iteration,job object,job ID,job Length,job ressource requirement,job enter time,job start time,job finish time,job waiting time,current time
1,<environment.Job instance at 0x148939ea1c30>,13,27,[1 8],14,60,87,46,60
1,<environment.Job instance at 0x148939ea30f0>,18,3,[1 6],19,87,90,68,61
1,<environment.Job instance at 0x148939ea3500>,23,3,[7 2],24,94,97,70,94
1,<environment.Job instance at 0x148939ea3af0>,31,23,[5 1],32,154,177,122,154
1,<environment.Job instance at 0x148939ea3eb0>,34,20,[5 1],35,161,181,126,161
1,<environment.Job instance at 0x148939ea3c30>,33,2,[9 1],34,199,201,165,199
1,<environment.Job instance at 0x148939ea50f0>,40,19,[1 7],41,228,247,187,228
1,<environment.Job instance at 0x148939ea56e0>,48,1,[6 2],49,236,237,187,236
1,<environment.Job instance at 0x14893bd33d70>,33,21,[7 2],34,270,291,236,270
1,<environment.Job instance at 0x14893099b460>,10,2,[ 2 10],11,22,24,11,22
1,<environment.Job instance at 0x1489309909b0>,8,18,[6 2],9,28,46,19,28
1,<environment.Job instance at 0x1489308f6320>,12,3,[2 8],13,36,39,23,36
1,<environment.Job instance at 0x14893098b320>,17,20,[1 9],18,74,94,56,74
1,<environment.Job instance at 0x1489309b8640>,26,13,[9 1],27,120,133,93,120
1,<environment.Job instance at 0x1489309e36e0>,39,3,[1 7],40,298,301,258,298
1,<environment.Job instance at 0x1489308a9140>,1,19,[2 5],2,3,22,1,3
1,<environment.Job instance at 0x14893a2ede60>,5,1,[6 1],6,9,10,3,9
1,<environment.Job instance at 0x14893bfdfa00>,18,24,[10  2],19,66,90,47,66
1,<environment.Job instance at 0x14893bfdf550>,19,20,[2 8],20,93,113,73,93
1,<environment.Job instance at 0x14893a36da00>,30,14,[6 1],31,176,190,145,176
1,<environment.Job instance at 0x148939ea5b90>,39,14,[1 6],40,236,250,196,236
1,<environment.Job instance at 0x148930a424b0>,1,24,[2 5],2,2,26,0,2
1,<environment.Job instance at 0x14893bf3dc80>,15,20,[1 5],16,54,74,38,54
1,<environment.Job instance at 0x14893bf3d730>,16,20,[2 5],17,70,90,53,70
1,<environment.Job instance at 0x14893c530a00>,24,14,[10  1],25,112,126,87,112
1,<environment.Job instance at 0x14893c530690>,27,3,[2 5],28,126,129,98,122
1,<environment.Job instance at 0x14893c530d70>,29,18,[ 1 10],30,129,147,99,124
1,<environment.Job instance at 0x1489408085f0>,2,26,[ 1 10],3,6,32,3,6
1,<environment.Job instance at 0x148941287cd0>,9,12,[1 9],10,32,44,22,16
1,<environment.Job instance at 0x148941287d70>,10,21,[6 2],11,44,65,33,39
1,<environment.Job instance at 0x1489407c44b0>,19,22,[1 5],20,62,84,42,62
1,<environment.Job instance at 0x1489407c4910>,22,17,[2 5],23,88,105,65,88
1,<environment.Job instance at 0x1489411428c0>,28,21,[2 6],29,105,126,76,102
1,<environment.Job instance at 0x14893b897690>,2,12,[8 1],3,4,16,1,4
1,<environment.Job instance at 0x14894111c370>,15,15,[2 8],16,64,79,48,64
1,<environment.Job instance at 0x148930f7c6e0>,18,3,[1 8],19,90,93,71,90
1,<environment.Job instance at 0x148941113910>,41,14,[5 1],42,242,256,200,242
1,<environment.Job instance at 0x14894128e230>,13,3,[1 6],14,27,30,13,27
1,<environment.Job instance at 0x14893c46b3c0>,16,21,[10  1],17,43,64,26,43
1,<environment.Job instance at 0x14893c46b8c0>,17,17,[1 7],18,64,81,46,52
1,<environment.Job instance at 0x148940867aa0>,0,15,[2 8],1,8,23,7,8
1,<environment.Job instance at 0x14893c85d690>,3,25,[9 2],4,23,48,19,20
1,<environment.Job instance at 0x148930c92e10>,12,1,[2 5],13,55,56,42,55
1,<environment.Job instance at 0x148930c92410>,14,24,[2 8],15,82,106,67,82
1,<environment.Job instance at 0x148930c92910>,16,21,[2 7],17,108,129,91,108
1,<environment.Job instance at 0x148930c927d0>,19,24,[5 1],20,112,136,92,112
1,<environment.Job instance at 0x148930c92d70>,21,14,[2 7],22,129,143,107,121
1,<environment.Job instance at 0x1489407a3f00>,7,2,[9 2],8,11,13,3,11
1,<environment.Job instance at 0x14894279b0a0>,15,3,[8 1],16,52,55,36,52
1,<environment.Job instance at 0x14894279b780>,23,21,[5 1],24,107,128,83,107
1,<environment.Job instance at 0x14894082a190>,41,19,[2 7],42,289,308,247,289
1,<environment.Job instance at 0x14893a3c1c80>,43,17,[7 2],44,314,331,270,314
1,<environment.Job instance at 0x148930fe4370>,44,1,[2 7],45,314,315,269,314
1,<environment.Job instance at 0x14893a3f27d0>,45,2,[1 9],46,331,333,285,321
1,<environment.Job instance at 0x14893a3d00a0>,1,3,[2 6],2,8,11,6,8
1,<environment.Job instance at 0x14893c3fce10>,7,1,[1 5],8,11,12,3,8
1,<environment.Job instance at 0x14894118cbe0>,10,21,[6 2],11,27,48,16,27
1,<environment.Job instance at 0x14893c3fc9b0>,6,25,[2 8],7,44,69,37,44
1,<environment.Job instance at 0x14894118c7d0>,22,3,[8 2],23,112,115,89,112
1,<environment.Job instance at 0x14894118cb40>,19,3,[ 2 10],20,115,118,95,112
1,<environment.Job instance at 0x14894118c460>,24,28,[7 1],25,118,146,93,117
1,<environment.Job instance at 0x1489308917d0>,31,1,[9 2],32,160,161,128,160
1,<environment.Job instance at 0x148930891730>,33,15,[6 1],34,162,177,128,162
1,<environment.Job instance at 0x148930891a50>,43,14,[ 2 10],44,235,249,191,235
1,<environment.Job instance at 0x1489420b96e0>,4,26,[9 2],5,6,32,1,6
1,<environment.Job instance at 0x1489420b9aa0>,5,3,[8 1],6,32,35,26,7
1,<environment.Job instance at 0x14893bee0550>,1,20,[2 7],2,14,34,12,14
1,<environment.Job instance at 0x14894085f730>,12,1,[5 1],13,40,41,27,40
1,<environment.Job instance at 0x14894085fbe0>,13,28,[ 2 10],14,41,69,27,40
1,<environment.Job instance at 0x148930578320>,18,3,[1 5],19,69,72,50,61
1,<environment.Job instance at 0x14894085f7d0>,14,20,[10  2],15,72,92,57,65
1,<environment.Job instance at 0x14893a2ed550>,48,2,[2 5],49,368,370,319,368
1,<environment.Job instance at 0x14893a2e4370>,4,1,[2 5],5,9,10,4,9
1,<environment.Job instance at 0x14893c7f4280>,2,21,[10  1],3,20,41,17,20
1,<environment.Job instance at 0x14894088ceb0>,14,19,[8 2],15,41,60,26,31
1,<environment.Job instance at 0x1489408bbb90>,18,3,[ 2 10],19,69,72,50,69
1,<environment.Job instance at 0x14894088bf50>,35,18,[7 1],36,239,257,203,239
1,<environment.Job instance at 0x1489408b0370>,40,26,[8 1],41,282,308,241,282
1,<environment.Job instance at 0x1489408b0a50>,43,2,[2 9],44,287,289,243,287
1,<environment.Job instance at 0x1489408b0690>,46,22,[9 2],47,327,349,280,327
1,<environment.Job instance at 0x1489408b0870>,48,16,[10  1],49,349,365,300,341
1,<environment.Job instance at 0x14893ef38d20>,1,13,[1 8],2,2,15,0,2
1,<environment.Job instance at 0x14893a3cedc0>,14,22,[10  1],15,50,72,35,50
1,<environment.Job instance at 0x14893a3ce280>,19,28,[7 1],20,122,150,102,122
1,<environment.Job instance at 0x14893a3ce3c0>,18,19,[ 2 10],19,150,169,131,140
1,<environment.Job instance at 0x14893063f3c0>,21,1,[5 2],22,169,170,147,157
1,<environment.Job instance at 0x14893063f960>,25,27,[7 1],26,170,197,144,170
1,<environment.Job instance at 0x14893063f1e0>,28,16,[10  2],29,197,213,168,195
1,<environment.Job instance at 0x14893063f820>,29,23,[8 2],30,213,236,183,208
1,<environment.Job instance at 0x148930690370>,7,19,[9 1],8,8,27,0,8
1,<environment.Job instance at 0x148930690280>,8,15,[6 2],9,27,42,18,13
1,<environment.Job instance at 0x14893810e4b0>,10,15,[ 1 10],11,47,62,36,47
1,<environment.Job instance at 0x14893810eaa0>,13,20,[1 6],14,62,82,48,60
1,<environment.Job instance at 0x14893810e7d0>,22,14,[9 2],23,153,167,130,153
1,<environment.Job instance at 0x14893810e8c0>,26,19,[2 8],27,167,186,140,160
1,<environment.Job instance at 0x1489427e22d0>,28,3,[5 2],29,183,186,154,183
1,<environment.Job instance at 0x14893c874460>,34,2,[10  2],35,205,207,170,205
1,<environment.Job instance at 0x14893c8748c0>,33,12,[2 8],34,208,220,174,208
1,<environment.Job instance at 0x14893c8744b0>,37,2,[1 8],38,220,222,182,212
1,<environment.Job instance at 0x148930c37960>,45,2,[8 1],46,293,295,247,293
1,<environment.Job instance at 0x148930c37820>,46,1,[2 9],47,326,327,279,326
1,<environment.Job instance at 0x1489381533c0>,8,13,[1 7],9,16,29,7,16
1,<environment.Job instance at 0x148938153870>,11,18,[10  2],12,29,47,17,28
1,<environment.Job instance at 0x1489381539b0>,12,20,[7 2],13,52,72,39,52
1,<environment.Job instance at 0x14893c81f0a0>,4,28,[2 7],5,6,34,1,6
1,<environment.Job instance at 0x148941140e10>,9,12,[1 7],10,34,46,24,26
1,<environment.Job instance at 0x148941140a00>,10,16,[1 6],11,46,62,35,33
1,<environment.Job instance at 0x1489411e9050>,27,28,[ 1 10],28,141,169,113,141
1,<environment.Job instance at 0x1489411e9a50>,32,3,[ 1 10],33,220,223,187,220
1,<environment.Job instance at 0x14893c5380a0>,39,2,[1 9],40,281,283,241,281
1,<environment.Job instance at 0x14893c5386e0>,43,3,[1 6],44,350,353,306,350
1,<environment.Job instance at 0x1489380a35f0>,2,18,[1 8],3,7,25,4,7
1,<environment.Job instance at 0x148930df2500>,24,12,[1 8],25,193,205,168,193
1,<environment.Job instance at 0x148930b41f00>,32,13,[10  1],33,219,232,186,219
1,<environment.Job instance at 0x148930b41e60>,35,14,[2 9],36,248,262,212,248
1,<environment.Job instance at 0x14893a336500>,45,1,[9 1],46,376,377,330,376
1,<environment.Job instance at 0x14893a336e60>,48,1,[ 2 10],49,402,403,353,402
1,<environment.Job instance at 0x14893bd19730>,2,22,[5 1],3,11,33,8,11
1,<environment.Job instance at 0x14893c4b0d20>,9,24,[1 8],10,17,41,7,17
1,<environment.Job instance at 0x14893066e690>,12,13,[7 2],13,33,46,20,25
1,<environment.Job instance at 0x14893c4b0e10>,13,14,[10  2],14,46,60,32,31
1,<environment.Job instance at 0x14893066e4b0>,18,2,[1 5],19,60,62,41,59
1,<environment.Job instance at 0x148930887050>,21,26,[8 1],22,77,103,55,77
1,<environment.Job instance at 0x148930887e60>,34,1,[8 2],35,186,187,151,186
1,<environment.Job instance at 0x14c5026ea5a0>,3,2,[1 7],4,8,10,4,8
1,<environment.Job instance at 0x14c4f937aa50>,8,2,[2 5],9,11,13,2,11
1,<environment.Job instance at 0x14c4f937ac30>,11,14,[10  2],12,13,27,1,12
1,<environment.Job instance at 0x14c4f937c280>,18,3,[1 6],19,81,84,62,81
1,<environment.Job instance at 0x14c4f937c550>,23,3,[7 2],24,112,115,88,112
1,<environment.Job instance at 0x14c4f937caa0>,33,2,[9 1],34,183,185,149,183
1,<environment.Job instance at 0x14c4f937f320>,44,13,[ 2 10],45,255,268,210,255
1,<environment.Job instance at 0x14c4f937f5a0>,46,21,[2 6],47,269,290,222,269
1,<environment.Job instance at 0x14c4f937f6e0>,48,1,[6 2],49,303,304,254,303
1,<environment.Job instance at 0x14c4d3e20410>,6,13,[9 1],7,8,21,1,8
1,<environment.Job instance at 0x14c4f935fbe0>,9,14,[1 6],10,51,65,41,51
1,<environment.Job instance at 0x14c4fbd26730>,44,14,[10  1],45,342,356,297,342
1,<environment.Job instance at 0x14c4f97e12d0>,52,15,[1 9],53,377,392,324,377
1,<environment.Job instance at 0x14c4f97e1460>,55,15,[6 1],56,401,416,345,401
1,<environment.Job instance at 0x14c4f97e1410>,54,2,[1 6],55,411,413,356,411
1,<environment.Job instance at 0x14c4fb2d7960>,1,3,[1 7],2,7,10,5,7
1,<environment.Job instance at 0x14c4fb2d7e10>,8,20,[7 1],9,10,30,1,10
1,<environment.Job instance at 0x14c4fb2d7e60>,7,20,[5 2],8,30,50,22,27
1,<environment.Job instance at 0x14c502038d20>,15,16,[10  1],16,50,66,34,44
1,<environment.Job instance at 0x14c502038f50>,16,16,[7 2],17,66,82,49,54
1,<environment.Job instance at 0x14c4fb3975f0>,18,26,[6 2],19,85,111,66,85
1,<environment.Job instance at 0x14c4fb397af0>,25,19,[10  2],26,111,130,85,105
1,<environment.Job instance at 0x14c4fb3977d0>,32,17,[2 5],33,130,147,97,121
1,<environment.Job instance at 0x14c4fb2a8640>,41,24,[10  1],42,224,248,182,224
1,<environment.Job instance at 0x14c4fb2a80a0>,49,1,[2 8],50,248,249,198,241
1,<environment.Job instance at 0x14c4fba86b40>,55,20,[2 9],56,275,295,219,275
1,<environment.Job instance at 0x14c4ffd3ebe0>,2,12,[8 1],3,28,40,25,28
1,<environment.Job instance at 0x14c5006de870>,12,23,[8 2],13,40,63,27,40
1,<environment.Job instance at 0x14c5006de5a0>,11,25,[2 7],12,51,76,39,51
1,<environment.Job instance at 0x14c4ffd49e10>,19,14,[1 9],20,83,97,63,83
1,<environment.Job instance at 0x14c4ffd499b0>,24,22,[7 2],25,97,119,72,93
1,<environment.Job instance at 0x14c500744a00>,39,21,[1 7],40,173,194,133,173
1,<environment.Job instance at 0x14c5005fc640>,50,28,[1 6],51,225,253,174,225
1,<environment.Job instance at 0x14c5005fce60>,53,12,[2 5],54,254,266,200,254
1,<environment.Job instance at 0x14c4ffd1d910>,5,15,[5 2],6,8,23,2,8
1,<environment.Job instance at 0x14c4fb9590a0>,21,21,[2 6],22,153,174,131,153
1,<environment.Job instance at 0x14c4fb959230>,22,12,[2 8],23,174,186,151,157
1,<environment.Job instance at 0x14c4fb9592d0>,23,12,[10  1],24,186,198,162,171
1,<environment.Job instance at 0x14c4fb959e60>,39,26,[7 2],40,345,371,305,345
1,<environment.Job instance at 0x14c4fb959dc0>,40,15,[2 8],41,365,380,324,365
1,<environment.Job instance at 0x14c4ffca72d0>,49,23,[9 1],50,480,503,430,480
1,<environment.Job instance at 0x14c4ffca79b0>,56,21,[2 7],57,539,560,482,539
1,<environment.Job instance at 0x14c4fe602f00>,1,14,[2 7],2,4,18,2,4
1,<environment.Job instance at 0x14c5005f79b0>,6,22,[1 7],7,19,41,12,19
1,<environment.Job instance at 0x14c5005f7730>,9,23,[1 6],10,41,64,31,37
1,<environment.Job instance at 0x14c500665140>,15,18,[2 8],16,88,106,72,88
1,<environment.Job instance at 0x14c500664c30>,39,1,[8 1],40,321,322,281,321
1,<environment.Job instance at 0x14c5003b5960>,0,19,[2 7],1,2,21,1,2
1,<environment.Job instance at 0x14c4fb471b90>,10,19,[9 2],11,21,40,10,18
1,<environment.Job instance at 0x14c4f01050a0>,27,1,[1 5],28,130,131,102,130
1,<environment.Job instance at 0x14c4fb4813c0>,53,15,[6 1],54,344,359,290,344
1,<environment.Job instance at 0x14c4fb481140>,56,2,[7 1],57,359,361,302,351
1,<environment.Job instance at 0x14c4f98c3230>,3,14,[ 2 10],4,7,21,3,7
1,<environment.Job instance at 0x14c4fb9336e0>,21,3,[2 6],22,96,99,74,96
1,<environment.Job instance at 0x14c4fb39b410>,22,3,[10  2],23,99,102,76,96
1,<environment.Job instance at 0x14c4fb939f50>,40,24,[5 2],41,223,247,182,223
1,<environment.Job instance at 0x14c4fb9178c0>,41,16,[1 7],42,234,250,192,234
1,<environment.Job instance at 0x14c4fb3bfe60>,3,28,[2 7],4,4,32,0,4
1,<environment.Job instance at 0x14c4d3edbdc0>,5,1,[1 7],6,32,33,26,10
1,<environment.Job instance at 0x14c4d3edb640>,7,24,[10  2],8,41,65,33,41
1,<environment.Job instance at 0x14c4d3edb190>,16,24,[5 1],17,75,99,58,75
1,<environment.Job instance at 0x14c4fba88550>,34,1,[5 1],35,200,201,165,200
1,<environment.Job instance at 0x14c4fba883c0>,36,17,[1 6],37,211,228,174,211
1,<environment.Job instance at 0x14c4fba88a00>,40,23,[5 1],41,236,259,195,236
1,<environment.Job instance at 0x14c4d3b211e0>,46,16,[5 1],47,285,301,238,285
1,<environment.Job instance at 0x14c4d3b21e60>,48,2,[2 5],49,293,295,244,293
1,<environment.Job instance at 0x14c4d3b21730>,49,13,[8 2],50,301,314,251,293
1,<environment.Job instance at 0x14c4fb3fcb90>,8,3,[ 2 10],9,14,17,5,14
1,<environment.Job instance at 0x14c4fb3fcfa0>,10,3,[2 8],11,22,25,11,22
1,<environment.Job instance at 0x14c4f8207780>,7,23,[9 2],8,27,50,19,27
1,<environment.Job instance at 0x14c4d3fe7e10>,21,18,[8 2],22,105,123,83,105
1,<environment.Job instance at 0x14c4d3fe70f0>,25,18,[7 1],26,126,144,100,126
1,<environment.Job instance at 0x14c4f8256b90>,41,13,[1 8],42,255,268,213,255
1,<environment.Job instance at 0x14c4ffd78870>,38,16,[10  1],39,268,284,229,257
1,<environment.Job instance at 0x14c501bf0640>,45,14,[1 8],46,299,313,253,299
1,<environment.Job instance at 0x14c501bf0c80>,46,17,[9 1],47,334,351,287,334
1,<environment.Job instance at 0x14c4f80bf370>,56,3,[ 1 10],57,435,438,378,435
1,<environment.Job instance at 0x14c502024b90>,1,1,[5 2],2,3,4,1,3
1,<environment.Job instance at 0x14c4f80be4b0>,3,22,[8 2],4,4,26,0,4
1,<environment.Job instance at 0x14c4f80bee10>,4,14,[7 1],5,26,40,21,13
1,<environment.Job instance at 0x14c4fb2eb780>,11,2,[2 7],12,20,22,8,20
1,<environment.Job instance at 0x14c4fbd49690>,26,27,[8 2],27,236,263,209,236
1,<environment.Job instance at 0x14c4fba68870>,38,15,[6 2],39,333,348,294,333
1,<environment.Job instance at 0x14c50069ebe0>,45,25,[1 8],46,406,431,360,406
1,<environment.Job instance at 0x14c4fe623870>,55,22,[ 2 10],56,491,513,435,491
1,<environment.Job instance at 0x14c4fe623c30>,58,3,[5 2],59,513,516,454,498
1,<environment.Job instance at 0x14c4d3fe0be0>,0,18,[9 2],1,7,25,6,7
1,<environment.Job instance at 0x14c4f008a4b0>,7,2,[1 8],8,10,12,2,10
1,<environment.Job instance at 0x14c4f00836e0>,21,3,[6 1],22,112,115,90,112
1,<environment.Job instance at 0x14c4f007f640>,23,2,[1 9],24,136,138,112,136
1,<environment.Job instance at 0x14c4f007fa00>,28,13,[1 7],29,190,203,161,190
1,<environment.Job instance at 0x14c4f007f280>,30,23,[2 5],31,203,226,172,197
1,<environment.Job instance at 0x14c4f007ff00>,32,20,[7 2],33,200,220,167,200
1,<environment.Job instance at 0x14c4f007fc80>,33,17,[9 1],34,226,243,192,219
1,<environment.Job instance at 0x14c4f0086910>,39,13,[5 1],40,266,279,226,266
1,<environment.Job instance at 0x14c4f00867d0>,40,24,[5 2],41,266,290,225,266
1,<environment.Job instance at 0x14c4f00775a0>,49,1,[2 9],50,336,337,286,336
1,<environment.Job instance at 0x14c4f0077e60>,51,1,[5 1],52,336,337,284,336
1,<environment.Job instance at 0x14c4f00a0280>,55,3,[7 1],56,343,346,287,343
1,<environment.Job instance at 0x14c4f00a0190>,56,25,[2 5],57,351,376,294,351
1,<environment.Job instance at 0x14c4f98b8320>,3,2,[1 7],4,5,7,1,5
1,<environment.Job instance at 0x14c4f98b8370>,1,1,[8 1],2,7,8,5,7
1,<environment.Job instance at 0x14c4f02de0f0>,15,23,[1 7],16,76,99,60,76
1,<environment.Job instance at 0x14c4fb48a0a0>,17,25,[1 9],18,99,124,81,97
1,<environment.Job instance at 0x14c5026313c0>,34,23,[1 8],35,239,262,204,239
1,<environment.Job instance at 0x14c4fb9271e0>,42,3,[ 1 10],43,327,330,284,327
1,<environment.Job instance at 0x14c4d3e34e10>,49,2,[1 9],50,396,398,346,396
1,<environment.Job instance at 0x14c5006a3c80>,15,2,[7 2],16,69,71,53,69
1,<environment.Job instance at 0x14c4f9882e60>,19,22,[2 5],20,105,127,85,105
1,<environment.Job instance at 0x14c4f9882190>,21,17,[1 8],22,127,144,105,118
1,<environment.Job instance at 0x14c500690190>,32,13,[10  1],33,212,225,179,212
1,<environment.Job instance at 0x14c500690e10>,41,2,[8 2],42,305,307,263,305
1,<environment.Job instance at 0x14c4fb8f1640>,2,13,[7 2],3,5,18,2,5
1,<environment.Job instance at 0x14c4f030f0a0>,3,14,[10  2],4,18,32,14,16
1,<environment.Job instance at 0x14c4f030f2d0>,6,26,[1 7],7,38,64,31,38
1,<environment.Job instance at 0x14c4fba90e10>,18,3,[5 2],19,48,51,29,48
1,<environment.Job instance at 0x14c4d3e728c0>,24,1,[8 2],25,101,102,76,101
1,<environment.Job instance at 0x14c4f986d6e0>,42,19,[7 1],43,245,264,202,245
1,<environment.Job instance at 0x14c4f986db40>,48,23,[7 2],49,284,307,235,284
1,<environment.Job instance at 0x14c4ffd0f9b0>,19,2,[ 2 10],20,118,120,98,118
1,<environment.Job instance at 0x14c4f98036e0>,37,2,[1 8],38,306,308,268,306
1,<environment.Job instance at 0x14c4f9803640>,38,16,[2 8],39,308,324,269,306
1,<environment.Job instance at 0x14c4f80d1280>,7,20,[7 1],8,21,41,13,21
1,<environment.Job instance at 0x14c4f80d1d70>,9,18,[1 9],10,25,43,15,25
1,<environment.Job instance at 0x14c4f80d11e0>,6,25,[9 2],7,45,70,38,45
1,<environment.Job instance at 0x14c500633eb0>,18,1,[2 9],19,99,100,80,99
1,<environment.Job instance at 0x14c5006332d0>,21,27,[6 1],22,104,131,82,104
1,<environment.Job instance at 0x14c500633d20>,22,2,[1 6],23,112,114,89,112
1,<environment.Job instance at 0x14c4fba93910>,30,13,[2 6],31,174,187,143,174
1,<environment.Job instance at 0x14c4fba93f00>,31,23,[5 1],32,181,204,149,181
1,<environment.Job instance at 0x14c501bf0a00>,51,25,[9 1],52,389,414,337,389
1,<environment.Job instance at 0x14c501bf05a0>,52,19,[2 9],53,414,433,361,408
1,<environment.Job instance at 0x14c4d3dc2190>,9,18,[2 7],10,58,76,48,58
1,<environment.Job instance at 0x14c4d3dd2190>,32,16,[1 6],33,217,233,184,217
1,<environment.Job instance at 0x14c4d3dd2550>,38,19,[10  1],39,260,279,221,260
1,<environment.Job instance at 0x14c4d3dd2690>,41,13,[5 1],42,279,292,237,272
1,<environment.Job instance at 0x14c4d3dd2b40>,47,3,[1 5],48,324,327,276,324
1,<environment.Job instance at 0x14789f7a8780>,3,2,[1 7],4,6,8,2,6
1,<environment.Job instance at 0x14789f7aa1e0>,18,3,[1 6],19,63,66,44,63
1,<environment.Job instance at 0x14789f7a8dc0>,13,27,[1 8],14,67,94,53,67
1,<environment.Job instance at 0x14789f7aaa00>,29,20,[1 5],30,163,183,133,163
1,<environment.Job instance at 0x14789f7aac80>,33,2,[9 1],34,178,180,144,178
1,<environment.Job instance at 0x14789f7ad140>,39,2,[5 2],40,225,227,185,225
1,<environment.Job instance at 0x14789f7ad1e0>,40,19,[1 7],41,225,244,184,225
1,<environment.Job instance at 0x14789f7ad050>,44,13,[ 2 10],45,274,287,229,274
1,<environment.Job instance at 0x14789f7ad5a0>,46,21,[2 6],47,287,308,240,284
1,<environment.Job instance at 0x14789f7adaa0>,54,22,[9 1],55,338,360,283,338
1,<environment.Job instance at 0x14789f7b0320>,5,15,[2 6],6,16,31,10,16
1,<environment.Job instance at 0x1478a16fb460>,8,3,[ 2 10],9,31,34,22,20
1,<environment.Job instance at 0x1478a16fb320>,10,2,[1 5],11,34,36,23,28
1,<environment.Job instance at 0x1478a1820f50>,14,14,[7 1],15,53,67,38,53
1,<environment.Job instance at 0x1478a17155a0>,54,12,[10  2],55,461,473,406,461
1,<environment.Job instance at 0x1478a1715690>,56,13,[9 1],57,473,486,416,470
1,<environment.Job instance at 0x14786e29f6e0>,20,20,[6 1],21,125,145,104,125
1,<environment.Job instance at 0x14786e2ef5a0>,22,1,[6 2],23,145,146,122,136
1,<environment.Job instance at 0x14786e278140>,23,25,[1 8],24,140,165,116,140
1,<environment.Job instance at 0x14786e2bc820>,25,15,[8 1],26,148,163,122,148
1,<environment.Job instance at 0x1478a1819eb0>,8,19,[1 6],9,21,40,12,21
1,<environment.Job instance at 0x1478a1819fa0>,16,24,[ 2 10],17,68,92,51,68
1,<environment.Job instance at 0x1478a1819500>,13,20,[1 6],14,101,121,87,101
1,<environment.Job instance at 0x1478a1819f00>,22,15,[1 9],23,121,136,98,107
1,<environment.Job instance at 0x1478a1706b40>,24,2,[1 6],25,136,138,111,121
1,<environment.Job instance at 0x1478a1706320>,25,15,[6 1],26,132,147,106,132
1,<environment.Job instance at 0x1478a1706a50>,37,20,[5 2],38,192,212,154,192
1,<environment.Job instance at 0x14786e703eb0>,45,16,[10  1],46,298,314,252,298
1,<environment.Job instance at 0x14786e703500>,51,17,[2 6],52,314,331,262,311
1,<environment.Job instance at 0x1478a80a0190>,19,3,[2 9],20,101,104,81,101
1,<environment.Job instance at 0x1478a4a50370>,38,3,[1 8],39,233,236,194,233
1,<environment.Job instance at 0x1478a4a50910>,41,15,[7 1],42,251,266,209,251
1,<environment.Job instance at 0x1478a4a50cd0>,42,16,[2 8],43,251,267,208,251
1,<environment.Job instance at 0x1478a61aa3c0>,2,18,[2 8],3,3,21,0,3
1,<environment.Job instance at 0x1478a61aabe0>,9,3,[2 9],10,21,24,11,14
1,<environment.Job instance at 0x1478a61aaeb0>,13,3,[1 6],14,49,52,35,49
1,<environment.Job instance at 0x1478a6b74140>,15,15,[5 2],16,64,79,48,64
1,<environment.Job instance at 0x1478a6b74910>,23,21,[9 2],24,128,149,104,128
1,<environment.Job instance at 0x1478a6174730>,31,21,[2 6],32,168,189,136,168
1,<environment.Job instance at 0x1478a6174a50>,32,12,[2 8],33,189,201,156,172
1,<environment.Job instance at 0x1478a6174500>,33,12,[10  1],34,201,213,167,185
1,<environment.Job instance at 0x1478a15d59b0>,52,14,[1 6],53,365,379,312,365
1,<environment.Job instance at 0x1478a1d1b050>,65,27,[9 1],66,481,508,415,481
1,<environment.Job instance at 0x14786e563910>,11,26,[7 1],12,44,70,32,44
1,<environment.Job instance at 0x1478a1d4f280>,37,2,[9 2],38,262,264,224,262
1,<environment.Job instance at 0x1478a1d4f460>,39,1,[8 1],40,277,278,237,277
1,<environment.Job instance at 0x1478a1d4f140>,35,21,[9 1],36,278,299,242,278
1,<environment.Job instance at 0x1478a1d4fbe0>,46,1,[1 6],47,323,324,276,323
1,<environment.Job instance at 0x1478a1d4fdc0>,50,14,[ 2 10],51,326,340,275,326
1,<environment.Job instance at 0x14786e9e20f0>,3,17,[7 2],4,6,23,2,6
1,<environment.Job instance at 0x1478a2bcfa50>,6,16,[2 5],7,7,23,0,7
1,<environment.Job instance at 0x1478a80af910>,20,21,[6 2],21,52,73,31,52
1,<environment.Job instance at 0x1478a80af4b0>,21,19,[2 5],22,56,75,34,56
1,<environment.Job instance at 0x1478a2bcfb90>,12,28,[2 5],13,85,113,72,85
1,<environment.Job instance at 0x1478a61650f0>,42,3,[ 1 10],43,271,274,228,271
1,<environment.Job instance at 0x1478a16d4aa0>,12,1,[5 2],13,36,37,23,36
1,<environment.Job instance at 0x1478a1175e10>,19,13,[2 9],20,95,108,75,95
1,<environment.Job instance at 0x1478a11752d0>,22,21,[1 6],23,129,150,106,129
1,<environment.Job instance at 0x1478a1175820>,26,19,[7 1],27,154,173,127,154
1,<environment.Job instance at 0x1478a1175cd0>,27,14,[1 5],28,156,170,128,156
1,<environment.Job instance at 0x1478a6153f00>,48,24,[8 1],49,327,351,278,327
1,<environment.Job instance at 0x14786e5fee10>,57,19,[1 7],58,399,418,341,399
1,<environment.Job instance at 0x14786e5fef00>,58,3,[1 5],59,418,421,359,402
1,<environment.Job instance at 0x14786e99f820>,6,17,[1 6],7,8,25,1,8
1,<environment.Job instance at 0x14786e99fd20>,7,24,[6 1],8,58,82,50,58
1,<environment.Job instance at 0x1478a163b320>,16,16,[5 1],17,94,110,77,94
1,<environment.Job instance at 0x1478a6a2a410>,32,14,[2 7],33,180,194,147,180
1,<environment.Job instance at 0x1478a6a2a870>,34,19,[8 2],35,196,215,161,196
1,<environment.Job instance at 0x14786e2d74b0>,44,2,[ 1 10],45,292,294,247,292
1,<environment.Job instance at 0x14786e2d7e10>,45,22,[9 1],46,303,325,257,303
1,<environment.Job instance at 0x14786e6ba0a0>,50,18,[8 1],51,398,416,347,398
1,<environment.Job instance at 0x14786debdb90>,62,14,[6 1],63,485,499,422,485
1,<environment.Job instance at 0x1478a6b70c80>,67,26,[6 2],68,513,539,445,513
1,<environment.Job instance at 0x14786e98c960>,1,13,[1 8],2,4,17,2,4
1,<environment.Job instance at 0x1478a1db3230>,0,2,[7 1],1,8,10,7,8
1,<environment.Job instance at 0x14786e4263c0>,6,17,[9 1],7,38,55,31,38
1,<environment.Job instance at 0x14786e426b40>,16,3,[ 1 10],17,135,138,118,135
1,<environment.Job instance at 0x1478a79bed20>,24,14,[7 1],25,176,190,151,176
1,<environment.Job instance at 0x1478a79be460>,27,27,[7 1],28,229,256,201,229
1,<environment.Job instance at 0x14786e76a500>,2,14,[9 2],3,4,18,1,4
1,<environment.Job instance at 0x14786e76a4b0>,1,3,[1 5],2,7,10,5,7
1,<environment.Job instance at 0x14786e76a370>,3,14,[1 6],4,11,25,7,11
1,<environment.Job instance at 0x14786e76aaf0>,14,2,[10  2],15,50,52,35,50
1,<environment.Job instance at 0x14786e76a6e0>,15,21,[2 7],16,58,79,42,58
1,<environment.Job instance at 0x1478a1819b40>,17,2,[1 8],18,79,81,61,59
1,<environment.Job instance at 0x1478a11990f0>,20,24,[8 2],21,71,95,50,71
1,<environment.Job instance at 0x14786e2740f0>,25,2,[8 1],26,104,106,78,104
1,<environment.Job instance at 0x14786e9b38c0>,31,3,[6 1],32,136,139,104,136
1,<environment.Job instance at 0x14786e7ed6e0>,41,18,[10  2],42,271,289,229,271
1,<environment.Job instance at 0x14786dead5f0>,49,13,[5 1],50,289,302,239,273
1,<environment.Job instance at 0x14786ea24b90>,61,1,[5 1],62,388,389,326,388
1,<environment.Job instance at 0x14786ea24e10>,65,3,[7 1],66,389,392,323,389
1,<environment.Job instance at 0x1478a2172820>,68,15,[2 6],69,390,405,321,390
1,<environment.Job instance at 0x14786ea24c30>,67,1,[1 5],68,405,406,337,390
1,<environment.Job instance at 0x14786e2c7a00>,2,3,[1 5],3,4,7,1,4
1,<environment.Job instance at 0x14786e3d16e0>,14,28,[2 7],15,35,63,20,35
1,<environment.Job instance at 0x14786e3d1730>,16,25,[2 5],17,74,99,57,74
1,<environment.Job instance at 0x14786e3c9190>,30,21,[8 2],31,143,164,112,143
1,<environment.Job instance at 0x14786e3c9370>,34,23,[1 8],35,167,190,132,167
1,<environment.Job instance at 0x14786e3c90a0>,35,20,[1 9],36,190,210,154,183
1,<environment.Job instance at 0x14786e3c9960>,42,3,[ 1 10],43,247,250,204,247
1,<environment.Job instance at 0x14786e3c43c0>,53,3,[1 6],54,355,358,301,355
1,<environment.Job instance at 0x14786e9e08c0>,0,18,[6 2],1,1,19,0,1
1,<environment.Job instance at 0x14786eb920a0>,25,14,[2 9],26,164,178,138,164
1,<environment.Job instance at 0x14786eb92460>,35,1,[9 1],36,254,255,218,254
1,<environment.Job instance at 0x14786eb92960>,31,2,[8 2],32,271,273,239,271
1,<environment.Job instance at 0x14786eb92a50>,39,17,[6 1],40,274,291,234,274
1,<environment.Job instance at 0x14786eb92910>,41,27,[1 7],42,279,306,237,279
1,<environment.Job instance at 0x14786eb92d20>,40,27,[6 1],41,292,319,251,292
1,<environment.Job instance at 0x1478a1740820>,50,20,[1 8],51,345,365,294,345
1,<environment.Job instance at 0x1478a1740f00>,52,13,[7 2],53,349,362,296,349
1,<environment.Job instance at 0x1478a1740410>,53,14,[10  2],54,365,379,311,350
1,<environment.Job instance at 0x1478a17404b0>,57,22,[5 1],58,382,404,324,382
1,<environment.Job instance at 0x14786e7a4b40>,4,1,[8 2],5,5,6,0,5
1,<environment.Job instance at 0x14786e407b90>,7,18,[ 1 10],8,24,42,16,24
1,<environment.Job instance at 0x14786e407fa0>,9,28,[2 7],10,43,71,33,43
1,<environment.Job instance at 0x14786e4078c0>,15,1,[9 1],16,71,72,55,56
1,<environment.Job instance at 0x14786e407d20>,16,24,[5 2],17,90,114,73,90
1,<environment.Job instance at 0x14786e407cd0>,17,2,[ 2 10],18,114,116,96,104
1,<environment.Job instance at 0x1478a806e960>,25,17,[10  1],26,116,133,90,108
1,<environment.Job instance at 0x1478a806e050>,24,18,[1 6],25,133,151,108,131
1,<environment.Job instance at 0x1478a806ebe0>,35,2,[1 5],36,205,207,169,205
1,<environment.Job instance at 0x1478a806e910>,38,3,[1 8],39,226,229,187,226
1,<environment.Job instance at 0x14786e4eadc0>,41,2,[5 1],42,233,235,191,233
1,<environment.Job instance at 0x1478a616b280>,43,1,[1 7],44,239,240,195,239
1,<environment.Job instance at 0x1478a616b0a0>,45,21,[8 2],46,250,271,204,250
1,<environment.Job instance at 0x1478a616b190>,46,2,[8 2],47,271,273,224,255
1,<environment.Job instance at 0x1478a1660320>,0,18,[8 2],1,10,28,9,10
1,<environment.Job instance at 0x14786ea0da50>,7,2,[1 8],8,12,14,4,12
1,<environment.Job instance at 0x14786ea0d5a0>,8,16,[2 8],9,14,30,5,12
1,<environment.Job instance at 0x14786ea0d910>,19,12,[2 6],20,144,156,124,144
1,<environment.Job instance at 0x14786ea0dcd0>,22,3,[1 6],23,158,161,135,158
1,<environment.Job instance at 0x14786e2d36e0>,27,13,[2 8],28,172,185,144,172
1,<environment.Job instance at 0x1478a80d6c30>,40,18,[ 2 10],41,285,303,244,285
1,<environment.Job instance at 0x1478a80d64b0>,47,12,[1 5],48,390,402,342,390
1,<environment.Job instance at 0x14789fcdb780>,57,22,[2 5],58,449,471,391,449
1,<environment.Job instance at 0x14789fcdb550>,2,21,[8 1],3,37,58,34,37
1,<environment.Job instance at 0x1478a18e3550>,11,25,[9 1],12,58,83,46,55
1,<environment.Job instance at 0x14789fc5c190>,16,13,[1 5],17,99,112,82,99
1,<environment.Job instance at 0x14789fc5cc80>,21,2,[ 1 10],22,125,127,103,125
1,<environment.Job instance at 0x14789fc5ca00>,25,24,[1 7],26,154,178,128,154
1,<environment.Job instance at 0x14786dd78370>,29,18,[2 7],30,190,208,160,190
1,<environment.Job instance at 0x14786dd783c0>,30,1,[2 9],31,208,209,177,202
1,<environment.Job instance at 0x14786dd78aa0>,40,2,[2 7],41,218,220,177,218
1,<environment.Job instance at 0x14786ddab370>,52,16,[1 6],53,350,366,297,350
1,<environment.Job instance at 0x14786ddab8c0>,61,13,[5 1],62,477,490,415,477
1,<environment.Job instance at 0x14786e0ba230>,9,25,[1 6],10,57,82,47,57
1,<environment.Job instance at 0x1478a1d172d0>,15,12,[1 5],16,82,94,66,81
1,<environment.Job instance at 0x1478a0143cd0>,22,20,[6 1],23,119,139,96,119
1,<environment.Job instance at 0x1478a0143fa0>,23,17,[5 1],24,139,156,115,129
1,<environment.Job instance at 0x14789fbee230>,34,1,[9 2],35,177,178,142,177
1,<environment.Job instance at 0x14786e1400a0>,53,16,[1 8],54,392,408,338,392
1,<environment.Job instance at 0x14786e1403c0>,58,14,[9 2],59,422,436,363,422
1,<environment.Job instance at 0x14786e140320>,68,3,[2 7],69,545,548,476,545
1,<environment.Job instance at 0x14786e9cc0f0>,7,2,[2 5],8,23,25,15,23
1,<environment.Job instance at 0x1478a60fed70>,23,27,[8 1],24,164,191,140,164
1,<environment.Job instance at 0x1478a60fef00>,25,20,[8 1],26,191,211,165,186
1,<environment.Job instance at 0x1478a60fe8c0>,26,15,[7 2],27,211,226,184,197
1,<environment.Job instance at 0x1478a60fe9b0>,31,2,[ 1 10],32,226,228,194,225
1,<environment.Job instance at 0x1478a60feb90>,34,27,[2 6],35,257,284,222,257
1,<environment.Job instance at 0x1478a6a40f00>,47,20,[1 9],48,401,421,353,401
1,<environment.Job instance at 0x1478a6a400f0>,50,21,[5 1],51,418,439,367,418
1,<environment.Job instance at 0x1478a6a40e60>,53,27,[6 1],54,444,471,390,444
1,<environment.Job instance at 0x1478a6a40140>,58,28,[2 5],59,492,520,433,492
1,<environment.Job instance at 0x1478a8469e10>,60,24,[10  2],61,520,544,459,518
1,<environment.Job instance at 0x14786ea6e0f0>,20,1,[1 8],21,213,214,192,213
1,<environment.Job instance at 0x14786e4da140>,32,3,[1 7],33,356,359,323,356
1,<environment.Job instance at 0x14786e94e550>,35,15,[9 2],36,356,371,320,356
1,<environment.Job instance at 0x1478a15f1a00>,41,3,[ 2 10],42,405,408,363,405
1,<environment.Job instance at 0x1478a8466fa0>,42,19,[2 5],43,410,429,367,410
1,<environment.Job instance at 0x1478a15f1870>,43,13,[9 1],44,429,442,385,416
1,<environment.Job instance at 0x14789fc20be0>,47,1,[1 9],48,448,449,400,448
1,<environment.Job instance at 0x14786eb0f0f0>,49,17,[ 1 10],50,452,469,402,452
1,<environment.Job instance at 0x1478a79bf280>,54,15,[5 1],55,509,524,454,509
1,<environment.Job instance at 0x14786e5c6780>,57,24,[5 2],58,552,576,494,552
1,<environment.Job instance at 0x14786e5c6280>,63,28,[6 2],64,638,666,574,638
1,<environment.Job instance at 0x153e0fa62aa0>,3,2,[1 7],4,8,10,4,8
1,<environment.Job instance at 0x153e066ef690>,12,22,[2 6],13,26,48,13,26
1,<environment.Job instance at 0x153e066ef730>,8,2,[2 5],9,48,50,39,46
1,<environment.Job instance at 0x153e066f20f0>,18,3,[1 6],19,67,70,48,67
1,<environment.Job instance at 0x153e066f21e0>,20,3,[7 1],21,78,81,57,78
1,<environment.Job instance at 0x153e066f2410>,23,3,[7 2],24,94,97,70,94
1,<environment.Job instance at 0x153e066f2780>,29,20,[1 5],30,173,193,143,173
1,<environment.Job instance at 0x153e066f0c80>,58,17,[2 7],59,334,351,275,334
1,<environment.Job instance at 0x153e086499b0>,2,3,[2 8],3,5,8,2,5
1,<environment.Job instance at 0x153e0869bb90>,1,2,[9 2],2,8,10,6,7
1,<environment.Job instance at 0x153e085be2d0>,14,3,[6 2],15,62,65,47,62
1,<environment.Job instance at 0x153e08d57cd0>,20,20,[10  2],21,103,123,82,103
1,<environment.Job instance at 0x153e08d574b0>,21,14,[6 1],22,123,137,101,111
1,<environment.Job instance at 0x153e08d57730>,26,2,[7 1],27,137,139,110,136
1,<environment.Job instance at 0x153e08dfd550>,5,15,[8 1],6,28,43,22,28
1,<environment.Job instance at 0x153ded1ffeb0>,20,14,[6 1],21,140,154,119,140
1,<environment.Job instance at 0x153ded207870>,55,20,[1 5],56,493,513,437,493
1,<environment.Job instance at 0x153ded2210a0>,57,2,[10  2],58,513,515,455,493
1,<environment.Job instance at 0x153ded21ca50>,74,2,[1 6],75,605,607,530,605
1,<environment.Job instance at 0x153ded0f9640>,0,24,[1 5],1,2,26,1,2
1,<environment.Job instance at 0x153e042fdcd0>,8,20,[7 1],9,47,67,38,47
1,<environment.Job instance at 0x153e042fd690>,18,26,[6 2],19,70,96,51,70
1,<environment.Job instance at 0x153e042f8f50>,19,12,[1 9],20,96,108,76,80
1,<environment.Job instance at 0x153e042f8a50>,20,21,[6 2],21,108,129,87,108
1,<environment.Job instance at 0x153e042f8c80>,32,17,[2 5],33,146,163,113,146
1,<environment.Job instance at 0x153e085be0f0>,59,3,[2 9],60,370,373,310,370
1,<environment.Job instance at 0x153e06b28690>,70,3,[7 2],71,428,431,357,428
1,<environment.Job instance at 0x153e06b280f0>,75,15,[2 8],76,460,475,384,460
1,<environment.Job instance at 0x153e088285a0>,78,3,[1 8],79,543,546,464,543
1,<environment.Job instance at 0x153e0da5f5a0>,4,22,[7 2],5,9,31,4,9
1,<environment.Job instance at 0x153e07072aa0>,29,20,[ 2 10],30,150,170,120,150
1,<environment.Job instance at 0x153e08d442d0>,53,21,[9 2],54,334,355,280,334
1,<environment.Job instance at 0x153e0d0de6e0>,63,12,[10  1],64,416,428,352,416
1,<environment.Job instance at 0x153e0d72be10>,0,15,[2 8],1,3,18,2,3
1,<environment.Job instance at 0x153e08581140>,12,1,[2 5],13,99,100,86,99
1,<environment.Job instance at 0x153e086f76e0>,21,14,[2 7],22,173,187,151,173
1,<environment.Job instance at 0x153e086fb190>,27,2,[ 2 10],28,222,224,194,222
1,<environment.Job instance at 0x153e086fbd70>,29,23,[1 6],30,232,255,202,232
1,<environment.Job instance at 0x153e086fb280>,31,26,[7 1],32,234,260,202,234
1,<environment.Job instance at 0x153e0ef78500>,48,1,[2 6],49,426,427,377,426
1,<environment.Job instance at 0x153e0ef78780>,49,14,[7 1],50,438,452,388,438
1,<environment.Job instance at 0x153e0ef780a0>,59,1,[8 1],60,512,513,452,512
1,<environment.Job instance at 0x153e08d6b5f0>,65,3,[8 1],66,555,558,489,555
1,<environment.Job instance at 0x153e08d6b4b0>,68,1,[2 8],69,562,563,493,562
1,<environment.Job instance at 0x153e08d6b780>,70,14,[ 2 10],71,584,598,513,584
1,<environment.Job instance at 0x153e0d971370>,2,13,[1 5],3,4,17,1,4
1,<environment.Job instance at 0x153e085b92d0>,14,1,[2 7],15,56,57,41,56
1,<environment.Job instance at 0x153e085b9690>,16,16,[2 5],17,63,79,46,63
1,<environment.Job instance at 0x153e0415f050>,27,1,[1 5],28,206,207,178,206
1,<environment.Job instance at 0x153e0415f3c0>,39,3,[ 2 10],40,256,259,216,256
1,<environment.Job instance at 0x153e06c12c30>,3,26,[2 6],4,10,36,6,10
1,<environment.Job instance at 0x153e0e905f00>,8,1,[1 5],9,36,37,27,15
1,<environment.Job instance at 0x153e04090410>,2,3,[10  2],3,37,40,34,21
1,<environment.Job instance at 0x153e0e9058c0>,12,1,[5 2],13,40,41,27,40
1,<environment.Job instance at 0x153e0e905af0>,10,1,[9 2],11,41,42,30,40
1,<environment.Job instance at 0x153ded2347d0>,15,21,[2 5],16,47,68,31,47
1,<environment.Job instance at 0x153ded234c30>,17,24,[5 2],18,65,89,47,65
1,<environment.Job instance at 0x153ded234140>,19,13,[2 9],20,89,102,69,77
1,<environment.Job instance at 0x153e08ca9f00>,27,14,[1 5],28,102,116,74,92
1,<environment.Job instance at 0x153ded388140>,37,15,[1 9],38,162,177,124,162
1,<environment.Job instance at 0x153e0902d5a0>,74,1,[5 1],75,478,479,403,478
1,<environment.Job instance at 0x153e086bf9b0>,9,13,[8 2],10,28,41,18,28
1,<environment.Job instance at 0x153e086bf6e0>,16,19,[5 2],17,109,128,92,109
1,<environment.Job instance at 0x153e086bfdc0>,17,18,[8 1],18,128,146,110,117
1,<environment.Job instance at 0x153e0e906c80>,22,14,[2 7],23,118,132,95,118
1,<environment.Job instance at 0x153e0e906140>,28,3,[ 2 10],29,209,212,180,209
1,<environment.Job instance at 0x153e0e906f50>,30,3,[2 8],31,214,217,183,214
1,<environment.Job instance at 0x153ded4e0a00>,47,28,[6 1],48,364,392,316,364
1,<environment.Job instance at 0x153ded4e0d70>,52,14,[6 1],53,406,420,353,406
1,<environment.Job instance at 0x153ded4e0f00>,53,2,[2 9],54,406,408,352,406
1,<environment.Job instance at 0x153e04044230>,56,22,[9 2],57,453,475,396,453
1,<environment.Job instance at 0x153e04044280>,57,26,[6 2],58,475,501,417,475
1,<environment.Job instance at 0x153e04044c80>,65,14,[1 8],66,510,524,444,510
1,<environment.Job instance at 0x153e04044910>,66,17,[9 1],67,511,528,444,511
1,<environment.Job instance at 0x153ded6e83c0>,2,26,[8 2],3,12,38,9,12
1,<environment.Job instance at 0x153e0d0210a0>,1,1,[5 2],2,38,39,36,13
1,<environment.Job instance at 0x153ded6e8a50>,8,16,[10  2],9,39,55,30,30
1,<environment.Job instance at 0x153e087293c0>,31,3,[6 1],32,281,284,249,281
1,<environment.Job instance at 0x153e090b3500>,40,15,[ 1 10],41,354,369,313,354
1,<environment.Job instance at 0x153e06be2190>,51,3,[1 5],52,492,495,440,492
1,<environment.Job instance at 0x153e06be2aa0>,58,3,[5 2],59,541,544,482,541
1,<environment.Job instance at 0x153e09049c80>,8,13,[1 7],9,49,62,40,49
1,<environment.Job instance at 0x153e09049d70>,12,20,[7 2],13,66,86,53,66
1,<environment.Job instance at 0x153e09049a50>,19,13,[5 1],20,89,102,69,89
1,<environment.Job instance at 0x153e09049f50>,20,24,[5 2],21,103,127,82,103
1,<environment.Job instance at 0x153e08d13c80>,22,27,[5 1],23,126,153,103,126
1,<environment.Job instance at 0x153e08d13d70>,25,12,[2 8],26,143,155,117,143
1,<environment.Job instance at 0x153e08d13280>,31,1,[5 1],32,206,207,174,206
1,<environment.Job instance at 0x153e08d13320>,35,3,[7 1],36,212,215,176,212
1,<environment.Job instance at 0x153e08d136e0>,37,1,[1 5],38,223,224,185,223
1,<environment.Job instance at 0x153e08d13c30>,38,15,[2 6],39,226,241,187,226
1,<environment.Job instance at 0x153e08d135f0>,41,1,[8 1],42,233,234,191,233
1,<environment.Job instance at 0x153e08d13230>,42,3,[1 5],43,241,244,198,233
1,<environment.Job instance at 0x153ded6798c0>,44,15,[6 1],45,241,256,196,241
1,<environment.Job instance at 0x153ded679c80>,43,2,[1 7],44,244,246,200,242
1,<environment.Job instance at 0x153ded679910>,51,3,[5 1],52,296,299,244,296
1,<environment.Job instance at 0x153ded679be0>,59,12,[1 7],60,383,395,323,383
1,<environment.Job instance at 0x153e08c4e7d0>,70,21,[8 2],71,447,468,376,447
1,<environment.Job instance at 0x153e0b971f00>,5,26,[10  2],6,11,37,5,11
1,<environment.Job instance at 0x153decdaee10>,9,2,[1 9],10,37,39,27,25
1,<environment.Job instance at 0x153decdae9b0>,11,25,[1 9],12,39,64,27,36
1,<environment.Job instance at 0x153e06be3500>,22,18,[1 8],23,124,142,101,124
1,<environment.Job instance at 0x153e040db0a0>,39,22,[2 5],40,325,347,285,325
1,<environment.Job instance at 0x153e08dae140>,44,12,[1 8],45,347,359,302,344
1,<environment.Job instance at 0x153e0d9c4a50>,48,25,[2 6],49,387,412,338,387
1,<environment.Job instance at 0x153e0d9c4870>,49,18,[5 2],50,395,413,345,395
1,<environment.Job instance at 0x153e0d0b3b90>,61,2,[8 2],62,515,517,453,515
1,<environment.Job instance at 0x153e0d0b3fa0>,65,1,[9 1],66,537,538,471,537
1,<environment.Job instance at 0x153e08db4f00>,68,1,[ 2 10],69,561,562,492,561
1,<environment.Job instance at 0x153e08db4d70>,69,17,[6 1],70,563,580,493,563
1,<environment.Job instance at 0x153e08db4320>,70,27,[6 1],71,580,607,509,580
1,<environment.Job instance at 0x153e087c09b0>,4,13,[6 1],5,8,21,3,8
1,<environment.Job instance at 0x153ded2d6690>,6,26,[1 7],7,9,35,2,9
1,<environment.Job instance at 0x153e086a3280>,2,13,[7 2],3,21,34,18,12
1,<environment.Job instance at 0x153ded2d6960>,9,3,[1 7],10,35,38,25,12
1,<environment.Job instance at 0x153ded2d6870>,8,2,[1 5],9,38,40,29,22
1,<environment.Job instance at 0x153ded2b0550>,26,16,[7 2],27,120,136,93,120
1,<environment.Job instance at 0x153ded2b0b40>,33,1,[6 2],34,187,188,153,187
1,<environment.Job instance at 0x153ded2b0c30>,37,2,[ 2 10],38,203,205,165,203
1,<environment.Job instance at 0x153ded2b23c0>,45,17,[10  1],46,233,250,187,233
1,<environment.Job instance at 0x153ded2b2370>,44,18,[1 6],45,250,268,205,250
1,<environment.Job instance at 0x153ded2b2aa0>,55,2,[1 5],56,309,311,253,309
1,<environment.Job instance at 0x153ded2b2d70>,57,27,[1 5],58,331,358,273,331
1,<environment.Job instance at 0x153ded2b2cd0>,59,12,[1 8],60,358,370,298,356
1,<environment.Job instance at 0x153ded2b2eb0>,61,2,[5 1],62,371,373,309,371
1,<environment.Job instance at 0x153ded2d4230>,66,2,[8 2],67,402,404,335,402
1,<environment.Job instance at 0x153ded2d49b0>,78,23,[1 9],79,524,547,445,524
1,<environment.Job instance at 0x153e08caf690>,10,18,[8 2],11,34,52,23,34
1,<environment.Job instance at 0x153e06c19870>,29,12,[2 6],30,200,212,170,200
1,<environment.Job instance at 0x153ded088d20>,36,19,[1 5],37,234,253,197,234
1,<environment.Job instance at 0x153ded0889b0>,37,13,[2 8],38,253,266,215,245
1,<environment.Job instance at 0x153ded0884b0>,42,2,[1 9],43,302,304,259,302
1,<environment.Job instance at 0x153ded088aa0>,53,15,[2 9],54,369,384,315,369
1,<environment.Job instance at 0x153e043197d0>,59,28,[6 1],60,459,487,399,459
1,<environment.Job instance at 0x153e04319230>,62,2,[1 6],63,466,468,403,466
1,<environment.Job instance at 0x153e085ce0a0>,74,22,[1 7],75,545,567,470,545
1,<environment.Job instance at 0x153e085ce690>,77,23,[ 2 10],78,578,601,500,578
1,<environment.Job instance at 0x153e08d8ffa0>,2,21,[8 1],3,9,30,6,9
1,<environment.Job instance at 0x153e08d8fe10>,5,13,[2 5],6,19,32,13,19
1,<environment.Job instance at 0x153e08d8fe60>,10,21,[10  2],11,34,55,23,34
1,<environment.Job instance at 0x153e08d8f780>,12,19,[2 9],13,55,74,42,47
1,<environment.Job instance at 0x153e08d8faa0>,14,15,[2 7],15,74,89,59,61
1,<environment.Job instance at 0x153ded1f0820>,21,2,[ 1 10],22,89,91,67,62
1,<environment.Job instance at 0x153e040f9c80>,43,2,[1 8],44,192,194,148,192
1,<environment.Job instance at 0x153e040f9be0>,47,1,[ 1 10],48,222,223,174,222
1,<environment.Job instance at 0x153e040f99b0>,48,21,[6 2],49,223,244,174,222
1,<environment.Job instance at 0x153e040f9870>,56,20,[7 2],57,307,327,250,307
1,<environment.Job instance at 0x153e0d9f1e10>,58,19,[10  1],59,327,346,268,319
1,<environment.Job instance at 0x153e0d9f1f50>,59,3,[2 7],60,323,326,263,323
1,<environment.Job instance at 0x153e0d9f1b40>,61,13,[5 1],62,349,362,287,349
1,<environment.Job instance at 0x153e0708a280>,67,3,[1 5],68,427,430,359,427
1,<environment.Job instance at 0x153e0d0f8fa0>,12,20,[6 1],13,44,64,31,44
1,<environment.Job instance at 0x153e0d0f80f0>,13,17,[5 1],14,64,81,50,56
1,<environment.Job instance at 0x153e0d0f8410>,18,1,[2 8],19,70,71,51,70
1,<environment.Job instance at 0x153e08cab2d0>,29,26,[ 1 10],30,130,156,100,130
1,<environment.Job instance at 0x153ded5b6b40>,34,14,[8 2],35,200,214,165,200
1,<environment.Job instance at 0x153ded5b6be0>,40,3,[2 6],41,246,249,205,246
1,<environment.Job instance at 0x153ded5b6eb0>,43,16,[1 8],44,269,285,225,269
1,<environment.Job instance at 0x153ded5b6280>,44,13,[10  1],45,285,298,240,270
1,<environment.Job instance at 0x153e0411a550>,49,15,[2 9],50,302,317,252,302
1,<environment.Job instance at 0x153ded6e67d0>,59,18,[7 2],60,437,455,377,437
1,<environment.Job instance at 0x153ded6e6370>,64,1,[ 2 10],65,455,456,390,437
1,<environment.Job instance at 0x153ded3b7460>,21,21,[2 6],22,119,140,97,119
1,<environment.Job instance at 0x153ded3b75a0>,22,20,[1 5],23,140,160,117,135
1,<environment.Job instance at 0x153e09036050>,42,20,[2 9],43,321,341,278,321
1,<environment.Job instance at 0x153e090366e0>,47,1,[ 1 10],48,359,360,311,359
1,<environment.Job instance at 0x153e09036780>,49,1,[ 2 10],50,360,361,310,359
1,<environment.Job instance at 0x153ded7e8aa0>,5,15,[9 2],6,6,21,0,6
1,<environment.Job instance at 0x153e0ef49460>,2,3,[1 7],3,7,10,4,7
1,<environment.Job instance at 0x153e08c5b1e0>,18,23,[8 1],19,85,108,66,85
1,<environment.Job instance at 0x153e08caff50>,24,15,[5 1],25,142,157,117,142
1,<environment.Job instance at 0x153ded4b7050>,34,25,[5 1],35,215,240,180,215
1,<environment.Job instance at 0x153deccc3050>,39,3,[6 2],40,260,263,220,260
1,<environment.Job instance at 0x153e08d7dd70>,50,16,[2 6],51,450,466,399,450
1,<environment.Job instance at 0x153e08d0f5a0>,71,2,[10  1],72,598,600,526,598
1,<environment.Job instance at 0x153e08d0f190>,72,22,[8 1],73,601,623,528,601
1,<environment.Job instance at 0x153decc8b910>,5,14,[2 7],6,9,23,3,9
1,<environment.Job instance at 0x153e085829b0>,2,21,[6 1],3,24,45,21,24
1,<environment.Job instance at 0x153e041505f0>,29,13,[5 2],30,166,179,136,166
1,<environment.Job instance at 0x153e04150190>,30,15,[7 2],31,179,194,148,167
1,<environment.Job instance at 0x153e0419aaf0>,32,15,[1 5],33,176,191,143,176
1,<environment.Job instance at 0x153e087a2aa0>,1,3,[ 1 10],2,5,8,3,5
1,<environment.Job instance at 0x153e040ac4b0>,17,15,[7 1],18,91,106,73,91
1,<environment.Job instance at 0x153e08d1c280>,46,2,[1 5],47,374,376,327,374
1,<environment.Job instance at 0x15202506fe60>,3,2,[1 7],4,5,7,1,5
1,<environment.Job instance at 0x15201bc69a50>,7,1,[7 2],8,10,11,2,10
1,<environment.Job instance at 0x15201bc69aa0>,13,27,[1 8],14,24,51,10,24
1,<environment.Job instance at 0x15201bc6b5a0>,23,3,[7 2],24,90,93,66,90
1,<environment.Job instance at 0x15201bc6b6e0>,26,20,[2 8],27,158,178,131,158
1,<environment.Job instance at 0x15201bc6bd20>,34,20,[5 1],35,171,191,136,171
1,<environment.Job instance at 0x15201bc6e140>,40,19,[1 7],41,209,228,168,209
1,<environment.Job instance at 0x15201bc6e7d0>,48,1,[6 2],49,276,277,227,276
1,<environment.Job instance at 0x15201bc6e500>,44,13,[ 2 10],45,301,314,256,301
1,<environment.Job instance at 0x15201bc700f0>,62,3,[6 2],63,386,389,323,386
1,<environment.Job instance at 0x15201e2863c0>,5,25,[7 2],6,34,59,28,34
1,<environment.Job instance at 0x15201dbc74b0>,14,12,[10  1],15,70,82,55,70
1,<environment.Job instance at 0x15201dbc7500>,16,2,[7 1],17,90,92,73,90
1,<environment.Job instance at 0x15201dcd8730>,20,2,[ 2 10],21,109,111,88,109
1,<environment.Job instance at 0x15201dcd8410>,22,3,[2 8],23,142,145,119,142
1,<environment.Job instance at 0x15201e3079b0>,58,2,[8 2],59,480,482,421,480
1,<environment.Job instance at 0x15201e309870>,61,19,[2 5],62,483,502,421,483
1,<environment.Job instance at 0x15201e374500>,62,25,[5 2],63,483,508,420,483
1,<environment.Job instance at 0x15201e326d20>,65,1,[6 1],66,508,509,442,502
1,<environment.Job instance at 0x15201e3260a0>,67,2,[2 5],68,509,511,441,509
1,<environment.Job instance at 0x15201dafa320>,85,19,[7 1],86,708,727,622,708
1,<environment.Job instance at 0x151fe67e9cd0>,18,19,[1 5],19,124,143,105,124
1,<environment.Job instance at 0x151fe67b5320>,20,17,[1 7],21,143,160,122,132
1,<environment.Job instance at 0x151fe67ae3c0>,36,20,[2 5],37,265,285,228,265
1,<environment.Job instance at 0x151fe67a22d0>,45,19,[5 1],46,298,317,252,298
1,<environment.Job instance at 0x151fe66e4190>,47,3,[2 5],48,322,325,274,322
1,<environment.Job instance at 0x151fe66e88c0>,55,15,[6 1],56,365,380,309,365
1,<environment.Job instance at 0x151fe66f12d0>,75,16,[10  1],76,606,622,530,606
1,<environment.Job instance at 0x151fe66f1550>,79,12,[1 9],80,632,644,552,632
1,<environment.Job instance at 0x151fe66f1910>,85,19,[10  2],86,655,674,569,655
1,<environment.Job instance at 0x151fe667dd20>,0,2,[1 9],1,17,19,16,17
1,<environment.Job instance at 0x15201dcda780>,8,21,[2 6],9,28,49,19,28
1,<environment.Job instance at 0x15201dbd6d70>,11,24,[10  1],12,49,73,37,44
1,<environment.Job instance at 0x15201dbd6370>,14,12,[7 1],15,73,85,58,63
1,<environment.Job instance at 0x15201dbd6410>,15,1,[2 7],16,73,74,57,63
1,<environment.Job instance at 0x15201c0a2fa0>,35,22,[2 5],36,217,239,181,217
1,<environment.Job instance at 0x15201c0a2dc0>,42,23,[8 2],43,242,265,199,242
1,<environment.Job instance at 0x15201dcde140>,48,3,[1 8],49,280,283,231,280
1,<environment.Job instance at 0x15201db6b640>,49,14,[1 9],50,286,300,236,286
1,<environment.Job instance at 0x15201dcde5a0>,51,15,[7 1],52,288,303,236,288
1,<environment.Job instance at 0x15201dcdefa0>,52,16,[2 8],53,300,316,247,289
1,<environment.Job instance at 0x15201dcde550>,53,3,[9 2],54,316,319,262,293
1,<environment.Job instance at 0x15201dcdec80>,54,22,[7 2],55,319,341,264,318
1,<environment.Job instance at 0x15201bc76780>,73,3,[6 1],74,430,433,356,430
1,<environment.Job instance at 0x15201806f6e0>,83,12,[2 5],84,508,520,424,508
1,<environment.Job instance at 0x15202254f9b0>,3,3,[1 6],4,4,7,0,4
1,<environment.Job instance at 0x15202254fe10>,10,18,[2 6],11,37,55,26,37
1,<environment.Job instance at 0x15201c1a8050>,22,12,[2 8],23,152,164,129,152
1,<environment.Job instance at 0x15201c1a83c0>,25,26,[5 2],26,177,203,151,177
1,<environment.Job instance at 0x15201e309a00>,35,22,[10  1],36,290,312,254,290
1,<environment.Job instance at 0x15201e2adb40>,52,1,[2 5],53,497,498,444,497
1,<environment.Job instance at 0x152022eeacd0>,7,2,[9 2],8,12,14,4,12
1,<environment.Job instance at 0x152022562230>,23,21,[5 1],24,113,134,89,113
1,<environment.Job instance at 0x152020f08640>,61,19,[2 5],62,559,578,497,559
1,<environment.Job instance at 0x152022f17460>,69,3,[ 2 10],70,634,637,564,634
1,<environment.Job instance at 0x152022f17a50>,80,14,[10  1],81,717,731,636,717
1,<environment.Job instance at 0x152022f175f0>,81,1,[9 2],82,731,732,649,722
1,<environment.Job instance at 0x1520225b32d0>,2,1,[8 1],3,4,5,1,4
1,<environment.Job instance at 0x15201e2e8780>,4,24,[6 2],5,5,29,0,5
1,<environment.Job instance at 0x1520225bf1e0>,5,15,[7 1],6,29,44,23,15
1,<environment.Job instance at 0x1520225909b0>,11,2,[5 1],12,44,46,32,18
1,<environment.Job instance at 0x1520225902d0>,12,3,[8 1],13,46,49,33,23
1,<environment.Job instance at 0x152022590370>,15,3,[8 1],16,49,52,33,23
1,<environment.Job instance at 0x151fe6d92320>,16,20,[6 1],17,52,72,35,43
1,<environment.Job instance at 0x151fe6d92500>,21,3,[2 6],22,69,72,47,69
1,<environment.Job instance at 0x151fe6d92640>,22,3,[10  2],23,77,80,54,77
1,<environment.Job instance at 0x151fe6d926e0>,23,26,[2 6],24,99,125,75,99
1,<environment.Job instance at 0x151fe6d92a00>,26,25,[5 2],27,99,124,72,99
1,<environment.Job instance at 0x151fe6d92be0>,28,1,[1 5],29,125,126,96,109
1,<environment.Job instance at 0x151fe6d92b40>,32,1,[5 2],33,140,141,107,140
1,<environment.Job instance at 0x151fe6d84320>,39,13,[2 9],40,205,218,165,205
1,<environment.Job instance at 0x151fe6d84280>,40,24,[5 2],41,218,242,177,213
1,<environment.Job instance at 0x151fe6d845f0>,41,16,[1 7],42,218,234,176,214
1,<environment.Job instance at 0x151fe6d848c0>,49,2,[2 6],50,242,244,192,242
1,<environment.Job instance at 0x151fe6d7d0a0>,65,1,[1 7],66,443,444,377,443
1,<environment.Job instance at 0x151fe6da95a0>,88,14,[8 2],89,663,677,574,663
1,<environment.Job instance at 0x151fe696eaf0>,3,19,[1 5],4,5,24,1,5
1,<environment.Job instance at 0x15201c5d9b40>,24,1,[2 5],25,157,158,132,157
1,<environment.Job instance at 0x15201c15dd70>,28,20,[9 1],29,158,178,129,158
1,<environment.Job instance at 0x152020ee8190>,32,14,[2 7],33,198,212,165,198
1,<environment.Job instance at 0x152020ee8cd0>,34,19,[8 2],35,198,217,163,198
1,<environment.Job instance at 0x15201d652280>,37,23,[9 2],38,225,248,187,225
1,<environment.Job instance at 0x15201d652820>,38,3,[ 2 10],39,248,251,209,225
1,<environment.Job instance at 0x15201d652870>,51,18,[8 2],52,333,351,281,333
1,<environment.Job instance at 0x15201d63e9b0>,62,14,[6 1],63,452,466,389,452
1,<environment.Job instance at 0x151fe6ea5550>,68,16,[10  1],69,496,512,427,496
1,<environment.Job instance at 0x151fe6ea53c0>,70,2,[7 1],71,512,514,441,509
1,<environment.Job instance at 0x151fe6ea5320>,75,14,[1 8],76,557,571,481,557
1,<environment.Job instance at 0x151fe6ea51e0>,76,17,[9 1],77,559,576,482,559
1,<environment.Job instance at 0x15202254ec80>,84,22,[10  1],85,664,686,579,664
1,<environment.Job instance at 0x151fe62abe10>,3,22,[8 2],4,5,27,1,5
1,<environment.Job instance at 0x151fe6cf9870>,11,2,[2 7],12,20,22,8,20
1,<environment.Job instance at 0x151fe6cf9eb0>,15,26,[6 2],16,49,75,33,49
1,<environment.Job instance at 0x1520249302d0>,26,27,[8 2],27,164,191,137,164
1,<environment.Job instance at 0x15201e1dc2d0>,31,3,[6 1],32,216,219,184,216
1,<environment.Job instance at 0x151fe68f3050>,56,19,[2 8],57,477,496,420,477
1,<environment.Job instance at 0x151fe68f3f50>,58,3,[5 2],59,486,489,427,486
1,<environment.Job instance at 0x151fe69f2780>,63,12,[2 8],64,563,575,499,563
1,<environment.Job instance at 0x151fe69f25f0>,64,2,[10  2],65,575,577,510,563
1,<environment.Job instance at 0x151fe69f2280>,67,2,[1 8],68,580,582,512,580
1,<environment.Job instance at 0x152020ef9eb0>,74,18,[2 7],75,612,630,537,612
1,<environment.Job instance at 0x152022562e10>,76,1,[2 9],77,630,631,553,619
1,<environment.Job instance at 0x152022562960>,77,17,[9 2],78,687,704,609,687
1,<environment.Job instance at 0x151fe6e5ceb0>,3,17,[9 1],4,4,21,0,4
1,<environment.Job instance at 0x151fe63df4b0>,12,27,[5 1],13,46,73,33,46
1,<environment.Job instance at 0x151fe64be1e0>,21,1,[5 1],22,113,114,91,113
1,<environment.Job instance at 0x151fe6eced70>,24,23,[ 1 10],25,139,162,114,139
1,<environment.Job instance at 0x15201e2271e0>,28,15,[2 6],29,162,177,133,153
1,<environment.Job instance at 0x15202258d190>,31,1,[8 1],32,162,163,130,154
1,<environment.Job instance at 0x152022f2dbe0>,32,3,[1 5],33,177,180,144,154
1,<environment.Job instance at 0x152022f2deb0>,33,2,[1 7],34,180,182,146,156
1,<environment.Job instance at 0x151fe6284640>,34,15,[6 1],35,168,183,133,168
1,<environment.Job instance at 0x151fe62ad190>,51,17,[1 5],52,293,310,241,293
1,<environment.Job instance at 0x151fe62395f0>,56,1,[1 9],57,310,311,253,303
1,<environment.Job instance at 0x15201c08a640>,19,22,[2 5],20,125,147,105,125
1,<environment.Job instance at 0x151fe6750730>,37,22,[7 1],38,259,281,221,259
1,<environment.Job instance at 0x151fe6e82410>,48,1,[ 2 10],49,340,341,291,340
1,<environment.Job instance at 0x151fe6e82460>,49,17,[6 1],50,343,360,293,343
1,<environment.Job instance at 0x151fe64b2690>,53,2,[9 1],54,366,368,312,366
1,<environment.Job instance at 0x151fe64b25f0>,59,24,[1 8],60,473,497,413,473
1,<environment.Job instance at 0x151fe64b2b40>,68,2,[1 5],69,497,499,428,479
1,<environment.Job instance at 0x151fe64b26e0>,69,3,[1 7],70,499,502,429,481
1,<environment.Job instance at 0x152024e9ceb0>,84,1,[8 2],85,589,590,504,589
1,<environment.Job instance at 0x15201c1a5cd0>,0,20,[2 5],1,8,28,7,8
1,<environment.Job instance at 0x151fe6f76b40>,6,24,[5 2],7,8,32,1,8
1,<environment.Job instance at 0x151fe6f769b0>,7,2,[ 2 10],8,32,34,24,8
1,<environment.Job instance at 0x15201dc0df00>,3,1,[6 2],4,34,35,30,9
1,<environment.Job instance at 0x151fe6d7df50>,21,27,[ 2 10],22,94,121,72,94
1,<environment.Job instance at 0x15201db934b0>,25,2,[1 5],26,141,143,115,141
1,<environment.Job instance at 0x1520244fd730>,26,28,[2 7],27,143,171,116,142
1,<environment.Job instance at 0x15201e3655a0>,28,3,[1 8],29,171,174,142,157
1,<environment.Job instance at 0x151fe625fe60>,31,2,[5 1],32,158,160,126,158
1,<environment.Job instance at 0x15202267c2d0>,35,21,[8 2],36,180,201,144,180
1,<environment.Job instance at 0x15201dd25410>,63,18,[10  2],64,433,451,369,433
1,<environment.Job instance at 0x15201e3120a0>,86,19,[1 5],87,622,641,535,622
1,<environment.Job instance at 0x151fe6734c30>,2,2,[1 9],3,7,9,4,7
1,<environment.Job instance at 0x151fe6fb6cd0>,7,20,[7 1],8,8,28,0,8
1,<environment.Job instance at 0x151fe6fb6f00>,12,1,[5 1],13,60,61,47,60
1,<environment.Job instance at 0x151fe6f84050>,13,15,[2 9],14,72,87,58,72
1,<environment.Job instance at 0x151fe6f844b0>,19,28,[6 1],20,109,137,89,109
1,<environment.Job instance at 0x151fe6f84690>,22,2,[1 6],23,140,142,117,140
1,<environment.Job instance at 0x151fe6f84d20>,31,23,[5 1],32,246,269,214,246
1,<environment.Job instance at 0x151fe6f870a0>,37,23,[ 2 10],38,276,299,238,276
1,<environment.Job instance at 0x151fe6f87370>,42,21,[8 1],43,316,337,273,316
1,<environment.Job instance at 0x151fe6f87550>,45,13,[2 5],46,332,345,286,332
1,<environment.Job instance at 0x151fe6f7e8c0>,70,1,[2 9],71,566,567,495,566
1,<environment.Job instance at 0x151fe6f7edc0>,77,1,[1 9],78,607,608,529,607
1,<environment.Job instance at 0x151fe6f7b140>,83,2,[1 8],84,654,656,570,654
1,<environment.Job instance at 0x151fe6e89870>,6,20,[7 2],7,39,59,32,39
1,<environment.Job instance at 0x151fe6e89f00>,15,17,[10  2],16,77,94,61,77
1,<environment.Job instance at 0x151fe6c2e0f0>,24,24,[ 1 10],25,109,133,84,109
1,<environment.Job instance at 0x151fe6c2e460>,28,19,[ 2 10],29,133,152,104,125
1,<environment.Job instance at 0x151fe6e83c80>,41,16,[2 6],42,243,259,201,243
1,<environment.Job instance at 0x151fe6e83f50>,42,20,[6 1],43,253,273,210,253
1,<environment.Job instance at 0x1520245027d0>,76,23,[9 1],77,447,470,370,447
1,<environment.Job instance at 0x152024502b90>,78,14,[9 2],79,470,484,391,459
1,<environment.Job instance at 0x152024502820>,79,15,[2 9],80,497,512,417,497
1,<environment.Job instance at 0x151fe6e9b5a0>,86,1,[2 6],87,513,514,426,513
1,<environment.Job instance at 0x151fe6e9b500>,87,1,[2 7],88,515,516,427,515
1,<environment.Job instance at 0x151fe6e9b690>,88,3,[2 7],89,516,519,427,516
1,<environment.Job instance at 0x15201c1a82d0>,19,22,[ 1 10],20,109,131,89,109
1,<environment.Job instance at 0x15201e27fc30>,53,27,[6 1],54,441,468,387,441
1,<environment.Job instance at 0x15201e1fb9b0>,63,2,[1 9],64,539,541,475,539
1,<environment.Job instance at 0x15201e1fb960>,65,16,[7 2],66,553,569,487,553
1,<environment.Job instance at 0x15201e1fb6e0>,67,1,[ 1 10],68,571,572,503,571
1,<environment.Job instance at 0x15201e1fb640>,69,1,[ 2 10],70,601,602,531,601
1,<environment.Job instance at 0x151fe6ece4b0>,0,1,[1 8],1,8,9,7,8
1,<environment.Job instance at 0x151fe6d81820>,6,23,[2 8],7,15,38,8,15
1,<environment.Job instance at 0x15201dd00230>,13,23,[5 1],14,68,91,54,68
1,<environment.Job instance at 0x15202263cf50>,47,14,[ 1 10],48,415,429,367,415
1,<environment.Job instance at 0x15202263c1e0>,49,3,[6 2],50,437,440,387,437
1,<environment.Job instance at 0x151fe6a210f0>,56,20,[8 1],57,504,524,447,504
1,<environment.Job instance at 0x15201e2da960>,69,22,[6 1],70,592,614,522,592
1,<environment.Job instance at 0x15201dac4a50>,81,2,[10  1],82,633,635,551,633
1,<environment.Job instance at 0x151fe6599230>,87,15,[2 9],88,673,688,585,673
1,<environment.Job instance at 0x15201dbc91e0>,0,24,[1 9],1,1,25,0,1
1,<environment.Job instance at 0x15201dbc9230>,2,21,[6 1],3,8,29,5,8
1,<environment.Job instance at 0x151fe6565780>,19,15,[1 6],20,108,123,88,108
1,<environment.Job instance at 0x151fe6565f00>,25,13,[1 9],26,123,136,97,119
1,<environment.Job instance at 0x151fe67d7f00>,51,2,[6 1],52,382,384,330,382
1,<environment.Job instance at 0x151fe683c820>,64,27,[8 1],65,540,567,475,540
1,<environment.Job instance at 0x151fe68460a0>,74,1,[1 7],75,662,663,587,662
1,<environment.Job instance at 0x151fe6846550>,78,20,[2 9],79,679,699,600,679
1,<environment.Job instance at 0x151fe6846780>,82,3,[2 9],83,713,716,630,713
1,<environment.Job instance at 0x152024e852d0>,6,26,[6 1],7,15,41,8,15
1,<environment.Job instance at 0x151fe6c216e0>,17,23,[6 2],18,77,100,59,77
1,<environment.Job instance at 0x15201c1a57d0>,29,1,[2 9],30,158,159,128,158
1,<environment.Job instance at 0x15201c1a50f0>,33,23,[2 8],34,202,225,168,202
1,<environment.Job instance at 0x151fe6fb14b0>,40,20,[9 1],41,240,260,199,240
1,<environment.Job instance at 0x151fe6cca050>,77,17,[7 2],78,551,568,473,551
1,<environment.Job instance at 0x15201da9faf0>,84,24,[1 9],85,613,637,528,613
1,<environment.Job instance at 0x151fe6cdfe10>,9,15,[10  1],10,85,100,75,85
1,<environment.Job instance at 0x15201dcf84b0>,33,17,[10  1],34,281,298,247,281
1,<environment.Job instance at 0x152022572460>,46,27,[6 1],47,408,435,361,408
1,<environment.Job instance at 0x152022572d70>,53,1,[8 2],54,447,448,393,447
1,<environment.Job instance at 0x151fe6f3ae60>,55,22,[5 1],56,450,472,394,450
1,<environment.Job instance at 0x151fe6f3a820>,59,1,[10  1],60,482,483,422,482
1,<environment.Job instance at 0x151fe6f3a640>,61,1,[8 1],62,493,494,431,493
1,<environment.Job instance at 0x151fe6f3a0f0>,68,15,[9 1],69,543,558,474,543
1,<environment.Job instance at 0x151fe64abf50>,14,21,[5 2],15,98,119,83,98
1,<environment.Job instance at 0x152020f11c30>,33,17,[1 5],34,238,255,204,238
1,<environment.Job instance at 0x15201db6ae60>,45,22,[1 8],46,334,356,288,334
1,<environment.Job instance at 0x151fe696bdc0>,52,2,[ 1 10],53,423,425,370,423
1,<environment.Job instance at 0x152020f12960>,62,15,[10  2],63,493,508,430,493
1,<environment.Job instance at 0x152020f12cd0>,64,12,[6 1],65,511,523,446,511
1,<environment.Job instance at 0x152020f120f0>,68,14,[8 1],69,566,580,497,566
1,<environment.Job instance at 0x1520226720f0>,72,19,[9 1],73,608,627,535,608
1,<environment.Job instance at 0x152022672be0>,73,1,[7 1],74,627,628,553,615
1,<environment.Job instance at 0x152022672820>,74,2,[1 8],75,620,622,545,620
1,<environment.Job instance at 0x152022672910>,78,2,[1 9],79,655,657,576,655
1,<environment.Job instance at 0x152022672e10>,79,3,[1 8],80,657,660,577,656
1,<environment.Job instance at 0x14f4e5f9dc30>,1,2,[2 5],2,2,4,0,2
1,<environment.Job instance at 0x14f4dcc2ad70>,13,27,[1 8],14,16,43,2,16
1,<environment.Job instance at 0x14f4dcc2c5f0>,20,3,[7 1],21,70,73,49,70
1,<environment.Job instance at 0x14f4dcc2c730>,23,3,[7 2],24,110,113,86,110
1,<environment.Job instance at 0x14f4dcc2caf0>,29,20,[1 5],30,176,196,146,176
1,<environment.Job instance at 0x14f4dcc2cb90>,30,2,[2 8],31,196,198,165,179
1,<environment.Job instance at 0x14f4dcc2cd20>,32,2,[2 9],33,198,200,165,183
1,<environment.Job instance at 0x14f4dcc2ceb0>,34,20,[5 1],35,183,203,148,183
1,<environment.Job instance at 0x14f4dcc2cfa0>,37,22,[2 5],38,233,255,195,233
1,<environment.Job instance at 0x14f4dcc2d1e0>,39,2,[5 2],40,237,239,197,237
1,<environment.Job instance at 0x14f4dcc2dd20>,54,22,[9 1],55,352,374,297,352
1,<environment.Job instance at 0x14f4dcc30370>,62,3,[6 2],63,378,381,315,378
1,<environment.Job instance at 0x14f4dcc30c80>,76,14,[9 1],77,512,526,435,512
1,<environment.Job instance at 0x14f4dcc30dc0>,78,3,[ 2 10],79,526,529,447,516
1,<environment.Job instance at 0x14f4dcc30fa0>,80,2,[1 5],81,529,531,448,529
1,<environment.Job instance at 0x14f4dcc30f50>,81,2,[9 2],82,529,531,447,529
1,<environment.Job instance at 0x14f4dcc30f00>,82,3,[2 8],83,531,534,448,530
1,<environment.Job instance at 0x14f4dcc321e0>,84,14,[7 1],85,545,559,460,545
1,<environment.Job instance at 0x14f4d80507d0>,0,20,[10  2],1,1,21,0,1
1,<environment.Job instance at 0x14f4dcc32cd0>,1,14,[6 1],2,21,35,19,12
1,<environment.Job instance at 0x14f4deb3c0a0>,18,28,[7 2],19,67,95,48,67
1,<environment.Job instance at 0x14f4deb54050>,24,12,[10  2],25,107,119,82,107
1,<environment.Job instance at 0x14f4dec99320>,48,2,[8 2],49,485,487,436,485
1,<environment.Job instance at 0x14f4dec986e0>,51,19,[2 5],52,496,515,444,496
1,<environment.Job instance at 0x14f4dec98500>,52,25,[5 2],53,500,525,447,500
1,<environment.Job instance at 0x14f4dec98370>,55,1,[6 1],56,525,526,469,519
1,<environment.Job instance at 0x14f4df3383c0>,57,2,[2 5],58,524,526,466,524
1,<environment.Job instance at 0x14f4df336050>,62,1,[6 2],63,572,573,509,572
1,<environment.Job instance at 0x14f4df273370>,65,15,[8 1],66,596,611,530,596
1,<environment.Job instance at 0x14f4df2c1fa0>,75,19,[7 1],76,693,712,617,693
1,<environment.Job instance at 0x14f4e400bfa0>,0,17,[1 7],1,8,25,7,8
1,<environment.Job instance at 0x14f497727af0>,11,26,[7 2],12,57,83,45,57
1,<environment.Job instance at 0x14f4977067d0>,14,27,[2 7],15,79,106,64,79
1,<environment.Job instance at 0x14f497732550>,24,14,[10  1],25,139,153,114,139
1,<environment.Job instance at 0x14f4977532d0>,45,20,[9 1],46,329,349,283,329
1,<environment.Job instance at 0x14f497753b40>,46,21,[1 7],47,330,351,283,330
1,<environment.Job instance at 0x14f4976a5780>,48,20,[7 1],49,364,384,315,364
1,<environment.Job instance at 0x14f4976b39b0>,61,17,[2 6],62,459,476,397,459
1,<environment.Job instance at 0x14f4976b3d20>,72,17,[2 5],73,482,499,409,482
1,<environment.Job instance at 0x14f4976bb870>,75,24,[ 1 10],76,520,544,444,520
1,<environment.Job instance at 0x14f4977530a0>,2,12,[8 1],3,6,18,3,6
1,<environment.Job instance at 0x14f497b63b90>,15,15,[2 8],16,52,67,36,52
1,<environment.Job instance at 0x14f4deabb5f0>,10,3,[7 2],11,57,60,46,57
1,<environment.Job instance at 0x14f497b63320>,18,3,[1 8],19,67,70,48,60
1,<environment.Job instance at 0x14f497b634b0>,19,14,[1 9],20,70,84,50,62
1,<environment.Job instance at 0x14f497b63dc0>,20,20,[7 1],21,68,88,47,68
1,<environment.Job instance at 0x14f497cb18c0>,24,22,[7 2],25,105,127,80,105
1,<environment.Job instance at 0x14f497cb15a0>,36,3,[7 1],37,144,147,107,144
1,<environment.Job instance at 0x14f497c6ae10>,49,20,[ 2 10],50,235,255,185,235
1,<environment.Job instance at 0x14f497c6a1e0>,52,18,[2 8],53,255,273,202,252
1,<environment.Job instance at 0x14f497c6acd0>,56,20,[1 7],57,283,303,226,283
1,<environment.Job instance at 0x14f4dec9f820>,77,1,[6 1],78,487,488,409,487
1,<environment.Job instance at 0x14f4dec9f780>,82,12,[2 8],83,532,544,449,532
1,<environment.Job instance at 0x14f497643460>,2,14,[1 6],3,3,17,0,3
1,<environment.Job instance at 0x14f4de626960>,0,15,[2 8],1,19,34,18,19
1,<environment.Job instance at 0x14f4e00309b0>,17,1,[8 1],18,132,133,114,132
1,<environment.Job instance at 0x14f4dd5ad9b0>,65,3,[8 1],66,503,506,437,503
1,<environment.Job instance at 0x14f4dd5adf50>,68,1,[2 8],69,522,523,453,522
1,<environment.Job instance at 0x14f4dd5ad6e0>,70,14,[ 2 10],71,544,558,473,544
1,<environment.Job instance at 0x14f4deb58af0>,82,13,[1 5],83,746,759,663,746
1,<environment.Job instance at 0x14f4deb58820>,91,19,[2 7],92,807,826,715,807
1,<environment.Job instance at 0x14f4e3f3ea00>,0,12,[1 5],1,2,14,1,2
1,<environment.Job instance at 0x14f4e54fb730>,1,3,[2 6],2,14,17,12,9
1,<environment.Job instance at 0x14f4e35caf50>,6,25,[2 8],7,17,42,10,16
1,<environment.Job instance at 0x14f4e35ca1e0>,11,19,[2 5],12,42,61,30,39
1,<environment.Job instance at 0x14f4e35ca870>,14,12,[1 6],15,61,73,46,45
1,<environment.Job instance at 0x14f4dea6e0f0>,27,3,[9 1],28,162,165,134,162
1,<environment.Job instance at 0x14f4dea6e820>,28,24,[8 1],29,165,189,136,164
1,<environment.Job instance at 0x14f4dea6e4b0>,31,1,[9 2],32,189,190,157,167
1,<environment.Job instance at 0x14f4dea6e190>,32,3,[ 1 10],33,190,193,157,167
1,<environment.Job instance at 0x14f4e35bb7d0>,35,3,[1 9],36,179,182,143,179
1,<environment.Job instance at 0x14f4e35bb690>,34,28,[1 9],35,193,221,158,192
1,<environment.Job instance at 0x14f4e35bb4b0>,43,14,[ 2 10],44,221,235,177,212
1,<environment.Job instance at 0x14f4e35bb550>,45,15,[7 1],46,239,254,193,239
1,<environment.Job instance at 0x14f4ded602d0>,50,23,[8 1],51,272,295,221,272
1,<environment.Job instance at 0x14f4ded60410>,51,2,[5 1],52,295,297,243,273
1,<environment.Job instance at 0x14f4e3c6c370>,58,3,[1 5],59,312,315,253,312
1,<environment.Job instance at 0x14f4e3c6c190>,71,22,[7 1],72,438,460,366,438
1,<environment.Job instance at 0x14f4dea4f370>,75,21,[2 5],76,471,492,395,471
1,<environment.Job instance at 0x14f4dea4f780>,79,13,[2 9],80,492,505,412,476
1,<environment.Job instance at 0x14f4dea4fa50>,85,12,[2 6],86,512,524,426,512
1,<environment.Job instance at 0x14f4dea4f140>,89,2,[2 6],90,542,544,452,542
1,<environment.Job instance at 0x14f4dea4f320>,3,28,[2 7],4,9,37,5,9
1,<environment.Job instance at 0x14f4973b1be0>,21,23,[2 7],22,130,153,108,130
1,<environment.Job instance at 0x14f4973b1cd0>,28,14,[8 2],29,141,155,112,141
1,<environment.Job instance at 0x14f4973b1410>,29,16,[5 2],30,155,171,125,143
1,<environment.Job instance at 0x14f49777e3c0>,33,19,[1 5],34,157,176,123,157
1,<environment.Job instance at 0x14f49777e460>,34,1,[5 1],35,171,172,136,160
1,<environment.Job instance at 0x14f49777e500>,35,23,[2 6],36,176,199,140,172
1,<environment.Job instance at 0x14f49777e5f0>,37,24,[6 1],38,182,206,144,182
1,<environment.Job instance at 0x14f4dd17bc80>,70,3,[2 8],71,485,488,414,485
1,<environment.Job instance at 0x14f4dd178460>,81,18,[8 2],82,622,640,540,622
1,<environment.Job instance at 0x14f4e35dbdc0>,6,17,[9 1],7,12,29,5,12
1,<environment.Job instance at 0x14f4df1fe0f0>,18,19,[ 2 10],19,145,164,126,145
1,<environment.Job instance at 0x14f4df1fe050>,17,2,[2 6],18,164,166,146,160
1,<environment.Job instance at 0x14f4debfd4b0>,24,14,[7 1],25,180,194,155,180
1,<environment.Job instance at 0x14f4debfd0f0>,29,23,[8 2],30,196,219,166,196
1,<environment.Job instance at 0x14f4debfd460>,27,27,[7 1],28,223,250,195,223
1,<environment.Job instance at 0x14f4dd04bdc0>,40,24,[ 1 10],41,299,323,258,299
1,<environment.Job instance at 0x14f4df2ea640>,55,3,[5 1],56,464,467,408,464
1,<environment.Job instance at 0x14f4e35e7f50>,76,19,[2 8],77,651,670,574,651
1,<environment.Job instance at 0x14f4df2c8820>,83,12,[2 8],84,695,707,611,695
1,<environment.Job instance at 0x14f4df2c8460>,87,2,[1 8],88,729,731,641,729
1,<environment.Job instance at 0x14f4df1d63c0>,97,17,[9 2],98,782,799,684,782
1,<environment.Job instance at 0x14f4df558b90>,3,2,[1 9],4,10,12,6,10
1,<environment.Job instance at 0x14f4df558190>,8,13,[1 7],9,24,37,15,24
1,<environment.Job instance at 0x14f4df558a50>,11,18,[10  2],12,49,67,37,49
1,<environment.Job instance at 0x14f4df5584b0>,12,20,[7 2],13,67,87,54,58
1,<environment.Job instance at 0x14f4e351f910>,20,24,[5 2],21,115,139,94,115
1,<environment.Job instance at 0x14f4e351f4b0>,22,27,[5 1],23,115,142,92,115
1,<environment.Job instance at 0x14f4e351f320>,25,12,[2 8],26,141,153,115,141
1,<environment.Job instance at 0x14f4e351f140>,29,1,[2 9],30,188,189,158,188
1,<environment.Job instance at 0x14f4e58da230>,42,3,[1 5],43,262,265,219,262
1,<environment.Job instance at 0x14f4dd169aa0>,51,3,[5 1],52,302,305,250,302
1,<environment.Job instance at 0x14f4dec21aa0>,59,12,[1 7],60,420,432,360,420
1,<environment.Job instance at 0x14f4df1a1d70>,70,21,[8 2],71,485,506,414,485
1,<environment.Job instance at 0x14f4979d3f50>,77,28,[ 1 10],78,542,570,464,542
1,<environment.Job instance at 0x14f4971d2190>,93,3,[1 6],94,704,707,610,704
1,<environment.Job instance at 0x14f497269730>,10,18,[6 2],11,65,83,54,65
1,<environment.Job instance at 0x14f497336140>,19,22,[2 5],20,129,151,109,129
1,<environment.Job instance at 0x14f497336d20>,25,16,[1 8],26,241,257,215,241
1,<environment.Job instance at 0x14f4e3ec5640>,35,14,[2 9],36,353,367,317,353
1,<environment.Job instance at 0x14f4e4e43dc0>,48,1,[ 2 10],49,483,484,434,483
1,<environment.Job instance at 0x14f4dec2c460>,52,22,[5 1],53,506,528,453,506
1,<environment.Job instance at 0x14f4dec95e10>,90,20,[2 5],91,876,896,785,876
1,<environment.Job instance at 0x14f4dec950f0>,93,1,[6 2],94,914,915,820,914
1,<environment.Job instance at 0x14f4dec95b90>,95,1,[9 1],96,915,916,819,915
1,<environment.Job instance at 0x14f4deacfb40>,0,3,[2 8],1,3,6,2,3
1,<environment.Job instance at 0x14f497269820>,4,18,[1 6],5,6,24,1,6
1,<environment.Job instance at 0x14f4e1eacfa0>,8,23,[7 2],9,33,56,24,33
1,<environment.Job instance at 0x14f497734c30>,15,2,[1 5],16,54,56,38,54
1,<environment.Job instance at 0x14f497734410>,17,27,[1 5],18,94,121,76,94
1,<environment.Job instance at 0x14f4dd0dc7d0>,25,21,[8 2],26,101,122,75,101
1,<environment.Job instance at 0x14f4dd0dccd0>,26,2,[8 2],27,122,124,95,101
1,<environment.Job instance at 0x14f497c310f0>,39,2,[ 2 10],40,233,235,193,233
1,<environment.Job instance at 0x14f4dea6e780>,50,18,[8 2],51,311,329,260,311
1,<environment.Job instance at 0x14f4d8071b40>,69,12,[2 6],70,484,496,414,484
1,<environment.Job instance at 0x14f49759fa00>,76,19,[1 5],77,521,540,444,521
1,<environment.Job instance at 0x14f49759f2d0>,77,13,[2 8],78,540,553,462,525
1,<environment.Job instance at 0x14f4df21d230>,86,25,[9 2],87,572,597,485,572
1,<environment.Job instance at 0x14f4df21d410>,98,1,[2 9],99,683,684,584,683
1,<environment.Job instance at 0x14f4decd1f50>,2,2,[1 6],3,6,8,3,6
1,<environment.Job instance at 0x14f497c31460>,15,19,[9 2],16,52,71,36,52
1,<environment.Job instance at 0x14f4df2a25a0>,17,23,[ 2 10],18,131,154,113,131
1,<environment.Job instance at 0x14f4df240410>,27,20,[2 7],28,204,224,176,204
1,<environment.Job instance at 0x14f4973dd320>,30,21,[10  2],31,231,252,200,231
1,<environment.Job instance at 0x14f4dd5c3690>,34,15,[2 7],35,252,267,217,239
1,<environment.Job instance at 0x14f4df21d690>,37,28,[6 2],38,263,291,225,263
1,<environment.Job instance at 0x14f4977be2d0>,7,22,[6 2],8,21,43,13,21
1,<environment.Job instance at 0x14f4977be190>,5,12,[1 5],6,61,73,55,61
1,<environment.Job instance at 0x14f4977a40a0>,34,14,[8 2],35,155,169,120,155
1,<environment.Job instance at 0x14f4977a4be0>,43,16,[1 8],44,256,272,212,256
1,<environment.Job instance at 0x14f4977a4780>,49,15,[2 9],50,278,293,228,278
1,<environment.Job instance at 0x14f4977875f0>,59,18,[7 2],60,351,369,291,351
1,<environment.Job instance at 0x14f497787550>,61,24,[9 2],62,369,393,307,367
1,<environment.Job instance at 0x14f497787f50>,71,28,[8 1],72,405,433,333,405
1,<environment.Job instance at 0x14f497787fa0>,72,20,[1 9],73,418,438,345,418
1,<environment.Job instance at 0x14f497791280>,74,13,[8 2],75,438,451,363,430
1,<environment.Job instance at 0x14f497791410>,78,22,[1 7],79,461,483,382,461
1,<environment.Job instance at 0x14f49756a820>,1,21,[2 6],2,11,32,9,11
1,<environment.Job instance at 0x14f4e3f55af0>,8,25,[6 1],9,12,37,3,12
1,<environment.Job instance at 0x14f4e3f552d0>,17,28,[9 1],18,73,101,55,73
1,<environment.Job instance at 0x14f49732a320>,50,1,[1 8],51,457,458,406,457
1,<environment.Job instance at 0x14f497309140>,55,26,[2 8],56,519,545,463,519
1,<environment.Job instance at 0x14f49731b2d0>,62,3,[1 7],63,593,596,530,593
1,<environment.Job instance at 0x14f49731b230>,63,23,[5 1],64,593,616,529,593
1,<environment.Job instance at 0x14f49731b140>,64,13,[1 9],65,596,609,531,593
1,<environment.Job instance at 0x14f49731b1e0>,65,15,[9 2],66,616,631,550,602
1,<environment.Job instance at 0x14f497312af0>,73,13,[9 1],74,655,668,581,655
1,<environment.Job instance at 0x14f497301550>,84,15,[5 1],85,789,804,704,789
1,<environment.Job instance at 0x14f4dd099af0>,6,20,[8 1],7,9,29,2,9
1,<environment.Job instance at 0x14f4e3626460>,19,22,[6 1],20,120,142,100,120
1,<environment.Job instance at 0x14f497e95b40>,29,23,[8 2],30,167,190,137,167
1,<environment.Job instance at 0x14f497e95be0>,31,2,[10  1],32,190,192,158,167
1,<environment.Job instance at 0x14f497e95460>,34,22,[2 6],35,192,214,157,188
1,<environment.Job instance at 0x14f4976004b0>,46,3,[7 1],47,291,294,244,291
1,<environment.Job instance at 0x14f497600f00>,49,25,[6 1],50,297,322,247,297
1,<environment.Job instance at 0x14f497ecc050>,68,12,[1 5],69,459,471,390,459
1,<environment.Job instance at 0x14f497eccbe0>,69,13,[5 2],70,460,473,390,460
1,<environment.Job instance at 0x14f497ecc8c0>,70,15,[7 2],71,473,488,402,464
1,<environment.Job instance at 0x14f4e35d50f0>,78,19,[7 2],79,494,513,415,494
1,<environment.Job instance at 0x14f4df5fbb40>,85,22,[5 2],86,569,591,483,569
1,<environment.Job instance at 0x14f4df5fb0f0>,91,2,[6 1],92,671,673,579,671
1,<environment.Job instance at 0x14f4df5fb460>,96,18,[ 1 10],97,728,746,631,728
1,<environment.Job instance at 0x14f497a2a960>,1,3,[2 6],2,6,9,4,6
1,<environment.Job instance at 0x14f497b7e190>,9,3,[6 1],10,23,26,13,23
1,<environment.Job instance at 0x14f497b7eb90>,14,1,[1 7],15,65,66,50,65
1,<environment.Job instance at 0x14f497b7e870>,19,28,[5 2],20,113,141,93,113
1,<environment.Job instance at 0x14f497b7efa0>,21,3,[ 1 10],22,141,144,119,120
1,<environment.Job instance at 0x14f497b7e550>,22,3,[2 9],23,144,147,121,120
1,<environment.Job instance at 0x14f49785a0a0>,33,22,[7 1],34,220,242,186,220
1,<environment.Job instance at 0x14f49785adc0>,36,26,[6 1],37,244,270,207,244
1,<environment.Job instance at 0x14f4df1e88c0>,40,26,[1 8],41,300,326,259,300
1,<environment.Job instance at 0x14f4df1e8a50>,42,2,[8 2],43,310,312,267,310
1,<environment.Job instance at 0x14f4df1e8550>,44,20,[5 1],45,315,335,270,315
1,<environment.Job instance at 0x14f4df1e8e60>,46,3,[ 1 10],47,335,338,288,315
1,<environment.Job instance at 0x14f4df1e8730>,56,1,[ 1 10],57,421,422,364,421
1,<environment.Job instance at 0x14f497fbe8c0>,66,2,[1 5],67,529,531,462,529
1,<environment.Job instance at 0x14f4e3c6a320>,94,3,[2 8],95,848,851,753,848
1,<environment.Job instance at 0x14f4e351f050>,7,17,[7 2],8,22,39,14,22
1,<environment.Job instance at 0x14f4dd0564b0>,13,1,[1 6],14,35,36,21,35
1,<environment.Job instance at 0x14f4dd056370>,16,22,[1 9],17,54,76,37,54
1,<environment.Job instance at 0x14f4dd056640>,18,2,[8 2],19,76,78,57,61
1,<environment.Job instance at 0x14f4dd056a00>,19,22,[2 5],20,76,98,56,73
1,<environment.Job instance at 0x14f4debe7370>,26,14,[9 2],27,98,112,71,85
1,<environment.Job instance at 0x14f49776f320>,43,2,[1 7],44,257,259,213,257
1,<environment.Job instance at 0x14f49776f050>,45,14,[9 1],46,258,272,212,258
1,<environment.Job instance at 0x14f49776f640>,48,25,[2 5],49,284,309,235,284
1,<environment.Job instance at 0x14f497750870>,73,1,[8 2],74,588,589,514,588
1,<environment.Job instance at 0x14f497750aa0>,75,22,[5 1],76,594,616,518,594
1,<environment.Job instance at 0x14f497750a50>,74,15,[2 6],75,597,612,522,597
1,<environment.Job instance at 0x14f497750f50>,79,1,[10  1],80,625,626,545,625
1,<environment.Job instance at 0x14f4977603c0>,92,24,[10  1],93,725,749,632,725
1,<environment.Job instance at 0x14f497760a00>,95,20,[6 2],96,749,769,653,740
1,<environment.Job instance at 0x14f497993690>,1,25,[2 5],2,3,28,1,3
1,<environment.Job instance at 0x14f4debe7be0>,4,23,[5 2],5,7,30,2,7
1,<environment.Job instance at 0x14f497aa70a0>,12,24,[8 2],13,46,70,33,46
1,<environment.Job instance at 0x14f4dcc37640>,26,2,[2 6],27,188,190,161,188
1,<environment.Job instance at 0x14f4e1ec9280>,29,15,[2 6],30,198,213,168,198
1,<environment.Job instance at 0x14f4e1ec9460>,34,2,[10  2],35,239,241,204,239
1,<environment.Job instance at 0x14f4979f5d70>,35,1,[8 1],36,245,246,209,245
1,<environment.Job instance at 0x14f497756460>,49,19,[ 1 10],50,364,383,314,364
1,<environment.Job instance at 0x14f4973d91e0>,59,25,[10  2],60,470,495,410,470
1,<environment.Job instance at 0x14f49761ba00>,62,2,[ 1 10],63,495,497,432,495
1,<environment.Job instance at 0x14f49761b0a0>,65,24,[1 5],66,513,537,447,513
1,<environment.Job instance at 0x14f4976dda00>,70,22,[1 5],71,545,567,474,545
1,<environment.Job instance at 0x14f4e351baa0>,72,15,[10  2],73,567,582,494,554
1,<environment.Job instance at 0x14f4e351b910>,74,12,[6 1],75,582,594,507,575
1,<environment.Job instance at 0x14f497411960>,82,19,[9 1],83,799,818,716,799
1,<environment.Job instance at 0x14f497411b40>,84,2,[1 8],85,811,813,726,811
1,<environment.Job instance at 0x14f497d6ce10>,88,2,[1 9],89,838,840,749,838
1,<environment.Job instance at 0x14f4e58e81e0>,89,3,[1 8],90,842,845,752,842
1,<environment.Job instance at 0x14f4e58e8370>,90,20,[9 1],91,842,862,751,842
1,<environment.Job instance at 0x14f4df240d70>,97,2,[2 9],98,952,954,854,952
1,<environment.Job instance at 0x14f497640960>,2,13,[2 5],3,51,64,48,51
1,<environment.Job instance at 0x14f497a45730>,25,14,[1 7],26,231,245,205,231
1,<environment.Job instance at 0x14f4df1b6f00>,30,1,[9 2],31,266,267,235,266
1,<environment.Job instance at 0x14f4df1b6a00>,36,12,[ 1 10],37,292,304,255,292
1,<environment.Job instance at 0x14f4e352b550>,46,24,[7 2],47,384,408,337,384
1,<environment.Job instance at 0x14f4974038c0>,58,20,[2 7],59,448,468,389,448
1,<environment.Job instance at 0x14f497403b90>,59,24,[8 2],60,448,472,388,448
1,<environment.Job instance at 0x14f497403cd0>,61,28,[5 1],62,487,515,425,487
1,<environment.Job instance at 0x14f497e478c0>,69,24,[6 1],70,524,548,454,524
1,<environment.Job instance at 0x14f497e472d0>,70,28,[2 5],71,538,566,467,538
1,<environment.Job instance at 0x14f497e47730>,72,13,[7 1],73,548,561,475,541
1,<environment.Job instance at 0x14f497e47be0>,76,26,[2 8],77,580,606,503,580
1,<environment.Job instance at 0x14f497e47960>,77,20,[1 8],78,606,626,528,598
1,<environment.Job instance at 0x14f497e47f00>,78,3,[5 2],79,599,602,520,599
1,<environment.Job instance at 0x14f497fecc80>,80,15,[10  2],81,626,641,545,612
1,<environment.Job instance at 0x14f497feca00>,82,22,[2 5],83,641,663,558,638
1,<environment.Job instance at 0x14f4974615f0>,11,17,[ 2 10],12,60,77,48,60
1,<environment.Job instance at 0x14f4decd1500>,38,14,[5 1],39,327,341,288,327
1,<environment.Job instance at 0x14f4dec10b90>,61,3,[5 2],62,539,542,477,539
1,<environment.Job instance at 0x14f4972716e0>,75,3,[2 6],76,682,685,606,682
1,<environment.Job instance at 0x14859025fc30>,1,2,[2 5],2,6,8,4,6
1,<environment.Job instance at 0x148586eec780>,7,1,[7 2],8,11,12,3,11
1,<environment.Job instance at 0x148586eecb40>,9,2,[8 1],10,18,20,8,18
1,<environment.Job instance at 0x148586eef230>,20,3,[7 1],21,98,101,77,98
1,<environment.Job instance at 0x148586eef7d0>,26,20,[2 8],27,169,189,142,169
1,<environment.Job instance at 0x148586eef780>,29,20,[1 5],30,189,209,159,183
1,<environment.Job instance at 0x148586eefb90>,30,2,[2 8],31,209,211,178,183
1,<environment.Job instance at 0x148586eefb40>,31,23,[5 1],32,184,207,152,184
1,<environment.Job instance at 0x148586eefbe0>,32,2,[2 9],33,211,213,178,184
1,<environment.Job instance at 0x148586eefc80>,33,2,[9 1],34,207,209,173,187
1,<environment.Job instance at 0x148586eee0f0>,39,2,[5 2],40,233,235,193,233
1,<environment.Job instance at 0x148586eee460>,45,15,[2 5],46,273,288,227,273
1,<environment.Job instance at 0x148586eee500>,46,21,[2 6],47,288,309,241,280
1,<environment.Job instance at 0x148586eee6e0>,48,1,[6 2],49,285,286,236,285
1,<environment.Job instance at 0x148586eeec80>,57,1,[5 1],58,348,349,290,348
1,<environment.Job instance at 0x148586eeedc0>,58,17,[2 7],59,348,365,289,348
1,<environment.Job instance at 0x148586eeeeb0>,62,3,[6 2],63,393,396,330,393
1,<environment.Job instance at 0x148586ef3d20>,82,3,[2 8],83,554,557,471,554
1,<environment.Job instance at 0x148586ef4cd0>,100,20,[10  2],101,742,762,641,742
1,<environment.Job instance at 0x148586ef4c30>,101,14,[6 1],102,762,776,660,747
1,<environment.Job instance at 0x148586ef4e60>,104,12,[10  1],105,808,820,703,808
1,<environment.Job instance at 0x148586ef42d0>,2,3,[2 8],3,16,19,13,16
1,<environment.Job instance at 0x148588d7f780>,29,3,[1 7],30,245,248,215,245
1,<environment.Job instance at 0x1485895a7370>,38,2,[8 2],39,376,378,337,376
1,<environment.Job instance at 0x1485895a7190>,39,19,[5 2],40,381,400,341,381
1,<environment.Job instance at 0x1485895a7280>,41,19,[2 5],42,397,416,355,397
1,<environment.Job instance at 0x1485895a7e10>,42,25,[5 2],43,409,434,366,409
1,<environment.Job instance at 0x14858954faf0>,47,2,[2 5],48,421,423,373,421
1,<environment.Job instance at 0x1485895ff410>,58,24,[10  2],59,510,534,451,510
1,<environment.Job instance at 0x14858957cdc0>,79,14,[1 6],80,667,681,587,667
1,<environment.Job instance at 0x1485895f88c0>,4,14,[10  1],5,10,24,5,10
1,<environment.Job instance at 0x1485659e2b40>,5,19,[5 1],6,24,43,18,15
1,<environment.Job instance at 0x1485659b51e0>,15,15,[6 1],16,43,58,27,31
1,<environment.Job instance at 0x148565a278c0>,21,3,[1 7],22,64,67,42,64
1,<environment.Job instance at 0x148565a2f870>,50,2,[1 9],51,279,281,228,279
1,<environment.Job instance at 0x148565a2f8c0>,52,17,[2 5],53,284,301,231,284
1,<environment.Job instance at 0x148565a25190>,63,22,[6 2],64,431,453,367,431
1,<environment.Job instance at 0x148565a182d0>,70,3,[7 1],71,461,464,390,461
1,<environment.Job instance at 0x148565a18aa0>,87,24,[2 6],88,561,585,473,561
1,<environment.Job instance at 0x1485658f43c0>,95,15,[2 8],96,603,618,507,603
1,<environment.Job instance at 0x1485658f4870>,98,3,[1 8],99,623,626,524,623
1,<environment.Job instance at 0x1485658f4af0>,102,16,[2 8],103,641,657,538,641
1,<environment.Job instance at 0x1485658f4a00>,101,15,[7 1],102,642,657,540,642
1,<environment.Job instance at 0x148565f5eeb0>,19,20,[ 2 10],20,88,108,68,88
1,<environment.Job instance at 0x148565ef2320>,37,17,[1 7],38,251,268,213,251
1,<environment.Job instance at 0x148565ef24b0>,43,21,[9 2],44,286,307,242,286
1,<environment.Job instance at 0x148565f63f00>,55,26,[5 2],56,373,399,317,373
1,<environment.Job instance at 0x148565e983c0>,91,14,[2 7],92,813,827,721,813
1,<environment.Job instance at 0x148565eb0f50>,95,24,[9 1],96,837,861,741,837
1,<environment.Job instance at 0x148565eb0dc0>,96,22,[1 7],97,837,859,740,837
1,<environment.Job instance at 0x14858e28a230>,97,2,[ 2 10],98,861,863,763,837
1,<environment.Job instance at 0x1485842e6b90>,98,12,[1 7],99,863,875,764,851
1,<environment.Job instance at 0x1485895410a0>,3,28,[6 2],4,7,35,3,7
1,<environment.Job instance at 0x148589541cd0>,9,14,[7 1],10,35,49,25,29
1,<environment.Job instance at 0x148588fdd4b0>,14,3,[9 1],15,49,52,34,49
1,<environment.Job instance at 0x148588fdd7d0>,17,2,[9 2],18,72,74,54,72
1,<environment.Job instance at 0x148588fdd5f0>,23,2,[7 1],24,116,118,92,116
1,<environment.Job instance at 0x148588fdd1e0>,26,1,[1 6],27,144,145,117,144
1,<environment.Job instance at 0x148588fdd730>,25,3,[8 1],26,161,164,135,161
1,<environment.Job instance at 0x148588fdd0f0>,30,14,[ 2 10],31,164,178,133,162
1,<environment.Job instance at 0x1485898842d0>,42,13,[1 5],43,302,315,259,302
1,<environment.Job instance at 0x14858f7ec500>,54,1,[2 7],55,419,420,364,419
1,<environment.Job instance at 0x148586eef370>,70,21,[6 2],71,575,596,504,575
1,<environment.Job instance at 0x14858c1649b0>,74,12,[1 6],75,604,616,529,604
1,<environment.Job instance at 0x14858c164640>,76,16,[7 1],77,623,639,546,623
1,<environment.Job instance at 0x14858e16de60>,79,3,[ 2 10],80,644,647,564,644
1,<environment.Job instance at 0x14858e16d190>,82,3,[8 2],83,679,682,596,679
1,<environment.Job instance at 0x14858e16d3c0>,87,3,[9 1],88,684,687,596,684
1,<environment.Job instance at 0x14858e16df50>,90,14,[10  1],91,698,712,607,698
1,<environment.Job instance at 0x1485873d1320>,91,1,[9 2],92,712,713,620,701
1,<environment.Job instance at 0x1485873d1140>,92,3,[ 1 10],93,713,716,620,701
1,<environment.Job instance at 0x1485873d15a0>,93,15,[6 1],94,716,731,622,705
1,<environment.Job instance at 0x148587364f50>,96,2,[7 1],97,773,775,676,773
1,<environment.Job instance at 0x148587364320>,104,24,[6 2],105,811,835,706,811
1,<environment.Job instance at 0x148589586140>,105,15,[7 1],106,836,851,730,836
1,<environment.Job instance at 0x148588dc5780>,6,20,[6 1],7,10,30,3,10
1,<environment.Job instance at 0x14858e1c85a0>,2,3,[8 1],3,30,33,27,22
1,<environment.Job instance at 0x148588dc5f50>,11,3,[2 6],12,23,26,11,23
1,<environment.Job instance at 0x148588dc55a0>,12,3,[10  2],13,33,36,20,23
1,<environment.Job instance at 0x148588dc5500>,8,3,[1 5],9,28,31,19,28
1,<environment.Job instance at 0x148588dc50f0>,20,1,[9 2],21,93,94,72,93
1,<environment.Job instance at 0x148588e835a0>,22,1,[5 2],23,99,100,76,99
1,<environment.Job instance at 0x148588e83050>,27,24,[5 2],28,136,160,108,136
1,<environment.Job instance at 0x14858c1687d0>,39,2,[2 6],40,205,207,165,205
1,<environment.Job instance at 0x1485888c9d20>,62,1,[5 1],63,458,459,395,458
1,<environment.Job instance at 0x1485888c91e0>,68,3,[1 5],69,507,510,438,507
1,<environment.Job instance at 0x1485898864b0>,71,23,[2 7],72,532,555,460,532
1,<environment.Job instance at 0x148588d072d0>,98,2,[2 5],99,789,791,690,789
1,<environment.Job instance at 0x148588d07a50>,99,13,[8 2],100,789,802,689,789
1,<environment.Job instance at 0x148588d073c0>,102,21,[10  1],103,803,824,700,803
1,<environment.Job instance at 0x148588d078c0>,104,1,[2 5],105,824,825,719,813
1,<environment.Job instance at 0x148588d070f0>,106,19,[5 2],107,824,843,717,817
1,<environment.Job instance at 0x148588d07460>,107,18,[8 1],108,843,861,735,832
1,<environment.Job instance at 0x148588faf410>,48,24,[7 2],49,397,421,348,397
1,<environment.Job instance at 0x148584205640>,1,3,[1 5],2,10,13,8,10
1,<environment.Job instance at 0x14858f7751e0>,8,3,[5 2],9,19,22,10,19
1,<environment.Job instance at 0x14858956ad20>,22,26,[7 2],23,109,135,86,109
1,<environment.Job instance at 0x14858956a410>,24,18,[2 7],25,110,128,85,110
1,<environment.Job instance at 0x14858956a230>,25,2,[8 1],26,135,137,109,112
1,<environment.Job instance at 0x148587864050>,31,3,[6 1],32,152,155,120,152
1,<environment.Job instance at 0x14858d8c81e0>,59,1,[2 9],60,419,420,359,419
1,<environment.Job instance at 0x14858d8c8370>,60,16,[2 5],61,423,439,362,423
1,<environment.Job instance at 0x14858d8c8640>,70,22,[ 1 10],71,455,477,384,455
1,<environment.Job instance at 0x148588d604b0>,81,3,[5 1],82,521,524,439,521
1,<environment.Job instance at 0x148588dee640>,86,25,[2 5],87,552,577,465,552
1,<environment.Job instance at 0x148588dee410>,89,12,[1 7],90,578,590,488,578
1,<environment.Job instance at 0x148588deecd0>,90,16,[1 6],91,590,606,499,580
1,<environment.Job instance at 0x148588dee910>,95,1,[10  1],96,627,628,531,627
1,<environment.Job instance at 0x1485894e4f00>,8,25,[ 1 10],9,12,37,3,12
1,<environment.Job instance at 0x1485894e4050>,9,2,[1 9],10,37,39,27,14
1,<environment.Job instance at 0x1485901a6dc0>,22,18,[1 8],23,170,188,147,170
1,<environment.Job instance at 0x14858786fcd0>,48,25,[2 6],49,402,427,353,402
1,<environment.Job instance at 0x148588edde10>,61,2,[8 2],62,507,509,445,507
1,<environment.Job instance at 0x148588edd5f0>,65,1,[9 1],66,537,538,471,537
1,<environment.Job instance at 0x148565568140>,106,16,[7 2],107,960,976,853,960
1,<environment.Job instance at 0x14856554be10>,6,24,[5 2],7,10,34,3,10
1,<environment.Job instance at 0x14856555a460>,10,3,[2 8],11,13,16,2,13
1,<environment.Job instance at 0x14859011f410>,15,17,[10  1],16,35,52,19,35
1,<environment.Job instance at 0x148565505d20>,20,22,[ 2 10],21,72,94,51,72
1,<environment.Job instance at 0x148588e83820>,29,12,[1 8],30,146,158,116,146
1,<environment.Job instance at 0x14858956bc30>,31,2,[5 1],32,146,148,114,146
1,<environment.Job instance at 0x14858f7eb1e0>,41,13,[1 8],42,237,250,195,237
1,<environment.Job instance at 0x1485901205f0>,49,2,[ 2 10],50,285,287,235,285
1,<environment.Job instance at 0x1485898a03c0>,103,15,[2 9],104,778,793,674,778
1,<environment.Job instance at 0x14858e1900f0>,7,22,[2 5],8,21,43,13,21
1,<environment.Job instance at 0x14858e17b230>,58,3,[ 2 10],59,497,500,438,497
1,<environment.Job instance at 0x14858df43230>,66,13,[1 7],67,599,612,532,599
1,<environment.Job instance at 0x148565ea8be0>,3,17,[5 1],4,4,21,0,4
1,<environment.Job instance at 0x148565a90820>,0,14,[9 2],1,21,35,20,6
1,<environment.Job instance at 0x1485873c64b0>,9,18,[1 5],10,20,38,10,20
1,<environment.Job instance at 0x1485873c6af0>,14,1,[9 2],15,35,36,20,28
1,<environment.Job instance at 0x148584136fa0>,24,14,[8 2],25,129,143,104,129
1,<environment.Job instance at 0x14858f78abe0>,30,3,[2 6],31,159,162,128,159
1,<environment.Job instance at 0x14858f78ab90>,36,23,[9 1],37,235,258,198,235
1,<environment.Job instance at 0x14858f78a780>,38,14,[9 2],39,258,272,219,249
1,<environment.Job instance at 0x14858fbabfa0>,62,20,[1 9],63,547,567,484,547
1,<environment.Job instance at 0x14858fbab460>,64,13,[8 2],65,567,580,502,557
1,<environment.Job instance at 0x14858fbab960>,69,22,[ 1 10],70,606,628,536,606
1,<environment.Job instance at 0x1485842f7d70>,97,20,[1 9],98,944,964,846,944
1,<environment.Job instance at 0x1485842f7640>,100,21,[5 1],101,944,965,843,944
1,<environment.Job instance at 0x1485842f7960>,103,27,[6 1],104,988,1015,884,988
1,<environment.Job instance at 0x1485842f7280>,105,22,[2 5],106,989,1011,883,989
1,<environment.Job instance at 0x14856597bdc0>,8,24,[7 1],9,34,58,25,34
1,<environment.Job instance at 0x148565eedc30>,30,1,[1 8],31,301,302,270,301
1,<environment.Job instance at 0x14858f81ae10>,36,23,[2 8],37,399,422,362,399
1,<environment.Job instance at 0x14858f81ab90>,43,23,[5 1],44,472,495,428,472
1,<environment.Job instance at 0x14858f81afa0>,44,13,[1 9],45,472,485,427,472
1,<environment.Job instance at 0x14858f81a140>,45,15,[9 2],46,508,523,462,508
1,<environment.Job instance at 0x148588e3d0f0>,51,3,[ 2 10],52,530,533,478,530
1,<environment.Job instance at 0x148588e3d2d0>,55,26,[5 2],56,544,570,488,544
1,<environment.Job instance at 0x148588e3d1e0>,57,1,[1 9],58,570,571,512,556
1,<environment.Job instance at 0x148588e3daf0>,59,17,[ 1 10],60,571,588,511,566
1,<environment.Job instance at 0x1485840e23c0>,64,15,[5 1],65,652,667,587,652
1,<environment.Job instance at 0x1485840e2230>,65,27,[5 1],66,653,680,587,653
1,<environment.Job instance at 0x148589562e10>,67,24,[5 2],68,671,695,603,671
1,<environment.Job instance at 0x148589562820>,79,3,[6 2],80,854,857,774,854
1,<environment.Job instance at 0x14858e16f780>,1,2,[10  1],2,7,9,5,7
1,<environment.Job instance at 0x148565aeb820>,7,15,[2 9],8,9,24,1,8
1,<environment.Job instance at 0x148565aeb370>,10,24,[1 9],11,56,80,45,56
1,<environment.Job instance at 0x148565ad3c30>,14,21,[9 1],15,72,93,57,72
1,<environment.Job instance at 0x148565ad23c0>,19,25,[6 1],20,154,179,134,154
1,<environment.Job instance at 0x148565adfa50>,27,2,[7 1],28,179,181,151,161
1,<environment.Job instance at 0x148586ed6460>,31,14,[9 2],32,181,195,149,171
1,<environment.Job instance at 0x1485873575a0>,34,14,[2 5],35,195,209,160,182
1,<environment.Job instance at 0x1485873814b0>,38,12,[1 5],39,220,232,181,220
1,<environment.Job instance at 0x148587378460>,47,17,[7 1],48,243,260,195,243
1,<environment.Job instance at 0x148565ae1820>,52,25,[ 2 10],53,313,338,260,313
1,<environment.Job instance at 0x148565abfe10>,103,22,[7 1],104,920,942,816,920
1,<environment.Job instance at 0x14858735b140>,0,26,[1 8],1,2,28,1,2
1,<environment.Job instance at 0x148586ecd500>,7,23,[6 2],8,12,35,4,12
1,<environment.Job instance at 0x14858735baa0>,2,2,[8 2],3,35,37,32,12
1,<environment.Job instance at 0x148586ecd320>,16,1,[ 1 10],17,49,50,32,49
1,<environment.Job instance at 0x148587347960>,49,20,[2 6],50,333,353,283,333
1,<environment.Job instance at 0x148587350820>,65,13,[2 8],66,459,472,393,459
1,<environment.Job instance at 0x148587350370>,76,22,[1 9],77,507,529,430,507
1,<environment.Job instance at 0x148587357780>,87,16,[2 5],88,595,611,507,595
1,<environment.Job instance at 0x148587357460>,88,15,[5 1],89,600,615,511,600
1,<environment.Job instance at 0x148587357b90>,89,15,[10  1],90,615,630,525,602
1,<environment.Job instance at 0x148587357aa0>,86,14,[9 2],87,630,644,543,627
1,<environment.Job instance at 0x148587355960>,103,2,[1 7],104,749,751,645,749
1,<environment.Job instance at 0x1485873558c0>,105,14,[9 1],106,779,793,673,779
1,<environment.Job instance at 0x1485873550f0>,108,25,[2 5],109,795,820,686,795
1,<environment.Job instance at 0x1485895dc0a0>,7,22,[2 7],8,23,45,15,23
1,<environment.Job instance at 0x148586ef8870>,11,18,[8 2],12,39,57,27,39
1,<environment.Job instance at 0x1485895f7140>,21,3,[2 6],22,139,142,117,139
1,<environment.Job instance at 0x1485873c10a0>,29,1,[10  1],30,162,163,132,162
1,<environment.Job instance at 0x1485895eeaa0>,31,1,[8 1],32,189,190,157,189
1,<environment.Job instance at 0x1485656ab190>,36,23,[1 6],37,240,263,203,240
1,<environment.Job instance at 0x148565cc9cd0>,42,24,[10  1],43,272,296,229,272
1,<environment.Job instance at 0x1485873b27d0>,48,21,[6 2],49,316,337,267,316
1,<environment.Job instance at 0x14858404d050>,52,21,[2 5],53,331,352,278,331
1,<environment.Job instance at 0x1485873bf8c0>,79,15,[2 6],80,613,628,533,613
1,<environment.Job instance at 0x1485873bf550>,89,14,[5 1],90,696,710,606,696
1,<environment.Job instance at 0x1485873bf5f0>,90,16,[8 2],91,710,726,619,698
1,<environment.Job instance at 0x14858739f050>,91,3,[ 2 10],92,726,729,634,704
1,<environment.Job instance at 0x14858739f690>,101,2,[8 1],102,782,784,680,782
1,<environment.Job instance at 0x1485895f7730>,6,23,[7 1],7,15,38,8,15
1,<environment.Job instance at 0x148587338f50>,11,19,[1 7],12,26,45,14,26
1,<environment.Job instance at 0x148587338050>,12,15,[10  2],13,51,66,38,51
1,<environment.Job instance at 0x148589487cd0>,28,2,[1 9],29,183,185,154,183
1,<environment.Job instance at 0x148588ff9c80>,37,2,[2 9],38,309,311,271,309
1,<environment.Job instance at 0x148565d340f0>,42,13,[2 5],43,351,364,308,351
1,<environment.Job instance at 0x148588fd11e0>,56,13,[2 8],57,492,505,435,492
1,<environment.Job instance at 0x1485895e0820>,63,1,[7 1],64,545,546,481,545
1,<environment.Job instance at 0x148588d416e0>,75,25,[1 5],76,677,702,601,677
1,<environment.Job instance at 0x1485842844b0>,81,13,[2 6],82,722,735,640,722
1,<environment.Job instance at 0x14856569b550>,82,1,[ 1 10],83,735,736,652,724
1,<environment.Job instance at 0x148584158910>,2,13,[7 1],3,7,20,4,7
1,<environment.Job instance at 0x14858406e320>,7,20,[1 8],8,11,31,3,11
1,<environment.Job instance at 0x14858406e0a0>,13,28,[1 9],14,49,77,35,49
1,<environment.Job instance at 0x148565a330f0>,52,22,[2 6],53,480,502,427,480
1,<environment.Job instance at 0x148565a4a550>,68,14,[5 1],69,688,702,619,688
1,<environment.Job instance at 0x148584303550>,91,3,[5 2],92,884,887,792,884
1,<environment.Job instance at 0x1485842e9d20>,3,18,[1 5],4,6,24,2,6
1,<environment.Job instance at 0x14858e17fd70>,11,27,[5 1],12,41,68,29,41
1,<environment.Job instance at 0x14858e17fc30>,14,1,[9 2],15,76,77,61,76
1,<environment.Job instance at 0x14858f7f61e0>,42,14,[ 2 10],43,308,322,265,308
1,<environment.Job instance at 0x14858f7f6cd0>,53,2,[6 2],54,394,396,340,394
1,<environment.Job instance at 0x148588eb1c80>,65,17,[7 1],66,523,540,457,523
1,<environment.Job instance at 0x148588eb1f50>,66,2,[9 1],67,540,542,473,524
1,<environment.Job instance at 0x1485840fb140>,98,16,[8 2],99,909,925,810,909
1,<environment.Job instance at 0x148588d7caf0>,1,24,[7 2],2,14,38,12,14
1,<environment.Job instance at 0x148565db90f0>,5,2,[2 6],6,31,33,25,31
1,<environment.Job instance at 0x148565dbf0a0>,15,13,[2 5],16,73,86,57,73
1,<environment.Job instance at 0x148565757dc0>,31,25,[6 2],32,252,277,220,252
1,<environment.Job instance at 0x148565dbc280>,36,20,[1 5],37,292,312,255,292
1,<environment.Job instance at 0x148565dbc230>,38,1,[2 6],39,312,313,273,294
1,<environment.Job instance at 0x148565dbc2d0>,39,18,[10  2],40,313,331,273,305
1,<environment.Job instance at 0x148565dbc410>,41,1,[ 2 10],42,331,332,289,313
1,<environment.Job instance at 0x148565dbc870>,48,1,[2 6],49,365,366,316,365
1,<environment.Job instance at 0x148565dbc910>,49,13,[7 2],50,368,381,318,368
1,<environment.Job instance at 0x148565dbcc30>,59,14,[1 5],60,438,452,378,438
1,<environment.Job instance at 0x148565dd95f0>,69,2,[5 2],70,491,493,421,491
1,<environment.Job instance at 0x148565dd9aa0>,73,12,[8 2],74,516,528,442,516
1,<environment.Job instance at 0x148565dd9b40>,74,3,[8 2],75,528,531,453,520
1,<environment.Job instance at 0x148565dd9c30>,75,28,[1 5],76,522,550,446,522
1,<environment.Job instance at 0x148565dca230>,82,25,[1 7],83,576,601,493,576
1,<environment.Job instance at 0x14ded8a06780>,8,2,[2 5],9,9,11,0,9
1,<environment.Job instance at 0x14ded8a06c30>,12,22,[2 6],13,13,35,0,13
1,<environment.Job instance at 0x14ded8a08140>,18,3,[1 6],19,69,72,50,69
1,<environment.Job instance at 0x14ded8a08280>,20,3,[7 1],21,74,77,53,74
1,<environment.Job instance at 0x14ded8a08820>,28,20,[1 9],29,180,200,151,180
1,<environment.Job instance at 0x14ded8a08af0>,30,2,[2 8],31,200,202,169,182
1,<environment.Job instance at 0x14ded8a08c80>,33,2,[9 1],34,183,185,149,183
1,<environment.Job instance at 0x14ded8a08d20>,34,20,[5 1],35,190,210,155,190
1,<environment.Job instance at 0x14ded8a0a050>,39,2,[5 2],40,232,234,192,232
1,<environment.Job instance at 0x14ded8a0a140>,40,19,[1 7],41,233,252,192,233
1,<environment.Job instance at 0x14ded8a0ab40>,57,1,[5 1],58,344,345,286,344
1,<environment.Job instance at 0x14ded8a0ad20>,58,17,[2 7],59,353,370,294,353
1,<environment.Job instance at 0x14ded8a10280>,85,20,[2 9],86,680,700,594,680
1,<environment.Job instance at 0x14ded8a10d70>,100,20,[10  2],101,807,827,706,807
1,<environment.Job instance at 0x14ded8a10640>,104,12,[10  1],105,833,845,728,833
1,<environment.Job instance at 0x14ded8a12550>,112,3,[2 8],113,929,932,816,929
1,<environment.Job instance at 0x14dedfd1b6e0>,28,2,[8 2],29,246,248,217,246
1,<environment.Job instance at 0x14dedfd1b780>,35,1,[6 1],36,295,296,259,295
1,<environment.Job instance at 0x14dedfd1b410>,37,2,[2 5],38,298,300,260,298
1,<environment.Job instance at 0x14dedfd1ba00>,42,1,[6 2],43,321,322,278,321
1,<environment.Job instance at 0x14dedfd1b960>,45,15,[8 1],46,343,358,297,343
1,<environment.Job instance at 0x14dedfd68820>,48,24,[10  2],49,364,388,315,364
1,<environment.Job instance at 0x14dedf66c6e0>,77,17,[6 2],78,711,728,633,711
1,<environment.Job instance at 0x14dedf66c0a0>,78,19,[1 5],79,716,735,637,716
1,<environment.Job instance at 0x14dedf66cd20>,80,17,[1 7],81,735,752,654,727
1,<environment.Job instance at 0x14deda964640>,102,20,[7 2],103,906,926,803,906
1,<environment.Job instance at 0x14deda9c3d20>,103,20,[1 6],104,907,927,803,907
1,<environment.Job instance at 0x14deda9d49b0>,104,14,[10  1],105,927,941,822,913
1,<environment.Job instance at 0x14deda9d4460>,105,19,[5 1],106,941,960,835,931
1,<environment.Job instance at 0x14deda9d44b0>,107,3,[2 5],108,941,944,833,931
1,<environment.Job instance at 0x14deda9d4d70>,111,2,[1 7],112,954,956,842,954
1,<environment.Job instance at 0x14deda9d4cd0>,112,15,[1 9],113,956,971,843,954
1,<environment.Job instance at 0x14deda9c1140>,114,2,[1 6],115,986,988,871,986
1,<environment.Job instance at 0x14deda8cd9b0>,115,15,[6 1],116,986,1001,870,986
1,<environment.Job instance at 0x14dedaae8d20>,117,20,[7 2],118,1004,1024,886,1004
1,<environment.Job instance at 0x14dedb07c5f0>,1,3,[1 7],2,2,5,0,2
1,<environment.Job instance at 0x14de938d11e0>,8,20,[7 1],9,25,45,16,25
1,<environment.Job instance at 0x14de93a741e0>,16,16,[7 2],17,71,87,54,71
1,<environment.Job instance at 0x14de9391bc80>,20,21,[6 2],21,87,108,66,84
1,<environment.Job instance at 0x14de9391b8c0>,21,17,[2 6],22,84,101,62,84
1,<environment.Job instance at 0x14de93b67870>,50,3,[7 1],51,285,288,234,285
1,<environment.Job instance at 0x14de93b710f0>,59,3,[2 9],60,372,375,312,372
1,<environment.Job instance at 0x14de93a51dc0>,62,12,[8 1],63,390,402,327,390
1,<environment.Job instance at 0x14de93992320>,81,15,[7 1],82,536,551,454,536
1,<environment.Job instance at 0x14de93ae9a00>,83,3,[9 2],84,551,554,467,540
1,<environment.Job instance at 0x14de939ecd20>,88,23,[6 1],89,564,587,475,564
1,<environment.Job instance at 0x14de93b320f0>,99,21,[1 7],100,635,656,535,635
1,<environment.Job instance at 0x14de9343b730>,42,14,[1 6],43,361,375,318,361
1,<environment.Job instance at 0x14de933be280>,56,21,[2 7],57,522,543,465,522
1,<environment.Job instance at 0x14de933be320>,57,1,[8 1],58,524,525,466,524
1,<environment.Job instance at 0x14de933beb40>,68,12,[1 7],69,620,632,551,620
1,<environment.Job instance at 0x14de933bebe0>,69,23,[1 6],70,632,655,562,632
1,<environment.Job instance at 0x14de933befa0>,74,20,[8 1],75,643,663,568,643
1,<environment.Job instance at 0x14de933bef50>,75,18,[2 8],76,655,673,579,645
1,<environment.Job instance at 0x14de9342de60>,93,2,[8 2],94,858,860,764,858
1,<environment.Job instance at 0x14de9342d050>,97,2,[9 2],98,884,886,786,884
1,<environment.Job instance at 0x14de9340e230>,103,2,[7 1],104,972,974,868,972
1,<environment.Job instance at 0x14de9348aaf0>,105,3,[8 1],106,996,999,890,996
1,<environment.Job instance at 0x14de935fb1e0>,106,1,[1 6],107,997,998,890,997
1,<environment.Job instance at 0x14deda9d33c0>,2,13,[1 5],3,5,18,2,5
1,<environment.Job instance at 0x14deda9d3190>,8,22,[5 2],9,14,36,5,14
1,<environment.Job instance at 0x14deda9d38c0>,11,19,[2 7],12,26,45,14,26
1,<environment.Job instance at 0x14dedf34c500>,15,2,[1 9],16,45,47,29,38
1,<environment.Job instance at 0x14dedf34cbe0>,16,16,[2 5],17,49,65,32,49
1,<environment.Job instance at 0x14deda8bb7d0>,26,25,[2 8],27,138,163,111,138
1,<environment.Job instance at 0x14deda8bb230>,27,1,[1 5],28,163,164,135,139
1,<environment.Job instance at 0x14deda8bb320>,30,21,[6 2],31,155,176,124,155
1,<environment.Job instance at 0x14deda8bb690>,31,19,[2 5],32,164,183,132,155
1,<environment.Job instance at 0x14deda8b72d0>,42,3,[8 2],43,224,227,181,224
1,<environment.Job instance at 0x14deda8b7870>,50,14,[10  1],51,284,298,233,284
1,<environment.Job instance at 0x14deda8b7c80>,52,3,[ 1 10],53,298,301,245,284
1,<environment.Job instance at 0x14deda8b7d20>,51,1,[9 2],52,301,302,249,284
1,<environment.Job instance at 0x14deda995320>,55,3,[1 9],56,302,305,246,302
1,<environment.Job instance at 0x14dedb0bebe0>,63,14,[ 2 10],64,355,369,291,355
1,<environment.Job instance at 0x14dedb0be140>,65,15,[7 1],66,369,384,303,355
1,<environment.Job instance at 0x14dedb0be8c0>,70,23,[8 1],71,400,423,329,400
1,<environment.Job instance at 0x14dedb0be870>,71,2,[5 1],72,423,425,351,401
1,<environment.Job instance at 0x14dedb0be780>,72,3,[8 1],73,425,428,352,402
1,<environment.Job instance at 0x14dedb0be550>,78,3,[1 5],79,440,443,361,440
1,<environment.Job instance at 0x14dedb0be640>,81,3,[2 6],82,487,490,405,487
1,<environment.Job instance at 0x14deda932280>,100,24,[5 2],101,661,685,560,661
1,<environment.Job instance at 0x14deda9328c0>,101,16,[1 7],102,674,690,572,674
1,<environment.Job instance at 0x14deda932690>,106,19,[7 1],107,685,704,578,683
1,<environment.Job instance at 0x14deda932af0>,109,2,[2 6],110,714,716,604,714
1,<environment.Job instance at 0x14deda932f00>,110,1,[1 7],111,716,717,605,714
1,<environment.Job instance at 0x14ded8e82910>,1,20,[2 7],2,3,23,1,3
1,<environment.Job instance at 0x14ded8eec410>,9,19,[ 1 10],10,23,42,13,13
1,<environment.Job instance at 0x14ded8eec2d0>,17,19,[1 7],18,85,104,67,85
1,<environment.Job instance at 0x14dee0c4fe60>,24,1,[8 2],25,143,144,118,143
1,<environment.Job instance at 0x14dee0c4f820>,28,14,[8 2],29,178,192,149,178
1,<environment.Job instance at 0x14dee12e3f00>,33,19,[1 5],34,211,230,177,211
1,<environment.Job instance at 0x14dee12e3910>,36,17,[1 6],37,230,247,193,227
1,<environment.Job instance at 0x14dee12e31e0>,40,23,[5 1],41,283,306,242,283
1,<environment.Job instance at 0x14dee1c69b40>,64,19,[8 2],65,552,571,487,552
1,<environment.Job instance at 0x14dee1c69a50>,68,3,[ 2 10],69,619,622,550,619
1,<environment.Job instance at 0x14dedfc8c1e0>,100,2,[7 1],101,972,974,871,972
1,<environment.Job instance at 0x14ded4162dc0>,116,3,[ 1 10],117,1160,1163,1043,1160
1,<environment.Job instance at 0x14dedb0d2be0>,1,1,[5 2],2,7,8,5,7
1,<environment.Job instance at 0x14dee1c692d0>,3,22,[8 2],4,33,55,29,33
1,<environment.Job instance at 0x14ded407fb40>,12,23,[2 6],13,36,59,23,36
1,<environment.Job instance at 0x14dedf3ecf50>,24,12,[1 7],25,220,232,195,220
1,<environment.Job instance at 0x14ded8ef0190>,38,15,[6 2],39,359,374,320,359
1,<environment.Job instance at 0x14ded8ef0640>,40,15,[ 1 10],41,374,389,333,361
1,<environment.Job instance at 0x14ded8ef0820>,43,20,[1 6],44,389,409,345,385
1,<environment.Job instance at 0x14ded8f110f0>,55,22,[ 2 10],56,498,520,442,498
1,<environment.Job instance at 0x14ded8f11410>,58,3,[5 2],59,520,523,461,516
1,<environment.Job instance at 0x14ded8f11690>,63,12,[2 8],64,542,554,478,542
1,<environment.Job instance at 0x14ded8f11b40>,72,26,[7 2],73,635,661,562,635
1,<environment.Job instance at 0x14ded8f11dc0>,74,18,[2 7],75,646,664,571,646
1,<environment.Job instance at 0x14ded8f20960>,91,18,[10  2],92,797,815,705,797
1,<environment.Job instance at 0x14ded8f20a00>,92,20,[7 2],93,817,837,724,817
1,<environment.Job instance at 0x14ded8f20f50>,98,17,[2 8],99,861,878,762,861
1,<environment.Job instance at 0x14ded8f10cd0>,111,1,[5 1],112,986,987,874,986
1,<environment.Job instance at 0x14de93a076e0>,115,3,[7 1],116,1000,1003,884,1000
1,<environment.Job instance at 0x14dedb01e050>,3,2,[1 7],4,5,7,1,5
1,<environment.Job instance at 0x14ded8eee0a0>,2,3,[1 5],3,7,10,4,6
1,<environment.Job instance at 0x14dee127fbe0>,11,3,[5 1],12,23,26,11,23
1,<environment.Job instance at 0x14dee12da5a0>,21,17,[1 5],22,104,121,82,104
1,<environment.Job instance at 0x14dee12df960>,14,28,[2 7],15,131,159,116,131
1,<environment.Job instance at 0x14dee12dae60>,25,1,[10  1],26,159,160,133,135
1,<environment.Job instance at 0x14de9380fc80>,35,20,[1 9],36,196,216,160,196
1,<environment.Job instance at 0x14de93ae0050>,49,2,[1 9],50,327,329,277,327
1,<environment.Job instance at 0x14dedab37320>,111,27,[1 7],112,797,824,685,797
1,<environment.Job instance at 0x14dedab2e6e0>,113,2,[9 1],114,801,803,687,801
1,<environment.Job instance at 0x14dedab2ec80>,2,13,[7 2],3,3,16,0,3
1,<environment.Job instance at 0x14ded40a6a00>,3,14,[10  2],4,16,30,12,6
1,<environment.Job instance at 0x14ded40a69b0>,9,3,[1 7],10,30,33,20,20
1,<environment.Job instance at 0x14dedab2e1e0>,4,13,[6 1],5,30,43,25,20
1,<environment.Job instance at 0x14ded40a6320>,13,3,[2 6],14,33,36,19,25
1,<environment.Job instance at 0x14ded40a6460>,11,26,[8 1],12,43,69,31,41
1,<environment.Job instance at 0x14dedaaf4190>,18,3,[5 2],19,69,72,50,60
1,<environment.Job instance at 0x14dedaaf4f00>,24,1,[8 2],25,157,158,132,157
1,<environment.Job instance at 0x14dee0c21f00>,40,3,[2 8],41,323,326,282,323
1,<environment.Job instance at 0x14dee0c214b0>,45,17,[10  1],46,368,385,322,368
1,<environment.Job instance at 0x14dedfdbefa0>,50,22,[ 2 10],51,425,447,374,425
1,<environment.Job instance at 0x14dedfdbee60>,55,2,[1 5],56,447,449,391,430
1,<environment.Job instance at 0x14dedfdbe230>,58,3,[1 8],59,449,452,390,445
1,<environment.Job instance at 0x14ded40a0410>,61,2,[5 1],62,467,469,405,467
1,<environment.Job instance at 0x14ded40a00a0>,63,1,[1 7],64,472,473,408,472
1,<environment.Job instance at 0x14ded40a0af0>,66,2,[8 2],67,489,491,422,489
1,<environment.Job instance at 0x14dedb07b2d0>,90,18,[8 2],91,756,774,665,756
1,<environment.Job instance at 0x14dedaa73d70>,97,2,[1 8],98,848,850,750,848
1,<environment.Job instance at 0x14dedab30190>,5,19,[1 9],6,9,28,3,9
1,<environment.Job instance at 0x14deded0bf00>,2,2,[1 9],3,29,31,26,29
1,<environment.Job instance at 0x14dedab30500>,9,18,[1 9],10,47,65,37,47
1,<environment.Job instance at 0x14dedab30230>,10,18,[ 2 10],11,65,83,54,56
1,<environment.Job instance at 0x14dedab305a0>,12,1,[5 1],13,57,58,44,57
1,<environment.Job instance at 0x14dedab30aa0>,19,28,[6 1],20,115,143,95,115
1,<environment.Job instance at 0x14dedab5e230>,32,19,[7 1],33,245,264,212,245
1,<environment.Job instance at 0x14dedab47140>,51,25,[9 1],52,413,438,361,413
1,<environment.Job instance at 0x14dedab472d0>,53,18,[7 1],54,438,456,384,427
1,<environment.Job instance at 0x14dedab47410>,56,13,[1 5],57,427,440,370,427
1,<environment.Job instance at 0x14dedab5aa50>,87,1,[ 1 10],88,686,687,598,686
1,<environment.Job instance at 0x14dedab3f0f0>,96,20,[7 2],97,754,774,657,754
1,<environment.Job instance at 0x14dedab3f140>,98,19,[10  1],99,783,802,684,783
1,<environment.Job instance at 0x14dedab3f410>,101,13,[5 1],102,802,815,700,787
1,<environment.Job instance at 0x14dedab3f5a0>,105,17,[10  2],106,837,854,731,837
1,<environment.Job instance at 0x14dedab3f870>,108,1,[9 2],109,854,855,745,847
1,<environment.Job instance at 0x14dedab3fcd0>,113,3,[6 2],114,904,907,790,904
1,<environment.Job instance at 0x14dedab2f0f0>,118,19,[ 2 10],119,952,971,833,952
1,<environment.Job instance at 0x14de937d0d70>,6,27,[6 1],7,23,50,16,23
1,<environment.Job instance at 0x14de937d0910>,5,12,[1 5],6,52,64,46,52
1,<environment.Job instance at 0x14dedb01ef50>,14,23,[5 2],15,53,76,38,53
1,<environment.Job instance at 0x14dedb01ee60>,13,17,[5 1],14,73,90,59,73
1,<environment.Job instance at 0x14de938f8d20>,34,14,[8 2],35,175,189,140,175
1,<environment.Job instance at 0x14de93567460>,45,19,[1 5],46,267,286,221,267
1,<environment.Job instance at 0x14de933dc2d0>,48,14,[9 2],49,294,308,245,294
1,<environment.Job instance at 0x14de93567280>,49,15,[2 9],50,308,323,258,298
1,<environment.Job instance at 0x14de93b0d8c0>,56,1,[2 6],57,383,384,326,383
1,<environment.Job instance at 0x14de93488410>,57,1,[2 7],58,384,385,326,384
1,<environment.Job instance at 0x14de93488730>,59,18,[7 2],60,384,402,324,384
1,<environment.Job instance at 0x14deda994910>,61,24,[9 2],62,420,444,358,420
1,<environment.Job instance at 0x14dedab1a4b0>,76,28,[9 1],77,492,520,415,492
1,<environment.Job instance at 0x14deda8719b0>,79,22,[ 1 10],80,524,546,444,524
1,<environment.Job instance at 0x14ded8eeb500>,86,15,[7 2],87,559,574,472,559
1,<environment.Job instance at 0x14de937e7320>,94,27,[2 6],95,659,686,564,659
1,<environment.Job instance at 0x14dedb0b2cd0>,101,21,[2 6],102,706,727,604,706
1,<environment.Job instance at 0x14de93444960>,107,20,[1 9],108,772,792,664,772
1,<environment.Job instance at 0x14de93444410>,108,25,[6 1],109,772,797,663,772
1,<environment.Job instance at 0x14deda8e6a50>,110,21,[5 1],111,797,818,686,789
1,<environment.Job instance at 0x14dedfc8cf00>,115,22,[2 5],116,812,834,696,812
1,<environment.Job instance at 0x14deda90caf0>,5,16,[7 2],6,30,46,24,30
1,<environment.Job instance at 0x14deded03e10>,25,3,[5 1],26,241,244,215,241
1,<environment.Job instance at 0x14de93413370>,35,26,[2 8],36,352,378,316,352
1,<environment.Job instance at 0x14de934132d0>,37,23,[1 7],38,378,401,340,378
1,<environment.Job instance at 0x14dedf3a1500>,44,13,[1 9],45,406,419,361,406
1,<environment.Job instance at 0x14de93959f50>,45,15,[9 2],46,419,434,373,410
1,<environment.Job instance at 0x14dedb8138c0>,51,3,[ 2 10],52,488,491,436,488
1,<environment.Job instance at 0x14dedb8139b0>,52,19,[2 5],53,491,510,438,488
1,<environment.Job instance at 0x14dedb120640>,53,13,[9 1],54,510,523,456,494
1,<environment.Job instance at 0x14dedab1a7d0>,57,1,[1 9],58,525,526,467,525
1,<environment.Job instance at 0x14dedab1a460>,59,17,[ 1 10],60,526,543,466,526
1,<environment.Job instance at 0x14de9368ad20>,79,3,[6 2],80,829,832,749,829
1,<environment.Job instance at 0x14de9368a690>,80,1,[6 1],81,832,833,751,829
1,<environment.Job instance at 0x14de93aadeb0>,97,1,[ 1 10],98,1018,1019,920,1018
1,<environment.Job instance at 0x14dedfcf5370>,99,22,[6 1],100,1044,1066,944,1044
1,<environment.Job instance at 0x14dedfcf5140>,107,16,[8 2],108,1096,1112,988,1096
1,<environment.Job instance at 0x14de938d2b90>,7,20,[5 1],8,13,33,5,13
1,<environment.Job instance at 0x14ded8e8b550>,9,25,[6 1],10,33,58,23,29
1,<environment.Job instance at 0x14dedfd65e10>,56,18,[ 1 10],57,424,442,367,424
1,<environment.Job instance at 0x14dedf3ab960>,61,3,[2 6],62,466,469,404,466
1,<environment.Job instance at 0x14dee0c57f50>,81,3,[ 1 10],82,683,686,601,683
1,<environment.Job instance at 0x14dee0c57d20>,82,3,[2 9],83,686,689,603,684
1,<environment.Job instance at 0x14dee0c57690>,84,23,[2 8],85,695,718,610,695
1,<environment.Job instance at 0x14dee1dc3370>,85,3,[ 2 10],86,718,721,632,699
1,<environment.Job instance at 0x14de933e5aa0>,93,22,[7 1],94,780,802,686,780
1,<environment.Job instance at 0x14de933e55f0>,97,15,[7 1],98,833,848,735,833
1,<environment.Job instance at 0x14de933cc050>,104,20,[5 1],105,893,913,788,893
1,<environment.Job instance at 0x14de933cc9b0>,102,2,[8 2],103,913,915,810,894
1,<environment.Job instance at 0x14de933cc4b0>,106,3,[ 1 10],107,915,918,808,897
1,<environment.Job instance at 0x14de933cc3c0>,108,23,[6 2],109,930,953,821,930
1,<environment.Job instance at 0x14de933c88c0>,116,1,[ 1 10],117,967,968,850,967
1,<environment.Job instance at 0x14dedfd980a0>,32,3,[10  2],33,223,226,190,223
1,<environment.Job instance at 0x14dedfdb7b90>,53,1,[1 6],54,341,342,287,341
1,<environment.Job instance at 0x14de935e3550>,55,22,[6 1],56,346,368,290,346
1,<environment.Job instance at 0x14de93416e10>,54,24,[1 9],55,393,417,338,393
1,<environment.Job instance at 0x14de935c2410>,62,1,[2 6],63,422,423,359,422
1,<environment.Job instance at 0x14de935c2500>,66,14,[9 2],67,463,477,396,463
1,<environment.Job instance at 0x14ded8ebf730>,68,15,[5 1],69,477,492,408,464
1,<environment.Job instance at 0x14de935cad70>,83,2,[1 7],84,652,654,568,652
1,<environment.Job instance at 0x14de935efaa0>,97,22,[2 7],98,770,792,672,770
1,<environment.Job instance at 0x14de935eb910>,101,18,[8 2],102,820,838,718,820
1,<environment.Job instance at 0x14de935e5eb0>,110,19,[1 6],111,921,940,810,921
1,<environment.Job instance at 0x14de935e5fa0>,114,15,[2 6],115,940,955,825,939
1,<environment.Job instance at 0x14dedb32eeb0>,18,21,[6 2],19,108,129,89,108
1,<environment.Job instance at 0x14de935f2410>,77,28,[6 2],78,614,642,536,614
1,<environment.Job instance at 0x14de935fbe10>,90,22,[1 5],91,710,732,619,710
1,<environment.Job instance at 0x14de935fb730>,94,12,[6 1],95,756,768,661,756
1,<environment.Job instance at 0x14de935fb9b0>,103,1,[7 1],104,860,861,756,860
1,<environment.Job instance at 0x14ded40815f0>,13,18,[1 8],14,96,114,82,96
1,<environment.Job instance at 0x14dedb7f74b0>,19,2,[6 2],20,181,183,161,181
1,<environment.Job instance at 0x14dedb7f7410>,27,18,[5 1],28,251,269,223,251
1,<environment.Job instance at 0x14dedb7f70a0>,23,1,[7 1],24,272,273,248,272
1,<environment.Job instance at 0x14de93240780>,35,25,[1 5],36,299,324,263,299
1,<environment.Job instance at 0x14de936086e0>,52,2,[5 1],53,461,463,408,461
1,<environment.Job instance at 0x14dee12aa460>,70,28,[2 5],71,604,632,533,604
1,<environment.Job instance at 0x14deded07b90>,80,15,[10  2],81,701,716,620,701
1,<environment.Job instance at 0x14de939c0550>,108,22,[7 1],109,960,982,851,960
1,<environment.Job instance at 0x14de939c09b0>,117,1,[ 1 10],118,1012,1013,894,1012
1,<environment.Job instance at 0x14de939c0d20>,118,22,[1 7],119,1013,1035,894,1012
1,<environment.Job instance at 0x14de939c0690>,4,25,[2 9],5,5,30,0,5
1,<environment.Job instance at 0x14ded4120af0>,26,24,[2 5],27,202,226,175,202
1,<environment.Job instance at 0x14de937aea50>,51,16,[1 9],52,381,397,329,381
1,<environment.Job instance at 0x14de93795500>,74,1,[9 2],75,588,589,513,588
1,<environment.Job instance at 0x14de93795c80>,87,12,[1 9],88,708,720,620,708
1,<environment.Job instance at 0x14de9379a3c0>,98,2,[1 7],99,797,799,698,797
1,<environment.Job instance at 0x14de9379ad20>,111,19,[2 8],112,893,912,781,893
1,<environment.Job instance at 0x14de93799e10>,1,17,[7 1],2,4,21,2,4
1,<environment.Job instance at 0x14dedb0896e0>,5,17,[7 1],6,21,38,15,13
1,<environment.Job instance at 0x14dedb0891e0>,17,20,[ 2 10],18,68,88,50,68
1,<environment.Job instance at 0x14dedb332370>,28,15,[9 1],29,173,188,144,173
1,<environment.Job instance at 0x14dedb332dc0>,40,20,[1 8],41,276,296,235,276
1,<environment.Job instance at 0x14dedb09f460>,3,12,[8 2],4,8,20,4,8
1,<environment.Job instance at 0x14dedb09f5f0>,4,3,[8 2],5,20,23,15,8
1,<environment.Job instance at 0x14dedf392780>,29,20,[7 1],30,194,214,164,194
1,<environment.Job instance at 0x14deda9978c0>,38,1,[7 1],39,256,257,217,256
1,<environment.Job instance at 0x14deda9975f0>,39,19,[7 1],40,279,298,239,279
1,<environment.Job instance at 0x14de93bb6be0>,43,2,[6 1],44,298,300,254,280
1,<environment.Job instance at 0x14de937026e0>,54,3,[8 1],55,392,395,337,392
1,<environment.Job instance at 0x14de937025f0>,62,3,[2 5],63,515,518,452,515
1,<environment.Job instance at 0x14de93702eb0>,63,2,[8 1],64,516,518,452,516
1,<environment.Job instance at 0x14dedfc85fa0>,71,18,[10  2],72,580,598,508,580
1,<environment.Job instance at 0x14dedfc98d20>,92,21,[1 7],93,768,789,675,768
1,<environment.Job instance at 0x14dedfc98dc0>,93,3,[2 8],94,789,792,695,768
1,<environment.Job instance at 0x14dedfcbc820>,105,16,[ 1 10],106,858,874,752,858
1,<environment.Job instance at 0x14dedfcbc8c0>,106,20,[10  1],107,880,900,773,880
1,<environment.Job instance at 0x14dedfcbc140>,109,24,[10  2],110,900,924,790,900
1,<environment.Job instance at 0x14dee1338550>,6,23,[1 8],7,11,34,4,11
1,<environment.Job instance at 0x14dedab0a280>,10,23,[2 6],11,36,59,25,36
1,<environment.Job instance at 0x14dedab0a0f0>,27,21,[5 2],28,232,253,204,232
1,<environment.Job instance at 0x14de938bba50>,42,26,[5 2],43,352,378,309,352
1,<environment.Job instance at 0x14de93890d70>,51,15,[7 1],52,387,402,335,387
1,<environment.Job instance at 0x14de93890e60>,62,17,[9 1],63,503,520,440,503
1,<environment.Job instance at 0x14de93890960>,70,15,[2 8],71,591,606,520,591
1,<environment.Job instance at 0x14deda9b9730>,72,3,[10  1],73,606,609,533,597
1,<environment.Job instance at 0x14deda9b9b40>,83,13,[2 8],84,701,714,617,701
1,<environment.Job instance at 0x14de9344c960>,102,13,[6 2],103,869,882,766,869
1,<environment.Job instance at 0x14de9344cb90>,107,2,[10  2],108,883,885,775,883
1,<environment.Job instance at 0x14de9344c6e0>,108,2,[7 1],109,886,888,777,886
1,<environment.Job instance at 0x1552886a12d0>,3,2,[1 7],4,6,8,2,6
1,<environment.Job instance at 0x15527f2aeb90>,9,2,[8 1],10,21,23,11,21
1,<environment.Job instance at 0x15527f2b0370>,20,3,[7 1],21,107,110,86,107
1,<environment.Job instance at 0x15527f2b03c0>,26,20,[2 8],27,154,174,127,154
1,<environment.Job instance at 0x15527f2b0aa0>,32,2,[2 9],33,189,191,156,189
1,<environment.Job instance at 0x15527f2b0e60>,33,2,[9 1],34,192,194,158,192
1,<environment.Job instance at 0x15527f2b2190>,39,2,[5 2],40,245,247,205,245
1,<environment.Job instance at 0x15527f2b20a0>,40,19,[1 7],41,250,269,209,250
1,<environment.Job instance at 0x15527f2b2550>,44,13,[ 2 10],45,269,282,224,266
1,<environment.Job instance at 0x15527f2b5050>,62,3,[6 2],63,405,408,342,405
1,<environment.Job instance at 0x15527f2b5f50>,84,14,[7 1],85,571,585,486,571
1,<environment.Job instance at 0x15527f2b75f0>,94,3,[6 2],95,743,746,648,743
1,<environment.Job instance at 0x155286691140>,9,3,[1 7],10,75,78,65,75
1,<environment.Job instance at 0x155285cce820>,18,2,[8 2],19,169,171,150,169
1,<environment.Job instance at 0x155285cce140>,19,19,[5 2],20,171,190,151,169
1,<environment.Job instance at 0x155285cce640>,21,19,[2 5],22,174,193,152,174
1,<environment.Job instance at 0x155285cceeb0>,22,25,[5 2],23,190,215,167,186
1,<environment.Job instance at 0x155285cce9b0>,25,1,[6 1],26,215,216,189,191
1,<environment.Job instance at 0x155285ccea00>,27,2,[2 5],28,193,195,165,192
1,<environment.Job instance at 0x1552865bb320>,35,15,[8 1],36,261,276,225,261
1,<environment.Job instance at 0x1552865bb820>,50,14,[6 1],51,397,411,346,397
1,<environment.Job instance at 0x1552865befa0>,94,14,[10  1],95,873,887,778,873
1,<environment.Job instance at 0x15528127a730>,101,2,[1 7],102,920,922,818,920
1,<environment.Job instance at 0x155281254190>,104,2,[1 6],105,947,949,842,947
1,<environment.Job instance at 0x1552865cabe0>,111,3,[1 7],112,1039,1042,927,1039
1,<environment.Job instance at 0x155281277a50>,115,20,[9 1],116,1108,1128,992,1108
1,<environment.Job instance at 0x1552811beaa0>,116,21,[1 7],117,1108,1129,991,1108
1,<environment.Job instance at 0x1552811f7e60>,125,16,[10  1],126,1211,1227,1085,1211
1,<environment.Job instance at 0x155281149410>,126,16,[7 2],127,1227,1243,1100,1219
1,<environment.Job instance at 0x1552527aa640>,5,19,[10  2],6,11,30,5,11
1,<environment.Job instance at 0x1552525c2f50>,12,17,[2 5],13,30,47,17,23
1,<environment.Job instance at 0x15525263a870>,23,22,[6 2],24,103,125,79,103
1,<environment.Job instance at 0x1552527c3cd0>,24,12,[7 1],25,125,137,100,108
1,<environment.Job instance at 0x15527c0803c0>,47,24,[2 6],48,290,314,242,290
1,<environment.Job instance at 0x1552525b4730>,55,15,[2 8],56,344,359,288,344
1,<environment.Job instance at 0x1552525b45f0>,59,14,[1 9],60,360,374,300,360
1,<environment.Job instance at 0x1552526a47d0>,61,15,[7 1],62,367,382,305,367
1,<environment.Job instance at 0x1552526a40a0>,62,16,[2 8],63,374,390,311,368
1,<environment.Job instance at 0x1552526a4690>,63,3,[9 2],64,390,393,326,368
1,<environment.Job instance at 0x155252635f50>,74,2,[2 6],75,468,470,393,468
1,<environment.Job instance at 0x1552525d3d20>,76,3,[7 1],77,468,471,391,468
1,<environment.Job instance at 0x1552527e6190>,84,20,[1 6],85,532,552,447,532
1,<environment.Job instance at 0x1552527e64b0>,90,28,[1 6],91,577,605,486,577
1,<environment.Job instance at 0x1552527d2140>,103,3,[1 6],104,669,672,565,669
1,<environment.Job instance at 0x1552527d2820>,110,18,[2 6],111,732,750,621,732
1,<environment.Job instance at 0x1552527d28c0>,112,17,[1 9],113,754,771,641,754
1,<environment.Job instance at 0x1552520ef820>,12,14,[1 6],13,124,138,111,124
1,<environment.Job instance at 0x1552520f1280>,22,1,[2 5],23,186,187,163,186
1,<environment.Job instance at 0x1552520f16e0>,27,1,[8 1],28,232,233,204,232
1,<environment.Job instance at 0x1552520f15a0>,31,14,[2 7],32,263,277,231,263
1,<environment.Job instance at 0x155252074eb0>,63,2,[8 2],64,543,545,479,543
1,<environment.Job instance at 0x155252074f50>,64,3,[9 1],65,545,548,480,543
1,<environment.Job instance at 0x155252074f00>,65,21,[9 1],66,548,569,482,543
1,<environment.Job instance at 0x155252074e10>,67,2,[9 2],68,569,571,501,548
1,<environment.Job instance at 0x155252077370>,69,1,[8 1],70,571,572,501,557
1,<environment.Job instance at 0x1552520775f0>,73,2,[7 1],74,596,598,522,596
1,<environment.Job instance at 0x155252077640>,75,3,[8 1],76,600,603,524,600
1,<environment.Job instance at 0x1552520777d0>,76,1,[1 6],77,600,601,523,600
1,<environment.Job instance at 0x155252077910>,78,1,[2 8],79,603,604,524,603
1,<environment.Job instance at 0x155252077960>,80,14,[ 2 10],81,626,640,545,626
1,<environment.Job instance at 0x1552520e5730>,88,24,[7 2],89,700,724,611,700
1,<environment.Job instance at 0x1552521288c0>,100,19,[9 2],101,782,801,681,782
1,<environment.Job instance at 0x15527c063fa0>,101,19,[2 7],102,801,820,699,795
1,<environment.Job instance at 0x155252128500>,104,1,[2 7],105,820,821,715,812
1,<environment.Job instance at 0x1552522ad4b0>,105,2,[1 9],106,821,823,715,812
1,<environment.Job instance at 0x155252108910>,106,16,[2 5],107,823,839,716,813
1,<environment.Job instance at 0x155252101c80>,124,12,[1 6],125,1009,1021,884,1009
1,<environment.Job instance at 0x1552819c7730>,2,3,[8 2],3,10,13,7,10
1,<environment.Job instance at 0x1552813437d0>,13,15,[6 1],14,30,45,16,30
1,<environment.Job instance at 0x155281343a00>,16,2,[7 1],17,45,47,28,42
1,<environment.Job instance at 0x15527c2ef230>,31,2,[5 1],32,156,158,124,156
1,<environment.Job instance at 0x1552855c5c30>,32,3,[8 1],33,172,175,139,172
1,<environment.Job instance at 0x155287f53050>,34,26,[9 2],35,175,201,140,172
1,<environment.Job instance at 0x1552865c8a00>,41,3,[2 6],42,208,211,166,208
1,<environment.Job instance at 0x1552865c83c0>,42,3,[10  2],43,211,214,168,211
1,<environment.Job instance at 0x1552865c8af0>,48,1,[1 5],49,274,275,225,274
1,<environment.Job instance at 0x1552865c8c80>,50,1,[9 2],51,278,279,227,278
1,<environment.Job instance at 0x1552525232d0>,52,1,[5 2],53,305,306,252,305
1,<environment.Job instance at 0x155252523a00>,55,21,[2 5],56,335,356,279,335
1,<environment.Job instance at 0x155252334280>,57,24,[5 2],58,337,361,279,337
1,<environment.Job instance at 0x155252334320>,66,19,[7 1],67,392,411,325,392
1,<environment.Job instance at 0x15527c12ef00>,67,14,[1 5],68,394,408,326,394
1,<environment.Job instance at 0x155285c47820>,94,20,[10  2],95,674,694,579,674
1,<environment.Job instance at 0x155281185c30>,108,14,[8 2],109,765,779,656,765
1,<environment.Job instance at 0x155281185e60>,109,16,[5 2],110,779,795,669,769
1,<environment.Job instance at 0x155283f218c0>,8,20,[9 1],9,23,43,14,23
1,<environment.Job instance at 0x155281928320>,20,3,[2 8],21,90,93,69,90
1,<environment.Job instance at 0x155285ca4fa0>,30,18,[8 1],31,187,205,156,187
1,<environment.Job instance at 0x155285ca4230>,31,18,[8 2],32,205,223,173,197
1,<environment.Job instance at 0x155285ca4a50>,35,18,[7 1],36,234,252,198,234
1,<environment.Job instance at 0x1552810dce10>,55,14,[1 8],56,413,427,357,413
1,<environment.Job instance at 0x1552810dc500>,58,24,[7 2],59,434,458,375,434
1,<environment.Job instance at 0x155286666af0>,68,19,[ 2 10],69,508,527,439,508
1,<environment.Job instance at 0x1552810e7e10>,74,14,[7 1],75,555,569,480,555
1,<environment.Job instance at 0x1552810e7550>,78,16,[10  2],79,584,600,505,584
1,<environment.Job instance at 0x1552810e7a50>,81,2,[2 7],82,621,623,539,621
1,<environment.Job instance at 0x15527c0a3b40>,85,26,[6 2],86,658,684,572,658
1,<environment.Job instance at 0x1552525a8a50>,95,2,[1 8],96,767,769,671,767
1,<environment.Job instance at 0x1552525a8730>,96,27,[8 2],97,768,795,671,768
1,<environment.Job instance at 0x1552525a8f50>,101,3,[6 1],102,806,809,704,806
1,<environment.Job instance at 0x1552525a8050>,105,3,[5 1],106,856,859,750,856
1,<environment.Job instance at 0x155287b8bf50>,3,12,[2 8],4,5,17,1,5
1,<environment.Job instance at 0x155281c601e0>,25,1,[9 1],26,169,170,143,169
1,<environment.Job instance at 0x155281c60320>,28,13,[1 7],29,188,201,159,188
1,<environment.Job instance at 0x155281c60640>,31,18,[10  2],32,203,221,171,203
1,<environment.Job instance at 0x155281c605f0>,32,20,[7 2],33,221,241,188,215
1,<environment.Job instance at 0x155281c609b0>,38,17,[2 8],39,273,290,234,273
1,<environment.Job instance at 0x155281c60aa0>,40,24,[5 2],41,277,301,236,277
1,<environment.Job instance at 0x155281c922d0>,50,16,[2 5],51,399,415,348,399
1,<environment.Job instance at 0x155281c925f0>,55,3,[7 1],56,434,437,378,434
1,<environment.Job instance at 0x155281c92730>,57,1,[1 5],58,436,437,378,436
1,<environment.Job instance at 0x155281c92a50>,62,3,[1 5],63,469,472,406,469
1,<environment.Job instance at 0x155281c6a3c0>,74,28,[2 7],75,558,586,483,558
1,<environment.Job instance at 0x155281c6a500>,81,17,[1 5],82,614,631,532,614
1,<environment.Job instance at 0x155285ca9190>,122,18,[1 8],123,1048,1066,925,1048
1,<environment.Job instance at 0x155281872960>,22,13,[10  1],23,130,143,107,130
1,<environment.Job instance at 0x155287b55280>,76,16,[7 2],77,601,617,524,601
1,<environment.Job instance at 0x1552522fa5f0>,90,3,[2 8],91,752,755,661,752
1,<environment.Job instance at 0x1552522fae10>,94,18,[1 6],95,776,794,681,776
1,<environment.Job instance at 0x1552522fafa0>,100,22,[ 2 10],101,860,882,759,860
1,<environment.Job instance at 0x1552820dd140>,109,12,[1 8],110,921,933,811,921
1,<environment.Job instance at 0x1552527bf140>,111,2,[5 1],112,944,946,832,944
1,<environment.Job instance at 0x155251fc1a00>,17,2,[1 8],18,72,74,54,72
1,<environment.Job instance at 0x1552525d2dc0>,37,13,[2 8],38,187,200,149,187
1,<environment.Job instance at 0x1552818afbe0>,62,2,[1 6],63,420,422,357,420
1,<environment.Job instance at 0x155251fc3140>,75,19,[9 2],76,545,564,469,545
1,<environment.Job instance at 0x15527f7ca6e0>,88,26,[6 1],89,674,700,585,674
1,<environment.Job instance at 0x15527c0ee870>,93,18,[7 1],94,712,730,618,712
1,<environment.Job instance at 0x15528653c730>,96,13,[1 5],97,715,728,618,715
1,<environment.Job instance at 0x15528089d050>,101,2,[ 1 10],102,760,762,658,760
1,<environment.Job instance at 0x155252140910>,118,3,[ 2 10],119,911,914,792,911
1,<environment.Job instance at 0x155252140fa0>,126,13,[1 7],127,951,964,824,951
1,<environment.Job instance at 0x1552521a2aa0>,8,19,[10  1],9,49,68,40,49
1,<environment.Job instance at 0x1552521a2eb0>,15,17,[10  2],16,115,132,99,115
1,<environment.Job instance at 0x1552521a2fa0>,17,3,[1 5],18,132,135,114,116
1,<environment.Job instance at 0x1552521810f0>,18,1,[9 2],19,132,133,113,116
1,<environment.Job instance at 0x1552521813c0>,22,17,[2 7],23,144,161,121,144
1,<environment.Job instance at 0x155252181460>,23,3,[6 2],24,144,147,120,144
1,<environment.Job instance at 0x155252181730>,28,19,[ 2 10],29,189,208,160,189
1,<environment.Job instance at 0x155252181af0>,34,15,[1 8],35,277,292,242,277
1,<environment.Job instance at 0x155252181be0>,35,12,[1 5],36,292,304,256,277
1,<environment.Job instance at 0x1552521765f0>,51,2,[6 2],52,404,406,352,404
1,<environment.Job instance at 0x1552521767d0>,54,1,[9 2],55,424,425,369,424
1,<environment.Job instance at 0x1552521852d0>,71,24,[1 9],72,540,564,468,540
1,<environment.Job instance at 0x155252185730>,78,14,[9 2],79,597,611,518,597
1,<environment.Job instance at 0x155252185c30>,86,1,[2 6],87,697,698,610,697
1,<environment.Job instance at 0x1552521883c0>,94,1,[ 2 10],95,754,755,659,754
1,<environment.Job instance at 0x1552521a74b0>,115,20,[8 1],116,959,979,843,959
1,<environment.Job instance at 0x1552521a78c0>,120,16,[10  1],121,1014,1030,893,1014
1,<environment.Job instance at 0x1552521a7960>,121,2,[ 1 10],122,1030,1032,908,1027
1,<environment.Job instance at 0x1552521a7b40>,124,27,[2 6],125,1038,1065,913,1038
1,<environment.Job instance at 0x155252188aa0>,2,20,[1 5],3,3,23,0,3
1,<environment.Job instance at 0x155285ca3e60>,10,21,[5 1],11,36,57,25,36
1,<environment.Job instance at 0x155285ca3190>,13,27,[6 1],14,60,87,46,60
1,<environment.Job instance at 0x155281193870>,25,16,[7 2],26,142,158,116,142
1,<environment.Job instance at 0x155252140910>,29,1,[ 2 10],30,172,173,142,172
1,<environment.Job instance at 0x15528668d140>,63,23,[5 1],64,612,635,548,612
1,<environment.Job instance at 0x155252470820>,77,1,[1 9],78,709,710,631,709
1,<environment.Job instance at 0x155252470f50>,79,17,[ 1 10],80,716,733,636,716
1,<environment.Job instance at 0x155281390870>,87,24,[5 2],88,808,832,720,808
1,<environment.Job instance at 0x1552811369b0>,97,14,[ 1 10],98,920,934,822,920
1,<environment.Job instance at 0x1552812fbd70>,106,20,[8 1],107,1003,1023,896,1003
1,<environment.Job instance at 0x1552810e9d20>,1,2,[10  1],2,5,7,3,5
1,<environment.Job instance at 0x1552819143c0>,7,15,[2 9],8,20,35,12,20
1,<environment.Job instance at 0x1552819140a0>,19,25,[6 1],20,75,100,55,75
1,<environment.Job instance at 0x15527fa2acd0>,35,13,[1 9],36,196,209,160,196
1,<environment.Job instance at 0x15527fa2a280>,38,12,[1 5],39,209,221,170,208
1,<environment.Job instance at 0x155251fb54b0>,71,3,[2 6],72,547,550,475,547
1,<environment.Job instance at 0x155281838500>,107,15,[7 1],108,953,968,845,953
1,<environment.Job instance at 0x15528660ae10>,6,2,[1 5],7,14,16,7,14
1,<environment.Job instance at 0x15527c082410>,16,12,[1 8],17,101,113,84,101
1,<environment.Job instance at 0x1552865cd690>,33,23,[1 9],34,228,251,194,228
1,<environment.Job instance at 0x155281c8ca00>,47,17,[7 2],48,328,345,280,328
1,<environment.Job instance at 0x1552819caf00>,58,2,[8 2],59,398,400,339,398
1,<environment.Job instance at 0x1552813c8820>,62,1,[2 6],63,408,409,345,408
1,<environment.Job instance at 0x1552813fe7d0>,78,24,[ 1 10],79,576,600,497,576
1,<environment.Job instance at 0x15525262f7d0>,93,17,[10  1],94,717,734,623,717
1,<environment.Job instance at 0x15525262f1e0>,94,20,[1 7],95,734,754,639,725
1,<environment.Job instance at 0x15525262f730>,97,22,[2 7],98,756,778,658,756
1,<environment.Job instance at 0x1552885977d0>,113,1,[8 2],114,918,919,804,918
1,<environment.Job instance at 0x155288597cd0>,114,15,[2 6],115,923,938,808,923
1,<environment.Job instance at 0x1552522b8320>,5,20,[6 2],6,8,28,2,8
1,<environment.Job instance at 0x1552522b85a0>,8,21,[6 2],9,28,49,19,22
1,<environment.Job instance at 0x1552522b8b40>,17,24,[ 1 10],18,80,104,62,80
1,<environment.Job instance at 0x1552522e0820>,36,2,[2 6],37,262,264,225,262
1,<environment.Job instance at 0x1552522e0dc0>,45,1,[8 1],46,325,326,279,325
1,<environment.Job instance at 0x1552522c2c30>,49,14,[5 1],50,365,379,315,365
1,<environment.Job instance at 0x1552522c2b40>,58,3,[ 2 10],59,431,434,372,431
1,<environment.Job instance at 0x1552522c2780>,59,19,[ 1 10],60,438,457,378,438
1,<environment.Job instance at 0x15527c0e1aa0>,75,24,[1 5],76,634,658,558,634
1,<environment.Job instance at 0x15527c0e1320>,80,22,[1 5],81,678,700,597,678
1,<environment.Job instance at 0x15527c0e1050>,84,12,[6 1],85,693,705,608,693
1,<environment.Job instance at 0x1552523b1050>,88,14,[8 1],89,847,861,758,847
1,<environment.Job instance at 0x15527f7b3320>,92,19,[9 1],93,879,898,786,879
1,<environment.Job instance at 0x155285c45b40>,93,1,[7 1],94,898,899,804,879
1,<environment.Job instance at 0x155285c45af0>,94,2,[1 8],95,881,883,786,881
1,<environment.Job instance at 0x1552811f6dc0>,95,26,[1 5],96,883,909,787,881
1,<environment.Job instance at 0x155252072d20>,105,26,[9 2],106,1038,1064,932,1038
1,<environment.Job instance at 0x155252062410>,107,2,[2 9],108,1064,1066,956,1059
1,<environment.Job instance at 0x155252072960>,108,12,[5 1],109,1064,1076,955,1060
1,<environment.Job instance at 0x155252062dc0>,109,24,[7 2],110,1076,1100,966,1072
1,<environment.Job instance at 0x155252059190>,110,23,[2 7],111,1076,1099,965,1076
1,<environment.Job instance at 0x1552811cfbe0>,115,23,[2 5],116,1137,1160,1021,1137
1,<environment.Job instance at 0x1552811cfa00>,116,1,[2 7],117,1160,1161,1043,1138
1,<environment.Job instance at 0x1552520455a0>,119,13,[5 2],120,1168,1181,1048,1168
1,<environment.Job instance at 0x15527c10d730>,5,14,[1 7],6,20,34,14,20
1,<environment.Job instance at 0x15527c10d1e0>,10,1,[9 2],11,27,28,16,27
1,<environment.Job instance at 0x15525205d5a0>,18,18,[8 2],19,68,86,49,68
1,<environment.Job instance at 0x15525205d230>,21,13,[2 6],22,128,141,106,128
1,<environment.Job instance at 0x155252073280>,32,2,[5 1],33,216,218,183,216
1,<environment.Job instance at 0x155252073a00>,44,22,[1 8],45,287,309,242,287
1,<environment.Job instance at 0x1552811cffa0>,60,15,[10  2],61,473,488,412,473
1,<environment.Job instance at 0x155252057050>,86,2,[10  2],87,762,764,675,762
1,<environment.Job instance at 0x155252057f50>,91,17,[ 2 10],92,778,795,686,778
1,<environment.Job instance at 0x155252057c30>,102,22,[2 6],103,878,900,775,878
1,<environment.Job instance at 0x155252062500>,126,24,[2 5],127,1173,1197,1046,1173
1,<environment.Job instance at 0x1552526773c0>,3,19,[2 9],4,14,33,10,14
1,<environment.Job instance at 0x155285598730>,14,19,[6 2],15,47,66,32,47
1,<environment.Job instance at 0x1552855987d0>,16,24,[ 1 10],17,66,90,49,63
1,<environment.Job instance at 0x15527c2f4c30>,25,3,[2 6],26,118,121,92,118
1,<environment.Job instance at 0x155285598eb0>,18,25,[5 1],19,127,152,108,127
1,<environment.Job instance at 0x15527c2f4af0>,28,27,[7 2],29,154,181,125,154
1,<environment.Job instance at 0x15525210e280>,33,18,[1 5],34,187,205,153,187
1,<environment.Job instance at 0x15525210e1e0>,36,21,[2 5],37,194,215,157,194
1,<environment.Job instance at 0x15525210e780>,39,1,[8 2],40,213,214,173,213
1,<environment.Job instance at 0x15525210e690>,41,27,[5 1],42,224,251,182,224
1,<environment.Job instance at 0x15528866baa0>,44,1,[9 2],45,251,252,206,240
1,<environment.Job instance at 0x15528866bb90>,47,23,[8 1],48,269,292,221,269
1,<environment.Job instance at 0x15528122eb90>,60,21,[5 2],61,456,477,395,456
1,<environment.Job instance at 0x15527fa4e4b0>,95,17,[7 1],96,841,858,745,841
1,<environment.Job instance at 0x15527fa4e460>,96,2,[9 1],97,858,860,761,854
1,<environment.Job instance at 0x15527fa4e550>,100,1,[8 1],101,910,911,809,910
1,<environment.Job instance at 0x155252088c30>,128,16,[8 2],129,1165,1181,1036,1165
1,<environment.Job instance at 0x15527c2a3a50>,18,22,[5 2],19,119,141,100,119
1,<environment.Job instance at 0x15527c2a3320>,25,13,[2 5],26,176,189,150,176
1,<environment.Job instance at 0x1552811b9050>,58,1,[2 6],59,511,512,452,511
1,<environment.Job instance at 0x1552811b9c80>,68,18,[2 6],69,577,595,508,577
1,<environment.Job instance at 0x15525233f820>,95,14,[2 8],96,759,773,663,759
1,<environment.Job instance at 0x155252371280>,109,20,[7 1],110,937,957,827,937
1,<environment.Job instance at 0x155252371690>,114,19,[6 2],115,971,990,856,971
1,<environment.Job instance at 0x155252371be0>,123,2,[6 1],124,1039,1041,915,1039
1,<environment.Job instance at 0x15527f76af00>,13,2,[8 1],14,114,116,100,114
1,<environment.Job instance at 0x15527f76aa50>,15,23,[9 2],16,116,139,100,114
1,<environment.Job instance at 0x15527f76aaf0>,16,1,[7 1],17,139,140,122,129
1,<environment.Job instance at 0x1552812a6fa0>,55,16,[ 1 10],56,402,418,346,402
1,<environment.Job instance at 0x1552812a6870>,59,24,[10  2],60,418,442,358,416
1,<environment.Job instance at 0x1552812a6730>,68,15,[1 9],69,504,519,435,504
1,<environment.Job instance at 0x15525207fe60>,76,23,[1 8],77,550,573,473,550
1,<environment.Job instance at 0x15525207fcd0>,77,1,[2 5],78,573,574,495,554
1,<environment.Job instance at 0x1552812c03c0>,87,18,[ 2 10],88,696,714,608,696
1,<environment.Job instance at 0x15527f6f6460>,99,13,[2 5],100,800,813,700,800
1,<environment.Job instance at 0x1552527b0640>,114,3,[10  2],115,958,961,843,958
1,<environment.Job instance at 0x1552527b0460>,116,2,[9 2],117,965,967,848,965
1,<environment.Job instance at 0x1552527b03c0>,119,25,[7 2],120,1001,1026,881,1001
1,<environment.Job instance at 0x1552527b0af0>,124,24,[10  2],125,1041,1065,916,1041
1,<environment.Job instance at 0x15527c1c5dc0>,7,20,[7 2],8,21,41,13,21
1,<environment.Job instance at 0x1552525c5f00>,25,3,[1 6],26,165,168,139,165
1,<environment.Job instance at 0x15527c1bbaf0>,26,26,[2 5],27,168,194,141,166
1,<environment.Job instance at 0x15528668edc0>,43,25,[1 6],44,261,286,217,261
1,<environment.Job instance at 0x155251fdaf50>,44,26,[6 1],45,263,289,218,263
1,<environment.Job instance at 0x1552525250f0>,47,2,[10  2],48,289,291,241,276
1,<environment.Job instance at 0x15528126e500>,48,2,[7 1],49,291,293,242,276
1,<environment.Job instance at 0x155252513910>,63,16,[5 2],64,479,495,415,479
1,<environment.Job instance at 0x1552525139b0>,72,26,[2 6],73,566,592,493,566
1,<environment.Job instance at 0x155281252780>,74,22,[2 5],75,592,614,517,588
1,<environment.Job instance at 0x155281252a00>,78,18,[5 2],79,629,647,550,629
1,<environment.Job instance at 0x155281252f00>,88,3,[2 5],89,740,743,651,740
1,<environment.Job instance at 0x15528125a4b0>,93,17,[5 1],94,812,829,718,812
1,<environment.Job instance at 0x15528125afa0>,111,21,[1 8],112,1001,1022,889,1001
1,<environment.Job instance at 0x15528125af00>,112,26,[5 2],113,1003,1029,890,1003
1,<environment.Job instance at 0x155281268370>,115,1,[1 7],116,1022,1023,906,1011
1,<environment.Job instance at 0x1552812680f0>,113,19,[2 5],114,1023,1042,909,1015
1,<environment.Job instance at 0x155281268550>,118,20,[8 2],119,1029,1049,910,1024
1,<environment.Job instance at 0x15527f7ff960>,0,24,[6 2],1,2,26,1,2
1,<environment.Job instance at 0x15527f7ffbe0>,3,13,[1 5],4,6,19,2,6
1,<environment.Job instance at 0x15527f7ff730>,15,14,[1 6],16,43,57,27,43
1,<environment.Job instance at 0x15525212e500>,19,28,[6 1],20,47,75,27,47
1,<environment.Job instance at 0x15525212e730>,26,2,[9 2],27,86,88,59,86
1,<environment.Job instance at 0x15525212e050>,27,23,[10  1],28,89,112,61,89
1,<environment.Job instance at 0x15525212e410>,34,1,[1 9],35,169,170,134,169
1,<environment.Job instance at 0x15527c27a6e0>,45,13,[10  2],46,286,299,240,286
1,<environment.Job instance at 0x15527c27a5f0>,49,27,[1 9],50,312,339,262,312
1,<environment.Job instance at 0x15527c27abe0>,51,15,[9 1],52,338,353,286,338
1,<environment.Job instance at 0x15527c2c6140>,71,12,[1 8],72,502,514,430,502
1,<environment.Job instance at 0x15528209f690>,82,1,[ 1 10],83,623,624,540,623
1,<environment.Job instance at 0x15528209fc30>,88,17,[10  2],89,680,697,591,680
1,<environment.Job instance at 0x15528209f370>,91,19,[9 2],92,697,716,605,687
1,<environment.Job instance at 0x1552812c8820>,104,13,[9 1],105,883,896,778,883
1,<environment.Job instance at 0x1552812c8f00>,110,14,[2 8],111,938,952,827,938
1,<environment.Job instance at 0x1497acbd5c30>,1,2,[2 5],2,4,6,2,4
1,<environment.Job instance at 0x1497a3819410>,20,3,[7 1],21,92,95,71,92
1,<environment.Job instance at 0x1497a38195a0>,23,3,[7 2],24,112,115,88,112
1,<environment.Job instance at 0x1497a3819b40>,30,2,[2 8],31,166,168,135,166
1,<environment.Job instance at 0x1497a3819dc0>,36,27,[10  2],37,192,219,155,192
1,<environment.Job instance at 0x1497a381c140>,39,2,[5 2],40,219,221,179,199
1,<environment.Job instance at 0x1497a381c280>,40,19,[1 7],41,236,255,195,236
1,<environment.Job instance at 0x1497a381cb90>,54,22,[9 1],55,289,311,234,289
1,<environment.Job instance at 0x1497a381cb40>,57,1,[5 1],58,317,318,259,317
1,<environment.Job instance at 0x1497a381f910>,76,14,[9 1],77,493,507,416,493
1,<environment.Job instance at 0x1497a38243c0>,110,2,[ 2 10],111,820,822,709,820
1,<environment.Job instance at 0x1497a3824550>,115,25,[2 7],116,845,870,729,845
1,<environment.Job instance at 0x1497a3824a00>,117,20,[1 9],118,870,890,752,865
1,<environment.Job instance at 0x1497a38249b0>,124,12,[10  2],125,927,939,802,927
1,<environment.Job instance at 0x1497ac4d3820>,20,20,[6 1],21,120,140,99,120
1,<environment.Job instance at 0x1497aa1cef00>,25,15,[8 1],26,140,155,114,139
1,<environment.Job instance at 0x1497aa1ced70>,40,14,[6 1],41,270,284,229,270
1,<environment.Job instance at 0x1497aa187e10>,43,2,[7 1],44,296,298,252,296
1,<environment.Job instance at 0x1497aa1872d0>,55,1,[1 7],56,399,400,343,399
1,<environment.Job instance at 0x1497aa187c30>,57,17,[6 2],58,421,438,363,421
1,<environment.Job instance at 0x1497aab779b0>,60,17,[1 7],61,425,442,364,425
1,<environment.Job instance at 0x1497aab77d70>,63,23,[5 1],64,438,461,374,438
1,<environment.Job instance at 0x1497aab77aa0>,71,26,[7 2],72,514,540,442,514
1,<environment.Job instance at 0x1497aa20e1e0>,83,20,[1 6],84,602,622,518,602
1,<environment.Job instance at 0x1497aa20e640>,84,14,[10  1],85,622,636,537,611
1,<environment.Job instance at 0x1497a5940c80>,87,3,[2 5],88,636,639,548,631
1,<environment.Job instance at 0x1497a58295a0>,116,16,[7 2],117,937,953,820,937
1,<environment.Job instance at 0x1497a5e6f370>,121,17,[2 6],122,957,974,835,957
1,<environment.Job instance at 0x1497aaaeae60>,138,21,[2 6],139,1090,1111,951,1090
1,<environment.Job instance at 0x14977677e370>,5,1,[2 7],6,8,9,2,8
1,<environment.Job instance at 0x149776779aa0>,15,20,[2 9],16,66,86,50,66
1,<environment.Job instance at 0x1497767774b0>,25,22,[2 5],26,140,162,114,140
1,<environment.Job instance at 0x14977690cd20>,30,3,[7 2],31,146,149,115,146
1,<environment.Job instance at 0x1497769f0050>,35,15,[2 8],36,169,184,133,169
1,<environment.Job instance at 0x14977699c0a0>,48,23,[6 1],49,227,250,178,227
1,<environment.Job instance at 0x14977699cf50>,54,2,[2 6],55,277,279,222,277
1,<environment.Job instance at 0x1497769a36e0>,56,3,[7 1],57,327,330,270,327
1,<environment.Job instance at 0x149776937b90>,61,14,[5 1],62,335,349,273,335
1,<environment.Job instance at 0x1497769376e0>,64,20,[1 6],65,361,381,296,361
1,<environment.Job instance at 0x1497767fc730>,69,20,[ 2 10],70,388,408,318,388
1,<environment.Job instance at 0x1497767fc960>,72,18,[2 8],73,408,426,335,400
1,<environment.Job instance at 0x14977698eeb0>,93,21,[9 2],94,595,616,501,595
1,<environment.Job instance at 0x1497a3f97690>,1,14,[2 7],2,9,23,7,9
1,<environment.Job instance at 0x1497769364b0>,7,2,[ 2 10],8,23,25,15,11
1,<environment.Job instance at 0x1497762743c0>,15,18,[2 8],16,73,91,57,73
1,<environment.Job instance at 0x1497762747d0>,27,26,[1 5],28,189,215,161,189
1,<environment.Job instance at 0x149776274b90>,28,1,[2 6],29,215,216,186,193
1,<environment.Job instance at 0x149776274f50>,34,3,[9 1],35,247,250,212,247
1,<environment.Job instance at 0x1497761f7190>,39,1,[8 1],40,253,254,213,253
1,<environment.Job instance at 0x149776328aa0>,112,3,[ 1 10],113,989,992,876,989
1,<environment.Job instance at 0x149776286550>,135,3,[8 1],136,1164,1167,1028,1164
1,<environment.Job instance at 0x149776286af0>,138,3,[1 5],139,1209,1212,1070,1209
1,<environment.Job instance at 0x1497aa184d70>,8,1,[1 5],9,48,49,39,48
1,<environment.Job instance at 0x1497aaace730>,19,13,[2 9],20,122,135,102,122
1,<environment.Job instance at 0x1497aaaceeb0>,21,16,[1 7],22,135,151,113,131
1,<environment.Job instance at 0x1497aaacfb40>,30,1,[1 7],31,157,158,126,157
1,<environment.Job instance at 0x1497a5f31820>,49,19,[ 1 10],50,343,362,293,343
1,<environment.Job instance at 0x1497a5f31320>,52,1,[5 1],53,362,363,309,346
1,<environment.Job instance at 0x1497a3f82c80>,56,24,[5 1],57,362,386,305,359
1,<environment.Job instance at 0x1497a5f31870>,53,28,[ 2 10],54,425,453,371,425
1,<environment.Job instance at 0x1497a3f82780>,64,1,[8 2],65,453,454,388,429
1,<environment.Job instance at 0x1497a57445f0>,83,24,[ 2 10],84,594,618,510,594
1,<environment.Job instance at 0x1497a5744280>,94,1,[2 5],95,688,689,593,688
1,<environment.Job instance at 0x1497a5744a50>,95,24,[2 7],96,689,713,593,689
1,<environment.Job instance at 0x1497a5744f50>,96,19,[5 2],97,693,712,596,693
1,<environment.Job instance at 0x1497a5744e60>,97,18,[8 1],98,712,730,614,704
1,<environment.Job instance at 0x1497aa1b1dc0>,120,18,[8 1],121,924,942,803,924
1,<environment.Job instance at 0x1497aa1bdaf0>,125,18,[7 1],126,957,975,831,957
1,<environment.Job instance at 0x1497a586afa0>,136,22,[9 2],137,1060,1082,923,1060
1,<environment.Job instance at 0x1497ac0bdd70>,0,2,[7 1],1,7,9,6,7
1,<environment.Job instance at 0x1497a9b15d20>,6,17,[9 1],7,9,26,2,7
1,<environment.Job instance at 0x1497aa226320>,1,13,[1 8],2,54,67,52,54
1,<environment.Job instance at 0x1497a9b15c80>,10,27,[10  2],11,75,102,64,75
1,<environment.Job instance at 0x1497a3d40f50>,18,19,[ 2 10],19,102,121,83,93
1,<environment.Job instance at 0x1497a3d40410>,25,27,[7 1],26,131,158,105,131
1,<environment.Job instance at 0x1497a3d408c0>,27,27,[7 1],28,158,185,130,156
1,<environment.Job instance at 0x1497a5ef3640>,44,12,[1 7],45,325,337,280,325
1,<environment.Job instance at 0x1497acc05e10>,78,3,[5 2],79,680,683,601,680
1,<environment.Job instance at 0x1497a58a5230>,83,12,[2 8],84,714,726,630,714
1,<environment.Job instance at 0x1497a58a5960>,84,2,[10  2],85,726,728,641,715
1,<environment.Job instance at 0x1497a565aeb0>,95,2,[8 1],96,796,798,700,796
1,<environment.Job instance at 0x1497766b45f0>,101,3,[6 1],102,831,834,729,831
1,<environment.Job instance at 0x1497766b4c80>,103,2,[1 9],104,836,838,732,836
1,<environment.Job instance at 0x1497766b4690>,111,18,[10  2],112,894,912,782,894
1,<environment.Job instance at 0x1497766b4a00>,112,20,[7 2],113,912,932,799,905
1,<environment.Job instance at 0x1497a5eb2f50>,130,16,[2 5],131,1061,1077,930,1061
1,<environment.Job instance at 0x1497a594cfa0>,138,15,[2 6],139,1092,1107,953,1092
1,<environment.Job instance at 0x149776a5f9b0>,2,3,[1 5],3,5,8,2,5
1,<environment.Job instance at 0x1497765f41e0>,1,1,[8 1],2,9,10,7,9
1,<environment.Job instance at 0x1497aab4a460>,42,3,[ 1 10],43,209,212,166,209
1,<environment.Job instance at 0x1497aab4aa00>,51,25,[1 9],52,323,348,271,323
1,<environment.Job instance at 0x1497aab3feb0>,78,15,[9 2],79,577,592,498,577
1,<environment.Job instance at 0x1497aab3f690>,81,17,[1 8],82,592,609,510,592
1,<environment.Job instance at 0x1497aab41140>,85,16,[1 8],86,619,635,533,619
1,<environment.Job instance at 0x1497aab41410>,88,25,[2 6],89,635,660,546,635
1,<environment.Job instance at 0x1497aab41500>,89,18,[5 2],90,636,654,546,636
1,<environment.Job instance at 0x1497aab41780>,91,22,[ 2 10],92,660,682,568,653
1,<environment.Job instance at 0x1497763f0f50>,110,27,[6 1],111,772,799,661,772
1,<environment.Job instance at 0x14977681efa0>,133,3,[2 6],134,981,984,847,981
1,<environment.Job instance at 0x14977681eaf0>,3,28,[2 8],4,10,38,6,10
1,<environment.Job instance at 0x14977699cb90>,7,18,[ 1 10],8,38,56,30,30
1,<environment.Job instance at 0x14977699caf0>,13,1,[6 2],14,30,31,16,30
1,<environment.Job instance at 0x14977699c320>,16,24,[5 2],17,56,80,39,52
1,<environment.Job instance at 0x1497a38139b0>,25,17,[10  1],26,93,110,67,93
1,<environment.Job instance at 0x1497ac11c3c0>,39,12,[1 8],40,235,247,195,235
1,<environment.Job instance at 0x1497a5653a50>,51,13,[1 8],52,330,343,278,330
1,<environment.Job instance at 0x1497a5638be0>,62,2,[5 2],63,453,455,390,453
1,<environment.Job instance at 0x1497a5669370>,70,18,[8 2],71,522,540,451,522
1,<environment.Job instance at 0x1497a56693c0>,73,18,[10  2],74,540,558,466,535
1,<environment.Job instance at 0x1497a57b67d0>,89,12,[2 6],90,719,731,629,719
1,<environment.Job instance at 0x1497aabf7f50>,102,2,[1 9],103,831,833,728,831
1,<environment.Job instance at 0x1497aabf71e0>,110,18,[ 2 10],111,935,953,824,935
1,<environment.Job instance at 0x1497a579b4b0>,117,12,[1 5],118,999,1011,881,999
1,<environment.Job instance at 0x1497a3d26af0>,130,13,[2 6],131,1137,1150,1006,1137
1,<environment.Job instance at 0x14977673ae60>,132,19,[7 1],133,1141,1160,1008,1141
1,<environment.Job instance at 0x14977649ad20>,135,19,[9 2],136,1160,1179,1024,1150
1,<environment.Job instance at 0x149776512550>,138,25,[1 8],139,1207,1232,1068,1207
1,<environment.Job instance at 0x149776611af0>,0,2,[1 9],1,21,23,20,21
1,<environment.Job instance at 0x1497762a8af0>,8,26,[6 1],9,23,49,14,23
1,<environment.Job instance at 0x1497762a82d0>,7,20,[2 7],8,44,64,36,44
1,<environment.Job instance at 0x149776253500>,14,15,[2 7],15,64,79,49,62
1,<environment.Job instance at 0x1497a9af9a00>,16,13,[1 5],17,79,92,62,65
1,<environment.Job instance at 0x1497aab0d0a0>,21,2,[ 1 10],22,92,94,70,82
1,<environment.Job instance at 0x1497ac10b7d0>,29,18,[2 7],30,143,161,113,143
1,<environment.Job instance at 0x1497a00092d0>,46,13,[1 7],47,231,244,184,231
1,<environment.Job instance at 0x1497a576a690>,52,16,[1 6],53,260,276,207,260
1,<environment.Job instance at 0x1497a4e206e0>,56,20,[7 2],57,305,325,248,305
1,<environment.Job instance at 0x1497a4e207d0>,58,19,[10  1],59,331,350,272,331
1,<environment.Job instance at 0x1497a4e20a00>,59,3,[2 7],60,350,353,290,334
1,<environment.Job instance at 0x1497a61dda00>,65,17,[10  2],66,404,421,338,404
1,<environment.Job instance at 0x1497a6151b40>,73,3,[6 2],74,430,433,356,430
1,<environment.Job instance at 0x1497a61510a0>,84,15,[1 8],85,568,583,483,568
1,<environment.Job instance at 0x1497a6642460>,85,12,[1 5],86,583,595,497,572
1,<environment.Job instance at 0x1497a6642500>,87,22,[6 2],88,583,605,495,583
1,<environment.Job instance at 0x1497a6642780>,98,1,[2 8],99,654,655,555,654
1,<environment.Job instance at 0x1497a6642690>,100,27,[1 7],101,673,700,572,673
1,<environment.Job instance at 0x1497a6642a50>,101,2,[6 2],102,678,680,576,678
1,<environment.Job instance at 0x1497a3ce7cd0>,121,24,[1 9],122,852,876,730,852
1,<environment.Job instance at 0x1497a61fd1e0>,11,28,[8 1],12,28,56,16,28
1,<environment.Job instance at 0x1497a61fd280>,12,20,[1 9],13,32,52,19,32
1,<environment.Job instance at 0x1497a61fd320>,14,13,[8 2],15,56,69,41,49
1,<environment.Job instance at 0x1497a61fdeb0>,30,16,[10  1],31,225,241,194,225
1,<environment.Job instance at 0x1497a61e30a0>,36,23,[ 2 10],37,292,315,255,292
1,<environment.Job instance at 0x1497a61e3d70>,49,23,[9 2],50,374,397,324,374
1,<environment.Job instance at 0x1497a61fe730>,90,1,[1 8],91,848,849,757,848
1,<environment.Job instance at 0x1497a61feb40>,92,27,[2 9],93,860,887,767,860
1,<environment.Job instance at 0x1497a61ea1e0>,102,3,[1 7],103,1004,1007,901,1004
1,<environment.Job instance at 0x1497a61ea410>,104,13,[1 9],105,1019,1032,914,1019
1,<environment.Job instance at 0x1497a61ea2d0>,105,15,[9 2],106,1032,1047,926,1020
1,<environment.Job instance at 0x1497a61ea780>,111,3,[ 2 10],112,1074,1077,962,1074
1,<environment.Job instance at 0x1497a61ea910>,112,19,[2 5],113,1077,1096,964,1075
1,<environment.Job instance at 0x1497a61ea9b0>,113,13,[9 1],114,1096,1109,982,1089
1,<environment.Job instance at 0x1497a61ea3c0>,117,1,[1 9],118,1121,1122,1003,1121
1,<environment.Job instance at 0x1497a61eaeb0>,119,17,[ 1 10],120,1124,1141,1004,1124
1,<environment.Job instance at 0x1497a61c3140>,124,15,[5 1],125,1186,1201,1061,1186
1,<environment.Job instance at 0x1497a61c3320>,127,24,[5 2],128,1223,1247,1095,1223
1,<environment.Job instance at 0x1497a61c35a0>,134,25,[5 1],135,1309,1334,1174,1309
1,<environment.Job instance at 0x1497a61ca7d0>,0,1,[6 1],1,7,8,6,7
1,<environment.Job instance at 0x1497763140f0>,6,20,[8 1],7,13,33,6,13
1,<environment.Job instance at 0x14977660e690>,29,23,[8 2],30,162,185,132,162
1,<environment.Job instance at 0x1497a57027d0>,68,12,[1 5],69,542,554,473,542
1,<environment.Job instance at 0x1497a57f81e0>,91,2,[6 1],92,818,820,726,818
1,<environment.Job instance at 0x1497ac0ec370>,92,3,[2 5],93,819,822,726,819
1,<environment.Job instance at 0x1497a3c752d0>,94,20,[7 2],95,833,853,738,833
1,<environment.Job instance at 0x1497a3cd6820>,101,3,[2 6],102,953,956,851,953
1,<environment.Job instance at 0x1497a8492a00>,109,3,[6 1],110,1064,1067,954,1064
1,<environment.Job instance at 0x149776ac26e0>,125,3,[ 2 10],126,1205,1208,1079,1205
1,<environment.Job instance at 0x149776ac2190>,127,1,[6 1],128,1208,1209,1080,1206
1,<environment.Job instance at 0x149776a6fa00>,2,2,[8 2],3,14,16,11,14
1,<environment.Job instance at 0x1497760c2320>,5,19,[2 5],6,22,41,16,22
1,<environment.Job instance at 0x1497760759b0>,16,1,[ 1 10],17,85,86,68,85
1,<environment.Job instance at 0x149776075460>,19,1,[2 9],20,126,127,106,126
1,<environment.Job instance at 0x149776a7a690>,69,16,[2 9],70,495,511,425,495
1,<environment.Job instance at 0x1497a3cb0320>,82,1,[2 6],83,591,592,508,591
1,<environment.Job instance at 0x14977622f140>,1,1,[8 1],2,7,8,5,7
1,<environment.Job instance at 0x1497764978c0>,6,23,[1 6],7,38,61,31,38
1,<environment.Job instance at 0x1497a3cde050>,14,28,[7 2],15,77,105,62,77
1,<environment.Job instance at 0x149776601730>,35,1,[7 2],36,264,265,228,264
1,<environment.Job instance at 0x1497a61e3b90>,59,14,[5 1],60,512,526,452,512
1,<environment.Job instance at 0x1497a61e3370>,60,16,[8 2],61,526,542,465,513
1,<environment.Job instance at 0x1497a61e30a0>,63,17,[1 5],64,519,536,455,519
1,<environment.Job instance at 0x1497a61e3230>,65,25,[2 7],66,575,600,509,575
1,<environment.Job instance at 0x1497a61e3dc0>,68,3,[ 2 10],69,600,603,531,597
1,<environment.Job instance at 0x1497a61e3730>,73,26,[5 2],74,632,658,558,632
1,<environment.Job instance at 0x1497aabd7aa0>,81,25,[ 2 10],82,658,683,576,658
1,<environment.Job instance at 0x1497aabd7050>,90,22,[1 5],91,711,733,620,711
1,<environment.Job instance at 0x1497a5d9e230>,98,14,[8 1],99,799,813,700,799
1,<environment.Job instance at 0x14977649fa00>,117,2,[2 9],118,1035,1037,917,1035
1,<environment.Job instance at 0x14977649f230>,118,12,[5 1],119,1052,1064,933,1052
1,<environment.Job instance at 0x14977649f370>,122,13,[2 5],123,1130,1143,1007,1130
1,<environment.Job instance at 0x1497a59525a0>,5,14,[1 7],6,6,20,0,6
1,<environment.Job instance at 0x149776340690>,4,24,[1 5],5,20,44,15,17
1,<environment.Job instance at 0x1497a593ab90>,10,1,[9 2],11,18,19,7,18
1,<environment.Job instance at 0x1497a5933500>,18,18,[8 2],19,62,80,43,62
1,<environment.Job instance at 0x1497a59338c0>,15,25,[1 5],16,85,110,69,85
1,<environment.Job instance at 0x1497a5944be0>,32,2,[5 1],33,177,179,144,177
1,<environment.Job instance at 0x1497a5939640>,33,18,[7 1],34,179,197,145,179
1,<environment.Job instance at 0x1497a5939a00>,35,3,[1 5],36,190,193,154,190
1,<environment.Job instance at 0x1497a5939b40>,36,22,[2 5],37,198,220,161,198
1,<environment.Job instance at 0x1497a5939370>,42,27,[2 7],43,240,267,197,240
1,<environment.Job instance at 0x1497a5968c80>,52,13,[7 1],53,337,350,284,337
1,<environment.Job instance at 0x1497a5e51910>,57,20,[1 8],58,387,407,329,387
1,<environment.Job instance at 0x1497a5e51a00>,58,3,[5 2],59,388,391,329,388
1,<environment.Job instance at 0x14977671a820>,77,2,[2 6],78,548,550,470,548
1,<environment.Job instance at 0x1497a595ac30>,86,2,[10  2],87,682,684,595,682
1,<environment.Job instance at 0x1497766fae60>,2,22,[10  2],3,3,25,0,3
1,<environment.Job instance at 0x1497766fad70>,1,3,[5 2],2,25,28,23,6
1,<environment.Job instance at 0x1497a5e3fc30>,11,16,[1 9],12,29,45,17,29
1,<environment.Job instance at 0x1497a5e3ff00>,14,21,[1 8],15,45,66,30,37
1,<environment.Job instance at 0x1497a5e3fd20>,15,3,[2 6],16,66,69,50,41
1,<environment.Job instance at 0x1497a5e3f460>,22,3,[8 1],23,103,106,80,103
1,<environment.Job instance at 0x1497a5e3f7d0>,23,18,[1 5],24,106,124,82,106
1,<environment.Job instance at 0x1497a5e3fbe0>,17,16,[7 1],18,107,123,89,107
1,<environment.Job instance at 0x1497767e11e0>,34,1,[9 2],35,208,209,173,208
1,<environment.Job instance at 0x1497a5e49fa0>,41,12,[1 7],42,276,288,234,276
1,<environment.Job instance at 0x1497a5e4d460>,61,3,[6 1],62,458,461,396,458
1,<environment.Job instance at 0x1497a5e4ddc0>,62,14,[ 2 10],63,461,475,398,459
1,<environment.Job instance at 0x1497a5e4df50>,67,3,[1 7],68,503,506,435,503
1,<environment.Job instance at 0x1497a5e4da00>,69,27,[5 1],70,506,533,436,506
1,<environment.Job instance at 0x1497a5e4d6e0>,70,15,[5 1],71,506,521,435,506
1,<environment.Job instance at 0x1497a5e4d5f0>,71,19,[2 8],72,521,540,449,515
1,<environment.Job instance at 0x1497a5e4d280>,72,1,[7 1],73,533,534,460,517
1,<environment.Job instance at 0x1497a5e4d410>,73,2,[6 2],74,534,536,460,517
1,<environment.Job instance at 0x1497a5e7a0a0>,87,20,[9 1],88,646,666,558,646
1,<environment.Job instance at 0x1497a5e7a370>,86,2,[9 1],87,666,668,579,649
1,<environment.Job instance at 0x1497a5e7ab40>,97,20,[ 2 10],98,747,767,649,747
1,<environment.Job instance at 0x1497a5e513c0>,106,25,[10  1],107,847,872,740,847
1,<environment.Job instance at 0x1497a5e517d0>,108,15,[9 1],109,872,887,763,865
1,<environment.Job instance at 0x1497a5e51af0>,113,21,[8 2],114,912,933,798,912
1,<environment.Job instance at 0x149776ab07d0>,123,16,[1 6],124,1024,1040,900,1024
1,<environment.Job instance at 0x149776ab0320>,124,1,[10  1],125,1040,1041,915,1024
1,<environment.Job instance at 0x149776a445f0>,5,13,[2 5],6,19,32,13,19
1,<environment.Job instance at 0x1497a57646e0>,39,13,[7 2],40,334,347,294,334
1,<environment.Job instance at 0x149776941640>,48,18,[2 6],49,436,454,387,436
1,<environment.Job instance at 0x1497766299b0>,75,14,[2 8],76,615,629,539,615
1,<environment.Job instance at 0x149776ac05f0>,89,20,[7 1],90,821,841,731,821
1,<environment.Job instance at 0x149776ac0a50>,95,1,[6 2],96,868,869,772,868
1,<environment.Job instance at 0x1497aa200640>,106,20,[1 9],107,967,987,860,967
1,<environment.Job instance at 0x1497aa200c80>,114,3,[8 1],115,1024,1027,909,1024
1,<environment.Job instance at 0x149776653be0>,122,3,[2 5],123,1139,1142,1016,1139
1,<environment.Job instance at 0x1497a61d6b40>,133,23,[6 1],134,1254,1277,1120,1254
1,<environment.Job instance at 0x1497a57a1dc0>,3,25,[2 6],4,14,39,10,14
1,<environment.Job instance at 0x1497a570a910>,13,3,[2 8],14,60,63,46,60
1,<environment.Job instance at 0x1497a000c230>,15,1,[2 5],16,66,67,50,66
1,<environment.Job instance at 0x1497a57040a0>,21,13,[7 1],22,101,114,79,101
1,<environment.Job instance at 0x1497a570e5a0>,25,16,[ 1 10],26,130,146,104,130
1,<environment.Job instance at 0x1497a570e280>,28,19,[2 9],29,146,165,117,137
1,<environment.Job instance at 0x1497a000d8c0>,33,22,[7 2],34,207,229,173,207
1,<environment.Job instance at 0x1497a5713780>,65,14,[8 1],66,505,519,439,505
1,<environment.Job instance at 0x1497a5713f00>,69,13,[2 5],70,529,542,459,529
1,<environment.Job instance at 0x1497a5917870>,84,3,[10  2],85,674,677,589,674
1,<environment.Job instance at 0x1497a5917910>,85,21,[6 2],86,677,698,591,674
1,<environment.Job instance at 0x1497a59179b0>,86,2,[9 2],87,698,700,611,675
1,<environment.Job instance at 0x1497a5917eb0>,94,24,[10  2],95,746,770,651,746
1,<environment.Job instance at 0x1497a5913780>,102,17,[9 1],103,808,825,705,808
1,<environment.Job instance at 0x1497a5913af0>,110,15,[2 8],111,891,906,780,891
1,<environment.Job instance at 0x1497a591b2d0>,122,3,[5 2],123,1038,1041,915,1038
1,<environment.Job instance at 0x1497a591b5a0>,123,13,[2 8],124,1039,1052,915,1039
1,<environment.Job instance at 0x1497a591b410>,124,1,[7 2],125,1041,1042,916,1039
1,<environment.Job instance at 0x1497766b4cd0>,2,13,[6 2],3,7,20,4,7
1,<environment.Job instance at 0x1497765f80f0>,7,2,[10  2],8,20,22,12,17
1,<environment.Job instance at 0x1497765f8c80>,12,20,[1 8],13,22,42,9,18
1,<environment.Job instance at 0x1497767b0190>,23,16,[5 2],24,125,141,101,125
1,<environment.Job instance at 0x1497761a36e0>,71,21,[1 8],72,667,688,595,667
1,<environment.Job instance at 0x1497761a3dc0>,73,19,[2 5],74,688,707,614,680
1,<environment.Job instance at 0x1497761a3820>,78,20,[8 2],79,683,703,604,683
1,<environment.Job instance at 0x149776177a50>,98,2,[9 1],99,847,849,748,847
1,<environment.Job instance at 0x1497a5e2ec80>,6,24,[1 8],7,8,32,1,8
1,<environment.Job instance at 0x1497a5e2e640>,5,24,[5 1],6,8,32,2,8
1,<environment.Job instance at 0x1497a5e2e410>,8,2,[2 8],9,32,34,23,13
1,<environment.Job instance at 0x1497a5e2d370>,21,12,[1 8],22,125,137,103,125
1,<environment.Job instance at 0x1497a57e48c0>,31,21,[10  1],32,199,220,167,199
1,<environment.Job instance at 0x1497a3fabd20>,35,3,[2 8],36,220,223,184,211
1,<environment.Job instance at 0x1497a3fa24b0>,36,16,[2 7],37,223,239,186,216
1,<environment.Job instance at 0x1497a3f7f8c0>,49,3,[9 2],50,329,332,279,329
1,<environment.Job instance at 0x1497a3fb3410>,54,13,[9 1],55,371,384,316,371
1,<environment.Job instance at 0x1497a3fb3690>,55,2,[1 7],56,373,375,317,373
1,<environment.Job instance at 0x1497a3fb3640>,57,1,[ 2 10],58,384,385,326,373
1,<environment.Job instance at 0x1497a3fb38c0>,61,2,[7 2],62,422,424,360,422
1,<environment.Job instance at 0x1497a5eaefa0>,100,22,[8 2],101,792,814,691,792
1,<environment.Job instance at 0x1497a5e9c500>,106,14,[1 8],107,853,867,746,853
1,<environment.Job instance at 0x1497a5e9c4b0>,108,2,[6 2],109,863,865,754,863
1,<environment.Job instance at 0x1497a5e9c550>,109,3,[1 5],110,867,870,757,867
1,<environment.Job instance at 0x1497a5e9c370>,111,17,[ 2 10],112,870,887,758,867
1,<environment.Job instance at 0x1497a5e9c9b0>,113,1,[7 1],114,890,891,776,890
1,<environment.Job instance at 0x1497a5ea8460>,132,19,[ 1 10],133,1127,1146,994,1127
1,<environment.Job instance at 0x1497a594c690>,5,15,[9 2],6,20,35,14,20
1,<environment.Job instance at 0x1497764f3e10>,14,22,[1 6],15,80,102,65,80
1,<environment.Job instance at 0x14977669a7d0>,45,20,[2 6],46,385,405,339,385
1,<environment.Job instance at 0x14977669af50>,48,19,[1 7],49,405,424,356,401
1,<environment.Job instance at 0x14977669a9b0>,51,16,[8 2],52,438,454,386,438
1,<environment.Job instance at 0x1497a59170f0>,59,1,[5 1],60,496,497,436,496
1,<environment.Job instance at 0x1497a5917230>,66,13,[7 1],67,562,575,495,562
1,<environment.Job instance at 0x149776729d70>,83,2,[9 1],84,674,676,590,674
1,<environment.Job instance at 0x149776729910>,91,20,[8 2],92,777,797,685,777
1,<environment.Job instance at 0x14977619cd70>,94,1,[1 7],95,777,778,682,777
1,<environment.Job instance at 0x1497a57a1be0>,126,1,[8 2],127,1104,1105,977,1104
1,<environment.Job instance at 0x1497a57a1550>,127,21,[1 8],128,1104,1125,976,1104
1,<environment.Job instance at 0x1517746aabe0>,11,14,[10  2],12,13,27,1,13
1,<environment.Job instance at 0x1517746aadc0>,12,22,[2 6],13,31,53,18,31
1,<environment.Job instance at 0x1517746ab050>,20,3,[7 1],21,77,80,56,77
1,<environment.Job instance at 0x1517746ab690>,26,20,[2 8],27,135,155,108,135
1,<environment.Job instance at 0x1517746abd20>,31,23,[5 1],32,150,173,118,150
1,<environment.Job instance at 0x1517746abcd0>,32,2,[2 9],33,155,157,122,152
1,<environment.Job instance at 0x1517746abd70>,33,2,[9 1],34,173,175,139,161
1,<environment.Job instance at 0x1517746ae320>,40,19,[1 7],41,200,219,159,200
1,<environment.Job instance at 0x1517746ae410>,44,13,[ 2 10],45,239,252,194,239
1,<environment.Job instance at 0x1517746ae690>,48,1,[6 2],49,289,290,240,289
1,<environment.Job instance at 0x15177ba06a00>,7,2,[2 5],8,11,13,3,11
1,<environment.Job instance at 0x1517746b90f0>,2,25,[5 2],3,11,36,8,11
1,<environment.Job instance at 0x15177b063cd0>,12,1,[6 2],13,36,37,23,25
1,<environment.Job instance at 0x15177ba06aa0>,10,20,[6 1],11,37,57,26,31
1,<environment.Job instance at 0x15177b0634b0>,15,15,[8 1],16,57,72,41,52
1,<environment.Job instance at 0x15177b063370>,18,24,[10  2],19,72,96,53,67
1,<environment.Job instance at 0x15177b0826e0>,50,17,[1 7],51,347,364,296,347
1,<environment.Job instance at 0x15177b30b0a0>,75,19,[5 1],76,569,588,493,569
1,<environment.Job instance at 0x15177b30bf00>,81,2,[1 7],82,592,594,510,592
1,<environment.Job instance at 0x1517765147d0>,90,24,[1 5],91,680,704,589,680
1,<environment.Job instance at 0x151776514780>,91,3,[1 7],92,704,707,612,681
1,<environment.Job instance at 0x1517767deb90>,95,20,[9 1],96,717,737,621,717
1,<environment.Job instance at 0x1517765c0780>,97,20,[5 2],98,737,757,639,732
1,<environment.Job instance at 0x151776d63190>,98,20,[7 1],99,787,807,688,787
1,<environment.Job instance at 0x151776dbfc80>,106,16,[7 2],107,835,851,728,835
1,<environment.Job instance at 0x151776568640>,105,16,[10  1],106,868,884,762,868
1,<environment.Job instance at 0x151776d365a0>,115,19,[10  2],116,884,903,768,882
1,<environment.Job instance at 0x15177ba42960>,133,22,[6 2],134,1016,1038,882,1016
1,<environment.Job instance at 0x15177ba7fd20>,134,12,[7 1],135,1038,1050,903,1031
1,<environment.Job instance at 0x15177ba7f640>,139,1,[2 8],140,1049,1050,909,1049
1,<environment.Job instance at 0x151777089c30>,145,20,[2 9],146,1099,1119,953,1099
1,<environment.Job instance at 0x1517375ff870>,5,22,[2 5],6,16,38,10,16
1,<environment.Job instance at 0x1517377fbe10>,23,3,[9 2],24,95,98,71,95
1,<environment.Job instance at 0x15177008c7d0>,24,22,[7 2],25,103,125,78,103
1,<environment.Job instance at 0x15177008bb90>,32,21,[10  2],33,150,171,117,150
1,<environment.Job instance at 0x15177002ff50>,38,17,[2 8],39,194,211,155,194
1,<environment.Job instance at 0x151770014dc0>,70,18,[2 6],71,452,470,381,452
1,<environment.Job instance at 0x15177003c2d0>,109,23,[9 1],110,843,866,733,843
1,<environment.Job instance at 0x15177003c190>,116,21,[2 7],117,896,917,779,896
1,<environment.Job instance at 0x15177003c910>,117,1,[8 1],118,896,897,778,896
1,<environment.Job instance at 0x151770025aa0>,128,12,[1 7],129,994,1006,865,994
1,<environment.Job instance at 0x1517370fa2d0>,7,2,[9 2],8,8,10,0,8
1,<environment.Job instance at 0x1517370fa4b0>,9,1,[8 1],10,13,14,3,13
1,<environment.Job instance at 0x1517370fa870>,10,24,[ 2 10],11,16,40,5,16
1,<environment.Job instance at 0x1517370fa960>,18,1,[2 8],19,56,57,37,56
1,<environment.Job instance at 0x15173707c780>,32,13,[1 5],33,235,248,202,235
1,<environment.Job instance at 0x15173707ca00>,38,22,[5 2],39,290,312,251,290
1,<environment.Job instance at 0x15173707cd20>,40,19,[9 2],41,312,331,271,305
1,<environment.Job instance at 0x15173707cdc0>,41,19,[2 7],42,331,350,289,326
1,<environment.Job instance at 0x15173707e550>,50,12,[1 5],51,350,362,299,337
1,<environment.Job instance at 0x15173707edc0>,64,12,[1 6],65,442,454,377,442
1,<environment.Job instance at 0x15173707efa0>,66,16,[7 1],67,444,460,377,444
1,<environment.Job instance at 0x1517370813c0>,73,28,[2 8],74,515,543,441,515
1,<environment.Job instance at 0x1517370ef7d0>,83,15,[6 1],84,554,569,470,554
1,<environment.Job instance at 0x1517370ef140>,85,3,[1 9],86,568,571,482,568
1,<environment.Job instance at 0x1517371ada00>,93,14,[ 2 10],94,647,661,553,647
1,<environment.Job instance at 0x1517371042d0>,102,3,[8 1],103,711,714,608,711
1,<environment.Job instance at 0x1517371336e0>,129,13,[2 9],130,977,990,847,977
1,<environment.Job instance at 0x1517370dcd20>,142,26,[2 9],143,1043,1069,900,1043
1,<environment.Job instance at 0x1517765440a0>,1,20,[2 7],2,6,26,4,6
1,<environment.Job instance at 0x151776544050>,9,19,[ 1 10],10,26,45,16,24
1,<environment.Job instance at 0x15177658aa50>,12,1,[5 1],13,50,51,37,50
1,<environment.Job instance at 0x1517767f44b0>,28,14,[8 2],29,149,163,120,149
1,<environment.Job instance at 0x1517767f4410>,46,16,[5 1],47,315,331,268,315
1,<environment.Job instance at 0x1517767b7c30>,49,13,[8 2],50,333,346,283,333
1,<environment.Job instance at 0x1517767b7d20>,54,1,[2 5],55,366,367,311,366
1,<environment.Job instance at 0x1517767b7aa0>,55,24,[2 7],56,367,391,311,366
1,<environment.Job instance at 0x1517767b78c0>,56,19,[5 2],57,367,386,310,367
1,<environment.Job instance at 0x151776669d70>,92,14,[6 1],93,757,771,664,757
1,<environment.Job instance at 0x1517766695f0>,93,2,[2 9],94,761,763,667,761
1,<environment.Job instance at 0x15177b0ce4b0>,96,22,[9 2],97,771,793,674,765
1,<environment.Job instance at 0x15177b0ce690>,99,3,[1 5],100,792,795,692,792
1,<environment.Job instance at 0x15177b0ce3c0>,100,2,[7 1],101,793,795,692,792
1,<environment.Job instance at 0x15177b0ce640>,101,13,[1 8],102,795,808,693,792
1,<environment.Job instance at 0x15177b0ce9b0>,105,14,[1 8],106,859,873,753,859
1,<environment.Job instance at 0x15177b960fa0>,127,27,[7 1],128,1061,1088,933,1061
1,<environment.Job instance at 0x151774b3faf0>,135,26,[6 2],136,1111,1137,975,1111
1,<environment.Job instance at 0x15177cf68960>,7,19,[9 1],8,14,33,6,14
1,<environment.Job instance at 0x15177cf68230>,8,15,[6 2],9,33,48,24,20
1,<environment.Job instance at 0x15177cf68c30>,12,23,[5 1],13,48,71,35,44
1,<environment.Job instance at 0x15177a9ab6e0>,26,19,[2 8],27,156,175,129,156
1,<environment.Job instance at 0x15177a9abd70>,35,21,[2 7],36,198,219,162,198
1,<environment.Job instance at 0x15177a998aa0>,44,18,[2 7],45,271,289,226,271
1,<environment.Job instance at 0x1517373feb40>,58,13,[1 7],59,384,397,325,384
1,<environment.Job instance at 0x1517373fe6e0>,61,18,[10  2],62,398,416,336,398
1,<environment.Job instance at 0x1517373fe640>,62,20,[7 2],63,416,436,353,409
1,<environment.Job instance at 0x15177b0987d0>,75,12,[2 8],76,513,525,437,513
1,<environment.Job instance at 0x15177b098a00>,80,16,[2 5],81,564,580,483,564
1,<environment.Job instance at 0x15177b098cd0>,81,1,[5 1],82,569,570,487,569
1,<environment.Job instance at 0x15177cf4f9b0>,94,15,[6 1],95,630,645,535,630
1,<environment.Job instance at 0x15177cf4f460>,110,16,[1 6],111,748,764,637,748
1,<environment.Job instance at 0x15177b0295a0>,136,21,[1 6],137,986,1007,849,986
1,<environment.Job instance at 0x15177b029be0>,139,2,[1 9],140,1010,1012,870,1010
1,<environment.Job instance at 0x151737526910>,15,2,[7 2],16,98,100,82,98
1,<environment.Job instance at 0x151737526870>,19,22,[2 5],20,124,146,104,124
1,<environment.Job instance at 0x151737526d20>,24,12,[1 8],25,159,171,134,159
1,<environment.Job instance at 0x151737270b90>,45,1,[9 1],46,332,333,286,332
1,<environment.Job instance at 0x151737270d20>,48,1,[ 2 10],49,366,367,317,366
1,<environment.Job instance at 0x15173724c3c0>,56,21,[6 2],57,421,442,364,421
1,<environment.Job instance at 0x15173724c410>,57,24,[1 6],58,421,445,363,421
1,<environment.Job instance at 0x15173724c500>,60,20,[1 8],61,445,465,384,438
1,<environment.Job instance at 0x15173724c8c0>,64,13,[6 1],65,445,458,380,445
1,<environment.Job instance at 0x15173724cb40>,68,2,[1 5],69,465,467,396,456
1,<environment.Job instance at 0x15173724cb90>,69,3,[1 7],70,467,470,397,460
1,<environment.Job instance at 0x15173724cc30>,73,3,[2 6],74,483,486,409,483
1,<environment.Job instance at 0x1517370bbf00>,125,21,[8 2],126,1087,1108,961,1087
1,<environment.Job instance at 0x151776d1a320>,139,2,[ 2 10],140,1254,1256,1114,1254
1,<environment.Job instance at 0x15177ba284b0>,0,18,[8 2],1,1,19,0,1
1,<environment.Job instance at 0x15173763a370>,19,12,[2 6],20,134,146,114,134
1,<environment.Job instance at 0x15177b2e8550>,22,3,[1 6],23,150,153,127,150
1,<environment.Job instance at 0x1517767323c0>,32,2,[1 9],33,186,188,153,186
1,<environment.Job instance at 0x151737411550>,39,18,[1 9],40,263,281,223,263
1,<environment.Job instance at 0x151737411870>,40,18,[ 2 10],41,296,314,255,296
1,<environment.Job instance at 0x151737411af0>,43,15,[2 9],44,320,335,276,320
1,<environment.Job instance at 0x15177cfad370>,47,12,[1 5],48,347,359,299,347
1,<environment.Job instance at 0x15177cfad050>,48,1,[2 9],49,359,360,310,347
1,<environment.Job instance at 0x15177cf1f690>,60,13,[2 6],61,441,454,380,441
1,<environment.Job instance at 0x151737472320>,62,19,[7 1],63,467,486,404,467
1,<environment.Job instance at 0x1517374014b0>,67,23,[ 2 10],68,526,549,458,526
1,<environment.Job instance at 0x1517764deeb0>,82,19,[2 9],83,647,666,564,647
1,<environment.Job instance at 0x151776ceb8c0>,86,13,[1 5],87,666,679,579,663
1,<environment.Job instance at 0x151774bcfbe0>,99,18,[2 7],100,753,771,653,753
1,<environment.Job instance at 0x151774bac3c0>,100,1,[2 9],101,771,772,670,755
1,<environment.Job instance at 0x151774b3aaa0>,106,3,[1 8],107,817,820,710,817
1,<environment.Job instance at 0x151774b3a410>,108,3,[ 2 10],109,821,824,712,821
1,<environment.Job instance at 0x151774b3ab90>,110,2,[2 7],111,858,860,747,858
1,<environment.Job instance at 0x151774b3aa00>,113,2,[1 8],114,860,862,746,860
1,<environment.Job instance at 0x151774b3aaf0>,117,1,[ 1 10],118,893,894,775,893
1,<environment.Job instance at 0x15177da04f00>,118,21,[6 2],119,894,915,775,893
1,<environment.Job instance at 0x1517377278c0>,126,20,[7 2],127,963,983,836,963
1,<environment.Job instance at 0x151737486c30>,131,13,[5 1],132,1016,1029,884,1016
1,<environment.Job instance at 0x1517377d5460>,7,22,[6 2],8,29,51,21,29
1,<environment.Job instance at 0x1517377d55f0>,11,16,[2 6],12,36,52,24,36
1,<environment.Job instance at 0x1517377d5d20>,12,20,[6 1],13,51,71,38,42
1,<environment.Job instance at 0x15177dacabe0>,20,27,[1 7],21,67,94,46,67
1,<environment.Job instance at 0x151770072e10>,34,14,[8 2],35,173,187,138,173
1,<environment.Job instance at 0x151737792050>,40,3,[2 6],41,218,221,177,218
1,<environment.Job instance at 0x15177702dd70>,53,24,[6 1],54,354,378,300,354
1,<environment.Job instance at 0x15173774af00>,57,1,[2 7],58,361,362,303,361
1,<environment.Job instance at 0x15173774a050>,59,18,[7 2],60,378,396,318,369
1,<environment.Job instance at 0x1517372b6640>,64,1,[ 2 10],65,416,417,351,416
1,<environment.Job instance at 0x151776758cd0>,78,22,[1 7],79,551,573,472,551
1,<environment.Job instance at 0x151776758c80>,86,15,[7 2],87,629,644,542,629
1,<environment.Job instance at 0x1517373699b0>,101,21,[2 6],102,800,821,698,800
1,<environment.Job instance at 0x15177da0a1e0>,107,20,[1 9],108,874,894,766,874
1,<environment.Job instance at 0x15177703ed20>,110,21,[5 1],111,893,914,782,893
1,<environment.Job instance at 0x15177703e3c0>,113,27,[6 1],114,957,984,843,957
1,<environment.Job instance at 0x15177703e410>,120,24,[10  2],121,1043,1067,922,1043
1,<environment.Job instance at 0x15177703ea50>,125,16,[7 2],126,1094,1110,968,1094
1,<environment.Job instance at 0x15177703e690>,127,1,[ 1 10],128,1110,1111,982,1098
1,<environment.Job instance at 0x151777029730>,128,24,[7 1],129,1111,1135,982,1107
1,<environment.Job instance at 0x151777029320>,129,1,[ 2 10],130,1135,1136,1005,1110
1,<environment.Job instance at 0x151777029c80>,145,3,[5 1],146,1322,1325,1176,1322
1,<environment.Job instance at 0x1517702c79b0>,0,1,[1 8],1,4,5,3,4
1,<environment.Job instance at 0x1517766d6aa0>,12,3,[1 7],13,47,50,34,47
1,<environment.Job instance at 0x1517766c9230>,25,26,[5 2],26,123,149,97,123
1,<environment.Job instance at 0x1517766c9370>,27,1,[1 9],28,149,150,121,132
1,<environment.Job instance at 0x1517766c95f0>,29,17,[ 1 10],30,150,167,120,147
1,<environment.Job instance at 0x1517766ea370>,47,14,[ 1 10],48,334,348,286,334
1,<environment.Job instance at 0x1517766ea050>,50,1,[6 1],51,348,349,297,342
1,<environment.Job instance at 0x1517766eaaa0>,60,16,[2 6],61,444,460,383,444
1,<environment.Job instance at 0x1517766e90a0>,68,26,[10  1],69,478,504,409,478
1,<environment.Job instance at 0x1517766fd550>,95,14,[2 7],96,666,680,570,666
1,<environment.Job instance at 0x1517766fa230>,111,14,[9 2],112,818,832,706,818
1,<environment.Job instance at 0x151737173f50>,1,3,[2 6],2,61,64,59,61
1,<environment.Job instance at 0x151770156e10>,9,3,[6 1],10,62,65,52,62
1,<environment.Job instance at 0x15177650e7d0>,22,3,[2 9],23,165,168,142,165
1,<environment.Job instance at 0x15177650e910>,24,23,[2 8],25,194,217,169,194
1,<environment.Job instance at 0x15177650ef50>,25,3,[ 2 10],26,217,220,191,198
1,<environment.Job instance at 0x15173757d780>,33,22,[7 1],34,248,270,214,248
1,<environment.Job instance at 0x151737584410>,36,26,[6 1],37,270,296,233,268
1,<environment.Job instance at 0x151737441a00>,42,2,[8 2],43,348,350,305,348
1,<environment.Job instance at 0x1517766fca00>,44,20,[5 1],45,352,372,307,352
1,<environment.Job instance at 0x15173757fb40>,45,19,[2 5],46,363,382,317,363
1,<environment.Job instance at 0x1517764c6be0>,59,1,[2 9],60,482,483,422,482
1,<environment.Job instance at 0x15177665e1e0>,60,27,[7 2],61,483,510,422,482
1,<environment.Job instance at 0x1517746a4a00>,66,2,[1 5],67,531,533,464,531
1,<environment.Job instance at 0x1517377b0a00>,89,20,[2 6],90,769,789,679,769
1,<environment.Job instance at 0x1517377b00a0>,92,3,[10  2],93,789,792,696,782
1,<environment.Job instance at 0x1517701459b0>,126,14,[9 2],127,1076,1090,949,1076
1,<environment.Job instance at 0x15173710dfa0>,4,20,[1 7],5,10,30,5,10
1,<environment.Job instance at 0x1517702bea00>,7,22,[2 7],8,30,52,22,25
1,<environment.Job instance at 0x1517702be7d0>,11,18,[8 2],12,49,67,37,49
1,<environment.Job instance at 0x1517377f8fa0>,25,22,[5 1],26,121,143,95,121
1,<environment.Job instance at 0x1517377f84b0>,31,1,[8 1],32,159,160,127,159
1,<environment.Job instance at 0x151736e89730>,51,25,[2 5],52,365,390,313,365
1,<environment.Job instance at 0x151736e890a0>,54,23,[5 2],55,366,389,311,366
1,<environment.Job instance at 0x15177b9b70a0>,72,2,[8 1],73,536,538,463,536
1,<environment.Job instance at 0x15177019b190>,85,1,[8 1],86,619,620,533,619
1,<environment.Job instance at 0x1517700f99b0>,93,17,[1 5],94,744,761,650,744
1,<environment.Job instance at 0x151774b5b1e0>,128,14,[8 1],129,1193,1207,1064,1193
1,<environment.Job instance at 0x1517793207d0>,135,26,[1 5],136,1237,1263,1101,1237
1,<environment.Job instance at 0x1517793200f0>,138,2,[1 9],139,1272,1274,1133,1272
1,<environment.Job instance at 0x1517793202d0>,139,3,[1 8],140,1274,1277,1134,1272
1,<environment.Job instance at 0x151737673550>,147,2,[2 9],148,1369,1371,1221,1369
1,<environment.Job instance at 0x151737673aa0>,148,12,[5 1],149,1370,1382,1221,1370
1,<environment.Job instance at 0x1517372f5d70>,2,13,[2 5],3,27,40,24,27
1,<environment.Job instance at 0x15173756db90>,13,18,[1 8],14,81,99,67,81
1,<environment.Job instance at 0x15173756b870>,16,13,[2 8],17,99,112,82,96
1,<environment.Job instance at 0x15173722cb40>,36,12,[ 1 10],37,255,267,218,255
1,<environment.Job instance at 0x15177b95b960>,42,1,[ 1 10],43,295,296,252,295
1,<environment.Job instance at 0x151737598af0>,44,26,[2 9],45,307,333,262,307
1,<environment.Job instance at 0x1517766e7e10>,82,22,[2 5],83,646,668,563,646
1,<environment.Job instance at 0x151737254050>,113,22,[1 6],114,941,963,827,941
1,<environment.Job instance at 0x1517372546e0>,114,16,[7 2],115,941,957,826,941
1,<environment.Job instance at 0x1517377f8c80>,120,27,[2 8],121,988,1015,867,988
1,<environment.Job instance at 0x151774bdabe0>,0,19,[ 2 10],1,2,21,1,2
1,<environment.Job instance at 0x1517372be4b0>,3,19,[2 9],4,21,40,17,11
1,<environment.Job instance at 0x15173765c870>,16,24,[ 1 10],17,42,66,25,42
1,<environment.Job instance at 0x15173765cd70>,25,3,[2 6],26,123,126,97,123
1,<environment.Job instance at 0x15173765ceb0>,27,16,[7 1],28,129,145,101,129
1,<environment.Job instance at 0x151737665190>,32,3,[8 1],33,223,226,190,223
1,<environment.Job instance at 0x151737665550>,36,21,[2 5],37,244,265,207,244
1,<environment.Job instance at 0x151737665870>,39,1,[8 2],40,262,263,222,262
1,<environment.Job instance at 0x151737665780>,41,27,[5 1],42,282,309,240,282
1,<environment.Job instance at 0x151737678e10>,60,21,[5 2],61,421,442,360,421
1,<environment.Job instance at 0x1517376a6f00>,71,3,[6 1],72,529,532,457,529
1,<environment.Job instance at 0x15173746a230>,81,19,[2 8],82,611,630,529,611
1,<environment.Job instance at 0x151776d805a0>,82,1,[7 1],83,612,613,529,612
1,<environment.Job instance at 0x1517374493c0>,118,15,[9 1],119,1052,1067,933,1052
1,<environment.Job instance at 0x1517374491e0>,121,3,[9 2],122,1083,1086,961,1083
1,<environment.Job instance at 0x1517374498c0>,123,21,[8 2],124,1103,1124,979,1103
1,<environment.Job instance at 0x151737449c30>,130,20,[1 8],131,1135,1155,1004,1135
1,<environment.Job instance at 0x151737666f50>,142,28,[10  1],143,1278,1306,1135,1278
1,<environment.Job instance at 0x1517376667d0>,145,2,[2 6],146,1308,1310,1162,1308
1,<environment.Job instance at 0x151737411820>,22,25,[ 2 10],23,127,152,104,127
1,<environment.Job instance at 0x15173744e0a0>,26,20,[1 5],27,155,175,128,155
1,<environment.Job instance at 0x15173744ef00>,28,1,[2 6],29,177,178,148,177
1,<environment.Job instance at 0x151737430820>,51,13,[8 2],52,386,399,334,386
1,<environment.Job instance at 0x1517376666e0>,63,12,[8 2],64,431,443,367,431
1,<environment.Job instance at 0x15173746aa50>,75,14,[2 8],76,521,535,445,521
1,<environment.Job instance at 0x15173741ceb0>,93,2,[ 1 10],94,694,696,600,694
1,<environment.Job instance at 0x15173764f820>,106,20,[1 9],107,778,798,671,778
1,<environment.Job instance at 0x15173764f140>,114,3,[8 1],115,859,862,744,859
1,<environment.Job instance at 0x151737453d70>,122,3,[2 5],123,969,972,846,969
1,<environment.Job instance at 0x1517374534b0>,125,23,[9 2],126,1014,1037,888,1014
1,<environment.Job instance at 0x151737453820>,126,1,[7 1],127,1037,1038,910,1014
1,<environment.Job instance at 0x151737678f50>,143,25,[2 6],144,1126,1151,982,1126
1,<environment.Job instance at 0x151777007c80>,5,1,[2 5],6,7,8,1,7
1,<environment.Job instance at 0x15177ba4dc30>,15,16,[ 1 10],16,53,69,37,53
1,<environment.Job instance at 0x15177ba4dd70>,23,22,[7 2],24,108,130,84,108
1,<environment.Job instance at 0x15177ba4d050>,27,15,[2 7],28,134,149,106,134
1,<environment.Job instance at 0x151737265f50>,67,3,[ 2 10],68,490,493,422,490
1,<environment.Job instance at 0x1517376ba1e0>,69,15,[5 2],70,514,529,444,514
1,<environment.Job instance at 0x151776c12b40>,99,27,[1 9],100,799,826,699,799
1,<environment.Job instance at 0x15177b9d67d0>,105,22,[ 2 10],106,865,887,759,865
1,<environment.Job instance at 0x15177b9d60f0>,110,16,[1 5],111,894,910,783,894
1,<environment.Job instance at 0x15177b9d6d70>,113,13,[2 8],114,910,923,796,899
1,<environment.Job instance at 0x151737472f50>,129,3,[5 2],130,1009,1012,879,1009
1,<environment.Job instance at 0x15173778d500>,138,2,[7 1],139,1068,1070,929,1068
1,<environment.Job instance at 0x151737411cd0>,142,20,[1 8],143,1093,1113,950,1093
1,<environment.Job instance at 0x151776706410>,4,18,[10  2],5,19,37,14,19
1,<environment.Job instance at 0x15177671b140>,10,1,[7 2],11,37,38,26,24
1,<environment.Job instance at 0x15177671b870>,14,22,[2 5],15,96,118,81,96
1,<environment.Job instance at 0x151770196870>,36,23,[7 1],37,295,318,258,295
1,<environment.Job instance at 0x15177b081780>,42,1,[10  1],43,333,334,290,333
1,<environment.Job instance at 0x151770196e10>,39,23,[5 1],40,343,366,303,343
1,<environment.Job instance at 0x1517765d0640>,44,22,[2 8],45,359,381,314,359
1,<environment.Job instance at 0x1517765db9b0>,51,21,[1 8],52,381,402,329,377
1,<environment.Job instance at 0x1517701e4fa0>,85,14,[1 6],86,601,615,515,601
1,<environment.Job instance at 0x1517701e3230>,91,23,[6 2],92,630,653,538,630
1,<environment.Job instance at 0x1517701e3640>,96,2,[9 2],97,670,672,573,670
1,<environment.Job instance at 0x1517701e34b0>,97,23,[10  1],98,672,695,574,671
1,<environment.Job instance at 0x1517701e3e10>,108,23,[1 9],109,797,820,688,797
1,<environment.Job instance at 0x151736fbe370>,4,21,[1 9],5,7,28,2,7
1,<environment.Job instance at 0x151737716dc0>,19,3,[9 2],20,74,77,54,74
1,<environment.Job instance at 0x151737716190>,20,23,[9 1],21,77,100,56,75
1,<environment.Job instance at 0x151737716aa0>,21,26,[1 5],22,79,105,57,79
1,<environment.Job instance at 0x151736ff7500>,52,12,[7 2],53,382,394,329,382
1,<environment.Job instance at 0x15177b0580a0>,143,19,[2 8],144,1370,1389,1226,1370
1,<environment.Job instance at 0x1517701eaaf0>,1,1,[5 2],2,3,4,1,3
1,<environment.Job instance at 0x1517746ae190>,6,22,[5 2],7,8,30,1,8
1,<environment.Job instance at 0x1517746ae2d0>,11,16,[8 2],12,30,46,18,28
1,<environment.Job instance at 0x1517766673c0>,70,22,[2 9],71,599,621,528,599
1,<environment.Job instance at 0x151776678640>,74,22,[1 5],75,626,648,551,626
1,<environment.Job instance at 0x151776678370>,76,3,[1 8],77,648,651,571,626
1,<environment.Job instance at 0x151776678730>,77,13,[9 1],78,626,639,548,626
1,<environment.Job instance at 0x1517766789b0>,81,1,[9 2],82,654,655,572,654
1,<environment.Job instance at 0x151776678a50>,82,2,[7 2],83,656,658,573,656
1,<environment.Job instance at 0x151776678af0>,83,1,[9 2],84,658,659,574,656
1,<environment.Job instance at 0x1517766b0cd0>,132,18,[10  1],133,1048,1066,915,1048
1,<environment.Job instance at 0x15177a9a7230>,0,2,[9 2],1,3,5,2,3
1,<environment.Job instance at 0x1517774d1f00>,5,16,[1 9],6,10,26,4,10
1,<environment.Job instance at 0x15177ba49d20>,37,2,[2 8],38,309,311,271,309
1,<environment.Job instance at 0x15177ba49190>,39,14,[2 7],40,311,325,271,309
1,<environment.Job instance at 0x15177ba495f0>,43,1,[9 1],44,358,359,314,358
1,<environment.Job instance at 0x151770275230>,71,1,[1 9],72,582,583,510,582
1,<environment.Job instance at 0x151770275690>,72,2,[6 1],73,583,585,510,583
1,<environment.Job instance at 0x151770275370>,73,22,[2 9],74,584,606,510,584
1,<environment.Job instance at 0x151770275eb0>,74,2,[7 2],75,606,608,531,588
1,<environment.Job instance at 0x15177d369a00>,79,13,[1 9],80,618,631,538,618
1,<environment.Job instance at 0x1517701ed8c0>,107,3,[2 6],108,850,853,742,850
1,<environment.Job instance at 0x151770196c30>,115,3,[1 8],116,927,930,811,927
1,<environment.Job instance at 0x1517701965f0>,118,3,[1 5],119,945,948,826,945
1,<environment.Job instance at 0x151770196730>,119,17,[9 2],120,946,963,826,946
1,<environment.Job instance at 0x1517701966e0>,135,20,[5 2],136,1093,1113,957,1093
1,<environment.Job instance at 0x15177671b9b0>,137,13,[10  1],138,1113,1126,975,1099
1,<environment.Job instance at 0x1517375b0a00>,139,2,[2 5],146,1126,1128,980,1117
1,<environment.Job instance at 0x14a0a7e9cc30>,1,2,[2 5],2,3,5,1,3
1,<environment.Job instance at 0x14a09eadf780>,3,2,[1 7],4,5,7,1,4
1,<environment.Job instance at 0x14a09eae13c0>,18,3,[1 6],19,51,54,32,51
1,<environment.Job instance at 0x14a09eae1280>,20,3,[7 1],21,55,58,34,55
1,<environment.Job instance at 0x14a09eae1960>,30,2,[2 8],31,151,153,120,151
1,<environment.Job instance at 0x14a09eae18c0>,29,20,[1 5],30,153,173,123,153
1,<environment.Job instance at 0x14a09eae1c80>,33,2,[9 1],34,156,158,122,156
1,<environment.Job instance at 0x14a09eae1eb0>,34,20,[5 1],35,174,194,139,174
1,<environment.Job instance at 0x14a09eae1f00>,37,22,[2 5],38,188,210,150,188
1,<environment.Job instance at 0x14a09eae31e0>,39,2,[5 2],40,199,201,159,199
1,<environment.Job instance at 0x14a09eae3500>,45,15,[2 5],46,219,234,173,219
1,<environment.Job instance at 0x14a09eae63c0>,62,3,[6 2],63,339,342,276,339
1,<environment.Job instance at 0x14a09eae6e10>,76,14,[9 1],77,518,532,441,518
1,<environment.Job instance at 0x14a09eae9e10>,100,20,[10  2],101,711,731,610,711
1,<environment.Job instance at 0x14a09eae9eb0>,101,14,[6 1],102,731,745,629,718
1,<environment.Job instance at 0x14a09eaec230>,106,2,[7 1],107,753,755,646,753
1,<environment.Job instance at 0x14a09eaec910>,117,20,[1 9],118,875,895,757,875
1,<environment.Job instance at 0x14a09eaecc80>,124,12,[10  2],125,933,945,808,933
1,<environment.Job instance at 0x14a09eaecdc0>,125,17,[5 1],126,945,962,819,933
1,<environment.Job instance at 0x14a0a0a9ceb0>,5,15,[8 1],6,9,24,3,9
1,<environment.Job instance at 0x14a0a0c33a50>,20,14,[6 1],21,153,167,132,153
1,<environment.Job instance at 0x14a0a0b6fcd0>,35,1,[1 7],36,339,340,303,339
1,<environment.Job instance at 0x14a0a0a689b0>,37,17,[6 2],38,351,368,313,351
1,<environment.Job instance at 0x14a0a0b70820>,41,24,[2 5],42,352,376,310,352
1,<environment.Job instance at 0x14a0a10e02d0>,43,23,[5 1],44,371,394,327,371
1,<environment.Job instance at 0x14a0a10f7140>,54,27,[2 7],55,447,474,392,447
1,<environment.Job instance at 0x14a0a11c6d70>,57,2,[10  2],58,474,476,416,452
1,<environment.Job instance at 0x14a0a1158af0>,63,20,[1 6],64,487,507,423,487
1,<environment.Job instance at 0x14a0a1158230>,64,14,[10  1],65,507,521,442,496
1,<environment.Job instance at 0x14a0a1158be0>,65,19,[5 1],66,521,540,455,512
1,<environment.Job instance at 0x14a0a112d5a0>,72,15,[1 9],73,548,563,475,548
1,<environment.Job instance at 0x14a0a112d320>,80,24,[1 5],81,621,645,540,621
1,<environment.Job instance at 0x14a0a112d500>,81,3,[1 7],82,645,648,563,621
1,<environment.Job instance at 0x14a0a0a9ec80>,115,24,[ 1 10],116,969,993,853,969
1,<environment.Job instance at 0x14a0a09909b0>,127,3,[6 1],128,1059,1062,931,1059
1,<environment.Job instance at 0x14a0a0a9b410>,129,1,[2 8],130,1074,1075,944,1074
1,<environment.Job instance at 0x14a0a0a9b730>,130,3,[7 1],131,1074,1077,943,1074
1,<environment.Job instance at 0x14a0a5dc9460>,2,16,[2 8],3,4,20,1,4
1,<environment.Job instance at 0x14a0a0c336e0>,1,15,[7 1],2,11,26,9,11
1,<environment.Job instance at 0x14a07d554b90>,21,14,[5 1],22,132,146,110,132
1,<environment.Job instance at 0x14a07d5565a0>,28,22,[2 8],29,178,200,149,178
1,<environment.Job instance at 0x14a07d556640>,29,20,[ 2 10],30,200,220,170,191
1,<environment.Job instance at 0x14a07d556dc0>,38,22,[7 1],39,222,244,183,222
1,<environment.Job instance at 0x14a07d556c80>,39,3,[2 9],40,223,226,183,223
1,<environment.Job instance at 0x14a07d558500>,50,18,[2 6],51,339,357,288,339
1,<environment.Job instance at 0x14a07d558960>,57,1,[6 1],58,398,399,340,398
1,<environment.Job instance at 0x14a07d558c80>,62,12,[2 8],63,438,450,375,438
1,<environment.Job instance at 0x14a07d558d20>,63,12,[10  1],64,450,462,386,440
1,<environment.Job instance at 0x14a07daa8460>,9,23,[2 9],10,23,46,13,23
1,<environment.Job instance at 0x14a07daa8500>,10,19,[9 2],11,46,65,35,36
1,<environment.Job instance at 0x14a07daa8640>,14,1,[2 7],15,65,66,50,64
1,<environment.Job instance at 0x14a07daa8af0>,15,2,[1 9],16,66,68,50,64
1,<environment.Job instance at 0x14a07da9d820>,36,16,[7 1],37,320,336,283,320
1,<environment.Job instance at 0x14a07da9d5a0>,41,2,[2 5],42,322,324,280,322
1,<environment.Job instance at 0x14a07da9d690>,42,3,[8 2],43,356,359,313,356
1,<environment.Job instance at 0x14a07da9aaf0>,48,24,[8 1],49,385,409,336,385
1,<environment.Job instance at 0x14a07da9a960>,54,28,[1 9],55,399,427,344,399
1,<environment.Job instance at 0x14a07da94b40>,62,1,[8 1],63,473,474,410,473
1,<environment.Job instance at 0x14a0a1179f00>,65,15,[7 1],66,493,508,427,493
1,<environment.Job instance at 0x14a07db0f1e0>,64,24,[6 2],65,509,533,444,509
1,<environment.Job instance at 0x14a07db28820>,75,3,[8 1],76,569,572,493,569
1,<environment.Job instance at 0x14a07da33f00>,81,3,[2 6],82,623,626,541,623
1,<environment.Job instance at 0x14a07da33140>,83,26,[2 6],84,632,658,548,632
1,<environment.Job instance at 0x14a0a5422190>,88,1,[1 5],89,702,703,613,702
1,<environment.Job instance at 0x14a0a377f460>,99,13,[2 9],100,787,800,687,787
1,<environment.Job instance at 0x14a0a5e329b0>,107,14,[1 5],108,826,840,718,826
1,<environment.Job instance at 0x14a0a00c5a00>,117,15,[1 9],118,917,932,799,917
1,<environment.Job instance at 0x14a0a18ef730>,121,20,[2 7],122,934,954,812,934
1,<environment.Job instance at 0x14a0a18efa50>,125,1,[1 7],126,978,979,852,978
1,<environment.Job instance at 0x14a0a0a9b3c0>,128,24,[8 1],129,1003,1027,874,1003
1,<environment.Job instance at 0x14a0a18efb90>,129,19,[ 1 10],130,1027,1046,897,1019
1,<environment.Job instance at 0x14a0a5441af0>,132,1,[5 1],133,1046,1047,913,1021
1,<environment.Job instance at 0x14a0a5441140>,134,20,[10  2],135,1048,1068,913,1048
1,<environment.Job instance at 0x14a0a7784b90>,136,24,[5 1],137,1068,1092,931,1066
1,<environment.Job instance at 0x14a0a7784f50>,138,3,[1 5],139,1070,1073,931,1070
1,<environment.Job instance at 0x14a09f25c2d0>,141,23,[2 7],142,1089,1112,947,1089
1,<environment.Job instance at 0x14a09f25c460>,144,1,[8 2],145,1135,1136,990,1135
1,<environment.Job instance at 0x14a0a54e5e10>,6,16,[5 1],7,11,27,4,11
1,<environment.Job instance at 0x14a09ef605a0>,33,19,[10  2],34,293,312,259,293
1,<environment.Job instance at 0x14a09ef60af0>,34,2,[ 1 10],35,312,314,277,294
1,<environment.Job instance at 0x14a0a779aeb0>,45,18,[7 1],46,399,417,353,399
1,<environment.Job instance at 0x14a0a0b73c30>,52,14,[6 1],53,469,483,416,469
1,<environment.Job instance at 0x14a0a0b73d20>,60,2,[7 1],61,521,523,460,521
1,<environment.Job instance at 0x14a09efae7d0>,76,3,[ 1 10],77,717,720,640,717
1,<environment.Job instance at 0x14a07db84b90>,91,2,[2 7],92,882,884,790,882
1,<environment.Job instance at 0x14a0a0a7de60>,100,24,[ 1 10],101,1025,1049,924,1025
1,<environment.Job instance at 0x14a0a0979190>,120,15,[ 1 10],121,1252,1267,1131,1252
1,<environment.Job instance at 0x14a0a0a3d0f0>,131,3,[1 5],132,1406,1409,1274,1406
1,<environment.Job instance at 0x14a0a5eba870>,136,19,[2 8],137,1431,1450,1294,1431
1,<environment.Job instance at 0x14a0a5eba5f0>,137,27,[8 2],138,1438,1465,1300,1438
1,<environment.Job instance at 0x14a0a5eba230>,138,3,[5 2],139,1465,1468,1326,1441
1,<environment.Job instance at 0x14a0a11e9190>,141,2,[10  2],145,1468,1470,1323,1462
1,<environment.Job instance at 0x14a0a54e5320>,1,3,[6 1],2,6,9,4,6
1,<environment.Job instance at 0x14a0a10aeaf0>,11,18,[10  2],12,50,68,38,50
1,<environment.Job instance at 0x14a0a00c0d20>,22,27,[5 1],23,130,157,107,130
1,<environment.Job instance at 0x14a0a00c0460>,28,26,[9 2],29,187,213,158,187
1,<environment.Job instance at 0x14a0a5d91500>,43,2,[1 7],44,250,252,206,250
1,<environment.Job instance at 0x14a0a5d918c0>,47,21,[1 7],48,269,290,221,269
1,<environment.Job instance at 0x14a0a1183dc0>,57,25,[1 9],58,334,359,276,334
1,<environment.Job instance at 0x14a0a11832d0>,60,16,[1 6],61,364,380,303,364
1,<environment.Job instance at 0x14a09eace870>,66,1,[1 9],67,392,393,325,392
1,<environment.Job instance at 0x14a09eace1e0>,82,3,[ 1 10],83,526,529,443,526
1,<environment.Job instance at 0x14a0a7d42280>,86,21,[1 6],87,556,577,469,556
1,<environment.Job instance at 0x14a0a7d42cd0>,89,2,[1 9],90,581,583,491,581
1,<environment.Job instance at 0x14a0a7d42e10>,94,26,[2 7],95,627,653,532,627
1,<environment.Job instance at 0x14a0a6d30fa0>,118,15,[9 2],119,850,865,731,850
1,<environment.Job instance at 0x14a0a6d30b90>,119,22,[2 5],120,865,887,745,859
1,<environment.Job instance at 0x14a0a6d30190>,126,22,[ 2 10],127,893,915,766,893
1,<environment.Job instance at 0x14a0a0a3d730>,131,22,[ 2 10],132,993,1015,861,993
1,<environment.Job instance at 0x14a0a0a9f7d0>,141,2,[8 2],142,1015,1017,873,995
1,<environment.Job instance at 0x14a0a18f3a00>,4,13,[6 1],5,8,21,3,8
1,<environment.Job instance at 0x14a09c024550>,8,2,[1 5],9,10,12,1,10
1,<environment.Job instance at 0x14a09c0247d0>,11,26,[8 1],12,22,48,10,22
1,<environment.Job instance at 0x14a07d71a9b0>,48,23,[7 2],49,339,362,290,339
1,<environment.Job instance at 0x14a07d71ab40>,51,27,[ 2 10],52,365,392,313,365
1,<environment.Job instance at 0x14a07d71acd0>,55,2,[1 5],56,392,394,336,376
1,<environment.Job instance at 0x14a07d72b2d0>,59,12,[1 8],60,395,407,335,395
1,<environment.Job instance at 0x14a07d72beb0>,79,2,[ 2 10],80,599,601,519,599
1,<environment.Job instance at 0x14a07d71b320>,82,2,[5 2],83,622,624,539,622
1,<environment.Job instance at 0x14a07d71b550>,87,27,[8 1],88,674,701,586,674
1,<environment.Job instance at 0x14a07d71b730>,90,18,[8 2],91,701,719,610,700
1,<environment.Job instance at 0x14a0a00e1fa0>,112,3,[1 6],113,892,895,779,892
1,<environment.Job instance at 0x14a0a5e19a50>,116,19,[1 5],117,895,914,778,892
1,<environment.Job instance at 0x14a09c326af0>,120,21,[2 5],121,899,920,778,899
1,<environment.Job instance at 0x14a07d577be0>,126,25,[9 2],127,936,961,809,936
1,<environment.Job instance at 0x14a09c326500>,127,20,[7 1],128,961,981,833,958
1,<environment.Job instance at 0x14a0a18ec4b0>,129,18,[1 9],130,962,980,832,962
1,<environment.Job instance at 0x14a0a5451d20>,134,25,[8 2],135,1004,1029,869,1004
1,<environment.Job instance at 0x14a0a544eaa0>,137,12,[1 5],138,1008,1020,870,1008
1,<environment.Job instance at 0x14a0a544e500>,139,28,[6 1],140,1033,1061,893,1033
1,<environment.Job instance at 0x14a0a18ec280>,0,2,[1 9],1,10,12,9,10
1,<environment.Job instance at 0x14a07db57d20>,7,20,[2 7],8,23,43,15,23
1,<environment.Job instance at 0x14a0a5458410>,10,21,[10  2],11,43,64,32,36
1,<environment.Job instance at 0x14a0a54f7050>,17,28,[6 2],18,79,107,61,79
1,<environment.Job instance at 0x14a0a0a57eb0>,21,2,[ 1 10],22,107,109,85,84
1,<environment.Job instance at 0x14a0a097a230>,30,1,[2 9],31,165,166,134,165
1,<environment.Job instance at 0x14a07d89ee10>,35,18,[2 7],36,173,191,137,173
1,<environment.Job instance at 0x14a09f026b40>,40,2,[2 7],41,193,195,152,193
1,<environment.Job instance at 0x14a07d7d45a0>,48,21,[6 2],49,245,266,196,245
1,<environment.Job instance at 0x14a07d546dc0>,52,16,[1 6],53,293,309,240,293
1,<environment.Job instance at 0x14a09ef890f0>,59,3,[2 7],60,384,387,324,384
1,<environment.Job instance at 0x14a09ef89550>,65,17,[10  2],66,413,430,347,413
1,<environment.Job instance at 0x14a0a10c6320>,84,15,[1 8],85,618,633,533,618
1,<environment.Job instance at 0x14a0a5473550>,98,1,[2 8],99,712,713,613,712
1,<environment.Job instance at 0x14a0a11e92d0>,99,18,[1 5],100,719,737,619,719
1,<environment.Job instance at 0x14a0a5d5faa0>,105,21,[10  2],106,740,761,634,740
1,<environment.Job instance at 0x14a09c3361e0>,104,1,[9 2],105,761,762,656,753
1,<environment.Job instance at 0x14a07daf0f00>,121,24,[1 9],122,880,904,758,880
1,<environment.Job instance at 0x14a07d5a9a50>,124,13,[10  1],125,904,917,779,902
1,<environment.Job instance at 0x14a0a1197e60>,129,15,[2 9],130,928,943,798,928
1,<environment.Job instance at 0x14a07d438cd0>,128,14,[9 2],129,968,982,839,968
1,<environment.Job instance at 0x14a09c17f460>,147,2,[2 5],148,1067,1069,919,1067
1,<environment.Job instance at 0x14a0a11e8c30>,3,27,[8 1],4,27,54,23,27
1,<environment.Job instance at 0x14a07d8802d0>,10,16,[10  1],11,54,70,43,50
1,<environment.Job instance at 0x14a09c019230>,22,20,[1 5],23,131,151,108,131
1,<environment.Job instance at 0x14a0a5db1140>,27,20,[1 9],28,167,187,139,167
1,<environment.Job instance at 0x14a07d6675f0>,33,27,[6 1],34,228,255,194,228
1,<environment.Job instance at 0x14a07dbe99b0>,38,28,[2 5],39,294,322,255,294
1,<environment.Job instance at 0x14a09eac4140>,45,16,[7 2],46,400,416,354,400
1,<environment.Job instance at 0x14a07d326fa0>,65,3,[5 1],66,595,598,529,595
1,<environment.Job instance at 0x14a07d8f2190>,70,1,[1 8],71,670,671,599,670
1,<environment.Job instance at 0x14a09c17d460>,75,26,[2 8],76,747,773,671,747
1,<environment.Job instance at 0x14a09ead5a50>,104,15,[5 1],105,1000,1015,895,1000
1,<environment.Job instance at 0x14a09ead5fa0>,105,27,[5 1],106,1009,1036,903,1009
1,<environment.Job instance at 0x14a09ead5780>,107,24,[5 2],108,1024,1048,916,1024
1,<environment.Job instance at 0x14a07d418d20>,131,15,[5 1],132,1355,1370,1223,1355
1,<environment.Job instance at 0x14a07d418550>,134,1,[2 6],135,1373,1374,1238,1373
1,<environment.Job instance at 0x14a09c057500>,7,20,[5 1],8,24,44,16,24
1,<environment.Job instance at 0x14a07d154eb0>,18,26,[7 2],19,78,104,59,78
1,<environment.Job instance at 0x14a07d1547d0>,19,15,[1 6],20,90,105,70,90
1,<environment.Job instance at 0x14a07d154c80>,21,14,[9 2],22,104,118,82,97
1,<environment.Job instance at 0x14a07d1540a0>,24,14,[2 5],25,118,132,93,103
1,<environment.Job instance at 0x14a07d154fa0>,25,13,[1 9],26,132,145,106,116
1,<environment.Job instance at 0x14a07d665af0>,32,15,[1 5],33,145,160,112,135
1,<environment.Job instance at 0x14a07d665190>,35,22,[6 1],36,174,196,138,174
1,<environment.Job instance at 0x14a0a0bcdd20>,41,13,[1 7],42,226,239,184,226
1,<environment.Job instance at 0x14a0a0bcdb40>,45,22,[5 2],46,261,283,215,261
1,<environment.Job instance at 0x14a0a11a98c0>,59,25,[2 7],60,472,497,412,472
1,<environment.Job instance at 0x14a0a11a90f0>,61,3,[2 6],62,497,500,435,479
1,<environment.Job instance at 0x14a0a090bdc0>,81,3,[ 1 10],82,718,721,636,718
1,<environment.Job instance at 0x14a0a090bf50>,82,3,[2 9],83,721,724,638,720
1,<environment.Job instance at 0x14a0a090b730>,84,23,[2 8],85,735,758,650,735
1,<environment.Job instance at 0x14a0a090b640>,85,3,[ 2 10],86,758,761,672,735
1,<environment.Job instance at 0x14a0a090bc30>,87,1,[6 1],88,752,753,664,752
1,<environment.Job instance at 0x14a09c0f8500>,93,22,[7 1],94,841,863,747,841
1,<environment.Job instance at 0x14a07daa2e10>,107,23,[6 2],108,978,1001,870,978
1,<environment.Job instance at 0x14a09c0d1190>,139,19,[6 2],140,1346,1365,1206,1346
1,<environment.Job instance at 0x14a09c0f5c80>,150,2,[9 2],151,1469,1471,1318,1469
1,<environment.Job instance at 0x14a0a548c550>,7,17,[7 2],8,14,31,6,14
1,<environment.Job instance at 0x14a0a548cbe0>,16,22,[1 9],17,61,83,44,61
1,<environment.Job instance at 0x14a0a548c9b0>,18,2,[8 2],19,83,85,64,65
1,<environment.Job instance at 0x14a0a548cfa0>,22,1,[2 6],23,100,101,77,100
1,<environment.Job instance at 0x14a0a54972d0>,25,25,[2 8],26,109,134,83,109
1,<environment.Job instance at 0x14a0a54974b0>,26,14,[9 2],27,134,148,107,121
1,<environment.Job instance at 0x14a0a5497dc0>,43,2,[1 7],44,270,272,226,270
1,<environment.Job instance at 0x14a0a5492870>,70,19,[1 6],71,580,599,509,580
1,<environment.Job instance at 0x14a0a5492320>,74,15,[2 6],75,599,614,524,592
1,<environment.Job instance at 0x14a07d3a1500>,104,23,[5 2],105,848,871,743,848
1,<environment.Job instance at 0x14a07d3a1910>,105,15,[2 5],106,857,872,751,857
1,<environment.Job instance at 0x14a07d3a62d0>,134,2,[10  2],135,1154,1156,1019,1154
1,<environment.Job instance at 0x14a07d36e460>,14,12,[6 1],15,53,65,38,53
1,<environment.Job instance at 0x14a07d36e410>,13,28,[2 8],14,54,82,40,54
1,<environment.Job instance at 0x14a0a54af370>,23,1,[7 1],24,136,137,112,136
1,<environment.Job instance at 0x14a07d9bf320>,35,26,[9 2],36,230,256,194,230
1,<environment.Job instance at 0x14a07d9bfbe0>,37,2,[2 9],38,256,258,218,252
1,<environment.Job instance at 0x14a07d9bf550>,45,23,[2 5],46,352,375,306,352
1,<environment.Job instance at 0x14a07d9bfaa0>,46,1,[2 7],47,375,376,328,357
1,<environment.Job instance at 0x14a07d9bf370>,49,13,[5 2],50,377,390,327,377
1,<environment.Job instance at 0x14a07d69e140>,59,2,[6 2],60,446,448,386,446
1,<environment.Job instance at 0x14a07d69ea50>,65,14,[1 7],66,479,493,413,479
1,<environment.Job instance at 0x14a07d69e870>,67,18,[5 1],68,504,522,436,504
1,<environment.Job instance at 0x14a0a57468c0>,70,1,[9 2],71,522,523,451,510
1,<environment.Job instance at 0x14a0a5746c80>,73,19,[8 1],74,555,574,481,555
1,<environment.Job instance at 0x14a0a5746be0>,74,2,[5 2],75,574,576,499,555
1,<environment.Job instance at 0x14a0a5746a50>,76,12,[ 1 10],77,576,588,499,566
1,<environment.Job instance at 0x14a0a573b460>,81,13,[2 6],82,606,619,524,606
1,<environment.Job instance at 0x14a0a5737960>,95,3,[1 5],96,715,718,619,715
1,<environment.Job instance at 0x14a0a5737870>,98,20,[2 7],99,721,741,622,721
1,<environment.Job instance at 0x14a0a5737640>,101,28,[5 1],102,746,774,644,746
1,<environment.Job instance at 0x14a0a572ecd0>,112,13,[7 1],113,851,864,738,851
1,<environment.Job instance at 0x14a0a572e550>,117,20,[1 8],118,937,957,819,937
1,<environment.Job instance at 0x14a0a572ee60>,118,3,[5 2],119,937,940,818,937
1,<environment.Job instance at 0x14a09f25b550>,11,21,[2 7],12,36,57,24,36
1,<environment.Job instance at 0x14a0a11fb690>,18,14,[5 1],19,119,133,100,119
1,<environment.Job instance at 0x14a0a11fba50>,26,24,[2 5],27,169,193,142,169
1,<environment.Job instance at 0x14a0a11fb3c0>,30,19,[ 2 10],31,193,212,162,186
1,<environment.Job instance at 0x14a0a11fb370>,33,19,[2 9],34,212,231,178,208
1,<environment.Job instance at 0x14a09ef9b910>,34,3,[9 1],35,231,234,196,209
1,<environment.Job instance at 0x14a09ef9b730>,35,14,[5 2],36,234,248,198,219
1,<environment.Job instance at 0x14a0a0abc820>,69,1,[8 2],70,565,566,495,565
1,<environment.Job instance at 0x14a0a0abcd70>,71,27,[5 1],72,572,599,500,572
1,<environment.Job instance at 0x14a0a0abc050>,77,23,[8 1],78,599,622,521,593
1,<environment.Job instance at 0x14a0a0939960>,84,26,[2 5],85,655,681,570,655
1,<environment.Job instance at 0x14a0a0b510f0>,121,17,[7 1],122,1035,1052,913,1035
1,<environment.Job instance at 0x14a0a5498be0>,130,1,[8 1],131,1098,1099,967,1098
1,<environment.Job instance at 0x14a0a5d68a00>,144,15,[9 1],149,1279,1294,1130,1279
1,<environment.Job instance at 0x14a07dacea00>,9,27,[8 1],10,16,43,6,16
1,<environment.Job instance at 0x14a09c077b40>,31,25,[5 2],32,207,232,175,207
1,<environment.Job instance at 0x14a07dae0af0>,49,18,[10  2],50,347,365,297,347
1,<environment.Job instance at 0x14a09c064190>,58,1,[2 6],59,460,461,401,460
1,<environment.Job instance at 0x14a09c064dc0>,68,18,[2 6],69,540,558,471,540
1,<environment.Job instance at 0x14a09c088870>,72,1,[2 6],73,570,571,497,570
1,<environment.Job instance at 0x14a09c05f1e0>,84,3,[8 2],85,632,635,547,632
1,<environment.Job instance at 0x14a09c05f140>,83,12,[8 2],84,635,647,551,633
1,<environment.Job instance at 0x14a09c05ff00>,102,28,[5 2],103,784,812,681,784
1,<environment.Job instance at 0x14a09c063960>,118,1,[7 1],119,885,886,766,885
1,<environment.Job instance at 0x14a09c063d70>,125,27,[6 1],126,919,946,793,919
1,<environment.Job instance at 0x14a07db6d870>,142,3,[2 5],143,1137,1140,994,1137
1,<environment.Job instance at 0x14a09c10b320>,9,26,[8 2],10,22,48,12,22
1,<environment.Job instance at 0x14a09c10ba50>,10,22,[1 7],11,23,45,12,23
1,<environment.Job instance at 0x14a09c2728c0>,7,21,[2 8],8,45,66,37,39
1,<environment.Job instance at 0x14a09c10b6e0>,15,1,[2 5],16,66,67,50,62
1,<environment.Job instance at 0x14a09c10b960>,13,3,[2 8],14,89,92,75,89
1,<environment.Job instance at 0x14a09c10b460>,23,25,[6 1],24,100,125,76,100
1,<environment.Job instance at 0x14a09c10b0a0>,26,20,[10  1],27,125,145,98,121
1,<environment.Job instance at 0x14a0a0a56af0>,33,22,[7 2],34,148,170,114,148
1,<environment.Job instance at 0x14a0a0a56370>,39,26,[10  1],40,244,270,204,244
1,<environment.Job instance at 0x14a09c2cf780>,77,3,[ 2 10],78,555,558,477,555
1,<environment.Job instance at 0x14a09c2cfb40>,84,3,[10  2],85,613,616,528,613
1,<environment.Job instance at 0x14a09c2cfaa0>,86,2,[9 2],87,616,618,529,613
1,<environment.Job instance at 0x14a09c283910>,110,15,[2 8],111,907,922,796,907
1,<environment.Job instance at 0x14a0a0a52d70>,122,3,[5 2],123,1012,1015,889,1012
1,<environment.Job instance at 0x14a09c1dd0a0>,139,3,[5 2],140,1148,1151,1008,1148
1,<environment.Job instance at 0x14a0a09a75a0>,142,13,[6 2],143,1181,1194,1038,1181
1,<environment.Job instance at 0x14a0a0b065a0>,8,28,[10  1],9,17,45,8,17
1,<environment.Job instance at 0x14a0a0b260a0>,23,20,[1 8],24,113,133,89,113
1,<environment.Job instance at 0x14a0a54410a0>,28,3,[2 5],29,170,173,141,170
1,<environment.Job instance at 0x14a0a0b0a780>,41,26,[1 7],42,361,387,319,361
1,<environment.Job instance at 0x14a0a1152f50>,51,21,[1 8],52,452,473,400,452
1,<environment.Job instance at 0x14a09c315960>,63,23,[10  1],64,550,573,486,550
1,<environment.Job instance at 0x14a09c3152d0>,65,1,[ 1 10],66,573,574,507,564
1,<environment.Job instance at 0x14a0a115ccd0>,81,15,[1 7],82,676,691,594,676
1,<environment.Job instance at 0x14a0a1149c30>,121,15,[9 1],122,1089,1104,967,1089
1,<environment.Job instance at 0x14a0a1149e10>,124,18,[8 1],125,1104,1122,979,1096
1,<environment.Job instance at 0x14a0a1149f50>,126,24,[1 8],127,1130,1154,1003,1130
1,<environment.Job instance at 0x14a09f0092d0>,36,2,[10  1],37,314,316,277,314
1,<environment.Job instance at 0x14a07d529870>,68,2,[6 2],69,621,623,552,621
1,<environment.Job instance at 0x14a07d529690>,73,1,[7 1],74,634,635,560,634
1,<environment.Job instance at 0x14a07d5299b0>,83,28,[8 2],84,738,766,654,738
1,<environment.Job instance at 0x14a07d6dff00>,92,19,[ 1 10],93,809,828,716,809
1,<environment.Job instance at 0x14a07d6df820>,97,1,[1 8],98,855,856,757,855
1,<environment.Job instance at 0x14a07d6df9b0>,99,1,[7 2],100,864,865,764,864
1,<environment.Job instance at 0x14a07d5fc0f0>,5,20,[5 2],6,7,27,1,7
1,<environment.Job instance at 0x14a07dbb94b0>,25,19,[7 2],26,139,158,113,139
1,<environment.Job instance at 0x14a07dbb90f0>,28,14,[2 5],29,166,180,137,166
1,<environment.Job instance at 0x14a07dbb9af0>,31,20,[8 2],32,192,212,160,192
1,<environment.Job instance at 0x14a07dbb9dc0>,34,1,[1 7],35,199,200,164,199
1,<environment.Job instance at 0x14a0a142c1e0>,44,1,[8 1],45,266,267,221,266
1,<environment.Job instance at 0x14a07d189f50>,56,3,[1 8],57,325,328,268,325
1,<environment.Job instance at 0x14a07d189d70>,57,13,[9 1],58,325,338,267,325
1,<environment.Job instance at 0x14a07d13e5f0>,61,1,[9 2],62,365,366,303,365
1,<environment.Job instance at 0x14a0a7368e10>,66,1,[8 2],67,413,414,346,413
1,<environment.Job instance at 0x14a07d851a50>,90,2,[ 1 10],91,602,604,511,602
1,<environment.Job instance at 0x14a07d851dc0>,91,19,[2 6],92,609,628,517,609
1,<environment.Job instance at 0x14a09c160b90>,100,25,[2 5],101,732,757,631,732
1,<environment.Job instance at 0x14a07d2dbf00>,4,28,[7 2],5,24,52,19,24
1,<environment.Job instance at 0x14a07d2e7cd0>,19,2,[2 6],20,99,101,79,99
1,<environment.Job instance at 0x14a09c0760f0>,36,22,[6 1],37,245,267,208,245
1,<environment.Job instance at 0x14a09c076c80>,44,2,[7 2],45,310,312,265,310
1,<environment.Job instance at 0x14a09c076460>,45,2,[2 5],46,317,319,271,317
1,<environment.Job instance at 0x14a09c076c30>,49,13,[1 9],50,335,348,285,335
1,<environment.Job instance at 0x14a09c076780>,51,1,[1 8],52,348,349,296,338
1,<environment.Job instance at 0x14a09c0762d0>,52,3,[2 7],53,349,352,296,339
1,<environment.Job instance at 0x14a0a09b44b0>,65,3,[2 6],66,489,492,423,489
1,<environment.Job instance at 0x14a0a09a9190>,85,3,[1 8],86,642,645,556,642
1,<environment.Job instance at 0x14a07d2c5550>,105,20,[5 2],106,814,834,708,814
1,<environment.Job instance at 0x14a07d2c54b0>,107,13,[10  1],108,834,847,726,821
1,<environment.Job instance at 0x14a07d2c5eb0>,109,3,[1 5],110,847,850,737,842
1,<environment.Job instance at 0x14a09c1920a0>,130,1,[5 2],131,1043,1044,912,1043
1,<environment.Job instance at 0x14a09c192c80>,133,14,[7 2],134,1064,1078,930,1064
1,<environment.Job instance at 0x14a09c192a00>,134,21,[8 1],135,1078,1099,943,1078
1,<environment.Job instance at 0x14a09c0700f0>,137,3,[10  1],138,1099,1102,961,1085
1,<environment.Job instance at 0x14a09c08eb40>,2,1,[1 9],3,4,5,1,4
1,<environment.Job instance at 0x14a07d0dfc80>,34,19,[2 5],35,305,324,270,305
1,<environment.Job instance at 0x14a07d0dfc30>,40,12,[2 9],41,358,370,317,358
1,<environment.Job instance at 0x14a07d9134b0>,44,18,[8 1],45,389,407,344,389
1,<environment.Job instance at 0x14a07d9135a0>,49,14,[6 2],50,407,421,357,392
1,<environment.Job instance at 0x14a07d913550>,56,17,[10  1],57,448,465,391,448
1,<environment.Job instance at 0x14a07d9139b0>,57,24,[5 2],58,465,489,407,462
1,<environment.Job instance at 0x14a07d913e10>,52,25,[2 7],53,491,516,438,491
1,<environment.Job instance at 0x14a0a73f1cd0>,76,24,[2 8],77,663,687,586,663
1,<environment.Job instance at 0x14a0a1099f00>,91,18,[ 2 10],92,851,869,759,851
1,<environment.Job instance at 0x14a09efc4af0>,103,1,[1 5],104,994,995,890,994
1,<environment.Job instance at 0x14a09efc4f00>,104,2,[10  1],105,996,998,891,996
1,<environment.Job instance at 0x14a09efc4aa0>,105,28,[8 1],106,1003,1031,897,1003
1,<environment.Job instance at 0x14a09efc4870>,113,1,[5 2],114,1037,1038,923,1037
1,<environment.Job instance at 0x14a07dbc1140>,118,20,[5 1],119,1069,1089,950,1069
1,<environment.Job instance at 0x14a07dbc12d0>,122,20,[8 1],123,1092,1112,969,1092
1,<environment.Job instance at 0x151ae7b70af0>,3,2,[1 7],4,4,6,0,4
1,<environment.Job instance at 0x151ade7b35f0>,4,24,[6 1],5,6,30,1,6
1,<environment.Job instance at 0x151ade7b3690>,7,1,[7 2],8,30,31,22,10
1,<environment.Job instance at 0x151ade7b3780>,9,2,[8 1],10,31,33,21,23
1,<environment.Job instance at 0x151ade7b5050>,18,3,[1 6],19,93,96,74,93
1,<environment.Job instance at 0x151ade7b5190>,20,3,[7 1],21,93,96,72,93
1,<environment.Job instance at 0x151ade7b5c80>,34,20,[5 1],35,170,190,135,170
1,<environment.Job instance at 0x151ade7b70f0>,39,2,[5 2],40,215,217,175,215
1,<environment.Job instance at 0x151ade7b7190>,40,19,[1 7],41,217,236,176,217
1,<environment.Job instance at 0x151ade7b7500>,46,21,[2 6],47,281,302,234,281
1,<environment.Job instance at 0x151ade7b7be0>,57,1,[5 1],58,346,347,288,346
1,<environment.Job instance at 0x151ade7b7c80>,58,17,[2 7],59,349,366,290,349
1,<environment.Job instance at 0x151ade7b7fa0>,62,3,[6 2],63,400,403,337,400
1,<environment.Job instance at 0x151ade7baa00>,78,3,[ 2 10],79,561,564,482,561
1,<environment.Job instance at 0x151ade7badc0>,84,14,[7 1],85,578,592,493,578
1,<environment.Job instance at 0x151ade7baf00>,85,20,[2 9],86,583,603,497,583
1,<environment.Job instance at 0x151ade7bacd0>,81,2,[9 2],82,603,605,521,583
1,<environment.Job instance at 0x151ade7bef00>,104,12,[10  1],105,785,797,680,785
1,<environment.Job instance at 0x151ade7bed20>,106,2,[7 1],107,797,799,690,789
1,<environment.Job instance at 0x151ade7c0dc0>,125,17,[5 1],126,956,973,830,956
1,<environment.Job instance at 0x151adef4d4b0>,148,25,[1 8],164,1225,1250,1061,1225
1,<environment.Job instance at 0x151ae06a5be0>,10,14,[6 1],11,56,70,45,56
1,<environment.Job instance at 0x151ae081d5f0>,13,2,[7 1],14,76,78,62,76
1,<environment.Job instance at 0x151ae07785f0>,25,1,[1 7],26,231,232,205,231
1,<environment.Job instance at 0x151ae07781e0>,27,17,[6 2],28,246,263,218,246
1,<environment.Job instance at 0x151ae07e3960>,28,19,[1 5],29,250,269,221,250
1,<environment.Job instance at 0x151ae07bf640>,30,17,[1 7],31,269,286,238,257
1,<environment.Job instance at 0x151ae0e2a280>,54,14,[10  1],55,513,527,458,513
1,<environment.Job instance at 0x151ae0e2a140>,59,18,[ 1 10],60,533,551,473,533
1,<environment.Job instance at 0x151ae0e29c80>,64,2,[1 6],65,574,576,509,574
1,<environment.Job instance at 0x151ae0ea2f00>,75,20,[9 1],76,666,686,590,666
1,<environment.Job instance at 0x151ae0e3cdc0>,82,26,[ 1 10],83,736,762,653,736
1,<environment.Job instance at 0x151ae0e3c410>,85,16,[10  1],86,794,810,708,794
1,<environment.Job instance at 0x151ae0ea3870>,89,12,[1 9],90,810,822,720,806
1,<environment.Job instance at 0x151ae5b4b4b0>,99,22,[1 5],100,865,887,765,865
1,<environment.Job instance at 0x151ae0731410>,102,17,[2 5],103,868,885,765,868
1,<environment.Job instance at 0x151ae0787eb0>,113,22,[6 2],114,991,1013,877,991
1,<environment.Job instance at 0x151ae06bda00>,132,12,[8 1],133,1121,1133,988,1121
1,<environment.Job instance at 0x151ae6a01be0>,135,22,[2 5],136,1170,1192,1034,1170
1,<environment.Job instance at 0x151ae0e3f690>,141,14,[1 9],150,1192,1206,1042,1191
1,<environment.Job instance at 0x151ae07af690>,1,14,[5 1],2,8,22,6,8
1,<environment.Job instance at 0x151abd615640>,8,22,[2 8],9,11,33,2,11
1,<environment.Job instance at 0x151abd615820>,13,12,[2 5],14,34,46,20,34
1,<environment.Job instance at 0x151abd615af0>,18,22,[7 1],19,71,93,52,71
1,<environment.Job instance at 0x151abd615b90>,19,3,[2 9],20,71,74,51,71
1,<environment.Job instance at 0x151abd618a50>,37,1,[6 1],38,253,254,215,253
1,<environment.Job instance at 0x151abd618d70>,42,12,[2 8],43,303,315,260,303
1,<environment.Job instance at 0x151abd618d20>,43,12,[10  1],44,315,327,271,306
1,<environment.Job instance at 0x151abd61a410>,51,25,[1 8],52,381,406,329,381
1,<environment.Job instance at 0x151abd61a5a0>,57,24,[1 6],58,430,454,372,430
1,<environment.Job instance at 0x151abd61f370>,94,20,[8 1],95,744,764,649,744
1,<environment.Job instance at 0x151abd61f2d0>,95,18,[2 8],96,751,769,655,751
1,<environment.Job instance at 0x151abd61fb90>,106,24,[6 2],107,927,951,820,927
1,<environment.Job instance at 0x151abd61fcd0>,114,3,[9 1],115,964,967,849,964
1,<environment.Job instance at 0x151abd622780>,125,3,[8 1],126,1016,1019,890,1016
1,<environment.Job instance at 0x151abd622820>,126,1,[1 6],127,1018,1019,891,1018
1,<environment.Job instance at 0x151abd6228c0>,128,1,[2 8],129,1036,1037,907,1036
1,<environment.Job instance at 0x151abd60c320>,142,13,[1 5],143,1205,1218,1062,1205
1,<environment.Job instance at 0x151abd61d460>,4,12,[1 6],5,5,17,0,5
1,<environment.Job instance at 0x151abdb4ed20>,12,3,[8 2],13,87,90,74,87
1,<environment.Job instance at 0x151abdb450a0>,20,14,[10  1],21,114,128,93,114
1,<environment.Job instance at 0x151abdb45050>,21,1,[9 2],22,128,129,106,115
1,<environment.Job instance at 0x151abdb452d0>,22,3,[ 1 10],23,129,132,106,118
1,<environment.Job instance at 0x151abdb457d0>,23,15,[6 1],24,132,147,108,130
1,<environment.Job instance at 0x151abdb45690>,26,2,[7 1],27,158,160,131,158
1,<environment.Job instance at 0x151abdb454b0>,28,28,[7 2],29,167,195,138,167
1,<environment.Job instance at 0x151abdb90be0>,31,21,[10  2],32,195,216,163,189
1,<environment.Job instance at 0x151abdbd2190>,53,26,[2 6],54,323,349,269,323
1,<environment.Job instance at 0x151abdbd2e60>,58,1,[1 5],59,349,350,290,338
1,<environment.Job instance at 0x151abdbd26e0>,62,1,[5 2],63,348,349,285,348
1,<environment.Job instance at 0x151abdbd27d0>,61,22,[7 1],62,350,372,288,350
1,<environment.Job instance at 0x151abdb9b6e0>,69,13,[2 9],70,401,414,331,401
1,<environment.Job instance at 0x151abdb9b8c0>,70,24,[5 2],71,414,438,343,411
1,<environment.Job instance at 0x151abdbedbe0>,76,19,[7 1],77,438,457,361,433
1,<environment.Job instance at 0x151abdbedaf0>,77,14,[1 5],78,433,447,355,433
1,<environment.Job instance at 0x151abdbedc80>,80,1,[1 7],81,459,460,378,459
1,<environment.Job instance at 0x151ae0867190>,102,1,[5 1],103,739,740,636,739
1,<environment.Job instance at 0x151ae076f0f0>,108,3,[1 5],109,791,794,682,791
1,<environment.Job instance at 0x151abdec7140>,144,1,[2 5],145,1123,1124,978,1123
1,<environment.Job instance at 0x151abdec7c80>,146,19,[5 2],147,1125,1144,978,1125
1,<environment.Job instance at 0x151abdec72d0>,149,3,[ 2 10],159,1144,1147,985,1144
1,<environment.Job instance at 0x151ae0757190>,10,26,[8 1],11,33,59,22,33
1,<environment.Job instance at 0x151ae0757960>,12,14,[6 1],13,59,73,46,51
1,<environment.Job instance at 0x151ae0757820>,20,2,[7 1],21,105,107,84,105
1,<environment.Job instance at 0x151ae06da230>,26,17,[9 1],27,150,167,123,150
1,<environment.Job instance at 0x151adec2a6e0>,36,3,[ 1 10],37,274,277,237,274
1,<environment.Job instance at 0x151adec2ae60>,37,2,[2 6],38,277,279,239,276
1,<environment.Job instance at 0x151adec2af00>,41,1,[5 2],42,309,310,267,309
1,<environment.Job instance at 0x151adec2a870>,44,14,[7 1],45,356,370,311,356
1,<environment.Job instance at 0x151abd93a820>,48,16,[10  2],49,386,402,337,386
1,<environment.Job instance at 0x151ae07e4190>,80,15,[ 1 10],81,776,791,695,776
1,<environment.Job instance at 0x151ae0e23050>,98,3,[5 2],99,937,940,838,937
1,<environment.Job instance at 0x151ae0d930f0>,125,1,[9 1],126,1165,1166,1039,1165
1,<environment.Job instance at 0x151ae0d93640>,132,20,[7 2],133,1226,1246,1093,1226
1,<environment.Job instance at 0x151ae5b56050>,145,12,[2 8],146,1336,1348,1190,1336
1,<environment.Job instance at 0x151ae5acdbe0>,1,3,[5 1],2,2,5,0,2
1,<environment.Job instance at 0x151ae4ac0af0>,7,25,[1 9],8,8,33,0,8
1,<environment.Job instance at 0x151ae4ac01e0>,11,17,[1 5],12,33,50,21,22
1,<environment.Job instance at 0x151ae4ac02d0>,10,16,[1 6],11,50,66,39,49
1,<environment.Job instance at 0x151ae4ab40f0>,18,23,[5 2],19,50,73,31,50
1,<environment.Job instance at 0x151ae5a62690>,35,26,[10  2],36,194,220,158,194
1,<environment.Job instance at 0x151ae5a8eeb0>,41,25,[1 9],42,233,258,191,233
1,<environment.Job instance at 0x151ae50f4fa0>,65,2,[7 2],66,444,446,378,444
1,<environment.Job instance at 0x151ae513eeb0>,71,17,[1 8],72,497,514,425,497
1,<environment.Job instance at 0x151ae513e3c0>,78,25,[2 6],79,571,596,492,571
1,<environment.Job instance at 0x151ae513ed70>,79,18,[5 2],80,577,595,497,577
1,<environment.Job instance at 0x151ae4aa4370>,103,2,[9 1],104,847,849,743,847
1,<environment.Job instance at 0x151ae70b6aa0>,119,3,[1 7],120,1093,1096,973,1093
1,<environment.Job instance at 0x151ae70b6640>,121,26,[8 1],122,1100,1126,978,1100
1,<environment.Job instance at 0x151ae70b6820>,123,3,[2 6],124,1100,1103,976,1100
1,<environment.Job instance at 0x151ae07020a0>,1,2,[5 1],2,2,4,0,2
1,<environment.Job instance at 0x151ae5acdb40>,3,1,[1 7],4,5,6,1,5
1,<environment.Job instance at 0x151ae06e9280>,30,18,[8 2],31,192,210,161,192
1,<environment.Job instance at 0x151aded116e0>,33,18,[10  2],34,226,244,192,226
1,<environment.Job instance at 0x151ae5aec910>,38,16,[2 8],39,289,305,250,289
1,<environment.Job instance at 0x151ae5aedaf0>,42,23,[7 2],43,318,341,275,318
1,<environment.Job instance at 0x151aded0f230>,48,24,[8 1],49,384,408,335,384
1,<environment.Job instance at 0x151abd661aa0>,57,13,[2 8],58,408,421,350,408
1,<environment.Job instance at 0x151ae5b01a50>,77,12,[1 5],78,576,588,498,576
1,<environment.Job instance at 0x151ae5b01c30>,80,22,[6 1],81,591,613,510,591
1,<environment.Job instance at 0x151ae5b01cd0>,81,27,[6 1],82,613,640,531,612
1,<environment.Job instance at 0x151ae5b00280>,90,13,[2 6],91,647,660,556,647
1,<environment.Job instance at 0x151ae5b00370>,91,23,[5 1],92,648,671,556,648
1,<environment.Job instance at 0x151ae5b00640>,95,19,[9 2],96,671,690,575,667
1,<environment.Job instance at 0x151ae5b009b0>,100,2,[1 9],101,770,772,669,770
1,<environment.Job instance at 0x151ae5b00af0>,102,21,[8 1],103,773,794,670,773
1,<environment.Job instance at 0x151ae5aef280>,116,13,[1 5],117,908,921,791,908
1,<environment.Job instance at 0x151ae5af8230>,134,1,[1 7],135,1035,1036,900,1035
1,<environment.Job instance at 0x151ae5af8460>,136,3,[1 8],137,1038,1041,901,1038
1,<environment.Job instance at 0x151ae5af8cd0>,148,19,[10  1],159,1109,1128,950,1109
1,<environment.Job instance at 0x151adecf5780>,8,19,[ 2 10],9,35,54,26,35
1,<environment.Job instance at 0x151abd97d1e0>,15,12,[1 5],16,87,99,71,87
1,<environment.Job instance at 0x151abdcb77d0>,20,14,[9 2],21,136,150,115,136
1,<environment.Job instance at 0x151abdcb7e10>,23,17,[5 1],24,150,167,126,144
1,<environment.Job instance at 0x151abdcb7140>,24,23,[5 2],25,150,173,125,146
1,<environment.Job instance at 0x151ae0843aa0>,30,27,[1 7],31,172,199,141,172
1,<environment.Job instance at 0x151ae0843370>,35,21,[10  2],36,199,220,163,195
1,<environment.Job instance at 0x151adfd840f0>,82,20,[1 9],83,553,573,470,553
1,<environment.Job instance at 0x151ae11260a0>,88,22,[1 7],89,627,649,538,627
1,<environment.Job instance at 0x151abdc59eb0>,96,15,[7 2],97,694,709,597,694
1,<environment.Job instance at 0x151abd2a5fa0>,104,27,[2 6],105,744,771,639,744
1,<environment.Job instance at 0x151abdfd7fa0>,112,20,[1 5],113,797,817,684,797
1,<environment.Job instance at 0x151ae077fb90>,120,21,[5 1],121,868,889,747,868
1,<environment.Job instance at 0x151abd318320>,133,2,[1 9],134,1043,1045,909,1043
1,<environment.Job instance at 0x151abd3188c0>,135,16,[7 2],136,1063,1079,927,1063
1,<environment.Job instance at 0x151abd5d01e0>,7,26,[2 6],8,35,61,27,35
1,<environment.Job instance at 0x151ae70c5280>,11,3,[ 2 10],12,61,64,49,35
1,<environment.Job instance at 0x151ae0e28aa0>,16,23,[2 8],17,64,87,47,62
1,<environment.Job instance at 0x151abdc59fa0>,24,15,[5 1],25,97,112,72,97
1,<environment.Job instance at 0x151abdbabcd0>,25,27,[5 1],26,107,134,81,107
1,<environment.Job instance at 0x151ae6a01c30>,69,23,[8 2],70,519,542,449,519
1,<environment.Job instance at 0x151abd892550>,77,15,[2 9],78,613,628,535,613
1,<environment.Job instance at 0x151abd6010a0>,86,3,[7 1],87,713,716,626,713
1,<environment.Job instance at 0x151ae0d6baa0>,98,26,[7 2],99,809,835,710,809
1,<environment.Job instance at 0x151ae069d7d0>,104,14,[2 5],105,869,883,764,869
1,<environment.Job instance at 0x151abd603c80>,105,13,[1 9],106,883,896,777,870
1,<environment.Job instance at 0x151abd76acd0>,108,12,[1 5],109,896,908,787,879
1,<environment.Job instance at 0x151abd96bdc0>,109,13,[5 2],110,896,909,786,880
1,<environment.Job instance at 0x151ae0d58fa0>,110,15,[7 2],111,909,924,798,895
1,<environment.Job instance at 0x151ae0d58050>,112,15,[1 5],113,922,937,809,922
1,<environment.Job instance at 0x151ae06ffbe0>,144,27,[8 1],145,1305,1332,1160,1305
1,<environment.Job instance at 0x151ae5acd690>,145,3,[2 7],146,1311,1314,1165,1311
1,<environment.Job instance at 0x151ae5acdc80>,149,3,[6 1],150,1356,1359,1206,1356
1,<environment.Job instance at 0x151abd8f1b40>,6,26,[6 1],7,8,34,1,8
1,<environment.Job instance at 0x151abd8f1d70>,3,22,[7 1],4,42,64,38,42
1,<environment.Job instance at 0x151abd8f1aa0>,12,2,[8 2],13,64,66,51,43
1,<environment.Job instance at 0x151abd8f1140>,14,20,[5 1],15,66,86,51,58
1,<environment.Job instance at 0x151ae5b21820>,36,2,[1 5],37,245,247,208,245
1,<environment.Job instance at 0x151ae1126320>,59,20,[2 6],60,473,493,413,473
1,<environment.Job instance at 0x151ae0843550>,74,3,[7 2],75,569,572,494,569
1,<environment.Job instance at 0x151ae0843b90>,75,13,[2 8],76,569,582,493,569
1,<environment.Job instance at 0x151abd540f00>,145,22,[5 1],146,1248,1270,1102,1248
1,<environment.Job instance at 0x151adecbb2d0>,1,25,[2 5],2,2,27,0,2
1,<environment.Job instance at 0x151abd85d4b0>,4,23,[5 2],5,9,32,4,9
1,<environment.Job instance at 0x151ae0e5eaa0>,12,24,[8 2],13,49,73,36,49
1,<environment.Job instance at 0x151ae0e5ea50>,15,1,[7 2],16,73,74,57,67
1,<environment.Job instance at 0x151ae0e73780>,34,2,[10  2],35,228,230,193,228
1,<environment.Job instance at 0x151ae0e73820>,35,1,[8 1],36,230,231,194,229
1,<environment.Job instance at 0x151ae0e73960>,41,3,[ 2 10],42,299,302,257,299
1,<environment.Job instance at 0x151ae0e57870>,47,1,[7 1],48,388,389,340,388
1,<environment.Job instance at 0x151ae0e57910>,48,3,[ 2 10],49,389,392,340,388
1,<environment.Job instance at 0x151ae0e57d20>,51,2,[8 1],52,417,419,365,417
1,<environment.Job instance at 0x151ae0e7eb90>,62,2,[ 1 10],63,570,572,507,570
1,<environment.Job instance at 0x151abd7debe0>,71,19,[1 7],72,667,686,595,667
1,<environment.Job instance at 0x151abd7d71e0>,74,12,[6 1],75,689,701,614,689
1,<environment.Job instance at 0x151abd8050a0>,89,3,[1 8],90,842,845,752,842
1,<environment.Job instance at 0x151abd82fcd0>,109,13,[5 2],110,1009,1022,899,1009
1,<environment.Job instance at 0x151abd8227d0>,113,18,[1 8],114,1046,1064,932,1046
1,<environment.Job instance at 0x151abdb97cd0>,7,20,[1 8],8,21,41,13,21
1,<environment.Job instance at 0x151ae0e41c80>,36,2,[10  2],37,233,235,196,233
1,<environment.Job instance at 0x151abd8347d0>,59,3,[2 6],60,451,454,391,451
1,<environment.Job instance at 0x151ae5ade230>,94,19,[6 2],95,789,808,694,789
1,<environment.Job instance at 0x151abdb8d960>,122,21,[7 2],123,1081,1102,958,1081
1,<environment.Job instance at 0x151abdb8d640>,124,1,[9 2],125,1102,1103,977,1082
1,<environment.Job instance at 0x151abd3e5f00>,127,23,[8 1],128,1105,1128,977,1105
1,<environment.Job instance at 0x151abdb97dc0>,2,28,[1 5],3,9,37,6,9
1,<environment.Job instance at 0x151abd6cf4b0>,1,17,[7 1],2,27,44,25,27
1,<environment.Job instance at 0x151abd837eb0>,13,16,[1 8],14,74,90,60,74
1,<environment.Job instance at 0x151ae1166af0>,31,3,[9 2],32,236,239,204,236
1,<environment.Job instance at 0x151abdd946e0>,58,22,[5 2],59,486,508,427,486
1,<environment.Job instance at 0x151abdd94050>,71,25,[5 2],72,608,633,536,608
1,<environment.Job instance at 0x151ae5410b90>,89,18,[10  2],90,755,773,665,755
1,<environment.Job instance at 0x151ae5410e60>,99,13,[7 2],100,828,841,728,828
1,<environment.Job instance at 0x151abd80ba50>,109,14,[1 5],110,913,927,803,913
1,<environment.Job instance at 0x151abd80b780>,112,1,[2 6],113,927,928,814,924
1,<environment.Job instance at 0x151ae1177eb0>,123,12,[8 2],124,1013,1025,889,1013
1,<environment.Job instance at 0x151ae1177c80>,124,3,[8 2],125,1025,1028,900,1018
1,<environment.Job instance at 0x151ae1177cd0>,127,20,[6 1],128,1028,1048,900,1022
1,<environment.Job instance at 0x151abdb20780>,144,1,[7 1],159,1163,1164,1004,1163
1,<environment.Job instance at 0x151ae06a87d0>,13,2,[8 1],14,86,88,72,86
1,<environment.Job instance at 0x151ae06a8410>,12,3,[2 5],13,95,98,82,95
1,<environment.Job instance at 0x151abd671a00>,21,18,[10  2],22,165,183,143,165
1,<environment.Job instance at 0x151abdcdbeb0>,42,21,[1 7],43,426,447,383,426
1,<environment.Job instance at 0x151abde90960>,95,14,[8 1],96,913,927,817,913
1,<environment.Job instance at 0x151abde90eb0>,96,28,[7 2],97,936,964,839,936
1,<environment.Job instance at 0x151abdea31e0>,100,28,[1 6],101,946,974,845,946
1,<environment.Job instance at 0x151abdea35a0>,107,3,[ 2 10],108,989,992,881,989
1,<environment.Job instance at 0x151abdea3550>,108,24,[9 1],109,993,1017,884,993
1,<environment.Job instance at 0x151abdea62d0>,132,17,[9 1],133,1233,1250,1100,1233
1,<environment.Job instance at 0x151abdea6870>,136,20,[8 1],137,1250,1270,1113,1243
1,<environment.Job instance at 0x151abdea6a00>,140,3,[1 6],156,1301,1304,1145,1301
1,<environment.Job instance at 0x151ae0716730>,2,13,[6 2],3,13,26,10,13
1,<environment.Job instance at 0x151abda7d690>,8,2,[7 1],9,26,28,17,18
1,<environment.Job instance at 0x151abd68cc30>,20,16,[2 7],21,130,146,109,130
1,<environment.Job instance at 0x151abd68c0f0>,34,22,[2 5],35,249,271,214,249
1,<environment.Job instance at 0x151ae08e8f50>,53,17,[5 1],54,453,470,399,453
1,<environment.Job instance at 0x151ae08e8a50>,55,22,[7 2],56,470,492,414,468
1,<environment.Job instance at 0x151abd6a0960>,58,28,[8 1],59,505,533,446,505
1,<environment.Job instance at 0x151abd6a0f50>,61,26,[1 7],62,520,546,458,520
1,<environment.Job instance at 0x151abd6a0af0>,71,21,[1 8],72,582,603,510,582
1,<environment.Job instance at 0x151abd6a0b90>,72,26,[5 2],73,585,611,512,585
1,<environment.Job instance at 0x151abd6a0c80>,75,1,[1 7],76,603,604,527,585
1,<environment.Job instance at 0x151ae090c320>,83,23,[10  1],84,688,711,604,688
1,<environment.Job instance at 0x151ae090cb40>,85,1,[ 1 10],86,711,712,625,706
1,<environment.Job instance at 0x151ae090c370>,86,22,[5 2],87,712,734,625,707
1,<environment.Job instance at 0x151ae090ccd0>,89,3,[2 6],90,732,735,642,732
1,<environment.Job instance at 0x151ae090c5a0>,93,13,[1 5],94,764,777,670,764
1,<environment.Job instance at 0x151abd697960>,101,15,[1 7],102,782,797,680,782
1,<environment.Job instance at 0x151abd697eb0>,112,3,[1 5],113,838,841,725,838
1,<environment.Job instance at 0x151abd697460>,116,2,[9 2],117,886,888,769,886
1,<environment.Job instance at 0x151abd694c80>,134,27,[2 5],135,1099,1126,964,1099
1,<environment.Job instance at 0x151ae068f730>,141,15,[9 1],142,1137,1152,995,1137
1,<environment.Job instance at 0x151abd398780>,2,1,[ 1 10],3,3,4,0,3
1,<environment.Job instance at 0x151abd67a3c0>,4,21,[1 9],5,11,32,6,11
1,<environment.Job instance at 0x151abd922be0>,11,19,[9 2],12,32,51,20,25
1,<environment.Job instance at 0x151abd907dc0>,21,26,[1 5],22,83,109,61,83
1,<environment.Job instance at 0x151ae5135fa0>,30,14,[2 8],31,139,153,108,139
1,<environment.Job instance at 0x151abddf8c30>,66,1,[5 1],67,485,486,418,485
1,<environment.Job instance at 0x151abd6531e0>,5,20,[5 2],6,9,29,3,9
1,<environment.Job instance at 0x151abd786a50>,23,2,[9 1],24,164,166,140,164
1,<environment.Job instance at 0x151abdd94050>,31,20,[8 2],32,236,256,204,236
1,<environment.Job instance at 0x151abdd943c0>,47,3,[9 1],48,398,401,350,398
1,<environment.Job instance at 0x151ae0dddf00>,70,13,[9 1],71,538,551,467,538
1,<environment.Job instance at 0x151ae07ba190>,72,19,[9 2],73,551,570,478,546
1,<environment.Job instance at 0x151ae08d59b0>,90,2,[ 1 10],91,719,721,628,719
1,<environment.Job instance at 0x151ae08d55a0>,91,19,[2 6],92,721,740,629,721
1,<environment.Job instance at 0x151abdbfc2d0>,113,26,[7 2],114,957,983,843,957
1,<environment.Job instance at 0x151abdbfc910>,127,1,[ 1 10],128,1049,1050,921,1049
1,<environment.Job instance at 0x151abdbfc5f0>,130,2,[9 2],131,1061,1063,930,1061
1,<environment.Job instance at 0x151abd72c550>,133,25,[9 2],134,1073,1098,939,1073
1,<environment.Job instance at 0x151ae515ef50>,9,2,[2 6],10,27,29,17,27
1,<environment.Job instance at 0x151ae7037f00>,16,20,[2 8],17,97,117,80,97
1,<environment.Job instance at 0x151ae7037190>,22,21,[6 2],23,158,179,135,158
1,<environment.Job instance at 0x151ae7037a50>,30,25,[1 5],31,238,263,207,238
1,<environment.Job instance at 0x151ae7037460>,34,2,[7 2],35,244,246,209,244
1,<environment.Job instance at 0x151ae5181460>,41,1,[1 8],42,272,273,230,272
1,<environment.Job instance at 0x151ae5181730>,44,20,[9 2],45,276,296,231,276
1,<environment.Job instance at 0x151ae15b4910>,62,15,[2 6],63,437,452,374,437
1,<environment.Job instance at 0x151ae51666e0>,75,3,[1 8],76,525,528,449,525
1,<environment.Job instance at 0x151ae5166f00>,94,2,[6 2],95,691,693,596,691
1,<environment.Job instance at 0x151ae5166500>,95,20,[5 2],96,700,720,604,700
1,<environment.Job instance at 0x151ae7d67dc0>,97,13,[10  1],98,720,733,622,704
1,<environment.Job instance at 0x151abd566370>,99,3,[1 5],100,733,736,633,727
1,<environment.Job instance at 0x151abd52b0f0>,116,27,[2 5],117,903,930,786,903
1,<environment.Job instance at 0x151abd5e5410>,124,21,[8 1],125,942,963,817,942
1,<environment.Job instance at 0x151abd2a5410>,138,27,[9 1],139,1095,1122,956,1095
1,<environment.Job instance at 0x151ae07f7690>,141,16,[8 1],142,1132,1148,990,1132
1,<environment.Job instance at 0x151abdcdb410>,4,1,[ 2 10],5,9,10,4,9
1,<environment.Job instance at 0x151adef2fb40>,29,14,[6 2],30,172,186,142,172
1,<environment.Job instance at 0x151adef2fd20>,38,1,[7 2],39,287,288,248,287
1,<environment.Job instance at 0x151abd565190>,65,1,[9 2],66,597,598,531,597
1,<environment.Job instance at 0x151abd5c8690>,99,20,[5 2],100,938,958,838,938
1,<environment.Job instance at 0x151abd5c8b90>,100,15,[1 6],101,940,955,839,940
1,<environment.Job instance at 0x151abda240a0>,109,13,[5 2],110,1051,1064,941,1051
1,<environment.Job instance at 0x151abd5cda00>,145,20,[1 7],146,1374,1394,1228,1374
1,<environment.Job instance at 0x151abdec8e10>,147,2,[10  2],152,1394,1396,1242,1374
1,<environment.Job instance at 0x151abdec8f00>,149,15,[2 6],167,1396,1411,1229,1382
1,<environment.Job instance at 0x151ae0e94230>,3,1,[8 1],4,4,5,0,4
1,<environment.Job instance at 0x151ae0e945f0>,0,19,[6 1],1,5,24,4,4
1,<environment.Job instance at 0x151adef2a6e0>,11,19,[8 1],12,43,62,31,43
1,<environment.Job instance at 0x151abd745910>,14,14,[1 9],15,75,89,60,75
1,<environment.Job instance at 0x151abd745b90>,22,2,[1 7],23,167,169,144,167
1,<environment.Job instance at 0x151abd7455a0>,26,18,[8 2],27,193,211,166,193
1,<environment.Job instance at 0x151ae0e09af0>,42,19,[2 8],43,313,332,270,313
1,<environment.Job instance at 0x151ae0e09640>,44,2,[9 2],45,332,334,287,320
1,<environment.Job instance at 0x151ae0e123c0>,54,2,[10  1],55,463,465,408,463
1,<environment.Job instance at 0x151ae0e121e0>,64,12,[8 2],65,573,585,508,573
1,<environment.Job instance at 0x151ae0e12c30>,71,19,[6 2],72,629,648,557,629
1,<environment.Job instance at 0x151ae0e12f50>,72,19,[1 8],73,636,655,563,636
1,<environment.Job instance at 0x151abde28f00>,82,18,[10  1],83,768,786,685,768
1,<environment.Job instance at 0x151abde28d20>,86,12,[6 2],87,786,798,699,784
1,<environment.Job instance at 0x151abd9a5370>,87,3,[ 1 10],88,798,801,710,786
1,<environment.Job instance at 0x151abd9a5cd0>,95,1,[8 2],96,863,864,767,863
1,<environment.Job instance at 0x151ae0df0be0>,121,3,[5 1],122,1075,1078,953,1075
1,<environment.Job instance at 0x14966eaa75f0>,9,2,[8 1],10,10,12,0,10
1,<environment.Job instance at 0x14966eaa8140>,18,3,[1 6],19,89,92,70,89
1,<environment.Job instance at 0x14966eaa8c80>,32,2,[2 9],33,202,204,169,202
1,<environment.Job instance at 0x14966eaa8fa0>,37,22,[2 5],38,219,241,181,219
1,<environment.Job instance at 0x14966eaab8c0>,50,23,[2 6],51,299,322,248,299
1,<environment.Job instance at 0x14966eaaebe0>,80,2,[1 5],81,499,501,418,499
1,<environment.Job instance at 0x14966eaaed20>,82,3,[2 8],83,519,522,436,519
1,<environment.Job instance at 0x14966eaaef00>,84,14,[7 1],85,523,537,438,523
1,<environment.Job instance at 0x14966eaaefa0>,85,20,[2 9],86,525,545,439,525
1,<environment.Job instance at 0x14966eab49b0>,117,20,[1 9],118,778,798,660,778
1,<environment.Job instance at 0x14966ef61280>,148,1,[6 2],163,1108,1109,945,1108
1,<environment.Job instance at 0x14966c2ef3c0>,0,14,[6 1],1,1,15,0,1
1,<environment.Job instance at 0x149670a61730>,15,1,[1 7],16,116,117,100,116
1,<environment.Job instance at 0x14967108ee60>,21,24,[2 5],22,135,159,113,135
1,<environment.Job instance at 0x1496709c4eb0>,42,20,[7 2],43,288,308,245,288
1,<environment.Job instance at 0x14967118e640>,43,20,[1 6],44,297,317,253,297
1,<environment.Job instance at 0x14967118ef50>,44,14,[10  1],45,317,331,272,302
1,<environment.Job instance at 0x149671197050>,47,3,[2 5],48,331,334,283,309
1,<environment.Job instance at 0x1496711973c0>,51,2,[1 7],52,334,336,282,333
1,<environment.Job instance at 0x1496711970a0>,52,15,[1 9],53,336,351,283,336
1,<environment.Job instance at 0x149671197dc0>,54,2,[1 6],55,361,363,306,361
1,<environment.Job instance at 0x149671197be0>,55,15,[6 1],56,365,380,309,365
1,<environment.Job instance at 0x1496710bf4b0>,67,20,[5 2],68,488,508,420,488
1,<environment.Job instance at 0x149671196cd0>,76,16,[7 2],77,580,596,503,580
1,<environment.Job instance at 0x149671196820>,79,12,[1 9],80,602,614,522,602
1,<environment.Job instance at 0x149671121870>,89,22,[1 5],90,666,688,576,666
1,<environment.Job instance at 0x1496711210f0>,92,17,[2 5],93,699,716,606,699
1,<environment.Job instance at 0x14967097cb90>,130,3,[7 2],131,966,969,835,966
1,<environment.Job instance at 0x1496709b6730>,138,3,[1 8],139,1024,1027,885,1024
1,<environment.Job instance at 0x149670a44730>,142,16,[2 8],143,1040,1056,897,1040
1,<environment.Job instance at 0x149671120410>,3,3,[1 6],4,6,9,2,6
1,<environment.Job instance at 0x14964d516230>,25,26,[5 2],26,168,194,142,168
1,<environment.Job instance at 0x14964d516af0>,38,20,[8 1],39,256,276,217,256
1,<environment.Job instance at 0x14964d519f50>,65,24,[9 1],66,528,552,462,528
1,<environment.Job instance at 0x14964d519fa0>,66,22,[1 7],67,528,550,461,528
1,<environment.Job instance at 0x14964d519af0>,67,2,[ 2 10],68,552,554,484,530
1,<environment.Job instance at 0x14964d51b050>,68,12,[1 7],69,554,566,485,538
1,<environment.Job instance at 0x14964d51b5a0>,75,18,[2 8],76,566,584,490,566
1,<environment.Job instance at 0x14964d51e640>,99,1,[8 1],100,804,805,704,804
1,<environment.Job instance at 0x14964d520cd0>,128,22,[5 2],129,1082,1104,953,1082
1,<environment.Job instance at 0x14964d520eb0>,131,19,[2 7],132,1101,1120,969,1101
1,<environment.Job instance at 0x14964d520f00>,133,17,[7 2],134,1127,1144,993,1127
1,<environment.Job instance at 0x14964d520b90>,134,1,[2 7],135,1129,1130,994,1129
1,<environment.Job instance at 0x14964d520960>,135,2,[1 9],136,1144,1146,1008,1129
1,<environment.Job instance at 0x14964d519550>,3,14,[ 2 10],4,4,18,0,4
1,<environment.Job instance at 0x14964da6c370>,5,15,[7 1],6,18,33,12,12
1,<environment.Job instance at 0x14964da6cf00>,10,23,[8 1],11,33,56,22,27
1,<environment.Job instance at 0x14964da64f50>,22,3,[10  2],23,94,97,71,94
1,<environment.Job instance at 0x14964da640a0>,26,25,[5 2],27,102,127,75,102
1,<environment.Job instance at 0x14964da616e0>,32,1,[5 2],33,140,141,107,140
1,<environment.Job instance at 0x14964da5ec80>,47,14,[1 5],48,239,253,191,239
1,<environment.Job instance at 0x14964d9f7550>,60,24,[ 1 10],61,338,362,277,338
1,<environment.Job instance at 0x14964d9cf8c0>,69,19,[ 1 10],70,445,464,375,445
1,<environment.Job instance at 0x1496718a8aa0>,76,24,[5 1],77,532,556,455,532
1,<environment.Job instance at 0x149675e66460>,78,3,[1 5],79,536,539,457,536
1,<environment.Job instance at 0x149675402a00>,84,1,[8 2],85,596,597,511,596
1,<environment.Job instance at 0x149675e3a1e0>,89,16,[5 2],90,630,646,540,630
1,<environment.Job instance at 0x14966c205230>,93,19,[1 5],94,671,690,577,671
1,<environment.Job instance at 0x14966c1693c0>,94,1,[5 1],95,681,682,586,681
1,<environment.Job instance at 0x14966c169af0>,96,17,[1 6],97,711,728,614,711
1,<environment.Job instance at 0x1496754071e0>,99,27,[5 2],100,726,753,626,726
1,<environment.Job instance at 0x14966c173460>,106,16,[5 1],107,773,789,666,773
1,<environment.Job instance at 0x14966c173500>,108,2,[2 5],109,803,805,694,803
1,<environment.Job instance at 0x14966c173c30>,109,13,[8 2],110,814,827,704,814
1,<environment.Job instance at 0x14966c1733c0>,112,21,[10  1],113,833,854,720,833
1,<environment.Job instance at 0x1496718a44b0>,124,19,[8 2],125,894,913,769,894
1,<environment.Job instance at 0x1496718a4370>,128,3,[ 2 10],129,951,954,822,951
1,<environment.Job instance at 0x14966c207c30>,130,3,[2 8],131,954,957,823,954
1,<environment.Job instance at 0x149677d161e0>,140,18,[8 1],141,1061,1079,920,1061
1,<environment.Job instance at 0x14964d83ad20>,1,1,[5 2],2,2,3,0,2
1,<environment.Job instance at 0x14964d83ae10>,4,14,[7 1],5,15,29,10,15
1,<environment.Job instance at 0x149670bc5370>,9,23,[8 2],10,41,64,31,41
1,<environment.Job instance at 0x14964d83afa0>,3,22,[8 2],4,75,97,71,75
1,<environment.Job instance at 0x149670be7b40>,40,15,[ 1 10],41,288,303,247,288
1,<environment.Job instance at 0x149670be7910>,42,23,[5 1],43,315,338,272,315
1,<environment.Job instance at 0x149675d53c30>,43,20,[1 6],44,349,369,305,349
1,<environment.Job instance at 0x14964d9e05a0>,52,14,[9 2],53,436,450,383,436
1,<environment.Job instance at 0x14964d9e0410>,53,14,[1 6],54,436,450,382,436
1,<environment.Job instance at 0x14964d9e0190>,56,19,[2 8],57,453,472,396,453
1,<environment.Job instance at 0x14964d9e0cd0>,70,24,[8 2],71,577,601,506,577
1,<environment.Job instance at 0x1496711b9280>,74,18,[2 7],75,579,597,504,579
1,<environment.Job instance at 0x1496711b9050>,77,17,[9 2],78,601,618,523,589
1,<environment.Job instance at 0x14967102dfa0>,99,13,[5 1],100,756,769,656,756
1,<environment.Job instance at 0x149675e82820>,114,23,[ 1 10],115,872,895,757,872
1,<environment.Job instance at 0x149675e82550>,118,15,[2 6],119,895,910,776,895
1,<environment.Job instance at 0x149675e82c30>,122,3,[1 5],123,931,934,808,931
1,<environment.Job instance at 0x149671144aa0>,131,3,[5 1],132,1002,1005,870,1002
1,<environment.Job instance at 0x14964da16cd0>,140,16,[1 6],141,1095,1111,954,1095
1,<environment.Job instance at 0x14964da16910>,141,17,[1 5],142,1111,1128,969,1100
1,<environment.Job instance at 0x149674d910f0>,15,2,[7 2],16,57,59,41,57
1,<environment.Job instance at 0x149674d91820>,19,22,[2 5],20,106,128,86,106
1,<environment.Job instance at 0x149670a845f0>,25,16,[1 8],26,148,164,122,148
1,<environment.Job instance at 0x149670a84410>,24,12,[1 8],25,164,176,139,156
1,<environment.Job instance at 0x149674dacd20>,31,22,[ 2 10],32,231,253,199,231
1,<environment.Job instance at 0x149675d58230>,49,17,[6 1],50,399,416,349,399
1,<environment.Job instance at 0x149673727d70>,78,3,[5 2],79,566,569,487,566
1,<environment.Job instance at 0x149670a9a140>,102,19,[7 1],103,913,932,810,913
1,<environment.Job instance at 0x149674d98370>,108,23,[7 2],109,963,986,854,963
1,<environment.Job instance at 0x149674d953c0>,119,12,[1 8],120,1081,1093,961,1081
1,<environment.Job instance at 0x149674d95320>,121,2,[5 1],122,1100,1102,978,1100
1,<environment.Job instance at 0x149674d95870>,123,1,[1 7],124,1110,1111,986,1110
1,<environment.Job instance at 0x149674d95140>,125,21,[8 2],126,1112,1133,986,1112
1,<environment.Job instance at 0x149674d954b0>,126,2,[8 2],127,1133,1135,1006,1112
1,<environment.Job instance at 0x149670a82320>,134,3,[2 9],135,1173,1176,1038,1173
1,<environment.Job instance at 0x149670a82230>,135,25,[7 1],136,1181,1206,1045,1181
1,<environment.Job instance at 0x149670a82aa0>,138,23,[1 9],139,1236,1259,1097,1236
1,<environment.Job instance at 0x149675df3aa0>,5,19,[1 9],6,52,71,46,52
1,<environment.Job instance at 0x149675e10eb0>,12,1,[5 1],13,52,53,39,52
1,<environment.Job instance at 0x149675e10780>,14,25,[8 2],15,71,96,56,71
1,<environment.Job instance at 0x149675e105f0>,13,15,[2 9],14,96,111,82,82
1,<environment.Job instance at 0x14966c2950f0>,17,12,[1 5],18,83,95,65,83
1,<environment.Job instance at 0x14966c295550>,20,22,[6 1],21,100,122,79,100
1,<environment.Job instance at 0x14966c295690>,22,2,[1 6],23,111,113,88,104
1,<environment.Job instance at 0x14966c2954b0>,19,28,[6 1],20,127,155,107,127
1,<environment.Job instance at 0x14966c295aa0>,30,13,[2 6],31,174,187,143,174
1,<environment.Job instance at 0x14966c295cd0>,32,19,[7 1],33,182,201,149,182
1,<environment.Job instance at 0x14966c0a4870>,50,21,[10  2],51,414,435,363,414
1,<environment.Job instance at 0x14966c0a4c30>,54,15,[2 7],55,435,450,380,434
1,<environment.Job instance at 0x14966c0a4a00>,56,13,[1 5],57,450,463,393,434
1,<environment.Job instance at 0x14966c0cd0a0>,61,2,[ 1 10],62,484,486,422,484
1,<environment.Job instance at 0x14966c0cd5a0>,69,18,[2 7],70,596,614,526,596
1,<environment.Job instance at 0x14966c0cd280>,70,1,[2 9],71,614,615,543,600
1,<environment.Job instance at 0x14966c0cda00>,74,1,[1 7],75,670,671,595,670
1,<environment.Job instance at 0x14966c0cdd70>,80,2,[2 7],81,694,696,613,694
1,<environment.Job instance at 0x14966c09f500>,86,13,[1 7],87,797,810,710,797
1,<environment.Job instance at 0x14966c09f4b0>,87,1,[ 1 10],88,810,811,722,802
1,<environment.Job instance at 0x1496718b3af0>,124,15,[1 8],125,1255,1270,1130,1255
1,<environment.Job instance at 0x149670a07500>,131,16,[2 6],132,1315,1331,1183,1315
1,<environment.Job instance at 0x1496718b00a0>,138,1,[2 8],139,1370,1371,1231,1370
1,<environment.Job instance at 0x149670a2ee10>,144,1,[9 2],145,1448,1449,1303,1448
1,<environment.Job instance at 0x14966ea926e0>,23,27,[8 1],24,184,211,160,184
1,<environment.Job instance at 0x14964d5f30f0>,31,2,[ 1 10],32,273,275,241,273
1,<environment.Job instance at 0x1496710fabe0>,58,28,[2 5],59,512,540,453,512
1,<environment.Job instance at 0x1496710fa1e0>,62,20,[2 9],63,557,577,494,557
1,<environment.Job instance at 0x1496710fafa0>,63,2,[1 9],64,577,579,513,558
1,<environment.Job instance at 0x1496710fa140>,65,16,[7 2],66,579,595,513,578
1,<environment.Job instance at 0x1496710fae60>,67,1,[ 1 10],68,595,596,527,594
1,<environment.Job instance at 0x1496710fab90>,68,24,[7 1],69,599,623,530,599
1,<environment.Job instance at 0x1496710fa730>,69,1,[ 2 10],70,623,624,553,599
1,<environment.Job instance at 0x149671074b90>,102,3,[1 7],103,1071,1074,968,1071
1,<environment.Job instance at 0x149677dab870>,104,13,[1 9],105,1074,1087,969,1074
1,<environment.Job instance at 0x149670bcb9b0>,5,14,[2 7],6,8,22,2,8
1,<environment.Job instance at 0x149670bcb8c0>,10,23,[8 2],11,13,36,2,13
1,<environment.Job instance at 0x149670bcb2d0>,11,27,[1 6],12,24,51,12,24
1,<environment.Job instance at 0x1496709a96e0>,17,2,[7 1],18,69,71,51,69
1,<environment.Job instance at 0x1496709a9a50>,19,15,[1 6],20,103,118,83,103
1,<environment.Job instance at 0x1496709a92d0>,24,14,[2 5],25,118,132,93,108
1,<environment.Job instance at 0x1496709a9eb0>,29,13,[5 2],30,131,144,101,131
1,<environment.Job instance at 0x1496708df780>,37,17,[7 1],38,151,168,113,151
1,<environment.Job instance at 0x1496708dfd70>,41,13,[1 7],42,202,215,160,202
1,<environment.Job instance at 0x1496708df5a0>,43,3,[1 6],44,234,237,190,234
1,<environment.Job instance at 0x1496708df370>,45,22,[5 2],46,242,264,196,242
1,<environment.Job instance at 0x14967008d910>,82,3,[2 9],83,717,720,634,717
1,<environment.Job instance at 0x1496710e8f00>,126,2,[1 5],127,1172,1174,1045,1172
1,<environment.Job instance at 0x14964d3d7960>,137,1,[7 1],138,1248,1249,1110,1248
1,<environment.Job instance at 0x14966f2235f0>,149,20,[2 6],150,1337,1357,1187,1337
1,<environment.Job instance at 0x14964dbabd20>,154,3,[2 8],155,1380,1383,1225,1380
1,<environment.Job instance at 0x14964dbabb40>,155,1,[9 1],156,1383,1384,1227,1382
1,<environment.Job instance at 0x14967102db40>,5,25,[2 8],6,10,35,4,10
1,<environment.Job instance at 0x14966c0c6230>,8,15,[5 1],9,10,25,1,10
1,<environment.Job instance at 0x149670bcb0f0>,2,1,[2 6],3,47,48,44,47
1,<environment.Job instance at 0x14964d627fa0>,23,2,[1 7],24,182,184,158,182
1,<environment.Job instance at 0x14964d5331e0>,25,14,[9 1],26,187,201,161,187
1,<environment.Job instance at 0x1496753ea050>,46,27,[6 1],47,398,425,351,398
1,<environment.Job instance at 0x14967118e4b0>,61,1,[8 1],62,527,528,465,527
1,<environment.Job instance at 0x14966c1073c0>,66,23,[1 6],67,580,603,513,580
1,<environment.Job instance at 0x14964da2eb90>,114,2,[10  2],115,960,962,845,960
1,<environment.Job instance at 0x149671189690>,115,1,[8 1],116,963,964,847,963
1,<environment.Job instance at 0x149671189460>,123,17,[1 5],124,1032,1049,908,1032
1,<environment.Job instance at 0x149671189d20>,127,1,[7 1],128,1073,1074,945,1073
1,<environment.Job instance at 0x149671189e10>,128,3,[ 2 10],129,1074,1077,945,1074
1,<environment.Job instance at 0x149671189730>,129,19,[ 1 10],130,1077,1096,947,1077
1,<environment.Job instance at 0x14964d3bdb90>,131,2,[8 1],132,1096,1098,964,1092
1,<environment.Job instance at 0x149677d822d0>,2,13,[2 5],3,21,34,18,21
1,<environment.Job instance at 0x14964d11a1e0>,16,13,[2 8],17,84,97,67,84
1,<environment.Job instance at 0x14964d0bbaa0>,23,1,[7 1],24,120,121,96,120
1,<environment.Job instance at 0x14964d0bb1e0>,25,14,[1 7],26,120,134,94,120
1,<environment.Job instance at 0x14964d0e0e60>,37,23,[1 7],38,221,244,183,221
1,<environment.Job instance at 0x14964d0e08c0>,41,13,[2 6],42,244,257,202,240
1,<environment.Job instance at 0x14966ef6d6e0>,77,20,[1 8],78,576,596,498,576
1,<environment.Job instance at 0x1496711c1230>,111,17,[ 2 10],112,870,887,758,870
1,<environment.Job instance at 0x1496710595f0>,129,3,[2 6],130,1095,1098,965,1095
1,<environment.Job instance at 0x14966c036870>,3,18,[1 5],4,10,28,6,10
1,<environment.Job instance at 0x14964d1f3050>,21,12,[1 7],22,118,130,96,118
1,<environment.Job instance at 0x14964d1f37d0>,33,24,[2 8],34,260,284,226,260
1,<environment.Job instance at 0x149670983640>,96,22,[1 6],97,863,885,766,863
1,<environment.Job instance at 0x149670983190>,99,1,[1 7],100,885,886,785,877
1,<environment.Job instance at 0x149670983d20>,104,1,[10  1],105,893,894,788,893
1,<environment.Job instance at 0x1496709836e0>,107,14,[5 1],108,916,930,808,916
1,<environment.Job instance at 0x14966c128b90>,109,27,[8 1],110,940,967,830,940
1,<environment.Job instance at 0x14966c128d70>,111,24,[7 2],112,967,991,855,966
1,<environment.Job instance at 0x1496710ba2d0>,4,3,[8 2],5,7,10,2,7
1,<environment.Job instance at 0x149675d33aa0>,7,20,[6 1],8,20,40,12,20
1,<environment.Job instance at 0x149675d33190>,12,25,[1 7],13,25,50,12,25
1,<environment.Job instance at 0x14964d790460>,27,21,[ 1 10],28,152,173,124,152
1,<environment.Job instance at 0x1496709ce6e0>,29,20,[7 1],30,179,199,149,179
1,<environment.Job instance at 0x1496709ceaf0>,33,2,[ 1 10],34,199,201,165,193
1,<environment.Job instance at 0x1496709ce230>,38,1,[7 1],39,219,220,180,219
1,<environment.Job instance at 0x1496709ce3c0>,40,25,[5 1],41,234,259,193,234
1,<environment.Job instance at 0x14966c2f80a0>,52,20,[2 7],53,291,311,238,291
1,<environment.Job instance at 0x14966c2f8b90>,54,3,[8 1],55,308,311,253,308
1,<environment.Job instance at 0x14967547faa0>,78,18,[2 5],79,647,665,568,647
1,<environment.Job instance at 0x14967547f8c0>,82,27,[1 7],83,673,700,590,673
1,<environment.Job instance at 0x14964d898820>,105,16,[ 1 10],106,871,887,765,871
1,<environment.Job instance at 0x149675d27410>,108,19,[2 9],109,887,906,778,881
1,<environment.Job instance at 0x149675d27fa0>,109,24,[10  2],110,907,931,797,907
1,<environment.Job instance at 0x149675d27780>,118,15,[1 9],119,1002,1017,883,1002
1,<environment.Job instance at 0x14964d5e8be0>,126,23,[1 8],127,1078,1101,951,1078
1,<environment.Job instance at 0x14964d5e8640>,127,1,[2 5],128,1101,1102,973,1080
1,<environment.Job instance at 0x149677365be0>,136,26,[2 9],137,1207,1233,1070,1207
1,<environment.Job instance at 0x1496709403c0>,138,2,[5 2],139,1233,1235,1094,1220
1,<environment.Job instance at 0x14964d233780>,6,20,[8 1],7,12,32,5,12
1,<environment.Job instance at 0x14964d26c910>,9,27,[1 9],10,18,45,8,18
1,<environment.Job instance at 0x14964d26c370>,15,22,[ 2 10],16,45,67,29,39
1,<environment.Job instance at 0x14964d24c460>,20,16,[1 5],21,81,97,60,81
1,<environment.Job instance at 0x14964d9e5cd0>,25,3,[1 6],26,97,100,71,95
1,<environment.Job instance at 0x14964d59a4b0>,59,19,[ 1 10],60,449,468,389,449
1,<environment.Job instance at 0x14964d70cb90>,83,20,[1 8],84,668,688,584,668
1,<environment.Job instance at 0x14964d70ceb0>,88,3,[2 5],89,730,733,641,730
1,<environment.Job instance at 0x14964d711230>,93,17,[5 1],94,818,835,724,818
1,<environment.Job instance at 0x14964d711910>,102,1,[10  1],103,908,909,805,908
1,<environment.Job instance at 0x14964d719190>,115,1,[1 7],116,1045,1046,929,1045
1,<environment.Job instance at 0x14964d719b40>,126,22,[5 2],127,1181,1203,1054,1181
1,<environment.Job instance at 0x14964d719d20>,129,3,[2 6],130,1192,1195,1062,1192
1,<environment.Job instance at 0x14964d719eb0>,133,13,[1 5],134,1222,1235,1088,1222
1,<environment.Job instance at 0x14964d7213c0>,139,2,[9 1],140,1270,1272,1130,1270
1,<environment.Job instance at 0x14964d721550>,144,13,[2 7],145,1316,1329,1171,1316
1,<environment.Job instance at 0x14964d7215f0>,145,14,[1 6],146,1329,1343,1183,1317
1,<environment.Job instance at 0x14964d721fa0>,155,20,[8 2],179,1368,1388,1189,1368
1,<environment.Job instance at 0x14964d705f50>,1,15,[9 1],2,3,18,1,3
1,<environment.Job instance at 0x14966c244a00>,6,24,[1 8],7,20,44,13,20
1,<environment.Job instance at 0x14966c222eb0>,35,3,[2 8],36,248,251,212,248
1,<environment.Job instance at 0x14966c2227d0>,39,3,[ 2 10],40,289,292,249,289
1,<environment.Job instance at 0x14967098ad70>,49,3,[9 2],50,372,375,322,372
1,<environment.Job instance at 0x14967098aa00>,54,13,[9 1],55,444,457,389,444
1,<environment.Job instance at 0x1496709b8d20>,61,2,[7 2],62,501,503,439,501
1,<environment.Job instance at 0x1496709a2500>,106,14,[1 8],107,891,905,784,891
1,<environment.Job instance at 0x1496709a2870>,113,1,[7 1],114,938,939,824,938
1,<environment.Job instance at 0x14964d9e6140>,142,27,[1 5],143,1256,1283,1113,1256
1,<environment.Job instance at 0x14964d71ff50>,1,1,[5 2],2,4,5,2,4
1,<environment.Job instance at 0x14966f2187d0>,6,22,[5 2],7,7,29,0,7
1,<environment.Job instance at 0x14966f23cf00>,19,1,[5 1],20,147,148,127,147
1,<environment.Job instance at 0x14966c14f320>,31,22,[9 1],32,206,228,174,206
1,<environment.Job instance at 0x14966c2def50>,43,2,[9 1],44,302,304,258,302
1,<environment.Job instance at 0x14964d358d20>,67,3,[9 1],68,483,486,415,483
1,<environment.Job instance at 0x14964d338050>,71,12,[2 8],72,533,545,461,533
1,<environment.Job instance at 0x14964d5e5dc0>,77,13,[9 1],78,563,576,485,563
1,<environment.Job instance at 0x14964d5bf730>,91,20,[8 1],92,659,679,567,659
1,<environment.Job instance at 0x14964d5bfb90>,98,19,[2 5],99,705,724,606,705
1,<environment.Job instance at 0x14964d5b7a00>,120,25,[2 5],121,911,936,790,911
1,<environment.Job instance at 0x14964d5cd280>,132,18,[10  1],133,1020,1038,887,1020
1,<environment.Job instance at 0x14964d5cd5a0>,137,19,[10  1],138,1047,1066,909,1047
1,<environment.Job instance at 0x14964d5cd460>,138,3,[8 1],139,1066,1069,927,1052
1,<environment.Job instance at 0x14964d9e8690>,1,1,[1 9],2,3,4,1,3
1,<environment.Job instance at 0x149670b93870>,3,20,[5 1],4,16,36,12,16
1,<environment.Job instance at 0x14966c1e55f0>,19,2,[2 6],20,115,117,95,115
1,<environment.Job instance at 0x1496709a2140>,32,21,[6 2],33,220,241,187,220
1,<environment.Job instance at 0x1496709a20a0>,33,26,[9 2],34,241,267,207,240
1,<environment.Job instance at 0x149677e639b0>,62,15,[8 2],63,470,485,407,470
1,<environment.Job instance at 0x14964d6da6e0>,73,22,[6 2],74,553,575,479,553
1,<environment.Job instance at 0x14964d6dab40>,78,13,[5 2],79,581,594,502,581
1,<environment.Job instance at 0x149670b24b90>,85,3,[1 8],86,651,654,565,651
1,<environment.Job instance at 0x149670b24500>,96,25,[6 2],97,722,747,625,722
1,<environment.Job instance at 0x149670b24aa0>,97,18,[2 6],98,723,741,625,723
1,<environment.Job instance at 0x14966c1fca00>,118,17,[6 2],119,974,991,855,974
1,<environment.Job instance at 0x14964dbdc5a0>,133,14,[7 2],134,1112,1126,978,1112
1,<environment.Job instance at 0x14964d123690>,134,21,[8 1],135,1126,1147,991,1121
1,<environment.Job instance at 0x14967145a9b0>,14,19,[2 5],15,98,117,83,98
1,<environment.Job instance at 0x14967145a780>,17,2,[1 6],18,117,119,99,117
1,<environment.Job instance at 0x14964da53910>,24,18,[8 1],25,153,171,128,153
1,<environment.Job instance at 0x14964da53640>,26,19,[1 5],27,167,186,140,167
1,<environment.Job instance at 0x14964da53e60>,27,2,[1 6],28,186,188,158,169
1,<environment.Job instance at 0x14964da53820>,31,15,[2 5],32,188,203,156,187
1,<environment.Job instance at 0x14964da53c30>,36,17,[10  1],37,274,291,237,274
1,<environment.Job instance at 0x14964da53960>,41,19,[1 8],42,315,334,273,315
1,<environment.Job instance at 0x1496713db370>,46,24,[7 2],47,373,397,326,373
1,<environment.Job instance at 0x1496713db280>,63,16,[1 9],64,543,559,479,543
1,<environment.Job instance at 0x14966ef57780>,71,18,[ 2 10],72,669,687,597,669
1,<environment.Job instance at 0x14964da52d20>,88,2,[2 9],89,849,851,760,849
1,<environment.Job instance at 0x14964da520f0>,89,24,[5 1],90,849,873,759,849
1,<environment.Job instance at 0x14967113fdc0>,98,20,[5 1],99,930,950,831,930
1,<environment.Job instance at 0x14964d3f60a0>,99,20,[5 2],100,931,951,831,931
1,<environment.Job instance at 0x14964d3f23c0>,100,15,[1 6],101,950,965,849,940
1,<environment.Job instance at 0x14964d6b6460>,103,24,[8 1],104,984,1008,880,984
1,<environment.Job instance at 0x1496773d9460>,106,12,[2 8],107,985,997,878,985
1,<environment.Job instance at 0x14964d0b3c30>,109,13,[5 2],110,1008,1021,898,999
1,<environment.Job instance at 0x14966c1076e0>,110,17,[1 8],111,1006,1023,895,1006
1,<environment.Job instance at 0x14966c0e10f0>,121,16,[5 1],122,1097,1113,975,1097
1,<environment.Job instance at 0x149675d56f00>,124,18,[2 8],125,1131,1149,1006,1131
1,<environment.Job instance at 0x149675da1eb0>,128,16,[2 8],129,1188,1204,1059,1188
1,<environment.Job instance at 0x14967093af00>,133,16,[1 5],134,1244,1260,1110,1244
1,<environment.Job instance at 0x14967093adc0>,134,12,[1 9],135,1260,1272,1125,1247
1,<environment.Job instance at 0x14967093afa0>,137,20,[10  1],138,1272,1292,1134,1263
1,<environment.Job instance at 0x14967093a4b0>,142,18,[8 1],143,1292,1310,1149,1290
1,<environment.Job instance at 0x14967094f230>,145,2,[6 2],155,1310,1312,1155,1305
1,<environment.Job instance at 0x149675d2e2d0>,146,15,[2 6],167,1309,1324,1142,1309
1,<environment.Job instance at 0x14966c0e1690>,17,1,[8 2],18,117,118,99,117
1,<environment.Job instance at 0x14964d41eb90>,19,3,[7 1],20,123,126,103,123
1,<environment.Job instance at 0x14964d41ef50>,29,17,[ 2 10],30,211,228,181,211
1,<environment.Job instance at 0x14964d41e6e0>,32,19,[2 8],33,228,247,195,228
1,<environment.Job instance at 0x14964d41e0a0>,34,2,[9 2],35,247,249,212,228
1,<environment.Job instance at 0x14964d6b06e0>,47,18,[8 2],48,340,358,292,340
1,<environment.Job instance at 0x14964d6b05f0>,56,1,[5 1],57,408,409,351,408
1,<environment.Job instance at 0x14964d6b0d70>,61,19,[6 2],62,485,504,423,485
1,<environment.Job instance at 0x14964d6c8e10>,90,13,[6 1],91,732,745,641,732
1,<environment.Job instance at 0x14964d6c8c30>,102,18,[5 2],103,807,825,704,807
1,<environment.Job instance at 0x14964d6c09b0>,111,3,[5 1],112,897,900,785,897
1,<environment.Job instance at 0x14964d6c0e10>,119,21,[5 1],120,964,985,844,964
1,<environment.Job instance at 0x14964d6c0820>,122,17,[9 2],123,989,1006,866,989
1,<environment.Job instance at 0x1496709c7b40>,125,13,[5 1],126,1028,1041,902,1028
1,<environment.Job instance at 0x1496709c7f50>,130,20,[1 5],131,1038,1058,907,1038
1,<environment.Job instance at 0x14964d1e7b40>,141,13,[ 1 10],142,1116,1129,974,1116
1,<environment.Job instance at 0x14964d6e26e0>,143,15,[2 7],144,1132,1147,988,1132
1,<environment.Job instance at 0x1496713d73c0>,0,16,[1 7],1,1,17,0,1
1,<environment.Job instance at 0x1496713d7230>,2,14,[6 2],3,25,39,22,25
1,<environment.Job instance at 0x14964d922f50>,14,22,[1 9],15,57,79,42,57
1,<environment.Job instance at 0x14964d9225a0>,15,24,[8 1],16,62,86,46,62
1,<environment.Job instance at 0x14964d922e10>,20,18,[2 8],21,79,97,58,76
1,<environment.Job instance at 0x14964d8ef370>,22,15,[10  2],23,97,112,74,83
1,<environment.Job instance at 0x14964d8ef230>,31,23,[ 1 10],32,159,182,127,159
1,<environment.Job instance at 0x14964d8ef2d0>,33,18,[1 5],34,182,200,148,173
1,<environment.Job instance at 0x14964d8ef550>,42,17,[1 7],43,227,244,184,227
1,<environment.Job instance at 0x1496754ba820>,47,23,[1 6],48,247,270,199,247
1,<environment.Job instance at 0x14966c1c9780>,72,17,[2 6],73,533,550,460,533
1,<environment.Job instance at 0x14964d7142d0>,98,17,[2 7],99,734,751,635,734
1,<environment.Job instance at 0x14964d714500>,99,14,[5 1],100,734,748,634,734
1,<environment.Job instance at 0x14964d714050>,102,12,[6 1],103,751,763,648,751
1,<environment.Job instance at 0x1496710ca370>,113,1,[2 7],114,786,787,672,786
1,<environment.Job instance at 0x1496710cac30>,114,14,[8 2],115,793,807,678,793
1,<environment.Job instance at 0x1496710caa00>,117,1,[5 2],118,807,808,689,807
1,<environment.Job instance at 0x14967116b690>,132,1,[1 6],133,925,926,792,925
1,<environment.Job instance at 0x14967189b3c0>,138,14,[2 5],139,977,991,838,977
1,<environment.Job instance at 0x14964d87bb90>,139,3,[1 8],140,991,994,851,978
1,<environment.Job instance at 0x14964d87b690>,143,13,[10  1],144,1030,1043,886,1030
1,<environment.Job instance at 0x14964d87b730>,147,24,[10  1],148,1062,1086,914,1062
1,<environment.Job instance at 0x14964da3f640>,150,3,[9 1],151,1086,1089,935,1071
1,<environment.Job instance at 0x149675db70a0>,156,1,[5 2],162,1145,1146,983,1145
1,<environment.Job instance at 0x14ff09247690>,5,25,[7 1],6,6,31,0,6
1,<environment.Job instance at 0x14ff09248320>,20,3,[7 1],21,94,97,73,94
1,<environment.Job instance at 0x14ff092486e0>,26,20,[2 8],27,163,183,136,163
1,<environment.Job instance at 0x14ff09248960>,28,20,[1 9],29,193,213,164,193
1,<environment.Job instance at 0x14ff09248a00>,30,2,[2 8],31,213,215,182,202
1,<environment.Job instance at 0x14ff09248be0>,31,23,[5 1],32,205,228,173,205
1,<environment.Job instance at 0x14ff09248c30>,32,2,[2 9],33,215,217,182,208
1,<environment.Job instance at 0x14ff0924b0f0>,39,2,[5 2],40,235,237,195,235
1,<environment.Job instance at 0x14ff0924b190>,40,19,[1 7],41,235,254,194,235
1,<environment.Job instance at 0x14ff0924b1e0>,45,15,[2 5],46,271,286,225,271
1,<environment.Job instance at 0x14ff0924bc80>,57,1,[5 1],58,394,395,336,394
1,<environment.Job instance at 0x14ff0924e820>,75,15,[2 6],76,553,568,477,553
1,<environment.Job instance at 0x14ff0924e8c0>,76,14,[9 1],77,568,582,491,553
1,<environment.Job instance at 0x14ff0924ea00>,78,3,[ 2 10],79,582,585,503,561
1,<environment.Job instance at 0x14ff0924eb40>,80,2,[1 5],81,568,570,487,562
1,<environment.Job instance at 0x14ff0924ec80>,82,3,[2 8],83,585,588,502,562
1,<environment.Job instance at 0x14ff0924edc0>,84,14,[7 1],85,585,599,500,574
1,<environment.Job instance at 0x14ff0924ef00>,85,20,[2 9],86,588,608,502,583
1,<environment.Job instance at 0x14ff09251820>,94,3,[6 2],95,679,682,584,679
1,<environment.Job instance at 0x14ff09251be0>,100,20,[10  2],101,723,743,622,723
1,<environment.Job instance at 0x14ff09251b40>,101,14,[6 1],102,743,757,641,729
1,<environment.Job instance at 0x14ff09251e60>,104,12,[10  1],105,757,769,652,741
1,<environment.Job instance at 0x14ff09251f00>,106,2,[7 1],107,769,771,662,745
1,<environment.Job instance at 0x14ff092531e0>,109,24,[10  2],110,783,807,673,783
1,<environment.Job instance at 0x14ff09253140>,110,2,[ 2 10],111,807,809,696,786
1,<environment.Job instance at 0x14ff09253690>,117,20,[1 9],118,818,838,700,818
1,<environment.Job instance at 0x14ff09253eb0>,126,13,[9 1],127,881,894,754,881
1,<environment.Job instance at 0x14ff0b391730>,11,24,[2 5],12,36,60,24,36
1,<environment.Job instance at 0x14ff0b1515a0>,21,26,[7 2],22,125,151,103,125
1,<environment.Job instance at 0x14ff0b2586e0>,24,27,[2 7],25,152,179,127,152
1,<environment.Job instance at 0x14ff0b8e71e0>,28,19,[1 6],29,196,215,167,196
1,<environment.Job instance at 0x14ff0b963230>,37,3,[2 5],38,216,219,178,216
1,<environment.Job instance at 0x14ff10554140>,38,25,[5 2],39,253,278,214,253
1,<environment.Job instance at 0x14ff0b8d0500>,47,20,[7 2],48,278,298,230,271
1,<environment.Job instance at 0x14ff0b895a00>,57,20,[5 2],58,351,371,293,351
1,<environment.Job instance at 0x14ff0b8951e0>,62,26,[ 1 10],63,385,411,322,385
1,<environment.Job instance at 0x14ff0b83c550>,68,26,[6 2],69,418,444,349,418
1,<environment.Job instance at 0x14ff0b83ce60>,71,17,[2 6],72,419,436,347,419
1,<environment.Job instance at 0x14ff0b8880a0>,79,22,[1 5],80,468,490,388,468
1,<environment.Job instance at 0x14ff0b214c80>,120,3,[7 2],121,790,793,669,790
1,<environment.Job instance at 0x14ff0b951b40>,132,16,[2 8],133,896,912,763,896
1,<environment.Job instance at 0x14ff0b82bd70>,144,3,[7 1],147,940,943,793,940
1,<environment.Job instance at 0x14ff0b207960>,152,3,[1 6],174,1016,1019,842,1016
1,<environment.Job instance at 0x14febfca6dc0>,11,25,[1 8],12,42,67,30,42
1,<environment.Job instance at 0x14febfca6910>,18,20,[8 1],19,101,121,82,101
1,<environment.Job instance at 0x14febfca8410>,20,15,[2 8],21,104,119,83,104
1,<environment.Job instance at 0x14febfca8550>,22,14,[1 6],23,126,140,103,126
1,<environment.Job instance at 0x14febfca84b0>,23,25,[9 2],24,153,178,129,153
1,<environment.Job instance at 0x14febfca8be0>,32,1,[2 5],33,205,206,172,205
1,<environment.Job instance at 0x14febfca8f00>,37,1,[8 1],38,262,263,224,262
1,<environment.Job instance at 0x14febfcab050>,47,2,[ 2 10],48,376,378,328,376
1,<environment.Job instance at 0x14febfcab6e0>,48,12,[1 7],49,378,390,329,376
1,<environment.Job instance at 0x14febfcab1e0>,49,23,[1 6],50,390,413,340,385
1,<environment.Job instance at 0x14febfcab690>,51,26,[7 1],52,385,411,333,385
1,<environment.Job instance at 0x14febfcad280>,69,14,[7 1],70,630,644,560,630
1,<environment.Job instance at 0x14febfcb0320>,90,14,[ 2 10],91,815,829,724,815
1,<environment.Job instance at 0x14febfcb0960>,102,13,[1 5],103,912,925,809,912
1,<environment.Job instance at 0x14febfcb23c0>,113,17,[7 2],114,1023,1040,909,1023
1,<environment.Job instance at 0x14febfcb2640>,115,2,[1 9],116,1040,1042,924,1023
1,<environment.Job instance at 0x14febfcb25a0>,114,1,[2 7],115,1028,1029,913,1028
1,<environment.Job instance at 0x14febfcb2820>,120,12,[1 5],121,1045,1057,924,1045
1,<environment.Job instance at 0x14febfcb28c0>,121,3,[2 6],122,1057,1060,935,1045
1,<environment.Job instance at 0x14febfcb2f50>,126,25,[2 8],127,1109,1134,982,1109
1,<environment.Job instance at 0x14febfcb2dc0>,127,1,[1 5],128,1134,1135,1006,1109
1,<environment.Job instance at 0x14febfcb5140>,128,28,[5 2],129,1120,1148,991,1120
1,<environment.Job instance at 0x14febfcb5370>,130,21,[6 2],131,1148,1169,1017,1141
1,<environment.Job instance at 0x14febfcb5320>,131,19,[2 5],132,1143,1162,1011,1143
1,<environment.Job instance at 0x14febfca8c30>,5,21,[2 5],6,13,34,7,13
1,<environment.Job instance at 0x14febfc40050>,2,1,[5 2],3,23,24,20,23
1,<environment.Job instance at 0x14ff0023fe10>,17,14,[1 5],18,50,64,32,50
1,<environment.Job instance at 0x14ff0023f5a0>,16,19,[7 1],17,66,85,49,66
1,<environment.Job instance at 0x14ff0024d500>,22,26,[2 9],23,74,100,51,74
1,<environment.Job instance at 0x14ff002cfaa0>,59,16,[5 2],60,374,390,314,374
1,<environment.Job instance at 0x14ff00203aa0>,64,1,[5 1],65,408,409,343,408
1,<environment.Job instance at 0x14ff00203f00>,65,23,[2 6],66,409,432,343,409
1,<environment.Job instance at 0x14ff00203730>,67,24,[6 1],68,410,434,342,410
1,<environment.Job instance at 0x14ff002063c0>,69,27,[5 2],70,434,461,364,434
1,<environment.Job instance at 0x14ff00209280>,79,13,[8 2],80,513,526,433,513
1,<environment.Job instance at 0x14ff0b08e7d0>,86,19,[5 2],87,534,553,447,534
1,<environment.Job instance at 0x14ff0b0735f0>,88,20,[9 1],89,553,573,464,544
1,<environment.Job instance at 0x14ff1059a870>,92,14,[2 7],93,577,591,484,577
1,<environment.Job instance at 0x14ff0b19e230>,94,19,[8 2],95,596,615,501,596
1,<environment.Job instance at 0x14ff08155500>,106,20,[8 2],107,689,709,582,689
1,<environment.Job instance at 0x14ff0b200140>,0,15,[ 1 10],1,4,19,3,4
1,<environment.Job instance at 0x14ff0b2000a0>,3,20,[1 6],4,43,63,39,43
1,<environment.Job instance at 0x14ff0b200a50>,13,14,[1 6],14,63,77,49,54
1,<environment.Job instance at 0x14ff0b928fa0>,20,18,[9 2],21,98,116,77,98
1,<environment.Job instance at 0x14ff0b928320>,24,2,[10  2],25,127,129,102,127
1,<environment.Job instance at 0x14ff0b928960>,25,21,[2 7],26,134,155,108,134
1,<environment.Job instance at 0x14ff0b928870>,27,2,[1 8],28,155,157,127,139
1,<environment.Job instance at 0x14ff09725050>,35,2,[8 1],36,234,236,198,234
1,<environment.Job instance at 0x14ff09725af0>,37,17,[9 2],38,240,257,202,240
1,<environment.Job instance at 0x14ff09725280>,41,3,[6 1],42,257,260,215,254
1,<environment.Job instance at 0x14ff09725870>,43,2,[1 9],44,278,280,234,278
1,<environment.Job instance at 0x14ff09725fa0>,45,1,[9 1],46,311,312,265,311
1,<environment.Job instance at 0x14ff11acb6e0>,52,20,[7 2],53,351,371,298,351
1,<environment.Job instance at 0x14ff0b8bc9b0>,62,27,[5 1],63,474,501,411,474
1,<environment.Job instance at 0x14ff0b8bc050>,65,12,[2 8],66,476,488,410,476
1,<environment.Job instance at 0x14ff0b8bc960>,69,1,[2 9],70,488,489,418,488
1,<environment.Job instance at 0x14ff0b8bc3c0>,75,3,[7 1],76,525,528,449,525
1,<environment.Job instance at 0x14ff11ae4370>,77,1,[1 5],78,527,528,449,527
1,<environment.Job instance at 0x14febffd05a0>,83,2,[1 7],84,552,554,468,552
1,<environment.Job instance at 0x14febffd0aa0>,84,15,[6 1],85,555,570,470,555
1,<environment.Job instance at 0x14ff0035fc80>,101,17,[1 5],102,694,711,592,694
1,<environment.Job instance at 0x14ff0035f960>,110,21,[8 2],111,742,763,631,742
1,<environment.Job instance at 0x14ff0a81b780>,128,25,[ 1 10],129,905,930,776,905
1,<environment.Job instance at 0x14ff0a81b8c0>,129,2,[1 9],130,930,932,800,909
1,<environment.Job instance at 0x14ff0a82bb40>,134,26,[2 7],135,942,968,807,942
1,<environment.Job instance at 0x14ff104f5d20>,4,22,[10  2],5,5,27,0,5
1,<environment.Job instance at 0x14ff104f5320>,3,2,[9 1],4,27,29,23,6
1,<environment.Job instance at 0x14ff097500f0>,13,14,[10  2],14,29,43,15,26
1,<environment.Job instance at 0x14ff0b0dd7d0>,21,26,[8 1],22,72,98,50,72
1,<environment.Job instance at 0x14ff0b7aba50>,36,16,[7 2],37,203,219,166,203
1,<environment.Job instance at 0x14ff0b7abb90>,37,18,[ 1 10],38,219,237,181,215
1,<environment.Job instance at 0x14ff096c3a50>,43,1,[6 2],44,306,307,262,306
1,<environment.Job instance at 0x14ff096c3af0>,45,1,[9 1],46,307,308,261,307
1,<environment.Job instance at 0x14ff096c3c30>,46,24,[5 2],47,313,337,266,313
1,<environment.Job instance at 0x14ff096c3050>,47,2,[ 2 10],48,337,339,289,315
1,<environment.Job instance at 0x14ff096c3280>,50,3,[2 8],51,372,375,321,372
1,<environment.Job instance at 0x14ff0bc25eb0>,52,19,[7 1],53,373,392,320,373
1,<environment.Job instance at 0x14ff0bc25a50>,54,18,[1 6],55,383,401,328,383
1,<environment.Job instance at 0x14ff0fb716e0>,73,1,[1 7],74,501,502,427,501
1,<environment.Job instance at 0x14ff0fb71d70>,75,21,[8 2],76,511,532,435,511
1,<environment.Job instance at 0x14ff0fb71c80>,76,2,[8 2],77,532,534,455,519
1,<environment.Job instance at 0x14ff0b90c460>,81,13,[1 8],82,562,575,480,562
1,<environment.Job instance at 0x14ff0b90ceb0>,85,25,[7 1],86,603,628,517,603
1,<environment.Job instance at 0x14ff0b90c5a0>,84,3,[2 9],85,605,608,520,605
1,<environment.Job instance at 0x14ff0b90cd20>,86,26,[ 2 10],87,628,654,541,625
1,<environment.Job instance at 0x14ff0b90c780>,92,2,[5 2],93,654,656,561,637
1,<environment.Job instance at 0x14ff09224b40>,100,18,[8 2],101,723,741,622,723
1,<environment.Job instance at 0x14ff092241e0>,104,26,[5 1],105,748,774,643,748
1,<environment.Job instance at 0x14ff09224e10>,107,2,[1 8],108,756,758,648,756
1,<environment.Job instance at 0x14ff0fbc4a00>,137,20,[7 1],138,1015,1035,877,1015
1,<environment.Job instance at 0x14febfce2280>,17,1,[1 9],18,89,90,71,89
1,<environment.Job instance at 0x14febfce22d0>,18,3,[ 2 10],19,99,102,80,99
1,<environment.Job instance at 0x14febfce25a0>,21,19,[5 2],22,114,133,92,114
1,<environment.Job instance at 0x14febfce27d0>,23,2,[1 8],24,118,120,94,118
1,<environment.Job instance at 0x14febfce2c80>,36,20,[7 2],37,223,243,186,223
1,<environment.Job instance at 0x14febf99b1e0>,41,13,[5 1],42,262,275,220,262
1,<environment.Job instance at 0x14febf99b640>,46,23,[6 1],47,290,313,243,290
1,<environment.Job instance at 0x14febf99b6e0>,47,3,[1 5],48,291,294,243,291
1,<environment.Job instance at 0x14febf99bb40>,52,17,[2 7],53,314,331,261,314
1,<environment.Job instance at 0x14febf99be60>,58,19,[ 2 10],59,341,360,282,341
1,<environment.Job instance at 0x14febf99bf00>,59,25,[1 6],60,362,387,302,362
1,<environment.Job instance at 0x14ff08113960>,74,23,[5 2],75,491,514,416,491
1,<environment.Job instance at 0x14ff081350a0>,83,15,[2 7],84,557,572,473,557
1,<environment.Job instance at 0x14ff08135aa0>,94,14,[8 2],95,671,685,576,671
1,<environment.Job instance at 0x14ff0812d730>,103,16,[1 8],104,743,759,639,743
1,<environment.Job instance at 0x14ff0812d460>,104,13,[10  1],105,759,772,654,747
1,<environment.Job instance at 0x14ff0812d870>,108,14,[9 2],109,794,808,685,794
1,<environment.Job instance at 0x14ff003cb0f0>,117,1,[2 7],118,838,839,720,838
1,<environment.Job instance at 0x14ff11b59960>,118,3,[2 7],119,839,842,720,838
1,<environment.Job instance at 0x14ff0fc58190>,119,18,[7 2],120,841,859,721,841
1,<environment.Job instance at 0x14ff096dcc80>,121,24,[9 2],122,868,892,746,868
1,<environment.Job instance at 0x14ff0b2b6640>,127,2,[2 5],128,892,894,764,880
1,<environment.Job instance at 0x14ff0924e460>,138,22,[1 7],139,1020,1042,881,1020
1,<environment.Job instance at 0x14ff002e0550>,151,20,[1 9],168,1142,1162,974,1142
1,<environment.Job instance at 0x14ff11b61c30>,15,3,[5 1],16,121,124,105,121
1,<environment.Job instance at 0x14febfcadc80>,27,23,[1 7],28,248,271,220,248
1,<environment.Job instance at 0x14ff1053cc80>,39,27,[1 9],40,371,398,331,371
1,<environment.Job instance at 0x14ff0b193410>,41,3,[ 2 10],42,398,401,356,380
1,<environment.Job instance at 0x14ff0b193cd0>,42,19,[2 5],43,401,420,358,397
1,<environment.Job instance at 0x14ff0b07f190>,55,27,[5 1],56,491,518,435,491
1,<environment.Job instance at 0x14ff0b07fc30>,57,24,[5 2],58,512,536,454,512
1,<environment.Job instance at 0x14ff08140a00>,67,14,[ 1 10],68,585,599,517,585
1,<environment.Job instance at 0x14ff08140500>,69,3,[6 2],70,618,621,548,618
1,<environment.Job instance at 0x14ff08140730>,70,1,[6 1],71,621,622,550,621
1,<environment.Job instance at 0x14ff003a1d70>,107,15,[2 9],108,985,1000,877,985
1,<environment.Job instance at 0x14ff003a1b40>,110,24,[1 9],111,1000,1024,889,996
1,<environment.Job instance at 0x14ff11acbe60>,112,21,[6 1],113,1006,1027,893,1006
1,<environment.Job instance at 0x14ff001f56e0>,138,15,[7 2],141,1232,1247,1091,1232
1,<environment.Job instance at 0x14ff0c0722d0>,139,20,[7 2],165,1247,1267,1082,1243
1,<environment.Job instance at 0x14ff0b13bdc0>,1,3,[ 1 10],2,17,20,15,17
1,<environment.Job instance at 0x14ff0bc2ea50>,70,2,[9 2],71,572,574,501,572
1,<environment.Job instance at 0x14ff106305f0>,85,13,[2 8],86,747,760,661,747
1,<environment.Job instance at 0x14ff106308c0>,86,1,[1 6],87,760,761,673,751
1,<environment.Job instance at 0x14ff0b083a00>,93,1,[1 6],94,767,768,673,767
1,<environment.Job instance at 0x14ff104f3d20>,98,2,[8 2],99,817,819,718,817
1,<environment.Job instance at 0x14ff104f3b40>,99,22,[2 5],100,827,849,727,827
1,<environment.Job instance at 0x14ff104f3a00>,101,27,[8 1],102,829,856,727,829
1,<environment.Job instance at 0x14ff104f3140>,102,1,[2 6],103,849,850,746,834
1,<environment.Job instance at 0x14febfffa960>,105,25,[2 8],106,873,898,767,873
1,<environment.Job instance at 0x14febf8852d0>,111,25,[6 2],112,915,940,803,915
1,<environment.Job instance at 0x14ff00308dc0>,140,24,[5 2],141,1192,1216,1051,1192
1,<environment.Job instance at 0x14ff0a8152d0>,142,1,[7 2],143,1216,1217,1073,1203
1,<environment.Job instance at 0x14febf999a50>,147,1,[10  1],160,1251,1252,1091,1251
1,<environment.Job instance at 0x14febf9c5d70>,12,2,[8 1],13,73,75,60,73
1,<environment.Job instance at 0x14ff0b84b320>,41,2,[8 1],42,280,282,238,280
1,<environment.Job instance at 0x14febfdb3960>,48,27,[8 2],49,362,389,313,362
1,<environment.Job instance at 0x14febff94730>,52,2,[ 1 10],53,389,391,336,384
1,<environment.Job instance at 0x14febff943c0>,53,2,[1 6],54,386,388,332,386
1,<environment.Job instance at 0x14febff94410>,55,24,[1 5],56,397,421,341,397
1,<environment.Job instance at 0x14febff94550>,56,23,[7 1],57,403,426,346,403
1,<environment.Job instance at 0x14ff00187aa0>,62,15,[10  2],63,470,485,407,470
1,<environment.Job instance at 0x14ff0925e910>,78,2,[1 9],79,620,622,541,620
1,<environment.Job instance at 0x14ff0925edc0>,79,3,[1 8],80,622,625,542,621
1,<environment.Job instance at 0x14ff0b25e6e0>,87,2,[2 9],88,763,765,675,763
1,<environment.Job instance at 0x14ff0b25e8c0>,88,12,[5 1],89,763,775,674,763
1,<environment.Job instance at 0x14ff0b25e640>,92,13,[2 5],93,792,805,699,792
1,<environment.Job instance at 0x14ff0b329370>,99,13,[5 2],100,887,900,787,887
1,<environment.Job instance at 0x14ff0b329e60>,113,1,[7 1],114,1044,1045,930,1044
1,<environment.Job instance at 0x14ff0972c5f0>,126,12,[ 1 10],127,1181,1193,1054,1181
1,<environment.Job instance at 0x14ff0bc259b0>,132,1,[ 1 10],133,1213,1214,1080,1213
1,<environment.Job instance at 0x14ff0bc25c80>,134,26,[2 9],135,1223,1249,1088,1223
1,<environment.Job instance at 0x14ff0bc25d20>,141,20,[2 7],149,1310,1330,1161,1310
1,<environment.Job instance at 0x14ff097a3410>,6,2,[10  2],7,35,37,28,35
1,<environment.Job instance at 0x14ff0b2229b0>,11,17,[ 2 10],12,44,61,32,44
1,<environment.Job instance at 0x14febf8141e0>,29,3,[2 6],30,227,230,197,227
1,<environment.Job instance at 0x14febf8143c0>,32,27,[6 1],33,239,266,206,239
1,<environment.Job instance at 0x14ff096b2870>,48,20,[5 2],49,452,472,403,452
1,<environment.Job instance at 0x14ff00367cd0>,54,3,[9 1],55,483,486,428,483
1,<environment.Job instance at 0x14ff00367b90>,55,14,[5 2],56,487,501,431,487
1,<environment.Job instance at 0x14ff0fc67b90>,86,21,[2 5],87,813,834,726,813
1,<environment.Job instance at 0x14ff003c4730>,113,24,[2 8],114,1095,1119,981,1095
1,<environment.Job instance at 0x14ff0c056b90>,117,23,[6 1],118,1153,1176,1035,1153
1,<environment.Job instance at 0x14ff0c056be0>,118,2,[1 7],119,1153,1155,1034,1153
1,<environment.Job instance at 0x14ff09758870>,146,16,[8 2],179,1432,1448,1253,1432
1,<environment.Job instance at 0x14febf9a4730>,1,24,[7 2],2,20,44,18,20
1,<environment.Job instance at 0x14ff0b962870>,5,2,[2 6],6,30,32,24,30
1,<environment.Job instance at 0x14ff0b962aa0>,9,24,[9 2],10,56,80,46,56
1,<environment.Job instance at 0x14ff080f8460>,27,12,[9 2],28,177,189,149,177
1,<environment.Job instance at 0x14ff080f8280>,28,23,[6 2],29,189,212,160,186
1,<environment.Job instance at 0x14ff080f8a50>,29,15,[ 1 10],30,212,227,182,198
1,<environment.Job instance at 0x14ff081131e0>,36,20,[1 5],37,257,277,220,257
1,<environment.Job instance at 0x14ff08113cd0>,39,18,[10  2],40,277,295,237,268
1,<environment.Job instance at 0x14ff08113dc0>,38,1,[2 6],39,295,296,256,269
1,<environment.Job instance at 0x14ff08113b40>,49,13,[7 2],50,345,358,295,345
1,<environment.Job instance at 0x14ff0b242cd0>,59,14,[1 5],60,459,473,399,459
1,<environment.Job instance at 0x14ff0b242fa0>,62,1,[2 6],63,473,474,410,471
1,<environment.Job instance at 0x14ff10555f00>,74,3,[8 2],75,537,540,462,537
1,<environment.Job instance at 0x14febfdc5d20>,114,1,[1 5],115,928,929,813,928
1,<environment.Job instance at 0x14ff08112640>,142,20,[2 6],143,1277,1297,1134,1277
1,<environment.Job instance at 0x14febfd59050>,6,23,[1 8],7,16,39,9,16
1,<environment.Job instance at 0x14febfd59b40>,7,1,[2 5],8,39,40,31,21
1,<environment.Job instance at 0x14febfd59500>,10,23,[2 6],11,45,68,34,45
1,<environment.Job instance at 0x14ff0c038190>,38,24,[9 1],39,296,320,257,296
1,<environment.Job instance at 0x14ff0b391e10>,51,15,[7 1],52,388,403,336,388
1,<environment.Job instance at 0x14ff0b914910>,71,17,[1 6],72,570,587,498,570
1,<environment.Job instance at 0x14ff0b914730>,72,3,[10  1],73,587,590,514,570
1,<environment.Job instance at 0x14ff0b914050>,84,1,[7 2],85,668,669,583,668
1,<environment.Job instance at 0x14ff104cd690>,102,13,[6 2],103,835,848,732,835
1,<environment.Job instance at 0x14ff11b46eb0>,106,20,[7 2],107,852,872,745,852
1,<environment.Job instance at 0x14ff11b460f0>,107,2,[10  2],108,872,874,764,854
1,<environment.Job instance at 0x14ff11b46f50>,108,2,[7 1],109,874,876,765,861
1,<environment.Job instance at 0x14ff0f5380a0>,112,20,[1 8],113,902,922,789,902
1,<environment.Job instance at 0x14ff0f538af0>,119,19,[ 1 10],120,984,1003,864,984
1,<environment.Job instance at 0x14ff0f538f00>,120,16,[2 7],121,1003,1019,882,991
1,<environment.Job instance at 0x14ff0f5384b0>,123,16,[5 2],124,1032,1048,908,1032
1,<environment.Job instance at 0x14ff0b83b820>,134,22,[2 5],135,1104,1126,969,1104
1,<environment.Job instance at 0x14ff096f5460>,141,17,[5 1],154,1164,1181,1010,1164
1,<environment.Job instance at 0x14febff71690>,11,15,[1 7],12,22,37,10,22
1,<environment.Job instance at 0x14febff71140>,14,13,[2 7],15,37,50,22,22
1,<environment.Job instance at 0x14febff4c460>,20,23,[ 1 10],21,94,117,73,94
1,<environment.Job instance at 0x14ff001277d0>,44,27,[2 5],45,280,307,235,280
1,<environment.Job instance at 0x14febff70320>,81,21,[10  1],82,574,595,492,574
1,<environment.Job instance at 0x14febff70eb0>,96,24,[1 8],97,664,688,567,664
1,<environment.Job instance at 0x14febff73190>,99,3,[9 2],100,709,712,609,709
1,<environment.Job instance at 0x14febff587d0>,152,28,[10  1],154,1200,1228,1046,1200
1,<environment.Job instance at 0x14febff58aa0>,153,2,[6 2],159,1228,1230,1069,1203
1,<environment.Job instance at 0x14ff00125f50>,2,27,[1 5],3,3,30,0,3
1,<environment.Job instance at 0x14ff00157b40>,10,26,[2 9],11,30,56,19,30
1,<environment.Job instance at 0x14ff00230aa0>,26,2,[8 1],27,200,202,173,200
1,<environment.Job instance at 0x14ff00230690>,34,20,[1 9],35,259,279,224,259
1,<environment.Job instance at 0x14ff00253320>,76,19,[8 2],77,716,735,639,716
1,<environment.Job instance at 0x14ff00234640>,103,12,[7 2],104,952,964,848,952
1,<environment.Job instance at 0x14ff001b2eb0>,111,12,[2 8],112,1016,1028,904,1016
1,<environment.Job instance at 0x14ff001c9a50>,126,1,[8 2],127,1134,1135,1007,1134
1,<environment.Job instance at 0x14febfb5ac80>,0,2,[9 2],1,3,5,2,3
1,<environment.Job instance at 0x14febf9eefa0>,2,25,[5 1],3,13,38,10,13
1,<environment.Job instance at 0x14febf9f3780>,19,2,[1 9],20,157,159,137,157
1,<environment.Job instance at 0x14febf9c9500>,25,19,[10  2],26,184,203,158,184
1,<environment.Job instance at 0x14febf9c9140>,26,3,[6 1],27,203,206,176,185
1,<environment.Job instance at 0x14febf9c9460>,27,14,[6 2],28,206,220,178,191
1,<environment.Job instance at 0x14ff0fbece10>,33,20,[5 1],34,250,270,216,250
1,<environment.Job instance at 0x14ff0fbec730>,39,14,[2 7],40,300,314,260,300
1,<environment.Job instance at 0x14ff0013a870>,56,20,[2 8],57,458,478,401,458
1,<environment.Job instance at 0x14ff0014deb0>,75,2,[2 5],76,621,623,545,621
1,<environment.Job instance at 0x14ff001c7230>,79,13,[1 9],80,629,642,549,629
1,<environment.Job instance at 0x14ff001c7410>,81,1,[1 8],82,647,648,565,647
1,<environment.Job instance at 0x14ff001c7190>,82,3,[2 7],83,648,651,565,647
1,<environment.Job instance at 0x14ff001c7460>,84,20,[9 2],85,702,722,617,702
1,<environment.Job instance at 0x14ff001c7910>,88,25,[10  1],89,741,766,652,741
1,<environment.Job instance at 0x14ff001c7c80>,95,3,[2 6],96,830,833,734,830
1,<environment.Job instance at 0x14ff001ac320>,102,15,[2 6],103,902,917,799,902
1,<environment.Job instance at 0x14ff001ac0f0>,106,2,[9 1],107,920,922,813,920
1,<environment.Job instance at 0x14ff001aca00>,115,3,[1 8],116,978,981,862,978
1,<environment.Job instance at 0x14ff001acbe0>,118,3,[1 5],119,1020,1023,901,1020
1,<environment.Job instance at 0x14ff001cf0f0>,134,2,[6 2],135,1176,1178,1041,1176
1,<environment.Job instance at 0x14ff001cf730>,135,20,[5 2],136,1181,1201,1045,1181
1,<environment.Job instance at 0x14ff001cf9b0>,139,3,[1 5],140,1248,1251,1108,1248
1,<environment.Job instance at 0x14ff001d6320>,147,16,[6 1],186,1273,1289,1087,1273
1,<environment.Job instance at 0x14ff0829f9b0>,10,1,[8 1],11,54,55,43,54
1,<environment.Job instance at 0x14febfee7460>,14,27,[8 2],15,79,106,64,79
1,<environment.Job instance at 0x14febfee7500>,21,28,[6 2],22,150,178,128,150
1,<environment.Job instance at 0x14febfb43050>,40,12,[2 9],41,339,351,298,339
1,<environment.Job instance at 0x14ff0f557410>,77,23,[2 9],78,796,819,718,796
1,<environment.Job instance at 0x14ff0016cd70>,103,1,[1 5],104,1107,1108,1003,1107
1,<environment.Job instance at 0x14ff09773230>,118,20,[5 1],119,1249,1269,1130,1249
1,<environment.Job instance at 0x14ff003c4af0>,0,19,[6 1],1,25,44,24,25
1,<environment.Job instance at 0x14ff10527410>,9,14,[10  2],10,44,58,34,31
1,<environment.Job instance at 0x14ff0f52d960>,24,3,[2 7],25,124,127,99,124
1,<environment.Job instance at 0x14ff0f52d870>,29,3,[7 1],30,151,154,121,151
1,<environment.Job instance at 0x14ff0b7efb40>,43,15,[ 1 10],44,341,356,297,341
1,<environment.Job instance at 0x14ff0bbc4140>,54,2,[10  1],55,434,436,379,434
1,<environment.Job instance at 0x14ff0bbc49b0>,57,18,[8 2],58,460,478,402,460
1,<environment.Job instance at 0x14febff7dc30>,64,12,[8 2],65,530,542,465,530
1,<environment.Job instance at 0x14febff7dc80>,67,16,[6 2],68,544,560,476,544
1,<environment.Job instance at 0x14febff7de60>,72,19,[1 8],73,609,628,536,609
1,<environment.Job instance at 0x14ff0f548190>,77,24,[9 1],78,637,661,559,637
1,<environment.Job instance at 0x14ff0f5485a0>,87,3,[ 1 10],88,768,771,680,768
1,<environment.Job instance at 0x14febfc939b0>,105,14,[2 5],106,931,945,825,931
1,<environment.Job instance at 0x14ff0a836be0>,107,13,[5 2],108,932,945,824,932
1,<environment.Job instance at 0x14ff0032de10>,109,2,[2 5],110,945,947,835,932
1,<environment.Job instance at 0x14febfd62820>,112,18,[5 2],113,947,965,834,947
1,<environment.Job instance at 0x14ff081ee910>,127,28,[10  1],128,1091,1119,963,1091
1,<environment.Job instance at 0x14ff0c062be0>,2,14,[6 2],3,19,33,16,19
1,<environment.Job instance at 0x14ff0c062cd0>,11,1,[9 2],12,33,34,21,31
1,<environment.Job instance at 0x14febfdc05a0>,15,24,[8 1],16,71,95,55,71
1,<environment.Job instance at 0x14febfdc04b0>,16,24,[2 7],17,72,96,55,72
1,<environment.Job instance at 0x14febfdc0140>,21,19,[10  2],22,96,115,74,86
1,<environment.Job instance at 0x14febfdc0960>,22,15,[10  2],23,115,130,92,112
1,<environment.Job instance at 0x14febfdc0f00>,31,23,[ 1 10],32,145,168,113,145
1,<environment.Job instance at 0x14ff0fbf75a0>,54,19,[1 6],55,340,359,285,340
1,<environment.Job instance at 0x14ff09230140>,63,2,[2 7],64,436,438,372,436
1,<environment.Job instance at 0x14ff09230500>,67,15,[6 1],68,501,516,433,501
1,<environment.Job instance at 0x14ff09230f00>,68,2,[10  2],69,516,518,447,505
1,<environment.Job instance at 0x14ff09230d70>,73,2,[1 6],74,561,563,487,561
1,<environment.Job instance at 0x14ff092301e0>,78,1,[8 2],79,604,605,525,604
1,<environment.Job instance at 0x14ff0b1a88c0>,94,14,[10  2],95,779,793,684,779
1,<environment.Job instance at 0x14febfd51460>,99,14,[5 1],100,793,807,693,786
1,<environment.Job instance at 0x14febfd514b0>,101,3,[ 2 10],102,807,810,705,793
1,<environment.Job instance at 0x14febfdb3550>,118,20,[1 6],119,946,966,827,946
1,<environment.Job instance at 0x14febf9d2820>,8,21,[9 2],9,25,46,16,25
1,<environment.Job instance at 0x14febfe376e0>,18,13,[ 2 10],19,94,107,75,94
1,<environment.Job instance at 0x14febfe37b90>,19,21,[2 6],20,107,128,87,100
1,<environment.Job instance at 0x14febfe37190>,21,21,[7 1],22,111,132,89,111
1,<environment.Job instance at 0x14febfe37fa0>,22,15,[2 9],23,128,143,105,117
1,<environment.Job instance at 0x14febfe37960>,26,19,[10  1],27,143,162,116,137
1,<environment.Job instance at 0x14ff0fb98370>,41,2,[5 2],42,248,250,206,248
1,<environment.Job instance at 0x14ff0fb98460>,45,2,[2 5],46,279,281,233,279
1,<environment.Job instance at 0x14febf86b320>,59,18,[9 2],60,412,430,352,412
1,<environment.Job instance at 0x14febf86bb40>,66,3,[5 1],67,430,433,363,425
1,<environment.Job instance at 0x14febf86b690>,67,1,[7 2],68,433,434,365,426
1,<environment.Job instance at 0x14febff90eb0>,70,23,[1 5],71,434,457,363,434
1,<environment.Job instance at 0x14febfbfe690>,94,27,[7 2],95,702,729,607,702
1,<environment.Job instance at 0x14febfbfe410>,100,17,[ 1 10],101,773,790,672,773
1,<environment.Job instance at 0x14febfbfeaf0>,102,16,[10  1],103,790,806,687,779
1,<environment.Job instance at 0x14febff807d0>,117,20,[5 2],118,900,920,782,900
1,<environment.Job instance at 0x14febfd6b780>,149,1,[10  2],156,1276,1277,1120,1276
