iteration,job object,job ID,job Length,job ressource requirement,job enter time,job start time,job finish time,job waiting time,current time
1,<environment.Job instance at 0x148939ea16e0>,7,1,[7 2],8,11,12,3,11
1,<environment.Job instance at 0x148939ea1780>,8,2,[2 5],9,11,13,2,11
1,<environment.Job instance at 0x148939ea15f0>,9,2,[8 1],10,12,14,2,11
1,<environment.Job instance at 0x148939ea1cd0>,12,22,[2 6],13,15,37,2,15
1,<environment.Job instance at 0x148939ea1d20>,11,14,[10  2],12,37,51,25,30
1,<environment.Job instance at 0x148939ea3320>,20,3,[7 1],21,66,69,45,66
1,<environment.Job instance at 0x148939ea36e0>,26,20,[2 8],27,133,153,106,133
1,<environment.Job instance at 0x148939ea3820>,28,20,[1 9],29,153,173,124,145
1,<environment.Job instance at 0x148939ea3cd0>,30,2,[2 8],31,173,175,142,151
1,<environment.Job instance at 0x148939ea3a00>,32,2,[2 9],33,175,177,142,158
1,<environment.Job instance at 0x148939ea5190>,39,2,[5 2],40,201,203,161,201
1,<environment.Job instance at 0x148939ea55a0>,44,13,[ 2 10],45,232,245,187,232
1,<environment.Job instance at 0x148939ea51e0>,45,15,[2 5],46,245,260,199,234
1,<environment.Job instance at 0x14893bd34640>,7,1,[5 1],8,26,27,18,26
1,<environment.Job instance at 0x14893bd34460>,8,17,[2 7],9,27,44,18,27
1,<environment.Job instance at 0x14893bd34550>,12,3,[6 2],13,80,83,67,80
1,<environment.Job instance at 0x14893bd56eb0>,25,15,[2 6],26,250,265,224,250
1,<environment.Job instance at 0x14893bd33320>,26,14,[9 1],27,265,279,238,252
1,<environment.Job instance at 0x14893bd33780>,30,2,[1 5],31,265,267,234,265
1,<environment.Job instance at 0x14893bd33280>,32,3,[2 8],33,279,282,246,269
1,<environment.Job instance at 0x14893bde5f00>,34,14,[7 1],35,279,293,244,271
1,<environment.Job instance at 0x14893bd333c0>,31,2,[9 2],32,293,295,261,281
1,<environment.Job instance at 0x14893bde5c80>,35,20,[2 9],36,295,315,259,289
1,<environment.Job instance at 0x14893bde5320>,44,3,[6 2],45,390,393,345,390
1,<environment.Job instance at 0x14893c49a690>,4,12,[10  1],5,9,21,4,9
1,<environment.Job instance at 0x148930990b90>,6,2,[7 1],7,21,23,14,10
1,<environment.Job instance at 0x14893a3535f0>,1,14,[6 1],2,23,37,21,15
1,<environment.Job instance at 0x1489309b7f50>,18,28,[7 2],19,79,107,60,79
1,<environment.Job instance at 0x1489309a8b40>,24,12,[10  2],25,117,129,92,117
1,<environment.Job instance at 0x1489309d9140>,25,17,[5 1],26,129,146,103,129
1,<environment.Job instance at 0x1489411fba50>,7,2,[2 5],8,10,12,2,10
1,<environment.Job instance at 0x1489381bda50>,4,28,[7 1],5,14,42,9,14
1,<environment.Job instance at 0x1489411fb9b0>,12,1,[6 2],13,42,43,29,32
1,<environment.Job instance at 0x14893bfdfb90>,13,25,[1 8],14,32,57,18,32
1,<environment.Job instance at 0x1489411fb050>,10,20,[6 1],11,43,63,32,36
1,<environment.Job instance at 0x14893bfdf4b0>,15,15,[8 1],16,63,78,47,49
1,<environment.Job instance at 0x14893bfdf0a0>,14,26,[2 9],15,60,86,45,60
1,<environment.Job instance at 0x14893a36a910>,48,19,[1 5],49,353,372,304,353
1,<environment.Job instance at 0x14893a36a1e0>,47,17,[6 2],48,358,375,310,358
1,<environment.Job instance at 0x148930a42820>,3,23,[5 1],4,4,27,0,4
1,<environment.Job instance at 0x148930a42690>,0,17,[1 7],1,9,26,8,9
1,<environment.Job instance at 0x14893bf3dfa0>,11,26,[7 2],12,32,58,20,32
1,<environment.Job instance at 0x14893bf3deb0>,14,27,[2 7],15,54,81,39,54
1,<environment.Job instance at 0x14893bf3d280>,17,2,[10  2],18,81,83,63,70
1,<environment.Job instance at 0x14893bf3d3c0>,18,19,[1 6],19,83,102,64,73
1,<environment.Job instance at 0x14893c530be0>,22,20,[7 2],23,98,118,75,98
1,<environment.Job instance at 0x14893c530190>,23,20,[1 6],24,111,131,87,111
1,<environment.Job instance at 0x14893c530e60>,25,19,[5 1],26,132,151,106,132
1,<environment.Job instance at 0x14893c530910>,31,2,[1 7],32,149,151,117,149
1,<environment.Job instance at 0x14893c530230>,34,2,[1 6],35,163,165,128,163
1,<environment.Job instance at 0x148943278690>,47,20,[5 2],48,300,320,252,300
1,<environment.Job instance at 0x148941126460>,5,16,[10  1],6,6,22,0,6
1,<environment.Job instance at 0x148941126690>,7,26,[9 1],8,23,49,15,23
1,<environment.Job instance at 0x148941287320>,13,2,[8 1],14,49,51,35,36
1,<environment.Job instance at 0x148941287af0>,11,17,[2 6],12,49,66,37,37
1,<environment.Job instance at 0x148941126aa0>,6,16,[7 2],7,51,67,44,45
1,<environment.Job instance at 0x1489407c4a50>,20,2,[1 9],21,73,75,52,73
1,<environment.Job instance at 0x1489407c4b40>,21,28,[9 1],22,74,102,52,74
1,<environment.Job instance at 0x1489411426e0>,29,19,[2 9],30,116,135,86,116
1,<environment.Job instance at 0x148941142460>,34,12,[7 1],35,158,170,123,158
1,<environment.Job instance at 0x148941142230>,35,1,[2 7],36,160,161,124,160
1,<environment.Job instance at 0x148941142320>,37,3,[6 1],38,170,173,132,161
1,<environment.Job instance at 0x148941142690>,40,3,[7 1],41,186,189,145,186
1,<environment.Job instance at 0x14893b8979b0>,5,22,[2 5],6,22,44,16,22
1,<environment.Job instance at 0x14894111c910>,10,3,[7 2],11,27,30,16,27
1,<environment.Job instance at 0x14894111c820>,7,24,[2 6],8,48,72,40,48
1,<environment.Job instance at 0x148930f7c960>,19,14,[1 9],20,92,106,72,92
1,<environment.Job instance at 0x148930f7c9b0>,20,20,[7 1],21,95,115,74,95
1,<environment.Job instance at 0x148930f7caa0>,23,3,[9 2],24,115,118,91,97
1,<environment.Job instance at 0x148930f7cb40>,22,16,[2 8],23,118,134,95,108
1,<environment.Job instance at 0x148930f7cd70>,24,22,[7 2],25,125,147,100,125
1,<environment.Job instance at 0x1489411130f0>,31,3,[7 1],32,159,162,127,159
1,<environment.Job instance at 0x148941113370>,32,21,[10  2],33,168,189,135,168
1,<environment.Job instance at 0x1489411130a0>,34,2,[2 6],35,189,191,154,179
1,<environment.Job instance at 0x148941113050>,36,3,[7 1],37,189,192,152,179
1,<environment.Job instance at 0x148941113730>,38,17,[2 8],39,214,231,175,214
1,<environment.Job instance at 0x148941113af0>,43,3,[6 1],44,255,258,211,255
1,<environment.Job instance at 0x148941113c80>,47,28,[2 5],48,302,330,254,302
1,<environment.Job instance at 0x148930edacd0>,3,12,[2 5],4,4,16,0,4
1,<environment.Job instance at 0x14894111cdc0>,2,18,[2 8],3,16,34,13,5
1,<environment.Job instance at 0x14893c3fc9b0>,9,3,[2 9],10,34,37,24,10
1,<environment.Job instance at 0x14893c3fc870>,8,22,[7 1],9,10,32,1,10
1,<environment.Job instance at 0x14894128e9b0>,15,15,[5 2],16,43,58,27,43
1,<environment.Job instance at 0x1489427ae050>,20,18,[2 6],21,86,104,65,86
1,<environment.Job instance at 0x1489427ae2d0>,22,17,[1 9],23,105,122,82,105
1,<environment.Job instance at 0x14893a3f7050>,26,28,[2 5],27,145,173,118,145
1,<environment.Job instance at 0x14893a3f70f0>,27,1,[6 1],28,147,148,119,147
1,<environment.Job instance at 0x14893a3f7460>,32,12,[2 8],33,204,216,171,204
1,<environment.Job instance at 0x1489407af640>,33,12,[10  1],34,216,228,182,205
1,<environment.Job instance at 0x148940890a00>,47,24,[1 6],48,359,383,311,359
1,<environment.Job instance at 0x14894117ca00>,48,20,[8 1],49,359,379,310,359
1,<environment.Job instance at 0x14893c85dc30>,2,14,[1 6],3,18,32,15,18
1,<environment.Job instance at 0x14893c85d3c0>,9,23,[9 1],10,38,61,28,38
1,<environment.Job instance at 0x148930c92c30>,15,27,[9 1],16,101,128,85,101
1,<environment.Job instance at 0x148930c926e0>,17,1,[8 1],18,128,129,110,101
1,<environment.Job instance at 0x148930c921e0>,25,24,[9 1],26,150,174,124,150
1,<environment.Job instance at 0x148930c92320>,26,22,[1 7],27,154,176,127,154
1,<environment.Job instance at 0x148930c92fa0>,27,2,[ 2 10],28,176,178,148,154
1,<environment.Job instance at 0x148930c92f00>,28,12,[1 7],29,178,190,149,178
1,<environment.Job instance at 0x1489309421e0>,34,20,[8 1],35,255,275,220,255
1,<environment.Job instance at 0x148930c92dc0>,4,3,[9 1],5,6,9,1,6
1,<environment.Job instance at 0x148930c92a50>,3,2,[8 2],4,9,11,5,6
1,<environment.Job instance at 0x1489420c7c30>,9,1,[8 1],10,11,12,1,10
1,<environment.Job instance at 0x1489420c7500>,8,28,[5 1],9,19,47,10,19
1,<environment.Job instance at 0x1489407d49b0>,13,2,[7 1],14,47,49,33,29
1,<environment.Job instance at 0x14894279bc30>,16,1,[1 6],17,46,47,29,46
1,<environment.Job instance at 0x14894279b5f0>,18,1,[2 8],19,90,91,71,90
1,<environment.Job instance at 0x14893bd4e6e0>,20,14,[ 2 10],21,99,113,78,99
1,<environment.Job instance at 0x14894081ae10>,40,19,[9 2],41,286,305,245,286
1,<environment.Job instance at 0x148930e5d370>,0,12,[1 5],1,1,13,0,1
1,<environment.Job instance at 0x14894118c500>,8,28,[5 2],9,25,53,16,25
1,<environment.Job instance at 0x14894118ce10>,11,19,[2 5],12,27,46,15,27
1,<environment.Job instance at 0x14894118cf50>,14,12,[1 6],15,46,58,31,34
1,<environment.Job instance at 0x14894118caa0>,16,16,[7 1],17,108,124,91,108
1,<environment.Job instance at 0x14894118ceb0>,21,2,[2 5],22,109,111,87,109
1,<environment.Job instance at 0x14894118c550>,23,28,[2 8],24,112,140,88,112
1,<environment.Job instance at 0x1489308911e0>,27,3,[9 1],28,140,143,112,129
1,<environment.Job instance at 0x148930891230>,28,24,[8 1],29,146,170,117,146
1,<environment.Job instance at 0x148930891690>,30,14,[10  1],31,170,184,139,156
1,<environment.Job instance at 0x1489308919b0>,32,3,[ 1 10],33,184,187,151,161
1,<environment.Job instance at 0x148930891870>,36,2,[7 1],37,187,189,150,162
1,<environment.Job instance at 0x148930891410>,35,3,[1 9],36,162,165,126,162
1,<environment.Job instance at 0x148930891c80>,38,28,[7 2],39,189,217,150,188
1,<environment.Job instance at 0x148930891050>,42,1,[8 1],43,217,218,174,204
1,<environment.Job instance at 0x148930891fa0>,44,24,[6 2],45,218,242,173,216
1,<environment.Job instance at 0x148930891320>,34,28,[1 9],35,268,296,233,268
1,<environment.Job instance at 0x148930e0cb90>,1,2,[5 1],2,7,9,5,7
1,<environment.Job instance at 0x14894118c370>,2,3,[8 1],3,9,12,6,7
1,<environment.Job instance at 0x1489420b9f00>,6,20,[6 1],7,12,32,5,11
1,<environment.Job instance at 0x148930e4d8c0>,8,3,[1 5],9,13,16,4,13
1,<environment.Job instance at 0x14894113e910>,11,3,[2 6],12,17,20,5,17
1,<environment.Job instance at 0x148940852f50>,16,25,[5 2],17,61,86,44,61
1,<environment.Job instance at 0x14893c579730>,12,3,[10  2],13,86,89,73,66
1,<environment.Job instance at 0x1489430cde60>,18,1,[1 5],19,67,68,48,67
1,<environment.Job instance at 0x148938171be0>,20,1,[9 2],21,89,90,68,74
1,<environment.Job instance at 0x148938171410>,22,1,[5 2],23,90,91,67,90
1,<environment.Job instance at 0x148938171960>,29,13,[2 9],30,163,176,133,163
1,<environment.Job instance at 0x148938171140>,31,16,[1 7],32,191,207,159,191
1,<environment.Job instance at 0x148938171460>,35,12,[2 6],36,211,223,175,211
1,<environment.Job instance at 0x148938171640>,37,14,[1 5],38,223,237,185,213
1,<environment.Job instance at 0x148938171af0>,39,2,[2 6],40,237,239,197,232
1,<environment.Job instance at 0x14893813b910>,40,1,[1 7],41,239,240,198,236
1,<environment.Job instance at 0x14893a3c1a00>,47,15,[1 9],48,299,314,251,299
1,<environment.Job instance at 0x14893bd9e0f0>,3,28,[2 7],4,13,41,9,13
1,<environment.Job instance at 0x148930e3ddc0>,5,1,[1 7],6,41,42,35,14
1,<environment.Job instance at 0x148940877dc0>,8,24,[8 1],9,24,48,15,24
1,<environment.Job instance at 0x148940877500>,9,19,[ 1 10],10,48,67,38,43
1,<environment.Job instance at 0x1489305890a0>,17,19,[1 7],18,67,86,49,58
1,<environment.Job instance at 0x148930597cd0>,16,24,[5 1],17,67,91,50,63
1,<environment.Job instance at 0x148930ae95f0>,24,1,[8 2],25,108,109,83,108
1,<environment.Job instance at 0x14893beec640>,29,16,[5 2],30,175,191,145,175
1,<environment.Job instance at 0x14893bed93c0>,34,1,[5 1],35,199,200,164,199
1,<environment.Job instance at 0x14893c7ef8c0>,35,23,[2 6],36,202,225,166,202
1,<environment.Job instance at 0x14893c4d1c30>,33,19,[1 5],34,225,244,191,218
1,<environment.Job instance at 0x14894079bd70>,5,24,[2 7],6,6,30,0,6
1,<environment.Job instance at 0x148940885690>,6,19,[5 2],7,7,26,0,7
1,<environment.Job instance at 0x14894088c0a0>,7,18,[8 1],8,26,44,18,16
1,<environment.Job instance at 0x14894088c640>,12,14,[2 7],13,31,45,18,31
1,<environment.Job instance at 0x148940885870>,8,20,[9 1],9,48,68,39,48
1,<environment.Job instance at 0x1489408bb500>,20,3,[2 8],21,93,96,72,93
1,<environment.Job instance at 0x1489408bbe60>,24,2,[ 1 10],25,128,130,103,128
1,<environment.Job instance at 0x1489408bb8c0>,25,22,[9 1],26,132,154,106,132
1,<environment.Job instance at 0x1489408b07d0>,42,14,[6 1],43,287,301,244,287
1,<environment.Job instance at 0x1489408b0af0>,47,26,[6 2],48,341,367,293,341
1,<environment.Job instance at 0x14893814d0a0>,6,17,[9 1],7,17,34,10,17
1,<environment.Job instance at 0x14893814d370>,5,14,[1 8],6,18,32,12,18
1,<environment.Job instance at 0x14893814da50>,10,27,[10  2],11,37,64,26,37
1,<environment.Job instance at 0x14893a3ce5f0>,16,3,[ 1 10],17,84,87,67,84
1,<environment.Job instance at 0x14893a3ce910>,17,2,[2 6],18,122,124,104,122
1,<environment.Job instance at 0x14893063f550>,27,27,[7 1],28,191,218,163,191
1,<environment.Job instance at 0x14893063f230>,24,14,[7 1],25,218,232,193,214
1,<environment.Job instance at 0x14893063faf0>,31,2,[2 7],32,223,225,191,223
1,<environment.Job instance at 0x148938024500>,45,2,[1 8],46,393,395,347,393
1,<environment.Job instance at 0x1489408354b0>,1,3,[6 1],2,8,11,6,8
1,<environment.Job instance at 0x1489306901e0>,5,3,[5 1],6,55,58,49,55
1,<environment.Job instance at 0x14893810e0f0>,15,25,[1 8],16,55,80,39,55
1,<environment.Job instance at 0x14893810ef50>,12,23,[5 1],13,80,103,67,80
1,<environment.Job instance at 0x14893810e690>,23,14,[1 6],24,150,164,126,150
1,<environment.Job instance at 0x14893810ec30>,21,3,[1 5],22,164,167,142,157
1,<environment.Job instance at 0x14893810e320>,25,22,[ 2 10],26,167,189,141,163
1,<environment.Job instance at 0x14893c874370>,30,18,[9 2],31,189,207,158,179
1,<environment.Job instance at 0x148930c37f00>,47,17,[9 2],48,310,327,262,310
1,<environment.Job instance at 0x1489381535f0>,5,1,[9 1],6,10,11,4,10
1,<environment.Job instance at 0x14893c8746e0>,3,2,[1 9],4,13,15,9,13
1,<environment.Job instance at 0x148938153500>,10,23,[2 5],11,19,42,8,19
1,<environment.Job instance at 0x1489381536e0>,13,17,[9 1],14,52,69,38,52
1,<environment.Job instance at 0x148938153e10>,18,17,[2 8],19,105,122,86,105
1,<environment.Job instance at 0x148938161500>,25,12,[2 8],26,190,202,164,190
1,<environment.Job instance at 0x148938161780>,29,1,[2 9],30,207,208,177,207
1,<environment.Job instance at 0x148938161820>,30,16,[2 5],31,208,224,177,208
1,<environment.Job instance at 0x148938161b40>,35,3,[7 1],36,218,221,182,218
1,<environment.Job instance at 0x148938161c80>,37,1,[1 5],38,232,233,194,232
1,<environment.Job instance at 0x148938161d20>,38,15,[2 6],39,233,248,194,232
1,<environment.Job instance at 0x148938161e60>,40,22,[ 1 10],41,248,270,207,244
1,<environment.Job instance at 0x148938161f00>,41,1,[8 1],42,270,271,228,248
1,<environment.Job instance at 0x148938161fa0>,42,3,[1 5],43,270,273,227,254
1,<environment.Job instance at 0x148938183320>,47,21,[1 7],48,274,295,226,274
1,<environment.Job instance at 0x148930d09370>,1,3,[5 1],2,6,9,4,6
1,<environment.Job instance at 0x1489411407d0>,7,25,[1 9],8,14,39,6,14
1,<environment.Job instance at 0x148938161460>,5,23,[1 7],6,39,62,33,33
1,<environment.Job instance at 0x1489411402d0>,11,17,[1 5],12,62,79,50,51
1,<environment.Job instance at 0x148941140960>,15,1,[10  1],16,79,80,63,62
1,<environment.Job instance at 0x1489411e9370>,26,28,[10  2],27,138,166,111,138
1,<environment.Job instance at 0x14893c538410>,38,25,[ 1 10],39,279,304,240,279
1,<environment.Job instance at 0x14893050ffa0>,5,25,[2 6],6,12,37,6,12
1,<environment.Job instance at 0x14893050fb90>,8,24,[5 2],9,16,40,7,16
1,<environment.Job instance at 0x14893050ff00>,9,3,[5 1],10,37,40,27,19
1,<environment.Job instance at 0x148930df25f0>,18,15,[9 2],19,101,116,82,101
1,<environment.Job instance at 0x148930df2280>,21,17,[1 8],22,120,137,98,120
1,<environment.Job instance at 0x148930df2820>,25,16,[1 8],26,168,184,142,168
1,<environment.Job instance at 0x148930b41a00>,28,25,[2 6],29,187,212,158,187
1,<environment.Job instance at 0x148930df2d70>,29,18,[5 2],30,196,214,166,196
1,<environment.Job instance at 0x148930b41910>,41,2,[8 2],42,322,324,280,322
1,<environment.Job instance at 0x14893050fd70>,3,2,[9 1],4,6,8,2,6
1,<environment.Job instance at 0x148930518730>,4,22,[10  2],5,9,31,4,9
1,<environment.Job instance at 0x14893c4850f0>,7,24,[1 6],8,31,55,23,28
1,<environment.Job instance at 0x14893066eb40>,14,13,[6 1],15,55,68,40,55
1,<environment.Job instance at 0x148930887230>,19,3,[1 7],20,59,62,39,59
1,<environment.Job instance at 0x148930887500>,23,3,[2 6],24,81,84,57,81
1,<environment.Job instance at 0x148930887a50>,28,3,[5 2],29,120,123,91,120
1,<environment.Job instance at 0x1489308873c0>,30,27,[ 1 10],31,135,162,104,135
1,<environment.Job instance at 0x148930887f50>,36,16,[7 2],37,186,202,149,186
1,<environment.Job instance at 0x148930887f00>,37,18,[ 1 10],38,203,221,165,203
1,<environment.Job instance at 0x148930ea8550>,43,1,[6 2],44,297,298,253,297
1,<environment.Job instance at 0x148930ea85a0>,45,1,[9 1],46,298,299,252,297
1,<environment.Job instance at 0x148930ea8780>,47,2,[ 2 10],48,327,329,279,327
1,<environment.Job instance at 0x14c4f937a820>,7,1,[7 2],8,8,9,0,8
1,<environment.Job instance at 0x14c5026ea730>,1,2,[2 5],2,42,44,40,42
1,<environment.Job instance at 0x14c4f937c370>,20,3,[7 1],21,81,84,60,81
1,<environment.Job instance at 0x14c4f937c780>,26,20,[2 8],27,138,158,111,138
1,<environment.Job instance at 0x14c4f937c5a0>,28,20,[1 9],29,158,178,129,150
1,<environment.Job instance at 0x14c4f937c960>,30,2,[2 8],31,178,180,147,162
1,<environment.Job instance at 0x14c4f937c8c0>,29,20,[1 5],30,180,200,150,180
1,<environment.Job instance at 0x14c4f937ccd0>,31,23,[5 1],32,185,208,153,185
1,<environment.Job instance at 0x14c4f937cb40>,32,2,[2 9],33,202,204,169,202
1,<environment.Job instance at 0x14c4f937f050>,39,2,[5 2],40,211,213,171,211
1,<environment.Job instance at 0x14c4f937f190>,40,19,[1 7],41,214,233,173,214
1,<environment.Job instance at 0x14c4f937f500>,45,15,[2 5],46,274,289,228,274
1,<environment.Job instance at 0x14c4f937f820>,50,23,[2 6],51,300,323,249,300
1,<environment.Job instance at 0x14c4f937fb40>,54,22,[9 1],55,335,357,280,335
1,<environment.Job instance at 0x14c4f83b39b0>,2,3,[6 2],3,3,6,0,3
1,<environment.Job instance at 0x14c4fb90fbe0>,5,21,[10  1],6,10,31,4,10
1,<environment.Job instance at 0x14c4fba37d70>,15,15,[2 6],16,131,146,115,131
1,<environment.Job instance at 0x14c4fb2cbeb0>,16,14,[9 1],17,146,160,129,131
1,<environment.Job instance at 0x14c4fb20b780>,18,3,[ 2 10],19,160,163,141,158
1,<environment.Job instance at 0x14c4fba11820>,21,2,[9 2],22,163,165,141,159
1,<environment.Job instance at 0x14c4fba11cd0>,22,3,[2 8],23,165,168,142,164
1,<environment.Job instance at 0x14c4fba11230>,23,21,[7 2],24,169,190,145,169
1,<environment.Job instance at 0x14c4fba37aa0>,20,2,[1 5],21,177,179,156,177
1,<environment.Job instance at 0x14c4fba31fa0>,32,24,[2 9],33,284,308,251,284
1,<environment.Job instance at 0x14c4fba31dc0>,34,3,[6 2],35,324,327,289,324
1,<environment.Job instance at 0x14c4fb9dd4b0>,40,20,[10  2],41,335,355,294,335
1,<environment.Job instance at 0x14c4fb9dd550>,41,14,[6 1],42,356,370,314,356
1,<environment.Job instance at 0x14c4fb9dd8c0>,44,12,[10  1],45,370,382,325,360
1,<environment.Job instance at 0x14c4fb9dd820>,46,2,[7 1],47,382,384,335,380
1,<environment.Job instance at 0x14c4fba850f0>,50,2,[ 2 10],51,446,448,395,446
1,<environment.Job instance at 0x14c4fba85eb0>,52,3,[2 8],53,471,474,418,471
1,<environment.Job instance at 0x14c4fba372d0>,4,12,[10  2],5,8,20,3,8
1,<environment.Job instance at 0x14c4fba6d0f0>,5,17,[5 1],6,39,56,33,39
1,<environment.Job instance at 0x14c4d3e29e60>,19,3,[1 7],20,166,169,146,166
1,<environment.Job instance at 0x14c4d3e296e0>,17,27,[1 9],18,169,196,151,167
1,<environment.Job instance at 0x14c4d3e67730>,32,25,[5 2],33,272,297,239,272
1,<environment.Job instance at 0x14c4d3db42d0>,37,2,[2 5],38,317,319,279,317
1,<environment.Job instance at 0x14c4d3dac460>,40,20,[6 1],41,329,349,288,329
1,<environment.Job instance at 0x14c4d3db9410>,45,15,[8 1],46,355,370,309,355
1,<environment.Job instance at 0x14c4d3d45910>,0,14,[6 1],1,3,17,2,3
1,<environment.Job instance at 0x14c4f935fb90>,15,1,[1 7],16,109,110,93,109
1,<environment.Job instance at 0x14c4f97c33c0>,17,17,[6 2],18,144,161,126,144
1,<environment.Job instance at 0x14c4f97c3230>,18,19,[1 5],19,146,165,127,146
1,<environment.Job instance at 0x14c4f97c35a0>,20,17,[1 7],21,165,182,144,154
1,<environment.Job instance at 0x14c4f97c3b40>,23,23,[5 1],24,161,184,137,158
1,<environment.Job instance at 0x14c4f98993c0>,38,19,[1 6],39,301,320,262,301
1,<environment.Job instance at 0x14c4fbd261e0>,43,20,[1 6],44,341,361,297,341
1,<environment.Job instance at 0x14c4fbd26410>,47,3,[2 5],48,361,364,313,361
1,<environment.Job instance at 0x14c4f97e19b0>,48,25,[5 2],49,363,388,314,363
1,<environment.Job instance at 0x14c4f97e10f0>,49,18,[ 1 10],50,388,406,338,377
1,<environment.Job instance at 0x14c4f97e1d20>,51,2,[1 7],52,406,408,354,400
1,<environment.Job instance at 0x14c4fbce99b0>,57,20,[7 2],58,424,444,366,424
1,<environment.Job instance at 0x14c4fb2d72d0>,6,21,[1 7],7,10,31,3,10
1,<environment.Job instance at 0x14c4fb2d7cd0>,5,20,[9 1],6,20,40,14,20
1,<environment.Job instance at 0x14c4fb9dd0f0>,12,26,[ 1 10],13,40,66,27,37
1,<environment.Job instance at 0x14c4fb3976e0>,20,21,[6 2],21,79,100,58,79
1,<environment.Job instance at 0x14c4fb397b90>,21,17,[2 6],22,85,102,63,85
1,<environment.Job instance at 0x14c4fb397460>,23,2,[8 1],24,100,102,76,87
1,<environment.Job instance at 0x14c4fb3979b0>,19,12,[1 9],20,102,114,82,93
1,<environment.Job instance at 0x14c4fb397280>,29,22,[1 5],30,119,141,89,119
1,<environment.Job instance at 0x14c4fb2a8f00>,38,21,[2 6],39,182,203,143,182
1,<environment.Job instance at 0x14c4fb2a88c0>,39,19,[2 9],40,203,222,163,197
1,<environment.Job instance at 0x14c4fba86870>,50,3,[7 1],51,242,245,191,242
1,<environment.Job instance at 0x14c4fba88b40>,5,22,[2 5],6,7,29,1,7
1,<environment.Job instance at 0x14c5006de0a0>,7,24,[2 6],8,29,53,21,25
1,<environment.Job instance at 0x14c5006de550>,10,3,[7 2],11,31,34,20,31
1,<environment.Job instance at 0x14c5006dea50>,15,15,[2 8],16,53,68,37,51
1,<environment.Job instance at 0x14c4ffd493c0>,18,3,[1 8],19,68,71,49,65
1,<environment.Job instance at 0x14c4ffd49280>,20,20,[7 1],21,70,90,49,70
1,<environment.Job instance at 0x14c4ffd497d0>,21,15,[7 1],22,90,105,68,83
1,<environment.Job instance at 0x14c4ffd49a50>,22,16,[2 8],23,91,107,68,91
1,<environment.Job instance at 0x14c4ffd49b40>,28,23,[6 1],29,109,132,80,109
1,<environment.Job instance at 0x14c500744550>,31,3,[7 1],32,132,135,100,130
1,<environment.Job instance at 0x14c500744960>,36,3,[7 1],37,149,152,112,149
1,<environment.Job instance at 0x14c500744d20>,34,2,[2 6],35,163,165,128,163
1,<environment.Job instance at 0x14c5007440a0>,38,17,[2 8],39,176,193,137,176
1,<environment.Job instance at 0x14c50061a370>,43,3,[6 1],44,182,185,138,182
1,<environment.Job instance at 0x14c50061ad70>,44,20,[1 6],45,193,213,148,188
1,<environment.Job instance at 0x14c50061aa50>,41,14,[5 1],42,199,213,157,199
1,<environment.Job instance at 0x14c5005fcb40>,49,20,[ 2 10],50,224,244,174,224
1,<environment.Job instance at 0x14c5005fcb90>,52,18,[2 8],53,244,262,191,241
1,<environment.Job instance at 0x14c5005fc190>,58,22,[7 1],59,305,327,246,305
1,<environment.Job instance at 0x14c4f81c1be0>,3,3,[1 6],4,17,20,13,17
1,<environment.Job instance at 0x14c500744500>,6,21,[10  1],7,20,41,13,19
1,<environment.Job instance at 0x14c4fb2f3e60>,10,18,[2 6],11,41,59,30,31
1,<environment.Job instance at 0x14c4ffcc9a00>,12,17,[1 9],13,59,76,46,47
1,<environment.Job instance at 0x14c4ffcc9be0>,17,1,[6 1],18,109,110,91,109
1,<environment.Job instance at 0x14c4fb959f50>,42,14,[1 6],43,393,407,350,393
1,<environment.Job instance at 0x14c4ffca7960>,57,1,[8 1],58,542,543,484,542
1,<environment.Job instance at 0x14c4d3e40e60>,7,2,[ 2 10],8,11,13,3,11
1,<environment.Job instance at 0x14c5005f7910>,8,12,[1 7],9,13,25,4,11
1,<environment.Job instance at 0x14c5005f7b40>,12,28,[2 6],13,35,63,22,35
1,<environment.Job instance at 0x14c500665c80>,14,20,[8 1],15,39,59,24,39
1,<environment.Job instance at 0x14c50062a9b0>,29,14,[7 1],30,218,232,188,218
1,<environment.Job instance at 0x14c50062a8c0>,33,2,[8 2],34,269,271,235,269
1,<environment.Job instance at 0x14c4d3993a50>,34,3,[9 1],35,274,277,239,274
1,<environment.Job instance at 0x14c4ffd2db90>,37,2,[9 2],38,291,293,253,291
1,<environment.Job instance at 0x14c4fbd467d0>,48,1,[2 8],49,400,401,351,400
1,<environment.Job instance at 0x14c4d3fe02d0>,50,14,[ 2 10],51,414,428,363,414
1,<environment.Job instance at 0x14c4fb90f230>,2,13,[1 5],3,4,17,1,4
1,<environment.Job instance at 0x14c4fb471fa0>,8,22,[5 2],9,14,36,5,14
1,<environment.Job instance at 0x14c4fb471500>,12,28,[ 2 10],13,40,68,27,40
1,<environment.Job instance at 0x14c4fb471230>,14,1,[2 7],15,68,69,53,40
1,<environment.Job instance at 0x14c4fb471870>,15,2,[1 9],16,69,71,53,46
1,<environment.Job instance at 0x14c4fb4718c0>,16,16,[2 5],17,71,87,54,61
1,<environment.Job instance at 0x14c4f0105190>,20,12,[1 5],21,71,83,50,63
1,<environment.Job instance at 0x14c4f0105140>,21,3,[2 6],22,87,90,65,63
1,<environment.Job instance at 0x14c4f0105cd0>,30,21,[6 2],31,169,190,138,169
1,<environment.Job instance at 0x14c4f0105e60>,31,19,[2 5],32,178,197,146,178
1,<environment.Job instance at 0x14c4d3fc9b40>,36,16,[7 1],37,192,208,155,192
1,<environment.Job instance at 0x14c4d3fc95a0>,41,2,[2 5],42,249,251,207,249
1,<environment.Job instance at 0x14c4fb4812d0>,47,3,[9 1],48,290,293,242,290
1,<environment.Job instance at 0x14c4fb481d20>,48,24,[8 1],49,309,333,260,309
1,<environment.Job instance at 0x14c4fb481370>,50,14,[10  1],51,333,347,282,318
1,<environment.Job instance at 0x14c4fb481320>,51,1,[9 2],52,347,348,295,319
1,<environment.Job instance at 0x14c4fb481190>,52,3,[ 1 10],53,348,351,295,322
1,<environment.Job instance at 0x14c4fb4811e0>,58,28,[7 2],59,351,379,292,351
1,<environment.Job instance at 0x14c4f98c33c0>,5,15,[7 1],6,15,30,9,15
1,<environment.Job instance at 0x14c4f98c3e60>,11,2,[5 1],12,30,32,18,21
1,<environment.Job instance at 0x14c4fad5aaa0>,12,3,[8 1],13,46,49,33,46
1,<environment.Job instance at 0x14c4fad5a7d0>,15,3,[8 1],16,49,52,33,47
1,<environment.Job instance at 0x14c4fad5a460>,16,20,[6 1],17,52,72,35,50
1,<environment.Job instance at 0x14c4fad6be60>,26,25,[5 2],27,157,182,130,157
1,<environment.Job instance at 0x14c4fba15370>,28,1,[1 5],29,164,165,135,164
1,<environment.Job instance at 0x14c4fb2d71e0>,30,1,[9 2],31,182,183,151,182
1,<environment.Job instance at 0x14c4f02f7870>,32,1,[5 2],33,188,189,155,188
1,<environment.Job instance at 0x14c4fb1913c0>,35,21,[2 5],36,215,236,179,215
1,<environment.Job instance at 0x14c4d3cc4780>,39,13,[2 9],40,236,249,196,221
1,<environment.Job instance at 0x14c4f02fb640>,45,12,[2 6],46,249,261,203,247
1,<environment.Job instance at 0x14c4f031a050>,46,19,[7 1],47,247,266,200,247
1,<environment.Job instance at 0x14c4f031a460>,47,14,[1 5],48,261,275,213,249
1,<environment.Job instance at 0x14c4f035d910>,49,2,[2 6],50,275,277,225,267
1,<environment.Job instance at 0x14c4f035d320>,50,1,[1 7],51,277,278,226,274
1,<environment.Job instance at 0x14c4f0305d20>,57,15,[1 9],58,345,360,287,345
1,<environment.Job instance at 0x14c4f98c3190>,1,20,[2 7],2,4,24,2,4
1,<environment.Job instance at 0x14c4d3edb1e0>,9,19,[ 1 10],10,24,43,14,17
1,<environment.Job instance at 0x14c4d3edb730>,12,1,[5 1],13,43,44,30,37
1,<environment.Job instance at 0x14c4d3edbf50>,13,28,[ 2 10],14,70,98,56,70
1,<environment.Job instance at 0x14c4d3edbaa0>,17,19,[1 7],18,98,117,80,88
1,<environment.Job instance at 0x14c4d3edbe60>,18,3,[1 5],19,117,120,98,93
1,<environment.Job instance at 0x14c4fba88af0>,24,1,[8 2],25,136,137,111,136
1,<environment.Job instance at 0x14c4fba880f0>,28,14,[8 2],29,182,196,153,182
1,<environment.Job instance at 0x14c4fba88370>,29,16,[5 2],30,196,212,166,184
1,<environment.Job instance at 0x14c4fba88460>,35,23,[2 6],36,208,231,172,208
1,<environment.Job instance at 0x14c4fba88e60>,39,27,[5 2],40,222,249,182,222
1,<environment.Job instance at 0x14c4d3b21190>,43,24,[ 2 10],44,273,297,229,273
1,<environment.Job instance at 0x14c4d3a62460>,54,1,[2 5],55,363,364,308,363
1,<environment.Job instance at 0x14c4d3a62280>,56,19,[5 2],57,368,387,311,368
1,<environment.Job instance at 0x14c4d3a62320>,57,18,[8 1],58,387,405,329,376
1,<environment.Job instance at 0x14c4d3b21280>,2,14,[2 7],3,6,20,3,6
1,<environment.Job instance at 0x14c4f82077d0>,4,19,[8 2],5,11,30,6,11
1,<environment.Job instance at 0x14c4f014f910>,14,2,[ 1 10],15,43,45,28,43
1,<environment.Job instance at 0x14c4f0105d20>,15,22,[9 1],16,46,68,30,46
1,<environment.Job instance at 0x14c4f0105a00>,13,19,[10  2],14,73,92,59,73
1,<environment.Job instance at 0x14c4fb8de0a0>,32,14,[6 1],33,183,197,150,183
1,<environment.Job instance at 0x14c4fb8e13c0>,36,22,[9 2],37,247,269,210,247
1,<environment.Job instance at 0x14c4f8256690>,39,3,[1 5],40,253,256,213,253
1,<environment.Job instance at 0x14c4f82563c0>,40,2,[7 1],41,269,271,228,254
1,<environment.Job instance at 0x14c4f80bf460>,58,19,[ 2 10],59,444,463,385,444
1,<environment.Job instance at 0x14c4fba86c30>,8,16,[10  2],9,15,31,6,15
1,<environment.Job instance at 0x14c4fba86820>,7,27,[7 1],8,32,59,24,32
1,<environment.Job instance at 0x14c4fb3195f0>,20,24,[ 1 10],21,145,169,124,145
1,<environment.Job instance at 0x14c4fb333190>,24,12,[1 7],25,213,225,188,213
1,<environment.Job instance at 0x14c4fb3331e0>,25,2,[1 8],26,225,227,199,222
1,<environment.Job instance at 0x14c4f80da640>,35,3,[5 1],36,324,327,288,324
1,<environment.Job instance at 0x14c4f028ef50>,37,19,[9 1],38,328,347,290,328
1,<environment.Job instance at 0x14c4f80b0050>,40,15,[ 1 10],41,349,364,308,349
1,<environment.Job instance at 0x14c50069e550>,43,20,[1 6],44,391,411,347,391
1,<environment.Job instance at 0x14c4f013da00>,48,28,[6 1],49,445,473,396,445
1,<environment.Job instance at 0x14c4f013d690>,51,3,[1 5],52,481,484,429,481
1,<environment.Job instance at 0x14c4f013d6e0>,52,14,[9 2],53,481,495,428,481
1,<environment.Job instance at 0x14c4fb901640>,53,14,[1 6],54,484,498,430,482
1,<environment.Job instance at 0x14c4fb319eb0>,4,2,[10  2],5,6,8,1,6
1,<environment.Job instance at 0x14c4ffc64e60>,3,12,[2 8],4,8,20,4,8
1,<environment.Job instance at 0x14c4f0081d70>,14,18,[2 7],15,50,68,35,50
1,<environment.Job instance at 0x14c4f00810f0>,15,2,[8 1],16,51,53,35,51
1,<environment.Job instance at 0x14c4f0081230>,16,1,[2 9],17,68,69,51,53
1,<environment.Job instance at 0x14c4f0081af0>,17,17,[9 2],18,69,86,51,58
1,<environment.Job instance at 0x14c4f007f0a0>,25,1,[9 1],26,155,156,129,155
1,<environment.Job instance at 0x14c4f0086b90>,42,27,[5 1],43,290,317,247,290
1,<environment.Job instance at 0x14c4f00869b0>,38,17,[2 8],39,293,310,254,293
1,<environment.Job instance at 0x14c4f0077dc0>,45,12,[2 8],46,310,322,264,295
1,<environment.Job instance at 0x14c4f0077a50>,50,16,[2 5],51,336,352,285,336
1,<environment.Job instance at 0x14c4f00a0410>,57,1,[1 5],58,351,352,293,351
1,<environment.Job instance at 0x14c4f00a09b0>,58,15,[2 6],59,352,367,293,352
1,<environment.Job instance at 0x14c4d393d500>,7,21,[1 7],8,8,29,0,8
1,<environment.Job instance at 0x14c4f98b8b90>,4,15,[6 1],5,8,23,3,8
1,<environment.Job instance at 0x14c4fb48ae60>,19,12,[1 7],20,106,118,86,106
1,<environment.Job instance at 0x14c4fb48af50>,20,16,[1 6],21,118,134,97,116
1,<environment.Job instance at 0x14c4fb9275f0>,37,28,[ 1 10],38,251,279,213,251
1,<environment.Job instance at 0x14c4d3e34460>,53,3,[1 6],54,446,449,392,446
1,<environment.Job instance at 0x14c4fba7ef00>,9,3,[5 1],10,28,31,18,28
1,<environment.Job instance at 0x14c4fba7e2d0>,10,18,[6 2],11,31,49,20,29
1,<environment.Job instance at 0x14c4f9882370>,18,15,[9 2],19,96,111,77,96
1,<environment.Job instance at 0x14c502608a50>,24,12,[1 8],25,150,162,125,150
1,<environment.Job instance at 0x14c502608910>,25,16,[1 8],26,187,203,161,187
1,<environment.Job instance at 0x14c5026085a0>,29,18,[5 2],30,188,206,158,188
1,<environment.Job instance at 0x14c502608640>,28,25,[2 6],29,203,228,174,200
1,<environment.Job instance at 0x14c500690500>,35,14,[2 9],36,251,265,215,251
1,<environment.Job instance at 0x14c500690230>,45,1,[9 1],46,333,334,287,333
1,<environment.Job instance at 0x14c5006900a0>,48,1,[ 2 10],49,358,359,309,358
1,<environment.Job instance at 0x14c500690c30>,49,17,[6 1],50,364,381,314,364
1,<environment.Job instance at 0x14c4fb3e51e0>,53,2,[9 1],54,400,402,346,400
1,<environment.Job instance at 0x14c4fba7e0a0>,4,13,[6 1],5,5,18,0,5
1,<environment.Job instance at 0x14c4f0310820>,9,3,[1 7],10,10,13,0,10
1,<environment.Job instance at 0x14c4fba90cd0>,11,26,[8 1],12,18,44,6,17
1,<environment.Job instance at 0x14c4f0310870>,8,2,[1 5],9,24,26,15,24
1,<environment.Job instance at 0x14c4fba90d20>,13,3,[2 6],14,26,29,12,25
1,<environment.Job instance at 0x14c4d3e72500>,17,19,[7 1],18,51,70,33,51
1,<environment.Job instance at 0x14c4d3e72780>,21,27,[2 5],22,73,100,51,73
1,<environment.Job instance at 0x14c4d3e727d0>,23,28,[2 8],24,107,135,83,107
1,<environment.Job instance at 0x14c4d3e72b90>,26,16,[7 2],27,111,127,84,111
1,<environment.Job instance at 0x14c4d3e72870>,27,18,[ 1 10],28,137,155,109,137
1,<environment.Job instance at 0x14c4d3e72cd0>,30,20,[2 5],31,155,175,124,149
1,<environment.Job instance at 0x14c4d3e72c30>,29,28,[2 7],30,175,203,145,175
1,<environment.Job instance at 0x14c4f986d190>,35,1,[9 1],36,203,204,167,176
1,<environment.Job instance at 0x14c4d3e72d70>,33,1,[6 2],34,183,184,149,183
1,<environment.Job instance at 0x14c4f986d280>,37,2,[ 2 10],38,205,207,167,205
1,<environment.Job instance at 0x14c4f986d4b0>,40,3,[2 8],41,233,236,192,233
1,<environment.Job instance at 0x14c4f986d690>,44,18,[1 6],45,263,281,218,263
1,<environment.Job instance at 0x14c4f986d910>,45,17,[10  1],46,281,298,235,271
1,<environment.Job instance at 0x14c4f987c0a0>,58,3,[1 8],59,381,384,322,381
1,<environment.Job instance at 0x14c4f02ad5f0>,1,2,[5 1],2,4,6,2,4
1,<environment.Job instance at 0x14c4fba90f50>,3,1,[1 7],4,4,5,0,4
1,<environment.Job instance at 0x14c4f808e960>,5,21,[8 2],6,7,28,1,7
1,<environment.Job instance at 0x14c4ffd0f460>,6,2,[8 2],7,28,30,21,12
1,<environment.Job instance at 0x14c4ffd0f6e0>,11,13,[1 8],12,27,40,15,27
1,<environment.Job instance at 0x14c4ffd0f0a0>,14,3,[2 9],15,65,68,50,65
1,<environment.Job instance at 0x14c4ffd2f230>,22,2,[5 2],23,156,158,133,156
1,<environment.Job instance at 0x14c4ffd2f280>,30,18,[8 2],31,230,248,199,230
1,<environment.Job instance at 0x14c4ffd2f780>,33,18,[10  2],34,293,311,259,293
1,<environment.Job instance at 0x14c4d3c2fe10>,42,23,[7 2],43,344,367,301,344
1,<environment.Job instance at 0x14c4d3ccbfa0>,45,21,[ 2 10],46,367,388,321,367
1,<environment.Job instance at 0x14c4fba29a00>,49,12,[2 6],50,431,443,381,431
1,<environment.Job instance at 0x14c4f987fa00>,53,1,[10  1],54,453,454,399,453
1,<environment.Job instance at 0x14c4d3f92f50>,52,3,[1 6],53,471,474,418,471
1,<environment.Job instance at 0x14c4f987f690>,57,13,[2 8],58,474,487,416,472
1,<environment.Job instance at 0x14c4f80d1730>,5,19,[1 9],6,12,31,6,12
1,<environment.Job instance at 0x14c4ffd0f7d0>,2,2,[1 9],3,31,33,28,24
1,<environment.Job instance at 0x14c4f80d1370>,10,18,[ 2 10],11,33,51,22,30
1,<environment.Job instance at 0x14c5006337d0>,13,15,[2 9],14,51,66,37,48
1,<environment.Job instance at 0x14c5006333c0>,12,1,[5 1],13,54,55,41,54
1,<environment.Job instance at 0x14c500633be0>,17,12,[1 5],18,99,111,81,99
1,<environment.Job instance at 0x14c500633550>,20,22,[6 1],21,100,122,79,100
1,<environment.Job instance at 0x14c4fba93730>,35,19,[9 2],36,238,257,202,238
1,<environment.Job instance at 0x14c4fba930f0>,37,23,[ 2 10],38,259,282,221,259
1,<environment.Job instance at 0x14c4fba93a50>,40,2,[1 9],41,311,313,270,311
1,<environment.Job instance at 0x14c4fba936e0>,42,21,[8 1],43,324,345,281,324
1,<environment.Job instance at 0x14c501bf0320>,45,13,[2 5],46,338,351,292,338
1,<environment.Job instance at 0x14c501bf0aa0>,50,21,[10  2],51,377,398,326,377
1,<environment.Job instance at 0x14c501bf0cd0>,53,18,[7 1],54,398,416,344,394
1,<environment.Job instance at 0x14c501bf0af0>,54,15,[2 7],55,423,438,368,423
1,<environment.Job instance at 0x14c501bf0be0>,56,13,[1 5],57,438,451,381,426
1,<environment.Job instance at 0x14c4fba93cd0>,1,2,[ 1 10],2,2,4,0,2
1,<environment.Job instance at 0x14c4d3dc2230>,10,1,[2 9],11,24,25,13,24
1,<environment.Job instance at 0x14c4d3dcfe60>,5,24,[1 7],6,55,79,49,55
1,<environment.Job instance at 0x14c4d3dc2780>,18,3,[ 2 10],19,79,82,60,68
1,<environment.Job instance at 0x14c4d3dc2960>,20,2,[2 7],21,88,90,67,88
1,<environment.Job instance at 0x14c4d3dc28c0>,21,19,[5 2],22,112,131,90,112
1,<environment.Job instance at 0x14c4d3dc2e60>,27,1,[ 1 10],28,131,132,103,130
1,<environment.Job instance at 0x14c4d3dd2370>,36,20,[7 2],37,231,251,194,231
1,<environment.Job instance at 0x14c4d3dd24b0>,39,3,[2 7],40,263,266,223,263
1,<environment.Job instance at 0x14c4d3dd2870>,45,17,[10  2],46,322,339,276,322
1,<environment.Job instance at 0x14c4d3dd2c80>,53,3,[6 2],54,362,365,308,362
1,<environment.Job instance at 0x14c4d3dc33c0>,58,19,[ 2 10],59,393,412,334,393
1,<environment.Job instance at 0x1478a8b1bb90>,0,24,[ 1 10],1,2,26,1,2
1,<environment.Job instance at 0x1478a8b1bc30>,1,2,[2 5],2,26,28,24,4
1,<environment.Job instance at 0x14789f7a8a50>,7,1,[7 2],8,26,27,18,9
1,<environment.Job instance at 0x14789f7a8aa0>,9,2,[8 1],10,27,29,17,11
1,<environment.Job instance at 0x14789f7a89b0>,8,2,[2 5],9,28,30,19,12
1,<environment.Job instance at 0x14789f7a8b90>,11,14,[10  2],12,36,50,24,36
1,<environment.Job instance at 0x14789f7aa320>,20,3,[7 1],21,72,75,51,72
1,<environment.Job instance at 0x14789f7aaaa0>,30,2,[2 8],31,173,175,142,173
1,<environment.Job instance at 0x14789f7aabe0>,32,2,[2 9],33,178,180,145,178
1,<environment.Job instance at 0x14789f7aad20>,34,20,[5 1],35,184,204,149,184
1,<environment.Job instance at 0x14789f7ad3c0>,45,15,[2 5],46,280,295,234,280
1,<environment.Job instance at 0x14789f7ad6e0>,48,1,[6 2],49,310,311,261,310
1,<environment.Job instance at 0x14789f7adc80>,57,1,[5 1],58,357,358,299,357
1,<environment.Job instance at 0x14789f7b0140>,62,3,[6 2],63,401,404,338,401
1,<environment.Job instance at 0x14789f7b03c0>,6,14,[9 1],7,19,33,12,19
1,<environment.Job instance at 0x1478a1891690>,11,2,[9 2],12,33,35,21,33
1,<environment.Job instance at 0x1478a18202d0>,12,3,[2 8],13,40,43,27,40
1,<environment.Job instance at 0x1478a1820690>,13,21,[7 2],14,48,69,34,48
1,<environment.Job instance at 0x1478a166e500>,22,24,[2 9],23,144,168,121,144
1,<environment.Job instance at 0x1478a162ccd0>,29,27,[1 8],30,202,229,172,202
1,<environment.Job instance at 0x1478a1634e60>,31,14,[6 1],32,225,239,193,225
1,<environment.Job instance at 0x1478a1634910>,36,2,[7 1],37,262,264,225,262
1,<environment.Job instance at 0x1478a1634f50>,38,18,[6 2],39,289,307,250,289
1,<environment.Job instance at 0x1478a168c320>,40,2,[ 2 10],41,307,309,266,293
1,<environment.Job instance at 0x14786e35a0f0>,8,2,[8 2],9,53,55,44,53
1,<environment.Job instance at 0x14786e283190>,11,19,[2 5],12,75,94,63,75
1,<environment.Job instance at 0x14786e283e10>,13,28,[7 2],14,82,110,68,82
1,<environment.Job instance at 0x14786e3550f0>,15,1,[6 1],16,110,111,94,91
1,<environment.Job instance at 0x14786e2835a0>,17,2,[2 5],18,109,111,91,109
1,<environment.Job instance at 0x14786e2e0dc0>,36,23,[9 2],37,283,306,246,283
1,<environment.Job instance at 0x14786e2cd0f0>,40,14,[6 1],41,306,320,265,304
1,<environment.Job instance at 0x14786e2293c0>,43,2,[7 1],44,334,336,290,334
1,<environment.Job instance at 0x14786e2d36e0>,49,14,[1 6],50,396,410,346,396
1,<environment.Job instance at 0x14786e22ce60>,60,17,[1 7],61,545,562,484,545
1,<environment.Job instance at 0x1478a1819b90>,5,20,[1 5],6,6,26,0,6
1,<environment.Job instance at 0x1478a1819f50>,7,2,[10  2],8,26,28,18,10
1,<environment.Job instance at 0x1478a18195f0>,10,28,[7 1],11,28,56,17,28
1,<environment.Job instance at 0x1478a1819410>,14,14,[10  1],15,56,70,41,53
1,<environment.Job instance at 0x1478a18195a0>,15,19,[5 1],16,70,89,54,70
1,<environment.Job instance at 0x1478a1819820>,19,18,[ 1 10],20,89,107,69,79
1,<environment.Job instance at 0x1478a1706500>,21,2,[1 7],22,107,109,85,102
1,<environment.Job instance at 0x1478a1819960>,17,3,[2 5],18,130,133,112,130
1,<environment.Job instance at 0x1478a1706230>,30,24,[1 5],31,170,194,139,170
1,<environment.Job instance at 0x1478a1706c80>,27,20,[7 2],28,171,191,143,171
1,<environment.Job instance at 0x1478a1706730>,31,3,[1 7],32,194,197,162,171
1,<environment.Job instance at 0x1478a1706820>,35,20,[9 1],36,191,211,155,183
1,<environment.Job instance at 0x14786e703870>,42,26,[ 1 10],43,241,267,198,241
1,<environment.Job instance at 0x14786e703f00>,49,12,[1 9],50,298,310,248,298
1,<environment.Job instance at 0x14786e684960>,50,21,[6 2],51,316,337,265,316
1,<environment.Job instance at 0x14786e6840a0>,53,2,[8 1],54,337,339,283,324
1,<environment.Job instance at 0x14786e69b820>,60,2,[1 9],61,358,360,297,358
1,<environment.Job instance at 0x14786e69ba50>,59,22,[1 5],60,360,382,300,358
1,<environment.Job instance at 0x14786e69b7d0>,62,17,[2 5],63,360,377,297,358
1,<environment.Job instance at 0x1478a1d9b6e0>,4,12,[7 1],5,6,18,1,6
1,<environment.Job instance at 0x1478a1d9b460>,3,22,[6 2],4,18,40,14,15
1,<environment.Job instance at 0x1478a1d9b690>,5,1,[2 7],6,25,26,19,25
1,<environment.Job instance at 0x14789fc3e140>,9,1,[2 8],10,26,27,16,26
1,<environment.Job instance at 0x14789fc3e1e0>,7,3,[6 1],8,40,43,32,26
1,<environment.Job instance at 0x14789fc3ebe0>,10,3,[7 1],11,43,46,32,27
1,<environment.Job instance at 0x1478a80a0870>,15,20,[2 9],16,72,92,56,72
1,<environment.Job instance at 0x1478a80a0410>,22,12,[8 1],23,114,126,91,114
1,<environment.Job instance at 0x1478a80a0910>,25,22,[2 5],26,125,147,99,125
1,<environment.Job instance at 0x1478a4a50e10>,30,3,[7 2],31,178,181,147,178
1,<environment.Job instance at 0x1478a4a50fa0>,32,23,[8 2],33,187,210,154,187
1,<environment.Job instance at 0x1478a4a50b40>,35,15,[2 8],36,206,221,170,206
1,<environment.Job instance at 0x1478a4a50280>,39,14,[1 9],40,248,262,208,248
1,<environment.Job instance at 0x1478a60cc410>,43,3,[9 2],44,262,265,218,254
1,<environment.Job instance at 0x1478a8452960>,51,3,[7 1],52,329,332,277,329
1,<environment.Job instance at 0x1478a8452cd0>,54,2,[2 6],55,356,358,301,356
1,<environment.Job instance at 0x14789fc82fa0>,56,3,[7 1],57,360,363,303,360
1,<environment.Job instance at 0x14789fc82780>,58,17,[2 8],59,360,377,301,360
1,<environment.Job instance at 0x14789fc82370>,61,14,[5 1],62,383,397,321,383
1,<environment.Job instance at 0x14789fc82f50>,63,3,[6 1],64,397,400,333,392
1,<environment.Job instance at 0x14789fc82050>,64,20,[1 6],65,409,429,344,409
1,<environment.Job instance at 0x14789fc82320>,68,22,[2 8],69,438,460,369,438
1,<environment.Job instance at 0x1478a61aae60>,3,12,[2 5],4,4,16,0,4
1,<environment.Job instance at 0x1478a61aa0f0>,6,20,[1 7],7,16,36,9,14
1,<environment.Job instance at 0x1478a61aa9b0>,8,22,[7 1],9,15,37,6,15
1,<environment.Job instance at 0x1478a6b74aa0>,17,17,[1 7],18,69,86,51,69
1,<environment.Job instance at 0x1478a6b74690>,16,21,[10  1],17,97,118,80,97
1,<environment.Job instance at 0x1478a6b74050>,20,18,[2 6],21,124,142,103,124
1,<environment.Job instance at 0x1478a6b74b90>,22,17,[1 9],23,142,159,119,134
1,<environment.Job instance at 0x1478a6174c80>,27,1,[6 1],28,142,143,114,142
1,<environment.Job instance at 0x1478a2bbbfa0>,41,25,[1 8],42,259,284,217,259
1,<environment.Job instance at 0x1478a15d52d0>,47,24,[1 6],48,310,334,262,310
1,<environment.Job instance at 0x1478a212ecd0>,53,25,[9 2],54,365,390,311,365
1,<environment.Job instance at 0x1478a212ed20>,59,23,[9 1],60,454,477,394,454
1,<environment.Job instance at 0x1478a1d1b9b0>,64,24,[2 8],65,481,505,416,481
1,<environment.Job instance at 0x14786e563320>,6,22,[1 7],7,8,30,1,8
1,<environment.Job instance at 0x14786e4076e0>,4,27,[6 1],5,14,41,9,14
1,<environment.Job instance at 0x14786e563b90>,7,2,[ 2 10],8,41,43,33,14
1,<environment.Job instance at 0x1478a1d1b0f0>,8,12,[1 7],9,43,55,34,39
1,<environment.Job instance at 0x14786e563aa0>,14,20,[8 1],15,45,65,30,45
1,<environment.Job instance at 0x1478a8002b90>,1,14,[2 7],2,55,69,53,45
1,<environment.Job instance at 0x14786e563c80>,15,18,[2 8],16,69,87,53,62
1,<environment.Job instance at 0x14786e8eb9b0>,26,24,[6 2],27,215,239,188,215
1,<environment.Job instance at 0x14786e8ebb90>,29,14,[7 1],30,239,253,209,226
1,<environment.Job instance at 0x14786e8ebeb0>,34,3,[9 1],35,261,264,226,261
1,<environment.Job instance at 0x1478a1d4f320>,38,28,[5 1],39,269,297,230,269
1,<environment.Job instance at 0x1478a1d4f640>,43,2,[7 1],44,304,306,260,304
1,<environment.Job instance at 0x1478a1d4f7d0>,45,3,[8 1],46,319,322,273,319
1,<environment.Job instance at 0x1478a1d4fc30>,48,1,[2 8],49,320,321,271,320
1,<environment.Job instance at 0x1478a1d4ff50>,53,21,[5 1],54,344,365,290,344
1,<environment.Job instance at 0x1478a1d5f050>,62,13,[1 5],63,469,482,406,469
1,<environment.Job instance at 0x1478a20ec0a0>,1,19,[2 7],2,2,21,0,2
1,<environment.Job instance at 0x1478a11a1050>,4,1,[2 7],5,21,22,16,6
1,<environment.Job instance at 0x1478a11a1820>,5,2,[1 9],6,22,24,16,7
1,<environment.Job instance at 0x1478a2bcfdc0>,11,3,[2 6],12,24,27,12,13
1,<environment.Job instance at 0x1478a2bcf870>,10,12,[1 5],11,27,39,16,14
1,<environment.Job instance at 0x1478a2bcfeb0>,16,25,[2 8],17,41,66,24,41
1,<environment.Job instance at 0x1478a80a0c80>,17,1,[1 5],18,66,67,48,41
1,<environment.Job instance at 0x14789fce9be0>,18,28,[5 2],19,42,70,23,42
1,<environment.Job instance at 0x1478a80afc30>,24,12,[1 6],25,91,103,66,91
1,<environment.Job instance at 0x1478a1e20230>,32,3,[8 2],33,178,181,145,178
1,<environment.Job instance at 0x1478a61653c0>,40,14,[10  1],41,271,285,230,271
1,<environment.Job instance at 0x1478a20ddf50>,45,3,[1 9],46,295,298,249,295
1,<environment.Job instance at 0x1478a1737780>,52,1,[8 1],53,376,377,323,376
1,<environment.Job instance at 0x1478a17376e0>,53,14,[ 2 10],54,377,391,323,377
1,<environment.Job instance at 0x1478a1737e10>,55,15,[7 1],56,435,450,379,435
1,<environment.Job instance at 0x1478a1737b40>,61,2,[5 1],62,450,452,388,445
1,<environment.Job instance at 0x1478a1737d20>,62,3,[8 1],63,453,456,390,453
1,<environment.Job instance at 0x1478a1737410>,65,3,[8 1],66,473,476,407,473
1,<environment.Job instance at 0x1478a11a8e10>,1,3,[2 6],2,2,5,0,2
1,<environment.Job instance at 0x14786e8b48c0>,2,3,[10  2],3,5,8,2,3
1,<environment.Job instance at 0x1478a16d4cd0>,6,25,[5 2],7,20,45,13,20
1,<environment.Job instance at 0x1478a16d4460>,8,1,[1 5],9,33,34,24,33
1,<environment.Job instance at 0x1478a16d4b40>,11,22,[7 1],12,50,72,38,50
1,<environment.Job instance at 0x1478a8ab8dc0>,15,21,[2 5],16,72,93,56,72
1,<environment.Job instance at 0x1478a11750f0>,25,12,[2 6],26,154,166,128,154
1,<environment.Job instance at 0x1478a1175d20>,29,2,[2 6],30,169,171,139,169
1,<environment.Job instance at 0x1478a6153500>,41,20,[2 7],42,268,288,226,268
1,<environment.Job instance at 0x1478a6153b40>,43,28,[2 7],44,295,323,251,295
1,<environment.Job instance at 0x1478a6153cd0>,45,1,[1 7],46,323,324,277,296
1,<environment.Job instance at 0x1478a61535a0>,49,19,[ 1 10],50,330,349,280,330
1,<environment.Job instance at 0x1478a6153280>,52,1,[5 1],53,349,350,296,348
1,<environment.Job instance at 0x1478a6153eb0>,53,28,[ 2 10],54,358,386,304,358
1,<environment.Job instance at 0x14786e5feaf0>,56,24,[5 1],57,397,421,340,397
1,<environment.Job instance at 0x14786e5fea00>,64,1,[8 2],65,487,488,422,487
1,<environment.Job instance at 0x14786e5feaa0>,68,14,[8 2],69,534,548,465,534
1,<environment.Job instance at 0x1478a805f0a0>,3,19,[1 5],4,5,24,1,5
1,<environment.Job instance at 0x14786e99f190>,4,1,[5 1],5,10,11,5,10
1,<environment.Job instance at 0x14786e6809b0>,13,24,[ 2 10],14,60,84,46,60
1,<environment.Job instance at 0x1478a15d5d70>,18,2,[2 5],19,95,97,76,95
1,<environment.Job instance at 0x1478a163be10>,19,13,[8 2],20,102,115,82,102
1,<environment.Job instance at 0x1478a1d2f1e0>,22,21,[10  1],23,124,145,101,124
1,<environment.Job instance at 0x1478a1d2f550>,24,1,[2 5],25,145,146,120,130
1,<environment.Job instance at 0x1478a1d2f370>,25,24,[2 7],26,146,170,120,145
1,<environment.Job instance at 0x1478a80a7190>,27,18,[8 1],28,156,174,128,156
1,<environment.Job instance at 0x1478a1d070f0>,38,3,[ 2 10],39,248,251,209,248
1,<environment.Job instance at 0x1478a60d4af0>,40,3,[2 8],41,265,268,224,265
1,<environment.Job instance at 0x14786debd1e0>,60,26,[8 1],61,468,494,407,468
1,<environment.Job instance at 0x14786debd7d0>,63,2,[2 9],64,492,494,428,492
1,<environment.Job instance at 0x14786debdb40>,66,22,[9 2],67,501,523,434,501
1,<environment.Job instance at 0x14786e517320>,5,14,[1 8],6,27,41,21,27
1,<environment.Job instance at 0x14786e426910>,8,24,[7 2],9,46,70,37,46
1,<environment.Job instance at 0x14786e426cd0>,14,22,[10  1],15,79,101,64,79
1,<environment.Job instance at 0x14786e426280>,17,2,[2 6],18,125,127,107,125
1,<environment.Job instance at 0x14786e426500>,18,19,[ 2 10],19,142,161,123,142
1,<environment.Job instance at 0x14786e426c30>,21,1,[5 2],22,161,162,139,143
1,<environment.Job instance at 0x14786e426f00>,23,22,[8 2],24,162,184,138,159
1,<environment.Job instance at 0x1478a79bef50>,28,16,[10  2],29,190,206,161,190
1,<environment.Job instance at 0x1478a79be410>,29,23,[8 2],30,206,229,176,203
1,<environment.Job instance at 0x1478a79be8c0>,32,23,[2 6],33,206,229,173,204
1,<environment.Job instance at 0x1478a79beb40>,31,2,[2 7],32,229,231,197,210
1,<environment.Job instance at 0x14786e62d3c0>,44,12,[1 7],45,393,405,348,393
1,<environment.Job instance at 0x14786e62d4b0>,45,2,[1 8],46,405,407,359,393
1,<environment.Job instance at 0x14786e296c80>,55,3,[5 1],56,480,483,424,480
1,<environment.Job instance at 0x14786e296b40>,57,19,[9 1],58,502,521,444,502
1,<environment.Job instance at 0x14786e296f50>,58,15,[6 2],59,521,536,462,510
1,<environment.Job instance at 0x14786e296f00>,60,15,[ 1 10],61,536,551,475,528
1,<environment.Job instance at 0x14786e76abe0>,5,22,[ 2 10],6,11,33,5,11
1,<environment.Job instance at 0x14786e76af00>,10,18,[9 2],11,33,51,22,24
1,<environment.Job instance at 0x14786e76a280>,8,3,[5 2],9,51,54,42,25
1,<environment.Job instance at 0x14786e76a870>,6,19,[2 8],7,51,70,44,44
1,<environment.Job instance at 0x14786e76a0a0>,13,12,[2 8],14,70,82,56,59
1,<environment.Job instance at 0x14786e8118c0>,22,26,[7 2],23,93,119,70,93
1,<environment.Job instance at 0x1478a1819a00>,24,18,[2 7],25,102,120,77,102
1,<environment.Job instance at 0x14786e274320>,26,1,[2 9],27,120,121,93,108
1,<environment.Job instance at 0x1478a11a85a0>,33,2,[1 9],34,167,169,133,167
1,<environment.Job instance at 0x1478a6b796e0>,35,1,[9 1],36,175,176,139,175
1,<environment.Job instance at 0x1478a6b79be0>,38,13,[1 7],39,188,201,149,188
1,<environment.Job instance at 0x14786e209550>,40,23,[2 5],41,229,252,188,229
1,<environment.Job instance at 0x14786e8f77d0>,42,20,[7 2],43,231,251,188,231
1,<environment.Job instance at 0x14786e8f7cd0>,43,17,[9 1],44,252,269,208,243
1,<environment.Job instance at 0x14786dead410>,48,17,[2 8],49,269,286,220,267
1,<environment.Job instance at 0x1478a20f06e0>,50,24,[5 2],51,271,295,220,271
1,<environment.Job instance at 0x1478a20f0b90>,55,12,[2 8],56,311,323,255,311
1,<environment.Job instance at 0x1478a20f0960>,59,1,[2 9],60,370,371,310,370
1,<environment.Job instance at 0x14786dd793c0>,60,16,[2 5],61,376,392,315,376
1,<environment.Job instance at 0x14786ea24410>,66,25,[2 5],67,390,415,323,390
1,<environment.Job instance at 0x1478a20f0410>,3,2,[1 7],4,4,6,0,4
1,<environment.Job instance at 0x1478a20f0730>,1,1,[8 1],2,4,5,2,4
1,<environment.Job instance at 0x14786e3ccdc0>,4,15,[6 1],5,6,21,1,6
1,<environment.Job instance at 0x1478a6ac9870>,7,21,[1 7],8,9,30,1,9
1,<environment.Job instance at 0x14786e3d1410>,11,3,[5 1],12,21,24,9,19
1,<environment.Job instance at 0x14786e3d1500>,15,23,[1 7],16,39,62,23,39
1,<environment.Job instance at 0x14786e3d1820>,19,12,[1 7],20,75,87,55,75
1,<environment.Job instance at 0x14786e3d1910>,20,16,[1 6],21,87,103,66,82
1,<environment.Job instance at 0x14786e3d19b0>,21,17,[1 5],22,103,120,81,96
1,<environment.Job instance at 0x14786e3c9d70>,49,2,[1 9],50,315,317,265,315
1,<environment.Job instance at 0x14786e3c4690>,62,18,[1 8],63,453,471,390,453
1,<environment.Job instance at 0x14786e3c4780>,5,2,[7 2],6,11,13,5,11
1,<environment.Job instance at 0x1478a804caf0>,9,22,[2 5],10,42,64,32,42
1,<environment.Job instance at 0x1478a804cb90>,11,17,[1 8],12,64,81,52,57
1,<environment.Job instance at 0x1478a804c4b0>,14,12,[1 8],15,93,105,78,93
1,<environment.Job instance at 0x1478a804c6e0>,15,16,[1 8],16,105,121,89,94
1,<environment.Job instance at 0x14786eb92640>,21,22,[ 2 10],22,149,171,127,149
1,<environment.Job instance at 0x1478a804c870>,22,13,[10  1],23,226,239,203,226
1,<environment.Job instance at 0x14786eb92410>,33,28,[5 2],34,246,274,212,246
1,<environment.Job instance at 0x14786eb92e60>,38,1,[ 2 10],39,274,275,235,274
1,<environment.Job instance at 0x14786eb92eb0>,42,22,[5 1],43,279,301,236,279
1,<environment.Job instance at 0x14786eb92780>,43,2,[9 1],44,301,303,257,288
1,<environment.Job instance at 0x1478a1740690>,49,24,[1 8],50,320,344,270,320
1,<environment.Job instance at 0x1478a17408c0>,51,22,[7 2],52,350,372,298,350
1,<environment.Job instance at 0x1478a1740e10>,54,13,[6 1],55,372,385,317,362
1,<environment.Job instance at 0x14786de89cd0>,58,2,[1 5],59,364,366,305,364
1,<environment.Job instance at 0x14786df91550>,59,3,[1 7],60,383,386,323,383
1,<environment.Job instance at 0x14786de9f280>,63,3,[2 6],64,389,392,325,389
1,<environment.Job instance at 0x14786de9f780>,68,3,[5 2],69,443,446,374,443
1,<environment.Job instance at 0x1478a1740c80>,1,27,[2 5],2,16,43,14,16
1,<environment.Job instance at 0x14786e7a45f0>,6,16,[7 2],7,31,47,24,31
1,<environment.Job instance at 0x14786e407460>,10,20,[2 5],11,46,66,35,46
1,<environment.Job instance at 0x14786e407500>,13,1,[6 2],14,47,48,33,47
1,<environment.Job instance at 0x14786e7a4870>,3,28,[2 8],4,94,122,90,94
1,<environment.Job instance at 0x14786e407320>,20,3,[2 8],21,122,125,101,99
1,<environment.Job instance at 0x14786e407230>,22,19,[7 1],23,102,121,79,102
1,<environment.Job instance at 0x1478a806e9b0>,28,23,[7 2],29,129,152,100,129
1,<environment.Job instance at 0x14786e4ea5a0>,39,12,[1 8],40,227,239,187,227
1,<environment.Job instance at 0x1478a801dc80>,51,13,[1 8],52,293,306,241,293
1,<environment.Job instance at 0x1478a6181c80>,54,3,[2 9],55,334,337,279,334
1,<environment.Job instance at 0x1478a6181a50>,58,23,[1 9],59,395,418,336,395
1,<environment.Job instance at 0x1478a6181230>,59,2,[ 2 10],60,418,420,358,398
1,<environment.Job instance at 0x1478a6181320>,62,2,[5 2],63,420,422,357,406
1,<environment.Job instance at 0x14786e0a6e10>,3,18,[10  2],4,4,22,0,4
1,<environment.Job instance at 0x14786e2d3aa0>,26,19,[1 5],27,171,190,144,171
1,<environment.Job instance at 0x14786e2d34b0>,30,21,[2 5],31,223,244,192,223
1,<environment.Job instance at 0x14786e2d3550>,32,2,[1 9],33,244,246,211,241
1,<environment.Job instance at 0x14786e2d3fa0>,35,19,[1 9],36,256,275,220,256
1,<environment.Job instance at 0x14786e2d3280>,37,20,[7 1],38,267,287,229,267
1,<environment.Job instance at 0x1478a80d6c80>,39,18,[1 9],40,283,301,243,283
1,<environment.Job instance at 0x1478a80d6910>,42,1,[5 1],43,312,313,269,312
1,<environment.Job instance at 0x1478a80d6eb0>,43,15,[2 9],44,315,330,271,315
1,<environment.Job instance at 0x1478a80d63c0>,48,1,[2 9],49,394,395,345,394
1,<environment.Job instance at 0x1478a80d6f00>,50,22,[6 1],51,416,438,365,416
1,<environment.Job instance at 0x14789fcdb0f0>,60,13,[2 6],61,484,497,423,484
1,<environment.Job instance at 0x14789fcdbaa0>,61,23,[5 1],62,486,509,424,486
1,<environment.Job instance at 0x14786e846af0>,4,26,[2 9],5,6,32,1,6
1,<environment.Job instance at 0x1478a18e3d20>,7,20,[2 7],8,32,52,24,29
1,<environment.Job instance at 0x1478a18e3a50>,5,13,[2 5],6,52,65,46,36
1,<environment.Job instance at 0x14789fc5c780>,13,18,[7 1],14,76,94,62,76
1,<environment.Job instance at 0x14789fc5c8c0>,14,15,[2 7],15,77,92,62,77
1,<environment.Job instance at 0x1478a18e3cd0>,12,19,[2 9],13,92,111,79,83
1,<environment.Job instance at 0x14786dd786e0>,35,18,[2 7],36,203,221,167,203
1,<environment.Job instance at 0x14786dd78910>,36,3,[1 8],37,221,224,184,212
1,<environment.Job instance at 0x14786dd78a50>,38,3,[ 2 10],39,224,227,185,216
1,<environment.Job instance at 0x14786dd78c80>,43,2,[1 8],44,262,264,218,262
1,<environment.Job instance at 0x14786dd78d70>,46,13,[1 7],47,300,313,253,300
1,<environment.Job instance at 0x14786dd78f00>,47,1,[ 1 10],48,313,314,265,303
1,<environment.Job instance at 0x14786ddab6e0>,58,19,[10  1],59,422,441,363,422
1,<environment.Job instance at 0x14786ddab780>,59,3,[2 7],60,441,444,381,423
1,<environment.Job instance at 0x14786ddabbe0>,66,23,[6 1],67,552,575,485,552
1,<environment.Job instance at 0x14786ddabc80>,67,3,[1 5],68,558,561,490,558
1,<environment.Job instance at 0x14786ddabd20>,68,1,[9 2],69,575,576,506,559
1,<environment.Job instance at 0x14786eaffd20>,3,3,[6 2],4,7,10,3,7
1,<environment.Job instance at 0x14786dfe9e60>,2,17,[2 7],3,8,25,5,8
1,<environment.Job instance at 0x14786e0ba500>,8,19,[ 2 10],9,33,52,24,33
1,<environment.Job instance at 0x14786e0bae60>,14,15,[1 8],15,78,93,63,78
1,<environment.Job instance at 0x1478a1d17eb0>,17,22,[6 2],18,87,109,69,87
1,<environment.Job instance at 0x1478a0143e10>,20,14,[9 2],21,114,128,93,114
1,<environment.Job instance at 0x1478a01436e0>,21,16,[2 6],22,128,144,106,119
1,<environment.Job instance at 0x1478a0143190>,24,23,[5 2],25,133,156,108,133
1,<environment.Job instance at 0x1478a0143370>,28,1,[2 8],29,154,155,125,154
1,<environment.Job instance at 0x1478a6ac9cd0>,29,18,[1 5],30,158,176,128,158
1,<environment.Job instance at 0x1478a2bae140>,31,2,[6 2],32,166,168,134,166
1,<environment.Job instance at 0x14786e29a0f0>,35,21,[10  2],36,181,202,145,181
1,<environment.Job instance at 0x1478a1755320>,44,14,[8 2],45,307,321,262,307
1,<environment.Job instance at 0x1478a60b1820>,50,3,[2 6],51,358,361,307,358
1,<environment.Job instance at 0x14786e140be0>,54,13,[10  1],55,392,405,337,392
1,<environment.Job instance at 0x14786e140b40>,55,19,[1 5],56,405,424,349,395
1,<environment.Job instance at 0x14786e140460>,59,15,[2 9],60,426,441,366,426
1,<environment.Job instance at 0x14786e64f870>,66,1,[2 6],67,544,545,477,544
1,<environment.Job instance at 0x14786e140dc0>,67,1,[2 7],68,545,546,477,544
1,<environment.Job instance at 0x14786e9cc7d0>,4,1,[ 2 10],5,6,7,1,6
1,<environment.Job instance at 0x14786e9cc870>,14,13,[8 2],15,86,99,71,86
1,<environment.Job instance at 0x14786e9cce10>,12,20,[1 9],13,99,119,86,91
1,<environment.Job instance at 0x14786e9ccf50>,16,28,[9 1],17,99,127,82,98
1,<environment.Job instance at 0x1478a60fe0a0>,30,16,[10  1],31,225,241,194,225
1,<environment.Job instance at 0x1478a60fecd0>,41,21,[2 6],42,349,370,307,349
1,<environment.Job instance at 0x1478a6a40f50>,49,23,[9 2],50,410,433,360,410
1,<environment.Job instance at 0x1478a1603e10>,62,20,[2 9],63,544,564,481,544
1,<environment.Job instance at 0x1478a1603280>,65,16,[7 2],66,564,580,498,556
1,<environment.Job instance at 0x1478a1603960>,67,1,[ 1 10],68,580,581,512,573
1,<environment.Job instance at 0x1478a1603410>,68,24,[7 1],69,584,608,515,584
1,<environment.Job instance at 0x14786dfd4320>,15,3,[5 1],16,144,147,128,144
1,<environment.Job instance at 0x14786ea6edc0>,25,26,[2 8],26,272,298,246,272
1,<environment.Job instance at 0x14786e94e0f0>,34,13,[1 9],35,364,377,329,364
1,<environment.Job instance at 0x1478a6a7e6e0>,37,26,[2 6],38,377,403,339,375
1,<environment.Job instance at 0x1478a608c960>,55,27,[5 1],56,516,543,460,516
1,<environment.Job instance at 0x14786e321af0>,67,14,[ 1 10],68,653,667,585,653
1,<environment.Job instance at 0x153e066efa00>,7,1,[7 2],8,15,16,7,15
1,<environment.Job instance at 0x153e066efaf0>,11,14,[10  2],12,21,35,9,21
1,<environment.Job instance at 0x153e066f26e0>,26,20,[2 8],27,145,165,118,145
1,<environment.Job instance at 0x153e066f28c0>,28,20,[1 9],29,166,186,137,166
1,<environment.Job instance at 0x153e066f2960>,30,2,[2 8],31,186,188,155,181
1,<environment.Job instance at 0x153e066f2aa0>,32,2,[2 9],33,188,190,155,183
1,<environment.Job instance at 0x153e066f2d20>,36,27,[10  2],37,209,236,172,209
1,<environment.Job instance at 0x153e066f2fa0>,39,2,[5 2],40,236,238,196,221
1,<environment.Job instance at 0x153e066f0140>,40,19,[1 7],41,236,255,195,231
1,<environment.Job instance at 0x153e066f0280>,44,13,[ 2 10],45,255,268,210,241
1,<environment.Job instance at 0x153e066f0780>,48,1,[6 2],49,268,269,219,261
1,<environment.Job instance at 0x153e066f0960>,53,27,[9 1],54,296,323,242,296
1,<environment.Job instance at 0x153e066f0be0>,57,1,[5 1],58,332,333,274,332
1,<environment.Job instance at 0x153e066f0fa0>,62,3,[6 2],63,358,361,295,358
1,<environment.Job instance at 0x153e066f5960>,76,14,[9 1],77,545,559,468,545
1,<environment.Job instance at 0x153e066f5820>,75,15,[2 6],76,559,574,483,557
1,<environment.Job instance at 0x153e066f5c80>,78,3,[ 2 10],79,574,577,495,557
1,<environment.Job instance at 0x153e08c8ad70>,0,2,[1 5],1,4,6,3,4
1,<environment.Job instance at 0x153e066f50f0>,4,14,[7 1],5,5,19,0,5
1,<environment.Job instance at 0x153e08dfd960>,12,24,[2 9],13,52,76,39,52
1,<environment.Job instance at 0x153e08d57550>,24,12,[10  1],25,132,144,107,132
1,<environment.Job instance at 0x153e085e30a0>,29,24,[10  2],30,146,170,116,146
1,<environment.Job instance at 0x153e08d8efa0>,30,2,[ 2 10],31,170,172,139,148
1,<environment.Job instance at 0x153e08d8ed70>,32,3,[2 8],33,172,175,139,170
1,<environment.Job instance at 0x153e085ff370>,40,21,[1 5],41,235,256,194,235
1,<environment.Job instance at 0x153e085ffeb0>,44,12,[10  2],45,256,268,211,252
1,<environment.Job instance at 0x153e08dfa0f0>,45,17,[5 1],46,268,285,222,257
1,<environment.Job instance at 0x153e08d8d3c0>,59,3,[1 7],60,423,426,363,423
1,<environment.Job instance at 0x153e08dddc80>,68,2,[8 2],69,526,528,457,526
1,<environment.Job instance at 0x153e09089960>,2,1,[6 2],3,10,11,7,10
1,<environment.Job instance at 0x153ded1d9050>,9,20,[2 8],10,28,48,18,28
1,<environment.Job instance at 0x153e090892d0>,0,20,[6 1],1,34,54,33,34
1,<environment.Job instance at 0x153ded1d9140>,15,19,[7 1],16,87,106,71,87
1,<environment.Job instance at 0x153ded1421e0>,23,2,[7 1],24,165,167,141,165
1,<environment.Job instance at 0x153ded2162d0>,29,14,[1 6],30,210,224,180,210
1,<environment.Job instance at 0x153ded20fd70>,35,1,[1 7],36,272,273,236,272
1,<environment.Job instance at 0x153ded20a550>,37,17,[6 2],38,295,312,257,295
1,<environment.Job instance at 0x153ded20aa50>,38,19,[1 5],39,295,314,256,295
1,<environment.Job instance at 0x153ded1620a0>,40,17,[1 7],41,314,331,273,303
1,<environment.Job instance at 0x153ded157e60>,51,26,[7 2],52,417,443,365,417
1,<environment.Job instance at 0x153ded2215a0>,58,19,[1 6],59,496,515,437,496
1,<environment.Job instance at 0x153ded221d70>,63,20,[1 6],64,523,543,459,523
1,<environment.Job instance at 0x153ded221320>,64,14,[10  1],65,543,557,478,536
1,<environment.Job instance at 0x153ded2218c0>,67,3,[2 5],68,557,560,489,546
1,<environment.Job instance at 0x153ded221eb0>,69,18,[ 1 10],70,560,578,490,553
1,<environment.Job instance at 0x153ded221a00>,71,2,[1 7],72,578,580,506,572
1,<environment.Job instance at 0x153ded221dc0>,72,15,[1 9],73,580,595,507,577
1,<environment.Job instance at 0x153e042fd5a0>,7,20,[5 2],8,14,34,6,14
1,<environment.Job instance at 0x153e042fd320>,6,21,[1 7],7,15,36,8,15
1,<environment.Job instance at 0x153e042fd8c0>,5,20,[9 1],6,34,54,28,25
1,<environment.Job instance at 0x153e042fd3c0>,12,26,[ 1 10],13,54,80,41,52
1,<environment.Job instance at 0x153e042fd4b0>,15,16,[10  1],16,80,96,64,67
1,<environment.Job instance at 0x153e042fd910>,16,16,[7 2],17,96,112,79,83
1,<environment.Job instance at 0x153e042f80f0>,21,17,[2 6],22,96,113,74,87
1,<environment.Job instance at 0x153e042f8820>,23,2,[8 1],24,112,114,88,89
1,<environment.Job instance at 0x153e042f8550>,25,19,[10  2],26,114,133,88,107
1,<environment.Job instance at 0x153e042f8aa0>,29,22,[1 5],30,135,157,105,135
1,<environment.Job instance at 0x153e042f8230>,30,2,[1 9],31,157,159,126,142
1,<environment.Job instance at 0x153e042ea140>,43,22,[6 2],44,252,274,208,252
1,<environment.Job instance at 0x153e042ea5f0>,44,12,[7 1],45,274,286,229,265
1,<environment.Job instance at 0x153e042ea730>,45,1,[2 7],46,267,268,221,267
1,<environment.Job instance at 0x153e042ea910>,49,1,[2 8],50,283,284,233,283
1,<environment.Job instance at 0x153e06b28eb0>,62,12,[8 1],63,371,383,308,371
1,<environment.Job instance at 0x153e06b28050>,65,22,[2 5],66,393,415,327,393
1,<environment.Job instance at 0x153e0da5f780>,2,16,[2 8],3,4,20,1,4
1,<environment.Job instance at 0x153e08c9bd20>,3,3,[9 2],4,20,23,16,8
1,<environment.Job instance at 0x153e08de1cd0>,11,3,[7 1],12,25,28,13,25
1,<environment.Job instance at 0x153e0da5feb0>,6,25,[10  2],7,40,65,33,40
1,<environment.Job instance at 0x153e08de1870>,14,2,[2 6],15,65,67,50,42
1,<environment.Job instance at 0x153e08de1d20>,16,3,[7 1],17,70,73,53,70
1,<environment.Job instance at 0x153e08de1370>,18,17,[2 8],19,70,87,51,70
1,<environment.Job instance at 0x153e08de1280>,19,21,[1 7],20,87,108,67,87
1,<environment.Job instance at 0x153e08de12d0>,21,14,[5 1],22,88,102,66,88
1,<environment.Job instance at 0x153e08de1780>,23,3,[6 1],24,102,105,78,99
1,<environment.Job instance at 0x153e08de1050>,27,28,[2 5],28,133,161,105,133
1,<environment.Job instance at 0x153e07072d20>,32,18,[2 8],33,161,179,128,153
1,<environment.Job instance at 0x153e090b35f0>,33,12,[2 5],34,179,191,145,176
1,<environment.Job instance at 0x153e090b36e0>,38,22,[7 1],39,208,230,169,208
1,<environment.Job instance at 0x153e090b3280>,39,3,[2 9],40,214,217,174,214
1,<environment.Job instance at 0x153e08d44140>,47,17,[1 7],48,300,317,252,300
1,<environment.Job instance at 0x153e08d44c80>,50,18,[2 6],51,317,335,266,315
1,<environment.Job instance at 0x153e08d44c30>,56,28,[2 5],57,347,375,290,347
1,<environment.Job instance at 0x153e08581a00>,2,14,[1 6],3,54,68,51,54
1,<environment.Job instance at 0x153e08581be0>,9,23,[9 1],10,83,106,73,83
1,<environment.Job instance at 0x153e08581e10>,17,1,[8 1],18,132,133,114,132
1,<environment.Job instance at 0x153e086f73c0>,24,27,[6 1],25,189,216,164,189
1,<environment.Job instance at 0x153e086fbdc0>,28,12,[1 7],29,233,245,204,233
1,<environment.Job instance at 0x153e0f176960>,43,28,[6 2],44,418,446,374,418
1,<environment.Job instance at 0x153e0ef78a00>,52,28,[1 9],53,452,480,399,452
1,<environment.Job instance at 0x153e0ef78be0>,53,2,[8 2],54,480,482,426,454
1,<environment.Job instance at 0x153e0ef786e0>,57,2,[9 2],58,484,486,426,484
1,<environment.Job instance at 0x153e08d6ba50>,63,2,[7 1],64,545,547,481,545
1,<environment.Job instance at 0x153e08d6baa0>,66,1,[1 6],67,555,556,488,555
1,<environment.Job instance at 0x153e09b0be10>,0,19,[2 7],1,3,22,2,3
1,<environment.Job instance at 0x153e04171b90>,9,23,[2 9],10,22,45,12,19
1,<environment.Job instance at 0x153e085b9af0>,12,28,[ 2 10],13,45,73,32,45
1,<environment.Job instance at 0x153e085b96e0>,15,2,[1 9],16,73,75,57,60
1,<environment.Job instance at 0x153e085b95f0>,13,17,[7 2],14,75,92,61,63
1,<environment.Job instance at 0x153e085b9d70>,21,3,[2 6],22,93,96,71,93
1,<environment.Job instance at 0x153e085b9d20>,20,12,[1 5],21,103,115,82,103
1,<environment.Job instance at 0x153e0415f230>,30,21,[6 2],31,209,230,178,209
1,<environment.Job instance at 0x153e0415f5f0>,34,12,[1 6],35,210,222,175,210
1,<environment.Job instance at 0x153e04167140>,50,14,[10  1],51,345,359,294,345
1,<environment.Job instance at 0x153e041671e0>,51,1,[9 2],52,359,360,307,358
1,<environment.Job instance at 0x153e04167460>,55,3,[1 9],56,404,407,348,404
1,<environment.Job instance at 0x153e04167780>,56,2,[7 1],57,405,407,348,405
1,<environment.Job instance at 0x153e04167c30>,63,14,[ 2 10],64,492,506,428,492
1,<environment.Job instance at 0x153e04167e60>,65,15,[7 1],66,506,521,440,499
1,<environment.Job instance at 0x153e04191280>,71,2,[5 1],72,543,545,471,543
1,<environment.Job instance at 0x153e04191320>,72,3,[8 1],73,557,560,484,557
1,<environment.Job instance at 0x153e041717d0>,6,25,[5 2],7,44,69,37,44
1,<environment.Job instance at 0x153e0e905d20>,11,22,[7 1],12,79,101,67,79
1,<environment.Job instance at 0x153ded234050>,21,16,[1 7],22,80,96,58,80
1,<environment.Job instance at 0x153e08ca9230>,25,12,[2 6],26,96,108,70,85
1,<environment.Job instance at 0x153e08ca95a0>,29,2,[2 6],30,108,110,78,97
1,<environment.Job instance at 0x153e08ca9a50>,30,1,[1 7],31,110,111,79,99
1,<environment.Job instance at 0x153e0ef6e050>,41,20,[2 7],42,199,219,157,199
1,<environment.Job instance at 0x153e0ef6e8c0>,52,1,[5 1],53,319,320,266,319
1,<environment.Job instance at 0x153e0d0c24b0>,56,24,[5 1],57,356,380,299,356
1,<environment.Job instance at 0x153e0ef9ba00>,57,19,[1 7],58,362,381,304,362
1,<environment.Job instance at 0x153e0853e230>,61,23,[2 7],62,384,407,322,384
1,<environment.Job instance at 0x153e0902df00>,69,16,[5 2],70,459,475,389,459
1,<environment.Job instance at 0x153e0902d320>,73,19,[1 5],74,477,496,403,477
1,<environment.Job instance at 0x153e086bfa50>,8,2,[2 5],9,27,29,18,27
1,<environment.Job instance at 0x153e086bf4b0>,6,16,[5 1],7,75,91,68,75
1,<environment.Job instance at 0x153e086bf500>,14,1,[2 5],15,109,110,94,109
1,<environment.Job instance at 0x153e086bfaf0>,18,20,[9 1],19,110,130,91,109
1,<environment.Job instance at 0x153e0e906280>,36,20,[8 2],37,273,293,236,273
1,<environment.Job instance at 0x153e0e906910>,40,18,[8 1],41,316,334,275,316
1,<environment.Job instance at 0x153ded4e0a50>,45,18,[7 1],46,344,362,298,344
1,<environment.Job instance at 0x153e04044780>,59,3,[1 5],60,476,479,416,476
1,<environment.Job instance at 0x153e04044d70>,60,2,[7 1],61,480,482,419,480
1,<environment.Job instance at 0x153e04044960>,58,16,[10  1],59,487,503,428,487
1,<environment.Job instance at 0x153e04044be0>,61,13,[1 8],62,503,516,441,488
1,<environment.Job instance at 0x153e090753c0>,77,2,[2 6],78,643,645,565,643
1,<environment.Job instance at 0x153e090755f0>,78,19,[ 2 10],79,646,665,567,646
1,<environment.Job instance at 0x153e0d021b40>,3,22,[8 2],4,12,34,8,12
1,<environment.Job instance at 0x153ded6e89b0>,4,14,[7 1],5,34,48,29,22
1,<environment.Job instance at 0x153e06b679b0>,11,2,[2 7],12,30,32,18,30
1,<environment.Job instance at 0x153e06b67d20>,12,23,[2 6],13,32,55,19,32
1,<environment.Job instance at 0x153e0d0f8460>,15,26,[6 2],16,55,81,39,55
1,<environment.Job instance at 0x153e087f7dc0>,25,2,[1 8],26,217,219,191,217
1,<environment.Job instance at 0x153ded20a230>,35,3,[5 1],36,331,334,295,331
1,<environment.Job instance at 0x153e0f1769b0>,38,15,[6 2],39,351,366,312,351
1,<environment.Job instance at 0x153e0da12aa0>,43,20,[1 6],44,406,426,362,406
1,<environment.Job instance at 0x153e06be22d0>,52,14,[9 2],53,500,514,447,500
1,<environment.Job instance at 0x153e06be2f00>,53,14,[1 6],54,520,534,466,520
1,<environment.Job instance at 0x153e06be2820>,56,19,[2 8],57,534,553,477,525
1,<environment.Job instance at 0x153e06be21e0>,60,18,[9 2],61,555,573,494,555
1,<environment.Job instance at 0x153e08c7beb0>,63,12,[2 8],64,589,601,525,589
1,<environment.Job instance at 0x153e08780eb0>,74,18,[2 7],75,685,703,610,685
1,<environment.Job instance at 0x153e08780a00>,75,2,[8 1],76,699,701,623,699
1,<environment.Job instance at 0x153decdb8230>,1,3,[6 1],2,4,7,2,4
1,<environment.Job instance at 0x153deccd0230>,3,2,[1 9],4,23,25,19,23
1,<environment.Job instance at 0x153e09049eb0>,11,18,[10  2],12,49,67,37,49
1,<environment.Job instance at 0x153e09049820>,18,17,[2 8],19,89,106,70,89
1,<environment.Job instance at 0x153e08d131e0>,36,25,[2 5],37,217,242,180,217
1,<environment.Job instance at 0x153ded679690>,56,25,[2 5],57,351,376,294,351
1,<environment.Job instance at 0x153e08c4eb90>,60,16,[1 6],61,379,395,318,379
1,<environment.Job instance at 0x153e08c4e0a0>,61,17,[1 5],62,395,412,333,388
1,<environment.Job instance at 0x153e08c4e690>,65,1,[10  1],66,412,413,346,409
1,<environment.Job instance at 0x153e08c4ecd0>,75,20,[1 9],76,480,500,404,480
1,<environment.Job instance at 0x153e08c4e870>,2,3,[ 1 10],3,6,9,3,6
1,<environment.Job instance at 0x153e08c97640>,8,25,[ 1 10],9,26,51,17,26
1,<environment.Job instance at 0x153e09075d20>,13,3,[1 6],14,51,54,37,37
1,<environment.Job instance at 0x153e0cff8eb0>,25,25,[2 6],26,141,166,115,141
1,<environment.Job instance at 0x153ded453d70>,30,18,[6 2],31,186,204,155,186
1,<environment.Job instance at 0x153dece58c80>,35,2,[7 2],36,295,297,259,295
1,<environment.Job instance at 0x153ded77a8c0>,38,15,[9 2],39,316,331,277,316
1,<environment.Job instance at 0x153ded54fa50>,41,17,[1 8],42,337,354,295,337
1,<environment.Job instance at 0x153e0f908b90>,52,13,[10  1],53,411,424,358,411
1,<environment.Job instance at 0x153ded7ccaf0>,55,14,[2 9],56,452,466,396,452
1,<environment.Job instance at 0x153e0d0b3f50>,63,28,[5 2],64,534,562,470,534
1,<environment.Job instance at 0x153e0ef5e780>,72,22,[5 1],73,587,609,514,587
1,<environment.Job instance at 0x153e0ef5e500>,76,21,[6 2],77,609,630,532,608
1,<environment.Job instance at 0x153e086433c0>,0,20,[1 8],1,2,22,1,2
1,<environment.Job instance at 0x153ded2d6640>,7,22,[5 1],8,12,34,4,12
1,<environment.Job instance at 0x153ded453730>,3,14,[10  2],4,34,48,30,33
1,<environment.Job instance at 0x153ded2d6b40>,13,3,[2 6],14,48,51,34,40
1,<environment.Job instance at 0x153ded2d6730>,17,19,[7 1],18,48,67,30,40
1,<environment.Job instance at 0x153ded2d6dc0>,18,3,[5 2],19,67,70,48,57
1,<environment.Job instance at 0x153ded2b0230>,23,28,[2 8],24,95,123,71,95
1,<environment.Job instance at 0x153ded2b0410>,24,1,[8 2],25,119,120,94,119
1,<environment.Job instance at 0x153ded2b05f0>,27,18,[ 1 10],28,123,141,95,119
1,<environment.Job instance at 0x153ded2b0730>,29,28,[2 7],30,150,178,120,150
1,<environment.Job instance at 0x153ded2b07d0>,30,20,[2 5],31,178,198,147,174
1,<environment.Job instance at 0x153ded2b0b90>,36,24,[5 2],37,190,214,153,190
1,<environment.Job instance at 0x153ded2b0be0>,35,1,[9 1],36,214,215,178,192
1,<environment.Job instance at 0x153ded2b0f00>,40,3,[2 8],41,205,208,164,205
1,<environment.Job instance at 0x153ded2b2050>,42,19,[7 1],43,215,234,172,215
1,<environment.Job instance at 0x153ded2b24b0>,48,23,[7 2],49,241,264,192,241
1,<environment.Job instance at 0x153ded2b2e10>,58,3,[1 8],59,342,345,283,342
1,<environment.Job instance at 0x153ded2d4140>,63,1,[1 7],64,371,372,307,371
1,<environment.Job instance at 0x153ded2d4550>,69,26,[2 5],70,426,452,356,426
1,<environment.Job instance at 0x153ded2d4690>,71,13,[1 8],72,452,465,380,446
1,<environment.Job instance at 0x153ded2d45f0>,74,3,[2 9],75,472,475,397,472
1,<environment.Job instance at 0x153ded2d47d0>,75,25,[7 1],76,477,502,401,477
1,<environment.Job instance at 0x153e0d9c0af0>,2,2,[5 2],3,3,5,0,3
1,<environment.Job instance at 0x153e08caf780>,13,18,[10  2],14,64,82,50,64
1,<environment.Job instance at 0x153e06c19550>,17,2,[1 8],18,86,88,68,86
1,<environment.Job instance at 0x153e06c190a0>,18,16,[2 8],19,88,104,69,87
1,<environment.Job instance at 0x153e06c19730>,22,23,[7 2],23,108,131,85,108
1,<environment.Job instance at 0x153e06c194b0>,32,3,[1 6],33,213,216,180,213
1,<environment.Job instance at 0x153e06c19dc0>,33,1,[10  1],34,234,235,200,234
1,<environment.Job instance at 0x153ded088f00>,45,19,[1 9],46,303,322,257,303
1,<environment.Job instance at 0x153ded088780>,47,20,[7 1],48,319,339,271,319
1,<environment.Job instance at 0x153ded088a00>,50,18,[ 2 10],51,350,368,299,350
1,<environment.Job instance at 0x153ded088c30>,52,1,[5 1],53,391,392,338,391
1,<environment.Job instance at 0x153e04319910>,60,22,[6 1],61,459,481,398,459
1,<environment.Job instance at 0x153e041fcd20>,70,13,[2 6],71,528,541,457,528
1,<environment.Job instance at 0x153ded156e60>,0,2,[1 9],1,5,7,4,5
1,<environment.Job instance at 0x153e08d8f1e0>,7,20,[2 7],8,15,35,7,15
1,<environment.Job instance at 0x153e08d8f9b0>,11,25,[9 1],12,41,66,29,41
1,<environment.Job instance at 0x153e08d8fc80>,13,18,[7 1],14,66,84,52,55
1,<environment.Job instance at 0x153e08d8fd70>,16,13,[1 5],17,56,69,39,56
1,<environment.Job instance at 0x153ded1f0910>,19,21,[1 5],20,69,90,49,63
1,<environment.Job instance at 0x153e042b1af0>,30,1,[2 9],31,130,131,99,130
1,<environment.Job instance at 0x153e042b1a50>,29,18,[2 7],30,135,153,105,135
1,<environment.Job instance at 0x153e042b10a0>,34,1,[1 7],35,153,154,118,146
1,<environment.Job instance at 0x153e042b1e60>,35,18,[2 7],36,154,172,118,147
1,<environment.Job instance at 0x153e042b1280>,36,3,[1 8],37,172,175,135,150
1,<environment.Job instance at 0x153e042b1780>,37,1,[1 9],38,175,176,137,152
1,<environment.Job instance at 0x153e042b1190>,40,2,[2 7],41,176,178,135,168
1,<environment.Job instance at 0x153e042b16e0>,38,3,[ 2 10],39,178,181,139,169
1,<environment.Job instance at 0x153e042b12d0>,41,19,[5 2],42,183,202,141,183
1,<environment.Job instance at 0x153e040f9b40>,46,13,[1 7],47,222,235,175,222
1,<environment.Job instance at 0x153e040f9af0>,52,16,[1 6],53,247,263,194,247
1,<environment.Job instance at 0x153e0708a2d0>,74,24,[ 1 10],75,462,486,387,462
1,<environment.Job instance at 0x153e0d0f8c30>,5,12,[1 5],6,8,20,2,8
1,<environment.Job instance at 0x153e0d0f8e10>,4,15,[1 8],5,23,38,18,23
1,<environment.Job instance at 0x153e0d0f8af0>,10,14,[9 2],11,25,39,14,25
1,<environment.Job instance at 0x153e0d0f8230>,3,26,[5 2],4,48,74,44,48
1,<environment.Job instance at 0x153e0d0f8640>,11,16,[2 6],12,52,68,40,52
1,<environment.Job instance at 0x153e0d0f8320>,19,18,[1 5],20,69,87,49,69
1,<environment.Job instance at 0x153e08cab460>,21,2,[6 2],22,83,85,61,83
1,<environment.Job instance at 0x153e08cab730>,23,15,[2 7],24,99,114,75,99
1,<environment.Job instance at 0x153e0411ae10>,48,14,[9 2],49,298,312,249,298
1,<environment.Job instance at 0x153ded6e6140>,58,3,[2 7],59,401,404,342,401
1,<environment.Job instance at 0x153e087f7050>,67,2,[2 5],68,470,472,402,470
1,<environment.Job instance at 0x153ded3ade10>,74,13,[8 2],75,526,539,451,526
1,<environment.Job instance at 0x153ded48ff00>,6,15,[7 2],7,8,23,1,8
1,<environment.Job instance at 0x153ded48fbe0>,5,20,[8 1],6,23,43,17,20
1,<environment.Job instance at 0x153ded48f3c0>,10,16,[10  1],11,43,59,32,37
1,<environment.Job instance at 0x153ded48ee60>,11,2,[ 1 10],12,59,61,47,43
1,<environment.Job instance at 0x153ded48ec80>,14,27,[2 6],15,61,88,46,59
1,<environment.Job instance at 0x153ded495f50>,3,27,[8 1],4,66,93,62,66
1,<environment.Job instance at 0x153ded3b7370>,20,28,[ 2 10],21,119,147,98,119
1,<environment.Job instance at 0x153ded3b7960>,27,20,[1 9],28,160,180,132,160
1,<environment.Job instance at 0x153ded3b7b40>,30,21,[5 1],31,185,206,154,185
1,<environment.Job instance at 0x153ded3b73c0>,33,27,[6 1],34,220,247,186,220
1,<environment.Job instance at 0x153e09036320>,45,16,[7 2],46,353,369,307,353
1,<environment.Job instance at 0x153e09020410>,65,3,[5 1],66,572,575,506,572
1,<environment.Job instance at 0x153e09020730>,3,23,[5 1],4,6,29,2,6
1,<environment.Job instance at 0x153ded7e85a0>,4,13,[1 9],5,7,20,2,7
1,<environment.Job instance at 0x153ded7e8730>,11,3,[ 2 10],12,36,39,24,36
1,<environment.Job instance at 0x153e0f39f1e0>,13,13,[9 1],14,39,52,25,36
1,<environment.Job instance at 0x153ded7e8b90>,12,19,[2 5],13,52,71,39,43
1,<environment.Job instance at 0x153e0f39f2d0>,15,26,[5 2],16,54,80,38,54
1,<environment.Job instance at 0x153e087dfc80>,17,1,[1 9],18,89,90,71,89
1,<environment.Job instance at 0x153e087df5a0>,19,17,[ 1 10],20,95,112,75,95
1,<environment.Job instance at 0x153e06b215f0>,25,27,[5 1],26,113,140,87,113
1,<environment.Job instance at 0x153e0419a370>,27,24,[5 2],28,142,166,114,142
1,<environment.Job instance at 0x153deccc3820>,40,1,[6 1],41,275,276,234,275
1,<environment.Job instance at 0x153e08d7dfa0>,51,15,[5 1],52,450,465,398,450
1,<environment.Job instance at 0x153e08d1f780>,54,1,[2 6],55,474,475,419,474
1,<environment.Job instance at 0x153e08d1ff50>,57,1,[ 1 10],58,505,506,447,505
1,<environment.Job instance at 0x153e08d1f7d0>,59,22,[6 1],60,507,529,447,507
1,<environment.Job instance at 0x153e08d1fcd0>,61,20,[7 2],62,536,556,474,536
1,<environment.Job instance at 0x153e08d1f820>,63,20,[ 2 10],64,556,576,492,549
1,<environment.Job instance at 0x153e08d1f5f0>,66,18,[2 6],67,579,597,512,579
1,<environment.Job instance at 0x153e08d1feb0>,67,16,[8 2],68,588,604,520,588
1,<environment.Job instance at 0x153e08d0f690>,77,15,[2 9],78,659,674,581,659
1,<environment.Job instance at 0x153decc8b0f0>,6,3,[7 1],7,10,13,3,10
1,<environment.Job instance at 0x153deccf8960>,11,27,[1 6],12,24,51,12,24
1,<environment.Job instance at 0x153deccf82d0>,10,23,[8 2],11,26,49,15,26
1,<environment.Job instance at 0x153ded637b40>,14,21,[6 1],15,51,72,36,51
1,<environment.Job instance at 0x153e08831410>,17,2,[7 1],18,72,74,54,72
1,<environment.Job instance at 0x153e08831cd0>,19,15,[1 6],20,99,114,79,99
1,<environment.Job instance at 0x153decd2e9b0>,21,14,[9 2],22,112,126,90,112
1,<environment.Job instance at 0x153e08caf280>,24,14,[2 5],25,157,171,132,157
1,<environment.Job instance at 0x153ded7d1050>,25,13,[1 9],26,171,184,145,157
1,<environment.Job instance at 0x153e04150550>,28,12,[1 5],29,184,196,155,170
1,<environment.Job instance at 0x153ded68ddc0>,37,17,[7 1],38,202,219,164,202
1,<environment.Job instance at 0x153ded68deb0>,39,27,[2 9],40,212,239,172,212
1,<environment.Job instance at 0x153ded68da50>,41,13,[1 7],42,239,252,197,226
1,<environment.Job instance at 0x153ded68df50>,45,22,[5 2],46,253,275,207,253
1,<environment.Job instance at 0x153ded679b40>,51,2,[6 1],52,347,349,295,347
1,<environment.Job instance at 0x153e085c17d0>,52,3,[2 5],53,350,353,297,350
1,<environment.Job instance at 0x153ded4e2e60>,56,18,[ 1 10],57,447,465,390,447
1,<environment.Job instance at 0x153e080e0910>,61,3,[2 6],62,519,522,457,519
1,<environment.Job instance at 0x153e0409f960>,69,3,[6 1],70,622,625,552,622
1,<environment.Job instance at 0x153e086b2690>,2,3,[2 9],3,4,7,1,4
1,<environment.Job instance at 0x153ded472e60>,4,23,[2 8],5,7,30,2,5
1,<environment.Job instance at 0x153ded472460>,5,3,[ 2 10],6,30,33,24,10
1,<environment.Job instance at 0x153e06c0b460>,7,1,[6 1],8,20,21,12,20
1,<environment.Job instance at 0x153e040ac320>,13,22,[7 1],14,56,78,42,56
1,<environment.Job instance at 0x153e040aca50>,16,26,[6 1],17,78,104,61,78
1,<environment.Job instance at 0x153e08548910>,22,2,[8 2],23,162,164,139,162
1,<environment.Job instance at 0x153e08548190>,24,20,[5 1],25,167,187,142,167
1,<environment.Job instance at 0x153e08548fa0>,25,19,[2 5],26,170,189,144,170
1,<environment.Job instance at 0x153decfd1eb0>,26,3,[ 1 10],27,189,192,162,181
1,<environment.Job instance at 0x153e04342140>,36,1,[ 1 10],37,270,271,233,270
1,<environment.Job instance at 0x153ded3e1780>,56,12,[1 8],57,459,471,402,459
1,<environment.Job instance at 0x153ded5fb870>,69,20,[2 6],70,535,555,465,535
1,<environment.Job instance at 0x153ded5fb960>,70,2,[9 2],71,555,557,484,536
1,<environment.Job instance at 0x153ded5fbb40>,72,3,[10  2],73,562,565,489,562
1,<environment.Job instance at 0x153ded5fb910>,73,23,[1 9],74,578,601,504,578
1,<environment.Job instance at 0x153ded5fbaf0>,74,3,[2 8],75,601,604,526,578
1,<environment.Job instance at 0x153ded7cc7d0>,75,1,[9 1],76,588,589,512,588
1,<environment.Job instance at 0x15201bc69820>,8,2,[2 5],9,10,12,1,10
1,<environment.Job instance at 0x15201bc69a00>,11,14,[10  2],12,17,31,5,17
1,<environment.Job instance at 0x15201bc69c30>,9,2,[8 1],10,31,33,21,29
1,<environment.Job instance at 0x15201bc69b90>,12,22,[2 6],13,48,70,35,48
1,<environment.Job instance at 0x15201bc6b1e0>,18,3,[1 6],19,71,74,52,71
1,<environment.Job instance at 0x15201bc6b3c0>,20,3,[7 1],21,75,78,54,75
1,<environment.Job instance at 0x15201bc6baf0>,30,2,[2 8],31,160,162,129,160
1,<environment.Job instance at 0x15201bc6bc30>,31,23,[5 1],32,161,184,129,161
1,<environment.Job instance at 0x15201bc6bb90>,29,20,[1 5],30,165,185,135,165
1,<environment.Job instance at 0x15201bc6bbe0>,32,2,[2 9],33,185,187,152,167
1,<environment.Job instance at 0x15201bc6bc80>,33,2,[9 1],34,187,189,153,169
1,<environment.Job instance at 0x15201bc6ba50>,37,22,[2 5],38,189,211,151,188
1,<environment.Job instance at 0x15201bc6e050>,39,2,[5 2],40,207,209,167,207
1,<environment.Job instance at 0x15201bc6e5a0>,45,15,[2 5],46,263,278,217,263
1,<environment.Job instance at 0x15201bc6eaa0>,54,22,[9 1],55,328,350,273,328
1,<environment.Job instance at 0x15201bc6edc0>,57,1,[5 1],58,371,372,313,371
1,<environment.Job instance at 0x15201bc6ed20>,58,17,[2 7],59,374,391,315,374
1,<environment.Job instance at 0x15201bc70f50>,78,3,[ 2 10],79,545,548,466,545
1,<environment.Job instance at 0x15201bc72820>,4,3,[6 2],5,8,11,3,8
1,<environment.Job instance at 0x15201dd60dc0>,2,24,[2 9],3,11,35,8,10
1,<environment.Job instance at 0x15201db1d550>,11,14,[6 1],12,40,54,28,40
1,<environment.Job instance at 0x15201dcd8a00>,27,20,[1 9],28,180,200,152,180
1,<environment.Job instance at 0x15201dc391e0>,34,12,[10  2],35,231,243,196,231
1,<environment.Job instance at 0x15201dc399b0>,35,17,[5 1],36,243,260,207,235
1,<environment.Job instance at 0x15201dafb960>,47,27,[1 9],48,391,418,343,391
1,<environment.Job instance at 0x15201dafba00>,49,3,[1 7],50,418,421,368,409
1,<environment.Job instance at 0x15201e3095a0>,59,19,[5 2],60,481,500,421,481
1,<environment.Job instance at 0x15201e35b870>,70,20,[6 1],71,530,550,459,530
1,<environment.Job instance at 0x15201e37ff50>,75,15,[8 1],76,585,600,509,585
1,<environment.Job instance at 0x151fe675b550>,15,1,[1 7],16,98,99,82,98
1,<environment.Job instance at 0x151fe6813780>,9,14,[1 6],10,121,135,111,121
1,<environment.Job instance at 0x151fe66bf5f0>,17,17,[6 2],18,131,148,113,131
1,<environment.Job instance at 0x151fe67863c0>,21,24,[2 5],22,136,160,114,136
1,<environment.Job instance at 0x151fe67b5410>,23,23,[5 1],24,148,171,124,142
1,<environment.Job instance at 0x151fe67f67d0>,31,26,[7 2],32,235,261,203,235
1,<environment.Job instance at 0x151fe6753dc0>,37,2,[10  2],38,273,275,235,273
1,<environment.Job instance at 0x151fe6753cd0>,38,19,[1 6],39,286,305,247,286
1,<environment.Job instance at 0x151fe67a21e0>,42,20,[7 2],43,292,312,249,292
1,<environment.Job instance at 0x151fe67a8870>,43,20,[1 6],44,305,325,261,296
1,<environment.Job instance at 0x151fe66e4a50>,44,14,[10  1],45,325,339,280,317
1,<environment.Job instance at 0x151fe66dda50>,51,2,[1 7],52,343,345,291,343
1,<environment.Job instance at 0x151fe67b7e60>,49,18,[ 1 10],50,346,364,296,346
1,<environment.Job instance at 0x151fe66dd2d0>,52,15,[1 9],53,364,379,311,350
1,<environment.Job instance at 0x151fe66dd0f0>,54,2,[1 6],55,379,381,324,354
1,<environment.Job instance at 0x151fe66e8b90>,61,3,[1 7],62,431,434,369,431
1,<environment.Job instance at 0x151fe66ea3c0>,66,21,[1 7],67,492,513,425,492
1,<environment.Job instance at 0x151fe66f1370>,76,16,[7 2],77,601,617,524,601
1,<environment.Job instance at 0x151fe667dd70>,2,17,[2 5],3,3,20,0,3
1,<environment.Job instance at 0x15201dcdafa0>,9,19,[2 9],10,25,44,15,25
1,<environment.Job instance at 0x15201dbd6c30>,19,1,[2 8],20,105,106,85,105
1,<environment.Job instance at 0x15201dbd6550>,20,3,[7 1],21,116,119,95,116
1,<environment.Job instance at 0x15201dbd63c0>,25,20,[2 9],26,149,169,123,149
1,<environment.Job instance at 0x15201c0a2d20>,29,3,[2 9],30,178,181,148,178
1,<environment.Job instance at 0x15201c0a2230>,32,12,[8 1],33,199,211,166,199
1,<environment.Job instance at 0x15201c0a2550>,40,3,[7 2],41,241,244,200,241
1,<environment.Job instance at 0x15201c0a25f0>,45,15,[2 8],46,271,286,225,271
1,<environment.Job instance at 0x15201dcde2d0>,55,27,[2 7],56,304,331,248,304
1,<environment.Job instance at 0x15201dcde410>,58,23,[6 1],59,320,343,261,320
1,<environment.Job instance at 0x15201dcdef50>,64,2,[2 6],65,369,371,304,369
1,<environment.Job instance at 0x15201dcdef00>,66,3,[7 1],67,375,378,308,375
1,<environment.Job instance at 0x15201dcde190>,68,17,[2 8],69,394,411,325,394
1,<environment.Job instance at 0x15201bc76f50>,71,14,[5 1],72,415,429,343,415
1,<environment.Job instance at 0x15201dda27d0>,79,20,[ 2 10],80,483,503,403,483
1,<environment.Job instance at 0x1520225bb1e0>,82,18,[2 8],83,508,526,425,508
1,<environment.Job instance at 0x15202254f500>,7,17,[1 7],8,17,34,9,17
1,<environment.Job instance at 0x15202254fa00>,5,15,[5 2],6,25,40,19,25
1,<environment.Job instance at 0x15202254ffa0>,6,21,[10  1],7,40,61,33,35
1,<environment.Job instance at 0x15201c1a8550>,17,1,[6 1],18,100,101,82,100
1,<environment.Job instance at 0x15202254ff00>,12,17,[1 9],13,135,152,122,135
1,<environment.Job instance at 0x15201c1a8140>,21,21,[2 6],22,152,173,130,150
1,<environment.Job instance at 0x15201c1a8640>,23,12,[10  1],24,173,185,149,157
1,<environment.Job instance at 0x15201e28dd20>,40,15,[2 8],41,358,373,317,358
1,<environment.Job instance at 0x15201e28d5f0>,42,14,[1 6],43,377,391,334,377
1,<environment.Job instance at 0x15201e28de10>,49,23,[9 1],50,476,499,426,476
1,<environment.Job instance at 0x15201e2ada50>,56,21,[2 7],57,522,543,465,522
1,<environment.Job instance at 0x15201e2adaf0>,57,1,[8 1],58,537,538,479,537
1,<environment.Job instance at 0x15201e2adfa0>,61,14,[2 7],62,576,590,514,576
1,<environment.Job instance at 0x151fe6d27500>,68,12,[1 7],69,634,646,565,634
1,<environment.Job instance at 0x152022eeae60>,3,2,[8 2],4,10,12,6,10
1,<environment.Job instance at 0x15201e625cd0>,9,1,[8 1],10,12,13,2,12
1,<environment.Job instance at 0x15201e625190>,10,24,[ 2 10],11,34,58,23,34
1,<environment.Job instance at 0x15201e625460>,13,2,[7 1],14,58,60,44,35
1,<environment.Job instance at 0x152022562be0>,15,3,[8 1],16,66,69,50,66
1,<environment.Job instance at 0x152022562dc0>,16,1,[1 6],17,80,81,63,80
1,<environment.Job instance at 0x152022562c30>,20,14,[ 2 10],21,102,116,81,102
1,<environment.Job instance at 0x152022562a00>,32,13,[1 5],33,230,243,197,230
1,<environment.Job instance at 0x152022c9eb90>,43,17,[7 2],44,376,393,332,376
1,<environment.Job instance at 0x152022c9e370>,45,2,[1 9],46,393,395,347,387
1,<environment.Job instance at 0x152022c9e690>,46,16,[2 5],47,395,411,348,389
1,<environment.Job instance at 0x152020f089b0>,56,25,[2 8],57,503,528,446,503
1,<environment.Job instance at 0x152020f08a00>,57,1,[1 5],58,528,529,470,511
1,<environment.Job instance at 0x152020f08870>,64,12,[1 6],65,598,610,533,598
1,<environment.Job instance at 0x152020f08460>,66,16,[7 1],67,606,622,539,606
1,<environment.Job instance at 0x152022f17cd0>,71,2,[2 5],72,634,636,562,634
1,<environment.Job instance at 0x152022f17dc0>,77,3,[9 1],78,709,712,631,709
1,<environment.Job instance at 0x152022f17af0>,78,24,[8 1],79,712,736,633,711
1,<environment.Job instance at 0x152022599190>,82,3,[ 1 10],83,736,739,653,718
1,<environment.Job instance at 0x152022599f50>,85,3,[1 9],86,747,750,661,747
1,<environment.Job instance at 0x152022599910>,86,2,[7 1],87,748,750,661,748
1,<environment.Job instance at 0x1520225995a0>,83,15,[6 1],84,768,783,684,768
1,<environment.Job instance at 0x152022f85aa0>,3,14,[ 2 10],4,6,20,2,6
1,<environment.Job instance at 0x152022590eb0>,10,23,[8 1],11,20,43,9,16
1,<environment.Job instance at 0x151fe6d92460>,18,3,[1 5],19,45,48,26,45
1,<environment.Job instance at 0x151fe6d92d20>,30,1,[9 2],31,120,121,89,120
1,<environment.Job instance at 0x151fe6d92f00>,35,21,[2 5],36,168,189,132,168
1,<environment.Job instance at 0x151fe6d84a50>,45,12,[2 6],46,227,239,181,227
1,<environment.Job instance at 0x151fe6d84aa0>,47,14,[1 5],48,239,253,191,227
1,<environment.Job instance at 0x151fe6d84550>,46,19,[7 1],47,237,256,190,237
1,<environment.Job instance at 0x151fe6d84be0>,50,1,[1 7],51,253,254,202,243
1,<environment.Job instance at 0x151fe6d7d690>,57,15,[1 9],58,338,353,280,338
1,<environment.Job instance at 0x151fe6d7da00>,61,20,[2 7],62,357,377,295,357
1,<environment.Job instance at 0x151fe6d7da50>,72,1,[5 1],73,530,531,457,530
1,<environment.Job instance at 0x151fe6d7deb0>,76,24,[5 1],77,565,589,488,565
1,<environment.Job instance at 0x151fe6d7dc30>,77,19,[1 7],78,565,584,487,565
1,<environment.Job instance at 0x151fe6d7daa0>,78,3,[1 5],79,584,587,505,570
1,<environment.Job instance at 0x151fe6da9280>,83,27,[2 8],84,628,655,544,628
1,<environment.Job instance at 0x151fe6d84c30>,4,1,[5 1],5,5,6,0,5
1,<environment.Job instance at 0x15201c0a2b90>,7,24,[6 1],8,10,34,2,10
1,<environment.Job instance at 0x15202506fe60>,6,17,[1 6],7,19,36,12,19
1,<environment.Job instance at 0x15201e1e3fa0>,10,23,[5 1],11,34,57,23,28
1,<environment.Job instance at 0x15201e2e1820>,16,16,[5 1],17,76,92,59,76
1,<environment.Job instance at 0x15201e2e19b0>,18,2,[2 5],19,90,92,71,90
1,<environment.Job instance at 0x15201e1d52d0>,19,13,[8 2],20,98,111,78,98
1,<environment.Job instance at 0x1520245612d0>,26,19,[5 2],27,156,175,129,156
1,<environment.Job instance at 0x152024561cd0>,27,18,[8 1],28,198,216,170,198
1,<environment.Job instance at 0x15201d652eb0>,43,19,[10  2],44,266,285,222,266
1,<environment.Job instance at 0x15201d652460>,46,20,[8 2],47,285,305,238,282
1,<environment.Job instance at 0x15201d63e410>,63,2,[2 9],64,460,462,396,460
1,<environment.Job instance at 0x151fe6ea58c0>,71,13,[1 8],72,509,522,437,509
1,<environment.Job instance at 0x15201e615a00>,87,2,[2 6],88,691,693,603,691
1,<environment.Job instance at 0x151fe6324280>,1,1,[5 2],2,2,3,0,2
1,<environment.Job instance at 0x15201e307e10>,4,14,[7 1],5,10,24,5,10
1,<environment.Job instance at 0x15201e307a50>,8,16,[10  2],9,24,40,15,11
1,<environment.Job instance at 0x15201e307690>,9,23,[8 2],10,40,63,30,37
1,<environment.Job instance at 0x15201e307960>,7,27,[7 1],8,63,90,55,61
1,<environment.Job instance at 0x152024930140>,24,12,[1 7],25,153,165,128,153
1,<environment.Job instance at 0x152024930550>,25,2,[1 8],26,165,167,139,161
1,<environment.Job instance at 0x15201e1dc230>,35,3,[5 1],36,274,277,238,274
1,<environment.Job instance at 0x15201e1dc0f0>,38,15,[6 2],39,300,315,261,300
1,<environment.Job instance at 0x15201e1dc0a0>,40,15,[ 1 10],41,315,330,274,304
1,<environment.Job instance at 0x15201e1dcc30>,43,20,[1 6],44,336,356,292,336
1,<environment.Job instance at 0x151fe68f3140>,51,3,[1 5],52,450,453,398,450
1,<environment.Job instance at 0x151fe68f32d0>,52,14,[9 2],53,458,472,405,458
1,<environment.Job instance at 0x151fe68f3460>,53,14,[1 6],54,458,472,404,458
1,<environment.Job instance at 0x151fe69f2320>,65,21,[2 7],66,565,586,499,565
1,<environment.Job instance at 0x152020ef9190>,72,26,[7 2],73,593,619,520,593
1,<environment.Job instance at 0x152020ef9e10>,75,2,[8 1],76,619,621,543,615
1,<environment.Job instance at 0x152022562870>,81,3,[6 1],82,706,709,624,706
1,<environment.Job instance at 0x151fe6363a00>,83,2,[1 9],84,707,709,623,707
1,<environment.Job instance at 0x152022562230>,85,1,[9 1],86,715,716,629,715
1,<environment.Job instance at 0x151fe66ec5a0>,88,13,[1 7],89,742,755,653,742
1,<environment.Job instance at 0x151fe6e5c140>,1,18,[10  2],2,3,21,1,3
1,<environment.Job instance at 0x151fe63df730>,8,17,[2 8],9,21,38,12,18
1,<environment.Job instance at 0x151fe63df050>,10,24,[5 2],11,22,46,11,22
1,<environment.Job instance at 0x151fe63df190>,9,13,[5 1],10,38,51,28,33
1,<environment.Job instance at 0x151fe64bebe0>,19,1,[2 9],20,112,113,92,112
1,<environment.Job instance at 0x151fe6ee3be0>,20,16,[2 5],21,116,132,95,116
1,<environment.Job instance at 0x151fe6ecec30>,25,3,[7 1],26,146,149,120,146
1,<environment.Job instance at 0x152022cac140>,27,1,[1 5],28,149,150,121,149
1,<environment.Job instance at 0x151fe6a159b0>,30,22,[ 1 10],31,158,180,127,158
1,<environment.Job instance at 0x152024570eb0>,37,21,[1 7],38,180,201,142,175
1,<environment.Job instance at 0x151fe62a1a00>,41,3,[5 1],42,183,186,141,183
1,<environment.Job instance at 0x152022f3a910>,45,23,[1 7],46,263,286,217,263
1,<environment.Job instance at 0x151fe62ad3c0>,50,16,[1 6],51,286,302,235,282
1,<environment.Job instance at 0x151fe62ada00>,49,12,[1 7],50,302,314,252,286
1,<environment.Job instance at 0x151fe6307fa0>,65,20,[1 9],66,366,386,300,366
1,<environment.Job instance at 0x15201dc879b0>,2,18,[1 8],3,7,25,4,7
1,<environment.Job instance at 0x15201c08a690>,15,2,[7 2],16,86,88,70,86
1,<environment.Job instance at 0x15201c08a9b0>,18,15,[9 2],19,115,130,96,115
1,<environment.Job instance at 0x15201c08a050>,20,21,[ 1 10],21,130,151,109,128
1,<environment.Job instance at 0x151fe6750640>,24,12,[1 8],25,151,163,126,142
1,<environment.Job instance at 0x151fe6750910>,25,16,[1 8],26,163,179,137,150
1,<environment.Job instance at 0x151fe67508c0>,28,25,[2 6],29,194,219,165,194
1,<environment.Job instance at 0x151fe6750c80>,32,13,[10  1],33,240,253,207,240
1,<environment.Job instance at 0x151fe6750550>,35,14,[2 9],36,253,267,217,249
1,<environment.Job instance at 0x151fe67503c0>,41,2,[8 2],42,287,289,245,287
1,<environment.Job instance at 0x151fe6e82aa0>,45,1,[9 1],46,313,314,267,313
1,<environment.Job instance at 0x151fe6e82dc0>,50,27,[6 1],51,356,383,305,356
1,<environment.Job instance at 0x151fe64b2f00>,54,22,[10  2],55,383,405,328,376
1,<environment.Job instance at 0x151fe64b21e0>,57,24,[1 6],58,408,432,350,408
1,<environment.Job instance at 0x151fe64b2460>,62,13,[7 2],63,441,454,378,441
1,<environment.Job instance at 0x151fe64b2e10>,63,14,[10  2],64,454,468,390,442
1,<environment.Job instance at 0x152024e9cb90>,73,3,[2 6],74,501,504,427,501
1,<environment.Job instance at 0x152024e9ccd0>,77,19,[7 1],78,543,562,465,543
1,<environment.Job instance at 0x152024e9cf50>,78,3,[5 2],79,562,565,483,545
1,<environment.Job instance at 0x15201dc0daa0>,86,16,[7 2],87,618,634,531,618
1,<environment.Job instance at 0x15201dc0d690>,87,18,[ 1 10],88,634,652,546,626
1,<environment.Job instance at 0x151fe6f76f00>,5,1,[9 1],6,11,12,5,11
1,<environment.Job instance at 0x151fe6f76dc0>,10,3,[2 8],11,12,15,1,11
1,<environment.Job instance at 0x151fe6f76be0>,12,19,[7 1],13,14,33,1,14
1,<environment.Job instance at 0x151fe6d7d140>,14,18,[1 6],15,31,49,16,31
1,<environment.Job instance at 0x15201c118aa0>,18,23,[7 2],19,69,92,50,69
1,<environment.Job instance at 0x151fe6f76aa0>,15,17,[10  1],16,117,134,101,117
1,<environment.Job instance at 0x151fe6827140>,29,12,[1 8],30,158,170,128,158
1,<environment.Job instance at 0x151fe6c24370>,33,1,[1 7],34,170,171,136,159
1,<environment.Job instance at 0x151fe6c1bcd0>,36,2,[8 2],37,181,183,144,181
1,<environment.Job instance at 0x151fe6787370>,41,13,[1 8],42,229,242,187,229
1,<environment.Job instance at 0x151fe6787dc0>,44,3,[2 9],45,276,279,231,276
1,<environment.Job instance at 0x152020f114b0>,48,23,[1 9],49,300,323,251,300
1,<environment.Job instance at 0x152020f11460>,49,2,[ 2 10],50,323,325,273,319
1,<environment.Job instance at 0x152020f11230>,52,2,[5 2],53,329,331,276,329
1,<environment.Job instance at 0x15201dd254b0>,57,27,[8 1],58,376,403,318,376
1,<environment.Job instance at 0x15201dd25aa0>,60,18,[8 2],61,409,427,348,409
1,<environment.Job instance at 0x15201c5caeb0>,67,2,[1 8],68,472,474,404,472
1,<environment.Job instance at 0x15201c5cae10>,68,16,[2 8],69,474,490,405,474
1,<environment.Job instance at 0x152022f01f50>,72,23,[7 2],73,525,548,452,525
1,<environment.Job instance at 0x151fe6e8eaf0>,79,12,[2 6],80,582,594,502,582
1,<environment.Job instance at 0x151fe6e8efa0>,82,3,[1 6],83,621,624,538,621
1,<environment.Job instance at 0x152022f345a0>,87,13,[2 8],88,624,637,536,623
1,<environment.Job instance at 0x151fe6e8ed70>,83,1,[10  1],84,637,638,553,625
1,<environment.Job instance at 0x151fe6fb6af0>,5,19,[1 9],6,14,33,8,14
1,<environment.Job instance at 0x151fe6fb6d70>,10,18,[ 2 10],11,33,51,22,33
1,<environment.Job instance at 0x151fe6fb6a00>,9,18,[1 9],10,59,77,49,59
1,<environment.Job instance at 0x151fe6f84410>,18,1,[2 9],19,109,110,90,109
1,<environment.Job instance at 0x151fe6f845f0>,20,22,[6 1],21,130,152,109,130
1,<environment.Job instance at 0x151fe6f84c80>,30,13,[2 6],31,244,257,213,244
1,<environment.Job instance at 0x151fe6f84e10>,35,19,[9 2],36,261,280,225,261
1,<environment.Job instance at 0x151fe6f870f0>,38,25,[1 8],39,276,301,237,276
1,<environment.Job instance at 0x151fe6f87230>,40,2,[1 9],41,301,303,260,296
1,<environment.Job instance at 0x151fe6f87690>,47,20,[2 7],48,337,357,289,337
1,<environment.Job instance at 0x151fe6f879b0>,52,19,[2 9],53,413,432,360,413
1,<environment.Job instance at 0x151fe6f87a50>,53,18,[7 1],54,414,432,360,414
1,<environment.Job instance at 0x151fe6f87cd0>,54,15,[2 7],55,432,447,377,426
1,<environment.Job instance at 0x151fe6f87c80>,56,13,[1 5],57,447,460,390,432
1,<environment.Job instance at 0x151fe6f7e320>,61,2,[ 1 10],62,462,464,400,462
1,<environment.Job instance at 0x151fe6f7e820>,69,18,[2 7],70,559,577,489,559
1,<environment.Job instance at 0x151fe6f7ebe0>,74,1,[1 7],75,598,599,523,598
1,<environment.Job instance at 0x151fe6f7ec80>,75,18,[2 7],76,603,621,527,603
1,<environment.Job instance at 0x151fe6f7ed20>,76,3,[1 8],77,621,624,544,603
1,<environment.Job instance at 0x151fe6f7ee10>,80,2,[2 7],81,624,626,543,616
1,<environment.Job instance at 0x151fe6f7ef50>,81,19,[5 2],82,618,637,536,618
1,<environment.Job instance at 0x151fe6f7ee60>,78,3,[ 2 10],79,637,640,558,621
1,<environment.Job instance at 0x151fe6f7b230>,86,13,[1 7],87,678,691,591,678
1,<environment.Job instance at 0x151fe6e89550>,8,19,[10  1],9,28,47,19,28
1,<environment.Job instance at 0x151fe6e897d0>,9,3,[2 7],10,47,50,37,30
1,<environment.Job instance at 0x151fe6e890a0>,11,13,[5 1],12,52,65,40,52
1,<environment.Job instance at 0x151fe6e892d0>,17,3,[1 5],18,79,82,61,79
1,<environment.Job instance at 0x151fe6e89370>,18,1,[9 2],19,84,85,65,84
1,<environment.Job instance at 0x151fe6e89960>,16,23,[6 1],17,86,109,69,86
1,<environment.Job instance at 0x151fe6c2eb40>,22,17,[2 7],23,103,120,80,103
1,<environment.Job instance at 0x151fe6c2ec80>,23,3,[6 2],24,109,112,85,104
1,<environment.Job instance at 0x151fe6c2e6e0>,33,26,[5 2],34,190,216,156,190
1,<environment.Job instance at 0x151fe6c2eaa0>,34,15,[1 8],35,196,211,161,196
1,<environment.Job instance at 0x151fe6c2e370>,35,12,[1 5],36,211,223,175,201
1,<environment.Job instance at 0x151fe6c2e9b0>,37,22,[6 2],38,219,241,181,219
1,<environment.Job instance at 0x151fe6c2e0a0>,40,14,[9 2],41,250,264,209,250
1,<environment.Job instance at 0x151fe6e83f00>,43,17,[5 1],44,264,281,220,253
1,<environment.Job instance at 0x151fe6ea0aa0>,48,1,[2 8],49,268,269,219,268
1,<environment.Job instance at 0x151fe6ea0690>,49,18,[1 5],50,269,287,219,268
1,<environment.Job instance at 0x151fe6ea0730>,50,27,[1 7],51,289,316,238,289
1,<environment.Job instance at 0x151fe6ea01e0>,51,2,[6 2],52,289,291,237,289
1,<environment.Job instance at 0x151fe6ea0050>,53,15,[2 7],54,316,331,262,302
1,<environment.Job instance at 0x151fe6ea0640>,54,1,[9 2],55,304,305,249,304
1,<environment.Job instance at 0x151fe6e885f0>,59,26,[ 1 10],60,363,389,303,363
1,<environment.Job instance at 0x151fe6e88780>,64,14,[8 2],65,394,408,329,394
1,<environment.Job instance at 0x15201e3545a0>,70,3,[2 6],71,429,432,358,429
1,<environment.Job instance at 0x151fe6ea4fa0>,71,24,[1 9],72,433,457,361,433
1,<environment.Job instance at 0x152024502460>,73,16,[1 8],74,457,473,383,446
1,<environment.Job instance at 0x1520245024b0>,74,13,[10  1],75,473,486,398,466
1,<environment.Job instance at 0x15201c1a8b90>,4,1,[ 2 10],5,5,6,0,5
1,<environment.Job instance at 0x151fe6e990f0>,1,24,[9 2],2,22,46,20,22
1,<environment.Job instance at 0x15201c1a8fa0>,14,13,[8 2],15,68,81,53,68
1,<environment.Job instance at 0x151fe6ec6460>,25,20,[8 1],26,176,196,150,176
1,<environment.Job instance at 0x151fe6ec6780>,26,15,[7 2],27,198,213,171,198
1,<environment.Job instance at 0x151fe6ec6d20>,31,2,[ 1 10],32,216,218,184,216
1,<environment.Job instance at 0x151fe6ec6f00>,30,16,[10  1],31,218,234,187,217
1,<environment.Job instance at 0x151fe6ec69b0>,40,28,[ 2 10],41,320,348,279,320
1,<environment.Job instance at 0x15201e27f6e0>,42,20,[1 5],43,388,408,345,388
1,<environment.Job instance at 0x15201e27fc80>,47,20,[1 9],48,408,428,360,400
1,<environment.Job instance at 0x15201e27f2d0>,50,21,[5 1],51,400,421,349,400
1,<environment.Job instance at 0x15201e1fbdc0>,58,28,[2 5],59,497,525,438,497
1,<environment.Job instance at 0x151fe6e5c500>,85,3,[5 1],86,865,868,779,865
1,<environment.Job instance at 0x151fe6e5cbe0>,87,24,[2 7],88,868,892,780,868
1,<environment.Job instance at 0x151fe6d819b0>,5,26,[2 8],6,9,35,3,9
1,<environment.Job instance at 0x151fe6d81370>,7,23,[1 7],8,35,58,27,29
1,<environment.Job instance at 0x15201dd00fa0>,12,3,[1 7],13,66,69,53,66
1,<environment.Job instance at 0x15201dd00410>,14,13,[1 9],15,69,82,54,67
1,<environment.Job instance at 0x15201dd00500>,15,15,[9 2],16,82,97,66,70
1,<environment.Job instance at 0x15201dd00b90>,21,3,[ 2 10],22,132,135,110,132
1,<environment.Job instance at 0x152022f3a5f0>,22,19,[2 5],23,135,154,112,134
1,<environment.Job instance at 0x152022f3a140>,23,13,[9 1],24,154,167,130,140
1,<environment.Job instance at 0x152022f3a4b0>,27,1,[1 9],28,157,158,129,157
1,<environment.Job instance at 0x152022f3ad70>,29,17,[ 1 10],30,169,186,139,169
1,<environment.Job instance at 0x151fe6c185f0>,34,15,[5 1],35,235,250,200,235
1,<environment.Job instance at 0x151fe6c181e0>,37,24,[5 2],38,300,324,262,300
1,<environment.Job instance at 0x15202263cd70>,50,1,[6 1],51,440,441,389,440
1,<environment.Job instance at 0x151fe6a21960>,59,24,[8 2],60,521,545,461,521
1,<environment.Job instance at 0x151fe6a21280>,60,16,[2 6],61,527,543,466,527
1,<environment.Job instance at 0x151fe6a21370>,61,15,[5 1],62,545,560,483,539
1,<environment.Job instance at 0x15201805bd20>,64,1,[2 6],65,543,544,478,543
1,<environment.Job instance at 0x15201e2dacd0>,67,1,[ 1 10],68,560,561,492,546
1,<environment.Job instance at 0x15201e2da0a0>,70,23,[9 2],71,578,601,507,578
1,<environment.Job instance at 0x15201e2da280>,71,20,[7 2],72,601,621,529,593
1,<environment.Job instance at 0x15201dac4d70>,76,18,[2 6],77,611,629,534,611
1,<environment.Job instance at 0x15201dac43c0>,77,16,[8 2],78,621,637,543,617
1,<environment.Job instance at 0x151fe6870c80>,6,3,[7 1],7,7,10,0,7
1,<environment.Job instance at 0x151fe68702d0>,7,20,[5 1],8,17,37,9,17
1,<environment.Job instance at 0x151fe6870280>,5,14,[2 7],6,54,68,48,54
1,<environment.Job instance at 0x151fe65656e0>,14,21,[6 1],15,63,84,48,63
1,<environment.Job instance at 0x151fe6565730>,17,2,[7 1],18,84,86,66,66
1,<environment.Job instance at 0x151fe6565a50>,18,26,[7 2],19,104,130,85,104
1,<environment.Job instance at 0x151fe6565d20>,24,14,[2 5],25,111,125,86,111
1,<environment.Job instance at 0x151fe6565b40>,21,14,[9 2],22,130,144,108,118
1,<environment.Job instance at 0x151fe67d7140>,29,13,[5 2],30,144,157,114,142
1,<environment.Job instance at 0x151fe67d7b90>,43,3,[1 6],44,256,259,212,256
1,<environment.Job instance at 0x151fe67d7a50>,52,3,[2 5],53,391,394,338,391
1,<environment.Job instance at 0x151fe683c460>,56,18,[ 1 10],57,451,469,394,451
1,<environment.Job instance at 0x151fe683c640>,59,25,[2 7],60,469,494,409,469
1,<environment.Job instance at 0x151fe683c730>,61,3,[2 6],62,494,497,432,492
1,<environment.Job instance at 0x151fe683c8c0>,65,3,[2 7],66,541,544,475,541
1,<environment.Job instance at 0x151fe683cc30>,69,3,[6 1],70,575,578,505,575
1,<environment.Job instance at 0x151fe68464b0>,79,28,[5 2],80,686,714,606,686
1,<environment.Job instance at 0x151fe68466e0>,81,3,[ 1 10],82,714,717,632,709
1,<environment.Job instance at 0x151fe6846960>,85,3,[ 2 10],86,745,748,659,745
1,<environment.Job instance at 0x151fe6565c30>,3,22,[7 1],4,6,28,2,6
1,<environment.Job instance at 0x152024e85230>,7,15,[7 1],8,39,54,31,39
1,<environment.Job instance at 0x15201da7dbe0>,10,26,[1 8],11,39,65,28,39
1,<environment.Job instance at 0x15201f087c80>,12,2,[8 2],13,64,66,51,64
1,<environment.Job instance at 0x151fe6f973c0>,14,20,[5 1],15,66,86,51,64
1,<environment.Job instance at 0x151fe6f97b40>,15,19,[2 5],16,65,84,49,65
1,<environment.Job instance at 0x151fe6f97eb0>,16,3,[ 1 10],17,86,89,69,73
1,<environment.Job instance at 0x151fe6f97870>,18,23,[6 2],19,98,121,79,98
1,<environment.Job instance at 0x15201c1a5aa0>,24,22,[10  2],25,136,158,111,136
1,<environment.Job instance at 0x15201c1a5cd0>,26,1,[ 1 10],27,158,159,131,136
1,<environment.Job instance at 0x15201c1a5fa0>,36,2,[1 5],37,231,233,194,231
1,<environment.Job instance at 0x151fe665ae10>,46,12,[1 8],47,294,306,247,294
1,<environment.Job instance at 0x151fe665a690>,49,19,[6 2],50,298,317,248,298
1,<environment.Job instance at 0x152022f36550>,59,20,[2 6],60,392,412,332,392
1,<environment.Job instance at 0x152022f36c80>,60,2,[9 2],61,412,414,351,393
1,<environment.Job instance at 0x151fe6ea6870>,62,3,[10  2],63,417,420,354,417
1,<environment.Job instance at 0x151fe6799d70>,64,3,[2 8],65,437,440,372,437
1,<environment.Job instance at 0x151fe68e07d0>,76,1,[1 6],77,546,547,469,546
1,<environment.Job instance at 0x151fe68e0cd0>,74,3,[7 2],75,547,550,472,547
1,<environment.Job instance at 0x151fe6ccab40>,79,16,[2 9],80,555,571,475,555
1,<environment.Job instance at 0x15201da9f050>,82,24,[ 2 10],83,574,598,491,574
1,<environment.Job instance at 0x15201da9fcd0>,88,2,[8 2],89,598,600,509,598
1,<environment.Job instance at 0x151fe6ab6d70>,2,1,[2 6],3,3,4,0,3
1,<environment.Job instance at 0x151fe6cdfc80>,5,25,[2 8],6,10,35,4,10
1,<environment.Job instance at 0x151fe6cdf1e0>,6,14,[9 2],7,35,49,28,24
1,<environment.Job instance at 0x151fe6cdfa50>,7,16,[2 5],8,51,67,43,51
1,<environment.Job instance at 0x151fe6cdf730>,8,15,[5 1],9,53,68,44,53
1,<environment.Job instance at 0x15201dcf83c0>,23,2,[1 7],24,179,181,155,179
1,<environment.Job instance at 0x15201dcf8aa0>,25,14,[9 1],26,179,193,153,179
1,<environment.Job instance at 0x15201dcf8cd0>,27,26,[8 1],28,201,227,173,201
1,<environment.Job instance at 0x15201dcf85a0>,28,25,[2 5],29,214,239,185,214
1,<environment.Job instance at 0x15201dcf8c80>,34,20,[1 7],35,282,302,247,282
1,<environment.Job instance at 0x1520225725a0>,37,22,[2 7],38,312,334,274,312
1,<environment.Job instance at 0x152022572730>,40,24,[5 2],41,334,358,293,334
1,<environment.Job instance at 0x152022572960>,41,18,[8 2],42,358,376,316,355
1,<environment.Job instance at 0x152022572640>,50,19,[1 6],51,435,454,384,435
1,<environment.Job instance at 0x152022572870>,51,3,[2 6],52,454,457,402,436
1,<environment.Job instance at 0x152022572550>,54,15,[2 6],55,457,472,402,452
1,<environment.Job instance at 0x151fe6f3aaf0>,66,23,[1 6],67,523,546,456,523
1,<environment.Job instance at 0x151fe6f3a320>,71,22,[6 1],72,596,618,524,596
1,<environment.Job instance at 0x152022fe8500>,78,21,[6 2],79,664,685,585,664
1,<environment.Job instance at 0x152022fe8640>,79,25,[1 7],80,672,697,592,672
1,<environment.Job instance at 0x152022f085a0>,82,21,[2 5],83,697,718,614,691
1,<environment.Job instance at 0x152022f087d0>,85,15,[2 5],86,710,725,624,710
1,<environment.Job instance at 0x151fe61fdb90>,87,24,[ 1 10],88,741,765,653,741
1,<environment.Job instance at 0x151fe6ed7dc0>,11,26,[2 9],12,91,117,79,91
1,<environment.Job instance at 0x151fe6ed78c0>,16,2,[2 6],17,117,119,100,105
1,<environment.Job instance at 0x15201e307320>,24,2,[10  2],25,162,164,137,162
1,<environment.Job instance at 0x151fe667d7d0>,29,14,[5 1],30,216,230,186,216
1,<environment.Job instance at 0x15201e5b10f0>,30,16,[8 2],31,230,246,199,218
1,<environment.Job instance at 0x152024fdcaa0>,31,3,[ 2 10],32,260,263,228,260
1,<environment.Job instance at 0x152020f11aa0>,37,1,[7 1],38,265,266,227,265
1,<environment.Job instance at 0x151fe68d1f00>,38,3,[ 2 10],39,275,278,236,275
1,<environment.Job instance at 0x152020f11b90>,39,19,[ 1 10],40,315,334,275,315
1,<environment.Job instance at 0x151fe696bf00>,55,24,[1 5],56,435,459,379,435
1,<environment.Job instance at 0x15201c608460>,60,22,[1 5],61,490,512,429,490
1,<environment.Job instance at 0x151fe6f77460>,88,12,[5 1],89,773,785,684,773
1,<environment.Job instance at 0x14f4dcc2aa50>,7,1,[7 2],8,8,9,0,8
1,<environment.Job instance at 0x14f4dcc2ab40>,8,2,[2 5],9,10,12,1,10
1,<environment.Job instance at 0x14f4dcc2aaf0>,9,2,[8 1],10,10,12,0,10
1,<environment.Job instance at 0x14f4dcc2a640>,12,22,[2 6],13,13,35,0,13
1,<environment.Job instance at 0x14f4dcc2aaa0>,11,14,[10  2],12,35,49,23,22
1,<environment.Job instance at 0x14f4dcc2c320>,18,3,[1 6],19,49,52,30,48
1,<environment.Job instance at 0x14f4dcc2c8c0>,26,20,[2 8],27,159,179,132,159
1,<environment.Job instance at 0x14f4dcc2ccd0>,31,23,[5 1],32,179,202,147,179
1,<environment.Job instance at 0x14f4dcc2caa0>,28,20,[1 9],29,182,202,153,182
1,<environment.Job instance at 0x14f4dcc2cb40>,33,2,[9 1],34,232,234,198,232
1,<environment.Job instance at 0x14f4dcc2d0f0>,44,13,[ 2 10],45,269,282,224,269
1,<environment.Job instance at 0x14f4dcc2d460>,45,15,[2 5],46,285,300,239,285
1,<environment.Job instance at 0x14f4dcc2d8c0>,48,1,[6 2],49,314,315,265,314
1,<environment.Job instance at 0x14f4dcc2db90>,50,23,[2 6],51,321,344,270,321
1,<environment.Job instance at 0x14f4dcc2dd70>,58,17,[2 7],59,377,394,318,377
1,<environment.Job instance at 0x14f4dcc300f0>,65,21,[10  1],66,396,417,330,396
1,<environment.Job instance at 0x14f4dcc30be0>,75,15,[2 6],76,512,527,436,512
1,<environment.Job instance at 0x14f4dcc30d20>,77,19,[8 1],78,512,531,434,512
1,<environment.Job instance at 0x14f4dcc329b0>,94,3,[6 2],95,678,681,583,678
1,<environment.Job instance at 0x14f4df31eaf0>,4,12,[10  1],5,6,18,1,6
1,<environment.Job instance at 0x14f4dec47460>,6,2,[7 1],7,18,20,11,12
1,<environment.Job instance at 0x14f4deab6550>,10,2,[ 2 10],11,22,24,11,22
1,<environment.Job instance at 0x14f4deb99be0>,8,18,[6 2],9,24,42,15,23
1,<environment.Job instance at 0x14f4deab6b40>,15,25,[2 7],16,35,60,19,35
1,<environment.Job instance at 0x14f4dec994b0>,39,3,[1 7],40,377,380,337,377
1,<environment.Job instance at 0x14f4dec99aa0>,49,19,[5 2],50,497,516,447,497
1,<environment.Job instance at 0x14f4df2a2280>,60,20,[6 1],61,557,577,496,557
1,<environment.Job instance at 0x14f4df26e500>,76,23,[9 2],77,695,718,618,695
1,<environment.Job instance at 0x14f4df2ab500>,80,14,[6 1],81,726,740,645,726
1,<environment.Job instance at 0x14f4df2e1a50>,83,2,[7 1],84,758,760,674,758
1,<environment.Job instance at 0x14f4df20a8c0>,89,14,[1 6],90,813,827,723,813
1,<environment.Job instance at 0x14f4deabad20>,95,1,[1 7],96,885,886,789,885
1,<environment.Job instance at 0x14f4deca2b90>,97,17,[6 2],98,916,933,818,916
1,<environment.Job instance at 0x14f4e400b910>,3,23,[5 1],4,4,27,0,4
1,<environment.Job instance at 0x14f497691640>,15,20,[1 5],16,80,100,64,80
1,<environment.Job instance at 0x14f4976917d0>,16,20,[2 5],17,87,107,70,87
1,<environment.Job instance at 0x14f497723410>,17,2,[10  2],18,107,109,89,91
1,<environment.Job instance at 0x14f497723b40>,18,19,[1 6],19,109,128,90,103
1,<environment.Job instance at 0x14f497732820>,23,20,[1 6],24,138,158,114,138
1,<environment.Job instance at 0x14f4977670f0>,29,18,[ 1 10],30,171,189,141,171
1,<environment.Job instance at 0x14f4977508c0>,31,2,[1 7],32,190,192,158,190
1,<environment.Job instance at 0x14f497750640>,32,15,[1 9],33,192,207,159,192
1,<environment.Job instance at 0x14f497760230>,35,15,[6 1],36,221,236,185,221
1,<environment.Job instance at 0x14f497763eb0>,41,3,[1 7],42,276,279,234,276
1,<environment.Job instance at 0x14f4976ad190>,52,26,[ 1 10],53,383,409,330,383
1,<environment.Job instance at 0x14f4976a96e0>,56,16,[7 2],57,409,425,352,404
1,<environment.Job instance at 0x14f4976afd70>,59,12,[1 9],60,460,472,400,460
1,<environment.Job instance at 0x14f4976b37d0>,65,19,[10  2],66,472,491,406,465
1,<environment.Job instance at 0x14f4976b3230>,70,2,[1 9],71,491,493,420,482
1,<environment.Job instance at 0x14f4976403c0>,87,3,[6 1],88,613,616,525,613
1,<environment.Job instance at 0x14f497640550>,90,3,[7 1],91,638,641,547,638
1,<environment.Job instance at 0x14f4deabbd20>,9,26,[5 1],10,19,45,9,19
1,<environment.Job instance at 0x14f4deabbe10>,7,24,[2 6],8,24,48,16,24
1,<environment.Job instance at 0x14f497727780>,5,22,[2 5],6,48,70,42,48
1,<environment.Job instance at 0x14f497b635a0>,21,15,[7 1],22,66,81,44,66
1,<environment.Job instance at 0x14f4deabb7d0>,11,25,[2 7],12,70,95,58,66
1,<environment.Job instance at 0x14f497cb1f00>,28,23,[6 1],29,105,128,76,105
1,<environment.Job instance at 0x14f497b632d0>,22,16,[2 8],23,107,123,84,107
1,<environment.Job instance at 0x14f497cb1460>,34,2,[2 6],35,123,125,88,123
1,<environment.Job instance at 0x14f497cb1230>,38,17,[2 8],39,166,183,127,166
1,<environment.Job instance at 0x14f497cb1280>,31,3,[7 1],32,188,191,156,188
1,<environment.Job instance at 0x14f497cb1820>,43,3,[6 1],44,197,200,153,197
1,<environment.Job instance at 0x14f497c6a140>,44,20,[1 6],45,203,223,158,203
1,<environment.Job instance at 0x14f497c6a280>,53,12,[2 5],54,255,267,201,255
1,<environment.Job instance at 0x14f497c6a8c0>,58,22,[7 1],59,304,326,245,304
1,<environment.Job instance at 0x14f497c6ab90>,59,3,[2 9],60,308,311,248,308
1,<environment.Job instance at 0x14f497b0deb0>,63,3,[1 6],64,344,347,280,344
1,<environment.Job instance at 0x14f497b0d5a0>,65,15,[5 2],66,364,379,298,364
1,<environment.Job instance at 0x14f497b83320>,67,17,[1 7],68,384,401,316,384
1,<environment.Job instance at 0x14f4de60a0a0>,70,18,[2 6],71,419,437,348,419
1,<environment.Job instance at 0x14f4dd063e60>,72,17,[1 9],73,437,454,364,430
1,<environment.Job instance at 0x14f4dec9fcd0>,81,21,[2 6],82,527,548,445,527
1,<environment.Job instance at 0x14f4dec9f460>,83,12,[10  1],84,548,560,464,533
1,<environment.Job instance at 0x14f4ded685a0>,9,23,[9 1],10,91,114,81,91
1,<environment.Job instance at 0x14f4ded68460>,12,1,[2 5],13,114,115,101,102
1,<environment.Job instance at 0x14f4e0030eb0>,16,21,[2 7],17,133,154,116,133
1,<environment.Job instance at 0x14f4e0030460>,21,14,[2 7],22,159,173,137,159
1,<environment.Job instance at 0x14f4dd0b7280>,24,27,[6 1],25,186,213,161,186
1,<environment.Job instance at 0x14f4dd0b7370>,26,22,[1 7],27,203,225,176,203
1,<environment.Job instance at 0x14f4dd0b70a0>,31,26,[7 1],32,224,250,192,224
1,<environment.Job instance at 0x14f4deaa4fa0>,35,18,[2 8],36,256,274,220,256
1,<environment.Job instance at 0x14f4df2e17d0>,46,24,[6 2],47,392,416,345,392
1,<environment.Job instance at 0x14f4df2e1dc0>,48,1,[2 6],49,401,402,352,401
1,<environment.Job instance at 0x14f4df2e13c0>,49,14,[7 1],50,416,430,366,404
1,<environment.Job instance at 0x14f4dd5adb90>,53,2,[8 2],54,450,452,396,450
1,<environment.Job instance at 0x14f4dd5ad460>,57,2,[9 2],58,476,478,418,476
1,<environment.Job instance at 0x14f4dd5adaf0>,58,28,[5 1],59,478,506,419,478
1,<environment.Job instance at 0x14f4dd5ad0f0>,59,1,[8 1],60,506,507,446,486
1,<environment.Job instance at 0x14f4dd5ad410>,54,3,[9 1],55,507,510,452,488
1,<environment.Job instance at 0x14f4dd5ad690>,63,2,[7 1],64,510,512,446,492
1,<environment.Job instance at 0x14f4dd5ada00>,66,1,[1 6],67,503,504,436,503
1,<environment.Job instance at 0x14f4deb58320>,90,19,[9 2],91,804,823,713,804
1,<environment.Job instance at 0x14f4deb58140>,89,23,[2 9],90,823,846,733,822
1,<environment.Job instance at 0x14f4deb87640>,95,2,[1 9],96,846,848,750,828
1,<environment.Job instance at 0x14f4deb875a0>,94,1,[2 7],95,848,849,753,828
1,<environment.Job instance at 0x14f4e35ca0f0>,7,1,[1 5],8,11,12,3,11
1,<environment.Job instance at 0x14f4e35caeb0>,10,21,[6 2],11,32,53,21,32
1,<environment.Job instance at 0x14f4dea6e410>,19,3,[ 2 10],20,110,113,90,110
1,<environment.Job instance at 0x14f4df5b0230>,16,16,[7 1],17,113,129,96,110
1,<environment.Job instance at 0x14f4dea6e780>,21,2,[2 5],22,113,115,91,110
1,<environment.Job instance at 0x14f4dea6e870>,22,3,[8 2],23,129,132,106,121
1,<environment.Job instance at 0x14f4dea6e460>,24,28,[7 1],25,132,160,107,132
1,<environment.Job instance at 0x14f4dea6e550>,30,14,[10  1],31,165,179,134,165
1,<environment.Job instance at 0x14f4dea6e6e0>,33,15,[6 1],34,179,194,145,167
1,<environment.Job instance at 0x14f4e35bba50>,36,2,[7 1],37,194,196,157,186
1,<environment.Job instance at 0x14f4e35bb280>,38,28,[7 2],39,210,238,171,210
1,<environment.Job instance at 0x14f4e35bb960>,42,1,[8 1],43,238,239,195,211
1,<environment.Job instance at 0x14f4ded60e60>,52,3,[8 1],53,275,278,222,275
1,<environment.Job instance at 0x14f4e3c6cb90>,55,3,[8 1],56,294,297,238,294
1,<environment.Job instance at 0x14f4e3c6c230>,61,3,[2 6],62,351,354,289,351
1,<environment.Job instance at 0x14f4e3c6c3c0>,62,3,[10  2],63,355,358,292,355
1,<environment.Job instance at 0x14f4e3c6c550>,70,1,[9 2],71,437,438,366,437
1,<environment.Job instance at 0x14f4e3c6ca00>,72,1,[5 2],73,452,453,379,452
1,<environment.Job instance at 0x14f4dea4f8c0>,77,24,[5 2],78,474,498,396,474
1,<environment.Job instance at 0x14f4dea4f6e0>,81,16,[1 7],82,495,511,413,495
1,<environment.Job instance at 0x14f4dea4fd20>,87,14,[1 5],88,525,539,437,525
1,<environment.Job instance at 0x14f4e35e5b40>,5,1,[1 7],6,14,15,8,14
1,<environment.Job instance at 0x14f4e35e5230>,8,24,[8 1],9,17,41,8,17
1,<environment.Job instance at 0x14f497a248c0>,1,20,[2 7],2,19,39,17,19
1,<environment.Job instance at 0x14f4e35e5dc0>,12,1,[5 1],13,57,58,44,57
1,<environment.Job instance at 0x14f4e35e5820>,9,19,[ 1 10],10,66,85,56,66
1,<environment.Job instance at 0x14f4973b12d0>,18,3,[1 5],19,90,93,71,90
1,<environment.Job instance at 0x14f4973b1820>,17,19,[1 7],18,109,128,91,109
1,<environment.Job instance at 0x14f4973b17d0>,24,1,[8 2],25,140,141,115,140
1,<environment.Job instance at 0x14f49777e0f0>,36,17,[1 6],37,178,195,141,178
1,<environment.Job instance at 0x14f49777e7d0>,40,23,[5 1],41,186,209,145,186
1,<environment.Job instance at 0x14f49777ec30>,48,2,[2 5],49,278,280,229,278
1,<environment.Job instance at 0x14f49777ecd0>,49,13,[8 2],50,298,311,248,298
1,<environment.Job instance at 0x14f4dd17b190>,56,19,[5 2],57,318,337,261,318
1,<environment.Job instance at 0x14f4dd17b370>,57,18,[8 1],58,337,355,279,330
1,<environment.Job instance at 0x14f4dd17b5a0>,62,14,[2 7],63,372,386,309,372
1,<environment.Job instance at 0x14f4dd17b7d0>,64,19,[8 2],65,385,404,320,385
1,<environment.Job instance at 0x14f4dd17ba00>,68,3,[ 2 10],69,470,473,401,470
1,<environment.Job instance at 0x14f4dd178960>,92,14,[6 1],93,721,735,628,721
1,<environment.Job instance at 0x14f4dd178d20>,93,2,[2 9],94,724,726,630,724
1,<environment.Job instance at 0x14f4dd178c80>,97,26,[6 2],98,775,801,677,775
1,<environment.Job instance at 0x14f4dd153050>,98,16,[10  1],99,801,817,702,794
1,<environment.Job instance at 0x14f4de603a00>,1,13,[1 8],2,2,15,0,2
1,<environment.Job instance at 0x14f4de6031e0>,0,2,[7 1],1,2,4,1,2
1,<environment.Job instance at 0x14f4e3eece60>,5,14,[1 8],6,17,31,11,17
1,<environment.Job instance at 0x14f4df19d1e0>,14,22,[10  1],15,101,123,86,101
1,<environment.Job instance at 0x14f4df19d5f0>,16,3,[ 1 10],17,143,146,126,143
1,<environment.Job instance at 0x14f4e3c6a870>,21,1,[5 2],22,165,166,143,165
1,<environment.Job instance at 0x14f4e5517be0>,22,26,[8 2],23,166,192,143,165
1,<environment.Job instance at 0x14f4debfdb40>,28,16,[10  2],29,194,210,165,194
1,<environment.Job instance at 0x14f4debfd8c0>,31,2,[2 7],32,210,212,178,204
1,<environment.Job instance at 0x14f4dec259b0>,35,26,[6 2],36,236,262,200,236
1,<environment.Job instance at 0x14f4e5ec12d0>,44,12,[1 7],45,347,359,302,347
1,<environment.Job instance at 0x14f4df2a99b0>,51,3,[6 1],52,406,409,354,406
1,<environment.Job instance at 0x14f4df2eae60>,57,19,[9 1],58,483,502,425,483
1,<environment.Job instance at 0x14f4df2eadc0>,58,15,[6 2],59,502,517,443,488
1,<environment.Job instance at 0x14f4df2eaa50>,60,15,[ 1 10],61,517,532,456,512
1,<environment.Job instance at 0x14f4df2ea960>,63,20,[1 6],64,532,552,468,532
1,<environment.Job instance at 0x14f4df1ba3c0>,68,28,[6 1],69,619,647,550,619
1,<environment.Job instance at 0x14f4dec4cb40>,71,3,[1 5],72,620,623,548,620
1,<environment.Job instance at 0x14f4debc7c80>,73,14,[1 6],74,627,641,553,627
1,<environment.Job instance at 0x14f4e35e71e0>,72,14,[9 2],73,647,661,574,634
1,<environment.Job instance at 0x14f4df2c8c80>,84,2,[10  2],85,696,698,611,696
1,<environment.Job instance at 0x14f497a84370>,90,24,[8 2],91,747,771,656,747
1,<environment.Job instance at 0x14f4df1d6190>,95,2,[8 1],96,780,782,684,780
1,<environment.Job instance at 0x14f4df1d6370>,96,1,[2 9],97,781,782,684,781
1,<environment.Job instance at 0x14f4dd063b90>,1,3,[6 1],2,24,27,22,24
1,<environment.Job instance at 0x14f4df5586e0>,5,1,[9 1],6,52,53,46,52
1,<environment.Job instance at 0x14f4df558550>,13,17,[9 1],14,53,70,39,53
1,<environment.Job instance at 0x14f4e351ff50>,18,17,[2 8],19,115,132,96,115
1,<environment.Job instance at 0x14f4e351fe60>,19,13,[5 1],20,120,133,100,120
1,<environment.Job instance at 0x14f4e351f870>,34,23,[ 1 10],35,216,239,181,216
1,<environment.Job instance at 0x14f4e351fd20>,35,3,[7 1],36,239,242,203,223
1,<environment.Job instance at 0x14f4e58da640>,37,1,[1 5],38,239,240,201,225
1,<environment.Job instance at 0x14f4e58da410>,38,15,[2 6],39,240,255,201,227
1,<environment.Job instance at 0x14f4e58da190>,41,1,[8 1],42,254,255,212,254
1,<environment.Job instance at 0x14f4e58da5a0>,43,2,[1 7],44,256,258,212,256
1,<environment.Job instance at 0x14f4df1a1870>,65,1,[10  1],66,463,464,397,463
1,<environment.Job instance at 0x14f4977835f0>,75,20,[1 9],76,536,556,460,536
1,<environment.Job instance at 0x14f497e01a50>,88,25,[ 1 10],89,657,682,568,657
1,<environment.Job instance at 0x14f497767cd0>,2,18,[1 8],3,13,31,10,13
1,<environment.Job instance at 0x14f497be3730>,9,3,[5 1],10,60,63,50,60
1,<environment.Job instance at 0x14f4e3c60f50>,18,15,[9 2],19,128,143,109,128
1,<environment.Job instance at 0x14f4973366e0>,21,17,[1 8],22,135,152,113,135
1,<environment.Job instance at 0x14f497336230>,24,12,[1 8],25,241,253,216,241
1,<environment.Job instance at 0x14f4e35bf280>,28,25,[2 6],29,266,291,237,266
1,<environment.Job instance at 0x14f4e54e0960>,29,18,[5 2],30,266,284,236,266
1,<environment.Job instance at 0x14f497a30c30>,32,13,[10  1],33,323,336,290,323
1,<environment.Job instance at 0x14f4dea4f5f0>,41,2,[8 2],42,416,418,374,416
1,<environment.Job instance at 0x14f4de626550>,45,1,[9 1],46,457,458,411,457
1,<environment.Job instance at 0x14f4e549f320>,53,2,[9 1],54,517,519,463,517
1,<environment.Job instance at 0x14f4df5f6f50>,56,21,[6 2],57,571,592,514,571
1,<environment.Job instance at 0x14f497742410>,60,20,[1 8],61,591,611,530,591
1,<environment.Job instance at 0x14f497742550>,62,13,[7 2],63,599,612,536,599
1,<environment.Job instance at 0x14f4977420f0>,63,14,[10  2],64,619,633,555,619
1,<environment.Job instance at 0x14f4df5da190>,67,22,[5 1],68,643,665,575,643
1,<environment.Job instance at 0x14f4df5dabe0>,69,3,[1 7],70,654,657,584,654
1,<environment.Job instance at 0x14f4df1c87d0>,78,3,[5 2],79,718,721,639,718
1,<environment.Job instance at 0x14f4df1c8500>,84,1,[8 2],85,797,798,712,797
1,<environment.Job instance at 0x14f4dec95be0>,86,16,[7 2],87,831,847,744,831
1,<environment.Job instance at 0x14f4dec954b0>,89,28,[2 7],90,867,895,777,867
1,<environment.Job instance at 0x14f4dec95960>,96,24,[5 2],97,925,949,828,925
1,<environment.Job instance at 0x14f4dec958c0>,97,2,[ 2 10],98,949,951,851,927
1,<environment.Job instance at 0x14f497269690>,5,17,[10  1],6,10,27,4,10
1,<environment.Job instance at 0x14f497734d20>,10,22,[ 2 10],11,27,49,16,21
1,<environment.Job instance at 0x14f4977344b0>,16,28,[2 7],17,57,85,40,57
1,<environment.Job instance at 0x14f497734be0>,18,3,[1 8],19,94,97,75,94
1,<environment.Job instance at 0x14f4977342d0>,19,12,[1 8],20,97,109,77,96
1,<environment.Job instance at 0x14f4dd0dc320>,23,1,[1 7],24,109,110,85,98
1,<environment.Job instance at 0x14f497734190>,21,2,[5 1],22,100,102,78,100
1,<environment.Job instance at 0x14f4dd0dc190>,29,26,[2 5],30,154,180,124,154
1,<environment.Job instance at 0x14f497c31be0>,31,13,[1 8],32,180,193,148,170
1,<environment.Job instance at 0x14f497c31320>,34,3,[2 9],35,193,196,158,190
1,<environment.Job instance at 0x14f497c31050>,38,23,[1 9],39,229,252,190,229
1,<environment.Job instance at 0x14f4dea6ef50>,53,18,[10  2],54,345,363,291,345
1,<environment.Job instance at 0x14f4dea6ed20>,54,26,[5 1],55,365,391,310,365
1,<environment.Job instance at 0x14f4d8071190>,57,2,[1 8],58,375,377,317,375
1,<environment.Job instance at 0x14f4d8071410>,58,16,[2 8],59,378,394,319,378
1,<environment.Job instance at 0x14f4d8071eb0>,65,21,[ 2 10],66,432,453,366,432
1,<environment.Job instance at 0x14f49759feb0>,72,3,[1 6],73,530,533,457,530
1,<environment.Job instance at 0x14f49759fb90>,80,21,[2 5],81,533,554,452,532
1,<environment.Job instance at 0x14f49759f140>,82,2,[1 9],83,554,556,471,538
1,<environment.Job instance at 0x14f4df21d0a0>,85,19,[1 9],86,567,586,481,567
1,<environment.Job instance at 0x14f4df21d7d0>,89,18,[1 9],90,586,604,496,575
1,<environment.Job instance at 0x14f4df21d9b0>,90,18,[ 2 10],91,604,622,513,593
1,<environment.Job instance at 0x14f4df21d5a0>,92,1,[5 1],93,622,623,529,605
1,<environment.Job instance at 0x14f4df21d370>,93,15,[2 9],94,622,637,528,609
1,<environment.Job instance at 0x14f4df21de60>,97,12,[1 5],98,666,678,568,666
1,<environment.Job instance at 0x14f497e01f50>,0,22,[6 1],1,4,26,3,4
1,<environment.Job instance at 0x14f497c47d20>,10,13,[2 6],11,34,47,23,34
1,<environment.Job instance at 0x14f497c470a0>,11,23,[5 1],12,35,58,23,35
1,<environment.Job instance at 0x14f4df1a1c30>,33,18,[7 1],34,235,253,201,235
1,<environment.Job instance at 0x14f4dd5c3370>,36,13,[1 5],37,244,257,207,244
1,<environment.Job instance at 0x14f4deb65f50>,39,21,[1 5],40,259,280,219,259
1,<environment.Job instance at 0x14f4deb65730>,41,2,[ 1 10],42,280,282,238,261
1,<environment.Job instance at 0x14f4deb65aa0>,45,24,[1 7],46,282,306,236,277
1,<environment.Job instance at 0x14f4dec4de60>,49,18,[2 7],50,306,324,256,300
1,<environment.Job instance at 0x14f4dec4da50>,50,1,[2 9],51,324,325,273,310
1,<environment.Job instance at 0x14f4dec4d6e0>,54,1,[1 7],55,372,373,317,372
1,<environment.Job instance at 0x14f4df1dfe10>,55,18,[2 7],56,373,391,317,373
1,<environment.Job instance at 0x14f4df1df280>,60,2,[2 7],61,391,393,330,390
1,<environment.Job instance at 0x14f4e3f4d550>,61,19,[5 2],62,395,414,333,395
1,<environment.Job instance at 0x14f4df1dfbe0>,63,2,[1 8],64,412,414,348,412
1,<environment.Job instance at 0x14f4dec6f280>,66,13,[1 7],67,466,479,399,466
1,<environment.Job instance at 0x14f4dec6f410>,67,1,[ 1 10],68,479,480,411,472
1,<environment.Job instance at 0x14f4972f4870>,72,16,[1 6],73,525,541,452,525
1,<environment.Job instance at 0x14f4e1eb5a50>,85,17,[10  2],86,674,691,588,674
1,<environment.Job instance at 0x14f4977be4b0>,10,14,[9 2],11,46,60,35,46
1,<environment.Job instance at 0x14f4977be550>,11,16,[2 6],12,60,76,48,53
1,<environment.Job instance at 0x14f4977be690>,13,17,[5 1],14,60,77,46,53
1,<environment.Job instance at 0x14f4977be5f0>,12,20,[6 1],13,77,97,64,75
1,<environment.Job instance at 0x14f4977bea50>,19,18,[1 5],20,76,94,56,76
1,<environment.Job instance at 0x14f4977bef00>,23,15,[2 7],24,104,119,80,104
1,<environment.Job instance at 0x14f4977befa0>,24,1,[9 2],25,119,120,94,113
1,<environment.Job instance at 0x14f4977a4320>,29,26,[ 1 10],30,127,153,97,127
1,<environment.Job instance at 0x14f4977a4a00>,40,3,[2 6],41,253,256,212,253
1,<environment.Job instance at 0x14f4977a4c80>,44,13,[10  1],45,256,269,211,254
1,<environment.Job instance at 0x14f4977a4d20>,45,19,[1 5],46,269,288,223,268
1,<environment.Job instance at 0x14f4977a4d70>,48,14,[9 2],49,281,295,232,281
1,<environment.Job instance at 0x14f497787190>,56,1,[2 6],57,345,346,288,345
1,<environment.Job instance at 0x14f4977874b0>,57,1,[2 7],58,347,348,289,347
1,<environment.Job instance at 0x14f4977876e0>,58,3,[2 7],59,359,362,300,359
1,<environment.Job instance at 0x14f497787b90>,67,2,[2 5],68,396,398,328,396
1,<environment.Job instance at 0x14f497791550>,79,22,[ 1 10],80,464,486,384,464
1,<environment.Job instance at 0x14f497791910>,83,27,[8 1],84,486,513,402,486
1,<environment.Job instance at 0x14f497791af0>,86,15,[7 2],87,513,528,426,506
1,<environment.Job instance at 0x14f497791e10>,91,2,[ 1 10],92,600,602,508,600
1,<environment.Job instance at 0x14f49779c190>,96,23,[ 2 10],97,602,625,505,600
1,<environment.Job instance at 0x14f497550d70>,2,20,[1 5],3,3,23,0,3
1,<environment.Job instance at 0x14f4e3f55320>,7,20,[1 9],8,23,43,15,14
1,<environment.Job instance at 0x14f4e3f55aa0>,10,21,[5 1],11,34,55,23,34
1,<environment.Job instance at 0x14f4e3f55910>,13,27,[6 1],14,55,82,41,53
1,<environment.Job instance at 0x14f4e3f55f00>,15,22,[2 5],16,59,81,43,59
1,<environment.Job instance at 0x14f4e3f55a50>,18,28,[2 5],19,87,115,68,87
1,<environment.Job instance at 0x14f49730ff00>,22,20,[2 9],23,130,150,107,130
1,<environment.Job instance at 0x14f49730faf0>,23,2,[1 9],24,150,152,126,134
1,<environment.Job instance at 0x14f49730ff50>,25,16,[7 2],26,152,168,126,143
1,<environment.Job instance at 0x14f49730f280>,27,1,[ 1 10],28,168,169,140,167
1,<environment.Job instance at 0x14f49730fd70>,29,1,[ 2 10],30,189,190,159,189
1,<environment.Job instance at 0x14f49732a3c0>,45,3,[5 1],46,394,397,348,394
1,<environment.Job instance at 0x14f497309c30>,57,23,[1 7],58,544,567,486,544
1,<environment.Job instance at 0x14f497312780>,67,26,[2 6],68,616,642,548,616
1,<environment.Job instance at 0x14f497312500>,71,3,[ 2 10],72,642,645,570,642
1,<environment.Job instance at 0x14f497312870>,72,19,[2 5],73,645,664,572,643
1,<environment.Job instance at 0x14f497312eb0>,77,1,[1 9],78,718,719,640,718
1,<environment.Job instance at 0x14f497301cd0>,79,17,[ 1 10],80,736,753,656,736
1,<environment.Job instance at 0x14f4978c46e0>,87,24,[5 2],88,834,858,746,834
1,<environment.Job instance at 0x14f4973de6e0>,94,25,[5 1],95,924,949,829,924
1,<environment.Job instance at 0x14f4e3626960>,10,16,[2 6],11,45,61,34,45
1,<environment.Job instance at 0x14f4e3626dc0>,11,15,[5 1],12,72,87,60,72
1,<environment.Job instance at 0x14f4e3626b40>,14,1,[2 6],15,78,79,63,78
1,<environment.Job instance at 0x14f4e3626e60>,17,1,[ 1 10],18,97,98,79,97
1,<environment.Job instance at 0x14f4e3626c80>,20,23,[9 2],21,127,150,106,127
1,<environment.Job instance at 0x14f497e95b90>,26,18,[2 6],27,153,171,126,153
1,<environment.Job instance at 0x14f497e952d0>,27,16,[8 2],28,154,170,126,154
1,<environment.Job instance at 0x14f497e95c80>,30,24,[1 6],31,174,198,143,174
1,<environment.Job instance at 0x14f497e95320>,37,15,[2 9],38,205,220,167,205
1,<environment.Job instance at 0x14f497600050>,44,21,[9 1],45,271,292,226,271
1,<environment.Job instance at 0x14f497600960>,45,14,[2 7],46,292,306,246,279
1,<environment.Job instance at 0x14f497770c30>,59,15,[1 6],60,387,402,327,387
1,<environment.Job instance at 0x14f497770870>,61,14,[9 2],62,414,428,352,414
1,<environment.Job instance at 0x14f497ecc7d0>,64,14,[2 5],65,428,442,363,423
1,<environment.Job instance at 0x14f497eccaa0>,65,13,[1 9],66,442,455,376,428
1,<environment.Job instance at 0x14f4e35d5730>,72,15,[1 5],73,466,481,393,466
1,<environment.Job instance at 0x14f4e35d59b0>,81,13,[1 7],82,541,554,459,541
1,<environment.Job instance at 0x14f4df5fb410>,92,3,[2 5],93,678,681,585,678
1,<environment.Job instance at 0x14f497becfa0>,2,28,[2 7],3,9,37,6,9
1,<environment.Job instance at 0x14f4e35cad70>,5,3,[2 7],6,37,40,31,23
1,<environment.Job instance at 0x14f497b7ea50>,18,20,[2 9],19,108,128,89,108
1,<environment.Job instance at 0x14f49785aa50>,25,3,[ 2 10],26,147,150,121,147
1,<environment.Job instance at 0x14f49785a320>,27,1,[6 1],28,150,151,122,147
1,<environment.Job instance at 0x14f49785a690>,37,15,[7 1],38,250,265,212,250
1,<environment.Job instance at 0x14f497fbe690>,70,20,[9 1],71,594,614,523,594
1,<environment.Job instance at 0x14f4e351feb0>,76,12,[1 8],77,666,678,589,666
1,<environment.Job instance at 0x14f4e351f2d0>,77,1,[7 1],78,677,678,599,677
1,<environment.Job instance at 0x14f4e351fd20>,79,19,[6 2],80,678,697,598,678
1,<environment.Job instance at 0x14f4e3c6a4b0>,92,3,[10  2],93,818,821,725,818
1,<environment.Job instance at 0x14f4973dc5a0>,5,13,[2 8],6,7,20,1,7
1,<environment.Job instance at 0x14f4973dcaa0>,6,1,[1 6],7,20,21,13,7
1,<environment.Job instance at 0x14f4e351f190>,4,3,[7 2],5,10,13,5,10
1,<environment.Job instance at 0x14f497992a00>,9,16,[2 9],10,21,37,11,11
1,<environment.Job instance at 0x14f4dd056230>,15,22,[6 1],16,37,59,21,37
1,<environment.Job instance at 0x14f4dd0561e0>,14,24,[1 9],15,37,61,22,37
1,<environment.Job instance at 0x14f4dd056d70>,20,24,[2 8],21,77,101,56,77
1,<environment.Job instance at 0x14f4debe7230>,22,1,[2 6],23,101,102,78,82
1,<environment.Job instance at 0x14f4debe75f0>,27,16,[2 5],28,110,126,82,110
1,<environment.Job instance at 0x14f4debe7730>,29,15,[10  1],30,137,152,107,137
1,<environment.Job instance at 0x14f4debe7780>,28,15,[5 1],29,152,167,123,138
1,<environment.Job instance at 0x14f49776f960>,53,17,[10  1],54,353,370,299,353
1,<environment.Job instance at 0x14f49776ffa0>,60,24,[5 2],61,442,466,381,442
1,<environment.Job instance at 0x14f49776fbe0>,62,1,[7 2],63,466,467,403,454
1,<environment.Job instance at 0x14f49776ff00>,61,18,[8 2],62,500,518,438,500
1,<environment.Job instance at 0x14f497750460>,70,19,[1 6],71,562,581,491,562
1,<environment.Job instance at 0x14f497750c80>,81,1,[8 1],82,626,627,544,626
1,<environment.Job instance at 0x14f497760460>,86,23,[1 6],87,684,707,597,684
1,<environment.Job instance at 0x14f4977605a0>,88,15,[9 1],89,699,714,610,699
1,<environment.Job instance at 0x14f497760be0>,98,21,[6 2],99,780,801,681,780
1,<environment.Job instance at 0x14f4979d3370>,5,15,[2 5],6,20,35,14,20
1,<environment.Job instance at 0x14f4e3ee52d0>,15,1,[7 2],16,76,77,60,76
1,<environment.Job instance at 0x14f497c99140>,22,2,[8 1],23,170,172,147,170
1,<environment.Job instance at 0x14f4debfd820>,24,21,[5 2],25,176,197,151,176
1,<environment.Job instance at 0x14f4d8054500>,39,14,[5 1],40,298,312,258,298
1,<environment.Job instance at 0x14f4df230910>,40,16,[8 2],41,312,328,271,306
1,<environment.Job instance at 0x14f4d8054820>,41,3,[ 2 10],42,331,334,289,331
1,<environment.Job instance at 0x14f4dec56b40>,45,25,[2 7],46,346,371,300,346
1,<environment.Job instance at 0x14f497756b40>,48,3,[ 2 10],49,371,374,322,362
1,<environment.Job instance at 0x14f49774ce60>,47,1,[7 1],48,445,446,397,445
1,<environment.Job instance at 0x14f49761b550>,66,23,[7 1],67,518,541,451,518
1,<environment.Job instance at 0x14f4976dda50>,71,19,[1 7],72,545,564,473,545
1,<environment.Job instance at 0x14f497411870>,83,1,[7 1],84,806,807,722,806
1,<environment.Job instance at 0x14f497d6c730>,85,26,[1 5],86,838,864,752,838
1,<environment.Job instance at 0x14f4df240190>,98,12,[5 1],99,954,966,855,954
1,<environment.Job instance at 0x14f497640f00>,6,1,[2 7],7,47,48,40,47
1,<environment.Job instance at 0x14f497640870>,9,13,[5 2],10,51,64,41,51
1,<environment.Job instance at 0x14f497a45640>,13,18,[1 8],14,122,140,108,122
1,<environment.Job instance at 0x14f497a45be0>,16,13,[2 8],17,140,153,123,137
1,<environment.Job instance at 0x14f497a45960>,19,2,[6 2],20,146,148,126,146
1,<environment.Job instance at 0x14f497a458c0>,23,1,[7 1],24,195,196,171,195
1,<environment.Job instance at 0x14f497a457d0>,27,18,[5 1],28,259,277,231,259
1,<environment.Job instance at 0x14f4df1b65f0>,31,26,[1 9],32,267,293,235,267
1,<environment.Job instance at 0x14f4df1b62d0>,35,25,[1 5],36,293,318,257,291
1,<environment.Job instance at 0x14f4df1b6500>,34,2,[5 2],35,293,295,258,293
1,<environment.Job instance at 0x14f4df1b6a50>,38,18,[8 2],39,301,319,262,301
1,<environment.Job instance at 0x14f4df1b6be0>,41,13,[2 6],42,329,342,287,329
1,<environment.Job instance at 0x14f4df1b68c0>,42,1,[ 1 10],43,342,343,299,330
1,<environment.Job instance at 0x14f4e352bb40>,55,3,[1 5],56,443,446,387,443
1,<environment.Job instance at 0x14f497e47550>,67,25,[2 8],68,524,549,456,524
1,<environment.Job instance at 0x14f497973280>,89,15,[6 2],90,694,709,604,694
1,<environment.Job instance at 0x14f4deb7ac80>,91,22,[2 5],92,698,720,606,698
1,<environment.Job instance at 0x14f4977a5b40>,6,2,[10  2],7,8,10,1,8
1,<environment.Job instance at 0x14f497461460>,14,16,[7 2],15,76,92,61,76
1,<environment.Job instance at 0x14f4e1ea2fa0>,17,1,[ 1 10],18,92,93,74,77
1,<environment.Job instance at 0x14f49766cdc0>,29,3,[2 6],30,221,224,191,221
1,<environment.Job instance at 0x14f4deabce60>,49,17,[6 2],50,462,479,412,462
1,<environment.Job instance at 0x14f49726d6e0>,54,3,[9 1],55,522,525,467,522
1,<environment.Job instance at 0x14f49726da50>,55,14,[5 2],56,528,542,472,528
1,<environment.Job instance at 0x14f497271b40>,68,25,[5 1],69,617,642,548,617
1,<environment.Job instance at 0x14f4972719b0>,71,16,[1 9],72,685,701,613,685
1,<environment.Job instance at 0x14f4972718c0>,77,16,[7 1],78,686,702,608,686
1,<environment.Job instance at 0x14f4df1a9af0>,82,3,[8 1],83,764,767,681,764
1,<environment.Job instance at 0x14f4df1a99b0>,83,18,[1 5],84,779,797,695,779
1,<environment.Job instance at 0x14f4df1a9fa0>,89,1,[8 2],90,831,832,741,831
1,<environment.Job instance at 0x14f4df1a9370>,91,27,[5 1],92,852,879,760,852
1,<environment.Job instance at 0x14f4df1a90a0>,94,1,[9 2],95,879,880,784,865
1,<environment.Job instance at 0x14f4df1c5460>,97,23,[8 1],98,880,903,782,878
1,<environment.Job instance at 0x14859025faf0>,3,2,[1 7],4,4,6,0,4
1,<environment.Job instance at 0x148586eec730>,8,2,[2 5],9,11,13,2,11
1,<environment.Job instance at 0x148586eeccd0>,11,14,[10  2],12,15,29,3,15
1,<environment.Job instance at 0x148586eecd20>,12,22,[2 6],13,29,51,16,24
1,<environment.Job instance at 0x148586eef370>,18,3,[1 6],19,89,92,70,89
1,<environment.Job instance at 0x148586eef500>,23,3,[7 2],24,142,145,118,142
1,<environment.Job instance at 0x148586eef960>,28,20,[1 9],29,182,202,153,182
1,<environment.Job instance at 0x148586eefd20>,34,20,[5 1],35,191,211,156,191
1,<environment.Job instance at 0x148586eee230>,40,19,[1 7],41,235,254,194,235
1,<environment.Job instance at 0x148586eeeaa0>,54,22,[9 1],55,336,358,281,336
1,<environment.Job instance at 0x148586ef3cd0>,80,2,[1 5],81,548,550,467,548
1,<environment.Job instance at 0x148586ef3c80>,81,2,[9 2],82,554,556,472,554
1,<environment.Job instance at 0x148586ef4e10>,106,2,[7 1],107,814,816,707,814
1,<environment.Job instance at 0x148586ef9140>,108,18,[6 2],109,817,835,708,817
1,<environment.Job instance at 0x14858431ff50>,3,28,[2 5],4,4,32,0,4
1,<environment.Job instance at 0x1485895f8f50>,7,20,[1 9],8,38,58,30,38
1,<environment.Job instance at 0x1485894ff4b0>,14,12,[10  2],15,58,70,43,41
1,<environment.Job instance at 0x148588e9dfa0>,15,17,[5 1],16,70,87,54,58
1,<environment.Job instance at 0x1485895f8050>,16,13,[9 1],17,108,121,91,108
1,<environment.Job instance at 0x14858954faa0>,45,1,[6 1],46,420,421,374,420
1,<environment.Job instance at 0x14858954ff00>,50,20,[6 1],51,448,468,397,448
1,<environment.Job instance at 0x14858954f5a0>,52,1,[6 2],53,468,469,415,451
1,<environment.Job instance at 0x14858956d230>,55,15,[8 1],56,475,490,419,475
1,<environment.Job instance at 0x148589559fa0>,70,14,[6 1],71,610,624,539,610
1,<environment.Job instance at 0x1485895e0320>,73,2,[7 1],74,641,643,567,641
1,<environment.Job instance at 0x1485895a3460>,85,1,[1 7],86,768,769,682,768
1,<environment.Job instance at 0x1485895f74b0>,105,20,[1 5],106,1008,1028,902,1008
1,<environment.Job instance at 0x1485895f75f0>,106,20,[2 5],107,1008,1028,901,1008
1,<environment.Job instance at 0x1485895f7a50>,107,2,[10  2],108,1028,1030,920,1011
1,<environment.Job instance at 0x1485895f7910>,108,19,[1 6],109,1030,1049,921,1021
1,<environment.Job instance at 0x1485895a7050>,2,20,[7 2],3,5,25,2,5
1,<environment.Job instance at 0x1485895f8dc0>,3,20,[1 6],4,10,30,6,10
1,<environment.Job instance at 0x1485659e2af0>,9,18,[ 1 10],10,30,48,20,22
1,<environment.Job instance at 0x148565a8e230>,11,2,[1 7],12,48,50,36,25
1,<environment.Job instance at 0x1485659e2d70>,7,3,[2 5],8,50,53,42,25
1,<environment.Job instance at 0x14856593cb90>,14,2,[1 6],15,53,55,38,30
1,<environment.Job instance at 0x1485659b5190>,17,20,[7 2],18,48,68,30,45
1,<environment.Job instance at 0x148565a8eeb0>,12,15,[1 9],13,68,83,55,54
1,<environment.Job instance at 0x148565a27f50>,20,24,[1 5],21,83,107,62,78
1,<environment.Job instance at 0x1485659f18c0>,25,20,[9 1],26,86,106,60,86
1,<environment.Job instance at 0x1485659f1d20>,26,21,[1 7],27,107,128,80,100
1,<environment.Job instance at 0x148565a1a640>,27,20,[5 2],28,108,128,80,108
1,<environment.Job instance at 0x148565a0c0f0>,35,16,[10  1],36,191,207,155,191
1,<environment.Job instance at 0x148565963320>,39,12,[1 9],40,222,234,182,222
1,<environment.Job instance at 0x14856596e050>,41,17,[2 6],42,234,251,192,225
1,<environment.Job instance at 0x148565967690>,43,2,[8 1],44,236,238,192,236
1,<environment.Job instance at 0x148565a2b730>,45,19,[10  2],46,251,270,205,241
1,<environment.Job instance at 0x148565a25730>,65,1,[2 7],66,438,439,372,438
1,<environment.Job instance at 0x148565a18140>,69,1,[2 8],70,455,456,385,455
1,<environment.Job instance at 0x148565a18190>,75,20,[2 9],76,510,530,434,510
1,<environment.Job instance at 0x148565a18820>,79,3,[2 9],80,532,535,452,532
1,<environment.Job instance at 0x148565a18a00>,82,12,[8 1],83,535,547,452,535
1,<environment.Job instance at 0x148565a18d20>,85,22,[2 5],86,550,572,464,550
1,<environment.Job instance at 0x1485658f4500>,99,14,[1 9],100,641,655,541,641
1,<environment.Job instance at 0x1485658f40f0>,103,3,[9 2],104,655,658,551,641
1,<environment.Job instance at 0x1485658f4d70>,104,22,[7 2],105,666,688,561,666
1,<environment.Job instance at 0x14858e28a5a0>,1,3,[7 1],2,3,6,1,3
1,<environment.Job instance at 0x1485658fcb40>,4,2,[2 6],5,19,21,14,19
1,<environment.Job instance at 0x148565f5e410>,6,3,[7 1],7,20,23,13,20
1,<environment.Job instance at 0x148565f5ee10>,9,21,[1 7],10,23,44,13,23
1,<environment.Job instance at 0x148565f5e4b0>,8,17,[2 8],9,44,61,35,35
1,<environment.Job instance at 0x148565f5ec80>,11,14,[5 1],12,46,60,34,46
1,<environment.Job instance at 0x148565f5e5a0>,13,3,[6 1],14,60,63,46,47
1,<environment.Job instance at 0x148565f5e820>,14,20,[1 6],15,61,81,46,54
1,<environment.Job instance at 0x148565f5edc0>,17,28,[2 5],18,86,114,68,86
1,<environment.Job instance at 0x148565f5ef00>,23,12,[2 5],24,104,116,80,104
1,<environment.Job instance at 0x148565ef2af0>,26,20,[1 7],27,126,146,99,126
1,<environment.Job instance at 0x148565ef21e0>,29,3,[2 9],30,146,149,116,142
1,<environment.Job instance at 0x148565ef26e0>,33,3,[1 6],34,222,225,188,222
1,<environment.Job instance at 0x148565ef2c30>,35,15,[5 2],36,236,251,200,236
1,<environment.Job instance at 0x148565ef25f0>,36,21,[10  1],37,252,273,215,252
1,<environment.Job instance at 0x148565f63960>,47,1,[6 1],48,312,313,264,312
1,<environment.Job instance at 0x148565f63dc0>,52,12,[2 8],53,359,371,306,359
1,<environment.Job instance at 0x148565f63500>,53,12,[10  1],54,371,383,317,359
1,<environment.Job instance at 0x148565f5b280>,70,15,[2 8],71,542,557,471,542
1,<environment.Job instance at 0x1485842e6d20>,99,23,[1 6],100,857,880,757,857
1,<environment.Job instance at 0x148589541500>,7,26,[1 5],8,19,45,11,19
1,<environment.Job instance at 0x1485895413c0>,8,1,[2 6],9,45,46,36,21
1,<environment.Job instance at 0x148588fdd820>,13,2,[8 2],14,53,55,39,53
1,<environment.Job instance at 0x148587382820>,33,21,[5 1],34,175,196,141,175
1,<environment.Job instance at 0x148587382410>,36,26,[10  2],37,218,244,181,218
1,<environment.Job instance at 0x14858f7ecaf0>,50,19,[9 2],51,382,401,331,382
1,<environment.Job instance at 0x14858f7ec9b0>,53,17,[7 2],54,416,433,362,416
1,<environment.Job instance at 0x14858f7ec960>,55,2,[1 9],56,433,435,377,425
1,<environment.Job instance at 0x148586eefc80>,60,12,[1 5],61,446,458,385,446
1,<environment.Job instance at 0x148586eeff50>,61,3,[2 6],62,458,461,396,454
1,<environment.Job instance at 0x148586eefc30>,66,25,[2 8],67,526,551,459,526
1,<environment.Job instance at 0x14858e16deb0>,81,2,[2 5],82,647,649,565,647
1,<environment.Job instance at 0x1485873646e0>,95,3,[1 9],96,727,730,631,727
1,<environment.Job instance at 0x148587364460>,101,21,[10  2],102,800,821,698,800
1,<environment.Job instance at 0x148587364b40>,103,14,[ 2 10],104,821,835,717,816
1,<environment.Job instance at 0x14858e1c8820>,1,2,[5 1],2,2,4,0,2
1,<environment.Job instance at 0x148588dc52d0>,5,3,[8 1],6,22,25,16,22
1,<environment.Job instance at 0x148588dc57d0>,13,26,[2 6],14,26,52,12,26
1,<environment.Job instance at 0x148588dc5cd0>,18,1,[1 5],19,74,75,55,74
1,<environment.Job instance at 0x148588e83d70>,21,22,[7 1],22,119,141,97,119
1,<environment.Job instance at 0x148588e83550>,25,21,[2 5],26,125,146,99,125
1,<environment.Job instance at 0x148588e831e0>,29,13,[2 9],30,146,159,116,140
1,<environment.Job instance at 0x148588e83aa0>,31,16,[1 7],32,159,175,127,149
1,<environment.Job instance at 0x14858c168eb0>,35,12,[2 6],36,175,187,139,170
1,<environment.Job instance at 0x14858c168870>,37,14,[1 5],38,187,201,149,174
1,<environment.Job instance at 0x14858c168910>,40,1,[1 7],41,212,213,171,212
1,<environment.Job instance at 0x1485888c9690>,55,1,[1 7],56,384,385,328,384
1,<environment.Job instance at 0x1485888c9500>,66,24,[5 1],67,500,524,433,500
1,<environment.Job instance at 0x1485888c9dc0>,67,19,[1 7],68,503,522,435,503
1,<environment.Job instance at 0x148589886320>,74,1,[8 2],75,560,561,485,560
1,<environment.Job instance at 0x148589871640>,86,17,[1 6],87,629,646,542,629
1,<environment.Job instance at 0x148588d07c30>,93,24,[ 2 10],94,718,742,624,718
1,<environment.Job instance at 0x148588d07280>,96,16,[5 1],97,742,758,645,737
1,<environment.Job instance at 0x148588dc5140>,2,14,[2 7],3,7,21,4,7
1,<environment.Job instance at 0x1485898ad1e0>,4,19,[8 2],5,7,26,2,7
1,<environment.Job instance at 0x14858989da00>,8,3,[ 2 10],9,26,29,17,10
1,<environment.Job instance at 0x148588da3be0>,10,3,[2 8],11,29,32,18,24
1,<environment.Job instance at 0x148588da35a0>,13,19,[10  2],14,55,74,41,55
1,<environment.Job instance at 0x148588da3a50>,14,2,[ 1 10],15,74,76,59,56
1,<environment.Job instance at 0x148588da3640>,16,20,[8 2],17,76,96,59,71
1,<environment.Job instance at 0x14858d8eb1e0>,20,18,[8 1],21,136,154,115,136
1,<environment.Job instance at 0x14858d8eb410>,25,18,[7 1],26,167,185,141,167
1,<environment.Job instance at 0x14858d8eb820>,32,14,[6 1],33,240,254,207,240
1,<environment.Job instance at 0x14858d8ebbe0>,38,16,[10  1],39,303,319,264,303
1,<environment.Job instance at 0x14858d8ebd20>,40,2,[7 1],41,319,321,278,304
1,<environment.Job instance at 0x14858d8ebdc0>,41,13,[1 8],42,319,332,277,306
1,<environment.Job instance at 0x148588faf050>,45,14,[1 8],46,356,370,310,356
1,<environment.Job instance at 0x148588faf140>,46,17,[9 1],47,364,381,317,364
1,<environment.Job instance at 0x148588fafaf0>,56,3,[ 1 10],57,460,463,403,460
1,<environment.Job instance at 0x148588fafd20>,61,1,[5 2],62,503,504,441,503
1,<environment.Job instance at 0x148588fafe60>,64,14,[7 1],65,546,560,481,546
1,<environment.Job instance at 0x148588fa91e0>,68,16,[10  2],69,573,589,504,573
1,<environment.Job instance at 0x148588fa94b0>,71,2,[2 7],72,616,618,544,616
1,<environment.Job instance at 0x148588fa9870>,75,26,[6 2],76,647,673,571,647
1,<environment.Job instance at 0x148588fa9d70>,84,12,[1 7],85,807,819,722,807
1,<environment.Job instance at 0x148588fa9c80>,85,2,[1 8],86,819,821,733,812
1,<environment.Job instance at 0x148588fb60a0>,91,3,[6 1],92,893,896,801,893
1,<environment.Job instance at 0x148588fb6320>,95,3,[5 1],96,940,943,844,940
1,<environment.Job instance at 0x148588fb6870>,100,15,[ 1 10],101,982,997,881,982
1,<environment.Job instance at 0x148588fb68c0>,102,23,[5 1],103,1008,1031,905,1008
1,<environment.Job instance at 0x148588fb6960>,103,20,[1 6],104,1011,1031,907,1011
1,<environment.Job instance at 0x148588fb66e0>,105,25,[1 8],106,1035,1060,929,1035
1,<environment.Job instance at 0x148588dc5b90>,2,14,[9 2],3,5,19,2,5
1,<environment.Job instance at 0x148565c5c9b0>,7,27,[8 2],8,19,46,11,18
1,<environment.Job instance at 0x14858f775af0>,3,14,[1 6],4,18,32,14,18
1,<environment.Job instance at 0x148565c5ccd0>,6,19,[2 8],7,32,51,25,22
1,<environment.Job instance at 0x148584161b90>,13,12,[2 8],14,51,63,37,34
1,<environment.Job instance at 0x148584161500>,14,2,[10  2],15,63,65,48,47
1,<environment.Job instance at 0x1485888e2e60>,26,1,[2 9],27,112,113,85,112
1,<environment.Job instance at 0x14858956a2d0>,27,17,[9 2],28,116,133,88,116
1,<environment.Job instance at 0x148587864b40>,33,2,[1 9],34,174,176,140,174
1,<environment.Job instance at 0x14858e1c68c0>,38,13,[1 7],39,227,240,188,227
1,<environment.Job instance at 0x14858738f3c0>,41,18,[10  2],42,246,264,204,246
1,<environment.Job instance at 0x148589478640>,43,17,[9 1],44,274,291,230,274
1,<environment.Job instance at 0x14858df2f640>,48,17,[2 8],49,316,333,267,316
1,<environment.Job instance at 0x14858df2f1e0>,49,13,[5 1],50,329,342,279,329
1,<environment.Job instance at 0x148588d1a4b0>,55,12,[2 8],56,391,403,335,391
1,<environment.Job instance at 0x14858d8c8140>,65,3,[7 1],66,431,434,365,431
1,<environment.Job instance at 0x14858d8c85f0>,68,15,[2 6],69,451,466,382,451
1,<environment.Job instance at 0x14858d8c82d0>,72,3,[1 5],73,466,469,393,462
1,<environment.Job instance at 0x14858d8c8e60>,73,2,[1 7],74,470,472,396,470
1,<environment.Job instance at 0x14858d8c8280>,74,15,[6 1],75,476,491,401,476
1,<environment.Job instance at 0x14858e160780>,77,21,[1 7],78,491,512,413,491
1,<environment.Job instance at 0x148588deeeb0>,85,23,[1 7],86,550,573,464,550
1,<environment.Job instance at 0x148588dee960>,87,25,[1 9],88,573,598,485,570
1,<environment.Job instance at 0x148588dee370>,91,17,[1 5],92,598,615,506,588
1,<environment.Job instance at 0x148588dee4b0>,96,1,[1 9],97,627,628,530,627
1,<environment.Job instance at 0x14858d885280>,105,20,[1 9],106,695,715,589,695
1,<environment.Job instance at 0x1485894e4c80>,2,3,[ 1 10],3,8,11,5,8
1,<environment.Job instance at 0x1485894e4cd0>,5,26,[10  2],6,11,37,5,8
1,<environment.Job instance at 0x1485901a69b0>,29,3,[5 1],30,230,233,200,230
1,<environment.Job instance at 0x1485901a6550>,30,18,[6 2],31,239,257,208,239
1,<environment.Job instance at 0x1485901a66e0>,35,2,[7 2],36,307,309,271,307
1,<environment.Job instance at 0x14858786f050>,38,15,[9 2],39,325,340,286,325
1,<environment.Job instance at 0x14858786f190>,39,22,[2 5],40,343,365,303,343
1,<environment.Job instance at 0x14858786f320>,44,12,[1 8],45,365,377,320,359
1,<environment.Job instance at 0x14858786fbe0>,45,16,[1 8],46,377,393,331,367
1,<environment.Job instance at 0x14858786ff00>,41,17,[1 8],42,404,421,362,404
1,<environment.Job instance at 0x14858786ff50>,52,13,[10  1],53,421,434,368,415
1,<environment.Job instance at 0x14858786f550>,55,14,[2 9],56,451,465,395,451
1,<environment.Job instance at 0x148588eddb90>,68,1,[ 2 10],69,563,564,494,563
1,<environment.Job instance at 0x14858e1f4320>,69,17,[6 1],70,569,586,499,569
1,<environment.Job instance at 0x14858e1f49b0>,73,2,[9 1],74,591,593,517,591
1,<environment.Job instance at 0x14858e1f4be0>,74,22,[10  2],75,604,626,529,604
1,<environment.Job instance at 0x14858e1f4910>,79,24,[1 8],80,671,695,591,671
1,<environment.Job instance at 0x148565aa5c80>,82,13,[7 2],83,675,688,592,675
1,<environment.Job instance at 0x14858d88cb90>,83,14,[10  2],84,695,709,611,686
1,<environment.Job instance at 0x148588d66960>,84,13,[6 1],85,709,722,624,693
1,<environment.Job instance at 0x14858e1f4eb0>,88,2,[1 5],89,711,713,622,711
1,<environment.Job instance at 0x148565834be0>,89,3,[1 7],90,713,716,623,711
1,<environment.Job instance at 0x1485655e0640>,93,3,[2 6],94,739,742,645,739
1,<environment.Job instance at 0x1485658036e0>,98,3,[5 2],99,793,796,694,793
1,<environment.Job instance at 0x148565573d20>,0,20,[2 5],1,5,25,4,5
1,<environment.Job instance at 0x14856554b190>,5,1,[9 1],6,25,26,19,6
1,<environment.Job instance at 0x14858e1f4640>,3,1,[6 2],4,7,8,3,7
1,<environment.Job instance at 0x14856554b640>,7,2,[ 2 10],8,26,28,18,8
1,<environment.Job instance at 0x14856555aaa0>,14,18,[1 6],15,30,48,15,30
1,<environment.Job instance at 0x148565505550>,18,23,[7 2],19,72,95,53,72
1,<environment.Job instance at 0x148565a7deb0>,25,2,[1 5],26,125,127,99,125
1,<environment.Job instance at 0x1485895fae10>,26,28,[2 7],27,136,164,109,136
1,<environment.Job instance at 0x148565ba2a00>,33,1,[1 7],34,164,165,130,146
1,<environment.Job instance at 0x14858730daa0>,36,2,[8 2],37,234,236,197,234
1,<environment.Job instance at 0x14858fbac910>,44,3,[2 9],45,238,241,193,238
1,<environment.Job instance at 0x14858fbac0f0>,45,25,[7 1],46,247,272,201,247
1,<environment.Job instance at 0x148584166aa0>,52,2,[5 2],53,307,309,254,307
1,<environment.Job instance at 0x148565a140f0>,60,18,[8 2],61,402,420,341,402
1,<environment.Job instance at 0x148565a14730>,63,18,[10  2],64,441,459,377,441
1,<environment.Job instance at 0x148565eaf320>,67,2,[1 8],68,480,482,412,480
1,<environment.Job instance at 0x148565a14eb0>,68,16,[2 8],69,512,528,443,512
1,<environment.Job instance at 0x14858e211410>,75,21,[ 2 10],76,528,549,452,528
1,<environment.Job instance at 0x14858e211550>,78,24,[8 1],79,577,601,498,577
1,<environment.Job instance at 0x148565819370>,79,12,[2 6],80,578,590,498,578
1,<environment.Job instance at 0x148565819730>,82,3,[1 6],83,614,617,531,614
1,<environment.Job instance at 0x148565819fa0>,86,19,[1 5],87,625,644,538,625
1,<environment.Job instance at 0x148565819050>,87,13,[2 8],88,644,657,556,628
1,<environment.Job instance at 0x1485658195a0>,92,2,[1 9],93,657,659,564,654
1,<environment.Job instance at 0x1485898a05f0>,95,19,[1 9],96,692,711,596,692
1,<environment.Job instance at 0x1485898a0a00>,100,18,[ 2 10],101,725,743,624,725
1,<environment.Job instance at 0x1485898a0500>,107,12,[1 5],108,825,837,717,825
1,<environment.Job instance at 0x148588e988c0>,2,2,[1 6],3,3,5,0,3
1,<environment.Job instance at 0x14858e190280>,11,23,[5 1],12,30,53,18,30
1,<environment.Job instance at 0x14858e190eb0>,10,13,[2 6],11,44,57,33,44
1,<environment.Job instance at 0x148584014c80>,25,13,[2 5],26,213,226,187,213
1,<environment.Job instance at 0x1485895be870>,34,15,[2 7],35,283,298,248,283
1,<environment.Job instance at 0x1485895be0a0>,33,18,[7 1],34,291,309,257,291
1,<environment.Job instance at 0x1485895be410>,36,13,[1 5],37,308,321,271,308
1,<environment.Job instance at 0x148587405aa0>,41,2,[ 1 10],42,339,341,297,339
1,<environment.Job instance at 0x14858e164820>,49,18,[2 7],50,438,456,388,438
1,<environment.Job instance at 0x1485840df050>,55,18,[2 7],56,493,511,437,493
1,<environment.Job instance at 0x14858e17b550>,56,3,[1 8],57,511,514,454,494
1,<environment.Job instance at 0x14858e17b280>,61,19,[5 2],62,506,525,444,506
1,<environment.Job instance at 0x148588f57320>,72,16,[1 6],73,656,672,583,656
1,<environment.Job instance at 0x148565dfd690>,104,15,[1 8],105,1095,1110,990,1095
1,<environment.Job instance at 0x148565a908c0>,1,16,[2 6],2,6,22,4,6
1,<environment.Job instance at 0x148565ea8af0>,6,26,[8 2],7,9,35,2,9
1,<environment.Job instance at 0x1485873c6eb0>,8,1,[2 8],9,22,23,13,11
1,<environment.Job instance at 0x1485873c62d0>,11,2,[6 2],12,35,37,23,13
1,<environment.Job instance at 0x1485873c60f0>,13,15,[2 7],14,42,57,28,42
1,<environment.Job instance at 0x14858f78a0f0>,34,13,[10  1],35,218,231,183,218
1,<environment.Job instance at 0x14858f78a960>,39,15,[2 9],40,274,289,234,274
1,<environment.Job instance at 0x148565c4a730>,46,1,[2 6],47,289,290,242,277
1,<environment.Job instance at 0x148565c4a280>,48,3,[2 7],49,290,293,241,280
1,<environment.Job instance at 0x148565c4ae10>,49,18,[7 2],50,289,307,239,283
1,<environment.Job instance at 0x148565c4a780>,47,1,[2 7],48,324,325,276,324
1,<environment.Job instance at 0x14858fbab9b0>,70,26,[1 8],71,614,640,543,614
1,<environment.Job instance at 0x14858d803320>,76,15,[7 2],77,684,699,607,684
1,<environment.Job instance at 0x14858d803910>,80,16,[10  1],81,718,734,637,718
1,<environment.Job instance at 0x1485842f7aa0>,92,20,[1 5],93,866,886,773,866
1,<environment.Job instance at 0x1485842f7410>,99,23,[9 2],100,977,1000,877,977
1,<environment.Job instance at 0x1485894bb640>,108,28,[2 5],109,1012,1040,903,1012
1,<environment.Job instance at 0x1485842f75f0>,3,2,[1 9],4,5,7,1,5
1,<environment.Job instance at 0x14856597b230>,5,16,[7 2],6,7,23,1,6
1,<environment.Job instance at 0x14856597b690>,7,1,[ 1 10],8,23,24,15,10
1,<environment.Job instance at 0x14856597b3c0>,9,1,[ 2 10],10,24,25,14,11
1,<environment.Job instance at 0x14858f81a690>,42,3,[1 7],43,479,482,436,479
1,<environment.Job instance at 0x148588e3db40>,52,19,[2 5],53,531,550,478,531
1,<environment.Job instance at 0x148588e3d550>,53,13,[9 1],54,550,563,496,535
1,<environment.Job instance at 0x148589562dc0>,74,25,[5 1],75,779,804,704,779
1,<environment.Job instance at 0x148589562aa0>,77,14,[ 1 10],78,804,818,726,804
1,<environment.Job instance at 0x148589562a00>,80,1,[6 1],81,862,863,781,862
1,<environment.Job instance at 0x14858d89dfa0>,90,16,[2 6],91,967,983,876,967
1,<environment.Job instance at 0x14858d89d6e0>,91,15,[5 1],92,971,986,879,971
1,<environment.Job instance at 0x14859018eaa0>,94,1,[2 6],95,988,989,893,988
1,<environment.Job instance at 0x14858419caa0>,97,1,[ 1 10],98,1012,1013,914,1012
1,<environment.Job instance at 0x14858419c7d0>,99,22,[6 1],100,1014,1036,914,1014
1,<environment.Job instance at 0x14858419c910>,101,20,[7 2],102,1058,1078,956,1058
1,<environment.Job instance at 0x14858419c780>,107,16,[8 2],108,1111,1127,1003,1111
1,<environment.Job instance at 0x148565ad3af0>,15,14,[2 7],16,57,71,41,57
1,<environment.Job instance at 0x148565ad3870>,12,21,[6 1],13,60,81,47,60
1,<environment.Job instance at 0x148565ad2fa0>,16,3,[7 1],17,81,84,64,60
1,<environment.Job instance at 0x1485655eac80>,29,15,[1 6],30,162,177,132,162
1,<environment.Job instance at 0x148565adf9b0>,28,26,[7 2],29,182,208,153,182
1,<environment.Job instance at 0x14858737eb90>,35,13,[1 9],36,208,221,172,195
1,<environment.Job instance at 0x148586ed63c0>,39,13,[5 2],40,221,234,181,210
1,<environment.Job instance at 0x14858734ca00>,40,15,[7 2],41,234,249,193,224
1,<environment.Job instance at 0x148587347c80>,42,15,[1 5],43,227,242,184,227
1,<environment.Job instance at 0x1485873786e0>,44,2,[10  2],45,249,251,204,230
1,<environment.Job instance at 0x148587378230>,48,19,[7 2],49,251,270,202,243
1,<environment.Job instance at 0x148565ae1690>,53,3,[1 6],54,315,318,261,315
1,<environment.Job instance at 0x14858735fc30>,55,22,[5 2],56,324,346,268,324
1,<environment.Job instance at 0x148587383960>,61,2,[6 1],62,459,461,397,459
1,<environment.Job instance at 0x1485873835f0>,62,3,[2 5],63,459,462,396,459
1,<environment.Job instance at 0x148587383cd0>,64,20,[7 2],65,475,495,410,475
1,<environment.Job instance at 0x148565abf6e0>,92,3,[2 9],93,843,846,750,843
1,<environment.Job instance at 0x148565abf820>,94,23,[2 8],95,856,879,761,856
1,<environment.Job instance at 0x148565abf8c0>,95,3,[ 2 10],96,879,882,783,856
1,<environment.Job instance at 0x148565abfa00>,97,1,[6 1],98,875,876,777,875
1,<environment.Job instance at 0x148565ada2d0>,107,15,[7 1],108,965,980,857,965
1,<environment.Job instance at 0x148586ecd370>,6,3,[ 1 10],7,10,13,3,10
1,<environment.Job instance at 0x148586ecd460>,5,19,[2 5],6,13,32,7,11
1,<environment.Job instance at 0x148586ecd910>,4,20,[5 1],5,22,42,17,22
1,<environment.Job instance at 0x148586ecdc80>,14,22,[10  2],15,42,64,27,35
1,<environment.Job instance at 0x148586ecdbe0>,8,23,[6 2],9,64,87,55,60
1,<environment.Job instance at 0x148586ecd140>,19,1,[2 9],20,87,88,67,65
1,<environment.Job instance at 0x148587347820>,50,2,[9 2],51,336,338,285,336
1,<environment.Job instance at 0x148587347640>,52,3,[10  2],53,338,341,285,336
1,<environment.Job instance at 0x148587347be0>,53,23,[1 9],54,341,364,287,339
1,<environment.Job instance at 0x1485873477d0>,54,3,[2 8],55,364,367,309,341
1,<environment.Job instance at 0x148587347af0>,55,1,[9 1],56,343,344,287,343
1,<environment.Job instance at 0x148587347190>,51,22,[1 8],52,367,389,315,365
1,<environment.Job instance at 0x1485873507d0>,67,17,[7 2],68,457,474,389,457
1,<environment.Job instance at 0x148587350d20>,69,16,[2 9],70,474,490,404,465
1,<environment.Job instance at 0x1485873500a0>,73,1,[1 6],74,472,473,398,472
1,<environment.Job instance at 0x148587350b90>,78,2,[8 2],79,527,529,448,527
1,<environment.Job instance at 0x148587350a00>,80,24,[2 8],81,537,561,456,537
1,<environment.Job instance at 0x148587348960>,4,20,[1 7],5,23,43,18,23
1,<environment.Job instance at 0x1485895dc730>,10,24,[5 2],11,27,51,16,27
1,<environment.Job instance at 0x148565ada230>,3,17,[10  1],4,51,68,47,41
1,<environment.Job instance at 0x148586ef8a50>,12,1,[7 2],13,68,69,55,43
1,<environment.Job instance at 0x1485895f70a0>,20,19,[1 6],21,136,155,115,136
1,<environment.Job instance at 0x1485895f7280>,23,1,[8 2],24,139,140,115,139
1,<environment.Job instance at 0x1485895f78c0>,25,22,[5 1],26,140,162,114,139
1,<environment.Job instance at 0x1485895f7b40>,24,15,[2 6],25,155,170,130,150
1,<environment.Job instance at 0x1485895e4c80>,38,15,[9 1],39,261,276,222,261
1,<environment.Job instance at 0x148587390140>,45,20,[6 2],46,283,303,237,283
1,<environment.Job instance at 0x1485873b79b0>,57,24,[ 1 10],58,378,402,320,378
1,<environment.Job instance at 0x14858738ea00>,72,2,[8 1],73,538,540,465,538
1,<environment.Job instance at 0x1485873bf460>,73,24,[2 5],74,540,564,466,540
1,<environment.Job instance at 0x1485873bf6e0>,76,2,[2 6],77,606,608,529,606
1,<environment.Job instance at 0x1485873bfbe0>,84,2,[10  2],85,654,656,569,654
1,<environment.Job instance at 0x1485873bfc80>,85,1,[8 1],86,663,664,577,663
1,<environment.Job instance at 0x14858739f140>,92,26,[7 2],93,703,729,610,703
1,<environment.Job instance at 0x14858739f370>,93,17,[1 5],94,704,721,610,704
1,<environment.Job instance at 0x14858739f3c0>,98,3,[ 2 10],99,742,745,643,742
1,<environment.Job instance at 0x14858739fa50>,105,22,[1 8],106,843,865,737,843
1,<environment.Job instance at 0x14858739f820>,107,28,[6 2],108,861,889,753,861
1,<environment.Job instance at 0x148588f27500>,3,2,[1 6],4,5,7,1,5
1,<environment.Job instance at 0x148565dd3b40>,2,2,[ 1 10],3,7,9,4,7
1,<environment.Job instance at 0x148587338af0>,10,22,[1 5],11,25,47,14,25
1,<environment.Job instance at 0x14858e1b9e10>,13,28,[2 8],14,47,75,33,46
1,<environment.Job instance at 0x14858e1b97d0>,14,12,[6 1],15,47,59,32,47
1,<environment.Job instance at 0x148589487c30>,24,2,[1 8],25,158,160,133,158
1,<environment.Job instance at 0x148589487820>,29,3,[1 8],30,184,187,154,184
1,<environment.Job instance at 0x14858983baa0>,49,13,[5 2],50,441,454,391,441
1,<environment.Job instance at 0x14858c194cd0>,59,2,[6 2],60,519,521,459,519
1,<environment.Job instance at 0x1485895e0b90>,65,14,[1 7],66,594,608,528,594
1,<environment.Job instance at 0x148588d41960>,76,12,[ 1 10],77,688,700,611,688
1,<environment.Job instance at 0x1485659920a0>,78,18,[8 2],79,700,718,621,698
1,<environment.Job instance at 0x148584106280>,92,2,[5 1],93,850,852,757,850
1,<environment.Job instance at 0x148584106050>,93,18,[7 1],94,855,873,761,855
1,<environment.Job instance at 0x14858406e2d0>,5,22,[2 9],6,7,29,1,7
1,<environment.Job instance at 0x14858406e550>,8,3,[5 2],9,29,32,20,26
1,<environment.Job instance at 0x14858406ef00>,10,15,[10  2],11,32,47,21,29
1,<environment.Job instance at 0x14858406e6e0>,6,26,[2 8],7,49,75,42,49
1,<environment.Job instance at 0x1485842e99b0>,19,15,[6 2],20,147,162,127,147
1,<environment.Job instance at 0x1485842e9140>,36,2,[10  2],37,285,287,248,285
1,<environment.Job instance at 0x148565a33280>,41,17,[ 2 10],42,346,363,304,346
1,<environment.Job instance at 0x148565a33050>,44,16,[7 2],45,363,379,318,353
1,<environment.Job instance at 0x148565a335a0>,47,1,[ 1 10],48,392,393,344,392
1,<environment.Job instance at 0x148565a4a870>,74,22,[1 9],75,765,787,690,765
1,<environment.Job instance at 0x148565a4abe0>,78,20,[5 2],79,795,815,716,795
1,<environment.Job instance at 0x148565a4a8c0>,80,19,[ 2 10],81,815,834,734,811
1,<environment.Job instance at 0x148584303640>,83,19,[2 9],84,848,867,764,848
1,<environment.Job instance at 0x148584303eb0>,84,3,[9 1],85,867,870,782,854
1,<environment.Job instance at 0x148584303d70>,85,14,[5 2],86,870,884,784,861
1,<environment.Job instance at 0x148584303140>,89,26,[1 6],90,879,905,789,879
1,<environment.Job instance at 0x1485843032d0>,94,19,[6 2],95,919,938,824,919
1,<environment.Job instance at 0x148584303780>,98,25,[5 1],99,953,978,854,953
1,<environment.Job instance at 0x1485843039b0>,100,3,[8 2],101,978,981,877,971
1,<environment.Job instance at 0x148584303e60>,101,16,[1 9],102,981,997,879,979
1,<environment.Job instance at 0x148584303cd0>,104,21,[1 8],105,1020,1041,915,1020
1,<environment.Job instance at 0x14858421e910>,105,3,[2 6],106,1041,1044,935,1022
1,<environment.Job instance at 0x14858421e960>,107,16,[7 1],108,1037,1053,929,1037
1,<environment.Job instance at 0x1485842e95f0>,2,3,[8 1],3,8,11,5,8
1,<environment.Job instance at 0x148588d7c410>,6,21,[2 5],7,9,30,2,9
1,<environment.Job instance at 0x14858e17fa50>,9,1,[8 2],10,21,22,11,21
1,<environment.Job instance at 0x1485657f77d0>,21,12,[1 7],22,105,117,83,105
1,<environment.Job instance at 0x1485657f73c0>,27,12,[1 9],28,178,190,150,178
1,<environment.Job instance at 0x14858f0ffc30>,37,23,[6 1],38,277,300,239,277
1,<environment.Job instance at 0x14858f7f6370>,47,3,[1 7],48,360,363,312,360
1,<environment.Job instance at 0x14858f7f68c0>,49,27,[5 1],50,369,396,319,369
1,<environment.Job instance at 0x14858f7f6280>,50,15,[5 1],51,374,389,323,374
1,<environment.Job instance at 0x14858f7f6050>,52,1,[7 1],53,396,397,343,393
1,<environment.Job instance at 0x1485655710f0>,83,23,[1 8],84,747,770,663,747
1,<environment.Job instance at 0x148584349c30>,88,15,[9 1],89,801,816,712,801
1,<environment.Job instance at 0x148584349d70>,91,3,[9 2],92,845,848,753,845
1,<environment.Job instance at 0x1485840fb6e0>,93,21,[8 2],94,857,878,763,857
1,<environment.Job instance at 0x1485840fb3c0>,99,1,[1 7],100,910,911,810,910
1,<environment.Job instance at 0x1485840fbd20>,103,16,[1 6],104,963,979,859,963
1,<environment.Job instance at 0x14858c195140>,107,14,[5 1],108,1001,1015,893,1001
1,<environment.Job instance at 0x148565db9960>,8,22,[5 2],9,29,51,20,29
1,<environment.Job instance at 0x1485657571e0>,18,23,[10  2],19,99,122,80,99
1,<environment.Job instance at 0x148565757960>,27,12,[9 2],28,210,222,182,210
1,<environment.Job instance at 0x148565757aa0>,29,15,[ 1 10],30,245,260,215,245
1,<environment.Job instance at 0x148565dbcd20>,58,18,[2 6],59,436,454,377,436
1,<environment.Job instance at 0x148565dd90f0>,61,13,[8 2],62,443,456,381,443
1,<environment.Job instance at 0x148565dd9280>,62,1,[2 6],63,454,455,391,444
1,<environment.Job instance at 0x148565dd9690>,70,1,[1 5],71,494,495,423,494
1,<environment.Job instance at 0x148565dd9640>,68,3,[7 1],69,522,525,453,522
1,<environment.Job instance at 0x148565dd9d70>,77,20,[6 1],78,527,547,449,527
1,<environment.Job instance at 0x148565dca8c0>,97,21,[ 1 10],98,747,768,649,747
1,<environment.Job instance at 0x14856557eeb0>,99,20,[7 1],100,768,788,668,766
1,<environment.Job instance at 0x14856574d280>,103,2,[ 1 10],104,802,804,698,802
1,<environment.Job instance at 0x14856574de10>,104,19,[6 2],105,804,823,699,803
1,<environment.Job instance at 0x14dee1dc3aa0>,1,2,[2 5],2,3,5,1,3
1,<environment.Job instance at 0x14ded8a06a00>,7,1,[7 2],8,9,10,1,9
1,<environment.Job instance at 0x14ded8a067d0>,3,2,[1 7],4,9,11,5,9
1,<environment.Job instance at 0x14ded8a06b40>,9,2,[8 1],10,12,14,2,12
1,<environment.Job instance at 0x14ded8a06af0>,11,14,[10  2],12,54,68,42,54
1,<environment.Job instance at 0x14ded8a08460>,23,3,[7 2],24,117,120,93,117
1,<environment.Job instance at 0x14ded8a08640>,26,20,[2 8],27,163,183,136,163
1,<environment.Job instance at 0x14ded8a08b90>,29,20,[1 5],30,183,203,153,181
1,<environment.Job instance at 0x14ded8a08a50>,31,23,[5 1],32,182,205,150,182
1,<environment.Job instance at 0x14ded8a08fa0>,36,27,[10  2],37,228,255,191,228
1,<environment.Job instance at 0x14ded8a0a3c0>,44,13,[ 2 10],45,255,268,210,250
1,<environment.Job instance at 0x14ded8a0a460>,45,15,[2 5],46,268,283,222,256
1,<environment.Job instance at 0x14ded8a0a780>,48,1,[6 2],49,279,280,230,279
1,<environment.Job instance at 0x14ded8a0aaa0>,54,22,[9 1],55,336,358,281,336
1,<environment.Job instance at 0x14ded8a0d0f0>,62,3,[6 2],63,387,390,324,387
1,<environment.Job instance at 0x14ded8a0dfa0>,80,2,[1 5],81,646,648,565,646
1,<environment.Job instance at 0x14ded8a0df00>,82,3,[2 8],83,665,668,582,665
1,<environment.Job instance at 0x14ded8a106e0>,92,24,[2 9],93,753,777,660,753
1,<environment.Job instance at 0x14ded8a10fa0>,106,2,[7 1],107,855,857,748,855
1,<environment.Job instance at 0x14ded8a12960>,118,28,[7 2],119,985,1013,866,985
1,<environment.Job instance at 0x14dedfde9cd0>,5,17,[5 1],6,6,23,0,6
1,<environment.Job instance at 0x14dedfde9320>,6,13,[9 1],7,23,36,16,8
1,<environment.Job instance at 0x14ded8a0d640>,4,12,[10  2],5,40,52,35,40
1,<environment.Job instance at 0x14dedf426f00>,17,27,[1 9],18,121,148,103,121
1,<environment.Job instance at 0x14dedf426370>,19,3,[1 7],20,148,151,128,124
1,<environment.Job instance at 0x14dedfd1bb90>,29,19,[5 2],30,251,270,221,251
1,<environment.Job instance at 0x14dedfd1b500>,31,19,[2 5],32,252,271,220,252
1,<environment.Job instance at 0x14dedfd1b870>,32,25,[5 2],33,293,318,260,293
1,<environment.Job instance at 0x14dedfd1baa0>,40,20,[6 1],41,318,338,277,312
1,<environment.Job instance at 0x14dedfd68e60>,49,20,[2 8],50,392,412,342,392
1,<environment.Job instance at 0x14dedfd68f50>,56,23,[9 2],57,440,463,383,440
1,<environment.Job instance at 0x14dedfd68b40>,60,14,[6 1],61,469,483,408,469
1,<environment.Job instance at 0x14dedfd68280>,63,2,[7 1],64,497,499,433,497
1,<environment.Job instance at 0x14dedf66cc80>,69,14,[1 6],70,565,579,495,565
1,<environment.Job instance at 0x14dedf66c230>,79,20,[1 9],80,721,741,641,721
1,<environment.Job instance at 0x14dedfc7f960>,91,26,[7 2],92,823,849,731,823
1,<environment.Job instance at 0x14dedfc7f870>,96,20,[2 5],97,871,891,774,871
1,<environment.Job instance at 0x14deda9d4e10>,109,18,[ 1 10],110,945,963,835,945
1,<environment.Job instance at 0x14de93af1c30>,5,20,[9 1],6,8,28,2,8
1,<environment.Job instance at 0x14de938d1eb0>,7,20,[5 2],8,28,48,20,19
1,<environment.Job instance at 0x14de938d1050>,6,21,[1 7],7,31,52,24,31
1,<environment.Job instance at 0x14de93a74e10>,15,16,[10  1],16,52,68,36,48
1,<environment.Job instance at 0x14de93af0b90>,18,26,[6 2],19,74,100,55,74
1,<environment.Job instance at 0x14de93af0cd0>,19,12,[1 9],20,100,112,80,93
1,<environment.Job instance at 0x14de9391bc30>,23,2,[8 1],24,100,102,76,93
1,<environment.Job instance at 0x14de9391b820>,29,22,[1 5],30,124,146,94,124
1,<environment.Job instance at 0x14de93ad1050>,30,2,[1 9],31,146,148,115,126
1,<environment.Job instance at 0x14de9397cc30>,32,17,[2 5],33,126,143,93,126
1,<environment.Job instance at 0x14de93b6eb90>,35,24,[ 1 10],36,165,189,129,165
1,<environment.Job instance at 0x14de93b67be0>,39,19,[2 9],40,206,225,166,206
1,<environment.Job instance at 0x14de93b677d0>,45,1,[2 7],46,257,258,211,257
1,<environment.Job instance at 0x14de93b67910>,47,3,[6 1],48,273,276,225,273
1,<environment.Job instance at 0x14de939f5e10>,65,22,[2 5],66,404,426,338,404
1,<environment.Job instance at 0x14de939f92d0>,70,3,[7 2],71,443,446,372,443
1,<environment.Job instance at 0x14de9398c6e0>,75,15,[2 8],76,481,496,405,481
1,<environment.Job instance at 0x14de93ab35a0>,78,3,[1 8],79,534,537,455,534
1,<environment.Job instance at 0x14de939e75f0>,79,14,[1 9],80,540,554,460,540
1,<environment.Job instance at 0x14de93a4e780>,82,16,[2 8],83,554,570,471,543
1,<environment.Job instance at 0x14de939838c0>,91,3,[7 1],92,599,602,507,599
1,<environment.Job instance at 0x14de93b326e0>,92,21,[10  2],93,604,625,511,604
1,<environment.Job instance at 0x14de93b329b0>,94,2,[2 6],95,625,627,530,616
1,<environment.Job instance at 0x14de93b32960>,96,3,[7 1],97,625,628,528,618
1,<environment.Job instance at 0x14de93b328c0>,101,14,[5 1],102,650,664,548,650
1,<environment.Job instance at 0x14de93b32b90>,103,3,[6 1],104,664,667,560,658
1,<environment.Job instance at 0x14de93b2afa0>,104,20,[1 6],105,664,684,559,664
1,<environment.Job instance at 0x14de93b2a0f0>,108,22,[2 8],109,684,706,575,678
1,<environment.Job instance at 0x14de93b2af00>,112,18,[2 8],113,706,724,593,705
1,<environment.Job instance at 0x14de93b2a370>,113,12,[2 5],114,724,736,610,713
1,<environment.Job instance at 0x14de93b2a190>,116,20,[1 7],117,743,763,626,743
1,<environment.Job instance at 0x14de93b2a780>,118,22,[7 1],119,758,780,639,758
1,<environment.Job instance at 0x14de93ab3690>,5,15,[5 2],6,6,21,0,6
1,<environment.Job instance at 0x14de93434f50>,3,3,[1 6],4,14,17,10,14
1,<environment.Job instance at 0x14de934390f0>,6,21,[10  1],7,21,42,14,17
1,<environment.Job instance at 0x14de93ab3af0>,7,17,[1 7],8,42,59,34,37
1,<environment.Job instance at 0x14de93439410>,13,21,[9 2],14,63,84,49,63
1,<environment.Job instance at 0x14de93439870>,17,1,[6 1],18,126,127,108,126
1,<environment.Job instance at 0x14de93439910>,21,21,[2 6],22,132,153,110,132
1,<environment.Job instance at 0x14de93439b40>,23,12,[10  1],24,153,165,129,140
1,<environment.Job instance at 0x14de9343b910>,40,15,[2 8],41,332,347,291,332
1,<environment.Job instance at 0x14de9343bd70>,52,1,[2 5],53,506,507,453,506
1,<environment.Job instance at 0x14de933be730>,61,14,[2 7],62,586,600,524,586
1,<environment.Job instance at 0x14de933be960>,65,24,[9 1],66,607,631,541,607
1,<environment.Job instance at 0x14de933be9b0>,66,22,[1 7],67,615,637,548,615
1,<environment.Job instance at 0x14de933beaa0>,67,2,[ 2 10],68,637,639,569,622
1,<environment.Job instance at 0x14de9342ddc0>,86,24,[6 2],87,811,835,724,811
1,<environment.Job instance at 0x14de9342d460>,89,14,[7 1],90,835,849,745,835
1,<environment.Job instance at 0x14de9342d8c0>,94,3,[9 1],95,859,862,764,859
1,<environment.Job instance at 0x14de9346bf00>,108,1,[2 8],109,1009,1010,900,1009
1,<environment.Job instance at 0x14de934532d0>,110,14,[ 2 10],111,1026,1040,915,1026
1,<environment.Job instance at 0x14de935d4f50>,118,24,[7 2],119,1147,1171,1028,1147
1,<environment.Job instance at 0x14deda9d3a50>,0,19,[2 7],1,2,21,1,2
1,<environment.Job instance at 0x14deda9d36e0>,9,23,[2 9],10,21,44,11,15
1,<environment.Job instance at 0x14deda9d3d70>,10,19,[9 2],11,44,63,33,34
1,<environment.Job instance at 0x14dedf34cc30>,14,1,[2 7],15,63,64,48,36
1,<environment.Job instance at 0x14dedf34c550>,13,17,[7 2],14,63,80,49,54
1,<environment.Job instance at 0x14deda8bb4b0>,20,12,[1 5],21,64,76,43,62
1,<environment.Job instance at 0x14deda8bb730>,21,3,[2 6],22,76,79,54,62
1,<environment.Job instance at 0x14deda8bb410>,28,28,[5 2],29,140,168,111,140
1,<environment.Job instance at 0x14deda8bb5a0>,34,12,[1 6],35,168,180,133,168
1,<environment.Job instance at 0x14deda8bb870>,36,16,[7 1],37,174,190,137,174
1,<environment.Job instance at 0x14deda8b7280>,39,3,[ 2 10],40,218,221,178,218
1,<environment.Job instance at 0x14deda8b7910>,41,2,[2 5],42,223,225,181,223
1,<environment.Job instance at 0x14deda8b7410>,44,28,[7 1],45,239,267,194,239
1,<environment.Job instance at 0x14deda8b7500>,47,3,[9 1],48,270,273,222,270
1,<environment.Job instance at 0x14deda995d70>,53,15,[6 1],54,290,305,236,290
1,<environment.Job instance at 0x14deda9952d0>,54,28,[1 9],55,291,319,236,291
1,<environment.Job instance at 0x14deda995fa0>,56,2,[7 1],57,305,307,248,301
1,<environment.Job instance at 0x14deda995460>,62,1,[8 1],63,350,351,287,350
1,<environment.Job instance at 0x14deda9958c0>,61,21,[10  2],62,351,372,289,350
1,<environment.Job instance at 0x14dedb0be0a0>,75,3,[8 1],76,416,419,340,416
1,<environment.Job instance at 0x14dedb0beb40>,76,20,[6 1],77,423,443,346,423
1,<environment.Job instance at 0x14deda8f37d0>,92,1,[5 2],93,598,599,505,598
1,<environment.Job instance at 0x14deda9323c0>,95,21,[2 5],96,617,638,521,617
1,<environment.Job instance at 0x14deda9329b0>,99,13,[2 9],100,656,669,556,656
1,<environment.Job instance at 0x14deda932f50>,105,12,[2 6],106,675,687,569,675
1,<environment.Job instance at 0x14deda932500>,117,15,[1 9],118,764,779,646,764
1,<environment.Job instance at 0x14ded8eecb90>,5,1,[1 7],6,6,7,0,6
1,<environment.Job instance at 0x14ded8eeccd0>,3,28,[2 7],4,7,35,3,7
1,<environment.Job instance at 0x14ded8eec460>,8,24,[8 1],9,10,34,1,10
1,<environment.Job instance at 0x14ded8eec280>,12,1,[5 1],13,79,80,66,79
1,<environment.Job instance at 0x14ded8eec640>,14,20,[10  2],15,85,105,70,85
1,<environment.Job instance at 0x14ded8eec1e0>,18,3,[1 5],19,105,108,86,86
1,<environment.Job instance at 0x14dee12e3a00>,34,1,[5 1],35,211,212,176,211
1,<environment.Job instance at 0x14dee128fbe0>,46,16,[5 1],47,376,392,329,376
1,<environment.Job instance at 0x14dee128f820>,48,2,[2 5],49,436,438,387,436
1,<environment.Job instance at 0x14dee128f370>,49,13,[8 2],50,437,450,387,437
1,<environment.Job instance at 0x14dee128feb0>,54,1,[2 5],55,492,493,437,492
1,<environment.Job instance at 0x14dee128f960>,56,19,[5 2],57,495,514,438,495
1,<environment.Job instance at 0x14dee128fcd0>,57,18,[8 1],58,514,532,456,504
1,<environment.Job instance at 0x14dee1c699b0>,62,14,[2 7],63,549,563,486,549
1,<environment.Job instance at 0x14dee1c69aa0>,70,3,[2 8],71,619,622,548,619
1,<environment.Job instance at 0x14dee1c695f0>,74,2,[ 1 10],75,680,682,605,680
1,<environment.Job instance at 0x14dee12f90f0>,75,22,[9 1],76,682,704,606,680
1,<environment.Job instance at 0x14dee12f9b40>,81,18,[8 2],82,769,787,687,769
1,<environment.Job instance at 0x14deda8320a0>,85,18,[7 1],86,817,835,731,817
1,<environment.Job instance at 0x14dedfc8ceb0>,92,14,[6 1],93,911,925,818,911
1,<environment.Job instance at 0x14dedfc8cf50>,93,2,[2 9],94,916,918,822,916
1,<environment.Job instance at 0x14dedfc8c4b0>,98,16,[10  1],99,958,974,859,958
1,<environment.Job instance at 0x14dedfc8c640>,99,3,[1 5],100,974,977,874,962
1,<environment.Job instance at 0x14dedfc8c280>,101,13,[1 8],102,978,991,876,978
1,<environment.Job instance at 0x14ded4162050>,105,14,[1 8],106,1028,1042,922,1028
1,<environment.Job instance at 0x14ded4162f50>,106,17,[9 1],107,1038,1055,931,1038
1,<environment.Job instance at 0x14ded4162b40>,108,24,[7 2],109,1055,1079,946,1052
1,<environment.Job instance at 0x14ded41620a0>,114,22,[10  1],115,1153,1175,1038,1153
1,<environment.Job instance at 0x14ded4162f00>,117,2,[2 6],118,1175,1177,1057,1162
1,<environment.Job instance at 0x14ded4162e10>,118,19,[ 2 10],119,1177,1196,1058,1170
1,<environment.Job instance at 0x14dedb0cc190>,4,14,[7 1],5,7,21,2,7
1,<environment.Job instance at 0x14ded407faa0>,8,16,[10  2],9,21,37,12,12
1,<environment.Job instance at 0x14ded407f960>,11,2,[2 7],12,37,39,25,34
1,<environment.Job instance at 0x14ded407f320>,15,26,[6 2],16,69,95,53,69
1,<environment.Job instance at 0x14dedf3ec370>,25,2,[1 8],26,220,222,194,220
1,<environment.Job instance at 0x14dedf3ec640>,31,3,[6 1],32,283,286,251,283
1,<environment.Job instance at 0x14ded8ef03c0>,37,19,[9 1],38,360,379,322,360
1,<environment.Job instance at 0x14ded8ef0780>,42,23,[5 1],43,379,402,336,377
1,<environment.Job instance at 0x14ded8ef0af0>,45,25,[1 8],46,391,416,345,391
1,<environment.Job instance at 0x14ded8ef0f50>,51,3,[1 5],52,462,465,410,462
1,<environment.Job instance at 0x14ded8ef0dc0>,52,14,[9 2],53,475,489,422,475
1,<environment.Job instance at 0x14ded8ef0960>,53,14,[1 6],54,475,489,421,475
1,<environment.Job instance at 0x14ded8f115a0>,60,18,[9 2],61,520,538,459,520
1,<environment.Job instance at 0x14ded8f11780>,64,2,[10  2],65,542,544,477,542
1,<environment.Job instance at 0x14ded8f11960>,67,2,[1 8],68,572,574,504,572
1,<environment.Job instance at 0x14ded8f20190>,81,3,[6 1],82,720,723,638,720
1,<environment.Job instance at 0x14ded8f203c0>,83,2,[1 9],84,741,743,657,741
1,<environment.Job instance at 0x14ded8f20500>,85,1,[9 1],86,770,771,684,770
1,<environment.Job instance at 0x14ded8f208c0>,90,23,[2 5],91,791,814,700,791
1,<environment.Job instance at 0x14ded8f207d0>,88,13,[1 7],89,814,827,725,811
1,<environment.Job instance at 0x14ded8f20910>,99,13,[5 1],100,860,873,760,860
1,<environment.Job instance at 0x14ded8f20dc0>,100,24,[5 2],101,862,886,761,862
1,<environment.Job instance at 0x14ded8eee280>,105,12,[2 8],106,913,925,807,913
1,<environment.Job instance at 0x14ded8f10a50>,109,1,[2 9],110,964,965,854,964
1,<environment.Job instance at 0x14dedb0d9050>,117,1,[1 5],118,1004,1005,886,1004
1,<environment.Job instance at 0x14de93af09b0>,118,15,[2 6],119,1005,1020,886,1005
1,<environment.Job instance at 0x14ded91a9280>,4,15,[6 1],5,10,25,5,10
1,<environment.Job instance at 0x14ded8f20d70>,7,21,[1 7],8,19,40,11,19
1,<environment.Job instance at 0x14deda8213c0>,19,12,[1 7],20,100,112,80,100
1,<environment.Job instance at 0x14deda821320>,20,16,[1 6],21,112,128,91,104
1,<environment.Job instance at 0x14dee12da4b0>,26,1,[1 9],27,162,163,135,162
1,<environment.Job instance at 0x14ded8f504b0>,30,21,[8 2],31,166,187,135,166
1,<environment.Job instance at 0x14de9380fc30>,36,28,[10  2],37,211,239,174,211
1,<environment.Job instance at 0x14de93809050>,42,3,[ 1 10],43,239,242,196,238
1,<environment.Job instance at 0x14de93ae08c0>,51,25,[1 9],52,348,373,296,348
1,<environment.Job instance at 0x14de93ae0820>,53,3,[1 6],54,373,376,319,357
1,<environment.Job instance at 0x14de9364dbe0>,62,18,[1 8],63,434,452,371,434
1,<environment.Job instance at 0x14de9380bd70>,79,22,[2 5],80,570,592,490,570
1,<environment.Job instance at 0x14de9380bdc0>,78,15,[9 2],79,592,607,513,579
1,<environment.Job instance at 0x14de9380b550>,81,17,[1 8],82,592,609,510,580
1,<environment.Job instance at 0x14de9380b190>,84,12,[1 8],85,609,621,524,594
1,<environment.Job instance at 0x14de9380be60>,85,16,[1 8],86,627,643,541,627
1,<environment.Job instance at 0x14dedb3d42d0>,92,13,[10  1],93,652,665,559,652
1,<environment.Job instance at 0x14ded8eebf50>,95,14,[2 9],96,687,701,591,687
1,<environment.Job instance at 0x14dedab37e10>,101,2,[8 2],102,750,752,648,750
1,<environment.Job instance at 0x14dedab375f0>,103,28,[5 2],104,752,780,648,752
1,<environment.Job instance at 0x14dedab37640>,105,1,[9 1],106,786,787,680,786
1,<environment.Job instance at 0x14dedab37140>,109,17,[6 1],110,787,804,677,786
1,<environment.Job instance at 0x14dedab37f00>,108,1,[ 2 10],109,804,805,695,793
1,<environment.Job instance at 0x14dedab37410>,112,22,[5 1],113,805,827,692,800
1,<environment.Job instance at 0x14dedab37690>,110,27,[6 1],111,827,854,716,825
1,<environment.Job instance at 0x14ded40a6730>,7,22,[5 1],8,20,42,12,20
1,<environment.Job instance at 0x14ded40a6f00>,8,2,[1 5],9,27,29,18,27
1,<environment.Job instance at 0x14dedaaf40a0>,26,16,[7 2],27,158,174,131,158
1,<environment.Job instance at 0x14dedaaf4460>,27,18,[ 1 10],28,174,192,146,170
1,<environment.Job instance at 0x14dee0c21820>,33,1,[6 2],34,260,261,226,260
1,<environment.Job instance at 0x14dee0c21b40>,37,2,[ 2 10],38,291,293,253,291
1,<environment.Job instance at 0x14dedfdbe190>,48,23,[7 2],49,385,408,336,385
1,<environment.Job instance at 0x14dedfdbec80>,59,12,[1 8],60,463,475,403,463
1,<environment.Job instance at 0x14ded40a0370>,65,21,[8 2],66,482,503,416,482
1,<environment.Job instance at 0x14dedb3c1c30>,71,13,[1 8],72,531,544,459,531
1,<environment.Job instance at 0x14dedb3c1140>,74,3,[2 9],75,572,575,497,572
1,<environment.Job instance at 0x14dedb3c1910>,79,2,[ 2 10],80,641,643,561,641
1,<environment.Job instance at 0x14dedb3c1960>,82,2,[5 2],83,667,669,584,667
1,<environment.Job instance at 0x14deda97ee60>,102,23,[7 2],103,903,926,800,903
1,<environment.Job instance at 0x14deda97ef00>,105,21,[ 2 10],106,928,949,822,928
1,<environment.Job instance at 0x14dedb3b70f0>,109,12,[2 6],110,967,979,857,967
1,<environment.Job instance at 0x14ded4164a00>,113,1,[10  1],114,1001,1002,887,1001
1,<environment.Job instance at 0x14dedb0edaa0>,115,22,[9 1],116,1010,1032,894,1010
1,<environment.Job instance at 0x14ded4164e60>,116,19,[1 5],117,1013,1032,896,1013
1,<environment.Job instance at 0x14ded4164780>,117,13,[2 8],118,1032,1045,914,1017
1,<environment.Job instance at 0x14dedab30280>,7,20,[7 1],8,37,57,29,37
1,<environment.Job instance at 0x14dedab30690>,13,15,[2 9],14,57,72,43,57
1,<environment.Job instance at 0x14dedab30a00>,18,1,[2 9],19,110,111,91,110
1,<environment.Job instance at 0x14dedab30a50>,17,12,[1 5],18,120,132,102,120
1,<environment.Job instance at 0x14dedab30be0>,20,22,[6 1],21,127,149,106,127
1,<environment.Job instance at 0x14dedab301e0>,22,2,[1 6],23,133,135,110,133
1,<environment.Job instance at 0x14dedab5e2d0>,31,23,[5 1],32,247,270,215,247
1,<environment.Job instance at 0x14dedab5e370>,30,13,[2 6],31,252,265,221,252
1,<environment.Job instance at 0x14dedab5e780>,36,28,[2 9],37,303,331,266,303
1,<environment.Job instance at 0x14dedab5e7d0>,40,2,[1 9],41,331,333,290,329
1,<environment.Job instance at 0x14dedab5ebe0>,45,13,[2 5],46,364,377,318,364
1,<environment.Job instance at 0x14dedab47230>,54,15,[2 7],55,424,439,369,424
1,<environment.Job instance at 0x14dedab47960>,61,2,[ 1 10],62,486,488,424,486
1,<environment.Job instance at 0x14dedab47be0>,65,24,[1 7],66,496,520,430,496
1,<environment.Job instance at 0x14dedab47f50>,70,1,[2 9],71,537,538,466,537
1,<environment.Job instance at 0x14dedab5a140>,74,1,[1 7],75,569,570,494,569
1,<environment.Job instance at 0x14dedab5a280>,76,3,[1 8],77,571,574,494,571
1,<environment.Job instance at 0x14dedab5a410>,77,1,[1 9],78,574,575,496,571
1,<environment.Job instance at 0x14dedab5a3c0>,78,3,[ 2 10],79,575,578,496,573
1,<environment.Job instance at 0x14dedab5a640>,80,2,[2 7],81,598,600,517,598
1,<environment.Job instance at 0x14dedab5a5a0>,81,19,[5 2],82,611,630,529,611
1,<environment.Job instance at 0x14dedab5a820>,83,2,[1 8],84,618,620,534,618
1,<environment.Job instance at 0x14dedab5a9b0>,86,13,[1 7],87,658,671,571,658
1,<environment.Job instance at 0x14dedab5aaa0>,88,21,[6 2],89,664,685,575,664
1,<environment.Job instance at 0x14dedab3f6e0>,107,3,[1 5],108,847,850,739,847
1,<environment.Job instance at 0x14dedb3b7870>,7,22,[6 2],8,27,49,19,27
1,<environment.Job instance at 0x14de937d05a0>,4,15,[1 8],5,29,44,24,29
1,<environment.Job instance at 0x14dedb01e910>,11,16,[2 6],12,48,64,36,48
1,<environment.Job instance at 0x14dedb01e460>,10,14,[9 2],11,64,78,53,51
1,<environment.Job instance at 0x14dedb01e960>,18,1,[2 8],19,78,79,59,73
1,<environment.Job instance at 0x14dedb01e190>,19,18,[1 5],20,96,114,76,96
1,<environment.Job instance at 0x14dedb01edc0>,21,2,[6 2],22,99,101,77,99
1,<environment.Job instance at 0x14dedb01e9b0>,23,15,[2 7],24,114,129,90,103
1,<environment.Job instance at 0x14dedafbecd0>,40,3,[2 6],41,247,250,206,247
1,<environment.Job instance at 0x14dedab1dd70>,43,16,[1 8],44,260,276,216,260
1,<environment.Job instance at 0x14ded8f1d410>,44,13,[10  1],45,276,289,231,260
1,<environment.Job instance at 0x14dee16be320>,58,3,[2 7],59,387,390,328,387
1,<environment.Job instance at 0x14deda994690>,64,1,[ 2 10],65,435,436,370,435
1,<environment.Job instance at 0x14dedab1af00>,74,13,[8 2],75,489,502,414,489
1,<environment.Job instance at 0x14deda871050>,78,22,[1 7],79,507,529,428,507
1,<environment.Job instance at 0x14ded8eeb280>,85,20,[8 1],86,558,578,472,558
1,<environment.Job instance at 0x14ded8eeb190>,90,16,[10  1],91,606,622,515,606
1,<environment.Job instance at 0x14de937e70f0>,91,2,[ 1 10],92,622,624,530,607
1,<environment.Job instance at 0x14dedb116dc0>,113,27,[6 1],114,800,827,686,800
1,<environment.Job instance at 0x14ded42102d0>,2,20,[2 9],3,8,28,5,8
1,<environment.Job instance at 0x14deda90cc80>,3,2,[1 9],4,28,30,24,9
1,<environment.Job instance at 0x14deda90cfa0>,7,1,[ 1 10],8,30,31,22,19
1,<environment.Job instance at 0x14deda90c460>,9,1,[ 2 10],10,35,36,25,35
1,<environment.Job instance at 0x14de93413eb0>,30,1,[1 8],31,314,315,283,314
1,<environment.Job instance at 0x14de93413a00>,36,23,[2 8],37,374,397,337,374
1,<environment.Job instance at 0x14de93600aa0>,64,15,[5 1],65,604,619,539,604
1,<environment.Job instance at 0x14de932bc050>,77,14,[ 1 10],78,816,830,738,816
1,<environment.Job instance at 0x14de934e12d0>,86,20,[8 1],87,907,927,820,907
1,<environment.Job instance at 0x14de932b2a50>,94,1,[2 6],95,992,993,897,992
1,<environment.Job instance at 0x14dedfcf5a00>,101,20,[7 2],102,1059,1079,957,1059
1,<environment.Job instance at 0x14dedfd610a0>,117,15,[2 9],118,1171,1186,1053,1171
1,<environment.Job instance at 0x14de935273c0>,2,21,[6 1],3,7,28,4,7
1,<environment.Job instance at 0x14de935277d0>,5,14,[2 7],6,7,21,1,7
1,<environment.Job instance at 0x14de93527c30>,6,3,[7 1],7,28,31,21,8
1,<environment.Job instance at 0x14de93b40550>,17,2,[7 1],18,77,79,59,77
1,<environment.Job instance at 0x14de938cd410>,8,26,[9 1],9,91,117,82,91
1,<environment.Job instance at 0x14dee12d0690>,19,15,[1 6],20,93,108,73,93
1,<environment.Job instance at 0x14de93873be0>,21,14,[9 2],22,117,131,95,103
1,<environment.Job instance at 0x14dedf3b11e0>,25,13,[1 9],26,151,164,125,151
1,<environment.Job instance at 0x14ded8ecfb40>,28,12,[1 5],29,164,176,135,159
1,<environment.Job instance at 0x14ded8ee4cd0>,29,13,[5 2],30,164,177,134,160
1,<environment.Job instance at 0x14ded8ecfe10>,30,15,[7 2],31,177,192,146,168
1,<environment.Job instance at 0x14ded8ecf730>,32,15,[1 5],33,176,191,143,173
1,<environment.Job instance at 0x14de93613190>,34,2,[10  2],35,192,194,157,173
1,<environment.Job instance at 0x14ded916faf0>,41,13,[1 7],42,234,247,192,234
1,<environment.Job instance at 0x14ded8f2aaf0>,43,3,[1 6],44,257,260,213,257
1,<environment.Job instance at 0x14de9351c8c0>,45,22,[5 2],46,265,287,219,265
1,<environment.Job instance at 0x14dedfd657d0>,51,2,[6 1],52,356,358,304,356
1,<environment.Job instance at 0x14dedfd65780>,54,20,[7 2],55,387,407,332,387
1,<environment.Job instance at 0x14de93549af0>,65,3,[2 7],66,504,507,438,504
1,<environment.Job instance at 0x14dee0c57af0>,69,3,[6 1],70,549,552,479,549
1,<environment.Job instance at 0x14dee0c57050>,74,1,[1 7],75,595,596,520,595
1,<environment.Job instance at 0x14dee0c573c0>,78,20,[2 9],79,628,648,549,628
1,<environment.Job instance at 0x14dee1dc3d20>,87,1,[6 1],88,729,730,641,729
1,<environment.Job instance at 0x14de933cca50>,100,26,[1 8],101,854,880,753,854
1,<environment.Job instance at 0x14de933cc460>,105,19,[2 5],106,894,913,788,894
1,<environment.Job instance at 0x14de933cc500>,107,23,[6 2],108,899,922,791,899
1,<environment.Job instance at 0x14dedfdb77d0>,10,20,[9 1],11,48,68,37,48
1,<environment.Job instance at 0x14dedfda63c0>,16,12,[1 8],17,108,120,91,108
1,<environment.Job instance at 0x14de932e12d0>,29,20,[2 6],30,201,221,171,201
1,<environment.Job instance at 0x14dedfd98b40>,30,2,[9 2],31,221,223,190,207
1,<environment.Job instance at 0x14dedfd98870>,31,22,[1 8],32,222,244,190,222
1,<environment.Job instance at 0x14dedfd98910>,34,3,[2 8],35,244,247,209,226
1,<environment.Job instance at 0x14dedfd983c0>,35,1,[9 1],36,226,227,190,226
1,<environment.Job instance at 0x14dedfdb5870>,44,3,[7 2],45,314,317,269,314
1,<environment.Job instance at 0x14de937be780>,45,13,[2 8],46,314,327,268,314
1,<environment.Job instance at 0x14deda907870>,47,17,[7 2],48,317,334,269,317
1,<environment.Job instance at 0x14dee1df92d0>,49,16,[2 9],50,336,352,286,336
1,<environment.Job instance at 0x14de937f02d0>,69,15,[10  1],70,466,481,396,466
1,<environment.Job instance at 0x14de935ef640>,85,14,[9 1],86,721,735,635,721
1,<environment.Job instance at 0x14de935efa00>,93,17,[10  1],94,737,754,643,737
1,<environment.Job instance at 0x14de935efbe0>,94,20,[1 7],95,754,774,659,746
1,<environment.Job instance at 0x14de935e5550>,111,3,[2 6],112,935,938,823,935
1,<environment.Job instance at 0x14de935e5e60>,113,1,[8 2],114,955,956,841,955
1,<environment.Job instance at 0x14de935e5d70>,115,22,[5 1],116,967,989,851,967
1,<environment.Job instance at 0x14ded8ebfe60>,1,1,[8 1],2,2,3,0,2
1,<environment.Job instance at 0x14deda911b90>,6,23,[1 6],7,16,39,9,16
1,<environment.Job instance at 0x14deda911e60>,8,15,[9 1],9,18,33,9,18
1,<environment.Job instance at 0x14deda911aa0>,11,22,[6 1],12,34,56,22,34
1,<environment.Job instance at 0x14dedb32e820>,22,21,[2 5],23,133,154,110,133
1,<environment.Job instance at 0x14dedb32e640>,24,23,[5 2],25,159,182,134,159
1,<environment.Job instance at 0x14dedb32e8c0>,25,15,[2 5],26,168,183,142,168
1,<environment.Job instance at 0x14dedb32e6e0>,27,24,[ 1 10],28,183,207,155,183
1,<environment.Job instance at 0x14dedb32efa0>,35,1,[7 2],36,260,261,224,260
1,<environment.Job instance at 0x14de938c5910>,41,26,[2 9],42,339,365,297,339
1,<environment.Job instance at 0x14de938c5be0>,42,2,[8 1],43,345,347,302,345
1,<environment.Job instance at 0x14de938c5c80>,49,15,[2 6],50,379,394,329,379
1,<environment.Job instance at 0x14de935caa50>,54,2,[10  2],55,424,426,369,424
1,<environment.Job instance at 0x14de935cac30>,55,1,[8 1],56,426,427,370,425
1,<environment.Job instance at 0x14de935ca5a0>,59,14,[5 1],60,470,484,410,470
1,<environment.Job instance at 0x14de935ca230>,60,16,[8 2],61,484,500,423,471
1,<environment.Job instance at 0x14de935ca500>,61,3,[ 2 10],62,500,503,438,490
1,<environment.Job instance at 0x14de935cadc0>,63,17,[1 5],64,524,541,460,524
1,<environment.Job instance at 0x14de935ca820>,67,1,[7 1],68,526,527,458,526
1,<environment.Job instance at 0x14de935caa00>,68,3,[ 2 10],69,541,544,472,532
1,<environment.Job instance at 0x14de935ca0a0>,69,19,[ 1 10],70,544,563,474,535
1,<environment.Job instance at 0x14de935f23c0>,71,2,[8 1],72,582,584,510,582
1,<environment.Job instance at 0x14de935f2d70>,73,26,[5 2],74,584,610,510,582
1,<environment.Job instance at 0x14de935f2230>,78,27,[8 2],79,620,647,541,620
1,<environment.Job instance at 0x14de935f2f50>,75,22,[1 8],76,623,645,547,623
1,<environment.Job instance at 0x14de935f2960>,82,2,[ 1 10],83,647,649,564,639
1,<environment.Job instance at 0x14de935f2be0>,83,2,[1 6],84,645,647,561,644
1,<environment.Job instance at 0x14de935f2aa0>,85,24,[1 5],86,649,673,563,646
1,<environment.Job instance at 0x14de935f2fa0>,86,23,[7 1],87,661,684,574,661
1,<environment.Job instance at 0x14de935fb3c0>,98,14,[8 1],99,825,839,726,825
1,<environment.Job instance at 0x14de935fb960>,102,19,[9 1],103,858,877,755,858
1,<environment.Job instance at 0x14de935fb550>,104,2,[1 8],105,861,863,756,861
1,<environment.Job instance at 0x14de935fb190>,105,26,[1 5],106,866,892,760,866
1,<environment.Job instance at 0x14deda8ee910>,108,2,[1 9],109,896,898,787,896
1,<environment.Job instance at 0x14deda8eeb40>,109,3,[1 8],110,898,901,788,898
1,<environment.Job instance at 0x14deda8eeeb0>,118,12,[5 1],119,1046,1058,927,1046
1,<environment.Job instance at 0x14de935fb280>,2,13,[2 5],3,3,16,0,3
1,<environment.Job instance at 0x14ded4081d20>,6,1,[2 7],7,16,17,9,8
1,<environment.Job instance at 0x14ded4081e60>,9,13,[5 2],10,48,61,38,48
1,<environment.Job instance at 0x14ded4081640>,16,13,[2 8],17,106,119,89,106
1,<environment.Job instance at 0x14dedb7f7910>,25,14,[1 7],26,248,262,222,248
1,<environment.Job instance at 0x14de93240140>,30,1,[9 2],31,280,281,249,280
1,<environment.Job instance at 0x14dee1d5b640>,33,19,[8 1],34,299,318,265,299
1,<environment.Job instance at 0x14de93240a50>,31,26,[1 9],32,299,325,267,299
1,<environment.Job instance at 0x14de932405f0>,34,2,[5 2],35,325,327,290,300
1,<environment.Job instance at 0x14de93608870>,36,12,[ 1 10],37,327,339,290,312
1,<environment.Job instance at 0x14de93608050>,41,13,[2 6],42,341,354,299,341
1,<environment.Job instance at 0x14de93608c80>,42,1,[ 1 10],43,354,355,311,346
1,<environment.Job instance at 0x14de936088c0>,57,20,[1 7],58,467,487,409,467
1,<environment.Job instance at 0x14dee12aa280>,61,28,[5 1],62,521,549,459,521
1,<environment.Job instance at 0x14ded9fd4820>,75,22,[2 9],76,677,699,601,677
1,<environment.Job instance at 0x14ded9fd46e0>,77,20,[1 8],78,699,719,621,695
1,<environment.Job instance at 0x14dee1c775a0>,78,3,[5 2],79,699,702,620,695
1,<environment.Job instance at 0x14deded072d0>,82,22,[2 5],83,758,780,675,758
1,<environment.Job instance at 0x14dedb0d93c0>,89,15,[6 2],90,784,799,694,784
1,<environment.Job instance at 0x14dedb0d9230>,91,22,[2 5],92,803,825,711,803
1,<environment.Job instance at 0x14dedb0d9280>,95,21,[ 1 10],96,841,862,745,841
1,<environment.Job instance at 0x14dedb0d9730>,97,2,[2 6],98,862,864,764,849
1,<environment.Job instance at 0x14dedb0d9960>,104,24,[8 2],105,898,922,793,898
1,<environment.Job instance at 0x14de939c0e10>,106,2,[10  2],107,922,924,815,918
1,<environment.Job instance at 0x14de939c0820>,109,23,[8 1],110,964,987,854,964
1,<environment.Job instance at 0x14ded8f5cd20>,9,3,[2 6],10,30,33,20,30
1,<environment.Job instance at 0x14deda9baf50>,11,21,[2 7],12,39,60,27,39
1,<environment.Job instance at 0x14ded8f4ba50>,24,22,[1 9],25,182,204,157,182
1,<environment.Job instance at 0x14ded8f4bd70>,29,17,[6 2],30,212,229,182,212
1,<environment.Job instance at 0x14de937b0640>,30,19,[ 2 10],31,229,248,198,229
1,<environment.Job instance at 0x14deda9abb40>,33,19,[2 9],34,255,274,221,255
1,<environment.Job instance at 0x14dedf403640>,34,3,[9 1],35,274,277,239,256
1,<environment.Job instance at 0x14deda9ab8c0>,35,14,[5 2],36,277,291,241,262
1,<environment.Job instance at 0x14ded410feb0>,42,22,[10  2],43,318,340,275,318
1,<environment.Job instance at 0x14ded4110050>,41,3,[5 2],42,340,343,298,326
1,<environment.Job instance at 0x14dedb089b40>,44,19,[6 2],45,343,362,298,340
1,<environment.Job instance at 0x14ded40f05a0>,48,25,[5 1],49,362,387,313,359
1,<environment.Job instance at 0x14de937aee60>,50,3,[8 2],51,387,390,336,378
1,<environment.Job instance at 0x14ded4118960>,54,21,[1 8],55,400,421,345,400
1,<environment.Job instance at 0x14ded41186e0>,57,16,[7 1],58,422,438,364,422
1,<environment.Job instance at 0x14ded41187d0>,58,27,[7 2],59,448,475,389,448
1,<environment.Job instance at 0x14ded40ea5f0>,62,3,[8 1],63,475,478,412,474
1,<environment.Job instance at 0x14ded40ea820>,66,21,[2 5],67,502,523,435,502
1,<environment.Job instance at 0x14ded40ea280>,69,1,[8 2],70,552,553,482,552
1,<environment.Job instance at 0x14de937958c0>,81,12,[1 7],82,671,683,589,671
1,<environment.Job instance at 0x14de9379a050>,93,24,[2 8],94,737,761,643,737
1,<environment.Job instance at 0x14de9379a320>,97,23,[6 1],98,789,812,691,789
1,<environment.Job instance at 0x14de9379a5a0>,101,3,[6 1],102,824,827,722,824
1,<environment.Job instance at 0x14de9379a870>,102,14,[ 2 10],103,836,850,733,836
1,<environment.Job instance at 0x14de9379aa00>,106,1,[10  1],107,869,870,762,869
1,<environment.Job instance at 0x14de9379ab90>,107,3,[1 7],108,870,873,762,869
1,<environment.Job instance at 0x14de9379ad70>,110,15,[5 1],111,890,905,779,890
1,<environment.Job instance at 0x14de9379adc0>,112,1,[7 1],113,905,906,792,899
1,<environment.Job instance at 0x14de9379af50>,113,2,[6 2],114,906,908,792,902
1,<environment.Job instance at 0x14dedb089c80>,6,2,[9 1],7,7,9,0,7
1,<environment.Job instance at 0x14dedb089b90>,7,20,[9 1],8,9,29,1,9
1,<environment.Job instance at 0x14dedb089370>,10,1,[8 1],11,29,30,18,14
1,<environment.Job instance at 0x14ded40ea320>,2,28,[1 5],3,41,69,38,41
1,<environment.Job instance at 0x14dedb089140>,13,16,[1 8],14,69,85,55,58
1,<environment.Job instance at 0x14dedb089780>,18,21,[8 1],19,68,89,49,68
1,<environment.Job instance at 0x14dedb089550>,15,24,[7 1],16,89,113,73,87
1,<environment.Job instance at 0x14dedb332eb0>,26,25,[10  1],27,147,172,120,147
1,<environment.Job instance at 0x14dedb3329b0>,31,3,[9 2],32,186,189,154,186
1,<environment.Job instance at 0x14dedb332190>,38,16,[8 2],39,274,290,235,274
1,<environment.Job instance at 0x14dedb332320>,39,1,[1 7],40,279,280,239,279
1,<environment.Job instance at 0x14deda9c1820>,44,1,[10  1],45,318,319,273,318
1,<environment.Job instance at 0x14deda9c19b0>,43,16,[1 6],44,319,335,275,319
1,<environment.Job instance at 0x14deda9c1050>,47,14,[5 1],48,349,363,301,349
1,<environment.Job instance at 0x14deda9c1b40>,58,22,[5 2],59,490,512,431,490
1,<environment.Job instance at 0x14dedb0cb500>,65,13,[2 5],66,587,600,521,587
1,<environment.Job instance at 0x14dedaa71f00>,79,15,[ 1 10],80,756,771,676,756
1,<environment.Job instance at 0x14dedb0797d0>,89,18,[10  2],90,861,879,771,861
1,<environment.Job instance at 0x14dedb079190>,98,1,[2 6],99,949,950,850,949
1,<environment.Job instance at 0x14dedb079690>,99,13,[7 2],100,956,969,856,956
1,<environment.Job instance at 0x14dedf3f76e0>,108,18,[2 6],109,1042,1060,933,1042
1,<environment.Job instance at 0x14dedf3f7c30>,109,14,[1 5],110,1060,1074,950,1051
1,<environment.Job instance at 0x14dedf3f74b0>,111,13,[8 2],112,1056,1069,944,1056
1,<environment.Job instance at 0x14dedf3f7d20>,112,1,[2 6],113,1074,1075,961,1060
1,<environment.Job instance at 0x14dedb09feb0>,0,1,[1 5],1,1,2,0,1
1,<environment.Job instance at 0x14deda9860a0>,7,20,[6 1],8,19,39,11,19
1,<environment.Job instance at 0x14deda9868c0>,15,14,[2 8],16,55,69,39,55
1,<environment.Job instance at 0x14dedf3886e0>,27,21,[ 1 10],28,228,249,200,228
1,<environment.Job instance at 0x14de93bb3d20>,33,2,[ 1 10],34,249,251,215,240
1,<environment.Job instance at 0x14de93bb3230>,34,19,[6 2],35,251,270,216,246
1,<environment.Job instance at 0x14de937219b0>,35,1,[6 2],36,270,271,234,246
1,<environment.Job instance at 0x14de93506e60>,41,24,[ 2 10],42,277,301,235,277
1,<environment.Job instance at 0x14dedfcb2190>,44,1,[1 5],45,301,302,256,284
1,<environment.Job instance at 0x14dedfcad190>,67,23,[8 2],68,558,581,490,558
1,<environment.Job instance at 0x14dedfcadd20>,72,20,[2 6],73,595,615,522,595
1,<environment.Job instance at 0x14dedfc98a00>,87,21,[2 8],88,734,755,646,734
1,<environment.Job instance at 0x14dedfc98be0>,90,22,[1 7],91,768,790,677,768
1,<environment.Job instance at 0x14dedfcbc1e0>,95,1,[2 5],96,790,791,694,768
1,<environment.Job instance at 0x14dedfc98f00>,94,16,[5 2],95,774,790,679,774
1,<environment.Job instance at 0x14dedfcbc3c0>,98,15,[2 5],99,816,831,717,816
1,<environment.Job instance at 0x14dedfcbc5a0>,101,13,[7 1],102,831,844,729,831
1,<environment.Job instance at 0x14dedfcbca00>,108,19,[2 9],109,883,902,774,883
1,<environment.Job instance at 0x14dedfcbc9b0>,118,15,[1 9],119,949,964,830,949
1,<environment.Job instance at 0x14dee1338e10>,7,1,[2 5],8,12,13,4,12
1,<environment.Job instance at 0x14dedab0afa0>,16,26,[2 9],17,126,152,109,126
1,<environment.Job instance at 0x14dedab0a460>,18,2,[5 2],19,152,154,133,138
1,<environment.Job instance at 0x14dedab0aa00>,17,18,[ 2 10],18,171,189,153,171
1,<environment.Job instance at 0x14dedab0a690>,24,16,[1 7],25,189,205,164,177
1,<environment.Job instance at 0x14dedab0aa50>,25,14,[8 1],26,189,203,163,185
1,<environment.Job instance at 0x14de938bbc80>,29,13,[2 5],30,208,221,178,208
1,<environment.Job instance at 0x14de938bb910>,32,1,[2 9],33,232,233,199,232
1,<environment.Job instance at 0x14de938bb3c0>,37,3,[ 2 10],38,272,275,234,272
1,<environment.Job instance at 0x14de938bb820>,44,3,[10  2],45,338,341,293,338
1,<environment.Job instance at 0x14de938bbc30>,46,2,[9 2],47,356,358,309,356
1,<environment.Job instance at 0x14deda9b97d0>,75,22,[ 2 10],76,666,688,590,666
1,<environment.Job instance at 0x14deda9b93c0>,80,16,[1 5],81,688,704,607,680
1,<environment.Job instance at 0x14deda9b99b0>,82,3,[5 2],83,692,695,609,692
1,<environment.Job instance at 0x14deda9b9460>,84,1,[7 2],85,703,704,618,703
1,<environment.Job instance at 0x14deda9b90a0>,85,3,[1 6],86,704,707,618,703
1,<environment.Job instance at 0x14de9344cb40>,99,3,[5 2],100,837,840,737,837
1,<environment.Job instance at 0x14de9344ccd0>,106,20,[7 2],107,869,889,762,869
1,<environment.Job instance at 0x15527f2ae690>,4,24,[6 1],5,6,30,1,6
1,<environment.Job instance at 0x15528866bc30>,1,2,[2 5],2,6,8,4,6
1,<environment.Job instance at 0x15527f2ae640>,7,1,[7 2],8,30,31,22,12
1,<environment.Job instance at 0x15527f2aef00>,12,22,[2 6],13,13,35,0,13
1,<environment.Job instance at 0x15527f2aed70>,11,14,[10  2],12,35,49,23,20
1,<environment.Job instance at 0x15527f2b02d0>,18,3,[1 6],19,73,76,54,73
1,<environment.Job instance at 0x15527f2b05f0>,23,3,[7 2],24,122,125,98,122
1,<environment.Job instance at 0x15527f2b0a50>,28,20,[1 9],29,171,191,142,171
1,<environment.Job instance at 0x15527f2b0b40>,29,20,[1 5],30,191,211,161,188
1,<environment.Job instance at 0x15527f2b0c30>,30,2,[2 8],31,211,213,180,189
1,<environment.Job instance at 0x15527f2b25a0>,45,15,[2 5],46,270,285,224,270
1,<environment.Job instance at 0x15527f2b2690>,48,1,[6 2],49,276,277,227,276
1,<environment.Job instance at 0x15527f2b2d70>,57,1,[5 1],58,370,371,312,370
1,<environment.Job instance at 0x15527f2b2e10>,58,17,[2 7],59,387,404,328,387
1,<environment.Job instance at 0x15527f2b5870>,76,14,[9 1],77,538,552,461,538
1,<environment.Job instance at 0x15527f2b5be0>,75,15,[2 6],76,552,567,476,539
1,<environment.Job instance at 0x15527f2b5dc0>,78,3,[ 2 10],79,567,570,488,548
1,<environment.Job instance at 0x15527f2b5f00>,80,2,[1 5],81,570,572,489,561
1,<environment.Job instance at 0x15527f2b5b90>,82,3,[2 8],83,572,575,489,565
1,<environment.Job instance at 0x15527f2b5eb0>,83,21,[7 2],84,580,601,496,580
1,<environment.Job instance at 0x15527f2b7730>,92,24,[2 9],93,733,757,640,733
1,<environment.Job instance at 0x15527f2b7be0>,100,20,[10  2],101,785,805,684,785
1,<environment.Job instance at 0x15527f2b7b90>,101,14,[6 1],102,805,819,703,794
1,<environment.Job instance at 0x15527f2b7eb0>,104,12,[10  1],105,844,856,739,844
1,<environment.Job instance at 0x15527f2b7fa0>,106,2,[7 1],107,856,858,749,845
1,<environment.Job instance at 0x15527f2ba460>,110,2,[ 2 10],111,903,905,792,903
1,<environment.Job instance at 0x15527f2ba5a0>,112,3,[2 8],113,917,920,804,917
1,<environment.Job instance at 0x15527f2bac30>,124,12,[10  2],125,1082,1094,957,1082
1,<environment.Job instance at 0x155285cceaf0>,30,20,[6 1],31,227,247,196,227
1,<environment.Job instance at 0x155285cced20>,32,1,[6 2],33,247,248,214,246
1,<environment.Job instance at 0x155285cce910>,33,25,[1 8],34,261,286,227,261
1,<environment.Job instance at 0x1552865bb7d0>,45,19,[7 1],46,338,357,292,338
1,<environment.Job instance at 0x1552865bb410>,53,2,[7 1],54,435,437,381,435
1,<environment.Job instance at 0x155285c821e0>,59,14,[1 6],60,536,550,476,536
1,<environment.Job instance at 0x155285c82500>,65,1,[1 7],66,610,611,544,610
1,<environment.Job instance at 0x155285c82d20>,67,17,[6 2],68,626,643,558,626
1,<environment.Job instance at 0x155285c82eb0>,70,17,[1 7],71,659,676,588,659
1,<environment.Job instance at 0x155285cacfa0>,85,20,[1 5],86,811,831,725,811
1,<environment.Job instance at 0x155285cac550>,86,20,[2 5],87,815,835,728,815
1,<environment.Job instance at 0x1552865be820>,93,20,[1 6],94,869,889,775,869
1,<environment.Job instance at 0x1552865becd0>,97,3,[2 5],98,889,892,791,885
1,<environment.Job instance at 0x155281277eb0>,105,15,[6 1],106,947,962,841,947
1,<environment.Job instance at 0x1552527a0320>,1,17,[2 6],2,3,20,1,3
1,<environment.Job instance at 0x1552525c2140>,10,2,[1 9],11,23,25,12,23
1,<environment.Job instance at 0x1552527bf320>,25,1,[2 7],26,109,110,83,109
1,<environment.Job instance at 0x1552527bf640>,27,3,[6 1],28,117,120,89,117
1,<environment.Job instance at 0x1552527bfa00>,29,1,[2 8],30,127,128,97,127
1,<environment.Job instance at 0x1552527bfbe0>,30,3,[7 1],31,132,135,101,132
1,<environment.Job instance at 0x1552527bf050>,35,20,[2 9],36,191,211,155,191
1,<environment.Job instance at 0x1552527bf460>,37,28,[10  1],38,211,239,173,211
1,<environment.Job instance at 0x15527c047eb0>,39,3,[2 9],40,239,242,199,215
1,<environment.Job instance at 0x15527c047d20>,42,12,[8 1],43,241,253,198,241
1,<environment.Job instance at 0x1552526ac460>,50,3,[7 2],51,296,299,245,296
1,<environment.Job instance at 0x15527c07f320>,66,25,[10  2],67,395,420,328,395
1,<environment.Job instance at 0x1552527a59b0>,78,17,[2 8],79,483,500,404,483
1,<environment.Job instance at 0x1552527075f0>,81,14,[5 1],82,527,541,445,527
1,<environment.Job instance at 0x1552527e60f0>,83,3,[6 1],84,541,544,457,529
1,<environment.Job instance at 0x1552527e6af0>,87,28,[2 5],88,557,585,469,557
1,<environment.Job instance at 0x1552527e6aa0>,89,20,[ 2 10],90,585,605,495,583
1,<environment.Job instance at 0x1552527e6f50>,93,12,[2 5],94,605,617,511,588
1,<environment.Job instance at 0x1552527d2500>,98,22,[7 1],99,628,650,529,628
1,<environment.Job instance at 0x1552527d2e10>,99,3,[2 9],100,629,632,529,629
1,<environment.Job instance at 0x1552527d21e0>,105,15,[5 2],106,694,709,588,694
1,<environment.Job instance at 0x15527c04d780>,119,23,[1 9],120,842,865,722,842
1,<environment.Job instance at 0x15527c04d5f0>,117,1,[6 1],118,848,849,730,848
1,<environment.Job instance at 0x15527c04d140>,122,12,[2 8],123,865,877,742,855
1,<environment.Job instance at 0x15527c04dc80>,123,12,[10  1],124,877,889,753,860
1,<environment.Job instance at 0x1552520ef870>,9,26,[7 2],10,27,53,17,27
1,<environment.Job instance at 0x1552520ef8c0>,10,15,[2 8],11,46,61,35,46
1,<environment.Job instance at 0x1552520efd20>,19,23,[9 1],20,165,188,145,165
1,<environment.Job instance at 0x1552520f1a50>,36,22,[1 7],37,308,330,271,308
1,<environment.Job instance at 0x1552520f1c80>,37,2,[ 2 10],38,330,332,292,309
1,<environment.Job instance at 0x1552520f1cd0>,38,12,[1 7],39,332,344,293,316
1,<environment.Job instance at 0x1552520740a0>,44,20,[8 1],45,350,370,305,350
1,<environment.Job instance at 0x1552520f1c30>,45,18,[2 8],46,353,371,307,353
1,<environment.Job instance at 0x1552520747d0>,56,24,[6 2],57,510,534,453,510
1,<environment.Job instance at 0x155252074870>,57,26,[1 5],58,513,539,455,513
1,<environment.Job instance at 0x1552520749b0>,59,14,[7 1],60,534,548,474,526
1,<environment.Job instance at 0x155252074910>,58,1,[2 6],59,539,540,480,526
1,<environment.Job instance at 0x155252077280>,68,28,[5 1],69,550,578,481,550
1,<environment.Job instance at 0x155252077b40>,83,21,[5 1],84,638,659,554,638
1,<environment.Job instance at 0x1552520e5780>,92,13,[1 5],93,732,745,639,732
1,<environment.Job instance at 0x1552521289b0>,103,17,[7 2],104,813,830,709,813
1,<environment.Job instance at 0x155252110fa0>,110,12,[1 5],111,838,850,727,838
1,<environment.Job instance at 0x1552520fa320>,111,3,[2 6],112,850,853,738,842
1,<environment.Job instance at 0x155252184b40>,1,2,[2 5],2,2,4,0,2
1,<environment.Job instance at 0x1552819c7f50>,4,28,[7 1],5,6,34,1,6
1,<environment.Job instance at 0x1552819c7190>,7,3,[9 1],8,34,37,26,14
1,<environment.Job instance at 0x1552819c7050>,11,1,[9 2],12,37,38,25,24
1,<environment.Job instance at 0x1552819c7af0>,10,14,[10  1],11,38,52,27,27
1,<environment.Job instance at 0x1552819c7550>,12,3,[ 1 10],13,52,55,39,27
1,<environment.Job instance at 0x155281343c80>,15,3,[1 9],16,29,32,13,29
1,<environment.Job instance at 0x1552813435f0>,18,28,[7 2],19,71,99,52,71
1,<environment.Job instance at 0x155281343b90>,22,1,[8 1],23,99,100,76,84
1,<environment.Job instance at 0x155281343500>,23,14,[ 2 10],24,100,114,76,86
1,<environment.Job instance at 0x155281343280>,25,15,[7 1],26,114,129,88,101
1,<environment.Job instance at 0x1552813433c0>,24,24,[6 2],25,131,155,106,131
1,<environment.Job instance at 0x1552813430a0>,21,21,[10  2],22,155,176,133,149
1,<environment.Job instance at 0x155287f53c30>,35,3,[8 1],36,178,181,142,178
1,<environment.Job instance at 0x15525249d460>,38,3,[1 5],39,217,220,178,217
1,<environment.Job instance at 0x1552523347d0>,59,13,[2 9],60,343,356,283,343
1,<environment.Job instance at 0x155252334b90>,61,16,[1 7],62,356,372,294,350
1,<environment.Job instance at 0x15527c12e730>,70,1,[1 7],71,407,408,336,407
1,<environment.Job instance at 0x15527c12ec30>,69,2,[2 6],70,411,413,341,411
1,<environment.Job instance at 0x155285c47c30>,87,24,[10  2],88,601,625,513,601
1,<environment.Job instance at 0x155281340230>,85,1,[1 7],86,625,626,539,610
1,<environment.Job instance at 0x155285c473c0>,89,19,[ 1 10],90,642,661,552,642
1,<environment.Job instance at 0x155285c47fa0>,92,1,[5 1],93,661,662,568,651
1,<environment.Job instance at 0x155285c47a00>,97,19,[1 7],98,675,694,577,675
1,<environment.Job instance at 0x155285c478c0>,98,3,[1 5],99,694,697,595,680
1,<environment.Job instance at 0x155285c47b40>,96,24,[5 1],97,685,709,588,685
1,<environment.Job instance at 0x155281185780>,104,1,[8 2],105,724,725,619,724
1,<environment.Job instance at 0x155281185820>,113,19,[1 5],114,782,801,668,782
1,<environment.Job instance at 0x155281185050>,114,1,[5 1],115,784,785,669,784
1,<environment.Job instance at 0x1552811852d0>,116,17,[1 6],117,801,818,684,795
1,<environment.Job instance at 0x1552819b59b0>,128,2,[2 5],129,965,967,836,965
1,<environment.Job instance at 0x155283f210f0>,5,24,[2 7],6,8,32,2,8
1,<environment.Job instance at 0x155283f216e0>,4,1,[2 5],5,32,33,27,9
1,<environment.Job instance at 0x155283f21140>,7,18,[8 1],8,9,27,1,9
1,<environment.Job instance at 0x155283f215f0>,6,19,[5 2],7,44,63,37,44
1,<environment.Job instance at 0x1552819282d0>,12,14,[2 7],13,47,61,34,47
1,<environment.Job instance at 0x1552819287d0>,14,19,[8 2],15,63,82,48,58
1,<environment.Job instance at 0x1552819283c0>,24,2,[ 1 10],25,114,116,89,114
1,<environment.Job instance at 0x1552819288c0>,26,20,[8 2],27,116,136,89,116
1,<environment.Job instance at 0x1552819286e0>,25,22,[9 1],26,154,176,128,154
1,<environment.Job instance at 0x155285ca4c30>,42,14,[6 1],43,306,320,263,306
1,<environment.Job instance at 0x155285ca4cd0>,43,2,[2 9],44,310,312,266,310
1,<environment.Job instance at 0x155285ca40a0>,46,22,[9 2],47,341,363,294,341
1,<environment.Job instance at 0x155285ca4410>,48,16,[10  1],49,363,379,314,357
1,<environment.Job instance at 0x155285ca47d0>,49,3,[1 5],50,357,360,307,357
1,<environment.Job instance at 0x1552810dc230>,56,17,[9 1],57,413,430,356,413
1,<environment.Job instance at 0x1552866660a0>,67,2,[2 6],68,507,509,439,507
1,<environment.Job instance at 0x1552866663c0>,71,1,[5 2],72,531,532,459,531
1,<environment.Job instance at 0x1552525a8be0>,107,19,[9 1],108,865,884,757,865
1,<environment.Job instance at 0x1552525a8820>,110,15,[ 1 10],111,884,899,773,878
1,<environment.Job instance at 0x1552525a82d0>,108,15,[6 2],109,911,926,802,911
1,<environment.Job instance at 0x15527c18efa0>,115,25,[1 8],116,932,957,816,932
1,<environment.Job instance at 0x15527c18e2d0>,118,28,[6 1],119,952,980,833,952
1,<environment.Job instance at 0x15527c18ecd0>,121,3,[1 5],122,989,992,867,989
1,<environment.Job instance at 0x15527c18e780>,122,14,[9 2],123,996,1010,873,996
1,<environment.Job instance at 0x15527c18e8c0>,126,19,[2 8],127,1010,1029,883,1010
1,<environment.Job instance at 0x155287b8b7d0>,4,2,[10  2],5,5,7,0,5
1,<environment.Job instance at 0x15525207c3c0>,7,2,[1 8],8,12,14,4,12
1,<environment.Job instance at 0x155285cc0af0>,15,2,[8 1],16,76,78,60,76
1,<environment.Job instance at 0x155285cc0230>,16,1,[2 9],17,76,77,59,76
1,<environment.Job instance at 0x155285cc0050>,17,17,[9 2],18,82,99,64,82
1,<environment.Job instance at 0x155285cc0dc0>,21,3,[6 1],22,131,134,109,131
1,<environment.Job instance at 0x155285cc0fa0>,23,2,[1 9],24,152,154,128,152
1,<environment.Job instance at 0x155281c60a00>,39,13,[5 1],40,273,286,233,273
1,<environment.Job instance at 0x155281c60d70>,45,12,[2 8],46,358,370,312,358
1,<environment.Job instance at 0x155281c920f0>,49,1,[2 9],50,397,398,347,397
1,<environment.Job instance at 0x155281c92370>,51,1,[5 1],52,413,414,361,413
1,<environment.Job instance at 0x155281c927d0>,58,15,[2 6],59,436,451,377,436
1,<environment.Job instance at 0x155281c92690>,56,25,[2 5],57,462,487,405,462
1,<environment.Job instance at 0x155281c929b0>,61,1,[8 1],62,462,463,400,462
1,<environment.Job instance at 0x155281c92af0>,63,2,[1 7],64,487,489,423,475
1,<environment.Job instance at 0x155281c92b40>,64,15,[6 1],65,478,493,413,478
1,<environment.Job instance at 0x155281c6a050>,71,3,[5 1],72,520,523,448,520
1,<environment.Job instance at 0x155281c6a460>,75,23,[1 7],76,572,595,496,572
1,<environment.Job instance at 0x155281c6a910>,79,12,[1 7],80,612,624,532,612
1,<environment.Job instance at 0x155281c6aa00>,85,1,[10  1],86,641,642,555,641
1,<environment.Job instance at 0x155281c672d0>,95,20,[1 9],96,735,755,639,735
1,<environment.Job instance at 0x155281c67730>,102,3,[ 1 10],103,844,847,741,844
1,<environment.Job instance at 0x155281c67a00>,105,26,[10  2],106,875,901,769,875
1,<environment.Job instance at 0x155281c67cd0>,108,25,[ 1 10],109,901,926,792,897
1,<environment.Job instance at 0x1552810dc690>,5,2,[7 2],6,29,31,23,29
1,<environment.Job instance at 0x1552810dccd0>,9,22,[2 5],10,46,68,36,46
1,<environment.Job instance at 0x1552810dcfa0>,8,15,[9 2],9,68,83,59,54
1,<environment.Job instance at 0x1552810dcc30>,11,17,[1 8],12,68,85,56,65
1,<environment.Job instance at 0x1552810c9640>,15,16,[1 8],16,85,101,69,77
1,<environment.Job instance at 0x1552810c9a50>,14,12,[1 8],15,101,113,86,97
1,<environment.Job instance at 0x155281872a00>,19,18,[5 2],20,101,119,81,101
1,<environment.Job instance at 0x155281872820>,21,22,[ 2 10],22,130,152,108,130
1,<environment.Job instance at 0x155281872a50>,25,14,[2 9],26,152,166,126,149
1,<environment.Job instance at 0x1552874ff050>,31,2,[8 2],32,193,195,161,193
1,<environment.Job instance at 0x15525271ad20>,35,1,[9 1],36,224,225,188,224
1,<environment.Job instance at 0x1552527b6dc0>,38,1,[ 2 10],39,255,256,216,255
1,<environment.Job instance at 0x1552527b6370>,39,17,[6 1],40,264,281,224,264
1,<environment.Job instance at 0x15527f80af00>,43,2,[9 1],44,285,287,241,285
1,<environment.Job instance at 0x15527f80a0a0>,44,22,[10  2],45,290,312,245,290
1,<environment.Job instance at 0x155285c2bd70>,50,20,[1 8],51,343,363,292,343
1,<environment.Job instance at 0x155285c2b050>,52,13,[7 2],53,355,368,302,355
1,<environment.Job instance at 0x155285c2b0f0>,53,14,[10  2],54,368,382,314,364
1,<environment.Job instance at 0x155285c2ba50>,54,13,[6 1],55,382,395,327,374
1,<environment.Job instance at 0x155285c2b410>,59,3,[1 7],60,396,399,336,396
1,<environment.Job instance at 0x155252300c30>,63,3,[2 6],64,421,424,357,421
1,<environment.Job instance at 0x1552522faa50>,85,1,[9 1],86,716,717,630,716
1,<environment.Job instance at 0x1552522fa7d0>,92,19,[7 1],93,772,791,679,772
1,<environment.Job instance at 0x155252520be0>,105,2,[1 5],106,890,892,784,890
1,<environment.Job instance at 0x1552527bf230>,113,1,[1 7],114,967,968,853,967
1,<environment.Job instance at 0x1552527bf910>,116,2,[8 2],117,1010,1012,893,1010
1,<environment.Job instance at 0x155285bf4550>,121,13,[1 8],122,1028,1041,906,1028
1,<environment.Job instance at 0x155285cce640>,124,3,[2 9],125,1077,1080,952,1077
1,<environment.Job instance at 0x155252020370>,10,18,[8 2],11,32,50,21,32
1,<environment.Job instance at 0x155251fc15a0>,13,18,[10  2],14,52,70,38,52
1,<environment.Job instance at 0x155251fc10a0>,14,26,[5 1],15,70,96,55,70
1,<environment.Job instance at 0x155251fc1780>,18,16,[2 8],19,81,97,62,81
1,<environment.Job instance at 0x155251fc1640>,28,24,[8 1],29,161,185,132,161
1,<environment.Job instance at 0x155251fc13c0>,29,12,[2 6],30,163,175,133,163
1,<environment.Job instance at 0x1552525d2c30>,33,1,[10  1],34,185,186,151,178
1,<environment.Job instance at 0x1552525d2500>,36,19,[1 5],37,186,205,149,186
1,<environment.Job instance at 0x1552525d2b40>,32,3,[1 6],33,205,208,172,186
1,<environment.Job instance at 0x155285ca4cd0>,45,19,[1 9],46,282,301,236,282
1,<environment.Job instance at 0x155285ca4e60>,47,20,[7 1],48,286,306,238,286
1,<environment.Job instance at 0x155285ca4a50>,49,18,[1 9],50,301,319,251,292
1,<environment.Job instance at 0x155285ca4a00>,57,12,[1 5],58,374,386,316,374
1,<environment.Job instance at 0x155252074870>,59,28,[6 1],60,392,420,332,392
1,<environment.Job instance at 0x1552887f2aa0>,70,13,[2 6],71,501,514,430,501
1,<environment.Job instance at 0x155251fc33c0>,77,23,[ 2 10],78,569,592,491,569
1,<environment.Job instance at 0x155251fc3f50>,80,2,[1 9],81,623,625,542,623
1,<environment.Job instance at 0x155251fc3b40>,82,21,[8 1],83,624,645,541,624
1,<environment.Job instance at 0x155285c18d70>,85,13,[2 5],86,650,663,564,650
1,<environment.Job instance at 0x155285cb06e0>,87,20,[2 7],88,671,691,583,671
1,<environment.Job instance at 0x1552811bcdc0>,94,15,[2 7],95,708,723,613,708
1,<environment.Job instance at 0x15528199e0f0>,109,18,[2 7],110,884,902,774,884
1,<environment.Job instance at 0x155281308050>,114,1,[1 7],115,902,903,787,897
1,<environment.Job instance at 0x155281308aa0>,115,18,[2 7],116,908,926,792,908
1,<environment.Job instance at 0x155252140190>,120,2,[2 7],121,926,928,805,917
1,<environment.Job instance at 0x1552521400a0>,117,1,[1 9],118,928,929,810,919
1,<environment.Job instance at 0x155252140230>,121,19,[5 2],122,940,959,818,940
1,<environment.Job instance at 0x155252140e10>,123,2,[1 8],124,944,946,820,944
1,<environment.Job instance at 0x1552818f4640>,4,22,[1 9],5,7,29,2,7
1,<environment.Job instance at 0x1552521a2960>,9,3,[2 7],10,90,93,80,90
1,<environment.Job instance at 0x155252110640>,2,16,[1 6],3,106,122,103,106
1,<environment.Job instance at 0x1552521a2d20>,11,13,[5 1],12,115,128,103,115
1,<environment.Job instance at 0x155252181eb0>,40,14,[9 2],41,319,333,278,319
1,<environment.Job instance at 0x155252181f50>,41,16,[2 6],42,333,349,291,320
1,<environment.Job instance at 0x155252181f00>,42,20,[6 1],43,333,353,290,330
1,<environment.Job instance at 0x1552521760a0>,43,17,[5 1],44,353,370,309,347
1,<environment.Job instance at 0x1552521763c0>,48,1,[2 8],49,372,373,323,372
1,<environment.Job instance at 0x1552521766e0>,49,18,[1 5],50,379,397,329,379
1,<environment.Job instance at 0x1552521765a0>,50,27,[1 7],51,407,434,356,407
1,<environment.Job instance at 0x1552521768c0>,59,26,[ 1 10],60,457,483,397,457
1,<environment.Job instance at 0x155252176e60>,64,14,[8 2],65,510,524,445,510
1,<environment.Job instance at 0x155252185230>,70,3,[2 6],71,544,547,473,544
1,<environment.Job instance at 0x155252185410>,73,16,[1 8],74,549,565,475,549
1,<environment.Job instance at 0x1552521854b0>,74,13,[10  1],75,565,578,490,549
1,<environment.Job instance at 0x1552521857d0>,79,15,[2 9],80,609,624,529,609
1,<environment.Job instance at 0x155252185d70>,88,3,[2 7],89,710,713,621,710
1,<environment.Job instance at 0x1552521885a0>,97,2,[2 5],98,759,761,661,759
1,<environment.Job instance at 0x155252188a00>,104,13,[8 2],105,821,834,716,821
1,<environment.Job instance at 0x155252188cd0>,109,22,[ 1 10],110,899,921,789,899
1,<environment.Job instance at 0x1552521a7730>,116,15,[7 2],117,981,996,864,981
1,<environment.Job instance at 0x15525219de10>,1,21,[2 6],2,2,23,0,2
1,<environment.Job instance at 0x155285ca3500>,7,20,[1 9],8,23,43,15,17
1,<environment.Job instance at 0x155285ca3050>,8,25,[6 1],9,42,67,33,42
1,<environment.Job instance at 0x155285ca3cd0>,9,23,[9 2],10,88,111,78,88
1,<environment.Job instance at 0x155281253050>,18,28,[2 5],19,112,140,93,112
1,<environment.Job instance at 0x1552812536e0>,22,20,[2 9],23,140,160,117,133
1,<environment.Job instance at 0x155281253a50>,23,2,[1 9],24,160,162,136,136
1,<environment.Job instance at 0x1552521405f0>,27,1,[ 1 10],28,162,163,134,146
1,<environment.Job instance at 0x1552525b2b40>,45,3,[5 1],46,400,403,354,400
1,<environment.Job instance at 0x155281396af0>,50,1,[1 8],51,500,501,449,500
1,<environment.Job instance at 0x155281396a00>,55,26,[2 8],56,563,589,507,563
1,<environment.Job instance at 0x155285edca50>,56,23,[2 8],57,599,622,542,599
1,<environment.Job instance at 0x15528668da00>,62,3,[1 7],63,622,625,559,612
1,<environment.Job instance at 0x1552811102d0>,64,13,[1 9],65,625,638,560,612
1,<environment.Job instance at 0x155281110550>,65,15,[9 2],66,654,669,588,654
1,<environment.Job instance at 0x155281110b40>,71,3,[ 2 10],72,682,685,610,682
1,<environment.Job instance at 0x1552811108c0>,73,13,[9 1],74,687,700,613,687
1,<environment.Job instance at 0x1552811105f0>,75,26,[5 2],76,705,731,629,705
1,<environment.Job instance at 0x1552524703c0>,84,15,[5 1],85,754,769,669,754
1,<environment.Job instance at 0x155281136140>,99,3,[6 2],100,933,936,833,933
1,<environment.Job instance at 0x1552855af7d0>,100,1,[6 1],101,936,937,835,934
1,<environment.Job instance at 0x15527c1b2500>,109,24,[8 2],110,1029,1053,919,1029
1,<environment.Job instance at 0x1552818a7f00>,110,16,[2 6],111,1033,1049,922,1033
1,<environment.Job instance at 0x1552527067d0>,114,1,[2 6],115,1059,1060,944,1059
1,<environment.Job instance at 0x155283f5e410>,117,1,[ 1 10],118,1079,1080,961,1079
1,<environment.Job instance at 0x155285c32cd0>,119,22,[6 1],120,1085,1107,965,1085
1,<environment.Job instance at 0x1552813b9190>,121,20,[7 2],122,1110,1130,988,1110
1,<environment.Job instance at 0x15525219f730>,126,18,[2 6],127,1154,1172,1027,1154
1,<environment.Job instance at 0x15525219f7d0>,127,16,[8 2],128,1168,1184,1040,1168
1,<environment.Job instance at 0x155281914f50>,15,14,[2 7],16,60,74,44,60
1,<environment.Job instance at 0x1552819145f0>,16,3,[7 1],17,66,69,49,66
1,<environment.Job instance at 0x155281914cd0>,21,27,[1 6],22,83,110,61,83
1,<environment.Job instance at 0x155281914410>,20,23,[8 2],21,92,115,71,92
1,<environment.Job instance at 0x15527fa2a550>,27,2,[7 1],28,133,135,105,133
1,<environment.Job instance at 0x15527fa2a690>,28,26,[7 2],29,136,162,107,136
1,<environment.Job instance at 0x15527fa2ab40>,29,15,[1 6],30,138,153,108,138
1,<environment.Job instance at 0x15527fa2a7d0>,39,13,[5 2],40,211,224,171,211
1,<environment.Job instance at 0x15527fa2a9b0>,40,15,[7 2],41,224,239,183,212
1,<environment.Job instance at 0x15527fa2a1e0>,34,14,[2 5],35,214,228,179,214
1,<environment.Job instance at 0x15527fa2ac30>,42,15,[1 5],43,228,243,185,221
1,<environment.Job instance at 0x155252719f50>,51,13,[1 7],52,286,299,234,286
1,<environment.Job instance at 0x155251fb5be0>,62,3,[2 5],63,423,426,360,423
1,<environment.Job instance at 0x155251fb5960>,66,18,[ 1 10],67,482,500,415,482
1,<environment.Job instance at 0x155285ee5050>,84,1,[1 7],85,729,730,644,729
1,<environment.Job instance at 0x155251fc30a0>,91,3,[ 1 10],92,799,802,707,799
1,<environment.Job instance at 0x15527f790e10>,94,23,[2 8],95,816,839,721,816
1,<environment.Job instance at 0x155281838cd0>,106,26,[6 1],107,939,965,832,939
1,<environment.Job instance at 0x1552813388c0>,116,3,[ 1 10],117,1068,1071,951,1068
1,<environment.Job instance at 0x15525224aeb0>,124,22,[10  2],125,1140,1162,1015,1140
1,<environment.Job instance at 0x15525224a280>,126,1,[ 1 10],127,1162,1163,1035,1142
1,<environment.Job instance at 0x15527c0f8aa0>,17,1,[7 1],18,111,112,93,111
1,<environment.Job instance at 0x155286625dc0>,29,20,[2 6],30,206,226,176,206
1,<environment.Job instance at 0x1552527742d0>,30,2,[9 2],31,226,228,195,210
1,<environment.Job instance at 0x1552865cd2d0>,34,3,[2 8],35,235,238,200,235
1,<environment.Job instance at 0x15525271c8c0>,35,1,[9 1],36,238,239,202,236
1,<environment.Job instance at 0x155252586d70>,44,3,[7 2],45,323,326,278,323
1,<environment.Job instance at 0x155252586f00>,45,13,[2 8],46,326,339,280,326
1,<environment.Job instance at 0x155283f2e3c0>,49,16,[2 9],50,343,359,293,343
1,<environment.Job instance at 0x155283f2e320>,53,1,[1 6],54,359,360,305,347
1,<environment.Job instance at 0x1552812fbcd0>,55,22,[6 1],56,367,389,311,367
1,<environment.Job instance at 0x155283f2e140>,56,22,[1 9],57,398,420,341,398
1,<environment.Job instance at 0x1552813c8190>,59,22,[2 5],60,420,442,360,418
1,<environment.Job instance at 0x1552813c81e0>,66,14,[9 2],67,469,483,402,469
1,<environment.Job instance at 0x1552813c8050>,68,15,[5 1],69,483,498,414,473
1,<environment.Job instance at 0x1552813c8be0>,67,16,[2 5],68,483,499,415,482
1,<environment.Job instance at 0x1552813c8370>,69,15,[10  1],70,499,514,429,494
1,<environment.Job instance at 0x1552813fe0a0>,83,2,[1 7],84,603,605,519,603
1,<environment.Job instance at 0x1552813fe910>,85,14,[9 1],86,626,640,540,626
1,<environment.Job instance at 0x1552813fea50>,88,25,[2 5],89,664,689,575,664
1,<environment.Job instance at 0x15525262ffa0>,101,18,[8 2],102,801,819,699,801
1,<environment.Job instance at 0x15525262f9b0>,102,1,[7 2],103,819,820,716,811
1,<environment.Job instance at 0x15525262fcd0>,106,27,[6 1],107,856,883,749,856
1,<environment.Job instance at 0x155288597960>,111,3,[2 6],112,922,925,810,922
1,<environment.Job instance at 0x155288597c30>,115,22,[5 1],116,934,956,818,934
1,<environment.Job instance at 0x1552885ad5f0>,121,1,[8 1],122,966,967,844,966
1,<environment.Job instance at 0x15527f753050>,126,23,[1 6],127,1037,1060,910,1037
1,<environment.Job instance at 0x15525222e820>,2,24,[10  1],3,22,46,19,22
1,<environment.Job instance at 0x1552522b8780>,11,25,[2 5],12,47,72,35,47
1,<environment.Job instance at 0x1552522b8eb0>,25,1,[7 2],26,175,176,149,175
1,<environment.Job instance at 0x1552522e06e0>,34,21,[5 2],35,249,270,214,249
1,<environment.Job instance at 0x1552522e0a00>,39,15,[2 6],40,281,296,241,281
1,<environment.Job instance at 0x1552522c2460>,50,16,[8 2],51,380,396,329,380
1,<environment.Job instance at 0x1552522c2320>,53,17,[1 5],54,384,401,330,384
1,<environment.Job instance at 0x15527c0e1870>,72,2,[ 1 10],73,611,613,538,611
1,<environment.Job instance at 0x15527c0e1140>,82,15,[10  2],83,688,703,605,688
1,<environment.Job instance at 0x1552811f6fa0>,98,2,[1 9],99,962,964,863,962
1,<environment.Job instance at 0x15527c10d5a0>,6,26,[ 2 10],7,9,35,2,9
1,<environment.Job instance at 0x15527c10d9b0>,4,24,[1 5],5,35,59,30,30
1,<environment.Job instance at 0x15527c10daa0>,13,19,[8 1],14,48,67,34,48
1,<environment.Job instance at 0x15527c10d960>,14,2,[5 2],15,67,69,52,54
1,<environment.Job instance at 0x15527c10d140>,16,12,[ 1 10],17,69,81,52,54
1,<environment.Job instance at 0x15527c10d780>,7,18,[5 1],8,81,99,73,73
1,<environment.Job instance at 0x15525205da00>,22,1,[ 1 10],23,114,115,91,114
1,<environment.Job instance at 0x155252073dc0>,37,20,[1 7],38,241,261,203,241
1,<environment.Job instance at 0x1552811cf960>,52,13,[7 1],53,377,390,324,377
1,<environment.Job instance at 0x1552811cf190>,55,22,[2 9],56,435,457,379,435
1,<environment.Job instance at 0x1552811cf3c0>,57,20,[1 8],58,457,477,399,452
1,<environment.Job instance at 0x1552811cf640>,58,3,[5 2],59,457,460,398,452
1,<environment.Job instance at 0x1552520571e0>,94,16,[7 2],95,813,829,718,813
1,<environment.Job instance at 0x155252057a50>,97,1,[ 1 10],98,829,830,731,819
1,<environment.Job instance at 0x15525205e140>,109,3,[2 6],110,964,967,854,964
1,<environment.Job instance at 0x15525205e640>,118,14,[5 1],119,1067,1081,948,1067
1,<environment.Job instance at 0x155252062a50>,128,20,[5 2],129,1173,1193,1044,1173
1,<environment.Job instance at 0x155252677550>,5,14,[5 2],6,19,33,13,19
1,<environment.Job instance at 0x155252677690>,4,3,[9 1],5,33,36,28,26
1,<environment.Job instance at 0x1552523b15f0>,11,3,[5 2],12,27,30,15,27
1,<environment.Job instance at 0x1552523b19b0>,12,22,[10  2],13,36,58,23,33
1,<environment.Job instance at 0x1552523b1320>,9,26,[1 6],10,63,89,53,63
1,<environment.Job instance at 0x155285598c30>,20,3,[8 2],21,89,92,68,89
1,<environment.Job instance at 0x15527c2f4d20>,21,16,[1 9],22,92,108,70,89
1,<environment.Job instance at 0x15527c2f4690>,27,16,[7 1],28,134,150,106,134
1,<environment.Job instance at 0x15525210e9b0>,32,3,[8 1],33,194,197,161,194
1,<environment.Job instance at 0x15528866b8c0>,51,12,[1 7],52,343,355,291,343
1,<environment.Job instance at 0x15528122e410>,57,12,[1 9],58,405,417,347,405
1,<environment.Job instance at 0x15528122eeb0>,67,23,[6 1],68,584,607,516,584
1,<environment.Job instance at 0x15528122e0a0>,68,2,[1 7],69,602,604,533,602
1,<environment.Job instance at 0x15527f7f6cd0>,71,3,[6 1],72,613,616,541,613
1,<environment.Job instance at 0x15527f7f67d0>,72,14,[ 2 10],73,616,630,543,613
1,<environment.Job instance at 0x15527f7f6410>,76,1,[10  1],77,660,661,583,660
1,<environment.Job instance at 0x15527f7f6550>,77,3,[1 7],78,663,666,585,663
1,<environment.Job instance at 0x15527f7f6460>,80,15,[5 1],81,697,712,616,697
1,<environment.Job instance at 0x15527f7f61e0>,82,1,[7 1],83,712,713,629,711
1,<environment.Job instance at 0x15527f7f6b40>,83,2,[6 2],84,716,718,632,716
1,<environment.Job instance at 0x15527fa4e280>,91,17,[7 1],92,812,829,720,812
1,<environment.Job instance at 0x15527fa4e910>,92,28,[1 5],93,814,842,721,814
1,<environment.Job instance at 0x15527fa4e7d0>,103,16,[1 8],104,934,950,830,934
1,<environment.Job instance at 0x15527fa4e140>,107,20,[ 2 10],108,974,994,866,974
1,<environment.Job instance at 0x15527f2b65a0>,113,23,[1 8],114,1032,1055,918,1032
1,<environment.Job instance at 0x15527f2b6280>,116,25,[10  1],117,1059,1084,942,1059
1,<environment.Job instance at 0x15527f2b69b0>,118,15,[9 1],119,1084,1099,965,1070
1,<environment.Job instance at 0x15527f2b6dc0>,121,3,[9 2],122,1110,1113,988,1110
1,<environment.Job instance at 0x15527c1049b0>,123,21,[8 2],124,1131,1152,1007,1131
1,<environment.Job instance at 0x15527c1045a0>,126,22,[1 6],127,1161,1183,1034,1161
1,<environment.Job instance at 0x15528183e050>,3,16,[1 6],4,4,20,0,4
1,<environment.Job instance at 0x15527c29e8c0>,7,14,[5 1],8,9,23,1,9
1,<environment.Job instance at 0x15527c2c4dc0>,11,24,[7 2],12,59,83,47,59
1,<environment.Job instance at 0x155281196f50>,37,12,[9 2],38,315,327,277,315
1,<environment.Job instance at 0x15525277d320>,39,15,[ 1 10],40,327,342,287,325
1,<environment.Job instance at 0x155252338500>,48,1,[2 6],49,423,424,374,423
1,<environment.Job instance at 0x1552811b0dc0>,49,18,[10  2],50,433,451,383,433
1,<environment.Job instance at 0x1552811ad6e0>,51,1,[ 2 10],52,451,452,399,442
1,<environment.Job instance at 0x1552811b95f0>,59,13,[7 2],60,515,528,455,515
1,<environment.Job instance at 0x1552811b94b0>,69,14,[1 5],70,587,601,517,587
1,<environment.Job instance at 0x1552811b9e10>,71,13,[8 2],72,597,610,525,597
1,<environment.Job instance at 0x15525234eb90>,78,3,[7 1],79,649,652,570,649
1,<environment.Job instance at 0x15525234ed70>,83,12,[8 2],84,688,700,604,688
1,<environment.Job instance at 0x15525233f050>,84,3,[8 2],85,700,703,615,691
1,<environment.Job instance at 0x15525233f140>,85,28,[1 5],86,691,719,605,691
1,<environment.Job instance at 0x15525234ee60>,80,1,[1 5],81,703,704,622,692
1,<environment.Job instance at 0x15525233f0f0>,87,20,[6 1],88,706,726,618,706
1,<environment.Job instance at 0x155252371500>,113,2,[ 1 10],114,970,972,856,970
1,<environment.Job instance at 0x155252371640>,115,1,[6 2],116,972,973,856,971
1,<environment.Job instance at 0x155252371820>,118,1,[7 1],119,1016,1017,897,1016
1,<environment.Job instance at 0x155252371960>,119,19,[7 1],120,1017,1036,897,1016
1,<environment.Job instance at 0x155252371c80>,124,1,[1 5],125,1046,1047,921,1046
1,<environment.Job instance at 0x155252371d20>,126,20,[1 9],127,1053,1073,926,1053
1,<environment.Job instance at 0x15527f76d690>,4,3,[8 1],5,6,9,1,6
1,<environment.Job instance at 0x15527f76a0a0>,12,3,[2 5],13,113,116,100,113
1,<environment.Job instance at 0x15527f76af50>,21,18,[10  2],22,176,194,154,176
1,<environment.Job instance at 0x15528128b9b0>,28,18,[2 5],29,225,243,196,225
1,<environment.Job instance at 0x15528128bcd0>,30,20,[6 2],31,228,248,197,228
1,<environment.Job instance at 0x15528128bd70>,33,25,[2 6],34,246,271,212,246
1,<environment.Job instance at 0x15528128b0f0>,37,21,[2 8],38,299,320,261,299
1,<environment.Job instance at 0x15528128ba50>,39,26,[8 2],40,301,327,261,301
1,<environment.Job instance at 0x15528128b730>,40,22,[1 7],41,320,342,279,313
1,<environment.Job instance at 0x15528128beb0>,45,1,[2 5],46,343,344,297,343
1,<environment.Job instance at 0x1552812a6a50>,47,24,[1 8],48,346,370,298,346
1,<environment.Job instance at 0x1552812a6a00>,48,15,[2 5],49,390,405,341,390
1,<environment.Job instance at 0x1552812a6e10>,51,13,[7 1],52,396,409,344,396
1,<environment.Job instance at 0x1552812a65a0>,56,20,[10  1],57,409,429,352,403
1,<environment.Job instance at 0x1552812a6410>,67,15,[2 7],68,499,514,431,499
1,<environment.Job instance at 0x1552812a6280>,69,26,[10  1],70,532,558,462,532
1,<environment.Job instance at 0x15527f6f6fa0>,90,19,[1 8],91,743,762,652,743
1,<environment.Job instance at 0x15527f6f6960>,94,16,[1 7],95,780,796,685,780
1,<environment.Job instance at 0x15527f6f6d20>,97,21,[5 2],98,797,818,699,797
1,<environment.Job instance at 0x15527f6f61e0>,107,3,[ 2 10],108,894,897,786,894
1,<environment.Job instance at 0x15527c1c5500>,6,20,[8 1],7,20,40,13,20
1,<environment.Job instance at 0x15527c1c58c0>,9,27,[1 9],10,38,65,28,38
1,<environment.Job instance at 0x15527c1c5640>,11,17,[1 6],12,65,82,53,53
1,<environment.Job instance at 0x15527c1c5b40>,10,15,[2 8],11,93,108,82,93
1,<environment.Job instance at 0x15527c1c5fa0>,12,3,[10  1],13,108,111,95,95
1,<environment.Job instance at 0x15527c1bb730>,20,16,[1 5],21,138,154,117,138
1,<environment.Job instance at 0x15527c1bb140>,22,3,[5 2],23,155,158,132,155
1,<environment.Job instance at 0x15527c1bbb40>,23,13,[2 8],24,176,189,152,176
1,<environment.Job instance at 0x155251fcc320>,35,27,[7 1],36,220,247,184,220
1,<environment.Job instance at 0x155281267370>,39,3,[5 2],40,247,250,207,235
1,<environment.Job instance at 0x155252515d20>,42,13,[6 2],43,264,277,221,264
1,<environment.Job instance at 0x1552524ffc80>,60,16,[2 7],61,469,485,408,469
1,<environment.Job instance at 0x155252513a50>,66,12,[6 1],67,504,516,437,504
1,<environment.Job instance at 0x155281252fa0>,86,28,[9 1],87,724,752,637,724
1,<environment.Job instance at 0x15528125a780>,96,23,[7 1],97,844,867,747,844
1,<environment.Job instance at 0x15528125a9b0>,101,26,[1 7],102,873,899,771,873
1,<environment.Job instance at 0x15528125aa50>,102,1,[10  1],103,899,900,796,874
1,<environment.Job instance at 0x15528125abe0>,110,1,[5 1],111,1003,1004,892,1003
1,<environment.Job instance at 0x1552812689b0>,125,1,[ 1 10],126,1095,1096,969,1095
1,<environment.Job instance at 0x15527f7ffd70>,2,20,[1 6],3,3,23,0,3
1,<environment.Job instance at 0x15527f7ffa50>,8,2,[9 1],9,10,12,1,10
1,<environment.Job instance at 0x15527f7ff280>,9,2,[9 1],10,12,14,2,11
1,<environment.Job instance at 0x15527f7ffe60>,1,14,[5 1],2,14,28,12,14
1,<environment.Job instance at 0x15527f7ffaf0>,11,15,[1 7],12,23,38,11,16
1,<environment.Job instance at 0x15527f7fff50>,14,13,[2 7],15,40,53,25,40
1,<environment.Job instance at 0x15527f7fff00>,16,23,[7 1],17,56,79,39,56
1,<environment.Job instance at 0x15525212e2d0>,22,3,[1 5],23,66,69,43,66
1,<environment.Job instance at 0x15525212e820>,37,2,[10  1],38,193,195,155,193
1,<environment.Job instance at 0x15527c27a820>,47,23,[2 6],48,305,328,257,305
1,<environment.Job instance at 0x15527c27a0a0>,54,18,[8 1],55,357,375,302,357
1,<environment.Job instance at 0x15527c2c62d0>,58,2,[2 8],59,380,382,321,380
1,<environment.Job instance at 0x15527c2c6d20>,67,24,[10  2],68,462,486,394,462
1,<environment.Job instance at 0x15528209fbe0>,79,21,[8 1],80,575,596,495,575
1,<environment.Job instance at 0x15528209f410>,86,16,[2 7],87,668,684,581,668
1,<environment.Job instance at 0x1552812c8af0>,105,2,[1 7],106,883,885,777,883
1,<environment.Job instance at 0x1552812c8d70>,111,2,[7 2],112,940,942,828,940
1,<environment.Job instance at 0x1497a3818a50>,7,1,[7 2],8,9,10,1,9
1,<environment.Job instance at 0x1497a3818b90>,9,2,[8 1],10,10,12,0,10
1,<environment.Job instance at 0x1497acc6b0a0>,3,2,[1 7],4,10,12,6,10
1,<environment.Job instance at 0x1497a3818b40>,11,14,[10  2],12,18,32,6,18
1,<environment.Job instance at 0x1497a3819370>,18,3,[1 6],19,87,90,68,87
1,<environment.Job instance at 0x1497a38195f0>,26,20,[2 8],27,146,166,119,146
1,<environment.Job instance at 0x1497a3819730>,28,20,[1 9],29,166,186,137,164
1,<environment.Job instance at 0x1497a38199b0>,31,23,[5 1],32,176,199,144,176
1,<environment.Job instance at 0x1497a3819cd0>,32,2,[2 9],33,186,188,153,177
1,<environment.Job instance at 0x1497a3819e60>,34,20,[5 1],35,188,208,153,182
1,<environment.Job instance at 0x1497a3819eb0>,37,22,[2 5],38,199,221,161,193
1,<environment.Job instance at 0x1497a3819c30>,33,2,[9 1],34,221,223,187,195
1,<environment.Job instance at 0x1497a3819be0>,29,20,[1 5],30,208,228,178,201
1,<environment.Job instance at 0x1497a381c1e0>,44,13,[ 2 10],45,230,243,185,230
1,<environment.Job instance at 0x1497a381c5a0>,45,15,[2 5],46,243,258,197,241
1,<environment.Job instance at 0x1497a381c5f0>,48,1,[6 2],49,243,244,194,241
1,<environment.Job instance at 0x1497a381c550>,46,21,[2 6],47,272,293,225,272
1,<environment.Job instance at 0x1497a381ceb0>,58,17,[2 7],59,308,325,249,308
1,<environment.Job instance at 0x1497a381f190>,62,3,[6 2],63,340,343,277,340
1,<environment.Job instance at 0x1497a381f410>,68,28,[10  1],69,420,448,351,420
1,<environment.Job instance at 0x1497a381f870>,75,15,[2 6],76,492,507,416,492
1,<environment.Job instance at 0x1497a381faf0>,77,19,[8 1],78,493,512,415,493
1,<environment.Job instance at 0x1497a381fb90>,78,3,[ 2 10],79,512,515,433,494
1,<environment.Job instance at 0x1497a381fc80>,80,2,[1 5],81,507,509,426,494
1,<environment.Job instance at 0x1497a381fcd0>,81,2,[9 2],82,515,517,433,498
1,<environment.Job instance at 0x1497a381fe10>,82,3,[2 8],83,509,512,426,500
1,<environment.Job instance at 0x1497a381fe60>,84,14,[7 1],85,517,531,432,505
1,<environment.Job instance at 0x1497a38225f0>,94,3,[6 2],95,670,673,575,670
1,<environment.Job instance at 0x1497a3822d20>,101,14,[6 1],102,730,744,628,730
1,<environment.Job instance at 0x1497a3822d70>,104,12,[10  1],105,800,812,695,800
1,<environment.Job instance at 0x1497a3822e60>,106,2,[7 1],107,812,814,705,800
1,<environment.Job instance at 0x1497a38240a0>,108,18,[6 2],109,816,834,707,816
1,<environment.Job instance at 0x1497a38245f0>,112,3,[2 8],113,835,838,722,835
1,<environment.Job instance at 0x1497a3824be0>,120,21,[1 5],121,879,900,758,879
1,<environment.Job instance at 0x1497a3824fa0>,126,13,[9 1],127,971,984,844,971
1,<environment.Job instance at 0x1497aa1fee10>,8,2,[8 2],9,48,50,39,48
1,<environment.Job instance at 0x1497aa1fe870>,9,19,[5 2],10,50,69,40,48
1,<environment.Job instance at 0x1497aa1fe5f0>,11,19,[2 5],12,66,85,54,66
1,<environment.Job instance at 0x1497aa1fe050>,12,25,[5 2],13,70,95,57,70
1,<environment.Job instance at 0x1497ac4d3550>,15,1,[6 1],16,95,96,79,86
1,<environment.Job instance at 0x1497ac4d3410>,17,2,[2 5],18,89,91,71,89
1,<environment.Job instance at 0x1497aa1ce7d0>,24,26,[2 9],25,137,163,112,137
1,<environment.Job instance at 0x1497aa1ce870>,22,1,[6 2],23,163,164,140,140
1,<environment.Job instance at 0x1497aa187d70>,49,14,[1 6],50,333,347,283,333
1,<environment.Job instance at 0x1497aab77eb0>,61,24,[2 5],62,425,449,363,425
1,<environment.Job instance at 0x1497aab77e10>,76,20,[2 5],77,553,573,476,553
1,<environment.Job instance at 0x1497aab77dc0>,77,2,[10  2],78,573,575,495,560
1,<environment.Job instance at 0x1497aa20eaf0>,85,19,[5 1],86,612,631,526,612
1,<environment.Job instance at 0x1497a57b53c0>,91,2,[1 7],92,657,659,565,657
1,<environment.Job instance at 0x1497a57b55a0>,92,15,[1 9],93,659,674,566,659
1,<environment.Job instance at 0x1497a57b5690>,89,18,[ 1 10],90,687,705,597,687
1,<environment.Job instance at 0x1497a57b5320>,94,2,[1 6],95,705,707,610,690
1,<environment.Job instance at 0x1497a57b5960>,95,15,[6 1],96,705,720,609,695
1,<environment.Job instance at 0x1497a5726550>,101,3,[1 7],102,745,748,643,745
1,<environment.Job instance at 0x1497a5777aa0>,115,16,[10  1],116,935,951,819,935
1,<environment.Job instance at 0x1497a5e92be0>,119,12,[1 9],120,955,967,835,955
1,<environment.Job instance at 0x1497aac08910>,130,2,[1 9],131,1021,1023,890,1021
1,<environment.Job instance at 0x1497a57b5640>,3,22,[6 2],4,18,40,14,18
1,<environment.Job instance at 0x14977677e230>,7,3,[6 1],8,40,43,32,20
1,<environment.Job instance at 0x14977677eb90>,4,12,[7 1],5,43,55,38,31
1,<environment.Job instance at 0x14977677ef00>,9,1,[2 8],10,31,32,21,31
1,<environment.Job instance at 0x149776779190>,10,3,[7 1],11,55,58,44,35
1,<environment.Job instance at 0x149776782050>,17,28,[10  1],18,69,97,51,69
1,<environment.Job instance at 0x149776782910>,19,3,[2 9],20,97,100,77,79
1,<environment.Job instance at 0x1497767f97d0>,22,12,[8 1],23,99,111,76,99
1,<environment.Job instance at 0x149776938870>,32,23,[8 2],33,146,169,113,146
1,<environment.Job instance at 0x149776a17820>,39,14,[1 9],40,202,216,162,202
1,<environment.Job instance at 0x149776a17c80>,40,20,[7 1],41,204,224,163,204
1,<environment.Job instance at 0x149776a17640>,42,16,[2 8],43,216,232,173,204
1,<environment.Job instance at 0x149776a17370>,38,3,[1 8],39,232,235,193,206
1,<environment.Job instance at 0x14977699caa0>,43,3,[9 2],44,232,235,188,207
1,<environment.Job instance at 0x149776a175a0>,41,15,[7 1],42,235,250,193,222
1,<environment.Job instance at 0x149776a32b90>,59,21,[1 7],60,327,348,267,327
1,<environment.Job instance at 0x149776a32050>,58,17,[2 8],59,348,365,289,336
1,<environment.Job instance at 0x149776a32820>,63,3,[6 1],64,338,341,274,338
1,<environment.Job instance at 0x1497769aa2d0>,67,28,[2 5],68,392,420,324,392
1,<environment.Job instance at 0x149776973c30>,73,12,[2 5],74,396,408,322,396
1,<environment.Job instance at 0x1497769739b0>,76,20,[1 7],77,420,440,343,419
1,<environment.Job instance at 0x1497769977d0>,79,3,[2 9],80,440,443,360,424
1,<environment.Job instance at 0x1497768494b0>,85,15,[5 2],86,499,514,413,499
1,<environment.Job instance at 0x149776953410>,87,17,[1 7],88,515,532,427,515
1,<environment.Job instance at 0x14977698ec80>,92,17,[1 9],93,571,588,478,571
1,<environment.Job instance at 0x14977698e1e0>,102,12,[2 8],103,663,675,560,663
1,<environment.Job instance at 0x14977698e550>,103,12,[10  1],104,675,687,571,664
1,<environment.Job instance at 0x149776950870>,118,20,[8 1],119,836,856,717,836
1,<environment.Job instance at 0x149776950a50>,120,15,[2 8],121,840,855,719,840
1,<environment.Job instance at 0x149776950b90>,122,14,[1 6],123,872,886,749,872
1,<environment.Job instance at 0x149776950820>,132,1,[2 5],133,1021,1022,888,1021
1,<environment.Job instance at 0x1497769d30a0>,134,24,[2 8],135,1075,1099,940,1075
1,<environment.Job instance at 0x1497769d3460>,137,1,[8 1],138,1093,1094,955,1093
1,<environment.Job instance at 0x149776270be0>,5,24,[9 1],6,9,33,3,9
1,<environment.Job instance at 0x149776270d20>,6,22,[1 7],7,15,37,8,15
1,<environment.Job instance at 0x1497762742d0>,13,28,[1 7],14,46,74,32,46
1,<environment.Job instance at 0x149776274aa0>,23,28,[6 2],24,144,172,120,144
1,<environment.Job instance at 0x1497761f7280>,33,2,[8 2],34,232,234,198,232
1,<environment.Job instance at 0x1497761f7230>,35,21,[9 1],36,235,256,199,235
1,<environment.Job instance at 0x1497761f7820>,43,2,[7 1],44,314,316,270,314
1,<environment.Job instance at 0x1497761f79b0>,45,3,[8 1],46,328,331,282,328
1,<environment.Job instance at 0x1497761f7d70>,48,1,[2 8],49,333,334,284,333
1,<environment.Job instance at 0x1497761f77d0>,50,14,[ 2 10],51,354,368,303,354
1,<environment.Job instance at 0x1497761f7eb0>,53,21,[5 1],54,378,399,324,378
1,<environment.Job instance at 0x1497761f9050>,60,19,[2 7],61,491,510,430,491
1,<environment.Job instance at 0x1497761f9690>,62,13,[1 5],63,517,530,454,517
1,<environment.Job instance at 0x1497761f9b40>,70,19,[9 2],71,644,663,573,644
1,<environment.Job instance at 0x1497761f9be0>,73,17,[7 2],74,674,691,600,674
1,<environment.Job instance at 0x1497761f9d20>,74,1,[2 7],75,692,693,617,692
1,<environment.Job instance at 0x1497761f9fa0>,75,2,[1 9],76,693,695,617,693
1,<environment.Job instance at 0x1497761f9eb0>,76,16,[2 5],77,712,728,635,712
1,<environment.Job instance at 0x1497761fc280>,80,12,[1 5],81,732,744,651,732
1,<environment.Job instance at 0x1497761fc2d0>,81,3,[2 6],82,744,747,662,733
1,<environment.Job instance at 0x1497761fc640>,86,25,[2 8],87,813,838,726,813
1,<environment.Job instance at 0x1497761fc6e0>,87,1,[1 5],88,838,839,750,815
1,<environment.Job instance at 0x149776268dc0>,91,19,[2 5],92,845,864,753,845
1,<environment.Job instance at 0x1497762684b0>,94,12,[1 6],95,867,879,772,867
1,<environment.Job instance at 0x149776268c30>,96,16,[7 1],97,875,891,778,875
1,<environment.Job instance at 0x1497762680a0>,101,2,[2 5],102,910,912,808,910
1,<environment.Job instance at 0x149776268410>,99,3,[ 2 10],100,914,917,814,914
1,<environment.Job instance at 0x1497762685a0>,102,3,[8 2],103,935,938,832,935
1,<environment.Job instance at 0x1497762b10a0>,107,3,[9 1],108,966,969,858,966
1,<environment.Job instance at 0x1497763d8b40>,110,14,[10  1],111,979,993,868,979
1,<environment.Job instance at 0x149776486f00>,111,1,[9 2],112,993,994,881,991
1,<environment.Job instance at 0x149776287f50>,114,28,[1 9],115,1000,1028,885,1000
1,<environment.Job instance at 0x14977632b050>,116,2,[7 1],117,1009,1011,892,1009
1,<environment.Job instance at 0x1497762a8d70>,115,3,[1 9],116,1070,1073,954,1070
1,<environment.Job instance at 0x1497763bf050>,121,21,[10  2],122,1089,1110,967,1089
1,<environment.Job instance at 0x14977629cb90>,122,1,[8 1],123,1110,1111,987,1095
1,<environment.Job instance at 0x14977629cfa0>,123,14,[ 2 10],124,1111,1125,987,1096
1,<environment.Job instance at 0x149776297190>,125,15,[7 1],126,1125,1140,999,1120
1,<environment.Job instance at 0x149776286050>,132,3,[8 1],133,1148,1151,1015,1148
1,<environment.Job instance at 0x1497aa184c30>,6,25,[5 2],7,13,38,6,13
1,<environment.Job instance at 0x1497aa1840f0>,1,3,[2 6],2,14,17,12,14
1,<environment.Job instance at 0x1497aa184550>,11,22,[7 1],12,52,74,40,52
1,<environment.Job instance at 0x1497aaace500>,12,1,[5 2],13,74,75,61,57
1,<environment.Job instance at 0x1497aaace050>,22,21,[1 6],23,129,150,106,129
1,<environment.Job instance at 0x1497aaace3c0>,20,24,[5 2],21,136,160,115,136
1,<environment.Job instance at 0x1497aaacf050>,25,12,[2 6],26,154,166,128,154
1,<environment.Job instance at 0x1497a5f31460>,37,15,[1 9],38,231,246,193,231
1,<environment.Job instance at 0x1497a5f313c0>,41,20,[2 7],42,246,266,204,241
1,<environment.Job instance at 0x1497a5f31780>,45,1,[1 7],46,290,291,244,290
1,<environment.Job instance at 0x1497a5f314b0>,48,24,[8 1],49,330,354,281,330
1,<environment.Job instance at 0x1497a3f822d0>,54,20,[10  2],55,354,374,299,346
1,<environment.Job instance at 0x1497a3f82d70>,58,3,[1 5],59,374,377,315,374
1,<environment.Job instance at 0x1497a3f823c0>,61,23,[2 7],62,404,427,342,404
1,<environment.Job instance at 0x1497aa1912d0>,73,19,[1 5],74,471,490,397,471
1,<environment.Job instance at 0x1497aa191e10>,74,1,[5 1],75,489,490,414,489
1,<environment.Job instance at 0x1497a57440f0>,88,2,[2 5],89,630,632,541,630
1,<environment.Job instance at 0x1497a5744c80>,89,13,[8 2],90,644,657,554,644
1,<environment.Job instance at 0x1497a5744960>,98,20,[9 1],99,713,733,614,713
1,<environment.Job instance at 0x1497a38127d0>,102,14,[2 7],103,749,763,646,749
1,<environment.Job instance at 0x1497aa1b1550>,108,3,[ 2 10],109,799,802,690,799
1,<environment.Job instance at 0x1497aa1bd3c0>,133,2,[2 9],134,1037,1039,903,1037
1,<environment.Job instance at 0x1497a59546e0>,138,16,[10  1],139,1086,1102,947,1086
1,<environment.Job instance at 0x1497a9b158c0>,5,14,[1 8],6,52,66,46,52
1,<environment.Job instance at 0x1497a9b15690>,8,24,[7 2],9,74,98,65,74
1,<environment.Job instance at 0x1497a9b156e0>,17,2,[2 6],18,90,92,72,90
1,<environment.Job instance at 0x1497a3d40190>,21,1,[5 2],22,105,106,83,105
1,<environment.Job instance at 0x1497a3d40a00>,22,26,[8 2],23,106,132,83,106
1,<environment.Job instance at 0x1497a3d40910>,24,14,[7 1],25,132,146,107,127
1,<environment.Job instance at 0x1497a3d40320>,23,22,[8 2],24,146,168,122,142
1,<environment.Job instance at 0x1497a3d40690>,28,16,[10  2],29,168,184,139,156
1,<environment.Job instance at 0x1497a3d40730>,31,2,[2 7],32,156,158,124,156
1,<environment.Job instance at 0x1497a3d405f0>,35,26,[6 2],36,204,230,168,204
1,<environment.Job instance at 0x1497a5ef3280>,51,3,[6 1],52,405,408,353,405
1,<environment.Job instance at 0x1497a9b0caf0>,55,3,[5 1],56,460,463,404,460
1,<environment.Job instance at 0x1497a9b0c7d0>,58,15,[6 2],59,494,509,435,494
1,<environment.Job instance at 0x1497a9b0ceb0>,60,15,[ 1 10],61,509,524,448,503
1,<environment.Job instance at 0x1497a9b0c320>,63,20,[1 6],64,540,560,476,540
1,<environment.Job instance at 0x1497aba33140>,65,25,[1 8],66,565,590,499,565
1,<environment.Job instance at 0x1497aba335f0>,71,3,[1 5],72,648,651,576,648
1,<environment.Job instance at 0x1497aba33550>,72,14,[9 2],73,653,667,580,653
1,<environment.Job instance at 0x1497aba33fa0>,73,14,[1 6],74,670,684,596,670
1,<environment.Job instance at 0x1497aba33410>,76,19,[2 8],77,684,703,607,678
1,<environment.Job instance at 0x1497acc059b0>,80,18,[9 2],81,703,721,622,694
1,<environment.Job instance at 0x1497a58a5820>,87,2,[1 8],88,718,720,630,718
1,<environment.Job instance at 0x1497a58a5af0>,85,21,[2 7],86,721,742,635,721
1,<environment.Job instance at 0x1497a565a550>,94,18,[2 7],95,795,813,700,795
1,<environment.Job instance at 0x1497a565a460>,97,17,[9 2],98,814,831,716,814
1,<environment.Job instance at 0x1497766b45a0>,105,1,[9 1],106,857,858,751,857
1,<environment.Job instance at 0x1497766b4be0>,108,13,[1 7],109,869,882,760,869
1,<environment.Job instance at 0x1497aabb57d0>,119,13,[5 1],120,967,980,847,967
1,<environment.Job instance at 0x1497aabb5e10>,118,17,[2 8],119,983,1000,864,983
1,<environment.Job instance at 0x1497aabb5690>,125,12,[2 8],126,1014,1026,888,1014
1,<environment.Job instance at 0x1497ac0ec5f0>,129,1,[2 9],130,1061,1062,931,1061
1,<environment.Job instance at 0x1497a3d77780>,136,25,[2 5],137,1081,1106,944,1081
1,<environment.Job instance at 0x1497ac119230>,137,1,[1 5],138,1082,1083,944,1082
1,<environment.Job instance at 0x149776a5f0a0>,0,22,[ 1 10],1,3,25,2,3
1,<environment.Job instance at 0x149776a5f320>,3,2,[1 7],4,25,27,21,6
1,<environment.Job instance at 0x149776723320>,4,15,[6 1],5,25,40,20,15
1,<environment.Job instance at 0x1497aabb58c0>,7,21,[1 7],8,27,48,19,21
1,<environment.Job instance at 0x14977671a730>,16,25,[2 5],17,60,85,43,60
1,<environment.Job instance at 0x1497a58bb460>,17,25,[1 9],18,91,116,73,91
1,<environment.Job instance at 0x1497a58bb7d0>,26,1,[1 9],27,116,117,89,109
1,<environment.Job instance at 0x14977671aeb0>,11,3,[5 1],12,111,114,99,111
1,<environment.Job instance at 0x1497a58bba00>,28,23,[5 2],29,119,142,90,119
1,<environment.Job instance at 0x1497a58bbb40>,30,21,[8 2],31,142,163,111,142
1,<environment.Job instance at 0x1497a58bbe60>,34,23,[1 8],35,169,192,134,169
1,<environment.Job instance at 0x1497a58bbf50>,35,20,[1 9],36,192,212,156,190
1,<environment.Job instance at 0x1497aab4a6e0>,46,21,[1 6],47,274,295,227,274
1,<environment.Job instance at 0x1497aab4a820>,48,25,[ 1 10],49,295,320,246,295
1,<environment.Job instance at 0x1497aab4a8c0>,49,2,[1 9],50,320,322,270,302
1,<environment.Job instance at 0x1497aab4ab40>,53,3,[1 6],54,324,327,270,324
1,<environment.Job instance at 0x1497aab3f910>,69,3,[5 1],70,519,522,449,519
1,<environment.Job instance at 0x1497aab3ff50>,79,22,[2 5],80,606,628,526,606
1,<environment.Job instance at 0x1497aab41190>,84,12,[1 8],85,628,640,543,615
1,<environment.Job instance at 0x1497aab414b0>,92,13,[10  1],93,650,663,557,650
1,<environment.Job instance at 0x1497aab41a00>,95,14,[2 9],96,666,680,570,666
1,<environment.Job instance at 0x1497764f1dc0>,101,2,[8 2],102,717,719,615,717
1,<environment.Job instance at 0x1497aab49e10>,103,28,[5 2],104,723,751,619,723
1,<environment.Job instance at 0x1497a0002c30>,109,17,[6 1],110,768,785,658,768
1,<environment.Job instance at 0x1497a3cfb2d0>,113,2,[9 1],114,790,792,676,790
1,<environment.Job instance at 0x1497a3cfbc80>,116,21,[6 2],117,821,842,704,821
1,<environment.Job instance at 0x1497a3cfb1e0>,120,20,[1 8],121,914,934,793,914
1,<environment.Job instance at 0x1497a5e9cf50>,122,13,[7 2],123,920,933,797,920
1,<environment.Job instance at 0x1497a61aaa50>,124,13,[6 1],125,933,946,808,927
1,<environment.Job instance at 0x1497a5e29410>,127,22,[5 1],128,956,978,828,956
1,<environment.Job instance at 0x1497a5eab320>,138,3,[5 2],139,1047,1050,908,1047
1,<environment.Job instance at 0x1497a5e8dc30>,4,1,[8 2],5,11,12,6,11
1,<environment.Job instance at 0x14977699c050>,6,16,[7 2],7,18,34,11,18
1,<environment.Job instance at 0x14977699c6e0>,9,28,[2 7],10,21,49,11,21
1,<environment.Job instance at 0x14977699cc80>,10,20,[2 5],11,49,69,38,49
1,<environment.Job instance at 0x14977699c780>,15,1,[9 1],16,69,70,53,49
1,<environment.Job instance at 0x1497a3813460>,17,2,[ 2 10],18,70,72,52,53
1,<environment.Job instance at 0x1497a3813be0>,20,3,[2 8],21,86,89,65,86
1,<environment.Job instance at 0x1497a3813640>,22,19,[7 1],23,87,106,64,87
1,<environment.Job instance at 0x1497a3813500>,24,18,[1 6],25,90,108,65,90
1,<environment.Job instance at 0x1497a3813d20>,28,23,[7 2],29,111,134,82,111
1,<environment.Job instance at 0x14977647ba00>,35,2,[1 5],36,202,204,166,202
1,<environment.Job instance at 0x14977647bbe0>,38,3,[1 8],39,229,232,190,229
1,<environment.Job instance at 0x1497a5e0a820>,41,2,[5 1],42,235,237,193,235
1,<environment.Job instance at 0x1497a5653730>,54,3,[2 9],55,354,357,299,354
1,<environment.Job instance at 0x1497a3d5aa50>,59,2,[ 2 10],60,432,434,372,432
1,<environment.Job instance at 0x1497a5669aa0>,77,2,[1 8],78,591,593,513,591
1,<environment.Job instance at 0x1497a5669eb0>,78,16,[2 8],79,600,616,521,600
1,<environment.Job instance at 0x1497a3cc2aa0>,97,13,[2 8],98,777,790,679,777
1,<environment.Job instance at 0x1497aabf72d0>,105,19,[1 9],106,861,880,755,861
1,<environment.Job instance at 0x1497aabf7280>,107,20,[7 1],108,875,895,767,875
1,<environment.Job instance at 0x1497aabf7320>,109,18,[1 9],110,900,918,790,900
1,<environment.Job instance at 0x1497766c4460>,113,15,[2 9],114,938,953,824,938
1,<environment.Job instance at 0x1497a579bd20>,118,1,[2 9],119,1022,1023,903,1022
1,<environment.Job instance at 0x1497a5e906e0>,131,23,[5 1],132,1141,1164,1009,1141
1,<environment.Job instance at 0x1497762a8be0>,5,13,[2 5],6,9,22,3,9
1,<environment.Job instance at 0x1497762a8460>,10,21,[10  2],11,30,51,19,30
1,<environment.Job instance at 0x1497aca7eb40>,2,21,[8 1],3,51,72,48,49
1,<environment.Job instance at 0x1497762536e0>,12,19,[2 9],13,51,70,38,51
1,<environment.Job instance at 0x149776253d20>,13,18,[7 1],14,72,90,58,62
1,<environment.Job instance at 0x1497a9af90a0>,19,21,[1 5],20,70,91,50,70
1,<environment.Job instance at 0x149776415be0>,30,1,[2 9],31,150,151,119,150
1,<environment.Job instance at 0x1497a3cf8780>,34,1,[1 7],35,173,174,138,173
1,<environment.Job instance at 0x1497763bff50>,35,18,[2 7],36,174,192,138,173
1,<environment.Job instance at 0x1497768de2d0>,36,3,[1 8],37,192,195,155,176
1,<environment.Job instance at 0x1497766e4a50>,37,1,[1 9],38,195,196,157,176
1,<environment.Job instance at 0x1497766e4140>,38,3,[ 2 10],39,196,199,157,183
1,<environment.Job instance at 0x1497a5dd02d0>,40,2,[2 7],41,199,201,158,186
1,<environment.Job instance at 0x1497a8498280>,41,19,[5 2],42,199,218,157,191
1,<environment.Job instance at 0x1497a5ea1b40>,43,2,[1 8],44,206,208,162,206
1,<environment.Job instance at 0x1497a0009c80>,47,1,[ 1 10],48,243,244,195,243
1,<environment.Job instance at 0x1497a4e208c0>,61,13,[5 1],62,336,349,274,336
1,<environment.Job instance at 0x1497a5eddd70>,66,23,[6 1],67,406,429,339,406
1,<environment.Job instance at 0x1497a6151aa0>,68,1,[9 2],69,429,430,360,413
1,<environment.Job instance at 0x1497a6151730>,72,17,[2 7],73,430,447,357,430
1,<environment.Job instance at 0x1497a6151690>,78,19,[ 2 10],79,478,497,399,478
1,<environment.Job instance at 0x1497a6642230>,90,14,[9 2],91,616,630,525,616
1,<environment.Job instance at 0x1497a6642b90>,91,16,[2 6],92,630,646,538,627
1,<environment.Job instance at 0x1497a6642730>,92,20,[6 1],93,630,650,537,628
1,<environment.Job instance at 0x1497a6642fa0>,103,15,[2 7],104,687,702,583,687
1,<environment.Job instance at 0x1497a6642aa0>,104,1,[9 2],105,702,703,597,687
1,<environment.Job instance at 0x1497a66427d0>,105,21,[10  2],106,707,728,601,707
1,<environment.Job instance at 0x1497a3ce7140>,114,14,[8 2],115,787,801,672,787
1,<environment.Job instance at 0x1497a3ce70a0>,123,16,[1 8],124,860,876,736,860
1,<environment.Job instance at 0x1497a3ce77d0>,124,13,[10  1],125,876,889,751,872
1,<environment.Job instance at 0x1497a3ce7050>,125,19,[1 5],126,889,908,763,883
1,<environment.Job instance at 0x1497aa1c31e0>,128,14,[9 2],129,894,908,765,894
1,<environment.Job instance at 0x1497aa1c38c0>,129,15,[2 9],130,908,923,778,894
1,<environment.Job instance at 0x1497aa1c3a00>,138,3,[2 7],139,948,951,809,948
1,<environment.Job instance at 0x1497a5e71960>,4,1,[ 2 10],5,13,14,8,13
1,<environment.Job instance at 0x1497a61c7e60>,7,2,[2 5],8,21,23,13,21
1,<environment.Job instance at 0x1497a61fd780>,19,22,[ 1 10],20,129,151,109,129
1,<environment.Job instance at 0x1497a61fdaa0>,25,20,[8 1],26,167,187,141,167
1,<environment.Job instance at 0x1497a61e34b0>,34,27,[2 6],35,251,278,216,251
1,<environment.Job instance at 0x1497a61e39b0>,42,20,[1 5],43,300,320,257,300
1,<environment.Job instance at 0x1497a61e3730>,47,20,[1 9],48,373,393,325,373
1,<environment.Job instance at 0x1497a61e3be0>,48,25,[6 1],49,374,399,325,374
1,<environment.Job instance at 0x1497a61e8730>,60,24,[10  2],61,524,548,463,524
1,<environment.Job instance at 0x1497a61e8780>,63,2,[1 9],64,564,566,500,564
1,<environment.Job instance at 0x1497a61e8820>,65,16,[7 2],66,581,597,515,581
1,<environment.Job instance at 0x1497a61e8b40>,69,1,[ 2 10],70,600,601,530,600
1,<environment.Job instance at 0x1497a61e8aa0>,68,24,[7 1],69,601,625,532,600
1,<environment.Job instance at 0x1497a61fe6e0>,85,3,[5 1],86,797,800,711,797
1,<environment.Job instance at 0x1497a61c31e0>,125,27,[5 1],126,1198,1225,1072,1198
1,<environment.Job instance at 0x1497a61c39b0>,133,28,[6 2],134,1325,1353,1191,1325
1,<environment.Job instance at 0x1497a61e7280>,137,14,[ 1 10],138,1353,1367,1215,1342
1,<environment.Job instance at 0x149776314690>,9,24,[8 2],10,34,58,24,34
1,<environment.Job instance at 0x149776314e10>,10,16,[2 6],11,38,54,27,38
1,<environment.Job instance at 0x149776314a00>,11,15,[5 1],12,58,73,46,44
1,<environment.Job instance at 0x1497a580a500>,14,1,[2 6],15,54,55,39,50
1,<environment.Job instance at 0x1497763149b0>,17,1,[ 1 10],18,86,87,68,86
1,<environment.Job instance at 0x149776add0a0>,19,22,[6 1],20,92,114,72,92
1,<environment.Job instance at 0x1497764b5820>,21,20,[7 2],22,114,134,92,114
1,<environment.Job instance at 0x149776642320>,23,20,[ 2 10],24,147,167,123,147
1,<environment.Job instance at 0x1497ac4d0c30>,27,16,[8 2],28,167,183,139,157
1,<environment.Job instance at 0x149776998af0>,30,24,[1 6],31,167,191,136,166
1,<environment.Job instance at 0x149776b74640>,37,15,[2 9],38,234,249,196,234
1,<environment.Job instance at 0x149776b740f0>,40,24,[1 9],41,260,284,219,260
1,<environment.Job instance at 0x149776922460>,42,21,[6 1],43,299,320,256,299
1,<environment.Job instance at 0x149776922eb0>,45,14,[2 7],46,314,328,268,314
1,<environment.Job instance at 0x1497aa456a50>,46,3,[7 1],47,320,323,273,319
1,<environment.Job instance at 0x1497aa456960>,47,20,[5 1],48,327,347,279,327
1,<environment.Job instance at 0x1497a61c8230>,57,2,[7 1],58,401,403,343,401
1,<environment.Job instance at 0x1497a61c82d0>,58,26,[7 2],59,407,433,348,407
1,<environment.Job instance at 0x1497a61c86e0>,61,14,[9 2],62,460,474,398,460
1,<environment.Job instance at 0x1497a0057410>,64,14,[2 5],65,536,550,471,536
1,<environment.Job instance at 0x149776466190>,69,13,[5 2],70,559,572,489,559
1,<environment.Job instance at 0x149776afff00>,70,15,[7 2],71,572,587,501,560
1,<environment.Job instance at 0x149776be5500>,72,15,[1 5],73,576,591,503,576
1,<environment.Job instance at 0x1497a00716e0>,77,17,[7 1],78,642,659,564,642
1,<environment.Job instance at 0x149776ac3140>,81,13,[1 7],82,682,695,600,682
1,<environment.Job instance at 0x149776ac3410>,82,25,[ 2 10],83,702,727,619,702
1,<environment.Job instance at 0x1497aab703c0>,85,22,[5 2],86,727,749,641,725
1,<environment.Job instance at 0x149776a4f0a0>,118,20,[2 9],119,1140,1160,1021,1140
1,<environment.Job instance at 0x1497a3c88aa0>,121,3,[ 1 10],122,1173,1176,1051,1173
1,<environment.Job instance at 0x1497a3c88dc0>,122,3,[2 9],123,1179,1182,1056,1179
1,<environment.Job instance at 0x149776bb29b0>,124,23,[2 8],125,1205,1228,1080,1205
1,<environment.Job instance at 0x1497764fbfa0>,137,15,[7 1],138,1324,1339,1186,1324
1,<environment.Job instance at 0x1497760c2230>,4,20,[5 1],5,11,31,6,11
1,<environment.Job instance at 0x1497760c2b90>,6,3,[ 1 10],7,31,34,24,17
1,<environment.Job instance at 0x1497760756e0>,14,22,[10  2],15,79,101,64,79
1,<environment.Job instance at 0x149776075370>,20,27,[7 2],21,116,143,95,116
1,<environment.Job instance at 0x1497a4dfb500>,30,20,[9 1],31,180,200,149,180
1,<environment.Job instance at 0x1497aa47a3c0>,36,12,[1 8],37,235,247,198,235
1,<environment.Job instance at 0x1497761a3af0>,37,1,[7 1],38,235,236,197,235
1,<environment.Job instance at 0x1497aa47a370>,39,19,[6 2],40,262,281,222,262
1,<environment.Job instance at 0x1497aa1a9e10>,54,3,[2 8],55,385,388,330,385
1,<environment.Job instance at 0x149776a7a050>,65,13,[2 8],66,468,481,402,468
1,<environment.Job instance at 0x149776642960>,73,1,[1 6],74,530,531,456,530
1,<environment.Job instance at 0x149776642820>,76,22,[1 9],77,543,565,466,543
1,<environment.Job instance at 0x1497a3cb0280>,86,14,[9 2],87,648,662,561,648
1,<environment.Job instance at 0x1497a3cb00f0>,89,15,[10  1],90,693,708,603,693
1,<environment.Job instance at 0x1497768f6280>,103,2,[1 7],104,841,843,737,841
1,<environment.Job instance at 0x149776657910>,108,25,[2 5],109,897,922,788,897
1,<environment.Job instance at 0x14977640a550>,113,17,[10  1],114,922,939,808,921
1,<environment.Job instance at 0x1497768f3910>,117,22,[2 7],118,964,986,846,964
1,<environment.Job instance at 0x1497a84c3280>,131,3,[2 6],132,1191,1194,1059,1191
1,<environment.Job instance at 0x1497a84c3d20>,133,1,[8 2],134,1196,1197,1062,1196
1,<environment.Job instance at 0x1497a5ed0550>,134,15,[2 6],135,1205,1220,1070,1205
1,<environment.Job instance at 0x1497a3cde140>,8,15,[9 1],9,28,43,19,28
1,<environment.Job instance at 0x1497a3cdedc0>,15,20,[6 2],16,90,110,74,90
1,<environment.Job instance at 0x1497a3cdef50>,18,21,[6 2],19,110,131,91,109
1,<environment.Job instance at 0x1497a3cde410>,22,21,[2 5],23,122,143,99,122
1,<environment.Job instance at 0x1497aabb7be0>,25,15,[2 5],26,149,164,123,149
1,<environment.Job instance at 0x1497766017d0>,38,25,[2 8],39,292,317,253,292
1,<environment.Job instance at 0x149776736f50>,46,2,[2 6],47,379,381,332,379
1,<environment.Job instance at 0x1497767365a0>,49,15,[2 6],50,389,404,339,389
1,<environment.Job instance at 0x1497a61fe0f0>,54,2,[10  2],55,428,430,373,428
1,<environment.Job instance at 0x1497a61e3e60>,55,1,[8 1],56,432,433,376,432
1,<environment.Job instance at 0x1497a61e3fa0>,61,3,[ 2 10],62,513,516,451,513
1,<environment.Job instance at 0x1497a61e3050>,71,2,[8 1],72,607,609,535,607
1,<environment.Job instance at 0x1497a61e3a00>,75,22,[1 8],76,628,650,552,628
1,<environment.Job instance at 0x1497aabd7eb0>,78,27,[8 2],79,636,663,557,636
1,<environment.Job instance at 0x1497aabd7730>,82,2,[ 1 10],83,665,667,582,665
1,<environment.Job instance at 0x1497aabd71e0>,83,2,[1 6],84,680,682,596,680
1,<environment.Job instance at 0x1497aabd77d0>,86,23,[7 1],87,683,706,596,683
1,<environment.Job instance at 0x1497a5d9ec80>,91,19,[1 7],92,724,743,632,724
1,<environment.Job instance at 0x1497a5d9ecd0>,92,15,[10  2],93,753,768,660,753
1,<environment.Job instance at 0x1497a5d9e0f0>,94,12,[6 1],95,768,780,673,754
1,<environment.Job instance at 0x1497a59113c0>,108,2,[1 9],109,920,922,811,920
1,<environment.Job instance at 0x1497a5911f50>,109,3,[1 8],110,922,925,812,920
1,<environment.Job instance at 0x1497764b5f00>,129,13,[5 2],130,1168,1181,1038,1168
1,<environment.Job instance at 0x1497764b53c0>,136,13,[2 8],137,1266,1279,1129,1266
1,<environment.Job instance at 0x149776736690>,3,1,[7 1],4,5,6,1,5
1,<environment.Job instance at 0x1497a59526e0>,7,18,[5 1],8,12,30,4,12
1,<environment.Job instance at 0x1497a593ac80>,6,26,[ 2 10],7,36,62,29,36
1,<environment.Job instance at 0x1497a5933960>,14,2,[5 2],15,62,64,47,40
1,<environment.Job instance at 0x1497a5933410>,16,12,[ 1 10],17,64,76,47,55
1,<environment.Job instance at 0x1497a59335a0>,17,23,[1 7],18,76,99,58,74
1,<environment.Job instance at 0x1497a5944fa0>,21,13,[2 6],22,99,112,77,85
1,<environment.Job instance at 0x1497a5944320>,22,1,[ 1 10],23,112,113,89,87
1,<environment.Job instance at 0x1497a59445a0>,26,24,[7 2],27,113,137,86,108
1,<environment.Job instance at 0x1497a59398c0>,37,20,[1 7],38,198,218,160,198
1,<environment.Job instance at 0x1497a59395f0>,41,28,[5 1],42,240,268,198,240
1,<environment.Job instance at 0x1497a596ad70>,50,28,[2 5],51,323,351,272,323
1,<environment.Job instance at 0x1497a5e4d870>,55,22,[2 9],56,376,398,320,376
1,<environment.Job instance at 0x1497a5e530f0>,60,15,[10  2],61,430,445,369,430
1,<environment.Job instance at 0x149776aa65f0>,71,22,[2 5],72,505,527,433,505
1,<environment.Job instance at 0x14977671a410>,75,21,[ 1 10],76,539,560,463,539
1,<environment.Job instance at 0x1497a595a690>,91,17,[ 2 10],92,717,734,625,717
1,<environment.Job instance at 0x1497766fe8c0>,109,3,[2 6],110,980,983,870,980
1,<environment.Job instance at 0x14977672a050>,129,17,[6 2],130,1280,1297,1150,1280
1,<environment.Job instance at 0x14977672aa50>,134,3,[9 1],135,1327,1330,1192,1327
1,<environment.Job instance at 0x14977672a910>,135,14,[5 2],136,1337,1351,1201,1337
1,<environment.Job instance at 0x149776a7c6e0>,4,19,[6 2],5,6,25,1,6
1,<environment.Job instance at 0x149776a7ce60>,8,25,[5 1],9,25,50,16,21
1,<environment.Job instance at 0x1497a5e3fcd0>,10,3,[8 2],11,50,53,39,25
1,<environment.Job instance at 0x1497a5e3fdc0>,18,27,[7 2],19,67,94,48,67
1,<environment.Job instance at 0x1497a5e3f3c0>,26,21,[2 5],27,129,150,102,129
1,<environment.Job instance at 0x1497a5e3f410>,29,1,[8 2],30,171,172,141,171
1,<environment.Job instance at 0x1497767e1c80>,32,21,[7 2],33,210,231,177,210
1,<environment.Job instance at 0x1497a5e49eb0>,47,12,[1 9],48,335,347,287,335
1,<environment.Job instance at 0x1497a5e49370>,53,24,[2 8],54,382,406,328,382
1,<environment.Job instance at 0x1497a5e49dc0>,57,23,[6 1],58,417,440,359,417
1,<environment.Job instance at 0x1497a5e4dd20>,58,2,[1 7],59,420,422,361,420
1,<environment.Job instance at 0x1497a5e4de60>,66,1,[10  1],67,501,502,434,501
1,<environment.Job instance at 0x1497766fe190>,81,17,[7 1],82,622,639,540,622
1,<environment.Job instance at 0x1497766fe460>,82,28,[1 5],83,624,652,541,624
1,<environment.Job instance at 0x1497a5e7ae60>,85,17,[7 1],86,646,663,560,646
1,<environment.Job instance at 0x1497a5e7a2d0>,90,1,[8 1],91,675,676,584,675
1,<environment.Job instance at 0x1497a5e51230>,111,3,[9 2],112,891,894,779,891
1,<environment.Job instance at 0x1497a5e51c80>,119,1,[1 7],120,985,986,865,985
1,<environment.Job instance at 0x149776ab0c30>,127,14,[5 1],128,1052,1066,924,1052
1,<environment.Job instance at 0x149776ab05f0>,135,2,[2 6],136,1192,1194,1056,1192
1,<environment.Job instance at 0x149776a44730>,11,25,[5 2],12,58,83,46,58
1,<environment.Job instance at 0x149776ad5e10>,17,12,[9 2],18,117,129,99,117
1,<environment.Job instance at 0x149776ad56e0>,19,15,[ 1 10],20,129,144,109,123
1,<environment.Job instance at 0x149776ad5910>,21,25,[6 2],22,144,169,122,143
1,<environment.Job instance at 0x149776ad5a00>,26,20,[1 5],27,200,220,173,200
1,<environment.Job instance at 0x1497762edaf0>,28,1,[2 6],29,220,221,191,204
1,<environment.Job instance at 0x1497a5764460>,31,1,[ 2 10],32,225,226,193,225
1,<environment.Job instance at 0x1497a5764780>,38,1,[2 6],39,329,330,290,329
1,<environment.Job instance at 0x1497769415a0>,49,14,[1 5],50,441,455,391,441
1,<environment.Job instance at 0x149776941c30>,51,13,[8 2],52,450,463,398,450
1,<environment.Job instance at 0x1497aa2316e0>,58,3,[7 1],59,502,505,443,502
1,<environment.Job instance at 0x1497aa231e10>,59,2,[5 2],60,505,507,445,502
1,<environment.Job instance at 0x1497aa2310a0>,60,1,[1 5],61,508,509,447,508
1,<environment.Job instance at 0x1497aa231870>,62,26,[2 8],63,509,535,446,508
1,<environment.Job instance at 0x1497aa2317d0>,63,12,[8 2],64,525,537,461,525
1,<environment.Job instance at 0x1497aa231af0>,64,3,[8 2],65,537,540,472,533
1,<environment.Job instance at 0x1497aa231690>,67,20,[6 1],68,540,560,472,533
1,<environment.Job instance at 0x149776ac06e0>,87,21,[ 1 10],88,812,833,724,812
1,<environment.Job instance at 0x149776ac0f00>,93,2,[ 1 10],94,866,868,772,866
1,<environment.Job instance at 0x149776ac0cd0>,101,24,[ 2 10],102,928,952,826,928
1,<environment.Job instance at 0x149776ac0230>,98,1,[7 1],99,952,953,853,936
1,<environment.Job instance at 0x1497aa2005a0>,112,20,[2 7],113,1014,1034,901,1014
1,<environment.Job instance at 0x149776653690>,126,1,[7 1],127,1182,1183,1055,1182
1,<environment.Job instance at 0x1497a61d6690>,138,18,[2 5],139,1296,1314,1157,1296
1,<environment.Job instance at 0x1497a5705820>,7,21,[2 8],8,22,43,14,22
1,<environment.Job instance at 0x1497a570a320>,10,22,[1 7],11,43,65,32,38
1,<environment.Job instance at 0x1497a570a190>,12,21,[1 7],13,65,86,52,59
1,<environment.Job instance at 0x1497a570a370>,14,16,[5 2],15,61,77,46,61
1,<environment.Job instance at 0x1497a570a5a0>,18,15,[2 5],19,86,101,67,75
1,<environment.Job instance at 0x1497a570e190>,26,20,[10  1],27,136,156,109,136
1,<environment.Job instance at 0x1497a0035b40>,37,15,[2 7],38,229,244,191,229
1,<environment.Job instance at 0x14977660feb0>,38,15,[1 9],39,247,262,208,247
1,<environment.Job instance at 0x1497a59278c0>,50,23,[2 6],51,351,374,300,351
1,<environment.Job instance at 0x1497a5912500>,57,18,[ 2 10],58,436,454,378,436
1,<environment.Job instance at 0x1497a5713c30>,64,16,[1 7],65,498,514,433,498
1,<environment.Job instance at 0x1497a5713e60>,67,21,[5 2],68,524,545,456,524
1,<environment.Job instance at 0x1497a5917050>,72,1,[2 9],73,550,551,477,550
1,<environment.Job instance at 0x1497a5917b90>,89,25,[7 2],90,705,730,615,705
1,<environment.Job instance at 0x1497a5917cd0>,91,15,[7 1],92,732,747,640,732
1,<environment.Job instance at 0x1497a5913e60>,112,3,[10  1],113,893,896,780,893
1,<environment.Job instance at 0x1497a591b050>,120,16,[1 5],121,1039,1055,918,1039
1,<environment.Job instance at 0x1497a591b6e0>,125,3,[1 6],126,1055,1058,929,1039
1,<environment.Job instance at 0x1497a591bb40>,130,27,[2 9],131,1086,1113,955,1086
1,<environment.Job instance at 0x1497765f8230>,5,26,[1 8],6,13,39,7,13
1,<environment.Job instance at 0x1497765f85a0>,8,2,[7 1],9,13,15,4,13
1,<environment.Job instance at 0x1497765f8820>,6,20,[7 2],7,18,38,11,18
1,<environment.Job instance at 0x1497765f8dc0>,4,26,[6 1],5,38,64,33,38
1,<environment.Job instance at 0x1497767b0a00>,20,16,[2 7],21,107,123,86,107
1,<environment.Job instance at 0x1497767b0f50>,26,12,[6 1],27,149,161,122,149
1,<environment.Job instance at 0x149776778d20>,34,22,[2 5],35,321,343,286,321
1,<environment.Job instance at 0x149776778b90>,38,18,[5 2],39,321,339,282,321
1,<environment.Job instance at 0x149776778460>,43,20,[1 8],44,361,381,317,361
1,<environment.Job instance at 0x14977620bf00>,48,3,[2 5],49,407,410,358,407
1,<environment.Job instance at 0x14977620b9b0>,53,17,[5 1],54,492,509,438,492
1,<environment.Job instance at 0x14977620bbe0>,61,26,[1 7],62,585,611,523,585
1,<environment.Job instance at 0x14977620baf0>,64,22,[2 8],65,611,633,546,611
1,<environment.Job instance at 0x14977620b320>,66,19,[10  1],67,644,663,577,644
1,<environment.Job instance at 0x1497761a3190>,72,26,[5 2],73,668,694,595,668
1,<environment.Job instance at 0x1497761a30f0>,75,1,[1 7],76,671,672,595,671
1,<environment.Job instance at 0x14977619d320>,89,3,[2 6],90,792,795,702,792
1,<environment.Job instance at 0x14977619d910>,86,22,[5 2],87,794,816,707,794
1,<environment.Job instance at 0x14977619ddc0>,91,14,[5 1],92,795,809,703,795
1,<environment.Job instance at 0x14977619d7d0>,92,20,[1 6],93,817,837,724,817
1,<environment.Job instance at 0x14977619d230>,93,13,[1 5],94,841,854,747,841
1,<environment.Job instance at 0x149776177c30>,99,2,[9 1],100,855,857,755,855
1,<environment.Job instance at 0x1497761776e0>,104,13,[2 7],105,903,916,798,903
1,<environment.Job instance at 0x1497aa1ac640>,112,3,[1 5],113,983,986,870,983
1,<environment.Job instance at 0x1497aa1ac6e0>,116,2,[9 2],117,1029,1031,912,1029
1,<environment.Job instance at 0x1497aa1ac410>,124,1,[1 9],125,1090,1091,965,1090
1,<environment.Job instance at 0x1497a3cd2640>,127,2,[10  1],128,1118,1120,990,1118
1,<environment.Job instance at 0x1497a3cd26e0>,135,13,[10  2],136,1215,1228,1079,1215
1,<environment.Job instance at 0x1497a3cd27d0>,137,23,[2 6],138,1254,1277,1116,1254
1,<environment.Job instance at 0x1497a3cd2050>,138,20,[8 2],139,1255,1275,1116,1255
1,<environment.Job instance at 0x14977669abe0>,1,15,[9 1],2,5,20,3,5
1,<environment.Job instance at 0x149776380f50>,4,18,[8 1],5,20,38,15,12
1,<environment.Job instance at 0x1497a5e2e140>,7,16,[10  1],8,38,54,30,30
1,<environment.Job instance at 0x1497a57e4960>,32,1,[ 1 10],33,201,202,168,201
1,<environment.Job instance at 0x1497a3fa2be0>,34,21,[1 9],35,209,230,174,209
1,<environment.Job instance at 0x1497a3d11550>,39,3,[ 2 10],40,235,238,195,235
1,<environment.Job instance at 0x1497a3f7ff50>,51,26,[1 5],52,347,373,295,347
1,<environment.Job instance at 0x1497a3fb3960>,60,14,[2 8],61,417,431,356,417
1,<environment.Job instance at 0x1497a5e93a00>,76,2,[10  1],77,581,583,504,581
1,<environment.Job instance at 0x1497a5eae5f0>,83,20,[2 9],84,678,698,594,678
1,<environment.Job instance at 0x1497a5e9cb40>,122,23,[9 1],123,997,1020,874,997
1,<environment.Job instance at 0x1497a5ea8230>,124,1,[8 2],125,1047,1048,922,1047
1,<environment.Job instance at 0x1497a5ea8b40>,137,1,[1 8],138,1170,1171,1032,1170
1,<environment.Job instance at 0x1497a5ea8820>,136,3,[1 5],137,1178,1181,1041,1178
1,<environment.Job instance at 0x1497a594ca00>,8,22,[10  1],9,34,56,25,34
1,<environment.Job instance at 0x1497764f3500>,21,23,[2 5],22,163,186,141,163
1,<environment.Job instance at 0x1497764f3780>,23,20,[ 2 10],24,186,206,162,177
1,<environment.Job instance at 0x1497764f34b0>,26,2,[8 1],27,206,208,179,198
1,<environment.Job instance at 0x1497764f3230>,30,1,[2 9],31,236,237,205,236
1,<environment.Job instance at 0x1497764f3be0>,31,2,[7 2],32,237,239,205,236
1,<environment.Job instance at 0x14977669a8c0>,41,1,[5 2],42,345,346,303,345
1,<environment.Job instance at 0x14977669a820>,43,19,[6 1],44,370,389,326,370
1,<environment.Job instance at 0x1497a5917870>,63,15,[5 2],64,549,564,485,549
1,<environment.Job instance at 0x1497a59170a0>,68,28,[6 1],69,564,592,495,563
1,<environment.Job instance at 0x149776729c80>,80,12,[8 1],81,651,663,570,651
1,<environment.Job instance at 0x14977619c910>,93,18,[10  1],94,792,810,698,792
1,<environment.Job instance at 0x14977619c1e0>,107,3,[9 1],108,879,882,771,879
1,<environment.Job instance at 0x1497a3cd29b0>,111,12,[2 8],112,955,967,843,955
1,<environment.Job instance at 0x1497a3cd2230>,117,13,[9 1],118,1011,1024,893,1011
1,<environment.Job instance at 0x1497a3cd2eb0>,121,1,[9 2],122,1041,1042,919,1041
1,<environment.Job instance at 0x1497a57a1d70>,138,19,[2 5],139,1213,1232,1074,1213
1,<environment.Job instance at 0x15177dafae60>,3,2,[1 7],4,6,8,2,6
1,<environment.Job instance at 0x1517746aa870>,7,1,[7 2],8,9,10,1,9
1,<environment.Job instance at 0x1517746aa7d0>,8,2,[2 5],9,9,11,0,9
1,<environment.Job instance at 0x1517746ab280>,18,3,[1 6],19,70,73,51,70
1,<environment.Job instance at 0x1517746ab4b0>,23,3,[7 2],24,79,82,55,79
1,<environment.Job instance at 0x1517746abaf0>,30,2,[2 8],31,145,147,114,145
1,<environment.Job instance at 0x1517746ab910>,29,20,[1 5],30,157,177,127,157
1,<environment.Job instance at 0x1517746abc30>,34,20,[5 1],35,161,181,126,161
1,<environment.Job instance at 0x1517746abe10>,37,22,[2 5],38,177,199,139,174
1,<environment.Job instance at 0x1517746ae640>,45,15,[2 5],46,239,254,193,239
1,<environment.Job instance at 0x1517746b1050>,62,3,[6 2],63,441,444,378,441
1,<environment.Job instance at 0x1517746b1c30>,75,15,[2 6],76,583,598,507,583
1,<environment.Job instance at 0x1517746b1dc0>,76,14,[9 1],77,598,612,521,583
1,<environment.Job instance at 0x1517746b4280>,80,2,[1 5],81,606,608,525,606
1,<environment.Job instance at 0x1517746b4320>,81,2,[9 2],82,612,614,530,610
1,<environment.Job instance at 0x1517746b43c0>,82,3,[2 8],83,619,622,536,619
1,<environment.Job instance at 0x1517746b4500>,84,14,[7 1],85,628,642,543,628
1,<environment.Job instance at 0x1517746b4b40>,94,3,[6 2],95,766,769,671,766
1,<environment.Job instance at 0x1517746b75f0>,112,3,[2 8],113,927,930,814,927
1,<environment.Job instance at 0x1517746b7a50>,124,12,[10  2],125,1067,1079,942,1067
1,<environment.Job instance at 0x1517746b7230>,126,13,[9 1],127,1079,1092,952,1072
1,<environment.Job instance at 0x151774b8a9b0>,139,3,[1 7],140,1224,1227,1084,1224
1,<environment.Job instance at 0x151774b58e60>,148,2,[8 2],149,1303,1305,1154,1303
1,<environment.Job instance at 0x1517702e0280>,1,19,[2 5],2,2,21,0,2
1,<environment.Job instance at 0x1517746b7f50>,3,28,[7 2],4,9,37,5,9
1,<environment.Job instance at 0x15177ba06fa0>,5,1,[6 1],6,37,38,31,12
1,<environment.Job instance at 0x15177b0632d0>,19,20,[2 8],20,101,121,81,101
1,<environment.Job instance at 0x15177ba03410>,39,14,[1 6],40,249,263,209,249
1,<environment.Job instance at 0x15177ba03280>,45,1,[1 7],46,315,316,269,315
1,<environment.Job instance at 0x15177ba03eb0>,47,17,[6 2],48,342,359,294,342
1,<environment.Job instance at 0x15177b082f50>,51,24,[2 5],52,358,382,306,358
1,<environment.Job instance at 0x15177b082d70>,61,26,[7 2],62,432,458,370,432
1,<environment.Job instance at 0x15177b082aa0>,66,20,[2 5],67,481,501,414,481
1,<environment.Job instance at 0x15177b30ba50>,73,20,[1 6],74,547,567,473,547
1,<environment.Job instance at 0x15177b30b230>,74,14,[10  1],75,567,581,492,563
1,<environment.Job instance at 0x15177b30baa0>,77,3,[2 5],78,581,584,503,565
1,<environment.Job instance at 0x15177b30ba00>,82,15,[1 9],83,596,611,513,596
1,<environment.Job instance at 0x15177b30bc30>,84,2,[1 6],85,626,628,541,626
1,<environment.Job instance at 0x151776c8e8c0>,109,12,[1 9],110,858,870,748,858
1,<environment.Job instance at 0x151776d10460>,111,17,[2 6],112,870,887,758,858
1,<environment.Job instance at 0x1517767dbc30>,113,2,[8 1],114,860,862,746,860
1,<environment.Job instance at 0x151776d9acd0>,120,2,[1 9],121,925,927,804,925
1,<environment.Job instance at 0x151777088870>,122,17,[2 5],123,927,944,804,925
1,<environment.Job instance at 0x151777088dc0>,128,21,[2 6],129,978,999,849,978
1,<environment.Job instance at 0x15177ba7f690>,137,3,[6 1],138,1023,1026,885,1023
1,<environment.Job instance at 0x15177ba7fdc0>,140,3,[7 1],141,1045,1048,904,1045
1,<environment.Job instance at 0x151777089410>,147,28,[10  1],148,1099,1127,951,1099
1,<environment.Job instance at 0x15173767b4b0>,2,12,[8 1],3,14,26,11,14
1,<environment.Job instance at 0x1517375ffb40>,7,24,[2 6],8,22,46,14,22
1,<environment.Job instance at 0x1517376ede60>,10,3,[7 2],11,51,54,40,51
1,<environment.Job instance at 0x15173769b0a0>,15,15,[2 8],16,65,80,49,65
1,<environment.Job instance at 0x1517376675f0>,18,3,[1 8],19,90,93,71,90
1,<environment.Job instance at 0x151737667500>,19,14,[1 9],20,93,107,73,92
1,<environment.Job instance at 0x15173767e690>,22,16,[2 8],23,107,123,84,95
1,<environment.Job instance at 0x1517377f4a00>,21,15,[7 1],22,95,110,73,95
1,<environment.Job instance at 0x15177008b820>,28,23,[6 1],29,119,142,90,119
1,<environment.Job instance at 0x15177002f4b0>,36,3,[7 1],37,173,176,136,173
1,<environment.Job instance at 0x151737670730>,43,3,[6 1],44,215,218,171,215
1,<environment.Job instance at 0x1517376704b0>,44,20,[1 6],45,216,236,171,216
1,<environment.Job instance at 0x15177004f0a0>,47,28,[2 5],48,242,270,194,242
1,<environment.Job instance at 0x15177004fd70>,49,20,[ 2 10],50,270,290,220,267
1,<environment.Job instance at 0x151770054050>,52,18,[2 8],53,290,308,237,279
1,<environment.Job instance at 0x151770054af0>,53,12,[2 5],54,308,320,254,305
1,<environment.Job instance at 0x1517700275a0>,59,3,[2 9],60,320,323,260,317
1,<environment.Job instance at 0x151770027780>,63,3,[1 6],64,368,371,304,368
1,<environment.Job instance at 0x15177003ab90>,65,15,[5 2],66,395,410,329,395
1,<environment.Job instance at 0x151770014910>,72,17,[1 9],73,460,477,387,460
1,<environment.Job instance at 0x1517700332d0>,77,1,[6 1],78,543,544,465,543
1,<environment.Job instance at 0x151737726230>,82,12,[2 8],83,553,565,470,553
1,<environment.Job instance at 0x151770033fa0>,85,26,[5 2],86,582,608,496,582
1,<environment.Job instance at 0x1517700cd460>,97,24,[1 6],98,706,730,608,706
1,<environment.Job instance at 0x1517700cd370>,98,20,[8 1],99,720,740,621,720
1,<environment.Job instance at 0x1517700cdaf0>,100,15,[2 8],101,755,770,654,755
1,<environment.Job instance at 0x15177003cf50>,102,14,[1 6],103,770,784,667,768
1,<environment.Job instance at 0x15177003c230>,112,1,[2 5],113,861,862,748,861
1,<environment.Job instance at 0x151770025820>,121,14,[2 7],122,948,962,826,948
1,<environment.Job instance at 0x151770025870>,125,24,[9 1],126,981,1005,855,981
1,<environment.Job instance at 0x151770025320>,126,22,[1 7],127,981,1003,854,981
1,<environment.Job instance at 0x1517700259b0>,127,2,[ 2 10],128,1005,1007,877,985
1,<environment.Job instance at 0x1517700257d0>,129,23,[1 6],130,1007,1030,877,1005
1,<environment.Job instance at 0x151770025500>,134,20,[8 1],135,1021,1041,886,1021
1,<environment.Job instance at 0x151770025dc0>,135,18,[2 8],136,1030,1048,894,1030
1,<environment.Job instance at 0x1517700255a0>,143,28,[6 2],144,1132,1160,988,1132
1,<environment.Job instance at 0x1517377d3be0>,148,1,[2 6],149,1156,1157,1007,1156
1,<environment.Job instance at 0x15177009fcd0>,3,2,[8 2],4,4,6,0,4
1,<environment.Job instance at 0x151770025b40>,5,21,[9 1],6,22,43,16,22
1,<environment.Job instance at 0x1517370fa8c0>,15,3,[8 1],16,43,46,27,32
1,<environment.Job instance at 0x1517370facd0>,16,1,[1 6],17,51,52,34,51
1,<environment.Job instance at 0x1517370fac30>,20,14,[ 2 10],21,82,96,61,82
1,<environment.Job instance at 0x15173707cc80>,39,23,[2 9],40,292,315,252,292
1,<environment.Job instance at 0x15173707cf00>,43,17,[7 2],44,315,332,271,303
1,<environment.Job instance at 0x15173707cfa0>,44,1,[2 7],45,315,316,270,305
1,<environment.Job instance at 0x15173707e230>,45,2,[1 9],46,332,334,286,307
1,<environment.Job instance at 0x15173707e0f0>,46,16,[2 5],47,334,350,287,326
1,<environment.Job instance at 0x15173707e320>,51,3,[2 6],52,350,353,298,345
1,<environment.Job instance at 0x15173707e690>,56,25,[2 8],57,372,397,315,372
1,<environment.Job instance at 0x15173707ea00>,57,1,[1 5],58,400,401,342,400
1,<environment.Job instance at 0x15173707ebe0>,61,19,[2 5],62,420,439,358,420
1,<environment.Job instance at 0x151737081140>,69,3,[ 2 10],70,490,493,420,490
1,<environment.Job instance at 0x151737081280>,71,2,[2 5],72,493,495,421,492
1,<environment.Job instance at 0x151737081550>,72,3,[8 2],73,502,505,429,502
1,<environment.Job instance at 0x1517370814b0>,74,28,[7 1],75,517,545,442,517
1,<environment.Job instance at 0x151737081640>,77,3,[9 1],78,545,548,467,520
1,<environment.Job instance at 0x1517370ef320>,80,14,[10  1],81,548,562,467,539
1,<environment.Job instance at 0x1517370ef460>,81,1,[9 2],82,562,563,480,541
1,<environment.Job instance at 0x15173712b3c0>,86,2,[7 1],87,587,589,500,587
1,<environment.Job instance at 0x1517371ad2d0>,92,1,[8 1],93,646,647,553,646
1,<environment.Job instance at 0x1517371663c0>,94,24,[6 2],95,657,681,562,657
1,<environment.Job instance at 0x1517371660a0>,95,15,[7 1],96,681,696,585,677
1,<environment.Job instance at 0x15173719e870>,105,3,[8 1],106,743,746,637,743
1,<environment.Job instance at 0x15173711b780>,108,3,[1 5],109,778,781,669,778
1,<environment.Job instance at 0x151737123e60>,120,1,[9 2],121,900,901,779,900
1,<environment.Job instance at 0x1517370e3050>,122,1,[5 2],123,924,925,801,924
1,<environment.Job instance at 0x1517370e3a00>,125,21,[2 5],126,947,968,821,947
1,<environment.Job instance at 0x151737133690>,127,24,[5 2],128,971,995,843,971
1,<environment.Job instance at 0x1517370d3a50>,131,16,[1 7],132,985,1001,853,985
1,<environment.Job instance at 0x1517370c2a00>,134,24,[2 9],135,1001,1025,866,998
1,<environment.Job instance at 0x151737110140>,135,12,[2 6],136,1025,1037,889,1015
1,<environment.Job instance at 0x1517370dc6e0>,139,2,[2 6],140,1037,1039,897,1034
1,<environment.Job instance at 0x1517765445a0>,5,1,[1 7],6,11,12,5,11
1,<environment.Job instance at 0x151776544af0>,3,28,[2 7],4,30,58,26,30
1,<environment.Job instance at 0x151776544320>,8,24,[8 1],9,68,92,59,68
1,<environment.Job instance at 0x15177658a5f0>,17,19,[1 7],18,84,103,66,84
1,<environment.Job instance at 0x15177658aaa0>,18,3,[1 5],19,103,106,84,86
1,<environment.Job instance at 0x15177658a190>,16,24,[5 1],17,92,116,75,88
1,<environment.Job instance at 0x15177658ad20>,21,23,[2 7],22,106,129,84,106
1,<environment.Job instance at 0x15177658a050>,24,1,[8 2],25,126,127,101,126
1,<environment.Job instance at 0x15177658a1e0>,23,27,[2 8],24,130,157,106,130
1,<environment.Job instance at 0x1517767f4d20>,33,19,[1 5],34,201,220,167,201
1,<environment.Job instance at 0x1517767f4280>,34,1,[5 1],35,203,204,168,203
1,<environment.Job instance at 0x1517767f4c30>,36,17,[1 6],37,220,237,183,209
1,<environment.Job instance at 0x1517767f45a0>,43,24,[ 2 10],44,292,316,248,292
1,<environment.Job instance at 0x1517767b7d70>,52,21,[10  1],53,364,385,311,364
1,<environment.Job instance at 0x1517767b7140>,57,18,[8 1],58,385,403,327,379
1,<environment.Job instance at 0x15177b0432d0>,62,14,[2 7],63,427,441,364,427
1,<environment.Job instance at 0x15177b043eb0>,68,3,[ 2 10],69,471,474,402,471
1,<environment.Job instance at 0x15177b043820>,70,3,[2 8],71,513,516,442,513
1,<environment.Job instance at 0x15177b043640>,74,2,[ 1 10],75,564,566,489,564
1,<environment.Job instance at 0x15177b043280>,75,22,[9 1],76,568,590,492,568
1,<environment.Job instance at 0x1517766695a0>,80,18,[8 1],81,647,665,566,647
1,<environment.Job instance at 0x15177b0ce910>,98,16,[10  1],99,792,808,693,792
1,<environment.Job instance at 0x15177b0ce460>,106,17,[9 1],107,868,885,761,868
1,<environment.Job instance at 0x15177b04aa50>,116,3,[ 1 10],117,986,989,869,986
1,<environment.Job instance at 0x15177b04aaf0>,117,2,[2 6],118,990,992,872,990
1,<environment.Job instance at 0x15177b04a370>,118,19,[ 2 10],119,1000,1019,881,1000
1,<environment.Job instance at 0x15177b04a910>,121,1,[5 2],122,1019,1020,897,1006
1,<environment.Job instance at 0x15177b960550>,123,22,[8 2],124,1028,1050,904,1028
1,<environment.Job instance at 0x15177b960140>,124,14,[7 1],125,1050,1064,925,1038
1,<environment.Job instance at 0x15177b9609b0>,129,23,[8 2],130,1064,1087,934,1064
1,<environment.Job instance at 0x15177b960c30>,131,2,[2 7],132,1094,1096,962,1094
1,<environment.Job instance at 0x151737265820>,140,24,[ 1 10],141,1192,1216,1051,1192
1,<environment.Job instance at 0x151737537e10>,144,12,[1 7],145,1228,1240,1083,1228
1,<environment.Job instance at 0x15177ba3d8c0>,1,3,[6 1],2,7,10,5,7
1,<environment.Job instance at 0x15177cf68690>,10,15,[ 1 10],11,32,47,21,32
1,<environment.Job instance at 0x15177cf68f50>,5,3,[5 1],6,47,50,41,41
1,<environment.Job instance at 0x15177cf681e0>,13,20,[1 6],14,47,67,33,43
1,<environment.Job instance at 0x15177cf68cd0>,15,25,[1 8],16,67,92,51,63
1,<environment.Job instance at 0x151737403d20>,18,28,[6 1],19,75,103,56,75
1,<environment.Job instance at 0x151737409a50>,21,3,[1 5],22,134,137,112,134
1,<environment.Job instance at 0x1517374093c0>,22,14,[9 2],23,135,149,112,135
1,<environment.Job instance at 0x151737409b40>,23,14,[1 6],24,137,151,113,135
1,<environment.Job instance at 0x15177a9ab8c0>,28,3,[5 2],29,158,161,129,158
1,<environment.Job instance at 0x15177a9ab1e0>,27,27,[8 2],28,161,188,133,159
1,<environment.Job instance at 0x15177a9ab0a0>,30,18,[9 2],31,188,206,157,179
1,<environment.Job instance at 0x15177a9ab230>,33,12,[2 8],34,206,218,172,191
1,<environment.Job instance at 0x15177a9abb40>,34,2,[10  2],35,218,220,183,201
1,<environment.Job instance at 0x15177a9ab550>,37,2,[1 8],38,220,222,182,213
1,<environment.Job instance at 0x15177a998410>,45,2,[8 1],46,276,278,230,276
1,<environment.Job instance at 0x15177a998780>,51,3,[6 1],52,318,321,266,318
1,<environment.Job instance at 0x1517373febe0>,53,2,[1 9],54,340,342,286,340
1,<environment.Job instance at 0x1517373fe280>,55,1,[9 1],56,372,373,316,372
1,<environment.Job instance at 0x1517373fedc0>,63,17,[9 1],64,427,444,363,427
1,<environment.Job instance at 0x151737473e60>,68,17,[2 8],69,466,483,397,466
1,<environment.Job instance at 0x151737473fa0>,69,13,[5 1],70,472,485,402,472
1,<environment.Job instance at 0x15177b098af0>,79,1,[2 9],80,568,569,488,568
1,<environment.Job instance at 0x15177b098870>,85,3,[7 1],86,572,575,486,572
1,<environment.Job instance at 0x15177b0985f0>,87,1,[1 5],88,596,597,508,596
1,<environment.Job instance at 0x15177d919a00>,90,22,[ 1 10],91,614,636,523,614
1,<environment.Job instance at 0x15177d919c80>,93,2,[1 7],94,636,638,542,631
1,<environment.Job instance at 0x15177cf4f140>,97,21,[1 7],98,638,659,540,633
1,<environment.Job instance at 0x1517373cfc80>,115,1,[10  1],116,805,806,689,805
1,<environment.Job instance at 0x1517373cfdc0>,116,1,[1 9],117,817,818,700,817
1,<environment.Job instance at 0x1517373cfe10>,125,20,[1 9],126,855,875,729,855
1,<environment.Job instance at 0x15177cf61730>,132,3,[ 1 10],133,950,953,817,950
1,<environment.Job instance at 0x151774e49d20>,143,3,[1 6],144,1050,1053,906,1050
1,<environment.Job instance at 0x15173726f690>,9,3,[5 1],10,38,41,28,38
1,<environment.Job instance at 0x15173726fd20>,10,18,[6 2],11,41,59,30,40
1,<environment.Job instance at 0x1517375267d0>,18,15,[9 2],19,117,132,98,117
1,<environment.Job instance at 0x151737526b40>,21,17,[1 8],22,131,148,109,131
1,<environment.Job instance at 0x151737526dc0>,25,16,[1 8],26,162,178,136,162
1,<environment.Job instance at 0x151737270050>,31,22,[ 2 10],32,230,252,198,230
1,<environment.Job instance at 0x1517372700a0>,32,13,[10  1],33,252,265,219,236
1,<environment.Job instance at 0x151737270230>,35,14,[2 9],36,265,279,229,254
1,<environment.Job instance at 0x1517372706e0>,41,2,[8 2],42,306,308,264,306
1,<environment.Job instance at 0x151737270aa0>,43,28,[5 2],44,328,356,284,328
1,<environment.Job instance at 0x151737270f00>,49,17,[6 1],50,366,383,316,366
1,<environment.Job instance at 0x151737270fa0>,51,27,[1 7],52,376,403,324,376
1,<environment.Job instance at 0x15173724c1e0>,53,2,[9 1],54,383,385,329,379
1,<environment.Job instance at 0x15173724c730>,61,22,[7 2],62,433,455,371,433
1,<environment.Job instance at 0x15173724c820>,63,14,[10  2],64,455,469,391,442
1,<environment.Job instance at 0x15173724caa0>,67,22,[5 1],68,469,491,401,468
1,<environment.Job instance at 0x151770079280>,78,3,[5 2],79,558,561,479,558
1,<environment.Job instance at 0x151770079820>,87,18,[ 1 10],88,686,704,598,686
1,<environment.Job instance at 0x151770079c80>,93,1,[6 2],94,764,765,670,764
1,<environment.Job instance at 0x151770079dc0>,95,1,[9 1],96,781,782,685,781
1,<environment.Job instance at 0x151770079fa0>,97,2,[ 2 10],98,794,796,696,794
1,<environment.Job instance at 0x151770057280>,100,3,[2 8],101,840,843,739,840
1,<environment.Job instance at 0x1517700573c0>,102,19,[7 1],103,851,870,748,851
1,<environment.Job instance at 0x1517700575a0>,105,17,[10  1],106,876,893,770,876
1,<environment.Job instance at 0x151770057780>,108,23,[7 2],109,907,930,798,907
1,<environment.Job instance at 0x15173726b5a0>,121,2,[5 1],122,1059,1061,937,1059
1,<environment.Job instance at 0x15173726b1e0>,123,1,[1 7],124,1069,1070,945,1069
1,<environment.Job instance at 0x15177cf33780>,131,13,[1 8],132,1141,1154,1009,1141
1,<environment.Job instance at 0x1517765854b0>,134,3,[2 9],135,1181,1184,1046,1181
1,<environment.Job instance at 0x151776cb7370>,142,2,[5 2],143,1350,1352,1207,1350
1,<environment.Job instance at 0x15177ba28fa0>,4,26,[5 1],5,8,34,3,8
1,<environment.Job instance at 0x15177749bc80>,7,2,[1 8],8,10,12,2,10
1,<environment.Job instance at 0x15177672fdc0>,8,16,[2 8],9,12,28,3,11
1,<environment.Job instance at 0x15177b2e8410>,23,1,[10  1],24,150,151,126,150
1,<environment.Job instance at 0x1517767329b0>,26,19,[1 5],27,155,174,128,155
1,<environment.Job instance at 0x1517767326e0>,27,13,[2 8],28,174,187,146,164
1,<environment.Job instance at 0x151776732e10>,35,19,[1 9],36,239,258,203,239
1,<environment.Job instance at 0x151737427cd0>,37,20,[7 1],38,245,265,207,245
1,<environment.Job instance at 0x151737411d20>,42,1,[5 1],43,294,295,251,294
1,<environment.Job instance at 0x15177cf1f4b0>,52,2,[1 6],53,394,396,341,394
1,<environment.Job instance at 0x151737472b90>,64,22,[1 7],65,508,530,443,508
1,<environment.Job instance at 0x151737401960>,70,2,[1 9],71,543,545,472,543
1,<environment.Job instance at 0x151776caf8c0>,72,21,[8 1],73,553,574,480,553
1,<environment.Job instance at 0x151737401280>,68,25,[1 8],69,572,597,503,572
1,<environment.Job instance at 0x151776caf460>,75,13,[2 5],76,597,610,521,586
1,<environment.Job instance at 0x1517764de960>,81,25,[9 1],82,636,661,554,636
1,<environment.Job instance at 0x1517764de780>,83,18,[7 1],84,661,679,577,655
1,<environment.Job instance at 0x1517764de370>,84,15,[2 7],85,661,676,576,657
1,<environment.Job instance at 0x151774e43eb0>,89,21,[1 5],90,683,704,593,683
1,<environment.Job instance at 0x15173752f370>,91,2,[ 1 10],92,704,706,612,698
1,<environment.Job instance at 0x151774bcf190>,95,24,[1 7],96,746,770,650,746
1,<environment.Job instance at 0x151774b3a9b0>,104,1,[1 7],105,809,810,704,809
1,<environment.Job instance at 0x151774b3a550>,111,19,[5 2],112,836,855,724,836
1,<environment.Job instance at 0x15177da04dc0>,116,13,[1 7],117,933,946,816,933
1,<environment.Job instance at 0x151737727960>,122,16,[1 6],123,961,977,838,961
1,<environment.Job instance at 0x1517376b20f0>,128,19,[10  1],129,986,1005,857,986
1,<environment.Job instance at 0x1517376b2550>,129,3,[2 7],130,1005,1008,875,990
1,<environment.Job instance at 0x151776696640>,137,3,[1 5],138,1085,1088,947,1085
1,<environment.Job instance at 0x151774c06780>,138,1,[9 2],139,1085,1086,946,1085
1,<environment.Job instance at 0x15177b97fdc0>,3,26,[5 2],4,9,35,5,9
1,<environment.Job instance at 0x15177d99a050>,4,15,[1 8],5,13,28,8,13
1,<environment.Job instance at 0x1517377d5f00>,10,14,[9 2],11,36,50,25,36
1,<environment.Job instance at 0x15177668df00>,5,12,[1 5],6,43,55,37,43
1,<environment.Job instance at 0x1517377d5500>,13,17,[5 1],14,50,67,36,43
1,<environment.Job instance at 0x151774e18b40>,18,1,[2 8],19,62,63,43,62
1,<environment.Job instance at 0x151774e18d70>,19,18,[1 5],20,65,83,45,65
1,<environment.Job instance at 0x15177b98a190>,21,2,[6 2],22,67,69,45,67
1,<environment.Job instance at 0x15177b98ab90>,23,15,[2 7],24,83,98,59,69
1,<environment.Job instance at 0x15177b98a460>,24,1,[9 2],25,75,76,50,75
1,<environment.Job instance at 0x15177b98a690>,29,26,[ 1 10],30,126,152,96,126
1,<environment.Job instance at 0x1517375b1e10>,43,16,[1 8],44,254,270,210,254
1,<environment.Job instance at 0x1517767a70a0>,44,13,[10  1],45,270,283,225,262
1,<environment.Job instance at 0x151770202f00>,45,19,[1 5],46,283,302,237,275
1,<environment.Job instance at 0x15177702daa0>,49,15,[2 9],50,302,317,252,298
1,<environment.Job instance at 0x15177702d6e0>,48,14,[9 2],49,343,357,294,343
1,<environment.Job instance at 0x15173774a0f0>,56,1,[2 6],57,361,362,304,361
1,<environment.Job instance at 0x15173774ad70>,58,3,[2 7],59,362,365,303,361
1,<environment.Job instance at 0x151776758a00>,72,20,[1 9],73,465,485,392,465
1,<environment.Job instance at 0x151776758050>,74,13,[8 2],75,488,501,413,488
1,<environment.Job instance at 0x151776758690>,85,20,[8 1],86,625,645,539,625
1,<environment.Job instance at 0x151737369140>,90,16,[10  1],91,673,689,582,673
1,<environment.Job instance at 0x151737369f50>,91,2,[ 1 10],92,689,691,597,675
1,<environment.Job instance at 0x15177703e050>,123,2,[1 9],124,1061,1063,937,1061
1,<environment.Job instance at 0x151776758dc0>,5,26,[2 8],6,8,34,2,8
1,<environment.Job instance at 0x1517766d66e0>,7,23,[1 7],8,34,57,26,32
1,<environment.Job instance at 0x1517766d6a50>,13,23,[5 1],14,49,72,35,49
1,<environment.Job instance at 0x1517766d6af0>,14,13,[1 9],15,57,70,42,52
1,<environment.Job instance at 0x1517766d6b90>,15,15,[9 2],16,72,87,56,69
1,<environment.Job instance at 0x1517766d6f00>,19,27,[1 9],20,100,127,80,100
1,<environment.Job instance at 0x1517766d6d70>,21,3,[ 2 10],22,127,130,105,102
1,<environment.Job instance at 0x1517766c9140>,23,13,[9 1],24,130,143,106,118
1,<environment.Job instance at 0x1517766c9410>,28,23,[8 1],29,143,166,114,141
1,<environment.Job instance at 0x1517766c92d0>,26,23,[2 8],27,143,166,116,143
1,<environment.Job instance at 0x1517766d6eb0>,22,19,[2 5],23,166,185,143,158
1,<environment.Job instance at 0x1517766c9a50>,34,15,[5 1],35,166,181,131,158
1,<environment.Job instance at 0x1517766ea1e0>,49,3,[6 2],50,343,346,293,343
1,<environment.Job instance at 0x1517766ea730>,59,24,[8 2],60,443,467,383,443
1,<environment.Job instance at 0x1517766eaeb0>,64,1,[2 6],65,456,457,391,456
1,<environment.Job instance at 0x1517766eacd0>,61,15,[5 1],62,478,493,416,478
1,<environment.Job instance at 0x1517766e9410>,71,20,[7 2],72,493,513,421,489
1,<environment.Job instance at 0x1517766e9050>,70,23,[9 2],71,513,536,442,512
1,<environment.Job instance at 0x1517766e9320>,77,16,[8 2],78,548,564,470,548
1,<environment.Job instance at 0x1517766e9b90>,81,2,[10  1],82,564,566,482,563
1,<environment.Job instance at 0x1517766e9f50>,87,15,[2 9],88,578,593,490,578
1,<environment.Job instance at 0x1517766fdbe0>,107,2,[7 1],108,798,800,690,798
1,<environment.Job instance at 0x1517766fdf00>,108,26,[7 2],109,809,835,700,809
1,<environment.Job instance at 0x1517766fd8c0>,109,15,[1 6],110,814,829,704,814
1,<environment.Job instance at 0x1517766fa0a0>,114,14,[2 5],115,832,846,717,832
1,<environment.Job instance at 0x1517766fa870>,118,12,[1 5],119,842,854,723,842
1,<environment.Job instance at 0x1517766fa550>,115,13,[1 9],116,854,867,738,844
1,<environment.Job instance at 0x1517766fa8c0>,120,15,[7 2],121,868,883,747,868
1,<environment.Job instance at 0x1517766faa50>,124,2,[10  2],125,883,885,758,877
1,<environment.Job instance at 0x1517766fa780>,122,15,[1 5],123,887,902,764,887
1,<environment.Job instance at 0x1517766faaa0>,128,19,[7 2],129,890,909,761,890
1,<environment.Job instance at 0x151737584730>,133,3,[1 6],134,964,967,830,964
1,<environment.Job instance at 0x1517766c5cd0>,135,22,[5 2],136,967,989,831,967
1,<environment.Job instance at 0x1517371450f0>,131,13,[1 7],132,970,983,838,970
1,<environment.Job instance at 0x151737599730>,146,18,[ 1 10],147,1146,1164,999,1146
1,<environment.Job instance at 0x151770156fa0>,7,28,[9 2],8,28,56,20,28
1,<environment.Job instance at 0x151770156820>,5,3,[2 7],6,56,59,50,50
1,<environment.Job instance at 0x15177650e230>,14,1,[1 7],15,83,84,68,83
1,<environment.Job instance at 0x15177650e1e0>,18,20,[2 9],19,122,142,103,122
1,<environment.Job instance at 0x15177650e730>,21,3,[ 1 10],22,165,168,143,165
1,<environment.Job instance at 0x15173757fb90>,46,3,[ 1 10],47,366,369,319,366
1,<environment.Job instance at 0x1517702d5050>,54,22,[10  2],55,469,491,414,469
1,<environment.Job instance at 0x1517702d5d70>,56,1,[ 1 10],57,491,492,434,478
1,<environment.Job instance at 0x15177b9a5230>,76,12,[1 8],77,635,647,558,635
1,<environment.Job instance at 0x15177b9a5f00>,79,19,[6 2],80,636,655,556,636
1,<environment.Job instance at 0x1517377b0280>,90,2,[9 2],91,774,776,683,774
1,<environment.Job instance at 0x1517377b0960>,91,22,[1 8],92,781,803,689,781
1,<environment.Job instance at 0x1517373cdf00>,94,3,[2 8],95,803,806,708,790
1,<environment.Job instance at 0x151737529dc0>,105,13,[2 8],106,896,909,790,896
1,<environment.Job instance at 0x151737762370>,109,16,[2 9],110,909,925,799,905
1,<environment.Job instance at 0x151776768320>,119,22,[2 5],120,992,1014,872,992
1,<environment.Job instance at 0x151737759e60>,122,1,[2 6],123,1014,1015,891,1008
1,<environment.Job instance at 0x151770145370>,128,15,[5 1],129,1089,1104,960,1089
1,<environment.Job instance at 0x15173710dcd0>,3,17,[10  1],4,20,37,16,20
1,<environment.Job instance at 0x1517702be8c0>,12,1,[7 2],13,37,38,24,27
1,<environment.Job instance at 0x1517702be320>,10,24,[5 2],11,39,63,28,39
1,<environment.Job instance at 0x15177cf9a5a0>,16,27,[6 1],17,63,90,46,63
1,<environment.Job instance at 0x15177cf9afa0>,20,19,[1 6],21,89,108,68,89
1,<environment.Job instance at 0x15177cf9ab90>,21,3,[2 6],22,108,111,86,90
1,<environment.Job instance at 0x1517377f8410>,23,1,[8 2],24,107,108,83,107
1,<environment.Job instance at 0x1517377f8c80>,24,15,[2 6],25,117,132,92,117
1,<environment.Job instance at 0x1517377f8640>,29,1,[10  1],30,159,160,129,159
1,<environment.Job instance at 0x151774b54f50>,36,23,[1 6],37,214,237,177,214
1,<environment.Job instance at 0x151774b54fa0>,41,22,[6 1],42,244,266,202,244
1,<environment.Job instance at 0x151774b54aa0>,45,20,[6 2],46,272,292,226,272
1,<environment.Job instance at 0x151774b54a50>,48,21,[6 2],49,344,365,295,344
1,<environment.Job instance at 0x151774b14af0>,68,25,[2 8],69,511,536,442,511
1,<environment.Job instance at 0x151736fbe820>,74,21,[5 2],75,538,559,463,538
1,<environment.Job instance at 0x151774b46370>,79,15,[2 6],80,578,593,498,578
1,<environment.Job instance at 0x151774bd20a0>,84,2,[10  2],85,612,614,527,612
1,<environment.Job instance at 0x151776647dc0>,91,3,[ 2 10],92,724,727,632,724
1,<environment.Job instance at 0x15177ba77fa0>,97,1,[7 1],98,789,790,691,789
1,<environment.Job instance at 0x15177ba77e60>,98,3,[ 2 10],99,791,794,692,791
1,<environment.Job instance at 0x151776689d70>,99,19,[ 1 10],100,799,818,699,799
1,<environment.Job instance at 0x15177008a640>,101,2,[8 1],102,819,821,717,819
1,<environment.Job instance at 0x15177019c410>,113,2,[1 6],114,996,998,882,996
1,<environment.Job instance at 0x15177019c780>,115,24,[1 5],116,1014,1038,898,1014
1,<environment.Job instance at 0x15177012a4b0>,122,15,[10  2],123,1077,1092,954,1077
1,<environment.Job instance at 0x151779320140>,133,1,[7 1],134,1231,1232,1097,1231
1,<environment.Job instance at 0x151779320d20>,134,2,[1 8],135,1232,1234,1097,1232
1,<environment.Job instance at 0x151737673640>,145,26,[9 2],146,1359,1385,1213,1359
1,<environment.Job instance at 0x151737290410>,6,1,[2 7],7,36,37,29,36
1,<environment.Job instance at 0x1517767622d0>,9,13,[5 2],10,50,63,40,50
1,<environment.Job instance at 0x15173756d1e0>,19,2,[6 2],20,135,137,115,135
1,<environment.Job instance at 0x151774bbdaf0>,23,1,[7 1],24,145,146,121,145
1,<environment.Job instance at 0x151774bbddc0>,24,24,[1 5],25,147,171,122,147
1,<environment.Job instance at 0x151774bbd280>,25,14,[1 7],26,171,185,145,170
1,<environment.Job instance at 0x151774bbd0a0>,27,18,[5 1],28,170,188,142,170
1,<environment.Job instance at 0x15177b032b90>,30,1,[9 2],31,188,189,157,184
1,<environment.Job instance at 0x1517377637d0>,34,2,[5 2],35,246,248,211,246
1,<environment.Job instance at 0x151737763d20>,37,23,[1 7],38,256,279,218,256
1,<environment.Job instance at 0x15177b95b5f0>,41,13,[2 6],42,293,306,251,293
1,<environment.Job instance at 0x151770156690>,52,2,[5 1],53,351,353,298,351
1,<environment.Job instance at 0x15173757f8c0>,53,18,[7 1],54,354,372,300,354
1,<environment.Job instance at 0x15173757fa00>,58,20,[2 7],59,386,406,327,386
1,<environment.Job instance at 0x15173757ffa0>,61,28,[5 1],62,393,421,331,393
1,<environment.Job instance at 0x1517774a50f0>,64,22,[1 8],65,430,452,365,430
1,<environment.Job instance at 0x1517375876e0>,70,28,[2 5],71,518,546,447,518
1,<environment.Job instance at 0x1517702d5af0>,72,13,[7 1],73,549,562,476,549
1,<environment.Job instance at 0x1517375296e0>,75,22,[2 9],76,581,603,505,581
1,<environment.Job instance at 0x1517766c24b0>,77,20,[1 8],78,603,623,525,603
1,<environment.Job instance at 0x1517766e7410>,80,15,[10  2],81,637,652,556,637
1,<environment.Job instance at 0x1517764c66e0>,89,15,[6 2],90,701,716,611,701
1,<environment.Job instance at 0x1517764c6fa0>,91,22,[2 5],92,709,731,617,709
1,<environment.Job instance at 0x1517765175a0>,106,2,[10  2],107,892,894,785,892
1,<environment.Job instance at 0x1517372548c0>,111,17,[ 2 10],112,933,950,821,933
1,<environment.Job instance at 0x1517377f86e0>,129,3,[2 6],130,1094,1097,964,1094
1,<environment.Job instance at 0x1517372bee60>,131,21,[2 7],132,1097,1118,965,1095
1,<environment.Job instance at 0x1517372be6e0>,132,27,[6 1],133,1116,1143,983,1116
1,<environment.Job instance at 0x1517372be0f0>,138,14,[5 1],139,1156,1170,1017,1156
1,<environment.Job instance at 0x1517372be140>,144,22,[1 9],145,1240,1262,1095,1240
1,<environment.Job instance at 0x1517372be050>,4,3,[9 1],5,5,8,0,5
1,<environment.Job instance at 0x151737644e60>,5,14,[5 2],6,8,22,2,6
1,<environment.Job instance at 0x15173765c0f0>,9,26,[1 6],10,19,45,9,19
1,<environment.Job instance at 0x15173765c5f0>,14,19,[6 2],15,29,48,14,29
1,<environment.Job instance at 0x15173765c4b0>,11,3,[5 2],12,48,51,36,34
1,<environment.Job instance at 0x15173765ca00>,20,3,[8 2],21,76,79,55,76
1,<environment.Job instance at 0x15173765c8c0>,18,25,[5 1],19,79,104,60,78
1,<environment.Job instance at 0x15173765c960>,21,16,[1 9],22,120,136,98,120
1,<environment.Job instance at 0x151737665e60>,47,23,[8 1],48,312,335,264,312
1,<environment.Job instance at 0x15173764e140>,51,12,[1 7],52,354,366,302,354
1,<environment.Job instance at 0x1517701706e0>,57,12,[1 9],58,404,416,346,404
1,<environment.Job instance at 0x1517376783c0>,67,23,[6 1],68,500,523,432,500
1,<environment.Job instance at 0x151737678be0>,68,2,[1 7],69,500,502,431,500
1,<environment.Job instance at 0x1517376bae60>,72,14,[ 2 10],73,529,543,456,529
1,<environment.Job instance at 0x15177022f870>,76,1,[10  1],77,571,572,494,571
1,<environment.Job instance at 0x15173746a9b0>,77,3,[1 7],78,593,596,515,593
1,<environment.Job instance at 0x151776d806e0>,80,15,[5 1],81,598,613,517,598
1,<environment.Job instance at 0x1517374668c0>,91,17,[7 1],92,717,734,625,717
1,<environment.Job instance at 0x1517374579b0>,107,20,[ 2 10],108,927,947,819,927
1,<environment.Job instance at 0x151737449b90>,126,22,[1 6],127,1115,1137,988,1115
1,<environment.Job instance at 0x151737449730>,128,16,[8 2],129,1129,1145,1000,1129
1,<environment.Job instance at 0x151737449910>,134,1,[10  1],135,1168,1169,1033,1168
1,<environment.Job instance at 0x151737666cd0>,137,14,[5 1],138,1258,1272,1120,1258
1,<environment.Job instance at 0x151737411640>,5,13,[2 5],6,11,24,5,11
1,<environment.Job instance at 0x151737411a50>,8,23,[10  2],9,24,47,15,19
1,<environment.Job instance at 0x151737411460>,11,25,[5 2],12,48,73,36,48
1,<environment.Job instance at 0x151737411320>,17,12,[9 2],18,96,108,78,96
1,<environment.Job instance at 0x151737411cd0>,19,15,[ 1 10],20,108,123,88,104
1,<environment.Job instance at 0x151737411d20>,21,25,[6 2],22,123,148,101,120
1,<environment.Job instance at 0x15173744e140>,29,18,[10  2],30,177,195,147,177
1,<environment.Job instance at 0x15173744e460>,31,1,[ 2 10],32,195,196,163,177
1,<environment.Job instance at 0x15173744e730>,39,13,[7 2],40,248,261,208,248
1,<environment.Job instance at 0x151737430500>,48,18,[2 6],49,338,356,289,338
1,<environment.Job instance at 0x151737430aa0>,49,14,[1 5],50,356,370,306,354
1,<environment.Job instance at 0x151737430f00>,58,3,[7 1],59,415,418,356,415
1,<environment.Job instance at 0x1517374305f0>,59,2,[5 2],60,418,420,358,415
1,<environment.Job instance at 0x151737666640>,64,3,[8 2],65,445,448,380,445
1,<environment.Job instance at 0x15173746a410>,72,25,[1 7],73,509,534,436,509
1,<environment.Job instance at 0x15173741c370>,87,21,[ 1 10],88,664,685,576,664
1,<environment.Job instance at 0x15173741cbe0>,89,20,[7 1],90,685,705,595,679
1,<environment.Job instance at 0x15173741ce10>,92,23,[1 6],93,693,716,600,693
1,<environment.Job instance at 0x15173741c0f0>,95,1,[6 2],96,705,706,609,696
1,<environment.Job instance at 0x15173764fbe0>,104,1,[1 5],105,765,766,660,765
1,<environment.Job instance at 0x1517374533c0>,123,2,[8 1],124,969,971,845,969
1,<environment.Job instance at 0x151770249fa0>,131,18,[10  2],132,1045,1063,913,1045
1,<environment.Job instance at 0x151770249050>,132,20,[2 6],133,1063,1083,930,1059
1,<environment.Job instance at 0x151770249c80>,134,2,[1 8],135,1083,1085,948,1060
1,<environment.Job instance at 0x1517702496e0>,133,23,[6 1],134,1077,1100,943,1077
1,<environment.Job instance at 0x151777007050>,3,3,[2 8],4,5,8,1,5
1,<environment.Job instance at 0x1517770072d0>,4,16,[5 2],5,17,33,12,17
1,<environment.Job instance at 0x1517770077d0>,8,15,[2 5],9,18,33,9,18
1,<environment.Job instance at 0x1517770076e0>,11,13,[7 1],12,33,46,21,32
1,<environment.Job instance at 0x15177ba4d4b0>,13,25,[6 1],14,46,71,32,46
1,<environment.Job instance at 0x15177ba4da50>,18,19,[2 9],19,59,78,40,59
1,<environment.Job instance at 0x15177ba4d7d0>,28,15,[1 9],29,134,149,105,134
1,<environment.Job instance at 0x151736f0a190>,37,1,[2 5],38,211,212,173,211
1,<environment.Job instance at 0x151736f0a3c0>,40,23,[2 6],41,263,286,222,263
1,<environment.Job instance at 0x15177701d410>,46,26,[2 9],47,336,362,289,336
1,<environment.Job instance at 0x15177701d500>,50,19,[1 8],51,362,381,311,360
1,<environment.Job instance at 0x151737265910>,54,16,[1 7],55,387,403,332,387
1,<environment.Job instance at 0x151737265eb0>,55,14,[8 1],56,394,408,338,394
1,<environment.Job instance at 0x151737265d20>,57,21,[5 2],58,408,429,350,408
1,<environment.Job instance at 0x1517372650a0>,59,13,[2 5],60,424,437,364,424
1,<environment.Job instance at 0x151737265be0>,62,1,[2 9],63,437,438,374,431
1,<environment.Job instance at 0x1517376ba6e0>,74,3,[10  2],75,552,555,477,552
1,<environment.Job instance at 0x151737035190>,81,15,[7 1],82,601,616,519,601
1,<environment.Job instance at 0x151776c12c80>,96,20,[8 1],97,796,816,699,796
1,<environment.Job instance at 0x151776c12690>,100,15,[2 8],101,806,821,705,806
1,<environment.Job instance at 0x15177b9d6910>,101,17,[1 6],102,868,885,766,868
1,<environment.Job instance at 0x151737740780>,115,3,[1 6],116,901,904,785,901
1,<environment.Job instance at 0x151737740320>,116,26,[2 5],117,914,940,797,914
1,<environment.Job instance at 0x15177ba42730>,3,16,[5 2],4,4,20,0,4
1,<environment.Job instance at 0x151774b459b0>,6,12,[6 1],7,20,32,13,9
1,<environment.Job instance at 0x1517766ebe10>,5,27,[1 8],6,26,53,20,26
1,<environment.Job instance at 0x151776706d20>,7,25,[ 1 10],8,125,150,117,125
1,<environment.Job instance at 0x15177b082aa0>,23,20,[1 8],24,150,170,126,141
1,<environment.Job instance at 0x151776735be0>,26,28,[9 1],27,163,191,136,163
1,<environment.Job instance at 0x151776735fa0>,28,3,[2 5],29,191,194,162,181
1,<environment.Job instance at 0x1517765e0690>,33,17,[5 1],34,251,268,217,251
1,<environment.Job instance at 0x1517765e0a00>,35,22,[7 2],36,300,322,264,300
1,<environment.Job instance at 0x15177b081410>,41,26,[1 7],42,333,359,291,333
1,<environment.Job instance at 0x1517765e67d0>,45,24,[1 9],46,359,383,313,359
1,<environment.Job instance at 0x1517765db230>,50,1,[5 1],51,364,365,313,364
1,<environment.Job instance at 0x1517765dbfa0>,52,26,[5 2],53,383,409,330,383
1,<environment.Job instance at 0x1517765dbc30>,53,19,[2 5],54,384,403,330,384
1,<environment.Job instance at 0x15177b07a410>,55,1,[1 7],56,403,404,347,387
1,<environment.Job instance at 0x1517765dd0f0>,58,20,[8 2],59,413,433,354,413
1,<environment.Job instance at 0x1517765dd410>,65,1,[ 1 10],66,486,487,420,486
1,<environment.Job instance at 0x1517765dd640>,66,22,[5 2],67,487,509,420,487
1,<environment.Job instance at 0x1517765dd460>,69,3,[2 6],70,515,518,445,515
1,<environment.Job instance at 0x1517765f6690>,70,24,[6 2],71,515,539,444,515
1,<environment.Job instance at 0x1517765f6aa0>,71,14,[5 1],72,539,553,467,525
1,<environment.Job instance at 0x1517701e45f0>,72,20,[1 6],73,527,547,454,527
1,<environment.Job instance at 0x1517701e46e0>,73,13,[1 5],74,547,560,473,532
1,<environment.Job instance at 0x1517701e4730>,78,2,[9 1],79,574,576,495,574
1,<environment.Job instance at 0x1517701e4690>,79,2,[9 1],80,579,581,499,579
1,<environment.Job instance at 0x1517701e4be0>,81,15,[1 7],82,585,600,503,585
1,<environment.Job instance at 0x1517701e4d70>,84,13,[2 7],85,600,613,515,599
1,<environment.Job instance at 0x1517701e4e10>,87,26,[7 1],88,618,644,530,618
1,<environment.Job instance at 0x1517701e32d0>,92,3,[1 5],93,630,633,537,630
1,<environment.Job instance at 0x1517701e3af0>,104,1,[1 9],105,748,749,643,748
1,<environment.Job instance at 0x1517701d4370>,114,27,[2 5],115,831,858,716,831
1,<environment.Job instance at 0x1517701d4410>,115,13,[10  2],116,858,871,742,851
1,<environment.Job instance at 0x1517701d4910>,127,16,[10  1],128,958,974,830,958
1,<environment.Job instance at 0x1517701d4b90>,128,2,[2 8],129,974,976,845,964
1,<environment.Job instance at 0x1517701ea730>,141,12,[1 8],142,1104,1116,962,1104
1,<environment.Job instance at 0x1517701ea9b0>,5,3,[2 8],6,7,10,1,7
1,<environment.Job instance at 0x1517701d8870>,2,1,[ 1 10],3,10,11,7,7
1,<environment.Job instance at 0x151736fbeaa0>,8,17,[10  2],9,11,28,2,11
1,<environment.Job instance at 0x151736fbea50>,9,3,[ 2 10],10,28,31,18,17
1,<environment.Job instance at 0x151736fbe280>,11,19,[9 2],12,35,54,23,35
1,<environment.Job instance at 0x151736fbe4b0>,6,16,[2 7],7,54,70,47,47
1,<environment.Job instance at 0x151737716a00>,24,13,[9 1],25,93,106,68,93
1,<environment.Job instance at 0x151737716050>,25,2,[1 7],26,103,105,77,103
1,<environment.Job instance at 0x151737716a50>,30,14,[2 8],31,150,164,119,150
1,<environment.Job instance at 0x151737716d70>,31,2,[7 2],32,153,155,121,153
1,<environment.Job instance at 0x151737716370>,33,22,[7 2],34,158,180,124,158
1,<environment.Job instance at 0x151736fc6be0>,36,21,[2 9],37,180,201,143,179
1,<environment.Job instance at 0x151736fc65a0>,46,2,[10  1],47,289,291,242,289
1,<environment.Job instance at 0x151736ff76e0>,66,1,[5 1],67,474,475,407,474
1,<environment.Job instance at 0x151774b45cd0>,76,14,[1 8],77,605,619,528,605
1,<environment.Job instance at 0x151774b45050>,81,17,[ 2 10],82,631,648,549,631
1,<environment.Job instance at 0x151774b42c30>,106,3,[1 5],107,955,958,848,955
1,<environment.Job instance at 0x151774b42500>,107,1,[1 8],108,958,959,850,955
1,<environment.Job instance at 0x151776cb6870>,118,22,[10  1],119,1078,1100,959,1078
1,<environment.Job instance at 0x15177b0581e0>,136,2,[8 1],137,1327,1329,1190,1327
1,<environment.Job instance at 0x15177b058410>,139,22,[10  2],140,1347,1369,1207,1347
1,<environment.Job instance at 0x15177b058cd0>,141,2,[7 2],142,1369,1371,1227,1358
1,<environment.Job instance at 0x15177b058320>,140,1,[2 9],141,1376,1377,1235,1376
1,<environment.Job instance at 0x1517746aef00>,7,27,[8 1],8,9,36,1,9
1,<environment.Job instance at 0x1517746aefa0>,8,19,[1 7],9,10,29,1,10
1,<environment.Job instance at 0x1517746ae460>,5,20,[2 6],6,31,51,25,31
1,<environment.Job instance at 0x1517746c1140>,19,1,[5 1],20,89,90,69,89
1,<environment.Job instance at 0x1517746915a0>,23,15,[5 2],24,144,159,120,144
1,<environment.Job instance at 0x151776661c80>,26,13,[7 1],27,159,172,132,158
1,<environment.Job instance at 0x1517375a1550>,35,16,[8 1],36,302,318,266,302
1,<environment.Job instance at 0x151770120550>,36,19,[8 2],37,318,337,281,311
1,<environment.Job instance at 0x151776659c30>,39,23,[2 7],40,333,356,293,333
1,<environment.Job instance at 0x151776659f00>,40,12,[8 1],41,337,349,296,335
1,<environment.Job instance at 0x1517746aa5a0>,43,2,[9 1],44,388,390,344,388
1,<environment.Job instance at 0x151774684870>,47,28,[9 2],48,397,425,349,397
1,<environment.Job instance at 0x151774684690>,48,14,[2 5],49,425,439,376,415
1,<environment.Job instance at 0x151774684a50>,53,18,[10  1],54,454,472,400,454
1,<environment.Job instance at 0x151776671a50>,54,1,[1 7],55,472,473,417,469
1,<environment.Job instance at 0x151776667320>,63,12,[7 2],64,562,574,498,562
1,<environment.Job instance at 0x151776667d70>,64,1,[8 1],65,574,575,509,563
1,<environment.Job instance at 0x151776667550>,65,22,[6 1],66,575,597,509,569
1,<environment.Job instance at 0x151776667730>,67,3,[9 1],68,597,600,529,579
1,<environment.Job instance at 0x1517766672d0>,66,21,[10  1],67,600,621,533,596
1,<environment.Job instance at 0x151776667a00>,71,12,[2 8],72,621,633,549,604
1,<environment.Job instance at 0x151776678e10>,86,1,[8 2],87,678,679,591,678
1,<environment.Job instance at 0x151776678dc0>,87,21,[1 8],88,684,705,596,684
1,<environment.Job instance at 0x151776678be0>,90,13,[9 1],91,691,704,600,691
1,<environment.Job instance at 0x1517766c42d0>,92,19,[9 2],93,704,723,611,701
1,<environment.Job instance at 0x1517766c4500>,96,24,[9 1],97,723,747,626,722
1,<environment.Job instance at 0x1517766c45a0>,98,19,[2 5],99,747,766,648,745
1,<environment.Job instance at 0x1517766c43c0>,99,1,[2 7],100,766,767,666,747
1,<environment.Job instance at 0x1517766c4870>,103,23,[6 2],104,769,792,665,769
1,<environment.Job instance at 0x1517766c4a50>,106,17,[10  2],107,820,837,713,820
1,<environment.Job instance at 0x1517766c4d70>,111,19,[2 6],112,853,872,741,853
1,<environment.Job instance at 0x1517766b0190>,116,19,[1 7],117,894,913,777,894
1,<environment.Job instance at 0x1517766b0050>,120,25,[2 5],121,943,968,822,943
1,<environment.Job instance at 0x1517766b0c30>,131,22,[ 1 10],132,1045,1067,913,1045
1,<environment.Job instance at 0x1517766c3140>,140,14,[7 1],141,1125,1139,984,1125
1,<environment.Job instance at 0x1517774d1280>,6,18,[1 5],7,7,25,0,7
1,<environment.Job instance at 0x15177a9a7e60>,2,25,[5 1],3,10,35,7,10
1,<environment.Job instance at 0x151736fdde60>,20,23,[2 9],21,176,199,155,176
1,<environment.Job instance at 0x151736fdd820>,21,2,[1 6],22,199,201,177,177
1,<environment.Job instance at 0x151736fdd500>,19,2,[1 9],20,201,203,181,177
1,<environment.Job instance at 0x151736fddf50>,24,1,[5 2],25,199,200,174,197
1,<environment.Job instance at 0x151736fdd870>,26,3,[6 1],27,200,203,173,197
1,<environment.Job instance at 0x151736fddd70>,27,14,[6 2],28,204,218,176,204
1,<environment.Job instance at 0x15177ba49910>,36,19,[6 1],37,306,325,269,306
1,<environment.Job instance at 0x15177ba49460>,48,18,[5 1],49,384,402,335,384
1,<environment.Job instance at 0x15177b031f00>,57,24,[2 6],58,477,501,419,477
1,<environment.Job instance at 0x15177b031280>,60,19,[ 2 10],61,501,520,440,499
1,<environment.Job instance at 0x15177b031af0>,66,22,[6 1],67,557,579,490,557
1,<environment.Job instance at 0x1517702752d0>,75,2,[2 5],76,586,588,510,586
1,<environment.Job instance at 0x15177d369a50>,82,3,[2 7],83,638,641,555,638
1,<environment.Job instance at 0x15177d3693c0>,92,15,[8 2],93,746,761,653,746
1,<environment.Job instance at 0x15177d3697d0>,93,3,[1 9],94,769,772,675,769
1,<environment.Job instance at 0x1517701ed140>,102,15,[2 6],103,825,840,722,825
1,<environment.Job instance at 0x1517701ed3c0>,106,2,[9 1],107,850,852,743,850
1,<environment.Job instance at 0x1517701edd70>,108,13,[5 2],109,852,865,743,851
1,<environment.Job instance at 0x1517701964b0>,122,2,[8 2],123,973,975,850,973
1,<environment.Job instance at 0x151770196500>,123,2,[9 1],124,975,977,851,975
1,<environment.Job instance at 0x151770196460>,126,25,[6 2],127,1001,1026,874,1001
1,<environment.Job instance at 0x1517701962d0>,134,2,[6 2],135,1088,1090,953,1088
1,<environment.Job instance at 0x14a09eadf870>,4,24,[6 1],5,5,29,0,5
1,<environment.Job instance at 0x14a0a7e9caf0>,7,1,[7 2],8,29,30,21,11
1,<environment.Job instance at 0x14a09eadfaa0>,8,2,[2 5],9,16,18,7,16
1,<environment.Job instance at 0x14a09eadfb40>,9,2,[8 1],10,30,32,20,17
1,<environment.Job instance at 0x14a09eadfbe0>,11,14,[10  2],12,32,46,20,18
1,<environment.Job instance at 0x14a09eae1460>,23,3,[7 2],24,120,123,96,120
1,<environment.Job instance at 0x14a09eae16e0>,26,20,[2 8],27,140,160,113,140
1,<environment.Job instance at 0x14a09eae1b90>,28,20,[1 9],29,160,180,131,151
1,<environment.Job instance at 0x14a09eae1d70>,32,2,[2 9],33,180,182,147,156
1,<environment.Job instance at 0x14a09eae1b40>,31,23,[5 1],32,156,179,124,156
1,<environment.Job instance at 0x14a09eae3140>,40,19,[1 7],41,199,218,158,199
1,<environment.Job instance at 0x14a09eae3460>,44,13,[ 2 10],45,218,231,173,217
1,<environment.Job instance at 0x14a09eae3d70>,54,22,[9 1],55,281,303,226,281
1,<environment.Job instance at 0x14a09eae6d70>,75,15,[2 6],76,517,532,441,517
1,<environment.Job instance at 0x14a09eae6f50>,78,3,[ 2 10],79,532,535,453,525
1,<environment.Job instance at 0x14a09eae6aa0>,80,2,[1 5],81,540,542,459,540
1,<environment.Job instance at 0x14a09eae90a0>,84,14,[7 1],85,554,568,469,554
1,<environment.Job instance at 0x14a09eaec370>,108,18,[6 2],109,779,797,670,779
1,<environment.Job instance at 0x14a09eaec4b0>,110,2,[ 2 10],111,797,799,686,785
1,<environment.Job instance at 0x14a09eaec5f0>,112,3,[2 8],113,822,825,709,822
1,<environment.Job instance at 0x14a09eaece60>,126,13,[9 1],127,935,948,808,935
1,<environment.Job instance at 0x14a09ead7140>,139,3,[1 7],140,1111,1114,971,1111
1,<environment.Job instance at 0x14a09ef32dc0>,148,2,[8 2],149,1231,1233,1082,1231
1,<environment.Job instance at 0x14a09efd8c30>,150,25,[5 2],153,1235,1260,1082,1235
1,<environment.Job instance at 0x14a09ef32b90>,151,28,[7 2],154,1268,1296,1114,1268
1,<environment.Job instance at 0x14a09efcca00>,154,2,[2 5],158,1276,1278,1118,1276
1,<environment.Job instance at 0x14a0a0aa45f0>,2,1,[6 2],3,19,20,16,19
1,<environment.Job instance at 0x14a0a0a9c2d0>,8,24,[10  2],9,22,46,13,22
1,<environment.Job instance at 0x14a0a0c335f0>,23,2,[7 1],24,187,189,163,187
1,<environment.Job instance at 0x14a0a5db15f0>,29,14,[1 6],30,251,265,221,251
1,<environment.Job instance at 0x14a0a116b550>,40,17,[1 7],41,351,368,310,351
1,<environment.Job instance at 0x14a0a10f7370>,51,26,[7 2],52,423,449,371,423
1,<environment.Job instance at 0x14a0a10f7960>,55,20,[1 5],56,449,469,393,449
1,<environment.Job instance at 0x14a0a11c6f00>,60,28,[7 1],61,462,490,401,462
1,<environment.Job instance at 0x14a0a11581e0>,62,20,[7 2],63,490,510,427,487
1,<environment.Job instance at 0x14a0a10e4b40>,67,3,[2 5],68,515,518,447,515
1,<environment.Job instance at 0x14a0a10e4320>,69,18,[ 1 10],70,518,536,448,516
1,<environment.Job instance at 0x14a0a10e44b0>,71,2,[1 7],72,550,552,478,550
1,<environment.Job instance at 0x14a0a1179b40>,86,21,[1 7],87,690,711,603,690
1,<environment.Job instance at 0x14a0a0b6e2d0>,99,12,[1 9],100,846,858,746,846
1,<environment.Job instance at 0x14a0a1159960>,103,2,[8 1],104,862,864,758,862
1,<environment.Job instance at 0x14a0a14525f0>,110,2,[1 9],111,916,918,805,916
1,<environment.Job instance at 0x14a0a0c10050>,119,19,[2 9],120,990,1009,870,990
1,<environment.Job instance at 0x14a0a09699b0>,139,26,[5 1],150,1166,1192,1016,1166
1,<environment.Job instance at 0x14a0a5dc9c30>,0,20,[7 1],1,1,21,0,1
1,<environment.Job instance at 0x14a07d554aa0>,11,3,[7 1],12,33,36,21,33
1,<environment.Job instance at 0x14a07d554910>,8,23,[6 1],9,38,61,29,38
1,<environment.Job instance at 0x14a07d554d20>,14,2,[2 6],15,46,48,31,46
1,<environment.Job instance at 0x14a07d554e60>,16,3,[7 1],17,70,73,53,70
1,<environment.Job instance at 0x14a07d554eb0>,18,17,[2 8],19,96,113,77,96
1,<environment.Job instance at 0x14a07d5565f0>,27,28,[2 5],28,172,200,144,172
1,<environment.Job instance at 0x14a07d556910>,32,18,[2 8],33,205,223,172,205
1,<environment.Job instance at 0x14a07d556a50>,33,12,[2 5],34,223,235,189,208
1,<environment.Job instance at 0x14a07d556af0>,36,20,[1 7],37,235,255,198,228
1,<environment.Job instance at 0x14a07d556f50>,43,3,[1 6],44,255,258,211,254
1,<environment.Job instance at 0x14a07d558230>,45,15,[5 2],46,271,286,225,271
1,<environment.Job instance at 0x14a07d55e640>,96,21,[2 7],97,862,883,765,862
1,<environment.Job instance at 0x14a07d55eb40>,104,27,[6 1],105,917,944,812,917
1,<environment.Job instance at 0x14a07d55ec80>,106,22,[1 7],107,923,945,816,923
1,<environment.Job instance at 0x14a07d55ee10>,107,2,[ 2 10],108,945,947,837,941
1,<environment.Job instance at 0x14a07d560be0>,129,14,[7 1],130,1193,1207,1063,1193
1,<environment.Job instance at 0x14a07d54a320>,134,3,[9 1],135,1240,1243,1105,1240
1,<environment.Job instance at 0x14a07d54a370>,143,2,[7 1],144,1322,1324,1178,1322
1,<environment.Job instance at 0x14a07daa8550>,8,22,[5 2],9,23,45,14,23
1,<environment.Job instance at 0x14a07daa8c80>,13,17,[7 2],14,64,81,50,64
1,<environment.Job instance at 0x14a07daa8fa0>,16,16,[2 5],17,66,82,49,66
1,<environment.Job instance at 0x14a07daa2d70>,20,12,[1 5],21,87,99,66,87
1,<environment.Job instance at 0x14a07da9d780>,34,12,[1 6],35,243,255,208,243
1,<environment.Job instance at 0x14a07da9d500>,39,3,[ 2 10],40,320,323,280,320
1,<environment.Job instance at 0x14a07da9a370>,47,3,[9 1],48,359,362,311,359
1,<environment.Job instance at 0x14a07da9a0a0>,52,3,[ 1 10],53,389,392,336,389
1,<environment.Job instance at 0x14a07da9adc0>,51,1,[9 2],52,392,393,340,392
1,<environment.Job instance at 0x14a07da9ac80>,53,15,[6 1],54,394,409,340,394
1,<environment.Job instance at 0x14a07da9ad20>,55,3,[1 9],56,399,402,343,399
1,<environment.Job instance at 0x14a07da9afa0>,56,2,[7 1],57,427,429,370,427
1,<environment.Job instance at 0x14a0a143c230>,63,14,[ 2 10],64,488,502,424,488
1,<environment.Job instance at 0x14a07daa0aa0>,71,2,[5 1],72,534,536,462,534
1,<environment.Job instance at 0x14a07daa0f00>,72,3,[8 1],73,540,543,467,540
1,<environment.Job instance at 0x14a07db28a00>,78,3,[1 5],79,586,589,507,586
1,<environment.Job instance at 0x14a07da33780>,82,3,[10  2],83,624,627,541,624
1,<environment.Job instance at 0x14a07da33d20>,90,1,[9 2],91,707,708,616,707
1,<environment.Job instance at 0x14a09c1a3550>,95,21,[2 5],96,759,780,663,759
1,<environment.Job instance at 0x14a09eae1a00>,101,16,[1 7],102,799,815,697,799
1,<environment.Job instance at 0x14a0a5e32320>,105,12,[2 6],106,826,838,720,826
1,<environment.Job instance at 0x14a0a543ed20>,110,1,[1 7],111,840,841,729,840
1,<environment.Job instance at 0x14a0a54e5780>,8,2,[2 5],9,21,23,12,21
1,<environment.Job instance at 0x14a0a54e50a0>,9,13,[8 2],10,31,44,21,31
1,<environment.Job instance at 0x14a0a54e58c0>,14,1,[2 5],15,101,102,86,101
1,<environment.Job instance at 0x14a0a54e5140>,17,18,[8 1],18,102,120,84,102
1,<environment.Job instance at 0x14a09ef60780>,22,14,[2 7],23,161,175,138,161
1,<environment.Job instance at 0x14a09ef60fa0>,24,19,[8 2],25,162,181,137,162
1,<environment.Job instance at 0x14a09ef60640>,28,3,[ 2 10],29,236,239,207,236
1,<environment.Job instance at 0x14a09ef60730>,30,3,[2 8],31,239,242,208,237
1,<environment.Job instance at 0x14a0a779a690>,40,18,[8 1],41,381,399,340,381
1,<environment.Job instance at 0x14a0a779a410>,41,18,[8 2],42,399,417,357,397
1,<environment.Job instance at 0x14a0a0b73690>,53,2,[2 9],54,478,480,424,478
1,<environment.Job instance at 0x14a0a0b738c0>,59,3,[1 5],60,521,524,461,521
1,<environment.Job instance at 0x14a0a0b73320>,61,13,[1 8],62,547,560,485,547
1,<environment.Job instance at 0x14a0a6cf4f00>,65,14,[1 8],66,587,601,521,587
1,<environment.Job instance at 0x14a09efaec80>,81,1,[5 2],82,759,760,677,759
1,<environment.Job instance at 0x14a07db84a50>,84,14,[7 1],85,790,804,705,790
1,<environment.Job instance at 0x14a0a0a7db90>,104,12,[1 7],105,1069,1081,964,1069
1,<environment.Job instance at 0x14a0a0a7d410>,105,2,[1 8],106,1081,1083,975,1069
1,<environment.Job instance at 0x14a0a0a7d640>,111,3,[6 1],112,1161,1164,1049,1161
1,<environment.Job instance at 0x14a0a0a7d5f0>,115,3,[5 1],116,1218,1221,1102,1218
1,<environment.Job instance at 0x14a0a6d2daa0>,123,20,[1 6],124,1307,1327,1183,1307
1,<environment.Job instance at 0x14a0a5ebaf00>,132,14,[9 2],133,1415,1429,1282,1415
1,<environment.Job instance at 0x14a07d55b320>,3,2,[1 9],4,6,8,2,6
1,<environment.Job instance at 0x14a0a117c320>,5,1,[9 1],6,7,8,1,7
1,<environment.Job instance at 0x14a0a10aef50>,8,13,[1 7],9,12,25,3,12
1,<environment.Job instance at 0x14a0a10ae870>,10,23,[2 5],11,48,71,37,48
1,<environment.Job instance at 0x14a0a00c06e0>,12,20,[7 2],13,53,73,40,53
1,<environment.Job instance at 0x14a0a10ae780>,13,17,[9 1],14,73,90,59,63
1,<environment.Job instance at 0x14a0a00c0cd0>,18,17,[2 8],19,102,119,83,102
1,<environment.Job instance at 0x14a0a00c00f0>,19,13,[5 1],20,102,115,82,102
1,<environment.Job instance at 0x14a0a00c0500>,25,12,[2 8],26,166,178,140,166
1,<environment.Job instance at 0x14a0a11385a0>,29,1,[2 9],30,190,191,160,190
1,<environment.Job instance at 0x14a0a1138410>,30,16,[2 5],31,199,215,168,199
1,<environment.Job instance at 0x14a0a1138a50>,35,3,[7 1],36,220,223,184,220
1,<environment.Job instance at 0x14a0a5d919b0>,38,15,[2 6],39,221,236,182,221
1,<environment.Job instance at 0x14a0a5d91780>,37,1,[1 5],38,236,237,198,226
1,<environment.Job instance at 0x14a0a5d91320>,41,1,[8 1],42,230,231,188,230
1,<environment.Job instance at 0x14a0a5d916e0>,42,3,[1 5],43,249,252,206,249
1,<environment.Job instance at 0x14a0a11831e0>,56,25,[2 5],57,330,355,273,330
1,<environment.Job instance at 0x14a0a1183a00>,59,12,[1 7],60,357,369,297,357
1,<environment.Job instance at 0x14a0a5d91410>,51,3,[5 1],52,360,363,308,360
1,<environment.Job instance at 0x14a0a11838c0>,61,17,[1 5],62,369,386,307,363
1,<environment.Job instance at 0x14a0a1183730>,65,1,[10  1],66,393,394,327,393
1,<environment.Job instance at 0x14a09eacea50>,70,21,[8 2],71,413,434,342,413
1,<environment.Job instance at 0x14a09eaced20>,75,20,[1 9],76,451,471,375,451
1,<environment.Job instance at 0x14a0a547f5a0>,102,18,[1 8],103,732,750,629,732
1,<environment.Job instance at 0x14a0a18f36e0>,108,24,[5 2],109,775,799,666,775
1,<environment.Job instance at 0x14a0a7de3dc0>,109,3,[5 1],110,779,782,669,779
1,<environment.Job instance at 0x14a0a7de3780>,110,18,[6 2],111,799,817,688,796
1,<environment.Job instance at 0x14a0a6d30280>,120,21,[ 1 10],121,858,879,737,858
1,<environment.Job instance at 0x14a0a6d30d20>,121,17,[1 8],122,879,896,757,878
1,<environment.Job instance at 0x14a0a6d301e0>,124,12,[1 8],125,896,908,771,880
1,<environment.Job instance at 0x14a0a6d30730>,125,16,[1 8],126,935,951,809,935
1,<environment.Job instance at 0x14a09f24a7d0>,132,13,[10  1],133,951,964,818,949
1,<environment.Job instance at 0x14a09f24a640>,135,14,[2 9],136,964,978,828,961
1,<environment.Job instance at 0x14a07d599c30>,143,28,[5 2],144,1024,1052,880,1024
1,<environment.Job instance at 0x14a0a00c33c0>,145,1,[9 1],146,1052,1053,906,1032
1,<environment.Job instance at 0x14a0a4df60f0>,2,13,[7 2],3,4,17,1,4
1,<environment.Job instance at 0x14a0a4df60a0>,3,14,[10  2],4,17,31,13,4
1,<environment.Job instance at 0x14a0a54b8320>,9,3,[1 7],10,31,34,21,16
1,<environment.Job instance at 0x14a0a54b81e0>,7,22,[5 1],8,31,53,23,25
1,<environment.Job instance at 0x14a09c024eb0>,13,3,[2 6],14,34,37,20,30
1,<environment.Job instance at 0x14a0a54b8690>,6,26,[1 7],7,43,69,36,43
1,<environment.Job instance at 0x14a07db4f140>,17,19,[7 1],18,53,72,35,45
1,<environment.Job instance at 0x14a07db4f280>,18,3,[5 2],19,72,75,53,46
1,<environment.Job instance at 0x14a07db4f5a0>,21,27,[2 5],22,69,96,47,68
1,<environment.Job instance at 0x14a07db4f640>,24,1,[8 2],25,115,116,90,115
1,<environment.Job instance at 0x14a07db4fa50>,27,18,[ 1 10],28,152,170,124,152
1,<environment.Job instance at 0x14a07db4feb0>,33,1,[6 2],34,248,249,214,248
1,<environment.Job instance at 0x14a07db4ffa0>,35,1,[9 1],36,255,256,219,255
1,<environment.Job instance at 0x14a07db4fe10>,36,24,[5 2],37,266,290,229,266
1,<environment.Job instance at 0x14a07d71a050>,37,2,[ 2 10],38,290,292,252,272
1,<environment.Job instance at 0x14a07d71a410>,40,3,[2 8],41,299,302,258,299
1,<environment.Job instance at 0x14a07d71a550>,42,19,[7 1],43,310,329,267,310
1,<environment.Job instance at 0x14a07d71a640>,44,18,[1 6],45,316,334,271,316
1,<environment.Job instance at 0x14a07d71a5a0>,45,17,[10  1],46,334,351,288,330
1,<environment.Job instance at 0x14a07d71ac30>,50,22,[ 2 10],51,351,373,300,346
1,<environment.Job instance at 0x14a07d72b190>,58,3,[1 8],59,394,397,335,394
1,<environment.Job instance at 0x14a07d72b550>,61,2,[5 1],62,395,397,333,395
1,<environment.Job instance at 0x14a07d72b5f0>,63,1,[1 7],64,423,424,359,423
1,<environment.Job instance at 0x14a07d72b7d0>,66,2,[8 2],67,462,464,395,462
1,<environment.Job instance at 0x14a07d72bb90>,71,13,[1 8],72,486,499,414,486
1,<environment.Job instance at 0x14a07d72b820>,74,3,[2 9],75,536,539,461,536
1,<environment.Job instance at 0x14a07d72bd70>,78,23,[1 9],79,612,635,533,612
1,<environment.Job instance at 0x14a07d71bc30>,97,2,[1 8],98,770,772,672,770
1,<environment.Job instance at 0x14a07d71bd70>,98,16,[2 8],99,776,792,677,776
1,<environment.Job instance at 0x14a07d71be60>,102,23,[7 2],103,802,825,699,802
1,<environment.Job instance at 0x14a09c227dc0>,109,12,[2 6],110,878,890,768,878
1,<environment.Job instance at 0x14a09c3269b0>,117,13,[2 8],118,892,905,774,892
1,<environment.Job instance at 0x14a0a734b050>,122,2,[1 9],123,911,913,788,911
1,<environment.Job instance at 0x14a0a0a80960>,125,19,[1 9],126,938,957,812,938
1,<environment.Job instance at 0x14a09c3262d0>,130,18,[ 2 10],131,963,981,832,963
1,<environment.Job instance at 0x14a0a5451910>,132,1,[5 1],133,981,982,848,964
1,<environment.Job instance at 0x14a0a54518c0>,133,15,[2 9],134,981,996,847,971
1,<environment.Job instance at 0x14a0a0935e10>,142,2,[1 6],143,1036,1038,893,1036
1,<environment.Job instance at 0x14a0a54582d0>,8,26,[6 1],9,33,59,24,33
1,<environment.Job instance at 0x14a07db57f00>,5,13,[2 5],6,36,49,30,36
1,<environment.Job instance at 0x14a0a54583c0>,13,18,[7 1],14,59,77,45,48
1,<environment.Job instance at 0x14a0a5458870>,14,15,[2 7],15,64,79,49,64
1,<environment.Job instance at 0x14a0a54f7e10>,19,21,[1 5],20,86,107,66,86
1,<environment.Job instance at 0x14a0a097a280>,29,18,[2 7],30,157,175,127,157
1,<environment.Job instance at 0x14a0a097a1e0>,34,1,[1 7],35,175,176,140,171
1,<environment.Job instance at 0x14a0a097ad70>,37,1,[1 9],38,184,185,146,184
1,<environment.Job instance at 0x14a09f026be0>,38,3,[ 2 10],39,187,190,148,187
1,<environment.Job instance at 0x14a09f0263c0>,41,19,[5 2],42,198,217,156,198
1,<environment.Job instance at 0x14a09f026280>,43,2,[1 8],44,199,201,155,199
1,<environment.Job instance at 0x14a07d7d4190>,46,13,[1 7],47,229,242,182,229
1,<environment.Job instance at 0x14a07d7d4b90>,47,1,[ 1 10],48,262,263,214,262
1,<environment.Job instance at 0x14a09ef893c0>,56,20,[7 2],57,364,384,307,364
1,<environment.Job instance at 0x14a09ef89cd0>,61,13,[5 1],62,413,426,351,413
1,<environment.Job instance at 0x14a09ef89f50>,67,3,[1 5],68,425,428,357,425
1,<environment.Job instance at 0x14a09ef89eb0>,68,1,[9 2],69,429,430,360,429
1,<environment.Job instance at 0x14a09ef89780>,72,17,[2 7],73,437,454,364,437
1,<environment.Job instance at 0x14a0a11b0730>,78,19,[ 2 10],79,488,507,409,488
1,<environment.Job instance at 0x14a0a3759eb0>,85,12,[1 5],86,645,657,559,645
1,<environment.Job instance at 0x14a0a4de4cd0>,90,14,[9 2],91,668,682,577,668
1,<environment.Job instance at 0x14a09ef9db90>,93,17,[5 1],94,685,702,591,685
1,<environment.Job instance at 0x14a0a11e9b90>,101,2,[6 2],102,720,722,618,720
1,<environment.Job instance at 0x14a0a11e9af0>,100,27,[1 7],101,724,751,623,724
1,<environment.Job instance at 0x14a09f025320>,103,15,[2 7],104,751,766,647,748
1,<environment.Job instance at 0x14a0a5503280>,114,14,[8 2],115,827,841,712,827
1,<environment.Job instance at 0x14a07daf0e60>,120,3,[2 6],121,880,883,759,880
1,<environment.Job instance at 0x14a0a0abffa0>,123,16,[1 8],124,883,899,759,882
1,<environment.Job instance at 0x14a0a09bfaa0>,136,1,[2 6],137,983,984,846,983
1,<environment.Job instance at 0x14a0a7effbe0>,137,1,[2 7],138,987,988,849,987
1,<environment.Job instance at 0x14a07d7b32d0>,139,18,[7 2],140,1003,1021,863,1003
1,<environment.Job instance at 0x14a07d830820>,144,1,[ 2 10],145,1048,1049,903,1048
1,<environment.Job instance at 0x14a0a11e8cd0>,6,15,[7 2],7,7,22,0,7
1,<environment.Job instance at 0x14a0a11e82d0>,5,20,[8 1],6,22,42,16,13
1,<environment.Job instance at 0x14a07d880460>,11,2,[ 1 10],12,42,44,30,36
1,<environment.Job instance at 0x14a0a7375910>,14,27,[2 6],15,78,105,63,78
1,<environment.Job instance at 0x14a0a7375320>,16,23,[ 2 10],17,106,129,89,106
1,<environment.Job instance at 0x14a0a4dcd190>,21,21,[2 6],22,134,155,112,134
1,<environment.Job instance at 0x14a0a5db1280>,29,23,[9 2],30,174,197,144,174
1,<environment.Job instance at 0x14a0a5dcffa0>,35,22,[2 5],36,272,294,236,272
1,<environment.Job instance at 0x14a0a545e8c0>,40,24,[10  2],41,335,359,294,335
1,<environment.Job instance at 0x14a09eac4820>,43,2,[1 9],44,359,361,315,345
1,<environment.Job instance at 0x14a09eac43c0>,42,20,[2 9],43,361,381,318,355
1,<environment.Job instance at 0x14a09eac4c30>,47,1,[ 1 10],48,381,382,333,377
1,<environment.Job instance at 0x14a09eac4e10>,48,24,[7 1],49,393,417,344,393
1,<environment.Job instance at 0x14a07d614190>,82,3,[1 7],83,809,812,726,809
1,<environment.Job instance at 0x14a07d6145f0>,83,23,[5 1],84,812,835,728,812
1,<environment.Job instance at 0x14a0a0aba690>,84,13,[1 9],85,815,828,730,815
1,<environment.Job instance at 0x14a0a0abab90>,85,15,[9 2],86,835,850,749,821
1,<environment.Job instance at 0x14a0a0994d70>,91,3,[ 2 10],92,888,891,796,888
1,<environment.Job instance at 0x14a0a0aba2d0>,92,19,[2 5],93,891,910,798,888
1,<environment.Job instance at 0x14a07d45c280>,93,13,[9 1],94,910,923,816,894
1,<environment.Job instance at 0x14a07d692c30>,99,17,[ 1 10],100,936,953,836,936
1,<environment.Job instance at 0x14a07d82f370>,117,14,[ 1 10],118,1211,1225,1093,1211
1,<environment.Job instance at 0x14a07d82f0f0>,119,3,[6 2],120,1268,1271,1148,1268
1,<environment.Job instance at 0x14a07d6eafa0>,120,1,[6 1],121,1271,1272,1150,1269
1,<environment.Job instance at 0x14a07d6ea190>,126,20,[8 1],127,1320,1340,1193,1320
1,<environment.Job instance at 0x14a07d4185f0>,137,1,[ 1 10],138,1400,1401,1262,1400
1,<environment.Job instance at 0x14a07d5c65a0>,139,22,[6 1],140,1412,1434,1272,1412
1,<environment.Job instance at 0x14a09c057be0>,5,14,[2 7],6,7,21,1,7
1,<environment.Job instance at 0x14a07d849280>,2,21,[6 1],3,9,30,6,9
1,<environment.Job instance at 0x14a09c057320>,10,23,[8 2],11,30,53,19,29
1,<environment.Job instance at 0x14a09c0577d0>,6,3,[7 1],7,53,56,46,41
1,<environment.Job instance at 0x14a09c0575f0>,11,27,[1 6],12,63,90,51,63
1,<environment.Job instance at 0x14a07d154460>,28,12,[1 5],29,120,132,91,120
1,<environment.Job instance at 0x14a07d665280>,29,13,[5 2],30,126,139,96,126
1,<environment.Job instance at 0x14a07d154190>,30,15,[7 2],31,139,154,108,128
1,<environment.Job instance at 0x14a0a0bcdd70>,37,17,[7 1],38,177,194,139,177
1,<environment.Job instance at 0x14a0a0bcd410>,42,25,[ 2 10],43,231,256,188,231
1,<environment.Job instance at 0x14a0a0bcd050>,43,3,[1 6],44,256,259,212,231
1,<environment.Job instance at 0x14a07d4ec550>,69,3,[6 1],70,600,603,530,600
1,<environment.Job instance at 0x14a09c0f8870>,102,2,[8 2],103,971,973,868,971
1,<environment.Job instance at 0x14a09c0f8820>,104,20,[5 1],105,973,993,868,973
1,<environment.Job instance at 0x14a07daa2d70>,105,19,[2 5],106,977,996,871,977
1,<environment.Job instance at 0x14a07daa2c30>,106,3,[ 1 10],107,996,999,889,978
1,<environment.Job instance at 0x14a07daa2eb0>,114,22,[10  2],115,1077,1099,962,1077
1,<environment.Job instance at 0x14a07daa2550>,116,1,[ 1 10],117,1099,1100,982,1084
1,<environment.Job instance at 0x14a07d2c11e0>,126,2,[1 5],127,1242,1244,1115,1242
1,<environment.Job instance at 0x14a09c123820>,136,12,[1 8],137,1348,1360,1211,1348
1,<environment.Job instance at 0x14a07d22c960>,149,20,[2 6],150,1453,1473,1303,1453
1,<environment.Job instance at 0x14a07d2a6e60>,152,3,[10  2],153,1482,1485,1329,1482
1,<environment.Job instance at 0x14a0a548c2d0>,5,13,[2 8],6,6,19,0,6
1,<environment.Job instance at 0x14a0a548c5a0>,6,1,[1 6],7,19,20,12,10
1,<environment.Job instance at 0x14a07d22c190>,4,3,[7 2],5,16,19,11,16
1,<environment.Job instance at 0x14a0a548c640>,9,16,[2 9],10,22,38,12,22
1,<environment.Job instance at 0x14a0a548cd70>,19,22,[2 5],20,82,104,62,82
1,<environment.Job instance at 0x14a0a5497280>,27,16,[2 5],28,121,137,93,121
1,<environment.Job instance at 0x14a0a5497690>,29,15,[10  1],30,137,152,107,137
1,<environment.Job instance at 0x14a0a54973c0>,28,15,[5 1],29,152,167,123,145
1,<environment.Job instance at 0x14a0a5497500>,45,14,[9 1],46,291,305,245,291
1,<environment.Job instance at 0x14a0a54b0640>,53,17,[10  1],54,396,413,342,396
1,<environment.Job instance at 0x14a0a54af0a0>,57,22,[2 7],58,418,440,360,418
1,<environment.Job instance at 0x14a0a54af1e0>,60,24,[5 2],61,472,496,411,472
1,<environment.Job instance at 0x14a0a54b07d0>,54,20,[1 7],55,474,494,419,474
1,<environment.Job instance at 0x14a0a54af820>,62,1,[7 2],63,496,497,433,475
1,<environment.Job instance at 0x14a0a5492a50>,66,27,[6 1],67,537,564,470,537
1,<environment.Job instance at 0x14a0a5492690>,71,3,[2 6],72,581,584,509,581
1,<environment.Job instance at 0x14a0a54925a0>,73,1,[8 2],74,583,584,509,583
1,<environment.Job instance at 0x14a0a5e51c80>,75,22,[5 1],76,594,616,518,594
1,<environment.Job instance at 0x14a07d696460>,79,1,[10  1],80,641,642,561,641
1,<environment.Job instance at 0x14a07d1aa410>,81,1,[8 1],82,660,661,578,660
1,<environment.Job instance at 0x14a07d36ecd0>,86,23,[1 6],87,712,735,625,712
1,<environment.Job instance at 0x14a09c297af0>,88,15,[9 1],89,729,744,640,729
1,<environment.Job instance at 0x14a0a5e436e0>,98,21,[6 2],99,841,862,742,841
1,<environment.Job instance at 0x14a07d39d050>,102,21,[2 5],103,848,869,745,848
1,<environment.Job instance at 0x14a0a5e2e230>,122,2,[8 1],123,1056,1058,933,1056
1,<environment.Job instance at 0x14a07d3a6460>,124,21,[5 2],125,1059,1080,934,1059
1,<environment.Job instance at 0x14a07d3a6960>,129,15,[2 6],130,1112,1127,982,1112
1,<environment.Job instance at 0x14a07d3a6cd0>,135,1,[8 1],136,1154,1155,1018,1154
1,<environment.Job instance at 0x14a07d3a67d0>,140,16,[8 2],141,1209,1225,1068,1209
1,<environment.Job instance at 0x14a07d3a6910>,141,3,[ 2 10],142,1225,1228,1083,1212
1,<environment.Job instance at 0x14a0a54c20f0>,151,2,[8 1],152,1324,1326,1172,1324
1,<environment.Job instance at 0x14a07d36e050>,2,2,[ 1 10],3,8,10,5,8
1,<environment.Job instance at 0x14a07d36e780>,6,23,[7 1],7,18,41,11,18
1,<environment.Job instance at 0x14a07d36e3c0>,10,22,[1 5],11,36,58,25,36
1,<environment.Job instance at 0x14a07d36ebe0>,11,19,[1 7],12,58,77,46,51
1,<environment.Job instance at 0x14a0a54af640>,25,26,[1 5],26,139,165,113,139
1,<environment.Job instance at 0x14a07d9bf0f0>,38,12,[5 1],39,256,268,217,256
1,<environment.Job instance at 0x14a07d9bfb40>,42,13,[2 5],43,307,320,264,307
1,<environment.Job instance at 0x14a07d69e280>,56,13,[2 8],57,432,445,375,432
1,<environment.Job instance at 0x14a07d69ebe0>,63,1,[7 1],64,473,474,409,473
1,<environment.Job instance at 0x14a07d69ec80>,64,24,[1 5],65,477,501,412,477
1,<environment.Job instance at 0x14a0a5746fa0>,77,23,[1 7],78,573,596,495,573
1,<environment.Job instance at 0x14a0a57375f0>,93,18,[7 1],94,712,730,618,712
1,<environment.Job instance at 0x14a0a572e9b0>,107,25,[2 8],108,790,815,682,790
1,<environment.Job instance at 0x14a0a5727140>,120,15,[10  2],121,969,984,848,969
1,<environment.Job instance at 0x14a0a0ac2e10>,137,2,[2 6],138,1144,1146,1006,1144
1,<environment.Job instance at 0x14a07d4c6e60>,144,24,[8 2],145,1243,1267,1098,1243
1,<environment.Job instance at 0x14a0a572e5f0>,4,25,[2 9],5,16,41,11,16
1,<environment.Job instance at 0x14a09f25ba50>,9,3,[2 6],10,41,44,31,28
1,<environment.Job instance at 0x14a0a11fb640>,12,27,[6 1],13,46,73,33,46
1,<environment.Job instance at 0x14a0a11fb870>,20,21,[ 2 10],21,123,144,102,123
1,<environment.Job instance at 0x14a0a11fbf50>,24,22,[1 9],25,151,173,126,151
1,<environment.Job instance at 0x14a0a11fb0f0>,29,17,[6 2],30,181,198,151,181
1,<environment.Job instance at 0x14a09ef9b960>,41,3,[5 2],42,278,281,236,278
1,<environment.Job instance at 0x14a09ef9ba50>,42,22,[10  2],43,288,310,245,288
1,<environment.Job instance at 0x14a07da0f820>,46,24,[ 1 10],47,342,366,295,342
1,<environment.Job instance at 0x14a07da0f500>,48,25,[5 1],49,366,391,317,366
1,<environment.Job instance at 0x14a07da0fe10>,50,3,[8 2],51,391,394,340,368
1,<environment.Job instance at 0x14a07da0f370>,51,16,[1 9],52,394,410,342,381
1,<environment.Job instance at 0x14a07da0f690>,54,21,[1 8],55,410,431,355,405
1,<environment.Job instance at 0x14a07da0ff50>,55,3,[2 6],56,431,434,375,421
1,<environment.Job instance at 0x14a07da0f9b0>,57,16,[7 1],58,422,438,364,422
1,<environment.Job instance at 0x14a07da0fdc0>,62,3,[8 1],63,509,512,446,509
1,<environment.Job instance at 0x14a07da0f4b0>,63,18,[1 5],64,515,533,451,515
1,<environment.Job instance at 0x14a0a0abcf00>,72,21,[7 2],73,570,591,497,570
1,<environment.Job instance at 0x14a0a0abcaa0>,74,1,[9 2],75,591,592,516,576
1,<environment.Job instance at 0x14a0a0abc690>,81,12,[1 7],82,619,631,537,619
1,<environment.Job instance at 0x14a0a0939320>,87,12,[1 9],88,714,726,626,714
1,<environment.Job instance at 0x14a09eaba410>,97,23,[6 1],98,805,828,707,805
1,<environment.Job instance at 0x14a09eabaf50>,98,2,[1 7],99,805,807,706,805
1,<environment.Job instance at 0x14a0a5db56e0>,101,3,[6 1],102,834,837,732,834
1,<environment.Job instance at 0x14a0a5db5b90>,102,14,[ 2 10],103,840,854,737,840
1,<environment.Job instance at 0x14a0a5db5190>,106,1,[10  1],107,878,879,771,878
1,<environment.Job instance at 0x14a0a5db5820>,107,3,[1 7],108,879,882,771,878
1,<environment.Job instance at 0x14a0a5db5b40>,110,15,[5 1],111,924,939,813,924
1,<environment.Job instance at 0x14a07d430780>,112,1,[7 1],113,939,940,826,924
1,<environment.Job instance at 0x14a0a18ef5a0>,118,26,[2 6],119,998,1024,879,998
1,<environment.Job instance at 0x14a0a0b51eb0>,122,28,[1 5],123,1055,1083,932,1055
1,<environment.Job instance at 0x14a0a0b51a00>,125,17,[7 1],126,1072,1089,946,1072
1,<environment.Job instance at 0x14a0a0b51960>,126,2,[9 1],127,1089,1091,962,1077
1,<environment.Job instance at 0x14a0a0b51f50>,127,20,[9 1],128,1091,1111,963,1085
1,<environment.Job instance at 0x14a0a114a780>,140,24,[7 2],141,1220,1244,1079,1220
1,<environment.Job instance at 0x14a0a143f320>,143,23,[1 8],144,1259,1282,1115,1259
1,<environment.Job instance at 0x14a0a140acd0>,145,3,[9 2],152,1279,1282,1127,1279
1,<environment.Job instance at 0x14a0a09398c0>,4,1,[10  1],5,11,12,6,11
1,<environment.Job instance at 0x14a07daceaa0>,7,14,[5 1],8,12,26,4,12
1,<environment.Job instance at 0x14a0a54efeb0>,3,16,[1 6],4,16,32,12,16
1,<environment.Job instance at 0x14a07daced20>,11,24,[7 2],12,26,50,14,23
1,<environment.Job instance at 0x14a07dace140>,12,28,[10  1],13,52,80,39,52
1,<environment.Job instance at 0x14a07dacd0a0>,15,2,[2 6],16,80,82,64,77
1,<environment.Job instance at 0x14a07dacd3c0>,17,26,[ 1 10],18,88,114,70,88
1,<environment.Job instance at 0x14a07dadef50>,25,13,[2 5],26,162,175,136,162
1,<environment.Job instance at 0x14a09c29baf0>,28,23,[10  2],29,188,211,159,188
1,<environment.Job instance at 0x14a07dae72d0>,37,12,[9 2],38,257,269,219,257
1,<environment.Job instance at 0x14a09c065c30>,38,23,[6 2],39,269,292,230,268
1,<environment.Job instance at 0x14a07dae7500>,39,15,[ 1 10],40,292,307,252,285
1,<environment.Job instance at 0x14a09c2cfc80>,46,20,[1 5],47,319,339,272,319
1,<environment.Job instance at 0x14a09c2bc460>,51,1,[ 2 10],52,366,367,314,366
1,<environment.Job instance at 0x14a09c064370>,59,13,[7 2],60,434,447,374,434
1,<environment.Job instance at 0x14a09c064690>,69,14,[1 5],70,540,554,470,540
1,<environment.Job instance at 0x14a09c056870>,71,13,[8 2],72,567,580,495,567
1,<environment.Job instance at 0x14a09c088e60>,78,3,[7 1],79,614,617,535,614
1,<environment.Job instance at 0x14a09c0889b0>,79,2,[5 2],80,617,619,537,614
1,<environment.Job instance at 0x14a09c088fa0>,80,1,[1 5],81,615,616,534,615
1,<environment.Job instance at 0x14a09c05f3c0>,87,20,[6 1],88,643,663,555,643
1,<environment.Job instance at 0x14a09c05f7d0>,95,14,[2 8],96,708,722,612,708
1,<environment.Job instance at 0x14a09c063280>,107,21,[ 1 10],108,839,860,731,839
1,<environment.Job instance at 0x14a09c063370>,109,20,[7 1],110,860,880,750,852
1,<environment.Job instance at 0x14a09c0633c0>,113,2,[ 1 10],114,880,882,766,872
1,<environment.Job instance at 0x14a09c063500>,112,23,[1 6],113,882,905,769,878
1,<environment.Job instance at 0x14a09c0636e0>,115,1,[6 2],116,882,883,766,880
1,<environment.Job instance at 0x14a09c063a50>,122,27,[ 1 10],123,908,935,785,908
1,<environment.Job instance at 0x14a09c063b90>,123,2,[6 1],124,935,937,811,917
1,<environment.Job instance at 0x14a09c063cd0>,124,1,[1 5],125,935,936,810,919
1,<environment.Job instance at 0x14a07db6d320>,132,20,[2 7],133,993,1013,860,993
1,<environment.Job instance at 0x14a07db6d2d0>,134,3,[8 1],135,1013,1016,878,1013
1,<environment.Job instance at 0x14a07db6d050>,143,2,[8 1],144,1144,1146,1000,1144
1,<environment.Job instance at 0x14a07db6c870>,0,20,[6 2],1,1,21,0,1
1,<environment.Job instance at 0x14a09c2721e0>,3,25,[2 6],4,18,43,14,18
1,<environment.Job instance at 0x14a09c10beb0>,12,21,[1 7],13,43,64,30,39
1,<environment.Job instance at 0x14a09c10b870>,14,16,[5 2],15,57,73,42,57
1,<environment.Job instance at 0x14a09c10b820>,17,24,[1 8],18,64,88,46,61
1,<environment.Job instance at 0x14a09c10baf0>,18,15,[2 5],19,89,104,70,89
1,<environment.Job instance at 0x14a09c10bb90>,21,13,[7 1],22,89,102,67,89
1,<environment.Job instance at 0x14a09c10e370>,27,27,[2 8],28,114,141,86,114
1,<environment.Job instance at 0x14a09c10bc30>,25,16,[ 1 10],26,141,157,115,129
1,<environment.Job instance at 0x14a0a0a56190>,37,15,[2 7],38,181,196,143,181
1,<environment.Job instance at 0x14a0a0a56230>,38,15,[1 9],39,218,233,179,218
1,<environment.Job instance at 0x14a09c0fefa0>,47,1,[2 5],48,313,314,265,313
1,<environment.Job instance at 0x14a09c0fe820>,50,23,[2 6],51,340,363,289,340
1,<environment.Job instance at 0x14a09c25ad20>,58,2,[5 2],59,404,406,345,404
1,<environment.Job instance at 0x14a09c0fe7d0>,57,18,[ 2 10],58,422,440,364,422
1,<environment.Job instance at 0x14a09c25ab40>,65,14,[8 1],66,476,490,410,476
1,<environment.Job instance at 0x14a09c25ab90>,67,21,[5 2],68,490,511,422,490
1,<environment.Job instance at 0x14a09c2cfcd0>,69,13,[2 5],70,492,505,422,492
1,<environment.Job instance at 0x14a09c2cf910>,72,1,[2 9],73,511,512,438,507
1,<environment.Job instance at 0x14a09c2cecd0>,94,24,[10  2],95,679,703,584,679
1,<environment.Job instance at 0x14a09c283280>,109,27,[1 9],110,904,931,794,904
1,<environment.Job instance at 0x14a09c283820>,120,16,[1 5],121,1000,1016,879,1000
1,<environment.Job instance at 0x14a09c072500>,123,13,[2 8],124,1018,1031,894,1018
1,<environment.Job instance at 0x14a07d450af0>,147,2,[10  2],148,1201,1203,1053,1201
1,<environment.Job instance at 0x14a0a140da50>,152,20,[1 8],153,1267,1287,1114,1267
1,<environment.Job instance at 0x14a0a0a560a0>,3,16,[5 2],4,4,20,0,4
1,<environment.Job instance at 0x14a07d9ba8c0>,0,16,[2 7],1,7,23,6,7
1,<environment.Job instance at 0x14a07d9babe0>,4,18,[10  2],5,23,41,18,22
1,<environment.Job instance at 0x14a0a0b06320>,6,12,[6 1],7,41,53,34,24
1,<environment.Job instance at 0x14a07d670c80>,10,1,[7 2],11,53,54,42,42
1,<environment.Job instance at 0x14a0a0b09280>,12,26,[2 6],13,43,69,30,43
1,<environment.Job instance at 0x14a0a0b091e0>,14,22,[2 5],15,70,92,55,70
1,<environment.Job instance at 0x14a0a0b09e10>,18,18,[5 2],19,84,102,65,84
1,<environment.Job instance at 0x14a0a541d0a0>,35,22,[7 2],36,312,334,276,312
1,<environment.Job instance at 0x14a07d37eaf0>,42,1,[10  1],43,366,367,323,366
1,<environment.Job instance at 0x14a0a1152190>,50,1,[5 1],51,451,452,400,451
1,<environment.Job instance at 0x14a0a11521e0>,53,19,[2 5],54,455,474,401,455
1,<environment.Job instance at 0x14a09c32e550>,55,1,[1 7],56,474,475,418,459
1,<environment.Job instance at 0x14a0a1152af0>,58,20,[8 2],59,488,508,429,488
1,<environment.Job instance at 0x14a09c3158c0>,69,3,[2 6],70,605,608,535,605
1,<environment.Job instance at 0x14a09c315c30>,70,24,[6 2],71,609,633,538,609
1,<environment.Job instance at 0x14a09c324640>,71,14,[5 1],72,633,647,561,623
1,<environment.Job instance at 0x14a0a115c8c0>,73,13,[1 5],74,623,636,549,623
1,<environment.Job instance at 0x14a0a115cfa0>,84,13,[2 7],85,706,719,621,706
1,<environment.Job instance at 0x14a0a115ceb0>,85,14,[1 6],86,719,733,633,707
1,<environment.Job instance at 0x14a0a1150640>,92,3,[1 5],93,768,771,675,768
1,<environment.Job instance at 0x14a0a11508c0>,96,2,[9 2],97,823,825,726,823
1,<environment.Job instance at 0x14a0a1150dc0>,104,1,[1 9],105,910,911,805,910
1,<environment.Job instance at 0x14a0a11493c0>,115,13,[10  2],116,1025,1038,909,1025
1,<environment.Job instance at 0x14a0a1149780>,118,20,[8 2],119,1096,1116,977,1096
1,<environment.Job instance at 0x14a0a1149f00>,127,16,[10  1],128,1116,1132,988,1113
1,<environment.Job instance at 0x14a0a1149eb0>,128,2,[2 8],129,1132,1134,1003,1117
1,<environment.Job instance at 0x14a0a1182460>,137,24,[10  2],138,1226,1250,1088,1226
1,<environment.Job instance at 0x14a0a1182a50>,141,12,[1 8],142,1251,1263,1109,1251
1,<environment.Job instance at 0x14a0a73bcbe0>,9,3,[9 2],10,47,50,37,47
1,<environment.Job instance at 0x14a0a73bcc30>,14,13,[9 1],15,93,106,78,93
1,<environment.Job instance at 0x14a09f009780>,20,14,[2 8],21,172,186,151,172
1,<environment.Job instance at 0x14a09f009e10>,21,2,[7 2],22,172,174,150,172
1,<environment.Job instance at 0x14a07d9ef230>,41,24,[1 8],42,358,382,316,358
1,<environment.Job instance at 0x14a07d9efc30>,42,12,[7 2],43,366,378,323,366
1,<environment.Job instance at 0x14a07d9ef280>,43,20,[2 9],44,382,402,338,373
1,<environment.Job instance at 0x14a07d9ef960>,54,19,[2 9],55,447,466,392,447
1,<environment.Job instance at 0x14a07d9efe60>,56,1,[5 1],57,450,451,393,450
1,<environment.Job instance at 0x14a07d529d70>,66,14,[1 8],67,610,624,543,610
1,<environment.Job instance at 0x14a07d5290f0>,71,17,[ 2 10],72,624,641,552,624
1,<environment.Job instance at 0x14a07d5295a0>,77,21,[5 2],78,676,697,598,676
1,<environment.Job instance at 0x14a07d529280>,82,23,[9 1],83,733,756,650,733
1,<environment.Job instance at 0x14a07d529d20>,84,1,[8 2],85,756,757,671,745
1,<environment.Job instance at 0x14a07d6df050>,89,26,[8 2],90,767,793,677,767
1,<environment.Job instance at 0x14a07d6df5a0>,96,3,[1 5],97,851,854,754,851
1,<environment.Job instance at 0x14a07d6dffa0>,102,27,[1 5],103,898,925,795,898
1,<environment.Job instance at 0x14a07d6df780>,105,15,[9 2],106,933,948,827,933
1,<environment.Job instance at 0x14a0a54a1870>,108,22,[10  1],109,956,978,847,956
1,<environment.Job instance at 0x14a0a54a10f0>,114,22,[1 6],115,1006,1028,891,1006
1,<environment.Job instance at 0x14a0a54a1230>,123,20,[ 2 10],124,1134,1154,1010,1134
1,<environment.Job instance at 0x14a0a7dc8780>,126,2,[8 1],127,1155,1157,1028,1155
1,<environment.Job instance at 0x14a0a7dc8910>,130,1,[2 9],131,1198,1199,1067,1198
1,<environment.Job instance at 0x14a0a375f370>,132,3,[10  1],133,1217,1220,1084,1217
1,<environment.Job instance at 0x14a07d6df500>,3,15,[5 2],4,7,22,3,7
1,<environment.Job instance at 0x14a0a1061280>,16,19,[8 2],17,84,103,67,84
1,<environment.Job instance at 0x14a0a10615f0>,15,16,[8 1],16,105,121,89,105
1,<environment.Job instance at 0x14a0a10616e0>,20,12,[8 1],21,121,133,100,115
1,<environment.Job instance at 0x14a0a1061e10>,23,2,[9 1],24,133,135,109,119
1,<environment.Job instance at 0x14a07dbb9690>,33,18,[10  1],34,197,215,163,197
1,<environment.Job instance at 0x14a0a142c280>,46,21,[10  1],47,272,293,225,272
1,<environment.Job instance at 0x14a0a142cd20>,47,3,[9 1],48,293,296,245,273
1,<environment.Job instance at 0x14a0a142c780>,51,12,[2 8],52,298,310,246,298
1,<environment.Job instance at 0x14a07d13e780>,62,2,[7 2],63,368,370,305,368
1,<environment.Job instance at 0x14a07d13e870>,63,1,[9 2],64,374,375,310,374
1,<environment.Job instance at 0x14a07db0e460>,72,19,[9 2],73,455,474,382,455
1,<environment.Job instance at 0x14a07db0e0f0>,78,19,[2 5],79,531,550,452,531
1,<environment.Job instance at 0x14a07db0ea00>,79,1,[2 7],80,550,551,470,538
1,<environment.Job instance at 0x14a07db0eaf0>,83,23,[6 2],84,552,575,468,552
1,<environment.Job instance at 0x14a0a09b6dc0>,86,17,[10  2],87,597,614,510,597
1,<environment.Job instance at 0x14a0a4de4140>,113,26,[7 2],114,886,912,772,886
1,<environment.Job instance at 0x14a07d53ca00>,118,3,[8 1],119,912,915,793,911
1,<environment.Job instance at 0x14a07da96640>,124,3,[6 2],125,954,957,829,954
1,<environment.Job instance at 0x14a0a11a0d70>,126,22,[1 5],127,965,987,838,965
1,<environment.Job instance at 0x14a07d18caf0>,127,1,[ 1 10],128,987,988,859,966
1,<environment.Job instance at 0x14a07d2e54b0>,130,2,[9 2],131,994,996,863,994
1,<environment.Job instance at 0x14a0a09b55a0>,135,16,[1 9],136,1044,1060,908,1044
1,<environment.Job instance at 0x14a07d2dbd20>,1,1,[1 9],2,2,3,0,2
1,<environment.Job instance at 0x14a07d2dbe60>,6,19,[6 1],7,24,43,17,24
1,<environment.Job instance at 0x14a07d2dbdc0>,9,14,[2 7],10,25,39,15,25
1,<environment.Job instance at 0x14a07d2dbc80>,7,2,[2 8],8,45,47,37,45
1,<environment.Job instance at 0x14a07d2db410>,13,1,[9 1],14,73,74,59,73
1,<environment.Job instance at 0x14a07d2e7410>,18,18,[5 1],19,94,112,75,94
1,<environment.Job instance at 0x14a07d2e7870>,24,25,[5 2],25,163,188,138,163
1,<environment.Job instance at 0x14a07d2e7370>,30,19,[ 2 10],31,199,218,168,199
1,<environment.Job instance at 0x14a0a09b4c80>,58,25,[10  1],59,416,441,357,416
1,<environment.Job instance at 0x14a0a09b4d70>,62,15,[8 2],63,472,487,409,472
1,<environment.Job instance at 0x14a0a09b4640>,72,15,[2 6],73,555,570,482,555
1,<environment.Job instance at 0x14a0a09a93c0>,78,13,[5 2],79,610,623,531,610
1,<environment.Job instance at 0x14a0a09a9d70>,88,3,[1 5],89,689,692,600,689
1,<environment.Job instance at 0x14a0a09a9d20>,89,17,[9 2],90,691,708,601,691
1,<environment.Job instance at 0x14a0a09a9e10>,92,2,[8 2],93,714,716,621,714
1,<environment.Job instance at 0x14a0a09a99b0>,93,2,[9 1],94,716,718,622,714
1,<environment.Job instance at 0x14a07d2c5500>,95,28,[2 7],96,724,752,628,724
1,<environment.Job instance at 0x14a07d2c5780>,98,22,[10  1],99,752,774,653,746
1,<environment.Job instance at 0x14a07d2c5a50>,104,2,[6 2],105,813,815,708,813
1,<environment.Job instance at 0x14a09c192190>,115,2,[2 5],116,914,916,798,914
1,<environment.Job instance at 0x14a09c1926e0>,116,2,[6 2],117,915,917,798,915
1,<environment.Job instance at 0x14a09c1928c0>,117,15,[7 2],118,921,936,803,921
1,<environment.Job instance at 0x14a09c192280>,118,17,[6 2],119,936,953,817,924
1,<environment.Job instance at 0x14a0a118b870>,141,19,[2 7],142,1146,1165,1004,1146
1,<environment.Job instance at 0x14a0a0b09190>,142,14,[2 6],143,1165,1179,1022,1154
1,<environment.Job instance at 0x14a0a10e4af0>,3,3,[9 2],4,7,10,3,7
1,<environment.Job instance at 0x14a0a0a80280>,10,1,[8 1],11,59,60,48,59
1,<environment.Job instance at 0x14a0a1170960>,13,15,[10  1],14,70,85,56,70
1,<environment.Job instance at 0x14a0a11702d0>,20,25,[2 5],21,160,185,139,160
1,<environment.Job instance at 0x14a07d0dfe60>,28,2,[9 1],29,255,257,226,255
1,<environment.Job instance at 0x14a07d0df230>,31,1,[2 9],32,267,268,235,267
1,<environment.Job instance at 0x14a07d0df460>,33,23,[9 1],34,302,325,268,302
1,<environment.Job instance at 0x14a07d0df8c0>,37,2,[1 6],38,317,319,279,317
1,<environment.Job instance at 0x14a07d913730>,46,19,[1 5],47,391,410,344,391
1,<environment.Job instance at 0x14a07d9135f0>,47,2,[1 6],48,410,412,362,391
1,<environment.Job instance at 0x14a07d913b90>,45,26,[5 1],46,392,418,346,392
1,<environment.Job instance at 0x14a07d913eb0>,51,15,[2 5],52,412,427,360,407
1,<environment.Job instance at 0x14a07d913d20>,54,23,[ 2 10],55,442,465,387,442
1,<environment.Job instance at 0x14a07d913f00>,58,1,[7 2],59,465,466,406,464
1,<environment.Job instance at 0x14a0a73f1c80>,61,19,[1 8],62,498,517,436,498
1,<environment.Job instance at 0x14a0a73f1960>,72,3,[10  1],73,646,649,573,646
1,<environment.Job instance at 0x14a0a73f1780>,73,24,[5 1],74,649,673,575,646
1,<environment.Job instance at 0x14a0a1099050>,83,16,[1 9],84,742,758,658,742
1,<environment.Job instance at 0x14a0a1099140>,85,1,[9 2],86,758,759,672,758
1,<environment.Job instance at 0x14a09efc4230>,109,24,[5 1],110,1014,1038,904,1014
1,<environment.Job instance at 0x14a07dbc1dc0>,119,20,[5 2],120,1072,1092,952,1072
1,<environment.Job instance at 0x14a07dbc16e0>,120,15,[1 6],121,1080,1095,959,1080
1,<environment.Job instance at 0x14a07dbc1190>,123,24,[8 1],124,1103,1127,979,1103
1,<environment.Job instance at 0x14a07dbc1fa0>,126,12,[2 8],127,1122,1134,995,1122
1,<environment.Job instance at 0x14a07dbc1c30>,129,13,[5 2],130,1154,1167,1024,1154
1,<environment.Job instance at 0x14a07dbc1960>,130,17,[1 8],131,1155,1172,1024,1155
1,<environment.Job instance at 0x14a07dbc10a0>,133,17,[5 2],134,1167,1184,1033,1157
1,<environment.Job instance at 0x151ade7b3a00>,8,2,[2 5],9,11,13,2,11
1,<environment.Job instance at 0x151ade7b3d70>,11,14,[10  2],12,13,27,1,12
1,<environment.Job instance at 0x151ade7b3e10>,12,22,[2 6],13,27,49,14,20
1,<environment.Job instance at 0x151ade7b55a0>,23,3,[7 2],24,140,143,116,140
1,<environment.Job instance at 0x151ade7b58c0>,26,20,[2 8],27,145,165,118,145
1,<environment.Job instance at 0x151ade7b56e0>,29,20,[1 5],30,165,185,135,165
1,<environment.Job instance at 0x151ade7b5a00>,30,2,[2 8],31,185,187,154,168
1,<environment.Job instance at 0x151ade7b5b40>,32,2,[2 9],33,187,189,154,170
1,<environment.Job instance at 0x151ade7b5c30>,31,23,[5 1],32,170,193,138,170
1,<environment.Job instance at 0x151ade7b5aa0>,33,2,[9 1],34,193,195,159,172
1,<environment.Job instance at 0x151ade7b7140>,44,13,[ 2 10],45,275,288,230,275
1,<environment.Job instance at 0x151ade7b7460>,45,15,[2 5],46,288,303,242,278
1,<environment.Job instance at 0x151ade7b7640>,48,1,[6 2],49,288,289,239,285
1,<environment.Job instance at 0x151ade7b7a00>,54,22,[9 1],55,331,353,276,331
1,<environment.Job instance at 0x151ade7ba820>,75,15,[2 6],76,545,560,469,545
1,<environment.Job instance at 0x151ade7ba8c0>,76,14,[9 1],77,560,574,483,557
1,<environment.Job instance at 0x151ade7bab40>,80,2,[1 5],81,564,566,483,564
1,<environment.Job instance at 0x151ade7bac80>,82,3,[2 8],83,574,577,491,565
1,<environment.Job instance at 0x151ade7bad20>,83,21,[7 2],84,574,595,490,568
1,<environment.Job instance at 0x151ade7be500>,92,24,[2 9],93,665,689,572,665
1,<environment.Job instance at 0x151ade7bebe0>,101,14,[6 1],102,756,770,654,756
1,<environment.Job instance at 0x151ade7c0410>,110,2,[ 2 10],111,826,828,715,826
1,<environment.Job instance at 0x151ade7c0690>,115,25,[2 7],116,852,877,736,852
1,<environment.Job instance at 0x151ade7c0d20>,124,12,[10  2],125,954,966,829,954
1,<environment.Job instance at 0x151ade7c0e60>,126,13,[9 1],127,966,979,839,962
1,<environment.Job instance at 0x151adec488c0>,150,15,[8 1],166,1231,1246,1065,1231
1,<environment.Job instance at 0x151ae076d140>,5,19,[7 1],6,28,47,22,28
1,<environment.Job instance at 0x151ae06ee5f0>,19,14,[1 6],20,143,157,123,143
1,<environment.Job instance at 0x151ae08e0320>,45,20,[1 5],46,430,450,384,430
1,<environment.Job instance at 0x151ae0e955f0>,53,20,[1 6],54,512,532,458,512
1,<environment.Job instance at 0x151ae0e2aa00>,55,19,[5 1],56,516,535,460,516
1,<environment.Job instance at 0x151ae0e2a500>,57,3,[2 5],58,532,535,474,526
1,<environment.Job instance at 0x151ae0e299b0>,62,15,[1 9],63,551,566,488,551
1,<environment.Job instance at 0x151ae0e29960>,65,15,[6 1],66,575,590,509,575
1,<environment.Job instance at 0x151ae0e295a0>,70,24,[1 5],71,627,651,556,627
1,<environment.Job instance at 0x151ae0e29550>,71,3,[1 7],72,651,654,579,631
1,<environment.Job instance at 0x151ae0ea28c0>,76,21,[1 7],77,670,691,593,670
1,<environment.Job instance at 0x151ae07af820>,77,20,[5 2],78,678,698,600,678
1,<environment.Job instance at 0x151ae0e3c2d0>,86,16,[7 2],87,795,811,708,795
1,<environment.Job instance at 0x151ae0e3cd70>,88,26,[6 2],89,818,844,729,818
1,<environment.Job instance at 0x151ae0ea3690>,93,2,[8 1],94,844,846,750,825
1,<environment.Job instance at 0x151ae0ea3730>,95,19,[10  2],96,846,865,750,836
1,<environment.Job instance at 0x151ae06c89b0>,100,2,[1 9],101,866,868,765,866
1,<environment.Job instance at 0x151ae06d0140>,109,19,[2 9],110,961,980,851,961
1,<environment.Job instance at 0x151ae0787fa0>,114,12,[7 1],115,992,1004,877,992
1,<environment.Job instance at 0x151ae51b1a50>,115,1,[2 7],116,994,995,878,994
1,<environment.Job instance at 0x151ae113f500>,117,3,[6 1],118,1018,1021,900,1018
1,<environment.Job instance at 0x151ae5aa3cd0>,119,1,[2 8],120,1026,1027,906,1026
1,<environment.Job instance at 0x151ae5aa3500>,120,3,[7 1],121,1035,1038,914,1035
1,<environment.Job instance at 0x151ae516ce10>,127,28,[10  1],128,1094,1122,966,1094
1,<environment.Job instance at 0x151ae516caf0>,129,3,[2 9],130,1122,1125,992,1101
1,<environment.Job instance at 0x151ae0e3f6e0>,142,3,[7 1],162,1195,1198,1033,1195
1,<environment.Job instance at 0x151abdfba5f0>,4,20,[1 6],5,8,28,3,8
1,<environment.Job instance at 0x151abd6153c0>,9,20,[ 2 10],10,28,48,18,21
1,<environment.Job instance at 0x151abd615410>,12,18,[2 8],13,59,77,46,59
1,<environment.Job instance at 0x151abd615b40>,16,20,[1 7],17,77,97,60,68
1,<environment.Job instance at 0x151abd615e10>,23,3,[1 6],24,139,142,115,139
1,<environment.Job instance at 0x151abd615eb0>,25,15,[5 2],26,166,181,140,166
1,<environment.Job instance at 0x151abd6183c0>,27,17,[1 7],28,166,183,138,166
1,<environment.Job instance at 0x151abd618550>,30,18,[2 6],31,188,206,157,188
1,<environment.Job instance at 0x151abd618690>,32,17,[1 9],33,222,239,189,222
1,<environment.Job instance at 0x151abd61a6e0>,60,15,[2 8],61,446,461,385,446
1,<environment.Job instance at 0x151abd61ab90>,62,14,[1 6],63,478,492,415,478
1,<environment.Job instance at 0x151abd61ae60>,69,23,[9 1],70,575,598,505,575
1,<environment.Job instance at 0x151abd61d320>,72,1,[2 5],73,598,599,525,592
1,<environment.Job instance at 0x151abd61d500>,76,21,[2 7],77,637,658,560,637
1,<environment.Job instance at 0x151abd61d7d0>,77,1,[8 1],78,637,638,559,637
1,<environment.Job instance at 0x151abd61d960>,81,14,[2 7],82,658,672,576,657
1,<environment.Job instance at 0x151abd61de10>,87,2,[ 2 10],88,710,712,622,710
1,<environment.Job instance at 0x151abd61deb0>,88,12,[1 7],89,719,731,630,719
1,<environment.Job instance at 0x151abd61fb40>,109,14,[7 1],110,930,944,820,930
1,<environment.Job instance at 0x151abd61fdc0>,113,2,[8 2],114,965,967,851,965
1,<environment.Job instance at 0x151abd622190>,117,2,[9 2],118,969,971,851,969
1,<environment.Job instance at 0x151abd622280>,119,1,[8 1],120,975,976,855,975
1,<environment.Job instance at 0x151abd622a00>,130,14,[ 2 10],131,1061,1075,930,1061
1,<environment.Job instance at 0x151abd607d70>,149,1,[1 5],168,1268,1269,1100,1268
1,<environment.Job instance at 0x151abdb4e5a0>,6,16,[7 1],7,27,43,20,27
1,<environment.Job instance at 0x151abdb4edc0>,9,3,[ 2 10],10,43,46,33,30
1,<environment.Job instance at 0x151abdb4e1e0>,11,2,[2 5],12,53,55,41,53
1,<environment.Job instance at 0x151abdb451e0>,17,3,[9 1],18,106,109,88,106
1,<environment.Job instance at 0x151abdb45c30>,18,24,[8 1],19,117,141,98,117
1,<environment.Job instance at 0x151abdb45320>,25,3,[1 9],26,137,140,111,137
1,<environment.Job instance at 0x151abdb45500>,32,1,[8 1],33,189,190,156,189
1,<environment.Job instance at 0x151abdb90d70>,34,24,[6 2],35,192,216,157,192
1,<environment.Job instance at 0x151abdb90500>,33,14,[ 2 10],34,216,230,182,212
1,<environment.Job instance at 0x151abdb90b40>,41,2,[5 1],42,233,235,191,233
1,<environment.Job instance at 0x151abdb90af0>,45,3,[8 1],46,264,267,218,264
1,<environment.Job instance at 0x151abdb90960>,46,20,[6 1],47,273,293,226,273
1,<environment.Job instance at 0x151abdb90b90>,48,3,[1 5],49,308,311,259,308
1,<environment.Job instance at 0x151abdbd2dc0>,52,3,[10  2],53,313,316,260,313
1,<environment.Job instance at 0x151abdb90a00>,51,3,[2 6],52,321,324,269,321
1,<environment.Job instance at 0x151abdbd2730>,56,25,[5 2],57,339,364,282,339
1,<environment.Job instance at 0x151abdbd2370>,60,1,[9 2],61,364,365,303,344
1,<environment.Job instance at 0x151abd666320>,71,16,[1 7],72,409,425,337,409
1,<environment.Job instance at 0x151abdbcd0f0>,72,21,[1 6],73,425,446,352,417
1,<environment.Job instance at 0x151abdbedcd0>,75,12,[2 6],76,446,458,370,433
1,<environment.Job instance at 0x151abdbed230>,79,2,[2 6],80,458,460,378,456
1,<environment.Job instance at 0x151abdb5f050>,95,1,[1 7],96,658,659,562,658
1,<environment.Job instance at 0x151ae06094b0>,114,1,[8 2],115,884,885,769,884
1,<environment.Job instance at 0x151ae69d3460>,118,14,[8 2],119,917,931,798,917
1,<environment.Job instance at 0x151ae69d3c30>,119,16,[5 2],120,931,947,811,918
1,<environment.Job instance at 0x151ae51159b0>,123,19,[1 5],124,945,964,821,945
1,<environment.Job instance at 0x151ae5115500>,126,17,[1 6],127,964,981,837,958
1,<environment.Job instance at 0x151ae5115cd0>,129,27,[5 2],130,987,1014,857,987
1,<environment.Job instance at 0x151ae5115190>,124,1,[5 1],125,991,992,866,991
1,<environment.Job instance at 0x151ae5115d70>,133,24,[ 2 10],134,1014,1038,880,1012
1,<environment.Job instance at 0x151ae08efaf0>,138,2,[2 5],139,1065,1067,926,1065
1,<environment.Job instance at 0x151ae08ef280>,139,13,[8 2],140,1068,1081,928,1068
1,<environment.Job instance at 0x151abdec77d0>,147,18,[8 1],148,1128,1146,980,1128
1,<environment.Job instance at 0x151ae0d287d0>,1,18,[8 2],2,5,23,3,5
1,<environment.Job instance at 0x151ae06c3140>,5,18,[7 1],6,23,41,17,13
1,<environment.Job instance at 0x151ae0757a50>,13,2,[2 9],14,53,55,39,53
1,<environment.Job instance at 0x151ae0757d20>,16,22,[9 2],17,68,90,51,68
1,<environment.Job instance at 0x151ae0757730>,17,26,[6 2],18,95,121,77,95
1,<environment.Job instance at 0x151ae0757780>,19,3,[1 5],20,105,108,85,105
1,<environment.Job instance at 0x151ae0757410>,21,13,[1 8],22,108,121,86,106
1,<environment.Job instance at 0x151ae0757910>,25,14,[1 8],26,145,159,119,145
1,<environment.Job instance at 0x151abd93aaf0>,64,12,[1 7],65,616,628,551,616
1,<environment.Job instance at 0x151abd93a0a0>,65,2,[1 8],66,628,630,562,628
1,<environment.Job instance at 0x151ae07e40a0>,71,3,[6 1],72,692,695,620,692
1,<environment.Job instance at 0x151ae07e4690>,77,19,[9 1],78,760,779,682,760
1,<environment.Job instance at 0x151ae07e45a0>,78,15,[6 2],79,779,794,700,768
1,<environment.Job instance at 0x151ae07e46e0>,83,20,[1 6],84,790,810,706,790
1,<environment.Job instance at 0x151ae4aa7d70>,93,14,[1 6],94,889,903,795,889
1,<environment.Job instance at 0x151ae0e23500>,95,22,[ 2 10],96,915,937,819,915
1,<environment.Job instance at 0x151ae0e23b40>,96,19,[2 8],97,940,959,843,940
1,<environment.Job instance at 0x151ae0e23190>,100,18,[9 2],101,959,977,858,950
1,<environment.Job instance at 0x151ae0e23780>,103,12,[2 8],104,977,989,873,967
1,<environment.Job instance at 0x151ae0e23280>,104,2,[10  2],105,989,991,884,967
1,<environment.Job instance at 0x151ae081daa0>,107,2,[1 8],108,991,993,883,990
1,<environment.Job instance at 0x151ae081d140>,115,2,[8 1],116,1085,1087,969,1085
1,<environment.Job instance at 0x151ae081d4b0>,116,1,[2 9],117,1091,1092,974,1091
1,<environment.Job instance at 0x151ae081deb0>,117,17,[9 2],118,1092,1109,974,1091
1,<environment.Job instance at 0x151ae0d93690>,121,3,[6 1],122,1115,1118,993,1115
1,<environment.Job instance at 0x151ae0d93730>,123,2,[1 9],124,1135,1137,1011,1135
1,<environment.Job instance at 0x151ae0d937d0>,128,13,[1 7],129,1214,1227,1085,1214
1,<environment.Job instance at 0x151ae0d93c80>,131,18,[10  2],132,1227,1245,1095,1217
1,<environment.Job instance at 0x151ae0751f00>,139,13,[5 1],140,1292,1305,1152,1292
1,<environment.Job instance at 0x151ae0751690>,140,24,[5 2],141,1296,1320,1155,1296
1,<environment.Job instance at 0x151ae5acd140>,4,28,[2 7],5,6,34,1,6
1,<environment.Job instance at 0x151ae4ac00f0>,9,12,[1 7],10,34,46,24,20
1,<environment.Job instance at 0x151ae7097fa0>,24,23,[1 8],25,97,120,72,97
1,<environment.Job instance at 0x151ae5a62280>,32,3,[ 1 10],33,172,175,139,172
1,<environment.Job instance at 0x151ae7097c30>,25,20,[1 9],26,186,206,160,186
1,<environment.Job instance at 0x151ae5a62550>,36,21,[1 6],37,206,227,169,201
1,<environment.Job instance at 0x151ae5a8e370>,39,2,[1 9],40,227,229,187,203
1,<environment.Job instance at 0x151ae5a8e6e0>,43,3,[1 6],44,267,270,223,267
1,<environment.Job instance at 0x151ae50f4820>,59,3,[5 1],60,409,412,349,409
1,<environment.Job instance at 0x151ae50f4dc0>,60,18,[6 2],61,412,430,351,409
1,<environment.Job instance at 0x151ae50f43c0>,68,15,[9 2],69,489,504,420,489
1,<environment.Job instance at 0x151ae513e730>,75,16,[1 8],76,524,540,448,524
1,<environment.Job instance at 0x151ae4a99550>,91,2,[8 2],92,750,752,658,750
1,<environment.Job instance at 0x151ae4a99f50>,95,1,[9 1],96,780,781,684,780
1,<environment.Job instance at 0x151ae4aa42d0>,110,20,[1 8],111,1040,1060,929,1040
1,<environment.Job instance at 0x151ae70b6960>,114,13,[6 1],115,1066,1079,951,1066
1,<environment.Job instance at 0x151ae70b64b0>,117,22,[5 1],118,1079,1101,961,1075
1,<environment.Job instance at 0x151ae70b6b40>,118,2,[1 5],119,1094,1096,975,1094
1,<environment.Job instance at 0x151ae53e1460>,128,3,[5 2],129,1163,1166,1034,1163
1,<environment.Job instance at 0x151ae0e0ce60>,137,18,[ 1 10],138,1277,1295,1139,1277
1,<environment.Job instance at 0x151ae119afa0>,143,1,[6 2],144,1371,1372,1227,1371
1,<environment.Job instance at 0x151adecbb2d0>,145,1,[9 1],146,1382,1383,1236,1382
1,<environment.Job instance at 0x151ae5a3c140>,150,3,[2 8],151,1428,1431,1277,1428
1,<environment.Job instance at 0x151ae5a372d0>,6,2,[8 2],7,10,12,3,10
1,<environment.Job instance at 0x151abd66c9b0>,9,26,[2 5],10,29,55,19,29
1,<environment.Job instance at 0x151abd66cb90>,11,13,[1 8],12,55,68,43,42
1,<environment.Job instance at 0x151abd66cf50>,14,3,[2 9],15,71,74,56,71
1,<environment.Job instance at 0x151abd66c500>,15,25,[7 1],16,71,96,55,71
1,<environment.Job instance at 0x151abd66ccd0>,16,26,[ 2 10],17,108,134,91,108
1,<environment.Job instance at 0x151ae06e9e10>,19,2,[ 2 10],20,134,136,114,108
1,<environment.Job instance at 0x151ae06e9b40>,22,2,[5 2],23,137,139,114,137
1,<environment.Job instance at 0x151adec3aa00>,37,2,[1 8],38,281,283,243,281
1,<environment.Job instance at 0x151abd65e2d0>,45,21,[ 2 10],46,338,359,292,338
1,<environment.Job instance at 0x151abd651640>,49,12,[2 6],50,387,399,337,387
1,<environment.Job instance at 0x151ae0e13aa0>,53,1,[10  1],54,399,400,345,388
1,<environment.Job instance at 0x151abd661c30>,56,19,[1 5],57,403,422,346,403
1,<environment.Job instance at 0x151abd661d70>,60,21,[2 5],61,424,445,363,424
1,<environment.Job instance at 0x151abd6380a0>,62,2,[1 9],63,445,447,382,431
1,<environment.Job instance at 0x151abd6387d0>,65,19,[1 9],66,449,468,383,449
1,<environment.Job instance at 0x151abd638910>,67,20,[7 1],68,475,495,407,475
1,<environment.Job instance at 0x151abd638a50>,69,18,[1 9],70,503,521,433,503
1,<environment.Job instance at 0x151abd638690>,70,18,[ 2 10],71,521,539,450,519
1,<environment.Job instance at 0x151abd638c30>,72,1,[5 1],73,539,540,466,523
1,<environment.Job instance at 0x151ae5b016e0>,73,15,[2 9],74,539,554,465,526
1,<environment.Job instance at 0x151ae5b01b90>,79,28,[6 1],80,582,610,502,582
1,<environment.Job instance at 0x151ae5b01af0>,78,1,[2 9],79,585,586,506,585
1,<environment.Job instance at 0x151ae5b01d70>,82,2,[1 6],83,593,595,510,593
1,<environment.Job instance at 0x151ae5b00cd0>,105,13,[2 5],106,800,813,694,800
1,<environment.Job instance at 0x151ae5aef500>,114,15,[2 7],115,902,917,787,902
1,<environment.Job instance at 0x151ae5aef370>,117,28,[6 2],118,912,940,794,912
1,<environment.Job instance at 0x151ae5aefa00>,121,2,[ 1 10],122,989,991,867,989
1,<environment.Job instance at 0x151ae5aeff00>,129,18,[2 7],130,1002,1020,872,1002
1,<environment.Job instance at 0x151ae5aef690>,130,1,[2 9],131,1020,1021,889,1011
1,<environment.Job instance at 0x151ae5af8050>,135,18,[2 7],136,1038,1056,902,1038
1,<environment.Job instance at 0x151ae5af8370>,138,3,[ 2 10],139,1056,1059,917,1038
1,<environment.Job instance at 0x151ae5af84b0>,140,2,[2 7],141,1059,1061,918,1054
1,<environment.Job instance at 0x151ae5af8550>,141,19,[5 2],142,1059,1078,917,1056
1,<environment.Job instance at 0x151ae5af80f0>,137,1,[1 9],138,1078,1079,940,1074
1,<environment.Job instance at 0x151ae5af89b0>,146,13,[1 7],147,1085,1098,938,1085
1,<environment.Job instance at 0x151abd31a0f0>,3,3,[6 2],4,6,9,2,6
1,<environment.Job instance at 0x151abd31a460>,2,17,[2 7],3,26,43,23,26
1,<environment.Job instance at 0x151adecf50a0>,9,25,[1 6],10,43,68,33,40
1,<environment.Job instance at 0x151abdc98b90>,14,15,[1 8],15,85,100,70,85
1,<environment.Job instance at 0x151abd97daa0>,17,22,[6 2],18,87,109,69,87
1,<environment.Job instance at 0x151abdcb7af0>,21,16,[2 6],22,142,158,120,142
1,<environment.Job instance at 0x151abdcb7a00>,22,20,[6 1],23,154,174,131,154
1,<environment.Job instance at 0x151ae08436e0>,28,1,[2 8],29,168,169,139,168
1,<environment.Job instance at 0x151ae08434b0>,29,18,[1 5],30,172,190,142,172
1,<environment.Job instance at 0x151ae08438c0>,33,15,[2 7],34,190,205,156,185
1,<environment.Job instance at 0x151ae0843dc0>,34,1,[9 2],35,188,189,153,188
1,<environment.Job instance at 0x151ae0839640>,50,3,[2 6],51,319,322,268,319
1,<environment.Job instance at 0x151ae0839870>,51,24,[1 9],52,328,352,276,328
1,<environment.Job instance at 0x151abd51ecd0>,53,16,[1 8],54,376,392,322,376
1,<environment.Job instance at 0x151ae5a871e0>,54,13,[10  1],55,392,405,337,379
1,<environment.Job instance at 0x151ae0645d70>,59,15,[2 9],60,405,420,345,402
1,<environment.Job instance at 0x151ae5a87fa0>,58,14,[9 2],59,420,434,361,408
1,<environment.Job instance at 0x151ae0d2cf00>,66,1,[2 6],67,451,452,384,451
1,<environment.Job instance at 0x151ae0d2c500>,67,1,[2 7],68,453,454,385,453
1,<environment.Job instance at 0x151ae0d2cd20>,68,3,[2 7],69,458,461,389,458
1,<environment.Job instance at 0x151ae0d2c1e0>,69,18,[7 2],70,463,481,393,463
1,<environment.Job instance at 0x151ae5a660f0>,71,24,[9 2],72,485,509,413,485
1,<environment.Job instance at 0x151adfd84b90>,77,2,[2 5],78,521,523,443,521
1,<environment.Job instance at 0x151adef4ddc0>,84,13,[8 2],85,578,591,493,578
1,<environment.Job instance at 0x151ae51758c0>,90,26,[1 8],91,637,663,546,637
1,<environment.Job instance at 0x151ae0701c80>,93,27,[8 1],94,667,694,573,667
1,<environment.Job instance at 0x151ae5a818c0>,95,20,[8 1],96,700,720,604,700
1,<environment.Job instance at 0x151ae4a94be0>,100,16,[10  1],101,741,757,640,741
1,<environment.Job instance at 0x151abd6f1780>,101,2,[ 1 10],102,757,759,655,744
1,<environment.Job instance at 0x151ae69cecd0>,111,21,[2 6],112,802,823,690,802
1,<environment.Job instance at 0x151ae1177b90>,117,20,[1 9],118,854,874,736,854
1,<environment.Job instance at 0x151abdfe8a00>,123,27,[6 1],124,931,958,807,931
1,<environment.Job instance at 0x151abd318af0>,137,1,[ 1 10],138,1081,1082,943,1081
1,<environment.Job instance at 0x151ae5b21c80>,148,23,[1 7],168,1212,1235,1044,1212
1,<environment.Job instance at 0x151ae1177690>,4,13,[1 9],5,6,19,1,6
1,<environment.Job instance at 0x151ae5a9dbe0>,5,15,[9 2],6,19,34,13,14
1,<environment.Job instance at 0x151abd93ec30>,2,3,[1 7],3,19,22,16,19
1,<environment.Job instance at 0x151ae060dd70>,13,13,[9 1],14,35,48,21,35
1,<environment.Job instance at 0x151abd5d04b0>,12,19,[2 5],13,48,67,35,40
1,<environment.Job instance at 0x151abd27ceb0>,15,26,[5 2],16,48,74,32,46
1,<environment.Job instance at 0x151ae0e288c0>,17,1,[1 9],18,74,75,56,56
1,<environment.Job instance at 0x151abdc59cd0>,19,17,[ 1 10],20,75,92,55,67
1,<environment.Job instance at 0x151abdbab870>,27,24,[5 2],28,131,155,103,131
1,<environment.Job instance at 0x151abd567cd0>,34,25,[5 1],35,195,220,160,195
1,<environment.Job instance at 0x151abd567a50>,37,14,[ 1 10],38,226,240,188,226
1,<environment.Job instance at 0x151ae0e86e10>,39,3,[6 2],40,243,246,203,243
1,<environment.Job instance at 0x151ae0e86370>,40,1,[6 1],41,246,247,205,245
1,<environment.Job instance at 0x151abd3ee5f0>,46,20,[8 1],47,320,340,273,320
1,<environment.Job instance at 0x151abd3eea50>,50,16,[2 6],51,365,381,314,365
1,<environment.Job instance at 0x151abd5f0c30>,51,15,[5 1],52,372,387,320,372
1,<environment.Job instance at 0x151abd5f05a0>,54,1,[2 6],55,388,389,333,388
1,<environment.Job instance at 0x151abd5f0460>,57,1,[ 1 10],58,415,416,357,415
1,<environment.Job instance at 0x151abda9e690>,59,22,[6 1],60,425,447,365,425
1,<environment.Job instance at 0x151abda9e2d0>,61,20,[7 2],62,447,467,385,445
1,<environment.Job instance at 0x151ae5ae1910>,63,20,[ 2 10],64,467,487,403,464
1,<environment.Job instance at 0x151ae5ae12d0>,66,18,[2 6],67,500,518,433,500
1,<environment.Job instance at 0x151ae6a01a00>,67,16,[8 2],68,501,517,433,501
1,<environment.Job instance at 0x151abd941500>,71,2,[10  1],72,526,528,454,526
1,<environment.Job instance at 0x151abd9413c0>,72,22,[8 1],73,533,555,460,533
1,<environment.Job instance at 0x151ae51b95f0>,82,21,[6 1],83,664,685,581,664
1,<environment.Job instance at 0x151abd601320>,85,14,[2 7],86,689,703,603,689
1,<environment.Job instance at 0x151abd6015f0>,89,25,[6 1],90,714,739,624,714
1,<environment.Job instance at 0x151abd2bfd20>,97,2,[7 1],98,808,810,710,808
1,<environment.Job instance at 0x151ae06df960>,99,15,[1 6],100,809,824,709,809
1,<environment.Job instance at 0x151abd557dc0>,101,14,[9 2],102,810,824,708,809
1,<environment.Job instance at 0x151aded04cd0>,114,2,[10  2],115,926,928,811,926
1,<environment.Job instance at 0x151ae5b6b870>,117,17,[7 1],118,948,965,830,948
1,<environment.Job instance at 0x151ae4ac0370>,118,19,[7 2],119,965,984,846,955
1,<environment.Job instance at 0x151ae0d6ef50>,121,13,[1 7],122,1001,1014,879,1001
1,<environment.Job instance at 0x151ae70906e0>,122,25,[ 2 10],123,1019,1044,896,1019
1,<environment.Job instance at 0x151ae7090fa0>,123,3,[1 6],124,1044,1047,920,1020
1,<environment.Job instance at 0x151abd607fa0>,132,3,[2 5],133,1185,1188,1052,1185
1,<environment.Job instance at 0x151ae11264b0>,134,20,[7 2],135,1202,1222,1067,1202
1,<environment.Job instance at 0x151ae06ee140>,136,18,[ 1 10],137,1222,1240,1085,1214
1,<environment.Job instance at 0x151adece0640>,139,25,[2 7],140,1250,1275,1110,1250
1,<environment.Job instance at 0x151ae15e0410>,141,3,[2 6],142,1275,1278,1133,1272
1,<environment.Job instance at 0x151abd8f1960>,7,15,[7 1],8,23,38,15,23
1,<environment.Job instance at 0x151abd8f1fa0>,10,26,[1 8],11,36,62,25,36
1,<environment.Job instance at 0x151abd8f1a00>,15,19,[2 5],16,62,81,46,55
1,<environment.Job instance at 0x151abd8f1c30>,17,23,[6 2],18,58,81,40,58
1,<environment.Job instance at 0x151abd8f1690>,16,3,[ 1 10],17,81,84,64,71
1,<environment.Job instance at 0x151ae5b210f0>,24,22,[10  2],25,143,165,118,143
1,<environment.Job instance at 0x151ae5b21aa0>,26,1,[ 1 10],27,165,166,138,159
1,<environment.Job instance at 0x151abdfe8a00>,47,1,[7 1],48,355,356,307,355
1,<environment.Job instance at 0x151ae1126050>,62,3,[10  2],63,484,487,421,484
1,<environment.Job instance at 0x151ae1126fa0>,63,23,[1 9],64,495,518,431,495
1,<environment.Job instance at 0x151abd190af0>,65,1,[9 1],66,499,500,433,499
1,<environment.Job instance at 0x151ae0843820>,79,16,[2 9],80,579,595,499,579
1,<environment.Job instance at 0x151ae06c3fa0>,83,1,[1 6],84,595,596,511,587
1,<environment.Job instance at 0x151ae06c37d0>,86,22,[1 9],87,608,630,521,608
1,<environment.Job instance at 0x151ae06c3370>,88,2,[8 2],89,643,645,554,643
1,<environment.Job instance at 0x151ae06c3640>,89,22,[2 5],90,649,671,559,649
1,<environment.Job instance at 0x151ae70497d0>,92,1,[2 6],93,671,672,578,656
1,<environment.Job instance at 0x151ae7049190>,96,14,[9 2],97,723,737,626,723
1,<environment.Job instance at 0x151ae7049dc0>,97,16,[2 5],98,737,753,639,724
1,<environment.Job instance at 0x151ae7049640>,99,15,[10  1],100,753,768,653,741
1,<environment.Job instance at 0x151ae05ebaf0>,113,2,[1 7],114,871,873,757,871
1,<environment.Job instance at 0x151abdb5d320>,115,14,[9 1],116,897,911,781,897
1,<environment.Job instance at 0x151abdb5d0f0>,118,25,[2 5],119,943,968,824,943
1,<environment.Job instance at 0x151abdb5d140>,123,17,[10  1],124,998,1015,874,998
1,<environment.Job instance at 0x151abdb5d730>,127,22,[2 7],128,1020,1042,892,1020
1,<environment.Job instance at 0x151abd30d6e0>,132,1,[7 2],133,1069,1070,936,1069
1,<environment.Job instance at 0x151abd30d870>,141,3,[2 6],142,1226,1229,1084,1226
1,<environment.Job instance at 0x151abdd7ee60>,143,1,[8 2],144,1245,1246,1101,1245
1,<environment.Job instance at 0x151ae064d190>,144,15,[2 6],145,1248,1263,1103,1248
1,<environment.Job instance at 0x151abd4fab40>,151,21,[6 2],169,1318,1339,1149,1318
1,<environment.Job instance at 0x151ae11265f0>,5,15,[2 5],6,51,66,45,51
1,<environment.Job instance at 0x151ae0e5e280>,18,25,[2 8],19,113,138,94,113
1,<environment.Job instance at 0x151ae0e5be10>,22,2,[8 1],23,142,144,119,142
1,<environment.Job instance at 0x151ae0e5b500>,24,21,[5 2],25,146,167,121,146
1,<environment.Job instance at 0x151ae0e5b230>,26,2,[2 6],27,169,171,142,169
1,<environment.Job instance at 0x151ae0e73be0>,39,14,[5 1],40,296,310,256,296
1,<environment.Job instance at 0x151ae0e7e3c0>,65,24,[1 5],66,589,613,523,589
1,<environment.Job instance at 0x151abd7c89b0>,66,23,[7 1],67,594,617,527,594
1,<environment.Job instance at 0x151abd7de960>,70,22,[1 5],71,656,678,585,656
1,<environment.Job instance at 0x151ae0e7d230>,78,14,[8 1],79,759,773,680,759
1,<environment.Job instance at 0x151abd805b40>,83,1,[7 1],84,800,801,716,800
1,<environment.Job instance at 0x151abd805af0>,85,26,[1 5],86,808,834,722,808
1,<environment.Job instance at 0x151abd805d70>,84,2,[1 8],85,834,836,749,808
1,<environment.Job instance at 0x151abd8050f0>,88,2,[1 9],89,836,838,747,836
1,<environment.Job instance at 0x151abd82f500>,95,26,[9 2],96,888,914,792,888
1,<environment.Job instance at 0x151abd82f7d0>,97,2,[2 9],98,914,916,816,900
1,<environment.Job instance at 0x151abd82feb0>,98,12,[5 1],99,914,926,815,900
1,<environment.Job instance at 0x151abd82fdc0>,102,13,[2 5],103,943,956,840,943
1,<environment.Job instance at 0x151abd82f3c0>,105,23,[2 5],106,983,1006,877,983
1,<environment.Job instance at 0x151abd82fd70>,106,1,[2 7],107,1006,1007,899,987
1,<environment.Job instance at 0x151abd7cc320>,124,24,[1 5],125,1145,1169,1020,1145
1,<environment.Job instance at 0x151abd8163c0>,123,1,[7 1],124,1157,1158,1033,1157
1,<environment.Job instance at 0x151abd816f00>,127,18,[5 1],128,1160,1178,1032,1160
1,<environment.Job instance at 0x151abd816aa0>,125,14,[1 7],126,1210,1224,1084,1210
1,<environment.Job instance at 0x151abd82cc80>,135,25,[1 5],136,1239,1264,1103,1239
1,<environment.Job instance at 0x151abd82c730>,136,12,[ 1 10],137,1267,1279,1130,1267
1,<environment.Job instance at 0x151abd801370>,141,13,[2 6],142,1279,1292,1137,1278
1,<environment.Job instance at 0x151abd8010f0>,142,1,[ 1 10],143,1292,1293,1149,1292
1,<environment.Job instance at 0x151abd801500>,144,24,[7 2],147,1310,1334,1163,1310
1,<environment.Job instance at 0x151ae0e5b4b0>,2,13,[7 1],3,9,22,6,9
1,<environment.Job instance at 0x151abdb97140>,6,26,[2 8],7,11,37,4,11
1,<environment.Job instance at 0x151abdb97a00>,8,3,[5 2],9,23,26,14,23
1,<environment.Job instance at 0x151abdb97190>,10,15,[10  2],11,37,52,26,33
1,<environment.Job instance at 0x151abdb970f0>,5,22,[2 9],6,54,76,48,54
1,<environment.Job instance at 0x151ae0e41460>,19,15,[6 2],20,98,113,78,98
1,<environment.Job instance at 0x151ae0e41e60>,21,22,[2 5],22,112,134,90,112
1,<environment.Job instance at 0x151ae0e41230>,27,2,[2 6],28,148,150,120,148
1,<environment.Job instance at 0x151abd3ba690>,41,17,[ 2 10],42,270,287,228,270
1,<environment.Job instance at 0x151abd3bac80>,43,22,[1 6],44,287,309,243,281
1,<environment.Job instance at 0x151abd834190>,47,1,[ 1 10],48,309,310,261,293
1,<environment.Job instance at 0x151abd834820>,61,21,[2 7],62,464,485,402,464
1,<environment.Job instance at 0x151ae0e42910>,68,14,[5 1],69,555,569,486,555
1,<environment.Job instance at 0x151ae0e42c30>,74,22,[1 9],75,632,654,557,632
1,<environment.Job instance at 0x151ae5adea50>,76,24,[2 5],77,669,693,592,669
1,<environment.Job instance at 0x151ae5adeaa0>,78,20,[5 2],79,682,702,603,682
1,<environment.Job instance at 0x151ae5adecd0>,79,17,[6 2],80,702,719,622,691
1,<environment.Job instance at 0x151ae5adee60>,83,19,[2 9],84,719,738,635,710
1,<environment.Job instance at 0x151ae5adeb90>,85,14,[5 2],86,738,752,652,733
1,<environment.Job instance at 0x151ae5ade690>,91,3,[5 2],92,777,780,685,777
1,<environment.Job instance at 0x151abdb885f0>,100,3,[8 2],101,877,880,776,877
1,<environment.Job instance at 0x151abdb883c0>,101,16,[1 9],102,884,900,782,884
1,<environment.Job instance at 0x151abdb886e0>,105,3,[2 6],106,929,932,823,929
1,<environment.Job instance at 0x151abd3de5f0>,112,3,[8 1],113,1003,1006,890,1003
1,<environment.Job instance at 0x151abd3de230>,113,18,[1 5],114,1015,1033,901,1015
1,<environment.Job instance at 0x151abd3de910>,116,21,[2 5],117,1046,1067,929,1046
1,<environment.Job instance at 0x151abdb8d2d0>,119,1,[8 2],120,1071,1072,951,1071
1,<environment.Job instance at 0x151abd3e5e60>,131,12,[1 7],132,1155,1167,1023,1155
1,<environment.Job instance at 0x151abd3e8c80>,137,12,[1 9],138,1204,1216,1066,1204
1,<environment.Job instance at 0x151abd3e8730>,140,21,[5 2],141,1232,1253,1091,1232
1,<environment.Job instance at 0x151abd43ae60>,146,23,[6 1],148,1307,1330,1159,1307
1,<environment.Job instance at 0x151abd7f7a00>,147,2,[1 7],149,1329,1331,1180,1329
1,<environment.Job instance at 0x151ae05dbdc0>,149,2,[6 2],164,1330,1332,1166,1330
1,<environment.Job instance at 0x151abd837e60>,7,20,[9 1],8,16,36,8,16
1,<environment.Job instance at 0x151abd837140>,6,2,[9 1],7,36,38,29,17
1,<environment.Job instance at 0x151abd837730>,10,1,[8 1],11,38,39,27,30
1,<environment.Job instance at 0x151abd8378c0>,5,17,[7 1],6,63,80,57,63
1,<environment.Job instance at 0x151abd963500>,17,20,[ 2 10],18,85,105,67,85
1,<environment.Job instance at 0x151ae1166a50>,27,20,[ 1 10],28,187,207,159,187
1,<environment.Job instance at 0x151ae1166e60>,28,15,[9 1],29,207,222,178,193
1,<environment.Job instance at 0x151ae1166aa0>,38,16,[8 2],39,288,304,249,288
1,<environment.Job instance at 0x151ae1166eb0>,40,20,[1 8],41,303,323,262,303
1,<environment.Job instance at 0x151ae1166960>,43,16,[1 6],44,323,339,279,317
1,<environment.Job instance at 0x151abd2a72d0>,44,1,[10  1],45,339,340,294,317
1,<environment.Job instance at 0x151abd2a75f0>,47,14,[5 1],48,349,363,301,349
1,<environment.Job instance at 0x151abdd94910>,55,2,[2 6],56,476,478,420,476
1,<environment.Job instance at 0x151abdd943c0>,57,26,[ 1 10],58,486,512,428,486
1,<environment.Job instance at 0x151abdd94f00>,65,13,[2 5],66,547,560,481,547
1,<environment.Job instance at 0x151ae4aa15a0>,79,15,[ 1 10],80,662,677,582,662
1,<environment.Job instance at 0x151abd80b730>,108,18,[2 6],109,902,920,793,902
1,<environment.Job instance at 0x151abd80baf0>,111,13,[8 2],112,924,937,812,924
1,<environment.Job instance at 0x151abd80b2d0>,120,1,[1 5],121,1015,1016,894,1015
1,<environment.Job instance at 0x151adfda28c0>,135,14,[2 8],136,1065,1079,929,1065
1,<environment.Job instance at 0x151ae06cac30>,4,3,[8 1],5,12,15,7,12
1,<environment.Job instance at 0x151ae70824b0>,2,20,[2 7],3,42,62,39,42
1,<environment.Job instance at 0x151ae06a0640>,22,20,[2 6],23,166,186,143,166
1,<environment.Job instance at 0x151ae06a00a0>,23,23,[6 1],24,167,190,143,167
1,<environment.Job instance at 0x151ae06a03c0>,24,2,[1 8],25,186,188,161,177
1,<environment.Job instance at 0x151abd6a3190>,45,1,[2 5],46,435,436,389,435
1,<environment.Job instance at 0x151abde77410>,47,24,[1 8],48,437,461,389,437
1,<environment.Job instance at 0x151ae0690c80>,51,13,[7 1],52,489,502,437,489
1,<environment.Job instance at 0x151ae06c5730>,53,25,[6 1],54,508,533,454,508
1,<environment.Job instance at 0x151abde81190>,55,16,[ 1 10],56,533,549,477,522
1,<environment.Job instance at 0x151abdea43c0>,63,22,[7 2],64,619,641,555,619
1,<environment.Job instance at 0x151abdea4b40>,67,15,[2 7],68,660,675,592,660
1,<environment.Job instance at 0x151abdea4280>,68,15,[1 9],69,675,690,606,667
1,<environment.Job instance at 0x151abde76f00>,77,1,[2 5],78,743,744,665,743
1,<environment.Job instance at 0x151abde90050>,80,23,[2 6],81,785,808,704,785
1,<environment.Job instance at 0x151abde90370>,87,18,[ 2 10],88,874,892,786,874
1,<environment.Job instance at 0x151abde90aa0>,90,19,[1 8],91,892,911,801,892
1,<environment.Job instance at 0x151abde90d20>,94,16,[1 7],95,913,929,818,913
1,<environment.Job instance at 0x151abde90d70>,97,21,[5 2],98,924,945,826,924
1,<environment.Job instance at 0x151abde90f00>,99,13,[2 5],100,937,950,837,937
1,<environment.Job instance at 0x151abdea3140>,102,1,[2 9],103,950,951,847,949
1,<environment.Job instance at 0x151abdea3500>,109,15,[5 2],110,993,1008,883,993
1,<environment.Job instance at 0x151abdea3730>,112,26,[5 2],113,1004,1030,891,1004
1,<environment.Job instance at 0x151abdea3a00>,114,3,[10  2],115,1030,1033,915,1015
1,<environment.Job instance at 0x151abdea3af0>,116,2,[9 2],117,1033,1035,916,1020
1,<environment.Job instance at 0x151abdea3e60>,121,15,[7 1],122,1068,1083,946,1068
1,<environment.Job instance at 0x151abdea3f50>,124,24,[10  2],125,1095,1119,970,1095
1,<environment.Job instance at 0x151abde905a0>,3,25,[1 6],4,5,30,1,5
1,<environment.Job instance at 0x151abda7d820>,6,20,[7 2],7,8,28,1,8
1,<environment.Job instance at 0x151abda7d5a0>,7,2,[10  2],8,30,32,22,18
1,<environment.Job instance at 0x151abda7d280>,12,20,[1 8],13,57,77,44,57
1,<environment.Job instance at 0x151abd68c410>,23,16,[5 2],24,156,172,132,156
1,<environment.Job instance at 0x151abd68c4b0>,26,12,[6 1],27,175,187,148,175
1,<environment.Job instance at 0x151abd68ce60>,30,1,[7 2],31,220,221,189,220
1,<environment.Job instance at 0x151ae08e8c80>,38,18,[5 2],39,302,320,263,302
1,<environment.Job instance at 0x151ae08e8af0>,46,28,[9 1],47,372,400,325,372
1,<environment.Job instance at 0x151ae08e8a00>,48,3,[2 5],49,400,403,351,388
1,<environment.Job instance at 0x151ae08e8e60>,49,28,[2 5],50,400,428,350,399
1,<environment.Job instance at 0x151abd6a09b0>,62,1,[10  1],63,521,522,458,521
1,<environment.Job instance at 0x151abd6a05f0>,64,22,[2 8],65,525,547,460,525
1,<environment.Job instance at 0x151abd6a03c0>,66,19,[10  1],67,547,566,480,543
1,<environment.Job instance at 0x151abd6a0320>,70,1,[5 1],71,585,586,514,585
1,<environment.Job instance at 0x151abd6a0eb0>,73,19,[2 5],74,585,604,511,585
1,<environment.Job instance at 0x151ae090c6e0>,91,14,[5 1],92,758,772,666,758
1,<environment.Job instance at 0x151ae090c870>,95,28,[1 7],96,762,790,666,762
1,<environment.Job instance at 0x151ae090c4b0>,98,2,[9 1],99,777,779,678,777
1,<environment.Job instance at 0x151abd697e60>,99,2,[9 1],100,782,784,682,782
1,<environment.Job instance at 0x151abd697c80>,105,14,[1 6],106,807,821,701,807
1,<environment.Job instance at 0x151abd697780>,104,13,[2 7],105,821,834,716,809
1,<environment.Job instance at 0x151abdc2bb90>,127,2,[10  1],128,979,981,851,979
1,<environment.Job instance at 0x151abda72af0>,138,20,[8 2],139,1101,1121,962,1101
1,<environment.Job instance at 0x151abd398730>,5,3,[2 8],6,6,9,0,6
1,<environment.Job instance at 0x151abd9220f0>,6,16,[2 7],7,9,25,2,7
1,<environment.Job instance at 0x151abd922690>,9,3,[ 2 10],10,25,28,15,12
1,<environment.Job instance at 0x151ae0e03a00>,8,17,[10  2],9,33,50,24,33
1,<environment.Job instance at 0x151abd907c80>,19,3,[9 2],20,74,77,54,74
1,<environment.Job instance at 0x151abd9075a0>,20,23,[9 1],21,77,100,56,77
1,<environment.Job instance at 0x151abd546910>,24,13,[9 1],25,100,113,75,98
1,<environment.Job instance at 0x151abd907780>,25,2,[1 7],26,101,103,75,101
1,<environment.Job instance at 0x151abde27370>,52,12,[7 2],53,382,394,329,382
1,<environment.Job instance at 0x151abde27cd0>,54,3,[5 2],55,398,401,343,398
1,<environment.Job instance at 0x151ae50e0c30>,76,14,[1 8],77,642,656,565,642
1,<environment.Job instance at 0x151ae50e0dc0>,81,17,[ 2 10],82,656,673,574,656
1,<environment.Job instance at 0x151ae50e0f50>,83,1,[7 1],84,673,674,589,666
1,<environment.Job instance at 0x151ae50f8410>,87,21,[5 2],88,686,707,598,686
1,<environment.Job instance at 0x151ae50f8870>,92,23,[9 1],93,763,786,670,763
1,<environment.Job instance at 0x151ae50f83c0>,94,1,[8 2],95,813,814,718,813
1,<environment.Job instance at 0x151ae510f050>,106,3,[1 5],107,930,933,823,930
1,<environment.Job instance at 0x151ae510f320>,107,1,[1 8],108,949,950,841,949
1,<environment.Job instance at 0x151ae510f870>,112,27,[1 5],113,991,1018,878,991
1,<environment.Job instance at 0x151ae510fa00>,117,20,[6 1],118,1031,1051,913,1031
1,<environment.Job instance at 0x151ae510f820>,120,26,[2 9],121,1038,1064,917,1038
1,<environment.Job instance at 0x151ae50ece10>,144,20,[1 9],145,1278,1298,1133,1278
1,<environment.Job instance at 0x151ae510f1e0>,3,15,[5 2],4,5,20,1,5
1,<environment.Job instance at 0x151abd653960>,6,13,[7 1],7,20,33,13,11
1,<environment.Job instance at 0x151abd7865a0>,15,16,[8 1],16,83,99,67,83
1,<environment.Job instance at 0x151abd786aa0>,17,25,[1 9],18,84,109,66,84
1,<environment.Job instance at 0x151abd786190>,20,12,[8 1],21,110,122,89,110
1,<environment.Job instance at 0x151abdd949b0>,28,14,[2 5],29,212,226,183,212
1,<environment.Job instance at 0x151abdd94960>,33,18,[10  1],34,251,269,217,251
1,<environment.Job instance at 0x151abdd94aa0>,34,1,[1 7],35,273,274,238,273
1,<environment.Job instance at 0x151abdd94eb0>,43,12,[7 2],44,361,373,317,361
1,<environment.Job instance at 0x151abdd94370>,44,1,[8 1],45,373,374,328,365
1,<environment.Job instance at 0x151abdd94e60>,48,26,[6 1],49,398,424,349,398
1,<environment.Job instance at 0x151ae0ddd550>,51,12,[2 8],52,423,435,371,423
1,<environment.Job instance at 0x151ae0ddd320>,57,13,[9 1],58,480,493,422,480
1,<environment.Job instance at 0x151ae0ddd910>,61,1,[9 2],62,501,502,439,501
1,<environment.Job instance at 0x151ae0dddb90>,63,1,[9 2],64,503,504,439,503
1,<environment.Job instance at 0x151ae0ddd460>,62,2,[7 2],63,522,524,459,522
1,<environment.Job instance at 0x151ae0ddde10>,66,1,[8 2],67,525,526,458,525
1,<environment.Job instance at 0x151ae0ddd7d0>,67,21,[1 8],68,533,554,465,533
1,<environment.Job instance at 0x151ae07ba460>,78,19,[2 5],79,592,611,513,592
1,<environment.Job instance at 0x151ae07ba820>,79,1,[2 7],80,611,612,531,594
1,<environment.Job instance at 0x151ae07ba1e0>,86,17,[10  2],87,697,714,610,697
1,<environment.Job instance at 0x151ae08d5a00>,96,19,[1 7],97,795,814,698,795
1,<environment.Job instance at 0x151ae08d58c0>,100,25,[2 5],101,853,878,752,853
1,<environment.Job instance at 0x151ae08d5690>,109,27,[1 9],110,926,953,816,926
1,<environment.Job instance at 0x151abdbfc4b0>,117,19,[10  1],118,986,1005,868,986
1,<environment.Job instance at 0x151abdbfcc80>,120,14,[7 1],121,1005,1019,884,1001
1,<environment.Job instance at 0x151abdbfceb0>,123,22,[ 2 10],124,1036,1058,912,1036
1,<environment.Job instance at 0x151abdbfcd70>,129,22,[8 1],130,1060,1082,930,1060
1,<environment.Job instance at 0x151abdbfc0a0>,124,3,[6 2],125,1082,1085,957,1069
1,<environment.Job instance at 0x151abd72c4b0>,135,16,[1 9],136,1104,1120,968,1104
1,<environment.Job instance at 0x151ae515e8c0>,3,1,[9 1],4,4,5,0,4
1,<environment.Job instance at 0x151ae515e0a0>,8,18,[5 1],9,28,46,19,28
1,<environment.Job instance at 0x151ae515e550>,14,25,[5 2],15,110,135,95,110
1,<environment.Job instance at 0x151ae7037d20>,20,19,[ 2 10],21,180,199,159,180
1,<environment.Job instance at 0x151ae70379b0>,26,22,[6 1],27,205,227,178,205
1,<environment.Job instance at 0x151ae7037a00>,32,2,[6 1],33,242,244,209,242
1,<environment.Job instance at 0x151ae5181e10>,39,13,[1 9],40,269,282,229,269
1,<environment.Job instance at 0x151ae5181500>,42,3,[2 7],43,282,285,239,271
1,<environment.Job instance at 0x151ae5181c80>,52,15,[8 2],53,353,368,300,353
1,<environment.Job instance at 0x151ae5181e60>,53,3,[1 9],54,368,371,314,359
1,<environment.Job instance at 0x151ae15b4c80>,55,3,[2 6],56,374,377,318,374
1,<environment.Job instance at 0x151ae15b46e0>,68,13,[5 2],69,484,497,415,484
1,<environment.Job instance at 0x151ae5166690>,82,2,[8 2],83,582,584,499,582
1,<environment.Job instance at 0x151ae5166d20>,87,18,[2 6],88,611,629,523,611
1,<environment.Job instance at 0x151abded1640>,103,25,[6 2],104,803,828,699,803
1,<environment.Job instance at 0x151abded14b0>,105,2,[2 5],106,805,807,699,805
1,<environment.Job instance at 0x151abded17d0>,106,2,[6 2],107,828,830,721,806
1,<environment.Job instance at 0x151abded1500>,108,17,[6 2],109,830,847,721,823
1,<environment.Job instance at 0x151ae05f64b0>,119,19,[2 6],120,910,929,790,910
1,<environment.Job instance at 0x151ae05f6eb0>,120,1,[5 2],121,914,915,793,914
1,<environment.Job instance at 0x151abd5676e0>,123,14,[7 2],124,942,956,818,942
1,<environment.Job instance at 0x151abd5bf690>,127,3,[10  1],128,980,983,852,980
1,<environment.Job instance at 0x151abd56f500>,131,19,[2 7],132,1032,1051,900,1032
1,<environment.Job instance at 0x151abdc1e780>,132,14,[2 6],133,1051,1065,918,1040
1,<environment.Job instance at 0x151ae079a640>,135,18,[8 1],136,1072,1090,936,1072
1,<environment.Job instance at 0x151abdcdb190>,5,27,[8 1],6,12,39,6,12
1,<environment.Job instance at 0x151abdcdba00>,8,2,[9 1],9,39,41,30,13
1,<environment.Job instance at 0x151abdcdb780>,10,23,[1 5],11,24,47,13,24
1,<environment.Job instance at 0x151abdcdb460>,11,1,[2 9],12,47,48,35,30
1,<environment.Job instance at 0x151abdcdb7d0>,13,23,[9 1],14,48,71,34,43
1,<environment.Job instance at 0x151abdcdb5f0>,14,19,[2 5],15,71,90,56,67
1,<environment.Job instance at 0x151ae7bd3b40>,17,2,[1 6],18,93,95,75,93
1,<environment.Job instance at 0x151ae7bd36e0>,20,12,[2 9],21,100,112,79,100
1,<environment.Job instance at 0x151adef2fb90>,24,18,[8 1],25,145,163,120,145
1,<environment.Job instance at 0x151adef2f3c0>,26,19,[1 5],27,150,169,123,150
1,<environment.Job instance at 0x151adef2fd70>,27,2,[1 6],28,169,171,141,160
1,<environment.Job instance at 0x151adef2faa0>,25,26,[5 1],26,166,192,140,166
1,<environment.Job instance at 0x151adef2f0a0>,31,15,[2 5],32,180,195,148,180
1,<environment.Job instance at 0x151adef2f6e0>,34,23,[ 2 10],35,209,232,174,209
1,<environment.Job instance at 0x151adef2fe60>,36,17,[10  1],37,232,249,195,232
1,<environment.Job instance at 0x151ae7ba5500>,40,22,[9 2],41,275,297,234,275
1,<environment.Job instance at 0x151ae0750a00>,52,3,[10  1],53,488,491,435,488
1,<environment.Job instance at 0x151ae0750730>,54,13,[6 1],55,502,515,447,502
1,<environment.Job instance at 0x151ae0750fa0>,56,24,[2 8],57,511,535,454,511
1,<environment.Job instance at 0x151ae07502d0>,62,18,[2 7],63,584,602,521,584
1,<environment.Job instance at 0x151abd5655a0>,63,16,[1 9],64,602,618,538,590
1,<environment.Job instance at 0x151abd565230>,71,18,[ 2 10],72,643,661,571,643
1,<environment.Job instance at 0x151abd5659b0>,79,22,[5 1],80,741,763,661,741
1,<environment.Job instance at 0x151abd5655f0>,83,1,[1 5],84,775,776,691,775
1,<environment.Job instance at 0x151abd5c8410>,84,2,[10  1],85,784,786,699,784
1,<environment.Job instance at 0x151abd5c8910>,86,1,[8 1],87,790,791,703,790
1,<environment.Job instance at 0x151abd5c8050>,88,2,[2 9],89,820,822,731,820
1,<environment.Job instance at 0x151abd5c8c30>,93,1,[5 2],94,887,888,793,887
1,<environment.Job instance at 0x151abd5c84b0>,98,20,[5 1],99,935,955,836,935
1,<environment.Job instance at 0x151abd5c8d70>,102,20,[8 1],103,992,1012,889,992
1,<environment.Job instance at 0x151abda24280>,106,12,[2 8],107,1013,1025,906,1013
1,<environment.Job instance at 0x151abda24e60>,110,17,[1 8],111,1053,1070,942,1053
1,<environment.Job instance at 0x151abda245a0>,113,17,[5 2],114,1079,1096,965,1079
1,<environment.Job instance at 0x151abda243c0>,119,3,[1 7],120,1103,1106,983,1103
1,<environment.Job instance at 0x151abda241e0>,121,16,[5 1],122,1114,1130,992,1114
1,<environment.Job instance at 0x151ae07b5b90>,128,16,[2 8],129,1210,1226,1081,1210
1,<environment.Job instance at 0x151ae07b5fa0>,130,27,[9 1],131,1229,1256,1098,1229
1,<environment.Job instance at 0x151ae07b5c30>,134,12,[1 9],135,1267,1279,1132,1267
1,<environment.Job instance at 0x151ae07b5730>,137,20,[10  1],138,1301,1321,1163,1301
1,<environment.Job instance at 0x151abded1a50>,141,2,[2 6],142,1342,1344,1200,1342
1,<environment.Job instance at 0x151abded1d20>,142,18,[8 1],143,1349,1367,1206,1349
1,<environment.Job instance at 0x151abdec8fa0>,148,25,[8 2],161,1375,1400,1214,1375
1,<environment.Job instance at 0x151adef2a690>,8,16,[2 8],9,40,56,31,40
1,<environment.Job instance at 0x151adef2adc0>,9,14,[10  2],10,56,70,46,42
1,<environment.Job instance at 0x151abd7459b0>,24,3,[2 7],25,191,194,166,191
1,<environment.Job instance at 0x151abd745e60>,27,1,[8 2],28,196,197,168,196
1,<environment.Job instance at 0x151abd745690>,29,3,[7 1],30,199,202,169,199
1,<environment.Job instance at 0x151ae0e09e10>,39,17,[ 2 10],40,307,324,267,307
1,<environment.Job instance at 0x151ae0e09e60>,43,15,[ 1 10],44,324,339,280,320
1,<environment.Job instance at 0x151ae0e09410>,49,3,[5 2],50,368,371,318,368
1,<environment.Job instance at 0x151ae0e09be0>,50,25,[6 2],51,379,404,328,379
1,<environment.Job instance at 0x151ae0e12050>,57,18,[8 2],58,499,517,441,499
1,<environment.Job instance at 0x151ae0e128c0>,63,1,[1 9],64,572,573,508,572
1,<environment.Job instance at 0x151ae0e12780>,67,16,[6 2],68,581,597,513,581
1,<environment.Job instance at 0x151ae0e12730>,70,28,[2 8],71,629,657,558,629
1,<environment.Job instance at 0x151abde28eb0>,85,14,[1 9],86,788,802,702,788
1,<environment.Job instance at 0x151abd9a5730>,94,15,[ 1 10],95,878,893,783,878
1,<environment.Job instance at 0x151abd9a50f0>,100,13,[6 1],101,924,937,823,924
1,<environment.Job instance at 0x151abd9a56e0>,101,3,[1 9],102,924,927,822,924
1,<environment.Job instance at 0x151abd9a50a0>,103,13,[1 9],104,929,942,825,929
1,<environment.Job instance at 0x151abd9a5aa0>,105,14,[2 5],106,957,971,851,957
1,<environment.Job instance at 0x151ae0df0640>,112,18,[5 2],113,1003,1021,890,1003
1,<environment.Job instance at 0x151ae0df09b0>,129,21,[5 1],130,1146,1167,1016,1146
1,<environment.Job instance at 0x151ae0df0a00>,132,17,[9 2],133,1198,1215,1065,1198
1,<environment.Job instance at 0x151abd1e4b40>,135,13,[5 1],136,1225,1238,1089,1225
1,<environment.Job instance at 0x14966eaa7960>,7,1,[7 2],8,8,9,0,8
1,<environment.Job instance at 0x149677e64af0>,1,2,[2 5],2,9,11,7,9
1,<environment.Job instance at 0x14966eaa7af0>,8,2,[2 5],9,10,12,1,10
1,<environment.Job instance at 0x14966eaa7690>,12,22,[2 6],13,13,35,0,13
1,<environment.Job instance at 0x14966eaa7a00>,11,14,[10  2],12,35,49,23,20
1,<environment.Job instance at 0x14966eaa8410>,20,3,[7 1],21,94,97,73,94
1,<environment.Job instance at 0x14966eaa8eb0>,33,2,[9 1],34,210,212,176,210
1,<environment.Job instance at 0x14966eaa8f00>,36,27,[10  2],37,221,248,184,221
1,<environment.Job instance at 0x14966eaab230>,39,2,[5 2],40,248,250,208,221
1,<environment.Job instance at 0x14966eaab1e0>,40,19,[1 7],41,260,279,219,260
1,<environment.Job instance at 0x14966eaab280>,44,13,[ 2 10],45,279,292,234,272
1,<environment.Job instance at 0x14966eaab640>,48,1,[6 2],49,292,293,243,284
1,<environment.Job instance at 0x14966eaab5f0>,45,15,[2 5],46,295,310,249,295
1,<environment.Job instance at 0x14966eaabe10>,57,1,[5 1],58,358,359,300,358
1,<environment.Job instance at 0x14966eaabe60>,58,17,[2 7],59,360,377,301,360
1,<environment.Job instance at 0x14966eaae460>,68,28,[10  1],69,445,473,376,445
1,<environment.Job instance at 0x14966eaaea00>,75,15,[2 6],76,494,509,418,494
1,<environment.Job instance at 0x14966eaaeaa0>,76,14,[9 1],77,509,523,432,496
1,<environment.Job instance at 0x14966eaaeb90>,78,3,[ 2 10],79,523,526,444,499
1,<environment.Job instance at 0x14966eaaec80>,81,2,[9 2],82,526,528,444,513
1,<environment.Job instance at 0x14966eaaedc0>,83,21,[7 2],84,528,549,444,527
1,<environment.Job instance at 0x14966eab0a50>,95,25,[7 2],96,605,630,509,605
1,<environment.Job instance at 0x14966eab0780>,100,20,[10  2],101,654,674,553,654
1,<environment.Job instance at 0x14966eab0eb0>,101,14,[6 1],102,674,688,572,661
1,<environment.Job instance at 0x14966eab0d20>,104,12,[10  1],105,700,712,595,700
1,<environment.Job instance at 0x14966eab4230>,106,2,[7 1],107,712,714,605,702
1,<environment.Job instance at 0x14966eab44b0>,110,2,[ 2 10],111,734,736,623,734
1,<environment.Job instance at 0x14966eab4870>,115,25,[2 7],116,771,796,655,771
1,<environment.Job instance at 0x14966eab4eb0>,124,12,[10  2],125,840,852,715,840
1,<environment.Job instance at 0x149677e9d230>,125,17,[5 1],126,852,869,726,844
1,<environment.Job instance at 0x14966eef9af0>,126,13,[9 1],127,869,882,742,858
1,<environment.Job instance at 0x149670b3a0a0>,3,2,[7 1],4,5,7,1,5
1,<environment.Job instance at 0x149670a615f0>,9,14,[1 6],10,40,54,30,40
1,<environment.Job instance at 0x149670a615a0>,17,17,[6 2],18,117,134,99,117
1,<environment.Job instance at 0x149670a61870>,20,17,[1 7],21,122,139,101,122
1,<environment.Job instance at 0x1496710929b0>,36,20,[2 5],37,251,271,214,251
1,<environment.Job instance at 0x1496710924b0>,37,2,[10  2],38,271,273,233,251
1,<environment.Job instance at 0x14967118ec80>,45,19,[5 1],46,304,323,258,304
1,<environment.Job instance at 0x1496711207d0>,61,3,[1 7],62,431,434,369,431
1,<environment.Job instance at 0x149671120190>,66,21,[1 7],67,487,508,420,487
1,<environment.Job instance at 0x149671196dc0>,80,21,[6 2],81,611,632,530,611
1,<environment.Job instance at 0x149671196320>,81,17,[2 6],82,616,633,534,616
1,<environment.Job instance at 0x1496711960a0>,83,2,[8 1],84,647,649,563,647
1,<environment.Job instance at 0x1496710b6dc0>,90,2,[1 9],91,667,669,576,667
1,<environment.Job instance at 0x1496754c7050>,105,1,[2 7],106,790,791,684,790
1,<environment.Job instance at 0x149670a6a780>,110,3,[7 1],111,816,819,705,816
1,<environment.Job instance at 0x149670918910>,119,3,[2 9],120,890,893,770,890
1,<environment.Job instance at 0x149670a45190>,125,22,[2 5],126,941,963,815,941
1,<environment.Job instance at 0x149670a2a960>,135,15,[2 8],136,996,1011,860,996
1,<environment.Job instance at 0x149670915dc0>,139,14,[1 9],140,1028,1042,888,1028
1,<environment.Job instance at 0x149670a445a0>,141,15,[7 1],142,1037,1052,895,1037
1,<environment.Job instance at 0x149675e93500>,148,14,[5 1],162,1100,1114,938,1100
1,<environment.Job instance at 0x14964d514780>,7,17,[1 7],8,16,33,8,16
1,<environment.Job instance at 0x14964d514410>,6,21,[10  1],7,33,54,26,28
1,<environment.Job instance at 0x14964d514500>,5,15,[5 2],6,56,71,50,56
1,<environment.Job instance at 0x14964d514870>,12,17,[1 9],13,71,88,58,68
1,<environment.Job instance at 0x14964d514d20>,17,1,[6 1],18,82,83,64,82
1,<environment.Job instance at 0x14964d514eb0>,22,12,[2 8],23,142,154,119,142
1,<environment.Job instance at 0x14964d516280>,23,12,[10  1],24,176,188,152,176
1,<environment.Job instance at 0x14964d516c80>,40,15,[2 8],41,262,277,221,262
1,<environment.Job instance at 0x14964d516e10>,42,14,[1 6],43,284,298,241,284
1,<environment.Job instance at 0x14964d519500>,52,1,[2 5],53,429,430,376,429
1,<environment.Job instance at 0x14964d519cd0>,61,14,[2 7],62,508,522,446,508
1,<environment.Job instance at 0x14964d51b410>,71,26,[7 1],72,543,569,471,543
1,<environment.Job instance at 0x14964d51bdc0>,86,24,[6 2],87,710,734,623,710
1,<environment.Job instance at 0x14964d51bcd0>,88,1,[2 6],89,721,722,632,721
1,<environment.Job instance at 0x14964d51bbe0>,89,14,[7 1],90,734,748,644,731
1,<environment.Job instance at 0x14964d51e280>,93,2,[8 2],94,748,750,654,740
1,<environment.Job instance at 0x14964d51e500>,97,2,[9 2],98,777,779,679,777
1,<environment.Job instance at 0x14964d51eb40>,106,1,[1 6],107,861,862,754,861
1,<environment.Job instance at 0x14964d5203c0>,118,24,[7 2],119,983,1007,864,983
1,<environment.Job instance at 0x14964d520460>,120,19,[2 7],121,1003,1022,882,1003
1,<environment.Job instance at 0x14964d520640>,122,13,[1 5],123,1033,1046,910,1033
1,<environment.Job instance at 0x14964d520e10>,130,19,[9 2],131,1099,1118,968,1099
1,<environment.Job instance at 0x14964d523140>,136,16,[2 5],137,1129,1145,992,1129
1,<environment.Job instance at 0x14964d5234b0>,140,12,[1 5],141,1151,1163,1010,1151
1,<environment.Job instance at 0x14964d523550>,141,3,[2 6],142,1163,1166,1021,1160
1,<environment.Job instance at 0x14964d559280>,147,24,[8 1],169,1270,1294,1101,1270
1,<environment.Job instance at 0x14964d633370>,149,3,[ 1 10],173,1294,1297,1121,1271
1,<environment.Job instance at 0x14964d6a3550>,150,2,[7 1],177,1297,1299,1120,1279
1,<environment.Job instance at 0x149675411500>,2,1,[8 1],3,26,27,23,26
1,<environment.Job instance at 0x14964da6c050>,11,2,[5 1],12,27,29,15,27
1,<environment.Job instance at 0x14964da6c6e0>,12,3,[8 1],13,29,32,16,29
1,<environment.Job instance at 0x14964da6c410>,15,3,[8 1],16,45,48,29,45
1,<environment.Job instance at 0x14964da6cc30>,16,20,[6 1],17,52,72,35,52
1,<environment.Job instance at 0x14964da6cd20>,18,3,[1 5],19,54,57,35,54
1,<environment.Job instance at 0x14964da64050>,21,3,[2 6],22,94,97,72,94
1,<environment.Job instance at 0x14964da645f0>,23,26,[2 6],24,102,128,78,102
1,<environment.Job instance at 0x14964da64730>,28,1,[1 5],29,128,129,99,119
1,<environment.Job instance at 0x14964da610f0>,31,22,[7 1],32,135,157,103,135
1,<environment.Job instance at 0x14964da61be0>,39,13,[2 9],40,191,204,151,191
1,<environment.Job instance at 0x14964da5e0a0>,41,16,[1 7],42,204,220,162,196
1,<environment.Job instance at 0x14964da5ee10>,45,12,[2 6],46,237,249,191,237
1,<environment.Job instance at 0x14964d9f7140>,57,15,[1 9],58,312,327,254,312
1,<environment.Job instance at 0x14964d9cf320>,61,20,[2 7],62,339,359,277,339
1,<environment.Job instance at 0x14964d9cf280>,65,1,[1 7],66,384,385,318,384
1,<environment.Job instance at 0x14964d9cf1e0>,72,1,[5 1],73,473,474,400,473
1,<environment.Job instance at 0x14966c1d2eb0>,88,14,[8 2],89,629,643,540,629
1,<environment.Job instance at 0x14964dad7820>,95,23,[2 6],96,681,704,585,681
1,<environment.Job instance at 0x14966c1730f0>,118,20,[9 1],119,855,875,736,855
1,<environment.Job instance at 0x1496718a4460>,122,14,[2 7],123,889,903,766,889
1,<environment.Job instance at 0x149675409e60>,133,19,[10  2],134,990,1009,856,990
1,<environment.Job instance at 0x14966c207910>,134,2,[ 1 10],135,1009,1011,874,991
1,<environment.Job instance at 0x149677d16aa0>,145,18,[7 1],146,1111,1129,965,1111
1,<environment.Job instance at 0x14966c165910>,150,26,[8 1],151,1154,1180,1003,1154
1,<environment.Job instance at 0x14966c165d70>,156,24,[7 2],169,1214,1238,1045,1214
1,<environment.Job instance at 0x14964d83a780>,5,27,[7 1],6,7,34,1,7
1,<environment.Job instance at 0x14964d83a500>,8,16,[10  2],9,34,50,25,22
1,<environment.Job instance at 0x149670bc5af0>,11,2,[2 7],12,29,31,17,29
1,<environment.Job instance at 0x149670bc56e0>,15,26,[6 2],16,50,76,34,47
1,<environment.Job instance at 0x149670bc5f50>,24,12,[1 7],25,176,188,151,176
1,<environment.Job instance at 0x149670bc5b40>,25,2,[1 8],26,188,190,162,178
1,<environment.Job instance at 0x149670bc5910>,26,27,[8 2],27,180,207,153,180
1,<environment.Job instance at 0x149670be7190>,31,3,[6 1],32,230,233,198,230
1,<environment.Job instance at 0x149670be7d70>,35,3,[5 1],36,280,283,244,280
1,<environment.Job instance at 0x149670be72d0>,37,19,[9 1],38,286,305,248,286
1,<environment.Job instance at 0x14964d9e0b40>,58,3,[5 2],59,477,480,418,477
1,<environment.Job instance at 0x14964d9e0500>,60,18,[9 2],61,482,500,421,482
1,<environment.Job instance at 0x14964d9e0a50>,64,2,[10  2],65,515,517,450,515
1,<environment.Job instance at 0x14964d9e01e0>,67,2,[1 8],68,527,529,459,527
1,<environment.Job instance at 0x14964d9e02d0>,72,26,[7 2],73,579,605,506,579
1,<environment.Job instance at 0x1496711b9e60>,76,1,[2 9],77,605,606,528,586
1,<environment.Job instance at 0x1496711b9aa0>,75,2,[8 1],76,607,609,531,607
1,<environment.Job instance at 0x1496711b9b40>,81,3,[6 1],82,609,612,527,607
1,<environment.Job instance at 0x1496711b9370>,85,1,[9 1],86,633,634,547,633
1,<environment.Job instance at 0x1496711b9870>,90,23,[2 5],91,672,695,581,672
1,<environment.Job instance at 0x1496711b9730>,91,18,[10  2],92,695,713,603,687
1,<environment.Job instance at 0x149671141140>,98,17,[2 8],99,756,773,657,756
1,<environment.Job instance at 0x14967102daa0>,100,24,[5 2],101,757,781,656,757
1,<environment.Job instance at 0x14967102d3c0>,105,12,[2 8],106,829,841,723,829
1,<environment.Job instance at 0x149675e825a0>,109,1,[2 9],110,865,866,755,865
1,<environment.Job instance at 0x149675e828c0>,111,1,[5 1],112,868,869,756,868
1,<environment.Job instance at 0x149675e82320>,121,1,[8 1],122,925,926,803,925
1,<environment.Job instance at 0x149675e822d0>,123,2,[1 7],124,931,933,807,931
1,<environment.Job instance at 0x149675e82aa0>,124,15,[6 1],125,933,948,808,933
1,<environment.Job instance at 0x149675dc40a0>,9,3,[5 1],10,31,34,21,31
1,<environment.Job instance at 0x149674d91640>,18,15,[9 2],19,99,114,80,99
1,<environment.Job instance at 0x149674daca50>,32,13,[10  1],33,231,244,198,231
1,<environment.Job instance at 0x149674dac9b0>,35,14,[2 9],36,262,276,226,262
1,<environment.Job instance at 0x149674dac0f0>,41,2,[8 2],42,316,318,274,316
1,<environment.Job instance at 0x149674dacbe0>,43,28,[5 2],44,331,359,287,331
1,<environment.Job instance at 0x149675d58410>,45,1,[9 1],46,359,360,313,353
1,<environment.Job instance at 0x149675d585f0>,54,22,[10  2],55,386,408,331,386
1,<environment.Job instance at 0x149675d58050>,56,21,[6 2],57,408,429,351,400
1,<environment.Job instance at 0x1496753ed870>,60,20,[1 8],61,451,471,390,451
1,<environment.Job instance at 0x1496753ed780>,63,14,[10  2],64,471,485,407,468
1,<environment.Job instance at 0x1496753ed320>,64,13,[6 1],65,485,498,420,470
1,<environment.Job instance at 0x1496753ed910>,68,2,[1 5],69,489,491,420,489
1,<environment.Job instance at 0x149673727280>,81,27,[2 5],82,597,624,515,597
1,<environment.Job instance at 0x149670a9aa00>,95,1,[9 1],96,848,849,752,848
1,<environment.Job instance at 0x149670a9a5a0>,97,2,[ 2 10],98,872,874,774,872
1,<environment.Job instance at 0x149670a9adc0>,100,3,[2 8],101,906,909,805,906
1,<environment.Job instance at 0x149674d95f00>,115,2,[1 5],116,1044,1046,928,1044
1,<environment.Job instance at 0x149674d95eb0>,116,28,[2 7],117,1062,1090,945,1062
1,<environment.Job instance at 0x149670a82af0>,131,13,[1 8],132,1165,1178,1033,1165
1,<environment.Job instance at 0x149670a82960>,139,2,[ 2 10],140,1237,1239,1097,1237
1,<environment.Job instance at 0x1496756de2d0>,144,27,[5 2],145,1262,1289,1117,1262
1,<environment.Job instance at 0x149675df3370>,6,25,[9 2],7,37,62,30,37
1,<environment.Job instance at 0x149670b91d20>,2,2,[1 9],3,62,64,59,40
1,<environment.Job instance at 0x149675e10b90>,9,18,[1 9],10,64,82,54,57
1,<environment.Job instance at 0x149675e10a50>,10,18,[ 2 10],11,83,101,72,83
1,<environment.Job instance at 0x149675e10c30>,18,1,[2 9],19,101,102,82,89
1,<environment.Job instance at 0x14966c2955f0>,21,27,[6 1],22,105,132,83,105
1,<environment.Job instance at 0x14966c0a41e0>,40,2,[1 9],41,305,307,264,305
1,<environment.Job instance at 0x14966c0a45a0>,45,13,[2 5],46,364,377,318,364
1,<environment.Job instance at 0x14966c0a48c0>,53,18,[7 1],54,430,448,376,430
1,<environment.Job instance at 0x14966c0cdaf0>,76,3,[1 8],77,671,674,594,671
1,<environment.Job instance at 0x14966c0cdb90>,77,1,[1 9],78,674,675,596,672
1,<environment.Job instance at 0x14966c0cde10>,81,19,[5 2],82,695,714,613,695
1,<environment.Job instance at 0x14966c09f2d0>,83,2,[1 8],84,715,717,631,715
1,<environment.Job instance at 0x149675e82280>,99,3,[2 7],100,951,954,851,951
1,<environment.Job instance at 0x14966c0b48c0>,112,17,[2 7],113,1069,1086,956,1069
1,<environment.Job instance at 0x1496718c0f00>,125,12,[1 5],126,1258,1270,1132,1258
1,<environment.Job instance at 0x14964d6bd190>,130,14,[9 2],131,1314,1328,1183,1314
1,<environment.Job instance at 0x14967141f7d0>,4,1,[ 2 10],5,16,17,11,16
1,<environment.Job instance at 0x14964d6dcd20>,7,2,[2 5],8,17,19,9,17
1,<environment.Job instance at 0x14964d6c9aa0>,12,20,[1 9],13,53,73,40,53
1,<environment.Job instance at 0x14964d6c98c0>,14,13,[8 2],15,75,88,60,75
1,<environment.Job instance at 0x1496757088c0>,26,15,[7 2],27,200,215,173,200
1,<environment.Job instance at 0x14964d5f3460>,30,16,[10  1],31,252,268,221,252
1,<environment.Job instance at 0x14967144eaf0>,34,27,[2 6],35,273,300,238,273
1,<environment.Job instance at 0x14967144e3c0>,36,23,[ 2 10],37,302,325,265,302
1,<environment.Job instance at 0x149670b55b40>,47,20,[1 9],48,411,431,363,411
1,<environment.Job instance at 0x149670b55b90>,50,21,[5 1],51,434,455,383,434
1,<environment.Job instance at 0x14966ef2cd70>,53,27,[6 1],54,492,519,438,492
1,<environment.Job instance at 0x1496710fad70>,55,22,[2 5],56,498,520,442,498
1,<environment.Job instance at 0x149675d2fd20>,85,3,[5 1],86,775,778,689,775
1,<environment.Job instance at 0x149670aa3690>,90,1,[1 8],91,864,865,773,864
1,<environment.Job instance at 0x149677dabd70>,105,15,[9 2],106,1086,1101,980,1086
1,<environment.Job instance at 0x149675e4ac30>,111,3,[ 2 10],112,1146,1149,1034,1146
1,<environment.Job instance at 0x14964d748550>,112,19,[2 5],113,1153,1172,1040,1153
1,<environment.Job instance at 0x14964d6e6230>,113,13,[9 1],114,1172,1185,1058,1160
1,<environment.Job instance at 0x14966c0b9280>,119,17,[ 1 10],120,1196,1213,1076,1196
1,<environment.Job instance at 0x1496753d1780>,139,3,[6 2],140,1487,1490,1347,1487
1,<environment.Job instance at 0x149670a9f050>,141,1,[2 6],155,1487,1488,1332,1487
1,<environment.Job instance at 0x149670bcb320>,0,24,[1 9],1,1,25,0,1
1,<environment.Job instance at 0x149670bcbf00>,6,3,[7 1],7,8,11,1,8
1,<environment.Job instance at 0x149670bcbeb0>,7,20,[5 1],8,11,31,3,8
1,<environment.Job instance at 0x149670bcb050>,14,21,[6 1],15,60,81,45,60
1,<environment.Job instance at 0x1496709a9f00>,18,26,[7 2],19,81,107,62,81
1,<environment.Job instance at 0x1496709a9730>,21,14,[9 2],22,107,121,85,104
1,<environment.Job instance at 0x1496709a9e60>,25,13,[1 9],26,121,134,95,111
1,<environment.Job instance at 0x1496709a9be0>,28,12,[1 5],29,134,146,105,122
1,<environment.Job instance at 0x1496708dff00>,30,15,[7 2],31,134,149,103,125
1,<environment.Job instance at 0x1496708dffa0>,52,3,[2 5],53,348,351,295,348
1,<environment.Job instance at 0x1496718b65f0>,56,18,[ 1 10],57,400,418,343,400
1,<environment.Job instance at 0x149674dbe0f0>,61,3,[2 6],62,471,474,409,471
1,<environment.Job instance at 0x149674dbeaa0>,65,3,[2 7],66,547,550,481,547
1,<environment.Job instance at 0x14964d109dc0>,81,3,[ 1 10],82,711,714,629,711
1,<environment.Job instance at 0x1496709b1aa0>,84,23,[2 8],85,719,742,634,719
1,<environment.Job instance at 0x14964d802820>,85,3,[ 2 10],86,742,745,656,724
1,<environment.Job instance at 0x149670a5ed70>,87,1,[6 1],88,754,755,666,754
1,<environment.Job instance at 0x149670be31e0>,96,26,[6 1],97,880,906,783,880
1,<environment.Job instance at 0x149670bf7eb0>,102,2,[8 2],103,964,966,861,964
1,<environment.Job instance at 0x149670bf7a00>,104,20,[5 1],105,966,986,861,966
1,<environment.Job instance at 0x149675442f50>,105,19,[2 5],106,970,989,864,970
1,<environment.Job instance at 0x149675442410>,106,3,[ 1 10],107,989,992,882,974
1,<environment.Job instance at 0x14964d209eb0>,116,1,[ 1 10],117,1073,1074,956,1073
1,<environment.Job instance at 0x14967109bb90>,131,26,[2 9],132,1218,1244,1086,1218
1,<environment.Job instance at 0x14964d3d7af0>,136,12,[1 8],137,1260,1272,1123,1260
1,<environment.Job instance at 0x14966f223eb0>,139,19,[6 2],140,1263,1282,1123,1263
1,<environment.Job instance at 0x14964d647be0>,152,3,[10  2],153,1359,1362,1206,1359
1,<environment.Job instance at 0x14964dbabd70>,160,22,[1 9],177,1500,1522,1323,1500
1,<environment.Job instance at 0x14966c0c6c80>,6,14,[9 2],7,7,21,0,7
1,<environment.Job instance at 0x14966c0c6b40>,7,16,[2 5],8,21,37,13,8
1,<environment.Job instance at 0x14966c0c6e60>,9,15,[10  1],10,37,52,27,28
1,<environment.Job instance at 0x149675dd5c80>,34,20,[1 7],35,286,306,251,286
1,<environment.Job instance at 0x149675dd5a00>,33,17,[10  1],34,306,323,272,297
1,<environment.Job instance at 0x149670935c80>,42,1,[7 2],43,358,359,315,358
1,<environment.Job instance at 0x14964d9f72d0>,50,19,[1 6],51,440,459,389,440
1,<environment.Job instance at 0x14964d9f7eb0>,51,3,[2 6],52,459,462,407,441
1,<environment.Job instance at 0x14964d9f7190>,53,1,[8 2],54,449,450,395,449
1,<environment.Job instance at 0x14964d9f7910>,55,22,[5 1],56,458,480,402,458
1,<environment.Job instance at 0x14964d9f7640>,54,15,[2 6],55,462,477,407,458
1,<environment.Job instance at 0x14967118ebe0>,59,1,[10  1],60,527,528,467,527
1,<environment.Job instance at 0x14966c107af0>,68,15,[9 1],69,583,598,514,583
1,<environment.Job instance at 0x14964daa7f50>,72,24,[10  1],73,598,622,525,597
1,<environment.Job instance at 0x14964daa7370>,75,20,[6 2],76,622,642,546,615
1,<environment.Job instance at 0x149670b09230>,78,21,[6 2],79,649,670,570,649
1,<environment.Job instance at 0x149670b09fa0>,85,15,[2 5],86,690,705,604,690
1,<environment.Job instance at 0x14964da2ee60>,95,1,[7 2],96,803,804,707,803
1,<environment.Job instance at 0x14964da2e2d0>,102,2,[8 1],103,879,881,776,879
1,<environment.Job instance at 0x14964da2e050>,104,21,[5 2],105,881,902,776,879
1,<environment.Job instance at 0x14964da2efa0>,109,15,[2 6],110,922,937,812,922
1,<environment.Job instance at 0x149671189d70>,119,14,[5 1],120,1023,1037,903,1023
1,<environment.Job instance at 0x149671189960>,120,16,[8 2],121,1037,1053,916,1025
1,<environment.Job instance at 0x149671189af0>,121,3,[ 2 10],122,1053,1056,931,1041
1,<environment.Job instance at 0x14964d3bd8c0>,135,22,[1 8],136,1157,1179,1021,1157
1,<environment.Job instance at 0x14964d4719b0>,9,13,[5 2],10,47,60,37,47
1,<environment.Job instance at 0x1496709b1e60>,5,23,[2 5],6,68,91,62,68
1,<environment.Job instance at 0x14964d11ac30>,19,2,[6 2],20,89,91,69,89
1,<environment.Job instance at 0x14964d11a820>,13,18,[1 8],14,119,137,105,119
1,<environment.Job instance at 0x14964d0bb280>,24,24,[1 5],25,143,167,118,143
1,<environment.Job instance at 0x14964da41e60>,34,2,[5 2],35,214,216,179,214
1,<environment.Job instance at 0x14964d0e0820>,35,25,[1 5],36,217,242,181,217
1,<environment.Job instance at 0x14964d0e03c0>,38,18,[8 2],39,224,242,185,224
1,<environment.Job instance at 0x14964d0e0eb0>,36,12,[ 1 10],37,242,254,205,226
1,<environment.Job instance at 0x14964d0e0f00>,42,1,[ 1 10],43,267,268,224,267
1,<environment.Job instance at 0x1496708eee60>,52,2,[5 1],53,321,323,268,321
1,<environment.Job instance at 0x1496708ee050>,53,18,[7 1],54,323,341,269,321
1,<environment.Job instance at 0x1496708eef00>,55,3,[1 5],56,335,338,279,335
1,<environment.Job instance at 0x149677d25910>,58,20,[2 7],59,338,358,279,336
1,<environment.Job instance at 0x14964d1f36e0>,72,13,[7 1],73,493,506,420,493
1,<environment.Job instance at 0x14967145a690>,76,26,[2 8],77,568,594,491,568
1,<environment.Job instance at 0x149677384370>,78,3,[5 2],79,584,587,505,584
1,<environment.Job instance at 0x14964d4ee780>,80,15,[10  2],81,599,614,518,599
1,<environment.Job instance at 0x1496711c1aa0>,106,2,[10  2],107,857,859,750,857
1,<environment.Job instance at 0x14966c121be0>,114,16,[7 2],115,896,912,781,896
1,<environment.Job instance at 0x14966c121550>,117,1,[ 1 10],118,938,939,820,938
1,<environment.Job instance at 0x14966c036af0>,138,14,[5 1],139,1213,1227,1074,1213
1,<environment.Job instance at 0x14967100ff50>,146,24,[2 5],147,1315,1339,1168,1315
1,<environment.Job instance at 0x14967100fb90>,148,20,[5 2],149,1330,1350,1181,1330
1,<environment.Job instance at 0x14966c2fd280>,2,3,[8 1],3,10,13,7,10
1,<environment.Job instance at 0x14966ef6da50>,6,21,[2 5],7,13,34,6,13
1,<environment.Job instance at 0x14966ef6d5a0>,9,1,[8 2],10,22,23,12,22
1,<environment.Job instance at 0x14966ef6d820>,14,1,[9 2],15,74,75,59,74
1,<environment.Job instance at 0x14964d1f3aa0>,17,23,[8 1],18,103,126,85,103
1,<environment.Job instance at 0x14964d1f3f50>,27,12,[1 9],28,197,209,169,197
1,<environment.Job instance at 0x14964d83eeb0>,39,23,[10  1],40,315,338,275,315
1,<environment.Job instance at 0x14964d83eaa0>,41,3,[6 1],42,338,341,296,331
1,<environment.Job instance at 0x14964d83e5f0>,46,1,[10  1],47,394,395,347,394
1,<environment.Job instance at 0x14964d83e7d0>,50,15,[5 1],51,451,466,400,451
1,<environment.Job instance at 0x14966c1dba00>,55,28,[9 2],56,485,513,429,485
1,<environment.Job instance at 0x14966c1db410>,61,17,[7 1],62,533,550,471,533
1,<environment.Job instance at 0x14966c1db140>,62,28,[1 5],63,534,562,471,534
1,<environment.Job instance at 0x14966c1db730>,65,17,[7 1],66,583,600,517,583
1,<environment.Job instance at 0x14966c1db190>,70,1,[8 1],71,600,601,529,596
1,<environment.Job instance at 0x14967189c870>,73,16,[1 8],74,614,630,540,614
1,<environment.Job instance at 0x14967189c4b0>,77,20,[ 2 10],78,674,694,596,674
1,<environment.Job instance at 0x14967189cb90>,86,25,[10  1],87,767,792,680,767
1,<environment.Job instance at 0x1496709834b0>,91,3,[9 2],92,811,814,719,811
1,<environment.Job instance at 0x149670983230>,100,20,[1 8],101,881,901,780,881
1,<environment.Job instance at 0x149670983fa0>,98,16,[8 2],99,885,901,786,885
1,<environment.Job instance at 0x149670983a00>,103,16,[1 6],104,901,917,797,889
1,<environment.Job instance at 0x14966c128550>,112,28,[10  1],113,970,998,857,970
1,<environment.Job instance at 0x14966c1280a0>,117,26,[ 1 10],118,998,1024,880,998
1,<environment.Job instance at 0x14966c128140>,115,2,[2 6],116,1024,1026,908,1003
1,<environment.Job instance at 0x14967145af00>,137,12,[9 2],138,1199,1211,1061,1199
1,<environment.Job instance at 0x1496710bae10>,0,1,[1 5],1,4,5,3,4
1,<environment.Job instance at 0x1496710ba3c0>,3,12,[8 2],4,7,19,3,7
1,<environment.Job instance at 0x1496710bac80>,5,28,[1 5],6,27,55,21,27
1,<environment.Job instance at 0x149675d33050>,15,14,[2 8],16,55,69,39,41
1,<environment.Job instance at 0x1496709ce460>,32,23,[1 6],33,189,212,156,189
1,<environment.Job instance at 0x1496709ce050>,35,1,[6 2],36,198,199,162,198
1,<environment.Job instance at 0x1496709cef00>,42,27,[ 1 10],43,236,263,193,236
1,<environment.Job instance at 0x1496709ce8c0>,43,2,[6 1],44,263,265,219,236
1,<environment.Job instance at 0x1496709ce5a0>,44,1,[1 5],45,263,264,218,237
1,<environment.Job instance at 0x1496709ce9b0>,46,20,[1 9],47,270,290,223,270
1,<environment.Job instance at 0x14966c2f8690>,63,2,[8 1],64,478,480,414,478
1,<environment.Job instance at 0x14967547f870>,71,18,[10  2],72,581,599,509,581
1,<environment.Job instance at 0x14967547f7d0>,80,20,[6 2],81,660,680,579,660
1,<environment.Job instance at 0x14964da18050>,83,25,[2 6],84,669,694,585,669
1,<environment.Job instance at 0x14964da18960>,87,21,[2 8],88,719,740,631,719
1,<environment.Job instance at 0x14964da18460>,93,3,[2 8],94,783,786,689,783
1,<environment.Job instance at 0x14964da18e60>,94,16,[5 2],95,804,820,709,804
1,<environment.Job instance at 0x14964da18a00>,98,15,[2 5],99,808,823,709,808
1,<environment.Job instance at 0x14964da187d0>,95,1,[2 5],96,840,841,744,840
1,<environment.Job instance at 0x14964d898a50>,101,13,[7 1],102,846,859,744,846
1,<environment.Job instance at 0x14964d898460>,103,25,[6 1],104,870,895,766,870
1,<environment.Job instance at 0x149675d27f50>,117,15,[2 7],118,980,995,862,980
1,<environment.Job instance at 0x149677376af0>,141,25,[8 1],142,1269,1294,1127,1269
1,<environment.Job instance at 0x149677365dc0>,144,16,[1 7],145,1290,1306,1145,1290
1,<environment.Job instance at 0x14964d6da0f0>,145,14,[8 1],146,1294,1308,1148,1294
1,<environment.Job instance at 0x149675dbcc30>,147,1,[2 9],153,1320,1321,1167,1320
1,<environment.Job instance at 0x1496710fe820>,2,17,[9 1],3,3,20,0,3
1,<environment.Job instance at 0x14964d233b90>,7,20,[7 2],8,20,40,12,12
1,<environment.Job instance at 0x14964d26c190>,11,17,[1 6],12,13,30,1,13
1,<environment.Job instance at 0x14964d26ce60>,10,15,[2 8],11,30,45,19,18
1,<environment.Job instance at 0x14964d26c230>,12,3,[10  1],13,45,48,32,40
1,<environment.Job instance at 0x14964d598780>,13,28,[2 8],14,65,93,51,65
1,<environment.Job instance at 0x14964d583550>,23,13,[2 8],24,93,106,69,79
1,<environment.Job instance at 0x14964d58faa0>,24,1,[7 2],25,81,82,56,81
1,<environment.Job instance at 0x14964d9e7190>,22,3,[5 2],23,99,102,76,99
1,<environment.Job instance at 0x14964d57a3c0>,39,3,[5 2],40,202,205,162,202
1,<environment.Job instance at 0x14964d70a870>,42,13,[6 2],43,228,241,185,228
1,<environment.Job instance at 0x14964d587f50>,47,2,[10  2],48,263,265,215,263
1,<environment.Job instance at 0x14964d587910>,48,2,[7 1],49,268,270,219,268
1,<environment.Job instance at 0x14964d5a2d20>,52,20,[1 8],53,327,347,274,327
1,<environment.Job instance at 0x14964d59a780>,60,16,[2 7],61,450,466,389,450
1,<environment.Job instance at 0x14964d59ab90>,63,16,[5 2],64,475,491,411,475
1,<environment.Job instance at 0x14964d59a960>,64,18,[10  2],65,491,509,426,490
1,<environment.Job instance at 0x14964d59a8c0>,66,12,[6 1],67,509,521,442,499
1,<environment.Job instance at 0x14964d6f4f00>,70,1,[7 2],71,571,572,500,571
1,<environment.Job instance at 0x14964d70c0f0>,74,22,[2 5],75,576,598,501,576
1,<environment.Job instance at 0x14964d70c6e0>,78,18,[5 2],79,635,653,556,635
1,<environment.Job instance at 0x14964d711870>,101,26,[1 7],102,908,934,806,908
1,<environment.Job instance at 0x14964d711e10>,110,1,[5 1],111,993,994,882,993
1,<environment.Job instance at 0x14964d7190a0>,113,19,[2 5],114,998,1017,884,998
1,<environment.Job instance at 0x14964d719e60>,131,14,[5 1],132,1216,1230,1084,1216
1,<environment.Job instance at 0x14964d721320>,138,2,[9 1],139,1267,1269,1128,1267
1,<environment.Job instance at 0x14964d7214b0>,141,15,[1 7],142,1286,1301,1144,1286
1,<environment.Job instance at 0x14964d721aa0>,149,28,[6 1],150,1328,1356,1178,1328
1,<environment.Job instance at 0x14964d721c30>,152,3,[1 5],153,1343,1346,1190,1343
1,<environment.Job instance at 0x14964d24e280>,5,24,[5 1],6,6,30,0,6
1,<environment.Job instance at 0x14966c244b40>,8,2,[2 8],9,13,15,4,13
1,<environment.Job instance at 0x14966c244fa0>,4,18,[8 1],5,30,48,25,21
1,<environment.Job instance at 0x14966c24bc30>,21,12,[1 8],22,123,135,101,123
1,<environment.Job instance at 0x14966c222d70>,32,1,[ 1 10],33,237,238,204,237
1,<environment.Job instance at 0x14966c222140>,34,21,[1 9],35,242,263,207,242
1,<environment.Job instance at 0x14966c222870>,38,17,[10  2],39,285,302,246,285
1,<environment.Job instance at 0x14967098a870>,46,24,[1 8],47,359,383,312,359
1,<environment.Job instance at 0x1496709b85a0>,60,14,[2 8],61,499,513,438,499
1,<environment.Job instance at 0x1496709b8f50>,63,22,[7 2],64,507,529,443,507
1,<environment.Job instance at 0x1496709b80a0>,66,21,[2 9],67,536,557,469,536
1,<environment.Job instance at 0x1496709b8500>,76,2,[10  1],77,610,612,533,610
1,<environment.Job instance at 0x14964d5714b0>,82,12,[7 2],83,666,678,583,666
1,<environment.Job instance at 0x14964d571820>,96,1,[5 1],97,791,792,694,791
1,<environment.Job instance at 0x14964d571640>,98,27,[1 6],99,818,845,719,818
1,<environment.Job instance at 0x1496709a2190>,108,2,[6 2],109,912,914,803,912
1,<environment.Job instance at 0x1496709a2fa0>,111,17,[ 2 10],112,914,931,802,914
1,<environment.Job instance at 0x1496709a2be0>,114,23,[7 1],115,945,968,830,945
1,<environment.Job instance at 0x1496709a0730>,124,1,[8 2],125,1054,1055,929,1054
1,<environment.Job instance at 0x14964d250c30>,132,19,[ 1 10],133,1167,1186,1034,1167
1,<environment.Job instance at 0x149670bc5050>,136,3,[1 5],137,1209,1212,1072,1209
1,<environment.Job instance at 0x14966efcf4b0>,148,22,[1 6],155,1299,1321,1144,1299
1,<environment.Job instance at 0x14967098abe0>,3,19,[6 1],4,7,26,3,7
1,<environment.Job instance at 0x14966f218be0>,8,19,[1 7],9,19,38,10,19
1,<environment.Job instance at 0x14966f218f50>,7,27,[8 1],8,26,53,18,26
1,<environment.Job instance at 0x149670b93050>,11,16,[8 2],12,53,69,41,48
1,<environment.Job instance at 0x14964d34e9b0>,36,19,[8 2],37,235,254,198,235
1,<environment.Job instance at 0x14966c12a500>,40,12,[8 1],41,264,276,223,264
1,<environment.Job instance at 0x14964d339410>,45,19,[7 2],46,306,325,260,306
1,<environment.Job instance at 0x14964d339cd0>,46,22,[1 5],47,306,328,259,306
1,<environment.Job instance at 0x14964d356eb0>,48,14,[2 5],49,325,339,276,315
1,<environment.Job instance at 0x14964d5b69b0>,53,18,[10  1],54,387,405,333,387
1,<environment.Job instance at 0x14964d358500>,64,1,[8 1],65,455,456,390,455
1,<environment.Job instance at 0x14964d358370>,70,22,[2 9],71,529,551,458,529
1,<environment.Job instance at 0x14964d5e5b90>,76,3,[1 8],77,558,561,481,558
1,<environment.Job instance at 0x14964d5bf230>,81,1,[9 2],82,582,583,500,582
1,<environment.Job instance at 0x14964d5e5fa0>,82,2,[7 2],83,583,585,500,583
1,<environment.Job instance at 0x14964d5bf410>,86,1,[8 2],87,604,605,517,604
1,<environment.Job instance at 0x14964d5bf4b0>,87,21,[1 8],88,618,639,530,618
1,<environment.Job instance at 0x14964d5bf7d0>,92,19,[9 2],93,663,682,570,663
1,<environment.Job instance at 0x14964d5bf690>,90,13,[9 1],91,682,695,591,668
1,<environment.Job instance at 0x14964d5b7460>,111,19,[2 6],112,816,835,704,816
1,<environment.Job instance at 0x14964d5b7780>,116,19,[1 7],117,872,891,755,872
1,<environment.Job instance at 0x14964d5cde60>,146,16,[1 9],156,1156,1172,1000,1156
1,<environment.Job instance at 0x14966c1e5eb0>,6,19,[6 1],7,12,31,5,12
1,<environment.Job instance at 0x14966c1e5870>,7,2,[2 8],8,31,33,23,31
1,<environment.Job instance at 0x14966c1e5a50>,9,14,[2 7],10,34,48,24,34
1,<environment.Job instance at 0x14966c1e55a0>,13,1,[9 1],14,89,90,75,89
1,<environment.Job instance at 0x14966c1e5910>,18,18,[5 1],19,109,127,90,109
1,<environment.Job instance at 0x1496709a2c80>,24,25,[5 2],25,167,192,142,167
1,<environment.Job instance at 0x1496709a28c0>,27,24,[2 6],28,184,208,156,184
1,<environment.Job instance at 0x1496709a2be0>,30,19,[ 2 10],31,244,263,213,244
1,<environment.Job instance at 0x1496709a2230>,36,22,[6 1],37,263,285,226,263
1,<environment.Job instance at 0x14964da33960>,41,1,[1 9],42,277,278,235,277
1,<environment.Job instance at 0x14964da33b90>,42,2,[6 1],43,285,287,242,277
1,<environment.Job instance at 0x14964da33d20>,49,13,[1 9],50,340,353,290,340
1,<environment.Job instance at 0x14964da33cd0>,51,1,[1 8],52,353,354,301,345
1,<environment.Job instance at 0x149677dee410>,58,25,[10  1],59,425,450,366,425
1,<environment.Job instance at 0x14964d6da410>,63,3,[1 9],64,477,480,413,477
1,<environment.Job instance at 0x14964d6da140>,72,15,[2 6],73,551,566,478,551
1,<environment.Job instance at 0x149670b24f50>,88,3,[1 5],89,681,684,592,681
1,<environment.Job instance at 0x149670b24230>,89,17,[9 2],90,682,699,592,682
1,<environment.Job instance at 0x149670b24e10>,92,2,[8 2],93,699,701,606,699
1,<environment.Job instance at 0x149670b24820>,93,2,[9 1],94,706,708,612,706
1,<environment.Job instance at 0x149670b24d70>,104,2,[6 2],105,820,822,715,820
1,<environment.Job instance at 0x14966c1fc6e0>,107,13,[10  1],108,849,862,741,849
1,<environment.Job instance at 0x14966c1fcb90>,109,3,[1 5],110,874,877,764,874
1,<environment.Job instance at 0x14966c1fc320>,116,2,[6 2],117,973,975,856,973
1,<environment.Job instance at 0x14966c1fcd20>,117,15,[7 2],118,975,990,857,973
1,<environment.Job instance at 0x14964d0c5f00>,129,19,[2 6],130,1092,1111,962,1092
1,<environment.Job instance at 0x14964d0c53c0>,130,1,[5 2],131,1092,1093,961,1092
1,<environment.Job instance at 0x14964d123d70>,137,3,[10  1],138,1165,1168,1027,1165
1,<environment.Job instance at 0x14964d123640>,141,19,[2 7],142,1260,1279,1118,1260
1,<environment.Job instance at 0x14967145af50>,4,1,[ 2 10],5,16,17,11,16
1,<environment.Job instance at 0x14967145ac30>,11,1,[2 9],12,77,78,65,77
1,<environment.Job instance at 0x14967145a0a0>,8,2,[9 1],9,100,102,91,100
1,<environment.Job instance at 0x14967145a410>,13,23,[9 1],14,102,125,88,100
1,<environment.Job instance at 0x14964d87beb0>,19,20,[6 1],20,125,145,105,116
1,<environment.Job instance at 0x14964d87b190>,20,12,[2 9],21,125,137,104,117
1,<environment.Job instance at 0x14964da535f0>,25,26,[5 1],26,166,192,140,166
1,<environment.Job instance at 0x14964da534b0>,29,14,[6 2],30,192,206,162,185
1,<environment.Job instance at 0x14964da53a50>,38,1,[7 2],39,279,280,240,279
1,<environment.Job instance at 0x14964da53460>,40,22,[9 2],41,313,335,272,313
1,<environment.Job instance at 0x1496713db230>,52,3,[10  1],53,468,471,415,468
1,<environment.Job instance at 0x1496713dba50>,54,13,[6 1],55,473,486,418,473
1,<environment.Job instance at 0x1496713db6e0>,56,24,[2 8],57,475,499,418,475
1,<environment.Job instance at 0x1496713dbaf0>,59,28,[6 2],60,518,546,458,518
1,<environment.Job instance at 0x1496713db8c0>,62,18,[2 7],63,537,555,474,537
1,<environment.Job instance at 0x14966ef575f0>,65,1,[9 2],66,562,563,496,562
1,<environment.Job instance at 0x14966ef57550>,79,22,[5 1],80,795,817,715,795
1,<environment.Job instance at 0x14966ef571e0>,84,2,[10  1],85,819,821,734,819
1,<environment.Job instance at 0x14964da52820>,86,1,[8 1],87,828,829,741,828
1,<environment.Job instance at 0x14964d4170a0>,102,20,[8 1],103,965,985,862,965
1,<environment.Job instance at 0x14964d235f50>,119,3,[1 7],120,1087,1090,967,1087
1,<environment.Job instance at 0x14967093a0a0>,138,20,[1 7],139,1270,1290,1131,1270
1,<environment.Job instance at 0x14967094f910>,144,23,[2 5],154,1301,1324,1147,1301
1,<environment.Job instance at 0x14964d6c51e0>,4,14,[1 9],5,7,21,2,7
1,<environment.Job instance at 0x14964d6c5910>,5,24,[9 2],6,28,52,22,28
1,<environment.Job instance at 0x14966c0e17d0>,12,2,[1 7],13,78,80,65,78
1,<environment.Job instance at 0x14966c0e14b0>,14,3,[2 7],15,100,103,85,100
1,<environment.Job instance at 0x14966c0e1960>,16,18,[8 2],17,137,155,120,137
1,<environment.Job instance at 0x14964d41e550>,33,15,[ 1 10],34,246,261,212,246
1,<environment.Job instance at 0x14964d41e140>,39,3,[5 2],40,262,265,222,262
1,<environment.Job instance at 0x14964d41ecd0>,40,25,[6 2],41,265,290,224,262
1,<environment.Job instance at 0x14964d6b07d0>,44,2,[10  1],45,309,311,264,309
1,<environment.Job instance at 0x14964d6b0550>,53,1,[1 9],54,401,402,347,401
1,<environment.Job instance at 0x14964d6b0c30>,54,12,[8 2],55,402,414,347,401
1,<environment.Job instance at 0x14964d6b0230>,57,16,[6 2],58,433,449,375,433
1,<environment.Job instance at 0x149675dd90a0>,62,19,[1 8],63,488,507,425,488
1,<environment.Job instance at 0x149675dd9aa0>,72,18,[10  1],73,585,603,512,585
1,<environment.Job instance at 0x149675dd9cd0>,75,14,[1 9],76,603,617,527,599
1,<environment.Job instance at 0x149675dd9e10>,77,3,[ 1 10],78,617,620,539,607
1,<environment.Job instance at 0x149675dd9f00>,76,12,[6 2],77,620,632,543,611
1,<environment.Job instance at 0x14964d6c8190>,84,15,[ 1 10],85,682,697,597,682
1,<environment.Job instance at 0x14964d6c8e60>,85,1,[8 2],86,697,698,611,685
1,<environment.Job instance at 0x14964d6c8280>,91,3,[1 9],92,733,736,641,733
1,<environment.Job instance at 0x14964d6c84b0>,93,13,[1 9],94,756,769,662,756
1,<environment.Job instance at 0x14964d6c8d70>,95,14,[2 5],96,776,790,680,776
1,<environment.Job instance at 0x14964d6c8690>,97,13,[5 2],98,781,794,683,781
1,<environment.Job instance at 0x14964d6c8960>,98,23,[2 7],99,790,813,691,790
1,<environment.Job instance at 0x14964d6c8460>,99,2,[2 5],100,813,815,713,791
1,<environment.Job instance at 0x14964d6c8fa0>,101,25,[6 1],102,805,830,703,805
1,<environment.Job instance at 0x14964d6c00f0>,113,14,[1 5],114,918,932,804,918
1,<environment.Job instance at 0x14964d6c02d0>,117,28,[10  1],118,955,983,837,955
1,<environment.Job instance at 0x1496709c7d20>,128,28,[7 1],129,1036,1064,907,1036
1,<environment.Job instance at 0x14964d1e77d0>,139,3,[5 1],140,1114,1117,974,1114
1,<environment.Job instance at 0x14966c293c80>,147,15,[9 2],179,1170,1185,991,1170
1,<environment.Job instance at 0x14964d922a00>,9,27,[7 2],10,41,68,31,41
1,<environment.Job instance at 0x14964d9229b0>,11,1,[9 2],12,68,69,56,43
1,<environment.Job instance at 0x14964d922140>,16,24,[2 7],17,83,107,66,83
1,<environment.Job instance at 0x14964d8ef820>,27,18,[1 7],28,128,146,100,128
1,<environment.Job instance at 0x14964d8ef4b0>,30,16,[9 1],31,149,165,118,149
1,<environment.Job instance at 0x14964d8efaf0>,29,14,[10  1],30,165,179,135,154
1,<environment.Job instance at 0x1496777667d0>,61,16,[5 1],62,401,417,339,401
1,<environment.Job instance at 0x14966c1c9960>,63,2,[2 7],64,417,419,353,417
1,<environment.Job instance at 0x14966c1c9f00>,68,2,[10  2],69,475,477,406,475
1,<environment.Job instance at 0x14966c1c9fa0>,67,15,[6 1],68,477,492,409,477
1,<environment.Job instance at 0x14966c1c97d0>,73,2,[1 6],74,530,532,456,530
1,<environment.Job instance at 0x14966c1c9b40>,74,21,[8 2],75,578,599,503,578
1,<environment.Job instance at 0x14964d708e10>,78,1,[8 2],79,599,600,520,580
1,<environment.Job instance at 0x14964d708320>,80,19,[1 9],81,605,624,524,605
1,<environment.Job instance at 0x14966c1b8690>,83,3,[8 2],84,624,627,540,611
1,<environment.Job instance at 0x14966c1b85f0>,88,2,[1 9],89,669,671,580,669
1,<environment.Job instance at 0x14964d714b40>,96,3,[2 7],97,733,736,636,733
1,<environment.Job instance at 0x14964d714b90>,97,16,[10  1],98,736,752,638,734
1,<environment.Job instance at 0x14964d714dc0>,101,3,[ 2 10],102,752,755,650,736
1,<environment.Job instance at 0x14964d7145a0>,105,3,[8 1],106,755,758,649,754
1,<environment.Job instance at 0x14964d714f50>,109,28,[5 1],110,770,798,660,770
1,<environment.Job instance at 0x1496710ca5f0>,116,18,[6 1],117,802,820,685,802
1,<environment.Job instance at 0x1496710ca550>,118,20,[1 6],119,809,829,690,809
1,<environment.Job instance at 0x1496710cad70>,121,21,[6 2],122,822,843,700,822
1,<environment.Job instance at 0x1496710cab90>,122,20,[1 6],123,841,861,718,841
1,<environment.Job instance at 0x14967736c0a0>,130,2,[1 8],131,919,921,788,919
1,<environment.Job instance at 0x149670ac2050>,154,13,[2 9],160,1138,1151,978,1138
1,<environment.Job instance at 0x14964d501870>,158,14,[ 2 10],174,1151,1165,977,1150
1,<environment.Job instance at 0x14ff12604c30>,1,2,[2 5],2,2,4,0,2
1,<environment.Job instance at 0x14ff09247820>,4,24,[6 1],5,8,32,3,8
1,<environment.Job instance at 0x14ff09247af0>,8,2,[2 5],9,9,11,0,9
1,<environment.Job instance at 0x14ff09247a00>,7,1,[7 2],8,32,33,24,11
1,<environment.Job instance at 0x14ff092475f0>,11,14,[10  2],12,33,47,21,21
1,<environment.Job instance at 0x14ff09248410>,23,3,[7 2],24,143,146,119,143
1,<environment.Job instance at 0x14ff09248cd0>,33,2,[9 1],34,208,210,174,208
1,<environment.Job instance at 0x14ff09248b40>,34,20,[5 1],35,226,246,191,226
1,<environment.Job instance at 0x14ff09248f00>,37,22,[2 5],38,227,249,189,227
1,<environment.Job instance at 0x14ff0924b320>,44,13,[ 2 10],45,260,273,215,260
1,<environment.Job instance at 0x14ff0924b7d0>,48,1,[6 2],49,288,289,239,288
1,<environment.Job instance at 0x14ff0924bdc0>,62,3,[6 2],63,432,435,369,432
1,<environment.Job instance at 0x14ff0924e1e0>,65,21,[10  1],66,435,456,369,432
1,<environment.Job instance at 0x14ff0924e960>,77,19,[8 1],78,560,579,482,560
1,<environment.Job instance at 0x14ff0924ebe0>,81,2,[9 2],82,579,581,497,562
1,<environment.Job instance at 0x14ff0924ed20>,83,21,[7 2],84,581,602,497,573
1,<environment.Job instance at 0x14ff092534b0>,112,3,[2 8],113,795,798,682,795
1,<environment.Job instance at 0x14ff09253c80>,124,12,[10  2],125,880,892,755,880
1,<environment.Job instance at 0x14ff09253e10>,125,17,[5 1],126,892,909,766,880
1,<environment.Job instance at 0x14ff09699aa0>,139,3,[1 7],140,1106,1109,966,1106
1,<environment.Job instance at 0x14ff0923f7d0>,146,20,[6 1],161,1173,1193,1012,1173
1,<environment.Job instance at 0x14ff0b2b1a00>,4,25,[10  1],5,8,33,3,8
1,<environment.Job instance at 0x14ff0b2b1870>,5,1,[1 7],6,33,34,27,8
1,<environment.Job instance at 0x14ff0b2100f0>,8,19,[1 5],9,34,53,25,32
1,<environment.Job instance at 0x14ff0b210050>,9,20,[1 9],10,53,73,43,44
1,<environment.Job instance at 0x14ff0b391af0>,10,17,[1 7],11,73,90,62,61
1,<environment.Job instance at 0x14ff0b36bcd0>,25,20,[1 5],26,148,168,122,148
1,<environment.Job instance at 0x14ff0b1519b0>,26,20,[2 5],27,149,169,122,149
1,<environment.Job instance at 0x14ff0b36bb40>,27,2,[10  2],28,169,171,141,154
1,<environment.Job instance at 0x14ff105a2190>,33,20,[1 6],34,194,214,160,194
1,<environment.Job instance at 0x14ff0b962370>,35,19,[5 1],36,198,217,162,198
1,<environment.Job instance at 0x14ff0b962f00>,36,24,[ 2 10],37,217,241,180,214
1,<environment.Job instance at 0x14ff0b95fcd0>,41,2,[1 7],42,241,243,199,225
1,<environment.Job instance at 0x14ff0b95ffa0>,42,15,[1 9],43,243,258,200,241
1,<environment.Job instance at 0x14ff0b8d08c0>,45,15,[6 1],46,262,277,216,262
1,<environment.Job instance at 0x14ff0b19e4b0>,50,24,[1 5],51,298,322,247,298
1,<environment.Job instance at 0x14ff0b8d0e60>,51,3,[1 7],52,322,325,270,302
1,<environment.Job instance at 0x14ff0b92aaf0>,55,20,[9 1],56,339,359,283,339
1,<environment.Job instance at 0x14ff0b895aa0>,58,20,[7 1],59,359,379,300,353
1,<environment.Job instance at 0x14ff0b83c910>,65,16,[10  1],66,390,406,324,390
1,<environment.Job instance at 0x14ff0b83cc80>,66,16,[7 2],67,406,422,339,403
1,<environment.Job instance at 0x14ff0b83c8c0>,69,12,[1 9],70,422,434,352,410
1,<environment.Job instance at 0x14ff0b83ca50>,70,21,[6 2],71,434,455,363,426
1,<environment.Job instance at 0x14ff0b8e1910>,73,2,[8 1],74,426,428,352,426
1,<environment.Job instance at 0x14ff0b888c80>,80,2,[1 9],81,468,470,387,468
1,<environment.Job instance at 0x14ff0b888640>,82,17,[2 5],83,470,487,387,468
1,<environment.Job instance at 0x14ff0b83a3c0>,85,24,[ 1 10],86,494,518,408,494
1,<environment.Job instance at 0x14ff0b8bf5f0>,97,3,[6 1],98,617,620,519,617
1,<environment.Job instance at 0x14ff0b832050>,100,3,[7 1],101,628,631,527,628
1,<environment.Job instance at 0x14ff0b0aa1e0>,112,12,[8 1],113,744,756,631,744
1,<environment.Job instance at 0x14ff0b201fa0>,115,22,[2 5],116,774,796,658,774
1,<environment.Job instance at 0x14ff0b8d28c0>,125,15,[2 8],126,832,847,706,832
1,<environment.Job instance at 0x14ff0b82e5a0>,128,3,[1 8],129,856,859,727,856
1,<environment.Job instance at 0x14ff0b1e4460>,129,14,[1 9],130,867,881,737,867
1,<environment.Job instance at 0x14ff0b1eac30>,134,22,[7 2],135,888,910,753,888
1,<environment.Job instance at 0x14ff0b1ea870>,135,27,[2 7],136,890,917,754,890
1,<environment.Job instance at 0x14ff0b1e4e10>,133,3,[9 2],134,917,920,783,897
1,<environment.Job instance at 0x14ff0b206b90>,138,23,[6 1],139,920,943,781,915
1,<environment.Job instance at 0x14ff0b206460>,141,3,[7 1],142,943,946,801,917
1,<environment.Job instance at 0x14ff0b82bc80>,146,17,[2 8],149,948,965,799,948
1,<environment.Job instance at 0x14ff10626550>,2,12,[2 8],3,3,15,0,3
1,<environment.Job instance at 0x14ff10626190>,3,12,[10  1],4,15,27,11,6
1,<environment.Job instance at 0x14febfca89b0>,29,23,[9 1],30,197,220,167,197
1,<environment.Job instance at 0x14febfca8f50>,39,24,[5 1],40,279,303,239,279
1,<environment.Job instance at 0x14febfcab230>,41,14,[2 7],42,359,373,317,359
1,<environment.Job instance at 0x14febfcab500>,45,24,[9 1],46,373,397,327,368
1,<environment.Job instance at 0x14febfcab5a0>,46,22,[1 7],47,380,402,333,380
1,<environment.Job instance at 0x14febfcab9b0>,54,20,[8 1],55,415,435,360,415
1,<environment.Job instance at 0x14febfcaba50>,55,18,[2 8],56,416,434,360,416
1,<environment.Job instance at 0x14febfcad910>,74,3,[9 1],75,664,667,589,664
1,<environment.Job instance at 0x14febfcadaa0>,77,2,[9 2],78,681,683,603,681
1,<environment.Job instance at 0x14febfcadb40>,78,28,[5 1],79,703,731,624,703
1,<environment.Job instance at 0x14febfcadaf0>,79,1,[8 1],80,731,732,651,705
1,<environment.Job instance at 0x14febfcadf50>,85,3,[8 1],86,771,774,685,771
1,<environment.Job instance at 0x14febfcb01e0>,88,1,[2 8],89,793,794,704,793
1,<environment.Job instance at 0x14febfcb00a0>,93,21,[5 1],94,820,841,726,820
1,<environment.Job instance at 0x14febfcb0690>,98,24,[7 2],99,880,904,781,880
1,<environment.Job instance at 0x14febfcb2280>,111,19,[2 7],112,1023,1042,911,1023
1,<environment.Job instance at 0x14febfcb2690>,116,16,[2 5],117,1042,1058,925,1030
1,<environment.Job instance at 0x14febfcb5500>,136,16,[7 1],137,1184,1200,1047,1184
1,<environment.Job instance at 0x14febfcb5820>,139,3,[ 2 10],140,1212,1215,1072,1212
1,<environment.Job instance at 0x14febfcb5910>,141,2,[2 5],142,1215,1217,1073,1213
1,<environment.Job instance at 0x14febfc9e0a0>,142,3,[8 2],143,1215,1218,1072,1214
1,<environment.Job instance at 0x14febfc9dd20>,143,28,[2 8],144,1225,1253,1081,1225
1,<environment.Job instance at 0x14febfc9d460>,146,3,[ 1 10],153,1261,1264,1108,1261
1,<environment.Job instance at 0x14febfc9d370>,147,15,[6 1],154,1264,1279,1110,1261
1,<environment.Job instance at 0x14febfc9d6e0>,148,3,[1 5],179,1271,1274,1092,1271
1,<environment.Job instance at 0x14febfc400f0>,0,1,[9 2],1,4,5,3,4
1,<environment.Job instance at 0x14ff0023f1e0>,11,16,[1 7],12,24,40,12,24
1,<environment.Job instance at 0x14ff0023f690>,9,13,[2 9],10,40,53,30,24
1,<environment.Job instance at 0x14ff0023f870>,7,24,[5 2],8,53,77,45,49
1,<environment.Job instance at 0x14ff0023fb40>,15,12,[2 6],16,53,65,37,49
1,<environment.Job instance at 0x14ff0023feb0>,12,21,[1 6],13,65,86,52,61
1,<environment.Job instance at 0x14ff0024d320>,20,1,[1 7],21,86,87,65,66
1,<environment.Job instance at 0x14ff0023fa00>,19,2,[2 6],20,87,89,67,74
1,<environment.Job instance at 0x14ff0024da00>,27,15,[1 9],28,106,121,78,106
1,<environment.Job instance at 0x14ff0024d730>,31,20,[2 7],32,128,148,96,128
1,<environment.Job instance at 0x14ff0022edc0>,38,24,[8 1],39,205,229,166,205
1,<environment.Job instance at 0x14ff0022e6e0>,42,1,[5 1],43,235,236,192,235
1,<environment.Job instance at 0x14ff0022ecd0>,48,3,[1 5],49,297,300,248,297
1,<environment.Job instance at 0x14ff002cf1e0>,51,23,[2 7],52,320,343,268,320
1,<environment.Job instance at 0x14ff002cfc80>,54,1,[8 2],55,345,346,290,345
1,<environment.Job instance at 0x14ff002cf9b0>,58,14,[8 2],59,373,387,314,373
1,<environment.Job instance at 0x14ff00203960>,63,19,[1 5],64,404,423,340,404
1,<environment.Job instance at 0x14ff00206dc0>,66,17,[1 6],67,423,440,356,420
1,<environment.Job instance at 0x14ff002062d0>,70,23,[5 1],71,429,452,358,429
1,<environment.Job instance at 0x14ff00209c80>,76,16,[5 1],77,467,483,390,467
1,<environment.Job instance at 0x14ff00209960>,78,2,[2 5],79,488,490,409,488
1,<environment.Job instance at 0x14ff00209050>,82,21,[10  1],83,516,537,433,516
1,<environment.Job instance at 0x14ff0b0b5e60>,84,1,[2 5],85,537,538,452,517
1,<environment.Job instance at 0x14ff001875a0>,87,18,[8 1],88,537,555,449,535
1,<environment.Job instance at 0x14ff0b083370>,98,3,[ 2 10],99,619,622,520,619
1,<environment.Job instance at 0x14ff0dec4550>,103,19,[10  2],104,680,699,576,680
1,<environment.Job instance at 0x14ff08155460>,104,2,[ 1 10],105,699,701,594,680
1,<environment.Job instance at 0x14ff081b47d0>,111,18,[8 2],112,723,741,611,723
1,<environment.Job instance at 0x14ff081b44b0>,115,18,[7 1],116,765,783,649,765
1,<environment.Job instance at 0x14ff0a8423c0>,122,14,[6 1],123,839,853,716,839
1,<environment.Job instance at 0x14ff0f55ecd0>,126,22,[9 2],127,885,907,758,885
1,<environment.Job instance at 0x14ff0dee71e0>,128,16,[10  1],129,907,923,778,904
1,<environment.Job instance at 0x14ff0dee7e10>,131,13,[1 8],132,923,936,791,917
1,<environment.Job instance at 0x14ff0dee7550>,135,14,[1 8],136,959,973,823,959
1,<environment.Job instance at 0x14ff11b323c0>,146,3,[ 1 10],147,1077,1080,930,1077
1,<environment.Job instance at 0x14ff0b200e60>,2,23,[5 1],3,29,52,26,29
1,<environment.Job instance at 0x14ff0b200a00>,5,25,[1 8],6,39,64,33,39
1,<environment.Job instance at 0x14ff0b200820>,11,3,[1 5],12,64,67,52,44
1,<environment.Job instance at 0x14ff0b200910>,12,14,[9 2],13,52,66,39,46
1,<environment.Job instance at 0x14ff0b9286e0>,15,22,[ 2 10],16,67,89,51,61
1,<environment.Job instance at 0x14ff0b928730>,18,3,[5 2],19,91,94,72,91
1,<environment.Job instance at 0x14ff0b928b90>,23,12,[2 8],24,126,138,102,126
1,<environment.Job instance at 0x14ff09725d70>,36,1,[2 9],37,245,246,208,245
1,<environment.Job instance at 0x14ff0b1314b0>,48,13,[1 7],49,312,325,263,312
1,<environment.Job instance at 0x14ff11acbf50>,53,17,[9 1],54,347,364,293,347
1,<environment.Job instance at 0x14ff104f9b90>,58,17,[2 8],59,403,420,344,403
1,<environment.Job instance at 0x14ff104f9280>,59,13,[5 1],60,404,417,344,404
1,<environment.Job instance at 0x14ff0b8bcc80>,68,26,[9 2],69,488,514,419,488
1,<environment.Job instance at 0x14ff0b8bc0a0>,70,16,[2 5],71,514,530,443,508
1,<environment.Job instance at 0x14ff0b8bc7d0>,71,1,[5 1],72,514,515,442,511
1,<environment.Job instance at 0x14ff11ae4280>,78,15,[2 6],79,530,545,451,529
1,<environment.Job instance at 0x14ff11ae45a0>,80,22,[ 1 10],81,545,567,464,545
1,<environment.Job instance at 0x14febffd0f50>,82,3,[1 5],83,567,570,484,548
1,<environment.Job instance at 0x14febffd0230>,87,21,[1 7],88,577,598,489,577
1,<environment.Job instance at 0x14febffd0140>,91,3,[5 1],92,579,582,487,579
1,<environment.Job instance at 0x14ff0035f190>,100,16,[1 6],101,690,706,589,690
1,<environment.Job instance at 0x14ff0035fb40>,105,1,[10  1],106,706,707,600,700
1,<environment.Job instance at 0x14ff0035f4b0>,106,1,[1 9],107,707,708,600,703
1,<environment.Job instance at 0x14ff0b2d4c30>,122,3,[ 1 10],123,861,864,738,861
1,<environment.Job instance at 0x14ff0b1e5910>,133,3,[1 6],134,942,945,808,942
1,<environment.Job instance at 0x14ff11b3b780>,151,17,[1 8],162,1198,1215,1036,1198
1,<environment.Job instance at 0x14ff09750230>,9,24,[1 8],10,14,38,4,14
1,<environment.Job instance at 0x14ff09750320>,11,22,[7 2],12,16,38,4,16
1,<environment.Job instance at 0x14ff09750e60>,12,13,[7 2],13,38,51,25,24
1,<environment.Job instance at 0x14ff097503c0>,14,13,[6 1],15,51,64,36,35
1,<environment.Job instance at 0x14ff09750820>,10,20,[1 8],11,51,71,40,51
1,<environment.Job instance at 0x14ff0b0ddb40>,19,3,[1 7],20,71,74,51,58
1,<environment.Job instance at 0x14ff0b0ddf00>,18,2,[1 5],19,74,76,55,60
1,<environment.Job instance at 0x14ff0b0dd5a0>,23,3,[2 6],24,76,79,52,61
1,<environment.Job instance at 0x14ff0b0dde60>,28,3,[5 2],29,110,113,81,110
1,<environment.Job instance at 0x14ff0b7ab190>,34,1,[8 2],35,198,199,163,198
1,<environment.Job instance at 0x14ff0bc250f0>,58,23,[7 2],59,417,440,358,417
1,<environment.Job instance at 0x14ff10506500>,61,27,[ 2 10],62,441,468,379,441
1,<environment.Job instance at 0x14ff10506b90>,65,2,[1 5],66,468,470,402,457
1,<environment.Job instance at 0x14ff10506e10>,68,3,[1 8],69,472,475,403,472
1,<environment.Job instance at 0x14ff105061e0>,69,12,[1 8],70,478,490,408,478
1,<environment.Job instance at 0x14ff0b90cdc0>,88,23,[1 9],89,631,654,542,631
1,<environment.Job instance at 0x14ff0b90caf0>,89,2,[ 2 10],90,654,656,564,633
1,<environment.Job instance at 0x14ff092240a0>,103,18,[10  2],104,749,767,645,749
1,<environment.Job instance at 0x14ff09224b90>,108,16,[2 8],109,767,783,658,756
1,<environment.Job instance at 0x14ff0bbd20a0>,118,24,[8 1],119,895,919,776,895
1,<environment.Job instance at 0x14ff0bbd25f0>,119,12,[2 6],120,900,912,780,900
1,<environment.Job instance at 0x14ff0bbd2280>,123,1,[10  1],124,919,920,795,915
1,<environment.Job instance at 0x14ff1059f870>,125,22,[9 1],126,920,942,794,916
1,<environment.Job instance at 0x14ff0b06fb90>,126,19,[1 5],127,920,939,793,920
1,<environment.Job instance at 0x14ff1059f050>,127,13,[2 8],128,942,955,814,932
1,<environment.Job instance at 0x14ff11eef640>,130,21,[2 5],131,962,983,831,962
1,<environment.Job instance at 0x14ff0fbc4960>,132,2,[1 9],133,983,985,850,977
1,<environment.Job instance at 0x14ff080cd230>,139,18,[1 9],140,1020,1038,880,1020
1,<environment.Job instance at 0x14ff11b59820>,140,18,[ 2 10],141,1038,1056,897,1027
1,<environment.Job instance at 0x14ff11f03820>,142,1,[5 1],143,1056,1057,913,1041
1,<environment.Job instance at 0x14ff0b36baa0>,144,25,[8 2],145,1058,1083,913,1058
1,<environment.Job instance at 0x14ff11f02f50>,147,12,[1 5],148,1084,1096,936,1084
1,<environment.Job instance at 0x14ff0fb74a00>,148,1,[2 9],149,1096,1097,947,1088
1,<environment.Job instance at 0x14ff0fbe7a50>,151,27,[6 1],152,1125,1152,973,1125
1,<environment.Job instance at 0x14ff0b8e4640>,152,2,[1 6],153,1133,1135,980,1133
1,<environment.Job instance at 0x14febff17e10>,9,18,[2 7],10,40,58,30,40
1,<environment.Job instance at 0x14febff17460>,10,1,[2 9],11,58,59,47,55
1,<environment.Job instance at 0x14febff17fa0>,14,1,[1 7],15,82,83,67,82
1,<environment.Job instance at 0x14febff17870>,16,3,[1 8],17,83,86,66,82
1,<environment.Job instance at 0x14febfce2500>,20,2,[2 7],21,102,104,81,102
1,<environment.Job instance at 0x14febfce28c0>,26,13,[1 7],27,128,141,101,128
1,<environment.Job instance at 0x14febfce2960>,27,1,[ 1 10],28,141,142,113,128
1,<environment.Job instance at 0x14febfce2e10>,34,22,[1 9],35,217,239,182,217
1,<environment.Job instance at 0x14febfce2f00>,38,19,[10  1],39,246,265,207,246
1,<environment.Job instance at 0x14febf99b280>,39,3,[2 7],40,265,268,225,247
1,<environment.Job instance at 0x14febf99b5a0>,45,17,[10  2],46,290,307,244,290
1,<environment.Job instance at 0x14febf99b050>,48,1,[9 2],49,307,308,258,293
1,<environment.Job instance at 0x14febf99baf0>,53,3,[6 2],54,315,318,261,315
1,<environment.Job instance at 0x14febf99bc80>,54,24,[ 1 10],55,318,342,263,317
1,<environment.Job instance at 0x14ff081131e0>,63,26,[5 2],64,408,434,344,408
1,<environment.Job instance at 0x14ff08113410>,65,12,[1 5],66,410,422,344,410
1,<environment.Job instance at 0x14ff08113140>,64,15,[1 8],65,422,437,357,410
1,<environment.Job instance at 0x14ff081136e0>,73,17,[5 1],74,491,508,417,491
1,<environment.Job instance at 0x14ff08113cd0>,78,1,[2 8],79,516,517,437,516
1,<environment.Job instance at 0x14ff08113dc0>,79,18,[1 5],80,519,537,439,519
1,<environment.Job instance at 0x14ff08113e10>,81,2,[6 2],82,542,544,460,542
1,<environment.Job instance at 0x14febf9acd70>,100,3,[2 6],101,720,723,619,720
1,<environment.Job instance at 0x14ff0812dcd0>,105,19,[1 5],106,774,793,668,774
1,<environment.Job instance at 0x14febfc25aa0>,109,15,[2 9],110,793,808,683,783
1,<environment.Job instance at 0x14febfcd83c0>,116,1,[2 6],117,832,833,715,832
1,<environment.Job instance at 0x14ff0fc5b190>,134,13,[8 2],135,956,969,821,956
1,<environment.Job instance at 0x14febfc2e870>,143,27,[8 1],144,1070,1097,926,1070
1,<environment.Job instance at 0x14febfc2e690>,146,15,[7 2],147,1097,1112,950,1084
1,<environment.Job instance at 0x14ff002e0500>,150,16,[10  1],151,1165,1181,1014,1165
1,<environment.Job instance at 0x14ff11b611e0>,14,26,[ 2 10],15,121,147,106,121
1,<environment.Job instance at 0x14ff11b61d70>,20,1,[1 8],21,193,194,172,193
1,<environment.Job instance at 0x14ff0b2e5550>,32,3,[1 7],33,310,313,277,310
1,<environment.Job instance at 0x14febfd209b0>,34,13,[1 9],35,318,331,283,318
1,<environment.Job instance at 0x14ff0b193960>,43,13,[9 1],44,404,417,360,404
1,<environment.Job instance at 0x14ff0fb98690>,47,1,[1 9],48,422,423,374,422
1,<environment.Job instance at 0x14ff0def7190>,49,17,[ 1 10],50,427,444,377,427
1,<environment.Job instance at 0x14ff105758c0>,54,15,[5 1],55,512,527,457,512
1,<environment.Job instance at 0x14ff0f548640>,84,1,[2 6],85,796,797,711,796
1,<environment.Job instance at 0x14ff0f548550>,87,1,[ 1 10],88,815,816,727,815
1,<environment.Job instance at 0x14ff0976ab40>,89,22,[6 1],90,819,841,729,819
1,<environment.Job instance at 0x14ff0976af00>,91,20,[7 2],92,865,885,773,865
1,<environment.Job instance at 0x14ff10633e60>,96,18,[2 6],97,889,907,792,889
1,<environment.Job instance at 0x14ff10633cd0>,97,16,[8 2],98,905,921,807,905
1,<environment.Job instance at 0x14ff10633460>,101,2,[10  1],102,921,923,819,906
1,<environment.Job instance at 0x14ff003a1780>,102,22,[8 1],103,923,945,820,919
1,<environment.Job instance at 0x14ff11acb4b0>,114,21,[9 1],115,1023,1044,908,1023
1,<environment.Job instance at 0x14ff11acb370>,115,14,[2 7],116,1044,1058,928,1030
1,<environment.Job instance at 0x14ff0fbb1e10>,127,2,[7 1],128,1134,1136,1006,1134
1,<environment.Job instance at 0x14ff0b8160f0>,129,15,[1 6],130,1149,1164,1019,1149
1,<environment.Job instance at 0x14ff08234b40>,131,14,[9 2],132,1164,1178,1032,1164
1,<environment.Job instance at 0x14ff0b816c80>,134,14,[2 5],135,1205,1219,1070,1205
1,<environment.Job instance at 0x14ff096a2a00>,135,13,[1 9],136,1219,1232,1083,1206
1,<environment.Job instance at 0x14ff08293280>,5,3,[ 2 10],6,6,9,0,6
1,<environment.Job instance at 0x14ff08293aa0>,4,23,[2 8],5,9,32,4,7
1,<environment.Job instance at 0x14ff080ce230>,7,1,[6 1],8,9,10,1,8
1,<environment.Job instance at 0x14ff080ceb90>,2,3,[2 9],3,32,35,29,10
1,<environment.Job instance at 0x14ff0b0f8050>,17,15,[7 1],18,114,129,96,114
1,<environment.Job instance at 0x14ff0b0f88c0>,20,26,[1 8],21,116,142,95,116
1,<environment.Job instance at 0x14ff0b0f8b40>,22,2,[8 2],23,146,148,123,146
1,<environment.Job instance at 0x14ff0b0f8dc0>,24,20,[5 1],25,148,168,123,146
1,<environment.Job instance at 0x14ff0b0f86e0>,25,19,[2 5],26,159,178,133,159
1,<environment.Job instance at 0x14ff0b0f83c0>,27,23,[6 2],28,168,191,140,167
1,<environment.Job instance at 0x14ff0b0f8690>,26,3,[ 1 10],27,191,194,164,168
1,<environment.Job instance at 0x14ff09789780>,36,1,[ 1 10],37,259,260,222,259
1,<environment.Job instance at 0x14ff09789c30>,39,1,[2 9],40,294,295,254,294
1,<environment.Job instance at 0x14ff09789d20>,46,2,[1 5],47,351,353,304,351
1,<environment.Job instance at 0x14ff09789730>,56,12,[1 8],57,480,492,423,480
1,<environment.Job instance at 0x14ff0bc2e140>,57,1,[7 1],58,480,481,422,480
1,<environment.Job instance at 0x14ff0bc2e2d0>,59,19,[6 2],60,482,501,422,482
1,<environment.Job instance at 0x14ff0bc2eb40>,69,20,[2 6],70,569,589,499,569
1,<environment.Job instance at 0x14ff0bc2ef00>,72,3,[10  2],73,596,599,523,596
1,<environment.Job instance at 0x14ff10630e10>,84,3,[7 2],85,747,750,662,747
1,<environment.Job instance at 0x14ff10630c80>,89,16,[2 9],90,757,773,667,757
1,<environment.Job instance at 0x14ff104f3730>,96,22,[1 9],97,800,822,703,800
1,<environment.Job instance at 0x14ff0fb8a5f0>,108,15,[5 1],109,893,908,784,893
1,<environment.Job instance at 0x14ff0fb98dc0>,125,14,[9 1],126,1074,1088,948,1074
1,<environment.Job instance at 0x14febfd7a640>,128,25,[2 5],129,1108,1133,979,1108
1,<environment.Job instance at 0x14febf875550>,133,17,[10  1],134,1133,1150,999,1126
1,<environment.Job instance at 0x14ff0a815640>,134,20,[1 7],135,1151,1171,1016,1151
1,<environment.Job instance at 0x14ff0a815370>,137,22,[2 7],138,1182,1204,1044,1182
1,<environment.Job instance at 0x14ff0a815cd0>,141,18,[8 2],142,1202,1220,1060,1202
1,<environment.Job instance at 0x14febf999f00>,149,15,[9 1],169,1263,1278,1094,1263
1,<environment.Job instance at 0x14ff0bc2e960>,5,1,[7 2],6,24,25,18,24
1,<environment.Job instance at 0x14ff080dd730>,8,25,[2 8],9,55,80,46,55
1,<environment.Job instance at 0x14febf9c5b40>,16,2,[2 6],17,126,128,109,126
1,<environment.Job instance at 0x14ff097217d0>,19,15,[2 6],20,136,151,116,136
1,<environment.Job instance at 0x14febfb8a1e0>,24,2,[10  2],25,172,174,147,172
1,<environment.Job instance at 0x14febfcef280>,25,1,[8 1],26,174,175,148,172
1,<environment.Job instance at 0x14febf8f5a00>,29,14,[5 1],30,224,238,194,224
1,<environment.Job instance at 0x14ff0006de10>,30,16,[8 2],31,238,254,207,226
1,<environment.Job instance at 0x14ff0b2cfc80>,31,3,[ 2 10],32,254,257,222,230
1,<environment.Job instance at 0x14ff09704a00>,33,17,[1 5],34,231,248,197,231
1,<environment.Job instance at 0x14ff0fbd2640>,35,25,[2 7],36,264,289,228,264
1,<environment.Job instance at 0x14ff104d3050>,38,3,[ 2 10],39,289,292,250,267
1,<environment.Job instance at 0x14ff104d3190>,37,1,[7 1],38,268,269,230,268
1,<environment.Job instance at 0x14febfc401e0>,39,19,[ 1 10],40,292,311,252,282
1,<environment.Job instance at 0x14ff11b37730>,47,28,[6 2],48,362,390,314,362
1,<environment.Job instance at 0x14ff00187a00>,60,22,[1 5],61,455,477,394,455
1,<environment.Job instance at 0x14ff001879b0>,64,12,[6 1],65,469,481,404,469
1,<environment.Job instance at 0x14ff00187230>,68,14,[8 1],69,521,535,452,521
1,<environment.Job instance at 0x14ff0925e5a0>,72,19,[9 1],73,586,605,513,586
1,<environment.Job instance at 0x14ff0925ea50>,73,1,[7 1],74,605,606,531,586
1,<environment.Job instance at 0x14ff0925e500>,74,2,[1 8],75,621,623,546,621
1,<environment.Job instance at 0x14ff0925e370>,80,20,[9 1],81,628,648,547,628
1,<environment.Job instance at 0x14ff0b329460>,96,1,[2 7],97,867,868,770,867
1,<environment.Job instance at 0x14ff0b329960>,106,13,[2 8],107,979,992,872,979
1,<environment.Job instance at 0x14ff0972c870>,117,18,[5 1],118,1065,1083,947,1065
1,<environment.Job instance at 0x14ff0972c410>,120,1,[9 2],121,1114,1115,993,1114
1,<environment.Job instance at 0x14ff0972cbe0>,123,19,[8 1],124,1146,1165,1022,1146
1,<environment.Job instance at 0x14ff0972ca00>,124,2,[5 2],125,1165,1167,1040,1149
1,<environment.Job instance at 0x14ff0972c4b0>,128,18,[8 2],129,1181,1199,1052,1181
1,<environment.Job instance at 0x14ff0972c8c0>,131,13,[2 6],132,1210,1223,1078,1210
1,<environment.Job instance at 0x14ff0b82e870>,9,23,[8 1],10,54,77,44,54
1,<environment.Job instance at 0x14febff94af0>,22,22,[2 6],23,174,196,151,174
1,<environment.Job instance at 0x14ff080a6460>,38,14,[5 1],39,323,337,284,323
1,<environment.Job instance at 0x14ff096b2f00>,50,19,[ 2 10],51,458,477,407,458
1,<environment.Job instance at 0x14ff096b2960>,49,17,[6 2],50,477,494,427,468
1,<environment.Job instance at 0x14ff0b25ac80>,53,19,[2 9],54,494,513,440,484
1,<environment.Job instance at 0x14ff10555fa0>,61,3,[5 2],62,556,559,494,556
1,<environment.Job instance at 0x14febfdc5dc0>,62,22,[10  2],63,565,587,502,565
1,<environment.Job instance at 0x14ff000839b0>,64,19,[6 2],65,587,606,522,583
1,<environment.Job instance at 0x14ff00083cd0>,68,25,[5 1],69,607,632,538,607
1,<environment.Job instance at 0x14ff00083eb0>,71,16,[1 9],72,653,669,581,653
1,<environment.Job instance at 0x14ff00083f50>,75,3,[2 6],76,669,672,593,663
1,<environment.Job instance at 0x14ff003c1690>,77,16,[7 1],78,676,692,598,676
1,<environment.Job instance at 0x14ff003c17d0>,78,27,[7 2],79,692,719,613,691
1,<environment.Job instance at 0x14ff0fc67230>,82,3,[8 1],83,725,728,642,725
1,<environment.Job instance at 0x14ff0fc67690>,83,18,[1 5],84,729,747,645,729
1,<environment.Job instance at 0x14ff003d0a00>,89,1,[8 2],90,857,858,767,857
1,<environment.Job instance at 0x14ff000dc3c0>,93,28,[7 1],94,876,904,782,876
1,<environment.Job instance at 0x14ff0038ad20>,94,1,[9 2],95,904,905,809,885
1,<environment.Job instance at 0x14ff0b242910>,101,12,[1 7],102,977,989,875,977
1,<environment.Job instance at 0x14ff003c4be0>,107,12,[1 9],108,1040,1052,932,1040
1,<environment.Job instance at 0x14ff003c4aa0>,110,21,[5 2],111,1091,1112,980,1091
1,<environment.Job instance at 0x14ff11ab3e60>,121,3,[6 1],122,1182,1185,1060,1182
1,<environment.Job instance at 0x14ff11ab39b0>,122,14,[ 2 10],123,1185,1199,1062,1182
1,<environment.Job instance at 0x14ff11ab3320>,126,1,[10  1],127,1220,1221,1093,1220
1,<environment.Job instance at 0x14ff11ab3eb0>,127,3,[1 7],128,1221,1224,1093,1220
1,<environment.Job instance at 0x14ff0a833870>,131,19,[2 8],132,1262,1281,1130,1262
1,<environment.Job instance at 0x14ff0b962460>,8,22,[5 2],9,49,71,40,49
1,<environment.Job instance at 0x14ff0b962f00>,15,13,[2 5],16,74,87,58,74
1,<environment.Job instance at 0x14ff08113460>,41,1,[ 2 10],42,289,290,247,289
1,<environment.Job instance at 0x14ff08113370>,48,1,[2 6],49,343,344,294,343
1,<environment.Job instance at 0x14ff0b242c80>,61,13,[8 2],62,468,481,406,468
1,<environment.Job instance at 0x14ff10555780>,68,3,[7 1],69,506,509,437,506
1,<environment.Job instance at 0x14ff10555cd0>,70,1,[1 5],71,508,509,437,508
1,<environment.Job instance at 0x14ff105550a0>,73,12,[8 2],74,535,547,461,535
1,<environment.Job instance at 0x14ff105556e0>,77,20,[6 1],78,567,587,489,567
1,<environment.Job instance at 0x14ff003670f0>,97,21,[ 1 10],98,806,827,708,806
1,<environment.Job instance at 0x14febfdc5cd0>,99,20,[7 1],100,827,847,727,823
1,<environment.Job instance at 0x14ff0973f410>,122,20,[2 7],123,1031,1051,908,1031
1,<environment.Job instance at 0x14ff0973fe60>,132,3,[2 5],133,1158,1161,1025,1158
1,<environment.Job instance at 0x14ff0973f9b0>,136,1,[7 1],137,1210,1211,1073,1210
1,<environment.Job instance at 0x14ff08112d70>,141,18,[10  2],142,1260,1278,1118,1260
1,<environment.Job instance at 0x14ff0b0a1370>,144,21,[2 8],158,1282,1303,1124,1282
1,<environment.Job instance at 0x14ff0b0a17d0>,146,13,[7 1],172,1300,1313,1128,1300
1,<environment.Job instance at 0x14ff0b173550>,147,27,[2 8],178,1310,1337,1132,1310
1,<environment.Job instance at 0x14ff080549b0>,17,18,[ 2 10],18,140,158,122,140
1,<environment.Job instance at 0x14ff11bea190>,24,16,[1 7],25,185,201,160,185
1,<environment.Job instance at 0x14ff08054f00>,25,14,[8 1],26,190,204,164,190
1,<environment.Job instance at 0x14ff0c038690>,29,13,[2 5],30,207,220,177,207
1,<environment.Job instance at 0x14ff0c038550>,32,1,[2 9],33,232,233,199,232
1,<environment.Job instance at 0x14ff0c038be0>,37,3,[ 2 10],38,287,290,249,287
1,<environment.Job instance at 0x14ff0c038af0>,39,15,[5 2],40,292,307,252,292
1,<environment.Job instance at 0x14ff0c0380a0>,46,2,[9 2],47,319,321,272,319
1,<environment.Job instance at 0x14ff0c038c30>,44,3,[10  2],45,325,328,280,325
1,<environment.Job instance at 0x14ff0b3910a0>,62,17,[9 1],63,486,503,423,486
1,<environment.Job instance at 0x14ff0b3919b0>,67,20,[7 2],68,517,537,449,517
1,<environment.Job instance at 0x14ff0b914f50>,69,27,[1 9],70,609,636,539,609
1,<environment.Job instance at 0x14ff0b9140a0>,80,16,[1 5],81,667,683,586,667
1,<environment.Job instance at 0x14ff0b914dc0>,82,3,[5 2],83,667,670,584,667
1,<environment.Job instance at 0x14ff0b914cd0>,83,13,[2 8],84,683,696,599,667
1,<environment.Job instance at 0x14ff0b914230>,85,3,[1 6],86,696,699,610,671
1,<environment.Job instance at 0x14ff0f5381e0>,124,18,[10  2],125,1031,1049,906,1031
1,<environment.Job instance at 0x14ff09672500>,130,1,[7 2],131,1096,1097,965,1096
1,<environment.Job instance at 0x14ff0bbfad70>,138,18,[5 2],139,1147,1165,1008,1147
1,<environment.Job instance at 0x14ff0f538cd0>,1,14,[5 1],2,3,17,1,3
1,<environment.Job instance at 0x14ff0f538d20>,3,13,[1 5],4,6,19,2,6
1,<environment.Job instance at 0x14febff431e0>,9,2,[9 1],10,17,19,7,14
1,<environment.Job instance at 0x14febff430f0>,5,28,[1 7],6,20,48,14,20
1,<environment.Job instance at 0x14ff001ad0a0>,8,2,[9 1],9,22,24,13,22
1,<environment.Job instance at 0x14febff71b40>,15,14,[1 6],16,48,62,32,44
1,<environment.Job instance at 0x14febff71410>,10,20,[5 2],11,57,77,46,57
1,<environment.Job instance at 0x14febff71960>,21,23,[6 2],22,82,105,60,82
1,<environment.Job instance at 0x14febff4cf00>,22,3,[1 5],23,90,93,67,90
1,<environment.Job instance at 0x14ff00157d70>,26,2,[9 2],27,105,107,78,100
1,<environment.Job instance at 0x14ff00148140>,37,2,[10  1],38,205,207,167,205
1,<environment.Job instance at 0x14ff001600f0>,45,13,[10  2],46,292,305,246,292
1,<environment.Job instance at 0x14ff00146410>,49,27,[1 9],50,311,338,261,311
1,<environment.Job instance at 0x14ff0012e190>,51,15,[9 1],52,337,352,285,337
1,<environment.Job instance at 0x14ff00125550>,55,24,[5 1],56,357,381,301,357
1,<environment.Job instance at 0x14ff00125910>,58,2,[2 8],59,360,362,301,360
1,<environment.Job instance at 0x14ff00125a00>,57,16,[10  1],58,381,397,323,370
1,<environment.Job instance at 0x14ff00125aa0>,68,25,[7 2],69,459,484,390,459
1,<environment.Job instance at 0x14febff4dc80>,71,12,[1 8],72,472,484,400,472
1,<environment.Job instance at 0x14febff70280>,82,1,[ 1 10],83,574,575,491,574
1,<environment.Job instance at 0x14febff70500>,85,3,[2 8],86,581,584,495,581
1,<environment.Job instance at 0x14febff705a0>,84,21,[1 9],85,584,605,499,583
1,<environment.Job instance at 0x14febff70730>,86,16,[2 7],87,605,621,518,600
1,<environment.Job instance at 0x14febff70910>,89,3,[ 2 10],90,621,624,531,602
1,<environment.Job instance at 0x14febff70cd0>,91,19,[9 2],92,624,643,532,617
1,<environment.Job instance at 0x14febff73550>,104,13,[9 1],105,743,756,638,743
1,<environment.Job instance at 0x14febff73820>,110,14,[2 8],111,801,815,690,801
1,<environment.Job instance at 0x14febff73a50>,111,2,[7 2],112,807,809,695,807
1,<environment.Job instance at 0x14febff459b0>,131,24,[1 8],132,1028,1052,896,1028
1,<environment.Job instance at 0x14febff45d20>,134,3,[5 2],135,1038,1041,903,1038
1,<environment.Job instance at 0x14febff58230>,144,19,[2 9],145,1139,1158,994,1139
1,<environment.Job instance at 0x14febff58370>,146,1,[5 1],147,1147,1148,1000,1147
1,<environment.Job instance at 0x14febff585f0>,150,22,[8 2],151,1177,1199,1026,1177
1,<environment.Job instance at 0x14ff00157230>,5,15,[9 2],6,9,24,3,9
1,<environment.Job instance at 0x14ff00157e60>,23,20,[ 2 10],24,189,209,165,189
1,<environment.Job instance at 0x14ff00230e60>,30,1,[2 9],31,247,248,216,247
1,<environment.Job instance at 0x14ff002301e0>,32,3,[10  1],33,250,253,217,250
1,<environment.Job instance at 0x14ff00230140>,31,2,[7 2],32,258,260,226,258
1,<environment.Job instance at 0x14ff00230d70>,41,1,[5 2],42,379,380,337,379
1,<environment.Job instance at 0x14ff00230730>,43,19,[6 1],44,380,399,336,379
1,<environment.Job instance at 0x14ff0012b230>,51,16,[8 2],52,446,462,394,446
1,<environment.Job instance at 0x14ff0012b370>,63,15,[5 2],64,571,586,507,571
1,<environment.Job instance at 0x14ff0012bcd0>,65,20,[5 2],66,579,599,513,579
1,<environment.Job instance at 0x14ff00253820>,80,12,[8 1],81,756,768,675,756
1,<environment.Job instance at 0x14ff00253d20>,85,19,[7 2],86,787,806,701,787
1,<environment.Job instance at 0x14ff002342d0>,93,18,[10  1],94,874,892,780,874
1,<environment.Job instance at 0x14ff00234f00>,104,1,[8 1],105,959,960,854,959
1,<environment.Job instance at 0x14ff001b2a00>,106,21,[10  1],107,990,1011,883,990
1,<environment.Job instance at 0x14ff001b2320>,121,1,[9 2],122,1093,1094,971,1093
1,<environment.Job instance at 0x14ff001ad910>,138,19,[2 5],139,1256,1275,1117,1256
1,<environment.Job instance at 0x14ff0b159460>,6,18,[1 5],7,14,32,7,14
1,<environment.Job instance at 0x14ff00157fa0>,5,16,[1 9],6,32,48,26,22
1,<environment.Job instance at 0x14febf9f3690>,20,23,[2 9],21,159,182,138,159
1,<environment.Job instance at 0x14febf9f3870>,21,2,[1 6],22,182,184,160,160
1,<environment.Job instance at 0x14febf9d8870>,24,1,[5 2],25,183,184,158,183
1,<environment.Job instance at 0x14ff0b20ad70>,31,1,[1 9],32,233,234,201,233
1,<environment.Job instance at 0x14febfeae550>,34,28,[7 2],35,259,287,224,259
1,<environment.Job instance at 0x14ff0b1f3960>,36,19,[6 1],37,287,306,250,279
1,<environment.Job instance at 0x14ff0b1e50a0>,37,2,[2 8],38,282,284,244,282
1,<environment.Job instance at 0x14ff082421e0>,43,1,[9 1],44,323,324,279,323
1,<environment.Job instance at 0x14ff00159aa0>,48,18,[5 1],49,372,390,323,372
1,<environment.Job instance at 0x14ff00159500>,49,2,[2 6],50,377,379,327,377
1,<environment.Job instance at 0x14ff0013a4b0>,57,24,[2 6],58,469,493,411,469
1,<environment.Job instance at 0x14ff0015d1e0>,72,2,[6 1],73,606,608,533,606
1,<environment.Job instance at 0x14ff0014df50>,74,2,[7 2],75,622,624,547,622
1,<environment.Job instance at 0x14ff001c7b40>,92,15,[8 2],93,810,825,717,810
1,<environment.Job instance at 0x14ff001c7820>,93,3,[1 9],94,825,828,731,810
1,<environment.Job instance at 0x14ff001ac3c0>,103,22,[6 2],104,908,930,804,908
1,<environment.Job instance at 0x14ff001ac550>,107,3,[2 6],108,925,928,817,925
1,<environment.Job instance at 0x14ff001ace60>,122,2,[8 2],123,1060,1062,937,1060
1,<environment.Job instance at 0x14ff001ac960>,123,2,[9 1],124,1072,1074,948,1072
1,<environment.Job instance at 0x14ff001cf870>,137,13,[10  1],138,1245,1258,1107,1245
1,<environment.Job instance at 0x14ff001cfe10>,143,1,[5 2],161,1258,1259,1097,1249
1,<environment.Job instance at 0x14ff001cfcd0>,142,19,[2 6],160,1258,1277,1098,1249
1,<environment.Job instance at 0x14ff0fc084b0>,2,1,[1 9],3,4,5,1,4
1,<environment.Job instance at 0x14ff001d60f0>,3,3,[9 2],4,25,28,21,25
1,<environment.Job instance at 0x14febfee7780>,13,15,[10  1],14,90,105,76,90
1,<environment.Job instance at 0x14febfee7690>,20,25,[2 5],21,148,173,127,148
1,<environment.Job instance at 0x14febfee7910>,24,1,[ 2 10],25,173,174,148,171
1,<environment.Job instance at 0x14febfb43eb0>,28,2,[9 1],29,249,251,220,249
1,<environment.Job instance at 0x14febfb43dc0>,31,1,[2 9],32,260,261,228,260
1,<environment.Job instance at 0x14febfb43960>,33,23,[9 1],34,277,300,243,277
1,<environment.Job instance at 0x14febfb432d0>,37,2,[1 6],38,322,324,284,322
1,<environment.Job instance at 0x14febfb43320>,39,20,[6 1],40,338,358,298,338
1,<environment.Job instance at 0x14febfb438c0>,44,18,[8 1],45,381,399,336,381
1,<environment.Job instance at 0x14febfb439b0>,46,19,[1 5],47,397,416,350,397
1,<environment.Job instance at 0x14febfb43f50>,47,2,[1 6],48,416,418,368,402
1,<environment.Job instance at 0x14febfb43190>,49,14,[6 2],50,403,417,353,403
1,<environment.Job instance at 0x14febfb476e0>,51,15,[2 5],52,428,443,376,428
1,<environment.Job instance at 0x14febfb47460>,60,22,[9 2],61,575,597,514,575
1,<environment.Job instance at 0x14ff0f5578c0>,72,3,[10  1],73,748,751,675,748
1,<environment.Job instance at 0x14ff0f557780>,73,24,[5 1],74,751,775,677,749
1,<environment.Job instance at 0x14ff0f5574b0>,83,16,[1 9],84,851,867,767,851
1,<environment.Job instance at 0x14ff09773aa0>,106,1,[8 1],107,1136,1137,1029,1136
1,<environment.Job instance at 0x14ff097734b0>,108,2,[2 9],109,1138,1140,1029,1138
1,<environment.Job instance at 0x14ff0b2a0a00>,120,15,[1 6],121,1266,1281,1145,1266
1,<environment.Job instance at 0x14ff0b2a0780>,122,20,[8 1],123,1285,1305,1162,1285
1,<environment.Job instance at 0x14ff0b2a0e10>,126,12,[2 8],127,1368,1380,1241,1368
1,<environment.Job instance at 0x14ff0b2a0c80>,129,13,[5 2],130,1396,1409,1266,1396
1,<environment.Job instance at 0x14ff000d6d70>,140,18,[2 8],145,1547,1565,1402,1547
1,<environment.Job instance at 0x14ff105272d0>,8,16,[2 8],9,28,44,19,28
1,<environment.Job instance at 0x14ff10527dc0>,11,19,[8 1],12,35,54,23,35
1,<environment.Job instance at 0x14ff0f52d5a0>,14,14,[1 9],15,52,66,37,52
1,<environment.Job instance at 0x14ff0f52dd70>,22,2,[1 7],23,118,120,95,118
1,<environment.Job instance at 0x14ff0f52d690>,26,18,[8 2],27,139,157,112,139
1,<environment.Job instance at 0x14ff0f52d190>,27,1,[8 2],28,157,158,129,142
1,<environment.Job instance at 0x14ff0b7ef230>,39,17,[ 2 10],40,317,334,277,317
1,<environment.Job instance at 0x14ff0b7ef9b0>,42,19,[2 8],43,340,359,297,340
1,<environment.Job instance at 0x14ff0b7eff00>,44,2,[9 2],45,359,361,314,353
1,<environment.Job instance at 0x14ff0bb90f00>,49,3,[5 2],50,371,374,321,371
1,<environment.Job instance at 0x14ff0bb90c80>,50,25,[6 2],51,374,399,323,372
1,<environment.Job instance at 0x14febff7d9b0>,63,1,[1 9],64,543,544,479,543
1,<environment.Job instance at 0x14ff0f548aa0>,86,12,[6 2],87,768,780,681,768
1,<environment.Job instance at 0x14ff0f548320>,85,14,[1 9],86,780,794,694,776
1,<environment.Job instance at 0x14ff0b1de320>,94,15,[ 1 10],95,820,835,725,820
1,<environment.Job instance at 0x14febfc11960>,95,1,[8 2],96,835,836,739,821
1,<environment.Job instance at 0x14ff11b16f50>,99,28,[2 8],100,897,925,797,897
1,<environment.Job instance at 0x14ff00334050>,101,3,[1 9],102,925,928,823,902
1,<environment.Job instance at 0x14ff099c6a50>,103,13,[1 9],104,928,941,824,915
1,<environment.Job instance at 0x14ff003223c0>,110,19,[2 9],111,942,961,831,942
1,<environment.Job instance at 0x14ff0fba4b90>,121,3,[5 1],122,1046,1049,924,1046
1,<environment.Job instance at 0x14ff0b806b90>,123,14,[1 5],124,1062,1076,938,1062
1,<environment.Job instance at 0x14ff081eec80>,132,17,[9 2],133,1146,1163,1013,1146
1,<environment.Job instance at 0x14febfd54230>,135,13,[5 1],136,1167,1180,1031,1167
1,<environment.Job instance at 0x14ff081e5be0>,150,13,[ 1 10],152,1319,1332,1167,1319
1,<environment.Job instance at 0x14ff0c062500>,0,16,[1 7],1,1,17,0,1
1,<environment.Job instance at 0x14febfdc0aa0>,14,22,[1 9],15,61,83,46,61
1,<environment.Job instance at 0x14febfdc0460>,18,24,[1 8],19,86,110,67,86
1,<environment.Job instance at 0x14febfdc0780>,27,18,[1 7],28,126,144,98,126
1,<environment.Job instance at 0x14febfdc0190>,29,14,[10  1],30,145,159,115,145
1,<environment.Job instance at 0x14febfdc0370>,32,1,[2 6],33,159,160,126,149
1,<environment.Job instance at 0x14febfdc0410>,33,18,[1 5],34,160,178,126,156
1,<environment.Job instance at 0x14ff0b1ae370>,36,2,[1 6],37,178,180,141,162
1,<environment.Job instance at 0x14ff0b1aec30>,37,1,[1 7],38,180,181,142,164
1,<environment.Job instance at 0x14febfdc0550>,30,16,[9 1],31,164,180,133,164
1,<environment.Job instance at 0x14ff0b1aecd0>,42,17,[1 7],43,213,230,170,213
1,<environment.Job instance at 0x14ff0b1a8f00>,80,19,[1 9],81,631,650,550,631
1,<environment.Job instance at 0x14ff09230f50>,77,12,[1 8],78,650,662,572,641
1,<environment.Job instance at 0x14ff0b1a8190>,83,3,[8 2],84,650,653,566,643
1,<environment.Job instance at 0x14febfd51eb0>,98,17,[2 7],99,793,810,694,793
1,<environment.Job instance at 0x14febfd51c30>,102,12,[6 1],103,795,807,692,795
1,<environment.Job instance at 0x14febfd51190>,105,3,[8 1],106,826,829,720,826
1,<environment.Job instance at 0x14febfd51e10>,113,1,[2 7],114,895,896,781,895
1,<environment.Job instance at 0x14febfd51dc0>,116,18,[6 1],117,932,950,815,932
1,<environment.Job instance at 0x14febfd51d70>,117,1,[5 2],118,950,951,832,939
1,<environment.Job instance at 0x14febfdb38c0>,125,20,[9 1],126,1016,1036,890,1016
1,<environment.Job instance at 0x14febfdb30a0>,130,2,[1 8],131,1055,1057,924,1055
1,<environment.Job instance at 0x14febfdb35f0>,132,1,[1 6],133,1068,1069,935,1068
1,<environment.Job instance at 0x14febfe4eaa0>,138,14,[2 5],139,1128,1142,989,1128
1,<environment.Job instance at 0x14febfe4ef00>,139,3,[1 8],140,1142,1145,1002,1129
1,<environment.Job instance at 0x14ff0b1de370>,143,13,[10  1],144,1162,1175,1018,1162
1,<environment.Job instance at 0x14ff0fba8cd0>,150,3,[9 1],151,1254,1257,1103,1254
1,<environment.Job instance at 0x14febfe45d20>,156,24,[1 8],159,1342,1366,1183,1342
1,<environment.Job instance at 0x14ff0011e5a0>,155,12,[5 2],158,1344,1356,1186,1344
1,<environment.Job instance at 0x14febfdc0c80>,4,23,[8 2],5,9,32,4,9
1,<environment.Job instance at 0x14ff080c6780>,2,28,[2 5],3,10,38,7,10
1,<environment.Job instance at 0x14febfe37140>,10,16,[ 2 10],11,54,70,43,54
1,<environment.Job instance at 0x14febfe37370>,11,1,[ 1 10],12,70,71,58,54
1,<environment.Job instance at 0x14febfe37dc0>,14,24,[1 5],15,71,95,56,69
1,<environment.Job instance at 0x14febfe37910>,27,20,[2 7],28,145,165,117,145
1,<environment.Job instance at 0x14ff0fb98fa0>,32,15,[9 1],33,172,187,139,172
1,<environment.Job instance at 0x14ff0fb982d0>,35,3,[8 2],36,187,190,151,186
1,<environment.Job instance at 0x14ff0fb987d0>,37,15,[7 2],38,203,218,165,203
1,<environment.Job instance at 0x14febf86b960>,50,20,[1 9],51,329,349,278,329
1,<environment.Job instance at 0x14febf86b3c0>,52,2,[ 2 10],53,349,351,296,331
1,<environment.Job instance at 0x14febf86b370>,53,2,[10  1],54,351,353,297,335
1,<environment.Job instance at 0x14febf86b230>,60,19,[5 2],61,415,434,354,415
1,<environment.Job instance at 0x14febf86b780>,62,19,[1 8],63,419,438,356,419
1,<environment.Job instance at 0x14febf86bf50>,63,18,[9 2],64,434,452,370,424
1,<environment.Job instance at 0x14febff905f0>,74,18,[9 1],75,474,492,399,474
1,<environment.Job instance at 0x14febff90640>,79,1,[2 9],80,568,569,488,568
1,<environment.Job instance at 0x14febff901e0>,81,1,[6 1],82,588,589,506,588
1,<environment.Job instance at 0x14febff90dc0>,86,22,[9 1],87,639,661,552,639
1,<environment.Job instance at 0x14febfd467d0>,90,1,[1 7],91,690,691,599,690
1,<environment.Job instance at 0x14febfbfe910>,91,1,[6 1],92,692,693,600,692
1,<environment.Job instance at 0x14febfbfeb40>,96,19,[10  1],97,721,740,624,721
1,<environment.Job instance at 0x14febfbfecd0>,99,18,[8 1],100,763,781,663,763
1,<environment.Job instance at 0x14febfbfe1e0>,101,12,[8 2],102,781,793,679,780
1,<environment.Job instance at 0x14ff0c062870>,106,16,[2 6],107,784,800,677,784
1,<environment.Job instance at 0x14ff0819a780>,141,13,[5 2],142,1193,1206,1051,1193
1,<environment.Job instance at 0x14febf910870>,153,1,[10  1],173,1327,1328,1154,1327
1,<environment.Job instance at 0x14ff000afc80>,155,3,[5 1],187,1333,1336,1146,1333
1,<environment.Job instance at 0x14ff081ee3c0>,156,21,[9 1],188,1336,1357,1148,1334
