iteration,job object,job ID,job Length,job ressource requirement,job enter time,job start time,job finish time,job waiting time,current time
1,<environment.Job instance at 0x148939ea1690>,5,25,[7 1],6,6,31,0,6
1,<environment.Job instance at 0x148939ea1640>,4,24,[6 1],5,6,30,1,6
1,<environment.Job instance at 0x148939ea1960>,6,19,[ 1 13],7,25,44,18,15
1,<environment.Job instance at 0x148939ea18c0>,10,3,[ 1 14],11,44,47,33,30
1,<environment.Job instance at 0x148939ea1e60>,15,24,[ 2 13],16,47,71,31,43
1,<environment.Job instance at 0x148939ea3410>,19,21,[14  2],20,71,92,51,66
1,<environment.Job instance at 0x148939ea30a0>,16,19,[ 1 12],17,71,90,54,66
1,<environment.Job instance at 0x148939ea3460>,22,25,[ 2 12],23,92,117,69,88
1,<environment.Job instance at 0x148939ea33c0>,21,22,[14  2],22,117,139,95,112
1,<environment.Job instance at 0x14894320e5a0>,2,18,[ 1 12],3,127,145,124,127
1,<environment.Job instance at 0x148939ea3780>,27,25,[14  2],28,139,164,111,135
1,<environment.Job instance at 0x148939ea38c0>,29,20,[1 5],30,148,168,118,148
1,<environment.Job instance at 0x148939ea35a0>,24,20,[ 2 13],25,168,188,143,160
1,<environment.Job instance at 0x148939ea3dc0>,35,23,[11  2],36,164,187,128,161
1,<environment.Job instance at 0x148939ea3f00>,36,27,[10  2],37,187,214,150,186
1,<environment.Job instance at 0x148939ea3fa0>,37,22,[2 5],38,188,210,150,186
1,<environment.Job instance at 0x148939ea31e0>,17,3,[ 1 13],18,210,213,192,201
1,<environment.Job instance at 0x148939ea5050>,38,1,[ 1 13],39,213,214,174,201
1,<environment.Job instance at 0x148939ea5280>,42,23,[ 1 14],43,214,237,171,208
1,<environment.Job instance at 0x148939ea5460>,46,21,[2 6],47,237,258,190,235
1,<environment.Job instance at 0x148939ea5640>,47,26,[12  2],48,237,263,189,236
1,<environment.Job instance at 0x148939ea5370>,41,18,[ 2 13],42,261,279,219,261
1,<environment.Job instance at 0x148939ea53c0>,43,3,[ 1 14],44,299,302,255,299
1,<environment.Job instance at 0x148939ea3640>,25,1,[11  1],26,310,311,284,310
1,<environment.Job instance at 0x148939ea1fa0>,14,3,[14  2],15,355,358,340,355
1,<environment.Job instance at 0x148939eaf410>,0,23,[2 6],1,2,25,1,2
1,<environment.Job instance at 0x148939eaf2d0>,3,27,[9 1],4,4,31,0,4
1,<environment.Job instance at 0x14893bec1280>,4,22,[9 1],5,31,53,26,24
1,<environment.Job instance at 0x148939eaf280>,5,20,[ 1 14],6,32,52,26,32
1,<environment.Job instance at 0x14893bd34c30>,9,18,[ 2 12],10,60,78,50,60
1,<environment.Job instance at 0x14893bd34c80>,11,22,[14  1],12,78,100,66,71
1,<environment.Job instance at 0x148939eaf370>,1,2,[ 2 13],2,100,102,98,85
1,<environment.Job instance at 0x14893bd9a410>,14,2,[11  2],15,100,102,85,94
1,<environment.Job instance at 0x14893bdfe5a0>,15,21,[10  1],16,102,123,86,94
1,<environment.Job instance at 0x14893bd342d0>,10,3,[ 1 11],11,102,105,91,99
1,<environment.Job instance at 0x14893bdfea00>,17,19,[11  1],18,123,142,105,115
1,<environment.Job instance at 0x14893bd56370>,18,28,[10  1],19,142,170,123,141
1,<environment.Job instance at 0x14893bdfe2d0>,16,14,[14  2],17,171,185,154,171
1,<environment.Job instance at 0x14893bd56be0>,20,20,[ 2 14],21,185,205,164,180
1,<environment.Job instance at 0x14893bd9a230>,13,13,[ 2 13],14,208,221,194,208
1,<environment.Job instance at 0x14893bd56910>,21,12,[ 2 11],22,223,235,201,223
1,<environment.Job instance at 0x14893c48c0a0>,2,12,[13  2],3,228,240,225,228
1,<environment.Job instance at 0x14893bd56d70>,23,3,[ 1 11],24,242,245,218,242
1,<environment.Job instance at 0x14893bd33050>,27,19,[8 1],28,252,271,224,252
1,<environment.Job instance at 0x14893bd33410>,28,3,[ 2 10],29,253,256,224,253
1,<environment.Job instance at 0x14893bd33eb0>,29,19,[14  1],30,271,290,241,264
1,<environment.Job instance at 0x14893be55410>,6,1,[12  2],7,290,291,283,269
1,<environment.Job instance at 0x14893bde5780>,36,21,[ 1 12],37,289,310,252,289
1,<environment.Job instance at 0x14893bd56780>,24,1,[14  2],25,307,308,282,307
1,<environment.Job instance at 0x14893bd56dc0>,19,14,[12  2],20,311,325,291,311
1,<environment.Job instance at 0x14893bde5820>,40,27,[ 2 14],41,325,352,284,323
1,<environment.Job instance at 0x14893bde5050>,37,18,[ 1 12],38,352,370,314,345
1,<environment.Job instance at 0x14893bde5410>,42,24,[2 9],43,370,394,327,365
1,<environment.Job instance at 0x14893bde5af0>,43,3,[ 1 14],44,394,397,350,383
1,<environment.Job instance at 0x14893bda3c30>,45,25,[7 2],46,397,422,351,393
1,<environment.Job instance at 0x14893bde59b0>,41,2,[12  2],42,422,424,380,395
1,<environment.Job instance at 0x14893bda3500>,47,2,[ 1 12],48,399,401,351,399
1,<environment.Job instance at 0x14893bda38c0>,48,25,[13  2],49,424,449,375,420
1,<environment.Job instance at 0x14893bde5aa0>,39,12,[11  1],40,458,470,418,458
1,<environment.Job instance at 0x14893bd56af0>,22,16,[ 2 12],23,495,511,472,495
1,<environment.Job instance at 0x14893bda3aa0>,46,16,[ 2 11],47,511,527,464,508
1,<environment.Job instance at 0x14893bde5e10>,38,12,[ 1 14],39,889,901,850,889
1,<environment.Job instance at 0x14893c49a910>,0,20,[10  2],1,2,22,1,2
1,<environment.Job instance at 0x148930990460>,5,22,[ 2 12],6,9,31,3,9
1,<environment.Job instance at 0x1489308f6b40>,9,24,[10  2],10,22,46,12,17
1,<environment.Job instance at 0x14893098ba00>,13,28,[2 5],14,39,67,25,39
1,<environment.Job instance at 0x14893bde5d20>,3,3,[13  1],4,46,49,42,40
1,<environment.Job instance at 0x14893098b370>,15,25,[2 7],16,49,74,33,45
1,<environment.Job instance at 0x14893c49a6e0>,2,22,[ 2 14],3,74,96,71,68
1,<environment.Job instance at 0x148930990230>,7,16,[13  1],8,69,85,61,69
1,<environment.Job instance at 0x14893096d1e0>,20,21,[1 5],21,96,117,75,96
1,<environment.Job instance at 0x148930990c30>,11,1,[14  2],12,111,112,99,111
1,<environment.Job instance at 0x14893096df00>,22,20,[13  2],23,112,132,89,111
1,<environment.Job instance at 0x14893098b230>,16,3,[ 1 13],17,117,120,100,114
1,<environment.Job instance at 0x1489309dee60>,23,15,[12  1],24,132,147,108,118
1,<environment.Job instance at 0x148930a27550>,28,26,[12  2],29,147,173,118,144
1,<environment.Job instance at 0x148930a27d70>,29,25,[ 2 12],30,144,169,114,144
1,<environment.Job instance at 0x148930a08960>,30,27,[12  2],31,173,200,142,171
1,<environment.Job instance at 0x1489309b7a00>,19,17,[ 2 14],20,204,221,184,204
1,<environment.Job instance at 0x1489309cddc0>,32,19,[11  2],33,221,240,188,219
1,<environment.Job instance at 0x1489309d8640>,33,23,[ 1 12],34,221,244,187,219
1,<environment.Job instance at 0x1489309cd550>,31,18,[ 2 11],32,244,262,212,236
1,<environment.Job instance at 0x1489309c6140>,34,14,[12  1],35,254,268,219,254
1,<environment.Job instance at 0x1489309cea50>,36,23,[ 1 14],37,262,285,225,257
1,<environment.Job instance at 0x1489309cee60>,37,27,[1 9],38,285,312,247,283
1,<environment.Job instance at 0x148930900c80>,38,3,[ 1 12],39,312,315,273,298
1,<environment.Job instance at 0x148930900500>,40,23,[ 2 13],41,315,338,274,309
1,<environment.Job instance at 0x1489309b8230>,27,12,[ 1 13],28,338,350,310,328
1,<environment.Job instance at 0x14893096dc30>,21,15,[ 1 11],22,350,365,328,346
1,<environment.Job instance at 0x1489309ca820>,42,16,[11  2],43,355,371,312,355
1,<environment.Job instance at 0x1489309b51e0>,43,25,[ 1 12],44,365,390,321,363
1,<environment.Job instance at 0x148930916550>,44,27,[ 1 12],45,390,417,345,388
1,<environment.Job instance at 0x148930900a00>,46,22,[12  2],47,388,410,341,388
1,<environment.Job instance at 0x148930918c30>,47,20,[ 1 12],48,417,437,369,409
1,<environment.Job instance at 0x148930918be0>,48,2,[8 2],49,412,414,363,412
1,<environment.Job instance at 0x1489309166e0>,41,2,[ 1 13],42,453,455,411,453
1,<environment.Job instance at 0x148930918fa0>,45,2,[14  1],46,457,459,411,457
1,<environment.Job instance at 0x14893098b910>,14,3,[ 2 13],15,567,570,552,567
1,<environment.Job instance at 0x1489309cdfa0>,35,17,[ 1 11],36,584,601,548,584
1,<environment.Job instance at 0x14893c83e0a0>,2,25,[5 2],3,3,28,0,3
1,<environment.Job instance at 0x1489308a90a0>,3,28,[7 2],4,4,32,0,4
1,<environment.Job instance at 0x1489381c7eb0>,6,28,[ 1 11],7,7,35,0,7
1,<environment.Job instance at 0x14893a2ed230>,8,24,[14  2],9,32,56,23,28
1,<environment.Job instance at 0x1489308a91e0>,0,19,[12  2],1,56,75,55,49
1,<environment.Job instance at 0x14893bfdf460>,17,21,[12  1],18,76,97,58,76
1,<environment.Job instance at 0x14893bfdf7d0>,20,26,[ 2 12],21,76,102,55,76
1,<environment.Job instance at 0x1489411fb960>,9,3,[13  2],10,97,100,87,88
1,<environment.Job instance at 0x148930f4ffa0>,21,20,[ 1 14],22,102,122,80,96
1,<environment.Job instance at 0x1489411fbaf0>,11,1,[ 1 11],12,122,123,110,109
1,<environment.Job instance at 0x14893a36db40>,25,19,[7 1],26,116,135,90,116
1,<environment.Job instance at 0x14893a36d550>,26,23,[9 2],27,135,158,108,129
1,<environment.Job instance at 0x14893a36df00>,27,2,[12  1],28,158,160,130,146
1,<environment.Job instance at 0x14893a36d370>,28,27,[ 1 14],29,158,185,129,156
1,<environment.Job instance at 0x14893a36d460>,29,28,[9 1],30,161,189,131,161
1,<environment.Job instance at 0x14893bfdf140>,16,1,[12  2],17,189,190,172,184
1,<environment.Job instance at 0x14893a36d8c0>,31,1,[11  1],32,190,191,158,189
1,<environment.Job instance at 0x14893a36d690>,33,2,[7 1],34,191,193,157,189
1,<environment.Job instance at 0x1489427205a0>,34,15,[11  2],35,194,209,159,194
1,<environment.Job instance at 0x148942720a00>,35,3,[12  1],36,209,212,173,195
1,<environment.Job instance at 0x14893c7e9fa0>,36,3,[13  2],37,212,215,175,207
1,<environment.Job instance at 0x148942720820>,37,28,[ 1 11],38,207,235,169,207
1,<environment.Job instance at 0x148939ea5c80>,38,25,[ 1 12],39,235,260,196,232
1,<environment.Job instance at 0x14893a36df50>,32,3,[11  2],33,260,263,227,260
1,<environment.Job instance at 0x148939ea51e0>,41,26,[ 1 14],42,263,289,221,260
1,<environment.Job instance at 0x148939ea5eb0>,42,26,[ 2 12],43,289,315,246,286
1,<environment.Job instance at 0x148930f4ff00>,22,16,[12  2],23,315,331,292,315
1,<environment.Job instance at 0x148939ea5230>,44,25,[10  1],45,331,356,286,327
1,<environment.Job instance at 0x148939ea50a0>,43,2,[ 2 11],44,342,344,298,342
1,<environment.Job instance at 0x14893a36aeb0>,46,26,[13  1],47,356,382,309,353
1,<environment.Job instance at 0x14893a36ae60>,45,1,[1 7],46,353,354,307,353
1,<environment.Job instance at 0x148939ea56e0>,40,12,[ 2 14],41,493,505,452,493
1,<environment.Job instance at 0x148940edd280>,24,15,[ 1 13],25,895,910,870,895
1,<environment.Job instance at 0x148940edd320>,23,14,[ 1 12],24,1589,1603,1565,1589
1,<environment.Job instance at 0x148930a42dc0>,2,24,[ 1 13],3,3,27,0,3
1,<environment.Job instance at 0x148930a421e0>,5,21,[11  1],6,12,33,6,12
1,<environment.Job instance at 0x14893bf3daf0>,9,28,[ 2 13],10,27,55,17,27
1,<environment.Job instance at 0x148930a42780>,10,22,[11  2],11,33,55,22,28
1,<environment.Job instance at 0x148930a42aa0>,4,24,[ 1 13],5,55,79,50,53
1,<environment.Job instance at 0x14893bf3d320>,12,21,[13  2],13,55,76,42,53
1,<environment.Job instance at 0x148930a428c0>,6,19,[ 2 12],7,79,98,72,73
1,<environment.Job instance at 0x14893c5300a0>,20,28,[7 1],21,76,104,55,75
1,<environment.Job instance at 0x14893c530dc0>,21,28,[ 2 13],22,98,126,76,98
1,<environment.Job instance at 0x148930a42d20>,8,1,[ 2 14],9,126,127,117,109
1,<environment.Job instance at 0x14893c5308c0>,26,24,[ 2 10],27,127,151,100,122
1,<environment.Job instance at 0x14893c5301e0>,28,25,[5 2],29,127,152,98,123
1,<environment.Job instance at 0x14893c530780>,30,24,[11  2],31,152,176,121,147
1,<environment.Job instance at 0x14893c5305f0>,32,15,[1 9],33,162,177,129,162
1,<environment.Job instance at 0x14893c530af0>,35,15,[6 1],36,176,191,140,166
1,<environment.Job instance at 0x148940808730>,36,22,[ 2 11],37,177,199,140,171
1,<environment.Job instance at 0x148940808b90>,37,20,[7 2],38,191,211,153,191
1,<environment.Job instance at 0x14893bf3da50>,13,3,[ 2 13],14,199,202,185,193
1,<environment.Job instance at 0x14893c5307d0>,33,28,[ 1 14],34,212,240,178,212
1,<environment.Job instance at 0x148940808a00>,39,19,[13  2],40,240,259,200,230
1,<environment.Job instance at 0x148940808690>,41,3,[1 7],42,240,243,198,235
1,<environment.Job instance at 0x148940808c30>,40,24,[1 5],41,246,270,205,246
1,<environment.Job instance at 0x148940808f00>,42,19,[13  2],43,259,278,216,254
1,<environment.Job instance at 0x148940808460>,43,25,[11  1],44,278,303,234,274
1,<environment.Job instance at 0x148940808870>,45,20,[9 1],46,303,323,257,294
1,<environment.Job instance at 0x148940808500>,46,21,[1 7],47,294,315,247,294
1,<environment.Job instance at 0x148940ee48c0>,48,20,[7 1],49,323,343,274,315
1,<environment.Job instance at 0x1489408080f0>,38,12,[ 2 12],39,324,336,285,324
1,<environment.Job instance at 0x14893c5304b0>,19,12,[ 2 14],20,341,353,321,341
1,<environment.Job instance at 0x148930a42460>,7,1,[12  2],8,382,383,374,382
1,<environment.Job instance at 0x1489408085f0>,44,12,[ 2 13],45,478,490,433,478
1,<environment.Job instance at 0x1489411c1820>,0,28,[ 2 13],1,1,29,0,1
1,<environment.Job instance at 0x148940808f50>,3,25,[13  2],4,4,29,0,4
1,<environment.Job instance at 0x1489411c1730>,1,3,[11  2],2,29,32,27,13
1,<environment.Job instance at 0x1489411265a0>,4,22,[ 1 13],5,29,51,24,28
1,<environment.Job instance at 0x1489411265f0>,8,26,[6 2],9,34,60,25,34
1,<environment.Job instance at 0x148941287550>,15,19,[10  2],16,60,79,44,50
1,<environment.Job instance at 0x1489412873c0>,14,24,[ 1 11],15,53,77,38,53
1,<environment.Job instance at 0x148941287960>,18,20,[ 1 13],19,78,98,59,78
1,<environment.Job instance at 0x1489407c4be0>,23,23,[13  2],24,79,102,55,78
1,<environment.Job instance at 0x1489407c4c30>,24,3,[ 1 13],25,98,101,73,88
1,<environment.Job instance at 0x1489407c4dc0>,25,24,[ 1 10],26,101,125,75,97
1,<environment.Job instance at 0x148941287050>,17,2,[12  2],18,102,104,84,99
1,<environment.Job instance at 0x1489412872d0>,16,1,[ 1 11],17,125,126,108,103
1,<environment.Job instance at 0x148941142a50>,31,24,[10  1],32,116,140,84,116
1,<environment.Job instance at 0x1489411425a0>,32,20,[13  2],33,140,160,107,132
1,<environment.Job instance at 0x148941142b90>,33,22,[6 2],34,160,182,126,154
1,<environment.Job instance at 0x148941142140>,36,2,[11  2],37,182,184,145,161
1,<environment.Job instance at 0x148941142960>,38,24,[12  1],39,184,208,145,179
1,<environment.Job instance at 0x148941142eb0>,39,1,[2 8],40,186,187,146,186
1,<environment.Job instance at 0x1489408025a0>,41,27,[ 1 13],42,187,214,145,186
1,<environment.Job instance at 0x148940802dc0>,42,20,[14  1],43,208,228,165,204
1,<environment.Job instance at 0x148940802460>,43,22,[12  1],44,228,250,184,221
1,<environment.Job instance at 0x148940802410>,44,1,[ 1 12],45,227,228,182,227
1,<environment.Job instance at 0x148940802820>,45,20,[2 9],46,229,249,183,229
1,<environment.Job instance at 0x148940802eb0>,46,28,[1 7],47,249,277,202,248
1,<environment.Job instance at 0x1489408024b0>,47,28,[10  1],48,250,278,202,249
1,<environment.Job instance at 0x148941142af0>,30,14,[11  2],31,278,292,247,268
1,<environment.Job instance at 0x148940802d70>,48,1,[12  1],49,297,298,248,297
1,<environment.Job instance at 0x1489407c4640>,27,3,[ 2 13],28,298,301,270,298
1,<environment.Job instance at 0x148941287fa0>,12,1,[ 2 13],13,321,322,308,321
1,<environment.Job instance at 0x1489407c4eb0>,26,3,[ 2 12],27,368,371,341,368
1,<environment.Job instance at 0x14893b8978c0>,3,21,[ 2 13],4,4,25,0,4
1,<environment.Job instance at 0x14893b8975f0>,0,21,[ 2 12],1,25,46,24,20
1,<environment.Job instance at 0x14894111c640>,8,3,[11  1],9,24,27,15,24
1,<environment.Job instance at 0x14894111ceb0>,9,26,[5 1],10,27,53,17,25
1,<environment.Job instance at 0x14894111cf00>,11,25,[2 7],12,46,71,34,42
1,<environment.Job instance at 0x14894111ca00>,12,23,[8 2],13,43,66,30,43
1,<environment.Job instance at 0x14894111ccd0>,14,23,[11  1],15,66,89,51,60
1,<environment.Job instance at 0x14894111caf0>,13,22,[ 1 13],14,71,93,57,64
1,<environment.Job instance at 0x1489407c4eb0>,4,3,[ 2 11],5,93,96,88,87
1,<environment.Job instance at 0x14894111ce60>,16,25,[ 2 14],17,96,121,79,92
1,<environment.Job instance at 0x148930f7ca50>,21,15,[7 1],22,96,111,74,96
1,<environment.Job instance at 0x148930f7ceb0>,25,27,[2 7],26,121,148,95,119
1,<environment.Job instance at 0x148930f7c820>,26,25,[10  2],27,121,146,94,119
1,<environment.Job instance at 0x148930f7c690>,28,23,[6 1],29,146,169,117,144
1,<environment.Job instance at 0x148930f7ca00>,27,1,[14  1],28,169,170,141,147
1,<environment.Job instance at 0x148930f7ce10>,29,15,[ 2 14],30,170,185,140,158
1,<environment.Job instance at 0x14894123bb90>,1,1,[12  1],2,172,173,170,172
1,<environment.Job instance at 0x148941113550>,35,24,[12  1],36,179,203,143,179
1,<environment.Job instance at 0x148941113690>,37,25,[11  1],38,203,228,165,199
1,<environment.Job instance at 0x1489411137d0>,39,21,[1 7],40,216,237,176,216
1,<environment.Job instance at 0x148941113870>,40,27,[2 9],41,237,264,196,235
1,<environment.Job instance at 0x148941113a50>,42,18,[14  2],43,264,282,221,254
1,<environment.Job instance at 0x1489411133c0>,44,20,[1 6],45,260,280,215,260
1,<environment.Job instance at 0x148941113b90>,45,21,[ 2 14],46,282,303,236,279
1,<environment.Job instance at 0x148941113230>,30,2,[12  2],31,303,305,272,299
1,<environment.Job instance at 0x148930f7c3c0>,17,12,[13  1],18,305,317,287,302
1,<environment.Job instance at 0x148941113dc0>,48,22,[2 8],49,303,325,254,303
1,<environment.Job instance at 0x148941113410>,33,15,[13  1],34,317,332,283,309
1,<environment.Job instance at 0x148941113cd0>,46,1,[ 1 13],47,336,337,289,336
1,<environment.Job instance at 0x14894111cdc0>,6,3,[11  2],7,362,365,355,362
1,<environment.Job instance at 0x148930edaeb0>,0,28,[1 6],1,1,29,0,1
1,<environment.Job instance at 0x14894116f3c0>,1,27,[12  1],2,2,29,0,2
1,<environment.Job instance at 0x148930a020a0>,6,20,[1 7],7,8,28,1,8
1,<environment.Job instance at 0x14893c3fc370>,10,18,[12  1],11,29,47,18,21
1,<environment.Job instance at 0x14893d2c8c80>,5,19,[ 1 11],6,29,48,23,23
1,<environment.Job instance at 0x14894128e910>,14,23,[11  2],15,47,70,32,41
1,<environment.Job instance at 0x14893c7fbe60>,18,20,[12  2],19,70,90,51,61
1,<environment.Job instance at 0x14893d2c8460>,4,18,[13  2],5,90,108,85,84
1,<environment.Job instance at 0x1489427aef50>,21,22,[11  1],22,108,130,86,101
1,<environment.Job instance at 0x14893a3f7f50>,23,21,[9 2],24,130,151,106,125
1,<environment.Job instance at 0x14894128efa0>,12,15,[ 1 13],13,132,147,119,132
1,<environment.Job instance at 0x14893a3f74b0>,25,21,[11  2],26,151,172,125,143
1,<environment.Job instance at 0x14893a3f7a50>,28,28,[12  2],29,172,200,143,171
1,<environment.Job instance at 0x14893a3f7b40>,29,23,[1 9],30,171,194,141,171
1,<environment.Job instance at 0x148930a02820>,7,17,[11  2],8,200,217,192,196
1,<environment.Job instance at 0x14893a3f78c0>,31,21,[2 6],32,200,221,168,200
1,<environment.Job instance at 0x1489427ae5a0>,19,2,[ 1 11],20,228,230,208,228
1,<environment.Job instance at 0x1489407af5f0>,35,26,[5 2],36,228,254,192,228
1,<environment.Job instance at 0x1489407af0a0>,36,21,[ 2 12],37,230,251,193,228
1,<environment.Job instance at 0x14894128ee60>,11,20,[14  2],12,260,280,248,260
1,<environment.Job instance at 0x1489427ae3c0>,24,14,[11  2],25,280,294,255,266
1,<environment.Job instance at 0x1489407aff50>,37,3,[ 1 13],38,267,270,229,267
1,<environment.Job instance at 0x1489407af410>,34,16,[12  2],35,295,311,260,295
1,<environment.Job instance at 0x14893be52cd0>,41,25,[1 8],42,295,320,253,295
1,<environment.Job instance at 0x14893be52870>,42,3,[14  1],43,314,317,271,314
1,<environment.Job instance at 0x1489407afbe0>,39,16,[ 2 13],40,326,342,286,326
1,<environment.Job instance at 0x14893be52730>,44,23,[ 1 12],45,342,365,297,336
1,<environment.Job instance at 0x14893be524b0>,45,22,[10  1],46,336,358,290,336
1,<environment.Job instance at 0x148940890690>,46,1,[ 1 12],47,365,366,318,350
1,<environment.Job instance at 0x14893a3f7370>,30,17,[ 1 11],31,402,419,371,402
1,<environment.Job instance at 0x14893be52640>,43,3,[ 2 13],44,419,422,375,418
1,<environment.Job instance at 0x14893be52190>,40,14,[14  2],41,530,544,489,530
1,<environment.Job instance at 0x1489407af820>,38,18,[ 2 14],39,776,794,737,776
1,<environment.Job instance at 0x148930a464b0>,1,27,[11  1],2,3,30,1,3
1,<environment.Job instance at 0x14893c85d9b0>,7,26,[12  2],8,30,56,22,28
1,<environment.Job instance at 0x14893c85dbe0>,10,24,[2 7],11,43,67,32,43
1,<environment.Job instance at 0x14893c85d320>,8,25,[12  2],9,56,81,47,52
1,<environment.Job instance at 0x14893c85d910>,5,27,[13  1],6,82,109,76,82
1,<environment.Job instance at 0x148930c92370>,11,19,[ 1 12],12,101,120,89,101
1,<environment.Job instance at 0x14893c85d2d0>,6,1,[13  1],7,120,121,113,120
1,<environment.Job instance at 0x14893c85d640>,4,18,[ 1 14],5,128,146,123,128
1,<environment.Job instance at 0x148930c92a00>,23,19,[ 1 11],24,146,165,122,146
1,<environment.Job instance at 0x148930c92af0>,24,27,[6 1],25,148,175,123,148
1,<environment.Job instance at 0x148930c92d20>,13,13,[14  2],14,175,188,161,166
1,<environment.Job instance at 0x148930c92140>,29,23,[1 6],30,168,191,138,168
1,<environment.Job instance at 0x148930c920f0>,31,26,[7 1],32,188,214,156,186
1,<environment.Job instance at 0x148930c92190>,32,28,[2 6],33,189,217,156,189
1,<environment.Job instance at 0x148930c928c0>,33,28,[1 7],34,193,221,159,193
1,<environment.Job instance at 0x148930c92730>,30,17,[11  1],31,214,231,183,210
1,<environment.Job instance at 0x148930942b90>,35,18,[2 8],36,221,239,185,215
1,<environment.Job instance at 0x1489309424b0>,36,25,[12  1],37,231,256,194,227
1,<environment.Job instance at 0x148930942f00>,37,26,[13  1],38,256,282,218,253
1,<environment.Job instance at 0x148930c925f0>,22,18,[ 2 14],23,257,275,234,257
1,<environment.Job instance at 0x148930942d20>,40,22,[14  2],41,282,304,241,275
1,<environment.Job instance at 0x1489309425f0>,38,13,[14  1],39,304,317,265,295
1,<environment.Job instance at 0x148930942140>,42,3,[11  1],43,317,320,274,306
1,<environment.Job instance at 0x148930942230>,43,28,[6 2],44,320,348,276,319
1,<environment.Job instance at 0x1489309428c0>,44,20,[12  1],45,348,368,303,339
1,<environment.Job instance at 0x148930942dc0>,45,21,[13  1],46,368,389,322,360
1,<environment.Job instance at 0x148930942d70>,46,24,[6 2],47,389,413,342,385
1,<environment.Job instance at 0x148930942190>,47,26,[1 5],48,385,411,337,385
1,<environment.Job instance at 0x1489309423c0>,48,1,[2 6],49,389,390,340,385
1,<environment.Job instance at 0x1489309420a0>,39,16,[ 1 11],40,436,452,396,436
1,<environment.Job instance at 0x148930942640>,41,3,[12  2],42,448,451,406,448
1,<environment.Job instance at 0x148930c92eb0>,18,15,[ 1 14],19,714,729,695,714
1,<environment.Job instance at 0x148930c92dc0>,20,15,[ 2 12],21,1026,1041,1005,1026
1,<environment.Job instance at 0x1489407a3e60>,2,28,[1 9],3,3,31,0,3
1,<environment.Job instance at 0x1489407a3140>,5,21,[9 1],6,6,27,0,6
1,<environment.Job instance at 0x14893c82d500>,1,1,[13  2],2,27,28,25,6
1,<environment.Job instance at 0x1489407bf0a0>,6,21,[12  1],7,28,49,21,24
1,<environment.Job instance at 0x1489380cdb40>,10,24,[ 2 10],11,31,55,20,29
1,<environment.Job instance at 0x1489420c75f0>,11,20,[11  1],12,49,69,37,42
1,<environment.Job instance at 0x14894279bb90>,17,25,[13  1],18,69,94,51,65
1,<environment.Job instance at 0x14893c530280>,19,23,[11  2],20,94,117,74,88
1,<environment.Job instance at 0x148941126c80>,22,21,[ 1 13],23,100,121,77,100
1,<environment.Job instance at 0x14893bd5eb40>,24,16,[14  1],25,117,133,92,111
1,<environment.Job instance at 0x14893bd5e7d0>,25,3,[ 2 13],26,133,136,107,133
1,<environment.Job instance at 0x14893bd5ef50>,26,26,[10  2],27,133,159,106,133
1,<environment.Job instance at 0x14894083ec30>,27,28,[14  1],28,159,187,131,158
1,<environment.Job instance at 0x1489309b7690>,28,24,[7 2],29,187,211,158,182
1,<environment.Job instance at 0x1489309b7910>,29,25,[11  1],30,211,236,181,207
1,<environment.Job instance at 0x14893a3f5d70>,30,19,[2 7],31,212,231,181,212
1,<environment.Job instance at 0x1489309b7140>,31,2,[11  1],32,236,238,204,231
1,<environment.Job instance at 0x14893a3e7cd0>,32,13,[1 5],33,236,249,203,236
1,<environment.Job instance at 0x148940848be0>,0,17,[ 2 12],1,249,266,248,242
1,<environment.Job instance at 0x1489407bb9b0>,33,16,[11  2],34,243,259,209,243
1,<environment.Job instance at 0x14893d2b0320>,35,28,[11  2],36,259,287,223,258
1,<environment.Job instance at 0x14893d2b0960>,36,24,[ 2 13],37,266,290,229,261
1,<environment.Job instance at 0x14893d2b0aa0>,34,2,[ 1 11],35,290,292,255,279
1,<environment.Job instance at 0x14893a2cee10>,38,22,[5 2],39,287,309,248,280
1,<environment.Job instance at 0x14893a3d0460>,39,23,[2 9],40,292,315,252,286
1,<environment.Job instance at 0x14893c5ae640>,42,28,[ 2 10],43,315,343,272,314
1,<environment.Job instance at 0x14893a3f2a50>,46,16,[2 5],47,321,337,274,321
1,<environment.Job instance at 0x14893a3f2140>,47,21,[13  1],48,337,358,289,330
1,<environment.Job instance at 0x1489408319b0>,14,13,[14  2],15,358,371,343,355
1,<environment.Job instance at 0x1489408633c0>,48,18,[ 2 12],49,371,389,322,361
1,<environment.Job instance at 0x148930e9e0a0>,12,15,[ 1 13],13,401,416,388,401
1,<environment.Job instance at 0x14894279b320>,21,1,[ 1 14],22,670,671,648,670
1,<environment.Job instance at 0x14894081ae60>,37,17,[ 2 12],38,799,816,761,799
1,<environment.Job instance at 0x14893bd039b0>,2,28,[2 5],3,3,31,0,3
1,<environment.Job instance at 0x14893c3fc140>,5,21,[11  2],6,8,29,2,8
1,<environment.Job instance at 0x14893c3fcaf0>,9,27,[11  1],10,29,56,19,27
1,<environment.Job instance at 0x14893822f230>,3,27,[ 1 12],4,31,58,27,29
1,<environment.Job instance at 0x14894081ae60>,4,23,[ 1 13],5,58,81,53,52
1,<environment.Job instance at 0x14894118c280>,17,27,[ 2 10],18,81,108,63,79
1,<environment.Job instance at 0x14894118c230>,18,28,[ 2 14],19,108,136,89,107
1,<environment.Job instance at 0x14894118cc80>,20,27,[11  1],21,109,136,88,109
1,<environment.Job instance at 0x14894118c0a0>,26,18,[12  2],27,136,154,109,129
1,<environment.Job instance at 0x148930891b40>,29,24,[ 1 14],30,156,180,126,156
1,<environment.Job instance at 0x14894118c8c0>,25,3,[14  2],26,180,183,154,161
1,<environment.Job instance at 0x14894118cfa0>,13,1,[12  1],14,162,163,148,162
1,<environment.Job instance at 0x148930891140>,37,18,[11  1],38,183,201,145,181
1,<environment.Job instance at 0x148930891280>,39,25,[ 1 14],40,183,208,143,182
1,<environment.Job instance at 0x148930891780>,41,21,[10  2],42,208,229,166,202
1,<environment.Job instance at 0x148930891550>,40,20,[ 2 13],41,208,228,167,204
1,<environment.Job instance at 0x148939e75320>,45,15,[7 1],46,229,244,183,217
1,<environment.Job instance at 0x148939e75f00>,46,27,[ 2 12],47,228,255,181,226
1,<environment.Job instance at 0x148939e755a0>,47,20,[11  1],48,244,264,196,238
1,<environment.Job instance at 0x148939e752d0>,48,22,[ 2 11],49,255,277,206,249
1,<environment.Job instance at 0x14894118c0f0>,12,14,[11  1],13,264,278,251,251
1,<environment.Job instance at 0x14894118c140>,15,14,[ 1 13],16,476,490,460,476
1,<environment.Job instance at 0x148930e0caf0>,0,23,[8 1],1,1,24,0,1
1,<environment.Job instance at 0x148930e0c190>,3,20,[ 1 12],4,4,24,0,4
1,<environment.Job instance at 0x14894113e190>,13,26,[2 6],14,24,50,10,24
1,<environment.Job instance at 0x14893c400550>,14,22,[14  2],15,50,72,35,47
1,<environment.Job instance at 0x1489420b9be0>,9,28,[ 1 11],10,50,78,40,49
1,<environment.Job instance at 0x1489430cdc80>,17,23,[14  2],18,72,95,54,66
1,<environment.Job instance at 0x1489381719b0>,21,22,[7 1],22,95,117,73,89
1,<environment.Job instance at 0x148938171780>,23,1,[11  2],24,117,118,93,103
1,<environment.Job instance at 0x148938171aa0>,24,25,[14  1],25,118,143,93,114
1,<environment.Job instance at 0x148938171730>,25,21,[2 5],26,143,164,117,137
1,<environment.Job instance at 0x148940852410>,15,1,[ 2 11],16,164,165,148,148
1,<environment.Job instance at 0x148938171cd0>,27,24,[5 2],28,149,173,121,149
1,<environment.Job instance at 0x148938171c30>,26,21,[ 1 11],27,165,186,138,157
1,<environment.Job instance at 0x148938171e60>,30,24,[5 2],31,163,187,132,163
1,<environment.Job instance at 0x1489381710a0>,32,21,[1 6],33,191,212,158,191
1,<environment.Job instance at 0x148938171a00>,28,2,[ 1 14],29,212,214,183,194
1,<environment.Job instance at 0x148938171230>,34,24,[2 9],35,214,238,179,209
1,<environment.Job instance at 0x1489381715f0>,36,19,[7 1],37,211,230,174,211
1,<environment.Job instance at 0x148940852460>,19,3,[14  1],20,238,241,218,228
1,<environment.Job instance at 0x148938171500>,38,14,[13  1],39,241,255,202,240
1,<environment.Job instance at 0x14893813b2d0>,42,26,[2 9],43,241,267,198,240
1,<environment.Job instance at 0x14893813b5a0>,43,13,[13  1],44,261,274,217,261
1,<environment.Job instance at 0x14893813b460>,41,3,[ 2 11],42,267,270,225,264
1,<environment.Job instance at 0x14893813bc30>,45,20,[14  1],46,274,294,228,266
1,<environment.Job instance at 0x14893813bdc0>,44,3,[14  2],45,299,302,254,299
1,<environment.Job instance at 0x14893a3c1af0>,48,23,[14  2],49,302,325,253,299
1,<environment.Job instance at 0x14894113e2d0>,10,12,[ 1 11],11,332,344,321,332
1,<environment.Job instance at 0x14893bdf1550>,7,17,[ 1 13],8,409,426,401,409
1,<environment.Job instance at 0x14893bee5a00>,46,3,[13  2],47,440,443,393,440
1,<environment.Job instance at 0x148938171a50>,33,15,[ 2 14],34,495,510,461,495
1,<environment.Job instance at 0x14893bee0910>,0,24,[ 1 10],1,1,25,0,1
1,<environment.Job instance at 0x148930574dc0>,6,2,[11  2],7,14,16,7,14
1,<environment.Job instance at 0x148940877f50>,7,24,[10  2],8,16,40,8,14
1,<environment.Job instance at 0x1489408775a0>,10,25,[12  2],11,40,65,29,36
1,<environment.Job instance at 0x14893bd9e050>,2,24,[ 1 11],3,36,60,33,36
1,<environment.Job instance at 0x148930597730>,15,20,[11  2],16,65,85,49,56
1,<environment.Job instance at 0x148930e396e0>,21,23,[2 7],22,65,88,43,65
1,<environment.Job instance at 0x1489309062d0>,19,21,[14  2],20,88,109,68,83
1,<environment.Job instance at 0x148930597a50>,23,27,[2 8],24,109,136,85,107
1,<environment.Job instance at 0x14893bfab870>,11,28,[ 1 12],12,137,165,125,137
1,<environment.Job instance at 0x148930597500>,20,20,[ 1 13],21,165,185,144,161
1,<environment.Job instance at 0x148930b0d870>,27,16,[12  1],28,167,183,139,167
1,<environment.Job instance at 0x148930b0d140>,28,14,[8 2],29,183,197,154,171
1,<environment.Job instance at 0x148930ae9be0>,25,2,[ 2 13],26,185,187,159,177
1,<environment.Job instance at 0x14893bed9aa0>,31,27,[13  1],32,197,224,165,195
1,<environment.Job instance at 0x148930b0d730>,30,1,[14  2],31,224,225,193,197
1,<environment.Job instance at 0x148930b67eb0>,32,19,[ 2 12],33,199,218,166,199
1,<environment.Job instance at 0x148930558910>,37,24,[6 1],38,225,249,187,221
1,<environment.Job instance at 0x14893803ef50>,38,25,[12  1],39,249,274,210,245
1,<environment.Job instance at 0x14893803e3c0>,39,27,[5 2],40,274,301,234,272
1,<environment.Job instance at 0x14893803e730>,40,23,[5 1],41,274,297,233,272
1,<environment.Job instance at 0x14894086b7d0>,36,17,[1 6],37,275,292,238,275
1,<environment.Job instance at 0x14893c7da6e0>,42,28,[ 1 12],43,292,320,249,291
1,<environment.Job instance at 0x14893c7f4230>,43,24,[ 2 10],44,320,344,276,315
1,<environment.Job instance at 0x14893c7f4f00>,44,25,[11  2],45,315,340,270,315
1,<environment.Job instance at 0x14893c7f4be0>,45,23,[ 1 14],46,344,367,298,339
1,<environment.Job instance at 0x14893a2ed2d0>,46,16,[5 1],47,340,356,293,339
1,<environment.Job instance at 0x14893059bfa0>,22,16,[ 2 12],23,367,383,344,361
1,<environment.Job instance at 0x14893a2ed500>,47,12,[ 1 12],48,383,395,335,375
1,<environment.Job instance at 0x14893c7e0190>,26,1,[ 2 13],27,395,396,368,394
1,<environment.Job instance at 0x148930e3d870>,4,18,[ 2 14],5,396,414,391,394
1,<environment.Job instance at 0x14893c7da550>,41,15,[ 1 14],42,1075,1090,1033,1075
1,<environment.Job instance at 0x14894079b5f0>,0,24,[ 2 12],1,2,26,1,2
1,<environment.Job instance at 0x14893c7da550>,3,24,[11  1],4,4,28,0,4
1,<environment.Job instance at 0x14894088ce10>,11,24,[12  1],12,28,52,16,23
1,<environment.Job instance at 0x14894088c960>,13,28,[ 2 12],14,31,59,17,31
1,<environment.Job instance at 0x148930796aa0>,1,15,[11  2],2,54,69,52,54
1,<environment.Job instance at 0x14894088ca00>,17,23,[9 2],18,69,92,51,63
1,<environment.Job instance at 0x14894088cb90>,15,20,[ 1 12],16,91,111,75,91
1,<environment.Job instance at 0x1489408bb3c0>,21,28,[12  1],22,93,121,71,93
1,<environment.Job instance at 0x14894088c230>,10,16,[ 1 14],11,111,127,100,111
1,<environment.Job instance at 0x1489408bbc80>,23,19,[10  2],24,127,146,103,122
1,<environment.Job instance at 0x1489408bb050>,26,20,[8 2],27,146,166,119,142
1,<environment.Job instance at 0x1489408bb9b0>,27,27,[14  2],28,166,193,138,164
1,<environment.Job instance at 0x14894088c320>,9,3,[ 2 12],10,193,196,183,192
1,<environment.Job instance at 0x1489408bbd20>,19,17,[ 2 14],20,201,218,181,201
1,<environment.Job instance at 0x14894088b7d0>,30,18,[8 1],31,201,219,170,201
1,<environment.Job instance at 0x14894088ba50>,31,18,[8 2],32,219,237,187,210
1,<environment.Job instance at 0x14894088be10>,32,18,[ 1 11],33,220,238,187,220
1,<environment.Job instance at 0x14894088bcd0>,33,25,[10  1],34,237,262,203,233
1,<environment.Job instance at 0x14894088b910>,34,24,[ 1 14],35,238,262,203,233
1,<environment.Job instance at 0x1489408bbfa0>,22,2,[ 1 11],23,262,264,239,240
1,<environment.Job instance at 0x14894088b410>,36,1,[14  1],37,262,263,225,259
1,<environment.Job instance at 0x14894088b230>,38,20,[ 1 11],39,264,284,225,259
1,<environment.Job instance at 0x148940898550>,37,28,[6 1],38,281,309,243,281
1,<environment.Job instance at 0x148940898e10>,39,27,[2 6],40,284,311,244,282
1,<environment.Job instance at 0x1489408b0230>,44,21,[ 2 14],45,311,332,266,303
1,<environment.Job instance at 0x1489408b0550>,45,22,[14  1],46,332,354,286,327
1,<environment.Job instance at 0x14894088b780>,29,2,[ 1 13],30,341,343,311,341
1,<environment.Job instance at 0x1489408bb640>,28,15,[ 1 12],29,363,378,334,363
1,<environment.Job instance at 0x1489408b0730>,41,12,[ 1 14],42,1038,1050,996,1038
1,<environment.Job instance at 0x14894313a320>,0,2,[7 1],1,2,4,1,2
1,<environment.Job instance at 0x14894313a870>,2,22,[14  2],3,4,26,1,3
1,<environment.Job instance at 0x14893814d500>,8,24,[7 2],9,26,50,17,21
1,<environment.Job instance at 0x14894313a460>,3,3,[12  2],4,50,53,46,30
1,<environment.Job instance at 0x14893814deb0>,11,2,[ 1 13],12,33,35,21,33
1,<environment.Job instance at 0x14893814d4b0>,12,23,[11  2],13,53,76,40,47
1,<environment.Job instance at 0x14893814d0f0>,7,24,[12  2],8,76,100,68,71
1,<environment.Job instance at 0x14894313a3c0>,4,27,[ 2 14],5,100,127,95,98
1,<environment.Job instance at 0x14893a3ce0a0>,15,24,[ 2 14],16,127,151,111,122
1,<environment.Job instance at 0x14893063f280>,22,26,[8 2],23,151,177,128,149
1,<environment.Job instance at 0x14893a3ce730>,20,21,[ 1 14],21,177,198,156,169
1,<environment.Job instance at 0x14893063f2d0>,26,21,[ 2 12],27,198,219,171,191
1,<environment.Job instance at 0x14893063f8c0>,23,22,[8 2],24,198,220,174,191
1,<environment.Job instance at 0x14893063f640>,30,23,[13  2],31,220,243,189,214
1,<environment.Job instance at 0x14893be79be0>,32,23,[2 6],33,219,242,186,214
1,<environment.Job instance at 0x14893be79f50>,35,26,[6 2],36,243,269,207,240
1,<environment.Job instance at 0x14893be79aa0>,36,22,[11  2],37,269,291,232,263
1,<environment.Job instance at 0x14893be79870>,37,28,[13  1],38,291,319,253,290
1,<environment.Job instance at 0x14893be79f00>,34,28,[11  1],35,319,347,284,318
1,<environment.Job instance at 0x14893be797d0>,33,2,[12  2],34,347,349,313,322
1,<environment.Job instance at 0x14893be79230>,40,24,[ 1 10],41,322,346,281,322
1,<environment.Job instance at 0x14893be79eb0>,41,28,[ 2 13],42,346,374,304,345
1,<environment.Job instance at 0x148938024690>,42,26,[ 1 14],43,374,400,331,371
1,<environment.Job instance at 0x148938024190>,43,15,[11  1],44,386,401,342,386
1,<environment.Job instance at 0x148938024e60>,44,12,[1 7],45,400,412,355,392
1,<environment.Job instance at 0x148938024780>,46,27,[8 2],47,401,428,354,399
1,<environment.Job instance at 0x14893814dbe0>,9,2,[ 2 11],10,412,414,402,400
1,<environment.Job instance at 0x1489380247d0>,48,25,[11  1],49,428,453,379,425
1,<environment.Job instance at 0x148938024f00>,47,1,[ 2 13],48,436,437,388,436
1,<environment.Job instance at 0x14893a3ced70>,13,3,[ 1 12],14,437,440,423,436
1,<environment.Job instance at 0x14893be79b40>,38,16,[ 1 12],39,466,482,427,466
1,<environment.Job instance at 0x14893be79c80>,39,14,[11  1],40,531,545,491,531
1,<environment.Job instance at 0x148940835cd0>,0,28,[14  2],1,1,29,0,1
1,<environment.Job instance at 0x14893086a870>,2,27,[ 1 13],3,3,30,0,3
1,<environment.Job instance at 0x148930690e10>,3,23,[11  1],4,29,52,25,23
1,<environment.Job instance at 0x148930690640>,9,25,[ 1 12],10,30,55,20,28
1,<environment.Job instance at 0x14893810e1e0>,11,28,[ 2 13],12,55,83,43,54
1,<environment.Job instance at 0x1489408351e0>,4,27,[13  1],5,54,81,49,54
1,<environment.Job instance at 0x14893810e2d0>,14,26,[ 2 14],15,83,109,68,80
1,<environment.Job instance at 0x14893810e5f0>,18,28,[6 1],19,85,113,66,85
1,<environment.Job instance at 0x14893810e550>,19,25,[14  1],20,113,138,93,109
1,<environment.Job instance at 0x14893810efa0>,17,2,[11  2],18,138,140,120,125
1,<environment.Job instance at 0x14893810edc0>,16,18,[12  1],17,140,158,123,134
1,<environment.Job instance at 0x14893810e6e0>,20,23,[14  1],21,158,181,137,152
1,<environment.Job instance at 0x14893810e230>,27,27,[8 2],28,181,208,153,179
1,<environment.Job instance at 0x14893c874640>,31,2,[ 2 13],32,200,202,168,200
1,<environment.Job instance at 0x1489427e2370>,29,2,[ 2 14],30,208,210,178,200
1,<environment.Job instance at 0x14893c874050>,35,21,[2 7],36,210,231,174,205
1,<environment.Job instance at 0x14893c874c80>,38,18,[12  2],39,220,238,181,220
1,<environment.Job instance at 0x14893c874e60>,39,3,[ 1 13],40,231,234,191,222
1,<environment.Job instance at 0x148930c37550>,40,24,[8 2],41,238,262,197,233
1,<environment.Job instance at 0x148930c37640>,41,19,[14  1],42,262,281,220,254
1,<environment.Job instance at 0x148930c37dc0>,42,26,[7 2],43,281,307,238,278
1,<environment.Job instance at 0x148930c370f0>,43,2,[ 1 12],44,288,290,244,288
1,<environment.Job instance at 0x148930c37e10>,44,18,[2 7],45,291,309,246,291
1,<environment.Job instance at 0x14893810eb90>,24,14,[14  1],25,309,323,284,308
1,<environment.Job instance at 0x148930c37370>,48,27,[12  1],49,323,350,274,321
1,<environment.Job instance at 0x14893c874230>,32,15,[14  1],33,387,402,354,387
1,<environment.Job instance at 0x148930690500>,6,3,[ 1 13],7,426,429,419,426
1,<environment.Job instance at 0x14893c8746e0>,36,17,[ 2 11],37,639,656,602,639
1,<environment.Job instance at 0x14893c516910>,0,26,[ 2 14],1,2,28,1,2
1,<environment.Job instance at 0x1489411ca500>,1,3,[6 1],2,5,8,3,5
1,<environment.Job instance at 0x14893c516b90>,4,1,[ 1 11],5,28,29,23,9
1,<environment.Job instance at 0x14893c516e60>,2,24,[14  1],3,28,52,25,25
1,<environment.Job instance at 0x148938153820>,9,25,[12  2],10,52,77,42,48
1,<environment.Job instance at 0x1489381538c0>,15,24,[14  1],16,77,101,61,72
1,<environment.Job instance at 0x1489381534b0>,7,18,[13  2],8,101,119,93,90
1,<environment.Job instance at 0x148938153d70>,16,19,[ 2 11],17,101,120,84,93
1,<environment.Job instance at 0x148938153460>,19,13,[5 1],20,119,132,99,111
1,<environment.Job instance at 0x148938153aa0>,20,24,[5 2],21,126,150,105,126
1,<environment.Job instance at 0x148938161050>,22,27,[5 1],23,130,157,107,130
1,<environment.Job instance at 0x148938153c80>,14,1,[13  1],15,157,158,142,131
1,<environment.Job instance at 0x148938161320>,23,27,[ 2 11],24,132,159,108,131
1,<environment.Job instance at 0x148938153be0>,17,24,[13  2],18,158,182,140,153
1,<environment.Job instance at 0x1489381612d0>,24,28,[12  1],25,182,210,157,182
1,<environment.Job instance at 0x148938161730>,28,26,[9 2],29,210,236,181,207
1,<environment.Job instance at 0x148938161550>,26,2,[ 1 11],27,208,210,181,208
1,<environment.Job instance at 0x1489381618c0>,31,1,[5 1],32,210,211,178,208
1,<environment.Job instance at 0x148938161960>,32,1,[ 2 13],33,216,217,183,216
1,<environment.Job instance at 0x148938161aa0>,34,23,[ 1 10],35,217,240,182,216
1,<environment.Job instance at 0x1489381615f0>,27,20,[13  2],28,236,256,208,232
1,<environment.Job instance at 0x148938161be0>,36,25,[2 5],37,240,265,203,237
1,<environment.Job instance at 0x148938161dc0>,39,20,[ 1 11],40,265,285,225,256
1,<environment.Job instance at 0x1489381613c0>,44,15,[6 1],45,263,278,218,263
1,<environment.Job instance at 0x1489381616e0>,43,2,[1 7],44,263,265,219,263
1,<environment.Job instance at 0x148938183280>,46,2,[ 1 14],47,285,287,238,269
1,<environment.Job instance at 0x148938183410>,48,20,[ 2 14],49,287,307,238,282
1,<environment.Job instance at 0x148938161a00>,33,1,[14  1],34,307,308,273,292
1,<environment.Job instance at 0x148938153550>,6,16,[11  1],7,308,324,301,300
1,<environment.Job instance at 0x148938153fa0>,21,14,[ 2 12],22,308,322,286,300
1,<environment.Job instance at 0x148938161460>,45,3,[ 1 11],46,322,325,276,314
1,<environment.Job instance at 0x148930d09870>,2,27,[ 1 11],3,4,31,1,4
1,<environment.Job instance at 0x148941140b90>,8,28,[14  1],9,14,42,5,14
1,<environment.Job instance at 0x1489381831e0>,6,25,[2 5],7,42,67,35,38
1,<environment.Job instance at 0x1489411405a0>,13,2,[13  1],14,55,57,41,55
1,<environment.Job instance at 0x148941140370>,16,1,[1 9],17,62,63,45,62
1,<environment.Job instance at 0x1489411403c0>,17,3,[13  1],18,67,70,49,67
1,<environment.Job instance at 0x1489411e9280>,18,23,[5 2],19,70,93,51,67
1,<environment.Job instance at 0x1489411e9a00>,19,23,[11  2],20,93,116,73,87
1,<environment.Job instance at 0x14893c81f870>,3,2,[ 1 13],4,88,90,84,88
1,<environment.Job instance at 0x1489411e9410>,20,21,[8 2],21,116,137,95,108
1,<environment.Job instance at 0x1489411e9f50>,21,21,[ 1 13],22,118,139,96,118
1,<environment.Job instance at 0x1489411e90a0>,22,22,[11  2],23,137,159,114,132
1,<environment.Job instance at 0x1489411e9dc0>,24,23,[1 8],25,139,162,114,133
1,<environment.Job instance at 0x148930d097d0>,0,1,[13  2],1,159,160,158,135
1,<environment.Job instance at 0x1489411e9500>,25,20,[1 9],26,162,182,136,155
1,<environment.Job instance at 0x1489411e9fa0>,29,17,[12  1],30,175,192,145,175
1,<environment.Job instance at 0x1489411e9d70>,30,19,[11  2],31,192,211,161,182
1,<environment.Job instance at 0x1489411e9c30>,31,28,[10  2],32,211,239,179,210
1,<environment.Job instance at 0x1489411e9aa0>,33,1,[ 1 11],34,241,242,207,241
1,<environment.Job instance at 0x148941140780>,14,1,[ 2 13],15,258,259,243,258
1,<environment.Job instance at 0x14893c538870>,35,26,[10  2],36,259,285,223,259
1,<environment.Job instance at 0x14893c538730>,36,21,[1 6],37,261,282,224,261
1,<environment.Job instance at 0x14893c538500>,37,25,[ 1 11],38,282,307,244,279
1,<environment.Job instance at 0x14893c538af0>,40,3,[ 1 12],41,311,314,270,311
1,<environment.Job instance at 0x14893c538c30>,41,25,[1 9],42,314,339,272,311
1,<environment.Job instance at 0x14893c538a00>,42,16,[13  1],43,344,360,301,344
1,<environment.Job instance at 0x14893c5382d0>,44,26,[2 7],45,350,376,305,350
1,<environment.Job instance at 0x14893c538d70>,45,1,[ 1 14],46,376,377,330,372
1,<environment.Job instance at 0x14893ef31190>,46,2,[11  1],47,373,375,326,373
1,<environment.Job instance at 0x14893ef31aa0>,47,24,[14  1],48,376,400,328,374
1,<environment.Job instance at 0x14893c5384b0>,34,13,[ 1 11],35,386,399,351,386
1,<environment.Job instance at 0x1489411e9cd0>,28,12,[11  1],29,400,412,371,395
1,<environment.Job instance at 0x1489411e91e0>,23,3,[ 1 12],24,448,451,424,448
1,<environment.Job instance at 0x14893ef31f00>,48,14,[11  2],49,768,782,719,768
1,<environment.Job instance at 0x1489411400a0>,12,13,[ 1 12],13,1227,1240,1214,1227
1,<environment.Job instance at 0x14893050f140>,4,27,[11  1],5,5,32,0,5
1,<environment.Job instance at 0x14893050f820>,6,19,[ 2 11],7,9,28,2,9
1,<environment.Job instance at 0x14893050f730>,10,18,[6 2],11,32,50,21,28
1,<environment.Job instance at 0x1489380a3690>,1,12,[ 1 13],2,49,61,47,49
1,<environment.Job instance at 0x14893050fe60>,12,20,[12  2],13,50,70,37,49
1,<environment.Job instance at 0x14893050faf0>,13,2,[12  1],14,70,72,56,62
1,<environment.Job instance at 0x14893050fb40>,14,2,[11  1],15,72,74,57,68
1,<environment.Job instance at 0x14893050fc30>,15,2,[7 2],16,74,76,58,68
1,<environment.Job instance at 0x148930df2690>,16,25,[13  1],17,76,101,59,72
1,<environment.Job instance at 0x148930df2e10>,17,22,[14  2],18,101,123,83,94
1,<environment.Job instance at 0x148930df21e0>,19,22,[2 5],20,123,145,103,116
1,<environment.Job instance at 0x148930df2870>,20,21,[ 1 10],21,116,137,95,116
1,<environment.Job instance at 0x14893050f410>,3,3,[ 2 13],4,145,148,141,120
1,<environment.Job instance at 0x148930df2a50>,23,26,[12  1],24,137,163,113,134
1,<environment.Job instance at 0x148930df2640>,22,3,[ 2 13],23,165,168,142,165
1,<environment.Job instance at 0x148930df2780>,26,22,[ 2 10],27,168,190,141,168
1,<environment.Job instance at 0x148930df2370>,27,26,[ 2 14],28,190,216,162,187
1,<environment.Job instance at 0x148930b41a50>,30,1,[12  2],31,216,217,185,203
1,<environment.Job instance at 0x148930b41500>,31,22,[ 2 10],32,216,238,184,214
1,<environment.Job instance at 0x148930b419b0>,34,26,[ 1 11],35,238,264,203,235
1,<environment.Job instance at 0x148930b411e0>,33,1,[ 2 12],34,264,265,230,262
1,<environment.Job instance at 0x148930b41230>,37,22,[7 1],38,262,284,224,262
1,<environment.Job instance at 0x148930b41320>,38,25,[ 1 12],39,265,290,226,262
1,<environment.Job instance at 0x148930b414b0>,39,25,[12  1],40,284,309,244,281
1,<environment.Job instance at 0x148930b415a0>,40,23,[13  2],41,309,332,268,303
1,<environment.Job instance at 0x1489380a3cd0>,0,14,[ 1 13],1,360,374,359,360
1,<environment.Job instance at 0x14893a336320>,43,28,[5 2],44,364,392,320,364
1,<environment.Job instance at 0x14893a336820>,44,28,[ 1 13],45,374,402,329,373
1,<environment.Job instance at 0x14893a336fa0>,46,26,[ 2 13],47,402,428,355,399
1,<environment.Job instance at 0x14893a336b90>,47,25,[11  1],48,402,427,354,402
1,<environment.Job instance at 0x148930b416e0>,36,15,[ 1 12],37,451,466,414,451
1,<environment.Job instance at 0x14893a3360f0>,42,1,[13  2],43,459,460,416,459
1,<environment.Job instance at 0x14893050fbe0>,7,12,[ 2 12],8,1321,1333,1313,1321
1,<environment.Job instance at 0x14893050fd70>,11,14,[ 2 11],12,1746,1760,1734,1746
1,<environment.Job instance at 0x148930518f00>,0,27,[6 1],1,1,28,0,1
1,<environment.Job instance at 0x14893050f550>,1,27,[1 7],2,2,29,0,2
1,<environment.Job instance at 0x14893c4857d0>,6,21,[6 2],7,12,33,5,12
1,<environment.Job instance at 0x14893066e3c0>,11,22,[7 2],12,28,50,16,25
1,<environment.Job instance at 0x14893c4b0dc0>,10,20,[1 8],11,31,51,20,31
1,<environment.Job instance at 0x14893066e050>,16,26,[1 7],17,50,76,33,47
1,<environment.Job instance at 0x14893066eb90>,17,22,[5 1],18,51,73,33,51
1,<environment.Job instance at 0x14893066e730>,15,21,[13  2],16,73,94,57,69
1,<environment.Job instance at 0x148930887320>,20,22,[ 1 11],21,77,99,56,77
1,<environment.Job instance at 0x14893c4b01e0>,8,14,[12  2],9,94,108,85,81
1,<environment.Job instance at 0x1489308875f0>,26,27,[ 1 14],27,108,135,81,106
1,<environment.Job instance at 0x148930887690>,27,19,[7 1],28,108,127,80,107
1,<environment.Job instance at 0x148930887870>,29,19,[12  1],30,127,146,97,123
1,<environment.Job instance at 0x148930887780>,25,23,[ 2 13],26,135,158,109,130
1,<environment.Job instance at 0x148930887d70>,32,28,[ 1 12],33,158,186,125,157
1,<environment.Job instance at 0x148930887dc0>,33,28,[2 8],34,186,214,152,185
1,<environment.Job instance at 0x148930887af0>,31,27,[2 5],32,186,213,154,185
1,<environment.Job instance at 0x148930ea8140>,38,26,[ 1 11],39,214,240,175,211
1,<environment.Job instance at 0x148930ea81e0>,39,28,[2 7],40,240,268,200,239
1,<environment.Job instance at 0x148930ea8280>,40,20,[2 5],41,242,262,201,242
1,<environment.Job instance at 0x148930ea8320>,41,28,[14  1],42,268,296,226,267
1,<environment.Job instance at 0x148930ea83c0>,42,24,[11  1],43,296,320,253,291
1,<environment.Job instance at 0x148930ea85f0>,44,25,[ 1 14],45,297,322,252,297
1,<environment.Job instance at 0x148930ea8640>,46,24,[5 2],47,322,346,275,317
1,<environment.Job instance at 0x14893c485c30>,5,12,[ 2 13],6,336,348,330,336
1,<environment.Job instance at 0x148930ea8690>,48,21,[12  1],49,346,367,297,341
1,<environment.Job instance at 0x148930887460>,22,2,[ 1 14],23,380,382,357,380
1,<environment.Job instance at 0x1489308875a0>,24,12,[ 2 14],25,604,616,579,604
1,<environment.Job instance at 0x148930887fa0>,35,12,[ 2 12],36,1465,1477,1429,1465
1,<environment.Job instance at 0x14c5026ea690>,0,24,[ 1 10],1,3,27,2,3
1,<environment.Job instance at 0x14c5026ea5f0>,4,24,[6 1],5,5,29,0,5
1,<environment.Job instance at 0x14c4f937a8c0>,5,25,[7 1],6,7,32,1,7
1,<environment.Job instance at 0x14c4f937a730>,10,3,[ 1 14],11,29,32,18,11
1,<environment.Job instance at 0x14c4f937a5f0>,9,2,[8 1],10,32,34,22,12
1,<environment.Job instance at 0x14c4f937ad20>,12,22,[2 6],13,32,54,19,25
1,<environment.Job instance at 0x14c4f937af00>,13,27,[1 8],14,32,59,18,31
1,<environment.Job instance at 0x14c4f937ab40>,15,24,[ 2 13],16,59,83,43,54
1,<environment.Job instance at 0x14c4f937c0f0>,16,19,[ 1 12],17,83,102,66,74
1,<environment.Job instance at 0x14c4f937adc0>,14,3,[14  2],15,83,86,68,77
1,<environment.Job instance at 0x14c4f937c1e0>,19,21,[14  2],20,86,107,66,78
1,<environment.Job instance at 0x14c4f937c3c0>,22,25,[ 2 12],23,107,132,84,103
1,<environment.Job instance at 0x14c4f937c460>,21,22,[14  2],22,132,154,110,125
1,<environment.Job instance at 0x14c5026ea820>,2,18,[ 1 12],3,138,156,135,138
1,<environment.Job instance at 0x14c4f937c820>,27,25,[14  2],28,154,179,126,150
1,<environment.Job instance at 0x14c4f937c0a0>,17,3,[ 1 13],18,156,159,138,152
1,<environment.Job instance at 0x14c4f937c500>,24,20,[ 2 13],25,183,203,158,183
1,<environment.Job instance at 0x14c4f937cc80>,34,20,[5 1],35,183,203,148,183
1,<environment.Job instance at 0x14c4f937ceb0>,35,23,[11  2],36,203,226,167,200
1,<environment.Job instance at 0x14c4f937cd20>,37,22,[2 5],38,203,225,165,200
1,<environment.Job instance at 0x14c4f937cdc0>,36,27,[10  2],37,226,253,189,224
1,<environment.Job instance at 0x14c4f937f3c0>,42,23,[ 1 14],43,253,276,210,247
1,<environment.Job instance at 0x14c4f937c640>,25,1,[11  1],26,253,254,227,253
1,<environment.Job instance at 0x14c4f937cfa0>,38,1,[ 1 13],39,276,277,237,255
1,<environment.Job instance at 0x14c4f937f640>,47,26,[12  2],48,276,302,228,274
1,<environment.Job instance at 0x14c4f937f780>,49,25,[11  2],50,302,327,252,298
1,<environment.Job instance at 0x14c4f937f2d0>,41,18,[ 2 13],42,321,339,279,321
1,<environment.Job instance at 0x14c4f937fa00>,53,27,[9 1],54,327,354,273,327
1,<environment.Job instance at 0x14c4f937f8c0>,51,2,[ 2 13],52,339,341,287,330
1,<environment.Job instance at 0x14c4f937fc30>,55,20,[ 1 14],56,344,364,288,344
1,<environment.Job instance at 0x14c4f937fd70>,57,1,[5 1],58,354,355,296,346
1,<environment.Job instance at 0x14c4f937fbe0>,56,1,[12  2],57,364,365,307,354
1,<environment.Job instance at 0x14c4f937fe60>,58,17,[2 7],59,364,381,305,354
1,<environment.Job instance at 0x14c4f937f4b0>,43,3,[ 1 14],44,551,554,507,551
1,<environment.Job instance at 0x14c4f937f960>,52,12,[13  2],53,601,613,548,601
1,<environment.Job instance at 0x14c4f937a7d0>,6,19,[ 1 13],7,683,702,676,683
1,<environment.Job instance at 0x14c4f83b3a50>,1,22,[14  1],2,2,24,0,2
1,<environment.Job instance at 0x14c4fba0ad70>,4,2,[11  2],5,24,26,19,5
1,<environment.Job instance at 0x14c4fba37f00>,8,28,[10  1],9,26,54,17,25
1,<environment.Job instance at 0x14c4f83b3af0>,0,3,[ 1 11],1,45,48,44,45
1,<environment.Job instance at 0x14c4fba37eb0>,10,20,[ 2 14],11,48,68,37,46
1,<environment.Job instance at 0x14c4fb90fa50>,7,19,[11  1],8,66,85,58,66
1,<environment.Job instance at 0x14c4fba374b0>,9,14,[12  2],10,85,99,75,79
1,<environment.Job instance at 0x14c4fba37730>,13,3,[ 1 11],14,121,124,107,121
1,<environment.Job instance at 0x14c4fba37780>,14,1,[14  2],15,129,130,114,129
1,<environment.Job instance at 0x14c4fb2d7a00>,6,14,[14  2],7,134,148,127,134
1,<environment.Job instance at 0x14c4fba373c0>,17,19,[8 1],18,148,167,130,140
1,<environment.Job instance at 0x14c4fb20beb0>,19,19,[14  1],20,167,186,147,159
1,<environment.Job instance at 0x14c4fba11af0>,24,14,[7 1],25,186,200,161,176
1,<environment.Job instance at 0x14c4fba11c30>,25,20,[2 9],26,186,206,160,177
1,<environment.Job instance at 0x14c4fba11500>,26,21,[ 1 12],27,206,227,179,200
1,<environment.Job instance at 0x14c4fba370f0>,11,12,[ 2 11],12,236,248,224,236
1,<environment.Job instance at 0x14c4fba31870>,27,18,[ 1 12],28,248,266,220,238
1,<environment.Job instance at 0x14c4fba31b40>,30,27,[ 2 14],31,266,293,235,264
1,<environment.Job instance at 0x14c4fba31140>,31,2,[12  2],32,293,295,261,284
1,<environment.Job instance at 0x14c4fba31c80>,33,3,[ 1 14],34,305,308,271,305
1,<environment.Job instance at 0x14c4f9380230>,3,13,[ 2 13],4,308,321,304,308
1,<environment.Job instance at 0x14c4fba31410>,35,25,[7 2],36,308,333,272,308
1,<environment.Job instance at 0x14c4fba319b0>,37,2,[ 1 12],38,333,335,295,333
1,<environment.Job instance at 0x14c4fb9dda50>,38,25,[13  2],39,333,358,294,333
1,<environment.Job instance at 0x14c4fb9dd280>,39,27,[1 8],40,335,362,295,333
1,<environment.Job instance at 0x14c4fb9ddf50>,42,22,[ 2 14],43,362,384,319,356
1,<environment.Job instance at 0x14c4fb9dd460>,43,3,[13  1],44,359,362,315,359
1,<environment.Job instance at 0x14c4fb9dd3c0>,45,22,[ 2 12],46,384,406,338,378
1,<environment.Job instance at 0x14c4fba31d70>,36,16,[ 2 11],37,416,432,379,416
1,<environment.Job instance at 0x14c4fba859b0>,48,18,[6 2],49,418,436,369,418
1,<environment.Job instance at 0x14c4fba85780>,49,24,[10  2],50,436,460,386,431
1,<environment.Job instance at 0x14c4fba85d70>,51,1,[14  2],52,460,461,408,458
1,<environment.Job instance at 0x14c4fba85550>,53,28,[2 5],54,471,499,417,471
1,<environment.Job instance at 0x14c4fba85910>,54,3,[ 2 13],55,518,521,463,518
1,<environment.Job instance at 0x14c4fb9e2730>,55,25,[2 7],56,521,546,465,518
1,<environment.Job instance at 0x14c4fba85a00>,56,3,[ 1 13],57,546,549,489,539
1,<environment.Job instance at 0x14c4fba85e10>,57,20,[1 9],58,549,569,491,540
1,<environment.Job instance at 0x14c4fba16d20>,58,28,[7 2],59,540,568,481,540
1,<environment.Job instance at 0x14c4fb9dde10>,47,16,[13  1],48,568,584,520,568
1,<environment.Job instance at 0x14c4fba318c0>,29,12,[11  1],30,795,807,765,795
1,<environment.Job instance at 0x14c4fba31aa0>,28,12,[ 1 14],29,1004,1016,975,1004
1,<environment.Job instance at 0x14c4fba372d0>,12,16,[ 2 12],13,1151,1167,1138,1151
1,<environment.Job instance at 0x14c4fba6d460>,2,20,[13  2],3,3,23,0,3
1,<environment.Job instance at 0x14c4fba6d910>,0,21,[1 5],1,6,27,5,6
1,<environment.Job instance at 0x14c4d3d95b90>,8,26,[12  2],9,23,49,14,20
1,<environment.Job instance at 0x14c4d3e20960>,9,25,[ 2 12],10,27,52,17,24
1,<environment.Job instance at 0x14c4d3ddcf00>,10,27,[12  2],11,49,76,38,47
1,<environment.Job instance at 0x14c4d3f3b0f0>,12,19,[11  2],13,76,95,63,70
1,<environment.Job instance at 0x14c4d3dcb7d0>,13,23,[ 1 12],14,71,94,57,71
1,<environment.Job instance at 0x14c4fba37690>,3,15,[12  1],4,95,110,91,90
1,<environment.Job instance at 0x14c4d3f3b370>,11,18,[ 2 11],12,120,138,108,120
1,<environment.Job instance at 0x14c4d3e29c80>,16,23,[ 1 14],17,138,161,121,137
1,<environment.Job instance at 0x14c4d3e29cd0>,15,17,[ 1 11],16,161,178,145,161
1,<environment.Job instance at 0x14c4d3e29d70>,18,3,[ 1 12],19,178,181,159,166
1,<environment.Job instance at 0x14c4d3e73780>,20,23,[ 2 13],21,181,204,160,176
1,<environment.Job instance at 0x14c4d3eddb40>,22,16,[11  2],23,176,192,153,176
1,<environment.Job instance at 0x14c4d3da65f0>,23,25,[ 1 12],24,204,229,180,200
1,<environment.Job instance at 0x14c4d3eddd70>,24,27,[ 1 12],25,229,256,204,227
1,<environment.Job instance at 0x14c4d3e03a50>,25,2,[14  1],26,233,235,207,233
1,<environment.Job instance at 0x14c4d3e038c0>,26,22,[12  2],27,235,257,208,234
1,<environment.Job instance at 0x14c4d3e42820>,27,20,[ 1 12],28,256,276,228,247
1,<environment.Job instance at 0x14c4d3e426e0>,28,2,[8 2],29,257,259,228,247
1,<environment.Job instance at 0x14c4d3e676e0>,29,19,[5 2],30,259,278,229,251
1,<environment.Job instance at 0x14c4d3e67870>,30,19,[12  2],31,278,297,247,268
1,<environment.Job instance at 0x14c4d3e67b40>,31,19,[2 5],32,276,295,244,268
1,<environment.Job instance at 0x14c4d3e67500>,33,28,[7 2],34,297,325,263,296
1,<environment.Job instance at 0x14c4d3e5fc30>,34,28,[7 1],35,297,325,262,296
1,<environment.Job instance at 0x14c4d3e71190>,35,1,[6 1],36,325,326,289,300
1,<environment.Job instance at 0x14c4d3db4aa0>,36,28,[ 1 11],37,300,328,263,300
1,<environment.Job instance at 0x14c4d3e6b5f0>,38,24,[14  2],39,326,350,287,321
1,<environment.Job instance at 0x14c4d3dab2d0>,39,3,[13  2],40,350,353,310,324
1,<environment.Job instance at 0x14c4d3e6b730>,41,1,[ 1 11],42,329,330,287,329
1,<environment.Job instance at 0x14c4d3e6caf0>,42,1,[6 2],43,353,354,310,329
1,<environment.Job instance at 0x14c4d3e6c190>,43,25,[1 8],44,330,355,286,329
1,<environment.Job instance at 0x14c4d3e6c690>,44,26,[2 9],45,355,381,310,352
1,<environment.Job instance at 0x14c4d3db96e0>,46,1,[12  2],47,357,358,310,357
1,<environment.Job instance at 0x14c4d3e79500>,47,21,[12  1],48,358,379,310,358
1,<environment.Job instance at 0x14c4d3db95a0>,48,24,[10  2],49,379,403,330,375
1,<environment.Job instance at 0x14c4d3e79460>,49,20,[2 8],50,381,401,331,375
1,<environment.Job instance at 0x14c4d3e7f0a0>,50,26,[ 2 12],51,401,427,350,398
1,<environment.Job instance at 0x14c4d3e7f2d0>,51,20,[ 1 14],52,427,447,375,418
1,<environment.Job instance at 0x14c4d3dcb370>,14,14,[12  1],15,420,434,405,420
1,<environment.Job instance at 0x14c50271af50>,1,15,[ 1 11],2,448,463,446,448
1,<environment.Job instance at 0x14c4d3e7f280>,52,16,[12  2],53,448,464,395,448
1,<environment.Job instance at 0x14c4d3dbee60>,55,19,[7 1],56,464,483,408,455
1,<environment.Job instance at 0x14c4d3dbe140>,56,23,[9 2],57,483,506,426,477
1,<environment.Job instance at 0x14c4d3dbe730>,57,2,[12  1],58,506,508,448,479
1,<environment.Job instance at 0x14c4d3e74230>,58,27,[ 1 14],59,506,533,447,504
1,<environment.Job instance at 0x14c4d3e73370>,21,2,[ 1 13],22,687,689,665,687
1,<environment.Job instance at 0x14c4d3dbedc0>,54,15,[ 1 13],55,749,764,694,749
1,<environment.Job instance at 0x14c4d3e7f050>,53,14,[ 1 12],54,773,787,719,773
1,<environment.Job instance at 0x14c4d3d8e1e0>,7,12,[ 1 13],8,816,828,808,816
1,<environment.Job instance at 0x14c4d3d8e7d0>,3,2,[7 1],4,11,13,7,11
1,<environment.Job instance at 0x14c4f98542d0>,6,3,[13  2],7,27,30,20,27
1,<environment.Job instance at 0x14c4d3d8e1e0>,7,28,[ 1 11],8,27,55,19,27
1,<environment.Job instance at 0x14c4ffcceb40>,8,25,[ 1 12],9,55,80,46,51
1,<environment.Job instance at 0x14c4d3d45870>,1,1,[11  1],2,79,80,77,79
1,<environment.Job instance at 0x14c4f935f5a0>,11,26,[ 1 14],12,80,106,68,79
1,<environment.Job instance at 0x14c4f935f4b0>,12,26,[ 2 12],13,106,132,93,103
1,<environment.Job instance at 0x14c4f03995f0>,2,3,[11  2],3,109,112,106,109
1,<environment.Job instance at 0x14c4f935f410>,14,25,[10  1],15,112,137,97,109
1,<environment.Job instance at 0x14c4f97c3370>,16,26,[13  1],17,137,163,120,134
1,<environment.Job instance at 0x14c4f935f320>,13,2,[ 2 11],14,153,155,139,153
1,<environment.Job instance at 0x14c4f97c3730>,19,20,[1 9],20,155,175,135,154
1,<environment.Job instance at 0x14c4f97c34b0>,21,24,[2 5],22,163,187,141,158
1,<environment.Job instance at 0x14c4f8389820>,24,24,[ 1 13],25,187,211,162,182
1,<environment.Job instance at 0x14c4f8389d20>,25,21,[11  1],26,183,204,157,183
1,<environment.Job instance at 0x14c4f97c3af0>,22,24,[ 1 13],23,211,235,188,207
1,<environment.Job instance at 0x14c4f97e6c80>,4,15,[11  2],5,222,237,217,222
1,<environment.Job instance at 0x14c4f8389fa0>,27,1,[12  2],28,237,238,209,231
1,<environment.Job instance at 0x14c4f98633c0>,29,28,[ 2 13],30,235,263,205,234
1,<environment.Job instance at 0x14c4f98639b0>,30,22,[11  2],31,238,260,207,234
1,<environment.Job instance at 0x14c4f98632d0>,31,26,[7 2],32,260,286,228,257
1,<environment.Job instance at 0x14c4f8389e60>,26,19,[ 2 12],27,263,282,236,257
1,<environment.Job instance at 0x14c4f9863b40>,32,21,[13  2],33,286,307,253,278
1,<environment.Job instance at 0x14c4ffc69780>,34,27,[2 7],35,282,309,247,281
1,<environment.Job instance at 0x14c4ffc69f50>,35,20,[1 5],36,307,327,271,298
1,<environment.Job instance at 0x14c4ffc692d0>,36,20,[2 5],37,309,329,272,300
1,<environment.Job instance at 0x14c4ffc694b0>,37,2,[10  2],38,307,309,269,301
1,<environment.Job instance at 0x14c4f9863f50>,33,3,[ 2 13],34,329,332,295,308
1,<environment.Job instance at 0x14c4f9899be0>,40,28,[7 1],41,309,337,268,308
1,<environment.Job instance at 0x14c4fbd26500>,41,28,[ 2 13],42,332,360,290,331
1,<environment.Job instance at 0x14c4fbd26780>,42,20,[7 2],43,337,357,294,331
1,<environment.Job instance at 0x14c4fbd26190>,45,19,[5 1],46,357,376,311,348
1,<environment.Job instance at 0x14c4fbd260f0>,46,24,[ 2 10],47,360,384,313,356
1,<environment.Job instance at 0x14c4f8389a50>,28,1,[ 2 14],29,384,385,355,358
1,<environment.Job instance at 0x14c4f9899910>,39,12,[ 2 14],40,385,397,345,376
1,<environment.Job instance at 0x14c4f97e1500>,53,28,[ 1 14],54,397,425,343,397
1,<environment.Job instance at 0x14c4f97e1be0>,50,24,[11  2],51,425,449,374,420
1,<environment.Job instance at 0x14c4fbce9c30>,56,22,[ 2 11],57,425,447,368,422
1,<environment.Job instance at 0x14c4fb97e410>,5,3,[12  1],6,449,452,443,440
1,<environment.Job instance at 0x14c4f935f870>,10,12,[ 2 14],11,512,524,501,512
1,<environment.Job instance at 0x14c4fbce9320>,58,12,[ 2 12],59,588,600,529,588
1,<environment.Job instance at 0x14c4fb2d76e0>,0,24,[1 5],1,1,25,0,1
1,<environment.Job instance at 0x14c4f98aa2d0>,2,19,[13  2],3,3,22,0,3
1,<environment.Job instance at 0x14c4fb2d7c30>,3,25,[11  1],4,22,47,18,18
1,<environment.Job instance at 0x14c4fb2d7d70>,10,28,[ 2 13],11,25,53,14,24
1,<environment.Job instance at 0x14c4fb9ddb90>,13,25,[13  2],14,47,72,33,43
1,<environment.Job instance at 0x14c4fb9dddc0>,14,22,[ 1 13],15,53,75,38,50
1,<environment.Job instance at 0x14c5020387d0>,17,26,[9 1],18,72,98,54,69
1,<environment.Job instance at 0x14c4fb2d7550>,9,27,[2 8],10,75,102,65,73
1,<environment.Job instance at 0x14c4fb3971e0>,22,1,[ 2 13],23,102,103,79,93
1,<environment.Job instance at 0x14c4fb397a00>,26,1,[ 1 11],27,103,104,76,98
1,<environment.Job instance at 0x14c4fb3972d0>,27,2,[12  2],28,103,105,75,103
1,<environment.Job instance at 0x14c4fb397550>,28,20,[ 1 13],29,105,125,76,105
1,<environment.Job instance at 0x14c4fb3973c0>,30,2,[1 9],31,125,127,94,105
1,<environment.Job instance at 0x14c4fb397320>,31,28,[9 1],32,105,133,73,105
1,<environment.Job instance at 0x14c4fb3975a0>,33,23,[13  2],34,133,156,99,127
1,<environment.Job instance at 0x14c4fb397e10>,35,24,[ 1 10],36,128,152,92,128
1,<environment.Job instance at 0x14c4fb397f50>,34,3,[ 1 13],35,156,159,121,156
1,<environment.Job instance at 0x14c4fb397230>,24,24,[ 1 11],25,174,198,149,174
1,<environment.Job instance at 0x14c4fb2a8320>,37,3,[ 2 13],38,198,201,160,192
1,<environment.Job instance at 0x14c4fb397870>,36,3,[ 2 12],37,201,204,164,200
1,<environment.Job instance at 0x14c4fb2a84b0>,42,20,[13  2],43,200,220,157,200
1,<environment.Job instance at 0x14c4fb2a8eb0>,43,22,[6 2],44,220,242,176,213
1,<environment.Job instance at 0x14c4fb2a83c0>,44,12,[7 1],45,220,232,175,213
1,<environment.Job instance at 0x14c4fb2d78c0>,11,3,[11  2],12,242,245,230,220
1,<environment.Job instance at 0x14c4fb2a8370>,45,1,[2 7],46,224,225,178,224
1,<environment.Job instance at 0x14c4fb2a8b90>,47,3,[6 1],48,234,237,186,234
1,<environment.Job instance at 0x14c4fb2a8690>,48,24,[12  1],49,245,269,196,240
1,<environment.Job instance at 0x14c4fba86370>,51,27,[ 1 13],52,241,268,189,241
1,<environment.Job instance at 0x14c4fba86230>,52,20,[14  1],53,269,289,216,262
1,<environment.Job instance at 0x14c4fba86280>,54,1,[ 1 12],55,268,269,213,266
1,<environment.Job instance at 0x14c4fba86140>,56,28,[1 7],57,275,303,218,275
1,<environment.Job instance at 0x14c4fba862d0>,57,28,[10  1],58,289,317,231,288
1,<environment.Job instance at 0x14c4fba86d20>,58,1,[12  1],59,317,318,258,298
1,<environment.Job instance at 0x14c4fba86320>,53,22,[12  1],54,318,340,264,313
1,<environment.Job instance at 0x14c4fb2a8910>,46,2,[11  2],47,340,342,293,318
1,<environment.Job instance at 0x14c4fb2a8be0>,40,14,[11  2],41,346,360,305,346
1,<environment.Job instance at 0x14c4fb2d7aa0>,4,12,[ 2 13],5,362,374,357,362
1,<environment.Job instance at 0x14c4fad7a5a0>,0,21,[ 2 12],1,1,22,0,1
1,<environment.Job instance at 0x14c4fba88a50>,3,21,[ 2 13],4,22,43,18,18
1,<environment.Job instance at 0x14c5006deeb0>,9,26,[5 1],10,28,54,18,28
1,<environment.Job instance at 0x14c4fba88320>,6,3,[11  2],7,54,57,47,28
1,<environment.Job instance at 0x14c5006dee10>,13,22,[ 1 13],14,43,65,29,40
1,<environment.Job instance at 0x14c5006de5f0>,14,23,[11  1],15,57,80,42,51
1,<environment.Job instance at 0x14c5006de3c0>,16,25,[ 2 14],17,65,90,48,64
1,<environment.Job instance at 0x14c4ffd49f50>,17,12,[13  1],18,80,92,62,65
1,<environment.Job instance at 0x14c4ffd49820>,23,3,[9 2],24,93,96,69,93
1,<environment.Job instance at 0x14c4ffd49960>,25,27,[2 7],26,93,120,67,93
1,<environment.Job instance at 0x14c4ffd498c0>,26,25,[10  2],27,96,121,69,93
1,<environment.Job instance at 0x14c4fba88410>,8,3,[11  1],9,121,124,112,119
1,<environment.Job instance at 0x14c4fba88500>,4,3,[ 2 11],5,125,128,120,125
1,<environment.Job instance at 0x14c500744d70>,30,2,[12  2],31,128,130,97,128
1,<environment.Job instance at 0x14c500744690>,32,21,[10  2],33,130,151,97,129
1,<environment.Job instance at 0x14c4ffd49aa0>,27,1,[14  1],28,151,152,123,132
1,<environment.Job instance at 0x14c500744370>,35,24,[12  1],36,152,176,116,147
1,<environment.Job instance at 0x14c5027268c0>,1,1,[12  1],2,176,177,174,167
1,<environment.Job instance at 0x14c500744a50>,37,25,[11  1],38,177,202,139,173
1,<environment.Job instance at 0x14c50061a6e0>,40,27,[2 9],41,173,200,132,173
1,<environment.Job instance at 0x14c50061ac30>,45,21,[ 2 14],46,200,221,154,194
1,<environment.Job instance at 0x14c50061acd0>,47,28,[2 5],48,221,249,173,220
1,<environment.Job instance at 0x14c50061a230>,48,22,[2 8],49,221,243,172,220
1,<environment.Job instance at 0x14c5005fc820>,51,27,[12  1],52,243,270,191,241
1,<environment.Job instance at 0x14c50061a410>,42,18,[14  2],43,270,288,227,261
1,<environment.Job instance at 0x14c5005fc230>,54,18,[13  2],55,288,306,233,278
1,<environment.Job instance at 0x14c5005fc050>,56,20,[1 7],57,280,300,223,280
1,<environment.Job instance at 0x14c5005fc960>,57,17,[11  2],58,306,323,248,296
1,<environment.Job instance at 0x14c5005fc730>,55,19,[ 1 11],56,311,330,255,311
1,<environment.Job instance at 0x14c50061a690>,46,1,[ 1 13],47,330,331,283,317
1,<environment.Job instance at 0x14c4ffd49be0>,29,15,[ 2 14],30,499,514,469,499
1,<environment.Job instance at 0x14c5007441e0>,33,15,[13  1],34,555,570,521,555
1,<environment.Job instance at 0x14c4f8211550>,1,20,[14  2],2,5,25,3,5
1,<environment.Job instance at 0x14c4ffd1d5a0>,7,17,[1 7],8,17,34,9,17
1,<environment.Job instance at 0x14c4f8211500>,4,23,[11  2],5,25,48,20,19
1,<environment.Job instance at 0x14c4fb2f3050>,8,20,[12  2],9,48,68,39,39
1,<environment.Job instance at 0x14c4ffcc9d20>,11,22,[11  1],12,68,90,56,61
1,<environment.Job instance at 0x14c4ffcc9cd0>,13,21,[9 2],14,90,111,76,82
1,<environment.Job instance at 0x14c4ffcc95f0>,15,21,[11  2],16,111,132,95,104
1,<environment.Job instance at 0x14c4ffcc91e0>,16,28,[2 5],17,104,132,87,104
1,<environment.Job instance at 0x14c4ffcc9e60>,18,28,[12  2],19,132,160,113,131
1,<environment.Job instance at 0x14c4ffcc9410>,19,23,[1 9],20,132,155,112,131
1,<environment.Job instance at 0x14c4f8211960>,0,18,[12  1],1,160,178,159,150
1,<environment.Job instance at 0x14c4fb2f0d70>,9,2,[ 1 11],10,182,184,172,182
1,<environment.Job instance at 0x14c4fb959410>,25,26,[5 2],26,182,208,156,182
1,<environment.Job instance at 0x14c4fb959140>,26,21,[ 2 12],27,184,205,157,183
1,<environment.Job instance at 0x14c4fb959550>,27,3,[ 1 13],28,205,208,177,197
1,<environment.Job instance at 0x14c4fb959370>,24,16,[12  2],25,208,224,183,198
1,<environment.Job instance at 0x14c4fb9594b0>,29,16,[ 2 13],30,236,252,206,236
1,<environment.Job instance at 0x14c4fb9595f0>,28,18,[ 2 14],29,269,287,240,269
1,<environment.Job instance at 0x14c4fb959870>,31,25,[1 8],32,287,312,255,283
1,<environment.Job instance at 0x14c4fb959910>,32,3,[14  1],33,288,291,255,288
1,<environment.Job instance at 0x14c4fb9596e0>,30,14,[14  2],31,303,317,272,303
1,<environment.Job instance at 0x14c4fb9597d0>,34,23,[ 1 12],35,312,335,277,306
1,<environment.Job instance at 0x14c4fb959960>,35,22,[10  1],36,317,339,281,310
1,<environment.Job instance at 0x14c4ffcc9320>,20,17,[ 1 11],21,335,352,314,335
1,<environment.Job instance at 0x14c4fb9598c0>,33,3,[ 2 13],34,352,355,318,341
1,<environment.Job instance at 0x14c4fb959a00>,38,20,[8 1],39,344,364,305,344
1,<environment.Job instance at 0x14c4fb959b40>,37,24,[1 6],38,355,379,317,351
1,<environment.Job instance at 0x14c4fb959eb0>,41,27,[11  1],42,364,391,322,362
1,<environment.Job instance at 0x14c4fb959e10>,43,25,[9 2],44,391,416,347,387
1,<environment.Job instance at 0x14c4ffca7190>,45,27,[13  1],46,416,443,370,414
1,<environment.Job instance at 0x14c4fb959b90>,36,1,[ 1 12],37,416,417,379,416
1,<environment.Job instance at 0x14c4ffca7230>,47,26,[12  2],48,443,469,395,440
1,<environment.Job instance at 0x14c4ffca74b0>,48,25,[12  2],49,469,494,420,465
1,<environment.Job instance at 0x14c4ffca75f0>,50,24,[2 7],51,481,505,430,481
1,<environment.Job instance at 0x14c4ffca75a0>,51,19,[ 1 12],52,505,524,453,495
1,<environment.Job instance at 0x14c4ffca7320>,52,1,[2 5],53,497,498,444,497
1,<environment.Job instance at 0x14c4ffca76e0>,53,13,[14  2],54,528,541,474,528
1,<environment.Job instance at 0x14c4ffca7870>,54,24,[2 8],55,541,565,486,536
1,<environment.Job instance at 0x14c4ffca77d0>,55,27,[9 1],56,541,568,485,539
1,<environment.Job instance at 0x14c4fb959fa0>,44,18,[ 1 14],45,565,583,520,560
1,<environment.Job instance at 0x14c4ffca71e0>,46,1,[13  1],47,578,579,531,578
1,<environment.Job instance at 0x14c4ffca7af0>,58,15,[ 1 14],59,583,598,524,582
1,<environment.Job instance at 0x14c4ffcc9640>,14,14,[11  2],15,1694,1708,1679,1694
1,<environment.Job instance at 0x14c4f81c1780>,2,15,[ 1 13],3,1872,1887,1869,1872
1,<environment.Job instance at 0x14c5005f7d20>,4,27,[6 1],5,5,32,0,5
1,<environment.Job instance at 0x14c5005f7550>,5,24,[9 1],6,6,30,0,6
1,<environment.Job instance at 0x14c4fe602af0>,3,19,[ 1 11],4,30,49,26,26
1,<environment.Job instance at 0x14c5005f7af0>,11,26,[7 1],12,30,56,18,27
1,<environment.Job instance at 0x14c500665370>,13,28,[1 7],14,49,77,35,48
1,<environment.Job instance at 0x14c500665d20>,16,25,[12  1],17,56,81,39,53
1,<environment.Job instance at 0x14c500665640>,17,26,[13  1],18,81,107,63,78
1,<environment.Job instance at 0x14c5005f7690>,10,17,[11  1],11,107,124,96,96
1,<environment.Job instance at 0x14c4fb915820>,20,22,[14  2],21,124,146,103,118
1,<environment.Job instance at 0x14c4fb922c30>,21,3,[12  2],22,146,149,124,125
1,<environment.Job instance at 0x14c4fb922320>,22,3,[11  1],23,149,152,126,129
1,<environment.Job instance at 0x14c4fb922f00>,23,28,[6 2],24,152,180,128,151
1,<environment.Job instance at 0x14c4fb922780>,24,20,[12  1],25,180,200,155,173
1,<environment.Job instance at 0x14c4fb3c45a0>,25,21,[13  1],26,200,221,174,192
1,<environment.Job instance at 0x14c4fb3c4550>,26,24,[6 2],27,221,245,194,216
1,<environment.Job instance at 0x14c50062abe0>,27,26,[1 5],28,216,242,188,216
1,<environment.Job instance at 0x14c4fb3c4410>,28,1,[2 6],29,221,222,192,218
1,<environment.Job instance at 0x14c4d3e40550>,2,18,[ 2 14],3,245,263,242,239
1,<environment.Job instance at 0x14c50062a7d0>,31,1,[13  2],32,263,264,231,243
1,<environment.Job instance at 0x14c4fb9491e0>,32,28,[1 9],33,263,291,230,262
1,<environment.Job instance at 0x14c4f816e8c0>,35,21,[9 1],36,276,297,240,276
1,<environment.Job instance at 0x14c50062a4b0>,36,21,[12  1],37,297,318,260,289
1,<environment.Job instance at 0x14c500664e10>,38,28,[5 1],39,318,346,279,317
1,<environment.Job instance at 0x14c4fb1a6f00>,40,24,[ 2 10],41,321,345,280,321
1,<environment.Job instance at 0x14c4fb1a6be0>,41,20,[11  1],42,346,366,304,337
1,<environment.Job instance at 0x14c50062aa00>,30,17,[ 2 12],31,345,362,314,337
1,<environment.Job instance at 0x14c4fb471c30>,43,2,[7 1],44,340,342,296,340
1,<environment.Job instance at 0x14c50065aaf0>,44,13,[14  2],45,378,391,333,378
1,<environment.Job instance at 0x14c50065ae60>,45,3,[8 1],46,391,394,345,378
1,<environment.Job instance at 0x14c4fbd46280>,46,1,[1 6],47,379,380,332,379
1,<environment.Job instance at 0x14c4fbd46a50>,47,25,[13  1],48,394,419,346,390
1,<environment.Job instance at 0x14c4d3fe0d70>,49,23,[11  2],50,419,442,369,413
1,<environment.Job instance at 0x14c4f9806280>,51,1,[ 1 14],52,414,415,362,414
1,<environment.Job instance at 0x14c4d3fe0d20>,52,21,[ 1 13],53,415,436,362,415
1,<environment.Job instance at 0x14c4f01bf5a0>,53,21,[5 1],54,442,463,388,435
1,<environment.Job instance at 0x14c4f01bf8c0>,54,16,[14  1],55,463,479,408,453
1,<environment.Job instance at 0x14c4f01bfb40>,55,3,[ 2 13],56,479,482,423,463
1,<environment.Job instance at 0x14c4f01bfb90>,56,26,[10  2],57,479,505,422,476
1,<environment.Job instance at 0x14c4f01bf550>,57,28,[14  1],58,505,533,447,504
1,<environment.Job instance at 0x14c4f01bf910>,58,24,[7 2],59,533,557,474,528
1,<environment.Job instance at 0x14c5006658c0>,18,13,[14  1],19,678,691,659,678
1,<environment.Job instance at 0x14c4fe6020a0>,0,15,[ 2 12],1,726,741,725,726
1,<environment.Job instance at 0x14c500665c30>,19,16,[ 1 11],20,1097,1113,1077,1097
1,<environment.Job instance at 0x14c4fb1a6500>,42,15,[ 1 13],43,1471,1486,1428,1471
1,<environment.Job instance at 0x14c4fb90fe10>,4,2,[ 1 11],5,5,7,0,5
1,<environment.Job instance at 0x14c5003b5190>,1,2,[11  1],2,5,7,3,5
1,<environment.Job instance at 0x14c4fb90faa0>,5,28,[11  2],6,7,35,1,6
1,<environment.Job instance at 0x14c4fb4710a0>,6,24,[ 2 13],7,7,31,0,7
1,<environment.Job instance at 0x14c4fb4710f0>,11,19,[2 7],12,31,50,19,29
1,<environment.Job instance at 0x14c4fb4719b0>,9,23,[2 9],10,50,73,40,44
1,<environment.Job instance at 0x14c4fb90fcd0>,3,16,[11  2],4,44,60,40,44
1,<environment.Job instance at 0x14c4fb471e10>,17,21,[13  1],18,60,81,42,52
1,<environment.Job instance at 0x14c4f0105410>,22,28,[2 5],23,73,101,50,73
1,<environment.Job instance at 0x14c4fb4715f0>,13,17,[7 2],14,81,98,67,81
1,<environment.Job instance at 0x14c4f0105e10>,24,23,[ 1 13],25,101,124,76,98
1,<environment.Job instance at 0x14c4f0105230>,25,21,[11  2],26,99,120,73,99
1,<environment.Job instance at 0x14c4f01053c0>,26,25,[2 8],27,124,149,97,120
1,<environment.Job instance at 0x14c4f0105640>,28,28,[5 2],29,131,159,102,131
1,<environment.Job instance at 0x14c4f0105320>,29,27,[11  1],30,159,186,129,157
1,<environment.Job instance at 0x14c4f0105280>,23,27,[ 1 12],24,157,184,133,157
1,<environment.Job instance at 0x14c4f0105fa0>,32,14,[11  1],33,189,203,156,189
1,<environment.Job instance at 0x14c4f0105820>,33,1,[12  1],34,203,204,169,190
1,<environment.Job instance at 0x14c4d3fc9280>,34,12,[1 6],35,190,202,155,190
1,<environment.Job instance at 0x14c4d3fc9640>,37,27,[ 2 10],38,202,229,164,200
1,<environment.Job instance at 0x14c4d3fc9730>,38,28,[ 2 14],39,229,257,190,228
1,<environment.Job instance at 0x14c4d3fc9d70>,39,3,[ 2 10],40,257,260,217,241
1,<environment.Job instance at 0x14c4d3fc90f0>,40,27,[11  1],41,241,268,200,241
1,<environment.Job instance at 0x14c4d3fc9780>,42,3,[8 2],43,268,271,225,251
1,<environment.Job instance at 0x14c4d3fc9c80>,43,28,[2 8],44,260,288,216,259
1,<environment.Job instance at 0x14c4d3fc99b0>,44,28,[7 1],45,271,299,226,270
1,<environment.Job instance at 0x14c4fb4711e0>,19,3,[ 2 13],20,288,291,268,274
1,<environment.Job instance at 0x14c4fb481410>,46,18,[12  2],47,299,317,252,289
1,<environment.Job instance at 0x14c4fb481dc0>,49,24,[ 1 14],50,317,341,267,312
1,<environment.Job instance at 0x14c4d3fc9cd0>,45,3,[14  2],46,341,344,295,330
1,<environment.Job instance at 0x14c4fb481820>,54,28,[1 9],55,341,369,286,340
1,<environment.Job instance at 0x14c4fb4810a0>,55,3,[1 9],56,369,372,313,348
1,<environment.Job instance at 0x14c4fb481fa0>,57,18,[11  1],58,355,373,297,355
1,<environment.Job instance at 0x14c4fb471460>,7,17,[ 2 12],8,379,396,371,379
1,<environment.Job instance at 0x14c4d3fc9f00>,35,14,[ 1 13],36,570,584,534,570
1,<environment.Job instance at 0x14c4fb471640>,18,18,[ 2 12],19,724,742,705,724
1,<environment.Job instance at 0x14c4f813fa00>,0,20,[ 2 13],1,1,21,0,1
1,<environment.Job instance at 0x14c4f813f460>,1,21,[10  2],2,2,23,0,2
1,<environment.Job instance at 0x14c4f98c3af0>,2,1,[8 1],3,23,24,20,3
1,<environment.Job instance at 0x14c4f98c3f00>,6,27,[ 2 12],7,21,48,14,19
1,<environment.Job instance at 0x14c4f98c3460>,10,23,[8 1],11,24,47,13,21
1,<environment.Job instance at 0x14c4fb3ad370>,4,24,[6 2],5,47,71,42,43
1,<environment.Job instance at 0x14c4fad5a5a0>,14,26,[9 2],15,48,74,33,47
1,<environment.Job instance at 0x14c4fad5a870>,13,20,[ 1 12],14,71,91,57,62
1,<environment.Job instance at 0x14c4fad5a690>,18,3,[1 5],19,91,94,72,66
1,<environment.Job instance at 0x14c4f02630f0>,19,28,[ 1 11],20,94,122,74,93
1,<environment.Job instance at 0x14c4f98c3aa0>,7,20,[11  1],8,95,115,87,95
1,<environment.Job instance at 0x14c4fb39bbe0>,23,26,[2 6],24,122,148,98,119
1,<environment.Job instance at 0x14c4fb39baa0>,24,22,[14  2],25,148,170,123,141
1,<environment.Job instance at 0x14c4fad5ac30>,17,17,[ 1 13],18,156,173,138,156
1,<environment.Job instance at 0x14c4fad6b280>,27,23,[14  2],28,170,193,142,164
1,<environment.Job instance at 0x14c4f02631e0>,20,12,[ 1 11],21,179,191,158,179
1,<environment.Job instance at 0x14c4fb2d75a0>,31,22,[7 1],32,193,215,161,186
1,<environment.Job instance at 0x14c4f98c3280>,8,22,[ 2 11],9,193,215,184,191
1,<environment.Job instance at 0x14c4fb935730>,29,3,[14  1],30,215,218,185,208
1,<environment.Job instance at 0x14c4fad6bd20>,25,1,[ 2 11],26,218,219,192,208
1,<environment.Job instance at 0x14c4d3cc48c0>,36,21,[ 1 11],37,219,240,182,211
1,<environment.Job instance at 0x14c4d3cc45f0>,37,24,[5 2],38,218,242,180,213
1,<environment.Job instance at 0x14c4d3cc4c30>,38,2,[ 1 14],39,242,244,203,241
1,<environment.Job instance at 0x14c5003d40a0>,34,25,[14  1],35,242,267,207,242
1,<environment.Job instance at 0x14c501c7a3c0>,42,21,[1 6],43,244,265,201,244
1,<environment.Job instance at 0x14c4f97a1230>,44,24,[2 9],45,267,291,222,265
1,<environment.Job instance at 0x14c4f97a53c0>,33,1,[11  2],34,281,282,247,281
1,<environment.Job instance at 0x14c4f035dfa0>,52,26,[2 9],53,291,317,238,288
1,<environment.Job instance at 0x14c4f035da00>,53,13,[13  1],54,292,305,238,292
1,<environment.Job instance at 0x14c5003e05a0>,54,3,[14  2],55,317,320,262,296
1,<environment.Job instance at 0x14c5003e0a50>,55,20,[14  1],56,320,340,264,311
1,<environment.Job instance at 0x14c5003e04b0>,56,3,[13  2],57,344,347,287,344
1,<environment.Job instance at 0x14c4f03055a0>,58,23,[14  2],59,347,370,288,345
1,<environment.Job instance at 0x14c4f035d9b0>,48,14,[13  1],49,370,384,321,368
1,<environment.Job instance at 0x14c4f8207b90>,43,15,[ 2 14],44,370,385,326,368
1,<environment.Job instance at 0x14c4f035d870>,51,3,[ 2 11],52,386,389,334,386
1,<environment.Job instance at 0x14c4f98c3050>,9,14,[ 1 12],10,597,611,587,597
1,<environment.Job instance at 0x14c4fb3bf5f0>,0,24,[ 1 10],1,1,25,0,1
1,<environment.Job instance at 0x14c4d3edb910>,8,24,[8 1],9,11,35,2,11
1,<environment.Job instance at 0x14c4f98c3050>,2,24,[ 1 11],3,25,49,22,20
1,<environment.Job instance at 0x14c4d3edb0a0>,10,25,[12  2],11,35,60,24,31
1,<environment.Job instance at 0x14c4d3edbfa0>,11,28,[ 1 12],12,49,77,37,48
1,<environment.Job instance at 0x14c4d3edb320>,15,20,[11  2],16,77,97,61,77
1,<environment.Job instance at 0x14c4d3edb6e0>,14,20,[10  2],15,97,117,82,88
1,<environment.Job instance at 0x14c4fba88050>,21,23,[2 7],22,93,116,71,93
1,<environment.Job instance at 0x14c4d3edbeb0>,19,21,[14  2],20,117,138,97,109
1,<environment.Job instance at 0x14c4fba880a0>,23,27,[2 8],24,138,165,114,136
1,<environment.Job instance at 0x14c4fba88780>,20,20,[ 1 13],21,170,190,149,170
1,<environment.Job instance at 0x14c4fba88640>,25,2,[ 2 13],26,190,192,164,174
1,<environment.Job instance at 0x14c4fba88f50>,27,16,[12  1],28,182,198,154,182
1,<environment.Job instance at 0x14c4fb3bfb90>,4,18,[ 2 14],5,193,211,188,193
1,<environment.Job instance at 0x14c4fba881e0>,31,27,[13  1],32,198,225,166,196
1,<environment.Job instance at 0x14c4fba88d20>,22,16,[ 2 12],23,211,227,188,198
1,<environment.Job instance at 0x14c4fba88aa0>,26,1,[ 2 13],27,227,228,200,200
1,<environment.Job instance at 0x14c4fba88e10>,33,19,[1 5],34,228,247,194,219
1,<environment.Job instance at 0x14c4fba887d0>,38,25,[12  1],39,225,250,186,221
1,<environment.Job instance at 0x14c4fba88dc0>,32,19,[ 2 12],33,247,266,214,237
1,<environment.Job instance at 0x14c4fba88280>,37,24,[6 1],38,250,274,212,247
1,<environment.Job instance at 0x14c4d3b21aa0>,42,28,[ 1 12],43,266,294,223,265
1,<environment.Job instance at 0x14c4d3b21460>,44,25,[11  2],45,274,299,229,270
1,<environment.Job instance at 0x14c4d3b21140>,45,23,[ 1 14],46,299,322,253,293
1,<environment.Job instance at 0x14c4d3b21f00>,50,24,[ 2 12],51,322,346,271,317
1,<environment.Job instance at 0x14c4d3edb5a0>,6,2,[11  2],7,342,344,335,342
1,<environment.Job instance at 0x14c4d3a628c0>,52,21,[10  1],53,344,365,291,342
1,<environment.Job instance at 0x14c4d3a62500>,53,24,[11  1],54,365,389,311,360
1,<environment.Job instance at 0x14c4d3a62f00>,55,24,[2 7],56,363,387,307,363
1,<environment.Job instance at 0x14c4d3a625f0>,58,20,[9 1],59,389,409,330,381
1,<environment.Job instance at 0x14c4fba88910>,30,1,[14  2],31,409,410,378,403
1,<environment.Job instance at 0x14c4d3b21410>,51,15,[11  2],52,424,439,372,424
1,<environment.Job instance at 0x14c4d3b212d0>,47,12,[ 1 12],48,484,496,436,484
1,<environment.Job instance at 0x14c4d3b217d0>,41,15,[ 1 14],42,814,829,772,814
1,<environment.Job instance at 0x14c4f82078c0>,1,24,[12  1],2,2,26,0,2
1,<environment.Job instance at 0x14c4d3b217d0>,3,28,[ 2 12],4,4,32,0,4
1,<environment.Job instance at 0x14c4f8207370>,0,16,[ 1 14],1,32,48,31,19
1,<environment.Job instance at 0x14c4fb3fc690>,11,28,[12  1],12,26,54,14,25
1,<environment.Job instance at 0x14c4f8207aa0>,5,20,[ 1 12],6,48,68,42,42
1,<environment.Job instance at 0x14c4f014f280>,16,20,[8 2],17,54,74,37,46
1,<environment.Job instance at 0x14c4f0133960>,17,27,[14  2],18,74,101,56,72
1,<environment.Job instance at 0x14c4fb386780>,12,2,[ 1 11],13,99,101,86,99
1,<environment.Job instance at 0x14c4fad47fa0>,20,18,[8 1],21,102,120,81,102
1,<environment.Job instance at 0x14c4fb3fcbe0>,9,17,[ 2 14],10,110,127,100,110
1,<environment.Job instance at 0x14c4d3fe7960>,23,25,[10  1],24,120,145,96,116
1,<environment.Job instance at 0x14c4d3fe7b90>,24,24,[ 1 14],25,127,151,102,122
1,<environment.Job instance at 0x14c4d3fe7640>,26,1,[14  1],27,145,146,118,131
1,<environment.Job instance at 0x14c4d3fe73c0>,27,28,[6 1],28,146,174,118,145
1,<environment.Job instance at 0x14c4d3fe74b0>,28,20,[ 1 11],29,151,171,122,145
1,<environment.Job instance at 0x14c4d3fe7dc0>,29,27,[2 6],30,171,198,141,169
1,<environment.Job instance at 0x14c4fb8deaa0>,30,26,[8 1],31,174,200,143,171
1,<environment.Job instance at 0x14c4fb8deb40>,31,12,[ 1 14],32,198,210,166,182
1,<environment.Job instance at 0x14c4fb8deeb0>,33,2,[2 9],34,210,212,176,192
1,<environment.Job instance at 0x14c4fb8de140>,34,21,[ 2 14],35,212,233,177,204
1,<environment.Job instance at 0x14c4fb8e1f50>,35,22,[14  1],36,233,255,197,226
1,<environment.Job instance at 0x14c4fb8e1fa0>,37,26,[6 2],38,255,281,217,252
1,<environment.Job instance at 0x14c4d3fe7500>,22,18,[ 1 11],23,253,271,230,253
1,<environment.Job instance at 0x14c501bf01e0>,43,3,[12  2],44,281,284,237,259
1,<environment.Job instance at 0x14c501bf0f50>,42,22,[14  2],43,284,306,241,282
1,<environment.Job instance at 0x14c501bf0140>,44,27,[ 2 14],45,306,333,261,304
1,<environment.Job instance at 0x14c501bf0eb0>,47,24,[12  2],48,333,357,285,328
1,<environment.Job instance at 0x14c4f80bf0a0>,48,24,[7 2],49,357,381,308,353
1,<environment.Job instance at 0x14c4f80bf3c0>,50,27,[10  2],51,381,408,330,379
1,<environment.Job instance at 0x14c4f80bfc30>,51,2,[ 1 13],52,381,383,329,381
1,<environment.Job instance at 0x14c4f80bf2d0>,49,2,[ 2 11],50,402,404,352,402
1,<environment.Job instance at 0x14c4f80bf960>,52,23,[11  2],53,408,431,355,402
1,<environment.Job instance at 0x14c4f80bfaf0>,54,22,[10  1],55,431,453,376,424
1,<environment.Job instance at 0x14c4f80bf820>,55,24,[ 2 14],56,431,455,375,426
1,<environment.Job instance at 0x14c4f80bf0f0>,57,2,[2 6],58,455,457,397,436
1,<environment.Job instance at 0x14c4f80bfa00>,53,3,[ 1 12],54,457,460,403,445
1,<environment.Job instance at 0x14c4f82074b0>,6,12,[ 1 11],7,485,497,478,485
1,<environment.Job instance at 0x14c4d3fe79b0>,19,2,[ 1 13],20,533,535,513,533
1,<environment.Job instance at 0x14c4f0133b40>,18,15,[ 1 12],19,936,951,917,936
1,<environment.Job instance at 0x14c4fb2cdf00>,0,21,[ 1 14],1,1,22,0,1
1,<environment.Job instance at 0x14c4fb2cd5a0>,5,27,[7 1],6,6,33,0,6
1,<environment.Job instance at 0x14c4fb2eb0f0>,9,23,[8 2],10,22,45,12,19
1,<environment.Job instance at 0x14c4fb2eb5a0>,12,23,[2 6],13,33,56,20,31
1,<environment.Job instance at 0x14c4fb2cd0f0>,2,26,[8 2],3,45,71,42,44
1,<environment.Job instance at 0x14c4fb2eb730>,15,26,[6 2],16,58,84,42,58
1,<environment.Job instance at 0x14c4fb2eb9b0>,14,28,[11  1],15,84,112,69,83
1,<environment.Job instance at 0x14c4fb2ebe10>,16,22,[11  2],17,112,134,95,111
1,<environment.Job instance at 0x14c4fb319870>,17,28,[13  1],18,134,162,116,133
1,<environment.Job instance at 0x14c4f80be1e0>,6,21,[ 2 12],7,140,161,133,140
1,<environment.Job instance at 0x14c4fb3bb5a0>,21,28,[ 2 13],22,161,189,139,160
1,<environment.Job instance at 0x14c4fb3bbb40>,22,26,[ 1 14],23,189,215,166,186
1,<environment.Job instance at 0x14c4fb3bb5f0>,23,15,[11  1],24,209,224,185,209
1,<environment.Job instance at 0x14c4fb2ebb40>,10,23,[13  2],11,224,247,213,218
1,<environment.Job instance at 0x14c4f8078d70>,28,25,[11  1],29,247,272,218,244
1,<environment.Job instance at 0x14c4fb3449b0>,27,1,[ 2 13],28,248,249,220,248
1,<environment.Job instance at 0x14c4f80782d0>,30,28,[14  2],31,272,300,241,271
1,<environment.Job instance at 0x14c4fb318230>,31,3,[6 1],32,300,303,268,286
1,<environment.Job instance at 0x14c4f80c7be0>,32,27,[ 1 13],33,286,313,253,286
1,<environment.Job instance at 0x14c4fb318a50>,33,23,[11  1],34,303,326,269,297
1,<environment.Job instance at 0x14c4ffd38190>,34,27,[13  1],35,326,353,291,324
1,<environment.Job instance at 0x14c4fb335e60>,29,3,[12  1],30,353,356,323,328
1,<environment.Job instance at 0x14c4fba68780>,39,25,[ 1 12],40,340,365,300,340
1,<environment.Job instance at 0x14c4f80b0960>,41,28,[ 2 13],42,365,393,323,364
1,<environment.Job instance at 0x14c4fba68280>,42,23,[5 1],43,368,391,325,368
1,<environment.Job instance at 0x14c50069e2d0>,44,26,[ 2 14],45,393,419,348,391
1,<environment.Job instance at 0x14c4fb2eb4b0>,13,2,[12  2],14,419,421,405,414
1,<environment.Job instance at 0x14c4fb2e3fa0>,19,14,[11  1],20,434,448,414,434
1,<environment.Job instance at 0x14c4f013dc80>,49,25,[14  1],50,448,473,398,445
1,<environment.Job instance at 0x14c4f013d410>,50,23,[14  1],51,473,496,422,467
1,<environment.Job instance at 0x14c4d3cb7230>,47,2,[11  2],48,496,498,448,491
1,<environment.Job instance at 0x14c4fe623a50>,56,19,[2 8],57,496,515,439,492
1,<environment.Job instance at 0x14c4fe6237d0>,57,27,[8 2],58,498,525,440,497
1,<environment.Job instance at 0x14c4d3cb7780>,46,18,[12  1],47,527,545,480,527
1,<environment.Job instance at 0x14c4fe623820>,54,14,[14  1],55,545,559,490,537
1,<environment.Job instance at 0x14c4f80daeb0>,36,3,[ 1 13],37,584,587,547,584
1,<environment.Job instance at 0x14c4fb319eb0>,18,16,[ 1 12],19,594,610,575,594
1,<environment.Job instance at 0x14c500685af0>,1,2,[ 2 13],2,2,4,0,2
1,<environment.Job instance at 0x14c4f830a230>,2,15,[14  1],3,5,20,2,5
1,<environment.Job instance at 0x14c4f0081690>,10,24,[8 2],11,20,44,9,15
1,<environment.Job instance at 0x14c4f009baf0>,5,21,[2 7],6,20,41,14,15
1,<environment.Job instance at 0x14c4f0081e10>,12,26,[7 2],13,41,67,28,38
1,<environment.Job instance at 0x14c4f009b140>,6,17,[ 2 11],7,49,66,42,49
1,<environment.Job instance at 0x14c4f0081870>,18,27,[12  1],19,67,94,48,65
1,<environment.Job instance at 0x14c4f00819b0>,11,19,[14  1],12,94,113,82,87
1,<environment.Job instance at 0x14c4f0083a00>,20,26,[ 2 14],21,113,139,92,110
1,<environment.Job instance at 0x14c4f00831e0>,22,24,[14  1],23,139,163,116,134
1,<environment.Job instance at 0x14c4f0081190>,8,18,[12  2],9,163,181,154,154
1,<environment.Job instance at 0x14c4f0081050>,13,2,[ 1 12],14,155,157,141,155
1,<environment.Job instance at 0x14c4f007f5a0>,27,18,[13  2],28,181,199,153,175
1,<environment.Job instance at 0x14c4f007faa0>,29,25,[12  2],30,199,224,169,195
1,<environment.Job instance at 0x14c4f007f500>,24,1,[ 1 11],25,200,201,175,200
1,<environment.Job instance at 0x14c4f007fbe0>,31,18,[10  2],32,224,242,192,213
1,<environment.Job instance at 0x14c4f007ff50>,34,1,[13  1],35,242,243,207,214
1,<environment.Job instance at 0x14c4f007fd70>,35,24,[14  1],36,243,267,207,238
1,<environment.Job instance at 0x14c4f0086af0>,37,24,[13  2],38,267,291,229,262
1,<environment.Job instance at 0x14c4f007f6e0>,36,19,[ 2 11],37,267,286,230,263
1,<environment.Job instance at 0x14c4f0083b90>,19,2,[ 1 14],20,291,293,271,284
1,<environment.Job instance at 0x14c4f0086c80>,43,27,[ 2 11],44,293,320,249,291
1,<environment.Job instance at 0x14c4f0077a00>,44,28,[12  1],45,291,319,246,291
1,<environment.Job instance at 0x14c4f0077190>,47,20,[13  2],48,319,339,271,312
1,<environment.Job instance at 0x14c4f0077230>,46,2,[ 1 11],47,320,322,273,314
1,<environment.Job instance at 0x14c4f00776e0>,48,26,[9 2],49,339,365,290,336
1,<environment.Job instance at 0x14c4f0077870>,52,1,[ 2 13],53,342,343,289,342
1,<environment.Job instance at 0x14c4f00770a0>,54,23,[ 1 10],55,343,366,288,342
1,<environment.Job instance at 0x14c4f007f820>,26,16,[11  1],27,371,387,344,371
1,<environment.Job instance at 0x14c4f0077f00>,53,1,[14  1],54,387,388,333,377
1,<environment.Job instance at 0x14c4f00865f0>,41,14,[ 2 12],42,581,595,539,581
1,<environment.Job instance at 0x14c4f008a7d0>,9,3,[ 1 13],10,595,598,585,582
1,<environment.Job instance at 0x14c4f98b8820>,0,22,[ 1 10],1,5,27,4,5
1,<environment.Job instance at 0x14c4f98b88c0>,2,3,[1 5],3,5,8,2,5
1,<environment.Job instance at 0x14c4d393d1e0>,8,20,[ 2 14],9,27,47,18,18
1,<environment.Job instance at 0x14c4f02de870>,11,3,[5 1],12,18,21,6,18
1,<environment.Job instance at 0x14c4f02de4b0>,12,27,[ 1 11],13,47,74,34,45
1,<environment.Job instance at 0x14c4d393df00>,10,1,[13  2],11,56,57,45,56
1,<environment.Job instance at 0x14c4f02de280>,14,28,[2 7],15,74,102,59,73
1,<environment.Job instance at 0x14c4f02dea50>,13,2,[ 1 13],14,102,104,88,93
1,<environment.Job instance at 0x14c4fb48a820>,18,28,[14  1],19,102,130,83,102
1,<environment.Job instance at 0x14c4f02de640>,16,25,[2 5],17,130,155,113,129
1,<environment.Job instance at 0x14c4d39d6820>,21,17,[1 5],22,130,147,108,130
1,<environment.Job instance at 0x14c4d393d0f0>,5,3,[ 1 11],6,155,158,149,138
1,<environment.Job instance at 0x14c4d39d68c0>,23,2,[13  1],24,147,149,123,141
1,<environment.Job instance at 0x14c4fbcc4690>,25,1,[10  1],26,141,142,115,141
1,<environment.Job instance at 0x14c4fbcc49b0>,26,1,[1 9],27,149,150,122,144
1,<environment.Job instance at 0x14c4fbcc4eb0>,27,3,[13  1],28,152,155,124,152
1,<environment.Job instance at 0x14c4fbcc4550>,28,23,[5 2],29,155,178,126,154
1,<environment.Job instance at 0x14c4fbcc4af0>,29,23,[11  2],30,178,201,148,172
1,<environment.Job instance at 0x14c502631be0>,30,21,[8 2],31,201,222,170,194
1,<environment.Job instance at 0x14c502631b40>,31,21,[ 1 13],32,194,215,162,194
1,<environment.Job instance at 0x14c502631b90>,32,22,[11  2],33,222,244,189,215
1,<environment.Job instance at 0x14c4f0081cd0>,6,2,[ 1 14],7,244,246,237,239
1,<environment.Job instance at 0x14c5026319b0>,35,20,[1 9],36,246,266,210,239
1,<environment.Job instance at 0x14c4fb9275a0>,36,28,[10  2],37,246,274,209,245
1,<environment.Job instance at 0x14c502631780>,33,3,[ 1 12],34,266,269,232,262
1,<environment.Job instance at 0x14c4fb927500>,39,17,[12  1],40,274,291,234,265
1,<environment.Job instance at 0x14c4fb927b90>,40,19,[11  2],41,291,310,250,283
1,<environment.Job instance at 0x14c502673be0>,41,28,[10  2],42,310,338,268,309
1,<environment.Job instance at 0x14c4d393db90>,9,3,[ 2 13],10,329,332,319,329
1,<environment.Job instance at 0x14c4fb927be0>,43,1,[ 1 11],44,332,333,288,330
1,<environment.Job instance at 0x14c4d3e34230>,45,26,[10  2],46,338,364,292,335
1,<environment.Job instance at 0x14c4fb9278c0>,46,21,[1 6],47,339,360,292,339
1,<environment.Job instance at 0x14c4d3e34190>,47,25,[ 1 11],48,360,385,312,356
1,<environment.Job instance at 0x14c4d3e344b0>,48,25,[ 1 10],49,385,410,336,381
1,<environment.Job instance at 0x14c4fbcc4960>,24,1,[ 2 13],25,410,411,385,385
1,<environment.Job instance at 0x14c4d3e34820>,51,25,[1 9],52,411,436,359,407
1,<environment.Job instance at 0x14c4d3e34c80>,52,16,[13  1],53,446,462,393,446
1,<environment.Job instance at 0x14c4d3e348c0>,54,26,[2 7],55,446,472,391,446
1,<environment.Job instance at 0x14c4d3e347d0>,55,1,[ 1 14],56,472,473,416,472
1,<environment.Job instance at 0x14c4d3e34410>,56,2,[11  1],57,477,479,420,477
1,<environment.Job instance at 0x14c4d3e349b0>,57,24,[14  1],58,479,503,421,477
1,<environment.Job instance at 0x14c4f808e190>,58,14,[11  2],59,509,523,450,509
1,<environment.Job instance at 0x14c4fb9270f0>,38,12,[11  1],39,529,541,490,529
1,<environment.Job instance at 0x14c4fb927f00>,44,13,[ 1 11],45,630,643,585,630
1,<environment.Job instance at 0x14c4d3e340f0>,50,3,[ 1 12],51,833,836,782,833
1,<environment.Job instance at 0x14c4d39d6c30>,22,13,[ 1 12],23,1074,1087,1051,1074
1,<environment.Job instance at 0x14c4f02cd370>,2,18,[1 8],3,3,21,0,3
1,<environment.Job instance at 0x14c4f02d3820>,4,27,[11  1],5,5,32,0,5
1,<environment.Job instance at 0x14c4fba7e0f0>,5,25,[2 6],6,6,31,0,6
1,<environment.Job instance at 0x14c4f02d3550>,3,3,[ 2 13],4,31,34,27,18
1,<environment.Job instance at 0x14c4fba7e4b0>,8,24,[5 2],9,32,56,23,27
1,<environment.Job instance at 0x14c4fba7edc0>,6,19,[ 2 11],7,34,53,27,30
1,<environment.Job instance at 0x14c4fba7e230>,12,20,[12  2],13,56,76,43,48
1,<environment.Job instance at 0x14c4fba7e870>,13,2,[12  1],14,76,78,62,55
1,<environment.Job instance at 0x14c502087eb0>,0,14,[ 1 13],1,67,81,66,67
1,<environment.Job instance at 0x14c5006a3230>,16,25,[13  1],17,78,103,61,74
1,<environment.Job instance at 0x14c4f9882c80>,17,22,[14  2],18,103,125,85,96
1,<environment.Job instance at 0x14c4f9882910>,20,21,[ 1 10],21,118,139,97,118
1,<environment.Job instance at 0x14c5006a3280>,14,2,[11  1],15,137,139,122,137
1,<environment.Job instance at 0x14c4f98825f0>,23,26,[12  1],24,139,165,115,137
1,<environment.Job instance at 0x14c4fb212eb0>,1,12,[ 1 13],2,152,164,150,152
1,<environment.Job instance at 0x14c502608550>,26,22,[ 2 10],27,164,186,137,158
1,<environment.Job instance at 0x14c502608c30>,27,26,[ 2 14],28,186,212,158,183
1,<environment.Job instance at 0x14c502608960>,31,22,[ 2 10],32,212,234,180,205
1,<environment.Job instance at 0x14c4f98820a0>,22,3,[ 2 13],23,234,237,211,211
1,<environment.Job instance at 0x14c500690050>,34,26,[ 1 11],35,237,263,202,234
1,<environment.Job instance at 0x14c500690a50>,33,1,[ 2 12],34,263,264,229,263
1,<environment.Job instance at 0x14c500690910>,37,22,[7 1],38,263,285,225,263
1,<environment.Job instance at 0x14c500690640>,38,25,[ 1 12],39,264,289,225,263
1,<environment.Job instance at 0x14c500690dc0>,39,25,[12  1],40,285,310,245,281
1,<environment.Job instance at 0x14c500690d20>,40,23,[13  2],41,310,333,269,304
1,<environment.Job instance at 0x14c502608730>,30,1,[12  2],31,333,334,302,309
1,<environment.Job instance at 0x14c500690fa0>,43,28,[5 2],44,334,362,290,333
1,<environment.Job instance at 0x14c5006905a0>,44,28,[ 1 13],45,333,361,288,333
1,<environment.Job instance at 0x14c5006901e0>,46,26,[ 2 13],47,361,387,314,358
1,<environment.Job instance at 0x14c500690b40>,47,25,[11  1],48,362,387,314,358
1,<environment.Job instance at 0x14c4fb3e5a00>,50,27,[6 1],51,387,414,336,385
1,<environment.Job instance at 0x14c4fb3e5190>,51,27,[1 7],52,387,414,335,385
1,<environment.Job instance at 0x14c4fb3e5870>,52,22,[5 1],53,387,409,334,386
1,<environment.Job instance at 0x14c4fb3e5d70>,54,22,[10  2],55,414,436,359,407
1,<environment.Job instance at 0x14c5006906e0>,42,1,[13  2],43,525,526,482,525
1,<environment.Job instance at 0x14c4fb3e5b40>,56,21,[6 2],57,526,547,469,525
1,<environment.Job instance at 0x14c4fb3e5410>,57,24,[1 6],58,527,551,469,527
1,<environment.Job instance at 0x14c4fb3e5960>,55,12,[ 2 13],56,557,569,501,557
1,<environment.Job instance at 0x14c500690870>,36,15,[ 1 12],37,586,601,549,586
1,<environment.Job instance at 0x14c4fb3e5c80>,58,14,[12  2],59,1237,1251,1178,1237
1,<environment.Job instance at 0x14c4fba7e0a0>,7,12,[ 2 12],8,1270,1282,1262,1270
1,<environment.Job instance at 0x14c4ffd02640>,1,22,[7 2],2,3,25,1,3
1,<environment.Job instance at 0x14c4fbcd83c0>,0,20,[1 8],1,4,24,3,4
1,<environment.Job instance at 0x14c4f03105f0>,7,22,[5 1],8,10,32,2,10
1,<environment.Job instance at 0x14c4fba903c0>,10,22,[ 1 11],11,24,46,13,20
1,<environment.Job instance at 0x14c4fba7e780>,5,21,[13  2],6,32,53,26,24
1,<environment.Job instance at 0x14c4fba908c0>,15,23,[ 2 13],16,46,69,30,43
1,<environment.Job instance at 0x14c4d3e72230>,16,27,[ 1 14],17,69,96,52,67
1,<environment.Job instance at 0x14c4d3e72140>,19,19,[12  1],20,71,90,51,71
1,<environment.Job instance at 0x14c4d3e72820>,22,28,[ 1 12],23,96,124,73,95
1,<environment.Job instance at 0x14c4d3e72550>,20,27,[ 1 10],21,124,151,103,122
1,<environment.Job instance at 0x14c4d3e72b40>,28,26,[ 1 11],29,151,177,122,149
1,<environment.Job instance at 0x14c4d3e72f00>,31,28,[14  1],32,152,180,120,152
1,<environment.Job instance at 0x14c4d3e72e10>,32,24,[11  1],33,180,204,147,175
1,<environment.Job instance at 0x14c4d3e72f50>,34,25,[ 1 14],35,177,202,142,175
1,<environment.Job instance at 0x14c4f986d0f0>,36,24,[5 2],37,204,228,167,201
1,<environment.Job instance at 0x14c4f986d410>,38,21,[12  1],39,228,249,189,220
1,<environment.Job instance at 0x14c4f986d370>,41,20,[12  1],42,249,269,207,240
1,<environment.Job instance at 0x14c4f986d550>,43,20,[ 1 12],44,254,274,210,254
1,<environment.Job instance at 0x14c4f986d230>,39,2,[14  1],40,269,271,229,262
1,<environment.Job instance at 0x14c4f986d5f0>,46,26,[12  1],47,271,297,224,268
1,<environment.Job instance at 0x14c4f986da50>,47,25,[ 2 14],48,274,299,226,270
1,<environment.Job instance at 0x14c4f986d9b0>,50,22,[ 2 10],51,299,321,248,294
1,<environment.Job instance at 0x14c4f986dcd0>,51,27,[ 2 10],52,321,348,269,319
1,<environment.Job instance at 0x14c4fba90b90>,12,2,[ 1 14],13,348,350,335,346
1,<environment.Job instance at 0x14c4f986db90>,49,3,[ 2 14],50,350,353,300,347
1,<environment.Job instance at 0x14c4f986deb0>,53,15,[13  2],54,362,377,308,362
1,<environment.Job instance at 0x14c4f986df50>,55,2,[1 5],56,367,369,311,367
1,<environment.Job instance at 0x14c4f987c050>,56,28,[2 7],57,369,397,312,369
1,<environment.Job instance at 0x14c4f987c0f0>,57,27,[1 5],58,379,406,321,379
1,<environment.Job instance at 0x14c4f986de10>,52,1,[ 1 12],53,418,419,365,418
1,<environment.Job instance at 0x14c4f986dd70>,54,20,[ 1 11],55,427,447,372,427
1,<environment.Job instance at 0x14c4d3e72be0>,25,12,[ 2 12],26,939,951,913,939
1,<environment.Job instance at 0x14c4fba90dc0>,14,12,[ 2 14],15,2257,2269,2242,2257
1,<environment.Job instance at 0x14c4fb254050>,0,28,[11  1],1,1,29,0,1
1,<environment.Job instance at 0x14c4ffd0fb40>,9,26,[2 5],10,20,46,10,20
1,<environment.Job instance at 0x14c4ffd0ffa0>,10,23,[13  2],11,29,52,18,23
1,<environment.Job instance at 0x14c4ffd0fc30>,12,22,[ 2 11],13,46,68,33,39
1,<environment.Job instance at 0x14c4d3c36aa0>,2,21,[14  2],3,68,89,65,60
1,<environment.Job instance at 0x14c4ffd0fbe0>,15,25,[7 1],16,89,114,73,85
1,<environment.Job instance at 0x14c4ffd0fd70>,16,26,[ 2 10],17,89,115,72,86
1,<environment.Job instance at 0x14c4f0317640>,4,21,[14  1],5,115,136,110,114
1,<environment.Job instance at 0x14c4ffd0ff50>,18,23,[1 9],19,117,140,98,117
1,<environment.Job instance at 0x14c4ffd0f730>,13,21,[ 1 13],14,140,161,126,132
1,<environment.Job instance at 0x14c4ffd0ff00>,17,19,[ 2 13],18,161,180,143,156
1,<environment.Job instance at 0x14c4ffd2fe10>,23,25,[ 1 12],24,180,205,156,176
1,<environment.Job instance at 0x14c4ffd2fe60>,24,27,[5 2],25,176,203,151,176
1,<environment.Job instance at 0x14c4ffd0f870>,7,2,[13  1],8,203,205,195,184
1,<environment.Job instance at 0x14c4ffd2f4b0>,26,27,[ 2 12],27,205,232,178,203
1,<environment.Job instance at 0x14c4ffd2fc80>,27,27,[8 1],28,205,232,177,203
1,<environment.Job instance at 0x14c4ffd2f870>,28,20,[ 2 12],29,232,252,203,225
1,<environment.Job instance at 0x14c4d3d009b0>,29,20,[11  1],30,232,252,202,225
1,<environment.Job instance at 0x14c4ffd2f3c0>,31,22,[13  2],32,252,274,220,245
1,<environment.Job instance at 0x14c4ffd2f820>,32,1,[ 2 11],33,267,268,234,267
1,<environment.Job instance at 0x14c4ffd2fa50>,25,16,[12  1],26,274,290,248,267
1,<environment.Job instance at 0x14c4fb44d320>,34,26,[5 1],35,290,316,255,287
1,<environment.Job instance at 0x14c4ffd0f4b0>,20,1,[13  1],21,316,317,295,306
1,<environment.Job instance at 0x14c4f98030f0>,36,19,[ 2 13],37,306,325,269,306
1,<environment.Job instance at 0x14c4d390e190>,39,2,[11  2],40,330,332,290,330
1,<environment.Job instance at 0x14c4d390eb90>,41,27,[13  2],42,332,359,290,330
1,<environment.Job instance at 0x14c4f97c3050>,43,21,[ 2 13],44,348,369,304,348
1,<environment.Job instance at 0x14c4d3ccb820>,44,19,[13  1],45,367,386,322,367
1,<environment.Job instance at 0x14c4fba290f0>,46,25,[13  2],47,386,411,339,382
1,<environment.Job instance at 0x14c4fb44d9b0>,35,16,[11  2],36,411,427,375,409
1,<environment.Job instance at 0x14c4fba29f50>,48,24,[8 1],49,427,451,378,422
1,<environment.Job instance at 0x14c4fba29230>,47,1,[14  1],48,451,452,403,450
1,<environment.Job instance at 0x14c4d3f92dc0>,51,3,[ 2 11],52,452,455,400,452
1,<environment.Job instance at 0x14c4d3f92190>,50,3,[ 1 11],51,455,458,404,452
1,<environment.Job instance at 0x14c4f987feb0>,54,23,[ 2 11],55,458,481,403,453
1,<environment.Job instance at 0x14c4f987f640>,55,22,[9 1],56,453,475,397,453
1,<environment.Job instance at 0x14c4f987ff50>,56,19,[1 5],57,481,500,424,471
1,<environment.Job instance at 0x14c4f987f5f0>,58,1,[13  2],59,475,476,416,472
1,<environment.Job instance at 0x14c4ffd0f780>,8,16,[ 2 11],9,559,575,550,559
1,<environment.Job instance at 0x14c4d390e6e0>,40,17,[ 1 12],41,580,597,539,580
1,<environment.Job instance at 0x14c4ffd0f7d0>,21,12,[ 1 14],22,849,861,827,849
1,<environment.Job instance at 0x14c4f80d17d0>,0,21,[2 5],1,1,22,0,1
1,<environment.Job instance at 0x14c4f80d1960>,3,24,[ 1 14],4,22,46,18,19
1,<environment.Job instance at 0x14c500633370>,11,27,[11  2],12,46,73,34,44
1,<environment.Job instance at 0x14c500633500>,15,19,[13  1],16,73,92,57,68
1,<environment.Job instance at 0x14c500633190>,16,27,[14  2],17,92,119,75,91
1,<environment.Job instance at 0x14c4f80d1cd0>,1,19,[ 1 11],2,99,118,97,99
1,<environment.Job instance at 0x14c4f80d15a0>,4,18,[13  2],5,119,137,114,108
1,<environment.Job instance at 0x14c500633460>,19,28,[6 1],20,137,165,117,136
1,<environment.Job instance at 0x14c5006339b0>,14,25,[8 2],15,137,162,122,136
1,<environment.Job instance at 0x14c4f80d1050>,8,14,[11  1],9,165,179,156,158
1,<environment.Job instance at 0x14c500633870>,27,22,[2 5],28,162,184,134,159
1,<environment.Job instance at 0x14c5006335a0>,24,2,[ 1 13],25,184,186,159,167
1,<environment.Job instance at 0x14c4fba93af0>,28,19,[14  2],29,184,203,155,174
1,<environment.Job instance at 0x14c4fba93e10>,32,19,[7 1],33,203,222,170,193
1,<environment.Job instance at 0x14c500633730>,23,13,[12  2],24,229,242,205,229
1,<environment.Job instance at 0x14c4fba93aa0>,34,22,[1 7],35,233,255,198,233
1,<environment.Job instance at 0x14c4fba93c30>,36,28,[2 9],37,255,283,218,254
1,<environment.Job instance at 0x14c4fba93050>,38,25,[1 8],39,283,308,244,280
1,<environment.Job instance at 0x14c4fba93780>,39,27,[ 1 12],40,308,335,268,306
1,<environment.Job instance at 0x14c4fba93e60>,41,28,[12  2],42,311,339,269,311
1,<environment.Job instance at 0x14c4fba937d0>,43,28,[11  2],44,339,367,295,338
1,<environment.Job instance at 0x14c4fba93b90>,44,26,[2 9],45,338,364,293,338
1,<environment.Job instance at 0x14c4fba932d0>,46,1,[14  1],47,371,372,324,371
1,<environment.Job instance at 0x14c501bf02d0>,47,20,[2 7],48,372,392,324,372
1,<environment.Job instance at 0x14c501bf0870>,48,26,[6 1],49,374,400,325,374
1,<environment.Job instance at 0x14c4fba93eb0>,29,13,[ 1 13],30,392,405,362,376
1,<environment.Job instance at 0x14c500633b40>,25,16,[ 2 12],26,405,421,379,394
1,<environment.Job instance at 0x14c501bf0c30>,49,17,[ 1 11],50,421,438,371,418
1,<environment.Job instance at 0x14c501bf0280>,55,18,[14  2],56,421,439,365,418
1,<environment.Job instance at 0x14c501bf0eb0>,57,28,[6 2],58,439,467,381,438
1,<environment.Job instance at 0x14c501bf05f0>,58,2,[12  1],59,467,469,408,444
1,<environment.Job instance at 0x14c500633aa0>,26,3,[14  1],27,616,619,589,616
1,<environment.Job instance at 0x14c4fba931e0>,33,13,[ 1 12],34,907,920,873,907
1,<environment.Job instance at 0x14c4fb3735f0>,0,25,[ 1 11],1,1,26,0,1
1,<environment.Job instance at 0x14c4fba931e0>,2,2,[ 2 13],3,26,28,23,6
1,<environment.Job instance at 0x14c4d3dcfd70>,7,26,[10  2],8,11,37,3,11
1,<environment.Job instance at 0x14c4fb373d70>,3,2,[ 2 11],4,28,30,24,19
1,<environment.Job instance at 0x14c4d3dcff50>,6,22,[ 2 12],7,30,52,23,23
1,<environment.Job instance at 0x14c4d3dc2410>,11,19,[ 1 11],12,52,71,40,42
1,<environment.Job instance at 0x14c4d3dc2370>,13,2,[ 1 14],14,71,73,57,58
1,<environment.Job instance at 0x14c4d3dc25a0>,15,18,[2 7],16,73,91,57,62
1,<environment.Job instance at 0x14c4d3dc2500>,14,1,[1 7],15,73,74,58,62
1,<environment.Job instance at 0x14c4d3dc2640>,17,1,[1 9],18,91,92,73,63
1,<environment.Job instance at 0x14c4d3dc2820>,19,25,[ 2 14],20,92,117,72,88
1,<environment.Job instance at 0x14c4d3dc22d0>,16,3,[1 8],17,88,91,71,88
1,<environment.Job instance at 0x14c4d3dc2b40>,22,23,[12  2],23,117,140,94,111
1,<environment.Job instance at 0x14c4d3dc2b90>,23,2,[1 8],24,117,119,93,111
1,<environment.Job instance at 0x14c4d3dc2870>,24,3,[12  1],25,140,143,115,126
1,<environment.Job instance at 0x14c4d3dc2be0>,25,16,[ 2 14],26,140,156,114,130
1,<environment.Job instance at 0x14c4d3dc2280>,12,1,[11  2],13,156,157,143,134
1,<environment.Job instance at 0x14c4d3dc2690>,29,27,[ 2 11],30,156,183,126,154
1,<environment.Job instance at 0x14c4d3dc2c30>,28,21,[6 2],29,157,178,128,155
1,<environment.Job instance at 0x14c4d3dc2eb0>,30,20,[14  2],31,183,203,152,177
1,<environment.Job instance at 0x14c4d3dc2f50>,31,26,[14  1],32,203,229,171,200
1,<environment.Job instance at 0x14c4d3dd2320>,33,25,[13  1],34,229,254,195,225
1,<environment.Job instance at 0x14c4d3dd23c0>,34,22,[1 9],35,225,247,190,225
1,<environment.Job instance at 0x14c4d3dd2050>,37,27,[14  1],38,254,281,216,252
1,<environment.Job instance at 0x14c4d3dc2910>,26,13,[1 7],27,260,273,233,260
1,<environment.Job instance at 0x14c4d3dd2960>,42,27,[ 1 12],43,273,300,230,272
1,<environment.Job instance at 0x14c4d3dd25f0>,43,26,[ 1 12],44,300,326,256,297
1,<environment.Job instance at 0x14c4d3dd2a50>,44,16,[12  2],45,310,326,265,310
1,<environment.Job instance at 0x14c4d3dd2a00>,46,23,[6 1],47,326,349,279,322
1,<environment.Job instance at 0x14c4d3dd2280>,35,1,[ 2 11],36,326,327,290,324
1,<environment.Job instance at 0x14c4d3dd2cd0>,48,1,[9 2],49,331,332,282,331
1,<environment.Job instance at 0x14c4d3dd2e10>,50,2,[ 2 13],51,333,335,282,333
1,<environment.Job instance at 0x14c4d3dd2910>,49,2,[11  2],50,349,351,299,336
1,<environment.Job instance at 0x14c4d3dd2f50>,52,17,[2 7],53,336,353,283,336
1,<environment.Job instance at 0x14c4d3dd2aa0>,51,1,[ 2 11],52,353,354,301,340
1,<environment.Job instance at 0x14c4d3dd2dc0>,54,24,[ 1 10],55,354,378,299,349
1,<environment.Job instance at 0x14c4d3dc3230>,55,22,[ 1 14],56,378,400,322,371
1,<environment.Job instance at 0x14c4d3dc3050>,57,22,[ 2 14],58,400,422,342,393
1,<environment.Job instance at 0x14c4d3dd2c30>,56,3,[ 1 12],57,451,454,394,451
1,<environment.Job instance at 0x14c4d3dd26e0>,40,12,[11  1],41,467,479,426,467
1,<environment.Job instance at 0x14c4d3dcffa0>,8,14,[ 2 14],9,1807,1821,1798,1807
1,<environment.Job instance at 0x14c4fb373dc0>,4,13,[ 2 14],5,2646,2659,2641,2646
1,<environment.Job instance at 0x1478a8b1baa0>,2,18,[ 1 12],3,3,21,0,3
1,<environment.Job instance at 0x14789f7a8870>,4,24,[6 1],5,5,29,0,5
1,<environment.Job instance at 0x14789f7a8960>,5,25,[7 1],6,6,31,0,6
1,<environment.Job instance at 0x14789f7a8e60>,12,22,[2 6],13,21,43,8,14
1,<environment.Job instance at 0x14789f7a8c80>,14,3,[14  2],15,43,46,28,23
1,<environment.Job instance at 0x14789f7a8fa0>,15,24,[ 2 13],16,46,70,30,42
1,<environment.Job instance at 0x1478a8b6d9b0>,6,19,[ 1 13],7,70,89,63,60
1,<environment.Job instance at 0x14789f7aa280>,19,21,[14  2],20,70,91,50,67
1,<environment.Job instance at 0x14789f7aa460>,22,25,[ 2 12],23,91,116,68,87
1,<environment.Job instance at 0x14789f7aa7d0>,23,3,[7 2],24,91,94,67,90
1,<environment.Job instance at 0x14789f7aa3c0>,21,22,[14  2],22,116,138,94,109
1,<environment.Job instance at 0x14789f7aa190>,16,19,[ 1 12],17,119,138,102,119
1,<environment.Job instance at 0x14789f7aa780>,26,20,[2 8],27,138,158,111,132
1,<environment.Job instance at 0x14789f7aa9b0>,27,25,[14  2],28,158,183,130,154
1,<environment.Job instance at 0x14789f7aa960>,28,20,[1 9],29,158,178,129,156
1,<environment.Job instance at 0x14789f7aab40>,31,23,[5 1],32,183,206,151,177
1,<environment.Job instance at 0x14789f7aa500>,24,20,[ 2 13],25,183,203,158,177
1,<environment.Job instance at 0x14789f7aafa0>,36,27,[10  2],37,203,230,166,201
1,<environment.Job instance at 0x14789f7aa8c0>,37,22,[2 5],38,211,233,173,211
1,<environment.Job instance at 0x14789f7aadc0>,35,23,[11  2],36,230,253,194,224
1,<environment.Job instance at 0x14789f7ad0a0>,38,1,[ 1 13],39,233,234,194,226
1,<environment.Job instance at 0x14789f7ad190>,42,23,[ 1 14],43,253,276,210,247
1,<environment.Job instance at 0x14789f7ad280>,41,18,[ 2 13],42,276,294,234,272
1,<environment.Job instance at 0x14789f7ad640>,47,26,[12  2],48,284,310,236,284
1,<environment.Job instance at 0x14789f7a8d20>,10,3,[ 1 14],11,310,313,299,287
1,<environment.Job instance at 0x14789f7ad780>,49,25,[11  2],50,313,338,263,309
1,<environment.Job instance at 0x14789f7ad820>,50,23,[2 6],51,313,336,262,310
1,<environment.Job instance at 0x14789f7ad8c0>,51,2,[ 2 13],52,336,338,284,335
1,<environment.Job instance at 0x14789f7ada00>,53,27,[9 1],54,338,365,284,336
1,<environment.Job instance at 0x14789f7adb40>,55,20,[ 1 14],56,342,362,286,342
1,<environment.Job instance at 0x14789f7ad500>,43,3,[ 1 14],44,362,365,318,356
1,<environment.Job instance at 0x14789f7add20>,58,17,[2 7],59,365,382,306,358
1,<environment.Job instance at 0x14789f7aa050>,17,3,[ 1 13],18,382,385,364,362
1,<environment.Job instance at 0x14789f7addc0>,59,18,[ 2 12],60,385,403,325,382
1,<environment.Job instance at 0x14789f7b0050>,61,22,[14  1],62,403,425,341,396
1,<environment.Job instance at 0x14789f7aa640>,25,1,[11  1],26,433,434,407,433
1,<environment.Job instance at 0x14789f7adfa0>,60,3,[ 1 11],61,442,445,381,442
1,<environment.Job instance at 0x14789f7b0550>,65,21,[10  1],66,442,463,376,442
1,<environment.Job instance at 0x14789f7adbe0>,56,1,[12  2],57,463,464,406,451
1,<environment.Job instance at 0x14789f7b06e0>,67,19,[11  1],68,464,483,396,456
1,<environment.Job instance at 0x14789f7b0780>,68,28,[10  1],69,483,511,414,482
1,<environment.Job instance at 0x14789f7b0280>,66,14,[14  2],67,511,525,444,511
1,<environment.Job instance at 0x14789f7ad960>,52,12,[13  2],53,525,537,472,513
1,<environment.Job instance at 0x14789f7b01e0>,63,13,[ 2 13],64,525,538,461,520
1,<environment.Job instance at 0x14789f7b03c0>,64,2,[11  2],65,557,559,492,557
1,<environment.Job instance at 0x14786ebbe0f0>,0,20,[ 2 14],1,5,25,4,5
1,<environment.Job instance at 0x1478a1686d20>,7,19,[8 1],8,19,38,11,19
1,<environment.Job instance at 0x1478a16869b0>,9,19,[14  1],10,38,57,28,28
1,<environment.Job instance at 0x14786ebbcf50>,2,16,[ 2 12],3,57,73,54,48
1,<environment.Job instance at 0x1478a18203c0>,15,20,[2 9],16,73,93,57,64
1,<environment.Job instance at 0x1478a1e20b40>,3,3,[ 1 11],4,93,96,89,77
1,<environment.Job instance at 0x1478a1820a50>,16,21,[ 1 12],17,96,117,79,90
1,<environment.Job instance at 0x1478a1820fa0>,17,18,[ 1 12],18,117,135,99,108
1,<environment.Job instance at 0x1478a166eaa0>,20,27,[ 2 14],21,135,162,114,133
1,<environment.Job instance at 0x1478a166e140>,21,2,[12  2],22,162,164,140,136
1,<environment.Job instance at 0x1478a166ed20>,23,3,[ 1 14],24,167,170,143,167
1,<environment.Job instance at 0x1478a17372d0>,24,3,[6 2],25,170,173,145,168
1,<environment.Job instance at 0x1478a1737e10>,25,25,[7 2],26,170,195,144,168
1,<environment.Job instance at 0x14789f7b0cd0>,1,12,[ 2 11],2,200,212,198,200
1,<environment.Job instance at 0x1478a1638c80>,27,2,[ 1 12],28,212,214,184,200
1,<environment.Job instance at 0x1478a162c690>,28,25,[13  2],29,200,225,171,200
1,<environment.Job instance at 0x1478a162c2d0>,30,20,[10  2],31,225,245,194,216
1,<environment.Job instance at 0x1478a1634870>,32,22,[ 2 14],33,245,267,212,238
1,<environment.Job instance at 0x1478a1634460>,33,3,[13  1],34,245,248,211,243
1,<environment.Job instance at 0x1478a1634fa0>,34,12,[10  1],35,257,269,222,257
1,<environment.Job instance at 0x1478a1634550>,35,22,[ 2 12],36,267,289,231,261
1,<environment.Job instance at 0x1478a166e7d0>,26,16,[ 2 11],27,289,305,262,287
1,<environment.Job instance at 0x1478a1634410>,39,24,[10  2],40,289,313,249,289
1,<environment.Job instance at 0x1478a168ceb0>,41,1,[14  2],42,313,314,271,300
1,<environment.Job instance at 0x1478a168c190>,42,3,[2 8],43,305,308,262,305
1,<environment.Job instance at 0x1478a168c820>,43,28,[2 5],44,314,342,270,314
1,<environment.Job instance at 0x1478a160f8c0>,44,3,[ 2 13],45,342,345,297,318
1,<environment.Job instance at 0x1478a160fa50>,45,25,[2 7],46,345,370,299,341
1,<environment.Job instance at 0x1478a1634500>,37,16,[13  1],38,376,392,338,376
1,<environment.Job instance at 0x1478a160f690>,47,20,[1 9],48,383,403,335,383
1,<environment.Job instance at 0x1478a160fbe0>,48,28,[7 2],49,392,420,343,391
1,<environment.Job instance at 0x1478a160f4b0>,46,3,[ 1 13],47,407,410,360,407
1,<environment.Job instance at 0x1478a1715f50>,50,21,[1 5],51,411,432,360,411
1,<environment.Job instance at 0x1478a166e730>,19,12,[11  1],20,427,439,407,427
1,<environment.Job instance at 0x1478a17159b0>,52,20,[13  2],53,439,459,386,430
1,<environment.Job instance at 0x1478a160f0a0>,49,17,[ 2 14],50,459,476,409,454
1,<environment.Job instance at 0x1478a1715c80>,55,17,[5 1],56,462,479,406,462
1,<environment.Job instance at 0x1478a17150a0>,51,15,[ 1 11],52,476,491,424,469
1,<environment.Job instance at 0x1478a1674d70>,58,26,[12  2],59,479,505,420,476
1,<environment.Job instance at 0x1478a1674190>,59,25,[ 2 12],60,491,516,431,487
1,<environment.Job instance at 0x1478a1674280>,60,27,[12  2],61,505,532,444,503
1,<environment.Job instance at 0x1478a16740a0>,61,18,[ 2 11],62,516,534,454,507
1,<environment.Job instance at 0x1478a1674b90>,62,19,[11  2],63,532,551,469,525
1,<environment.Job instance at 0x1478a1674730>,63,23,[ 1 12],64,534,557,470,528
1,<environment.Job instance at 0x1478a16d6e60>,64,14,[12  1],65,559,573,494,559
1,<environment.Job instance at 0x1478a16d6eb0>,65,17,[ 1 11],66,568,585,502,568
1,<environment.Job instance at 0x1478a1817460>,66,23,[ 1 14],67,585,608,518,579
1,<environment.Job instance at 0x1478a165c4b0>,67,27,[1 9],68,608,635,540,606
1,<environment.Job instance at 0x1478a1e66370>,68,3,[ 1 12],69,635,638,566,626
1,<environment.Job instance at 0x1478a1715550>,53,15,[12  1],54,658,673,604,658
1,<environment.Job instance at 0x1478a1715370>,57,12,[ 1 13],58,658,670,600,658
1,<environment.Job instance at 0x1478a17c8640>,4,1,[14  2],5,673,674,668,673
1,<environment.Job instance at 0x1478a1820a00>,18,12,[ 1 14],19,1454,1466,1435,1454
1,<environment.Job instance at 0x1478a1e9c550>,0,23,[ 2 13],1,1,24,0,1
1,<environment.Job instance at 0x14789f7b3af0>,4,27,[ 1 12],5,24,51,19,22
1,<environment.Job instance at 0x14786e243410>,6,22,[12  2],7,28,50,21,28
1,<environment.Job instance at 0x14786e243460>,7,20,[ 1 12],8,51,71,43,45
1,<environment.Job instance at 0x1478a166efa0>,1,2,[ 1 13],2,71,73,69,65
1,<environment.Job instance at 0x14786e20e3c0>,9,19,[5 2],10,65,84,55,65
1,<environment.Job instance at 0x1478a1820a00>,3,25,[ 1 12],4,73,98,69,69
1,<environment.Job instance at 0x14786e2835f0>,12,25,[5 2],13,84,109,71,82
1,<environment.Job instance at 0x14786e283f50>,14,28,[7 1],15,82,110,67,82
1,<environment.Job instance at 0x14786e355d20>,16,28,[ 1 11],17,98,126,81,97
1,<environment.Job instance at 0x14786e29f370>,18,24,[14  2],19,110,134,91,105
1,<environment.Job instance at 0x14786e283500>,10,19,[12  2],11,135,154,124,135
1,<environment.Job instance at 0x14786e29fa00>,24,26,[2 9],25,144,170,119,144
1,<environment.Job instance at 0x1478a1e9c280>,2,16,[11  2],3,156,172,153,156
1,<environment.Job instance at 0x14786e2cc640>,27,21,[12  1],28,172,193,144,166
1,<environment.Job instance at 0x14786e2e2320>,28,24,[10  2],29,193,217,164,188
1,<environment.Job instance at 0x14786e2cc280>,29,20,[2 8],30,190,210,160,190
1,<environment.Job instance at 0x14786e2e2960>,30,26,[ 2 12],31,210,236,179,207
1,<environment.Job instance at 0x14786e243e10>,5,2,[14  1],6,236,238,230,215
1,<environment.Job instance at 0x14786e2e2f50>,32,16,[12  2],33,238,254,205,225
1,<environment.Job instance at 0x14786e2e2be0>,31,20,[ 1 14],32,254,274,222,248
1,<environment.Job instance at 0x14786e2f0460>,34,15,[ 1 13],35,276,291,241,276
1,<environment.Job instance at 0x14786e2f0eb0>,35,19,[7 1],36,282,301,246,282
1,<environment.Job instance at 0x14786e276550>,37,2,[12  1],38,301,303,263,284
1,<environment.Job instance at 0x14786e2cd1e0>,38,27,[ 1 14],39,291,318,252,289
1,<environment.Job instance at 0x14786e2cdfa0>,39,28,[9 1],40,303,331,263,302
1,<environment.Job instance at 0x14786e2cd410>,41,1,[11  1],42,331,332,289,319
1,<environment.Job instance at 0x14786e29ff50>,19,3,[13  2],20,332,335,312,327
1,<environment.Job instance at 0x14786e223aa0>,42,3,[11  2],43,351,354,308,351
1,<environment.Job instance at 0x14786e2ef280>,21,1,[ 1 11],22,352,353,330,352
1,<environment.Job instance at 0x14786e2d7eb0>,45,3,[12  1],46,355,358,309,355
1,<environment.Job instance at 0x14786e2d7500>,47,28,[ 1 11],48,355,383,307,355
1,<environment.Job instance at 0x14786e2d7dc0>,48,25,[ 1 12],49,383,408,334,379
1,<environment.Job instance at 0x14786e2d75a0>,46,3,[13  2],47,381,384,334,381
1,<environment.Job instance at 0x14786e2d3730>,51,26,[ 1 14],52,408,434,356,405
1,<environment.Job instance at 0x14786e226eb0>,52,26,[ 2 12],53,434,460,381,431
1,<environment.Job instance at 0x14786e226aa0>,53,2,[ 2 11],54,484,486,430,484
1,<environment.Job instance at 0x14786e226140>,54,25,[10  1],55,484,509,429,484
1,<environment.Job instance at 0x14786e22c870>,55,1,[1 7],56,491,492,435,491
1,<environment.Job instance at 0x14786e22ca00>,56,26,[13  1],57,509,535,452,506
1,<environment.Job instance at 0x14786e22c780>,57,17,[6 2],58,535,552,477,528
1,<environment.Job instance at 0x14786e22cf00>,58,19,[1 5],59,529,548,470,529
1,<environment.Job instance at 0x14786e22cfa0>,59,20,[1 9],60,548,568,488,539
1,<environment.Job instance at 0x14786e22caa0>,61,24,[2 5],62,552,576,490,547
1,<environment.Job instance at 0x14786e22cb40>,62,24,[ 1 13],63,576,600,513,571
1,<environment.Job instance at 0x14786e2e8c30>,63,23,[5 1],64,573,596,509,573
1,<environment.Job instance at 0x14786e22c6e0>,64,24,[ 1 13],65,600,624,535,595
1,<environment.Job instance at 0x14786e22cbe0>,65,21,[11  1],66,596,617,530,595
1,<environment.Job instance at 0x14786e22e6e0>,66,19,[ 2 12],67,624,643,557,619
1,<environment.Job instance at 0x14786e22e870>,67,1,[12  2],68,636,637,568,636
1,<environment.Job instance at 0x14786e22e780>,68,1,[ 2 14],69,643,644,574,640
1,<environment.Job instance at 0x14786e2cc190>,26,1,[12  2],27,644,645,617,643
1,<environment.Job instance at 0x14786e223b90>,44,15,[11  2],45,696,711,651,696
1,<environment.Job instance at 0x14786e2e0870>,33,14,[ 1 12],34,705,719,671,705
1,<environment.Job instance at 0x14786e2d39b0>,50,12,[ 2 14],51,1141,1153,1090,1141
1,<environment.Job instance at 0x14786e1bee60>,1,26,[7 2],2,2,28,0,2
1,<environment.Job instance at 0x1478a1d93050>,4,27,[2 7],5,6,33,1,6
1,<environment.Job instance at 0x14786e2d3320>,2,21,[13  2],3,28,49,25,20
1,<environment.Job instance at 0x1478a1819460>,6,20,[2 5],7,33,53,26,24
1,<environment.Job instance at 0x14786e1beeb0>,0,22,[11  2],1,50,72,49,50
1,<environment.Job instance at 0x1478a1819c80>,11,28,[ 2 13],12,53,81,41,52
1,<environment.Job instance at 0x1478a1819870>,12,20,[7 2],13,72,92,59,68
1,<environment.Job instance at 0x1478a1819af0>,18,25,[5 2],19,81,106,62,79
1,<environment.Job instance at 0x1478a1819a50>,20,24,[11  2],21,106,130,85,101
1,<environment.Job instance at 0x1478a1706870>,23,28,[ 1 14],24,130,158,106,129
1,<environment.Job instance at 0x1478a1706e60>,26,22,[ 2 11],27,158,180,131,152
1,<environment.Job instance at 0x14786e2d39b0>,3,3,[ 2 13],4,180,183,176,159
1,<environment.Job instance at 0x1478a1706140>,29,19,[13  2],30,169,188,139,169
1,<environment.Job instance at 0x1478a17061e0>,32,19,[13  2],33,188,207,155,181
1,<environment.Job instance at 0x1478a17068c0>,36,21,[1 7],37,184,205,147,184
1,<environment.Job instance at 0x1478a1706af0>,38,20,[7 1],39,207,227,168,200
1,<environment.Job instance at 0x14786e7031e0>,39,27,[2 8],40,205,232,165,203
1,<environment.Job instance at 0x14786e7035a0>,40,28,[ 2 13],41,232,260,191,231
1,<environment.Job instance at 0x1478a1706690>,33,25,[11  1],34,231,256,197,231
1,<environment.Job instance at 0x14786e7034b0>,43,25,[13  2],44,256,281,212,252
1,<environment.Job instance at 0x14786e703a50>,44,22,[ 1 13],45,260,282,215,258
1,<environment.Job instance at 0x14786e703960>,41,3,[11  2],42,281,284,239,274
1,<environment.Job instance at 0x14786e7033c0>,46,16,[7 2],47,284,300,237,279
1,<environment.Job instance at 0x14786e703d20>,47,26,[9 1],48,300,326,252,297
1,<environment.Job instance at 0x14786e703730>,48,26,[6 2],49,297,323,248,297
1,<environment.Job instance at 0x14786e684190>,52,1,[ 2 13],53,323,324,270,316
1,<environment.Job instance at 0x14786e684e60>,54,24,[ 1 11],55,324,348,269,319
1,<environment.Job instance at 0x14786e684550>,55,19,[10  2],56,326,345,270,319
1,<environment.Job instance at 0x14786e684be0>,56,1,[ 1 11],57,348,349,291,320
1,<environment.Job instance at 0x14786e69b8c0>,58,20,[ 1 13],59,349,369,290,348
1,<environment.Job instance at 0x14786e6848c0>,57,2,[12  2],58,356,358,298,356
1,<environment.Job instance at 0x14786e69b690>,61,28,[9 1],62,358,386,296,358
1,<environment.Job instance at 0x14786e69bf00>,64,3,[ 1 13],65,378,381,313,378
1,<environment.Job instance at 0x14786e69b190>,65,24,[ 1 10],66,381,405,315,378
1,<environment.Job instance at 0x14786e69b4b0>,63,23,[13  2],64,386,409,322,380
1,<environment.Job instance at 0x14786e69b500>,66,3,[ 2 12],67,407,410,340,407
1,<environment.Job instance at 0x14786e6e6a50>,68,21,[2 6],69,410,431,341,408
1,<environment.Job instance at 0x1478a1706780>,28,12,[ 2 12],29,511,523,482,511
1,<environment.Job instance at 0x14786e69bdc0>,67,3,[ 2 13],68,614,617,546,614
1,<environment.Job instance at 0x1478a1706fa0>,34,12,[ 2 13],35,699,711,664,699
1,<environment.Job instance at 0x1478a18198c0>,9,12,[ 2 14],10,1171,1183,1161,1171
1,<environment.Job instance at 0x1478a1d9baa0>,1,24,[10  1],2,2,26,0,2
1,<environment.Job instance at 0x1478a1d9b140>,2,20,[13  2],3,26,46,23,17
1,<environment.Job instance at 0x14789fc3eb90>,11,27,[ 1 13],12,26,53,14,26
1,<environment.Job instance at 0x14789fc3eeb0>,8,24,[12  1],9,46,70,37,41
1,<environment.Job instance at 0x14789fc3e7d0>,12,20,[14  1],13,70,90,57,61
1,<environment.Job instance at 0x14789fc3ee60>,6,2,[11  2],7,90,92,83,67
1,<environment.Job instance at 0x1478a80a0640>,16,28,[1 7],17,69,97,52,69
1,<environment.Job instance at 0x1478a80a0280>,17,28,[10  1],18,92,120,74,91
1,<environment.Job instance at 0x1478a80a0320>,20,21,[ 2 12],21,103,124,82,103
1,<environment.Job instance at 0x1478a80a0780>,21,1,[12  1],22,120,121,98,114
1,<environment.Job instance at 0x1478a80a0be0>,23,21,[ 2 13],24,124,145,100,116
1,<environment.Job instance at 0x14789fc3efa0>,13,22,[12  1],14,121,143,107,119
1,<environment.Job instance at 0x1478a80a0960>,18,1,[12  1],19,154,155,135,154
1,<environment.Job instance at 0x1478a4a50aa0>,27,24,[2 6],28,155,179,127,155
1,<environment.Job instance at 0x1478a80a06e0>,14,1,[ 1 12],15,179,180,164,175
1,<environment.Job instance at 0x1478a4a50dc0>,29,26,[5 1],30,175,201,145,175
1,<environment.Job instance at 0x1478a80a0a00>,28,3,[11  1],29,201,204,172,178
1,<environment.Job instance at 0x1478a4a504b0>,31,25,[2 7],32,180,205,148,178
1,<environment.Job instance at 0x1478a4a50140>,34,23,[11  1],35,204,227,169,198
1,<environment.Job instance at 0x1478a4a508c0>,33,22,[ 1 13],34,205,227,171,199
1,<environment.Job instance at 0x1478a4a506e0>,36,25,[ 2 14],37,227,252,190,223
1,<environment.Job instance at 0x1478a4a503c0>,40,20,[7 1],41,248,268,207,248
1,<environment.Job instance at 0x1478a60cc0f0>,44,22,[7 2],45,255,277,210,255
1,<environment.Job instance at 0x1478a60cc370>,45,27,[2 7],46,268,295,222,266
1,<environment.Job instance at 0x1478a60ccc80>,46,25,[10  2],47,277,302,230,273
1,<environment.Job instance at 0x1478a60cc320>,47,1,[14  1],48,302,303,254,297
1,<environment.Job instance at 0x1478a60ccd70>,48,23,[6 1],49,303,326,254,297
1,<environment.Job instance at 0x1478a80a0fa0>,26,3,[11  2],27,326,329,299,301
1,<environment.Job instance at 0x1478a4a50050>,37,12,[13  1],38,329,341,291,328
1,<environment.Job instance at 0x1478a84527d0>,52,21,[10  2],53,341,362,288,333
1,<environment.Job instance at 0x1478a80a03c0>,24,3,[ 2 11],25,350,353,325,350
1,<environment.Job instance at 0x1478a60cc280>,50,2,[12  2],51,362,364,311,350
1,<environment.Job instance at 0x14789fc82230>,57,25,[11  1],58,364,389,306,360
1,<environment.Job instance at 0x14789fc82aa0>,59,21,[1 7],60,360,381,300,360
1,<environment.Job instance at 0x14789fc82550>,60,27,[2 9],61,381,408,320,379
1,<environment.Job instance at 0x1478a8452870>,55,24,[12  1],56,389,413,333,384
1,<environment.Job instance at 0x14789fc82dc0>,62,18,[14  2],63,413,431,350,403
1,<environment.Job instance at 0x1478a8452910>,53,15,[13  1],54,431,446,377,420
1,<environment.Job instance at 0x14789fc825f0>,67,28,[2 5],68,431,459,363,430
1,<environment.Job instance at 0x14789fc820f0>,65,21,[ 2 14],66,459,480,393,451
1,<environment.Job instance at 0x14789fc82960>,66,1,[ 1 13],67,498,499,431,498
1,<environment.Job instance at 0x1478a1d9bc80>,0,14,[11  2],1,498,512,497,498
1,<environment.Job instance at 0x1478a60cc460>,49,15,[ 2 14],50,660,675,610,660
1,<environment.Job instance at 0x1478a1dccf50>,0,28,[1 6],1,1,29,0,1
1,<environment.Job instance at 0x1478a1dcc870>,1,27,[12  1],2,2,29,0,2
1,<environment.Job instance at 0x1478a61aac30>,10,18,[12  1],11,29,47,18,27
1,<environment.Job instance at 0x1478a1dcc4b0>,5,19,[ 1 11],6,32,51,26,32
1,<environment.Job instance at 0x1478a61aad20>,7,17,[11  2],8,47,64,39,36
1,<environment.Job instance at 0x1478a6b742d0>,14,23,[11  2],15,64,87,49,58
1,<environment.Job instance at 0x1478a61aa870>,4,18,[13  2],5,87,105,82,76
1,<environment.Job instance at 0x1478a6b74500>,18,20,[12  2],19,105,125,86,99
1,<environment.Job instance at 0x1478a6b74550>,21,22,[11  1],22,125,147,103,118
1,<environment.Job instance at 0x1478a6b74be0>,19,2,[ 1 11],20,118,120,98,118
1,<environment.Job instance at 0x1478a6174d70>,26,28,[2 5],27,134,162,107,134
1,<environment.Job instance at 0x1478a6174c30>,25,21,[11  2],26,147,168,121,141
1,<environment.Job instance at 0x1478a6174dc0>,29,23,[1 9],30,162,185,132,156
1,<environment.Job instance at 0x1478a6174aa0>,28,28,[12  2],29,168,196,139,167
1,<environment.Job instance at 0x1478a6174f50>,34,16,[12  2],35,196,212,161,191
1,<environment.Job instance at 0x1478a61aa5a0>,12,15,[ 1 13],13,206,221,193,206
1,<environment.Job instance at 0x1478a61745f0>,35,26,[5 2],36,212,238,176,209
1,<environment.Job instance at 0x1478a2bbbb40>,36,21,[ 2 12],37,221,242,184,220
1,<environment.Job instance at 0x1478a2bbbe10>,37,3,[ 1 13],38,242,245,204,223
1,<environment.Job instance at 0x1478a2bbb820>,38,18,[ 2 14],39,245,263,206,238
1,<environment.Job instance at 0x1478a2bbb780>,40,14,[14  2],41,263,277,222,253
1,<environment.Job instance at 0x1478a15d5b40>,42,3,[14  1],43,277,280,234,259
1,<environment.Job instance at 0x1478a61aa910>,11,20,[14  2],12,280,300,268,275
1,<environment.Job instance at 0x1478a15d5d70>,44,23,[ 1 12],45,293,316,248,293
1,<environment.Job instance at 0x1478a15d5230>,45,22,[10  1],46,301,323,255,301
1,<environment.Job instance at 0x1478a6174820>,30,17,[ 1 11],31,316,333,285,308
1,<environment.Job instance at 0x1478a15d5b90>,48,20,[8 1],49,326,346,277,326
1,<environment.Job instance at 0x1478a15d5500>,49,26,[7 2],50,333,359,283,330
1,<environment.Job instance at 0x1478a15d5640>,43,3,[ 2 13],44,346,349,302,334
1,<environment.Job instance at 0x1478a15d5f00>,50,15,[2 8],51,349,364,298,348
1,<environment.Job instance at 0x1478a15d55f0>,51,27,[11  1],52,359,386,307,357
1,<environment.Job instance at 0x1478a212e5f0>,55,27,[13  1],56,386,413,330,384
1,<environment.Job instance at 0x1478a212ef00>,56,1,[13  1],57,413,414,356,410
1,<environment.Job instance at 0x1478a212eaa0>,57,26,[12  2],58,414,440,356,411
1,<environment.Job instance at 0x1478a212e320>,58,25,[12  2],59,440,465,381,436
1,<environment.Job instance at 0x1478a212ec30>,60,24,[2 7],61,454,478,393,454
1,<environment.Job instance at 0x1478a212e730>,61,19,[ 1 12],62,478,497,416,472
1,<environment.Job instance at 0x1478a1d1b690>,62,1,[2 5],63,476,477,413,476
1,<environment.Job instance at 0x1478a15d5d20>,46,1,[ 1 12],47,497,498,450,479
1,<environment.Job instance at 0x1478a1d1b140>,63,13,[14  2],64,484,497,420,484
1,<environment.Job instance at 0x1478a1d1b1e0>,67,1,[8 1],68,497,498,429,487
1,<environment.Job instance at 0x1478a1d1bdc0>,66,21,[2 7],67,500,521,433,500
1,<environment.Job instance at 0x1478a6b74190>,24,14,[11  2],25,501,515,476,501
1,<environment.Job instance at 0x1478a212e050>,54,18,[ 1 14],55,521,539,466,511
1,<environment.Job instance at 0x1478a2bbb690>,39,16,[ 2 13],40,539,555,499,534
1,<environment.Job instance at 0x1478a1d1bc80>,68,15,[ 1 14],69,616,631,547,616
1,<environment.Job instance at 0x14786e407690>,2,18,[ 2 14],3,8,26,5,8
1,<environment.Job instance at 0x14786e563190>,5,24,[9 1],6,8,32,2,8
1,<environment.Job instance at 0x1478a1d1bc80>,9,23,[1 6],10,26,49,16,21
1,<environment.Job instance at 0x14786e563050>,10,17,[11  1],11,32,49,21,32
1,<environment.Job instance at 0x14786e563d70>,13,28,[1 7],14,44,72,30,44
1,<environment.Job instance at 0x14786e8eb050>,16,25,[12  1],17,49,74,32,46
1,<environment.Job instance at 0x14786e8eb460>,17,26,[13  1],18,74,100,56,71
1,<environment.Job instance at 0x14786e563550>,12,28,[2 6],13,73,101,60,73
1,<environment.Job instance at 0x14786e8eb410>,20,22,[14  2],21,103,125,82,103
1,<environment.Job instance at 0x14786e8eb280>,19,16,[ 1 11],20,135,151,115,135
1,<environment.Job instance at 0x14786e8eb640>,22,3,[11  1],23,172,175,149,172
1,<environment.Job instance at 0x14786e8eba00>,23,28,[6 2],24,175,203,151,174
1,<environment.Job instance at 0x14786e407d70>,3,19,[ 1 11],4,175,194,171,175
1,<environment.Job instance at 0x14786e8eb820>,24,20,[12  1],25,203,223,178,195
1,<environment.Job instance at 0x14786e8ebaa0>,27,26,[1 5],28,216,242,188,216
1,<environment.Job instance at 0x14786e8ebb40>,25,21,[13  1],26,223,244,197,216
1,<environment.Job instance at 0x14786e8ebaf0>,28,1,[2 6],29,242,243,213,225
1,<environment.Job instance at 0x14786e8ebc30>,30,17,[ 2 12],31,243,260,212,235
1,<environment.Job instance at 0x14786e8ebe60>,32,28,[1 9],33,260,288,227,259
1,<environment.Job instance at 0x14786e8ebcd0>,33,2,[8 2],34,260,262,226,260
1,<environment.Job instance at 0x14786e8eb6e0>,21,3,[12  2],22,262,265,240,261
1,<environment.Job instance at 0x1478a1d4f1e0>,36,21,[12  1],37,265,286,228,262
1,<environment.Job instance at 0x1478a1d4f050>,40,24,[ 2 10],41,288,312,247,285
1,<environment.Job instance at 0x1478a1d4f3c0>,41,20,[11  1],42,300,320,258,300
1,<environment.Job instance at 0x14786e8ebf00>,31,1,[13  2],32,320,321,288,318
1,<environment.Job instance at 0x1478a15bdfa0>,0,15,[ 2 12],1,318,333,317,318
1,<environment.Job instance at 0x1478a1d4fa00>,47,25,[13  1],48,321,346,273,319
1,<environment.Job instance at 0x1478a1d4fd20>,49,23,[11  2],50,346,369,296,340
1,<environment.Job instance at 0x1478a1d4ffa0>,52,21,[ 1 13],53,342,363,289,342
1,<environment.Job instance at 0x1478a1d4ff00>,54,16,[14  1],55,369,385,314,369
1,<environment.Job instance at 0x1478a1d5f140>,55,3,[ 2 13],56,385,388,329,383
1,<environment.Job instance at 0x1478a1d5f1e0>,56,26,[10  2],57,385,411,328,383
1,<environment.Job instance at 0x1478a1d5f280>,57,28,[14  1],58,411,439,353,410
1,<environment.Job instance at 0x1478a1d5f320>,58,24,[7 2],59,439,463,380,434
1,<environment.Job instance at 0x1478a1d5f3c0>,59,25,[11  1],60,463,488,403,459
1,<environment.Job instance at 0x1478a1d5f460>,60,19,[2 7],61,463,482,402,463
1,<environment.Job instance at 0x1478a1d5f500>,61,2,[11  1],62,488,490,426,467
1,<environment.Job instance at 0x1478a1d5f550>,63,16,[11  2],64,490,506,426,481
1,<environment.Job instance at 0x1478a1d5f780>,64,2,[ 1 11],65,485,487,420,485
1,<environment.Job instance at 0x1478a1d5f820>,65,28,[11  2],66,506,534,440,505
1,<environment.Job instance at 0x1478a1d5f8c0>,66,24,[ 2 13],67,505,529,438,505
1,<environment.Job instance at 0x1478a1d5f960>,67,17,[ 2 12],68,532,549,464,532
1,<environment.Job instance at 0x1478a1d5fa00>,68,22,[5 2],69,534,556,465,532
1,<environment.Job instance at 0x1478a1d4fe60>,51,1,[ 1 14],52,556,557,504,545
1,<environment.Job instance at 0x14786e8eb4b0>,18,13,[14  1],19,566,579,547,566
1,<environment.Job instance at 0x1478a1d4f370>,42,15,[ 1 13],43,576,591,533,576
1,<environment.Job instance at 0x1478a1d4f780>,44,13,[14  2],45,1338,1351,1293,1338
1,<environment.Job instance at 0x14789fc26af0>,0,19,[9 2],1,2,21,1,2
1,<environment.Job instance at 0x1478a1d4f910>,2,28,[ 2 10],3,3,31,0,3
1,<environment.Job instance at 0x1478a2bcf140>,7,21,[13  1],8,21,42,13,21
1,<environment.Job instance at 0x1478a2bcfcd0>,13,27,[ 1 12],14,31,58,17,29
1,<environment.Job instance at 0x1478a2bcf5a0>,15,21,[11  2],16,42,63,26,34
1,<environment.Job instance at 0x1478a2bcf320>,14,23,[ 1 13],15,58,81,43,52
1,<environment.Job instance at 0x1478a80a0e10>,19,27,[11  1],20,63,90,43,61
1,<environment.Job instance at 0x1478a2bcf190>,8,18,[ 2 12],9,102,120,93,102
1,<environment.Job instance at 0x1478a80afd70>,26,16,[7 1],27,103,119,76,103
1,<environment.Job instance at 0x1478a80af640>,27,27,[ 2 10],28,120,147,92,118
1,<environment.Job instance at 0x1478a80afaf0>,28,28,[ 2 14],29,147,175,118,146
1,<environment.Job instance at 0x1478a80afa50>,29,3,[ 2 10],30,175,178,145,173
1,<environment.Job instance at 0x1478a80afeb0>,30,27,[11  1],31,173,200,142,173
1,<environment.Job instance at 0x1478a1e206e0>,31,2,[2 5],32,178,180,146,177
1,<environment.Job instance at 0x1478a1e20f50>,33,28,[2 8],34,178,206,144,178
1,<environment.Job instance at 0x1478a1e207d0>,34,28,[7 1],35,200,228,165,199
1,<environment.Job instance at 0x1478a16ba8c0>,35,3,[14  2],36,241,244,205,241
1,<environment.Job instance at 0x1478a80ad320>,36,18,[12  2],37,244,262,207,242
1,<environment.Job instance at 0x1478a80ea280>,37,3,[9 1],38,262,265,224,250
1,<environment.Job instance at 0x1478a80ea1e0>,38,24,[8 1],39,265,289,226,261
1,<environment.Job instance at 0x1478a80ea140>,39,24,[ 1 14],40,262,286,222,261
1,<environment.Job instance at 0x1478a61651e0>,41,1,[9 2],42,289,290,247,271
1,<environment.Job instance at 0x14786e69b870>,43,15,[6 1],44,286,301,242,277
1,<environment.Job instance at 0x14786e69b190>,44,28,[1 9],45,290,318,245,289
1,<environment.Job instance at 0x1478a20ddc30>,46,2,[7 1],47,311,313,264,311
1,<environment.Job instance at 0x1478a80af320>,23,1,[12  1],24,314,315,290,314
1,<environment.Job instance at 0x1478a8044370>,48,28,[7 2],49,315,343,266,315
1,<environment.Job instance at 0x1478a80442d0>,49,25,[ 1 14],50,343,368,293,340
1,<environment.Job instance at 0x1478a8044f00>,47,18,[11  1],48,360,378,312,360
1,<environment.Job instance at 0x1478a163f460>,51,21,[10  2],52,378,399,326,371
1,<environment.Job instance at 0x1478a1737500>,54,24,[6 2],55,399,423,344,394
1,<environment.Job instance at 0x1478a163f2d0>,50,20,[ 2 13],51,395,415,344,395
1,<environment.Job instance at 0x1478a1737050>,56,27,[ 2 12],57,415,442,358,414
1,<environment.Job instance at 0x1478a17375a0>,57,20,[11  1],58,423,443,365,422
1,<environment.Job instance at 0x1478a1737f50>,58,22,[ 2 11],59,442,464,383,437
1,<environment.Job instance at 0x1478a1737e60>,60,23,[8 1],61,443,466,382,437
1,<environment.Job instance at 0x1478a1737370>,63,20,[ 1 12],64,464,484,400,456
1,<environment.Job instance at 0x1478a1737820>,64,26,[9 2],65,466,492,401,464
1,<environment.Job instance at 0x1478a1737fa0>,66,20,[6 1],67,484,504,417,476
1,<environment.Job instance at 0x1478a80afcd0>,22,14,[11  1],23,504,518,481,491
1,<environment.Job instance at 0x1478a1737280>,68,3,[1 5],69,493,496,424,493
1,<environment.Job instance at 0x1478a1737eb0>,59,14,[ 1 12],60,516,530,456,516
1,<environment.Job instance at 0x1478a2bcfbe0>,9,3,[ 2 13],10,530,533,520,527
1,<environment.Job instance at 0x1478a17372d0>,67,17,[ 1 13],68,544,561,476,544
1,<environment.Job instance at 0x1478a16d44b0>,3,26,[2 6],4,4,30,0,4
1,<environment.Job instance at 0x1478a16d4050>,4,22,[14  2],5,30,52,25,23
1,<environment.Job instance at 0x14786e8b4870>,0,12,[ 1 11],1,30,42,29,24
1,<environment.Job instance at 0x1478a16d45f0>,10,1,[9 2],11,52,53,41,34
1,<environment.Job instance at 0x1478a16d4a50>,7,23,[14  2],8,53,76,45,49
1,<environment.Job instance at 0x1478a8ab8e10>,13,1,[11  2],14,76,77,62,71
1,<environment.Job instance at 0x1478a1175b40>,16,21,[ 1 11],17,72,93,55,72
1,<environment.Job instance at 0x1478a1175fa0>,17,24,[5 2],18,77,101,59,73
1,<environment.Job instance at 0x1478a1175be0>,20,24,[5 2],21,97,121,76,97
1,<environment.Job instance at 0x1478a1175960>,21,16,[1 7],22,110,126,88,110
1,<environment.Job instance at 0x1478a16d4370>,14,25,[14  1],15,121,146,106,117
1,<environment.Job instance at 0x1478a16d4190>,9,3,[14  1],10,146,149,136,131
1,<environment.Job instance at 0x1478a11751e0>,24,24,[2 9],25,149,173,124,144
1,<environment.Job instance at 0x1478a1175c80>,30,1,[1 7],31,173,174,142,172
1,<environment.Job instance at 0x1478a1175050>,31,3,[ 2 11],32,174,177,142,172
1,<environment.Job instance at 0x1478a1175140>,32,26,[2 9],33,177,203,144,174
1,<environment.Job instance at 0x1478a17372d0>,5,1,[ 2 11],6,203,204,197,190
1,<environment.Job instance at 0x1478a6153af0>,33,13,[13  1],34,206,219,172,206
1,<environment.Job instance at 0x1478a6153e60>,35,20,[14  1],36,219,239,183,212
1,<environment.Job instance at 0x1478a6153f50>,36,3,[13  2],37,239,242,202,214
1,<environment.Job instance at 0x1478a61532d0>,37,15,[1 9],38,214,229,176,214
1,<environment.Job instance at 0x1478a6153190>,38,23,[14  2],39,242,265,203,236
1,<environment.Job instance at 0x1478a1175a00>,18,2,[ 1 14],19,265,267,246,260
1,<environment.Job instance at 0x1478a6153fa0>,40,24,[ 1 10],41,267,291,226,263
1,<environment.Job instance at 0x1478a6153690>,39,1,[ 1 12],40,291,292,251,268
1,<environment.Job instance at 0x1478a6153550>,42,24,[ 1 11],43,292,316,249,287
1,<environment.Job instance at 0x1478a61530a0>,34,3,[14  2],35,323,326,288,323
1,<environment.Job instance at 0x1478a6153a00>,47,24,[10  2],48,326,350,278,323
1,<environment.Job instance at 0x1478a6153780>,50,25,[12  2],51,350,375,299,346
1,<environment.Job instance at 0x1478a61533c0>,51,28,[ 1 12],52,346,374,294,346
1,<environment.Job instance at 0x14786e5fe6e0>,54,20,[10  2],55,376,396,321,376
1,<environment.Job instance at 0x14786e5fedc0>,55,20,[11  2],56,396,416,340,389
1,<environment.Job instance at 0x14786e5febe0>,59,21,[14  2],60,416,437,356,409
1,<environment.Job instance at 0x1478a61539b0>,44,18,[ 2 14],45,446,464,401,446
1,<environment.Job instance at 0x14786e5fe690>,61,23,[2 7],62,464,487,402,458
1,<environment.Job instance at 0x1478a6153870>,46,2,[11  2],47,482,484,435,482
1,<environment.Job instance at 0x14786e5fe5a0>,63,27,[2 8],64,484,511,420,482
1,<environment.Job instance at 0x14786e5fe0f0>,60,20,[ 1 13],61,511,531,450,503
1,<environment.Job instance at 0x14786e5feb40>,66,1,[ 2 13],67,531,532,464,524
1,<environment.Job instance at 0x14786e5fe410>,65,2,[ 2 13],66,532,534,466,528
1,<environment.Job instance at 0x14786e5fe3c0>,67,16,[12  1],68,535,551,467,535
1,<environment.Job instance at 0x14786e5fed70>,62,16,[ 2 12],63,536,552,473,536
1,<environment.Job instance at 0x1478a1175280>,28,14,[13  1],29,581,595,552,581
1,<environment.Job instance at 0x1478a1175d70>,23,15,[ 2 14],24,802,817,778,802
1,<environment.Job instance at 0x14786de8d780>,1,27,[13  1],2,2,29,0,2
1,<environment.Job instance at 0x1478a614b0f0>,0,1,[14  2],1,29,30,28,12
1,<environment.Job instance at 0x14786e99f280>,9,27,[5 2],10,30,57,20,28
1,<environment.Job instance at 0x14786e680f50>,10,23,[5 1],11,30,53,19,29
1,<environment.Job instance at 0x14786e99f640>,5,23,[2 6],6,30,53,24,30
1,<environment.Job instance at 0x14786e6805f0>,12,28,[ 1 12],13,53,81,40,52
1,<environment.Job instance at 0x14786e680320>,14,25,[11  2],15,70,95,55,70
1,<environment.Job instance at 0x1478a163b0f0>,15,23,[ 1 14],16,95,118,79,89
1,<environment.Job instance at 0x14786e751960>,8,25,[12  1],9,95,120,86,91
1,<environment.Job instance at 0x14786e0c21e0>,20,24,[ 2 12],21,118,142,97,114
1,<environment.Job instance at 0x1478a1d2f3c0>,23,24,[11  1],24,124,148,100,124
1,<environment.Job instance at 0x1478a614b3c0>,2,19,[ 2 12],3,142,161,139,134
1,<environment.Job instance at 0x14789fca2aa0>,26,19,[5 2],27,148,167,121,145
1,<environment.Job instance at 0x1478a1d2ff50>,28,20,[9 1],29,161,181,132,154
1,<environment.Job instance at 0x14786e751410>,11,15,[ 1 14],12,178,193,166,178
1,<environment.Job instance at 0x1478a1dde3c0>,31,24,[12  1],32,181,205,149,178
1,<environment.Job instance at 0x1478a6a2af00>,33,28,[ 2 12],34,193,221,159,192
1,<environment.Job instance at 0x1478a6acd870>,35,20,[ 1 12],36,221,241,185,214
1,<environment.Job instance at 0x1478a1de1aa0>,36,12,[ 1 11],37,248,260,211,248
1,<environment.Job instance at 0x14786dfd8f50>,37,23,[9 2],38,248,271,210,248
1,<environment.Job instance at 0x1478a80b4f50>,39,17,[ 2 14],40,271,288,231,261
1,<environment.Job instance at 0x14786e16d9b0>,41,28,[12  1],42,271,299,229,270
1,<environment.Job instance at 0x1478a2babaf0>,42,2,[ 1 11],43,288,290,245,287
1,<environment.Job instance at 0x1478a2bab500>,43,19,[10  2],44,299,318,255,289
1,<environment.Job instance at 0x1478a67e8d20>,46,20,[8 2],47,318,338,271,312
1,<environment.Job instance at 0x14786e6baeb0>,47,27,[14  2],48,338,365,290,336
1,<environment.Job instance at 0x14786e6baaf0>,48,15,[ 1 12],49,387,402,338,387
1,<environment.Job instance at 0x14786e6ba050>,49,2,[ 1 13],50,402,404,352,397
1,<environment.Job instance at 0x14786e6baf50>,51,18,[8 2],52,399,417,347,399
1,<environment.Job instance at 0x14786deba320>,29,3,[ 2 12],30,413,416,383,413
1,<environment.Job instance at 0x14786de8a1e0>,52,18,[ 1 11],53,416,434,363,413
1,<environment.Job instance at 0x14786de8a9b0>,53,25,[10  1],54,418,443,364,418
1,<environment.Job instance at 0x14786de8abe0>,54,24,[ 1 14],55,434,458,379,429
1,<environment.Job instance at 0x14786de8aeb0>,55,18,[7 1],56,443,461,387,432
1,<environment.Job instance at 0x14786de8af50>,56,1,[14  1],57,461,462,404,441
1,<environment.Job instance at 0x14786de8a0a0>,57,28,[6 1],58,462,490,404,461
1,<environment.Job instance at 0x14786e184af0>,59,27,[2 6],60,462,489,402,461
1,<environment.Job instance at 0x1478a6a2a140>,30,16,[ 1 14],31,489,505,458,481
1,<environment.Job instance at 0x14786e184c80>,58,20,[ 1 11],59,505,525,446,499
1,<environment.Job instance at 0x14786debd820>,65,22,[14  1],66,499,521,433,499
1,<environment.Job instance at 0x14786debd410>,64,21,[ 2 14],65,525,546,460,517
1,<environment.Job instance at 0x14786debd4b0>,68,16,[10  1],69,533,549,464,533
1,<environment.Job instance at 0x14786debd320>,61,12,[ 1 14],62,615,627,553,615
1,<environment.Job instance at 0x1478a1d2f8c0>,21,15,[11  2],22,644,659,622,644
1,<environment.Job instance at 0x14786e5177d0>,2,22,[14  2],3,4,26,1,4
1,<environment.Job instance at 0x14786e517a00>,3,3,[12  2],4,26,29,22,22
1,<environment.Job instance at 0x14786e426460>,7,24,[12  2],8,29,53,21,24
1,<environment.Job instance at 0x1478a1d2f8c0>,4,27,[ 2 14],5,53,80,48,51
1,<environment.Job instance at 0x14786e426af0>,12,23,[11  2],13,80,103,67,77
1,<environment.Job instance at 0x14786e426a00>,10,27,[10  2],11,103,130,92,101
1,<environment.Job instance at 0x14786e426aa0>,15,24,[ 2 14],16,130,154,114,125
1,<environment.Job instance at 0x14786e4262d0>,19,28,[7 1],20,135,163,115,135
1,<environment.Job instance at 0x1478a79bea50>,22,26,[8 2],23,154,180,131,151
1,<environment.Job instance at 0x14786e426730>,9,2,[ 2 11],10,165,167,155,165
1,<environment.Job instance at 0x1478a79bee60>,25,27,[7 1],26,167,194,141,165
1,<environment.Job instance at 0x14786e4264b0>,20,21,[ 1 14],21,180,201,159,172
1,<environment.Job instance at 0x1478a79be910>,26,21,[ 2 12],27,201,222,174,194
1,<environment.Job instance at 0x1478a79be640>,30,23,[13  2],31,201,224,170,195
1,<environment.Job instance at 0x1478a79be0a0>,34,28,[11  1],35,224,252,189,223
1,<environment.Job instance at 0x14786e62d5a0>,36,22,[11  2],37,252,274,215,245
1,<environment.Job instance at 0x1478a79beeb0>,35,26,[6 2],36,274,300,238,272
1,<environment.Job instance at 0x14786e62d0f0>,37,28,[13  1],38,300,328,262,299
1,<environment.Job instance at 0x14786e426820>,13,3,[ 1 12],14,307,310,293,307
1,<environment.Job instance at 0x14786e62d960>,40,24,[ 1 10],41,310,334,269,308
1,<environment.Job instance at 0x14786e62d8c0>,41,28,[ 2 13],42,334,362,292,333
1,<environment.Job instance at 0x14786e62d320>,42,26,[ 1 14],43,362,388,319,359
1,<environment.Job instance at 0x14786e62dd20>,43,15,[11  1],44,381,396,337,381
1,<environment.Job instance at 0x14786e62da50>,46,27,[8 2],47,396,423,349,395
1,<environment.Job instance at 0x14786e62d140>,38,16,[ 1 12],39,403,419,364,403
1,<environment.Job instance at 0x14786e296140>,48,25,[11  1],49,423,448,374,419
1,<environment.Job instance at 0x1478a79be280>,33,2,[12  2],34,448,450,414,424
1,<environment.Job instance at 0x14786e296550>,50,28,[14  2],51,450,478,399,449
1,<environment.Job instance at 0x14786e426fa0>,11,2,[ 1 13],12,457,459,445,457
1,<environment.Job instance at 0x14786e296be0>,52,27,[ 1 13],53,459,486,406,458
1,<environment.Job instance at 0x14786e296870>,51,3,[6 1],52,478,481,426,460
1,<environment.Job instance at 0x14786e296370>,54,27,[13  1],55,481,508,426,479
1,<environment.Job instance at 0x14786e296dc0>,56,3,[ 1 13],57,499,502,442,499
1,<environment.Job instance at 0x14786e296780>,53,23,[11  1],54,508,531,454,503
1,<environment.Job instance at 0x14786e2965a0>,59,25,[ 1 12],60,504,529,444,504
1,<environment.Job instance at 0x14786dd79c80>,61,28,[ 2 13],62,529,557,467,528
1,<environment.Job instance at 0x14786dd790a0>,62,23,[5 1],63,531,554,468,528
1,<environment.Job instance at 0x14786dd79a00>,63,20,[1 6],64,557,577,493,549
1,<environment.Job instance at 0x14786dd79dc0>,65,25,[1 8],66,557,582,491,554
1,<environment.Job instance at 0x14786dd79e10>,64,26,[ 2 14],65,582,608,517,581
1,<environment.Job instance at 0x14786dd791e0>,66,18,[12  1],67,586,604,519,586
1,<environment.Job instance at 0x14786dd79410>,68,28,[6 1],69,605,633,536,605
1,<environment.Job instance at 0x14786e62d280>,47,1,[ 2 13],48,613,614,565,613
1,<environment.Job instance at 0x14786e62d2d0>,39,14,[11  1],40,633,647,593,625
1,<environment.Job instance at 0x14786dd79230>,67,2,[11  2],68,690,692,622,690
1,<environment.Job instance at 0x14786e296aa0>,49,3,[12  1],50,716,719,666,716
1,<environment.Job instance at 0x14786e76a9b0>,0,23,[14  1],1,3,26,2,3
1,<environment.Job instance at 0x14786e76acd0>,7,27,[8 2],8,26,53,18,24
1,<environment.Job instance at 0x14786e76a1e0>,11,2,[ 2 13],12,41,43,29,41
1,<environment.Job instance at 0x14786e76adc0>,12,15,[14  1],13,53,68,40,51
1,<environment.Job instance at 0x14786e7eafa0>,18,18,[12  2],19,68,86,49,65
1,<environment.Job instance at 0x14786e76a5f0>,4,14,[14  1],5,86,100,81,71
1,<environment.Job instance at 0x14786e263870>,19,3,[ 1 13],20,101,104,81,101
1,<environment.Job instance at 0x1478a1e83cd0>,27,17,[9 2],28,109,126,81,109
1,<environment.Job instance at 0x14786e9b3b90>,28,27,[12  1],29,126,153,97,124
1,<environment.Job instance at 0x14786e6d2fa0>,29,2,[ 1 14],30,136,138,106,136
1,<environment.Job instance at 0x1478a1e830a0>,30,26,[ 2 14],31,138,164,107,136
1,<environment.Job instance at 0x1478a1e83230>,32,24,[14  1],33,164,188,131,159
1,<environment.Job instance at 0x1478a18197d0>,23,2,[ 1 12],24,164,166,140,162
1,<environment.Job instance at 0x14786eb31f00>,34,1,[ 1 11],35,174,175,139,174
1,<environment.Job instance at 0x1478a1819190>,21,19,[14  1],22,188,207,166,179
1,<environment.Job instance at 0x14786e209140>,39,25,[12  2],40,207,232,167,203
1,<environment.Job instance at 0x1478a6b79dc0>,37,18,[13  2],38,232,250,194,227
1,<environment.Job instance at 0x1478a1819820>,16,17,[ 2 11],17,242,259,225,242
1,<environment.Job instance at 0x1478a6b79550>,36,16,[11  1],37,250,266,213,245
1,<environment.Job instance at 0x14786dead7d0>,44,1,[13  1],45,266,267,221,248
1,<environment.Job instance at 0x14786deade60>,47,24,[13  2],48,267,291,219,262
1,<environment.Job instance at 0x14786deaddc0>,46,19,[ 2 11],47,271,290,224,271
1,<environment.Job instance at 0x1478a20f0c80>,53,27,[ 2 11],54,290,317,236,288
1,<environment.Job instance at 0x1478a20f0640>,52,27,[5 1],53,291,318,238,289
1,<environment.Job instance at 0x1478a20f0500>,54,28,[12  1],55,318,346,263,317
1,<environment.Job instance at 0x1478a20f0eb0>,57,20,[13  2],58,346,366,288,338
1,<environment.Job instance at 0x14786dead370>,45,24,[14  1],46,366,390,320,361
1,<environment.Job instance at 0x1478a20f0b40>,56,2,[ 1 11],57,365,367,308,365
1,<environment.Job instance at 0x14786ea24550>,62,1,[ 2 13],63,390,391,327,382
1,<environment.Job instance at 0x14786e0916e0>,58,26,[9 2],59,390,416,331,387
1,<environment.Job instance at 0x14786ea24960>,64,23,[ 1 10],65,391,414,326,387
1,<environment.Job instance at 0x14786ea249b0>,63,1,[14  1],64,416,417,352,390
1,<environment.Job instance at 0x14786e76a460>,9,2,[ 2 14],10,417,419,407,413
1,<environment.Job instance at 0x1478a20f0410>,51,14,[ 2 12],52,531,545,479,531
1,<environment.Job instance at 0x14786e2c7eb0>,0,22,[ 1 10],1,1,23,0,1
1,<environment.Job instance at 0x14786e3cceb0>,5,3,[ 1 11],6,23,26,17,13
1,<environment.Job instance at 0x14786e3d1230>,12,27,[ 1 11],13,26,53,13,24
1,<environment.Job instance at 0x14786e3ccd70>,6,2,[ 1 14],7,53,55,46,30
1,<environment.Job instance at 0x14786e3d10f0>,10,1,[13  2],11,44,45,33,44
1,<environment.Job instance at 0x14786e3d1280>,8,20,[ 2 14],9,55,75,46,47
1,<environment.Job instance at 0x14786e3d1140>,18,28,[14  1],19,75,103,56,74
1,<environment.Job instance at 0x14786e3d1640>,13,2,[ 1 13],14,75,77,61,75
1,<environment.Job instance at 0x14786e3d18c0>,17,25,[1 9],18,77,102,59,75
1,<environment.Job instance at 0x14786e3d1d70>,25,1,[10  1],26,104,105,78,104
1,<environment.Job instance at 0x14786e3d1dc0>,26,1,[1 9],27,109,110,82,109
1,<environment.Job instance at 0x14786e3d1e10>,24,1,[ 2 13],25,113,114,88,113
1,<environment.Job instance at 0x14786e3d1f50>,28,23,[5 2],29,113,136,84,113
1,<environment.Job instance at 0x14786e3d1fa0>,29,23,[11  2],30,136,159,106,130
1,<environment.Job instance at 0x14786e3c9050>,31,21,[ 1 13],32,145,166,113,145
1,<environment.Job instance at 0x14786e3c91e0>,32,22,[11  2],33,159,181,126,153
1,<environment.Job instance at 0x14786e3c92d0>,33,3,[ 1 12],34,167,170,133,167
1,<environment.Job instance at 0x14786e3d1eb0>,27,3,[13  1],28,181,184,153,169
1,<environment.Job instance at 0x14786e3c9320>,36,28,[10  2],37,184,212,147,183
1,<environment.Job instance at 0x14786e3c9780>,37,28,[ 1 10],38,183,211,145,183
1,<environment.Job instance at 0x14786e3c9550>,38,12,[11  1],39,212,224,173,202
1,<environment.Job instance at 0x14786e3c9730>,40,19,[11  2],41,224,243,183,215
1,<environment.Job instance at 0x14786e3c9aa0>,41,28,[10  2],42,243,271,201,242
1,<environment.Job instance at 0x14786e3c9be0>,43,1,[ 1 11],44,250,251,206,250
1,<environment.Job instance at 0x14786e3c94b0>,44,13,[ 1 11],45,256,269,211,256
1,<environment.Job instance at 0x14786e3c9a50>,45,26,[10  2],46,271,297,225,268
1,<environment.Job instance at 0x14786e3c9d20>,46,21,[1 6],47,269,290,222,268
1,<environment.Job instance at 0x14786e3c9fa0>,47,25,[ 1 11],48,290,315,242,286
1,<environment.Job instance at 0x14786e3c9eb0>,48,25,[ 1 10],49,315,340,266,311
1,<environment.Job instance at 0x14786e3d1050>,9,3,[ 2 13],10,340,343,330,326
1,<environment.Job instance at 0x14786e3c4050>,51,25,[1 9],52,343,368,291,339
1,<environment.Job instance at 0x14786e3c9910>,39,17,[12  1],40,352,369,312,352
1,<environment.Job instance at 0x14786e3c4140>,54,26,[2 7],55,368,394,313,365
1,<environment.Job instance at 0x14786e3c4320>,52,16,[13  1],53,369,385,316,365
1,<environment.Job instance at 0x14786e3c9c30>,50,3,[ 1 12],51,394,397,343,390
1,<environment.Job instance at 0x14786e3c4640>,57,24,[14  1],58,394,418,336,390
1,<environment.Job instance at 0x14786e3c41e0>,58,14,[11  2],59,418,432,359,413
1,<environment.Job instance at 0x14786e3c4190>,59,16,[14  2],60,432,448,372,422
1,<environment.Job instance at 0x14786e3c45a0>,56,2,[11  1],57,448,450,391,425
1,<environment.Job instance at 0x14786e3d1870>,23,2,[13  1],24,450,452,426,447
1,<environment.Job instance at 0x14786e3c4370>,55,1,[ 1 14],56,462,463,406,462
1,<environment.Job instance at 0x14786e3c4870>,64,27,[11  1],65,462,489,397,462
1,<environment.Job instance at 0x14786e3c49b0>,65,25,[2 6],66,463,488,397,462
1,<environment.Job instance at 0x14786e3c4a50>,66,19,[ 2 11],67,488,507,421,484
1,<environment.Job instance at 0x14786e3c48c0>,61,12,[ 1 13],62,507,519,445,503
1,<environment.Job instance at 0x14786e3c4b90>,68,24,[5 2],69,503,527,434,503
1,<environment.Job instance at 0x14786e3c4910>,63,3,[ 2 13],64,523,526,459,523
1,<environment.Job instance at 0x14786e3c4af0>,67,12,[ 2 12],68,822,834,754,822
1,<environment.Job instance at 0x14786e3d1b90>,22,13,[ 1 12],23,870,883,847,870
1,<environment.Job instance at 0x14786e3c4780>,60,14,[ 1 13],61,919,933,858,919
1,<environment.Job instance at 0x14786e9e07d0>,2,20,[12  2],3,4,24,1,4
1,<environment.Job instance at 0x1478a804c320>,7,22,[14  2],8,24,46,16,21
1,<environment.Job instance at 0x1478a804c370>,8,15,[9 2],9,46,61,37,38
1,<environment.Job instance at 0x1478a804c960>,6,25,[13  1],7,61,86,54,57
1,<environment.Job instance at 0x1478a804cb40>,10,21,[ 1 10],11,58,79,47,58
1,<environment.Job instance at 0x1478a804ca50>,13,26,[12  1],14,86,112,72,83
1,<environment.Job instance at 0x1478a804c9b0>,16,22,[ 2 10],17,94,116,77,94
1,<environment.Job instance at 0x1478a804c910>,17,26,[ 2 14],18,116,142,98,113
1,<environment.Job instance at 0x1478a804c460>,4,2,[11  1],5,138,140,133,138
1,<environment.Job instance at 0x1478a804c8c0>,18,25,[2 6],19,142,167,123,139
1,<environment.Job instance at 0x14786e9e0640>,3,2,[12  1],4,140,142,136,140
1,<environment.Job instance at 0x1478a804c3c0>,19,18,[5 2],20,145,163,125,145
1,<environment.Job instance at 0x14786eb925f0>,23,1,[ 2 12],24,167,168,143,152
1,<environment.Job instance at 0x1478a1790eb0>,1,14,[ 2 11],2,168,182,166,160
1,<environment.Job instance at 0x14786eb92c30>,24,26,[ 1 11],25,182,208,157,179
1,<environment.Job instance at 0x14786eb924b0>,27,22,[7 1],28,179,201,151,179
1,<environment.Job instance at 0x14786eb92dc0>,28,25,[ 1 12],29,208,233,179,204
1,<environment.Job instance at 0x14786eb92230>,29,25,[12  1],30,205,230,175,205
1,<environment.Job instance at 0x14786eb920f0>,30,23,[13  2],31,230,253,199,224
1,<environment.Job instance at 0x1478a804cd20>,12,3,[ 2 13],13,245,248,232,245
1,<environment.Job instance at 0x14786eb92f00>,34,28,[ 1 13],35,248,276,213,247
1,<environment.Job instance at 0x14786eb922d0>,37,25,[11  1],38,274,299,236,274
1,<environment.Job instance at 0x14786eb92d70>,36,26,[ 2 13],37,276,302,239,275
1,<environment.Job instance at 0x14786eb92be0>,32,1,[13  2],33,299,300,266,298
1,<environment.Job instance at 0x1478a1740780>,46,21,[6 2],47,300,321,253,298
1,<environment.Job instance at 0x1478a17405f0>,47,24,[1 6],48,302,326,254,298
1,<environment.Job instance at 0x1478a1740a50>,44,22,[10  2],45,321,343,276,314
1,<environment.Job instance at 0x14786eb92aa0>,26,15,[ 1 12],27,348,363,321,348
1,<environment.Job instance at 0x1478a1740500>,55,21,[13  2],56,351,372,295,351
1,<environment.Job instance at 0x1478a1740e60>,56,26,[1 7],57,363,389,306,361
1,<environment.Job instance at 0x1478a1740910>,48,14,[12  2],49,372,386,323,364
1,<environment.Job instance at 0x14786de9fa00>,60,22,[ 1 11],61,389,411,328,383
1,<environment.Job instance at 0x14786de9f550>,61,26,[8 1],62,386,412,324,383
1,<environment.Job instance at 0x14786de9f6e0>,65,23,[ 2 13],66,420,443,354,420
1,<environment.Job instance at 0x14786de9fbe0>,62,2,[ 1 14],63,443,445,380,433
1,<environment.Job instance at 0x14786de9f0f0>,67,19,[7 1],68,442,461,374,442
1,<environment.Job instance at 0x14786de9faa0>,66,27,[ 1 14],67,446,473,379,446
1,<environment.Job instance at 0x14786de9f4b0>,64,12,[ 2 14],65,473,485,408,473
1,<environment.Job instance at 0x1478a804c190>,20,1,[12  2],21,485,486,464,475
1,<environment.Job instance at 0x1478a1740230>,45,12,[ 2 13],46,674,686,628,674
1,<environment.Job instance at 0x14786e7a4780>,0,27,[ 1 10],1,1,28,0,1
1,<environment.Job instance at 0x1478a1740230>,2,28,[ 1 12],3,28,56,25,27
1,<environment.Job instance at 0x14786e4077d0>,11,28,[14  1],12,44,72,32,44
1,<environment.Job instance at 0x14786e407550>,8,26,[ 1 11],9,56,82,47,53
1,<environment.Job instance at 0x14786e407d70>,12,24,[11  1],13,72,96,59,67
1,<environment.Job instance at 0x14786e4070f0>,14,25,[ 1 14],15,82,107,67,81
1,<environment.Job instance at 0x14786e4075f0>,21,20,[12  1],22,99,119,77,99
1,<environment.Job instance at 0x1478a806e730>,23,20,[ 1 12],24,108,128,84,108
1,<environment.Job instance at 0x1478a806e4b0>,26,26,[12  1],27,119,145,92,116
1,<environment.Job instance at 0x1478a806e690>,27,25,[ 2 14],28,128,153,100,124
1,<environment.Job instance at 0x1478a806e460>,30,22,[ 2 10],31,153,175,122,146
1,<environment.Job instance at 0x1478a806ed20>,31,27,[ 2 10],32,175,202,143,173
1,<environment.Job instance at 0x14786e407910>,18,21,[12  1],19,173,194,154,173
1,<environment.Job instance at 0x14786e407280>,19,2,[14  1],20,202,204,182,193
1,<environment.Job instance at 0x1478a806ea00>,34,20,[ 1 11],35,202,222,167,196
1,<environment.Job instance at 0x1478a806e190>,29,3,[ 2 14],30,222,225,192,218
1,<environment.Job instance at 0x1478a806ee10>,36,28,[2 7],37,225,253,188,224
1,<environment.Job instance at 0x1478a806e820>,37,27,[1 5],38,225,252,187,225
1,<environment.Job instance at 0x14786e4eab40>,40,28,[11  1],41,226,254,185,226
1,<environment.Job instance at 0x1478a616b320>,44,21,[14  1],45,254,275,209,246
1,<environment.Job instance at 0x1478a616b870>,42,21,[14  2],43,275,296,232,270
1,<environment.Job instance at 0x1478a806e140>,32,1,[ 1 12],33,286,287,253,286
1,<environment.Job instance at 0x1478a801daf0>,49,26,[2 5],50,296,322,246,293
1,<environment.Job instance at 0x1478a801dcd0>,50,23,[13  2],51,296,319,245,293
1,<environment.Job instance at 0x1478a801d410>,52,22,[ 2 11],53,322,344,269,316
1,<environment.Job instance at 0x1478a616b640>,48,16,[ 2 11],49,344,360,295,334
1,<environment.Job instance at 0x1478a6181370>,55,25,[7 1],56,334,359,278,334
1,<environment.Job instance at 0x1478a6181f50>,53,21,[ 1 13],54,360,381,306,352
1,<environment.Job instance at 0x1478a6181780>,56,26,[ 2 10],57,381,407,324,378
1,<environment.Job instance at 0x1478a61810a0>,57,19,[ 2 13],58,407,426,349,399
1,<environment.Job instance at 0x1478a6181af0>,60,1,[13  1],61,404,405,343,404
1,<environment.Job instance at 0x1478a6181d70>,63,25,[ 1 12],64,426,451,362,422
1,<environment.Job instance at 0x1478a61812d0>,64,27,[5 2],65,422,449,357,422
1,<environment.Job instance at 0x1478a6181190>,65,16,[12  1],66,449,465,383,439
1,<environment.Job instance at 0x1478a6181140>,66,27,[ 2 12],67,451,478,384,449
1,<environment.Job instance at 0x1478a6181cd0>,67,27,[8 1],68,465,492,397,463
1,<environment.Job instance at 0x1478a6181730>,68,20,[ 2 12],69,478,498,409,469
1,<environment.Job instance at 0x1478a806e640>,33,15,[13  2],34,492,507,458,487
1,<environment.Job instance at 0x14786e7a4230>,5,12,[ 2 12],6,498,510,492,498
1,<environment.Job instance at 0x1478a616b3c0>,47,2,[13  1],48,507,509,459,501
1,<environment.Job instance at 0x1478a6181460>,61,12,[ 1 14],62,1340,1352,1278,1340
1,<environment.Job instance at 0x1478a1660e60>,1,22,[13  2],2,2,24,0,2
1,<environment.Job instance at 0x14786e0a6690>,4,26,[5 1],5,24,50,19,21
1,<environment.Job instance at 0x14786e0a6d70>,2,1,[ 2 11],3,30,31,27,30
1,<environment.Job instance at 0x14786ea0d230>,11,27,[13  2],12,50,77,38,48
1,<environment.Job instance at 0x14786ea0d1e0>,12,23,[7 2],13,77,100,64,71
1,<environment.Job instance at 0x14786ea0df00>,13,21,[ 2 13],14,73,94,59,73
1,<environment.Job instance at 0x14786ea0db90>,14,19,[13  1],15,100,119,85,93
1,<environment.Job instance at 0x14786ea0d0a0>,15,21,[ 2 10],16,95,116,79,95
1,<environment.Job instance at 0x14786ea0d8c0>,16,25,[13  2],17,119,144,102,115
1,<environment.Job instance at 0x14786ea0dd20>,9,2,[11  2],10,144,146,134,137
1,<environment.Job instance at 0x14786ea0d960>,18,24,[8 1],19,146,170,127,143
1,<environment.Job instance at 0x14786ea0d690>,10,17,[ 1 12],11,143,160,132,143
1,<environment.Job instance at 0x14786ea0d780>,17,1,[14  1],18,170,171,152,156
1,<environment.Job instance at 0x14786ea0d820>,23,1,[10  1],24,171,172,147,167
1,<environment.Job instance at 0x14786e2d3230>,24,23,[ 2 11],25,171,194,146,167
1,<environment.Job instance at 0x14786e2d3640>,25,22,[9 1],26,172,194,146,168
1,<environment.Job instance at 0x14786e2d3d70>,28,1,[13  2],29,206,207,177,206
1,<environment.Job instance at 0x14786e0a6c80>,6,19,[ 2 13],7,220,239,213,220
1,<environment.Job instance at 0x14786ea0daa0>,20,3,[ 1 11],21,239,242,218,236
1,<environment.Job instance at 0x14786e2d3eb0>,29,2,[ 1 11],30,242,244,212,240
1,<environment.Job instance at 0x14786e2d3d20>,33,24,[ 1 14],34,244,268,210,241
1,<environment.Job instance at 0x14786e2d39b0>,34,18,[13  2],35,268,286,233,262
1,<environment.Job instance at 0x14786e2d30a0>,36,25,[9 2],37,286,311,249,282
1,<environment.Job instance at 0x1478a80d62d0>,41,27,[11  2],42,311,338,269,309
1,<environment.Job instance at 0x1478a80d6280>,44,25,[8 2],45,338,363,293,334
1,<environment.Job instance at 0x1478a80d6190>,45,19,[13  1],46,363,382,317,355
1,<environment.Job instance at 0x1478a80d6230>,46,27,[14  2],47,382,409,335,380
1,<environment.Job instance at 0x14786e2d3050>,31,19,[ 1 11],32,380,399,348,380
1,<environment.Job instance at 0x1478a80d60f0>,49,28,[6 1],50,409,437,359,408
1,<environment.Job instance at 0x1478a80d6320>,51,27,[6 1],52,409,436,357,408
1,<environment.Job instance at 0x1478a80d6af0>,53,13,[12  2],54,437,450,383,425
1,<environment.Job instance at 0x1478a80d66e0>,52,2,[1 6],53,437,439,384,437
1,<environment.Job instance at 0x14786e0a6be0>,5,16,[11  2],6,450,466,444,442
1,<environment.Job instance at 0x14786ea0d730>,21,3,[ 2 11],22,448,451,426,448
1,<environment.Job instance at 0x14789fcdbc30>,58,19,[14  2],59,466,485,407,461
1,<environment.Job instance at 0x1478a80d6460>,38,14,[11  1],39,485,499,446,483
1,<environment.Job instance at 0x14789fcdbc80>,62,19,[7 1],63,499,518,436,489
1,<environment.Job instance at 0x14789fcdb8c0>,55,16,[ 2 12],56,501,517,445,501
1,<environment.Job instance at 0x14789fcdbe60>,64,22,[1 7],65,517,539,452,511
1,<environment.Job instance at 0x14789fcdbaf0>,65,19,[9 2],66,518,537,452,515
1,<environment.Job instance at 0x14789fcdb960>,66,28,[2 9],67,539,567,472,538
1,<environment.Job instance at 0x14789fcdbd70>,67,23,[ 2 10],68,567,590,499,561
1,<environment.Job instance at 0x1478a1e29730>,68,25,[1 8],69,590,615,521,586
1,<environment.Job instance at 0x14789fcdb910>,56,3,[14  1],57,646,649,589,646
1,<environment.Job instance at 0x14789fcdb5a0>,59,13,[ 1 13],60,710,723,650,710
1,<environment.Job instance at 0x14789fcdb140>,54,2,[ 1 13],55,1143,1145,1088,1143
1,<environment.Job instance at 0x14789fcdb550>,63,13,[ 1 12],64,1396,1409,1332,1396
1,<environment.Job instance at 0x14786ddbc820>,0,2,[1 9],1,1,3,0,1
1,<environment.Job instance at 0x14789fcdb320>,1,28,[12  2],2,2,30,0,2
1,<environment.Job instance at 0x14786e846be0>,3,28,[11  2],4,30,58,26,29
1,<environment.Job instance at 0x1478a18e35f0>,10,21,[10  2],11,58,79,47,53
1,<environment.Job instance at 0x1478a18e3230>,8,26,[6 1],9,79,105,70,76
1,<environment.Job instance at 0x14789fc5c730>,17,28,[6 2],18,83,111,65,83
1,<environment.Job instance at 0x14789fc5c0f0>,19,21,[1 5],20,102,123,82,102
1,<environment.Job instance at 0x14789fc5ca50>,20,25,[ 1 11],21,123,148,102,120
1,<environment.Job instance at 0x14789fc5c230>,18,2,[12  1],19,138,140,119,138
1,<environment.Job instance at 0x14789fc5cd20>,22,2,[ 2 13],23,148,150,125,143
1,<environment.Job instance at 0x14789fc5c690>,15,18,[14  2],16,151,169,135,151
1,<environment.Job instance at 0x14789fc5c6e0>,26,22,[ 2 12],27,169,191,142,165
1,<environment.Job instance at 0x14786dd78050>,27,26,[10  2],28,169,195,141,166
1,<environment.Job instance at 0x1478a18e3c80>,9,17,[ 1 11],10,191,208,181,185
1,<environment.Job instance at 0x1478a18e3870>,6,1,[14  1],7,195,196,188,190
1,<environment.Job instance at 0x14786dd78190>,31,19,[ 1 11],32,208,227,176,198
1,<environment.Job instance at 0x14786dd78500>,32,1,[11  2],33,201,202,168,201
1,<environment.Job instance at 0x14786dd785a0>,33,2,[ 1 14],34,227,229,193,202
1,<environment.Job instance at 0x14786dd78640>,34,1,[1 7],35,229,230,194,206
1,<environment.Job instance at 0x14786dd78a00>,37,1,[1 9],38,230,231,192,207
1,<environment.Job instance at 0x14786dd78c30>,41,19,[5 2],42,229,248,187,224
1,<environment.Job instance at 0x14786dd78be0>,42,23,[12  2],43,248,271,205,242
1,<environment.Job instance at 0x14786dd78af0>,39,25,[ 2 14],40,271,296,231,267
1,<environment.Job instance at 0x14786dd78d20>,44,3,[12  1],45,300,303,255,300
1,<environment.Job instance at 0x14786dd78e60>,48,21,[6 2],49,303,324,254,303
1,<environment.Job instance at 0x14786dd78e10>,49,27,[ 2 11],50,303,330,253,303
1,<environment.Job instance at 0x14786ddab140>,50,20,[14  2],51,330,350,279,321
1,<environment.Job instance at 0x14786ddab2d0>,51,26,[14  1],52,350,376,298,347
1,<environment.Job instance at 0x14786ddab3c0>,53,25,[13  1],54,376,401,322,372
1,<environment.Job instance at 0x14786ddab320>,54,22,[1 9],55,375,397,320,375
1,<environment.Job instance at 0x14786ddab460>,55,1,[ 2 11],56,401,402,345,401
1,<environment.Job instance at 0x14786ddab5f0>,56,20,[7 2],57,401,421,344,401
1,<environment.Job instance at 0x14786ddab4b0>,57,27,[14  1],58,421,448,363,419
1,<environment.Job instance at 0x14786dd78140>,28,14,[ 2 14],29,475,489,446,475
1,<environment.Job instance at 0x14786ddab960>,62,27,[ 1 12],63,489,516,426,487
1,<environment.Job instance at 0x14786ddaba00>,63,26,[ 1 12],64,516,542,452,513
1,<environment.Job instance at 0x14786ddab820>,60,12,[11  1],61,538,550,477,538
1,<environment.Job instance at 0x14786ddabb40>,65,17,[10  2],66,550,567,484,540
1,<environment.Job instance at 0x14789fc5cdc0>,23,2,[ 2 11],24,662,664,638,662
1,<environment.Job instance at 0x14789fc5ce60>,24,13,[ 2 14],25,765,778,740,765
1,<environment.Job instance at 0x14786dd78eb0>,45,16,[ 2 14],46,942,958,896,942
1,<environment.Job instance at 0x14786ddabaa0>,64,16,[12  2],65,958,974,893,953
1,<environment.Job instance at 0x14786e0ba5f0>,4,24,[ 1 10],5,5,29,0,5
1,<environment.Job instance at 0x14786e0baaa0>,7,22,[ 2 14],8,29,51,21,22
1,<environment.Job instance at 0x14786e5ecb90>,0,2,[ 2 13],1,51,53,50,28
1,<environment.Job instance at 0x14786e0ba4b0>,10,23,[ 2 14],11,53,76,42,47
1,<environment.Job instance at 0x14786e0ba730>,11,26,[ 1 12],12,76,102,64,74
1,<environment.Job instance at 0x14786e0bac30>,13,26,[5 2],14,76,102,62,74
1,<environment.Job instance at 0x14786e0ba960>,16,27,[6 1],17,83,110,66,83
1,<environment.Job instance at 0x14786e0ba780>,12,19,[ 2 14],13,102,121,89,99
1,<environment.Job instance at 0x14786ddabaa0>,6,3,[ 1 12],7,121,124,114,106
1,<environment.Job instance at 0x1478a0143eb0>,19,25,[14  2],20,121,146,101,118
1,<environment.Job instance at 0x1478a0143140>,26,26,[8 2],27,146,172,119,143
1,<environment.Job instance at 0x14786e9c9cd0>,27,26,[1 9],28,147,173,119,147
1,<environment.Job instance at 0x1478a0143be0>,25,3,[11  2],26,172,175,146,166
1,<environment.Job instance at 0x1478a2baee60>,30,27,[1 7],31,173,200,142,171
1,<environment.Job instance at 0x14789fbee870>,33,15,[2 7],34,175,190,141,172
1,<environment.Job instance at 0x14786e29a730>,36,19,[ 2 14],37,200,219,163,192
1,<environment.Job instance at 0x14786e29a050>,37,26,[11  1],38,193,219,155,193
1,<environment.Job instance at 0x1478a8a62e10>,38,24,[ 1 13],39,219,243,180,214
1,<environment.Job instance at 0x1478a6a59d20>,32,1,[ 1 12],33,243,244,210,226
1,<environment.Job instance at 0x1478a1755e10>,39,26,[ 1 10],40,244,270,204,241
1,<environment.Job instance at 0x14786eb87050>,41,26,[ 2 13],42,270,296,228,267
1,<environment.Job instance at 0x14786eb872d0>,42,25,[9 1],43,267,292,224,267
1,<environment.Job instance at 0x14786ddaba50>,5,22,[ 1 14],6,304,326,298,304
1,<environment.Job instance at 0x14786eaff1e0>,1,1,[ 2 11],2,326,327,324,325
1,<environment.Job instance at 0x14789fbe1140>,46,1,[12  2],47,334,335,287,334
1,<environment.Job instance at 0x1478a16ba9b0>,47,19,[ 1 13],48,337,356,289,337
1,<environment.Job instance at 0x1478a16ba280>,48,23,[ 1 14],49,356,379,307,351
1,<environment.Job instance at 0x1478a0143870>,18,3,[ 1 13],19,379,382,360,355
1,<environment.Job instance at 0x1478a60b1a50>,51,24,[1 9],52,382,406,330,377
1,<environment.Job instance at 0x14789fbe1aa0>,45,14,[12  1],46,383,397,337,383
1,<environment.Job instance at 0x14786e140050>,56,23,[9 1],57,399,422,342,399
1,<environment.Job instance at 0x14786e140230>,57,28,[13  1],58,422,450,364,422
1,<environment.Job instance at 0x1478a804c690>,43,2,[13  1],44,450,452,406,441
1,<environment.Job instance at 0x14786e140f50>,61,26,[ 2 11],62,441,467,379,441
1,<environment.Job instance at 0x14786e140410>,62,24,[ 2 11],63,467,491,404,462
1,<environment.Job instance at 0x14786e1405a0>,63,24,[6 1],64,463,487,399,463
1,<environment.Job instance at 0x14786e140f00>,64,16,[13  2],65,511,527,446,511
1,<environment.Job instance at 0x14786e140640>,65,13,[12  1],66,543,556,477,543
1,<environment.Job instance at 0x14786e140af0>,52,3,[ 2 12],53,544,547,491,544
1,<environment.Job instance at 0x1478a17555a0>,40,2,[14  2],41,559,561,518,559
1,<environment.Job instance at 0x14786e1401e0>,60,20,[ 1 13],61,565,585,504,565
1,<environment.Job instance at 0x1478a20eccd0>,49,14,[ 1 12],50,585,599,535,574
1,<environment.Job instance at 0x1478a2bb7870>,0,26,[8 2],1,1,27,0,1
1,<environment.Job instance at 0x1478a2bb7c30>,1,24,[9 2],2,27,51,25,22
1,<environment.Job instance at 0x14786e9cc5a0>,5,1,[ 1 12],6,23,24,17,23
1,<environment.Job instance at 0x14786e9ccbe0>,9,23,[ 1 13],10,29,52,19,29
1,<environment.Job instance at 0x1478a2bb7690>,3,1,[ 1 11],4,60,61,56,60
1,<environment.Job instance at 0x14786e9ccfa0>,11,28,[8 1],12,60,88,48,60
1,<environment.Job instance at 0x14786e9cc640>,6,1,[ 1 11],7,62,63,55,62
1,<environment.Job instance at 0x14786e9cc050>,13,25,[12  2],14,88,113,74,84
1,<environment.Job instance at 0x1478a20eccd0>,2,2,[ 2 12],3,98,100,95,98
1,<environment.Job instance at 0x14786e9cc410>,18,22,[1 7],19,100,122,81,100
1,<environment.Job instance at 0x14786e9ccf00>,19,22,[ 1 10],20,122,144,102,115
1,<environment.Job instance at 0x14786e9ccc80>,20,26,[1 8],21,144,170,123,141
1,<environment.Job instance at 0x14786e9ccd70>,8,3,[ 2 13],9,170,173,161,163
1,<environment.Job instance at 0x1478a60fec30>,22,24,[13  2],23,163,187,140,163
1,<environment.Job instance at 0x1478a60feb40>,24,24,[7 1],25,187,211,162,185
1,<environment.Job instance at 0x1478a60fe460>,27,28,[ 1 13],28,198,226,170,198
1,<environment.Job instance at 0x1478a60fe140>,28,28,[ 2 12],29,226,254,197,225
1,<environment.Job instance at 0x1478a60fe640>,29,24,[11  1],30,225,249,195,225
1,<environment.Job instance at 0x1478a60fe370>,32,26,[ 1 12],33,254,280,221,251
1,<environment.Job instance at 0x1478a60fe410>,33,26,[11  2],34,253,279,219,253
1,<environment.Job instance at 0x1478a60fe780>,21,1,[ 1 12],22,294,295,272,294
1,<environment.Job instance at 0x1478a60fef50>,36,23,[ 2 10],37,295,318,258,294
1,<environment.Job instance at 0x1478a60fe820>,37,19,[13  1],38,294,313,256,294
1,<environment.Job instance at 0x1478a60febe0>,38,1,[ 1 12],39,319,320,280,319
1,<environment.Job instance at 0x1478a60fefa0>,39,19,[ 2 12],40,324,343,284,324
1,<environment.Job instance at 0x1478a60fe280>,40,28,[ 2 10],41,343,371,302,342
1,<environment.Job instance at 0x1478a6a40230>,42,20,[1 5],43,351,371,308,351
1,<environment.Job instance at 0x1478a60fe2d0>,35,2,[14  1],36,374,376,338,374
1,<environment.Job instance at 0x1478a6a40aa0>,44,21,[13  2],45,376,397,331,374
1,<environment.Job instance at 0x1478a6a409b0>,45,25,[ 1 13],46,375,400,329,375
1,<environment.Job instance at 0x1478a6a40af0>,46,25,[ 2 12],47,400,425,353,396
1,<environment.Job instance at 0x1478a6a40640>,48,25,[6 1],49,402,427,353,402
1,<environment.Job instance at 0x1478a6a40be0>,51,24,[14  2],52,427,451,375,423
1,<environment.Job instance at 0x1478a6a40320>,52,20,[11  2],53,451,471,398,444
1,<environment.Job instance at 0x1478a6a40280>,54,1,[ 1 11],55,465,466,410,465
1,<environment.Job instance at 0x1478a6a40820>,55,22,[2 5],56,466,488,410,466
1,<environment.Job instance at 0x1478a6a40910>,56,24,[ 2 14],57,488,512,431,483
1,<environment.Job instance at 0x1478a6a40d70>,57,28,[9 1],58,484,512,426,484
1,<environment.Job instance at 0x1478a6a40050>,59,25,[14  1],60,512,537,452,508
1,<environment.Job instance at 0x14786e9cc140>,17,14,[11  1],18,544,558,526,544
1,<environment.Job instance at 0x1478a8469280>,63,2,[1 9],64,549,551,485,549
1,<environment.Job instance at 0x1478a16033c0>,64,18,[14  1],65,558,576,493,553
1,<environment.Job instance at 0x1478a1603b40>,66,22,[11  2],67,576,598,509,569
1,<environment.Job instance at 0x14786e9cc0a0>,10,17,[ 2 12],11,665,682,654,665
1,<environment.Job instance at 0x14786e9cc960>,15,16,[ 2 13],16,771,787,755,771
1,<environment.Job instance at 0x1478a8469d70>,61,13,[ 1 13],62,828,841,766,828
1,<environment.Job instance at 0x1478a6a408c0>,43,13,[ 1 14],44,853,866,809,853
1,<environment.Job instance at 0x14786e8ceb40>,0,22,[ 2 12],1,2,24,1,2
1,<environment.Job instance at 0x14786e8ef780>,1,27,[ 2 14],2,24,51,22,22
1,<environment.Job instance at 0x14789f77d5f0>,5,18,[13  1],6,48,66,42,48
1,<environment.Job instance at 0x14789f77dcd0>,6,1,[14  2],7,66,67,59,57
1,<environment.Job instance at 0x14786dfd4370>,8,24,[ 1 14],9,67,91,58,63
1,<environment.Job instance at 0x14786dfd4a50>,9,25,[11  2],10,91,116,81,87
1,<environment.Job instance at 0x14789f77dd70>,4,19,[ 1 13],5,105,124,100,105
1,<environment.Job instance at 0x14786dfd45a0>,11,23,[13  2],12,116,139,104,110
1,<environment.Job instance at 0x14786dfd4a00>,12,2,[ 2 14],13,139,141,126,119
1,<environment.Job instance at 0x14786dfd43c0>,10,16,[13  1],11,143,159,132,143
1,<environment.Job instance at 0x14786dfd40a0>,14,26,[ 2 10],15,143,169,128,143
1,<environment.Job instance at 0x14786e5e2fa0>,16,16,[11  2],17,165,181,148,165
1,<environment.Job instance at 0x14786e5e2190>,17,24,[2 7],18,169,193,151,167
1,<environment.Job instance at 0x14786e5e29b0>,18,20,[ 2 13],19,193,213,174,186
1,<environment.Job instance at 0x14789f77d870>,7,19,[14  1],8,213,232,205,209
1,<environment.Job instance at 0x14786df8e6e0>,2,12,[ 2 11],3,232,244,229,227
1,<environment.Job instance at 0x14786ea6efa0>,22,27,[2 9],23,244,271,221,242
1,<environment.Job instance at 0x14786ea6eeb0>,21,18,[13  2],22,258,276,236,258
1,<environment.Job instance at 0x14786ea6e730>,23,19,[ 2 11],24,271,290,247,266
1,<environment.Job instance at 0x14786ea6e8c0>,26,23,[2 8],27,290,313,263,284
1,<environment.Job instance at 0x14786e1dcd20>,27,23,[1 7],28,290,313,262,285
1,<environment.Job instance at 0x14786ea6e690>,28,21,[14  2],29,313,334,284,306
1,<environment.Job instance at 0x14786ea6ed70>,24,28,[ 1 11],25,328,356,303,328
1,<environment.Job instance at 0x14786e9c28c0>,29,20,[12  1],30,334,354,304,329
1,<environment.Job instance at 0x1478a67e6eb0>,31,28,[ 2 13],32,356,384,324,355
1,<environment.Job instance at 0x14786e9c2a00>,30,3,[11  1],31,355,358,324,355
1,<environment.Job instance at 0x14786e4daaf0>,33,23,[5 1],34,358,381,324,356
1,<environment.Job instance at 0x14786e94e320>,36,21,[ 2 11],37,384,405,347,376
1,<environment.Job instance at 0x14786defe1e0>,39,27,[1 9],40,405,432,365,404
1,<environment.Job instance at 0x1478a84667d0>,40,23,[13  2],41,404,427,363,404
1,<environment.Job instance at 0x1478a61243c0>,44,17,[ 1 12],45,432,449,387,424
1,<environment.Job instance at 0x1478a1de5c80>,45,26,[5 2],46,427,453,381,424
1,<environment.Job instance at 0x1478a1de5eb0>,46,23,[2 8],47,449,472,402,443
1,<environment.Job instance at 0x14786eb0f050>,48,23,[8 1],49,448,471,399,448
1,<environment.Job instance at 0x14786dfd4730>,13,3,[ 2 12],14,475,478,461,475
1,<environment.Job instance at 0x1478a1d62f50>,51,21,[14  1],52,478,499,426,475
1,<environment.Job instance at 0x1478a1d62230>,50,17,[14  1],51,499,516,448,489
1,<environment.Job instance at 0x1478a79bf8c0>,53,20,[12  1],54,516,536,462,508
1,<environment.Job instance at 0x1478a608caf0>,56,28,[13  2],57,536,564,479,535
1,<environment.Job instance at 0x1478a79bf2d0>,52,17,[ 2 14],53,564,581,511,560
1,<environment.Job instance at 0x14786e5c6690>,59,19,[ 2 11],60,581,600,521,573
1,<environment.Job instance at 0x14786e5c6eb0>,60,20,[ 1 12],61,600,620,539,594
1,<environment.Job instance at 0x14786e5c6500>,61,28,[ 2 11],62,620,648,558,619
1,<environment.Job instance at 0x14786e8d0460>,58,15,[11  2],59,638,653,579,638
1,<environment.Job instance at 0x14786e5c6af0>,64,25,[5 1],65,653,678,588,649
1,<environment.Job instance at 0x14786e5c61e0>,62,1,[12  1],63,678,679,615,650
1,<environment.Job instance at 0x14786e5c63c0>,66,17,[ 1 12],67,652,669,585,652
1,<environment.Job instance at 0x14786e5c6460>,65,2,[12  1],66,679,681,613,660
1,<environment.Job instance at 0x14786defe0f0>,38,17,[13  2],39,683,700,644,683
1,<environment.Job instance at 0x1478a4a38320>,3,12,[ 1 12],4,697,709,693,697
1,<environment.Job instance at 0x14786e76f9b0>,19,12,[ 2 14],20,807,819,787,807
1,<environment.Job instance at 0x14786e321a00>,68,14,[11  2],69,911,925,842,911
1,<environment.Job instance at 0x153e0fa62b90>,0,24,[ 1 10],1,1,25,0,1
1,<environment.Job instance at 0x153e0fa62c30>,1,2,[2 5],2,2,4,0,2
1,<environment.Job instance at 0x153e066ef6e0>,4,24,[6 1],5,5,29,0,5
1,<environment.Job instance at 0x153e066ef870>,5,25,[7 1],6,6,31,0,6
1,<environment.Job instance at 0x153e066ef960>,9,2,[8 1],10,29,31,19,13
1,<environment.Job instance at 0x153e066ef7d0>,6,19,[ 1 13],7,31,50,24,21
1,<environment.Job instance at 0x153e066eff00>,15,24,[ 2 13],16,50,74,34,47
1,<environment.Job instance at 0x153e066efe10>,14,3,[14  2],15,74,77,59,64
1,<environment.Job instance at 0x153e0fa62af0>,2,18,[ 1 12],3,74,92,71,64
1,<environment.Job instance at 0x153e066f2140>,19,21,[14  2],20,77,98,57,73
1,<environment.Job instance at 0x153e066efd20>,13,27,[1 8],14,92,119,78,90
1,<environment.Job instance at 0x153e066f23c0>,21,22,[14  2],22,98,120,76,94
1,<environment.Job instance at 0x153e066f2640>,24,20,[ 2 13],25,120,140,95,114
1,<environment.Job instance at 0x153e066f2500>,22,25,[ 2 12],23,140,165,117,136
1,<environment.Job instance at 0x153e066f2820>,27,25,[14  2],28,165,190,137,161
1,<environment.Job instance at 0x153e066effa0>,16,19,[ 1 12],17,165,184,148,165
1,<environment.Job instance at 0x153e066f2b40>,33,2,[9 1],34,190,192,156,185
1,<environment.Job instance at 0x153e066f2a00>,31,23,[5 1],32,190,213,158,185
1,<environment.Job instance at 0x153e066f2be0>,34,20,[5 1],35,194,214,159,194
1,<environment.Job instance at 0x153e066f2c80>,35,23,[11  2],36,214,237,178,211
1,<environment.Job instance at 0x153e066f2dc0>,37,22,[2 5],38,213,235,175,213
1,<environment.Job instance at 0x153e066f2f00>,38,1,[ 1 13],39,235,236,196,230
1,<environment.Job instance at 0x153e066f0230>,42,23,[ 1 14],43,237,260,194,231
1,<environment.Job instance at 0x153e066f01e0>,43,3,[ 1 14],44,260,263,216,236
1,<environment.Job instance at 0x153e066f0460>,45,15,[2 5],46,263,278,217,260
1,<environment.Job instance at 0x153e066f24b0>,25,1,[11  1],26,261,262,235,261
1,<environment.Job instance at 0x153e066f05a0>,47,26,[12  2],48,263,289,215,261
1,<environment.Job instance at 0x153e066f0550>,46,21,[2 6],47,278,299,231,276
1,<environment.Job instance at 0x153e066f0640>,49,25,[11  2],50,289,314,239,285
1,<environment.Job instance at 0x153e066f05f0>,50,23,[2 6],51,289,312,238,289
1,<environment.Job instance at 0x153e066f2050>,17,3,[ 1 13],18,312,315,294,293
1,<environment.Job instance at 0x153e066f0a00>,54,22,[9 1],55,314,336,259,307
1,<environment.Job instance at 0x153e066f0aa0>,55,20,[ 1 14],56,315,335,259,313
1,<environment.Job instance at 0x153e066f0b40>,56,1,[12  2],57,336,337,279,330
1,<environment.Job instance at 0x153e066efb90>,10,3,[ 1 14],11,337,340,326,332
1,<environment.Job instance at 0x153e066f00a0>,41,18,[ 2 13],42,340,358,298,333
1,<environment.Job instance at 0x153e066f0f00>,61,22,[14  1],62,358,380,296,352
1,<environment.Job instance at 0x153e066f0dc0>,60,3,[ 1 11],61,363,366,302,363
1,<environment.Job instance at 0x153e066f5320>,64,2,[11  2],65,387,389,322,387
1,<environment.Job instance at 0x153e066f53c0>,65,21,[10  1],66,389,410,323,387
1,<environment.Job instance at 0x153e066f5280>,66,14,[14  2],67,411,425,344,411
1,<environment.Job instance at 0x153e066f5460>,67,19,[11  1],68,425,444,357,416
1,<environment.Job instance at 0x153e066f5640>,68,28,[10  1],69,444,472,375,443
1,<environment.Job instance at 0x153e066f5370>,69,14,[12  2],70,472,486,402,470
1,<environment.Job instance at 0x153e066f5870>,70,20,[ 2 14],71,486,506,415,479
1,<environment.Job instance at 0x153e066f0820>,51,2,[ 2 13],52,511,513,459,511
1,<environment.Job instance at 0x153e066f56e0>,71,12,[ 2 11],72,525,537,453,525
1,<environment.Job instance at 0x153e066f58c0>,73,3,[ 1 11],74,537,540,463,528
1,<environment.Job instance at 0x153e066f5aa0>,74,1,[14  2],75,538,539,463,538
1,<environment.Job instance at 0x153e066f0e60>,59,18,[ 2 12],60,545,563,485,545
1,<environment.Job instance at 0x153e066f5b40>,77,19,[8 1],78,546,565,468,546
1,<environment.Job instance at 0x153e066f57d0>,72,16,[ 2 12],73,669,685,596,669
1,<environment.Job instance at 0x153e066f08c0>,52,12,[13  2],53,673,685,620,673
1,<environment.Job instance at 0x153e066f50f0>,63,13,[ 2 13],64,2038,2051,1974,2038
1,<environment.Job instance at 0x153e08649b90>,3,21,[7 2],4,4,25,0,4
1,<environment.Job instance at 0x153e08dfcdc0>,5,20,[2 9],6,7,27,1,7
1,<environment.Job instance at 0x153e08dfddc0>,10,27,[ 2 14],11,27,54,16,25
1,<environment.Job instance at 0x153e08dfd4b0>,6,21,[ 1 12],7,54,75,47,46
1,<environment.Job instance at 0x153e08dfd410>,13,3,[ 1 14],14,75,78,61,62
1,<environment.Job instance at 0x153e08d570f0>,15,25,[7 2],16,78,103,62,74
1,<environment.Job instance at 0x153e08dfd7d0>,7,18,[ 1 12],8,78,96,70,75
1,<environment.Job instance at 0x153e08d57f50>,17,2,[ 1 12],18,96,98,78,96
1,<environment.Job instance at 0x153e08d570a0>,18,25,[13  2],19,103,128,84,99
1,<environment.Job instance at 0x153e08d57b90>,19,27,[1 8],20,99,126,79,99
1,<environment.Job instance at 0x153e08d575a0>,22,22,[ 2 14],23,128,150,105,121
1,<environment.Job instance at 0x153e08dfdb40>,9,12,[11  1],10,131,143,121,131
1,<environment.Job instance at 0x153e08d57050>,23,3,[13  1],24,143,146,119,134
1,<environment.Job instance at 0x153e08d8e690>,25,22,[ 2 12],26,150,172,124,144
1,<environment.Job instance at 0x153e08d8e5f0>,28,18,[6 2],29,150,168,121,145
1,<environment.Job instance at 0x153e08d8e7d0>,31,1,[14  2],32,172,173,140,169
1,<environment.Job instance at 0x153e08d8e640>,33,28,[2 5],34,173,201,139,172
1,<environment.Job instance at 0x153e085ff500>,34,3,[ 2 13],35,201,204,166,176
1,<environment.Job instance at 0x153e085ff5a0>,35,25,[2 7],36,176,201,140,176
1,<environment.Job instance at 0x153e08d57b40>,16,16,[ 2 11],17,204,220,187,203
1,<environment.Job instance at 0x153e085ff2d0>,37,20,[1 9],38,220,240,182,213
1,<environment.Job instance at 0x153e085ffaa0>,38,28,[7 2],39,213,241,174,213
1,<environment.Job instance at 0x153e085ff3c0>,39,17,[ 2 14],40,241,258,201,235
1,<environment.Job instance at 0x153e08d8e5a0>,27,16,[13  1],28,241,257,213,239
1,<environment.Job instance at 0x153e085ff410>,42,20,[13  2],43,258,278,215,250
1,<environment.Job instance at 0x153e085fff00>,36,3,[ 1 13],37,258,261,221,252
1,<environment.Job instance at 0x153e08dfa460>,46,13,[9 1],47,278,291,231,271
1,<environment.Job instance at 0x153e085ffb40>,43,15,[12  1],44,291,306,247,287
1,<environment.Job instance at 0x153e08dfa9b0>,48,26,[12  2],49,306,332,257,303
1,<environment.Job instance at 0x153e08dfa5f0>,49,25,[ 2 12],50,303,328,253,303
1,<environment.Job instance at 0x153e08dfaa50>,50,27,[12  2],51,332,359,281,330
1,<environment.Job instance at 0x153e08dfa370>,51,18,[ 2 11],52,330,348,278,330
1,<environment.Job instance at 0x153e08da6730>,52,19,[11  2],53,359,378,306,350
1,<environment.Job instance at 0x153e08dfaf00>,53,23,[ 1 12],54,350,373,296,350
1,<environment.Job instance at 0x153e08d8b820>,54,14,[12  1],55,378,392,323,367
1,<environment.Job instance at 0x153e08d8baa0>,55,17,[ 1 11],56,373,390,317,370
1,<environment.Job instance at 0x153e08d8d460>,56,23,[ 1 14],57,390,413,333,385
1,<environment.Job instance at 0x153e08d8d1e0>,57,27,[1 9],58,413,440,355,411
1,<environment.Job instance at 0x153e08de1dc0>,58,3,[ 1 12],59,440,443,381,421
1,<environment.Job instance at 0x153e08d8dbe0>,60,23,[ 2 13],61,443,466,382,437
1,<environment.Job instance at 0x153e085ff960>,41,15,[ 1 11],42,468,483,426,468
1,<environment.Job instance at 0x153e08d8f0f0>,62,16,[11  2],63,470,486,407,470
1,<environment.Job instance at 0x153e08e05370>,63,25,[ 1 12],64,483,508,419,479
1,<environment.Job instance at 0x153e08e05230>,64,27,[ 1 12],65,508,535,443,506
1,<environment.Job instance at 0x153e08e05820>,65,2,[14  1],66,508,510,442,508
1,<environment.Job instance at 0x153e08d80190>,66,22,[12  2],67,510,532,443,508
1,<environment.Job instance at 0x153e08ddda00>,67,20,[ 1 12],68,535,555,467,526
1,<environment.Job instance at 0x153e08ddd1e0>,69,19,[5 2],70,532,551,462,527
1,<environment.Job instance at 0x153e08dddeb0>,70,19,[12  2],71,551,570,480,541
1,<environment.Job instance at 0x153e08596500>,71,19,[2 5],72,555,574,483,546
1,<environment.Job instance at 0x153e08596fa0>,72,25,[5 2],73,570,595,497,566
1,<environment.Job instance at 0x153e085962d0>,73,28,[7 2],74,570,598,496,569
1,<environment.Job instance at 0x153e08596320>,74,28,[7 1],75,595,623,520,594
1,<environment.Job instance at 0x153e08596640>,75,1,[6 1],76,598,599,522,596
1,<environment.Job instance at 0x153e08596730>,76,28,[ 1 11],77,596,624,519,596
1,<environment.Job instance at 0x153e08596140>,77,2,[2 5],78,624,626,546,599
1,<environment.Job instance at 0x153e08596460>,78,24,[14  2],79,626,650,547,621
1,<environment.Job instance at 0x153e08dfda00>,11,2,[12  2],12,623,625,611,623
1,<environment.Job instance at 0x153e08d8f5a0>,61,2,[ 1 13],62,702,704,640,702
1,<environment.Job instance at 0x153e08dfabe0>,47,12,[ 1 13],48,731,743,683,731
1,<environment.Job instance at 0x153e08dfd690>,8,12,[ 1 14],9,1028,1040,1019,1028
1,<environment.Job instance at 0x153e09089f50>,3,25,[1 8],4,4,29,0,4
1,<environment.Job instance at 0x153ded1b4a50>,4,26,[2 9],5,29,55,24,26
1,<environment.Job instance at 0x153ded1d9230>,7,21,[12  1],8,26,47,18,26
1,<environment.Job instance at 0x153ded1d9b40>,8,24,[10  2],9,47,71,38,44
1,<environment.Job instance at 0x153ded1d9b90>,10,26,[ 2 12],11,55,81,44,52
1,<environment.Job instance at 0x153ded1d9c80>,12,16,[12  2],13,78,94,65,78
1,<environment.Job instance at 0x153ded1d93c0>,14,15,[ 1 13],15,87,102,72,87
1,<environment.Job instance at 0x153ded1d9e10>,16,23,[9 2],17,94,117,77,89
1,<environment.Job instance at 0x153ded1d9eb0>,11,20,[ 1 14],12,117,137,105,116
1,<environment.Job instance at 0x153ded17b2d0>,18,27,[ 1 14],19,137,164,118,135
1,<environment.Job instance at 0x153ded228280>,19,28,[9 1],20,136,164,116,136
1,<environment.Job instance at 0x153e09089870>,6,1,[12  2],7,164,165,157,154
1,<environment.Job instance at 0x153e0431e1e0>,1,1,[ 1 11],2,164,165,162,162
1,<environment.Job instance at 0x153ded142d20>,24,15,[11  2],25,169,184,144,169
1,<environment.Job instance at 0x153ded17b730>,17,2,[12  1],18,184,186,166,171
1,<environment.Job instance at 0x153ded25a280>,25,3,[12  1],26,186,189,160,181
1,<environment.Job instance at 0x153ded1f3a00>,27,28,[ 1 11],28,181,209,153,181
1,<environment.Job instance at 0x153ded2233c0>,28,25,[ 1 12],29,209,234,180,205
1,<environment.Job instance at 0x153ded142230>,22,3,[11  2],23,238,241,215,238
1,<environment.Job instance at 0x153ded1f2b40>,31,26,[ 1 14],32,241,267,209,238
1,<environment.Job instance at 0x153ded1f1960>,32,26,[ 2 12],33,267,293,234,264
1,<environment.Job instance at 0x153ded20fc80>,33,2,[ 2 11],34,293,295,259,272
1,<environment.Job instance at 0x153ded20fa50>,34,25,[10  1],35,272,297,237,272
1,<environment.Job instance at 0x153ded20a5f0>,36,26,[13  1],37,297,323,260,294
1,<environment.Job instance at 0x153ded22aeb0>,39,20,[1 9],40,298,318,258,298
1,<environment.Job instance at 0x153ded22a5f0>,41,24,[2 5],42,318,342,276,314
1,<environment.Job instance at 0x153ded166a50>,42,24,[ 1 13],43,342,366,299,337
1,<environment.Job instance at 0x153ded166be0>,43,23,[5 1],44,343,366,299,343
1,<environment.Job instance at 0x153ded1b3a00>,44,24,[ 1 13],45,366,390,321,363
1,<environment.Job instance at 0x153ded1b3140>,45,21,[11  1],46,366,387,320,364
1,<environment.Job instance at 0x153ded21bc30>,46,19,[ 2 12],47,390,409,343,388
1,<environment.Job instance at 0x153ded1ff2d0>,21,1,[11  1],22,397,398,375,397
1,<environment.Job instance at 0x153ded21b7d0>,47,1,[12  2],48,404,405,356,404
1,<environment.Job instance at 0x153ded21b370>,49,28,[ 2 13],50,409,437,359,408
1,<environment.Job instance at 0x153ded226dc0>,50,22,[11  2],51,408,430,357,408
1,<environment.Job instance at 0x153ded226d20>,52,21,[13  2],53,430,451,377,423
1,<environment.Job instance at 0x153ded21bbe0>,48,1,[ 2 14],49,491,492,442,491
1,<environment.Job instance at 0x153ded207410>,54,27,[2 7],55,492,519,437,491
1,<environment.Job instance at 0x153ded2076e0>,56,20,[2 5],57,493,513,436,493
1,<environment.Job instance at 0x153ded226f00>,53,3,[ 2 13],54,519,522,465,500
1,<environment.Job instance at 0x153ded221230>,60,28,[7 1],61,500,528,439,500
1,<environment.Job instance at 0x153ded2216e0>,61,28,[ 2 13],62,522,550,460,521
1,<environment.Job instance at 0x153ded2215f0>,62,20,[7 2],63,528,548,465,523
1,<environment.Job instance at 0x153ded221c30>,65,19,[5 1],66,548,567,482,541
1,<environment.Job instance at 0x153ded221a50>,66,24,[ 2 10],67,550,574,483,545
1,<environment.Job instance at 0x153ded221b40>,68,25,[5 2],69,550,575,481,549
1,<environment.Job instance at 0x153ded221f00>,70,24,[11  2],71,575,599,504,570
1,<environment.Job instance at 0x153ded21c960>,73,28,[ 1 14],74,599,627,525,598
1,<environment.Job instance at 0x153ded21cc80>,75,15,[6 1],76,607,622,531,607
1,<environment.Job instance at 0x153ded21ca00>,76,22,[ 2 11],77,627,649,550,622
1,<environment.Job instance at 0x153ded21ccd0>,77,20,[7 2],78,627,647,549,625
1,<environment.Job instance at 0x153ded1f3370>,26,3,[13  2],27,684,687,657,684
1,<environment.Job instance at 0x153ded1f26e0>,30,12,[ 2 14],31,728,740,697,728
1,<environment.Job instance at 0x153ded21cdc0>,78,12,[ 2 12],79,793,805,714,793
1,<environment.Job instance at 0x153ded221410>,59,12,[ 2 14],60,1160,1172,1100,1160
1,<environment.Job instance at 0x153ded1d95f0>,13,14,[ 1 12],14,2441,2455,2427,2441
1,<environment.Job instance at 0x153ded1d91e0>,3,25,[11  1],4,4,29,0,4
1,<environment.Job instance at 0x153e09b15e10>,1,3,[1 7],2,4,7,2,4
1,<environment.Job instance at 0x153e042fd7d0>,9,27,[2 8],10,15,42,5,15
1,<environment.Job instance at 0x153e042fd0a0>,10,28,[ 2 13],11,42,70,31,42
1,<environment.Job instance at 0x153ded0f95f0>,2,19,[13  2],3,47,66,44,47
1,<environment.Job instance at 0x153e042fdb40>,13,25,[13  2],14,66,91,52,62
1,<environment.Job instance at 0x153e042fd2d0>,14,22,[ 1 13],15,70,92,55,70
1,<environment.Job instance at 0x153e042fd820>,17,26,[9 1],18,91,117,73,89
1,<environment.Job instance at 0x153e042f8500>,24,24,[ 1 11],25,92,116,67,89
1,<environment.Job instance at 0x153e042fd6e0>,11,3,[11  2],12,117,120,105,116
1,<environment.Job instance at 0x153e042f89b0>,28,20,[ 1 13],29,117,137,88,117
1,<environment.Job instance at 0x153e042f8370>,31,28,[9 1],32,143,171,111,143
1,<environment.Job instance at 0x153e042f88c0>,33,23,[13  2],34,171,194,137,165
1,<environment.Job instance at 0x153e042f83c0>,27,2,[12  2],28,194,196,166,174
1,<environment.Job instance at 0x153e042ea9b0>,35,24,[ 1 10],36,174,198,138,174
1,<environment.Job instance at 0x153e042f8280>,26,1,[ 1 11],27,198,199,171,195
1,<environment.Job instance at 0x153e042eafa0>,37,3,[ 2 13],38,199,202,161,197
1,<environment.Job instance at 0x153e042ea1e0>,38,21,[2 6],39,202,223,163,199
1,<environment.Job instance at 0x153e042eaaa0>,39,19,[2 9],40,202,221,162,200
1,<environment.Job instance at 0x153e042eaaf0>,40,14,[11  2],41,221,235,180,211
1,<environment.Job instance at 0x153e042ea0f0>,41,24,[10  1],42,235,259,193,230
1,<environment.Job instance at 0x153e042ea690>,42,20,[13  2],43,259,279,216,250
1,<environment.Job instance at 0x153e042ea550>,34,3,[ 1 13],35,274,277,239,274
1,<environment.Job instance at 0x153e042ea280>,47,3,[6 1],48,279,282,231,275
1,<environment.Job instance at 0x153e042ea500>,48,24,[12  1],49,282,306,233,277
1,<environment.Job instance at 0x153e042ea820>,50,3,[7 1],51,306,309,255,286
1,<environment.Job instance at 0x153e042eac80>,51,27,[ 1 13],52,286,313,234,286
1,<environment.Job instance at 0x153e042ea4b0>,52,20,[14  1],53,309,329,256,300
1,<environment.Job instance at 0x153e042ea640>,53,22,[12  1],54,329,351,275,323
1,<environment.Job instance at 0x153e085becd0>,54,1,[ 1 12],55,344,345,289,344
1,<environment.Job instance at 0x153e085bec80>,55,20,[2 9],56,345,365,289,344
1,<environment.Job instance at 0x153e085bea00>,56,28,[1 7],57,365,393,308,364
1,<environment.Job instance at 0x153e085bebe0>,57,28,[10  1],58,364,392,306,364
1,<environment.Job instance at 0x153e085be690>,58,1,[12  1],59,392,393,333,366
1,<environment.Job instance at 0x153e042f8410>,22,1,[ 2 13],23,393,394,370,366
1,<environment.Job instance at 0x153e042ea5a0>,46,2,[11  2],47,393,395,346,369
1,<environment.Job instance at 0x153e085be5f0>,61,1,[12  1],62,395,396,333,381
1,<environment.Job instance at 0x153e06b28640>,63,21,[ 2 13],64,394,415,330,386
1,<environment.Job instance at 0x153e06b289b0>,66,3,[11  2],67,396,399,329,396
1,<environment.Job instance at 0x153e06b28960>,67,24,[2 6],68,415,439,347,411
1,<environment.Job instance at 0x153e042eaa00>,36,3,[ 2 12],37,439,442,402,421
1,<environment.Job instance at 0x153e06b28fa0>,69,26,[5 1],70,424,450,354,424
1,<environment.Job instance at 0x153e06b28910>,71,25,[2 7],72,442,467,370,439
1,<environment.Job instance at 0x153e06b285f0>,72,23,[8 2],73,441,464,368,441
1,<environment.Job instance at 0x153e06b28550>,73,22,[ 1 13],74,467,489,393,460
1,<environment.Job instance at 0x153e06b28f00>,74,23,[11  1],75,464,487,389,460
1,<environment.Job instance at 0x153e085678c0>,76,25,[ 2 14],77,489,514,412,485
1,<environment.Job instance at 0x153e085be640>,60,21,[ 2 12],61,543,564,482,543
1,<environment.Job instance at 0x153e06b287d0>,68,3,[11  1],69,575,578,506,575
1,<environment.Job instance at 0x153e085675f0>,77,12,[13  1],78,591,603,513,591
1,<environment.Job instance at 0x153e06b283c0>,64,3,[ 2 11],65,594,597,529,594
1,<environment.Job instance at 0x153ded0f95a0>,4,12,[ 2 13],5,649,661,644,649
1,<environment.Job instance at 0x153e08c9b0a0>,0,20,[7 1],1,2,22,1,2
1,<environment.Job instance at 0x153e08c9b8c0>,1,15,[7 1],2,4,19,2,4
1,<environment.Job instance at 0x153e08de16e0>,8,23,[6 1],9,19,42,10,13
1,<environment.Job instance at 0x153e0da5f050>,5,27,[2 7],6,19,46,13,17
1,<environment.Job instance at 0x153e08de1dc0>,12,21,[10  2],13,42,63,29,35
1,<environment.Job instance at 0x153e08de1500>,15,24,[12  1],16,63,87,47,58
1,<environment.Job instance at 0x153e08de1e60>,10,2,[12  2],11,87,89,76,61
1,<environment.Job instance at 0x153e08de1c80>,17,25,[11  1],18,89,114,71,85
1,<environment.Job instance at 0x153e08de15a0>,20,27,[2 9],21,85,112,64,85
1,<environment.Job instance at 0x153e08de18c0>,24,20,[1 6],25,112,132,87,103
1,<environment.Job instance at 0x153e08de1a50>,25,21,[ 2 14],26,132,153,106,124
1,<environment.Job instance at 0x153e08de1910>,26,1,[ 1 13],27,153,154,126,128
1,<environment.Job instance at 0x153e0fc93b90>,28,22,[2 8],29,154,176,125,147
1,<environment.Job instance at 0x153e07072730>,30,28,[1 6],31,154,182,123,153
1,<environment.Job instance at 0x153e07072f00>,31,27,[12  1],32,153,180,121,153
1,<environment.Job instance at 0x153e08de1be0>,13,15,[13  1],14,180,195,166,173
1,<environment.Job instance at 0x153e090b3730>,34,18,[13  2],35,195,213,160,189
1,<environment.Job instance at 0x153e090b3050>,36,20,[1 7],37,192,212,155,192
1,<environment.Job instance at 0x153e08de1140>,22,18,[14  2],23,213,231,190,207
1,<environment.Job instance at 0x153e090b3320>,35,19,[ 1 11],36,215,234,179,215
1,<environment.Job instance at 0x153e08d671e0>,41,20,[14  2],42,231,251,189,230
1,<environment.Job instance at 0x153e090b3550>,37,17,[11  2],38,251,268,213,242
1,<environment.Job instance at 0x153e090b32d0>,43,3,[1 6],44,247,250,203,247
1,<environment.Job instance at 0x153e08d44320>,44,23,[11  2],45,268,291,223,262
1,<environment.Job instance at 0x153e08d448c0>,45,15,[5 2],46,291,306,245,277
1,<environment.Job instance at 0x153e08d44460>,46,21,[10  1],47,291,312,244,284
1,<environment.Job instance at 0x153e08d44eb0>,48,20,[12  2],49,312,332,263,303
1,<environment.Job instance at 0x153e08d44820>,49,2,[ 1 11],50,314,316,264,314
1,<environment.Job instance at 0x153e08d44fa0>,51,22,[11  1],52,332,354,280,325
1,<environment.Job instance at 0x153e08de1690>,9,15,[ 2 14],10,332,347,322,328
1,<environment.Job instance at 0x153e08d44230>,52,17,[1 9],53,347,364,294,343
1,<environment.Job instance at 0x153e08d44dc0>,55,21,[11  2],56,354,375,298,346
1,<environment.Job instance at 0x153e08d440a0>,57,1,[6 1],58,375,376,317,353
1,<environment.Job instance at 0x153e0cfd31e0>,58,28,[12  2],59,376,404,317,375
1,<environment.Job instance at 0x153e0cfd35f0>,59,23,[1 9],60,377,400,317,377
1,<environment.Job instance at 0x153e0cfd3820>,60,17,[ 1 11],61,400,417,339,397
1,<environment.Job instance at 0x153e0cfd3050>,61,21,[2 6],62,417,438,355,410
1,<environment.Job instance at 0x153e0cfd35a0>,62,12,[2 8],63,417,429,354,410
1,<environment.Job instance at 0x153e090b3870>,40,18,[12  1],41,429,447,388,421
1,<environment.Job instance at 0x153e0d0defa0>,65,26,[5 2],66,447,473,381,445
1,<environment.Job instance at 0x153e0d0de140>,66,21,[ 2 12],67,447,468,380,447
1,<environment.Job instance at 0x153e0d0def50>,67,3,[ 1 13],68,468,471,400,464
1,<environment.Job instance at 0x153e08d44410>,54,14,[11  2],55,473,487,418,471
1,<environment.Job instance at 0x153e0d0de550>,64,16,[12  2],65,487,503,422,476
1,<environment.Job instance at 0x153e06b67b90>,70,14,[14  2],71,503,517,432,498
1,<environment.Job instance at 0x153e06b67500>,71,25,[1 8],72,498,523,426,498
1,<environment.Job instance at 0x153e06b676e0>,72,3,[14  1],73,517,520,444,509
1,<environment.Job instance at 0x153e0d0de1e0>,68,18,[ 2 14],69,523,541,454,521
1,<environment.Job instance at 0x153e0d0de5f0>,69,16,[ 2 13],70,541,557,471,529
1,<environment.Job instance at 0x153e06b67320>,75,22,[10  1],76,530,552,454,530
1,<environment.Job instance at 0x153e06b67690>,76,1,[ 1 12],77,557,558,480,535
1,<environment.Job instance at 0x153e06b67050>,74,23,[ 1 12],75,558,581,483,552
1,<environment.Job instance at 0x153e08d67960>,42,15,[ 1 13],43,581,596,538,568
1,<environment.Job instance at 0x153e06b671e0>,78,20,[8 1],79,569,589,490,569
1,<environment.Job instance at 0x153e06b673c0>,77,24,[1 6],78,596,620,518,592
1,<environment.Job instance at 0x153e06b67e10>,73,3,[ 2 13],74,626,629,552,626
1,<environment.Job instance at 0x153e08de1a00>,7,1,[14  1],8,693,694,685,693
1,<environment.Job instance at 0x153e0b971370>,1,27,[11  1],2,2,29,0,2
1,<environment.Job instance at 0x153e08581b90>,3,25,[9 2],4,29,54,25,25
1,<environment.Job instance at 0x153e08581410>,7,26,[12  2],8,54,80,46,51
1,<environment.Job instance at 0x153e085819b0>,8,25,[12  2],9,80,105,71,77
1,<environment.Job instance at 0x153e08581690>,10,24,[2 7],11,78,102,67,78
1,<environment.Job instance at 0x153e085813c0>,5,27,[13  1],6,105,132,99,103
1,<environment.Job instance at 0x153e08581c80>,14,24,[2 8],15,104,128,89,104
1,<environment.Job instance at 0x153e08581c30>,15,27,[9 1],16,132,159,116,130
1,<environment.Job instance at 0x153e08581730>,16,21,[2 7],17,130,151,113,130
1,<environment.Job instance at 0x153e085815f0>,11,19,[ 1 12],12,151,170,139,147
1,<environment.Job instance at 0x153e086f70f0>,19,24,[5 1],20,151,175,131,148
1,<environment.Job instance at 0x153e086f7960>,20,15,[ 2 12],21,170,185,149,168
1,<environment.Job instance at 0x153e085812d0>,13,13,[14  2],14,185,198,171,177
1,<environment.Job instance at 0x153e086f7d20>,23,19,[ 1 11],24,189,208,165,189
1,<environment.Job instance at 0x153e086fbfa0>,25,24,[9 1],26,198,222,172,193
1,<environment.Job instance at 0x153e086fb230>,26,22,[1 7],27,208,230,181,202
1,<environment.Job instance at 0x153e0d72b960>,4,18,[ 1 14],5,230,248,225,223
1,<environment.Job instance at 0x153e086fb320>,32,28,[2 6],33,248,276,215,247
1,<environment.Job instance at 0x153e086fb140>,33,28,[1 7],34,249,277,215,249
1,<environment.Job instance at 0x153e086fbaf0>,34,20,[8 1],35,253,273,218,253
1,<environment.Job instance at 0x153e086fb6e0>,30,17,[11  1],31,273,290,242,262
1,<environment.Job instance at 0x153e086fbcd0>,36,25,[12  1],37,290,315,253,286
1,<environment.Job instance at 0x153e086fb1e0>,37,26,[13  1],38,315,341,277,312
1,<environment.Job instance at 0x153e086fb7d0>,35,18,[2 8],36,324,342,288,324
1,<environment.Job instance at 0x153e086f7be0>,22,18,[ 2 14],23,344,362,321,344
1,<environment.Job instance at 0x153e0f1767d0>,40,22,[14  2],41,362,384,321,358
1,<environment.Job instance at 0x153e08581960>,18,15,[ 1 14],19,384,399,365,378
1,<environment.Job instance at 0x153e086fb870>,38,13,[14  1],39,384,397,345,383
1,<environment.Job instance at 0x153e0f1763c0>,41,3,[12  2],42,399,402,357,385
1,<environment.Job instance at 0x153e0f176500>,44,20,[12  1],45,402,422,357,396
1,<environment.Job instance at 0x153e0f176a50>,45,21,[13  1],46,422,443,376,418
1,<environment.Job instance at 0x153e0f176640>,47,26,[1 5],48,426,452,378,426
1,<environment.Job instance at 0x153e0f176780>,46,24,[6 2],47,443,467,396,438
1,<environment.Job instance at 0x153e0ef785a0>,50,17,[ 2 12],51,452,469,401,444
1,<environment.Job instance at 0x153e0ef78820>,54,3,[9 1],55,467,470,412,458
1,<environment.Job instance at 0x153e0ef78fa0>,55,21,[9 1],56,470,491,414,462
1,<environment.Job instance at 0x153e0ef78870>,56,21,[12  1],57,491,512,434,483
1,<environment.Job instance at 0x153e0ef781e0>,58,28,[5 1],59,512,540,453,511
1,<environment.Job instance at 0x153e0ef784b0>,60,24,[ 2 10],61,512,536,451,512
1,<environment.Job instance at 0x153e0ef78b40>,61,20,[11  1],62,540,560,478,532
1,<environment.Job instance at 0x153e0f176320>,42,3,[11  1],43,560,563,517,538
1,<environment.Job instance at 0x153e0ef78a50>,51,1,[13  2],52,563,564,511,555
1,<environment.Job instance at 0x153e08d6b960>,67,25,[13  1],68,564,589,496,560
1,<environment.Job instance at 0x153e08d6bcd0>,69,23,[11  2],70,589,612,519,583
1,<environment.Job instance at 0x153e0f176730>,39,16,[ 1 11],40,605,621,565,605
1,<environment.Job instance at 0x153e08d6b910>,72,21,[ 1 13],73,621,642,548,615
1,<environment.Job instance at 0x153e08d6beb0>,73,21,[5 1],74,616,637,542,616
1,<environment.Job instance at 0x153e08d6bc80>,74,16,[14  1],75,637,653,562,637
1,<environment.Job instance at 0x153e08d6be60>,75,3,[ 2 13],76,653,656,577,638
1,<environment.Job instance at 0x153e08d6b690>,76,26,[10  2],77,653,679,576,650
1,<environment.Job instance at 0x153e08d6bb40>,77,28,[14  1],78,679,707,601,678
1,<environment.Job instance at 0x153e0da19be0>,78,24,[7 2],79,707,731,628,702
1,<environment.Job instance at 0x153e08d6b320>,71,1,[ 1 14],72,731,732,659,729
1,<environment.Job instance at 0x153e08d6bfa0>,64,13,[14  2],65,779,792,714,779
1,<environment.Job instance at 0x153e08581eb0>,6,1,[13  1],7,842,843,835,842
1,<environment.Job instance at 0x153e0ef78af0>,62,15,[ 1 13],63,1767,1782,1704,1767
1,<environment.Job instance at 0x153e08d6b050>,3,16,[11  2],4,4,20,0,4
1,<environment.Job instance at 0x153e04171640>,6,24,[ 2 13],7,14,38,7,14
1,<environment.Job instance at 0x153e04171c80>,8,22,[5 2],9,20,42,11,19
1,<environment.Job instance at 0x153e04171be0>,10,19,[9 2],11,38,57,27,38
1,<environment.Job instance at 0x153e04171550>,11,19,[2 7],12,45,64,33,45
1,<environment.Job instance at 0x153e0d971460>,5,28,[11  2],6,57,85,51,56
1,<environment.Job instance at 0x153e085b9730>,17,21,[13  1],18,85,106,67,77
1,<environment.Job instance at 0x153ded3d41e0>,1,2,[11  1],2,106,108,104,85
1,<environment.Job instance at 0x153e085b9cd0>,19,3,[ 2 13],20,90,93,70,90
1,<environment.Job instance at 0x153e085b9c80>,22,28,[2 5],23,94,122,71,94
1,<environment.Job instance at 0x153e085b9dc0>,24,23,[ 1 13],25,122,145,97,117
1,<environment.Job instance at 0x153e085b9eb0>,25,21,[11  2],26,118,139,92,118
1,<environment.Job instance at 0x153e0415f190>,26,25,[2 8],27,145,170,118,141
1,<environment.Job instance at 0x153e085b9f50>,23,27,[ 1 12],24,170,197,146,169
1,<environment.Job instance at 0x153e0415f2d0>,28,28,[5 2],29,169,197,140,169
1,<environment.Job instance at 0x153e0415f370>,29,27,[11  1],30,197,224,167,195
1,<environment.Job instance at 0x153e0ef78af0>,4,2,[ 1 11],5,201,203,196,201
1,<environment.Job instance at 0x153e0415f410>,31,19,[2 5],32,203,222,171,203
1,<environment.Job instance at 0x153e0415f550>,33,1,[12  1],34,224,225,190,222
1,<environment.Job instance at 0x153e0415f730>,36,16,[7 1],37,230,246,193,230
1,<environment.Job instance at 0x153e0415f7d0>,37,27,[ 2 10],38,230,257,192,230
1,<environment.Job instance at 0x153e0415f9b0>,38,28,[ 2 14],39,257,285,218,256
1,<environment.Job instance at 0x153e0415fa50>,40,27,[11  1],41,256,283,215,256
1,<environment.Job instance at 0x153e0415f910>,41,2,[2 5],42,285,287,243,263
1,<environment.Job instance at 0x153e0415fb40>,42,3,[8 2],43,285,288,242,267
1,<environment.Job instance at 0x153e0415fbe0>,43,28,[2 8],44,285,313,241,284
1,<environment.Job instance at 0x153e0415fc80>,44,28,[7 1],45,288,316,243,287
1,<environment.Job instance at 0x153e0415ff00>,45,3,[14  2],46,316,319,270,313
1,<environment.Job instance at 0x153e0415f870>,46,18,[12  2],47,319,337,272,317
1,<environment.Job instance at 0x153e0415fd20>,47,3,[9 1],48,337,340,289,322
1,<environment.Job instance at 0x153e0415fdc0>,48,24,[8 1],49,340,364,291,335
1,<environment.Job instance at 0x153e04167050>,49,24,[ 1 14],50,337,361,287,336
1,<environment.Job instance at 0x153e04167280>,52,3,[ 1 10],53,361,364,308,360
1,<environment.Job instance at 0x153e04167320>,53,15,[6 1],54,362,377,308,362
1,<environment.Job instance at 0x153e041673c0>,54,28,[1 9],55,364,392,309,363
1,<environment.Job instance at 0x153e04167870>,57,18,[11  1],58,405,423,347,405
1,<environment.Job instance at 0x153e04167910>,58,28,[7 2],59,423,451,364,422
1,<environment.Job instance at 0x153e041678c0>,59,25,[ 1 14],60,451,476,391,447
1,<environment.Job instance at 0x153e04167aa0>,60,20,[ 2 13],61,476,496,415,472
1,<environment.Job instance at 0x153e04167a50>,61,21,[10  2],62,476,497,414,472
1,<environment.Job instance at 0x153e04167b40>,62,1,[8 1],63,474,475,411,474
1,<environment.Job instance at 0x153e04167eb0>,64,24,[6 2],65,497,521,432,492
1,<environment.Job instance at 0x153e04167fa0>,66,27,[ 2 12],67,500,527,433,500
1,<environment.Job instance at 0x153e04167be0>,67,20,[11  1],68,522,542,454,522
1,<environment.Job instance at 0x153e04167f00>,68,22,[ 2 11],69,527,549,458,522
1,<environment.Job instance at 0x153e04191230>,69,14,[ 1 12],70,549,563,479,543
1,<environment.Job instance at 0x153e041912d0>,70,23,[8 1],71,543,566,472,543
1,<environment.Job instance at 0x153e041913c0>,73,20,[ 1 12],74,572,592,498,572
1,<environment.Job instance at 0x153e04191460>,74,26,[9 2],75,572,598,497,572
1,<environment.Job instance at 0x153e041915f0>,75,3,[8 1],76,598,601,522,575
1,<environment.Job instance at 0x153e04191690>,76,20,[6 1],77,592,612,515,583
1,<environment.Job instance at 0x153e041916e0>,77,17,[ 1 13],78,613,630,535,613
1,<environment.Job instance at 0x153e0415f4b0>,32,14,[11  1],33,618,632,585,618
1,<environment.Job instance at 0x153e04191870>,78,3,[1 5],79,630,633,551,619
1,<environment.Job instance at 0x153e085b9050>,18,18,[ 2 12],19,988,1006,969,988
1,<environment.Job instance at 0x153e0415f690>,35,14,[ 1 13],36,1248,1262,1212,1248
1,<environment.Job instance at 0x153e041717d0>,7,17,[ 2 12],8,1393,1410,1385,1393
1,<environment.Job instance at 0x153e04090aa0>,0,12,[ 1 11],1,3,15,2,3
1,<environment.Job instance at 0x153e0869e320>,1,3,[2 6],2,15,18,13,3
1,<environment.Job instance at 0x153e0409c2d0>,4,22,[14  2],5,18,40,13,12
1,<environment.Job instance at 0x153e0409c410>,5,1,[ 2 11],6,40,41,34,15
1,<environment.Job instance at 0x153e0e905140>,7,23,[14  2],8,41,64,33,35
1,<environment.Job instance at 0x153e0e905280>,14,25,[14  1],15,64,89,49,60
1,<environment.Job instance at 0x153e0f9161e0>,13,1,[11  2],14,89,90,75,77
1,<environment.Job instance at 0x153ded234b90>,18,2,[ 1 14],19,79,81,60,79
1,<environment.Job instance at 0x153ded234690>,22,21,[1 6],23,81,102,58,79
1,<environment.Job instance at 0x153e08ca93c0>,24,24,[2 9],25,90,114,65,85
1,<environment.Job instance at 0x153e08ca9b40>,26,19,[7 1],27,102,121,75,92
1,<environment.Job instance at 0x153ded2349b0>,20,24,[5 2],21,102,126,81,97
1,<environment.Job instance at 0x153e08ca9370>,28,14,[13  1],29,126,140,97,113
1,<environment.Job instance at 0x153ded388e60>,32,26,[2 9],33,114,140,81,113
1,<environment.Job instance at 0x153e0e905be0>,9,3,[14  1],10,140,143,130,136
1,<environment.Job instance at 0x153ded388af0>,33,13,[13  1],34,143,156,109,136
1,<environment.Job instance at 0x153ded3884b0>,35,20,[14  1],36,156,176,120,147
1,<environment.Job instance at 0x153ded2345f0>,16,21,[ 1 11],17,158,179,141,158
1,<environment.Job instance at 0x153e0ef5ed20>,38,23,[14  2],39,176,199,137,174
1,<environment.Job instance at 0x153ded3885a0>,36,3,[13  2],37,199,202,162,190
1,<environment.Job instance at 0x153e0ef6e730>,40,24,[ 1 10],41,190,214,149,190
1,<environment.Job instance at 0x153e0ef6e690>,42,24,[ 1 11],43,214,238,171,209
1,<environment.Job instance at 0x153e0ef6e460>,43,28,[2 7],44,238,266,194,237
1,<environment.Job instance at 0x153ded4e0fa0>,31,3,[ 2 11],32,266,269,234,242
1,<environment.Job instance at 0x153e0ef6e0f0>,45,1,[1 7],46,242,243,196,242
1,<environment.Job instance at 0x153ded388c30>,34,3,[14  2],35,269,272,234,245
1,<environment.Job instance at 0x153e0ef6eb40>,47,24,[10  2],48,272,296,224,268
1,<environment.Job instance at 0x153e0ef6ec80>,48,24,[8 1],49,296,320,247,291
1,<environment.Job instance at 0x153e0ef6ea50>,49,19,[ 1 10],50,294,313,244,294
1,<environment.Job instance at 0x153e0ef6e550>,50,25,[12  2],51,320,345,269,316
1,<environment.Job instance at 0x153e0ef6eaa0>,51,28,[ 1 12],52,316,344,264,316
1,<environment.Job instance at 0x153e06bcdd20>,53,28,[ 2 10],54,344,372,290,343
1,<environment.Job instance at 0x153e06bcd4b0>,54,20,[10  2],55,345,365,290,343
1,<environment.Job instance at 0x153e0ef6e280>,46,2,[11  2],47,365,367,318,346
1,<environment.Job instance at 0x153e06bcd140>,55,20,[11  2],56,367,387,311,359
1,<environment.Job instance at 0x153e0d0c2a50>,58,3,[1 5],59,372,375,313,367
1,<environment.Job instance at 0x153e0853eaa0>,60,20,[ 1 13],61,378,398,317,378
1,<environment.Job instance at 0x153e0d0c2280>,59,21,[14  2],60,387,408,327,380
1,<environment.Job instance at 0x153e0902ddc0>,63,27,[2 8],64,408,435,344,406
1,<environment.Job instance at 0x153e0902daf0>,64,1,[8 2],65,416,417,351,416
1,<environment.Job instance at 0x153e0ef6e820>,44,18,[ 2 14],45,435,453,390,426
1,<environment.Job instance at 0x153e0853e9b0>,62,16,[ 2 12],63,453,469,390,440
1,<environment.Job instance at 0x153e0902d3c0>,66,1,[ 2 13],67,469,470,402,447
1,<environment.Job instance at 0x153e0902d140>,68,14,[8 2],69,458,472,389,458
1,<environment.Job instance at 0x153e0902d460>,70,1,[14  2],71,472,473,401,460
1,<environment.Job instance at 0x153e0902d9b0>,71,27,[13  1],72,473,500,401,471
1,<environment.Job instance at 0x153e0902d190>,72,19,[ 2 12],73,474,493,401,474
1,<environment.Job instance at 0x153e0902da50>,75,23,[2 6],76,493,516,417,488
1,<environment.Job instance at 0x153e0902d0a0>,65,2,[ 2 13],66,516,518,450,491
1,<environment.Job instance at 0x153e0e92d2d0>,77,24,[6 1],78,500,524,422,497
1,<environment.Job instance at 0x153ded4825f0>,78,25,[12  1],79,524,549,445,520
1,<environment.Job instance at 0x153e06b3b280>,76,17,[1 6],77,521,538,444,521
1,<environment.Job instance at 0x153e0902d550>,67,16,[12  1],68,549,565,481,547
1,<environment.Job instance at 0x153e0ef5e820>,39,1,[ 1 12],40,798,799,758,798
1,<environment.Job instance at 0x153e08ca96e0>,23,15,[ 2 14],24,1097,1112,1073,1097
1,<environment.Job instance at 0x153e086bffa0>,0,23,[5 1],1,2,25,1,2
1,<environment.Job instance at 0x153e086bfe10>,2,28,[ 1 12],3,3,31,0,3
1,<environment.Job instance at 0x153e086bf0a0>,3,24,[ 2 10],4,31,55,27,27
1,<environment.Job instance at 0x153e086bf410>,4,25,[11  2],5,27,52,22,27
1,<environment.Job instance at 0x153e086bf050>,10,24,[ 2 12],11,55,79,44,50
1,<environment.Job instance at 0x153e086bfbe0>,5,23,[ 1 14],6,79,102,73,73
1,<environment.Job instance at 0x153e086bfc80>,12,21,[10  1],13,73,94,60,73
1,<environment.Job instance at 0x153e086bfa00>,13,24,[11  1],14,94,118,80,89
1,<environment.Job instance at 0x153e086bfd70>,7,12,[ 1 12],8,102,114,94,93
1,<environment.Job instance at 0x153e086bf7d0>,15,24,[2 7],16,114,138,98,109
1,<environment.Job instance at 0x153e0e906c30>,21,24,[12  1],22,118,142,96,117
1,<environment.Job instance at 0x153e0e9066e0>,23,28,[ 2 12],24,138,166,114,137
1,<environment.Job instance at 0x153e0e9061e0>,24,19,[8 2],25,142,161,117,137
1,<environment.Job instance at 0x153e0e906be0>,25,20,[ 1 12],26,166,186,140,157
1,<environment.Job instance at 0x153e0e906aa0>,26,12,[ 1 11],27,209,221,182,209
1,<environment.Job instance at 0x153e0e906d20>,27,23,[9 2],28,209,232,181,209
1,<environment.Job instance at 0x153e086bf2d0>,19,3,[ 2 12],20,221,224,201,209
1,<environment.Job instance at 0x153e0e906870>,31,28,[12  1],32,232,260,200,231
1,<environment.Job instance at 0x153e0e9062d0>,29,17,[ 2 14],30,243,260,213,243
1,<environment.Job instance at 0x153e0e9067d0>,33,19,[10  2],34,260,279,226,250
1,<environment.Job instance at 0x153e0e9065f0>,34,2,[ 1 10],35,263,265,228,263
1,<environment.Job instance at 0x153e0e906690>,35,22,[9 1],36,279,301,243,272
1,<environment.Job instance at 0x153e0e906a50>,37,27,[14  2],38,301,328,263,299
1,<environment.Job instance at 0x153e0e906eb0>,38,15,[ 1 12],39,299,314,260,299
1,<environment.Job instance at 0x153e0e906370>,39,2,[ 1 13],40,314,316,274,314
1,<environment.Job instance at 0x153e0e906f00>,32,2,[ 1 11],33,316,318,283,316
1,<environment.Job instance at 0x153ded4e0460>,41,18,[8 2],42,328,346,286,318
1,<environment.Job instance at 0x153ded4e0dc0>,43,25,[10  1],44,346,371,302,342
1,<environment.Job instance at 0x153ded4e0b40>,44,24,[ 1 14],45,346,370,301,343
1,<environment.Job instance at 0x153ded4e0190>,42,18,[ 1 11],43,370,388,327,362
1,<environment.Job instance at 0x153ded4e0e60>,48,20,[ 1 11],49,388,408,339,383
1,<environment.Job instance at 0x153ded4e0820>,46,1,[14  1],47,403,404,356,403
1,<environment.Job instance at 0x153ded4e0c80>,50,26,[8 1],51,404,430,353,403
1,<environment.Job instance at 0x153ded4e07d0>,49,27,[2 6],50,408,435,358,406
1,<environment.Job instance at 0x153ded4e0b90>,54,21,[ 2 14],55,435,456,380,428
1,<environment.Job instance at 0x153ded4e0910>,55,22,[14  1],56,456,478,400,449
1,<environment.Job instance at 0x153ded4e0780>,51,12,[ 1 14],52,475,487,423,475
1,<environment.Job instance at 0x153e040446e0>,62,22,[14  2],63,489,511,426,489
1,<environment.Job instance at 0x153e040443c0>,64,27,[ 2 14],65,511,538,446,509
1,<environment.Job instance at 0x153e04044870>,67,24,[12  2],68,538,562,470,533
1,<environment.Job instance at 0x153e04044fa0>,68,24,[7 2],69,562,586,493,557
1,<environment.Job instance at 0x153e0f916230>,69,2,[ 2 11],70,557,559,487,557
1,<environment.Job instance at 0x153e04044640>,70,27,[10  2],71,586,613,515,584
1,<environment.Job instance at 0x153e04044370>,63,3,[12  2],64,613,616,549,593
1,<environment.Job instance at 0x153e0864c910>,72,23,[11  2],73,616,639,543,610
1,<environment.Job instance at 0x153e09075be0>,73,3,[ 1 12],74,620,623,546,620
1,<environment.Job instance at 0x153e09075c30>,74,22,[10  1],75,639,661,564,632
1,<environment.Job instance at 0x153e09075730>,75,24,[ 2 14],76,639,663,563,634
1,<environment.Job instance at 0x153e09075410>,76,3,[ 1 10],77,663,666,586,642
1,<environment.Job instance at 0x153e0da19870>,1,15,[ 1 14],2,667,682,665,667
1,<environment.Job instance at 0x153e0f9165f0>,71,2,[ 1 13],72,718,720,646,718
1,<environment.Job instance at 0x153e086bfe60>,11,15,[11  2],12,885,900,873,885
1,<environment.Job instance at 0x153e086bf960>,20,16,[ 1 14],21,930,946,909,930
1,<environment.Job instance at 0x153e085db640>,0,21,[ 1 14],1,2,23,1,2
1,<environment.Job instance at 0x153ded6e82d0>,5,27,[7 1],6,6,33,0,6
1,<environment.Job instance at 0x153e0da1c550>,9,23,[8 2],10,23,46,13,20
1,<environment.Job instance at 0x153ded6e80f0>,7,27,[7 1],8,33,60,25,31
1,<environment.Job instance at 0x153e0da1c6e0>,10,23,[13  2],11,60,83,49,59
1,<environment.Job instance at 0x153e0d0f8500>,14,28,[11  1],15,83,111,68,83
1,<environment.Job instance at 0x153decdb80f0>,16,22,[11  2],17,111,133,94,104
1,<environment.Job instance at 0x153decdb8780>,17,28,[13  1],18,133,161,115,132
1,<environment.Job instance at 0x153ded57f7d0>,20,24,[ 1 10],21,132,156,111,132
1,<environment.Job instance at 0x153decdb8190>,21,28,[ 2 13],22,156,184,134,155
1,<environment.Job instance at 0x153ded656e60>,22,26,[ 1 14],23,184,210,161,182
1,<environment.Job instance at 0x153decdb88c0>,23,15,[11  1],24,201,216,177,201
1,<environment.Job instance at 0x153ded656f50>,24,12,[1 7],25,210,222,185,206
1,<environment.Job instance at 0x153dece12cd0>,26,27,[8 2],27,217,244,190,217
1,<environment.Job instance at 0x153e0d9791e0>,27,1,[ 2 13],28,252,253,224,252
1,<environment.Job instance at 0x153e0d979d20>,28,25,[11  1],29,252,277,223,252
1,<environment.Job instance at 0x153e0ef531e0>,29,3,[12  1],30,277,280,247,269
1,<environment.Job instance at 0x153e0ef53b90>,30,28,[14  2],31,280,308,249,279
1,<environment.Job instance at 0x153e087290a0>,32,27,[ 1 13],33,282,309,249,282
1,<environment.Job instance at 0x153ded19b2d0>,33,23,[11  1],34,308,331,274,302
1,<environment.Job instance at 0x153e085631e0>,34,27,[13  1],35,331,358,296,329
1,<environment.Job instance at 0x153decdd99b0>,36,3,[ 1 13],37,341,344,304,341
1,<environment.Job instance at 0x153e0d01d690>,37,19,[9 1],38,358,377,320,348
1,<environment.Job instance at 0x153e0d98ec30>,39,25,[ 1 12],40,351,376,311,351
1,<environment.Job instance at 0x153e090b3be0>,41,28,[ 2 13],42,376,404,334,375
1,<environment.Job instance at 0x153e0d0f8230>,13,2,[12  2],14,377,379,363,375
1,<environment.Job instance at 0x153e0da12460>,42,23,[5 1],43,379,402,336,375
1,<environment.Job instance at 0x153ded058050>,44,26,[ 2 14],45,404,430,359,402
1,<environment.Job instance at 0x153e087d1230>,45,25,[1 8],46,430,455,384,426
1,<environment.Job instance at 0x153decde7780>,47,2,[11  2],48,437,439,389,437
1,<environment.Job instance at 0x153decde7050>,48,28,[6 1],49,439,467,390,438
1,<environment.Job instance at 0x153decde7410>,49,25,[14  1],50,467,492,417,463
1,<environment.Job instance at 0x153decde7d20>,50,23,[14  1],51,492,515,441,486
1,<environment.Job instance at 0x153e087d1320>,46,18,[12  1],47,515,533,468,509
1,<environment.Job instance at 0x153e06be2960>,55,22,[ 2 10],56,521,543,465,521
1,<environment.Job instance at 0x153e06be29b0>,57,27,[8 2],58,533,560,475,531
1,<environment.Job instance at 0x153e06be2690>,59,2,[ 2 14],60,560,562,500,553
1,<environment.Job instance at 0x153e06be2140>,54,14,[14  1],55,572,586,517,572
1,<environment.Job instance at 0x153decdb8e60>,19,14,[11  1],20,587,601,567,587
1,<environment.Job instance at 0x153e08c7b780>,64,2,[10  2],65,601,603,536,590
1,<environment.Job instance at 0x153e08c7bbe0>,65,21,[2 7],66,592,613,526,592
1,<environment.Job instance at 0x153e08c7b280>,61,2,[ 2 13],62,613,615,551,605
1,<environment.Job instance at 0x153e08780c80>,67,2,[1 8],68,609,611,541,609
1,<environment.Job instance at 0x153e087803c0>,68,18,[12  2],69,612,630,543,612
1,<environment.Job instance at 0x153e08780960>,69,3,[ 1 13],70,621,624,551,621
1,<environment.Job instance at 0x153e08780aa0>,70,24,[8 2],71,630,654,559,625
1,<environment.Job instance at 0x153e08780cd0>,71,19,[14  1],72,654,673,582,644
1,<environment.Job instance at 0x153e08780fa0>,72,26,[7 2],73,673,699,600,670
1,<environment.Job instance at 0x153e08780460>,73,2,[ 1 12],74,683,685,609,683
1,<environment.Job instance at 0x153e08780910>,76,1,[2 9],77,699,700,622,699
1,<environment.Job instance at 0x153e087805a0>,77,17,[9 2],78,700,717,622,700
1,<environment.Job instance at 0x153e087807d0>,78,27,[12  1],79,717,744,638,715
1,<environment.Job instance at 0x153e08c7ba00>,66,17,[ 2 11],67,772,789,705,772
1,<environment.Job instance at 0x153e0401fe10>,6,21,[ 2 12],7,800,821,793,800
1,<environment.Job instance at 0x153e08c7bc80>,62,15,[14  1],63,840,855,777,840
1,<environment.Job instance at 0x153decdb8e10>,18,16,[ 1 12],19,853,869,834,853
1,<environment.Job instance at 0x153e09af0e10>,0,26,[ 2 14],1,1,27,0,1
1,<environment.Job instance at 0x153deccd09b0>,2,24,[14  1],3,27,51,24,22
1,<environment.Job instance at 0x153e0418bd20>,5,1,[9 1],6,23,24,17,23
1,<environment.Job instance at 0x153e090490f0>,4,1,[ 1 11],5,29,30,24,29
1,<environment.Job instance at 0x153e09049e60>,9,25,[12  2],10,51,76,41,47
1,<environment.Job instance at 0x153e09049c30>,10,23,[2 5],11,51,74,40,48
1,<environment.Job instance at 0x153e09049690>,14,1,[13  1],15,76,77,61,51
1,<environment.Job instance at 0x153e09049410>,13,17,[9 1],14,77,94,63,66
1,<environment.Job instance at 0x153e090493c0>,17,24,[13  2],18,94,118,76,89
1,<environment.Job instance at 0x153e090492d0>,16,19,[ 2 11],17,89,108,72,89
1,<environment.Job instance at 0x153e09049280>,15,24,[14  1],16,118,142,102,113
1,<environment.Job instance at 0x153e08d13780>,24,28,[12  1],25,142,170,117,141
1,<environment.Job instance at 0x153e08d13f50>,23,27,[ 2 11],24,142,169,118,141
1,<environment.Job instance at 0x153e09049fa0>,7,18,[13  2],8,170,188,162,160
1,<environment.Job instance at 0x153e08d13140>,28,26,[9 2],29,188,214,159,185
1,<environment.Job instance at 0x153e08d13a50>,29,1,[2 9],30,192,193,162,192
1,<environment.Job instance at 0x153e08d13fa0>,30,16,[2 5],31,200,216,169,200
1,<environment.Job instance at 0x153e08d13eb0>,27,20,[13  2],28,214,234,186,206
1,<environment.Job instance at 0x153e08d13e60>,32,1,[ 2 13],33,216,217,183,212
1,<environment.Job instance at 0x153e08d13820>,34,23,[ 1 10],35,217,240,182,212
1,<environment.Job instance at 0x153e08d132d0>,33,1,[14  1],34,234,235,200,232
1,<environment.Job instance at 0x153e08d13af0>,40,22,[ 1 10],41,240,262,199,233
1,<environment.Job instance at 0x153e08d130a0>,26,2,[ 1 11],27,262,264,235,241
1,<environment.Job instance at 0x153ded6790f0>,46,2,[ 1 14],47,264,266,217,252
1,<environment.Job instance at 0x153ded6792d0>,47,21,[1 7],48,266,287,218,258
1,<environment.Job instance at 0x153e09049190>,21,14,[ 2 12],22,287,301,265,276
1,<environment.Job instance at 0x153e090499b0>,6,16,[11  1],7,279,295,272,279
1,<environment.Job instance at 0x153e08d13910>,39,20,[ 1 11],40,301,321,261,294
1,<environment.Job instance at 0x153ded679820>,52,27,[ 1 11],53,321,348,268,319
1,<environment.Job instance at 0x153ded6794b0>,49,3,[ 2 13],50,348,351,298,336
1,<environment.Job instance at 0x153ded679b40>,54,28,[2 7],55,351,379,296,350
1,<environment.Job instance at 0x153ded679e10>,55,23,[1 7],56,351,374,295,350
1,<environment.Job instance at 0x153ded679780>,45,3,[ 1 11],46,379,382,333,356
1,<environment.Job instance at 0x153ded679f50>,58,28,[14  1],59,379,407,320,378
1,<environment.Job instance at 0x153ded6795f0>,57,25,[1 9],58,382,407,324,378
1,<environment.Job instance at 0x153ded679fa0>,53,2,[ 1 13],54,407,409,353,384
1,<environment.Job instance at 0x153ded679460>,48,20,[ 2 14],49,409,429,360,400
1,<environment.Job instance at 0x153e08c4e910>,64,1,[ 2 13],65,429,430,364,408
1,<environment.Job instance at 0x153e08c4e8c0>,67,3,[13  1],68,414,417,346,414
1,<environment.Job instance at 0x153e08c4ee60>,68,23,[5 2],69,429,452,360,423
1,<environment.Job instance at 0x153e08c4e2d0>,69,23,[11  2],70,452,475,382,446
1,<environment.Job instance at 0x153e08c4e230>,66,1,[1 9],67,447,448,380,447
1,<environment.Job instance at 0x153e08c4eaa0>,71,21,[ 1 13],72,454,475,382,454
1,<environment.Job instance at 0x153e08c4ec80>,72,22,[11  2],73,475,497,402,468
1,<environment.Job instance at 0x153e08c4ea00>,74,23,[1 8],75,475,498,400,469
1,<environment.Job instance at 0x153e08c4e3c0>,76,28,[10  2],77,497,525,420,496
1,<environment.Job instance at 0x153e08c4e5f0>,77,28,[ 1 10],78,498,526,420,497
1,<environment.Job instance at 0x153e08c4ec30>,63,2,[13  1],64,527,529,463,527
1,<environment.Job instance at 0x153e08c4e640>,73,3,[ 1 12],74,532,535,458,532
1,<environment.Job instance at 0x153e08c4e140>,78,12,[11  1],79,538,550,459,538
1,<environment.Job instance at 0x153ded679370>,50,1,[13  2],51,552,553,501,552
1,<environment.Job instance at 0x153e08c4e370>,62,13,[ 1 12],63,620,633,557,620
1,<environment.Job instance at 0x153e08c978c0>,1,28,[10  2],2,2,30,0,2
1,<environment.Job instance at 0x153ded681550>,6,21,[1 6],7,7,28,0,7
1,<environment.Job instance at 0x153e08c97820>,7,25,[ 1 11],8,28,53,20,25
1,<environment.Job instance at 0x153e08c972d0>,0,19,[11  2],1,30,49,29,29
1,<environment.Job instance at 0x153decdae230>,10,3,[ 1 12],11,53,56,42,43
1,<environment.Job instance at 0x153decdaed20>,14,26,[2 7],15,59,85,44,59
1,<environment.Job instance at 0x153e08c4e370>,3,1,[ 1 11],4,85,86,81,76
1,<environment.Job instance at 0x153ded3c1320>,15,1,[ 1 14],16,86,87,70,76
1,<environment.Job instance at 0x153ded3c15a0>,17,24,[14  1],18,85,109,67,80
1,<environment.Job instance at 0x153decdae460>,12,16,[13  1],13,111,127,98,111
1,<environment.Job instance at 0x153e06c1f410>,20,14,[ 1 13],21,118,132,97,118
1,<environment.Job instance at 0x153e0909a0a0>,19,16,[14  2],20,127,143,107,122
1,<environment.Job instance at 0x153ded2833c0>,23,3,[ 2 13],24,143,146,119,140
1,<environment.Job instance at 0x153e0cff85f0>,24,27,[11  1],25,143,170,118,141
1,<environment.Job instance at 0x153e087c0d70>,26,19,[ 2 11],27,146,165,119,141
1,<environment.Job instance at 0x153e06be3320>,18,14,[11  2],19,170,184,151,167
1,<environment.Job instance at 0x153ded0863c0>,28,24,[5 2],29,184,208,155,179
1,<environment.Job instance at 0x153ded118140>,29,3,[5 1],30,184,187,154,184
1,<environment.Job instance at 0x153e06be3780>,21,12,[ 1 13],22,270,282,248,270
1,<environment.Job instance at 0x153ded118fa0>,32,20,[12  2],33,271,291,238,271
1,<environment.Job instance at 0x153e0e92d2d0>,31,14,[ 2 11],32,282,296,250,274
1,<environment.Job instance at 0x153dece58550>,34,2,[11  1],35,292,294,257,292
1,<environment.Job instance at 0x153ded77ad20>,36,25,[13  1],37,295,320,258,295
1,<environment.Job instance at 0x153ded341190>,37,22,[14  2],38,320,342,282,313
1,<environment.Job instance at 0x153ded239280>,40,21,[ 1 10],41,328,349,287,328
1,<environment.Job instance at 0x153ded453d20>,33,2,[12  1],34,342,344,308,338
1,<environment.Job instance at 0x153e08daebe0>,43,26,[12  1],44,344,370,300,342
1,<environment.Job instance at 0x153e08dae500>,42,3,[ 2 13],43,349,352,306,344
1,<environment.Job instance at 0x153e0d9c4690>,46,22,[ 2 10],47,352,374,305,347
1,<environment.Job instance at 0x153e0d9c46e0>,47,26,[ 2 14],48,374,400,326,371
1,<environment.Job instance at 0x153e0d9c41e0>,45,16,[1 8],46,400,416,354,393
1,<environment.Job instance at 0x153e0f908550>,50,1,[12  2],51,403,404,352,403
1,<environment.Job instance at 0x153e0f9085f0>,51,22,[ 2 10],52,416,438,364,409
1,<environment.Job instance at 0x153e0f908910>,54,26,[ 1 11],55,438,464,383,435
1,<environment.Job instance at 0x153ded7cca00>,53,1,[ 2 12],54,471,472,417,471
1,<environment.Job instance at 0x153e06bf1280>,57,22,[7 1],58,472,494,414,472
1,<environment.Job instance at 0x153e06bf1640>,58,25,[ 1 12],59,472,497,413,472
1,<environment.Job instance at 0x153e0d0b3550>,59,25,[12  1],60,494,519,434,490
1,<environment.Job instance at 0x153e06bf17d0>,60,23,[13  2],61,519,542,458,514
1,<environment.Job instance at 0x153e0d0b3230>,62,1,[13  2],63,542,543,479,516
1,<environment.Job instance at 0x153e0d0b3cd0>,64,28,[ 1 13],65,534,562,469,534
1,<environment.Job instance at 0x153e0d0b3460>,66,26,[ 2 13],67,562,588,495,560
1,<environment.Job instance at 0x153e0d0b36e0>,67,25,[11  1],68,560,585,492,560
1,<environment.Job instance at 0x153e0d029be0>,16,2,[11  1],17,585,587,568,580
1,<environment.Job instance at 0x153e08db49b0>,71,27,[1 7],72,588,615,516,586
1,<environment.Job instance at 0x153e0ef5e6e0>,73,2,[9 1],74,587,589,513,587
1,<environment.Job instance at 0x153e0ef5edc0>,74,22,[10  2],75,589,611,514,587
1,<environment.Job instance at 0x153e0ef5ecd0>,77,24,[1 6],78,627,651,549,627
1,<environment.Job instance at 0x153e06bf1fa0>,56,15,[ 1 12],57,651,666,594,650
1,<environment.Job instance at 0x153e08c97be0>,4,13,[ 1 11],5,712,725,707,712
1,<environment.Job instance at 0x153e0ef5eaf0>,75,12,[ 2 13],76,931,943,855,931
1,<environment.Job instance at 0x153e0ef5e960>,78,14,[12  2],79,980,994,901,980
1,<environment.Job instance at 0x153e087c09b0>,27,12,[ 2 12],28,1708,1720,1680,1708
1,<environment.Job instance at 0x153e0d095b40>,1,22,[7 2],2,2,24,0,2
1,<environment.Job instance at 0x153ded2d69b0>,10,22,[ 1 11],11,12,34,1,12
1,<environment.Job instance at 0x153ded2d6410>,5,21,[13  2],6,24,45,18,16
1,<environment.Job instance at 0x153ded2d6e10>,15,23,[ 2 13],16,35,58,19,35
1,<environment.Job instance at 0x153ded2d6a50>,11,26,[8 1],12,49,75,37,49
1,<environment.Job instance at 0x153ded2d6e60>,16,27,[ 1 14],17,58,85,41,57
1,<environment.Job instance at 0x153ded2d6f00>,20,27,[ 1 10],21,85,112,64,83
1,<environment.Job instance at 0x153ded2b0190>,21,27,[2 5],22,90,117,68,90
1,<environment.Job instance at 0x153ded2b02d0>,22,28,[ 1 12],23,117,145,94,116
1,<environment.Job instance at 0x153ded2d6fa0>,19,19,[12  1],20,118,137,98,118
1,<environment.Job instance at 0x153ded2b0690>,28,26,[ 1 11],29,145,171,116,143
1,<environment.Job instance at 0x153ded2b0870>,31,28,[14  1],32,151,179,119,151
1,<environment.Job instance at 0x153ded2b04b0>,25,12,[ 2 12],26,179,191,153,170
1,<environment.Job instance at 0x153ded2b0910>,32,24,[11  1],33,179,203,146,174
1,<environment.Job instance at 0x153ded2b0aa0>,34,25,[ 1 14],35,191,216,156,187
1,<environment.Job instance at 0x153ded2b0dc0>,38,21,[12  1],39,203,224,164,198
1,<environment.Job instance at 0x153ded2b20f0>,41,20,[12  1],42,224,244,182,216
1,<environment.Job instance at 0x153ded2d6b90>,12,2,[ 1 14],13,233,235,220,233
1,<environment.Job instance at 0x153ded2b2460>,46,26,[12  1],47,244,270,197,241
1,<environment.Job instance at 0x153ded2b2410>,47,25,[ 2 14],48,241,266,193,241
1,<environment.Job instance at 0x153ded2b2690>,50,22,[ 2 10],51,266,288,215,261
1,<environment.Job instance at 0x153ded2b2870>,51,27,[ 2 10],52,288,315,236,287
1,<environment.Job instance at 0x153ded2b28c0>,52,1,[ 1 12],53,315,316,262,287
1,<environment.Job instance at 0x153ded2b29b0>,53,15,[13  2],54,298,313,244,298
1,<environment.Job instance at 0x153ded2b22d0>,43,20,[ 1 12],44,316,336,272,307
1,<environment.Job instance at 0x153ded2b2910>,54,20,[ 1 11],55,336,356,281,330
1,<environment.Job instance at 0x153ded2b2be0>,56,28,[2 7],57,356,384,299,356
1,<environment.Job instance at 0x153ded2b2dc0>,60,28,[11  1],61,356,384,295,356
1,<environment.Job instance at 0x153ded2d41e0>,64,21,[14  1],65,384,405,319,379
1,<environment.Job instance at 0x153ded2d4190>,65,21,[8 2],66,405,426,339,398
1,<environment.Job instance at 0x153ded2b2f50>,62,21,[14  2],63,426,447,363,420
1,<environment.Job instance at 0x153ded2b0eb0>,39,2,[14  1],40,447,449,407,422
1,<environment.Job instance at 0x153ded2d44b0>,70,23,[13  2],71,449,472,378,443
1,<environment.Job instance at 0x153ded2d46e0>,72,22,[ 2 11],73,449,471,376,449
1,<environment.Job instance at 0x153ded2d4780>,73,21,[ 1 13],74,471,492,397,466
1,<environment.Job instance at 0x153ded2d4870>,76,26,[ 2 10],77,492,518,415,489
1,<environment.Job instance at 0x153ded2b25f0>,49,3,[ 2 14],50,518,521,468,504
1,<environment.Job instance at 0x153ded2d4410>,67,2,[13  1],68,508,510,440,508
1,<environment.Job instance at 0x153ded2d4910>,77,19,[ 2 13],78,521,540,443,512
1,<environment.Job instance at 0x153ded2d4370>,68,16,[ 2 11],69,646,662,577,646
1,<environment.Job instance at 0x153ded2d4460>,3,25,[ 1 12],4,4,29,0,4
1,<environment.Job instance at 0x153e08caf3c0>,4,27,[5 2],5,5,32,0,5
1,<environment.Job instance at 0x153ded2d4370>,6,27,[ 2 12],7,29,56,22,28
1,<environment.Job instance at 0x153e08caff50>,7,27,[8 1],8,28,55,20,28
1,<environment.Job instance at 0x153e0d9c09b0>,0,1,[13  1],1,55,56,54,28
1,<environment.Job instance at 0x153e08caf870>,11,22,[13  2],12,56,78,44,49
1,<environment.Job instance at 0x153e08caf320>,8,20,[ 2 12],9,56,76,47,55
1,<environment.Job instance at 0x153e08caf140>,12,1,[ 2 11],13,76,77,63,75
1,<environment.Job instance at 0x153e06c19cd0>,14,26,[5 1],15,78,104,63,77
1,<environment.Job instance at 0x153e06c19f00>,16,19,[ 2 13],17,81,100,64,81
1,<environment.Job instance at 0x153e06c19e60>,19,2,[11  2],20,104,106,84,101
1,<environment.Job instance at 0x153e06c19c80>,20,17,[ 1 12],21,102,119,81,102
1,<environment.Job instance at 0x153e06c19410>,21,27,[13  2],22,106,133,84,104
1,<environment.Job instance at 0x153e06c190f0>,23,21,[ 2 13],24,119,140,95,111
1,<environment.Job instance at 0x153e06c19a00>,24,19,[13  1],25,133,152,108,126
1,<environment.Job instance at 0x153e06c19d20>,25,21,[ 2 10],26,140,161,114,136
1,<environment.Job instance at 0x153e06c19370>,26,25,[13  2],27,152,177,125,148
1,<environment.Job instance at 0x153e06c199b0>,15,16,[11  2],16,177,193,161,164
1,<environment.Job instance at 0x153e06c19910>,28,24,[8 1],29,193,217,164,188
1,<environment.Job instance at 0x153e08caf230>,9,20,[11  1],10,217,237,207,209
1,<environment.Job instance at 0x153e06c195a0>,27,1,[14  1],28,237,238,209,209
1,<environment.Job instance at 0x153e06c19b90>,30,3,[ 1 11],31,220,223,189,220
1,<environment.Job instance at 0x153e06c19a50>,34,23,[ 2 11],35,238,261,203,232
1,<environment.Job instance at 0x153e06c19320>,35,22,[9 1],36,238,260,202,232
1,<environment.Job instance at 0x153ded088b40>,38,1,[13  2],39,260,261,221,246
1,<environment.Job instance at 0x153ded088370>,40,21,[2 5],41,261,282,220,253
1,<environment.Job instance at 0x153ded088500>,41,19,[ 1 11],42,282,301,240,274
1,<environment.Job instance at 0x153e08cafe10>,5,16,[12  1],6,274,290,268,274
1,<environment.Job instance at 0x153ded0886e0>,43,24,[ 1 14],44,301,325,257,296
1,<environment.Job instance at 0x153ded0888c0>,44,18,[13  2],45,325,343,280,316
1,<environment.Job instance at 0x153ded088b90>,46,25,[9 2],47,343,368,296,339
1,<environment.Job instance at 0x153ded088eb0>,49,18,[1 9],50,344,362,294,344
1,<environment.Job instance at 0x153ded088dc0>,51,27,[11  2],52,368,395,316,366
1,<environment.Job instance at 0x153ded0885f0>,39,2,[ 1 11],40,366,368,326,366
1,<environment.Job instance at 0x153ded0880f0>,54,25,[8 2],55,395,420,340,391
1,<environment.Job instance at 0x153ded088870>,56,27,[14  2],57,420,447,363,418
1,<environment.Job instance at 0x153e043196e0>,57,12,[1 5],58,429,441,371,429
1,<environment.Job instance at 0x153e04319b40>,55,19,[13  1],56,447,466,391,438
1,<environment.Job instance at 0x153e043194b0>,58,1,[2 9],59,447,448,388,439
1,<environment.Job instance at 0x153e06c19f50>,31,3,[ 2 11],32,459,462,427,459
1,<environment.Job instance at 0x153e043193c0>,61,27,[6 1],62,466,493,404,464
1,<environment.Job instance at 0x153ded088e10>,48,14,[11  1],49,493,507,444,479
1,<environment.Job instance at 0x153e041fc0f0>,66,3,[14  1],67,507,510,440,482
1,<environment.Job instance at 0x153e041fc280>,67,22,[2 5],68,482,504,414,482
1,<environment.Job instance at 0x153e041fc960>,68,19,[14  2],69,510,529,441,500
1,<environment.Job instance at 0x153dece40690>,64,2,[ 1 13],65,526,528,461,526
1,<environment.Job instance at 0x153e041fcb90>,71,23,[5 1],72,529,552,457,528
1,<environment.Job instance at 0x153e085ce3c0>,72,19,[7 1],73,530,549,457,530
1,<environment.Job instance at 0x153ded3d5730>,65,16,[ 2 12],66,542,558,476,542
1,<environment.Job instance at 0x153e085cebe0>,75,19,[9 2],76,552,571,476,545
1,<environment.Job instance at 0x153e085ce4b0>,76,28,[2 9],77,558,586,481,557
1,<environment.Job instance at 0x153e085ce780>,78,25,[1 8],79,586,611,507,582
1,<environment.Job instance at 0x153e0d9c0870>,1,12,[ 1 14],2,611,623,609,605
1,<environment.Job instance at 0x153e085ceb40>,73,13,[ 1 12],74,645,658,571,645
1,<environment.Job instance at 0x153e04319be0>,63,13,[12  2],64,1033,1046,969,1033
1,<environment.Job instance at 0x153e041fc8c0>,69,13,[ 1 13],70,2485,2498,2415,2485
1,<environment.Job instance at 0x153ded156500>,1,28,[12  2],2,2,30,0,2
1,<environment.Job instance at 0x153e08d8f4b0>,4,26,[2 9],5,7,33,2,7
1,<environment.Job instance at 0x153e08d8f870>,3,28,[11  2],4,30,58,26,29
1,<environment.Job instance at 0x153e08d8f820>,8,26,[6 1],9,58,84,49,55
1,<environment.Job instance at 0x153e0da19230>,17,28,[6 2],18,58,86,40,57
1,<environment.Job instance at 0x153e0da19550>,18,2,[12  1],19,86,88,67,60
1,<environment.Job instance at 0x153e0da19cd0>,20,25,[ 1 11],21,61,86,40,61
1,<environment.Job instance at 0x153e08d8feb0>,6,1,[14  1],7,88,89,81,77
1,<environment.Job instance at 0x153e0da19c30>,15,18,[14  2],16,89,107,73,84
1,<environment.Job instance at 0x153e042b1500>,25,24,[1 7],26,86,110,60,85
1,<environment.Job instance at 0x153e042b1b40>,26,22,[ 2 12],27,110,132,83,104
1,<environment.Job instance at 0x153e042b18c0>,27,26,[10  2],28,107,133,79,105
1,<environment.Job instance at 0x153ded1f06e0>,23,2,[ 2 11],24,132,134,108,128
1,<environment.Job instance at 0x153e08d8f370>,9,17,[ 1 11],10,134,151,124,129
1,<environment.Job instance at 0x153e042b1050>,32,1,[11  2],33,135,136,102,135
1,<environment.Job instance at 0x153e042b1dc0>,31,19,[ 1 11],32,151,170,119,142
1,<environment.Job instance at 0x153e042b1a00>,33,2,[ 1 14],34,170,172,136,156
1,<environment.Job instance at 0x153e042b1690>,39,25,[ 2 14],40,172,197,132,168
1,<environment.Job instance at 0x153e042b1730>,42,23,[12  2],43,197,220,154,191
1,<environment.Job instance at 0x153e040f9050>,44,3,[12  1],45,220,223,175,218
1,<environment.Job instance at 0x153ded1f0a00>,22,2,[ 2 13],23,221,223,198,221
1,<environment.Job instance at 0x153e040f9410>,49,27,[ 2 11],50,223,250,173,222
1,<environment.Job instance at 0x153e040f9f50>,51,26,[14  1],52,250,276,198,247
1,<environment.Job instance at 0x153e040f9370>,53,25,[13  1],54,276,301,222,272
1,<environment.Job instance at 0x153e040f9910>,54,22,[1 9],55,273,295,218,273
1,<environment.Job instance at 0x153e040f9fa0>,50,20,[14  2],51,301,321,250,295
1,<environment.Job instance at 0x153e0d9f1dc0>,57,27,[14  1],58,321,348,263,319
1,<environment.Job instance at 0x153e042b1aa0>,28,14,[ 2 14],29,348,362,319,340
1,<environment.Job instance at 0x153e0d9f1eb0>,62,27,[ 1 12],63,362,389,299,360
1,<environment.Job instance at 0x153e0d9f1b90>,63,26,[ 1 12],64,389,415,325,386
1,<environment.Job instance at 0x153e0d9f1280>,64,16,[12  2],65,400,416,335,400
1,<environment.Job instance at 0x153e0d9f1500>,65,17,[10  2],66,416,433,350,410
1,<environment.Job instance at 0x153e0d9f1370>,66,23,[6 1],67,433,456,366,427
1,<environment.Job instance at 0x153e0708aaa0>,68,1,[9 2],69,433,434,364,427
1,<environment.Job instance at 0x153e0708af00>,69,2,[11  2],70,456,458,386,439
1,<environment.Job instance at 0x153e0708a410>,70,2,[ 2 13],71,454,456,383,454
1,<environment.Job instance at 0x153e0708a640>,71,1,[ 2 11],72,456,457,384,454
1,<environment.Job instance at 0x153e0708a190>,72,17,[2 7],73,457,474,384,456
1,<environment.Job instance at 0x153e0708aa50>,73,3,[6 2],74,460,463,386,460
1,<environment.Job instance at 0x153e040f9190>,55,1,[ 2 11],56,474,475,418,462
1,<environment.Job instance at 0x153e0708a820>,75,22,[ 1 14],76,475,497,399,468
1,<environment.Job instance at 0x153e0708abe0>,77,22,[ 2 14],78,497,519,419,490
1,<environment.Job instance at 0x153e0708a6e0>,78,19,[ 2 10],79,519,538,440,509
1,<environment.Job instance at 0x153e0708a320>,76,3,[ 1 12],77,538,541,461,533
1,<environment.Job instance at 0x153e0d9f1230>,60,12,[11  1],61,611,623,550,611
1,<environment.Job instance at 0x153e040f9550>,45,16,[ 2 14],46,717,733,671,717
1,<environment.Job instance at 0x153e041aeaa0>,0,23,[ 2 14],1,1,24,0,1
1,<environment.Job instance at 0x153e0d0f8190>,6,27,[6 1],7,10,37,3,10
1,<environment.Job instance at 0x153e0d0f88c0>,7,22,[6 2],8,24,46,16,20
1,<environment.Job instance at 0x153e0d0505f0>,1,26,[ 1 12],2,24,50,22,23
1,<environment.Job instance at 0x153e0d0f8140>,9,25,[14  2],10,46,71,36,42
1,<environment.Job instance at 0x153e0d0f83c0>,14,23,[5 2],15,71,94,56,67
1,<environment.Job instance at 0x153e0d0f86e0>,16,26,[8 2],17,71,97,54,68
1,<environment.Job instance at 0x153e0d0f8d70>,17,26,[1 9],18,68,94,50,68
1,<environment.Job instance at 0x153e08cab910>,20,27,[1 7],21,95,122,74,95
1,<environment.Job instance at 0x153e0d0f8eb0>,8,3,[ 1 13],9,122,125,113,100
1,<environment.Job instance at 0x153e08cab7d0>,24,1,[9 2],25,102,103,77,102
1,<environment.Job instance at 0x153e08cab9b0>,25,21,[10  2],26,105,126,79,105
1,<environment.Job instance at 0x153e08cabc30>,27,26,[11  1],28,126,152,98,124
1,<environment.Job instance at 0x153e08cab820>,28,24,[ 1 13],29,130,154,101,130
1,<environment.Job instance at 0x153e041ae640>,2,19,[ 2 14],3,154,173,151,150
1,<environment.Job instance at 0x153e08cabfa0>,31,26,[ 2 13],32,173,199,141,170
1,<environment.Job instance at 0x153e08cabe10>,32,25,[9 1],33,170,195,137,170
1,<environment.Job instance at 0x153e08cabcd0>,26,19,[ 2 14],27,199,218,172,198
1,<environment.Job instance at 0x153ded5b6550>,35,14,[12  1],36,206,220,170,206
1,<environment.Job instance at 0x153e08caba50>,33,2,[13  1],34,220,222,186,218
1,<environment.Job instance at 0x153ded5b60a0>,37,19,[ 1 13],38,228,247,190,228
1,<environment.Job instance at 0x153ded5b6410>,36,1,[12  2],37,231,232,194,231
1,<environment.Job instance at 0x153ded5b6af0>,38,23,[ 1 14],39,247,270,208,241
1,<environment.Job instance at 0x153ded5b6e60>,41,24,[1 9],42,270,294,228,265
1,<environment.Job instance at 0x153ded5b6820>,42,3,[ 2 12],43,294,297,251,269
1,<environment.Job instance at 0x153ded5b6870>,45,19,[1 5],46,270,289,224,270
1,<environment.Job instance at 0x153ded5b6aa0>,46,23,[9 1],47,271,294,224,271
1,<environment.Job instance at 0x153ded5b6960>,47,28,[13  1],48,294,322,246,293
1,<environment.Job instance at 0x153e0411ad70>,50,20,[ 1 13],51,304,324,253,304
1,<environment.Job instance at 0x153e0411ae60>,51,26,[ 2 11],52,324,350,272,321
1,<environment.Job instance at 0x153e0411a0f0>,52,24,[ 2 11],53,350,374,297,346
1,<environment.Job instance at 0x153e0411afa0>,53,24,[6 1],54,346,370,292,346
1,<environment.Job instance at 0x153e08cab8c0>,22,1,[ 1 12],23,375,376,352,375
1,<environment.Job instance at 0x153ded6e69b0>,54,16,[13  2],55,375,391,320,375
1,<environment.Job instance at 0x153ded6e6d20>,56,1,[2 6],57,385,386,328,385
1,<environment.Job instance at 0x153ded6e60f0>,57,1,[2 7],58,398,399,340,398
1,<environment.Job instance at 0x153ded6e6aa0>,55,13,[12  1],56,401,414,345,401
1,<environment.Job instance at 0x153ded6e6f50>,60,26,[8 2],61,414,440,353,411
1,<environment.Job instance at 0x153ded6e6b90>,61,24,[9 2],62,440,464,378,436
1,<environment.Job instance at 0x153ded6e6910>,62,2,[ 2 12],63,437,439,374,437
1,<environment.Job instance at 0x153ded6e66e0>,63,1,[ 1 11],64,468,469,404,468
1,<environment.Job instance at 0x153ded6e64b0>,66,1,[ 1 11],67,470,471,403,470
1,<environment.Job instance at 0x153e0d0f8be0>,15,3,[11  2],16,472,475,456,472
1,<environment.Job instance at 0x153e087f7e10>,69,23,[ 1 13],70,473,496,403,473
1,<environment.Job instance at 0x153e087f7f50>,68,3,[ 2 13],69,501,504,432,501
1,<environment.Job instance at 0x153ded3ad230>,71,28,[8 1],72,501,529,429,501
1,<environment.Job instance at 0x153ded3adaf0>,72,20,[1 9],73,504,524,431,501
1,<environment.Job instance at 0x153ded3adfa0>,73,25,[12  2],74,529,554,455,525
1,<environment.Job instance at 0x153ded3ad3c0>,75,16,[ 2 13],76,532,548,456,532
1,<environment.Job instance at 0x153ded3ada50>,76,28,[9 1],77,554,582,477,553
1,<environment.Job instance at 0x153ded3ad550>,77,14,[11  1],78,582,596,504,568
1,<environment.Job instance at 0x153ded3adbe0>,78,22,[1 7],79,568,590,489,568
1,<environment.Job instance at 0x153ded6e6690>,65,1,[ 1 12],66,600,601,534,600
1,<environment.Job instance at 0x153ded3ade60>,70,17,[ 2 12],71,608,625,537,608
1,<environment.Job instance at 0x153e08cab190>,30,2,[14  2],31,702,704,671,702
1,<environment.Job instance at 0x153ded5b67d0>,39,14,[ 1 12],40,768,782,728,768
1,<environment.Job instance at 0x153ded548af0>,0,26,[1 8],1,1,27,0,1
1,<environment.Job instance at 0x153e08e076e0>,2,24,[13  2],3,3,27,0,3
1,<environment.Job instance at 0x153ded48f0a0>,8,28,[ 2 12],9,27,55,18,27
1,<environment.Job instance at 0x153ded495730>,4,24,[7 1],5,30,54,25,30
1,<environment.Job instance at 0x153ded48ef00>,12,26,[ 1 12],13,55,81,42,54
1,<environment.Job instance at 0x153ded48e640>,13,26,[11  2],14,58,84,44,58
1,<environment.Job instance at 0x153ded48e0a0>,16,23,[ 2 10],17,81,104,64,79
1,<environment.Job instance at 0x153ded48f730>,9,24,[11  1],10,84,108,74,79
1,<environment.Job instance at 0x153ded48e230>,17,19,[13  1],18,108,127,90,104
1,<environment.Job instance at 0x153ded48fa50>,7,28,[ 1 13],8,104,132,96,104
1,<environment.Job instance at 0x153ded48ed20>,18,1,[ 1 12],19,135,136,116,135
1,<environment.Job instance at 0x153ded3b7550>,24,21,[13  2],25,135,156,110,135
1,<environment.Job instance at 0x153ded3b75f0>,25,25,[ 1 13],26,136,161,110,136
1,<environment.Job instance at 0x153ded3b7820>,26,25,[ 2 12],27,161,186,134,159
1,<environment.Job instance at 0x153ded3b79b0>,28,25,[6 1],29,168,193,139,168
1,<environment.Job instance at 0x153ded3b7a50>,29,23,[9 2],30,186,209,156,183
1,<environment.Job instance at 0x153ded3b7aa0>,31,24,[14  2],32,209,233,177,205
1,<environment.Job instance at 0x153ded5b6c30>,1,1,[ 1 12],2,205,206,203,205
1,<environment.Job instance at 0x153ded3b7140>,19,19,[ 2 12],20,233,252,213,231
1,<environment.Job instance at 0x153ded3b7c80>,32,20,[11  2],33,249,269,216,249
1,<environment.Job instance at 0x153ded3b7e60>,35,22,[2 5],36,252,274,216,250
1,<environment.Job instance at 0x153ded3b7fa0>,37,28,[9 1],38,269,297,231,268
1,<environment.Job instance at 0x153ded3b7f50>,38,28,[2 5],39,270,298,231,270
1,<environment.Job instance at 0x153ded3b7eb0>,39,25,[14  1],40,298,323,258,294
1,<environment.Job instance at 0x153e090360a0>,40,24,[10  2],41,323,347,282,318
1,<environment.Job instance at 0x153ded48eb40>,15,2,[14  1],16,347,349,331,321
1,<environment.Job instance at 0x153e09036140>,43,2,[1 9],44,328,330,284,328
1,<environment.Job instance at 0x153ded3b7f00>,36,24,[ 2 14],37,349,373,312,344
1,<environment.Job instance at 0x153ded3b7c30>,34,1,[ 1 11],35,373,374,338,358
1,<environment.Job instance at 0x153e09036460>,48,24,[7 1],49,359,383,310,359
1,<environment.Job instance at 0x153e090368c0>,50,22,[ 2 12],51,374,396,323,367
1,<environment.Job instance at 0x153e09036690>,51,27,[ 2 14],52,396,423,344,394
1,<environment.Job instance at 0x153e09036640>,46,22,[11  2],47,423,445,376,417
1,<environment.Job instance at 0x153e090363c0>,44,18,[14  1],45,447,465,402,447
1,<environment.Job instance at 0x153e09036be0>,54,19,[ 1 13],55,458,477,403,458
1,<environment.Job instance at 0x153e09036af0>,55,18,[13  1],56,465,483,409,464
1,<environment.Job instance at 0x153e09036500>,56,1,[14  2],57,483,484,426,474
1,<environment.Job instance at 0x153e09036d70>,57,19,[14  1],58,484,503,426,474
1,<environment.Job instance at 0x153e09036b40>,58,24,[ 1 14],59,484,508,425,481
1,<environment.Job instance at 0x153e09036dc0>,59,25,[11  2],60,508,533,448,504
1,<environment.Job instance at 0x153e09036f00>,60,16,[13  1],61,533,549,472,525
1,<environment.Job instance at 0x153e09036e60>,61,23,[13  2],62,549,572,487,543
1,<environment.Job instance at 0x153e09020050>,62,2,[ 2 14],63,572,574,509,559
1,<environment.Job instance at 0x153e090202d0>,63,3,[ 2 12],64,564,567,500,564
1,<environment.Job instance at 0x153e09020280>,64,26,[ 2 10],65,574,600,509,571
1,<environment.Job instance at 0x153e09020460>,66,16,[11  2],67,589,605,522,589
1,<environment.Job instance at 0x153e09020190>,67,24,[2 7],68,600,624,532,595
1,<environment.Job instance at 0x153e09020690>,68,20,[ 2 13],69,624,644,555,618
1,<environment.Job instance at 0x153e090362d0>,41,13,[ 1 13],42,658,671,616,658
1,<environment.Job instance at 0x153e09020500>,70,1,[1 8],71,671,672,600,658
1,<environment.Job instance at 0x153e090206e0>,71,18,[13  2],72,660,678,588,660
1,<environment.Job instance at 0x153e09020820>,72,27,[2 9],73,672,699,599,670
1,<environment.Job instance at 0x153e09020780>,73,19,[ 2 11],74,699,718,625,689
1,<environment.Job instance at 0x153e09020960>,74,28,[ 1 11],75,718,746,643,717
1,<environment.Job instance at 0x153e09020a00>,75,26,[2 8],76,746,772,670,743
1,<environment.Job instance at 0x153e090208c0>,76,23,[2 8],77,772,795,695,766
1,<environment.Job instance at 0x153e09020c30>,77,23,[1 7],78,766,789,688,766
1,<environment.Job instance at 0x153e09020cd0>,78,21,[14  2],79,795,816,716,787
1,<environment.Job instance at 0x153e09036a00>,52,12,[ 2 11],53,832,844,779,832
1,<environment.Job instance at 0x153ded3b70f0>,23,13,[ 1 14],24,1048,1061,1024,1048
1,<environment.Job instance at 0x153e09036aa0>,53,12,[ 1 12],54,1118,1130,1064,1118
1,<environment.Job instance at 0x153e09020730>,69,12,[ 2 14],70,1916,1928,1846,1916
1,<environment.Job instance at 0x153e0ef49c80>,1,28,[ 2 13],2,2,30,0,2
1,<environment.Job instance at 0x153ded7e8820>,8,17,[13  2],9,22,39,13,22
1,<environment.Job instance at 0x153ded7e8690>,7,26,[2 6],8,30,56,22,30
1,<environment.Job instance at 0x153ded7e8eb0>,10,23,[13  2],11,39,62,28,33
1,<environment.Job instance at 0x153e087df910>,16,23,[2 8],17,56,79,39,55
1,<environment.Job instance at 0x153ded7e8e10>,9,27,[1 9],10,79,106,69,77
1,<environment.Job instance at 0x153e08c5b7d0>,20,17,[14  1],21,97,114,76,97
1,<environment.Job instance at 0x153e0ef49e60>,0,3,[11  1],1,114,117,113,111
1,<environment.Job instance at 0x153e06b21320>,23,20,[12  1],24,117,137,93,111
1,<environment.Job instance at 0x153ded7e8a00>,6,21,[ 2 11],7,114,135,107,111
1,<environment.Job instance at 0x153e08cafeb0>,26,28,[13  2],27,137,165,110,136
1,<environment.Job instance at 0x153e0419a780>,29,19,[ 2 11],30,160,179,130,160
1,<environment.Job instance at 0x153ded4b7460>,30,20,[ 1 12],31,179,199,148,170
1,<environment.Job instance at 0x153ded4b7b90>,31,28,[ 2 11],32,199,227,167,198
1,<environment.Job instance at 0x153ded4b70a0>,32,1,[12  1],33,213,214,180,213
1,<environment.Job instance at 0x153ded4b7c80>,33,28,[6 2],34,214,242,180,213
1,<environment.Job instance at 0x153e0419aaa0>,28,15,[11  2],29,242,257,213,235
1,<environment.Job instance at 0x153ded4b7aa0>,35,2,[12  1],36,257,259,221,252
1,<environment.Job instance at 0x153deccc38c0>,37,14,[ 1 10],38,255,269,217,255
1,<environment.Job instance at 0x153e06b219b0>,21,21,[14  1],22,259,280,237,259
1,<environment.Job instance at 0x153ded7e8f50>,14,17,[ 1 12],15,345,362,330,345
1,<environment.Job instance at 0x153deccc3d20>,38,14,[11  2],39,356,370,317,356
1,<environment.Job instance at 0x153deccc30f0>,43,19,[ 2 14],44,370,389,326,367
1,<environment.Job instance at 0x153deccc3640>,42,1,[11  1],43,371,372,328,371
1,<environment.Job instance at 0x153e08d7d820>,45,24,[11  2],46,389,413,343,384
1,<environment.Job instance at 0x153e08d7dc30>,46,20,[8 1],47,413,433,366,405
1,<environment.Job instance at 0x153deccc3e60>,44,19,[14  1],45,433,452,388,429
1,<environment.Job instance at 0x153ded4b7e10>,36,17,[ 1 12],37,434,451,397,434
1,<environment.Job instance at 0x153e08d7d460>,49,24,[8 2],50,452,476,402,448
1,<environment.Job instance at 0x153e08d1f230>,52,26,[13  1],53,476,502,423,473
1,<environment.Job instance at 0x153e08d1f8c0>,53,24,[ 2 14],54,476,500,422,473
1,<environment.Job instance at 0x153e08d1f910>,55,1,[ 2 14],56,502,503,446,502
1,<environment.Job instance at 0x153e08d1fc80>,56,25,[ 1 14],57,503,528,446,502
1,<environment.Job instance at 0x153e08d1f050>,58,26,[10  1],59,505,531,446,505
1,<environment.Job instance at 0x153e08d1f370>,60,23,[9 2],61,531,554,470,525
1,<environment.Job instance at 0x153e08d1fbe0>,62,24,[11  1],63,554,578,491,549
1,<environment.Job instance at 0x153e08d1fa50>,64,13,[ 2 12],65,570,583,505,570
1,<environment.Job instance at 0x153e06b21e60>,22,17,[ 2 14],23,583,600,560,576
1,<environment.Job instance at 0x153e08d7dd20>,48,2,[ 2 14],49,600,602,551,590
1,<environment.Job instance at 0x153e08d1f1e0>,69,23,[8 2],70,602,625,532,597
1,<environment.Job instance at 0x153e08d1f3c0>,70,24,[1 6],71,602,626,531,597
1,<environment.Job instance at 0x153e08d1faa0>,68,2,[ 2 14],69,640,642,571,640
1,<environment.Job instance at 0x153e08d0f370>,74,22,[2 6],75,642,664,567,640
1,<environment.Job instance at 0x153e08d0fb90>,75,3,[14  1],76,664,667,588,640
1,<environment.Job instance at 0x153deccc3fa0>,41,3,[ 2 13],42,667,670,625,645
1,<environment.Job instance at 0x153e08d7df00>,47,13,[14  2],48,676,689,628,676
1,<environment.Job instance at 0x153e08d0fd20>,76,1,[ 2 14],77,689,690,612,686
1,<environment.Job instance at 0x153e08d0f820>,78,24,[ 1 12],79,695,719,616,695
1,<environment.Job instance at 0x153e08d0f550>,73,3,[ 1 11],74,719,722,645,719
1,<environment.Job instance at 0x153e08d1fe60>,65,17,[ 1 14],66,807,824,741,807
1,<environment.Job instance at 0x153e08582320>,0,24,[1 9],1,1,25,0,1
1,<environment.Job instance at 0x153e08d1fe60>,4,21,[9 1],5,6,27,1,6
1,<environment.Job instance at 0x153e040989b0>,1,22,[ 2 12],2,25,47,23,22
1,<environment.Job instance at 0x153decc8bc30>,7,20,[5 1],8,27,47,19,23
1,<environment.Job instance at 0x153e0dab7c30>,9,25,[6 1],10,27,52,17,25
1,<environment.Job instance at 0x153deccf8eb0>,8,26,[9 1],9,47,73,38,44
1,<environment.Job instance at 0x153decde9960>,15,27,[12  2],16,73,100,57,71
1,<environment.Job instance at 0x153e088311e0>,18,26,[7 2],19,100,126,81,97
1,<environment.Job instance at 0x153decde93c0>,16,23,[ 1 13],17,108,131,91,108
1,<environment.Job instance at 0x153e0871a640>,22,27,[13  1],23,126,153,103,125
1,<environment.Job instance at 0x153e0d0e5b40>,20,1,[ 2 12],21,154,155,133,154
1,<environment.Job instance at 0x153ded637370>,13,3,[12  2],14,157,160,143,157
1,<environment.Job instance at 0x153e08582730>,3,3,[11  2],4,164,167,160,164
1,<environment.Job instance at 0x153e04090f50>,27,21,[13  2],28,167,188,139,164
1,<environment.Job instance at 0x153e0419a230>,33,3,[ 1 14],34,199,202,165,199
1,<environment.Job instance at 0x153ded7dceb0>,34,2,[10  2],35,202,204,167,202
1,<environment.Job instance at 0x153ded7dcc30>,35,22,[6 1],36,204,226,168,202
1,<environment.Job instance at 0x153ded7dc7d0>,36,25,[ 2 12],37,202,227,165,202
1,<environment.Job instance at 0x153ded68da00>,38,19,[7 2],39,210,229,171,210
1,<environment.Job instance at 0x153ded68daf0>,40,25,[14  2],41,229,254,188,225
1,<environment.Job instance at 0x153ded68d0f0>,42,25,[ 2 10],43,254,279,211,250
1,<environment.Job instance at 0x153ded68d4b0>,43,3,[1 6],44,251,254,207,251
1,<environment.Job instance at 0x153ded68d640>,44,21,[11  1],45,254,275,209,251
1,<environment.Job instance at 0x153e0419a190>,31,13,[ 1 11],32,279,292,247,273
1,<environment.Job instance at 0x153ded68d370>,46,16,[ 1 14],47,292,308,245,290
1,<environment.Job instance at 0x153ded68d550>,48,24,[ 2 11],49,308,332,259,303
1,<environment.Job instance at 0x153ded68d280>,49,16,[ 2 11],50,332,348,282,319
1,<environment.Job instance at 0x153e085c1410>,50,21,[ 1 13],51,348,369,297,341
1,<environment.Job instance at 0x153ded679140>,53,21,[ 1 14],54,369,390,315,361
1,<environment.Job instance at 0x153e085c1320>,54,20,[7 2],55,390,410,335,381
1,<environment.Job instance at 0x153deccf8e60>,12,14,[ 2 12],13,445,459,432,445
1,<environment.Job instance at 0x153ded4e2410>,57,19,[13  2],58,451,470,393,451
1,<environment.Job instance at 0x153e080e0d70>,58,22,[ 2 14],59,470,492,411,463
1,<environment.Job instance at 0x153e080e0500>,59,25,[2 7],60,492,517,432,488
1,<environment.Job instance at 0x153e080e0280>,60,21,[ 1 11],61,517,538,456,512
1,<environment.Job instance at 0x153e080e04b0>,62,28,[2 7],63,538,566,475,537
1,<environment.Job instance at 0x153e080e09b0>,63,21,[14  2],64,566,587,502,558
1,<environment.Job instance at 0x153e080e0370>,64,27,[8 1],65,587,614,522,585
1,<environment.Job instance at 0x153e080e0230>,65,3,[2 7],66,593,596,527,593
1,<environment.Job instance at 0x153e080e0b90>,66,27,[ 1 13],67,596,623,529,594
1,<environment.Job instance at 0x153e080e05f0>,67,28,[9 2],68,614,642,546,613
1,<environment.Job instance at 0x153e0409fb40>,68,28,[ 2 12],69,623,651,554,622
1,<environment.Job instance at 0x153e0409feb0>,70,17,[13  1],71,647,664,576,647
1,<environment.Job instance at 0x153e0409f820>,71,22,[11  2],72,664,686,592,657
1,<environment.Job instance at 0x153ded0d64b0>,72,15,[13  2],73,688,703,615,688
1,<environment.Job instance at 0x153ded0d6500>,73,1,[ 2 14],74,703,704,629,689
1,<environment.Job instance at 0x153e08528140>,74,1,[1 7],75,694,695,619,694
1,<environment.Job instance at 0x153e0409fc80>,75,3,[ 1 14],76,704,707,628,703
1,<environment.Job instance at 0x153e0d9b5320>,76,26,[13  1],77,703,729,626,703
1,<environment.Job instance at 0x153e087e0fa0>,77,22,[ 1 14],78,707,729,629,707
1,<environment.Job instance at 0x153e085dc280>,78,20,[2 9],79,729,749,650,723
1,<environment.Job instance at 0x153ded7d14b0>,26,15,[ 2 12],27,941,956,914,941
1,<environment.Job instance at 0x153ded68d730>,47,15,[ 2 14],48,1106,1121,1058,1106
1,<environment.Job instance at 0x153e0871a8c0>,23,17,[ 2 12],24,1363,1380,1339,1363
1,<environment.Job instance at 0x153ded4e2d20>,55,14,[ 2 12],56,1957,1971,1901,1957
1,<environment.Job instance at 0x153e086b2e60>,3,24,[ 1 14],4,4,28,0,4
1,<environment.Job instance at 0x153e04078820>,9,20,[ 1 11],10,28,48,18,19
1,<environment.Job instance at 0x153e0d0e1f50>,6,1,[ 1 12],7,48,49,41,39
1,<environment.Job instance at 0x153e040aca00>,12,25,[14  2],13,39,64,26,39
1,<environment.Job instance at 0x153e040ac870>,14,23,[ 2 13],15,64,87,49,58
1,<environment.Job instance at 0x153e040ac460>,15,27,[12  1],16,64,91,48,62
1,<environment.Job instance at 0x153e040acb90>,18,26,[ 1 11],19,91,117,72,91
1,<environment.Job instance at 0x153e08548c30>,19,23,[ 1 13],20,117,140,97,111
1,<environment.Job instance at 0x153e08548690>,20,26,[1 8],21,140,166,119,137
1,<environment.Job instance at 0x153e085485a0>,21,24,[ 2 11],22,166,190,144,161
1,<environment.Job instance at 0x153e08548820>,23,25,[12  2],24,163,188,139,163
1,<environment.Job instance at 0x153decdcef50>,27,23,[6 2],28,188,211,160,184
1,<environment.Job instance at 0x153e0da19c80>,28,23,[6 2],29,188,211,159,187
1,<environment.Job instance at 0x153e04350a00>,29,22,[12  1],30,211,233,181,205
1,<environment.Job instance at 0x153e08548c80>,30,24,[ 1 14],31,211,235,180,206
1,<environment.Job instance at 0x153e040acf00>,10,3,[11  1],11,233,236,222,222
1,<environment.Job instance at 0x153e04350820>,32,19,[13  2],33,236,255,203,226
1,<environment.Job instance at 0x153e043507d0>,33,20,[14  2],34,255,275,221,246
1,<environment.Job instance at 0x153ded0605a0>,34,22,[10  2],35,275,297,240,268
1,<environment.Job instance at 0x153e041000a0>,35,22,[ 1 13],36,270,292,234,270
1,<environment.Job instance at 0x153dece3d870>,11,19,[ 2 13],12,292,311,280,291
1,<environment.Job instance at 0x153e087225a0>,37,12,[ 2 11],38,311,323,273,305
1,<environment.Job instance at 0x153e0da55230>,39,1,[2 9],40,323,324,283,305
1,<environment.Job instance at 0x153e0da55640>,40,27,[7 2],41,305,332,264,305
1,<environment.Job instance at 0x153ded306a50>,41,16,[14  2],42,332,348,290,327
1,<environment.Job instance at 0x153e040aac80>,42,16,[12  2],43,348,364,305,342
1,<environment.Job instance at 0x153ded60f820>,43,23,[2 8],44,348,371,304,342
1,<environment.Job instance at 0x153e0d0bf6e0>,44,2,[ 1 14],45,371,373,326,365
1,<environment.Job instance at 0x153deccc1f50>,0,16,[ 1 13],1,373,389,372,372
1,<environment.Job instance at 0x153e0d0bfaf0>,47,21,[13  1],48,374,395,326,374
1,<environment.Job instance at 0x153ded4d4960>,45,2,[ 2 13],46,396,398,350,396
1,<environment.Job instance at 0x153e080ddb90>,49,26,[ 2 13],50,398,424,348,396
1,<environment.Job instance at 0x153e080dd460>,50,20,[9 1],51,396,416,345,396
1,<environment.Job instance at 0x153ded3e10f0>,51,26,[2 9],52,424,450,372,421
1,<environment.Job instance at 0x153e04342460>,38,13,[12  1],39,424,437,385,424
1,<environment.Job instance at 0x153e0d72da50>,31,14,[ 1 11],32,450,464,418,445
1,<environment.Job instance at 0x153ded3e1b90>,54,2,[12  2],55,451,453,396,451
1,<environment.Job instance at 0x153ded3e18c0>,55,23,[1 7],56,464,487,408,458
1,<environment.Job instance at 0x153ded3e12d0>,57,1,[7 1],58,460,461,402,460
1,<environment.Job instance at 0x153ded749a00>,58,26,[8 1],59,461,487,402,460
1,<environment.Job instance at 0x153ded749fa0>,59,19,[6 2],60,461,480,401,461
1,<environment.Job instance at 0x153ded749320>,60,2,[ 2 12],61,487,489,426,464
1,<environment.Job instance at 0x153ded7495f0>,61,1,[11  2],62,487,488,425,468
1,<environment.Job instance at 0x153ded3e1d70>,53,2,[ 2 12],54,489,491,435,474
1,<environment.Job instance at 0x153e0da88f00>,48,12,[ 1 12],49,493,505,444,493
1,<environment.Job instance at 0x153ded749b40>,63,2,[12  1],64,505,507,441,505
1,<environment.Job instance at 0x153ded749b90>,65,3,[11  2],66,508,511,442,508
1,<environment.Job instance at 0x153ded749f00>,66,23,[13  1],67,511,534,444,508
1,<environment.Job instance at 0x153ded749820>,67,25,[ 2 14],68,511,536,443,508
1,<environment.Job instance at 0x153ded5fbcd0>,68,27,[ 2 14],69,536,563,467,534
1,<environment.Job instance at 0x153ded5fb7d0>,71,22,[1 8],72,563,585,491,556
1,<environment.Job instance at 0x153ded749500>,62,13,[ 2 14],63,585,598,522,584
1,<environment.Job instance at 0x153ded7cc780>,76,24,[ 2 13],77,598,622,521,593
1,<environment.Job instance at 0x153ded7cc5a0>,78,2,[ 1 11],79,622,624,543,595
1,<environment.Job instance at 0x153ded7cc0f0>,77,12,[13  2],78,641,653,563,641
1,<environment.Job instance at 0x153ded749730>,64,17,[ 2 13],65,665,682,600,665
1,<environment.Job instance at 0x153ded3e1dc0>,52,13,[ 2 12],53,705,718,652,705
1,<environment.Job instance at 0x153ded4b5eb0>,8,3,[ 2 13],9,733,736,724,733
1,<environment.Job instance at 0x152024fdcbe0>,0,24,[ 1 10],1,1,25,0,1
1,<environment.Job instance at 0x15201bc69730>,5,25,[7 1],6,6,31,0,6
1,<environment.Job instance at 0x152024fdcaa0>,1,2,[2 5],2,25,27,23,7
1,<environment.Job instance at 0x15201bc69640>,4,24,[6 1],5,9,33,4,9
1,<environment.Job instance at 0x15201bc69690>,6,19,[ 1 13],7,27,46,20,17
1,<environment.Job instance at 0x15201bc69f00>,15,24,[ 2 13],16,46,70,30,41
1,<environment.Job instance at 0x15201bc6b140>,17,3,[ 1 13],18,70,73,52,67
1,<environment.Job instance at 0x15201bc6b230>,19,21,[14  2],20,71,92,51,71
1,<environment.Job instance at 0x15201bc69fa0>,16,19,[ 1 12],17,75,94,58,75
1,<environment.Job instance at 0x15201bc6b410>,21,22,[14  2],22,92,114,70,85
1,<environment.Job instance at 0x15201bc6b500>,22,25,[ 2 12],23,114,139,91,111
1,<environment.Job instance at 0x15201bc6b5f0>,24,20,[ 2 13],25,139,159,114,136
1,<environment.Job instance at 0x15201bc6b780>,25,1,[11  1],26,140,141,114,140
1,<environment.Job instance at 0x15201bc6b640>,27,25,[14  2],28,159,184,131,155
1,<environment.Job instance at 0x15201bc6b960>,28,20,[1 9],29,159,179,130,158
1,<environment.Job instance at 0x15201bc6bdc0>,35,23,[11  2],36,184,207,148,179
1,<environment.Job instance at 0x15201bc6be60>,36,27,[10  2],37,207,234,170,205
1,<environment.Job instance at 0x15201bc6e280>,41,18,[ 2 13],42,210,228,168,210
1,<environment.Job instance at 0x15201bc6e370>,42,23,[ 1 14],43,234,257,191,228
1,<environment.Job instance at 0x15202506f8c0>,2,18,[ 1 12],3,257,275,254,252
1,<environment.Job instance at 0x15201bc6b9b0>,38,1,[ 1 13],39,275,276,236,262
1,<environment.Job instance at 0x15201bc69780>,10,3,[ 1 14],11,276,279,265,266
1,<environment.Job instance at 0x15201bc6e6e0>,47,26,[12  2],48,279,305,231,276
1,<environment.Job instance at 0x15201bc6e640>,46,21,[2 6],47,284,305,237,284
1,<environment.Job instance at 0x15201bc6e820>,49,25,[11  2],50,305,330,255,301
1,<environment.Job instance at 0x15201bc6e8c0>,50,23,[2 6],51,305,328,254,301
1,<environment.Job instance at 0x15201bc6ea00>,53,27,[9 1],54,330,357,276,328
1,<environment.Job instance at 0x15201bc6eb40>,55,20,[ 1 14],56,330,350,274,328
1,<environment.Job instance at 0x15201bc6e780>,51,2,[ 2 13],52,368,370,316,368
1,<environment.Job instance at 0x15201bc6eeb0>,59,18,[ 2 12],60,374,392,314,374
1,<environment.Job instance at 0x15201bc6e960>,52,12,[13  2],53,380,392,327,380
1,<environment.Job instance at 0x15201bc6efa0>,61,22,[14  1],62,392,414,330,386
1,<environment.Job instance at 0x15201bc6ef00>,60,3,[ 1 11],61,403,406,342,403
1,<environment.Job instance at 0x15201bc70140>,64,2,[11  2],65,414,416,349,405
1,<environment.Job instance at 0x15201bc701e0>,65,21,[10  1],66,416,437,350,411
1,<environment.Job instance at 0x15201bc6e460>,43,3,[ 1 14],44,422,425,378,422
1,<environment.Job instance at 0x15201bc703c0>,67,19,[11  1],68,437,456,369,427
1,<environment.Job instance at 0x15201bc705a0>,68,28,[10  1],69,456,484,387,455
1,<environment.Job instance at 0x15201bc6ebe0>,56,1,[12  2],57,484,485,427,468
1,<environment.Job instance at 0x15201bc706e0>,70,20,[ 2 14],71,485,505,414,478
1,<environment.Job instance at 0x15201bc704b0>,69,14,[12  2],70,511,525,441,511
1,<environment.Job instance at 0x15201bc70280>,66,14,[14  2],67,525,539,458,523
1,<environment.Job instance at 0x15201bc707d0>,73,3,[ 1 11],74,537,540,463,537
1,<environment.Job instance at 0x15201bc70a50>,74,1,[14  2],75,539,540,464,537
1,<environment.Job instance at 0x15201bc70aa0>,75,15,[2 6],76,540,555,464,538
1,<environment.Job instance at 0x15201bc70a00>,76,14,[9 1],77,540,554,463,538
1,<environment.Job instance at 0x15201bc70eb0>,77,19,[8 1],78,554,573,476,544
1,<environment.Job instance at 0x15201bc70fa0>,79,19,[14  1],80,573,592,493,565
1,<environment.Job instance at 0x15201bc70d70>,80,2,[1 5],81,565,567,484,565
1,<environment.Job instance at 0x15201bc70f00>,81,2,[9 2],82,592,594,510,566
1,<environment.Job instance at 0x15201bc72230>,82,3,[2 8],83,566,569,483,566
1,<environment.Job instance at 0x15201bc721e0>,83,21,[7 2],84,594,615,510,586
1,<environment.Job instance at 0x15201bc72370>,84,14,[7 1],85,594,608,509,588
1,<environment.Job instance at 0x15201bc720a0>,85,20,[2 9],86,608,628,522,602
1,<environment.Job instance at 0x15201bc723c0>,86,21,[ 1 12],87,628,649,541,621
1,<environment.Job instance at 0x15201bc724b0>,87,18,[ 1 12],88,649,667,561,645
1,<environment.Job instance at 0x15201bc70640>,72,16,[ 2 12],73,667,683,594,654
1,<environment.Job instance at 0x15201bc69d20>,14,3,[14  2],15,684,687,669,684
1,<environment.Job instance at 0x15201bc700a0>,63,13,[ 2 13],64,791,804,727,791
1,<environment.Job instance at 0x15201bc708c0>,71,12,[ 2 11],72,893,905,821,893
1,<environment.Job instance at 0x15201bc722d0>,88,12,[ 1 14],89,1242,1254,1153,1242
1,<environment.Job instance at 0x15201dcdb820>,0,27,[ 2 14],1,1,28,0,1
1,<environment.Job instance at 0x15201db1d820>,7,2,[ 1 12],8,28,30,20,13
1,<environment.Job instance at 0x15201db1d7d0>,8,25,[13  2],9,28,53,19,24
1,<environment.Job instance at 0x15201db1d3c0>,9,27,[1 8],10,32,59,22,32
1,<environment.Job instance at 0x15201dbc7050>,10,20,[10  2],11,53,73,42,47
1,<environment.Job instance at 0x15201dbc7190>,12,22,[ 2 14],13,73,95,60,70
1,<environment.Job instance at 0x15201dbc7140>,15,22,[ 2 12],16,95,117,79,89
1,<environment.Job instance at 0x15201dbc7550>,13,3,[13  1],14,103,106,89,103
1,<environment.Job instance at 0x15201e2542d0>,1,2,[12  2],2,109,111,107,109
1,<environment.Job instance at 0x15201dcd85f0>,19,24,[10  2],20,111,135,91,109
1,<environment.Job instance at 0x15201dcd8780>,18,18,[6 2],19,142,160,123,142
1,<environment.Job instance at 0x15201dcd8230>,23,28,[2 5],24,143,171,119,143
1,<environment.Job instance at 0x15201bc722d0>,3,3,[ 1 14],4,171,174,167,163
1,<environment.Job instance at 0x15201dcd83c0>,25,25,[2 7],26,174,199,148,170
1,<environment.Job instance at 0x15201dcd8140>,26,3,[ 1 13],27,199,202,172,176
1,<environment.Job instance at 0x15201dc39e10>,28,28,[7 2],29,180,208,151,180
1,<environment.Job instance at 0x15201dcd8dc0>,24,3,[ 2 13],25,202,205,177,192
1,<environment.Job instance at 0x15201dc39b40>,30,21,[1 5],31,205,226,174,197
1,<environment.Job instance at 0x15201dcd8050>,21,1,[14  2],22,208,209,186,207
1,<environment.Job instance at 0x15201dc39230>,32,20,[13  2],33,209,229,176,208
1,<environment.Job instance at 0x15201dc396e0>,31,15,[ 1 11],32,230,245,198,230
1,<environment.Job instance at 0x15201dce1b40>,36,13,[9 1],37,238,251,201,238
1,<environment.Job instance at 0x15201dc39690>,33,15,[12  1],34,255,270,221,255
1,<environment.Job instance at 0x15201dce1d20>,38,26,[12  2],39,270,296,231,267
1,<environment.Job instance at 0x15201dce1fa0>,39,25,[ 2 12],40,267,292,227,267
1,<environment.Job instance at 0x15201dce17d0>,40,27,[12  2],41,296,323,255,294
1,<environment.Job instance at 0x15201dce1f50>,41,18,[ 2 11],42,294,312,252,294
1,<environment.Job instance at 0x15201dce1190>,42,19,[11  2],43,323,342,280,315
1,<environment.Job instance at 0x15201dafbd20>,43,23,[ 1 12],44,315,338,271,315
1,<environment.Job instance at 0x15201dc39af0>,29,17,[ 2 14],30,346,363,316,346
1,<environment.Job instance at 0x15201db1d0a0>,6,16,[ 2 11],7,363,379,356,356
1,<environment.Job instance at 0x15201dafbc30>,46,23,[ 1 14],47,379,402,332,373
1,<environment.Job instance at 0x15201dafb780>,44,14,[12  1],45,402,416,357,402
1,<environment.Job instance at 0x15201dafc460>,50,23,[ 2 13],51,409,432,358,409
1,<environment.Job instance at 0x15201e377f50>,51,2,[ 1 13],52,432,434,380,409
1,<environment.Job instance at 0x15201dafb7d0>,52,16,[11  2],53,416,432,363,414
1,<environment.Job instance at 0x15201e2851e0>,53,25,[ 1 12],54,434,459,380,430
1,<environment.Job instance at 0x15201e285a00>,54,27,[ 1 12],55,459,486,404,457
1,<environment.Job instance at 0x15201e285fa0>,55,2,[14  1],56,459,461,403,459
1,<environment.Job instance at 0x15201e2ea1e0>,56,22,[12  2],57,461,483,404,459
1,<environment.Job instance at 0x15201e2d65a0>,57,20,[ 1 12],58,486,506,428,480
1,<environment.Job instance at 0x15201e2dae10>,60,19,[12  2],61,483,502,422,483
1,<environment.Job instance at 0x15201dafbeb0>,48,3,[ 1 12],49,506,509,457,483
1,<environment.Job instance at 0x15201e326a50>,64,28,[7 1],65,502,530,437,501
1,<environment.Job instance at 0x15201e374b40>,63,28,[7 2],64,502,530,438,501
1,<environment.Job instance at 0x15201e326820>,66,28,[ 1 11],67,509,537,442,508
1,<environment.Job instance at 0x15201e35bc30>,68,24,[14  2],69,530,554,461,525
1,<environment.Job instance at 0x15201e2a2e60>,71,1,[ 1 11],72,555,556,483,555
1,<environment.Job instance at 0x15201e2a2be0>,72,1,[6 2],73,562,563,489,562
1,<environment.Job instance at 0x15201e2a27d0>,73,25,[1 8],74,562,587,488,562
1,<environment.Job instance at 0x15201e3394b0>,74,26,[2 9],75,587,613,512,584
1,<environment.Job instance at 0x15201e37f910>,76,1,[12  2],77,585,586,508,585
1,<environment.Job instance at 0x15201e2621e0>,77,21,[12  1],78,586,607,508,585
1,<environment.Job instance at 0x15201e2625f0>,78,24,[10  2],79,607,631,528,602
1,<environment.Job instance at 0x15201e262320>,79,20,[2 8],80,613,633,533,604
1,<environment.Job instance at 0x15201e35b690>,69,3,[13  2],70,631,634,561,612
1,<environment.Job instance at 0x15201e262f50>,80,26,[ 2 12],81,633,659,552,630
1,<environment.Job instance at 0x15201e262c80>,82,16,[12  2],83,649,665,566,649
1,<environment.Job instance at 0x15201e2624b0>,81,20,[ 1 14],82,665,685,583,657
1,<environment.Job instance at 0x15201dbc7910>,17,16,[13  1],18,665,681,647,661
1,<environment.Job instance at 0x15201dafb280>,45,17,[ 1 11],46,700,717,654,700
1,<environment.Job instance at 0x15201dafa410>,86,23,[9 2],87,700,723,613,700
1,<environment.Job instance at 0x15201dafab40>,88,27,[ 1 14],89,723,750,634,721
1,<environment.Job instance at 0x15201dafae10>,87,2,[12  1],88,723,725,635,721
1,<environment.Job instance at 0x15201dafa9b0>,84,15,[ 1 13],85,813,828,728,813
1,<environment.Job instance at 0x15201e262b90>,83,14,[ 1 12],84,829,843,745,829
1,<environment.Job instance at 0x15201dce1460>,37,12,[ 1 13],38,1066,1078,1028,1066
1,<environment.Job instance at 0x15201e26d820>,0,14,[6 1],1,2,16,1,2
1,<environment.Job instance at 0x15201dce1460>,3,2,[7 1],4,14,16,10,14
1,<environment.Job instance at 0x152018088b90>,1,1,[11  1],2,19,20,17,19
1,<environment.Job instance at 0x151fe68138c0>,7,28,[ 1 11],8,19,47,11,19
1,<environment.Job instance at 0x151fe6813e60>,8,25,[ 1 12],9,47,72,38,44
1,<environment.Job instance at 0x151fe66c7fa0>,2,3,[11  2],3,44,47,41,44
1,<environment.Job instance at 0x15201e26d8c0>,6,3,[13  2],7,47,50,40,46
1,<environment.Job instance at 0x151fe675b960>,11,26,[ 1 14],12,72,98,60,69
1,<environment.Job instance at 0x151fe675be10>,12,26,[ 2 12],13,98,124,85,95
1,<environment.Job instance at 0x151fe675b320>,13,2,[ 2 11],14,124,126,110,97
1,<environment.Job instance at 0x151fe67b0320>,14,25,[10  1],15,97,122,82,97
1,<environment.Job instance at 0x151fe67b0f50>,16,26,[13  1],17,122,148,105,119
1,<environment.Job instance at 0x151fe679a730>,19,20,[1 9],20,133,153,113,133
1,<environment.Job instance at 0x151fe679fc30>,24,24,[ 1 13],25,153,177,128,149
1,<environment.Job instance at 0x151fe67875f0>,25,21,[11  1],26,149,170,123,149
1,<environment.Job instance at 0x151fe679fcd0>,22,24,[ 1 13],23,177,201,154,172
1,<environment.Job instance at 0x151fe6787cd0>,26,19,[ 2 12],27,201,220,174,201
1,<environment.Job instance at 0x151fe6787a00>,27,1,[12  2],28,221,222,193,221
1,<environment.Job instance at 0x151fe67870a0>,29,28,[ 2 13],30,221,249,191,221
1,<environment.Job instance at 0x151fe67f6820>,30,22,[11  2],31,222,244,191,222
1,<environment.Job instance at 0x151fe67910a0>,32,21,[13  2],33,244,265,211,236
1,<environment.Job instance at 0x151fe6791280>,33,3,[ 2 13],34,262,265,228,262
1,<environment.Job instance at 0x151fe6791b90>,34,27,[2 7],35,265,292,230,263
1,<environment.Job instance at 0x151fe6753730>,35,20,[1 5],36,265,285,229,263
1,<environment.Job instance at 0x151fe6787050>,28,1,[ 2 14],29,292,293,263,265
1,<environment.Job instance at 0x151fe66c7500>,4,15,[11  2],5,276,291,271,276
1,<environment.Job instance at 0x151fe67a8af0>,41,28,[ 2 13],42,293,321,251,292
1,<environment.Job instance at 0x151fe6753b40>,40,28,[7 1],41,293,321,252,293
1,<environment.Job instance at 0x151fe67b7910>,46,24,[ 2 10],47,321,345,274,316
1,<environment.Job instance at 0x151fe67b75a0>,48,25,[5 2],49,321,346,272,320
1,<environment.Job instance at 0x151fe66e12d0>,50,24,[11  2],51,346,370,295,341
1,<environment.Job instance at 0x151fe66e8730>,56,22,[ 2 11],57,370,392,313,370
1,<environment.Job instance at 0x151fe66e8690>,57,20,[7 2],58,386,406,328,386
1,<environment.Job instance at 0x151fe66dd320>,53,28,[ 1 14],54,406,434,352,405
1,<environment.Job instance at 0x151fe66e8b40>,59,19,[13  2],60,434,453,374,429
1,<environment.Job instance at 0x151fe66e8d70>,60,24,[1 5],61,434,458,373,431
1,<environment.Job instance at 0x151fe66e8550>,62,19,[13  2],63,453,472,390,450
1,<environment.Job instance at 0x151fe66e8910>,63,25,[11  1],64,472,497,408,468
1,<environment.Job instance at 0x151fe66e8820>,58,12,[ 2 12],59,473,485,414,473
1,<environment.Job instance at 0x151fe67532d0>,39,12,[ 2 14],40,485,497,445,483
1,<environment.Job instance at 0x151fe66e8c30>,65,20,[9 1],66,497,517,431,488
1,<environment.Job instance at 0x151fe66ea4b0>,67,20,[5 2],68,497,517,429,491
1,<environment.Job instance at 0x151fe66ea2d0>,69,27,[2 8],70,517,544,447,515
1,<environment.Job instance at 0x151fe66ea140>,68,20,[7 1],69,534,554,465,534
1,<environment.Job instance at 0x151fe66ea550>,70,28,[ 2 13],71,544,572,473,543
1,<environment.Job instance at 0x151fe66ea1e0>,72,26,[ 1 10],73,572,598,499,569
1,<environment.Job instance at 0x151fe66eabe0>,73,25,[13  2],74,570,595,496,570
1,<environment.Job instance at 0x151fe66f1230>,74,22,[ 1 13],75,598,620,523,593
1,<environment.Job instance at 0x151fe66ea190>,71,3,[11  2],72,599,602,527,599
1,<environment.Job instance at 0x151fe66f1410>,77,26,[9 1],78,602,628,524,601
1,<environment.Job instance at 0x151fe66f14b0>,78,26,[6 2],79,620,646,541,617
1,<environment.Job instance at 0x151fe66f15f0>,80,21,[6 2],81,628,649,547,621
1,<environment.Job instance at 0x151fe66f1690>,81,17,[2 6],82,628,645,546,621
1,<environment.Job instance at 0x151fe66f17d0>,83,2,[8 1],84,646,648,562,636
1,<environment.Job instance at 0x151fe66f1870>,84,24,[ 1 11],85,645,669,560,642
1,<environment.Job instance at 0x151fe66f19b0>,86,1,[ 1 11],87,669,670,582,661
1,<environment.Job instance at 0x151fe66f1a50>,87,2,[12  2],88,662,664,574,662
1,<environment.Job instance at 0x151fe66f1af0>,88,20,[ 1 13],89,670,690,581,662
1,<environment.Job instance at 0x151fe66f1730>,82,1,[ 2 13],83,690,691,607,662
1,<environment.Job instance at 0x15201e26d0a0>,5,3,[12  1],6,861,864,855,861
1,<environment.Job instance at 0x151fe675bdc0>,10,12,[ 2 14],11,960,972,949,960
1,<environment.Job instance at 0x151fe66e8dc0>,64,12,[ 2 13],65,1186,1198,1121,1186
1,<environment.Job instance at 0x15201e300280>,1,28,[9 1],2,3,31,1,3
1,<environment.Job instance at 0x15201dcdaeb0>,5,24,[ 1 10],6,15,39,9,15
1,<environment.Job instance at 0x151fe66e8e10>,3,23,[13  2],4,31,54,27,25
1,<environment.Job instance at 0x15201dbd6690>,10,14,[11  2],11,54,68,43,48
1,<environment.Job instance at 0x15201dbd6d20>,12,20,[13  2],13,68,88,55,62
1,<environment.Job instance at 0x15201dbd6500>,13,22,[6 2],14,88,110,74,81
1,<environment.Job instance at 0x15201dbd6dc0>,17,3,[6 1],18,88,91,70,83
1,<environment.Job instance at 0x15201dbd6e60>,18,24,[12  1],19,110,134,91,105
1,<environment.Job instance at 0x15201dcda7d0>,7,3,[ 2 13],8,106,109,98,106
1,<environment.Job instance at 0x15201dbd65f0>,21,27,[ 1 13],22,109,136,87,107
1,<environment.Job instance at 0x15201dbd6730>,23,22,[12  1],24,134,156,110,127
1,<environment.Job instance at 0x15201dbd6640>,22,20,[14  1],23,156,176,133,147
1,<environment.Job instance at 0x15201dbd66e0>,16,2,[11  2],17,176,178,159,149
1,<environment.Job instance at 0x15201c0a2820>,26,28,[1 7],27,151,179,124,151
1,<environment.Job instance at 0x15201c0a2c30>,27,28,[10  1],28,178,206,150,177
1,<environment.Job instance at 0x15201c0a2d70>,30,21,[ 2 12],31,185,206,154,185
1,<environment.Job instance at 0x15201dbd6af0>,24,1,[ 1 12],25,206,207,181,199
1,<environment.Job instance at 0x15201c0a2320>,33,21,[ 2 13],34,207,228,173,201
1,<environment.Job instance at 0x15201c0a28c0>,28,1,[12  1],29,212,213,183,212
1,<environment.Job instance at 0x15201c0a2140>,34,3,[ 2 11],35,228,231,193,217
1,<environment.Job instance at 0x15201c0a2cd0>,37,24,[2 6],38,231,255,193,226
1,<environment.Job instance at 0x15201c0a2370>,38,3,[11  1],39,229,232,190,229
1,<environment.Job instance at 0x15201c0a22d0>,39,26,[5 1],40,232,258,192,229
1,<environment.Job instance at 0x15201c0a20f0>,36,3,[11  2],37,258,261,221,233
1,<environment.Job instance at 0x15201c0a2500>,41,25,[2 7],42,235,260,193,235
1,<environment.Job instance at 0x15201c0a23c0>,43,22,[ 1 13],44,260,282,216,256
1,<environment.Job instance at 0x15201db6b6e0>,44,23,[11  1],45,261,284,216,256
1,<environment.Job instance at 0x15201db6b730>,46,25,[ 2 14],47,282,307,235,278
1,<environment.Job instance at 0x15201dcdeaf0>,50,20,[7 1],51,286,306,235,286
1,<environment.Job instance at 0x15201c0a2a00>,31,1,[12  1],32,306,307,274,300
1,<environment.Job instance at 0x15201dcde0f0>,56,25,[10  2],57,307,332,250,304
1,<environment.Job instance at 0x15201dcdee60>,57,1,[14  1],58,332,333,274,305
1,<environment.Job instance at 0x15201db6b460>,47,12,[13  1],48,333,345,285,329
1,<environment.Job instance at 0x15201dcdea00>,61,3,[7 1],62,345,348,283,329
1,<environment.Job instance at 0x15201dcdeaa0>,62,21,[10  2],63,348,369,285,340
1,<environment.Job instance at 0x151fe667dc80>,4,3,[ 1 13],5,364,367,359,364
1,<environment.Job instance at 0x15201dcde730>,65,24,[12  1],66,369,393,303,369
1,<environment.Job instance at 0x15201dcdea50>,67,25,[11  1],68,393,418,325,389
1,<environment.Job instance at 0x15201dcded20>,69,21,[1 7],70,394,415,324,394
1,<environment.Job instance at 0x15201bc76af0>,70,27,[2 9],71,415,442,344,413
1,<environment.Job instance at 0x15201dcde320>,63,15,[13  1],64,423,438,359,423
1,<environment.Job instance at 0x15201bc76320>,72,18,[14  2],73,442,460,369,434
1,<environment.Job instance at 0x15201bc769b0>,74,20,[1 6],75,440,460,365,440
1,<environment.Job instance at 0x15201bc76140>,75,21,[ 2 14],76,460,481,384,453
1,<environment.Job instance at 0x15201bc76230>,77,28,[2 5],78,481,509,403,480
1,<environment.Job instance at 0x15201dda2730>,78,22,[2 8],79,483,505,404,483
1,<environment.Job instance at 0x15201dda24b0>,80,28,[1 6],81,505,533,424,505
1,<environment.Job instance at 0x151fe66c4aa0>,81,27,[12  1],82,505,532,423,505
1,<environment.Job instance at 0x15201bc76690>,76,1,[ 1 13],77,533,534,456,507
1,<environment.Job instance at 0x15201806f730>,84,18,[13  2],85,532,550,447,521
1,<environment.Job instance at 0x15201806f140>,86,20,[1 7],87,540,560,453,540
1,<environment.Job instance at 0x15201806ff00>,85,19,[ 1 11],86,560,579,474,551
1,<environment.Job instance at 0x15201806f050>,88,22,[7 1],89,552,574,463,552
1,<environment.Job instance at 0x15201db570a0>,87,17,[11  2],88,574,591,486,563
1,<environment.Job instance at 0x15201dcde960>,59,15,[ 2 14],60,616,631,556,616
1,<environment.Job instance at 0x15201dcde780>,60,2,[12  2],61,706,708,645,706
1,<environment.Job instance at 0x15201dcdaaf0>,6,3,[ 2 12],7,736,739,729,736
1,<environment.Job instance at 0x151fe66f1b40>,1,20,[14  2],2,2,22,0,2
1,<environment.Job instance at 0x15202254f1e0>,4,23,[11  2],5,22,45,17,16
1,<environment.Job instance at 0x15202254faa0>,8,20,[12  2],9,45,65,36,36
1,<environment.Job instance at 0x15202254f370>,11,22,[11  1],12,65,87,53,59
1,<environment.Job instance at 0x15202254f4b0>,9,2,[ 1 11],10,66,68,56,66
1,<environment.Job instance at 0x15202254f410>,13,21,[9 2],14,87,108,73,79
1,<environment.Job instance at 0x15201c1a8500>,15,21,[11  2],16,108,129,92,100
1,<environment.Job instance at 0x15201c1a8f50>,16,28,[2 5],17,100,128,83,100
1,<environment.Job instance at 0x15201c1a85f0>,18,28,[12  2],19,129,157,110,128
1,<environment.Job instance at 0x15201c1a8730>,19,23,[1 9],20,128,151,108,128
1,<environment.Job instance at 0x15202254fe60>,0,18,[12  1],1,157,175,156,149
1,<environment.Job instance at 0x15201c1a81e0>,20,17,[ 1 11],21,158,175,137,158
1,<environment.Job instance at 0x15201c1a8b90>,26,21,[ 2 12],27,175,196,148,167
1,<environment.Job instance at 0x15201c1a8410>,27,3,[ 1 13],28,196,199,168,173
1,<environment.Job instance at 0x15201c1a8a00>,28,18,[ 2 14],29,199,217,170,193
1,<environment.Job instance at 0x15201c1a8690>,24,16,[12  2],25,261,277,236,261
1,<environment.Job instance at 0x15201e309aa0>,31,25,[1 8],32,261,286,229,261
1,<environment.Job instance at 0x15201c1a8e60>,14,14,[11  2],15,284,298,269,284
1,<environment.Job instance at 0x15201e309690>,32,3,[14  1],33,298,301,265,290
1,<environment.Job instance at 0x15201e3091e0>,34,23,[ 1 12],35,290,313,255,290
1,<environment.Job instance at 0x15202254f780>,2,15,[ 1 13],3,317,332,314,317
1,<environment.Job instance at 0x15201e28d820>,37,24,[1 6],38,332,356,294,328
1,<environment.Job instance at 0x15201e309d20>,38,20,[8 1],39,328,348,289,328
1,<environment.Job instance at 0x15201e28d5a0>,39,26,[7 2],40,348,374,308,345
1,<environment.Job instance at 0x15201e28d550>,41,27,[11  1],42,374,401,332,372
1,<environment.Job instance at 0x15201e28d190>,43,25,[9 2],44,401,426,357,397
1,<environment.Job instance at 0x15201e309fa0>,36,1,[ 1 12],37,397,398,360,397
1,<environment.Job instance at 0x15201e28da50>,45,27,[13  1],46,426,453,380,424
1,<environment.Job instance at 0x15201e28db90>,46,1,[13  1],47,453,454,406,429
1,<environment.Job instance at 0x15201e28d690>,47,26,[12  2],48,454,480,406,452
1,<environment.Job instance at 0x15201e28d8c0>,48,25,[12  2],49,480,505,431,476
1,<environment.Job instance at 0x15201e28daa0>,50,24,[2 7],51,476,500,425,476
1,<environment.Job instance at 0x15201e28dd70>,51,19,[ 1 12],52,500,519,448,497
1,<environment.Job instance at 0x15201e309c30>,33,3,[ 2 13],34,519,522,485,509
1,<environment.Job instance at 0x15201e2adc80>,54,24,[2 8],55,522,546,467,517
1,<environment.Job instance at 0x15201e2ad910>,55,27,[9 1],56,517,544,461,517
1,<environment.Job instance at 0x15201e2ade60>,58,15,[ 1 14],59,551,566,492,551
1,<environment.Job instance at 0x15201e2adeb0>,59,24,[5 1],60,552,576,492,552
1,<environment.Job instance at 0x15201e28de60>,44,18,[ 1 14],45,566,584,521,562
1,<environment.Job instance at 0x15201e2ad640>,62,18,[ 2 14],63,584,602,521,577
1,<environment.Job instance at 0x15201e2ad370>,63,19,[ 1 11],64,602,621,538,597
1,<environment.Job instance at 0x15201e2ad7d0>,64,27,[6 1],65,599,626,534,599
1,<environment.Job instance at 0x15201e2ad5f0>,65,24,[9 1],66,621,645,555,616
1,<environment.Job instance at 0x15201e2adcd0>,66,22,[1 7],67,626,648,559,619
1,<environment.Job instance at 0x15201e2ad320>,67,2,[ 2 10],68,648,650,580,621
1,<environment.Job instance at 0x151fe6d272d0>,69,23,[1 6],70,650,673,580,644
1,<environment.Job instance at 0x151fe6d27370>,70,17,[11  1],71,651,668,580,651
1,<environment.Job instance at 0x151fe6d27eb0>,71,26,[7 1],72,668,694,596,665
1,<environment.Job instance at 0x151fe6d275a0>,72,28,[2 6],73,665,693,592,665
1,<environment.Job instance at 0x151fe6d27e60>,73,28,[1 7],74,673,701,599,672
1,<environment.Job instance at 0x151fe6d27fa0>,74,20,[8 1],75,694,714,619,685
1,<environment.Job instance at 0x151fe6d27280>,75,18,[2 8],76,701,719,625,696
1,<environment.Job instance at 0x151fe6d27c30>,76,25,[12  1],77,714,739,637,710
1,<environment.Job instance at 0x151fe6d276e0>,77,26,[13  1],78,739,765,661,736
1,<environment.Job instance at 0x151fe6d27a00>,78,13,[14  1],79,777,790,698,777
1,<environment.Job instance at 0x15201e2add70>,53,13,[14  2],54,790,803,736,785
1,<environment.Job instance at 0x151fe6d27f50>,80,22,[14  2],81,803,825,722,797
1,<environment.Job instance at 0x151fe6d274b0>,79,16,[ 1 11],80,822,838,742,822
1,<environment.Job instance at 0x151fe6d27460>,82,3,[11  1],83,840,843,757,840
1,<environment.Job instance at 0x151fe6d27aa0>,83,28,[6 2],84,843,871,759,842
1,<environment.Job instance at 0x151fe6d27730>,84,20,[12  1],85,871,891,786,862
1,<environment.Job instance at 0x151fe6d27870>,85,21,[13  1],86,891,912,805,884
1,<environment.Job instance at 0x151fe6d27d70>,86,24,[6 2],87,912,936,825,907
1,<environment.Job instance at 0x151fe6d27910>,87,26,[1 5],88,907,933,819,907
1,<environment.Job instance at 0x151fe6d271e0>,88,1,[2 6],89,912,913,823,912
1,<environment.Job instance at 0x151fe6d27050>,81,3,[12  2],82,1011,1014,929,1011
1,<environment.Job instance at 0x15201e2ad0a0>,60,15,[ 2 12],61,1063,1078,1002,1063
1,<environment.Job instance at 0x15201e309550>,29,16,[ 2 13],30,2066,2082,2036,2066
1,<environment.Job instance at 0x15201e3092d0>,30,14,[14  2],31,2137,2151,2106,2137
1,<environment.Job instance at 0x152022eea410>,2,28,[1 9],3,3,31,0,3
1,<environment.Job instance at 0x152022eea910>,4,3,[9 1],5,5,8,0,5
1,<environment.Job instance at 0x152022eead20>,5,21,[9 1],6,8,29,2,6
1,<environment.Job instance at 0x15201e625690>,8,28,[5 1],9,12,40,3,12
1,<environment.Job instance at 0x152022eea780>,6,21,[12  1],7,40,61,33,34
1,<environment.Job instance at 0x15201e625870>,11,20,[11  1],12,61,81,49,53
1,<environment.Job instance at 0x15201bc765f0>,1,1,[13  2],2,81,82,79,67
1,<environment.Job instance at 0x1520225625f0>,17,25,[13  1],18,82,107,64,78
1,<environment.Job instance at 0x1520225624b0>,19,23,[11  2],20,107,130,87,101
1,<environment.Job instance at 0x152022562780>,18,1,[2 8],19,101,102,82,101
1,<environment.Job instance at 0x152022eeaf50>,0,17,[ 2 12],1,109,126,108,109
1,<environment.Job instance at 0x1520225625a0>,22,21,[ 1 13],23,126,147,103,119
1,<environment.Job instance at 0x152022562af0>,21,1,[ 1 14],22,147,148,125,124
1,<environment.Job instance at 0x152022562e60>,26,26,[10  2],27,148,174,121,145
1,<environment.Job instance at 0x1520225622d0>,27,28,[14  1],28,174,202,146,173
1,<environment.Job instance at 0x1520225620f0>,28,24,[7 2],29,202,226,173,197
1,<environment.Job instance at 0x152022562d20>,29,25,[11  1],30,226,251,196,222
1,<environment.Job instance at 0x1520225626e0>,30,19,[2 7],31,225,244,194,225
1,<environment.Job instance at 0x152022562b90>,31,2,[11  1],32,251,253,219,228
1,<environment.Job instance at 0x152022562cd0>,33,16,[11  2],34,253,269,219,249
1,<environment.Job instance at 0x152022562190>,34,2,[ 1 11],35,250,252,215,250
1,<environment.Job instance at 0x152022c9eb40>,35,28,[11  2],36,269,297,233,268
1,<environment.Job instance at 0x152022c9e820>,36,24,[ 2 13],37,268,292,231,268
1,<environment.Job instance at 0x152022c9ef00>,37,17,[ 2 12],38,308,325,270,308
1,<environment.Job instance at 0x152022c9e910>,38,22,[5 2],39,310,332,271,310
1,<environment.Job instance at 0x152022c9e140>,39,23,[2 9],40,325,348,285,319
1,<environment.Job instance at 0x152022c9ecd0>,40,19,[9 2],41,332,351,291,323
1,<environment.Job instance at 0x152022c9e500>,41,19,[2 7],42,348,367,306,348
1,<environment.Job instance at 0x152022c9e280>,42,28,[ 2 10],43,367,395,324,366
1,<environment.Job instance at 0x152022c9ea50>,44,1,[2 7],45,395,396,350,377
1,<environment.Job instance at 0x152022c9ee60>,47,21,[13  1],48,389,410,341,389
1,<environment.Job instance at 0x152022562820>,25,3,[ 2 13],26,403,406,377,403
1,<environment.Job instance at 0x152022c9ebe0>,48,18,[ 2 12],49,416,434,367,416
1,<environment.Job instance at 0x152022c9e870>,50,12,[1 5],51,434,446,383,420
1,<environment.Job instance at 0x152022c9e9b0>,51,3,[2 6],52,434,437,382,422
1,<environment.Job instance at 0x152022c9ef50>,52,28,[2 5],53,437,465,384,436
1,<environment.Job instance at 0x152020f08cd0>,53,27,[ 1 12],54,465,492,411,463
1,<environment.Job instance at 0x152020f08820>,54,23,[ 1 13],55,492,515,437,486
1,<environment.Job instance at 0x152020f08af0>,55,21,[11  2],56,488,509,432,488
1,<environment.Job instance at 0x152020f08910>,58,28,[5 2],59,511,539,452,511
1,<environment.Job instance at 0x152020f08320>,59,27,[11  1],60,539,566,479,537
1,<environment.Job instance at 0x152020f087d0>,60,21,[6 2],61,566,587,505,558
1,<environment.Job instance at 0x152022562fa0>,14,13,[14  2],15,587,600,572,582
1,<environment.Job instance at 0x152020f080f0>,63,1,[12  1],64,600,601,536,586
1,<environment.Job instance at 0x152020f08500>,62,14,[11  1],63,601,615,538,601
1,<environment.Job instance at 0x152020f08f50>,67,27,[ 2 10],68,606,633,538,606
1,<environment.Job instance at 0x152020f08d20>,68,28,[ 2 14],69,633,661,564,632
1,<environment.Job instance at 0x152022f17a00>,70,27,[11  1],71,634,661,563,634
1,<environment.Job instance at 0x152022f17550>,72,3,[8 2],73,661,664,588,643
1,<environment.Job instance at 0x152022f17410>,73,28,[2 8],74,661,689,587,660
1,<environment.Job instance at 0x152022f173c0>,74,28,[7 1],75,664,692,589,663
1,<environment.Job instance at 0x152022f17d20>,75,3,[14  2],76,698,701,622,698
1,<environment.Job instance at 0x152022f17910>,76,18,[12  2],77,701,719,624,701
1,<environment.Job instance at 0x152022c9ea00>,49,3,[ 2 13],50,701,704,651,701
1,<environment.Job instance at 0x152022f176e0>,79,24,[ 1 14],80,719,743,639,716
1,<environment.Job instance at 0x152022599c30>,84,28,[1 9],85,743,771,658,742
1,<environment.Job instance at 0x1520225999b0>,87,18,[11  1],88,749,767,661,749
1,<environment.Job instance at 0x152022599690>,88,28,[7 2],89,767,795,678,766
1,<environment.Job instance at 0x152022562870>,24,16,[14  1],25,1434,1450,1409,1434
1,<environment.Job instance at 0x152020f085a0>,65,14,[ 1 13],66,1510,1524,1444,1510
1,<environment.Job instance at 0x15201e6259b0>,12,15,[ 1 13],13,1957,1972,1944,1957
1,<environment.Job instance at 0x152022ca4a50>,0,20,[ 2 13],1,1,21,0,1
1,<environment.Job instance at 0x152022f85230>,1,21,[10  2],2,2,23,0,2
1,<environment.Job instance at 0x152022562aa0>,6,27,[ 2 12],7,21,48,14,19
1,<environment.Job instance at 0x1520225bf5f0>,7,20,[11  1],8,23,43,15,23
1,<environment.Job instance at 0x152022590cd0>,14,26,[9 2],15,43,69,28,41
1,<environment.Job instance at 0x1520225bfa50>,8,22,[ 2 11],9,48,70,39,41
1,<environment.Job instance at 0x151fe6d924b0>,19,28,[ 1 11],20,70,98,50,69
1,<environment.Job instance at 0x1520225905f0>,17,17,[ 1 13],18,98,115,80,90
1,<environment.Job instance at 0x151fe6d929b0>,24,22,[14  2],25,91,113,66,91
1,<environment.Job instance at 0x151fe6d92aa0>,27,23,[14  2],28,113,136,85,107
1,<environment.Job instance at 0x152022590500>,13,20,[ 1 12],14,115,135,101,115
1,<environment.Job instance at 0x151fe6d92dc0>,31,22,[7 1],32,136,158,104,130
1,<environment.Job instance at 0x151fe6d92fa0>,33,1,[11  2],34,165,166,131,165
1,<environment.Job instance at 0x151fe6d92e60>,34,25,[14  1],35,166,191,131,165
1,<environment.Job instance at 0x151fe6d84140>,36,21,[ 1 11],37,183,204,146,183
1,<environment.Job instance at 0x151fe6d841e0>,37,24,[5 2],38,191,215,153,187
1,<environment.Job instance at 0x151fe6d92c80>,29,3,[14  1],30,215,218,185,204
1,<environment.Job instance at 0x151fe6d84050>,38,2,[ 1 14],39,219,221,180,219
1,<environment.Job instance at 0x151fe6d92910>,25,1,[ 2 11],26,221,222,195,219
1,<environment.Job instance at 0x151fe6d84780>,44,24,[2 9],45,222,246,177,219
1,<environment.Job instance at 0x151fe6d84730>,42,21,[1 6],43,223,244,180,223
1,<environment.Job instance at 0x151fe6d84b40>,48,14,[13  1],49,248,262,199,248
1,<environment.Job instance at 0x151fe6d84eb0>,52,26,[2 9],53,248,274,195,248
1,<environment.Job instance at 0x151fe6d84870>,43,15,[ 2 14],44,286,301,242,286
1,<environment.Job instance at 0x151fe6d925a0>,20,12,[ 1 11],21,301,313,280,299
1,<environment.Job instance at 0x151fe6d84b90>,55,20,[14  1],56,307,327,251,307
1,<environment.Job instance at 0x151fe6d84c80>,51,3,[ 2 11],52,333,336,281,333
1,<environment.Job instance at 0x151fe6d7d9b0>,58,23,[14  2],59,338,361,279,338
1,<environment.Job instance at 0x151fe6d84e60>,54,3,[14  2],55,361,364,306,339
1,<environment.Job instance at 0x151fe6d7d8c0>,60,24,[ 1 10],61,340,364,279,340
1,<environment.Job instance at 0x151fe6d7d6e0>,62,24,[ 1 11],63,364,388,301,359
1,<environment.Job instance at 0x151fe6d7d190>,63,28,[2 7],64,388,416,324,387
1,<environment.Job instance at 0x151fe6d7db40>,64,18,[ 2 14],65,441,459,376,441
1,<environment.Job instance at 0x151fe6d7d730>,66,2,[11  2],67,460,462,393,460
1,<environment.Job instance at 0x151fe6d7d910>,67,24,[10  2],68,462,486,394,460
1,<environment.Job instance at 0x151fe6d7d3c0>,68,24,[8 1],69,486,510,417,481
1,<environment.Job instance at 0x151fe6d7dd70>,69,19,[ 1 10],70,495,514,425,495
1,<environment.Job instance at 0x151fe6d7d320>,70,25,[12  2],71,510,535,439,506
1,<environment.Job instance at 0x151fe6d7daf0>,71,28,[ 1 12],72,514,542,442,514
1,<environment.Job instance at 0x151fe6d7de10>,73,28,[ 2 10],74,542,570,468,541
1,<environment.Job instance at 0x151fe6d7d5a0>,74,20,[10  2],75,542,562,467,542
1,<environment.Job instance at 0x151fe6d7d550>,75,20,[11  2],76,562,582,486,562
1,<environment.Job instance at 0x151fe6da9140>,79,21,[14  2],80,582,603,502,576
1,<environment.Job instance at 0x151fe6da91e0>,80,20,[ 1 13],81,580,600,499,580
1,<environment.Job instance at 0x151fe6da9050>,81,23,[2 7],82,603,626,521,597
1,<environment.Job instance at 0x151fe6da9320>,82,16,[ 2 12],83,626,642,543,621
1,<environment.Job instance at 0x151fe6da9460>,84,1,[8 2],85,636,637,551,636
1,<environment.Job instance at 0x151fe6da9500>,85,2,[ 2 13],86,642,644,556,637
1,<environment.Job instance at 0x151fe6da93c0>,86,1,[ 2 13],87,644,645,557,643
1,<environment.Job instance at 0x151fe6da9640>,87,16,[12  1],88,653,669,565,653
1,<environment.Job instance at 0x151fe6d84d20>,56,3,[13  2],57,674,677,617,674
1,<environment.Job instance at 0x151fe6d7d0f0>,59,1,[ 1 12],60,677,678,617,677
1,<environment.Job instance at 0x1520225901e0>,9,14,[ 1 12],10,1133,1147,1123,1133
1,<environment.Job instance at 0x151fe6d84c30>,53,13,[13  1],54,1161,1174,1107,1161
1,<environment.Job instance at 0x151fe6ba2c30>,1,27,[13  1],2,3,30,1,3
1,<environment.Job instance at 0x15201c0a2c80>,5,23,[2 6],6,6,29,0,6
1,<environment.Job instance at 0x15202506f870>,9,27,[5 2],10,30,57,20,28
1,<environment.Job instance at 0x151fe6a3f6e0>,12,28,[ 1 12],13,29,57,16,29
1,<environment.Job instance at 0x151fe68118c0>,13,24,[ 2 10],14,57,81,43,53
1,<environment.Job instance at 0x151fe6811370>,14,25,[11  2],15,57,82,42,53
1,<environment.Job instance at 0x15201e2e13c0>,15,23,[ 1 14],16,82,105,66,76
1,<environment.Job instance at 0x15201c0a2a50>,8,25,[12  1],9,82,107,73,78
1,<environment.Job instance at 0x151fe696e230>,2,19,[ 2 12],3,113,132,110,113
1,<environment.Job instance at 0x15201e2e10f0>,20,24,[ 2 12],21,132,156,111,128
1,<environment.Job instance at 0x15201c5d9460>,22,21,[10  1],23,129,150,106,129
1,<environment.Job instance at 0x151fe696e4b0>,0,1,[14  2],1,156,157,155,141
1,<environment.Job instance at 0x15201c5d94b0>,23,24,[11  1],24,157,181,133,153
1,<environment.Job instance at 0x152024561f00>,25,24,[2 7],26,157,181,131,156
1,<environment.Job instance at 0x15201e1d5320>,21,15,[11  2],22,181,196,159,167
1,<environment.Job instance at 0x152020ee8b40>,29,3,[ 2 12],30,188,191,158,188
1,<environment.Job instance at 0x152020ee8230>,31,24,[12  1],32,196,220,164,191
1,<environment.Job instance at 0x152020ee8640>,33,28,[ 2 12],34,202,230,168,202
1,<environment.Job instance at 0x15201d652e10>,35,20,[ 1 12],36,230,250,194,224
1,<environment.Job instance at 0x15201c15d690>,30,16,[ 1 14],31,250,266,219,249
1,<environment.Job instance at 0x15201d6526e0>,40,3,[2 8],41,266,269,225,250
1,<environment.Job instance at 0x15201d6524b0>,41,28,[12  1],42,250,278,208,250
1,<environment.Job instance at 0x15201d652640>,42,2,[ 1 11],43,269,271,226,266
1,<environment.Job instance at 0x15201d652690>,44,2,[ 1 10],45,271,273,226,268
1,<environment.Job instance at 0x15201d652be0>,45,22,[9 1],46,278,300,232,271
1,<environment.Job instance at 0x15201d6522d0>,47,27,[14  2],48,300,327,252,298
1,<environment.Job instance at 0x15201e2e1230>,17,12,[ 1 12],18,302,314,284,302
1,<environment.Job instance at 0x15201d652a00>,49,2,[ 1 13],50,314,316,264,307
1,<environment.Job instance at 0x152022f950a0>,50,18,[8 1],51,327,345,276,319
1,<environment.Job instance at 0x15201d652780>,52,18,[ 1 11],53,342,360,289,342
1,<environment.Job instance at 0x15201c0c7640>,53,25,[10  1],54,345,370,291,343
1,<environment.Job instance at 0x15201c0c7820>,54,24,[ 1 14],55,360,384,305,355
1,<environment.Job instance at 0x15201c0c75a0>,55,18,[7 1],56,370,388,314,360
1,<environment.Job instance at 0x15201c0c7730>,56,1,[14  1],57,388,389,331,363
1,<environment.Job instance at 0x15201c0c7aa0>,57,28,[6 1],58,389,417,331,388
1,<environment.Job instance at 0x15201c0c7f00>,58,20,[ 1 11],59,390,410,331,390
1,<environment.Job instance at 0x15201d63e2d0>,59,27,[2 6],60,410,437,350,408
1,<environment.Job instance at 0x15201d63e1e0>,60,26,[8 1],61,417,443,356,414
1,<environment.Job instance at 0x15201d652410>,36,12,[ 1 11],37,449,461,412,449
1,<environment.Job instance at 0x15201d652370>,39,17,[ 2 14],40,461,478,421,455
1,<environment.Job instance at 0x15201d63e5a0>,64,21,[ 2 14],65,478,499,413,472
1,<environment.Job instance at 0x15201d63e140>,66,22,[9 2],67,499,521,432,492
1,<environment.Job instance at 0x15201d63e640>,67,26,[6 2],68,499,525,431,496
1,<environment.Job instance at 0x151fe6ea5aa0>,69,3,[1 5],70,521,524,451,496
1,<environment.Job instance at 0x15201d63e460>,61,12,[ 1 14],62,525,537,463,513
1,<environment.Job instance at 0x151fe6ea5230>,72,22,[14  2],73,537,559,464,530
1,<environment.Job instance at 0x151fe6ea5d20>,74,27,[ 2 14],75,559,586,484,557
1,<environment.Job instance at 0x151fe6ea5b90>,73,3,[12  2],74,586,589,512,568
1,<environment.Job instance at 0x152018067eb0>,78,24,[7 2],79,589,613,510,584
1,<environment.Job instance at 0x151fe6ea5a50>,77,24,[12  2],78,613,637,535,608
1,<environment.Job instance at 0x15201c1807d0>,80,27,[10  2],81,637,664,556,635
1,<environment.Job instance at 0x15201c180140>,79,2,[ 2 11],80,642,644,562,642
1,<environment.Job instance at 0x15201c180e60>,81,2,[ 1 13],82,657,659,575,657
1,<environment.Job instance at 0x15202254ed70>,82,23,[11  2],83,664,687,581,658
1,<environment.Job instance at 0x15201c16ba00>,85,24,[ 2 14],86,687,711,601,683
1,<environment.Job instance at 0x15202254e960>,86,3,[ 1 10],87,711,714,624,689
1,<environment.Job instance at 0x15201e615410>,88,19,[ 2 10],89,714,733,625,704
1,<environment.Job instance at 0x15202254ec30>,83,3,[ 1 12],84,733,736,649,733
1,<environment.Job instance at 0x15201d63eaf0>,65,22,[14  1],66,733,755,667,733
1,<environment.Job instance at 0x15201d652c30>,48,15,[ 1 12],49,830,845,781,830
1,<environment.Job instance at 0x151fe6a3f960>,11,15,[ 1 14],12,1124,1139,1112,1124
1,<environment.Job instance at 0x15201e307820>,0,21,[ 1 14],1,1,22,0,1
1,<environment.Job instance at 0x15201e307730>,5,27,[7 1],6,6,33,0,6
1,<environment.Job instance at 0x15201e307280>,2,26,[8 2],3,22,48,19,19
1,<environment.Job instance at 0x15201e307320>,12,23,[2 6],13,33,56,20,27
1,<environment.Job instance at 0x151fe6cf9f00>,13,2,[12  2],14,48,50,34,36
1,<environment.Job instance at 0x151fe6cf9820>,14,28,[11  1],15,50,78,35,49
1,<environment.Job instance at 0x151fe6cf9230>,16,22,[11  2],17,78,100,61,72
1,<environment.Job instance at 0x151fe6cf9a50>,17,28,[13  1],18,100,128,82,99
1,<environment.Job instance at 0x1520249304b0>,20,24,[ 1 10],21,100,124,79,100
1,<environment.Job instance at 0x152024930410>,21,28,[ 2 13],22,124,152,102,123
1,<environment.Job instance at 0x152024930640>,19,14,[11  1],20,145,159,125,145
1,<environment.Job instance at 0x152024930190>,22,26,[ 1 14],23,152,178,129,150
1,<environment.Job instance at 0x152024930050>,27,1,[ 2 13],28,178,179,150,164
1,<environment.Job instance at 0x1520249300a0>,28,25,[11  1],29,164,189,135,164
1,<environment.Job instance at 0x15201e307230>,6,21,[ 2 12],7,179,200,172,176
1,<environment.Job instance at 0x1520249306e0>,30,28,[14  2],31,200,228,169,199
1,<environment.Job instance at 0x15201e1dc5f0>,32,27,[ 1 13],33,221,248,188,221
1,<environment.Job instance at 0x15201e1dceb0>,33,23,[11  1],34,228,251,194,225
1,<environment.Job instance at 0x15201e1dc690>,34,27,[13  1],35,251,278,216,249
1,<environment.Job instance at 0x15201e307a00>,10,23,[13  2],11,278,301,267,274
1,<environment.Job instance at 0x15201e1dc960>,37,19,[9 1],38,301,320,263,291
1,<environment.Job instance at 0x15201e1dc050>,39,25,[ 1 12],40,302,327,262,302
1,<environment.Job instance at 0x15201e1dcc80>,41,28,[ 2 13],42,327,355,285,326
1,<environment.Job instance at 0x15201e1dc4b0>,42,23,[5 1],43,326,349,283,326
1,<environment.Job instance at 0x151fe68f31e0>,44,26,[ 2 14],45,355,381,310,353
1,<environment.Job instance at 0x151fe68f3be0>,45,25,[1 8],46,381,406,335,377
1,<environment.Job instance at 0x151fe68f3c80>,46,18,[12  1],47,382,400,335,382
1,<environment.Job instance at 0x152024930230>,29,3,[12  1],30,400,403,370,400
1,<environment.Job instance at 0x151fe68f33c0>,48,28,[6 1],49,403,431,354,402
1,<environment.Job instance at 0x151fe68f3910>,49,25,[14  1],50,431,456,381,427
1,<environment.Job instance at 0x151fe68f3d20>,50,23,[14  1],51,456,479,405,450
1,<environment.Job instance at 0x151fe68f3640>,47,2,[11  2],48,479,481,431,469
1,<environment.Job instance at 0x151fe68f3690>,55,22,[ 2 10],56,479,501,423,473
1,<environment.Job instance at 0x151fe68f3aa0>,57,27,[8 2],58,481,508,423,480
1,<environment.Job instance at 0x151fe68f3cd0>,54,14,[14  1],55,519,533,464,519
1,<environment.Job instance at 0x151fe68f3410>,60,18,[9 2],61,533,551,472,522
1,<environment.Job instance at 0x151fe69f2410>,61,2,[ 2 13],62,557,559,495,557
1,<environment.Job instance at 0x152024930780>,23,15,[11  1],24,562,577,538,562
1,<environment.Job instance at 0x151fe68f3280>,59,2,[ 2 14],60,573,575,513,573
1,<environment.Job instance at 0x151fe653c910>,62,15,[14  1],63,579,594,516,579
1,<environment.Job instance at 0x15201e1dc1e0>,36,3,[ 1 13],37,580,583,543,580
1,<environment.Job instance at 0x152020ef9140>,70,24,[8 2],71,594,618,523,590
1,<environment.Job instance at 0x151fe69f27d0>,66,17,[ 2 11],67,594,611,527,592
1,<environment.Job instance at 0x152020ef9960>,69,3,[ 1 13],70,612,615,542,612
1,<environment.Job instance at 0x152020ef9230>,71,19,[14  1],72,624,643,552,624
1,<environment.Job instance at 0x152022562910>,78,27,[12  1],79,643,670,564,641
1,<environment.Job instance at 0x152020ef95a0>,68,18,[12  2],69,670,688,601,666
1,<environment.Job instance at 0x152022562a00>,80,26,[ 2 14],81,688,714,607,685
1,<environment.Job instance at 0x152022562e60>,82,24,[14  1],83,714,738,631,710
1,<environment.Job instance at 0x152022562a50>,84,1,[ 1 11],85,739,740,654,739
1,<environment.Job instance at 0x151fe6cf99b0>,18,16,[ 1 12],19,740,756,721,740
1,<environment.Job instance at 0x152022562730>,87,18,[13  2],88,754,772,666,754
1,<environment.Job instance at 0x15201dafc3c0>,86,16,[11  1],87,778,794,691,778
1,<environment.Job instance at 0x152020ef93c0>,73,2,[ 1 12],74,799,801,725,799
1,<environment.Job instance at 0x152022562550>,79,2,[ 1 14],80,818,820,738,818
1,<environment.Job instance at 0x15201c0dc6e0>,0,23,[2 5],1,1,24,0,1
1,<environment.Job instance at 0x15201c0dc550>,2,20,[7 2],3,4,24,1,4
1,<environment.Job instance at 0x151fe63dfaa0>,7,24,[13  2],8,24,48,16,19
1,<environment.Job instance at 0x151fe6e5c550>,5,24,[14  1],6,48,72,42,44
1,<environment.Job instance at 0x151fe6e5ce10>,4,1,[13  1],5,72,73,67,57
1,<environment.Job instance at 0x151fe64bec30>,15,12,[2 8],16,72,84,56,66
1,<environment.Job instance at 0x151fe64be6e0>,14,28,[12  1],15,76,104,61,76
1,<environment.Job instance at 0x151fe64be4b0>,13,27,[ 2 11],14,84,111,70,82
1,<environment.Job instance at 0x151fe64be2d0>,18,26,[9 2],19,104,130,85,101
1,<environment.Job instance at 0x151fe63df370>,6,19,[ 2 11],7,112,131,105,112
1,<environment.Job instance at 0x151fe6394b90>,17,20,[13  2],18,130,150,112,127
1,<environment.Job instance at 0x152022cac410>,26,25,[2 5],27,148,173,121,148
1,<environment.Job instance at 0x151fe64be0a0>,16,2,[ 1 11],17,173,175,156,149
1,<environment.Job instance at 0x152024573820>,23,1,[14  1],24,173,174,149,149
1,<environment.Job instance at 0x152024573e10>,22,1,[ 2 13],23,175,176,152,167
1,<environment.Job instance at 0x1520245708c0>,36,2,[ 1 14],37,176,178,139,170
1,<environment.Job instance at 0x152024570e10>,38,20,[ 2 14],39,178,198,139,173
1,<environment.Job instance at 0x152024570d20>,39,3,[ 2 13],40,198,201,158,181
1,<environment.Job instance at 0x151fe62a1e10>,42,27,[ 1 11],43,201,228,158,199
1,<environment.Job instance at 0x152022f2b910>,29,20,[ 1 11],30,228,248,198,221
1,<environment.Job instance at 0x151fe6b41a50>,43,2,[ 1 13],44,248,250,204,241
1,<environment.Job instance at 0x151fe6b41280>,44,28,[2 7],45,250,278,205,249
1,<environment.Job instance at 0x151fe62a1780>,46,25,[2 5],47,250,275,203,249
1,<environment.Job instance at 0x151fe62ad280>,48,28,[14  1],49,278,306,229,278
1,<environment.Job instance at 0x152023e7c0a0>,47,25,[1 9],48,279,304,231,279
1,<environment.Job instance at 0x151fe62adc80>,53,2,[13  1],54,306,308,252,298
1,<environment.Job instance at 0x151fe62ad8c0>,54,1,[ 2 13],55,306,307,251,303
1,<environment.Job instance at 0x151fe62adeb0>,55,1,[10  1],56,308,309,252,303
1,<environment.Job instance at 0x152022587140>,40,1,[13  2],41,309,310,268,309
1,<environment.Job instance at 0x151fe6239870>,58,23,[5 2],59,310,333,251,310
1,<environment.Job instance at 0x151fe6307c30>,57,3,[13  1],58,333,336,275,318
1,<environment.Job instance at 0x151fe6307230>,60,21,[8 2],61,336,357,275,328
1,<environment.Job instance at 0x151fe6307b40>,61,21,[ 1 13],62,331,352,269,331
1,<environment.Job instance at 0x151fe6307d70>,62,22,[11  2],63,357,379,294,350
1,<environment.Job instance at 0x151fe63070a0>,63,3,[ 1 12],64,363,366,299,363
1,<environment.Job instance at 0x151fe63074b0>,64,23,[1 8],65,366,389,301,364
1,<environment.Job instance at 0x151fe6307cd0>,66,28,[10  2],67,379,407,312,378
1,<environment.Job instance at 0x151fe6307780>,67,28,[ 1 10],68,389,417,321,388
1,<environment.Job instance at 0x151fe6307c80>,59,23,[11  2],60,407,430,347,402
1,<environment.Job instance at 0x151fe65d7780>,68,12,[11  1],69,430,442,361,415
1,<environment.Job instance at 0x151fe65d7c80>,70,19,[11  2],71,442,461,371,432
1,<environment.Job instance at 0x151fe65d7500>,71,28,[10  2],72,461,489,389,460
1,<environment.Job instance at 0x151fe65d74b0>,72,3,[ 1 10],73,460,463,387,460
1,<environment.Job instance at 0x151fe65d7550>,73,1,[ 1 11],74,463,464,389,460
1,<environment.Job instance at 0x151fe63dfe10>,11,14,[ 2 12],12,467,481,455,467
1,<environment.Job instance at 0x151fe65d7e10>,75,26,[10  2],76,489,515,413,486
1,<environment.Job instance at 0x151fe65d7690>,76,21,[1 6],77,490,511,413,490
1,<environment.Job instance at 0x151fe65d70a0>,77,25,[ 1 11],78,511,536,433,507
1,<environment.Job instance at 0x151fe65d7820>,78,25,[ 1 10],79,536,561,457,532
1,<environment.Job instance at 0x151fe65d7c30>,79,2,[1 9],80,561,563,481,536
1,<environment.Job instance at 0x151fe65d7a00>,69,17,[12  1],70,536,553,466,536
1,<environment.Job instance at 0x151fe65d76e0>,81,25,[1 9],82,563,588,481,559
1,<environment.Job instance at 0x151fe65d7fa0>,74,13,[ 1 11],75,588,601,513,579
1,<environment.Job instance at 0x151fe65d7d70>,83,3,[1 6],84,579,582,495,579
1,<environment.Job instance at 0x151fe65d7870>,84,26,[2 7],85,601,627,516,598
1,<environment.Job instance at 0x151fe66fd500>,85,1,[ 1 14],86,627,628,541,604
1,<environment.Job instance at 0x151fe66fdaa0>,86,2,[11  1],87,604,606,517,604
1,<environment.Job instance at 0x151fe66fd550>,87,24,[14  1],88,627,651,539,622
1,<environment.Job instance at 0x151fe62ad960>,52,13,[ 1 12],53,633,646,580,633
1,<environment.Job instance at 0x151fe66fdaf0>,88,14,[11  2],89,651,665,562,637
1,<environment.Job instance at 0x151fe65d72d0>,82,16,[13  1],83,715,731,632,715
1,<environment.Job instance at 0x151fe65d7cd0>,80,3,[ 1 12],81,727,730,646,727
1,<environment.Job instance at 0x152022f23a00>,35,3,[ 1 11],36,770,773,734,770
1,<environment.Job instance at 0x15201dc87b90>,4,27,[11  1],5,5,32,0,5
1,<environment.Job instance at 0x15201d65f8c0>,5,25,[2 6],6,7,32,1,7
1,<environment.Job instance at 0x152022f70aa0>,1,12,[ 1 13],2,38,50,36,38
1,<environment.Job instance at 0x15201c08a320>,8,24,[5 2],9,38,62,29,38
1,<environment.Job instance at 0x15201c08a7d0>,9,3,[5 1],10,52,55,42,52
1,<environment.Job instance at 0x15201c08a230>,10,18,[6 2],11,55,73,44,53
1,<environment.Job instance at 0x15201c08af50>,7,12,[ 2 12],8,62,74,54,55
1,<environment.Job instance at 0x15201c08a780>,12,20,[12  2],13,73,93,60,64
1,<environment.Job instance at 0x15201c08a8c0>,13,2,[12  1],14,93,95,79,79
1,<environment.Job instance at 0x15201c08a460>,14,2,[11  1],15,95,97,80,85
1,<environment.Job instance at 0x15201c08ad70>,16,25,[13  1],17,97,122,80,93
1,<environment.Job instance at 0x15201c08ac30>,17,22,[14  2],18,122,144,104,115
1,<environment.Job instance at 0x15201c08a0a0>,21,17,[1 8],22,132,149,110,132
1,<environment.Job instance at 0x15201c08a820>,11,14,[ 2 11],12,149,163,137,137
1,<environment.Job instance at 0x151fe67500a0>,23,26,[12  1],24,144,170,120,142
1,<environment.Job instance at 0x151fe6750280>,26,22,[ 2 10],27,163,185,136,156
1,<environment.Job instance at 0x151fe6750e60>,27,26,[ 2 14],28,185,211,157,182
1,<environment.Job instance at 0x151fe6750410>,29,18,[5 2],30,211,229,181,210
1,<environment.Job instance at 0x151fe6750cd0>,30,1,[12  2],31,229,230,198,215
1,<environment.Job instance at 0x151fe6750f00>,31,22,[ 2 10],32,215,237,183,215
1,<environment.Job instance at 0x151fe6750aa0>,22,3,[ 2 13],23,239,242,216,239
1,<environment.Job instance at 0x151fe67502d0>,34,26,[ 1 11],35,242,268,207,240
1,<environment.Job instance at 0x151fe6750870>,33,1,[ 2 12],34,268,269,234,258
1,<environment.Job instance at 0x151fe6750820>,38,25,[ 1 12],39,269,294,230,265
1,<environment.Job instance at 0x151fe6750eb0>,39,25,[12  1],40,265,290,225,265
1,<environment.Job instance at 0x151fe6750a00>,40,23,[13  2],41,290,313,249,284
1,<environment.Job instance at 0x151fe6e82d70>,42,1,[13  2],43,313,314,270,312
1,<environment.Job instance at 0x151fe6e82910>,43,28,[5 2],44,314,342,270,313
1,<environment.Job instance at 0x151fe6e827d0>,44,28,[ 1 13],45,313,341,268,313
1,<environment.Job instance at 0x151fe6e82550>,46,26,[ 2 13],47,341,367,294,338
1,<environment.Job instance at 0x151fe6e82e10>,47,25,[11  1],48,342,367,294,338
1,<environment.Job instance at 0x151fe64b2d20>,51,27,[1 7],52,367,394,315,365
1,<environment.Job instance at 0x151fe64b2500>,52,22,[5 1],53,367,389,314,366
1,<environment.Job instance at 0x152022f23a00>,6,19,[ 2 11],7,399,418,392,399
1,<environment.Job instance at 0x151fe64b2640>,56,21,[6 2],57,401,422,344,401
1,<environment.Job instance at 0x15201dc87410>,3,3,[ 2 13],4,418,421,414,402
1,<environment.Job instance at 0x151fe6750230>,36,15,[ 1 12],37,421,436,384,410
1,<environment.Job instance at 0x151fe64b2870>,60,20,[1 8],61,436,456,375,427
1,<environment.Job instance at 0x151fe64b2b90>,61,22,[7 2],62,428,450,366,428
1,<environment.Job instance at 0x151fe64b2550>,64,13,[6 1],65,460,473,395,460
1,<environment.Job instance at 0x151fe64b2910>,65,21,[13  2],66,473,494,407,465
1,<environment.Job instance at 0x151fe64b23c0>,66,26,[1 7],67,465,491,398,465
1,<environment.Job instance at 0x151fe64b2eb0>,67,22,[5 1],68,494,516,426,489
1,<environment.Job instance at 0x152024e9c960>,71,26,[8 1],72,494,520,422,491
1,<environment.Job instance at 0x151fe64b2370>,70,22,[ 1 11],71,494,516,423,494
1,<environment.Job instance at 0x152024e9c870>,72,2,[ 1 14],73,516,518,443,501
1,<environment.Job instance at 0x152024e9c2d0>,75,23,[ 2 13],76,518,541,442,517
1,<environment.Job instance at 0x151fe64b20a0>,58,14,[12  2],59,533,547,474,533
1,<environment.Job instance at 0x151fe637dfa0>,0,14,[ 1 13],1,544,558,543,544
1,<environment.Job instance at 0x152024e9c3c0>,80,27,[ 1 10],81,558,585,477,556
1,<environment.Job instance at 0x152024e9c410>,81,27,[2 5],82,558,585,476,556
1,<environment.Job instance at 0x152024e9c780>,82,28,[ 1 12],83,585,613,502,584
1,<environment.Job instance at 0x152024e9cdc0>,79,19,[12  1],80,587,606,507,587
1,<environment.Job instance at 0x152024e9c550>,83,28,[2 8],84,613,641,529,612
1,<environment.Job instance at 0x15201dc0d4b0>,88,26,[ 1 11],89,641,667,552,638
1,<environment.Job instance at 0x152024e9ce10>,76,27,[ 1 14],77,667,694,590,665
1,<environment.Job instance at 0x151fe64b2f50>,55,12,[ 2 13],56,694,706,638,690
1,<environment.Job instance at 0x152024e9ca00>,74,12,[ 2 14],75,714,726,639,714
1,<environment.Job instance at 0x15201dc0df00>,85,12,[ 2 12],86,814,826,728,814
1,<environment.Job instance at 0x151fe6870730>,1,28,[14  1],2,2,30,0,2
1,<environment.Job instance at 0x15201dc0d9b0>,4,25,[ 1 14],5,9,34,4,9
1,<environment.Job instance at 0x15201c1a50f0>,2,24,[11  1],3,30,54,27,28
1,<environment.Job instance at 0x151fe6f763c0>,8,21,[12  1],9,54,75,45,48
1,<environment.Job instance at 0x151fe6f768c0>,11,20,[12  1],12,75,95,63,69
1,<environment.Job instance at 0x151fe6d7d3c0>,17,25,[ 2 14],18,69,94,51,69
1,<environment.Job instance at 0x151fe6d7d820>,16,26,[12  1],17,95,121,78,94
1,<environment.Job instance at 0x151fe6352370>,20,22,[ 2 10],21,94,116,73,94
1,<environment.Job instance at 0x151fe6d7daf0>,22,1,[ 1 12],23,132,133,109,132
1,<environment.Job instance at 0x151fe6d7d6e0>,24,20,[ 1 11],25,138,158,113,138
1,<environment.Job instance at 0x151fe6f76370>,9,2,[14  1],10,152,154,142,152
1,<environment.Job instance at 0x1520244fd820>,27,27,[1 5],28,158,185,130,157
1,<environment.Job instance at 0x15202257bf00>,30,28,[11  1],31,157,185,126,157
1,<environment.Job instance at 0x15202267c6e0>,32,21,[14  2],33,185,206,152,180
1,<environment.Job instance at 0x15202267c370>,34,21,[14  1],35,206,227,171,205
1,<environment.Job instance at 0x152023e80c30>,19,3,[ 2 14],20,229,232,209,229
1,<environment.Job instance at 0x151fe6c04870>,39,26,[2 5],40,232,258,192,229
1,<environment.Job instance at 0x151fe6c04e60>,40,23,[13  2],41,232,255,191,229
1,<environment.Job instance at 0x151fe67870a0>,42,22,[ 2 11],43,258,280,215,252
1,<environment.Job instance at 0x151fe6787640>,43,21,[ 1 13],44,280,301,236,273
1,<environment.Job instance at 0x151fe6d7d9b0>,23,15,[13  2],24,276,291,252,276
1,<environment.Job instance at 0x151fe6787fa0>,45,25,[7 1],46,291,316,245,287
1,<environment.Job instance at 0x152020f11960>,46,26,[ 2 10],47,301,327,254,298
1,<environment.Job instance at 0x152020f113c0>,47,19,[ 2 13],48,327,346,279,323
1,<environment.Job instance at 0x152020f11190>,50,1,[13  1],51,326,327,275,326
1,<environment.Job instance at 0x15202500d2d0>,53,25,[ 1 12],54,346,371,292,342
1,<environment.Job instance at 0x15202500df50>,54,27,[5 2],55,343,370,288,343
1,<environment.Job instance at 0x15201dd25050>,55,16,[12  1],56,370,386,314,365
1,<environment.Job instance at 0x15201dd25280>,56,27,[ 2 12],57,371,398,314,369
1,<environment.Job instance at 0x15201dd25460>,58,20,[ 2 12],59,398,418,339,398
1,<environment.Job instance at 0x15201dd25370>,59,20,[11  1],60,399,419,339,399
1,<environment.Job instance at 0x15201dd25f50>,61,22,[13  2],62,419,441,357,412
1,<environment.Job instance at 0x151fe6c1bd20>,37,2,[13  1],38,441,443,403,425
1,<environment.Job instance at 0x151fe6828320>,64,26,[5 1],65,443,469,378,441
1,<environment.Job instance at 0x15201dd252d0>,62,1,[ 2 11],63,452,453,389,452
1,<environment.Job instance at 0x15201c5ca9b0>,66,19,[ 2 13],67,472,491,405,472
1,<environment.Job instance at 0x15201c5ca280>,69,2,[11  2],70,491,493,421,491
1,<environment.Job instance at 0x15201dd25320>,65,16,[11  2],66,496,512,430,496
1,<environment.Job instance at 0x15201c5caaa0>,71,27,[13  2],72,512,539,440,510
1,<environment.Job instance at 0x152022f01fa0>,73,21,[ 2 13],74,526,547,452,526
1,<environment.Job instance at 0x152022f01500>,74,19,[13  1],75,540,559,465,540
1,<environment.Job instance at 0x152022f01b90>,75,21,[ 2 10],76,547,568,471,540
1,<environment.Job instance at 0x151fe6e8eaa0>,76,25,[13  2],77,559,584,482,557
1,<environment.Job instance at 0x151fe6f76460>,13,20,[ 1 12],14,579,599,565,579
1,<environment.Job instance at 0x151fe6e8e5f0>,78,24,[8 1],79,584,608,505,582
1,<environment.Job instance at 0x151fe6e8e140>,77,1,[14  1],78,608,609,530,598
1,<environment.Job instance at 0x151fe6e8e2d0>,80,3,[ 1 11],81,621,624,540,621
1,<environment.Job instance at 0x151fe6e8e690>,81,3,[ 2 11],82,624,627,542,621
1,<environment.Job instance at 0x151fe6e8e410>,84,23,[ 2 11],85,627,650,542,621
1,<environment.Job instance at 0x15201e603a00>,85,22,[9 1],86,621,643,535,621
1,<environment.Job instance at 0x152022f34140>,88,1,[13  2],89,645,646,556,645
1,<environment.Job instance at 0x151fe6c04e10>,38,16,[ 2 11],39,652,668,613,652
1,<environment.Job instance at 0x15201c5ca4b0>,70,17,[ 1 12],71,684,701,613,684
1,<environment.Job instance at 0x152020f11be0>,51,12,[ 1 14],52,1089,1101,1037,1089
1,<environment.Job instance at 0x151fe6734320>,0,21,[2 5],1,2,23,1,2
1,<environment.Job instance at 0x151fe6fb6be0>,6,25,[9 2],7,7,32,0,7
1,<environment.Job instance at 0x15202500d7d0>,3,24,[ 1 14],4,32,56,28,27
1,<environment.Job instance at 0x151fe6fb6fa0>,11,27,[11  2],12,56,83,44,54
1,<environment.Job instance at 0x151fe6f84280>,14,25,[8 2],15,83,108,68,79
1,<environment.Job instance at 0x151fe6f84320>,16,27,[14  2],17,108,135,91,106
1,<environment.Job instance at 0x151fe6f841e0>,17,12,[1 5],18,108,120,90,108
1,<environment.Job instance at 0x151fe6f84550>,21,27,[6 1],22,135,162,113,133
1,<environment.Job instance at 0x151fe64b2aa0>,1,19,[ 1 11],2,134,153,132,134
1,<environment.Job instance at 0x151fe6f84190>,15,19,[13  1],16,162,181,146,159
1,<environment.Job instance at 0x151fe6734460>,4,18,[13  2],5,181,199,176,174
1,<environment.Job instance at 0x151fe6f84730>,23,13,[12  2],24,199,212,175,199
1,<environment.Job instance at 0x151fe6f84af0>,27,22,[2 5],28,200,222,172,200
1,<environment.Job instance at 0x151fe6f84a50>,28,19,[14  2],29,222,241,193,213
1,<environment.Job instance at 0x151fe6fb6eb0>,8,14,[11  1],9,242,256,233,242
1,<environment.Job instance at 0x151fe6f847d0>,24,2,[ 1 13],25,246,248,221,246
1,<environment.Job instance at 0x151fe6f84dc0>,32,19,[7 1],33,256,275,223,253
1,<environment.Job instance at 0x151fe6f84b90>,34,22,[1 7],35,254,276,219,254
1,<environment.Job instance at 0x151fe6f84e60>,36,28,[2 9],37,276,304,239,275
1,<environment.Job instance at 0x151fe6f84910>,26,3,[14  1],27,304,307,277,281
1,<environment.Job instance at 0x151fe6f87190>,39,27,[ 1 12],40,304,331,264,302
1,<environment.Job instance at 0x151fe6f87410>,41,28,[12  2],42,307,335,265,306
1,<environment.Job instance at 0x151fe6f874b0>,44,26,[2 9],45,331,357,286,329
1,<environment.Job instance at 0x151fe6f87500>,43,28,[11  2],44,335,363,291,334
1,<environment.Job instance at 0x151fe6f87730>,48,26,[6 1],49,363,389,314,360
1,<environment.Job instance at 0x151fe6f877d0>,49,17,[ 1 11],50,368,385,318,368
1,<environment.Job instance at 0x151fe6f87870>,50,21,[10  2],51,389,410,338,384
1,<environment.Job instance at 0x151fe6f87910>,51,25,[9 1],52,410,435,358,406
1,<environment.Job instance at 0x151fe6f875f0>,46,1,[14  1],47,435,436,388,418
1,<environment.Job instance at 0x151fe6f87e60>,57,28,[6 2],58,436,464,378,435
1,<environment.Job instance at 0x151fe6f87fa0>,58,2,[12  1],59,464,466,405,437
1,<environment.Job instance at 0x151fe6f87f00>,59,21,[1 5],60,442,463,382,442
1,<environment.Job instance at 0x151fe6f7e140>,60,25,[ 1 11],61,463,488,402,459
1,<environment.Job instance at 0x151fe6f87d20>,55,18,[14  2],56,473,491,417,473
1,<environment.Job instance at 0x151fe6f7e2d0>,62,2,[ 2 13],63,491,493,428,483
1,<environment.Job instance at 0x151fe6f84b40>,29,13,[ 1 13],30,493,506,463,491
1,<environment.Job instance at 0x151fe6f7e4b0>,65,24,[1 7],66,506,530,440,501
1,<environment.Job instance at 0x151fe6f7e230>,66,22,[ 2 12],67,530,552,463,523
1,<environment.Job instance at 0x151fe6f7e6e0>,67,26,[10  2],68,524,550,456,524
1,<environment.Job instance at 0x151fe6f7e370>,63,2,[ 2 11],64,559,561,495,559
1,<environment.Job instance at 0x151fe6f7e960>,71,19,[ 1 11],72,572,591,500,572
1,<environment.Job instance at 0x151fe6f84eb0>,33,13,[ 1 12],34,591,604,557,590
1,<environment.Job instance at 0x151fe6f7e910>,73,2,[ 1 14],74,604,606,530,591
1,<environment.Job instance at 0x151fe6f7e780>,68,14,[ 2 14],69,606,620,537,606
1,<environment.Job instance at 0x151fe6f7eaa0>,79,25,[ 2 14],80,620,645,540,616
1,<environment.Job instance at 0x151fe6f7e5a0>,82,23,[12  2],83,645,668,562,639
1,<environment.Job instance at 0x151fe6f7b1e0>,84,3,[12  1],85,678,681,593,678
1,<environment.Job instance at 0x151fe6f7b2d0>,87,1,[ 1 10],88,679,680,591,679
1,<environment.Job instance at 0x151fe6f7b370>,88,21,[6 2],89,681,702,592,679
1,<environment.Job instance at 0x151fe6f7e9b0>,72,1,[11  2],73,735,736,662,735
1,<environment.Job instance at 0x151fe6f84870>,25,16,[ 2 12],26,818,834,792,818
1,<environment.Job instance at 0x151fe6f7b190>,85,16,[ 2 14],86,834,850,748,831
1,<environment.Job instance at 0x151fe6f7e500>,64,13,[ 2 14],65,2372,2385,2307,2372
1,<environment.Job instance at 0x15201c0a8b40>,1,26,[14  1],2,2,28,0,2
1,<environment.Job instance at 0x151fe6abe7d0>,2,16,[1 6],3,3,19,0,3
1,<environment.Job instance at 0x151fe6f7e410>,4,22,[1 9],5,19,41,14,14
1,<environment.Job instance at 0x151fe6e89f50>,7,27,[14  1],8,28,55,20,26
1,<environment.Job instance at 0x15201db95eb0>,3,25,[13  1],4,55,80,51,51
1,<environment.Job instance at 0x151fe6e891e0>,12,27,[ 1 12],13,51,78,38,51
1,<environment.Job instance at 0x15201db95690>,0,20,[14  2],1,80,100,79,75
1,<environment.Job instance at 0x151fe6e89be0>,13,26,[ 1 12],14,79,105,65,79
1,<environment.Job instance at 0x151fe6e895f0>,5,1,[ 2 11],6,105,106,99,93
1,<environment.Job instance at 0x151fe6e89730>,10,12,[11  1],11,103,115,92,103
1,<environment.Job instance at 0x151fe6c2e140>,21,1,[ 2 11],22,106,107,84,103
1,<environment.Job instance at 0x151fe6c2e960>,25,22,[ 1 14],26,107,129,81,106
1,<environment.Job instance at 0x151fe6e89d70>,14,16,[12  2],15,129,145,114,121
1,<environment.Job instance at 0x151fe6c2ec30>,27,22,[ 2 14],28,145,167,117,138
1,<environment.Job instance at 0x151fe6c2e050>,20,2,[ 2 13],21,167,169,146,156
1,<environment.Job instance at 0x151fe6c2ee10>,31,26,[ 1 12],32,169,195,137,166
1,<environment.Job instance at 0x151fe6c2e910>,30,23,[ 2 14],31,195,218,164,189
1,<environment.Job instance at 0x151fe6c2ea00>,36,27,[6 1],37,201,228,164,201
1,<environment.Job instance at 0x151fe6c2e2d0>,32,19,[ 2 14],33,218,237,185,211
1,<environment.Job instance at 0x151fe6e83320>,39,25,[14  2],40,237,262,197,235
1,<environment.Job instance at 0x151fe6c2e410>,29,25,[1 6],30,241,266,211,241
1,<environment.Job instance at 0x151fe6e83a00>,44,23,[5 2],45,262,285,217,256
1,<environment.Job instance at 0x151fe6e83be0>,46,26,[8 2],47,262,288,215,259
1,<environment.Job instance at 0x151fe6ea0fa0>,47,26,[1 9],48,266,292,218,264
1,<environment.Job instance at 0x151fe6c2eeb0>,26,3,[ 1 12],27,300,303,273,300
1,<environment.Job instance at 0x151fe6e886e0>,55,21,[10  2],56,304,325,248,304
1,<environment.Job instance at 0x151fe6e88e10>,56,19,[ 2 14],57,325,344,268,320
1,<environment.Job instance at 0x151fe6e88230>,57,26,[11  1],58,325,351,267,322
1,<environment.Job instance at 0x151fe6e88a50>,58,24,[ 1 13],59,344,368,285,341
1,<environment.Job instance at 0x151fe6c2eb90>,19,2,[11  2],20,351,353,331,346
1,<environment.Job instance at 0x151fe6e88140>,61,26,[ 2 13],62,368,394,306,365
1,<environment.Job instance at 0x151fe6e887d0>,62,25,[9 1],63,365,390,302,365
1,<environment.Job instance at 0x151fe6e88b40>,60,2,[14  2],61,394,396,333,389
1,<environment.Job instance at 0x151fe6c2e230>,38,3,[ 1 13],39,394,397,355,393
1,<environment.Job instance at 0x151fe6e88a00>,63,2,[13  1],64,397,399,333,397
1,<environment.Job instance at 0x151fe6e881e0>,66,1,[12  2],67,421,422,354,421
1,<environment.Job instance at 0x151fe6e99050>,68,23,[ 1 14],69,422,445,353,421
1,<environment.Job instance at 0x151fe6ea0870>,52,1,[ 1 12],53,445,446,392,423
1,<environment.Job instance at 0x151fe6e99190>,67,19,[ 1 13],68,446,465,378,440
1,<environment.Job instance at 0x151fe6ea4370>,72,3,[ 2 12],73,465,468,392,442
1,<environment.Job instance at 0x151fe6e88d20>,65,14,[12  1],66,446,460,380,446
1,<environment.Job instance at 0x152024502550>,77,28,[13  1],78,460,488,382,459
1,<environment.Job instance at 0x152024502f00>,75,19,[1 5],76,468,487,392,464
1,<environment.Job instance at 0x152024502be0>,81,26,[ 2 11],82,487,513,405,484
1,<environment.Job instance at 0x152024502d70>,83,24,[6 1],84,498,522,414,498
1,<environment.Job instance at 0x152024502280>,82,24,[ 2 11],83,513,537,430,508
1,<environment.Job instance at 0x152024502410>,84,16,[13  2],85,522,538,437,513
1,<environment.Job instance at 0x151fe6e83e60>,45,3,[11  2],46,538,541,492,519
1,<environment.Job instance at 0x152024502cd0>,80,20,[ 1 13],81,537,557,456,528
1,<environment.Job instance at 0x152024502eb0>,85,13,[12  1],86,541,554,455,538
1,<environment.Job instance at 0x151fe6e99f50>,69,14,[ 1 12],70,609,623,539,609
1,<environment.Job instance at 0x15201c1a8820>,0,26,[8 2],1,1,27,0,1
1,<environment.Job instance at 0x15201c1a8e10>,7,2,[2 5],8,22,24,14,22
1,<environment.Job instance at 0x151fe6e99f50>,2,2,[ 2 12],3,26,28,23,26
1,<environment.Job instance at 0x15201c1a8870>,9,23,[ 1 13],10,28,51,18,27
1,<environment.Job instance at 0x15201c1a83c0>,3,1,[ 1 11],4,51,52,47,44
1,<environment.Job instance at 0x15201c1a8780>,11,28,[8 1],12,44,72,32,44
1,<environment.Job instance at 0x15201c1a8500>,12,20,[1 9],13,52,72,39,47
1,<environment.Job instance at 0x15201c1a8c30>,13,25,[12  2],14,72,97,58,68
1,<environment.Job instance at 0x15201c1a86e0>,8,3,[ 2 13],9,79,82,70,79
1,<environment.Job instance at 0x15201c1a8140>,16,28,[9 1],17,97,125,80,96
1,<environment.Job instance at 0x15201c1a8eb0>,10,17,[ 2 12],11,96,113,85,96
1,<environment.Job instance at 0x15201c1a8d70>,18,22,[1 7],19,113,135,94,107
1,<environment.Job instance at 0x15201c1a8190>,20,26,[1 8],21,125,151,104,122
1,<environment.Job instance at 0x15201c1a8be0>,5,1,[ 1 12],6,151,152,145,140
1,<environment.Job instance at 0x151fe6ec6140>,22,24,[13  2],23,140,164,117,140
1,<environment.Job instance at 0x151fe6ec6dc0>,23,27,[8 1],24,164,191,140,162
1,<environment.Job instance at 0x151fe6ec62d0>,24,24,[7 1],25,164,188,139,163
1,<environment.Job instance at 0x151fe6ec6230>,21,1,[ 1 12],22,188,189,166,178
1,<environment.Job instance at 0x151fe6ec63c0>,27,28,[ 1 13],28,189,217,161,188
1,<environment.Job instance at 0x151fe6ec6eb0>,28,28,[ 2 12],29,217,245,188,216
1,<environment.Job instance at 0x151fe6ec64b0>,29,24,[11  1],30,216,240,186,216
1,<environment.Job instance at 0x151fe6ec6190>,33,26,[11  2],34,240,266,206,237
1,<environment.Job instance at 0x151fe6ec6730>,34,27,[2 6],35,245,272,210,244
1,<environment.Job instance at 0x151fe6ec6af0>,35,2,[14  1],36,272,274,236,252
1,<environment.Job instance at 0x151fe6ec6e60>,36,23,[ 2 10],37,274,297,237,268
1,<environment.Job instance at 0x151fe6ec6f50>,32,26,[ 1 12],33,297,323,264,294
1,<environment.Job instance at 0x151fe6ec65f0>,37,19,[13  1],38,297,316,259,297
1,<environment.Job instance at 0x151fe6ec6aa0>,38,1,[ 1 12],39,323,324,284,318
1,<environment.Job instance at 0x151fe6ec66e0>,39,19,[ 2 12],40,324,343,284,319
1,<environment.Job instance at 0x15201e27f640>,41,21,[2 6],42,343,364,301,335
1,<environment.Job instance at 0x15201c1a8a00>,17,14,[11  1],18,336,350,318,336
1,<environment.Job instance at 0x15201e27f8c0>,44,21,[13  2],45,350,371,305,342
1,<environment.Job instance at 0x15201e27f730>,45,25,[ 1 13],46,364,389,318,360
1,<environment.Job instance at 0x15201e27f0f0>,46,25,[ 2 12],47,389,414,342,385
1,<environment.Job instance at 0x15201e27faf0>,48,25,[6 1],49,394,419,345,394
1,<environment.Job instance at 0x15201e27f500>,49,23,[9 2],50,414,437,364,411
1,<environment.Job instance at 0x15201e27fcd0>,51,24,[14  2],52,437,461,385,432
1,<environment.Job instance at 0x15201e27f140>,52,20,[11  2],53,461,481,408,452
1,<environment.Job instance at 0x15201e27fb90>,55,22,[2 5],56,461,483,405,455
1,<environment.Job instance at 0x15201e27ff50>,56,24,[ 2 14],57,483,507,426,478
1,<environment.Job instance at 0x15201e1fb870>,57,28,[9 1],58,481,509,423,481
1,<environment.Job instance at 0x15201e1fb410>,59,25,[14  1],60,509,534,449,505
1,<environment.Job instance at 0x15201e1fb690>,60,24,[10  2],61,534,558,473,529
1,<environment.Job instance at 0x15201e27f4b0>,54,1,[ 1 11],55,534,535,479,534
1,<environment.Job instance at 0x15201e1fb280>,62,20,[2 9],63,537,557,474,537
1,<environment.Job instance at 0x15201e1fbd20>,64,18,[14  1],65,558,576,493,552
1,<environment.Job instance at 0x15201e1fb320>,66,22,[11  2],67,576,598,509,569
1,<environment.Job instance at 0x15201e1fb0a0>,68,24,[7 1],69,598,622,529,593
1,<environment.Job instance at 0x15201e1fbeb0>,70,22,[ 2 12],71,601,623,530,601
1,<environment.Job instance at 0x15201e1fb1e0>,71,27,[ 2 14],72,623,650,551,621
1,<environment.Job instance at 0x15201c1a85a0>,15,16,[ 2 13],16,650,666,634,647
1,<environment.Job instance at 0x15201c1a8b40>,6,1,[ 1 11],7,669,670,662,669
1,<environment.Job instance at 0x15201e1fb3c0>,72,12,[ 2 11],73,686,698,613,686
1,<environment.Job instance at 0x151fe6e5cb40>,75,18,[13  1],76,710,728,634,710
1,<environment.Job instance at 0x151fe6e5c190>,76,1,[14  2],77,731,732,654,731
1,<environment.Job instance at 0x151fe6e5ce10>,77,19,[14  1],78,736,755,658,736
1,<environment.Job instance at 0x151fe6e5cf00>,78,24,[ 1 14],79,740,764,661,740
1,<environment.Job instance at 0x151fe6e5ccd0>,79,25,[11  2],80,764,789,684,760
1,<environment.Job instance at 0x15201e1fb500>,73,12,[ 1 12],74,828,840,754,828
1,<environment.Job instance at 0x151fe6e5c370>,81,23,[13  2],82,828,851,746,828
1,<environment.Job instance at 0x151fe6e5ce60>,80,16,[13  1],81,851,867,770,841
1,<environment.Job instance at 0x151fe6e5c5a0>,82,2,[ 2 14],83,864,866,781,864
1,<environment.Job instance at 0x151fe6e5c960>,84,26,[ 2 10],85,866,892,781,864
1,<environment.Job instance at 0x151fe6e5ceb0>,86,16,[11  2],87,867,883,780,867
1,<environment.Job instance at 0x151fe6e5c280>,88,20,[ 2 13],89,892,912,803,886
1,<environment.Job instance at 0x15201e1fb230>,74,19,[ 1 13],75,940,959,865,940
1,<environment.Job instance at 0x151fe6e5caa0>,83,3,[ 2 12],84,994,997,910,994
1,<environment.Job instance at 0x15201e1fbfa0>,61,13,[ 1 13],62,1096,1109,1034,1096
1,<environment.Job instance at 0x15201e27f230>,43,13,[ 1 14],44,1950,1963,1906,1950
1,<environment.Job instance at 0x151fe6ece7d0>,2,27,[2 9],3,3,30,0,3
1,<environment.Job instance at 0x151fe6d81eb0>,8,21,[14  2],9,30,51,21,29
1,<environment.Job instance at 0x151fe6ecec30>,4,28,[ 1 11],5,30,58,25,30
1,<environment.Job instance at 0x15201dd00e10>,11,28,[ 2 13],12,58,86,46,58
1,<environment.Job instance at 0x151fe6d81a00>,9,20,[12  1],10,62,82,52,62
1,<environment.Job instance at 0x15201dd00be0>,16,21,[ 2 11],17,86,107,69,83
1,<environment.Job instance at 0x15201dd001e0>,17,26,[2 6],18,107,133,89,104
1,<environment.Job instance at 0x15201dd00d70>,19,27,[1 9],20,107,134,87,107
1,<environment.Job instance at 0x15201dd00f50>,20,23,[13  2],21,133,156,112,129
1,<environment.Job instance at 0x151fe6ece050>,3,19,[ 2 11],4,136,155,132,136
1,<environment.Job instance at 0x152022f3a550>,25,26,[5 2],26,156,182,130,153
1,<environment.Job instance at 0x152022f3a960>,26,23,[2 8],27,155,178,128,154
1,<environment.Job instance at 0x152022f3aeb0>,28,23,[8 1],29,159,182,130,159
1,<environment.Job instance at 0x152022f3a8c0>,30,17,[14  1],31,182,199,151,175
1,<environment.Job instance at 0x151fe6f842d0>,1,18,[13  2],2,199,217,197,189
1,<environment.Job instance at 0x152022f3ab90>,31,21,[14  1],32,217,238,185,209
1,<environment.Job instance at 0x152022f3a820>,33,20,[12  1],34,238,258,204,229
1,<environment.Job instance at 0x151fe6c18910>,35,27,[5 1],36,258,285,222,256
1,<environment.Job instance at 0x151fe6c18320>,36,28,[13  2],37,285,313,248,284
1,<environment.Job instance at 0x15201dd00550>,18,17,[13  2],19,313,330,294,306
1,<environment.Job instance at 0x151fe6c18780>,39,19,[ 2 11],40,328,347,288,328
1,<environment.Job instance at 0x151fe6c18af0>,40,20,[ 1 12],41,347,367,306,338
1,<environment.Job instance at 0x151fe6c18e10>,41,28,[ 2 11],42,367,395,325,366
1,<environment.Job instance at 0x151fe6c18fa0>,38,15,[11  2],39,393,408,354,393
1,<environment.Job instance at 0x151fe6c180a0>,43,28,[6 2],44,408,436,364,407
1,<environment.Job instance at 0x15202263c0f0>,44,25,[5 1],45,408,433,363,407
1,<environment.Job instance at 0x151fe6c18e60>,42,1,[12  1],43,436,437,393,414
1,<environment.Job instance at 0x15202263c410>,46,17,[ 1 12],47,415,432,368,415
1,<environment.Job instance at 0x15202263c730>,48,14,[11  2],49,437,451,388,436
1,<environment.Job instance at 0x151fe6a21a50>,51,3,[ 2 13],52,446,449,394,446
1,<environment.Job instance at 0x152022f3a0f0>,32,17,[ 2 14],33,452,469,419,452
1,<environment.Job instance at 0x151fe6a21870>,53,19,[ 2 14],54,469,488,415,459
1,<environment.Job instance at 0x151fe6a21be0>,54,19,[14  1],55,488,507,433,478
1,<environment.Job instance at 0x151fe6a21910>,55,24,[11  2],56,507,531,451,502
1,<environment.Job instance at 0x152022f3afa0>,24,17,[ 1 12],25,505,522,480,505
1,<environment.Job instance at 0x151fe6a21eb0>,58,2,[ 2 14],59,531,533,472,507
1,<environment.Job instance at 0x15202263c0a0>,45,2,[12  1],46,531,533,485,521
1,<environment.Job instance at 0x151fe6a21d70>,57,13,[14  2],58,533,546,475,522
1,<environment.Job instance at 0x151fe6a21af0>,63,24,[ 2 14],64,546,570,482,542
1,<environment.Job instance at 0x151fe6a216e0>,62,26,[13  1],63,546,572,483,544
1,<environment.Job instance at 0x15201e2da460>,68,26,[10  1],69,572,598,503,571
1,<environment.Job instance at 0x15201805bb90>,66,25,[ 1 14],67,574,599,507,574
1,<environment.Job instance at 0x15201e2da730>,72,24,[11  1],73,598,622,525,594
1,<environment.Job instance at 0x151fe6a217d0>,52,1,[11  1],53,622,623,569,595
1,<environment.Job instance at 0x15201805bc80>,65,1,[ 2 14],66,603,604,537,603
1,<environment.Job instance at 0x15201e2dac30>,73,20,[ 2 10],74,613,633,539,613
1,<environment.Job instance at 0x15201dac41e0>,79,23,[8 2],80,623,646,543,618
1,<environment.Job instance at 0x15201dac49b0>,80,24,[1 6],81,633,657,552,628
1,<environment.Job instance at 0x151fe6599cd0>,82,22,[8 1],83,646,668,563,639
1,<environment.Job instance at 0x151fe65996e0>,83,3,[ 1 11],84,657,660,573,639
1,<environment.Job instance at 0x151fe6599280>,84,22,[2 6],85,660,682,575,653
1,<environment.Job instance at 0x151fe6599d20>,85,3,[14  1],86,682,685,596,663
1,<environment.Job instance at 0x15201e2dab90>,75,17,[ 1 14],76,682,699,606,672
1,<environment.Job instance at 0x151fe6599e10>,88,24,[ 1 12],89,699,723,610,694
1,<environment.Job instance at 0x151fe65995a0>,86,1,[ 2 14],87,723,724,636,716
1,<environment.Job instance at 0x15201dac48c0>,78,2,[ 2 14],79,724,726,645,722
1,<environment.Job instance at 0x151fe6d81140>,10,3,[11  1],11,732,735,721,732
1,<environment.Job instance at 0x15201e2daf50>,74,13,[ 2 12],75,1378,1391,1303,1378
1,<environment.Job instance at 0x151fe65289b0>,1,22,[ 2 12],2,2,24,0,2
1,<environment.Job instance at 0x15201dbc97d0>,4,21,[9 1],5,5,26,0,5
1,<environment.Job instance at 0x15201e2daf50>,3,3,[11  2],4,26,29,22,6
1,<environment.Job instance at 0x151fe6870be0>,9,25,[6 1],10,29,54,19,25
1,<environment.Job instance at 0x151fe6870e10>,11,27,[1 6],12,25,52,13,25
1,<environment.Job instance at 0x151fe68704b0>,10,23,[8 2],11,31,54,20,31
1,<environment.Job instance at 0x151fe6870870>,8,26,[9 1],9,54,80,45,51
1,<environment.Job instance at 0x151fe6565690>,16,23,[ 1 13],17,63,86,46,63
1,<environment.Job instance at 0x151fe6565410>,15,27,[12  2],16,80,107,64,78
1,<environment.Job instance at 0x151fe6565be0>,22,27,[13  1],23,108,135,85,108
1,<environment.Job instance at 0x151fe6870b40>,13,3,[12  2],14,135,138,121,111
1,<environment.Job instance at 0x151fe6565dc0>,27,21,[13  2],28,138,159,110,130
1,<environment.Job instance at 0x151fe6565e10>,28,12,[1 5],29,130,142,101,130
1,<environment.Job instance at 0x151fe6565aa0>,20,1,[ 2 12],21,142,143,121,142
1,<environment.Job instance at 0x151fe67d71e0>,30,15,[7 2],31,159,174,128,145
1,<environment.Job instance at 0x151fe67d7280>,32,15,[1 5],33,151,166,118,151
1,<environment.Job instance at 0x151fe67d7460>,33,3,[ 1 14],34,174,177,140,164
1,<environment.Job instance at 0x151fe67d7500>,34,2,[10  2],35,177,179,142,164
1,<environment.Job instance at 0x151fe67d75a0>,35,22,[6 1],36,179,201,143,172
1,<environment.Job instance at 0x151fe67d7640>,36,25,[ 2 12],37,177,202,140,173
1,<environment.Job instance at 0x151fe67d76e0>,37,17,[7 1],38,179,196,141,179
1,<environment.Job instance at 0x151fe67d7780>,38,19,[7 2],39,198,217,159,198
1,<environment.Job instance at 0x151fe67d7820>,39,27,[2 9],40,202,229,162,200
1,<environment.Job instance at 0x151fe67d78c0>,40,25,[14  2],41,229,254,188,225
1,<environment.Job instance at 0x151fe67d7960>,41,13,[1 7],42,229,242,187,227
1,<environment.Job instance at 0x151fe67d7a00>,42,25,[ 2 10],43,254,279,211,250
1,<environment.Job instance at 0x151fe67d7b40>,44,21,[11  1],45,256,277,211,256
1,<environment.Job instance at 0x151fe67d7be0>,45,22,[5 2],46,277,299,231,270
1,<environment.Job instance at 0x151fe67d7c80>,46,16,[ 1 14],47,318,334,271,318
1,<environment.Job instance at 0x151fe6565d70>,26,15,[ 2 12],27,334,349,307,323
1,<environment.Job instance at 0x151fe67d7dc0>,48,24,[ 2 11],49,349,373,300,344
1,<environment.Job instance at 0x151fe67d7d20>,47,15,[ 2 14],48,373,388,325,365
1,<environment.Job instance at 0x151fe67d7fa0>,50,21,[ 1 13],51,388,409,337,380
1,<environment.Job instance at 0x151fe683c0a0>,53,21,[ 1 14],54,409,430,355,403
1,<environment.Job instance at 0x151fe683c1e0>,54,20,[7 2],55,430,450,375,421
1,<environment.Job instance at 0x151fe67d7e60>,49,16,[ 2 11],50,440,456,390,440
1,<environment.Job instance at 0x151fe683c280>,57,19,[13  2],58,456,475,398,456
1,<environment.Job instance at 0x151fe683c550>,58,22,[ 2 14],59,475,497,416,468
1,<environment.Job instance at 0x151fe683c5a0>,60,21,[ 1 11],61,497,518,436,489
1,<environment.Job instance at 0x151fe683c6e0>,62,28,[2 7],63,518,546,455,517
1,<environment.Job instance at 0x151fe683ca00>,63,21,[14  2],64,546,567,482,538
1,<environment.Job instance at 0x151fe683cb40>,66,27,[ 1 13],67,546,573,479,544
1,<environment.Job instance at 0x151fe683ccd0>,67,28,[9 2],68,567,595,499,566
1,<environment.Job instance at 0x151fe683cc80>,68,28,[ 2 12],69,573,601,504,572
1,<environment.Job instance at 0x151fe683cfa0>,70,17,[13  1],71,595,612,524,589
1,<environment.Job instance at 0x151fe683cf50>,71,22,[11  2],72,612,634,540,605
1,<environment.Job instance at 0x151fe683cf00>,72,15,[13  2],73,647,662,574,647
1,<environment.Job instance at 0x151fe67d7320>,31,13,[ 1 11],32,659,672,627,659
1,<environment.Job instance at 0x151fe68460f0>,73,1,[ 2 14],74,672,673,598,664
1,<environment.Job instance at 0x151fe6846320>,76,26,[13  1],77,664,690,587,664
1,<environment.Job instance at 0x151fe6846370>,77,22,[ 1 14],78,673,695,595,666
1,<environment.Job instance at 0x151fe683c050>,55,14,[ 2 12],56,708,722,652,708
1,<environment.Job instance at 0x151fe6846820>,83,24,[ 1 14],84,722,746,638,717
1,<environment.Job instance at 0x151fe68468c0>,84,23,[2 8],85,746,769,661,740
1,<environment.Job instance at 0x151fe6846a00>,86,1,[ 1 12],87,769,770,682,752
1,<environment.Job instance at 0x151fe6846aa0>,87,1,[6 1],88,757,758,669,757
1,<environment.Job instance at 0x151fe6846b40>,88,3,[ 2 13],89,770,773,681,763
1,<environment.Job instance at 0x151fe6846280>,75,3,[ 1 14],76,908,911,832,908
1,<environment.Job instance at 0x151fe6870320>,12,14,[ 2 12],13,1014,1028,1001,1014
1,<environment.Job instance at 0x151fe6846640>,80,16,[ 1 13],81,1076,1092,995,1076
1,<environment.Job instance at 0x151fe6565c80>,23,17,[ 2 12],24,1189,1206,1165,1189
1,<environment.Job instance at 0x151fe63275f0>,2,25,[14  2],3,3,28,0,3
1,<environment.Job instance at 0x151fe6565c80>,4,23,[ 2 13],5,28,51,23,24
1,<environment.Job instance at 0x152024e85140>,5,27,[12  1],6,28,55,22,28
1,<environment.Job instance at 0x152024e85a50>,8,26,[ 1 11],9,51,77,42,48
1,<environment.Job instance at 0x15201f0878c0>,13,25,[12  2],14,64,89,50,64
1,<environment.Job instance at 0x15201da7d190>,11,24,[ 2 11],12,77,101,65,72
1,<environment.Job instance at 0x151fe6c21e10>,19,22,[12  1],20,89,111,69,89
1,<environment.Job instance at 0x15201c1a5be0>,20,24,[ 1 14],21,101,125,80,98
1,<environment.Job instance at 0x15201c1a5410>,22,19,[13  2],23,125,144,102,117
1,<environment.Job instance at 0x15201c1a5af0>,21,14,[ 1 11],22,125,139,103,124
1,<environment.Job instance at 0x15201db4f7d0>,9,23,[ 1 13],10,139,162,129,135
1,<environment.Job instance at 0x15201c1a5e60>,23,20,[14  2],24,144,164,120,143
1,<environment.Job instance at 0x15201c1a5f50>,25,22,[ 1 13],26,162,184,136,158
1,<environment.Job instance at 0x15201c1a5460>,30,27,[7 2],31,164,191,133,162
1,<environment.Job instance at 0x151fe63270f0>,1,19,[ 2 13],2,184,203,182,175
1,<environment.Job instance at 0x15201c1a5820>,32,16,[12  2],33,202,218,169,202
1,<environment.Job instance at 0x15201c1a56e0>,34,2,[ 1 14],35,218,220,183,215
1,<environment.Job instance at 0x15201c1a53c0>,35,2,[ 2 13],36,221,223,185,221
1,<environment.Job instance at 0x151fe6fb1b90>,37,21,[13  1],38,231,252,193,231
1,<environment.Job instance at 0x151fe6327320>,0,3,[11  1],1,252,255,251,238
1,<environment.Job instance at 0x151fe6fb1fa0>,39,26,[ 2 13],40,238,264,198,238
1,<environment.Job instance at 0x151fe6a13f50>,41,26,[2 9],42,264,290,222,261
1,<environment.Job instance at 0x15201c1a5640>,28,13,[12  1],29,282,295,253,282
1,<environment.Job instance at 0x151fe6a13e60>,43,2,[ 2 12],44,290,292,246,288
1,<environment.Job instance at 0x151fe6a13fa0>,44,2,[12  2],45,295,297,250,289
1,<environment.Job instance at 0x151fe665afa0>,45,23,[1 7],46,292,315,246,291
1,<environment.Job instance at 0x151fe665a320>,47,1,[7 1],48,297,298,249,297
1,<environment.Job instance at 0x15201f06f230>,48,26,[8 1],49,298,324,249,297
1,<environment.Job instance at 0x151fe665a640>,50,2,[ 2 12],51,315,317,264,303
1,<environment.Job instance at 0x15201e230050>,51,1,[11  2],52,324,325,272,307
1,<environment.Job instance at 0x15201c1a5f00>,27,12,[ 2 11],28,317,329,289,312
1,<environment.Job instance at 0x15201c1ba320>,53,2,[12  1],54,325,327,271,315
1,<environment.Job instance at 0x15201c1ba690>,54,17,[ 2 13],55,329,346,274,322
1,<environment.Job instance at 0x151fe6fb1550>,38,12,[ 1 12],39,352,364,313,352
1,<environment.Job instance at 0x152022f36f00>,56,23,[13  1],57,352,375,295,352
1,<environment.Job instance at 0x152022f36dc0>,57,25,[ 2 14],58,364,389,306,360
1,<environment.Job instance at 0x152022f36320>,58,27,[ 2 14],59,389,416,330,387
1,<environment.Job instance at 0x152022f36140>,61,22,[1 8],62,416,438,354,409
1,<environment.Job instance at 0x151fe6ea65a0>,63,23,[1 9],64,438,461,374,432
1,<environment.Job instance at 0x151fe6799320>,65,1,[9 1],66,453,454,387,453
1,<environment.Job instance at 0x151fe67995f0>,66,24,[ 2 13],67,461,485,394,456
1,<environment.Job instance at 0x152022f36a00>,55,3,[11  2],56,466,469,410,466
1,<environment.Job instance at 0x151fe6799e60>,67,12,[13  2],68,481,493,413,481
1,<environment.Job instance at 0x151fe65b4f50>,69,25,[ 2 11],70,485,510,415,481
1,<environment.Job instance at 0x151fe65b4e60>,70,2,[ 1 11],71,510,512,439,488
1,<environment.Job instance at 0x151fe65b4b40>,71,2,[ 1 12],72,512,514,440,492
1,<environment.Job instance at 0x15201db3eb40>,72,27,[14  1],73,510,537,437,508
1,<environment.Job instance at 0x15201c1a5d20>,31,16,[14  2],32,537,553,505,534
1,<environment.Job instance at 0x15201db3ed70>,73,1,[ 1 14],74,536,537,462,536
1,<environment.Job instance at 0x151fe65b4eb0>,68,2,[ 1 11],69,538,540,469,538
1,<environment.Job instance at 0x15201db3e8c0>,75,13,[2 8],76,553,566,477,540
1,<environment.Job instance at 0x151fe6ccad70>,80,17,[12  1],81,553,570,472,552
1,<environment.Job instance at 0x151fe6a13eb0>,42,13,[ 2 12],43,566,579,523,561
1,<environment.Job instance at 0x15201da9f0a0>,83,1,[1 6],84,562,563,478,562
1,<environment.Job instance at 0x151fe6cca910>,81,2,[11  2],82,570,572,488,563
1,<environment.Job instance at 0x15201da9f320>,85,22,[6 1],86,572,594,486,566
1,<environment.Job instance at 0x15201da9f5a0>,86,22,[1 9],87,579,601,492,573
1,<environment.Job instance at 0x15201da9fa00>,87,26,[ 2 14],88,601,627,513,598
1,<environment.Job instance at 0x151fe6cca690>,78,2,[ 2 13],79,627,629,548,609
1,<environment.Job instance at 0x15201e230320>,52,13,[ 2 14],53,671,684,618,671
1,<environment.Job instance at 0x1520245ab050>,1,27,[8 1],2,2,29,0,2
1,<environment.Job instance at 0x151fe6ab65f0>,0,24,[2 8],1,2,26,1,2
1,<environment.Job instance at 0x151fe6ab6500>,4,24,[14  2],5,29,53,24,24
1,<environment.Job instance at 0x151fe6cdfd20>,10,27,[ 2 13],11,53,80,42,51
1,<environment.Job instance at 0x151fe6cdfaa0>,13,27,[ 2 13],14,80,107,66,78
1,<environment.Job instance at 0x151fe6cdf820>,11,25,[6 2],12,78,103,66,78
1,<environment.Job instance at 0x151fe6cdf190>,3,18,[ 2 12],4,107,125,103,106
1,<environment.Job instance at 0x151fe6cdf5a0>,12,16,[13  2],13,118,134,105,118
1,<environment.Job instance at 0x151fe6cdf230>,18,24,[ 1 10],19,125,149,106,121
1,<environment.Job instance at 0x151fe6cdf320>,14,20,[14  1],15,134,154,119,134
1,<environment.Job instance at 0x151fe6cdf870>,19,20,[12  1],20,154,174,134,152
1,<environment.Job instance at 0x151fe6cdf370>,15,25,[ 1 12],16,159,184,143,159
1,<environment.Job instance at 0x15201dcf8820>,21,21,[14  1],22,174,195,152,173
1,<environment.Job instance at 0x15201dcf8d20>,20,21,[ 1 12],21,184,205,163,179
1,<environment.Job instance at 0x15201dcf8d70>,24,23,[ 2 12],25,205,228,180,200
1,<environment.Job instance at 0x15201dcf8fa0>,26,25,[ 1 11],27,228,253,201,225
1,<environment.Job instance at 0x15201dcf8f50>,30,24,[ 2 12],31,253,277,222,248
1,<environment.Job instance at 0x151fe6cdf050>,17,3,[ 2 13],18,281,284,263,281
1,<environment.Job instance at 0x15201dcf8af0>,32,26,[9 1],33,281,307,248,281
1,<environment.Job instance at 0x151fe6cdfaf0>,16,14,[13  1],17,307,321,290,300
1,<environment.Job instance at 0x15201dcf8910>,36,22,[ 2 11],37,312,334,275,312
1,<environment.Job instance at 0x15201dcf8640>,35,25,[12  1],36,321,346,285,317
1,<environment.Job instance at 0x152022572cd0>,38,28,[ 1 14],39,334,362,295,333
1,<environment.Job instance at 0x152022572e60>,42,1,[7 2],43,362,363,319,361
1,<environment.Job instance at 0x152022572910>,43,27,[ 1 14],44,363,390,319,361
1,<environment.Job instance at 0x152022572370>,44,24,[ 2 14],45,390,414,345,386
1,<environment.Job instance at 0x152022572230>,39,2,[ 2 13],40,414,416,374,406
1,<environment.Job instance at 0x152022572280>,47,28,[12  1],48,410,438,362,410
1,<environment.Job instance at 0x15201dcf8c30>,22,22,[ 1 12],23,421,443,398,421
1,<environment.Job instance at 0x1520225721e0>,45,20,[14  1],46,438,458,392,429
1,<environment.Job instance at 0x152022572b40>,52,28,[ 1 11],53,447,475,394,447
1,<environment.Job instance at 0x1520225722d0>,48,20,[13  2],49,458,478,409,450
1,<environment.Job instance at 0x151fe6f3a690>,56,13,[ 1 11],57,475,488,418,474
1,<environment.Job instance at 0x152022572190>,49,21,[12  1],50,478,499,428,476
1,<environment.Job instance at 0x151fe6f3ae10>,58,18,[ 1 12],59,493,511,434,493
1,<environment.Job instance at 0x151fe6f3af50>,60,22,[13  2],61,499,521,438,494
1,<environment.Job instance at 0x15201dcf8410>,31,1,[ 2 14],32,521,522,489,502
1,<environment.Job instance at 0x151fe6f3afa0>,64,28,[ 1 13],65,522,550,457,521
1,<environment.Job instance at 0x151fe6f3a8c0>,65,27,[14  2],66,522,549,456,521
1,<environment.Job instance at 0x151fe6f3a730>,62,2,[ 2 14],63,550,552,487,541
1,<environment.Job instance at 0x15201dcf8870>,29,20,[ 1 12],30,580,600,550,580
1,<environment.Job instance at 0x151fe6f3a5f0>,70,23,[ 1 12],71,600,623,529,596
1,<environment.Job instance at 0x151fe6446050>,72,24,[10  1],73,596,620,523,596
1,<environment.Job instance at 0x151fe6f3a0a0>,67,1,[11  1],68,621,622,553,621
1,<environment.Job instance at 0x151fe6f3af00>,74,28,[7 2],75,622,650,547,621
1,<environment.Job instance at 0x152022fe89b0>,75,20,[6 2],76,634,654,558,634
1,<environment.Job instance at 0x152022fe8730>,76,14,[12  1],77,654,668,577,642
1,<environment.Job instance at 0x152022fe8960>,77,24,[13  1],78,668,692,590,664
1,<environment.Job instance at 0x152022f08410>,80,21,[11  2],81,692,713,611,684
1,<environment.Job instance at 0x152022f081e0>,81,25,[2 5],82,684,709,602,684
1,<environment.Job instance at 0x151fe6f3a410>,73,21,[ 1 13],74,709,730,635,708
1,<environment.Job instance at 0x152022f08dc0>,84,23,[5 2],85,713,736,628,709
1,<environment.Job instance at 0x151fe6f3a3c0>,63,22,[ 1 14],64,741,763,677,741
1,<environment.Job instance at 0x152022f08460>,83,2,[ 1 14],84,763,765,679,758
1,<environment.Job instance at 0x152022f08af0>,86,18,[14  2],87,765,783,678,760
1,<environment.Job instance at 0x151fe61fde60>,88,22,[ 1 14],89,789,811,700,789
1,<environment.Job instance at 0x151fe6f3aa50>,57,17,[ 1 14],58,826,843,768,826
1,<environment.Job instance at 0x151fe6f3ac30>,69,15,[14  1],70,845,860,775,845
1,<environment.Job instance at 0x151fe6c0faf0>,2,24,[8 2],3,4,28,1,4
1,<environment.Job instance at 0x152024e9dd70>,4,26,[ 2 11],5,5,31,0,5
1,<environment.Job instance at 0x151fe6ed7280>,5,1,[7 2],6,28,29,22,12
1,<environment.Job instance at 0x152024e9de60>,3,22,[ 2 13],4,31,53,27,24
1,<environment.Job instance at 0x151fe6ed7500>,8,25,[2 8],9,53,78,44,49
1,<environment.Job instance at 0x151fe6ed7e10>,9,18,[13  1],10,54,72,44,54
1,<environment.Job instance at 0x151fe6ed7230>,7,19,[ 2 13],8,78,97,70,69
1,<environment.Job instance at 0x151fe6ed79b0>,12,2,[8 1],13,96,98,83,96
1,<environment.Job instance at 0x15202500f320>,13,24,[2 5],14,97,121,83,97
1,<environment.Job instance at 0x151fe6ed7af0>,10,3,[ 2 12],11,121,124,110,104
1,<environment.Job instance at 0x151fe6ed7370>,17,21,[12  1],18,105,126,87,105
1,<environment.Job instance at 0x151fe6811d20>,18,24,[ 1 14],19,124,148,105,119
1,<environment.Job instance at 0x15201c144140>,19,15,[2 6],20,148,163,128,134
1,<environment.Job instance at 0x151fe6c0fbe0>,1,3,[14  1],2,138,141,136,138
1,<environment.Job instance at 0x15201bc6b460>,20,3,[ 1 13],21,163,166,142,141
1,<environment.Job instance at 0x15201d64dd20>,22,28,[12  1],23,141,169,118,141
1,<environment.Job instance at 0x15201e3078c0>,23,22,[ 2 12],24,166,188,142,159
1,<environment.Job instance at 0x15201c144050>,25,1,[8 1],26,169,170,143,165
1,<environment.Job instance at 0x151fe6c0fc80>,0,15,[14  1],1,188,203,187,176
1,<environment.Job instance at 0x15201dbf7c80>,27,26,[14  2],28,203,229,175,200
1,<environment.Job instance at 0x15201e5b1cd0>,26,12,[13  1],27,229,241,202,214
1,<environment.Job instance at 0x1520244d7a00>,28,16,[ 1 13],29,218,234,189,218
1,<environment.Job instance at 0x152020f115f0>,32,26,[7 2],33,241,267,208,238
1,<environment.Job instance at 0x151fe695e500>,34,25,[ 1 11],35,238,263,203,238
1,<environment.Job instance at 0x15201dacb3c0>,35,25,[2 7],36,263,288,227,259
1,<environment.Job instance at 0x152020f110f0>,36,21,[ 2 14],37,288,309,251,280
1,<environment.Job instance at 0x151fe6488a00>,40,26,[ 2 14],41,309,335,268,306
1,<environment.Job instance at 0x151fe64889b0>,41,2,[8 1],42,306,308,264,306
1,<environment.Job instance at 0x15201e613b40>,42,23,[ 1 13],43,335,358,292,330
1,<environment.Job instance at 0x151fe6937230>,44,28,[11  2],45,335,363,290,334
1,<environment.Job instance at 0x151fe67b6c80>,46,20,[ 1 13],47,358,378,311,357
1,<environment.Job instance at 0x15201e6134b0>,43,26,[5 2],44,363,389,319,361
1,<environment.Job instance at 0x151fe6926640>,48,27,[8 2],49,378,405,329,376
1,<environment.Job instance at 0x151fe6ff4e60>,47,28,[6 2],48,396,424,348,396
1,<environment.Job instance at 0x15201db6a8c0>,50,3,[14  1],51,424,427,373,414
1,<environment.Job instance at 0x151fe696b050>,51,25,[ 2 10],52,427,452,375,423
1,<environment.Job instance at 0x15201dbcf230>,49,25,[10  2],50,427,452,377,423
1,<environment.Job instance at 0x151fe696bc80>,53,2,[1 6],54,423,425,369,423
1,<environment.Job instance at 0x151fe696b780>,56,23,[7 1],57,452,475,395,446
1,<environment.Job instance at 0x151fe696b550>,57,19,[ 2 13],58,452,471,394,449
1,<environment.Job instance at 0x15201c608cd0>,58,2,[12  1],59,475,477,416,464
1,<environment.Job instance at 0x15201c6089b0>,59,25,[ 2 14],60,471,496,411,467
1,<environment.Job instance at 0x151fe696b5f0>,54,15,[ 1 14],55,496,511,441,492
1,<environment.Job instance at 0x152020f121e0>,63,28,[2 8],64,511,539,447,510
1,<environment.Job instance at 0x152020f12370>,61,19,[1 7],62,511,530,449,511
1,<environment.Job instance at 0x152020f12eb0>,66,22,[ 1 13],67,539,561,472,532
1,<environment.Job instance at 0x152020f120a0>,65,15,[ 2 13],66,565,580,499,565
1,<environment.Job instance at 0x152020f12280>,69,24,[ 1 11],70,580,604,510,575
1,<environment.Job instance at 0x152020f12d70>,70,27,[ 1 12],71,604,631,533,602
1,<environment.Job instance at 0x152022672870>,71,23,[11  1],72,602,625,530,602
1,<environment.Job instance at 0x152022672a50>,75,26,[1 5],76,631,657,555,628
1,<environment.Job instance at 0x152022672410>,76,12,[12  1],77,645,657,568,645
1,<environment.Job instance at 0x1520226725f0>,77,26,[ 2 12],78,657,683,579,654
1,<environment.Job instance at 0x152022672a00>,80,20,[9 1],81,657,677,576,656
1,<environment.Job instance at 0x152020f12e60>,67,13,[ 2 11],68,683,696,615,671
1,<environment.Job instance at 0x152022672230>,81,1,[ 2 13],82,696,697,614,674
1,<environment.Job instance at 0x1520226728c0>,82,22,[ 1 12],83,697,719,614,691
1,<environment.Job instance at 0x152022672f00>,84,28,[ 2 14],85,719,747,634,718
1,<environment.Job instance at 0x151fe6f77d70>,85,26,[9 2],86,747,773,661,744
1,<environment.Job instance at 0x151fe6f77370>,86,22,[ 1 14],87,773,795,686,766
1,<environment.Job instance at 0x151fe6f77280>,87,2,[2 9],88,768,770,680,768
1,<environment.Job instance at 0x152022672050>,83,18,[ 1 14],84,795,813,711,788
1,<environment.Job instance at 0x152024e9d190>,6,13,[13  2],7,1049,1062,1042,1049
1,<environment.Job instance at 0x152022efe500>,21,14,[ 2 14],22,1067,1081,1045,1067
1,<environment.Job instance at 0x15201dc39af0>,15,14,[ 2 14],16,1126,1140,1110,1126
1,<environment.Job instance at 0x14f4e5f9db90>,0,24,[ 1 10],1,2,26,1,2
1,<environment.Job instance at 0x14f4e5f9daa0>,3,2,[1 7],4,26,28,22,4
1,<environment.Job instance at 0x14f4dcc2a870>,4,24,[6 1],5,5,29,0,5
1,<environment.Job instance at 0x14f4dcc2a960>,5,25,[7 1],6,6,31,0,6
1,<environment.Job instance at 0x14f4dcc2a820>,6,19,[ 1 13],7,28,47,21,20
1,<environment.Job instance at 0x14f4dcc2acd0>,14,3,[14  2],15,42,45,27,42
1,<environment.Job instance at 0x14f4dcc2aeb0>,15,24,[ 2 13],16,47,71,31,42
1,<environment.Job instance at 0x14f4dcc2c370>,19,21,[14  2],20,71,92,51,63
1,<environment.Job instance at 0x14f4dcc2c5a0>,21,22,[14  2],22,92,114,70,85
1,<environment.Job instance at 0x14f4dcc2c6e0>,22,25,[ 2 12],23,114,139,91,110
1,<environment.Job instance at 0x14f4e6124aa0>,2,18,[ 1 12],3,139,157,136,136
1,<environment.Job instance at 0x14f4dcc2c820>,24,20,[ 2 13],25,157,177,132,148
1,<environment.Job instance at 0x14f4dcc2ca00>,27,25,[14  2],28,177,202,149,173
1,<environment.Job instance at 0x14f4dcc2c7d0>,25,1,[11  1],26,176,177,150,176
1,<environment.Job instance at 0x14f4dcc2cdc0>,35,23,[11  2],36,202,225,166,196
1,<environment.Job instance at 0x14f4dcc2c0f0>,16,19,[ 1 12],17,220,239,203,220
1,<environment.Job instance at 0x14f4dcc2cf00>,36,27,[10  2],37,225,252,188,223
1,<environment.Job instance at 0x14f4dcc2d280>,41,18,[ 2 13],42,239,257,197,238
1,<environment.Job instance at 0x14f4dcc2d140>,40,19,[1 7],41,257,276,216,251
1,<environment.Job instance at 0x14f4dcc2d5a0>,43,3,[ 1 14],44,276,279,232,266
1,<environment.Job instance at 0x14f4dcc2d500>,42,23,[ 1 14],43,279,302,236,273
1,<environment.Job instance at 0x14f4dcc2d7d0>,47,26,[12  2],48,302,328,254,301
1,<environment.Job instance at 0x14f4dcc2d780>,46,21,[2 6],47,302,323,255,301
1,<environment.Job instance at 0x14f4dcc2d9b0>,49,25,[11  2],50,328,353,278,324
1,<environment.Job instance at 0x14f4dcc2d050>,38,1,[ 1 13],39,329,330,290,329
1,<environment.Job instance at 0x14f4dcc2d960>,53,27,[9 1],54,353,380,299,352
1,<environment.Job instance at 0x14f4dcc2deb0>,55,20,[ 1 14],56,353,373,297,352
1,<environment.Job instance at 0x14f4dcc2abe0>,10,3,[ 1 14],11,373,376,362,370
1,<environment.Job instance at 0x14f4dcc2df00>,57,1,[5 1],58,376,377,318,373
1,<environment.Job instance at 0x14f4dcc2df50>,56,1,[12  2],57,380,381,323,376
1,<environment.Job instance at 0x14f4dcc30230>,60,3,[ 1 11],61,378,381,317,378
1,<environment.Job instance at 0x14f4dcc302d0>,61,22,[14  1],62,381,403,319,378
1,<environment.Job instance at 0x14f4dcc2dc30>,51,2,[ 2 13],52,403,405,351,391
1,<environment.Job instance at 0x14f4dcc2de10>,59,18,[ 2 12],60,405,423,345,396
1,<environment.Job instance at 0x14f4dcc30460>,64,2,[11  2],65,403,405,338,401
1,<environment.Job instance at 0x14f4dcc30500>,67,19,[11  1],68,407,426,339,407
1,<environment.Job instance at 0x14f4dcc305a0>,68,28,[10  1],69,426,454,357,425
1,<environment.Job instance at 0x14f4dcc2dcd0>,52,12,[13  2],53,454,466,401,440
1,<environment.Job instance at 0x14f4dcc306e0>,70,20,[ 2 14],71,466,486,395,457
1,<environment.Job instance at 0x14f4dcc30780>,69,14,[12  2],70,486,500,416,473
1,<environment.Job instance at 0x14f4dcc30a00>,72,16,[ 2 12],73,503,519,430,503
1,<environment.Job instance at 0x14f4dcc30aa0>,73,3,[ 1 11],74,519,522,445,503
1,<environment.Job instance at 0x14f4dcc30320>,66,14,[14  2],67,519,533,452,512
1,<environment.Job instance at 0x14f4dcc30e10>,79,19,[14  1],80,533,552,453,528
1,<environment.Job instance at 0x14f4dcc32140>,83,21,[7 2],84,552,573,468,544
1,<environment.Job instance at 0x14f4dcc32050>,85,20,[2 9],86,552,572,466,545
1,<environment.Job instance at 0x14f4dcc324b0>,86,21,[ 1 12],87,572,593,485,566
1,<environment.Job instance at 0x14f4dcc32550>,87,18,[ 1 12],88,593,611,505,588
1,<environment.Job instance at 0x14f4dcc30b40>,74,1,[14  2],75,617,618,542,617
1,<environment.Job instance at 0x14f4dcc30820>,71,12,[ 2 11],72,632,644,560,632
1,<environment.Job instance at 0x14f4dcc32730>,90,27,[ 2 14],91,644,671,553,642
1,<environment.Job instance at 0x14f4dcc322d0>,91,2,[12  2],92,671,673,579,646
1,<environment.Job instance at 0x14f4dcc32780>,92,24,[2 9],93,671,695,578,666
1,<environment.Job instance at 0x14f4dcc32690>,89,12,[11  1],90,676,688,586,676
1,<environment.Job instance at 0x14f4dcc32a50>,95,25,[7 2],96,688,713,592,684
1,<environment.Job instance at 0x14f4dcc32910>,93,3,[ 1 14],94,713,716,619,688
1,<environment.Job instance at 0x14f4dcc32b90>,97,2,[ 1 12],98,703,705,605,703
1,<environment.Job instance at 0x14f4dcc32c30>,98,25,[13  2],99,716,741,617,712
1,<environment.Job instance at 0x14f4dcc300a0>,63,13,[ 2 13],64,789,802,725,789
1,<environment.Job instance at 0x14f4dcc2c140>,17,3,[ 1 13],18,817,820,799,817
1,<environment.Job instance at 0x14f4dcc32a00>,96,16,[ 2 11],97,989,1005,892,989
1,<environment.Job instance at 0x14f4dcc325f0>,88,12,[ 1 14],89,1057,1069,968,1057
1,<environment.Job instance at 0x14f4dcc325f0>,2,22,[ 2 14],3,5,27,2,5
1,<environment.Job instance at 0x14f4deb99b40>,9,24,[10  2],10,27,51,17,22
1,<environment.Job instance at 0x14f4d8050730>,5,22,[ 2 12],6,27,49,21,22
1,<environment.Job instance at 0x14f4deb88a00>,12,3,[2 8],13,49,52,36,28
1,<environment.Job instance at 0x14f4deab6e60>,11,1,[14  2],12,52,53,40,28
1,<environment.Job instance at 0x14f4deab6af0>,13,28,[2 5],14,53,81,39,52
1,<environment.Job instance at 0x14f4deb3c3c0>,17,20,[1 9],18,52,72,34,52
1,<environment.Job instance at 0x14f4df1bed70>,3,3,[13  1],4,72,75,68,70
1,<environment.Job instance at 0x14f4deb3c4b0>,20,21,[1 5],21,75,96,54,70
1,<environment.Job instance at 0x14f4deab6500>,14,3,[ 2 13],15,96,99,81,88
1,<environment.Job instance at 0x14f4deb54780>,22,20,[13  2],23,88,108,65,88
1,<environment.Job instance at 0x14f4deb545f0>,23,15,[12  1],24,108,123,84,102
1,<environment.Job instance at 0x14f4deb54b40>,25,17,[5 1],26,123,140,97,112
1,<environment.Job instance at 0x14f4deb54820>,26,13,[9 1],27,123,136,96,117
1,<environment.Job instance at 0x14f4deab61e0>,16,3,[ 1 13],17,138,141,121,138
1,<environment.Job instance at 0x14f4deb54eb0>,28,26,[12  2],29,140,166,111,138
1,<environment.Job instance at 0x14f4deb54dc0>,29,25,[ 2 12],30,141,166,111,138
1,<environment.Job instance at 0x14f4deb87280>,30,27,[12  2],31,166,193,135,164
1,<environment.Job instance at 0x14f4deb871e0>,31,18,[ 2 11],32,235,253,203,235
1,<environment.Job instance at 0x14f4deb87230>,32,19,[11  2],33,238,257,205,238
1,<environment.Job instance at 0x14f4deb87870>,33,23,[ 1 12],34,253,276,219,249
1,<environment.Job instance at 0x14f4deb3c2d0>,19,17,[ 2 14],20,313,330,293,313
1,<environment.Job instance at 0x14f4deb87d20>,35,17,[ 1 11],36,330,347,294,327
1,<environment.Job instance at 0x14f4deb87820>,36,23,[ 1 14],37,347,370,310,341
1,<environment.Job instance at 0x14f4deb87190>,37,27,[1 9],38,370,397,332,368
1,<environment.Job instance at 0x14f4deb87050>,34,14,[12  1],35,374,388,339,374
1,<environment.Job instance at 0x14f4dec99b40>,40,23,[ 2 13],41,397,420,356,391
1,<environment.Job instance at 0x14f4dec99960>,41,2,[ 1 13],42,423,425,381,423
1,<environment.Job instance at 0x14f4deb540a0>,27,12,[ 1 13],28,427,439,399,427
1,<environment.Job instance at 0x14f4dec991e0>,43,25,[ 1 12],44,439,464,395,435
1,<environment.Job instance at 0x14f4dec99c80>,44,27,[ 1 12],45,464,491,419,462
1,<environment.Job instance at 0x14f4dec990f0>,45,2,[14  1],46,477,479,431,477
1,<environment.Job instance at 0x14f4dec99fa0>,46,22,[12  2],47,479,501,432,479
1,<environment.Job instance at 0x14f4dec992d0>,47,20,[ 1 12],48,491,511,443,484
1,<environment.Job instance at 0x14f4dec995a0>,38,3,[ 1 12],39,511,514,472,495
1,<environment.Job instance at 0x14f4dec98820>,50,19,[12  2],51,501,520,450,496
1,<environment.Job instance at 0x14f4dec98cd0>,53,28,[7 2],54,520,548,466,519
1,<environment.Job instance at 0x14f4dec980f0>,54,28,[7 1],55,520,548,465,519
1,<environment.Job instance at 0x14f4df2e7eb0>,56,28,[ 1 11],57,519,547,462,519
1,<environment.Job instance at 0x14f4dead9550>,58,24,[14  2],59,548,572,489,544
1,<environment.Job instance at 0x14f4dec99640>,42,16,[11  2],43,572,588,529,572
1,<environment.Job instance at 0x14f4df336370>,63,25,[1 8],64,572,597,508,572
1,<environment.Job instance at 0x14f4df2a2050>,59,3,[13  2],60,593,596,533,593
1,<environment.Job instance at 0x14f4df2aac80>,64,26,[2 9],65,597,623,532,594
1,<environment.Job instance at 0x14f4df250280>,67,21,[12  1],68,596,617,528,596
1,<environment.Job instance at 0x14f4df2e7960>,61,1,[ 1 11],62,623,624,561,603
1,<environment.Job instance at 0x14f4df250870>,68,24,[10  2],69,617,641,548,614
1,<environment.Job instance at 0x14f4deb89320>,69,20,[2 8],70,624,644,554,617
1,<environment.Job instance at 0x14f4deb89780>,70,26,[ 2 12],71,644,670,573,641
1,<environment.Job instance at 0x14f4df2aabe0>,66,1,[12  2],67,668,669,601,668
1,<environment.Job instance at 0x14f4deb895a0>,71,20,[ 1 14],72,671,691,599,671
1,<environment.Job instance at 0x14f4deb5b730>,7,16,[13  1],8,692,708,684,692
1,<environment.Job instance at 0x14f4deb892d0>,72,16,[12  2],73,708,724,635,702
1,<environment.Job instance at 0x14f4deb89e10>,78,27,[ 1 14],79,724,751,645,722
1,<environment.Job instance at 0x14f4df2abfa0>,79,28,[9 1],80,724,752,644,723
1,<environment.Job instance at 0x14f4df2ab4b0>,81,1,[11  1],82,752,753,670,739
1,<environment.Job instance at 0x14f4df2abd70>,82,3,[11  2],83,753,756,670,752
1,<environment.Job instance at 0x14f4df2e1dc0>,84,15,[11  2],85,759,774,674,759
1,<environment.Job instance at 0x14f4deb89280>,73,14,[ 1 12],74,770,784,696,770
1,<environment.Job instance at 0x14f4df33daa0>,86,3,[13  2],87,779,782,692,779
1,<environment.Job instance at 0x14f4df240af0>,87,28,[ 1 11],88,784,812,696,783
1,<environment.Job instance at 0x14f4df240e60>,88,25,[ 1 12],89,812,837,723,808
1,<environment.Job instance at 0x14f4df2400f0>,85,3,[12  1],86,812,815,726,812
1,<environment.Job instance at 0x14f4df20aa00>,91,26,[ 1 14],92,837,863,745,834
1,<environment.Job instance at 0x14f4df20aeb0>,92,26,[ 2 12],93,863,889,770,860
1,<environment.Job instance at 0x14f4deb3c5a0>,21,15,[ 1 11],22,889,904,867,881
1,<environment.Job instance at 0x14f4deabae60>,94,25,[10  1],95,881,906,786,881
1,<environment.Job instance at 0x14f4deabaf00>,96,26,[13  1],97,906,932,809,904
1,<environment.Job instance at 0x14f4df219910>,98,19,[1 5],99,919,938,820,919
1,<environment.Job instance at 0x14f4deb89870>,77,2,[12  1],78,932,934,854,930
1,<environment.Job instance at 0x14f4deaa2e60>,93,2,[ 2 11],94,973,975,879,973
1,<environment.Job instance at 0x14f4df20ad70>,90,12,[ 2 14],91,976,988,885,976
1,<environment.Job instance at 0x14f4deb89460>,74,15,[ 1 13],75,1337,1352,1262,1337
1,<environment.Job instance at 0x14f4e400b280>,2,24,[ 1 13],3,4,28,1,4
1,<environment.Job instance at 0x14f4e400b730>,5,21,[11  1],6,14,35,8,14
1,<environment.Job instance at 0x14f4d80445a0>,1,24,[2 5],2,31,55,29,31
1,<environment.Job instance at 0x14f4977273c0>,9,28,[ 2 13],10,55,83,45,54
1,<environment.Job instance at 0x14f497727b40>,10,22,[11  2],11,55,77,44,55
1,<environment.Job instance at 0x14f497690870>,12,21,[13  2],13,77,98,64,76
1,<environment.Job instance at 0x14f4deb89460>,4,24,[ 1 13],5,83,107,78,79
1,<environment.Job instance at 0x14f497690190>,13,3,[ 2 13],14,116,119,102,116
1,<environment.Job instance at 0x14f4977780f0>,20,28,[7 1],21,116,144,95,116
1,<environment.Job instance at 0x14f497723910>,21,28,[ 2 13],22,119,147,97,118
1,<environment.Job instance at 0x14f4977328c0>,22,20,[7 2],23,144,164,121,137
1,<environment.Job instance at 0x14f49776b640>,25,19,[5 1],26,147,166,121,140
1,<environment.Job instance at 0x14f49776b140>,26,24,[ 2 10],27,147,171,120,142
1,<environment.Job instance at 0x14f49776b4b0>,27,3,[2 5],28,166,169,138,146
1,<environment.Job instance at 0x14f497767280>,28,25,[5 2],29,169,194,140,165
1,<environment.Job instance at 0x14f497767cd0>,30,24,[11  2],31,194,218,163,189
1,<environment.Job instance at 0x14f497750d70>,33,28,[ 1 14],34,218,246,184,218
1,<environment.Job instance at 0x14f497750aa0>,34,2,[1 6],35,246,248,211,221
1,<environment.Job instance at 0x14f497760a50>,36,22,[ 2 11],37,248,270,211,241
1,<environment.Job instance at 0x14f49777d370>,37,20,[7 2],38,246,266,208,245
1,<environment.Job instance at 0x14f497727320>,8,1,[ 2 14],9,270,271,261,264
1,<environment.Job instance at 0x14f497771b40>,39,19,[13  2],40,271,290,231,265
1,<environment.Job instance at 0x14f4977636e0>,40,24,[1 5],41,271,295,230,266
1,<environment.Job instance at 0x14f4977637d0>,42,19,[13  2],43,290,309,247,284
1,<environment.Job instance at 0x14f497779a00>,43,25,[11  1],44,309,334,265,305
1,<environment.Job instance at 0x14f497727be0>,7,1,[12  2],8,334,335,326,329
1,<environment.Job instance at 0x14f497753640>,47,20,[5 2],48,335,355,287,332
1,<environment.Job instance at 0x14f4977776e0>,38,12,[ 2 12],39,335,347,296,335
1,<environment.Job instance at 0x14f4976a57d0>,49,27,[2 8],50,347,374,297,345
1,<environment.Job instance at 0x14f4976a5550>,50,28,[ 2 13],51,374,402,323,373
1,<environment.Job instance at 0x14f4976a94b0>,53,25,[13  2],54,383,408,329,383
1,<environment.Job instance at 0x14f4976a9910>,54,22,[ 1 13],55,402,424,347,396
1,<environment.Job instance at 0x14f4976afe10>,55,16,[10  1],56,408,424,352,403
1,<environment.Job instance at 0x14f4976afc80>,57,26,[9 1],58,424,450,366,421
1,<environment.Job instance at 0x14f4976aff50>,58,26,[6 2],59,424,450,365,421
1,<environment.Job instance at 0x14f4976ade60>,51,3,[11  2],52,454,457,402,454
1,<environment.Job instance at 0x14f4976b3410>,60,21,[6 2],61,457,478,396,455
1,<environment.Job instance at 0x14f4976b3910>,63,2,[8 1],64,461,463,397,461
1,<environment.Job instance at 0x14f4976b3640>,64,24,[ 1 11],65,461,485,396,461
1,<environment.Job instance at 0x14f4976b3aa0>,66,1,[ 1 11],67,485,486,418,470
1,<environment.Job instance at 0x14f4976b36e0>,62,1,[ 2 13],63,486,487,423,479
1,<environment.Job instance at 0x14f4976b30f0>,68,20,[ 1 13],69,487,507,418,480
1,<environment.Job instance at 0x14f4976b3b90>,67,2,[12  2],68,480,482,412,480
1,<environment.Job instance at 0x14f4976b3c80>,71,28,[9 1],72,482,510,410,482
1,<environment.Job instance at 0x14f4976b3960>,73,23,[13  2],74,510,533,436,504
1,<environment.Job instance at 0x14f4976b3cd0>,69,22,[1 5],70,507,529,437,506
1,<environment.Job instance at 0x14f4976bb730>,74,3,[ 1 13],75,529,532,454,516
1,<environment.Job instance at 0x14f4976bbaf0>,76,3,[ 2 12],77,532,535,455,530
1,<environment.Job instance at 0x14f4976bb8c0>,78,21,[2 6],79,535,556,456,531
1,<environment.Job instance at 0x14f4976bbbe0>,79,19,[2 9],80,535,554,455,531
1,<environment.Job instance at 0x14f4976bba50>,80,14,[11  2],81,554,568,473,539
1,<environment.Job instance at 0x14f4976bbeb0>,81,24,[10  1],82,568,592,486,563
1,<environment.Job instance at 0x14f4976bbe60>,82,20,[13  2],83,592,612,509,584
1,<environment.Job instance at 0x14f4976bbfa0>,83,22,[6 2],84,612,634,528,605
1,<environment.Job instance at 0x14f4976bbaa0>,84,12,[7 1],85,612,624,527,605
1,<environment.Job instance at 0x14f4976bbc30>,85,1,[2 7],86,607,608,521,607
1,<environment.Job instance at 0x14f497640280>,86,2,[11  2],87,634,636,547,607
1,<environment.Job instance at 0x14f497640410>,88,24,[12  1],89,636,660,547,631
1,<environment.Job instance at 0x14f497640190>,89,1,[2 8],90,635,636,545,635
1,<environment.Job instance at 0x14f497640690>,91,27,[ 1 13],92,638,665,546,638
1,<environment.Job instance at 0x14f4976400f0>,92,20,[14  1],93,660,680,567,653
1,<environment.Job instance at 0x14f497640780>,93,22,[12  1],94,680,702,586,674
1,<environment.Job instance at 0x14f497640820>,94,1,[ 1 12],95,675,676,580,675
1,<environment.Job instance at 0x14f4976408c0>,95,20,[2 9],96,680,700,584,676
1,<environment.Job instance at 0x14f497640960>,96,28,[1 7],97,700,728,603,700
1,<environment.Job instance at 0x14f4976405a0>,97,28,[10  1],98,702,730,604,701
1,<environment.Job instance at 0x14f4976406e0>,98,1,[12  1],99,730,731,631,709
1,<environment.Job instance at 0x14f497727820>,6,19,[ 2 12],7,761,780,754,761
1,<environment.Job instance at 0x14f497723b90>,19,12,[ 2 14],20,805,817,785,805
1,<environment.Job instance at 0x14f4976bbb90>,77,3,[ 2 13],78,817,820,739,811
1,<environment.Job instance at 0x14f4977795f0>,44,12,[ 2 13],45,845,857,800,845
1,<environment.Job instance at 0x14f4976c8500>,0,21,[ 2 12],1,2,23,1,2
1,<environment.Job instance at 0x14f497727280>,1,1,[12  1],2,4,5,2,4
1,<environment.Job instance at 0x14f4deabbeb0>,4,3,[ 2 11],5,23,26,18,10
1,<environment.Job instance at 0x14f4977795f0>,3,21,[ 2 13],4,26,47,22,18
1,<environment.Job instance at 0x14f4deabb0a0>,6,3,[11  2],7,25,28,18,25
1,<environment.Job instance at 0x14f497b63960>,12,23,[8 2],13,28,51,15,27
1,<environment.Job instance at 0x14f497b63780>,13,22,[ 1 13],14,47,69,33,41
1,<environment.Job instance at 0x14f497b63b40>,14,23,[11  1],15,51,74,36,46
1,<environment.Job instance at 0x14f4deabbb90>,8,3,[11  1],9,74,77,65,49
1,<environment.Job instance at 0x14f497b63a00>,16,25,[ 2 14],17,69,94,52,65
1,<environment.Job instance at 0x14f497b63140>,23,3,[9 2],24,94,97,70,73
1,<environment.Job instance at 0x14f497cb1c80>,25,27,[2 7],26,94,121,68,92
1,<environment.Job instance at 0x14f497cb1960>,26,25,[10  2],27,97,122,70,93
1,<environment.Job instance at 0x14f497cb1f50>,27,1,[14  1],28,122,123,94,105
1,<environment.Job instance at 0x14f497cb1140>,32,21,[10  2],33,123,144,90,117
1,<environment.Job instance at 0x14f497cb1640>,30,2,[12  2],31,144,146,113,120
1,<environment.Job instance at 0x14f497cb1b90>,35,24,[12  1],36,146,170,110,141
1,<environment.Job instance at 0x14f497cb17d0>,37,25,[11  1],38,170,195,132,166
1,<environment.Job instance at 0x14f497cb10f0>,39,21,[1 7],40,166,187,126,166
1,<environment.Job instance at 0x14f497cb1780>,40,27,[2 9],41,187,214,146,185
1,<environment.Job instance at 0x14f497cb1690>,41,14,[5 1],42,195,209,153,187
1,<environment.Job instance at 0x14f497cb1870>,29,15,[ 2 14],30,214,229,184,203
1,<environment.Job instance at 0x14f497c6afa0>,46,1,[ 1 13],47,229,230,182,218
1,<environment.Job instance at 0x14f497c6a320>,47,28,[2 5],48,230,258,182,229
1,<environment.Job instance at 0x14f497c6af50>,48,22,[2 8],49,230,252,181,229
1,<environment.Job instance at 0x14f497c6aa50>,50,28,[1 6],51,252,280,201,251
1,<environment.Job instance at 0x14f497c6a500>,51,27,[12  1],52,252,279,200,251
1,<environment.Job instance at 0x14f497c6adc0>,54,18,[13  2],55,279,297,224,275
1,<environment.Job instance at 0x14f497c6a640>,55,19,[ 1 11],56,280,299,224,276
1,<environment.Job instance at 0x14f497cb1af0>,42,18,[14  2],43,297,315,254,289
1,<environment.Job instance at 0x14f497c6a910>,60,18,[12  1],61,315,333,254,311
1,<environment.Job instance at 0x14f497c6aaf0>,61,20,[14  2],62,333,353,271,326
1,<environment.Job instance at 0x14f497cb16e0>,33,15,[13  1],34,353,368,319,339
1,<environment.Job instance at 0x14f497b0da00>,64,23,[11  2],65,368,391,303,362
1,<environment.Job instance at 0x14f497b0d2d0>,66,21,[10  1],67,391,412,324,384
1,<environment.Job instance at 0x14f4de603af0>,68,20,[12  2],69,412,432,343,404
1,<environment.Job instance at 0x14f4dcc13a00>,69,2,[ 1 11],70,417,419,347,417
1,<environment.Job instance at 0x14f4dd063500>,71,22,[11  1],72,432,454,360,427
1,<environment.Job instance at 0x14f4dec9fa00>,73,21,[9 2],74,454,475,380,446
1,<environment.Job instance at 0x14f497c6a4b0>,57,17,[11  2],58,475,492,417,474
1,<environment.Job instance at 0x14f4dec9f410>,75,21,[11  2],76,492,513,416,485
1,<environment.Job instance at 0x14f4dec9f730>,76,28,[2 5],77,485,513,408,485
1,<environment.Job instance at 0x14f4dec9f910>,78,28,[12  2],79,513,541,434,512
1,<environment.Job instance at 0x14f4dec9fbe0>,79,23,[1 9],80,513,536,433,512
1,<environment.Job instance at 0x14f497b63190>,17,12,[13  1],18,541,553,523,526
1,<environment.Job instance at 0x14f4dec9ff00>,80,17,[ 1 11],81,536,553,455,526
1,<environment.Job instance at 0x14f4dec9fd20>,85,26,[5 2],86,553,579,467,550
1,<environment.Job instance at 0x14f4dec9f6e0>,86,21,[ 2 12],87,553,574,466,550
1,<environment.Job instance at 0x14f4dec9fe60>,87,3,[ 1 13],88,574,577,486,558
1,<environment.Job instance at 0x14f4dec45500>,88,18,[ 2 14],89,579,597,490,575
1,<environment.Job instance at 0x14f497b0dd70>,62,15,[ 1 13],63,597,612,534,588
1,<environment.Job instance at 0x14f4dec9f5a0>,84,16,[12  2],85,608,624,523,608
1,<environment.Job instance at 0x14f4dec9fc30>,91,25,[1 8],92,612,637,520,608
1,<environment.Job instance at 0x14f497d87a00>,92,3,[14  1],93,624,627,531,616
1,<environment.Job instance at 0x14f4dec9f960>,74,14,[11  2],75,629,643,554,629
1,<environment.Job instance at 0x14f497c99be0>,94,23,[ 1 12],95,637,660,542,632
1,<environment.Job instance at 0x14f497ee5460>,95,22,[10  1],96,643,665,547,636
1,<environment.Job instance at 0x14f4df1e8820>,96,1,[ 1 12],97,660,661,563,658
1,<environment.Job instance at 0x14f4e3fc8960>,97,24,[1 6],98,661,685,563,658
1,<environment.Job instance at 0x14f4df1e8e60>,98,20,[8 1],99,665,685,566,658
1,<environment.Job instance at 0x14f4e3c715a0>,93,3,[ 2 13],94,685,688,591,670
1,<environment.Job instance at 0x14f4dec45af0>,90,14,[14  2],91,688,702,597,681
1,<environment.Job instance at 0x14f497c6a7d0>,45,21,[ 2 14],46,706,727,660,706
1,<environment.Job instance at 0x14f4e549ce60>,89,16,[ 2 13],90,760,776,670,760
1,<environment.Job instance at 0x14f4de6265f0>,1,27,[11  1],2,2,29,0,2
1,<environment.Job instance at 0x14f4ded68820>,7,26,[12  2],8,29,55,21,26
1,<environment.Job instance at 0x14f4ded68cd0>,3,25,[9 2],4,55,80,51,51
1,<environment.Job instance at 0x14f4ded684b0>,8,25,[12  2],9,80,105,71,78
1,<environment.Job instance at 0x14f4ded68c30>,10,24,[2 7],11,81,105,70,81
1,<environment.Job instance at 0x14f4ded686e0>,5,27,[13  1],6,105,132,99,103
1,<environment.Job instance at 0x14f4e0030320>,14,24,[2 8],15,105,129,90,103
1,<environment.Job instance at 0x14f4e0030820>,15,27,[9 1],16,132,159,116,130
1,<environment.Job instance at 0x14f4ded68230>,11,19,[ 1 12],12,131,150,119,131
1,<environment.Job instance at 0x14f4e0030280>,19,24,[5 1],20,133,157,113,133
1,<environment.Job instance at 0x14f4de626460>,4,18,[ 1 14],5,157,175,152,157
1,<environment.Job instance at 0x14f4dd0b7e10>,22,18,[ 2 14],23,175,193,152,169
1,<environment.Job instance at 0x14f4dd0b7f00>,23,19,[ 1 11],24,193,212,169,186
1,<environment.Job instance at 0x14f4dd0b7870>,25,24,[9 1],26,186,210,160,186
1,<environment.Job instance at 0x14f4ded68e10>,13,13,[14  2],14,210,223,196,206
1,<environment.Job instance at 0x14f4dd0b7d70>,27,2,[ 2 10],28,223,225,195,214
1,<environment.Job instance at 0x14f4dd0b7be0>,29,23,[1 6],30,225,248,195,219
1,<environment.Job instance at 0x14f4dd0b7af0>,30,17,[11  1],31,223,240,192,221
1,<environment.Job instance at 0x14f4deaa4f00>,32,28,[2 6],33,225,253,192,224
1,<environment.Job instance at 0x14f4deaa45f0>,33,28,[1 7],34,248,276,214,247
1,<environment.Job instance at 0x14f4deaa4af0>,34,20,[8 1],35,247,267,212,247
1,<environment.Job instance at 0x14f4deaa45a0>,36,25,[12  1],37,267,292,230,264
1,<environment.Job instance at 0x14f4deaa43c0>,37,26,[13  1],38,292,318,254,289
1,<environment.Job instance at 0x14f4dd0b7460>,28,12,[1 7],29,289,301,260,289
1,<environment.Job instance at 0x14f4e0030be0>,18,15,[ 1 14],19,313,328,294,313
1,<environment.Job instance at 0x14f4df2e10a0>,40,22,[14  2],41,328,350,287,321
1,<environment.Job instance at 0x14f4ded68050>,6,1,[13  1],7,321,322,314,321
1,<environment.Job instance at 0x14f4deaa4c80>,39,16,[ 1 11],40,328,344,288,324
1,<environment.Job instance at 0x14f4df2e10f0>,43,28,[6 2],44,350,378,306,349
1,<environment.Job instance at 0x14f4df2e1370>,44,20,[12  1],45,378,398,333,372
1,<environment.Job instance at 0x14f4df2e1870>,45,21,[13  1],46,398,419,352,390
1,<environment.Job instance at 0x14f4df2e1a00>,47,26,[1 5],48,392,418,344,392
1,<environment.Job instance at 0x14f4deaa4b40>,38,13,[14  1],39,423,436,384,423
1,<environment.Job instance at 0x14f4e0030190>,20,15,[ 2 12],21,436,451,415,432
1,<environment.Job instance at 0x14f4df2e1fa0>,52,28,[1 9],53,451,479,398,450
1,<environment.Job instance at 0x14f4df2e1320>,51,1,[13  2],52,458,459,406,458
1,<environment.Job instance at 0x14f4dd5ad870>,55,21,[9 1],56,460,481,404,460
1,<environment.Job instance at 0x14f4dd5adf00>,56,21,[12  1],57,481,502,424,476
1,<environment.Job instance at 0x14f4df2e1d70>,41,3,[12  2],42,502,505,460,486
1,<environment.Job instance at 0x14f4dd5ad820>,60,24,[ 2 10],61,486,510,425,486
1,<environment.Job instance at 0x14f4dd5adeb0>,61,20,[11  1],62,505,525,443,503
1,<environment.Job instance at 0x14f4dd5ad050>,67,25,[13  1],68,525,550,457,521
1,<environment.Job instance at 0x14f4dd5ad3c0>,69,23,[11  2],70,550,573,480,544
1,<environment.Job instance at 0x14f4dd5ad280>,71,1,[ 1 14],72,573,574,501,570
1,<environment.Job instance at 0x14f4dd5ad1e0>,72,21,[ 1 13],73,574,595,501,570
1,<environment.Job instance at 0x14f4dd5ad320>,73,21,[5 1],74,573,594,499,573
1,<environment.Job instance at 0x14f4dd5add20>,64,13,[14  2],65,594,607,529,591
1,<environment.Job instance at 0x14f4dd5adaa0>,74,16,[14  1],75,632,648,557,632
1,<environment.Job instance at 0x14f4e3ec5d20>,76,26,[10  2],77,648,674,571,645
1,<environment.Job instance at 0x14f4e3ec58c0>,77,28,[14  1],78,674,702,596,673
1,<environment.Job instance at 0x14f4e3ec5410>,78,24,[7 2],79,702,726,623,697
1,<environment.Job instance at 0x14f4e3ec5730>,79,25,[11  1],80,726,751,646,722
1,<environment.Job instance at 0x14f4deb58410>,80,19,[2 7],81,723,742,642,723
1,<environment.Job instance at 0x14f4deb58190>,81,2,[11  1],82,751,753,669,741
1,<environment.Job instance at 0x14f4df2e1c30>,50,17,[ 2 12],51,746,763,695,746
1,<environment.Job instance at 0x14f4deb589b0>,83,16,[11  2],84,753,769,669,751
1,<environment.Job instance at 0x14f4deb58b90>,85,28,[11  2],86,769,797,683,768
1,<environment.Job instance at 0x14f4deb58c30>,86,24,[ 2 13],87,769,793,682,769
1,<environment.Job instance at 0x14f4dd5ad140>,75,3,[ 2 13],76,793,796,717,785
1,<environment.Job instance at 0x14f4deb58d20>,88,22,[5 2],89,797,819,708,790
1,<environment.Job instance at 0x14f4deb58230>,87,17,[ 2 12],88,796,813,708,792
1,<environment.Job instance at 0x14f4deb580f0>,92,28,[ 2 10],93,813,841,720,812
1,<environment.Job instance at 0x14f4deb87960>,93,17,[7 2],94,826,843,732,826
1,<environment.Job instance at 0x14f4deb877d0>,96,16,[2 5],97,841,857,744,830
1,<environment.Job instance at 0x14f4deb87aa0>,97,21,[13  1],98,843,864,745,837
1,<environment.Job instance at 0x14f4deb585a0>,84,2,[ 1 11],85,857,859,772,845
1,<environment.Job instance at 0x14f4deb87a00>,98,18,[ 2 12],99,859,877,760,849
1,<environment.Job instance at 0x14f4df2e1230>,42,3,[11  1],43,921,924,878,921
1,<environment.Job instance at 0x14f4dd5ad230>,62,15,[ 1 13],63,1083,1098,1020,1083
1,<environment.Job instance at 0x14f4e3f3ebe0>,2,28,[2 5],3,3,31,0,3
1,<environment.Job instance at 0x14f4e35cabe0>,5,21,[11  2],6,8,29,2,8
1,<environment.Job instance at 0x14f4e3f3e690>,3,27,[ 1 12],4,31,58,27,29
1,<environment.Job instance at 0x14f4e35ca550>,9,27,[11  1],10,29,56,19,29
1,<environment.Job instance at 0x14f4e3f3e050>,4,23,[ 1 13],5,58,81,53,54
1,<environment.Job instance at 0x14f4e35cafa0>,8,28,[5 2],9,56,84,47,55
1,<environment.Job instance at 0x14f4df5b00a0>,17,27,[ 2 10],18,81,108,63,79
1,<environment.Job instance at 0x14f4df5b0a00>,18,28,[ 2 14],19,108,136,89,107
1,<environment.Job instance at 0x14f4dea6efa0>,20,27,[11  1],21,110,137,89,110
1,<environment.Job instance at 0x14f4dea6ecd0>,23,28,[2 8],24,136,164,112,135
1,<environment.Job instance at 0x14f4dea6eb90>,26,18,[12  2],27,152,170,125,152
1,<environment.Job instance at 0x14f4df5b0690>,15,14,[ 1 13],16,164,178,148,162
1,<environment.Job instance at 0x14f4dea6e5a0>,29,24,[ 1 14],30,178,202,148,174
1,<environment.Job instance at 0x14f4dea6ef50>,25,3,[14  2],26,202,205,176,183
1,<environment.Job instance at 0x14f4e35bbeb0>,37,18,[11  1],38,184,202,146,184
1,<environment.Job instance at 0x14f4e35bb410>,39,25,[ 1 14],40,205,230,165,205
1,<environment.Job instance at 0x14f4e35bbc30>,41,21,[10  2],42,230,251,188,223
1,<environment.Job instance at 0x14f4e35bbcd0>,40,20,[ 2 13],41,230,250,189,223
1,<environment.Job instance at 0x14f4e35bbf50>,46,27,[ 2 12],47,250,277,203,248
1,<environment.Job instance at 0x14f4e35bb230>,44,24,[6 2],45,251,275,206,248
1,<environment.Job instance at 0x14f4e35bb640>,48,22,[ 2 11],49,277,299,228,271
1,<environment.Job instance at 0x14f4e35bb780>,47,20,[11  1],48,275,295,227,272
1,<environment.Job instance at 0x14f4e3c6cbe0>,54,26,[9 2],55,295,321,240,292
1,<environment.Job instance at 0x14f4e3c6c910>,56,20,[6 1],57,299,319,242,296
1,<environment.Job instance at 0x14f4e3c6cc80>,53,20,[ 1 12],54,319,339,265,310
1,<environment.Job instance at 0x14f4e3c6c2d0>,59,28,[ 1 11],60,339,367,279,339
1,<environment.Job instance at 0x14f4e35ca460>,12,14,[11  1],13,349,363,336,349
1,<environment.Job instance at 0x14f4e3c6c4b0>,63,26,[2 6],64,367,393,303,366
1,<environment.Job instance at 0x14f4e3c6cd20>,64,22,[14  2],65,393,415,328,386
1,<environment.Job instance at 0x14f4e3c6c5f0>,57,17,[ 1 13],58,404,421,346,404
1,<environment.Job instance at 0x14f4e3c6ccd0>,66,25,[5 2],67,415,440,348,411
1,<environment.Job instance at 0x14f4e3c6c410>,67,23,[14  2],68,440,463,372,434
1,<environment.Job instance at 0x14f4e3c6c0f0>,68,1,[1 5],69,434,435,365,434
1,<environment.Job instance at 0x14f4e3c6c320>,60,12,[ 1 11],61,437,449,376,437
1,<environment.Job instance at 0x14f4e3c6c0a0>,69,3,[14  1],70,463,466,393,445
1,<environment.Job instance at 0x14f4e3c6ce60>,74,25,[14  1],75,466,491,391,462
1,<environment.Job instance at 0x14f4e3c6cc30>,73,1,[11  2],74,491,492,417,466
1,<environment.Job instance at 0x14f4dea4f640>,76,21,[ 1 11],77,471,492,394,471
1,<environment.Job instance at 0x14f4dea4fc80>,80,24,[5 2],81,492,516,411,487
1,<environment.Job instance at 0x14f4dea4fc30>,82,21,[1 6],83,495,516,412,495
1,<environment.Job instance at 0x14f4e3c6cd70>,65,1,[ 2 11],66,516,517,450,500
1,<environment.Job instance at 0x14f4dea4fd70>,84,24,[2 9],85,517,541,432,512
1,<environment.Job instance at 0x14f4dea4f0f0>,86,19,[7 1],87,512,531,425,512
1,<environment.Job instance at 0x14f4dea4f550>,78,2,[ 1 14],79,542,544,463,542
1,<environment.Job instance at 0x14f4e3517b40>,90,1,[1 7],91,544,545,453,542
1,<environment.Job instance at 0x14f4dea4f4b0>,88,14,[13  1],89,548,562,459,548
1,<environment.Job instance at 0x14f4e3517fa0>,92,26,[2 9],93,548,574,455,548
1,<environment.Job instance at 0x14f4e3517e10>,93,13,[13  1],94,562,575,468,556
1,<environment.Job instance at 0x14f4e3517050>,94,3,[14  2],95,575,578,480,558
1,<environment.Job instance at 0x14f4e3517f00>,95,20,[14  1],96,578,598,482,571
1,<environment.Job instance at 0x14f4e3517e60>,91,3,[ 2 11],92,598,601,506,592
1,<environment.Job instance at 0x14f4e35174b0>,97,15,[1 9],98,601,616,503,593
1,<environment.Job instance at 0x14f4e3517be0>,98,23,[14  2],99,601,624,502,595
1,<environment.Job instance at 0x14f4e3517460>,96,3,[13  2],97,624,627,527,602
1,<environment.Job instance at 0x14f4e35ca5f0>,13,1,[12  1],14,773,774,759,773
1,<environment.Job instance at 0x14f4e35bb5f0>,49,14,[ 1 12],50,773,787,723,773
1,<environment.Job instance at 0x14f4dea4f320>,83,15,[ 2 14],84,995,1010,911,995
1,<environment.Job instance at 0x14f4e35eb050>,0,24,[ 1 10],1,2,26,1,2
1,<environment.Job instance at 0x14f4e35e5050>,7,24,[10  2],8,16,40,8,16
1,<environment.Job instance at 0x14f4e35e58c0>,10,25,[12  2],11,40,65,29,36
1,<environment.Job instance at 0x14f4e35e59b0>,11,28,[ 1 12],12,36,64,24,36
1,<environment.Job instance at 0x14f4e35e5190>,13,28,[ 2 10],14,64,92,50,63
1,<environment.Job instance at 0x14f4e35e5d20>,14,20,[10  2],15,65,85,50,63
1,<environment.Job instance at 0x14f4e35eb460>,4,18,[ 2 14],5,92,110,87,88
1,<environment.Job instance at 0x14f4973b13c0>,16,24,[5 1],17,90,114,73,90
1,<environment.Job instance at 0x14f4dea4fdc0>,2,24,[ 1 11],3,110,134,107,105
1,<environment.Job instance at 0x14f4973b1af0>,19,21,[14  2],20,114,135,94,109
1,<environment.Job instance at 0x14f4e35e5cd0>,15,20,[11  2],16,135,155,119,129
1,<environment.Job instance at 0x14f4973b1d20>,23,27,[2 8],24,135,162,111,133
1,<environment.Job instance at 0x14f4e35e5a50>,6,2,[11  2],7,155,157,148,133
1,<environment.Job instance at 0x14f4973b1e60>,25,2,[ 2 13],26,162,164,136,140
1,<environment.Job instance at 0x14f4973b1f00>,26,1,[ 2 13],27,164,165,137,142
1,<environment.Job instance at 0x14f49777e280>,31,27,[13  1],32,157,184,125,155
1,<environment.Job instance at 0x14f4973b1b40>,20,20,[ 1 13],21,165,185,144,156
1,<environment.Job instance at 0x14f49777e0a0>,32,19,[ 2 12],33,185,204,152,181
1,<environment.Job instance at 0x14f49777e4b0>,38,25,[12  1],39,184,209,145,181
1,<environment.Job instance at 0x14f49777e050>,39,27,[5 2],40,209,236,169,207
1,<environment.Job instance at 0x14f49777e910>,42,28,[ 1 12],43,208,236,165,208
1,<environment.Job instance at 0x14f49777e870>,43,24,[ 2 10],44,236,260,192,231
1,<environment.Job instance at 0x14f49777e9b0>,44,25,[11  2],45,236,261,191,232
1,<environment.Job instance at 0x14f49777ea50>,45,23,[ 1 14],46,261,284,215,256
1,<environment.Job instance at 0x14f49777eaf0>,46,16,[5 1],47,266,282,219,266
1,<environment.Job instance at 0x14f4973b1370>,30,1,[14  2],31,284,285,253,271
1,<environment.Job instance at 0x14f49777eb90>,47,12,[ 1 12],48,284,296,236,283
1,<environment.Job instance at 0x14f49777ea00>,50,24,[ 2 12],51,296,320,245,291
1,<environment.Job instance at 0x14f49777ee10>,52,21,[10  1],53,298,319,245,298
1,<environment.Job instance at 0x14f49777e550>,53,24,[11  1],54,319,343,265,314
1,<environment.Job instance at 0x14f49777ef50>,54,1,[2 5],55,320,321,265,314
1,<environment.Job instance at 0x14f4dd17b050>,55,24,[2 7],56,320,344,264,315
1,<environment.Job instance at 0x14f4dd17b140>,58,20,[9 1],59,343,363,284,335
1,<environment.Job instance at 0x14f4dd17b410>,59,3,[ 2 12],60,355,358,295,355
1,<environment.Job instance at 0x14f4dd17b2d0>,60,16,[ 1 14],61,370,386,309,370
1,<environment.Job instance at 0x14f4dd17b500>,61,24,[12  1],62,370,394,308,370
1,<environment.Job instance at 0x14f4dd17b910>,63,28,[ 2 12],64,386,414,322,385
1,<environment.Job instance at 0x14f4dd17b960>,65,20,[ 1 12],66,414,434,348,411
1,<environment.Job instance at 0x14f49777ef00>,51,15,[11  2],52,458,473,406,458
1,<environment.Job instance at 0x14f4dd17bb90>,67,23,[9 2],68,473,496,405,467
1,<environment.Job instance at 0x14f49777e730>,41,15,[ 1 14],42,496,511,454,483
1,<environment.Job instance at 0x14f4dd17bdc0>,71,28,[12  1],72,496,524,424,496
1,<environment.Job instance at 0x14f4dd17bbe0>,69,17,[ 2 14],70,517,534,447,517
1,<environment.Job instance at 0x14f4dd17be60>,73,19,[10  2],74,534,553,460,524
1,<environment.Job instance at 0x14f4dd17bfa0>,74,2,[ 1 10],75,534,536,459,526
1,<environment.Job instance at 0x14f4dd17beb0>,75,22,[9 1],76,553,575,477,546
1,<environment.Job instance at 0x14f4dd178050>,76,20,[8 2],77,575,595,498,566
1,<environment.Job instance at 0x14f4dd1781e0>,77,27,[14  2],78,595,622,517,593
1,<environment.Job instance at 0x14f4dd17bb40>,66,12,[ 1 11],67,600,612,533,600
1,<environment.Job instance at 0x14f4dd178280>,79,2,[ 1 13],80,612,614,532,610
1,<environment.Job instance at 0x14f4dd178140>,78,15,[ 1 12],79,615,630,536,615
1,<environment.Job instance at 0x14f4dd1783c0>,80,18,[8 1],81,622,640,541,618
1,<environment.Job instance at 0x14f4dd178500>,83,25,[10  1],84,640,665,556,636
1,<environment.Job instance at 0x14f4dd1785a0>,84,24,[ 1 14],85,636,660,551,636
1,<environment.Job instance at 0x14f4dd178640>,85,18,[7 1],86,665,683,579,662
1,<environment.Job instance at 0x14f4dd178780>,86,1,[14  1],87,683,684,596,671
1,<environment.Job instance at 0x14f4dd178820>,87,28,[6 1],88,684,712,596,683
1,<environment.Job instance at 0x14f4dd17bd20>,72,2,[ 1 11],73,690,692,617,690
1,<environment.Job instance at 0x14f4dd178a00>,89,27,[2 6],90,692,719,602,690
1,<environment.Job instance at 0x14f4dd178cd0>,90,26,[8 1],91,712,738,621,710
1,<environment.Job instance at 0x14f4dd178870>,88,20,[ 1 11],89,719,739,630,716
1,<environment.Job instance at 0x14f4dd178dc0>,94,21,[ 2 14],95,739,760,644,732
1,<environment.Job instance at 0x14f4dd178e60>,95,22,[14  1],96,760,782,664,754
1,<environment.Job instance at 0x14f4dd178be0>,96,22,[9 2],97,782,804,685,775
1,<environment.Job instance at 0x14f4dd1788c0>,91,12,[ 1 14],92,810,822,718,810
1,<environment.Job instance at 0x14f4973b1c80>,22,16,[ 2 12],23,833,849,810,833
1,<environment.Job instance at 0x14f4973b1fa0>,27,16,[12  1],28,882,898,854,882
1,<environment.Job instance at 0x14f4dd1782d0>,82,18,[ 1 11],83,905,923,822,905
1,<environment.Job instance at 0x14f4dd1785f0>,2,22,[14  2],3,3,25,0,3
1,<environment.Job instance at 0x14f4df33f460>,8,24,[7 2],9,25,49,16,23
1,<environment.Job instance at 0x14f4972f3a00>,9,2,[ 2 11],10,25,27,15,23
1,<environment.Job instance at 0x14f4972f3780>,10,27,[10  2],11,49,76,38,47
1,<environment.Job instance at 0x14f4dd0baaf0>,12,23,[11  2],13,76,99,63,72
1,<environment.Job instance at 0x14f4e3eecaa0>,4,27,[ 2 14],5,99,126,94,99
1,<environment.Job instance at 0x14f4df33f690>,7,24,[12  2],8,126,150,118,121
1,<environment.Job instance at 0x14f4df19d370>,15,24,[ 2 14],16,150,174,134,145
1,<environment.Job instance at 0x14f4df1feaa0>,19,28,[7 1],20,150,178,130,149
1,<environment.Job instance at 0x14f4e3c6aa50>,23,22,[8 2],24,174,196,150,168
1,<environment.Job instance at 0x14f4979b8c80>,11,2,[ 1 13],12,178,180,166,175
1,<environment.Job instance at 0x14f4debfdc80>,25,27,[7 1],26,180,207,154,178
1,<environment.Job instance at 0x14f4debfd1e0>,26,21,[ 2 12],27,196,217,169,190
1,<environment.Job instance at 0x14f4debfdd70>,30,23,[13  2],31,207,230,176,201
1,<environment.Job instance at 0x14f4debfd780>,32,23,[2 6],33,217,240,184,213
1,<environment.Job instance at 0x14f4debfd9b0>,34,28,[11  1],35,230,258,195,230
1,<environment.Job instance at 0x14f4e5517cd0>,20,21,[ 1 14],21,240,261,219,237
1,<environment.Job instance at 0x14f4dec25460>,37,28,[13  1],38,258,286,220,257
1,<environment.Job instance at 0x14f4debfd7d0>,36,22,[11  2],37,286,308,249,279
1,<environment.Job instance at 0x14f4dd04b550>,39,14,[11  1],40,308,322,268,296
1,<environment.Job instance at 0x14f4e5ec1820>,41,28,[ 2 13],42,299,327,257,299
1,<environment.Job instance at 0x14f4e5ec15f0>,42,26,[ 1 14],43,327,353,284,325
1,<environment.Job instance at 0x14f4dd04b690>,38,16,[ 1 12],39,353,369,314,342
1,<environment.Job instance at 0x14f4debfd640>,33,2,[12  2],34,353,355,319,343
1,<environment.Job instance at 0x14f4df191870>,46,27,[8 2],47,355,382,308,353
1,<environment.Job instance at 0x14f4e3f2d870>,45,2,[1 8],46,369,371,323,353
1,<environment.Job instance at 0x14f4e5eb8e10>,48,25,[11  1],49,382,407,333,378
1,<environment.Job instance at 0x14f4deb3d460>,47,1,[ 2 13],48,378,379,330,378
1,<environment.Job instance at 0x14f4df2a9af0>,50,28,[14  2],51,407,435,356,406
1,<environment.Job instance at 0x14f4df2a9d20>,52,27,[ 1 13],53,407,434,354,407
1,<environment.Job instance at 0x14f4df2a95a0>,53,23,[11  1],54,435,458,381,431
1,<environment.Job instance at 0x14f4df2ea3c0>,54,27,[13  1],55,458,485,403,456
1,<environment.Job instance at 0x14f4dd0bad20>,13,3,[ 1 12],14,482,485,468,482
1,<environment.Job instance at 0x14f4df2ea5f0>,59,25,[ 1 12],60,488,513,428,488
1,<environment.Job instance at 0x14f4e5eb8e60>,49,3,[12  1],50,489,492,439,489
1,<environment.Job instance at 0x14f4df2eac80>,61,28,[ 2 13],62,513,541,451,512
1,<environment.Job instance at 0x14f4df2ea280>,62,23,[5 1],63,512,535,449,512
1,<environment.Job instance at 0x14f4decc1910>,65,25,[1 8],66,541,566,475,538
1,<environment.Job instance at 0x14f4df1b6550>,64,26,[ 2 14],65,566,592,501,563
1,<environment.Job instance at 0x14f4df2ea4b0>,66,18,[12  1],67,583,601,516,583
1,<environment.Job instance at 0x14f4df1b65a0>,67,2,[11  2],68,601,603,533,592
1,<environment.Job instance at 0x14f4df1ba460>,69,25,[14  1],70,603,628,533,599
1,<environment.Job instance at 0x14f4debc7a50>,70,23,[14  1],71,628,651,557,622
1,<environment.Job instance at 0x14f4e35e7b40>,75,22,[ 2 10],76,651,673,575,644
1,<environment.Job instance at 0x14f4e35e7320>,77,27,[8 2],78,651,678,573,651
1,<environment.Job instance at 0x14f4e35e7280>,78,3,[5 2],79,653,656,574,653
1,<environment.Job instance at 0x14f4df2eaeb0>,56,3,[ 1 13],57,673,676,616,658
1,<environment.Job instance at 0x14f4de603d20>,3,3,[12  2],4,678,681,674,675
1,<environment.Job instance at 0x14f4e35e7640>,80,18,[9 2],81,681,699,600,676
1,<environment.Job instance at 0x14f4e35e7be0>,81,2,[ 2 13],82,689,691,607,689
1,<environment.Job instance at 0x14f4df2c88c0>,85,21,[2 7],86,696,717,610,696
1,<environment.Job instance at 0x14f4df2c8f50>,86,17,[ 2 11],87,725,742,638,725
1,<environment.Job instance at 0x14f4dea4c780>,79,2,[ 2 14],80,742,744,662,725
1,<environment.Job instance at 0x14f4dec27410>,88,18,[12  2],89,744,762,655,736
1,<environment.Job instance at 0x14f497a84c30>,91,19,[14  1],92,762,781,670,754
1,<environment.Job instance at 0x14f497a84140>,92,26,[7 2],93,781,807,688,778
1,<environment.Job instance at 0x14f4dec272d0>,89,3,[ 1 13],90,780,783,690,780
1,<environment.Job instance at 0x14f4deb508c0>,94,18,[2 7],95,783,801,688,780
1,<environment.Job instance at 0x14f4df1d6550>,98,27,[12  1],99,807,834,708,805
1,<environment.Job instance at 0x14f4deb50c30>,93,2,[ 1 12],94,822,824,728,822
1,<environment.Job instance at 0x14f4df2c8e10>,82,15,[14  1],83,834,849,751,829
1,<environment.Job instance at 0x14f4e3f2d5f0>,43,15,[11  1],44,866,881,822,866
1,<environment.Job instance at 0x14f4e35e7dc0>,74,14,[14  1],75,1271,1285,1196,1271
1,<environment.Job instance at 0x14f4df558690>,0,26,[ 2 14],1,1,27,0,1
1,<environment.Job instance at 0x14f4e35e7dc0>,2,24,[14  1],3,27,51,24,23
1,<environment.Job instance at 0x14f4df5585f0>,9,25,[12  2],10,51,76,41,47
1,<environment.Job instance at 0x14f4df558230>,10,23,[2 5],11,51,74,40,47
1,<environment.Job instance at 0x14f4df5580a0>,15,24,[14  1],16,76,100,60,71
1,<environment.Job instance at 0x14f4df5587d0>,7,18,[13  2],8,100,118,92,90
1,<environment.Job instance at 0x14f4df558f50>,4,1,[ 1 11],5,104,105,99,104
1,<environment.Job instance at 0x14f4e351f550>,17,24,[13  2],18,118,142,100,113
1,<environment.Job instance at 0x14f4e351f780>,16,19,[ 2 11],17,113,132,96,113
1,<environment.Job instance at 0x14f4e351f6e0>,23,27,[ 2 11],24,141,168,117,141
1,<environment.Job instance at 0x14f4e351f0a0>,24,28,[12  1],25,142,170,117,141
1,<environment.Job instance at 0x14f4e351fb90>,27,20,[13  2],28,170,190,142,163
1,<environment.Job instance at 0x14f4e351f0f0>,28,26,[9 2],29,190,216,161,187
1,<environment.Job instance at 0x14f4e351f960>,30,16,[2 5],31,189,205,158,189
1,<environment.Job instance at 0x14f4e351f2d0>,31,1,[5 1],32,205,206,173,189
1,<environment.Job instance at 0x14f4e351f8c0>,26,2,[ 1 11],27,206,208,179,206
1,<environment.Job instance at 0x14f4df558aa0>,6,16,[11  1],7,216,232,209,215
1,<environment.Job instance at 0x14f4e351f050>,36,25,[2 5],37,224,249,187,224
1,<environment.Job instance at 0x14f4e58da370>,39,20,[ 1 11],40,249,269,209,241
1,<environment.Job instance at 0x14f4e351f280>,32,1,[ 2 13],33,269,270,236,253
1,<environment.Job instance at 0x14f4e351ff00>,33,1,[14  1],34,255,256,221,255
1,<environment.Job instance at 0x14f4dd169f00>,44,15,[6 1],45,261,276,216,261
1,<environment.Job instance at 0x14f4e58da1e0>,40,22,[ 1 10],41,270,292,229,263
1,<environment.Job instance at 0x14f4dd169820>,45,3,[ 1 11],46,292,295,246,286
1,<environment.Job instance at 0x14f4dd1695a0>,47,21,[1 7],48,295,316,247,288
1,<environment.Job instance at 0x14f4dd169640>,46,2,[ 1 14],47,316,318,269,299
1,<environment.Job instance at 0x14f4dd1692d0>,50,1,[13  2],51,301,302,250,301
1,<environment.Job instance at 0x14f4dd169050>,52,27,[ 1 11],53,318,345,265,316
1,<environment.Job instance at 0x14f4dd1691e0>,48,20,[ 2 14],49,345,365,296,336
1,<environment.Job instance at 0x14f4dd169d20>,54,28,[2 7],55,365,393,310,364
1,<environment.Job instance at 0x14f4dd169e10>,55,23,[1 7],56,365,388,309,365
1,<environment.Job instance at 0x14f4dd169c30>,56,25,[2 5],57,388,413,331,384
1,<environment.Job instance at 0x14f4dd169c80>,57,25,[1 9],58,393,418,335,389
1,<environment.Job instance at 0x14f4de61beb0>,58,28,[14  1],59,413,441,354,412
1,<environment.Job instance at 0x14f4de61bd20>,60,16,[1 6],61,434,450,373,434
1,<environment.Job instance at 0x14f4df1a16e0>,61,17,[1 5],62,443,460,381,443
1,<environment.Job instance at 0x14f4dd169190>,49,3,[ 2 13],50,460,463,410,443
1,<environment.Job instance at 0x14f4df1a1aa0>,63,2,[13  1],64,459,461,395,459
1,<environment.Job instance at 0x14f4df1a1c30>,64,1,[ 2 13],65,463,464,398,461
1,<environment.Job instance at 0x14f4df1a1640>,66,1,[1 9],67,464,465,397,464
1,<environment.Job instance at 0x14f4df1a1a50>,67,3,[13  1],68,464,467,396,464
1,<environment.Job instance at 0x14f4df1a1780>,68,23,[5 2],69,467,490,398,464
1,<environment.Job instance at 0x14f4df1a11e0>,69,23,[11  2],70,490,513,420,484
1,<environment.Job instance at 0x14f4df1a1500>,71,21,[ 1 13],72,485,506,413,485
1,<environment.Job instance at 0x14f4df1a1cd0>,72,22,[11  2],73,513,535,440,507
1,<environment.Job instance at 0x14f4df1a1d20>,62,13,[ 1 12],63,526,539,463,526
1,<environment.Job instance at 0x14f49773b280>,74,23,[1 8],75,539,562,464,533
1,<environment.Job instance at 0x14f4979d30a0>,76,28,[10  2],77,536,564,459,536
1,<environment.Job instance at 0x14f4dd169550>,53,2,[ 1 13],54,562,564,508,559
1,<environment.Job instance at 0x14f4df5932d0>,78,12,[11  1],79,564,576,485,564
1,<environment.Job instance at 0x14f497b7ee60>,80,19,[11  2],81,576,595,495,568
1,<environment.Job instance at 0x14f497e95140>,81,28,[10  2],82,595,623,513,594
1,<environment.Job instance at 0x14f497a2e410>,82,3,[ 1 10],83,601,604,518,601
1,<environment.Job instance at 0x14f4df1bf6e0>,83,1,[ 1 11],84,617,618,533,617
1,<environment.Job instance at 0x14f4df1a14b0>,73,3,[ 1 12],74,618,621,544,617
1,<environment.Job instance at 0x14f497c7adc0>,85,26,[10  2],86,623,649,537,620
1,<environment.Job instance at 0x14f497e95fa0>,86,21,[1 6],87,621,642,534,621
1,<environment.Job instance at 0x14f497785410>,87,25,[ 1 11],88,642,667,554,638
1,<environment.Job instance at 0x14f497ee1640>,89,2,[1 9],90,667,669,577,657
1,<environment.Job instance at 0x14f497772b90>,90,3,[ 1 12],91,669,672,578,657
1,<environment.Job instance at 0x14f4e54f1d70>,91,25,[1 9],92,672,697,580,668
1,<environment.Job instance at 0x14f4df2a71e0>,79,17,[12  1],80,701,718,621,701
1,<environment.Job instance at 0x14f4971d2dc0>,94,26,[2 7],95,704,730,609,704
1,<environment.Job instance at 0x14f4e5e5edc0>,92,16,[13  1],93,718,734,625,711
1,<environment.Job instance at 0x14f497751320>,96,2,[11  1],97,734,736,637,734
1,<environment.Job instance at 0x14f4deb48410>,97,24,[14  1],98,736,760,638,734
1,<environment.Job instance at 0x14f4ded77dc0>,98,14,[11  2],99,772,786,673,772
1,<environment.Job instance at 0x14f4df558140>,14,1,[13  1],15,786,787,771,773
1,<environment.Job instance at 0x14f4977519b0>,95,1,[ 1 14],96,786,787,690,781
1,<environment.Job instance at 0x14f497401d20>,84,13,[ 1 11],85,938,951,853,938
1,<environment.Job instance at 0x14f4e351f500>,21,14,[ 2 12],22,1000,1014,978,1000
1,<environment.Job instance at 0x14f497be3a50>,4,27,[11  1],5,5,32,0,5
1,<environment.Job instance at 0x14f4e351f230>,5,25,[2 6],6,8,33,2,8
1,<environment.Job instance at 0x14f4e0030eb0>,6,19,[ 2 11],7,57,76,50,57
1,<environment.Job instance at 0x14f497269320>,8,24,[5 2],9,58,82,49,58
1,<environment.Job instance at 0x14f497be3af0>,7,12,[ 2 12],8,76,88,68,68
1,<environment.Job instance at 0x14f497269370>,12,20,[12  2],13,82,102,69,73
1,<environment.Job instance at 0x14f497269b40>,13,2,[12  1],14,102,104,88,91
1,<environment.Job instance at 0x14f497269c80>,14,2,[11  1],15,105,107,90,105
1,<environment.Job instance at 0x14f4972692d0>,15,2,[7 2],16,107,109,91,105
1,<environment.Job instance at 0x14f4e3c607d0>,16,25,[13  1],17,109,134,92,105
1,<environment.Job instance at 0x14f4972697d0>,17,22,[14  2],18,134,156,116,128
1,<environment.Job instance at 0x14f4973360f0>,20,21,[ 1 10],21,132,153,111,132
1,<environment.Job instance at 0x14f497336870>,22,3,[ 2 13],23,236,239,213,236
1,<environment.Job instance at 0x14f497336640>,23,26,[12  1],24,236,262,212,236
1,<environment.Job instance at 0x14f4978537d0>,26,22,[ 2 10],27,241,263,214,241
1,<environment.Job instance at 0x14f497336780>,27,26,[ 2 14],28,263,289,235,260
1,<environment.Job instance at 0x14f4e54e0230>,30,1,[12  2],31,321,322,290,321
1,<environment.Job instance at 0x14f497a30190>,31,22,[ 2 10],32,321,343,289,321
1,<environment.Job instance at 0x14f4df224370>,33,1,[ 2 12],34,343,344,309,334
1,<environment.Job instance at 0x14f4e35540f0>,34,26,[ 1 11],35,344,370,309,341
1,<environment.Job instance at 0x14f4dd138cd0>,3,3,[ 2 13],4,372,375,368,372
1,<environment.Job instance at 0x14f4e3c64960>,37,22,[7 1],38,373,395,335,373
1,<environment.Job instance at 0x14f497bdb550>,38,25,[ 1 12],39,375,400,336,373
1,<environment.Job instance at 0x14f4df2c53c0>,39,25,[12  1],40,395,420,355,392
1,<environment.Job instance at 0x14f4df2c5a50>,40,23,[13  2],41,420,443,379,415
1,<environment.Job instance at 0x14f497767190>,1,12,[ 1 13],2,441,453,439,441
1,<environment.Job instance at 0x14f49787dcd0>,43,28,[5 2],44,443,471,399,442
1,<environment.Job instance at 0x14f497bf8f50>,44,28,[ 1 13],45,453,481,408,452
1,<environment.Job instance at 0x14f4e4e5b9b0>,46,26,[ 2 13],47,481,507,434,478
1,<environment.Job instance at 0x14f497205140>,47,25,[11  1],48,478,503,430,478
1,<environment.Job instance at 0x14f4e356feb0>,49,17,[6 1],50,503,520,453,500
1,<environment.Job instance at 0x14f4e356f780>,50,27,[6 1],51,503,530,452,501
1,<environment.Job instance at 0x14f4e3efb730>,51,27,[1 7],52,507,534,455,506
1,<environment.Job instance at 0x14f4df5f6d70>,54,22,[10  2],55,530,552,475,524
1,<environment.Job instance at 0x14f4dea4f870>,42,1,[13  2],43,568,569,525,568
1,<environment.Job instance at 0x14f4df5f6fa0>,55,12,[ 2 13],56,568,580,512,568
1,<environment.Job instance at 0x14f497742960>,57,24,[1 6],58,580,604,522,575
1,<environment.Job instance at 0x14f497742dc0>,59,24,[1 8],60,580,604,520,576
1,<environment.Job instance at 0x14f497742f00>,61,22,[7 2],62,604,626,542,598
1,<environment.Job instance at 0x14f4df5daaa0>,64,13,[6 1],65,620,633,555,620
1,<environment.Job instance at 0x14f4df5da780>,65,21,[13  2],66,633,654,567,625
1,<environment.Job instance at 0x14f4df5da2d0>,66,26,[1 7],67,625,651,558,625
1,<environment.Job instance at 0x14f4df5dadc0>,68,2,[1 5],69,651,653,582,651
1,<environment.Job instance at 0x14f4df5da7d0>,70,22,[ 1 11],71,654,676,583,654
1,<environment.Job instance at 0x14f4df5dac30>,71,26,[8 1],72,656,682,584,656
1,<environment.Job instance at 0x14f4df1c8050>,72,2,[ 1 14],73,676,678,603,675
1,<environment.Job instance at 0x14f4df1c8fa0>,73,3,[2 6],74,678,681,604,677
1,<environment.Job instance at 0x14f497742870>,58,14,[12  2],59,682,696,623,680
1,<environment.Job instance at 0x14f4df1c8aa0>,75,23,[ 2 13],76,681,704,605,680
1,<environment.Job instance at 0x14f4df1c8730>,76,27,[ 1 14],77,704,731,627,702
1,<environment.Job instance at 0x14f4df1c89b0>,77,19,[7 1],78,704,723,626,704
1,<environment.Job instance at 0x14f4df1c88c0>,79,19,[12  1],80,723,742,643,718
1,<environment.Job instance at 0x14f4df1c8640>,80,27,[ 1 10],81,731,758,650,730
1,<environment.Job instance at 0x14f4df1c8140>,81,27,[2 5],82,742,769,660,742
1,<environment.Job instance at 0x14f4df1c8a00>,82,28,[ 1 12],83,769,797,686,768
1,<environment.Job instance at 0x14f4df1c8280>,83,28,[2 8],84,797,825,713,796
1,<environment.Job instance at 0x14f4debf7aa0>,36,15,[ 1 12],37,831,846,794,831
1,<environment.Job instance at 0x14f4dec952d0>,87,18,[ 1 10],88,846,864,758,837
1,<environment.Job instance at 0x14f4dec95c30>,88,26,[ 1 11],89,864,890,775,861
1,<environment.Job instance at 0x14f4dec95190>,91,28,[14  1],92,876,904,784,876
1,<environment.Job instance at 0x14f4dec95eb0>,92,24,[11  1],93,904,928,811,899
1,<environment.Job instance at 0x14f4dec959b0>,94,25,[ 1 14],95,914,939,819,914
1,<environment.Job instance at 0x14f4dec95fa0>,98,21,[12  1],99,928,949,829,928
1,<environment.Job instance at 0x14f4df1c8c80>,74,12,[ 2 14],75,944,956,869,944
1,<environment.Job instance at 0x14f497eac500>,0,14,[ 1 13],1,2205,2219,2204,2205
1,<environment.Job instance at 0x14f4dec95140>,85,12,[ 2 12],86,2348,2360,2262,2348
1,<environment.Job instance at 0x14f497269690>,11,14,[ 2 11],12,2563,2577,2551,2563
1,<environment.Job instance at 0x14f4dd5c3be0>,2,19,[7 1],3,4,23,1,4
1,<environment.Job instance at 0x14f4e1eacf00>,7,25,[ 2 14],8,9,34,1,9
1,<environment.Job instance at 0x14f4e1eaccd0>,6,26,[12  1],7,23,49,16,21
1,<environment.Job instance at 0x14f4e1eacbe0>,11,27,[ 2 10],12,34,61,22,32
1,<environment.Job instance at 0x14f4e3c72820>,1,20,[12  1],2,49,69,47,42
1,<environment.Job instance at 0x14f4dd5c3fa0>,3,20,[ 1 12],4,61,81,57,54
1,<environment.Job instance at 0x14f497734460>,14,20,[ 1 11],15,81,101,66,79
1,<environment.Job instance at 0x14f497734f50>,9,3,[ 2 14],10,101,104,91,85
1,<environment.Job instance at 0x14f497734050>,20,28,[11  1],21,94,122,73,94
1,<environment.Job instance at 0x14f4977349b0>,22,21,[14  2],23,122,143,99,114
1,<environment.Job instance at 0x14f4dd0dc0f0>,24,21,[14  1],25,143,164,118,137
1,<environment.Job instance at 0x14f4dd0dcaa0>,30,23,[13  2],31,164,187,133,160
1,<environment.Job instance at 0x14f497c310a0>,32,22,[ 2 11],33,174,196,141,174
1,<environment.Job instance at 0x14f497c315f0>,33,21,[ 1 13],34,196,217,162,188
1,<environment.Job instance at 0x14f497c31910>,35,25,[7 1],36,190,215,154,190
1,<environment.Job instance at 0x14f497c31230>,36,26,[ 2 10],37,217,243,180,214
1,<environment.Job instance at 0x14f497734550>,12,1,[ 1 12],13,243,244,230,229
1,<environment.Job instance at 0x14f497c31190>,37,19,[ 2 13],38,244,263,206,235
1,<environment.Job instance at 0x14f497c31c30>,40,1,[13  1],41,240,241,199,240
1,<environment.Job instance at 0x14f497c31b40>,42,2,[5 2],43,249,251,206,249
1,<environment.Job instance at 0x14f497c31d70>,43,25,[ 1 12],44,263,288,219,259
1,<environment.Job instance at 0x14f4dea6e690>,44,27,[5 2],45,259,286,214,259
1,<environment.Job instance at 0x14f4dd0dcaf0>,27,2,[13  1],28,286,288,258,269
1,<environment.Job instance at 0x14f4dea6ea50>,46,27,[ 2 12],47,288,315,241,286
1,<environment.Job instance at 0x14f4dea6e8c0>,47,27,[8 1],48,288,315,240,287
1,<environment.Job instance at 0x14f4dea6e5f0>,48,20,[ 2 12],49,315,335,266,309
1,<environment.Job instance at 0x14f4dea6e410>,49,20,[11  1],50,315,335,265,311
1,<environment.Job instance at 0x14f4dea6e190>,51,22,[13  2],52,335,357,283,328
1,<environment.Job instance at 0x14f4dea6e9b0>,45,16,[12  1],46,357,373,311,344
1,<environment.Job instance at 0x14f4dea6ef00>,55,16,[11  2],56,373,389,317,367
1,<environment.Job instance at 0x14f4dea6e910>,56,19,[ 2 13],57,370,389,313,370
1,<environment.Job instance at 0x14f4dd0dc780>,28,16,[ 2 11],29,389,405,360,378
1,<environment.Job instance at 0x14f4d8071fa0>,59,2,[11  2],60,389,391,329,380
1,<environment.Job instance at 0x14f4d8071960>,61,27,[13  2],62,391,418,329,389
1,<environment.Job instance at 0x14f4d80712d0>,62,23,[7 2],63,418,441,355,412
1,<environment.Job instance at 0x14f4d8071460>,63,21,[ 2 13],64,414,435,350,414
1,<environment.Job instance at 0x14f4d80718c0>,64,19,[13  1],65,441,460,376,431
1,<environment.Job instance at 0x14f4d8071050>,66,25,[13  2],67,460,485,393,456
1,<environment.Job instance at 0x14f4d80715f0>,67,1,[14  1],68,485,486,417,463
1,<environment.Job instance at 0x14f4d8071370>,68,24,[8 1],69,486,510,417,481
1,<environment.Job instance at 0x14f49759faa0>,70,3,[ 1 11],71,491,494,420,491
1,<environment.Job instance at 0x14f49759f690>,71,3,[ 2 11],72,505,508,433,505
1,<environment.Job instance at 0x14f4dea6eb40>,52,1,[ 2 11],53,510,511,457,510
1,<environment.Job instance at 0x14f49759fcd0>,73,1,[10  1],74,510,511,436,510
1,<environment.Job instance at 0x14f49759fb40>,74,23,[ 2 11],75,511,534,436,510
1,<environment.Job instance at 0x14f49759ffa0>,75,22,[9 1],76,512,534,436,512
1,<environment.Job instance at 0x14f4d8071c80>,60,17,[ 1 12],61,534,551,473,531
1,<environment.Job instance at 0x14f49759f410>,79,2,[ 1 11],80,551,553,471,535
1,<environment.Job instance at 0x14f49759f500>,81,19,[ 1 11],82,553,572,471,545
1,<environment.Job instance at 0x14f49759fe60>,84,18,[13  2],85,560,578,475,560
1,<environment.Job instance at 0x14f49759f8c0>,83,24,[ 1 14],84,578,602,494,573
1,<environment.Job instance at 0x14f4df21d3c0>,87,20,[7 1],88,578,598,490,573
1,<environment.Job instance at 0x14f4df21d500>,91,27,[11  2],92,602,629,510,600
1,<environment.Job instance at 0x14f4df21dc80>,94,25,[8 2],95,629,654,534,625
1,<environment.Job instance at 0x14f4df21d870>,88,14,[11  1],89,654,668,565,645
1,<environment.Job instance at 0x14f4df21d910>,96,27,[14  2],97,668,695,571,666
1,<environment.Job instance at 0x14f4df21d730>,95,19,[13  1],96,695,714,599,687
1,<environment.Job instance at 0x14f49759f780>,78,1,[13  2],79,746,747,667,746
1,<environment.Job instance at 0x14f497734730>,13,15,[13  2],14,811,826,797,811
1,<environment.Job instance at 0x14f497c31280>,41,12,[ 1 14],42,1660,1672,1618,1660
1,<environment.Job instance at 0x14f4973e6e60>,1,27,[6 1],2,3,30,1,3
1,<environment.Job instance at 0x14f497c47640>,6,3,[14  1],7,30,33,23,7
1,<environment.Job instance at 0x14f497c47d70>,7,22,[2 5],8,8,30,0,8
1,<environment.Job instance at 0x14f497c47870>,8,19,[14  2],9,33,52,24,27
1,<environment.Job instance at 0x14f497c471e0>,12,19,[7 1],13,52,71,39,42
1,<environment.Job instance at 0x14f497e01d20>,4,2,[ 1 13],5,46,48,41,46
1,<environment.Job instance at 0x14f497c5e3c0>,14,22,[1 7],15,48,70,33,46
1,<environment.Job instance at 0x14f497c31280>,16,28,[2 9],17,70,98,53,69
1,<environment.Job instance at 0x14f4df5bc8c0>,3,13,[12  2],4,86,99,82,86
1,<environment.Job instance at 0x14f4df2a2b90>,18,25,[1 8],19,98,123,79,94
1,<environment.Job instance at 0x14f497e95f00>,19,27,[ 1 12],20,123,150,103,121
1,<environment.Job instance at 0x14f4e3ec1370>,20,2,[1 9],21,150,152,129,127
1,<environment.Job instance at 0x14f497713e60>,21,28,[12  2],22,127,155,105,127
1,<environment.Job instance at 0x14f4e3ec1410>,22,21,[8 1],23,155,176,132,149
1,<environment.Job instance at 0x14f4975db8c0>,24,26,[2 9],25,152,178,127,149
1,<environment.Job instance at 0x14f4e5565640>,25,13,[2 5],26,168,181,142,168
1,<environment.Job instance at 0x14f4973d9410>,23,28,[11  2],24,178,206,154,177
1,<environment.Job instance at 0x14f4e54b8eb0>,26,1,[14  1],27,206,207,179,180
1,<environment.Job instance at 0x14f497a0dd70>,28,26,[6 1],29,207,233,178,204
1,<environment.Job instance at 0x14f4973dd7d0>,29,17,[ 1 11],30,214,231,184,214
1,<environment.Job instance at 0x14f497a0d730>,31,25,[9 1],32,231,256,199,227
1,<environment.Job instance at 0x14f4df1a1f50>,32,19,[2 9],33,233,252,200,227
1,<environment.Job instance at 0x14f4df21d460>,35,18,[14  2],36,256,274,220,248
1,<environment.Job instance at 0x14f4deb653c0>,38,2,[12  1],39,274,276,235,259
1,<environment.Job instance at 0x14f4deb65460>,40,25,[ 1 11],41,259,284,218,259
1,<environment.Job instance at 0x14f4deb65140>,42,2,[ 2 13],43,284,286,241,266
1,<environment.Job instance at 0x14f4decaee10>,5,16,[ 2 12],6,286,302,280,273
1,<environment.Job instance at 0x14f4977a0d70>,43,2,[ 2 11],44,302,304,258,290
1,<environment.Job instance at 0x14f4deb65780>,47,26,[10  2],48,290,316,242,290
1,<environment.Job instance at 0x14f4deb650f0>,46,22,[ 2 12],47,304,326,257,297
1,<environment.Job instance at 0x14f4dec4d230>,51,19,[ 1 11],52,330,349,278,330
1,<environment.Job instance at 0x14f4deb65e60>,44,13,[ 2 14],45,369,382,324,369
1,<environment.Job instance at 0x14f497783870>,53,2,[ 1 14],54,382,384,328,370
1,<environment.Job instance at 0x14f4df1df6e0>,56,3,[1 8],57,384,387,327,376
1,<environment.Job instance at 0x14f4df1df820>,57,1,[1 9],58,387,388,329,382
1,<environment.Job instance at 0x14f4df1df230>,58,3,[ 2 10],59,390,393,331,390
1,<environment.Job instance at 0x14f4df1df9b0>,59,25,[ 2 14],60,393,418,333,390
1,<environment.Job instance at 0x14f4df1dfb40>,62,23,[12  2],63,418,441,355,412
1,<environment.Job instance at 0x14f4dec6f640>,64,3,[12  1],65,441,444,376,420
1,<environment.Job instance at 0x14f4dec6f960>,65,16,[ 2 14],66,464,480,398,464
1,<environment.Job instance at 0x14f4dec6f4b0>,68,21,[6 2],69,480,501,411,472
1,<environment.Job instance at 0x14f4972f4c80>,69,27,[ 2 11],70,480,507,410,478
1,<environment.Job instance at 0x14f4dec6f2d0>,70,20,[14  2],71,507,527,436,499
1,<environment.Job instance at 0x14f4972f4910>,71,26,[14  1],72,527,553,455,524
1,<environment.Job instance at 0x14f4972f45a0>,73,25,[13  1],74,553,578,479,549
1,<environment.Job instance at 0x14f4972f4960>,74,22,[1 9],75,550,572,475,550
1,<environment.Job instance at 0x14f4972f4cd0>,75,1,[ 2 11],76,572,573,496,567
1,<environment.Job instance at 0x14f4972f44b0>,76,20,[7 2],77,578,598,501,569
1,<environment.Job instance at 0x14f4deccce60>,77,27,[14  1],78,598,625,520,596
1,<environment.Job instance at 0x14f4deccc230>,78,19,[10  1],79,625,644,546,616
1,<environment.Job instance at 0x14f4decccf00>,79,3,[2 7],80,625,628,545,616
1,<environment.Job instance at 0x14f4deccccd0>,80,12,[11  1],81,644,656,563,637
1,<environment.Job instance at 0x14f4deccca50>,81,13,[5 1],82,656,669,574,641
1,<environment.Job instance at 0x14f4deccc9b0>,82,27,[ 1 12],83,641,668,558,641
1,<environment.Job instance at 0x14f49779a460>,83,26,[ 1 12],84,668,694,584,665
1,<environment.Job instance at 0x14f49779a780>,84,16,[12  2],85,674,690,589,674
1,<environment.Job instance at 0x14f4e004ae10>,86,23,[6 1],87,690,713,603,684
1,<environment.Job instance at 0x14f4973d01e0>,87,3,[1 5],88,694,697,606,694
1,<environment.Job instance at 0x14f4e3f73280>,88,1,[9 2],89,697,698,608,694
1,<environment.Job instance at 0x14f4df593dc0>,89,2,[11  2],90,713,715,623,696
1,<environment.Job instance at 0x14f4df33fbe0>,90,2,[ 2 13],91,698,700,607,697
1,<environment.Job instance at 0x14f4e3f73d70>,91,1,[ 2 11],92,700,701,608,698
1,<environment.Job instance at 0x14f4973c31e0>,92,17,[2 7],93,701,718,608,698
1,<environment.Job instance at 0x14f4973c3b90>,93,3,[6 2],94,700,703,606,698
1,<environment.Job instance at 0x14f497725500>,94,24,[ 1 10],95,718,742,623,713
1,<environment.Job instance at 0x14f4973c3d20>,95,22,[ 1 14],96,742,764,646,736
1,<environment.Job instance at 0x14f497875820>,96,3,[ 1 12],97,764,767,667,743
1,<environment.Job instance at 0x14f4dec3fe10>,97,22,[ 2 14],98,767,789,669,760
1,<environment.Job instance at 0x14f4dec4df00>,52,1,[11  2],53,789,790,736,778
1,<environment.Job instance at 0x14f4dec3f1e0>,98,19,[ 2 10],99,789,808,690,783
1,<environment.Job instance at 0x14f4deb7a0a0>,13,13,[ 1 12],14,1065,1078,1051,1065
1,<environment.Job instance at 0x14f4dec4d050>,48,14,[ 2 14],49,1089,1103,1040,1089
1,<environment.Job instance at 0x14f497c475f0>,9,13,[ 1 13],10,1133,1146,1123,1133
1,<environment.Job instance at 0x14f4deb1edc0>,0,23,[ 2 14],1,1,24,0,1
1,<environment.Job instance at 0x14f497c47f00>,1,26,[ 1 12],2,24,50,22,21
1,<environment.Job instance at 0x14f4977be230>,6,27,[6 1],7,21,48,14,21
1,<environment.Job instance at 0x14f497c31fa0>,3,26,[5 2],4,24,50,20,21
1,<environment.Job instance at 0x14f4977be410>,9,25,[14  2],10,50,75,40,46
1,<environment.Job instance at 0x14f4deb1e1e0>,4,15,[1 8],5,50,65,45,46
1,<environment.Job instance at 0x14f4977be730>,14,23,[5 2],15,75,98,60,69
1,<environment.Job instance at 0x14f4977be870>,16,26,[8 2],17,75,101,58,73
1,<environment.Job instance at 0x14f4977be910>,17,26,[1 9],18,76,102,58,76
1,<environment.Job instance at 0x14f4977beaf0>,20,27,[1 7],21,102,129,81,100
1,<environment.Job instance at 0x14f4977bee10>,21,2,[6 2],22,100,102,78,100
1,<environment.Job instance at 0x14f4977be9b0>,18,1,[2 8],19,104,105,85,104
1,<environment.Job instance at 0x14f4977be370>,8,3,[ 1 13],9,129,132,120,105
1,<environment.Job instance at 0x14f4977beb40>,25,21,[10  2],26,105,126,79,105
1,<environment.Job instance at 0x14f4977bedc0>,27,26,[11  1],28,126,152,98,123
1,<environment.Job instance at 0x14f4977bee60>,22,1,[ 1 12],23,132,133,109,125
1,<environment.Job instance at 0x14f4977bebe0>,26,19,[ 2 14],27,133,152,106,127
1,<environment.Job instance at 0x14f4977a4460>,31,26,[ 2 13],32,152,178,120,149
1,<environment.Job instance at 0x14f4977a4500>,32,25,[9 1],33,152,177,119,149
1,<environment.Job instance at 0x14f4977a45a0>,33,2,[13  1],34,177,179,143,152
1,<environment.Job instance at 0x14f4977a43c0>,30,2,[14  2],31,179,181,148,173
1,<environment.Job instance at 0x14f4977a4280>,28,24,[ 1 13],29,178,202,149,173
1,<environment.Job instance at 0x14f4977a4820>,37,19,[ 1 13],38,202,221,164,193
1,<environment.Job instance at 0x14f4977a46e0>,35,14,[12  1],36,195,209,159,195
1,<environment.Job instance at 0x14f4977a4550>,36,1,[12  2],37,210,211,173,210
1,<environment.Job instance at 0x14f4977a4960>,39,14,[ 1 12],40,221,235,181,211
1,<environment.Job instance at 0x14f4977a48c0>,38,23,[ 1 14],39,235,258,196,230
1,<environment.Job instance at 0x14f4977a4aa0>,41,24,[1 9],42,258,282,216,253
1,<environment.Job instance at 0x14f4977a4640>,46,23,[9 1],47,256,279,209,256
1,<environment.Job instance at 0x14f4977a4e10>,47,28,[13  1],48,279,307,231,278
1,<environment.Job instance at 0x14f4977a4fa0>,50,20,[ 1 13],51,282,302,231,280
1,<environment.Job instance at 0x14f497787050>,51,26,[ 2 11],52,302,328,250,299
1,<environment.Job instance at 0x14f497787370>,53,24,[6 1],54,307,331,253,303
1,<environment.Job instance at 0x14f497787140>,52,24,[ 2 11],53,328,352,275,323
1,<environment.Job instance at 0x14f497c475f0>,2,19,[ 2 14],3,352,371,349,345
1,<environment.Job instance at 0x14f4977873c0>,55,13,[12  1],56,351,364,295,351
1,<environment.Job instance at 0x14f497787820>,60,26,[8 2],61,371,397,310,368
1,<environment.Job instance at 0x14f4977879b0>,62,2,[ 2 12],63,379,381,316,379
1,<environment.Job instance at 0x14f4977be7d0>,15,3,[11  2],16,397,400,381,387
1,<environment.Job instance at 0x14f497787b40>,64,1,[ 2 10],65,388,389,323,388
1,<environment.Job instance at 0x14f497787870>,66,1,[ 1 11],67,394,395,327,394
1,<environment.Job instance at 0x14f497787730>,63,1,[ 1 11],64,399,400,335,399
1,<environment.Job instance at 0x14f497787eb0>,69,23,[ 1 13],70,400,423,330,399
1,<environment.Job instance at 0x14f497787320>,54,16,[13  2],55,400,416,345,399
1,<environment.Job instance at 0x14f497787c30>,68,3,[ 2 13],69,423,426,354,405
1,<environment.Job instance at 0x14f497791320>,73,25,[12  2],74,416,441,342,412
1,<environment.Job instance at 0x14f497791460>,76,28,[9 1],77,441,469,364,440
1,<environment.Job instance at 0x14f497787e60>,70,17,[ 2 12],71,453,470,382,453
1,<environment.Job instance at 0x14f497791730>,80,26,[1 8],81,470,496,389,467
1,<environment.Job instance at 0x14f4977917d0>,81,1,[ 1 12],82,496,497,414,468
1,<environment.Job instance at 0x14f497791870>,82,24,[13  2],83,469,493,386,468
1,<environment.Job instance at 0x14f4977919b0>,84,24,[7 1],85,493,517,408,490
1,<environment.Job instance at 0x14f497791a50>,85,20,[8 1],86,497,517,411,491
1,<environment.Job instance at 0x14f4977a4b40>,42,3,[ 2 12],43,517,520,474,495
1,<environment.Job instance at 0x14f497791c30>,88,28,[ 2 12],89,520,548,431,519
1,<environment.Job instance at 0x14f497791cd0>,89,24,[11  1],90,519,543,429,519
1,<environment.Job instance at 0x14f497791b90>,87,28,[ 1 13],88,548,576,460,547
1,<environment.Job instance at 0x14f497791d70>,90,16,[10  1],91,547,563,456,547
1,<environment.Job instance at 0x14f497791eb0>,92,26,[ 1 12],93,576,602,483,573
1,<environment.Job instance at 0x14f497791f50>,93,26,[11  2],94,573,599,479,573
1,<environment.Job instance at 0x14f49779c0a0>,94,27,[2 6],95,602,629,507,600
1,<environment.Job instance at 0x14f497787a50>,65,1,[ 1 12],66,629,630,563,602
1,<environment.Job instance at 0x14f49779c0f0>,95,2,[14  1],96,629,631,533,603
1,<environment.Job instance at 0x14f49779c230>,97,19,[13  1],98,631,650,533,624
1,<environment.Job instance at 0x14f497791050>,75,16,[ 2 13],76,654,670,578,654
1,<environment.Job instance at 0x14f49779c2d0>,98,1,[ 1 12],99,671,672,572,671
1,<environment.Job instance at 0x14f497791690>,77,14,[11  1],78,747,761,669,747
1,<environment.Job instance at 0x14f497550320>,0,28,[ 2 10],1,1,29,0,1
1,<environment.Job instance at 0x14f497791690>,4,21,[13  2],5,5,26,0,5
1,<environment.Job instance at 0x14f4e3f55230>,9,23,[9 2],10,26,49,16,21
1,<environment.Job instance at 0x14f4e3f557d0>,6,25,[ 2 12],7,29,54,22,27
1,<environment.Job instance at 0x14f4e3f55870>,11,24,[14  2],12,54,78,42,49
1,<environment.Job instance at 0x14f4e3f55500>,5,25,[ 1 13],6,54,79,48,50
1,<environment.Job instance at 0x14f4e3f55e60>,16,24,[ 2 14],17,79,103,62,75
1,<environment.Job instance at 0x14f49730f230>,20,24,[10  2],21,103,127,82,100
1,<environment.Job instance at 0x14f4e3f556e0>,19,25,[14  1],20,127,152,107,123
1,<environment.Job instance at 0x14f4e3f558c0>,12,20,[11  2],13,152,172,139,143
1,<environment.Job instance at 0x14f49730fb90>,26,22,[11  2],27,172,194,145,165
1,<environment.Job instance at 0x14f49730fa50>,28,24,[7 1],29,194,218,165,189
1,<environment.Job instance at 0x14f49730fb40>,30,22,[ 2 12],31,189,211,158,189
1,<environment.Job instance at 0x14f49730f690>,31,27,[ 2 14],32,211,238,179,209
1,<environment.Job instance at 0x14f4e3f55730>,14,1,[ 1 11],15,238,239,223,235
1,<environment.Job instance at 0x14f49730f5a0>,33,12,[ 1 12],34,239,251,205,235
1,<environment.Job instance at 0x14f49730feb0>,34,19,[ 1 13],35,251,270,216,246
1,<environment.Job instance at 0x14f49730fbe0>,35,18,[13  1],36,248,266,212,248
1,<environment.Job instance at 0x14f49730f7d0>,24,18,[14  1],25,285,303,260,285
1,<environment.Job instance at 0x14f49732acd0>,36,1,[14  2],37,303,304,266,293
1,<environment.Job instance at 0x14f49732a7d0>,38,24,[ 1 14],39,304,328,265,299
1,<environment.Job instance at 0x14f49732ab40>,39,25,[11  2],40,328,353,288,324
1,<environment.Job instance at 0x14f4977913c0>,3,13,[ 1 14],4,353,366,349,341
1,<environment.Job instance at 0x14f49732aa50>,41,23,[13  2],42,366,389,324,360
1,<environment.Job instance at 0x14f49732af50>,40,16,[13  1],41,389,405,348,379
1,<environment.Job instance at 0x14f49732a5f0>,42,2,[ 2 14],43,389,391,346,389
1,<environment.Job instance at 0x14f49732a500>,44,26,[ 2 10],45,391,417,346,389
1,<environment.Job instance at 0x14f49732a960>,46,16,[11  2],47,415,431,368,415
1,<environment.Job instance at 0x14f49732ae10>,47,24,[2 7],48,417,441,369,415
1,<environment.Job instance at 0x14f49732a280>,48,20,[ 2 13],49,441,461,392,433
1,<environment.Job instance at 0x14f49732a6e0>,43,3,[ 2 12],44,461,464,417,454
1,<environment.Job instance at 0x14f49732a2d0>,51,18,[13  2],52,457,475,405,457
1,<environment.Job instance at 0x14f49732a640>,52,27,[2 9],53,464,491,411,462
1,<environment.Job instance at 0x14f4973090a0>,53,19,[ 2 11],54,491,510,437,481
1,<environment.Job instance at 0x14f497309d20>,54,28,[ 1 11],55,510,538,455,509
1,<environment.Job instance at 0x14f49732a730>,37,19,[14  1],38,521,540,483,521
1,<environment.Job instance at 0x14f497309960>,56,23,[2 8],57,540,563,483,535
1,<environment.Job instance at 0x14f4973099b0>,58,21,[14  2],59,563,584,504,557
1,<environment.Job instance at 0x14f4978e06e0>,60,3,[11  1],61,592,595,531,592
1,<environment.Job instance at 0x14f49731b910>,61,28,[ 2 13],62,592,620,530,592
1,<environment.Job instance at 0x14f4975554b0>,59,20,[12  1],60,608,628,548,608
1,<environment.Job instance at 0x14f497312460>,66,21,[ 2 11],67,620,641,553,616
1,<environment.Job instance at 0x14f4973128c0>,69,27,[1 9],70,641,668,571,640
1,<environment.Job instance at 0x14f497312690>,70,23,[13  2],71,640,663,569,640
1,<environment.Job instance at 0x14f49732a0f0>,49,12,[ 2 14],50,709,721,659,709
1,<environment.Job instance at 0x14f4973127d0>,75,26,[5 2],76,721,747,645,718
1,<environment.Job instance at 0x14f497312c80>,76,23,[2 8],77,721,744,644,718
1,<environment.Job instance at 0x14f497301af0>,78,23,[8 1],79,722,745,643,722
1,<environment.Job instance at 0x14f497301320>,80,17,[14  1],81,747,764,666,737
1,<environment.Job instance at 0x14f497301370>,81,21,[14  1],82,764,785,682,756
1,<environment.Job instance at 0x14f497301460>,82,17,[ 2 14],83,785,802,702,781
1,<environment.Job instance at 0x14f497301d20>,83,20,[12  1],84,785,805,701,784
1,<environment.Job instance at 0x14f4973013c0>,85,27,[5 1],86,805,832,719,803
1,<environment.Job instance at 0x14f497301c80>,86,28,[13  2],87,832,860,745,831
1,<environment.Job instance at 0x14f4978fb4b0>,88,15,[11  2],89,861,876,772,861
1,<environment.Job instance at 0x14f497301190>,89,19,[ 2 11],90,865,884,775,865
1,<environment.Job instance at 0x14f4dd58c190>,90,20,[ 1 12],91,884,904,793,875
1,<environment.Job instance at 0x14f4deac8320>,91,28,[ 2 11],92,904,932,812,903
1,<environment.Job instance at 0x14f4df1e2a00>,92,1,[12  1],93,923,924,830,923
1,<environment.Job instance at 0x14f4dea79050>,93,28,[6 2],94,924,952,830,924
1,<environment.Job instance at 0x14f497d4b5a0>,95,2,[12  1],96,952,954,856,925
1,<environment.Job instance at 0x14f4978c5cd0>,96,17,[ 1 12],97,959,976,862,959
1,<environment.Job instance at 0x14f4e58e8e10>,97,14,[ 1 10],98,976,990,878,969
1,<environment.Job instance at 0x14f497312b40>,68,17,[13  2],69,982,999,913,982
1,<environment.Job instance at 0x14f49730fd20>,32,12,[ 2 11],33,996,1008,963,996
1,<environment.Job instance at 0x14f4dd178820>,98,14,[11  2],99,1018,1032,919,1018
1,<environment.Job instance at 0x14f497312730>,74,17,[ 1 12],75,1814,1831,1739,1814
1,<environment.Job instance at 0x14f49730fe10>,21,13,[ 1 13],22,2061,2074,2039,2061
1,<environment.Job instance at 0x14f4dd099a00>,2,1,[11  1],3,3,4,0,3
1,<environment.Job instance at 0x14f4dd099e60>,0,1,[6 1],1,6,7,5,6
1,<environment.Job instance at 0x14f4dd0998c0>,5,24,[11  2],6,7,31,1,6
1,<environment.Job instance at 0x14f4dd099730>,4,19,[14  1],5,31,50,26,30
1,<environment.Job instance at 0x14f4e36260a0>,9,24,[8 2],10,50,74,40,45
1,<environment.Job instance at 0x14f49788b4b0>,1,3,[ 2 13],2,56,59,54,56
1,<environment.Job instance at 0x14f4e36262d0>,12,26,[13  1],13,74,100,61,71
1,<environment.Job instance at 0x14f4e36264b0>,13,24,[ 2 14],14,74,98,60,71
1,<environment.Job instance at 0x14f4e3626870>,15,1,[ 2 14],16,98,99,82,84
1,<environment.Job instance at 0x14f4e3626d70>,16,25,[ 1 14],17,99,124,82,95
1,<environment.Job instance at 0x14f4e3626500>,18,26,[10  1],19,100,126,81,97
1,<environment.Job instance at 0x14f4e3626410>,21,20,[7 2],22,126,146,104,120
1,<environment.Job instance at 0x14f497e95e10>,23,20,[ 2 10],24,135,155,111,135
1,<environment.Job instance at 0x14f497e95d20>,22,24,[11  1],23,146,170,123,141
1,<environment.Job instance at 0x14f4dd0995a0>,3,19,[ 2 14],4,155,174,151,150
1,<environment.Job instance at 0x14f4e3626a50>,8,2,[ 2 14],9,174,176,165,165
1,<environment.Job instance at 0x14f497e959b0>,25,17,[ 1 14],26,176,193,150,165
1,<environment.Job instance at 0x14f497e95050>,32,22,[8 1],33,179,201,146,179
1,<environment.Job instance at 0x14f497e95230>,28,2,[ 2 14],29,193,195,164,179
1,<environment.Job instance at 0x14f497e95eb0>,33,3,[ 1 11],34,195,198,161,193
1,<environment.Job instance at 0x14f497e95a50>,35,3,[14  1],36,201,204,165,195
1,<environment.Job instance at 0x14f497e95d70>,38,24,[ 1 12],39,198,222,159,195
1,<environment.Job instance at 0x14f497600a50>,40,24,[1 9],41,222,246,181,217
1,<environment.Job instance at 0x14f497600460>,41,22,[ 2 12],42,246,268,204,239
1,<environment.Job instance at 0x14f497600c30>,42,21,[6 1],43,239,260,196,239
1,<environment.Job instance at 0x14f4976008c0>,39,17,[14  2],40,268,285,228,261
1,<environment.Job instance at 0x14f497600320>,43,3,[11  2],44,285,288,241,282
1,<environment.Job instance at 0x14f4976001e0>,47,20,[5 1],48,288,308,240,282
1,<environment.Job instance at 0x14f497600e10>,48,26,[9 1],49,288,314,239,285
1,<environment.Job instance at 0x14f497600550>,51,27,[1 6],52,299,326,247,299
1,<environment.Job instance at 0x14f497600730>,50,23,[8 2],51,314,337,263,308
1,<environment.Job instance at 0x14f497600500>,53,3,[12  2],54,338,341,284,338
1,<environment.Job instance at 0x14f4976009b0>,54,21,[6 1],55,341,362,286,338
1,<environment.Job instance at 0x14f497600b40>,55,27,[12  2],56,362,389,306,360
1,<environment.Job instance at 0x14f497770d20>,56,23,[ 1 13],57,361,384,304,361
1,<environment.Job instance at 0x14f497600d20>,57,2,[7 1],58,389,391,331,373
1,<environment.Job instance at 0x14f497770be0>,58,26,[7 2],59,389,415,330,386
1,<environment.Job instance at 0x14f497770370>,60,1,[ 2 12],61,404,405,343,404
1,<environment.Job instance at 0x14f497e95cd0>,36,1,[ 2 14],37,415,416,378,408
1,<environment.Job instance at 0x14f4977706e0>,62,27,[13  1],63,415,442,352,413
1,<environment.Job instance at 0x14f497770050>,63,17,[ 2 12],64,458,475,394,458
1,<environment.Job instance at 0x14f497ecc5a0>,67,21,[13  2],68,458,479,390,458
1,<environment.Job instance at 0x14f497eccd20>,66,15,[ 2 12],67,475,490,408,466
1,<environment.Job instance at 0x14f4e35d5140>,73,3,[ 1 14],74,490,493,416,474
1,<environment.Job instance at 0x14f4e35d5280>,74,2,[10  2],75,479,481,404,474
1,<environment.Job instance at 0x14f4e35d5aa0>,75,22,[6 1],76,481,503,405,474
1,<environment.Job instance at 0x14f4e35d5eb0>,76,25,[ 2 12],77,493,518,416,489
1,<environment.Job instance at 0x14f4e35d5f50>,77,17,[7 1],78,493,510,415,489
1,<environment.Job instance at 0x14f4e35d5d20>,79,27,[2 9],80,518,545,438,516
1,<environment.Job instance at 0x14f4e35d5050>,80,25,[14  2],81,545,570,464,541
1,<environment.Job instance at 0x14f4e35d55a0>,82,25,[ 2 10],83,570,595,487,566
1,<environment.Job instance at 0x14f4e35d5f00>,83,3,[1 6],84,566,569,482,566
1,<environment.Job instance at 0x14f4e35d5780>,84,21,[11  1],85,570,591,485,567
1,<environment.Job instance at 0x14f497ecc910>,71,13,[ 1 11],72,599,612,527,599
1,<environment.Job instance at 0x14f4df5fbc30>,86,16,[ 1 14],87,612,628,525,603
1,<environment.Job instance at 0x14f4df5fb320>,88,24,[ 2 11],89,628,652,539,623
1,<environment.Job instance at 0x14f4df5fb500>,89,16,[ 2 11],90,661,677,571,661
1,<environment.Job instance at 0x14f4df5fbdc0>,90,21,[ 1 13],91,677,698,586,669
1,<environment.Job instance at 0x14f4df5fb4b0>,93,21,[ 1 14],94,698,719,604,690
1,<environment.Job instance at 0x14f4df5fb0a0>,94,20,[7 2],95,719,739,624,712
1,<environment.Job instance at 0x14f4df5fbb90>,87,15,[ 2 14],88,739,754,651,727
1,<environment.Job instance at 0x14f4df5fbe60>,97,19,[13  2],98,754,773,656,744
1,<environment.Job instance at 0x14f4df5fb370>,98,22,[ 2 14],99,773,795,674,766
1,<environment.Job instance at 0x14f497e95370>,24,13,[ 2 12],25,801,814,776,801
1,<environment.Job instance at 0x14f4976006e0>,52,14,[ 2 12],53,863,877,810,863
1,<environment.Job instance at 0x14f4e36265a0>,7,13,[14  2],8,1051,1064,1043,1051
1,<environment.Job instance at 0x14f4df5fb870>,95,14,[ 2 12],96,1319,1333,1223,1319
1,<environment.Job instance at 0x14f4df2a8be0>,0,21,[ 1 11],1,1,22,0,1
1,<environment.Job instance at 0x14f4df5fb870>,4,27,[8 1],5,6,33,1,6
1,<environment.Job instance at 0x14f4e35ca3c0>,6,27,[ 1 13],7,22,49,15,21
1,<environment.Job instance at 0x14f4e35caeb0>,7,28,[9 2],8,33,61,25,33
1,<environment.Job instance at 0x14f4e35ca7d0>,8,28,[ 2 12],9,49,77,40,49
1,<environment.Job instance at 0x14f497b7e280>,11,22,[11  2],12,61,83,49,61
1,<environment.Job instance at 0x14f497bec550>,3,21,[14  2],4,83,104,79,75
1,<environment.Job instance at 0x14f497b7e780>,16,26,[13  1],17,104,130,87,101
1,<environment.Job instance at 0x14f497b7e4b0>,17,22,[ 1 14],18,104,126,86,104
1,<environment.Job instance at 0x14f497b7e640>,15,3,[ 1 14],16,126,129,110,120
1,<environment.Job instance at 0x14f497b7e1e0>,23,24,[ 1 14],24,129,153,105,125
1,<environment.Job instance at 0x14f497b7e730>,12,15,[13  2],13,153,168,140,141
1,<environment.Job instance at 0x14f497b7e7d0>,24,23,[2 8],25,153,176,128,147
1,<environment.Job instance at 0x14f49785a230>,26,1,[ 1 12],27,176,177,149,155
1,<environment.Job instance at 0x14f49785a820>,29,20,[ 1 11],30,177,197,147,168
1,<environment.Job instance at 0x14f49785a960>,30,3,[11  1],31,177,180,146,177
1,<environment.Job instance at 0x14f49785aa00>,31,19,[ 2 13],32,197,216,165,187
1,<environment.Job instance at 0x14f49785a8c0>,32,25,[14  2],33,216,241,183,212
1,<environment.Job instance at 0x14f49785a730>,34,23,[ 2 13],35,241,264,206,236
1,<environment.Job instance at 0x14f49785ab40>,35,27,[12  1],36,241,268,205,239
1,<environment.Job instance at 0x14f4df1e8aa0>,38,26,[ 1 11],39,264,290,225,261
1,<environment.Job instance at 0x14f4df1e8640>,39,23,[ 1 13],40,290,313,250,284
1,<environment.Job instance at 0x14f4df1e8fa0>,41,24,[ 2 11],42,313,337,271,308
1,<environment.Job instance at 0x14f497b7e5f0>,13,1,[ 2 14],14,337,338,323,310
1,<environment.Job instance at 0x14f4df1e8280>,43,25,[12  2],44,310,335,266,310
1,<environment.Job instance at 0x14f4df1e8d70>,47,23,[6 2],48,338,361,290,332
1,<environment.Job instance at 0x14f4df1e8af0>,45,19,[2 5],46,338,357,292,332
1,<environment.Job instance at 0x14f4df1e8c30>,48,23,[6 2],49,338,361,289,332
1,<environment.Job instance at 0x14f4df1e80f0>,50,24,[ 1 14],51,361,385,310,357
1,<environment.Job instance at 0x14f4df1e8820>,49,22,[12  1],50,361,383,311,359
1,<environment.Job instance at 0x14f4df1e82d0>,52,19,[13  2],53,385,404,332,382
1,<environment.Job instance at 0x14f4df1e8dc0>,53,20,[14  2],54,404,424,350,395
1,<environment.Job instance at 0x14f4df1e8f50>,54,22,[10  2],55,424,446,369,417
1,<environment.Job instance at 0x14f4df1e8f00>,55,22,[ 1 13],56,417,439,361,417
1,<environment.Job instance at 0x14f4df1e8cd0>,51,14,[ 1 11],52,449,463,397,449
1,<environment.Job instance at 0x14f49785abe0>,28,3,[ 2 13],29,465,468,436,465
1,<environment.Job instance at 0x14f497fbe280>,59,1,[2 9],60,474,475,414,474
1,<environment.Job instance at 0x14f497fbe370>,60,27,[7 2],61,474,501,413,474
1,<environment.Job instance at 0x14f497fbef50>,58,13,[12  1],59,501,514,442,500
1,<environment.Job instance at 0x14f497fbe640>,62,16,[12  2],63,514,530,451,504
1,<environment.Job instance at 0x14f497fbeb40>,63,23,[2 8],64,505,528,441,505
1,<environment.Job instance at 0x14f497fbe4b0>,61,16,[14  2],62,530,546,468,522
1,<environment.Job instance at 0x14f497fbe230>,64,2,[ 1 14],65,546,548,481,529
1,<environment.Job instance at 0x14f497fbe7d0>,67,21,[13  1],68,546,567,478,538
1,<environment.Job instance at 0x14f4e35ca960>,10,17,[13  1],11,567,584,556,565
1,<environment.Job instance at 0x14f497fbe140>,69,26,[ 2 13],70,572,598,502,572
1,<environment.Job instance at 0x14f4e351fd70>,71,26,[2 9],72,598,624,526,597
1,<environment.Job instance at 0x14f497b7eb40>,20,16,[ 1 13],21,640,656,619,640
1,<environment.Job instance at 0x14f4e351fc30>,73,2,[ 2 12],74,663,665,589,663
1,<environment.Job instance at 0x14f4e351f780>,74,2,[12  2],75,663,665,588,663
1,<environment.Job instance at 0x14f4e351f820>,75,23,[1 7],76,665,688,589,663
1,<environment.Job instance at 0x14f4e351f870>,78,26,[8 1],79,677,703,598,677
1,<environment.Job instance at 0x14f497bdbc80>,80,2,[ 2 12],81,691,693,610,691
1,<environment.Job instance at 0x14f497bdb050>,81,1,[11  2],82,703,704,621,692
1,<environment.Job instance at 0x14f4df1e8b90>,57,12,[ 2 11],58,737,749,679,737
1,<environment.Job instance at 0x14f497bdb5f0>,83,2,[12  1],84,738,740,654,738
1,<environment.Job instance at 0x14f497bdb780>,84,17,[ 2 13],85,750,767,665,750
1,<environment.Job instance at 0x14f497bdb8c0>,85,3,[11  2],86,756,759,670,756
1,<environment.Job instance at 0x14f497bdbbe0>,86,23,[13  1],87,759,782,672,756
1,<environment.Job instance at 0x14f497bdbaf0>,87,25,[ 2 14],88,767,792,679,763
1,<environment.Job instance at 0x14f497bdb0f0>,88,27,[ 2 14],89,792,819,703,790
1,<environment.Job instance at 0x14f497bdbcd0>,89,20,[2 6],90,819,839,729,812
1,<environment.Job instance at 0x14f497bdb690>,90,2,[9 2],91,819,821,728,814
1,<environment.Job instance at 0x14f4e3c6a910>,91,22,[1 8],92,821,843,729,817
1,<environment.Job instance at 0x14f4e3c6a5a0>,93,23,[1 9],94,843,866,749,837
1,<environment.Job instance at 0x14f4dd083eb0>,95,1,[9 1],96,848,849,752,848
1,<environment.Job instance at 0x14f4dd083e10>,96,24,[ 2 13],97,866,890,769,861
1,<environment.Job instance at 0x14f497fbe500>,65,2,[ 2 13],66,890,892,824,880
1,<environment.Job instance at 0x14f4dd083280>,97,12,[13  2],98,894,906,796,894
1,<environment.Job instance at 0x14f4dd0838c0>,98,2,[ 1 11],99,940,942,841,940
1,<environment.Job instance at 0x14f497fbee10>,68,12,[ 1 12],69,983,995,914,983
1,<environment.Job instance at 0x14f497bdb730>,82,13,[ 2 14],83,1596,1609,1513,1596
1,<environment.Job instance at 0x14f4e351f190>,72,13,[ 2 12],73,2501,2514,2428,2501
1,<environment.Job instance at 0x14f4e5534cd0>,2,27,[14  1],3,3,30,0,3
1,<environment.Job instance at 0x14f4e3f4fa50>,1,2,[ 1 12],2,10,12,8,10
1,<environment.Job instance at 0x14f497992730>,10,17,[12  1],11,30,47,19,22
1,<environment.Job instance at 0x14f4dd0565f0>,12,24,[ 2 10],13,33,57,20,33
1,<environment.Job instance at 0x14f4dd0560a0>,11,2,[11  2],12,47,49,35,33
1,<environment.Job instance at 0x14f4dd056fa0>,17,26,[ 2 14],18,57,83,39,54
1,<environment.Job instance at 0x14f4debe7190>,21,27,[8 1],22,73,100,51,73
1,<environment.Job instance at 0x14f497992eb0>,8,2,[ 2 13],9,83,85,74,77
1,<environment.Job instance at 0x14f4debe74b0>,25,25,[2 8],26,85,110,59,83
1,<environment.Job instance at 0x14f4debe72d0>,24,24,[14  2],25,110,134,85,105
1,<environment.Job instance at 0x14f4e5534690>,3,1,[ 1 14],4,134,135,130,111
1,<environment.Job instance at 0x14f4debe77d0>,30,27,[ 2 13],31,135,162,104,133
1,<environment.Job instance at 0x14f4debe7870>,31,25,[6 2],32,135,160,103,133
1,<environment.Job instance at 0x14f4debe7960>,33,27,[ 2 13],34,162,189,128,160
1,<environment.Job instance at 0x14f4debe7b90>,34,20,[14  1],35,189,209,154,185
1,<environment.Job instance at 0x14f4debe7d20>,35,25,[ 1 12],36,189,214,153,185
1,<environment.Job instance at 0x14f4df209820>,0,2,[ 1 11],1,214,216,213,204
1,<environment.Job instance at 0x14f4debe7fa0>,38,24,[ 1 10],39,216,240,177,211
1,<environment.Job instance at 0x14f4debe7e10>,39,20,[12  1],40,211,231,171,211
1,<environment.Job instance at 0x14f49776f140>,40,21,[ 1 12],41,240,261,199,232
1,<environment.Job instance at 0x14f49776f1e0>,41,21,[14  1],42,232,253,190,232
1,<environment.Job instance at 0x14f49776f280>,42,22,[ 1 12],43,261,283,218,254
1,<environment.Job instance at 0x14f4debe7910>,32,16,[13  2],33,254,270,221,254
1,<environment.Job instance at 0x14f49776f500>,46,25,[ 1 11],47,283,308,236,279
1,<environment.Job instance at 0x14f49776f5a0>,47,26,[8 1],48,280,306,232,280
1,<environment.Job instance at 0x14f49776f3c0>,44,23,[ 2 12],45,308,331,263,304
1,<environment.Job instance at 0x14f49776f6e0>,49,20,[ 1 12],50,331,351,281,324
1,<environment.Job instance at 0x14f49776f780>,50,24,[ 2 12],51,351,375,300,346
1,<environment.Job instance at 0x14f49776f8c0>,52,26,[9 1],53,346,372,293,346
1,<environment.Job instance at 0x14f4debe7f00>,37,3,[ 2 13],38,375,378,337,349
1,<environment.Job instance at 0x14f49776fcd0>,55,25,[12  1],56,372,397,316,368
1,<environment.Job instance at 0x14f49776fa00>,54,20,[1 7],55,378,398,323,373
1,<environment.Job instance at 0x14f49776fd20>,57,22,[2 7],58,378,400,320,374
1,<environment.Job instance at 0x14f49776fd70>,56,22,[ 2 11],57,400,422,343,396
1,<environment.Job instance at 0x14f49776fdc0>,58,28,[ 1 14],59,422,450,363,422
1,<environment.Job instance at 0x14f4debe7280>,23,18,[ 2 12],24,452,470,428,452
1,<environment.Job instance at 0x14f4977502d0>,63,27,[ 1 14],64,470,497,406,468
1,<environment.Job instance at 0x14f497750280>,64,24,[ 2 14],65,497,521,432,493
1,<environment.Job instance at 0x14f4977503c0>,66,27,[6 1],67,511,538,444,511
1,<environment.Job instance at 0x14f497750190>,67,28,[12  1],68,538,566,470,537
1,<environment.Job instance at 0x14f49776f820>,51,1,[ 2 14],52,542,543,490,542
1,<environment.Job instance at 0x14f497750320>,65,20,[14  1],66,566,586,500,558
1,<environment.Job instance at 0x14f4977507d0>,71,3,[2 6],72,586,589,514,567
1,<environment.Job instance at 0x14f4977505a0>,69,21,[12  1],70,587,608,517,587
1,<environment.Job instance at 0x14f497750780>,72,28,[ 1 11],73,589,617,516,588
1,<environment.Job instance at 0x14f497750500>,68,20,[13  2],69,608,628,539,604
1,<environment.Job instance at 0x14f49776fe60>,59,2,[ 2 13],60,622,624,562,622
1,<environment.Job instance at 0x14f497750cd0>,80,22,[13  2],81,628,650,547,625
1,<environment.Job instance at 0x14f497760050>,82,2,[ 2 14],83,650,652,567,643
1,<environment.Job instance at 0x14f497760370>,83,22,[ 1 14],84,652,674,568,646
1,<environment.Job instance at 0x14f497760320>,84,28,[ 1 13],85,674,702,589,673
1,<environment.Job instance at 0x14f497760550>,85,27,[14  2],86,674,701,588,673
1,<environment.Job instance at 0x14f4977604b0>,87,1,[11  1],88,701,702,613,697
1,<environment.Job instance at 0x14f497750c30>,78,18,[ 1 12],79,702,720,623,699
1,<environment.Job instance at 0x14f497760870>,90,23,[ 1 12],91,720,743,629,714
1,<environment.Job instance at 0x14f497760820>,91,22,[6 1],92,714,736,622,714
1,<environment.Job instance at 0x14f497760960>,93,21,[ 1 13],94,743,764,649,735
1,<environment.Job instance at 0x14f4977608c0>,94,28,[7 2],95,735,763,640,735
1,<environment.Job instance at 0x14f497760640>,89,15,[14  1],90,766,781,676,766
1,<environment.Job instance at 0x14f497760b40>,97,24,[13  1],98,781,805,683,776
1,<environment.Job instance at 0x14f497760aa0>,96,14,[12  1],97,806,820,709,806
1,<environment.Job instance at 0x14f497750e10>,77,17,[ 1 14],78,836,853,758,836
1,<environment.Job instance at 0x14f497750b40>,76,13,[ 1 11],77,904,917,827,904
1,<environment.Job instance at 0x14f4debe7be0>,36,14,[13  1],37,1039,1053,1002,1039
1,<environment.Job instance at 0x14f4e3f733c0>,0,21,[11  2],1,1,22,0,1
1,<environment.Job instance at 0x14f4e3f73500>,2,21,[2 5],3,7,28,4,7
1,<environment.Job instance at 0x14f4979d3e10>,7,24,[ 1 10],8,22,46,14,19
1,<environment.Job instance at 0x14f497aa7280>,8,22,[ 1 14],9,46,68,37,39
1,<environment.Job instance at 0x14f497aa7460>,11,3,[14  1],12,45,48,33,45
1,<environment.Job instance at 0x14f4e3f73eb0>,3,2,[ 1 14],4,68,70,64,59
1,<environment.Job instance at 0x14f497aa75f0>,14,26,[ 2 11],15,70,96,55,67
1,<environment.Job instance at 0x14f497aa7550>,13,22,[ 2 13],14,96,118,82,89
1,<environment.Job instance at 0x14f4ded25190>,16,13,[13  2],17,127,140,110,127
1,<environment.Job instance at 0x14f4e005d8c0>,18,25,[2 8],19,127,152,108,127
1,<environment.Job instance at 0x14f4e005d0a0>,19,18,[13  1],20,140,158,120,139
1,<environment.Job instance at 0x14f497aa7b90>,9,3,[ 2 12],10,161,164,151,161
1,<environment.Job instance at 0x14f497c99c80>,21,26,[2 9],22,164,190,142,161
1,<environment.Job instance at 0x14f4e005d190>,23,24,[2 5],24,172,196,148,172
1,<environment.Job instance at 0x14f497c99190>,20,3,[ 2 12],21,196,199,175,187
1,<environment.Job instance at 0x14f4dcc37190>,27,21,[12  1],28,190,211,162,189
1,<environment.Job instance at 0x14f4e1ec9140>,28,24,[ 1 14],29,199,223,170,194
1,<environment.Job instance at 0x14f4e005dbe0>,17,19,[ 2 13],18,223,242,205,217
1,<environment.Job instance at 0x14f4e1ec9780>,30,3,[ 1 13],31,242,245,211,231
1,<environment.Job instance at 0x14f4e1ec9f50>,32,28,[12  1],33,231,259,198,231
1,<environment.Job instance at 0x14f4e1ec9410>,33,22,[ 2 12],34,245,267,211,238
1,<environment.Job instance at 0x14f4df2301e0>,36,12,[13  1],37,259,271,222,257
1,<environment.Job instance at 0x14f4e58da370>,37,26,[14  2],38,271,297,233,268
1,<environment.Job instance at 0x14f4e1ec9fa0>,31,14,[ 2 14],32,297,311,265,293
1,<environment.Job instance at 0x14f4979d3aa0>,6,18,[14  2],7,311,329,304,300
1,<environment.Job instance at 0x14f4e58f1780>,42,26,[7 2],43,329,355,286,326
1,<environment.Job instance at 0x14f4e5517f50>,43,17,[1 5],44,326,343,282,326
1,<environment.Job instance at 0x14f4e58f1190>,44,25,[ 1 11],45,343,368,298,339
1,<environment.Job instance at 0x14f4e58f12d0>,46,21,[ 2 14],47,368,389,321,360
1,<environment.Job instance at 0x14f4e3580050>,50,26,[ 2 14],51,389,415,338,386
1,<environment.Job instance at 0x14f497756500>,51,2,[8 1],52,386,388,334,386
1,<environment.Job instance at 0x14f4e3580460>,52,23,[ 1 13],53,415,438,362,409
1,<environment.Job instance at 0x14f4973d9a50>,53,26,[5 2],54,415,441,361,412
1,<environment.Job instance at 0x14f4973d9e60>,54,28,[11  2],55,441,469,386,440
1,<environment.Job instance at 0x14f4973d9730>,55,22,[1 8],56,440,462,384,440
1,<environment.Job instance at 0x14f4973d9870>,56,20,[ 1 13],57,462,482,405,454
1,<environment.Job instance at 0x14f4973d96e0>,58,27,[8 2],59,469,496,410,467
1,<environment.Job instance at 0x14f4973d90f0>,57,28,[6 2],58,482,510,424,481
1,<environment.Job instance at 0x14f49761b5f0>,61,25,[ 2 10],62,496,521,434,492
1,<environment.Job instance at 0x14f4973d9910>,60,3,[14  1],61,521,524,460,499
1,<environment.Job instance at 0x14f49761b140>,63,2,[1 6],64,521,523,457,501
1,<environment.Job instance at 0x14f49761b0f0>,64,15,[ 1 14],65,534,549,469,534
1,<environment.Job instance at 0x14f49761ba50>,68,2,[12  1],69,545,547,476,545
1,<environment.Job instance at 0x14f4976ddb40>,69,25,[ 2 14],70,549,574,479,545
1,<environment.Job instance at 0x14f4e351bfa0>,73,28,[2 8],74,574,602,500,573
1,<environment.Job instance at 0x14f4e351b2d0>,75,15,[ 2 13],76,723,738,647,723
1,<environment.Job instance at 0x14f497e28460>,76,22,[ 1 13],77,738,760,661,731
1,<environment.Job instance at 0x14f4979f5550>,38,16,[ 1 13],39,760,776,721,757
1,<environment.Job instance at 0x14f497e280a0>,78,14,[8 1],79,757,771,678,757
1,<environment.Job instance at 0x14f497e28550>,79,24,[ 1 11],80,776,800,696,771
1,<environment.Job instance at 0x14f4de620140>,80,27,[ 1 12],81,800,827,719,798
1,<environment.Job instance at 0x14f497411a00>,81,23,[11  1],82,798,821,716,798
1,<environment.Job instance at 0x14f497e286e0>,77,13,[ 2 11],78,827,840,749,812
1,<environment.Job instance at 0x14f497d6ce60>,87,26,[ 2 12],88,840,866,752,838
1,<environment.Job instance at 0x14f4e61ceb90>,25,14,[ 2 14],26,866,880,840,860
1,<environment.Job instance at 0x14f4978812d0>,92,22,[ 1 12],93,880,902,787,874
1,<environment.Job instance at 0x14f497881d20>,91,1,[ 2 13],92,902,903,810,894
1,<environment.Job instance at 0x14f4df2a9c80>,94,28,[ 2 14],95,903,931,808,902
1,<environment.Job instance at 0x14f497881320>,95,26,[9 2],96,931,957,835,928
1,<environment.Job instance at 0x14f4df2402d0>,96,22,[ 1 14],97,957,979,860,952
1,<environment.Job instance at 0x14f4df2a9cd0>,93,18,[ 1 14],94,983,1001,889,983
1,<environment.Job instance at 0x14f497aa7a00>,10,15,[14  1],11,1012,1027,1001,1012
1,<environment.Job instance at 0x14f49761b5a0>,67,19,[ 2 13],68,1109,1128,1041,1109
1,<environment.Job instance at 0x14f497d6c280>,86,12,[12  1],87,1139,1151,1052,1139
1,<environment.Job instance at 0x14f497640140>,0,23,[2 7],1,3,26,2,3
1,<environment.Job instance at 0x14f4976407d0>,5,23,[2 5],6,21,44,15,21
1,<environment.Job instance at 0x14f497640cd0>,3,26,[ 2 11],4,44,70,40,41
1,<environment.Job instance at 0x14f497640dc0>,10,22,[ 1 12],11,70,92,59,63
1,<environment.Job instance at 0x14f497640910>,8,23,[14  1],9,83,106,74,83
1,<environment.Job instance at 0x14f4979f5640>,1,19,[ 2 11],2,106,125,104,97
1,<environment.Job instance at 0x14f497a45f50>,14,3,[ 2 13],15,130,133,115,130
1,<environment.Job instance at 0x14f497640e10>,11,2,[ 1 11],12,134,136,122,134
1,<environment.Job instance at 0x14f497a45a00>,17,17,[13  2],18,138,155,120,138
1,<environment.Job instance at 0x14f497a45870>,15,14,[14  1],16,155,169,139,141
1,<environment.Job instance at 0x14f497a456e0>,20,28,[ 2 13],21,169,197,148,168
1,<environment.Job instance at 0x14f497a452d0>,21,23,[ 1 12],22,197,220,175,191
1,<environment.Job instance at 0x14f497a45e60>,22,24,[13  1],23,191,215,168,191
1,<environment.Job instance at 0x14f497a45140>,24,24,[1 5],25,220,244,195,215
1,<environment.Job instance at 0x14f497640e60>,4,12,[11  2],5,220,232,215,220
1,<environment.Job instance at 0x14f497a459b0>,26,26,[ 2 10],27,232,258,205,229
1,<environment.Job instance at 0x14f497a45af0>,28,24,[ 1 12],29,258,282,229,253
1,<environment.Job instance at 0x14f4df1b6640>,29,21,[13  1],30,258,279,228,258
1,<environment.Job instance at 0x14f4df1b6e10>,33,19,[8 1],34,279,298,245,279
1,<environment.Job instance at 0x14f4df1b6b40>,32,22,[ 1 14],33,282,304,249,282
1,<environment.Job instance at 0x14f4df1b6dc0>,37,23,[1 7],38,304,327,266,300
1,<environment.Job instance at 0x14f4df1b6c80>,40,25,[ 2 12],41,327,352,286,323
1,<environment.Job instance at 0x14f4df1b6d20>,43,28,[12  2],44,330,358,286,330
1,<environment.Job instance at 0x14f4e352b190>,44,26,[2 9],45,352,378,307,349
1,<environment.Job instance at 0x14f4df1b6910>,39,16,[14  2],40,378,394,338,373
1,<environment.Job instance at 0x14f4e352b4b0>,47,20,[ 1 11],48,384,404,336,384
1,<environment.Job instance at 0x14f4e352b690>,45,1,[11  1],46,407,408,361,407
1,<environment.Job instance at 0x14f4e352b5a0>,49,21,[ 1 13],50,407,428,357,407
1,<environment.Job instance at 0x14f4e352bf00>,48,1,[ 2 13],49,428,429,379,416
1,<environment.Job instance at 0x14f4e352ba50>,51,2,[11  2],52,427,429,375,427
1,<environment.Job instance at 0x14f4e352b140>,52,2,[5 1],53,429,431,376,428
1,<environment.Job instance at 0x14f4e352b0a0>,53,18,[7 1],54,429,447,375,429
1,<environment.Job instance at 0x14f4e352bf50>,54,2,[14  1],55,447,449,392,443
1,<environment.Job instance at 0x14f4e352bbe0>,56,22,[2 5],57,449,471,392,444
1,<environment.Job instance at 0x14f497403a50>,57,20,[1 7],58,445,465,387,445
1,<environment.Job instance at 0x14f497640b40>,7,14,[12  2],8,449,463,441,446
1,<environment.Job instance at 0x14f4974034b0>,60,25,[12  2],61,463,488,402,459
1,<environment.Job instance at 0x14f4974035a0>,62,27,[2 7],63,471,498,408,470
1,<environment.Job instance at 0x14f497a450a0>,18,14,[12  2],19,488,502,469,483
1,<environment.Job instance at 0x14f497bc5eb0>,64,22,[1 8],65,498,520,433,492
1,<environment.Job instance at 0x14f497a45500>,12,1,[ 1 14],13,520,521,507,506
1,<environment.Job instance at 0x14f497f5b230>,65,3,[ 2 12],66,521,524,455,511
1,<environment.Job instance at 0x14f497e47eb0>,68,28,[ 2 13],69,524,552,455,523
1,<environment.Job instance at 0x14f497f5b050>,63,14,[11  2],64,544,558,480,544
1,<environment.Job instance at 0x14f497e47cd0>,74,24,[ 2 14],75,558,582,483,553
1,<environment.Job instance at 0x14f497e47910>,73,23,[14  1],74,582,605,508,576
1,<environment.Job instance at 0x14f497e47820>,75,22,[2 9],76,605,627,529,598
1,<environment.Job instance at 0x14f497fecbe0>,81,23,[ 1 12],82,627,650,545,622
1,<environment.Job instance at 0x14f4df1bff50>,83,28,[1 9],84,650,678,566,649
1,<environment.Job instance at 0x14f497f5bcd0>,66,16,[ 1 12],67,678,694,611,665
1,<environment.Job instance at 0x14f4df1bf5a0>,85,3,[13  1],86,673,676,587,673
1,<environment.Job instance at 0x14f4df1bf410>,86,2,[14  1],87,684,686,597,684
1,<environment.Job instance at 0x14f4df1bf640>,87,22,[ 1 12],88,694,716,606,687
1,<environment.Job instance at 0x14f4df5c4820>,88,1,[11  2],89,687,688,598,687
1,<environment.Job instance at 0x14f49724a320>,90,27,[11  1],91,694,721,603,694
1,<environment.Job instance at 0x14f4975649b0>,92,23,[12  2],93,721,744,628,715
1,<environment.Job instance at 0x14f4e5663370>,93,2,[ 2 13],94,723,725,629,723
1,<environment.Job instance at 0x14f4975d9a00>,94,1,[ 1 12],95,742,743,647,742
1,<environment.Job instance at 0x14f4dd0fefa0>,95,21,[ 1 10],96,745,766,649,745
1,<environment.Job instance at 0x14f4df2fdb40>,96,1,[ 2 12],97,766,767,669,758
1,<environment.Job instance at 0x14f4977ae6e0>,97,2,[2 6],98,767,769,669,759
1,<environment.Job instance at 0x14f497fecf50>,84,13,[14  2],85,769,782,684,761
1,<environment.Job instance at 0x14f4e352b960>,50,16,[ 1 14],51,783,799,732,783
1,<environment.Job instance at 0x14f497e47b40>,79,16,[ 2 14],80,799,815,719,791
1,<environment.Job instance at 0x14f4e54a64b0>,98,17,[ 1 12],99,934,951,835,934
1,<environment.Job instance at 0x14f497e475f0>,71,13,[13  2],72,961,974,889,961
1,<environment.Job instance at 0x14f4deb7ad70>,1,24,[ 1 11],2,2,26,0,2
1,<environment.Job instance at 0x14f4977a5aa0>,4,24,[8 2],5,7,31,2,7
1,<environment.Job instance at 0x14f497e475a0>,3,25,[ 1 14],4,31,56,27,27
1,<environment.Job instance at 0x14f497461230>,8,22,[7 1],9,28,50,19,28
1,<environment.Job instance at 0x14f497461870>,9,23,[8 1],10,50,73,40,44
1,<environment.Job instance at 0x14f4decb3c80>,2,19,[ 1 11],3,56,75,53,47
1,<environment.Job instance at 0x14f497461640>,10,1,[11  2],11,73,74,62,51
1,<environment.Job instance at 0x14f497461fa0>,7,3,[14  1],8,74,77,66,60
1,<environment.Job instance at 0x14f497461820>,13,22,[1 6],14,75,97,61,68
1,<environment.Job instance at 0x14f4976415f0>,15,1,[ 2 14],16,97,98,81,73
1,<environment.Job instance at 0x14f49744eb90>,18,22,[1 7],19,98,120,79,91
1,<environment.Job instance at 0x14f49744eeb0>,19,27,[ 1 13],20,120,147,100,118
1,<environment.Job instance at 0x14f49744e910>,20,27,[2 8],21,147,174,126,145
1,<environment.Job instance at 0x14f49744e500>,21,2,[ 2 12],22,174,176,152,149
1,<environment.Job instance at 0x14f49744efa0>,22,22,[2 6],23,149,171,126,149
1,<environment.Job instance at 0x14f49744e280>,23,2,[ 2 12],24,176,178,152,163
1,<environment.Job instance at 0x14f4de5fb2d0>,24,25,[2 9],25,178,203,153,174
1,<environment.Job instance at 0x14f497ab5f00>,25,22,[11  1],26,175,197,149,175
1,<environment.Job instance at 0x14f4e3569280>,26,26,[ 2 11],27,203,229,176,200
1,<environment.Job instance at 0x14f497a242d0>,27,14,[12  1],28,200,214,172,200
1,<environment.Job instance at 0x14f4df1b1230>,28,17,[13  1],29,219,236,190,219
1,<environment.Job instance at 0x14f49766cfa0>,30,21,[12  1],31,236,257,205,231
1,<environment.Job instance at 0x14f49744ed70>,31,21,[2 7],32,231,252,199,231
1,<environment.Job instance at 0x14f4974d0b90>,32,27,[6 1],33,257,284,224,255
1,<environment.Job instance at 0x14f4974613c0>,12,3,[ 1 11],13,257,260,244,257
1,<environment.Job instance at 0x14f497ccad20>,34,21,[14  2],35,284,305,249,276
1,<environment.Job instance at 0x14f4e3610d70>,35,28,[ 2 12],36,305,333,269,304
1,<environment.Job instance at 0x14f4e3610af0>,36,24,[10  2],37,305,329,268,305
1,<environment.Job instance at 0x14f4d8012370>,0,3,[ 1 12],1,333,336,332,325
1,<environment.Job instance at 0x14f497cca7d0>,33,14,[12  2],34,329,343,295,328
1,<environment.Job instance at 0x14f497b1cbe0>,40,21,[ 2 10],41,336,357,295,329
1,<environment.Job instance at 0x14f4deab40a0>,41,19,[12  1],42,343,362,301,334
1,<environment.Job instance at 0x14f4deab4aa0>,42,28,[ 2 14],43,357,385,314,356
1,<environment.Job instance at 0x14f4df27cf00>,43,22,[ 1 12],44,385,407,341,378
1,<environment.Job instance at 0x14f4dea63a00>,44,22,[1 9],45,407,429,362,401
1,<environment.Job instance at 0x14f4973096e0>,45,21,[ 1 14],46,429,450,383,422
1,<environment.Job instance at 0x14f4df27ca50>,46,24,[2 5],47,450,474,403,445
1,<environment.Job instance at 0x14f4973099b0>,47,12,[13  2],48,450,462,402,446
1,<environment.Job instance at 0x14f497c6eb90>,48,20,[5 2],49,462,482,413,456
1,<environment.Job instance at 0x14f49726d370>,50,19,[ 2 10],51,474,493,423,467
1,<environment.Job instance at 0x14f49726d4b0>,51,27,[ 1 14],52,493,520,441,491
1,<environment.Job instance at 0x14f49726dc30>,52,23,[11  1],53,491,514,438,491
1,<environment.Job instance at 0x14f49726d9b0>,53,19,[2 9],54,520,539,466,511
1,<environment.Job instance at 0x14f49726d780>,56,1,[ 1 14],57,539,540,482,529
1,<environment.Job instance at 0x14f4e004c8c0>,57,15,[12  1],58,532,547,474,532
1,<environment.Job instance at 0x14f4e004ce60>,58,1,[12  2],59,547,548,488,534
1,<environment.Job instance at 0x14f4e004ca00>,59,26,[1 6],60,540,566,480,537
1,<environment.Job instance at 0x14f4dec10050>,60,19,[13  1],61,548,567,487,539
1,<environment.Job instance at 0x14f4dec10550>,62,22,[10  2],63,567,589,504,560
1,<environment.Job instance at 0x14f4dec10320>,63,27,[ 1 13],64,566,593,502,564
1,<environment.Job instance at 0x14f4dec102d0>,64,19,[6 2],65,589,608,524,579
1,<environment.Job instance at 0x14f4dec10c30>,65,22,[ 1 13],66,593,615,527,587
1,<environment.Job instance at 0x14f4dec10aa0>,66,24,[ 1 10],67,615,639,548,610
1,<environment.Job instance at 0x14f497cce8c0>,67,26,[12  1],68,610,636,542,610
1,<environment.Job instance at 0x14f497cce0a0>,69,21,[13  1],70,636,657,566,628
1,<environment.Job instance at 0x14f497641dc0>,16,17,[ 1 13],17,639,656,622,635
1,<environment.Job instance at 0x14f4972715f0>,70,3,[8 2],71,657,660,586,638
1,<environment.Job instance at 0x14f497271be0>,72,28,[14  2],73,660,688,587,659
1,<environment.Job instance at 0x14f497271640>,73,21,[13  1],74,688,709,614,680
1,<environment.Job instance at 0x14f4972712d0>,74,21,[1 8],75,680,701,605,680
1,<environment.Job instance at 0x14f497271870>,78,27,[7 2],79,709,736,630,707
1,<environment.Job instance at 0x14f497271370>,76,20,[ 1 11],77,727,747,650,727
1,<environment.Job instance at 0x14f497271690>,79,26,[12  1],80,736,762,656,733
1,<environment.Job instance at 0x14f4df1a9b90>,81,26,[12  1],82,762,788,680,759
1,<environment.Job instance at 0x14f4df1a9820>,80,3,[ 1 13],81,768,771,687,768
1,<environment.Job instance at 0x14f4df1a9550>,84,21,[14  1],85,788,809,703,781
1,<environment.Job instance at 0x14f4df1a9d20>,86,21,[2 5],87,809,830,722,801
1,<environment.Job instance at 0x14f4df1a97d0>,87,1,[ 2 13],88,830,831,742,806
1,<environment.Job instance at 0x14f4df1a9c80>,85,18,[ 1 11],86,831,849,745,829
1,<environment.Job instance at 0x14f4df1a9410>,90,17,[11  1],91,840,857,749,840
1,<environment.Job instance at 0x14f4df1a90f0>,92,21,[7 2],93,857,878,764,852
1,<environment.Job instance at 0x14f4df1a9c30>,93,28,[7 1],94,857,885,763,856
1,<environment.Job instance at 0x14f4df1c57d0>,95,20,[12  1],96,885,905,789,876
1,<environment.Job instance at 0x14f4df1c5a50>,96,25,[2 8],97,878,903,781,878
1,<environment.Job instance at 0x14f4decd15a0>,39,3,[ 2 14],40,903,906,863,898
1,<environment.Job instance at 0x14f4df1c58c0>,98,15,[14  1],99,909,924,810,909
1,<environment.Job instance at 0x14f4df1a95a0>,88,16,[ 2 13],89,989,1005,900,989
1,<environment.Job instance at 0x14f4977a5820>,5,14,[ 2 13],6,1646,1660,1640,1646
1,<environment.Job instance at 0x14f4e36105f0>,37,13,[ 2 13],38,2072,2085,2034,2072
1,<environment.Job instance at 0x14859025fb90>,0,24,[ 1 10],1,1,25,0,1
1,<environment.Job instance at 0x148586eec690>,4,24,[6 1],5,5,29,0,5
1,<environment.Job instance at 0x148586eec910>,5,25,[7 1],6,6,31,0,6
1,<environment.Job instance at 0x148586eecc80>,13,27,[1 8],14,25,52,11,23
1,<environment.Job instance at 0x148586eec6e0>,6,19,[ 1 13],7,52,71,45,47
1,<environment.Job instance at 0x148586eecf00>,16,19,[ 1 12],17,71,90,54,66
1,<environment.Job instance at 0x148586eecfa0>,15,24,[ 2 13],16,90,114,74,85
1,<environment.Job instance at 0x148586eecb90>,10,3,[ 1 14],11,114,117,103,90
1,<environment.Job instance at 0x148586eef2d0>,21,22,[14  2],22,117,139,95,110
1,<environment.Job instance at 0x148586eef4b0>,22,25,[ 2 12],23,139,164,116,136
1,<environment.Job instance at 0x148586eef280>,19,21,[14  2],20,164,185,144,159
1,<environment.Job instance at 0x148586eef0a0>,17,3,[ 1 13],18,167,170,149,167
1,<environment.Job instance at 0x148586eef8c0>,27,25,[14  2],28,185,210,157,181
1,<environment.Job instance at 0x148586eefaa0>,35,23,[11  2],36,210,233,174,206
1,<environment.Job instance at 0x148586eef870>,24,20,[ 2 13],25,210,230,185,206
1,<environment.Job instance at 0x148586eeff50>,36,27,[10  2],37,233,260,196,231
1,<environment.Job instance at 0x148586eefe60>,37,22,[2 5],38,233,255,195,233
1,<environment.Job instance at 0x148586eef690>,38,1,[ 1 13],39,256,257,217,256
1,<environment.Job instance at 0x148586eee280>,42,23,[ 1 14],43,260,283,217,256
1,<environment.Job instance at 0x148586eee320>,43,3,[ 1 14],44,283,286,239,266
1,<environment.Job instance at 0x148586eee3c0>,44,13,[ 2 10],45,286,299,241,270
1,<environment.Job instance at 0x148586eee190>,47,26,[12  2],48,286,312,238,283
1,<environment.Job instance at 0x148586eef820>,25,1,[11  1],26,312,313,286,291
1,<environment.Job instance at 0x148586eee870>,49,25,[11  2],50,313,338,263,309
1,<environment.Job instance at 0x148586eee820>,50,23,[2 6],51,310,333,259,310
1,<environment.Job instance at 0x148586eee1e0>,41,18,[ 2 13],42,333,351,291,327
1,<environment.Job instance at 0x148586eeeaf0>,53,27,[9 1],54,338,365,284,336
1,<environment.Job instance at 0x148586eeeb40>,55,20,[ 1 14],56,351,371,295,342
1,<environment.Job instance at 0x148586eeebe0>,56,1,[12  2],57,371,372,314,348
1,<environment.Job instance at 0x148586eeed20>,59,18,[ 2 12],60,371,389,311,360
1,<environment.Job instance at 0x148586eee780>,51,2,[ 2 13],52,392,394,340,392
1,<environment.Job instance at 0x148586eee960>,61,22,[14  1],62,394,416,332,393
1,<environment.Job instance at 0x14859025faa0>,2,18,[ 1 12],3,403,421,400,403
1,<environment.Job instance at 0x148586eeee60>,60,3,[ 1 11],61,421,424,360,421
1,<environment.Job instance at 0x148586ef31e0>,65,21,[10  1],66,421,442,355,421
1,<environment.Job instance at 0x148586eee730>,52,12,[13  2],53,442,454,389,440
1,<environment.Job instance at 0x148586ef30f0>,63,13,[ 2 13],64,441,454,377,441
1,<environment.Job instance at 0x148586ef3460>,68,28,[10  1],69,454,482,385,453
1,<environment.Job instance at 0x148586ef3230>,64,2,[11  2],65,482,484,417,470
1,<environment.Job instance at 0x148586ef3320>,67,19,[11  1],68,484,503,416,475
1,<environment.Job instance at 0x148586ef3640>,70,20,[ 2 14],71,484,504,413,475
1,<environment.Job instance at 0x148586ef33c0>,69,14,[12  2],70,504,518,434,503
1,<environment.Job instance at 0x148586ef36e0>,72,16,[ 2 12],73,504,520,431,503
1,<environment.Job instance at 0x148586ef3820>,74,1,[14  2],75,520,521,445,518
1,<environment.Job instance at 0x148586ef38c0>,75,15,[2 6],76,521,536,445,521
1,<environment.Job instance at 0x148586ef3730>,76,14,[9 1],77,521,535,444,521
1,<environment.Job instance at 0x148586ef35a0>,77,19,[8 1],78,535,554,457,525
1,<environment.Job instance at 0x148586ef3b90>,78,3,[ 2 10],79,536,539,457,527
1,<environment.Job instance at 0x148586ef3aa0>,79,19,[14  1],80,554,573,474,545
1,<environment.Job instance at 0x148586ef3dc0>,83,21,[7 2],84,573,594,489,565
1,<environment.Job instance at 0x148586ef3e60>,84,14,[7 1],85,573,587,488,571
1,<environment.Job instance at 0x148586ef3a00>,85,20,[2 9],86,587,607,501,579
1,<environment.Job instance at 0x148586ef3be0>,86,21,[ 1 12],87,607,628,520,603
1,<environment.Job instance at 0x148586eecdc0>,14,3,[14  2],15,607,610,592,606
1,<environment.Job instance at 0x148586ef3690>,71,12,[ 2 11],72,628,640,556,616
1,<environment.Job instance at 0x148586ef3780>,73,3,[ 1 11],74,650,653,576,650
1,<environment.Job instance at 0x148586ef41e0>,90,27,[ 2 14],91,653,680,562,651
1,<environment.Job instance at 0x148586ef4280>,89,12,[11  1],90,655,667,565,655
1,<environment.Job instance at 0x148586ef4730>,92,24,[2 9],93,680,704,587,676
1,<environment.Job instance at 0x148586ef4190>,87,18,[ 1 12],88,704,722,616,700
1,<environment.Job instance at 0x148586ef45a0>,94,3,[6 2],95,709,712,614,709
1,<environment.Job instance at 0x148586ef4910>,95,25,[7 2],96,712,737,616,710
1,<environment.Job instance at 0x148586ef47d0>,93,3,[ 1 14],94,737,740,643,712
1,<environment.Job instance at 0x148586ef4690>,91,2,[12  2],92,740,742,648,721
1,<environment.Job instance at 0x148586ef48c0>,98,25,[13  2],99,742,767,643,738
1,<environment.Job instance at 0x148586ef4a00>,99,27,[1 8],100,740,767,640,739
1,<environment.Job instance at 0x148586ef4b90>,102,22,[ 2 14],103,767,789,664,760
1,<environment.Job instance at 0x148586ef4dc0>,103,3,[13  1],104,798,801,694,798
1,<environment.Job instance at 0x148586ef4780>,96,16,[ 2 11],97,798,814,701,798
1,<environment.Job instance at 0x148586ef4fa0>,105,22,[ 2 12],106,814,836,708,807
1,<environment.Job instance at 0x148586ef4a50>,97,2,[ 1 12],98,838,840,740,838
1,<environment.Job instance at 0x148586ef4f00>,107,16,[13  1],108,840,856,732,840
1,<environment.Job instance at 0x148586ef3140>,66,14,[14  2],67,1095,1109,1028,1095
1,<environment.Job instance at 0x148586ef4050>,88,12,[ 1 14],89,1790,1802,1701,1790
1,<environment.Job instance at 0x1485843280a0>,0,2,[ 2 10],1,2,4,1,2
1,<environment.Job instance at 0x148588fe3780>,5,25,[2 7],6,6,31,0,6
1,<environment.Job instance at 0x148588e185a0>,6,3,[ 1 13],7,31,34,24,7
1,<environment.Job instance at 0x148588fe3820>,8,28,[7 2],9,12,40,3,12
1,<environment.Job instance at 0x14858431ffa0>,1,1,[14  2],2,40,41,38,15
1,<environment.Job instance at 0x1485895f8280>,10,21,[1 5],11,34,55,23,26
1,<environment.Job instance at 0x1485895f8cd0>,12,20,[13  2],13,41,61,28,32
1,<environment.Job instance at 0x1485895f8eb0>,13,15,[12  1],14,61,76,47,59
1,<environment.Job instance at 0x148586ef4050>,4,3,[ 2 13],5,81,84,76,81
1,<environment.Job instance at 0x1485895faaf0>,18,26,[12  2],19,81,107,62,81
1,<environment.Job instance at 0x1485895fafa0>,19,25,[ 2 12],20,84,109,64,81
1,<environment.Job instance at 0x1485895faaa0>,20,27,[12  2],21,107,134,86,105
1,<environment.Job instance at 0x1485895fa870>,22,19,[11  2],23,134,153,111,126
1,<environment.Job instance at 0x1485895fa5f0>,23,23,[ 1 12],24,136,159,112,136
1,<environment.Job instance at 0x1485895f9140>,24,14,[12  1],25,157,171,132,157
1,<environment.Job instance at 0x1485895f9b90>,25,17,[ 1 11],26,178,195,152,178
1,<environment.Job instance at 0x1485895f9820>,26,23,[ 1 14],27,195,218,168,190
1,<environment.Job instance at 0x1485895f9550>,27,27,[1 9],28,218,245,190,217
1,<environment.Job instance at 0x1485895f8e60>,11,15,[ 1 11],12,245,260,233,244
1,<environment.Job instance at 0x1485895f99b0>,30,23,[ 2 13],31,260,283,229,254
1,<environment.Job instance at 0x1485895fa550>,21,18,[ 2 11],22,283,301,261,275
1,<environment.Job instance at 0x1485895f9aa0>,32,16,[11  2],33,308,324,275,308
1,<environment.Job instance at 0x1485895f9a50>,33,25,[ 1 12],34,308,333,274,308
1,<environment.Job instance at 0x1485895a7d70>,34,27,[ 1 12],35,333,360,298,331
1,<environment.Job instance at 0x1485895f97d0>,31,2,[ 1 13],32,365,367,333,365
1,<environment.Job instance at 0x1485895a77d0>,36,22,[12  2],37,366,388,329,366
1,<environment.Job instance at 0x1485895a7500>,37,20,[ 1 12],38,371,391,333,371
1,<environment.Job instance at 0x1485895a70a0>,40,19,[12  2],41,397,416,356,397
1,<environment.Job instance at 0x1485894ff780>,17,12,[ 1 13],18,409,421,391,409
1,<environment.Job instance at 0x14858954f820>,43,28,[7 2],44,416,444,372,415
1,<environment.Job instance at 0x14858954fbe0>,44,28,[7 1],45,421,449,376,420
1,<environment.Job instance at 0x14858954f7d0>,46,28,[ 1 11],47,421,449,374,420
1,<environment.Job instance at 0x14858954f4b0>,48,24,[14  2],49,449,473,400,445
1,<environment.Job instance at 0x14858954f690>,51,1,[ 1 11],52,451,452,399,451
1,<environment.Job instance at 0x14858956d460>,53,25,[1 8],54,452,477,398,451
1,<environment.Job instance at 0x1485894e1be0>,54,26,[2 9],55,477,503,422,474
1,<environment.Job instance at 0x1485895a7c80>,35,2,[14  1],36,503,505,467,497
1,<environment.Job instance at 0x148589588d70>,57,21,[12  1],58,505,526,447,501
1,<environment.Job instance at 0x1485894f0370>,59,20,[2 8],60,511,531,451,511
1,<environment.Job instance at 0x1485895fff50>,60,26,[ 2 12],61,531,557,470,528
1,<environment.Job instance at 0x148589588dc0>,56,1,[12  2],57,534,535,477,534
1,<environment.Job instance at 0x1485895ff6e0>,62,16,[12  2],63,543,559,480,543
1,<environment.Job instance at 0x1485894f0870>,61,20,[ 1 14],62,559,579,497,553
1,<environment.Job instance at 0x1485895f9370>,28,3,[ 1 12],29,579,582,550,568
1,<environment.Job instance at 0x148589541f50>,65,19,[7 1],66,568,587,502,568
1,<environment.Job instance at 0x148589541be0>,66,23,[9 2],67,587,610,520,581
1,<environment.Job instance at 0x1485895aa960>,64,15,[ 1 13],65,590,605,525,590
1,<environment.Job instance at 0x148589525c30>,68,27,[ 1 14],69,610,637,541,608
1,<environment.Job instance at 0x148589525870>,69,28,[9 1],70,610,638,540,609
1,<environment.Job instance at 0x148589553910>,67,2,[12  1],68,638,640,570,636
1,<environment.Job instance at 0x1485895e0550>,71,1,[11  1],72,641,642,569,641
1,<environment.Job instance at 0x14858954f640>,49,3,[13  2],50,642,645,592,641
1,<environment.Job instance at 0x14858956b820>,75,3,[12  1],76,645,648,569,643
1,<environment.Job instance at 0x14858957cf00>,76,3,[13  2],77,648,651,571,643
1,<environment.Job instance at 0x14858957c0a0>,77,28,[ 1 11],78,643,671,565,643
1,<environment.Job instance at 0x14858957c410>,78,25,[ 1 12],79,671,696,592,667
1,<environment.Job instance at 0x1485895e0dc0>,74,15,[11  2],75,670,685,595,670
1,<environment.Job instance at 0x14858957cb90>,81,26,[ 1 14],82,696,722,614,693
1,<environment.Job instance at 0x14858957caf0>,82,26,[ 2 12],83,722,748,639,720
1,<environment.Job instance at 0x1485895aac30>,63,14,[ 1 12],64,757,771,693,757
1,<environment.Job instance at 0x1485895a3230>,84,25,[10  1],85,758,783,673,758
1,<environment.Job instance at 0x1485895a3190>,86,26,[13  1],87,783,809,696,780
1,<environment.Job instance at 0x1485895a3b90>,87,17,[6 2],88,809,826,721,805
1,<environment.Job instance at 0x1485895a39b0>,88,19,[1 5],89,811,830,722,811
1,<environment.Job instance at 0x1485895a37d0>,89,20,[1 9],90,826,846,736,818
1,<environment.Job instance at 0x1485895a3640>,90,17,[1 7],91,846,863,755,837
1,<environment.Job instance at 0x1485895a3500>,91,24,[2 5],92,840,864,748,840
1,<environment.Job instance at 0x1485895a36e0>,92,24,[ 1 13],93,864,888,771,859
1,<environment.Job instance at 0x1485895a3280>,93,23,[5 1],94,860,883,766,860
1,<environment.Job instance at 0x1485895a33c0>,94,24,[ 1 13],95,888,912,793,883
1,<environment.Job instance at 0x1485895a3d70>,95,21,[11  1],96,883,904,787,883
1,<environment.Job instance at 0x148588da1690>,96,19,[ 2 12],97,912,931,815,909
1,<environment.Job instance at 0x148588da10f0>,97,1,[12  2],98,909,910,811,909
1,<environment.Job instance at 0x148588da1050>,98,1,[ 2 14],99,931,932,832,920
1,<environment.Job instance at 0x148588da1c30>,99,28,[ 2 13],100,932,960,832,931
1,<environment.Job instance at 0x148588e150f0>,100,22,[11  2],101,932,954,831,932
1,<environment.Job instance at 0x148588e15280>,101,26,[7 2],102,954,980,852,952
1,<environment.Job instance at 0x148588e15870>,102,21,[13  2],103,980,1001,877,973
1,<environment.Job instance at 0x1485895e0140>,72,3,[11  2],73,1001,1004,928,991
1,<environment.Job instance at 0x1485895f7280>,104,27,[2 7],105,991,1018,886,991
1,<environment.Job instance at 0x14858957c820>,80,12,[ 2 14],81,1018,1030,937,1011
1,<environment.Job instance at 0x1485895f7e10>,103,3,[ 2 13],104,1030,1033,926,1029
1,<environment.Job instance at 0x1485895a30f0>,83,2,[ 2 11],84,1450,1452,1366,1450
1,<environment.Job instance at 0x1485895f8dc0>,9,17,[ 2 14],10,1675,1692,1665,1675
1,<environment.Job instance at 0x1485895a7b40>,0,28,[7 1],1,2,30,1,2
1,<environment.Job instance at 0x148584320d70>,1,28,[ 2 13],2,2,30,0,2
1,<environment.Job instance at 0x1485659e2d20>,6,24,[ 2 10],7,30,54,23,25
1,<environment.Job instance at 0x148565a8ea00>,10,24,[11  2],11,30,54,19,27
1,<environment.Job instance at 0x1485659e25a0>,8,25,[5 2],9,54,79,45,51
1,<environment.Job instance at 0x14856593c640>,16,22,[ 2 11],17,64,86,47,64
1,<environment.Job instance at 0x148565a6e500>,23,25,[11  1],24,80,105,56,80
1,<environment.Job instance at 0x1485659cf460>,13,28,[ 1 14],14,86,114,72,86
1,<environment.Job instance at 0x1485659b50f0>,19,19,[13  2],20,114,133,94,104
1,<environment.Job instance at 0x148565a1a550>,29,27,[2 8],30,114,141,84,112
1,<environment.Job instance at 0x148565a1a7d0>,30,28,[ 2 13],31,141,169,110,140
1,<environment.Job instance at 0x148565a207d0>,28,20,[7 1],29,140,160,111,140
1,<environment.Job instance at 0x148565a1a410>,32,26,[ 1 10],33,169,195,136,166
1,<environment.Job instance at 0x148565a144b0>,33,25,[13  2],34,166,191,132,166
1,<environment.Job instance at 0x148565a0c0a0>,31,3,[11  2],32,191,194,159,185
1,<environment.Job instance at 0x148565a14320>,34,22,[ 1 13],35,195,217,160,188
1,<environment.Job instance at 0x148565a1c870>,37,26,[9 1],38,194,220,156,191
1,<environment.Job instance at 0x148565963f00>,38,26,[6 2],39,217,243,178,216
1,<environment.Job instance at 0x148565a1c690>,36,16,[7 2],37,220,236,183,218
1,<environment.Job instance at 0x14856596e5a0>,40,21,[6 2],41,236,257,195,228
1,<environment.Job instance at 0x148565967140>,44,24,[ 1 11],45,237,261,192,237
1,<environment.Job instance at 0x1485659b0280>,22,19,[13  2],23,259,278,236,259
1,<environment.Job instance at 0x148565a28690>,46,1,[ 1 11],47,261,262,214,260
1,<environment.Job instance at 0x148565a2f6e0>,48,20,[ 1 13],49,263,283,214,263
1,<environment.Job instance at 0x148565a2f9b0>,49,22,[1 5],50,283,305,233,276
1,<environment.Job instance at 0x148565a2fb90>,51,28,[9 1],52,279,307,227,279
1,<environment.Job instance at 0x148565a2fe60>,53,23,[13  2],54,307,330,253,302
1,<environment.Job instance at 0x148565a2f7d0>,54,3,[ 1 13],55,322,325,267,322
1,<environment.Job instance at 0x148565a2fd70>,55,24,[ 1 10],56,325,349,269,322
1,<environment.Job instance at 0x1485659b5b40>,18,12,[ 2 12],19,349,361,330,333
1,<environment.Job instance at 0x148565a2f910>,56,3,[ 2 12],57,361,364,304,357
1,<environment.Job instance at 0x148565a1b0f0>,58,21,[2 6],59,364,385,305,358
1,<environment.Job instance at 0x148565a1beb0>,59,19,[2 9],60,364,383,304,359
1,<environment.Job instance at 0x148565a1baf0>,60,14,[11  2],61,383,397,322,381
1,<environment.Job instance at 0x148565a1b5a0>,61,24,[10  1],62,397,421,335,392
1,<environment.Job instance at 0x148565a25960>,62,20,[13  2],63,421,441,358,413
1,<environment.Job instance at 0x148565a25370>,64,12,[7 1],65,441,453,376,434
1,<environment.Job instance at 0x148565a250a0>,66,2,[11  2],67,453,455,386,438
1,<environment.Job instance at 0x148565a255a0>,67,3,[6 1],68,442,445,374,442
1,<environment.Job instance at 0x148565a251e0>,68,24,[12  1],69,455,479,386,450
1,<environment.Job instance at 0x148565a18410>,71,27,[ 1 13],72,461,488,389,461
1,<environment.Job instance at 0x14856596edc0>,42,1,[ 2 13],43,488,489,445,470
1,<environment.Job instance at 0x148565a18460>,73,22,[12  1],74,479,501,405,473
1,<environment.Job instance at 0x148565a183c0>,72,20,[14  1],73,501,521,428,493
1,<environment.Job instance at 0x148565a18500>,74,1,[ 1 12],75,495,496,420,495
1,<environment.Job instance at 0x148565a18730>,76,28,[1 7],77,496,524,419,496
1,<environment.Job instance at 0x148565a186e0>,77,28,[10  1],78,521,549,443,520
1,<environment.Job instance at 0x148565a189b0>,78,1,[12  1],79,549,550,470,530
1,<environment.Job instance at 0x148565a18b90>,80,21,[ 2 12],81,531,552,450,531
1,<environment.Job instance at 0x148565a18b40>,81,1,[12  1],82,550,551,468,540
1,<environment.Job instance at 0x148565a18be0>,83,21,[ 2 13],84,552,573,468,546
1,<environment.Job instance at 0x148565a18c80>,84,3,[ 2 11],85,573,576,488,559
1,<environment.Job instance at 0x1485658f40a0>,88,3,[11  1],89,562,565,473,562
1,<environment.Job instance at 0x1485658f4140>,89,26,[5 1],90,565,591,475,563
1,<environment.Job instance at 0x1485658f4050>,90,3,[7 2],91,573,576,482,570
1,<environment.Job instance at 0x1485658f4370>,91,25,[2 7],92,576,601,484,572
1,<environment.Job instance at 0x1485658f4280>,92,23,[8 2],93,576,599,483,572
1,<environment.Job instance at 0x1485658f44b0>,93,22,[ 1 13],94,601,623,507,595
1,<environment.Job instance at 0x1485658f4460>,94,23,[11  1],95,599,622,504,595
1,<environment.Job instance at 0x1485658f45a0>,96,25,[ 2 14],97,623,648,526,619
1,<environment.Job instance at 0x148565a2fd20>,57,3,[ 2 13],58,648,651,590,622
1,<environment.Job instance at 0x1485658f47d0>,97,12,[13  1],98,633,645,535,633
1,<environment.Job instance at 0x1485658f4a50>,100,20,[7 1],101,645,665,544,638
1,<environment.Job instance at 0x1485658f4d20>,105,27,[2 7],106,651,678,545,649
1,<environment.Job instance at 0x1485658f4c30>,106,25,[10  2],107,665,690,558,662
1,<environment.Job instance at 0x1485658f4fa0>,108,23,[6 1],109,690,713,581,684
1,<environment.Job instance at 0x148565a18f00>,86,3,[11  2],87,714,717,627,714
1,<environment.Job instance at 0x1485658f4dc0>,107,1,[14  1],108,717,718,609,717
1,<environment.Job instance at 0x148565a28d70>,47,2,[12  2],48,727,729,679,727
1,<environment.Job instance at 0x148565a01fa0>,24,12,[ 2 13],25,794,806,769,794
1,<environment.Job instance at 0x1485658fcc30>,2,21,[10  2],3,3,24,0,3
1,<environment.Job instance at 0x148565f5e6e0>,5,24,[12  1],6,24,48,18,19
1,<environment.Job instance at 0x148565f5e460>,7,25,[11  1],8,48,73,40,44
1,<environment.Job instance at 0x148565f5e640>,10,27,[2 9],11,46,73,35,46
1,<environment.Job instance at 0x148565f5e230>,16,1,[ 1 13],17,73,74,56,57
1,<environment.Job instance at 0x148565f5e960>,12,18,[14  2],13,73,91,60,68
1,<environment.Job instance at 0x148565f5eaa0>,18,22,[2 8],19,91,113,72,85
1,<environment.Job instance at 0x148565f5efa0>,21,27,[12  1],22,91,118,69,89
1,<environment.Job instance at 0x148565f5e910>,20,28,[1 6],21,95,123,74,95
1,<environment.Job instance at 0x148565f5ecd0>,22,18,[2 8],23,113,131,90,108
1,<environment.Job instance at 0x148565f5e190>,24,18,[13  2],25,123,141,98,123
1,<environment.Job instance at 0x148565ef2cd0>,25,19,[ 1 11],26,132,151,106,132
1,<environment.Job instance at 0x148565ef2370>,28,22,[7 1],29,141,163,112,134
1,<environment.Job instance at 0x148565ef2140>,30,18,[12  1],31,163,181,132,152
1,<environment.Job instance at 0x148565ef2410>,31,20,[14  2],32,181,201,149,173
1,<environment.Job instance at 0x148565f5e050>,15,21,[ 2 14],16,216,237,200,216
1,<environment.Job instance at 0x148565ef2050>,34,23,[11  2],35,237,260,202,232
1,<environment.Job instance at 0x1485658fcbe0>,0,2,[12  2],1,260,262,259,244
1,<environment.Job instance at 0x148565ef2c80>,38,20,[12  2],39,262,282,223,257
1,<environment.Job instance at 0x148565ef2960>,40,18,[2 6],41,257,275,216,257
1,<environment.Job instance at 0x148565ef2e60>,41,22,[11  1],42,282,304,240,275
1,<environment.Job instance at 0x148565ef22d0>,42,17,[1 9],43,276,293,233,276
1,<environment.Job instance at 0x148565a6e640>,3,15,[13  1],4,304,319,300,290
1,<environment.Job instance at 0x148565ef2fa0>,45,21,[11  2],46,319,340,273,312
1,<environment.Job instance at 0x148565ef2820>,46,28,[2 5],47,312,340,265,312
1,<environment.Job instance at 0x148565f63550>,48,28,[12  2],49,340,368,291,339
1,<environment.Job instance at 0x148565f630a0>,49,23,[1 9],50,340,363,290,340
1,<environment.Job instance at 0x148565ef2550>,27,17,[11  2],28,368,385,340,359
1,<environment.Job instance at 0x148565f63aa0>,51,21,[2 6],52,363,384,311,359
1,<environment.Job instance at 0x148565ef2d20>,44,14,[11  2],45,385,399,340,370
1,<environment.Job instance at 0x148565f63730>,56,21,[ 2 12],57,384,405,327,380
1,<environment.Job instance at 0x148565f63690>,54,16,[12  2],55,399,415,344,397
1,<environment.Job instance at 0x148565f63cd0>,58,18,[ 2 14],59,415,433,356,414
1,<environment.Job instance at 0x148565f635a0>,50,17,[ 1 11],51,437,454,386,437
1,<environment.Job instance at 0x148565f637d0>,60,14,[14  2],61,457,471,396,457
1,<environment.Job instance at 0x148565f63fa0>,61,25,[1 8],62,458,483,396,458
1,<environment.Job instance at 0x148565f63eb0>,57,3,[ 1 13],58,488,491,430,488
1,<environment.Job instance at 0x148565f2faa0>,62,3,[14  1],63,489,492,426,489
1,<environment.Job instance at 0x148565f2fcd0>,64,23,[ 1 12],65,491,514,426,489
1,<environment.Job instance at 0x148565f2f4b0>,65,22,[10  1],66,492,514,426,489
1,<environment.Job instance at 0x148565f2f550>,66,1,[ 1 12],67,514,515,447,491
1,<environment.Job instance at 0x148565f2ff50>,67,24,[1 6],68,515,539,447,510
1,<environment.Job instance at 0x148565f2fd70>,68,20,[8 1],69,514,534,445,514
1,<environment.Job instance at 0x148565f5b6e0>,69,26,[7 2],70,534,560,464,531
1,<environment.Job instance at 0x148565f5b3c0>,71,27,[11  1],72,560,587,488,558
1,<environment.Job instance at 0x148565f5b320>,72,14,[1 6],73,569,583,496,569
1,<environment.Job instance at 0x148565f5b7d0>,73,25,[9 2],74,587,612,513,583
1,<environment.Job instance at 0x148565f5b640>,74,18,[ 1 14],75,616,634,541,616
1,<environment.Job instance at 0x148565f5b8c0>,75,27,[13  1],76,616,643,540,616
1,<environment.Job instance at 0x148565f5bfa0>,76,1,[13  1],77,643,644,566,641
1,<environment.Job instance at 0x148565f5b230>,77,26,[12  2],78,644,670,566,641
1,<environment.Job instance at 0x148565f5baa0>,78,25,[12  2],79,670,695,591,666
1,<environment.Job instance at 0x148565f5bc30>,79,23,[9 1],80,695,718,615,689
1,<environment.Job instance at 0x148565f5baf0>,80,24,[2 7],81,690,714,609,690
1,<environment.Job instance at 0x148565f5b2d0>,81,19,[ 1 12],82,722,741,640,722
1,<environment.Job instance at 0x148565f5b370>,82,1,[2 5],83,741,742,658,724
1,<environment.Job instance at 0x148565f5b500>,83,13,[14  2],84,742,755,658,739
1,<environment.Job instance at 0x148565f5bbe0>,84,24,[2 8],85,755,779,670,750
1,<environment.Job instance at 0x148565e92320>,85,27,[9 1],86,755,782,669,753
1,<environment.Job instance at 0x148565e98d20>,86,21,[2 7],87,779,800,692,775
1,<environment.Job instance at 0x148565e92af0>,87,1,[8 1],88,790,791,702,790
1,<environment.Job instance at 0x148565f2f2d0>,63,3,[ 2 13],64,800,803,736,799
1,<environment.Job instance at 0x148565e98230>,89,24,[5 1],90,800,824,710,800
1,<environment.Job instance at 0x148565f632d0>,59,16,[ 2 13],60,808,824,748,808
1,<environment.Job instance at 0x148565e98a00>,92,18,[ 2 14],93,824,842,731,813
1,<environment.Job instance at 0x1485888c5190>,90,15,[ 2 12],91,842,857,751,831
1,<environment.Job instance at 0x148565e98f50>,94,27,[6 1],95,832,859,737,832
1,<environment.Job instance at 0x148565e98500>,93,19,[ 1 11],94,857,876,763,847
1,<environment.Job instance at 0x1485842e6f50>,101,26,[7 1],102,858,884,756,858
1,<environment.Job instance at 0x148588f64af0>,102,28,[2 6],103,876,904,773,875
1,<environment.Job instance at 0x1485873329b0>,103,28,[1 7],104,876,904,772,875
1,<environment.Job instance at 0x148588f5a690>,104,20,[8 1],105,884,904,779,878
1,<environment.Job instance at 0x1485842e60f0>,100,17,[11  1],101,904,921,803,897
1,<environment.Job instance at 0x148588f605f0>,106,25,[12  1],107,921,946,814,917
1,<environment.Job instance at 0x148588f60b40>,107,26,[13  1],108,946,972,838,943
1,<environment.Job instance at 0x14858a30f780>,105,18,[2 8],106,958,976,852,958
1,<environment.Job instance at 0x14858d7e1a00>,108,13,[14  1],109,977,990,868,977
1,<environment.Job instance at 0x148565ef2aa0>,39,2,[ 1 11],40,1006,1008,966,1006
1,<environment.Job instance at 0x148565ef2f50>,32,15,[ 1 13],33,1008,1023,975,1007
1,<environment.Job instance at 0x148565e98f00>,88,15,[ 1 14],89,1046,1061,957,1046
1,<environment.Job instance at 0x148589541e10>,0,22,[14  2],1,1,23,0,1
1,<environment.Job instance at 0x148589541870>,6,24,[6 2],7,23,47,16,18
1,<environment.Job instance at 0x148589541550>,4,20,[12  1],5,47,67,42,39
1,<environment.Job instance at 0x148589541780>,11,1,[13  2],12,67,68,55,39
1,<environment.Job instance at 0x148588fdd780>,12,28,[1 9],13,39,67,26,39
1,<environment.Job instance at 0x1485895410f0>,1,3,[12  2],2,68,71,66,49
1,<environment.Job instance at 0x148588fdddc0>,15,21,[9 1],16,71,92,55,63
1,<environment.Job instance at 0x148588fdda50>,18,28,[5 1],19,72,100,53,72
1,<environment.Job instance at 0x148588fdd500>,19,1,[8 1],20,92,93,72,78
1,<environment.Job instance at 0x148588fddb90>,20,24,[ 2 10],21,92,116,71,87
1,<environment.Job instance at 0x148588fddbe0>,16,21,[12  1],17,100,121,83,92
1,<environment.Job instance at 0x148588fddd70>,21,20,[11  1],22,121,141,99,112
1,<environment.Job instance at 0x1485895412d0>,5,21,[13  1],6,141,162,135,136
1,<environment.Job instance at 0x148589541190>,2,3,[11  1],3,162,165,159,137
1,<environment.Job instance at 0x148588fdd050>,27,25,[13  1],28,165,190,137,161
1,<environment.Job instance at 0x148588fdd550>,28,1,[2 8],29,162,163,133,162
1,<environment.Job instance at 0x148588fdd190>,31,1,[ 1 14],32,170,171,138,170
1,<environment.Job instance at 0x1485873829b0>,32,21,[ 1 13],33,171,192,138,171
1,<environment.Job instance at 0x148588fdd2d0>,22,15,[ 1 13],23,192,207,169,189
1,<environment.Job instance at 0x148588fdd5a0>,29,23,[11  2],30,216,239,186,216
1,<environment.Job instance at 0x148588fddc80>,24,13,[14  2],25,239,252,214,230
1,<environment.Job instance at 0x148589884550>,38,24,[7 2],39,252,276,213,247
1,<environment.Job instance at 0x148589884410>,39,25,[11  1],40,276,301,236,273
1,<environment.Job instance at 0x148589884500>,40,19,[2 7],41,275,294,234,275
1,<environment.Job instance at 0x1485898840f0>,41,2,[11  1],42,301,303,259,289
1,<environment.Job instance at 0x148587382eb0>,37,28,[14  1],38,303,331,265,303
1,<environment.Job instance at 0x148587382140>,34,16,[14  1],35,331,347,296,321
1,<environment.Job instance at 0x14858f7ecaa0>,45,28,[11  2],46,347,375,301,346
1,<environment.Job instance at 0x14858f7ec870>,46,24,[ 2 13],47,347,371,300,346
1,<environment.Job instance at 0x148587382370>,35,3,[ 2 13],36,371,374,335,368
1,<environment.Job instance at 0x14858f7ec6e0>,48,22,[5 2],49,375,397,326,371
1,<environment.Job instance at 0x14858f7eccd0>,49,23,[2 9],50,374,397,324,373
1,<environment.Job instance at 0x14858f7eca00>,51,19,[2 7],52,397,416,345,387
1,<environment.Job instance at 0x14858f7ec780>,52,28,[ 2 10],53,416,444,363,415
1,<environment.Job instance at 0x14858f7ec690>,43,16,[11  2],44,415,431,371,415
1,<environment.Job instance at 0x14858f7ec320>,56,16,[2 5],57,431,447,374,420
1,<environment.Job instance at 0x148586eefd20>,57,21,[13  1],58,444,465,386,436
1,<environment.Job instance at 0x148589541dc0>,10,17,[ 2 12],11,447,464,436,443
1,<environment.Job instance at 0x148586eef140>,62,28,[2 5],63,464,492,401,464
1,<environment.Job instance at 0x148586eef550>,63,27,[ 1 12],64,492,519,428,490
1,<environment.Job instance at 0x148586eefa50>,64,23,[ 1 13],65,519,542,454,513
1,<environment.Job instance at 0x148586eef730>,65,21,[11  2],66,513,534,447,513
1,<environment.Job instance at 0x148586eefb40>,67,1,[1 5],68,542,543,474,529
1,<environment.Job instance at 0x148586eef780>,68,28,[5 2],69,534,562,465,533
1,<environment.Job instance at 0x148586eef820>,69,27,[11  1],70,562,589,492,560
1,<environment.Job instance at 0x148586eeffa0>,71,19,[2 5],72,577,596,505,577
1,<environment.Job instance at 0x148586eefdc0>,59,3,[ 2 13],60,596,599,536,580
1,<environment.Job instance at 0x14858f7ece10>,47,17,[ 2 12],48,599,616,551,597
1,<environment.Job instance at 0x14858c164c30>,73,1,[12  1],74,607,608,533,607
1,<environment.Job instance at 0x14858c164b40>,72,14,[11  1],73,608,622,535,607
1,<environment.Job instance at 0x14858c164d70>,77,27,[ 2 10],78,616,643,538,614
1,<environment.Job instance at 0x14858c164320>,78,28,[ 2 14],79,643,671,564,642
1,<environment.Job instance at 0x14858e16d550>,80,27,[11  1],81,642,669,561,642
1,<environment.Job instance at 0x14858e16dc30>,83,28,[2 8],84,671,699,587,670
1,<environment.Job instance at 0x14858e16d640>,84,28,[7 1],85,670,698,585,670
1,<environment.Job instance at 0x14858e16d2d0>,85,3,[14  2],86,699,702,613,674
1,<environment.Job instance at 0x14858e16da50>,88,24,[8 1],89,702,726,613,697
1,<environment.Job instance at 0x14858e16dcd0>,89,24,[ 1 14],90,702,726,612,697
1,<environment.Job instance at 0x1485873d1a00>,94,28,[1 9],95,726,754,631,725
1,<environment.Job instance at 0x14858e16d730>,86,18,[12  2],87,728,746,641,728
1,<environment.Job instance at 0x148587364690>,97,18,[11  1],98,746,764,648,737
1,<environment.Job instance at 0x148587364fa0>,98,28,[7 2],99,764,792,665,763
1,<environment.Job instance at 0x148587364870>,99,25,[ 1 14],100,792,817,692,788
1,<environment.Job instance at 0x148587364f00>,102,1,[8 1],103,806,807,703,806
1,<environment.Job instance at 0x148587364370>,100,20,[ 2 13],101,817,837,716,808
1,<environment.Job instance at 0x1485895867d0>,106,27,[ 2 12],107,837,864,730,835
1,<environment.Job instance at 0x148589586cd0>,107,20,[11  1],108,847,867,739,847
1,<environment.Job instance at 0x148586eef6e0>,58,18,[ 2 12],59,864,882,805,853
1,<environment.Job instance at 0x14858f7ec280>,44,2,[ 1 11],45,882,884,837,869
1,<environment.Job instance at 0x148589586f50>,108,22,[ 2 11],109,884,906,775,877
1,<environment.Job instance at 0x14858c164870>,75,14,[ 1 13],76,1010,1024,934,1010
1,<environment.Job instance at 0x14858e1c8460>,0,23,[8 1],1,2,25,1,2
1,<environment.Job instance at 0x148588dc5a00>,4,26,[9 2],5,25,51,20,22
1,<environment.Job instance at 0x148588dc5aa0>,9,28,[ 1 11],10,22,50,12,22
1,<environment.Job instance at 0x148588dc5050>,3,20,[ 1 12],4,50,70,46,42
1,<environment.Job instance at 0x148588dc5370>,16,25,[5 2],17,51,76,34,47
1,<environment.Job instance at 0x148588dc5870>,17,23,[14  2],18,76,99,58,70
1,<environment.Job instance at 0x148588dc5460>,15,1,[ 2 11],16,99,100,83,88
1,<environment.Job instance at 0x148588dc5640>,14,22,[14  2],15,100,122,85,93
1,<environment.Job instance at 0x148588dc5a50>,19,3,[14  1],20,122,125,102,116
1,<environment.Job instance at 0x148588e83be0>,24,25,[14  1],25,125,150,100,121
1,<environment.Job instance at 0x148588e830a0>,28,2,[ 1 14],29,136,138,107,136
1,<environment.Job instance at 0x148588e83780>,26,21,[ 1 11],27,138,159,111,136
1,<environment.Job instance at 0x148588e833c0>,30,24,[5 2],31,150,174,119,146
1,<environment.Job instance at 0x148588e83960>,32,21,[1 6],33,159,180,126,151
1,<environment.Job instance at 0x14858c168690>,34,24,[2 9],35,174,198,139,169
1,<environment.Job instance at 0x14858c1680f0>,36,19,[7 1],37,180,199,143,170
1,<environment.Job instance at 0x148588e83eb0>,23,1,[11  2],24,205,206,181,205
1,<environment.Job instance at 0x14858c168be0>,38,14,[13  1],39,206,220,167,205
1,<environment.Job instance at 0x14858c1683c0>,42,26,[2 9],43,212,238,169,212
1,<environment.Job instance at 0x148589498410>,43,13,[13  1],44,231,244,187,231
1,<environment.Job instance at 0x148589498d20>,44,3,[14  2],45,244,247,199,243
1,<environment.Job instance at 0x1485894983c0>,45,20,[14  1],46,247,267,201,243
1,<environment.Job instance at 0x148589498500>,46,3,[13  2],47,267,270,220,246
1,<environment.Job instance at 0x148589498f00>,47,15,[1 9],48,247,262,199,247
1,<environment.Job instance at 0x148589498690>,48,23,[14  2],49,270,293,221,264
1,<environment.Job instance at 0x148589498cd0>,49,1,[ 1 12],50,286,287,236,286
1,<environment.Job instance at 0x148589498370>,50,24,[ 1 10],51,287,311,236,286
1,<environment.Job instance at 0x1485894986e0>,51,20,[2 7],52,311,331,259,302
1,<environment.Job instance at 0x148589498b90>,52,24,[ 1 11],53,331,355,278,326
1,<environment.Job instance at 0x148589498c30>,53,28,[2 7],54,355,383,301,354
1,<environment.Job instance at 0x14858c168050>,41,3,[ 2 11],42,383,386,341,383
1,<environment.Job instance at 0x1485888c9230>,54,18,[ 2 14],55,392,410,337,392
1,<environment.Job instance at 0x1485888c98c0>,57,24,[10  2],58,410,434,352,405
1,<environment.Job instance at 0x1485888c9280>,58,24,[8 1],59,434,458,375,430
1,<environment.Job instance at 0x1485888c92d0>,56,2,[11  2],57,458,460,401,431
1,<environment.Job instance at 0x1485888c9370>,60,25,[12  2],61,460,485,399,456
1,<environment.Job instance at 0x1485888c9e60>,61,28,[ 1 12],62,456,484,394,456
1,<environment.Job instance at 0x1485888c90f0>,59,19,[ 1 10],60,484,503,424,478
1,<environment.Job instance at 0x1485888c9410>,64,20,[10  2],65,485,505,420,479
1,<environment.Job instance at 0x1485888c9c80>,65,20,[11  2],66,505,525,439,498
1,<environment.Job instance at 0x1485888c99b0>,63,28,[ 2 10],64,504,532,440,504
1,<environment.Job instance at 0x1485888c9fa0>,69,21,[14  2],70,532,553,462,524
1,<environment.Job instance at 0x148589886af0>,70,20,[ 1 13],71,532,552,461,526
1,<environment.Job instance at 0x1485898867d0>,72,16,[ 2 12],73,553,569,480,547
1,<environment.Job instance at 0x148589886050>,73,27,[2 8],74,569,596,495,567
1,<environment.Job instance at 0x148589886640>,76,1,[ 2 13],77,596,597,519,577
1,<environment.Job instance at 0x148589886820>,75,2,[ 2 13],76,597,599,521,578
1,<environment.Job instance at 0x1485898865f0>,78,14,[8 2],79,578,592,499,578
1,<environment.Job instance at 0x148589886be0>,79,16,[5 2],80,585,601,505,585
1,<environment.Job instance at 0x148589886230>,80,1,[14  2],81,601,602,520,593
1,<environment.Job instance at 0x148589886e10>,81,27,[13  1],82,602,629,520,600
1,<environment.Job instance at 0x148589886460>,82,19,[ 2 12],83,603,622,520,603
1,<environment.Job instance at 0x148589871d70>,83,19,[1 5],84,622,641,538,621
1,<environment.Job instance at 0x148589871870>,84,1,[5 1],85,629,630,544,621
1,<environment.Job instance at 0x148589871370>,85,23,[2 6],86,629,652,543,623
1,<environment.Job instance at 0x1485898717d0>,87,24,[6 1],88,629,653,541,629
1,<environment.Job instance at 0x148589871780>,88,25,[12  1],89,653,678,564,649
1,<environment.Job instance at 0x1485898712d0>,89,27,[5 2],90,678,705,588,676
1,<environment.Job instance at 0x148589871140>,90,23,[5 1],91,678,701,587,676
1,<environment.Job instance at 0x148588dc54b0>,10,12,[ 1 11],11,688,700,677,688
1,<environment.Job instance at 0x1485898715f0>,92,28,[ 1 12],93,700,728,607,699
1,<environment.Job instance at 0x148588d07190>,94,25,[11  2],95,718,743,623,718
1,<environment.Job instance at 0x148588d07eb0>,95,23,[ 1 14],96,743,766,647,737
1,<environment.Job instance at 0x148589886c30>,77,16,[12  1],78,784,800,706,784
1,<environment.Job instance at 0x148588d07910>,100,24,[ 2 12],101,789,813,688,789
1,<environment.Job instance at 0x148588d07140>,101,15,[11  2],102,803,818,701,803
1,<environment.Job instance at 0x148588d075a0>,103,24,[11  1],104,818,842,714,813
1,<environment.Job instance at 0x148588d07780>,105,24,[2 7],106,813,837,707,813
1,<environment.Job instance at 0x148588d07cd0>,108,20,[9 1],109,842,862,733,834
1,<environment.Job instance at 0x1485898719b0>,91,15,[ 1 14],92,841,856,749,841
1,<environment.Job instance at 0x148588e83b90>,33,15,[ 2 14],34,1081,1096,1047,1081
1,<environment.Job instance at 0x148588d07640>,97,12,[ 1 12],98,1904,1916,1806,1904
1,<environment.Job instance at 0x148588dc5b90>,7,17,[ 1 13],8,1916,1933,1908,1909
1,<environment.Job instance at 0x14858954f370>,1,24,[12  1],2,2,26,0,2
1,<environment.Job instance at 0x14858d86cf50>,3,28,[ 2 12],4,4,32,0,4
1,<environment.Job instance at 0x14858989ca00>,7,23,[9 2],8,26,49,18,20
1,<environment.Job instance at 0x148588da3aa0>,11,28,[12  1],12,49,77,37,48
1,<environment.Job instance at 0x14858d86cfa0>,5,20,[ 1 12],6,48,68,42,48
1,<environment.Job instance at 0x148588da3410>,15,22,[9 1],16,77,99,61,70
1,<environment.Job instance at 0x148588da35f0>,17,27,[14  2],18,99,126,81,97
1,<environment.Job instance at 0x148588da3dc0>,12,2,[ 1 11],13,119,121,106,119
1,<environment.Job instance at 0x14858989dfa0>,9,17,[ 2 14],10,133,150,123,133
1,<environment.Job instance at 0x148588da31e0>,21,18,[8 2],22,150,168,128,139
1,<environment.Job instance at 0x148588da3fa0>,19,2,[ 1 13],20,153,155,133,153
1,<environment.Job instance at 0x14858d8eb0a0>,23,25,[10  1],24,168,193,144,164
1,<environment.Job instance at 0x14858d8eb4b0>,24,24,[ 1 14],25,168,192,143,164
1,<environment.Job instance at 0x14858d8eb370>,26,1,[14  1],27,193,194,166,177
1,<environment.Job instance at 0x14858d8eb460>,27,28,[6 1],28,194,222,166,193
1,<environment.Job instance at 0x14858d8eb5a0>,28,20,[ 1 11],29,194,214,165,194
1,<environment.Job instance at 0x14858d8eb640>,29,27,[2 6],30,214,241,184,212
1,<environment.Job instance at 0x14858d8eb6e0>,30,26,[8 1],31,222,248,191,219
1,<environment.Job instance at 0x14858d8eb0f0>,22,18,[ 1 11],23,241,259,218,236
1,<environment.Job instance at 0x14858d8eb8c0>,33,2,[2 9],34,259,261,225,241
1,<environment.Job instance at 0x14858d8eb960>,34,21,[ 2 14],35,261,282,226,253
1,<environment.Job instance at 0x14858d8eba00>,35,22,[14  1],36,282,304,246,275
1,<environment.Job instance at 0x14858d8ebaa0>,36,22,[9 2],37,304,326,267,297
1,<environment.Job instance at 0x14858d8ebb40>,37,26,[6 2],38,304,330,266,301
1,<environment.Job instance at 0x14858d8ebc80>,39,3,[1 5],40,326,329,286,304
1,<environment.Job instance at 0x14858d8ebe60>,42,22,[14  2],43,330,352,287,323
1,<environment.Job instance at 0x14858d8eb140>,43,3,[12  2],44,352,355,308,332
1,<environment.Job instance at 0x14858d8eb050>,44,27,[ 2 14],45,355,382,310,353
1,<environment.Job instance at 0x148588faf1e0>,47,24,[12  2],48,382,406,334,377
1,<environment.Job instance at 0x148588faf550>,49,2,[ 2 11],50,408,410,358,408
1,<environment.Job instance at 0x148588faf5f0>,50,27,[10  2],51,408,435,357,408
1,<environment.Job instance at 0x148588faf500>,51,2,[ 1 13],52,422,424,370,422
1,<environment.Job instance at 0x148588faf5a0>,52,23,[11  2],53,435,458,382,429
1,<environment.Job instance at 0x148588faf640>,53,3,[ 1 12],54,454,457,400,454
1,<environment.Job instance at 0x148588faf6e0>,54,22,[10  1],55,458,480,403,454
1,<environment.Job instance at 0x148588faf9b0>,55,24,[ 2 14],56,458,482,402,454
1,<environment.Job instance at 0x148588fafa00>,57,2,[2 6],58,482,484,424,461
1,<environment.Job instance at 0x148588fafc30>,58,19,[ 2 10],59,484,503,425,474
1,<environment.Job instance at 0x148588faf3c0>,59,28,[7 1],60,480,508,420,479
1,<environment.Job instance at 0x148588fafbe0>,60,21,[ 1 14],61,503,524,442,495
1,<environment.Job instance at 0x148588fafc80>,62,26,[8 2],63,524,550,461,521
1,<environment.Job instance at 0x148588fafdc0>,63,22,[8 2],64,550,572,486,544
1,<environment.Job instance at 0x148588fafe10>,65,27,[7 1],66,546,573,480,546
1,<environment.Job instance at 0x148588faf960>,66,21,[ 2 12],67,572,593,505,564
1,<environment.Job instance at 0x148588fa9140>,67,27,[7 1],68,573,600,505,571
1,<environment.Job instance at 0x148588fa9370>,69,23,[8 2],70,593,616,523,588
1,<environment.Job instance at 0x148588fa9230>,70,23,[13  2],71,616,639,545,610
1,<environment.Job instance at 0x148588fa92d0>,72,23,[2 6],73,617,640,544,617
1,<environment.Job instance at 0x148588da3e60>,18,15,[ 1 12],19,640,655,621,633
1,<environment.Job instance at 0x148588fa9550>,74,28,[11  1],75,639,667,564,638
1,<environment.Job instance at 0x148588fa96e0>,76,22,[11  2],77,667,689,590,660
1,<environment.Job instance at 0x148588fa97d0>,77,28,[13  1],78,689,717,611,688
1,<environment.Job instance at 0x14858d86cb40>,0,16,[ 1 14],1,698,714,697,698
1,<environment.Job instance at 0x148588fa9500>,73,2,[12  2],74,743,745,669,743
1,<environment.Job instance at 0x148588fa9960>,80,24,[ 1 10],81,743,767,662,743
1,<environment.Job instance at 0x148588fa9a00>,81,28,[ 2 13],82,767,795,685,766
1,<environment.Job instance at 0x148588fa9aa0>,82,26,[ 1 14],83,795,821,712,792
1,<environment.Job instance at 0x148588fa9b40>,83,15,[11  1],84,799,814,715,799
1,<environment.Job instance at 0x148588fa9be0>,86,27,[8 2],87,821,848,734,819
1,<environment.Job instance at 0x148588fa9dc0>,87,1,[ 2 13],88,822,823,734,822
1,<environment.Job instance at 0x148588fa9f00>,88,25,[11  1],89,848,873,759,844
1,<environment.Job instance at 0x148588fa9fa0>,89,3,[12  1],90,887,890,797,887
1,<environment.Job instance at 0x148588fb60f0>,90,28,[14  2],91,890,918,799,889
1,<environment.Job instance at 0x148588fb6140>,92,27,[ 1 13],93,893,920,800,893
1,<environment.Job instance at 0x148588fb61e0>,93,23,[11  1],94,918,941,824,912
1,<environment.Job instance at 0x148588fb6410>,94,27,[13  1],95,941,968,846,939
1,<environment.Job instance at 0x148588fb6280>,96,3,[ 1 13],97,957,960,860,957
1,<environment.Job instance at 0x148588fb6730>,97,19,[9 1],98,968,987,870,958
1,<environment.Job instance at 0x148588fb6690>,98,15,[6 2],99,968,983,869,960
1,<environment.Job instance at 0x148588fb6500>,99,25,[ 1 12],100,983,1008,883,979
1,<environment.Job instance at 0x148588fb6820>,101,28,[ 2 13],102,1008,1036,906,1007
1,<environment.Job instance at 0x148588fb6b90>,104,26,[ 2 14],105,1036,1062,931,1033
1,<environment.Job instance at 0x148588fb6b40>,106,18,[12  1],107,1037,1055,930,1037
1,<environment.Job instance at 0x148588fb6d70>,107,2,[11  2],108,1062,1064,954,1055
1,<environment.Job instance at 0x148588fb6780>,108,28,[6 1],109,1064,1092,955,1064
1,<environment.Job instance at 0x148588fa9820>,78,16,[ 1 12],79,1083,1099,1004,1083
1,<environment.Job instance at 0x148588fa98c0>,79,14,[11  1],80,1130,1144,1050,1130
1,<environment.Job instance at 0x14858d8eb780>,31,12,[ 1 14],32,1182,1194,1150,1182
1,<environment.Job instance at 0x148588dc5b90>,6,12,[ 1 11],7,1197,1209,1190,1197
1,<environment.Job instance at 0x148584205be0>,0,23,[14  1],1,1,24,0,1
1,<environment.Job instance at 0x148590197780>,5,22,[ 2 10],6,24,46,18,18
1,<environment.Job instance at 0x14858e1f10a0>,10,18,[9 2],11,24,42,13,19
1,<environment.Job instance at 0x14858e19c960>,11,2,[ 2 13],12,46,48,34,42
1,<environment.Job instance at 0x1485841618c0>,15,21,[2 7],16,48,69,32,42
1,<environment.Job instance at 0x14858e1f1af0>,9,2,[ 2 14],10,69,71,59,47
1,<environment.Job instance at 0x14858956aaa0>,17,2,[1 8],18,59,61,41,59
1,<environment.Job instance at 0x14858956a550>,16,17,[ 2 11],17,75,92,58,75
1,<environment.Job instance at 0x14858956a370>,20,24,[8 2],21,75,99,54,75
1,<environment.Job instance at 0x14858e1f1d20>,12,15,[14  1],13,99,114,86,97
1,<environment.Job instance at 0x14858956a140>,21,19,[14  1],22,114,133,92,104
1,<environment.Job instance at 0x14858956ae10>,18,18,[12  2],19,133,151,114,124
1,<environment.Job instance at 0x1485878645a0>,28,27,[12  1],29,151,178,122,149
1,<environment.Job instance at 0x1485878642d0>,30,26,[ 2 14],31,151,177,120,149
1,<environment.Job instance at 0x148587864eb0>,32,24,[14  1],33,178,202,145,173
1,<environment.Job instance at 0x14858956ac30>,19,3,[ 1 13],20,193,196,173,193
1,<environment.Job instance at 0x148587864190>,35,1,[9 1],36,202,203,166,193
1,<environment.Job instance at 0x14858e1c63c0>,36,16,[11  1],37,214,230,177,214
1,<environment.Job instance at 0x14858e1c6640>,37,18,[13  2],38,230,248,192,223
1,<environment.Job instance at 0x14858e1c66e0>,39,25,[12  2],40,248,273,208,244
1,<environment.Job instance at 0x14858e1c6fa0>,40,23,[2 5],41,244,267,203,244
1,<environment.Job instance at 0x1485888dd5a0>,42,20,[7 2],43,273,293,230,264
1,<environment.Job instance at 0x148589478730>,44,1,[13  1],45,293,294,248,291
1,<environment.Job instance at 0x148589478280>,45,24,[14  1],46,294,318,248,291
1,<environment.Job instance at 0x1485894785a0>,46,19,[ 2 11],47,318,337,271,309
1,<environment.Job instance at 0x148589478c80>,47,24,[13  2],48,318,342,270,313
1,<environment.Job instance at 0x14858fb969b0>,50,24,[5 2],51,342,366,291,338
1,<environment.Job instance at 0x14858956a7d0>,23,2,[ 1 12],24,345,347,321,345
1,<environment.Job instance at 0x148589535050>,52,27,[5 1],53,345,372,292,345
1,<environment.Job instance at 0x148589535640>,53,27,[ 2 11],54,347,374,293,345
1,<environment.Job instance at 0x148589535f00>,54,28,[12  1],55,372,400,317,371
1,<environment.Job instance at 0x1485878643c0>,29,2,[ 1 14],30,374,376,344,373
1,<environment.Job instance at 0x148587435b40>,57,20,[13  2],58,400,420,342,392
1,<environment.Job instance at 0x148587435af0>,58,26,[9 2],59,420,446,361,417
1,<environment.Job instance at 0x148587864140>,34,1,[ 1 11],35,419,420,384,419
1,<environment.Job instance at 0x14858d8c8f00>,61,1,[5 1],62,420,421,358,420
1,<environment.Job instance at 0x14858d8c86e0>,62,1,[ 2 13],63,426,427,363,426
1,<environment.Job instance at 0x14858d8c8a50>,64,23,[ 1 10],65,427,450,362,427
1,<environment.Job instance at 0x14858d8c8eb0>,66,25,[2 5],67,446,471,379,442
1,<environment.Job instance at 0x14858d8c84b0>,67,1,[1 5],68,450,451,382,442
1,<environment.Job instance at 0x148587435280>,56,2,[ 1 11],57,471,473,414,451
1,<environment.Job instance at 0x14858d8c8960>,71,1,[8 1],72,458,459,386,458
1,<environment.Job instance at 0x14858989c0f0>,4,14,[14  1],5,471,485,466,465
1,<environment.Job instance at 0x14858d8c89b0>,69,20,[ 1 11],70,488,508,418,488
1,<environment.Job instance at 0x14858d8c8fa0>,75,3,[ 1 11],76,508,511,432,500
1,<environment.Job instance at 0x14858d8c8e10>,63,1,[14  1],64,503,504,439,503
1,<environment.Job instance at 0x14858e17f960>,79,3,[ 2 13],80,518,521,438,518
1,<environment.Job instance at 0x14858f780f00>,82,27,[ 1 11],83,521,548,438,521
1,<environment.Job instance at 0x14858e17f500>,83,2,[ 1 13],84,548,550,464,542
1,<environment.Job instance at 0x148588dee6e0>,84,28,[2 7],85,550,578,465,549
1,<environment.Job instance at 0x148588dee550>,88,28,[14  1],89,578,606,489,577
1,<environment.Job instance at 0x14858e160a50>,78,20,[ 2 14],79,606,626,527,600
1,<environment.Job instance at 0x14858e160be0>,76,2,[ 1 14],77,627,629,550,627
1,<environment.Job instance at 0x14858e17fdc0>,80,1,[13  2],81,629,630,548,627
1,<environment.Job instance at 0x148565a1b730>,97,3,[13  1],98,640,643,542,640
1,<environment.Job instance at 0x148565a1baa0>,98,23,[5 2],99,643,666,544,640
1,<environment.Job instance at 0x148588dee2d0>,94,1,[ 2 13],95,651,652,556,651
1,<environment.Job instance at 0x148588deeb40>,100,21,[8 2],101,657,678,556,657
1,<environment.Job instance at 0x1485895394b0>,101,21,[ 1 13],102,666,687,564,663
1,<environment.Job instance at 0x148589539fa0>,102,22,[11  2],103,678,700,575,672
1,<environment.Job instance at 0x148588deeb90>,99,23,[11  2],100,700,723,600,694
1,<environment.Job instance at 0x14856569bb40>,104,23,[1 8],105,694,717,589,694
1,<environment.Job instance at 0x14858434e0a0>,106,28,[10  2],107,723,751,616,722
1,<environment.Job instance at 0x148565f5a2d0>,107,28,[ 1 10],108,722,750,614,722
1,<environment.Job instance at 0x148589539500>,103,3,[ 1 12],104,756,759,652,756
1,<environment.Job instance at 0x1485898c1be0>,51,14,[ 2 12],52,759,773,707,756
1,<environment.Job instance at 0x148565f5a8c0>,108,12,[11  1],109,861,873,752,861
1,<environment.Job instance at 0x148588deeaf0>,93,2,[13  1],94,989,991,895,989
1,<environment.Job instance at 0x148588dee500>,92,13,[ 1 12],93,2223,2236,2130,2223
1,<environment.Job instance at 0x1485894e4780>,1,28,[10  2],2,2,30,0,2
1,<environment.Job instance at 0x1485894e41e0>,6,21,[1 6],7,8,29,1,8
1,<environment.Job instance at 0x1485894e4a50>,0,19,[11  2],1,35,54,34,35
1,<environment.Job instance at 0x1485894e4550>,11,25,[1 9],12,35,60,23,35
1,<environment.Job instance at 0x1485894e4d20>,10,3,[ 1 12],11,60,63,49,55
1,<environment.Job instance at 0x1485894e4320>,13,3,[1 6],14,63,66,49,61
1,<environment.Job instance at 0x1485901a1820>,14,26,[2 7],15,63,89,48,62
1,<environment.Job instance at 0x1485901a1460>,15,1,[ 1 14],16,89,90,73,82
1,<environment.Job instance at 0x1485894e4690>,7,25,[ 1 11],8,92,117,84,92
1,<environment.Job instance at 0x1485901a1910>,17,24,[14  1],18,99,123,81,99
1,<environment.Job instance at 0x1485901a1500>,16,2,[11  1],17,124,126,107,124
1,<environment.Job instance at 0x1485894e4870>,3,1,[ 1 11],4,153,154,149,153
1,<environment.Job instance at 0x1485901a1230>,19,16,[14  2],20,155,171,135,155
1,<environment.Job instance at 0x1485901a1a00>,12,16,[13  1],13,171,187,158,170
1,<environment.Job instance at 0x1485894e4d70>,4,13,[ 1 11],5,191,204,186,191
1,<environment.Job instance at 0x1485901a6eb0>,24,27,[11  1],25,191,218,166,191
1,<environment.Job instance at 0x1485901a6b40>,25,25,[2 6],26,204,229,178,202
1,<environment.Job instance at 0x1485901a64b0>,23,3,[ 2 13],24,229,232,205,214
1,<environment.Job instance at 0x1485901a6f50>,26,19,[ 2 11],27,232,251,205,222
1,<environment.Job instance at 0x1485901a6690>,28,24,[5 2],29,222,246,193,222
1,<environment.Job instance at 0x1485901a6500>,21,12,[ 1 13],22,285,297,263,285
1,<environment.Job instance at 0x1485901a6f00>,32,20,[12  2],33,286,306,253,286
1,<environment.Job instance at 0x1485901a6c30>,27,12,[ 2 12],28,297,309,269,296
1,<environment.Job instance at 0x1485901a6fa0>,31,14,[ 2 11],32,309,323,277,304
1,<environment.Job instance at 0x14858786fd70>,36,25,[13  1],37,307,332,270,307
1,<environment.Job instance at 0x14858786faa0>,37,22,[14  2],38,332,354,294,325
1,<environment.Job instance at 0x14858786f5a0>,40,21,[ 1 10],41,343,364,302,343
1,<environment.Job instance at 0x1485901a6be0>,33,2,[12  1],34,354,356,320,343
1,<environment.Job instance at 0x14858786f820>,42,3,[ 2 13],43,364,367,321,355
1,<environment.Job instance at 0x14858786f640>,43,26,[12  1],44,356,382,312,356
1,<environment.Job instance at 0x14858786f8c0>,46,22,[ 2 10],47,367,389,320,367
1,<environment.Job instance at 0x14858786feb0>,47,26,[ 2 14],48,389,415,341,386
1,<environment.Job instance at 0x14858786f0f0>,49,18,[5 2],50,415,433,365,406
1,<environment.Job instance at 0x14858786f460>,50,1,[12  2],51,433,434,382,411
1,<environment.Job instance at 0x14858786faf0>,51,22,[ 2 10],52,415,437,363,411
1,<environment.Job instance at 0x14858786f4b0>,54,26,[ 1 11],55,437,463,382,434
1,<environment.Job instance at 0x14858786fe10>,53,1,[ 2 12],54,463,464,409,463
1,<environment.Job instance at 0x14858786f690>,57,22,[7 1],58,464,486,406,464
1,<environment.Job instance at 0x148588f83460>,58,25,[ 1 12],59,464,489,405,464
1,<environment.Job instance at 0x148588f83dc0>,59,25,[12  1],60,486,511,426,482
1,<environment.Job instance at 0x148588f83230>,60,23,[13  2],61,511,534,450,506
1,<environment.Job instance at 0x148588eddf00>,62,1,[13  2],63,534,535,471,513
1,<environment.Job instance at 0x148588edd5a0>,63,28,[5 2],64,535,563,471,534
1,<environment.Job instance at 0x148588edd7d0>,64,28,[ 1 13],65,535,563,470,535
1,<environment.Job instance at 0x148588eddaf0>,66,26,[ 2 13],67,563,589,496,561
1,<environment.Job instance at 0x148588eddd70>,67,25,[11  1],68,563,588,495,561
1,<environment.Job instance at 0x14858e1f4c80>,70,27,[6 1],71,588,615,517,586
1,<environment.Job instance at 0x14858e1f43c0>,71,27,[1 7],72,589,616,517,587
1,<environment.Job instance at 0x14858e1f4b40>,72,22,[5 1],73,589,611,516,589
1,<environment.Job instance at 0x1485901a6960>,34,2,[11  1],35,640,642,605,640
1,<environment.Job instance at 0x14858e1f4f00>,76,21,[6 2],77,642,663,565,640
1,<environment.Job instance at 0x14858e1f4820>,77,24,[1 6],78,640,664,562,640
1,<environment.Job instance at 0x14858786f410>,56,15,[ 1 12],57,665,680,608,665
1,<environment.Job instance at 0x14858e1f4730>,80,20,[1 8],81,680,700,599,673
1,<environment.Job instance at 0x14858e1f4050>,81,22,[7 2],82,673,695,591,673
1,<environment.Job instance at 0x148565990f00>,85,21,[13  2],86,695,716,609,694
1,<environment.Job instance at 0x14858e1f40a0>,86,26,[1 7],87,700,726,613,697
1,<environment.Job instance at 0x14858e1f4870>,87,22,[5 1],88,716,738,628,709
1,<environment.Job instance at 0x14858d7f0730>,90,22,[ 1 11],91,726,748,635,722
1,<environment.Job instance at 0x1485654c3f50>,91,26,[8 1],92,722,748,630,722
1,<environment.Job instance at 0x148584289aa0>,92,2,[ 1 14],93,748,750,655,736
1,<environment.Job instance at 0x1485901a6640>,20,14,[ 1 13],21,751,765,730,751
1,<environment.Job instance at 0x1485654c3230>,95,23,[ 2 13],96,765,788,669,760
1,<environment.Job instance at 0x148565803280>,96,27,[ 1 14],97,788,815,691,786
1,<environment.Job instance at 0x148589604fa0>,97,19,[7 1],98,789,808,691,789
1,<environment.Job instance at 0x1485898bb550>,99,19,[12  1],100,808,827,708,798
1,<environment.Job instance at 0x148565970e60>,100,27,[ 1 10],101,815,842,714,813
1,<environment.Job instance at 0x148565970550>,101,27,[2 5],102,827,854,725,825
1,<environment.Job instance at 0x148565803140>,102,28,[ 1 12],103,854,882,751,853
1,<environment.Job instance at 0x14856589d410>,103,28,[2 8],104,882,910,778,881
1,<environment.Job instance at 0x1485655680f0>,104,1,[8 2],105,881,882,776,881
1,<environment.Job instance at 0x14858e1f4a50>,78,14,[12  2],79,956,970,877,956
1,<environment.Job instance at 0x148565854cd0>,107,18,[ 1 10],108,964,982,856,964
1,<environment.Job instance at 0x148565854190>,108,26,[ 1 11],109,982,1008,873,980
1,<environment.Job instance at 0x1485655685f0>,105,12,[ 2 12],106,1050,1062,944,1050
1,<environment.Job instance at 0x1485901a12d0>,18,14,[11  2],19,1074,1088,1055,1074
1,<environment.Job instance at 0x148565ef7aa0>,94,12,[ 2 14],95,1107,1119,1012,1107
1,<environment.Job instance at 0x14858e1f4640>,75,12,[ 2 13],76,1214,1226,1138,1214
1,<environment.Job instance at 0x148565a1b1e0>,1,28,[14  1],2,2,30,0,2
1,<environment.Job instance at 0x14856554b780>,4,25,[ 1 14],5,5,30,0,5
1,<environment.Job instance at 0x14858d8a9320>,12,19,[7 1],13,30,49,17,25
1,<environment.Job instance at 0x14856555a3c0>,13,20,[ 1 12],14,30,50,16,26
1,<environment.Job instance at 0x14858e1f4960>,2,24,[11  1],3,49,73,46,44
1,<environment.Job instance at 0x1485657d6140>,17,25,[ 2 14],18,53,78,35,53
1,<environment.Job instance at 0x14856555ac80>,11,20,[12  1],12,73,93,61,66
1,<environment.Job instance at 0x148565505690>,21,27,[ 2 10],22,79,106,57,79
1,<environment.Job instance at 0x14859011f050>,16,26,[12  1],17,93,119,76,90
1,<environment.Job instance at 0x14856554bf00>,8,21,[12  1],9,119,140,110,112
1,<environment.Job instance at 0x14858f746230>,24,20,[ 1 11],25,125,145,100,125
1,<environment.Job instance at 0x148565505500>,22,1,[ 1 12],23,145,146,122,142
1,<environment.Job instance at 0x148590292410>,28,3,[1 8],29,146,149,117,143
1,<environment.Job instance at 0x148590292320>,27,27,[1 5],28,146,173,118,145
1,<environment.Job instance at 0x14858e1c8f50>,30,28,[11  1],31,145,173,114,145
1,<environment.Job instance at 0x14858e1c8960>,32,21,[14  2],33,173,194,140,168
1,<environment.Job instance at 0x14856554b820>,9,2,[14  1],10,194,196,184,186
1,<environment.Job instance at 0x14858d81d780>,34,21,[14  1],35,196,217,161,188
1,<environment.Job instance at 0x148565b98230>,35,21,[8 2],36,217,238,181,211
1,<environment.Job instance at 0x14858730ddc0>,37,2,[13  1],38,238,240,200,216
1,<environment.Job instance at 0x14858c1685f0>,39,26,[2 5],40,217,243,177,216
1,<environment.Job instance at 0x148589598c30>,40,23,[13  2],41,240,263,199,234
1,<environment.Job instance at 0x148586eefd20>,42,22,[ 2 11],43,243,265,200,237
1,<environment.Job instance at 0x14858fbac410>,46,26,[ 2 10],47,265,291,218,262
1,<environment.Job instance at 0x148565505870>,23,15,[13  2],24,265,280,241,265
1,<environment.Job instance at 0x14858959ac80>,48,23,[1 9],49,291,314,242,285
1,<environment.Job instance at 0x1485841660f0>,50,1,[13  1],51,297,298,246,297
1,<environment.Job instance at 0x14858959a1e0>,47,19,[ 2 13],48,314,333,266,304
1,<environment.Job instance at 0x1485841668c0>,53,25,[ 1 12],54,333,358,279,329
1,<environment.Job instance at 0x148584166b40>,54,27,[5 2],55,329,356,274,329
1,<environment.Job instance at 0x14858d8e20a0>,38,16,[ 2 11],39,358,374,319,352
1,<environment.Job instance at 0x148565a14dc0>,56,27,[ 2 12],57,374,401,317,372
1,<environment.Job instance at 0x148565a14280>,57,27,[8 1],58,373,400,315,373
1,<environment.Job instance at 0x148565a146e0>,55,16,[12  1],56,400,416,344,388
1,<environment.Job instance at 0x148586eeff00>,43,21,[ 1 13],44,402,423,358,402
1,<environment.Job instance at 0x148565a14460>,59,20,[11  1],60,416,436,356,410
1,<environment.Job instance at 0x148565a14640>,58,20,[ 2 12],59,423,443,364,422
1,<environment.Job instance at 0x148565a14be0>,61,22,[13  2],62,436,458,374,430
1,<environment.Job instance at 0x148565a14a50>,64,26,[5 1],65,458,484,393,456
1,<environment.Job instance at 0x148565a14690>,62,1,[ 2 11],63,479,480,416,479
1,<environment.Job instance at 0x148565a14f00>,65,16,[11  2],66,484,500,418,480
1,<environment.Job instance at 0x148565eaf2d0>,66,19,[ 2 13],67,482,501,415,482
1,<environment.Job instance at 0x14858e211870>,69,2,[11  2],70,500,502,430,496
1,<environment.Job instance at 0x14858e211f50>,71,27,[13  2],72,502,529,430,500
1,<environment.Job instance at 0x14858e2110f0>,73,21,[ 2 13],74,515,536,441,515
1,<environment.Job instance at 0x14858e2111e0>,72,23,[7 2],73,529,552,456,524
1,<environment.Job instance at 0x14858e2113c0>,76,25,[13  2],77,552,577,475,548
1,<environment.Job instance at 0x14858e211780>,74,19,[13  1],75,577,596,502,569
1,<environment.Job instance at 0x14858e211320>,77,1,[14  1],78,596,597,518,569
1,<environment.Job instance at 0x148565819460>,81,3,[ 2 11],82,612,615,530,612
1,<environment.Job instance at 0x148565819f00>,83,1,[10  1],84,615,616,531,615
1,<environment.Job instance at 0x148565819a50>,84,23,[ 2 11],85,615,638,530,615
1,<environment.Job instance at 0x1485658190a0>,85,22,[9 1],86,616,638,530,615
1,<environment.Job instance at 0x148565819140>,88,1,[13  2],89,638,639,549,628
1,<environment.Job instance at 0x14858e211730>,80,3,[ 1 11],81,640,643,559,640
1,<environment.Job instance at 0x148565819c80>,90,21,[2 5],91,643,664,552,640
1,<environment.Job instance at 0x148565819230>,89,2,[ 1 11],90,664,666,574,653
1,<environment.Job instance at 0x1485658196e0>,93,24,[ 1 14],94,666,690,572,661
1,<environment.Job instance at 0x1485898a02d0>,94,18,[13  2],95,690,708,595,687
1,<environment.Job instance at 0x148565819190>,91,19,[ 1 11],92,698,717,606,698
1,<environment.Job instance at 0x1485898a0b40>,97,20,[7 1],98,708,728,610,703
1,<environment.Job instance at 0x1485898a0d20>,96,25,[9 2],97,728,753,631,724
1,<environment.Job instance at 0x1485898a0f00>,99,18,[1 9],100,724,742,624,724
1,<environment.Job instance at 0x1485898a09b0>,101,27,[11  2],102,753,780,651,751
1,<environment.Job instance at 0x1485898a08c0>,102,1,[5 1],103,751,752,648,751
1,<environment.Job instance at 0x1485898a0410>,104,25,[8 2],105,780,805,675,778
1,<environment.Job instance at 0x1485898a0230>,105,19,[13  1],106,805,824,699,798
1,<environment.Job instance at 0x1485898a0f50>,106,27,[14  2],107,824,851,717,822
1,<environment.Job instance at 0x1485898a05a0>,108,1,[2 9],109,851,852,742,828
1,<environment.Job instance at 0x1485898a06e0>,98,14,[11  1],99,851,865,752,844
1,<environment.Job instance at 0x14858e211aa0>,70,17,[ 1 12],71,869,886,798,869
1,<environment.Job instance at 0x148565505410>,19,3,[ 2 14],20,892,895,872,892
1,<environment.Job instance at 0x148584166690>,51,12,[ 1 14],52,895,907,843,892
1,<environment.Job instance at 0x148588d11550>,1,27,[6 1],2,2,29,0,2
1,<environment.Job instance at 0x1485894bbe60>,0,22,[6 1],1,2,24,1,2
1,<environment.Job instance at 0x14858406b2d0>,4,2,[ 1 13],5,16,18,11,16
1,<environment.Job instance at 0x14858e1905a0>,8,19,[14  2],9,29,48,20,24
1,<environment.Job instance at 0x14856564b0f0>,6,3,[14  1],7,48,51,41,29
1,<environment.Job instance at 0x14858e190960>,12,19,[7 1],13,51,70,38,42
1,<environment.Job instance at 0x148584046910>,14,22,[1 7],15,45,67,30,45
1,<environment.Job instance at 0x148584046d70>,15,19,[9 2],16,70,89,54,60
1,<environment.Job instance at 0x148584046a50>,16,28,[2 9],17,67,95,50,66
1,<environment.Job instance at 0x14859017d820>,17,23,[ 2 10],18,95,118,77,89
1,<environment.Job instance at 0x1485840465f0>,18,25,[1 8],19,118,143,99,114
1,<environment.Job instance at 0x1485840460a0>,19,27,[ 1 12],20,143,170,123,141
1,<environment.Job instance at 0x148584046870>,20,2,[1 9],21,170,172,149,145
1,<environment.Job instance at 0x148584014eb0>,21,28,[12  2],22,145,173,123,145
1,<environment.Job instance at 0x148584046e60>,22,21,[8 1],23,173,194,150,168
1,<environment.Job instance at 0x148584014410>,23,28,[11  2],24,194,222,170,193
1,<environment.Job instance at 0x1485840144b0>,24,26,[2 9],25,194,220,169,194
1,<environment.Job instance at 0x1485895becd0>,26,1,[14  1],27,222,223,195,217
1,<environment.Job instance at 0x1485895be820>,27,20,[2 7],28,223,243,195,217
1,<environment.Job instance at 0x1485895be780>,28,26,[6 1],29,223,249,194,220
1,<environment.Job instance at 0x1485895bed20>,29,17,[ 1 11],30,243,260,213,240
1,<environment.Job instance at 0x1485895be140>,30,21,[10  2],31,249,270,218,241
1,<environment.Job instance at 0x1485895be2d0>,31,25,[9 1],32,270,295,238,266
1,<environment.Job instance at 0x1485895bef00>,32,19,[2 9],33,266,285,233,266
1,<environment.Job instance at 0x14858e190640>,13,13,[ 1 12],14,285,298,271,282
1,<environment.Job instance at 0x1485895be050>,35,18,[14  2],36,296,314,260,296
1,<environment.Job instance at 0x148587405410>,37,28,[6 2],38,314,342,276,313
1,<environment.Job instance at 0x148587405b90>,39,21,[1 5],40,316,337,276,316
1,<environment.Job instance at 0x148587405f50>,40,25,[ 1 11],41,337,362,296,333
1,<environment.Job instance at 0x148587405960>,38,2,[12  1],39,342,344,303,341
1,<environment.Job instance at 0x148587405460>,43,2,[ 2 11],44,362,364,318,344
1,<environment.Job instance at 0x148587405780>,42,2,[ 2 13],43,378,380,335,378
1,<environment.Job instance at 0x148587405730>,45,24,[1 7],46,380,404,334,378
1,<environment.Job instance at 0x148587405fa0>,46,22,[ 2 12],47,404,426,357,397
1,<environment.Job instance at 0x1485874055f0>,47,26,[10  2],48,397,423,349,397
1,<environment.Job instance at 0x1485888e8910>,5,16,[ 2 12],6,437,453,431,437
1,<environment.Job instance at 0x148584045640>,50,1,[2 9],51,453,454,402,440
1,<environment.Job instance at 0x14858e164b90>,51,19,[ 1 11],52,463,482,411,463
1,<environment.Job instance at 0x14858e164aa0>,52,1,[11  2],53,465,466,412,465
1,<environment.Job instance at 0x1485840df230>,53,2,[ 1 14],54,487,489,433,487
1,<environment.Job instance at 0x1485840df410>,54,1,[1 7],55,492,493,437,492
1,<environment.Job instance at 0x14858e17b410>,57,1,[1 9],58,496,497,438,496
1,<environment.Job instance at 0x14858e17b190>,59,25,[ 2 14],60,497,522,437,497
1,<environment.Job instance at 0x14858e17b140>,60,2,[2 7],61,522,524,461,500
1,<environment.Job instance at 0x14858e17b690>,62,23,[12  2],63,522,545,459,516
1,<environment.Job instance at 0x14858e17b0a0>,63,2,[1 8],64,524,526,460,521
1,<environment.Job instance at 0x14858413ee60>,64,3,[12  1],65,545,548,480,538
1,<environment.Job instance at 0x148587405d20>,44,13,[ 2 14],45,592,605,547,592
1,<environment.Job instance at 0x14858413eb40>,67,1,[ 1 10],68,605,606,537,599
1,<environment.Job instance at 0x1485654e3370>,68,21,[6 2],69,605,626,536,599
1,<environment.Job instance at 0x148584161370>,69,27,[ 2 11],70,606,633,536,604
1,<environment.Job instance at 0x148584161280>,70,20,[14  2],71,633,653,562,625
1,<environment.Job instance at 0x14858df23aa0>,71,26,[14  1],72,653,679,581,650
1,<environment.Job instance at 0x14858df23640>,73,25,[13  1],74,679,704,605,675
1,<environment.Job instance at 0x148565a91a00>,74,22,[1 9],75,675,697,600,675
1,<environment.Job instance at 0x148565a91dc0>,75,1,[ 2 11],76,697,698,621,680
1,<environment.Job instance at 0x148565a91eb0>,76,20,[7 2],77,704,724,627,695
1,<environment.Job instance at 0x148565ce2af0>,77,27,[14  1],78,724,751,646,722
1,<environment.Job instance at 0x148565ce2820>,78,19,[10  1],79,751,770,672,741
1,<environment.Job instance at 0x148588d49370>,79,3,[2 7],80,751,754,671,741
1,<environment.Job instance at 0x148588d490f0>,80,12,[11  1],81,770,782,689,767
1,<environment.Job instance at 0x148588d49b90>,81,13,[5 1],82,782,795,700,775
1,<environment.Job instance at 0x14858e15dd20>,82,27,[ 1 12],83,775,802,692,775
1,<environment.Job instance at 0x14858e15d0a0>,83,26,[ 1 12],84,802,828,718,799
1,<environment.Job instance at 0x14858e15dfa0>,84,16,[12  2],85,828,844,743,828
1,<environment.Job instance at 0x1485654e1780>,85,17,[10  2],86,844,861,758,840
1,<environment.Job instance at 0x14858e15de60>,86,23,[6 1],87,861,884,774,855
1,<environment.Job instance at 0x14858e269af0>,87,3,[1 5],88,857,860,769,857
1,<environment.Job instance at 0x14858e2694b0>,88,1,[9 2],89,869,870,780,869
1,<environment.Job instance at 0x1485654c2cd0>,89,2,[11  2],90,884,886,794,870
1,<environment.Job instance at 0x14858e269dc0>,90,2,[ 2 13],91,877,879,786,877
1,<environment.Job instance at 0x1485654c2a00>,91,1,[ 2 11],92,886,887,794,886
1,<environment.Job instance at 0x1485654c2e10>,92,17,[2 7],93,887,904,794,886
1,<environment.Job instance at 0x1485654c2640>,93,3,[6 2],94,887,890,793,887
1,<environment.Job instance at 0x1485654c2e60>,94,24,[ 1 10],95,904,928,809,899
1,<environment.Job instance at 0x1485654c20a0>,95,22,[ 1 14],96,928,950,832,921
1,<environment.Job instance at 0x148588e4a370>,96,3,[ 1 12],97,950,953,853,926
1,<environment.Job instance at 0x148588e4af50>,97,22,[ 2 14],98,953,975,855,948
1,<environment.Job instance at 0x148588e4a820>,98,19,[ 2 10],99,975,994,876,970
1,<environment.Job instance at 0x14858e1a41e0>,99,25,[1 6],100,994,1019,894,991
1,<environment.Job instance at 0x14858e1a4730>,100,23,[ 2 14],101,1019,1042,918,1013
1,<environment.Job instance at 0x14858e1a4230>,101,26,[ 1 12],102,1042,1068,940,1039
1,<environment.Job instance at 0x148565dfdfa0>,102,19,[ 2 14],103,1068,1087,965,1065
1,<environment.Job instance at 0x148565dfd230>,103,26,[5 2],104,1087,1113,983,1084
1,<environment.Job instance at 0x148565dfd870>,105,12,[1 5],106,1095,1107,989,1095
1,<environment.Job instance at 0x148565dfd050>,106,27,[6 1],107,1095,1122,988,1095
1,<environment.Job instance at 0x148565dfdaf0>,107,22,[6 2],108,1113,1135,1005,1106
1,<environment.Job instance at 0x148565dfda00>,108,3,[ 1 13],109,1125,1128,1016,1125
1,<environment.Job instance at 0x148588ed2460>,65,16,[ 2 14],66,1267,1283,1201,1267
1,<environment.Job instance at 0x14858e1646e0>,48,14,[ 2 14],49,2177,2191,2128,2177
1,<environment.Job instance at 0x148584166e60>,3,13,[12  2],4,2220,2233,2216,2220
1,<environment.Job instance at 0x148565a900f0>,2,20,[6 1],3,3,23,0,3
1,<environment.Job instance at 0x148565ea8690>,4,23,[5 2],5,5,28,0,5
1,<environment.Job instance at 0x148565ea81e0>,7,26,[1 9],8,9,35,1,9
1,<environment.Job instance at 0x1485873c6cd0>,10,27,[1 7],11,35,62,24,33
1,<environment.Job instance at 0x1485873c6dc0>,15,21,[10  2],16,34,55,18,34
1,<environment.Job instance at 0x1485873c6b90>,17,26,[11  1],18,55,81,37,53
1,<environment.Job instance at 0x148584136500>,18,24,[ 1 13],19,62,86,43,57
1,<environment.Job instance at 0x148584136b90>,19,26,[ 1 10],20,86,112,66,83
1,<environment.Job instance at 0x1485873c6140>,16,19,[ 2 14],17,112,131,95,103
1,<environment.Job instance at 0x1485841368c0>,22,25,[9 1],23,107,132,84,107
1,<environment.Job instance at 0x148584136d20>,21,26,[ 2 13],22,131,157,109,128
1,<environment.Job instance at 0x148584136640>,23,2,[13  1],24,147,149,123,147
1,<environment.Job instance at 0x1485841364b0>,26,1,[12  2],27,149,150,122,147
1,<environment.Job instance at 0x1485841360a0>,20,2,[14  2],21,157,159,136,150
1,<environment.Job instance at 0x148584136820>,28,23,[ 1 14],29,159,182,130,154
1,<environment.Job instance at 0x148565ea85f0>,5,3,[11  2],6,182,185,176,158
1,<environment.Job instance at 0x14858f78a410>,31,24,[1 9],32,182,206,150,177
1,<environment.Job instance at 0x1485841363c0>,27,19,[ 1 13],28,209,228,181,209
1,<environment.Job instance at 0x1485873c6370>,12,1,[ 1 12],13,228,229,215,210
1,<environment.Job instance at 0x14858f78a190>,32,3,[ 2 12],33,229,232,196,218
1,<environment.Job instance at 0x148584136960>,25,14,[12  1],26,220,234,194,220
1,<environment.Job instance at 0x14858f78a5a0>,37,28,[13  1],38,234,262,196,233
1,<environment.Job instance at 0x14858f78a320>,35,19,[1 5],36,233,252,197,233
1,<environment.Job instance at 0x14858f78af50>,33,16,[1 8],34,235,251,201,235
1,<environment.Job instance at 0x148565c4a870>,41,26,[ 2 11],42,252,278,210,249
1,<environment.Job instance at 0x148565c4a690>,43,24,[6 1],44,262,286,218,258
1,<environment.Job instance at 0x148565c4a410>,42,24,[ 2 11],43,278,302,235,273
1,<environment.Job instance at 0x148565c4a0f0>,44,16,[13  2],45,286,302,241,277
1,<environment.Job instance at 0x148588e15f00>,50,26,[8 2],51,302,328,251,299
1,<environment.Job instance at 0x148565c4a5f0>,51,24,[9 2],52,328,352,276,323
1,<environment.Job instance at 0x14858fbab500>,52,2,[ 2 12],53,341,343,288,341
1,<environment.Job instance at 0x14858fbabb90>,54,1,[ 2 10],55,343,344,288,341
1,<environment.Job instance at 0x14858fbab0a0>,53,1,[ 1 11],54,369,370,315,369
1,<environment.Job instance at 0x14858fbab5a0>,55,1,[ 1 12],56,429,430,373,429
1,<environment.Job instance at 0x14858fbab910>,57,2,[2 5],58,432,434,374,432
1,<environment.Job instance at 0x14858fbab410>,58,3,[ 2 13],59,499,502,440,499
1,<environment.Job instance at 0x14858fbabc30>,59,23,[ 1 13],60,502,525,442,500
1,<environment.Job instance at 0x14858fbab690>,56,1,[ 1 11],57,533,534,476,533
1,<environment.Job instance at 0x14858fbabe10>,61,28,[8 1],62,533,561,471,533
1,<environment.Job instance at 0x14858fbab370>,63,25,[12  2],64,561,586,497,557
1,<environment.Job instance at 0x14858fbab190>,60,17,[ 2 12],61,566,583,505,566
1,<environment.Job instance at 0x14858fbabaf0>,66,28,[9 1],67,586,614,519,585
1,<environment.Job instance at 0x148565c4abe0>,45,13,[12  1],46,614,627,568,598
1,<environment.Job instance at 0x14858fbaba00>,68,22,[1 7],69,598,620,529,598
1,<environment.Job instance at 0x14858fbabdc0>,67,14,[11  1],68,627,641,559,618
1,<environment.Job instance at 0x14858d803d20>,72,24,[13  2],73,641,665,568,636
1,<environment.Job instance at 0x14858d803410>,73,27,[8 1],74,665,692,591,663
1,<environment.Job instance at 0x14858d803730>,74,24,[7 1],75,665,689,590,663
1,<environment.Job instance at 0x14858d8038c0>,75,20,[8 1],76,692,712,616,683
1,<environment.Job instance at 0x14858d803460>,77,28,[ 1 13],78,689,717,611,688
1,<environment.Job instance at 0x14858d803c80>,78,28,[ 2 12],79,717,745,638,716
1,<environment.Job instance at 0x14858d803e10>,79,24,[11  1],80,716,740,636,716
1,<environment.Job instance at 0x148589039fa0>,81,2,[ 1 10],82,745,747,663,722
1,<environment.Job instance at 0x148589039d20>,82,26,[ 1 12],83,747,773,664,744
1,<environment.Job instance at 0x148589039370>,83,26,[11  2],84,744,770,660,744
1,<environment.Job instance at 0x148589039780>,84,27,[2 6],85,773,800,688,771
1,<environment.Job instance at 0x148589039af0>,85,2,[14  1],86,800,802,714,775
1,<environment.Job instance at 0x1485890392d0>,86,23,[ 2 10],87,802,825,715,796
1,<environment.Job instance at 0x14858d8034b0>,71,1,[ 1 12],72,800,801,728,796
1,<environment.Job instance at 0x148589039460>,87,19,[13  1],88,802,821,714,796
1,<environment.Job instance at 0x1485842f7230>,89,19,[ 2 12],90,825,844,735,821
1,<environment.Job instance at 0x1485842f72d0>,90,28,[ 2 10],91,844,872,753,843
1,<environment.Job instance at 0x1485842f7f00>,91,21,[2 6],92,872,893,780,864
1,<environment.Job instance at 0x1485890391e0>,88,1,[ 1 12],89,893,894,804,871
1,<environment.Job instance at 0x1485842f7b90>,94,21,[13  2],95,871,892,776,871
1,<environment.Job instance at 0x1485842f7a50>,95,25,[ 1 13],96,894,919,798,890
1,<environment.Job instance at 0x1485842f7f50>,96,25,[ 2 12],97,919,944,822,915
1,<environment.Job instance at 0x148565c4a9b0>,40,20,[ 1 13],41,944,964,903,936
1,<environment.Job instance at 0x1485842f73c0>,98,25,[6 1],99,944,969,845,944
1,<environment.Job instance at 0x1485842f76e0>,101,24,[14  2],102,969,993,867,964
1,<environment.Job instance at 0x1485842f77d0>,102,20,[11  2],103,993,1013,890,985
1,<environment.Job instance at 0x1485842f7780>,106,24,[ 2 14],107,1013,1037,906,1010
1,<environment.Job instance at 0x1485894bb230>,107,28,[9 1],108,1013,1041,905,1012
1,<environment.Job instance at 0x148584136460>,29,14,[ 1 12],30,1037,1051,1007,1025
1,<environment.Job instance at 0x1485842f70f0>,104,1,[ 1 11],105,1051,1052,946,1033
1,<environment.Job instance at 0x14858fbabcd0>,65,16,[ 2 13],66,1064,1080,998,1064
1,<environment.Job instance at 0x1485842f7550>,93,13,[ 1 14],94,1666,1679,1572,1666
1,<environment.Job instance at 0x148588de00a0>,0,24,[10  2],1,1,25,0,1
1,<environment.Job instance at 0x1485842f7550>,2,20,[2 9],3,4,24,1,4
1,<environment.Job instance at 0x14856597b280>,6,22,[11  2],7,25,47,18,18
1,<environment.Job instance at 0x1485888d5af0>,11,27,[ 2 14],12,47,74,35,46
1,<environment.Job instance at 0x14856597bcd0>,4,18,[14  1],5,74,92,69,67
1,<environment.Job instance at 0x1485888d5730>,10,22,[ 2 12],11,92,114,81,86
1,<environment.Job instance at 0x1485888d5be0>,15,18,[13  1],16,94,112,78,94
1,<environment.Job instance at 0x1485888d5280>,14,19,[ 1 13],15,114,133,99,109
1,<environment.Job instance at 0x1485888d5050>,17,19,[14  1],18,114,133,96,109
1,<environment.Job instance at 0x1485888d5870>,18,24,[ 1 14],19,133,157,114,128
1,<environment.Job instance at 0x1485888d52d0>,19,25,[11  2],20,157,182,137,153
1,<environment.Job instance at 0x1485888d5eb0>,20,16,[13  1],21,182,198,161,170
1,<environment.Job instance at 0x1485888d59b0>,21,23,[13  2],22,198,221,176,192
1,<environment.Job instance at 0x1485888d5370>,22,2,[ 2 14],23,221,223,198,202
1,<environment.Job instance at 0x1485888d5c30>,23,3,[ 2 12],24,216,219,192,216
1,<environment.Job instance at 0x1485888d5aa0>,24,26,[ 2 10],25,223,249,198,220
1,<environment.Job instance at 0x1485888d53c0>,25,3,[5 1],26,223,226,197,223
1,<environment.Job instance at 0x1485888d5320>,26,16,[11  2],27,226,242,199,225
1,<environment.Job instance at 0x1485888d54b0>,27,24,[2 7],28,249,273,221,244
1,<environment.Job instance at 0x1485888d5e10>,28,20,[ 2 13],29,273,293,244,264
1,<environment.Job instance at 0x148588de0af0>,1,13,[ 1 13],2,301,314,299,301
1,<environment.Job instance at 0x1485888d5c80>,29,12,[ 2 14],30,314,326,284,312
1,<environment.Job instance at 0x148565eed3c0>,32,27,[2 9],33,326,353,293,324
1,<environment.Job instance at 0x148565eede10>,33,19,[ 2 11],34,353,372,319,350
1,<environment.Job instance at 0x148565eed230>,34,28,[ 1 11],35,372,400,337,371
1,<environment.Job instance at 0x148565eedd70>,35,26,[2 8],36,400,426,364,397
1,<environment.Job instance at 0x14858f81a3c0>,37,23,[1 7],38,402,425,364,402
1,<environment.Job instance at 0x14858f81a0f0>,38,21,[14  2],39,426,447,387,418
1,<environment.Job instance at 0x14858f81a0a0>,39,20,[12  1],40,447,467,407,438
1,<environment.Job instance at 0x14858f81a730>,40,3,[11  1],41,467,470,426,461
1,<environment.Job instance at 0x14858f81acd0>,41,28,[ 2 13],42,461,489,419,461
1,<environment.Job instance at 0x148565eed4b0>,31,18,[13  2],32,470,488,438,469
1,<environment.Job instance at 0x14858f81af50>,46,21,[ 2 11],47,489,510,442,481
1,<environment.Job instance at 0x14858f81a870>,47,26,[2 6],48,510,536,462,507
1,<environment.Job instance at 0x14858f81ac30>,49,27,[1 9],50,510,537,460,508
1,<environment.Job instance at 0x14858f81a780>,50,23,[13  2],51,536,559,485,530
1,<environment.Job instance at 0x1485888d5780>,16,1,[14  2],17,559,560,542,535
1,<environment.Job instance at 0x148588e3d870>,56,23,[2 8],57,560,583,503,556
1,<environment.Job instance at 0x148588e3d690>,58,23,[8 1],59,560,583,501,556
1,<environment.Job instance at 0x14858f81a5a0>,48,17,[13  2],49,583,600,534,573
1,<environment.Job instance at 0x148588e3dbe0>,61,21,[14  1],62,600,621,538,592
1,<environment.Job instance at 0x148588e3dd20>,60,17,[14  1],61,631,648,570,631
1,<environment.Job instance at 0x1485840e2aa0>,63,20,[12  1],64,652,672,588,652
1,<environment.Job instance at 0x1485840e27d0>,66,28,[13  2],67,672,700,605,671
1,<environment.Job instance at 0x148588e3da00>,62,17,[ 2 14],63,700,717,637,688
1,<environment.Job instance at 0x148589562960>,69,19,[ 2 11],70,719,738,649,719
1,<environment.Job instance at 0x1485895629b0>,70,20,[ 1 12],71,738,758,667,738
1,<environment.Job instance at 0x148589562230>,71,28,[ 2 11],72,758,786,686,757
1,<environment.Job instance at 0x148589562730>,68,15,[11  2],69,776,791,707,776
1,<environment.Job instance at 0x148589562780>,72,1,[12  1],73,791,792,718,779
1,<environment.Job instance at 0x148589562910>,73,28,[6 2],74,792,820,718,791
1,<environment.Job instance at 0x1485895625f0>,75,2,[12  1],76,820,822,744,800
1,<environment.Job instance at 0x148589562190>,78,14,[11  2],79,854,868,775,854
1,<environment.Job instance at 0x1485895620a0>,81,3,[ 2 13],82,864,867,782,864
1,<environment.Job instance at 0x148589562320>,82,1,[11  1],83,868,869,785,865
1,<environment.Job instance at 0x148588e3dc80>,54,17,[ 1 12],55,867,884,812,866
1,<environment.Job instance at 0x148589562280>,83,19,[ 2 14],84,884,903,800,875
1,<environment.Job instance at 0x148589562050>,85,24,[11  2],86,903,927,817,898
1,<environment.Job instance at 0x148589562eb0>,86,20,[8 1],87,927,947,840,923
1,<environment.Job instance at 0x1485895622d0>,76,17,[ 1 12],77,935,952,858,935
1,<environment.Job instance at 0x148589562370>,84,19,[14  1],85,947,966,862,942
1,<environment.Job instance at 0x1485895628c0>,89,24,[8 2],90,966,990,876,961
1,<environment.Job instance at 0x14858d89d780>,92,26,[13  1],93,990,1016,897,987
1,<environment.Job instance at 0x14858d89d5f0>,93,24,[ 2 14],94,990,1014,896,988
1,<environment.Job instance at 0x14859018e7d0>,95,1,[ 2 14],96,1014,1015,918,1009
1,<environment.Job instance at 0x14859018ec30>,96,25,[ 1 14],97,1015,1040,918,1012
1,<environment.Job instance at 0x14858419c0f0>,98,26,[10  1],99,1016,1042,917,1013
1,<environment.Job instance at 0x14858419c280>,100,23,[9 2],101,1042,1065,941,1036
1,<environment.Job instance at 0x14858419c1e0>,102,24,[11  1],103,1065,1089,962,1060
1,<environment.Job instance at 0x14858419c870>,103,20,[ 2 10],104,1062,1082,958,1062
1,<environment.Job instance at 0x14858419c140>,104,13,[ 2 12],105,1083,1096,978,1083
1,<environment.Job instance at 0x148589562af0>,87,13,[14  2],88,1096,1109,1008,1089
1,<environment.Job instance at 0x14858419cc80>,106,18,[2 6],107,1109,1127,1002,1104
1,<environment.Job instance at 0x14858419c460>,108,2,[ 2 14],109,1127,1129,1018,1123
1,<environment.Job instance at 0x14858419c050>,105,17,[ 1 14],106,1180,1197,1074,1180
1,<environment.Job instance at 0x1485888d5460>,13,12,[ 1 12],14,1227,1239,1213,1227
1,<environment.Job instance at 0x1485895623c0>,88,2,[ 2 14],89,1267,1269,1178,1267
1,<environment.Job instance at 0x14856597b5f0>,12,12,[ 2 11],13,2429,2441,2416,2429
1,<environment.Job instance at 0x148565c81410>,0,24,[1 6],1,2,26,1,2
1,<environment.Job instance at 0x148565c81a50>,2,22,[8 1],3,3,25,0,3
1,<environment.Job instance at 0x1485888d5f00>,4,22,[2 6],5,6,28,1,6
1,<environment.Job instance at 0x148565aeb4b0>,6,1,[ 2 14],7,28,29,21,9
1,<environment.Job instance at 0x148565aeb050>,8,24,[ 1 12],9,29,53,20,24
1,<environment.Job instance at 0x148565ad3960>,11,22,[ 2 12],12,53,75,41,49
1,<environment.Job instance at 0x148565c815f0>,3,3,[ 1 11],4,75,78,71,51
1,<environment.Job instance at 0x148565aebfa0>,5,3,[14  1],6,75,78,69,57
1,<environment.Job instance at 0x148565ad2e10>,17,20,[5 1],18,78,98,60,72
1,<environment.Job instance at 0x148565ad2910>,20,23,[8 2],21,78,101,57,72
1,<environment.Job instance at 0x148565ad27d0>,21,27,[1 6],22,78,105,56,76
1,<environment.Job instance at 0x148565ad2320>,18,26,[9 1],19,101,127,82,98
1,<environment.Job instance at 0x148565ad3d70>,13,3,[11  2],14,127,130,113,106
1,<environment.Job instance at 0x148565ad29b0>,24,21,[6 1],25,130,151,105,122
1,<environment.Job instance at 0x148565ad2730>,25,27,[12  2],26,151,178,125,149
1,<environment.Job instance at 0x148565ad2cd0>,26,23,[ 1 13],27,149,172,122,149
1,<environment.Job instance at 0x1485655ea730>,30,1,[ 2 12],31,172,173,141,170
1,<environment.Job instance at 0x148586ed6500>,32,27,[13  1],33,178,205,145,176
1,<environment.Job instance at 0x14858736a230>,33,17,[ 2 12],34,182,199,148,182
1,<environment.Job instance at 0x148565ad2460>,23,3,[12  2],24,205,208,181,192
1,<environment.Job instance at 0x148587352050>,37,21,[13  2],38,208,229,170,201
1,<environment.Job instance at 0x148565ad3e60>,9,17,[14  2],10,230,247,220,230
1,<environment.Job instance at 0x148587378c30>,45,22,[6 1],46,247,269,201,241
1,<environment.Job instance at 0x148587378550>,46,25,[ 2 12],47,247,272,200,243
1,<environment.Job instance at 0x1485873450a0>,49,27,[2 9],50,272,299,222,270
1,<environment.Job instance at 0x148587345370>,50,25,[14  2],51,299,324,248,295
1,<environment.Job instance at 0x148565ae12d0>,51,13,[1 7],52,299,312,247,296
1,<environment.Job instance at 0x14858735fd20>,54,21,[11  1],55,324,345,269,316
1,<environment.Job instance at 0x14858735fe60>,56,16,[ 1 14],57,364,380,307,364
1,<environment.Job instance at 0x148565ad2640>,22,14,[ 2 12],23,386,400,363,386
1,<environment.Job instance at 0x1485873830f0>,58,24,[ 2 11],59,400,424,341,396
1,<environment.Job instance at 0x14858734c5a0>,43,3,[ 1 14],44,451,454,407,451
1,<environment.Job instance at 0x1485873830a0>,60,21,[ 1 13],61,454,475,393,452
1,<environment.Job instance at 0x1485873836e0>,63,21,[ 1 14],64,475,496,411,467
1,<environment.Job instance at 0x148587383a00>,59,16,[ 2 11],60,518,534,458,518
1,<environment.Job instance at 0x148587383820>,66,18,[ 1 10],67,534,552,467,527
1,<environment.Job instance at 0x1485873837d0>,67,19,[13  2],68,532,551,464,532
1,<environment.Job instance at 0x148587383870>,68,22,[ 2 14],69,552,574,483,546
1,<environment.Job instance at 0x148587383780>,69,25,[2 7],70,574,599,504,570
1,<environment.Job instance at 0x148587383c30>,70,21,[ 1 11],71,599,620,528,591
1,<environment.Job instance at 0x148565ad9820>,71,3,[2 6],72,594,597,522,594
1,<environment.Job instance at 0x148565ad9a00>,72,28,[2 7],73,620,648,547,619
1,<environment.Job instance at 0x148565ad98c0>,73,21,[14  2],74,648,669,574,640
1,<environment.Job instance at 0x148565ad9be0>,74,27,[8 1],75,669,696,594,667
1,<environment.Job instance at 0x148565ad9870>,75,3,[2 7],76,673,676,597,673
1,<environment.Job instance at 0x148565ad9cd0>,76,27,[ 1 13],77,676,703,599,674
1,<environment.Job instance at 0x148565ad9d20>,77,28,[9 2],78,696,724,618,696
1,<environment.Job instance at 0x148565ad9c80>,78,28,[ 2 12],79,703,731,624,702
1,<environment.Job instance at 0x148565ad9f50>,79,3,[6 1],80,724,727,644,723
1,<environment.Job instance at 0x148565ad9f00>,80,17,[13  1],81,727,744,646,727
1,<environment.Job instance at 0x148565ad9eb0>,81,22,[11  2],82,744,766,662,737
1,<environment.Job instance at 0x148565ad9e10>,82,15,[13  2],83,766,781,683,756
1,<environment.Job instance at 0x148565abf140>,83,1,[ 2 14],84,781,782,697,771
1,<environment.Job instance at 0x148565abf190>,84,1,[1 7],85,779,780,694,779
1,<environment.Job instance at 0x148565abf370>,85,3,[ 1 14],86,782,785,696,779
1,<environment.Job instance at 0x148565abf410>,86,26,[13  1],87,781,807,694,779
1,<environment.Job instance at 0x148565abf3c0>,87,22,[ 1 14],88,785,807,697,781
1,<environment.Job instance at 0x148565abf460>,88,20,[2 9],89,807,827,718,801
1,<environment.Job instance at 0x148565abf5f0>,89,28,[5 2],90,807,835,717,806
1,<environment.Job instance at 0x148587383b40>,65,14,[ 2 12],66,831,845,765,831
1,<environment.Job instance at 0x148565abf640>,91,3,[ 1 10],92,845,848,753,838
1,<environment.Job instance at 0x148565abf780>,93,24,[ 1 14],94,848,872,754,843
1,<environment.Job instance at 0x148565abf5a0>,90,16,[ 1 13],91,873,889,782,873
1,<environment.Job instance at 0x148565abfbe0>,98,3,[ 2 13],99,889,892,790,877
1,<environment.Job instance at 0x148565abf4b0>,99,20,[ 1 11],100,892,912,792,884
1,<environment.Job instance at 0x148565abf960>,96,1,[ 1 12],97,912,913,815,887
1,<environment.Job instance at 0x148565abfd70>,100,3,[11  1],101,907,910,806,907
1,<environment.Job instance at 0x148565abfeb0>,102,25,[14  2],103,910,935,807,907
1,<environment.Job instance at 0x148565abfc30>,104,23,[ 2 13],105,935,958,830,929
1,<environment.Job instance at 0x148565abff00>,105,27,[12  1],106,935,962,829,934
1,<environment.Job instance at 0x148565ada050>,106,26,[6 1],107,962,988,855,960
1,<environment.Job instance at 0x148565ada370>,108,26,[ 1 11],109,965,991,856,965
1,<environment.Job instance at 0x148565abfd20>,101,19,[ 2 13],102,1018,1037,916,1018
1,<environment.Job instance at 0x148586ed6f50>,36,15,[ 2 12],37,1063,1078,1026,1063
1,<environment.Job instance at 0x14858735feb0>,57,15,[ 2 14],58,1766,1781,1708,1766
1,<environment.Job instance at 0x148587347690>,41,13,[ 1 11],42,1868,1881,1826,1868
1,<environment.Job instance at 0x1485655daaa0>,1,24,[ 2 11],2,2,26,0,2
1,<environment.Job instance at 0x1485655dae60>,3,25,[12  2],4,4,29,0,4
1,<environment.Job instance at 0x148586ecde60>,9,22,[12  1],10,29,51,19,25
1,<environment.Job instance at 0x148586ecd5f0>,10,24,[ 1 14],11,29,53,18,25
1,<environment.Job instance at 0x148586ecdf00>,13,20,[14  2],14,53,73,39,49
1,<environment.Job instance at 0x148586ecd9b0>,12,19,[13  2],13,73,92,60,63
1,<environment.Job instance at 0x148586ecd280>,20,27,[7 2],21,92,119,71,90
1,<environment.Job instance at 0x148586ecdd70>,17,12,[ 2 11],18,106,118,88,106
1,<environment.Job instance at 0x1485873482d0>,22,16,[12  2],23,119,135,96,114
1,<environment.Job instance at 0x148586ecdaa0>,23,23,[2 8],24,118,141,94,114
1,<environment.Job instance at 0x148586ecd4b0>,15,22,[ 1 13],16,153,175,137,153
1,<environment.Job instance at 0x148587348dc0>,24,2,[ 1 14],25,175,177,150,157
1,<environment.Job instance at 0x148587348cd0>,26,2,[1 5],27,177,179,150,159
1,<environment.Job instance at 0x148587348190>,27,21,[13  1],28,160,181,132,160
1,<environment.Job instance at 0x148586ecde10>,18,13,[12  1],19,181,194,162,168
1,<environment.Job instance at 0x1485873483c0>,29,26,[ 2 13],30,179,205,149,177
1,<environment.Job instance at 0x148587348140>,30,20,[9 1],31,194,214,163,186
1,<environment.Job instance at 0x1485873485a0>,31,26,[2 9],32,205,231,173,202
1,<environment.Job instance at 0x148586ecd820>,21,16,[14  2],22,231,247,209,227
1,<environment.Job instance at 0x148587348e10>,33,2,[ 2 12],34,247,249,213,230
1,<environment.Job instance at 0x1485873486e0>,34,2,[12  2],35,247,249,212,230
1,<environment.Job instance at 0x148587348370>,35,23,[1 7],36,249,272,213,244
1,<environment.Job instance at 0x148587348410>,36,12,[1 8],37,249,261,212,247
1,<environment.Job instance at 0x148587348c30>,37,1,[7 1],38,261,262,223,250
1,<environment.Job instance at 0x148587348690>,38,26,[8 1],39,262,288,223,259
1,<environment.Job instance at 0x148587348550>,39,19,[6 2],40,261,280,221,260
1,<environment.Job instance at 0x148587348aa0>,40,2,[ 2 12],41,280,282,239,271
1,<environment.Job instance at 0x148587348820>,41,1,[11  2],42,288,289,246,275
1,<environment.Job instance at 0x148587348320>,28,12,[ 1 12],29,282,294,253,282
1,<environment.Job instance at 0x148586ecdcd0>,11,14,[ 1 11],12,294,308,282,283
1,<environment.Job instance at 0x148587347730>,43,2,[12  1],44,289,291,245,287
1,<environment.Job instance at 0x148587347230>,45,3,[11  2],46,291,294,245,289
1,<environment.Job instance at 0x1485873470f0>,46,23,[13  1],47,294,317,247,289
1,<environment.Job instance at 0x148587347460>,47,25,[ 2 14],48,308,333,260,304
1,<environment.Job instance at 0x148587347320>,48,27,[ 2 14],49,333,360,284,331
1,<environment.Job instance at 0x148587348f00>,25,2,[ 2 13],26,360,362,334,333
1,<environment.Job instance at 0x148587347870>,56,24,[ 2 13],57,362,386,305,357
1,<environment.Job instance at 0x148587347aa0>,58,2,[ 1 11],59,386,388,327,369
1,<environment.Job instance at 0x148587347690>,42,13,[ 2 14],43,388,401,345,379
1,<environment.Job instance at 0x148587347e10>,60,2,[ 1 11],61,401,403,340,380
1,<environment.Job instance at 0x148587347910>,59,25,[ 2 11],60,403,428,343,400
1,<environment.Job instance at 0x148587347b40>,62,27,[14  1],63,428,455,365,426
1,<environment.Job instance at 0x148587347b90>,61,2,[ 1 12],62,451,453,389,451
1,<environment.Job instance at 0x1485873473c0>,57,12,[13  2],58,456,468,398,456
1,<environment.Job instance at 0x1485873504b0>,64,3,[7 2],65,468,471,403,457
1,<environment.Job instance at 0x148587350fa0>,66,1,[1 6],67,457,458,390,457
1,<environment.Job instance at 0x148587347f50>,44,17,[ 2 13],45,459,476,414,459
1,<environment.Job instance at 0x148587350050>,71,2,[11  2],72,471,473,399,466
1,<environment.Job instance at 0x148587350eb0>,72,24,[ 2 10],73,476,500,403,471
1,<environment.Job instance at 0x148587350f50>,68,2,[ 2 13],69,500,502,431,492
1,<environment.Job instance at 0x148587350b40>,74,24,[1 9],75,502,526,427,497
1,<environment.Job instance at 0x148587350730>,75,22,[6 1],76,497,519,421,497
1,<environment.Job instance at 0x148587350dc0>,77,26,[ 2 14],78,526,552,448,523
1,<environment.Job instance at 0x1485873570f0>,81,27,[8 1],82,538,565,456,538
1,<environment.Job instance at 0x1485873572d0>,82,1,[2 6],83,552,553,469,548
1,<environment.Job instance at 0x148587350af0>,79,22,[2 5],80,552,574,472,548
1,<environment.Job instance at 0x148587357550>,84,24,[14  2],85,574,598,489,569
1,<environment.Job instance at 0x148587357e60>,85,25,[2 8],86,598,623,512,594
1,<environment.Job instance at 0x148587350910>,70,17,[12  1],71,598,615,527,595
1,<environment.Job instance at 0x148587357fa0>,90,27,[ 2 13],91,623,650,532,621
1,<environment.Job instance at 0x148587357cd0>,91,25,[6 2],92,621,646,529,621
1,<environment.Job instance at 0x148587357af0>,93,27,[ 2 13],94,650,677,556,648
1,<environment.Job instance at 0x148587357690>,94,20,[14  1],95,677,697,582,670
1,<environment.Job instance at 0x148587357a50>,95,25,[ 1 12],96,677,702,581,674
1,<environment.Job instance at 0x1485873573c0>,96,14,[13  1],97,697,711,600,687
1,<environment.Job instance at 0x148587357c30>,92,16,[13  2],93,711,727,618,708
1,<environment.Job instance at 0x148587357320>,98,24,[ 1 10],99,708,732,609,708
1,<environment.Job instance at 0x148587355a50>,99,20,[12  1],100,727,747,627,723
1,<environment.Job instance at 0x148587355eb0>,100,21,[ 1 12],101,732,753,631,732
1,<environment.Job instance at 0x148587355c30>,101,21,[14  1],102,747,768,645,739
1,<environment.Job instance at 0x148587355410>,102,22,[ 1 12],103,753,775,650,746
1,<environment.Job instance at 0x148587355f50>,104,23,[ 2 12],105,775,798,670,769
1,<environment.Job instance at 0x148587357410>,97,3,[ 2 13],98,798,801,700,773
1,<environment.Job instance at 0x148587355910>,107,26,[8 1],108,784,810,676,784
1,<environment.Job instance at 0x148587355190>,106,25,[ 1 11],107,801,826,694,797
1,<environment.Job instance at 0x148587357820>,83,18,[ 2 12],84,826,844,742,824
1,<environment.Job instance at 0x148587350aa0>,63,1,[ 1 14],64,844,845,780,832
1,<environment.Job instance at 0x148587348960>,32,13,[ 2 12],33,1117,1130,1084,1117
1,<environment.Job instance at 0x1485654f70a0>,0,24,[ 2 12],1,1,25,0,1
1,<environment.Job instance at 0x1485654f7e10>,2,26,[9 1],3,3,29,0,3
1,<environment.Job instance at 0x1485895dce10>,5,25,[12  1],6,29,54,23,25
1,<environment.Job instance at 0x1485895dc7d0>,8,28,[ 1 14],9,25,53,16,25
1,<environment.Job instance at 0x1485895dc050>,6,22,[ 2 11],7,53,75,46,48
1,<environment.Job instance at 0x148586ef8d20>,14,24,[ 2 14],15,75,99,60,70
1,<environment.Job instance at 0x148586ef8690>,16,27,[6 1],17,71,98,54,71
1,<environment.Job instance at 0x148586ef8b90>,15,20,[14  1],16,99,119,83,95
1,<environment.Job instance at 0x148586ef8af0>,13,27,[ 1 14],14,110,137,96,110
1,<environment.Job instance at 0x148586ef8e60>,17,28,[12  1],18,119,147,101,118
1,<environment.Job instance at 0x1485895f73c0>,19,21,[12  1],20,147,168,127,139
1,<environment.Job instance at 0x1485895f7640>,22,28,[ 1 11],23,139,167,116,139
1,<environment.Job instance at 0x148587348c80>,1,1,[ 2 14],2,167,168,165,145
1,<environment.Job instance at 0x1485895e3dc0>,27,17,[ 1 14],28,168,185,140,160
1,<environment.Job instance at 0x1485895f7eb0>,30,22,[13  2],31,185,207,154,179
1,<environment.Job instance at 0x148565868e10>,32,2,[ 2 14],33,207,209,174,191
1,<environment.Job instance at 0x148584047690>,33,22,[ 1 14],34,209,231,175,202
1,<environment.Job instance at 0x148565cca640>,34,28,[ 1 13],35,231,259,196,230
1,<environment.Job instance at 0x1485656acaf0>,35,27,[14  2],36,231,258,195,230
1,<environment.Job instance at 0x1485895f7320>,18,20,[13  2],19,259,279,240,259
1,<environment.Job instance at 0x1485895dc870>,9,2,[ 2 13],10,267,269,257,267
1,<environment.Job instance at 0x1485895e4050>,40,23,[ 1 12],41,269,292,228,267
1,<environment.Job instance at 0x1485895e4be0>,37,1,[11  1],38,279,280,241,270
1,<environment.Job instance at 0x148565cc95a0>,41,22,[6 1],42,281,303,239,281
1,<environment.Job instance at 0x148587390820>,44,28,[7 2],45,281,309,236,281
1,<environment.Job instance at 0x148565ccec80>,43,21,[ 1 13],44,303,324,259,296
1,<environment.Job instance at 0x14856586f780>,47,24,[13  1],48,309,333,261,304
1,<environment.Job instance at 0x1485873b2910>,49,25,[1 7],50,324,349,274,320
1,<environment.Job instance at 0x14858404db90>,50,21,[11  2],51,333,354,282,326
1,<environment.Job instance at 0x14858404d410>,51,25,[2 5],52,333,358,281,330
1,<environment.Job instance at 0x1485656956e0>,46,14,[12  1],47,354,368,307,344
1,<environment.Job instance at 0x1485873b7d70>,54,23,[5 2],55,368,391,313,362
1,<environment.Job instance at 0x1485873b7b90>,55,15,[2 5],56,367,382,311,367
1,<environment.Job instance at 0x1485895ee640>,28,18,[ 1 12],29,382,400,353,378
1,<environment.Job instance at 0x1485873b7cd0>,56,18,[14  2],57,391,409,334,380
1,<environment.Job instance at 0x1485873b78c0>,58,22,[ 1 14],59,409,431,350,403
1,<environment.Job instance at 0x1485873b7820>,53,2,[ 1 14],54,431,433,377,406
1,<environment.Job instance at 0x1485873b7c30>,59,3,[ 2 12],60,433,436,373,411
1,<environment.Job instance at 0x14858738ef00>,62,24,[8 2],63,433,457,370,428
1,<environment.Job instance at 0x14858738e190>,63,22,[ 2 13],64,436,458,372,429
1,<environment.Job instance at 0x14858738e780>,64,26,[ 2 11],65,458,484,393,455
1,<environment.Job instance at 0x14858738e6e0>,65,1,[7 2],66,457,458,391,456
1,<environment.Job instance at 0x1485873b7a00>,61,3,[14  1],62,484,487,422,460
1,<environment.Job instance at 0x14858738e550>,67,19,[ 2 13],68,487,506,419,479
1,<environment.Job instance at 0x14858738e500>,68,25,[2 8],69,506,531,437,502
1,<environment.Job instance at 0x14858738ea50>,69,18,[13  1],70,505,523,435,505
1,<environment.Job instance at 0x14858738e730>,66,13,[13  2],67,538,551,471,538
1,<environment.Job instance at 0x14858738e3c0>,71,26,[2 9],72,538,564,466,538
1,<environment.Job instance at 0x1485873bf500>,74,21,[5 2],75,551,572,476,543
1,<environment.Job instance at 0x14858738e640>,70,3,[ 2 12],71,603,606,532,603
1,<environment.Job instance at 0x1485873bf640>,75,14,[ 2 14],76,606,620,530,603
1,<environment.Job instance at 0x1485873bf780>,77,21,[12  1],78,603,624,525,603
1,<environment.Job instance at 0x1485873bf820>,78,24,[ 1 14],79,620,644,541,617
1,<environment.Job instance at 0x1485873bfa00>,81,14,[ 2 14],82,644,658,562,640
1,<environment.Job instance at 0x1485873bfaa0>,82,28,[12  1],83,640,668,557,640
1,<environment.Job instance at 0x1485873bfb40>,83,22,[ 2 12],84,658,680,574,653
1,<environment.Job instance at 0x1485873bfd20>,86,12,[13  1],87,677,689,590,677
1,<environment.Job instance at 0x1485873bfdc0>,87,26,[14  2],88,689,715,601,686
1,<environment.Job instance at 0x1485873bf960>,80,3,[ 1 13],81,692,695,611,692
1,<environment.Job instance at 0x1485873bfe60>,88,16,[ 1 13],89,701,717,612,701
1,<environment.Job instance at 0x14858739f1e0>,95,25,[2 7],96,717,742,621,713
1,<environment.Job instance at 0x14858739f460>,96,21,[ 2 14],97,742,763,645,735
1,<environment.Job instance at 0x14858739f500>,97,1,[7 1],98,741,742,643,741
1,<environment.Job instance at 0x14858739f5f0>,99,19,[ 1 10],100,763,782,663,754
1,<environment.Job instance at 0x14858739f730>,100,26,[ 2 14],101,782,808,681,779
1,<environment.Job instance at 0x14858739f7d0>,102,23,[ 1 13],103,808,831,705,802
1,<environment.Job instance at 0x14858739f870>,103,26,[5 2],104,808,834,704,807
1,<environment.Job instance at 0x14858739f0f0>,94,25,[ 1 11],95,831,856,736,829
1,<environment.Job instance at 0x14858739f910>,104,28,[11  2],105,834,862,729,833
1,<environment.Job instance at 0x14858739fbe0>,106,20,[ 1 13],107,856,876,749,850
1,<environment.Job instance at 0x14858739fb40>,108,27,[8 2],109,862,889,753,860
1,<environment.Job instance at 0x1485873b7870>,60,15,[14  1],61,964,979,903,964
1,<environment.Job instance at 0x148565cce5f0>,39,15,[14  1],40,979,994,939,972
1,<environment.Job instance at 0x1485895f7730>,26,13,[ 1 11],27,977,990,950,977
1,<environment.Job instance at 0x148588e45690>,1,25,[ 2 10],2,2,27,0,2
1,<environment.Job instance at 0x148587338d20>,5,24,[1 5],6,7,31,1,7
1,<environment.Job instance at 0x148587338cd0>,8,2,[12  1],9,27,29,18,18
1,<environment.Job instance at 0x148587338c30>,9,25,[ 2 14],10,34,59,24,34
1,<environment.Job instance at 0x14858e1b9a00>,16,22,[ 1 13],17,59,81,42,54
1,<environment.Job instance at 0x148587338690>,7,19,[ 2 13],8,81,100,73,76
1,<environment.Job instance at 0x14858e1b9fa0>,18,14,[8 1],19,88,102,69,88
1,<environment.Job instance at 0x14858e1b9550>,19,24,[ 1 11],20,100,124,80,95
1,<environment.Job instance at 0x14858e1b90f0>,20,27,[ 1 12],21,124,151,103,122
1,<environment.Job instance at 0x1485894871e0>,21,23,[11  1],22,124,147,102,124
1,<environment.Job instance at 0x148589487910>,22,19,[9 1],23,147,166,124,138
1,<environment.Job instance at 0x148589487230>,23,1,[7 1],24,166,167,142,158
1,<environment.Job instance at 0x148589487780>,25,26,[1 5],26,158,184,132,158
1,<environment.Job instance at 0x148589487e60>,26,12,[12  1],27,167,179,140,162
1,<environment.Job instance at 0x1485894875f0>,27,26,[ 2 12],28,184,210,156,181
1,<environment.Job instance at 0x1485902941e0>,30,20,[9 1],31,191,211,160,191
1,<environment.Job instance at 0x148588ff9dc0>,31,1,[ 2 13],32,210,211,178,207
1,<environment.Job instance at 0x148588ff9aa0>,32,22,[ 1 12],33,211,233,178,207
1,<environment.Job instance at 0x148588ff9140>,33,18,[ 1 14],34,235,253,201,235
1,<environment.Job instance at 0x148588ff9820>,34,28,[ 2 14],35,253,281,218,252
1,<environment.Job instance at 0x148588ff98c0>,35,26,[9 2],36,281,307,245,278
1,<environment.Job instance at 0x148588ff9f00>,36,22,[ 1 14],37,307,329,270,300
1,<environment.Job instance at 0x148588ff9730>,38,12,[5 1],39,311,323,272,311
1,<environment.Job instance at 0x148588ff9050>,39,24,[7 2],40,329,353,289,324
1,<environment.Job instance at 0x148565d34be0>,40,23,[2 7],41,329,352,288,325
1,<environment.Job instance at 0x148565d34e60>,41,19,[ 2 11],42,352,371,310,349
1,<environment.Job instance at 0x148565d347d0>,43,26,[ 2 11],44,371,397,327,368
1,<environment.Job instance at 0x148565d34a00>,44,12,[11  2],45,398,410,353,398
1,<environment.Job instance at 0x148565d34a50>,45,23,[2 5],46,398,421,352,398
1,<environment.Job instance at 0x148565d34dc0>,46,1,[2 7],47,406,407,359,406
1,<environment.Job instance at 0x14858d810c30>,47,14,[12  2],48,416,430,368,416
1,<environment.Job instance at 0x148565d34780>,48,23,[14  1],49,430,453,381,424
1,<environment.Job instance at 0x148588d6c050>,50,22,[ 1 12],51,441,463,390,441
1,<environment.Job instance at 0x1485655e6d20>,51,2,[ 1 11],52,463,465,411,451
1,<environment.Job instance at 0x148588d6c460>,52,1,[ 1 14],53,465,466,412,461
1,<environment.Job instance at 0x1485841e16e0>,53,18,[1 8],54,466,484,412,461
1,<environment.Job instance at 0x148588fd19b0>,54,3,[ 2 13],55,484,487,429,462
1,<environment.Job instance at 0x148565dd3eb0>,0,3,[14  1],1,491,494,490,491
1,<environment.Job instance at 0x1485655e69b0>,55,14,[14  1],56,505,519,449,505
1,<environment.Job instance at 0x1485655e6320>,58,14,[12  2],59,519,533,460,517
1,<environment.Job instance at 0x14858c1945a0>,60,28,[ 2 13],61,520,548,459,520
1,<environment.Job instance at 0x14858d7d4320>,61,23,[ 1 12],62,548,571,486,542
1,<environment.Job instance at 0x1485895e0870>,62,24,[13  1],63,542,566,479,542
1,<environment.Job instance at 0x1485895e0cd0>,64,24,[1 5],65,571,595,506,569
1,<environment.Job instance at 0x1485895e00f0>,66,26,[ 2 10],67,594,620,527,594
1,<environment.Job instance at 0x1485895e02d0>,67,18,[5 1],68,611,629,543,611
1,<environment.Job instance at 0x1485895e0410>,68,24,[ 1 12],69,620,644,551,615
1,<environment.Job instance at 0x1485895e05a0>,69,21,[13  1],70,629,650,559,621
1,<environment.Job instance at 0x1485895e0730>,70,1,[9 2],71,652,653,581,652
1,<environment.Job instance at 0x1485657c6eb0>,71,26,[1 9],72,653,679,581,653
1,<environment.Job instance at 0x1485895e0320>,72,22,[ 1 14],73,679,701,606,672
1,<environment.Job instance at 0x1485895e0910>,73,19,[8 1],74,674,693,600,674
1,<environment.Job instance at 0x148589895af0>,74,2,[5 2],75,676,678,601,676
1,<environment.Job instance at 0x1485655bf500>,77,23,[1 7],78,701,724,623,695
1,<environment.Job instance at 0x148565992460>,79,16,[14  2],80,702,718,622,702
1,<environment.Job instance at 0x1485842845a0>,80,25,[ 2 12],81,724,749,643,720
1,<environment.Job instance at 0x148588e90c80>,83,28,[12  2],84,725,753,641,725
1,<environment.Job instance at 0x148588e90e60>,84,26,[2 9],85,749,775,664,746
1,<environment.Job instance at 0x148588e905a0>,85,1,[11  1],86,753,754,667,748
1,<environment.Job instance at 0x148565c6e730>,86,24,[7 2],87,754,778,667,749
1,<environment.Job instance at 0x148588e90fa0>,87,20,[ 1 11],88,775,795,687,770
1,<environment.Job instance at 0x1485655243c0>,88,1,[ 2 13],89,795,796,706,774
1,<environment.Job instance at 0x148565c6e820>,89,21,[ 1 13],90,796,817,706,790
1,<environment.Job instance at 0x14858d7d4640>,57,17,[13  2],58,819,836,761,819
1,<environment.Job instance at 0x148565dd32d0>,4,15,[ 1 14],5,848,863,843,848
1,<environment.Job instance at 0x148584106f50>,94,2,[14  1],95,868,870,773,868
1,<environment.Job instance at 0x148588d715a0>,95,3,[1 5],96,870,873,774,870
1,<environment.Job instance at 0x148584106e60>,96,22,[2 5],97,870,892,773,870
1,<environment.Job instance at 0x148588d71cd0>,97,20,[1 7],98,875,895,777,875
1,<environment.Job instance at 0x148588d710a0>,98,20,[2 7],99,892,912,793,889
1,<environment.Job instance at 0x148588d715f0>,99,24,[8 2],100,895,919,795,890
1,<environment.Job instance at 0x148588d71280>,100,25,[12  2],101,919,944,818,915
1,<environment.Job instance at 0x148584106d70>,91,2,[11  2],92,944,946,852,932
1,<environment.Job instance at 0x148588d712d0>,102,27,[2 7],103,932,959,829,932
1,<environment.Job instance at 0x148588d71050>,101,28,[5 1],102,946,974,844,946
1,<environment.Job instance at 0x148588d71730>,104,22,[1 8],105,959,981,854,953
1,<environment.Job instance at 0x148588d71af0>,105,3,[ 2 12],106,984,987,878,984
1,<environment.Job instance at 0x148584106960>,90,16,[ 1 14],91,996,1012,905,996
1,<environment.Job instance at 0x148588d71dc0>,107,25,[2 8],108,1012,1037,904,1008
1,<environment.Job instance at 0x1485657b2690>,108,28,[ 2 13],109,1037,1065,928,1036
1,<environment.Job instance at 0x148588d71960>,106,16,[ 1 12],107,1089,1105,982,1089
1,<environment.Job instance at 0x148588d71460>,103,14,[11  2],104,1119,1133,1015,1119
1,<environment.Job instance at 0x14858e1b99b0>,15,15,[ 2 13],16,1697,1712,1681,1697
1,<environment.Job instance at 0x14858c168640>,17,13,[ 2 11],18,1863,1876,1845,1863
1,<environment.Job instance at 0x148584158460>,0,28,[2 5],1,1,29,0,1
1,<environment.Job instance at 0x14858406e7d0>,3,23,[14  1],4,29,52,25,23
1,<environment.Job instance at 0x14858406ee10>,4,24,[ 2 14],5,52,76,47,47
1,<environment.Job instance at 0x14858406e8c0>,12,22,[2 5],13,76,98,63,69
1,<environment.Job instance at 0x14858406ea00>,11,23,[ 1 12],12,98,121,86,92
1,<environment.Job instance at 0x14858406e3c0>,16,2,[14  1],17,118,120,101,118
1,<environment.Job instance at 0x1485842e98c0>,17,22,[ 1 12],18,121,143,103,118
1,<environment.Job instance at 0x14858406eaa0>,15,3,[13  1],16,147,150,131,147
1,<environment.Job instance at 0x1485842e9a50>,20,27,[11  1],21,150,177,129,148
1,<environment.Job instance at 0x1485842e9500>,21,22,[2 5],22,152,174,130,152
1,<environment.Job instance at 0x1485842e9280>,18,1,[11  2],19,177,178,158,156
1,<environment.Job instance at 0x1485842e9690>,22,23,[12  2],23,178,201,155,173
1,<environment.Job instance at 0x1485842e92d0>,24,1,[ 1 12],25,183,184,158,183
1,<environment.Job instance at 0x1485842e9820>,25,21,[ 1 10],26,184,205,158,183
1,<environment.Job instance at 0x1485842e9dc0>,26,1,[ 2 12],27,205,206,178,199
1,<environment.Job instance at 0x1485842e9370>,23,2,[ 2 13],24,206,208,182,201
1,<environment.Job instance at 0x1485842e9af0>,27,2,[2 6],28,208,210,180,201
1,<environment.Job instance at 0x1485842e9410>,29,26,[11  1],30,201,227,171,201
1,<environment.Job instance at 0x14858406e780>,9,16,[ 2 14],10,210,226,200,209
1,<environment.Job instance at 0x1485842e9e60>,31,24,[ 1 11],32,226,250,194,221
1,<environment.Job instance at 0x1485842e9960>,30,3,[ 1 12],31,250,253,219,226
1,<environment.Job instance at 0x1485842e9eb0>,33,25,[ 1 14],34,253,278,219,249
1,<environment.Job instance at 0x1485842e97d0>,34,24,[8 2],35,278,302,243,274
1,<environment.Job instance at 0x1485842e9460>,32,19,[ 1 11],33,282,301,249,282
1,<environment.Job instance at 0x1485842e9050>,37,3,[14  1],38,302,305,264,290
1,<environment.Job instance at 0x1485842e9d70>,38,22,[7 1],39,305,327,266,298
1,<environment.Job instance at 0x148565a33960>,39,23,[8 1],40,305,328,265,299
1,<environment.Job instance at 0x148565a33d20>,40,1,[11  2],41,335,336,294,335
1,<environment.Job instance at 0x1485842e91e0>,28,17,[ 1 12],29,336,353,307,336
1,<environment.Job instance at 0x148565a332d0>,43,22,[1 6],44,353,375,309,352
1,<environment.Job instance at 0x148565a338c0>,42,3,[ 1 11],43,375,378,332,375
1,<environment.Job instance at 0x148565a33be0>,45,1,[ 2 14],46,390,391,344,390
1,<environment.Job instance at 0x148565a33640>,48,22,[1 7],49,392,414,343,392
1,<environment.Job instance at 0x148565a33550>,49,27,[ 1 13],50,414,441,364,412
1,<environment.Job instance at 0x148565a33cd0>,50,27,[2 8],51,441,468,390,439
1,<environment.Job instance at 0x148565a339b0>,46,17,[ 1 13],47,468,485,421,467
1,<environment.Job instance at 0x148565a33eb0>,51,2,[ 2 12],52,489,491,437,489
1,<environment.Job instance at 0x148565a33d70>,54,25,[2 9],55,491,516,436,489
1,<environment.Job instance at 0x148565a33b40>,55,22,[11  1],56,491,513,435,491
1,<environment.Job instance at 0x148565a33370>,56,26,[ 2 11],57,516,542,459,513
1,<environment.Job instance at 0x148565a33c30>,53,2,[ 2 12],54,542,544,488,537
1,<environment.Job instance at 0x148565a330a0>,58,17,[13  1],59,548,565,489,548
1,<environment.Job instance at 0x148565a4ab90>,59,3,[2 6],60,564,567,504,564
1,<environment.Job instance at 0x148565a4a910>,60,21,[12  1],61,565,586,504,564
1,<environment.Job instance at 0x148565a4a050>,61,21,[2 7],62,567,588,505,566
1,<environment.Job instance at 0x148565a4ad20>,62,27,[6 1],63,586,613,523,585
1,<environment.Job instance at 0x148587358780>,1,13,[13  2],2,613,626,611,603
1,<environment.Job instance at 0x148565a4af50>,64,21,[14  2],65,626,647,561,623
1,<environment.Job instance at 0x148565a4a460>,65,28,[ 2 12],66,647,675,581,646
1,<environment.Job instance at 0x148565a4a730>,66,24,[10  2],67,647,671,580,646
1,<environment.Job instance at 0x148565a33aa0>,57,14,[12  1],58,688,702,630,688
1,<environment.Job instance at 0x148565a4a140>,69,3,[ 2 14],70,697,700,627,697
1,<environment.Job instance at 0x148565a4a640>,70,21,[ 2 10],71,700,721,629,697
1,<environment.Job instance at 0x148565a4a500>,71,19,[12  1],72,702,721,630,702
1,<environment.Job instance at 0x148565a4a5f0>,72,28,[ 2 14],73,721,749,648,720
1,<environment.Job instance at 0x148565a4afa0>,63,14,[12  2],64,749,763,685,742
1,<environment.Job instance at 0x148565a4a190>,73,22,[ 1 12],74,749,771,675,748
1,<environment.Job instance at 0x148565a4a0a0>,76,24,[2 5],77,774,798,697,774
1,<environment.Job instance at 0x148565a4aaa0>,75,21,[ 1 14],76,798,819,722,792
1,<environment.Job instance at 0x148565a4a3c0>,79,17,[6 2],80,819,836,739,809
1,<environment.Job instance at 0x148565a4a230>,81,27,[ 1 14],82,836,863,754,834
1,<environment.Job instance at 0x148584303aa0>,82,23,[11  1],83,836,859,753,835
1,<environment.Job instance at 0x148584303370>,86,1,[ 1 14],87,864,865,777,864
1,<environment.Job instance at 0x148584303320>,87,15,[12  1],88,878,893,790,878
1,<environment.Job instance at 0x148584303280>,88,1,[12  2],89,893,894,804,879
1,<environment.Job instance at 0x148584303410>,90,19,[13  1],91,894,913,803,884
1,<environment.Job instance at 0x148584303af0>,92,22,[10  2],93,913,935,820,906
1,<environment.Job instance at 0x148584303be0>,93,27,[ 1 13],94,906,933,812,906
1,<environment.Job instance at 0x148584303fa0>,95,22,[ 1 13],96,933,955,837,929
1,<environment.Job instance at 0x148584303dc0>,96,24,[ 1 10],97,955,979,858,950
1,<environment.Job instance at 0x1485843030a0>,97,26,[12  1],98,950,976,852,950
1,<environment.Job instance at 0x148584303460>,99,21,[13  1],100,976,997,876,970
1,<environment.Job instance at 0x148584303500>,102,28,[14  2],103,997,1025,894,996
1,<environment.Job instance at 0x148584303e10>,103,21,[13  1],104,1025,1046,921,1017
1,<environment.Job instance at 0x14858421e870>,106,20,[ 1 11],107,1022,1042,915,1022
1,<environment.Job instance at 0x14858421e0a0>,108,27,[7 2],109,1046,1073,937,1044
1,<environment.Job instance at 0x148565a4a7d0>,77,12,[13  2],78,1187,1199,1109,1187
1,<environment.Job instance at 0x14858406eb90>,14,13,[14  2],15,1304,1317,1289,1304
1,<environment.Job instance at 0x148565a4ae10>,67,13,[ 2 13],68,1479,1492,1411,1479
1,<environment.Job instance at 0x1485842e9d20>,35,14,[ 2 13],36,1495,1509,1459,1495
1,<environment.Job instance at 0x1485842de690>,1,26,[12  1],2,2,28,0,2
1,<environment.Job instance at 0x148588d7c190>,4,21,[14  1],5,28,49,23,21
1,<environment.Job instance at 0x148588d7cb90>,0,3,[ 1 13],1,26,29,25,26
1,<environment.Job instance at 0x148588d7cfa0>,10,17,[11  1],11,49,66,38,43
1,<environment.Job instance at 0x14858e17fbe0>,12,21,[7 2],13,66,87,53,64
1,<environment.Job instance at 0x14858e17f410>,13,28,[7 1],14,66,94,52,65
1,<environment.Job instance at 0x148588d7cb40>,7,1,[ 2 13],8,65,66,57,65
1,<environment.Job instance at 0x14858e17f280>,17,23,[8 1],18,87,110,69,82
1,<environment.Job instance at 0x14858e17f140>,16,25,[2 8],17,94,119,77,91
1,<environment.Job instance at 0x14858e17f640>,15,20,[12  1],16,110,130,94,101
1,<environment.Job instance at 0x1485657f75a0>,19,1,[12  2],20,130,131,110,103
1,<environment.Job instance at 0x1485657f7870>,22,21,[13  1],23,131,152,108,123
1,<environment.Job instance at 0x1485657f7e10>,23,23,[11  1],24,152,175,128,146
1,<environment.Job instance at 0x1485657f79b0>,24,26,[2 5],25,146,172,121,146
1,<environment.Job instance at 0x1485657f7eb0>,25,1,[13  2],26,175,176,149,161
1,<environment.Job instance at 0x1485657f78c0>,26,28,[ 2 13],27,172,200,145,171
1,<environment.Job instance at 0x1485657f7b40>,28,17,[11  1],29,191,208,162,191
1,<environment.Job instance at 0x14858f0ff870>,29,2,[ 2 13],30,200,202,170,193
1,<environment.Job instance at 0x14858f0ff690>,30,21,[5 2],31,208,229,177,201
1,<environment.Job instance at 0x14858f0ff3c0>,31,12,[12  1],32,229,241,197,214
1,<environment.Job instance at 0x14858f0ff050>,32,28,[ 1 13],33,214,242,181,214
1,<environment.Job instance at 0x14858f0ff280>,33,24,[2 8],34,242,266,208,237
1,<environment.Job instance at 0x14858f0ff190>,34,17,[11  1],35,241,258,206,237
1,<environment.Job instance at 0x14858f0ffc80>,35,22,[ 1 13],36,266,288,230,259
1,<environment.Job instance at 0x14858f0ff460>,36,21,[14  2],37,266,287,229,259
1,<environment.Job instance at 0x14858f0ff730>,38,2,[1 7],39,288,290,249,277
1,<environment.Job instance at 0x14858f0ff370>,39,23,[10  1],40,287,310,247,281
1,<environment.Job instance at 0x14858f0ff910>,40,18,[13  2],41,310,328,269,300
1,<environment.Job instance at 0x14858f7f66e0>,41,3,[6 1],42,328,331,286,306
1,<environment.Job instance at 0x14858f7f6320>,43,22,[2 7],44,308,330,264,308
1,<environment.Job instance at 0x14858f7f6190>,44,22,[14  2],45,331,353,286,324
1,<environment.Job instance at 0x14858f7f6a50>,45,22,[ 2 13],46,353,375,307,346
1,<environment.Job instance at 0x14858f7f65a0>,46,1,[10  1],47,353,354,306,347
1,<environment.Job instance at 0x14858f7f6c30>,48,16,[11  2],49,360,376,311,360
1,<environment.Job instance at 0x14858f7f60a0>,51,19,[2 8],52,375,394,323,375
1,<environment.Job instance at 0x14858f7f6140>,54,23,[11  1],55,394,417,339,394
1,<environment.Job instance at 0x14858f7f6230>,55,28,[9 2],56,417,445,361,416
1,<environment.Job instance at 0x14858f7f6b90>,56,1,[ 1 12],57,418,419,361,418
1,<environment.Job instance at 0x14858f7f6d20>,57,3,[11  1],58,445,448,387,421
1,<environment.Job instance at 0x148588eb15a0>,58,26,[2 6],59,421,447,362,421
1,<environment.Job instance at 0x148588eb1050>,59,20,[11  2],60,448,468,388,439
1,<environment.Job instance at 0x148588eb1be0>,60,25,[ 2 14],61,468,493,407,464
1,<environment.Job instance at 0x148588eb1cd0>,61,17,[7 1],62,468,485,406,468
1,<environment.Job instance at 0x148588eb1320>,62,28,[1 5],63,493,521,430,492
1,<environment.Job instance at 0x148588eb1d70>,63,25,[ 1 11],64,521,546,457,517
1,<environment.Job instance at 0x148588eb13c0>,64,28,[6 1],65,517,545,452,517
1,<environment.Job instance at 0x148588eb12d0>,67,20,[9 1],68,545,565,477,537
1,<environment.Job instance at 0x148588eb1d20>,68,27,[14  2],69,565,592,496,563
1,<environment.Job instance at 0x148588eb17d0>,69,3,[12  2],70,592,595,522,591
1,<environment.Job instance at 0x148588eb15f0>,70,1,[8 1],71,595,596,524,594
1,<environment.Job instance at 0x148588eb1910>,71,18,[ 2 11],72,608,626,536,608
1,<environment.Job instance at 0x148588eb1e10>,72,28,[14  2],73,626,654,553,625
1,<environment.Job instance at 0x148588eb1730>,73,16,[1 8],74,629,645,555,629
1,<environment.Job instance at 0x148588eb1af0>,74,1,[ 2 13],75,654,655,579,653
1,<environment.Job instance at 0x148565571be0>,75,24,[7 1],76,654,678,578,653
1,<environment.Job instance at 0x148565571780>,76,17,[14  1],77,678,695,601,673
1,<environment.Job instance at 0x148565571c30>,77,20,[ 2 10],78,695,715,617,687
1,<environment.Job instance at 0x1485655719b0>,78,21,[8 1],79,695,716,616,688
1,<environment.Job instance at 0x148565571870>,79,27,[ 2 11],80,715,742,635,713
1,<environment.Job instance at 0x148565571730>,80,24,[7 2],81,716,740,635,713
1,<environment.Job instance at 0x148565571f00>,81,28,[ 1 12],82,742,770,660,741
1,<environment.Job instance at 0x148565571460>,82,28,[9 1],83,741,769,658,741
1,<environment.Job instance at 0x148584349a50>,84,25,[13  2],85,769,794,684,766
1,<environment.Job instance at 0x148584349640>,85,21,[ 2 13],86,770,791,684,766
1,<environment.Job instance at 0x148584349fa0>,86,25,[10  1],87,794,819,707,790
1,<environment.Job instance at 0x148584349690>,87,20,[ 1 10],88,800,820,712,800
1,<environment.Job instance at 0x1485657f72d0>,20,15,[14  1],21,823,838,802,823
1,<environment.Job instance at 0x148584349aa0>,90,25,[11  2],91,838,863,747,834
1,<environment.Job instance at 0x148584349230>,92,21,[ 1 14],93,863,884,770,855
1,<environment.Job instance at 0x14858e17f4b0>,18,15,[14  1],19,879,894,860,879
1,<environment.Job instance at 0x1485840fb370>,95,18,[11  2],96,894,912,798,887
1,<environment.Job instance at 0x1485840fbf00>,96,22,[1 6],97,887,909,790,887
1,<environment.Job instance at 0x1485840fbc30>,97,16,[ 2 11],98,909,925,811,905
1,<environment.Job instance at 0x1485840fb460>,100,20,[1 8],101,925,945,824,920
1,<environment.Job instance at 0x1485843493c0>,89,13,[ 2 11],90,962,975,872,962
1,<environment.Job instance at 0x1485840fb4b0>,102,18,[12  1],103,963,981,860,963
1,<environment.Job instance at 0x14858c195af0>,104,1,[10  1],105,981,982,876,967
1,<environment.Job instance at 0x14858c195f50>,105,21,[12  2],106,982,1003,876,974
1,<environment.Job instance at 0x1485840fb280>,94,1,[ 2 13],95,1000,1001,905,1000
1,<environment.Job instance at 0x14858c195dc0>,108,24,[11  1],109,1003,1027,894,1001
1,<environment.Job instance at 0x14858c195870>,106,14,[ 1 12],107,1026,1040,919,1026
1,<environment.Job instance at 0x1485840fb7d0>,101,16,[ 2 11],102,1040,1056,938,1029
1,<environment.Job instance at 0x148588d7c820>,8,16,[ 2 13],9,1175,1191,1166,1175
1,<environment.Job instance at 0x148588d7c780>,5,18,[ 1 11],6,1191,1209,1185,1184
1,<environment.Job instance at 0x14858f79eaa0>,0,28,[13  2],1,1,29,0,1
1,<environment.Job instance at 0x14858f79efa0>,2,28,[10  1],3,29,57,26,28
1,<environment.Job instance at 0x148565db97d0>,7,26,[ 1 10],8,28,54,20,28
1,<environment.Job instance at 0x14858f79ed20>,3,1,[13  1],4,57,58,53,30
1,<environment.Job instance at 0x148565db9d20>,9,24,[9 2],10,58,82,48,53
1,<environment.Job instance at 0x148565db9e10>,6,21,[ 1 11],7,54,75,47,54
1,<environment.Job instance at 0x148589855c80>,13,3,[14  1],14,82,85,68,73
1,<environment.Job instance at 0x148565dbfa50>,14,25,[ 1 11],15,75,100,60,73
1,<environment.Job instance at 0x148565dbf190>,16,23,[14  2],17,85,108,68,79
1,<environment.Job instance at 0x148588dba960>,4,14,[11  2],5,108,122,103,97
1,<environment.Job instance at 0x148589855a50>,12,1,[13  1],13,122,123,109,102
1,<environment.Job instance at 0x148565757410>,20,19,[14  2],21,123,142,102,115
1,<environment.Job instance at 0x1485657574b0>,21,25,[5 2],22,142,167,120,138
1,<environment.Job instance at 0x148565757320>,19,3,[ 1 12],20,147,150,127,147
1,<environment.Job instance at 0x148565757640>,22,17,[ 1 11],23,167,184,144,167
1,<environment.Job instance at 0x148565757780>,24,18,[ 1 12],25,184,202,159,173
1,<environment.Job instance at 0x148565757820>,25,26,[13  2],26,173,199,147,173
1,<environment.Job instance at 0x1485657576e0>,23,15,[12  1],24,204,219,180,204
1,<environment.Job instance at 0x148565757c80>,28,23,[6 2],29,219,242,190,213
1,<environment.Job instance at 0x148565757460>,17,1,[12  1],18,242,243,224,215
1,<environment.Job instance at 0x148565757be0>,30,26,[14  2],31,243,269,212,240
1,<environment.Job instance at 0x148565757fa0>,32,25,[ 2 10],33,269,294,236,265
1,<environment.Job instance at 0x148565757f00>,34,1,[ 1 12],35,266,267,231,266
1,<environment.Job instance at 0x148565757230>,33,20,[ 1 13],34,294,314,260,287
1,<environment.Job instance at 0x148565dbc140>,37,21,[12  2],38,292,313,254,292
1,<environment.Job instance at 0x148565dbc370>,40,27,[5 2],41,313,340,272,312
1,<environment.Job instance at 0x148565db96e0>,10,16,[ 1 13],11,315,331,304,315
1,<environment.Job instance at 0x148565dbc4b0>,42,20,[ 1 11],43,331,351,288,330
1,<environment.Job instance at 0x148589855960>,11,18,[ 2 13],12,351,369,339,341
1,<environment.Job instance at 0x148565dbc550>,43,2,[ 1 14],44,369,371,325,356
1,<environment.Job instance at 0x148565dbc5f0>,44,19,[ 1 11],45,371,390,326,361
1,<environment.Job instance at 0x148565dbc730>,46,3,[12  1],47,363,366,316,363
1,<environment.Job instance at 0x148565dbc9b0>,50,27,[12  1],51,368,395,317,368
1,<environment.Job instance at 0x148565dbc7d0>,47,18,[ 1 14],48,390,408,342,383
1,<environment.Job instance at 0x148565dbca50>,51,26,[14  1],52,395,421,343,393
1,<environment.Job instance at 0x148565dbccd0>,53,18,[12  2],54,421,439,367,413
1,<environment.Job instance at 0x148565757e10>,35,1,[ 1 14],36,418,419,382,418
1,<environment.Job instance at 0x148565dbcaf0>,52,2,[14  1],53,439,441,386,430
1,<environment.Job instance at 0x148565dbcf00>,56,21,[ 1 14],57,439,460,382,435
1,<environment.Job instance at 0x148565dbcf50>,57,22,[11  1],58,441,463,383,436
1,<environment.Job instance at 0x148565dbcdc0>,54,2,[12  1],55,463,465,408,441
1,<environment.Job instance at 0x148565dbcd70>,55,3,[ 1 12],56,462,465,406,462
1,<environment.Job instance at 0x148565dd92d0>,64,23,[12  1],65,465,488,400,462
1,<environment.Job instance at 0x148565dd94b0>,65,24,[ 2 13],66,465,489,399,462
1,<environment.Job instance at 0x148565dd9550>,66,2,[12  1],67,488,490,421,472
1,<environment.Job instance at 0x1485657578c0>,26,12,[ 2 14],27,489,501,462,478
1,<environment.Job instance at 0x148565dd9190>,60,16,[12  2],61,501,517,440,490
1,<environment.Job instance at 0x148565dd9870>,71,28,[12  2],72,517,545,445,516
1,<environment.Job instance at 0x148565dd97d0>,72,26,[2 8],73,516,542,443,516
1,<environment.Job instance at 0x148565dd95a0>,67,19,[12  1],68,545,564,477,535
1,<environment.Job instance at 0x148565dd9b90>,79,3,[ 1 11],80,560,563,480,560
1,<environment.Job instance at 0x148565dd9cd0>,80,20,[14  1],81,564,584,483,561
1,<environment.Job instance at 0x148565dd9dc0>,76,1,[ 2 11],77,584,585,507,571
1,<environment.Job instance at 0x148565dd9e10>,78,1,[ 1 12],79,578,579,499,578
1,<environment.Job instance at 0x148565dca460>,84,2,[ 1 12],85,580,582,495,580
1,<environment.Job instance at 0x148565dca320>,85,14,[2 8],86,594,608,508,594
1,<environment.Job instance at 0x148565dca3c0>,83,3,[ 1 14],84,608,611,524,605
1,<environment.Job instance at 0x148565dbc690>,45,17,[14  2],46,611,628,565,607
1,<environment.Job instance at 0x148565dca550>,87,25,[ 1 12],88,611,636,523,608
1,<environment.Job instance at 0x148565dca780>,89,23,[11  1],90,628,651,538,623
1,<environment.Job instance at 0x148565dca730>,90,27,[14  2],91,651,678,560,649
1,<environment.Job instance at 0x148565dca7d0>,91,25,[ 2 13],92,678,703,586,674
1,<environment.Job instance at 0x148565dca960>,92,28,[5 2],93,678,706,585,678
1,<environment.Job instance at 0x148565dd9230>,63,14,[12  2],64,708,722,644,708
1,<environment.Job instance at 0x148565dca9b0>,94,2,[11  1],95,722,724,627,718
1,<environment.Job instance at 0x148565dcab40>,95,25,[ 2 14],96,722,747,626,718
1,<environment.Job instance at 0x148565dcabe0>,96,26,[ 2 11],97,747,773,650,744
1,<environment.Job instance at 0x148565dcaaa0>,98,28,[12  1],99,747,775,648,747
1,<environment.Job instance at 0x14856557ed20>,100,26,[ 1 13],101,773,799,672,770
1,<environment.Job instance at 0x14856574f5f0>,101,3,[ 2 11],102,800,803,698,800
1,<environment.Job instance at 0x14858987eeb0>,102,23,[1 6],103,803,826,700,800
1,<environment.Job instance at 0x14856557ea50>,105,1,[6 2],106,805,806,699,805
1,<environment.Job instance at 0x148589820140>,106,20,[ 1 13],107,826,846,719,818
1,<environment.Job instance at 0x148584184e10>,107,3,[13  1],108,822,825,714,822
1,<environment.Job instance at 0x148565634b40>,108,1,[7 1],109,826,827,717,826
1,<environment.Job instance at 0x148565dca4b0>,86,12,[ 1 13],87,846,858,759,830
1,<environment.Job instance at 0x148565dca0a0>,81,15,[ 1 12],82,917,932,835,917
1,<environment.Job instance at 0x148565dca820>,93,13,[14  2],94,939,952,845,939
1,<environment.Job instance at 0x148565dca6e0>,88,2,[14  1],89,1001,1003,912,1001
1,<environment.Job instance at 0x14dee1dc3be0>,0,24,[ 1 10],1,1,25,0,1
1,<environment.Job instance at 0x14dee1e56e60>,4,24,[6 1],5,5,29,0,5
1,<environment.Job instance at 0x14ded8a06910>,5,25,[7 1],6,6,31,0,6
1,<environment.Job instance at 0x14ded8a06e60>,13,27,[1 8],14,25,52,11,24
1,<environment.Job instance at 0x14ded8a06e10>,14,3,[14  2],15,31,34,16,29
1,<environment.Job instance at 0x14ded8a066e0>,15,24,[ 2 13],16,52,76,36,47
1,<environment.Job instance at 0x14ded8a06640>,6,19,[ 1 13],7,76,95,69,69
1,<environment.Job instance at 0x14ded8a081e0>,19,21,[14  2],20,76,97,56,69
1,<environment.Job instance at 0x14ded8a08320>,21,22,[14  2],22,97,119,75,92
1,<environment.Job instance at 0x14ded8a083c0>,22,25,[ 2 12],23,119,144,96,115
1,<environment.Job instance at 0x14ded8a080f0>,16,19,[ 1 12],17,144,163,127,134
1,<environment.Job instance at 0x14ded8a085a0>,24,20,[ 2 13],25,163,183,138,154
1,<environment.Job instance at 0x14ded8a08780>,25,1,[11  1],26,179,180,153,179
1,<environment.Job instance at 0x14ded8a088c0>,27,25,[14  2],28,183,208,155,179
1,<environment.Job instance at 0x14ded8a08be0>,32,2,[2 9],33,208,210,175,183
1,<environment.Job instance at 0x14ded8a08dc0>,35,23,[11  2],36,208,231,172,202
1,<environment.Job instance at 0x14ded8a08960>,37,22,[2 5],38,229,251,191,229
1,<environment.Job instance at 0x14ded8a08f00>,38,1,[ 1 13],39,251,252,212,236
1,<environment.Job instance at 0x14ded8a0a1e0>,42,23,[ 1 14],43,252,275,209,246
1,<environment.Job instance at 0x14ded8a0a320>,43,3,[ 1 14],44,275,278,231,250
1,<environment.Job instance at 0x14ded8a0a500>,46,21,[2 6],47,278,299,231,270
1,<environment.Job instance at 0x14ded8a0a190>,47,26,[12  2],48,278,304,230,275
1,<environment.Job instance at 0x14ded8a0a640>,49,25,[11  2],50,304,329,254,300
1,<environment.Job instance at 0x14ded8a0a730>,50,23,[2 6],51,301,324,250,301
1,<environment.Job instance at 0x14dee1e568c0>,2,18,[ 1 12],3,324,342,321,322
1,<environment.Job instance at 0x14ded8a06b90>,10,3,[ 1 14],11,342,345,331,329
1,<environment.Job instance at 0x14ded8a0a960>,53,27,[9 1],54,329,356,275,329
1,<environment.Job instance at 0x14ded8a0a820>,51,2,[ 2 13],52,345,347,293,336
1,<environment.Job instance at 0x14ded8a0a280>,41,18,[ 2 13],42,347,365,305,342
1,<environment.Job instance at 0x14ded8a0aaf0>,55,20,[ 1 14],56,365,385,309,359
1,<environment.Job instance at 0x14ded8a0abe0>,56,1,[12  2],57,385,386,328,366
1,<environment.Job instance at 0x14ded8a0afa0>,61,22,[14  1],62,386,408,324,380
1,<environment.Job instance at 0x14ded8a080a0>,17,3,[ 1 13],18,385,388,367,380
1,<environment.Job instance at 0x14ded8a0aa00>,52,12,[13  2],53,408,420,355,403
1,<environment.Job instance at 0x14ded8a0d320>,65,21,[10  1],66,420,441,354,412
1,<environment.Job instance at 0x14ded8a0adc0>,59,18,[ 2 12],60,412,430,352,412
1,<environment.Job instance at 0x14ded8a0d410>,67,19,[11  1],68,441,460,373,431
1,<environment.Job instance at 0x14ded8a0d280>,64,2,[11  2],65,460,462,395,436
1,<environment.Job instance at 0x14ded8a0d3c0>,68,28,[10  1],69,462,490,393,461
1,<environment.Job instance at 0x14ded8a0d820>,70,20,[ 2 14],71,481,501,410,481
1,<environment.Job instance at 0x14ded8a0d7d0>,71,12,[ 2 11],72,550,562,478,550
1,<environment.Job instance at 0x14ded8a0d370>,66,14,[14  2],67,564,578,497,564
1,<environment.Job instance at 0x14ded8a0d8c0>,73,3,[ 1 11],74,595,598,521,595
1,<environment.Job instance at 0x14ded8a0da50>,74,1,[14  2],75,597,598,522,597
1,<environment.Job instance at 0x14ded8a0dbe0>,75,15,[2 6],76,601,616,525,601
1,<environment.Job instance at 0x14ded8a0dc80>,76,14,[9 1],77,621,635,544,621
1,<environment.Job instance at 0x14ded8a0daa0>,77,19,[8 1],78,635,654,557,626
1,<environment.Job instance at 0x14ded8a0ddc0>,78,3,[ 2 10],79,628,631,549,628
1,<environment.Job instance at 0x14ded8a0dd20>,79,19,[14  1],80,654,673,574,644
1,<environment.Job instance at 0x14ded8a0df50>,81,2,[9 2],82,673,675,591,646
1,<environment.Job instance at 0x14ded8a10140>,83,21,[7 2],84,675,696,591,667
1,<environment.Job instance at 0x14ded8a101e0>,84,14,[7 1],85,675,689,590,667
1,<environment.Job instance at 0x14ded8a10320>,86,21,[ 1 12],87,680,701,593,680
1,<environment.Job instance at 0x14ded8a103c0>,87,18,[ 1 12],88,701,719,613,691
1,<environment.Job instance at 0x14ded8a10460>,88,12,[ 1 14],89,719,731,630,708
1,<environment.Job instance at 0x14ded8a10500>,89,12,[11  1],90,723,735,633,723
1,<environment.Job instance at 0x14ded8a105a0>,90,27,[ 2 14],91,731,758,640,729
1,<environment.Job instance at 0x14ded8a105f0>,91,2,[12  2],92,758,760,666,737
1,<environment.Job instance at 0x14ded8a10910>,93,3,[ 1 14],94,760,763,666,758
1,<environment.Job instance at 0x14ded8a109b0>,94,3,[6 2],95,763,766,668,762
1,<environment.Job instance at 0x14ded8a10a50>,95,25,[7 2],96,763,788,667,762
1,<environment.Job instance at 0x14ded8a10af0>,96,16,[ 2 11],97,785,801,688,785
1,<environment.Job instance at 0x14ded8a10b90>,97,2,[ 1 12],98,801,803,703,794
1,<environment.Job instance at 0x14ded8a10c30>,98,25,[13  2],99,794,819,695,794
1,<environment.Job instance at 0x14ded8a10cd0>,99,27,[1 8],100,803,830,703,801
1,<environment.Job instance at 0x14ded8a10e10>,101,14,[6 1],102,819,833,717,816
1,<environment.Job instance at 0x14ded8a10eb0>,102,22,[ 2 14],103,830,852,727,824
1,<environment.Job instance at 0x14ded8a10f50>,103,3,[13  1],104,833,836,729,833
1,<environment.Job instance at 0x14ded8a10780>,105,22,[ 2 12],106,852,874,746,845
1,<environment.Job instance at 0x14ded8a12230>,107,16,[13  1],108,874,890,766,874
1,<environment.Job instance at 0x14ded8a122d0>,108,18,[6 2],109,890,908,781,880
1,<environment.Job instance at 0x14ded8a12370>,109,24,[10  2],110,908,932,798,903
1,<environment.Job instance at 0x14ded8a12410>,110,2,[ 2 10],111,907,909,796,907
1,<environment.Job instance at 0x14ded8a124b0>,111,1,[14  2],112,932,933,820,925
1,<environment.Job instance at 0x14ded8a120f0>,113,28,[2 5],114,933,961,819,932
1,<environment.Job instance at 0x14ded8a0af00>,60,3,[ 1 11],61,961,964,900,946
1,<environment.Job instance at 0x14ded8a125f0>,115,25,[2 7],116,964,989,848,960
1,<environment.Job instance at 0x14ded8a12690>,114,3,[ 2 13],115,989,992,874,974
1,<environment.Job instance at 0x14ded8a0d780>,69,14,[12  2],70,975,989,905,975
1,<environment.Job instance at 0x14ded8a12640>,117,20,[1 9],118,992,1012,874,986
1,<environment.Job instance at 0x14ded8a0d0a0>,63,13,[ 2 13],64,1016,1029,952,1016
1,<environment.Job instance at 0x14ded8a126e0>,116,3,[ 1 13],117,1029,1032,912,1027
1,<environment.Job instance at 0x14ded8a0d960>,72,16,[ 2 12],73,1073,1089,1000,1073
1,<environment.Job instance at 0x14ded422e5f0>,0,21,[1 5],1,1,22,0,1
1,<environment.Job instance at 0x14ded8a0d960>,2,20,[13  2],3,3,23,0,3
1,<environment.Job instance at 0x14dedf4261e0>,8,26,[12  2],9,23,49,14,20
1,<environment.Job instance at 0x14dedfde9b40>,9,25,[ 2 12],10,22,47,12,22
1,<environment.Job instance at 0x14dedf426b40>,10,27,[12  2],11,49,76,38,47
1,<environment.Job instance at 0x14dedf4268c0>,12,19,[11  2],13,76,95,63,70
1,<environment.Job instance at 0x14dedf426910>,13,23,[ 1 12],14,71,94,57,71
1,<environment.Job instance at 0x14dedf426fa0>,11,18,[ 2 11],12,101,119,89,101
1,<environment.Job instance at 0x14dedf4266e0>,14,14,[12  1],15,102,116,87,102
1,<environment.Job instance at 0x14dedf426aa0>,16,23,[ 1 14],17,119,142,102,114
1,<environment.Job instance at 0x14dedf426820>,18,3,[ 1 12],19,142,145,123,122
1,<environment.Job instance at 0x14dedf426320>,20,23,[ 2 13],21,145,168,124,141
1,<environment.Job instance at 0x14dedfde91e0>,3,15,[12  1],4,169,184,165,169
1,<environment.Job instance at 0x14dedf426be0>,22,16,[11  2],23,184,200,161,178
1,<environment.Job instance at 0x14dedf426410>,23,25,[ 1 12],24,178,203,154,178
1,<environment.Job instance at 0x14dedf426af0>,24,27,[ 1 12],25,203,230,178,201
1,<environment.Job instance at 0x14dedf426d20>,25,2,[14  1],26,232,234,206,232
1,<environment.Job instance at 0x14dedf426460>,26,22,[12  2],27,234,256,207,232
1,<environment.Job instance at 0x14dedf426550>,27,20,[ 1 12],28,233,253,205,233
1,<environment.Job instance at 0x14dedf4262d0>,15,17,[ 1 11],16,253,270,237,241
1,<environment.Job instance at 0x14dedfd1bf50>,30,19,[12  2],31,256,275,225,252
1,<environment.Job instance at 0x14dedfd1b690>,33,28,[7 2],34,275,303,241,274
1,<environment.Job instance at 0x14dedfd1bbe0>,34,28,[7 1],35,275,303,240,275
1,<environment.Job instance at 0x14dedfd1bf00>,36,28,[ 1 11],37,293,321,256,293
1,<environment.Job instance at 0x14dedfd1b050>,38,24,[14  2],39,303,327,264,298
1,<environment.Job instance at 0x14ded422e550>,1,15,[ 1 11],2,321,336,319,320
1,<environment.Job instance at 0x14dedfd1b280>,43,25,[1 8],44,336,361,292,333
1,<environment.Job instance at 0x14dedfd1bfa0>,39,3,[13  2],40,335,338,295,335
1,<environment.Job instance at 0x14dedfd1b910>,44,26,[2 9],45,361,387,316,358
1,<environment.Job instance at 0x14dedfd68190>,47,21,[12  1],48,364,385,316,364
1,<environment.Job instance at 0x14dedfd1be10>,46,1,[12  2],47,385,386,338,372
1,<environment.Job instance at 0x14dedfd68230>,50,26,[ 2 12],51,387,413,336,384
1,<environment.Job instance at 0x14dedfd68fa0>,52,16,[12  2],53,413,429,360,413
1,<environment.Job instance at 0x14dedfd68d70>,51,20,[ 1 14],52,429,449,377,423
1,<environment.Job instance at 0x14dedfd1beb0>,41,1,[ 1 11],42,425,426,383,425
1,<environment.Job instance at 0x14dedfd68730>,55,19,[7 1],56,432,451,376,432
1,<environment.Job instance at 0x14dedfd68eb0>,57,2,[12  1],58,468,470,410,468
1,<environment.Job instance at 0x14dedfd68e10>,58,27,[ 1 14],59,468,495,409,468
1,<environment.Job instance at 0x14dedfd683c0>,59,28,[9 1],60,470,498,410,469
1,<environment.Job instance at 0x14dedfd68960>,61,1,[11  1],62,498,499,436,493
1,<environment.Job instance at 0x14dedfd689b0>,62,3,[11  2],63,499,502,436,497
1,<environment.Job instance at 0x14dedfd68a50>,53,14,[ 1 12],54,504,518,450,504
1,<environment.Job instance at 0x14dedf4264b0>,21,2,[ 1 13],22,518,520,496,508
1,<environment.Job instance at 0x14dedfd68640>,66,3,[13  2],67,534,537,467,534
1,<environment.Job instance at 0x14dedf66cb40>,67,28,[ 1 11],68,534,562,466,534
1,<environment.Job instance at 0x14dedf66c870>,68,25,[ 1 12],69,562,587,493,558
1,<environment.Job instance at 0x14dedfd68a00>,64,15,[11  2],65,605,620,540,605
1,<environment.Job instance at 0x14dedf66cf00>,71,26,[ 1 14],72,620,646,548,617
1,<environment.Job instance at 0x14dedf66c960>,72,26,[ 2 12],73,646,672,573,643
1,<environment.Job instance at 0x14dedf66ca50>,73,2,[ 2 11],74,679,681,605,679
1,<environment.Job instance at 0x14dedf66ca00>,74,25,[10  1],75,679,704,604,679
1,<environment.Job instance at 0x14dedf66c910>,75,1,[1 7],76,688,689,612,688
1,<environment.Job instance at 0x14dedf66c1e0>,76,26,[13  1],77,704,730,627,701
1,<environment.Job instance at 0x14dedf66cdc0>,81,24,[2 5],82,728,752,646,728
1,<environment.Job instance at 0x14dedf66c690>,82,24,[ 1 13],83,752,776,669,749
1,<environment.Job instance at 0x14dedf66caf0>,83,23,[5 1],84,750,773,666,750
1,<environment.Job instance at 0x14dedfd68370>,65,3,[12  1],66,773,776,707,753
1,<environment.Job instance at 0x14dedf66c730>,84,24,[ 1 13],85,776,800,691,771
1,<environment.Job instance at 0x14dedf66cc30>,85,21,[11  1],86,780,801,694,780
1,<environment.Job instance at 0x14dedf66cd70>,86,19,[ 2 12],87,800,819,713,797
1,<environment.Job instance at 0x14dedf66caa0>,88,1,[ 2 14],89,819,820,730,813
1,<environment.Job instance at 0x14dedf66c2d0>,89,28,[ 2 13],90,820,848,730,819
1,<environment.Job instance at 0x14dedfc7f050>,90,22,[11  2],91,820,842,729,819
1,<environment.Job instance at 0x14dedfc7f0f0>,92,21,[13  2],93,842,863,749,837
1,<environment.Job instance at 0x14dedfc7f3c0>,93,3,[ 2 13],94,857,860,763,857
1,<environment.Job instance at 0x14dedfc7ff00>,94,27,[2 7],95,860,887,765,859
1,<environment.Job instance at 0x14dedfc7f690>,95,20,[1 5],96,863,883,767,861
1,<environment.Job instance at 0x14dedfc7fdc0>,97,2,[10  2],98,880,882,782,880
1,<environment.Job instance at 0x14dedfc7fe10>,98,19,[1 6],99,883,902,784,883
1,<environment.Job instance at 0x14dedf66c190>,87,1,[12  2],88,906,907,818,906
1,<environment.Job instance at 0x14deda9c38c0>,100,28,[7 1],101,907,935,806,906
1,<environment.Job instance at 0x14deda964c30>,101,28,[ 2 13],102,906,934,804,906
1,<environment.Job instance at 0x14deda9d4280>,106,24,[ 2 10],107,934,958,827,931
1,<environment.Job instance at 0x14deda9d4550>,108,25,[5 2],109,934,959,825,933
1,<environment.Job instance at 0x14deda9d4f00>,110,24,[11  2],111,959,983,848,954
1,<environment.Job instance at 0x14deda9c1a00>,113,28,[ 1 14],114,983,1011,869,983
1,<environment.Job instance at 0x14deda98f0a0>,116,22,[ 2 11],117,1011,1033,894,1004
1,<environment.Job instance at 0x14dedfd9e5f0>,99,12,[ 2 14],100,1051,1063,951,1051
1,<environment.Job instance at 0x14dedfd68be0>,54,15,[ 1 13],55,1079,1094,1024,1079
1,<environment.Job instance at 0x14deda9a6190>,118,12,[ 2 12],119,1125,1137,1006,1125
1,<environment.Job instance at 0x14dedf66c9b0>,70,12,[ 2 14],71,1197,1209,1126,1197
1,<environment.Job instance at 0x14dedfde9c30>,7,12,[ 1 13],8,1214,1226,1206,1214
1,<environment.Job instance at 0x14de938f1f50>,0,24,[1 5],1,1,25,0,1
1,<environment.Job instance at 0x14de93af1d20>,2,19,[13  2],3,4,23,1,4
1,<environment.Job instance at 0x14dedb07c640>,3,25,[11  1],4,23,48,19,19
1,<environment.Job instance at 0x14de9391fc30>,9,27,[2 8],10,23,50,13,21
1,<environment.Job instance at 0x14de93a74140>,13,25,[13  2],14,48,73,34,45
1,<environment.Job instance at 0x14de93a74fa0>,12,26,[ 1 10],13,50,76,37,47
1,<environment.Job instance at 0x14de93af0e10>,17,26,[9 1],18,74,100,56,74
1,<environment.Job instance at 0x14de9391fbe0>,10,28,[ 2 13],11,76,104,65,75
1,<environment.Job instance at 0x14de9391b190>,24,24,[ 1 11],25,104,128,79,100
1,<environment.Job instance at 0x14de939d55f0>,25,19,[10  2],26,102,121,76,102
1,<environment.Job instance at 0x14de939d5d70>,26,1,[ 1 11],27,128,129,101,106
1,<environment.Job instance at 0x14de93a74550>,14,22,[ 1 13],15,129,151,114,124
1,<environment.Job instance at 0x14de939d5a50>,27,2,[12  2],28,124,126,96,124
1,<environment.Job instance at 0x14de93905050>,31,28,[9 1],32,126,154,94,126
1,<environment.Job instance at 0x14de93b6edc0>,33,23,[13  2],34,154,177,120,148
1,<environment.Job instance at 0x14de93b6eaa0>,34,3,[ 1 13],35,164,167,129,164
1,<environment.Job instance at 0x14de9391ba50>,28,20,[ 1 13],29,176,196,147,176
1,<environment.Job instance at 0x14de93b67690>,37,3,[ 2 13],38,206,209,168,206
1,<environment.Job instance at 0x14de93b67b90>,38,21,[2 6],39,209,230,170,206
1,<environment.Job instance at 0x14de9391fa50>,11,3,[11  2],12,214,217,202,214
1,<environment.Job instance at 0x14de93b674b0>,41,24,[10  1],42,217,241,175,215
1,<environment.Job instance at 0x14de93b67fa0>,42,20,[13  2],43,241,261,198,233
1,<environment.Job instance at 0x14de93b67640>,43,22,[6 2],44,261,283,217,255
1,<environment.Job instance at 0x14de93b679b0>,44,12,[7 1],45,261,273,216,257
1,<environment.Job instance at 0x14de93b671e0>,46,2,[11  2],47,283,285,236,269
1,<environment.Job instance at 0x14de93b67730>,48,24,[12  1],49,285,309,236,280
1,<environment.Job instance at 0x14de93b67f00>,49,1,[2 8],50,285,286,235,285
1,<environment.Job instance at 0x14de93b67500>,51,27,[ 1 13],52,286,313,234,286
1,<environment.Job instance at 0x14de93b9eb90>,52,20,[14  1],53,309,329,256,301
1,<environment.Job instance at 0x14de93b9ecd0>,53,22,[12  1],54,329,351,275,322
1,<environment.Job instance at 0x14de93b6e1e0>,36,3,[ 2 12],37,336,339,299,336
1,<environment.Job instance at 0x14de93b718c0>,55,20,[2 9],56,339,359,283,336
1,<environment.Job instance at 0x14de93b71730>,56,28,[1 7],57,359,387,302,358
1,<environment.Job instance at 0x14de93b71190>,57,28,[10  1],58,358,386,300,358
1,<environment.Job instance at 0x14de93b71320>,58,1,[12  1],59,386,387,327,361
1,<environment.Job instance at 0x14de93b71f50>,54,1,[ 1 12],55,387,388,332,363
1,<environment.Job instance at 0x14de939f0780>,61,1,[12  1],62,387,388,325,380
1,<environment.Job instance at 0x14de93b71820>,60,21,[ 2 12],61,388,409,327,381
1,<environment.Job instance at 0x14de93a515a0>,63,21,[ 2 13],64,409,430,345,403
1,<environment.Job instance at 0x14de939f5460>,66,3,[11  2],67,411,414,344,411
1,<environment.Job instance at 0x14de939f5b40>,67,24,[2 6],68,430,454,362,428
1,<environment.Job instance at 0x14de939f5e60>,64,3,[ 2 11],65,454,457,389,440
1,<environment.Job instance at 0x14de939f9f00>,69,26,[5 1],70,440,466,370,440
1,<environment.Job instance at 0x14de939f8500>,71,25,[2 7],72,457,482,385,453
1,<environment.Job instance at 0x14de939f8230>,72,23,[8 2],73,453,476,380,453
1,<environment.Job instance at 0x14de939f8050>,73,22,[ 1 13],74,482,504,408,475
1,<environment.Job instance at 0x14de9398a0f0>,74,23,[11  1],75,476,499,401,475
1,<environment.Job instance at 0x14de9398aeb0>,76,25,[ 2 14],77,504,529,427,500
1,<environment.Job instance at 0x14de938d10a0>,4,12,[ 2 13],5,532,544,527,532
1,<environment.Job instance at 0x14de939f5dc0>,68,3,[11  1],69,536,539,467,536
1,<environment.Job instance at 0x14de93a4e640>,80,20,[7 1],81,539,559,458,536
1,<environment.Job instance at 0x14de93ae9280>,84,22,[7 2],85,544,566,459,540
1,<environment.Job instance at 0x14de939ecb40>,86,25,[10  2],87,566,591,479,562
1,<environment.Job instance at 0x14de939e7320>,85,27,[2 7],86,562,589,476,562
1,<environment.Job instance at 0x14de9397ed20>,89,15,[ 2 14],90,595,610,505,595
1,<environment.Job instance at 0x14de939ecc80>,87,1,[14  1],88,610,611,522,599
1,<environment.Job instance at 0x14de9391bfa0>,22,1,[ 2 13],23,616,617,593,616
1,<environment.Job instance at 0x14de93b32aa0>,95,24,[12  1],96,616,640,520,616
1,<environment.Job instance at 0x14de93983820>,90,2,[12  2],91,640,642,549,627
1,<environment.Job instance at 0x14de93b32280>,98,17,[2 8],99,629,646,530,629
1,<environment.Job instance at 0x14de93b32320>,97,25,[11  1],98,643,668,545,643
1,<environment.Job instance at 0x14de93b32eb0>,100,27,[2 9],101,646,673,545,644
1,<environment.Job instance at 0x14de93b67370>,40,14,[11  2],41,669,683,628,669
1,<environment.Job instance at 0x14de93b2ae10>,106,1,[ 1 13],107,676,677,569,676
1,<environment.Job instance at 0x14de93b2ac80>,107,28,[2 5],108,677,705,569,677
1,<environment.Job instance at 0x14de93b2a140>,109,20,[ 2 10],110,683,703,573,680
1,<environment.Job instance at 0x14de93b2a0a0>,110,28,[1 6],111,703,731,592,702
1,<environment.Job instance at 0x14de93b2a870>,111,27,[12  1],112,703,730,591,702
1,<environment.Job instance at 0x14de93b32190>,102,18,[14  2],103,730,748,627,722
1,<environment.Job instance at 0x14de93b2a050>,115,19,[ 1 11],116,742,761,626,742
1,<environment.Job instance at 0x14de93b2a4b0>,114,18,[13  2],115,753,771,638,753
1,<environment.Job instance at 0x14de93b2a230>,117,17,[11  2],118,771,788,653,770
1,<environment.Job instance at 0x14de93b32c30>,93,15,[13  1],94,788,803,694,774
1,<environment.Job instance at 0x14de93b2ad70>,105,21,[ 2 14],106,814,835,708,814
1,<environment.Job instance at 0x14de93ab3690>,77,12,[13  1],78,1019,1031,941,1019
1,<environment.Job instance at 0x14ded91a0af0>,1,20,[14  2],2,3,23,1,3
1,<environment.Job instance at 0x14de93bb7eb0>,4,23,[11  2],5,23,46,18,17
1,<environment.Job instance at 0x14de93439230>,8,20,[12  2],9,46,66,37,40
1,<environment.Job instance at 0x14de934392d0>,11,22,[11  1],12,66,88,54,59
1,<environment.Job instance at 0x14de93439050>,10,18,[2 6],11,60,78,49,60
1,<environment.Job instance at 0x14de93bb7dc0>,0,18,[12  1],1,88,106,87,81
1,<environment.Job instance at 0x14de93439370>,12,17,[1 9],13,84,101,71,84
1,<environment.Job instance at 0x14de93439690>,16,28,[2 5],17,86,114,69,86
1,<environment.Job instance at 0x14de93439640>,15,21,[11  2],16,106,127,90,101
1,<environment.Job instance at 0x14de934398c0>,18,28,[12  2],19,127,155,108,126
1,<environment.Job instance at 0x14de934395f0>,19,23,[1 9],20,126,149,106,126
1,<environment.Job instance at 0x14de93439be0>,22,12,[2 8],23,149,161,126,132
1,<environment.Job instance at 0x14de93439550>,14,14,[11  2],15,179,193,164,179
1,<environment.Job instance at 0x14de93439dc0>,25,26,[5 2],26,193,219,167,190
1,<environment.Job instance at 0x14de93439e60>,26,21,[ 2 12],27,191,212,164,191
1,<environment.Job instance at 0x14de93439d20>,27,3,[ 1 13],28,212,215,184,207
1,<environment.Job instance at 0x14de93439b90>,20,17,[ 1 11],21,215,232,194,211
1,<environment.Job instance at 0x14de93439c80>,24,16,[12  2],25,221,237,196,221
1,<environment.Job instance at 0x14de9343b0f0>,30,14,[14  2],31,241,255,210,241
1,<environment.Job instance at 0x14de9343b1e0>,31,25,[1 8],32,241,266,209,241
1,<environment.Job instance at 0x14de93439f50>,28,18,[ 2 14],29,266,284,237,256
1,<environment.Job instance at 0x14de9343b280>,33,3,[ 2 13],34,284,287,250,264
1,<environment.Job instance at 0x14de9343b320>,34,23,[ 1 12],35,287,310,252,281
1,<environment.Job instance at 0x14de9343b3c0>,35,22,[10  1],36,281,303,245,281
1,<environment.Job instance at 0x14de9343b500>,36,1,[ 1 12],37,310,311,273,299
1,<environment.Job instance at 0x14de9343b5f0>,37,24,[1 6],38,311,335,273,306
1,<environment.Job instance at 0x14de9343b640>,38,20,[8 1],39,310,330,271,310
1,<environment.Job instance at 0x14de9343b690>,39,26,[7 2],40,330,356,290,327
1,<environment.Job instance at 0x14de9343b870>,41,27,[11  1],42,356,383,314,354
1,<environment.Job instance at 0x14de9343ba00>,43,25,[9 2],44,383,408,339,379
1,<environment.Job instance at 0x14de93439eb0>,29,16,[ 2 13],30,405,421,375,405
1,<environment.Job instance at 0x14de9343bb40>,45,27,[13  1],46,408,435,362,406
1,<environment.Job instance at 0x14de9343bbe0>,46,1,[13  1],47,435,436,388,412
1,<environment.Job instance at 0x14de9343bc80>,47,26,[12  2],48,436,462,388,433
1,<environment.Job instance at 0x14de9343bcd0>,48,25,[12  2],49,462,487,413,458
1,<environment.Job instance at 0x14de9343be10>,49,23,[9 1],50,487,510,437,481
1,<environment.Job instance at 0x14de9343be60>,50,24,[2 7],51,481,505,430,481
1,<environment.Job instance at 0x14de9343bfa0>,51,19,[ 1 12],52,505,524,453,504
1,<environment.Job instance at 0x14de9343b230>,32,3,[14  1],33,510,513,477,508
1,<environment.Job instance at 0x14de933be190>,54,24,[2 8],55,524,548,469,519
1,<environment.Job instance at 0x14de933be1e0>,55,27,[9 1],56,519,546,463,519
1,<environment.Job instance at 0x14de9343baa0>,44,18,[ 1 14],45,555,573,510,555
1,<environment.Job instance at 0x14de933be4b0>,59,24,[5 1],60,555,579,495,555
1,<environment.Job instance at 0x14de933be410>,60,15,[ 2 12],61,573,588,512,566
1,<environment.Job instance at 0x14de933be5a0>,62,18,[ 2 14],63,588,606,525,586
1,<environment.Job instance at 0x14de933be690>,63,19,[ 1 11],64,606,625,542,603
1,<environment.Job instance at 0x14de933be8c0>,64,27,[6 1],65,603,630,538,603
1,<environment.Job instance at 0x14de933be3c0>,58,15,[ 1 14],59,625,640,566,620
1,<environment.Job instance at 0x14de933bee10>,71,26,[7 1],72,634,660,562,634
1,<environment.Job instance at 0x14de933bed70>,72,28,[2 6],73,640,668,567,639
1,<environment.Job instance at 0x14de933be780>,73,28,[1 7],74,640,668,566,640
1,<environment.Job instance at 0x14de933bec80>,70,17,[11  1],71,660,677,589,651
1,<environment.Job instance at 0x14de933c0140>,77,26,[13  1],78,677,703,599,674
1,<environment.Job instance at 0x14de933bef00>,76,25,[12  1],77,703,728,626,699
1,<environment.Job instance at 0x14de933c0050>,78,13,[14  1],79,728,741,649,714
1,<environment.Job instance at 0x14de933c0190>,80,22,[14  2],81,741,763,660,734
1,<environment.Job instance at 0x14dedaa92a00>,81,3,[12  2],82,763,766,681,737
1,<environment.Job instance at 0x14de9342e0a0>,82,3,[11  1],83,766,769,683,747
1,<environment.Job instance at 0x14de9342e190>,83,28,[6 2],84,769,797,685,768
1,<environment.Job instance at 0x14de9342db40>,84,20,[12  1],85,797,817,712,788
1,<environment.Job instance at 0x14de9342e140>,85,21,[13  1],86,817,838,731,809
1,<environment.Job instance at 0x14de9342dcd0>,87,26,[1 5],88,811,837,723,811
1,<environment.Job instance at 0x14de9342dc30>,88,1,[2 6],89,837,838,748,827
1,<environment.Job instance at 0x14de9342d690>,90,17,[ 2 12],91,839,856,748,839
1,<environment.Job instance at 0x14de9342d730>,91,1,[13  2],92,852,853,760,852
1,<environment.Job instance at 0x14de9342dc80>,92,28,[1 9],93,856,884,763,855
1,<environment.Job instance at 0x14de9342d9b0>,95,21,[9 1],96,863,884,767,863
1,<environment.Job instance at 0x14de9342d0a0>,96,21,[12  1],97,884,905,787,876
1,<environment.Job instance at 0x14de9342d140>,98,28,[5 1],99,905,933,806,904
1,<environment.Job instance at 0x14de9342d0f0>,99,1,[8 1],100,905,906,805,905
1,<environment.Job instance at 0x14de9342d3c0>,100,24,[ 2 10],101,905,929,804,905
1,<environment.Job instance at 0x14de9347daa0>,101,20,[11  1],102,933,953,831,924
1,<environment.Job instance at 0x14de933c0280>,79,16,[ 1 11],80,971,987,891,971
1,<environment.Job instance at 0x14de9340ee60>,104,13,[14  2],105,994,1007,889,994
1,<environment.Job instance at 0x14de934009b0>,107,25,[13  1],108,1007,1032,899,1003
1,<environment.Job instance at 0x14de9346be60>,109,23,[11  2],110,1032,1055,922,1026
1,<environment.Job instance at 0x14de93401eb0>,102,15,[ 1 13],103,1045,1060,942,1045
1,<environment.Job instance at 0x14de935f6dc0>,112,21,[ 1 13],113,1060,1081,947,1052
1,<environment.Job instance at 0x14de93453320>,113,21,[5 1],114,1055,1076,941,1052
1,<environment.Job instance at 0x14de934a6140>,114,16,[14  1],115,1082,1098,967,1082
1,<environment.Job instance at 0x14de934ee320>,115,3,[ 2 13],116,1098,1101,982,1088
1,<environment.Job instance at 0x14de9347f9b0>,116,26,[10  2],117,1098,1124,981,1095
1,<environment.Job instance at 0x14ded8ec49b0>,117,28,[14  1],118,1124,1152,1006,1123
1,<environment.Job instance at 0x14de9343bf00>,53,13,[14  2],54,1161,1174,1107,1161
1,<environment.Job instance at 0x14dedaa55d70>,111,1,[ 1 14],112,1181,1182,1069,1181
1,<environment.Job instance at 0x14de934390a0>,9,2,[ 1 11],10,1301,1303,1291,1301
1,<environment.Job instance at 0x14de93bb70a0>,2,15,[ 1 13],3,2087,2102,2084,2087
1,<environment.Job instance at 0x14deda9d35a0>,1,2,[11  1],2,5,7,3,5
1,<environment.Job instance at 0x14deda9d3730>,5,28,[11  2],6,7,35,1,6
1,<environment.Job instance at 0x14deda9d3550>,6,24,[ 2 13],7,7,31,0,7
1,<environment.Job instance at 0x14deda9d3e10>,12,28,[ 2 10],13,31,59,18,31
1,<environment.Job instance at 0x14dedf34c690>,17,21,[13  1],18,49,70,31,49
1,<environment.Job instance at 0x14deda9d3370>,7,17,[ 2 12],8,62,79,54,62
1,<environment.Job instance at 0x14deda8bb8c0>,22,28,[2 5],23,79,107,56,78
1,<environment.Job instance at 0x14deda8bb6e0>,23,27,[ 1 12],24,107,134,83,105
1,<environment.Job instance at 0x14deda8bba00>,24,23,[ 1 13],25,134,157,109,128
1,<environment.Job instance at 0x14deda8bb2d0>,25,21,[11  2],26,128,149,102,128
1,<environment.Job instance at 0x14deda8bb1e0>,29,27,[11  1],30,149,176,119,147
1,<environment.Job instance at 0x14dedf34c3c0>,18,18,[ 2 12],19,157,175,138,155
1,<environment.Job instance at 0x14deda9d3cd0>,4,2,[ 1 11],5,175,177,170,165
1,<environment.Job instance at 0x14deda9d3780>,3,16,[11  2],4,176,192,172,173
1,<environment.Job instance at 0x14deda8bbf00>,37,27,[ 2 10],38,177,204,139,175
1,<environment.Job instance at 0x14deda8b7730>,38,28,[ 2 14],39,204,232,165,203
1,<environment.Job instance at 0x14deda8b7aa0>,40,27,[11  1],41,218,245,177,218
1,<environment.Job instance at 0x14deda8b7a00>,43,28,[2 8],44,232,260,188,231
1,<environment.Job instance at 0x14deda8b76e0>,45,3,[14  2],46,260,263,214,257
1,<environment.Job instance at 0x14deda8b7d70>,46,18,[12  2],47,267,285,220,267
1,<environment.Job instance at 0x14deda8b75f0>,48,24,[8 1],49,285,309,236,280
1,<environment.Job instance at 0x14deda8b79b0>,49,24,[ 1 14],50,285,309,235,280
1,<environment.Job instance at 0x14deda8bbeb0>,19,3,[ 2 13],20,280,283,260,280
1,<environment.Job instance at 0x14deda9956e0>,58,28,[7 2],59,309,337,250,308
1,<environment.Job instance at 0x14deda995730>,59,25,[ 1 14],60,337,362,277,333
1,<environment.Job instance at 0x14deda8bbcd0>,35,14,[ 1 13],36,362,376,326,350
1,<environment.Job instance at 0x14deda8bb140>,33,1,[12  1],34,350,351,316,350
1,<environment.Job instance at 0x14dedb0beb90>,66,27,[ 2 12],67,376,403,309,374
1,<environment.Job instance at 0x14dedb0bed70>,64,24,[6 2],65,374,398,309,374
1,<environment.Job instance at 0x14deda995c80>,60,20,[ 2 13],61,403,423,342,394
1,<environment.Job instance at 0x14dedb0be820>,67,20,[11  1],68,398,418,330,396
1,<environment.Job instance at 0x14dedb0bec30>,68,22,[ 2 11],69,423,445,354,416
1,<environment.Job instance at 0x14dedb0bee10>,74,26,[9 2],75,418,444,343,416
1,<environment.Job instance at 0x14dedb0bef00>,73,20,[ 1 12],74,445,465,371,436
1,<environment.Job instance at 0x14dedb0beeb0>,79,28,[ 1 11],80,465,493,385,464
1,<environment.Job instance at 0x14deda8bbc30>,32,14,[11  1],33,465,479,432,465
1,<environment.Job instance at 0x14deda8f3d70>,82,3,[10  2],83,491,494,408,491
1,<environment.Job instance at 0x14deda8f35f0>,83,26,[2 6],84,493,519,409,491
1,<environment.Job instance at 0x14deda8f32d0>,84,22,[14  2],85,519,541,434,512
1,<environment.Job instance at 0x14deda8f3b90>,85,1,[ 2 11],86,541,542,455,532
1,<environment.Job instance at 0x14deda8f3b40>,86,25,[5 2],87,541,566,454,537
1,<environment.Job instance at 0x14deda8f3690>,87,23,[14  2],88,566,589,478,560
1,<environment.Job instance at 0x14dedb0be050>,80,12,[ 1 11],81,582,594,501,582
1,<environment.Job instance at 0x14deda8f3f00>,88,1,[1 5],89,597,598,508,597
1,<environment.Job instance at 0x14deda8f3550>,90,1,[9 2],91,597,598,506,597
1,<environment.Job instance at 0x14deda8f3500>,91,22,[7 1],92,598,620,506,597
1,<environment.Job instance at 0x14deda8f39b0>,93,1,[11  2],94,620,621,526,603
1,<environment.Job instance at 0x14deda8f3910>,94,25,[14  1],95,621,646,526,617
1,<environment.Job instance at 0x14deda932e10>,96,21,[ 1 11],97,622,643,525,622
1,<environment.Job instance at 0x14deda932fa0>,97,24,[5 2],98,646,670,548,641
1,<environment.Job instance at 0x14deda8f3870>,89,3,[14  1],90,670,673,580,655
1,<environment.Job instance at 0x14deda932be0>,98,2,[ 1 14],99,670,672,571,662
1,<environment.Job instance at 0x14deda932190>,102,21,[1 6],103,672,693,569,665
1,<environment.Job instance at 0x14deda932b40>,104,24,[2 9],105,674,698,569,674
1,<environment.Job instance at 0x14deda932050>,107,14,[1 5],108,693,707,585,690
1,<environment.Job instance at 0x14deda932370>,108,14,[13  1],109,714,728,605,714
1,<environment.Job instance at 0x14deda9320a0>,111,3,[ 2 11],112,715,718,603,715
1,<environment.Job instance at 0x14deda932cd0>,112,26,[2 9],113,718,744,605,715
1,<environment.Job instance at 0x14deda9325f0>,113,13,[13  1],114,749,762,635,749
1,<environment.Job instance at 0x14dedb0be460>,77,17,[ 1 13],78,752,769,674,752
1,<environment.Job instance at 0x14deda932d70>,115,20,[14  1],116,762,782,646,754
1,<environment.Job instance at 0x14deda932910>,116,3,[13  2],117,782,785,665,762
1,<environment.Job instance at 0x14dedab56820>,118,23,[14  2],119,785,808,666,779
1,<environment.Job instance at 0x14deda932640>,114,3,[14  2],115,810,813,695,810
1,<environment.Job instance at 0x14deda9951e0>,57,18,[11  1],58,852,870,794,852
1,<environment.Job instance at 0x14dedb0bee60>,69,14,[ 1 12],70,891,905,821,891
1,<environment.Job instance at 0x14deda932230>,103,15,[ 2 14],104,940,955,836,940
1,<environment.Job instance at 0x14dee12ccc30>,0,24,[ 1 10],1,1,25,0,1
1,<environment.Job instance at 0x14ded8eece10>,7,24,[10  2],8,10,34,2,10
1,<environment.Job instance at 0x14dee12ccdc0>,2,24,[ 1 11],3,25,49,22,22
1,<environment.Job instance at 0x14ded8eec5f0>,11,28,[ 1 12],12,49,77,37,48
1,<environment.Job instance at 0x14ded8eec9b0>,10,25,[12  2],11,71,96,60,71
1,<environment.Job instance at 0x14ded8eeca00>,13,28,[ 2 10],14,77,105,63,76
1,<environment.Job instance at 0x14ded8eec320>,16,24,[5 1],17,96,120,79,92
1,<environment.Job instance at 0x14ded8eec6e0>,20,20,[ 1 13],21,105,125,84,103
1,<environment.Job instance at 0x14dee0c4f9b0>,21,23,[2 7],22,125,148,103,120
1,<environment.Job instance at 0x14ded8eec140>,15,20,[11  2],16,122,142,106,122
1,<environment.Job instance at 0x14dee0c4ff50>,23,27,[2 8],24,142,169,118,140
1,<environment.Job instance at 0x14dee0c4fdc0>,25,2,[ 2 13],26,169,171,143,149
1,<environment.Job instance at 0x14ded8eecc80>,19,21,[14  2],20,171,192,151,164
1,<environment.Job instance at 0x14dee0c4fa50>,26,1,[ 2 13],27,192,193,165,177
1,<environment.Job instance at 0x14dee0c4f8c0>,29,16,[5 2],30,192,208,162,181
1,<environment.Job instance at 0x14dee12e3c30>,30,1,[14  2],31,208,209,177,191
1,<environment.Job instance at 0x14dee12e3640>,31,27,[13  1],32,209,236,177,207
1,<environment.Job instance at 0x14dee12e3190>,32,19,[ 2 12],33,211,230,178,211
1,<environment.Job instance at 0x14dee12e3410>,35,23,[2 6],36,230,253,194,224
1,<environment.Job instance at 0x14dee12e3550>,37,24,[6 1],38,236,260,198,233
1,<environment.Job instance at 0x14dee12e3370>,38,25,[12  1],39,260,285,221,256
1,<environment.Job instance at 0x14dee12e30a0>,39,27,[5 2],40,285,312,245,283
1,<environment.Job instance at 0x14dee0c1b960>,4,18,[ 2 14],5,312,330,307,302
1,<environment.Job instance at 0x14dee12e3730>,42,28,[ 1 12],43,330,358,287,329
1,<environment.Job instance at 0x14dee12e3e10>,43,24,[ 2 10],44,358,382,314,353
1,<environment.Job instance at 0x14dee12e32d0>,44,25,[11  2],45,353,378,308,353
1,<environment.Job instance at 0x14dee12e3be0>,45,23,[ 1 14],46,382,405,336,376
1,<environment.Job instance at 0x14dee128faf0>,47,12,[ 1 12],48,433,445,385,433
1,<environment.Job instance at 0x14dee128fd70>,50,24,[ 2 12],51,445,469,394,440
1,<environment.Job instance at 0x14ded8eecd70>,6,2,[11  2],7,468,470,461,468
1,<environment.Job instance at 0x14dee128f230>,52,21,[10  1],53,470,491,417,470
1,<environment.Job instance at 0x14dee128f870>,53,24,[11  1],54,491,515,437,486
1,<environment.Job instance at 0x14dee128f2d0>,55,24,[2 7],56,492,516,436,492
1,<environment.Job instance at 0x14dee1c69870>,58,20,[9 1],59,515,535,456,510
1,<environment.Job instance at 0x14dee1c69a00>,59,3,[ 2 12],60,516,519,456,514
1,<environment.Job instance at 0x14dee128f1e0>,51,15,[11  2],52,535,550,483,522
1,<environment.Job instance at 0x14dee1c690f0>,61,24,[12  1],62,550,574,488,545
1,<environment.Job instance at 0x14dee1c69e10>,63,28,[ 2 12],64,549,577,485,549
1,<environment.Job instance at 0x14dee1c698c0>,65,20,[ 1 12],66,577,597,511,571
1,<environment.Job instance at 0x14dee0c4f910>,27,16,[12  1],28,604,620,576,604
1,<environment.Job instance at 0x14dee1c69d70>,66,12,[ 1 11],67,615,627,548,615
1,<environment.Job instance at 0x14dee1c69cd0>,67,23,[9 2],68,620,643,552,619
1,<environment.Job instance at 0x14dee1c69960>,71,28,[12  1],72,643,671,571,642
1,<environment.Job instance at 0x14dee1c69f50>,72,2,[ 1 11],73,669,671,596,669
1,<environment.Job instance at 0x14dee1c69c80>,73,19,[10  2],74,671,690,597,669
1,<environment.Job instance at 0x14dee12f9820>,76,20,[8 2],77,693,713,616,693
1,<environment.Job instance at 0x14dee12f9190>,77,27,[14  2],78,713,740,635,711
1,<environment.Job instance at 0x14dee12f90a0>,78,15,[ 1 12],79,736,751,657,736
1,<environment.Job instance at 0x14dee12f98c0>,79,2,[ 1 13],80,762,764,682,762
1,<environment.Job instance at 0x14dee12f9cd0>,80,18,[8 1],81,764,782,683,764
1,<environment.Job instance at 0x14deda832640>,82,18,[ 1 11],83,796,814,713,796
1,<environment.Job instance at 0x14deda832aa0>,83,25,[10  1],84,796,821,712,796
1,<environment.Job instance at 0x14deda8328c0>,84,24,[ 1 14],85,814,838,729,809
1,<environment.Job instance at 0x14dee0c4fcd0>,22,16,[ 2 12],23,838,854,815,831
1,<environment.Job instance at 0x14dedfc8ca00>,87,28,[6 1],88,831,859,743,831
1,<environment.Job instance at 0x14dedfc8c690>,88,20,[ 1 11],89,854,874,765,851
1,<environment.Job instance at 0x14dedfc8c460>,89,27,[2 6],90,874,901,784,872
1,<environment.Job instance at 0x14dedfc8caa0>,90,26,[8 1],91,872,898,781,872
1,<environment.Job instance at 0x14dedfc8cc30>,86,1,[14  1],87,907,908,820,907
1,<environment.Job instance at 0x14dedfc8ce60>,94,21,[ 2 14],95,917,938,822,917
1,<environment.Job instance at 0x14dedfc8c230>,95,22,[14  1],96,938,960,842,931
1,<environment.Job instance at 0x14dedfc8c9b0>,96,22,[9 2],97,960,982,863,953
1,<environment.Job instance at 0x14dedfc8cb40>,97,26,[6 2],98,960,986,862,957
1,<environment.Job instance at 0x14ded4162780>,102,22,[14  2],103,986,1008,883,979
1,<environment.Job instance at 0x14ded4162c30>,103,3,[12  2],104,1015,1018,911,1015
1,<environment.Job instance at 0x14ded4162d70>,104,27,[ 2 14],105,1018,1045,913,1016
1,<environment.Job instance at 0x14ded4162eb0>,107,24,[12  2],108,1045,1069,937,1040
1,<environment.Job instance at 0x14dedfc8c6e0>,91,12,[ 1 14],92,1099,1111,1007,1099
1,<environment.Job instance at 0x14ded4162cd0>,110,27,[10  2],111,1111,1138,1000,1109
1,<environment.Job instance at 0x14ded41620f0>,111,2,[ 1 13],112,1140,1142,1028,1140
1,<environment.Job instance at 0x14ded41625f0>,112,23,[11  2],113,1140,1163,1027,1140
1,<environment.Job instance at 0x14ded41628c0>,113,3,[ 1 12],114,1151,1154,1037,1151
1,<environment.Job instance at 0x14ded4162140>,115,24,[ 2 14],116,1163,1187,1047,1158
1,<environment.Job instance at 0x14dee1c69dc0>,69,17,[ 2 14],70,1207,1224,1137,1207
1,<environment.Job instance at 0x14ded41622d0>,109,2,[ 2 11],110,1237,1239,1127,1237
1,<environment.Job instance at 0x14dee12e3280>,41,15,[ 1 14],42,1344,1359,1302,1344
1,<environment.Job instance at 0x14dee1c69140>,60,16,[ 1 14],61,1359,1375,1298,1358
1,<environment.Job instance at 0x14deda9e2140>,2,26,[8 2],3,3,29,0,3
1,<environment.Job instance at 0x14deda9e2460>,5,27,[7 1],6,6,33,0,6
1,<environment.Job instance at 0x14ded407f9b0>,9,23,[8 2],10,29,52,19,25
1,<environment.Job instance at 0x14ded409ff50>,7,27,[7 1],8,33,60,25,33
1,<environment.Job instance at 0x14deda9e2f50>,0,21,[ 1 14],1,52,73,51,51
1,<environment.Job instance at 0x14ded407fe60>,14,28,[11  1],15,60,88,45,60
1,<environment.Job instance at 0x14ded407f280>,10,23,[13  2],11,88,111,77,87
1,<environment.Job instance at 0x14dedf3ec780>,16,22,[11  2],17,111,133,94,106
1,<environment.Job instance at 0x14dedf3ec5f0>,17,28,[13  1],18,133,161,115,132
1,<environment.Job instance at 0x14dedf3ec3c0>,20,24,[ 1 10],21,132,156,111,132
1,<environment.Job instance at 0x14dedf3ece60>,21,28,[ 2 13],22,156,184,134,155
1,<environment.Job instance at 0x14dedf3eca00>,22,26,[ 1 14],23,184,210,161,181
1,<environment.Job instance at 0x14ded407fc80>,13,2,[12  2],14,215,217,201,215
1,<environment.Job instance at 0x14dedf3ec190>,26,27,[8 2],27,220,247,193,220
1,<environment.Job instance at 0x14dee1c69140>,6,21,[ 2 12],7,225,246,218,225
1,<environment.Job instance at 0x14dedf3ec690>,28,25,[11  1],29,247,272,218,247
1,<environment.Job instance at 0x14dedf3ec140>,27,1,[ 2 13],28,266,267,238,266
1,<environment.Job instance at 0x14dedf3eceb0>,30,28,[14  2],31,272,300,241,271
1,<environment.Job instance at 0x14dedf3ec2d0>,32,27,[ 1 13],33,284,311,251,284
1,<environment.Job instance at 0x14dedf3ec910>,33,23,[11  1],34,300,323,266,294
1,<environment.Job instance at 0x14ded8ef00a0>,34,27,[13  1],35,323,350,288,321
1,<environment.Job instance at 0x14ded8ef0410>,35,3,[5 1],36,350,353,314,326
1,<environment.Job instance at 0x14dedf3eca50>,19,14,[11  1],20,355,369,335,355
1,<environment.Job instance at 0x14dedf3ecaa0>,23,15,[11  1],24,369,384,345,359
1,<environment.Job instance at 0x14ded8ef05a0>,39,25,[ 1 12],40,359,384,319,359
1,<environment.Job instance at 0x14ded8ef0500>,36,3,[ 1 13],37,384,387,347,360
1,<environment.Job instance at 0x14ded8ef0550>,44,26,[ 2 14],45,387,413,342,384
1,<environment.Job instance at 0x14ded8ef06e0>,41,28,[ 2 13],42,413,441,371,412
1,<environment.Job instance at 0x14ded8ef0a50>,48,28,[6 1],49,412,440,363,412
1,<environment.Job instance at 0x14ded8ef0d70>,49,25,[14  1],50,441,466,391,437
1,<environment.Job instance at 0x14ded8ef0aa0>,50,23,[14  1],51,466,489,415,460
1,<environment.Job instance at 0x14ded8ef0370>,46,18,[12  1],47,497,515,450,497
1,<environment.Job instance at 0x14ded8ef0c30>,47,2,[11  2],48,515,517,467,497
1,<environment.Job instance at 0x14ded8f112d0>,57,27,[8 2],58,517,544,459,515
1,<environment.Job instance at 0x14ded8f11190>,56,19,[2 8],57,516,535,459,516
1,<environment.Job instance at 0x14ded8f11460>,61,2,[ 2 13],62,541,543,479,541
1,<environment.Job instance at 0x14ded8f11140>,59,2,[ 2 14],60,544,546,484,541
1,<environment.Job instance at 0x14ded8f11910>,65,21,[2 7],66,546,567,480,542
1,<environment.Job instance at 0x14ded8f11280>,62,15,[14  1],63,572,587,509,572
1,<environment.Job instance at 0x14ded8f118c0>,68,18,[12  2],69,587,605,518,576
1,<environment.Job instance at 0x14ded8f11870>,66,17,[ 2 11],67,597,614,530,597
1,<environment.Job instance at 0x14ded8f11aa0>,70,24,[8 2],71,605,629,534,602
1,<environment.Job instance at 0x14ded8f11c80>,71,19,[14  1],72,629,648,557,628
1,<environment.Job instance at 0x14ded8ef0f00>,54,14,[14  1],55,648,662,593,644
1,<environment.Job instance at 0x14ded8f11e60>,75,2,[8 1],76,662,664,586,646
1,<environment.Job instance at 0x14ded8f11fa0>,76,1,[2 9],77,662,663,585,646
1,<environment.Job instance at 0x14ded8f11d70>,77,17,[9 2],78,664,681,586,659
1,<environment.Job instance at 0x14ded8f20050>,78,27,[12  1],79,681,708,602,679
1,<environment.Job instance at 0x14ded8f20140>,79,2,[ 1 14],80,715,717,635,715
1,<environment.Job instance at 0x14ded8f201e0>,80,26,[ 2 14],81,717,743,636,715
1,<environment.Job instance at 0x14ded8f20410>,82,24,[14  1],83,743,767,660,738
1,<environment.Job instance at 0x14dedf3ec0a0>,18,16,[ 1 12],19,763,779,744,763
1,<environment.Job instance at 0x14ded8f11c30>,69,3,[ 1 13],70,779,782,709,768
1,<environment.Job instance at 0x14ded8f20870>,87,18,[13  2],88,777,795,689,777
1,<environment.Job instance at 0x14ded8f20460>,84,1,[ 1 11],85,782,783,697,779
1,<environment.Job instance at 0x14ded8f20780>,89,25,[12  2],90,795,820,705,791
1,<environment.Job instance at 0x14ded8f20aa0>,93,17,[9 1],94,820,837,726,817
1,<environment.Job instance at 0x14ded8f11d20>,73,2,[ 1 12],74,822,824,748,822
1,<environment.Job instance at 0x14ded8f20c80>,95,24,[14  1],96,837,861,741,832
1,<environment.Job instance at 0x14ded8f20be0>,96,19,[ 2 11],97,861,880,764,855
1,<environment.Job instance at 0x14ded8f20d20>,97,24,[13  2],98,861,885,763,858
1,<environment.Job instance at 0x14ded8eee050>,102,27,[5 1],103,885,912,782,883
1,<environment.Job instance at 0x14ded8eee140>,103,27,[ 2 11],104,884,911,780,884
1,<environment.Job instance at 0x14ded8eee1e0>,104,28,[12  1],105,912,940,807,911
1,<environment.Job instance at 0x14ded8f20b40>,94,1,[13  1],95,940,941,845,929
1,<environment.Job instance at 0x14ded8f10410>,107,20,[13  2],108,941,961,833,932
1,<environment.Job instance at 0x14ded8f100f0>,108,26,[9 2],109,961,987,852,958
1,<environment.Job instance at 0x14ded8f205a0>,86,16,[11  1],87,987,1003,900,980
1,<environment.Job instance at 0x14ded8f10370>,110,16,[2 5],111,985,1001,874,985
1,<environment.Job instance at 0x14ded8f10b40>,112,1,[ 2 13],113,1001,1002,888,998
1,<environment.Job instance at 0x14dedb128730>,114,23,[ 1 10],115,1002,1025,887,998
1,<environment.Job instance at 0x14de933c5e10>,116,25,[2 5],117,1003,1028,886,1001
1,<environment.Job instance at 0x14ded8f10f50>,113,1,[14  1],114,1028,1029,914,1005
1,<environment.Job instance at 0x14de938343c0>,106,2,[ 1 11],107,1028,1030,921,1022
1,<environment.Job instance at 0x14dedf3ec960>,29,3,[12  1],30,1056,1059,1026,1056
1,<environment.Job instance at 0x14ded8f20d70>,101,14,[ 2 12],102,1063,1077,961,1063
1,<environment.Job instance at 0x14de93b20dc0>,0,22,[ 1 10],1,2,24,1,2
1,<environment.Job instance at 0x14dedfd5e460>,1,1,[8 1],2,12,13,10,12
1,<environment.Job instance at 0x14dedb0e10a0>,8,20,[ 2 14],9,24,44,15,15
1,<environment.Job instance at 0x14ded9fe2500>,6,2,[ 1 14],7,44,46,37,18
1,<environment.Job instance at 0x14dee12ab960>,12,27,[ 1 11],13,46,73,33,46
1,<environment.Job instance at 0x14dee12df3c0>,13,2,[ 1 13],14,73,75,59,70
1,<environment.Job instance at 0x14deda821910>,15,23,[1 7],16,75,98,59,72
1,<environment.Job instance at 0x14deda821640>,16,25,[2 5],17,75,100,58,72
1,<environment.Job instance at 0x14deda821820>,17,25,[1 9],18,98,123,80,95
1,<environment.Job instance at 0x14deda8215a0>,18,28,[14  1],19,100,128,81,100
1,<environment.Job instance at 0x14dee12dac80>,22,13,[ 1 12],23,123,136,100,111
1,<environment.Job instance at 0x14ded9fe25f0>,5,3,[ 1 11],6,136,139,130,117
1,<environment.Job instance at 0x14dee12da190>,23,2,[13  1],24,144,146,120,144
1,<environment.Job instance at 0x14dee12da0f0>,24,1,[ 2 13],25,145,146,120,145
1,<environment.Job instance at 0x14ded8f50a50>,28,23,[5 2],29,146,169,117,145
1,<environment.Job instance at 0x14ded8f50370>,27,3,[13  1],28,169,172,141,163
1,<environment.Job instance at 0x14dee0c4faa0>,29,23,[11  2],30,172,195,142,166
1,<environment.Job instance at 0x14dee0c4fc30>,31,21,[ 1 13],32,170,191,138,170
1,<environment.Job instance at 0x14de9380fd70>,34,23,[1 8],35,191,214,156,185
1,<environment.Job instance at 0x14de9380f910>,32,22,[11  2],33,195,217,162,188
1,<environment.Job instance at 0x14de9380f280>,37,28,[ 1 10],38,214,242,176,213
1,<environment.Job instance at 0x14dee127fe10>,10,1,[13  2],11,219,220,208,219
1,<environment.Job instance at 0x14de93809140>,40,19,[11  2],41,220,239,179,219
1,<environment.Job instance at 0x14de93809d70>,41,28,[10  2],42,239,267,197,238
1,<environment.Job instance at 0x14dedb0e1140>,9,3,[ 2 13],10,256,259,246,256
1,<environment.Job instance at 0x14de9380f3c0>,39,17,[12  1],40,267,284,227,256
1,<environment.Job instance at 0x14de93ae0aa0>,45,26,[10  2],46,284,310,238,281
1,<environment.Job instance at 0x14de93ae0410>,46,21,[1 6],47,281,302,234,281
1,<environment.Job instance at 0x14de93ae0730>,47,25,[ 1 11],48,302,327,254,299
1,<environment.Job instance at 0x14de93ae0550>,48,25,[ 1 10],49,327,352,278,323
1,<environment.Job instance at 0x14de93809d20>,43,1,[ 1 11],44,352,353,308,330
1,<environment.Job instance at 0x14de9380f050>,38,12,[11  1],39,355,367,316,355
1,<environment.Job instance at 0x14de93ae0d20>,54,26,[2 7],55,357,383,302,357
1,<environment.Job instance at 0x14de93ae0500>,55,1,[ 1 14],56,383,384,327,365
1,<environment.Job instance at 0x14de93ae02d0>,52,16,[13  1],53,371,387,318,371
1,<environment.Job instance at 0x14de93ae0b90>,57,24,[14  1],58,387,411,329,382
1,<environment.Job instance at 0x14de93ae0690>,50,3,[ 1 12],51,385,388,334,385
1,<environment.Job instance at 0x14de93ae0cd0>,44,13,[ 1 11],45,417,430,372,417
1,<environment.Job instance at 0x14de93ae0910>,56,2,[11  1],57,427,429,370,427
1,<environment.Job instance at 0x14de9364d460>,60,14,[ 1 13],61,430,444,369,427
1,<environment.Job instance at 0x14de93ae0780>,58,14,[11  2],59,434,448,375,434
1,<environment.Job instance at 0x14de93a656e0>,64,27,[11  1],65,448,475,383,446
1,<environment.Job instance at 0x14de93a65460>,65,25,[2 6],66,446,471,380,446
1,<environment.Job instance at 0x14de93a65500>,66,19,[ 2 11],67,471,490,404,465
1,<environment.Job instance at 0x14ded91ab7d0>,67,12,[ 2 12],68,490,502,422,490
1,<environment.Job instance at 0x14ded91abb40>,68,24,[5 2],69,490,514,421,490
1,<environment.Job instance at 0x14ded91ab820>,69,3,[5 1],70,502,505,432,502
1,<environment.Job instance at 0x14ded91ab870>,70,18,[6 2],71,505,523,434,504
1,<environment.Job instance at 0x14ded91ab960>,71,14,[ 2 11],72,511,525,439,511
1,<environment.Job instance at 0x14de9380ba00>,72,20,[12  2],73,523,543,450,514
1,<environment.Job instance at 0x14de9380baa0>,73,2,[12  1],74,543,545,469,523
1,<environment.Job instance at 0x14de9380b230>,74,2,[11  1],75,545,547,470,530
1,<environment.Job instance at 0x14de9380b730>,75,2,[7 2],76,547,549,471,533
1,<environment.Job instance at 0x14de9380b8c0>,76,25,[13  1],77,549,574,472,545
1,<environment.Job instance at 0x14de9380b7d0>,77,22,[14  2],78,574,596,496,567
1,<environment.Job instance at 0x14de9364d2d0>,63,3,[ 2 13],64,569,572,505,569
1,<environment.Job instance at 0x14de9380be10>,80,21,[ 1 10],81,578,599,497,578
1,<environment.Job instance at 0x14de9380bf50>,82,3,[ 2 13],83,599,602,516,580
1,<environment.Job instance at 0x14de9380bc80>,83,26,[12  1],84,596,622,512,593
1,<environment.Job instance at 0x14de9380b500>,86,22,[ 2 10],87,602,624,515,595
1,<environment.Job instance at 0x14de9380b320>,87,26,[ 2 14],88,624,650,536,622
1,<environment.Job instance at 0x14dedb3d46e0>,89,18,[5 2],90,650,668,560,641
1,<environment.Job instance at 0x14dedb3d4be0>,88,25,[2 6],89,650,675,561,646
1,<environment.Job instance at 0x14dedb3d4a50>,90,1,[12  2],91,668,669,577,652
1,<environment.Job instance at 0x14dedb3d41e0>,91,22,[ 2 10],92,675,697,583,668
1,<environment.Job instance at 0x14dedb3d4190>,93,1,[ 2 12],94,697,698,603,682
1,<environment.Job instance at 0x14dedb3d43c0>,94,26,[ 1 11],95,698,724,603,695
1,<environment.Job instance at 0x14dedf3bfc30>,97,22,[7 1],98,696,718,598,696
1,<environment.Job instance at 0x14dedf3bfa00>,98,25,[ 1 12],99,724,749,625,720
1,<environment.Job instance at 0x14dedf3bf780>,99,25,[12  1],100,720,745,620,720
1,<environment.Job instance at 0x14dedab37c30>,100,23,[13  2],101,745,768,644,739
1,<environment.Job instance at 0x14de9364d050>,61,12,[ 1 13],62,749,761,687,749
1,<environment.Job instance at 0x14dedab37a00>,104,28,[ 1 13],105,761,789,656,760
1,<environment.Job instance at 0x14dedab37f50>,102,1,[13  2],103,768,769,665,764
1,<environment.Job instance at 0x14dedab37aa0>,106,26,[ 2 13],107,789,815,682,786
1,<environment.Job instance at 0x14dedab373c0>,107,25,[11  1],108,786,811,678,786
1,<environment.Job instance at 0x14dedb3d4780>,96,15,[ 1 12],97,815,830,718,801
1,<environment.Job instance at 0x14dedab2e5a0>,114,22,[10  2],115,811,833,696,804
1,<environment.Job instance at 0x14dedab2eeb0>,116,21,[6 2],117,833,854,716,825
1,<environment.Job instance at 0x14dedab2e4b0>,117,24,[1 6],118,830,854,712,825
1,<environment.Job instance at 0x14dedab2eb90>,118,14,[12  2],119,854,868,735,844
1,<environment.Job instance at 0x14de93ae0d70>,59,16,[14  2],60,868,884,808,856
1,<environment.Job instance at 0x14de9380fbe0>,33,3,[ 1 12],34,1511,1514,1477,1511
1,<environment.Job instance at 0x14dedab2e1e0>,115,12,[ 2 13],116,2153,2165,2037,2153
1,<environment.Job instance at 0x14dedfcf0550>,0,20,[1 8],1,2,22,1,2
1,<environment.Job instance at 0x14de936bd370>,1,22,[7 2],2,5,27,3,5
1,<environment.Job instance at 0x14ded40a6c80>,6,26,[1 7],7,22,48,15,19
1,<environment.Job instance at 0x14ded40a6050>,5,21,[13  2],6,27,48,21,19
1,<environment.Job instance at 0x14ded40a6640>,16,27,[ 1 14],17,48,75,31,46
1,<environment.Job instance at 0x14dedaaf4b40>,17,19,[7 1],18,60,79,42,60
1,<environment.Job instance at 0x14ded40a6190>,10,22,[ 1 11],11,75,97,64,72
1,<environment.Job instance at 0x14dedaaf45f0>,20,27,[ 1 10],21,97,124,76,95
1,<environment.Job instance at 0x14dedaaf4aa0>,21,27,[2 5],22,97,124,75,96
1,<environment.Job instance at 0x14dedaaf4d70>,22,28,[ 1 12],23,124,152,101,123
1,<environment.Job instance at 0x14dedaaf44b0>,23,28,[2 8],24,152,180,128,152
1,<environment.Job instance at 0x14ded40a6f50>,12,2,[ 1 14],13,180,182,167,153
1,<environment.Job instance at 0x14dedaaf4f50>,28,26,[ 1 11],29,182,208,153,179
1,<environment.Job instance at 0x14dedaaf4910>,29,28,[2 7],30,208,236,178,207
1,<environment.Job instance at 0x14dedaaf4780>,30,20,[2 5],31,210,230,179,210
1,<environment.Job instance at 0x14dedaaf42d0>,31,28,[14  1],32,236,264,204,235
1,<environment.Job instance at 0x14dee0c21af0>,32,24,[11  1],33,264,288,231,259
1,<environment.Job instance at 0x14dee0c21b90>,34,25,[ 1 14],35,263,288,228,263
1,<environment.Job instance at 0x14dee0c21eb0>,35,1,[9 1],36,288,289,252,268
1,<environment.Job instance at 0x14dee0c21230>,36,24,[5 2],37,288,312,251,284
1,<environment.Job instance at 0x14ded40a6140>,15,23,[ 2 13],16,301,324,285,301
1,<environment.Job instance at 0x14dee0c21050>,38,21,[12  1],39,312,333,273,304
1,<environment.Job instance at 0x14dee0c21320>,41,20,[12  1],42,333,353,291,324
1,<environment.Job instance at 0x14dee0c219b0>,42,19,[7 1],43,353,372,310,345
1,<environment.Job instance at 0x14dee0c21690>,43,20,[ 1 12],44,346,366,302,346
1,<environment.Job instance at 0x14dee0c21d20>,44,18,[1 6],45,366,384,321,357
1,<environment.Job instance at 0x14dee0c210f0>,46,26,[12  1],47,372,398,325,369
1,<environment.Job instance at 0x14dee0c21730>,47,25,[ 2 14],48,384,409,336,381
1,<environment.Job instance at 0x14dedaaf4fa0>,19,19,[12  1],20,398,417,378,393
1,<environment.Job instance at 0x14dedfdbef00>,49,3,[ 2 14],50,409,412,359,404
1,<environment.Job instance at 0x14dedfdbeaa0>,51,27,[ 2 10],52,412,439,360,410
1,<environment.Job instance at 0x14dedfdbeeb0>,53,15,[13  2],54,425,440,371,425
1,<environment.Job instance at 0x14dedfdbe6e0>,52,1,[ 1 12],53,439,440,386,430
1,<environment.Job instance at 0x14dedfdbe910>,56,28,[2 7],57,440,468,383,439
1,<environment.Job instance at 0x14dedfdbe690>,57,27,[1 5],58,441,468,383,441
1,<environment.Job instance at 0x14dedfdbedc0>,54,20,[ 1 11],55,468,488,413,460
1,<environment.Job instance at 0x14dedb37ea50>,60,28,[11  1],61,460,488,399,460
1,<environment.Job instance at 0x14ded40a04b0>,62,21,[14  2],63,488,509,425,481
1,<environment.Job instance at 0x14ded40a0500>,64,21,[14  1],65,509,530,444,501
1,<environment.Job instance at 0x14ded40a0d20>,67,2,[13  1],68,530,532,462,524
1,<environment.Job instance at 0x14ded40a0eb0>,69,26,[2 5],70,530,556,460,527
1,<environment.Job instance at 0x14dedb3c10f0>,70,23,[13  2],71,532,555,461,527
1,<environment.Job instance at 0x14dedb3c1cd0>,72,22,[ 2 11],73,556,578,483,549
1,<environment.Job instance at 0x14dedb3c1aa0>,73,21,[ 1 13],74,578,599,504,570
1,<environment.Job instance at 0x14dedb3c1460>,75,25,[7 1],76,572,597,496,572
1,<environment.Job instance at 0x14dedb3c1500>,76,26,[ 2 10],77,599,625,522,596
1,<environment.Job instance at 0x14dedb3c13c0>,77,19,[ 2 13],78,625,644,547,619
1,<environment.Job instance at 0x14dee170ee60>,78,23,[1 9],79,644,667,565,638
1,<environment.Job instance at 0x14dedb3c1230>,80,1,[13  1],81,644,645,563,644
1,<environment.Job instance at 0x14dee0c211e0>,39,2,[14  1],40,651,653,611,651
1,<environment.Job instance at 0x14ded40a0140>,68,16,[ 2 11],69,667,683,598,665
1,<environment.Job instance at 0x14de9382e0a0>,83,25,[ 1 12],84,683,708,599,679
1,<environment.Job instance at 0x14dee1fbae60>,84,27,[5 2],85,681,708,596,681
1,<environment.Job instance at 0x14ded8f24aa0>,86,27,[ 2 12],87,714,741,627,714
1,<environment.Job instance at 0x14ded8f24550>,87,27,[8 1],88,715,742,627,715
1,<environment.Job instance at 0x14de939785f0>,85,16,[12  1],86,742,758,656,741
1,<environment.Job instance at 0x14dee12ad4b0>,89,20,[11  1],90,758,778,668,756
1,<environment.Job instance at 0x14de937d0550>,91,22,[13  2],92,778,800,686,772
1,<environment.Job instance at 0x14dedb3c15a0>,81,12,[ 1 14],82,806,818,724,806
1,<environment.Job instance at 0x14dedaf767d0>,93,18,[10  2],94,818,836,724,813
1,<environment.Job instance at 0x14dedf349190>,94,26,[5 1],95,814,840,719,814
1,<environment.Job instance at 0x14dedafb51e0>,95,16,[11  2],96,840,856,744,832
1,<environment.Job instance at 0x14ded41f6910>,96,19,[ 2 13],97,836,855,739,835
1,<environment.Job instance at 0x14deda9a33c0>,98,16,[2 8],99,855,871,756,854
1,<environment.Job instance at 0x14deda9a3e60>,99,2,[11  2],100,856,858,756,856
1,<environment.Job instance at 0x14dedf3f4370>,100,17,[ 1 12],101,900,917,799,900
1,<environment.Job instance at 0x14deda97e3c0>,101,27,[13  2],102,900,927,798,900
1,<environment.Job instance at 0x14deda97e320>,103,21,[ 2 13],104,917,938,813,910
1,<environment.Job instance at 0x14deda97e780>,104,19,[13  1],105,927,946,822,924
1,<environment.Job instance at 0x14deda97e2d0>,106,25,[13  2],107,946,971,839,942
1,<environment.Job instance at 0x14deda97e0a0>,107,1,[14  1],108,971,972,863,944
1,<environment.Job instance at 0x14dedb80ea50>,108,24,[8 1],109,972,996,863,967
1,<environment.Job instance at 0x14de937d0410>,92,1,[ 2 11],93,979,980,886,979
1,<environment.Job instance at 0x14ded89eb820>,110,3,[ 1 11],111,986,989,875,986
1,<environment.Job instance at 0x14dedfd34cd0>,88,20,[ 2 12],89,994,1014,905,994
1,<environment.Job instance at 0x14ded41648c0>,112,3,[1 6],113,1014,1017,901,996
1,<environment.Job instance at 0x14ded4164b40>,114,23,[ 2 11],115,1017,1040,902,1011
1,<environment.Job instance at 0x14dedaaf4230>,25,12,[ 2 12],26,1055,1067,1029,1055
1,<environment.Job instance at 0x14ded89eba00>,111,3,[ 2 11],112,1067,1070,955,1059
1,<environment.Job instance at 0x14de93729f00>,118,1,[13  2],119,1099,1100,980,1099
1,<environment.Job instance at 0x14ded40a6500>,14,12,[ 2 14],15,1671,1683,1656,1671
1,<environment.Job instance at 0x14deded0b190>,0,21,[2 5],1,1,22,0,1
1,<environment.Job instance at 0x14dedab302d0>,6,25,[9 2],7,10,35,3,10
1,<environment.Job instance at 0x14ded40a62d0>,1,19,[ 1 11],2,22,41,20,19
1,<environment.Job instance at 0x14ded40a6500>,3,24,[ 1 14],4,41,65,37,36
1,<environment.Job instance at 0x14dedab30780>,14,25,[8 2],15,65,90,50,64
1,<environment.Job instance at 0x14dedab307d0>,16,27,[14  2],17,90,117,73,88
1,<environment.Job instance at 0x14ded404f730>,4,18,[13  2],5,117,135,112,109
1,<environment.Job instance at 0x14dedab306e0>,11,27,[11  2],12,135,162,123,133
1,<environment.Job instance at 0x14dedab30820>,15,19,[13  1],16,162,181,146,153
1,<environment.Job instance at 0x14dedab30c80>,21,27,[6 1],22,181,208,159,179
1,<environment.Job instance at 0x14dedab30fa0>,26,3,[14  1],27,208,211,181,195
1,<environment.Job instance at 0x14dedab30f50>,27,22,[2 5],28,211,233,183,204
1,<environment.Job instance at 0x14dedab30320>,8,14,[11  1],9,218,232,209,218
1,<environment.Job instance at 0x14dedab5e190>,28,19,[14  2],29,233,252,204,232
1,<environment.Job instance at 0x14dedab30eb0>,24,2,[ 1 13],25,239,241,214,239
1,<environment.Job instance at 0x14dedab5e1e0>,29,13,[ 1 13],30,244,257,214,244
1,<environment.Job instance at 0x14dedab5e500>,34,22,[1 7],35,257,279,222,252
1,<environment.Job instance at 0x14dedab5e5a0>,35,19,[9 2],36,255,274,219,255
1,<environment.Job instance at 0x14dedab5e870>,37,23,[ 2 10],38,279,302,241,274
1,<environment.Job instance at 0x14dedab5e820>,38,25,[1 8],39,302,327,263,300
1,<environment.Job instance at 0x14dedab5e910>,39,27,[ 1 12],40,327,354,287,325
1,<environment.Job instance at 0x14dedab5e6e0>,41,28,[12  2],42,325,353,283,325
1,<environment.Job instance at 0x14dedab5eaa0>,43,28,[11  2],44,353,381,309,352
1,<environment.Job instance at 0x14dedab5ec80>,44,26,[2 9],45,354,380,309,352
1,<environment.Job instance at 0x14dedab5eb40>,42,21,[8 1],43,381,402,338,373
1,<environment.Job instance at 0x14dedab5ed20>,47,20,[2 7],48,380,400,332,376
1,<environment.Job instance at 0x14dedab5eeb0>,48,26,[6 1],49,400,426,351,397
1,<environment.Job instance at 0x14dedab5ed70>,46,1,[14  1],47,426,427,379,400
1,<environment.Job instance at 0x14dedab5e460>,33,13,[ 1 12],34,408,421,374,408
1,<environment.Job instance at 0x14dedab470f0>,52,19,[2 9],53,427,446,374,418
1,<environment.Job instance at 0x14dedab5ee60>,50,21,[10  2],51,427,448,376,421
1,<environment.Job instance at 0x14dedab47550>,57,28,[6 2],58,448,476,390,447
1,<environment.Job instance at 0x14dedab5efa0>,49,17,[ 1 11],50,449,466,399,449
1,<environment.Job instance at 0x14dedab47820>,59,21,[1 5],60,466,487,406,458
1,<environment.Job instance at 0x14dedab479b0>,60,25,[ 1 11],61,487,512,426,483
1,<environment.Job instance at 0x14dedab473c0>,55,18,[14  2],56,487,505,431,487
1,<environment.Job instance at 0x14dedab47870>,58,2,[12  1],59,505,507,446,489
1,<environment.Job instance at 0x14dedab47780>,62,2,[ 2 13],63,512,514,449,496
1,<environment.Job instance at 0x14dedab47d20>,66,22,[ 2 12],67,514,536,447,507
1,<environment.Job instance at 0x14dedab47c30>,67,26,[10  2],68,507,533,439,507
1,<environment.Job instance at 0x14dedab47aa0>,63,2,[ 2 11],64,536,538,472,530
1,<environment.Job instance at 0x14dedab47fa0>,69,18,[2 7],70,538,556,468,533
1,<environment.Job instance at 0x14dedab47f00>,71,19,[ 1 11],72,556,575,484,550
1,<environment.Job instance at 0x14dedab5a0f0>,72,1,[11  2],73,556,557,483,556
1,<environment.Job instance at 0x14dedab5a0a0>,73,2,[ 1 14],74,575,577,501,566
1,<environment.Job instance at 0x14dedab5a320>,75,18,[2 7],76,577,595,501,570
1,<environment.Job instance at 0x14dedab5a460>,79,25,[ 2 14],80,595,620,515,592
1,<environment.Job instance at 0x14dedab5a730>,82,23,[12  2],83,620,643,537,614
1,<environment.Job instance at 0x14dedab5a8c0>,84,3,[12  1],85,643,646,558,643
1,<environment.Job instance at 0x14dedab5a960>,85,16,[ 2 14],86,650,666,564,650
1,<environment.Job instance at 0x14dedab47b90>,64,13,[ 2 14],65,666,679,601,658
1,<environment.Job instance at 0x14dedab5ac80>,89,27,[ 2 11],90,679,706,589,677
1,<environment.Job instance at 0x14dedab5ac30>,90,20,[14  2],91,706,726,615,701
1,<environment.Job instance at 0x14dedab5ab90>,91,26,[14  1],92,726,752,634,723
1,<environment.Job instance at 0x14dedab5ad20>,92,16,[1 6],93,735,751,642,735
1,<environment.Job instance at 0x14dedab5af50>,94,22,[1 9],95,751,773,656,746
1,<environment.Job instance at 0x14dedab5afa0>,93,25,[13  1],94,752,777,658,748
1,<environment.Job instance at 0x14dedab3f0a0>,97,27,[14  1],98,777,804,679,775
1,<environment.Job instance at 0x14dedab5af00>,95,1,[ 2 11],96,775,776,679,775
1,<environment.Job instance at 0x14dedab3f320>,99,3,[2 7],100,804,807,704,778
1,<environment.Job instance at 0x14dedab3f3c0>,102,27,[ 1 12],103,807,834,704,805
1,<environment.Job instance at 0x14dedab3f460>,103,26,[ 1 12],104,834,860,730,831
1,<environment.Job instance at 0x14dedab3f640>,104,16,[12  2],105,837,853,732,837
1,<environment.Job instance at 0x14dedab3f780>,106,23,[6 1],107,853,876,746,847
1,<environment.Job instance at 0x14dedab3f8c0>,109,2,[11  2],110,876,878,766,864
1,<environment.Job instance at 0x14dedab3f820>,110,2,[ 2 13],111,885,887,774,885
1,<environment.Job instance at 0x14dedab3f960>,111,1,[ 2 11],112,890,891,778,890
1,<environment.Job instance at 0x14dedab3faa0>,112,17,[2 7],113,894,911,781,894
1,<environment.Job instance at 0x14dedab3f280>,100,12,[11  1],101,894,906,793,894
1,<environment.Job instance at 0x14dedab3fc80>,114,24,[ 1 10],115,911,935,796,906
1,<environment.Job instance at 0x14dedab3fdc0>,115,22,[ 1 14],116,935,957,819,928
1,<environment.Job instance at 0x14dedab3fe60>,117,22,[ 2 14],118,957,979,839,950
1,<environment.Job instance at 0x14dedab3fd20>,116,3,[ 1 12],117,979,982,862,964
1,<environment.Job instance at 0x14dedab30cd0>,25,16,[ 2 12],26,994,1010,968,994
1,<environment.Job instance at 0x14dedab47e10>,68,14,[ 2 14],69,1059,1073,990,1059
1,<environment.Job instance at 0x14dedab30d70>,23,13,[12  2],24,1243,1256,1219,1243
1,<environment.Job instance at 0x14dedab383c0>,0,23,[ 2 14],1,1,24,0,1
1,<environment.Job instance at 0x14dedab38410>,1,26,[ 1 12],2,24,50,22,21
1,<environment.Job instance at 0x14dedab30f00>,3,26,[5 2],4,24,50,20,21
1,<environment.Job instance at 0x14dedb3b7c80>,9,25,[14  2],10,50,75,40,46
1,<environment.Job instance at 0x14dedb01e0a0>,12,20,[6 1],13,75,95,62,66
1,<environment.Job instance at 0x14dedb01e730>,16,26,[8 2],17,75,101,58,72
1,<environment.Job instance at 0x14dedb01ea50>,17,26,[1 9],18,72,98,54,72
1,<environment.Job instance at 0x14dedb01e870>,20,27,[1 7],21,98,125,77,96
1,<environment.Job instance at 0x14dedb01ed20>,15,3,[11  2],16,101,104,85,97
1,<environment.Job instance at 0x14dedb01eeb0>,22,1,[ 1 12],23,125,126,102,98
1,<environment.Job instance at 0x14de93674780>,25,21,[10  2],26,104,125,78,99
1,<environment.Job instance at 0x14dedb01e280>,24,1,[9 2],25,125,126,100,100
1,<environment.Job instance at 0x14de932dee10>,27,26,[11  1],28,126,152,98,123
1,<environment.Job instance at 0x14dedaaff050>,29,26,[ 1 10],30,126,152,96,123
1,<environment.Job instance at 0x14dedaaffc80>,30,2,[14  2],31,152,154,121,143
1,<environment.Job instance at 0x14de938f80a0>,31,26,[ 2 13],32,154,180,122,151
1,<environment.Job instance at 0x14de93978b40>,32,25,[9 1],33,154,179,121,151
1,<environment.Job instance at 0x14dedb3b7460>,8,3,[ 1 13],9,180,183,171,175
1,<environment.Job instance at 0x14dedd6ad230>,26,19,[ 2 14],27,183,202,156,177
1,<environment.Job instance at 0x14dedab30d70>,2,19,[ 2 14],3,202,221,199,202
1,<environment.Job instance at 0x14dedaaff140>,33,2,[13  1],34,213,215,179,213
1,<environment.Job instance at 0x14ded4210d70>,38,23,[ 1 14],39,221,244,182,218
1,<environment.Job instance at 0x14dedfd540f0>,36,1,[12  2],37,246,247,209,246
1,<environment.Job instance at 0x14dedafbe4b0>,41,24,[1 9],42,248,272,206,248
1,<environment.Job instance at 0x14dedab1d4b0>,42,3,[ 2 12],43,272,275,229,259
1,<environment.Job instance at 0x14de935677d0>,46,23,[9 1],47,272,295,225,272
1,<environment.Job instance at 0x14de93567780>,47,28,[13  1],48,295,323,247,294
1,<environment.Job instance at 0x14de933dcd70>,50,20,[ 1 13],51,317,337,266,317
1,<environment.Job instance at 0x14de933dc500>,51,26,[ 2 11],52,337,363,285,334
1,<environment.Job instance at 0x14de933dc6e0>,52,24,[ 2 11],53,363,387,310,359
1,<environment.Job instance at 0x14de93b0db90>,53,24,[6 1],54,359,383,305,359
1,<environment.Job instance at 0x14dedb070500>,35,14,[12  1],36,383,397,347,382
1,<environment.Job instance at 0x14de93b0dfa0>,55,13,[12  1],56,397,410,341,382
1,<environment.Job instance at 0x14de93593500>,28,24,[ 1 13],29,387,411,358,384
1,<environment.Job instance at 0x14de93488500>,60,26,[8 2],61,410,436,349,407
1,<environment.Job instance at 0x14dedb070dc0>,37,19,[ 1 13],38,424,443,386,424
1,<environment.Job instance at 0x14de933dce10>,54,16,[13  2],55,436,452,381,424
1,<environment.Job instance at 0x14deda994320>,66,1,[ 1 11],67,445,446,378,445
1,<environment.Job instance at 0x14deda994fa0>,67,2,[2 5],68,449,451,381,449
1,<environment.Job instance at 0x14deda9946e0>,68,3,[ 2 13],69,454,457,385,454
1,<environment.Job instance at 0x14deda994280>,69,23,[ 1 13],70,457,480,387,454
1,<environment.Job instance at 0x14deda994c80>,65,1,[ 1 12],66,480,481,414,464
1,<environment.Job instance at 0x14de936536e0>,71,28,[8 1],72,464,492,392,464
1,<environment.Job instance at 0x14de936535f0>,72,20,[1 9],73,481,501,408,473
1,<environment.Job instance at 0x14de936539b0>,73,25,[12  2],74,492,517,418,488
1,<environment.Job instance at 0x14deda994190>,62,2,[ 2 12],63,501,503,438,489
1,<environment.Job instance at 0x14deda994550>,70,17,[ 2 12],71,503,520,432,500
1,<environment.Job instance at 0x14dedab1a3c0>,77,14,[11  1],78,517,531,439,504
1,<environment.Job instance at 0x14deda871910>,80,26,[1 8],81,520,546,439,517
1,<environment.Job instance at 0x14ded4250910>,82,24,[13  2],83,531,555,448,526
1,<environment.Job instance at 0x14ded4250a50>,83,27,[8 1],84,555,582,471,553
1,<environment.Job instance at 0x14ded4250f50>,84,24,[7 1],85,555,579,470,555
1,<environment.Job instance at 0x14ded8eeb780>,87,28,[ 1 13],88,579,607,491,578
1,<environment.Job instance at 0x14ded8eeb0f0>,88,28,[ 2 12],89,607,635,518,606
1,<environment.Job instance at 0x14ded8eebc30>,89,24,[11  1],90,606,630,516,606
1,<environment.Job instance at 0x14de937e71e0>,92,26,[ 1 12],93,635,661,542,632
1,<environment.Job instance at 0x14de937e75f0>,93,26,[11  2],94,632,658,538,632
1,<environment.Job instance at 0x14ded42505a0>,81,1,[ 1 12],82,661,662,579,645
1,<environment.Job instance at 0x14deda864230>,96,23,[ 2 10],97,662,685,565,659
1,<environment.Job instance at 0x14dedfcf0320>,97,19,[13  1],98,663,682,565,663
1,<environment.Job instance at 0x14dedfcf0550>,98,1,[ 1 12],99,685,686,586,664
1,<environment.Job instance at 0x14de9364abe0>,99,19,[ 2 12],100,686,705,586,679
1,<environment.Job instance at 0x14dedb0b2500>,100,28,[ 2 10],101,705,733,604,704
1,<environment.Job instance at 0x14de937e7190>,95,2,[14  1],96,733,735,637,707
1,<environment.Job instance at 0x14dee12a4320>,102,20,[1 5],103,714,734,611,714
1,<environment.Job instance at 0x14de93973dc0>,104,21,[13  2],105,735,756,630,730
1,<environment.Job instance at 0x14de936b8a50>,105,25,[ 1 13],106,734,759,628,730
1,<environment.Job instance at 0x14de936b8e10>,106,25,[ 2 12],107,759,784,652,755
1,<environment.Job instance at 0x14de934447d0>,109,23,[9 2],110,772,795,662,772
1,<environment.Job instance at 0x14de939545f0>,111,24,[14  2],112,795,819,683,790
1,<environment.Job instance at 0x14dedafbec80>,39,14,[ 1 12],40,800,814,760,800
1,<environment.Job instance at 0x14de939546e0>,112,20,[11  2],113,819,839,706,810
1,<environment.Job instance at 0x14dedfc8c0a0>,116,24,[ 2 14],117,839,863,722,834
1,<environment.Job instance at 0x14dedfc8cfa0>,117,28,[9 1],118,839,867,721,838
1,<environment.Job instance at 0x14dedfc8c320>,118,28,[2 5],119,863,891,744,862
1,<environment.Job instance at 0x14dedb1167d0>,114,1,[ 1 11],115,891,892,776,865
1,<environment.Job instance at 0x14dedfd42cd0>,75,16,[ 2 13],76,910,926,834,910
1,<environment.Job instance at 0x14dedb0b2eb0>,103,13,[ 1 14],104,926,939,822,925
1,<environment.Job instance at 0x14deda994410>,63,1,[ 1 11],64,995,996,931,995
1,<environment.Job instance at 0x14deda90ce10>,0,24,[10  2],1,1,25,0,1
1,<environment.Job instance at 0x14deda90c910>,6,22,[11  2],7,25,47,18,18
1,<environment.Job instance at 0x14deded03dc0>,11,27,[ 2 14],12,47,74,35,45
1,<environment.Job instance at 0x14deda90c550>,8,24,[7 1],9,47,71,38,45
1,<environment.Job instance at 0x14deded03c30>,12,12,[ 2 11],13,74,86,61,64
1,<environment.Job instance at 0x14deded03a50>,14,19,[ 1 13],15,86,105,71,85
1,<environment.Job instance at 0x14deded03fa0>,15,18,[13  1],16,85,103,69,85
1,<environment.Job instance at 0x14deda90c230>,10,22,[ 2 12],11,105,127,94,99
1,<environment.Job instance at 0x14deded03320>,16,1,[14  2],17,127,128,110,119
1,<environment.Job instance at 0x14deded039b0>,18,24,[ 1 14],19,128,152,109,123
1,<environment.Job instance at 0x14deded03c80>,19,25,[11  2],20,152,177,132,148
1,<environment.Job instance at 0x14deda90c370>,4,18,[14  1],5,177,195,172,174
1,<environment.Job instance at 0x14deded037d0>,17,19,[14  1],18,195,214,177,188
1,<environment.Job instance at 0x14deded035f0>,21,23,[13  2],22,214,237,192,208
1,<environment.Job instance at 0x14deded03d70>,20,16,[13  1],21,237,253,216,225
1,<environment.Job instance at 0x14deded03b90>,24,26,[ 2 10],25,225,251,200,225
1,<environment.Job instance at 0x14deded03820>,26,16,[11  2],27,253,269,226,247
1,<environment.Job instance at 0x14deded03690>,27,24,[2 7],28,251,275,223,247
1,<environment.Job instance at 0x14deded03be0>,28,20,[ 2 13],29,275,295,246,266
1,<environment.Job instance at 0x14deded03410>,22,2,[ 2 14],23,309,311,286,309
1,<environment.Job instance at 0x14deded03b40>,23,3,[ 2 12],24,323,326,299,323
1,<environment.Job instance at 0x14de93413d70>,32,27,[2 9],33,326,353,293,324
1,<environment.Job instance at 0x14de93413230>,31,18,[13  2],32,326,344,294,326
1,<environment.Job instance at 0x14de934130a0>,34,28,[ 1 11],35,353,381,318,352
1,<environment.Job instance at 0x14deda90c4b0>,1,13,[ 1 13],2,383,396,381,383
1,<environment.Job instance at 0x14dedf3a1870>,39,20,[12  1],40,386,406,346,386
1,<environment.Job instance at 0x14dedf3a1cd0>,40,3,[11  1],41,406,409,365,396
1,<environment.Job instance at 0x14dedf3a1320>,41,28,[ 2 13],42,396,424,354,396
1,<environment.Job instance at 0x14dedf3a1050>,42,3,[1 7],43,424,427,381,404
1,<environment.Job instance at 0x14dedf3a1b90>,43,23,[5 1],44,409,432,365,404
1,<environment.Job instance at 0x14de93788870>,46,21,[ 2 11],47,427,448,380,420
1,<environment.Job instance at 0x14de93788780>,47,26,[2 6],48,448,474,400,445
1,<environment.Job instance at 0x14dedb813cd0>,48,17,[13  2],49,474,491,425,474
1,<environment.Job instance at 0x14dedb813af0>,49,27,[1 9],50,474,501,424,474
1,<environment.Job instance at 0x14dedb813b90>,50,23,[13  2],51,491,514,440,485
1,<environment.Job instance at 0x14dedab05820>,54,17,[ 1 12],55,510,527,455,510
1,<environment.Job instance at 0x14dedb813f00>,55,26,[5 2],56,514,540,458,511
1,<environment.Job instance at 0x14dedb813460>,56,23,[2 8],57,527,550,470,521
1,<environment.Job instance at 0x14dedab1a6e0>,58,23,[8 1],59,525,548,466,525
1,<environment.Job instance at 0x14de934139b0>,33,19,[ 2 11],34,550,569,516,544
1,<environment.Job instance at 0x14deda89d6e0>,61,21,[14  1],62,569,590,507,563
1,<environment.Job instance at 0x14de93965af0>,60,17,[14  1],61,590,607,529,579
1,<environment.Job instance at 0x14de936006e0>,63,20,[12  1],64,607,627,543,600
1,<environment.Job instance at 0x14de93600f50>,65,27,[5 1],66,627,654,561,625
1,<environment.Job instance at 0x14de93600b90>,66,28,[13  2],67,654,682,587,653
1,<environment.Job instance at 0x14de93600e60>,67,24,[5 2],68,682,706,614,677
1,<environment.Job instance at 0x14de93600a00>,68,15,[11  2],69,720,735,651,720
1,<environment.Job instance at 0x14de93535960>,69,19,[ 2 11],70,726,745,656,726
1,<environment.Job instance at 0x14de93600460>,62,17,[ 2 14],63,745,762,682,735
1,<environment.Job instance at 0x14dee1318a50>,71,28,[ 2 11],72,762,790,690,761
1,<environment.Job instance at 0x14de9321e140>,70,20,[ 1 12],71,790,810,719,782
1,<environment.Job instance at 0x14dee1318c30>,73,28,[6 2],74,782,810,708,782
1,<environment.Job instance at 0x14de931c1eb0>,74,25,[5 1],75,782,807,707,782
1,<environment.Job instance at 0x14dedf3a1190>,38,21,[14  2],39,810,831,771,802
1,<environment.Job instance at 0x14de934c82d0>,72,1,[12  1],73,831,832,758,814
1,<environment.Job instance at 0x14de9396f820>,75,2,[12  1],76,832,834,756,821
1,<environment.Job instance at 0x14deded03050>,13,12,[ 1 12],14,834,846,820,834
1,<environment.Job instance at 0x14de934e1c80>,82,1,[11  1],83,855,856,772,855
1,<environment.Job instance at 0x14de93a7bbe0>,83,19,[ 2 14],84,858,877,774,858
1,<environment.Job instance at 0x14de93a7b8c0>,84,19,[14  1],85,877,896,792,872
1,<environment.Job instance at 0x14de9324b730>,85,24,[11  2],86,896,920,810,891
1,<environment.Job instance at 0x14de93244f00>,78,14,[11  2],79,929,943,850,929
1,<environment.Job instance at 0x14de9324b190>,87,13,[14  2],88,953,966,865,953
1,<environment.Job instance at 0x14de93873780>,89,24,[8 2],90,966,990,876,961
1,<environment.Job instance at 0x14de933d7f00>,90,16,[2 6],91,966,982,875,963
1,<environment.Job instance at 0x14de933d75f0>,91,15,[5 1],92,970,985,878,970
1,<environment.Job instance at 0x14dedb04cfa0>,92,26,[13  1],93,990,1016,897,987
1,<environment.Job instance at 0x14de932b28c0>,93,24,[ 2 14],94,990,1014,896,987
1,<environment.Job instance at 0x14ded8e92f50>,81,3,[ 2 13],82,1018,1021,936,1018
1,<environment.Job instance at 0x14de93aad910>,96,25,[ 1 14],97,1021,1046,924,1018
1,<environment.Job instance at 0x14dedfcf5af0>,98,26,[10  1],99,1018,1044,919,1018
1,<environment.Job instance at 0x14de93aad0f0>,95,1,[ 2 14],96,1046,1047,950,1020
1,<environment.Job instance at 0x14dedfcf50f0>,100,23,[9 2],101,1047,1070,946,1041
1,<environment.Job instance at 0x14dedfcf5dc0>,103,20,[ 2 10],104,1062,1082,958,1062
1,<environment.Job instance at 0x14dedfcf57d0>,102,24,[11  1],103,1070,1094,967,1065
1,<environment.Job instance at 0x14dedfcf5280>,104,13,[ 2 12],105,1091,1104,986,1091
1,<environment.Job instance at 0x14dedfcf5320>,106,18,[2 6],107,1104,1122,997,1096
1,<environment.Job instance at 0x14de93a26af0>,108,2,[ 2 14],109,1122,1124,1013,1097
1,<environment.Job instance at 0x14de93a26b40>,109,23,[8 2],110,1098,1121,988,1098
1,<environment.Job instance at 0x14de93a26280>,110,24,[1 6],111,1124,1148,1013,1119
1,<environment.Job instance at 0x14de93a26410>,111,2,[10  1],112,1133,1135,1021,1133
1,<environment.Job instance at 0x14de93a26c80>,112,22,[8 1],113,1135,1157,1022,1133
1,<environment.Job instance at 0x14de93a26690>,113,3,[ 1 11],114,1161,1164,1047,1161
1,<environment.Job instance at 0x14de932ad050>,114,22,[2 6],115,1164,1186,1049,1161
1,<environment.Job instance at 0x14de932ad3c0>,115,3,[14  1],116,1186,1189,1070,1169
1,<environment.Job instance at 0x14de932adc30>,116,1,[ 2 14],117,1189,1190,1072,1170
1,<environment.Job instance at 0x14dedfd61690>,118,24,[ 1 12],119,1190,1214,1071,1185
1,<environment.Job instance at 0x14dedfcf5c30>,105,17,[ 1 14],106,1214,1231,1108,1210
1,<environment.Job instance at 0x14de938737d0>,88,2,[ 2 14],89,1254,1256,1165,1254
1,<environment.Job instance at 0x14dee1318dc0>,76,17,[ 1 12],77,2187,2204,2110,2187
1,<environment.Job instance at 0x14de934136e0>,29,12,[ 2 14],30,2565,2577,2535,2565
1,<environment.Job instance at 0x14de93527820>,0,24,[1 9],1,2,26,1,2
1,<environment.Job instance at 0x14de935271e0>,4,21,[9 1],5,5,26,0,5
1,<environment.Job instance at 0x14de93527870>,1,22,[ 2 12],2,26,48,24,19
1,<environment.Job instance at 0x14de93527500>,10,23,[8 2],11,26,49,15,21
1,<environment.Job instance at 0x14de938cdeb0>,11,27,[1 6],12,48,75,36,47
1,<environment.Job instance at 0x14de93b406e0>,14,21,[6 1],15,48,69,33,47
1,<environment.Job instance at 0x14de93b40190>,15,27,[12  2],16,69,96,53,67
1,<environment.Job instance at 0x14de93b407d0>,16,23,[ 1 13],17,75,98,58,69
1,<environment.Job instance at 0x14dedb1074b0>,18,26,[7 2],19,96,122,77,93
1,<environment.Job instance at 0x14dedb1073c0>,22,27,[13  1],23,122,149,99,120
1,<environment.Job instance at 0x14de936f8820>,20,1,[ 2 12],21,133,134,112,133
1,<environment.Job instance at 0x14de93527c80>,3,3,[11  2],4,149,152,145,139
1,<environment.Job instance at 0x14dedf3b1eb0>,24,14,[2 5],25,147,161,122,147
1,<environment.Job instance at 0x14ded8ecf3c0>,27,21,[13  2],28,152,173,124,151
1,<environment.Job instance at 0x14de933c0230>,23,17,[ 2 12],24,164,181,140,164
1,<environment.Job instance at 0x14de93613280>,33,3,[ 1 14],34,181,184,147,173
1,<environment.Job instance at 0x14de93502c80>,35,22,[6 1],36,173,195,137,173
1,<environment.Job instance at 0x14de938aba00>,36,25,[ 2 12],37,184,209,147,180
1,<environment.Job instance at 0x14dedb3b9b40>,37,17,[7 1],38,184,201,146,180
1,<environment.Job instance at 0x14de93502cd0>,38,19,[7 2],39,201,220,162,192
1,<environment.Job instance at 0x14de93502f50>,39,27,[2 9],40,209,236,169,207
1,<environment.Job instance at 0x14ded916f140>,40,25,[14  2],41,236,261,195,232
1,<environment.Job instance at 0x14ded8f2a8c0>,42,25,[ 2 10],43,261,286,218,257
1,<environment.Job instance at 0x14ded8f2ab90>,44,21,[11  1],45,261,282,216,257
1,<environment.Job instance at 0x14dedf3b1410>,26,15,[ 2 12],27,286,301,259,285
1,<environment.Job instance at 0x14de93b40910>,12,14,[ 2 12],13,310,324,297,310
1,<environment.Job instance at 0x14ded41f9a00>,48,24,[ 2 11],49,324,348,275,319
1,<environment.Job instance at 0x14ded8f2a550>,46,16,[ 1 14],47,348,364,301,343
1,<environment.Job instance at 0x14ded41f9f50>,50,21,[ 1 13],51,364,385,313,356
1,<environment.Job instance at 0x14dedfd652d0>,52,3,[2 5],53,385,388,332,361
1,<environment.Job instance at 0x14dedfd65c30>,53,21,[ 1 14],54,388,409,334,380
1,<environment.Job instance at 0x14dedaa577d0>,49,16,[ 2 11],50,418,434,368,418
1,<environment.Job instance at 0x14dedfd654b0>,55,14,[ 2 12],56,434,448,378,422
1,<environment.Job instance at 0x14dedfd65230>,57,19,[13  2],58,422,441,364,422
1,<environment.Job instance at 0x14dedf3abf00>,58,22,[ 2 14],59,448,470,389,444
1,<environment.Job instance at 0x14dedf3ab140>,59,25,[2 7],60,470,495,410,466
1,<environment.Job instance at 0x14dedaf6efa0>,62,28,[2 7],63,470,498,407,469
1,<environment.Job instance at 0x14dedf3ab280>,63,21,[14  2],64,498,519,434,490
1,<environment.Job instance at 0x14dedf3ab0f0>,60,21,[ 1 11],61,499,520,438,499
1,<environment.Job instance at 0x14de93549f00>,66,27,[ 1 13],67,520,547,453,519
1,<environment.Job instance at 0x14dedfd84b40>,67,28,[9 2],68,519,547,451,519
1,<environment.Job instance at 0x14dedfd84500>,68,28,[ 2 12],69,547,575,478,546
1,<environment.Job instance at 0x14dedf3ab190>,64,27,[8 1],65,547,574,482,546
1,<environment.Job instance at 0x14dee0c57140>,71,22,[11  2],72,574,596,502,567
1,<environment.Job instance at 0x14dee0c57230>,70,17,[13  1],71,596,613,525,588
1,<environment.Job instance at 0x14dee0c57a00>,73,1,[ 2 14],74,596,597,522,593
1,<environment.Job instance at 0x14dee0c574b0>,72,15,[13  2],73,613,628,540,605
1,<environment.Job instance at 0x14dee0c57320>,76,26,[13  1],77,628,654,551,625
1,<environment.Job instance at 0x14dee0c57370>,77,22,[ 1 14],78,628,650,550,626
1,<environment.Job instance at 0x14dee0c57280>,79,28,[5 2],80,654,682,574,653
1,<environment.Job instance at 0x14dee0c57eb0>,75,3,[ 1 14],76,683,686,607,683
1,<environment.Job instance at 0x14dee0c579b0>,83,24,[ 1 14],84,686,710,602,685
1,<environment.Job instance at 0x14dee1dc3c30>,86,1,[ 1 12],87,723,724,636,723
1,<environment.Job instance at 0x14dee1dc33c0>,88,3,[ 2 13],89,732,735,643,732
1,<environment.Job instance at 0x14dee1dc3820>,89,20,[ 1 11],90,735,755,645,732
1,<environment.Job instance at 0x14dee1dc3be0>,90,3,[11  1],91,765,768,674,765
1,<environment.Job instance at 0x14dee1dc38c0>,91,19,[ 2 13],92,765,784,673,765
1,<environment.Job instance at 0x14dee1dc3e60>,92,25,[14  2],93,784,809,691,780
1,<environment.Job instance at 0x14de933e5be0>,94,23,[ 2 13],95,809,832,714,803
1,<environment.Job instance at 0x14de933e5dc0>,95,27,[12  1],96,809,836,713,807
1,<environment.Job instance at 0x14de933e5050>,96,26,[6 1],97,836,862,739,833
1,<environment.Job instance at 0x14de933e5a50>,98,26,[ 1 11],99,833,859,734,833
1,<environment.Job instance at 0x14dee0c572d0>,80,16,[ 1 13],81,859,875,778,852
1,<environment.Job instance at 0x14de933e52d0>,99,23,[ 1 13],100,875,898,775,869
1,<environment.Job instance at 0x14de933cc6e0>,101,24,[ 2 11],102,898,922,796,893
1,<environment.Job instance at 0x14de933cc820>,103,25,[12  2],104,893,918,789,893
1,<environment.Job instance at 0x14de933ccdc0>,109,22,[12  1],110,918,940,808,911
1,<environment.Job instance at 0x14de933c85a0>,110,24,[ 1 14],111,922,946,811,917
1,<environment.Job instance at 0x14de933c8500>,112,19,[13  2],113,946,965,833,936
1,<environment.Job instance at 0x14deda958a00>,31,13,[ 1 11],32,948,961,916,948
1,<environment.Job instance at 0x14de933c86e0>,113,20,[14  2],114,965,985,851,958
1,<environment.Job instance at 0x14de933c83c0>,115,22,[ 1 13],116,961,983,845,960
1,<environment.Job instance at 0x14de933c8aa0>,114,22,[10  2],115,985,1007,870,978
1,<environment.Job instance at 0x14de933c8b40>,111,14,[ 1 11],112,997,1011,885,997
1,<environment.Job instance at 0x14de93b40d70>,13,3,[12  2],14,1007,1010,993,1007
1,<environment.Job instance at 0x14de933c8fa0>,117,12,[ 2 11],118,1078,1090,960,1078
1,<environment.Job instance at 0x14de933c81e0>,118,13,[12  1],119,1090,1103,971,1090
1,<environment.Job instance at 0x14dedaa57af0>,47,15,[ 2 14],48,1202,1217,1154,1202
1,<environment.Job instance at 0x14de93b88320>,0,27,[7 2],1,1,28,0,1
1,<environment.Job instance at 0x14dedaa02e60>,3,23,[2 8],4,4,27,0,4
1,<environment.Job instance at 0x14dedaa02320>,6,2,[1 5],7,11,13,4,11
1,<environment.Job instance at 0x14dedfdb78c0>,7,21,[13  1],8,28,49,20,26
1,<environment.Job instance at 0x14ded8eb2fa0>,2,16,[12  2],3,49,65,46,45
1,<environment.Job instance at 0x14dedfdb7eb0>,9,26,[ 2 13],10,45,71,35,45
1,<environment.Job instance at 0x14dedfda6b90>,11,26,[2 9],12,71,97,59,69
1,<environment.Job instance at 0x14de932cc780>,5,2,[ 2 13],6,97,99,91,80
1,<environment.Job instance at 0x14dedfda6550>,13,2,[ 2 12],14,99,101,85,80
1,<environment.Job instance at 0x14de932cc960>,4,2,[ 1 14],5,101,103,96,101
1,<environment.Job instance at 0x14dedfda6690>,15,23,[1 7],16,103,126,87,102
1,<environment.Job instance at 0x14dedfda6140>,17,1,[7 1],18,111,112,93,111
1,<environment.Job instance at 0x14dedfda6af0>,18,26,[8 1],19,112,138,93,111
1,<environment.Job instance at 0x14dedfda62d0>,19,19,[6 2],20,111,130,91,111
1,<environment.Job instance at 0x14dedfda65f0>,14,2,[12  2],15,138,140,123,111
1,<environment.Job instance at 0x14de932e19b0>,21,1,[11  2],22,140,141,118,124
1,<environment.Job instance at 0x14dedfda64b0>,20,2,[ 2 12],21,132,134,111,132
1,<environment.Job instance at 0x14de932e1050>,23,2,[12  1],24,141,143,117,132
1,<environment.Job instance at 0x14de93b880a0>,1,16,[14  2],2,143,159,141,143
1,<environment.Job instance at 0x14de932e1730>,24,17,[ 2 13],25,160,177,135,160
1,<environment.Job instance at 0x14de932e1c30>,26,23,[13  1],27,160,183,133,160
1,<environment.Job instance at 0x14de932e1a00>,27,25,[ 2 14],28,177,202,149,173
1,<environment.Job instance at 0x14de932e1320>,28,27,[ 2 14],29,202,229,173,200
1,<environment.Job instance at 0x14dedfd984b0>,33,23,[1 9],34,229,252,195,223
1,<environment.Job instance at 0x14dedfd98af0>,36,24,[ 2 13],37,252,276,215,247
1,<environment.Job instance at 0x14dedfdb7e60>,8,12,[ 1 12],9,276,288,267,265
1,<environment.Job instance at 0x14dedfd98f50>,37,12,[13  2],38,265,277,227,265
1,<environment.Job instance at 0x14dedfdb52d0>,39,25,[ 2 11],40,288,313,248,284
1,<environment.Job instance at 0x14dedfdb5500>,40,2,[ 1 11],41,313,315,272,297
1,<environment.Job instance at 0x14dedfdb53c0>,41,2,[ 1 12],42,315,317,273,306
1,<environment.Job instance at 0x14dedfdb5c80>,42,27,[14  1],43,313,340,270,311
1,<environment.Job instance at 0x14dedfdb5dc0>,43,1,[ 1 14],44,317,318,273,313
1,<environment.Job instance at 0x14dedb120aa0>,46,1,[1 6],47,318,319,271,314
1,<environment.Job instance at 0x14de932e10f0>,25,3,[11  2],26,340,343,314,333
1,<environment.Job instance at 0x14dedf337fa0>,48,2,[ 2 13],49,340,342,291,340
1,<environment.Job instance at 0x14deda907690>,50,17,[12  1],51,343,360,292,341
1,<environment.Job instance at 0x14de938e16e0>,52,24,[ 2 10],53,342,366,289,341
1,<environment.Job instance at 0x14de935f8140>,51,2,[11  2],52,360,362,308,344
1,<environment.Job instance at 0x14de932fd730>,56,22,[1 9],57,366,388,309,359
1,<environment.Job instance at 0x14ded414f640>,57,26,[ 2 14],58,388,414,330,385
1,<environment.Job instance at 0x14de937c6d20>,58,2,[8 2],59,414,416,355,388
1,<environment.Job instance at 0x14de938d9f00>,59,22,[2 5],60,414,436,354,407
1,<environment.Job instance at 0x14de935c2550>,60,24,[2 8],61,414,438,353,409
1,<environment.Job instance at 0x14de935c2370>,61,27,[8 1],62,416,443,354,414
1,<environment.Job instance at 0x14de935c29b0>,64,24,[14  2],65,443,467,378,439
1,<environment.Job instance at 0x14de935c2320>,65,25,[2 8],66,467,492,401,463
1,<environment.Job instance at 0x14de938f9c80>,67,16,[2 5],68,467,483,399,464
1,<environment.Job instance at 0x14de935c4870>,70,27,[ 2 13],71,492,519,421,490
1,<environment.Job instance at 0x14de935cb140>,71,25,[6 2],72,490,515,418,490
1,<environment.Job instance at 0x14de935c2820>,63,18,[ 2 12],64,519,537,455,512
1,<environment.Job instance at 0x14de935cbe60>,73,27,[ 2 13],74,537,564,463,535
1,<environment.Job instance at 0x14de935cbf00>,72,16,[13  2],73,540,556,467,540
1,<environment.Job instance at 0x14de935cbc80>,74,20,[14  1],75,564,584,489,557
1,<environment.Job instance at 0x14de935cb8c0>,75,25,[ 1 12],76,564,589,488,561
1,<environment.Job instance at 0x14dedfd988c0>,38,2,[ 1 11],39,590,592,551,590
1,<environment.Job instance at 0x14dedfda6b40>,78,24,[ 1 10],79,595,619,516,595
1,<environment.Job instance at 0x14dedfda6fa0>,79,20,[12  1],80,601,621,521,601
1,<environment.Job instance at 0x14dedfda6dc0>,80,21,[ 1 12],81,619,640,538,617
1,<environment.Job instance at 0x14de935ca3c0>,81,21,[14  1],82,621,642,539,621
1,<environment.Job instance at 0x14de935cae60>,82,22,[ 1 12],83,640,662,557,635
1,<environment.Job instance at 0x14de935cbb40>,76,14,[13  1],77,642,656,565,637
1,<environment.Job instance at 0x14de935ca1e0>,84,23,[ 2 12],85,662,685,577,656
1,<environment.Job instance at 0x14de935efc80>,86,25,[ 1 11],87,685,710,598,681
1,<environment.Job instance at 0x14de935efe60>,87,26,[8 1],88,681,707,593,681
1,<environment.Job instance at 0x14de935ef820>,88,25,[2 5],89,710,735,621,706
1,<environment.Job instance at 0x14de935eff00>,89,20,[ 1 12],90,735,755,645,730
1,<environment.Job instance at 0x14de935ef3c0>,91,1,[ 2 14],92,755,756,663,736
1,<environment.Job instance at 0x14de935ef6e0>,92,26,[9 1],93,736,762,643,736
1,<environment.Job instance at 0x14de935effa0>,95,25,[12  1],96,762,787,666,758
1,<environment.Job instance at 0x14de938c5050>,96,22,[ 2 11],97,758,780,661,758
1,<environment.Job instance at 0x14de935ef0a0>,98,28,[ 1 14],99,780,808,681,779
1,<environment.Job instance at 0x14de935ef280>,90,24,[ 2 12],91,808,832,717,808
1,<environment.Job instance at 0x14de935ebd70>,100,24,[5 2],101,812,836,711,812
1,<environment.Job instance at 0x14de935eb780>,102,1,[7 2],103,832,833,729,826
1,<environment.Job instance at 0x14de935eb230>,103,27,[ 1 14],104,836,863,732,834
1,<environment.Job instance at 0x14de935eb5f0>,99,2,[ 2 13],100,863,865,763,845
1,<environment.Job instance at 0x14de935ebaa0>,104,24,[ 2 14],105,865,889,760,864
1,<environment.Job instance at 0x14de935eb6e0>,106,27,[6 1],107,864,891,757,864
1,<environment.Job instance at 0x14de935ebeb0>,105,20,[14  1],106,891,911,785,883
1,<environment.Job instance at 0x14de935cb730>,77,3,[ 2 13],78,911,914,833,910
1,<environment.Job instance at 0x14de935fbb90>,109,21,[12  1],110,911,932,801,910
1,<environment.Job instance at 0x14de935fbbe0>,108,20,[13  2],109,932,952,823,924
1,<environment.Job instance at 0x14de935e5af0>,112,28,[ 1 11],113,924,952,811,924
1,<environment.Job instance at 0x14de935eba00>,107,28,[12  1],108,952,980,844,951
1,<environment.Job instance at 0x14de935e5730>,117,17,[ 1 14],118,970,987,852,970
1,<environment.Job instance at 0x14de935e5d20>,116,13,[ 1 11],117,987,1000,870,981
1,<environment.Job instance at 0x14de935e5f00>,118,18,[ 1 12],119,1008,1026,889,1008
1,<environment.Job instance at 0x14de932e1910>,22,13,[ 2 14],23,1144,1157,1121,1144
1,<environment.Job instance at 0x14dedfda6e60>,12,13,[ 2 12],13,1517,1530,1504,1517
1,<environment.Job instance at 0x14ded8ebfb90>,0,22,[13  2],1,1,23,0,1
1,<environment.Job instance at 0x14deda911780>,4,28,[ 1 13],5,5,33,0,5
1,<environment.Job instance at 0x14deda9118c0>,5,27,[14  2],6,23,50,17,21
1,<environment.Job instance at 0x14deda911af0>,10,23,[ 1 12],11,33,56,22,28
1,<environment.Job instance at 0x14deda9110a0>,12,24,[10  1],13,50,74,37,45
1,<environment.Job instance at 0x14deda911b40>,13,21,[ 1 13],14,56,77,42,50
1,<environment.Job instance at 0x14deda911c30>,14,28,[7 2],15,74,102,59,73
1,<environment.Job instance at 0x14deda911f50>,15,20,[6 2],16,77,97,61,74
1,<environment.Job instance at 0x14ded8ebf3c0>,3,22,[ 1 14],4,102,124,98,95
1,<environment.Job instance at 0x14deda9110f0>,17,24,[13  1],18,102,126,84,97
1,<environment.Job instance at 0x14dedb32e370>,19,25,[1 7],20,124,149,104,120
1,<environment.Job instance at 0x14dedb32e050>,20,21,[11  2],21,126,147,105,122
1,<environment.Job instance at 0x14dedb32e140>,21,25,[2 5],22,126,151,104,123
1,<environment.Job instance at 0x14deda911550>,7,1,[11  1],8,158,159,150,158
1,<environment.Job instance at 0x14deda9119b0>,2,2,[ 2 14],3,163,165,160,163
1,<environment.Job instance at 0x14dedb32eaa0>,26,18,[14  2],27,175,193,148,175
1,<environment.Job instance at 0x14dedb32e500>,28,22,[ 1 14],29,193,215,164,186
1,<environment.Job instance at 0x14deda911d70>,9,15,[14  1],10,194,209,184,194
1,<environment.Job instance at 0x14dedb32ea00>,23,2,[ 1 14],24,234,236,210,234
1,<environment.Job instance at 0x14dedb32e960>,32,24,[8 2],33,236,260,203,234
1,<environment.Job instance at 0x14dedb32e9b0>,33,22,[ 2 13],34,236,258,202,234
1,<environment.Job instance at 0x14df28d8a690>,34,26,[ 2 11],35,258,284,223,255
1,<environment.Job instance at 0x14dedb32ec80>,31,3,[14  1],32,284,287,252,261
1,<environment.Job instance at 0x14de938c5e60>,37,19,[ 2 13],38,287,306,249,279
1,<environment.Job instance at 0x14dedb32eb90>,30,15,[14  1],31,306,321,275,299
1,<environment.Job instance at 0x14de938c55f0>,39,18,[13  1],40,321,339,281,316
1,<environment.Job instance at 0x14de938c5140>,38,25,[2 8],39,321,346,282,318
1,<environment.Job instance at 0x14de938c5dc0>,43,24,[2 5],44,346,370,302,346
1,<environment.Job instance at 0x14deda911320>,16,14,[12  1],17,348,362,331,348
1,<environment.Job instance at 0x14de938c5b90>,44,21,[5 2],45,362,383,317,357
1,<environment.Job instance at 0x14de938c5fa0>,46,2,[2 6],47,362,364,315,357
1,<environment.Job instance at 0x14de938c55a0>,47,21,[12  1],48,383,404,335,375
1,<environment.Job instance at 0x14de938c52d0>,48,24,[ 1 14],49,383,407,334,378
1,<environment.Job instance at 0x14de938c50f0>,40,3,[ 2 12],41,407,410,366,402
1,<environment.Job instance at 0x14dedb32e870>,36,13,[13  2],37,409,422,372,409
1,<environment.Job instance at 0x14de935ca280>,52,28,[12  1],53,422,450,369,421
1,<environment.Job instance at 0x14de935caaa0>,53,22,[ 2 12],54,421,443,367,421
1,<environment.Job instance at 0x14de935cab90>,56,12,[13  1],57,450,462,393,444
1,<environment.Job instance at 0x14de935cacd0>,57,26,[14  2],58,462,488,404,459
1,<environment.Job instance at 0x14de935ca4b0>,50,3,[ 1 13],51,465,468,414,465
1,<environment.Job instance at 0x14de935cac80>,51,14,[ 2 14],52,488,502,436,478
1,<environment.Job instance at 0x14de935cad20>,62,26,[7 2],63,502,528,439,499
1,<environment.Job instance at 0x14de935caaf0>,64,25,[ 1 11],65,502,527,437,499
1,<environment.Job instance at 0x14de935ca960>,65,25,[2 7],66,527,552,461,523
1,<environment.Job instance at 0x14de935f2320>,70,26,[ 2 14],71,552,578,481,549
1,<environment.Job instance at 0x14de935ca140>,66,21,[ 2 14],67,578,599,511,570
1,<environment.Job instance at 0x14de935f2690>,74,28,[11  2],75,599,627,524,598
1,<environment.Job instance at 0x14de935f2e60>,72,23,[ 1 13],73,599,622,526,598
1,<environment.Job instance at 0x14de935f2550>,76,20,[ 1 13],77,622,642,545,613
1,<environment.Job instance at 0x14de935f22d0>,79,25,[10  2],80,627,652,547,623
1,<environment.Job instance at 0x14de935f2370>,81,25,[ 2 10],82,642,667,560,639
1,<environment.Job instance at 0x14de935f29b0>,80,3,[14  1],81,667,670,586,644
1,<environment.Job instance at 0x14de935f28c0>,87,19,[ 2 13],88,672,691,584,672
1,<environment.Job instance at 0x14de935caf00>,58,16,[ 1 13],59,691,707,632,683
1,<environment.Job instance at 0x14de935fbf00>,89,25,[ 2 14],90,707,732,617,703
1,<environment.Job instance at 0x14de935fb500>,91,19,[1 7],92,732,751,640,726
1,<environment.Job instance at 0x14de935fbaf0>,92,15,[10  2],93,736,751,643,736
1,<environment.Job instance at 0x14de935fbdc0>,93,28,[2 8],94,751,779,657,750
1,<environment.Job instance at 0x14dedb32ea50>,29,3,[ 2 12],30,779,782,749,758
1,<environment.Job instance at 0x14de935fba00>,96,22,[ 1 13],97,788,810,691,788
1,<environment.Job instance at 0x14de938c5f00>,45,14,[ 2 14],46,822,836,776,822
1,<environment.Job instance at 0x14de935fbfa0>,99,24,[ 1 11],100,836,860,736,831
1,<environment.Job instance at 0x14de935fb460>,100,27,[ 1 12],101,860,887,759,858
1,<environment.Job instance at 0x14de935fb050>,101,23,[11  1],102,858,881,756,858
1,<environment.Job instance at 0x14de935fbd20>,88,2,[12  1],89,896,898,807,896
1,<environment.Job instance at 0x14de935fb690>,107,26,[ 2 12],108,896,922,788,896
1,<environment.Job instance at 0x14deda8eebe0>,110,20,[9 1],111,903,923,792,903
1,<environment.Job instance at 0x14deda8ee1e0>,111,1,[ 2 13],112,941,942,829,941
1,<environment.Job instance at 0x14deda8ee460>,112,22,[ 1 12],113,942,964,829,941
1,<environment.Job instance at 0x14de935fb320>,95,15,[ 2 13],96,970,985,874,970
1,<environment.Job instance at 0x14deda8ee8c0>,114,28,[ 2 14],115,985,1013,870,984
1,<environment.Job instance at 0x14deda8ee870>,115,26,[9 2],116,1013,1039,897,1010
1,<environment.Job instance at 0x14deda8eee10>,116,22,[ 1 14],117,1039,1061,922,1032
1,<environment.Job instance at 0x14deda8ee190>,117,2,[2 9],118,1035,1037,917,1035
1,<environment.Job instance at 0x14de935fb780>,106,12,[12  1],107,1046,1058,939,1046
1,<environment.Job instance at 0x14deda8eecd0>,113,18,[ 1 14],114,1070,1088,956,1070
1,<environment.Job instance at 0x14de935f2eb0>,84,15,[ 1 14],85,1233,1248,1148,1233
1,<environment.Job instance at 0x14de935fb280>,97,13,[ 2 11],98,1643,1656,1545,1643
1,<environment.Job instance at 0x14dee1cf8820>,0,23,[2 7],1,1,24,0,1
1,<environment.Job instance at 0x14ded4081eb0>,5,23,[2 5],6,13,36,7,13
1,<environment.Job instance at 0x14ded4081f50>,8,23,[14  1],9,36,59,27,32
1,<environment.Job instance at 0x14dedfcbd1e0>,1,19,[ 2 11],2,59,78,57,54
1,<environment.Job instance at 0x14ded4081230>,3,26,[ 2 11],4,78,104,74,75
1,<environment.Job instance at 0x14ded4081e10>,11,2,[ 1 11],12,104,106,92,85
1,<environment.Job instance at 0x14ded4081820>,12,1,[ 1 14],13,106,107,93,96
1,<environment.Job instance at 0x14ded4081780>,10,22,[ 1 12],11,107,129,96,102
1,<environment.Job instance at 0x14ded4081c80>,14,3,[ 2 13],15,129,132,114,106
1,<environment.Job instance at 0x14dedb7f7230>,17,17,[13  2],18,177,194,159,177
1,<environment.Job instance at 0x14dedb7f70f0>,20,28,[ 2 13],21,182,210,161,182
1,<environment.Job instance at 0x14dedb7f7f50>,21,23,[ 1 12],22,210,233,188,204
1,<environment.Job instance at 0x14dedb7f7280>,22,24,[13  1],23,205,229,182,205
1,<environment.Job instance at 0x14dedb7f7b90>,18,14,[12  2],19,229,243,210,229
1,<environment.Job instance at 0x14dedb7f78c0>,24,24,[1 5],25,233,257,208,233
1,<environment.Job instance at 0x14dedb7f7e60>,26,26,[ 2 10],27,248,274,221,248
1,<environment.Job instance at 0x14de93240960>,28,24,[ 1 12],29,274,298,245,269
1,<environment.Job instance at 0x14de93240820>,29,21,[13  1],30,269,290,239,269
1,<environment.Job instance at 0x14de932406e0>,32,22,[ 1 14],33,298,320,265,294
1,<environment.Job instance at 0x14de93608f50>,38,18,[8 2],39,320,338,281,313
1,<environment.Job instance at 0x14de93608550>,37,23,[1 7],38,320,343,282,314
1,<environment.Job instance at 0x14de93608190>,40,25,[ 2 12],41,343,368,302,339
1,<environment.Job instance at 0x14de93608e10>,43,28,[12  2],44,346,374,302,346
1,<environment.Job instance at 0x14de93608f00>,44,26,[2 9],45,368,394,323,365
1,<environment.Job instance at 0x14de936085f0>,39,16,[14  2],40,394,410,354,385
1,<environment.Job instance at 0x14de936084b0>,46,24,[7 2],47,410,434,363,406
1,<environment.Job instance at 0x14de936083c0>,47,20,[ 1 11],48,408,428,360,408
1,<environment.Job instance at 0x14de93608690>,48,1,[ 2 13],49,433,434,384,433
1,<environment.Job instance at 0x14de93608b90>,49,21,[ 1 13],50,434,455,384,433
1,<environment.Job instance at 0x14de93608370>,45,1,[11  1],46,452,453,406,452
1,<environment.Job instance at 0x14ded4081320>,15,14,[14  1],16,459,473,443,459
1,<environment.Job instance at 0x14de93608780>,51,2,[11  2],52,473,475,421,461
1,<environment.Job instance at 0x14de93608910>,53,18,[7 1],54,475,493,421,466
1,<environment.Job instance at 0x14de93608280>,55,3,[1 5],56,467,470,411,467
1,<environment.Job instance at 0x14de93608c30>,56,22,[2 5],57,473,495,416,467
1,<environment.Job instance at 0x14de936087d0>,58,20,[2 7],59,473,493,414,468
1,<environment.Job instance at 0x14dee12aa5f0>,59,24,[8 2],60,493,517,433,488
1,<environment.Job instance at 0x14dee12aafa0>,60,25,[12  2],61,517,542,456,513
1,<environment.Job instance at 0x14dee12aa690>,62,27,[2 7],63,521,548,458,521
1,<environment.Job instance at 0x14dee12aa370>,63,14,[11  2],64,542,556,478,539
1,<environment.Job instance at 0x14dee12aac30>,64,22,[1 8],65,548,570,483,541
1,<environment.Job instance at 0x14dee12aa050>,65,3,[ 2 12],66,570,573,504,544
1,<environment.Job instance at 0x14de93608d70>,54,2,[14  1],55,557,559,502,557
1,<environment.Job instance at 0x14dee12aaf00>,67,25,[2 8],68,573,598,505,569
1,<environment.Job instance at 0x14dee12aaaa0>,68,28,[ 2 13],69,598,626,529,597
1,<environment.Job instance at 0x14dee12aa6e0>,69,24,[6 1],70,599,623,529,599
1,<environment.Job instance at 0x14ded4081a00>,4,12,[11  2],5,625,637,620,625
1,<environment.Job instance at 0x14dee12aa4b0>,72,13,[7 1],73,637,650,564,625
1,<environment.Job instance at 0x14dee12aa190>,73,23,[14  1],74,650,673,576,645
1,<environment.Job instance at 0x14dee12aa1e0>,74,24,[ 2 14],75,673,697,598,668
1,<environment.Job instance at 0x14dee12aae10>,76,26,[2 8],77,697,723,620,694
1,<environment.Job instance at 0x14dee12aab40>,71,13,[13  2],72,697,710,625,697
1,<environment.Job instance at 0x14ded4081be0>,7,14,[12  2],8,710,724,702,705
1,<environment.Job instance at 0x14deded07870>,81,23,[ 1 12],82,723,746,641,717
1,<environment.Job instance at 0x14deded07410>,83,28,[1 9],84,746,774,662,745
1,<environment.Job instance at 0x14deded07f50>,79,16,[ 2 14],80,774,790,694,769
1,<environment.Job instance at 0x14deded07a50>,86,2,[14  1],87,772,774,685,772
1,<environment.Job instance at 0x14dedb0d9d20>,87,22,[ 1 12],88,790,812,702,783
1,<environment.Job instance at 0x14dedb0d97d0>,88,1,[11  2],89,790,791,701,783
1,<environment.Job instance at 0x14dedb0d9550>,90,27,[11  1],91,791,818,700,789
1,<environment.Job instance at 0x14dedb0d9190>,92,23,[12  2],93,818,841,725,812
1,<environment.Job instance at 0x14dedb0d98c0>,93,2,[ 2 13],94,834,836,740,834
1,<environment.Job instance at 0x14dee12aa410>,66,16,[ 1 12],67,836,852,769,836
1,<environment.Job instance at 0x14dedb0d9140>,94,1,[ 1 12],95,852,853,757,845
1,<environment.Job instance at 0x14dedb0d9690>,96,1,[ 2 12],97,853,854,756,850
1,<environment.Job instance at 0x14dedb0d9e60>,99,26,[11  1],100,850,876,750,850
1,<environment.Job instance at 0x14dedb0d9870>,98,17,[ 1 12],99,854,871,755,850
1,<environment.Job instance at 0x14dedb0d9820>,100,3,[ 1 12],101,871,874,770,859
1,<environment.Job instance at 0x14dedb0d9780>,101,24,[ 1 11],102,874,898,772,869
1,<environment.Job instance at 0x14dedb0d9aa0>,103,25,[ 1 14],104,898,923,794,894
1,<environment.Job instance at 0x14dedb0d9f00>,102,19,[ 1 11],103,923,942,820,916
1,<environment.Job instance at 0x14deded07d20>,84,13,[14  2],85,960,973,875,960
1,<environment.Job instance at 0x14de939c0460>,110,1,[11  2],111,973,974,862,967
1,<environment.Job instance at 0x14de939c05f0>,111,17,[ 2 10],112,973,990,861,971
1,<environment.Job instance at 0x14de939c0cd0>,112,3,[ 1 11],113,996,999,883,996
1,<environment.Job instance at 0x14de939c0190>,113,22,[1 6],114,999,1021,885,997
1,<environment.Job instance at 0x14de939c0eb0>,114,16,[7 2],115,998,1014,883,998
1,<environment.Job instance at 0x14de939c0a50>,115,1,[ 2 14],116,1021,1022,905,1006
1,<environment.Job instance at 0x14de939c0b40>,116,17,[ 1 13],117,1022,1039,905,1012
1,<environment.Job instance at 0x14de939c0320>,107,3,[14  1],108,1022,1025,914,1021
1,<environment.Job instance at 0x14de93608a50>,50,16,[ 1 14],51,1039,1055,988,1039
1,<environment.Job instance at 0x14deded079b0>,85,3,[13  1],86,1082,1085,996,1082
1,<environment.Job instance at 0x14dedb0d9050>,105,14,[ 2 13],106,1797,1811,1691,1797
1,<environment.Job instance at 0x14deda92a140>,0,27,[2 8],1,2,29,1,2
1,<environment.Job instance at 0x14deda92a410>,2,22,[2 6],3,3,25,0,3
1,<environment.Job instance at 0x14ded8f5ca50>,5,22,[11  1],6,6,28,0,6
1,<environment.Job instance at 0x14ded8f5c7d0>,6,26,[ 2 11],7,29,55,22,26
1,<environment.Job instance at 0x14ded8f5cd70>,10,21,[12  1],11,32,53,21,32
1,<environment.Job instance at 0x14deda9bab40>,12,27,[6 1],13,53,80,40,52
1,<environment.Job instance at 0x14deda92a460>,3,2,[ 2 12],4,59,61,55,59
1,<environment.Job instance at 0x14de93783190>,14,21,[14  2],15,80,101,65,72
1,<environment.Job instance at 0x14de93783320>,15,28,[ 2 12],16,101,129,85,100
1,<environment.Job instance at 0x14de93783410>,16,24,[10  2],17,101,125,84,100
1,<environment.Job instance at 0x14ded8f5c550>,7,14,[12  1],8,125,139,117,125
1,<environment.Job instance at 0x14de93783fa0>,18,14,[5 1],19,139,153,120,128
1,<environment.Job instance at 0x14de937830f0>,13,14,[12  2],14,153,167,139,139
1,<environment.Job instance at 0x14de93783820>,20,21,[ 2 10],21,140,161,119,140
1,<environment.Job instance at 0x14de93783b90>,19,3,[ 2 14],20,167,170,147,156
1,<environment.Job instance at 0x14de93783960>,22,28,[ 2 14],23,170,198,147,169
1,<environment.Job instance at 0x14de937835a0>,21,19,[12  1],22,172,191,150,172
1,<environment.Job instance at 0x14de93783d70>,17,13,[ 2 13],18,198,211,180,196
1,<environment.Job instance at 0x14ded8f4b730>,23,22,[ 1 12],24,211,233,187,204
1,<environment.Job instance at 0x14de937a8c30>,28,20,[5 2],29,209,229,180,209
1,<environment.Job instance at 0x14ded8f4b500>,25,21,[ 1 14],26,233,254,207,226
1,<environment.Job instance at 0x14deda9b5c30>,32,23,[11  1],33,250,273,217,250
1,<environment.Job instance at 0x14deda9b58c0>,31,27,[ 1 14],32,254,281,222,252
1,<environment.Job instance at 0x14de937b0190>,36,1,[ 1 14],37,283,284,246,283
1,<environment.Job instance at 0x14dedfd29910>,1,2,[ 2 12],2,300,302,298,300
1,<environment.Job instance at 0x14ded4112dc0>,39,26,[1 6],40,302,328,262,300
1,<environment.Job instance at 0x14ded4110a50>,40,19,[13  1],41,300,319,259,300
1,<environment.Job instance at 0x14dedb08d6e0>,37,15,[12  1],38,319,334,281,316
1,<environment.Job instance at 0x14ded410f780>,43,27,[ 1 13],44,328,355,284,326
1,<environment.Job instance at 0x14dedb09fc80>,45,22,[ 1 13],46,355,377,309,348
1,<environment.Job instance at 0x14dedb0a7eb0>,47,26,[12  1],48,348,374,300,348
1,<environment.Job instance at 0x14dedb0a7410>,46,24,[ 1 10],47,377,401,330,376
1,<environment.Job instance at 0x14ded40f30f0>,49,21,[13  1],50,381,402,331,381
1,<environment.Job instance at 0x14de937ae550>,53,21,[13  1],54,402,423,348,394
1,<environment.Job instance at 0x14ded4118b40>,55,3,[2 6],56,416,419,360,416
1,<environment.Job instance at 0x14de937ae4b0>,52,28,[14  2],53,423,451,370,422
1,<environment.Job instance at 0x14ded4118d70>,56,20,[ 1 11],57,446,466,389,446
1,<environment.Job instance at 0x14ded4118b90>,59,26,[12  1],60,451,477,391,448
1,<environment.Job instance at 0x14ded4118640>,61,26,[12  1],62,477,503,415,474
1,<environment.Job instance at 0x14ded40ea500>,63,18,[1 5],64,475,493,411,475
1,<environment.Job instance at 0x14ded40ea3c0>,64,21,[14  1],65,503,524,438,496
1,<environment.Job instance at 0x14ded40ea1e0>,65,18,[ 1 11],66,500,518,434,500
1,<environment.Job instance at 0x14dedb088d20>,38,1,[12  2],39,524,525,485,519
1,<environment.Job instance at 0x14ded40ea730>,67,1,[ 2 13],68,540,541,472,540
1,<environment.Job instance at 0x14ded4118690>,60,3,[ 1 13],61,541,544,480,541
1,<environment.Job instance at 0x14ded40ea0a0>,70,17,[11  1],71,546,563,475,546
1,<environment.Job instance at 0x14de93795410>,72,21,[7 2],73,563,584,490,558
1,<environment.Job instance at 0x14ded40ea140>,71,27,[5 1],72,563,590,491,562
1,<environment.Job instance at 0x14ded40ea0f0>,73,28,[7 1],74,584,612,510,583
1,<environment.Job instance at 0x14de937955a0>,76,25,[2 8],77,588,613,511,588
1,<environment.Job instance at 0x14de93795640>,77,23,[8 1],78,612,635,534,606
1,<environment.Job instance at 0x14dedb0a6460>,27,12,[13  2],28,635,647,607,624
1,<environment.Job instance at 0x14de93795370>,75,20,[12  1],76,647,667,571,638
1,<environment.Job instance at 0x14de937956e0>,78,15,[14  1],79,667,682,588,656
1,<environment.Job instance at 0x14de93795780>,79,1,[12  2],80,682,683,602,666
1,<environment.Job instance at 0x14de93795aa0>,83,23,[11  1],84,683,706,599,677
1,<environment.Job instance at 0x14de93795a00>,84,26,[2 5],85,682,708,597,679
1,<environment.Job instance at 0x14de93795960>,82,21,[13  1],83,706,727,623,698
1,<environment.Job instance at 0x14de93795be0>,86,28,[ 2 13],87,708,736,621,707
1,<environment.Job instance at 0x14de93795b40>,85,1,[13  2],86,727,728,641,708
1,<environment.Job instance at 0x14de93795d20>,88,17,[11  1],89,728,745,639,724
1,<environment.Job instance at 0x14de93795dc0>,89,2,[ 2 13],90,736,738,646,730
1,<environment.Job instance at 0x14de93795e60>,90,21,[5 2],91,745,766,654,737
1,<environment.Job instance at 0x14de93795320>,92,28,[ 1 13],93,738,766,645,737
1,<environment.Job instance at 0x14de9379a140>,94,17,[11  1],95,769,786,674,769
1,<environment.Job instance at 0x14de9379a1e0>,95,22,[ 1 13],96,769,791,673,769
1,<environment.Job instance at 0x14de9379a280>,96,21,[14  2],97,786,807,689,778
1,<environment.Job instance at 0x14de9379a460>,99,23,[10  1],100,807,830,707,801
1,<environment.Job instance at 0x14de93795820>,80,15,[14  1],81,830,845,749,823
1,<environment.Job instance at 0x14de9379a780>,100,18,[13  2],101,845,863,744,836
1,<environment.Job instance at 0x14de9379a910>,103,22,[2 7],104,845,867,741,838
1,<environment.Job instance at 0x14de9379a8c0>,104,22,[14  2],105,867,889,762,860
1,<environment.Job instance at 0x14de9379aa50>,105,22,[ 2 13],106,889,911,783,882
1,<environment.Job instance at 0x14de9379abe0>,109,27,[5 1],110,889,916,779,887
1,<environment.Job instance at 0x14de9379af00>,114,23,[11  1],115,916,939,801,910
1,<environment.Job instance at 0x14de9379aeb0>,115,28,[9 2],116,939,967,823,938
1,<environment.Job instance at 0x14de9379ae10>,116,1,[ 1 12],117,942,943,825,942
1,<environment.Job instance at 0x14de9379ab40>,108,16,[11  2],109,967,983,858,959
1,<environment.Job instance at 0x14de937ac1e0>,118,26,[2 6],119,959,985,840,959
1,<environment.Job instance at 0x14de937ac230>,117,3,[11  1],118,994,997,876,994
1,<environment.Job instance at 0x14de93795b90>,91,12,[12  1],92,997,1009,905,997
1,<environment.Job instance at 0x14ded8f5ccd0>,8,17,[13  1],9,1148,1165,1139,1148
1,<environment.Job instance at 0x14ded40ea320>,68,16,[ 2 13],69,1283,1299,1214,1283
1,<environment.Job instance at 0x14de93799eb0>,0,25,[ 2 14],1,1,26,0,1
1,<environment.Job instance at 0x14dedb089c30>,4,28,[6 1],5,5,33,0,5
1,<environment.Job instance at 0x14ded40ea7d0>,3,25,[ 1 11],4,26,51,22,22
1,<environment.Job instance at 0x14dedb089d20>,8,27,[14  2],9,33,60,24,32
1,<environment.Job instance at 0x14dedb089640>,12,28,[14  2],13,60,88,47,59
1,<environment.Job instance at 0x14dedb0890a0>,14,1,[ 2 13],15,88,89,73,65
1,<environment.Job instance at 0x14dedb089cd0>,19,27,[ 2 11],20,89,116,69,87
1,<environment.Job instance at 0x14dedb089910>,20,24,[7 2],21,88,112,67,87
1,<environment.Job instance at 0x14dedb3327d0>,22,28,[9 1],23,112,140,89,112
1,<environment.Job instance at 0x14dedb332fa0>,23,23,[1 8],24,119,142,95,119
1,<environment.Job instance at 0x14dedb3325f0>,24,25,[13  2],25,140,165,115,136
1,<environment.Job instance at 0x14dedb332d20>,25,21,[ 2 13],26,142,163,116,142
1,<environment.Job instance at 0x14dedb332500>,21,28,[ 1 12],22,164,192,142,164
1,<environment.Job instance at 0x14dedb332a50>,27,20,[ 1 10],28,192,212,164,183
1,<environment.Job instance at 0x14dedb332e10>,30,25,[11  2],31,183,208,152,183
1,<environment.Job instance at 0x14dedb332410>,32,21,[ 1 14],33,212,233,179,204
1,<environment.Job instance at 0x14dedb3323c0>,33,21,[8 2],34,233,254,199,226
1,<environment.Job instance at 0x14dedb089500>,11,18,[ 2 11],12,235,253,223,235
1,<environment.Job instance at 0x14dedb089960>,9,3,[12  2],10,254,257,244,236
1,<environment.Job instance at 0x14dedb332690>,36,22,[1 6],37,253,275,216,246
1,<environment.Job instance at 0x14dedb332870>,34,1,[ 2 13],35,275,276,240,274
1,<environment.Job instance at 0x14dedb3325a0>,35,18,[11  2],36,276,294,240,276
1,<environment.Job instance at 0x14deda9c17d0>,42,18,[12  1],43,294,312,251,289
1,<environment.Job instance at 0x14deda9c1410>,41,16,[ 2 11],42,318,334,276,318
1,<environment.Job instance at 0x14deda9c13c0>,45,21,[12  2],46,319,340,273,319
1,<environment.Job instance at 0x14dedb0890f0>,16,17,[14  1],17,345,362,328,345
1,<environment.Job instance at 0x14deda9c1a50>,49,27,[8 1],50,362,389,312,360
1,<environment.Job instance at 0x14deda9c15a0>,50,28,[13  2],51,389,417,338,388
1,<environment.Job instance at 0x14deda9c1550>,51,24,[7 2],52,417,441,365,413
1,<environment.Job instance at 0x14deda9c1eb0>,52,28,[10  1],53,441,469,388,440
1,<environment.Job instance at 0x14deda9c16e0>,48,24,[11  1],49,469,493,420,464
1,<environment.Job instance at 0x14deda9c1230>,53,1,[13  1],54,493,494,439,467
1,<environment.Job instance at 0x14deda9c1e10>,55,2,[2 6],56,468,470,412,468
1,<environment.Job instance at 0x14deda9c1730>,56,21,[ 1 11],57,471,492,414,471
1,<environment.Job instance at 0x14deda9c1fa0>,57,26,[ 1 10],58,492,518,434,489
1,<environment.Job instance at 0x14dedb0cbaf0>,59,24,[9 2],60,494,518,434,490
1,<environment.Job instance at 0x14dedb0cbeb0>,60,16,[ 1 13],61,541,557,480,541
1,<environment.Job instance at 0x14dedb0cb910>,61,18,[ 2 13],62,570,588,508,570
1,<environment.Job instance at 0x14dedb0cb230>,62,1,[13  1],63,576,577,513,576
1,<environment.Job instance at 0x14dedb0cb2d0>,63,3,[14  1],64,588,591,524,584
1,<environment.Job instance at 0x14dedb0cb9b0>,64,25,[ 1 11],65,588,613,523,584
1,<environment.Job instance at 0x14dedb0cb190>,66,23,[14  2],67,591,614,524,588
1,<environment.Job instance at 0x14dedb0cbd20>,67,1,[12  1],68,614,615,546,603
1,<environment.Job instance at 0x14dedb0cb820>,68,23,[10  2],69,615,638,546,609
1,<environment.Job instance at 0x14dedb0cb0a0>,69,3,[ 1 12],70,636,639,566,636
1,<environment.Job instance at 0x14dedb0cb870>,70,19,[14  2],71,640,659,569,640
1,<environment.Job instance at 0x14dedb0cbc30>,71,25,[5 2],72,659,684,587,655
1,<environment.Job instance at 0x14dedb0cba00>,72,17,[ 1 11],73,684,701,611,684
1,<environment.Job instance at 0x14dedb0cb1e0>,73,15,[12  1],74,688,703,614,688
1,<environment.Job instance at 0x14dedb0cb050>,74,18,[ 1 12],75,701,719,626,699
1,<environment.Job instance at 0x14dedb0cb140>,75,26,[13  2],76,703,729,627,701
1,<environment.Job instance at 0x14dedaa71c30>,76,12,[ 2 14],77,740,752,663,740
1,<environment.Job instance at 0x14dedaa71960>,77,12,[9 2],78,752,764,674,748
1,<environment.Job instance at 0x14dedaa711e0>,78,23,[6 2],79,752,775,673,748
1,<environment.Job instance at 0x14dedaa71280>,80,26,[14  2],81,775,801,694,772
1,<environment.Job instance at 0x14dedaa71d20>,81,25,[6 2],82,801,826,719,797
1,<environment.Job instance at 0x14dedaa71460>,82,25,[ 2 10],83,801,826,718,797
1,<environment.Job instance at 0x14dedaa710a0>,83,20,[ 1 13],84,826,846,742,822
1,<environment.Job instance at 0x14dedaa71820>,84,1,[ 1 12],85,846,847,761,840
1,<environment.Job instance at 0x14dedaa714b0>,85,1,[ 1 14],86,847,848,761,842
1,<environment.Job instance at 0x14dedaa71500>,86,20,[1 5],87,848,868,761,842
1,<environment.Job instance at 0x14dedb079e60>,87,21,[12  2],88,848,869,760,842
1,<environment.Job instance at 0x14dedb079b40>,88,1,[2 6],89,850,851,761,850
1,<environment.Job instance at 0x14dedb079230>,90,27,[5 2],91,869,896,778,867
1,<environment.Job instance at 0x14dedb079640>,91,1,[ 2 10],92,870,871,778,870
1,<environment.Job instance at 0x14dedb079cd0>,92,20,[ 1 11],93,871,891,778,870
1,<environment.Job instance at 0x14deda9c1af0>,54,14,[11  2],55,896,910,841,890
1,<environment.Job instance at 0x14dedb079d70>,93,2,[ 1 14],94,926,928,832,926
1,<environment.Job instance at 0x14dedb0798c0>,95,17,[14  2],96,928,945,832,926
1,<environment.Job instance at 0x14dedb079050>,96,3,[12  1],97,945,948,848,931
1,<environment.Job instance at 0x14dedb0796e0>,94,19,[ 1 11],95,948,967,853,948
1,<environment.Job instance at 0x14dedb079780>,100,27,[12  1],101,956,983,855,956
1,<environment.Job instance at 0x14dedb079eb0>,101,26,[14  1],102,983,1009,881,980
1,<environment.Job instance at 0x14dedb079f50>,97,18,[ 1 14],98,988,1006,890,988
1,<environment.Job instance at 0x14dedb079410>,102,2,[14  1],103,1009,1011,906,1006
1,<environment.Job instance at 0x14dedb079f00>,103,18,[12  2],104,1011,1029,907,1009
1,<environment.Job instance at 0x14dedb079280>,105,3,[ 1 12],106,1010,1013,904,1010
1,<environment.Job instance at 0x14dedf3f7280>,106,21,[ 1 14],107,1029,1050,922,1021
1,<environment.Job instance at 0x14dedf3f7320>,107,22,[11  1],108,1029,1051,921,1022
1,<environment.Job instance at 0x14dedb079910>,104,2,[12  1],105,1053,1055,948,1053
1,<environment.Job instance at 0x14deda9c1190>,46,14,[ 1 12],47,1061,1075,1014,1061
1,<environment.Job instance at 0x14dedf3f7c80>,113,14,[12  2],114,1065,1079,951,1065
1,<environment.Job instance at 0x14dedf3f7a50>,115,24,[ 2 13],116,1075,1099,959,1070
1,<environment.Job instance at 0x14dedf3f7f50>,114,23,[12  1],115,1085,1108,970,1085
1,<environment.Job instance at 0x14dedf3f7e10>,110,16,[12  2],111,1108,1124,997,1098
1,<environment.Job instance at 0x14dedb332d70>,37,16,[ 2 11],38,1114,1130,1076,1114
1,<environment.Job instance at 0x14dedf3f7b40>,117,19,[12  1],118,1124,1143,1006,1124
1,<environment.Job instance at 0x14dedf3f7640>,118,3,[7 1],119,1143,1146,1024,1127
1,<environment.Job instance at 0x14dedf3f7910>,116,2,[12  1],117,1248,1250,1131,1248
1,<environment.Job instance at 0x14dedb332be0>,29,13,[ 2 11],30,2408,2421,2378,2408
1,<environment.Job instance at 0x14dedb332050>,1,28,[12  2],2,2,30,0,2
1,<environment.Job instance at 0x14dedb332be0>,2,26,[2 8],3,3,29,0,3
1,<environment.Job instance at 0x14deda986fa0>,5,28,[1 5],6,6,34,0,6
1,<environment.Job instance at 0x14deda986640>,10,20,[14  1],11,30,50,19,30
1,<environment.Job instance at 0x14deda986c80>,12,25,[1 7],13,34,59,21,30
1,<environment.Job instance at 0x14deda9862d0>,6,1,[ 2 11],7,59,60,52,51
1,<environment.Job instance at 0x14deda9863c0>,14,2,[ 1 12],15,60,62,45,52
1,<environment.Job instance at 0x14deda986e60>,9,3,[ 1 11],10,62,65,52,55
1,<environment.Job instance at 0x14deda98f280>,16,12,[ 1 13],17,65,77,48,55
1,<environment.Job instance at 0x14deda98fcd0>,17,25,[ 1 12],18,77,102,59,73
1,<environment.Job instance at 0x14deda98fa00>,19,23,[11  1],20,74,97,54,74
1,<environment.Job instance at 0x14deda98f500>,20,27,[14  2],21,97,124,76,95
1,<environment.Job instance at 0x14deda98f320>,21,25,[ 2 13],22,124,149,102,120
1,<environment.Job instance at 0x14deda98fc80>,22,28,[5 2],23,124,152,101,123
1,<environment.Job instance at 0x14deda98f910>,18,2,[14  1],19,152,154,133,138
1,<environment.Job instance at 0x14de93532640>,11,15,[ 1 12],12,149,164,137,149
1,<environment.Job instance at 0x14deda98f1e0>,25,25,[ 2 14],26,164,189,138,160
1,<environment.Job instance at 0x14deda98f5a0>,26,26,[ 2 11],27,189,215,162,186
1,<environment.Job instance at 0x14de93508a00>,24,2,[11  1],25,186,188,161,186
1,<environment.Job instance at 0x14dedf388230>,28,28,[12  1],29,188,216,159,187
1,<environment.Job instance at 0x14dedf392e60>,30,26,[ 1 13],31,215,241,184,212
1,<environment.Job instance at 0x14de93933050>,32,23,[1 6],33,241,264,208,237
1,<environment.Job instance at 0x14deda986960>,8,1,[ 1 12],9,264,265,255,246
1,<environment.Job instance at 0x14deda9971e0>,37,3,[13  1],38,253,256,215,253
1,<environment.Job instance at 0x14deda997c30>,36,20,[ 1 13],37,265,285,228,256
1,<environment.Job instance at 0x14deda997690>,40,25,[5 1],41,256,281,215,256
1,<environment.Job instance at 0x14de93bb6f50>,42,27,[ 1 10],43,285,312,242,283
1,<environment.Job instance at 0x14de93538e60>,45,27,[6 1],46,283,310,237,283
1,<environment.Job instance at 0x14de9372ea50>,46,20,[1 9],47,312,332,265,305
1,<environment.Job instance at 0x14de9372e2d0>,48,25,[ 1 13],49,332,357,283,329
1,<environment.Job instance at 0x14dedf392eb0>,31,3,[ 2 11],32,357,360,325,356
1,<environment.Job instance at 0x14de93731d70>,50,27,[ 1 12],51,360,387,309,358
1,<environment.Job instance at 0x14dedfcb2780>,47,1,[ 2 12],48,392,393,344,392
1,<environment.Job instance at 0x14de937023c0>,52,20,[2 7],53,393,413,340,392
1,<environment.Job instance at 0x14de937314b0>,53,21,[13  1],54,392,413,338,392
1,<environment.Job instance at 0x14de93702cd0>,55,23,[11  1],56,413,436,357,407
1,<environment.Job instance at 0x14de93702af0>,56,18,[ 1 13],57,421,439,364,421
1,<environment.Job instance at 0x14de93702c30>,57,21,[ 1 12],58,439,460,381,432
1,<environment.Job instance at 0x14de93702aa0>,58,27,[ 1 14],59,460,487,401,458
1,<environment.Job instance at 0x14de93702960>,59,3,[ 1 13],60,490,493,430,490
1,<environment.Job instance at 0x14de937027d0>,60,25,[ 2 10],61,493,518,432,490
1,<environment.Job instance at 0x14de93702dc0>,61,26,[14  1],62,518,544,456,515
1,<environment.Job instance at 0x14de937312d0>,49,12,[ 1 12],50,532,544,482,532
1,<environment.Job instance at 0x14dedfcadf00>,65,23,[9 2],66,544,567,478,538
1,<environment.Job instance at 0x14dedfcadcd0>,66,1,[7 1],67,567,568,500,544
1,<environment.Job instance at 0x14dedf39f410>,23,13,[14  2],24,568,581,544,561
1,<environment.Job instance at 0x14dedfcad0f0>,69,1,[11  2],70,581,582,511,561
1,<environment.Job instance at 0x14dedfc858c0>,70,23,[14  2],71,582,605,511,576
1,<environment.Job instance at 0x14dedfc98370>,73,23,[6 1],74,605,628,531,599
1,<environment.Job instance at 0x14dedfc98280>,74,2,[1 8],75,606,608,531,606
1,<environment.Job instance at 0x14dedfc98140>,75,26,[6 2],76,606,632,530,606
1,<environment.Job instance at 0x14dedfc98410>,76,22,[2 8],77,608,630,531,607
1,<environment.Job instance at 0x14dedfcadd70>,68,15,[13  1],69,632,647,563,622
1,<environment.Job instance at 0x14dedfc98320>,78,18,[2 5],79,628,646,549,628
1,<environment.Job instance at 0x14dedfcade10>,64,18,[12  2],65,647,665,582,642
1,<environment.Job instance at 0x14dedfc985a0>,80,20,[6 2],81,665,685,584,657
1,<environment.Job instance at 0x14dedfc98500>,79,24,[9 1],80,665,689,585,660
1,<environment.Job instance at 0x14dedfc986e0>,82,27,[1 7],83,685,712,602,683
1,<environment.Job instance at 0x14dedfc988c0>,83,25,[2 6],84,685,710,601,683
1,<environment.Job instance at 0x14dedfc98820>,84,3,[12  2],85,689,692,604,687
1,<environment.Job instance at 0x14dedfc989b0>,85,28,[ 1 12],86,712,740,626,711
1,<environment.Job instance at 0x14dedfc98640>,81,20,[14  2],82,718,738,636,718
1,<environment.Job instance at 0x14dedfc98960>,86,27,[ 1 13],87,740,767,653,738
1,<environment.Job instance at 0x14dedfc98b40>,89,26,[8 2],90,738,764,648,738
1,<environment.Job instance at 0x14dedfc98aa0>,88,22,[14  1],89,764,786,675,758
1,<environment.Job instance at 0x14dedfc98c80>,91,19,[ 1 13],92,767,786,675,760
1,<environment.Job instance at 0x14dedfcbc320>,97,24,[1 8],98,786,810,688,781
1,<environment.Job instance at 0x14dedfc98fa0>,96,24,[5 1],97,786,810,689,781
1,<environment.Job instance at 0x14dedfcbc460>,99,27,[ 2 11],100,810,837,710,808
1,<environment.Job instance at 0x14dedfcbc500>,100,23,[ 1 12],101,837,860,736,831
1,<environment.Job instance at 0x14dedfcbc6e0>,103,25,[6 1],104,831,856,727,831
1,<environment.Job instance at 0x14dedfcbc640>,102,25,[12  1],103,856,881,753,855
1,<environment.Job instance at 0x14dedfcbc780>,104,27,[12  1],105,881,908,776,879
1,<environment.Job instance at 0x14dedfcbc960>,107,27,[2 8],108,879,906,771,879
1,<environment.Job instance at 0x14dedfc981e0>,77,15,[ 1 12],78,906,921,828,905
1,<environment.Job instance at 0x14dedfcbcc80>,112,17,[11  2],113,908,925,795,906
1,<environment.Job instance at 0x14dedfcbcd20>,113,22,[7 2],114,925,947,811,918
1,<environment.Job instance at 0x14dedfcbcb40>,110,14,[ 1 13],111,928,942,817,928
1,<environment.Job instance at 0x14dedfcbce60>,115,19,[12  2],116,947,966,831,939
1,<environment.Job instance at 0x14dedfcbcdc0>,114,2,[11  1],115,966,968,851,942
1,<environment.Job instance at 0x14dedfcbcfa0>,117,15,[2 7],118,942,957,824,942
1,<environment.Job instance at 0x14dedfcbcf00>,116,2,[12  2],117,968,970,851,962
1,<environment.Job instance at 0x14dedfcbcbe0>,111,2,[ 1 12],112,970,972,858,970
1,<environment.Job instance at 0x14de93b95910>,13,3,[ 1 14],14,1024,1027,1010,1024
1,<environment.Job instance at 0x14de93731dc0>,51,13,[ 2 14],52,1740,1753,1688,1740
1,<environment.Job instance at 0x14de937090a0>,0,25,[ 1 14],1,1,26,0,1
1,<environment.Job instance at 0x14de937094b0>,1,23,[12  1],2,4,27,2,4
1,<environment.Job instance at 0x14de93731dc0>,2,27,[ 1 13],3,27,54,24,27
1,<environment.Job instance at 0x14dee13381e0>,3,19,[13  1],4,31,50,27,31
1,<environment.Job instance at 0x14dedab0a190>,11,21,[14  2],12,50,71,38,42
1,<environment.Job instance at 0x14dedab0a5f0>,9,21,[14  2],10,71,92,61,65
1,<environment.Job instance at 0x14dedab0ac30>,8,24,[ 2 14],9,92,116,83,91
1,<environment.Job instance at 0x14dedab0af50>,14,28,[ 1 12],15,116,144,101,116
1,<environment.Job instance at 0x14dedab0a910>,15,26,[14  1],16,116,142,100,116
1,<environment.Job instance at 0x14dee1338780>,5,16,[14  2],6,142,158,136,138
1,<environment.Job instance at 0x14dedab0a7d0>,13,1,[ 1 11],14,152,153,138,152
1,<environment.Job instance at 0x14dedab0a140>,20,19,[1 8],21,153,172,132,152
1,<environment.Job instance at 0x14dedab0ae60>,21,25,[8 1],22,158,183,136,154
1,<environment.Job instance at 0x14dedab0ab40>,22,26,[ 1 11],23,172,198,149,169
1,<environment.Job instance at 0x14dedab0acd0>,23,24,[11  1],24,183,207,159,178
1,<environment.Job instance at 0x14dedab0ab90>,26,28,[7 2],27,207,235,180,206
1,<environment.Job instance at 0x14dedab0a5a0>,28,22,[ 1 11],29,206,228,177,206
1,<environment.Job instance at 0x14de938bb960>,30,28,[1 6],31,228,256,197,227
1,<environment.Job instance at 0x14de938bbb90>,31,23,[13  2],32,235,258,203,229
1,<environment.Job instance at 0x14de938bbfa0>,33,27,[1 6],34,232,259,198,232
1,<environment.Job instance at 0x14de938bb9b0>,35,22,[12  1],36,258,280,222,252
1,<environment.Job instance at 0x14de938bb640>,36,21,[12  2],37,280,301,243,272
1,<environment.Job instance at 0x14de938bbe60>,38,24,[9 1],39,301,325,262,296
1,<environment.Job instance at 0x14de938bb050>,39,15,[5 2],40,301,316,261,298
1,<environment.Job instance at 0x14de938bb780>,40,3,[12  1],41,325,328,284,309
1,<environment.Job instance at 0x14dee13385f0>,4,14,[13  2],5,328,342,323,325
1,<environment.Job instance at 0x14de938bbdc0>,41,1,[13  2],42,342,343,300,327
1,<environment.Job instance at 0x14de938bbd20>,43,15,[11  2],44,343,358,299,332
1,<environment.Job instance at 0x14de938bb320>,45,21,[6 2],46,358,379,312,352
1,<environment.Job instance at 0x14de938bb230>,48,27,[1 7],49,357,384,308,357
1,<environment.Job instance at 0x14de938bbd70>,49,25,[7 2],50,358,383,308,358
1,<environment.Job instance at 0x14de938bb500>,47,22,[12  1],48,383,405,335,378
1,<environment.Job instance at 0x14de93890be0>,50,24,[ 1 11],51,384,408,333,379
1,<environment.Job instance at 0x14de93890820>,52,28,[ 2 12],53,408,436,355,407
1,<environment.Job instance at 0x14de93890af0>,54,24,[10  2],55,407,431,352,407
1,<environment.Job instance at 0x14de93890550>,53,19,[11  2],54,441,460,387,441
1,<environment.Job instance at 0x14dedab0aaf0>,19,15,[ 2 11],20,455,470,435,455
1,<environment.Job instance at 0x14de93890280>,56,19,[14  1],57,470,489,413,460
1,<environment.Job instance at 0x14de93890460>,58,26,[1 5],59,470,496,411,467
1,<environment.Job instance at 0x14de93890fa0>,59,23,[ 2 13],60,496,519,436,490
1,<environment.Job instance at 0x14de93890410>,55,12,[13  2],56,499,511,443,499
1,<environment.Job instance at 0x14de93890f50>,61,2,[13  1],62,511,513,449,503
1,<environment.Job instance at 0x14de93890f00>,63,28,[12  2],64,513,541,449,512
1,<environment.Job instance at 0x14de938900f0>,64,18,[ 2 11],65,521,539,456,521
1,<environment.Job instance at 0x14de93890640>,65,13,[ 2 11],66,545,558,479,545
1,<environment.Job instance at 0x14de938908c0>,66,20,[8 1],67,547,567,480,547
1,<environment.Job instance at 0x14de93890dc0>,67,20,[7 2],68,558,578,490,549
1,<environment.Job instance at 0x14de93890cd0>,68,25,[ 1 13],69,567,592,498,563
1,<environment.Job instance at 0x14de93890b40>,69,27,[1 9],70,592,619,522,590
1,<environment.Job instance at 0x14de93890870>,71,17,[1 6],72,596,613,524,596
1,<environment.Job instance at 0x14deda9b9550>,73,28,[2 8],74,619,647,545,618
1,<environment.Job instance at 0x14deda9b9370>,74,26,[14  1],75,647,673,572,644
1,<environment.Job instance at 0x14de93890690>,60,2,[14  1],61,673,675,612,670
1,<environment.Job instance at 0x14de93890050>,57,3,[ 2 11],58,675,678,617,673
1,<environment.Job instance at 0x14deda9b9190>,76,2,[ 2 11],77,678,680,601,673
1,<environment.Job instance at 0x14deda9b9410>,79,26,[ 1 14],80,680,706,600,677
1,<environment.Job instance at 0x14deda9b9a50>,81,27,[13  1],82,682,709,600,682
1,<environment.Job instance at 0x14deda9b9280>,86,26,[2 5],87,706,732,619,703
1,<environment.Job instance at 0x14deda9b9d70>,77,1,[14  1],78,732,733,654,708
1,<environment.Job instance at 0x14de9344c320>,87,3,[14  1],88,733,736,645,711
1,<environment.Job instance at 0x14de9344c460>,89,22,[11  2],90,736,758,646,729
1,<environment.Job instance at 0x14de9344c230>,90,27,[2 9],91,736,763,645,734
1,<environment.Job instance at 0x14deda9b9500>,78,1,[13  1],79,758,759,679,739
1,<environment.Job instance at 0x14de9344c500>,92,27,[ 1 10],93,763,790,670,761
1,<environment.Job instance at 0x14de9344c140>,91,14,[11  2],92,803,817,711,803
1,<environment.Job instance at 0x14de9344c690>,94,3,[ 1 13],95,804,807,709,804
1,<environment.Job instance at 0x14de9344cf00>,95,27,[7 1],96,817,844,721,815
1,<environment.Job instance at 0x14de9344ca00>,96,1,[13  1],97,844,845,747,816
1,<environment.Job instance at 0x14de9344c640>,88,13,[ 2 12],89,829,842,740,829
1,<environment.Job instance at 0x14de9344cf50>,98,23,[ 2 11],99,842,865,743,836
1,<environment.Job instance at 0x14de9344c8c0>,100,21,[12  2],101,845,866,744,837
1,<environment.Job instance at 0x14de9344c730>,101,3,[ 1 14],102,867,870,765,867
1,<environment.Job instance at 0x14de9344cbe0>,103,25,[1 6],104,870,895,766,869
1,<environment.Job instance at 0x14de9344c9b0>,104,26,[6 1],105,869,895,764,869
1,<environment.Job instance at 0x14de9344c3c0>,105,26,[1 8],106,870,896,764,869
1,<environment.Job instance at 0x14de9344c1e0>,109,18,[ 2 14],110,896,914,786,888
1,<environment.Job instance at 0x14ded41b51e0>,110,23,[12  1],111,895,918,784,889
1,<environment.Job instance at 0x14de9344cfa0>,97,13,[12  1],98,920,933,822,920
1,<environment.Job instance at 0x14ded41b55f0>,112,20,[1 8],113,921,941,808,921
1,<environment.Job instance at 0x14ded41b59b0>,113,24,[ 1 14],114,941,965,827,936
1,<environment.Job instance at 0x14ded41b5910>,114,28,[13  2],115,965,993,850,964
1,<environment.Job instance at 0x14ded41b5e10>,115,19,[11  2],116,993,1012,877,983
1,<environment.Job instance at 0x14ded41b5780>,116,22,[ 2 13],117,983,1005,866,983
1,<environment.Job instance at 0x14ded41b5190>,117,26,[11  1],118,1012,1038,894,1009
1,<environment.Job instance at 0x14ded41b5690>,118,12,[ 2 11],119,1013,1025,894,1013
1,<environment.Job instance at 0x14ded41b50f0>,111,15,[ 1 12],112,1043,1058,931,1043
1,<environment.Job instance at 0x14de9344cc30>,93,17,[ 2 14],94,1114,1131,1020,1114
1,<environment.Job instance at 0x14de938bb5a0>,34,2,[12  2],35,1184,1186,1149,1184
1,<environment.Job instance at 0x14dedab0a9b0>,12,15,[ 2 13],13,1240,1255,1227,1240
1,<environment.Job instance at 0x15528866bb90>,0,24,[ 1 10],1,2,26,1,2
1,<environment.Job instance at 0x15527f2ae7d0>,5,25,[7 1],6,6,31,0,6
1,<environment.Job instance at 0x15527f2ae8c0>,8,2,[2 5],9,26,28,17,11
1,<environment.Job instance at 0x15527f2ae910>,10,3,[ 1 14],11,28,31,17,11
1,<environment.Job instance at 0x15527f2aee10>,13,27,[1 8],14,31,58,17,29
1,<environment.Job instance at 0x15527f2b00a0>,16,19,[ 1 12],17,58,77,41,49
1,<environment.Job instance at 0x15527f2aefa0>,15,24,[ 2 13],16,77,101,61,72
1,<environment.Job instance at 0x15527f2ae9b0>,6,19,[ 1 13],7,101,120,94,92
1,<environment.Job instance at 0x15527f2b0230>,19,21,[14  2],20,101,122,81,95
1,<environment.Job instance at 0x15527f2b0460>,22,25,[ 2 12],23,122,147,99,118
1,<environment.Job instance at 0x15528866baa0>,2,18,[ 1 12],3,147,165,144,140
1,<environment.Job instance at 0x15527f2b04b0>,21,22,[14  2],22,147,169,125,143
1,<environment.Job instance at 0x15527f2b0870>,27,25,[14  2],28,169,194,141,165
1,<environment.Job instance at 0x15527f2b0820>,24,20,[ 2 13],25,194,214,169,185
1,<environment.Job instance at 0x15527f2b0d20>,31,23,[5 1],32,194,217,162,189
1,<environment.Job instance at 0x15527f2b0e10>,34,20,[5 1],35,197,217,162,197
1,<environment.Job instance at 0x15527f2b0d70>,36,27,[10  2],37,217,244,180,215
1,<environment.Job instance at 0x15527f2b0f50>,37,22,[2 5],38,216,238,178,216
1,<environment.Job instance at 0x15527f2b0be0>,35,23,[11  2],36,244,267,208,238
1,<environment.Job instance at 0x15527f2b01e0>,17,3,[ 1 13],18,249,252,231,249
1,<environment.Job instance at 0x15527f2b0730>,25,1,[11  1],26,267,268,241,250
1,<environment.Job instance at 0x15527f2b2050>,38,1,[ 1 13],39,266,267,227,266
1,<environment.Job instance at 0x15527f2b2640>,46,21,[2 6],47,270,291,223,270
1,<environment.Job instance at 0x15527f2b2730>,47,26,[12  2],48,270,296,222,270
1,<environment.Job instance at 0x15527f2b29b0>,49,25,[11  2],50,296,321,246,292
1,<environment.Job instance at 0x15527f2b2910>,50,23,[2 6],51,292,315,241,292
1,<environment.Job instance at 0x15527f2b2a50>,51,2,[ 2 13],52,315,317,263,313
1,<environment.Job instance at 0x15527f2aee60>,14,3,[14  2],15,321,324,306,317
1,<environment.Job instance at 0x15527f2b2b40>,53,27,[9 1],54,324,351,270,322
1,<environment.Job instance at 0x15527f2b2370>,42,23,[ 1 14],43,325,348,282,325
1,<environment.Job instance at 0x15527f2b2960>,54,22,[9 1],55,351,373,296,345
1,<environment.Job instance at 0x15527f2b2aa0>,52,12,[13  2],53,373,385,320,366
1,<environment.Job instance at 0x15527f2b23c0>,41,18,[ 2 13],42,380,398,338,380
1,<environment.Job instance at 0x15527f2b20f0>,43,3,[ 1 14],44,404,407,360,404
1,<environment.Job instance at 0x15527f2b2f50>,61,22,[14  1],62,404,426,342,404
1,<environment.Job instance at 0x15527f2b2c30>,60,3,[ 1 11],61,409,412,348,409
1,<environment.Job instance at 0x15527f2b2cd0>,56,1,[12  2],57,426,427,369,422
1,<environment.Job instance at 0x15527f2b51e0>,65,21,[10  1],66,427,448,361,423
1,<environment.Job instance at 0x15527f2b5230>,64,2,[11  2],65,449,451,384,449
1,<environment.Job instance at 0x15527f2b5460>,67,19,[11  1],68,451,470,383,450
1,<environment.Job instance at 0x15527f2b5500>,68,28,[10  1],69,470,498,401,469
1,<environment.Job instance at 0x15527f2b2b90>,59,18,[ 2 12],60,471,489,411,471
1,<environment.Job instance at 0x15527f2b55f0>,70,20,[ 2 14],71,489,509,418,482
1,<environment.Job instance at 0x15527f2b5410>,66,14,[14  2],67,516,530,449,516
1,<environment.Job instance at 0x15527f2b5640>,69,14,[12  2],70,530,544,460,516
1,<environment.Job instance at 0x15527f2b59b0>,73,3,[ 1 11],74,518,521,444,518
1,<environment.Job instance at 0x15527f2b5b40>,74,1,[14  2],75,544,545,469,519
1,<environment.Job instance at 0x15527f2b5370>,71,12,[ 2 11],72,545,557,473,534
1,<environment.Job instance at 0x15527f2b5d20>,77,19,[8 1],78,545,564,467,539
1,<environment.Job instance at 0x15527f2b5d70>,79,19,[14  1],80,564,583,484,562
1,<environment.Job instance at 0x15527f2b5e60>,81,2,[9 2],82,583,585,501,566
1,<environment.Job instance at 0x15527f2b70f0>,85,20,[2 9],86,583,603,497,574
1,<environment.Job instance at 0x15527f2b7140>,86,21,[ 1 12],87,603,624,516,595
1,<environment.Job instance at 0x15527f2b7190>,87,18,[ 1 12],88,624,642,536,624
1,<environment.Job instance at 0x15527f2b2d20>,55,20,[ 1 14],56,683,703,627,683
1,<environment.Job instance at 0x15527f2b5190>,63,13,[ 2 13],64,703,716,639,693
1,<environment.Job instance at 0x15527f2b7370>,90,27,[ 2 14],91,716,743,625,714
1,<environment.Job instance at 0x15527f2b7640>,91,2,[12  2],92,743,745,651,726
1,<environment.Job instance at 0x15527f2b7960>,95,25,[7 2],96,749,774,653,749
1,<environment.Job instance at 0x15527f2b72d0>,89,12,[11  1],90,774,786,684,763
1,<environment.Job instance at 0x15527f2b7a50>,97,2,[ 1 12],98,774,776,676,774
1,<environment.Job instance at 0x15527f2b7af0>,98,25,[13  2],99,786,811,687,782
1,<environment.Job instance at 0x15527f2b7b40>,99,27,[1 8],100,782,809,682,782
1,<environment.Job instance at 0x15527f2b7d70>,102,22,[ 2 14],103,811,833,708,804
1,<environment.Job instance at 0x15527f2b7e10>,103,3,[13  1],104,844,847,740,844
1,<environment.Job instance at 0x15527f2b7f00>,105,22,[ 2 12],106,844,866,738,844
1,<environment.Job instance at 0x15527f2ba0f0>,107,16,[13  1],108,870,886,762,870
1,<environment.Job instance at 0x15527f2ba320>,108,18,[6 2],109,886,904,777,877
1,<environment.Job instance at 0x15527f2ba280>,109,24,[10  2],110,904,928,794,900
1,<environment.Job instance at 0x15527f2b7230>,88,12,[ 1 14],89,928,940,839,912
1,<environment.Job instance at 0x15527f2ba640>,113,28,[2 5],114,940,968,826,939
1,<environment.Job instance at 0x15527f2ba6e0>,114,3,[ 2 13],115,978,981,863,978
1,<environment.Job instance at 0x15527f2ba3c0>,115,25,[2 7],116,981,1006,865,978
1,<environment.Job instance at 0x15527f2ba820>,116,3,[ 1 13],117,1006,1009,889,998
1,<environment.Job instance at 0x15527f2ba8c0>,117,20,[1 9],118,1009,1029,891,1003
1,<environment.Job instance at 0x15527f2ba9b0>,118,28,[7 2],119,1003,1031,884,1003
1,<environment.Job instance at 0x15527f2ba500>,111,1,[14  2],112,1031,1032,919,1023
1,<environment.Job instance at 0x15527f2baa00>,120,21,[1 5],121,1029,1050,908,1025
1,<environment.Job instance at 0x15527f2ba870>,119,17,[ 2 14],120,1052,1069,932,1052
1,<environment.Job instance at 0x15527f2baa50>,122,20,[13  2],123,1069,1089,946,1060
1,<environment.Job instance at 0x15527f2bab90>,123,15,[12  1],124,1089,1104,965,1077
1,<environment.Job instance at 0x15527f2bae10>,125,17,[5 1],126,1104,1121,978,1096
1,<environment.Job instance at 0x15527f2baeb0>,126,13,[9 1],127,1104,1117,977,1104
1,<environment.Job instance at 0x15527f2b57d0>,72,16,[ 2 12],73,1121,1137,1048,1121
1,<environment.Job instance at 0x15527f2bafa0>,128,26,[12  2],129,1121,1147,992,1121
1,<environment.Job instance at 0x15527f2b7690>,93,3,[ 1 14],94,1147,1150,1053,1125
1,<environment.Job instance at 0x15527f2bae60>,127,12,[ 1 13],128,1151,1163,1023,1151
1,<environment.Job instance at 0x15527f2baaf0>,121,15,[ 1 11],122,1379,1394,1257,1379
1,<environment.Job instance at 0x15527f2b79b0>,96,16,[ 2 11],97,1803,1819,1706,1803
1,<environment.Job instance at 0x15527c2e5f00>,0,27,[12  2],1,1,28,0,1
1,<environment.Job instance at 0x155286691230>,3,23,[ 1 12],4,4,27,0,4
1,<environment.Job instance at 0x15527f2b79b0>,2,19,[11  2],3,28,47,25,18
1,<environment.Job instance at 0x155286691af0>,7,27,[1 9],8,27,54,19,25
1,<environment.Job instance at 0x155286691e10>,6,23,[ 1 14],7,54,77,47,49
1,<environment.Job instance at 0x155286691050>,4,14,[12  1],5,59,73,54,59
1,<environment.Job instance at 0x155286691910>,10,23,[ 2 13],11,77,100,66,71
1,<environment.Job instance at 0x155286691cd0>,11,2,[ 1 13],12,100,102,88,78
1,<environment.Job instance at 0x155286691c80>,13,25,[ 1 12],14,102,127,88,98
1,<environment.Job instance at 0x155285cce7d0>,14,27,[ 1 12],15,127,154,112,125
1,<environment.Job instance at 0x15527c2e5f50>,1,18,[ 2 11],2,154,172,152,147
1,<environment.Job instance at 0x155285cce960>,16,22,[12  2],17,150,172,133,150
1,<environment.Job instance at 0x155285cce280>,17,20,[ 1 12],18,172,192,154,169
1,<environment.Job instance at 0x155285cceaa0>,20,19,[12  2],21,173,192,152,173
1,<environment.Job instance at 0x155285ccef50>,23,28,[7 2],24,192,220,168,191
1,<environment.Job instance at 0x155285cce730>,24,28,[7 1],25,192,220,167,191
1,<environment.Job instance at 0x155285cce460>,26,28,[ 1 11],27,192,220,165,191
1,<environment.Job instance at 0x155285cceb90>,28,24,[14  2],29,220,244,191,215
1,<environment.Job instance at 0x155285cce230>,15,2,[14  1],16,244,246,228,223
1,<environment.Job instance at 0x155286691320>,5,17,[ 1 11],6,244,261,238,244
1,<environment.Job instance at 0x155285cce870>,29,3,[13  2],30,251,254,221,251
1,<environment.Job instance at 0x155285ccec30>,34,26,[2 9],35,261,287,226,258
1,<environment.Job instance at 0x1552865bbfa0>,37,21,[12  1],38,263,284,225,263
1,<environment.Job instance at 0x1552865bba50>,38,24,[10  2],39,284,308,245,280
1,<environment.Job instance at 0x1552865bb8c0>,39,20,[2 8],40,287,307,247,287
1,<environment.Job instance at 0x1552865bbcd0>,40,26,[ 2 12],41,307,333,266,304
1,<environment.Job instance at 0x155286691500>,8,3,[ 1 12],9,333,336,324,314
1,<environment.Job instance at 0x155286691a50>,12,16,[11  2],13,322,338,309,322
1,<environment.Job instance at 0x1552865bb5a0>,42,16,[12  2],43,338,354,295,332
1,<environment.Job instance at 0x155285cce550>,31,1,[ 1 11],32,336,337,304,335
1,<environment.Job instance at 0x1552865bb370>,46,23,[9 2],47,354,377,307,348
1,<environment.Job instance at 0x1552865bbc30>,41,20,[ 1 14],42,377,397,335,374
1,<environment.Job instance at 0x1552865bb730>,48,27,[ 1 14],49,397,424,348,396
1,<environment.Job instance at 0x1552865bb5f0>,49,28,[9 1],50,396,424,346,396
1,<environment.Job instance at 0x1552865bb6e0>,47,2,[12  1],48,424,426,376,424
1,<environment.Job instance at 0x1552865bb050>,36,1,[12  2],37,430,431,393,430
1,<environment.Job instance at 0x1552865bb910>,52,3,[11  2],53,478,481,425,478
1,<environment.Job instance at 0x155285c82320>,54,15,[11  2],55,481,496,426,479
1,<environment.Job instance at 0x155285c82280>,56,3,[13  2],57,503,506,446,503
1,<environment.Job instance at 0x155285c820a0>,57,28,[ 1 11],58,504,532,446,504
1,<environment.Job instance at 0x155285c820f0>,58,25,[ 1 12],59,532,557,473,528
1,<environment.Job instance at 0x155285c82460>,55,3,[12  1],56,528,531,472,528
1,<environment.Job instance at 0x155285c82910>,61,26,[ 1 14],62,557,583,495,554
1,<environment.Job instance at 0x155285c82640>,62,26,[ 2 12],63,583,609,520,580
1,<environment.Job instance at 0x155285c82820>,63,2,[ 2 11],64,609,611,545,599
1,<environment.Job instance at 0x155285c82230>,64,25,[10  1],65,599,624,534,599
1,<environment.Job instance at 0x155285c825f0>,66,26,[13  1],67,624,650,557,621
1,<environment.Job instance at 0x155285c82730>,68,19,[1 5],69,631,650,562,631
1,<environment.Job instance at 0x155285c82b90>,69,20,[1 9],70,645,665,575,645
1,<environment.Job instance at 0x1552865bba00>,51,1,[11  1],52,654,655,602,654
1,<environment.Job instance at 0x155285c82f50>,71,24,[2 5],72,654,678,582,654
1,<environment.Job instance at 0x155285c82a50>,73,23,[5 1],74,671,694,597,671
1,<environment.Job instance at 0x155285cac910>,74,24,[ 1 13],75,678,702,603,673
1,<environment.Job instance at 0x155285caca50>,75,21,[11  1],76,694,715,618,688
1,<environment.Job instance at 0x155285c82dc0>,72,24,[ 1 13],73,702,726,629,698
1,<environment.Job instance at 0x155285cac050>,76,19,[ 2 12],77,732,751,655,732
1,<environment.Job instance at 0x155285cacc80>,78,1,[ 2 14],79,756,757,677,756
1,<environment.Job instance at 0x155285cacdc0>,79,28,[ 2 13],80,757,785,677,756
1,<environment.Job instance at 0x155285cacf50>,80,22,[11  2],81,757,779,676,756
1,<environment.Job instance at 0x155285cac140>,81,26,[7 2],82,779,805,697,776
1,<environment.Job instance at 0x155285cacaa0>,82,21,[13  2],83,805,826,722,797
1,<environment.Job instance at 0x155285cac780>,83,3,[ 2 13],84,802,805,718,802
1,<environment.Job instance at 0x155285cac820>,84,27,[2 7],85,805,832,720,803
1,<environment.Job instance at 0x155285cacb40>,87,2,[10  2],88,826,828,738,817
1,<environment.Job instance at 0x155285cac500>,88,19,[1 6],89,826,845,737,822
1,<environment.Job instance at 0x1552865bb0a0>,44,15,[ 1 13],45,845,860,800,842
1,<environment.Job instance at 0x155285cac0a0>,90,28,[7 1],91,842,870,751,842
1,<environment.Job instance at 0x155285cacbe0>,91,28,[ 2 13],92,860,888,768,859
1,<environment.Job instance at 0x155285cac5a0>,92,20,[7 2],93,870,890,777,861
1,<environment.Job instance at 0x1552865be190>,95,19,[5 1],96,888,907,792,879
1,<environment.Job instance at 0x1552865be7d0>,96,24,[ 2 10],97,888,912,791,883
1,<environment.Job instance at 0x15528127a7d0>,98,25,[5 2],99,890,915,791,887
1,<environment.Job instance at 0x1552811a1d70>,99,18,[ 1 10],100,912,930,812,906
1,<environment.Job instance at 0x15528127a050>,100,24,[11  2],101,915,939,814,910
1,<environment.Job instance at 0x155281254d70>,102,15,[1 9],103,930,945,827,929
1,<environment.Job instance at 0x155281254870>,103,28,[ 1 14],104,945,973,841,944
1,<environment.Job instance at 0x1552812771e0>,106,22,[ 2 11],107,973,995,866,968
1,<environment.Job instance at 0x155281277e60>,107,20,[7 2],108,973,993,865,970
1,<environment.Job instance at 0x155285cace60>,77,1,[12  2],78,1035,1036,957,1035
1,<environment.Job instance at 0x155281277500>,109,19,[13  2],110,1036,1055,926,1036
1,<environment.Job instance at 0x1552811c3320>,110,24,[1 5],111,1038,1062,927,1038
1,<environment.Job instance at 0x1552812779b0>,112,19,[13  2],113,1057,1076,944,1057
1,<environment.Job instance at 0x155281277fa0>,113,25,[11  1],114,1076,1101,962,1072
1,<environment.Job instance at 0x155281277190>,114,12,[ 2 13],115,1108,1120,993,1108
1,<environment.Job instance at 0x1552812265a0>,117,20,[5 2],118,1118,1138,1000,1118
1,<environment.Job instance at 0x155286680640>,118,20,[7 1],119,1120,1140,1001,1118
1,<environment.Job instance at 0x1552866805f0>,119,27,[2 8],120,1120,1147,1000,1118
1,<environment.Job instance at 0x155281246b90>,120,28,[ 2 13],121,1147,1175,1026,1146
1,<environment.Job instance at 0x1552812467d0>,121,3,[11  2],122,1187,1190,1065,1187
1,<environment.Job instance at 0x15528126b3c0>,122,26,[ 1 10],123,1187,1213,1064,1187
1,<environment.Job instance at 0x15528126baa0>,123,25,[13  2],124,1190,1215,1066,1187
1,<environment.Job instance at 0x1552819c73c0>,124,22,[ 1 13],125,1213,1235,1088,1209
1,<environment.Job instance at 0x1552811f77d0>,127,26,[9 1],128,1219,1245,1091,1219
1,<environment.Job instance at 0x1552812775a0>,108,12,[ 2 12],109,1235,1247,1126,1233
1,<environment.Job instance at 0x15528128e410>,128,26,[6 2],129,1245,1271,1116,1242
1,<environment.Job instance at 0x155285c828c0>,60,12,[ 2 14],61,1297,1309,1236,1297
1,<environment.Job instance at 0x155285cac3c0>,89,12,[ 2 14],90,1414,1426,1324,1414
1,<environment.Job instance at 0x1552865bbaa0>,43,14,[ 1 12],44,1818,1832,1774,1818
1,<environment.Job instance at 0x1552527a3820>,0,21,[6 2],1,2,23,1,2
1,<environment.Job instance at 0x1552525e0cd0>,4,24,[ 1 11],5,5,29,0,5
1,<environment.Job instance at 0x1552527a33c0>,3,2,[8 1],4,8,10,4,8
1,<environment.Job instance at 0x1552527707d0>,9,22,[1 5],10,29,51,19,22
1,<environment.Job instance at 0x1552526c0140>,11,28,[9 1],12,23,51,11,23
1,<environment.Job instance at 0x15525263e960>,13,23,[13  2],14,51,74,37,45
1,<environment.Job instance at 0x1552527a37d0>,2,1,[ 2 13],3,51,52,48,45
1,<environment.Job instance at 0x1552527f1b40>,15,24,[ 1 10],16,52,76,36,47
1,<environment.Job instance at 0x155252787050>,14,3,[ 1 13],15,76,79,61,66
1,<environment.Job instance at 0x155252619c80>,17,3,[ 2 13],18,79,82,61,76
1,<environment.Job instance at 0x15525269bbe0>,18,21,[2 6],19,82,103,63,80
1,<environment.Job instance at 0x1552527aa460>,7,2,[12  2],8,84,86,76,84
1,<environment.Job instance at 0x15525269b690>,19,19,[2 9],20,86,105,66,86
1,<environment.Job instance at 0x15527c0967d0>,21,24,[10  1],22,103,127,81,98
1,<environment.Job instance at 0x15525263e3c0>,16,3,[ 2 12],17,105,108,88,103
1,<environment.Job instance at 0x1552527a3190>,6,1,[ 1 11],7,116,117,109,116
1,<environment.Job instance at 0x1552527bf2d0>,28,24,[12  1],29,127,151,98,122
1,<environment.Job instance at 0x1552527bfc30>,31,27,[ 1 13],32,132,159,100,132
1,<environment.Job instance at 0x1552527bf4b0>,32,20,[14  1],33,151,171,118,146
1,<environment.Job instance at 0x1552527bff00>,33,22,[12  1],34,171,193,137,165
1,<environment.Job instance at 0x1552527c3140>,22,20,[13  2],23,193,213,170,187
1,<environment.Job instance at 0x1552527bff50>,36,28,[1 7],37,192,220,155,192
1,<environment.Job instance at 0x1552527bf0f0>,26,2,[11  2],27,213,215,186,195
1,<environment.Job instance at 0x15527c047aa0>,40,21,[ 2 12],41,220,241,179,218
1,<environment.Job instance at 0x1552527aa6e0>,8,20,[ 1 13],9,241,261,232,241
1,<environment.Job instance at 0x1552527bfe60>,34,1,[ 1 12],35,261,262,226,249
1,<environment.Job instance at 0x1552527bfd70>,38,1,[12  1],39,261,262,222,261
1,<environment.Job instance at 0x1552526b1140>,45,22,[2 5],46,262,284,216,261
1,<environment.Job instance at 0x15527c05b0a0>,43,21,[ 2 13],44,284,305,240,281
1,<environment.Job instance at 0x15527c080370>,48,3,[11  1],49,295,298,246,295
1,<environment.Job instance at 0x1552526acaa0>,49,26,[5 1],50,298,324,248,295
1,<environment.Job instance at 0x1552526acc30>,51,25,[2 7],52,305,330,253,301
1,<environment.Job instance at 0x1552526acf00>,52,23,[8 2],53,305,328,252,302
1,<environment.Job instance at 0x1552525b4870>,53,22,[ 1 13],54,330,352,276,329
1,<environment.Job instance at 0x1552525b4500>,54,23,[11  1],55,330,353,275,330
1,<environment.Job instance at 0x1552525b4e10>,56,25,[ 2 14],57,352,377,295,349
1,<environment.Job instance at 0x15527c0475f0>,41,1,[12  1],42,354,355,312,354
1,<environment.Job instance at 0x1552525b44b0>,58,3,[1 8],59,377,380,318,355
1,<environment.Job instance at 0x1552525b4be0>,60,20,[7 1],61,366,386,305,366
1,<environment.Job instance at 0x15527c07f140>,64,22,[7 2],65,377,399,312,370
1,<environment.Job instance at 0x15527c07f6e0>,65,27,[2 7],66,386,413,320,384
1,<environment.Job instance at 0x15527c05b9b0>,44,3,[ 2 11],45,413,416,368,396
1,<environment.Job instance at 0x1552526af190>,68,23,[6 1],69,399,422,330,399
1,<environment.Job instance at 0x15527c07ff50>,67,1,[14  1],68,422,423,354,417
1,<environment.Job instance at 0x1552525b46e0>,57,12,[13  1],58,425,437,367,425
1,<environment.Job instance at 0x155252635280>,71,3,[7 1],72,437,440,365,425
1,<environment.Job instance at 0x1552526350f0>,72,21,[10  2],73,440,461,367,432
1,<environment.Job instance at 0x1552526b19b0>,46,3,[11  2],47,467,470,420,467
1,<environment.Job instance at 0x155252709050>,73,15,[13  1],74,470,485,396,468
1,<environment.Job instance at 0x1552525d3be0>,77,25,[11  1],78,485,510,407,482
1,<environment.Job instance at 0x1552527a5b90>,79,21,[1 7],80,491,512,411,491
1,<environment.Job instance at 0x155252707c80>,80,27,[2 9],81,512,539,431,510
1,<environment.Job instance at 0x1552525d30f0>,75,24,[12  1],76,510,534,434,510
1,<environment.Job instance at 0x1552527e6910>,85,21,[ 2 14],86,539,560,453,535
1,<environment.Job instance at 0x1552526af8c0>,70,2,[12  2],71,560,562,489,553
1,<environment.Job instance at 0x1552527e6460>,88,22,[2 8],89,560,582,471,557
1,<environment.Job instance at 0x1552527e6960>,86,1,[ 1 13],87,582,583,495,564
1,<environment.Job instance at 0x1552527e61e0>,91,27,[12  1],92,577,604,485,577
1,<environment.Job instance at 0x1552527e6140>,92,18,[2 8],93,593,611,500,593
1,<environment.Job instance at 0x155252707140>,82,18,[14  2],83,611,629,528,604
1,<environment.Job instance at 0x1552527e6410>,96,20,[1 7],97,606,626,509,606
1,<environment.Job instance at 0x1552527e6fa0>,94,18,[13  2],95,629,647,534,626
1,<environment.Job instance at 0x1552527e6d70>,95,19,[ 1 11],96,642,661,546,642
1,<environment.Job instance at 0x1552527d2cd0>,101,20,[14  2],102,655,675,553,655
1,<environment.Job instance at 0x1552527e6b40>,97,17,[11  2],98,675,692,577,664
1,<environment.Job instance at 0x15527c07f230>,69,15,[ 2 14],70,692,707,622,678
1,<environment.Job instance at 0x1552527d2690>,106,21,[10  1],107,697,718,590,697
1,<environment.Job instance at 0x1552527d2fa0>,107,17,[1 7],108,707,724,599,703
1,<environment.Job instance at 0x1552527d23c0>,108,20,[12  2],109,718,738,609,711
1,<environment.Job instance at 0x1552527d2d70>,100,18,[12  1],101,738,756,637,727
1,<environment.Job instance at 0x1552527d2910>,104,23,[11  2],105,756,779,651,750
1,<environment.Job instance at 0x1552527d2b90>,113,21,[9 2],114,779,800,665,771
1,<environment.Job instance at 0x1552527d2a00>,111,22,[11  1],112,800,822,688,793
1,<environment.Job instance at 0x1552527d27d0>,109,2,[ 1 11],110,811,813,701,811
1,<environment.Job instance at 0x15527c04dd20>,116,28,[2 5],117,813,841,696,812
1,<environment.Job instance at 0x1552527d2be0>,115,21,[11  2],116,822,843,706,814
1,<environment.Job instance at 0x15527c04d5a0>,118,28,[12  2],119,843,871,724,842
1,<environment.Job instance at 0x15527c04d050>,121,21,[2 6],122,849,870,727,849
1,<environment.Job instance at 0x15527c04d410>,124,16,[12  2],125,873,889,748,873
1,<environment.Job instance at 0x15527c04d550>,125,26,[5 2],126,889,915,763,886
1,<environment.Job instance at 0x15527c04d0f0>,126,21,[ 2 12],127,887,908,760,887
1,<environment.Job instance at 0x1552527d2870>,114,14,[11  2],115,929,943,814,929
1,<environment.Job instance at 0x15527c04dbe0>,128,18,[ 2 14],129,956,974,827,956
1,<environment.Job instance at 0x15525269bb90>,20,14,[11  2],21,974,988,953,966
1,<environment.Job instance at 0x15527c04daf0>,127,3,[ 1 13],128,974,977,846,970
1,<environment.Job instance at 0x15527c04de60>,120,17,[ 1 11],121,987,1004,866,987
1,<environment.Job instance at 0x1552527d2e60>,102,15,[ 1 13],103,1086,1101,983,1086
1,<environment.Job instance at 0x15528133f140>,1,25,[1 8],2,2,27,0,2
1,<environment.Job instance at 0x1552520ef5a0>,5,22,[10  1],6,10,32,4,10
1,<environment.Job instance at 0x15527c03a780>,3,3,[ 2 13],4,27,30,23,16
1,<environment.Job instance at 0x1552527d2230>,2,3,[14  1],3,32,35,29,18
1,<environment.Job instance at 0x1552520ef780>,7,24,[1 6],8,30,54,22,25
1,<environment.Job instance at 0x1552520ef6e0>,8,20,[8 1],9,44,64,35,44
1,<environment.Job instance at 0x1552520efb40>,11,27,[11  1],12,64,91,52,62
1,<environment.Job instance at 0x15527c03aaf0>,4,23,[ 1 12],5,68,91,63,68
1,<environment.Job instance at 0x1552520efaf0>,13,25,[9 2],14,91,116,77,87
1,<environment.Job instance at 0x1552520efcd0>,15,27,[13  1],16,116,143,100,114
1,<environment.Job instance at 0x1552520efc80>,17,26,[12  2],18,143,169,125,140
1,<environment.Job instance at 0x1552520efeb0>,18,25,[12  2],19,169,194,150,165
1,<environment.Job instance at 0x1552520effa0>,20,24,[2 7],21,167,191,146,167
1,<environment.Job instance at 0x1552520f10a0>,21,19,[ 1 12],22,191,210,169,184
1,<environment.Job instance at 0x1552520efe10>,16,1,[13  1],17,198,199,181,198
1,<environment.Job instance at 0x1552520f1370>,24,24,[2 8],25,210,234,185,205
1,<environment.Job instance at 0x1552520f14b0>,25,27,[9 1],26,205,232,179,205
1,<environment.Job instance at 0x1552520f1410>,26,21,[2 7],27,232,253,205,232
1,<environment.Job instance at 0x15527c03aaa0>,0,14,[14  2],1,253,267,252,240
1,<environment.Job instance at 0x1552520efc30>,14,18,[ 1 14],15,267,285,252,261
1,<environment.Job instance at 0x1552520f1820>,29,24,[5 1],30,267,291,237,262
1,<environment.Job instance at 0x1552520f12d0>,23,13,[14  2],24,291,304,267,276
1,<environment.Job instance at 0x1552520f19b0>,33,19,[ 1 11],34,285,304,251,280
1,<environment.Job instance at 0x1552520f1a00>,34,27,[6 1],35,304,331,269,302
1,<environment.Job instance at 0x1552520f1aa0>,35,24,[9 1],36,304,328,268,302
1,<environment.Job instance at 0x1552520f1d70>,39,23,[1 6],40,328,351,288,322
1,<environment.Job instance at 0x1552520f1e10>,40,17,[11  1],41,331,348,290,323
1,<environment.Job instance at 0x1552520f1eb0>,41,26,[7 1],42,348,374,306,345
1,<environment.Job instance at 0x1552520f1f50>,42,28,[2 6],43,345,373,302,345
1,<environment.Job instance at 0x1552520f1fa0>,43,28,[1 7],44,351,379,307,350
1,<environment.Job instance at 0x155252074190>,46,25,[12  1],47,374,399,327,370
1,<environment.Job instance at 0x1552520741e0>,47,26,[13  1],48,399,425,351,396
1,<environment.Job instance at 0x1552520f1910>,32,18,[ 2 14],33,426,444,393,426
1,<environment.Job instance at 0x155252074320>,48,13,[14  1],49,444,457,395,436
1,<environment.Job instance at 0x1552520740f0>,50,22,[14  2],51,457,479,406,450
1,<environment.Job instance at 0x1552520745f0>,51,3,[12  2],52,479,482,427,463
1,<environment.Job instance at 0x1552520f18c0>,30,15,[ 2 12],31,479,494,448,472
1,<environment.Job instance at 0x1552520746e0>,53,28,[6 2],54,482,510,428,481
1,<environment.Job instance at 0x155252074550>,52,3,[11  1],53,510,513,457,492
1,<environment.Job instance at 0x155252074690>,54,20,[12  1],55,513,533,458,506
1,<environment.Job instance at 0x155252074730>,55,21,[13  1],56,533,554,477,525
1,<environment.Job instance at 0x155252074280>,49,16,[ 1 11],50,527,543,477,527
1,<environment.Job instance at 0x155252074e60>,62,28,[1 9],63,543,571,480,542
1,<environment.Job instance at 0x155252074cd0>,66,21,[12  1],67,554,575,487,546
1,<environment.Job instance at 0x155252077410>,70,24,[ 2 10],71,571,595,500,566
1,<environment.Job instance at 0x1552520773c0>,71,20,[11  1],72,575,595,503,566
1,<environment.Job instance at 0x155252077550>,72,15,[ 1 13],73,595,610,522,593
1,<environment.Job instance at 0x155252074af0>,61,1,[13  2],62,595,596,533,595
1,<environment.Job instance at 0x155252077870>,77,25,[13  1],78,600,625,522,600
1,<environment.Job instance at 0x1552520779b0>,79,23,[11  2],80,625,648,545,619
1,<environment.Job instance at 0x155252074a50>,60,17,[ 2 12],61,629,646,568,629
1,<environment.Job instance at 0x155252077b90>,82,21,[ 1 13],83,646,667,563,638
1,<environment.Job instance at 0x155252077cd0>,84,16,[14  1],85,649,665,564,649
1,<environment.Job instance at 0x155252077af0>,81,1,[ 1 14],82,667,668,585,663
1,<environment.Job instance at 0x155252077e10>,86,26,[10  2],87,668,694,581,665
1,<environment.Job instance at 0x15525269bdc0>,87,28,[14  1],88,694,722,606,693
1,<environment.Job instance at 0x1552520e55a0>,89,25,[11  1],90,722,747,632,718
1,<environment.Job instance at 0x1552520e5230>,90,19,[2 7],91,722,741,631,718
1,<environment.Job instance at 0x1552520ef5f0>,6,1,[ 1 12],7,741,742,734,726
1,<environment.Job instance at 0x1552520f1640>,28,15,[ 1 14],29,742,757,713,741
1,<environment.Job instance at 0x1552520e5550>,94,2,[ 1 11],95,757,759,662,746
1,<environment.Job instance at 0x1552520b88c0>,95,28,[11  2],96,757,785,661,756
1,<environment.Job instance at 0x155252077d70>,85,3,[ 2 13],86,759,762,673,756
1,<environment.Job instance at 0x1552520e5050>,96,24,[ 2 13],97,762,786,665,758
1,<environment.Job instance at 0x15525211ff50>,98,22,[5 2],99,785,807,686,779
1,<environment.Job instance at 0x1552521a5960>,99,23,[2 9],100,786,809,686,781
1,<environment.Job instance at 0x15525223c050>,102,28,[ 2 10],103,809,837,706,808
1,<environment.Job instance at 0x1552520e5140>,91,2,[11  1],92,812,814,720,812
1,<environment.Job instance at 0x155252110be0>,107,21,[13  1],108,814,835,706,813
1,<environment.Job instance at 0x155252110a50>,108,18,[ 2 12],109,837,855,728,836
1,<environment.Job instance at 0x155252140190>,112,28,[2 5],113,855,883,742,854
1,<environment.Job instance at 0x1552520faf00>,113,27,[ 1 12],114,883,910,769,881
1,<environment.Job instance at 0x1552520fa230>,114,23,[ 1 13],115,910,933,795,904
1,<environment.Job instance at 0x1552522347d0>,115,21,[11  2],116,904,925,788,904
1,<environment.Job instance at 0x1552522340f0>,116,25,[2 8],117,933,958,816,929
1,<environment.Job instance at 0x1552520fa410>,117,1,[1 5],118,933,934,815,933
1,<environment.Job instance at 0x155252162dc0>,118,28,[5 2],119,934,962,815,934
1,<environment.Job instance at 0x155252150190>,119,27,[11  1],120,962,989,842,960
1,<environment.Job instance at 0x1552521105a0>,109,3,[ 2 13],110,980,983,870,980
1,<environment.Job instance at 0x15525211a410>,121,19,[2 5],122,983,1002,861,981
1,<environment.Job instance at 0x155252116320>,120,21,[6 2],121,989,1010,868,988
1,<environment.Job instance at 0x15525211a0a0>,123,1,[12  1],124,1010,1011,886,1005
1,<environment.Job instance at 0x155252101e10>,125,14,[ 1 13],126,1027,1041,901,1027
1,<environment.Job instance at 0x155252101d70>,126,16,[7 1],127,1041,1057,914,1041
1,<environment.Job instance at 0x155252101410>,127,27,[ 2 10],128,1041,1068,913,1041
1,<environment.Job instance at 0x155252101690>,128,28,[ 2 14],129,1068,1096,939,1067
1,<environment.Job instance at 0x15525211a870>,122,14,[11  1],123,1099,1113,976,1099
1,<environment.Job instance at 0x155252077690>,74,13,[14  2],75,1135,1148,1060,1135
1,<environment.Job instance at 0x1552520e50f0>,97,17,[ 2 12],98,1171,1188,1073,1171
1,<environment.Job instance at 0x1552520e56e0>,93,16,[11  2],94,1201,1217,1107,1201
1,<environment.Job instance at 0x1552521844b0>,0,27,[11  1],1,1,28,0,1
1,<environment.Job instance at 0x155252184500>,3,28,[2 8],4,4,32,0,4
1,<environment.Job instance at 0x1552819c70f0>,8,24,[8 1],9,28,52,19,23
1,<environment.Job instance at 0x1552819c7be0>,9,24,[ 1 14],10,32,56,22,27
1,<environment.Job instance at 0x155281343730>,14,28,[1 9],15,56,84,41,56
1,<environment.Job instance at 0x155281343d20>,17,18,[11  1],18,63,81,45,63
1,<environment.Job instance at 0x155281343b40>,19,25,[ 1 14],20,84,109,64,80
1,<environment.Job instance at 0x155281343aa0>,20,20,[ 2 13],21,109,129,88,101
1,<environment.Job instance at 0x15527c2ef190>,26,27,[ 2 12],27,129,156,102,127
1,<environment.Job instance at 0x15527c2ef870>,27,20,[11  1],28,127,147,99,127
1,<environment.Job instance at 0x1552819c7410>,6,18,[12  2],7,148,166,141,148
1,<environment.Job instance at 0x15527c2ef5a0>,30,23,[8 1],31,166,189,135,161
1,<environment.Job instance at 0x15527c2ef4b0>,28,22,[ 2 11],29,163,185,134,163
1,<environment.Job instance at 0x1552819c7fa0>,5,3,[14  2],6,189,192,183,178
1,<environment.Job instance at 0x1552855c5870>,33,20,[ 1 12],34,185,205,151,179
1,<environment.Job instance at 0x15525249d9b0>,39,28,[ 1 11],40,205,233,165,204
1,<environment.Job instance at 0x155287f53be0>,36,20,[6 1],37,204,224,167,204
1,<environment.Job instance at 0x1552865c81e0>,43,26,[2 6],44,233,259,189,231
1,<environment.Job instance at 0x15525249ddc0>,37,17,[ 1 13],38,259,276,221,249
1,<environment.Job instance at 0x1552865c8460>,46,25,[5 2],47,249,274,202,249
1,<environment.Job instance at 0x1552865c8730>,45,1,[ 2 11],46,276,277,230,250
1,<environment.Job instance at 0x1552865c8320>,47,23,[14  2],48,277,300,229,272
1,<environment.Job instance at 0x155252523870>,51,22,[7 1],52,300,322,248,293
1,<environment.Job instance at 0x1552865c80f0>,49,3,[14  1],50,322,325,272,297
1,<environment.Job instance at 0x1552525233c0>,54,25,[14  1],55,325,350,270,321
1,<environment.Job instance at 0x155252523190>,56,21,[ 1 11],57,336,357,279,336
1,<environment.Job instance at 0x155252523050>,53,1,[11  2],54,350,351,296,343
1,<environment.Job instance at 0x1552523348c0>,60,24,[5 2],61,351,375,290,346
1,<environment.Job instance at 0x1552523342d0>,62,21,[1 6],63,357,378,294,353
1,<environment.Job instance at 0x155252334640>,58,2,[ 1 14],59,378,380,319,371
1,<environment.Job instance at 0x155252334500>,64,24,[2 9],65,380,404,315,375
1,<environment.Job instance at 0x1552523343c0>,65,12,[2 6],66,388,400,322,388
1,<environment.Job instance at 0x15527c2ef410>,29,14,[ 1 12],30,404,418,374,403
1,<environment.Job instance at 0x1552865c86e0>,44,22,[14  2],45,404,426,359,403
1,<environment.Job instance at 0x15527c12e8c0>,72,26,[2 9],73,426,452,353,423
1,<environment.Job instance at 0x1552865c85f0>,40,12,[ 1 11],41,452,464,411,439
1,<environment.Job instance at 0x15527c13f4b0>,74,3,[14  2],75,458,461,383,458
1,<environment.Job instance at 0x15527c13f7d0>,75,20,[14  1],76,461,481,385,458
1,<environment.Job instance at 0x15527c13f550>,76,3,[13  2],77,481,484,404,473
1,<environment.Job instance at 0x15527c13f460>,77,15,[1 9],78,480,495,402,480
1,<environment.Job instance at 0x15527c13f960>,78,23,[14  2],79,484,507,405,481
1,<environment.Job instance at 0x15527c13f870>,79,1,[ 1 12],80,495,496,415,490
1,<environment.Job instance at 0x15527c13f780>,80,24,[ 1 10],81,496,520,415,492
1,<environment.Job instance at 0x15527c13f1e0>,81,20,[2 7],82,520,540,438,512
1,<environment.Job instance at 0x15527c13f730>,82,24,[ 1 11],83,540,564,457,535
1,<environment.Job instance at 0x155281340730>,83,28,[2 7],84,564,592,480,564
1,<environment.Job instance at 0x15527c12e690>,73,13,[13  1],74,592,605,518,592
1,<environment.Job instance at 0x15527c12ec80>,68,14,[13  1],69,605,619,536,597
1,<environment.Job instance at 0x155281340cd0>,86,2,[11  2],87,619,621,532,599
1,<environment.Job instance at 0x155285c47280>,88,24,[8 1],89,621,645,532,616
1,<environment.Job instance at 0x155285c47c80>,90,25,[12  2],91,645,670,554,641
1,<environment.Job instance at 0x155285c47910>,91,28,[ 1 12],92,641,669,549,641
1,<environment.Job instance at 0x155285c47be0>,93,28,[ 2 10],94,669,697,575,668
1,<environment.Job instance at 0x155285c47190>,95,20,[11  2],96,674,694,578,674
1,<environment.Job instance at 0x155285c47640>,99,21,[14  2],100,697,718,597,689
1,<environment.Job instance at 0x155285c477d0>,100,20,[ 1 13],101,702,722,601,702
1,<environment.Job instance at 0x155281185730>,101,23,[2 7],102,722,745,620,716
1,<environment.Job instance at 0x155281185b40>,103,27,[2 8],104,722,749,618,720
1,<environment.Job instance at 0x155281340dc0>,84,18,[ 2 14],85,749,767,664,740
1,<environment.Job instance at 0x155281185f50>,105,2,[ 2 13],106,767,769,661,749
1,<environment.Job instance at 0x155281185c80>,106,1,[ 2 13],107,769,770,662,757
1,<environment.Job instance at 0x155252334f00>,63,15,[ 2 14],64,770,785,706,769
1,<environment.Job instance at 0x1552811851e0>,111,27,[13  1],112,769,796,657,769
1,<environment.Job instance at 0x155281185410>,110,1,[14  2],111,796,797,685,777
1,<environment.Job instance at 0x155281185190>,115,23,[2 6],116,797,820,681,793
1,<environment.Job instance at 0x1552811850f0>,117,24,[6 1],118,797,821,679,795
1,<environment.Job instance at 0x155281185690>,118,25,[12  1],119,821,846,702,817
1,<environment.Job instance at 0x155281185320>,119,27,[5 2],120,846,873,726,844
1,<environment.Job instance at 0x155281185d70>,120,23,[5 1],121,846,869,725,844
1,<environment.Job instance at 0x155281185140>,112,19,[ 2 12],113,848,867,735,848
1,<environment.Job instance at 0x155281185460>,122,28,[ 1 12],123,867,895,744,866
1,<environment.Job instance at 0x1552819b5c30>,123,24,[ 2 10],124,895,919,771,890
1,<environment.Job instance at 0x1552819b5c80>,124,25,[11  2],125,890,915,765,890
1,<environment.Job instance at 0x1552819b5aa0>,125,23,[ 1 14],126,919,942,793,913
1,<environment.Job instance at 0x1552819b53c0>,126,16,[5 1],127,915,931,788,913
1,<environment.Job instance at 0x155281185a50>,121,15,[ 1 14],122,963,978,841,963
1,<environment.Job instance at 0x1552819b5500>,127,12,[ 1 12],128,978,990,850,978
1,<environment.Job instance at 0x15527c12e280>,71,3,[ 2 11],72,1038,1041,966,1038
1,<environment.Job instance at 0x155281185d20>,107,16,[12  1],108,1038,1054,930,1038
1,<environment.Job instance at 0x155281185e10>,102,16,[ 2 12],103,1102,1118,999,1102
1,<environment.Job instance at 0x155287b870a0>,0,24,[ 2 12],1,1,25,0,1
1,<environment.Job instance at 0x1552818776e0>,2,21,[10  1],3,3,24,0,3
1,<environment.Job instance at 0x155283f210a0>,3,24,[11  1],4,24,48,20,20
1,<environment.Job instance at 0x155281928af0>,11,24,[12  1],12,48,72,36,43
1,<environment.Job instance at 0x155281928820>,13,28,[ 2 12],14,44,72,30,44
1,<environment.Job instance at 0x1552819284b0>,15,20,[ 1 12],16,72,92,56,65
1,<environment.Job instance at 0x155281928cd0>,17,23,[9 2],18,72,95,54,66
1,<environment.Job instance at 0x155281928a50>,18,3,[ 2 10],19,92,95,73,71
1,<environment.Job instance at 0x155281928e10>,19,17,[ 2 14],20,95,112,75,87
1,<environment.Job instance at 0x155281928500>,21,28,[12  1],22,95,123,73,94
1,<environment.Job instance at 0x155281928640>,22,2,[ 1 11],23,112,114,89,95
1,<environment.Job instance at 0x155281928190>,23,19,[10  2],24,123,142,99,113
1,<environment.Job instance at 0x155283f21280>,9,3,[ 2 12],10,114,117,104,114
1,<environment.Job instance at 0x155281928fa0>,27,27,[14  2],28,142,169,114,141
1,<environment.Job instance at 0x155283f21960>,1,15,[11  2],2,187,202,185,187
1,<environment.Job instance at 0x155285ca4370>,32,18,[ 1 11],33,213,231,180,213
1,<environment.Job instance at 0x155285ca4690>,33,25,[10  1],34,216,241,182,216
1,<environment.Job instance at 0x155285ca4050>,34,24,[ 1 14],35,231,255,196,228
1,<environment.Job instance at 0x155281928c80>,29,2,[ 1 13],30,255,257,225,246
1,<environment.Job instance at 0x155285ca4c80>,37,28,[6 1],38,246,274,208,246
1,<environment.Job instance at 0x155285ca42d0>,38,20,[ 1 11],39,257,277,218,251
1,<environment.Job instance at 0x155285ca4820>,39,27,[2 6],40,277,304,237,275
1,<environment.Job instance at 0x155285ca4280>,40,26,[8 1],41,275,301,234,275
1,<environment.Job instance at 0x155285ca4320>,41,12,[ 1 14],42,304,316,262,299
1,<environment.Job instance at 0x155285ca43c0>,44,21,[ 2 14],45,316,337,271,310
1,<environment.Job instance at 0x155285ca48c0>,45,22,[14  1],46,337,359,291,330
1,<environment.Job instance at 0x155285ca4140>,47,26,[6 2],48,359,385,311,356
1,<environment.Job instance at 0x155285ca4d20>,50,2,[7 1],51,359,361,308,357
1,<environment.Job instance at 0x1552810dc5f0>,51,13,[1 8],52,359,372,307,359
1,<environment.Job instance at 0x1552810dc370>,52,22,[14  2],53,385,407,332,378
1,<environment.Job instance at 0x155285ca4a00>,36,1,[14  1],37,407,408,370,380
1,<environment.Job instance at 0x1552810dc1e0>,54,27,[ 2 14],55,408,435,353,406
1,<environment.Job instance at 0x1552810dc0f0>,57,24,[12  2],58,435,459,377,431
1,<environment.Job instance at 0x1552810dcb90>,53,3,[12  2],54,459,462,405,436
1,<environment.Job instance at 0x1552810dcbe0>,60,27,[10  2],61,462,489,401,460
1,<environment.Job instance at 0x155286666500>,61,2,[ 1 13],62,469,471,407,469
1,<environment.Job instance at 0x1552866669b0>,62,23,[11  2],63,489,512,426,483
1,<environment.Job instance at 0x1552810dcd70>,59,2,[ 2 11],60,484,486,424,484
1,<environment.Job instance at 0x155286666a50>,63,3,[ 1 12],64,504,507,440,504
1,<environment.Job instance at 0x1552866662d0>,65,24,[ 2 14],66,512,536,446,507
1,<environment.Job instance at 0x155286666f50>,64,22,[10  1],65,512,534,447,507
1,<environment.Job instance at 0x155286666640>,66,3,[ 1 10],67,509,512,442,509
1,<environment.Job instance at 0x155286666f00>,70,21,[ 1 14],71,536,557,465,528
1,<environment.Job instance at 0x155286666730>,69,28,[7 1],70,534,562,464,534
1,<environment.Job instance at 0x155286666c80>,73,22,[8 2],74,557,579,483,554
1,<environment.Job instance at 0x1552810e7640>,75,27,[7 1],76,562,589,486,560
1,<environment.Job instance at 0x1552886a4230>,72,26,[8 2],73,579,605,506,576
1,<environment.Job instance at 0x1552810e7690>,76,21,[ 2 12],77,589,610,512,582
1,<environment.Job instance at 0x1552810e7e60>,77,27,[7 1],78,605,632,527,603
1,<environment.Job instance at 0x1552810e75f0>,79,23,[8 2],80,610,633,530,610
1,<environment.Job instance at 0x1552810e75a0>,80,23,[13  2],81,633,656,552,627
1,<environment.Job instance at 0x1552810e7960>,82,23,[2 6],83,632,655,549,627
1,<environment.Job instance at 0x15527c0a3a00>,84,28,[11  1],85,656,684,571,655
1,<environment.Job instance at 0x155281928eb0>,10,16,[ 1 14],11,679,695,668,679
1,<environment.Job instance at 0x155286627e10>,87,28,[13  1],88,684,712,596,683
1,<environment.Job instance at 0x15527c0a3c30>,83,2,[12  2],84,712,714,628,699
1,<environment.Job instance at 0x155286627b90>,89,14,[11  1],90,714,728,624,702
1,<environment.Job instance at 0x155286627410>,90,24,[ 1 10],91,702,726,611,702
1,<environment.Job instance at 0x1552866275f0>,91,28,[ 2 13],92,726,754,634,725
1,<environment.Job instance at 0x1552866279b0>,86,22,[11  2],87,735,757,648,735
1,<environment.Job instance at 0x155286627fa0>,92,26,[ 1 14],93,757,783,664,754
1,<environment.Job instance at 0x155286627190>,93,15,[11  1],94,764,779,670,764
1,<environment.Job instance at 0x1552525a8f00>,94,12,[1 7],95,783,795,688,775
1,<environment.Job instance at 0x1552525a8190>,98,25,[11  1],99,779,804,680,775
1,<environment.Job instance at 0x1552525a8780>,97,1,[ 2 13],98,795,796,697,783
1,<environment.Job instance at 0x1552525a8370>,100,28,[14  2],101,804,832,703,803
1,<environment.Job instance at 0x1552525a83c0>,102,27,[ 1 13],103,806,833,703,806
1,<environment.Job instance at 0x1552525a8960>,103,23,[11  1],104,832,855,728,826
1,<environment.Job instance at 0x1552525a87d0>,104,27,[13  1],105,855,882,750,853
1,<environment.Job instance at 0x1552525a8500>,99,3,[12  1],100,882,885,782,863
1,<environment.Job instance at 0x1552866275a0>,88,16,[ 1 12],89,865,881,776,865
1,<environment.Job instance at 0x1552525a8d20>,109,25,[ 1 12],110,881,906,771,877
1,<environment.Job instance at 0x1552525a85a0>,111,28,[ 2 13],112,906,934,794,905
1,<environment.Job instance at 0x15527c18e910>,112,23,[5 1],113,905,928,792,905
1,<environment.Job instance at 0x15527c18ec30>,114,26,[ 2 14],115,934,960,819,932
1,<environment.Job instance at 0x1552525a8230>,106,3,[ 1 13],107,960,963,853,937
1,<environment.Job instance at 0x15527c18e230>,116,18,[12  1],117,948,966,831,948
1,<environment.Job instance at 0x15527c18e320>,119,25,[14  1],120,966,991,846,962
1,<environment.Job instance at 0x15527c18e6e0>,113,20,[1 6],114,963,983,849,963
1,<environment.Job instance at 0x15527c18ee10>,120,23,[14  1],121,991,1014,870,986
1,<environment.Job instance at 0x15527c18e3c0>,123,14,[1 6],124,993,1007,869,993
1,<environment.Job instance at 0x15527c18e690>,125,22,[ 2 10],126,1014,1036,888,1007
1,<environment.Job instance at 0x15527c18ebe0>,127,27,[8 2],128,1014,1041,886,1012
1,<environment.Job instance at 0x15527c18e550>,128,3,[5 2],129,1016,1019,887,1016
1,<environment.Job instance at 0x15527c18ee60>,124,14,[14  1],125,1041,1055,916,1037
1,<environment.Job instance at 0x15527c18eb40>,117,2,[11  2],118,1069,1071,951,1069
1,<environment.Job instance at 0x155281928b40>,16,12,[ 1 11],17,1690,1702,1673,1690
1,<environment.Job instance at 0x1552819289b0>,28,15,[ 1 12],29,2061,2076,2032,2061
1,<environment.Job instance at 0x155287b8b320>,0,18,[9 2],1,4,22,3,4
1,<environment.Job instance at 0x1552819289b0>,5,21,[2 7],6,7,28,1,7
1,<environment.Job instance at 0x155252745c80>,1,2,[ 2 13],2,28,30,26,27
1,<environment.Job instance at 0x15525207c7d0>,10,24,[8 2],11,27,51,16,27
1,<environment.Job instance at 0x155285cc0870>,11,19,[14  1],12,51,70,39,44
1,<environment.Job instance at 0x155285cc0a00>,12,26,[7 2],13,70,96,57,67
1,<environment.Job instance at 0x15525207c640>,9,3,[ 1 13],10,71,74,61,71
1,<environment.Job instance at 0x155285cc0be0>,14,18,[2 7],15,74,92,59,72
1,<environment.Job instance at 0x155285cc0140>,18,27,[12  1],19,96,123,77,94
1,<environment.Job instance at 0x15525207c550>,6,17,[ 2 11],7,114,131,107,114
1,<environment.Job instance at 0x155285cc0e60>,20,26,[ 2 14],21,131,157,110,128
1,<environment.Job instance at 0x155285cc0f00>,22,24,[14  1],23,157,181,134,152
1,<environment.Job instance at 0x155285cc07d0>,13,2,[ 1 12],14,165,167,151,165
1,<environment.Job instance at 0x155285cc0c80>,19,2,[ 1 14],20,175,177,155,175
1,<environment.Job instance at 0x155281c602d0>,27,18,[13  2],28,187,205,159,187
1,<environment.Job instance at 0x155281c603c0>,29,25,[12  2],30,205,230,175,201
1,<environment.Job instance at 0x155281c60690>,30,23,[2 5],31,203,226,172,203
1,<environment.Job instance at 0x155281c60230>,24,1,[ 1 11],25,226,227,201,224
1,<environment.Job instance at 0x155281c60730>,33,17,[9 1],34,230,247,196,228
1,<environment.Job instance at 0x155281c60780>,35,24,[14  1],36,247,271,211,242
1,<environment.Job instance at 0x155281c60a50>,36,19,[ 2 11],37,271,290,234,263
1,<environment.Job instance at 0x155281c608c0>,37,24,[13  2],38,271,295,233,266
1,<environment.Job instance at 0x155287b8b2d0>,2,15,[14  1],3,301,316,298,301
1,<environment.Job instance at 0x155281c60e10>,42,27,[5 1],43,316,343,273,315
1,<environment.Job instance at 0x155281c60c80>,43,27,[ 2 11],44,316,343,272,316
1,<environment.Job instance at 0x155281c60fa0>,44,28,[12  1],45,343,371,298,342
1,<environment.Job instance at 0x155281c60eb0>,46,2,[ 1 11],47,379,381,332,379
1,<environment.Job instance at 0x155281c60f00>,47,20,[13  2],48,380,400,332,380
1,<environment.Job instance at 0x155281c92190>,48,26,[9 2],49,400,426,351,397
1,<environment.Job instance at 0x155281c60050>,26,16,[11  1],27,428,444,401,428
1,<environment.Job instance at 0x155281c924b0>,53,1,[14  1],54,444,445,390,432
1,<environment.Job instance at 0x155281c92550>,54,23,[ 1 10],55,432,455,377,432
1,<environment.Job instance at 0x15525207cd20>,8,18,[12  2],9,445,463,436,434
1,<environment.Job instance at 0x155281c92870>,59,20,[ 1 11],60,455,475,395,452
1,<environment.Job instance at 0x155281c928c0>,60,22,[ 1 10],61,475,497,414,468
1,<environment.Job instance at 0x155281c92410>,52,1,[ 2 13],53,497,498,444,478
1,<environment.Job instance at 0x155281c92cd0>,66,2,[ 1 14],67,498,500,431,494
1,<environment.Job instance at 0x155281c92e60>,68,20,[ 2 14],69,500,520,431,497
1,<environment.Job instance at 0x155281c92f00>,69,3,[ 2 13],70,520,523,450,506
1,<environment.Job instance at 0x155281c92eb0>,67,21,[1 7],68,523,544,455,518
1,<environment.Job instance at 0x155281c60b40>,41,14,[ 2 12],42,544,558,502,536
1,<environment.Job instance at 0x155281c6a320>,73,2,[ 1 13],74,558,560,484,543
1,<environment.Job instance at 0x155281c6a230>,72,27,[ 1 11],73,560,587,487,558
1,<environment.Job instance at 0x155281c6a6e0>,76,25,[2 5],77,587,612,510,583
1,<environment.Job instance at 0x155281c6a7d0>,77,25,[1 9],78,590,615,512,590
1,<environment.Job instance at 0x155281c6a780>,78,28,[14  1],79,612,640,533,611
1,<environment.Job instance at 0x155281c6a9b0>,80,16,[1 6],81,620,636,539,620
1,<environment.Job instance at 0x155281c92c30>,65,3,[ 1 11],66,637,640,571,637
1,<environment.Job instance at 0x155281c6aaa0>,84,1,[ 2 13],85,641,642,556,641
1,<environment.Job instance at 0x155281c6abe0>,86,1,[1 9],87,645,646,558,645
1,<environment.Job instance at 0x155281c6ac80>,87,3,[13  1],88,655,658,567,655
1,<environment.Job instance at 0x155281c6ad20>,88,23,[5 2],89,658,681,569,657
1,<environment.Job instance at 0x155281c6adc0>,89,23,[11  2],90,681,704,591,675
1,<environment.Job instance at 0x155281c6af00>,90,21,[8 2],91,704,725,613,696
1,<environment.Job instance at 0x155281c6afa0>,91,21,[ 1 13],92,697,718,605,697
1,<environment.Job instance at 0x155281c670f0>,92,22,[11  2],93,725,747,632,718
1,<environment.Job instance at 0x155281c670a0>,93,3,[ 1 12],94,719,722,625,719
1,<environment.Job instance at 0x155281c67370>,94,23,[1 8],95,722,745,627,720
1,<environment.Job instance at 0x155281c67460>,96,28,[10  2],97,747,775,650,746
1,<environment.Job instance at 0x155281c674b0>,97,28,[ 1 10],98,746,774,648,746
1,<environment.Job instance at 0x155281c606e0>,34,1,[13  1],35,775,776,740,758
1,<environment.Job instance at 0x155281c67500>,99,17,[12  1],100,808,825,708,808
1,<environment.Job instance at 0x155281c677d0>,100,19,[11  2],101,825,844,724,820
1,<environment.Job instance at 0x155281c67780>,101,28,[10  2],102,844,872,742,843
1,<environment.Job instance at 0x155281c675a0>,98,12,[11  1],99,872,884,773,855
1,<environment.Job instance at 0x155281c678c0>,103,1,[ 1 11],104,857,858,753,857
1,<environment.Job instance at 0x155281c67a50>,106,21,[1 6],107,876,897,769,876
1,<environment.Job instance at 0x155281c67b40>,107,25,[ 1 11],108,897,922,789,893
1,<environment.Job instance at 0x155281c92d20>,70,1,[13  2],71,897,898,826,897
1,<environment.Job instance at 0x155281c67c80>,109,2,[1 9],110,922,924,812,899
1,<environment.Job instance at 0x155281c88aa0>,111,25,[1 9],112,924,949,812,921
1,<environment.Job instance at 0x155281c67820>,104,13,[ 1 11],105,957,970,852,957
1,<environment.Job instance at 0x155281c889b0>,113,3,[1 6],114,970,973,856,965
1,<environment.Job instance at 0x155281c88f50>,114,26,[2 7],115,970,996,855,967
1,<environment.Job instance at 0x155281c88b40>,115,1,[ 1 14],116,996,997,880,968
1,<environment.Job instance at 0x155281c88a50>,116,2,[11  1],117,971,973,854,971
1,<environment.Job instance at 0x155281c88fa0>,117,24,[14  1],118,996,1020,878,991
1,<environment.Job instance at 0x155281c6a730>,83,2,[13  1],84,1020,1022,936,1001
1,<environment.Job instance at 0x155281c88f00>,112,16,[13  1],113,1024,1040,911,1024
1,<environment.Job instance at 0x155281c88a00>,118,14,[11  2],119,1040,1054,921,1037
1,<environment.Job instance at 0x155285c74730>,110,3,[ 1 12],111,1048,1051,937,1048
1,<environment.Job instance at 0x155285ca9d70>,123,3,[ 2 13],124,1088,1091,964,1088
1,<environment.Job instance at 0x1552812508c0>,124,27,[11  1],125,1088,1115,963,1088
1,<environment.Job instance at 0x155281250d20>,125,25,[2 6],126,1091,1116,965,1089
1,<environment.Job instance at 0x1552865b7f00>,126,19,[ 2 11],127,1116,1135,989,1111
1,<environment.Job instance at 0x155281c888c0>,121,12,[ 1 13],122,1214,1226,1092,1214
1,<environment.Job instance at 0x1552865b7c80>,128,24,[5 2],129,1214,1238,1085,1214
1,<environment.Job instance at 0x155281c88550>,119,16,[14  2],120,1250,1266,1130,1250
1,<environment.Job instance at 0x1552865d50a0>,127,12,[ 2 12],128,1346,1358,1218,1346
1,<environment.Job instance at 0x155281c6a960>,82,13,[ 1 12],83,1858,1871,1775,1858
1,<environment.Job instance at 0x155281c88500>,120,14,[ 1 13],121,1942,1956,1821,1942
1,<environment.Job instance at 0x15528125ecd0>,0,18,[6 2],1,2,20,1,2
1,<environment.Job instance at 0x15527f6ecb90>,4,2,[11  1],5,20,22,15,9
1,<environment.Job instance at 0x1552810dc050>,6,25,[13  1],7,22,47,15,18
1,<environment.Job instance at 0x1552810dcb40>,7,22,[14  2],8,47,69,39,40
1,<environment.Job instance at 0x1552810dc960>,10,21,[ 1 10],11,47,68,36,47
1,<environment.Job instance at 0x1552810c9320>,13,26,[12  1],14,69,95,55,66
1,<environment.Job instance at 0x155281c88050>,3,2,[12  1],4,95,97,91,74
1,<environment.Job instance at 0x155281872640>,16,22,[ 2 10],17,77,99,60,77
1,<environment.Job instance at 0x155281872dc0>,17,26,[ 2 14],18,99,125,81,96
1,<environment.Job instance at 0x155281872280>,18,25,[2 6],19,125,150,106,121
1,<environment.Job instance at 0x15527f6ece10>,2,20,[12  2],3,130,150,127,130
1,<environment.Job instance at 0x155281872aa0>,23,1,[ 2 12],24,150,151,126,133
1,<environment.Job instance at 0x155281872c80>,24,26,[ 1 11],25,151,177,126,148
1,<environment.Job instance at 0x1552874ff5a0>,27,22,[7 1],28,150,172,122,149
1,<environment.Job instance at 0x1552874ffa50>,28,25,[ 1 12],29,177,202,148,173
1,<environment.Job instance at 0x1552874ff190>,29,25,[12  1],30,173,198,143,173
1,<environment.Job instance at 0x1552874ff6e0>,30,23,[13  2],31,198,221,167,192
1,<environment.Job instance at 0x1552874ffd70>,32,1,[13  2],33,221,222,188,212
1,<environment.Job instance at 0x15527f296730>,33,28,[5 2],34,222,250,188,222
1,<environment.Job instance at 0x1552527b6280>,34,28,[ 1 13],35,222,250,187,222
1,<environment.Job instance at 0x1552527b65a0>,36,26,[ 2 13],37,250,276,213,247
1,<environment.Job instance at 0x1552527b6fa0>,37,25,[11  1],38,250,275,212,247
1,<environment.Job instance at 0x15527f80afa0>,40,27,[6 1],41,275,302,234,273
1,<environment.Job instance at 0x15527f80ab90>,41,27,[1 7],42,276,303,234,274
1,<environment.Job instance at 0x15527f80a2d0>,42,22,[5 1],43,275,297,232,275
1,<environment.Job instance at 0x1552818728c0>,20,1,[12  2],21,314,315,293,314
1,<environment.Job instance at 0x155285c2b730>,46,21,[6 2],47,315,336,268,314
1,<environment.Job instance at 0x155285c2b370>,47,24,[1 6],48,316,340,268,316
1,<environment.Job instance at 0x155285c2bf50>,48,14,[12  2],49,336,350,287,324
1,<environment.Job instance at 0x155285c2baa0>,49,24,[1 8],50,340,364,290,339
1,<environment.Job instance at 0x155285c2b140>,51,22,[7 2],52,350,372,298,348
1,<environment.Job instance at 0x15528127be10>,1,14,[ 2 11],2,368,382,366,368
1,<environment.Job instance at 0x155285c2ba00>,55,21,[13  2],56,372,393,316,371
1,<environment.Job instance at 0x155285c2b550>,56,26,[1 7],57,382,408,325,379
1,<environment.Job instance at 0x155285c2b190>,58,2,[1 5],59,386,388,327,386
1,<environment.Job instance at 0x155285c2b3c0>,57,22,[5 1],58,394,416,336,394
1,<environment.Job instance at 0x155285c2bdc0>,61,26,[8 1],62,396,422,334,396
1,<environment.Job instance at 0x155285c2b280>,60,22,[ 1 11],61,408,430,347,405
1,<environment.Job instance at 0x1552523008c0>,62,2,[ 1 14],63,430,432,367,421
1,<environment.Job instance at 0x15525227ec80>,65,23,[ 2 13],66,432,455,366,426
1,<environment.Job instance at 0x155287b55230>,66,27,[ 1 14],67,455,482,388,453
1,<environment.Job instance at 0x155287b55d20>,67,19,[7 1],68,461,480,393,461
1,<environment.Job instance at 0x155287b55190>,68,3,[5 2],69,482,485,413,461
1,<environment.Job instance at 0x155287b55b40>,69,19,[12  1],70,485,504,415,476
1,<environment.Job instance at 0x155287b55c80>,70,27,[ 1 10],71,482,509,411,482
1,<environment.Job instance at 0x155287b55500>,71,27,[2 5],72,504,531,432,502
1,<environment.Job instance at 0x155287b55c30>,72,28,[ 1 12],73,531,559,458,530
1,<environment.Job instance at 0x155287b55e10>,73,28,[2 8],74,559,587,485,558
1,<environment.Job instance at 0x155287b55fa0>,74,1,[8 2],75,558,559,483,558
1,<environment.Job instance at 0x155287b552d0>,75,12,[ 2 12],76,596,608,520,596
1,<environment.Job instance at 0x155287b55aa0>,77,18,[ 1 10],78,608,626,530,601
1,<environment.Job instance at 0x155287b55640>,78,26,[ 1 11],79,626,652,547,623
1,<environment.Job instance at 0x155287b55be0>,79,28,[2 7],80,652,680,572,651
1,<environment.Job instance at 0x155287b55730>,80,20,[2 5],81,653,673,572,653
1,<environment.Job instance at 0x155287b55dc0>,81,28,[14  1],82,680,708,598,679
1,<environment.Job instance at 0x1552522faaf0>,82,24,[11  1],83,708,732,625,703
1,<environment.Job instance at 0x1552522fa0a0>,83,1,[6 2],84,732,733,648,706
1,<environment.Job instance at 0x1552522fa780>,84,25,[ 1 14],85,706,731,621,706
1,<environment.Job instance at 0x1552522fa460>,86,24,[5 2],87,732,756,645,727
1,<environment.Job instance at 0x1552522fabe0>,87,2,[ 2 10],88,731,733,643,730
1,<environment.Job instance at 0x1552522fac30>,88,21,[12  1],89,756,777,667,748
1,<environment.Job instance at 0x1552522fa5a0>,89,2,[14  1],90,777,779,687,750
1,<environment.Job instance at 0x1552810c94b0>,12,3,[ 2 13],13,761,764,748,761
1,<environment.Job instance at 0x1552522fadc0>,91,20,[12  1],92,779,799,687,771
1,<environment.Job instance at 0x1552522fac80>,93,20,[ 1 12],94,775,795,681,775
1,<environment.Job instance at 0x1552522fa140>,95,17,[10  1],96,799,816,703,793
1,<environment.Job instance at 0x1552522faeb0>,97,25,[ 2 14],98,795,820,697,794
1,<environment.Job instance at 0x1552522faf50>,98,23,[7 2],99,820,843,721,814
1,<environment.Job instance at 0x1552522fa0f0>,96,26,[12  1],97,843,869,746,840
1,<environment.Job instance at 0x1552522faf00>,101,27,[ 2 10],102,861,888,759,861
1,<environment.Job instance at 0x1552522fab90>,99,3,[ 2 14],100,888,891,788,884
1,<environment.Job instance at 0x1552525206e0>,103,15,[13  2],104,891,906,787,884
1,<environment.Job instance at 0x155252520370>,104,20,[ 1 11],105,891,911,786,885
1,<environment.Job instance at 0x155252520410>,106,28,[2 7],107,911,939,804,910
1,<environment.Job instance at 0x1552820dd460>,107,27,[1 5],108,911,938,803,910
1,<environment.Job instance at 0x1552820dde60>,108,3,[1 8],109,938,941,829,921
1,<environment.Job instance at 0x1552820ddc30>,110,28,[11  1],111,939,967,828,938
1,<environment.Job instance at 0x1552527bfb90>,112,21,[14  2],113,967,988,854,959
1,<environment.Job instance at 0x1552527bfd20>,114,21,[14  1],115,988,1009,873,980
1,<environment.Job instance at 0x1552527bf7d0>,115,21,[8 2],116,1009,1030,893,1001
1,<environment.Job instance at 0x1552527bf6e0>,117,2,[13  1],118,1030,1032,912,1012
1,<environment.Job instance at 0x155285c2b780>,45,12,[ 2 13],46,1014,1026,968,1014
1,<environment.Job instance at 0x1552527bfd70>,119,26,[2 5],120,1026,1052,906,1023
1,<environment.Job instance at 0x1552527bfdc0>,120,23,[13  2],121,1032,1055,911,1026
1,<environment.Job instance at 0x1552522e10f0>,122,22,[ 2 11],123,1052,1074,929,1045
1,<environment.Job instance at 0x1552522e1cd0>,123,21,[ 1 13],124,1074,1095,950,1066
1,<environment.Job instance at 0x155285ccefa0>,125,25,[7 1],126,1077,1102,951,1077
1,<environment.Job instance at 0x155285cce820>,126,26,[ 2 10],127,1095,1121,968,1092
1,<environment.Job instance at 0x15525203cf50>,127,19,[ 2 13],128,1121,1140,993,1112
1,<environment.Job instance at 0x15525203cc80>,128,23,[1 9],129,1140,1163,1011,1134
1,<environment.Job instance at 0x1552525205f0>,102,1,[ 1 12],103,1163,1164,1060,1142
1,<environment.Job instance at 0x1552527bfaf0>,118,16,[ 2 11],119,1206,1222,1087,1206
1,<environment.Job instance at 0x155281872af0>,26,15,[ 1 12],27,1294,1309,1267,1294
1,<environment.Job instance at 0x155252300c80>,64,12,[ 2 14],65,1639,1651,1574,1639
1,<environment.Job instance at 0x1552520200f0>,0,1,[13  1],1,2,3,1,2
1,<environment.Job instance at 0x15525227eaa0>,2,2,[5 2],3,3,5,0,3
1,<environment.Job instance at 0x155252020d20>,3,25,[ 1 12],4,4,29,0,4
1,<environment.Job instance at 0x155252020780>,4,27,[5 2],5,5,32,0,5
1,<environment.Job instance at 0x155252020eb0>,7,27,[8 1],8,9,36,1,9
1,<environment.Job instance at 0x155252300c80>,6,27,[ 2 12],7,29,56,22,27
1,<environment.Job instance at 0x155251fc1a50>,9,20,[11  1],10,36,56,26,28
1,<environment.Job instance at 0x155251fc1af0>,11,22,[13  2],12,56,78,44,49
1,<environment.Job instance at 0x155252020730>,8,20,[ 2 12],9,58,78,49,58
1,<environment.Job instance at 0x155252020cd0>,5,16,[12  1],6,78,94,72,70
1,<environment.Job instance at 0x155251fc1370>,12,1,[ 2 11],13,78,79,65,71
1,<environment.Job instance at 0x155251fc1320>,16,19,[ 2 13],17,79,98,62,76
1,<environment.Job instance at 0x155251fc17d0>,21,27,[13  2],22,94,121,72,92
1,<environment.Job instance at 0x155251fc15f0>,22,23,[7 2],23,121,144,98,116
1,<environment.Job instance at 0x155251fc1960>,23,21,[ 2 13],24,116,137,92,116
1,<environment.Job instance at 0x155251fc1140>,19,2,[11  2],20,144,146,124,135
1,<environment.Job instance at 0x155251fc1d20>,25,21,[ 2 10],26,137,158,111,135
1,<environment.Job instance at 0x155251fc1280>,26,25,[13  2],27,146,171,119,142
1,<environment.Job instance at 0x155251fc1460>,24,19,[13  1],25,171,190,146,161
1,<environment.Job instance at 0x155251fc1b90>,20,17,[ 1 12],21,168,185,147,168
1,<environment.Job instance at 0x1552525d2aa0>,31,3,[ 2 11],32,185,188,153,176
1,<environment.Job instance at 0x155251fc1730>,30,3,[ 1 11],31,188,191,157,178
1,<environment.Job instance at 0x1552525d2f00>,34,23,[ 2 11],35,191,214,156,185
1,<environment.Job instance at 0x1552525d21e0>,35,22,[9 1],36,190,212,154,185
1,<environment.Job instance at 0x1552525d2410>,38,1,[13  2],39,212,213,173,201
1,<environment.Job instance at 0x155285ca40a0>,40,21,[2 5],41,214,235,173,207
1,<environment.Job instance at 0x155285ca4690>,41,19,[ 1 11],42,235,254,193,226
1,<environment.Job instance at 0x155285ca4b40>,42,2,[1 9],43,228,230,185,228
1,<environment.Job instance at 0x155285ca41e0>,43,24,[ 1 14],44,254,278,210,250
1,<environment.Job instance at 0x1552525d2b90>,39,2,[ 1 11],40,278,280,238,267
1,<environment.Job instance at 0x155285ca48c0>,44,18,[13  2],45,278,296,233,270
1,<environment.Job instance at 0x155285ca4fa0>,46,25,[9 2],47,296,321,249,292
1,<environment.Job instance at 0x155285ca4410>,50,18,[ 2 10],51,294,312,243,294
1,<environment.Job instance at 0x155285ca4c30>,51,27,[11  2],52,321,348,269,319
1,<environment.Job instance at 0x155285ca4050>,52,1,[5 1],53,348,349,295,322
1,<environment.Job instance at 0x155251fc1050>,27,1,[14  1],28,349,350,321,322
1,<environment.Job instance at 0x155285ca4820>,54,25,[8 2],55,350,375,295,346
1,<environment.Job instance at 0x155285ca4960>,53,15,[2 9],54,350,365,296,347
1,<environment.Job instance at 0x155285ca4910>,56,27,[14  2],57,375,402,318,373
1,<environment.Job instance at 0x155281111870>,58,1,[2 9],59,402,403,343,380
1,<environment.Job instance at 0x155285ca4af0>,55,19,[13  1],56,402,421,346,392
1,<environment.Job instance at 0x155281111140>,60,22,[6 1],61,421,443,360,416
1,<environment.Job instance at 0x1552818af6e0>,61,27,[6 1],62,421,448,359,419
1,<environment.Job instance at 0x1552818afe10>,64,2,[ 1 13],65,425,427,360,425
1,<environment.Job instance at 0x1552818afc30>,65,16,[ 2 12],66,437,453,371,437
1,<environment.Job instance at 0x1552818afd70>,66,3,[14  1],67,453,456,386,448
1,<environment.Job instance at 0x1552818af2d0>,67,22,[2 5],68,456,478,388,449
1,<environment.Job instance at 0x1552818af230>,68,19,[14  2],69,478,497,409,468
1,<environment.Job instance at 0x155285ca4500>,48,14,[11  1],49,498,512,449,498
1,<environment.Job instance at 0x1552818af500>,71,23,[5 1],72,512,535,440,506
1,<environment.Job instance at 0x1552818af050>,72,19,[7 1],73,512,531,439,508
1,<environment.Job instance at 0x1552818af460>,63,13,[12  2],64,543,556,479,543
1,<environment.Job instance at 0x155251fc3f00>,74,22,[1 7],75,543,565,468,543
1,<environment.Job instance at 0x155251fc3dc0>,76,28,[2 9],77,565,593,488,564
1,<environment.Job instance at 0x155251fc3e10>,78,25,[1 8],79,593,618,514,589
1,<environment.Job instance at 0x155251fc3780>,79,27,[ 1 12],80,618,645,538,616
1,<environment.Job instance at 0x155251fc3b90>,81,28,[12  2],82,623,651,541,623
1,<environment.Job instance at 0x155285c18780>,83,28,[11  2],84,651,679,567,650
1,<environment.Job instance at 0x155285c187d0>,84,26,[2 9],85,650,676,565,650
1,<environment.Job instance at 0x1552818af5f0>,69,13,[ 1 13],70,676,689,606,670
1,<environment.Job instance at 0x155252128550>,89,17,[ 1 11],90,689,706,599,686
1,<environment.Job instance at 0x15528087fc80>,90,21,[10  2],91,686,707,595,686
1,<environment.Job instance at 0x15525279f370>,91,25,[9 1],92,707,732,615,703
1,<environment.Job instance at 0x1552820dd730>,92,19,[2 9],93,706,725,613,704
1,<environment.Job instance at 0x1552886a04b0>,86,1,[14  1],87,732,733,645,704
1,<environment.Job instance at 0x15528128aa00>,97,28,[6 2],98,733,761,635,732
1,<environment.Job instance at 0x1552521523c0>,98,2,[12  1],99,761,763,662,739
1,<environment.Job instance at 0x155252152eb0>,99,21,[1 5],100,740,761,640,740
1,<environment.Job instance at 0x1552820be6e0>,100,25,[ 1 11],101,761,786,660,757
1,<environment.Job instance at 0x15525273c7d0>,95,18,[14  2],96,763,781,667,758
1,<environment.Job instance at 0x155287bd67d0>,102,2,[ 2 13],103,786,788,683,767
1,<environment.Job instance at 0x155287bd63c0>,103,2,[ 2 11],104,805,807,701,805
1,<environment.Job instance at 0x15525275df50>,105,24,[1 7],106,807,831,701,805
1,<environment.Job instance at 0x15528822c280>,106,22,[ 2 12],107,831,853,724,824
1,<environment.Job instance at 0x155285f14d20>,107,26,[10  2],108,824,850,716,824
1,<environment.Job instance at 0x1552818afeb0>,73,13,[ 1 12],74,867,880,793,867
1,<environment.Job instance at 0x155252020640>,1,12,[ 1 14],2,880,892,878,871
1,<environment.Job instance at 0x15528199edc0>,110,1,[2 9],111,892,893,781,891
1,<environment.Job instance at 0x15528199e280>,112,1,[11  2],113,892,893,779,891
1,<environment.Job instance at 0x15528199ec80>,111,19,[ 1 11],112,893,912,781,892
1,<environment.Job instance at 0x15528199e460>,113,2,[ 1 14],114,912,914,798,899
1,<environment.Job instance at 0x155281308780>,116,3,[1 8],117,914,917,797,904
1,<environment.Job instance at 0x155252140dc0>,119,25,[ 2 14],120,917,942,797,913
1,<environment.Job instance at 0x1552521405f0>,122,23,[12  2],123,942,965,819,937
1,<environment.Job instance at 0x155252140a00>,124,3,[12  1],125,965,968,840,950
1,<environment.Job instance at 0x1552818bd8c0>,127,1,[ 1 10],128,951,952,823,951
1,<environment.Job instance at 0x1552818bd730>,128,21,[6 2],129,968,989,839,960
1,<environment.Job instance at 0x155251fc19b0>,15,16,[11  2],16,1044,1060,1028,1044
1,<environment.Job instance at 0x155285f144b0>,108,14,[ 2 14],109,1278,1292,1169,1278
1,<environment.Job instance at 0x155252140870>,125,16,[ 2 14],126,1554,1570,1428,1554
1,<environment.Job instance at 0x155252110640>,104,13,[ 2 14],105,1708,1721,1603,1708
1,<environment.Job instance at 0x1552818f4910>,0,20,[14  2],1,1,21,0,1
1,<environment.Job instance at 0x1552521a28c0>,6,20,[7 2],7,21,41,14,12
1,<environment.Job instance at 0x15525275d550>,1,26,[14  1],2,41,67,39,38
1,<environment.Job instance at 0x1552522adfa0>,3,25,[13  1],4,67,92,63,64
1,<environment.Job instance at 0x1552521a2910>,7,27,[14  1],8,92,119,84,90
1,<environment.Job instance at 0x1552521a2a00>,12,27,[ 1 12],13,90,117,77,90
1,<environment.Job instance at 0x1552521a2d70>,13,26,[ 1 12],14,117,143,103,114
1,<environment.Job instance at 0x1552521a2dc0>,16,23,[6 1],17,119,142,102,116
1,<environment.Job instance at 0x155252181280>,20,2,[ 2 13],21,143,145,122,133
1,<environment.Job instance at 0x1552521a2e10>,14,16,[12  2],15,143,159,128,143
1,<environment.Job instance at 0x1552521815f0>,24,24,[ 1 10],25,145,169,120,144
1,<environment.Job instance at 0x155252181550>,25,22,[ 1 14],26,169,191,143,164
1,<environment.Job instance at 0x155252181640>,26,3,[ 1 12],27,191,194,164,185
1,<environment.Job instance at 0x1552521815a0>,27,22,[ 2 14],28,194,216,166,189
1,<environment.Job instance at 0x1552521816e0>,29,25,[1 6],30,216,241,186,212
1,<environment.Job instance at 0x1552521818c0>,30,23,[ 2 14],31,241,264,210,235
1,<environment.Job instance at 0x155252181820>,31,26,[ 1 12],32,264,290,232,262
1,<environment.Job instance at 0x1552521811e0>,19,2,[11  2],20,273,275,253,273
1,<environment.Job instance at 0x155252181aa0>,33,26,[5 2],34,275,301,241,274
1,<environment.Job instance at 0x155252181c80>,36,27,[6 1],37,277,304,240,277
1,<environment.Job instance at 0x155252181cd0>,37,22,[6 2],38,301,323,263,294
1,<environment.Job instance at 0x1552521812d0>,21,1,[ 2 11],22,297,298,275,297
1,<environment.Job instance at 0x155252181fa0>,39,25,[14  2],40,323,348,283,319
1,<environment.Job instance at 0x1552521760f0>,44,23,[5 2],45,348,371,303,347
1,<environment.Job instance at 0x155252176190>,45,3,[11  2],46,371,374,325,348
1,<environment.Job instance at 0x155252176460>,46,26,[8 2],47,374,400,327,371
1,<environment.Job instance at 0x1552521762d0>,47,26,[1 9],48,371,397,323,371
1,<environment.Job instance at 0x155252181a00>,32,19,[ 2 14],33,400,419,367,394
1,<environment.Job instance at 0x155252176870>,52,1,[ 1 12],53,419,420,366,419
1,<environment.Job instance at 0x155252176550>,53,15,[2 7],54,420,435,366,420
1,<environment.Job instance at 0x155252176a50>,55,21,[10  2],56,423,444,367,423
1,<environment.Job instance at 0x155252176b90>,57,26,[11  1],58,444,470,386,441
1,<environment.Job instance at 0x155252176c30>,58,24,[ 1 13],59,441,465,382,441
1,<environment.Job instance at 0x155252176af0>,56,19,[ 2 14],57,465,484,408,463
1,<environment.Job instance at 0x155252176be0>,61,26,[ 2 13],62,484,510,422,481
1,<environment.Job instance at 0x155252176c80>,62,25,[9 1],63,481,506,418,481
1,<environment.Job instance at 0x1552521a2b90>,10,12,[11  1],11,509,521,498,509
1,<environment.Job instance at 0x155252181d20>,38,3,[ 1 13],39,517,520,478,517
1,<environment.Job instance at 0x155252176dc0>,66,1,[12  2],67,521,522,454,518
1,<environment.Job instance at 0x1552521a2820>,5,1,[ 2 11],6,523,524,517,523
1,<environment.Job instance at 0x1552521850a0>,67,19,[ 1 13],68,524,543,456,523
1,<environment.Job instance at 0x1552521769b0>,60,2,[14  2],61,535,537,474,535
1,<environment.Job instance at 0x1552521850f0>,68,23,[ 1 14],69,543,566,474,540
1,<environment.Job instance at 0x155252185550>,75,19,[1 5],76,566,585,490,565
1,<environment.Job instance at 0x1552521855f0>,76,23,[9 1],77,567,590,490,567
1,<environment.Job instance at 0x155252185690>,77,28,[13  1],78,590,618,512,590
1,<environment.Job instance at 0x155252185870>,80,20,[ 1 13],81,611,631,530,611
1,<environment.Job instance at 0x155252185910>,81,26,[ 2 11],82,631,657,549,628
1,<environment.Job instance at 0x1552521859b0>,82,24,[ 2 11],83,657,681,574,652
1,<environment.Job instance at 0x155252185a50>,83,24,[6 1],84,652,676,568,652
1,<environment.Job instance at 0x155252176d20>,63,2,[13  1],64,676,678,612,652
1,<environment.Job instance at 0x155252185af0>,84,16,[13  2],85,689,705,604,689
1,<environment.Job instance at 0x155252185cd0>,87,1,[2 7],88,701,702,613,701
1,<environment.Job instance at 0x155252185e10>,89,18,[7 2],90,711,729,621,711
1,<environment.Job instance at 0x155252185f50>,90,26,[8 2],91,711,737,620,711
1,<environment.Job instance at 0x155252185eb0>,91,24,[9 2],92,737,761,645,732
1,<environment.Job instance at 0x155252188230>,92,2,[ 2 12],93,738,740,645,738
1,<environment.Job instance at 0x155252188320>,93,1,[ 1 11],94,751,752,657,751
1,<environment.Job instance at 0x155252188460>,95,1,[ 1 12],96,755,756,659,755
1,<environment.Job instance at 0x1552521885f0>,96,1,[ 1 11],97,757,758,660,757
1,<environment.Job instance at 0x155252176f50>,65,14,[12  1],66,770,784,704,770
1,<environment.Job instance at 0x1552521886e0>,99,23,[ 1 13],100,770,793,670,770
1,<environment.Job instance at 0x1552521884b0>,98,3,[ 2 13],99,795,798,696,795
1,<environment.Job instance at 0x155252188820>,101,28,[8 1],102,795,823,693,795
1,<environment.Job instance at 0x155252188780>,102,20,[1 9],103,807,827,704,807
1,<environment.Job instance at 0x155252188960>,103,25,[12  2],104,823,848,719,819
1,<environment.Job instance at 0x155252185b90>,85,13,[12  1],86,860,873,774,860
1,<environment.Job instance at 0x155252188c80>,106,28,[9 1],107,873,901,766,872
1,<environment.Job instance at 0x155252188b40>,107,14,[11  1],108,901,915,793,898
1,<environment.Job instance at 0x155252188d20>,108,22,[1 7],109,899,921,790,899
1,<environment.Job instance at 0x155252188e60>,110,26,[1 8],111,915,941,804,912
1,<environment.Job instance at 0x155252185190>,69,14,[ 1 12],70,941,955,871,936
1,<environment.Job instance at 0x155252188dc0>,112,24,[13  2],113,936,960,823,936
1,<environment.Job instance at 0x155252188f00>,113,27,[8 1],114,960,987,846,958
1,<environment.Job instance at 0x1552521a72d0>,114,24,[7 1],115,960,984,845,958
1,<environment.Job instance at 0x1552521a7190>,117,28,[ 1 13],118,984,1012,866,983
1,<environment.Job instance at 0x1552521a75a0>,118,28,[ 2 12],119,1012,1040,893,1011
1,<environment.Job instance at 0x1552521a7910>,119,24,[11  1],120,1012,1036,892,1012
1,<environment.Job instance at 0x1552521a7af0>,122,26,[ 1 12],123,1040,1066,917,1037
1,<environment.Job instance at 0x1552521a7aa0>,123,26,[11  2],124,1037,1063,913,1037
1,<environment.Job instance at 0x1552521a7be0>,125,2,[14  1],126,1063,1065,937,1061
1,<environment.Job instance at 0x1552521a79b0>,126,23,[ 2 10],127,1066,1089,939,1061
1,<environment.Job instance at 0x155252188fa0>,111,1,[ 1 12],112,1089,1090,977,1068
1,<environment.Job instance at 0x1552521a7cd0>,128,1,[ 1 12],129,1090,1091,961,1073
1,<environment.Job instance at 0x1552521a7e10>,127,19,[13  1],128,1083,1102,955,1083
1,<environment.Job instance at 0x155252188640>,100,17,[ 2 12],101,1117,1134,1016,1117
1,<environment.Job instance at 0x155252185370>,72,3,[ 2 12],73,1194,1197,1121,1194
1,<environment.Job instance at 0x155252188aa0>,105,16,[ 2 13],106,1215,1231,1109,1215
1,<environment.Job instance at 0x15525219deb0>,0,28,[ 2 10],1,1,29,0,1
1,<environment.Job instance at 0x155285ca32d0>,6,25,[ 2 12],7,29,54,22,25
1,<environment.Job instance at 0x155251f923c0>,4,21,[13  2],5,28,49,23,28
1,<environment.Job instance at 0x155285ca3780>,11,24,[14  2],12,54,78,42,49
1,<environment.Job instance at 0x155285ca3550>,5,25,[ 1 13],6,54,79,48,54
1,<environment.Job instance at 0x155285ca39b0>,12,20,[11  2],13,78,98,65,70
1,<environment.Job instance at 0x155281253aa0>,17,28,[9 1],18,99,127,81,99
1,<environment.Job instance at 0x155281253d70>,16,24,[ 2 14],17,101,125,84,101
1,<environment.Job instance at 0x155281253dc0>,14,1,[ 1 11],15,125,126,110,103
1,<environment.Job instance at 0x1552812537d0>,15,22,[2 5],16,126,148,110,119
1,<environment.Job instance at 0x155281253500>,20,24,[10  2],21,127,151,106,124
1,<environment.Job instance at 0x155281193e60>,24,18,[14  1],25,151,169,126,140
1,<environment.Job instance at 0x1552813c8f00>,28,24,[7 1],29,169,193,140,164
1,<environment.Job instance at 0x155281156550>,30,22,[ 2 12],31,174,196,143,174
1,<environment.Job instance at 0x15527c0bf280>,31,27,[ 2 14],32,196,223,164,194
1,<environment.Job instance at 0x155281193140>,26,22,[11  2],27,223,245,196,217
1,<environment.Job instance at 0x155281253c80>,19,25,[14  1],20,245,270,225,241
1,<environment.Job instance at 0x155285ca38c0>,3,13,[ 1 14],4,267,280,263,267
1,<environment.Job instance at 0x1552521899b0>,35,18,[13  1],36,304,322,268,304
1,<environment.Job instance at 0x15527f7c7870>,36,1,[14  2],37,322,323,285,308
1,<environment.Job instance at 0x15525259e910>,37,19,[14  1],38,323,342,285,320
1,<environment.Job instance at 0x15525259e5f0>,38,24,[ 1 14],39,323,347,284,320
1,<environment.Job instance at 0x15525259eeb0>,39,25,[11  2],40,347,372,307,343
1,<environment.Job instance at 0x15525257e910>,34,19,[ 1 13],35,357,376,322,357
1,<environment.Job instance at 0x1552525b25f0>,41,23,[13  2],42,372,395,330,372
1,<environment.Job instance at 0x15527f787230>,33,12,[ 1 12],34,386,398,352,386
1,<environment.Job instance at 0x1552525b2500>,40,16,[13  1],41,400,416,359,400
1,<environment.Job instance at 0x1552525b2d20>,44,26,[ 2 10],45,400,426,355,400
1,<environment.Job instance at 0x1552525b2d70>,43,3,[ 2 12],44,426,429,382,422
1,<environment.Job instance at 0x1552813967d0>,47,24,[2 7],48,429,453,381,425
1,<environment.Job instance at 0x155281396870>,48,20,[ 2 13],49,453,473,404,447
1,<environment.Job instance at 0x155281253a00>,21,13,[ 1 13],22,497,510,475,497
1,<environment.Job instance at 0x155281396550>,51,18,[13  2],52,501,519,449,501
1,<environment.Job instance at 0x1552811945f0>,52,27,[2 9],53,510,537,457,508
1,<environment.Job instance at 0x155287b527d0>,53,19,[ 2 11],54,537,556,483,528
1,<environment.Job instance at 0x155281396730>,54,28,[ 1 11],55,556,584,501,555
1,<environment.Job instance at 0x1552525b2320>,46,16,[11  2],47,568,584,521,568
1,<environment.Job instance at 0x155285edc410>,57,23,[1 7],58,584,607,526,579
1,<environment.Job instance at 0x155285edc0f0>,58,21,[14  2],59,584,605,525,579
1,<environment.Job instance at 0x155252220b40>,60,3,[11  1],61,605,608,544,600
1,<environment.Job instance at 0x155285edc4b0>,61,28,[ 2 13],62,607,635,545,606
1,<environment.Job instance at 0x155285edc3c0>,59,20,[12  1],60,608,628,548,608
1,<environment.Job instance at 0x155281110140>,66,21,[ 2 11],67,635,656,568,627
1,<environment.Job instance at 0x155281110e10>,67,26,[2 6],68,656,682,588,653
1,<environment.Job instance at 0x155281110230>,69,27,[1 9],70,656,683,586,655
1,<environment.Job instance at 0x155281110dc0>,70,23,[13  2],71,682,705,611,676
1,<environment.Job instance at 0x155281110be0>,72,19,[2 5],73,683,702,610,683
1,<environment.Job instance at 0x155281110640>,68,17,[13  2],69,705,722,636,698
1,<environment.Job instance at 0x155281110f50>,76,23,[2 8],77,705,728,628,705
1,<environment.Job instance at 0x155252470f00>,78,23,[8 1],79,722,745,643,716
1,<environment.Job instance at 0x1552811100f0>,74,17,[ 1 12],75,728,745,653,724
1,<environment.Job instance at 0x1552524700f0>,80,17,[14  1],81,745,762,664,737
1,<environment.Job instance at 0x1552813968c0>,49,12,[ 2 14],50,762,774,712,754
1,<environment.Job instance at 0x1552524709b0>,83,20,[12  1],84,762,782,678,754
1,<environment.Job instance at 0x155252470dc0>,85,27,[5 1],86,782,809,696,781
1,<environment.Job instance at 0x155252470aa0>,86,28,[13  2],87,809,837,722,808
1,<environment.Job instance at 0x155252470b90>,81,21,[14  1],82,837,858,755,829
1,<environment.Job instance at 0x1552524708c0>,88,15,[11  2],89,858,873,769,853
1,<environment.Job instance at 0x1552813906e0>,89,19,[ 2 11],90,858,877,768,853
1,<environment.Job instance at 0x155281136e10>,90,20,[ 1 12],91,877,897,786,871
1,<environment.Job instance at 0x155252470a50>,82,17,[ 2 14],83,897,914,814,893
1,<environment.Job instance at 0x1552811365f0>,93,28,[6 2],94,914,942,820,913
1,<environment.Job instance at 0x1552811367d0>,91,28,[ 2 11],92,914,942,822,914
1,<environment.Job instance at 0x1552811362d0>,94,25,[5 1],95,915,940,820,915
1,<environment.Job instance at 0x155281136640>,92,1,[12  1],93,942,943,849,920
1,<environment.Job instance at 0x155252399d70>,98,14,[11  2],99,943,957,844,930
1,<environment.Job instance at 0x155281136410>,96,17,[ 1 12],97,942,959,845,936
1,<environment.Job instance at 0x15527f7522d0>,101,3,[ 2 13],102,959,962,857,956
1,<environment.Job instance at 0x15525262f870>,103,19,[ 2 14],104,962,981,858,956
1,<environment.Job instance at 0x15525279f960>,104,19,[14  1],105,981,1000,876,973
1,<environment.Job instance at 0x1552812fb910>,105,24,[11  2],106,1000,1024,894,995
1,<environment.Job instance at 0x15527f752e60>,102,1,[11  1],103,1026,1027,923,1026
1,<environment.Job instance at 0x1552812fbcd0>,107,13,[14  2],108,1027,1040,919,1026
1,<environment.Job instance at 0x15525225aa00>,111,15,[5 1],112,1041,1056,929,1041
1,<environment.Job instance at 0x15525225a640>,112,26,[13  1],113,1056,1082,943,1053
1,<environment.Job instance at 0x1552811950f0>,113,24,[ 2 14],114,1053,1077,939,1053
1,<environment.Job instance at 0x1552526f6af0>,115,1,[ 2 14],116,1077,1078,961,1077
1,<environment.Job instance at 0x1552811495f0>,116,25,[ 1 14],117,1078,1103,961,1077
1,<environment.Job instance at 0x155283f5e730>,118,26,[10  1],119,1082,1108,963,1079
1,<environment.Job instance at 0x1552811493c0>,120,23,[9 2],121,1108,1131,987,1102
1,<environment.Job instance at 0x1552813b95a0>,122,24,[11  1],123,1131,1155,1008,1126
1,<environment.Job instance at 0x1552813b9230>,123,20,[ 2 10],124,1129,1149,1005,1129
1,<environment.Job instance at 0x155281136b90>,95,2,[12  1],96,1155,1157,1059,1131
1,<environment.Job instance at 0x15525219faf0>,124,13,[ 2 12],125,1152,1165,1027,1152
1,<environment.Job instance at 0x15525219fdc0>,125,17,[ 1 14],126,1165,1182,1039,1164
1,<environment.Job instance at 0x15527f7a7410>,108,2,[ 2 14],109,1253,1255,1144,1253
1,<environment.Job instance at 0x15525219fe60>,128,2,[ 2 14],129,1256,1258,1127,1256
1,<environment.Job instance at 0x1552525b28c0>,42,2,[ 2 14],43,1375,1377,1332,1375
1,<environment.Job instance at 0x15525257e500>,32,12,[ 2 11],33,1430,1442,1397,1430
1,<environment.Job instance at 0x1552810e9460>,0,24,[1 6],1,1,25,0,1
1,<environment.Job instance at 0x1552810e93c0>,2,22,[8 1],3,4,26,1,4
1,<environment.Job instance at 0x155281914d70>,4,22,[2 6],5,5,27,0,5
1,<environment.Job instance at 0x1552810e9dc0>,3,3,[ 1 11],4,27,30,23,7
1,<environment.Job instance at 0x155281914640>,5,3,[14  1],6,27,30,21,18
1,<environment.Job instance at 0x155281914b90>,10,24,[1 9],11,30,54,19,25
1,<environment.Job instance at 0x155281914820>,12,21,[6 1],13,32,53,19,32
1,<environment.Job instance at 0x1552819142d0>,8,24,[ 1 12],9,54,78,45,49
1,<environment.Job instance at 0x155281914af0>,14,21,[9 1],15,53,74,38,51
1,<environment.Job instance at 0x155281914960>,17,20,[5 1],18,69,89,51,69
1,<environment.Job instance at 0x155281914fa0>,18,26,[9 1],19,74,100,55,72
1,<environment.Job instance at 0x155281914050>,11,22,[ 2 12],12,89,111,77,82
1,<environment.Job instance at 0x155281914910>,23,3,[12  2],24,110,113,86,110
1,<environment.Job instance at 0x155281914870>,24,21,[6 1],25,113,134,88,111
1,<environment.Job instance at 0x15527fa2a2d0>,25,27,[12  2],26,134,161,108,132
1,<environment.Job instance at 0x155281914190>,26,23,[ 1 13],27,133,156,106,133
1,<environment.Job instance at 0x155281914d20>,6,1,[ 2 14],7,161,162,154,151
1,<environment.Job instance at 0x15527fa2a780>,31,14,[9 2],32,162,176,130,154
1,<environment.Job instance at 0x15527fa2a230>,32,27,[13  1],33,176,203,143,174
1,<environment.Job instance at 0x15527fa2a960>,30,1,[ 2 12],31,195,196,164,195
1,<environment.Job instance at 0x155281914a00>,13,3,[11  2],14,203,206,189,196
1,<environment.Job instance at 0x1552819146e0>,22,14,[ 2 12],23,206,220,183,206
1,<environment.Job instance at 0x15527fa2a820>,37,21,[13  2],38,206,227,168,206
1,<environment.Job instance at 0x15527fa2abe0>,33,17,[ 2 12],34,221,238,187,221
1,<environment.Job instance at 0x155252374cd0>,44,2,[10  2],45,227,229,182,225
1,<environment.Job instance at 0x155252374550>,45,22,[6 1],46,229,251,183,225
1,<environment.Job instance at 0x1552523741e0>,46,25,[ 2 12],47,238,263,191,234
1,<environment.Job instance at 0x1552523746e0>,47,17,[7 1],48,234,251,186,234
1,<environment.Job instance at 0x155252374b40>,48,19,[7 2],49,251,270,202,244
1,<environment.Job instance at 0x15525272eb40>,49,27,[2 9],50,263,290,213,262
1,<environment.Job instance at 0x155285c0fdc0>,50,25,[14  2],51,290,315,239,286
1,<environment.Job instance at 0x155285c0f2d0>,52,25,[ 2 10],53,315,340,262,311
1,<environment.Job instance at 0x155251f04af0>,53,3,[1 6],54,340,343,286,322
1,<environment.Job instance at 0x155251f38640>,54,21,[11  1],55,324,345,269,324
1,<environment.Job instance at 0x155251f38460>,55,22,[5 2],56,345,367,289,338
1,<environment.Job instance at 0x15527fa2afa0>,36,15,[ 2 12],37,347,362,310,347
1,<environment.Job instance at 0x155281914dc0>,9,17,[14  2],10,370,387,360,370
1,<environment.Job instance at 0x1552527764b0>,58,24,[ 2 11],59,387,411,328,385
1,<environment.Job instance at 0x155251f38cd0>,56,16,[ 1 14],57,411,427,354,404
1,<environment.Job instance at 0x155252776550>,60,21,[ 1 13],61,427,448,366,419
1,<environment.Job instance at 0x155252776c30>,61,2,[6 1],62,423,425,361,423
1,<environment.Job instance at 0x155251fb5050>,63,21,[ 1 14],64,448,469,384,442
1,<environment.Job instance at 0x155251fb55a0>,64,20,[7 2],65,469,489,404,463
1,<environment.Job instance at 0x155251fb5730>,65,14,[ 2 12],66,478,492,412,478
1,<environment.Job instance at 0x155251fb53c0>,67,19,[13  2],68,489,508,421,482
1,<environment.Job instance at 0x155251fb59b0>,68,22,[ 2 14],69,508,530,439,501
1,<environment.Job instance at 0x155251fb5910>,69,25,[2 7],70,530,555,460,526
1,<environment.Job instance at 0x155251fb5820>,70,21,[ 1 11],71,555,576,484,547
1,<environment.Job instance at 0x155281877d70>,72,28,[2 7],73,576,604,503,575
1,<environment.Job instance at 0x155281877870>,73,21,[14  2],74,604,625,530,597
1,<environment.Job instance at 0x155281877320>,74,27,[8 1],75,625,652,550,623
1,<environment.Job instance at 0x15525225e8c0>,75,3,[2 7],76,635,638,559,635
1,<environment.Job instance at 0x155252082fa0>,76,27,[ 1 13],77,638,665,561,636
1,<environment.Job instance at 0x1552818775a0>,77,28,[9 2],78,652,680,574,651
1,<environment.Job instance at 0x15527c1a5960>,78,28,[ 2 12],79,665,693,586,664
1,<environment.Job instance at 0x155281877690>,79,3,[6 1],80,680,683,600,669
1,<environment.Job instance at 0x155281148d20>,80,17,[13  1],81,683,700,602,679
1,<environment.Job instance at 0x15528185b730>,81,22,[11  2],82,700,722,618,693
1,<environment.Job instance at 0x15528660df00>,82,15,[13  2],83,722,737,639,711
1,<environment.Job instance at 0x1552886fe870>,43,3,[ 1 14],44,737,740,693,729
1,<environment.Job instance at 0x155281bdf1e0>,83,1,[ 2 14],84,740,741,656,735
1,<environment.Job instance at 0x155252434d20>,86,26,[13  1],87,737,763,650,735
1,<environment.Job instance at 0x155287ce0410>,87,22,[ 1 14],88,741,763,653,736
1,<environment.Job instance at 0x1552813fe370>,88,20,[2 9],89,763,783,674,755
1,<environment.Job instance at 0x1552520e2af0>,89,28,[5 2],90,763,791,673,762
1,<environment.Job instance at 0x1552813fe820>,90,16,[ 1 13],91,789,805,698,789
1,<environment.Job instance at 0x15528869b320>,92,3,[2 9],93,805,808,712,800
1,<environment.Job instance at 0x1552526784b0>,93,24,[ 1 14],94,808,832,714,803
1,<environment.Job instance at 0x1552526780a0>,95,3,[ 2 10],96,832,835,736,832
1,<environment.Job instance at 0x1552811b0370>,96,1,[ 1 12],97,835,836,738,832
1,<environment.Job instance at 0x155252095140>,97,1,[6 1],98,837,838,739,837
1,<environment.Job instance at 0x15528198ff50>,98,3,[ 2 13],99,839,842,740,839
1,<environment.Job instance at 0x155251edf730>,99,20,[ 1 11],100,842,862,742,842
1,<environment.Job instance at 0x155252688be0>,100,3,[11  1],101,855,858,754,855
1,<environment.Job instance at 0x15528198f460>,101,19,[ 2 13],102,862,881,760,857
1,<environment.Job instance at 0x15528198f050>,102,25,[14  2],103,881,906,778,877
1,<environment.Job instance at 0x15527c2e7500>,103,22,[7 1],104,906,928,802,899
1,<environment.Job instance at 0x15527c2e7dc0>,104,23,[ 2 13],105,906,929,801,900
1,<environment.Job instance at 0x155281838280>,105,27,[12  1],106,928,955,822,926
1,<environment.Job instance at 0x155281838d70>,108,26,[ 1 11],109,953,979,844,953
1,<environment.Job instance at 0x155281838690>,109,23,[ 1 13],110,979,1002,869,973
1,<environment.Job instance at 0x155281838190>,110,26,[1 8],111,1002,1028,891,999
1,<environment.Job instance at 0x155281838e60>,111,24,[ 2 11],112,1028,1052,916,1024
1,<environment.Job instance at 0x155281338870>,112,2,[8 2],113,1032,1034,919,1032
1,<environment.Job instance at 0x155281338a50>,113,25,[12  2],114,1034,1059,920,1032
1,<environment.Job instance at 0x155281338730>,114,20,[5 1],115,1059,1079,944,1050
1,<environment.Job instance at 0x155281338c30>,115,19,[2 5],116,1054,1073,938,1054
1,<environment.Job instance at 0x155281338230>,117,23,[6 2],118,1069,1092,951,1069
1,<environment.Job instance at 0x1552813386e0>,118,23,[6 2],119,1079,1102,960,1073
1,<environment.Job instance at 0x1552813385f0>,119,22,[12  1],120,1102,1124,982,1095
1,<environment.Job instance at 0x15527c03e410>,120,24,[ 1 14],121,1102,1126,981,1098
1,<environment.Job instance at 0x1552886fe460>,41,13,[ 1 11],42,1126,1139,1084,1118
1,<environment.Job instance at 0x15525224a2d0>,122,19,[13  2],123,1126,1145,1003,1119
1,<environment.Job instance at 0x15525224a230>,123,20,[14  2],124,1145,1165,1021,1138
1,<environment.Job instance at 0x15525224ad70>,125,22,[ 1 13],126,1140,1162,1014,1140
1,<environment.Job instance at 0x155281288960>,85,3,[ 1 14],86,1165,1168,1079,1164
1,<environment.Job instance at 0x15527c03e6e0>,121,14,[ 1 11],122,1187,1201,1065,1187
1,<environment.Job instance at 0x15525224a730>,128,13,[12  1],129,1242,1255,1113,1242
1,<environment.Job instance at 0x155251f38140>,57,15,[ 2 14],58,1276,1291,1218,1276
1,<environment.Job instance at 0x1552527761e0>,59,16,[ 2 11],60,1866,1882,1806,1866
1,<environment.Job instance at 0x15525224af00>,127,12,[ 2 11],128,2114,2126,1986,2114
1,<environment.Job instance at 0x1552521eff50>,0,27,[7 2],1,1,28,0,1
1,<environment.Job instance at 0x15525224a780>,3,23,[2 8],4,5,28,1,5
1,<environment.Job instance at 0x15527c0f8cd0>,7,21,[13  1],8,28,49,20,23
1,<environment.Job instance at 0x15528660a9b0>,5,2,[ 2 13],6,44,46,38,44
1,<environment.Job instance at 0x15527c0f8820>,9,26,[ 2 13],10,46,72,36,44
1,<environment.Job instance at 0x15527c0f8a50>,10,20,[9 1],11,49,69,38,44
1,<environment.Job instance at 0x15527c0f87d0>,11,26,[2 9],12,72,98,60,69
1,<environment.Job instance at 0x15525224af00>,2,16,[12  2],3,71,87,68,71
1,<environment.Job instance at 0x15525209d230>,13,2,[ 2 12],14,98,100,84,78
1,<environment.Job instance at 0x15528660a4b0>,4,2,[ 1 14],5,100,102,95,78
1,<environment.Job instance at 0x15527c0f8b40>,14,2,[12  2],15,93,95,78,93
1,<environment.Job instance at 0x15527c0f8320>,15,23,[1 7],16,102,125,86,98
1,<environment.Job instance at 0x15527c082690>,18,26,[8 1],19,101,127,82,101
1,<environment.Job instance at 0x1552520e53c0>,19,19,[6 2],20,106,125,86,106
1,<environment.Job instance at 0x1552520e57d0>,20,2,[ 2 12],21,125,127,104,122
1,<environment.Job instance at 0x1552520e5f00>,21,1,[11  2],22,138,139,116,138
1,<environment.Job instance at 0x15527c0f8780>,12,13,[ 2 12],13,144,157,131,144
1,<environment.Job instance at 0x15527c07f5f0>,24,17,[ 2 13],25,157,174,132,145
1,<environment.Job instance at 0x15527c2c90f0>,25,3,[11  2],26,152,155,126,152
1,<environment.Job instance at 0x15528869c9b0>,26,23,[13  1],27,155,178,128,153
1,<environment.Job instance at 0x1552525372d0>,27,25,[ 2 14],28,174,199,146,170
1,<environment.Job instance at 0x155252159050>,28,27,[ 2 14],29,199,226,170,197
1,<environment.Job instance at 0x155252774af0>,31,22,[1 8],32,226,248,194,219
1,<environment.Job instance at 0x1552865cde10>,32,3,[10  2],33,226,229,193,221
1,<environment.Job instance at 0x155281995aa0>,36,24,[ 2 13],37,248,272,211,244
1,<environment.Job instance at 0x1552525b2460>,37,12,[13  2],38,254,266,216,254
1,<environment.Job instance at 0x155252193730>,38,2,[ 1 11],39,272,274,233,270
1,<environment.Job instance at 0x1552865cdf50>,39,25,[ 2 11],40,274,299,234,270
1,<environment.Job instance at 0x155252140e10>,40,2,[ 1 11],41,299,301,258,281
1,<environment.Job instance at 0x155251f21500>,41,2,[ 1 12],42,301,303,259,296
1,<environment.Job instance at 0x155251f21320>,42,27,[14  1],43,299,326,256,297
1,<environment.Job instance at 0x155281153140>,43,1,[ 1 14],44,323,324,279,323
1,<environment.Job instance at 0x1552521ef050>,1,16,[14  2],2,328,344,326,328
1,<environment.Job instance at 0x155252537dc0>,23,2,[12  1],24,344,346,320,337
1,<environment.Job instance at 0x155281c8cfa0>,46,1,[1 6],47,343,344,296,343
1,<environment.Job instance at 0x155283f2e9b0>,50,17,[12  1],51,347,364,296,347
1,<environment.Job instance at 0x155283f2eb90>,52,24,[ 2 10],53,347,371,294,347
1,<environment.Job instance at 0x1552812fb550>,54,24,[1 9],55,371,395,316,366
1,<environment.Job instance at 0x155283f2ecd0>,51,2,[11  2],52,368,370,316,368
1,<environment.Job instance at 0x1552819ca730>,57,26,[ 2 14],58,395,421,337,392
1,<environment.Job instance at 0x155283f2e370>,48,2,[ 2 13],49,421,423,372,401
1,<environment.Job instance at 0x1552813c8640>,61,27,[8 1],62,404,431,342,404
1,<environment.Job instance at 0x1552813c8aa0>,60,24,[2 8],61,423,447,362,422
1,<environment.Job instance at 0x1552813c8d70>,65,25,[2 8],66,447,472,381,443
1,<environment.Job instance at 0x1552813c8fa0>,64,24,[14  2],65,472,496,407,467
1,<environment.Job instance at 0x1552813c8870>,70,27,[ 2 13],71,496,523,425,494
1,<environment.Job instance at 0x15527f7005a0>,71,25,[6 2],72,496,521,424,494
1,<environment.Job instance at 0x1552811560a0>,73,27,[ 2 13],74,523,550,449,521
1,<environment.Job instance at 0x15527f7000a0>,72,16,[13  2],73,537,553,464,537
1,<environment.Job instance at 0x155281156be0>,75,25,[ 1 12],76,550,575,474,546
1,<environment.Job instance at 0x155281156320>,74,20,[14  1],75,553,573,478,547
1,<environment.Job instance at 0x155281156500>,76,14,[13  1],77,576,590,499,576
1,<environment.Job instance at 0x1552813fee60>,79,20,[12  1],80,590,610,510,582
1,<environment.Job instance at 0x1552813fe690>,80,21,[ 1 12],81,582,603,501,582
1,<environment.Job instance at 0x1552813fe9b0>,81,21,[14  1],82,610,631,528,603
1,<environment.Job instance at 0x1552813fe280>,82,22,[ 1 12],83,603,625,520,603
1,<environment.Job instance at 0x1552813fe2d0>,84,23,[ 2 12],85,631,654,546,625
1,<environment.Job instance at 0x1552813fe5f0>,86,25,[ 1 11],87,654,679,567,651
1,<environment.Job instance at 0x1552813feaf0>,87,26,[8 1],88,651,677,563,651
1,<environment.Job instance at 0x1552813fe8c0>,89,20,[ 1 12],90,679,699,589,670
1,<environment.Job instance at 0x1552813fec30>,90,24,[ 2 12],91,699,723,608,694
1,<environment.Job instance at 0x1552813c8e10>,63,18,[ 2 12],64,723,741,659,715
1,<environment.Job instance at 0x1552820a7e10>,92,26,[9 1],93,716,742,623,716
1,<environment.Job instance at 0x15525262f640>,95,25,[12  1],96,742,767,646,741
1,<environment.Job instance at 0x15525262f500>,96,22,[ 2 11],97,751,773,654,751
1,<environment.Job instance at 0x15525262f320>,98,28,[ 1 14],99,773,801,674,772
1,<environment.Job instance at 0x1552813fe460>,77,3,[ 2 13],78,801,804,723,791
1,<environment.Job instance at 0x15525262f190>,100,24,[5 2],101,801,825,700,799
1,<environment.Job instance at 0x15525262f460>,99,2,[ 2 13],100,804,806,704,801
1,<environment.Job instance at 0x15525262f5f0>,104,24,[ 2 14],105,825,849,720,822
1,<environment.Job instance at 0x15525262fc30>,105,20,[14  1],106,849,869,743,844
1,<environment.Job instance at 0x15525262fe10>,103,27,[ 1 14],104,849,876,745,848
1,<environment.Job instance at 0x15525262fa00>,108,20,[13  2],109,876,896,767,867
1,<environment.Job instance at 0x15525262fd70>,109,21,[12  1],110,896,917,786,895
1,<environment.Job instance at 0x15525262f780>,110,19,[1 6],111,897,916,786,897
1,<environment.Job instance at 0x15525262f140>,107,28,[12  1],108,917,945,809,916
1,<environment.Job instance at 0x155288597dc0>,112,28,[ 1 11],113,916,944,803,916
1,<environment.Job instance at 0x1552820a7690>,91,1,[ 2 14],92,948,949,856,948
1,<environment.Job instance at 0x1552885ad230>,118,18,[ 1 12],119,961,979,842,961
1,<environment.Job instance at 0x1552885ad910>,119,1,[10  1],120,962,963,842,962
1,<environment.Job instance at 0x1552885ad500>,120,22,[13  2],121,963,985,842,962
1,<environment.Job instance at 0x155288597730>,117,17,[ 1 14],118,988,1005,870,988
1,<environment.Job instance at 0x155252701280>,123,22,[ 1 14],124,1005,1027,881,998
1,<environment.Job instance at 0x1552527013c0>,124,28,[ 1 13],125,1027,1055,902,1026
1,<environment.Job instance at 0x1552885ad690>,125,27,[14  2],126,1027,1054,901,1026
1,<environment.Job instance at 0x1552527016e0>,122,2,[ 2 14],123,1055,1057,932,1055
1,<environment.Job instance at 0x15527f753d70>,128,15,[9 1],129,1055,1070,926,1055
1,<environment.Job instance at 0x155288597fa0>,116,13,[ 1 11],117,1062,1075,945,1062
1,<environment.Job instance at 0x15527f753c80>,127,1,[11  1],128,1070,1071,942,1062
1,<environment.Job instance at 0x155251fd7c80>,22,13,[ 2 14],23,1203,1216,1180,1203
1,<environment.Job instance at 0x15527c0f8690>,8,12,[ 1 12],9,1876,1888,1867,1876
1,<environment.Job instance at 0x15525222e230>,0,23,[ 1 12],1,1,24,0,1
1,<environment.Job instance at 0x155287b27730>,4,28,[7 2],5,5,33,0,5
1,<environment.Job instance at 0x15527c0f8960>,1,22,[6 1],2,5,27,3,5
1,<environment.Job instance at 0x1552522b8500>,9,25,[1 7],10,24,49,14,22
1,<environment.Job instance at 0x1552522b86e0>,10,21,[11  2],11,33,54,22,25
1,<environment.Job instance at 0x1552522b8820>,12,21,[2 5],13,27,48,14,25
1,<environment.Job instance at 0x1552522b8870>,14,23,[5 2],15,54,77,39,48
1,<environment.Job instance at 0x1552522b8910>,15,15,[2 5],16,61,76,45,61
1,<environment.Job instance at 0x1552522b84b0>,7,24,[13  1],8,77,101,69,72
1,<environment.Job instance at 0x15527c0f8690>,3,21,[ 1 13],4,76,97,72,75
1,<environment.Job instance at 0x1552522b8a00>,18,22,[ 1 14],19,97,119,78,90
1,<environment.Job instance at 0x1552522b85f0>,16,18,[14  2],17,119,137,102,115
1,<environment.Job instance at 0x1552522b8dc0>,21,3,[14  1],22,149,152,127,149
1,<environment.Job instance at 0x1552522b89b0>,22,24,[8 2],23,152,176,129,149
1,<environment.Job instance at 0x1552522b8d70>,23,22,[ 2 13],24,152,174,128,150
1,<environment.Job instance at 0x1552522b88c0>,13,2,[ 1 14],14,176,178,162,159
1,<environment.Job instance at 0x1552522b8fa0>,24,26,[ 2 11],25,178,204,153,175
1,<environment.Job instance at 0x1552522b8d20>,20,15,[14  1],21,204,219,183,195
1,<environment.Job instance at 0x1552522e0410>,28,25,[2 8],29,219,244,190,215
1,<environment.Job instance at 0x1552522e04b0>,29,18,[13  1],30,219,237,189,215
1,<environment.Job instance at 0x1552522b8410>,6,14,[12  1],7,237,251,230,236
1,<environment.Job instance at 0x1552522e0500>,31,26,[2 9],32,244,270,212,241
1,<environment.Job instance at 0x1552522e05a0>,32,2,[8 1],33,251,253,218,248
1,<environment.Job instance at 0x1552522e0640>,33,24,[2 5],34,251,275,217,249
1,<environment.Job instance at 0x1552522e0550>,30,3,[ 2 12],31,275,278,244,262
1,<environment.Job instance at 0x1552522e08c0>,37,21,[12  1],38,270,291,232,263
1,<environment.Job instance at 0x1552522e0730>,38,24,[ 1 14],39,278,302,239,273
1,<environment.Job instance at 0x1552522e0aa0>,40,3,[ 1 13],41,302,305,261,281
1,<environment.Job instance at 0x1552522e00a0>,27,19,[ 2 13],28,305,324,277,296
1,<environment.Job instance at 0x1552522e0be0>,42,28,[12  1],43,296,324,253,296
1,<environment.Job instance at 0x1552522e0c80>,43,22,[ 2 12],44,324,346,280,318
1,<environment.Job instance at 0x1552522e0d20>,44,2,[10  2],45,324,326,279,324
1,<environment.Job instance at 0x1552522e01e0>,26,13,[13  2],27,331,344,304,331
1,<environment.Job instance at 0x1552522e0f50>,47,26,[14  2],48,346,372,298,343
1,<environment.Job instance at 0x1552522e0e60>,46,12,[13  1],47,372,384,325,361
1,<environment.Job instance at 0x1552522c2e60>,51,3,[ 2 10],52,382,385,330,382
1,<environment.Job instance at 0x1552522c2870>,52,26,[7 2],53,384,410,331,382
1,<environment.Job instance at 0x1552522c27d0>,54,25,[ 1 11],55,385,410,330,384
1,<environment.Job instance at 0x1552522c2aa0>,55,25,[2 7],56,410,435,354,406
1,<environment.Job instance at 0x1552522c20f0>,56,21,[ 2 14],57,435,456,378,427
1,<environment.Job instance at 0x1552522c2be0>,57,1,[7 1],58,431,432,373,431
1,<environment.Job instance at 0x1552522c21e0>,60,26,[ 2 14],61,456,482,395,453
1,<environment.Job instance at 0x1552885a0820>,61,2,[8 1],62,453,455,391,453
1,<environment.Job instance at 0x15527c0f5190>,62,23,[ 1 13],63,482,505,419,476
1,<environment.Job instance at 0x15527c0f5320>,63,26,[5 2],64,482,508,418,479
1,<environment.Job instance at 0x15527c0f5280>,64,28,[11  2],65,508,536,443,507
1,<environment.Job instance at 0x15527c0f5140>,65,22,[1 8],66,513,535,447,513
1,<environment.Job instance at 0x15527c0f59b0>,66,20,[ 1 13],67,535,555,468,535
1,<environment.Job instance at 0x15527c0e1b40>,67,28,[6 2],68,536,564,468,535
1,<environment.Job instance at 0x15527c0e1dc0>,68,27,[8 2],69,555,582,486,553
1,<environment.Job instance at 0x15527c0e1d20>,69,25,[10  2],70,582,607,512,578
1,<environment.Job instance at 0x15527c0e1e10>,70,3,[14  1],71,607,610,536,583
1,<environment.Job instance at 0x15527c0e1f50>,71,25,[ 2 10],72,610,635,538,606
1,<environment.Job instance at 0x15527c0e16e0>,73,2,[1 6],74,635,637,561,611
1,<environment.Job instance at 0x1552522c2e10>,48,16,[ 1 13],49,637,653,588,630
1,<environment.Job instance at 0x15527c0e10a0>,76,23,[7 1],77,635,658,558,635
1,<environment.Job instance at 0x15527c0e1b90>,77,19,[ 2 13],78,653,672,575,646
1,<environment.Job instance at 0x15527c0e1500>,78,2,[12  1],79,665,667,586,665
1,<environment.Job instance at 0x15527c0e14b0>,79,25,[ 2 14],80,672,697,592,668
1,<environment.Job instance at 0x1552522b8af0>,19,3,[ 2 12],20,697,700,677,688
1,<environment.Job instance at 0x15527c0e1550>,81,19,[1 7],82,700,719,618,693
1,<environment.Job instance at 0x1552520575a0>,83,28,[2 8],84,702,730,618,702
1,<environment.Job instance at 0x15527c0e11e0>,86,22,[ 1 13],87,730,752,643,728
1,<environment.Job instance at 0x155252464370>,85,15,[ 2 13],86,842,857,756,842
1,<environment.Job instance at 0x1552523a9eb0>,89,24,[ 1 11],90,857,881,767,853
1,<environment.Job instance at 0x15527c1f8d70>,90,27,[ 1 12],91,881,908,790,879
1,<environment.Job instance at 0x15527f7ca780>,91,23,[11  1],92,879,902,787,879
1,<environment.Job instance at 0x15527c0e1960>,74,15,[ 1 14],75,948,963,873,948
1,<environment.Job instance at 0x1552811f6280>,97,26,[ 2 12],98,963,989,865,960
1,<environment.Job instance at 0x1552811f6f00>,99,3,[1 8],100,989,992,889,963
1,<environment.Job instance at 0x1552811f6e10>,100,20,[9 1],101,964,984,863,964
1,<environment.Job instance at 0x1552811f6230>,101,1,[ 2 13],102,992,993,890,981
1,<environment.Job instance at 0x15525237e410>,102,22,[ 1 12],103,993,1015,890,986
1,<environment.Job instance at 0x1552811f6d70>,96,12,[12  1],97,1038,1050,941,1038
1,<environment.Job instance at 0x15525237e780>,104,28,[ 2 14],105,1038,1066,933,1038
1,<environment.Job instance at 0x155252072a00>,106,22,[ 1 14],107,1066,1088,959,1059
1,<environment.Job instance at 0x15525237ec80>,103,18,[ 1 14],104,1088,1106,984,1082
1,<environment.Job instance at 0x155252059280>,112,13,[2 5],113,1106,1119,993,1099
1,<environment.Job instance at 0x1552520590a0>,113,26,[ 2 11],114,1119,1145,1005,1116
1,<environment.Job instance at 0x155252073f50>,111,19,[ 2 11],112,1145,1164,1033,1136
1,<environment.Job instance at 0x1552811cfe60>,114,12,[11  2],115,1159,1171,1044,1159
1,<environment.Job instance at 0x155252045370>,118,23,[14  1],119,1171,1194,1052,1165
1,<environment.Job instance at 0x1552520455f0>,120,22,[ 1 12],121,1170,1192,1049,1170
1,<environment.Job instance at 0x15527c0f0d20>,121,2,[ 1 11],122,1192,1194,1070,1191
1,<environment.Job instance at 0x15527c0f0eb0>,122,1,[ 1 14],123,1195,1196,1072,1195
1,<environment.Job instance at 0x15527c0f0e60>,123,18,[1 8],124,1202,1220,1078,1202
1,<environment.Job instance at 0x15527c0f0f50>,124,3,[ 2 13],125,1220,1223,1095,1203
1,<environment.Job instance at 0x15527c0f0820>,125,14,[14  1],126,1223,1237,1097,1223
1,<environment.Job instance at 0x15527c0f05a0>,126,13,[2 8],127,1241,1254,1114,1241
1,<environment.Job instance at 0x15527c0f0780>,127,17,[13  2],128,1244,1261,1116,1244
1,<environment.Job instance at 0x1552522e0960>,41,14,[ 2 14],42,1261,1275,1219,1256
1,<environment.Job instance at 0x15527c0f0140>,128,14,[12  2],129,1358,1372,1229,1358
1,<environment.Job instance at 0x1552520451e0>,117,14,[12  2],118,1458,1472,1340,1458
1,<environment.Job instance at 0x1552522e0870>,35,14,[ 2 14],36,1784,1798,1748,1784
1,<environment.Job instance at 0x15527f7ad4b0>,87,13,[ 2 11],88,2223,2236,2135,2223
1,<environment.Job instance at 0x15527c10deb0>,0,28,[ 2 13],1,1,29,0,1
1,<environment.Job instance at 0x155252391f50>,2,24,[13  1],3,3,27,0,3
1,<environment.Job instance at 0x15527c10db90>,3,1,[7 1],4,27,28,23,8
1,<environment.Job instance at 0x15527c10d640>,1,23,[ 1 12],2,29,52,27,23
1,<environment.Job instance at 0x15527c10dc30>,9,21,[13  1],10,33,54,23,33
1,<environment.Job instance at 0x15527c10d0a0>,11,26,[1 9],12,52,78,40,49
1,<environment.Job instance at 0x15527c10d0f0>,15,25,[1 5],16,52,77,36,49
1,<environment.Job instance at 0x15527c10d050>,12,22,[ 1 14],13,78,100,65,71
1,<environment.Job instance at 0x15525205d730>,17,23,[1 7],18,100,123,82,96
1,<environment.Job instance at 0x15525205dc30>,23,28,[12  2],24,114,142,90,114
1,<environment.Job instance at 0x15525205ddc0>,24,26,[2 9],25,123,149,98,122
1,<environment.Job instance at 0x15525205df50>,26,24,[7 2],27,142,166,115,142
1,<environment.Job instance at 0x15525205d500>,27,20,[ 1 11],28,149,169,121,145
1,<environment.Job instance at 0x15525205d320>,20,25,[ 2 12],21,169,194,148,165
1,<environment.Job instance at 0x15525205de10>,28,1,[ 2 13],29,194,195,165,179
1,<environment.Job instance at 0x15525205d280>,29,21,[ 1 13],30,195,216,165,188
1,<environment.Job instance at 0x15525205d780>,19,16,[14  2],20,216,232,196,216
1,<environment.Job instance at 0x15527c10d690>,8,24,[ 1 12],9,216,240,207,216
1,<environment.Job instance at 0x15525205df00>,25,1,[11  1],26,232,233,206,219
1,<environment.Job instance at 0x1552520739b0>,35,3,[1 5],36,240,243,204,222
1,<environment.Job instance at 0x155252073af0>,36,22,[2 5],37,240,262,203,234
1,<environment.Job instance at 0x1552520730f0>,34,2,[14  1],35,234,236,199,234
1,<environment.Job instance at 0x155252073780>,38,20,[2 7],39,243,263,204,235
1,<environment.Job instance at 0x155252073820>,39,24,[8 2],40,236,260,196,235
1,<environment.Job instance at 0x155252073910>,33,18,[7 1],34,260,278,226,253
1,<environment.Job instance at 0x155252073410>,41,28,[5 1],42,263,291,221,263
1,<environment.Job instance at 0x1552520734b0>,40,25,[12  2],41,291,316,250,287
1,<environment.Job instance at 0x155252073b90>,42,27,[2 7],43,287,314,244,287
1,<environment.Job instance at 0x15525205dfa0>,31,2,[11  2],32,316,318,284,300
1,<environment.Job instance at 0x1552520735f0>,47,25,[2 8],48,314,339,266,310
1,<environment.Job instance at 0x1552811cf140>,48,28,[ 2 13],49,339,367,290,338
1,<environment.Job instance at 0x1552811cf5f0>,49,24,[6 1],50,338,362,288,338
1,<environment.Job instance at 0x1552811cf410>,50,28,[2 5],51,367,395,316,366
1,<environment.Job instance at 0x1552811cfdc0>,51,13,[13  2],52,371,384,319,371
1,<environment.Job instance at 0x1552811cf5a0>,53,23,[14  1],54,395,418,341,389
1,<environment.Job instance at 0x1552811cfaa0>,54,24,[ 2 14],55,418,442,363,413
1,<environment.Job instance at 0x1552811cfc80>,56,26,[2 8],57,442,468,385,439
1,<environment.Job instance at 0x155252073a50>,46,16,[ 1 12],47,468,484,421,465
1,<environment.Job instance at 0x155252073550>,43,14,[11  2],44,471,485,427,471
1,<environment.Job instance at 0x1552811cf4b0>,61,23,[ 1 12],62,484,507,422,478
1,<environment.Job instance at 0x1552811cfd70>,62,22,[2 5],63,507,529,444,500
1,<environment.Job instance at 0x1552811cfeb0>,63,28,[1 9],64,507,535,443,506
1,<environment.Job instance at 0x15525206f960>,65,3,[13  1],66,529,532,463,509
1,<environment.Job instance at 0x15525205d8c0>,30,16,[ 1 14],31,535,551,504,529
1,<environment.Job instance at 0x15525206f910>,67,22,[ 1 12],68,551,573,483,544
1,<environment.Job instance at 0x15525206f640>,68,1,[11  2],69,551,552,482,549
1,<environment.Job instance at 0x15525206feb0>,69,15,[6 2],70,555,570,485,555
1,<environment.Job instance at 0x15525206ff00>,70,27,[11  1],71,570,597,499,568
1,<environment.Job instance at 0x15525206fbe0>,71,22,[2 5],72,573,595,501,572
1,<environment.Job instance at 0x15525206fcd0>,72,23,[12  2],73,597,620,524,591
1,<environment.Job instance at 0x15525206f230>,73,2,[ 2 13],74,618,620,544,618
1,<environment.Job instance at 0x15525206f320>,74,1,[ 1 12],75,621,622,546,621
1,<environment.Job instance at 0x15525206f730>,75,21,[ 1 10],76,622,643,546,621
1,<environment.Job instance at 0x15525206fd20>,76,1,[ 2 12],77,643,644,566,630
1,<environment.Job instance at 0x15525206f0a0>,77,2,[2 6],78,644,646,566,638
1,<environment.Job instance at 0x15525206f4b0>,66,2,[14  1],67,639,641,572,639
1,<environment.Job instance at 0x15525206faa0>,79,26,[11  1],80,641,667,561,639
1,<environment.Job instance at 0x15525206f6e0>,78,17,[ 1 12],79,646,663,567,645
1,<environment.Job instance at 0x15525206f820>,81,24,[ 1 11],82,663,687,581,658
1,<environment.Job instance at 0x15525206f370>,82,19,[ 1 11],83,695,714,612,695
1,<environment.Job instance at 0x1552520574b0>,83,25,[ 1 14],84,714,739,630,710
1,<environment.Job instance at 0x155252057370>,84,24,[8 2],85,739,763,654,734
1,<environment.Job instance at 0x15525206fc30>,64,13,[14  2],65,763,776,698,762
1,<environment.Job instance at 0x155252057d70>,87,3,[14  1],88,776,779,688,767
1,<environment.Job instance at 0x155252057140>,88,22,[7 1],89,779,801,690,772
1,<environment.Job instance at 0x155252057e10>,89,23,[8 1],90,779,802,689,773
1,<environment.Job instance at 0x155252057eb0>,90,1,[11  2],91,802,803,711,775
1,<environment.Job instance at 0x15525206f050>,80,3,[ 1 12],81,801,804,720,784
1,<environment.Job instance at 0x155252057640>,93,22,[1 6],94,804,826,710,797
1,<environment.Job instance at 0x155252057fa0>,92,3,[ 1 11],93,826,829,733,801
1,<environment.Job instance at 0x155252057410>,95,1,[ 2 14],96,829,830,733,811
1,<environment.Job instance at 0x155252057190>,96,17,[ 1 13],97,830,847,733,822
1,<environment.Job instance at 0x1552520576e0>,99,27,[ 1 13],100,847,874,747,845
1,<environment.Job instance at 0x155252057730>,98,22,[1 7],99,874,896,775,867
1,<environment.Job instance at 0x155252057f00>,100,27,[2 8],101,874,901,773,872
1,<environment.Job instance at 0x1552811cfd20>,59,16,[ 2 14],60,901,917,841,898
1,<environment.Job instance at 0x155252057aa0>,104,25,[2 9],105,917,942,812,913
1,<environment.Job instance at 0x15525205e500>,105,22,[11  1],106,913,935,807,913
1,<environment.Job instance at 0x155252057780>,103,2,[ 2 12],104,942,944,838,927
1,<environment.Job instance at 0x15525205e780>,106,26,[ 2 11],107,944,970,837,941
1,<environment.Job instance at 0x15525205e370>,108,17,[13  1],109,954,971,845,954
1,<environment.Job instance at 0x15525205ef50>,110,21,[12  1],111,971,992,860,964
1,<environment.Job instance at 0x15525205e550>,111,21,[2 7],112,970,991,858,965
1,<environment.Job instance at 0x15525205e280>,112,27,[6 1],113,992,1019,879,990
1,<environment.Job instance at 0x15525205ed70>,107,14,[12  1],108,1020,1034,912,1020
1,<environment.Job instance at 0x15525205ea00>,114,21,[14  2],115,1034,1055,919,1026
1,<environment.Job instance at 0x15525205eaf0>,115,28,[ 2 12],116,1055,1083,939,1054
1,<environment.Job instance at 0x15525205ea50>,116,24,[10  2],117,1055,1079,938,1054
1,<environment.Job instance at 0x1552520570f0>,101,2,[ 2 12],102,1083,1085,981,1064
1,<environment.Job instance at 0x15525205e870>,117,13,[ 2 13],118,1085,1098,967,1078
1,<environment.Job instance at 0x15525205ebe0>,120,21,[ 2 10],121,1098,1119,977,1090
1,<environment.Job instance at 0x15525205eb90>,121,19,[12  1],122,1092,1111,970,1092
1,<environment.Job instance at 0x155252062550>,122,28,[ 2 14],123,1119,1147,996,1118
1,<environment.Job instance at 0x155252073be0>,45,3,[ 2 12],46,1147,1150,1101,1135
1,<environment.Job instance at 0x155252062960>,123,22,[ 1 12],124,1150,1172,1026,1143
1,<environment.Job instance at 0x155252062f00>,125,21,[ 1 14],126,1172,1193,1046,1165
1,<environment.Job instance at 0x15525205ec80>,119,3,[ 2 14],120,1193,1196,1073,1171
1,<environment.Job instance at 0x1552520620f0>,124,22,[1 9],125,1196,1218,1071,1191
1,<environment.Job instance at 0x15525205e050>,113,14,[12  2],114,1217,1231,1103,1217
1,<environment.Job instance at 0x155252062280>,127,12,[13  2],128,1255,1267,1127,1255
1,<environment.Job instance at 0x155252057cd0>,85,14,[ 2 13],86,1363,1377,1277,1363
1,<environment.Job instance at 0x155252677640>,0,19,[ 2 10],1,1,20,0,1
1,<environment.Job instance at 0x155252057cd0>,2,23,[11  1],3,8,31,5,8
1,<environment.Job instance at 0x155252057b40>,1,27,[ 1 14],2,20,47,18,18
1,<environment.Job instance at 0x1552523b1cd0>,10,19,[13  1],11,31,50,20,27
1,<environment.Job instance at 0x155285598f00>,13,27,[ 1 13],14,47,74,33,45
1,<environment.Job instance at 0x1552855981e0>,17,26,[12  1],18,65,91,47,65
1,<environment.Job instance at 0x155285598f50>,15,22,[ 1 13],16,74,96,58,69
1,<environment.Job instance at 0x1552523b1e10>,8,1,[12  2],9,91,92,82,83
1,<environment.Job instance at 0x15527c2f4eb0>,19,21,[13  1],20,92,113,72,84
1,<environment.Job instance at 0x15527c2f4550>,22,28,[14  2],23,113,141,90,112
1,<environment.Job instance at 0x15527c2f4cd0>,24,21,[1 8],25,113,134,88,113
1,<environment.Job instance at 0x15527c2f4910>,26,20,[ 1 11],27,135,155,108,135
1,<environment.Job instance at 0x15527c2f4780>,29,26,[12  1],30,141,167,111,139
1,<environment.Job instance at 0x15527c2f4960>,23,21,[13  1],24,167,188,143,164
1,<environment.Job instance at 0x15527c2f4230>,30,3,[ 1 13],31,181,184,150,181
1,<environment.Job instance at 0x15525210ef00>,31,26,[12  1],32,188,214,156,186
1,<environment.Job instance at 0x15525210e7d0>,35,18,[ 1 11],36,194,212,158,194
1,<environment.Job instance at 0x15525210ea50>,34,21,[14  1],35,214,235,179,206
1,<environment.Job instance at 0x15525210ef50>,37,1,[ 2 13],38,235,236,197,223
1,<environment.Job instance at 0x15528866b460>,42,21,[7 2],43,235,256,192,227
1,<environment.Job instance at 0x15528866b140>,43,28,[7 1],44,237,265,193,237
1,<environment.Job instance at 0x15528866b2d0>,45,20,[12  1],46,265,285,219,258
1,<environment.Job instance at 0x15528866bdc0>,46,25,[2 8],47,258,283,211,258
1,<environment.Job instance at 0x1552523b1780>,6,1,[ 1 14],7,283,284,276,269
1,<environment.Job instance at 0x15528866baf0>,49,1,[12  2],50,305,306,255,305
1,<environment.Job instance at 0x1552523b1960>,7,15,[12  1],8,335,350,327,335
1,<environment.Job instance at 0x15528122e460>,52,21,[13  1],53,350,371,297,343
1,<environment.Job instance at 0x15528122e960>,53,23,[11  1],54,371,394,317,366
1,<environment.Job instance at 0x15528122ebe0>,54,26,[2 5],55,367,393,312,367
1,<environment.Job instance at 0x15528122e5a0>,55,1,[13  2],56,399,400,343,399
1,<environment.Job instance at 0x15528122e870>,56,28,[ 2 13],57,399,427,342,399
1,<environment.Job instance at 0x15528122e690>,58,17,[11  1],59,434,451,375,434
1,<environment.Job instance at 0x15528866bc80>,48,15,[14  1],49,456,471,407,456
1,<environment.Job instance at 0x15525210e140>,38,16,[ 2 13],39,506,522,467,506
1,<environment.Job instance at 0x15528122eaa0>,62,28,[ 1 13],63,522,550,459,521
1,<environment.Job instance at 0x15528122ec80>,63,24,[2 8],64,550,574,486,545
1,<environment.Job instance at 0x15528122ef50>,59,2,[ 2 13],60,574,576,514,560
1,<environment.Job instance at 0x15528122e6e0>,65,22,[ 1 13],66,576,598,510,574
1,<environment.Job instance at 0x15528122e190>,66,21,[14  2],67,578,599,511,578
1,<environment.Job instance at 0x15528122e640>,69,23,[10  1],70,602,625,532,602
1,<environment.Job instance at 0x15528122e2d0>,64,17,[11  1],65,625,642,560,613
1,<environment.Job instance at 0x15527f7f6eb0>,73,22,[2 7],74,619,641,545,619
1,<environment.Job instance at 0x15527f7f6f50>,74,22,[14  2],75,642,664,567,635
1,<environment.Job instance at 0x15527f7f62d0>,75,22,[ 2 13],76,664,686,588,659
1,<environment.Job instance at 0x15528122ef00>,70,18,[13  2],71,679,697,608,679
1,<environment.Job instance at 0x15527f7f60f0>,79,27,[5 1],80,697,724,617,696
1,<environment.Job instance at 0x15527f7f6960>,81,19,[2 8],82,701,720,619,701
1,<environment.Job instance at 0x15527f7f6dc0>,84,23,[11  1],85,724,747,639,718
1,<environment.Job instance at 0x15527f7f6c80>,85,28,[9 2],86,747,775,661,746
1,<environment.Job instance at 0x15527f7f6280>,86,1,[ 1 12],87,769,770,682,769
1,<environment.Job instance at 0x15527f7f65a0>,87,3,[11  1],88,779,782,691,779
1,<environment.Job instance at 0x15527f7f6b90>,88,26,[2 6],89,779,805,690,779
1,<environment.Job instance at 0x15527f7f6d70>,89,20,[11  2],90,782,802,692,779
1,<environment.Job instance at 0x15527f7f6690>,90,25,[ 2 14],91,805,830,714,801
1,<environment.Job instance at 0x15527fa4eaa0>,93,25,[ 1 11],94,830,855,736,826
1,<environment.Job instance at 0x15527fa4ef00>,94,28,[6 1],95,827,855,732,827
1,<environment.Job instance at 0x15527fa4ecd0>,97,20,[9 1],98,855,875,757,854
1,<environment.Job instance at 0x15527fa4ed20>,98,27,[14  2],99,875,902,776,873
1,<environment.Job instance at 0x15528122e730>,61,12,[12  1],62,909,921,847,909
1,<environment.Job instance at 0x15527fa4ea00>,101,18,[ 2 11],102,916,934,814,916
1,<environment.Job instance at 0x15527fa4e690>,102,28,[14  2],103,934,962,831,933
1,<environment.Job instance at 0x15527f7f6af0>,78,16,[11  2],79,962,978,883,961
1,<environment.Job instance at 0x15527fa4eb90>,104,1,[ 2 13],105,973,974,868,973
1,<environment.Job instance at 0x15527fa4e820>,105,24,[7 1],106,978,1002,872,974
1,<environment.Job instance at 0x15527fa4e050>,108,21,[8 1],109,978,999,869,974
1,<environment.Job instance at 0x15527f2960f0>,109,27,[ 2 11],110,999,1026,889,997
1,<environment.Job instance at 0x15527f2963c0>,110,24,[7 2],111,1002,1026,891,997
1,<environment.Job instance at 0x15527f296f00>,111,28,[ 1 12],112,1026,1054,914,1025
1,<environment.Job instance at 0x15527f2b6c30>,112,28,[9 1],113,1026,1054,913,1025
1,<environment.Job instance at 0x15527f2b6140>,114,25,[13  2],115,1054,1079,939,1050
1,<environment.Job instance at 0x15527f2b6c80>,115,21,[ 2 13],116,1055,1076,939,1055
1,<environment.Job instance at 0x15527f2b6320>,117,20,[ 1 10],118,1076,1096,958,1070
1,<environment.Job instance at 0x15527fa4ee60>,99,3,[12  2],100,1107,1110,1007,1107
1,<environment.Job instance at 0x15527f2b68c0>,120,25,[11  2],121,1110,1135,989,1107
1,<environment.Job instance at 0x15527f2b6730>,122,21,[ 1 14],123,1135,1156,1012,1131
1,<environment.Job instance at 0x15527c104be0>,124,1,[ 2 13],125,1156,1157,1031,1152
1,<environment.Job instance at 0x15527c104f50>,125,18,[11  2],126,1156,1174,1030,1155
1,<environment.Job instance at 0x15527f2b6500>,119,13,[ 2 11],120,1160,1173,1040,1160
1,<environment.Job instance at 0x15528866b320>,50,15,[14  1],51,1179,1194,1128,1179
1,<environment.Job instance at 0x1552812c2d20>,127,16,[ 2 11],128,1225,1241,1097,1225
1,<environment.Job instance at 0x15525210ed70>,40,17,[11  1],41,1236,1253,1195,1236
1,<environment.Job instance at 0x15527fa4eaf0>,106,17,[14  1],107,1260,1277,1153,1260
1,<environment.Job instance at 0x1552813c4140>,0,20,[1 8],1,1,21,0,1
1,<environment.Job instance at 0x1552813c4a50>,2,18,[12  1],3,3,21,0,3
1,<environment.Job instance at 0x15527c29e820>,4,1,[10  1],5,21,22,16,5
1,<environment.Job instance at 0x15527c29ee60>,9,27,[8 1],10,22,49,12,20
1,<environment.Job instance at 0x15527c29e730>,10,28,[13  2],11,49,77,38,48
1,<environment.Job instance at 0x15527c29ef00>,5,21,[12  2],6,77,98,71,72
1,<environment.Job instance at 0x15527fa4eeb0>,1,16,[ 2 11],2,93,109,91,93
1,<environment.Job instance at 0x15527c2c4f00>,12,28,[10  1],13,98,126,85,97
1,<environment.Job instance at 0x15527c2c4b40>,15,2,[2 6],16,109,111,93,100
1,<environment.Job instance at 0x15527c2a3690>,16,21,[ 1 11],17,111,132,94,103
1,<environment.Job instance at 0x15527c2c4c80>,14,14,[11  2],15,126,140,111,119
1,<environment.Job instance at 0x15527c2a3c30>,17,26,[ 1 10],18,133,159,115,133
1,<environment.Job instance at 0x15527c2a3820>,19,24,[9 2],20,140,164,120,135
1,<environment.Job instance at 0x15527c29e0f0>,8,24,[11  1],9,164,188,155,160
1,<environment.Job instance at 0x15527c2a3af0>,21,18,[ 2 13],22,162,180,140,162
1,<environment.Job instance at 0x15527c2c4fa0>,13,1,[13  1],14,188,189,174,174
1,<environment.Job instance at 0x155252797550>,24,25,[ 1 11],25,180,205,155,176
1,<environment.Job instance at 0x15527c2a33c0>,26,23,[14  2],27,189,212,162,183
1,<environment.Job instance at 0x15527c2a3370>,27,1,[12  1],28,212,213,184,209
1,<environment.Job instance at 0x15527c2b9640>,28,23,[10  2],29,213,236,184,209
1,<environment.Job instance at 0x15527c2a3d70>,20,16,[ 1 13],21,235,251,214,235
1,<environment.Job instance at 0x155252354dc0>,30,19,[14  2],31,251,270,220,251
1,<environment.Job instance at 0x155252081140>,31,25,[5 2],32,270,295,238,266
1,<environment.Job instance at 0x15527c2a3cd0>,23,3,[14  1],24,295,298,271,273
1,<environment.Job instance at 0x15527c2b9460>,29,3,[ 1 12],30,284,287,254,284
1,<environment.Job instance at 0x155252094230>,34,18,[ 1 12],35,299,317,264,299
1,<environment.Job instance at 0x1552811d47d0>,35,26,[13  2],36,300,326,264,300
1,<environment.Job instance at 0x15527c2a3460>,32,17,[ 1 11],33,317,334,284,313
1,<environment.Job instance at 0x155252085140>,38,23,[6 2],39,326,349,287,320
1,<environment.Job instance at 0x155252085f50>,40,26,[14  2],41,349,375,308,346
1,<environment.Job instance at 0x1552811d1780>,41,25,[6 2],42,375,400,333,371
1,<environment.Job instance at 0x1552811d1500>,42,25,[ 2 10],43,375,400,332,372
1,<environment.Job instance at 0x155252085910>,43,20,[ 1 13],44,400,420,356,395
1,<environment.Job instance at 0x1552811af370>,44,1,[ 1 12],45,420,421,375,406
1,<environment.Job instance at 0x1552811b0820>,45,1,[ 1 14],46,421,422,375,416
1,<environment.Job instance at 0x155281208a50>,46,20,[1 5],47,422,442,375,417
1,<environment.Job instance at 0x155281208eb0>,47,21,[12  2],48,422,443,374,419
1,<environment.Job instance at 0x1552811ad0a0>,50,27,[5 2],51,443,470,392,441
1,<environment.Job instance at 0x155281195550>,52,20,[ 1 11],53,442,462,389,442
1,<environment.Job instance at 0x155281195e10>,53,2,[ 1 14],54,470,472,416,456
1,<environment.Job instance at 0x155281195fa0>,54,19,[ 1 11],55,472,491,417,466
1,<environment.Job instance at 0x1552811d4e10>,36,12,[ 2 14],37,491,503,454,478
1,<environment.Job instance at 0x1552520943c0>,33,15,[12  1],34,478,493,444,478
1,<environment.Job instance at 0x1552811de1e0>,57,18,[ 1 14],58,503,521,445,503
1,<environment.Job instance at 0x1552811deeb0>,56,3,[12  1],57,511,514,454,511
1,<environment.Job instance at 0x1552811b9140>,60,27,[12  1],61,514,541,453,512
1,<environment.Job instance at 0x1552811b91e0>,61,26,[14  1],62,541,567,479,538
1,<environment.Job instance at 0x1552811b9c30>,62,2,[14  1],63,567,569,504,542
1,<environment.Job instance at 0x1552811b92d0>,64,2,[12  1],65,569,571,504,554
1,<environment.Job instance at 0x1552811b96e0>,65,3,[ 1 12],66,560,563,494,560
1,<environment.Job instance at 0x1552811b9be0>,66,21,[ 1 14],67,563,584,496,560
1,<environment.Job instance at 0x1552811b9910>,67,22,[11  1],68,571,593,503,564
1,<environment.Job instance at 0x1552811de460>,55,17,[14  2],56,593,610,537,582
1,<environment.Job instance at 0x1552811b9500>,72,1,[2 6],73,610,611,537,599
1,<environment.Job instance at 0x1552811b9a50>,73,14,[12  2],74,610,624,536,605
1,<environment.Job instance at 0x15525234ea00>,74,23,[12  1],75,624,647,549,618
1,<environment.Job instance at 0x15525234eb40>,75,24,[ 2 13],76,619,643,543,619
1,<environment.Job instance at 0x15525234ecd0>,76,2,[12  1],77,647,649,570,647
1,<environment.Job instance at 0x15525234ec80>,77,19,[12  1],78,649,668,571,648
1,<environment.Job instance at 0x1552811b9eb0>,70,16,[12  2],71,668,684,597,658
1,<environment.Job instance at 0x15525234ed20>,79,2,[5 2],80,684,686,604,664
1,<environment.Job instance at 0x15525234edc0>,81,28,[12  2],82,686,714,604,685
1,<environment.Job instance at 0x15525234efa0>,82,26,[2 8],83,686,712,603,686
1,<environment.Job instance at 0x15525233f370>,86,1,[ 2 11],87,712,713,625,708
1,<environment.Job instance at 0x1552811b9550>,63,18,[12  2],64,714,732,650,709
1,<environment.Job instance at 0x15525233f3c0>,89,3,[ 1 11],90,729,732,639,729
1,<environment.Job instance at 0x15525233f460>,90,20,[14  1],91,732,752,641,729
1,<environment.Job instance at 0x15525233f320>,88,1,[ 1 12],89,732,733,643,729
1,<environment.Job instance at 0x15525233f5a0>,92,25,[1 7],93,733,758,640,729
1,<environment.Job instance at 0x15525233f190>,94,2,[ 1 12],95,758,760,663,758
1,<environment.Job instance at 0x15525233f500>,91,15,[ 1 12],92,766,781,674,766
1,<environment.Job instance at 0x15525233fa50>,97,25,[ 1 12],98,781,806,683,777
1,<environment.Job instance at 0x15525233faf0>,98,2,[14  1],99,782,784,683,782
1,<environment.Job instance at 0x15525233fc30>,99,23,[11  1],100,784,807,684,782
1,<environment.Job instance at 0x15525233fd20>,100,27,[14  2],101,807,834,706,805
1,<environment.Job instance at 0x15525233fdc0>,101,25,[ 2 13],102,834,859,732,832
1,<environment.Job instance at 0x15525233fcd0>,102,28,[5 2],103,834,862,731,833
1,<environment.Job instance at 0x15525233feb0>,103,13,[14  2],104,862,875,758,858
1,<environment.Job instance at 0x15525233fbe0>,104,2,[11  1],105,875,877,770,870
1,<environment.Job instance at 0x15525233fb90>,105,25,[ 2 14],106,875,900,769,871
1,<environment.Job instance at 0x15525233ff50>,106,26,[ 2 11],107,900,926,793,897
1,<environment.Job instance at 0x155252371140>,107,21,[ 1 10],108,926,947,818,919
1,<environment.Job instance at 0x1552523711e0>,108,28,[12  1],109,919,947,810,919
1,<environment.Job instance at 0x155252371320>,110,26,[ 1 13],111,947,973,836,945
1,<environment.Job instance at 0x1552523713c0>,111,3,[ 2 11],112,973,976,861,953
1,<environment.Job instance at 0x155252371460>,112,23,[1 6],113,976,999,863,970
1,<environment.Job instance at 0x15527fa4eaf0>,6,14,[ 1 12],7,999,1013,992,991
1,<environment.Job instance at 0x15527c2a35f0>,22,1,[13  1],23,1014,1015,991,1014
1,<environment.Job instance at 0x155252371780>,117,3,[13  1],118,1016,1019,898,1016
1,<environment.Job instance at 0x155252371550>,121,24,[ 2 10],122,1016,1040,894,1016
1,<environment.Job instance at 0x155252371b40>,122,27,[ 1 10],123,1040,1067,917,1038
1,<environment.Job instance at 0x155252371af0>,120,25,[5 1],121,1039,1064,918,1039
1,<environment.Job instance at 0x155252371a00>,125,27,[6 1],126,1039,1066,913,1039
1,<environment.Job instance at 0x155252371e60>,128,25,[ 1 13],129,1067,1092,938,1063
1,<environment.Job instance at 0x1552523716e0>,116,20,[ 1 13],117,1096,1116,979,1096
1,<environment.Job instance at 0x155252371dc0>,127,1,[ 2 12],128,1158,1159,1030,1158
1,<environment.Job instance at 0x15525233f780>,93,3,[ 1 14],94,1290,1293,1196,1290
1,<environment.Job instance at 0x15525233f910>,96,12,[ 1 13],97,1301,1313,1204,1301
1,<environment.Job instance at 0x15525236eaa0>,0,27,[ 1 12],1,1,28,0,1
1,<environment.Job instance at 0x15525233f640>,3,21,[13  1],4,4,25,0,4
1,<environment.Job instance at 0x15527f76da00>,5,23,[11  1],6,25,48,19,23
1,<environment.Job instance at 0x15527f76acd0>,8,27,[ 1 14],9,28,55,19,26
1,<environment.Job instance at 0x15525233f910>,2,20,[2 7],3,55,75,52,47
1,<environment.Job instance at 0x15527f76a550>,10,25,[ 2 10],11,75,100,64,71
1,<environment.Job instance at 0x15527f76a1e0>,11,26,[14  1],12,100,126,88,97
1,<environment.Job instance at 0x15525236ea00>,1,13,[ 2 14],2,126,139,124,113
1,<environment.Job instance at 0x15527f76de10>,7,21,[ 1 12],8,139,160,131,133
1,<environment.Job instance at 0x15527f76a460>,17,23,[8 2],18,139,162,121,134
1,<environment.Job instance at 0x15527f76a0f0>,9,3,[ 1 13],10,160,163,150,156
1,<environment.Job instance at 0x15527f76ab90>,20,23,[14  2],21,162,185,141,156
1,<environment.Job instance at 0x15527f76a230>,22,20,[2 6],23,185,205,162,179
1,<environment.Job instance at 0x15527f76a780>,23,23,[6 1],24,185,208,161,179
1,<environment.Job instance at 0x15527f76a280>,24,2,[1 8],25,185,187,160,185
1,<environment.Job instance at 0x15528128bf50>,25,26,[6 2],26,187,213,161,186
1,<environment.Job instance at 0x15528128b3c0>,26,22,[2 8],27,205,227,178,198
1,<environment.Job instance at 0x15527f76d9b0>,6,18,[ 1 13],7,227,245,220,225
1,<environment.Job instance at 0x15528128b8c0>,29,24,[9 1],30,227,251,197,227
1,<environment.Job instance at 0x15528128b280>,31,20,[14  2],32,251,271,219,242
1,<environment.Job instance at 0x15528128ba00>,32,27,[1 7],33,245,272,212,243
1,<environment.Job instance at 0x15528128b910>,34,3,[12  2],35,271,274,236,263
1,<environment.Job instance at 0x15528128b1e0>,35,28,[ 1 12],36,272,300,236,271
1,<environment.Job instance at 0x15528128b550>,36,27,[ 1 13],37,300,327,263,299
1,<environment.Job instance at 0x15528128b410>,38,22,[14  1],39,299,321,260,299
1,<environment.Job instance at 0x15527f76a9b0>,14,18,[12  2],15,321,339,306,316
1,<environment.Job instance at 0x15528128b780>,42,21,[1 7],43,329,350,286,329
1,<environment.Job instance at 0x15528128b690>,43,3,[2 8],44,339,342,295,339
1,<environment.Job instance at 0x15528128b230>,44,16,[5 2],45,342,358,297,339
1,<environment.Job instance at 0x15528128b500>,27,15,[ 1 12],28,350,365,322,340
1,<environment.Job instance at 0x15528128b6e0>,46,24,[5 1],47,342,366,295,341
1,<environment.Job instance at 0x1552812a60f0>,49,27,[ 2 11],50,365,392,315,363
1,<environment.Job instance at 0x1552812a6eb0>,50,23,[ 1 12],51,392,415,341,386
1,<environment.Job instance at 0x1552812a6f00>,52,25,[12  1],53,390,415,337,390
1,<environment.Job instance at 0x15527f76a370>,19,1,[11  2],20,415,416,395,402
1,<environment.Job instance at 0x1552812a6190>,54,27,[12  1],55,416,443,361,414
1,<environment.Job instance at 0x1552812a62d0>,57,27,[2 8],58,415,442,357,415
1,<environment.Job instance at 0x1552812a66e0>,53,25,[6 1],54,443,468,389,439
1,<environment.Job instance at 0x1552812a65f0>,58,19,[2 9],59,442,461,383,440
1,<environment.Job instance at 0x1552812a6460>,60,14,[ 1 13],61,461,475,400,451
1,<environment.Job instance at 0x1552812a6d20>,63,22,[7 2],64,468,490,404,461
1,<environment.Job instance at 0x1552812a6050>,61,2,[ 1 12],62,485,487,423,485
1,<environment.Job instance at 0x1552812a6cd0>,65,19,[12  2],66,490,509,424,488
1,<environment.Job instance at 0x1552812a68c0>,64,2,[11  1],65,509,511,444,496
1,<environment.Job instance at 0x15528128bd20>,41,19,[ 1 13],42,500,519,458,500
1,<environment.Job instance at 0x1552812a6b90>,62,17,[11  2],63,511,528,448,501
1,<environment.Job instance at 0x15525207f910>,71,23,[12  1],72,528,551,456,522
1,<environment.Job instance at 0x15525207f5f0>,72,27,[ 1 13],73,522,549,449,522
1,<environment.Job instance at 0x15525207f190>,70,25,[ 1 14],71,549,574,478,546
1,<environment.Job instance at 0x15525207f320>,73,19,[13  1],74,551,570,477,549
1,<environment.Job instance at 0x15525207fd70>,78,24,[ 2 14],79,574,598,495,569
1,<environment.Job instance at 0x15525207f780>,79,21,[14  2],80,598,619,518,590
1,<environment.Job instance at 0x1552812a6230>,66,2,[12  2],67,619,621,552,602
1,<environment.Job instance at 0x15525207f500>,80,23,[2 6],81,619,642,538,613
1,<environment.Job instance at 0x15525207f870>,81,21,[14  2],82,642,663,560,634
1,<environment.Job instance at 0x15525207f960>,83,1,[ 1 11],84,668,669,584,668
1,<environment.Job instance at 0x15525207faa0>,84,28,[ 1 12],85,669,697,584,668
1,<environment.Job instance at 0x15525207f230>,85,26,[14  1],86,669,695,583,669
1,<environment.Job instance at 0x15525207fc30>,86,26,[2 9],87,697,723,610,694
1,<environment.Job instance at 0x1552812c0fa0>,88,2,[5 2],89,709,711,620,709
1,<environment.Job instance at 0x15527f6f6f00>,89,15,[ 2 11],90,741,756,651,741
1,<environment.Job instance at 0x15527f6f6a50>,91,25,[8 1],92,744,769,652,744
1,<environment.Job instance at 0x15527f6f68c0>,92,26,[ 1 11],93,756,782,663,753
1,<environment.Job instance at 0x15527f6f6b90>,93,24,[11  1],94,769,793,675,764
1,<environment.Job instance at 0x15527f6f6c80>,95,14,[8 1],96,793,807,697,786
1,<environment.Job instance at 0x15527f6f6780>,96,28,[7 2],97,793,821,696,792
1,<environment.Job instance at 0x15527f6f6be0>,98,22,[ 1 11],99,807,829,708,800
1,<environment.Job instance at 0x15527f6f6aa0>,100,28,[1 6],101,829,857,728,828
1,<environment.Job instance at 0x15527f6f66e0>,101,23,[13  2],102,828,851,726,828
1,<environment.Job instance at 0x15527f6f6500>,102,1,[2 9],103,851,852,748,830
1,<environment.Job instance at 0x15527f6f6c30>,103,27,[1 6],104,852,879,748,850
1,<environment.Job instance at 0x15527f6f60a0>,104,2,[12  2],105,873,875,768,873
1,<environment.Job instance at 0x15527f6f6640>,105,22,[12  1],106,875,897,769,873
1,<environment.Job instance at 0x15527f6f6140>,106,21,[12  2],107,897,918,790,892
1,<environment.Job instance at 0x15527f6f69b0>,108,24,[9 1],109,918,942,809,914
1,<environment.Job instance at 0x1552527b0eb0>,109,15,[5 2],110,918,933,808,915
1,<environment.Job instance at 0x1552527b0550>,110,3,[12  1],111,942,945,831,922
1,<environment.Job instance at 0x1552527b0b90>,111,1,[13  2],112,945,946,833,934
1,<environment.Job instance at 0x1552527b00f0>,112,26,[5 2],113,946,972,833,943
1,<environment.Job instance at 0x15525207f6e0>,82,15,[ 2 13],83,958,973,875,958
1,<environment.Job instance at 0x1552527b0370>,115,21,[6 2],116,972,993,856,964
1,<environment.Job instance at 0x1552527b0aa0>,117,22,[12  1],118,993,1015,875,986
1,<environment.Job instance at 0x1552527b0870>,118,27,[1 7],119,986,1013,867,986
1,<environment.Job instance at 0x1552527b00a0>,120,24,[ 1 11],121,1013,1037,892,1008
1,<environment.Job instance at 0x1552527b0730>,121,15,[7 1],122,1015,1030,893,1009
1,<environment.Job instance at 0x1552527b0fa0>,122,28,[ 2 12],123,1037,1065,914,1036
1,<environment.Job instance at 0x1552527b0a50>,123,19,[11  2],124,1037,1056,913,1037
1,<environment.Job instance at 0x1552527b0960>,113,15,[11  2],114,1062,1077,948,1062
1,<environment.Job instance at 0x1552527b0500>,126,19,[14  1],127,1077,1096,950,1068
1,<environment.Job instance at 0x1552527b0c30>,127,3,[ 2 11],128,1096,1099,968,1080
1,<environment.Job instance at 0x15528128ea50>,128,26,[1 5],129,1099,1125,970,1096
1,<environment.Job instance at 0x1552527b0dc0>,125,12,[13  2],126,1105,1117,979,1105
1,<environment.Job instance at 0x15527f76a7d0>,18,15,[13  1],19,1125,1140,1106,1125
1,<environment.Job instance at 0x15525207f370>,75,16,[14  2],76,1140,1156,1064,1140
1,<environment.Job instance at 0x15525207ffa0>,74,14,[13  2],75,1352,1366,1277,1352
1,<environment.Job instance at 0x155252797960>,2,17,[9 1],3,3,20,0,3
1,<environment.Job instance at 0x1552527979b0>,3,28,[12  2],4,20,48,16,19
1,<environment.Job instance at 0x15527c1c5be0>,8,25,[ 1 13],9,21,46,12,21
1,<environment.Job instance at 0x15525207ffa0>,4,18,[ 2 11],5,46,64,41,37
1,<environment.Job instance at 0x155252369140>,1,2,[13  1],2,60,62,58,60
1,<environment.Job instance at 0x15527c1c56e0>,13,28,[2 8],14,64,92,50,63
1,<environment.Job instance at 0x15527c1c5050>,14,26,[14  1],15,92,118,77,89
1,<environment.Job instance at 0x15527c1c5820>,15,22,[ 2 10],16,118,140,102,111
1,<environment.Job instance at 0x15527c1bb280>,18,1,[13  1],19,118,119,99,111
1,<environment.Job instance at 0x15527c1bb6e0>,19,26,[ 1 14],20,140,166,120,137
1,<environment.Job instance at 0x15527c1bb780>,21,27,[13  1],22,139,166,117,139
1,<environment.Job instance at 0x15527c1bbf50>,17,1,[14  1],18,166,167,148,160
1,<environment.Job instance at 0x1552527970f0>,0,2,[14  1],1,167,169,166,165
1,<environment.Job instance at 0x15527c1bbd70>,24,1,[7 2],25,170,171,145,170
1,<environment.Job instance at 0x15527c1bf9b0>,29,22,[11  2],30,176,198,146,176
1,<environment.Job instance at 0x155251fe08c0>,30,27,[2 9],31,176,203,145,176
1,<environment.Job instance at 0x1552866a22d0>,31,14,[11  2],32,206,220,174,206
1,<environment.Job instance at 0x155251fe0960>,32,27,[ 1 10],33,206,233,173,206
1,<environment.Job instance at 0x15527c1bf230>,27,3,[14  1],28,220,223,192,213
1,<environment.Job instance at 0x1552527ba870>,16,2,[ 2 11],17,233,235,216,218
1,<environment.Job instance at 0x155286675f00>,34,3,[ 1 13],35,235,238,200,232
1,<environment.Job instance at 0x155251fcc730>,36,1,[13  1],37,232,233,195,232
1,<environment.Job instance at 0x155251fcc3c0>,38,23,[ 2 11],39,238,261,199,233
1,<environment.Job instance at 0x155252515050>,40,21,[12  2],41,235,256,194,235
1,<environment.Job instance at 0x155251fe0c30>,33,17,[ 2 14],34,261,278,227,257
1,<environment.Job instance at 0x155251f7d8c0>,37,13,[12  1],38,260,273,222,260
1,<environment.Job instance at 0x1552866700f0>,46,20,[7 2],47,278,298,231,269
1,<environment.Job instance at 0x15528668ebe0>,45,26,[1 8],46,278,304,232,275
1,<environment.Job instance at 0x155251f92870>,50,23,[12  1],51,298,321,247,294
1,<environment.Job instance at 0x15528126e4b0>,49,18,[ 2 14],50,311,329,261,311
1,<environment.Job instance at 0x155252506640>,52,20,[1 8],53,329,349,276,320
1,<environment.Job instance at 0x155252506be0>,53,24,[ 1 14],54,349,373,295,345
1,<environment.Job instance at 0x155252506eb0>,54,28,[13  2],55,373,401,318,372
1,<environment.Job instance at 0x1552524ffa50>,55,19,[11  2],56,401,420,345,391
1,<environment.Job instance at 0x1552524fff50>,56,22,[ 2 13],57,391,413,334,391
1,<environment.Job instance at 0x1552524ffcd0>,57,26,[11  1],58,420,446,362,417
1,<environment.Job instance at 0x1552524ffaf0>,58,12,[ 2 11],59,454,466,395,454
1,<environment.Job instance at 0x1552524fffa0>,59,19,[ 1 10],60,466,485,406,457
1,<environment.Job instance at 0x1552524ffe10>,61,17,[ 2 13],62,485,502,423,475
1,<environment.Job instance at 0x155252513410>,62,28,[12  2],63,475,503,412,475
1,<environment.Job instance at 0x155252513aa0>,64,18,[10  2],65,503,521,438,493
1,<environment.Job instance at 0x155252513a00>,65,27,[1 8],66,502,529,436,500
1,<environment.Job instance at 0x1552525137d0>,67,25,[ 1 10],68,529,554,461,525
1,<environment.Job instance at 0x155252513960>,68,28,[10  1],69,525,553,456,525
1,<environment.Job instance at 0x155252513550>,69,21,[13  2],70,553,574,483,545
1,<environment.Job instance at 0x155252513c80>,70,1,[7 2],71,574,575,503,547
1,<environment.Job instance at 0x155252513d20>,71,27,[2 5],72,554,581,482,553
1,<environment.Job instance at 0x155281259b40>,51,15,[ 1 12],52,584,599,532,584
1,<environment.Job instance at 0x155281252820>,75,28,[ 2 13],76,599,627,523,598
1,<environment.Job instance at 0x1552812528c0>,76,27,[ 2 13],77,627,654,550,625
1,<environment.Job instance at 0x155281252960>,77,21,[11  1],78,626,647,548,626
1,<environment.Job instance at 0x155252513460>,73,14,[11  2],74,657,671,583,657
1,<environment.Job instance at 0x155281252b40>,80,15,[13  1],81,671,686,590,657
1,<environment.Job instance at 0x155281252be0>,81,27,[ 1 11],82,657,684,575,657
1,<environment.Job instance at 0x155252515fa0>,41,3,[ 1 14],42,689,692,647,689
1,<environment.Job instance at 0x155281252d20>,83,20,[1 8],84,692,712,608,689
1,<environment.Job instance at 0x155281252dc0>,84,23,[ 2 14],85,712,735,627,706
1,<environment.Job instance at 0x155281252e60>,85,25,[11  1],86,706,731,620,706
1,<environment.Job instance at 0x155281252c80>,82,16,[12  2],83,738,754,655,738
1,<environment.Job instance at 0x15528125a280>,89,28,[2 5],90,740,768,650,740
1,<environment.Job instance at 0x155281252aa0>,79,2,[14  2],80,781,783,701,781
1,<environment.Job instance at 0x15528125a0f0>,91,27,[ 2 14],92,783,810,691,781
1,<environment.Job instance at 0x15528125a370>,92,28,[14  1],93,810,838,717,809
1,<environment.Job instance at 0x15527c1bb9b0>,28,13,[ 2 12],29,838,851,809,825
1,<environment.Job instance at 0x15528125a730>,95,22,[7 2],96,838,860,742,831
1,<environment.Job instance at 0x15528125a690>,97,22,[ 2 11],98,851,873,753,844
1,<environment.Job instance at 0x15528125a7d0>,98,28,[8 1],99,860,888,761,859
1,<environment.Job instance at 0x15528125a870>,99,23,[5 1],100,859,882,759,859
1,<environment.Job instance at 0x15528125a910>,100,24,[ 2 11],101,873,897,772,869
1,<environment.Job instance at 0x155281252690>,87,17,[ 2 12],88,897,914,809,894
1,<environment.Job instance at 0x15528125ac80>,104,22,[2 8],105,914,936,809,908
1,<environment.Job instance at 0x15528125ad20>,105,24,[1 9],106,936,960,830,932
1,<environment.Job instance at 0x15528125acd0>,106,19,[10  1],107,933,952,826,933
1,<environment.Job instance at 0x15528125aaf0>,103,18,[ 1 11],104,960,978,856,952
1,<environment.Job instance at 0x15528125ad70>,107,19,[ 2 11],108,978,997,870,976
1,<environment.Job instance at 0x15528125a1e0>,90,13,[ 1 11],91,997,1010,906,989
1,<environment.Job instance at 0x15528125a3c0>,94,13,[12  1],95,994,1007,899,994
1,<environment.Job instance at 0x1552812682d0>,114,15,[13  1],115,1009,1024,894,1009
1,<environment.Job instance at 0x1552812684b0>,117,22,[13  1],118,1024,1046,906,1017
1,<environment.Job instance at 0x15528125aeb0>,109,2,[13  1],110,1047,1049,937,1047
1,<environment.Job instance at 0x15528125ae10>,108,15,[12  2],109,1052,1067,943,1052
1,<environment.Job instance at 0x155281268730>,121,28,[13  1],122,1067,1095,945,1066
1,<environment.Job instance at 0x155281268690>,120,3,[ 1 12],121,1080,1083,959,1080
1,<environment.Job instance at 0x155281268870>,123,23,[10  1],124,1095,1118,971,1089
1,<environment.Job instance at 0x155281268910>,124,20,[ 2 10],125,1092,1112,967,1092
1,<environment.Job instance at 0x155281268a50>,126,22,[5 2],127,1112,1134,985,1105
1,<environment.Job instance at 0x155281268410>,116,17,[ 1 13],117,1118,1135,1001,1115
1,<environment.Job instance at 0x155281268b90>,128,26,[12  2],129,1134,1160,1005,1131
1,<environment.Job instance at 0x1552812687d0>,122,20,[14  2],123,1160,1180,1037,1157
1,<environment.Job instance at 0x155281268af0>,127,2,[ 1 14],128,1194,1196,1066,1194
1,<environment.Job instance at 0x1552812685f0>,119,3,[12  1],120,1242,1245,1122,1242
1,<environment.Job instance at 0x15525207fd20>,5,13,[ 2 11],6,1794,1807,1788,1794
1,<environment.Job instance at 0x15527c1c5d20>,4,28,[6 2],5,5,33,0,5
1,<environment.Job instance at 0x15527f7ff320>,5,28,[1 7],6,6,34,0,6
1,<environment.Job instance at 0x15527f7ffeb0>,10,20,[5 2],11,12,32,1,12
1,<environment.Job instance at 0x15527f7fffa0>,13,19,[ 1 13],14,34,53,20,27
1,<environment.Job instance at 0x15527f7ff9b0>,7,3,[ 2 11],8,53,56,45,43
1,<environment.Job instance at 0x15527f7ff3c0>,17,26,[7 1],18,44,70,26,44
1,<environment.Job instance at 0x15525212ea50>,20,23,[ 1 10],21,56,79,35,55
1,<environment.Job instance at 0x15525212e3c0>,21,23,[6 2],22,64,87,42,64
1,<environment.Job instance at 0x15527f7ff4b0>,18,24,[13  1],19,87,111,68,82
1,<environment.Job instance at 0x15527f7ffc30>,6,21,[ 1 11],7,85,106,78,85
1,<environment.Job instance at 0x15527f7ff460>,12,21,[ 1 14],13,106,127,93,105
1,<environment.Job instance at 0x15525212e9b0>,29,17,[13  1],30,117,134,87,117
1,<environment.Job instance at 0x15525212ebe0>,23,19,[ 1 13],24,127,146,103,126
1,<environment.Job instance at 0x15525212ed20>,31,28,[11  2],32,134,162,102,133
1,<environment.Job instance at 0x15525212e320>,25,18,[ 1 12],26,146,164,120,135
1,<environment.Job instance at 0x15525212ee60>,33,28,[ 2 11],34,164,192,130,163
1,<environment.Job instance at 0x15525212e8c0>,35,23,[10  2],36,169,192,133,169
1,<environment.Job instance at 0x15525212eb40>,36,28,[ 2 12],37,192,220,155,191
1,<environment.Job instance at 0x15527c27a190>,38,23,[1 9],39,220,243,181,214
1,<environment.Job instance at 0x15527c27a500>,39,23,[ 1 11],40,243,266,203,237
1,<environment.Job instance at 0x15527c27a8c0>,40,18,[11  2],41,241,259,200,241
1,<environment.Job instance at 0x15527c27a780>,41,1,[11  1],42,266,267,224,266
1,<environment.Job instance at 0x15525212e6e0>,28,2,[ 1 14],29,270,272,241,270
1,<environment.Job instance at 0x15527c27a730>,43,2,[11  2],44,286,288,242,286
1,<environment.Job instance at 0x15527c27af00>,44,27,[2 5],45,286,313,241,286
1,<environment.Job instance at 0x15527c27a690>,46,21,[ 1 12],47,313,334,266,305
1,<environment.Job instance at 0x15527c27a140>,48,20,[8 2],49,306,326,257,306
1,<environment.Job instance at 0x15527c27ac80>,50,27,[ 1 11],51,334,361,283,332
1,<environment.Job instance at 0x15527c27a320>,52,20,[13  1],53,339,359,286,339
1,<environment.Job instance at 0x15527c27a550>,42,18,[ 1 13],43,361,379,318,353
1,<environment.Job instance at 0x15527c27aaf0>,55,24,[5 1],56,359,383,303,358
1,<environment.Job instance at 0x15527c2c6640>,56,24,[1 8],57,379,403,322,375
1,<environment.Job instance at 0x15527c2c6500>,57,16,[10  1],58,383,399,325,379
1,<environment.Job instance at 0x15527c2c67d0>,59,3,[ 2 11],60,403,406,343,396
1,<environment.Job instance at 0x15527c2c6230>,60,21,[ 1 14],61,406,427,345,399
1,<environment.Job instance at 0x15525212e690>,30,14,[11  1],31,404,418,373,404
1,<environment.Job instance at 0x15527c2c6c80>,62,19,[13  1],63,418,437,355,411
1,<environment.Job instance at 0x15527c2c6fa0>,63,21,[ 2 12],64,427,448,363,420
1,<environment.Job instance at 0x15527c2c68c0>,61,12,[11  1],62,440,452,378,440
1,<environment.Job instance at 0x15527c2c6320>,65,3,[13  2],66,452,455,386,446
1,<environment.Job instance at 0x15527c2c6460>,66,25,[12  2],67,455,480,388,451
1,<environment.Job instance at 0x15527c2c6be0>,68,25,[7 2],69,480,505,411,476
1,<environment.Job instance at 0x15527c2c6a50>,69,18,[13  1],70,505,523,435,494
1,<environment.Job instance at 0x15525212ef00>,24,19,[ 1 13],25,498,517,473,498
1,<environment.Job instance at 0x15527c2c66e0>,72,1,[14  1],73,524,525,451,524
1,<environment.Job instance at 0x15527c2c6cd0>,70,2,[11  2],71,528,530,457,528
1,<environment.Job instance at 0x15528209f0f0>,74,3,[ 1 11],75,531,534,456,531
1,<environment.Job instance at 0x15527c27ab90>,53,1,[ 2 12],54,552,553,498,552
1,<environment.Job instance at 0x15528209fb40>,76,19,[11  2],77,553,572,476,553
1,<environment.Job instance at 0x15528209f5f0>,75,2,[12  1],76,572,574,496,569
1,<environment.Job instance at 0x15528209fb90>,78,23,[13  1],79,574,597,495,569
1,<environment.Job instance at 0x15528209f050>,80,19,[14  2],81,597,616,516,591
1,<environment.Job instance at 0x15528209f550>,81,21,[10  1],82,616,637,534,608
1,<environment.Job instance at 0x15528209f9b0>,83,21,[ 1 11],84,629,650,545,629
1,<environment.Job instance at 0x15528209fe10>,84,21,[1 9],85,650,671,565,642
1,<environment.Job instance at 0x15528209f640>,85,3,[2 8],86,671,674,585,667
1,<environment.Job instance at 0x15528209f230>,87,20,[ 2 12],88,675,695,587,675
1,<environment.Job instance at 0x15528209fd20>,89,3,[ 2 10],90,695,698,605,680
1,<environment.Job instance at 0x15528209faa0>,90,28,[5 2],91,682,710,591,682
1,<environment.Job instance at 0x15527c2c6b40>,73,15,[11  2],74,710,725,636,697
1,<environment.Job instance at 0x1552812c85a0>,93,25,[13  2],94,725,750,631,721
1,<environment.Job instance at 0x1552812c8a50>,92,2,[14  2],93,750,752,657,742
1,<environment.Job instance at 0x15528209f730>,77,1,[12  2],78,775,776,697,775
1,<environment.Job instance at 0x1552812c85f0>,96,24,[1 8],97,775,799,678,775
1,<environment.Job instance at 0x1552812c8c80>,97,23,[ 1 12],98,799,822,701,793
1,<environment.Job instance at 0x15525212e640>,32,13,[14  1],33,822,835,789,822
1,<environment.Job instance at 0x1552812c87d0>,99,3,[9 2],100,835,838,735,825
1,<environment.Job instance at 0x1552812c8730>,100,23,[9 1],101,838,861,737,832
1,<environment.Job instance at 0x1552812c8370>,101,26,[1 5],102,832,858,730,832
1,<environment.Job instance at 0x1552812c8960>,95,15,[ 1 13],96,868,883,772,868
1,<environment.Job instance at 0x1552812c8910>,103,22,[ 1 13],104,883,905,779,878
1,<environment.Job instance at 0x1552812c8050>,106,20,[8 2],107,885,905,778,885
1,<environment.Job instance at 0x1552812c8640>,107,1,[ 2 10],108,905,906,797,887
1,<environment.Job instance at 0x1552812c8b90>,108,24,[ 2 12],109,906,930,797,901
1,<environment.Job instance at 0x1552812c8e60>,109,24,[14  1],110,930,954,820,925
1,<environment.Job instance at 0x1552812c8c30>,112,14,[11  1],113,954,968,841,947
1,<environment.Job instance at 0x1552865b8d70>,113,22,[7 2],114,968,990,854,961
1,<environment.Job instance at 0x1552865b8820>,114,24,[2 7],115,961,985,846,961
1,<environment.Job instance at 0x1552865b8c30>,115,25,[2 6],116,961,986,845,961
1,<environment.Job instance at 0x1552865b8af0>,116,21,[2 9],117,986,1007,869,983
1,<environment.Job instance at 0x1552865b85a0>,117,14,[14  1],118,1007,1021,889,997
1,<environment.Job instance at 0x1552865b8460>,118,16,[11  1],119,1024,1040,905,1024
1,<environment.Job instance at 0x1552865b8050>,119,20,[14  2],120,1040,1060,920,1033
1,<environment.Job instance at 0x1552865b83c0>,120,2,[13  1],121,1060,1062,939,1042
1,<environment.Job instance at 0x1552865b8cd0>,121,1,[11  1],122,1062,1063,940,1042
1,<environment.Job instance at 0x1552865b8b90>,122,2,[11  1],123,1063,1065,940,1047
1,<environment.Job instance at 0x1552865b8780>,123,21,[8 2],124,1065,1086,941,1057
1,<environment.Job instance at 0x1552865b84b0>,124,2,[12  2],125,1086,1088,961,1079
1,<environment.Job instance at 0x1552865b80a0>,125,18,[ 1 14],126,1088,1106,962,1085
1,<environment.Job instance at 0x1552521efe10>,126,2,[10  1],127,1088,1090,961,1086
1,<environment.Job instance at 0x155285c69dc0>,127,14,[ 1 14],128,1106,1120,978,1097
1,<environment.Job instance at 0x15525277dc80>,128,17,[ 1 11],129,1120,1137,991,1118
1,<environment.Job instance at 0x1552812c86e0>,98,13,[ 2 12],99,1176,1189,1077,1176
1,<environment.Job instance at 0x1552812c8d20>,102,16,[ 2 12],103,1266,1282,1163,1266
1,<environment.Job instance at 0x15527c2c6aa0>,64,13,[ 2 14],65,1507,1520,1442,1507
1,<environment.Job instance at 0x1552812c8be0>,94,13,[ 1 13],95,2043,2056,1948,2043
1,<environment.Job instance at 0x1497acbd5b90>,0,24,[ 1 10],1,2,26,1,2
1,<environment.Job instance at 0x1497a38186e0>,4,24,[6 1],5,5,29,0,5
1,<environment.Job instance at 0x1497a3818640>,5,25,[7 1],6,6,31,0,6
1,<environment.Job instance at 0x1497a3818d70>,12,22,[2 6],13,26,48,13,19
1,<environment.Job instance at 0x1497a3818690>,8,2,[2 5],9,29,31,20,25
1,<environment.Job instance at 0x1497a3818eb0>,13,27,[1 8],14,31,58,17,29
1,<environment.Job instance at 0x1497a3818fa0>,15,24,[ 2 13],16,58,82,42,53
1,<environment.Job instance at 0x1497a3818f00>,14,3,[14  2],15,54,57,39,54
1,<environment.Job instance at 0x1497a3818f50>,16,19,[ 1 12],17,82,101,65,81
1,<environment.Job instance at 0x1497acbd5aa0>,2,18,[ 1 12],3,101,119,98,92
1,<environment.Job instance at 0x1497a38193c0>,19,21,[14  2],20,94,115,74,94
1,<environment.Job instance at 0x1497a3819050>,21,22,[14  2],22,115,137,93,108
1,<environment.Job instance at 0x1497a3819460>,22,25,[ 2 12],23,137,162,114,133
1,<environment.Job instance at 0x1497a3818c80>,10,3,[ 1 14],11,162,165,151,142
1,<environment.Job instance at 0x1497a3819910>,27,25,[14  2],28,165,190,137,161
1,<environment.Job instance at 0x1497a3818730>,6,19,[ 1 13],7,166,185,159,166
1,<environment.Job instance at 0x1497a3819550>,24,20,[ 2 13],25,190,210,165,182
1,<environment.Job instance at 0x1497a3819d70>,35,23,[11  2],36,190,213,154,185
1,<environment.Job instance at 0x1497a381c230>,41,18,[ 2 13],42,210,228,168,203
1,<environment.Job instance at 0x1497a3819f50>,38,1,[ 1 13],39,228,229,189,219
1,<environment.Job instance at 0x1497a381c2d0>,42,23,[ 1 14],43,229,252,186,223
1,<environment.Job instance at 0x1497a3819190>,17,3,[ 1 13],18,252,255,234,230
1,<environment.Job instance at 0x1497a381c690>,47,26,[12  2],48,252,278,204,249
1,<environment.Job instance at 0x1497a381c4b0>,50,23,[2 6],51,255,278,204,249
1,<environment.Job instance at 0x1497a381c410>,43,3,[ 1 14],44,278,281,234,273
1,<environment.Job instance at 0x1497a381c870>,53,27,[9 1],54,278,305,224,276
1,<environment.Job instance at 0x1497a3819690>,25,1,[11  1],26,305,306,279,278
1,<environment.Job instance at 0x1497a381cd70>,56,1,[12  2],57,306,307,249,296
1,<environment.Job instance at 0x1497a381ccd0>,55,20,[ 1 14],56,307,327,251,298
1,<environment.Job instance at 0x1497a381c730>,49,25,[11  2],50,327,352,277,323
1,<environment.Job instance at 0x1497a381cf00>,59,18,[ 2 12],60,338,356,278,338
1,<environment.Job instance at 0x1497a381ce10>,61,22,[14  1],62,356,378,294,351
1,<environment.Job instance at 0x1497a381c960>,51,2,[ 2 13],52,378,380,326,369
1,<environment.Job instance at 0x1497a381f320>,65,21,[10  1],66,378,399,312,375
1,<environment.Job instance at 0x1497a381cfa0>,60,3,[ 1 11],61,385,388,324,385
1,<environment.Job instance at 0x1497a381f370>,67,19,[11  1],68,399,418,331,394
1,<environment.Job instance at 0x1497a381f2d0>,66,14,[14  2],67,418,432,351,414
1,<environment.Job instance at 0x1497a381f690>,70,20,[ 2 14],71,432,452,361,429
1,<environment.Job instance at 0x1497a381c910>,52,12,[13  2],53,452,464,399,451
1,<environment.Job instance at 0x1497a381f7d0>,72,16,[ 2 12],73,455,471,382,455
1,<environment.Job instance at 0x1497a381f730>,73,3,[ 1 11],74,485,488,411,485
1,<environment.Job instance at 0x1497a381f230>,63,13,[ 2 13],64,488,501,424,488
1,<environment.Job instance at 0x1497a381f8c0>,74,1,[14  2],75,501,502,426,489
1,<environment.Job instance at 0x1497a381fbe0>,79,19,[14  1],80,502,521,422,494
1,<environment.Job instance at 0x1497a381feb0>,83,21,[7 2],84,521,542,437,513
1,<environment.Job instance at 0x1497a381ff50>,85,20,[2 9],86,521,541,435,514
1,<environment.Job instance at 0x1497a38222d0>,87,18,[ 1 12],88,541,559,453,538
1,<environment.Job instance at 0x1497a3822190>,86,21,[ 1 12],87,559,580,472,557
1,<environment.Job instance at 0x1497a381f4b0>,69,14,[12  2],70,586,600,516,586
1,<environment.Job instance at 0x1497a3822460>,90,27,[ 2 14],91,600,627,509,598
1,<environment.Job instance at 0x1497a3822550>,91,2,[12  2],92,639,641,547,639
1,<environment.Job instance at 0x1497a3822640>,92,24,[2 9],93,639,663,546,639
1,<environment.Job instance at 0x1497a3822230>,88,12,[ 1 14],89,670,682,581,670
1,<environment.Job instance at 0x1497a3822870>,95,25,[7 2],96,682,707,586,678
1,<environment.Job instance at 0x1497a38227d0>,93,3,[ 1 14],94,707,710,613,702
1,<environment.Job instance at 0x1497a3822be0>,97,2,[ 1 12],98,713,715,615,713
1,<environment.Job instance at 0x1497a3822c80>,98,25,[13  2],99,713,738,614,713
1,<environment.Job instance at 0x1497a3822c30>,99,27,[1 8],100,715,742,615,713
1,<environment.Job instance at 0x1497a3822dc0>,100,20,[10  2],101,738,758,637,730
1,<environment.Job instance at 0x1497a3822f00>,102,22,[ 2 14],103,758,780,655,753
1,<environment.Job instance at 0x1497a3822410>,89,12,[11  1],90,798,810,708,798
1,<environment.Job instance at 0x1497a3822b40>,96,16,[ 2 11],97,799,815,702,799
1,<environment.Job instance at 0x1497a3822910>,105,22,[ 2 12],106,815,837,709,809
1,<environment.Job instance at 0x1497a3824460>,109,24,[10  2],110,816,840,706,816
1,<environment.Job instance at 0x1497a3824280>,107,16,[13  1],108,840,856,732,834
1,<environment.Job instance at 0x1497a3824690>,113,28,[2 5],114,841,869,727,841
1,<environment.Job instance at 0x1497a3824820>,114,3,[ 2 13],115,869,872,754,843
1,<environment.Job instance at 0x1497a38245a0>,111,1,[14  2],112,872,873,760,854
1,<environment.Job instance at 0x1497a3824870>,118,28,[7 2],119,873,901,754,872
1,<environment.Job instance at 0x1497a381f5f0>,71,12,[ 2 11],72,878,890,806,878
1,<environment.Job instance at 0x1497a3822fa0>,103,3,[13  1],104,901,904,797,897
1,<environment.Job instance at 0x1497a3824d20>,122,20,[13  2],123,904,924,781,897
1,<environment.Job instance at 0x1497a3824dc0>,123,15,[12  1],124,924,939,800,922
1,<environment.Job instance at 0x1497a3824f00>,125,17,[5 1],126,939,956,813,930
1,<environment.Job instance at 0x1497a3824780>,116,3,[ 1 13],117,931,934,814,931
1,<environment.Job instance at 0x1497a3824c80>,121,15,[ 1 11],122,934,949,812,933
1,<environment.Job instance at 0x1497a3824a50>,128,26,[12  2],129,956,982,827,953
1,<environment.Job instance at 0x1497a3824d70>,129,25,[ 2 12],130,953,978,823,953
1,<environment.Job instance at 0x1497a3828280>,130,27,[12  2],131,982,1009,851,980
1,<environment.Job instance at 0x1497a38283c0>,132,19,[11  2],133,1009,1028,876,1003
1,<environment.Job instance at 0x1497acc0ea50>,133,23,[ 1 12],134,1004,1027,870,1004
1,<environment.Job instance at 0x1497a3824aa0>,119,17,[ 2 14],120,1028,1045,908,1019
1,<environment.Job instance at 0x1497a3828320>,131,18,[ 2 11],132,1045,1063,913,1043
1,<environment.Job instance at 0x1497a380f230>,136,23,[ 1 14],137,1063,1086,926,1057
1,<environment.Job instance at 0x1497a380f3c0>,137,27,[1 9],138,1086,1113,948,1084
1,<environment.Job instance at 0x1497a380fc30>,138,3,[ 1 12],139,1118,1121,979,1118
1,<environment.Job instance at 0x1497a380f870>,135,17,[ 1 11],136,1153,1170,1017,1153
1,<environment.Job instance at 0x1497a3cc8730>,134,14,[12  1],135,1197,1211,1062,1197
1,<environment.Job instance at 0x1497a381f280>,64,2,[11  2],65,1211,1213,1146,1208
1,<environment.Job instance at 0x1497a3824960>,127,12,[ 1 13],128,1895,1907,1767,1895
1,<environment.Job instance at 0x1497a0050870>,0,23,[ 2 13],1,1,24,0,1
1,<environment.Job instance at 0x1497a00509b0>,3,25,[ 1 12],4,24,49,20,20
1,<environment.Job instance at 0x1497aa1feaa0>,6,22,[12  2],7,20,42,13,20
1,<environment.Job instance at 0x1497aa1fe0a0>,4,27,[ 1 12],5,49,76,44,47
1,<environment.Job instance at 0x1497aa1fea50>,10,19,[12  2],11,61,80,50,61
1,<environment.Job instance at 0x1497ac4d3b40>,13,28,[7 2],14,80,108,66,80
1,<environment.Job instance at 0x1497ac4d3f00>,14,28,[7 1],15,80,108,65,80
1,<environment.Job instance at 0x1497ac4d3640>,16,28,[ 1 11],17,87,115,70,87
1,<environment.Job instance at 0x1497ac4d31e0>,18,24,[14  2],19,108,132,89,103
1,<environment.Job instance at 0x1497aa1fe690>,7,20,[ 1 12],8,115,135,107,114
1,<environment.Job instance at 0x1497a3824f50>,2,16,[11  2],3,132,148,129,130
1,<environment.Job instance at 0x1497aa1ce370>,21,1,[ 1 11],22,137,138,115,137
1,<environment.Job instance at 0x1497aa1ce8c0>,23,25,[1 8],24,138,163,114,137
1,<environment.Job instance at 0x1497aa1cecd0>,27,21,[12  1],28,148,169,120,140
1,<environment.Job instance at 0x1497aa1ce3c0>,28,24,[10  2],29,169,193,140,164
1,<environment.Job instance at 0x1497aa1ce230>,29,20,[2 8],30,169,189,139,169
1,<environment.Job instance at 0x1497aa1ced20>,30,26,[ 2 12],31,189,215,158,187
1,<environment.Job instance at 0x1497aa1ce2d0>,26,1,[12  2],27,194,195,167,194
1,<environment.Job instance at 0x1497a0050910>,1,2,[ 1 13],2,215,217,213,204
1,<environment.Job instance at 0x1497aa1cebe0>,32,16,[12  2],33,208,224,175,208
1,<environment.Job instance at 0x1497aa1ceaa0>,31,20,[ 1 14],32,224,244,192,216
1,<environment.Job instance at 0x1497aa1ce910>,35,19,[7 1],36,224,243,188,220
1,<environment.Job instance at 0x1497aa1cea00>,36,23,[9 2],37,244,267,207,238
1,<environment.Job instance at 0x1497aa1ce640>,37,2,[12  1],38,267,269,229,244
1,<environment.Job instance at 0x1497aa1ce190>,38,27,[ 1 14],39,267,294,228,265
1,<environment.Job instance at 0x1497aa1ce0a0>,39,28,[9 1],40,269,297,229,268
1,<environment.Job instance at 0x1497aa1875a0>,41,1,[11  1],42,297,298,255,287
1,<environment.Job instance at 0x1497aa1ceb40>,33,14,[ 1 12],34,294,308,260,290
1,<environment.Job instance at 0x1497ac4d34b0>,19,3,[13  2],20,298,301,278,296
1,<environment.Job instance at 0x1497aa187fa0>,45,3,[12  1],46,306,309,260,306
1,<environment.Job instance at 0x1497aa187730>,42,3,[11  2],43,309,312,266,306
1,<environment.Job instance at 0x1497aa187b40>,47,28,[ 1 11],48,308,336,260,307
1,<environment.Job instance at 0x1497aa187960>,48,25,[ 1 12],49,336,361,287,332
1,<environment.Job instance at 0x1497aa187cd0>,44,15,[11  2],45,337,352,292,337
1,<environment.Job instance at 0x1497aa187e60>,51,26,[ 1 14],52,361,387,309,358
1,<environment.Job instance at 0x1497aa187230>,52,26,[ 2 12],53,387,413,334,384
1,<environment.Job instance at 0x1497aa1870a0>,53,2,[ 2 11],54,413,415,359,396
1,<environment.Job instance at 0x1497aa187320>,54,25,[10  1],55,396,421,341,396
1,<environment.Job instance at 0x1497aa1876e0>,56,26,[13  1],57,421,447,364,418
1,<environment.Job instance at 0x1497aa187140>,58,19,[1 5],59,421,440,362,421
1,<environment.Job instance at 0x1497aab77780>,59,20,[1 9],60,423,443,363,423
1,<environment.Job instance at 0x1497aab77b40>,62,24,[ 1 13],63,443,467,380,438
1,<environment.Job instance at 0x1497aab77c80>,64,24,[ 1 13],65,467,491,402,462
1,<environment.Job instance at 0x1497aab77910>,65,21,[11  1],66,468,489,402,468
1,<environment.Job instance at 0x1497aa187af0>,46,3,[13  2],47,489,492,442,469
1,<environment.Job instance at 0x1497aab77320>,66,19,[ 2 12],67,491,510,424,486
1,<environment.Job instance at 0x1497aab77e60>,68,1,[ 2 14],69,510,511,441,498
1,<environment.Job instance at 0x1497aab77fa0>,69,28,[ 2 13],70,511,539,441,510
1,<environment.Job instance at 0x1497aab77370>,70,22,[11  2],71,511,533,440,510
1,<environment.Job instance at 0x1497aab775f0>,67,1,[12  2],68,533,534,465,513
1,<environment.Job instance at 0x1497aab77d20>,72,21,[13  2],73,534,555,461,526
1,<environment.Job instance at 0x1497aab776e0>,74,27,[2 7],75,539,566,464,537
1,<environment.Job instance at 0x1497aab77050>,75,20,[1 5],76,555,575,479,547
1,<environment.Job instance at 0x1497aab77690>,78,19,[1 6],79,566,585,487,561
1,<environment.Job instance at 0x1497aa187a50>,50,12,[ 2 14],51,585,597,534,578
1,<environment.Job instance at 0x1497aa20ef00>,80,28,[7 1],81,578,606,497,578
1,<environment.Job instance at 0x1497aa20ee60>,81,28,[ 2 13],82,597,625,515,596
1,<environment.Job instance at 0x1497aa20e870>,82,20,[7 2],83,606,626,523,598
1,<environment.Job instance at 0x1497aa1ce960>,34,15,[ 1 13],35,625,640,590,611
1,<environment.Job instance at 0x1497a59403c0>,88,25,[5 2],89,633,658,544,633
1,<environment.Job instance at 0x1497a572e910>,86,24,[ 2 10],87,640,664,553,635
1,<environment.Job instance at 0x1497a57b50a0>,90,24,[11  2],91,658,682,567,653
1,<environment.Job instance at 0x1497a57b5050>,93,28,[ 1 14],94,682,710,588,681
1,<environment.Job instance at 0x1497a5949f50>,96,22,[ 2 11],97,710,732,613,708
1,<environment.Job instance at 0x1497a57b5af0>,97,20,[7 2],98,710,730,612,708
1,<environment.Job instance at 0x1497a57b51e0>,99,19,[13  2],100,730,749,630,724
1,<environment.Job instance at 0x1497a57b55f0>,100,24,[1 5],101,732,756,631,728
1,<environment.Job instance at 0x1497a5726c30>,102,19,[13  2],103,750,769,647,750
1,<environment.Job instance at 0x1497a57a75a0>,103,25,[11  1],104,769,794,665,765
1,<environment.Job instance at 0x1497a57a73c0>,104,12,[ 2 13],105,820,832,715,820
1,<environment.Job instance at 0x1497a5f05a50>,105,20,[9 1],106,821,841,715,821
1,<environment.Job instance at 0x1497a5f32870>,106,21,[1 7],107,832,853,725,825
1,<environment.Job instance at 0x1497a576a9b0>,107,20,[5 2],108,832,852,724,826
1,<environment.Job instance at 0x1497a57262d0>,108,20,[7 1],109,841,861,732,835
1,<environment.Job instance at 0x1497a5f29e10>,109,27,[2 8],110,853,880,743,851
1,<environment.Job instance at 0x1497a5eb8460>,110,28,[ 2 13],111,880,908,769,879
1,<environment.Job instance at 0x1497a57f8d70>,111,3,[11  2],112,909,912,797,909
1,<environment.Job instance at 0x1497a57f8be0>,112,26,[ 1 10],113,909,935,796,909
1,<environment.Job instance at 0x1497a5968410>,113,25,[13  2],114,912,937,798,909
1,<environment.Job instance at 0x1497a5ea9960>,114,22,[ 1 13],115,935,957,820,929
1,<environment.Job instance at 0x1497a5ea1d20>,117,26,[9 1],118,937,963,819,937
1,<environment.Job instance at 0x1497a5e1d320>,118,26,[6 2],119,957,983,838,954
1,<environment.Job instance at 0x1497a57d3e60>,120,21,[6 2],121,963,984,842,955
1,<environment.Job instance at 0x1497a5ea3af0>,122,1,[ 2 13],123,983,984,860,978
1,<environment.Job instance at 0x1497aa1fe780>,5,2,[14  1],6,984,986,978,978
1,<environment.Job instance at 0x1497a5ea3e60>,123,2,[8 1],124,986,988,862,980
1,<environment.Job instance at 0x1497a5ea37d0>,125,19,[10  2],126,988,1007,862,983
1,<environment.Job instance at 0x1497a5ea3730>,126,1,[ 1 11],127,989,990,862,989
1,<environment.Job instance at 0x1497aac08460>,127,2,[12  2],128,1007,1009,879,1005
1,<environment.Job instance at 0x1497aac08730>,128,20,[ 1 13],129,1007,1027,878,1007
1,<environment.Job instance at 0x1497aac08aa0>,129,22,[1 5],130,1027,1049,897,1021
1,<environment.Job instance at 0x1497aac08be0>,131,28,[9 1],132,1021,1049,889,1021
1,<environment.Job instance at 0x1497aac08820>,132,17,[2 5],133,1033,1050,900,1033
1,<environment.Job instance at 0x1497a591bd20>,133,23,[13  2],134,1049,1072,915,1043
1,<environment.Job instance at 0x1497a591b690>,134,3,[ 1 13],135,1050,1053,915,1049
1,<environment.Job instance at 0x1497a591bfa0>,135,24,[ 1 10],136,1053,1077,917,1051
1,<environment.Job instance at 0x1497a5ea3500>,124,24,[ 1 11],125,1079,1103,954,1079
1,<environment.Job instance at 0x1497aab77230>,73,3,[ 2 13],74,1103,1106,1029,1082
1,<environment.Job instance at 0x1497aaaeaeb0>,136,3,[ 2 12],137,1106,1109,969,1085
1,<environment.Job instance at 0x1497aaaea5f0>,137,3,[ 2 13],138,1186,1189,1048,1186
1,<environment.Job instance at 0x1497aab772d0>,79,12,[ 2 14],80,1395,1407,1315,1395
1,<environment.Job instance at 0x1497a57b5640>,98,12,[ 2 12],99,1500,1512,1401,1500
1,<environment.Job instance at 0x1497766dcdc0>,1,24,[10  1],2,2,26,0,2
1,<environment.Job instance at 0x149776779eb0>,8,24,[12  1],9,26,50,17,21
1,<environment.Job instance at 0x1497767792d0>,11,27,[ 1 13],12,31,58,19,31
1,<environment.Job instance at 0x149776779370>,13,22,[12  1],14,50,72,36,43
1,<environment.Job instance at 0x1497766dcd70>,0,14,[11  2],1,72,86,71,61
1,<environment.Job instance at 0x149776779be0>,16,28,[1 7],17,67,95,50,67
1,<environment.Job instance at 0x149776779b90>,12,20,[14  1],13,86,106,73,78
1,<environment.Job instance at 0x1497767825f0>,18,1,[12  1],19,106,107,87,79
1,<environment.Job instance at 0x1497766dceb0>,2,20,[13  2],3,107,127,104,98
1,<environment.Job instance at 0x149776782690>,20,21,[ 2 12],21,106,127,85,98
1,<environment.Job instance at 0x1497767820f0>,23,21,[ 2 13],24,127,148,103,121
1,<environment.Job instance at 0x14977677ef50>,6,2,[11  2],7,140,142,133,140
1,<environment.Job instance at 0x14977673a410>,27,24,[2 6],28,148,172,120,143
1,<environment.Job instance at 0x14977688d960>,28,3,[11  1],29,144,147,115,144
1,<environment.Job instance at 0x14977688da50>,29,26,[5 1],30,147,173,117,145
1,<environment.Job instance at 0x149776967870>,31,25,[2 7],32,148,173,116,146
1,<environment.Job instance at 0x149776967640>,33,22,[ 1 13],34,173,195,139,167
1,<environment.Job instance at 0x1497769f04b0>,34,23,[11  1],35,173,196,138,169
1,<environment.Job instance at 0x1497769f0910>,36,25,[ 2 14],37,195,220,158,191
1,<environment.Job instance at 0x1497767775f0>,26,3,[11  2],27,220,223,193,194
1,<environment.Job instance at 0x149776779910>,14,1,[ 1 12],15,220,221,205,202
1,<environment.Job instance at 0x1497767f9b40>,21,1,[12  1],22,204,205,182,204
1,<environment.Job instance at 0x14977699c690>,45,27,[2 7],46,221,248,175,219
1,<environment.Job instance at 0x14977699c960>,46,25,[10  2],47,223,248,176,219
1,<environment.Job instance at 0x149776a17be0>,44,22,[7 2],45,248,270,203,245
1,<environment.Job instance at 0x14977699c8c0>,47,1,[14  1],48,270,271,222,254
1,<environment.Job instance at 0x14977699c870>,51,3,[7 1],52,257,260,205,257
1,<environment.Job instance at 0x14977699c5a0>,52,21,[10  2],53,271,292,218,263
1,<environment.Job instance at 0x149776a17320>,37,12,[13  1],38,292,304,254,275
1,<environment.Job instance at 0x1497769a3a00>,55,24,[12  1],56,304,328,248,299
1,<environment.Job instance at 0x149776777640>,24,3,[ 2 11],25,303,306,278,303
1,<environment.Job instance at 0x1497769a3960>,57,25,[11  1],58,328,353,270,325
1,<environment.Job instance at 0x14977699c410>,50,2,[12  2],51,353,355,302,326
1,<environment.Job instance at 0x149776a32d20>,60,27,[2 9],61,328,355,267,328
1,<environment.Job instance at 0x14977699c460>,49,15,[ 2 14],50,355,370,305,341
1,<environment.Job instance at 0x1497769ba960>,65,21,[ 2 14],66,370,391,304,363
1,<environment.Job instance at 0x1497769aaaa0>,68,22,[2 8],69,391,413,322,385
1,<environment.Job instance at 0x1497769a5c30>,70,28,[1 6],71,391,419,320,390
1,<environment.Job instance at 0x1497767fcfa0>,71,27,[12  1],72,390,417,318,390
1,<environment.Job instance at 0x14977699bfa0>,66,1,[ 1 13],67,419,420,352,403
1,<environment.Job instance at 0x149776973a50>,75,19,[ 1 11],76,420,439,344,416
1,<environment.Job instance at 0x1497769978c0>,78,22,[7 1],79,421,443,342,421
1,<environment.Job instance at 0x149776973960>,74,18,[13  2],75,443,461,368,434
1,<environment.Job instance at 0x149776978780>,81,20,[14  2],82,461,481,379,454
1,<environment.Job instance at 0x149776978050>,80,18,[12  1],81,481,499,400,470
1,<environment.Job instance at 0x1497769787d0>,83,3,[1 6],84,475,478,391,475
1,<environment.Job instance at 0x149776978e60>,84,23,[11  2],85,499,522,414,493
1,<environment.Job instance at 0x1497769b1eb0>,86,21,[10  1],87,522,543,435,515
1,<environment.Job instance at 0x1497769b18c0>,88,20,[12  2],89,543,563,454,535
1,<environment.Job instance at 0x149776997410>,77,17,[11  2],78,563,580,485,557
1,<environment.Job instance at 0x14977698e230>,90,18,[2 6],91,557,575,466,557
1,<environment.Job instance at 0x149776953dc0>,89,2,[ 1 11],90,575,577,485,571
1,<environment.Job instance at 0x14977698e0f0>,91,22,[11  1],92,580,602,488,573
1,<environment.Job instance at 0x14977698e500>,94,14,[11  2],95,602,616,507,593
1,<environment.Job instance at 0x14977698e410>,96,28,[2 5],97,595,623,498,595
1,<environment.Job instance at 0x14977698e280>,95,21,[11  2],96,616,637,520,608
1,<environment.Job instance at 0x14977698e7d0>,98,28,[12  2],99,637,665,538,636
1,<environment.Job instance at 0x14977698ea00>,99,23,[1 9],100,636,659,536,636
1,<environment.Job instance at 0x14977698e690>,97,1,[6 1],98,665,666,567,639
1,<environment.Job instance at 0x14977698e820>,101,21,[2 6],102,659,680,557,651
1,<environment.Job instance at 0x149776a324b0>,62,18,[14  2],63,680,698,617,670
1,<environment.Job instance at 0x14977698e5f0>,100,17,[ 1 11],101,680,697,579,670
1,<environment.Job instance at 0x1497769368c0>,106,21,[ 2 12],107,698,719,591,692
1,<environment.Job instance at 0x149776936c30>,105,26,[5 2],106,698,724,592,695
1,<environment.Job instance at 0x14977698ed70>,104,16,[12  2],105,724,740,619,715
1,<environment.Job instance at 0x149776936190>,107,3,[ 1 13],108,763,766,655,763
1,<environment.Job instance at 0x1497769781e0>,82,15,[ 1 13],83,766,781,683,766
1,<environment.Job instance at 0x149776936230>,111,25,[1 8],112,781,806,669,777
1,<environment.Job instance at 0x1497769362d0>,112,3,[14  1],113,789,792,676,789
1,<environment.Job instance at 0x149776936aa0>,113,3,[ 2 13],114,806,809,692,792
1,<environment.Job instance at 0x149776936a00>,114,23,[ 1 12],115,809,832,694,803
1,<environment.Job instance at 0x1497769360a0>,115,22,[10  1],116,805,827,689,805
1,<environment.Job instance at 0x1497769508c0>,116,1,[ 1 12],117,834,835,717,834
1,<environment.Job instance at 0x149776950fa0>,117,24,[1 6],118,835,859,717,834
1,<environment.Job instance at 0x149776950f00>,119,26,[7 2],120,836,862,716,836
1,<environment.Job instance at 0x149776950280>,121,27,[11  1],122,862,889,740,861
1,<environment.Job instance at 0x149776950eb0>,123,25,[9 2],124,889,914,765,885
1,<environment.Job instance at 0x1497769500a0>,124,18,[ 1 14],125,914,932,789,911
1,<environment.Job instance at 0x1497769500f0>,125,27,[13  1],126,914,941,788,912
1,<environment.Job instance at 0x149776950460>,126,1,[13  1],127,941,942,814,916
1,<environment.Job instance at 0x149776950d70>,127,26,[12  2],128,942,968,814,939
1,<environment.Job instance at 0x149776950af0>,128,25,[12  2],129,968,993,839,964
1,<environment.Job instance at 0x1497769504b0>,129,23,[9 1],130,993,1016,863,987
1,<environment.Job instance at 0x149776950140>,130,24,[2 7],131,987,1011,856,987
1,<environment.Job instance at 0x1497769507d0>,131,19,[ 1 12],132,1020,1039,888,1020
1,<environment.Job instance at 0x149776936dc0>,109,16,[ 2 13],110,1072,1088,962,1072
1,<environment.Job instance at 0x1497769d3410>,135,27,[9 1],136,1076,1103,940,1076
1,<environment.Job instance at 0x1497769d3550>,136,21,[2 7],137,1090,1111,953,1090
1,<environment.Job instance at 0x14977699ceb0>,53,15,[13  1],54,1117,1132,1063,1117
1,<environment.Job instance at 0x149776950050>,133,13,[14  2],134,1197,1210,1063,1197
1,<environment.Job instance at 0x1497769369b0>,110,14,[14  2],111,1212,1226,1101,1212
1,<environment.Job instance at 0x1497769d3050>,138,15,[ 1 14],139,1277,1292,1138,1277
1,<environment.Job instance at 0x149776936af0>,108,18,[ 2 14],109,1438,1456,1329,1438
1,<environment.Job instance at 0x1497769fc640>,4,27,[6 1],5,7,34,2,7
1,<environment.Job instance at 0x1497769fc5f0>,3,19,[ 1 11],4,9,28,5,9
1,<environment.Job instance at 0x149776270f50>,9,23,[1 6],10,28,51,18,26
1,<environment.Job instance at 0x1497762741e0>,11,26,[7 1],12,26,52,14,26
1,<environment.Job instance at 0x149776274050>,12,28,[2 6],13,34,62,21,33
1,<environment.Job instance at 0x149776936af0>,8,12,[1 7],9,51,63,42,42
1,<environment.Job instance at 0x149776274230>,14,20,[8 1],15,52,72,37,46
1,<environment.Job instance at 0x1497762744b0>,16,25,[12  1],17,72,97,55,68
1,<environment.Job instance at 0x1497769fc9b0>,0,15,[ 2 12],1,94,109,93,94
1,<environment.Job instance at 0x149776274140>,17,26,[13  1],18,97,123,79,94
1,<environment.Job instance at 0x149776274690>,18,13,[14  1],19,123,136,104,109
1,<environment.Job instance at 0x149776274780>,20,22,[14  2],21,136,158,115,129
1,<environment.Job instance at 0x149776274a00>,22,3,[11  1],23,158,161,135,138
1,<environment.Job instance at 0x149776274960>,24,20,[12  1],25,161,181,136,153
1,<environment.Job instance at 0x149776274be0>,25,21,[13  1],26,181,202,155,173
1,<environment.Job instance at 0x149776274460>,19,16,[ 1 11],20,178,194,158,178
1,<environment.Job instance at 0x149776274b40>,26,24,[6 2],27,202,226,175,197
1,<environment.Job instance at 0x149776274e10>,29,14,[7 1],30,202,216,172,198
1,<environment.Job instance at 0x149776274730>,21,3,[12  2],22,226,229,204,224
1,<environment.Job instance at 0x149776274cd0>,32,28,[1 9],33,224,252,191,224
1,<environment.Job instance at 0x149776270fa0>,10,17,[11  1],11,233,250,222,233
1,<environment.Job instance at 0x1497761f7050>,37,2,[9 2],38,250,252,212,247
1,<environment.Job instance at 0x1497761f73c0>,38,28,[5 1],39,250,278,211,250
1,<environment.Job instance at 0x1497761f7410>,40,24,[ 2 10],41,253,277,212,253
1,<environment.Job instance at 0x1497761f7320>,36,21,[12  1],37,278,299,241,274
1,<environment.Job instance at 0x1497761f7690>,41,20,[11  1],42,299,319,257,299
1,<environment.Job instance at 0x149776274e60>,30,17,[ 2 12],31,321,338,290,321
1,<environment.Job instance at 0x1497761f7960>,46,1,[1 6],47,338,339,291,333
1,<environment.Job instance at 0x1497761f7cd0>,47,25,[13  1],48,333,358,285,333
1,<environment.Job instance at 0x1497761f7af0>,49,23,[11  2],50,358,381,308,353
1,<environment.Job instance at 0x1497769fc6e0>,2,18,[ 2 14],3,381,399,378,378
1,<environment.Job instance at 0x1497761f7f50>,51,1,[ 1 14],52,399,400,347,378
1,<environment.Job instance at 0x1497761f7dc0>,52,21,[ 1 13],53,400,421,347,394
1,<environment.Job instance at 0x1497761f7fa0>,54,16,[14  1],55,400,416,345,400
1,<environment.Job instance at 0x1497761f91e0>,56,26,[10  2],57,416,442,359,413
1,<environment.Job instance at 0x1497761f9370>,57,28,[14  1],58,442,470,384,441
1,<environment.Job instance at 0x1497761f9410>,58,24,[7 2],59,470,494,411,466
1,<environment.Job instance at 0x1497761f94b0>,59,25,[11  1],60,494,519,434,490
1,<environment.Job instance at 0x1497761f95f0>,61,2,[11  1],62,519,521,457,517
1,<environment.Job instance at 0x1497761f9730>,63,16,[11  2],64,539,555,475,539
1,<environment.Job instance at 0x1497761f97d0>,64,2,[ 1 11],65,553,555,488,553
1,<environment.Job instance at 0x1497761f9870>,65,28,[11  2],66,555,583,489,554
1,<environment.Job instance at 0x1497761f9910>,66,24,[ 2 13],67,555,579,488,554
1,<environment.Job instance at 0x1497761f76e0>,44,13,[14  2],45,618,631,573,618
1,<environment.Job instance at 0x1497761f9aa0>,68,22,[5 2],69,631,653,562,624
1,<environment.Job instance at 0x1497761f9960>,69,23,[2 9],70,631,654,561,625
1,<environment.Job instance at 0x1497761f9b90>,71,19,[2 7],72,654,673,582,644
1,<environment.Job instance at 0x1497761f9c80>,72,28,[ 2 10],73,673,701,600,672
1,<environment.Job instance at 0x1497761f99b0>,67,17,[ 2 12],68,707,724,639,707
1,<environment.Job instance at 0x1497761f9f00>,77,21,[13  1],78,710,731,632,710
1,<environment.Job instance at 0x1497761fc140>,78,18,[ 2 12],79,731,749,652,731
1,<environment.Job instance at 0x1497761fc3c0>,82,28,[2 5],83,749,777,666,748
1,<environment.Job instance at 0x1497761fc460>,83,27,[ 1 12],84,777,804,693,775
1,<environment.Job instance at 0x1497761fc500>,84,23,[ 1 13],85,804,827,719,798
1,<environment.Job instance at 0x1497761fc5a0>,85,21,[11  2],86,798,819,712,798
1,<environment.Job instance at 0x1497a3813910>,88,28,[5 2],89,819,847,730,818
1,<environment.Job instance at 0x1497761fc1e0>,79,3,[ 2 13],80,827,830,747,818
1,<environment.Job instance at 0x149776269230>,90,21,[6 2],91,830,851,739,822
1,<environment.Job instance at 0x1497762685f0>,89,27,[11  1],90,851,878,761,849
1,<environment.Job instance at 0x1497761f7500>,42,15,[ 1 13],43,864,879,821,864
1,<environment.Job instance at 0x149776268910>,93,1,[12  1],94,878,879,784,873
1,<environment.Job instance at 0x149776268af0>,92,14,[11  1],93,879,893,786,876
1,<environment.Job instance at 0x149776268370>,98,28,[ 2 14],99,879,907,780,879
1,<environment.Job instance at 0x149776268460>,97,27,[ 2 10],98,907,934,809,905
1,<environment.Job instance at 0x149776268b40>,100,27,[11  1],101,905,932,804,905
1,<environment.Job instance at 0x1497762683c0>,103,28,[2 8],104,934,962,830,933
1,<environment.Job instance at 0x149776268320>,104,28,[7 1],105,933,961,828,933
1,<environment.Job instance at 0x14977624a1e0>,106,18,[12  2],107,964,982,857,964
1,<environment.Job instance at 0x1497762a8be0>,108,24,[8 1],109,982,1006,873,977
1,<environment.Job instance at 0x1497762a8eb0>,109,24,[ 1 14],110,982,1006,872,977
1,<environment.Job instance at 0x14977624a140>,105,3,[14  2],106,1006,1009,900,989
1,<environment.Job instance at 0x149776291be0>,113,15,[6 1],114,1009,1024,895,1008
1,<environment.Job instance at 0x1497764855f0>,117,18,[11  1],118,1024,1042,906,1013
1,<environment.Job instance at 0x149776324c30>,118,28,[7 2],119,1042,1070,923,1041
1,<environment.Job instance at 0x1497762c57d0>,119,25,[ 1 14],120,1070,1095,950,1067
1,<environment.Job instance at 0x14977632a4b0>,120,20,[ 2 13],121,1095,1115,974,1094
1,<environment.Job instance at 0x1497762970f0>,124,24,[6 2],125,1096,1120,971,1096
1,<environment.Job instance at 0x149776297730>,126,27,[ 2 12],127,1115,1142,988,1113
1,<environment.Job instance at 0x1497762976e0>,127,20,[11  1],128,1120,1140,992,1118
1,<environment.Job instance at 0x149776297af0>,128,22,[ 2 11],129,1142,1164,1013,1135
1,<environment.Job instance at 0x149776297460>,130,23,[8 1],131,1140,1163,1009,1135
1,<environment.Job instance at 0x149776286eb0>,131,2,[5 1],132,1140,1142,1008,1138
1,<environment.Job instance at 0x1497762860f0>,133,20,[ 1 12],134,1164,1184,1030,1156
1,<environment.Job instance at 0x149776286410>,134,26,[9 2],135,1163,1189,1028,1160
1,<environment.Job instance at 0x149776286190>,136,20,[6 1],137,1184,1204,1047,1179
1,<environment.Job instance at 0x149776274f00>,31,1,[13  2],32,1209,1210,1177,1209
1,<environment.Job instance at 0x149776286870>,137,17,[ 1 13],138,1209,1226,1071,1209
1,<environment.Job instance at 0x1497761f9230>,55,3,[ 2 13],56,1392,1395,1336,1392
1,<environment.Job instance at 0x1497762a00f0>,129,14,[ 1 12],130,1422,1436,1292,1422
1,<environment.Job instance at 0x1497aa184cd0>,3,26,[2 6],4,5,31,1,5
1,<environment.Job instance at 0x1497aa184a50>,2,3,[10  2],3,12,15,9,12
1,<environment.Job instance at 0x1497aa184190>,4,22,[14  2],5,31,53,26,25
1,<environment.Job instance at 0x1497aa184f00>,7,23,[14  2],8,53,76,45,47
1,<environment.Job instance at 0x1497aa184d20>,10,1,[9 2],11,76,77,65,48
1,<environment.Job instance at 0x1497aaacee60>,14,25,[14  1],15,77,102,62,73
1,<environment.Job instance at 0x1497aa1848c0>,15,21,[2 5],16,102,123,86,95
1,<environment.Job instance at 0x1497aaacecd0>,16,21,[ 1 11],17,123,144,106,116
1,<environment.Job instance at 0x1497aaace8c0>,17,24,[5 2],18,116,140,98,116
1,<environment.Job instance at 0x1497aaacea00>,18,2,[ 1 14],19,144,146,125,121
1,<environment.Job instance at 0x1497aaace4b0>,13,1,[11  2],14,140,141,126,121
1,<environment.Job instance at 0x1497aa184820>,5,1,[ 2 11],6,146,147,140,128
1,<environment.Job instance at 0x1497aaace870>,24,24,[2 9],25,147,171,122,144
1,<environment.Job instance at 0x1497aaacfaf0>,26,19,[7 1],27,148,167,121,148
1,<environment.Job instance at 0x1497aaacfeb0>,27,14,[1 5],28,151,165,123,151
1,<environment.Job instance at 0x1497aaacfc30>,29,2,[2 6],30,167,169,137,155
1,<environment.Job instance at 0x1497aa184140>,9,3,[14  1],10,171,174,161,156
1,<environment.Job instance at 0x1497aaacf780>,32,26,[2 9],33,174,200,141,171
1,<environment.Job instance at 0x1497aaacff00>,33,13,[13  1],34,177,190,143,177
1,<environment.Job instance at 0x1497aaacf5f0>,34,3,[14  2],35,200,203,165,182
1,<environment.Job instance at 0x1497a5f31d70>,35,20,[14  1],36,203,223,167,194
1,<environment.Job instance at 0x1497aaacfa50>,31,3,[ 2 11],32,223,226,191,219
1,<environment.Job instance at 0x1497a5f31690>,36,3,[13  2],37,223,226,186,223
1,<environment.Job instance at 0x1497a5f31730>,38,23,[14  2],39,226,249,187,223
1,<environment.Job instance at 0x1497a5f31190>,40,24,[ 1 10],41,238,262,197,238
1,<environment.Job instance at 0x1497a5f31f50>,39,1,[ 1 12],40,262,263,222,252
1,<environment.Job instance at 0x1497a5f319b0>,43,28,[2 7],44,263,291,219,263
1,<environment.Job instance at 0x1497a5f31500>,44,18,[ 2 14],45,291,309,246,284
1,<environment.Job instance at 0x1497a5f310f0>,46,2,[11  2],47,309,311,262,306
1,<environment.Job instance at 0x1497a5f31e60>,47,24,[10  2],48,311,335,263,306
1,<environment.Job instance at 0x1497a5f31050>,42,24,[ 1 11],43,317,341,274,317
1,<environment.Job instance at 0x1497a5f31af0>,50,25,[12  2],51,335,360,284,332
1,<environment.Job instance at 0x1497a5f31be0>,51,28,[ 1 12],52,341,369,289,340
1,<environment.Job instance at 0x1497a3f82a00>,55,20,[11  2],56,360,380,304,351
1,<environment.Job instance at 0x1497a3f825a0>,57,19,[1 7],58,369,388,311,364
1,<environment.Job instance at 0x1497a3f82280>,59,21,[14  2],60,380,401,320,374
1,<environment.Job instance at 0x1497a3f827d0>,60,20,[ 1 13],61,402,422,341,402
1,<environment.Job instance at 0x1497aaacf410>,28,14,[13  1],29,408,422,379,408
1,<environment.Job instance at 0x1497a3f82190>,63,27,[2 8],64,422,449,358,420
1,<environment.Job instance at 0x1497a3f82640>,66,1,[ 2 13],67,449,450,382,435
1,<environment.Job instance at 0x1497aa1915a0>,67,16,[12  1],68,435,451,367,435
1,<environment.Job instance at 0x1497aa191820>,68,14,[8 2],69,451,465,382,436
1,<environment.Job instance at 0x1497aa191fa0>,69,16,[5 2],70,451,467,381,448
1,<environment.Job instance at 0x1497aa191870>,70,1,[14  2],71,467,468,396,459
1,<environment.Job instance at 0x1497aa191c30>,71,27,[13  1],72,468,495,396,466
1,<environment.Job instance at 0x1497aa191230>,72,19,[ 2 12],73,468,487,395,467
1,<environment.Job instance at 0x1497aa1910a0>,75,23,[2 6],76,489,512,413,489
1,<environment.Job instance at 0x1497aa191370>,76,17,[1 6],77,495,512,418,491
1,<environment.Job instance at 0x1497aa191a00>,77,24,[6 1],78,495,519,417,492
1,<environment.Job instance at 0x1497aa191140>,78,25,[12  1],79,519,544,440,515
1,<environment.Job instance at 0x1497a5744820>,79,27,[5 2],80,544,571,464,543
1,<environment.Job instance at 0x1497a5744b90>,80,23,[5 1],81,544,567,463,543
1,<environment.Job instance at 0x1497a57446e0>,81,15,[ 1 14],82,571,586,489,564
1,<environment.Job instance at 0x1497a5744a00>,82,28,[ 1 12],83,586,614,503,585
1,<environment.Job instance at 0x1497a57448c0>,84,25,[11  2],85,594,619,509,594
1,<environment.Job instance at 0x1497a5744190>,85,23,[ 1 14],86,619,642,533,614
1,<environment.Job instance at 0x1497a5744be0>,86,16,[5 1],87,625,641,538,625
1,<environment.Job instance at 0x1497a3f82e60>,62,16,[ 2 12],63,642,658,579,630
1,<environment.Job instance at 0x1497a5744230>,90,24,[ 2 12],91,658,682,567,653
1,<environment.Job instance at 0x1497aa1849b0>,0,12,[ 1 11],1,682,694,681,671
1,<environment.Job instance at 0x1497a5744cd0>,92,21,[10  1],93,672,693,579,672
1,<environment.Job instance at 0x1497a5744aa0>,93,24,[11  1],94,693,717,599,688
1,<environment.Job instance at 0x1497a5744050>,91,15,[11  2],92,717,732,625,705
1,<environment.Job instance at 0x1497a3812140>,99,3,[ 2 12],100,736,739,636,736
1,<environment.Job instance at 0x1497a3812aa0>,101,24,[12  1],102,736,760,634,736
1,<environment.Job instance at 0x1497a3812870>,103,28,[ 2 12],104,749,777,645,749
1,<environment.Job instance at 0x1497a3812640>,104,19,[8 2],105,760,779,655,751
1,<environment.Job instance at 0x1497a38122d0>,105,20,[ 1 12],106,777,797,671,769
1,<environment.Job instance at 0x1497a57449b0>,87,12,[ 1 12],88,797,809,709,788
1,<environment.Job instance at 0x1497aa1b1eb0>,107,23,[9 2],108,788,811,680,788
1,<environment.Job instance at 0x1497aa1b1460>,109,17,[ 2 14],110,813,830,703,813
1,<environment.Job instance at 0x1497aa1b1aa0>,110,3,[2 8],111,830,833,719,824
1,<environment.Job instance at 0x1497aa1b1be0>,111,28,[12  1],112,824,852,712,824
1,<environment.Job instance at 0x1497aa1b19b0>,112,2,[ 1 11],113,843,845,730,843
1,<environment.Job instance at 0x1497aa1b1870>,113,19,[10  2],114,852,871,738,843
1,<environment.Job instance at 0x1497aa1b14b0>,114,2,[ 1 10],115,857,859,742,857
1,<environment.Job instance at 0x1497aa1b13c0>,115,22,[9 1],116,871,893,755,864
1,<environment.Job instance at 0x1497aa1b1140>,116,20,[8 2],117,893,913,776,884
1,<environment.Job instance at 0x1497aa1b1af0>,117,27,[14  2],118,913,940,795,911
1,<environment.Job instance at 0x1497aa1b17d0>,118,15,[ 1 12],119,915,930,796,915
1,<environment.Job instance at 0x1497aa1b11e0>,119,2,[ 1 13],120,930,932,810,922
1,<environment.Job instance at 0x1497aa1bd0f0>,121,18,[8 2],122,940,958,818,929
1,<environment.Job instance at 0x1497aa1bd910>,122,18,[ 1 11],123,932,950,809,930
1,<environment.Job instance at 0x1497aa1bdb40>,123,25,[10  1],124,958,983,834,954
1,<environment.Job instance at 0x1497aa1bd050>,124,24,[ 1 14],125,958,982,833,954
1,<environment.Job instance at 0x1497aa1bdcd0>,126,1,[14  1],127,983,984,856,958
1,<environment.Job instance at 0x1497aa1bd230>,127,28,[6 1],128,984,1012,856,983
1,<environment.Job instance at 0x1497aa1bd820>,128,20,[ 1 11],129,984,1004,855,984
1,<environment.Job instance at 0x1497aa1bd190>,129,27,[2 6],130,1004,1031,874,1002
1,<environment.Job instance at 0x1497aa1bddc0>,130,26,[8 1],131,1012,1038,881,1009
1,<environment.Job instance at 0x1497aa1b1780>,106,12,[ 1 11],107,1034,1046,927,1034
1,<environment.Job instance at 0x1497aa1bd7d0>,132,14,[6 1],133,1034,1048,901,1034
1,<environment.Job instance at 0x1497a0073960>,134,21,[ 2 14],135,1046,1067,911,1038
1,<environment.Job instance at 0x1497a0073dc0>,135,22,[14  1],136,1067,1089,931,1060
1,<environment.Job instance at 0x1497a61ed140>,137,26,[6 2],138,1089,1115,951,1086
1,<environment.Job instance at 0x1497aaace370>,23,15,[ 2 14],24,1115,1130,1091,1110
1,<environment.Job instance at 0x1497a3f825f0>,65,2,[ 2 13],66,1130,1132,1064,1118
1,<environment.Job instance at 0x1497a3812e60>,100,16,[ 1 14],101,1132,1148,1031,1126
1,<environment.Job instance at 0x1497aa1bd8c0>,131,12,[ 1 14],132,1272,1284,1140,1272
1,<environment.Job instance at 0x1497ac0bd820>,2,22,[14  2],3,3,25,0,3
1,<environment.Job instance at 0x1497ac0bd500>,4,27,[ 2 14],5,25,52,20,23
1,<environment.Job instance at 0x1497a9b15b90>,7,24,[12  2],8,52,76,44,47
1,<environment.Job instance at 0x1497a9b15320>,9,2,[ 2 11],10,57,59,47,57
1,<environment.Job instance at 0x1497a9b15460>,12,23,[11  2],13,76,99,63,71
1,<environment.Job instance at 0x1497a9b155f0>,13,3,[ 1 12],14,87,90,73,87
1,<environment.Job instance at 0x1497a9b15c30>,16,3,[ 1 10],17,90,93,73,90
1,<environment.Job instance at 0x1497a3d40a50>,19,28,[7 1],20,99,127,79,98
1,<environment.Job instance at 0x1497a9b150a0>,15,24,[ 2 14],16,99,123,83,99
1,<environment.Job instance at 0x1497a9b159b0>,14,22,[10  1],15,127,149,112,120
1,<environment.Job instance at 0x1497a3d401e0>,20,21,[ 1 14],21,123,144,102,121
1,<environment.Job instance at 0x1497a3d403c0>,26,21,[ 2 12],27,144,165,117,141
1,<environment.Job instance at 0x1497a3d40b90>,29,23,[8 2],30,149,172,119,145
1,<environment.Job instance at 0x1497a3d406e0>,32,23,[2 6],33,165,188,132,162
1,<environment.Job instance at 0x1497a3d40050>,30,23,[13  2],31,172,195,141,169
1,<environment.Job instance at 0x1497a3d40f00>,34,28,[11  1],35,197,225,162,197
1,<environment.Job instance at 0x1497a5ef3780>,36,22,[11  2],37,225,247,188,218
1,<environment.Job instance at 0x1497a5ef3b90>,37,28,[13  1],38,247,275,209,247
1,<environment.Job instance at 0x1497a3d40d70>,33,2,[12  2],34,275,277,241,273
1,<environment.Job instance at 0x1497a5ef3190>,40,24,[ 1 10],41,273,297,232,273
1,<environment.Job instance at 0x1497a5ef35a0>,41,28,[ 2 13],42,297,325,255,296
1,<environment.Job instance at 0x1497a5ef3be0>,42,26,[ 1 14],43,325,351,282,322
1,<environment.Job instance at 0x1497a9b155a0>,11,2,[ 1 13],12,351,353,339,324
1,<environment.Job instance at 0x1497a5ef31e0>,45,2,[1 8],46,353,355,307,328
1,<environment.Job instance at 0x1497a5ef3e10>,46,27,[8 2],47,351,378,304,349
1,<environment.Job instance at 0x1497ac0bd780>,3,3,[12  2],4,378,381,374,354
1,<environment.Job instance at 0x1497a5ef3fa0>,48,25,[11  1],49,381,406,332,377
1,<environment.Job instance at 0x1497a5ef3d70>,47,1,[ 2 13],48,382,383,334,382
1,<environment.Job instance at 0x1497a5ef3320>,50,28,[14  2],51,406,434,355,405
1,<environment.Job instance at 0x1497a5ef3b40>,52,27,[ 1 13],53,406,433,353,406
1,<environment.Job instance at 0x1497a5ef3a00>,53,23,[11  1],54,434,457,380,429
1,<environment.Job instance at 0x1497a9b0c370>,54,27,[13  1],55,457,484,402,455
1,<environment.Job instance at 0x1497a5ef3960>,38,16,[ 1 12],39,491,507,452,491
1,<environment.Job instance at 0x1497a9b0c280>,57,19,[9 1],58,493,512,435,493
1,<environment.Job instance at 0x1497a9b0cb90>,59,25,[ 1 12],60,507,532,447,503
1,<environment.Job instance at 0x1497a9b0c730>,61,28,[ 2 13],62,532,560,470,531
1,<environment.Job instance at 0x1497a9b0c820>,62,23,[5 1],63,534,557,471,534
1,<environment.Job instance at 0x1497aba33be0>,64,26,[ 2 14],65,560,586,495,557
1,<environment.Job instance at 0x1497aba330a0>,66,18,[12  1],67,578,596,511,578
1,<environment.Job instance at 0x1497aba33b40>,67,2,[11  2],68,596,598,528,595
1,<environment.Job instance at 0x1497aba33a50>,68,28,[6 1],69,598,626,529,597
1,<environment.Job instance at 0x1497a9b0cf50>,56,3,[ 1 13],57,613,616,556,613
1,<environment.Job instance at 0x1497aba335a0>,70,23,[14  1],71,626,649,555,622
1,<environment.Job instance at 0x1497aba33e10>,69,25,[14  1],70,649,674,579,645
1,<environment.Job instance at 0x1497a5ef33c0>,49,3,[12  1],50,674,677,624,654
1,<environment.Job instance at 0x1497aba33b90>,75,22,[ 2 10],76,674,696,598,667
1,<environment.Job instance at 0x1497aba33230>,77,27,[8 2],78,677,704,599,675
1,<environment.Job instance at 0x1497acc05320>,81,2,[ 2 13],82,708,710,626,708
1,<environment.Job instance at 0x1497a5ef3d20>,43,15,[11  1],44,713,728,669,713
1,<environment.Job instance at 0x1497a5ef3230>,39,14,[11  1],40,728,742,688,715
1,<environment.Job instance at 0x1497a58a5690>,86,17,[ 2 11],87,718,735,631,718
1,<environment.Job instance at 0x1497acc05fa0>,79,2,[ 2 14],80,741,743,661,741
1,<environment.Job instance at 0x1497a565a820>,90,24,[8 2],91,743,767,652,741
1,<environment.Job instance at 0x1497a565a140>,91,19,[14  1],92,767,786,675,758
1,<environment.Job instance at 0x1497a565a5f0>,92,26,[7 2],93,786,812,693,783
1,<environment.Job instance at 0x1497a565ab90>,93,2,[ 1 12],94,794,796,700,794
1,<environment.Job instance at 0x1497a565a640>,96,1,[2 9],97,800,801,703,800
1,<environment.Job instance at 0x1497a58a5e10>,88,18,[12  2],89,812,830,723,801
1,<environment.Job instance at 0x1497a58a5d70>,89,3,[ 1 13],90,815,818,725,815
1,<environment.Job instance at 0x1497a565a320>,98,27,[12  1],99,830,857,731,828
1,<environment.Job instance at 0x1497a5f04320>,100,26,[ 2 14],101,830,856,729,830
1,<environment.Job instance at 0x1497766b4460>,102,24,[14  1],103,857,881,754,852
1,<environment.Job instance at 0x1497766b42d0>,104,1,[ 1 11],105,856,857,751,852
1,<environment.Job instance at 0x1497a58a5c30>,82,15,[14  1],83,881,896,798,868
1,<environment.Job instance at 0x1497766b4050>,109,25,[12  2],110,896,921,786,893
1,<environment.Job instance at 0x1497766b4c30>,110,23,[2 5],111,896,919,785,894
1,<environment.Job instance at 0x1497a5f040f0>,99,2,[ 1 14],100,921,923,821,909
1,<environment.Job instance at 0x1497aabb5d70>,113,17,[9 1],114,921,938,807,909
1,<environment.Job instance at 0x1497aabb5640>,114,1,[13  1],115,938,939,823,911
1,<environment.Job instance at 0x1497aabb5fa0>,115,24,[14  1],116,939,963,823,934
1,<environment.Job instance at 0x1497aabb50a0>,117,24,[13  2],118,963,987,845,958
1,<environment.Job instance at 0x1497aabb59b0>,116,19,[ 2 11],117,966,985,849,966
1,<environment.Job instance at 0x1497aabb5190>,120,24,[5 2],121,987,1011,866,983
1,<environment.Job instance at 0x1497aabb5780>,122,27,[5 1],123,987,1014,864,985
1,<environment.Job instance at 0x1497aabb53c0>,123,27,[ 2 11],124,985,1012,861,985
1,<environment.Job instance at 0x1497aabb5050>,124,28,[12  1],125,1014,1042,889,1013
1,<environment.Job instance at 0x1497aabb5500>,126,2,[ 1 11],127,1017,1019,890,1017
1,<environment.Job instance at 0x1497a5eb2410>,127,20,[13  2],128,1042,1062,914,1033
1,<environment.Job instance at 0x1497a5eb2b40>,128,26,[9 2],129,1062,1088,933,1059
1,<environment.Job instance at 0x1497a3f86410>,131,1,[5 1],132,1062,1063,930,1061
1,<environment.Job instance at 0x1497ac0ec0f0>,132,1,[ 2 13],133,1067,1068,934,1067
1,<environment.Job instance at 0x1497ac0d6370>,133,1,[14  1],134,1088,1089,954,1068
1,<environment.Job instance at 0x1497ac0d6230>,134,23,[ 1 10],135,1069,1092,934,1069
1,<environment.Job instance at 0x1497a61de4b0>,135,3,[7 1],136,1089,1092,953,1069
1,<environment.Job instance at 0x1497766b4cd0>,106,16,[11  1],107,1092,1108,985,1089
1,<environment.Job instance at 0x1497aba33730>,74,14,[14  1],75,1108,1122,1033,1103
1,<environment.Job instance at 0x1497766b4dc0>,107,18,[13  2],108,1122,1140,1014,1112
1,<environment.Job instance at 0x1497aabb5870>,121,14,[ 2 12],122,1357,1371,1235,1357
1,<environment.Job instance at 0x14977671ae60>,8,20,[ 2 14],9,11,31,2,11
1,<environment.Job instance at 0x14977671a2d0>,10,1,[13  2],11,31,32,20,22
1,<environment.Job instance at 0x149776724500>,6,2,[ 1 14],7,32,34,25,23
1,<environment.Job instance at 0x14977671a7d0>,12,27,[ 1 11],13,34,61,21,34
1,<environment.Job instance at 0x14977671a8c0>,14,28,[2 7],15,61,89,46,60
1,<environment.Job instance at 0x14977671ab40>,15,23,[1 7],16,61,84,45,60
1,<environment.Job instance at 0x14977671a0a0>,9,3,[ 2 13],10,89,92,79,82
1,<environment.Job instance at 0x1497a58bb500>,18,28,[14  1],19,92,120,73,91
1,<environment.Job instance at 0x1497a58bb050>,19,12,[1 7],20,96,108,76,96
1,<environment.Job instance at 0x149776724820>,5,3,[ 1 11],6,108,111,102,96
1,<environment.Job instance at 0x1497a58bb550>,20,16,[1 6],21,111,127,90,103
1,<environment.Job instance at 0x1497a58bb640>,21,17,[1 5],22,120,137,98,109
1,<environment.Job instance at 0x1497a58bb5f0>,24,1,[ 2 13],25,137,138,112,109
1,<environment.Job instance at 0x1497a58bb910>,25,1,[10  1],26,120,121,94,109
1,<environment.Job instance at 0x1497a58bbaa0>,29,23,[11  2],30,121,144,91,119
1,<environment.Job instance at 0x14977671a140>,13,2,[ 1 13],14,138,140,124,123
1,<environment.Job instance at 0x1497a58bbbe0>,31,21,[ 1 13],32,140,161,108,133
1,<environment.Job instance at 0x1497a58bbdc0>,32,22,[11  2],33,144,166,111,138
1,<environment.Job instance at 0x1497a58bb8c0>,27,3,[13  1],28,176,179,148,176
1,<environment.Job instance at 0x1497aab4a0a0>,36,28,[10  2],37,179,207,142,178
1,<environment.Job instance at 0x1497aab4a140>,37,28,[ 1 10],38,179,207,141,179
1,<environment.Job instance at 0x1497a58bb6e0>,23,2,[13  1],24,207,209,183,197
1,<environment.Job instance at 0x1497a58bbd20>,33,3,[ 1 12],34,207,210,173,200
1,<environment.Job instance at 0x1497aab4a3c0>,41,28,[10  2],42,209,237,167,208
1,<environment.Job instance at 0x1497aab4a320>,40,19,[11  2],41,237,256,196,228
1,<environment.Job instance at 0x1497aab4a280>,39,17,[12  1],40,256,273,216,246
1,<environment.Job instance at 0x1497aab4a640>,45,26,[10  2],46,273,299,227,270
1,<environment.Job instance at 0x1497aab4a780>,47,25,[ 1 11],48,279,304,231,279
1,<environment.Job instance at 0x1497aab4a1e0>,38,12,[11  1],39,302,314,263,302
1,<environment.Job instance at 0x1497aab4a500>,43,1,[ 1 11],44,304,305,260,303
1,<environment.Job instance at 0x1497aab4ac80>,54,26,[2 7],55,328,354,273,328
1,<environment.Job instance at 0x1497aab4a960>,50,3,[ 1 12],51,354,357,303,335
1,<environment.Job instance at 0x1497aab4aaa0>,52,16,[13  1],53,338,354,285,338
1,<environment.Job instance at 0x1497aab4ae60>,57,24,[14  1],58,354,378,296,349
1,<environment.Job instance at 0x1497aab4ad20>,56,2,[11  1],57,378,380,321,356
1,<environment.Job instance at 0x1497aab4af50>,59,16,[14  2],60,380,396,320,372
1,<environment.Job instance at 0x1497aab4adc0>,58,14,[11  2],59,401,415,342,401
1,<environment.Job instance at 0x1497a58bb690>,22,13,[ 1 12],23,404,417,381,404
1,<environment.Job instance at 0x1497aab3f320>,62,18,[1 8],63,417,435,354,411
1,<environment.Job instance at 0x1497aab3f460>,63,3,[ 2 13],64,435,438,371,412
1,<environment.Job instance at 0x1497aab3f500>,64,27,[11  1],65,415,442,350,413
1,<environment.Job instance at 0x1497aab3f5a0>,65,25,[2 6],66,438,463,372,434
1,<environment.Job instance at 0x1497aab3f5f0>,66,19,[ 2 11],67,463,482,396,454
1,<environment.Job instance at 0x1497aab3f7d0>,67,12,[ 2 12],68,518,530,450,518
1,<environment.Job instance at 0x1497aab3f780>,68,24,[5 2],69,519,543,450,519
1,<environment.Job instance at 0x1497aab3f9b0>,70,18,[6 2],71,530,548,459,520
1,<environment.Job instance at 0x1497aab3fa50>,71,14,[ 2 11],72,530,544,458,529
1,<environment.Job instance at 0x1497aab3faf0>,72,20,[12  2],73,548,568,475,539
1,<environment.Job instance at 0x1497aab3fb90>,73,2,[12  1],74,568,570,494,541
1,<environment.Job instance at 0x1497aab3fc30>,74,2,[11  1],75,570,572,495,544
1,<environment.Job instance at 0x1497aab3fcd0>,75,2,[7 2],76,545,547,469,545
1,<environment.Job instance at 0x1497aab3f410>,61,12,[ 1 13],62,547,559,485,545
1,<environment.Job instance at 0x1497aab3fe10>,77,22,[14  2],78,572,594,494,567
1,<environment.Job instance at 0x1497aab3fd70>,76,25,[13  1],77,594,619,517,590
1,<environment.Job instance at 0x1497aab3ff00>,80,21,[ 1 10],81,591,612,510,591
1,<environment.Job instance at 0x1497aab4abe0>,55,1,[ 1 14],56,612,613,556,603
1,<environment.Job instance at 0x1497aab411e0>,83,26,[12  1],84,619,645,535,616
1,<environment.Job instance at 0x1497aab41460>,87,26,[ 2 14],88,619,645,531,619
1,<environment.Job instance at 0x1497aab415a0>,90,1,[12  2],91,645,646,554,644
1,<environment.Job instance at 0x1497aab413c0>,86,22,[ 2 10],87,645,667,558,645
1,<environment.Job instance at 0x1497aab41a50>,94,26,[ 1 11],95,667,693,572,664
1,<environment.Job instance at 0x1497aab41050>,82,3,[ 2 13],83,693,696,610,671
1,<environment.Job instance at 0x1497a3c83820>,97,22,[7 1],98,671,693,573,671
1,<environment.Job instance at 0x1497a3d0e2d0>,98,25,[ 1 12],99,696,721,597,692
1,<environment.Job instance at 0x1497a3d0e960>,99,25,[12  1],100,693,718,593,692
1,<environment.Job instance at 0x1497764f11e0>,100,23,[13  2],101,718,741,617,712
1,<environment.Job instance at 0x149776a68b40>,96,15,[ 1 12],97,721,736,624,712
1,<environment.Job instance at 0x1497aa1c63c0>,104,28,[ 1 13],105,736,764,631,735
1,<environment.Job instance at 0x149776516370>,105,1,[9 1],106,741,742,635,736
1,<environment.Job instance at 0x149776829820>,106,26,[ 2 13],107,764,790,657,761
1,<environment.Job instance at 0x1497767130f0>,107,25,[11  1],108,761,786,653,761
1,<environment.Job instance at 0x1497764dbb90>,108,1,[ 2 10],109,790,791,681,764
1,<environment.Job instance at 0x1497aa1c2730>,111,27,[1 7],112,791,818,679,789
1,<environment.Job instance at 0x1497aa1e7870>,112,22,[5 1],113,789,811,676,789
1,<environment.Job instance at 0x1497a3cfb910>,114,22,[10  2],115,811,833,696,804
1,<environment.Job instance at 0x1497aab49d20>,102,1,[13  2],103,833,834,730,819
1,<environment.Job instance at 0x1497a3cfb730>,117,24,[1 6],118,821,845,703,821
1,<environment.Job instance at 0x1497aab3f190>,60,14,[ 1 13],61,892,906,831,892
1,<environment.Job instance at 0x1497a3cfbeb0>,119,24,[1 8],120,906,930,786,901
1,<environment.Job instance at 0x1497aa1ed690>,121,22,[7 2],122,914,936,792,914
1,<environment.Job instance at 0x1497a5e9cc80>,123,14,[10  2],124,936,950,812,927
1,<environment.Job instance at 0x1497a6182370>,125,21,[13  2],126,950,971,824,943
1,<environment.Job instance at 0x1497763e6960>,126,26,[1 7],127,943,969,816,943
1,<environment.Job instance at 0x14977681c640>,128,2,[1 5],129,958,960,829,958
1,<environment.Job instance at 0x14977681c690>,129,3,[1 7],130,969,972,839,962
1,<environment.Job instance at 0x14977681c0f0>,130,22,[ 1 11],131,972,994,841,967
1,<environment.Job instance at 0x149776819190>,131,26,[8 1],132,971,997,839,968
1,<environment.Job instance at 0x14977681ecd0>,132,2,[ 1 14],133,994,996,861,977
1,<environment.Job instance at 0x1497aab4a5a0>,44,13,[ 1 11],45,1011,1024,966,1011
1,<environment.Job instance at 0x1497a5e28500>,135,23,[ 2 13],136,1024,1047,888,1018
1,<environment.Job instance at 0x1497a5e28910>,136,27,[ 1 14],137,1047,1074,910,1045
1,<environment.Job instance at 0x1497a5e28aa0>,137,19,[7 1],138,1046,1065,908,1046
1,<environment.Job instance at 0x1497a3cfb3c0>,118,14,[12  2],119,1074,1088,955,1060
1,<environment.Job instance at 0x1497aab418c0>,93,1,[ 2 12],94,1088,1089,994,1088
1,<environment.Job instance at 0x1497a3cfb6e0>,115,12,[ 2 13],116,1099,1111,983,1099
1,<environment.Job instance at 0x14977681eaf0>,134,12,[ 2 14],135,1111,1123,976,1103
1,<environment.Job instance at 0x1497a5e8d5f0>,0,27,[ 1 10],1,1,28,0,1
1,<environment.Job instance at 0x1497a5e28dc0>,1,27,[2 5],2,3,30,1,3
1,<environment.Job instance at 0x1497a5e8d320>,2,28,[ 1 12],3,30,58,27,29
1,<environment.Job instance at 0x14977699cdc0>,11,28,[14  1],12,30,58,18,30
1,<environment.Job instance at 0x14977699ca00>,14,25,[ 1 14],15,58,83,43,56
1,<environment.Job instance at 0x14977699cc30>,12,24,[11  1],13,70,94,57,70
1,<environment.Job instance at 0x14977699ccd0>,8,26,[ 1 11],9,83,109,74,80
1,<environment.Job instance at 0x1497a3813a00>,21,20,[12  1],22,94,114,72,86
1,<environment.Job instance at 0x1497a3813280>,26,26,[12  1],27,114,140,87,111
1,<environment.Job instance at 0x1497a3813230>,27,25,[ 2 14],28,111,136,83,111
1,<environment.Job instance at 0x1497764a83c0>,29,3,[ 2 14],30,136,139,106,130
1,<environment.Job instance at 0x1497a38135f0>,30,22,[ 2 10],31,139,161,108,133
1,<environment.Job instance at 0x1497a3813dc0>,18,21,[12  1],19,147,168,128,147
1,<environment.Job instance at 0x14977647bcd0>,31,27,[ 2 10],32,161,188,129,159
1,<environment.Job instance at 0x1497a38136e0>,23,20,[ 1 12],24,188,208,164,181
1,<environment.Job instance at 0x14977647bb40>,34,20,[ 1 11],35,208,228,173,199
1,<environment.Job instance at 0x14977647b5f0>,36,28,[2 7],37,228,256,191,227
1,<environment.Job instance at 0x14977647b1e0>,37,27,[1 5],38,228,255,190,227
1,<environment.Job instance at 0x1497a56e6640>,40,28,[11  1],41,235,263,194,235
1,<environment.Job instance at 0x1497a5e0a6e0>,42,21,[14  2],43,263,284,220,255
1,<environment.Job instance at 0x1497a5e0a7d0>,43,1,[1 7],44,259,260,215,259
1,<environment.Job instance at 0x1497a56530f0>,44,21,[14  1],45,284,305,239,278
1,<environment.Job instance at 0x1497a5653e60>,45,21,[8 2],46,305,326,259,297
1,<environment.Job instance at 0x1497a5653690>,46,2,[8 2],47,326,328,279,307
1,<environment.Job instance at 0x1497a5653c80>,47,2,[13  1],48,328,330,280,317
1,<environment.Job instance at 0x1497a3813690>,19,2,[14  1],20,330,332,310,330
1,<environment.Job instance at 0x1497a5653fa0>,49,26,[2 5],50,332,358,282,330
1,<environment.Job instance at 0x1497a5653870>,50,23,[13  2],51,332,355,281,330
1,<environment.Job instance at 0x1497a5653550>,52,22,[ 2 11],53,358,380,305,351
1,<environment.Job instance at 0x14977647b190>,33,15,[13  2],34,355,370,321,354
1,<environment.Job instance at 0x1497a5d9e230>,55,25,[7 1],56,370,395,314,366
1,<environment.Job instance at 0x1497a56533c0>,53,21,[ 1 13],54,380,401,326,376
1,<environment.Job instance at 0x1497a5d9e0a0>,56,26,[ 2 10],57,401,427,344,398
1,<environment.Job instance at 0x14977647b410>,32,1,[ 1 12],33,427,428,394,412
1,<environment.Job instance at 0x1497a3d5adc0>,58,23,[1 9],59,428,451,369,422
1,<environment.Job instance at 0x1497a3d5a460>,60,1,[13  1],61,452,453,391,452
1,<environment.Job instance at 0x1497a5638780>,63,25,[ 1 12],64,453,478,389,453
1,<environment.Job instance at 0x1497a5638500>,64,27,[5 2],65,453,480,388,453
1,<environment.Job instance at 0x1497a3d5aaf0>,57,19,[ 2 13],58,478,497,420,468
1,<environment.Job instance at 0x1497a56535a0>,48,16,[ 2 11],49,497,513,448,491
1,<environment.Job instance at 0x1497a5dc6eb0>,67,27,[8 1],68,492,519,424,492
1,<environment.Job instance at 0x1497a5638870>,66,27,[ 2 12],67,513,540,446,511
1,<environment.Job instance at 0x1497a5dc6280>,69,20,[11  1],70,521,541,451,521
1,<environment.Job instance at 0x1497a5dc6690>,68,20,[ 2 12],69,540,560,471,533
1,<environment.Job instance at 0x1497a5669af0>,71,22,[13  2],72,541,563,469,535
1,<environment.Job instance at 0x1497a5669410>,74,26,[5 1],75,563,589,488,561
1,<environment.Job instance at 0x1497a5669140>,72,1,[ 2 11],73,572,573,499,572
1,<environment.Job instance at 0x1497a56385a0>,65,16,[12  1],66,589,605,523,589
1,<environment.Job instance at 0x1497a5669280>,76,19,[ 2 13],77,597,616,520,597
1,<environment.Job instance at 0x1497a5669500>,79,2,[11  2],80,626,628,546,626
1,<environment.Job instance at 0x1497a5761cd0>,81,27,[13  2],82,628,655,546,626
1,<environment.Job instance at 0x1497a5761820>,82,23,[7 2],83,655,678,572,649
1,<environment.Job instance at 0x1497a5761730>,83,21,[ 2 13],84,649,670,565,649
1,<environment.Job instance at 0x1497a5761780>,84,19,[13  1],85,678,697,593,670
1,<environment.Job instance at 0x149776b53910>,85,21,[ 2 10],86,670,691,584,670
1,<environment.Job instance at 0x1497a5761960>,86,25,[13  2],87,697,722,610,693
1,<environment.Job instance at 0x1497a57b6be0>,87,1,[14  1],88,722,723,634,701
1,<environment.Job instance at 0x1497a57b6640>,88,24,[8 1],89,723,747,634,718
1,<environment.Job instance at 0x1497a57b6aa0>,90,3,[ 1 11],91,740,743,649,740
1,<environment.Job instance at 0x1497a57b6d70>,91,3,[ 2 11],92,749,752,657,749
1,<environment.Job instance at 0x1497a57b6230>,92,3,[1 6],93,752,755,659,749
1,<environment.Job instance at 0x1497a5e542d0>,93,1,[10  1],94,756,757,662,756
1,<environment.Job instance at 0x1497a5e541e0>,94,23,[ 2 11],95,756,779,661,756
1,<environment.Job instance at 0x1497a3cc25f0>,95,22,[9 1],96,757,779,661,756
1,<environment.Job instance at 0x1497a3cc2190>,96,19,[1 5],97,779,798,682,773
1,<environment.Job instance at 0x1497a5761370>,80,17,[ 1 12],81,798,815,717,791
1,<environment.Job instance at 0x1497a3cc20a0>,98,1,[13  2],99,809,810,710,809
1,<environment.Job instance at 0x1497a3cc2640>,100,21,[2 5],101,815,836,714,810
1,<environment.Job instance at 0x1497aabf7be0>,101,19,[ 1 11],102,836,855,734,830
1,<environment.Job instance at 0x1497aabf7aa0>,103,24,[ 1 14],104,855,879,751,850
1,<environment.Job instance at 0x1497a3cc2230>,99,2,[ 1 11],100,879,881,779,858
1,<environment.Job instance at 0x1497aabf79b0>,106,25,[9 2],107,879,904,772,875
1,<environment.Job instance at 0x1497aabf7690>,108,14,[11  1],109,904,918,795,889
1,<environment.Job instance at 0x1497aabf75f0>,104,18,[13  2],105,918,936,813,914
1,<environment.Job instance at 0x1497766c4dc0>,111,27,[11  2],112,936,963,824,934
1,<environment.Job instance at 0x149776460f00>,114,25,[8 2],115,963,988,848,960
1,<environment.Job instance at 0x1497766c4b40>,112,1,[5 1],113,964,965,851,964
1,<environment.Job instance at 0x1497a579bc30>,116,27,[14  2],117,988,1015,871,986
1,<environment.Job instance at 0x14977699c500>,5,12,[ 2 12],6,1015,1027,1009,1012
1,<environment.Job instance at 0x1497a579b190>,119,28,[6 1],120,1015,1043,895,1014
1,<environment.Job instance at 0x1497a579b140>,120,22,[6 1],121,1015,1037,894,1015
1,<environment.Job instance at 0x1497a579b370>,121,27,[6 1],122,1037,1064,915,1037
1,<environment.Job instance at 0x1497a579b690>,122,2,[1 6],123,1047,1049,924,1047
1,<environment.Job instance at 0x149776460910>,115,19,[13  1],116,1064,1083,948,1060
1,<environment.Job instance at 0x1497a579b280>,124,2,[ 1 13],125,1074,1076,949,1074
1,<environment.Job instance at 0x1497a579ba50>,126,3,[14  1],127,1083,1086,956,1079
1,<environment.Job instance at 0x1497a579b780>,127,22,[2 5],128,1086,1108,958,1079
1,<environment.Job instance at 0x1497a579bb90>,128,19,[14  2],129,1108,1127,979,1099
1,<environment.Job instance at 0x1497a5669d20>,75,16,[11  2],76,1134,1150,1058,1134
1,<environment.Job instance at 0x1497a579bb40>,123,13,[12  2],124,1150,1163,1026,1136
1,<environment.Job instance at 0x1497a5e90370>,134,22,[1 7],135,1146,1168,1011,1146
1,<environment.Job instance at 0x14977649a050>,136,28,[2 9],137,1168,1196,1031,1167
1,<environment.Job instance at 0x1497763f9c80>,137,23,[ 2 10],138,1196,1219,1058,1190
1,<environment.Job instance at 0x149776759140>,129,13,[ 1 13],130,1220,1233,1090,1220
1,<environment.Job instance at 0x1497769b10a0>,133,13,[ 1 12],134,1257,1270,1123,1257
1,<environment.Job instance at 0x1497a579b9b0>,125,16,[ 2 12],126,1949,1965,1823,1949
1,<environment.Job instance at 0x149776611780>,1,28,[12  2],2,2,30,0,2
1,<environment.Job instance at 0x1497a3d5c550>,4,26,[2 9],5,7,33,2,7
1,<environment.Job instance at 0x149776611870>,3,28,[11  2],4,30,58,26,30
1,<environment.Job instance at 0x1497762537d0>,11,25,[9 1],12,58,83,46,54
1,<environment.Job instance at 0x1497762a80a0>,6,1,[14  1],7,83,84,76,62
1,<environment.Job instance at 0x149776253640>,9,17,[ 1 11],10,63,80,53,63
1,<environment.Job instance at 0x1497a9af9690>,20,25,[ 1 11],21,80,105,59,76
1,<environment.Job instance at 0x1497a9af96e0>,17,28,[6 2],18,84,112,66,83
1,<environment.Job instance at 0x1497aab0d280>,22,2,[ 2 13],23,105,107,82,104
1,<environment.Job instance at 0x1497aab26f50>,25,24,[1 7],26,107,131,81,105
1,<environment.Job instance at 0x1497aaacbeb0>,26,22,[ 2 12],27,131,153,104,125
1,<environment.Job instance at 0x1497aaacb6e0>,27,26,[10  2],28,125,151,97,125
1,<environment.Job instance at 0x1497a9af95f0>,24,13,[ 2 14],25,153,166,128,137
1,<environment.Job instance at 0x149776253fa0>,15,18,[14  2],16,166,184,150,156
1,<environment.Job instance at 0x1497763bfb40>,32,1,[11  2],33,184,185,151,159
1,<environment.Job instance at 0x1497a9af9c80>,18,2,[12  1],19,185,187,166,172
1,<environment.Job instance at 0x1497766e4f00>,39,25,[ 2 14],40,185,210,145,183
1,<environment.Job instance at 0x1497a8498fa0>,42,23,[12  2],43,210,233,167,204
1,<environment.Job instance at 0x1497763bfd70>,31,19,[ 1 11],32,210,229,178,205
1,<environment.Job instance at 0x14977689c6e0>,23,2,[ 2 11],24,230,232,206,230
1,<environment.Job instance at 0x1497768de190>,33,2,[ 1 14],34,233,235,199,231
1,<environment.Job instance at 0x1497a5ea1190>,48,21,[6 2],49,235,256,186,231
1,<environment.Job instance at 0x1497a576a1e0>,49,27,[ 2 11],50,235,262,185,233
1,<environment.Job instance at 0x1497ac077aa0>,51,26,[14  1],52,262,288,210,259
1,<environment.Job instance at 0x1497a576af50>,50,20,[14  2],51,288,308,237,282
1,<environment.Job instance at 0x1497a4e20410>,54,22,[1 9],55,282,304,227,282
1,<environment.Job instance at 0x1497ac077320>,53,25,[13  1],54,308,333,254,304
1,<environment.Job instance at 0x1497a4e20d70>,57,27,[14  1],58,333,360,275,331
1,<environment.Job instance at 0x1497a4e20dc0>,55,1,[ 2 11],56,360,361,304,336
1,<environment.Job instance at 0x1497a4e20f50>,62,27,[ 1 12],63,361,388,298,359
1,<environment.Job instance at 0x1497ac086640>,63,26,[ 1 12],64,388,414,324,385
1,<environment.Job instance at 0x1497a4e20d20>,64,16,[12  2],65,399,415,334,399
1,<environment.Job instance at 0x1497a5edd640>,67,3,[1 5],68,414,417,346,411
1,<environment.Job instance at 0x1497a6151230>,69,2,[11  2],70,415,417,345,414
1,<environment.Job instance at 0x1497a61515a0>,70,2,[ 2 13],71,422,424,351,422
1,<environment.Job instance at 0x1497a6151a50>,71,1,[ 2 11],72,428,429,356,428
1,<environment.Job instance at 0x1497a6151960>,74,24,[ 1 10],75,430,454,355,430
1,<environment.Job instance at 0x1497a6151870>,75,22,[ 1 14],76,454,476,378,447
1,<environment.Job instance at 0x1497a6151b90>,76,3,[ 1 12],77,476,479,399,453
1,<environment.Job instance at 0x1497a6151e10>,77,22,[ 2 14],78,479,501,401,472
1,<environment.Job instance at 0x1497a6151640>,79,25,[1 6],80,501,526,421,497
1,<environment.Job instance at 0x1497a6151910>,80,23,[ 2 14],81,526,549,445,520
1,<environment.Job instance at 0x1497a6151050>,81,26,[ 1 12],82,549,575,467,546
1,<environment.Job instance at 0x1497a4e20320>,60,12,[11  1],61,559,571,498,559
1,<environment.Job instance at 0x1497a6151cd0>,83,26,[5 2],84,571,597,487,568
1,<environment.Job instance at 0x1497a6642820>,86,27,[6 1],87,572,599,485,572
1,<environment.Job instance at 0x1497acb0a410>,45,16,[ 2 14],46,597,613,551,593
1,<environment.Job instance at 0x1497a6642410>,89,25,[14  2],90,613,638,523,609
1,<environment.Job instance at 0x1497a6642e60>,93,17,[5 1],94,638,655,544,630
1,<environment.Job instance at 0x1497a66420a0>,94,23,[5 2],95,638,661,543,632
1,<environment.Job instance at 0x1497a6642dc0>,88,3,[ 1 13],89,633,636,544,633
1,<environment.Job instance at 0x1497a6642d70>,96,26,[8 2],97,655,681,558,652
1,<environment.Job instance at 0x1497a66423c0>,97,26,[1 9],98,652,678,554,652
1,<environment.Job instance at 0x1497a66422d0>,99,18,[1 5],100,678,696,578,669
1,<environment.Job instance at 0x1497a61519b0>,82,19,[ 2 14],83,696,715,613,686
1,<environment.Job instance at 0x1497a66425a0>,102,1,[ 1 12],103,715,716,612,707
1,<environment.Job instance at 0x1497a3ce7640>,107,26,[11  1],108,707,733,599,707
1,<environment.Job instance at 0x1497a3ce75a0>,108,24,[ 1 13],109,716,740,607,711
1,<environment.Job instance at 0x1497a3ce7960>,109,26,[ 1 10],110,740,766,630,737
1,<environment.Job instance at 0x1497a6642b40>,106,19,[ 2 14],107,766,785,659,756
1,<environment.Job instance at 0x1497a3ce7690>,111,26,[ 2 13],112,785,811,673,782
1,<environment.Job instance at 0x1497a3ce7c30>,112,25,[9 1],113,782,807,669,782
1,<environment.Job instance at 0x1497a3ce7a50>,113,2,[13  1],114,807,809,693,786
1,<environment.Job instance at 0x1497a3ce79b0>,115,14,[12  1],116,809,823,693,804
1,<environment.Job instance at 0x1497a3ce7190>,110,2,[14  2],111,823,825,712,808
1,<environment.Job instance at 0x1497a3ce7e10>,116,1,[12  2],117,825,826,708,818
1,<environment.Job instance at 0x1497a3ce74b0>,118,23,[ 1 14],119,826,849,707,820
1,<environment.Job instance at 0x1497a3ce7280>,117,19,[ 1 13],118,849,868,731,842
1,<environment.Job instance at 0x1497a3ce7460>,120,3,[2 6],121,868,871,747,850
1,<environment.Job instance at 0x1497a3ce7f50>,119,14,[ 1 12],120,871,885,751,860
1,<environment.Job instance at 0x1497a6642a00>,95,3,[11  2],96,860,863,764,860
1,<environment.Job instance at 0x1497a3ce71e0>,126,23,[9 1],127,872,895,745,872
1,<environment.Job instance at 0x1497a3ce7910>,127,28,[13  1],128,895,923,767,894
1,<environment.Job instance at 0x1497aa1c35a0>,131,26,[ 2 11],132,894,920,762,894
1,<environment.Job instance at 0x1497aa1c3640>,132,24,[ 2 11],133,920,944,787,915
1,<environment.Job instance at 0x1497a3ce7f00>,122,3,[ 2 12],123,944,947,821,918
1,<environment.Job instance at 0x1497aa1c3f50>,133,24,[6 1],134,923,947,789,918
1,<environment.Job instance at 0x1497aa1c3d70>,130,20,[ 1 13],131,947,967,816,941
1,<environment.Job instance at 0x1497aa1c3500>,136,1,[2 6],137,967,968,830,942
1,<environment.Job instance at 0x1497aa1c35f0>,137,1,[2 7],138,967,968,829,944
1,<environment.Job instance at 0x1497aa1c32d0>,134,16,[13  2],135,948,964,813,948
1,<environment.Job instance at 0x1497aa1c3eb0>,135,13,[12  1],136,968,981,832,964
1,<environment.Job instance at 0x1497a5ea14b0>,44,3,[12  1],45,981,984,936,974
1,<environment.Job instance at 0x1497ac10b500>,28,14,[ 2 14],29,1380,1394,1351,1380
1,<environment.Job instance at 0x1497aab4c910>,0,26,[8 2],1,1,27,0,1
1,<environment.Job instance at 0x1497aab4ceb0>,2,2,[ 2 12],3,13,15,10,13
1,<environment.Job instance at 0x1497ac10bc30>,1,24,[9 2],2,27,51,25,23
1,<environment.Job instance at 0x1497a61c7dc0>,5,1,[ 1 12],6,24,25,18,24
1,<environment.Job instance at 0x1497a61fd050>,9,23,[ 1 13],10,26,49,16,26
1,<environment.Job instance at 0x1497a61fd460>,13,25,[12  2],14,51,76,37,47
1,<environment.Job instance at 0x1497a61c7fa0>,6,1,[ 1 11],7,49,50,42,48
1,<environment.Job instance at 0x1497a61fd500>,16,28,[9 1],17,76,104,59,75
1,<environment.Job instance at 0x1497aab4c3c0>,3,1,[ 1 11],4,118,119,114,118
1,<environment.Job instance at 0x1497a61fd6e0>,18,22,[1 7],19,119,141,100,118
1,<environment.Job instance at 0x1497a61fd820>,20,26,[1 8],21,129,155,108,129
1,<environment.Job instance at 0x1497a61fd190>,21,1,[ 1 12],22,155,156,133,133
1,<environment.Job instance at 0x1497a61fdb40>,22,24,[13  2],23,141,165,118,136
1,<environment.Job instance at 0x1497a61fdc80>,23,27,[8 1],24,165,192,141,163
1,<environment.Job instance at 0x1497a61fdc30>,24,24,[7 1],25,165,189,140,163
1,<environment.Job instance at 0x1497a61fdd20>,26,15,[7 2],27,192,207,165,192
1,<environment.Job instance at 0x1497a61fdf50>,27,28,[ 1 13],28,192,220,164,192
1,<environment.Job instance at 0x1497a61fdfa0>,28,28,[ 2 12],29,220,248,191,219
1,<environment.Job instance at 0x1497a61fddc0>,29,24,[11  1],30,219,243,189,219
1,<environment.Job instance at 0x1497a61e3280>,31,2,[ 1 10],32,248,250,216,232
1,<environment.Job instance at 0x1497a61e3050>,32,26,[ 1 12],33,250,276,217,247
1,<environment.Job instance at 0x1497a61e3410>,33,26,[11  2],34,247,273,213,247
1,<environment.Job instance at 0x1497a61fd140>,10,17,[ 2 12],11,276,293,265,275
1,<environment.Job instance at 0x1497a61e3550>,35,2,[14  1],36,293,295,257,280
1,<environment.Job instance at 0x1497a61e3690>,37,19,[13  1],38,295,314,257,285
1,<environment.Job instance at 0x1497a61e3500>,38,1,[ 1 12],39,293,294,254,290
1,<environment.Job instance at 0x1497a61c7f00>,8,3,[ 2 13],9,295,298,286,292
1,<environment.Job instance at 0x1497a61e3910>,41,21,[2 6],42,298,319,256,298
1,<environment.Job instance at 0x1497a61e37d0>,39,19,[ 2 12],40,323,342,283,323
1,<environment.Job instance at 0x1497a61e3af0>,44,21,[13  2],45,323,344,278,323
1,<environment.Job instance at 0x1497a61e3b90>,45,25,[ 1 13],46,342,367,296,338
1,<environment.Job instance at 0x1497a61e3c30>,46,25,[ 2 12],47,367,392,320,363
1,<environment.Job instance at 0x1497a61e3f00>,50,21,[5 1],51,377,398,326,377
1,<environment.Job instance at 0x1497a61e3870>,40,28,[ 2 10],41,392,420,351,391
1,<environment.Job instance at 0x1497a61e3eb0>,51,24,[14  2],52,420,444,368,415
1,<environment.Job instance at 0x1497a61e80f0>,53,27,[6 1],54,444,471,390,442
1,<environment.Job instance at 0x1497a61e81e0>,54,1,[ 1 11],55,443,444,388,443
1,<environment.Job instance at 0x1497a61e8280>,55,22,[2 5],56,444,466,388,443
1,<environment.Job instance at 0x1497a61e84b0>,56,24,[ 2 14],57,466,490,409,461
1,<environment.Job instance at 0x1497a61e8050>,57,28,[9 1],58,471,499,413,470
1,<environment.Job instance at 0x1497a61e85f0>,58,28,[2 5],59,490,518,431,489
1,<environment.Job instance at 0x1497a61e8320>,59,25,[14  1],60,518,543,458,514
1,<environment.Job instance at 0x1497a61fd3c0>,15,16,[ 2 13],16,543,559,527,533
1,<environment.Job instance at 0x1497a61e80a0>,62,20,[2 9],63,559,579,496,550
1,<environment.Job instance at 0x1497a61e89b0>,64,18,[14  1],65,579,597,514,576
1,<environment.Job instance at 0x1497a61e8a50>,66,22,[11  2],67,597,619,530,590
1,<environment.Job instance at 0x1497a61e8a00>,67,1,[ 1 10],68,595,596,527,595
1,<environment.Job instance at 0x1497a61e87d0>,61,13,[ 1 13],62,596,609,534,595
1,<environment.Job instance at 0x1497a61e8460>,70,22,[ 2 12],71,612,634,541,612
1,<environment.Job instance at 0x1497a61e8d70>,71,27,[ 2 14],72,634,661,562,632
1,<environment.Job instance at 0x1497a61e8d20>,72,12,[ 2 11],73,672,684,599,672
1,<environment.Job instance at 0x1497a61e8230>,52,20,[11  2],53,684,704,631,684
1,<environment.Job instance at 0x1497a61e8e60>,74,19,[ 1 13],75,686,705,611,686
1,<environment.Job instance at 0x1497a61e8960>,76,1,[14  2],77,704,705,627,693
1,<environment.Job instance at 0x1497a61fe0a0>,77,19,[14  1],78,705,724,627,695
1,<environment.Job instance at 0x1497a61fe230>,78,24,[ 1 14],79,705,729,626,700
1,<environment.Job instance at 0x1497a61fe320>,79,25,[11  2],80,729,754,649,725
1,<environment.Job instance at 0x1497a61fd640>,17,14,[11  1],18,754,768,736,747
1,<environment.Job instance at 0x1497a61fe460>,81,23,[13  2],82,768,791,686,763
1,<environment.Job instance at 0x1497a61fe4b0>,80,16,[13  1],81,791,807,710,783
1,<environment.Job instance at 0x1497a61fe5a0>,83,3,[ 2 12],84,797,800,713,797
1,<environment.Job instance at 0x1497a61fe640>,84,26,[ 2 10],85,800,826,715,797
1,<environment.Job instance at 0x1497a61fe280>,82,2,[ 2 14],83,826,828,743,815
1,<environment.Job instance at 0x1497a61fe820>,87,24,[2 7],88,828,852,740,823
1,<environment.Job instance at 0x1497a61fe870>,86,16,[11  2],87,837,853,750,837
1,<environment.Job instance at 0x1497a61fe9b0>,88,20,[ 2 13],89,852,872,763,845
1,<environment.Job instance at 0x1497a61feaa0>,91,18,[13  2],92,853,871,761,852
1,<environment.Job instance at 0x1497a61febe0>,93,19,[ 2 11],94,872,891,778,867
1,<environment.Job instance at 0x1497a61fec80>,94,28,[ 1 11],95,891,919,796,890
1,<environment.Job instance at 0x1497a61feaf0>,95,26,[2 8],96,919,945,823,916
1,<environment.Job instance at 0x1497a61fecd0>,96,23,[2 8],97,945,968,848,939
1,<environment.Job instance at 0x1497a61fef50>,97,23,[1 7],98,939,962,841,939
1,<environment.Job instance at 0x1497a61fed70>,98,21,[14  2],99,968,989,869,961
1,<environment.Job instance at 0x1497a61fedc0>,99,20,[12  1],100,989,1009,889,983
1,<environment.Job instance at 0x1497a61fefa0>,100,3,[11  1],101,1009,1012,908,998
1,<environment.Job instance at 0x1497a61ea050>,101,28,[ 2 13],102,998,1026,896,998
1,<environment.Job instance at 0x1497a61ea280>,103,23,[5 1],104,1012,1035,908,1008
1,<environment.Job instance at 0x1497a61ea460>,106,21,[ 2 11],107,1026,1047,919,1020
1,<environment.Job instance at 0x1497a61ea500>,107,26,[2 6],108,1047,1073,939,1044
1,<environment.Job instance at 0x1497a61ea690>,108,17,[13  2],109,1046,1063,937,1046
1,<environment.Job instance at 0x1497a61ea730>,109,27,[1 9],110,1063,1090,953,1061
1,<environment.Job instance at 0x1497a61ea7d0>,110,23,[13  2],111,1073,1096,962,1067
1,<environment.Job instance at 0x1497a61eaa50>,114,17,[ 1 12],115,1105,1122,990,1105
1,<environment.Job instance at 0x1497a61eaaf0>,115,26,[5 2],116,1108,1134,992,1108
1,<environment.Job instance at 0x1497a61eab90>,116,23,[2 8],117,1122,1145,1005,1116
1,<environment.Job instance at 0x1497a61eadc0>,118,23,[8 1],119,1121,1144,1002,1121
1,<environment.Job instance at 0x1497a61fe500>,89,12,[ 2 14],90,1145,1157,1055,1142
1,<environment.Job instance at 0x1497a61eafa0>,121,21,[14  1],122,1157,1178,1035,1151
1,<environment.Job instance at 0x1497a61eae60>,120,17,[14  1],121,1178,1195,1057,1172
1,<environment.Job instance at 0x1497a61eaf00>,123,20,[12  1],124,1195,1215,1071,1186
1,<environment.Job instance at 0x1497a61c3280>,126,28,[13  2],127,1215,1243,1088,1214
1,<environment.Job instance at 0x1497a61c33c0>,128,15,[11  2],129,1243,1258,1114,1231
1,<environment.Job instance at 0x1497a61c3640>,129,19,[ 2 11],130,1231,1250,1101,1231
1,<environment.Job instance at 0x1497a61c34b0>,130,20,[ 1 12],131,1250,1270,1119,1241
1,<environment.Job instance at 0x1497a61c37d0>,131,28,[ 2 11],132,1270,1298,1138,1269
1,<environment.Job instance at 0x1497a61e8c80>,75,18,[13  1],76,1296,1314,1220,1296
1,<environment.Job instance at 0x1497a61eaf50>,122,17,[ 2 14],123,1307,1324,1184,1307
1,<environment.Job instance at 0x1497a61c3960>,135,2,[12  1],136,1316,1318,1180,1316
1,<environment.Job instance at 0x1497a61c3690>,132,1,[12  1],133,1326,1327,1193,1326
1,<environment.Job instance at 0x1497a581e140>,136,17,[ 1 12],137,1355,1372,1218,1355
1,<environment.Job instance at 0x1497a61e3a50>,43,13,[ 1 14],44,1406,1419,1362,1406
1,<environment.Job instance at 0x1497a61e70a0>,138,14,[11  2],139,1420,1434,1281,1420
1,<environment.Job instance at 0x1497a61e8dc0>,73,12,[ 1 12],74,1471,1483,1397,1471
1,<environment.Job instance at 0x149776314640>,5,24,[11  2],6,7,31,1,7
1,<environment.Job instance at 0x1497a61ca730>,2,1,[11  1],3,31,32,28,23
1,<environment.Job instance at 0x149776314a50>,3,19,[ 2 14],4,33,52,29,33
1,<environment.Job instance at 0x149776314910>,12,26,[13  1],13,47,73,34,47
1,<environment.Job instance at 0x149776314050>,13,24,[ 2 14],14,52,76,38,49
1,<environment.Job instance at 0x1497a61e8f50>,8,2,[ 2 14],9,76,78,67,50
1,<environment.Job instance at 0x1497a5e5eeb0>,16,25,[ 1 14],17,78,103,61,75
1,<environment.Job instance at 0x149776314280>,18,26,[10  1],19,86,112,67,86
1,<environment.Job instance at 0x149776add960>,20,23,[9 2],21,112,135,91,107
1,<environment.Job instance at 0x1497763143c0>,4,19,[14  1],5,135,154,130,130
1,<environment.Job instance at 0x149776642640>,22,24,[11  1],23,154,178,131,149
1,<environment.Job instance at 0x1497a61ca6e0>,1,3,[ 2 13],2,154,157,152,150
1,<environment.Job instance at 0x1497ac4d0960>,26,18,[2 6],27,157,175,130,152
1,<environment.Job instance at 0x149776335370>,28,2,[ 2 14],29,175,177,146,160
1,<environment.Job instance at 0x1497aabd7870>,31,2,[10  1],32,178,180,146,173
1,<environment.Job instance at 0x1497aabd7780>,32,22,[8 1],33,180,202,147,176
1,<environment.Job instance at 0x1497763141e0>,15,1,[ 2 14],16,200,201,184,200
1,<environment.Job instance at 0x149776b745f0>,34,22,[2 6],35,201,223,166,201
1,<environment.Job instance at 0x149776689280>,33,3,[ 1 11],34,223,226,189,201
1,<environment.Job instance at 0x1497766893c0>,35,3,[14  1],36,230,233,194,230
1,<environment.Job instance at 0x14977648ad70>,38,24,[ 1 12],39,234,258,195,234
1,<environment.Job instance at 0x149776b74690>,39,17,[14  2],40,260,277,220,260
1,<environment.Job instance at 0x14977648a5a0>,41,22,[ 2 12],42,277,299,235,270
1,<environment.Job instance at 0x149776b743c0>,36,1,[ 2 14],37,299,300,262,298
1,<environment.Job instance at 0x149776922730>,44,21,[9 1],45,299,320,254,299
1,<environment.Job instance at 0x1497acbd49b0>,43,3,[11  2],44,320,323,276,300
1,<environment.Job instance at 0x1497aa456140>,48,26,[9 1],49,323,349,274,320
1,<environment.Job instance at 0x1497a57baeb0>,49,25,[6 1],50,323,348,273,320
1,<environment.Job instance at 0x1497a57bae10>,50,23,[8 2],51,349,372,298,343
1,<environment.Job instance at 0x1497a57ba370>,51,27,[1 6],52,351,378,299,351
1,<environment.Job instance at 0x149776340690>,53,3,[12  2],54,372,375,318,372
1,<environment.Job instance at 0x149776340280>,54,21,[6 1],55,375,396,320,375
1,<environment.Job instance at 0x1497763405a0>,55,27,[12  2],56,396,423,340,394
1,<environment.Job instance at 0x1497763404b0>,56,23,[ 1 13],57,398,421,341,398
1,<environment.Job instance at 0x1497a61c8fa0>,59,15,[1 6],60,426,441,366,426
1,<environment.Job instance at 0x1497766423c0>,25,17,[ 1 14],26,459,476,433,459
1,<environment.Job instance at 0x1497a0057be0>,62,27,[13  1],63,460,487,397,460
1,<environment.Job instance at 0x1497a61c8690>,60,1,[ 2 12],61,531,532,470,531
1,<environment.Job instance at 0x1497a5702230>,65,13,[1 9],66,537,550,471,537
1,<environment.Job instance at 0x1497a57ba9b0>,52,14,[ 2 12],53,550,564,497,540
1,<environment.Job instance at 0x1497a5702a50>,67,21,[13  2],68,540,561,472,540
1,<environment.Job instance at 0x1497a61c80a0>,63,17,[ 2 12],64,574,591,510,574
1,<environment.Job instance at 0x149776be5140>,73,3,[ 1 14],74,629,632,555,629
1,<environment.Job instance at 0x1497a57023c0>,74,2,[10  2],75,632,634,557,630
1,<environment.Job instance at 0x1497a00714b0>,75,22,[6 1],76,634,656,558,630
1,<environment.Job instance at 0x1497a0071af0>,76,25,[ 2 12],77,632,657,555,630
1,<environment.Job instance at 0x149776ac3230>,78,19,[7 2],79,654,673,575,654
1,<environment.Job instance at 0x149776ac30f0>,79,27,[2 9],80,657,684,577,655
1,<environment.Job instance at 0x149776ac36e0>,80,25,[14  2],81,684,709,603,680
1,<environment.Job instance at 0x1497aab70910>,83,3,[1 6],84,718,721,634,718
1,<environment.Job instance at 0x1497aab70f50>,84,21,[11  1],85,719,740,634,719
1,<environment.Job instance at 0x1497aab70e60>,86,16,[ 1 14],87,745,761,658,745
1,<environment.Job instance at 0x1497a5702730>,71,13,[ 1 11],72,761,774,689,761
1,<environment.Job instance at 0x149776937a00>,88,24,[ 2 11],89,774,798,685,769
1,<environment.Job instance at 0x1497a61e8dc0>,7,13,[14  2],8,812,825,804,812
1,<environment.Job instance at 0x1497a5f30c80>,90,21,[ 1 13],91,817,838,726,817
1,<environment.Job instance at 0x149776652a00>,93,21,[ 1 14],94,838,859,744,832
1,<environment.Job instance at 0x149776652d20>,89,16,[ 2 11],90,863,879,773,863
1,<environment.Job instance at 0x1497a3c75410>,96,18,[ 1 10],97,879,897,782,873
1,<environment.Job instance at 0x149776186410>,97,19,[13  2],98,875,894,777,875
1,<environment.Job instance at 0x1497763f1050>,98,22,[ 2 14],99,897,919,798,890
1,<environment.Job instance at 0x1497763f15a0>,99,25,[2 7],100,919,944,819,915
1,<environment.Job instance at 0x14977692c4b0>,100,21,[ 1 11],101,944,965,843,936
1,<environment.Job instance at 0x14977692caf0>,102,28,[2 7],103,965,993,862,964
1,<environment.Job instance at 0x1497765c5500>,103,21,[14  2],104,993,1014,889,985
1,<environment.Job instance at 0x1497765c5730>,104,27,[8 1],105,1014,1041,909,1012
1,<environment.Job instance at 0x1497765c5550>,105,3,[2 7],106,1021,1024,915,1021
1,<environment.Job instance at 0x1497a5822f00>,106,27,[ 1 13],107,1024,1051,917,1022
1,<environment.Job instance at 0x1497a3c94aa0>,107,28,[9 2],108,1041,1069,933,1040
1,<environment.Job instance at 0x1497a58226e0>,108,28,[ 2 12],109,1051,1079,942,1050
1,<environment.Job instance at 0x1497a5822f50>,110,17,[13  1],111,1074,1091,963,1074
1,<environment.Job instance at 0x1497a84bd0a0>,111,22,[11  2],112,1091,1113,979,1084
1,<environment.Job instance at 0x1497aa1e1500>,112,15,[13  2],113,1113,1128,1000,1104
1,<environment.Job instance at 0x1497a84bdaf0>,113,1,[ 2 14],114,1128,1129,1014,1106
1,<environment.Job instance at 0x14977648d410>,114,1,[1 7],115,1109,1110,994,1109
1,<environment.Job instance at 0x14977698f280>,115,3,[ 1 14],116,1133,1136,1017,1133
1,<environment.Job instance at 0x14977648d370>,116,26,[13  1],117,1133,1159,1016,1133
1,<environment.Job instance at 0x149776a4fd20>,117,22,[ 1 14],118,1136,1158,1018,1134
1,<environment.Job instance at 0x149776a4fa00>,119,28,[5 2],120,1159,1187,1039,1158
1,<environment.Job instance at 0x1497a5702640>,66,15,[ 2 12],67,1172,1187,1105,1172
1,<environment.Job instance at 0x149776bb2cd0>,123,24,[ 1 14],124,1187,1211,1063,1182
1,<environment.Job instance at 0x1497a3c75550>,95,14,[ 2 12],96,1211,1225,1115,1201
1,<environment.Job instance at 0x149776ac2690>,128,3,[ 2 13],129,1225,1228,1096,1219
1,<environment.Job instance at 0x149776a4f550>,120,16,[ 1 13],121,1228,1244,1107,1220
1,<environment.Job instance at 0x149776ac2500>,129,20,[ 1 11],130,1244,1264,1114,1235
1,<environment.Job instance at 0x149776ac27d0>,130,3,[11  1],131,1248,1251,1117,1248
1,<environment.Job instance at 0x149776ac2aa0>,132,25,[14  2],133,1251,1276,1118,1248
1,<environment.Job instance at 0x149776ac2b90>,133,22,[7 1],134,1276,1298,1142,1270
1,<environment.Job instance at 0x149776ac23c0>,134,23,[ 2 13],135,1276,1299,1141,1270
1,<environment.Job instance at 0x149776ac2230>,135,27,[12  1],136,1298,1325,1162,1296
1,<environment.Job instance at 0x1497764fbd70>,136,26,[6 1],137,1325,1351,1188,1322
1,<environment.Job instance at 0x1497764fb640>,138,26,[ 1 11],139,1324,1350,1185,1324
1,<environment.Job instance at 0x149776ac2050>,131,19,[ 2 13],132,1350,1369,1218,1347
1,<environment.Job instance at 0x149776ac2eb0>,126,1,[ 1 12],127,1390,1391,1263,1390
1,<environment.Job instance at 0x14977681dd20>,0,26,[1 8],1,1,27,0,1
1,<environment.Job instance at 0x1497760c2cd0>,3,25,[12  2],4,11,36,7,11
1,<environment.Job instance at 0x1497760c29b0>,1,24,[ 2 11],2,27,51,25,26
1,<environment.Job instance at 0x1497760c2960>,8,23,[6 2],9,36,59,27,34
1,<environment.Job instance at 0x149776661370>,7,23,[6 2],8,46,69,38,46
1,<environment.Job instance at 0x149776075a50>,13,20,[14  2],14,69,89,55,66
1,<environment.Job instance at 0x1497760c24b0>,10,24,[ 1 14],11,89,113,78,84
1,<environment.Job instance at 0x1497760c27d0>,9,22,[12  1],10,90,112,80,90
1,<environment.Job instance at 0x149776b0e7d0>,12,19,[13  2],13,113,132,100,106
1,<environment.Job instance at 0x149776075280>,15,22,[ 1 13],16,114,136,98,114
1,<environment.Job instance at 0x1497a5e19550>,22,16,[12  2],23,134,150,111,134
1,<environment.Job instance at 0x1497765a6460>,23,23,[2 8],24,136,159,112,134
1,<environment.Job instance at 0x149776a182d0>,24,2,[ 1 14],25,159,161,134,153
1,<environment.Job instance at 0x149776075500>,25,2,[ 2 13],26,161,163,135,158
1,<environment.Job instance at 0x149776a18690>,26,2,[1 5],27,163,165,136,159
1,<environment.Job instance at 0x1497aa145fa0>,27,21,[13  1],28,159,180,131,159
1,<environment.Job instance at 0x1497763f9550>,28,12,[ 1 12],29,171,183,142,171
1,<environment.Job instance at 0x14977692dd70>,29,26,[ 2 13],30,183,209,153,180
1,<environment.Job instance at 0x1497a4dfb6e0>,31,26,[2 9],32,209,235,177,207
1,<environment.Job instance at 0x1497a84bdaf0>,18,13,[12  1],19,208,221,189,208
1,<environment.Job instance at 0x1497a57f8140>,33,2,[ 2 12],34,235,237,201,214
1,<environment.Job instance at 0x1497760754b0>,21,16,[14  2],22,237,253,215,235
1,<environment.Job instance at 0x1497a660dd70>,35,23,[1 7],36,237,260,201,235
1,<environment.Job instance at 0x1497aabf74b0>,38,26,[8 1],39,253,279,214,250
1,<environment.Job instance at 0x1497a660de10>,34,2,[12  2],35,279,281,244,262
1,<environment.Job instance at 0x14977663ffa0>,41,1,[11  2],42,281,282,239,270
1,<environment.Job instance at 0x1497a57f8e10>,32,13,[ 2 12],33,281,294,248,281
1,<environment.Job instance at 0x14977663f370>,43,2,[12  1],44,288,290,244,288
1,<environment.Job instance at 0x14977663f190>,44,17,[ 2 13],45,294,311,249,294
1,<environment.Job instance at 0x14977663f410>,45,3,[11  2],46,305,308,259,305
1,<environment.Job instance at 0x1497a5728c80>,46,23,[13  1],47,308,331,261,305
1,<environment.Job instance at 0x14977663fe10>,47,25,[ 2 14],48,311,336,263,307
1,<environment.Job instance at 0x1497a5728b40>,48,27,[ 2 14],49,336,363,287,334
1,<environment.Job instance at 0x1497ac4d0cd0>,49,20,[2 6],50,363,383,313,354
1,<environment.Job instance at 0x1497ac4d0820>,50,2,[9 2],51,363,365,312,356
1,<environment.Job instance at 0x1497ac4d0640>,51,22,[1 8],52,365,387,313,359
1,<environment.Job instance at 0x1497ac4d05f0>,52,3,[10  2],53,383,386,330,372
1,<environment.Job instance at 0x1497aa1a9780>,53,23,[1 9],54,387,410,333,381
1,<environment.Job instance at 0x1497aa1a9280>,55,1,[9 1],56,387,388,331,387
1,<environment.Job instance at 0x1497aa1a9c30>,56,24,[ 2 13],57,410,434,353,405
1,<environment.Job instance at 0x1497aa1a95a0>,57,12,[13  2],58,425,437,367,425
1,<environment.Job instance at 0x1497aa1a9730>,58,2,[ 1 11],59,435,437,376,435
1,<environment.Job instance at 0x1497aa1a9c80>,59,25,[ 2 11],60,437,462,377,435
1,<environment.Job instance at 0x1497aa1a9190>,60,2,[ 1 11],61,462,464,401,438
1,<environment.Job instance at 0x1497aa1a97d0>,61,2,[ 1 12],62,464,466,402,457
1,<environment.Job instance at 0x1497aa1a9230>,62,27,[14  1],63,462,489,399,460
1,<environment.Job instance at 0x1497ac153190>,63,1,[ 1 14],64,466,467,402,463
1,<environment.Job instance at 0x149776a7a820>,64,3,[7 2],65,489,492,424,468
1,<environment.Job instance at 0x149776a7a640>,66,1,[1 6],67,468,469,401,468
1,<environment.Job instance at 0x149776a7aa00>,67,17,[7 2],68,489,506,421,477
1,<environment.Job instance at 0x149776a7ac30>,68,2,[ 2 13],69,494,496,425,494
1,<environment.Job instance at 0x149776a7af50>,70,17,[12  1],71,506,523,435,495
1,<environment.Job instance at 0x149776642500>,71,2,[11  2],72,523,525,451,512
1,<environment.Job instance at 0x149776642d20>,72,24,[ 2 10],73,512,536,439,512
1,<environment.Job instance at 0x149776642f50>,74,24,[1 9],75,536,560,461,531
1,<environment.Job instance at 0x1497766422d0>,75,22,[6 1],76,531,553,455,531
1,<environment.Job instance at 0x1497a5945230>,77,26,[ 2 14],78,560,586,482,557
1,<environment.Job instance at 0x1497a5945460>,78,2,[8 2],79,586,588,507,562
1,<environment.Job instance at 0x1497a5945c30>,79,22,[2 5],80,586,608,506,579
1,<environment.Job instance at 0x1497a5945dc0>,80,24,[2 8],81,586,610,505,581
1,<environment.Job instance at 0x1497a59455a0>,81,27,[8 1],82,588,615,506,586
1,<environment.Job instance at 0x1497a3cb0e60>,83,18,[ 2 12],84,610,628,526,605
1,<environment.Job instance at 0x1497a3cb0230>,84,24,[14  2],85,628,652,543,624
1,<environment.Job instance at 0x1497a3cb0870>,85,25,[2 8],86,652,677,566,648
1,<environment.Job instance at 0x1497a3cb0d70>,87,16,[2 5],88,652,668,564,649
1,<environment.Job instance at 0x14977663fe60>,40,2,[ 2 12],41,677,679,636,669
1,<environment.Job instance at 0x1497a3cb0b40>,88,15,[5 1],89,674,689,585,674
1,<environment.Job instance at 0x1497765fb9b0>,90,27,[ 2 13],91,679,706,588,677
1,<environment.Job instance at 0x1497765fba50>,91,25,[6 2],92,689,714,597,688
1,<environment.Job instance at 0x1497765fbaf0>,93,27,[ 2 13],94,706,733,612,704
1,<environment.Job instance at 0x1497765fbbe0>,92,16,[13  2],93,718,734,625,718
1,<environment.Job instance at 0x1497765fb6e0>,95,25,[ 1 12],96,733,758,637,729
1,<environment.Job instance at 0x1497765fbc30>,94,20,[14  1],95,750,770,655,750
1,<environment.Job instance at 0x1497a573f910>,96,14,[13  1],97,775,789,678,775
1,<environment.Job instance at 0x1497a3d111e0>,98,24,[ 1 10],99,775,799,676,775
1,<environment.Job instance at 0x1497a0057f00>,99,20,[12  1],100,789,809,689,785
1,<environment.Job instance at 0x1497aa21a140>,100,21,[ 1 12],101,799,820,698,792
1,<environment.Job instance at 0x1497a006a960>,101,21,[14  1],102,809,830,707,804
1,<environment.Job instance at 0x1497aa21a370>,102,22,[ 1 12],103,820,842,717,819
1,<environment.Job instance at 0x1497765fb230>,97,3,[ 2 13],98,842,845,744,826
1,<environment.Job instance at 0x1497a0057c30>,104,23,[ 2 12],105,845,868,740,842
1,<environment.Job instance at 0x1497a006aaf0>,105,14,[9 1],106,863,877,757,863
1,<environment.Job instance at 0x1497a5e0b870>,106,25,[ 1 11],107,869,894,762,869
1,<environment.Job instance at 0x1497a3fbb2d0>,107,26,[8 1],108,877,903,769,874
1,<environment.Job instance at 0x149776657370>,109,20,[ 1 12],110,894,914,784,886
1,<environment.Job instance at 0x149776657f00>,110,24,[ 2 12],111,914,938,803,909
1,<environment.Job instance at 0x14977640ab40>,112,26,[9 1],113,909,935,796,909
1,<environment.Job instance at 0x14977684d5f0>,114,20,[1 7],115,938,958,823,930
1,<environment.Job instance at 0x1497769bb320>,115,25,[12  1],116,935,960,819,931
1,<environment.Job instance at 0x14977684d0f0>,116,22,[ 2 11],117,958,980,841,952
1,<environment.Job instance at 0x149776be8820>,118,28,[ 1 14],119,980,1008,861,979
1,<environment.Job instance at 0x1497a56ce730>,119,2,[ 2 13],120,1008,1010,888,988
1,<environment.Job instance at 0x1497a56b9870>,120,24,[5 2],121,1008,1032,887,1003
1,<environment.Job instance at 0x149776b6bf00>,121,18,[8 2],122,1010,1028,888,1007
1,<environment.Job instance at 0x149776b6b0a0>,122,1,[7 2],123,1028,1029,905,1009
1,<environment.Job instance at 0x149776086b40>,123,27,[ 1 14],124,1032,1059,908,1030
1,<environment.Job instance at 0x149776000d20>,124,24,[ 2 14],125,1059,1083,934,1054
1,<environment.Job instance at 0x149776086910>,125,20,[14  1],126,1083,1103,957,1077
1,<environment.Job instance at 0x1497a56bdc80>,126,27,[6 1],127,1103,1130,976,1101
1,<environment.Job instance at 0x1497a56bda00>,127,28,[12  1],128,1130,1158,1002,1129
1,<environment.Job instance at 0x1497760be5a0>,128,20,[13  2],129,1158,1178,1029,1149
1,<environment.Job instance at 0x1497760be550>,129,21,[12  1],130,1178,1199,1048,1171
1,<environment.Job instance at 0x1497a56c77d0>,130,19,[1 6],131,1178,1197,1047,1178
1,<environment.Job instance at 0x1497a84c3140>,132,28,[ 1 11],133,1197,1225,1064,1196
1,<environment.Job instance at 0x1497a8492be0>,135,22,[5 1],136,1205,1227,1069,1205
1,<environment.Job instance at 0x14977663f9b0>,42,13,[ 2 14],43,1225,1238,1182,1217
1,<environment.Job instance at 0x149776b0edc0>,11,14,[ 1 11],12,1254,1268,1242,1254
1,<environment.Job instance at 0x14977675fbe0>,138,18,[ 1 12],139,1268,1286,1129,1258
1,<environment.Job instance at 0x1497ac0b5870>,137,17,[ 1 14],138,1286,1303,1148,1277
1,<environment.Job instance at 0x149776657050>,111,1,[ 2 14],112,1331,1332,1219,1331
1,<environment.Job instance at 0x1497ac0b5dc0>,136,13,[ 1 11],137,1337,1350,1200,1337
1,<environment.Job instance at 0x1497a57bb230>,17,12,[ 2 11],18,1490,1502,1472,1490
1,<environment.Job instance at 0x14977622f870>,0,22,[13  2],1,1,23,0,1
1,<environment.Job instance at 0x1497760755f0>,4,28,[ 1 13],5,5,33,0,5
1,<environment.Job instance at 0x1497a3cde1e0>,5,27,[14  2],6,23,50,17,21
1,<environment.Job instance at 0x14977679d370>,3,22,[ 1 14],4,50,72,46,46
1,<environment.Job instance at 0x1497a3cded70>,11,22,[6 1],12,55,77,43,55
1,<environment.Job instance at 0x1497a3cde320>,12,24,[10  1],13,77,101,64,72
1,<environment.Job instance at 0x1497a3cde280>,10,23,[ 1 12],11,72,95,61,72
1,<environment.Job instance at 0x1497a3cde870>,13,21,[ 1 13],14,95,116,81,90
1,<environment.Job instance at 0x1497a3cdee60>,17,24,[13  1],18,101,125,83,96
1,<environment.Job instance at 0x1497a3cde230>,19,25,[1 7],20,116,141,96,112
1,<environment.Job instance at 0x1497a3cde5f0>,20,21,[11  2],21,125,146,104,117
1,<environment.Job instance at 0x1497a3cdeaf0>,21,25,[2 5],22,125,150,103,122
1,<environment.Job instance at 0x1497a3cde370>,7,1,[11  1],8,146,147,138,141
1,<environment.Job instance at 0x1497aabb7e60>,24,23,[5 2],25,147,170,122,141
1,<environment.Job instance at 0x1497aabb7c30>,26,18,[14  2],27,170,188,143,165
1,<environment.Job instance at 0x1497aabb7fa0>,27,24,[ 1 10],28,165,189,137,165
1,<environment.Job instance at 0x149776497870>,2,2,[ 2 14],3,189,191,186,179
1,<environment.Job instance at 0x1497aabb7b90>,28,22,[ 1 14],29,191,213,162,185
1,<environment.Job instance at 0x1497a3cde3c0>,9,15,[14  1],10,209,224,199,209
1,<environment.Job instance at 0x1497aabb7410>,30,15,[14  1],31,224,239,193,222
1,<environment.Job instance at 0x1497aabb7780>,32,24,[8 2],33,239,263,206,234
1,<environment.Job instance at 0x1497aabb7320>,33,22,[ 2 13],34,239,261,205,234
1,<environment.Job instance at 0x1497aabb72d0>,34,26,[ 2 11],35,261,287,226,258
1,<environment.Job instance at 0x1497aabb7280>,31,3,[14  1],32,287,290,255,282
1,<environment.Job instance at 0x149776601b90>,37,19,[ 2 13],38,292,311,254,292
1,<environment.Job instance at 0x149776601320>,39,18,[13  1],40,320,338,280,320
1,<environment.Job instance at 0x1497aabb7820>,29,3,[ 2 12],30,345,348,315,345
1,<environment.Job instance at 0x1497766010a0>,41,26,[2 9],42,348,374,306,345
1,<environment.Job instance at 0x149776601640>,42,2,[8 1],43,348,350,305,348
1,<environment.Job instance at 0x149776601f00>,43,24,[2 5],44,348,372,304,348
1,<environment.Job instance at 0x149776601460>,44,21,[5 2],45,372,393,327,366
1,<environment.Job instance at 0x149776601410>,40,3,[ 2 12],41,375,378,334,375
1,<environment.Job instance at 0x149776736500>,47,21,[12  1],48,393,414,345,385
1,<environment.Job instance at 0x149776736f00>,48,24,[ 1 14],49,393,417,344,388
1,<environment.Job instance at 0x149776736050>,50,3,[ 1 13],51,421,424,370,421
1,<environment.Job instance at 0x1497aabb7870>,23,2,[ 1 14],24,424,426,400,423
1,<environment.Job instance at 0x1497a61fea50>,52,28,[12  1],53,423,451,370,423
1,<environment.Job instance at 0x149776736d20>,53,22,[ 2 12],54,426,448,372,425
1,<environment.Job instance at 0x1497a61e32d0>,56,12,[13  1],57,463,475,406,463
1,<environment.Job instance at 0x1497a61e3870>,57,26,[14  2],58,475,501,417,472
1,<environment.Job instance at 0x149776601820>,36,13,[13  2],37,509,522,472,509
1,<environment.Job instance at 0x1497a61e36e0>,62,26,[7 2],63,522,548,459,519
1,<environment.Job instance at 0x1497a61e3be0>,64,25,[ 1 11],65,519,544,454,519
1,<environment.Job instance at 0x1497a61e3460>,58,16,[ 1 13],59,544,560,485,535
1,<environment.Job instance at 0x1497a61e3c30>,66,21,[ 2 14],67,560,581,493,552
1,<environment.Job instance at 0x1497a61e39b0>,67,1,[7 1],68,575,576,507,575
1,<environment.Job instance at 0x1497a61e3eb0>,69,19,[ 1 10],70,581,600,511,575
1,<environment.Job instance at 0x1497a61e3550>,70,26,[ 2 14],71,600,626,529,597
1,<environment.Job instance at 0x1497a3cdeaa0>,16,14,[12  1],17,604,618,587,604
1,<environment.Job instance at 0x1497a61e3af0>,72,23,[ 1 13],73,626,649,553,621
1,<environment.Job instance at 0x1497a61e3d70>,74,28,[11  2],75,626,654,551,625
1,<environment.Job instance at 0x1497aabd7370>,76,20,[ 1 13],77,649,669,572,642
1,<environment.Job instance at 0x1497aabd75f0>,79,25,[10  2],80,654,679,574,650
1,<environment.Job instance at 0x1497aabd7b40>,77,28,[6 2],78,679,707,601,678
1,<environment.Job instance at 0x1497aabd7690>,85,24,[1 5],86,683,707,597,683
1,<environment.Job instance at 0x1497aabd7910>,80,3,[14  1],81,707,710,626,701
1,<environment.Job instance at 0x1497aabd7c30>,88,2,[12  1],89,710,712,621,709
1,<environment.Job instance at 0x1497aabd7190>,89,25,[ 2 14],90,710,735,620,709
1,<environment.Job instance at 0x149776601280>,45,14,[ 2 14],46,735,749,689,725
1,<environment.Job instance at 0x1497a5d9ee10>,93,28,[2 8],94,749,777,655,748
1,<environment.Job instance at 0x1497a5d9ee60>,96,22,[ 1 13],97,777,799,680,770
1,<environment.Job instance at 0x1497a5d9e410>,97,13,[ 2 11],98,799,812,701,789
1,<environment.Job instance at 0x1497a5d9ed70>,99,24,[ 1 11],100,812,836,712,808
1,<environment.Job instance at 0x1497a5d9ea00>,100,27,[ 1 12],101,836,863,735,834
1,<environment.Job instance at 0x1497a5d9ec30>,101,23,[11  1],102,834,857,732,834
1,<environment.Job instance at 0x1497a5d9e140>,102,19,[9 1],103,857,876,754,850
1,<environment.Job instance at 0x1497a5911c80>,103,1,[7 1],104,876,877,772,867
1,<environment.Job instance at 0x1497a5911190>,104,2,[1 8],105,870,872,765,870
1,<environment.Job instance at 0x1497a5911eb0>,105,26,[1 5],106,870,896,764,870
1,<environment.Job instance at 0x1497a5d9e5f0>,95,15,[ 2 13],96,899,914,803,899
1,<environment.Job instance at 0x1497a5911fa0>,107,26,[ 2 12],108,914,940,806,911
1,<environment.Job instance at 0x1497a5911550>,110,20,[9 1],111,923,943,812,923
1,<environment.Job instance at 0x1497a59119b0>,106,12,[12  1],107,943,955,836,939
1,<environment.Job instance at 0x14977649f4b0>,112,22,[ 1 12],113,943,965,830,943
1,<environment.Job instance at 0x14977649f690>,113,18,[ 1 14],114,965,983,851,962
1,<environment.Job instance at 0x14977649f190>,114,28,[ 2 14],115,983,1011,868,982
1,<environment.Job instance at 0x14977649ff50>,115,26,[9 2],116,1011,1037,895,1008
1,<environment.Job instance at 0x14977649f320>,116,22,[ 1 14],117,1037,1059,920,1032
1,<environment.Job instance at 0x14977649f8c0>,119,24,[7 2],120,1059,1083,939,1054
1,<environment.Job instance at 0x14977649f820>,120,23,[2 7],121,1059,1082,938,1054
1,<environment.Job instance at 0x14977649f9b0>,121,19,[ 2 11],122,1082,1101,960,1078
1,<environment.Job instance at 0x1497aabd7dc0>,84,15,[ 1 14],85,1109,1124,1024,1109
1,<environment.Job instance at 0x14977649f870>,123,26,[ 2 11],124,1124,1150,1000,1121
1,<environment.Job instance at 0x1497764b5230>,125,23,[2 5],126,1150,1173,1024,1144
1,<environment.Job instance at 0x1497764b52d0>,126,1,[2 7],127,1150,1151,1023,1147
1,<environment.Job instance at 0x14977649fdc0>,111,1,[ 2 13],112,1173,1174,1061,1167
1,<environment.Job instance at 0x1497764b5aa0>,128,23,[14  1],129,1174,1197,1045,1168
1,<environment.Job instance at 0x1497764b5a00>,130,22,[ 1 12],131,1174,1196,1043,1171
1,<environment.Job instance at 0x1497764b5b90>,127,14,[12  2],128,1197,1211,1069,1184
1,<environment.Job instance at 0x1497764b50a0>,131,2,[ 1 11],132,1208,1210,1076,1208
1,<environment.Job instance at 0x1497764b5640>,132,1,[ 1 14],133,1211,1212,1078,1209
1,<environment.Job instance at 0x1497764b5410>,133,18,[1 8],134,1217,1235,1083,1217
1,<environment.Job instance at 0x1497764b5eb0>,134,3,[ 2 13],135,1253,1256,1118,1253
1,<environment.Job instance at 0x1497764b5fa0>,124,12,[11  2],125,1268,1280,1143,1268
1,<environment.Job instance at 0x1497764b5690>,137,17,[13  2],138,1280,1297,1142,1269
1,<environment.Job instance at 0x1497aabd7780>,87,19,[ 2 13],88,1325,1344,1237,1325
1,<environment.Job instance at 0x1497764b5c80>,138,14,[12  2],139,1358,1372,1219,1358
1,<environment.Job instance at 0x1497764b5be0>,135,14,[14  1],136,1424,1438,1288,1424
1,<environment.Job instance at 0x1497767365f0>,51,14,[ 2 14],52,1538,1552,1486,1538
1,<environment.Job instance at 0x1497763406e0>,0,28,[ 2 13],1,2,30,1,2
1,<environment.Job instance at 0x149776340f50>,2,24,[13  1],3,4,28,1,4
1,<environment.Job instance at 0x1497a593a5f0>,11,26,[1 9],12,30,56,18,28
1,<environment.Job instance at 0x1497a593a7d0>,9,21,[13  1],10,36,57,26,36
1,<environment.Job instance at 0x149776535690>,13,19,[8 1],14,57,76,43,53
1,<environment.Job instance at 0x149776535c80>,12,22,[ 1 14],13,56,78,43,55
1,<environment.Job instance at 0x1497a5944dc0>,20,25,[ 2 12],21,78,103,57,75
1,<environment.Job instance at 0x1497a5944d20>,23,28,[12  2],24,87,115,63,87
1,<environment.Job instance at 0x1497a5944460>,24,26,[2 9],25,103,129,78,100
1,<environment.Job instance at 0x1497ac09cbe0>,1,23,[ 1 12],2,129,152,127,124
1,<environment.Job instance at 0x1497a5944b40>,25,1,[11  1],26,129,130,103,129
1,<environment.Job instance at 0x1497a5944640>,29,21,[ 1 13],30,152,173,122,150
1,<environment.Job instance at 0x1497a5944a00>,28,1,[ 2 13],29,173,174,144,165
1,<environment.Job instance at 0x1497a5944960>,27,20,[ 1 11],28,174,194,146,174
1,<environment.Job instance at 0x1497a59336e0>,19,16,[14  2],20,190,206,170,190
1,<environment.Job instance at 0x1497a59393c0>,34,2,[14  1],35,206,208,171,190
1,<environment.Job instance at 0x1497a5939aa0>,39,24,[8 2],40,208,232,168,204
1,<environment.Job instance at 0x1497a59395a0>,40,25,[12  2],41,232,257,191,228
1,<environment.Job instance at 0x1497a5939fa0>,38,20,[2 7],39,241,261,202,241
1,<environment.Job instance at 0x1497766bbe60>,31,2,[11  2],32,257,259,225,252
1,<environment.Job instance at 0x1497a5939320>,44,22,[1 8],45,259,281,214,252
1,<environment.Job instance at 0x1497a5939550>,45,3,[ 2 12],46,281,284,235,259
1,<environment.Job instance at 0x1497a5968dc0>,47,25,[2 8],48,284,309,236,280
1,<environment.Job instance at 0x1497a5968690>,48,28,[ 2 13],49,309,337,260,308
1,<environment.Job instance at 0x1497a5968eb0>,49,24,[6 1],50,309,333,259,309
1,<environment.Job instance at 0x1497a5968730>,46,16,[ 1 12],47,337,353,290,335
1,<environment.Job instance at 0x1497a5e4d050>,53,23,[14  1],54,339,362,285,339
1,<environment.Job instance at 0x1497a5e4d550>,54,24,[ 2 14],55,362,386,307,357
1,<environment.Job instance at 0x1497a5e4d1e0>,56,26,[2 8],57,386,412,329,383
1,<environment.Job instance at 0x1497a593ad20>,8,24,[ 1 12],9,412,436,403,410
1,<environment.Job instance at 0x1497a5939230>,43,14,[11  2],44,411,425,367,411
1,<environment.Job instance at 0x1497a5e3ca00>,61,23,[ 1 12],62,436,459,374,430
1,<environment.Job instance at 0x1497a596ae10>,51,13,[13  2],52,431,444,379,431
1,<environment.Job instance at 0x149776a94aa0>,63,28,[1 9],64,459,487,395,458
1,<environment.Job instance at 0x149776a76aa0>,62,22,[2 5],63,459,481,396,458
1,<environment.Job instance at 0x149776a7cdc0>,65,3,[13  1],66,481,484,415,480
1,<environment.Job instance at 0x149776aa5c30>,67,22,[ 1 12],68,487,509,419,480
1,<environment.Job instance at 0x149776aa5a00>,68,1,[11  2],69,488,489,419,488
1,<environment.Job instance at 0x149776aa5af0>,69,15,[6 2],70,491,506,421,491
1,<environment.Job instance at 0x149776aa5140>,70,27,[11  1],71,506,533,435,504
1,<environment.Job instance at 0x149776aa69b0>,72,23,[12  2],73,533,556,460,527
1,<environment.Job instance at 0x149776aa6aa0>,73,2,[ 2 13],74,527,529,453,527
1,<environment.Job instance at 0x14977671a050>,74,1,[ 1 12],75,539,540,464,539
1,<environment.Job instance at 0x14977671a960>,76,1,[ 2 12],77,547,548,470,547
1,<environment.Job instance at 0x14977671ab40>,78,17,[ 1 12],79,557,574,478,557
1,<environment.Job instance at 0x14977671a550>,79,26,[11  1],80,557,583,477,557
1,<environment.Job instance at 0x149776a7c640>,66,2,[14  1],67,583,585,516,558
1,<environment.Job instance at 0x14977671a3c0>,81,24,[ 1 11],82,584,608,502,584
1,<environment.Job instance at 0x149776a77280>,64,13,[14  2],65,599,612,534,599
1,<environment.Job instance at 0x14977671ad70>,83,25,[ 1 14],84,612,637,528,608
1,<environment.Job instance at 0x1497a595a280>,84,24,[8 2],85,637,661,552,632
1,<environment.Job instance at 0x14977671a1e0>,80,3,[ 1 12],81,682,685,601,682
1,<environment.Job instance at 0x1497a595a8c0>,87,3,[14  1],88,705,708,617,705
1,<environment.Job instance at 0x1497a595a140>,88,22,[7 1],89,708,730,619,705
1,<environment.Job instance at 0x1497a595a730>,89,23,[8 1],90,708,731,618,705
1,<environment.Job instance at 0x1497a595aaf0>,90,1,[11  2],91,731,732,640,711
1,<environment.Job instance at 0x1497a595a870>,92,3,[ 1 11],93,738,741,645,738
1,<environment.Job instance at 0x1497a59607d0>,93,22,[1 6],94,741,763,647,738
1,<environment.Job instance at 0x1497a5960640>,94,16,[7 2],95,744,760,649,744
1,<environment.Job instance at 0x1497a5960690>,95,1,[ 2 14],96,763,764,667,760
1,<environment.Job instance at 0x1497a595a550>,85,14,[ 2 13],86,779,793,693,779
1,<environment.Job instance at 0x14977650f500>,97,1,[ 1 10],98,793,794,695,781
1,<environment.Job instance at 0x1497a59603c0>,98,22,[1 7],99,794,816,695,788
1,<environment.Job instance at 0x1497a5e7aa00>,99,27,[ 1 13],100,816,843,716,814
1,<environment.Job instance at 0x14977670f280>,100,27,[2 8],101,843,870,742,841
1,<environment.Job instance at 0x14977670f9b0>,101,2,[ 2 12],102,870,872,768,865
1,<environment.Job instance at 0x14977670f730>,102,22,[2 6],103,872,894,769,865
1,<environment.Job instance at 0x14977670feb0>,103,2,[ 2 12],104,894,896,790,879
1,<environment.Job instance at 0x14977670ff50>,104,25,[2 9],105,896,921,791,892
1,<environment.Job instance at 0x14977670f4b0>,105,22,[11  1],106,893,915,787,893
1,<environment.Job instance at 0x14977670f6e0>,106,26,[ 2 11],107,921,947,814,918
1,<environment.Job instance at 0x1497766fea50>,107,14,[12  1],108,973,987,865,973
1,<environment.Job instance at 0x1497766fe7d0>,108,17,[13  1],109,987,1004,878,975
1,<environment.Job instance at 0x1497766fee60>,110,21,[12  1],111,1004,1025,893,996
1,<environment.Job instance at 0x1497766fecd0>,111,21,[2 7],112,997,1018,885,997
1,<environment.Job instance at 0x1497766feaf0>,112,27,[6 1],113,1025,1052,912,1024
1,<environment.Job instance at 0x1497a5960910>,96,17,[ 1 13],97,1044,1061,947,1044
1,<environment.Job instance at 0x1497766fe0a0>,114,21,[14  2],115,1052,1073,937,1046
1,<environment.Job instance at 0x1497766fe370>,115,28,[ 2 12],116,1073,1101,957,1072
1,<environment.Job instance at 0x1497766fe4b0>,116,24,[10  2],117,1073,1097,956,1072
1,<environment.Job instance at 0x1497766fe960>,113,14,[12  2],114,1097,1111,983,1097
1,<environment.Job instance at 0x1497766fe9b0>,118,14,[5 1],119,1111,1125,992,1111
1,<environment.Job instance at 0x1497766fefa0>,119,3,[ 2 14],120,1126,1129,1006,1126
1,<environment.Job instance at 0x1497766feaa0>,120,21,[ 2 10],121,1129,1150,1008,1127
1,<environment.Job instance at 0x1497766fe3c0>,121,19,[12  1],122,1128,1147,1006,1128
1,<environment.Job instance at 0x149776a9fa50>,122,28,[ 2 14],123,1150,1178,1027,1149
1,<environment.Job instance at 0x149776a9f050>,123,22,[ 1 12],124,1178,1200,1054,1172
1,<environment.Job instance at 0x149776ab01e0>,124,22,[1 9],125,1200,1222,1075,1193
1,<environment.Job instance at 0x149776ab0370>,125,21,[ 1 14],126,1222,1243,1096,1215
1,<environment.Job instance at 0x149776ab0eb0>,126,24,[2 5],127,1243,1267,1116,1240
1,<environment.Job instance at 0x149776ab0dc0>,127,12,[13  2],128,1276,1288,1148,1276
1,<environment.Job instance at 0x149776ab2f00>,128,20,[5 2],129,1288,1308,1159,1280
1,<environment.Job instance at 0x14977672a280>,130,19,[ 2 10],131,1280,1299,1149,1280
1,<environment.Job instance at 0x14977672a780>,131,27,[ 1 14],132,1308,1335,1176,1306
1,<environment.Job instance at 0x14977672ad20>,132,23,[11  1],133,1308,1331,1175,1306
1,<environment.Job instance at 0x14977672a960>,133,19,[2 9],134,1335,1354,1201,1327
1,<environment.Job instance at 0x14977672aaa0>,136,1,[ 1 14],137,1354,1355,1217,1346
1,<environment.Job instance at 0x14977672ad70>,137,15,[12  1],138,1356,1371,1218,1356
1,<environment.Job instance at 0x14977672af50>,138,1,[12  2],139,1371,1372,1232,1360
1,<environment.Job instance at 0x1497a5e51320>,59,16,[ 2 14],60,1372,1388,1312,1362
1,<environment.Job instance at 0x1497a5944280>,30,16,[ 1 14],31,1447,1463,1416,1447
1,<environment.Job instance at 0x14977671a640>,82,19,[ 1 11],83,1832,1851,1749,1832
1,<environment.Job instance at 0x1497766fe730>,117,13,[ 2 13],118,2117,2130,1999,2117
1,<environment.Job instance at 0x149776a7c050>,3,27,[ 1 13],4,4,31,0,4
1,<environment.Job instance at 0x1497766fae10>,0,19,[13  1],1,6,25,5,6
1,<environment.Job instance at 0x149776a7c3c0>,7,26,[12  1],8,26,52,18,26
1,<environment.Job instance at 0x149776a7c280>,6,24,[ 1 10],7,35,59,28,35
1,<environment.Job instance at 0x1497a5e3f780>,12,28,[14  2],13,52,80,39,52
1,<environment.Job instance at 0x149776a7c2d0>,5,22,[ 1 13],6,59,81,53,55
1,<environment.Job instance at 0x1497a5e3f500>,19,26,[12  1],20,80,106,60,77
1,<environment.Job instance at 0x1497a5e3fb40>,16,20,[ 1 11],17,81,101,64,78
1,<environment.Job instance at 0x1497a5e3f050>,21,26,[12  1],22,106,132,84,103
1,<environment.Job instance at 0x1497a5e3fd70>,24,21,[14  1],25,132,153,107,124
1,<environment.Job instance at 0x149776a7ca00>,9,21,[13  1],10,153,174,143,145
1,<environment.Job instance at 0x1497a5e3ff50>,13,21,[13  1],14,174,195,160,169
1,<environment.Job instance at 0x1497a5e3f140>,25,18,[ 1 11],26,177,195,151,177
1,<environment.Job instance at 0x1497a5e3f230>,20,3,[ 1 13],21,195,198,174,193
1,<environment.Job instance at 0x1497767e1370>,31,27,[5 1],32,195,222,163,193
1,<environment.Job instance at 0x1497767e1230>,33,28,[7 1],34,195,223,161,194
1,<environment.Job instance at 0x1497767e1dc0>,36,25,[2 8],37,214,239,177,214
1,<environment.Job instance at 0x1497767e1d20>,35,20,[12  1],36,223,243,187,222
1,<environment.Job instance at 0x1497a5e494b0>,37,23,[8 1],38,243,266,205,237
1,<environment.Job instance at 0x1497a5e49780>,39,1,[12  2],40,266,267,226,245
1,<environment.Job instance at 0x1497a5e3feb0>,30,17,[11  1],31,270,287,239,270
1,<environment.Job instance at 0x1497a5e496e0>,42,21,[13  1],43,287,308,244,280
1,<environment.Job instance at 0x1497a5e49140>,43,23,[11  1],44,308,331,264,302
1,<environment.Job instance at 0x1497a5e49d70>,44,26,[2 5],45,302,328,257,302
1,<environment.Job instance at 0x1497a5e3fa00>,27,1,[ 2 13],28,335,336,307,335
1,<environment.Job instance at 0x1497a5e49aa0>,46,28,[ 2 13],47,336,364,289,335
1,<environment.Job instance at 0x1497a5e49c80>,45,1,[13  2],46,359,360,313,359
1,<environment.Job instance at 0x1497a5e49960>,38,15,[14  1],39,364,379,325,362
1,<environment.Job instance at 0x1497a5e49320>,50,21,[5 2],51,379,400,328,373
1,<environment.Job instance at 0x1497a5e49410>,49,2,[ 2 13],50,379,381,329,379
1,<environment.Job instance at 0x1497a5e49b40>,52,28,[ 1 13],53,381,409,328,380
1,<environment.Job instance at 0x1497a5e49870>,54,17,[11  1],55,401,418,346,401
1,<environment.Job instance at 0x1497a5e49190>,55,22,[ 1 13],56,409,431,353,402
1,<environment.Job instance at 0x1497a5e49f00>,56,21,[14  2],57,418,439,361,415
1,<environment.Job instance at 0x1497a5e4d320>,59,23,[10  1],60,439,462,379,435
1,<environment.Job instance at 0x1497a5e490a0>,48,17,[11  1],49,462,479,413,458
1,<environment.Job instance at 0x1497a5e4d730>,63,22,[2 7],64,463,485,399,463
1,<environment.Job instance at 0x1497a5e4d820>,64,22,[14  2],65,485,507,420,478
1,<environment.Job instance at 0x1497a5e49460>,51,12,[12  1],52,507,519,455,500
1,<environment.Job instance at 0x1497a5e4db40>,65,22,[ 2 13],66,507,529,441,501
1,<environment.Job instance at 0x1497a5e4d190>,74,23,[11  1],75,519,542,444,517
1,<environment.Job instance at 0x1497a5e4d910>,75,28,[9 2],76,542,570,466,541
1,<environment.Job instance at 0x1497a5e4d9b0>,68,16,[11  2],69,570,586,501,566
1,<environment.Job instance at 0x1497a5e4de10>,60,18,[13  2],61,586,604,525,578
1,<environment.Job instance at 0x1497766fe050>,78,26,[2 6],79,579,605,500,579
1,<environment.Job instance at 0x1497766fe730>,79,20,[11  2],80,604,624,524,597
1,<environment.Job instance at 0x1497766fe320>,80,25,[ 2 14],81,624,649,543,620
1,<environment.Job instance at 0x1497a5e7a5a0>,83,25,[ 1 11],84,649,674,565,645
1,<environment.Job instance at 0x1497a5e7a6e0>,84,28,[6 1],85,645,673,560,645
1,<environment.Job instance at 0x1497766fee10>,76,1,[ 1 12],77,674,675,597,646
1,<environment.Job instance at 0x1497766fec30>,77,3,[11  1],78,673,676,595,661
1,<environment.Job instance at 0x1497a5e7a910>,88,27,[14  2],89,676,703,587,674
1,<environment.Job instance at 0x1497a5e7a190>,92,28,[14  2],93,703,731,610,702
1,<environment.Job instance at 0x1497a5e7ac30>,93,16,[1 8],94,721,737,627,721
1,<environment.Job instance at 0x1497a5e7acd0>,94,1,[ 2 13],95,737,738,642,731
1,<environment.Job instance at 0x1497a5e7abe0>,95,24,[7 1],96,731,755,635,731
1,<environment.Job instance at 0x1497a5e7af00>,96,17,[14  1],97,755,772,658,743
1,<environment.Job instance at 0x1497a5e7a870>,98,21,[8 1],99,772,793,673,765
1,<environment.Job instance at 0x1497a5e7a140>,99,27,[ 2 11],100,772,799,672,770
1,<environment.Job instance at 0x1497a5e7a640>,100,24,[7 2],101,793,817,692,789
1,<environment.Job instance at 0x1497a5e7ad70>,101,28,[ 1 12],102,799,827,697,798
1,<environment.Job instance at 0x1497a5e7ac80>,102,28,[9 1],103,817,845,714,816
1,<environment.Job instance at 0x1497a5e7a280>,103,23,[1 8],104,827,850,723,821
1,<environment.Job instance at 0x1497a5e514b0>,104,25,[13  2],105,845,870,740,841
1,<environment.Job instance at 0x1497a5e515a0>,105,21,[ 2 13],106,850,871,744,846
1,<environment.Job instance at 0x1497a5e51780>,107,20,[ 1 10],108,871,891,763,865
1,<environment.Job instance at 0x1497a5e7a1e0>,91,18,[ 2 11],92,891,909,799,890
1,<environment.Job instance at 0x1497a5e51550>,110,25,[11  2],111,890,915,779,890
1,<environment.Job instance at 0x1497a5e51140>,112,21,[ 1 14],113,915,936,802,911
1,<environment.Job instance at 0x1497a5e51370>,114,1,[ 2 13],115,936,937,821,928
1,<environment.Job instance at 0x1497a5e51690>,115,18,[11  2],116,942,960,826,942
1,<environment.Job instance at 0x1497a5e515f0>,116,22,[1 6],117,944,966,827,944
1,<environment.Job instance at 0x1497a5e51c30>,109,13,[ 2 11],110,981,994,871,981
1,<environment.Job instance at 0x1497a5e51410>,118,16,[8 2],119,984,1000,865,984
1,<environment.Job instance at 0x1497a5e51f50>,120,20,[1 8],121,994,1014,873,994
1,<environment.Job instance at 0x1497a5e511e0>,117,16,[ 2 11],118,1017,1033,899,1017
1,<environment.Job instance at 0x149776ab0f50>,122,18,[12  1],123,1024,1042,901,1024
1,<environment.Job instance at 0x149776ab0e60>,125,21,[12  2],126,1042,1063,916,1036
1,<environment.Job instance at 0x149776ab0190>,121,16,[ 2 11],122,1047,1063,925,1047
1,<environment.Job instance at 0x149776ab0af0>,128,24,[11  1],129,1063,1087,934,1058
1,<environment.Job instance at 0x149776ab0be0>,129,27,[8 1],130,1087,1114,957,1085
1,<environment.Job instance at 0x149776ab03c0>,130,28,[13  2],131,1114,1142,983,1113
1,<environment.Job instance at 0x149776ab0550>,131,24,[7 2],132,1142,1166,1010,1138
1,<environment.Job instance at 0x149776ab0960>,132,28,[10  1],133,1166,1194,1033,1165
1,<environment.Job instance at 0x149776ab05a0>,133,1,[13  1],134,1194,1195,1060,1187
1,<environment.Job instance at 0x149776ab0910>,134,14,[11  2],135,1195,1209,1060,1191
1,<environment.Job instance at 0x149776ab08c0>,136,21,[ 1 11],137,1192,1213,1055,1192
1,<environment.Job instance at 0x149776ab0a50>,137,26,[ 1 10],138,1213,1239,1075,1210
1,<environment.Job instance at 0x149776ab0500>,138,22,[5 2],139,1210,1232,1071,1210
1,<environment.Job instance at 0x1497a5e7a410>,89,3,[12  2],90,1232,1235,1142,1218
1,<environment.Job instance at 0x149776ab0d70>,126,14,[ 1 12],127,1280,1294,1153,1280
1,<environment.Job instance at 0x1497a5e49be0>,40,15,[14  1],41,1381,1396,1340,1381
1,<environment.Job instance at 0x1497a5e3f320>,28,16,[ 2 13],29,1753,1769,1724,1753
1,<environment.Job instance at 0x149776a44f00>,4,25,[ 1 11],5,7,32,2,7
1,<environment.Job instance at 0x149776a44280>,2,1,[13  1],3,12,13,9,12
1,<environment.Job instance at 0x149776a44e60>,6,23,[14  2],7,13,36,6,12
1,<environment.Job instance at 0x1497a5e3f320>,8,23,[10  2],9,36,59,27,32
1,<environment.Job instance at 0x149776a44550>,9,3,[ 1 12],10,32,35,22,32
1,<environment.Job instance at 0x1497a5e3fe10>,7,1,[12  1],8,59,60,51,32
1,<environment.Job instance at 0x149776a44c30>,10,19,[14  2],11,60,79,49,53
1,<environment.Job instance at 0x149776a44cd0>,3,3,[14  1],4,79,82,75,79
1,<environment.Job instance at 0x149776a44690>,1,18,[ 2 13],2,86,104,84,86
1,<environment.Job instance at 0x149776ad55f0>,15,26,[13  2],16,86,112,70,86
1,<environment.Job instance at 0x149776ad5e60>,14,18,[ 1 12],15,109,127,94,109
1,<environment.Job instance at 0x149776ad5410>,18,23,[6 2],19,122,145,103,122
1,<environment.Job instance at 0x149776ad5eb0>,20,26,[14  2],21,145,171,124,142
1,<environment.Job instance at 0x149776ad5be0>,22,25,[ 2 10],23,171,196,148,167
1,<environment.Job instance at 0x149776a44140>,13,15,[12  1],14,185,200,171,185
1,<environment.Job instance at 0x149776ad5550>,24,1,[ 1 12],25,196,197,171,193
1,<environment.Job instance at 0x149776ad5d20>,23,20,[ 1 13],24,197,217,173,197
1,<environment.Job instance at 0x1497762edf50>,27,21,[12  2],28,200,221,172,200
1,<environment.Job instance at 0x1497762ed3c0>,29,18,[10  2],30,221,239,191,218
1,<environment.Job instance at 0x1497762ed820>,30,27,[5 2],31,224,251,193,224
1,<environment.Job instance at 0x149776ad5280>,25,1,[ 1 14],26,251,252,225,234
1,<environment.Job instance at 0x1497a5764e10>,32,20,[ 1 11],33,268,288,235,268
1,<environment.Job instance at 0x1497a5764af0>,33,2,[ 1 14],34,288,290,254,268
1,<environment.Job instance at 0x1497a5764230>,35,17,[14  2],36,296,313,260,296
1,<environment.Job instance at 0x1497a5764b90>,34,19,[ 1 11],35,307,326,272,307
1,<environment.Job instance at 0x1497a5764fa0>,36,3,[12  1],37,326,329,289,326
1,<environment.Job instance at 0x1497a5764d70>,40,27,[12  1],41,334,361,293,334
1,<environment.Job instance at 0x1497a5764820>,41,26,[14  1],42,361,387,319,358
1,<environment.Job instance at 0x149776941780>,42,2,[14  1],43,387,389,344,373
1,<environment.Job instance at 0x149776941eb0>,43,18,[12  2],44,392,410,348,392
1,<environment.Job instance at 0x149776a44230>,0,16,[ 1 13],1,406,422,405,406
1,<environment.Job instance at 0x149776941910>,44,2,[12  1],45,410,412,365,406
1,<environment.Job instance at 0x149776941dc0>,46,21,[ 1 14],47,422,443,375,417
1,<environment.Job instance at 0x149776941f50>,47,22,[11  1],48,417,439,369,417
1,<environment.Job instance at 0x149776941500>,45,3,[ 1 12],46,449,452,403,449
1,<environment.Job instance at 0x149776941be0>,52,1,[2 6],53,452,453,399,450
1,<environment.Job instance at 0x1497769412d0>,53,14,[12  2],54,453,467,399,453
1,<environment.Job instance at 0x149776941d70>,54,23,[12  1],55,467,490,412,461
1,<environment.Job instance at 0x1497aa2311e0>,55,24,[ 2 13],56,461,485,405,461
1,<environment.Job instance at 0x149776941820>,50,16,[12  2],51,490,506,439,485
1,<environment.Job instance at 0x1497a5764870>,37,18,[ 1 14],38,506,524,468,501
1,<environment.Job instance at 0x1497aa231d20>,57,19,[12  1],58,506,525,448,505
1,<environment.Job instance at 0x1497aa2310f0>,61,28,[12  2],62,525,553,463,524
1,<environment.Job instance at 0x1497aa231460>,65,28,[1 5],66,533,561,467,533
1,<environment.Job instance at 0x1497aa231f00>,68,1,[ 1 12],69,561,562,492,545
1,<environment.Job instance at 0x1497aa231640>,69,3,[ 1 11],70,562,565,492,552
1,<environment.Job instance at 0x149776629af0>,70,20,[14  1],71,553,573,482,552
1,<environment.Job instance at 0x1497aa231280>,66,1,[ 2 11],67,579,580,512,579
1,<environment.Job instance at 0x149776629410>,72,25,[1 7],73,580,605,507,579
1,<environment.Job instance at 0x149776629eb0>,73,3,[ 1 14],74,614,617,540,614
1,<environment.Job instance at 0x1497aa231370>,56,2,[12  1],57,615,617,558,615
1,<environment.Job instance at 0x149776629960>,74,2,[ 1 12],75,617,619,542,617
1,<environment.Job instance at 0x149776629e10>,77,25,[ 1 12],78,619,644,541,618
1,<environment.Job instance at 0x149776629050>,78,2,[14  1],79,631,633,552,631
1,<environment.Job instance at 0x149776629500>,79,23,[11  1],80,633,656,553,631
1,<environment.Job instance at 0x149776629370>,80,27,[14  2],81,656,683,575,654
1,<environment.Job instance at 0x1497766291e0>,81,25,[ 2 13],82,683,708,601,679
1,<environment.Job instance at 0x149776629b90>,82,28,[5 2],83,683,711,600,683
1,<environment.Job instance at 0x1497766292d0>,83,13,[14  2],84,781,794,697,781
1,<environment.Job instance at 0x149776a44910>,12,17,[ 1 11],13,795,812,782,795
1,<environment.Job instance at 0x149776629aa0>,84,2,[11  1],85,807,809,722,807
1,<environment.Job instance at 0x149776629780>,86,26,[ 2 11],87,812,838,725,810
1,<environment.Job instance at 0x149776ac0140>,88,28,[12  1],89,812,840,723,812
1,<environment.Job instance at 0x149776ac0640>,90,26,[ 1 13],91,838,864,747,835
1,<environment.Job instance at 0x149776ac0d20>,91,3,[ 2 11],92,864,867,772,856
1,<environment.Job instance at 0x149776ac0960>,92,23,[1 6],93,867,890,774,861
1,<environment.Job instance at 0x149776ac0050>,94,19,[6 2],95,866,885,771,866
1,<environment.Job instance at 0x149776ac0a00>,96,20,[ 1 13],97,890,910,793,881
1,<environment.Job instance at 0x149776629550>,85,25,[ 2 14],86,910,935,824,908
1,<environment.Job instance at 0x149776ac0c80>,97,3,[13  1],98,908,911,810,908
1,<environment.Job instance at 0x149776ac01e0>,99,19,[7 1],100,911,930,811,909
1,<environment.Job instance at 0x149776ac0410>,100,25,[5 1],101,930,955,829,926
1,<environment.Job instance at 0x149776ac04b0>,102,27,[ 1 10],103,935,962,832,933
1,<environment.Job instance at 0x149776ac0550>,103,2,[6 1],104,935,937,831,934
1,<environment.Job instance at 0x149776ac0690>,104,1,[1 5],105,955,956,850,934
1,<environment.Job instance at 0x149776ac05a0>,105,27,[6 1],106,956,983,850,954
1,<environment.Job instance at 0x1497aa200280>,107,1,[ 2 12],108,962,963,854,959
1,<environment.Job instance at 0x1497aa2003c0>,108,25,[ 1 13],109,963,988,854,959
1,<environment.Job instance at 0x1497aa200b90>,110,27,[ 1 12],111,988,1015,877,986
1,<environment.Job instance at 0x149776ad5b40>,16,12,[ 2 14],17,1015,1027,998,1000
1,<environment.Job instance at 0x1497aa200c30>,113,21,[13  1],114,1014,1035,900,1014
1,<environment.Job instance at 0x1497aa2000f0>,115,23,[11  1],116,1035,1058,919,1029
1,<environment.Job instance at 0x1497aa200f50>,116,18,[ 1 13],117,1047,1065,930,1047
1,<environment.Job instance at 0x149776653eb0>,117,21,[ 1 12],118,1065,1086,947,1059
1,<environment.Job instance at 0x149776653f00>,118,27,[ 1 14],119,1086,1113,967,1084
1,<environment.Job instance at 0x149776653a00>,119,3,[ 1 13],120,1113,1116,993,1108
1,<environment.Job instance at 0x1497766535a0>,120,25,[ 2 10],121,1116,1141,995,1112
1,<environment.Job instance at 0x149776653550>,121,26,[14  1],122,1141,1167,1019,1138
1,<environment.Job instance at 0x149776653fa0>,123,2,[8 1],124,1167,1169,1043,1146
1,<environment.Job instance at 0x149776653780>,124,18,[12  2],125,1169,1187,1044,1158
1,<environment.Job instance at 0x149776653730>,125,23,[9 2],126,1187,1210,1061,1181
1,<environment.Job instance at 0x149776653d70>,127,23,[8 2],128,1210,1233,1082,1204
1,<environment.Job instance at 0x1497766538c0>,128,15,[13  1],129,1233,1248,1104,1228
1,<environment.Job instance at 0x149776629dc0>,76,12,[ 1 13],77,1231,1243,1154,1231
1,<environment.Job instance at 0x149776653c80>,129,1,[11  2],130,1248,1249,1118,1238
1,<environment.Job instance at 0x1497a61d6460>,131,18,[10  2],132,1249,1267,1117,1241
1,<environment.Job instance at 0x1497a61d6370>,132,20,[2 6],133,1245,1265,1112,1245
1,<environment.Job instance at 0x1497a61d6d20>,134,2,[1 8],135,1265,1267,1130,1262
1,<environment.Job instance at 0x1497a61d61e0>,135,26,[6 2],136,1267,1293,1131,1264
1,<environment.Job instance at 0x1497a61d6640>,136,22,[2 8],137,1267,1289,1130,1265
1,<environment.Job instance at 0x149776629c80>,71,15,[ 1 12],72,1289,1304,1217,1279
1,<environment.Job instance at 0x1497766532d0>,130,23,[14  2],131,1293,1316,1162,1289
1,<environment.Job instance at 0x1497a61d69b0>,137,15,[ 1 12],138,1364,1379,1226,1364
1,<environment.Job instance at 0x1497a57a1e60>,0,20,[6 2],1,1,21,0,1
1,<environment.Job instance at 0x1497a57a1eb0>,2,27,[1 7],3,4,31,1,4
1,<environment.Job instance at 0x14977684e320>,5,28,[ 1 12],6,31,59,25,30
1,<environment.Job instance at 0x14977619a1e0>,9,26,[8 2],10,30,56,20,30
1,<environment.Job instance at 0x1497a570a140>,11,19,[ 1 13],12,59,78,47,50
1,<environment.Job instance at 0x1497a61d60f0>,1,20,[14  2],2,59,79,57,59
1,<environment.Job instance at 0x14977619a6e0>,8,22,[14  1],9,79,101,70,73
1,<environment.Job instance at 0x1497a570a500>,17,24,[1 8],18,78,102,60,73
1,<environment.Job instance at 0x1497a570a8c0>,19,27,[ 2 11],20,102,129,82,100
1,<environment.Job instance at 0x1497a570aa00>,16,24,[5 1],17,101,125,84,100
1,<environment.Job instance at 0x1497a57041e0>,23,25,[6 1],24,105,130,81,105
1,<environment.Job instance at 0x1497a57045a0>,24,27,[12  1],25,130,157,105,128
1,<environment.Job instance at 0x1497a58f6960>,27,27,[2 8],28,136,163,108,136
1,<environment.Job instance at 0x1497a570ef50>,29,24,[10  2],30,157,181,127,152
1,<environment.Job instance at 0x1497a5704280>,20,23,[ 1 12],21,172,195,151,172
1,<environment.Job instance at 0x1497a5704640>,22,25,[12  1],23,181,206,158,177
1,<environment.Job instance at 0x1497a5705c30>,6,27,[ 1 13],7,195,222,188,193
1,<environment.Job instance at 0x1497766217d0>,31,2,[ 1 12],32,222,224,190,211
1,<environment.Job instance at 0x1497a0035d70>,35,19,[12  2],36,211,230,175,211
1,<environment.Job instance at 0x1497a0035f50>,36,2,[12  2],37,230,232,193,227
1,<environment.Job instance at 0x1497a000d140>,32,17,[11  2],33,232,249,199,230
1,<environment.Job instance at 0x1497a0035af0>,39,26,[10  1],40,249,275,209,246
1,<environment.Job instance at 0x1497767a62d0>,40,25,[ 1 14],41,249,274,208,247
1,<environment.Job instance at 0x1497767a6640>,42,27,[ 1 13],43,274,301,231,272
1,<environment.Job instance at 0x1497766250a0>,41,23,[12  1],42,275,298,233,273
1,<environment.Job instance at 0x1497a5730b90>,43,19,[13  1],44,298,317,254,297
1,<environment.Job instance at 0x1497a57059b0>,4,3,[12  2],5,317,320,312,305
1,<environment.Job instance at 0x14977662faa0>,46,23,[1 8],47,305,328,258,305
1,<environment.Job instance at 0x1497a5714910>,47,1,[2 5],48,328,329,280,328
1,<environment.Job instance at 0x1497a5714230>,48,24,[ 2 14],49,329,353,280,328
1,<environment.Job instance at 0x1497a5714a00>,49,21,[14  2],50,353,374,303,345
1,<environment.Job instance at 0x1497a5927be0>,51,21,[14  2],52,374,395,322,366
1,<environment.Job instance at 0x149776791b40>,45,16,[14  2],46,396,412,350,396
1,<environment.Job instance at 0x1497a5725370>,53,1,[ 1 11],54,407,408,353,407
1,<environment.Job instance at 0x1497a5912190>,54,28,[ 1 12],55,408,436,353,407
1,<environment.Job instance at 0x1497a5912140>,55,26,[14  1],56,412,438,356,409
1,<environment.Job instance at 0x1497a5912280>,56,26,[2 9],57,438,464,381,435
1,<environment.Job instance at 0x1497a59125a0>,58,2,[5 2],59,438,440,379,437
1,<environment.Job instance at 0x1497a5725e60>,52,15,[ 2 13],53,464,479,411,461
1,<environment.Job instance at 0x1497a5713a50>,60,19,[1 8],61,479,498,418,474
1,<environment.Job instance at 0x1497a57135a0>,61,25,[8 1],62,475,500,413,475
1,<environment.Job instance at 0x1497a5912320>,62,26,[ 1 11],63,498,524,435,495
1,<environment.Job instance at 0x1497a5713dc0>,63,24,[11  1],64,500,524,436,496
1,<environment.Job instance at 0x1497a5713be0>,66,28,[7 2],67,524,552,457,523
1,<environment.Job instance at 0x1497a5713d20>,68,22,[ 1 11],69,525,547,456,525
1,<environment.Job instance at 0x1497a58f8f50>,70,28,[1 6],71,547,575,476,546
1,<environment.Job instance at 0x1497a58f8fa0>,71,23,[13  2],72,552,575,480,546
1,<environment.Job instance at 0x1497a59171e0>,73,27,[1 6],74,551,578,477,551
1,<environment.Job instance at 0x1497a59170f0>,74,2,[12  2],75,575,577,500,555
1,<environment.Job instance at 0x1497a59172d0>,75,22,[12  1],76,577,599,501,571
1,<environment.Job instance at 0x1497a59174b0>,76,21,[12  2],77,599,620,522,591
1,<environment.Job instance at 0x1497a5917460>,77,3,[ 2 10],78,600,603,522,600
1,<environment.Job instance at 0x1497a5917410>,78,24,[9 1],79,620,644,541,615
1,<environment.Job instance at 0x1497a5917320>,79,15,[5 2],80,620,635,540,616
1,<environment.Job instance at 0x1497a59175f0>,80,3,[12  1],81,644,647,563,631
1,<environment.Job instance at 0x1497a5917690>,81,1,[13  2],82,647,648,565,632
1,<environment.Job instance at 0x1497a5917730>,82,26,[5 2],83,648,674,565,645
1,<environment.Job instance at 0x149776621910>,30,14,[ 1 13],31,674,688,643,674
1,<environment.Job instance at 0x1497a59177d0>,83,15,[11  2],84,674,689,590,674
1,<environment.Job instance at 0x1497a5917a50>,87,22,[12  1],88,689,711,601,682
1,<environment.Job instance at 0x1497a5917af0>,88,27,[1 7],89,688,715,599,686
1,<environment.Job instance at 0x1497a5917c30>,90,24,[ 1 11],91,715,739,624,710
1,<environment.Job instance at 0x1497a5917d70>,92,28,[ 2 12],93,739,767,646,738
1,<environment.Job instance at 0x1497a5917e10>,93,19,[11  2],94,739,758,645,739
1,<environment.Job instance at 0x1497a59130a0>,96,19,[14  1],97,767,786,670,757
1,<environment.Job instance at 0x1497a5917f50>,95,12,[13  2],96,786,798,690,769
1,<environment.Job instance at 0x1497a5913190>,98,26,[1 5],99,769,795,670,769
1,<environment.Job instance at 0x1497a5913230>,99,23,[ 2 13],100,795,818,695,792
1,<environment.Job instance at 0x1497a59135f0>,100,2,[14  1],101,818,820,717,800
1,<environment.Job instance at 0x1497a5913370>,101,2,[13  1],102,806,808,704,806
1,<environment.Job instance at 0x1497a5913820>,103,28,[12  2],104,820,848,716,819
1,<environment.Job instance at 0x1497a59138c0>,104,18,[ 2 11],105,823,841,718,823
1,<environment.Job instance at 0x1497a59130f0>,97,3,[ 2 11],98,846,849,748,846
1,<environment.Job instance at 0x1497a5913910>,106,20,[8 1],107,848,868,741,848
1,<environment.Job instance at 0x1497a5913b40>,107,20,[7 2],108,849,869,741,848
1,<environment.Job instance at 0x1497a5913870>,108,25,[ 1 13],109,868,893,759,865
1,<environment.Job instance at 0x1497a5913aa0>,109,27,[1 9],110,893,920,783,891
1,<environment.Job instance at 0x1497a5913b90>,111,17,[1 6],112,893,910,781,893
1,<environment.Job instance at 0x1497a5913cd0>,113,28,[2 8],114,920,948,806,919
1,<environment.Job instance at 0x1497a5913fa0>,114,26,[14  1],115,948,974,833,945
1,<environment.Job instance at 0x1497a5913e10>,115,22,[ 2 10],116,974,996,858,967
1,<environment.Job instance at 0x1497a5913f00>,116,2,[ 2 11],117,996,998,879,996
1,<environment.Job instance at 0x1497a5730050>,44,14,[13  2],45,1023,1037,978,1023
1,<environment.Job instance at 0x1497a591b280>,118,1,[13  1],119,1037,1038,918,1030
1,<environment.Job instance at 0x1497a591b320>,119,26,[ 1 14],120,1037,1063,917,1035
1,<environment.Job instance at 0x1497a5913f50>,117,1,[14  1],118,1038,1039,920,1036
1,<environment.Job instance at 0x1497a591b0a0>,121,27,[13  1],122,1039,1066,917,1037
1,<environment.Job instance at 0x1497a591b550>,126,26,[2 5],127,1063,1089,936,1060
1,<environment.Job instance at 0x1497a5912410>,59,15,[ 2 11],60,1089,1104,1029,1075
1,<environment.Job instance at 0x1497a591b910>,129,22,[11  2],130,1075,1097,945,1075
1,<environment.Job instance at 0x1497a591ba50>,131,14,[11  2],132,1101,1115,969,1101
1,<environment.Job instance at 0x1497a591bc80>,132,27,[ 1 10],133,1104,1131,971,1102
1,<environment.Job instance at 0x1497a591b870>,128,13,[ 2 12],129,1131,1144,1002,1129
1,<environment.Job instance at 0x1497a591bdc0>,134,3,[ 1 13],135,1147,1150,1012,1147
1,<environment.Job instance at 0x1497a591be60>,135,27,[7 1],136,1147,1174,1011,1147
1,<environment.Job instance at 0x1497a591b9b0>,133,17,[ 2 14],134,1159,1176,1025,1159
1,<environment.Job instance at 0x1497a591bfa0>,137,13,[12  1],138,1175,1188,1037,1175
1,<environment.Job instance at 0x14977669a280>,138,23,[ 2 11],139,1176,1199,1037,1175
1,<environment.Job instance at 0x1497a591b640>,127,3,[14  1],128,1199,1202,1071,1191
1,<environment.Job instance at 0x1497a591beb0>,136,1,[13  1],137,1212,1213,1075,1212
1,<environment.Job instance at 0x1497a0035a00>,34,2,[11  1],35,1213,1215,1178,1213
1,<environment.Job instance at 0x1497a59136e0>,105,13,[ 2 11],106,1345,1358,1239,1345
1,<environment.Job instance at 0x1497766b45a0>,0,21,[12  2],1,2,23,1,2
1,<environment.Job instance at 0x1497a59136e0>,3,25,[1 6],4,4,29,0,4
1,<environment.Job instance at 0x1497765f88c0>,10,23,[12  1],11,23,46,12,17
1,<environment.Job instance at 0x1497765f8fa0>,13,24,[ 1 14],14,29,53,15,28
1,<environment.Job instance at 0x1497765f8460>,14,28,[13  2],15,53,81,38,52
1,<environment.Job instance at 0x1497767b0be0>,16,22,[ 2 13],17,61,83,44,61
1,<environment.Job instance at 0x1497765f8be0>,15,19,[11  2],16,81,100,65,76
1,<environment.Job instance at 0x1497767b0730>,17,26,[11  1],18,100,126,82,97
1,<environment.Job instance at 0x1497767b00a0>,19,19,[ 1 10],20,99,118,79,99
1,<environment.Job instance at 0x1497766b46e0>,1,3,[ 1 14],2,119,122,117,119
1,<environment.Job instance at 0x1497767b0910>,22,28,[12  2],23,126,154,103,125
1,<environment.Job instance at 0x1497767b0320>,24,18,[10  2],25,154,172,129,146
1,<environment.Job instance at 0x1497767b06e0>,25,27,[1 8],26,146,173,120,146
1,<environment.Job instance at 0x1497767b0640>,27,25,[ 1 10],28,173,198,145,169
1,<environment.Job instance at 0x149776778e10>,28,28,[10  1],29,172,200,143,172
1,<environment.Job instance at 0x149776778cd0>,29,21,[13  2],30,200,221,170,193
1,<environment.Job instance at 0x1497767786e0>,30,1,[7 2],31,221,222,190,195
1,<environment.Job instance at 0x1497767787d0>,31,27,[2 5],32,198,225,166,197
1,<environment.Job instance at 0x149776778640>,32,26,[2 6],33,221,247,188,218
1,<environment.Job instance at 0x1497765f86e0>,9,18,[ 2 14],10,266,284,256,266
1,<environment.Job instance at 0x149776778a50>,33,14,[11  2],34,284,298,250,275
1,<environment.Job instance at 0x149776778780>,35,28,[ 2 13],36,284,312,248,283
1,<environment.Job instance at 0x1497767785a0>,36,27,[ 2 13],37,312,339,275,310
1,<environment.Job instance at 0x1497767783c0>,37,21,[11  1],38,310,331,272,310
1,<environment.Job instance at 0x1497767789b0>,40,15,[13  1],41,340,355,299,340
1,<environment.Job instance at 0x1497767784b0>,41,27,[ 1 11],42,340,367,298,340
1,<environment.Job instance at 0x1497767780f0>,42,16,[12  2],43,361,377,318,361
1,<environment.Job instance at 0x149776778550>,44,23,[ 2 14],45,377,400,332,371
1,<environment.Job instance at 0x149776778410>,45,25,[11  1],46,377,402,331,376
1,<environment.Job instance at 0x149776778960>,46,28,[9 1],47,402,430,355,401
1,<environment.Job instance at 0x149776778320>,47,17,[ 2 12],48,405,422,357,405
1,<environment.Job instance at 0x14977620b910>,49,28,[2 5],50,422,450,372,421
1,<environment.Job instance at 0x14977620bd70>,50,13,[ 1 11],51,450,463,399,449
1,<environment.Job instance at 0x14977620b0a0>,51,27,[ 2 14],52,463,490,411,461
1,<environment.Job instance at 0x14977620b820>,52,28,[14  1],53,490,518,437,489
1,<environment.Job instance at 0x14977620b2d0>,54,13,[12  1],55,518,531,463,518
1,<environment.Job instance at 0x14977620bb90>,55,22,[7 2],56,531,553,475,524
1,<environment.Job instance at 0x14977620bd20>,56,23,[7 1],57,531,554,474,525
1,<environment.Job instance at 0x14977620b460>,57,22,[ 2 11],58,553,575,495,546
1,<environment.Job instance at 0x14977620bc30>,58,28,[8 1],59,554,582,495,553
1,<environment.Job instance at 0x14977620b730>,59,23,[5 1],60,554,577,494,554
1,<environment.Job instance at 0x14977620baa0>,60,24,[ 2 11],61,575,599,514,570
1,<environment.Job instance at 0x14977620bf50>,62,1,[10  1],63,588,589,525,588
1,<environment.Job instance at 0x1497767b01e0>,21,17,[ 2 13],22,599,616,577,590
1,<environment.Job instance at 0x14977620beb0>,63,18,[ 1 11],64,616,634,552,607
1,<environment.Job instance at 0x1497765f8500>,11,15,[ 1 12],12,634,649,622,623
1,<environment.Job instance at 0x14977620bcd0>,65,24,[1 9],66,649,673,583,644
1,<environment.Job instance at 0x14977620b190>,68,15,[12  2],69,652,667,583,652
1,<environment.Job instance at 0x1497761a35f0>,70,1,[5 1],71,667,668,596,660
1,<environment.Job instance at 0x1497761a3d20>,69,2,[13  1],70,668,670,598,660
1,<environment.Job instance at 0x14977620b5a0>,67,19,[ 2 11],68,673,692,605,665
1,<environment.Job instance at 0x1497761a3c80>,77,22,[13  1],78,682,704,604,682
1,<environment.Job instance at 0x1497761a3eb0>,74,15,[13  1],75,704,719,629,690
1,<environment.Job instance at 0x1497761a3e10>,80,3,[ 1 12],81,699,702,618,699
1,<environment.Job instance at 0x1497761a38c0>,81,28,[13  1],82,719,747,637,718
1,<environment.Job instance at 0x14977619d960>,82,20,[14  2],83,747,767,664,738
1,<environment.Job instance at 0x14977619daf0>,83,23,[10  1],84,767,790,683,761
1,<environment.Job instance at 0x14977619d3c0>,84,20,[ 2 10],85,767,787,682,766
1,<environment.Job instance at 0x1497767785f0>,39,2,[14  2],40,790,792,750,776
1,<environment.Job instance at 0x14977619d050>,85,1,[ 1 10],86,787,788,701,784
1,<environment.Job instance at 0x14977619d1e0>,87,2,[ 1 14],88,788,790,700,788
1,<environment.Job instance at 0x14977619d0f0>,88,26,[12  2],89,792,818,703,789
1,<environment.Job instance at 0x14977619d780>,90,24,[6 2],91,818,842,727,814
1,<environment.Job instance at 0x14977619d280>,94,28,[6 2],95,818,846,723,817
1,<environment.Job instance at 0x14977619de60>,95,28,[1 7],96,817,845,721,817
1,<environment.Job instance at 0x14977619dcd0>,96,21,[ 1 11],97,845,866,748,838
1,<environment.Job instance at 0x149776177d20>,100,20,[5 2],101,857,877,756,857
1,<environment.Job instance at 0x149776177eb0>,101,15,[1 7],102,870,885,768,870
1,<environment.Job instance at 0x149776177e10>,102,21,[ 1 14],103,885,906,782,878
1,<environment.Job instance at 0x149776177140>,103,19,[ 1 13],104,906,925,802,897
1,<environment.Job instance at 0x149776177320>,105,14,[1 6],106,929,943,823,929
1,<environment.Job instance at 0x149776177f00>,106,23,[7 1],107,929,952,822,929
1,<environment.Job instance at 0x149776177460>,107,26,[7 1],108,929,955,821,929
1,<environment.Job instance at 0x1497aa1ac960>,108,24,[13  1],109,955,979,846,950
1,<environment.Job instance at 0x1497aa1ac3c0>,109,28,[6 1],110,979,1007,869,978
1,<environment.Job instance at 0x1497aa1ac7d0>,110,23,[ 1 10],111,979,1002,868,979
1,<environment.Job instance at 0x1497aa1ac5a0>,111,23,[6 2],112,979,1002,867,979
1,<environment.Job instance at 0x1497aa1acf00>,113,19,[ 1 13],114,1004,1023,890,1004
1,<environment.Job instance at 0x149776177aa0>,97,3,[ 2 11],98,1023,1026,925,1005
1,<environment.Job instance at 0x1497aa1acaf0>,115,18,[ 1 12],116,1026,1044,910,1023
1,<environment.Job instance at 0x1497761a3640>,79,3,[12  1],80,1028,1031,948,1028
1,<environment.Job instance at 0x1497aa1acbe0>,117,23,[10  1],118,1031,1054,913,1028
1,<environment.Job instance at 0x1497aa1ac870>,114,19,[ 1 13],115,1044,1063,929,1035
1,<environment.Job instance at 0x1497aa1acf50>,120,14,[11  1],121,1058,1072,937,1058
1,<environment.Job instance at 0x1497aa1acd70>,121,28,[11  2],122,1072,1100,950,1071
1,<environment.Job instance at 0x1497aa1ac820>,119,17,[13  1],120,1100,1117,980,1089
1,<environment.Job instance at 0x1497aa1ac190>,123,28,[ 2 11],124,1089,1117,965,1089
1,<environment.Job instance at 0x149776180550>,125,23,[10  2],126,1117,1140,991,1111
1,<environment.Job instance at 0x149776180c80>,126,28,[ 2 12],127,1117,1145,990,1116
1,<environment.Job instance at 0x1497a3cd2460>,128,23,[1 9],129,1145,1168,1016,1139
1,<environment.Job instance at 0x1497a3cd25f0>,129,23,[ 1 11],130,1168,1191,1038,1163
1,<environment.Job instance at 0x1497a3cd20f0>,130,18,[11  2],131,1174,1192,1043,1174
1,<environment.Job instance at 0x1497aa1ac460>,118,2,[ 1 14],119,1193,1195,1074,1193
1,<environment.Job instance at 0x1497a3cd2820>,132,18,[ 1 13],133,1195,1213,1062,1193
1,<environment.Job instance at 0x1497a3cd2d20>,131,1,[11  1],132,1214,1215,1082,1214
1,<environment.Job instance at 0x1497a3cd2b40>,134,27,[2 5],135,1214,1241,1079,1214
1,<environment.Job instance at 0x1497a3cd2230>,136,21,[ 1 12],137,1241,1262,1104,1233
1,<environment.Job instance at 0x1497aa1ac2d0>,122,13,[14  1],123,1269,1282,1146,1269
1,<environment.Job instance at 0x1497a3cd2be0>,133,2,[11  2],134,1285,1287,1151,1285
1,<environment.Job instance at 0x1497761a3690>,76,17,[ 1 13],77,1531,1548,1454,1531
1,<environment.Job instance at 0x1497767b0500>,18,12,[ 2 11],19,1799,1811,1780,1799
1,<environment.Job instance at 0x149776380a50>,0,27,[ 1 11],1,2,29,1,2
1,<environment.Job instance at 0x149776380d20>,2,20,[13  1],3,5,25,2,5
1,<environment.Job instance at 0x1497767b0500>,3,1,[ 2 12],4,29,30,25,22
1,<environment.Job instance at 0x1497a5dfdc30>,12,19,[13  1],13,25,44,12,24
1,<environment.Job instance at 0x1497a5dfd9b0>,10,21,[ 1 14],11,30,51,19,26
1,<environment.Job instance at 0x1497a5dfdeb0>,13,21,[ 2 12],14,51,72,37,48
1,<environment.Job instance at 0x1497a5dfd5f0>,16,25,[12  2],17,51,76,34,48
1,<environment.Job instance at 0x1497a5dfd2d0>,17,24,[10  2],18,76,100,58,71
1,<environment.Job instance at 0x1497a5dfd460>,18,25,[7 2],19,100,125,81,96
1,<environment.Job instance at 0x1497a5dfd910>,9,3,[ 2 11],10,113,116,103,113
1,<environment.Job instance at 0x1497a5e2ddc0>,20,2,[11  2],21,125,127,104,117
1,<environment.Job instance at 0x1497a5dfdfa0>,19,18,[13  1],20,127,145,107,119
1,<environment.Job instance at 0x1497a5e2d0a0>,22,1,[14  1],23,145,146,122,121
1,<environment.Job instance at 0x1497a5dfdd70>,14,13,[ 2 14],15,127,140,112,127
1,<environment.Job instance at 0x1497a5dfd7d0>,11,12,[11  1],12,146,158,134,136
1,<environment.Job instance at 0x1497a5e00f00>,25,2,[12  1],26,158,160,132,139
1,<environment.Job instance at 0x1497a3cff230>,26,19,[11  2],27,160,179,133,151
1,<environment.Job instance at 0x1497a5e003c0>,24,3,[ 1 11],25,168,171,143,168
1,<environment.Job instance at 0x1497a57e4910>,29,21,[8 1],30,179,200,149,172
1,<environment.Job instance at 0x1497765fb3c0>,28,23,[13  1],29,200,223,171,194
1,<environment.Job instance at 0x1497a57b3050>,33,21,[ 1 11],34,204,225,170,204
1,<environment.Job instance at 0x1497766f0820>,30,19,[14  2],31,223,242,192,214
1,<environment.Job instance at 0x1497a3cfd8c0>,38,17,[10  2],39,242,259,203,234
1,<environment.Job instance at 0x1497a5e178c0>,40,28,[5 2],41,242,270,201,241
1,<environment.Job instance at 0x1497a5e17690>,41,19,[9 2],42,259,278,217,249
1,<environment.Job instance at 0x1497a3cffdc0>,27,1,[12  2],28,278,279,250,255
1,<environment.Job instance at 0x1497a3fa6910>,43,25,[13  2],44,279,304,235,275
1,<environment.Job instance at 0x1497a57b3910>,37,20,[ 2 12],38,283,303,245,283
1,<environment.Job instance at 0x1497a5e2d190>,23,15,[11  2],24,304,319,280,301
1,<environment.Job instance at 0x1497a3f97820>,46,24,[1 8],47,303,327,256,302
1,<environment.Job instance at 0x1497766deb90>,47,23,[ 1 12],48,327,350,279,322
1,<environment.Job instance at 0x1497a3f898c0>,42,2,[14  2],43,324,326,281,324
1,<environment.Job instance at 0x1497a3f7f550>,50,23,[9 1],51,329,352,278,329
1,<environment.Job instance at 0x1497a3fb31e0>,52,16,[ 2 12],53,360,376,307,360
1,<environment.Job instance at 0x1497a3fb33c0>,53,22,[ 1 13],54,376,398,322,370
1,<environment.Job instance at 0x1497a3fb3730>,56,20,[8 2],57,373,393,316,373
1,<environment.Job instance at 0x1497a3fb3aa0>,58,24,[ 2 12],59,398,422,339,393
1,<environment.Job instance at 0x1497a3fb3230>,59,24,[14  1],60,422,446,362,417
1,<environment.Job instance at 0x1497a3fb3b90>,62,14,[11  1],63,458,472,395,458
1,<environment.Job instance at 0x1497a3fb32d0>,63,22,[7 2],64,472,494,408,465
1,<environment.Job instance at 0x1497a3fb3d70>,64,24,[2 7],65,465,489,400,465
1,<environment.Job instance at 0x1497a3fb36e0>,65,25,[2 6],66,465,490,399,465
1,<environment.Job instance at 0x1497a3fb3e10>,66,21,[2 9],67,490,511,423,482
1,<environment.Job instance at 0x1497a3f7f050>,48,13,[ 2 12],49,511,524,462,506
1,<environment.Job instance at 0x1497a3f8d0f0>,68,16,[11  1],69,525,541,456,525
1,<environment.Job instance at 0x1497a3f8d230>,69,20,[14  2],70,541,561,471,532
1,<environment.Job instance at 0x1497a3f8d280>,70,2,[13  1],71,561,563,490,554
1,<environment.Job instance at 0x1497a5e93aa0>,71,1,[11  1],72,563,564,491,560
1,<environment.Job instance at 0x1497a3f8d140>,72,2,[11  1],73,565,567,492,565
1,<environment.Job instance at 0x1497a5e932d0>,73,21,[8 2],74,567,588,493,565
1,<environment.Job instance at 0x1497a5e930a0>,74,2,[12  2],75,588,590,513,574
1,<environment.Job instance at 0x1497a5e93690>,75,18,[ 1 14],76,590,608,514,581
1,<environment.Job instance at 0x1497a5eae230>,77,14,[ 1 14],78,623,637,545,623
1,<environment.Job instance at 0x1497a5eae2d0>,78,17,[ 1 11],79,637,654,558,630
1,<environment.Job instance at 0x1497a5eae370>,79,3,[11  2],80,637,640,557,630
1,<environment.Job instance at 0x1497a5eae410>,80,23,[ 1 13],81,654,677,573,648
1,<environment.Job instance at 0x1497a5eae4b0>,81,24,[1 8],82,677,701,595,672
1,<environment.Job instance at 0x1497a5eae550>,82,12,[7 2],83,676,688,593,676
1,<environment.Job instance at 0x1497a5eae690>,84,3,[5 2],85,678,681,593,678
1,<environment.Job instance at 0x1497a5eae730>,85,3,[ 2 11],86,701,704,615,680
1,<environment.Job instance at 0x1497a5eae7d0>,86,2,[ 2 12],87,704,706,617,684
1,<environment.Job instance at 0x1497a5eae870>,87,25,[13  1],88,688,713,600,684
1,<environment.Job instance at 0x1497a5eae910>,88,22,[9 2],89,713,735,624,706
1,<environment.Job instance at 0x1497a5eae9b0>,89,20,[ 1 13],90,710,730,620,710
1,<environment.Job instance at 0x1497a5eaea50>,90,19,[13  1],91,735,754,644,725
1,<environment.Job instance at 0x1497a5eaeaf0>,91,1,[13  2],92,754,755,662,733
1,<environment.Job instance at 0x1497a5eaeb90>,92,25,[ 2 12],93,733,758,640,733
1,<environment.Job instance at 0x1497a5eaec30>,93,2,[ 2 13],94,758,760,664,737
1,<environment.Job instance at 0x1497a5eaecd0>,94,19,[2 9],95,760,779,665,751
1,<environment.Job instance at 0x1497a5eaed70>,95,24,[12  2],96,755,779,659,751
1,<environment.Job instance at 0x1497a5eae0a0>,96,1,[5 1],97,779,780,682,755
1,<environment.Job instance at 0x1497a3f8db40>,67,14,[14  1],68,780,794,712,770
1,<environment.Job instance at 0x1497a5eaed20>,98,27,[1 6],99,779,806,680,777
1,<environment.Job instance at 0x1497a5eaedc0>,99,26,[8 2],100,794,820,694,791
1,<environment.Job instance at 0x1497a5eaef50>,101,27,[ 2 10],102,806,833,704,805
1,<environment.Job instance at 0x1497a5e9c0a0>,102,22,[13  1],103,820,842,717,814
1,<environment.Job instance at 0x1497a5e9c280>,103,28,[10  1],104,842,870,738,841
1,<environment.Job instance at 0x1497a3fa61e0>,44,13,[ 1 13],45,844,857,799,844
1,<environment.Job instance at 0x1497a5e9c2d0>,104,1,[ 2 12],105,857,858,752,853
1,<environment.Job instance at 0x1497a5e9c3c0>,107,22,[12  1],108,870,892,762,863
1,<environment.Job instance at 0x1497a5e9c5f0>,110,28,[1 6],111,867,895,756,867
1,<environment.Job instance at 0x1497a5e9c8c0>,112,26,[11  2],113,892,918,779,889
1,<environment.Job instance at 0x1497a5e9ca50>,114,23,[7 1],115,918,941,803,912
1,<environment.Job instance at 0x1497766de370>,45,15,[ 1 13],46,944,959,898,944
1,<environment.Job instance at 0x1497a5e9c460>,116,28,[6 1],117,944,972,827,944
1,<environment.Job instance at 0x1497a5e9ccd0>,117,21,[5 2],118,959,980,841,952
1,<environment.Job instance at 0x1497a5e9c910>,118,23,[8 2],119,972,995,853,966
1,<environment.Job instance at 0x1497a5e9ce10>,119,3,[ 1 12],120,980,983,860,974
1,<environment.Job instance at 0x1497a5e9ceb0>,120,23,[11  1],121,995,1018,874,989
1,<environment.Job instance at 0x1497a5eaef00>,97,15,[ 2 12],98,994,1009,896,994
1,<environment.Job instance at 0x1497a5e9cd70>,123,28,[8 2],124,1018,1046,894,1017
1,<environment.Job instance at 0x1497a5e9caa0>,121,16,[ 1 11],122,1021,1037,899,1021
1,<environment.Job instance at 0x1497a5ea8280>,125,26,[13  2],126,1046,1072,920,1043
1,<environment.Job instance at 0x1497a5ea8320>,126,21,[13  2],127,1072,1093,945,1065
1,<environment.Job instance at 0x1497a5ea8500>,128,28,[ 1 10],129,1065,1093,936,1065
1,<environment.Job instance at 0x1497a5ea81e0>,129,26,[8 2],130,1093,1119,963,1090
1,<environment.Job instance at 0x1497a5ea8690>,130,22,[12  1],131,1119,1141,988,1113
1,<environment.Job instance at 0x1497a5ea85a0>,131,19,[ 1 13],132,1125,1144,993,1125
1,<environment.Job instance at 0x1497a5ea86e0>,133,24,[ 2 14],134,1144,1168,1010,1139
1,<environment.Job instance at 0x1497a5ea8780>,134,25,[12  2],135,1168,1193,1033,1164
1,<environment.Job instance at 0x1497a5ea89b0>,135,22,[ 1 11],136,1168,1190,1032,1166
1,<environment.Job instance at 0x1497a5ea8550>,127,3,[14  2],128,1193,1196,1065,1169
1,<environment.Job instance at 0x1497a5ea8af0>,138,2,[14  2],139,1196,1198,1057,1176
1,<environment.Job instance at 0x1497a5e9c230>,105,15,[ 1 13],106,1203,1218,1097,1203
1,<environment.Job instance at 0x1497a5e9c870>,115,13,[12  2],116,1214,1227,1098,1214
1,<environment.Job instance at 0x1497a5dfd690>,15,3,[13  2],16,1232,1235,1216,1232
1,<environment.Job instance at 0x1497a594c0a0>,0,28,[ 1 14],1,1,29,0,1
1,<environment.Job instance at 0x1497a5dfd690>,2,27,[1 5],3,29,56,26,27
1,<environment.Job instance at 0x1497a594c410>,7,20,[6 1],8,27,47,19,27
1,<environment.Job instance at 0x1497a594cfa0>,9,27,[1 9],10,34,61,24,34
1,<environment.Job instance at 0x1497a594ccd0>,10,26,[2 9],11,61,87,50,58
1,<environment.Job instance at 0x1497a594c230>,11,25,[9 1],12,58,83,46,58
1,<environment.Job instance at 0x1497764f3b90>,12,21,[13  2],13,83,104,70,75
1,<environment.Job instance at 0x1497a5dfdf50>,1,21,[ 1 13],2,87,108,85,79
1,<environment.Job instance at 0x1497a594c910>,4,2,[ 2 11],5,108,110,103,102
1,<environment.Job instance at 0x1497764f3370>,13,2,[ 1 12],14,110,112,96,104
1,<environment.Job instance at 0x1497764f3460>,17,24,[9 1],18,104,128,86,104
1,<environment.Job instance at 0x1497764f32d0>,18,23,[12  1],19,128,151,109,122
1,<environment.Job instance at 0x1497764f3f50>,19,28,[10  2],20,151,179,131,150
1,<environment.Job instance at 0x1497764f3aa0>,20,23,[2 9],21,150,173,129,150
1,<environment.Job instance at 0x1497764f39b0>,15,14,[ 2 14],16,179,193,163,176
1,<environment.Job instance at 0x1497764f3640>,16,3,[11  2],17,193,196,176,185
1,<environment.Job instance at 0x1497764f3050>,25,21,[13  1],26,196,217,170,188
1,<environment.Job instance at 0x1497764f35a0>,27,26,[8 2],28,217,243,189,214
1,<environment.Job instance at 0x1497764f3a50>,28,26,[2 8],29,214,240,185,214
1,<environment.Job instance at 0x1497764f3d70>,29,22,[10  2],30,243,265,213,236
1,<environment.Job instance at 0x1497764f3f00>,32,3,[10  1],33,265,268,232,246
1,<environment.Job instance at 0x1497764f3cd0>,33,19,[2 8],34,251,270,217,251
1,<environment.Job instance at 0x1497764f31e0>,34,20,[1 9],35,270,290,235,261
1,<environment.Job instance at 0x14977669af00>,35,1,[13  1],36,284,285,248,284
1,<environment.Job instance at 0x14977669a0f0>,36,22,[ 1 13],37,290,312,253,285
1,<environment.Job instance at 0x14977669ae10>,37,28,[ 2 11],38,312,340,274,311
1,<environment.Job instance at 0x1497764f3730>,24,15,[12  2],25,311,326,286,311
1,<environment.Job instance at 0x1497a594ce10>,3,14,[14  1],4,340,354,336,331
1,<environment.Job instance at 0x14977669a5f0>,38,16,[14  1],39,354,370,315,343
1,<environment.Job instance at 0x14977669a370>,42,28,[14  2],43,370,398,327,369
1,<environment.Job instance at 0x14977669a960>,39,1,[11  1],40,398,399,358,384
1,<environment.Job instance at 0x14977669a280>,46,22,[5 2],47,399,421,352,392
1,<environment.Job instance at 0x14977669a1e0>,47,27,[8 1],48,399,426,351,397
1,<environment.Job instance at 0x14977669aaa0>,40,14,[12  1],41,426,440,385,411
1,<environment.Job instance at 0x14977669adc0>,50,2,[11  2],51,440,442,389,438
1,<environment.Job instance at 0x14977669a4b0>,52,3,[8 1],53,443,446,390,443
1,<environment.Job instance at 0x1497a5917eb0>,53,27,[2 6],54,444,471,390,444
1,<environment.Job instance at 0x14977669a780>,44,1,[11  1],45,450,451,405,450
1,<environment.Job instance at 0x1497a5917460>,55,28,[14  2],56,471,499,415,470
1,<environment.Job instance at 0x1497764f3140>,22,13,[ 1 12],23,472,485,449,472
1,<environment.Job instance at 0x1497a59174b0>,57,22,[14  1],58,499,521,441,492
1,<environment.Job instance at 0x1497a5917730>,58,2,[ 2 13],59,521,523,462,496
1,<environment.Job instance at 0x1497a5917500>,60,13,[14  2],61,523,536,462,517
1,<environment.Job instance at 0x1497a5917d70>,61,28,[8 2],62,536,564,474,535
1,<environment.Job instance at 0x1497a5917550>,56,3,[13  2],57,564,567,507,549
1,<environment.Job instance at 0x1497a5917910>,62,1,[ 2 13],63,553,554,490,553
1,<environment.Job instance at 0x1497a5917d20>,65,20,[5 2],66,567,587,501,561
1,<environment.Job instance at 0x14977669ac80>,49,12,[ 2 11],50,563,575,513,563
1,<environment.Job instance at 0x1497a5917640>,67,1,[ 1 11],68,575,576,507,571
1,<environment.Job instance at 0x1497a5917b40>,64,1,[ 2 13],65,576,577,511,574
1,<environment.Job instance at 0x1497a5917aa0>,71,22,[9 1],72,577,599,505,574
1,<environment.Job instance at 0x1497a5917e10>,70,12,[13  1],71,599,611,528,584
1,<environment.Job instance at 0x1497a5917c30>,73,3,[ 2 14],74,596,599,522,596
1,<environment.Job instance at 0x149776729a00>,74,26,[ 2 11],75,599,625,524,597
1,<environment.Job instance at 0x1497767291e0>,75,16,[8 1],76,611,627,535,608
1,<environment.Job instance at 0x1497767292d0>,76,19,[8 2],77,627,646,550,617
1,<environment.Job instance at 0x149776729be0>,77,25,[1 9],78,625,650,547,622
1,<environment.Job instance at 0x149776729690>,78,26,[1 6],79,646,672,567,643
1,<environment.Job instance at 0x149776729410>,79,23,[2 7],80,650,673,570,644
1,<environment.Job instance at 0x149776729f00>,81,21,[ 2 14],82,673,694,591,665
1,<environment.Job instance at 0x149776729870>,82,1,[13  1],83,672,673,589,665
1,<environment.Job instance at 0x149776729af0>,84,1,[14  1],85,694,695,609,675
1,<environment.Job instance at 0x149776729320>,85,19,[7 2],86,695,714,609,685
1,<environment.Job instance at 0x1497767296e0>,86,22,[1 5],87,694,716,607,688
1,<environment.Job instance at 0x149776729050>,87,28,[9 2],88,714,742,626,713
1,<environment.Job instance at 0x1497767294b0>,88,14,[2 5],89,717,731,628,717
1,<environment.Job instance at 0x149776729230>,89,23,[10  2],90,742,765,652,736
1,<environment.Job instance at 0x1497a5917960>,69,15,[12  1],70,765,780,695,764
1,<environment.Job instance at 0x149776729aa0>,90,16,[ 2 11],91,771,787,680,771
1,<environment.Job instance at 0x149776729eb0>,92,24,[13  1],93,780,804,687,775
1,<environment.Job instance at 0x14977619ca00>,96,25,[ 1 11],97,793,818,696,793
1,<environment.Job instance at 0x14977619c460>,97,2,[ 1 13],98,818,820,720,807
1,<environment.Job instance at 0x14977619cf50>,98,3,[13  2],99,819,822,720,819
1,<environment.Job instance at 0x14977619c3c0>,99,20,[ 2 13],100,820,840,720,819
1,<environment.Job instance at 0x14977619caf0>,100,19,[7 1],101,825,844,724,825
1,<environment.Job instance at 0x14977619c370>,101,1,[11  2],102,844,845,742,840
1,<environment.Job instance at 0x14977619c780>,102,17,[13  2],103,847,864,744,847
1,<environment.Job instance at 0x14977619c690>,103,12,[7 2],104,864,876,760,855
1,<environment.Job instance at 0x14977619ceb0>,104,1,[8 1],105,864,865,759,856
1,<environment.Job instance at 0x14977619cc30>,105,22,[6 1],106,865,887,759,858
1,<environment.Job instance at 0x14977619caa0>,106,21,[10  1],107,887,908,780,879
1,<environment.Job instance at 0x14977619cdc0>,108,26,[6 1],109,908,934,799,905
1,<environment.Job instance at 0x14977619c960>,109,15,[14  2],110,934,949,824,929
1,<environment.Job instance at 0x14977619cc80>,110,22,[2 9],111,949,971,838,942
1,<environment.Job instance at 0x1497a59175a0>,54,15,[ 2 12],55,972,987,917,972
1,<environment.Job instance at 0x1497a3cd22d0>,112,1,[12  1],113,979,980,866,979
1,<environment.Job instance at 0x1497a3cd2280>,114,22,[1 5],115,987,1009,872,980
1,<environment.Job instance at 0x1497a59177d0>,72,14,[ 1 13],73,1009,1023,936,1005
1,<environment.Job instance at 0x1497a3cd20f0>,115,12,[ 1 11],116,1023,1035,907,1009
1,<environment.Job instance at 0x1497a3cd27d0>,116,3,[1 8],117,1035,1038,918,1019
1,<environment.Job instance at 0x1497a3cd2730>,119,25,[ 2 11],120,1038,1063,918,1034
1,<environment.Job instance at 0x1497a3cd2d70>,120,19,[12  1],121,1034,1053,913,1034
1,<environment.Job instance at 0x1497a3cd2550>,122,2,[7 2],123,1053,1055,930,1044
1,<environment.Job instance at 0x1497a57a13c0>,123,1,[9 2],124,1063,1064,939,1063
1,<environment.Job instance at 0x1497a57a1b90>,124,25,[ 1 12],125,1063,1088,938,1063
1,<environment.Job instance at 0x1497a3cd2b90>,118,15,[13  2],119,1087,1102,968,1087
1,<environment.Job instance at 0x1497a57a19b0>,125,15,[ 1 12],126,1115,1130,989,1115
1,<environment.Job instance at 0x1497a57a1320>,128,3,[12  2],129,1123,1126,994,1123
1,<environment.Job instance at 0x1497a57a1910>,130,13,[9 1],131,1131,1144,1000,1131
1,<environment.Job instance at 0x1497a57a1a00>,131,20,[8 1],132,1144,1164,1012,1137
1,<environment.Job instance at 0x1497a57a17d0>,132,19,[9 2],133,1164,1183,1031,1156
1,<environment.Job instance at 0x1497a57a1280>,133,1,[13  1],134,1183,1184,1049,1157
1,<environment.Job instance at 0x1497a57a1460>,134,25,[ 1 13],135,1157,1182,1022,1157
1,<environment.Job instance at 0x1497a57a10f0>,129,1,[ 1 13],130,1182,1183,1052,1179
1,<environment.Job instance at 0x1497a57a1e60>,136,24,[9 1],137,1184,1208,1047,1179
1,<environment.Job instance at 0x1497a57a1410>,137,28,[14  2],138,1208,1236,1070,1207
1,<environment.Job instance at 0x14977619cb90>,95,14,[12  1],96,1250,1264,1154,1250
1,<environment.Job instance at 0x1497a57a1dc0>,135,16,[12  1],136,1264,1280,1128,1255
1,<environment.Job instance at 0x1497a3cd2870>,113,12,[12  1],114,1331,1343,1217,1331
1,<environment.Job instance at 0x15177da67be0>,0,24,[ 1 10],1,1,25,0,1
1,<environment.Job instance at 0x1517746aa690>,4,24,[6 1],5,6,30,1,6
1,<environment.Job instance at 0x1517746aa6e0>,5,25,[7 1],6,6,31,0,6
1,<environment.Job instance at 0x15177da67aa0>,1,2,[2 5],2,25,27,23,9
1,<environment.Job instance at 0x1517746aa9b0>,9,2,[8 1],10,30,32,20,16
1,<environment.Job instance at 0x1517746aae10>,13,27,[1 8],14,31,58,17,29
1,<environment.Job instance at 0x1517746aac80>,10,3,[ 1 14],11,58,61,47,35
1,<environment.Job instance at 0x1517746ab0a0>,16,19,[ 1 12],17,61,80,44,53
1,<environment.Job instance at 0x1517746aab40>,14,3,[14  2],15,68,71,53,68
1,<environment.Job instance at 0x1517746aa640>,6,19,[ 1 13],7,80,99,73,70
1,<environment.Job instance at 0x1517746ab140>,17,3,[ 1 13],18,99,102,81,75
1,<environment.Job instance at 0x1517746ab370>,21,22,[14  2],22,77,99,55,77
1,<environment.Job instance at 0x1517746ab410>,22,25,[ 2 12],23,102,127,79,98
1,<environment.Job instance at 0x1517746ab550>,24,20,[ 2 13],25,127,147,102,118
1,<environment.Job instance at 0x1517746ab5f0>,25,1,[11  1],26,129,130,103,129
1,<environment.Job instance at 0x1517746ab730>,27,25,[14  2],28,147,172,119,144
1,<environment.Job instance at 0x1517746ab7d0>,28,20,[1 9],29,147,167,118,144
1,<environment.Job instance at 0x1517746abf00>,36,27,[10  2],37,172,199,135,170
1,<environment.Job instance at 0x1517746abfa0>,35,23,[11  2],36,199,222,163,193
1,<environment.Job instance at 0x1517746ae1e0>,39,2,[5 2],40,197,199,157,197
1,<environment.Job instance at 0x1517746aaeb0>,15,24,[ 2 13],16,199,223,183,198
1,<environment.Job instance at 0x1517746ab1e0>,19,21,[14  2],20,223,244,203,215
1,<environment.Job instance at 0x1517746ae2d0>,42,23,[ 1 14],43,244,267,201,238
1,<environment.Job instance at 0x1517746ae050>,38,1,[ 1 13],39,238,239,199,238
1,<environment.Job instance at 0x1517746ae4b0>,47,26,[12  2],48,267,293,219,264
1,<environment.Job instance at 0x1517746ae550>,46,21,[2 6],47,267,288,220,264
1,<environment.Job instance at 0x1517746ae730>,49,25,[11  2],50,293,318,243,289
1,<environment.Job instance at 0x1517746ae7d0>,50,23,[2 6],51,289,312,238,289
1,<environment.Job instance at 0x15177dafa8c0>,2,18,[ 1 12],3,352,370,349,352
1,<environment.Job instance at 0x1517746aec30>,53,27,[9 1],54,353,380,299,353
1,<environment.Job instance at 0x1517746aeb90>,54,22,[9 1],55,380,402,325,375
1,<environment.Job instance at 0x1517746ae370>,43,3,[ 1 14],44,375,378,331,375
1,<environment.Job instance at 0x1517746ae9b0>,55,20,[ 1 14],56,379,399,323,379
1,<environment.Job instance at 0x1517746aee10>,57,1,[5 1],58,399,400,341,383
1,<environment.Job instance at 0x1517746aeaf0>,58,17,[2 7],59,400,417,341,392
1,<environment.Job instance at 0x1517746aef00>,59,18,[ 2 12],60,425,443,365,425
1,<environment.Job instance at 0x1517746aeeb0>,60,3,[ 1 11],61,443,446,382,437
1,<environment.Job instance at 0x1517746aef50>,61,22,[14  1],62,443,465,381,437
1,<environment.Job instance at 0x1517746aedc0>,56,1,[12  2],57,465,466,408,443
1,<environment.Job instance at 0x1517746b1230>,64,2,[11  2],65,468,470,403,468
1,<environment.Job instance at 0x1517746b10f0>,65,21,[10  1],66,470,491,404,468
1,<environment.Job instance at 0x1517746ae910>,52,12,[13  2],53,491,503,438,475
1,<environment.Job instance at 0x1517746ae870>,51,2,[ 2 13],52,483,485,431,483
1,<environment.Job instance at 0x1517746b14b0>,68,28,[10  1],69,503,531,434,502
1,<environment.Job instance at 0x1517746b1370>,67,19,[11  1],68,531,550,463,529
1,<environment.Job instance at 0x1517746b1960>,70,20,[ 2 14],71,529,549,458,529
1,<environment.Job instance at 0x1517746b1a00>,71,12,[ 2 11],72,549,561,477,549
1,<environment.Job instance at 0x1517746b1910>,72,16,[ 2 12],73,563,579,490,563
1,<environment.Job instance at 0x1517746b1690>,69,14,[12  2],70,580,594,510,580
1,<environment.Job instance at 0x1517746b1b40>,74,1,[14  2],75,594,595,519,580
1,<environment.Job instance at 0x1517746b1d70>,77,19,[8 1],78,595,614,517,586
1,<environment.Job instance at 0x1517746b1e10>,78,3,[ 2 10],79,588,591,509,588
1,<environment.Job instance at 0x1517746b1f50>,79,19,[14  1],80,614,633,534,604
1,<environment.Job instance at 0x1517746b4460>,83,21,[7 2],84,633,654,549,625
1,<environment.Job instance at 0x1517746b45a0>,85,20,[2 9],86,633,653,547,628
1,<environment.Job instance at 0x1517746b4190>,86,21,[ 1 12],87,653,674,566,646
1,<environment.Job instance at 0x1517746b46e0>,87,18,[ 1 12],88,676,694,588,676
1,<environment.Job instance at 0x1517746b1550>,73,3,[ 1 11],74,694,697,620,691
1,<environment.Job instance at 0x1517746b1190>,63,13,[ 2 13],64,703,716,639,703
1,<environment.Job instance at 0x1517746b48c0>,90,27,[ 2 14],91,716,743,625,714
1,<environment.Job instance at 0x1517746b4960>,91,2,[12  2],92,714,716,622,714
1,<environment.Job instance at 0x1517746b4a00>,92,24,[2 9],93,743,767,650,738
1,<environment.Job instance at 0x1517746b4aa0>,93,3,[ 1 14],94,767,770,673,742
1,<environment.Job instance at 0x1517746b40f0>,89,12,[11  1],90,742,754,652,742
1,<environment.Job instance at 0x1517746b4550>,95,25,[7 2],96,770,795,674,766
1,<environment.Job instance at 0x1517746b4d20>,97,2,[ 1 12],98,770,772,672,770
1,<environment.Job instance at 0x1517746b4e60>,98,25,[13  2],99,795,820,696,791
1,<environment.Job instance at 0x1517746b4f00>,99,27,[1 8],100,791,818,691,791
1,<environment.Job instance at 0x1517746b4fa0>,100,20,[10  2],101,820,840,719,811
1,<environment.Job instance at 0x1517746b4e10>,101,14,[6 1],102,840,854,738,826
1,<environment.Job instance at 0x1517746b4d70>,102,22,[ 2 14],103,840,862,737,833
1,<environment.Job instance at 0x1517746b4f50>,103,3,[13  1],104,854,857,750,839
1,<environment.Job instance at 0x1517746b7050>,104,12,[10  1],105,857,869,752,851
1,<environment.Job instance at 0x1517746b7190>,105,22,[ 2 12],106,862,884,756,855
1,<environment.Job instance at 0x1517746b73c0>,106,2,[7 1],107,869,871,762,855
1,<environment.Job instance at 0x1517746b7140>,107,16,[13  1],108,876,892,768,876
1,<environment.Job instance at 0x1517746b7370>,108,18,[6 2],109,892,910,783,882
1,<environment.Job instance at 0x1517746b7410>,109,24,[10  2],110,910,934,800,905
1,<environment.Job instance at 0x1517746b74b0>,110,2,[ 2 10],111,913,915,802,913
1,<environment.Job instance at 0x1517746b7550>,111,1,[14  2],112,934,935,822,922
1,<environment.Job instance at 0x1517746b7690>,113,28,[2 5],114,935,963,821,934
1,<environment.Job instance at 0x1517746b7730>,114,3,[ 2 13],115,963,966,848,947
1,<environment.Job instance at 0x1517746b7960>,115,25,[2 7],116,966,991,850,962
1,<environment.Job instance at 0x1517746b7a00>,116,3,[ 1 13],117,991,994,874,974
1,<environment.Job instance at 0x1517746b7aa0>,117,20,[1 9],118,994,1014,876,985
1,<environment.Job instance at 0x1517746b7be0>,118,28,[7 2],119,985,1013,866,985
1,<environment.Job instance at 0x1517746b7af0>,119,17,[ 2 14],120,1014,1031,894,1014
1,<environment.Job instance at 0x1517746b7b40>,120,21,[1 5],121,1031,1052,910,1023
1,<environment.Job instance at 0x1517746b1460>,66,14,[14  2],67,1042,1056,975,1042
1,<environment.Job instance at 0x1517746b7cd0>,122,20,[13  2],123,1056,1076,933,1050
1,<environment.Job instance at 0x1517746b7c30>,121,15,[ 1 11],122,1060,1075,938,1060
1,<environment.Job instance at 0x1517746b7d70>,125,17,[5 1],126,1076,1093,950,1068
1,<environment.Job instance at 0x1517746b4c80>,96,16,[ 2 11],97,1075,1091,978,1074
1,<environment.Job instance at 0x1517746b9050>,128,26,[12  2],129,1093,1119,964,1090
1,<environment.Job instance at 0x15177daa08c0>,129,25,[ 2 12],130,1091,1116,961,1090
1,<environment.Job instance at 0x151774b07640>,130,27,[12  2],131,1119,1146,988,1117
1,<environment.Job instance at 0x1517746ae230>,41,18,[ 2 13],42,1127,1145,1085,1127
1,<environment.Job instance at 0x1517746a1690>,131,18,[ 2 11],132,1145,1163,1013,1135
1,<environment.Job instance at 0x1517746a1050>,132,19,[11  2],133,1151,1170,1018,1151
1,<environment.Job instance at 0x1517746a1230>,133,23,[ 1 12],134,1163,1186,1029,1157
1,<environment.Job instance at 0x1517746b7f00>,123,15,[12  1],124,1170,1185,1046,1164
1,<environment.Job instance at 0x1517746a1410>,136,23,[ 1 14],137,1186,1209,1049,1180
1,<environment.Job instance at 0x1517746a1190>,137,27,[1 9],138,1209,1236,1071,1207
1,<environment.Job instance at 0x151774b5ae60>,138,3,[ 1 12],139,1236,1239,1097,1222
1,<environment.Job instance at 0x1517746a1140>,140,23,[ 2 13],141,1239,1262,1098,1233
1,<environment.Job instance at 0x151774ba8500>,141,2,[ 1 13],142,1262,1264,1120,1241
1,<environment.Job instance at 0x151774e21370>,142,16,[11  2],143,1244,1260,1101,1244
1,<environment.Job instance at 0x1517746a1910>,143,25,[ 1 12],144,1264,1289,1120,1260
1,<environment.Job instance at 0x151774bc6230>,144,27,[ 1 12],145,1289,1316,1144,1287
1,<environment.Job instance at 0x1517746a11e0>,134,14,[12  1],135,1288,1302,1153,1288
1,<environment.Job instance at 0x151774b64640>,146,22,[12  2],147,1302,1324,1155,1297
1,<environment.Job instance at 0x151774b2fa00>,145,2,[14  1],146,1324,1326,1178,1301
1,<environment.Job instance at 0x151774be69b0>,147,20,[ 1 12],148,1319,1339,1171,1319
1,<environment.Job instance at 0x1517746a1500>,135,17,[ 1 11],136,1339,1356,1203,1330
1,<environment.Job instance at 0x1517746b4050>,88,12,[ 1 14],89,1369,1381,1280,1369
1,<environment.Job instance at 0x1517746b7f50>,127,12,[ 1 13],128,1442,1454,1314,1442
1,<environment.Job instance at 0x1517702e0320>,0,19,[12  2],1,1,20,0,1
1,<environment.Job instance at 0x15177ba063c0>,6,28,[ 1 11],7,7,35,0,7
1,<environment.Job instance at 0x15177ba06640>,8,24,[14  2],9,20,44,11,18
1,<environment.Job instance at 0x15177b063280>,11,1,[ 1 11],12,35,36,23,23
1,<environment.Job instance at 0x15177b063aa0>,14,26,[2 9],15,44,70,29,44
1,<environment.Job instance at 0x15177ba06f00>,4,28,[7 1],5,44,72,39,44
1,<environment.Job instance at 0x15177b063230>,13,25,[1 8],14,70,95,56,66
1,<environment.Job instance at 0x15177b063870>,17,21,[12  1],18,86,107,68,86
1,<environment.Job instance at 0x15177b063320>,20,26,[ 2 12],21,95,121,74,92
1,<environment.Job instance at 0x15177b0631e0>,21,20,[ 1 14],22,121,141,99,113
1,<environment.Job instance at 0x15177b0635f0>,16,1,[12  2],17,141,142,124,121
1,<environment.Job instance at 0x15177b063550>,25,19,[7 1],26,122,141,96,122
1,<environment.Job instance at 0x15177b063410>,26,23,[9 2],27,142,165,115,136
1,<environment.Job instance at 0x15177b063dc0>,27,2,[12  1],28,165,167,137,145
1,<environment.Job instance at 0x15177b063b90>,28,27,[ 1 14],29,165,192,136,163
1,<environment.Job instance at 0x15177ba03af0>,29,28,[9 1],30,167,195,137,167
1,<environment.Job instance at 0x15177ba03b90>,30,14,[6 1],31,192,206,161,184
1,<environment.Job instance at 0x15177ba03190>,31,1,[11  1],32,206,207,174,187
1,<environment.Job instance at 0x15177ba039b0>,32,3,[11  2],33,207,210,174,191
1,<environment.Job instance at 0x15177ba03f50>,33,2,[7 1],34,195,197,161,195
1,<environment.Job instance at 0x15177ba03d20>,34,15,[11  2],35,214,229,179,214
1,<environment.Job instance at 0x15177ba03c30>,35,3,[12  1],36,229,232,193,217
1,<environment.Job instance at 0x15177ba034b0>,36,3,[13  2],37,232,235,195,222
1,<environment.Job instance at 0x15177ba03b40>,37,28,[ 1 11],38,222,250,184,222
1,<environment.Job instance at 0x15177ba03a50>,38,25,[ 1 12],39,250,275,211,246
1,<environment.Job instance at 0x15177b063690>,24,15,[ 1 13],25,275,290,250,270
1,<environment.Job instance at 0x15177ba032d0>,41,26,[ 1 14],42,290,316,248,287
1,<environment.Job instance at 0x15177ba03140>,42,26,[ 2 12],43,316,342,273,313
1,<environment.Job instance at 0x15177ba03500>,43,2,[ 2 11],44,342,344,298,315
1,<environment.Job instance at 0x15177ba03e10>,44,25,[10  1],45,315,340,270,315
1,<environment.Job instance at 0x15177ba035f0>,46,26,[13  1],47,340,366,293,337
1,<environment.Job instance at 0x15177ba03aa0>,48,19,[1 5],49,345,364,296,345
1,<environment.Job instance at 0x15177ba03230>,49,20,[1 9],50,345,365,295,345
1,<environment.Job instance at 0x15177b082cd0>,52,24,[ 1 13],53,365,389,312,360
1,<environment.Job instance at 0x15177b082370>,53,23,[5 1],54,366,389,312,360
1,<environment.Job instance at 0x15177b082c80>,54,24,[ 1 13],55,389,413,334,384
1,<environment.Job instance at 0x15177b082410>,55,21,[11  1],56,389,410,333,384
1,<environment.Job instance at 0x15177b0824b0>,56,19,[ 2 12],57,413,432,356,406
1,<environment.Job instance at 0x15177b082820>,57,1,[12  2],58,421,422,363,421
1,<environment.Job instance at 0x15177b082d20>,58,1,[ 2 14],59,432,433,373,422
1,<environment.Job instance at 0x15177b0829b0>,59,28,[ 2 13],60,433,461,373,432
1,<environment.Job instance at 0x15177b082af0>,60,22,[11  2],61,433,455,372,432
1,<environment.Job instance at 0x15177b082550>,62,21,[13  2],63,455,476,392,447
1,<environment.Job instance at 0x15177b082190>,63,3,[ 2 13],64,480,483,416,480
1,<environment.Job instance at 0x15177b082b40>,64,27,[2 7],65,483,510,418,481
1,<environment.Job instance at 0x15177b082690>,65,20,[1 5],66,483,503,417,481
1,<environment.Job instance at 0x15177b082c30>,67,2,[10  2],68,483,485,415,483
1,<environment.Job instance at 0x15177b0825a0>,68,19,[1 6],69,503,522,434,493
1,<environment.Job instance at 0x15177b063b40>,23,14,[ 1 12],24,522,536,498,522
1,<environment.Job instance at 0x15177b30b910>,70,28,[7 1],71,522,550,451,522
1,<environment.Job instance at 0x15177b30b370>,71,28,[ 2 13],72,536,564,464,535
1,<environment.Job instance at 0x15177b30b5a0>,72,20,[7 2],73,550,570,477,541
1,<environment.Job instance at 0x15177b063960>,22,16,[12  2],23,570,586,547,559
1,<environment.Job instance at 0x15177b30b190>,76,24,[ 2 10],77,564,588,487,563
1,<environment.Job instance at 0x15177b30b460>,78,25,[5 2],79,586,611,507,582
1,<environment.Job instance at 0x15177b30be60>,79,18,[ 1 10],80,589,607,509,589
1,<environment.Job instance at 0x15177b30b5f0>,80,24,[11  2],81,611,635,530,608
1,<environment.Job instance at 0x15177b30bd70>,83,28,[ 1 14],84,635,663,551,634
1,<environment.Job instance at 0x15177b30b550>,85,15,[6 1],86,635,650,549,635
1,<environment.Job instance at 0x15177ba281e0>,87,20,[7 2],88,663,683,575,654
1,<environment.Job instance at 0x151776647aa0>,86,22,[ 2 11],87,663,685,576,656
1,<environment.Job instance at 0x15177b01e0f0>,89,19,[13  2],90,683,702,593,679
1,<environment.Job instance at 0x1517766097d0>,92,19,[13  2],93,702,721,609,694
1,<environment.Job instance at 0x15177ba7cc30>,88,12,[ 2 12],89,716,728,627,716
1,<environment.Job instance at 0x1517765146e0>,93,25,[11  1],94,721,746,627,717
1,<environment.Job instance at 0x151776514960>,96,21,[1 7],97,728,749,631,721
1,<environment.Job instance at 0x15177b30baf0>,69,12,[ 2 14],70,749,761,679,734
1,<environment.Job instance at 0x15177666d870>,99,27,[2 8],100,761,788,661,759
1,<environment.Job instance at 0x1517765c0d70>,100,28,[ 2 13],101,788,816,687,787
1,<environment.Job instance at 0x151776d35f00>,101,3,[11  2],102,788,791,686,788
1,<environment.Job instance at 0x151776d35500>,103,25,[13  2],104,791,816,687,788
1,<environment.Job instance at 0x15177ba772d0>,102,26,[ 1 10],103,816,842,713,813
1,<environment.Job instance at 0x15177650b370>,104,22,[ 1 13],105,842,864,737,835
1,<environment.Job instance at 0x151776dbf5f0>,107,26,[9 1],108,835,861,727,835
1,<environment.Job instance at 0x1517767db500>,108,26,[6 2],109,861,887,752,858
1,<environment.Job instance at 0x151776d96960>,110,21,[6 2],111,864,885,753,858
1,<environment.Job instance at 0x1517765b80f0>,112,1,[ 2 13],113,885,886,772,858
1,<environment.Job instance at 0x1517767d7410>,114,24,[ 1 11],115,886,910,771,881
1,<environment.Job instance at 0x15177664bf50>,116,1,[ 1 11],117,910,911,793,903
1,<environment.Job instance at 0x151776734690>,118,20,[ 1 13],119,911,931,792,903
1,<environment.Job instance at 0x151776d9a6e0>,119,22,[1 5],120,931,953,811,925
1,<environment.Job instance at 0x15177673bcd0>,121,28,[9 1],122,925,953,803,925
1,<environment.Job instance at 0x15177673bc30>,123,23,[13  2],124,953,976,829,947
1,<environment.Job instance at 0x151777088b40>,124,3,[ 1 13],125,953,956,828,951
1,<environment.Job instance at 0x1517770885a0>,125,24,[ 1 10],126,956,980,830,951
1,<environment.Job instance at 0x151777088820>,126,3,[ 2 12],127,980,983,853,972
1,<environment.Job instance at 0x151777088960>,127,3,[ 2 13],128,983,986,855,974
1,<environment.Job instance at 0x151777088c30>,129,19,[2 9],130,986,1005,856,981
1,<environment.Job instance at 0x1517770883c0>,130,14,[11  2],131,987,1001,856,987
1,<environment.Job instance at 0x15177ba425a0>,131,24,[10  1],132,1001,1025,869,996
1,<environment.Job instance at 0x151776d9aaf0>,117,2,[12  2],118,1025,1027,907,1014
1,<environment.Job instance at 0x151777088320>,132,20,[13  2],133,1027,1047,894,1018
1,<environment.Job instance at 0x15177ba7fa50>,135,1,[2 7],136,1018,1019,882,1018
1,<environment.Job instance at 0x15177ba7faf0>,136,2,[11  2],137,1047,1049,910,1021
1,<environment.Job instance at 0x15177ba7f370>,138,24,[12  1],139,1049,1073,910,1044
1,<environment.Job instance at 0x15177ba7f410>,141,27,[ 1 13],142,1045,1072,903,1045
1,<environment.Job instance at 0x151776649140>,142,20,[14  1],143,1073,1093,930,1065
1,<environment.Job instance at 0x151776649a50>,143,22,[12  1],144,1093,1115,949,1086
1,<environment.Job instance at 0x151776649320>,144,1,[ 1 12],145,1086,1087,941,1086
1,<environment.Job instance at 0x151776649cd0>,146,28,[1 7],147,1087,1115,940,1086
1,<environment.Job instance at 0x151777089d70>,148,1,[12  1],149,1115,1116,966,1100
1,<environment.Job instance at 0x1517767f4050>,94,12,[ 2 13],95,1134,1146,1039,1134
1,<environment.Job instance at 0x15177ba060f0>,9,3,[13  2],10,1144,1147,1134,1144
1,<environment.Job instance at 0x15177ba03fa0>,40,12,[ 2 14],41,1561,1573,1520,1561
1,<environment.Job instance at 0x15173767b9b0>,0,21,[ 2 12],1,1,22,0,1
1,<environment.Job instance at 0x1517375ff2d0>,3,21,[ 2 13],4,22,43,18,16
1,<environment.Job instance at 0x1517375fff50>,4,3,[ 2 11],5,43,46,38,19
1,<environment.Job instance at 0x1517376ed5f0>,9,26,[5 1],10,23,49,13,23
1,<environment.Job instance at 0x151737607550>,11,25,[2 7],12,46,71,34,42
1,<environment.Job instance at 0x1517376075a0>,12,23,[8 2],13,43,66,30,42
1,<environment.Job instance at 0x151737607460>,14,23,[11  1],15,66,89,51,60
1,<environment.Job instance at 0x15173769b870>,16,25,[ 2 14],17,71,96,54,67
1,<environment.Job instance at 0x1517376073c0>,13,22,[ 1 13],14,96,118,82,90
1,<environment.Job instance at 0x1517377b4550>,20,20,[7 1],21,93,113,72,93
1,<environment.Job instance at 0x15173765c8c0>,8,3,[11  1],9,113,116,104,95
1,<environment.Job instance at 0x15177008c410>,25,27,[2 7],26,118,145,92,117
1,<environment.Job instance at 0x15177008b190>,26,25,[10  2],27,118,143,91,118
1,<environment.Job instance at 0x15173767b910>,1,1,[12  1],2,143,144,141,141
1,<environment.Job instance at 0x1517375ff050>,6,3,[11  2],7,144,147,137,144
1,<environment.Job instance at 0x15173769b550>,17,12,[13  1],18,147,159,129,146
1,<environment.Job instance at 0x15177008b280>,31,3,[7 1],32,159,162,127,158
1,<environment.Job instance at 0x15177008b1e0>,34,2,[2 6],35,169,171,134,169
1,<environment.Job instance at 0x15177002f370>,35,24,[12  1],36,169,193,133,169
1,<environment.Job instance at 0x15177002fd20>,37,25,[11  1],38,193,218,155,189
1,<environment.Job instance at 0x15177008b050>,30,2,[12  2],31,218,220,187,191
1,<environment.Job instance at 0x15177002f280>,39,21,[1 7],40,191,212,151,191
1,<environment.Job instance at 0x15177002faa0>,40,27,[2 9],41,212,239,171,210
1,<environment.Job instance at 0x15177008b0f0>,27,1,[14  1],28,239,240,211,212
1,<environment.Job instance at 0x15177002ffa0>,41,14,[5 1],42,224,238,182,224
1,<environment.Job instance at 0x15177004f640>,45,21,[ 2 14],46,240,261,194,232
1,<environment.Job instance at 0x15177004fb90>,48,22,[2 8],49,261,283,212,257
1,<environment.Job instance at 0x15177004fe60>,50,28,[1 6],51,268,296,217,268
1,<environment.Job instance at 0x151770054e10>,51,27,[12  1],52,268,295,216,268
1,<environment.Job instance at 0x15177004fbe0>,46,1,[ 1 13],47,296,297,249,294
1,<environment.Job instance at 0x151770027960>,54,18,[13  2],55,296,314,241,296
1,<environment.Job instance at 0x151770027aa0>,55,19,[ 1 11],56,297,316,241,296
1,<environment.Job instance at 0x151770027410>,56,20,[1 7],57,316,336,259,309
1,<environment.Job instance at 0x151770027550>,58,22,[7 1],59,314,336,255,314
1,<environment.Job instance at 0x1517377f00f0>,60,18,[12  1],61,336,354,275,326
1,<environment.Job instance at 0x1517377360f0>,61,20,[14  2],62,354,374,292,348
1,<environment.Job instance at 0x151770027230>,57,17,[11  2],58,374,391,316,362
1,<environment.Job instance at 0x1517700272d0>,64,23,[11  2],65,391,414,326,385
1,<environment.Job instance at 0x15177003a050>,66,21,[10  1],67,414,435,347,406
1,<environment.Job instance at 0x1517700678c0>,67,17,[1 7],68,410,427,342,410
1,<environment.Job instance at 0x15177003ae10>,68,20,[12  2],69,435,455,366,426
1,<environment.Job instance at 0x15177002f050>,42,18,[14  2],43,455,473,412,450
1,<environment.Job instance at 0x151770067640>,69,2,[ 1 11],70,454,456,384,454
1,<environment.Job instance at 0x1517377cd2d0>,73,21,[9 2],74,473,494,399,466
1,<environment.Job instance at 0x1517377f03c0>,62,15,[ 1 13],63,487,502,424,487
1,<environment.Job instance at 0x1517377cd550>,75,21,[11  2],76,494,515,418,489
1,<environment.Job instance at 0x1517377cde10>,76,28,[2 5],77,502,530,425,501
1,<environment.Job instance at 0x1517377dc410>,71,22,[11  1],72,515,537,443,508
1,<environment.Job instance at 0x1517700333c0>,78,28,[12  2],79,537,565,458,536
1,<environment.Job instance at 0x151770033640>,79,23,[1 9],80,538,561,458,538
1,<environment.Job instance at 0x151737726870>,81,21,[2 6],82,561,582,479,553
1,<environment.Job instance at 0x151737673f50>,83,12,[10  1],84,568,580,484,568
1,<environment.Job instance at 0x151737673690>,84,16,[12  2],85,580,596,495,571
1,<environment.Job instance at 0x15177008ae60>,86,21,[ 2 12],87,582,603,495,582
1,<environment.Job instance at 0x15177008b960>,33,15,[13  1],34,606,621,572,606
1,<environment.Job instance at 0x151770033e10>,80,17,[ 1 11],81,614,631,533,614
1,<environment.Job instance at 0x15177008ab40>,87,3,[ 1 13],88,631,634,543,618
1,<environment.Job instance at 0x1517376d0280>,74,14,[11  2],75,662,676,587,662
1,<environment.Job instance at 0x1517377f8410>,91,25,[1 8],92,662,687,570,662
1,<environment.Job instance at 0x1517377c9f00>,90,14,[14  2],91,676,690,585,673
1,<environment.Job instance at 0x1517377c9230>,89,16,[ 2 13],90,690,706,600,680
1,<environment.Job instance at 0x1517700cd0f0>,92,3,[14  1],93,706,709,613,698
1,<environment.Job instance at 0x1517700cdfa0>,94,23,[ 1 12],95,706,729,611,701
1,<environment.Job instance at 0x1517700cd640>,95,22,[10  1],96,709,731,613,704
1,<environment.Job instance at 0x1517700cde60>,99,26,[7 2],100,731,757,631,728
1,<environment.Job instance at 0x1517700cdaa0>,96,1,[ 1 12],97,731,732,634,731
1,<environment.Job instance at 0x15177003c5a0>,101,27,[11  1],102,757,784,655,755
1,<environment.Job instance at 0x15177003caf0>,103,25,[9 2],104,784,809,680,780
1,<environment.Job instance at 0x15177003cfa0>,104,18,[ 1 14],105,809,827,704,804
1,<environment.Job instance at 0x15177003ca00>,105,27,[13  1],106,809,836,703,807
1,<environment.Job instance at 0x15177003cf00>,107,26,[12  2],108,836,862,728,833
1,<environment.Job instance at 0x15177003ccd0>,106,1,[13  1],107,862,863,755,834
1,<environment.Job instance at 0x15177003c780>,110,24,[2 7],111,845,869,734,845
1,<environment.Job instance at 0x15177003c960>,108,25,[12  2],109,863,888,754,859
1,<environment.Job instance at 0x15177003c3c0>,111,19,[ 1 12],112,871,890,759,871
1,<environment.Job instance at 0x15177003c7d0>,114,24,[2 8],115,890,914,775,886
1,<environment.Job instance at 0x15177003caa0>,115,27,[9 1],116,888,915,772,886
1,<environment.Job instance at 0x1517700cdd20>,93,3,[ 2 13],94,922,925,828,922
1,<environment.Job instance at 0x15177003c820>,119,24,[5 1],120,922,946,802,922
1,<environment.Job instance at 0x15177003c460>,113,13,[14  2],114,948,961,834,948
1,<environment.Job instance at 0x151770025460>,122,18,[ 2 14],123,961,979,838,953
1,<environment.Job instance at 0x15177008aeb0>,88,18,[ 2 14],89,979,997,890,968
1,<environment.Job instance at 0x1517700255f0>,124,27,[6 1],125,968,995,843,968
1,<environment.Job instance at 0x15177003c140>,120,15,[ 2 12],121,997,1012,876,983
1,<environment.Job instance at 0x151770025370>,131,26,[7 1],132,1005,1031,873,1005
1,<environment.Job instance at 0x151770025af0>,132,28,[2 6],133,1012,1040,879,1011
1,<environment.Job instance at 0x151770025140>,133,28,[1 7],134,1013,1041,879,1013
1,<environment.Job instance at 0x151770025730>,136,25,[12  1],137,1031,1056,894,1030
1,<environment.Job instance at 0x151770025d70>,137,26,[13  1],138,1056,1082,918,1053
1,<environment.Job instance at 0x151770025910>,130,17,[11  1],131,1082,1099,951,1075
1,<environment.Job instance at 0x151770025fa0>,123,19,[ 1 11],124,1092,1111,968,1092
1,<environment.Job instance at 0x151770025f00>,140,22,[14  2],141,1099,1121,958,1096
1,<environment.Job instance at 0x15177003c0a0>,118,15,[ 1 14],119,1121,1136,1002,1107
1,<environment.Job instance at 0x151770025280>,138,13,[14  1],139,1121,1134,982,1113
1,<environment.Job instance at 0x151770025d20>,141,3,[12  2],142,1136,1139,994,1132
1,<environment.Job instance at 0x1517377d3410>,145,21,[13  1],146,1139,1160,993,1132
1,<environment.Job instance at 0x1517377d3aa0>,146,24,[6 2],147,1160,1184,1013,1155
1,<environment.Job instance at 0x1517377d3c30>,147,26,[1 5],148,1155,1181,1007,1155
1,<environment.Job instance at 0x1517377d35f0>,144,20,[12  1],145,1184,1204,1039,1178
1,<environment.Job instance at 0x151770025c30>,142,3,[11  1],143,1217,1220,1074,1217
1,<environment.Job instance at 0x151770025b40>,139,16,[ 1 11],140,1252,1268,1112,1252
1,<environment.Job instance at 0x15177009f0a0>,2,28,[1 9],3,3,31,0,3
1,<environment.Job instance at 0x151770025640>,4,3,[9 1],5,6,9,1,6
1,<environment.Job instance at 0x1517370fa550>,6,21,[12  1],7,9,30,2,8
1,<environment.Job instance at 0x1517370fa780>,8,28,[5 1],9,30,58,21,30
1,<environment.Job instance at 0x15177b9bfeb0>,1,1,[13  2],2,58,59,56,30
1,<environment.Job instance at 0x1517370faa00>,13,2,[7 1],14,32,34,18,32
1,<environment.Job instance at 0x1517370fad70>,17,25,[13  1],18,59,84,41,55
1,<environment.Job instance at 0x1517370faeb0>,19,23,[11  2],20,84,107,64,78
1,<environment.Job instance at 0x1517370faf00>,21,1,[ 1 14],22,107,108,85,84
1,<environment.Job instance at 0x1517370fae60>,22,21,[ 1 13],23,84,105,61,84
1,<environment.Job instance at 0x151770097d70>,0,17,[ 2 12],1,108,125,107,103
1,<environment.Job instance at 0x1517370fab90>,23,21,[5 1],24,107,128,83,103
1,<environment.Job instance at 0x15173707c280>,24,16,[14  1],25,128,144,103,124
1,<environment.Job instance at 0x15173707c230>,26,26,[10  2],27,144,170,117,142
1,<environment.Job instance at 0x15173707c2d0>,27,28,[14  1],28,170,198,142,169
1,<environment.Job instance at 0x15173707c370>,28,24,[7 2],29,198,222,169,193
1,<environment.Job instance at 0x1517370fab40>,14,13,[14  2],15,222,235,207,217
1,<environment.Job instance at 0x15173707c140>,30,19,[2 7],31,235,254,204,225
1,<environment.Job instance at 0x15173707c5a0>,29,25,[11  1],30,235,260,205,232
1,<environment.Job instance at 0x15173707c0a0>,25,3,[ 2 13],26,254,257,228,235
1,<environment.Job instance at 0x15173707c960>,34,2,[ 1 11],35,257,259,222,247
1,<environment.Job instance at 0x15173707cb90>,35,28,[11  2],36,260,288,224,259
1,<environment.Job instance at 0x15173707c9b0>,36,24,[ 2 13],37,260,284,223,260
1,<environment.Job instance at 0x1517370fa910>,11,20,[11  1],12,288,308,276,282
1,<environment.Job instance at 0x15173707c410>,31,2,[11  1],32,308,310,276,298
1,<environment.Job instance at 0x15173707ca50>,33,16,[11  2],34,310,326,276,299
1,<environment.Job instance at 0x15173707cb40>,42,28,[ 2 10],43,299,327,256,299
1,<environment.Job instance at 0x15173707e1e0>,47,21,[13  1],48,326,347,278,320
1,<environment.Job instance at 0x15173707e280>,48,18,[ 2 12],49,327,345,278,321
1,<environment.Job instance at 0x15173707e730>,52,28,[2 5],53,345,373,292,345
1,<environment.Job instance at 0x15173707e870>,54,23,[ 1 13],55,373,396,318,367
1,<environment.Job instance at 0x15173707e9b0>,55,21,[11  2],56,368,389,312,368
1,<environment.Job instance at 0x15173707e7d0>,53,27,[ 1 12],54,396,423,342,395
1,<environment.Job instance at 0x15173707eaa0>,58,28,[5 2],59,395,423,336,395
1,<environment.Job instance at 0x15173707eb40>,60,21,[6 2],61,423,444,362,415
1,<environment.Job instance at 0x15173707e4b0>,49,3,[ 2 13],50,423,426,373,420
1,<environment.Job instance at 0x15173707cc30>,37,17,[ 2 12],38,439,456,401,439
1,<environment.Job instance at 0x15173707e820>,59,27,[11  1],60,444,471,384,442
1,<environment.Job instance at 0x1517370810f0>,67,27,[ 2 10],68,463,490,395,463
1,<environment.Job instance at 0x1517370810a0>,68,28,[ 2 14],69,490,518,421,489
1,<environment.Job instance at 0x1517370811e0>,70,27,[11  1],71,490,517,419,490
1,<environment.Job instance at 0x15173707ed20>,63,1,[12  1],64,519,520,455,519
1,<environment.Job instance at 0x1517370815a0>,76,18,[12  2],77,520,538,443,520
1,<environment.Job instance at 0x151770014190>,78,24,[8 1],79,538,562,459,533
1,<environment.Job instance at 0x1517370efaf0>,79,24,[ 1 14],80,538,562,458,533
1,<environment.Job instance at 0x1517370ce780>,82,3,[ 1 10],83,562,565,479,543
1,<environment.Job instance at 0x151737309a00>,84,28,[1 9],85,565,593,480,564
1,<environment.Job instance at 0x15173707ec80>,62,14,[11  1],63,586,600,523,586
1,<environment.Job instance at 0x15173730d2d0>,88,28,[7 2],89,600,628,511,599
1,<environment.Job instance at 0x151737169500>,89,25,[ 1 14],90,628,653,538,624
1,<environment.Job instance at 0x151737113640>,90,20,[ 2 13],91,653,673,562,645
1,<environment.Job instance at 0x1517371135f0>,91,21,[10  2],92,653,674,561,645
1,<environment.Job instance at 0x15173714bb40>,87,18,[11  1],88,674,692,586,669
1,<environment.Job instance at 0x151737104c30>,96,27,[ 2 12],97,673,700,576,671
1,<environment.Job instance at 0x151737104fa0>,97,20,[11  1],98,692,712,594,689
1,<environment.Job instance at 0x1517371040f0>,98,22,[ 2 11],99,700,722,601,694
1,<environment.Job instance at 0x15173730ab90>,100,23,[8 1],101,712,735,611,707
1,<environment.Job instance at 0x15173722b050>,101,2,[5 1],102,712,714,610,709
1,<environment.Job instance at 0x1517371240a0>,103,20,[ 1 12],104,722,742,618,713
1,<environment.Job instance at 0x151770176870>,104,26,[9 2],105,735,761,630,732
1,<environment.Job instance at 0x1517371943c0>,106,20,[6 1],107,743,763,636,743
1,<environment.Job instance at 0x15173711baf0>,107,17,[ 1 13],108,772,789,664,772
1,<environment.Job instance at 0x15173711b8c0>,109,28,[ 1 11],110,789,817,679,788
1,<environment.Job instance at 0x15173711b7d0>,110,12,[ 1 11],111,817,829,706,814
1,<environment.Job instance at 0x15173711bc80>,111,3,[2 6],112,829,832,717,826
1,<environment.Job instance at 0x151737122d70>,112,3,[10  2],113,828,831,715,828
1,<environment.Job instance at 0x1517370bc6e0>,113,26,[2 6],114,829,855,715,828
1,<environment.Job instance at 0x15173711bfa0>,114,22,[14  2],115,855,877,740,848
1,<environment.Job instance at 0x1517370bc0a0>,115,1,[ 2 11],116,877,878,761,849
1,<environment.Job instance at 0x1517370c1690>,116,25,[5 2],117,877,902,760,873
1,<environment.Job instance at 0x1517370c1fa0>,117,23,[14  2],118,902,925,784,896
1,<environment.Job instance at 0x151737123a00>,118,1,[1 5],119,897,898,778,897
1,<environment.Job instance at 0x151737123b90>,119,3,[14  1],120,925,928,805,900
1,<environment.Job instance at 0x151737123d70>,121,22,[7 1],122,928,950,806,922
1,<environment.Job instance at 0x1517370e3140>,123,1,[11  2],124,950,951,826,940
1,<environment.Job instance at 0x1517370e3230>,124,25,[14  1],125,951,976,826,947
1,<environment.Job instance at 0x1517371338c0>,126,21,[ 1 11],127,954,975,827,954
1,<environment.Job instance at 0x151737133d20>,128,2,[ 1 14],129,975,977,846,972
1,<environment.Job instance at 0x1517370d37d0>,130,24,[5 2],131,977,1001,846,977
1,<environment.Job instance at 0x1517370d3b40>,132,21,[1 6],133,985,1006,852,985
1,<environment.Job instance at 0x1517370c2820>,133,15,[ 2 14],134,1006,1021,872,994
1,<environment.Job instance at 0x1517371100a0>,136,19,[7 1],137,1016,1035,879,1016
1,<environment.Job instance at 0x151737110050>,137,14,[1 5],138,1021,1035,883,1017
1,<environment.Job instance at 0x1517370dc190>,138,14,[13  1],139,1035,1049,896,1034
1,<environment.Job instance at 0x1517370dc3c0>,140,1,[1 7],141,1039,1040,898,1039
1,<environment.Job instance at 0x15173707ef00>,65,14,[ 1 13],66,1040,1054,974,1039
1,<environment.Job instance at 0x1517370dcc30>,141,3,[ 2 11],142,1054,1057,912,1043
1,<environment.Job instance at 0x1517370dce10>,143,13,[13  1],144,1049,1062,905,1045
1,<environment.Job instance at 0x15173710c7d0>,145,20,[14  1],146,1062,1082,916,1054
1,<environment.Job instance at 0x15173710c4b0>,146,3,[13  2],147,1082,1085,935,1074
1,<environment.Job instance at 0x15173710ca00>,147,15,[1 9],148,1077,1092,929,1077
1,<environment.Job instance at 0x15173710c410>,144,3,[14  2],145,1174,1177,1029,1174
1,<environment.Job instance at 0x1517370fa6e0>,12,15,[ 1 13],13,1184,1199,1171,1184
1,<environment.Job instance at 0x151737104e10>,99,14,[ 1 12],100,1215,1229,1115,1215
1,<environment.Job instance at 0x151737081500>,75,3,[14  2],76,1304,1307,1228,1304
1,<environment.Job instance at 0x151776544e10>,0,24,[ 1 10],1,2,26,1,2
1,<environment.Job instance at 0x1517765442d0>,7,24,[10  2],8,18,42,10,18
1,<environment.Job instance at 0x151776544370>,2,24,[ 1 11],3,26,50,23,21
1,<environment.Job instance at 0x15177658a280>,10,25,[12  2],11,42,67,31,41
1,<environment.Job instance at 0x15177658ac80>,11,28,[ 1 12],12,50,78,38,49
1,<environment.Job instance at 0x15177658ab90>,14,20,[10  2],15,67,87,52,58
1,<environment.Job instance at 0x15177658afa0>,13,28,[ 2 10],14,78,106,64,77
1,<environment.Job instance at 0x15177658acd0>,15,20,[11  2],16,87,107,71,86
1,<environment.Job instance at 0x15177658aa00>,19,21,[14  2],20,107,128,87,102
1,<environment.Job instance at 0x15177658aaf0>,20,20,[ 1 13],21,121,141,100,121
1,<environment.Job instance at 0x15177658a6e0>,25,2,[ 2 13],26,141,143,115,136
1,<environment.Job instance at 0x1517767f4b90>,27,16,[12  1],28,147,163,119,147
1,<environment.Job instance at 0x1517767f4cd0>,29,16,[5 2],30,163,179,133,150
1,<environment.Job instance at 0x151776544460>,6,2,[11  2],7,179,181,172,172
1,<environment.Job instance at 0x1517767f4190>,31,27,[13  1],32,181,208,149,179
1,<environment.Job instance at 0x1517767f4960>,30,1,[14  2],31,208,209,177,199
1,<environment.Job instance at 0x1517767f4550>,35,23,[2 6],36,209,232,173,207
1,<environment.Job instance at 0x1517767f4870>,37,24,[6 1],38,209,233,171,209
1,<environment.Job instance at 0x1517767f4f50>,38,25,[12  1],39,233,258,194,229
1,<environment.Job instance at 0x1517767f4730>,39,27,[5 2],40,258,285,218,256
1,<environment.Job instance at 0x1517767f45f0>,40,23,[5 1],41,258,281,217,256
1,<environment.Job instance at 0x1517767f4820>,32,19,[ 2 12],33,260,279,227,260
1,<environment.Job instance at 0x1517767f4dc0>,42,28,[ 1 12],43,279,307,236,278
1,<environment.Job instance at 0x1517767f4910>,44,25,[11  2],45,293,318,248,293
1,<environment.Job instance at 0x15177658a5a0>,22,16,[ 2 12],23,310,326,287,310
1,<environment.Job instance at 0x1517767f4fa0>,45,23,[ 1 14],46,326,349,280,320
1,<environment.Job instance at 0x1517767f46e0>,48,2,[2 5],49,349,351,300,326
1,<environment.Job instance at 0x1517767b7910>,50,24,[ 2 12],51,351,375,300,346
1,<environment.Job instance at 0x1517767f4460>,47,12,[ 1 12],48,375,387,327,363
1,<environment.Job instance at 0x1517767b7690>,53,24,[11  1],54,365,389,311,365
1,<environment.Job instance at 0x1517767b7dc0>,58,20,[9 1],59,389,409,330,383
1,<environment.Job instance at 0x151776544410>,4,18,[ 2 14],5,402,420,397,402
1,<environment.Job instance at 0x15177b043a50>,60,16,[ 1 14],61,427,443,366,427
1,<environment.Job instance at 0x15177b0431e0>,61,24,[12  1],62,427,451,365,427
1,<environment.Job instance at 0x15177b043b90>,63,28,[ 2 12],64,444,472,380,444
1,<environment.Job instance at 0x15177b043e10>,64,19,[8 2],65,451,470,386,445
1,<environment.Job instance at 0x1517767b7500>,59,3,[ 2 12],60,472,475,412,466
1,<environment.Job instance at 0x15177b0433c0>,65,20,[ 1 12],66,475,495,409,469
1,<environment.Job instance at 0x15177b043a00>,67,23,[9 2],68,471,494,403,471
1,<environment.Job instance at 0x1517767b73c0>,51,15,[11  2],52,508,523,456,508
1,<environment.Job instance at 0x15177b043050>,71,28,[12  1],72,523,551,451,522
1,<environment.Job instance at 0x1517767f4b40>,41,15,[ 1 14],42,555,570,513,555
1,<environment.Job instance at 0x15177b043be0>,73,19,[10  2],74,570,589,496,561
1,<environment.Job instance at 0x151776669f00>,76,20,[8 2],77,589,609,512,582
1,<environment.Job instance at 0x151776669820>,77,27,[14  2],78,609,636,531,607
1,<environment.Job instance at 0x15177b0430f0>,72,2,[ 1 11],73,642,644,569,642
1,<environment.Job instance at 0x151776669780>,79,2,[ 1 13],80,647,649,567,647
1,<environment.Job instance at 0x1517766696e0>,81,18,[8 2],82,648,666,566,648
1,<environment.Job instance at 0x151776669a50>,82,18,[ 1 11],83,651,669,568,651
1,<environment.Job instance at 0x1517766692d0>,83,25,[10  1],84,666,691,582,662
1,<environment.Job instance at 0x1517766699b0>,84,24,[ 1 14],85,669,693,584,664
1,<environment.Job instance at 0x151776669960>,85,18,[7 1],86,691,709,605,682
1,<environment.Job instance at 0x1517766691e0>,86,1,[14  1],87,709,710,622,696
1,<environment.Job instance at 0x151776669320>,87,28,[6 1],88,710,738,622,709
1,<environment.Job instance at 0x151776669640>,88,20,[ 1 11],89,710,730,621,710
1,<environment.Job instance at 0x151776669370>,89,27,[2 6],90,730,757,640,730
1,<environment.Job instance at 0x151776669fa0>,90,26,[8 1],91,738,764,647,736
1,<environment.Job instance at 0x15177b043b40>,66,12,[ 1 11],67,757,769,690,755
1,<environment.Job instance at 0x15177658a2d0>,26,1,[ 2 13],27,769,770,742,760
1,<environment.Job instance at 0x15177b0ce7d0>,95,22,[14  1],96,770,792,674,764
1,<environment.Job instance at 0x15177b0ce280>,97,26,[6 2],98,792,818,694,789
1,<environment.Job instance at 0x15177b043230>,69,17,[ 2 14],70,818,835,748,808
1,<environment.Job instance at 0x15177b0ce5a0>,103,3,[12  2],104,835,838,731,829
1,<environment.Job instance at 0x15177b0ce2d0>,102,22,[14  2],103,838,860,735,834
1,<environment.Job instance at 0x15177b0ced20>,104,27,[ 2 14],105,860,887,755,859
1,<environment.Job instance at 0x15177b0ce8c0>,108,24,[7 2],109,887,911,778,882
1,<environment.Job instance at 0x15177b0ce6e0>,107,24,[12  2],108,911,935,803,906
1,<environment.Job instance at 0x15177b04a500>,110,27,[10  2],111,935,962,824,933
1,<environment.Job instance at 0x15177b04a6e0>,111,2,[ 1 13],112,944,946,832,944
1,<environment.Job instance at 0x15177b04aeb0>,112,23,[11  2],113,962,985,849,956
1,<environment.Job instance at 0x15177b04ac30>,109,2,[ 2 11],110,981,983,871,981
1,<environment.Job instance at 0x15177b04a640>,114,22,[10  1],115,985,1007,870,981
1,<environment.Job instance at 0x15177b04a410>,115,24,[ 2 14],116,985,1009,869,981
1,<environment.Job instance at 0x15177b04adc0>,119,28,[7 1],120,1007,1035,887,1006
1,<environment.Job instance at 0x15177b04a5f0>,120,21,[ 1 14],121,1009,1030,888,1006
1,<environment.Job instance at 0x15177b960a50>,122,26,[8 2],123,1030,1056,907,1027
1,<environment.Job instance at 0x15177b960960>,125,27,[7 1],126,1039,1066,913,1039
1,<environment.Job instance at 0x15177b9603c0>,126,21,[ 2 12],127,1056,1077,929,1053
1,<environment.Job instance at 0x15177b960d70>,128,16,[10  2],129,1066,1082,937,1064
1,<environment.Job instance at 0x15177b960230>,130,23,[13  2],131,1082,1105,951,1076
1,<environment.Job instance at 0x151774b3f050>,132,23,[2 6],133,1094,1117,961,1094
1,<environment.Job instance at 0x15177b04a690>,113,3,[ 1 12],114,1117,1120,1003,1111
1,<environment.Job instance at 0x151774b3f6e0>,134,28,[11  1],135,1111,1139,976,1111
1,<environment.Job instance at 0x151774b3f8c0>,133,2,[12  2],134,1139,1141,1005,1122
1,<environment.Job instance at 0x15177cfc4d20>,137,28,[13  1],138,1141,1169,1003,1140
1,<environment.Job instance at 0x1517767de8c0>,136,22,[11  2],137,1169,1191,1032,1162
1,<environment.Job instance at 0x151774bc3f00>,138,16,[ 1 12],139,1183,1199,1044,1183
1,<environment.Job instance at 0x15177cf1ac30>,141,28,[ 2 13],142,1199,1227,1057,1198
1,<environment.Job instance at 0x15177cf1af00>,142,26,[ 1 14],143,1227,1253,1084,1224
1,<environment.Job instance at 0x15177d985d20>,143,15,[11  1],144,1228,1243,1084,1228
1,<environment.Job instance at 0x151776c8ec30>,145,2,[1 8],146,1253,1255,1107,1241
1,<environment.Job instance at 0x15177d927f00>,146,27,[8 2],147,1253,1280,1106,1251
1,<environment.Job instance at 0x1517766697d0>,94,21,[ 2 14],95,1280,1301,1185,1277
1,<environment.Job instance at 0x1517767ded20>,139,14,[11  1],140,1280,1294,1140,1277
1,<environment.Job instance at 0x1517374a0370>,148,25,[11  1],149,1294,1319,1145,1291
1,<environment.Job instance at 0x151737535460>,147,1,[ 2 13],148,1321,1322,1173,1321
1,<environment.Job instance at 0x1517766693c0>,91,12,[ 1 14],92,1383,1395,1291,1383
1,<environment.Job instance at 0x151776669280>,78,15,[ 1 12],79,1395,1410,1316,1385
1,<environment.Job instance at 0x1517767ea280>,0,28,[14  2],1,1,29,0,1
1,<environment.Job instance at 0x151776669280>,2,27,[ 1 13],3,3,30,0,3
1,<environment.Job instance at 0x15177b2e1550>,4,27,[13  1],5,29,56,24,27
1,<environment.Job instance at 0x15177cf686e0>,9,25,[ 1 12],10,32,57,22,32
1,<environment.Job instance at 0x15177cf68dc0>,11,28,[ 2 13],12,57,85,45,56
1,<environment.Job instance at 0x151776669690>,3,23,[11  1],4,67,90,63,67
1,<environment.Job instance at 0x15177cf68730>,14,26,[ 2 14],15,89,115,74,89
1,<environment.Job instance at 0x151737409140>,20,23,[14  1],21,115,138,94,112
1,<environment.Job instance at 0x151737409b90>,19,25,[14  1],20,138,163,118,134
1,<environment.Job instance at 0x151737403690>,16,18,[12  1],17,163,181,146,156
1,<environment.Job instance at 0x15177a9aba50>,25,22,[ 2 10],26,163,185,137,156
1,<environment.Job instance at 0x15177a9abf50>,29,2,[ 2 14],30,185,187,155,158
1,<environment.Job instance at 0x15177a9ab0f0>,32,15,[14  1],33,187,202,154,181
1,<environment.Job instance at 0x15177a9ab280>,24,14,[14  1],25,202,216,177,194
1,<environment.Job instance at 0x15177a9ab4b0>,38,18,[12  2],39,226,244,187,226
1,<environment.Job instance at 0x151737403e60>,17,2,[11  2],18,244,246,226,244
1,<environment.Job instance at 0x15177a9abaa0>,40,24,[8 2],41,246,270,205,245
1,<environment.Job instance at 0x15177a9abeb0>,31,2,[ 2 13],32,246,248,214,246
1,<environment.Job instance at 0x15177a998e60>,42,26,[7 2],43,248,274,205,246
1,<environment.Job instance at 0x15177a998870>,41,19,[14  1],42,274,293,232,265
1,<environment.Job instance at 0x15177a998f00>,46,1,[2 9],47,293,294,246,284
1,<environment.Job instance at 0x15177a998190>,47,17,[9 2],48,293,310,245,287
1,<environment.Job instance at 0x15177a998050>,48,27,[12  1],49,310,337,261,308
1,<environment.Job instance at 0x15177a998eb0>,49,2,[ 1 14],50,316,318,266,316
1,<environment.Job instance at 0x15177a998140>,50,26,[ 2 14],51,318,344,267,316
1,<environment.Job instance at 0x15177a998550>,52,24,[14  1],53,344,368,291,340
1,<environment.Job instance at 0x1517373feeb0>,54,1,[ 1 11],55,367,368,312,367
1,<environment.Job instance at 0x1517373fe500>,56,16,[11  1],57,379,395,322,379
1,<environment.Job instance at 0x15177a998f50>,43,2,[ 1 12],44,382,384,338,382
1,<environment.Job instance at 0x1517373fe370>,59,25,[12  2],60,395,420,335,391
1,<environment.Job instance at 0x1517373fe1e0>,60,23,[2 5],61,391,414,330,391
1,<environment.Job instance at 0x1517373fe910>,57,18,[13  2],58,420,438,362,410
1,<environment.Job instance at 0x1517373fe3c0>,65,24,[14  1],66,438,462,372,433
1,<environment.Job instance at 0x1517373fef50>,64,1,[13  1],65,462,463,397,457
1,<environment.Job instance at 0x151737473280>,67,24,[13  2],68,463,487,395,458
1,<environment.Job instance at 0x151737473a00>,70,24,[5 2],71,487,511,416,483
1,<environment.Job instance at 0x151737473910>,66,19,[ 2 11],67,486,505,419,486
1,<environment.Job instance at 0x15177b098410>,72,27,[5 1],73,487,514,414,486
1,<environment.Job instance at 0x15177b0984b0>,73,27,[ 2 11],74,505,532,431,503
1,<environment.Job instance at 0x15177b0986e0>,74,28,[12  1],75,514,542,439,513
1,<environment.Job instance at 0x15177a9abf00>,36,17,[ 2 11],37,532,549,495,525
1,<environment.Job instance at 0x15177b098c30>,77,20,[13  2],78,542,562,464,533
1,<environment.Job instance at 0x15177b0985a0>,78,26,[9 2],79,562,588,483,559
1,<environment.Job instance at 0x15177b098a50>,76,2,[ 1 11],77,559,561,482,559
1,<environment.Job instance at 0x15177b098230>,82,1,[ 2 13],83,570,571,487,570
1,<environment.Job instance at 0x15177b098b90>,84,23,[ 1 10],85,571,594,486,571
1,<environment.Job instance at 0x15177b098f00>,86,25,[2 5],87,588,613,501,585
1,<environment.Job instance at 0x15177b098dc0>,88,15,[2 6],89,597,612,508,597
1,<environment.Job instance at 0x15177d9190a0>,89,20,[ 1 11],90,613,633,523,605
1,<environment.Job instance at 0x15177d919f50>,91,1,[8 1],92,617,618,525,617
1,<environment.Job instance at 0x15177d919e10>,92,3,[1 5],93,633,636,540,627
1,<environment.Job instance at 0x15177b098370>,83,1,[14  1],84,628,629,544,628
1,<environment.Job instance at 0x15177cf4f7d0>,96,2,[ 1 14],97,636,638,539,632
1,<environment.Job instance at 0x15177cf4f690>,98,20,[ 2 14],99,638,658,539,634
1,<environment.Job instance at 0x15177cf4f5a0>,99,3,[ 2 13],100,665,668,565,665
1,<environment.Job instance at 0x15177cf4f320>,100,1,[13  2],101,666,667,565,666
1,<environment.Job instance at 0x15177cf4fd70>,101,3,[5 1],102,667,670,565,666
1,<environment.Job instance at 0x15177cf4f640>,102,27,[ 1 11],103,668,695,565,666
1,<environment.Job instance at 0x15177cf4fa50>,103,2,[ 1 13],104,695,697,591,689
1,<environment.Job instance at 0x15177cf4f050>,104,28,[2 7],105,697,725,592,696
1,<environment.Job instance at 0x15177cf4f820>,105,23,[1 7],106,697,720,591,696
1,<environment.Job instance at 0x15177cf4f780>,106,25,[2 5],107,720,745,613,716
1,<environment.Job instance at 0x15177cf4f730>,107,25,[1 9],108,725,750,617,721
1,<environment.Job instance at 0x15177cf4fdc0>,108,28,[14  1],109,745,773,636,744
1,<environment.Job instance at 0x15177cf4f190>,109,12,[1 7],110,750,762,640,745
1,<environment.Job instance at 0x1517373cfb90>,111,17,[1 5],112,762,779,650,753
1,<environment.Job instance at 0x15177cf4f6e0>,95,3,[ 1 11],96,786,789,690,786
1,<environment.Job instance at 0x1517373cfc30>,113,2,[13  1],114,797,799,683,797
1,<environment.Job instance at 0x1517373cf820>,114,1,[ 2 13],115,804,805,689,804
1,<environment.Job instance at 0x15177a9abcd0>,39,3,[ 1 13],40,805,808,765,804
1,<environment.Job instance at 0x1517373cf870>,117,3,[13  1],118,805,808,687,805
1,<environment.Job instance at 0x1517373cffa0>,118,23,[5 2],119,808,831,689,805
1,<environment.Job instance at 0x1517373cfb40>,120,21,[8 2],121,818,839,697,818
1,<environment.Job instance at 0x1517373cfbe0>,121,21,[ 1 13],122,831,852,709,824
1,<environment.Job instance at 0x1517373cfaa0>,122,22,[11  2],123,839,861,716,832
1,<environment.Job instance at 0x1517373cf3c0>,123,3,[ 1 12],124,853,856,729,853
1,<environment.Job instance at 0x1517373cff00>,124,23,[1 8],125,856,879,731,853
1,<environment.Job instance at 0x1517373cfd70>,119,23,[11  2],120,861,884,741,856
1,<environment.Job instance at 0x15177cf610a0>,127,28,[ 1 10],128,880,908,752,880
1,<environment.Job instance at 0x1517373cf410>,126,28,[10  2],127,884,912,757,883
1,<environment.Job instance at 0x15177cf61cd0>,129,17,[12  1],130,912,929,782,905
1,<environment.Job instance at 0x15177cf61aa0>,130,19,[11  2],131,929,948,798,924
1,<environment.Job instance at 0x15177cf61c30>,131,28,[10  2],132,948,976,816,947
1,<environment.Job instance at 0x1517373cf780>,112,13,[ 1 12],113,952,965,839,952
1,<environment.Job instance at 0x15177cf61b40>,128,12,[11  1],129,976,988,847,964
1,<environment.Job instance at 0x15177cf18cd0>,135,26,[10  2],136,988,1014,852,985
1,<environment.Job instance at 0x15177b029b40>,137,25,[ 1 11],138,986,1011,848,986
1,<environment.Job instance at 0x15177b029f50>,138,25,[ 1 10],139,1011,1036,872,1007
1,<environment.Job instance at 0x15177b0296e0>,140,3,[ 1 12],141,1036,1039,895,1011
1,<environment.Job instance at 0x15177b029690>,141,25,[1 9],142,1039,1064,897,1035
1,<environment.Job instance at 0x15177cf61500>,133,1,[ 1 11],134,1064,1065,930,1040
1,<environment.Job instance at 0x151774e49be0>,144,26,[2 7],145,1065,1091,920,1062
1,<environment.Job instance at 0x15177b029dc0>,142,16,[13  1],143,1074,1090,931,1074
1,<environment.Job instance at 0x1517764e8c30>,145,1,[ 1 14],146,1091,1092,945,1075
1,<environment.Job instance at 0x15177cf18690>,134,13,[ 1 11],135,1093,1106,958,1093
1,<environment.Job instance at 0x15177cf682d0>,6,3,[ 1 13],7,1167,1170,1160,1167
1,<environment.Job instance at 0x151737473410>,71,14,[ 2 12],72,1479,1493,1407,1479
1,<environment.Job instance at 0x1517373f1cd0>,2,18,[1 8],3,4,22,1,4
1,<environment.Job instance at 0x1517373f17d0>,4,27,[11  1],5,5,32,0,5
1,<environment.Job instance at 0x15173726fcd0>,5,25,[2 6],6,6,31,0,6
1,<environment.Job instance at 0x15173726f780>,6,19,[ 2 11],7,32,51,25,32
1,<environment.Job instance at 0x15173726f820>,8,24,[5 2],9,32,56,23,32
1,<environment.Job instance at 0x15173726f0f0>,11,14,[ 2 11],12,51,65,39,46
1,<environment.Job instance at 0x15173726fa00>,12,20,[12  2],13,56,76,43,47
1,<environment.Job instance at 0x1517373f1550>,3,3,[ 2 13],4,72,75,68,72
1,<environment.Job instance at 0x15173726f4b0>,13,2,[12  1],14,91,93,77,91
1,<environment.Job instance at 0x1517375264b0>,16,25,[13  1],17,98,123,81,98
1,<environment.Job instance at 0x1517375260f0>,17,22,[14  2],18,123,145,105,116
1,<environment.Job instance at 0x151737526aa0>,20,21,[ 1 10],21,127,148,106,127
1,<environment.Job instance at 0x151776c8ec30>,1,12,[ 1 13],2,157,169,155,157
1,<environment.Job instance at 0x151737526c80>,23,26,[12  1],24,157,183,133,157
1,<environment.Job instance at 0x151737526be0>,26,22,[ 2 10],27,169,191,142,167
1,<environment.Job instance at 0x151737526fa0>,27,26,[ 2 14],28,191,217,163,188
1,<environment.Job instance at 0x151737526e10>,28,25,[2 6],29,217,242,188,213
1,<environment.Job instance at 0x151737526f00>,29,18,[5 2],30,217,235,187,213
1,<environment.Job instance at 0x151737526550>,14,2,[11  1],15,235,237,220,226
1,<environment.Job instance at 0x151737270140>,30,1,[12  2],31,240,241,209,240
1,<environment.Job instance at 0x1517372704b0>,34,26,[ 1 11],35,242,268,207,241
1,<environment.Job instance at 0x151737270320>,33,1,[ 2 12],34,268,269,234,264
1,<environment.Job instance at 0x1517372701e0>,37,22,[7 1],38,265,287,227,265
1,<environment.Job instance at 0x151737270640>,38,25,[ 1 12],39,269,294,230,266
1,<environment.Job instance at 0x151737270870>,39,25,[12  1],40,287,312,247,284
1,<environment.Job instance at 0x151737270910>,40,23,[13  2],41,312,335,271,306
1,<environment.Job instance at 0x151737526960>,22,3,[ 2 13],23,317,320,294,317
1,<environment.Job instance at 0x151737270af0>,44,28,[ 1 13],45,328,356,283,328
1,<environment.Job instance at 0x151737270c80>,46,26,[ 2 13],47,356,382,309,353
1,<environment.Job instance at 0x151737270eb0>,47,25,[11  1],48,353,378,305,353
1,<environment.Job instance at 0x151737270e60>,50,27,[6 1],51,378,405,327,376
1,<environment.Job instance at 0x15173724c140>,52,22,[5 1],53,378,400,325,378
1,<environment.Job instance at 0x15173724c280>,54,22,[10  2],55,405,427,350,398
1,<environment.Job instance at 0x1517373f1410>,0,14,[ 1 13],1,421,435,420,421
1,<environment.Job instance at 0x151737270960>,42,1,[13  2],43,432,433,389,432
1,<environment.Job instance at 0x15173724c4b0>,58,14,[12  2],59,433,447,374,432
1,<environment.Job instance at 0x15173724c5a0>,59,24,[1 8],60,435,459,375,433
1,<environment.Job instance at 0x15173724c780>,62,13,[7 2],63,447,460,384,443
1,<environment.Job instance at 0x15173724c910>,65,21,[13  2],66,460,481,394,455
1,<environment.Job instance at 0x15173724c9b0>,66,26,[1 7],67,459,485,392,456
1,<environment.Job instance at 0x15173724cbe0>,71,26,[8 1],72,481,507,409,478
1,<environment.Job instance at 0x15173724ccd0>,70,22,[ 1 11],71,485,507,414,480
1,<environment.Job instance at 0x151737270500>,36,15,[ 1 12],37,512,527,475,512
1,<environment.Job instance at 0x15173724cf00>,75,23,[ 2 13],76,527,550,451,521
1,<environment.Job instance at 0x151770079050>,76,27,[ 1 14],77,550,577,473,548
1,<environment.Job instance at 0x151770079140>,77,19,[7 1],78,556,575,478,556
1,<environment.Job instance at 0x1517700791e0>,79,19,[12  1],80,575,594,495,572
1,<environment.Job instance at 0x151770079320>,80,27,[ 1 10],81,577,604,496,575
1,<environment.Job instance at 0x151770079460>,81,27,[2 5],82,594,621,512,592
1,<environment.Job instance at 0x151770079500>,82,28,[ 1 12],83,621,649,538,620
1,<environment.Job instance at 0x1517700793c0>,83,28,[2 8],84,649,677,565,648
1,<environment.Job instance at 0x151770079640>,84,1,[8 2],85,649,650,564,649
1,<environment.Job instance at 0x15173724cf50>,72,2,[ 1 14],73,683,685,610,683
1,<environment.Job instance at 0x151770079780>,86,16,[7 2],87,685,701,598,685
1,<environment.Job instance at 0x1517700796e0>,88,26,[ 1 11],89,687,713,598,687
1,<environment.Job instance at 0x151770079960>,89,28,[2 7],90,713,741,623,712
1,<environment.Job instance at 0x151770079a00>,90,20,[2 5],91,717,737,626,717
1,<environment.Job instance at 0x151770079c30>,91,28,[14  1],92,741,769,649,740
1,<environment.Job instance at 0x151770079aa0>,92,24,[11  1],93,769,793,676,764
1,<environment.Job instance at 0x151770079d20>,94,25,[ 1 14],95,769,794,674,769
1,<environment.Job instance at 0x151770079b40>,96,24,[5 2],97,794,818,697,789
1,<environment.Job instance at 0x1517700570a0>,98,21,[12  1],99,818,839,719,811
1,<environment.Job instance at 0x1517700570f0>,99,2,[14  1],100,839,841,739,838
1,<environment.Job instance at 0x151770057320>,101,20,[12  1],102,841,861,739,841
1,<environment.Job instance at 0x151770057460>,103,20,[ 1 12],104,864,884,760,864
1,<environment.Job instance at 0x151770057500>,104,18,[1 6],105,884,902,779,876
1,<environment.Job instance at 0x151770057640>,106,26,[12  1],107,877,903,770,877
1,<environment.Job instance at 0x1517700576e0>,107,25,[ 2 14],108,902,927,794,898
1,<environment.Job instance at 0x1517700795a0>,85,12,[ 2 12],86,941,953,855,941
1,<environment.Job instance at 0x1517700578c0>,110,22,[ 2 10],111,953,975,842,947
1,<environment.Job instance at 0x151770057960>,111,27,[ 2 10],112,975,1002,863,973
1,<environment.Job instance at 0x15177b08ef50>,112,1,[ 1 12],113,1002,1003,889,976
1,<environment.Job instance at 0x151737093e10>,113,15,[13  2],114,1002,1017,888,1002
1,<environment.Job instance at 0x151737210c30>,114,20,[ 1 11],115,1004,1024,889,1004
1,<environment.Job instance at 0x151737520640>,115,2,[1 5],116,1024,1026,908,1016
1,<environment.Job instance at 0x151737520f50>,116,28,[2 7],117,1024,1052,907,1023
1,<environment.Job instance at 0x15173726b6e0>,117,27,[1 5],118,1026,1053,908,1025
1,<environment.Job instance at 0x151737520460>,118,3,[1 8],119,1052,1055,933,1036
1,<environment.Job instance at 0x15173726bd70>,119,12,[1 8],120,1055,1067,935,1045
1,<environment.Job instance at 0x15173726b0f0>,120,28,[11  1],121,1045,1073,924,1045
1,<environment.Job instance at 0x15173726b4b0>,122,21,[14  2],123,1073,1094,950,1065
1,<environment.Job instance at 0x15173726b410>,124,21,[14  1],125,1094,1115,969,1086
1,<environment.Job instance at 0x15173726b190>,126,2,[8 2],127,1115,1117,988,1091
1,<environment.Job instance at 0x151737131eb0>,127,2,[13  1],128,1117,1119,989,1093
1,<environment.Job instance at 0x15177b06df50>,128,16,[ 2 11],129,1123,1139,994,1123
1,<environment.Job instance at 0x15177cf83640>,129,26,[2 5],130,1139,1165,1009,1136
1,<environment.Job instance at 0x15177b9a2140>,130,23,[13  2],131,1136,1159,1005,1136
1,<environment.Job instance at 0x1517765e8140>,132,22,[ 2 11],133,1165,1187,1032,1158
1,<environment.Job instance at 0x151776585230>,133,21,[ 1 13],134,1187,1208,1053,1181
1,<environment.Job instance at 0x151776cae500>,135,25,[7 1],136,1181,1206,1045,1181
1,<environment.Job instance at 0x151774af0b40>,136,26,[ 2 10],137,1208,1234,1071,1205
1,<environment.Job instance at 0x1517702819b0>,137,19,[ 2 13],138,1236,1255,1098,1236
1,<environment.Job instance at 0x1517373c9230>,138,23,[1 9],139,1255,1278,1116,1249
1,<environment.Job instance at 0x151774bcba00>,140,1,[13  1],141,1263,1264,1122,1263
1,<environment.Job instance at 0x1517700571e0>,109,3,[ 2 14],110,1342,1345,1232,1342
1,<environment.Job instance at 0x15173724c320>,55,12,[ 2 13],56,1356,1368,1300,1356
1,<environment.Job instance at 0x151776c971e0>,141,12,[ 1 14],142,1416,1428,1274,1416
1,<environment.Job instance at 0x151737473410>,7,12,[ 2 12],8,1749,1761,1741,1749
1,<environment.Job instance at 0x15173724cfa0>,74,12,[ 2 14],75,1867,1879,1792,1867
1,<environment.Job instance at 0x15177b99f140>,1,22,[13  2],2,2,24,0,2
1,<environment.Job instance at 0x15173724cfa0>,3,18,[10  2],4,24,42,20,15
1,<environment.Job instance at 0x15177749be60>,5,16,[11  2],6,42,58,36,40
1,<environment.Job instance at 0x15177672f690>,11,27,[13  2],12,58,85,46,56
1,<environment.Job instance at 0x15177672f410>,12,23,[7 2],13,85,108,72,79
1,<environment.Job instance at 0x15177672f5a0>,13,21,[ 2 13],14,79,100,65,79
1,<environment.Job instance at 0x15177672faa0>,10,17,[ 1 12],11,100,117,89,91
1,<environment.Job instance at 0x15177ba28a50>,2,1,[ 2 11],3,117,118,114,106
1,<environment.Job instance at 0x151776d246e0>,16,25,[13  2],17,108,133,91,106
1,<environment.Job instance at 0x15173763ae60>,15,21,[ 2 10],16,118,139,102,111
1,<environment.Job instance at 0x15173763a460>,18,24,[8 1],19,133,157,114,128
1,<environment.Job instance at 0x15173763abe0>,17,1,[14  1],18,157,158,139,131
1,<environment.Job instance at 0x15177749b460>,9,2,[11  2],10,158,160,148,149
1,<environment.Job instance at 0x151776d24dc0>,14,19,[13  1],15,160,179,145,150
1,<environment.Job instance at 0x151776732b40>,24,23,[ 2 11],25,158,181,133,154
1,<environment.Job instance at 0x151776732370>,25,22,[9 1],26,179,201,153,179
1,<environment.Job instance at 0x15177b2e8960>,21,3,[ 2 11],22,181,184,159,180
1,<environment.Job instance at 0x151776732fa0>,30,21,[2 5],31,184,205,153,181
1,<environment.Job instance at 0x15177b2e8320>,20,3,[ 1 11],21,205,208,184,186
1,<environment.Job instance at 0x1517767320a0>,33,24,[ 1 14],34,208,232,174,203
1,<environment.Job instance at 0x151776732820>,31,19,[ 1 11],32,232,251,200,227
1,<environment.Job instance at 0x15177d91b3c0>,36,25,[9 2],37,239,264,202,239
1,<environment.Job instance at 0x151776732eb0>,34,18,[13  2],35,264,282,229,262
1,<environment.Job instance at 0x151737427dc0>,38,14,[11  1],39,282,296,243,267
1,<environment.Job instance at 0x1517374115a0>,41,27,[11  2],42,296,323,254,294
1,<environment.Job instance at 0x151737411f50>,44,25,[8 2],45,323,348,278,319
1,<environment.Job instance at 0x15177cfad6e0>,46,27,[14  2],47,348,375,301,346
1,<environment.Job instance at 0x15177cfadd70>,49,28,[6 1],50,375,403,325,374
1,<environment.Job instance at 0x15177cfada00>,50,22,[6 1],51,375,397,324,374
1,<environment.Job instance at 0x151776732d70>,29,2,[ 1 11],30,391,393,361,391
1,<environment.Job instance at 0x15177cf1f410>,51,27,[6 1],52,397,424,345,395
1,<environment.Job instance at 0x1517767325f0>,28,1,[13  2],29,424,425,395,397
1,<environment.Job instance at 0x15177cf1f1e0>,54,2,[ 1 13],55,414,416,359,414
1,<environment.Job instance at 0x15177cfad140>,45,19,[13  1],46,425,444,379,423
1,<environment.Job instance at 0x15177cf1f960>,57,22,[2 5],58,425,447,367,425
1,<environment.Job instance at 0x15177cf1ff50>,56,3,[14  1],57,447,450,390,431
1,<environment.Job instance at 0x15177cf1f9b0>,58,19,[14  2],59,450,469,391,441
1,<environment.Job instance at 0x15177cf1f0f0>,61,23,[5 1],62,469,492,407,464
1,<environment.Job instance at 0x15177cf1f460>,55,16,[ 2 12],56,501,517,445,501
1,<environment.Job instance at 0x15177cf1f0a0>,53,13,[12  2],54,510,523,456,510
1,<environment.Job instance at 0x151737401730>,66,28,[2 9],67,517,545,450,516
1,<environment.Job instance at 0x151737472870>,65,19,[9 2],66,523,542,457,516
1,<environment.Job instance at 0x1517374010f0>,69,27,[ 1 12],70,545,572,475,543
1,<environment.Job instance at 0x151776caf230>,71,28,[12  2],72,543,571,471,543
1,<environment.Job instance at 0x151776cafd20>,73,28,[11  2],74,571,599,497,570
1,<environment.Job instance at 0x151776caf280>,74,26,[2 9],75,572,598,497,572
1,<environment.Job instance at 0x151776caf730>,77,20,[2 7],78,598,618,520,592
1,<environment.Job instance at 0x151776caf370>,78,26,[6 1],79,599,625,520,596
1,<environment.Job instance at 0x151776cafdc0>,76,1,[14  1],77,625,626,548,619
1,<environment.Job instance at 0x1517764de5a0>,80,21,[10  2],81,626,647,545,619
1,<environment.Job instance at 0x151737472b40>,63,13,[ 1 12],64,659,672,595,659
1,<environment.Job instance at 0x151776cebaf0>,87,28,[6 2],88,663,691,575,663
1,<environment.Job instance at 0x151776caf1e0>,79,17,[ 1 11],80,680,697,600,680
1,<environment.Job instance at 0x151776ceba50>,90,25,[ 1 11],91,697,722,606,693
1,<environment.Job instance at 0x1517764dea00>,85,18,[14  2],86,715,733,629,715
1,<environment.Job instance at 0x15177749b5f0>,6,19,[ 2 13],7,734,753,727,734
1,<environment.Job instance at 0x15173752f230>,92,2,[ 2 13],93,753,755,660,736
1,<environment.Job instance at 0x151776ceb190>,88,2,[12  1],89,740,742,651,740
1,<environment.Job instance at 0x151774bcf550>,97,26,[10  2],98,747,773,649,747
1,<environment.Job instance at 0x151774bcf230>,96,22,[ 2 12],97,755,777,658,750
1,<environment.Job instance at 0x151774b3a140>,101,19,[ 1 11],102,777,796,675,775
1,<environment.Job instance at 0x15177cf1f050>,59,13,[ 1 13],60,796,809,736,795
1,<environment.Job instance at 0x15173752f780>,93,2,[ 2 11],94,809,811,715,808
1,<environment.Job instance at 0x151774b3a230>,103,2,[ 1 14],104,814,816,710,814
1,<environment.Job instance at 0x151774b3a960>,105,18,[2 7],106,821,839,715,821
1,<environment.Job instance at 0x151774b3ad70>,102,1,[11  2],103,823,824,720,823
1,<environment.Job instance at 0x151774b3aeb0>,109,25,[ 2 14],110,839,864,729,836
1,<environment.Job instance at 0x151774b3a190>,112,23,[12  2],113,864,887,751,858
1,<environment.Job instance at 0x151774b3a1e0>,114,3,[12  1],115,888,891,773,888
1,<environment.Job instance at 0x151774b3ae60>,115,16,[ 2 14],116,892,908,776,892
1,<environment.Job instance at 0x15177cf09f00>,119,27,[ 2 11],120,908,935,788,906
1,<environment.Job instance at 0x151774b3ab40>,107,1,[1 9],108,935,936,827,909
1,<environment.Job instance at 0x15177cf09aa0>,121,26,[14  1],122,935,961,813,932
1,<environment.Job instance at 0x1517377272d0>,123,25,[13  1],124,961,986,837,957
1,<environment.Job instance at 0x151737727780>,124,22,[1 9],125,957,979,832,957
1,<environment.Job instance at 0x1517376b2dc0>,127,27,[14  1],128,986,1013,858,984
1,<environment.Job instance at 0x15177cf09500>,120,20,[14  2],121,1015,1035,894,1015
1,<environment.Job instance at 0x1517767307d0>,132,27,[ 1 12],133,1016,1043,883,1016
1,<environment.Job instance at 0x1517746a1820>,133,26,[ 1 12],134,1043,1069,909,1040
1,<environment.Job instance at 0x151737727f50>,125,1,[ 2 11],126,1069,1070,943,1056
1,<environment.Job instance at 0x1517746a1e10>,135,17,[10  2],136,1057,1074,921,1057
1,<environment.Job instance at 0x151774c061e0>,136,23,[6 1],137,1074,1097,937,1068
1,<environment.Job instance at 0x1517376b2a50>,130,12,[11  1],131,1097,1109,966,1080
1,<environment.Job instance at 0x151774b01460>,140,2,[ 2 13],141,1117,1119,976,1117
1,<environment.Job instance at 0x151737772870>,141,1,[ 2 11],142,1137,1138,995,1137
1,<environment.Job instance at 0x151774b01af0>,139,2,[11  2],140,1230,1232,1090,1230
1,<environment.Job instance at 0x15177b0bd960>,134,16,[12  2],135,1535,1551,1400,1535
1,<environment.Job instance at 0x151774bacd70>,98,14,[ 2 14],99,1654,1668,1555,1654
1,<environment.Job instance at 0x151774bcffa0>,94,13,[ 2 14],95,1675,1688,1580,1675
1,<environment.Job instance at 0x15177b9321e0>,0,23,[ 2 14],1,1,24,0,1
1,<environment.Job instance at 0x1517377d5e60>,6,27,[6 1],7,12,39,5,12
1,<environment.Job instance at 0x151774bcf140>,1,26,[ 1 12],2,24,50,22,21
1,<environment.Job instance at 0x1517377d5f50>,9,25,[14  2],10,39,64,29,35
1,<environment.Job instance at 0x151774e18d20>,16,26,[8 2],17,64,90,47,61
1,<environment.Job instance at 0x151774e18460>,17,26,[1 9],18,61,87,43,61
1,<environment.Job instance at 0x1517377d5d70>,14,23,[5 2],15,64,87,49,62
1,<environment.Job instance at 0x15177b98af50>,25,21,[10  2],26,90,111,64,83
1,<environment.Job instance at 0x15177daa02d0>,26,19,[ 2 14],27,111,130,84,107
1,<environment.Job instance at 0x1517767ce050>,27,26,[11  1],28,111,137,83,109
1,<environment.Job instance at 0x15177b98afa0>,28,24,[ 1 13],29,130,154,101,125
1,<environment.Job instance at 0x15173749d780>,30,2,[14  2],31,154,156,123,154
1,<environment.Job instance at 0x15173749dc30>,31,26,[ 2 13],32,156,182,124,154
1,<environment.Job instance at 0x15177b00b5f0>,32,25,[9 1],33,156,181,123,154
1,<environment.Job instance at 0x15177b00b9b0>,33,2,[13  1],34,181,183,147,173
1,<environment.Job instance at 0x1517377d5a00>,8,3,[ 1 13],9,187,190,178,187
1,<environment.Job instance at 0x151774e18960>,15,3,[11  2],16,197,200,181,197
1,<environment.Job instance at 0x151737750280>,36,1,[12  2],37,200,201,163,199
1,<environment.Job instance at 0x151776581460>,38,23,[ 1 14],39,201,224,162,199
1,<environment.Job instance at 0x151774bcffa0>,2,19,[ 2 14],3,224,243,221,216
1,<environment.Job instance at 0x1517767a7eb0>,41,24,[1 9],42,243,267,201,238
1,<environment.Job instance at 0x15177b00bd70>,35,14,[12  1],36,246,260,210,246
1,<environment.Job instance at 0x151770202d70>,46,23,[9 1],47,275,298,228,275
1,<environment.Job instance at 0x151776696780>,37,19,[ 1 13],38,284,303,246,284
1,<environment.Job instance at 0x151770202500>,47,28,[13  1],48,298,326,250,297
1,<environment.Job instance at 0x15177702d640>,50,20,[ 1 13],51,306,326,255,306
1,<environment.Job instance at 0x15177702d320>,51,26,[ 2 11],52,326,352,274,323
1,<environment.Job instance at 0x15177702d730>,52,24,[ 2 11],53,352,376,299,347
1,<environment.Job instance at 0x15177ba55eb0>,22,1,[ 1 12],23,376,377,353,354
1,<environment.Job instance at 0x15177702d780>,54,16,[13  2],55,365,381,310,365
1,<environment.Job instance at 0x15173774a370>,61,24,[9 2],62,381,405,319,376
1,<environment.Job instance at 0x15173774a690>,60,26,[8 2],61,405,431,344,402
1,<environment.Job instance at 0x1517767a7230>,42,3,[ 2 12],43,409,412,366,409
1,<environment.Job instance at 0x1517372b6780>,65,1,[ 1 12],66,429,430,363,429
1,<environment.Job instance at 0x15173774aa00>,66,1,[ 1 11],67,431,432,364,431
1,<environment.Job instance at 0x1517374e0fa0>,67,2,[2 5],68,436,438,368,436
1,<environment.Job instance at 0x15173774a640>,62,2,[ 2 12],63,441,443,378,441
1,<environment.Job instance at 0x1517375578c0>,69,23,[ 1 13],70,443,466,373,442
1,<environment.Job instance at 0x151737557960>,68,3,[ 2 13],69,466,469,397,462
1,<environment.Job instance at 0x151776758d70>,71,28,[8 1],72,462,490,390,462
1,<environment.Job instance at 0x1517767586e0>,73,25,[12  2],74,490,515,416,486
1,<environment.Job instance at 0x15173774a7d0>,63,1,[ 1 11],64,490,491,426,490
1,<environment.Job instance at 0x1517767581e0>,76,28,[9 1],77,515,543,438,514
1,<environment.Job instance at 0x151776758640>,70,17,[ 2 12],71,542,559,471,542
1,<environment.Job instance at 0x151776758280>,79,22,[ 1 10],80,559,581,479,552
1,<environment.Job instance at 0x151776758550>,80,26,[1 8],81,581,607,500,578
1,<environment.Job instance at 0x1517767582d0>,77,14,[11  1],78,583,597,505,583
1,<environment.Job instance at 0x1517767585a0>,82,24,[13  2],83,597,621,514,592
1,<environment.Job instance at 0x151776758fa0>,83,27,[8 1],84,621,648,537,619
1,<environment.Job instance at 0x151776758eb0>,84,24,[7 1],85,621,645,536,619
1,<environment.Job instance at 0x151776758f00>,87,28,[ 1 13],88,645,673,557,644
1,<environment.Job instance at 0x151776758730>,88,28,[ 2 12],89,673,701,584,672
1,<environment.Job instance at 0x151737369460>,89,24,[11  1],90,672,696,582,672
1,<environment.Job instance at 0x151737369690>,92,26,[ 1 12],93,701,727,608,698
1,<environment.Job instance at 0x151737369500>,93,26,[11  2],94,698,724,604,698
1,<environment.Job instance at 0x1517373695a0>,94,27,[2 6],95,727,754,632,725
1,<environment.Job instance at 0x151776758820>,81,1,[ 1 12],82,754,755,672,727
1,<environment.Job instance at 0x1517373697d0>,95,2,[14  1],96,754,756,658,740
1,<environment.Job instance at 0x1517373698c0>,96,23,[ 2 10],97,756,779,659,750
1,<environment.Job instance at 0x1517373691e0>,97,19,[13  1],98,756,775,658,751
1,<environment.Job instance at 0x151737369960>,98,1,[ 1 12],99,779,780,680,772
1,<environment.Job instance at 0x151737369190>,100,28,[ 2 10],101,780,808,679,779
1,<environment.Job instance at 0x151737369320>,99,19,[ 2 12],100,808,827,708,802
1,<environment.Job instance at 0x151737369e10>,102,20,[1 5],103,827,847,724,820
1,<environment.Job instance at 0x151737369dc0>,104,21,[13  2],105,820,841,715,820
1,<environment.Job instance at 0x151737369a00>,105,25,[ 1 13],106,847,872,741,843
1,<environment.Job instance at 0x1517373cd410>,106,25,[ 2 12],107,872,897,765,868
1,<environment.Job instance at 0x15177da0a0f0>,108,25,[6 1],109,875,900,766,875
1,<environment.Job instance at 0x1517373cdaf0>,109,23,[9 2],110,897,920,787,891
1,<environment.Job instance at 0x15177703e1e0>,111,24,[14  2],112,920,944,808,915
1,<environment.Job instance at 0x15177703eb90>,112,20,[11  2],113,944,964,831,937
1,<environment.Job instance at 0x15177703ebe0>,114,1,[ 1 11],115,961,962,846,961
1,<environment.Job instance at 0x15177703eaf0>,115,22,[2 5],116,962,984,846,962
1,<environment.Job instance at 0x15177703ef50>,116,24,[ 2 14],117,984,1008,867,979
1,<environment.Job instance at 0x15177703e2d0>,117,28,[9 1],118,979,1007,861,979
1,<environment.Job instance at 0x15177703ec30>,118,28,[2 5],119,1008,1036,889,1007
1,<environment.Job instance at 0x15177703e190>,119,25,[14  1],120,1036,1061,916,1032
1,<environment.Job instance at 0x15177702d910>,55,13,[12  1],56,1061,1074,1005,1054
1,<environment.Job instance at 0x15177703e320>,122,20,[2 9],123,1061,1081,938,1060
1,<environment.Job instance at 0x15177703e730>,121,13,[ 1 13],122,1091,1104,969,1091
1,<environment.Job instance at 0x15177703e5a0>,126,22,[11  2],127,1097,1119,970,1097
1,<environment.Job instance at 0x151777029500>,130,22,[ 2 12],131,1110,1132,979,1110
1,<environment.Job instance at 0x151777029eb0>,131,27,[ 2 14],132,1132,1159,1000,1130
1,<environment.Job instance at 0x151777029a00>,132,12,[ 2 11],133,1159,1171,1026,1143
1,<environment.Job instance at 0x15177703e820>,124,18,[14  1],125,1171,1189,1046,1171
1,<environment.Job instance at 0x151777029be0>,133,12,[ 1 12],134,1205,1217,1071,1205
1,<environment.Job instance at 0x151777029af0>,135,18,[13  1],136,1221,1239,1085,1221
1,<environment.Job instance at 0x151776581cd0>,39,14,[ 1 12],40,1230,1244,1190,1230
1,<environment.Job instance at 0x151777029cd0>,137,19,[14  1],138,1239,1258,1101,1236
1,<environment.Job instance at 0x1517770299b0>,138,24,[ 1 14],139,1244,1268,1105,1239
1,<environment.Job instance at 0x151777029fa0>,139,25,[11  2],140,1268,1293,1128,1264
1,<environment.Job instance at 0x151777029820>,134,19,[ 1 13],135,1286,1305,1151,1286
1,<environment.Job instance at 0x151777029870>,141,23,[13  2],142,1293,1316,1151,1290
1,<environment.Job instance at 0x1517770290f0>,142,2,[ 2 14],143,1316,1318,1173,1304
1,<environment.Job instance at 0x151777029e60>,140,16,[13  1],141,1316,1332,1175,1306
1,<environment.Job instance at 0x1517770296e0>,136,1,[14  2],137,1332,1333,1195,1314
1,<environment.Job instance at 0x1517770290a0>,144,26,[ 2 10],145,1333,1359,1188,1330
1,<environment.Job instance at 0x151777029a50>,147,24,[2 7],148,1359,1383,1211,1354
1,<environment.Job instance at 0x1517770298c0>,148,20,[ 2 13],149,1383,1403,1234,1374
1,<environment.Job instance at 0x151777029b40>,146,16,[11  2],147,1375,1391,1228,1375
1,<environment.Job instance at 0x151737369c80>,103,13,[ 1 14],104,1416,1429,1312,1416
1,<environment.Job instance at 0x151777029370>,143,3,[ 2 12],144,1433,1436,1289,1433
1,<environment.Job instance at 0x151776758140>,75,16,[ 2 13],76,1566,1582,1490,1566
1,<environment.Job instance at 0x151776c91820>,1,18,[13  2],2,2,20,0,2
1,<environment.Job instance at 0x1517702c72d0>,2,27,[2 9],3,3,30,0,3
1,<environment.Job instance at 0x1517766d65f0>,4,28,[ 1 11],5,30,58,25,29
1,<environment.Job instance at 0x1517766d6910>,9,20,[12  1],10,31,51,21,31
1,<environment.Job instance at 0x1517766d67d0>,8,21,[14  2],9,51,72,42,45
1,<environment.Job instance at 0x1517766d6550>,6,23,[2 8],7,72,95,65,67
1,<environment.Job instance at 0x1517766d69b0>,17,26,[2 6],18,78,104,60,78
1,<environment.Job instance at 0x1517766d6c30>,16,21,[ 2 11],17,104,125,87,100
1,<environment.Job instance at 0x1517766d6f50>,20,23,[13  2],21,100,123,79,100
1,<environment.Job instance at 0x1517766d6820>,10,3,[11  1],11,123,126,112,115
1,<environment.Job instance at 0x1517766d68c0>,18,17,[13  2],19,126,143,107,118
1,<environment.Job instance at 0x1517766d6460>,11,28,[ 2 13],12,125,153,113,125
1,<environment.Job instance at 0x1517766c9190>,30,17,[14  1],31,153,170,122,147
1,<environment.Job instance at 0x1517766c9280>,24,17,[ 1 12],25,153,170,128,152
1,<environment.Job instance at 0x1517766c9910>,35,27,[5 1],36,170,197,134,168
1,<environment.Job instance at 0x1517766c9a00>,36,28,[13  2],37,197,225,160,196
1,<environment.Job instance at 0x1517766c9780>,33,20,[12  1],34,225,245,191,216
1,<environment.Job instance at 0x1517766c9aa0>,37,24,[5 2],38,245,269,207,240
1,<environment.Job instance at 0x1517702c7d70>,3,19,[ 2 11],4,240,259,236,240
1,<environment.Job instance at 0x1517766c9640>,39,19,[ 2 11],40,259,278,219,259
1,<environment.Job instance at 0x1517766c9c80>,41,28,[ 2 11],42,278,306,236,277
1,<environment.Job instance at 0x1517766c9d70>,40,20,[ 1 12],41,306,326,265,301
1,<environment.Job instance at 0x1517766c9be0>,43,28,[6 2],44,301,329,257,301
1,<environment.Job instance at 0x1517766c9eb0>,44,25,[5 1],45,307,332,262,307
1,<environment.Job instance at 0x1517766c99b0>,38,15,[11  2],39,332,347,293,323
1,<environment.Job instance at 0x1517766c9dc0>,46,17,[ 1 12],47,329,346,282,329
1,<environment.Job instance at 0x1517766ea2d0>,48,14,[11  2],49,347,361,298,336
1,<environment.Job instance at 0x1517766ea0f0>,45,2,[12  1],46,361,363,315,337
1,<environment.Job instance at 0x1517766ea5a0>,52,1,[11  1],53,363,364,310,343
1,<environment.Job instance at 0x1517766ea640>,53,19,[ 2 14],54,361,380,307,353
1,<environment.Job instance at 0x1517766ea6e0>,54,19,[14  1],55,380,399,325,373
1,<environment.Job instance at 0x1517766ea820>,55,24,[11  2],56,399,423,343,394
1,<environment.Job instance at 0x1517766ea8c0>,56,20,[8 1],57,423,443,366,417
1,<environment.Job instance at 0x1517766ea960>,57,13,[14  2],58,443,456,385,427
1,<environment.Job instance at 0x1517766c9f50>,42,1,[12  1],43,456,457,413,441
1,<environment.Job instance at 0x1517766ea780>,58,2,[ 2 14],59,441,443,382,441
1,<environment.Job instance at 0x1517766eabe0>,62,26,[13  1],63,457,483,394,454
1,<environment.Job instance at 0x1517766eab40>,63,24,[ 2 14],64,456,480,392,455
1,<environment.Job instance at 0x1517766eae60>,65,1,[ 2 14],66,480,481,414,459
1,<environment.Job instance at 0x1517766eafa0>,66,25,[ 1 14],67,481,506,414,477
1,<environment.Job instance at 0x1517766c9690>,31,21,[14  1],32,483,504,451,477
1,<environment.Job instance at 0x1517766e91e0>,67,1,[ 1 10],68,506,507,438,482
1,<environment.Job instance at 0x1517766e94b0>,72,24,[11  1],73,504,528,431,499
1,<environment.Job instance at 0x1517766e9690>,73,20,[ 2 10],74,507,527,433,500
1,<environment.Job instance at 0x1517766ea460>,51,3,[ 2 13],52,527,530,475,517
1,<environment.Job instance at 0x1517766e90f0>,69,22,[6 1],70,528,550,458,521
1,<environment.Job instance at 0x1517766e9870>,76,18,[2 6],77,530,548,453,524
1,<environment.Job instance at 0x1517766e9a00>,78,2,[ 2 14],79,548,550,469,531
1,<environment.Job instance at 0x1517766e96e0>,79,23,[8 2],80,550,573,470,544
1,<environment.Job instance at 0x1517766e9a50>,80,24,[1 6],81,550,574,469,548
1,<environment.Job instance at 0x1517766e98c0>,83,3,[ 1 11],84,574,577,490,564
1,<environment.Job instance at 0x1517766e9aa0>,82,22,[8 1],83,573,595,490,568
1,<environment.Job instance at 0x1517766e9be0>,84,22,[2 6],85,577,599,492,570
1,<environment.Job instance at 0x1517766e9d20>,86,1,[ 2 14],87,599,600,512,572
1,<environment.Job instance at 0x1517766e9e60>,88,24,[ 1 12],89,600,624,511,597
1,<environment.Job instance at 0x1517766e9c80>,89,17,[14  2],90,604,621,514,604
1,<environment.Job instance at 0x1517766fd050>,90,24,[1 9],91,624,648,533,619
1,<environment.Job instance at 0x1517766fd140>,91,22,[ 2 12],92,648,670,556,641
1,<environment.Job instance at 0x1517766fd1e0>,92,21,[6 1],93,641,662,548,641
1,<environment.Job instance at 0x1517766fd410>,93,3,[11  2],94,665,668,571,665
1,<environment.Job instance at 0x1517766fd4b0>,94,21,[9 1],95,668,689,573,666
1,<environment.Job instance at 0x1517766fd280>,96,3,[7 1],97,689,692,592,673
1,<environment.Job instance at 0x1517766fd0f0>,97,20,[5 1],98,673,693,575,673
1,<environment.Job instance at 0x1517766fd690>,98,26,[9 1],99,692,718,593,689
1,<environment.Job instance at 0x1517766fd640>,99,25,[6 1],100,693,718,593,689
1,<environment.Job instance at 0x1517766fda50>,100,23,[8 2],101,718,741,617,712
1,<environment.Job instance at 0x1517766fd190>,101,27,[1 6],102,718,745,616,716
1,<environment.Job instance at 0x1517766c9820>,32,17,[ 2 14],33,745,762,712,740
1,<environment.Job instance at 0x1517766fdaa0>,103,3,[12  2],104,769,772,665,769
1,<environment.Job instance at 0x1517766fdb90>,104,21,[6 1],105,772,793,667,771
1,<environment.Job instance at 0x1517766fdc80>,105,27,[12  2],106,793,820,687,791
1,<environment.Job instance at 0x1517766fdd20>,106,23,[ 1 13],107,792,815,685,792
1,<environment.Job instance at 0x1517766fdc30>,102,14,[ 2 12],103,816,830,713,816
1,<environment.Job instance at 0x1517766fa0f0>,112,27,[13  1],113,820,847,707,819
1,<environment.Job instance at 0x1517766fdf50>,110,1,[ 2 12],111,830,831,719,830
1,<environment.Job instance at 0x1517766e9e10>,85,3,[14  1],86,847,850,761,830
1,<environment.Job instance at 0x1517766fa050>,113,17,[ 2 12],114,850,867,736,841
1,<environment.Job instance at 0x1517766fa3c0>,117,21,[13  2],118,850,871,732,842
1,<environment.Job instance at 0x1517766fa640>,119,13,[5 2],120,871,884,751,864
1,<environment.Job instance at 0x1517766fa960>,121,13,[ 1 11],122,873,886,751,873
1,<environment.Job instance at 0x1517766fac30>,123,3,[ 1 14],124,886,889,762,873
1,<environment.Job instance at 0x1517766fa9b0>,125,22,[6 1],126,877,899,751,877
1,<environment.Job instance at 0x1517766faeb0>,126,25,[ 2 12],127,889,914,762,885
1,<environment.Job instance at 0x1517766faf00>,129,27,[2 9],130,914,941,784,913
1,<environment.Job instance at 0x1517766fae10>,127,17,[7 1],128,925,942,797,925
1,<environment.Job instance at 0x1517766fafa0>,130,25,[14  2],131,942,967,811,939
1,<environment.Job instance at 0x15173759a2d0>,132,25,[ 2 10],133,967,992,834,963
1,<environment.Job instance at 0x15177b98a0a0>,134,21,[11  1],135,967,988,832,967
1,<environment.Job instance at 0x1517766c5780>,136,16,[ 1 14],137,992,1008,855,990
1,<environment.Job instance at 0x1517766c5460>,138,24,[ 2 11],139,1008,1032,869,1003
1,<environment.Job instance at 0x1517766c5050>,137,15,[ 2 14],138,1065,1080,927,1065
1,<environment.Job instance at 0x1517766c5140>,140,21,[ 1 13],141,1080,1101,939,1072
1,<environment.Job instance at 0x15173758a320>,141,2,[6 1],142,1083,1085,941,1083
1,<environment.Job instance at 0x1517766c5500>,142,3,[2 5],143,1101,1104,958,1090
1,<environment.Job instance at 0x151737296a00>,143,21,[ 1 14],144,1104,1125,960,1098
1,<environment.Job instance at 0x1517372905a0>,144,20,[7 2],145,1125,1145,980,1118
1,<environment.Job instance at 0x1517766fa280>,116,15,[ 2 12],117,1145,1160,1028,1145
1,<environment.Job instance at 0x151737587a50>,147,19,[13  2],148,1148,1167,1000,1148
1,<environment.Job instance at 0x15173757dbe0>,148,22,[ 2 14],149,1167,1189,1018,1160
1,<environment.Job instance at 0x1517766d5280>,145,14,[ 2 12],146,1222,1236,1076,1222
1,<environment.Job instance at 0x1517766c51e0>,139,16,[ 2 11],140,1559,1575,1419,1559
1,<environment.Job instance at 0x1517766e9730>,74,13,[ 2 12],75,1784,1797,1709,1784
1,<environment.Job instance at 0x1517766e9500>,75,17,[ 1 14],76,2194,2211,2118,2194
1,<environment.Job instance at 0x151737140d70>,0,21,[ 1 11],1,2,23,1,2
1,<environment.Job instance at 0x151737140be0>,4,27,[8 1],5,7,34,2,7
1,<environment.Job instance at 0x1517766e97d0>,2,28,[2 7],3,23,51,20,22
1,<environment.Job instance at 0x151770156a00>,8,28,[ 2 12],9,51,79,42,50
1,<environment.Job instance at 0x15177650e370>,11,22,[11  2],12,68,90,56,68
1,<environment.Job instance at 0x1517701564b0>,6,27,[ 1 13],7,79,106,72,77
1,<environment.Job instance at 0x1517766e9500>,3,21,[14  2],4,90,111,86,83
1,<environment.Job instance at 0x15177650e050>,16,26,[13  1],17,111,137,94,108
1,<environment.Job instance at 0x15177650e5f0>,17,22,[ 1 14],18,116,138,98,116
1,<environment.Job instance at 0x15177650ea50>,19,28,[5 2],20,138,166,118,137
1,<environment.Job instance at 0x15177650e4b0>,12,15,[13  2],13,166,181,153,159
1,<environment.Job instance at 0x15177650e6e0>,23,24,[ 1 14],24,181,205,157,176
1,<environment.Job instance at 0x15177650e960>,13,1,[ 2 14],14,205,206,191,198
1,<environment.Job instance at 0x1517375986e0>,27,1,[6 1],28,200,201,172,200
1,<environment.Job instance at 0x15177d993d70>,28,3,[ 2 13],29,206,209,177,205
1,<environment.Job instance at 0x15173777bc80>,29,20,[ 1 11],30,213,233,183,213
1,<environment.Job instance at 0x15177650e3c0>,15,3,[ 1 14],16,233,236,217,219
1,<environment.Job instance at 0x151737598820>,26,1,[ 1 12],27,237,238,210,237
1,<environment.Job instance at 0x15177b008280>,32,25,[14  2],33,237,262,204,237
1,<environment.Job instance at 0x151737584e10>,34,23,[ 2 13],35,262,285,227,256
1,<environment.Job instance at 0x151737584eb0>,35,27,[12  1],36,262,289,226,260
1,<environment.Job instance at 0x15177650e9b0>,20,16,[ 1 13],21,285,301,264,274
1,<environment.Job instance at 0x15177666cd20>,38,26,[ 1 11],39,301,327,262,298
1,<environment.Job instance at 0x151737584460>,37,15,[7 1],38,304,319,266,304
1,<environment.Job instance at 0x15177666c460>,40,26,[1 8],41,327,353,286,324
1,<environment.Job instance at 0x151737441500>,41,24,[ 2 11],42,353,377,311,348
1,<environment.Job instance at 0x1517766fc190>,43,25,[12  2],44,348,373,304,348
1,<environment.Job instance at 0x15173757fbe0>,47,23,[6 2],48,373,396,325,367
1,<environment.Job instance at 0x151774be3f00>,48,23,[6 2],49,373,396,324,368
1,<environment.Job instance at 0x15173757fa00>,49,22,[12  1],50,396,418,346,389
1,<environment.Job instance at 0x15177666c960>,39,23,[ 1 13],40,396,419,356,392
1,<environment.Job instance at 0x15177b008410>,31,19,[ 2 13],32,419,438,387,409
1,<environment.Job instance at 0x1517702d5690>,51,14,[ 1 11],52,438,452,386,424
1,<environment.Job instance at 0x1517702d5a50>,53,20,[14  2],54,438,458,384,432
1,<environment.Job instance at 0x15173757f0f0>,50,24,[ 1 14],51,458,482,407,453
1,<environment.Job instance at 0x1517702d5460>,52,19,[13  2],53,482,501,429,473
1,<environment.Job instance at 0x1517702d5c80>,55,22,[ 1 13],56,482,504,426,481
1,<environment.Job instance at 0x1517764c6730>,58,13,[12  1],59,501,514,442,497
1,<environment.Job instance at 0x1517764c6410>,62,16,[12  2],63,514,530,451,514
1,<environment.Job instance at 0x15177cf8ef00>,63,23,[2 8],64,515,538,451,515
1,<environment.Job instance at 0x1517766e7be0>,30,3,[11  1],31,530,533,499,518
1,<environment.Job instance at 0x1517746a49b0>,65,2,[ 2 13],66,538,540,472,526
1,<environment.Job instance at 0x1517746a4fa0>,67,21,[13  1],68,533,554,465,532
1,<environment.Job instance at 0x1517746a4550>,64,2,[ 1 14],65,549,551,484,549
1,<environment.Job instance at 0x15177b0b1730>,69,26,[ 2 13],70,551,577,481,549
1,<environment.Job instance at 0x15177b936d20>,70,20,[9 1],71,554,574,483,552
1,<environment.Job instance at 0x15177b00b190>,71,26,[2 9],72,577,603,505,574
1,<environment.Job instance at 0x1517764c65f0>,61,16,[14  2],62,605,621,543,605
1,<environment.Job instance at 0x15177b00b5f0>,73,2,[ 2 12],74,627,629,553,627
1,<environment.Job instance at 0x15177b9a5190>,74,2,[12  2],75,630,632,555,630
1,<environment.Job instance at 0x15177b9a5e60>,75,23,[1 7],76,630,653,554,630
1,<environment.Job instance at 0x15177b9a5d70>,77,1,[7 1],78,635,636,557,635
1,<environment.Job instance at 0x15177b9a5640>,78,26,[8 1],79,636,662,557,635
1,<environment.Job instance at 0x15177b9a5050>,80,2,[ 2 12],81,653,655,572,650
1,<environment.Job instance at 0x151737763690>,81,1,[11  2],82,670,671,588,670
1,<environment.Job instance at 0x151770156230>,10,17,[13  1],11,691,708,680,691
1,<environment.Job instance at 0x1517702d5960>,57,12,[ 2 11],58,715,727,657,715
1,<environment.Job instance at 0x1517377636e0>,84,17,[ 2 13],85,727,744,642,725
1,<environment.Job instance at 0x151774b75c80>,85,3,[11  2],86,734,737,648,734
1,<environment.Job instance at 0x151774b75370>,86,23,[13  1],87,737,760,650,734
1,<environment.Job instance at 0x151774b757d0>,87,25,[ 2 14],88,744,769,656,740
1,<environment.Job instance at 0x1517377b00f0>,88,27,[ 2 14],89,769,796,680,767
1,<environment.Job instance at 0x1517377b0320>,93,23,[1 9],94,796,819,702,790
1,<environment.Job instance at 0x1517373cd3c0>,95,1,[9 1],96,790,791,694,790
1,<environment.Job instance at 0x1517373cde10>,96,24,[ 2 13],97,819,843,722,814
1,<environment.Job instance at 0x1517373cd0a0>,97,12,[13  2],98,836,848,738,836
1,<environment.Job instance at 0x1517373cd050>,98,2,[ 1 11],99,843,845,744,837
1,<environment.Job instance at 0x1517373cdeb0>,99,25,[ 2 11],100,845,870,745,841
1,<environment.Job instance at 0x1517373cdb90>,100,2,[ 1 11],101,870,872,769,846
1,<environment.Job instance at 0x1517373cd6e0>,101,2,[ 1 12],102,872,874,770,850
1,<environment.Job instance at 0x1517377d4eb0>,102,27,[14  1],103,870,897,767,868
1,<environment.Job instance at 0x1517377d4910>,103,1,[ 1 14],104,896,897,792,896
1,<environment.Job instance at 0x1517700a1f50>,104,3,[7 2],105,897,900,792,896
1,<environment.Job instance at 0x15177cf6fdc0>,106,1,[1 6],107,897,898,790,896
1,<environment.Job instance at 0x1517377638c0>,83,2,[12  1],84,900,902,816,897
1,<environment.Job instance at 0x151774bfdb40>,107,17,[7 2],108,902,919,794,898
1,<environment.Job instance at 0x15177b936e60>,72,13,[ 2 12],73,904,917,831,904
1,<environment.Job instance at 0x151770165960>,111,2,[11  2],112,919,921,807,911
1,<environment.Job instance at 0x151770165aa0>,112,24,[ 2 10],113,917,941,804,912
1,<environment.Job instance at 0x151776517a00>,113,1,[1 6],114,941,942,827,915
1,<environment.Job instance at 0x151776517460>,114,24,[1 9],115,941,965,826,936
1,<environment.Job instance at 0x151770165a50>,115,22,[6 1],116,942,964,826,936
1,<environment.Job instance at 0x151774bd0190>,116,22,[1 9],117,965,987,848,958
1,<environment.Job instance at 0x151776652c80>,117,26,[ 2 14],118,987,1013,869,984
1,<environment.Job instance at 0x151776652fa0>,118,2,[8 2],119,984,986,865,984
1,<environment.Job instance at 0x1517767683c0>,120,24,[2 8],121,1013,1037,892,1008
1,<environment.Job instance at 0x1517767689b0>,121,27,[8 1],122,1008,1035,886,1008
1,<environment.Job instance at 0x15173754a9b0>,123,18,[ 2 12],124,1037,1055,913,1029
1,<environment.Job instance at 0x1517701456e0>,124,24,[14  2],125,1055,1079,930,1050
1,<environment.Job instance at 0x1517701457d0>,125,25,[2 8],126,1079,1104,953,1076
1,<environment.Job instance at 0x151770145460>,127,16,[2 5],128,1079,1095,951,1077
1,<environment.Job instance at 0x151770145be0>,129,15,[10  1],130,1092,1107,962,1092
1,<environment.Job instance at 0x151770145500>,130,27,[ 2 13],131,1104,1131,973,1102
1,<environment.Job instance at 0x1517701458c0>,131,25,[6 2],132,1107,1132,975,1103
1,<environment.Job instance at 0x151770145870>,132,16,[13  2],133,1132,1148,999,1120
1,<environment.Job instance at 0x15177b018eb0>,133,27,[ 2 13],134,1131,1158,997,1129
1,<environment.Job instance at 0x15177b018280>,134,20,[14  1],135,1158,1178,1023,1149
1,<environment.Job instance at 0x15177b0180f0>,135,25,[ 1 12],136,1158,1183,1022,1154
1,<environment.Job instance at 0x1517372950a0>,136,14,[13  1],137,1184,1198,1047,1184
1,<environment.Job instance at 0x1517372957d0>,137,3,[ 2 13],138,1190,1193,1052,1190
1,<environment.Job instance at 0x151737295960>,138,24,[ 1 10],139,1193,1217,1054,1190
1,<environment.Job instance at 0x151737295dc0>,139,20,[12  1],140,1198,1218,1058,1190
1,<environment.Job instance at 0x151737295af0>,140,21,[ 1 12],141,1217,1238,1076,1209
1,<environment.Job instance at 0x151737763f50>,82,13,[ 2 14],83,1238,1251,1155,1228
1,<environment.Job instance at 0x151737304050>,108,2,[ 2 13],109,1251,1253,1142,1239
1,<environment.Job instance at 0x151770165d70>,110,17,[12  1],111,1266,1283,1155,1266
1,<environment.Job instance at 0x15177b0b1aa0>,68,12,[ 1 12],69,1446,1458,1377,1446
1,<environment.Job instance at 0x15173710d550>,0,24,[ 2 12],1,1,25,0,1
1,<environment.Job instance at 0x15177cf68050>,2,26,[9 1],3,4,30,1,4
1,<environment.Job instance at 0x15173710d280>,1,1,[ 2 14],2,25,26,23,19
1,<environment.Job instance at 0x1517702be2d0>,8,28,[ 1 14],9,26,54,17,25
1,<environment.Job instance at 0x15173710deb0>,5,25,[12  1],6,30,55,24,26
1,<environment.Job instance at 0x1517702be960>,14,24,[ 2 14],15,54,78,39,49
1,<environment.Job instance at 0x15177cf9ad70>,17,28,[12  1],18,63,91,45,63
1,<environment.Job instance at 0x1517702be640>,13,27,[ 1 14],14,78,105,64,76
1,<environment.Job instance at 0x15177cf9abe0>,19,21,[12  1],20,91,112,71,89
1,<environment.Job instance at 0x1517377f82d0>,22,28,[ 1 11],23,107,135,84,107
1,<environment.Job instance at 0x15177cf9a8c0>,18,20,[13  2],19,112,132,93,107
1,<environment.Job instance at 0x1517702befa0>,15,20,[14  1],16,132,152,116,129
1,<environment.Job instance at 0x1517702be5a0>,9,2,[ 2 13],10,153,155,143,153
1,<environment.Job instance at 0x1517377f89b0>,28,18,[ 1 12],29,155,173,126,153
1,<environment.Job instance at 0x1517377f83c0>,30,22,[13  2],31,155,177,124,155
1,<environment.Job instance at 0x151774b54230>,33,22,[ 1 14],34,177,199,143,173
1,<environment.Job instance at 0x151774b54870>,34,28,[ 1 13],35,199,227,164,198
1,<environment.Job instance at 0x151774b54050>,35,27,[14  2],36,199,226,163,198
1,<environment.Job instance at 0x1517702bee10>,6,22,[ 2 11],7,227,249,220,220
1,<environment.Job instance at 0x151774b54730>,38,15,[9 1],39,226,241,187,224
1,<environment.Job instance at 0x151774b54be0>,37,1,[11  1],38,241,242,203,241
1,<environment.Job instance at 0x151774b54d70>,40,23,[ 1 12],41,249,272,208,244
1,<environment.Job instance at 0x151774b54910>,42,24,[10  1],43,244,268,201,244
1,<environment.Job instance at 0x151774b546e0>,43,21,[ 1 13],44,272,293,228,264
1,<environment.Job instance at 0x151774b54dc0>,44,28,[7 2],45,268,296,223,267
1,<environment.Job instance at 0x151774b54500>,46,14,[12  1],47,332,346,285,332
1,<environment.Job instance at 0x151774b547d0>,47,24,[13  1],48,346,370,298,341
1,<environment.Job instance at 0x151736effcd0>,49,25,[1 7],50,344,369,294,344
1,<environment.Job instance at 0x1517377f8a00>,32,2,[ 2 14],33,369,371,336,360
1,<environment.Job instance at 0x15177013c3c0>,50,21,[11  2],51,371,392,320,363
1,<environment.Job instance at 0x151736e89c30>,52,21,[2 5],53,371,392,318,364
1,<environment.Job instance at 0x151736e895f0>,53,2,[ 1 14],54,392,394,338,380
1,<environment.Job instance at 0x151736e89690>,55,15,[2 5],56,394,409,338,382
1,<environment.Job instance at 0x151736f7a960>,57,24,[ 1 10],58,394,418,336,389
1,<environment.Job instance at 0x151736f7a4b0>,56,18,[14  2],57,409,427,352,399
1,<environment.Job instance at 0x151736f7a820>,58,22,[ 1 14],59,427,449,368,420
1,<environment.Job instance at 0x151776d382d0>,60,15,[14  1],61,430,445,369,430
1,<environment.Job instance at 0x1517377f8d70>,26,13,[ 1 11],27,453,466,426,453
1,<environment.Job instance at 0x151736f7a550>,62,24,[8 2],63,453,477,390,453
1,<environment.Job instance at 0x15177ba73820>,63,22,[ 2 13],64,466,488,402,459
1,<environment.Job instance at 0x151776d466e0>,64,26,[ 2 11],65,488,514,423,485
1,<environment.Job instance at 0x151736f7a140>,65,1,[7 2],66,485,486,419,485
1,<environment.Job instance at 0x151736f7ac30>,59,3,[ 2 12],60,514,517,454,508
1,<environment.Job instance at 0x151774b147d0>,67,19,[ 2 13],68,517,536,449,510
1,<environment.Job instance at 0x151774b14cd0>,69,18,[13  1],70,511,529,441,511
1,<environment.Job instance at 0x151736f7af00>,61,3,[14  1],62,536,539,474,530
1,<environment.Job instance at 0x15177cf68140>,71,26,[2 9],72,539,565,467,536
1,<environment.Job instance at 0x151774e1c780>,73,24,[2 5],74,539,563,465,536
1,<environment.Job instance at 0x151774b14a50>,70,3,[ 2 12],71,569,572,498,569
1,<environment.Job instance at 0x151774b46140>,76,2,[2 6],77,576,578,499,576
1,<environment.Job instance at 0x151774c08be0>,77,21,[12  1],78,577,598,499,577
1,<environment.Job instance at 0x151774bb1eb0>,78,24,[ 1 14],79,578,602,499,577
1,<environment.Job instance at 0x151736fa4b40>,80,3,[ 1 13],81,602,605,521,584
1,<environment.Job instance at 0x151774bd2320>,81,14,[ 2 14],82,605,619,523,601
1,<environment.Job instance at 0x151737792b90>,82,28,[12  1],83,601,629,518,601
1,<environment.Job instance at 0x151774bd24b0>,83,22,[ 2 12],84,619,641,535,612
1,<environment.Job instance at 0x151774b548c0>,39,15,[14  1],40,644,659,604,644
1,<environment.Job instance at 0x151737434870>,87,26,[14  2],88,659,685,571,656
1,<environment.Job instance at 0x151776642f00>,86,12,[13  1],87,717,729,630,717
1,<environment.Job instance at 0x151776647f00>,89,14,[5 1],90,729,743,639,717
1,<environment.Job instance at 0x15177b9595a0>,90,16,[8 2],91,729,745,638,718
1,<environment.Job instance at 0x1517700f9b40>,92,26,[7 2],93,743,769,650,740
1,<environment.Job instance at 0x151774bc3730>,94,25,[ 1 11],95,745,770,650,744
1,<environment.Job instance at 0x151774bc31e0>,95,25,[2 7],96,770,795,674,766
1,<environment.Job instance at 0x15177ba77370>,96,21,[ 2 14],97,795,816,698,787
1,<environment.Job instance at 0x151776689410>,100,26,[ 2 14],101,816,842,715,813
1,<environment.Job instance at 0x15177008a460>,102,23,[ 1 13],103,842,865,739,836
1,<environment.Job instance at 0x15177008a870>,103,26,[5 2],104,842,868,738,839
1,<environment.Job instance at 0x15177008aa00>,104,28,[11  2],105,868,896,763,867
1,<environment.Job instance at 0x15177008a6e0>,105,22,[1 8],106,867,889,761,867
1,<environment.Job instance at 0x15177008a410>,106,20,[ 1 13],107,889,909,782,880
1,<environment.Job instance at 0x15177019c960>,107,28,[6 2],108,896,924,788,895
1,<environment.Job instance at 0x15177019ce10>,108,27,[8 2],109,909,936,800,907
1,<environment.Job instance at 0x15177019c8c0>,109,25,[10  2],110,936,961,826,932
1,<environment.Job instance at 0x15177019cc30>,110,3,[14  1],111,989,992,878,989
1,<environment.Job instance at 0x15177019c2d0>,111,25,[ 2 10],112,992,1017,880,989
1,<environment.Job instance at 0x15177019c0f0>,112,2,[ 1 10],113,1017,1019,904,992
1,<environment.Job instance at 0x1517377f81e0>,27,17,[ 1 14],28,1019,1036,991,1014
1,<environment.Job instance at 0x151775c9ffa0>,116,23,[7 1],117,1014,1037,897,1014
1,<environment.Job instance at 0x15177012a870>,117,19,[ 2 13],118,1036,1055,918,1027
1,<environment.Job instance at 0x15177012aa00>,118,2,[12  1],119,1037,1039,918,1030
1,<environment.Job instance at 0x15177012a7d0>,119,25,[ 2 14],120,1055,1080,935,1051
1,<environment.Job instance at 0x15177012aeb0>,120,22,[1 5],121,1080,1102,959,1073
1,<environment.Job instance at 0x15177012ab40>,121,19,[1 7],122,1080,1099,958,1075
1,<environment.Job instance at 0x151774b5b7d0>,123,28,[2 8],124,1099,1127,975,1098
1,<environment.Job instance at 0x151774b5b820>,124,12,[6 1],125,1099,1111,974,1099
1,<environment.Job instance at 0x15177019cd70>,114,15,[ 1 14],115,1137,1152,1022,1137
1,<environment.Job instance at 0x151774b5b050>,126,22,[ 1 13],127,1152,1174,1025,1145
1,<environment.Job instance at 0x151774ba75f0>,75,14,[ 2 14],76,1182,1196,1106,1182
1,<environment.Job instance at 0x151774b5bf50>,127,13,[ 2 11],128,1196,1209,1068,1183
1,<environment.Job instance at 0x151774b5b460>,129,24,[ 1 11],130,1209,1233,1079,1205
1,<environment.Job instance at 0x151774b5b5a0>,131,23,[11  1],132,1207,1230,1075,1207
1,<environment.Job instance at 0x151774b5b960>,132,19,[9 1],133,1230,1249,1097,1222
1,<environment.Job instance at 0x151774b5b870>,130,27,[ 1 12],131,1233,1260,1102,1231
1,<environment.Job instance at 0x151779320500>,137,26,[ 2 12],138,1260,1286,1122,1257
1,<environment.Job instance at 0x151779320410>,140,20,[9 1],141,1273,1293,1132,1273
1,<environment.Job instance at 0x15177a9a7730>,141,1,[ 2 13],142,1303,1304,1161,1303
1,<environment.Job instance at 0x15177a9a78c0>,142,22,[ 1 12],143,1304,1326,1161,1303
1,<environment.Job instance at 0x151779320780>,143,18,[ 1 14],144,1326,1344,1182,1322
1,<environment.Job instance at 0x151737673780>,144,28,[ 2 14],145,1344,1372,1199,1343
1,<environment.Job instance at 0x1517376735f0>,146,22,[ 1 14],147,1372,1394,1225,1366
1,<environment.Job instance at 0x151779320690>,136,12,[12  1],137,1403,1415,1266,1403
1,<environment.Job instance at 0x151774b5b370>,125,15,[ 2 13],126,1423,1438,1297,1423
1,<environment.Job instance at 0x151736f7a870>,66,13,[13  2],67,1426,1439,1359,1426
1,<environment.Job instance at 0x1517376d09b0>,88,16,[ 1 13],89,2029,2045,1940,2029
1,<environment.Job instance at 0x15173719e2d0>,0,23,[2 7],1,3,26,2,3
1,<environment.Job instance at 0x151776762f00>,5,23,[2 5],6,7,30,1,7
1,<environment.Job instance at 0x1517372f54b0>,3,26,[ 2 11],4,30,56,26,27
1,<environment.Job instance at 0x151776762370>,8,23,[14  1],9,56,79,47,50
1,<environment.Job instance at 0x1517701653c0>,10,22,[ 1 12],11,56,78,45,50
1,<environment.Job instance at 0x15173719e1e0>,1,19,[ 2 11],2,79,98,77,69
1,<environment.Job instance at 0x151770165870>,12,1,[ 1 14],13,78,79,65,70
1,<environment.Job instance at 0x15173756d690>,14,3,[ 2 13],15,98,101,83,95
1,<environment.Job instance at 0x15173756d870>,17,17,[13  2],18,97,114,79,97
1,<environment.Job instance at 0x1517376d09b0>,4,12,[11  2],5,114,126,109,113
1,<environment.Job instance at 0x15173756d910>,18,14,[12  2],19,126,140,107,122
1,<environment.Job instance at 0x15173756dd20>,20,28,[ 2 13],21,122,150,101,122
1,<environment.Job instance at 0x15177703bd70>,22,24,[13  1],23,140,164,117,135
1,<environment.Job instance at 0x15177703bb40>,21,23,[ 1 12],22,150,173,128,144
1,<environment.Job instance at 0x151774bbd410>,26,26,[ 2 10],27,173,199,146,170
1,<environment.Job instance at 0x15177cf68460>,29,21,[13  1],30,175,196,145,175
1,<environment.Job instance at 0x1517377d2870>,31,26,[1 9],32,199,225,167,196
1,<environment.Job instance at 0x15173759a960>,32,22,[ 1 14],33,225,247,192,221
1,<environment.Job instance at 0x15173759a140>,33,19,[8 1],34,225,244,191,225
1,<environment.Job instance at 0x151737568870>,28,24,[ 1 12],29,247,271,218,242
1,<environment.Job instance at 0x151737763780>,38,18,[8 2],39,260,278,221,260
1,<environment.Job instance at 0x1517766b5aa0>,35,25,[1 5],36,271,296,235,267
1,<environment.Job instance at 0x15173757c320>,40,25,[ 2 12],41,296,321,255,292
1,<environment.Job instance at 0x151776762af0>,7,14,[12  2],8,292,306,284,292
1,<environment.Job instance at 0x151737630dc0>,43,28,[12  2],44,306,334,262,305
1,<environment.Job instance at 0x1517701565a0>,46,24,[7 2],47,334,358,287,329
1,<environment.Job instance at 0x151770156960>,47,20,[ 1 11],48,330,350,282,330
1,<environment.Job instance at 0x1517375981e0>,45,1,[11  1],46,358,359,312,332
1,<environment.Job instance at 0x151770156c80>,48,1,[ 2 13],49,350,351,301,335
1,<environment.Job instance at 0x151770156fa0>,49,21,[ 1 13],50,351,372,301,343
1,<environment.Job instance at 0x151770156140>,51,2,[11  2],52,359,361,307,343
1,<environment.Job instance at 0x15173757f370>,54,2,[14  1],55,378,380,323,378
1,<environment.Job instance at 0x15173757f140>,55,3,[1 5],56,379,382,323,379
1,<environment.Job instance at 0x15173757f910>,56,22,[2 5],57,380,402,323,380
1,<environment.Job instance at 0x15173757f730>,57,20,[1 7],58,382,402,324,380
1,<environment.Job instance at 0x151770165af0>,11,2,[ 1 11],12,402,404,390,385
1,<environment.Job instance at 0x15173757f280>,60,25,[12  2],61,386,411,325,386
1,<environment.Job instance at 0x15173757fcd0>,62,27,[2 7],63,404,431,341,404
1,<environment.Job instance at 0x15173757f7d0>,59,24,[8 2],60,411,435,351,409
1,<environment.Job instance at 0x15173757c190>,39,16,[14  2],40,436,452,396,436
1,<environment.Job instance at 0x15173756d4b0>,15,14,[14  1],16,469,483,453,469
1,<environment.Job instance at 0x151770202640>,67,25,[2 8],68,483,508,415,479
1,<environment.Job instance at 0x1517702025f0>,68,28,[ 2 13],69,508,536,439,507
1,<environment.Job instance at 0x151737587140>,69,24,[6 1],70,514,538,444,514
1,<environment.Job instance at 0x151737587320>,71,13,[13  2],72,541,554,469,541
1,<environment.Job instance at 0x1517702c0320>,73,23,[14  1],74,554,577,480,549
1,<environment.Job instance at 0x151737529910>,74,24,[ 2 14],75,577,601,502,572
1,<environment.Job instance at 0x151737529a50>,76,26,[2 8],77,601,627,524,598
1,<environment.Job instance at 0x1517766c29b0>,78,3,[5 2],79,609,612,530,609
1,<environment.Job instance at 0x1517374fa780>,66,16,[ 1 12],67,635,651,568,635
1,<environment.Job instance at 0x1517766fd820>,81,23,[ 1 12],82,651,674,569,645
1,<environment.Job instance at 0x1517764c60f0>,83,28,[1 9],84,674,702,590,673
1,<environment.Job instance at 0x1517764c63c0>,84,13,[14  2],85,674,687,589,674
1,<environment.Job instance at 0x1517764c6370>,85,3,[13  1],86,687,690,601,679
1,<environment.Job instance at 0x1517764c6a50>,86,2,[14  1],87,690,692,603,680
1,<environment.Job instance at 0x1517764c6910>,87,22,[ 1 12],88,702,724,614,695
1,<environment.Job instance at 0x1517764c6050>,88,1,[11  2],89,695,696,606,695
1,<environment.Job instance at 0x1517764c6e60>,90,27,[11  1],91,701,728,610,701
1,<environment.Job instance at 0x1517764c60a0>,92,23,[12  2],93,728,751,635,722
1,<environment.Job instance at 0x1517764c6730>,93,2,[ 2 13],94,742,744,648,742
1,<environment.Job instance at 0x1517764c6820>,94,1,[ 1 12],95,745,746,650,745
1,<environment.Job instance at 0x1517764c6a00>,95,21,[ 1 10],96,746,767,650,745
1,<environment.Job instance at 0x1517764c6410>,96,1,[ 2 12],97,767,768,670,750
1,<environment.Job instance at 0x1517764c6320>,97,2,[2 6],98,768,770,670,753
1,<environment.Job instance at 0x15173757ff50>,63,14,[11  2],64,759,773,695,759
1,<environment.Job instance at 0x1517764c6dc0>,99,26,[11  1],100,773,799,673,770
1,<environment.Job instance at 0x1517701562d0>,50,16,[ 1 14],51,824,840,773,824
1,<environment.Job instance at 0x151776517730>,101,24,[ 1 11],102,840,864,738,836
1,<environment.Job instance at 0x1517764c68c0>,100,3,[ 1 12],101,864,867,763,840
1,<environment.Job instance at 0x151776517b40>,102,19,[ 1 11],103,867,886,764,863
1,<environment.Job instance at 0x151776517dc0>,104,24,[8 2],105,866,890,761,866
1,<environment.Job instance at 0x151776517190>,103,25,[ 1 14],104,890,915,786,886
1,<environment.Job instance at 0x1517764c6be0>,98,17,[ 1 12],99,920,937,821,920
1,<environment.Job instance at 0x151776517280>,108,22,[7 1],109,922,944,813,922
1,<environment.Job instance at 0x151776517500>,109,23,[8 1],110,937,960,827,931
1,<environment.Job instance at 0x151737254190>,110,1,[11  2],111,960,961,849,933
1,<environment.Job instance at 0x151776517c30>,105,14,[ 2 13],106,944,958,838,938
1,<environment.Job instance at 0x151737254550>,112,3,[ 1 11],113,958,961,845,953
1,<environment.Job instance at 0x151737254fa0>,115,1,[ 2 14],116,961,962,845,958
1,<environment.Job instance at 0x1517377f8370>,117,1,[ 1 10],118,962,963,844,958
1,<environment.Job instance at 0x1517377f8190>,118,22,[1 7],119,963,985,844,958
1,<environment.Job instance at 0x1517377f82d0>,119,27,[ 1 13],120,985,1012,865,983
1,<environment.Job instance at 0x1517377f81e0>,121,2,[ 2 12],122,1012,1014,890,993
1,<environment.Job instance at 0x1517377f8960>,122,22,[2 6],123,1014,1036,891,1007
1,<environment.Job instance at 0x151776517aa0>,107,3,[14  1],108,1036,1039,928,1023
1,<environment.Job instance at 0x1517377f8050>,124,25,[2 9],125,1039,1064,914,1035
1,<environment.Job instance at 0x1517377f85f0>,125,22,[11  1],126,1039,1061,913,1037
1,<environment.Job instance at 0x1517377f8eb0>,126,26,[ 2 11],127,1064,1090,937,1061
1,<environment.Job instance at 0x1517377f8320>,127,14,[12  1],128,1087,1101,959,1087
1,<environment.Job instance at 0x1517377f8820>,128,17,[13  1],129,1101,1118,972,1094
1,<environment.Job instance at 0x1517377f8be0>,116,17,[ 1 13],117,1094,1111,977,1094
1,<environment.Job instance at 0x1517377f83c0>,123,2,[ 2 12],124,1112,1114,988,1112
1,<environment.Job instance at 0x1517377f80a0>,130,21,[12  1],131,1118,1139,987,1113
1,<environment.Job instance at 0x1517372be190>,135,28,[ 2 12],136,1116,1144,980,1116
1,<environment.Job instance at 0x1517372beb40>,136,24,[10  2],137,1139,1163,1002,1137
1,<environment.Job instance at 0x1517372be370>,134,21,[14  2],135,1163,1184,1028,1155
1,<environment.Job instance at 0x1517372be500>,139,3,[ 2 14],140,1184,1187,1044,1165
1,<environment.Job instance at 0x1517372bec80>,140,21,[ 2 10],141,1187,1208,1046,1180
1,<environment.Job instance at 0x1517372bedc0>,141,19,[12  1],142,1184,1203,1042,1180
1,<environment.Job instance at 0x1517372bef00>,142,28,[ 2 14],143,1208,1236,1065,1207
1,<environment.Job instance at 0x1517372be910>,143,22,[ 1 12],144,1236,1258,1092,1229
1,<environment.Job instance at 0x1517372be230>,145,21,[ 1 14],146,1258,1279,1112,1250
1,<environment.Job instance at 0x151776513b90>,79,16,[ 2 14],80,1279,1295,1199,1275
1,<environment.Job instance at 0x1517372bec30>,133,14,[12  2],134,1305,1319,1171,1305
1,<environment.Job instance at 0x151774bfdbe0>,146,12,[13  2],148,1332,1344,1184,1332
1,<environment.Job instance at 0x1517702d5730>,65,3,[ 2 12],66,1421,1424,1355,1421
1,<environment.Job instance at 0x1517372be050>,137,13,[ 2 13],138,1497,1510,1359,1497
1,<environment.Job instance at 0x1517702b80f0>,1,27,[ 1 14],2,2,29,0,2
1,<environment.Job instance at 0x151737644eb0>,6,1,[ 1 14],7,29,30,22,10
1,<environment.Job instance at 0x151774bda230>,2,23,[11  1],3,13,36,10,13
1,<environment.Job instance at 0x15173765c5a0>,12,22,[10  2],13,36,58,23,29
1,<environment.Job instance at 0x15173765c050>,13,27,[ 1 13],14,30,57,16,29
1,<environment.Job instance at 0x15173765c460>,17,26,[12  1],18,58,84,40,55
1,<environment.Job instance at 0x15173765c690>,15,22,[ 1 13],16,58,80,42,58
1,<environment.Job instance at 0x15173765caa0>,19,21,[13  1],20,84,105,64,76
1,<environment.Job instance at 0x15173765cb90>,22,28,[14  2],23,105,133,82,104
1,<environment.Job instance at 0x15173765ccd0>,24,21,[1 8],25,122,143,97,122
1,<environment.Job instance at 0x15173765cc30>,23,21,[13  1],24,133,154,109,128
1,<environment.Job instance at 0x15173765c820>,28,27,[7 2],29,154,181,125,152
1,<environment.Job instance at 0x15173765c230>,10,19,[13  1],11,181,200,170,175
1,<environment.Job instance at 0x151737665140>,29,26,[12  1],30,200,226,170,197
1,<environment.Job instance at 0x151737665320>,31,26,[12  1],32,226,252,194,223
1,<environment.Job instance at 0x151737665460>,33,18,[1 5],34,223,241,189,223
1,<environment.Job instance at 0x1517376652d0>,30,3,[ 1 13],31,241,244,210,227
1,<environment.Job instance at 0x151737665690>,34,21,[14  1],35,252,273,217,244
1,<environment.Job instance at 0x15173765ce10>,26,20,[ 1 11],27,246,266,219,246
1,<environment.Job instance at 0x151737665730>,35,18,[ 1 11],36,266,284,230,262
1,<environment.Job instance at 0x151737665a50>,40,17,[11  1],41,273,290,232,266
1,<environment.Job instance at 0x1517376658c0>,42,21,[7 2],43,290,311,247,282
1,<environment.Job instance at 0x151737665aa0>,43,28,[7 1],44,290,318,246,289
1,<environment.Job instance at 0x151737665b40>,44,1,[9 2],45,318,319,273,293
1,<environment.Job instance at 0x1517376655f0>,37,1,[ 2 13],38,311,312,273,303
1,<environment.Job instance at 0x151737644f50>,7,15,[12  1],8,319,334,311,306
1,<environment.Job instance at 0x151737665c80>,46,25,[2 8],47,312,337,265,309
1,<environment.Job instance at 0x151737665d20>,45,20,[12  1],46,334,354,288,330
1,<environment.Job instance at 0x151737665f50>,49,1,[12  2],50,354,355,304,346
1,<environment.Job instance at 0x15173764e1e0>,52,21,[13  1],53,355,376,302,354
1,<environment.Job instance at 0x15173764e280>,53,23,[11  1],54,376,399,322,370
1,<environment.Job instance at 0x15173764e320>,54,26,[2 5],55,373,399,318,373
1,<environment.Job instance at 0x151737659690>,55,1,[13  2],56,400,401,344,400
1,<environment.Job instance at 0x151737659230>,56,28,[ 2 13],57,400,428,343,400
1,<environment.Job instance at 0x1517376782d0>,58,17,[11  1],59,404,421,345,404
1,<environment.Job instance at 0x151737665fa0>,48,15,[14  1],49,428,443,379,416
1,<environment.Job instance at 0x151737678f00>,59,2,[ 2 13],60,443,445,383,428
1,<environment.Job instance at 0x151737678fa0>,62,28,[ 1 13],63,445,473,382,444
1,<environment.Job instance at 0x151737678320>,63,24,[2 8],64,473,497,409,469
1,<environment.Job instance at 0x1517376789b0>,64,17,[11  1],65,470,487,405,470
1,<environment.Job instance at 0x151737665f00>,50,15,[14  1],51,497,512,446,484
1,<environment.Job instance at 0x151737678640>,65,22,[ 1 13],66,497,519,431,492
1,<environment.Job instance at 0x1517376785f0>,69,23,[10  1],70,512,535,442,507
1,<environment.Job instance at 0x151737678500>,66,21,[14  2],67,535,556,468,527
1,<environment.Job instance at 0x1517376781e0>,70,18,[13  2],71,556,574,485,550
1,<environment.Job instance at 0x1517376780a0>,73,22,[2 7],74,556,578,482,552
1,<environment.Job instance at 0x15173748de10>,74,22,[14  2],75,578,600,503,571
1,<environment.Job instance at 0x151737678690>,75,22,[ 2 13],76,600,622,524,595
1,<environment.Job instance at 0x151776c541e0>,79,27,[5 1],80,600,627,520,598
1,<environment.Job instance at 0x15173744ef50>,83,2,[6 2],84,622,624,538,615
1,<environment.Job instance at 0x15173744edc0>,84,23,[11  1],85,627,650,542,621
1,<environment.Job instance at 0x15173744ec30>,85,28,[9 2],86,650,678,564,649
1,<environment.Job instance at 0x151737048c80>,78,16,[11  2],79,680,696,601,680
1,<environment.Job instance at 0x15173744e870>,86,1,[ 1 12],87,684,685,597,684
1,<environment.Job instance at 0x1517374664b0>,88,26,[2 6],89,685,711,596,684
1,<environment.Job instance at 0x151737466500>,89,20,[11  2],90,696,716,606,688
1,<environment.Job instance at 0x151737466a00>,90,25,[ 2 14],91,716,741,625,712
1,<environment.Job instance at 0x151737466780>,92,28,[1 5],93,741,769,648,740
1,<environment.Job instance at 0x151737466be0>,93,25,[ 1 11],94,769,794,675,766
1,<environment.Job instance at 0x151737466d20>,94,28,[6 1],95,766,794,671,766
1,<environment.Job instance at 0x151737466dc0>,95,17,[7 1],96,787,804,691,787
1,<environment.Job instance at 0x151737466f00>,96,2,[9 1],97,804,806,707,791
1,<environment.Job instance at 0x151737466460>,97,20,[9 1],98,806,826,708,798
1,<environment.Job instance at 0x151737466cd0>,98,27,[14  2],99,826,853,727,824
1,<environment.Job instance at 0x151737466550>,99,3,[12  2],100,853,856,753,841
1,<environment.Job instance at 0x1517374665f0>,100,1,[8 1],101,856,857,755,846
1,<environment.Job instance at 0x151737466410>,101,18,[ 2 11],102,853,871,751,846
1,<environment.Job instance at 0x1517374667d0>,102,28,[14  2],103,871,899,768,870
1,<environment.Job instance at 0x151737466870>,103,16,[1 8],104,901,917,797,901
1,<environment.Job instance at 0x151737466690>,104,1,[ 2 13],105,917,918,812,909
1,<environment.Job instance at 0x151737466960>,105,24,[7 1],106,909,933,803,909
1,<environment.Job instance at 0x151737401230>,106,17,[14  1],107,933,950,826,927
1,<environment.Job instance at 0x151737466640>,108,21,[8 1],109,950,971,841,942
1,<environment.Job instance at 0x151737423140>,109,27,[ 2 11],110,950,977,840,948
1,<environment.Job instance at 0x151737423d70>,110,24,[7 2],111,971,995,860,966
1,<environment.Job instance at 0x1517374238c0>,111,28,[ 1 12],112,977,1005,865,976
1,<environment.Job instance at 0x151737442aa0>,112,28,[9 1],113,995,1023,882,994
1,<environment.Job instance at 0x151737442be0>,113,23,[1 8],114,1005,1028,891,999
1,<environment.Job instance at 0x151737411550>,114,25,[13  2],115,1023,1048,908,1019
1,<environment.Job instance at 0x151737442780>,115,21,[ 2 13],116,1028,1049,912,1026
1,<environment.Job instance at 0x151737442e60>,116,25,[10  1],117,1048,1073,931,1045
1,<environment.Job instance at 0x151737449960>,117,20,[ 1 10],118,1049,1069,931,1047
1,<environment.Job instance at 0x151737678370>,61,12,[12  1],62,1073,1085,1011,1067
1,<environment.Job instance at 0x151737449780>,120,25,[11  2],121,1085,1110,964,1081
1,<environment.Job instance at 0x151737449870>,122,21,[ 1 14],123,1110,1131,987,1102
1,<environment.Job instance at 0x15173744e370>,87,3,[11  1],88,1110,1113,1022,1106
1,<environment.Job instance at 0x15173765c190>,8,1,[12  2],9,1131,1132,1122,1115
1,<environment.Job instance at 0x151737449be0>,119,13,[ 2 11],120,1131,1144,1011,1124
1,<environment.Job instance at 0x1517374495f0>,129,1,[1 7],130,1144,1145,1014,1133
1,<environment.Job instance at 0x151737449c80>,125,18,[11  2],126,1143,1161,1017,1143
1,<environment.Job instance at 0x151737449d70>,131,16,[ 2 11],132,1151,1167,1019,1151
1,<environment.Job instance at 0x151737449370>,133,16,[1 6],134,1167,1183,1033,1167
1,<environment.Job instance at 0x1517374494b0>,135,21,[12  2],136,1168,1189,1032,1168
1,<environment.Job instance at 0x1517374497d0>,132,18,[12  1],133,1189,1207,1056,1181
1,<environment.Job instance at 0x151737666d20>,136,14,[ 1 12],137,1184,1198,1047,1184
1,<environment.Job instance at 0x151737666a00>,138,24,[11  1],139,1207,1231,1068,1202
1,<environment.Job instance at 0x151737666b90>,139,27,[8 1],140,1231,1258,1091,1229
1,<environment.Job instance at 0x151737666e60>,140,28,[13  2],141,1258,1286,1117,1257
1,<environment.Job instance at 0x151737449d20>,127,16,[ 2 11],128,1258,1274,1130,1258
1,<environment.Job instance at 0x151737666870>,141,24,[7 2],142,1286,1310,1144,1281
1,<environment.Job instance at 0x151737449190>,124,1,[ 2 13],125,1281,1282,1156,1281
1,<environment.Job instance at 0x1517376664b0>,146,21,[ 1 11],147,1283,1304,1136,1283
1,<environment.Job instance at 0x151737666410>,147,26,[ 1 10],148,1304,1330,1156,1301
1,<environment.Job instance at 0x15173741c550>,148,22,[5 2],149,1302,1324,1153,1302
1,<environment.Job instance at 0x151737666aa0>,143,1,[13  1],144,1324,1325,1180,1308
1,<environment.Job instance at 0x151737665820>,38,16,[ 2 13],39,1407,1423,1368,1407
1,<environment.Job instance at 0x151737666af0>,144,14,[11  2],145,1511,1525,1366,1511
1,<environment.Job instance at 0x151737442d70>,2,1,[13  1],3,3,4,0,3
1,<environment.Job instance at 0x151737442690>,4,25,[ 1 11],5,5,30,0,5
1,<environment.Job instance at 0x151737442410>,6,23,[14  2],7,7,30,0,7
1,<environment.Job instance at 0x151737442b90>,3,3,[14  1],4,31,34,27,31
1,<environment.Job instance at 0x1517374114b0>,9,3,[ 1 12],10,34,37,24,34
1,<environment.Job instance at 0x151737411aa0>,10,19,[14  2],11,34,53,23,34
1,<environment.Job instance at 0x151737411eb0>,12,17,[ 1 11],13,55,72,42,55
1,<environment.Job instance at 0x151737442a50>,0,16,[ 1 13],1,72,88,71,71
1,<environment.Job instance at 0x151737411dc0>,15,26,[13  2],16,71,97,55,71
1,<environment.Job instance at 0x151737411fa0>,14,18,[ 1 12],15,89,107,74,89
1,<environment.Job instance at 0x1517374115f0>,18,23,[6 2],19,97,120,78,97
1,<environment.Job instance at 0x151737411b40>,20,26,[14  2],21,120,146,99,117
1,<environment.Job instance at 0x1517374110a0>,23,20,[ 1 13],24,127,147,103,127
1,<environment.Job instance at 0x15173744e1e0>,24,1,[ 1 12],25,147,148,122,146
1,<environment.Job instance at 0x151737442a00>,1,18,[ 2 13],2,149,167,147,149
1,<environment.Job instance at 0x15173744e820>,27,21,[12  2],28,158,179,130,158
1,<environment.Job instance at 0x151737411be0>,13,15,[12  1],14,179,194,165,175
1,<environment.Job instance at 0x15173744ea50>,30,27,[5 2],31,194,221,163,193
1,<environment.Job instance at 0x15173744ec80>,32,20,[ 1 11],33,196,216,163,196
1,<environment.Job instance at 0x15173744e7d0>,25,1,[ 1 14],26,221,222,195,216
1,<environment.Job instance at 0x15173744e3c0>,34,19,[ 1 11],35,222,241,187,217
1,<environment.Job instance at 0x15173744e280>,35,17,[14  2],36,227,244,191,227
1,<environment.Job instance at 0x15173744e500>,37,18,[ 1 14],38,244,262,206,233
1,<environment.Job instance at 0x15173744ee10>,38,1,[2 6],39,262,263,223,243
1,<environment.Job instance at 0x15173744ecd0>,40,27,[12  1],41,248,275,207,248
1,<environment.Job instance at 0x15173744e9b0>,41,26,[14  1],42,275,301,233,272
1,<environment.Job instance at 0x15173744ed70>,42,2,[14  1],43,301,303,258,294
1,<environment.Job instance at 0x15173744ed20>,36,3,[12  1],37,303,306,266,301
1,<environment.Job instance at 0x151737430320>,43,18,[12  2],44,306,324,262,301
1,<environment.Job instance at 0x151737430a00>,45,3,[ 1 12],46,332,335,286,332
1,<environment.Job instance at 0x151737430c80>,46,21,[ 1 14],47,335,356,288,333
1,<environment.Job instance at 0x151737430e60>,47,22,[11  1],48,335,357,287,335
1,<environment.Job instance at 0x1517374301e0>,50,16,[12  2],51,370,386,319,370
1,<environment.Job instance at 0x15173744eb40>,33,2,[ 1 14],34,386,388,352,380
1,<environment.Job instance at 0x151737430640>,52,1,[2 6],53,380,381,327,380
1,<environment.Job instance at 0x151737430fa0>,54,23,[12  1],55,386,409,331,386
1,<environment.Job instance at 0x151737430460>,55,24,[ 2 13],56,388,412,332,386
1,<environment.Job instance at 0x1517374303c0>,56,2,[12  1],57,409,411,352,401
1,<environment.Job instance at 0x151737430780>,57,19,[12  1],58,411,430,353,407
1,<environment.Job instance at 0x151737430230>,60,1,[1 5],61,417,418,356,417
1,<environment.Job instance at 0x151737666af0>,61,28,[12  2],62,430,458,368,429
1,<environment.Job instance at 0x151737666370>,62,26,[2 8],63,429,455,366,429
1,<environment.Job instance at 0x151737666be0>,65,28,[1 5],66,445,473,379,445
1,<environment.Job instance at 0x151737430f50>,53,14,[12  2],54,462,476,408,462
1,<environment.Job instance at 0x151737666960>,67,20,[6 1],68,476,496,408,470
1,<environment.Job instance at 0x1517376668c0>,68,1,[ 1 12],69,488,489,419,488
1,<environment.Job instance at 0x15173746a140>,69,3,[ 1 11],70,492,495,422,492
1,<environment.Job instance at 0x15173746afa0>,70,20,[14  1],71,496,516,425,493
1,<environment.Job instance at 0x1517376660a0>,66,1,[ 2 11],67,516,517,449,499
1,<environment.Job instance at 0x1517374111e0>,16,12,[ 2 14],17,517,529,500,515
1,<environment.Job instance at 0x15173746af00>,74,2,[ 1 12],75,529,531,454,519
1,<environment.Job instance at 0x15173746a280>,73,3,[ 1 14],74,534,537,460,534
1,<environment.Job instance at 0x15173746a690>,77,25,[ 1 12],78,537,562,459,535
1,<environment.Job instance at 0x15173746ae10>,78,2,[14  1],79,542,544,463,542
1,<environment.Job instance at 0x15173746ac80>,79,23,[11  1],80,544,567,464,542
1,<environment.Job instance at 0x15173746a190>,80,27,[14  2],81,567,594,486,566
1,<environment.Job instance at 0x15173746acd0>,81,25,[ 2 13],82,594,619,512,590
1,<environment.Job instance at 0x15173746a2d0>,82,28,[5 2],83,594,622,511,594
1,<environment.Job instance at 0x15173746a640>,76,12,[ 1 13],77,628,640,551,628
1,<environment.Job instance at 0x1517374300f0>,44,2,[12  1],45,636,638,591,636
1,<environment.Job instance at 0x15173746a5f0>,85,25,[ 2 14],86,640,665,554,636
1,<environment.Job instance at 0x15173741c6e0>,86,26,[ 2 11],87,665,691,578,662
1,<environment.Job instance at 0x15173741c8c0>,88,28,[12  1],89,664,692,575,664
1,<environment.Job instance at 0x15173741cd70>,90,26,[ 1 13],91,691,717,600,688
1,<environment.Job instance at 0x15173746ac30>,83,13,[14  2],84,692,705,608,689
1,<environment.Job instance at 0x15173741cd20>,94,19,[6 2],95,705,724,610,695
1,<environment.Job instance at 0x15173741c230>,96,20,[ 1 13],97,717,737,620,712
1,<environment.Job instance at 0x15173741c0a0>,97,3,[13  1],98,724,727,626,719
1,<environment.Job instance at 0x15173741c280>,98,1,[7 1],99,727,728,628,719
1,<environment.Job instance at 0x15173741c640>,99,19,[7 1],100,727,746,627,719
1,<environment.Job instance at 0x15173741caf0>,100,25,[5 1],101,728,753,627,725
1,<environment.Job instance at 0x15173764f500>,101,24,[ 2 10],102,737,761,635,732
1,<environment.Job instance at 0x15173764f0f0>,102,27,[ 1 10],103,761,788,658,759
1,<environment.Job instance at 0x15173764faf0>,103,2,[6 1],104,765,767,661,765
1,<environment.Job instance at 0x15173764f1e0>,105,27,[6 1],106,765,792,659,765
1,<environment.Job instance at 0x15173764f7d0>,107,1,[ 2 12],108,788,789,680,784
1,<environment.Job instance at 0x15173764f370>,108,25,[ 1 13],109,789,814,680,785
1,<environment.Job instance at 0x15173746aa00>,84,2,[11  1],85,800,802,715,800
1,<environment.Job instance at 0x15173764f5f0>,110,27,[ 1 12],111,814,841,703,812
1,<environment.Job instance at 0x15173764f690>,111,13,[ 2 14],112,843,856,731,843
1,<environment.Job instance at 0x15173764f6e0>,112,20,[2 7],113,856,876,743,849
1,<environment.Job instance at 0x15173764f050>,113,21,[13  1],114,859,880,745,859
1,<environment.Job instance at 0x15173764f4b0>,115,23,[11  1],116,880,903,764,874
1,<environment.Job instance at 0x151737449fa0>,116,18,[ 1 13],117,876,894,759,874
1,<environment.Job instance at 0x151737449f50>,117,21,[ 1 12],118,894,915,776,887
1,<environment.Job instance at 0x151737449e60>,118,27,[ 1 14],119,915,942,796,913
1,<environment.Job instance at 0x151737453780>,119,3,[ 1 13],120,942,945,822,942
1,<environment.Job instance at 0x151737453be0>,120,25,[ 2 10],121,945,970,824,942
1,<environment.Job instance at 0x1517374530a0>,121,26,[14  1],122,970,996,848,967
1,<environment.Job instance at 0x151737453320>,124,18,[12  2],125,1009,1027,884,1009
1,<environment.Job instance at 0x151737453410>,127,23,[8 2],128,1027,1050,899,1021
1,<environment.Job instance at 0x15173741cc30>,91,3,[ 2 11],92,1035,1038,943,1035
1,<environment.Job instance at 0x1517702497d0>,129,1,[11  2],130,1050,1051,920,1035
1,<environment.Job instance at 0x151770249190>,130,23,[14  2],131,1051,1074,920,1045
1,<environment.Job instance at 0x15173746aaf0>,71,15,[ 1 12],72,1059,1074,987,1059
1,<environment.Job instance at 0x151770249be0>,135,26,[6 2],136,1074,1100,938,1074
1,<environment.Job instance at 0x151770249af0>,136,22,[2 8],137,1077,1099,940,1077
1,<environment.Job instance at 0x151737678dc0>,138,18,[2 5],139,1084,1102,945,1084
1,<environment.Job instance at 0x151737678c80>,139,24,[9 1],140,1100,1124,960,1095
1,<environment.Job instance at 0x151737678140>,140,20,[6 2],141,1102,1122,961,1099
1,<environment.Job instance at 0x151737678af0>,141,20,[14  2],142,1124,1144,982,1115
1,<environment.Job instance at 0x151737678e60>,142,27,[1 7],143,1122,1149,979,1120
1,<environment.Job instance at 0x1517376788c0>,144,3,[12  2],145,1146,1149,1001,1146
1,<environment.Job instance at 0x151737093f50>,145,27,[ 1 13],147,1149,1176,1002,1147
1,<environment.Job instance at 0x151737453cd0>,128,15,[13  1],129,1158,1173,1029,1158
1,<environment.Job instance at 0x151770249780>,137,15,[ 1 12],138,1183,1198,1045,1183
1,<environment.Job instance at 0x151737411960>,7,1,[12  1],8,1241,1242,1233,1241
1,<environment.Job instance at 0x15173764f640>,109,12,[ 1 12],110,2397,2409,2287,2397
1,<environment.Job instance at 0x151776caf870>,0,22,[1 7],1,1,23,0,1
1,<environment.Job instance at 0x151776caf820>,2,21,[1 7],3,5,26,2,5
1,<environment.Job instance at 0x151777007d20>,6,24,[5 1],7,7,31,0,7
1,<environment.Job instance at 0x1517770075f0>,10,23,[ 1 12],11,26,49,15,20
1,<environment.Job instance at 0x151777007c30>,12,25,[12  1],13,34,59,21,34
1,<environment.Job instance at 0x151777007870>,7,24,[1 8],8,49,73,41,46
1,<environment.Job instance at 0x15177ba4db40>,16,20,[10  1],17,59,79,42,53
1,<environment.Job instance at 0x15177ba4d280>,17,27,[2 8],18,73,100,55,72
1,<environment.Job instance at 0x15177ba4d550>,19,24,[10  2],20,79,103,59,74
1,<environment.Job instance at 0x15177ba4d320>,14,27,[12  1],15,103,130,88,101
1,<environment.Job instance at 0x151777007730>,9,27,[ 2 11],10,101,128,91,101
1,<environment.Job instance at 0x15177ba4d730>,21,2,[ 1 12],22,128,130,106,110
1,<environment.Job instance at 0x15177ba4d140>,25,19,[12  2],26,130,149,104,122
1,<environment.Job instance at 0x151776caf410>,1,19,[ 1 13],2,130,149,128,128
1,<environment.Job instance at 0x15177ba4d3c0>,26,2,[12  2],27,149,151,122,134
1,<environment.Job instance at 0x151736f0aa00>,30,25,[ 1 14],31,151,176,120,148
1,<environment.Job instance at 0x151736f0a5a0>,29,26,[10  1],30,151,177,121,148
1,<environment.Job instance at 0x151736f0ad70>,31,23,[12  1],32,177,200,145,173
1,<environment.Job instance at 0x151736f0ae60>,32,27,[ 1 13],33,176,203,143,174
1,<environment.Job instance at 0x151736f0ab90>,33,19,[13  1],34,200,219,166,192
1,<environment.Job instance at 0x151736f0a690>,34,14,[13  2],35,219,233,184,209
1,<environment.Job instance at 0x151736f0a4b0>,36,23,[1 8],37,209,232,172,209
1,<environment.Job instance at 0x151736f0a0f0>,38,24,[ 2 14],39,233,257,194,228
1,<environment.Job instance at 0x151736f0af50>,39,21,[14  2],40,257,278,217,249
1,<environment.Job instance at 0x151736f0a1e0>,41,21,[14  2],42,278,299,236,275
1,<environment.Job instance at 0x15177ba4dcd0>,22,17,[11  2],23,299,316,276,294
1,<environment.Job instance at 0x15177ba4d460>,20,14,[ 1 13],21,302,316,281,302
1,<environment.Job instance at 0x151736f0adc0>,44,28,[ 1 12],45,316,344,271,315
1,<environment.Job instance at 0x15177701d7d0>,45,26,[14  1],46,316,342,270,316
1,<environment.Job instance at 0x15177701d730>,47,18,[ 2 10],48,344,362,296,341
1,<environment.Job instance at 0x15177701d140>,48,2,[5 2],49,342,344,293,342
1,<environment.Job instance at 0x151736f0a460>,43,1,[ 1 11],44,362,363,318,347
1,<environment.Job instance at 0x1517702cb5f0>,51,25,[8 1],52,360,385,308,360
1,<environment.Job instance at 0x1517702cbf00>,52,26,[ 1 11],53,363,389,310,360
1,<environment.Job instance at 0x151737265780>,53,24,[11  1],54,385,409,331,380
1,<environment.Job instance at 0x1517372651e0>,56,28,[7 2],57,409,437,352,408
1,<environment.Job instance at 0x151737265a00>,58,22,[ 1 11],59,408,430,349,408
1,<environment.Job instance at 0x1517372652d0>,60,28,[1 6],61,430,458,369,429
1,<environment.Job instance at 0x151737265050>,61,23,[13  2],62,437,460,375,431
1,<environment.Job instance at 0x151737265230>,63,27,[1 6],64,431,458,367,431
1,<environment.Job instance at 0x151736f0a320>,35,16,[14  2],36,460,476,424,449
1,<environment.Job instance at 0x1517372658c0>,65,22,[12  1],66,476,498,410,469
1,<environment.Job instance at 0x1517372654b0>,66,21,[12  2],67,498,519,431,490
1,<environment.Job instance at 0x1517376ba4b0>,68,24,[9 1],69,519,543,450,514
1,<environment.Job instance at 0x151737265c30>,64,2,[12  2],65,543,545,478,527
1,<environment.Job instance at 0x1517376baa00>,71,1,[13  2],72,545,546,473,534
1,<environment.Job instance at 0x1517376ba960>,70,3,[12  1],71,546,549,475,543
1,<environment.Job instance at 0x1517376ba370>,72,26,[5 2],73,549,575,476,547
1,<environment.Job instance at 0x1517376bab90>,75,21,[6 2],76,555,576,479,555
1,<environment.Job instance at 0x1517376badc0>,76,2,[9 2],77,575,577,498,570
1,<environment.Job instance at 0x151737035460>,77,22,[12  1],78,577,599,499,570
1,<environment.Job instance at 0x151737035280>,78,27,[1 7],79,576,603,497,574
1,<environment.Job instance at 0x151737035320>,79,25,[7 2],80,599,624,519,596
1,<environment.Job instance at 0x1517370354b0>,80,24,[ 1 11],81,603,627,522,598
1,<environment.Job instance at 0x151737035aa0>,82,28,[ 2 12],83,627,655,544,626
1,<environment.Job instance at 0x151737035370>,83,19,[11  2],84,637,656,553,637
1,<environment.Job instance at 0x151737035af0>,84,24,[10  2],85,656,680,571,651
1,<environment.Job instance at 0x15177701d960>,49,15,[ 2 11],50,663,678,613,663
1,<environment.Job instance at 0x151737035a00>,86,19,[14  1],87,680,699,593,676
1,<environment.Job instance at 0x151737035c30>,87,3,[ 2 11],88,699,702,611,697
1,<environment.Job instance at 0x151737035f50>,88,26,[1 5],89,702,728,613,699
1,<environment.Job instance at 0x151737035f00>,89,23,[ 2 13],90,728,751,638,722
1,<environment.Job instance at 0x151776c12550>,90,2,[14  1],91,725,727,634,725
1,<environment.Job instance at 0x151776c12b90>,91,2,[13  1],92,743,745,651,743
1,<environment.Job instance at 0x151776c127d0>,92,17,[9 1],93,745,762,652,743
1,<environment.Job instance at 0x151776c12410>,93,28,[12  2],94,762,790,668,761
1,<environment.Job instance at 0x151776c12460>,94,18,[ 2 11],95,768,786,673,768
1,<environment.Job instance at 0x1517376ba5f0>,73,15,[11  2],74,791,806,717,791
1,<environment.Job instance at 0x151776c123c0>,97,20,[7 2],98,806,826,708,799
1,<environment.Job instance at 0x151776c12fa0>,98,25,[ 1 13],99,799,824,700,799
1,<environment.Job instance at 0x151736f0a370>,42,15,[ 2 13],43,824,839,781,812
1,<environment.Job instance at 0x15177b9d6820>,102,3,[10  1],103,826,829,723,815
1,<environment.Job instance at 0x15177b9d6c80>,103,28,[2 8],104,839,867,735,838
1,<environment.Job instance at 0x15177b9d61e0>,104,26,[14  1],105,867,893,762,864
1,<environment.Job instance at 0x15177b9d6050>,106,2,[ 2 11],107,893,895,786,868
1,<environment.Job instance at 0x15177b9d6410>,107,1,[14  1],108,895,896,787,883
1,<environment.Job instance at 0x15177b9d6e60>,109,26,[ 1 14],110,895,921,785,892
1,<environment.Job instance at 0x15177b9d60a0>,111,27,[13  1],112,896,923,784,894
1,<environment.Job instance at 0x15177b9d6cd0>,112,3,[5 2],113,923,926,810,897
1,<environment.Job instance at 0x1517377401e0>,114,1,[7 2],115,923,924,808,900
1,<environment.Job instance at 0x15177b9d63c0>,108,1,[13  1],109,928,929,819,928
1,<environment.Job instance at 0x151737740e10>,117,3,[14  1],118,930,933,812,930
1,<environment.Job instance at 0x1517377406e0>,119,22,[11  2],120,933,955,813,930
1,<environment.Job instance at 0x1517377409b0>,120,27,[2 9],121,933,960,812,931
1,<environment.Job instance at 0x15177ba4d9b0>,24,2,[11  1],25,955,957,930,947
1,<environment.Job instance at 0x151737740640>,122,27,[ 1 10],123,960,987,837,958
1,<environment.Job instance at 0x151776c12aa0>,95,13,[ 2 11],96,987,1000,891,973
1,<environment.Job instance at 0x151737740a00>,124,3,[ 1 13],125,1000,1003,875,975
1,<environment.Job instance at 0x1517766eb140>,125,27,[7 1],126,975,1002,849,975
1,<environment.Job instance at 0x1517766ebaa0>,126,1,[13  1],127,1002,1003,875,1002
1,<environment.Job instance at 0x151737740820>,121,14,[11  2],122,1003,1017,881,1002
1,<environment.Job instance at 0x151737422b90>,128,23,[ 2 11],129,1003,1026,874,1002
1,<environment.Job instance at 0x1517374728c0>,130,21,[12  2],131,1017,1038,886,1009
1,<environment.Job instance at 0x1517766eb230>,127,13,[12  1],128,1038,1051,910,1022
1,<environment.Job instance at 0x15177020e960>,132,13,[6 2],133,1051,1064,918,1035
1,<environment.Job instance at 0x151737472730>,133,25,[1 6],134,1036,1061,902,1036
1,<environment.Job instance at 0x1517702d52d0>,134,26,[6 1],135,1051,1077,916,1048
1,<environment.Job instance at 0x1517374725a0>,135,26,[1 8],136,1061,1087,925,1058
1,<environment.Job instance at 0x15177662dfa0>,136,20,[7 2],137,1064,1084,927,1061
1,<environment.Job instance at 0x1517767f96e0>,137,2,[10  2],138,1084,1086,946,1063
1,<environment.Job instance at 0x1517374729b0>,131,3,[ 1 14],132,1087,1090,955,1078
1,<environment.Job instance at 0x15177c8bfc30>,140,23,[12  1],141,1086,1109,945,1081
1,<environment.Job instance at 0x151737740d70>,118,13,[ 2 12],119,1090,1103,971,1090
1,<environment.Job instance at 0x1517702cfe10>,143,24,[ 1 14],144,1103,1127,959,1101
1,<environment.Job instance at 0x1517702cfaf0>,144,28,[13  2],145,1127,1155,982,1126
1,<environment.Job instance at 0x151737035d70>,85,12,[13  2],86,1155,1167,1069,1145
1,<environment.Job instance at 0x151737039f50>,146,22,[ 2 13],147,1146,1168,999,1146
1,<environment.Job instance at 0x1517370393c0>,147,26,[11  1],148,1167,1193,1019,1164
1,<environment.Job instance at 0x151737411190>,139,18,[ 2 14],140,1183,1201,1043,1183
1,<environment.Job instance at 0x1517370395a0>,145,19,[11  2],146,1201,1220,1055,1200
1,<environment.Job instance at 0x151737077690>,148,12,[ 2 11],149,1539,1551,1390,1539
1,<environment.Job instance at 0x1517374115f0>,141,15,[ 1 12],142,1617,1632,1475,1617
1,<environment.Job instance at 0x1517377402d0>,123,17,[ 2 14],124,1696,1713,1572,1696
1,<environment.Job instance at 0x15177ba42d20>,0,16,[2 7],1,2,18,1,2
1,<environment.Job instance at 0x15177ba42b90>,2,28,[12  2],3,3,31,0,3
1,<environment.Job instance at 0x15177671bf00>,9,21,[13  2],10,31,52,21,24
1,<environment.Job instance at 0x15177671b3c0>,12,26,[2 6],13,26,52,13,26
1,<environment.Job instance at 0x1517767065a0>,8,28,[10  1],9,52,80,43,51
1,<environment.Job instance at 0x15177671b320>,11,27,[2 5],12,52,79,40,51
1,<environment.Job instance at 0x15177671b1e0>,15,28,[ 2 13],16,79,107,63,78
1,<environment.Job instance at 0x15177671b960>,17,21,[11  1],18,98,119,80,98
1,<environment.Job instance at 0x15177671b780>,16,27,[ 2 13],17,107,134,90,105
1,<environment.Job instance at 0x15177671b500>,18,18,[5 2],19,119,137,100,108
1,<environment.Job instance at 0x151776742960>,19,2,[14  2],20,137,139,117,132
1,<environment.Job instance at 0x151776742d20>,21,27,[ 1 11],22,134,161,112,132
1,<environment.Job instance at 0x15177671bfa0>,20,15,[13  1],21,143,158,122,143
1,<environment.Job instance at 0x151776742a00>,25,25,[11  1],26,158,183,132,155
1,<environment.Job instance at 0x151776742e60>,27,17,[ 2 12],28,178,195,150,178
1,<environment.Job instance at 0x1517701f7be0>,29,28,[2 5],30,195,223,165,195
1,<environment.Job instance at 0x151776742b90>,22,16,[12  2],23,203,219,180,203
1,<environment.Job instance at 0x151770060230>,31,27,[ 2 14],32,223,250,191,221
1,<environment.Job instance at 0x15177b058af0>,32,28,[14  1],33,250,278,217,249
1,<environment.Job instance at 0x151776742be0>,24,23,[ 2 14],25,290,313,265,290
1,<environment.Job instance at 0x1517701ed9b0>,34,13,[12  1],35,293,306,258,293
1,<environment.Job instance at 0x151770196820>,38,28,[8 1],39,306,334,267,305
1,<environment.Job instance at 0x151770196690>,37,22,[ 2 11],38,313,335,275,306
1,<environment.Job instance at 0x15177b080410>,40,24,[ 2 11],41,335,359,294,330
1,<environment.Job instance at 0x1517701f7f50>,30,13,[ 1 11],31,359,372,328,359
1,<environment.Job instance at 0x15177671bd20>,13,14,[11  2],14,359,373,345,359
1,<environment.Job instance at 0x1517765d0190>,47,19,[ 2 11],48,372,391,324,363
1,<environment.Job instance at 0x15177b067fa0>,46,19,[10  1],47,373,392,326,363
1,<environment.Job instance at 0x1517765f0910>,43,18,[ 1 11],44,391,409,347,383
1,<environment.Job instance at 0x15177b07a870>,56,17,[ 1 13],57,409,426,352,400
1,<environment.Job instance at 0x15177b07ab90>,57,22,[13  1],58,403,425,345,403
1,<environment.Job instance at 0x1517765dba00>,49,2,[13  1],50,425,427,375,411
1,<environment.Job instance at 0x1517765dbb40>,48,15,[12  2],49,427,442,378,415
1,<environment.Job instance at 0x1517765dd910>,61,28,[13  1],62,442,470,380,441
1,<environment.Job instance at 0x1517765dd230>,62,20,[14  2],63,470,490,407,464
1,<environment.Job instance at 0x1517765dd9b0>,63,23,[10  1],64,490,513,426,484
1,<environment.Job instance at 0x1517765dd780>,64,20,[ 2 10],65,490,510,425,486
1,<environment.Job instance at 0x1517765dd3c0>,59,3,[12  1],60,513,516,453,506
1,<environment.Job instance at 0x1517765dd2d0>,68,26,[12  2],69,516,542,447,513
1,<environment.Job instance at 0x1517701e4780>,74,28,[6 2],75,542,570,467,541
1,<environment.Job instance at 0x1517701e4820>,75,28,[1 7],76,542,570,466,542
1,<environment.Job instance at 0x1517701e48c0>,76,21,[ 1 11],77,570,591,493,563
1,<environment.Job instance at 0x1517701e4960>,77,3,[ 2 11],78,591,594,513,568
1,<environment.Job instance at 0x1517701e4aa0>,80,20,[5 2],81,584,604,503,584
1,<environment.Job instance at 0x1517701e4b90>,82,21,[ 1 14],83,604,625,521,599
1,<environment.Job instance at 0x1517765ddaf0>,67,2,[ 1 14],68,625,627,557,599
1,<environment.Job instance at 0x1517765dd870>,60,3,[ 1 12],61,599,602,538,599
1,<environment.Job instance at 0x1517701e4eb0>,86,23,[7 1],87,600,623,513,600
1,<environment.Job instance at 0x1517701e30a0>,88,24,[13  1],89,623,647,534,620
1,<environment.Job instance at 0x1517701e3190>,90,23,[ 1 10],91,627,650,536,621
1,<environment.Job instance at 0x1517701e30f0>,89,28,[6 1],90,647,675,557,646
1,<environment.Job instance at 0x1517701e3410>,94,19,[ 1 13],95,650,669,555,649
1,<environment.Job instance at 0x1517701e3370>,93,19,[ 1 13],94,669,688,575,669
1,<environment.Job instance at 0x1517701e4cd0>,83,19,[ 1 13],84,688,707,604,683
1,<environment.Job instance at 0x1517701e3870>,99,17,[13  1],100,699,716,599,699
1,<environment.Job instance at 0x1517701e39b0>,98,2,[ 1 14],99,707,709,608,703
1,<environment.Job instance at 0x1517701e3550>,101,28,[11  2],102,716,744,614,715
1,<environment.Job instance at 0x1517701e36e0>,95,18,[ 1 12],96,730,748,634,730
1,<environment.Job instance at 0x1517701e3a50>,103,28,[ 2 11],104,748,776,644,747
1,<environment.Job instance at 0x1517701e3d70>,105,23,[10  2],106,748,771,642,748
1,<environment.Job instance at 0x1517701e3dc0>,106,28,[ 2 12],107,776,804,669,775
1,<environment.Job instance at 0x1517701e3d20>,107,2,[10  1],108,779,781,671,779
1,<environment.Job instance at 0x1517701e3690>,102,13,[14  1],103,804,817,701,788
1,<environment.Job instance at 0x1517701e3f00>,109,23,[ 1 11],110,804,827,694,799
1,<environment.Job instance at 0x1517701e3f50>,110,18,[11  2],111,817,835,706,817
1,<environment.Job instance at 0x151776663960>,1,17,[ 2 13],2,827,844,825,826
1,<environment.Job instance at 0x1517701e3960>,100,14,[11  1],101,835,849,734,831
1,<environment.Job instance at 0x1517701d45a0>,116,21,[ 1 12],117,851,872,734,851
1,<environment.Job instance at 0x1517701d4550>,117,23,[2 6],118,872,895,754,866
1,<environment.Job instance at 0x1517701d46e0>,118,20,[8 2],119,866,886,747,866
1,<environment.Job instance at 0x1517701d4640>,119,27,[1 9],120,886,913,766,884
1,<environment.Job instance at 0x1517701d4730>,120,27,[ 1 11],121,913,940,792,911
1,<environment.Job instance at 0x1517701d4280>,111,1,[11  1],112,919,920,807,919
1,<environment.Job instance at 0x1517701d4870>,122,20,[13  1],123,920,940,797,919
1,<environment.Job instance at 0x1517701d48c0>,121,15,[9 1],122,940,955,818,931
1,<environment.Job instance at 0x1517701d4aa0>,124,18,[8 1],125,955,973,830,945
1,<environment.Job instance at 0x1517701d4a00>,125,24,[5 1],126,945,969,819,945
1,<environment.Job instance at 0x1517701d4960>,126,24,[1 8],127,946,970,819,946
1,<environment.Job instance at 0x1517701d42d0>,113,2,[11  2],114,973,975,859,963
1,<environment.Job instance at 0x1517701d4c80>,130,21,[ 1 14],131,975,996,844,967
1,<environment.Job instance at 0x1517701d4780>,123,1,[ 2 12],124,996,997,872,994
1,<environment.Job instance at 0x1517701d4d20>,129,3,[ 2 11],130,997,1000,867,997
1,<environment.Job instance at 0x1517701d4dc0>,132,19,[13  1],133,997,1016,864,997
1,<environment.Job instance at 0x1517701d4fa0>,133,21,[ 2 12],134,1000,1021,866,997
1,<environment.Job instance at 0x1517701d40f0>,112,18,[ 1 13],113,1021,1039,908,1020
1,<environment.Job instance at 0x1517701ea230>,136,25,[12  2],137,1020,1045,883,1020
1,<environment.Job instance at 0x1517701ea460>,137,24,[10  2],138,1045,1069,907,1040
1,<environment.Job instance at 0x1517701ea1e0>,138,25,[7 2],139,1069,1094,930,1065
1,<environment.Job instance at 0x1517701d4e10>,131,12,[11  1],132,1094,1106,962,1084
1,<environment.Job instance at 0x1517701ea410>,139,18,[13  1],140,1106,1124,966,1102
1,<environment.Job instance at 0x1517701ea0f0>,140,2,[11  2],141,1124,1126,983,1112
1,<environment.Job instance at 0x1517701ea550>,142,1,[14  1],143,1134,1135,991,1134
1,<environment.Job instance at 0x1517701ea870>,143,15,[11  2],144,1140,1155,996,1140
1,<environment.Job instance at 0x15177b07ae10>,54,15,[13  1],55,1155,1170,1100,1141
1,<environment.Job instance at 0x1517701eaa00>,144,3,[ 1 11],145,1149,1152,1004,1149
1,<environment.Job instance at 0x1517701ea190>,135,3,[13  2],136,1190,1193,1054,1190
1,<environment.Job instance at 0x1517701ea0a0>,134,13,[ 2 14],135,1219,1232,1084,1219
1,<environment.Job instance at 0x1517701eaaa0>,145,2,[12  1],146,1242,1244,1096,1242
1,<environment.Job instance at 0x1517701d8910>,1,21,[10  1],2,2,23,0,2
1,<environment.Job instance at 0x1517701eaaa0>,3,21,[ 1 11],4,4,25,0,4
1,<environment.Job instance at 0x151736fbe050>,10,28,[5 2],11,23,51,12,22
1,<environment.Job instance at 0x151736fbe7d0>,7,20,[ 2 12],8,25,45,17,25
1,<environment.Job instance at 0x1517377168c0>,13,25,[13  2],14,51,76,37,47
1,<environment.Job instance at 0x151737716c80>,16,24,[1 8],17,48,72,31,48
1,<environment.Job instance at 0x151737716460>,17,23,[ 1 12],18,72,95,54,68
1,<environment.Job instance at 0x1517701d89b0>,0,19,[14  2],1,76,95,75,74
1,<environment.Job instance at 0x151736fbe2d0>,12,2,[14  2],13,95,97,82,93
1,<environment.Job instance at 0x1517377169b0>,23,22,[ 1 13],24,95,117,71,93
1,<environment.Job instance at 0x151737716870>,26,20,[8 2],27,103,123,76,103
1,<environment.Job instance at 0x151737716c30>,27,1,[ 2 10],28,117,118,89,105
1,<environment.Job instance at 0x151737716e60>,28,24,[ 2 12],29,118,142,89,113
1,<environment.Job instance at 0x1517377160f0>,29,24,[14  1],30,142,166,112,137
1,<environment.Job instance at 0x151737716be0>,32,14,[11  1],33,166,180,133,157
1,<environment.Job instance at 0x151736fc67d0>,34,24,[2 7],35,166,190,131,161
1,<environment.Job instance at 0x151736fc66e0>,35,25,[2 6],36,166,191,130,162
1,<environment.Job instance at 0x151736fc6e60>,37,14,[14  1],38,196,210,158,196
1,<environment.Job instance at 0x151736fc6eb0>,38,16,[11  1],39,210,226,171,199
1,<environment.Job instance at 0x151736fc60f0>,39,20,[14  2],40,226,246,186,220
1,<environment.Job instance at 0x151736fc69b0>,40,2,[13  1],41,246,248,205,238
1,<environment.Job instance at 0x151736fc64b0>,41,1,[11  1],42,254,255,212,254
1,<environment.Job instance at 0x151736fc60a0>,42,2,[11  1],43,259,261,216,259
1,<environment.Job instance at 0x151736fc6cd0>,43,21,[8 2],44,261,282,217,259
1,<environment.Job instance at 0x151736fc6dc0>,44,2,[12  2],45,282,284,237,260
1,<environment.Job instance at 0x151736fc6050>,45,18,[ 1 14],46,284,302,238,277
1,<environment.Job instance at 0x151737716500>,18,13,[ 2 12],19,304,317,285,304
1,<environment.Job instance at 0x151736fc6820>,48,17,[ 1 11],49,342,359,293,342
1,<environment.Job instance at 0x151736fc6500>,49,3,[11  2],50,344,347,294,344
1,<environment.Job instance at 0x151736fc6690>,50,23,[ 1 13],51,359,382,308,353
1,<environment.Job instance at 0x151736fc6960>,51,24,[1 8],52,382,406,330,377
1,<environment.Job instance at 0x151736ff7fa0>,53,20,[2 9],54,406,426,352,397
1,<environment.Job instance at 0x151736ff7eb0>,54,3,[5 2],55,402,405,347,402
1,<environment.Job instance at 0x151736ff7e60>,55,3,[ 2 11],56,426,429,370,405
1,<environment.Job instance at 0x151736ff7d70>,56,2,[ 2 12],57,429,431,372,407
1,<environment.Job instance at 0x151736ff75a0>,57,25,[13  1],58,407,432,349,407
1,<environment.Job instance at 0x151736ff7050>,58,22,[9 2],59,432,454,373,425
1,<environment.Job instance at 0x151736ff72d0>,59,20,[ 1 13],60,431,451,371,430
1,<environment.Job instance at 0x151736ff7b40>,60,19,[13  1],61,454,473,393,444
1,<environment.Job instance at 0x151736ff7640>,61,1,[13  2],62,473,474,411,446
1,<environment.Job instance at 0x151736ff75f0>,62,25,[ 2 12],63,451,476,388,447
1,<environment.Job instance at 0x151736ff74b0>,63,2,[ 2 13],64,476,478,412,460
1,<environment.Job instance at 0x151736ff71e0>,64,19,[2 9],65,478,497,413,469
1,<environment.Job instance at 0x151736ff7cd0>,65,24,[12  2],66,474,498,408,469
1,<environment.Job instance at 0x151736ff7140>,67,15,[ 2 12],68,499,514,431,499
1,<environment.Job instance at 0x151736ff7f50>,68,27,[1 6],69,514,541,445,512
1,<environment.Job instance at 0x151736ff7230>,69,26,[8 2],70,513,539,443,513
1,<environment.Job instance at 0x151736ff7280>,70,22,[8 2],71,539,561,468,532
1,<environment.Job instance at 0x151736ff7320>,71,27,[ 2 10],72,541,568,469,539
1,<environment.Job instance at 0x151736ff7550>,72,22,[13  1],73,561,583,488,554
1,<environment.Job instance at 0x151774b455a0>,73,28,[10  1],74,583,611,509,582
1,<environment.Job instance at 0x151774b45960>,74,1,[ 2 12],75,590,591,515,590
1,<environment.Job instance at 0x151774b45a00>,75,15,[ 1 13],76,603,618,527,603
1,<environment.Job instance at 0x151774b45690>,77,22,[12  1],78,611,633,533,605
1,<environment.Job instance at 0x151774b458c0>,78,2,[6 2],79,633,635,554,607
1,<environment.Job instance at 0x151774b45410>,79,3,[1 5],80,618,621,538,613
1,<environment.Job instance at 0x151774b45c80>,80,28,[1 6],81,618,646,537,617
1,<environment.Job instance at 0x151774b45dc0>,82,26,[11  2],83,635,661,552,632
1,<environment.Job instance at 0x15177026b050>,83,1,[7 1],84,661,662,577,639
1,<environment.Job instance at 0x15177026b500>,84,23,[7 1],85,661,684,576,655
1,<environment.Job instance at 0x15177026b280>,85,13,[12  2],86,684,697,598,675
1,<environment.Job instance at 0x15177026baf0>,86,28,[6 1],87,697,725,610,696
1,<environment.Job instance at 0x15177026bf50>,87,21,[5 2],88,697,718,609,696
1,<environment.Job instance at 0x15177026bcd0>,88,23,[8 2],89,718,741,629,712
1,<environment.Job instance at 0x15177026b1e0>,89,3,[ 1 12],90,719,722,629,719
1,<environment.Job instance at 0x15177026bdc0>,90,23,[11  1],91,741,764,650,735
1,<environment.Job instance at 0x15177026baa0>,91,16,[ 1 11],92,770,786,678,770
1,<environment.Job instance at 0x15177026b460>,92,23,[9 1],93,770,793,677,770
1,<environment.Job instance at 0x15177026bc30>,93,28,[8 2],94,793,821,699,792
1,<environment.Job instance at 0x15177026bfa0>,94,1,[8 2],95,821,822,726,793
1,<environment.Job instance at 0x15177026b3c0>,95,26,[13  2],96,822,848,726,819
1,<environment.Job instance at 0x15177026ba50>,96,21,[13  2],97,848,869,751,840
1,<environment.Job instance at 0x15177026b190>,97,3,[14  2],98,869,872,771,846
1,<environment.Job instance at 0x15177026bb90>,98,28,[ 1 10],99,846,874,747,846
1,<environment.Job instance at 0x151774b302d0>,99,26,[8 2],100,872,898,772,869
1,<environment.Job instance at 0x151774b308c0>,100,22,[12  1],101,898,920,797,891
1,<environment.Job instance at 0x151774b30410>,101,19,[ 1 13],102,891,910,789,891
1,<environment.Job instance at 0x151774b30b40>,102,19,[ 1 10],103,910,929,807,902
1,<environment.Job instance at 0x151774b305f0>,103,24,[ 2 14],104,929,953,825,924
1,<environment.Job instance at 0x151774b30370>,104,25,[12  2],105,953,978,848,949
1,<environment.Job instance at 0x151774b42730>,105,22,[ 1 11],106,953,975,847,950
1,<environment.Job instance at 0x151774b42d70>,108,2,[14  2],109,978,980,869,975
1,<environment.Job instance at 0x151776cb6b90>,109,1,[7 2],110,980,981,870,976
1,<environment.Job instance at 0x151776cb65a0>,110,28,[ 1 14],111,981,1009,870,980
1,<environment.Job instance at 0x151776cb6dc0>,111,21,[ 1 13],112,1009,1030,897,1001
1,<environment.Job instance at 0x151776cb6aa0>,112,27,[1 5],113,1030,1057,917,1028
1,<environment.Job instance at 0x151776cb6640>,113,14,[14  1],114,1048,1062,934,1048
1,<environment.Job instance at 0x151776cb6c30>,114,2,[ 2 11],115,1062,1064,947,1053
1,<environment.Job instance at 0x151776cb67d0>,115,15,[9 2],116,1062,1077,946,1055
1,<environment.Job instance at 0x151776cb6f00>,116,14,[ 1 14],117,1077,1091,960,1074
1,<environment.Job instance at 0x151776cb6230>,117,20,[6 1],118,1075,1095,957,1075
1,<environment.Job instance at 0x151776cb61e0>,119,27,[1 9],120,1091,1118,971,1089
1,<environment.Job instance at 0x151776cb6960>,120,26,[2 9],121,1118,1144,997,1115
1,<environment.Job instance at 0x151776cb60a0>,121,25,[9 1],122,1115,1140,993,1115
1,<environment.Job instance at 0x151776cb6370>,122,21,[13  2],123,1140,1161,1017,1132
1,<environment.Job instance at 0x151776cb6050>,123,2,[ 1 12],124,1144,1146,1020,1139
1,<environment.Job instance at 0x151776cb66e0>,124,22,[1 6],125,1146,1168,1021,1144
1,<environment.Job instance at 0x151776cb6d20>,125,14,[ 2 14],126,1176,1190,1050,1176
1,<environment.Job instance at 0x151776cb6be0>,126,3,[11  2],127,1190,1193,1063,1183
1,<environment.Job instance at 0x151776cb68c0>,127,24,[9 1],128,1193,1217,1065,1188
1,<environment.Job instance at 0x151776cb6780>,128,23,[12  1],129,1217,1240,1088,1211
1,<environment.Job instance at 0x151776cb65f0>,129,28,[10  2],130,1240,1268,1110,1239
1,<environment.Job instance at 0x151776cb0960>,130,23,[2 9],131,1239,1262,1108,1239
1,<environment.Job instance at 0x151776cb0050>,131,23,[2 5],132,1262,1285,1130,1256
1,<environment.Job instance at 0x151737716e10>,14,13,[ 1 13],15,1292,1305,1277,1292
1,<environment.Job instance at 0x151776cb0fa0>,133,20,[ 2 10],134,1305,1325,1171,1304
1,<environment.Job instance at 0x151774b451e0>,134,15,[12  2],135,1312,1327,1177,1312
1,<environment.Job instance at 0x15177b058370>,135,21,[13  1],136,1327,1348,1191,1323
1,<environment.Job instance at 0x15177b058e10>,137,26,[8 2],138,1348,1374,1210,1345
1,<environment.Job instance at 0x15177b058aa0>,138,26,[2 8],139,1346,1372,1207,1346
1,<environment.Job instance at 0x151776cb0cd0>,132,13,[ 1 12],133,1372,1385,1239,1357
1,<environment.Job instance at 0x15177b0586e0>,142,3,[10  1],143,1374,1377,1231,1358
1,<environment.Job instance at 0x1517700ec640>,144,20,[1 9],145,1385,1405,1240,1376
1,<environment.Job instance at 0x1517700ece10>,145,1,[13  1],146,1383,1384,1237,1383
1,<environment.Job instance at 0x1517372e2d70>,147,28,[ 2 11],148,1405,1433,1257,1404
1,<environment.Job instance at 0x151774b3d9b0>,146,22,[ 1 13],147,1433,1455,1286,1428
1,<environment.Job instance at 0x151736f81910>,148,16,[14  1],149,1433,1449,1284,1433
1,<environment.Job instance at 0x151737716410>,22,16,[ 2 12],23,1479,1495,1456,1479
1,<environment.Job instance at 0x151737716140>,15,15,[ 1 13],16,2007,2022,1991,2007
1,<environment.Job instance at 0x151736fc65f0>,47,14,[ 1 14],48,2626,2640,2578,2626
1,<environment.Job instance at 0x1517373165a0>,2,28,[14  2],3,3,31,0,3
1,<environment.Job instance at 0x151736fc6370>,3,19,[6 1],4,31,50,27,25
1,<environment.Job instance at 0x151774688cd0>,10,2,[11  2],11,50,52,39,25
1,<environment.Job instance at 0x1517746ae870>,12,3,[8 1],13,31,34,18,28
1,<environment.Job instance at 0x1517746c11e0>,13,27,[2 6],14,34,61,20,32
1,<environment.Job instance at 0x1517746c1460>,15,28,[14  2],16,61,89,45,60
1,<environment.Job instance at 0x1517746c18c0>,16,3,[13  2],17,89,92,72,65
1,<environment.Job instance at 0x1517746c1320>,17,22,[14  1],18,92,114,74,85
1,<environment.Job instance at 0x1517746c1280>,18,2,[ 2 13],19,89,91,70,88
1,<environment.Job instance at 0x151737316320>,4,1,[11  1],5,114,115,109,96
1,<environment.Job instance at 0x1517701380f0>,21,28,[8 2],22,115,143,93,114
1,<environment.Job instance at 0x151774691a50>,22,1,[ 2 13],23,144,145,121,144
1,<environment.Job instance at 0x151774bafaf0>,24,1,[ 2 13],25,156,157,131,156
1,<environment.Job instance at 0x151774bafc80>,25,20,[5 2],26,156,176,130,156
1,<environment.Job instance at 0x1517746c1780>,20,13,[14  2],21,182,195,161,182
1,<environment.Job instance at 0x151737588b40>,28,28,[6 1],29,195,223,166,194
1,<environment.Job instance at 0x15177664eaa0>,29,15,[12  1],30,223,238,193,215
1,<environment.Job instance at 0x151770110be0>,30,12,[13  1],31,238,250,207,238
1,<environment.Job instance at 0x151776657780>,31,22,[9 1],32,250,272,218,243
1,<environment.Job instance at 0x151774bbe3c0>,27,1,[ 1 11],28,268,269,240,268
1,<environment.Job instance at 0x1517746c13c0>,14,15,[ 2 12],15,288,303,273,288
1,<environment.Job instance at 0x151770120d70>,34,26,[ 2 11],35,303,329,268,300
1,<environment.Job instance at 0x15177014a960>,37,25,[1 9],38,329,354,291,329
1,<environment.Job instance at 0x1517766590f0>,38,26,[1 6],39,332,358,293,332
1,<environment.Job instance at 0x1517746aaaa0>,41,21,[ 2 14],42,358,379,316,350
1,<environment.Job instance at 0x1517746aad20>,42,1,[13  1],43,377,378,334,377
1,<environment.Job instance at 0x151770110f00>,33,3,[ 2 14],34,382,385,348,382
1,<environment.Job instance at 0x151774684500>,45,19,[7 2],46,392,411,346,392
1,<environment.Job instance at 0x151774684af0>,46,22,[1 5],47,393,415,346,393
1,<environment.Job instance at 0x1517746aa410>,44,1,[14  1],45,411,412,366,408
1,<environment.Job instance at 0x1517746847d0>,49,23,[10  2],50,412,435,362,408
1,<environment.Job instance at 0x151774684cd0>,51,20,[8 2],52,435,455,383,427
1,<environment.Job instance at 0x151774684730>,52,24,[13  1],53,455,479,402,450
1,<environment.Job instance at 0x151774684d70>,50,16,[ 2 11],51,495,511,444,495
1,<environment.Job instance at 0x151776671820>,56,25,[ 1 11],57,511,536,454,507
1,<environment.Job instance at 0x151776671a00>,57,2,[ 1 13],58,536,538,478,514
1,<environment.Job instance at 0x151776671fa0>,58,3,[13  2],59,520,523,461,520
1,<environment.Job instance at 0x1517766718c0>,59,20,[ 2 13],60,538,558,478,529
1,<environment.Job instance at 0x151776671b40>,60,19,[7 1],61,529,548,468,529
1,<environment.Job instance at 0x151776671d20>,61,1,[11  2],62,548,549,486,534
1,<environment.Job instance at 0x151776671be0>,55,14,[12  1],56,557,571,501,557
1,<environment.Job instance at 0x1517766670f0>,62,17,[13  2],63,571,588,508,561
1,<environment.Job instance at 0x151737316a00>,0,14,[12  1],1,588,602,587,580
1,<environment.Job instance at 0x1517766678c0>,68,26,[6 1],69,602,628,533,599
1,<environment.Job instance at 0x151776667910>,69,15,[14  2],70,628,643,558,621
1,<environment.Job instance at 0x151776649820>,32,14,[ 1 13],33,622,636,589,622
1,<environment.Job instance at 0x151776678690>,78,15,[13  2],79,643,658,564,638
1,<environment.Job instance at 0x151776678870>,79,25,[ 2 11],80,643,668,563,640
1,<environment.Job instance at 0x151776678910>,80,19,[12  1],81,658,677,577,654
1,<environment.Job instance at 0x151776678b90>,84,25,[ 1 12],85,668,693,583,664
1,<environment.Job instance at 0x151776667820>,72,1,[12  1],73,678,679,605,678
1,<environment.Job instance at 0x1517766785f0>,75,12,[ 1 11],76,693,705,617,680
1,<environment.Job instance at 0x151776678fa0>,88,3,[12  2],89,690,693,601,690
1,<environment.Job instance at 0x1517766c40a0>,91,20,[8 1],92,697,717,605,697
1,<environment.Job instance at 0x1517766c4370>,93,1,[13  1],94,717,718,623,707
1,<environment.Job instance at 0x1517766c4410>,94,25,[ 1 13],95,707,732,612,707
1,<environment.Job instance at 0x1517766c4230>,95,16,[12  1],96,718,734,622,708
1,<environment.Job instance at 0x1517766c4550>,97,28,[14  2],98,734,762,636,733
1,<environment.Job instance at 0x1517766c4690>,100,14,[ 2 11],101,762,776,661,762
1,<environment.Job instance at 0x1517766c4730>,101,22,[5 1],102,764,786,662,764
1,<environment.Job instance at 0x1517766c47d0>,102,23,[8 1],103,768,791,665,768
1,<environment.Job instance at 0x1517766c4910>,104,27,[9 2],105,791,818,686,789
1,<environment.Job instance at 0x1517766c49b0>,105,25,[11  1],106,818,843,712,814
1,<environment.Job instance at 0x1517766c4af0>,107,1,[12  2],108,843,844,735,834
1,<environment.Job instance at 0x1517766c4b90>,108,1,[12  1],109,844,845,735,838
1,<environment.Job instance at 0x1517766c4c30>,109,23,[ 1 14],110,844,867,734,838
1,<environment.Job instance at 0x1517766c4cd0>,110,2,[ 1 10],111,867,869,756,845
1,<environment.Job instance at 0x1517766c4e10>,112,19,[13  2],113,867,886,754,859
1,<environment.Job instance at 0x1517766784b0>,73,12,[12  1],74,886,898,812,870
1,<environment.Job instance at 0x151776678cd0>,89,1,[ 1 13],90,892,893,802,892
1,<environment.Job instance at 0x1517766c4190>,115,21,[ 2 13],116,894,915,778,894
1,<environment.Job instance at 0x1517766b0280>,117,28,[2 8],118,915,943,797,914
1,<environment.Job instance at 0x1517766c4460>,114,15,[12  1],115,928,943,813,928
1,<environment.Job instance at 0x1517766b03c0>,119,25,[ 2 12],120,943,968,823,939
1,<environment.Job instance at 0x1517766b04b0>,121,1,[ 2 14],122,968,969,846,943
1,<environment.Job instance at 0x1517766b05a0>,122,22,[7 2],123,944,966,821,944
1,<environment.Job instance at 0x1517766b0640>,123,22,[12  1],124,966,988,842,959
1,<environment.Job instance at 0x1517766b06e0>,124,23,[ 1 11],125,969,992,844,965
1,<environment.Job instance at 0x1517766b0730>,125,3,[13  1],126,993,996,867,993
1,<environment.Job instance at 0x1517766b07d0>,126,24,[ 1 11],127,993,1017,866,993
1,<environment.Job instance at 0x1517766b08c0>,127,2,[13  2],128,997,999,869,997
1,<environment.Job instance at 0x1517766b0a50>,128,16,[11  2],129,1008,1024,879,1008
1,<environment.Job instance at 0x1517766b0a00>,129,27,[1 9],130,1017,1044,887,1015
1,<environment.Job instance at 0x1517766c4eb0>,113,14,[ 1 11],114,1044,1058,930,1038
1,<environment.Job instance at 0x1517766b0c80>,133,26,[7 2],134,1048,1074,914,1048
1,<environment.Job instance at 0x1517766b0d20>,134,17,[12  2],135,1074,1091,939,1066
1,<environment.Job instance at 0x1517766b0eb0>,135,3,[ 2 11],136,1092,1095,956,1092
1,<environment.Job instance at 0x1517766b0f50>,136,22,[ 1 11],137,1095,1117,958,1093
1,<environment.Job instance at 0x1517766b0f00>,137,19,[10  1],138,1103,1122,965,1103
1,<environment.Job instance at 0x1517766b0d70>,138,3,[8 1],139,1122,1125,983,1106
1,<environment.Job instance at 0x1517766b0e10>,139,15,[13  2],140,1125,1140,985,1118
1,<environment.Job instance at 0x1517766c32d0>,141,27,[ 2 10],142,1125,1152,983,1125
1,<environment.Job instance at 0x1517766c3280>,142,2,[12  2],143,1140,1142,997,1137
1,<environment.Job instance at 0x1517766c3410>,143,3,[6 2],145,1142,1145,997,1141
1,<environment.Job instance at 0x1517766c35f0>,144,13,[14  2],146,1181,1194,1035,1181
1,<environment.Job instance at 0x1517766b0910>,130,3,[ 2 14],131,1281,1284,1150,1281
1,<environment.Job instance at 0x1517766788c0>,85,15,[ 1 12],86,1721,1736,1635,1721
1,<environment.Job instance at 0x1517746aeaf0>,9,12,[ 2 11],10,1938,1950,1928,1938
1,<environment.Job instance at 0x1517766b0410>,118,13,[ 1 12],119,1978,1991,1859,1978
1,<environment.Job instance at 0x15177a9a78c0>,1,28,[2 7],2,2,30,0,2
1,<environment.Job instance at 0x1517774d1460>,3,25,[9 2],4,5,30,1,5
1,<environment.Job instance at 0x1517766b0410>,4,23,[ 1 14],5,30,53,25,24
1,<environment.Job instance at 0x1517774d1a00>,8,22,[12  2],9,53,75,44,46
1,<environment.Job instance at 0x15177dafa8c0>,9,20,[ 2 13],10,53,73,43,47
1,<environment.Job instance at 0x151736fdd690>,13,24,[ 2 13],14,73,97,59,69
1,<environment.Job instance at 0x151736fddf00>,14,25,[12  1],15,75,100,60,71
1,<environment.Job instance at 0x151736fdd140>,15,24,[ 2 13],16,97,121,81,92
1,<environment.Job instance at 0x151736fdd640>,16,22,[13  1],17,100,122,83,94
1,<environment.Job instance at 0x151736fdd8c0>,17,25,[ 2 13],18,121,146,103,117
1,<environment.Job instance at 0x151736fdd5a0>,18,28,[ 2 14],19,146,174,127,145
1,<environment.Job instance at 0x15177d356730>,7,19,[ 2 14],8,174,193,166,166
1,<environment.Job instance at 0x151736fddc80>,23,23,[ 1 12],24,193,216,169,187
1,<environment.Job instance at 0x151736fdd6e0>,22,3,[11  1],23,195,198,172,195
1,<environment.Job instance at 0x151736fdde10>,25,19,[10  2],26,198,217,172,196
1,<environment.Job instance at 0x151736fdd5f0>,29,2,[ 2 13],30,216,218,186,209
1,<environment.Job instance at 0x151736fddaa0>,30,27,[9 2],31,217,244,186,215
1,<environment.Job instance at 0x151736fdd0f0>,31,1,[1 9],32,227,228,195,227
1,<environment.Job instance at 0x151736fdddc0>,32,17,[14  1],33,260,277,227,260
1,<environment.Job instance at 0x151736fddb90>,33,20,[5 1],34,277,297,243,269
1,<environment.Job instance at 0x15177ba49960>,34,28,[7 2],35,277,305,242,276
1,<environment.Job instance at 0x15177dafa870>,11,15,[13  2],12,305,320,293,297
1,<environment.Job instance at 0x1517774d1320>,10,15,[11  2],11,320,335,309,309
1,<environment.Job instance at 0x15177ba49b40>,40,26,[13  2],41,335,361,294,332
1,<environment.Job instance at 0x151736fdd050>,28,12,[ 2 13],29,355,367,326,355
1,<environment.Job instance at 0x15177ba494b0>,41,2,[13  2],42,361,363,319,355
1,<environment.Job instance at 0x15177ba49410>,42,12,[13  2],43,371,383,328,371
1,<environment.Job instance at 0x15177ba49230>,44,3,[ 1 14],45,383,386,338,374
1,<environment.Job instance at 0x15177ba499b0>,46,26,[ 2 13],47,386,412,339,383
1,<environment.Job instance at 0x15177ba495a0>,47,21,[13  2],48,386,407,338,384
1,<environment.Job instance at 0x15177ba49f00>,49,2,[2 6],50,412,414,362,385
1,<environment.Job instance at 0x151736fdd4b0>,12,1,[11  1],13,407,408,394,387
1,<environment.Job instance at 0x15177ba49140>,50,2,[ 2 13],51,414,416,363,387
1,<environment.Job instance at 0x15177ba49fa0>,45,1,[ 2 14],46,416,417,370,408
1,<environment.Job instance at 0x15177ba49870>,52,23,[ 1 10],53,417,440,364,411
1,<environment.Job instance at 0x15177ba497d0>,54,25,[5 2],55,417,442,362,414
1,<environment.Job instance at 0x15177ba49be0>,53,28,[ 1 14],54,442,470,388,441
1,<environment.Job instance at 0x15177b031500>,56,20,[2 8],57,470,490,413,462
1,<environment.Job instance at 0x15177ba49e60>,51,22,[11  2],52,470,492,418,463
1,<environment.Job instance at 0x15177ba490a0>,38,13,[13  2],39,492,505,453,477
1,<environment.Job instance at 0x15177b031be0>,59,21,[ 2 13],60,490,511,430,482
1,<environment.Job instance at 0x15177b031d20>,61,26,[11  2],62,505,531,443,502
1,<environment.Job instance at 0x15177b0318c0>,63,26,[9 2],64,531,557,467,528
1,<environment.Job instance at 0x15177b031a00>,62,21,[6 2],63,531,552,468,529
1,<environment.Job instance at 0x15177b0310f0>,65,21,[11  2],66,557,578,491,550
1,<environment.Job instance at 0x15177b031960>,64,2,[14  2],65,578,580,513,551
1,<environment.Job instance at 0x15177b031550>,68,2,[14  2],69,580,582,511,563
1,<environment.Job instance at 0x15177b031f50>,55,19,[12  2],56,582,601,526,572
1,<environment.Job instance at 0x151770275140>,70,25,[1 5],71,573,598,502,573
1,<environment.Job instance at 0x1517702753c0>,69,1,[ 1 11],70,598,599,528,586
1,<environment.Job instance at 0x151770275f50>,76,21,[11  1],77,601,622,524,593
1,<environment.Job instance at 0x151770275af0>,77,16,[ 2 14],78,618,634,540,618
1,<environment.Job instance at 0x15177d369910>,80,26,[14  2],81,634,660,553,631
1,<environment.Job instance at 0x15177d3696e0>,81,1,[1 8],82,634,635,552,631
1,<environment.Job instance at 0x15177d3690f0>,78,3,[ 1 13],79,645,648,566,645
1,<environment.Job instance at 0x15177d369640>,84,20,[9 2],85,660,680,575,652
1,<environment.Job instance at 0x15177d369aa0>,85,18,[ 1 14],86,680,698,594,670
1,<environment.Job instance at 0x15177d3695a0>,86,25,[12  2],87,698,723,611,694
1,<environment.Job instance at 0x15177d369410>,87,28,[ 2 11],88,698,726,610,697
1,<environment.Job instance at 0x15177d369050>,88,25,[10  1],89,723,748,634,719
1,<environment.Job instance at 0x15177d369320>,89,20,[2 8],90,726,746,636,724
1,<environment.Job instance at 0x15177d369370>,90,2,[ 2 12],91,746,748,655,738
1,<environment.Job instance at 0x15177d3698c0>,91,19,[14  2],92,748,767,656,744
1,<environment.Job instance at 0x1517701ed910>,94,2,[ 2 14],95,769,771,674,769
1,<environment.Job instance at 0x1517701edaf0>,95,3,[2 6],96,771,774,675,771
1,<environment.Job instance at 0x1517701ed820>,96,28,[9 2],97,771,799,674,771
1,<environment.Job instance at 0x15177b031410>,67,13,[ 2 12],68,774,787,706,774
1,<environment.Job instance at 0x1517701ede60>,98,25,[13  1],99,799,824,700,795
1,<environment.Job instance at 0x1517701ed280>,99,20,[ 2 11],100,796,816,696,796
1,<environment.Job instance at 0x1517701ed780>,100,27,[ 1 11],101,816,843,715,814
1,<environment.Job instance at 0x1517701ed050>,97,3,[14  1],98,824,827,726,820
1,<environment.Job instance at 0x1517701ed230>,103,22,[6 2],104,827,849,723,825
1,<environment.Job instance at 0x1517701eda50>,104,19,[11  2],105,849,868,744,840
1,<environment.Job instance at 0x15177b0315f0>,58,2,[12  2],59,868,870,809,850
1,<environment.Job instance at 0x1517701eda00>,101,17,[14  1],102,870,887,768,864
1,<environment.Job instance at 0x1517701ed1e0>,110,2,[13  2],111,887,889,776,864
1,<environment.Job instance at 0x15177d369500>,83,15,[14  1],84,889,904,805,886
1,<environment.Job instance at 0x1517701ed370>,112,23,[12  1],113,904,927,791,899
1,<environment.Job instance at 0x1517701ed5f0>,113,28,[13  1],114,927,955,813,926
1,<environment.Job instance at 0x1517701ede10>,114,18,[ 1 13],115,927,945,812,927
1,<environment.Job instance at 0x151770196190>,116,1,[ 2 11],117,945,946,828,940
1,<environment.Job instance at 0x1517701961e0>,117,28,[ 1 13],118,946,974,828,945
1,<environment.Job instance at 0x1517701ed690>,105,1,[ 1 12],106,974,975,868,946
1,<environment.Job instance at 0x151770196640>,121,26,[ 2 14],122,975,1001,853,972
1,<environment.Job instance at 0x151770196cd0>,120,17,[11  1],121,973,990,852,973
1,<environment.Job instance at 0x1517701960f0>,125,28,[2 7],126,1001,1029,875,1000
1,<environment.Job instance at 0x151770196230>,127,18,[2 6],128,1002,1020,874,1002
1,<environment.Job instance at 0x1517701965a0>,128,22,[10  1],129,1002,1024,873,1002
1,<environment.Job instance at 0x151770196a00>,129,26,[ 1 14],130,1029,1055,899,1026
1,<environment.Job instance at 0x151770196550>,124,3,[13  2],125,1055,1058,930,1044
1,<environment.Job instance at 0x151770196870>,131,22,[12  2],132,1058,1080,926,1051
1,<environment.Job instance at 0x151770196e60>,132,19,[ 1 11],133,1055,1074,922,1055
1,<environment.Job instance at 0x1517701963c0>,133,28,[14  1],134,1080,1108,946,1079
1,<environment.Job instance at 0x15177671bf50>,136,25,[ 1 11],137,1093,1118,956,1093
1,<environment.Job instance at 0x15177671bcd0>,138,28,[ 1 11],139,1118,1146,979,1117
1,<environment.Job instance at 0x151770196aa0>,130,18,[ 2 13],131,1146,1164,1015,1135
1,<environment.Job instance at 0x1517701ed320>,111,17,[ 1 11],112,1164,1181,1052,1157
1,<environment.Job instance at 0x1517701ed870>,109,1,[14  1],110,1164,1165,1054,1158
1,<environment.Job instance at 0x15177ba49b90>,35,16,[ 1 14],36,1274,1290,1238,1274
1,<environment.Job instance at 0x14a0a7e9cb90>,0,24,[ 1 10],1,1,25,0,1
1,<environment.Job instance at 0x14a09eadf9b0>,5,25,[7 1],6,6,31,0,6
1,<environment.Job instance at 0x14a09eadfdc0>,12,22,[2 6],13,25,47,12,25
1,<environment.Job instance at 0x14a09eadfd70>,13,27,[1 8],14,25,52,11,25
1,<environment.Job instance at 0x14a09eadf820>,10,3,[ 1 14],11,52,55,41,28
1,<environment.Job instance at 0x14a09eadf7d0>,6,19,[ 1 13],7,55,74,48,48
1,<environment.Job instance at 0x14a09eae12d0>,17,3,[ 1 13],18,74,77,56,51
1,<environment.Job instance at 0x14a09eadffa0>,19,21,[14  2],20,55,76,35,53
1,<environment.Job instance at 0x14a09eae1230>,21,22,[14  2],22,76,98,54,71
1,<environment.Job instance at 0x14a09eadff00>,15,24,[ 2 13],16,98,122,82,93
1,<environment.Job instance at 0x14a09eae14b0>,22,25,[ 2 12],23,122,147,99,118
1,<environment.Job instance at 0x14a09eadfcd0>,16,19,[ 1 12],17,147,166,130,139
1,<environment.Job instance at 0x14a09eae1640>,27,25,[14  2],28,147,172,119,143
1,<environment.Job instance at 0x14a09eadfeb0>,14,3,[14  2],15,172,175,157,151
1,<environment.Job instance at 0x14a09eae1500>,24,20,[ 2 13],25,175,195,150,166
1,<environment.Job instance at 0x14a09eae1be0>,36,27,[10  2],37,175,202,138,174
1,<environment.Job instance at 0x14a09eae1fa0>,35,23,[11  2],36,202,225,166,196
1,<environment.Job instance at 0x14a0a7e9caa0>,2,18,[ 1 12],3,199,217,196,199
1,<environment.Job instance at 0x14a09eae32d0>,41,18,[ 2 13],42,217,235,175,215
1,<environment.Job instance at 0x14a09eae35a0>,46,21,[2 6],47,235,256,188,227
1,<environment.Job instance at 0x14a09eae3640>,47,26,[12  2],48,227,253,179,227
1,<environment.Job instance at 0x14a09eae3910>,48,1,[6 2],49,253,254,204,236
1,<environment.Job instance at 0x14a09eae38c0>,49,25,[11  2],50,254,279,204,250
1,<environment.Job instance at 0x14a09eae30f0>,50,23,[2 6],51,253,276,202,252
1,<environment.Job instance at 0x14a09eae1780>,25,1,[11  1],26,279,280,253,263
1,<environment.Job instance at 0x14a09eae33c0>,43,3,[ 1 14],44,279,282,235,271
1,<environment.Job instance at 0x14a09eae3e10>,53,27,[9 1],54,280,307,226,278
1,<environment.Job instance at 0x14a09eae3410>,42,23,[ 1 14],43,285,308,242,285
1,<environment.Job instance at 0x14a09eae3e60>,55,20,[ 1 14],56,308,328,252,305
1,<environment.Job instance at 0x14a09eae3fa0>,57,1,[5 1],58,308,309,250,308
1,<environment.Job instance at 0x14a09eae6140>,58,17,[2 7],59,328,345,269,316
1,<environment.Job instance at 0x14a09eae3050>,38,1,[ 1 13],39,345,346,306,317
1,<environment.Job instance at 0x14a09eae6050>,60,3,[ 1 11],61,346,349,285,334
1,<environment.Job instance at 0x14a09eae6280>,61,22,[14  1],62,345,367,283,338
1,<environment.Job instance at 0x14a09eae61e0>,59,18,[ 2 12],60,367,385,307,363
1,<environment.Job instance at 0x14a09eae3c30>,51,2,[ 2 13],52,385,387,333,374
1,<environment.Job instance at 0x14a09eae65a0>,65,21,[10  1],66,376,397,310,376
1,<environment.Job instance at 0x14a09eae6500>,64,2,[11  2],65,397,399,332,386
1,<environment.Job instance at 0x14a09eae6690>,67,19,[11  1],68,399,418,331,392
1,<environment.Job instance at 0x14a09eae67d0>,68,28,[10  1],69,418,446,349,417
1,<environment.Job instance at 0x14a09eae3320>,52,12,[13  2],53,446,458,393,431
1,<environment.Job instance at 0x14a09eae6780>,69,14,[12  2],70,458,472,388,446
1,<environment.Job instance at 0x14a09eae6820>,70,20,[ 2 14],71,472,492,401,464
1,<environment.Job instance at 0x14a09eae6460>,66,14,[14  2],67,493,507,426,493
1,<environment.Job instance at 0x14a09eae6a00>,73,3,[ 1 11],74,512,515,438,512
1,<environment.Job instance at 0x14a09eae6af0>,71,12,[ 2 11],72,515,527,443,515
1,<environment.Job instance at 0x14a09eae6eb0>,77,19,[8 1],78,518,537,440,518
1,<environment.Job instance at 0x14a09eae65f0>,79,19,[14  1],80,537,556,457,530
1,<environment.Job instance at 0x14a09eae6b40>,81,2,[9 2],82,556,558,474,545
1,<environment.Job instance at 0x14a09eae9230>,82,3,[2 8],83,556,559,473,554
1,<environment.Job instance at 0x14a09eae92d0>,83,21,[7 2],84,558,579,474,554
1,<environment.Job instance at 0x14a09eae9410>,85,20,[2 9],86,559,579,473,555
1,<environment.Job instance at 0x14a09eae94b0>,86,21,[ 1 12],87,579,600,492,572
1,<environment.Job instance at 0x14a09eae6cd0>,74,1,[14  2],75,596,597,521,596
1,<environment.Job instance at 0x14a09eae3be0>,56,1,[12  2],57,597,598,540,596
1,<environment.Job instance at 0x14a09eae9550>,87,18,[ 1 12],88,601,619,513,601
1,<environment.Job instance at 0x14a09eae9730>,90,27,[ 2 14],91,619,646,528,617
1,<environment.Job instance at 0x14a09eae97d0>,91,2,[12  2],92,646,648,554,638
1,<environment.Job instance at 0x14a09eae9870>,92,24,[2 9],93,646,670,553,641
1,<environment.Job instance at 0x14a09eae98c0>,93,3,[ 1 14],94,670,673,576,667
1,<environment.Job instance at 0x14a09eae9a50>,94,3,[6 2],95,673,676,578,670
1,<environment.Job instance at 0x14a09eae9af0>,95,25,[7 2],96,673,698,577,670
1,<environment.Job instance at 0x14a09eae95f0>,88,12,[ 1 14],89,698,710,609,681
1,<environment.Job instance at 0x14a09eae9c30>,97,2,[ 1 12],98,684,686,586,684
1,<environment.Job instance at 0x14a09eae9cd0>,98,25,[13  2],99,710,735,611,706
1,<environment.Job instance at 0x14a09eae9d70>,99,27,[1 8],100,710,737,610,710
1,<environment.Job instance at 0x14a09eae9f50>,102,22,[ 2 14],103,737,759,634,731
1,<environment.Job instance at 0x14a09eae9f00>,103,3,[13  1],104,747,750,643,747
1,<environment.Job instance at 0x14a09eae99b0>,104,12,[10  1],105,750,762,645,747
1,<environment.Job instance at 0x14a09eae9050>,105,22,[ 2 12],106,759,781,653,752
1,<environment.Job instance at 0x14a09eae9b90>,96,16,[ 2 11],97,781,797,684,769
1,<environment.Job instance at 0x14a09eaec410>,109,24,[10  2],110,779,803,669,779
1,<environment.Job instance at 0x14a09eaec550>,111,1,[14  2],112,803,804,691,801
1,<environment.Job instance at 0x14a09eaec690>,113,28,[2 5],114,822,850,708,822
1,<environment.Job instance at 0x14a09eae6b90>,72,16,[ 2 12],73,850,866,777,843
1,<environment.Job instance at 0x14a09eaec7d0>,115,25,[2 7],116,866,891,750,862
1,<environment.Job instance at 0x14a09eaec730>,114,3,[ 2 13],115,891,894,776,874
1,<environment.Job instance at 0x14a09eaeca50>,118,28,[7 2],119,875,903,756,875
1,<environment.Job instance at 0x14a09eaec870>,116,3,[ 1 13],117,894,897,777,878
1,<environment.Job instance at 0x14a09eaecc30>,120,21,[1 5],121,897,918,776,890
1,<environment.Job instance at 0x14a09eaecbe0>,121,15,[ 1 11],122,918,933,796,913
1,<environment.Job instance at 0x14a09eaeccd0>,122,20,[13  2],123,914,934,791,914
1,<environment.Job instance at 0x14a09eaec2d0>,107,16,[13  1],108,934,950,826,930
1,<environment.Job instance at 0x14a09eaecd20>,123,15,[12  1],124,954,969,830,954
1,<environment.Job instance at 0x14a09eaecfa0>,128,26,[12  2],129,969,995,840,966
1,<environment.Job instance at 0x14a09eaee230>,129,25,[ 2 12],130,967,992,837,967
1,<environment.Job instance at 0x14a09eaee1e0>,130,27,[12  2],131,995,1022,864,993
1,<environment.Job instance at 0x14a09eaee050>,131,18,[ 2 11],132,994,1012,862,994
1,<environment.Job instance at 0x14a09eaee320>,132,19,[11  2],133,1022,1041,889,1013
1,<environment.Job instance at 0x14a09eaee370>,133,23,[ 1 12],134,1013,1036,879,1013
1,<environment.Job instance at 0x14a09eaec960>,119,17,[ 2 14],120,1047,1064,927,1047
1,<environment.Job instance at 0x14a09eaee460>,135,17,[ 1 11],136,1064,1081,928,1062
1,<environment.Job instance at 0x14a09eaee500>,136,23,[ 1 14],137,1081,1104,944,1076
1,<environment.Job instance at 0x14a09ef30460>,137,27,[1 9],138,1104,1131,966,1102
1,<environment.Job instance at 0x14a09eae90f0>,89,12,[11  1],90,1105,1117,1015,1105
1,<environment.Job instance at 0x14a09ead7eb0>,138,3,[ 1 12],139,1134,1137,995,1134
1,<environment.Job instance at 0x14a09ead7280>,141,2,[ 1 13],142,1137,1139,995,1137
1,<environment.Job instance at 0x14a09ead7640>,140,23,[ 2 13],141,1142,1165,1001,1142
1,<environment.Job instance at 0x14a09ead7320>,142,16,[11  2],143,1158,1174,1015,1158
1,<environment.Job instance at 0x14a09ead77d0>,144,27,[ 1 12],145,1165,1192,1020,1163
1,<environment.Job instance at 0x14a09ef207d0>,143,25,[ 1 12],144,1197,1222,1053,1197
1,<environment.Job instance at 0x14a09ead7820>,145,2,[14  1],146,1210,1212,1064,1210
1,<environment.Job instance at 0x14a09ead7460>,146,22,[12  2],147,1214,1236,1067,1214
1,<environment.Job instance at 0x14a09ef8f9b0>,147,20,[ 1 12],148,1231,1251,1083,1231
1,<environment.Job instance at 0x14a09efbf2d0>,149,19,[2 5],152,1251,1270,1099,1241
1,<environment.Job instance at 0x14a09f018370>,152,28,[7 1],155,1241,1269,1086,1241
1,<environment.Job instance at 0x14a09f25c370>,153,28,[ 1 11],157,1270,1298,1113,1269
1,<environment.Job instance at 0x14a09efcc9b0>,155,24,[14  2],159,1270,1294,1111,1269
1,<environment.Job instance at 0x14a09eaec8c0>,127,12,[ 1 13],128,1306,1318,1178,1306
1,<environment.Job instance at 0x14a09eaee3c0>,134,14,[12  1],135,1311,1325,1176,1311
1,<environment.Job instance at 0x14a09eae6320>,63,13,[ 2 13],64,1836,1849,1772,1836
1,<environment.Job instance at 0x14a09c3269b0>,0,20,[6 1],1,3,23,2,3
1,<environment.Job instance at 0x14a09eae6550>,3,25,[1 8],4,5,30,1,5
1,<environment.Job instance at 0x14a0a0a9cdc0>,7,21,[12  1],8,23,44,15,19
1,<environment.Job instance at 0x14a0a0aacfa0>,9,20,[2 8],10,30,50,20,23
1,<environment.Job instance at 0x14a0a0aacbe0>,11,20,[ 1 14],12,50,70,38,43
1,<environment.Job instance at 0x14a0a0a9c960>,10,26,[ 2 12],11,70,96,59,67
1,<environment.Job instance at 0x14a09eae6320>,4,26,[2 9],5,96,122,91,93
1,<environment.Job instance at 0x14a09c3268c0>,1,1,[ 1 11],2,122,123,120,109
1,<environment.Job instance at 0x14a0a0c33f00>,15,19,[7 1],16,109,128,93,109
1,<environment.Job instance at 0x14a0a0c33050>,16,23,[9 2],17,128,151,111,122
1,<environment.Job instance at 0x14a0a0c33c80>,17,2,[12  1],18,151,153,133,125
1,<environment.Job instance at 0x14a0a0c333c0>,18,27,[ 1 14],19,151,178,132,149
1,<environment.Job instance at 0x14a0a0c33870>,19,28,[9 1],20,153,181,133,152
1,<environment.Job instance at 0x14a0a0c33730>,21,1,[11  1],22,183,184,161,183
1,<environment.Job instance at 0x14a0a0c337d0>,22,3,[11  2],23,185,188,162,185
1,<environment.Job instance at 0x14a0a0a570f0>,24,15,[11  2],25,190,205,165,190
1,<environment.Job instance at 0x14a0a0c334b0>,25,3,[12  1],26,211,214,185,211
1,<environment.Job instance at 0x14a0a0c33a00>,26,3,[13  2],27,218,221,191,218
1,<environment.Job instance at 0x14a0a0bc1190>,27,28,[ 1 11],28,218,246,190,218
1,<environment.Job instance at 0x14a0a11fab40>,28,25,[ 1 12],29,246,271,217,242
1,<environment.Job instance at 0x14a0a0aac460>,12,16,[12  2],13,264,280,251,264
1,<environment.Job instance at 0x14a0a11201e0>,31,26,[ 1 14],32,280,306,248,277
1,<environment.Job instance at 0x14a0a0b6fd20>,32,26,[ 2 12],33,306,332,273,303
1,<environment.Job instance at 0x14a0a0b6faa0>,33,2,[ 2 11],34,332,334,298,324
1,<environment.Job instance at 0x14a0a10ee410>,34,25,[10  1],35,324,349,289,324
1,<environment.Job instance at 0x14a0a09efc80>,13,14,[ 1 12],14,334,348,320,324
1,<environment.Job instance at 0x14a0a0a6efa0>,36,26,[13  1],37,349,375,312,346
1,<environment.Job instance at 0x14a0a09b4730>,38,19,[1 5],39,348,367,309,346
1,<environment.Job instance at 0x14a0a10d2190>,39,20,[1 9],40,349,369,309,349
1,<environment.Job instance at 0x14a0a5d66be0>,42,24,[ 1 13],43,369,393,326,365
1,<environment.Job instance at 0x14a0a10e00f0>,45,21,[11  1],46,376,397,330,376
1,<environment.Job instance at 0x14a0a10e0b90>,44,24,[ 1 13],45,393,417,348,388
1,<environment.Job instance at 0x14a0a10e0a50>,47,1,[12  2],48,397,398,349,388
1,<environment.Job instance at 0x14a0a10e0050>,48,1,[ 2 14],49,417,418,368,397
1,<environment.Job instance at 0x14a0a10e0f50>,49,28,[ 2 13],50,418,446,368,417
1,<environment.Job instance at 0x14a0a10e0870>,50,22,[11  2],51,418,440,367,417
1,<environment.Job instance at 0x14a0a10f7f00>,52,21,[13  2],53,440,461,387,432
1,<environment.Job instance at 0x14a0a09f50f0>,46,19,[ 2 12],47,446,465,399,437
1,<environment.Job instance at 0x14a0a10f7b40>,53,3,[ 2 13],54,465,468,411,447
1,<environment.Job instance at 0x14a0a10f7730>,56,20,[2 5],57,468,488,411,459
1,<environment.Job instance at 0x14a0a11c6dc0>,58,19,[1 6],59,468,487,409,459
1,<environment.Job instance at 0x14a0a1158f00>,61,28,[ 2 13],62,488,516,426,487
1,<environment.Job instance at 0x14a0a0b83280>,66,24,[ 2 10],67,516,540,449,512
1,<environment.Job instance at 0x14a0a1158460>,68,25,[5 2],69,516,541,447,516
1,<environment.Job instance at 0x14a0a5decaf0>,30,12,[ 2 14],31,541,553,510,529
1,<environment.Job instance at 0x14a0a10e4500>,70,24,[11  2],71,553,577,482,548
1,<environment.Job instance at 0x14a0a112d280>,74,2,[1 6],75,564,566,489,564
1,<environment.Job instance at 0x14a0a112d190>,73,28,[ 1 14],74,577,605,503,576
1,<environment.Job instance at 0x14a0a112dc30>,75,15,[6 1],76,593,608,517,593
1,<environment.Job instance at 0x14a0a112de60>,77,20,[7 2],78,605,625,527,598
1,<environment.Job instance at 0x14a0a112d550>,76,22,[ 2 11],77,605,627,528,598
1,<environment.Job instance at 0x14a0a112d6e0>,79,19,[13  2],80,625,644,545,619
1,<environment.Job instance at 0x14a0a112dc80>,82,19,[13  2],83,644,663,561,634
1,<environment.Job instance at 0x14a0a112d5f0>,83,25,[11  1],84,663,688,579,659
1,<environment.Job instance at 0x14a0a112daf0>,78,12,[ 2 12],79,689,701,610,689
1,<environment.Job instance at 0x14a0a1179af0>,85,20,[9 1],86,690,710,604,690
1,<environment.Job instance at 0x14a0a1179f50>,87,20,[5 2],88,701,721,613,696
1,<environment.Job instance at 0x14a0a1179aa0>,88,20,[7 1],89,710,730,621,701
1,<environment.Job instance at 0x14a0a1179be0>,89,27,[2 8],90,710,737,620,708
1,<environment.Job instance at 0x14a0a11ccf50>,90,28,[ 2 13],91,737,765,646,736
1,<environment.Job instance at 0x14a0a11cce10>,91,3,[11  2],92,739,742,647,739
1,<environment.Job instance at 0x14a0a11cc0f0>,92,26,[ 1 10],93,765,791,672,762
1,<environment.Job instance at 0x14a0a11cc8c0>,93,25,[13  2],94,762,787,668,762
1,<environment.Job instance at 0x14a0a11cc5a0>,94,22,[ 1 13],95,791,813,696,785
1,<environment.Job instance at 0x14a0a11cc320>,95,16,[10  1],96,791,807,695,791
1,<environment.Job instance at 0x14a0a11cc5f0>,96,16,[7 2],97,810,826,713,810
1,<environment.Job instance at 0x14a0a11ccb40>,97,26,[9 1],98,826,852,728,823
1,<environment.Job instance at 0x14a0a11c02d0>,98,26,[6 2],99,823,849,724,823
1,<environment.Job instance at 0x14a0a1159730>,100,21,[6 2],101,849,870,748,847
1,<environment.Job instance at 0x14a0a09a3d70>,101,17,[2 6],102,858,875,756,858
1,<environment.Job instance at 0x14a0a0ae64b0>,102,1,[ 2 13],103,875,876,772,860
1,<environment.Job instance at 0x14a0a11cfa00>,104,24,[ 1 11],105,876,900,771,871
1,<environment.Job instance at 0x14a0a11cf910>,105,19,[10  2],106,882,901,776,882
1,<environment.Job instance at 0x14a0a0a1ac30>,106,1,[ 1 11],107,900,901,793,890
1,<environment.Job instance at 0x14a0a0a1adc0>,107,2,[12  2],108,901,903,793,900
1,<environment.Job instance at 0x14a0a0a96370>,108,20,[ 1 13],109,901,921,792,901
1,<environment.Job instance at 0x14a0a093d870>,109,22,[1 5],110,921,943,811,914
1,<environment.Job instance at 0x14a0a097a640>,111,28,[9 1],112,917,945,805,917
1,<environment.Job instance at 0x14a0a09b0e60>,112,17,[2 5],113,926,943,813,926
1,<environment.Job instance at 0x14a0a0a9e140>,113,23,[13  2],114,945,968,831,939
1,<environment.Job instance at 0x14a0a1179a00>,84,12,[ 2 13],85,966,978,881,966
1,<environment.Job instance at 0x14a0a0a9a320>,114,3,[ 1 13],115,979,982,864,979
1,<environment.Job instance at 0x14a0a0a9a410>,116,3,[ 2 12],117,990,993,873,990
1,<environment.Job instance at 0x14a0a5eb4050>,118,21,[2 6],119,993,1014,874,990
1,<environment.Job instance at 0x14a0a14bb050>,117,3,[ 2 13],118,1014,1017,896,999
1,<environment.Job instance at 0x14a0a14ad190>,121,24,[10  1],122,999,1023,877,999
1,<environment.Job instance at 0x14a0a0a98190>,122,20,[13  2],123,1023,1043,900,1014
1,<environment.Job instance at 0x14a0a0949500>,123,22,[6 2],124,1043,1065,919,1036
1,<environment.Job instance at 0x14a0a0949870>,124,12,[7 1],125,1049,1061,924,1049
1,<environment.Job instance at 0x14a0a5498d20>,125,1,[2 7],126,1052,1053,926,1052
1,<environment.Job instance at 0x14a0a0c10f50>,120,14,[11  2],121,1065,1079,944,1057
1,<environment.Job instance at 0x14a0a0a9bdc0>,128,24,[12  1],129,1079,1103,950,1074
1,<environment.Job instance at 0x14a0a0a9b0a0>,131,27,[ 1 13],132,1076,1103,944,1076
1,<environment.Job instance at 0x14a0a54986e0>,126,2,[11  2],127,1103,1105,976,1079
1,<environment.Job instance at 0x14a0a149a8c0>,133,22,[12  1],134,1105,1127,971,1099
1,<environment.Job instance at 0x14a0a149a1e0>,134,1,[ 1 12],135,1103,1104,968,1103
1,<environment.Job instance at 0x14a0a0c07500>,135,20,[2 9],136,1104,1124,968,1103
1,<environment.Job instance at 0x14a0a1154d70>,136,28,[1 7],137,1124,1152,987,1123
1,<environment.Job instance at 0x14a0a0c07fa0>,137,28,[10  1],138,1127,1155,989,1126
1,<environment.Job instance at 0x14a0a149a0f0>,132,20,[14  1],133,1155,1175,1022,1152
1,<environment.Job instance at 0x14a0a0969e10>,140,23,[8 2],153,1175,1198,1022,1171
1,<environment.Job instance at 0x14a0a09690a0>,141,22,[ 1 13],154,1171,1193,1017,1171
1,<environment.Job instance at 0x14a0a5e774b0>,138,1,[12  1],139,1211,1212,1072,1211
1,<environment.Job instance at 0x14a09c326910>,6,1,[12  2],7,1284,1285,1277,1284
1,<environment.Job instance at 0x14a0a11c6e60>,59,12,[ 2 14],60,1360,1372,1300,1360
1,<environment.Job instance at 0x14a0a09ef460>,14,15,[ 1 13],15,1617,1632,1602,1617
1,<environment.Job instance at 0x14a0a09ef460>,3,3,[9 2],4,4,7,0,4
1,<environment.Job instance at 0x14a09c31ba50>,4,22,[7 2],5,7,29,2,5
1,<environment.Job instance at 0x14a07d5545f0>,5,27,[2 7],6,6,33,0,6
1,<environment.Job instance at 0x14a07d5547d0>,6,25,[10  2],7,29,54,22,25
1,<environment.Job instance at 0x14a07d554be0>,12,21,[10  2],13,54,75,41,46
1,<environment.Job instance at 0x14a07d554dc0>,15,24,[12  1],16,75,99,59,70
1,<environment.Job instance at 0x14a07d554f00>,17,25,[11  1],18,99,124,81,95
1,<environment.Job instance at 0x14a07d554b40>,19,21,[1 7],20,101,122,81,101
1,<environment.Job instance at 0x14a07d554fa0>,20,27,[2 9],21,122,149,101,121
1,<environment.Job instance at 0x14a07d556280>,22,18,[14  2],23,149,167,126,139
1,<environment.Job instance at 0x14a07d556230>,23,3,[6 1],24,167,170,143,148
1,<environment.Job instance at 0x14a07d5563c0>,24,20,[1 6],25,151,171,126,151
1,<environment.Job instance at 0x14a07d5560f0>,25,21,[ 2 14],26,171,192,145,163
1,<environment.Job instance at 0x14a07d554a50>,10,2,[12  2],11,192,194,181,170
1,<environment.Job instance at 0x14a07d554870>,7,1,[14  1],8,194,195,186,185
1,<environment.Job instance at 0x14a07d554c80>,13,15,[13  1],14,195,210,181,192
1,<environment.Job instance at 0x14a07d556690>,30,28,[1 6],31,201,229,170,201
1,<environment.Job instance at 0x14a07d556730>,31,27,[12  1],32,210,237,178,208
1,<environment.Job instance at 0x14a07d5564b0>,26,1,[ 1 13],27,229,230,202,211
1,<environment.Job instance at 0x14a07d556b40>,35,19,[ 1 11],36,230,249,194,221
1,<environment.Job instance at 0x14a07d556eb0>,40,18,[12  1],41,237,255,196,228
1,<environment.Job instance at 0x14a07d5566e0>,37,17,[11  2],38,255,272,217,247
1,<environment.Job instance at 0x14a07d556f00>,44,23,[11  2],45,272,295,227,266
1,<environment.Job instance at 0x14a07d558410>,46,21,[10  1],47,295,316,248,288
1,<environment.Job instance at 0x14a07d556e60>,41,20,[14  2],42,316,336,274,308
1,<environment.Job instance at 0x14a07d5581e0>,47,17,[1 7],48,314,331,266,314
1,<environment.Job instance at 0x14a07d5580a0>,48,20,[12  2],49,336,356,287,333
1,<environment.Job instance at 0x14a07d558460>,49,2,[ 1 11],50,345,347,295,345
1,<environment.Job instance at 0x14a07d558640>,52,17,[1 9],53,347,364,294,346
1,<environment.Job instance at 0x14a07d5586e0>,53,21,[9 2],54,356,377,302,348
1,<environment.Job instance at 0x14a07d558780>,54,14,[11  2],55,377,391,322,372
1,<environment.Job instance at 0x14a07d558820>,55,21,[11  2],56,391,412,335,383
1,<environment.Job instance at 0x14a07d5588c0>,56,28,[2 5],57,385,413,328,385
1,<environment.Job instance at 0x14a07d558a00>,58,28,[12  2],59,412,440,353,411
1,<environment.Job instance at 0x14a07d558aa0>,59,23,[1 9],60,413,436,353,412
1,<environment.Job instance at 0x14a07d558b40>,60,17,[ 1 11],61,436,453,375,424
1,<environment.Job instance at 0x14a07d5585a0>,51,22,[11  1],52,440,462,388,438
1,<environment.Job instance at 0x14a07d558be0>,61,21,[2 6],62,453,474,391,449
1,<environment.Job instance at 0x14a07d558e60>,65,26,[5 2],66,462,488,396,461
1,<environment.Job instance at 0x14a07d558320>,66,21,[ 2 12],67,474,495,407,467
1,<environment.Job instance at 0x14a07d556aa0>,34,18,[13  2],35,488,506,453,485
1,<environment.Job instance at 0x14a07d558050>,67,3,[ 1 13],68,495,498,427,495
1,<environment.Job instance at 0x14a07d55b050>,68,18,[ 2 14],69,506,524,437,506
1,<environment.Job instance at 0x14a07d558dc0>,64,16,[12  2],65,528,544,463,528
1,<environment.Job instance at 0x14a07d55b550>,71,25,[1 8],72,528,553,456,528
1,<environment.Job instance at 0x14a07d55b140>,69,16,[ 2 13],70,553,569,483,540
1,<environment.Job instance at 0x14a07d55b690>,73,3,[ 2 13],74,569,572,495,555
1,<environment.Job instance at 0x14a07d55b460>,74,23,[ 1 12],75,572,595,497,566
1,<environment.Job instance at 0x14a07d55b7d0>,75,22,[10  1],76,566,588,490,566
1,<environment.Job instance at 0x14a07d55b870>,76,1,[ 1 12],77,598,599,521,598
1,<environment.Job instance at 0x14a07d55b910>,77,24,[1 6],78,599,623,521,598
1,<environment.Job instance at 0x14a07d55b9b0>,78,20,[8 1],79,598,618,519,598
1,<environment.Job instance at 0x14a07d55ba50>,79,26,[7 2],80,618,644,538,615
1,<environment.Job instance at 0x14a07d55ba00>,80,15,[2 8],81,623,638,542,615
1,<environment.Job instance at 0x14a07d55bb90>,81,27,[11  1],82,644,671,562,642
1,<environment.Job instance at 0x14a07d55bc30>,82,14,[1 6],83,648,662,565,648
1,<environment.Job instance at 0x14a07d55bcd0>,83,25,[9 2],84,671,696,587,667
1,<environment.Job instance at 0x14a07d55b370>,70,14,[14  2],71,696,710,625,684
1,<environment.Job instance at 0x14a07d55be10>,85,27,[13  1],86,710,737,624,708
1,<environment.Job instance at 0x14a07d55beb0>,86,1,[13  1],87,737,738,650,720
1,<environment.Job instance at 0x14a07d55be60>,87,26,[12  2],88,738,764,650,735
1,<environment.Job instance at 0x14a07d55bf00>,88,25,[12  2],89,764,789,675,760
1,<environment.Job instance at 0x14a07d55b5f0>,72,3,[14  1],73,789,792,716,772
1,<environment.Job instance at 0x14a07d55bf50>,89,23,[9 1],90,792,815,702,786
1,<environment.Job instance at 0x14a07d55bd70>,90,24,[2 7],91,792,816,701,787
1,<environment.Job instance at 0x14a07d55e2d0>,92,1,[2 5],93,792,793,699,792
1,<environment.Job instance at 0x14a07d55e230>,91,19,[ 1 12],92,816,835,724,812
1,<environment.Job instance at 0x14a07d55e410>,94,24,[2 8],95,835,859,740,830
1,<environment.Job instance at 0x14a07d55e370>,95,27,[9 1],96,830,857,734,830
1,<environment.Job instance at 0x14a07d55bc80>,84,18,[ 1 14],85,859,877,774,853
1,<environment.Job instance at 0x14a07d55e3c0>,97,1,[8 1],98,866,867,768,866
1,<environment.Job instance at 0x14a07d55e730>,99,24,[5 1],100,868,892,768,868
1,<environment.Job instance at 0x14a07d55e7d0>,100,15,[ 2 12],101,877,892,776,876
1,<environment.Job instance at 0x14a07d55e820>,101,14,[2 7],102,892,906,790,883
1,<environment.Job instance at 0x14a07d55ea00>,102,18,[ 2 14],103,906,924,803,896
1,<environment.Job instance at 0x14a07d55eb90>,103,19,[ 1 11],104,924,943,820,917
1,<environment.Job instance at 0x14a07d55eaf0>,105,24,[9 1],106,917,941,811,917
1,<environment.Job instance at 0x14a07d55edc0>,108,12,[1 7],109,959,971,850,959
1,<environment.Job instance at 0x14a07d55ecd0>,109,23,[1 6],110,960,983,850,960
1,<environment.Job instance at 0x14a07d55eeb0>,110,17,[11  1],111,963,980,852,963
1,<environment.Job instance at 0x14a07d55ef00>,111,26,[7 1],112,980,1006,868,977
1,<environment.Job instance at 0x14a07d55efa0>,112,28,[2 6],113,977,1005,864,977
1,<environment.Job instance at 0x14a07d5600f0>,113,28,[1 7],114,983,1011,869,982
1,<environment.Job instance at 0x14a07d5600a0>,114,20,[8 1],115,1006,1026,891,997
1,<environment.Job instance at 0x14a07d560280>,115,18,[2 8],116,1011,1029,895,1003
1,<environment.Job instance at 0x14a07d5601e0>,116,25,[12  1],117,1026,1051,909,1022
1,<environment.Job instance at 0x14a07d560370>,117,26,[13  1],118,1051,1077,933,1048
1,<environment.Job instance at 0x14a07d560320>,118,13,[14  1],119,1077,1090,958,1077
1,<environment.Job instance at 0x14a07d5603c0>,119,16,[ 1 11],120,1093,1109,973,1093
1,<environment.Job instance at 0x14a07d5605a0>,120,22,[14  2],121,1095,1117,974,1095
1,<environment.Job instance at 0x14a07d560690>,121,3,[12  2],122,1120,1123,998,1120
1,<environment.Job instance at 0x14a07d560870>,122,3,[11  1],123,1123,1126,1000,1121
1,<environment.Job instance at 0x14a07d560640>,123,28,[6 2],124,1126,1154,1002,1125
1,<environment.Job instance at 0x14a07d5608c0>,124,20,[12  1],125,1154,1174,1029,1145
1,<environment.Job instance at 0x14a07d560960>,125,21,[13  1],126,1174,1195,1048,1166
1,<environment.Job instance at 0x14a07d5609b0>,126,24,[6 2],127,1195,1219,1068,1190
1,<environment.Job instance at 0x14a07d560a50>,127,26,[1 5],128,1190,1216,1062,1190
1,<environment.Job instance at 0x14a07d560b40>,128,1,[2 6],129,1195,1196,1066,1192
1,<environment.Job instance at 0x14a07d560c80>,130,17,[ 2 12],131,1217,1234,1086,1217
1,<environment.Job instance at 0x14a07d560d20>,131,1,[13  2],132,1222,1223,1090,1222
1,<environment.Job instance at 0x14a0a14bb320>,132,28,[1 9],133,1234,1262,1101,1233
1,<environment.Job instance at 0x14a0a0a963c0>,133,2,[8 2],134,1234,1236,1100,1234
1,<environment.Job instance at 0x14a07d54a640>,135,21,[9 1],136,1241,1262,1105,1241
1,<environment.Job instance at 0x14a07d54a190>,136,21,[12  1],137,1262,1283,1125,1254
1,<environment.Job instance at 0x14a07d54a690>,137,2,[9 2],138,1283,1285,1145,1266
1,<environment.Job instance at 0x14a07d54a5a0>,138,28,[5 1],139,1283,1311,1144,1282
1,<environment.Job instance at 0x14a07d58c230>,139,1,[8 1],140,1290,1291,1150,1290
1,<environment.Job instance at 0x14a07d58c410>,140,24,[ 2 10],141,1290,1314,1149,1290
1,<environment.Job instance at 0x14a07d54a3c0>,141,20,[11  1],142,1311,1331,1169,1302
1,<environment.Job instance at 0x14a07d66faa0>,142,15,[ 1 13],143,1322,1337,1179,1322
1,<environment.Job instance at 0x14a07d54a280>,144,1,[2 8],149,1337,1338,1188,1328
1,<environment.Job instance at 0x14a07d6eb5a0>,145,1,[ 1 14],152,1338,1339,1186,1332
1,<environment.Job instance at 0x14a07d55e6e0>,98,15,[ 1 14],99,1465,1480,1366,1465
1,<environment.Job instance at 0x14a07d55e0a0>,93,13,[14  2],94,1657,1670,1563,1657
1,<environment.Job instance at 0x14a07d56c5a0>,0,19,[2 7],1,2,21,1,2
1,<environment.Job instance at 0x14a07d56c550>,2,13,[1 5],3,5,18,2,5
1,<environment.Job instance at 0x14a07daa8b90>,5,28,[11  2],6,6,34,0,6
1,<environment.Job instance at 0x14a07daa80a0>,6,24,[ 2 13],7,21,45,14,16
1,<environment.Job instance at 0x14a07daa8eb0>,11,19,[2 7],12,45,64,33,40
1,<environment.Job instance at 0x14a07d55e140>,3,16,[11  2],4,63,79,59,63
1,<environment.Job instance at 0x14a07daa89b0>,12,28,[ 2 10],13,64,92,51,63
1,<environment.Job instance at 0x14a07daa88c0>,17,21,[13  1],18,79,100,61,72
1,<environment.Job instance at 0x14a0a5458f50>,1,2,[11  1],2,100,102,98,82
1,<environment.Job instance at 0x14a07daa2140>,21,3,[2 6],22,92,95,70,90
1,<environment.Job instance at 0x14a07daa27d0>,22,28,[2 5],23,95,123,72,95
1,<environment.Job instance at 0x14a07daa2c80>,23,27,[ 1 12],24,123,150,99,121
1,<environment.Job instance at 0x14a07daa2870>,24,23,[ 1 13],25,150,173,125,145
1,<environment.Job instance at 0x14a07daa2dc0>,25,21,[11  2],26,147,168,121,147
1,<environment.Job instance at 0x14a07daa2780>,26,25,[2 8],27,173,198,146,169
1,<environment.Job instance at 0x14a07daa2910>,27,1,[1 5],28,173,174,145,171
1,<environment.Job instance at 0x14a07daa2550>,28,28,[5 2],29,171,199,142,171
1,<environment.Job instance at 0x14a07daa2d20>,29,27,[11  1],30,199,226,169,197
1,<environment.Job instance at 0x14a07da9db90>,30,21,[6 2],31,226,247,195,218
1,<environment.Job instance at 0x14a07da9dcd0>,31,19,[2 5],32,222,241,190,222
1,<environment.Job instance at 0x14a07daa2f50>,18,18,[ 2 12],19,241,259,222,239
1,<environment.Job instance at 0x14a07d56c500>,4,2,[ 1 11],5,259,261,254,242
1,<environment.Job instance at 0x14a07daa8960>,7,17,[ 2 12],8,276,293,268,276
1,<environment.Job instance at 0x14a07da9de60>,33,1,[12  1],34,276,277,242,276
1,<environment.Job instance at 0x14a07da9da50>,37,27,[ 2 10],38,293,320,255,291
1,<environment.Job instance at 0x14a07da9d320>,38,28,[ 2 14],39,320,348,281,319
1,<environment.Job instance at 0x14a07da9d550>,40,27,[11  1],41,322,349,281,322
1,<environment.Job instance at 0x14a07da9a9b0>,43,28,[2 8],44,348,376,304,347
1,<environment.Job instance at 0x14a07da9ab90>,44,28,[7 1],45,349,377,304,348
1,<environment.Job instance at 0x14a07da9abe0>,45,3,[14  2],46,377,380,331,353
1,<environment.Job instance at 0x14a07da9d910>,32,14,[11  1],33,380,394,347,368
1,<environment.Job instance at 0x14a07da9a3c0>,49,24,[ 1 14],50,380,404,330,379
1,<environment.Job instance at 0x14a07da9ad70>,50,14,[10  1],51,394,408,343,389
1,<environment.Job instance at 0x14a07da9aa00>,57,18,[11  1],58,408,426,350,406
1,<environment.Job instance at 0x14a07da9a0f0>,58,28,[7 2],59,426,454,367,425
1,<environment.Job instance at 0x14a07da94370>,59,25,[ 1 14],60,454,479,394,452
1,<environment.Job instance at 0x14a07da940f0>,61,21,[10  2],62,479,500,417,473
1,<environment.Job instance at 0x14a07da94500>,60,20,[ 2 13],61,488,508,427,488
1,<environment.Job instance at 0x14a07daa0b90>,66,27,[ 2 12],67,508,535,441,506
1,<environment.Job instance at 0x14a07da9acd0>,46,18,[12  2],47,509,527,462,509
1,<environment.Job instance at 0x14a07daa0410>,67,20,[11  1],68,527,547,459,519
1,<environment.Job instance at 0x14a07daa0280>,68,22,[ 2 11],69,535,557,466,530
1,<environment.Job instance at 0x14a07daa05a0>,70,23,[8 1],71,547,570,476,542
1,<environment.Job instance at 0x14a07db28640>,74,26,[9 2],75,570,596,495,567
1,<environment.Job instance at 0x14a07db289b0>,76,20,[6 1],77,572,592,495,572
1,<environment.Job instance at 0x14a07daa08c0>,73,20,[ 1 12],74,592,612,518,586
1,<environment.Job instance at 0x14a07da33640>,79,28,[ 1 11],80,612,640,532,611
1,<environment.Job instance at 0x14a07daa2960>,19,3,[ 2 13],20,640,643,620,623
1,<environment.Job instance at 0x14a07da336e0>,84,22,[14  2],85,643,665,558,637
1,<environment.Job instance at 0x14a07db288c0>,77,17,[ 1 13],78,680,697,602,680
1,<environment.Job instance at 0x14a0a091fdc0>,86,25,[5 2],87,681,706,594,681
1,<environment.Job instance at 0x14a09c2032d0>,87,23,[14  2],88,706,729,618,700
1,<environment.Job instance at 0x14a07da33460>,80,12,[ 1 11],81,700,712,619,700
1,<environment.Job instance at 0x14a0a5ebed20>,91,22,[7 1],92,729,751,637,722
1,<environment.Job instance at 0x14a0a4dec190>,92,1,[5 2],93,729,730,636,727
1,<environment.Job instance at 0x14a07da33aa0>,93,1,[11  2],94,751,752,657,736
1,<environment.Job instance at 0x14a09f24e280>,94,25,[14  1],95,752,777,657,748
1,<environment.Job instance at 0x14a0a73e2eb0>,96,21,[ 1 11],97,768,789,671,768
1,<environment.Job instance at 0x14a09c1a3280>,97,24,[5 2],98,777,801,679,772
1,<environment.Job instance at 0x14a0a377f550>,98,2,[ 1 14],99,801,803,702,786
1,<environment.Job instance at 0x14a0a5dfbf00>,100,24,[5 2],101,803,827,702,798
1,<environment.Job instance at 0x14a0a5eaca00>,102,21,[1 6],103,803,824,700,799
1,<environment.Job instance at 0x14a0a54202d0>,89,3,[14  1],90,827,830,737,825
1,<environment.Job instance at 0x14a0a5eacaf0>,104,24,[2 9],105,830,854,725,825
1,<environment.Job instance at 0x14a09c1ea0a0>,106,19,[7 1],107,830,849,723,826
1,<environment.Job instance at 0x14a09c1ea4b0>,108,14,[13  1],109,849,863,740,834
1,<environment.Job instance at 0x14a0a543e550>,109,2,[2 6],110,854,856,744,834
1,<environment.Job instance at 0x14a0a543e1e0>,111,3,[ 2 11],112,856,859,744,855
1,<environment.Job instance at 0x14a09c1a94b0>,112,26,[2 9],113,859,885,746,856
1,<environment.Job instance at 0x14a09c1df320>,113,13,[13  1],114,887,900,773,887
1,<environment.Job instance at 0x14a09c1dfaf0>,114,3,[14  2],115,900,903,785,895
1,<environment.Job instance at 0x14a09c1df5a0>,115,20,[14  1],116,903,923,787,895
1,<environment.Job instance at 0x14a09c1df0f0>,116,3,[13  2],117,923,926,806,916
1,<environment.Job instance at 0x14a0a4df30a0>,118,23,[14  2],119,926,949,807,920
1,<environment.Job instance at 0x14a0a4df34b0>,119,1,[ 1 12],120,928,929,808,928
1,<environment.Job instance at 0x14a0a18ef320>,120,24,[ 1 10],121,929,953,808,929
1,<environment.Job instance at 0x14a0a18ef410>,122,24,[ 1 11],123,953,977,830,948
1,<environment.Job instance at 0x14a09c1dd910>,123,28,[2 7],124,977,1005,853,976
1,<environment.Job instance at 0x14a07da339b0>,85,1,[ 2 11],86,1005,1006,919,978
1,<environment.Job instance at 0x14a0a0977230>,126,2,[11  2],127,999,1001,872,999
1,<environment.Job instance at 0x14a0a00b32d0>,127,24,[10  2],128,1001,1025,873,999
1,<environment.Job instance at 0x14a0a18efaf0>,130,25,[12  2],131,1025,1050,894,1021
1,<environment.Job instance at 0x14a0a5def050>,131,28,[ 1 12],132,1021,1049,889,1021
1,<environment.Job instance at 0x14a0a54411e0>,133,28,[ 2 10],134,1049,1077,915,1048
1,<environment.Job instance at 0x14a0a5441a50>,135,20,[11  2],136,1061,1081,925,1061
1,<environment.Job instance at 0x14a0a7784050>,137,19,[1 7],138,1077,1096,939,1070
1,<environment.Job instance at 0x14a0a7784dc0>,139,21,[14  2],140,1081,1102,941,1075
1,<environment.Job instance at 0x14a09f25c5a0>,140,20,[ 1 13],141,1096,1116,955,1089
1,<environment.Job instance at 0x14a09f25c3c0>,142,16,[ 2 12],143,1117,1133,974,1117
1,<environment.Job instance at 0x14a09f25cc80>,143,27,[2 8],144,1133,1160,989,1131
1,<environment.Job instance at 0x14a09f25c140>,145,2,[ 2 13],146,1176,1178,1030,1176
1,<environment.Job instance at 0x14a0a18efeb0>,124,18,[ 2 14],125,1180,1198,1055,1180
1,<environment.Job instance at 0x14a09eae1370>,103,15,[ 2 14],104,1569,1584,1465,1569
1,<environment.Job instance at 0x14a0a4dd3b90>,146,16,[12  1],148,1724,1740,1576,1724
1,<environment.Job instance at 0x14a07da9d6e0>,35,14,[ 1 13],36,1881,1895,1845,1881
1,<environment.Job instance at 0x14a07daa02d0>,69,14,[ 1 12],70,2757,2771,2687,2757
1,<environment.Job instance at 0x14a07da8e190>,0,23,[5 1],1,1,24,0,1
1,<environment.Job instance at 0x14a07da8eb40>,2,28,[ 1 12],3,3,31,0,3
1,<environment.Job instance at 0x14a0a54e5190>,4,25,[11  2],5,24,49,19,21
1,<environment.Job instance at 0x14a0a54e5230>,3,24,[ 2 10],4,31,55,27,28
1,<environment.Job instance at 0x14a0a54e5c80>,10,24,[ 2 12],11,55,79,44,50
1,<environment.Job instance at 0x14a0a54e5460>,12,21,[10  1],13,66,87,53,66
1,<environment.Job instance at 0x14a0a54e59b0>,5,23,[ 1 14],6,79,102,73,79
1,<environment.Job instance at 0x14a0a54e5fa0>,13,24,[11  1],14,87,111,73,82
1,<environment.Job instance at 0x14a0a54e5730>,15,24,[2 7],16,102,126,86,97
1,<environment.Job instance at 0x14a0a54e55f0>,16,19,[5 2],17,114,133,97,114
1,<environment.Job instance at 0x14a0a54e5f00>,18,20,[9 1],19,126,146,107,125
1,<environment.Job instance at 0x14a0a54e5c30>,19,3,[ 2 12],20,144,147,124,144
1,<environment.Job instance at 0x14a09ef60410>,21,24,[12  1],22,146,170,124,144
1,<environment.Job instance at 0x14a09ef60b40>,23,28,[ 2 12],24,161,189,137,161
1,<environment.Job instance at 0x14a09ef608c0>,25,20,[ 1 12],26,189,209,163,187
1,<environment.Job instance at 0x14a09ef60230>,20,16,[ 1 14],21,216,232,195,216
1,<environment.Job instance at 0x14a09ef60370>,27,23,[9 2],28,232,255,204,228
1,<environment.Job instance at 0x14a09ef60c80>,26,12,[ 1 11],27,232,244,205,229
1,<environment.Job instance at 0x14a09ef60280>,31,28,[12  1],32,255,283,223,254
1,<environment.Job instance at 0x14a09ef60a50>,29,17,[ 2 14],30,288,305,258,288
1,<environment.Job instance at 0x14a0a779a960>,35,22,[9 1],36,294,316,258,294
1,<environment.Job instance at 0x14a0a779a1e0>,36,20,[8 2],37,316,336,279,308
1,<environment.Job instance at 0x14a0a779abe0>,37,27,[14  2],38,336,363,298,334
1,<environment.Job instance at 0x14a0a779ac80>,38,15,[ 1 12],39,369,384,330,369
1,<environment.Job instance at 0x14a0a779ae60>,39,2,[ 1 13],40,384,386,344,372
1,<environment.Job instance at 0x14a0a54e5640>,11,15,[11  2],12,373,388,361,373
1,<environment.Job instance at 0x14a0a779a870>,42,18,[ 1 11],43,386,404,343,381
1,<environment.Job instance at 0x14a0a779aaf0>,43,25,[10  1],44,388,413,344,384
1,<environment.Job instance at 0x14a0a779a820>,44,24,[ 1 14],45,404,428,359,401
1,<environment.Job instance at 0x14a0a779a5a0>,47,28,[6 1],48,414,442,366,414
1,<environment.Job instance at 0x14a0a779adc0>,46,1,[14  1],47,442,443,395,432
1,<environment.Job instance at 0x14a0a779ab90>,49,27,[2 6],50,443,470,393,441
1,<environment.Job instance at 0x14a0a0b733c0>,50,26,[8 1],51,443,469,392,441
1,<environment.Job instance at 0x14a0a779a050>,48,20,[ 1 11],49,470,490,421,462
1,<environment.Job instance at 0x14a09ef600f0>,32,2,[ 1 11],33,490,492,457,476
1,<environment.Job instance at 0x14a0a0b73910>,55,22,[14  1],56,479,501,423,479
1,<environment.Job instance at 0x14a0a0b73960>,56,22,[9 2],57,501,523,444,494
1,<environment.Job instance at 0x14a0a0b73c80>,57,26,[6 2],58,501,527,443,498
1,<environment.Job instance at 0x14a0a0b730f0>,58,16,[10  1],59,527,543,468,521
1,<environment.Job instance at 0x14a0a0b73a00>,54,21,[ 2 14],55,527,548,472,524
1,<environment.Job instance at 0x14a0a0b73aa0>,62,22,[14  2],63,548,570,485,541
1,<environment.Job instance at 0x14a0a6cf4be0>,64,27,[ 2 14],65,570,597,505,568
1,<environment.Job instance at 0x14a09efae1e0>,66,17,[9 1],67,587,604,520,587
1,<environment.Job instance at 0x14a09efaecd0>,67,24,[12  2],68,604,628,536,599
1,<environment.Job instance at 0x14a09efae5f0>,68,24,[7 2],69,628,652,559,623
1,<environment.Job instance at 0x14a09efae410>,69,2,[ 2 11],70,629,631,559,629
1,<environment.Job instance at 0x14a09efae500>,70,27,[10  2],71,652,679,581,650
1,<environment.Job instance at 0x14a09efae050>,71,2,[ 1 13],72,677,679,605,677
1,<environment.Job instance at 0x14a09efae550>,72,23,[11  2],73,679,702,606,677
1,<environment.Job instance at 0x14a09efaedc0>,73,3,[ 1 12],74,682,685,608,682
1,<environment.Job instance at 0x14a09efae8c0>,74,22,[10  1],75,702,724,627,696
1,<environment.Job instance at 0x14a09efaef00>,75,24,[ 2 14],76,702,726,626,697
1,<environment.Job instance at 0x14a09efaed20>,77,2,[2 6],78,727,729,649,727
1,<environment.Job instance at 0x14a09efaef50>,78,19,[ 2 10],79,729,748,650,727
1,<environment.Job instance at 0x14a09efae9b0>,79,28,[7 1],80,727,755,647,727
1,<environment.Job instance at 0x14a09efae5a0>,80,21,[ 1 14],81,748,769,667,740
1,<environment.Job instance at 0x14a07db84690>,82,26,[8 2],83,769,795,686,768
1,<environment.Job instance at 0x14a07db84c80>,83,22,[8 2],84,795,817,711,788
1,<environment.Job instance at 0x14a07db84dc0>,85,27,[7 1],86,790,817,704,790
1,<environment.Job instance at 0x14a07db849b0>,86,21,[ 2 12],87,817,838,730,809
1,<environment.Job instance at 0x14a07db84320>,87,27,[7 1],88,817,844,729,815
1,<environment.Job instance at 0x14a07db84370>,88,16,[10  2],89,844,860,755,840
1,<environment.Job instance at 0x14a07db84c30>,89,23,[8 2],90,860,883,770,855
1,<environment.Job instance at 0x14a07db84280>,90,23,[13  2],91,883,906,792,877
1,<environment.Job instance at 0x14a07db84a00>,92,23,[2 6],93,884,907,791,884
1,<environment.Job instance at 0x14a07db840a0>,93,2,[12  2],94,906,908,812,893
1,<environment.Job instance at 0x14a07db840f0>,94,28,[11  1],95,908,936,813,907
1,<environment.Job instance at 0x14a07db84960>,95,26,[6 2],96,936,962,840,933
1,<environment.Job instance at 0x14a07db843c0>,96,22,[11  2],97,962,984,865,956
1,<environment.Job instance at 0x14a07db84050>,97,28,[13  1],98,984,1012,886,983
1,<environment.Job instance at 0x14a07db84af0>,98,16,[ 1 12],99,1007,1023,908,1007
1,<environment.Job instance at 0x14a07da8eaa0>,1,15,[ 1 14],2,1025,1040,1023,1025
1,<environment.Job instance at 0x14a0a6cf4e10>,63,3,[12  2],64,1040,1043,976,1033
1,<environment.Job instance at 0x14a0a0a7df50>,101,28,[ 2 13],102,1040,1068,938,1039
1,<environment.Job instance at 0x14a0a0a7da50>,102,26,[ 1 14],103,1068,1094,965,1065
1,<environment.Job instance at 0x14a0a0a7d1e0>,106,27,[8 2],107,1094,1121,987,1092
1,<environment.Job instance at 0x14a07db84b40>,99,14,[11  1],100,1121,1135,1021,1117
1,<environment.Job instance at 0x14a0a0a7de10>,108,25,[11  1],109,1135,1160,1026,1131
1,<environment.Job instance at 0x14a0a0a7d6e0>,107,1,[ 2 13],108,1138,1139,1030,1138
1,<environment.Job instance at 0x14a0a0a7d460>,110,28,[14  2],111,1160,1188,1049,1160
1,<environment.Job instance at 0x14a0a0a7d9b0>,112,27,[ 1 13],113,1161,1188,1048,1161
1,<environment.Job instance at 0x14a0a0a7d280>,113,23,[11  1],114,1188,1211,1074,1183
1,<environment.Job instance at 0x14a0a0a7d140>,114,27,[13  1],115,1211,1238,1096,1209
1,<environment.Job instance at 0x14a0a0a7d230>,109,3,[12  1],110,1238,1241,1128,1224
1,<environment.Job instance at 0x14a0a0a7d050>,117,19,[9 1],118,1241,1260,1123,1235
1,<environment.Job instance at 0x14a0a09797d0>,118,15,[6 2],119,1241,1256,1122,1239
1,<environment.Job instance at 0x14a0a0a7da00>,119,25,[ 1 12],120,1256,1281,1136,1252
1,<environment.Job instance at 0x14a0a6d2d910>,121,28,[ 2 13],122,1281,1309,1159,1280
1,<environment.Job instance at 0x14a0a6d2dc80>,122,23,[5 1],123,1283,1306,1160,1283
1,<environment.Job instance at 0x14a0a6d2dd20>,124,26,[ 2 14],125,1309,1335,1184,1308
1,<environment.Job instance at 0x14a0a6d2ddc0>,125,25,[1 8],126,1335,1360,1209,1331
1,<environment.Job instance at 0x14a0a6d2d1e0>,126,18,[12  1],127,1332,1350,1205,1332
1,<environment.Job instance at 0x14a0a6d2df00>,127,2,[11  2],128,1353,1355,1225,1353
1,<environment.Job instance at 0x14a0a6d2d960>,128,28,[6 1],129,1355,1383,1226,1354
1,<environment.Job instance at 0x14a0a0a3dd20>,129,25,[14  1],130,1383,1408,1253,1379
1,<environment.Job instance at 0x14a0a0a3d910>,130,23,[14  1],131,1408,1431,1277,1402
1,<environment.Job instance at 0x14a0a5ebac80>,133,14,[1 6],134,1418,1432,1284,1418
1,<environment.Job instance at 0x14a0a0a7d910>,103,15,[11  1],104,1431,1446,1327,1426
1,<environment.Job instance at 0x14a0a5eba0a0>,135,22,[ 2 10],136,1432,1454,1296,1430
1,<environment.Job instance at 0x14a0a5eba9b0>,134,14,[14  1],135,1454,1468,1319,1447
1,<environment.Job instance at 0x14a0a5eba500>,140,18,[9 2],141,1468,1486,1327,1459
1,<environment.Job instance at 0x14a0a10d4c30>,142,21,[2 7],146,1468,1489,1322,1466
1,<environment.Job instance at 0x14a0a5eba8c0>,139,2,[ 2 14],140,1498,1500,1358,1498
1,<environment.Job instance at 0x14a0a0a7d7d0>,116,3,[ 1 13],117,1528,1531,1411,1528
1,<environment.Job instance at 0x14a0a0b73820>,51,12,[ 1 14],52,2365,2377,2313,2365
1,<environment.Job instance at 0x14a0a54e5b40>,7,12,[ 1 12],8,2601,2613,2593,2601
1,<environment.Job instance at 0x14a0a10c3be0>,0,26,[ 2 14],1,1,27,0,1
1,<environment.Job instance at 0x14a0a10c3320>,2,24,[14  1],3,27,51,24,27
1,<environment.Job instance at 0x14a0a10ae960>,9,25,[12  2],10,51,76,41,48
1,<environment.Job instance at 0x14a0a00c0870>,15,24,[14  1],16,76,100,60,72
1,<environment.Job instance at 0x14a0a117c3c0>,4,1,[ 1 11],5,101,102,96,101
1,<environment.Job instance at 0x14a0a00c0190>,17,24,[13  2],18,101,125,83,101
1,<environment.Job instance at 0x14a0a00c01e0>,14,1,[13  1],15,125,126,110,109
1,<environment.Job instance at 0x14a0a117c960>,6,16,[11  1],7,126,142,119,114
1,<environment.Job instance at 0x14a0a00c0c80>,23,27,[ 2 11],24,130,157,106,130
1,<environment.Job instance at 0x14a0a00c0230>,20,24,[5 2],21,142,166,121,137
1,<environment.Job instance at 0x14a0a00c0af0>,24,28,[12  1],25,166,194,141,165
1,<environment.Job instance at 0x14a0a00c0eb0>,16,19,[ 2 11],17,167,186,150,167
1,<environment.Job instance at 0x14a0a1138b90>,27,20,[13  2],28,194,214,166,185
1,<environment.Job instance at 0x14a0a00c0aa0>,26,2,[ 1 11],27,190,192,163,190
1,<environment.Job instance at 0x14a0a11380a0>,31,1,[5 1],32,214,215,182,193
1,<environment.Job instance at 0x14a0a1138eb0>,34,23,[ 1 10],35,201,224,166,201
1,<environment.Job instance at 0x14a0a10aec30>,7,18,[13  2],8,215,233,207,207
1,<environment.Job instance at 0x14a0a5d91a50>,36,25,[2 5],37,224,249,187,220
1,<environment.Job instance at 0x14a0a5d91be0>,40,22,[ 1 10],41,233,255,192,227
1,<environment.Job instance at 0x14a0a5d917d0>,39,20,[ 1 11],40,255,275,215,255
1,<environment.Job instance at 0x14a0a5d91640>,44,15,[6 1],45,255,270,210,255
1,<environment.Job instance at 0x14a0a11386e0>,32,1,[ 2 13],33,275,276,242,269
1,<environment.Job instance at 0x14a0a5d91910>,48,20,[ 2 14],49,276,296,227,276
1,<environment.Job instance at 0x14a0a5d913c0>,46,2,[ 1 14],47,298,300,251,298
1,<environment.Job instance at 0x14a0a1138b40>,33,1,[14  1],34,300,301,266,300
1,<environment.Job instance at 0x14a0a1183f50>,50,1,[13  2],51,301,302,250,300
1,<environment.Job instance at 0x14a0a11835f0>,52,27,[ 1 11],53,300,327,247,300
1,<environment.Job instance at 0x14a0a1183960>,53,2,[ 1 13],54,327,329,273,303
1,<environment.Job instance at 0x14a0a1183af0>,54,28,[2 7],55,329,357,274,328
1,<environment.Job instance at 0x14a0a1183780>,55,23,[1 7],56,329,352,273,329
1,<environment.Job instance at 0x14a0a1183d70>,58,28,[14  1],59,357,385,298,356
1,<environment.Job instance at 0x14a0a1183be0>,63,2,[13  1],64,386,388,322,386
1,<environment.Job instance at 0x14a0a1183b40>,64,1,[ 2 13],65,391,392,326,391
1,<environment.Job instance at 0x14a0a5d912d0>,49,3,[ 2 13],50,392,395,342,392
1,<environment.Job instance at 0x14a09eacef00>,68,23,[5 2],69,393,416,324,393
1,<environment.Job instance at 0x14a09eaced70>,69,23,[11  2],70,416,439,346,410
1,<environment.Job instance at 0x14a09eace0a0>,71,21,[ 1 13],72,413,434,341,413
1,<environment.Job instance at 0x14a09eacea00>,72,22,[11  2],73,439,461,366,432
1,<environment.Job instance at 0x14a09eace2d0>,73,3,[ 1 12],74,441,444,367,441
1,<environment.Job instance at 0x14a09eace640>,74,23,[1 8],75,444,467,369,441
1,<environment.Job instance at 0x14a09eacee10>,76,28,[10  2],77,461,489,384,460
1,<environment.Job instance at 0x14a09eace730>,77,28,[ 1 10],78,467,495,389,466
1,<environment.Job instance at 0x14a0a5d91eb0>,45,3,[ 1 11],46,495,498,449,488
1,<environment.Job instance at 0x14a09eace140>,78,12,[11  1],79,494,506,415,494
1,<environment.Job instance at 0x14a09eace550>,80,19,[11  2],81,506,525,425,496
1,<environment.Job instance at 0x14a09eaceaa0>,81,28,[10  2],82,525,553,443,524
1,<environment.Job instance at 0x14a09eaceb40>,83,1,[ 1 11],84,527,528,443,527
1,<environment.Job instance at 0x14a09eace5a0>,67,3,[13  1],68,553,556,485,549
1,<environment.Job instance at 0x14a09eace500>,85,26,[10  2],86,556,582,470,553
1,<environment.Job instance at 0x14a0a7d42870>,87,25,[ 1 11],88,556,581,468,556
1,<environment.Job instance at 0x14a0a7d42690>,88,25,[ 1 10],89,581,606,492,577
1,<environment.Job instance at 0x14a0a7d42730>,90,3,[ 1 12],91,606,609,515,582
1,<environment.Job instance at 0x14a0a7d42640>,91,25,[1 9],92,609,634,517,605
1,<environment.Job instance at 0x14a0a00c0d70>,21,14,[ 2 12],22,634,648,612,624
1,<environment.Job instance at 0x14a0a7d42550>,92,16,[13  1],93,626,642,533,626
1,<environment.Job instance at 0x14a0a7d426e0>,93,3,[1 6],94,648,651,554,628
1,<environment.Job instance at 0x14a0a547fdc0>,95,1,[ 1 14],96,651,652,555,642
1,<environment.Job instance at 0x14a0a547f190>,97,24,[14  1],98,648,672,550,643
1,<environment.Job instance at 0x14a0a547ff00>,96,2,[11  1],97,643,645,546,643
1,<environment.Job instance at 0x14a0a547f960>,99,16,[14  2],100,672,688,572,668
1,<environment.Job instance at 0x14a09eace370>,84,13,[ 1 11],85,684,697,599,684
1,<environment.Job instance at 0x14a0a11837d0>,62,13,[ 1 12],63,716,729,653,716
1,<environment.Job instance at 0x14a0a547f410>,98,14,[11  2],99,728,742,629,728
1,<environment.Job instance at 0x14a09eace0f0>,79,17,[12  1],80,742,759,662,731
1,<environment.Job instance at 0x14a0a18f3e60>,105,25,[2 6],106,732,757,626,732
1,<environment.Job instance at 0x14a0a18f3410>,106,19,[ 2 11],107,757,776,650,755
1,<environment.Job instance at 0x14a0a547f730>,104,27,[11  1],105,759,786,654,757
1,<environment.Job instance at 0x14a0a547f230>,101,12,[ 1 13],102,790,802,688,790
1,<environment.Job instance at 0x14a0a7de3550>,112,20,[12  2],113,805,825,692,805
1,<environment.Job instance at 0x14a0a547fa50>,103,3,[ 2 13],104,820,823,716,820
1,<environment.Job instance at 0x14a0a7de3c30>,114,2,[11  1],115,825,827,710,820
1,<environment.Job instance at 0x14a0a6d30690>,115,2,[7 2],116,828,830,712,828
1,<environment.Job instance at 0x14a0a6d30320>,116,25,[13  1],117,830,855,713,828
1,<environment.Job instance at 0x14a0a6d30e10>,117,22,[14  2],118,855,877,737,848
1,<environment.Job instance at 0x14a0a7de3820>,113,2,[12  1],114,877,879,763,850
1,<environment.Job instance at 0x14a0a6d30230>,123,26,[12  1],124,879,905,755,878
1,<environment.Job instance at 0x14a0a547f4b0>,100,14,[ 1 13],101,891,905,790,891
1,<environment.Job instance at 0x14a0a5dfdaa0>,127,26,[ 2 14],128,905,931,777,902
1,<environment.Job instance at 0x14a0a5dfdcd0>,128,25,[2 6],129,931,956,802,927
1,<environment.Job instance at 0x14a0a5dfda50>,129,18,[5 2],130,931,949,801,927
1,<environment.Job instance at 0x14a09efdd050>,130,1,[12  2],131,949,950,818,949
1,<environment.Job instance at 0x14a09f24a780>,133,1,[ 2 12],134,956,957,822,952
1,<environment.Job instance at 0x14a09f24ad20>,134,26,[ 1 11],135,957,983,822,954
1,<environment.Job instance at 0x14a0a6d30870>,122,3,[ 2 13],123,983,986,860,974
1,<environment.Job instance at 0x14a09f005370>,137,22,[7 1],138,977,999,839,977
1,<environment.Job instance at 0x14a0a5d8b690>,138,25,[ 1 12],139,986,1011,847,982
1,<environment.Job instance at 0x14a09ef442d0>,139,25,[12  1],140,999,1024,859,995
1,<environment.Job instance at 0x14a09ef445a0>,140,23,[13  2],141,1024,1047,883,1018
1,<environment.Job instance at 0x14a0a00c3be0>,144,28,[ 1 13],145,1028,1056,883,1028
1,<environment.Job instance at 0x14a0a7de3e60>,111,14,[ 2 11],112,1063,1077,951,1063
1,<environment.Job instance at 0x14a09ef83e10>,142,1,[13  2],143,1083,1084,940,1083
1,<environment.Job instance at 0x14a0a0acbd70>,136,15,[ 1 12],137,1243,1258,1106,1243
1,<environment.Job instance at 0x14a0a18f3a00>,107,12,[ 2 12],108,1258,1270,1150,1258
1,<environment.Job instance at 0x14a0a11a9730>,0,20,[1 8],1,3,23,2,3
1,<environment.Job instance at 0x14a0a11f90a0>,1,22,[7 2],2,3,25,1,3
1,<environment.Job instance at 0x14a09c024460>,10,22,[ 1 11],11,23,45,12,16
1,<environment.Job instance at 0x14a0a7de3d70>,5,21,[13  2],6,38,59,32,38
1,<environment.Job instance at 0x14a09c024f00>,16,27,[ 1 14],17,59,86,42,58
1,<environment.Job instance at 0x14a07db4f460>,19,19,[12  1],20,61,80,41,61
1,<environment.Job instance at 0x14a07db4f500>,20,27,[ 1 10],21,86,113,65,85
1,<environment.Job instance at 0x14a07db4f780>,22,28,[ 1 12],23,113,141,90,113
1,<environment.Job instance at 0x14a07db4f6e0>,23,28,[2 8],24,141,169,117,140
1,<environment.Job instance at 0x14a07db4f5f0>,26,16,[7 2],27,152,168,125,152
1,<environment.Job instance at 0x14a07db4faf0>,28,26,[ 1 11],29,169,195,140,166
1,<environment.Job instance at 0x14a07db4fa00>,29,28,[2 7],30,195,223,165,194
1,<environment.Job instance at 0x14a07db4fbe0>,30,20,[2 5],31,195,215,164,195
1,<environment.Job instance at 0x14a07db4fc30>,31,28,[14  1],32,223,251,191,222
1,<environment.Job instance at 0x14a07db4fdc0>,32,24,[11  1],33,251,275,218,247
1,<environment.Job instance at 0x14a07db4ff50>,34,25,[ 1 14],35,251,276,216,251
1,<environment.Job instance at 0x14a07d71a3c0>,38,21,[12  1],39,275,296,236,275
1,<environment.Job instance at 0x14a07d71a230>,39,2,[14  1],40,296,298,256,294
1,<environment.Job instance at 0x14a09c024dc0>,15,23,[ 2 13],16,298,321,282,295
1,<environment.Job instance at 0x14a07d71a4b0>,41,20,[12  1],42,299,319,257,299
1,<environment.Job instance at 0x14a07d71a780>,43,20,[ 1 12],44,321,341,277,313
1,<environment.Job instance at 0x14a07d71aa00>,46,26,[12  1],47,319,345,272,316
1,<environment.Job instance at 0x14a07d71a690>,47,25,[ 2 14],48,341,366,293,340
1,<environment.Job instance at 0x14a07d71abe0>,49,3,[ 2 14],50,366,369,316,365
1,<environment.Job instance at 0x14a07d71ad70>,52,1,[ 1 12],53,369,370,316,366
1,<environment.Job instance at 0x14a07d71ae60>,54,20,[ 1 11],55,370,390,315,369
1,<environment.Job instance at 0x14a07d71aeb0>,56,28,[2 7],57,390,418,333,389
1,<environment.Job instance at 0x14a07d71af50>,57,27,[1 5],58,390,417,332,389
1,<environment.Job instance at 0x14a07d72b230>,60,28,[11  1],61,395,423,334,395
1,<environment.Job instance at 0x14a07d72b410>,62,21,[14  2],63,423,444,360,415
1,<environment.Job instance at 0x14a07d72b5a0>,64,21,[14  1],65,444,465,379,436
1,<environment.Job instance at 0x14a07d72b730>,65,21,[8 2],66,465,486,399,457
1,<environment.Job instance at 0x14a09c024b90>,12,2,[ 1 14],13,486,488,473,476
1,<environment.Job instance at 0x14a07d72b690>,67,2,[13  1],68,486,488,418,476
1,<environment.Job instance at 0x14a07d72ba00>,69,26,[2 5],70,488,514,418,485
1,<environment.Job instance at 0x14a07d72b910>,70,23,[13  2],71,488,511,417,485
1,<environment.Job instance at 0x14a07d72baf0>,72,22,[ 2 11],73,514,536,441,507
1,<environment.Job instance at 0x14a07d72bc30>,73,21,[ 1 13],74,536,557,462,532
1,<environment.Job instance at 0x14a07d72be10>,75,25,[7 1],76,537,562,461,537
1,<environment.Job instance at 0x14a07d72be60>,76,26,[ 2 10],77,557,583,480,554
1,<environment.Job instance at 0x14a07d72bf50>,77,19,[ 2 13],78,583,602,505,574
1,<environment.Job instance at 0x14a07d72baa0>,68,16,[ 2 11],69,602,618,533,594
1,<environment.Job instance at 0x14a07d71b140>,80,1,[13  1],81,619,620,538,619
1,<environment.Job instance at 0x14a07d71b2d0>,83,25,[ 1 12],84,622,647,538,622
1,<environment.Job instance at 0x14a07d71b370>,84,27,[5 2],85,623,650,538,623
1,<environment.Job instance at 0x14a07d71b190>,85,16,[12  1],86,666,682,580,666
1,<environment.Job instance at 0x14a07d71b5a0>,86,27,[ 2 12],87,666,693,579,666
1,<environment.Job instance at 0x14a07d71b690>,88,20,[ 2 12],89,693,713,604,686
1,<environment.Job instance at 0x14a07d71b7d0>,89,20,[11  1],90,691,711,601,691
1,<environment.Job instance at 0x14a07d71b910>,91,22,[13  2],92,711,733,619,705
1,<environment.Job instance at 0x14a09c024e60>,14,12,[ 2 14],15,741,753,726,741
1,<environment.Job instance at 0x14a07d71b9b0>,93,18,[10  2],94,753,771,659,742
1,<environment.Job instance at 0x14a07d71ba50>,94,26,[5 1],95,743,769,648,743
1,<environment.Job instance at 0x14a07d71baf0>,95,16,[11  2],96,771,787,675,759
1,<environment.Job instance at 0x14a07d71bb90>,96,19,[ 2 13],97,769,788,672,762
1,<environment.Job instance at 0x14a07d71be10>,99,2,[11  2],100,787,789,687,783
1,<environment.Job instance at 0x14a07d71bcd0>,100,17,[ 1 12],101,798,815,697,798
1,<environment.Job instance at 0x14a07d71beb0>,101,27,[13  2],102,799,826,697,799
1,<environment.Job instance at 0x14a07d71bf00>,103,21,[ 2 13],104,815,836,711,809
1,<environment.Job instance at 0x14a07d712050>,104,19,[13  1],105,826,845,721,824
1,<environment.Job instance at 0x14a07d712230>,105,21,[ 2 10],106,836,857,730,829
1,<environment.Job instance at 0x14a0a5e771e0>,106,25,[13  2],107,845,870,738,841
1,<environment.Job instance at 0x14a07d71b1e0>,81,12,[ 1 14],82,870,882,788,863
1,<environment.Job instance at 0x14a09c32bbe0>,108,24,[8 1],109,870,894,761,867
1,<environment.Job instance at 0x14a09c32b8c0>,107,1,[14  1],108,894,895,786,879
1,<environment.Job instance at 0x14a07d71b870>,92,1,[ 2 11],93,887,888,794,887
1,<environment.Job instance at 0x14a09c32bc30>,111,3,[ 2 11],112,891,894,779,891
1,<environment.Job instance at 0x14a09c32bc80>,114,23,[ 2 11],115,895,918,780,892
1,<environment.Job instance at 0x14a0a54bfbe0>,115,22,[9 1],116,895,917,779,892
1,<environment.Job instance at 0x14a0a543af00>,113,1,[10  1],114,917,918,803,897
1,<environment.Job instance at 0x14a09c326460>,118,1,[13  2],119,918,919,799,899
1,<environment.Job instance at 0x14a09c32b320>,110,3,[ 1 11],111,918,921,807,908
1,<environment.Job instance at 0x14a0a73e28c0>,123,24,[ 1 14],124,921,945,797,916
1,<environment.Job instance at 0x14a0a08fafa0>,124,18,[13  2],125,945,963,820,935
1,<environment.Job instance at 0x14a09c326e10>,121,19,[ 1 11],122,945,964,823,936
1,<environment.Job instance at 0x14a09c326a50>,119,2,[ 1 11],120,964,966,844,962
1,<environment.Job instance at 0x14a0a148a5f0>,131,27,[11  2],132,963,990,831,962
1,<environment.Job instance at 0x14a0a7d45af0>,135,19,[13  1],136,990,1009,854,980
1,<environment.Job instance at 0x14a0a7d45d70>,136,27,[14  2],137,1009,1036,872,1007
1,<environment.Job instance at 0x14a07d65e500>,138,1,[2 9],139,1036,1037,897,1035
1,<environment.Job instance at 0x14a0a544b370>,141,27,[6 1],142,1036,1063,894,1036
1,<environment.Job instance at 0x14a0a0926230>,140,22,[6 1],141,1040,1062,899,1040
1,<environment.Job instance at 0x14a0a0926b40>,143,13,[12  2],144,1076,1089,932,1076
1,<environment.Job instance at 0x14a0a0926eb0>,144,2,[ 1 13],145,1100,1102,955,1100
1,<environment.Job instance at 0x14a0a5469c30>,146,3,[14  1],147,1100,1103,953,1100
1,<environment.Job instance at 0x14a0a54695f0>,147,19,[7 1],153,1103,1122,950,1101
1,<environment.Job instance at 0x14a09c326f00>,128,14,[11  1],129,1122,1136,993,1114
1,<environment.Job instance at 0x14a0a5469730>,148,13,[ 1 12],154,1306,1319,1152,1306
1,<environment.Job instance at 0x14a0a5469500>,145,16,[ 2 12],146,1339,1355,1193,1339
1,<environment.Job instance at 0x14a07d71adc0>,53,15,[13  2],54,1419,1434,1365,1419
1,<environment.Job instance at 0x14a0a18ec0f0>,1,28,[12  2],2,2,30,0,2
1,<environment.Job instance at 0x14a0a18ec3c0>,4,26,[2 9],5,6,32,1,6
1,<environment.Job instance at 0x14a07d71adc0>,3,28,[11  2],4,30,58,26,29
1,<environment.Job instance at 0x14a0a5458640>,12,19,[2 9],13,39,58,26,39
1,<environment.Job instance at 0x14a07d71af00>,2,21,[8 1],3,58,79,55,52
1,<environment.Job instance at 0x14a0a5458910>,11,25,[9 1],12,79,104,67,75
1,<environment.Job instance at 0x14a0a1084370>,16,13,[1 5],17,75,88,58,75
1,<environment.Job instance at 0x14a0a54f7fa0>,18,2,[12  1],19,104,106,85,80
1,<environment.Job instance at 0x14a0a54f7cd0>,20,25,[ 1 11],21,88,113,67,84
1,<environment.Job instance at 0x14a0a54f7f50>,22,2,[ 2 13],23,113,115,90,103
1,<environment.Job instance at 0x14a0a10840f0>,15,18,[14  2],16,115,133,99,106
1,<environment.Job instance at 0x14a0a097a410>,25,24,[1 7],26,115,139,89,111
1,<environment.Job instance at 0x14a0a097afa0>,26,22,[ 2 12],27,139,161,112,132
1,<environment.Job instance at 0x14a0a097a140>,27,26,[10  2],28,133,159,105,132
1,<environment.Job instance at 0x14a0a5458fa0>,9,17,[ 1 11],10,161,178,151,155
1,<environment.Job instance at 0x14a0a11dd370>,23,2,[ 2 11],24,178,180,154,159
1,<environment.Job instance at 0x14a0a097ac80>,32,1,[11  2],33,166,167,133,166
1,<environment.Job instance at 0x14a0a097a820>,33,2,[ 1 14],34,180,182,146,169
1,<environment.Job instance at 0x14a0a097a7d0>,36,3,[1 8],37,182,185,145,181
1,<environment.Job instance at 0x14a0a097ab40>,31,19,[ 1 11],32,186,205,154,186
1,<environment.Job instance at 0x14a09f0266e0>,42,23,[12  2],43,198,221,155,198
1,<environment.Job instance at 0x14a09f026b90>,44,3,[12  1],45,221,224,176,217
1,<environment.Job instance at 0x14a09f026140>,39,25,[ 2 14],40,221,246,181,220
1,<environment.Job instance at 0x14a09f026960>,45,16,[ 2 14],46,246,262,200,238
1,<environment.Job instance at 0x14a07d64ec80>,49,27,[ 2 11],50,262,289,212,260
1,<environment.Job instance at 0x14a07d7d4c80>,50,20,[14  2],51,289,309,238,283
1,<environment.Job instance at 0x14a07d546140>,53,25,[13  1],54,309,334,255,306
1,<environment.Job instance at 0x14a09ef89870>,54,22,[1 9],55,309,331,254,309
1,<environment.Job instance at 0x14a07d546190>,51,26,[14  1],52,334,360,282,331
1,<environment.Job instance at 0x14a09ef89f00>,55,1,[ 2 11],56,331,332,275,331
1,<environment.Job instance at 0x14a09ef89410>,57,27,[14  1],58,360,387,302,358
1,<environment.Job instance at 0x14a09ef895a0>,58,19,[10  1],59,387,406,328,377
1,<environment.Job instance at 0x14a07db57730>,6,1,[14  1],7,406,407,399,389
1,<environment.Job instance at 0x14a09ef89190>,62,27,[ 1 12],63,389,416,326,389
1,<environment.Job instance at 0x14a09ef89730>,63,26,[ 1 12],64,416,442,352,413
1,<environment.Job instance at 0x14a09ef892d0>,60,12,[11  1],61,420,432,359,420
1,<environment.Job instance at 0x14a09ef898c0>,69,2,[11  2],70,435,437,365,435
1,<environment.Job instance at 0x14a09ef89960>,66,23,[6 1],67,437,460,370,436
1,<environment.Job instance at 0x14a09ef89b90>,70,2,[ 2 13],71,442,444,371,437
1,<environment.Job instance at 0x14a09ef89d20>,73,3,[6 2],74,438,441,364,438
1,<environment.Job instance at 0x14a09ef89a00>,74,24,[ 1 10],75,444,468,369,439
1,<environment.Job instance at 0x14a0a11b0050>,75,22,[ 1 14],76,468,490,392,461
1,<environment.Job instance at 0x14a0a11b0500>,76,3,[ 1 12],77,490,493,413,465
1,<environment.Job instance at 0x14a0a11b0d20>,77,22,[ 2 14],78,493,515,415,487
1,<environment.Job instance at 0x14a09efe8dc0>,79,25,[1 6],80,515,540,435,511
1,<environment.Job instance at 0x14a09efe85a0>,80,23,[ 2 14],81,540,563,459,534
1,<environment.Job instance at 0x14a09efe88c0>,81,26,[ 1 12],82,563,589,481,560
1,<environment.Job instance at 0x14a0a11dd9b0>,24,13,[ 2 14],25,589,602,564,579
1,<environment.Job instance at 0x14a0a10c6370>,83,26,[5 2],84,602,628,518,599
1,<environment.Job instance at 0x14a09ef89a50>,64,16,[12  2],65,628,644,563,616
1,<environment.Job instance at 0x14a0a10c6d20>,86,27,[6 1],87,644,671,557,642
1,<environment.Job instance at 0x14a0a117f5f0>,87,22,[6 2],88,644,666,556,642
1,<environment.Job instance at 0x14a0a4de4050>,89,25,[14  2],90,671,696,581,667
1,<environment.Job instance at 0x14a0a3759a00>,88,3,[ 1 13],89,681,684,592,681
1,<environment.Job instance at 0x14a0a4de4fa0>,91,16,[2 6],92,696,712,604,684
1,<environment.Job instance at 0x14a09ef9d190>,92,20,[6 1],93,696,716,603,688
1,<environment.Job instance at 0x14a09ef9d1e0>,94,23,[5 2],95,696,719,601,690
1,<environment.Job instance at 0x14a09ef9d320>,95,3,[11  2],96,719,722,623,709
1,<environment.Job instance at 0x14a0a11dc780>,97,26,[1 9],98,712,738,614,709
1,<environment.Job instance at 0x14a0a5473dc0>,96,26,[8 2],97,722,748,625,719
1,<environment.Job instance at 0x14a0a10c6b90>,82,19,[ 2 14],83,748,767,665,739
1,<environment.Job instance at 0x14a0a11e90f0>,102,1,[ 1 12],103,740,741,637,740
1,<environment.Job instance at 0x14a0a11e5730>,107,26,[11  1],108,749,775,641,749
1,<environment.Job instance at 0x14a0a00d7960>,108,24,[ 1 13],109,767,791,658,764
1,<environment.Job instance at 0x14a0a11f59b0>,109,26,[ 1 10],110,791,817,681,788
1,<environment.Job instance at 0x14a07da30cd0>,111,26,[ 2 13],112,817,843,705,814
1,<environment.Job instance at 0x14a0a5503500>,112,25,[9 1],113,814,839,701,814
1,<environment.Job instance at 0x14a0a5503eb0>,110,2,[14  2],111,843,845,732,825
1,<environment.Job instance at 0x14a07d5675f0>,113,2,[13  1],114,839,841,725,827
1,<environment.Job instance at 0x14a0a5d90500>,116,1,[12  2],117,845,846,728,845
1,<environment.Job instance at 0x14a0a00d77d0>,106,19,[ 2 14],107,846,865,739,845
1,<environment.Job instance at 0x14a0a779b5a0>,118,23,[ 1 14],119,865,888,746,859
1,<environment.Job instance at 0x14a09efc9dc0>,117,19,[ 1 13],118,888,907,770,878
1,<environment.Job instance at 0x14a09ef89280>,71,1,[ 2 11],72,907,908,835,879
1,<environment.Job instance at 0x14a0a0abf320>,122,3,[ 2 12],123,908,911,785,896
1,<environment.Job instance at 0x14a0a11ae230>,126,23,[9 1],127,903,926,776,903
1,<environment.Job instance at 0x14a0a097a4b0>,28,14,[ 2 14],29,914,928,885,914
1,<environment.Job instance at 0x14a07d46bd20>,125,19,[1 5],126,928,947,802,918
1,<environment.Job instance at 0x14a07d961fa0>,127,28,[13  1],128,926,954,798,926
1,<environment.Job instance at 0x14a0a0abf9b0>,131,26,[ 2 11],132,947,973,815,946
1,<environment.Job instance at 0x14a0a1092050>,132,24,[ 2 11],133,973,997,840,968
1,<environment.Job instance at 0x14a0a1489b40>,133,24,[6 1],134,968,992,834,968
1,<environment.Job instance at 0x14a0a1043960>,134,16,[13  2],135,992,1008,857,982
1,<environment.Job instance at 0x14a07db396e0>,138,3,[2 7],139,997,1000,858,993
1,<environment.Job instance at 0x14a07da818c0>,140,26,[8 2],141,1008,1034,867,1005
1,<environment.Job instance at 0x14a07db39cd0>,141,24,[9 2],142,1034,1058,892,1029
1,<environment.Job instance at 0x14a0a10ae460>,142,2,[ 2 12],143,1043,1045,900,1043
1,<environment.Job instance at 0x14a0a0abff50>,130,20,[ 1 13],131,1045,1065,914,1045
1,<environment.Job instance at 0x14a07d830640>,143,1,[ 1 11],144,1065,1066,921,1059
1,<environment.Job instance at 0x14a07d605be0>,146,1,[ 1 11],147,1067,1068,920,1067
1,<environment.Job instance at 0x14a0a1470d20>,115,14,[12  1],116,1074,1088,958,1074
1,<environment.Job instance at 0x14a07d87d8c0>,119,14,[ 1 12],120,1085,1099,965,1085
1,<environment.Job instance at 0x14a09efa30f0>,148,3,[ 2 13],149,1099,1102,950,1097
1,<environment.Job instance at 0x14a0a10bcfa0>,150,14,[11  1],158,1109,1123,951,1109
1,<environment.Job instance at 0x14a09efa3370>,149,16,[ 2 13],156,1174,1190,1018,1174
1,<environment.Job instance at 0x14a0a00c03c0>,135,13,[12  1],136,1179,1192,1043,1179
1,<environment.Job instance at 0x14a07d605a00>,145,1,[ 1 12],146,1194,1195,1048,1194
1,<environment.Job instance at 0x14a0a11e8aa0>,0,26,[1 8],1,1,27,0,1
1,<environment.Job instance at 0x14a09eab8280>,2,24,[13  2],3,3,27,0,3
1,<environment.Job instance at 0x14a0a11e8410>,4,24,[7 1],5,27,51,22,22
1,<environment.Job instance at 0x14a0a11e8730>,8,28,[ 2 12],9,27,55,18,27
1,<environment.Job instance at 0x14a07d880640>,9,24,[11  1],10,51,75,41,49
1,<environment.Job instance at 0x14a07d880410>,7,28,[ 1 13],8,63,91,55,63
1,<environment.Job instance at 0x14a0a7375870>,13,26,[11  2],14,75,101,61,73
1,<environment.Job instance at 0x14a0a7375820>,12,26,[ 1 12],13,91,117,78,89
1,<environment.Job instance at 0x14a0a7375370>,17,19,[13  1],18,104,123,86,104
1,<environment.Job instance at 0x14a0a4dcdc80>,20,28,[ 2 10],21,117,145,96,117
1,<environment.Job instance at 0x14a0a11e8fa0>,1,1,[ 1 12],2,145,146,143,130
1,<environment.Job instance at 0x14a0a7375be0>,15,2,[14  1],16,145,147,129,134
1,<environment.Job instance at 0x14a0a5db1550>,25,25,[ 1 13],26,146,171,120,142
1,<environment.Job instance at 0x14a0a5db1d70>,26,25,[ 2 12],27,171,196,144,167
1,<environment.Job instance at 0x14a07d560f00>,28,25,[6 1],29,167,192,138,167
1,<environment.Job instance at 0x14a0a779bf50>,30,21,[5 1],31,188,209,157,188
1,<environment.Job instance at 0x14a0a11f5050>,31,24,[14  2],32,209,233,177,204
1,<environment.Job instance at 0x14a0a11f50f0>,32,20,[11  2],33,233,253,200,225
1,<environment.Job instance at 0x14a0a7787500>,24,21,[13  2],25,253,274,228,252
1,<environment.Job instance at 0x14a07d1ec500>,19,19,[ 2 12],20,277,296,257,277
1,<environment.Job instance at 0x14a0a5dcf370>,37,28,[9 1],38,289,317,251,289
1,<environment.Job instance at 0x14a07dbe93c0>,39,25,[14  1],40,317,342,277,313
1,<environment.Job instance at 0x14a07dbe9140>,36,24,[ 2 14],37,342,366,305,338
1,<environment.Job instance at 0x14a0a0a13e10>,34,1,[ 1 11],35,366,367,331,342
1,<environment.Job instance at 0x14a09eac4550>,44,18,[14  1],45,366,384,321,361
1,<environment.Job instance at 0x14a09eac4960>,46,22,[11  2],47,384,406,337,377
1,<environment.Job instance at 0x14a0a5ea84b0>,49,1,[ 2 10],50,400,401,350,400
1,<environment.Job instance at 0x14a0a5ea8eb0>,50,22,[ 2 12],51,401,423,350,401
1,<environment.Job instance at 0x14a0a5ea8b90>,51,27,[ 2 14],52,423,450,371,421
1,<environment.Job instance at 0x14a07d1ec4b0>,18,1,[ 1 12],19,457,458,438,457
1,<environment.Job instance at 0x14a0a73c3f50>,23,13,[ 1 14],24,458,471,434,458
1,<environment.Job instance at 0x14a0a5ea8e10>,55,18,[13  1],56,459,477,403,459
1,<environment.Job instance at 0x14a0a5ea8a50>,54,19,[ 1 13],55,471,490,416,467
1,<environment.Job instance at 0x14a0a5ea8aa0>,57,19,[14  1],58,477,496,419,470
1,<environment.Job instance at 0x14a0a5ea8410>,58,24,[ 1 14],59,490,514,431,486
1,<environment.Job instance at 0x14a09c0615f0>,59,25,[11  2],60,514,539,454,511
1,<environment.Job instance at 0x14a0a5ea8910>,60,16,[13  1],61,542,558,481,542
1,<environment.Job instance at 0x14a0a5ea8fa0>,61,23,[13  2],62,558,581,496,552
1,<environment.Job instance at 0x14a07d54e5f0>,62,2,[ 2 14],63,584,586,521,584
1,<environment.Job instance at 0x14a0a5ea85f0>,56,1,[14  2],57,595,596,538,595
1,<environment.Job instance at 0x14a07d24a690>,64,26,[ 2 10],65,596,622,531,595
1,<environment.Job instance at 0x14a0a7386640>,66,16,[11  2],67,629,645,562,629
1,<environment.Job instance at 0x14a07d148230>,67,24,[2 7],68,629,653,561,629
1,<environment.Job instance at 0x14a0a543de10>,68,20,[ 2 13],69,653,673,584,645
1,<environment.Job instance at 0x14a07d2a4960>,69,12,[ 2 14],70,673,685,603,668
1,<environment.Job instance at 0x14a0a543de60>,71,18,[13  2],72,685,703,613,675
1,<environment.Job instance at 0x14a07d18c460>,72,27,[2 9],73,685,712,612,683
1,<environment.Job instance at 0x14a0a543daf0>,73,19,[ 2 11],74,712,731,638,705
1,<environment.Job instance at 0x14a09f00c690>,74,28,[ 1 11],75,731,759,656,731
1,<environment.Job instance at 0x14a07d802690>,76,23,[2 8],77,759,782,682,753
1,<environment.Job instance at 0x14a07db1f190>,77,23,[1 7],78,759,782,681,754
1,<environment.Job instance at 0x14a09c17d780>,78,21,[14  2],79,782,803,703,775
1,<environment.Job instance at 0x14a07d660e60>,79,20,[12  1],80,803,823,723,799
1,<environment.Job instance at 0x14a07d24a780>,63,3,[ 2 12],64,803,806,739,799
1,<environment.Job instance at 0x14a09ef836e0>,81,28,[ 2 13],82,806,834,724,805
1,<environment.Job instance at 0x14a0a0aba550>,86,21,[ 2 11],87,834,855,747,829
1,<environment.Job instance at 0x14a0a0aba0a0>,87,26,[2 6],88,855,881,767,852
1,<environment.Job instance at 0x14a0a0aba4b0>,88,17,[13  2],89,874,891,785,874
1,<environment.Job instance at 0x14a0a0abad20>,89,27,[1 9],90,881,908,791,879
1,<environment.Job instance at 0x14a0a09945f0>,90,23,[13  2],91,891,914,800,886
1,<environment.Job instance at 0x14a09f25ba50>,94,17,[ 1 12],95,915,932,820,915
1,<environment.Job instance at 0x14a07d45c0a0>,95,26,[5 2],96,915,941,819,915
1,<environment.Job instance at 0x14a07d45cb40>,96,23,[2 8],97,932,955,835,926
1,<environment.Job instance at 0x14a07d45c820>,97,1,[1 9],98,955,956,857,934
1,<environment.Job instance at 0x14a07d45c460>,98,23,[8 1],99,936,959,837,936
1,<environment.Job instance at 0x14a07d692af0>,100,17,[14  1],101,959,976,858,950
1,<environment.Job instance at 0x14a09ead5960>,101,21,[14  1],102,976,997,874,968
1,<environment.Job instance at 0x14a09ef83690>,80,3,[11  1],81,997,1000,916,993
1,<environment.Job instance at 0x14a09ead5cd0>,103,20,[12  1],104,1000,1020,896,993
1,<environment.Job instance at 0x14a09ead5280>,106,28,[13  2],107,1020,1048,913,1019
1,<environment.Job instance at 0x14a0a11c6460>,108,15,[11  2],109,1055,1070,946,1055
1,<environment.Job instance at 0x14a0a11c6320>,109,19,[ 2 11],110,1058,1077,948,1058
1,<environment.Job instance at 0x14a0a11c6690>,110,20,[ 1 12],111,1077,1097,966,1072
1,<environment.Job instance at 0x14a0a11c6f50>,111,28,[ 2 11],112,1097,1125,985,1096
1,<environment.Job instance at 0x14a0a11c6b90>,112,1,[12  1],113,1112,1113,999,1112
1,<environment.Job instance at 0x14a0a11c6190>,113,28,[6 2],114,1113,1141,999,1112
1,<environment.Job instance at 0x14a0a11c6f00>,114,25,[5 1],115,1113,1138,998,1113
1,<environment.Job instance at 0x14a09ead5690>,102,17,[ 2 14],103,1159,1176,1056,1159
1,<environment.Job instance at 0x14a07d82ffa0>,116,17,[ 1 12],117,1211,1228,1094,1211
1,<environment.Job instance at 0x14a07d82f7d0>,118,14,[11  2],119,1265,1279,1146,1265
1,<environment.Job instance at 0x14a07d6eaaf0>,121,3,[ 2 13],122,1276,1279,1154,1276
1,<environment.Job instance at 0x14a07d6ead70>,122,1,[11  1],123,1279,1280,1156,1277
1,<environment.Job instance at 0x14a07d6ea960>,123,19,[ 2 14],124,1281,1300,1157,1281
1,<environment.Job instance at 0x14a07d6ea1e0>,124,19,[14  1],125,1300,1319,1175,1294
1,<environment.Job instance at 0x14a07d6ea6e0>,125,24,[11  2],126,1319,1343,1193,1314
1,<environment.Job instance at 0x14a0a545e230>,41,13,[ 1 13],42,1329,1342,1287,1329
1,<environment.Job instance at 0x14a07d6ea780>,128,2,[ 2 14],129,1346,1348,1217,1346
1,<environment.Job instance at 0x14a07d6ea8c0>,129,24,[8 2],130,1348,1372,1218,1346
1,<environment.Job instance at 0x14a07d6eac30>,130,16,[2 6],131,1351,1367,1220,1351
1,<environment.Job instance at 0x14a07d6eab90>,132,26,[13  1],133,1372,1398,1239,1369
1,<environment.Job instance at 0x14a07d418f00>,133,24,[ 2 14],134,1372,1396,1238,1371
1,<environment.Job instance at 0x14a07d418050>,135,1,[ 2 14],136,1397,1398,1261,1397
1,<environment.Job instance at 0x14a07d418140>,136,25,[ 1 14],137,1398,1423,1261,1397
1,<environment.Job instance at 0x14a07d418e10>,138,26,[10  1],139,1400,1426,1261,1400
1,<environment.Job instance at 0x14a07d5c6af0>,140,23,[9 2],141,1426,1449,1285,1420
1,<environment.Job instance at 0x14a09f248500>,141,20,[7 2],142,1449,1469,1307,1441
1,<environment.Job instance at 0x14a07d5c69b0>,142,24,[11  1],143,1469,1493,1326,1464
1,<environment.Job instance at 0x14a07d5c6e10>,143,20,[ 2 10],144,1464,1484,1320,1464
1,<environment.Job instance at 0x14a0a11c6370>,115,2,[12  1],116,1499,1501,1383,1499
1,<environment.Job instance at 0x14a0a7de9370>,144,13,[ 2 12],145,1529,1542,1384,1529
1,<environment.Job instance at 0x14a0a11f1b40>,146,18,[2 6],147,1542,1560,1395,1532
1,<environment.Job instance at 0x14a0a5ea8e60>,52,12,[ 2 11],53,1563,1575,1510,1563
1,<environment.Job instance at 0x14a07d6ea550>,127,13,[14  2],128,1681,1694,1553,1681
1,<environment.Job instance at 0x14a07d5c6550>,145,17,[ 1 14],146,1997,2014,1851,1997
1,<environment.Job instance at 0x14a0a5ea8050>,53,12,[ 1 12],54,2622,2634,2568,2622
1,<environment.Job instance at 0x14a07d8337d0>,0,24,[1 9],1,1,25,0,1
1,<environment.Job instance at 0x14a0a5ea8050>,4,21,[9 1],5,6,27,1,6
1,<environment.Job instance at 0x14a0a5ea8c30>,1,22,[ 2 12],2,25,47,23,24
1,<environment.Job instance at 0x14a09c057d70>,8,26,[9 1],9,27,53,18,24
1,<environment.Job instance at 0x14a09c0571e0>,9,25,[6 1],10,47,72,37,44
1,<environment.Job instance at 0x14a09c3111e0>,14,21,[6 1],15,53,74,38,45
1,<environment.Job instance at 0x14a09c311dc0>,15,27,[12  2],16,74,101,58,72
1,<environment.Job instance at 0x14a09c311780>,16,23,[ 1 13],17,75,98,58,75
1,<environment.Job instance at 0x14a07d1efbe0>,3,3,[11  2],4,101,104,97,78
1,<environment.Job instance at 0x14a07d154640>,17,2,[7 1],18,104,106,86,79
1,<environment.Job instance at 0x14a09c311140>,13,3,[12  2],14,106,109,92,83
1,<environment.Job instance at 0x14a07d154550>,22,27,[13  1],23,109,136,86,107
1,<environment.Job instance at 0x14a07d154aa0>,20,1,[ 2 12],21,119,120,98,119
1,<environment.Job instance at 0x14a07d1545f0>,27,21,[13  2],28,136,157,108,133
1,<environment.Job instance at 0x14a07d665f50>,33,3,[ 1 14],34,174,177,140,174
1,<environment.Job instance at 0x14a07d6653c0>,34,2,[10  2],35,177,179,142,174
1,<environment.Job instance at 0x14a07d6655a0>,36,25,[ 2 12],37,177,202,140,174
1,<environment.Job instance at 0x14a0a0bcdfa0>,38,19,[7 2],39,187,206,148,187
1,<environment.Job instance at 0x14a0a0bcd1e0>,39,27,[2 9],40,202,229,162,200
1,<environment.Job instance at 0x14a0a0bcd8c0>,40,25,[14  2],41,229,254,188,225
1,<environment.Job instance at 0x14a0a0bcdaa0>,44,21,[11  1],45,254,275,209,252
1,<environment.Job instance at 0x14a07d154410>,26,15,[ 2 12],27,312,327,285,312
1,<environment.Job instance at 0x14a09c0570f0>,12,14,[ 2 12],13,327,341,314,327
1,<environment.Job instance at 0x14a07d4bef00>,48,24,[ 2 11],49,341,365,292,336
1,<environment.Job instance at 0x14a0a0bcda00>,49,16,[ 2 11],50,365,381,315,363
1,<environment.Job instance at 0x14a07d4be5f0>,50,21,[ 1 13],51,381,402,330,375
1,<environment.Job instance at 0x14a0a11a9fa0>,51,2,[6 1],52,383,385,331,383
1,<environment.Job instance at 0x14a0a11a9aa0>,52,3,[2 5],53,402,405,349,388
1,<environment.Job instance at 0x14a0a11a9d70>,53,21,[ 1 14],54,405,426,351,397
1,<environment.Job instance at 0x14a0a11a9140>,54,20,[7 2],55,426,446,371,417
1,<environment.Job instance at 0x14a0a11a9b90>,55,14,[ 2 12],56,433,447,377,433
1,<environment.Job instance at 0x14a0a11a9820>,56,18,[ 1 10],57,447,465,390,440
1,<environment.Job instance at 0x14a0a11a9e60>,57,19,[13  2],58,446,465,388,440
1,<environment.Job instance at 0x14a0a11a9c30>,58,22,[ 2 14],59,465,487,406,458
1,<environment.Job instance at 0x14a0a11a96e0>,60,21,[ 1 11],61,487,508,426,479
1,<environment.Job instance at 0x14a0a11a9e10>,62,28,[2 7],63,508,536,445,507
1,<environment.Job instance at 0x14a0a11a9eb0>,63,21,[14  2],64,536,557,472,528
1,<environment.Job instance at 0x14a0a11a9280>,64,27,[8 1],65,557,584,492,555
1,<environment.Job instance at 0x14a0a11a9370>,65,3,[2 7],66,561,564,495,561
1,<environment.Job instance at 0x14a0a11a97d0>,66,27,[ 1 13],67,564,591,497,562
1,<environment.Job instance at 0x14a07d4eceb0>,67,28,[9 2],68,584,612,516,583
1,<environment.Job instance at 0x14a07d4ecdc0>,68,28,[ 2 12],69,591,619,522,590
1,<environment.Job instance at 0x14a07d4ec050>,70,17,[13  1],71,614,631,543,614
1,<environment.Job instance at 0x14a07d4ec1e0>,71,22,[11  2],72,631,653,559,624
1,<environment.Job instance at 0x14a07d4ec370>,72,15,[13  2],73,653,668,580,642
1,<environment.Job instance at 0x14a07d4ecb40>,73,1,[ 2 14],74,668,669,594,651
1,<environment.Job instance at 0x14a07d4eca00>,74,1,[1 7],75,651,652,576,651
1,<environment.Job instance at 0x14a07d4ec960>,75,3,[ 1 14],76,669,672,593,654
1,<environment.Job instance at 0x14a07d4ec780>,76,26,[13  1],77,668,694,591,666
1,<environment.Job instance at 0x14a0a090b9b0>,77,22,[ 1 14],78,672,694,594,666
1,<environment.Job instance at 0x14a0a090b050>,78,20,[2 9],79,694,714,615,686
1,<environment.Job instance at 0x14a0a090b190>,79,28,[5 2],80,694,722,614,693
1,<environment.Job instance at 0x14a0a0bcddc0>,46,16,[ 1 14],47,722,738,675,717
1,<environment.Job instance at 0x14a0a090b6e0>,83,24,[ 1 14],84,738,762,654,733
1,<environment.Job instance at 0x14a0a090bf00>,86,1,[ 1 12],87,762,763,675,752
1,<environment.Job instance at 0x14a07d665550>,31,13,[ 1 11],32,763,776,731,756
1,<environment.Job instance at 0x14a0a090bd70>,89,20,[ 1 11],90,776,796,686,770
1,<environment.Job instance at 0x14a0a090b870>,90,3,[11  1],91,814,817,723,814
1,<environment.Job instance at 0x14a09c0f8a50>,91,19,[ 2 13],92,818,837,726,818
1,<environment.Job instance at 0x14a09c0f8230>,92,25,[14  2],93,837,862,744,833
1,<environment.Job instance at 0x14a09c0f8af0>,94,23,[ 2 13],95,862,885,767,856
1,<environment.Job instance at 0x14a09c0f80a0>,95,27,[12  1],96,862,889,766,860
1,<environment.Job instance at 0x14a09c0f8f50>,96,26,[6 1],97,889,915,792,886
1,<environment.Job instance at 0x14a09c0f8c80>,97,15,[7 1],98,892,907,794,892
1,<environment.Job instance at 0x14a09c0f85a0>,98,26,[ 1 11],99,893,919,794,893
1,<environment.Job instance at 0x14a09c0f8640>,99,23,[ 1 13],100,919,942,819,913
1,<environment.Job instance at 0x14a09c0f8cd0>,100,26,[1 8],101,942,968,841,939
1,<environment.Job instance at 0x14a09c0f8e10>,101,24,[ 2 11],102,968,992,866,963
1,<environment.Job instance at 0x14a09c0f8b90>,103,25,[12  2],104,971,996,867,971
1,<environment.Job instance at 0x14a07daa25a0>,108,23,[6 2],109,996,1019,887,990
1,<environment.Job instance at 0x14a07daa26e0>,109,22,[12  1],110,1019,1041,909,1012
1,<environment.Job instance at 0x14a07daa28c0>,110,24,[ 1 14],111,1019,1043,908,1014
1,<environment.Job instance at 0x14a07daa2500>,111,14,[ 1 11],112,1049,1063,937,1049
1,<environment.Job instance at 0x14a07daa2b90>,112,19,[13  2],113,1056,1075,943,1056
1,<environment.Job instance at 0x14a07daa2a50>,113,20,[14  2],114,1075,1095,961,1070
1,<environment.Job instance at 0x14a07daa27d0>,115,22,[ 1 13],116,1079,1101,963,1079
1,<environment.Job instance at 0x14a0a090b0f0>,80,16,[ 1 13],81,1138,1154,1057,1138
1,<environment.Job instance at 0x14a07daa2820>,118,13,[12  1],119,1161,1174,1042,1161
1,<environment.Job instance at 0x14a07daa2780>,119,1,[2 9],120,1168,1169,1048,1168
1,<environment.Job instance at 0x14a07daa2320>,120,27,[7 2],121,1174,1201,1053,1172
1,<environment.Job instance at 0x14a07daa2870>,117,12,[ 2 11],118,1172,1184,1054,1172
1,<environment.Job instance at 0x14a07daa22d0>,121,16,[14  2],122,1212,1228,1090,1212
1,<environment.Job instance at 0x14a07d2c1aa0>,123,23,[2 8],124,1228,1251,1104,1222
1,<environment.Job instance at 0x14a07d2c1960>,124,2,[ 1 14],125,1251,1253,1126,1229
1,<environment.Job instance at 0x14a07d2c1f00>,122,16,[12  2],123,1231,1247,1108,1231
1,<environment.Job instance at 0x14a07d2c1dc0>,125,2,[ 2 13],126,1253,1255,1127,1232
1,<environment.Job instance at 0x14a07d2c1a00>,127,21,[13  1],128,1247,1268,1119,1242
1,<environment.Job instance at 0x14a0a10d1780>,129,26,[ 2 13],130,1255,1281,1125,1252
1,<environment.Job instance at 0x14a07d78f6e0>,130,20,[9 1],131,1268,1288,1137,1259
1,<environment.Job instance at 0x14a07db84af0>,131,26,[2 9],132,1281,1307,1149,1278
1,<environment.Job instance at 0x14a07d78f7d0>,132,13,[ 2 12],133,1312,1325,1179,1312
1,<environment.Job instance at 0x14a07d154910>,23,17,[ 2 12],24,1325,1342,1301,1315
1,<environment.Job instance at 0x14a0a11b5aa0>,133,2,[ 2 12],134,1342,1344,1208,1330
1,<environment.Job instance at 0x14a0a11b50a0>,135,23,[1 7],136,1344,1367,1208,1338
1,<environment.Job instance at 0x14a0a090b960>,88,3,[ 2 13],89,1367,1370,1278,1344
1,<environment.Job instance at 0x14a09c123320>,137,1,[7 1],138,1346,1347,1208,1346
1,<environment.Job instance at 0x14a07d1cdb90>,138,26,[8 1],139,1347,1373,1208,1346
1,<environment.Job instance at 0x14a0a0bcdf00>,47,15,[ 2 14],48,1370,1385,1322,1361
1,<environment.Job instance at 0x14a07d22cf00>,141,1,[11  2],142,1385,1386,1243,1373
1,<environment.Job instance at 0x14a07d22c140>,143,2,[12  1],144,1386,1388,1242,1385
1,<environment.Job instance at 0x14a07d22cb90>,144,17,[ 2 13],145,1389,1406,1244,1389
1,<environment.Job instance at 0x14a07d22cf50>,145,3,[11  2],146,1409,1412,1263,1409
1,<environment.Job instance at 0x14a07d26d280>,146,23,[13  1],147,1412,1435,1265,1410
1,<environment.Job instance at 0x14a09eace0a0>,147,25,[ 2 14],148,1412,1437,1264,1410
1,<environment.Job instance at 0x14a07d26da00>,148,27,[ 2 14],149,1437,1464,1288,1435
1,<environment.Job instance at 0x14a07d602f00>,151,22,[1 8],152,1469,1491,1317,1469
1,<environment.Job instance at 0x14a09c0d1b90>,140,2,[ 2 12],141,1491,1493,1350,1473
1,<environment.Job instance at 0x14a07d2a60f0>,153,23,[1 9],154,1493,1516,1339,1487
1,<environment.Job instance at 0x14a07d78f870>,128,12,[ 1 12],129,1639,1651,1510,1639
1,<environment.Job instance at 0x14a0a73e00f0>,134,2,[12  2],135,1654,1656,1519,1654
1,<environment.Job instance at 0x14a07d22c190>,142,13,[ 2 14],143,2048,2061,1905,2048
1,<environment.Job instance at 0x14a07dbb4460>,0,2,[ 1 11],1,1,3,0,1
1,<environment.Job instance at 0x14a07dbb4e60>,2,27,[14  1],3,3,30,0,3
1,<environment.Job instance at 0x14a07d22c320>,1,2,[ 1 12],2,26,28,24,26
1,<environment.Job instance at 0x14a0a548c7d0>,12,24,[ 2 10],13,30,54,17,26
1,<environment.Job instance at 0x14a0a548c910>,13,1,[1 6],14,28,29,14,26
1,<environment.Job instance at 0x14a0a548caf0>,14,24,[1 9],15,54,78,39,49
1,<environment.Job instance at 0x14a0a548ca50>,15,22,[6 1],16,49,71,33,49
1,<environment.Job instance at 0x14a0a548c820>,11,2,[11  2],12,71,73,59,55
1,<environment.Job instance at 0x14a0a548c690>,8,2,[ 2 13],9,78,80,69,64
1,<environment.Job instance at 0x14a0a548ce10>,20,24,[2 8],21,80,104,59,75
1,<environment.Job instance at 0x14a0a548ceb0>,21,27,[8 1],22,76,103,54,76
1,<environment.Job instance at 0x14a0a548cc80>,23,18,[ 2 12],24,104,122,80,93
1,<environment.Job instance at 0x14a0a5497050>,24,24,[14  2],25,122,146,97,118
1,<environment.Job instance at 0x14a09eac3730>,3,1,[ 1 14],4,146,147,142,139
1,<environment.Job instance at 0x14a0a5497550>,30,27,[ 2 13],31,147,174,116,146
1,<environment.Job instance at 0x14a0a54976e0>,32,16,[13  2],33,149,165,116,149
1,<environment.Job instance at 0x14a0a5497780>,33,27,[ 2 13],34,174,201,140,172
1,<environment.Job instance at 0x14a0a5497640>,31,25,[6 2],32,175,200,143,175
1,<environment.Job instance at 0x14a0a54978c0>,35,25,[ 1 12],36,201,226,165,197
1,<environment.Job instance at 0x14a0a5497820>,34,20,[14  1],35,201,221,166,198
1,<environment.Job instance at 0x14a0a5497aa0>,38,24,[ 1 10],39,226,250,187,221
1,<environment.Job instance at 0x14a0a5497b40>,39,20,[12  1],40,230,250,190,230
1,<environment.Job instance at 0x14a0a5497c80>,40,21,[ 1 12],41,250,271,209,247
1,<environment.Job instance at 0x14a0a5497be0>,41,21,[14  1],42,250,271,208,247
1,<environment.Job instance at 0x14a0a5497d20>,42,22,[ 1 12],43,271,293,228,266
1,<environment.Job instance at 0x14a0a5497e60>,44,23,[ 2 12],45,293,316,248,289
1,<environment.Job instance at 0x14a0a5497d70>,46,25,[ 1 11],47,316,341,269,312
1,<environment.Job instance at 0x14a0a54b0050>,47,26,[8 1],48,312,338,264,312
1,<environment.Job instance at 0x14a0a54b0140>,48,25,[2 5],49,341,366,292,338
1,<environment.Job instance at 0x14a0a5497a00>,37,3,[ 2 13],38,366,369,328,351
1,<environment.Job instance at 0x14a0a54b0550>,50,24,[ 2 12],51,369,393,318,365
1,<environment.Job instance at 0x14a0a548c6e0>,10,17,[12  1],11,376,393,365,376
1,<environment.Job instance at 0x14a0a54b0690>,52,26,[9 1],53,395,421,342,395
1,<environment.Job instance at 0x14a0a548cb40>,17,26,[ 2 14],18,395,421,377,395
1,<environment.Job instance at 0x14a0a4dd3fa0>,55,25,[12  1],56,421,446,365,417
1,<environment.Job instance at 0x14a0a5e538c0>,56,22,[ 2 11],57,421,443,364,417
1,<environment.Job instance at 0x14a0a54b0460>,49,20,[ 1 12],50,443,463,393,442
1,<environment.Job instance at 0x14a0a54af2d0>,58,28,[ 1 14],59,463,491,404,462
1,<environment.Job instance at 0x14a0a54920a0>,61,18,[8 2],62,491,509,429,480
1,<environment.Job instance at 0x14a0a5492b40>,64,24,[ 2 14],65,509,533,444,506
1,<environment.Job instance at 0x14a0a54922d0>,63,27,[ 1 14],64,534,561,470,534
1,<environment.Job instance at 0x14a0a5492460>,67,28,[12  1],68,537,565,469,537
1,<environment.Job instance at 0x14a0a5492aa0>,65,20,[14  1],66,565,585,499,559
1,<environment.Job instance at 0x14a0a5492be0>,69,21,[12  1],70,585,606,515,577
1,<environment.Job instance at 0x14a0a54926e0>,72,28,[ 1 11],73,583,611,510,583
1,<environment.Job instance at 0x14a0a5497960>,36,14,[13  1],37,610,624,573,610
1,<environment.Job instance at 0x14a0a5492e60>,68,20,[13  2],69,624,644,555,623
1,<environment.Job instance at 0x14a0a54b0500>,51,1,[ 2 14],52,644,645,592,637
1,<environment.Job instance at 0x14a0a57469b0>,77,17,[ 1 14],78,645,662,567,639
1,<environment.Job instance at 0x14a0a5737a50>,80,22,[13  2],81,662,684,581,655
1,<environment.Job instance at 0x14a0a5492a00>,83,22,[ 1 14],84,684,706,600,677
1,<environment.Job instance at 0x14a07d36eeb0>,84,28,[ 1 13],85,706,734,621,705
1,<environment.Job instance at 0x14a07d36e2d0>,85,27,[14  2],86,706,733,620,705
1,<environment.Job instance at 0x14a0a573bd70>,82,2,[ 2 14],83,734,736,651,721
1,<environment.Job instance at 0x14a0a5e40e10>,89,15,[14  1],90,736,751,646,733
1,<environment.Job instance at 0x14a0a5e40f00>,90,23,[ 1 12],91,736,759,645,733
1,<environment.Job instance at 0x14a0a5e203c0>,91,22,[6 1],92,751,773,659,744
1,<environment.Job instance at 0x14a0a5e20af0>,92,24,[10  1],93,773,797,680,768
1,<environment.Job instance at 0x14a0a5e43af0>,93,21,[ 1 13],94,768,789,674,768
1,<environment.Job instance at 0x14a0a5e20410>,94,28,[7 2],95,797,825,702,796
1,<environment.Job instance at 0x14a0a5e43d70>,95,20,[6 2],96,797,817,701,796
1,<environment.Job instance at 0x14a09c297910>,87,1,[11  1],88,825,826,737,802
1,<environment.Job instance at 0x14a0a5e43eb0>,97,24,[13  1],98,826,850,728,821
1,<environment.Job instance at 0x14a0a54af0f0>,59,2,[ 2 13],60,832,834,772,832
1,<environment.Job instance at 0x14a0a5e4caa0>,99,25,[1 7],100,834,859,734,833
1,<environment.Job instance at 0x14a07d39d0a0>,101,25,[2 5],102,850,875,748,846
1,<environment.Job instance at 0x14a07d39d0f0>,100,21,[11  2],101,850,871,749,848
1,<environment.Job instance at 0x14a0a0998320>,96,14,[12  1],97,871,885,774,868
1,<environment.Job instance at 0x14a07d3a1190>,107,24,[ 1 10],108,875,899,767,872
1,<environment.Job instance at 0x14a07d3a1870>,108,22,[ 1 14],109,899,921,790,892
1,<environment.Job instance at 0x14a07d3a17d0>,109,3,[ 2 12],110,922,925,812,922
1,<environment.Job instance at 0x14a07d3a1730>,106,18,[14  2],107,931,949,824,931
1,<environment.Job instance at 0x14a07d3a1fa0>,110,15,[14  1],111,949,964,838,943
1,<environment.Job instance at 0x14a07d3a18c0>,112,24,[8 2],113,964,988,851,959
1,<environment.Job instance at 0x14a07d3a1780>,113,22,[ 2 13],114,964,986,850,962
1,<environment.Job instance at 0x14a07d3a15f0>,114,26,[ 2 11],115,986,1012,871,983
1,<environment.Job instance at 0x14a07d3a1e10>,115,1,[7 2],116,988,989,872,983
1,<environment.Job instance at 0x14a07d3a1c80>,116,13,[13  2],117,989,1002,872,985
1,<environment.Job instance at 0x14a07d39d280>,103,2,[ 1 14],104,1012,1014,908,999
1,<environment.Job instance at 0x14a07d3a1f50>,118,25,[2 8],119,1014,1039,895,1010
1,<environment.Job instance at 0x14a0a5498370>,119,18,[13  1],120,1023,1041,903,1023
1,<environment.Job instance at 0x14a07d3a1a50>,117,19,[ 2 13],118,1039,1058,921,1030
1,<environment.Job instance at 0x14a07d383fa0>,121,26,[2 9],122,1058,1084,936,1055
1,<environment.Job instance at 0x14a0a5e210f0>,123,24,[2 5],124,1058,1082,934,1057
1,<environment.Job instance at 0x14a0a5498500>,120,3,[ 2 12],121,1089,1092,968,1089
1,<environment.Job instance at 0x14a07d3a6640>,126,2,[2 6],127,1103,1105,976,1103
1,<environment.Job instance at 0x14a07d3a6af0>,127,21,[12  1],128,1104,1125,976,1104
1,<environment.Job instance at 0x14a07d3a6b40>,128,24,[ 1 14],129,1105,1129,976,1104
1,<environment.Job instance at 0x14a07d3a6500>,130,3,[ 1 13],131,1129,1132,998,1113
1,<environment.Job instance at 0x14a07d3a6780>,125,14,[ 2 14],126,1140,1154,1014,1140
1,<environment.Job instance at 0x14a07d3a6e10>,132,28,[12  1],133,1141,1169,1008,1141
1,<environment.Job instance at 0x14a07d3a6f00>,133,22,[ 2 12],134,1154,1176,1020,1147
1,<environment.Job instance at 0x14a07d3a69b0>,136,12,[13  1],137,1169,1181,1032,1161
1,<environment.Job instance at 0x14a07d3a6870>,137,26,[14  2],138,1181,1207,1043,1178
1,<environment.Job instance at 0x14a07d3a6a00>,138,16,[ 1 13],139,1188,1204,1049,1188
1,<environment.Job instance at 0x14a07d3a6730>,139,14,[5 1],140,1207,1221,1067,1204
1,<environment.Job instance at 0x14a07d3a6690>,142,26,[7 2],143,1212,1238,1069,1212
1,<environment.Job instance at 0x14a07d3a65f0>,143,17,[1 5],144,1215,1232,1071,1215
1,<environment.Job instance at 0x14a07d3a60f0>,144,25,[ 1 11],145,1232,1257,1087,1228
1,<environment.Job instance at 0x14a0a54c2f00>,145,25,[2 7],146,1257,1282,1111,1253
1,<environment.Job instance at 0x14a0a54c2fa0>,146,21,[ 2 14],147,1282,1303,1135,1274
1,<environment.Job instance at 0x14a0a54c2b90>,147,1,[7 1],148,1299,1300,1151,1299
1,<environment.Job instance at 0x14a0a54c2c30>,148,3,[ 2 10],149,1303,1306,1154,1299
1,<environment.Job instance at 0x14a0a54c2460>,149,19,[ 1 10],150,1306,1325,1156,1300
1,<environment.Job instance at 0x14a0a54c27d0>,150,26,[ 2 14],151,1325,1351,1174,1322
1,<environment.Job instance at 0x14a0a54c28c0>,152,23,[ 1 13],153,1351,1374,1198,1345
1,<environment.Job instance at 0x14a0a54c2280>,153,26,[5 2],154,1351,1377,1197,1349
1,<environment.Job instance at 0x14a0a54c2730>,154,28,[11  2],155,1377,1405,1222,1376
1,<environment.Job instance at 0x14a07d3a10a0>,111,3,[14  1],112,1617,1620,1505,1617
1,<environment.Job instance at 0x14a0a1164730>,78,18,[ 1 12],79,2161,2179,2082,2161
1,<environment.Job instance at 0x14a07d3a6140>,131,14,[ 2 14],132,2544,2558,2412,2544
1,<environment.Job instance at 0x14a0a115d960>,76,13,[ 1 11],77,2558,2571,2481,2548
1,<environment.Job instance at 0x14a09f256f00>,1,25,[ 2 10],2,2,27,0,2
1,<environment.Job instance at 0x14a07d36ee60>,3,2,[1 6],4,27,29,23,5
1,<environment.Job instance at 0x14a07d36e550>,5,24,[1 5],6,8,32,2,8
1,<environment.Job instance at 0x14a07d36eb90>,9,25,[ 2 14],10,32,57,22,31
1,<environment.Job instance at 0x14a07d36e500>,7,19,[ 2 13],8,57,76,49,51
1,<environment.Job instance at 0x14a07d36ec30>,12,15,[10  2],13,57,72,44,51
1,<environment.Job instance at 0x14a07d36e730>,4,15,[ 1 14],5,76,91,71,74
1,<environment.Job instance at 0x14a07d36eaa0>,8,2,[12  1],9,77,79,68,77
1,<environment.Job instance at 0x14a0a54afaa0>,18,14,[8 1],19,83,97,64,83
1,<environment.Job instance at 0x14a0a54af960>,19,24,[ 1 11],20,91,115,71,86
1,<environment.Job instance at 0x14a0a54affa0>,20,27,[ 1 12],21,115,142,94,113
1,<environment.Job instance at 0x14a0a54af190>,21,23,[11  1],22,113,136,91,113
1,<environment.Job instance at 0x14a0a54afa00>,22,19,[9 1],23,136,155,113,134
1,<environment.Job instance at 0x14a0a54af780>,24,2,[1 8],25,142,144,117,139
1,<environment.Job instance at 0x14a0a54af5f0>,26,12,[12  1],27,171,183,144,171
1,<environment.Job instance at 0x14a07d9bfc80>,27,26,[ 2 12],28,171,197,143,171
1,<environment.Job instance at 0x14a07d9bff50>,28,2,[1 9],29,197,199,168,174
1,<environment.Job instance at 0x14a07d9bf870>,29,3,[1 8],30,199,202,169,190
1,<environment.Job instance at 0x14a07d9bf410>,30,20,[9 1],31,192,212,161,192
1,<environment.Job instance at 0x14a0a54af870>,16,22,[ 1 13],17,202,224,185,197
1,<environment.Job instance at 0x14a07d9bf460>,31,1,[ 2 13],32,224,225,192,208
1,<environment.Job instance at 0x14a07d36e190>,0,3,[14  1],1,228,231,227,228
1,<environment.Job instance at 0x14a07d9bfd20>,34,28,[ 2 14],35,231,259,196,230
1,<environment.Job instance at 0x14a07d9bf690>,36,22,[ 1 14],37,259,281,222,252
1,<environment.Job instance at 0x14a07d9bf140>,39,24,[7 2],40,281,305,241,276
1,<environment.Job instance at 0x14a07d9bf050>,40,23,[2 7],41,281,304,240,276
1,<environment.Job instance at 0x14a07d9bf0a0>,33,18,[ 1 14],34,305,323,271,296
1,<environment.Job instance at 0x14a07d9bf780>,43,26,[ 2 11],44,323,349,279,320
1,<environment.Job instance at 0x14a07d9bf190>,41,19,[ 2 11],42,349,368,307,343
1,<environment.Job instance at 0x14a07d9bf6e0>,44,12,[11  2],45,369,381,324,369
1,<environment.Job instance at 0x14a07d9bf820>,48,23,[14  1],49,381,404,332,375
1,<environment.Job instance at 0x14a07d676370>,50,22,[ 1 12],51,384,406,333,384
1,<environment.Job instance at 0x14a07d6769b0>,51,2,[ 1 11],52,408,410,356,408
1,<environment.Job instance at 0x14a07d676fa0>,52,1,[ 1 14],53,410,411,357,410
1,<environment.Job instance at 0x14a07d69e050>,53,18,[1 8],54,411,429,357,410
1,<environment.Job instance at 0x14a07d69e5f0>,54,3,[ 2 13],55,429,432,374,421
1,<environment.Job instance at 0x14a07d69e640>,55,14,[14  1],56,432,446,376,426
1,<environment.Job instance at 0x14a07d9bf280>,32,22,[ 1 12],33,432,454,399,432
1,<environment.Job instance at 0x14a07d9bf500>,47,14,[12  2],48,446,460,398,445
1,<environment.Job instance at 0x14a07d69eeb0>,58,14,[12  2],59,460,474,401,445
1,<environment.Job instance at 0x14a07d69e1e0>,60,28,[ 2 13],61,454,482,393,453
1,<environment.Job instance at 0x14a07d69ed70>,62,24,[13  1],63,474,498,411,469
1,<environment.Job instance at 0x14a07d69e820>,61,23,[ 1 12],62,482,505,420,476
1,<environment.Job instance at 0x14a07d69e9b0>,66,26,[ 2 10],67,505,531,438,502
1,<environment.Job instance at 0x14a0a5746410>,69,21,[13  1],70,506,527,436,506
1,<environment.Job instance at 0x14a07d69e780>,68,24,[ 1 12],69,531,555,462,527
1,<environment.Job instance at 0x14a0a5746d70>,71,26,[1 9],72,555,581,483,552
1,<environment.Job instance at 0x14a0a5746b90>,75,25,[1 5],76,555,580,479,555
1,<environment.Job instance at 0x14a0a5746690>,72,22,[ 1 14],73,581,603,508,574
1,<environment.Job instance at 0x14a0a5746d20>,78,18,[8 2],79,603,621,524,594
1,<environment.Job instance at 0x14a0a573b550>,80,25,[ 2 12],81,603,628,522,600
1,<environment.Job instance at 0x14a0a573b230>,82,1,[ 1 10],83,628,629,545,607
1,<environment.Job instance at 0x14a0a573bd20>,83,28,[12  2],84,621,649,537,620
1,<environment.Job instance at 0x14a0a573bc80>,84,26,[2 9],85,629,655,544,626
1,<environment.Job instance at 0x14a0a573bf50>,85,1,[11  1],86,649,650,563,646
1,<environment.Job instance at 0x14a0a573b9b0>,86,24,[7 2],87,650,674,563,646
1,<environment.Job instance at 0x14a0a573b8c0>,87,20,[ 1 11],88,663,683,575,663
1,<environment.Job instance at 0x14a0a5746f00>,79,16,[14  2],80,675,691,595,675
1,<environment.Job instance at 0x14a0a573b7d0>,89,21,[ 1 13],90,683,704,593,675
1,<environment.Job instance at 0x14a0a573b730>,90,16,[ 1 14],91,704,720,613,693
1,<environment.Job instance at 0x14a0a573b690>,91,2,[11  2],92,720,722,628,707
1,<environment.Job instance at 0x14a0a573b6e0>,92,2,[5 1],93,712,714,619,712
1,<environment.Job instance at 0x14a0a573b5f0>,88,1,[ 2 13],89,720,721,631,712
1,<environment.Job instance at 0x14a0a57370a0>,96,22,[2 5],97,721,743,624,715
1,<environment.Job instance at 0x14a0a57370f0>,97,20,[1 7],98,721,741,623,716
1,<environment.Job instance at 0x14a0a57377d0>,99,24,[8 2],100,722,746,622,721
1,<environment.Job instance at 0x14a0a5737820>,100,25,[12  2],101,746,771,645,742
1,<environment.Job instance at 0x14a0a5737410>,102,27,[2 7],103,746,773,643,746
1,<environment.Job instance at 0x14a0a57378c0>,94,2,[14  1],95,773,775,678,753
1,<environment.Job instance at 0x14a0a5737b90>,104,22,[1 8],105,771,793,666,764
1,<environment.Job instance at 0x14a0a57375a0>,105,3,[ 2 12],106,793,796,687,771
1,<environment.Job instance at 0x14a07d36eaf0>,15,15,[ 2 13],16,796,811,780,788
1,<environment.Job instance at 0x14a0a572e780>,108,28,[ 2 13],109,811,839,702,810
1,<environment.Job instance at 0x14a0a572eaf0>,109,24,[6 1],110,810,834,700,810
1,<environment.Job instance at 0x14a0a572e8c0>,110,28,[2 5],111,839,867,728,838
1,<environment.Job instance at 0x14a0a5737140>,103,14,[11  2],104,850,864,746,850
1,<environment.Job instance at 0x14a0a572eb40>,113,23,[14  1],114,867,890,753,861
1,<environment.Job instance at 0x14a0a572e2d0>,114,24,[ 2 14],115,890,914,775,885
1,<environment.Job instance at 0x14a0a572eaa0>,115,22,[2 9],116,914,936,798,907
1,<environment.Job instance at 0x14a0a572eb90>,116,26,[2 8],117,936,962,819,933
1,<environment.Job instance at 0x14a07d69e190>,57,17,[13  2],58,967,984,909,967
1,<environment.Job instance at 0x14a0a572e050>,111,13,[13  2],112,984,997,872,975
1,<environment.Job instance at 0x14a0a5727f00>,122,22,[2 5],123,975,997,852,975
1,<environment.Job instance at 0x14a0a5727960>,123,28,[1 9],124,997,1025,873,996
1,<environment.Job instance at 0x14a0a5727320>,121,23,[ 1 12],122,1043,1066,921,1043
1,<environment.Job instance at 0x14a0a57279b0>,124,13,[14  2],125,1048,1061,923,1048
1,<environment.Job instance at 0x14a0a5727910>,126,2,[14  1],127,1061,1063,934,1058
1,<environment.Job instance at 0x14a0a57270f0>,127,22,[ 1 12],128,1066,1088,938,1059
1,<environment.Job instance at 0x14a0a57277d0>,128,1,[11  2],129,1064,1065,935,1064
1,<environment.Job instance at 0x14a0a5727640>,129,15,[6 2],130,1082,1097,952,1082
1,<environment.Job instance at 0x14a0a57278c0>,130,27,[11  1],131,1097,1124,966,1095
1,<environment.Job instance at 0x14a0a5727c30>,131,22,[2 5],132,1095,1117,963,1095
1,<environment.Job instance at 0x14a0a5727780>,132,23,[12  2],133,1124,1147,991,1119
1,<environment.Job instance at 0x14a0a57276e0>,133,2,[ 2 13],134,1143,1145,1009,1143
1,<environment.Job instance at 0x14a0a5727730>,134,1,[ 1 12],135,1145,1146,1010,1144
1,<environment.Job instance at 0x14a07d684640>,135,21,[ 1 10],136,1146,1167,1010,1144
1,<environment.Job instance at 0x14a0a5e2ee60>,136,1,[ 2 12],137,1167,1168,1030,1144
1,<environment.Job instance at 0x14a0a5e2e190>,138,17,[ 1 12],139,1168,1185,1029,1160
1,<environment.Job instance at 0x14a0a5e2e870>,139,26,[11  1],140,1160,1186,1020,1160
1,<environment.Job instance at 0x14a0a5492e10>,140,3,[ 1 12],141,1185,1188,1044,1173
1,<environment.Job instance at 0x14a07d4d2460>,141,24,[ 1 11],142,1188,1212,1046,1183
1,<environment.Job instance at 0x14a09ef68410>,142,19,[ 1 11],143,1212,1231,1069,1202
1,<environment.Job instance at 0x14a0a5e17500>,143,25,[ 1 14],144,1231,1256,1087,1227
1,<environment.Job instance at 0x14a0a5492eb0>,145,14,[ 2 13],146,1256,1270,1110,1251
1,<environment.Job instance at 0x14a09c1e1460>,146,2,[10  2],147,1256,1258,1109,1253
1,<environment.Job instance at 0x14a0a5727460>,125,3,[13  1],126,1265,1268,1139,1265
1,<environment.Job instance at 0x14a0a54af730>,17,13,[ 2 11],18,1270,1283,1252,1268
1,<environment.Job instance at 0x14a0a572e870>,119,16,[ 2 14],120,1283,1299,1163,1279
1,<environment.Job instance at 0x14a0a572e5f0>,106,16,[ 1 12],107,1367,1383,1260,1367
1,<environment.Job instance at 0x14a0a10c8af0>,0,27,[2 8],1,2,29,1,2
1,<environment.Job instance at 0x14a0a572ea50>,2,22,[2 6],3,3,25,0,3
1,<environment.Job instance at 0x14a09f25bd70>,5,22,[11  1],6,17,39,11,17
1,<environment.Job instance at 0x14a09f25b7d0>,6,26,[ 2 11],7,29,55,22,27
1,<environment.Job instance at 0x14a09f25ba00>,8,17,[13  1],9,39,56,30,28
1,<environment.Job instance at 0x14a09f25b0a0>,10,21,[12  1],11,56,77,45,51
1,<environment.Job instance at 0x14a0a11fb1e0>,14,21,[14  2],15,77,98,62,69
1,<environment.Job instance at 0x14a0a11fb500>,15,28,[ 2 12],16,98,126,82,97
1,<environment.Job instance at 0x14a0a11fb9b0>,16,24,[10  2],17,98,122,81,97
1,<environment.Job instance at 0x14a0a7dde640>,1,2,[ 2 12],2,126,128,124,114
1,<environment.Job instance at 0x14a09f25b140>,7,14,[12  1],8,123,137,115,123
1,<environment.Job instance at 0x14a09f25bd20>,3,2,[ 2 12],4,129,131,125,129
1,<environment.Job instance at 0x14a0a11fba00>,22,28,[ 2 14],23,131,159,108,130
1,<environment.Job instance at 0x14a0a11fb5f0>,21,19,[12  1],22,148,167,126,148
1,<environment.Job instance at 0x14a0a11fb320>,25,21,[ 1 14],26,159,180,133,152
1,<environment.Job instance at 0x14a0a11fbd70>,23,22,[ 1 12],24,180,202,156,173
1,<environment.Job instance at 0x14a0a11fb4b0>,28,20,[5 2],29,180,200,151,175
1,<environment.Job instance at 0x14a0a11fb960>,31,27,[ 1 14],32,202,229,170,200
1,<environment.Job instance at 0x14a0a11fbe60>,32,23,[11  1],33,202,225,169,202
1,<environment.Job instance at 0x14a0a11fbc80>,19,3,[ 2 14],20,229,232,209,218
1,<environment.Job instance at 0x14a09ef9b140>,36,1,[ 1 14],37,256,257,219,256
1,<environment.Job instance at 0x14a0a11fbeb0>,17,13,[ 2 13],18,266,279,248,266
1,<environment.Job instance at 0x14a09ef9b8c0>,39,26,[1 6],40,279,305,239,276
1,<environment.Job instance at 0x14a09ef9b230>,40,19,[13  1],41,278,297,237,278
1,<environment.Job instance at 0x14a09ef9b3c0>,43,27,[ 1 13],44,305,332,261,303
1,<environment.Job instance at 0x14a09ef9bb40>,44,19,[6 2],45,303,322,258,303
1,<environment.Job instance at 0x14a09ef9beb0>,45,22,[ 1 13],46,332,354,286,329
1,<environment.Job instance at 0x14a09ef9b280>,47,26,[12  1],48,342,368,294,342
1,<environment.Job instance at 0x14a0a11fbb90>,27,12,[13  2],28,368,380,340,360
1,<environment.Job instance at 0x14a07da0fbe0>,49,21,[13  1],50,380,401,330,374
1,<environment.Job instance at 0x14a07da0fc80>,52,28,[14  2],53,401,429,348,400
1,<environment.Job instance at 0x14a07da0f5f0>,53,21,[13  1],54,429,450,375,421
1,<environment.Job instance at 0x14a07da0f230>,56,20,[ 1 11],57,422,442,365,422
1,<environment.Job instance at 0x14a07da0f910>,58,27,[7 2],59,450,477,391,448
1,<environment.Job instance at 0x14a07da0f870>,59,26,[12  1],60,477,503,417,474
1,<environment.Job instance at 0x14a07da0f730>,61,26,[12  1],62,503,529,441,500
1,<environment.Job instance at 0x14a07da0f280>,64,21,[14  1],65,529,550,464,521
1,<environment.Job instance at 0x14a07da0ffa0>,60,3,[ 1 13],61,537,540,476,537
1,<environment.Job instance at 0x14a07da0f960>,66,21,[2 5],67,550,571,483,546
1,<environment.Job instance at 0x14a09ef9bdc0>,38,1,[12  2],39,559,560,520,559
1,<environment.Job instance at 0x14a09ef9b5f0>,37,15,[12  1],38,560,575,522,560
1,<environment.Job instance at 0x14a0a0abc5f0>,67,1,[ 2 13],68,571,572,503,563
1,<environment.Job instance at 0x14a07da0f7d0>,65,18,[ 1 11],66,572,590,506,569
1,<environment.Job instance at 0x14a0a0abce60>,70,17,[11  1],71,575,592,504,570
1,<environment.Job instance at 0x14a0a0abc4b0>,75,20,[12  1],76,592,612,516,584
1,<environment.Job instance at 0x14a0a0abc910>,76,25,[2 8],77,590,615,513,589
1,<environment.Job instance at 0x14a0a0abc0f0>,73,28,[7 1],74,612,640,538,611
1,<environment.Job instance at 0x14a0a0abc460>,68,16,[ 2 13],69,617,633,548,617
1,<environment.Job instance at 0x14a0a0abca50>,82,21,[13  1],83,640,661,557,634
1,<environment.Job instance at 0x14a0a09392d0>,83,23,[11  1],84,661,684,577,655
1,<environment.Job instance at 0x14a0a0abc8c0>,80,15,[14  1],81,696,711,615,696
1,<environment.Job instance at 0x14a0a0939cd0>,86,28,[ 2 13],87,711,739,624,710
1,<environment.Job instance at 0x14a0a0939e60>,88,17,[11  1],89,716,733,627,716
1,<environment.Job instance at 0x14a0a0abcf50>,79,1,[12  2],80,734,735,654,734
1,<environment.Job instance at 0x14a0a0939c80>,90,21,[5 2],91,735,756,644,734
1,<environment.Job instance at 0x14a0a09399b0>,89,2,[ 2 13],90,741,743,651,741
1,<environment.Job instance at 0x14a0a09397d0>,92,28,[ 1 13],93,743,771,650,742
1,<environment.Job instance at 0x14a0a0939820>,85,1,[13  2],86,767,768,681,767
1,<environment.Job instance at 0x14a0a0939690>,93,24,[2 8],94,771,795,677,767
1,<environment.Job instance at 0x14a09eaba190>,95,22,[ 1 13],96,795,817,699,790
1,<environment.Job instance at 0x14a09eabaaa0>,96,21,[14  2],97,795,816,698,790
1,<environment.Job instance at 0x14a09eabac30>,99,23,[10  1],100,816,839,716,810
1,<environment.Job instance at 0x14a0a5db5d70>,100,18,[13  2],101,839,857,738,832
1,<environment.Job instance at 0x14a0a5db57d0>,103,22,[2 7],104,841,863,737,841
1,<environment.Job instance at 0x14a0a5db53c0>,104,22,[14  2],105,863,885,758,856
1,<environment.Job instance at 0x14a0a5db5910>,105,22,[ 2 13],106,885,907,779,878
1,<environment.Job instance at 0x14a0a5db5370>,108,16,[11  2],109,908,924,799,908
1,<environment.Job instance at 0x14a0a5db5a00>,109,27,[5 1],110,924,951,814,923
1,<environment.Job instance at 0x14a0a5db5f00>,111,19,[2 8],112,924,943,812,924
1,<environment.Job instance at 0x14a07d430140>,113,2,[6 2],114,924,926,810,924
1,<environment.Job instance at 0x14a0a18ef6e0>,114,23,[11  1],115,951,974,836,946
1,<environment.Job instance at 0x14a0a18ef230>,115,28,[9 2],116,974,1002,858,973
1,<environment.Job instance at 0x14a0a18ef4b0>,116,1,[ 1 12],117,992,993,875,992
1,<environment.Job instance at 0x14a0a0abca00>,78,15,[14  1],79,1002,1017,923,996
1,<environment.Job instance at 0x14a0a18efaf0>,119,20,[11  2],120,1017,1037,897,1008
1,<environment.Job instance at 0x14a0a18ef190>,120,25,[ 2 14],121,1037,1062,916,1033
1,<environment.Job instance at 0x14a0a0b51190>,123,25,[ 1 11],124,1062,1087,938,1058
1,<environment.Job instance at 0x14a0a0b51d20>,124,28,[6 1],125,1058,1086,933,1058
1,<environment.Job instance at 0x14a0a0b515f0>,128,27,[14  2],129,1086,1113,957,1085
1,<environment.Job instance at 0x14a0a73a5fa0>,129,3,[12  2],130,1113,1116,983,1095
1,<environment.Job instance at 0x14a09eaba780>,94,17,[11  1],95,1116,1133,1021,1111
1,<environment.Job instance at 0x14a0a08fa870>,132,28,[14  2],133,1133,1161,1000,1132
1,<environment.Job instance at 0x14a0a08fa190>,133,16,[1 8],134,1152,1168,1018,1152
1,<environment.Job instance at 0x14a0a08fa550>,134,1,[ 2 13],135,1173,1174,1038,1173
1,<environment.Job instance at 0x14a0a08fa050>,135,24,[7 1],136,1173,1197,1037,1173
1,<environment.Job instance at 0x14a0a73a5c30>,131,18,[ 2 11],132,1184,1202,1052,1184
1,<environment.Job instance at 0x14a0a73d3f00>,137,20,[ 2 10],138,1202,1222,1064,1195
1,<environment.Job instance at 0x14a07d533370>,138,21,[8 1],139,1197,1218,1058,1196
1,<environment.Job instance at 0x14a0a0b731e0>,139,27,[ 2 11],140,1222,1249,1082,1220
1,<environment.Job instance at 0x14a07d54ec80>,141,28,[ 1 12],142,1249,1277,1107,1248
1,<environment.Job instance at 0x14a09c08f2d0>,142,28,[9 1],143,1248,1276,1105,1248
1,<environment.Job instance at 0x14a07d8ac230>,146,21,[ 1 14],153,1282,1303,1129,1282
1,<environment.Job instance at 0x14a0a18ef500>,117,3,[11  1],118,1310,1313,1192,1310
1,<environment.Job instance at 0x14a0a73d3be0>,136,17,[14  1],137,1329,1346,1192,1329
1,<environment.Job instance at 0x14a0a11fbdc0>,13,14,[12  2],14,1364,1378,1350,1364
1,<environment.Job instance at 0x14a0a09398c0>,91,12,[12  1],92,1427,1439,1335,1427
1,<environment.Job instance at 0x14a09c013a00>,0,20,[1 8],1,1,21,0,1
1,<environment.Job instance at 0x14a09c0133c0>,2,18,[12  1],3,3,21,0,3
1,<environment.Job instance at 0x14a07dace820>,8,24,[11  1],9,21,45,12,16
1,<environment.Job instance at 0x14a07dacebe0>,10,28,[13  2],11,45,73,34,44
1,<environment.Job instance at 0x14a07dacec80>,5,21,[12  2],6,73,94,67,66
1,<environment.Job instance at 0x14a07dacd460>,16,21,[ 1 11],17,81,102,64,81
1,<environment.Job instance at 0x14a07dacd8c0>,18,22,[5 2],19,94,116,75,92
1,<environment.Job instance at 0x14a07dacd500>,19,24,[9 2],20,94,118,74,92
1,<environment.Job instance at 0x14a07dace960>,13,1,[13  1],14,118,119,104,109
1,<environment.Job instance at 0x14a07dacd9b0>,21,18,[ 2 13],22,117,135,95,117
1,<environment.Job instance at 0x14a07dacefa0>,6,14,[ 1 12],7,136,150,129,136
1,<environment.Job instance at 0x14a0a0939aa0>,1,16,[ 2 11],2,150,166,148,149
1,<environment.Job instance at 0x14a07dacdfa0>,24,25,[ 1 11],25,166,191,141,162
1,<environment.Job instance at 0x14a07dadebe0>,26,23,[14  2],27,166,189,139,162
1,<environment.Job instance at 0x14a07dacdc80>,23,3,[14  1],24,189,192,165,188
1,<environment.Job instance at 0x14a07d87eaf0>,27,1,[12  1],28,202,203,174,202
1,<environment.Job instance at 0x14a07d87eeb0>,30,19,[14  2],31,205,224,174,205
1,<environment.Job instance at 0x14a07d89a780>,32,17,[ 1 11],33,215,232,182,215
1,<environment.Job instance at 0x14a09c295e60>,22,1,[13  1],23,224,225,201,219
1,<environment.Job instance at 0x14a07d89aa50>,33,15,[12  1],34,235,250,201,235
1,<environment.Job instance at 0x14a07d89a2d0>,35,26,[13  2],36,250,276,214,247
1,<environment.Job instance at 0x14a07dacd140>,20,16,[ 1 13],21,256,272,235,256
1,<environment.Job instance at 0x14a07dace8c0>,14,14,[11  2],15,276,290,261,273
1,<environment.Job instance at 0x14a09c2a9410>,41,25,[6 2],42,290,315,248,286
1,<environment.Job instance at 0x14a09c298c30>,42,25,[ 2 10],43,294,319,251,294
1,<environment.Job instance at 0x14a09c298cd0>,43,20,[ 1 13],44,319,339,275,315
1,<environment.Job instance at 0x14a09c2a9b90>,40,26,[14  2],41,319,345,278,316
1,<environment.Job instance at 0x14a09c2cf960>,45,1,[ 1 14],46,345,346,299,317
1,<environment.Job instance at 0x14a07dae0460>,47,21,[12  2],48,346,367,298,340
1,<environment.Job instance at 0x14a07dae0230>,48,1,[2 6],49,346,347,297,341
1,<environment.Job instance at 0x14a09c25a500>,50,27,[5 2],51,367,394,316,365
1,<environment.Job instance at 0x14a09c2bc960>,52,20,[ 1 11],53,369,389,316,369
1,<environment.Job instance at 0x14a07dacdc30>,29,3,[ 1 12],30,389,392,359,388
1,<environment.Job instance at 0x14a09c25f230>,34,18,[ 1 12],35,392,410,357,392
1,<environment.Job instance at 0x14a07dadbe60>,55,17,[14  2],56,411,428,355,411
1,<environment.Job instance at 0x14a09c2bc820>,53,2,[ 1 14],54,428,430,374,420
1,<environment.Job instance at 0x14a07dadbfa0>,56,3,[12  1],57,428,431,371,428
1,<environment.Job instance at 0x14a07dadbc30>,57,18,[ 1 14],58,434,452,376,434
1,<environment.Job instance at 0x14a09c064500>,60,27,[12  1],61,434,461,373,434
1,<environment.Job instance at 0x14a09c064af0>,61,26,[14  1],62,461,487,399,458
1,<environment.Job instance at 0x14a09c064230>,63,18,[12  2],64,488,506,424,488
1,<environment.Job instance at 0x14a07dadbe10>,54,19,[ 1 11],55,520,539,465,520
1,<environment.Job instance at 0x14a09c064730>,64,2,[12  1],65,530,532,465,530
1,<environment.Job instance at 0x14a09c064e60>,66,21,[ 1 14],67,539,560,472,534
1,<environment.Job instance at 0x14a09c0648c0>,67,22,[11  1],68,535,557,467,535
1,<environment.Job instance at 0x14a09c064b90>,62,2,[14  1],63,567,569,504,567
1,<environment.Job instance at 0x14a09c0560f0>,70,16,[12  2],71,570,586,499,570
1,<environment.Job instance at 0x14a09c088aa0>,74,23,[12  1],75,586,609,511,580
1,<environment.Job instance at 0x14a09c088a00>,75,24,[ 2 13],76,582,606,506,582
1,<environment.Job instance at 0x14a09c064be0>,65,3,[ 1 12],66,606,609,540,582
1,<environment.Job instance at 0x14a09c088e10>,77,19,[12  1],78,614,633,536,614
1,<environment.Job instance at 0x14a07d89a410>,36,12,[ 2 14],37,615,627,578,615
1,<environment.Job instance at 0x14a09c088b90>,82,26,[2 8],83,627,653,544,624
1,<environment.Job instance at 0x14a09c088d70>,81,28,[12  2],82,633,661,551,632
1,<environment.Job instance at 0x14a09c05f0a0>,85,28,[1 5],86,634,662,548,634
1,<environment.Job instance at 0x14a09c05f320>,86,1,[ 2 11],87,662,663,575,651
1,<environment.Job instance at 0x14a09c05f500>,89,3,[ 1 11],90,663,666,573,652
1,<environment.Job instance at 0x14a09c05f5a0>,90,20,[14  1],91,663,683,572,656
1,<environment.Job instance at 0x14a09c088b40>,76,2,[12  1],77,683,685,606,681
1,<environment.Job instance at 0x14a09c05f690>,92,25,[1 7],93,681,706,588,681
1,<environment.Job instance at 0x14a09c05f8c0>,93,3,[ 1 14],94,706,709,612,697
1,<environment.Job instance at 0x14a09c05f870>,94,2,[ 1 12],95,709,711,614,708
1,<environment.Job instance at 0x14a09c05f460>,91,15,[ 1 12],92,711,726,619,710
1,<environment.Job instance at 0x14a09c088960>,73,14,[12  2],74,719,733,645,719
1,<environment.Job instance at 0x14a09c05faf0>,97,25,[ 1 12],98,726,751,628,723
1,<environment.Job instance at 0x14a09c05fb90>,99,23,[11  1],100,733,756,633,727
1,<environment.Job instance at 0x14a09c05fdc0>,100,27,[14  2],101,756,783,655,754
1,<environment.Job instance at 0x14a09c05f410>,88,1,[ 1 12],89,764,765,675,764
1,<environment.Job instance at 0x14a09c05fe60>,101,25,[ 2 13],102,783,808,681,779
1,<environment.Job instance at 0x14a09c05fa50>,98,2,[14  1],99,808,810,709,786
1,<environment.Job instance at 0x14a09c05fc30>,105,25,[ 2 14],106,810,835,704,806
1,<environment.Job instance at 0x14a09c05fbe0>,106,26,[ 2 11],107,835,861,728,832
1,<environment.Job instance at 0x14a09c063140>,108,28,[12  1],109,839,867,730,839
1,<environment.Job instance at 0x14a09c063410>,110,26,[ 1 13],111,861,887,750,858
1,<environment.Job instance at 0x14a09c0746e0>,44,1,[ 1 12],45,887,888,842,866
1,<environment.Job instance at 0x14a09c0632d0>,111,3,[ 2 11],112,888,891,776,866
1,<environment.Job instance at 0x14a09c063640>,114,19,[6 2],115,878,897,763,878
1,<environment.Job instance at 0x14a09c0635a0>,116,20,[ 1 13],117,891,911,774,885
1,<environment.Job instance at 0x14a09c063820>,119,19,[7 1],120,897,916,777,888
1,<environment.Job instance at 0x14a09c0637d0>,120,25,[5 1],121,898,923,777,898
1,<environment.Job instance at 0x14a09c063af0>,121,24,[ 2 10],122,911,935,789,906
1,<environment.Job instance at 0x14a09c063c30>,126,20,[1 9],127,935,955,808,928
1,<environment.Job instance at 0x14a09c063e10>,127,1,[ 2 12],128,955,956,827,929
1,<environment.Job instance at 0x14a09c063f50>,128,25,[ 1 13],129,956,981,827,952
1,<environment.Job instance at 0x14a09c05ffa0>,103,13,[14  2],104,977,990,873,977
1,<environment.Job instance at 0x14a09c063eb0>,130,27,[ 1 12],131,981,1008,850,979
1,<environment.Job instance at 0x14a09c05f730>,104,2,[11  1],105,990,992,885,983
1,<environment.Job instance at 0x14a07db6d1e0>,133,21,[13  1],134,1005,1026,871,1005
1,<environment.Job instance at 0x14a07db6d370>,135,23,[11  1],136,1026,1049,890,1023
1,<environment.Job instance at 0x14a09c063e60>,129,12,[ 1 12],130,1045,1057,915,1045
1,<environment.Job instance at 0x14a07db6d550>,137,21,[ 1 12],138,1057,1078,919,1049
1,<environment.Job instance at 0x14a07db6d4b0>,138,27,[ 1 14],139,1078,1105,939,1076
1,<environment.Job instance at 0x14a07db6d690>,139,3,[ 1 13],140,1105,1108,965,1103
1,<environment.Job instance at 0x14a07db6d730>,140,25,[ 2 10],141,1108,1133,967,1104
1,<environment.Job instance at 0x14a07db6d7d0>,141,26,[14  1],142,1133,1159,991,1130
1,<environment.Job instance at 0x14a07db6daa0>,144,1,[11  2],150,1159,1160,1009,1148
1,<environment.Job instance at 0x14a09c05f9b0>,96,12,[ 1 13],97,1170,1182,1073,1170
1,<environment.Job instance at 0x14a09c0638c0>,117,3,[13  1],118,1220,1223,1102,1220
1,<environment.Job instance at 0x14a07db6d640>,136,18,[ 1 13],137,1402,1420,1265,1402
1,<environment.Job instance at 0x14a07db6d190>,131,13,[ 2 14],132,1729,1742,1597,1729
1,<environment.Job instance at 0x14a07db6c8c0>,1,20,[14  2],2,2,22,0,2
1,<environment.Job instance at 0x14a07db6d0a0>,2,27,[1 7],3,3,30,0,3
1,<environment.Job instance at 0x14a09c272370>,8,22,[14  1],9,22,44,13,18
1,<environment.Job instance at 0x14a09c272cd0>,6,27,[ 1 13],7,30,57,23,29
1,<environment.Job instance at 0x14a09c272690>,5,28,[ 1 12],6,57,85,51,56
1,<environment.Job instance at 0x14a09c10be60>,16,24,[5 1],17,60,84,43,60
1,<environment.Job instance at 0x14a09c10baa0>,19,27,[ 2 11],20,85,112,65,83
1,<environment.Job instance at 0x14a09c10be10>,22,25,[12  1],23,91,116,68,91
1,<environment.Job instance at 0x14a09c10b4b0>,11,19,[ 1 13],12,112,131,100,110
1,<environment.Job instance at 0x14a09c10bd70>,24,27,[12  1],25,116,143,91,114
1,<environment.Job instance at 0x14a09c10e0f0>,28,19,[2 9],29,132,151,103,132
1,<environment.Job instance at 0x14a0a0a56140>,29,24,[10  2],30,143,167,113,140
1,<environment.Job instance at 0x14a09c10b780>,20,23,[ 1 12],21,151,174,130,148
1,<environment.Job instance at 0x14a07db6d190>,4,3,[12  2],5,176,179,171,176
1,<environment.Job instance at 0x14a0a0a56280>,35,19,[12  2],36,179,198,143,176
1,<environment.Job instance at 0x14a0a0a565f0>,36,2,[12  2],37,198,200,161,176
1,<environment.Job instance at 0x14a0a0a562d0>,32,17,[11  2],33,207,224,174,207
1,<environment.Job instance at 0x14a0a0a561e0>,40,25,[ 1 14],41,224,249,183,222
1,<environment.Job instance at 0x14a0a0a568c0>,41,23,[12  1],42,224,247,182,222
1,<environment.Job instance at 0x14a0a0a565a0>,31,2,[ 1 12],32,249,251,217,226
1,<environment.Job instance at 0x14a09c0fee60>,42,27,[ 1 13],43,251,278,208,249
1,<environment.Job instance at 0x14a09c0fed20>,43,19,[13  1],44,274,293,230,274
1,<environment.Job instance at 0x14a09c0fea00>,46,23,[1 8],47,278,301,231,276
1,<environment.Job instance at 0x14a09c0fecd0>,45,16,[14  2],46,293,309,247,283
1,<environment.Job instance at 0x14a09c0fe410>,48,24,[ 2 14],49,309,333,260,304
1,<environment.Job instance at 0x14a09c0fe370>,49,21,[14  2],50,333,354,283,325
1,<environment.Job instance at 0x14a09c0fe690>,51,21,[14  2],52,354,375,302,348
1,<environment.Job instance at 0x14a0a0a567d0>,34,2,[11  1],35,375,377,340,351
1,<environment.Job instance at 0x14a09c0fedc0>,54,28,[ 1 12],55,351,379,296,351
1,<environment.Job instance at 0x14a09c0fe460>,53,1,[ 1 11],54,379,380,325,351
1,<environment.Job instance at 0x14a09c0fe190>,56,26,[2 9],57,380,406,323,378
1,<environment.Job instance at 0x14a09c0fee10>,55,26,[14  1],56,406,432,350,403
1,<environment.Job instance at 0x14a09c25a2d0>,60,19,[1 8],61,427,446,366,427
1,<environment.Job instance at 0x14a09c25afa0>,61,25,[8 1],62,432,457,370,428
1,<environment.Job instance at 0x14a09c25aaa0>,62,26,[ 1 11],63,446,472,383,443
1,<environment.Job instance at 0x14a09c25adc0>,63,24,[11  1],64,457,481,393,453
1,<environment.Job instance at 0x14a09c0feb40>,52,15,[ 2 13],53,474,489,421,474
1,<environment.Job instance at 0x14a09c25a5a0>,66,28,[7 2],67,481,509,414,480
1,<environment.Job instance at 0x14a09c25ad70>,64,16,[1 7],65,489,505,424,481
1,<environment.Job instance at 0x14a09c2cfaf0>,70,28,[1 6],71,493,521,422,493
1,<environment.Job instance at 0x14a09c2cfd20>,71,23,[13  2],72,509,532,437,505
1,<environment.Job instance at 0x14a09c2cfa00>,73,27,[1 6],74,510,537,436,510
1,<environment.Job instance at 0x14a09c25a0a0>,68,22,[ 1 11],69,537,559,468,530
1,<environment.Job instance at 0x14a09c2cfdc0>,75,22,[12  1],76,532,554,456,532
1,<environment.Job instance at 0x14a09c2cf870>,76,21,[12  2],77,554,575,477,546
1,<environment.Job instance at 0x14a09c2cf820>,78,24,[9 1],79,575,599,496,570
1,<environment.Job instance at 0x14a09c2cff00>,79,15,[5 2],80,575,590,495,571
1,<environment.Job instance at 0x14a09c2cf500>,74,2,[12  2],75,599,601,524,586
1,<environment.Job instance at 0x14a09c0fe1e0>,44,14,[13  2],45,601,615,556,589
1,<environment.Job instance at 0x14a09c2cf5a0>,81,1,[13  2],82,615,616,533,604
1,<environment.Job instance at 0x14a09c2cfeb0>,82,26,[5 2],83,616,642,533,613
1,<environment.Job instance at 0x14a09c2cf9b0>,85,21,[6 2],86,616,637,530,613
1,<environment.Job instance at 0x14a09c2cf0f0>,80,3,[12  1],81,642,645,561,620
1,<environment.Job instance at 0x14a09c2ce1e0>,88,27,[1 7],89,620,647,531,620
1,<environment.Job instance at 0x14a09c2cef50>,89,25,[7 2],90,645,670,555,641
1,<environment.Job instance at 0x14a09c2ce910>,90,24,[ 1 11],91,647,671,556,642
1,<environment.Job instance at 0x14a09c2ce5a0>,91,15,[7 1],92,645,660,553,644
1,<environment.Job instance at 0x14a09c2ceb40>,92,28,[ 2 12],93,671,699,578,670
1,<environment.Job instance at 0x14a09c2ce640>,87,22,[12  1],88,677,699,589,677
1,<environment.Job instance at 0x14a09c2ce7d0>,93,19,[11  2],94,699,718,605,693
1,<environment.Job instance at 0x14a09c2ce870>,96,19,[14  1],97,718,737,621,708
1,<environment.Job instance at 0x14a09c2cee60>,97,3,[ 2 11],98,739,742,641,739
1,<environment.Job instance at 0x14a09c2ceaa0>,98,26,[1 5],99,742,768,643,739
1,<environment.Job instance at 0x14a09c2ce190>,99,23,[ 2 13],100,768,791,668,762
1,<environment.Job instance at 0x14a09c2ce230>,95,12,[13  2],96,778,790,682,778
1,<environment.Job instance at 0x14a09c2ceaf0>,100,2,[14  1],101,791,793,690,790
1,<environment.Job instance at 0x14a09c2ce320>,102,17,[9 1],103,793,810,690,790
1,<environment.Job instance at 0x14a09c2cef00>,103,28,[12  2],104,810,838,706,809
1,<environment.Job instance at 0x14a09c2ced70>,104,18,[ 2 11],105,833,851,728,833
1,<environment.Job instance at 0x14a09c2ce0f0>,105,13,[ 2 11],106,869,882,763,869
1,<environment.Job instance at 0x14a09c2837d0>,106,20,[8 1],107,870,890,763,870
1,<environment.Job instance at 0x14a09c283f00>,107,20,[7 2],108,882,902,774,881
1,<environment.Job instance at 0x14a09c283eb0>,108,25,[ 1 13],109,890,915,781,886
1,<environment.Job instance at 0x14a09c283c80>,111,17,[1 6],112,915,932,803,914
1,<environment.Job instance at 0x14a09c283e60>,112,3,[10  1],113,920,923,807,920
1,<environment.Job instance at 0x14a09c283be0>,113,28,[2 8],114,920,948,806,920
1,<environment.Job instance at 0x14a09c283e10>,114,26,[14  1],115,948,974,833,945
1,<environment.Job instance at 0x14a09c283190>,115,22,[ 2 10],116,974,996,858,967
1,<environment.Job instance at 0x14a09c283cd0>,116,2,[ 2 11],117,996,998,879,981
1,<environment.Job instance at 0x14a09c283320>,117,1,[14  1],118,999,1000,881,999
1,<environment.Job instance at 0x14a09c283410>,118,1,[13  1],119,1000,1001,881,1000
1,<environment.Job instance at 0x14a09c283a00>,119,26,[ 1 14],120,1000,1026,880,1000
1,<environment.Job instance at 0x14a09c266960>,121,27,[13  1],122,1001,1028,879,1000
1,<environment.Job instance at 0x14a0a0a75aa0>,124,1,[7 2],125,1028,1029,903,1020
1,<environment.Job instance at 0x14a09c220190>,125,3,[1 6],126,1026,1029,900,1026
1,<environment.Job instance at 0x14a09c220230>,126,26,[2 5],127,1028,1054,901,1026
1,<environment.Job instance at 0x14a09c2cf140>,83,15,[11  2],84,1029,1044,945,1027
1,<environment.Job instance at 0x14a09c220a00>,127,3,[14  1],128,1054,1057,926,1050
1,<environment.Job instance at 0x14a07d86fc80>,129,22,[11  2],130,1057,1079,927,1051
1,<environment.Job instance at 0x14a07d86f2d0>,130,27,[2 9],131,1057,1084,926,1055
1,<environment.Job instance at 0x14a07d86f7d0>,131,14,[11  2],132,1079,1093,947,1075
1,<environment.Job instance at 0x14a07d86feb0>,132,27,[ 1 10],133,1084,1111,951,1082
1,<environment.Job instance at 0x14a07d86f550>,133,17,[ 2 14],134,1120,1137,986,1120
1,<environment.Job instance at 0x14a07d86f0f0>,134,3,[ 1 13],135,1137,1140,1002,1133
1,<environment.Job instance at 0x14a0a0a66820>,135,27,[7 1],136,1133,1160,997,1133
1,<environment.Job instance at 0x14a0a5d63550>,136,1,[13  1],137,1160,1161,1023,1134
1,<environment.Job instance at 0x14a09c2ce780>,101,2,[13  1],102,1161,1163,1059,1142
1,<environment.Job instance at 0x14a09c1073c0>,138,23,[ 2 11],139,1142,1165,1003,1142
1,<environment.Job instance at 0x14a0a0a775f0>,140,21,[12  2],141,1163,1184,1022,1160
1,<environment.Job instance at 0x14a07d2a2230>,137,13,[12  1],138,1184,1197,1046,1174
1,<environment.Job instance at 0x14a09c29bdc0>,143,25,[1 6],144,1182,1207,1038,1182
1,<environment.Job instance at 0x14a07d4563c0>,144,26,[6 1],145,1197,1223,1052,1195
1,<environment.Job instance at 0x14a07d670190>,145,26,[1 8],146,1195,1221,1049,1195
1,<environment.Job instance at 0x14a0a5d66d70>,146,20,[7 2],147,1207,1227,1060,1201
1,<environment.Job instance at 0x14a07d8754b0>,148,2,[7 1],149,1223,1225,1074,1219
1,<environment.Job instance at 0x14a0a5e63d70>,149,18,[ 2 14],150,1227,1245,1077,1226
1,<environment.Job instance at 0x14a0a0bd9410>,150,23,[12  1],151,1227,1250,1076,1227
1,<environment.Job instance at 0x14a09c25ac30>,59,15,[ 2 11],60,1265,1280,1205,1265
1,<environment.Job instance at 0x14a0a54ec370>,153,24,[ 1 14],154,1280,1304,1126,1275
1,<environment.Job instance at 0x14a0a140d230>,154,28,[13  2],155,1304,1332,1149,1303
1,<environment.Job instance at 0x14a07d27db90>,141,3,[ 1 14],142,1402,1405,1260,1402
1,<environment.Job instance at 0x14a07d86f820>,128,13,[ 2 12],129,1421,1434,1292,1421
1,<environment.Job instance at 0x14a07d78f7d0>,151,15,[ 1 12],152,1556,1571,1404,1556
1,<environment.Job instance at 0x14a09c10e8c0>,30,14,[ 1 13],31,1610,1624,1579,1610
1,<environment.Job instance at 0x14a07d9ba820>,2,28,[12  2],3,3,31,0,3
1,<environment.Job instance at 0x14a09c10e8c0>,5,27,[1 8],6,6,33,0,6
1,<environment.Job instance at 0x14a0a0b09320>,11,27,[2 5],12,24,51,12,24
1,<environment.Job instance at 0x14a0a0b06b40>,7,25,[ 1 10],8,33,58,25,29
1,<environment.Job instance at 0x14a0a0b090a0>,15,28,[ 2 13],16,58,86,42,57
1,<environment.Job instance at 0x14a0a0b095a0>,16,27,[ 2 13],17,86,113,69,84
1,<environment.Job instance at 0x14a0a0b09a50>,17,21,[11  1],18,84,105,66,84
1,<environment.Job instance at 0x14a0a0b09140>,13,14,[11  2],14,108,122,94,108
1,<environment.Job instance at 0x14a0a0b09870>,19,2,[14  2],20,122,124,102,110
1,<environment.Job instance at 0x14a0a0b09460>,21,27,[ 1 11],22,113,140,91,111
1,<environment.Job instance at 0x14a0a0b06a00>,9,21,[13  2],10,124,145,114,117
1,<environment.Job instance at 0x14a0a0b26a00>,24,23,[ 2 14],25,145,168,120,139
1,<environment.Job instance at 0x14a0a0b26870>,25,25,[11  1],26,145,170,119,141
1,<environment.Job instance at 0x14a0a0b26c80>,26,28,[9 1],27,170,198,143,169
1,<environment.Job instance at 0x14a0a54411e0>,29,28,[2 5],30,171,199,141,171
1,<environment.Job instance at 0x14a07db50dc0>,1,17,[ 2 13],2,202,219,200,202
1,<environment.Job instance at 0x14a09c044b90>,31,27,[ 2 14],32,219,246,187,218
1,<environment.Job instance at 0x14a09c024f00>,32,28,[14  1],33,246,274,213,245
1,<environment.Job instance at 0x14a0a541d320>,33,17,[5 1],34,274,291,240,264
1,<environment.Job instance at 0x14a0a0b26b40>,22,16,[12  2],23,310,326,287,310
1,<environment.Job instance at 0x14a09c32cc80>,36,23,[7 1],37,326,349,289,321
1,<environment.Job instance at 0x14a09c32c0f0>,37,22,[ 2 11],38,327,349,289,327
1,<environment.Job instance at 0x14a09c34c780>,38,28,[8 1],39,349,377,310,348
1,<environment.Job instance at 0x14a09c344b40>,39,23,[5 1],40,349,372,309,349
1,<environment.Job instance at 0x14a0a0b0a320>,40,24,[ 2 11],41,349,373,308,349
1,<environment.Job instance at 0x14a0a541d640>,34,13,[12  1],35,379,392,344,379
1,<environment.Job instance at 0x14a09c3350a0>,44,22,[2 8],45,380,402,335,380
1,<environment.Job instance at 0x14a09c33edc0>,45,24,[1 9],46,402,426,356,397
1,<environment.Job instance at 0x14a09c33ef50>,46,19,[10  1],47,397,416,350,397
1,<environment.Job instance at 0x14a09c33ed70>,47,19,[ 2 11],48,426,445,378,416
1,<environment.Job instance at 0x14a09c33efa0>,48,15,[12  2],49,434,449,385,434
1,<environment.Job instance at 0x14a09c036960>,43,18,[ 1 11],44,447,465,403,447
1,<environment.Job instance at 0x14a0a1152be0>,52,26,[5 2],53,452,478,399,452
1,<environment.Job instance at 0x14a09c33ec80>,49,2,[13  1],50,478,480,428,455
1,<environment.Job instance at 0x14a0a1152820>,54,15,[13  1],55,480,495,425,470
1,<environment.Job instance at 0x14a09c315640>,57,22,[13  1],58,495,517,437,488
1,<environment.Job instance at 0x14a09c315370>,59,3,[12  1],60,517,520,457,492
1,<environment.Job instance at 0x14a09c315550>,60,3,[ 1 12],61,501,504,440,501
1,<environment.Job instance at 0x14a09c315460>,61,28,[13  1],62,520,548,458,519
1,<environment.Job instance at 0x14a09c315050>,62,20,[14  2],63,548,568,485,540
1,<environment.Job instance at 0x14a09c315410>,64,20,[ 2 10],65,568,588,503,560
1,<environment.Job instance at 0x14a09c315b90>,66,22,[5 2],67,568,590,501,566
1,<environment.Job instance at 0x14a0a0b09b90>,20,15,[13  1],21,590,605,569,580
1,<environment.Job instance at 0x14a09c315d20>,68,26,[12  2],69,605,631,536,602
1,<environment.Job instance at 0x14a09c315690>,67,2,[ 1 14],68,631,633,563,616
1,<environment.Job instance at 0x14a0a115c820>,72,20,[1 6],73,633,653,560,624
1,<environment.Job instance at 0x14a0a115cb40>,75,28,[1 7],76,633,661,557,632
1,<environment.Job instance at 0x14a0a115c4b0>,74,28,[6 2],75,633,661,558,632
1,<environment.Job instance at 0x14a0a115c9b0>,76,21,[ 1 11],77,661,682,584,654
1,<environment.Job instance at 0x14a0a115caf0>,78,2,[9 1],79,661,663,582,655
1,<environment.Job instance at 0x14a0a115cb90>,79,2,[9 1],80,663,665,583,661
1,<environment.Job instance at 0x14a0a115ce60>,80,20,[5 2],81,669,689,588,669
1,<environment.Job instance at 0x14a0a115cdc0>,82,21,[ 1 14],83,689,710,606,681
1,<environment.Job instance at 0x14a0a115cf50>,83,19,[ 1 13],84,710,729,626,702
1,<environment.Job instance at 0x14a0a1150050>,86,23,[7 1],87,710,733,623,710
1,<environment.Job instance at 0x14a0a1150320>,87,26,[7 1],88,716,742,628,716
1,<environment.Job instance at 0x14a0a11503c0>,88,24,[13  1],89,742,766,653,737
1,<environment.Job instance at 0x14a0a1150460>,89,28,[6 1],90,766,794,676,765
1,<environment.Job instance at 0x14a0a1150500>,90,23,[ 1 10],91,766,789,675,766
1,<environment.Job instance at 0x14a0a11505a0>,91,23,[6 2],92,768,791,676,768
1,<environment.Job instance at 0x14a0a11506e0>,93,19,[ 1 13],94,791,810,697,785
1,<environment.Job instance at 0x14a0a1150780>,94,19,[ 1 13],95,810,829,715,807
1,<environment.Job instance at 0x14a09c32e1e0>,56,17,[ 1 13],57,829,846,772,823
1,<environment.Job instance at 0x14a0a1150a50>,97,23,[10  1],98,823,846,725,823
1,<environment.Job instance at 0x14a0a11509b0>,98,2,[ 1 14],99,846,848,747,843
1,<environment.Job instance at 0x14a0a5441af0>,27,17,[ 2 12],28,855,872,827,855
1,<environment.Job instance at 0x14a0a1150aa0>,99,17,[13  1],100,872,889,772,872
1,<environment.Job instance at 0x14a0a1150b90>,101,28,[11  2],102,889,917,787,888
1,<environment.Job instance at 0x14a0a1150820>,95,18,[ 1 12],96,893,911,797,893
1,<environment.Job instance at 0x14a0a1150d20>,103,28,[ 2 11],104,911,939,807,910
1,<environment.Job instance at 0x14a0a1150e10>,105,23,[10  2],106,917,940,811,913
1,<environment.Job instance at 0x14a0a1150f00>,106,28,[ 2 12],107,939,967,832,938
1,<environment.Job instance at 0x14a0a1150eb0>,107,2,[10  1],108,942,944,834,942
1,<environment.Job instance at 0x14a0a1149050>,108,23,[1 9],109,967,990,858,961
1,<environment.Job instance at 0x14a0a1150f50>,109,23,[ 1 11],110,990,1013,880,984
1,<environment.Job instance at 0x14a0a1149140>,110,18,[11  2],111,988,1006,877,988
1,<environment.Job instance at 0x14a0a1149370>,111,1,[11  1],112,1008,1009,896,1008
1,<environment.Job instance at 0x14a0a1150c30>,100,14,[11  1],101,1009,1023,908,1008
1,<environment.Job instance at 0x14a0a115caa0>,77,3,[ 2 11],78,1021,1024,943,1021
1,<environment.Job instance at 0x14a0a1149730>,114,27,[2 5],115,1024,1051,909,1023
1,<environment.Job instance at 0x14a09c33ffa0>,30,13,[ 1 11],31,1051,1064,1020,1038
1,<environment.Job instance at 0x14a0a1149690>,113,2,[11  2],114,1045,1047,931,1045
1,<environment.Job instance at 0x14a0a11498c0>,117,23,[2 6],118,1064,1087,946,1059
1,<environment.Job instance at 0x14a0a11499b0>,119,27,[1 9],120,1064,1091,944,1062
1,<environment.Job instance at 0x14a0a1149960>,120,27,[ 1 11],121,1091,1118,970,1089
1,<environment.Job instance at 0x14a0a1149cd0>,122,20,[13  1],123,1096,1116,973,1096
1,<environment.Job instance at 0x14a0a1149c80>,125,24,[5 1],126,1116,1140,990,1111
1,<environment.Job instance at 0x14a0a11495a0>,116,21,[ 1 12],117,1118,1139,1001,1112
1,<environment.Job instance at 0x14a0a1149d70>,129,3,[ 2 11],130,1139,1142,1009,1130
1,<environment.Job instance at 0x14a0a11820f0>,130,21,[ 1 14],131,1142,1163,1011,1135
1,<environment.Job instance at 0x14a0a1182140>,132,19,[13  1],133,1140,1159,1007,1139
1,<environment.Job instance at 0x14a0a1182410>,133,21,[ 2 12],134,1163,1184,1029,1157
1,<environment.Job instance at 0x14a0a1182280>,134,13,[ 2 14],135,1185,1198,1050,1185
1,<environment.Job instance at 0x14a0a1182370>,135,3,[13  2],136,1213,1216,1077,1213
1,<environment.Job instance at 0x14a0a11823c0>,136,25,[12  2],137,1216,1241,1079,1213
1,<environment.Job instance at 0x14a0a1182500>,138,25,[7 2],139,1241,1266,1102,1237
1,<environment.Job instance at 0x14a0a1149460>,112,18,[ 1 13],113,1242,1260,1129,1242
1,<environment.Job instance at 0x14a0a1182780>,140,2,[11  2],141,1266,1268,1125,1251
1,<environment.Job instance at 0x14a0a1182870>,139,18,[13  1],140,1268,1286,1128,1260
1,<environment.Job instance at 0x14a0a11828c0>,143,15,[11  2],144,1286,1301,1142,1285
1,<environment.Job instance at 0x14a0a1149b90>,123,1,[ 2 12],124,1305,1306,1181,1305
1,<environment.Job instance at 0x14a0a1182aa0>,144,3,[ 1 11],145,1318,1321,1173,1318
1,<environment.Job instance at 0x14a0a1182960>,146,19,[11  2],147,1318,1337,1171,1318
1,<environment.Job instance at 0x14a0a1182a00>,142,1,[14  1],143,1337,1338,1194,1328
1,<environment.Job instance at 0x14a0a11822d0>,131,12,[11  1],132,1343,1355,1211,1343
1,<environment.Job instance at 0x14a0a1182b40>,145,2,[12  1],146,1373,1375,1227,1373
1,<environment.Job instance at 0x14a0a11827d0>,147,1,[12  2],148,1375,1376,1227,1373
1,<environment.Job instance at 0x14a0a1150af0>,102,13,[14  1],103,1478,1491,1375,1478
1,<environment.Job instance at 0x14a07d1b0960>,0,28,[5 2],1,3,31,2,3
1,<environment.Job instance at 0x14a0a1489cd0>,1,19,[9 2],2,19,38,17,19
1,<environment.Job instance at 0x14a0a73bc2d0>,6,24,[1 8],7,24,48,17,24
1,<environment.Job instance at 0x14a0a1150cd0>,3,25,[13  2],4,38,63,34,38
1,<environment.Job instance at 0x14a0a73bc780>,7,23,[ 1 12],8,48,71,40,44
1,<environment.Job instance at 0x14a0a73bc050>,10,23,[9 1],11,63,86,52,57
1,<environment.Job instance at 0x14a0a73bc870>,11,26,[1 5],12,71,97,59,68
1,<environment.Job instance at 0x14a07d1b0050>,2,2,[14  2],3,86,88,83,69
1,<environment.Job instance at 0x14a0a73bc0a0>,13,22,[ 1 13],14,97,119,83,92
1,<environment.Job instance at 0x14a0a73bc8c0>,12,16,[ 2 12],13,119,135,106,109
1,<environment.Job instance at 0x14a09f0097d0>,16,20,[8 2],17,127,147,110,127
1,<environment.Job instance at 0x14a0a73bca50>,15,2,[1 7],16,135,137,119,127
1,<environment.Job instance at 0x14a09f0099b0>,18,24,[ 2 12],19,137,161,118,132
1,<environment.Job instance at 0x14a09f009870>,19,24,[14  1],20,161,185,141,156
1,<environment.Job instance at 0x14a09f009af0>,17,1,[ 2 10],18,185,186,167,181
1,<environment.Job instance at 0x14a09f009280>,23,22,[7 2],24,185,207,161,181
1,<environment.Job instance at 0x14a09f009960>,24,24,[2 7],25,186,210,161,181
1,<environment.Job instance at 0x14a09f009d70>,25,25,[2 6],26,186,211,160,182
1,<environment.Job instance at 0x14a09f0091e0>,26,21,[2 9],27,210,231,183,202
1,<environment.Job instance at 0x14a0a73bc410>,8,13,[ 2 12],9,231,244,222,229
1,<environment.Job instance at 0x14a09f009eb0>,27,14,[14  1],28,244,258,216,241
1,<environment.Job instance at 0x14a09f0095a0>,29,20,[14  2],30,258,278,228,254
1,<environment.Job instance at 0x14a09f0096e0>,28,16,[11  1],29,278,294,249,273
1,<environment.Job instance at 0x14a09f009690>,31,1,[11  1],32,294,295,262,289
1,<environment.Job instance at 0x14a09f009640>,30,2,[13  1],31,295,297,264,293
1,<environment.Job instance at 0x14a09f009aa0>,33,21,[8 2],34,297,318,263,293
1,<environment.Job instance at 0x14a09f009f00>,34,2,[12  2],35,318,320,283,311
1,<environment.Job instance at 0x14a09f009be0>,32,2,[11  1],33,320,322,287,314
1,<environment.Job instance at 0x14a09f0094b0>,35,18,[ 1 14],36,320,338,284,320
1,<environment.Job instance at 0x14a09f009190>,22,14,[11  1],23,331,345,308,331
1,<environment.Job instance at 0x14a07d9ef9b0>,38,17,[ 1 11],39,338,355,299,335
1,<environment.Job instance at 0x14a07d9efd70>,40,23,[ 1 13],41,355,378,314,350
1,<environment.Job instance at 0x14a09f009fa0>,39,3,[11  2],40,360,363,320,360
1,<environment.Job instance at 0x14a07d9ef690>,44,3,[5 2],45,381,384,336,381
1,<environment.Job instance at 0x14a07d9ef780>,46,2,[ 2 12],47,384,386,337,384
1,<environment.Job instance at 0x14a07d9efeb0>,47,25,[13  1],48,384,409,336,384
1,<environment.Job instance at 0x14a07d9efa00>,48,22,[9 2],49,409,431,360,402
1,<environment.Job instance at 0x14a07d9efaf0>,45,3,[ 2 11],46,405,408,359,405
1,<environment.Job instance at 0x14a07d9ef870>,49,20,[ 1 13],50,417,437,367,417
1,<environment.Job instance at 0x14a07d9ef410>,50,19,[13  1],51,431,450,380,431
1,<environment.Job instance at 0x14a07d9efc80>,52,25,[ 2 12],53,437,462,384,433
1,<environment.Job instance at 0x14a07d9ef190>,53,2,[ 2 13],54,462,464,408,447
1,<environment.Job instance at 0x14a07d9ef640>,55,24,[12  2],56,450,474,394,447
1,<environment.Job instance at 0x14a07d9ef910>,51,1,[13  2],52,474,475,422,464
1,<environment.Job instance at 0x14a07d9ef730>,58,27,[1 6],59,464,491,405,464
1,<environment.Job instance at 0x14a07d9efd20>,59,26,[8 2],60,475,501,415,472
1,<environment.Job instance at 0x14a07d9effa0>,60,22,[8 2],61,501,523,440,494
1,<environment.Job instance at 0x14a07d9ef5f0>,61,27,[ 2 10],62,494,521,432,494
1,<environment.Job instance at 0x14a07d529230>,62,22,[13  1],63,523,545,460,516
1,<environment.Job instance at 0x14a07d529460>,63,28,[10  1],64,545,573,481,544
1,<environment.Job instance at 0x14a07d529e60>,64,1,[ 2 12],65,562,563,497,562
1,<environment.Job instance at 0x14a07d529eb0>,65,15,[ 1 13],66,610,625,544,610
1,<environment.Job instance at 0x14a07d529910>,67,22,[12  1],68,612,634,544,612
1,<environment.Job instance at 0x14a07d529c80>,69,3,[1 5],70,625,628,555,621
1,<environment.Job instance at 0x14a07d529fa0>,70,28,[1 6],71,625,653,554,624
1,<environment.Job instance at 0x14a07d5297d0>,72,26,[11  2],73,634,660,561,631
1,<environment.Job instance at 0x14a07d5295f0>,74,23,[7 1],75,660,683,585,655
1,<environment.Job instance at 0x14a0a1150af0>,4,13,[ 1 13],5,669,682,664,669
1,<environment.Job instance at 0x14a07d529320>,76,28,[6 1],77,669,697,592,669
1,<environment.Job instance at 0x14a07d529820>,78,23,[8 2],79,683,706,604,677
1,<environment.Job instance at 0x14a07d529a50>,75,13,[12  2],76,706,719,630,693
1,<environment.Job instance at 0x14a07d529a00>,80,23,[11  1],81,719,742,638,713
1,<environment.Job instance at 0x14a0a77fc2d0>,57,15,[ 2 12],58,733,748,675,733
1,<environment.Job instance at 0x14a07d529050>,81,16,[ 1 11],82,748,764,666,744
1,<environment.Job instance at 0x14a07d6df870>,85,26,[13  2],86,744,770,658,744
1,<environment.Job instance at 0x14a07d6df640>,86,21,[13  2],87,770,791,683,762
1,<environment.Job instance at 0x14a07d6df910>,88,28,[ 1 10],89,764,792,675,763
1,<environment.Job instance at 0x14a07d6df190>,90,22,[12  1],91,791,813,700,784
1,<environment.Job instance at 0x14a09f009550>,37,14,[ 1 14],38,809,823,771,809
1,<environment.Job instance at 0x14a07d6df2d0>,93,24,[ 2 14],94,823,847,729,820
1,<environment.Job instance at 0x14a07d6df410>,94,25,[12  2],95,847,872,752,843
1,<environment.Job instance at 0x14a07d6dfdc0>,91,19,[ 1 13],92,848,867,756,848
1,<environment.Job instance at 0x14a07d6df690>,87,3,[14  2],88,872,875,784,861
1,<environment.Job instance at 0x14a07d6df280>,95,22,[ 1 11],96,867,889,771,863
1,<environment.Job instance at 0x14a07d529960>,79,3,[ 1 12],80,889,892,809,883
1,<environment.Job instance at 0x14a07d6dfaa0>,100,28,[ 1 14],101,892,920,791,891
1,<environment.Job instance at 0x14a07d6dfeb0>,101,21,[ 1 13],102,929,950,827,929
1,<environment.Job instance at 0x14a07d6dfb40>,104,2,[ 2 11],105,953,955,848,953
1,<environment.Job instance at 0x14a0a54a1320>,107,20,[6 1],108,953,973,845,953
1,<environment.Job instance at 0x14a0a54a15f0>,109,27,[1 9],110,956,983,846,956
1,<environment.Job instance at 0x14a0a54a1b90>,110,26,[2 9],111,983,1009,872,980
1,<environment.Job instance at 0x14a0a54a11e0>,111,25,[9 1],112,980,1005,868,980
1,<environment.Job instance at 0x14a07d6dfa00>,98,2,[14  2],99,1009,1011,910,988
1,<environment.Job instance at 0x14a0a54a1500>,112,21,[13  2],113,1011,1032,898,1005
1,<environment.Job instance at 0x14a0a54a1780>,113,2,[ 1 12],114,1015,1017,901,1015
1,<environment.Job instance at 0x14a0a54a1aa0>,116,3,[11  2],117,1032,1035,915,1015
1,<environment.Job instance at 0x14a0a54a1820>,117,24,[9 1],118,1035,1059,917,1030
1,<environment.Job instance at 0x14a0a54a1a00>,118,23,[12  1],119,1059,1082,940,1053
1,<environment.Job instance at 0x14a0a54a1370>,119,28,[10  2],120,1082,1110,962,1081
1,<environment.Job instance at 0x14a0a54a15a0>,120,23,[2 9],121,1085,1108,964,1085
1,<environment.Job instance at 0x14a0a54a1a50>,121,23,[2 5],122,1108,1131,986,1103
1,<environment.Job instance at 0x14a0a54a1fa0>,122,13,[ 1 12],123,1131,1144,1008,1129
1,<environment.Job instance at 0x14a0a54a1e10>,124,15,[12  2],125,1143,1158,1018,1143
1,<environment.Job instance at 0x14a0a54a1410>,125,21,[13  1],126,1158,1179,1032,1150
1,<environment.Job instance at 0x14a0a7dc8f50>,127,26,[8 2],128,1179,1205,1051,1176
1,<environment.Job instance at 0x14a0a7dc8e60>,128,26,[2 8],129,1176,1202,1047,1176
1,<environment.Job instance at 0x14a0a7dc8dc0>,129,22,[10  2],130,1205,1227,1075,1198
1,<environment.Job instance at 0x14a0a7dc8820>,131,2,[7 2],132,1227,1229,1095,1209
1,<environment.Job instance at 0x14a09c125820>,133,19,[2 8],134,1218,1237,1084,1218
1,<environment.Job instance at 0x14a0a375ff00>,134,20,[1 9],135,1237,1257,1102,1228
1,<environment.Job instance at 0x14a0a5e97910>,135,1,[13  1],136,1232,1233,1096,1232
1,<environment.Job instance at 0x14a0a4ddc0a0>,136,22,[ 1 13],137,1257,1279,1120,1250
1,<environment.Job instance at 0x14a0a4ddcd20>,137,28,[ 2 11],138,1279,1307,1141,1278
1,<environment.Job instance at 0x14a0a5e97870>,138,16,[14  1],139,1307,1323,1168,1306
1,<environment.Job instance at 0x14a0a1412be0>,139,1,[11  1],140,1323,1324,1183,1312
1,<environment.Job instance at 0x14a0a1412780>,140,3,[13  2],157,1324,1327,1167,1319
1,<environment.Job instance at 0x14a0a54a1d70>,115,14,[ 2 14],116,1327,1341,1211,1321
1,<environment.Job instance at 0x14a07d6dff50>,103,14,[14  1],104,1401,1415,1297,1401
1,<environment.Job instance at 0x14a07d6df500>,106,14,[ 1 14],107,1707,1721,1600,1707
1,<environment.Job instance at 0x14a07d5fc820>,1,28,[8 2],2,2,30,0,2
1,<environment.Job instance at 0x14a07d5fcc30>,6,13,[7 1],7,8,21,1,8
1,<environment.Job instance at 0x14a07d5fc960>,8,28,[6 1],9,21,49,12,20
1,<environment.Job instance at 0x14a07d5fc910>,0,13,[14  2],1,49,62,48,40
1,<environment.Job instance at 0x14a0a54a1960>,2,1,[ 2 13],3,45,46,42,45
1,<environment.Job instance at 0x14a0a1061320>,11,22,[9 1],12,62,84,50,56
1,<environment.Job instance at 0x14a0a1061870>,10,12,[13  1],11,84,96,73,69
1,<environment.Job instance at 0x14a07d5fc3c0>,7,1,[ 1 11],8,70,71,62,70
1,<environment.Job instance at 0x14a0a1061370>,14,26,[ 2 11],15,71,97,56,71
1,<environment.Job instance at 0x14a07d5fcdc0>,4,1,[ 2 13],5,97,98,92,78
1,<environment.Job instance at 0x14a0a1061b90>,17,25,[1 9],18,98,123,80,94
1,<environment.Job instance at 0x14a0a1061dc0>,18,26,[1 6],19,98,124,79,95
1,<environment.Job instance at 0x14a07d5fc4b0>,9,15,[12  1],10,123,138,113,115
1,<environment.Job instance at 0x14a0a1061640>,19,23,[2 7],20,123,146,103,119
1,<environment.Job instance at 0x14a0a1061c80>,13,3,[ 2 14],14,146,149,132,137
1,<environment.Job instance at 0x14a07dbb9730>,26,22,[1 5],27,149,171,122,142
1,<environment.Job instance at 0x14a07dbb9140>,27,28,[9 2],28,149,177,121,148
1,<environment.Job instance at 0x14a07dbb96e0>,29,23,[10  2],30,177,200,147,172
1,<environment.Job instance at 0x14a07dbb9410>,30,16,[ 2 11],31,189,205,158,189
1,<environment.Job instance at 0x14a07dbb9190>,32,24,[13  1],33,200,224,167,195
1,<environment.Job instance at 0x14a0a10613c0>,21,21,[ 2 14],22,205,226,183,197
1,<environment.Job instance at 0x14a0a10618c0>,22,1,[13  1],23,224,225,201,216
1,<environment.Job instance at 0x14a07dbb9640>,36,25,[ 1 11],37,226,251,189,222
1,<environment.Job instance at 0x14a07dbb9e60>,35,14,[12  1],36,229,243,193,229
1,<environment.Job instance at 0x14a07dbb9aa0>,39,20,[ 2 13],40,251,271,211,242
1,<environment.Job instance at 0x14a0a142c550>,40,19,[7 1],41,243,262,202,243
1,<environment.Job instance at 0x14a07dbb9a50>,38,3,[13  2],39,262,265,223,252
1,<environment.Job instance at 0x14a0a142c050>,41,1,[11  2],42,265,266,223,260
1,<environment.Job instance at 0x14a0a142c730>,43,12,[7 2],44,266,278,222,262
1,<environment.Job instance at 0x14a0a142ceb0>,45,22,[6 1],46,271,293,225,269
1,<environment.Job instance at 0x14a0a142ce60>,48,26,[6 1],49,278,304,229,275
1,<environment.Job instance at 0x14a0a1061230>,24,1,[14  1],25,304,305,279,285
1,<environment.Job instance at 0x14a0a142cb40>,50,22,[2 9],51,305,327,254,298
1,<environment.Job instance at 0x14a0a142c6e0>,52,1,[12  1],53,305,306,252,299
1,<environment.Job instance at 0x14a0a142c960>,42,17,[13  2],43,325,342,282,325
1,<environment.Job instance at 0x14a07d1899b0>,53,12,[12  1],54,342,354,288,325
1,<environment.Job instance at 0x14a07d189aa0>,54,22,[1 5],55,327,349,272,325
1,<environment.Job instance at 0x14a0a142c640>,49,15,[14  2],50,354,369,304,347
1,<environment.Job instance at 0x14a07d13eaa0>,59,25,[ 2 11],60,369,394,309,365
1,<environment.Job instance at 0x14a07d13ebe0>,60,19,[12  1],61,369,388,308,365
1,<environment.Job instance at 0x14a0a73688c0>,64,25,[ 1 12],65,394,419,329,390
1,<environment.Job instance at 0x14a07d189a00>,58,15,[13  2],59,407,422,348,407
1,<environment.Job instance at 0x14a0a7368f00>,67,21,[1 8],68,419,440,351,416
1,<environment.Job instance at 0x14a0a1061550>,12,14,[ 1 13],13,440,454,427,428
1,<environment.Job instance at 0x14a0a7368410>,69,1,[ 1 13],70,454,455,384,429
1,<environment.Job instance at 0x14a0a7368780>,70,13,[9 1],71,438,451,367,438
1,<environment.Job instance at 0x14a07db0e230>,71,20,[8 1],72,451,471,379,442
1,<environment.Job instance at 0x14a07db0e640>,73,1,[13  1],74,471,472,397,457
1,<environment.Job instance at 0x14a07db0e8c0>,74,25,[ 1 13],75,458,483,383,458
1,<environment.Job instance at 0x14a07db0e960>,75,16,[12  1],76,483,499,407,483
1,<environment.Job instance at 0x14a07db0e780>,76,24,[9 1],77,499,523,422,494
1,<environment.Job instance at 0x14a07db0ed70>,77,28,[14  2],78,523,551,445,522
1,<environment.Job instance at 0x14a0a73681e0>,65,15,[ 1 12],66,530,545,464,530
1,<environment.Job instance at 0x14a07db0e280>,81,22,[5 1],82,551,573,469,544
1,<environment.Job instance at 0x14a07db0e730>,82,23,[8 1],83,551,574,468,545
1,<environment.Job instance at 0x14a09c1890f0>,84,27,[9 2],85,574,601,489,572
1,<environment.Job instance at 0x14a0a09b4460>,85,25,[11  1],86,601,626,515,597
1,<environment.Job instance at 0x14a07dbb9b40>,37,2,[ 1 13],38,598,600,560,598
1,<environment.Job instance at 0x14a0a73689b0>,68,3,[12  2],69,626,629,557,602
1,<environment.Job instance at 0x14a07d851c80>,89,23,[ 1 14],90,602,625,512,602
1,<environment.Job instance at 0x14a0a09b6820>,87,1,[12  2],88,629,630,541,603
1,<environment.Job instance at 0x14a0a10ebe10>,92,19,[13  2],93,630,649,537,621
1,<environment.Job instance at 0x14a0a10eb460>,94,15,[12  1],95,649,664,554,636
1,<environment.Job instance at 0x14a0a0a991e0>,95,21,[ 2 13],96,637,658,541,637
1,<environment.Job instance at 0x14a07d836280>,96,19,[1 7],97,658,677,561,652
1,<environment.Job instance at 0x14a07d851be0>,97,28,[2 8],98,664,692,566,663
1,<environment.Job instance at 0x14a09f279550>,93,14,[ 1 11],94,717,731,623,717
1,<environment.Job instance at 0x14a0a5425820>,99,25,[ 2 12],100,731,756,631,727
1,<environment.Job instance at 0x14a07d239780>,101,1,[ 2 14],102,760,761,658,760
1,<environment.Job instance at 0x14a07d239c80>,102,22,[7 2],103,761,783,658,760
1,<environment.Job instance at 0x14a07d87c820>,103,22,[12  1],104,783,805,679,776
1,<environment.Job instance at 0x14a07d830d70>,104,23,[ 1 11],105,777,800,672,777
1,<environment.Job instance at 0x14a07d1893c0>,55,12,[ 1 11],56,800,812,744,791
1,<environment.Job instance at 0x14a07d5dc4b0>,105,3,[13  1],106,805,808,699,803
1,<environment.Job instance at 0x14a09c0768c0>,106,24,[ 1 11],107,812,836,705,809
1,<environment.Job instance at 0x14a07d2d3fa0>,107,2,[13  2],108,809,811,701,809
1,<environment.Job instance at 0x14a09c08ecd0>,109,27,[1 9],110,836,863,726,834
1,<environment.Job instance at 0x14a07db0e410>,80,14,[ 2 11],81,863,877,782,863
1,<environment.Job instance at 0x14a07d5cbc80>,111,22,[ 1 10],112,877,899,765,870
1,<environment.Job instance at 0x14a0a0926b40>,108,16,[11  2],109,872,888,763,872
1,<environment.Job instance at 0x14a0a11e94b0>,112,18,[10  1],113,888,906,775,886
1,<environment.Job instance at 0x14a09f248b90>,115,3,[ 2 11],116,899,902,783,899
1,<environment.Job instance at 0x14a0a11f14b0>,116,22,[ 1 11],117,902,924,785,900
1,<environment.Job instance at 0x14a07d53cd20>,117,19,[10  1],118,906,925,788,901
1,<environment.Job instance at 0x14a0a1491f00>,114,17,[12  2],115,925,942,810,916
1,<environment.Job instance at 0x14a07d86c7d0>,110,3,[ 2 14],111,942,945,831,918
1,<environment.Job instance at 0x14a07da96320>,121,27,[ 2 10],122,945,972,823,943
1,<environment.Job instance at 0x14a07d4c6e10>,120,14,[7 1],121,946,960,825,946
1,<environment.Job instance at 0x14a0a11f1140>,119,15,[13  2],120,960,975,840,952
1,<environment.Job instance at 0x14a07da96550>,123,22,[ 2 10],124,972,994,848,965
1,<environment.Job instance at 0x14a07d18cdc0>,128,22,[12  2],129,975,997,846,968
1,<environment.Job instance at 0x14a07d18c5a0>,129,22,[8 1],130,997,1019,867,990
1,<environment.Job instance at 0x14a07d2e5690>,131,28,[2 7],132,994,1022,862,994
1,<environment.Job instance at 0x14a07d2e5280>,132,25,[5 1],133,997,1022,864,994
1,<environment.Job instance at 0x14a07d2e5e10>,133,25,[9 2],134,1022,1047,888,1018
1,<environment.Job instance at 0x14a0a09b5dc0>,134,23,[ 1 14],135,1047,1070,912,1041
1,<environment.Job instance at 0x14a0a09b5af0>,136,18,[1 5],137,1070,1088,933,1066
1,<environment.Job instance at 0x14a07d665c80>,122,2,[12  2],123,1070,1072,947,1066
1,<environment.Job instance at 0x14a0a09b5910>,138,22,[12  2],139,1072,1094,933,1066
1,<environment.Job instance at 0x14a0a09b5aa0>,139,20,[ 2 13],140,1088,1108,948,1087
1,<environment.Job instance at 0x14a07d7bae60>,140,15,[11  2],141,1094,1109,953,1090
1,<environment.Job instance at 0x14a0a09b5230>,137,19,[ 2 14],138,1109,1128,971,1104
1,<environment.Job instance at 0x14a07d7bae10>,142,1,[11  1],143,1120,1121,977,1120
1,<environment.Job instance at 0x14a07d6671e0>,143,24,[ 2 13],144,1128,1152,984,1124
1,<environment.Job instance at 0x14a07d667280>,144,25,[12  1],145,1124,1149,979,1124
1,<environment.Job instance at 0x14a07d667cd0>,145,24,[ 2 13],146,1152,1176,1006,1147
1,<environment.Job instance at 0x14a07d667d70>,146,22,[13  1],147,1149,1171,1002,1147
1,<environment.Job instance at 0x14a07d6679b0>,147,25,[ 2 13],148,1176,1201,1028,1172
1,<environment.Job instance at 0x14a07d6673c0>,148,28,[ 2 14],149,1201,1229,1052,1200
1,<environment.Job instance at 0x14a07d7ba1e0>,141,15,[13  2],142,1235,1250,1093,1235
1,<environment.Job instance at 0x14a0a09b4730>,88,1,[12  1],89,1250,1251,1161,1247
1,<environment.Job instance at 0x14a0a11a0e10>,125,13,[14  2],126,1260,1273,1134,1260
1,<environment.Job instance at 0x14a07d87e6e0>,98,13,[ 1 12],99,1977,1990,1878,1977
1,<environment.Job instance at 0x14a07d2dbc30>,0,27,[9 2],1,2,29,1,2
1,<environment.Job instance at 0x14a07d2db190>,3,20,[5 1],4,24,44,20,24
1,<environment.Job instance at 0x14a07d2dba00>,10,26,[13  2],11,44,70,33,41
1,<environment.Job instance at 0x14a07d2db870>,11,2,[13  2],12,70,72,58,70
1,<environment.Job instance at 0x14a07d2db7d0>,5,16,[ 1 14],6,72,88,66,71
1,<environment.Job instance at 0x14a07d2e7690>,15,1,[ 2 14],16,88,89,72,86
1,<environment.Job instance at 0x14a07d2e76e0>,16,26,[ 2 13],17,89,115,72,86
1,<environment.Job instance at 0x14a07d2e73c0>,17,21,[13  2],18,89,110,71,87
1,<environment.Job instance at 0x14a07d2e7dc0>,14,3,[ 1 14],15,115,118,100,105
1,<environment.Job instance at 0x14a07d2e7e60>,21,22,[11  2],22,118,140,96,111
1,<environment.Job instance at 0x14a07d2e7b90>,22,23,[ 1 10],23,118,141,95,113
1,<environment.Job instance at 0x14a07d2e7780>,23,28,[ 1 14],24,141,169,117,140
1,<environment.Job instance at 0x14a0a14905f0>,2,17,[14  1],3,160,177,157,160
1,<environment.Job instance at 0x14a07d2e7fa0>,26,20,[2 8],27,177,197,150,170
1,<environment.Job instance at 0x14a07d2e78c0>,27,24,[2 6],28,177,201,149,172
1,<environment.Job instance at 0x14a07d2e7640>,28,2,[12  2],29,197,199,168,185
1,<environment.Job instance at 0x14a07d2e74b0>,29,21,[ 2 13],30,201,222,171,194
1,<environment.Job instance at 0x14a07d2e71e0>,31,26,[11  2],32,199,225,167,199
1,<environment.Job instance at 0x14a07d2e70f0>,32,21,[6 2],33,225,246,192,218
1,<environment.Job instance at 0x14a07d2e7a00>,33,26,[9 2],34,225,251,191,223
1,<environment.Job instance at 0x14a07d2e7910>,20,2,[ 2 13],21,223,225,202,223
1,<environment.Job instance at 0x14a07d2e75a0>,35,21,[11  2],36,251,272,215,243
1,<environment.Job instance at 0x14a07d2e7b40>,34,2,[14  2],35,272,274,237,251
1,<environment.Job instance at 0x14a07d2e7d70>,25,19,[12  2],26,274,293,248,265
1,<environment.Job instance at 0x14a09c076cd0>,38,2,[14  2],39,293,295,254,285
1,<environment.Job instance at 0x14a09c076230>,40,25,[1 5],41,289,314,248,289
1,<environment.Job instance at 0x14a09c076410>,41,1,[1 9],42,295,296,253,289
1,<environment.Job instance at 0x14a09c076b90>,39,1,[ 1 11],40,314,315,274,292
1,<environment.Job instance at 0x14a09c076a50>,43,22,[2 9],44,315,337,271,308
1,<environment.Job instance at 0x14a09c076dc0>,42,2,[6 1],43,311,313,268,311
1,<environment.Job instance at 0x14a09c076190>,46,21,[11  1],47,313,334,266,312
1,<environment.Job instance at 0x14a09c076d20>,48,3,[ 1 13],49,337,340,288,335
1,<environment.Job instance at 0x14a09c076050>,50,26,[14  2],51,337,363,286,335
1,<environment.Job instance at 0x14a09c076a00>,47,16,[ 2 14],48,363,379,315,355
1,<environment.Job instance at 0x14a09c076690>,54,20,[9 2],55,379,399,324,372
1,<environment.Job instance at 0x14a09c076f00>,55,18,[ 1 14],56,399,417,343,394
1,<environment.Job instance at 0x14a09c076fa0>,56,25,[12  2],57,417,442,360,413
1,<environment.Job instance at 0x14a09c0765a0>,57,28,[ 2 11],58,417,445,359,416
1,<environment.Job instance at 0x14a0a09b40a0>,59,20,[2 8],60,445,465,385,436
1,<environment.Job instance at 0x14a0a09b4c30>,60,2,[ 2 12],61,465,467,404,458
1,<environment.Job instance at 0x14a0a09b46e0>,61,19,[14  2],62,467,486,405,466
1,<environment.Job instance at 0x14a0a09b4870>,63,3,[1 9],64,474,477,410,474
1,<environment.Job instance at 0x14a09c076af0>,53,15,[14  1],54,486,501,432,484
1,<environment.Job instance at 0x14a0a09b4e60>,66,28,[9 2],67,501,529,434,500
1,<environment.Job instance at 0x14a0a09b48c0>,64,2,[ 2 14],65,529,531,464,510
1,<environment.Job instance at 0x14a0a09b4af0>,68,25,[13  1],69,529,554,460,525
1,<environment.Job instance at 0x14a0a09b4fa0>,69,20,[ 2 11],70,531,551,461,529
1,<environment.Job instance at 0x14a0a09b4f50>,70,27,[ 1 11],71,551,578,480,549
1,<environment.Job instance at 0x14a0a09b45f0>,71,17,[14  1],72,554,571,482,553
1,<environment.Job instance at 0x14a0a09b4e10>,73,22,[6 2],74,571,593,497,564
1,<environment.Job instance at 0x14a0a09b4cd0>,74,19,[11  2],75,593,612,518,583
1,<environment.Job instance at 0x14a0a09b4820>,67,3,[14  1],68,612,615,544,609
1,<environment.Job instance at 0x14a0a09b4be0>,75,1,[ 1 12],76,609,610,533,609
1,<environment.Job instance at 0x14a0a09b4dc0>,76,2,[9 1],77,615,617,538,610
1,<environment.Job instance at 0x14a0a09a9550>,79,1,[14  1],80,617,618,537,615
1,<environment.Job instance at 0x14a0a09a9c30>,77,3,[2 6],78,618,621,540,617
1,<environment.Job instance at 0x14a0a09a90a0>,81,17,[ 1 11],82,621,638,539,618
1,<environment.Job instance at 0x14a0a09a9370>,82,23,[12  1],83,618,641,535,618
1,<environment.Job instance at 0x14a0a09a9b40>,83,28,[13  1],84,641,669,557,640
1,<environment.Job instance at 0x14a0a09a9640>,80,2,[13  2],81,669,671,588,642
1,<environment.Job instance at 0x14a0a09a9dc0>,84,18,[ 1 13],85,666,684,581,666
1,<environment.Job instance at 0x14a0a09a9af0>,87,28,[ 1 13],88,684,712,596,683
1,<environment.Job instance at 0x14a0a09a97d0>,90,17,[11  1],91,697,714,606,697
1,<environment.Job instance at 0x14a0a09a9500>,91,26,[ 2 14],92,712,738,620,709
1,<environment.Job instance at 0x14a07d2c51e0>,94,3,[13  2],95,738,741,643,719
1,<environment.Job instance at 0x14a07d2c50a0>,96,25,[6 2],97,741,766,644,737
1,<environment.Job instance at 0x14a07d2c5640>,97,18,[2 6],98,738,756,640,737
1,<environment.Job instance at 0x14a07d2c5140>,99,26,[ 1 14],100,766,792,666,763
1,<environment.Job instance at 0x14a0a09a92d0>,86,1,[ 2 11],87,792,793,705,767
1,<environment.Job instance at 0x14a07d2c5b40>,100,18,[ 2 13],101,793,811,692,785
1,<environment.Job instance at 0x14a07d2c5910>,101,22,[12  2],102,792,814,690,785
1,<environment.Job instance at 0x14a07d2c5cd0>,102,19,[ 1 11],103,811,830,708,805
1,<environment.Job instance at 0x14a07d2c5870>,103,28,[14  1],104,814,842,710,813
1,<environment.Job instance at 0x14a07d2c5410>,108,28,[ 1 11],109,830,858,721,829
1,<environment.Job instance at 0x14a07d2c5d70>,110,28,[6 1],111,842,870,731,842
1,<environment.Job instance at 0x14a07d2c5c30>,111,27,[2 9],112,858,885,746,856
1,<environment.Job instance at 0x14a07d2c5a00>,112,27,[ 2 14],113,885,912,772,883
1,<environment.Job instance at 0x14a09c192230>,113,25,[6 2],114,912,937,798,908
1,<environment.Job instance at 0x14a07d2c5690>,106,25,[ 1 11],107,912,937,805,908
1,<environment.Job instance at 0x14a09c192690>,119,20,[13  1],120,937,957,817,930
1,<environment.Job instance at 0x14a09c192af0>,114,17,[ 1 14],115,948,965,833,948
1,<environment.Job instance at 0x14a09c192cd0>,120,23,[11  1],121,957,980,836,951
1,<environment.Job instance at 0x14a09c192370>,122,21,[11  1],123,980,1001,857,972
1,<environment.Job instance at 0x14a09c192f00>,123,19,[ 1 13],124,973,992,849,973
1,<environment.Job instance at 0x14a09c1922d0>,124,24,[ 1 14],125,992,1016,867,987
1,<environment.Job instance at 0x14a09c192a50>,125,2,[14  2],126,1016,1018,890,998
1,<environment.Job instance at 0x14a09c192050>,121,2,[ 1 11],122,1016,1018,894,1001
1,<environment.Job instance at 0x14a09c192f50>,127,24,[14  1],128,1018,1042,890,1013
1,<environment.Job instance at 0x14a09c192730>,128,1,[ 1 13],129,1024,1025,895,1024
1,<environment.Job instance at 0x14a09c1924b0>,129,19,[2 6],130,1042,1061,912,1035
1,<environment.Job instance at 0x14a09c1927d0>,126,27,[2 5],127,1042,1069,915,1040
1,<environment.Job instance at 0x14a09c192320>,132,20,[14  1],133,1069,1089,936,1064
1,<environment.Job instance at 0x14a07d2dbd70>,12,12,[13  2],13,1089,1101,1076,1081
1,<environment.Job instance at 0x14a09c192640>,136,23,[ 2 13],137,1089,1112,952,1083
1,<environment.Job instance at 0x14a09c070c30>,138,24,[2 8],139,1112,1136,973,1107
1,<environment.Job instance at 0x14a09c192dc0>,135,12,[14  2],136,1136,1148,1000,1123
1,<environment.Job instance at 0x14a09c1920f0>,131,14,[ 1 11],132,1146,1160,1014,1146
1,<environment.Job instance at 0x14a09c070af0>,139,12,[11  2],140,1177,1189,1037,1177
1,<environment.Job instance at 0x14a0a54e1e60>,144,28,[1 5],145,1177,1205,1032,1177
1,<environment.Job instance at 0x14a0a5de4e10>,140,13,[12  2],141,1262,1275,1121,1262
1,<environment.Job instance at 0x14a0a10cae10>,143,13,[ 1 12],144,1409,1422,1265,1409
1,<environment.Job instance at 0x14a07d2dbe10>,8,13,[13  2],9,1450,1463,1441,1450
1,<environment.Job instance at 0x14a09c076140>,37,13,[ 2 12],38,1628,1641,1590,1628
1,<environment.Job instance at 0x14a09c08e690>,0,23,[13  1],1,2,25,1,2
1,<environment.Job instance at 0x14a09c08ed20>,1,20,[ 2 14],2,4,24,2,4
1,<environment.Job instance at 0x14a09c076140>,5,27,[13  1],6,25,52,19,24
1,<environment.Job instance at 0x14a0a0a80500>,6,27,[ 1 13],7,30,57,23,30
1,<environment.Job instance at 0x14a0a14a5d70>,4,28,[12  2],5,52,80,47,52
1,<environment.Job instance at 0x14a0a1170aa0>,12,20,[ 1 12],13,62,82,49,62
1,<environment.Job instance at 0x14a0a1170870>,14,27,[8 2],15,80,107,65,79
1,<environment.Job instance at 0x14a0a1170370>,11,28,[13  1],12,107,135,95,106
1,<environment.Job instance at 0x14a0a0a80d20>,9,3,[ 2 14],10,112,115,102,112
1,<environment.Job instance at 0x14a0a1170910>,17,28,[11  1],18,135,163,117,134
1,<environment.Job instance at 0x14a0a1170f50>,18,2,[ 1 12],19,151,153,132,151
1,<environment.Job instance at 0x14a0a11707d0>,19,27,[ 1 11],20,153,180,133,151
1,<environment.Job instance at 0x14a0a1170b90>,21,28,[6 2],22,164,192,142,164
1,<environment.Job instance at 0x14a0a1170050>,22,21,[14  1],23,192,213,169,184
1,<environment.Job instance at 0x14a0a1170e60>,23,24,[ 1 12],24,187,211,163,187
1,<environment.Job instance at 0x14a07d0df910>,24,1,[ 2 10],25,213,214,188,191
1,<environment.Job instance at 0x14a0a1170690>,25,27,[8 1],26,213,240,187,211
1,<environment.Job instance at 0x14a07d0dfdc0>,26,18,[ 1 12],27,222,240,195,222
1,<environment.Job instance at 0x14a07d0df5a0>,27,14,[11  2],28,250,264,222,250
1,<environment.Job instance at 0x14a07d0df870>,29,26,[13  1],30,264,290,234,261
1,<environment.Job instance at 0x14a07d0dfb40>,30,23,[1 5],31,261,284,230,261
1,<environment.Job instance at 0x14a07d0df960>,32,23,[14  1],33,290,313,257,284
1,<environment.Job instance at 0x14a07d0df7d0>,35,28,[ 1 13],36,305,333,269,305
1,<environment.Job instance at 0x14a07d0dfa50>,36,25,[14  1],37,313,338,276,309
1,<environment.Job instance at 0x14a0a1170fa0>,16,3,[13  1],17,349,352,332,349
1,<environment.Job instance at 0x14a07d0df370>,39,20,[6 1],40,352,372,312,349
1,<environment.Job instance at 0x14a0a0a804b0>,7,17,[ 2 11],8,350,367,342,350
1,<environment.Job instance at 0x14a07d0df190>,41,25,[ 2 12],42,367,392,325,363
1,<environment.Job instance at 0x14a07d0df500>,42,26,[14  1],43,392,418,349,389
1,<environment.Job instance at 0x14a07d0dfbe0>,43,22,[ 1 14],44,392,414,348,391
1,<environment.Job instance at 0x14a0a0a80460>,8,18,[ 1 12],9,414,432,405,406
1,<environment.Job instance at 0x14a07d913820>,48,23,[6 1],49,418,441,369,413
1,<environment.Job instance at 0x14a07d9137d0>,53,18,[ 1 11],54,432,450,378,431
1,<environment.Job instance at 0x14a07d9138c0>,55,26,[14  2],56,442,468,386,442
1,<environment.Job instance at 0x14a07d913140>,59,27,[ 2 14],60,468,495,408,466
1,<environment.Job instance at 0x14a07d913af0>,60,22,[9 2],61,495,517,434,488
1,<environment.Job instance at 0x14a0a73f1af0>,63,17,[12  2],64,517,534,453,513
1,<environment.Job instance at 0x14a0a73f1be0>,64,27,[13  2],65,534,561,469,532
1,<environment.Job instance at 0x14a0a73f10f0>,65,19,[12  1],66,561,580,495,551
1,<environment.Job instance at 0x14a0a73f1b90>,66,24,[7 2],67,580,604,513,575
1,<environment.Job instance at 0x14a0a73f1fa0>,67,2,[13  1],68,604,606,536,589
1,<environment.Job instance at 0x14a0a73f12d0>,68,25,[ 2 12],69,589,614,520,589
1,<environment.Job instance at 0x14a0a73f14b0>,69,3,[ 2 14],70,614,617,544,590
1,<environment.Job instance at 0x14a0a73f1410>,70,27,[14  2],71,617,644,546,615
1,<environment.Job instance at 0x14a0a73f13c0>,71,26,[6 2],72,644,670,572,641
1,<environment.Job instance at 0x14a0a73f1e10>,74,13,[6 1],75,646,659,571,646
1,<environment.Job instance at 0x14a0a73f1910>,75,20,[ 1 14],76,670,690,594,662
1,<environment.Job instance at 0x14a0a73f11e0>,77,23,[2 9],78,690,713,612,684
1,<environment.Job instance at 0x14a0a73f1e60>,78,24,[ 1 11],79,713,737,634,708
1,<environment.Job instance at 0x14a0a73f1550>,79,28,[6 2],80,708,736,628,708
1,<environment.Job instance at 0x14a0a73f1140>,80,19,[11  1],81,736,755,655,728
1,<environment.Job instance at 0x14a0a1099e60>,81,3,[ 1 11],82,737,740,655,731
1,<environment.Job instance at 0x14a0a10990a0>,82,18,[2 7],83,740,758,657,737
1,<environment.Job instance at 0x14a0a1099fa0>,84,27,[ 2 11],85,758,785,673,757
1,<environment.Job instance at 0x14a0a1099af0>,86,21,[ 2 14],87,785,806,698,778
1,<environment.Job instance at 0x14a0a1099be0>,87,27,[ 2 11],88,806,833,718,804
1,<environment.Job instance at 0x14a0a1099b90>,88,28,[9 1],89,804,832,715,804
1,<environment.Job instance at 0x14a0a10990f0>,89,25,[13  1],90,832,857,742,828
1,<environment.Job instance at 0x14a07d913e60>,50,18,[ 2 14],51,850,868,799,850
1,<environment.Job instance at 0x14a0a1099dc0>,92,17,[ 2 14],93,877,894,784,877
1,<environment.Job instance at 0x14a0a1099e10>,93,28,[ 2 12],94,894,922,800,893
1,<environment.Job instance at 0x14a0a1099a00>,94,20,[11  2],95,894,914,799,893
1,<environment.Job instance at 0x14a0a1170550>,15,16,[ 1 12],16,926,942,910,926
1,<environment.Job instance at 0x14a09efc43c0>,96,23,[1 7],97,942,965,845,936
1,<environment.Job instance at 0x14a09efc4b40>,97,25,[12  2],98,936,961,838,936
1,<environment.Job instance at 0x14a0a1099d70>,95,13,[14  1],96,971,984,875,971
1,<environment.Job instance at 0x14a09efc4d70>,98,1,[ 1 11],99,977,978,878,977
1,<environment.Job instance at 0x14a09efc4dc0>,99,22,[5 1],100,984,1006,884,977
1,<environment.Job instance at 0x14a09efc4cd0>,101,15,[ 1 12],102,985,1000,883,985
1,<environment.Job instance at 0x14a09efc4eb0>,102,22,[6 1],103,987,1009,884,987
1,<environment.Job instance at 0x14a09efc4410>,106,1,[8 1],107,1006,1007,899,1004
1,<environment.Job instance at 0x14a09efc47d0>,107,20,[13  1],108,1009,1029,901,1005
1,<environment.Job instance at 0x14a09efc4730>,108,2,[2 9],109,1007,1009,898,1006
1,<environment.Job instance at 0x14a09efc4960>,100,2,[12  2],101,1029,1031,928,1022
1,<environment.Job instance at 0x14a09efc4c30>,110,14,[12  1],111,1033,1047,922,1033
1,<environment.Job instance at 0x14a09efc4a50>,112,25,[1 8],113,1033,1058,920,1033
1,<environment.Job instance at 0x14a09efc45f0>,114,15,[13  2],115,1047,1062,932,1037
1,<environment.Job instance at 0x14a0a10997d0>,90,15,[13  1],91,1062,1077,971,1053
1,<environment.Job instance at 0x14a07dbc1780>,116,27,[ 1 11],117,1058,1085,941,1056
1,<environment.Job instance at 0x14a07dbc1b90>,117,21,[13  1],118,1077,1098,959,1069
1,<environment.Job instance at 0x14a09efc4b90>,115,19,[11  1],116,1098,1117,982,1090
1,<environment.Job instance at 0x14a07dbc1410>,124,21,[13  1],125,1117,1138,992,1109
1,<environment.Job instance at 0x14a07dbc1af0>,121,2,[13  1],122,1138,1140,1016,1114
1,<environment.Job instance at 0x14a09efc44b0>,111,14,[ 1 11],112,1141,1155,1029,1141
1,<environment.Job instance at 0x14a07dbc1730>,128,23,[14  2],129,1141,1164,1012,1141
1,<environment.Job instance at 0x14a07dbc1820>,127,3,[ 1 11],128,1155,1158,1027,1148
1,<environment.Job instance at 0x14a07dbc1b40>,125,13,[ 1 12],126,1158,1171,1032,1150
1,<environment.Job instance at 0x14a07dbc1cd0>,131,12,[12  2],132,1167,1179,1035,1167
1,<environment.Job instance at 0x14a07dbc1230>,132,1,[14  1],133,1179,1180,1046,1171
1,<environment.Job instance at 0x14a0a11b4be0>,136,25,[11  1],137,1180,1205,1043,1176
1,<environment.Job instance at 0x14a09ef4b320>,137,22,[1 9],138,1177,1199,1039,1177
1,<environment.Job instance at 0x14a07d2668c0>,135,2,[12  2],136,1205,1207,1069,1185
1,<environment.Job instance at 0x14a09ef62aa0>,139,24,[12  2],152,1207,1231,1055,1202
1,<environment.Job instance at 0x14a09ef62910>,140,16,[ 1 12],153,1218,1234,1065,1218
1,<environment.Job instance at 0x14a09ef62cd0>,138,13,[12  2],139,1231,1244,1092,1230
1,<environment.Job instance at 0x14a0a5437140>,134,13,[14  2],135,1296,1309,1161,1296
1,<environment.Job instance at 0x14a0a73f15a0>,62,12,[14  1],63,1312,1324,1249,1312
1,<environment.Job instance at 0x14a07d0df410>,38,15,[ 1 14],39,1576,1591,1537,1576
1,<environment.Job instance at 0x151ae7b70b90>,0,24,[ 1 10],1,1,25,0,1
1,<environment.Job instance at 0x151ae7b70c30>,1,2,[2 5],2,4,6,2,4
1,<environment.Job instance at 0x151ade7b3640>,5,25,[7 1],6,6,31,0,6
1,<environment.Job instance at 0x151ade7b36e0>,6,19,[ 1 13],7,25,44,18,17
1,<environment.Job instance at 0x151ade7b3d20>,15,24,[ 2 13],16,44,68,28,41
1,<environment.Job instance at 0x151ade7b3c80>,13,27,[1 8],14,68,95,54,66
1,<environment.Job instance at 0x151ade7b50a0>,17,3,[ 1 13],18,95,98,77,89
1,<environment.Job instance at 0x151ade7b5320>,19,21,[14  2],20,93,114,73,93
1,<environment.Job instance at 0x151ade7b3fa0>,14,3,[14  2],15,114,117,99,99
1,<environment.Job instance at 0x151ade7b5500>,22,25,[ 2 12],23,117,142,94,115
1,<environment.Job instance at 0x151ade7b3960>,10,3,[ 1 14],11,142,145,131,121
1,<environment.Job instance at 0x151ade7b5460>,21,22,[14  2],22,145,167,123,138
1,<environment.Job instance at 0x151ade7b5820>,27,25,[14  2],28,167,192,139,163
1,<environment.Job instance at 0x151ade7b59b0>,28,20,[1 9],29,163,183,134,163
1,<environment.Job instance at 0x151ade7b5780>,25,1,[11  1],26,192,193,166,167
1,<environment.Job instance at 0x151ade7b5dc0>,36,27,[10  2],37,193,220,156,191
1,<environment.Job instance at 0x151ade7b5f00>,37,22,[2 5],38,199,221,161,199
1,<environment.Job instance at 0x151ade7b5d20>,35,23,[11  2],36,220,243,184,214
1,<environment.Job instance at 0x151ade7b71e0>,41,18,[ 2 13],42,237,255,195,237
1,<environment.Job instance at 0x151ade7b73c0>,42,23,[ 1 14],43,255,278,212,250
1,<environment.Job instance at 0x151ade7b5640>,24,20,[ 2 13],25,278,298,253,273
1,<environment.Job instance at 0x151ade7b75a0>,47,26,[12  2],48,281,307,233,281
1,<environment.Job instance at 0x151ade7b76e0>,49,25,[11  2],50,307,332,257,303
1,<environment.Job instance at 0x151ade7b78c0>,50,23,[2 6],51,304,327,253,304
1,<environment.Job instance at 0x151ade7b3f00>,16,19,[ 1 12],17,329,348,312,329
1,<environment.Job instance at 0x151ade7b7820>,51,2,[ 2 13],52,348,350,296,331
1,<environment.Job instance at 0x151ade7b7960>,53,27,[9 1],54,332,359,278,331
1,<environment.Job instance at 0x151ade7b5fa0>,38,1,[ 1 13],39,350,351,311,345
1,<environment.Job instance at 0x151ade7b72d0>,43,3,[ 1 14],44,351,354,307,345
1,<environment.Job instance at 0x151ade7b7aa0>,55,20,[ 1 14],56,354,374,298,348
1,<environment.Job instance at 0x151ae7b70aa0>,2,18,[ 1 12],3,389,407,386,389
1,<environment.Job instance at 0x151ade7b7f00>,61,22,[14  1],62,392,414,330,392
1,<environment.Job instance at 0x151ade7b7b40>,56,1,[12  2],57,414,415,357,401
1,<environment.Job instance at 0x151ade7ba0a0>,64,2,[11  2],65,415,417,350,402
1,<environment.Job instance at 0x151ade7ba140>,65,21,[10  1],66,417,438,351,410
1,<environment.Job instance at 0x151ade7b7d20>,59,18,[ 2 12],60,431,449,371,431
1,<environment.Job instance at 0x151ade7ba370>,67,19,[11  1],68,438,457,370,431
1,<environment.Job instance at 0x151ade7ba410>,68,28,[10  1],69,457,485,388,456
1,<environment.Job instance at 0x151ade7ba550>,69,14,[12  2],70,485,499,415,472
1,<environment.Job instance at 0x151ade7ba500>,70,20,[ 2 14],71,499,519,428,490
1,<environment.Job instance at 0x151ade7ba280>,66,14,[14  2],67,519,533,452,517
1,<environment.Job instance at 0x151ade7b7dc0>,60,3,[ 1 11],61,534,537,473,534
1,<environment.Job instance at 0x151ade7ba6e0>,71,12,[ 2 11],72,540,552,468,540
1,<environment.Job instance at 0x151ade7ba780>,74,1,[14  2],75,552,553,477,543
1,<environment.Job instance at 0x151ade7ba0f0>,63,13,[ 2 13],64,553,566,489,553
1,<environment.Job instance at 0x151ade7ba960>,77,19,[8 1],78,555,574,477,555
1,<environment.Job instance at 0x151ade7babe0>,79,19,[14  1],80,574,593,494,564
1,<environment.Job instance at 0x151ade7bafa0>,86,21,[ 1 12],87,586,607,499,586
1,<environment.Job instance at 0x151ade7ba7d0>,73,3,[ 1 11],74,607,610,533,600
1,<environment.Job instance at 0x151ade7be1e0>,89,12,[11  1],90,613,625,523,613
1,<environment.Job instance at 0x151ade7be3c0>,90,27,[ 2 14],91,614,641,523,614
1,<environment.Job instance at 0x151ade7b79b0>,52,12,[13  2],53,659,671,606,659
1,<environment.Job instance at 0x151ade7be050>,87,18,[ 1 12],88,667,685,579,667
1,<environment.Job instance at 0x151ade7be820>,94,3,[6 2],95,687,690,592,687
1,<environment.Job instance at 0x151ade7be8c0>,95,25,[7 2],96,688,713,592,688
1,<environment.Job instance at 0x151ade7be780>,93,3,[ 1 14],94,713,716,619,695
1,<environment.Job instance at 0x151ade7ba640>,72,16,[ 2 12],73,721,737,648,721
1,<environment.Job instance at 0x151ade7beaa0>,98,25,[13  2],99,721,746,622,721
1,<environment.Job instance at 0x151ade7beaf0>,99,27,[1 8],100,737,764,637,735
1,<environment.Job instance at 0x151ade7bed70>,100,20,[10  2],101,746,766,645,738
1,<environment.Job instance at 0x151ade7beeb0>,102,22,[ 2 14],103,766,788,663,759
1,<environment.Job instance at 0x151ade7be370>,91,2,[12  2],92,788,790,696,783
1,<environment.Job instance at 0x151ade7becd0>,105,22,[ 2 12],106,788,810,682,786
1,<environment.Job instance at 0x151ade7bef50>,103,3,[13  1],104,797,800,693,797
1,<environment.Job instance at 0x151ade7c02d0>,108,18,[6 2],109,803,821,694,803
1,<environment.Job instance at 0x151ade7c0370>,109,24,[10  2],110,821,845,711,816
1,<environment.Job instance at 0x151ade7be960>,96,16,[ 2 11],97,828,844,731,828
1,<environment.Job instance at 0x151ade7c0550>,112,3,[2 8],113,844,847,731,830
1,<environment.Job instance at 0x151ade7c0500>,113,28,[2 5],114,844,872,730,843
1,<environment.Job instance at 0x151ade7c0230>,107,16,[13  1],108,847,863,739,843
1,<environment.Job instance at 0x151ade7c05a0>,114,3,[ 2 13],115,872,875,757,859
1,<environment.Job instance at 0x151ade7c0780>,117,20,[1 9],118,875,895,757,866
1,<environment.Job instance at 0x151ade7c08c0>,118,28,[7 2],119,866,894,747,866
1,<environment.Job instance at 0x151ade7c04b0>,111,1,[14  2],112,894,895,782,893
1,<environment.Job instance at 0x151ade7c0a00>,120,21,[1 5],121,895,916,774,893
1,<environment.Job instance at 0x151ade7c0820>,119,17,[ 2 14],120,929,946,809,929
1,<environment.Job instance at 0x151ade7c0b90>,122,20,[13  2],123,946,966,823,938
1,<environment.Job instance at 0x151ade7c0c30>,123,15,[12  1],124,966,981,842,952
1,<environment.Job instance at 0x151ade7c06e0>,116,3,[ 1 13],117,957,960,840,957
1,<environment.Job instance at 0x151ade7c0c80>,128,26,[12  2],129,981,1007,852,978
1,<environment.Job instance at 0x151ade7c0f00>,129,25,[ 2 12],130,978,1003,848,978
1,<environment.Job instance at 0x151ade7c3140>,130,27,[12  2],131,1007,1034,876,1005
1,<environment.Job instance at 0x151ade7c3050>,131,18,[ 2 11],132,1011,1029,879,1011
1,<environment.Job instance at 0x151ade7c3280>,132,19,[11  2],133,1034,1053,901,1024
1,<environment.Job instance at 0x151ade7c3320>,133,23,[ 1 12],134,1029,1052,895,1025
1,<environment.Job instance at 0x151ade7be9b0>,97,2,[ 1 12],98,1052,1054,954,1051
1,<environment.Job instance at 0x151ade7c3370>,134,14,[12  1],135,1075,1089,940,1075
1,<environment.Job instance at 0x151ade7c3500>,136,23,[ 1 14],137,1076,1099,939,1076
1,<environment.Job instance at 0x151ade7c35a0>,137,27,[1 9],138,1099,1126,961,1097
1,<environment.Job instance at 0x151ade7ab780>,138,3,[ 1 12],139,1126,1129,987,1111
1,<environment.Job instance at 0x151ae7ba54b0>,139,3,[1 7],140,1129,1132,989,1120
1,<environment.Job instance at 0x151ade7ab7d0>,140,23,[ 2 13],141,1132,1155,991,1126
1,<environment.Job instance at 0x151ade7ab640>,141,2,[ 1 13],142,1155,1157,1013,1145
1,<environment.Job instance at 0x151ade7ab5f0>,142,16,[11  2],143,1155,1171,1012,1155
1,<environment.Job instance at 0x151ade7ab5a0>,143,25,[ 1 12],144,1157,1182,1013,1155
1,<environment.Job instance at 0x151adef32690>,144,27,[ 1 12],145,1182,1209,1037,1180
1,<environment.Job instance at 0x151ade7c0fa0>,127,12,[ 1 13],128,1209,1221,1081,1202
1,<environment.Job instance at 0x151ae069d960>,146,22,[12  2],147,1202,1224,1055,1202
1,<environment.Job instance at 0x151ae0867b90>,147,20,[ 1 12],148,1222,1242,1074,1222
1,<environment.Job instance at 0x151adecda050>,145,2,[14  1],146,1231,1233,1085,1231
1,<environment.Job instance at 0x151adecd70a0>,151,21,[12  1],168,1233,1254,1065,1231
1,<environment.Job instance at 0x151ade7ab0a0>,149,26,[2 9],165,1242,1268,1077,1240
1,<environment.Job instance at 0x151adec648c0>,152,24,[10  2],169,1254,1278,1085,1249
1,<environment.Job instance at 0x151ade7c0aa0>,121,15,[ 1 11],122,1287,1302,1165,1287
1,<environment.Job instance at 0x151abdfc60f0>,0,26,[ 2 12],1,1,27,0,1
1,<environment.Job instance at 0x151ade7c0aa0>,2,16,[12  2],3,14,30,11,14
1,<environment.Job instance at 0x151ae076dcd0>,6,23,[9 2],7,30,53,23,25
1,<environment.Job instance at 0x151ae076d730>,8,27,[ 1 14],9,53,80,44,52
1,<environment.Job instance at 0x151ae06a5780>,9,28,[9 1],10,55,83,45,55
1,<environment.Job instance at 0x151ae076db40>,7,2,[12  1],8,83,85,75,73
1,<environment.Job instance at 0x151ade7c95a0>,1,20,[ 1 14],2,80,100,78,73
1,<environment.Job instance at 0x151ae081d7d0>,12,3,[11  2],13,100,103,87,92
1,<environment.Job instance at 0x151ae06ee6e0>,15,3,[12  1],16,106,109,90,106
1,<environment.Job instance at 0x151ae06ee820>,16,3,[13  2],17,109,112,92,106
1,<environment.Job instance at 0x151ae06ee5a0>,17,28,[ 1 11],18,106,134,88,106
1,<environment.Job instance at 0x151ae06eeaf0>,18,25,[ 1 12],19,134,159,115,130
1,<environment.Job instance at 0x151ae06eed70>,14,15,[11  2],15,149,164,134,149
1,<environment.Job instance at 0x151ae07786e0>,21,26,[ 1 14],22,164,190,142,161
1,<environment.Job instance at 0x151ae0778460>,22,26,[ 2 12],23,190,216,167,187
1,<environment.Job instance at 0x151ae0778550>,23,2,[ 2 11],24,224,226,200,224
1,<environment.Job instance at 0x151ae0793f00>,24,25,[10  1],25,224,249,199,224
1,<environment.Job instance at 0x151ae07ae230>,26,26,[13  1],27,249,275,222,246
1,<environment.Job instance at 0x151ae07bf1e0>,29,20,[1 9],30,252,272,222,252
1,<environment.Job instance at 0x151ae081d3c0>,11,1,[11  1],12,275,276,263,263
1,<environment.Job instance at 0x151ae0895910>,32,24,[ 1 13],33,272,296,239,267
1,<environment.Job instance at 0x151ae0ec34b0>,33,23,[5 1],34,290,313,256,290
1,<environment.Job instance at 0x151ae0ecb3c0>,31,24,[2 5],32,296,320,264,291
1,<environment.Job instance at 0x151ae0e014b0>,35,21,[11  1],36,313,334,277,308
1,<environment.Job instance at 0x151ae0895f00>,34,24,[ 1 13],35,320,344,285,315
1,<environment.Job instance at 0x151ae06b5af0>,36,19,[ 2 12],37,344,363,307,337
1,<environment.Job instance at 0x151abdfc5f00>,3,14,[ 1 12],4,369,383,365,369
1,<environment.Job instance at 0x151ae0ea0aa0>,39,28,[ 2 13],40,383,411,343,382
1,<environment.Job instance at 0x151ae0ea0e60>,40,22,[11  2],41,382,404,341,382
1,<environment.Job instance at 0x151ae08fdf00>,41,26,[7 2],42,404,430,362,401
1,<environment.Job instance at 0x151ae07728c0>,38,1,[ 2 14],39,430,431,391,412
1,<environment.Job instance at 0x151ae08fdc30>,42,21,[13  2],43,431,452,388,423
1,<environment.Job instance at 0x151ae06a09b0>,44,27,[2 7],45,431,458,386,429
1,<environment.Job instance at 0x151ae08e0af0>,46,20,[2 5],47,452,472,405,446
1,<environment.Job instance at 0x151ae0d97690>,47,2,[10  2],48,452,454,404,448
1,<environment.Job instance at 0x151ae0d97be0>,48,19,[1 6],49,458,477,409,452
1,<environment.Job instance at 0x151ae06eeb90>,20,12,[ 2 14],21,484,496,463,484
1,<environment.Job instance at 0x151ae0e9a7d0>,50,28,[7 1],51,485,513,434,485
1,<environment.Job instance at 0x151ae0e9a640>,51,28,[ 2 13],52,496,524,444,495
1,<environment.Job instance at 0x151ae0e9ad70>,52,20,[7 2],53,513,533,460,510
1,<environment.Job instance at 0x151ae0e2acd0>,56,24,[ 2 10],57,524,548,467,519
1,<environment.Job instance at 0x151ae0e2adc0>,58,25,[5 2],59,526,551,467,526
1,<environment.Job instance at 0x151ae0e2a8c0>,60,24,[11  2],61,551,575,490,546
1,<environment.Job instance at 0x151ae0e29b90>,61,2,[1 7],62,548,550,486,546
1,<environment.Job instance at 0x151ae0e29a50>,63,28,[ 1 14],64,575,603,511,574
1,<environment.Job instance at 0x151ae0e29cd0>,66,22,[ 2 11],67,603,625,536,596
1,<environment.Job instance at 0x151ae0e293c0>,67,20,[7 2],68,603,623,535,599
1,<environment.Job instance at 0x151abdfc5e60>,4,15,[ 1 13],5,625,640,620,623
1,<environment.Job instance at 0x151ae0772e60>,37,1,[12  2],38,626,627,588,626
1,<environment.Job instance at 0x151ae0e29dc0>,69,19,[13  2],70,631,650,561,631
1,<environment.Job instance at 0x151ae0e29050>,72,19,[13  2],73,650,669,577,641
1,<environment.Job instance at 0x151ae07afe60>,73,25,[11  1],74,669,694,595,666
1,<environment.Job instance at 0x151ae0d976e0>,49,12,[ 2 14],50,685,697,635,685
1,<environment.Job instance at 0x151ae0e3c0f0>,79,27,[2 8],80,697,724,617,696
1,<environment.Job instance at 0x151ae0e3c8c0>,80,28,[ 2 13],81,724,752,643,723
1,<environment.Job instance at 0x151ae0e3cb40>,78,20,[7 1],79,726,746,647,726
1,<environment.Job instance at 0x151ae0e3cc30>,83,25,[13  2],84,746,771,662,742
1,<environment.Job instance at 0x151ae0e3ceb0>,84,22,[ 1 13],85,775,797,690,775
1,<environment.Job instance at 0x151ae0e3c5a0>,87,26,[9 1],88,795,821,707,795
1,<environment.Job instance at 0x151ae0e3c5f0>,81,3,[11  2],82,821,824,739,797
1,<environment.Job instance at 0x151ae0ea3050>,90,21,[6 2],91,824,845,733,816
1,<environment.Job instance at 0x151ae0ea35f0>,91,17,[2 6],92,816,833,724,816
1,<environment.Job instance at 0x151ae0ea3f50>,94,24,[ 1 11],95,833,857,738,829
1,<environment.Job instance at 0x151ae0ea3410>,92,1,[ 2 13],93,857,858,764,846
1,<environment.Job instance at 0x151ae0ea3eb0>,97,2,[12  2],98,848,850,750,848
1,<environment.Job instance at 0x151ae5b4b2d0>,98,20,[ 1 13],99,858,878,759,850
1,<environment.Job instance at 0x151ae5b88370>,101,28,[9 1],102,866,894,764,866
1,<environment.Job instance at 0x151ae5187d70>,103,23,[13  2],104,894,917,790,888
1,<environment.Job instance at 0x151ae5b88a50>,104,3,[ 1 13],105,909,912,804,909
1,<environment.Job instance at 0x151ae518bc80>,105,24,[ 1 10],106,912,936,806,909
1,<environment.Job instance at 0x151ae0ea3d20>,96,1,[ 1 11],97,936,937,839,920
1,<environment.Job instance at 0x151ae061d0a0>,106,3,[ 2 12],107,959,962,852,959
1,<environment.Job instance at 0x151ae518bdc0>,108,21,[2 6],109,962,983,853,959
1,<environment.Job instance at 0x151ae061d6e0>,107,3,[ 2 13],108,983,986,875,971
1,<environment.Job instance at 0x151ae06d0870>,111,24,[10  1],112,971,995,859,971
1,<environment.Job instance at 0x151ae0787b90>,112,20,[13  2],113,995,1015,882,990
1,<environment.Job instance at 0x151ae06881e0>,110,14,[11  2],111,1017,1031,906,1017
1,<environment.Job instance at 0x151ae113fc80>,118,24,[12  1],119,1031,1055,912,1026
1,<environment.Job instance at 0x151ae113f410>,121,27,[ 1 13],122,1035,1062,913,1035
1,<environment.Job instance at 0x151ae5b0fd20>,122,20,[14  1],123,1055,1075,932,1046
1,<environment.Job instance at 0x151ae5ba3c30>,123,22,[12  1],124,1075,1097,951,1068
1,<environment.Job instance at 0x151ae08ef910>,124,1,[ 1 12],125,1068,1069,943,1068
1,<environment.Job instance at 0x151ae073cf50>,125,20,[2 9],126,1075,1095,949,1069
1,<environment.Job instance at 0x151ae073c230>,126,28,[1 7],127,1095,1123,968,1094
1,<environment.Job instance at 0x151ae516c8c0>,128,1,[12  1],129,1098,1099,969,1098
1,<environment.Job instance at 0x151ae08fd8c0>,43,3,[ 2 13],44,1123,1126,1079,1100
1,<environment.Job instance at 0x151ae06bd9b0>,130,21,[ 2 12],131,1126,1147,995,1119
1,<environment.Job instance at 0x151ae06bde60>,131,1,[12  1],132,1130,1131,998,1130
1,<environment.Job instance at 0x151ae06bd1e0>,133,21,[ 2 13],134,1147,1168,1013,1142
1,<environment.Job instance at 0x151ae06bd0a0>,134,3,[ 2 11],135,1168,1171,1033,1158
1,<environment.Job instance at 0x151ae5b8e690>,136,3,[11  2],137,1162,1165,1025,1162
1,<environment.Job instance at 0x151ae51d7870>,137,24,[2 6],138,1171,1195,1033,1166
1,<environment.Job instance at 0x151ae51d7410>,139,26,[5 1],140,1172,1198,1032,1172
1,<environment.Job instance at 0x151ae0e3f0f0>,140,22,[ 1 13],144,1195,1217,1051,1188
1,<environment.Job instance at 0x151ae51d7690>,138,3,[11  1],139,1198,1201,1059,1191
1,<environment.Job instance at 0x151ae51b1f50>,116,2,[11  2],117,1201,1203,1084,1198
1,<environment.Job instance at 0x151ae0e29e60>,68,12,[ 2 12],69,1245,1257,1176,1245
1,<environment.Job instance at 0x151ae07af4b0>,74,12,[ 2 13],75,1654,1666,1579,1654
1,<environment.Job instance at 0x151ae5a33780>,0,27,[2 9],1,1,28,0,1
1,<environment.Job instance at 0x151ae07af4b0>,3,3,[6 1],4,5,8,1,5
1,<environment.Job instance at 0x151abd615460>,7,28,[2 5],8,8,36,0,8
1,<environment.Job instance at 0x151abd615780>,11,27,[12  1],12,28,55,16,26
1,<environment.Job instance at 0x151abd6154b0>,10,28,[1 6],11,28,56,17,27
1,<environment.Job instance at 0x151abd615320>,5,21,[ 2 14],6,56,77,50,48
1,<environment.Job instance at 0x151abd615a00>,14,18,[13  2],15,77,95,62,69
1,<environment.Job instance at 0x151ae5a33c80>,2,18,[14  2],3,95,113,92,94
1,<environment.Job instance at 0x151abd6156e0>,17,17,[11  2],18,113,130,95,102
1,<environment.Job instance at 0x151abd6159b0>,21,20,[14  2],22,130,150,108,123
1,<environment.Job instance at 0x151abd615140>,15,19,[ 1 11],16,124,143,108,124
1,<environment.Job instance at 0x151abd615e60>,24,23,[11  2],25,150,173,125,145
1,<environment.Job instance at 0x151abd6182d0>,26,21,[10  1],27,173,194,146,165
1,<environment.Job instance at 0x151abd618410>,28,20,[12  2],29,194,214,165,185
1,<environment.Job instance at 0x151abd618320>,29,2,[ 1 11],30,193,195,163,193
1,<environment.Job instance at 0x151abd6185f0>,31,22,[11  1],32,214,236,182,207
1,<environment.Job instance at 0x151abd618730>,33,21,[9 2],34,236,257,202,229
1,<environment.Job instance at 0x151abd6186e0>,35,21,[11  2],36,257,278,221,249
1,<environment.Job instance at 0x151abd6189b0>,36,28,[2 5],37,249,277,212,249
1,<environment.Job instance at 0x151abd618a00>,38,28,[12  2],39,278,306,239,277
1,<environment.Job instance at 0x151abd618aa0>,39,23,[1 9],40,277,300,237,277
1,<environment.Job instance at 0x151abd615c30>,20,18,[12  1],21,306,324,285,300
1,<environment.Job instance at 0x151abd618be0>,41,21,[2 6],42,302,323,260,302
1,<environment.Job instance at 0x151abd618780>,34,14,[11  2],35,325,339,290,325
1,<environment.Job instance at 0x151abd618f50>,45,26,[5 2],46,339,365,293,337
1,<environment.Job instance at 0x151abd618f00>,46,21,[ 2 12],47,337,358,290,337
1,<environment.Job instance at 0x151abd618af0>,47,3,[ 1 13],48,358,361,310,353
1,<environment.Job instance at 0x151abd618eb0>,44,16,[12  2],45,365,381,320,356
1,<environment.Job instance at 0x151abd618c30>,40,17,[ 1 11],41,365,382,324,365
1,<environment.Job instance at 0x151abd615f00>,22,15,[ 1 13],23,382,397,359,377
1,<environment.Job instance at 0x151abd61a370>,52,3,[14  1],53,383,386,330,383
1,<environment.Job instance at 0x151abd61a0f0>,48,18,[ 2 14],49,397,415,348,386
1,<environment.Job instance at 0x151abd61a500>,54,23,[ 1 12],55,415,438,360,410
1,<environment.Job instance at 0x151abd61a550>,55,22,[10  1],56,410,432,354,410
1,<environment.Job instance at 0x151abd61a280>,50,14,[14  2],51,432,446,381,421
1,<environment.Job instance at 0x151abd61a780>,58,20,[8 1],59,446,466,387,440
1,<environment.Job instance at 0x151abd61a9b0>,59,26,[7 2],60,446,472,386,443
1,<environment.Job instance at 0x151abd61aa00>,61,27,[11  1],62,472,499,410,470
1,<environment.Job instance at 0x151abd61ab40>,63,25,[9 2],64,499,524,435,495
1,<environment.Job instance at 0x151abd615190>,6,1,[ 1 13],7,501,502,494,501
1,<environment.Job instance at 0x151abd61a0a0>,49,16,[ 2 13],50,503,519,453,503
1,<environment.Job instance at 0x151abd61ac80>,65,27,[13  1],66,524,551,458,522
1,<environment.Job instance at 0x151abd61aeb0>,67,26,[12  2],68,551,577,483,548
1,<environment.Job instance at 0x151abd61a960>,64,18,[ 1 14],65,577,595,512,573
1,<environment.Job instance at 0x151abd61d230>,70,24,[2 7],71,595,619,524,591
1,<environment.Job instance at 0x151abd61af50>,68,25,[12  2],69,595,620,526,591
1,<environment.Job instance at 0x151abd61d0a0>,71,19,[ 1 12],72,619,638,547,616
1,<environment.Job instance at 0x151abd61d4b0>,74,24,[2 8],75,638,662,563,633
1,<environment.Job instance at 0x151abd61d690>,75,27,[9 1],76,633,660,557,633
1,<environment.Job instance at 0x151abd61a640>,56,1,[ 1 12],57,662,663,605,653
1,<environment.Job instance at 0x151abd61d910>,79,24,[5 1],80,660,684,580,655
1,<environment.Job instance at 0x151abd61a460>,53,3,[ 2 13],54,663,666,609,656
1,<environment.Job instance at 0x151abd61d9b0>,82,18,[ 2 14],83,666,684,583,659
1,<environment.Job instance at 0x151abd61daa0>,83,19,[ 1 11],84,684,703,600,678
1,<environment.Job instance at 0x151abd61dc30>,84,27,[6 1],85,684,711,599,683
1,<environment.Job instance at 0x151abd61dbe0>,85,24,[9 1],86,703,727,617,698
1,<environment.Job instance at 0x151abd61dd70>,86,22,[1 7],87,711,733,624,705
1,<environment.Job instance at 0x151abd61df50>,89,23,[1 6],90,719,742,629,719
1,<environment.Job instance at 0x151abd61ad20>,66,1,[13  1],67,734,735,667,734
1,<environment.Job instance at 0x151abd61dcd0>,91,26,[7 1],92,735,761,643,734
1,<environment.Job instance at 0x151abd61daf0>,92,28,[2 6],93,735,763,642,734
1,<environment.Job instance at 0x151abd61f230>,93,28,[1 7],94,742,770,648,742
1,<environment.Job instance at 0x151abd61f3c0>,96,25,[12  1],97,761,786,664,757
1,<environment.Job instance at 0x151abd61f460>,97,26,[13  1],98,786,812,688,783
1,<environment.Job instance at 0x151abd61df00>,90,17,[11  1],91,812,829,721,804
1,<environment.Job instance at 0x151abd61f500>,99,16,[ 1 11],100,820,836,720,820
1,<environment.Job instance at 0x151abd61f640>,100,22,[14  2],101,829,851,728,822
1,<environment.Job instance at 0x151abd61f550>,101,3,[12  2],102,854,857,752,854
1,<environment.Job instance at 0x151abd61f1e0>,98,13,[14  1],99,858,871,759,858
1,<environment.Job instance at 0x151abd61f7d0>,103,28,[6 2],104,871,899,767,870
1,<environment.Job instance at 0x151abd61f8c0>,102,3,[11  1],103,899,902,796,873
1,<environment.Job instance at 0x151abd61f910>,104,20,[12  1],105,902,922,797,893
1,<environment.Job instance at 0x151abd61fa00>,105,21,[13  1],106,922,943,816,915
1,<environment.Job instance at 0x151abd61f960>,107,26,[1 5],108,922,948,814,922
1,<environment.Job instance at 0x151abd61fbe0>,108,1,[2 6],109,943,944,834,930
1,<environment.Job instance at 0x151abd61fc80>,110,17,[ 2 12],111,948,965,837,937
1,<environment.Job instance at 0x151abd61feb0>,112,28,[1 9],113,965,993,852,964
1,<environment.Job instance at 0x151abd61faf0>,111,1,[13  2],112,964,965,852,964
1,<environment.Job instance at 0x151abd61ffa0>,115,21,[9 1],116,965,986,849,964
1,<environment.Job instance at 0x151abd6222d0>,118,28,[5 1],119,969,997,850,969
1,<environment.Job instance at 0x151abd622320>,120,24,[ 2 10],121,993,1017,872,988
1,<environment.Job instance at 0x151abd6221e0>,121,20,[11  1],122,997,1017,875,988
1,<environment.Job instance at 0x151abd6220f0>,122,15,[ 1 13],123,1017,1032,894,1005
1,<environment.Job instance at 0x151abd622640>,123,2,[7 1],124,1017,1019,893,1009
1,<environment.Job instance at 0x151abd622050>,116,21,[12  1],117,1019,1040,902,1014
1,<environment.Job instance at 0x151abd622460>,127,25,[13  1],128,1040,1065,912,1036
1,<environment.Job instance at 0x151abd622960>,129,23,[11  2],130,1065,1088,935,1059
1,<environment.Job instance at 0x151abd622aa0>,131,1,[ 1 14],132,1088,1089,956,1070
1,<environment.Job instance at 0x151abd622b40>,132,21,[ 1 13],133,1089,1110,956,1081
1,<environment.Job instance at 0x151abd622be0>,133,21,[5 1],134,1088,1109,954,1081
1,<environment.Job instance at 0x151abd61d870>,78,15,[ 1 14],79,1110,1125,1031,1100
1,<environment.Job instance at 0x151abd622d20>,135,3,[ 2 13],136,1125,1128,989,1100
1,<environment.Job instance at 0x151abd622dc0>,136,26,[10  2],137,1125,1151,988,1122
1,<environment.Job instance at 0x151abd622f00>,137,28,[14  1],138,1151,1179,1013,1150
1,<environment.Job instance at 0x151abd622fa0>,138,24,[7 2],139,1179,1203,1040,1174
1,<environment.Job instance at 0x151ae51b9eb0>,139,25,[11  1],140,1203,1228,1063,1199
1,<environment.Job instance at 0x151abd60c730>,140,19,[2 7],141,1200,1219,1059,1200
1,<environment.Job instance at 0x151abd60c140>,141,2,[11  1],142,1228,1230,1086,1201
1,<environment.Job instance at 0x151abd730e60>,143,16,[11  2],144,1230,1246,1086,1218
1,<environment.Job instance at 0x151abd60c0a0>,144,2,[ 1 11],145,1222,1224,1077,1222
1,<environment.Job instance at 0x151abd718140>,145,28,[11  2],146,1246,1274,1100,1245
1,<environment.Job instance at 0x151abd666140>,146,24,[ 2 13],147,1245,1269,1098,1245
1,<environment.Job instance at 0x151abd607e60>,147,21,[11  2],166,1274,1295,1108,1266
1,<environment.Job instance at 0x151abd666aa0>,148,25,[2 8],167,1269,1294,1102,1266
1,<environment.Job instance at 0x151abd6226e0>,124,13,[14  2],125,1319,1332,1194,1319
1,<environment.Job instance at 0x151abd622c80>,134,16,[14  1],135,1338,1354,1203,1338
1,<environment.Job instance at 0x151abd61d8c0>,80,15,[ 2 12],81,1738,1753,1657,1738
1,<environment.Job instance at 0x151abd61d550>,73,13,[14  2],74,2087,2100,2013,2087
1,<environment.Job instance at 0x151abd62e640>,0,21,[6 2],1,4,25,3,4
1,<environment.Job instance at 0x151ae512ca00>,1,19,[2 5],2,6,25,4,6
1,<environment.Job instance at 0x151abd61d550>,7,27,[ 2 10],8,25,52,17,25
1,<environment.Job instance at 0x151abdb4eb90>,10,27,[11  1],11,31,58,20,31
1,<environment.Job instance at 0x151abdb4e280>,8,28,[ 2 14],9,52,80,43,52
1,<environment.Job instance at 0x151abdb4eeb0>,13,28,[2 8],14,80,108,66,79
1,<environment.Job instance at 0x151abdb4e690>,14,28,[7 1],15,79,107,64,79
1,<environment.Job instance at 0x151abdb45190>,16,18,[12  2],17,107,125,90,96
1,<environment.Job instance at 0x151abdb45be0>,15,3,[14  2],16,125,128,109,110
1,<environment.Job instance at 0x151abdb4e6e0>,5,14,[ 1 13],6,114,128,108,114
1,<environment.Job instance at 0x151abdb45370>,24,28,[1 9],25,128,156,103,127
1,<environment.Job instance at 0x151abdb45b40>,19,24,[ 1 14],20,156,180,136,151
1,<environment.Job instance at 0x151abdb45b90>,27,18,[11  1],28,180,198,152,180
1,<environment.Job instance at 0x151abdb455f0>,29,25,[ 1 14],30,185,210,155,185
1,<environment.Job instance at 0x151abdb900a0>,35,15,[7 1],36,198,213,162,192
1,<environment.Job instance at 0x151abdb908c0>,36,27,[ 2 12],37,210,237,173,208
1,<environment.Job instance at 0x151abdb906e0>,37,20,[11  1],38,219,239,181,219
1,<environment.Job instance at 0x151abdb45f50>,30,20,[ 2 13],31,237,257,206,232
1,<environment.Job instance at 0x151abdb900f0>,40,23,[8 1],41,239,262,198,233
1,<environment.Job instance at 0x151abdb90aa0>,42,3,[8 1],43,262,265,219,243
1,<environment.Job instance at 0x151abdb90870>,43,20,[ 1 12],44,257,277,213,251
1,<environment.Job instance at 0x151abdb90dc0>,44,26,[9 2],45,265,291,220,262
1,<environment.Job instance at 0x151abd62e5f0>,3,1,[12  1],4,291,292,287,280
1,<environment.Job instance at 0x151abdb905f0>,38,22,[ 2 11],39,286,308,247,286
1,<environment.Job instance at 0x151abd62e690>,2,14,[11  1],3,292,306,289,291
1,<environment.Job instance at 0x151abdb90280>,49,28,[ 1 11],50,308,336,258,308
1,<environment.Job instance at 0x151abdbd2500>,54,22,[14  2],55,321,343,266,321
1,<environment.Job instance at 0x151abdb901e0>,39,14,[ 1 12],40,336,350,296,323
1,<environment.Job instance at 0x151abdbd25a0>,57,23,[14  2],58,343,366,285,337
1,<environment.Job instance at 0x151abdbd23c0>,59,3,[14  1],60,366,369,306,347
1,<environment.Job instance at 0x151abdbd2140>,63,1,[11  2],64,369,370,305,357
1,<environment.Job instance at 0x151abdb9b1e0>,65,21,[2 5],66,369,390,303,361
1,<environment.Job instance at 0x151abdb9b320>,66,21,[ 1 11],67,390,411,323,383
1,<environment.Job instance at 0x151abdb9b140>,67,24,[5 2],68,383,407,315,383
1,<environment.Job instance at 0x151abdb9b230>,68,2,[ 1 14],69,411,413,342,400
1,<environment.Job instance at 0x151abdb9bcd0>,64,25,[14  1],65,407,432,342,406
1,<environment.Job instance at 0x151abdbcdd70>,74,24,[2 9],75,432,456,357,429
1,<environment.Job instance at 0x151abdbd2320>,55,1,[ 2 11],56,456,457,400,450
1,<environment.Job instance at 0x151abdb904b0>,47,17,[ 1 13],48,457,474,409,450
1,<environment.Job instance at 0x151abdbedaa0>,82,26,[2 9],83,474,500,391,471
1,<environment.Job instance at 0x151abdbed0a0>,83,13,[13  1],84,508,521,424,508
1,<environment.Job instance at 0x151abdbed370>,84,3,[14  2],85,521,524,436,512
1,<environment.Job instance at 0x151abdbed8c0>,85,20,[14  1],86,524,544,438,517
1,<environment.Job instance at 0x151abdb5faf0>,86,3,[13  2],87,544,547,457,533
1,<environment.Job instance at 0x151abdb5f460>,87,15,[1 9],88,534,549,446,534
1,<environment.Job instance at 0x151abdb5fd70>,88,23,[14  2],89,547,570,458,542
1,<environment.Job instance at 0x151abdb5faa0>,89,1,[ 1 12],90,566,567,476,566
1,<environment.Job instance at 0x151abdb5f7d0>,90,24,[ 1 10],91,567,591,476,566
1,<environment.Job instance at 0x151abdb5f0a0>,91,20,[2 7],92,591,611,499,584
1,<environment.Job instance at 0x151abdb5f230>,92,24,[ 1 11],93,611,635,518,606
1,<environment.Job instance at 0x151ae0857550>,93,28,[2 7],94,635,663,541,634
1,<environment.Job instance at 0x151adfd8f5a0>,94,18,[ 2 14],95,663,681,568,656
1,<environment.Job instance at 0x151ae0e3cb90>,96,2,[11  2],97,658,660,561,658
1,<environment.Job instance at 0x151ae342d230>,97,24,[10  2],98,681,705,583,676
1,<environment.Job instance at 0x151ade7be780>,98,24,[8 1],99,705,729,606,701
1,<environment.Job instance at 0x151ae5110960>,99,19,[ 1 10],100,708,727,608,708
1,<environment.Job instance at 0x151ae15c2f50>,100,25,[12  2],101,729,754,628,725
1,<environment.Job instance at 0x151adec574b0>,101,28,[ 1 12],102,727,755,625,726
1,<environment.Job instance at 0x151abde332d0>,103,28,[ 2 10],104,755,783,651,754
1,<environment.Job instance at 0x151abde33af0>,104,20,[10  2],105,755,775,650,755
1,<environment.Job instance at 0x151ae50e0d70>,105,20,[11  2],106,775,795,669,767
1,<environment.Job instance at 0x151abde7ff50>,106,24,[5 1],107,795,819,688,790
1,<environment.Job instance at 0x151adecd71e0>,107,19,[1 7],108,790,809,682,790
1,<environment.Job instance at 0x151abdedf320>,109,21,[14  2],110,819,840,709,811
1,<environment.Job instance at 0x151ae05f62d0>,110,20,[ 1 13],111,822,842,711,822
1,<environment.Job instance at 0x151ae08d7190>,111,23,[2 7],112,842,865,730,836
1,<environment.Job instance at 0x151adfd9f640>,112,16,[ 2 12],113,868,884,755,868
1,<environment.Job instance at 0x151ae06092d0>,113,27,[2 8],114,884,911,770,883
1,<environment.Job instance at 0x151abdaf9a00>,115,2,[ 2 13],116,911,913,795,893
1,<environment.Job instance at 0x151abdb90780>,50,12,[ 1 11],51,913,925,862,901
1,<environment.Job instance at 0x151ae69d30a0>,117,16,[12  1],118,910,926,792,910
1,<environment.Job instance at 0x151abdaf99b0>,116,1,[ 2 13],117,925,926,808,922
1,<environment.Job instance at 0x151ae69d35a0>,121,27,[13  1],122,926,953,804,924
1,<environment.Job instance at 0x151ae5115e10>,122,19,[ 2 12],123,933,952,810,933
1,<environment.Job instance at 0x151ae69d35f0>,120,1,[14  2],121,955,956,834,955
1,<environment.Job instance at 0x151ae5115410>,125,23,[2 6],126,956,979,830,956
1,<environment.Job instance at 0x151ae5115a50>,127,24,[6 1],128,958,982,830,958
1,<environment.Job instance at 0x151ae5115f00>,128,25,[12  1],129,982,1007,853,978
1,<environment.Job instance at 0x151ae5115730>,130,23,[5 1],131,1007,1030,876,1001
1,<environment.Job instance at 0x151ae5115b90>,132,28,[ 1 12],133,1001,1029,868,1001
1,<environment.Job instance at 0x151ae51150f0>,134,25,[11  2],135,1030,1055,895,1026
1,<environment.Job instance at 0x151ae5115280>,135,23,[ 1 14],136,1055,1078,919,1049
1,<environment.Job instance at 0x151ae5115460>,136,16,[5 1],137,1060,1076,923,1060
1,<environment.Job instance at 0x151abdbed500>,81,3,[ 2 11],82,1078,1081,996,1062
1,<environment.Job instance at 0x151abdb6eb90>,140,24,[ 2 12],141,1081,1105,940,1076
1,<environment.Job instance at 0x151abdbcd2d0>,73,15,[ 2 14],74,1105,1120,1031,1100
1,<environment.Job instance at 0x151abdb6ea50>,142,21,[10  1],143,1101,1122,958,1101
1,<environment.Job instance at 0x151abdec7550>,143,24,[11  1],144,1122,1146,978,1117
1,<environment.Job instance at 0x151abdec7640>,145,24,[2 7],146,1124,1148,978,1124
1,<environment.Job instance at 0x151abdec7280>,148,24,[12  1],152,1146,1170,994,1141
1,<environment.Job instance at 0x151abdec7e60>,150,27,[14  2],168,1170,1197,1002,1168
1,<environment.Job instance at 0x151abdb6e960>,141,15,[11  2],142,1197,1212,1055,1186
1,<environment.Job instance at 0x151ae5115780>,131,15,[ 1 14],132,1320,1335,1188,1320
1,<environment.Job instance at 0x151abdbedb90>,78,14,[13  1],79,1376,1390,1297,1376
1,<environment.Job instance at 0x151ae08ef8c0>,137,12,[ 1 12],138,1572,1584,1434,1572
1,<environment.Job instance at 0x151ae0d28500>,0,18,[8 1],1,3,21,2,3
1,<environment.Job instance at 0x151ae0d284b0>,4,24,[ 1 14],5,5,29,0,5
1,<environment.Job instance at 0x151ae0d28eb0>,3,25,[10  1],4,21,46,17,17
1,<environment.Job instance at 0x151ae0757690>,9,27,[2 6],10,29,56,19,27
1,<environment.Job instance at 0x151ae0d288c0>,7,28,[6 1],8,46,74,38,45
1,<environment.Job instance at 0x151ae0d28550>,8,20,[ 1 11],9,56,76,47,53
1,<environment.Job instance at 0x151ae0757f00>,15,22,[14  1],16,74,96,58,67
1,<environment.Job instance at 0x151ae07571e0>,14,21,[ 2 14],15,96,117,81,89
1,<environment.Job instance at 0x151ae0757230>,18,16,[10  1],19,96,112,77,89
1,<environment.Job instance at 0x151ae0757dc0>,22,22,[14  2],23,117,139,94,111
1,<environment.Job instance at 0x151ae0757b40>,24,27,[ 2 14],25,139,166,114,137
1,<environment.Job instance at 0x151ae06daf50>,27,24,[12  2],28,166,190,138,161
1,<environment.Job instance at 0x151ae06dadc0>,28,24,[7 2],29,190,214,161,185
1,<environment.Job instance at 0x151ae06da050>,29,2,[ 2 11],30,191,193,161,191
1,<environment.Job instance at 0x151ae06da820>,30,27,[10  2],31,214,241,183,212
1,<environment.Job instance at 0x151ae0d28870>,6,1,[14  1],7,241,242,234,215
1,<environment.Job instance at 0x151adec2ad70>,32,23,[11  2],33,242,265,209,236
1,<environment.Job instance at 0x151ae06da730>,31,2,[ 1 13],32,253,255,221,253
1,<environment.Job instance at 0x151adec2ab90>,34,22,[10  1],35,265,287,230,258
1,<environment.Job instance at 0x151adec2a370>,35,24,[ 2 14],36,265,289,229,260
1,<environment.Job instance at 0x151adec2a730>,38,19,[ 2 10],39,289,308,250,281
1,<environment.Job instance at 0x151adec2a230>,39,28,[7 1],40,287,315,247,286
1,<environment.Job instance at 0x151adec2a500>,40,21,[ 1 14],41,308,329,267,302
1,<environment.Job instance at 0x151adec2a050>,42,26,[8 2],43,329,355,286,327
1,<environment.Job instance at 0x151adec2a960>,43,22,[8 2],44,355,377,311,348
1,<environment.Job instance at 0x151abd93a550>,45,27,[7 1],46,357,384,311,357
1,<environment.Job instance at 0x151adec2a550>,46,21,[ 2 12],47,377,398,330,369
1,<environment.Job instance at 0x151abd93ad70>,47,27,[7 1],48,384,411,336,382
1,<environment.Job instance at 0x151abd93aa00>,49,23,[8 2],50,398,421,348,392
1,<environment.Job instance at 0x151abd93ab90>,50,23,[13  2],51,421,444,370,415
1,<environment.Job instance at 0x151abd93ac30>,51,2,[2 7],52,419,421,367,419
1,<environment.Job instance at 0x151abd93a410>,52,23,[2 6],53,419,442,366,419
1,<environment.Job instance at 0x151abd93a4b0>,53,2,[12  2],54,444,446,390,438
1,<environment.Job instance at 0x151abd93a640>,54,28,[11  1],55,446,474,391,445
1,<environment.Job instance at 0x151abd93a1e0>,55,26,[6 2],56,474,500,418,471
1,<environment.Job instance at 0x151abd93ac80>,56,22,[11  2],57,500,522,443,494
1,<environment.Job instance at 0x151abd93afa0>,57,28,[13  1],58,522,550,464,521
1,<environment.Job instance at 0x151ae0d28960>,2,18,[ 1 11],3,523,541,520,523
1,<environment.Job instance at 0x151abd93aeb0>,58,16,[ 1 12],59,541,557,482,539
1,<environment.Job instance at 0x151abd93aaa0>,60,24,[ 1 10],61,557,581,496,553
1,<environment.Job instance at 0x151abd93adc0>,61,28,[ 2 13],62,581,609,519,580
1,<environment.Job instance at 0x151abd93a7d0>,62,26,[ 1 14],63,609,635,546,606
1,<environment.Job instance at 0x151abd93a3c0>,63,15,[11  1],64,607,622,543,607
1,<environment.Job instance at 0x151abd93a910>,66,27,[8 2],67,635,662,568,634
1,<environment.Job instance at 0x151ae07e4eb0>,67,1,[ 2 13],68,655,656,587,655
1,<environment.Job instance at 0x151ae07e4fa0>,68,25,[11  1],69,662,687,593,658
1,<environment.Job instance at 0x151ae07e4410>,69,3,[12  1],70,687,690,617,683
1,<environment.Job instance at 0x151ae07e40f0>,70,28,[14  2],71,690,718,619,689
1,<environment.Job instance at 0x151ae07e4870>,72,27,[ 1 13],73,692,719,619,692
1,<environment.Job instance at 0x151ae07e4dc0>,73,23,[11  1],74,718,741,644,712
1,<environment.Job instance at 0x151ae07e4b40>,74,27,[13  1],75,741,768,666,739
1,<environment.Job instance at 0x151ae07e4500>,75,3,[5 1],76,768,771,692,752
1,<environment.Job instance at 0x151abd93a5a0>,59,14,[11  1],60,771,785,711,759
1,<environment.Job instance at 0x151ae07e4550>,76,3,[ 1 13],77,761,764,684,761
1,<environment.Job instance at 0x151ae07e4a50>,79,25,[ 1 12],80,764,789,684,761
1,<environment.Job instance at 0x151ae07e4460>,81,28,[ 2 13],82,789,817,707,788
1,<environment.Job instance at 0x151ae07e43c0>,82,23,[5 1],83,788,811,705,788
1,<environment.Job instance at 0x151ae4aa7e60>,85,25,[1 8],86,817,842,731,813
1,<environment.Job instance at 0x151adec2a820>,33,3,[ 1 12],34,842,845,808,821
1,<environment.Job instance at 0x151ae4aa7190>,86,18,[12  1],87,829,847,742,829
1,<environment.Job instance at 0x151ae07e4d20>,84,26,[ 2 14],85,845,871,760,844
1,<environment.Job instance at 0x151ae4aa7500>,88,28,[6 1],89,847,875,758,846
1,<environment.Job instance at 0x151ae4aa7550>,89,25,[14  1],90,875,900,785,872
1,<environment.Job instance at 0x151ae4aa7f50>,87,2,[11  2],88,900,902,812,884
1,<environment.Job instance at 0x151ae4aa7640>,92,14,[9 2],93,902,916,809,888
1,<environment.Job instance at 0x151ae4aa7dc0>,90,23,[14  1],91,916,939,825,911
1,<environment.Job instance at 0x151ae4aa78c0>,91,3,[1 5],92,919,922,827,919
1,<environment.Job instance at 0x151ae0e23b90>,97,27,[8 2],98,939,966,841,937
1,<environment.Job instance at 0x151ae0e23dc0>,101,2,[ 2 13],102,958,960,856,958
1,<environment.Job instance at 0x151ae4aa71e0>,94,14,[14  1],95,966,980,871,966
1,<environment.Job instance at 0x151ae0e23a00>,105,21,[2 7],106,980,1001,874,974
1,<environment.Job instance at 0x151ae0e23aa0>,99,2,[ 2 14],100,1001,1003,901,976
1,<environment.Job instance at 0x151ae081dd20>,108,18,[12  2],109,1004,1022,895,1004
1,<environment.Job instance at 0x151ae0e23cd0>,102,15,[14  1],103,1022,1037,919,1018
1,<environment.Job instance at 0x151ae081d910>,110,24,[8 2],111,1037,1061,926,1032
1,<environment.Job instance at 0x151ae081db90>,111,19,[14  1],112,1061,1080,949,1052
1,<environment.Job instance at 0x151ae081d5f0>,112,26,[7 2],113,1080,1106,967,1077
1,<environment.Job instance at 0x151ae081d500>,113,2,[ 1 12],114,1077,1079,963,1077
1,<environment.Job instance at 0x151ae081db40>,114,18,[2 7],115,1084,1102,969,1084
1,<environment.Job instance at 0x151ae081d0a0>,118,27,[12  1],119,1106,1133,987,1104
1,<environment.Job instance at 0x151ae0641320>,119,2,[ 1 14],120,1111,1113,991,1111
1,<environment.Job instance at 0x151ae0641960>,120,26,[ 2 14],121,1113,1139,992,1111
1,<environment.Job instance at 0x151ae0d93d70>,122,24,[14  1],123,1139,1163,1016,1134
1,<environment.Job instance at 0x151ae081d050>,109,3,[ 1 13],110,1156,1159,1046,1156
1,<environment.Job instance at 0x151ae0d93af0>,124,1,[ 1 11],125,1180,1181,1055,1180
1,<environment.Job instance at 0x151ae0d939b0>,126,16,[11  1],127,1181,1197,1054,1181
1,<environment.Job instance at 0x151ae0d93aa0>,127,18,[13  2],128,1197,1215,1069,1186
1,<environment.Job instance at 0x151ae0d93f00>,129,25,[12  2],130,1215,1240,1085,1211
1,<environment.Job instance at 0x151ae0d93820>,130,23,[2 5],131,1211,1234,1080,1211
1,<environment.Job instance at 0x151ae0d930a0>,133,17,[9 1],134,1240,1257,1106,1230
1,<environment.Job instance at 0x151ae07c45a0>,135,24,[14  1],136,1257,1281,1121,1252
1,<environment.Job instance at 0x151ae07c4eb0>,134,1,[13  1],135,1281,1282,1146,1268
1,<environment.Job instance at 0x151ae5aea3c0>,137,24,[13  2],138,1282,1306,1144,1277
1,<environment.Job instance at 0x151ae07c4aa0>,136,19,[ 2 11],137,1282,1301,1145,1282
1,<environment.Job instance at 0x151ade798280>,138,17,[2 8],139,1302,1319,1163,1302
1,<environment.Job instance at 0x151ae0751500>,142,27,[5 1],143,1306,1333,1163,1304
1,<environment.Job instance at 0x151ae0751140>,143,27,[ 2 11],144,1319,1346,1175,1317
1,<environment.Job instance at 0x151ae0751a00>,144,28,[12  1],145,1333,1361,1188,1332
1,<environment.Job instance at 0x151ae07519b0>,146,2,[ 1 11],147,1363,1365,1216,1363
1,<environment.Job instance at 0x151ae083d820>,147,16,[2 5],151,1365,1381,1214,1364
1,<environment.Job instance at 0x151ae53e15a0>,148,1,[8 1],162,1366,1367,1204,1366
1,<environment.Job instance at 0x151ae0757c30>,23,3,[12  2],24,1386,1389,1362,1386
1,<environment.Job instance at 0x151ae07572d0>,11,12,[ 1 14],12,1389,1401,1377,1389
1,<environment.Job instance at 0x151ae081d820>,106,17,[ 2 11],107,1402,1419,1295,1402
1,<environment.Job instance at 0x151ae0d23140>,141,14,[ 2 12],142,2017,2031,1875,2017
1,<environment.Job instance at 0x151ae4ac0140>,2,27,[ 1 11],3,3,30,0,3
1,<environment.Job instance at 0x151ae4acac30>,0,1,[13  2],1,11,12,10,11
1,<environment.Job instance at 0x151ae4ac04b0>,8,28,[14  1],9,12,40,3,12
1,<environment.Job instance at 0x151ae4ac0190>,5,23,[1 7],6,32,55,26,32
1,<environment.Job instance at 0x151ae4ac0d20>,6,25,[2 5],7,40,65,33,36
1,<environment.Job instance at 0x151ae4ab4320>,14,1,[ 2 13],15,65,66,50,47
1,<environment.Job instance at 0x151ae4ab4a00>,15,1,[10  1],16,48,49,32,48
1,<environment.Job instance at 0x151ae4ac0410>,3,2,[ 1 13],4,66,68,62,49
1,<environment.Job instance at 0x151ae4ab41e0>,16,1,[1 9],17,55,56,38,50
1,<environment.Job instance at 0x151ae7097eb0>,20,21,[8 2],21,56,77,35,50
1,<environment.Job instance at 0x151ae4ab40a0>,21,21,[ 1 13],22,68,89,46,68
1,<environment.Job instance at 0x151ae7097be0>,22,22,[11  2],23,77,99,54,71
1,<environment.Job instance at 0x151ae4ab4190>,19,23,[11  2],20,99,122,79,94
1,<environment.Job instance at 0x151ae4ab4b90>,17,3,[13  1],18,122,125,104,106
1,<environment.Job instance at 0x151ae5a62f50>,26,28,[10  2],27,125,153,98,124
1,<environment.Job instance at 0x151ae5a62190>,27,28,[ 1 10],28,124,152,96,124
1,<environment.Job instance at 0x151ae7097dc0>,23,3,[ 1 12],24,152,155,128,137
1,<environment.Job instance at 0x151ae4ac0f00>,13,2,[13  1],14,153,155,139,143
1,<environment.Job instance at 0x151ae5a628c0>,29,17,[12  1],30,155,172,125,149
1,<environment.Job instance at 0x151ae5a62cd0>,31,28,[10  2],32,172,200,140,171
1,<environment.Job instance at 0x151ae5a62460>,33,1,[ 1 11],34,184,185,150,184
1,<environment.Job instance at 0x151ae5a62500>,30,19,[11  2],31,200,219,169,190
1,<environment.Job instance at 0x151ae5a8e500>,38,25,[ 1 10],39,202,227,163,202
1,<environment.Job instance at 0x151ae5a62a00>,37,25,[ 1 11],38,227,252,189,224
1,<environment.Job instance at 0x151ae5a8e5f0>,40,3,[ 1 12],41,264,267,223,264
1,<environment.Job instance at 0x151ae5a8e230>,44,26,[2 7],45,267,293,222,267
1,<environment.Job instance at 0x151ae5a62d20>,28,12,[11  1],29,270,282,241,270
1,<environment.Job instance at 0x151ae4ab46e0>,12,13,[ 1 12],13,293,306,280,280
1,<environment.Job instance at 0x151ae4aa1c80>,47,24,[14  1],48,293,317,245,288
1,<environment.Job instance at 0x151ae5a8e140>,46,2,[11  1],47,317,319,270,316
1,<environment.Job instance at 0x151ae4aa1780>,49,16,[14  2],50,319,335,269,317
1,<environment.Job instance at 0x151ae5a8e5a0>,42,16,[13  1],43,336,352,293,336
1,<environment.Job instance at 0x151ae5a62b40>,34,13,[ 1 11],35,347,360,312,347
1,<environment.Job instance at 0x151ae4aa1fa0>,52,18,[1 8],53,360,378,307,356
1,<environment.Job instance at 0x151ae5a8e910>,45,1,[ 1 14],46,379,380,333,379
1,<environment.Job instance at 0x151ae50f4370>,54,27,[11  1],55,379,406,324,379
1,<environment.Job instance at 0x151ae50f4c30>,55,25,[2 6],56,380,405,324,379
1,<environment.Job instance at 0x151ae50f40f0>,56,19,[ 2 11],57,405,424,348,400
1,<environment.Job instance at 0x151ae50f4280>,53,3,[ 2 13],54,424,427,370,408
1,<environment.Job instance at 0x151ae50f4230>,58,24,[5 2],59,409,433,350,409
1,<environment.Job instance at 0x151ae4aa1550>,50,14,[ 1 13],51,427,441,376,426
1,<environment.Job instance at 0x151ae50f47d0>,62,20,[12  2],63,433,453,370,426
1,<environment.Job instance at 0x151ae50f4c80>,63,2,[12  1],64,453,455,389,441
1,<environment.Job instance at 0x151ae50f4960>,64,2,[11  1],65,455,457,390,443
1,<environment.Job instance at 0x151ae50f4730>,66,25,[13  1],67,457,482,390,453
1,<environment.Job instance at 0x151ae50f4460>,67,22,[14  2],68,482,504,414,478
1,<environment.Job instance at 0x151ae50f4d20>,69,22,[2 5],70,504,526,434,497
1,<environment.Job instance at 0x151ae513eaf0>,70,21,[ 1 10],71,497,518,426,497
1,<environment.Job instance at 0x151ae513e370>,72,3,[ 2 13],73,526,529,453,501
1,<environment.Job instance at 0x151ae513e690>,73,26,[12  1],74,518,544,444,515
1,<environment.Job instance at 0x151ae513e8c0>,74,12,[1 8],75,529,541,454,524
1,<environment.Job instance at 0x151ae513efa0>,76,22,[ 2 10],77,541,563,464,534
1,<environment.Job instance at 0x151ae513eaa0>,77,26,[ 2 14],78,563,589,485,560
1,<environment.Job instance at 0x151ae513e190>,80,1,[12  2],81,595,596,514,595
1,<environment.Job instance at 0x151ae513e9b0>,81,22,[ 2 10],82,595,617,513,595
1,<environment.Job instance at 0x151ae513ea50>,82,13,[10  1],83,596,609,513,595
1,<environment.Job instance at 0x151ae4a990f0>,83,1,[ 2 12],84,617,618,533,597
1,<environment.Job instance at 0x151ae4a99190>,84,26,[ 1 11],85,618,644,533,615
1,<environment.Job instance at 0x151ae4a99870>,85,14,[2 9],86,644,658,558,639
1,<environment.Job instance at 0x151ae4a99e10>,86,15,[ 1 12],87,706,721,619,706
1,<environment.Job instance at 0x151ae4a99b90>,87,22,[7 1],88,708,730,620,708
1,<environment.Job instance at 0x151ae4a99140>,88,25,[ 1 12],89,721,746,632,717
1,<environment.Job instance at 0x151ae4a99960>,89,25,[12  1],90,730,755,640,726
1,<environment.Job instance at 0x151ae4a99780>,90,23,[13  2],91,755,778,664,749
1,<environment.Job instance at 0x151ae4a99820>,92,1,[13  2],93,778,779,685,750
1,<environment.Job instance at 0x151ae4a99410>,93,28,[5 2],94,779,807,685,778
1,<environment.Job instance at 0x151ae4a99fa0>,94,28,[ 1 13],95,778,806,683,778
1,<environment.Job instance at 0x151ae4aa4460>,96,26,[ 2 13],97,806,832,709,803
1,<environment.Job instance at 0x151ae4aa4730>,97,25,[11  1],98,807,832,709,803
1,<environment.Job instance at 0x151ae4aa4b40>,98,1,[ 2 10],99,832,833,733,804
1,<environment.Job instance at 0x151ae4aa4140>,99,17,[6 1],100,832,849,732,825
1,<environment.Job instance at 0x151ae4aa4aa0>,100,27,[6 1],101,832,859,731,830
1,<environment.Job instance at 0x151ae4aa4050>,101,27,[1 7],102,833,860,731,831
1,<environment.Job instance at 0x151ae4aa40a0>,102,22,[5 1],103,849,871,746,843
1,<environment.Job instance at 0x151ae4aa4820>,104,22,[10  2],105,860,882,755,853
1,<environment.Job instance at 0x151ae4aa4320>,105,12,[ 2 13],106,995,1007,889,995
1,<environment.Job instance at 0x151ae4aa43c0>,106,21,[6 2],107,997,1018,890,997
1,<environment.Job instance at 0x151ae4aa4fa0>,107,24,[1 6],108,1007,1031,899,1002
1,<environment.Job instance at 0x151ae4aa4be0>,108,14,[12  2],109,1018,1032,909,1015
1,<environment.Job instance at 0x151ae4aa4b90>,109,24,[1 8],110,1031,1055,921,1026
1,<environment.Job instance at 0x151ae4aa4dc0>,111,22,[7 2],112,1040,1062,928,1040
1,<environment.Job instance at 0x151ae4aa4870>,112,13,[7 2],113,1041,1054,928,1041
1,<environment.Job instance at 0x151ae70b6500>,113,14,[10  2],114,1062,1076,948,1059
1,<environment.Job instance at 0x151ae70b6af0>,115,21,[13  2],116,1076,1097,960,1068
1,<environment.Job instance at 0x151ae70b6460>,116,26,[1 7],117,1068,1094,951,1068
1,<environment.Job instance at 0x151ae4aa1320>,48,14,[11  2],49,1097,1111,1048,1088
1,<environment.Job instance at 0x151ae70b6fa0>,120,22,[ 1 11],121,1094,1116,973,1093
1,<environment.Job instance at 0x151ae70b6c80>,122,2,[ 1 14],123,1116,1118,993,1105
1,<environment.Job instance at 0x151adecbc5f0>,125,23,[ 2 13],126,1118,1141,992,1114
1,<environment.Job instance at 0x151ae5acd500>,126,27,[ 1 14],127,1141,1168,1014,1139
1,<environment.Job instance at 0x151ae5acd820>,127,19,[7 1],128,1143,1162,1015,1143
1,<environment.Job instance at 0x151ae5acdf50>,129,19,[12  1],130,1163,1182,1033,1163
1,<environment.Job instance at 0x151ae5acd460>,130,27,[ 1 10],131,1168,1195,1037,1166
1,<environment.Job instance at 0x151ae0712640>,131,27,[2 5],132,1182,1209,1050,1180
1,<environment.Job instance at 0x151ade7a5cd0>,132,28,[ 1 12],133,1209,1237,1076,1208
1,<environment.Job instance at 0x151adec2fe10>,133,28,[2 8],134,1237,1265,1103,1236
1,<environment.Job instance at 0x151adec2f410>,134,1,[8 2],135,1238,1239,1103,1238
1,<environment.Job instance at 0x151adec2fd20>,135,12,[ 2 12],136,1269,1281,1133,1269
1,<environment.Job instance at 0x151ae0d8c4b0>,136,16,[7 2],137,1269,1285,1132,1269
1,<environment.Job instance at 0x151ae0e0caf0>,138,26,[ 1 11],139,1281,1307,1142,1278
1,<environment.Job instance at 0x151abd657d70>,139,28,[2 7],140,1307,1335,1167,1306
1,<environment.Job instance at 0x151abd701f00>,140,20,[2 5],141,1307,1327,1166,1307
1,<environment.Job instance at 0x151ae0e0cf50>,141,28,[14  1],142,1335,1363,1193,1334
1,<environment.Job instance at 0x151ae0861af0>,142,24,[11  1],143,1363,1387,1220,1358
1,<environment.Job instance at 0x151adfd99820>,144,25,[ 1 14],145,1371,1396,1226,1371
1,<environment.Job instance at 0x151ae5a68550>,146,24,[5 2],147,1396,1420,1249,1391
1,<environment.Job instance at 0x151ae5a3ac30>,147,2,[ 2 10],148,1396,1398,1248,1393
1,<environment.Job instance at 0x151abd7179b0>,148,21,[12  1],149,1420,1441,1271,1412
1,<environment.Job instance at 0x151ae5acfc80>,149,2,[14  1],150,1441,1443,1291,1417
1,<environment.Job instance at 0x151ae7082140>,151,20,[12  1],152,1443,1463,1291,1434
1,<environment.Job instance at 0x151ae50f4e60>,61,14,[ 2 11],62,1462,1476,1400,1462
1,<environment.Job instance at 0x151ae50f4cd0>,57,12,[ 2 12],58,1688,1700,1630,1688
1,<environment.Job instance at 0x151ae15c76e0>,124,12,[ 2 14],125,1767,1779,1642,1767
1,<environment.Job instance at 0x151ae7a19730>,0,28,[11  1],1,1,29,0,1
1,<environment.Job instance at 0x151ae7a19050>,4,21,[14  1],5,29,50,24,22
1,<environment.Job instance at 0x151ae7a195f0>,2,21,[14  2],3,50,71,47,42
1,<environment.Job instance at 0x151abd66cc30>,10,23,[13  2],11,71,94,60,65
1,<environment.Job instance at 0x151abd66ce60>,13,21,[ 1 13],14,68,89,54,68
1,<environment.Job instance at 0x151abd66c820>,12,22,[ 2 11],13,89,111,76,86
1,<environment.Job instance at 0x151abd66c050>,5,21,[8 2],6,94,115,88,89
1,<environment.Job instance at 0x151ae06e96e0>,18,23,[1 9],19,111,134,92,110
1,<environment.Job instance at 0x151abd66c5a0>,7,2,[13  1],8,115,117,107,111
1,<environment.Job instance at 0x151ae06e91e0>,20,1,[13  1],21,118,119,97,118
1,<environment.Job instance at 0x151ae06e9fa0>,23,25,[ 1 12],24,134,159,110,130
1,<environment.Job instance at 0x151ae06e9aa0>,24,27,[5 2],25,130,157,105,130
1,<environment.Job instance at 0x151ae06e9960>,26,27,[ 2 12],27,159,186,132,157
1,<environment.Job instance at 0x151ae0dfdaa0>,27,27,[8 1],28,157,184,129,157
1,<environment.Job instance at 0x151ae06e95a0>,17,19,[ 2 13],18,186,205,168,181
1,<environment.Job instance at 0x151adec469b0>,29,20,[11  1],30,188,208,158,188
1,<environment.Job instance at 0x151ae06f3730>,31,22,[13  2],32,208,230,176,202
1,<environment.Job instance at 0x151ae51605f0>,32,1,[ 2 11],33,226,227,193,226
1,<environment.Job instance at 0x151adec3a460>,34,26,[5 1],35,230,256,195,227
1,<environment.Job instance at 0x151ae06e9780>,21,12,[ 1 14],22,258,270,236,258
1,<environment.Job instance at 0x151ae5aec640>,36,19,[ 2 13],37,278,297,241,278
1,<environment.Job instance at 0x151aded14820>,39,2,[11  2],40,292,294,252,292
1,<environment.Job instance at 0x151adec3a780>,35,16,[11  2],36,304,320,268,304
1,<environment.Job instance at 0x151adecfe690>,41,27,[13  2],42,320,347,278,318
1,<environment.Job instance at 0x151ae0e11e10>,43,21,[ 2 13],44,321,342,277,321
1,<environment.Job instance at 0x151ae06e99b0>,25,16,[12  1],26,347,363,321,338
1,<environment.Job instance at 0x151ae0e0f460>,46,25,[13  2],47,363,388,316,359
1,<environment.Job instance at 0x151ae0e0fe60>,47,1,[14  1],48,388,389,340,376
1,<environment.Job instance at 0x151adecf0960>,44,19,[13  1],45,389,408,344,387
1,<environment.Job instance at 0x151abd651370>,50,3,[ 1 11],51,387,390,336,387
1,<environment.Job instance at 0x151ae0dddcd0>,52,3,[1 6],53,390,393,337,387
1,<environment.Job instance at 0x151ae0e13820>,54,23,[ 2 11],55,393,416,338,388
1,<environment.Job instance at 0x151abd661e10>,55,22,[9 1],56,408,430,352,403
1,<environment.Job instance at 0x151abd66c7d0>,8,16,[ 2 11],9,416,432,407,415
1,<environment.Job instance at 0x151abd661b40>,58,1,[13  2],59,430,431,371,423
1,<environment.Job instance at 0x151abd661eb0>,59,2,[ 1 11],60,432,434,372,426
1,<environment.Job instance at 0x151abd638550>,63,24,[ 1 14],64,434,458,370,431
1,<environment.Job instance at 0x151abd638460>,64,18,[13  2],65,458,476,393,447
1,<environment.Job instance at 0x151abd638870>,66,25,[9 2],67,476,501,409,472
1,<environment.Job instance at 0x151abd6381e0>,61,19,[ 1 11],62,503,522,441,503
1,<environment.Job instance at 0x151abd638aa0>,71,27,[11  2],72,519,546,447,519
1,<environment.Job instance at 0x151ae5b01870>,74,25,[8 2],75,546,571,471,542
1,<environment.Job instance at 0x151ae06f3a00>,28,20,[ 2 12],29,553,573,524,553
1,<environment.Job instance at 0x151ae5b019b0>,76,27,[14  2],77,573,600,496,571
1,<environment.Job instance at 0x151ae0dddf00>,51,3,[ 2 11],52,600,603,548,582
1,<environment.Job instance at 0x151ae5b01780>,75,19,[13  1],76,600,619,524,591
1,<environment.Job instance at 0x151ae5b01eb0>,84,2,[ 1 13],85,607,609,522,607
1,<environment.Job instance at 0x151abd638be0>,68,14,[11  1],69,619,633,550,616
1,<environment.Job instance at 0x151ae5b01fa0>,87,22,[2 5],88,617,639,529,617
1,<environment.Job instance at 0x151ae5b000f0>,88,19,[14  2],89,639,658,550,632
1,<environment.Job instance at 0x151ae5b01910>,83,13,[12  2],84,658,671,574,643
1,<environment.Job instance at 0x151ae5b01f50>,85,16,[ 2 12],86,658,674,572,651
1,<environment.Job instance at 0x151ae5b004b0>,92,19,[7 1],93,671,690,578,665
1,<environment.Job instance at 0x151ae5b005f0>,94,22,[1 7],95,674,696,579,667
1,<environment.Job instance at 0x151ae5b00730>,96,28,[2 9],97,696,724,599,695
1,<environment.Job instance at 0x151ae5b007d0>,97,23,[ 2 10],98,724,747,626,718
1,<environment.Job instance at 0x151ae5b00870>,98,25,[1 8],99,747,772,648,743
1,<environment.Job instance at 0x151ae5b008c0>,99,27,[ 1 12],100,772,799,672,770
1,<environment.Job instance at 0x151ae5b00a50>,101,28,[12  2],102,770,798,668,770
1,<environment.Job instance at 0x151ae5b00b90>,103,28,[11  2],104,798,826,694,797
1,<environment.Job instance at 0x151ae5b00c30>,104,26,[2 9],105,799,825,694,797
1,<environment.Job instance at 0x151ae5b00d70>,106,1,[14  1],107,830,831,723,830
1,<environment.Job instance at 0x151ae5b00e10>,107,20,[2 7],108,831,851,723,830
1,<environment.Job instance at 0x151ae5b00e60>,108,26,[6 1],109,831,857,722,830
1,<environment.Job instance at 0x151ae0e11910>,40,17,[ 1 12],41,851,868,810,847
1,<environment.Job instance at 0x151ae5aef190>,110,21,[10  2],111,857,878,746,849
1,<environment.Job instance at 0x151ae5aef320>,111,25,[9 1],112,878,903,766,874
1,<environment.Job instance at 0x151ae5b00f50>,112,19,[2 9],113,876,895,763,876
1,<environment.Job instance at 0x151ae5aef460>,113,18,[7 1],114,903,921,789,892
1,<environment.Job instance at 0x151ae5b00550>,93,13,[ 1 12],94,895,908,801,894
1,<environment.Job instance at 0x151ae5b01e10>,86,3,[14  1],87,921,924,834,908
1,<environment.Job instance at 0x151ae5aef730>,119,21,[1 5],120,915,936,795,915
1,<environment.Job instance at 0x151ae5aef960>,120,25,[ 1 11],121,936,961,815,932
1,<environment.Job instance at 0x151ae5aef050>,115,18,[14  2],116,934,952,818,934
1,<environment.Job instance at 0x151ae5aefaa0>,122,2,[ 2 13],123,961,963,838,943
1,<environment.Job instance at 0x151ae5aef550>,118,2,[12  1],119,952,954,833,943
1,<environment.Job instance at 0x151ae5aefb40>,123,2,[ 2 11],124,963,965,839,944
1,<environment.Job instance at 0x151ae5aefc80>,125,24,[1 7],126,965,989,839,960
1,<environment.Job instance at 0x151ae5aefd20>,126,22,[ 2 12],127,989,1011,862,982
1,<environment.Job instance at 0x151ae5aefdc0>,127,26,[10  2],128,982,1008,854,982
1,<environment.Job instance at 0x151ae5aefe60>,128,14,[ 2 14],129,1012,1026,883,1012
1,<environment.Job instance at 0x151ae5af80a0>,132,1,[11  2],133,1026,1027,893,1018
1,<environment.Job instance at 0x151ae5aef8c0>,131,19,[ 1 11],132,1033,1052,901,1033
1,<environment.Job instance at 0x151ae5af8190>,133,2,[ 1 14],134,1052,1054,918,1034
1,<environment.Job instance at 0x151ae5af86e0>,139,25,[ 2 14],140,1054,1079,914,1050
1,<environment.Job instance at 0x151ae5af88c0>,142,23,[12  2],143,1079,1102,936,1073
1,<environment.Job instance at 0x151ae5af87d0>,143,2,[1 8],144,1079,1081,935,1079
1,<environment.Job instance at 0x151ae5b00eb0>,109,17,[ 1 11],110,1081,1098,971,1081
1,<environment.Job instance at 0x151ae5af8d70>,147,27,[14  1],158,1102,1129,944,1100
1,<environment.Job instance at 0x151ae5aefbe0>,124,13,[ 2 14],125,1129,1142,1004,1115
1,<environment.Job instance at 0x151ae5b003c0>,89,13,[ 1 13],90,1175,1188,1085,1175
1,<environment.Job instance at 0x151ae5af8910>,145,16,[ 2 14],146,1230,1246,1084,1230
1,<environment.Job instance at 0x151ae5af8730>,144,3,[12  1],145,1231,1234,1086,1231
1,<environment.Job instance at 0x151abd31ae60>,4,24,[ 1 10],5,6,30,1,6
1,<environment.Job instance at 0x151abd5ac0a0>,0,2,[ 2 13],1,30,32,29,10
1,<environment.Job instance at 0x151ae5af8a00>,7,22,[ 2 14],8,32,54,24,25
1,<environment.Job instance at 0x151adecf5aa0>,10,23,[ 2 14],11,54,77,43,49
1,<environment.Job instance at 0x151adecf5c30>,11,26,[ 1 12],12,77,103,65,74
1,<environment.Job instance at 0x151abdc987d0>,13,26,[5 2],14,77,103,63,74
1,<environment.Job instance at 0x151abd97d500>,16,27,[6 1],17,87,114,70,87
1,<environment.Job instance at 0x151ae0df95a0>,5,22,[ 1 14],6,103,125,97,99
1,<environment.Job instance at 0x151abdcb71e0>,19,25,[14  2],20,125,150,105,121
1,<environment.Job instance at 0x151ae7071aa0>,1,1,[ 2 11],2,150,151,148,135
1,<environment.Job instance at 0x151adecf5b40>,12,19,[ 2 14],13,151,170,138,142
1,<environment.Job instance at 0x151ae08430f0>,26,26,[8 2],27,170,196,143,167
1,<environment.Job instance at 0x151abdcb72d0>,27,26,[1 9],28,170,196,142,168
1,<environment.Job instance at 0x151ae0843f50>,31,2,[6 2],32,173,175,141,173
1,<environment.Job instance at 0x151ae0843e60>,32,1,[ 1 12],33,198,199,165,198
1,<environment.Job instance at 0x151ae0843500>,37,26,[11  1],38,198,224,160,198
1,<environment.Job instance at 0x151ae0843690>,38,24,[ 1 13],39,199,223,160,199
1,<environment.Job instance at 0x151ae0843870>,39,26,[ 1 10],40,223,249,183,220
1,<environment.Job instance at 0x151ae5af8730>,6,3,[ 1 12],7,249,252,242,236
1,<environment.Job instance at 0x151ae0843b90>,41,26,[ 2 13],42,252,278,210,249
1,<environment.Job instance at 0x151ae083d280>,42,25,[9 1],43,249,274,206,249
1,<environment.Job instance at 0x151ae083d7d0>,40,2,[14  2],41,278,280,237,275
1,<environment.Job instance at 0x151ae083d320>,44,14,[8 2],45,280,294,235,278
1,<environment.Job instance at 0x151ae083d370>,43,2,[13  1],44,295,297,251,295
1,<environment.Job instance at 0x151ae083d960>,46,1,[12  2],47,303,304,256,303
1,<environment.Job instance at 0x151ae083d6e0>,47,19,[ 1 13],48,304,323,256,304
1,<environment.Job instance at 0x151abdcb7500>,25,3,[11  2],26,315,318,289,315
1,<environment.Job instance at 0x151ae083df00>,48,23,[ 1 14],49,323,346,274,317
1,<environment.Job instance at 0x151abdcb7c30>,18,3,[ 1 13],19,367,370,348,367
1,<environment.Job instance at 0x151abd51e140>,52,3,[ 2 12],53,376,379,323,376
1,<environment.Job instance at 0x151ae5a87370>,55,19,[1 5],56,379,398,323,377
1,<environment.Job instance at 0x151ae5a87640>,56,23,[9 1],57,377,400,320,377
1,<environment.Job instance at 0x151ae5a87e10>,57,28,[13  1],58,400,428,342,399
1,<environment.Job instance at 0x151ae06455a0>,60,20,[ 1 13],61,406,426,345,406
1,<environment.Job instance at 0x151ae0d2ca00>,62,24,[ 2 11],63,426,450,363,423
1,<environment.Job instance at 0x151ae0d2ca50>,63,24,[6 1],64,428,452,364,423
1,<environment.Job instance at 0x151ae0645eb0>,61,26,[ 2 11],62,450,476,388,447
1,<environment.Job instance at 0x151ae0d2c640>,64,16,[13  2],65,452,468,387,450
1,<environment.Job instance at 0x151ae0d61690>,70,26,[8 2],71,468,494,397,465
1,<environment.Job instance at 0x151ae0843960>,36,19,[ 2 14],37,502,521,465,502
1,<environment.Job instance at 0x151abd750460>,72,2,[ 2 12],73,521,523,448,507
1,<environment.Job instance at 0x151abd8f15f0>,74,1,[ 2 10],75,523,524,448,507
1,<environment.Job instance at 0x151ae1110320>,75,1,[ 1 12],76,524,525,448,511
1,<environment.Job instance at 0x151ae1110460>,76,1,[ 1 11],77,525,526,448,517
1,<environment.Job instance at 0x151ae083dc80>,49,14,[ 1 12],50,526,540,476,524
1,<environment.Job instance at 0x151adfd84410>,79,23,[ 1 13],80,540,563,460,535
1,<environment.Job instance at 0x151adfd84af0>,78,3,[ 2 13],79,563,566,484,551
1,<environment.Job instance at 0x151adfd84690>,81,28,[8 1],82,551,579,469,551
1,<environment.Job instance at 0x151abd6f4140>,83,25,[12  2],84,579,604,495,575
1,<environment.Job instance at 0x151abd6f4dc0>,85,16,[ 2 13],86,590,606,504,590
1,<environment.Job instance at 0x151abd6f4f00>,86,28,[9 1],87,604,632,517,603
1,<environment.Job instance at 0x151adfd84460>,80,17,[ 2 12],81,616,633,535,616
1,<environment.Job instance at 0x151abd6f4aa0>,87,14,[11  1],88,632,646,544,627
1,<environment.Job instance at 0x151ae11266e0>,89,22,[ 1 10],90,633,655,543,629
1,<environment.Job instance at 0x151ae5b01d70>,92,24,[13  2],93,646,670,553,641
1,<environment.Job instance at 0x151ae083da00>,45,14,[12  1],46,670,684,624,667
1,<environment.Job instance at 0x151ae5175640>,94,24,[7 1],95,684,708,589,680
1,<environment.Job instance at 0x151abd567820>,91,1,[ 1 12],92,684,685,592,684
1,<environment.Job instance at 0x151abdcaecd0>,97,28,[ 1 13],98,685,713,587,684
1,<environment.Job instance at 0x151abd383690>,99,24,[11  1],100,708,732,608,703
1,<environment.Job instance at 0x151ae5175be0>,98,28,[ 2 12],99,713,741,614,712
1,<environment.Job instance at 0x151abd2a5690>,102,26,[ 1 12],103,741,767,638,738
1,<environment.Job instance at 0x151ae4ac70a0>,103,26,[11  2],104,738,764,634,738
1,<environment.Job instance at 0x151ae7d67eb0>,106,23,[ 2 10],107,767,790,660,761
1,<environment.Job instance at 0x151abdfd7550>,107,19,[13  1],108,764,783,656,763
1,<environment.Job instance at 0x151abdfd7500>,108,1,[ 1 12],109,790,791,681,778
1,<environment.Job instance at 0x151ae5acdaf0>,110,28,[ 2 10],111,791,819,680,790
1,<environment.Job instance at 0x151abd9411e0>,105,2,[14  1],106,819,821,713,795
1,<environment.Job instance at 0x151ae11778c0>,114,21,[13  2],115,821,842,706,813
1,<environment.Job instance at 0x151ae1177280>,115,25,[ 1 13],116,819,844,703,815
1,<environment.Job instance at 0x151ae077f5a0>,116,25,[ 2 12],117,844,869,727,840
1,<environment.Job instance at 0x151ae70a72d0>,118,25,[6 1],119,854,879,735,854
1,<environment.Job instance at 0x151ae70a76e0>,119,23,[9 2],120,869,892,749,863
1,<environment.Job instance at 0x151abdfe81e0>,121,24,[14  2],122,892,916,770,887
1,<environment.Job instance at 0x151ae5153410>,122,20,[11  2],123,916,936,793,907
1,<environment.Job instance at 0x151abd5f43c0>,109,19,[ 2 12],110,928,947,818,928
1,<environment.Job instance at 0x151ae05ce640>,125,22,[2 5],126,947,969,821,941
1,<environment.Job instance at 0x151ae0da2d70>,126,24,[ 2 14],127,969,993,842,964
1,<environment.Job instance at 0x151adef55550>,127,28,[9 1],128,965,993,837,965
1,<environment.Job instance at 0x151abdfe88c0>,128,28,[2 5],129,993,1021,864,992
1,<environment.Job instance at 0x151adec2e820>,129,25,[14  1],130,1021,1046,891,1017
1,<environment.Job instance at 0x151adec2e3c0>,130,24,[10  2],131,1046,1070,915,1041
1,<environment.Job instance at 0x151abdfe8550>,124,1,[ 1 11],125,1041,1042,916,1041
1,<environment.Job instance at 0x151abd318730>,132,20,[2 9],133,1046,1066,913,1042
1,<environment.Job instance at 0x151abd318690>,134,18,[14  1],135,1070,1088,935,1062
1,<environment.Job instance at 0x151abd318a00>,136,22,[11  2],137,1088,1110,951,1081
1,<environment.Job instance at 0x151abd31ecd0>,138,24,[7 1],139,1110,1134,971,1105
1,<environment.Job instance at 0x151abd31ee10>,139,1,[ 2 10],140,1110,1111,970,1110
1,<environment.Job instance at 0x151abd31e3c0>,140,22,[ 2 12],141,1111,1133,970,1110
1,<environment.Job instance at 0x151abd31ebe0>,141,27,[ 2 14],142,1133,1160,991,1131
1,<environment.Job instance at 0x151adef55870>,131,13,[ 1 13],132,1160,1173,1028,1147
1,<environment.Job instance at 0x151abd31e2d0>,143,12,[ 1 12],144,1179,1191,1035,1179
1,<environment.Job instance at 0x151abd31e910>,144,19,[ 1 13],145,1191,1210,1046,1182
1,<environment.Job instance at 0x151ae5171190>,145,18,[13  1],146,1185,1203,1039,1185
1,<environment.Job instance at 0x151ae51717d0>,146,1,[14  2],147,1204,1205,1057,1204
1,<environment.Job instance at 0x151abdfd5be0>,147,26,[ 2 10],155,1210,1236,1055,1207
1,<environment.Job instance at 0x151ae0e0f1e0>,149,21,[14  2],169,1236,1257,1067,1228
1,<environment.Job instance at 0x151abd31e6e0>,142,12,[ 2 11],143,1297,1309,1154,1297
1,<environment.Job instance at 0x151ae0d2c870>,65,13,[12  1],66,1297,1310,1231,1297
1,<environment.Job instance at 0x151ae11100a0>,73,1,[ 1 11],74,1352,1353,1278,1352
1,<environment.Job instance at 0x151abdfd7f00>,113,13,[ 1 14],114,1353,1366,1239,1353
1,<environment.Job instance at 0x151abd729a00>,1,28,[ 2 13],2,3,31,1,3
1,<environment.Job instance at 0x151abd5f4c80>,3,23,[5 1],4,16,39,12,16
1,<environment.Job instance at 0x151abd5d0730>,9,27,[1 9],10,31,58,21,29
1,<environment.Job instance at 0x151ae0602eb0>,10,23,[13  2],11,39,62,28,35
1,<environment.Job instance at 0x151abd5d0820>,6,21,[ 2 11],7,58,79,51,51
1,<environment.Job instance at 0x151ae5a699b0>,18,23,[8 1],19,62,85,43,62
1,<environment.Job instance at 0x151abd5d02d0>,8,17,[13  2],9,85,102,76,84
1,<environment.Job instance at 0x151abd7294b0>,0,3,[11  1],1,102,105,101,97
1,<environment.Job instance at 0x151abdc59550>,23,20,[12  1],24,105,125,81,97
1,<environment.Job instance at 0x151ae7051b90>,26,28,[13  2],27,125,153,98,124
1,<environment.Job instance at 0x151abdbab7d0>,28,15,[11  2],29,153,168,124,149
1,<environment.Job instance at 0x151abd5670f0>,29,19,[ 2 11],30,153,172,123,153
1,<environment.Job instance at 0x151abd5670a0>,30,20,[ 1 12],31,172,192,141,163
1,<environment.Job instance at 0x151abd567d70>,31,28,[ 2 11],32,192,220,160,191
1,<environment.Job instance at 0x151abd567b40>,32,1,[12  1],33,194,195,161,194
1,<environment.Job instance at 0x151abd5679b0>,33,28,[6 2],34,195,223,161,194
1,<environment.Job instance at 0x151abd5677d0>,35,2,[12  1],36,223,225,187,208
1,<environment.Job instance at 0x151abdc597d0>,21,21,[14  1],22,225,246,203,221
1,<environment.Job instance at 0x151abdc594b0>,22,17,[ 2 14],23,246,263,223,243
1,<environment.Job instance at 0x151abd91d640>,20,17,[14  1],21,263,280,242,254
1,<environment.Job instance at 0x151ae05f3a00>,41,3,[ 2 13],42,280,283,238,259
1,<environment.Job instance at 0x151abd8f1050>,43,19,[ 2 14],44,283,302,239,281
1,<environment.Job instance at 0x151adfd87b90>,44,19,[14  1],45,302,321,257,293
1,<environment.Job instance at 0x151ae0d66dc0>,45,24,[11  2],46,321,345,275,316
1,<environment.Job instance at 0x151abd66c730>,14,17,[ 1 12],15,347,364,332,347
1,<environment.Job instance at 0x151abd3ee190>,48,2,[ 2 14],49,364,366,315,360
1,<environment.Job instance at 0x151abd3ee870>,49,24,[8 2],50,366,390,316,361
1,<environment.Job instance at 0x151abd3eeb40>,52,26,[13  1],53,390,416,337,387
1,<environment.Job instance at 0x151abd5f04b0>,53,24,[ 2 14],54,390,414,336,388
1,<environment.Job instance at 0x151ae0e866e0>,42,1,[11  1],43,416,417,373,406
1,<environment.Job instance at 0x151abd5f0aa0>,56,25,[ 1 14],57,414,439,357,410
1,<environment.Job instance at 0x151abd5f01e0>,58,26,[10  1],59,417,443,358,416
1,<environment.Job instance at 0x151abda9e0a0>,60,23,[9 2],61,443,466,382,437
1,<environment.Job instance at 0x151abda9ed20>,62,24,[11  1],63,466,490,403,461
1,<environment.Job instance at 0x151abd5678c0>,38,14,[11  2],39,490,504,451,486
1,<environment.Job instance at 0x151abd5f0e10>,55,1,[ 2 14],56,504,505,448,500
1,<environment.Job instance at 0x151abd567320>,36,17,[ 1 12],37,513,530,476,513
1,<environment.Job instance at 0x151ae6a01eb0>,70,24,[1 6],71,530,554,459,525
1,<environment.Job instance at 0x151abd941190>,73,3,[ 1 11],74,583,586,509,583
1,<environment.Job instance at 0x151abd941410>,74,22,[2 6],75,586,608,511,584
1,<environment.Job instance at 0x151abd3ee7d0>,47,13,[14  2],48,608,621,560,603
1,<environment.Job instance at 0x151abd892690>,76,1,[ 2 14],77,621,622,544,609
1,<environment.Job instance at 0x151ae51b9690>,78,24,[ 1 12],79,622,646,543,617
1,<environment.Job instance at 0x151ae51b9aa0>,79,17,[14  2],80,639,656,559,639
1,<environment.Job instance at 0x151ae51b9280>,80,24,[1 9],81,646,670,565,643
1,<environment.Job instance at 0x151abdd36aa0>,81,22,[ 2 12],82,670,692,588,663
1,<environment.Job instance at 0x151ae51b9190>,83,3,[11  2],84,689,692,605,689
1,<environment.Job instance at 0x151abd6017d0>,84,21,[9 1],85,692,713,607,689
1,<environment.Job instance at 0x151abd601910>,87,20,[5 1],88,713,733,625,713
1,<environment.Job instance at 0x151abd601690>,88,26,[9 1],89,713,739,624,713
1,<environment.Job instance at 0x151abd601f50>,90,23,[8 2],91,739,762,648,733
1,<environment.Job instance at 0x151abd601d20>,91,27,[1 6],92,733,760,641,733
1,<environment.Job instance at 0x151abd2a5e60>,68,2,[ 2 14],69,779,781,710,779
1,<environment.Job instance at 0x151ae06dfbe0>,93,3,[12  2],94,783,786,689,783
1,<environment.Job instance at 0x151ae06df320>,94,21,[6 1],95,786,807,691,783
1,<environment.Job instance at 0x151abd941050>,75,3,[14  1],76,807,810,731,799
1,<environment.Job instance at 0x151ae06dfa00>,95,27,[12  2],96,810,837,714,808
1,<environment.Job instance at 0x151ae06df370>,96,23,[ 1 13],97,808,831,711,808
1,<environment.Job instance at 0x151ae069d190>,102,27,[13  1],103,837,864,734,835
1,<environment.Job instance at 0x151abd557230>,100,1,[ 2 12],101,869,870,768,869
1,<environment.Job instance at 0x151abd6011e0>,92,14,[ 2 12],93,870,884,777,869
1,<environment.Job instance at 0x151ae0778fa0>,107,21,[13  2],108,875,896,767,875
1,<environment.Job instance at 0x151ae0d582d0>,111,13,[ 1 11],112,922,935,810,922
1,<environment.Job instance at 0x151ae0751230>,103,17,[ 2 12],104,935,952,831,925
1,<environment.Job instance at 0x151abd718e60>,115,22,[6 1],116,929,951,813,929
1,<environment.Job instance at 0x151abd718640>,116,25,[ 2 12],117,952,977,835,948
1,<environment.Job instance at 0x151ae53e1280>,119,27,[2 9],120,977,1004,857,975
1,<environment.Job instance at 0x151ae5b6bb40>,120,25,[14  2],121,1004,1029,883,1000
1,<environment.Job instance at 0x151abd9c48c0>,124,21,[11  1],125,1029,1050,904,1021
1,<environment.Job instance at 0x151abd9c4c80>,125,22,[5 2],126,1050,1072,924,1044
1,<environment.Job instance at 0x151abd603410>,106,15,[ 2 12],107,1099,1114,992,1099
1,<environment.Job instance at 0x151abdd81b40>,126,16,[ 1 14],127,1129,1145,1002,1129
1,<environment.Job instance at 0x151adecec230>,113,3,[ 1 14],114,1145,1148,1031,1138
1,<environment.Job instance at 0x151abdd81550>,128,24,[ 2 11],129,1148,1172,1019,1143
1,<environment.Job instance at 0x151ae5ae1190>,64,13,[ 2 12],65,1172,1185,1107,1170
1,<environment.Job instance at 0x151abdd81910>,130,21,[ 1 13],131,1185,1206,1054,1177
1,<environment.Job instance at 0x151ae1126f00>,133,21,[ 1 14],134,1206,1227,1072,1202
1,<environment.Job instance at 0x151ae11261e0>,131,2,[6 1],132,1204,1206,1072,1204
1,<environment.Job instance at 0x151ae06eeb40>,137,19,[13  2],138,1227,1246,1089,1226
1,<environment.Job instance at 0x151adece0af0>,138,22,[ 2 14],139,1246,1268,1107,1240
1,<environment.Job instance at 0x151adece0c80>,140,21,[ 1 11],141,1268,1289,1127,1262
1,<environment.Job instance at 0x151abdd81640>,129,16,[ 2 11],130,1289,1305,1159,1287
1,<environment.Job instance at 0x151ae06ff8c0>,143,21,[14  2],144,1305,1326,1161,1302
1,<environment.Job instance at 0x151ae5acd7d0>,146,27,[ 1 13],147,1311,1338,1164,1311
1,<environment.Job instance at 0x151ae5acda50>,147,28,[9 2],148,1331,1359,1183,1331
1,<environment.Job instance at 0x151ae5acdf50>,148,28,[ 2 12],149,1338,1366,1189,1337
1,<environment.Job instance at 0x151ae06ffb40>,142,28,[2 7],143,1366,1394,1223,1365
1,<environment.Job instance at 0x151ae08c0d20>,151,24,[ 1 14],164,1394,1418,1230,1389
1,<environment.Job instance at 0x151ae5acd910>,150,1,[ 2 14],154,1418,1419,1264,1413
1,<environment.Job instance at 0x151abdd81230>,127,15,[ 2 14],128,1474,1489,1346,1474
1,<environment.Job instance at 0x151abd8f1230>,0,3,[11  1],1,2,5,1,2
1,<environment.Job instance at 0x151abd8f1780>,2,25,[14  2],3,5,30,2,3
1,<environment.Job instance at 0x151abd8f10a0>,5,27,[12  1],6,30,57,24,28
1,<environment.Job instance at 0x151abd8f1370>,4,23,[ 2 13],5,31,54,26,31
1,<environment.Job instance at 0x151abd8f11e0>,13,25,[12  2],14,57,82,43,53
1,<environment.Job instance at 0x151abd8f1c80>,9,23,[ 1 13],10,55,78,45,55
1,<environment.Job instance at 0x151abd8f1190>,11,24,[ 2 11],12,78,102,66,74
1,<environment.Job instance at 0x151abd8f1410>,18,23,[6 2],19,82,105,63,76
1,<environment.Job instance at 0x151ae5b213c0>,19,22,[12  1],20,105,127,85,98
1,<environment.Job instance at 0x151ae5b21e60>,20,24,[ 1 14],21,105,129,84,105
1,<environment.Job instance at 0x151abd8f1f50>,8,26,[ 1 11],9,129,155,120,126
1,<environment.Job instance at 0x151ae5b21af0>,22,19,[13  2],23,131,150,108,131
1,<environment.Job instance at 0x151ae5b21b40>,23,20,[14  2],24,150,170,126,147
1,<environment.Job instance at 0x151ae5b21500>,25,22,[ 1 13],26,160,182,134,160
1,<environment.Job instance at 0x151ae5b215f0>,29,1,[2 9],30,182,183,152,163
1,<environment.Job instance at 0x151ae5b21460>,30,27,[7 2],31,170,197,139,168
1,<environment.Job instance at 0x151abd8f1320>,1,19,[ 2 13],2,193,212,191,193
1,<environment.Job instance at 0x151ae5b21370>,32,16,[12  2],33,197,213,164,195
1,<environment.Job instance at 0x151ae5b21d70>,33,23,[2 8],34,212,235,178,206
1,<environment.Job instance at 0x151ae5b21280>,27,12,[ 2 11],28,235,247,207,232
1,<environment.Job instance at 0x151ae5b216e0>,34,2,[ 1 14],35,247,249,212,236
1,<environment.Job instance at 0x151ae5b219b0>,37,21,[13  1],38,246,267,208,246
1,<environment.Job instance at 0x151ae5b21640>,35,2,[ 2 13],36,261,263,225,261
1,<environment.Job instance at 0x151ae5b21870>,39,26,[ 2 13],40,263,289,223,261
1,<environment.Job instance at 0x151ae5b21410>,40,20,[9 1],41,267,287,226,261
1,<environment.Job instance at 0x151abdfe8b40>,41,26,[2 9],42,289,315,247,286
1,<environment.Job instance at 0x151ae5b211e0>,31,16,[14  2],32,317,333,285,317
1,<environment.Job instance at 0x151ae5b21b90>,38,12,[ 1 12],39,327,339,288,327
1,<environment.Job instance at 0x151abdfe8730>,44,2,[12  2],45,335,337,290,335
1,<environment.Job instance at 0x151abdfe89b0>,45,23,[1 7],46,339,362,293,335
1,<environment.Job instance at 0x151abdfe8550>,46,12,[1 8],47,355,367,308,355
1,<environment.Job instance at 0x151abdfe8820>,48,26,[8 1],49,362,388,313,359
1,<environment.Job instance at 0x151abdfe8280>,49,19,[6 2],50,362,381,312,360
1,<environment.Job instance at 0x151ae1126a50>,50,2,[ 2 12],51,381,383,330,369
1,<environment.Job instance at 0x151ae11266e0>,51,1,[11  2],52,388,389,336,369
1,<environment.Job instance at 0x151ae5b21050>,21,14,[ 1 11],22,394,408,372,394
1,<environment.Job instance at 0x151abdfe85f0>,43,2,[ 2 12],44,408,410,364,401
1,<environment.Job instance at 0x151ae1126d20>,54,17,[ 2 13],55,410,427,355,407
1,<environment.Job instance at 0x151ae1126dc0>,55,3,[11  2],56,410,413,354,410
1,<environment.Job instance at 0x151ae1126780>,56,23,[13  1],57,413,436,356,410
1,<environment.Job instance at 0x151ae1126140>,57,25,[ 2 14],58,427,452,369,423
1,<environment.Job instance at 0x151ae1126e60>,58,27,[ 2 14],59,452,479,393,450
1,<environment.Job instance at 0x151ae11260f0>,60,2,[9 2],61,479,481,418,474
1,<environment.Job instance at 0x151ae1126280>,61,22,[1 8],62,479,501,417,474
1,<environment.Job instance at 0x151abd190050>,64,3,[2 8],65,501,504,436,496
1,<environment.Job instance at 0x151ae11260a0>,53,2,[12  1],54,498,500,444,498
1,<environment.Job instance at 0x151abd1909b0>,66,24,[ 2 13],67,504,528,437,499
1,<environment.Job instance at 0x151ae0843cd0>,67,12,[13  2],68,520,532,452,520
1,<environment.Job instance at 0x151ae0843a00>,69,25,[ 2 11],70,528,553,458,524
1,<environment.Job instance at 0x151ae0843be0>,70,2,[ 1 11],71,553,555,482,529
1,<environment.Job instance at 0x151ae0843e10>,71,2,[ 1 12],72,555,557,483,531
1,<environment.Job instance at 0x151ae0843aa0>,72,27,[14  1],73,553,580,480,551
1,<environment.Job instance at 0x151ae0843f50>,73,1,[ 1 14],74,569,570,495,569
1,<environment.Job instance at 0x151ae0843d70>,76,1,[1 6],77,570,571,493,569
1,<environment.Job instance at 0x151ae0843c30>,77,17,[7 2],78,580,597,502,572
1,<environment.Job instance at 0x151ae08437d0>,68,2,[ 1 11],69,575,577,506,575
1,<environment.Job instance at 0x151ae08430f0>,78,2,[ 2 13],79,584,586,505,584
1,<environment.Job instance at 0x151ae06c3190>,80,17,[12  1],81,597,614,516,585
1,<environment.Job instance at 0x151ae06c36e0>,82,24,[ 2 10],83,586,610,503,585
1,<environment.Job instance at 0x151ae06c3a50>,84,24,[1 9],85,610,634,525,605
1,<environment.Job instance at 0x151ae06c3a00>,85,22,[6 1],86,614,636,528,608
1,<environment.Job instance at 0x151ae06c3b40>,87,26,[ 2 14],88,634,660,546,631
1,<environment.Job instance at 0x151ae7049f50>,90,24,[2 8],91,660,684,569,655
1,<environment.Job instance at 0x151ae7049050>,91,27,[8 1],92,655,682,563,655
1,<environment.Job instance at 0x151ae7049870>,93,18,[ 2 12],94,684,702,590,678
1,<environment.Job instance at 0x151ae70499b0>,94,24,[14  2],95,702,726,607,697
1,<environment.Job instance at 0x151ae70490f0>,95,25,[2 8],96,726,751,630,722
1,<environment.Job instance at 0x151ae7049e60>,98,15,[5 1],99,726,741,627,724
1,<environment.Job instance at 0x151ae7049320>,100,27,[ 2 13],101,751,778,650,749
1,<environment.Job instance at 0x151ae7049af0>,101,25,[6 2],102,749,774,647,749
1,<environment.Job instance at 0x151ae7049cd0>,102,16,[13  2],103,774,790,671,773
1,<environment.Job instance at 0x151ae7049c80>,103,27,[ 2 13],104,778,805,674,777
1,<environment.Job instance at 0x151ae06c3d20>,81,2,[11  2],82,790,792,708,781
1,<environment.Job instance at 0x151ae70495a0>,105,25,[ 1 12],106,805,830,699,801
1,<environment.Job instance at 0x151ae7049e10>,104,20,[14  1],105,805,825,700,804
1,<environment.Job instance at 0x151ae7049fa0>,107,3,[ 2 13],108,830,833,722,826
1,<environment.Job instance at 0x151ae7049780>,108,24,[ 1 10],109,833,857,724,831
1,<environment.Job instance at 0x151ae05eb870>,109,20,[12  1],110,837,857,727,837
1,<environment.Job instance at 0x151ae05eba50>,110,21,[ 1 12],111,857,878,746,853
1,<environment.Job instance at 0x151ae05eb1e0>,111,21,[14  1],112,857,878,745,856
1,<environment.Job instance at 0x151ae05eb730>,112,22,[ 1 12],113,878,900,765,871
1,<environment.Job instance at 0x151abdb5d280>,114,23,[ 2 12],115,900,923,785,894
1,<environment.Job instance at 0x151abdb5d820>,116,25,[ 1 11],117,923,948,806,919
1,<environment.Job instance at 0x151abdb5d370>,117,26,[8 1],118,919,945,801,919
1,<environment.Job instance at 0x151abdb5db40>,119,20,[ 1 12],120,948,968,828,943
1,<environment.Job instance at 0x151abdb5d960>,120,24,[ 2 12],121,968,992,847,963
1,<environment.Job instance at 0x151abdb5deb0>,121,1,[ 2 14],122,992,993,870,990
1,<environment.Job instance at 0x151abdb5dd20>,122,26,[9 1],123,990,1016,867,990
1,<environment.Job instance at 0x151abdb5d050>,124,20,[1 7],125,1001,1021,876,1001
1,<environment.Job instance at 0x151abdb5d5a0>,125,25,[12  1],126,1016,1041,890,1012
1,<environment.Job instance at 0x151abdb5dd70>,126,22,[ 2 11],127,1021,1043,894,1015
1,<environment.Job instance at 0x151abd30d410>,128,28,[ 1 14],129,1043,1071,914,1042
1,<environment.Job instance at 0x151abd30da00>,129,2,[ 2 13],130,1071,1073,941,1044
1,<environment.Job instance at 0x151abd30dbe0>,130,24,[5 2],131,1071,1095,940,1066
1,<environment.Job instance at 0x151abd30daa0>,131,18,[8 2],132,1073,1091,941,1067
1,<environment.Job instance at 0x151abd30d780>,133,27,[ 1 14],134,1095,1122,961,1093
1,<environment.Job instance at 0x151abd30d4b0>,134,24,[ 2 14],135,1122,1146,987,1117
1,<environment.Job instance at 0x151abd30d910>,135,20,[14  1],136,1146,1166,1010,1138
1,<environment.Job instance at 0x151abd30de60>,136,27,[6 1],137,1166,1193,1029,1164
1,<environment.Job instance at 0x151abd30daf0>,137,28,[12  1],138,1193,1221,1055,1192
1,<environment.Job instance at 0x151ae70491e0>,106,14,[13  1],107,1221,1235,1114,1207
1,<environment.Job instance at 0x151abd30d280>,138,20,[13  2],139,1235,1255,1096,1226
1,<environment.Job instance at 0x151abd30de10>,140,19,[1 6],141,1226,1245,1085,1226
1,<environment.Job instance at 0x151abd30df50>,142,28,[ 1 11],143,1245,1273,1102,1244
1,<environment.Job instance at 0x151abd30d230>,139,21,[12  1],140,1255,1276,1115,1248
1,<environment.Job instance at 0x151abd892e60>,147,17,[ 1 14],148,1274,1291,1126,1274
1,<environment.Job instance at 0x151abd892780>,148,15,[14  1],160,1284,1299,1124,1284
1,<environment.Job instance at 0x151abd8926e0>,149,23,[ 1 12],161,1291,1314,1130,1285
1,<environment.Job instance at 0x151abd4fac80>,150,21,[ 1 13],164,1314,1335,1150,1311
1,<environment.Job instance at 0x151abdfe87d0>,42,13,[ 2 12],43,1335,1348,1292,1329
1,<environment.Job instance at 0x151adecf1e60>,146,13,[ 1 11],147,1381,1394,1234,1381
1,<environment.Job instance at 0x151ae5b217d0>,28,13,[12  1],29,1411,1424,1382,1411
1,<environment.Job instance at 0x151ae11265f0>,52,13,[ 2 14],53,1876,1889,1823,1876
1,<environment.Job instance at 0x151adfd943c0>,0,21,[11  2],1,1,22,0,1
1,<environment.Job instance at 0x151abd85d230>,2,21,[2 5],3,7,28,4,7
1,<environment.Job instance at 0x151ae0e92640>,7,24,[ 1 10],8,22,46,14,17
1,<environment.Job instance at 0x151abdb9dbe0>,9,3,[ 2 12],10,46,49,36,29
1,<environment.Job instance at 0x151ae0e92e60>,8,22,[ 1 14],9,49,71,40,42
1,<environment.Job instance at 0x151abdb9df00>,10,15,[14  1],11,49,64,38,46
1,<environment.Job instance at 0x151ae0e5e640>,13,22,[ 2 13],14,71,93,57,64
1,<environment.Job instance at 0x151ae0e5e460>,14,26,[ 2 11],15,93,119,78,90
1,<environment.Job instance at 0x151adecbbaa0>,3,2,[ 1 14],4,119,121,115,101
1,<environment.Job instance at 0x151ae0e5e960>,17,19,[ 2 13],18,121,140,103,117
1,<environment.Job instance at 0x151ae0e5ee10>,19,18,[13  1],20,134,152,114,134
1,<environment.Job instance at 0x151ae0e5ec30>,21,26,[2 9],22,140,166,118,137
1,<environment.Job instance at 0x151ae0e5e3c0>,11,3,[14  1],12,166,169,154,146
1,<environment.Job instance at 0x151ae0e5b910>,23,24,[2 5],24,169,193,145,165
1,<environment.Job instance at 0x151ae0e5e870>,16,13,[13  2],17,169,182,152,169
1,<environment.Job instance at 0x151ae0e5b370>,27,21,[12  1],28,182,203,154,178
1,<environment.Job instance at 0x151ae0e5b0a0>,28,24,[ 1 14],29,193,217,164,188
1,<environment.Job instance at 0x151ae0e5b190>,29,15,[2 6],30,217,232,187,211
1,<environment.Job instance at 0x151ae0e5bf00>,30,3,[ 1 13],31,232,235,201,216
1,<environment.Job instance at 0x151ae0e5bc30>,32,28,[12  1],33,216,244,183,216
1,<environment.Job instance at 0x151ae0e5b050>,33,22,[ 2 12],34,235,257,201,228
1,<environment.Job instance at 0x151ae0e73fa0>,36,12,[13  1],37,258,270,221,258
1,<environment.Job instance at 0x151ae0e73aa0>,37,26,[14  2],38,270,296,232,267
1,<environment.Job instance at 0x151ae0e73f00>,38,16,[ 1 13],39,295,311,256,295
1,<environment.Job instance at 0x151ae0e73c80>,40,16,[8 2],41,297,313,256,297
1,<environment.Job instance at 0x151ae0e731e0>,42,26,[7 2],43,311,337,268,308
1,<environment.Job instance at 0x151ae0e736e0>,43,17,[1 5],44,313,330,269,309
1,<environment.Job instance at 0x151ae0e73dc0>,44,25,[ 1 11],45,330,355,285,326
1,<environment.Job instance at 0x151ae0e57370>,45,25,[2 7],46,355,380,309,351
1,<environment.Job instance at 0x151ae0e578c0>,46,21,[ 2 14],47,380,401,333,372
1,<environment.Job instance at 0x151ae0e575a0>,49,19,[ 1 10],50,401,420,351,392
1,<environment.Job instance at 0x151ae0e57be0>,50,26,[ 2 14],51,420,446,369,417
1,<environment.Job instance at 0x151ae0e57eb0>,52,23,[ 1 13],53,446,469,393,440
1,<environment.Job instance at 0x151ae0e57280>,53,26,[5 2],54,446,472,392,443
1,<environment.Job instance at 0x151ae0e57640>,54,28,[11  2],55,472,500,417,471
1,<environment.Job instance at 0x151abdb97c30>,55,22,[1 8],56,471,493,415,471
1,<environment.Job instance at 0x151ae0e657d0>,56,20,[ 1 13],57,493,513,436,486
1,<environment.Job instance at 0x151ae0e655a0>,57,28,[6 2],58,500,528,442,499
1,<environment.Job instance at 0x151ae0e75640>,58,27,[8 2],59,513,540,454,511
1,<environment.Job instance at 0x151ae0e7edc0>,59,25,[10  2],60,540,565,480,536
1,<environment.Job instance at 0x151ae0e7e8c0>,60,3,[14  1],61,565,568,504,553
1,<environment.Job instance at 0x151ae0e7e500>,61,25,[ 2 10],62,568,593,506,564
1,<environment.Job instance at 0x151ae0e7e6e0>,63,2,[1 6],64,593,595,529,572
1,<environment.Job instance at 0x151ae0e920a0>,6,18,[14  2],7,593,611,586,587
1,<environment.Job instance at 0x151ae0e5e500>,20,3,[ 2 12],21,637,640,616,637
1,<environment.Job instance at 0x151ae0e5b460>,31,14,[ 2 14],32,646,660,614,646
1,<environment.Job instance at 0x151abd81de10>,69,25,[ 2 14],70,660,685,590,656
1,<environment.Job instance at 0x151abd7b5550>,72,15,[10  2],73,685,700,612,681
1,<environment.Job instance at 0x151abd7b5aa0>,73,28,[2 8],74,685,713,611,684
1,<environment.Job instance at 0x151ae0e72b40>,64,15,[ 1 14],65,713,728,648,705
1,<environment.Job instance at 0x151ae0e95280>,76,22,[ 1 13],77,728,750,651,722
1,<environment.Job instance at 0x151abd81d870>,68,2,[12  1],69,758,760,689,758
1,<environment.Job instance at 0x151abd847280>,79,24,[ 1 11],80,760,784,680,760
1,<environment.Job instance at 0x151abd7d7050>,75,15,[ 2 13],76,784,799,708,771
1,<environment.Job instance at 0x151abd805be0>,81,23,[11  1],82,783,806,701,783
1,<environment.Job instance at 0x151abd805aa0>,80,27,[ 1 12],81,799,826,718,797
1,<environment.Job instance at 0x151abd805b90>,82,19,[9 1],83,806,825,723,799
1,<environment.Job instance at 0x151abd805960>,87,26,[ 2 12],88,826,852,738,823
1,<environment.Job instance at 0x151abd805190>,90,20,[9 1],91,844,864,753,844
1,<environment.Job instance at 0x151abd8052d0>,91,1,[ 2 13],92,852,853,760,851
1,<environment.Job instance at 0x151abd82f280>,92,22,[ 1 12],93,853,875,760,851
1,<environment.Job instance at 0x151abd805280>,86,12,[12  1],87,870,882,783,870
1,<environment.Job instance at 0x151abd82f8c0>,94,28,[ 2 14],95,875,903,780,874
1,<environment.Job instance at 0x151abd82f780>,96,22,[ 1 14],97,903,925,806,899
1,<environment.Job instance at 0x151abd82fe10>,99,24,[7 2],100,925,949,825,920
1,<environment.Job instance at 0x151abd82fd20>,100,23,[2 7],101,925,948,824,921
1,<environment.Job instance at 0x151abd82f640>,101,19,[ 2 11],102,948,967,846,942
1,<environment.Job instance at 0x151abd82fe60>,103,26,[ 2 11],104,967,993,863,964
1,<environment.Job instance at 0x151abd82fb90>,104,12,[11  2],105,965,977,860,965
1,<environment.Job instance at 0x151ae0e958c0>,77,13,[ 2 11],78,1001,1014,923,1001
1,<environment.Job instance at 0x151abd82ff00>,108,23,[14  1],109,1014,1037,905,1008
1,<environment.Job instance at 0x151abd81cf00>,110,22,[ 1 12],111,1014,1036,903,1011
1,<environment.Job instance at 0x151abd82f140>,93,18,[ 1 14],94,1036,1054,942,1034
1,<environment.Job instance at 0x151abd81c8c0>,112,1,[ 1 14],113,1054,1055,941,1037
1,<environment.Job instance at 0x151abd82f960>,107,14,[12  2],108,1057,1071,949,1057
1,<environment.Job instance at 0x151abd81ca50>,114,3,[ 2 13],115,1064,1067,949,1064
1,<environment.Job instance at 0x151abd822230>,116,13,[2 8],117,1069,1082,952,1069
1,<environment.Job instance at 0x151abd822aa0>,117,17,[13  2],118,1078,1095,960,1078
1,<environment.Job instance at 0x151abd822050>,118,14,[12  2],119,1105,1119,986,1105
1,<environment.Job instance at 0x151abd822d70>,119,2,[6 2],120,1119,1121,999,1107
1,<environment.Job instance at 0x151abd822280>,120,28,[ 2 13],121,1107,1135,986,1107
1,<environment.Job instance at 0x151abd822140>,115,14,[14  1],116,1135,1149,1019,1127
1,<environment.Job instance at 0x151abd822b40>,121,23,[ 1 12],122,1135,1158,1013,1132
1,<environment.Job instance at 0x151abd8161e0>,122,24,[13  1],123,1149,1173,1026,1144
1,<environment.Job instance at 0x151abd7e56e0>,126,26,[ 2 10],127,1158,1184,1031,1157
1,<environment.Job instance at 0x151abd7e5140>,128,24,[ 1 12],129,1184,1208,1055,1179
1,<environment.Job instance at 0x151abd7dc550>,129,21,[13  1],130,1179,1200,1049,1179
1,<environment.Job instance at 0x151abd7dc7d0>,130,1,[9 2],131,1200,1201,1069,1189
1,<environment.Job instance at 0x151abd7dc5f0>,131,26,[1 9],132,1208,1234,1076,1205
1,<environment.Job instance at 0x151abd7dcaf0>,133,19,[8 1],134,1222,1241,1088,1222
1,<environment.Job instance at 0x151abd7dcaa0>,132,22,[ 1 14],133,1234,1256,1101,1227
1,<environment.Job instance at 0x151abd82c0a0>,134,2,[5 2],135,1256,1258,1121,1248
1,<environment.Job instance at 0x151abd82cf00>,137,23,[1 7],138,1256,1279,1118,1250
1,<environment.Job instance at 0x151abd82ce10>,138,18,[8 2],139,1256,1274,1117,1253
1,<environment.Job instance at 0x151abd8012d0>,140,25,[ 2 12],141,1279,1304,1138,1275
1,<environment.Job instance at 0x151abd801550>,143,28,[12  2],144,1293,1321,1149,1293
1,<environment.Job instance at 0x151abd8017d0>,145,20,[ 1 11],148,1313,1333,1165,1313
1,<environment.Job instance at 0x151abd801820>,146,3,[ 2 12],166,1333,1336,1167,1320
1,<environment.Job instance at 0x151abd801050>,139,16,[14  2],140,1377,1393,1237,1377
1,<environment.Job instance at 0x151abd81c280>,111,2,[ 1 11],112,1397,1399,1285,1397
1,<environment.Job instance at 0x151abd81daa0>,67,19,[ 2 13],68,1402,1421,1334,1402
1,<environment.Job instance at 0x151ae0e5b4b0>,25,14,[ 2 14],26,1440,1454,1414,1440
1,<environment.Job instance at 0x151abda90d70>,0,28,[2 5],1,1,29,0,1
1,<environment.Job instance at 0x151abdb97e10>,4,24,[ 2 14],5,29,53,24,24
1,<environment.Job instance at 0x151abdb975a0>,11,23,[ 1 12],12,53,76,41,47
1,<environment.Job instance at 0x151ae0e5b0f0>,3,23,[14  1],4,53,76,49,48
1,<environment.Job instance at 0x151abdb97f50>,12,22,[2 5],13,76,98,63,71
1,<environment.Job instance at 0x151abdb97550>,13,28,[1 9],14,76,104,62,75
1,<environment.Job instance at 0x151abdb97eb0>,16,2,[14  1],17,98,100,81,78
1,<environment.Job instance at 0x151abdb97af0>,17,22,[ 1 12],18,104,126,86,97
1,<environment.Job instance at 0x151ae0e41910>,18,1,[11  2],19,100,101,81,97
1,<environment.Job instance at 0x151ae0e41e10>,20,27,[11  1],21,101,128,80,99
1,<environment.Job instance at 0x151ae0e41dc0>,22,23,[12  2],23,128,151,105,123
1,<environment.Job instance at 0x151abdb97780>,15,3,[13  1],16,151,154,135,132
1,<environment.Job instance at 0x151abda90cd0>,1,13,[13  2],2,154,167,152,146
1,<environment.Job instance at 0x151ae0e41780>,25,21,[ 1 10],26,146,167,120,146
1,<environment.Job instance at 0x151ae0e41140>,26,1,[ 2 12],27,167,168,140,148
1,<environment.Job instance at 0x151ae0e410a0>,24,1,[ 1 12],25,168,169,143,163
1,<environment.Job instance at 0x151ae0e41a50>,29,26,[11  1],30,167,193,137,164
1,<environment.Job instance at 0x151ae0e41190>,28,17,[ 1 12],29,169,186,140,164
1,<environment.Job instance at 0x151ae0e41be0>,31,24,[ 1 11],32,186,210,154,181
1,<environment.Job instance at 0x151ae0e41d20>,23,2,[ 2 13],24,210,212,186,183
1,<environment.Job instance at 0x151ae0e41960>,33,25,[ 1 14],34,212,237,178,208
1,<environment.Job instance at 0x151ae0e41500>,34,24,[8 2],35,237,261,202,232
1,<environment.Job instance at 0x151ae0e41b90>,32,19,[ 1 11],33,237,256,204,232
1,<environment.Job instance at 0x151ae0e41f00>,30,3,[ 1 12],31,256,259,225,256
1,<environment.Job instance at 0x151ae0e41eb0>,38,22,[7 1],39,259,281,220,256
1,<environment.Job instance at 0x151abd3ba910>,39,23,[8 1],40,261,284,221,256
1,<environment.Job instance at 0x151abd3ba140>,40,1,[11  2],41,284,285,243,260
1,<environment.Job instance at 0x151ae0e41550>,35,14,[ 2 13],36,281,295,245,278
1,<environment.Job instance at 0x151abd3ba460>,44,16,[7 2],45,285,301,240,285
1,<environment.Job instance at 0x151abd3ba050>,42,3,[ 1 11],43,295,298,252,292
1,<environment.Job instance at 0x151abd834af0>,45,1,[ 2 14],46,301,302,255,292
1,<environment.Job instance at 0x151abd834e10>,48,22,[1 7],49,302,324,253,296
1,<environment.Job instance at 0x151abd834a00>,49,27,[ 1 13],50,324,351,274,323
1,<environment.Job instance at 0x151abd834870>,50,27,[2 8],51,351,378,300,349
1,<environment.Job instance at 0x151abd834690>,46,17,[ 1 13],47,378,395,331,370
1,<environment.Job instance at 0x151abd8340f0>,52,22,[2 6],53,395,417,342,391
1,<environment.Job instance at 0x151abd834550>,53,2,[ 2 12],54,417,419,363,393
1,<environment.Job instance at 0x151abd8345f0>,54,25,[2 9],55,419,444,364,415
1,<environment.Job instance at 0x151abd834c30>,55,22,[11  1],56,416,438,360,416
1,<environment.Job instance at 0x151abd834730>,56,26,[ 2 11],57,444,470,387,441
1,<environment.Job instance at 0x151abd834b40>,51,2,[ 2 12],52,470,472,418,444
1,<environment.Job instance at 0x151abd8346e0>,58,17,[13  1],59,451,468,392,451
1,<environment.Job instance at 0x151abd834f50>,60,21,[12  1],61,468,489,407,460
1,<environment.Job instance at 0x151abd834be0>,62,27,[6 1],63,489,516,426,487
1,<environment.Job instance at 0x151abd834e60>,57,14,[12  1],58,516,530,458,507
1,<environment.Job instance at 0x151ae0e41820>,37,3,[14  1],38,530,533,492,513
1,<environment.Job instance at 0x151ae0e42e10>,65,28,[ 2 12],66,533,561,467,532
1,<environment.Job instance at 0x151ae0e42e60>,66,24,[10  2],67,533,557,466,533
1,<environment.Job instance at 0x151ae0e42a00>,64,21,[14  2],65,561,582,496,554
1,<environment.Job instance at 0x151ae0e42aa0>,69,3,[ 2 14],70,582,585,512,567
1,<environment.Job instance at 0x151ae0e42460>,70,21,[ 2 10],71,585,606,514,577
1,<environment.Job instance at 0x151ae0e429b0>,71,19,[12  1],72,582,601,510,578
1,<environment.Job instance at 0x151ae0e42280>,72,28,[ 2 14],73,606,634,533,606
1,<environment.Job instance at 0x151ae0e42190>,73,22,[ 1 12],74,634,656,560,627
1,<environment.Job instance at 0x151ae5ade6e0>,75,21,[ 1 14],76,656,677,580,648
1,<environment.Job instance at 0x151abd8344b0>,63,14,[12  2],64,677,691,613,669
1,<environment.Job instance at 0x151ae5ade640>,80,19,[ 2 10],81,691,710,610,691
1,<environment.Job instance at 0x151ae5aded20>,81,27,[ 1 14],82,710,737,628,708
1,<environment.Job instance at 0x151ae5adedc0>,82,23,[11  1],83,708,731,625,708
1,<environment.Job instance at 0x151ae5adef00>,84,3,[9 1],85,731,734,646,716
1,<environment.Job instance at 0x151abdb97d20>,9,16,[ 2 14],10,741,757,731,741
1,<environment.Job instance at 0x151ae5adeb40>,86,1,[ 1 14],87,759,760,672,759
1,<environment.Job instance at 0x151ae5ade370>,88,1,[12  2],89,760,761,671,760
1,<environment.Job instance at 0x151ae5ade0a0>,89,26,[1 6],90,761,787,671,761
1,<environment.Job instance at 0x151ae5ade5f0>,90,19,[13  1],91,763,782,672,763
1,<environment.Job instance at 0x151ae5ade320>,92,22,[10  2],93,782,804,689,777
1,<environment.Job instance at 0x151ae5ade5a0>,93,27,[ 1 13],94,787,814,693,786
1,<environment.Job instance at 0x151ae5ade460>,95,22,[ 1 13],96,814,836,718,807
1,<environment.Job instance at 0x151abdb88c30>,96,24,[ 1 10],97,836,860,739,831
1,<environment.Job instance at 0x151abdb88a00>,97,26,[12  1],98,832,858,734,832
1,<environment.Job instance at 0x151abdb887d0>,98,25,[5 1],99,858,883,759,856
1,<environment.Job instance at 0x151abdb885a0>,99,21,[13  1],100,883,904,783,875
1,<environment.Job instance at 0x151abdb88370>,102,28,[14  2],103,904,932,801,903
1,<environment.Job instance at 0x151abdb88550>,103,21,[13  1],104,932,953,828,924
1,<environment.Job instance at 0x151abdb88230>,104,21,[1 8],105,926,947,821,926
1,<environment.Job instance at 0x151abd3deaa0>,106,20,[ 1 11],107,947,967,840,945
1,<environment.Job instance at 0x151abd3de8c0>,107,16,[7 1],108,953,969,845,948
1,<environment.Job instance at 0x151abd3de370>,108,27,[7 2],109,953,980,844,951
1,<environment.Job instance at 0x151abd3deaf0>,109,26,[12  1],110,980,1006,870,977
1,<environment.Job instance at 0x151abd3deb90>,110,3,[ 1 13],111,989,992,878,989
1,<environment.Job instance at 0x151abd3de960>,111,26,[12  1],112,1006,1032,894,1003
1,<environment.Job instance at 0x151abd3dea00>,114,21,[14  1],115,1032,1053,917,1026
1,<environment.Job instance at 0x151ae0e42f00>,67,13,[ 2 13],68,1053,1066,985,1045
1,<environment.Job instance at 0x151abdb8d190>,117,1,[ 2 13],118,1066,1067,948,1065
1,<environment.Job instance at 0x151abd3de9b0>,115,18,[ 1 11],116,1067,1085,951,1067
1,<environment.Job instance at 0x151abdb8d460>,118,16,[ 2 13],119,1085,1101,966,1078
1,<environment.Job instance at 0x151abdb8d780>,121,27,[5 1],122,1079,1106,957,1079
1,<environment.Job instance at 0x151abdb8dfa0>,123,28,[7 1],124,1081,1109,957,1081
1,<environment.Job instance at 0x151abdb8db90>,125,20,[12  1],126,1109,1129,983,1101
1,<environment.Job instance at 0x151abdb8de10>,126,25,[2 8],127,1103,1128,976,1103
1,<environment.Job instance at 0x151abdb8d370>,120,17,[11  1],121,1129,1146,1008,1119
1,<environment.Job instance at 0x151ae5ade500>,87,15,[12  1],88,1147,1162,1059,1147
1,<environment.Job instance at 0x151abd3e5730>,129,1,[12  2],130,1162,1163,1032,1149
1,<environment.Job instance at 0x151abd3e5f50>,132,21,[13  1],133,1163,1184,1030,1155
1,<environment.Job instance at 0x151abd3e5320>,133,23,[11  1],134,1184,1207,1050,1178
1,<environment.Job instance at 0x151abd3e53c0>,134,26,[2 5],135,1178,1204,1043,1178
1,<environment.Job instance at 0x151abd3e5eb0>,135,1,[13  2],136,1207,1208,1071,1199
1,<environment.Job instance at 0x151abd3e8820>,136,28,[ 2 13],137,1204,1232,1067,1203
1,<environment.Job instance at 0x151abd3e8960>,138,17,[11  1],139,1215,1232,1076,1215
1,<environment.Job instance at 0x151abd3e8fa0>,139,2,[ 2 13],140,1232,1234,1092,1231
1,<environment.Job instance at 0x151ae5ade8c0>,77,12,[13  2],78,1237,1249,1159,1237
1,<environment.Job instance at 0x151abd3e8cd0>,142,28,[ 1 13],143,1237,1265,1094,1237
1,<environment.Job instance at 0x151abd3e8d70>,143,24,[2 8],144,1265,1289,1121,1260
1,<environment.Job instance at 0x151abd3e8910>,144,17,[11  1],145,1282,1299,1137,1282
1,<environment.Job instance at 0x151abd65ef50>,145,21,[14  2],147,1299,1320,1152,1292
1,<environment.Job instance at 0x151abd3e55a0>,130,15,[14  1],131,1320,1335,1189,1318
1,<environment.Job instance at 0x151abd7f7f50>,148,23,[10  1],150,1335,1358,1185,1329
1,<environment.Job instance at 0x151abd7f75a0>,150,23,[11  1],165,1358,1381,1193,1355
1,<environment.Job instance at 0x151abd385410>,151,28,[9 2],166,1381,1409,1215,1380
1,<environment.Job instance at 0x151abd3e5e10>,128,15,[14  1],129,1518,1533,1389,1518
1,<environment.Job instance at 0x151abd3e8b40>,141,12,[12  1],142,1682,1694,1540,1682
1,<environment.Job instance at 0x151abdb97a50>,14,13,[14  2],15,1737,1750,1722,1737
1,<environment.Job instance at 0x151abd6cf8c0>,0,25,[ 2 14],1,2,27,1,2
1,<environment.Job instance at 0x151abd837fa0>,4,28,[6 1],5,5,33,0,5
1,<environment.Job instance at 0x151abdb97a50>,3,25,[ 1 11],4,27,52,23,26
1,<environment.Job instance at 0x151abd837460>,8,27,[14  2],9,33,60,24,31
1,<environment.Job instance at 0x151abd837be0>,12,28,[14  2],13,60,88,47,59
1,<environment.Job instance at 0x151abd837550>,15,24,[7 1],16,88,112,72,84
1,<environment.Job instance at 0x151abd837690>,18,21,[8 1],19,88,109,69,86
1,<environment.Job instance at 0x151abd963280>,19,27,[ 2 11],20,109,136,89,107
1,<environment.Job instance at 0x151abd9638c0>,20,24,[7 2],21,112,136,91,107
1,<environment.Job instance at 0x151abd963910>,21,28,[ 1 12],22,136,164,114,135
1,<environment.Job instance at 0x151abd963820>,22,28,[9 1],23,136,164,113,135
1,<environment.Job instance at 0x151abd963050>,23,23,[1 8],24,164,187,140,158
1,<environment.Job instance at 0x151abd963730>,24,25,[13  2],25,164,189,139,160
1,<environment.Job instance at 0x151ae1166690>,25,21,[ 2 13],26,187,208,161,182
1,<environment.Job instance at 0x151ae1166dc0>,26,25,[10  1],27,189,214,162,185
1,<environment.Job instance at 0x151abd837780>,16,17,[14  1],17,214,231,197,208
1,<environment.Job instance at 0x151ae11669b0>,30,25,[11  2],31,231,256,200,227
1,<environment.Job instance at 0x151abd837910>,14,1,[ 2 13],15,231,232,216,229
1,<environment.Job instance at 0x151ae1166d70>,33,21,[8 2],34,256,277,222,248
1,<environment.Job instance at 0x151ae1166320>,34,1,[ 2 13],35,256,257,221,256
1,<environment.Job instance at 0x151ae11661e0>,35,18,[11  2],36,277,295,241,268
1,<environment.Job instance at 0x151ae1166780>,36,22,[1 6],37,269,291,232,269
1,<environment.Job instance at 0x151ae1166050>,32,21,[ 1 14],33,295,316,262,288
1,<environment.Job instance at 0x151ae1166fa0>,39,1,[1 7],40,316,317,276,296
1,<environment.Job instance at 0x151abd8370a0>,11,18,[ 2 11],12,317,335,305,313
1,<environment.Job instance at 0x151ae1166460>,42,18,[12  1],43,316,334,273,316
1,<environment.Job instance at 0x151abd2a7eb0>,45,21,[12  2],46,334,355,288,326
1,<environment.Job instance at 0x151abd2a7b90>,46,14,[ 1 12],47,335,349,288,329
1,<environment.Job instance at 0x151abd2a7780>,48,24,[11  1],49,355,379,306,351
1,<environment.Job instance at 0x151abd2a7e10>,49,27,[8 1],50,379,406,329,377
1,<environment.Job instance at 0x151abd2a7370>,50,28,[13  2],51,406,434,355,405
1,<environment.Job instance at 0x151abd2a7cd0>,51,24,[7 2],52,434,458,382,429
1,<environment.Job instance at 0x151abd2a7460>,52,28,[10  1],53,458,486,405,457
1,<environment.Job instance at 0x151abd2a7d70>,53,1,[13  1],54,486,487,432,459
1,<environment.Job instance at 0x151ae11668c0>,41,16,[ 2 11],42,474,490,432,474
1,<environment.Job instance at 0x151abdd94500>,56,21,[ 1 11],57,490,511,433,485
1,<environment.Job instance at 0x151abdd942d0>,59,24,[9 2],60,487,511,427,486
1,<environment.Job instance at 0x151abd2a7fa0>,54,14,[11  2],55,530,544,475,530
1,<environment.Job instance at 0x151abdd94640>,61,18,[ 2 13],62,531,549,469,531
1,<environment.Job instance at 0x151abdd94a50>,62,1,[13  1],63,544,545,481,538
1,<environment.Job instance at 0x151abdd94230>,63,3,[14  1],64,549,552,485,538
1,<environment.Job instance at 0x151abdd945f0>,64,25,[ 1 11],65,549,574,484,545
1,<environment.Job instance at 0x151abdd94d70>,66,23,[14  2],67,552,575,485,547
1,<environment.Job instance at 0x151abdd94c30>,67,1,[12  1],68,575,576,507,550
1,<environment.Job instance at 0x151abdd94140>,68,23,[10  2],69,576,599,507,570
1,<environment.Job instance at 0x151ae1166870>,37,16,[ 2 11],38,577,593,539,577
1,<environment.Job instance at 0x151abdd94e60>,70,19,[14  2],71,599,618,528,590
1,<environment.Job instance at 0x151abdd94aa0>,69,3,[ 1 12],70,606,609,536,606
1,<environment.Job instance at 0x151abdd94730>,72,17,[ 1 11],73,615,632,542,615
1,<environment.Job instance at 0x151abdd94fa0>,73,15,[12  1],74,618,633,544,615
1,<environment.Job instance at 0x151ae4aa1cd0>,75,26,[13  2],76,633,659,557,630
1,<environment.Job instance at 0x151ae4aa1d70>,74,18,[ 1 12],75,633,651,558,633
1,<environment.Job instance at 0x151ae4aa13c0>,77,12,[9 2],78,659,671,581,644
1,<environment.Job instance at 0x151ae4aa1500>,78,23,[6 2],79,659,682,580,653
1,<environment.Job instance at 0x151ae4aa1230>,80,26,[14  2],81,682,708,601,679
1,<environment.Job instance at 0x151ae4aa1190>,81,25,[6 2],82,708,733,626,704
1,<environment.Job instance at 0x151ae4aa1370>,82,25,[ 2 10],83,708,733,625,704
1,<environment.Job instance at 0x151ae4aa1a00>,83,20,[ 1 13],84,733,753,649,728
1,<environment.Job instance at 0x151ae4aa1c80>,84,1,[ 1 12],85,753,754,668,744
1,<environment.Job instance at 0x151ae5410e10>,85,1,[ 1 14],86,754,755,668,747
1,<environment.Job instance at 0x151ae54100a0>,86,20,[1 5],87,755,775,668,751
1,<environment.Job instance at 0x151ae5410f00>,87,21,[12  2],88,755,776,667,752
1,<environment.Job instance at 0x151ae54106e0>,88,1,[2 6],89,755,756,666,753
1,<environment.Job instance at 0x151ae54103c0>,90,27,[5 2],91,776,803,685,774
1,<environment.Job instance at 0x151ae5410500>,91,1,[ 2 10],92,775,776,683,775
1,<environment.Job instance at 0x151ae5410640>,92,20,[ 1 11],93,776,796,683,775
1,<environment.Job instance at 0x151ae5410280>,93,2,[ 1 14],94,803,805,709,786
1,<environment.Job instance at 0x151abdd94550>,60,16,[ 1 13],61,805,821,744,797
1,<environment.Job instance at 0x151ae5410c80>,95,17,[14  2],96,805,822,709,802
1,<environment.Job instance at 0x151ae54101e0>,94,19,[ 1 11],95,821,840,726,821
1,<environment.Job instance at 0x151ae54105f0>,96,3,[12  1],97,826,829,729,826
1,<environment.Job instance at 0x151ae54105a0>,98,1,[2 6],99,840,841,741,828
1,<environment.Job instance at 0x151ae5410f50>,100,27,[12  1],101,829,856,728,828
1,<environment.Job instance at 0x151ae5410370>,101,26,[14  1],102,856,882,754,853
1,<environment.Job instance at 0x151ae5410870>,102,2,[14  1],103,882,884,779,874
1,<environment.Job instance at 0x151ae5410aa0>,103,18,[12  2],104,884,902,780,874
1,<environment.Job instance at 0x151abd968550>,104,2,[12  1],105,902,904,797,877
1,<environment.Job instance at 0x151abd968460>,105,3,[ 1 12],106,880,883,774,880
1,<environment.Job instance at 0x151abd968fa0>,106,21,[ 1 14],107,902,923,795,894
1,<environment.Job instance at 0x151abd80ba00>,107,22,[11  1],108,904,926,796,898
1,<environment.Job instance at 0x151abd80bbe0>,110,16,[12  2],111,926,942,815,918
1,<environment.Job instance at 0x151ae5410fa0>,97,18,[ 1 14],98,945,963,847,945
1,<environment.Job instance at 0x151abd80b500>,114,23,[12  1],115,945,968,830,945
1,<environment.Job instance at 0x151abd80b550>,115,24,[ 2 13],116,963,987,847,958
1,<environment.Job instance at 0x151abd80bd20>,116,2,[12  1],117,978,980,861,978
1,<environment.Job instance at 0x151abd80b190>,117,19,[12  1],118,981,1000,863,981
1,<environment.Job instance at 0x151abd80b960>,118,3,[7 1],119,1000,1003,881,984
1,<environment.Job instance at 0x151abd80b0a0>,119,2,[5 2],120,1000,1002,880,987
1,<environment.Job instance at 0x151ae4aa1d20>,76,12,[ 2 14],77,1002,1014,925,990
1,<environment.Job instance at 0x151abd80b0f0>,121,28,[12  2],122,1014,1042,892,1013
1,<environment.Job instance at 0x151abd80b870>,122,26,[2 8],123,1014,1040,891,1013
1,<environment.Job instance at 0x151ae1177690>,125,28,[1 5],126,1016,1044,890,1016
1,<environment.Job instance at 0x151ae1177e10>,126,1,[ 2 11],127,1044,1045,917,1031
1,<environment.Job instance at 0x151ae0609e10>,129,3,[ 1 11],130,1045,1048,915,1038
1,<environment.Job instance at 0x151ae0609280>,130,20,[14  1],131,1045,1065,914,1039
1,<environment.Job instance at 0x151ae11778c0>,128,1,[ 1 12],129,1048,1049,919,1048
1,<environment.Job instance at 0x151ae06095f0>,132,25,[1 7],133,1049,1074,916,1048
1,<environment.Job instance at 0x151abd80b910>,113,14,[12  2],114,1065,1079,951,1054
1,<environment.Job instance at 0x151ae0609870>,134,2,[ 1 12],135,1074,1076,939,1062
1,<environment.Job instance at 0x151ae11660f0>,29,13,[ 2 11],30,1076,1089,1046,1064
1,<environment.Job instance at 0x151abd616820>,137,25,[ 1 12],138,1089,1114,951,1085
1,<environment.Job instance at 0x151abdb20460>,138,2,[14  1],139,1089,1091,950,1089
1,<environment.Job instance at 0x151abdb205a0>,139,23,[11  1],140,1091,1114,951,1090
1,<environment.Job instance at 0x151abdb203c0>,140,27,[14  2],141,1114,1141,973,1112
1,<environment.Job instance at 0x151abdb20aa0>,141,25,[ 2 13],142,1141,1166,999,1137
1,<environment.Job instance at 0x151abdb20960>,142,28,[5 2],143,1141,1169,998,1140
1,<environment.Job instance at 0x151ae0609910>,133,3,[ 1 14],134,1169,1172,1035,1163
1,<environment.Job instance at 0x151abdb200f0>,145,25,[5 1],161,1166,1191,1005,1165
1,<environment.Job instance at 0x151abd837af0>,9,3,[12  2],10,1198,1201,1188,1198
1,<environment.Job instance at 0x151abdb20c80>,143,13,[14  2],144,1213,1226,1069,1213
1,<environment.Job instance at 0x151ae0609960>,131,15,[ 1 12],132,1235,1250,1103,1235
1,<environment.Job instance at 0x151ae0e67960>,136,12,[ 1 13],137,1469,1481,1332,1469
1,<environment.Job instance at 0x151ae7082f50>,0,27,[ 1 12],1,1,28,0,1
1,<environment.Job instance at 0x151ae0e67960>,3,21,[13  1],4,4,25,0,4
1,<environment.Job instance at 0x151ae06cae10>,5,23,[11  1],6,25,48,19,25
1,<environment.Job instance at 0x151ae06a8320>,8,27,[ 1 14],9,28,55,19,27
1,<environment.Job instance at 0x151ae06a8dc0>,10,25,[ 2 10],11,55,80,44,52
1,<environment.Job instance at 0x151ae06a8f00>,11,26,[14  1],12,80,106,68,78
1,<environment.Job instance at 0x151ae06a8be0>,7,21,[ 1 12],8,82,103,74,82
1,<environment.Job instance at 0x151ae06a8fa0>,15,23,[9 2],16,106,129,90,100
1,<environment.Job instance at 0x151ae06a88c0>,16,1,[7 1],17,129,130,112,107
1,<environment.Job instance at 0x151ae080c320>,17,23,[8 2],18,129,152,111,123
1,<environment.Job instance at 0x151ae06a8730>,14,18,[12  2],15,152,170,137,147
1,<environment.Job instance at 0x151ae080cd20>,19,1,[11  2],20,170,171,150,155
1,<environment.Job instance at 0x151ae06a05f0>,20,23,[14  2],21,171,194,150,165
1,<environment.Job instance at 0x151ae06930a0>,25,26,[6 2],26,194,220,168,191
1,<environment.Job instance at 0x151ae06a0730>,26,22,[2 8],27,194,216,167,192
1,<environment.Job instance at 0x151ae080cd70>,18,15,[13  1],19,220,235,201,211
1,<environment.Job instance at 0x151ae0693280>,28,18,[2 5],29,215,233,186,215
1,<environment.Job instance at 0x151abdcb3be0>,29,24,[9 1],30,235,259,205,230
1,<environment.Job instance at 0x151abd694eb0>,30,20,[6 2],31,235,255,204,232
1,<environment.Job instance at 0x151abdce07d0>,31,20,[14  2],32,259,279,227,250
1,<environment.Job instance at 0x151abde9fc80>,32,27,[1 7],33,255,282,222,253
1,<environment.Job instance at 0x151ae0693320>,33,25,[2 6],34,279,304,245,275
1,<environment.Job instance at 0x151abde9f910>,34,3,[12  2],35,303,306,268,303
1,<environment.Job instance at 0x151abdcdbcd0>,35,28,[ 1 12],36,304,332,268,303
1,<environment.Job instance at 0x151abdcdb820>,36,27,[ 1 13],37,332,359,295,330
1,<environment.Job instance at 0x151abdcdb960>,37,21,[2 8],38,359,380,321,355
1,<environment.Job instance at 0x151abdcdbdc0>,38,22,[14  1],39,380,402,341,373
1,<environment.Job instance at 0x151abd678eb0>,39,26,[8 2],40,402,428,362,399
1,<environment.Job instance at 0x151abd678230>,40,22,[1 7],41,399,421,358,399
1,<environment.Job instance at 0x151abd6a3b90>,41,19,[ 1 13],42,421,440,379,412
1,<environment.Job instance at 0x151abd683690>,43,3,[2 8],44,440,443,396,432
1,<environment.Job instance at 0x151abde949b0>,44,16,[5 2],45,435,451,390,435
1,<environment.Job instance at 0x151abd6835a0>,46,24,[5 1],47,440,464,393,435
1,<environment.Job instance at 0x151abd69d640>,48,15,[2 5],49,449,464,400,449
1,<environment.Job instance at 0x151abde85500>,49,27,[ 2 11],50,464,491,414,462
1,<environment.Job instance at 0x151abd69d5a0>,50,23,[ 1 12],51,491,514,440,485
1,<environment.Job instance at 0x151ae06c5780>,52,25,[12  1],53,489,514,436,489
1,<environment.Job instance at 0x151ae0690c30>,54,27,[12  1],55,514,541,459,512
1,<environment.Job instance at 0x151abde81320>,56,20,[10  1],57,541,561,484,532
1,<environment.Job instance at 0x151abde811e0>,57,27,[2 8],58,532,559,474,532
1,<environment.Job instance at 0x151abde81be0>,58,19,[2 9],59,559,578,500,550
1,<environment.Job instance at 0x151abde81230>,59,24,[10  2],60,561,585,501,558
1,<environment.Job instance at 0x151abdea7b90>,27,15,[ 1 12],28,594,609,566,594
1,<environment.Job instance at 0x151abdea4780>,61,2,[ 1 12],62,614,616,552,614
1,<environment.Job instance at 0x151abdea4640>,62,17,[11  2],63,615,632,552,615
1,<environment.Job instance at 0x151abdea4a50>,64,2,[11  1],65,632,634,567,620
1,<environment.Job instance at 0x151abdea4870>,65,19,[12  2],66,634,653,568,624
1,<environment.Job instance at 0x151abdea4320>,66,2,[12  2],67,657,659,590,657
1,<environment.Job instance at 0x151abdea45f0>,60,14,[ 1 13],61,661,675,600,661
1,<environment.Job instance at 0x151abdea4dc0>,69,26,[10  1],70,661,687,591,661
1,<environment.Job instance at 0x151abdea4fa0>,70,25,[ 1 14],71,675,700,604,673
1,<environment.Job instance at 0x151abdea4910>,71,23,[12  1],72,692,715,620,692
1,<environment.Job instance at 0x151abdea4820>,72,27,[ 1 13],73,700,727,627,700
1,<environment.Job instance at 0x151abdea4190>,73,19,[13  1],74,715,734,641,711
1,<environment.Job instance at 0x151abde76f50>,74,14,[13  2],75,734,748,659,728
1,<environment.Job instance at 0x151abde76e10>,76,23,[1 8],77,736,759,659,736
1,<environment.Job instance at 0x151abde902d0>,78,24,[ 2 14],79,759,783,680,754
1,<environment.Job instance at 0x151abde90140>,79,21,[14  2],80,783,804,703,775
1,<environment.Job instance at 0x151abde901e0>,81,21,[14  2],82,804,825,722,797
1,<environment.Job instance at 0x151ae5a2fb90>,1,13,[ 2 14],2,825,838,823,825
1,<environment.Job instance at 0x151ae06a8e60>,9,3,[ 1 13],10,838,841,828,829
1,<environment.Job instance at 0x151abde90690>,84,28,[ 1 12],85,841,869,756,840
1,<environment.Job instance at 0x151abde90730>,85,26,[14  1],86,840,866,754,840
1,<environment.Job instance at 0x151abde90550>,86,26,[2 9],87,869,895,782,866
1,<environment.Job instance at 0x151abde906e0>,88,2,[5 2],89,878,880,789,878
1,<environment.Job instance at 0x151abde90780>,89,15,[ 2 11],90,895,910,805,883
1,<environment.Job instance at 0x151abde90b40>,91,25,[8 1],92,892,917,800,892
1,<environment.Job instance at 0x151abde905f0>,83,1,[ 1 11],84,910,911,826,896
1,<environment.Job instance at 0x151abde90be0>,92,26,[ 1 11],93,911,937,818,908
1,<environment.Job instance at 0x151abde90c80>,93,24,[11  1],94,917,941,823,913
1,<environment.Job instance at 0x151abde90e60>,98,22,[ 1 11],99,937,959,838,931
1,<environment.Job instance at 0x151abde90fa0>,101,23,[13  2],102,941,964,839,937
1,<environment.Job instance at 0x151abdea32d0>,103,27,[1 6],104,959,986,855,958
1,<environment.Job instance at 0x151abdea33c0>,105,22,[12  1],106,964,986,858,958
1,<environment.Job instance at 0x151abdea34b0>,106,21,[12  2],107,986,1007,879,978
1,<environment.Job instance at 0x151abde76fa0>,75,16,[14  2],76,1007,1023,931,994
1,<environment.Job instance at 0x151abdea3460>,104,2,[12  2],105,1023,1025,918,999
1,<environment.Job instance at 0x151abdea37d0>,111,1,[13  2],112,1025,1026,913,1010
1,<environment.Job instance at 0x151abdea3960>,115,21,[6 2],116,1026,1047,910,1019
1,<environment.Job instance at 0x151abdea3aa0>,117,22,[12  1],118,1047,1069,929,1040
1,<environment.Job instance at 0x151abdea3b40>,118,27,[1 7],119,1042,1069,923,1042
1,<environment.Job instance at 0x151abdea3be0>,119,25,[7 2],120,1069,1094,949,1066
1,<environment.Job instance at 0x151abdea3c80>,120,24,[ 1 11],121,1069,1093,948,1066
1,<environment.Job instance at 0x151abdea3dc0>,122,28,[ 2 12],123,1093,1121,970,1092
1,<environment.Job instance at 0x151abdea3fa0>,123,19,[11  2],124,1094,1113,970,1093
1,<environment.Job instance at 0x151abdea3820>,113,15,[11  2],114,1124,1139,1010,1124
1,<environment.Job instance at 0x151abdea6050>,126,19,[14  1],127,1139,1158,1012,1129
1,<environment.Job instance at 0x151abdea6280>,127,3,[ 2 11],128,1167,1170,1039,1167
1,<environment.Job instance at 0x151abdea6460>,128,26,[1 5],129,1170,1196,1041,1167
1,<environment.Job instance at 0x151abdea6500>,129,23,[ 2 13],130,1196,1219,1066,1190
1,<environment.Job instance at 0x151abdea65a0>,130,2,[14  1],131,1219,1221,1088,1219
1,<environment.Job instance at 0x151abdea3870>,110,3,[12  1],111,1227,1230,1116,1227
1,<environment.Job instance at 0x151abdea6230>,131,2,[13  1],132,1231,1233,1099,1231
1,<environment.Job instance at 0x151abdea6550>,133,28,[12  2],134,1233,1261,1099,1232
1,<environment.Job instance at 0x151abdea65f0>,134,18,[ 2 11],135,1233,1251,1098,1233
1,<environment.Job instance at 0x151abdea6910>,137,20,[7 2],138,1261,1281,1123,1257
1,<environment.Job instance at 0x151abdea69b0>,138,25,[ 1 13],139,1257,1282,1118,1257
1,<environment.Job instance at 0x151abdea6af0>,139,1,[14  1],148,1297,1298,1149,1297
1,<environment.Job instance at 0x151abdea6b90>,141,27,[7 1],166,1301,1328,1135,1301
1,<environment.Job instance at 0x151abdea67d0>,135,13,[ 2 11],136,1322,1335,1186,1322
1,<environment.Job instance at 0x151abdea6eb0>,142,1,[13  1],167,1330,1331,1163,1330
1,<environment.Job instance at 0x151abdea6c30>,144,23,[ 2 11],169,1335,1358,1166,1331
1,<environment.Job instance at 0x151abdea6cd0>,143,13,[12  1],168,1336,1349,1168,1336
1,<environment.Job instance at 0x151abdea60f0>,125,12,[13  2],126,1409,1421,1283,1409
1,<environment.Job instance at 0x151ae06a8a00>,6,18,[ 1 13],7,1418,1436,1411,1418
1,<environment.Job instance at 0x151abde905a0>,82,15,[ 2 13],83,1704,1719,1621,1704
1,<environment.Job instance at 0x151ae07166e0>,0,21,[12  2],1,2,23,1,2
1,<environment.Job instance at 0x151abda7d5f0>,5,26,[1 8],6,6,32,0,6
1,<environment.Job instance at 0x151abda7dd70>,4,26,[6 1],5,23,49,18,22
1,<environment.Job instance at 0x151abda7dc30>,9,18,[ 2 14],10,32,50,22,25
1,<environment.Job instance at 0x151abda7db90>,13,24,[ 1 14],14,50,74,36,45
1,<environment.Job instance at 0x151abda7dfa0>,14,28,[13  2],15,74,102,59,73
1,<environment.Job instance at 0x151abd68c050>,16,22,[ 2 13],17,74,96,57,73
1,<environment.Job instance at 0x151abd68cdc0>,15,19,[11  2],16,102,121,86,93
1,<environment.Job instance at 0x151abd68ca00>,17,26,[11  1],18,121,147,103,118
1,<environment.Job instance at 0x151abd68c370>,19,19,[ 1 10],20,130,149,110,130
1,<environment.Job instance at 0x151ae0716640>,1,3,[ 1 14],2,149,152,147,140
1,<environment.Job instance at 0x151abd68c0a0>,22,28,[12  2],23,152,180,129,151
1,<environment.Job instance at 0x151abd68c1e0>,24,18,[10  2],25,180,198,155,170
1,<environment.Job instance at 0x151abd68c820>,25,27,[1 8],26,170,197,144,170
1,<environment.Job instance at 0x151abd68ce10>,27,25,[ 1 10],28,197,222,169,193
1,<environment.Job instance at 0x151abd68cf50>,28,28,[10  1],29,198,226,169,197
1,<environment.Job instance at 0x151abd68c5a0>,29,21,[13  2],30,226,247,196,218
1,<environment.Job instance at 0x151abd68c550>,31,27,[2 5],32,222,249,190,220
1,<environment.Job instance at 0x151abd68c5f0>,32,26,[2 6],33,247,273,214,244
1,<environment.Job instance at 0x151abda7d780>,10,23,[12  1],11,249,272,238,246
1,<environment.Job instance at 0x151ae08e85a0>,35,28,[ 2 13],36,273,301,237,272
1,<environment.Job instance at 0x151ae08e8dc0>,36,27,[ 2 13],37,301,328,264,299
1,<environment.Job instance at 0x151abd68c500>,33,14,[11  2],34,302,316,268,302
1,<environment.Job instance at 0x151ae08e8cd0>,37,21,[11  1],38,323,344,285,323
1,<environment.Job instance at 0x151ae08e8be0>,39,2,[14  2],40,344,346,304,328
1,<environment.Job instance at 0x151ae08e8640>,41,27,[ 1 11],42,328,355,286,328
1,<environment.Job instance at 0x151ae08e8500>,42,16,[12  2],43,346,362,303,341
1,<environment.Job instance at 0x151ae08e8d20>,43,20,[1 8],44,355,375,311,348
1,<environment.Job instance at 0x151abd68cd70>,18,12,[ 2 11],19,375,387,356,365
1,<environment.Job instance at 0x151ae08e8410>,45,25,[11  1],46,367,392,321,367
1,<environment.Job instance at 0x151ae08e8f00>,44,23,[ 2 14],45,387,410,342,383
1,<environment.Job instance at 0x151abd68c690>,21,17,[ 2 13],22,410,427,388,400
1,<environment.Job instance at 0x151ae08e85f0>,51,27,[ 2 14],52,427,454,375,425
1,<environment.Job instance at 0x151ae08e8140>,52,28,[14  1],53,454,482,401,453
1,<environment.Job instance at 0x151ae08e8230>,54,13,[12  1],55,482,495,427,468
1,<environment.Job instance at 0x151ae08e80f0>,47,17,[ 2 12],48,482,499,434,480
1,<environment.Job instance at 0x151ae08e8370>,56,23,[7 1],57,495,518,438,492
1,<environment.Job instance at 0x151abd6a0780>,57,22,[ 2 11],58,499,521,441,494
1,<environment.Job instance at 0x151abd6a04b0>,59,23,[5 1],60,495,518,435,495
1,<environment.Job instance at 0x151abd6a0a50>,60,24,[ 2 11],61,521,545,460,516
1,<environment.Job instance at 0x151abd6a0c30>,65,24,[1 9],66,545,569,479,542
1,<environment.Job instance at 0x151abd6a0820>,63,18,[ 1 11],64,569,587,505,560
1,<environment.Job instance at 0x151abd6a0730>,67,19,[ 2 11],68,587,606,519,579
1,<environment.Job instance at 0x151abd6a0230>,69,2,[13  1],70,579,581,509,579
1,<environment.Job instance at 0x151abd6a00a0>,68,15,[12  2],69,582,597,513,582
1,<environment.Job instance at 0x151abd6a0e60>,74,15,[13  1],75,601,616,526,601
1,<environment.Job instance at 0x151ae090c5f0>,77,22,[13  1],78,616,638,538,609
1,<environment.Job instance at 0x151ae090c500>,78,20,[8 2],79,638,658,559,632
1,<environment.Job instance at 0x151ae090c280>,79,3,[12  1],80,658,661,578,634
1,<environment.Job instance at 0x151ae090c690>,76,17,[ 1 13],77,641,658,564,641
1,<environment.Job instance at 0x151ae090ce10>,81,28,[13  1],82,661,689,579,660
1,<environment.Job instance at 0x151ae090cc30>,82,20,[14  2],83,689,709,606,680
1,<environment.Job instance at 0x151ae090c820>,84,20,[ 2 10],85,709,729,624,702
1,<environment.Job instance at 0x151ae090c640>,87,2,[ 1 14],88,732,734,644,732
1,<environment.Job instance at 0x151ae090cd20>,88,26,[12  2],89,734,760,645,732
1,<environment.Job instance at 0x151ae090ca50>,80,3,[ 1 12],81,746,749,665,746
1,<environment.Job instance at 0x151ae090c190>,90,24,[6 2],91,760,784,669,755
1,<environment.Job instance at 0x151ae090c8c0>,92,20,[1 6],93,756,776,663,756
1,<environment.Job instance at 0x151ae090c2d0>,94,28,[6 2],95,760,788,665,759
1,<environment.Job instance at 0x151ae090ca00>,96,21,[ 1 11],97,777,798,680,777
1,<environment.Job instance at 0x151ae090c1e0>,97,3,[ 2 11],98,798,801,700,781
1,<environment.Job instance at 0x151abd6979b0>,100,20,[5 2],101,784,804,683,781
1,<environment.Job instance at 0x151ae08e8730>,50,13,[ 1 11],51,801,814,750,794
1,<environment.Job instance at 0x151abd697320>,103,19,[ 1 13],104,814,833,710,807
1,<environment.Job instance at 0x151abd697a50>,106,23,[7 1],107,807,830,700,807
1,<environment.Job instance at 0x151abd6975f0>,107,26,[7 1],108,807,833,699,807
1,<environment.Job instance at 0x151abd697410>,109,28,[6 1],110,830,858,720,829
1,<environment.Job instance at 0x151abd6976e0>,110,23,[ 1 10],111,833,856,722,830
1,<environment.Job instance at 0x151abd697640>,111,23,[6 2],112,833,856,721,831
1,<environment.Job instance at 0x151abd697e10>,108,24,[13  1],109,858,882,749,853
1,<environment.Job instance at 0x151abd697140>,102,21,[ 1 14],103,856,877,753,853
1,<environment.Job instance at 0x151abd697d70>,115,18,[ 1 12],116,886,904,770,886
1,<environment.Job instance at 0x151abd697050>,117,23,[10  1],118,886,909,768,886
1,<environment.Job instance at 0x151abd697f00>,114,19,[ 1 13],115,910,929,795,910
1,<environment.Job instance at 0x151ae08e8050>,40,15,[13  1],41,915,930,874,915
1,<environment.Job instance at 0x151abd6975a0>,118,2,[ 1 14],119,929,931,810,927
1,<environment.Job instance at 0x151abdc2b9b0>,121,28,[11  2],122,931,959,809,930
1,<environment.Job instance at 0x151abd697fa0>,113,19,[ 1 13],114,932,951,818,932
1,<environment.Job instance at 0x151abdc2baf0>,123,28,[ 2 11],124,951,979,827,950
1,<environment.Job instance at 0x151abdc2beb0>,124,1,[1 9],125,979,980,854,961
1,<environment.Job instance at 0x151abdc2bcd0>,125,23,[10  2],126,965,988,839,965
1,<environment.Job instance at 0x151abdc2b820>,126,28,[ 2 12],127,980,1008,853,979
1,<environment.Job instance at 0x151abdc2be60>,128,23,[1 9],129,1008,1031,879,1005
1,<environment.Job instance at 0x151abdc2ba50>,129,23,[ 1 11],130,1031,1054,901,1025
1,<environment.Job instance at 0x151abda8fbe0>,130,18,[11  2],131,1054,1072,923,1054
1,<environment.Job instance at 0x151abdc2bf50>,122,13,[14  1],123,1072,1085,949,1063
1,<environment.Job instance at 0x151abde85f00>,131,1,[11  1],132,1085,1086,953,1083
1,<environment.Job instance at 0x151abd6945a0>,132,18,[ 1 13],133,1087,1105,954,1087
1,<environment.Job instance at 0x151abd697cd0>,119,17,[13  1],120,1097,1114,977,1097
1,<environment.Job instance at 0x151abd69d730>,136,21,[ 1 12],137,1105,1126,968,1100
1,<environment.Job instance at 0x151abd6946e0>,135,13,[10  2],136,1114,1127,978,1101
1,<environment.Job instance at 0x151abda725f0>,139,27,[1 9],140,1126,1153,986,1124
1,<environment.Job instance at 0x151abd69d280>,137,23,[2 6],138,1127,1150,989,1124
1,<environment.Job instance at 0x151ae07d6690>,140,27,[ 1 11],141,1153,1180,1012,1151
1,<environment.Job instance at 0x151abda72a00>,142,20,[13  1],143,1157,1177,1014,1157
1,<environment.Job instance at 0x151abda728c0>,144,25,[12  2],157,1177,1202,1020,1173
1,<environment.Job instance at 0x151abd6949b0>,133,2,[11  2],134,1202,1204,1068,1190
1,<environment.Job instance at 0x151abda7daf0>,11,15,[ 1 12],12,1206,1221,1194,1206
1,<environment.Job instance at 0x151ae080c550>,143,12,[11  1],152,1214,1226,1062,1214
1,<environment.Job instance at 0x151abdc2ba00>,120,14,[11  1],121,1268,1282,1147,1268
1,<environment.Job instance at 0x151abde736e0>,1,21,[10  1],2,3,24,1,3
1,<environment.Job instance at 0x151abdc2ba00>,3,21,[ 1 11],4,4,25,0,4
1,<environment.Job instance at 0x151abd922370>,10,28,[5 2],11,24,52,13,23
1,<environment.Job instance at 0x151abd922230>,7,20,[ 2 12],8,25,45,17,25
1,<environment.Job instance at 0x151abd398820>,0,19,[14  2],1,52,71,51,43
1,<environment.Job instance at 0x151abd9072d0>,16,24,[1 8],17,47,71,30,47
1,<environment.Job instance at 0x151abd907140>,17,23,[ 1 12],18,71,94,53,65
1,<environment.Job instance at 0x151abd922960>,13,25,[13  2],14,71,96,57,67
1,<environment.Job instance at 0x151abd922b90>,12,2,[14  2],13,96,98,83,86
1,<environment.Job instance at 0x151abd907820>,23,22,[ 1 13],24,94,116,70,87
1,<environment.Job instance at 0x151abd907fa0>,26,20,[8 2],27,103,123,76,103
1,<environment.Job instance at 0x151abd90ae10>,27,1,[ 2 10],28,116,117,88,104
1,<environment.Job instance at 0x151ae51357d0>,28,24,[ 2 12],29,117,141,88,112
1,<environment.Job instance at 0x151abd90aaa0>,29,24,[14  1],30,141,165,111,136
1,<environment.Job instance at 0x151ae514a8c0>,31,2,[7 2],32,165,167,133,147
1,<environment.Job instance at 0x151ae514a6e0>,32,14,[11  1],33,171,185,138,171
1,<environment.Job instance at 0x151abde085f0>,33,22,[7 2],34,185,207,151,178
1,<environment.Job instance at 0x151ae514a5a0>,34,24,[2 7],35,178,202,143,178
1,<environment.Job instance at 0x151ae514a550>,35,25,[2 6],36,178,203,142,178
1,<environment.Job instance at 0x151abd8541e0>,36,21,[2 9],37,203,224,166,195
1,<environment.Job instance at 0x151abd857190>,37,14,[14  1],38,224,238,186,209
1,<environment.Job instance at 0x151abd922dc0>,15,15,[ 1 13],16,224,239,208,223
1,<environment.Job instance at 0x151abd854960>,39,20,[14  2],40,238,258,198,229
1,<environment.Job instance at 0x151abd8639b0>,38,16,[11  1],39,259,275,220,259
1,<environment.Job instance at 0x151abd8581e0>,41,1,[11  1],42,275,276,233,271
1,<environment.Job instance at 0x151abd858f00>,42,2,[11  1],43,276,278,233,273
1,<environment.Job instance at 0x151abd858410>,43,21,[8 2],44,278,299,234,273
1,<environment.Job instance at 0x151abd842c80>,44,2,[12  2],45,299,301,254,295
1,<environment.Job instance at 0x151abde28050>,45,18,[ 1 14],46,301,319,255,300
1,<environment.Job instance at 0x151abde1a9b0>,46,2,[10  1],47,302,304,255,302
1,<environment.Job instance at 0x151abde1adc0>,47,14,[ 1 14],48,328,342,280,328
1,<environment.Job instance at 0x151abd863690>,40,2,[13  1],41,337,339,296,337
1,<environment.Job instance at 0x151abde1a4b0>,48,17,[ 1 11],49,343,360,294,343
1,<environment.Job instance at 0x151ae50e4d70>,50,23,[ 1 13],51,360,383,309,354
1,<environment.Job instance at 0x151ae50e40f0>,51,24,[1 8],52,383,407,331,378
1,<environment.Job instance at 0x151abde27af0>,53,20,[2 9],54,407,427,353,398
1,<environment.Job instance at 0x151abde27eb0>,55,3,[ 2 11],56,427,430,371,401
1,<environment.Job instance at 0x151abde27e10>,56,2,[ 2 12],57,430,432,373,405
1,<environment.Job instance at 0x151abde27fa0>,57,25,[13  1],58,405,430,347,405
1,<environment.Job instance at 0x151abde27f50>,58,22,[9 2],59,430,452,371,424
1,<environment.Job instance at 0x151abddf8190>,59,20,[ 1 13],60,433,453,373,433
1,<environment.Job instance at 0x151abddf8370>,60,19,[13  1],61,452,471,391,444
1,<environment.Job instance at 0x151abddf84b0>,61,1,[13  2],62,471,472,409,454
1,<environment.Job instance at 0x151abddf80a0>,62,25,[ 2 12],63,454,479,391,454
1,<environment.Job instance at 0x151abddf8af0>,63,2,[ 2 13],64,479,481,415,472
1,<environment.Job instance at 0x151abddf8870>,64,19,[2 9],65,481,500,416,473
1,<environment.Job instance at 0x151abddf8690>,65,24,[12  2],66,473,497,407,473
1,<environment.Job instance at 0x151abddf85f0>,67,15,[ 2 12],68,517,532,449,517
1,<environment.Job instance at 0x151abddf8dc0>,68,27,[1 6],69,532,559,463,530
1,<environment.Job instance at 0x151abddf8a50>,69,26,[8 2],70,530,556,460,530
1,<environment.Job instance at 0x151abddf8d20>,70,22,[8 2],71,556,578,485,549
1,<environment.Job instance at 0x151abddf8140>,71,27,[ 2 10],72,559,586,487,557
1,<environment.Job instance at 0x151ae50e0960>,72,22,[13  1],73,578,600,505,571
1,<environment.Job instance at 0x151ae50e0a00>,73,28,[10  1],74,600,628,526,599
1,<environment.Job instance at 0x151ae50e0a50>,74,1,[ 2 12],75,599,600,524,599
1,<environment.Job instance at 0x151ae50e4780>,49,3,[11  2],50,628,631,578,628
1,<environment.Job instance at 0x151ae50e0b90>,75,15,[ 1 13],76,633,648,557,633
1,<environment.Job instance at 0x151ae50e0d70>,77,22,[12  1],78,633,655,555,633
1,<environment.Job instance at 0x151ae50e0b40>,78,2,[6 2],79,655,657,576,636
1,<environment.Job instance at 0x151ae50e0f00>,80,28,[1 6],81,648,676,567,647
1,<environment.Job instance at 0x151ae50e0e60>,79,3,[1 5],80,648,651,568,648
1,<environment.Job instance at 0x151ae50e0af0>,82,26,[11  2],83,657,683,574,654
1,<environment.Job instance at 0x151ae50e0eb0>,84,23,[7 1],85,683,706,598,677
1,<environment.Job instance at 0x151ae50f8320>,86,28,[6 1],87,683,711,596,682
1,<environment.Job instance at 0x151ae50f85f0>,88,23,[8 2],89,706,729,617,701
1,<environment.Job instance at 0x151ae50f82d0>,85,13,[12  2],86,733,746,647,733
1,<environment.Job instance at 0x151ae50f8730>,90,23,[11  1],91,746,769,655,740
1,<environment.Job instance at 0x151ae50f8690>,89,3,[ 1 12],90,743,746,653,743
1,<environment.Job instance at 0x151ae50f8910>,93,28,[8 2],94,769,797,675,768
1,<environment.Job instance at 0x151ae50f87d0>,91,16,[ 1 11],92,768,784,676,768
1,<environment.Job instance at 0x151ae50f8a50>,95,26,[13  2],96,797,823,701,794
1,<environment.Job instance at 0x151ae50f8af0>,96,21,[13  2],97,823,844,726,815
1,<environment.Job instance at 0x151ae50f8cd0>,98,28,[ 1 10],99,815,843,716,815
1,<environment.Job instance at 0x151ae50f8d70>,99,26,[8 2],100,844,870,744,841
1,<environment.Job instance at 0x151ae50f8460>,100,22,[12  1],101,870,892,769,863
1,<environment.Job instance at 0x151ae50f8d20>,101,19,[ 1 13],102,865,884,763,865
1,<environment.Job instance at 0x151ae50f8c80>,102,19,[ 1 10],103,884,903,781,875
1,<environment.Job instance at 0x151ae50f8fa0>,103,24,[ 2 14],104,903,927,799,899
1,<environment.Job instance at 0x151ae510f2d0>,104,25,[12  2],105,927,952,822,923
1,<environment.Job instance at 0x151ae510f280>,105,22,[ 1 11],106,927,949,821,923
1,<environment.Job instance at 0x151ae510f3c0>,108,2,[14  2],109,953,955,844,953
1,<environment.Job instance at 0x151ae510f460>,109,1,[7 2],110,956,957,846,956
1,<environment.Job instance at 0x151ae510f500>,110,28,[ 1 14],111,957,985,846,956
1,<environment.Job instance at 0x151ae510f5a0>,111,21,[ 1 13],112,985,1006,873,978
1,<environment.Job instance at 0x151ae510f6e0>,113,14,[14  1],114,1005,1019,891,1005
1,<environment.Job instance at 0x151ae510f7d0>,114,2,[ 2 11],115,1019,1021,904,1012
1,<environment.Job instance at 0x151ae510f8c0>,115,15,[9 2],116,1020,1035,904,1020
1,<environment.Job instance at 0x151ae50f8b90>,97,3,[14  2],98,1035,1038,937,1029
1,<environment.Job instance at 0x151ae510f960>,116,14,[ 1 14],117,1038,1052,921,1029
1,<environment.Job instance at 0x151ae510fc30>,118,22,[10  1],119,1038,1060,919,1031
1,<environment.Job instance at 0x151ae510fcd0>,119,27,[1 9],120,1052,1079,932,1050
1,<environment.Job instance at 0x151ae510fd20>,122,21,[13  2],123,1060,1081,937,1052
1,<environment.Job instance at 0x151ae510fdc0>,123,2,[ 1 12],124,1079,1081,955,1077
1,<environment.Job instance at 0x151ae510fc80>,121,25,[9 1],122,1081,1106,959,1077
1,<environment.Job instance at 0x151ae510fe60>,124,22,[1 6],125,1081,1103,956,1080
1,<environment.Job instance at 0x151ae510faa0>,126,3,[11  2],127,1106,1109,979,1094
1,<environment.Job instance at 0x151ae50ec050>,127,24,[9 1],128,1109,1133,981,1104
1,<environment.Job instance at 0x151ae50ec140>,128,23,[12  1],129,1133,1156,1004,1128
1,<environment.Job instance at 0x151ae50ec1e0>,129,28,[10  2],130,1156,1184,1026,1155
1,<environment.Job instance at 0x151ae50ec410>,130,23,[2 9],131,1155,1178,1024,1155
1,<environment.Job instance at 0x151ae50ec190>,131,23,[2 5],132,1178,1201,1046,1172
1,<environment.Job instance at 0x151ae50ec3c0>,132,13,[ 1 12],133,1201,1214,1068,1196
1,<environment.Job instance at 0x151ae50ec460>,133,20,[ 2 10],134,1214,1234,1080,1206
1,<environment.Job instance at 0x151ae50ec500>,134,15,[12  2],135,1209,1224,1074,1209
1,<environment.Job instance at 0x151ae50ec5a0>,135,21,[13  1],136,1224,1245,1088,1216
1,<environment.Job instance at 0x151ae50ec780>,136,2,[8 1],137,1245,1247,1108,1226
1,<environment.Job instance at 0x151ae50ec820>,137,26,[8 2],138,1247,1273,1109,1244
1,<environment.Job instance at 0x151ae50ec9b0>,138,26,[2 8],139,1244,1270,1105,1244
1,<environment.Job instance at 0x151ae50ecaa0>,139,22,[10  2],140,1273,1295,1133,1266
1,<environment.Job instance at 0x151ae50ecb90>,140,1,[2 9],141,1273,1274,1132,1273
1,<environment.Job instance at 0x151ae50ecc30>,141,2,[7 2],142,1295,1297,1153,1277
1,<environment.Job instance at 0x151ae50ecaf0>,142,3,[10  1],143,1297,1300,1154,1278
1,<environment.Job instance at 0x151ae50ecbe0>,143,19,[2 8],144,1278,1297,1134,1278
1,<environment.Job instance at 0x151ae50eceb0>,145,1,[13  1],146,1300,1301,1154,1288
1,<environment.Job instance at 0x151ae50ecc80>,146,22,[ 1 13],147,1297,1319,1150,1290
1,<environment.Job instance at 0x151ae50ece60>,147,28,[ 2 11],148,1319,1347,1171,1318
1,<environment.Job instance at 0x151ae50ecf00>,148,16,[14  1],149,1351,1367,1202,1351
1,<environment.Job instance at 0x151ae50e5050>,149,1,[11  1],150,1367,1368,1217,1355
1,<environment.Job instance at 0x151ae50e52d0>,150,14,[12  1],151,1368,1382,1217,1368
1,<environment.Job instance at 0x151ae50e5370>,151,1,[5 2],152,1382,1383,1230,1370
1,<environment.Job instance at 0x151ae50e5230>,152,28,[14  2],153,1383,1411,1230,1382
1,<environment.Job instance at 0x151abd907230>,18,13,[ 2 12],19,1587,1600,1568,1587
1,<environment.Job instance at 0x151abd907aa0>,22,16,[ 2 12],23,1694,1710,1671,1694
1,<environment.Job instance at 0x151abd9227d0>,14,13,[ 1 13],15,1790,1803,1775,1790
1,<environment.Job instance at 0x151ae510f1e0>,125,14,[ 2 14],126,1836,1850,1710,1836
1,<environment.Job instance at 0x151abd653500>,1,28,[8 2],2,2,30,0,2
1,<environment.Job instance at 0x151ae510ffa0>,2,1,[ 2 13],3,20,21,17,20
1,<environment.Job instance at 0x151abd7861e0>,8,28,[6 1],9,24,52,15,24
1,<environment.Job instance at 0x151abd653af0>,4,1,[ 2 13],5,30,31,25,28
1,<environment.Job instance at 0x151abd786460>,11,22,[9 1],12,31,53,19,30
1,<environment.Job instance at 0x151abd7866e0>,7,1,[ 1 11],8,52,53,44,47
1,<environment.Job instance at 0x151abd7860f0>,13,3,[ 2 14],14,82,85,68,82
1,<environment.Job instance at 0x151abd786780>,14,26,[ 2 11],15,85,111,70,82
1,<environment.Job instance at 0x151abd786730>,16,19,[8 2],17,85,104,68,84
1,<environment.Job instance at 0x151abd7868c0>,18,26,[1 6],19,111,137,92,108
1,<environment.Job instance at 0x151abd786b40>,19,23,[2 7],20,111,134,91,108
1,<environment.Job instance at 0x151abd786d70>,21,21,[ 2 14],22,137,158,115,131
1,<environment.Job instance at 0x151abd786f50>,9,15,[12  1],10,163,178,153,163
1,<environment.Job instance at 0x151abd786640>,22,1,[13  1],23,178,179,155,172
1,<environment.Job instance at 0x151abd786af0>,24,1,[14  1],25,179,180,154,174
1,<environment.Job instance at 0x151abd786b90>,25,19,[7 2],26,180,199,154,178
1,<environment.Job instance at 0x151abd786550>,27,28,[9 2],28,199,227,171,198
1,<environment.Job instance at 0x151abd786370>,26,22,[1 5],27,200,222,173,200
1,<environment.Job instance at 0x151abd786eb0>,29,23,[10  2],30,227,250,197,221
1,<environment.Job instance at 0x151abdd94b40>,32,24,[13  1],33,250,274,217,245
1,<environment.Job instance at 0x151abd786e60>,12,14,[ 1 13],13,271,285,258,271
1,<environment.Job instance at 0x151abdd947d0>,36,25,[ 1 11],37,285,310,248,282
1,<environment.Job instance at 0x151abdd940f0>,37,2,[ 1 13],38,327,329,289,327
1,<environment.Job instance at 0x151abdd94230>,38,3,[13  2],39,329,332,290,329
1,<environment.Job instance at 0x151abdd94870>,39,20,[ 2 13],40,330,350,290,330
1,<environment.Job instance at 0x151abdd942d0>,40,19,[7 1],41,334,353,293,334
1,<environment.Job instance at 0x151abdd94d70>,41,1,[11  2],42,353,354,311,347
1,<environment.Job instance at 0x151abdd94780>,42,17,[13  2],43,354,371,311,348
1,<environment.Job instance at 0x151abdd946e0>,45,22,[6 1],46,371,393,325,366
1,<environment.Job instance at 0x151abdd948c0>,46,21,[10  1],47,393,414,346,385
1,<environment.Job instance at 0x151abd6539b0>,0,13,[14  2],1,417,430,416,417
1,<environment.Job instance at 0x151ae0dddbe0>,50,22,[2 9],51,430,452,379,423
1,<environment.Job instance at 0x151abdd941e0>,35,14,[12  1],36,434,448,398,434
1,<environment.Job instance at 0x151ae0ddd730>,52,1,[12  1],53,453,454,400,453
1,<environment.Job instance at 0x151ae0ddd5a0>,54,22,[1 5],55,453,475,398,453
1,<environment.Job instance at 0x151ae0dddfa0>,53,12,[12  1],54,475,487,421,475
1,<environment.Job instance at 0x151ae0ddda50>,56,3,[1 8],57,479,482,422,479
1,<environment.Job instance at 0x151ae0dddaf0>,58,15,[13  2],59,487,502,428,484
1,<environment.Job instance at 0x151ae0dddaa0>,59,25,[ 2 11],60,485,510,425,485
1,<environment.Job instance at 0x151ae0dddd70>,60,19,[12  1],61,502,521,441,494
1,<environment.Job instance at 0x151abdd945a0>,30,16,[ 2 11],31,510,526,479,501
1,<environment.Job instance at 0x151ae0ddd780>,64,25,[ 1 12],65,526,551,461,522
1,<environment.Job instance at 0x151abdd944b0>,49,15,[14  2],50,526,541,476,522
1,<environment.Job instance at 0x151ae0ddd3c0>,68,3,[12  2],69,541,544,472,537
1,<environment.Job instance at 0x151ae07ba960>,71,20,[8 1],72,544,564,472,538
1,<environment.Job instance at 0x151ae0ddd0f0>,65,15,[ 1 12],66,551,566,485,543
1,<environment.Job instance at 0x151ae07bac30>,74,25,[ 1 13],75,566,591,491,562
1,<environment.Job instance at 0x151ae07ba4b0>,73,1,[13  1],74,568,569,494,568
1,<environment.Job instance at 0x151ae07baeb0>,76,24,[9 1],77,569,593,492,568
1,<environment.Job instance at 0x151ae07ba640>,77,28,[14  2],78,593,621,515,592
1,<environment.Job instance at 0x151ae07baaf0>,75,16,[12  1],76,621,637,545,619
1,<environment.Job instance at 0x151ae07bae60>,81,22,[5 1],82,637,659,555,633
1,<environment.Job instance at 0x151ae07bae10>,82,23,[8 1],83,637,660,554,634
1,<environment.Job instance at 0x151ae07baf50>,83,23,[6 2],84,659,682,575,653
1,<environment.Job instance at 0x151ae07bab90>,84,27,[9 2],85,660,687,575,658
1,<environment.Job instance at 0x151ae07ba370>,85,25,[11  1],86,687,712,601,683
1,<environment.Job instance at 0x151ae07ba2d0>,87,1,[12  2],88,712,713,624,700
1,<environment.Job instance at 0x151ae08d50a0>,88,1,[12  1],89,719,720,630,719
1,<environment.Job instance at 0x151ae08d5e60>,89,23,[ 1 14],90,719,742,629,719
1,<environment.Job instance at 0x151ae08d56e0>,92,19,[13  2],93,742,761,649,732
1,<environment.Job instance at 0x151ae0ddd050>,69,1,[ 1 13],70,758,759,688,758
1,<environment.Job instance at 0x151abd786910>,10,12,[13  1],11,783,795,772,783
1,<environment.Job instance at 0x151ae08d5960>,95,21,[ 2 13],96,791,812,695,791
1,<environment.Job instance at 0x151ae08d5dc0>,94,15,[12  1],95,811,826,716,811
1,<environment.Job instance at 0x151ae08d5500>,97,28,[2 8],98,818,846,720,818
1,<environment.Job instance at 0x151ae08d5b40>,93,14,[ 1 11],94,846,860,752,840
1,<environment.Job instance at 0x151ae08d52d0>,101,1,[ 2 14],102,860,861,758,854
1,<environment.Job instance at 0x151ae08d5460>,102,22,[7 2],103,861,883,758,855
1,<environment.Job instance at 0x151ae08d5f00>,103,22,[12  1],104,883,905,779,876
1,<environment.Job instance at 0x151ae08d5fa0>,104,23,[ 1 11],105,877,900,772,877
1,<environment.Job instance at 0x151ae08d5550>,105,3,[13  1],106,905,908,799,904
1,<environment.Job instance at 0x151ae08d5e10>,106,24,[ 1 11],107,904,928,797,904
1,<environment.Job instance at 0x151ae08d53c0>,107,2,[13  2],108,916,918,808,916
1,<environment.Job instance at 0x151ae08d5140>,99,25,[ 2 12],100,928,953,828,924
1,<environment.Job instance at 0x151ae08d5730>,108,16,[11  2],109,926,942,817,926
1,<environment.Job instance at 0x151abdbfca50>,111,22,[ 1 10],112,953,975,841,946
1,<environment.Job instance at 0x151abdbfc140>,112,18,[10  1],113,952,970,839,952
1,<environment.Job instance at 0x151abdbfce10>,114,17,[12  2],115,970,987,855,965
1,<environment.Job instance at 0x151abdbfca00>,115,3,[ 2 11],116,982,985,866,982
1,<environment.Job instance at 0x151abdbfc500>,116,22,[ 1 11],117,985,1007,868,982
1,<environment.Job instance at 0x151abdbfc5a0>,118,3,[8 1],119,987,990,868,986
1,<environment.Job instance at 0x151ae07bac80>,80,14,[ 2 11],81,1007,1021,926,1001
1,<environment.Job instance at 0x151abdbfc050>,121,27,[ 2 10],122,1021,1048,899,1019
1,<environment.Job instance at 0x151abdbfcb40>,110,3,[ 2 14],111,1048,1051,937,1023
1,<environment.Job instance at 0x151abdbfccd0>,122,2,[12  2],123,1039,1041,916,1039
1,<environment.Job instance at 0x151abdbfcdc0>,119,15,[13  2],120,1051,1066,931,1048
1,<environment.Job instance at 0x151abdbfc460>,126,22,[1 5],127,1051,1073,924,1048
1,<environment.Job instance at 0x151abdbfcc30>,128,22,[12  2],129,1066,1088,937,1059
1,<environment.Job instance at 0x151abd900e60>,131,28,[2 7],132,1066,1094,934,1065
1,<environment.Job instance at 0x151abd72c820>,132,25,[5 1],133,1088,1113,955,1084
1,<environment.Job instance at 0x151abd72caa0>,134,23,[ 1 14],135,1112,1135,977,1112
1,<environment.Job instance at 0x151abd72c5a0>,136,18,[1 5],137,1135,1153,998,1129
1,<environment.Job instance at 0x151abd72c690>,138,22,[12  2],139,1135,1157,996,1129
1,<environment.Job instance at 0x151ae7078230>,139,20,[ 2 13],140,1153,1173,1013,1152
1,<environment.Job instance at 0x151ae083f460>,140,15,[11  2],141,1171,1186,1030,1171
1,<environment.Job instance at 0x151ae0ddd5f0>,55,12,[ 1 11],56,1210,1222,1154,1210
1,<environment.Job instance at 0x151ae08d51e0>,98,13,[ 1 12],99,1222,1235,1123,1211
1,<environment.Job instance at 0x151abd72c3c0>,143,20,[5 1],164,1213,1233,1049,1213
1,<environment.Job instance at 0x151abd72cbe0>,144,28,[7 2],165,1213,1241,1048,1213
1,<environment.Job instance at 0x151ae11888c0>,141,15,[13  2],142,1241,1256,1099,1238
1,<environment.Job instance at 0x151abd6889b0>,142,1,[11  1],143,1291,1292,1148,1291
1,<environment.Job instance at 0x151abd72c780>,137,19,[ 2 14],138,1476,1495,1338,1476
1,<environment.Job instance at 0x151abdbfc640>,125,13,[14  2],126,1575,1588,1449,1575
1,<environment.Job instance at 0x151ae1180910>,0,26,[13  2],1,1,27,0,1
1,<environment.Job instance at 0x151ae515eeb0>,5,1,[ 2 14],6,27,28,21,11
1,<environment.Job instance at 0x151ae515e320>,7,21,[13  2],8,28,49,20,21
1,<environment.Job instance at 0x151ae515ecd0>,6,26,[ 2 13],7,28,54,21,27
1,<environment.Job instance at 0x151ae11808c0>,1,2,[13  2],2,49,51,47,27
1,<environment.Job instance at 0x151ae515e410>,11,22,[11  2],12,51,73,39,47
1,<environment.Job instance at 0x151ae515e500>,12,23,[ 1 10],13,54,77,41,48
1,<environment.Job instance at 0x151ae515e050>,13,28,[ 1 14],14,77,105,63,76
1,<environment.Job instance at 0x151ae515eaf0>,15,19,[12  2],16,105,124,89,97
1,<environment.Job instance at 0x151ae7037f50>,17,24,[2 6],18,108,132,90,108
1,<environment.Job instance at 0x151ae7037e10>,19,21,[ 2 13],20,132,153,112,126
1,<environment.Job instance at 0x151ae515efa0>,4,3,[ 1 14],5,153,156,148,132
1,<environment.Job instance at 0x151ae7037eb0>,21,26,[11  2],22,156,182,134,154
1,<environment.Job instance at 0x151ae7037dc0>,23,26,[9 2],24,182,208,158,179
1,<environment.Job instance at 0x151ae70370a0>,25,21,[11  2],26,208,229,182,200
1,<environment.Job instance at 0x151ae7037640>,24,2,[14  2],25,229,231,204,223
1,<environment.Job instance at 0x151ae7037820>,28,2,[14  2],29,235,237,206,235
1,<environment.Job instance at 0x151ae1180050>,2,12,[13  2],3,237,249,234,235
1,<environment.Job instance at 0x151ae7037370>,31,1,[1 9],32,242,243,210,242
1,<environment.Job instance at 0x151ae70371e0>,33,22,[2 9],34,243,265,209,243
1,<environment.Job instance at 0x151ae5181f50>,35,2,[2 5],36,249,251,213,245
1,<environment.Job instance at 0x151ae51810f0>,36,21,[11  1],37,249,270,212,245
1,<environment.Job instance at 0x151ae7037140>,29,1,[ 1 11],30,265,266,235,258
1,<environment.Job instance at 0x151ae51812d0>,38,3,[ 1 13],39,268,271,229,268
1,<environment.Job instance at 0x151ae7037910>,18,2,[12  2],19,270,272,251,269
1,<environment.Job instance at 0x151ae5181780>,40,26,[14  2],41,272,298,231,269
1,<environment.Job instance at 0x151ae5181550>,43,15,[14  1],44,298,313,254,294
1,<environment.Job instance at 0x151ae5181a50>,46,25,[12  2],47,313,338,266,309
1,<environment.Job instance at 0x151ae5181b40>,47,28,[ 2 11],48,313,341,265,312
1,<environment.Job instance at 0x151ae5181910>,48,25,[10  1],49,338,363,289,334
1,<environment.Job instance at 0x151ae51817d0>,49,20,[2 8],50,341,361,291,334
1,<environment.Job instance at 0x151ae51811e0>,50,2,[ 2 12],51,361,363,310,347
1,<environment.Job instance at 0x151ae5181cd0>,51,19,[14  2],52,363,382,311,353
1,<environment.Job instance at 0x151ae515e280>,10,2,[ 2 13],11,382,384,371,359
1,<environment.Job instance at 0x151ae15b49b0>,56,28,[9 2],57,382,410,325,381
1,<environment.Job instance at 0x151ae15b45a0>,57,3,[14  1],58,410,413,352,385
1,<environment.Job instance at 0x151ae15b4410>,58,25,[13  1],59,413,438,354,409
1,<environment.Job instance at 0x151ae15b4190>,59,20,[ 2 11],60,413,433,353,412
1,<environment.Job instance at 0x151ae15b4280>,60,27,[ 1 11],61,433,460,372,431
1,<environment.Job instance at 0x151ae15b43c0>,61,17,[14  1],62,438,455,376,437
1,<environment.Job instance at 0x151ae15b48c0>,63,22,[6 2],64,455,477,391,448
1,<environment.Job instance at 0x151ae15b4960>,64,19,[11  2],65,477,496,412,467
1,<environment.Job instance at 0x151ae15b4050>,65,1,[ 1 12],66,469,470,403,469
1,<environment.Job instance at 0x151ae15b41e0>,66,2,[9 1],67,496,498,429,483
1,<environment.Job instance at 0x151ae15b4cd0>,67,3,[2 6],68,483,486,415,483
1,<environment.Job instance at 0x151ae70375a0>,27,13,[ 2 12],28,486,499,458,484
1,<environment.Job instance at 0x151ae15b4a00>,70,2,[13  2],71,498,500,427,487
1,<environment.Job instance at 0x151ae5181320>,45,18,[ 1 14],46,500,518,454,494
1,<environment.Job instance at 0x151ae15b4f00>,72,23,[12  1],73,500,523,427,495
1,<environment.Job instance at 0x151ae15b4f50>,69,1,[14  1],70,523,524,453,495
1,<environment.Job instance at 0x151ae15b4370>,73,28,[13  1],74,524,552,450,523
1,<environment.Job instance at 0x151ae5166e60>,74,18,[ 1 13],75,535,553,460,535
1,<environment.Job instance at 0x151ae5166aa0>,77,28,[ 1 13],78,553,581,475,552
1,<environment.Job instance at 0x151ae5166780>,78,3,[1 5],79,581,584,502,559
1,<environment.Job instance at 0x151ae5166c30>,76,1,[ 2 11],77,584,585,507,564
1,<environment.Job instance at 0x151ae5166410>,79,17,[9 2],80,565,582,485,565
1,<environment.Job instance at 0x151ae5166d70>,81,26,[ 2 14],82,585,611,503,582
1,<environment.Job instance at 0x151ae5166820>,80,17,[11  1],81,584,601,503,584
1,<environment.Job instance at 0x151ae5166140>,83,2,[9 1],84,601,603,517,590
1,<environment.Job instance at 0x151ae5166370>,85,28,[2 7],86,611,639,525,610
1,<environment.Job instance at 0x151ae51661e0>,86,25,[6 2],87,611,636,524,610
1,<environment.Job instance at 0x151ae5166730>,88,22,[10  1],89,636,658,547,630
1,<environment.Job instance at 0x151ae5166b40>,89,26,[ 1 14],90,639,665,549,636
1,<environment.Job instance at 0x151ae5166a50>,84,3,[13  2],85,665,668,580,659
1,<environment.Job instance at 0x151ae51662d0>,91,22,[12  2],92,668,690,576,662
1,<environment.Job instance at 0x151ae5166050>,92,19,[ 1 11],93,665,684,572,664
1,<environment.Job instance at 0x151ae5166eb0>,93,28,[14  1],94,690,718,596,689
1,<environment.Job instance at 0x151ae5166460>,96,25,[ 1 11],97,700,725,603,700
1,<environment.Job instance at 0x151abd7a60a0>,98,28,[ 1 11],99,725,753,626,724
1,<environment.Job instance at 0x151abd8f6a00>,100,28,[6 1],101,727,755,626,727
1,<environment.Job instance at 0x151abdec8410>,101,27,[2 9],102,753,780,651,751
1,<environment.Job instance at 0x151abd8f6af0>,102,27,[ 2 14],103,780,807,677,778
1,<environment.Job instance at 0x151ae15b47d0>,71,17,[ 1 11],72,807,824,735,804
1,<environment.Job instance at 0x151abded1550>,107,15,[7 2],108,808,823,700,808
1,<environment.Job instance at 0x151abd9325f0>,109,20,[13  1],110,823,843,713,823
1,<environment.Job instance at 0x151abd9327d0>,110,23,[11  1],111,843,866,732,837
1,<environment.Job instance at 0x151abd690d70>,111,2,[ 1 11],112,839,841,727,839
1,<environment.Job instance at 0x151abd30b2d0>,112,21,[11  1],113,866,887,753,859
1,<environment.Job instance at 0x151abd52bf50>,113,19,[ 1 13],114,866,885,752,866
1,<environment.Job instance at 0x151abd52b7d0>,114,24,[ 1 14],115,885,909,770,880
1,<environment.Job instance at 0x151abddd6af0>,115,2,[14  2],116,909,911,793,886
1,<environment.Job instance at 0x151ae15b4140>,54,2,[ 2 14],55,911,913,856,906
1,<environment.Job instance at 0x151abd54c870>,117,24,[14  1],118,913,937,795,909
1,<environment.Job instance at 0x151abded1410>,104,17,[ 1 14],105,940,957,835,940
1,<environment.Job instance at 0x151abd5e5aa0>,122,20,[14  1],123,941,961,818,941
1,<environment.Job instance at 0x151ae5181a00>,37,16,[ 2 14],38,961,977,923,952
1,<environment.Job instance at 0x151abd567f00>,126,23,[ 2 13],127,977,1000,850,971
1,<environment.Job instance at 0x151abdb345f0>,128,24,[2 8],129,1000,1024,871,995
1,<environment.Job instance at 0x151ae5166fa0>,90,18,[ 2 13],91,1024,1042,933,1020
1,<environment.Job instance at 0x151ae0e0fa00>,129,12,[11  2],130,1028,1040,898,1028
1,<environment.Job instance at 0x151abd56faa0>,130,13,[12  2],131,1068,1081,937,1068
1,<environment.Job instance at 0x151ae118cd70>,134,28,[1 5],135,1068,1096,933,1068
1,<environment.Job instance at 0x151abdc1e3c0>,136,28,[2 6],137,1072,1100,935,1072
1,<environment.Job instance at 0x151abd2a53c0>,137,24,[2 9],138,1096,1120,958,1091
1,<environment.Job instance at 0x151abd2a5a00>,139,1,[9 1],140,1100,1101,960,1097
1,<environment.Job instance at 0x151abd725cd0>,125,12,[14  2],126,1120,1132,994,1114
1,<environment.Job instance at 0x151abd2a5550>,140,28,[ 2 13],141,1132,1160,991,1131
1,<environment.Job instance at 0x151abd319550>,142,28,[12  2],155,1132,1160,977,1131
1,<environment.Job instance at 0x151abd319370>,143,18,[ 1 12],159,1167,1185,1008,1167
1,<environment.Job instance at 0x151abdeb4c80>,121,14,[ 1 11],122,1185,1199,1063,1171
1,<environment.Job instance at 0x151ae05faaf0>,118,1,[ 1 13],119,1199,1200,1080,1196
1,<environment.Job instance at 0x151abdc1ecd0>,133,13,[ 1 12],134,1522,1535,1388,1522
1,<environment.Job instance at 0x151abdcdbcd0>,0,25,[2 5],1,1,26,0,1
1,<environment.Job instance at 0x151abdcdbd20>,1,28,[6 2],2,4,32,2,4
1,<environment.Job instance at 0x151abdcdb370>,3,24,[ 1 12],4,26,50,22,22
1,<environment.Job instance at 0x151abdcdb1e0>,9,26,[13  1],10,32,58,22,30
1,<environment.Job instance at 0x151abdcdb050>,12,23,[14  1],13,58,81,45,52
1,<environment.Job instance at 0x151abdcdbf50>,15,28,[ 1 13],16,54,82,38,54
1,<environment.Job instance at 0x151abdcdbb90>,2,21,[14  1],3,81,102,78,73
1,<environment.Job instance at 0x151ae7bd3140>,19,20,[6 1],20,102,122,82,94
1,<environment.Job instance at 0x151adef2f1e0>,21,25,[ 2 12],22,103,128,81,103
1,<environment.Job instance at 0x151adef2f190>,22,26,[14  1],23,128,154,105,125
1,<environment.Job instance at 0x151adef2f5f0>,23,22,[ 1 14],24,128,150,104,125
1,<environment.Job instance at 0x151ae7bd34b0>,16,25,[14  1],17,154,179,137,150
1,<environment.Job instance at 0x151adef2f5a0>,28,23,[6 1],29,179,202,150,174
1,<environment.Job instance at 0x151adef2ff50>,32,25,[2 7],33,180,205,147,180
1,<environment.Job instance at 0x151adef2fe10>,30,18,[ 2 14],31,205,223,174,201
1,<environment.Job instance at 0x151adef2f780>,35,26,[14  2],36,223,249,187,220
1,<environment.Job instance at 0x151adef2f550>,37,24,[5 2],38,249,273,211,248
1,<environment.Job instance at 0x151adef2f500>,33,18,[ 1 11],34,250,268,216,250
1,<environment.Job instance at 0x151adef2fcd0>,39,27,[ 2 14],40,273,300,233,271
1,<environment.Job instance at 0x151ae7ba51e0>,41,19,[1 8],42,300,319,258,290
1,<environment.Job instance at 0x151ae07505a0>,43,17,[12  2],44,300,317,256,298
1,<environment.Job instance at 0x151ae07501e0>,44,27,[13  2],45,317,344,272,315
1,<environment.Job instance at 0x151ae07505f0>,45,19,[12  1],46,344,363,298,334
1,<environment.Job instance at 0x151ae0750eb0>,46,24,[7 2],47,363,387,316,358
1,<environment.Job instance at 0x151ae0750780>,47,2,[13  1],48,387,389,339,364
1,<environment.Job instance at 0x151ae0750550>,48,25,[ 2 12],49,364,389,315,364
1,<environment.Job instance at 0x151ae0750960>,49,3,[ 2 14],50,458,461,408,458
1,<environment.Job instance at 0x151ae07500f0>,50,27,[14  2],51,461,488,410,459
1,<environment.Job instance at 0x151ae0750f50>,51,26,[6 2],52,488,514,436,486
1,<environment.Job instance at 0x151ae0750b40>,53,24,[5 1],54,488,512,434,488
1,<environment.Job instance at 0x151ae0750aa0>,55,20,[ 1 14],56,514,534,458,507
1,<environment.Job instance at 0x151ae0750870>,57,23,[2 9],58,534,557,476,528
1,<environment.Job instance at 0x151ae0750e10>,58,24,[ 1 11],59,557,581,498,552
1,<environment.Job instance at 0x151ae0750640>,59,28,[6 2],60,552,580,492,552
1,<environment.Job instance at 0x151ae0750e60>,42,12,[14  1],43,580,592,537,573
1,<environment.Job instance at 0x151ae0750c80>,60,19,[11  1],61,592,611,531,582
1,<environment.Job instance at 0x151ae07506e0>,61,3,[ 1 11],62,588,591,526,588
1,<environment.Job instance at 0x151abd5654b0>,64,27,[ 2 11],65,592,619,527,590
1,<environment.Job instance at 0x151abd565500>,67,27,[ 2 11],68,619,646,551,617
1,<environment.Job instance at 0x151abd565550>,68,28,[9 1],69,617,645,548,617
1,<environment.Job instance at 0x151abd565640>,69,25,[13  1],70,645,670,575,641
1,<environment.Job instance at 0x151abd565910>,66,21,[ 2 14],67,646,667,579,641
1,<environment.Job instance at 0x151abd565d20>,72,17,[ 2 14],73,670,687,597,670
1,<environment.Job instance at 0x151abd565f50>,73,28,[ 2 12],74,687,715,613,686
1,<environment.Job instance at 0x151abd565960>,74,20,[11  2],75,687,707,612,687
1,<environment.Job instance at 0x151abd565410>,70,15,[13  1],71,713,728,642,713
1,<environment.Job instance at 0x151abd565be0>,76,23,[1 7],77,715,738,638,713
1,<environment.Job instance at 0x151abd565050>,77,25,[12  2],78,728,753,650,724
1,<environment.Job instance at 0x151abd565dc0>,78,1,[ 1 11],79,738,739,659,728
1,<environment.Job instance at 0x151abd565780>,80,2,[12  2],81,767,769,686,767
1,<environment.Job instance at 0x151abd565fa0>,75,13,[14  1],76,769,782,693,768
1,<environment.Job instance at 0x151abd565320>,82,22,[6 1],83,782,804,699,775
1,<environment.Job instance at 0x151abd5c8370>,85,28,[8 1],86,784,812,698,784
1,<environment.Job instance at 0x151abd5c81e0>,87,20,[13  1],88,812,832,724,806
1,<environment.Job instance at 0x151abd5c88c0>,89,24,[5 1],90,832,856,742,828
1,<environment.Job instance at 0x151abd5c8280>,90,14,[12  1],91,856,870,765,850
1,<environment.Job instance at 0x151abd5652d0>,81,15,[ 1 12],82,876,891,794,876
1,<environment.Job instance at 0x151abd5c8dc0>,92,25,[1 8],93,891,916,798,887
1,<environment.Job instance at 0x151abdcdbaf0>,7,14,[11  2],8,906,920,898,906
1,<environment.Job instance at 0x151abd5c8780>,95,19,[11  1],96,920,939,824,916
1,<environment.Job instance at 0x151abd5c8f50>,96,27,[ 1 11],97,916,943,819,916
1,<environment.Job instance at 0x151abd5c8960>,97,21,[13  1],98,939,960,841,934
1,<environment.Job instance at 0x151abdcdb320>,6,18,[ 1 12],7,982,1000,975,982
1,<environment.Job instance at 0x151abd5c8f00>,94,15,[13  2],95,982,997,887,982
1,<environment.Job instance at 0x151abd5c8c80>,103,24,[8 1],104,997,1021,893,992
1,<environment.Job instance at 0x151abda247d0>,104,21,[13  1],105,1021,1042,916,1013
1,<environment.Job instance at 0x151abda24460>,107,3,[ 1 11],108,1039,1042,931,1039
1,<environment.Job instance at 0x151abda24aa0>,108,23,[14  2],109,1042,1065,933,1039
1,<environment.Job instance at 0x151abd5c8190>,91,14,[ 1 11],92,1068,1082,976,1068
1,<environment.Job instance at 0x151abda24640>,112,1,[14  1],113,1076,1077,963,1076
1,<environment.Job instance at 0x151abda246e0>,114,13,[14  2],115,1086,1099,971,1086
1,<environment.Job instance at 0x151abd5c80f0>,101,2,[13  1],102,1099,1101,997,1095
1,<environment.Job instance at 0x151abda240f0>,116,25,[11  1],117,1101,1126,984,1097
1,<environment.Job instance at 0x151abda248c0>,117,22,[1 9],118,1097,1119,979,1097
1,<environment.Job instance at 0x151abda24820>,115,2,[12  2],116,1126,1128,1010,1099
1,<environment.Job instance at 0x151abda24cd0>,120,1,[13  1],121,1128,1129,1007,1111
1,<environment.Job instance at 0x151abda24b40>,122,21,[ 1 14],123,1128,1149,1005,1126
1,<environment.Job instance at 0x151ae07b5e60>,123,19,[ 2 13],124,1151,1170,1027,1151
1,<environment.Job instance at 0x151ae07b5460>,124,18,[2 8],125,1170,1188,1045,1159
1,<environment.Job instance at 0x151abda24a00>,111,12,[12  2],112,1174,1186,1062,1174
1,<environment.Job instance at 0x151ae07b5a50>,126,24,[10  1],127,1186,1210,1059,1182
1,<environment.Job instance at 0x151ae07b56e0>,127,27,[7 2],128,1210,1237,1082,1209
1,<environment.Job instance at 0x151ae07b5be0>,129,22,[2 9],130,1210,1232,1080,1210
1,<environment.Job instance at 0x151ae07b5410>,131,24,[12  2],132,1237,1261,1105,1232
1,<environment.Job instance at 0x151ae07b5e10>,125,18,[ 2 13],126,1258,1276,1132,1258
1,<environment.Job instance at 0x151ae07b5370>,133,16,[1 5],134,1276,1292,1142,1266
1,<environment.Job instance at 0x151ae07b5dc0>,135,26,[ 2 12],136,1292,1318,1156,1289
1,<environment.Job instance at 0x151ae07b5320>,136,19,[11  2],137,1293,1312,1156,1293
1,<environment.Job instance at 0x151ae07b59b0>,138,20,[1 7],139,1318,1338,1179,1309
1,<environment.Job instance at 0x151ae07b57d0>,139,21,[ 1 10],140,1338,1359,1198,1330
1,<environment.Job instance at 0x151abded1050>,140,18,[14  2],141,1339,1357,1198,1339
1,<environment.Job instance at 0x151abded11e0>,143,2,[11  2],144,1363,1365,1219,1363
1,<environment.Job instance at 0x151abda245f0>,118,13,[12  2],119,1370,1383,1251,1370
1,<environment.Job instance at 0x151abded1be0>,144,15,[ 2 11],145,1371,1386,1226,1371
1,<environment.Job instance at 0x151ae69cef50>,146,19,[1 7],151,1386,1405,1235,1377
1,<environment.Job instance at 0x151ae7bd33c0>,18,15,[ 1 14],19,1479,1494,1460,1479
1,<environment.Job instance at 0x151abda24b90>,105,13,[ 1 12],106,2102,2115,1996,2102
1,<environment.Job instance at 0x151ae07b5eb0>,132,16,[ 1 12],133,2145,2161,2012,2145
1,<environment.Job instance at 0x151ae0e943c0>,1,23,[11  1],2,3,26,1,3
1,<environment.Job instance at 0x151ae0e94dc0>,2,17,[13  1],3,26,43,23,16
1,<environment.Job instance at 0x151ae07b5eb0>,4,27,[11  2],5,43,70,38,41
1,<environment.Job instance at 0x151adef2ab90>,5,20,[ 1 13],6,51,71,45,51
1,<environment.Job instance at 0x151abd745d20>,12,21,[14  1],13,70,91,57,62
1,<environment.Job instance at 0x151abd745640>,15,24,[9 2],16,91,115,75,87
1,<environment.Job instance at 0x151abd745af0>,16,24,[2 8],17,93,117,76,93
1,<environment.Job instance at 0x151abd745c80>,17,25,[ 2 12],18,117,142,99,113
1,<environment.Job instance at 0x151adef2ad70>,10,16,[14  1],11,142,158,131,134
1,<environment.Job instance at 0x151adef2ac30>,7,23,[ 1 13],8,144,167,136,144
1,<environment.Job instance at 0x151abd745550>,13,2,[ 2 13],14,167,169,153,154
1,<environment.Job instance at 0x151abd7454b0>,21,26,[ 1 12],22,169,195,147,166
1,<environment.Job instance at 0x151abd745960>,19,1,[12  2],20,191,192,171,191
1,<environment.Job instance at 0x151abd745370>,25,22,[13  1],26,193,215,167,193
1,<environment.Job instance at 0x151abd745320>,23,19,[ 1 14],24,195,214,171,193
1,<environment.Job instance at 0x151abd745820>,28,1,[ 1 13],29,214,215,185,199
1,<environment.Job instance at 0x151ae0e09730>,31,3,[ 1 12],32,215,218,183,203
1,<environment.Job instance at 0x151ae0e09f00>,32,27,[ 2 12],33,218,245,185,216
1,<environment.Job instance at 0x151abd745280>,18,14,[11  1],19,221,235,202,221
1,<environment.Job instance at 0x151ae0e09b40>,34,20,[ 2 14],35,245,265,210,236
1,<environment.Job instance at 0x151ae0e09780>,35,19,[11  1],36,236,255,200,236
1,<environment.Job instance at 0x151ae0e09b90>,36,19,[11  2],37,265,284,228,255
1,<environment.Job instance at 0x151ae0e09690>,37,25,[13  1],38,284,309,246,280
1,<environment.Job instance at 0x151ae0e097d0>,38,26,[5 1],39,309,335,270,306
1,<environment.Job instance at 0x151ae0e09eb0>,40,2,[ 1 11],41,310,312,269,310
1,<environment.Job instance at 0x151ae0e090f0>,41,22,[ 1 11],42,312,334,270,310
1,<environment.Job instance at 0x151ae0e09190>,45,25,[ 1 14],46,334,359,288,330
1,<environment.Job instance at 0x151ae0e09c80>,46,22,[13  1],47,335,357,288,331
1,<environment.Job instance at 0x151ae0e09d70>,47,24,[ 1 11],48,359,383,311,354
1,<environment.Job instance at 0x151ae0e096e0>,48,3,[ 1 14],49,383,386,334,367
1,<environment.Job instance at 0x151ae0e12af0>,51,16,[ 1 11],52,425,441,373,425
1,<environment.Job instance at 0x151ae0e09f50>,52,21,[ 1 13],53,441,462,388,433
1,<environment.Job instance at 0x151ae0e12fa0>,53,28,[ 1 13],54,462,490,408,461
1,<environment.Job instance at 0x151ae0e12a00>,55,27,[11  1],56,463,490,407,463
1,<environment.Job instance at 0x151ae0e12f00>,56,28,[13  1],57,490,518,433,489
1,<environment.Job instance at 0x151ae0e09a00>,30,13,[ 1 13],31,493,506,462,493
1,<environment.Job instance at 0x151ae0e12dc0>,59,28,[ 2 14],60,506,534,446,505
1,<environment.Job instance at 0x151ae0e12230>,60,21,[14  2],61,534,555,473,528
1,<environment.Job instance at 0x151ae0e12320>,61,13,[ 1 14],62,568,581,506,568
1,<environment.Job instance at 0x151ae0e12eb0>,62,24,[8 1],63,570,594,507,570
1,<environment.Job instance at 0x151ae0e12910>,65,27,[7 2],66,581,608,515,579
1,<environment.Job instance at 0x151ae0e12370>,66,1,[5 1],67,594,595,527,579
1,<environment.Job instance at 0x151ae0e125f0>,68,26,[2 9],69,594,620,525,591
1,<environment.Job instance at 0x151ae0e12b40>,69,24,[ 1 14],70,620,644,550,615
1,<environment.Job instance at 0x151ae0e12690>,73,28,[2 6],74,644,672,570,643
1,<environment.Job instance at 0x151abde280f0>,74,18,[12  2],75,644,662,569,644
1,<environment.Job instance at 0x151abde28f50>,75,1,[12  2],76,662,663,586,648
1,<environment.Job instance at 0x151abde280a0>,76,25,[ 2 14],77,672,697,595,668
1,<environment.Job instance at 0x151abde288c0>,77,24,[9 1],78,668,692,590,668
1,<environment.Job instance at 0x151abde28910>,78,23,[14  1],79,697,720,618,691
1,<environment.Job instance at 0x151ae0e099b0>,33,12,[ 1 13],34,742,754,708,742
1,<environment.Job instance at 0x151abde28280>,79,17,[ 2 13],80,763,780,683,763
1,<environment.Job instance at 0x151ae0e12550>,58,3,[ 2 14],59,780,783,721,767
1,<environment.Job instance at 0x151abde28190>,81,16,[12  1],82,774,790,692,774
1,<environment.Job instance at 0x151abde28960>,84,21,[10  1],85,790,811,705,782
1,<environment.Job instance at 0x151abde28be0>,83,27,[1 6],84,783,810,699,783
1,<environment.Job instance at 0x151abd9a5640>,88,28,[ 2 11],89,810,838,721,809
1,<environment.Job instance at 0x151abd9a53c0>,90,18,[11  1],91,811,829,720,809
1,<environment.Job instance at 0x151abd9a5870>,91,20,[ 1 14],92,838,858,746,831
1,<environment.Job instance at 0x151abde28500>,80,14,[12  2],81,858,872,777,855
1,<environment.Job instance at 0x151abd9a57d0>,93,2,[12  1],94,872,874,778,859
1,<environment.Job instance at 0x151abd9a5a50>,89,16,[12  2],90,874,890,784,863
1,<environment.Job instance at 0x151abd9a5d70>,96,18,[12  2],97,890,908,793,884
1,<environment.Job instance at 0x151abd9a52d0>,98,21,[ 2 12],99,885,906,786,885
1,<environment.Job instance at 0x151abd9a5190>,99,28,[2 8],100,906,934,806,905
1,<environment.Job instance at 0x151abd9a55a0>,102,24,[ 2 14],103,934,958,831,929
1,<environment.Job instance at 0x151abd9a5fa0>,97,21,[ 1 14],98,958,979,860,952
1,<environment.Job instance at 0x151abd9a5320>,106,23,[7 2],107,979,1002,872,973
1,<environment.Job instance at 0x151abd9a54b0>,107,13,[5 2],108,979,992,871,975
1,<environment.Job instance at 0x151ae70b2f50>,108,23,[2 7],109,979,1002,870,977
1,<environment.Job instance at 0x151ae70b2e60>,109,2,[2 5],110,992,994,882,991
1,<environment.Job instance at 0x151ae70b2190>,110,19,[2 9],111,1002,1021,891,993
1,<environment.Job instance at 0x151ae70b2140>,111,25,[6 1],112,994,1019,882,994
1,<environment.Job instance at 0x151abd9a5230>,104,3,[ 1 12],105,1021,1024,916,1018
1,<environment.Job instance at 0x151ae0df0b90>,114,18,[12  1],115,1019,1037,904,1018
1,<environment.Job instance at 0x151ae0df0320>,115,20,[ 1 11],116,1024,1044,908,1022
1,<environment.Job instance at 0x151ae0df04b0>,113,16,[11  1],114,1038,1054,924,1038
1,<environment.Job instance at 0x151ae0df0050>,116,2,[ 2 12],117,1044,1046,927,1039
1,<environment.Job instance at 0x151abd9a5eb0>,92,3,[ 2 14],93,1046,1049,953,1039
1,<environment.Job instance at 0x151ae0df0b40>,119,24,[ 1 14],120,1049,1073,929,1044
1,<environment.Job instance at 0x151ae0df0f50>,120,28,[12  2],121,1073,1101,952,1072
1,<environment.Job instance at 0x151ae0df0960>,122,3,[14  2],123,1101,1104,978,1087
1,<environment.Job instance at 0x151ae0df0370>,123,14,[1 5],124,1088,1102,964,1088
1,<environment.Job instance at 0x151ae0df00f0>,118,19,[ 2 14],119,1104,1123,985,1100
1,<environment.Job instance at 0x151ae0df0870>,125,27,[ 1 10],126,1123,1150,997,1121
1,<environment.Job instance at 0x151ae0df0780>,126,24,[14  2],127,1123,1147,996,1121
1,<environment.Job instance at 0x151ae0df0a50>,127,28,[10  1],128,1147,1175,1019,1146
1,<environment.Job instance at 0x151ae0df0230>,128,23,[ 1 13],129,1150,1173,1021,1146
1,<environment.Job instance at 0x151ae0df0550>,130,26,[14  2],131,1175,1201,1044,1172
1,<environment.Job instance at 0x151ae0df0d20>,131,26,[14  1],132,1201,1227,1069,1198
1,<environment.Job instance at 0x151ae0df0eb0>,133,1,[ 2 12],134,1227,1228,1093,1217
1,<environment.Job instance at 0x151ae11786e0>,134,20,[6 1],135,1227,1247,1092,1218
1,<environment.Job instance at 0x151abddd1af0>,136,3,[12  2],137,1247,1250,1110,1237
1,<environment.Job instance at 0x151abdaf0280>,137,21,[ 1 12],138,1238,1259,1100,1238
1,<environment.Job instance at 0x151abdaf0f50>,138,28,[7 1],139,1250,1278,1111,1249
1,<environment.Job instance at 0x151abdaf03c0>,139,23,[9 1],140,1278,1301,1138,1272
1,<environment.Job instance at 0x151abdaf0500>,140,27,[1 8],145,1272,1299,1127,1272
1,<environment.Job instance at 0x151ae0736b90>,141,18,[ 1 14],155,1305,1323,1150,1305
1,<environment.Job instance at 0x151abdaf0a50>,142,28,[6 1],167,1305,1333,1138,1305
1,<environment.Job instance at 0x151abd6a32d0>,143,24,[6 1],168,1323,1347,1155,1318
1,<environment.Job instance at 0x151ae0df0e10>,124,3,[13  1],125,1383,1386,1258,1383
1,<environment.Job instance at 0x151abd7456e0>,20,17,[14  2],21,1389,1406,1368,1389
1,<environment.Job instance at 0x151adef2aaf0>,6,14,[ 2 14],7,1504,1518,1497,1504
1,<environment.Job instance at 0x151ae0df0460>,117,14,[ 2 14],118,1879,1893,1761,1879
1,<environment.Job instance at 0x149677e64b40>,0,24,[ 1 10],1,1,25,0,1
1,<environment.Job instance at 0x149677e64d20>,3,2,[1 7],4,25,27,21,4
1,<environment.Job instance at 0x14966eaa76e0>,4,24,[6 1],5,5,29,0,5
1,<environment.Job instance at 0x14966eaa77d0>,5,25,[7 1],6,6,31,0,6
1,<environment.Job instance at 0x14966eaa7d70>,13,27,[1 8],14,28,55,14,28
1,<environment.Job instance at 0x14966eaa7c80>,10,3,[ 1 14],11,55,58,44,33
1,<environment.Job instance at 0x14966eaa80f0>,16,19,[ 1 12],17,58,77,41,49
1,<environment.Job instance at 0x14966eaa7eb0>,15,24,[ 2 13],16,77,101,61,74
1,<environment.Job instance at 0x14966eaa7b90>,14,3,[14  2],15,101,104,86,91
1,<environment.Job instance at 0x14966eaa8190>,17,3,[ 1 13],18,101,104,83,93
1,<environment.Job instance at 0x14966eaa8370>,21,22,[14  2],22,104,126,82,100
1,<environment.Job instance at 0x14966eaa8280>,23,3,[7 2],24,126,129,102,113
1,<environment.Job instance at 0x14966eaa85a0>,24,20,[ 2 13],25,126,146,101,118
1,<environment.Job instance at 0x14966eaa8640>,25,1,[11  1],26,129,130,103,125
1,<environment.Job instance at 0x14966eaa86e0>,26,20,[2 8],27,146,166,119,138
1,<environment.Job instance at 0x14966eaa88c0>,27,25,[14  2],28,166,191,138,162
1,<environment.Job instance at 0x14966eaa8af0>,28,20,[1 9],29,166,186,137,162
1,<environment.Job instance at 0x14966eaa8aa0>,29,20,[1 5],30,186,206,156,184
1,<environment.Job instance at 0x14966eaa8b40>,30,2,[2 8],31,191,193,160,191
1,<environment.Job instance at 0x14966eaa8b90>,31,23,[5 1],32,195,218,163,195
1,<environment.Job instance at 0x14966eaa8460>,22,25,[ 2 12],23,206,231,183,202
1,<environment.Job instance at 0x14966eaa8e60>,34,20,[5 1],35,203,223,168,203
1,<environment.Job instance at 0x14966eaa8d70>,35,23,[11  2],36,223,246,187,217
1,<environment.Job instance at 0x149677ef78c0>,2,18,[ 1 12],3,231,249,228,230
1,<environment.Job instance at 0x14966eaa7780>,6,19,[ 1 13],7,249,268,242,239
1,<environment.Job instance at 0x14966eaab0f0>,38,1,[ 1 13],39,268,269,229,245
1,<environment.Job instance at 0x14966eaa8320>,19,21,[14  2],20,261,282,241,261
1,<environment.Job instance at 0x14966eaab500>,46,21,[2 6],47,282,303,235,276
1,<environment.Job instance at 0x14966eaab550>,47,26,[12  2],48,282,308,234,279
1,<environment.Job instance at 0x14966eaab960>,49,25,[11  2],50,308,333,258,304
1,<environment.Job instance at 0x14966eaab410>,42,23,[ 1 14],43,333,356,290,328
1,<environment.Job instance at 0x14966eaab820>,53,27,[9 1],54,333,360,279,331
1,<environment.Job instance at 0x14966eaabc30>,54,22,[9 1],55,360,382,305,353
1,<environment.Job instance at 0x14966eaabbe0>,55,20,[ 1 14],56,356,376,300,353
1,<environment.Job instance at 0x14966eaab910>,56,1,[12  2],57,382,383,325,356
1,<environment.Job instance at 0x14966eaab460>,43,3,[ 1 14],44,376,379,332,361
1,<environment.Job instance at 0x14966eaab0a0>,41,18,[ 2 13],42,379,397,337,376
1,<environment.Job instance at 0x14966eaabfa0>,61,22,[14  1],62,397,419,335,390
1,<environment.Job instance at 0x14966eaae0f0>,62,3,[6 2],63,393,396,330,393
1,<environment.Job instance at 0x14966eaabb40>,59,18,[ 2 12],60,419,437,359,419
1,<environment.Job instance at 0x14966eaae2d0>,64,2,[11  2],65,419,421,354,419
1,<environment.Job instance at 0x14966eaae1e0>,65,21,[10  1],66,421,442,355,419
1,<environment.Job instance at 0x14966eaaba00>,52,12,[13  2],53,442,454,389,437
1,<environment.Job instance at 0x14966eaabf00>,60,3,[ 1 11],61,438,441,377,438
1,<environment.Job instance at 0x14966eaae4b0>,67,19,[11  1],68,454,473,386,445
1,<environment.Job instance at 0x14966eaae3c0>,70,20,[ 2 14],71,454,474,383,447
1,<environment.Job instance at 0x14966eaae730>,71,12,[ 2 11],72,480,492,408,480
1,<environment.Job instance at 0x14966eaae640>,72,16,[ 2 12],73,492,508,419,481
1,<environment.Job instance at 0x14966eaae500>,69,14,[12  2],70,489,503,419,489
1,<environment.Job instance at 0x14966eaae870>,73,3,[ 1 11],74,508,511,434,489
1,<environment.Job instance at 0x14966eaae780>,77,19,[8 1],78,503,522,425,496
1,<environment.Job instance at 0x14966eaae320>,74,1,[14  2],75,522,523,447,496
1,<environment.Job instance at 0x14966eaaeb40>,79,19,[14  1],80,523,542,443,513
1,<environment.Job instance at 0x14966eab0050>,86,21,[ 1 12],87,529,550,442,529
1,<environment.Job instance at 0x14966eaae140>,66,14,[14  2],67,546,560,479,546
1,<environment.Job instance at 0x14966eab0280>,89,12,[11  1],90,561,573,471,561
1,<environment.Job instance at 0x14966eab0460>,90,27,[ 2 14],91,561,588,470,561
1,<environment.Job instance at 0x14966eab0320>,91,2,[12  2],92,588,590,496,574
1,<environment.Job instance at 0x14966eab0640>,92,24,[2 9],93,588,612,495,583
1,<environment.Job instance at 0x14966eab05f0>,93,3,[ 1 14],94,612,615,518,592
1,<environment.Job instance at 0x14966eab08c0>,94,3,[6 2],95,592,595,497,592
1,<environment.Job instance at 0x14966eab0af0>,96,16,[ 2 11],97,633,649,536,633
1,<environment.Job instance at 0x14966eab0b90>,97,2,[ 1 12],98,649,651,551,640
1,<environment.Job instance at 0x14966eab0c30>,98,25,[13  2],99,640,665,541,640
1,<environment.Job instance at 0x14966eab0cd0>,99,27,[1 8],100,651,678,551,649
1,<environment.Job instance at 0x14966eab0f50>,102,22,[ 2 14],103,678,700,575,671
1,<environment.Job instance at 0x14966eab0f00>,103,3,[13  1],104,693,696,589,693
1,<environment.Job instance at 0x14966eab0e10>,105,22,[ 2 12],106,700,722,594,700
1,<environment.Job instance at 0x14966eab42d0>,107,16,[13  1],108,705,721,597,705
1,<environment.Job instance at 0x14966eab4370>,108,18,[6 2],109,721,739,612,712
1,<environment.Job instance at 0x14966eab4410>,109,24,[10  2],110,739,763,629,734
1,<environment.Job instance at 0x14966eab4550>,111,1,[14  2],112,763,764,651,738
1,<environment.Job instance at 0x14966eab45f0>,112,3,[2 8],113,744,747,631,744
1,<environment.Job instance at 0x14966eab4640>,113,28,[2 5],114,764,792,650,763
1,<environment.Job instance at 0x14966eaaba50>,51,2,[ 2 13],52,792,794,740,771
1,<environment.Job instance at 0x14966eab47d0>,114,3,[ 2 13],115,794,797,679,777
1,<environment.Job instance at 0x14966eab4050>,118,28,[7 2],119,778,806,659,778
1,<environment.Job instance at 0x14966eaae190>,63,13,[ 2 13],64,797,810,733,791
1,<environment.Job instance at 0x14966eab4c30>,120,21,[1 5],121,810,831,689,803
1,<environment.Job instance at 0x14966eab4730>,119,17,[ 2 14],120,831,848,711,826
1,<environment.Job instance at 0x14966eab4d70>,122,20,[13  2],123,848,868,725,839
1,<environment.Job instance at 0x14966eab0140>,87,18,[ 1 12],88,848,866,760,839
1,<environment.Job instance at 0x14966eab4e10>,123,15,[12  1],124,868,883,744,866
1,<environment.Job instance at 0x14966ea9f6e0>,128,26,[12  2],129,883,909,754,880
1,<environment.Job instance at 0x14966ea9f190>,129,25,[ 2 12],130,880,905,750,880
1,<environment.Job instance at 0x14966ea9f280>,130,27,[12  2],131,909,936,778,907
1,<environment.Job instance at 0x14966ea9f140>,131,18,[ 2 11],132,911,929,779,911
1,<environment.Job instance at 0x14966ea9f0a0>,132,19,[11  2],133,936,955,803,926
1,<environment.Job instance at 0x14966ea9f050>,133,23,[ 1 12],134,929,952,795,926
1,<environment.Job instance at 0x14966eab4cd0>,121,15,[ 1 11],122,952,967,830,948
1,<environment.Job instance at 0x14966ea9f640>,135,17,[ 1 11],136,967,984,831,955
1,<environment.Job instance at 0x14966ef9afa0>,136,23,[ 1 14],137,984,1007,847,978
1,<environment.Job instance at 0x14966ef12640>,137,27,[1 9],138,1007,1034,869,1005
1,<environment.Job instance at 0x14966ef045f0>,134,14,[12  1],135,1007,1021,872,1007
1,<environment.Job instance at 0x14966eef8370>,139,3,[1 7],140,1034,1037,894,1008
1,<environment.Job instance at 0x14966ea9f0f0>,140,23,[ 2 13],141,1037,1060,896,1032
1,<environment.Job instance at 0x14966efa9dc0>,141,2,[ 1 13],142,1060,1062,918,1047
1,<environment.Job instance at 0x14966efcae60>,142,16,[11  2],143,1057,1073,914,1057
1,<environment.Job instance at 0x14966ef70140>,143,25,[ 1 12],144,1062,1087,918,1058
1,<environment.Job instance at 0x14966f2245f0>,144,27,[ 1 12],145,1087,1114,942,1085
1,<environment.Job instance at 0x14966efa00f0>,145,2,[14  1],146,1086,1088,940,1086
1,<environment.Job instance at 0x14966ef55d20>,146,22,[12  2],147,1088,1110,941,1086
1,<environment.Job instance at 0x14966ef55e60>,147,20,[ 1 12],148,1114,1134,966,1106
1,<environment.Job instance at 0x1496709b65f0>,149,25,[1 8],164,1134,1159,970,1130
1,<environment.Job instance at 0x14966eee87d0>,138,3,[ 1 12],139,1159,1162,1020,1158
1,<environment.Job instance at 0x14966eab4910>,116,3,[ 1 13],117,1177,1180,1060,1177
1,<environment.Job instance at 0x14966eab0190>,88,12,[ 1 14],89,1384,1396,1295,1384
1,<environment.Job instance at 0x14966ea9f7d0>,127,12,[ 1 13],128,1725,1737,1597,1725
1,<environment.Job instance at 0x14966c2ef2d0>,2,3,[11  2],3,13,16,10,13
1,<environment.Job instance at 0x149670bfbaf0>,7,28,[ 1 11],8,13,41,5,13
1,<environment.Job instance at 0x149670bfb690>,8,25,[ 1 12],9,41,66,32,37
1,<environment.Job instance at 0x149670bfb0f0>,5,3,[12  1],6,55,58,49,55
1,<environment.Job instance at 0x149670a61050>,11,26,[ 1 14],12,66,92,54,63
1,<environment.Job instance at 0x149670a61460>,12,26,[ 2 12],13,92,118,79,89
1,<environment.Job instance at 0x14966c2ef320>,1,1,[11  1],2,92,93,90,92
1,<environment.Job instance at 0x149670a611e0>,14,25,[10  1],15,93,118,78,92
1,<environment.Job instance at 0x149670a61230>,13,2,[ 2 11],14,118,120,104,92
1,<environment.Job instance at 0x149670a61f50>,16,26,[13  1],17,118,144,101,115
1,<environment.Job instance at 0x149670a61be0>,19,20,[1 9],20,120,140,100,117
1,<environment.Job instance at 0x149670b915f0>,18,19,[1 5],19,120,139,101,117
1,<environment.Job instance at 0x149670a73500>,22,24,[ 1 13],23,140,164,117,135
1,<environment.Job instance at 0x1496709b7370>,23,23,[5 1],24,144,167,120,139
1,<environment.Job instance at 0x1496711c3320>,24,24,[ 1 13],25,164,188,139,159
1,<environment.Job instance at 0x14967108e500>,25,21,[11  1],26,167,188,141,159
1,<environment.Job instance at 0x149670baaf00>,27,1,[12  2],28,188,189,160,161
1,<environment.Job instance at 0x149675dd6c80>,28,1,[ 2 14],29,189,190,160,167
1,<environment.Job instance at 0x149670a61d70>,29,28,[ 2 13],30,190,218,160,189
1,<environment.Job instance at 0x14967108bc80>,30,22,[11  2],31,190,212,159,189
1,<environment.Job instance at 0x149670a30b90>,31,26,[7 2],32,212,238,180,209
1,<environment.Job instance at 0x149670baad20>,26,19,[ 2 12],27,218,237,191,217
1,<environment.Job instance at 0x149675dd6c30>,32,21,[13  2],33,238,259,205,230
1,<environment.Job instance at 0x149671092aa0>,34,27,[2 7],35,237,264,202,235
1,<environment.Job instance at 0x1496709c1730>,35,20,[1 5],36,259,279,223,250
1,<environment.Job instance at 0x14966f224a00>,38,19,[1 6],39,264,283,225,256
1,<environment.Job instance at 0x149670a30320>,33,3,[ 2 13],34,283,286,249,275
1,<environment.Job instance at 0x149670bcf870>,40,28,[7 1],41,275,303,234,275
1,<environment.Job instance at 0x149670bcf190>,41,28,[ 2 13],42,286,314,244,285
1,<environment.Job instance at 0x14967118ee10>,46,24,[ 2 10],47,314,338,267,309
1,<environment.Job instance at 0x1496711975a0>,48,25,[5 2],49,309,334,260,309
1,<environment.Job instance at 0x149671197d70>,49,18,[ 1 10],50,338,356,288,327
1,<environment.Job instance at 0x149671197a00>,50,24,[11  2],51,334,358,283,329
1,<environment.Job instance at 0x149671197c80>,53,28,[ 1 14],54,358,386,304,357
1,<environment.Job instance at 0x149671197f50>,56,22,[ 2 11],57,386,408,329,379
1,<environment.Job instance at 0x149671197e60>,57,20,[7 2],58,386,406,328,379
1,<environment.Job instance at 0x149670b3a0f0>,4,15,[11  2],5,412,427,407,412
1,<environment.Job instance at 0x1496711205a0>,59,19,[13  2],60,427,446,367,417
1,<environment.Job instance at 0x149671120a00>,60,24,[1 5],61,417,441,356,417
1,<environment.Job instance at 0x149671120dc0>,62,19,[13  2],63,446,465,383,437
1,<environment.Job instance at 0x149670a64640>,63,25,[11  1],64,465,490,401,461
1,<environment.Job instance at 0x14966f2249b0>,39,12,[ 2 14],40,484,496,444,484
1,<environment.Job instance at 0x149671120780>,65,20,[9 1],66,490,510,424,484
1,<environment.Job instance at 0x1496710bff50>,68,20,[7 1],69,510,530,441,501
1,<environment.Job instance at 0x1496710bfc80>,69,27,[2 8],70,501,528,431,501
1,<environment.Job instance at 0x1496710bf870>,70,28,[ 2 13],71,528,556,457,527
1,<environment.Job instance at 0x1496710bf050>,71,3,[11  2],72,552,555,480,552
1,<environment.Job instance at 0x1496710bf280>,72,26,[ 1 10],73,556,582,483,553
1,<environment.Job instance at 0x149671196910>,73,25,[13  2],74,555,580,481,553
1,<environment.Job instance at 0x1496711965a0>,74,22,[ 1 13],75,582,604,507,575
1,<environment.Job instance at 0x149671196460>,75,16,[10  1],76,580,596,504,575
1,<environment.Job instance at 0x149671196e60>,77,26,[9 1],78,596,622,518,593
1,<environment.Job instance at 0x149671196c80>,78,26,[6 2],79,604,630,525,601
1,<environment.Job instance at 0x1496711965f0>,82,1,[ 2 13],83,630,631,547,630
1,<environment.Job instance at 0x149671120280>,58,12,[ 2 12],59,631,643,572,631
1,<environment.Job instance at 0x1496710b6460>,84,24,[ 1 11],85,643,667,558,638
1,<environment.Job instance at 0x1496710b6d70>,85,19,[10  2],86,642,661,556,642
1,<environment.Job instance at 0x1496710b6b40>,86,1,[ 1 11],87,667,668,580,664
1,<environment.Job instance at 0x1496710b67d0>,88,20,[ 1 13],89,668,688,579,664
1,<environment.Job instance at 0x149671121aa0>,91,28,[9 1],92,670,698,578,670
1,<environment.Job instance at 0x1496710b68c0>,87,2,[12  2],88,698,700,610,672
1,<environment.Job instance at 0x149671121fa0>,93,23,[13  2],94,700,723,606,694
1,<environment.Job instance at 0x149671121f00>,95,24,[ 1 10],96,699,723,603,699
1,<environment.Job instance at 0x149671121d70>,94,3,[ 1 13],95,723,726,628,717
1,<environment.Job instance at 0x149671121730>,96,3,[ 2 12],97,728,731,631,728
1,<environment.Job instance at 0x14967147d820>,98,21,[2 6],99,731,752,632,728
1,<environment.Job instance at 0x1496711bc9b0>,99,19,[2 9],100,731,750,631,729
1,<environment.Job instance at 0x1496711210a0>,97,3,[ 2 13],98,752,755,654,730
1,<environment.Job instance at 0x149670928d20>,101,24,[10  1],102,750,774,648,745
1,<environment.Job instance at 0x149670b952d0>,102,20,[13  2],103,774,794,671,765
1,<environment.Job instance at 0x1496754c70a0>,103,22,[6 2],104,794,816,690,788
1,<environment.Job instance at 0x1496754c7eb0>,104,12,[7 1],105,794,806,689,789
1,<environment.Job instance at 0x1496754c7280>,106,2,[11  2],107,816,818,709,792
1,<environment.Job instance at 0x1496709bc500>,107,3,[6 1],108,806,809,698,794
1,<environment.Job instance at 0x149670905550>,108,24,[12  1],109,818,842,709,813
1,<environment.Job instance at 0x1496754ad9b0>,109,1,[2 8],110,815,816,705,815
1,<environment.Job instance at 0x149675e05a50>,111,27,[ 1 13],112,816,843,704,816
1,<environment.Job instance at 0x14967111d4b0>,112,20,[14  1],113,842,862,729,833
1,<environment.Job instance at 0x149670a62550>,113,22,[12  1],114,862,884,748,855
1,<environment.Job instance at 0x149670a7b190>,114,1,[ 1 12],115,856,857,741,856
1,<environment.Job instance at 0x149675d79e10>,115,20,[2 9],116,862,882,746,857
1,<environment.Job instance at 0x149670b38eb0>,116,28,[1 7],117,882,910,765,881
1,<environment.Job instance at 0x149670981910>,117,28,[10  1],118,884,912,766,883
1,<environment.Job instance at 0x149675416fa0>,118,1,[12  1],119,912,913,793,884
1,<environment.Job instance at 0x149670918690>,120,21,[ 2 12],121,910,931,789,902
1,<environment.Job instance at 0x149675e79d70>,121,1,[12  1],122,913,914,791,907
1,<environment.Job instance at 0x149670a450a0>,122,12,[8 1],123,914,926,791,908
1,<environment.Job instance at 0x149670a451e0>,123,21,[ 2 13],124,931,952,807,923
1,<environment.Job instance at 0x149670a457d0>,124,3,[ 2 11],125,952,955,827,926
1,<environment.Job instance at 0x14967097c320>,126,3,[11  2],127,942,945,815,942
1,<environment.Job instance at 0x14967097c780>,127,24,[2 6],128,955,979,827,950
1,<environment.Job instance at 0x14967097c9b0>,128,3,[11  1],129,962,965,833,962
1,<environment.Job instance at 0x14967097caf0>,129,26,[5 1],130,965,991,835,962
1,<environment.Job instance at 0x14967541b4b0>,131,25,[2 7],132,966,991,834,966
1,<environment.Job instance at 0x14967541b500>,132,23,[8 2],133,979,1002,846,973
1,<environment.Job instance at 0x14967090aa50>,133,22,[ 1 13],134,991,1013,857,984
1,<environment.Job instance at 0x14967111c640>,134,23,[11  1],135,1002,1025,867,996
1,<environment.Job instance at 0x149670a2a0f0>,136,25,[ 2 14],137,1013,1038,876,1009
1,<environment.Job instance at 0x1496709b6d20>,137,12,[13  1],138,1025,1037,887,1021
1,<environment.Job instance at 0x1496709153c0>,140,20,[7 1],141,1037,1057,896,1028
1,<environment.Job instance at 0x149670a446e0>,143,3,[9 2],144,1057,1060,913,1040
1,<environment.Job instance at 0x149670a87c80>,144,22,[7 2],145,1060,1082,915,1053
1,<environment.Job instance at 0x149670a44460>,145,27,[2 7],146,1053,1080,907,1053
1,<environment.Job instance at 0x1496709b1c80>,146,21,[1 7],160,1080,1101,920,1073
1,<environment.Job instance at 0x149675e93e10>,147,27,[2 9],161,1101,1128,940,1099
1,<environment.Job instance at 0x1496709e2cd0>,149,28,[2 5],168,1100,1128,932,1100
1,<environment.Job instance at 0x149670a61640>,10,12,[ 2 14],11,1128,1140,1117,1125
1,<environment.Job instance at 0x14967147da00>,100,14,[11  2],101,1152,1166,1051,1152
1,<environment.Job instance at 0x149670b3a690>,6,3,[13  2],7,1166,1169,1159,1155
1,<environment.Job instance at 0x149670a64320>,64,12,[ 2 13],65,1310,1322,1245,1310
1,<environment.Job instance at 0x14966c2e1870>,1,20,[14  2],2,2,22,0,2
1,<environment.Job instance at 0x149675e01870>,4,23,[11  2],5,22,45,17,16
1,<environment.Job instance at 0x14964d514640>,8,20,[12  2],9,45,65,36,39
1,<environment.Job instance at 0x14964d5145a0>,10,18,[2 6],11,44,62,33,44
1,<environment.Job instance at 0x14964d514a00>,11,22,[11  1],12,65,87,53,58
1,<environment.Job instance at 0x14964d514730>,9,2,[ 1 11],10,62,64,52,58
1,<environment.Job instance at 0x14964d514b40>,13,21,[9 2],14,87,108,73,79
1,<environment.Job instance at 0x14964d514e10>,16,28,[2 5],17,79,107,62,79
1,<environment.Job instance at 0x149675e015f0>,0,18,[12  1],1,108,126,107,103
1,<environment.Job instance at 0x14964d514d70>,19,23,[1 9],20,109,132,89,109
1,<environment.Job instance at 0x14964d514e60>,18,28,[12  2],19,126,154,107,125
1,<environment.Job instance at 0x14964d514cd0>,21,21,[2 6],22,132,153,110,125
1,<environment.Job instance at 0x14964d5149b0>,14,14,[11  2],15,154,168,139,146
1,<environment.Job instance at 0x14964d514f50>,20,17,[ 1 11],21,153,170,132,148
1,<environment.Job instance at 0x14964d514aa0>,15,21,[11  2],16,168,189,152,160
1,<environment.Job instance at 0x14964d516460>,26,21,[ 2 12],27,170,191,143,169
1,<environment.Job instance at 0x14964d516500>,27,3,[ 1 13],28,191,194,163,172
1,<environment.Job instance at 0x14964d516140>,24,16,[12  2],25,189,205,164,180
1,<environment.Job instance at 0x14964d5166e0>,31,25,[1 8],32,194,219,162,191
1,<environment.Job instance at 0x14964d516730>,32,3,[14  1],33,205,208,172,205
1,<environment.Job instance at 0x14964d516780>,33,3,[ 2 13],34,219,222,185,216
1,<environment.Job instance at 0x14964d516820>,34,23,[ 1 12],35,222,245,187,216
1,<environment.Job instance at 0x14964d5168c0>,35,22,[10  1],36,216,238,180,216
1,<environment.Job instance at 0x149675e014b0>,2,15,[ 1 13],3,251,266,248,251
1,<environment.Job instance at 0x14964d516550>,29,16,[ 2 13],30,266,282,236,254
1,<environment.Job instance at 0x14964d516b40>,39,26,[7 2],40,257,283,217,257
1,<environment.Job instance at 0x14964d516aa0>,37,24,[1 6],38,282,306,244,277
1,<environment.Job instance at 0x14964d516c30>,41,27,[11  1],42,283,310,241,281
1,<environment.Job instance at 0x14964d516e60>,43,25,[9 2],44,310,335,266,306
1,<environment.Job instance at 0x14964d516fa0>,45,27,[13  1],46,335,362,289,333
1,<environment.Job instance at 0x14964d516f00>,44,18,[ 1 14],45,335,353,290,335
1,<environment.Job instance at 0x14964d5191e0>,47,26,[12  2],48,362,388,314,359
1,<environment.Job instance at 0x14964d519280>,48,25,[12  2],49,388,413,339,384
1,<environment.Job instance at 0x14964d519320>,49,23,[9 1],50,413,436,363,407
1,<environment.Job instance at 0x14964d5193c0>,50,24,[2 7],51,407,431,356,407
1,<environment.Job instance at 0x14964d516a00>,36,1,[ 1 12],37,431,432,394,428
1,<environment.Job instance at 0x14964d519460>,51,19,[ 1 12],52,432,451,380,429
1,<environment.Job instance at 0x14964d519640>,54,24,[2 8],55,451,475,396,446
1,<environment.Job instance at 0x14964d5196e0>,55,27,[9 1],56,446,473,390,446
1,<environment.Job instance at 0x14964d519820>,56,21,[2 7],57,473,494,416,465
1,<environment.Job instance at 0x14964d519730>,57,1,[8 1],58,475,476,417,466
1,<environment.Job instance at 0x14964d519140>,46,1,[13  1],47,478,479,431,478
1,<environment.Job instance at 0x14964d519b90>,59,24,[5 1],60,479,503,419,478
1,<environment.Job instance at 0x14964d519910>,58,15,[ 1 14],59,494,509,435,488
1,<environment.Job instance at 0x14964d519c30>,60,15,[ 2 12],61,509,524,448,509
1,<environment.Job instance at 0x14964d519e10>,63,19,[ 1 11],64,524,543,460,518
1,<environment.Job instance at 0x14964d519dc0>,64,27,[6 1],65,518,545,453,518
1,<environment.Job instance at 0x14964d5160f0>,30,14,[14  2],31,545,559,514,530
1,<environment.Job instance at 0x14964d51b2d0>,69,23,[1 6],70,543,566,473,537
1,<environment.Job instance at 0x14964d51b4b0>,72,28,[2 6],73,559,587,486,559
1,<environment.Job instance at 0x14964d51b550>,73,28,[1 7],74,566,594,492,565
1,<environment.Job instance at 0x14964d51b5f0>,74,20,[8 1],75,566,586,491,566
1,<environment.Job instance at 0x14964d51b280>,70,17,[11  1],71,586,603,515,579
1,<environment.Job instance at 0x14964d51b730>,76,25,[12  1],77,603,628,526,600
1,<environment.Job instance at 0x14964d51b6e0>,77,26,[13  1],78,628,654,550,625
1,<environment.Job instance at 0x14964d519d70>,62,18,[ 2 14],63,641,659,578,641
1,<environment.Job instance at 0x14964d51b7d0>,80,22,[14  2],81,659,681,578,652
1,<environment.Job instance at 0x14964d51ba00>,79,16,[ 1 11],80,659,675,579,653
1,<environment.Job instance at 0x14964d51baa0>,81,3,[12  2],82,681,684,599,672
1,<environment.Job instance at 0x14964d51bb90>,83,28,[6 2],84,684,712,600,683
1,<environment.Job instance at 0x14964d51baf0>,82,3,[11  1],83,712,715,629,701
1,<environment.Job instance at 0x14964d51bd20>,85,21,[13  1],86,715,736,629,707
1,<environment.Job instance at 0x14964d51be60>,87,26,[1 5],88,718,744,630,718
1,<environment.Job instance at 0x14964d51bb40>,84,20,[12  1],85,736,756,651,729
1,<environment.Job instance at 0x14964d51e140>,91,1,[13  2],92,756,757,664,739
1,<environment.Job instance at 0x14964d51e1e0>,92,28,[1 9],93,739,767,646,739
1,<environment.Job instance at 0x14964d51e320>,94,3,[9 1],95,760,763,665,760
1,<environment.Job instance at 0x14964d51e3c0>,95,21,[9 1],96,763,784,667,763
1,<environment.Job instance at 0x14964d51e460>,96,21,[12  1],97,784,805,687,776
1,<environment.Job instance at 0x14964d51e5a0>,98,28,[5 1],99,805,833,706,804
1,<environment.Job instance at 0x14964d51e6e0>,100,24,[ 2 10],101,804,828,703,804
1,<environment.Job instance at 0x14964d51e780>,101,20,[11  1],102,833,853,731,826
1,<environment.Job instance at 0x14964d51e050>,90,17,[ 2 12],91,828,845,737,828
1,<environment.Job instance at 0x14964d51eaf0>,103,2,[7 1],104,828,830,724,828
1,<environment.Job instance at 0x14964d51ea50>,104,13,[14  2],105,853,866,748,848
1,<environment.Job instance at 0x14964d51e960>,105,3,[8 1],106,866,869,760,852
1,<environment.Job instance at 0x14964d51ebe0>,107,25,[13  1],108,869,894,761,865
1,<environment.Job instance at 0x14964d51ec80>,108,1,[2 8],109,867,868,758,867
1,<environment.Job instance at 0x14964d51ef50>,109,23,[11  2],110,894,917,784,888
1,<environment.Job instance at 0x14964d51ee60>,110,14,[ 2 10],111,903,917,792,903
1,<environment.Job instance at 0x14964d51eb90>,111,1,[ 1 14],112,917,918,805,903
1,<environment.Job instance at 0x14964d51e0f0>,112,21,[ 1 13],113,918,939,805,913
1,<environment.Job instance at 0x14964d520050>,113,21,[5 1],114,917,938,803,914
1,<environment.Job instance at 0x14964d51e820>,102,15,[ 1 13],103,939,954,836,939
1,<environment.Job instance at 0x14964d5201e0>,115,3,[ 2 13],116,954,957,838,952
1,<environment.Job instance at 0x14964d520280>,116,26,[10  2],117,953,979,836,953
1,<environment.Job instance at 0x14964d520320>,117,28,[14  1],118,979,1007,861,978
1,<environment.Job instance at 0x14964d520500>,119,25,[11  1],120,1007,1032,887,1003
1,<environment.Job instance at 0x14964d520140>,114,16,[14  1],115,1032,1048,917,1025
1,<environment.Job instance at 0x14964d5206e0>,123,16,[11  2],124,1048,1064,924,1045
1,<environment.Job instance at 0x14964d520780>,124,2,[ 1 11],125,1045,1047,920,1045
1,<environment.Job instance at 0x14964d5209b0>,125,28,[11  2],126,1064,1092,938,1064
1,<environment.Job instance at 0x14964d520190>,126,24,[ 2 13],127,1064,1088,937,1064
1,<environment.Job instance at 0x14964d51b870>,78,13,[14  1],79,1092,1105,1013,1076
1,<environment.Job instance at 0x14964d520d70>,129,23,[2 9],130,1105,1128,975,1099
1,<environment.Job instance at 0x14964d520f50>,132,28,[ 2 10],133,1128,1156,995,1127
1,<environment.Job instance at 0x14964d5205a0>,121,2,[11  1],122,1129,1131,1007,1129
1,<environment.Job instance at 0x14964d5232d0>,137,21,[13  1],138,1131,1152,993,1129
1,<environment.Job instance at 0x14964d520c30>,127,17,[ 2 12],128,1156,1173,1028,1147
1,<environment.Job instance at 0x149670b89870>,142,28,[2 5],143,1173,1201,1030,1173
1,<environment.Job instance at 0x14964d50a640>,143,27,[ 1 12],144,1201,1228,1057,1199
1,<environment.Job instance at 0x14964d50a190>,144,25,[2 8],147,1228,1253,1081,1224
1,<environment.Job instance at 0x14964d50a460>,145,28,[5 2],149,1225,1253,1076,1225
1,<environment.Job instance at 0x14964d50a2d0>,146,27,[11  1],161,1253,1280,1092,1251
1,<environment.Job instance at 0x14964d62f3c0>,148,24,[ 1 14],170,1271,1295,1101,1271
1,<environment.Job instance at 0x14964d523410>,139,3,[ 2 13],140,1295,1298,1155,1279
1,<environment.Job instance at 0x14964d523370>,138,18,[ 2 12],139,1298,1316,1159,1287
1,<environment.Job instance at 0x14964d5165f0>,28,18,[ 2 14],29,1446,1464,1417,1446
1,<environment.Job instance at 0x14964d5195a0>,53,13,[14  2],54,1687,1700,1633,1687
1,<environment.Job instance at 0x14964d52ddc0>,1,21,[10  2],2,2,23,0,2
1,<environment.Job instance at 0x14964d52de60>,0,20,[ 2 13],1,4,24,3,4
1,<environment.Job instance at 0x14964d52dcd0>,4,24,[6 2],5,23,47,18,22
1,<environment.Job instance at 0x14964da6ce60>,8,22,[ 2 11],9,24,46,15,24
1,<environment.Job instance at 0x14964da6c820>,14,26,[9 2],15,46,72,31,45
1,<environment.Job instance at 0x14964da6cc80>,6,27,[ 2 12],7,47,74,40,45
1,<environment.Job instance at 0x14964da6c910>,19,28,[ 1 11],20,74,102,54,74
1,<environment.Job instance at 0x14964da6c730>,7,20,[11  1],8,80,100,72,80
1,<environment.Job instance at 0x14964da6c8c0>,13,20,[ 1 12],14,102,122,88,94
1,<environment.Job instance at 0x14964da64af0>,24,22,[14  2],25,100,122,75,95
1,<environment.Job instance at 0x14964da64cd0>,27,23,[14  2],28,122,145,94,119
1,<environment.Job instance at 0x14964da6cb90>,17,17,[ 1 13],18,125,142,107,125
1,<environment.Job instance at 0x14964da61320>,30,1,[9 2],31,145,146,114,131
1,<environment.Job instance at 0x14964da61aa0>,33,1,[11  2],34,146,147,112,145
1,<environment.Job instance at 0x14964da61820>,34,25,[14  1],35,147,172,112,145
1,<environment.Job instance at 0x14964da61960>,35,21,[2 5],36,172,193,136,168
1,<environment.Job instance at 0x14964da64e10>,25,1,[ 2 11],26,193,194,167,171
1,<environment.Job instance at 0x14964da61370>,37,24,[5 2],38,172,196,134,171
1,<environment.Job instance at 0x14964da618c0>,36,21,[ 1 11],37,194,215,157,186
1,<environment.Job instance at 0x14964da61b90>,40,24,[5 2],41,192,216,151,192
1,<environment.Job instance at 0x14964da5e140>,42,21,[1 6],43,215,236,172,209
1,<environment.Job instance at 0x14964da61a50>,38,2,[ 1 14],39,236,238,197,215
1,<environment.Job instance at 0x14964da5e410>,44,24,[2 9],45,238,262,193,233
1,<environment.Job instance at 0x14964da5ee60>,46,19,[7 1],47,238,257,191,238
1,<environment.Job instance at 0x14964da5e460>,48,14,[13  1],49,260,274,211,260
1,<environment.Job instance at 0x14964da5eb40>,49,2,[2 6],50,269,271,219,269
1,<environment.Job instance at 0x14964da5ecd0>,50,1,[1 7],51,274,275,223,274
1,<environment.Job instance at 0x14964da5eeb0>,51,3,[ 2 11],52,276,279,224,276
1,<environment.Job instance at 0x14964da5ea00>,52,26,[2 9],53,279,305,226,276
1,<environment.Job instance at 0x14964da5eaa0>,53,13,[13  1],54,282,295,228,282
1,<environment.Job instance at 0x1496709991e0>,54,3,[14  2],55,305,308,250,284
1,<environment.Job instance at 0x14964d9f4230>,55,20,[14  1],56,308,328,252,299
1,<environment.Job instance at 0x14964d9f7460>,56,3,[13  2],57,328,331,271,308
1,<environment.Job instance at 0x14964d9f7f50>,58,23,[14  2],59,331,354,272,325
1,<environment.Job instance at 0x14964da6c1e0>,9,14,[ 1 12],10,338,352,328,338
1,<environment.Job instance at 0x14964d9cf960>,62,24,[ 1 11],63,352,376,289,347
1,<environment.Job instance at 0x14964d9f7730>,59,1,[ 1 12],60,376,377,316,371
1,<environment.Job instance at 0x14964d9cfbe0>,63,28,[2 7],64,377,405,313,376
1,<environment.Job instance at 0x14964d9cf0a0>,64,18,[ 2 14],65,406,424,341,406
1,<environment.Job instance at 0x14964d9cffa0>,67,24,[10  2],68,424,448,356,419
1,<environment.Job instance at 0x14964d9cfd70>,68,24,[8 1],69,448,472,379,443
1,<environment.Job instance at 0x14964d9cf5f0>,70,25,[12  2],71,472,497,401,469
1,<environment.Job instance at 0x14964d9cfb40>,71,28,[ 1 12],72,469,497,397,469
1,<environment.Job instance at 0x14964d9cfaf0>,73,28,[ 2 10],74,497,525,423,496
1,<environment.Job instance at 0x14964dae6690>,74,20,[10  2],75,497,517,422,497
1,<environment.Job instance at 0x1496773a8190>,75,20,[11  2],76,517,537,441,511
1,<environment.Job instance at 0x149674da4f00>,77,19,[1 7],78,535,554,457,535
1,<environment.Job instance at 0x14964d9cf3c0>,79,21,[14  2],80,537,558,457,536
1,<environment.Job instance at 0x1496753ffa00>,80,20,[ 1 13],81,554,574,473,548
1,<environment.Job instance at 0x14964daf0dc0>,81,23,[2 7],82,574,597,492,569
1,<environment.Job instance at 0x14964d9cf4b0>,66,2,[11  2],67,593,595,526,593
1,<environment.Job instance at 0x149674d9b8c0>,83,27,[2 8],84,595,622,511,593
1,<environment.Job instance at 0x149675402f50>,85,2,[ 2 13],86,622,624,536,606
1,<environment.Job instance at 0x149670bbbd20>,86,1,[ 2 13],87,624,625,537,621
1,<environment.Job instance at 0x149675dc4c80>,87,16,[12  1],88,625,641,537,625
1,<environment.Job instance at 0x14966c1d29b0>,90,1,[14  2],91,641,642,550,641
1,<environment.Job instance at 0x14966ef70640>,91,27,[13  1],92,642,669,550,641
1,<environment.Job instance at 0x14964da5e2d0>,43,15,[ 2 14],44,664,679,620,664
1,<environment.Job instance at 0x14966ef702d0>,92,19,[ 2 12],93,679,698,586,669
1,<environment.Job instance at 0x14966c205460>,97,24,[6 1],98,681,705,583,681
1,<environment.Job instance at 0x149675407f00>,98,25,[12  1],99,705,730,606,701
1,<environment.Job instance at 0x149675407cd0>,100,23,[5 1],101,730,753,629,725
1,<environment.Job instance at 0x14966ef6dbe0>,102,28,[ 1 12],103,726,754,623,726
1,<environment.Job instance at 0x149675407690>,103,24,[ 2 10],104,754,778,650,749
1,<environment.Job instance at 0x14966c17a190>,104,25,[11  2],105,753,778,648,750
1,<environment.Job instance at 0x14966efa9a00>,105,23,[ 1 14],106,778,801,672,773
1,<environment.Job instance at 0x149675402b90>,82,16,[ 2 12],83,803,819,720,803
1,<environment.Job instance at 0x14966c173aa0>,110,24,[ 2 12],111,819,843,708,814
1,<environment.Job instance at 0x1496754070f0>,101,15,[ 1 14],102,843,858,741,833
1,<environment.Job instance at 0x14966c1738c0>,113,24,[11  1],114,833,857,719,833
1,<environment.Job instance at 0x14966c173eb0>,114,1,[2 5],115,858,859,743,839
1,<environment.Job instance at 0x14966c1737d0>,115,24,[2 7],116,858,882,742,853
1,<environment.Job instance at 0x14966c173280>,116,19,[5 2],117,858,877,741,853
1,<environment.Job instance at 0x14966c1739b0>,117,18,[8 1],118,859,877,741,855
1,<environment.Job instance at 0x14966c173d70>,111,15,[11  2],112,879,894,767,879
1,<environment.Job instance at 0x14966c173a00>,119,3,[ 2 12],120,888,891,768,888
1,<environment.Job instance at 0x14966c1731e0>,121,24,[12  1],122,894,918,772,889
1,<environment.Job instance at 0x1496718a4500>,123,28,[ 2 12],124,891,919,767,890
1,<environment.Job instance at 0x1496718a4fa0>,125,20,[ 1 12],126,919,939,793,911
1,<environment.Job instance at 0x14966c173b40>,107,12,[ 1 12],108,950,962,842,950
1,<environment.Job instance at 0x1496718a4d70>,127,23,[9 2],128,950,973,822,950
1,<environment.Job instance at 0x1496718a4d20>,126,12,[ 1 11],127,962,974,835,954
1,<environment.Job instance at 0x149674dbbc80>,131,28,[12  1],132,973,1001,841,972
1,<environment.Job instance at 0x1496711bc910>,132,2,[ 1 11],133,975,977,842,975
1,<environment.Job instance at 0x149677761320>,135,22,[9 1],136,1001,1023,865,994
1,<environment.Job instance at 0x149677761870>,136,20,[8 2],137,1023,1043,886,1015
1,<environment.Job instance at 0x1496777615f0>,137,27,[14  2],138,1043,1070,905,1041
1,<environment.Job instance at 0x14964da61410>,29,3,[14  1],30,1070,1073,1040,1050
1,<environment.Job instance at 0x14966c173be0>,120,16,[ 1 14],121,1070,1086,949,1057
1,<environment.Job instance at 0x149677d16780>,141,18,[8 2],142,1086,1104,944,1075
1,<environment.Job instance at 0x149677d164b0>,142,18,[ 1 11],143,1091,1109,948,1091
1,<environment.Job instance at 0x149677d16a00>,143,25,[10  1],144,1104,1129,960,1100
1,<environment.Job instance at 0x149677d16460>,144,24,[ 1 14],145,1109,1133,964,1104
1,<environment.Job instance at 0x149677d16af0>,146,1,[14  1],147,1129,1130,982,1124
1,<environment.Job instance at 0x14966c1654b0>,147,28,[6 1],148,1130,1158,982,1130
1,<environment.Job instance at 0x14966c1655f0>,148,20,[ 1 11],149,1133,1153,984,1131
1,<environment.Job instance at 0x14966c165be0>,149,27,[2 6],150,1153,1180,1003,1151
1,<environment.Job instance at 0x14966c165690>,151,12,[ 1 14],152,1181,1193,1029,1181
1,<environment.Job instance at 0x14966c165f50>,152,14,[6 1],153,1182,1196,1029,1182
1,<environment.Job instance at 0x14966c165550>,153,2,[2 9],154,1193,1195,1039,1183
1,<environment.Job instance at 0x14966c165460>,154,21,[ 2 14],155,1195,1216,1040,1187
1,<environment.Job instance at 0x14966c165f00>,155,22,[14  1],156,1216,1238,1060,1209
1,<environment.Job instance at 0x14966c1615f0>,157,2,[ 1 13],172,1231,1233,1059,1231
1,<environment.Job instance at 0x14966c1611e0>,158,23,[11  2],173,1238,1261,1065,1232
1,<environment.Job instance at 0x149677e64370>,139,2,[ 1 13],140,1266,1268,1126,1266
1,<environment.Job instance at 0x14966c207820>,129,17,[ 2 14],130,1276,1293,1146,1276
1,<environment.Job instance at 0x14964da646e0>,20,12,[ 1 11],21,1403,1415,1382,1403
1,<environment.Job instance at 0x14964d83a550>,0,21,[ 1 14],1,1,22,0,1
1,<environment.Job instance at 0x14964d83a190>,2,26,[8 2],3,22,48,19,19
1,<environment.Job instance at 0x149670bc5820>,7,27,[7 1],8,22,49,14,22
1,<environment.Job instance at 0x149670bc50f0>,10,23,[13  2],11,49,72,38,43
1,<environment.Job instance at 0x149670bc5500>,12,23,[2 6],13,48,71,35,43
1,<environment.Job instance at 0x149670bc51e0>,14,28,[11  1],15,73,101,58,73
1,<environment.Job instance at 0x149670bc5d20>,16,22,[11  2],17,101,123,84,98
1,<environment.Job instance at 0x149670bc5460>,17,28,[13  1],18,123,151,105,122
1,<environment.Job instance at 0x149670bc5cd0>,20,24,[ 1 10],21,125,149,104,125
1,<environment.Job instance at 0x149670bc5a00>,21,28,[ 2 13],22,149,177,127,148
1,<environment.Job instance at 0x149670bc5e10>,22,26,[ 1 14],23,177,203,154,174
1,<environment.Job instance at 0x149670bc5eb0>,23,15,[11  1],24,176,191,152,176
1,<environment.Job instance at 0x14964d83ac30>,6,21,[ 2 12],7,203,224,196,197
1,<environment.Job instance at 0x149670be7230>,28,25,[11  1],29,197,222,168,197
1,<environment.Job instance at 0x149670be77d0>,27,1,[ 2 13],28,224,225,196,200
1,<environment.Job instance at 0x149670be7960>,30,28,[14  2],31,225,253,194,224
1,<environment.Job instance at 0x149670be7e10>,32,27,[ 1 13],33,230,257,197,230
1,<environment.Job instance at 0x149670be75f0>,33,23,[11  1],34,253,276,219,248
1,<environment.Job instance at 0x149670be7dc0>,34,27,[13  1],35,276,303,241,274
1,<environment.Job instance at 0x149670bc5870>,13,2,[12  2],14,303,305,289,279
1,<environment.Job instance at 0x149670be7500>,36,3,[ 1 13],37,287,290,250,287
1,<environment.Job instance at 0x149670be7e60>,39,25,[ 1 12],40,290,315,250,287
1,<environment.Job instance at 0x149670be7af0>,41,28,[ 2 13],42,315,343,273,314
1,<environment.Job instance at 0x149670be78c0>,38,15,[6 2],39,315,330,276,315
1,<environment.Job instance at 0x149675d53500>,44,26,[ 2 14],45,343,369,298,340
1,<environment.Job instance at 0x149675d53a00>,45,25,[1 8],46,369,394,323,365
1,<environment.Job instance at 0x149675d53d70>,46,18,[12  1],47,368,386,321,368
1,<environment.Job instance at 0x149675d53960>,48,28,[6 1],49,386,414,337,385
1,<environment.Job instance at 0x149675d538c0>,49,25,[14  1],50,414,439,364,410
1,<environment.Job instance at 0x149675d53e10>,47,2,[11  2],48,439,441,391,415
1,<environment.Job instance at 0x14964d9e0230>,51,3,[1 5],52,425,428,373,425
1,<environment.Job instance at 0x149675d53dc0>,50,23,[14  1],51,441,464,390,435
1,<environment.Job instance at 0x14964d9e0910>,54,14,[14  1],55,464,478,409,453
1,<environment.Job instance at 0x14964d9e0b90>,55,22,[ 2 10],56,478,500,422,473
1,<environment.Job instance at 0x14964d9e09b0>,57,27,[8 2],58,478,505,420,476
1,<environment.Job instance at 0x14964d9e0af0>,59,2,[ 2 14],60,505,507,445,491
1,<environment.Job instance at 0x14964d9e0960>,61,2,[ 2 13],62,500,502,438,497
1,<environment.Job instance at 0x14964d9e0dc0>,63,12,[2 8],64,507,519,443,498
1,<environment.Job instance at 0x14964d9e05f0>,65,21,[2 7],66,515,536,449,515
1,<environment.Job instance at 0x14964d9e08c0>,62,15,[14  1],63,536,551,473,526
1,<environment.Job instance at 0x149670be73c0>,29,3,[12  1],30,527,530,497,527
1,<environment.Job instance at 0x14964d9e0a00>,68,18,[12  2],69,551,569,482,547
1,<environment.Job instance at 0x149670bc5320>,19,14,[11  1],20,569,583,549,563
1,<environment.Job instance at 0x14964d9e0870>,71,19,[14  1],72,583,602,511,577
1,<environment.Job instance at 0x14964d9e0c30>,69,3,[ 1 13],70,582,585,512,582
1,<environment.Job instance at 0x1496711b98c0>,78,27,[12  1],79,602,629,523,600
1,<environment.Job instance at 0x1496711b9fa0>,80,26,[ 2 14],81,607,633,526,607
1,<environment.Job instance at 0x1496711b9c80>,79,2,[ 1 14],80,633,635,553,608
1,<environment.Job instance at 0x1496711b9910>,82,24,[14  1],83,633,657,550,628
1,<environment.Job instance at 0x1496711b9f00>,83,2,[1 9],84,635,637,551,629
1,<environment.Job instance at 0x1496711b9b90>,73,2,[ 1 12],74,653,655,579,653
1,<environment.Job instance at 0x1496711b9460>,87,18,[13  2],88,657,675,569,653
1,<environment.Job instance at 0x1496711b9a00>,88,13,[1 7],89,655,668,566,653
1,<environment.Job instance at 0x1496711b9be0>,89,25,[12  2],90,675,700,585,671
1,<environment.Job instance at 0x14964d9e0640>,66,17,[ 2 11],67,687,704,620,687
1,<environment.Job instance at 0x1496711410f0>,92,20,[7 2],93,700,720,607,694
1,<environment.Job instance at 0x149671141910>,93,17,[9 1],94,720,737,626,710
1,<environment.Job instance at 0x149671141f00>,95,24,[14  1],96,737,761,641,732
1,<environment.Job instance at 0x149671141eb0>,96,19,[ 2 11],97,761,780,664,753
1,<environment.Job instance at 0x149671141820>,97,24,[13  2],98,761,785,663,756
1,<environment.Job instance at 0x149671141690>,94,1,[13  1],95,785,786,690,773
1,<environment.Job instance at 0x14967102dc80>,102,27,[5 1],103,786,813,683,784
1,<environment.Job instance at 0x14967102d640>,103,27,[ 2 11],104,784,811,680,784
1,<environment.Job instance at 0x14967102d960>,104,28,[12  1],105,813,841,708,812
1,<environment.Job instance at 0x149670bc58c0>,18,16,[ 1 12],19,830,846,811,830
1,<environment.Job instance at 0x14967102d410>,107,20,[13  2],108,841,861,733,832
1,<environment.Job instance at 0x14967102d320>,108,26,[9 2],109,861,887,752,858
1,<environment.Job instance at 0x14967102dd70>,106,2,[ 1 11],107,861,863,754,861
1,<environment.Job instance at 0x149675e82870>,110,16,[2 5],111,868,884,757,868
1,<environment.Job instance at 0x149675e82d20>,112,1,[ 2 13],113,884,885,771,868
1,<environment.Job instance at 0x149675e82370>,115,3,[7 1],116,887,890,771,873
1,<environment.Job instance at 0x149675e82190>,116,25,[2 5],117,885,910,768,882
1,<environment.Job instance at 0x149675e820f0>,117,1,[1 5],118,885,886,767,884
1,<environment.Job instance at 0x149675e82230>,119,20,[ 1 11],120,910,930,790,904
1,<environment.Job instance at 0x149675e82fa0>,120,22,[ 1 10],121,930,952,809,924
1,<environment.Job instance at 0x149675e821e0>,113,1,[14  1],114,931,932,817,931
1,<environment.Job instance at 0x1496711443c0>,125,3,[ 1 11],126,952,955,826,936
1,<environment.Job instance at 0x149671144b90>,127,21,[1 7],128,955,976,827,947
1,<environment.Job instance at 0x149671144140>,126,2,[ 1 14],127,976,978,849,972
1,<environment.Job instance at 0x1496711b9eb0>,86,16,[11  1],87,973,989,886,973
1,<environment.Job instance at 0x149671144910>,130,1,[13  2],131,989,990,858,978
1,<environment.Job instance at 0x1496711448c0>,128,20,[ 2 14],129,990,1010,861,981
1,<environment.Job instance at 0x149671144a50>,132,27,[ 1 11],133,1010,1037,877,1008
1,<environment.Job instance at 0x14964da16a00>,134,28,[2 7],135,1037,1065,902,1036
1,<environment.Job instance at 0x14964da160f0>,135,23,[1 7],136,1037,1060,901,1036
1,<environment.Job instance at 0x14964da16460>,136,25,[2 5],137,1060,1085,923,1056
1,<environment.Job instance at 0x14964da161e0>,137,25,[1 9],138,1065,1090,927,1061
1,<environment.Job instance at 0x14964da16280>,138,28,[14  1],139,1085,1113,946,1084
1,<environment.Job instance at 0x14964da164b0>,139,12,[1 7],140,1090,1102,950,1089
1,<environment.Job instance at 0x14967101c190>,142,23,[5 2],149,1113,1136,964,1107
1,<environment.Job instance at 0x1496710b6320>,143,26,[2 7],175,1113,1139,938,1111
1,<environment.Job instance at 0x14964da16aa0>,133,2,[ 1 13],134,1139,1141,1005,1117
1,<environment.Job instance at 0x1496710b6550>,145,24,[14  1],178,1139,1163,961,1134
1,<environment.Job instance at 0x1496710ac2d0>,144,2,[11  1],177,1136,1138,959,1134
1,<environment.Job instance at 0x14964d516e60>,146,14,[11  2],179,1163,1177,984,1154
1,<environment.Job instance at 0x1496711b9190>,84,1,[ 1 11],85,1192,1193,1107,1192
1,<environment.Job instance at 0x149671144370>,129,3,[ 2 13],130,1193,1196,1063,1192
1,<environment.Job instance at 0x14967102d820>,101,14,[ 2 12],102,1202,1216,1100,1202
1,<environment.Job instance at 0x14964d6e9780>,2,18,[1 8],3,3,21,0,3
1,<environment.Job instance at 0x149675dc45f0>,4,27,[11  1],5,5,32,0,5
1,<environment.Job instance at 0x149675dc4f50>,5,25,[2 6],6,10,35,4,10
1,<environment.Job instance at 0x149675dc4a50>,3,3,[ 2 13],4,35,38,31,27
1,<environment.Job instance at 0x149675dc4c80>,8,24,[5 2],9,32,56,23,27
1,<environment.Job instance at 0x149674d91320>,10,18,[6 2],11,38,56,27,32
1,<environment.Job instance at 0x149675dc4c30>,11,14,[ 2 11],12,50,64,38,50
1,<environment.Job instance at 0x149674d91eb0>,12,20,[12  2],13,56,76,43,50
1,<environment.Job instance at 0x149674d91870>,13,2,[12  1],14,76,78,62,50
1,<environment.Job instance at 0x149674d91a00>,14,2,[11  1],15,78,80,63,57
1,<environment.Job instance at 0x149674d91730>,16,25,[13  1],17,80,105,63,76
1,<environment.Job instance at 0x149674d914b0>,17,22,[14  2],18,105,127,87,99
1,<environment.Job instance at 0x149670a844b0>,20,21,[ 1 10],21,107,128,86,107
1,<environment.Job instance at 0x149670a841e0>,21,17,[1 8],22,128,145,106,124
1,<environment.Job instance at 0x149675dc4050>,6,19,[ 2 11],7,145,164,138,143
1,<environment.Job instance at 0x149670a843c0>,23,26,[12  1],24,143,169,119,143
1,<environment.Job instance at 0x149670a84aa0>,22,3,[ 2 13],23,164,167,141,147
1,<environment.Job instance at 0x149670a845a0>,26,22,[ 2 10],27,167,189,140,164
1,<environment.Job instance at 0x149670a84e10>,27,26,[ 2 14],28,189,215,161,186
1,<environment.Job instance at 0x149670a84dc0>,28,25,[2 6],29,215,240,186,211
1,<environment.Job instance at 0x149674dace10>,29,18,[5 2],30,215,233,185,213
1,<environment.Job instance at 0x149674dac550>,30,1,[12  2],31,233,234,202,231
1,<environment.Job instance at 0x149674dacf00>,34,26,[ 1 11],35,240,266,205,237
1,<environment.Job instance at 0x149674dac5f0>,36,15,[ 1 12],37,270,285,233,270
1,<environment.Job instance at 0x149674dacb40>,37,22,[7 1],38,271,293,233,271
1,<environment.Job instance at 0x149674dacf50>,38,25,[ 1 12],39,285,310,246,281
1,<environment.Job instance at 0x149674dac690>,39,25,[12  1],40,293,318,253,289
1,<environment.Job instance at 0x149674dac910>,40,23,[13  2],41,318,341,277,312
1,<environment.Job instance at 0x149674dac730>,42,1,[13  2],43,341,342,298,322
1,<environment.Job instance at 0x149675d58910>,44,28,[ 1 13],45,331,359,286,331
1,<environment.Job instance at 0x149674dac640>,33,1,[ 2 12],34,359,360,325,341
1,<environment.Job instance at 0x149675d58280>,47,25,[11  1],48,354,379,306,354
1,<environment.Job instance at 0x149675d58c80>,46,26,[ 2 13],47,360,386,313,358
1,<environment.Job instance at 0x149675d58370>,48,1,[ 2 10],49,386,387,337,359
1,<environment.Job instance at 0x149675d58f00>,50,27,[6 1],51,379,406,328,377
1,<environment.Job instance at 0x149675d58640>,51,27,[1 7],52,387,414,335,385
1,<environment.Job instance at 0x149675d58500>,52,22,[5 1],53,386,408,333,386
1,<environment.Job instance at 0x149675d58eb0>,53,2,[9 1],54,406,408,352,386
1,<environment.Job instance at 0x1496753edf00>,57,24,[1 6],58,408,432,350,408
1,<environment.Job instance at 0x149675d58b40>,55,12,[ 2 13],56,432,444,376,429
1,<environment.Job instance at 0x1496753edcd0>,59,24,[1 8],60,444,468,384,440
1,<environment.Job instance at 0x1496753ed1e0>,61,22,[7 2],62,451,473,389,451
1,<environment.Job instance at 0x1496753edd70>,62,13,[7 2],63,451,464,388,451
1,<environment.Job instance at 0x1496753ed230>,65,21,[13  2],66,473,494,407,470
1,<environment.Job instance at 0x1496753ed500>,66,26,[1 7],67,470,496,403,470
1,<environment.Job instance at 0x1496753ed9b0>,67,22,[5 1],68,494,516,426,487
1,<environment.Job instance at 0x1496753ed7d0>,69,3,[1 7],70,494,497,424,493
1,<environment.Job instance at 0x1496753ed280>,70,22,[ 1 11],71,497,519,426,493
1,<environment.Job instance at 0x1496737270a0>,71,26,[8 1],72,496,522,424,493
1,<environment.Job instance at 0x149673727a00>,72,2,[ 1 14],73,519,521,446,508
1,<environment.Job instance at 0x149673727fa0>,73,3,[2 6],74,521,524,447,509
1,<environment.Job instance at 0x149673727050>,74,12,[ 2 14],75,524,536,449,524
1,<environment.Job instance at 0x149673727be0>,75,23,[ 2 13],76,536,559,460,530
1,<environment.Job instance at 0x149673727640>,76,27,[ 1 14],77,559,586,482,557
1,<environment.Job instance at 0x149673727820>,77,19,[7 1],78,563,582,485,563
1,<environment.Job instance at 0x149673727a50>,79,19,[12  1],80,582,601,502,573
1,<environment.Job instance at 0x1496737272d0>,80,27,[ 1 10],81,586,613,505,584
1,<environment.Job instance at 0x149673727e60>,82,28,[ 1 12],83,613,641,530,612
1,<environment.Job instance at 0x149673727c30>,83,28,[2 8],84,641,669,557,640
1,<environment.Job instance at 0x149674db4d70>,84,1,[8 2],85,640,641,555,640
1,<environment.Job instance at 0x14964d6e9dc0>,1,12,[ 1 13],2,707,719,705,707
1,<environment.Job instance at 0x149674db4050>,86,16,[7 2],87,710,726,623,710
1,<environment.Job instance at 0x149674db41e0>,87,18,[ 1 10],88,719,737,631,717
1,<environment.Job instance at 0x149674db44b0>,88,26,[ 1 11],89,737,763,648,734
1,<environment.Job instance at 0x149674db4b90>,89,28,[2 7],90,763,791,673,762
1,<environment.Job instance at 0x149674db4a00>,90,20,[2 5],91,763,783,672,762
1,<environment.Job instance at 0x149670a9a410>,91,28,[14  1],92,791,819,699,790
1,<environment.Job instance at 0x149670a9ae60>,92,24,[11  1],93,819,843,726,814
1,<environment.Job instance at 0x149670a9a690>,93,1,[6 2],94,843,844,749,819
1,<environment.Job instance at 0x149670a9a730>,94,25,[ 1 14],95,844,869,749,840
1,<environment.Job instance at 0x149670a9a820>,96,24,[5 2],97,869,893,772,864
1,<environment.Job instance at 0x149670a9a1e0>,98,21,[12  1],99,893,914,794,886
1,<environment.Job instance at 0x149670a9a550>,99,2,[14  1],100,914,916,814,902
1,<environment.Job instance at 0x149670a9ab40>,101,20,[12  1],102,916,936,814,907
1,<environment.Job instance at 0x149670a9a190>,103,20,[ 1 12],104,913,933,809,913
1,<environment.Job instance at 0x149670a9a500>,104,18,[1 6],105,933,951,828,922
1,<environment.Job instance at 0x149670a9af00>,105,17,[10  1],106,936,953,830,924
1,<environment.Job instance at 0x149670a9a960>,106,26,[12  1],107,953,979,846,950
1,<environment.Job instance at 0x149674d98190>,107,25,[ 2 14],108,951,976,843,951
1,<environment.Job instance at 0x149674d98cd0>,109,3,[ 2 14],110,979,982,869,979
1,<environment.Job instance at 0x149674d982d0>,110,22,[ 2 10],111,982,1004,871,979
1,<environment.Job instance at 0x149674d98410>,111,27,[ 2 10],112,1004,1031,892,1002
1,<environment.Job instance at 0x149674d98eb0>,112,1,[ 1 12],113,1031,1032,918,1011
1,<environment.Job instance at 0x149675dc4b40>,7,12,[ 2 12],8,1040,1052,1032,1040
1,<environment.Job instance at 0x149674d957d0>,114,20,[ 1 11],115,1052,1072,937,1044
1,<environment.Job instance at 0x14964d6e90a0>,0,14,[ 1 13],1,1072,1086,1071,1066
1,<environment.Job instance at 0x149674d95aa0>,118,3,[1 8],119,1086,1089,967,1081
1,<environment.Job instance at 0x149674d95d20>,120,28,[11  1],121,1082,1110,961,1082
1,<environment.Job instance at 0x149674d95280>,117,27,[1 5],118,1086,1113,968,1085
1,<environment.Job instance at 0x149674d95a50>,122,21,[14  2],123,1110,1131,987,1102
1,<environment.Job instance at 0x149674d95730>,124,21,[14  1],125,1131,1152,1006,1123
1,<environment.Job instance at 0x149674d951e0>,113,15,[13  2],114,1152,1167,1038,1142
1,<environment.Job instance at 0x149670a82e60>,129,26,[2 5],130,1152,1178,1022,1151
1,<environment.Job instance at 0x149670a82c30>,130,23,[13  2],131,1167,1190,1036,1161
1,<environment.Job instance at 0x149674d95500>,127,2,[13  1],128,1190,1192,1062,1163
1,<environment.Job instance at 0x149670a82e10>,132,22,[ 2 11],133,1178,1200,1045,1173
1,<environment.Job instance at 0x149670a82910>,136,26,[ 2 10],137,1200,1226,1063,1197
1,<environment.Job instance at 0x149670a822d0>,133,21,[ 1 13],134,1226,1247,1092,1220
1,<environment.Job instance at 0x149670a825f0>,137,19,[ 2 13],138,1247,1266,1109,1240
1,<environment.Job instance at 0x149670a82f50>,140,1,[13  1],141,1260,1261,1119,1260
1,<environment.Job instance at 0x149675dbc5a0>,142,2,[5 2],143,1262,1264,1119,1262
1,<environment.Job instance at 0x14967114b730>,143,25,[ 1 12],144,1266,1291,1122,1262
1,<environment.Job instance at 0x1496756de230>,145,27,[8 1],148,1264,1291,1116,1262
1,<environment.Job instance at 0x1496710a8960>,146,20,[ 2 12],149,1291,1311,1142,1286
1,<environment.Job instance at 0x1496710a85f0>,147,19,[ 2 13],157,1311,1330,1154,1304
1,<environment.Job instance at 0x1496710a80a0>,148,19,[13  1],165,1312,1331,1147,1312
1,<environment.Job instance at 0x149670a821e0>,128,16,[ 2 11],129,1330,1346,1201,1330
1,<environment.Job instance at 0x14967732bb40>,141,12,[ 1 14],142,1426,1438,1284,1426
1,<environment.Job instance at 0x1496753ed140>,58,14,[12  2],59,1463,1477,1404,1463
1,<environment.Job instance at 0x149674db4690>,85,12,[ 2 12],86,2170,2182,2084,2170
1,<environment.Job instance at 0x149670b918c0>,0,21,[2 5],1,1,22,0,1
1,<environment.Job instance at 0x149674db4690>,3,24,[ 1 14],4,22,46,18,17
1,<environment.Job instance at 0x149674db4c80>,1,19,[ 1 11],2,46,65,44,37
1,<environment.Job instance at 0x149675df3e60>,7,20,[7 1],8,40,60,32,40
1,<environment.Job instance at 0x149675df3320>,8,14,[11  1],9,60,74,51,52
1,<environment.Job instance at 0x149675e10910>,11,27,[11  2],12,74,101,62,72
1,<environment.Job instance at 0x149675e10e10>,16,27,[14  2],17,101,128,84,99
1,<environment.Job instance at 0x14966eff8c80>,4,18,[13  2],5,128,146,123,126
1,<environment.Job instance at 0x149675e10050>,15,19,[13  1],16,146,165,130,136
1,<environment.Job instance at 0x14966c2959b0>,27,22,[2 5],28,137,159,109,137
1,<environment.Job instance at 0x14966c295910>,26,3,[14  1],27,165,168,138,158
1,<environment.Job instance at 0x14966c295a50>,28,19,[14  2],29,168,187,139,158
1,<environment.Job instance at 0x14966c295b40>,31,23,[5 1],32,187,210,155,181
1,<environment.Job instance at 0x14966c295c80>,33,13,[ 1 12],34,195,208,161,195
1,<environment.Job instance at 0x14966c295e10>,34,22,[1 7],35,208,230,173,203
1,<environment.Job instance at 0x14966c295eb0>,35,19,[9 2],36,203,222,167,203
1,<environment.Job instance at 0x14966c295f50>,36,28,[2 9],37,230,258,193,229
1,<environment.Job instance at 0x14966c295d70>,37,23,[ 2 10],38,258,281,220,252
1,<environment.Job instance at 0x14966c295b90>,38,25,[1 8],39,281,306,242,277
1,<environment.Job instance at 0x14966c0a4050>,39,27,[ 1 12],40,306,333,266,304
1,<environment.Job instance at 0x14966c0a4280>,41,28,[12  2],42,305,333,263,305
1,<environment.Job instance at 0x14966c0a4190>,42,21,[8 1],43,333,354,290,325
1,<environment.Job instance at 0x14966c0a4460>,43,28,[11  2],44,354,382,310,353
1,<environment.Job instance at 0x14966c0a4500>,44,26,[2 9],45,353,379,308,353
1,<environment.Job instance at 0x14966c0a4640>,46,1,[14  1],47,382,383,335,372
1,<environment.Job instance at 0x14966c0a46e0>,47,20,[2 7],48,383,403,335,374
1,<environment.Job instance at 0x14966c0a4780>,48,26,[6 1],49,383,409,334,380
1,<environment.Job instance at 0x14966c295730>,23,13,[12  2],24,409,422,385,404
1,<environment.Job instance at 0x14966c0a4960>,51,25,[9 1],52,422,447,370,418
1,<environment.Job instance at 0x14966c0a49b0>,52,19,[2 9],53,419,438,366,419
1,<environment.Job instance at 0x14966c2957d0>,24,2,[ 1 13],25,438,440,413,434
1,<environment.Job instance at 0x14966c0a4eb0>,57,28,[6 2],58,440,468,382,439
1,<environment.Job instance at 0x14966c0a4f50>,58,2,[12  1],59,468,470,409,458
1,<environment.Job instance at 0x14966c0a4fa0>,59,21,[1 5],60,462,483,402,462
1,<environment.Job instance at 0x14966c0a4cd0>,60,25,[ 1 11],61,483,508,422,479
1,<environment.Job instance at 0x14966c0cd320>,62,2,[ 2 13],63,508,510,445,488
1,<environment.Job instance at 0x14966c0a4820>,49,17,[ 1 11],50,510,527,460,510
1,<environment.Job instance at 0x14966c0cd3c0>,63,2,[ 2 11],64,527,529,463,522
1,<environment.Job instance at 0x14966c0cd500>,65,24,[1 7],66,529,553,463,524
1,<environment.Job instance at 0x14966c0cd190>,66,22,[ 2 12],67,553,575,486,546
1,<environment.Job instance at 0x14966c0cd640>,67,26,[10  2],68,546,572,478,546
1,<environment.Job instance at 0x14966c0a4c80>,55,18,[14  2],56,583,601,527,583
1,<environment.Job instance at 0x14966c0cd460>,64,13,[ 2 14],65,625,638,560,625
1,<environment.Job instance at 0x14966c0cd910>,72,1,[11  2],73,638,639,565,636
1,<environment.Job instance at 0x14966c0cda50>,73,2,[ 1 14],74,670,672,596,670
1,<environment.Job instance at 0x14966c0cd690>,75,18,[2 7],76,672,690,596,671
1,<environment.Job instance at 0x14966c0cdc30>,78,3,[ 2 10],79,690,693,611,678
1,<environment.Job instance at 0x14966c0cdcd0>,79,25,[ 2 14],80,693,718,613,689
1,<environment.Job instance at 0x14966c0cdf50>,82,23,[12  2],83,718,741,635,712
1,<environment.Job instance at 0x14966c09f050>,84,3,[12  1],85,744,747,659,744
1,<environment.Job instance at 0x14966c2951e0>,29,13,[ 1 13],30,796,809,766,796
1,<environment.Job instance at 0x14966c09f550>,88,21,[6 2],89,802,823,713,802
1,<environment.Job instance at 0x14966c09f370>,89,27,[ 2 11],90,809,836,719,807
1,<environment.Job instance at 0x14966c09f730>,90,20,[14  2],91,836,856,745,828
1,<environment.Job instance at 0x14966c09f870>,91,26,[14  1],92,856,882,764,853
1,<environment.Job instance at 0x14966c09f690>,92,16,[1 6],93,854,870,761,854
1,<environment.Job instance at 0x14966c09f9b0>,93,25,[13  1],94,882,907,788,878
1,<environment.Job instance at 0x14966c09f910>,94,22,[1 9],95,879,901,784,879
1,<environment.Job instance at 0x14966c09faa0>,95,1,[ 2 11],96,904,905,808,904
1,<environment.Job instance at 0x14966c09fa50>,96,20,[7 2],97,907,927,810,904
1,<environment.Job instance at 0x14966c09faf0>,97,27,[14  1],98,927,954,829,925
1,<environment.Job instance at 0x14966c09fb90>,98,19,[10  1],99,954,973,855,946
1,<environment.Job instance at 0x14966c0b9820>,100,12,[11  1],101,973,985,872,960
1,<environment.Job instance at 0x14966c0b9af0>,101,13,[5 1],102,985,998,883,970
1,<environment.Job instance at 0x14966c0b9050>,102,27,[ 1 12],103,971,998,868,971
1,<environment.Job instance at 0x14966c0b9f50>,103,26,[ 1 12],104,998,1024,894,995
1,<environment.Job instance at 0x14966c0b9b40>,104,16,[12  2],105,1022,1038,917,1022
1,<environment.Job instance at 0x14966c0b9460>,105,17,[10  2],106,1038,1055,932,1028
1,<environment.Job instance at 0x14967148ec80>,106,23,[6 1],107,1055,1078,948,1049
1,<environment.Job instance at 0x14966c262370>,107,3,[1 5],108,1055,1058,947,1055
1,<environment.Job instance at 0x14964d477af0>,108,1,[9 2],109,1058,1059,949,1056
1,<environment.Job instance at 0x14964d6d6640>,109,2,[11  2],110,1078,1080,968,1062
1,<environment.Job instance at 0x14966c2624b0>,110,2,[ 2 13],111,1062,1064,951,1062
1,<environment.Job instance at 0x14966c262dc0>,111,1,[ 2 11],112,1069,1070,957,1069
1,<environment.Job instance at 0x14966c0b4b40>,113,3,[6 2],114,1072,1075,958,1072
1,<environment.Job instance at 0x14966c0b4780>,114,24,[ 1 10],115,1072,1096,957,1072
1,<environment.Job instance at 0x14966c0b49b0>,115,22,[ 1 14],116,1096,1118,980,1089
1,<environment.Job instance at 0x149675712640>,116,3,[ 1 12],117,1118,1121,1001,1105
1,<environment.Job instance at 0x14966c0b4d70>,117,22,[ 2 14],118,1121,1143,1003,1115
1,<environment.Job instance at 0x14966c0b46e0>,118,19,[ 2 10],119,1143,1162,1024,1135
1,<environment.Job instance at 0x14964d480c30>,119,25,[1 6],120,1162,1187,1042,1158
1,<environment.Job instance at 0x14964d61e5f0>,120,23,[ 2 14],121,1187,1210,1066,1181
1,<environment.Job instance at 0x1496773207d0>,121,26,[ 1 12],122,1210,1236,1088,1207
1,<environment.Job instance at 0x14966c0b4be0>,122,19,[ 2 14],123,1237,1256,1114,1237
1,<environment.Job instance at 0x1496718b36e0>,123,26,[5 2],124,1256,1282,1132,1253
1,<environment.Job instance at 0x14966c0b4c80>,126,27,[6 1],127,1258,1285,1131,1258
1,<environment.Job instance at 0x14964d6bdcd0>,127,22,[6 2],128,1282,1304,1154,1275
1,<environment.Job instance at 0x1496718c0190>,128,3,[ 1 13],129,1292,1295,1163,1292
1,<environment.Job instance at 0x14964d6bd410>,129,25,[14  2],130,1304,1329,1174,1300
1,<environment.Job instance at 0x14964d6bdc80>,132,20,[6 1],133,1329,1349,1196,1322
1,<environment.Job instance at 0x149670a07460>,133,17,[5 1],134,1329,1346,1195,1322
1,<environment.Job instance at 0x1496718caa50>,134,23,[5 2],135,1346,1369,1211,1340
1,<environment.Job instance at 0x1496718cabe0>,135,3,[11  2],136,1369,1372,1233,1347
1,<environment.Job instance at 0x1496718caa00>,136,26,[8 2],137,1372,1398,1235,1369
1,<environment.Job instance at 0x1496718cae60>,137,26,[1 9],138,1369,1395,1231,1369
1,<environment.Job instance at 0x1496718b0500>,139,18,[1 5],140,1395,1413,1255,1391
1,<environment.Job instance at 0x149670a2eaf0>,140,27,[1 7],141,1395,1422,1254,1393
1,<environment.Job instance at 0x149670a2ec30>,141,2,[6 2],142,1415,1417,1273,1415
1,<environment.Job instance at 0x1496756e1e60>,142,1,[ 1 12],143,1430,1431,1287,1430
1,<environment.Job instance at 0x1496756e1b40>,143,15,[2 7],144,1441,1456,1297,1441
1,<environment.Job instance at 0x14966c2fe5f0>,145,21,[10  2],146,1449,1470,1303,1449
1,<environment.Job instance at 0x14966c2fe370>,146,19,[ 2 14],147,1471,1490,1324,1471
1,<environment.Job instance at 0x14966c2fe550>,147,26,[11  1],148,1472,1498,1324,1472
1,<environment.Job instance at 0x14966c2fe190>,148,24,[ 1 13],149,1490,1514,1341,1485
1,<environment.Job instance at 0x14966c2feaf0>,149,23,[ 1 14],159,1514,1537,1355,1509
1,<environment.Job instance at 0x14966c2fe910>,150,14,[ 1 12],160,1537,1551,1377,1529
1,<environment.Job instance at 0x14966c2fe2d0>,151,16,[13  2],175,1549,1565,1374,1549
1,<environment.Job instance at 0x14966c09f0a0>,85,16,[ 2 14],86,1654,1670,1568,1654
1,<environment.Job instance at 0x14966c0cd730>,71,19,[ 1 11],72,1670,1689,1598,1669
1,<environment.Job instance at 0x14966c295870>,25,16,[ 2 12],26,1873,1889,1847,1873
1,<environment.Job instance at 0x14966c0cd6e0>,68,14,[ 2 14],69,2021,2035,1952,2021
1,<environment.Job instance at 0x149670a41aa0>,0,26,[8 2],1,1,27,0,1
1,<environment.Job instance at 0x149670a410f0>,2,2,[ 2 12],3,13,15,10,13
1,<environment.Job instance at 0x14966c0cd5f0>,1,24,[9 2],2,27,51,25,22
1,<environment.Job instance at 0x14964d6c9b90>,9,23,[ 1 13],10,22,45,12,22
1,<environment.Job instance at 0x14964d6dc820>,5,1,[ 1 12],6,45,46,39,35
1,<environment.Job instance at 0x14964d6c94b0>,11,28,[8 1],12,51,79,39,50
1,<environment.Job instance at 0x149670a41d70>,3,1,[ 1 11],4,63,64,59,63
1,<environment.Job instance at 0x14964d6c9f00>,13,25,[12  2],14,79,104,65,75
1,<environment.Job instance at 0x14964d6c90f0>,16,28,[9 1],17,104,132,87,103
1,<environment.Job instance at 0x14964d6dc190>,6,1,[ 1 11],7,112,113,105,112
1,<environment.Job instance at 0x14964d6c9780>,18,22,[1 7],19,113,135,94,112
1,<environment.Job instance at 0x14964d6c9dc0>,19,22,[ 1 10],20,135,157,115,129
1,<environment.Job instance at 0x14964d6c9410>,20,26,[1 8],21,157,183,136,154
1,<environment.Job instance at 0x14964d6c9460>,17,14,[11  1],18,156,170,138,156
1,<environment.Job instance at 0x14964d6c92d0>,22,24,[13  2],23,170,194,147,166
1,<environment.Job instance at 0x14966ea92af0>,24,24,[7 1],25,194,218,169,191
1,<environment.Job instance at 0x14966ea92410>,25,20,[8 1],26,198,218,172,198
1,<environment.Job instance at 0x149675708050>,27,28,[ 1 13],28,218,246,190,217
1,<environment.Job instance at 0x14964d5f3370>,28,28,[ 2 12],29,246,274,217,245
1,<environment.Job instance at 0x14964d5f33c0>,29,24,[11  1],30,246,270,216,246
1,<environment.Job instance at 0x14967144e690>,32,26,[ 1 12],33,274,300,241,273
1,<environment.Job instance at 0x14967144e780>,33,26,[11  2],34,273,299,239,273
1,<environment.Job instance at 0x14964d6c9a50>,21,1,[ 1 12],22,302,303,280,302
1,<environment.Job instance at 0x14967144ea50>,37,19,[13  1],38,302,321,264,302
1,<environment.Job instance at 0x14967144ed70>,38,1,[ 1 12],39,318,319,279,318
1,<environment.Job instance at 0x14967144e2d0>,39,19,[ 2 12],40,322,341,282,322
1,<environment.Job instance at 0x14967144ecd0>,40,28,[ 2 10],41,341,369,300,340
1,<environment.Job instance at 0x14967144e9b0>,41,21,[2 6],42,369,390,327,362
1,<environment.Job instance at 0x149670b55690>,42,20,[1 5],43,363,383,320,363
1,<environment.Job instance at 0x14967144e5f0>,35,2,[14  1],36,390,392,354,364
1,<environment.Job instance at 0x149670b55eb0>,44,21,[13  2],45,392,413,347,384
1,<environment.Job instance at 0x149670b55e60>,45,25,[ 1 13],46,390,415,344,386
1,<environment.Job instance at 0x149670b55dc0>,46,25,[ 2 12],47,415,440,368,411
1,<environment.Job instance at 0x149670b55910>,48,25,[6 1],49,413,438,364,411
1,<environment.Job instance at 0x149670b555a0>,49,23,[9 2],50,438,461,388,432
1,<environment.Job instance at 0x149670b558c0>,51,24,[14  2],52,461,485,409,458
1,<environment.Job instance at 0x14966ef2cfa0>,52,20,[11  2],53,485,505,432,476
1,<environment.Job instance at 0x14966ef2ce10>,54,1,[ 1 11],55,494,495,439,494
1,<environment.Job instance at 0x1496710faeb0>,56,24,[ 2 14],57,505,529,448,500
1,<environment.Job instance at 0x1496710fa870>,57,28,[9 1],58,505,533,447,504
1,<environment.Job instance at 0x1496710fa5f0>,59,25,[14  1],60,533,558,473,529
1,<environment.Job instance at 0x1496710faaa0>,60,24,[10  2],61,558,582,497,553
1,<environment.Job instance at 0x14964d6c9640>,10,17,[ 2 12],11,558,575,547,554
1,<environment.Job instance at 0x1496710fa9b0>,64,18,[14  1],65,582,600,517,573
1,<environment.Job instance at 0x1496710fa8c0>,66,22,[11  2],67,600,622,533,593
1,<environment.Job instance at 0x1496710fa6e0>,70,22,[ 2 12],71,600,622,529,600
1,<environment.Job instance at 0x14964d64f5a0>,71,27,[ 2 14],72,622,649,550,620
1,<environment.Job instance at 0x14964d64f230>,72,12,[ 2 11],73,649,661,576,641
1,<environment.Job instance at 0x149670b55960>,43,13,[ 1 14],44,664,677,620,664
1,<environment.Job instance at 0x14964d64f640>,74,19,[ 1 13],75,677,696,602,671
1,<environment.Job instance at 0x14964d64f4b0>,75,18,[13  1],76,680,698,604,680
1,<environment.Job instance at 0x14964d6c9730>,8,3,[ 2 13],9,696,699,687,692
1,<environment.Job instance at 0x149675d777d0>,77,19,[14  1],78,699,718,621,693
1,<environment.Job instance at 0x1496713d8550>,78,24,[ 1 14],79,699,723,620,694
1,<environment.Job instance at 0x1496713d8b40>,79,25,[11  2],80,723,748,643,719
1,<environment.Job instance at 0x149675d77910>,76,1,[14  2],77,748,749,671,721
1,<environment.Job instance at 0x1496713d8fa0>,81,23,[13  2],82,749,772,667,744
1,<environment.Job instance at 0x1496713d8c80>,82,2,[ 2 14],83,772,774,689,768
1,<environment.Job instance at 0x1496713d8690>,83,3,[ 2 12],84,774,777,690,772
1,<environment.Job instance at 0x1496713d84b0>,84,26,[ 2 10],85,777,803,692,774
1,<environment.Job instance at 0x149675d2f280>,86,16,[11  2],87,785,801,698,785
1,<environment.Job instance at 0x149675d2f140>,87,24,[2 7],88,803,827,715,798
1,<environment.Job instance at 0x1496709b5370>,88,20,[ 2 13],89,827,847,738,819
1,<environment.Job instance at 0x149677753730>,80,16,[13  1],81,862,878,781,862
1,<environment.Job instance at 0x149674d88a00>,91,18,[13  2],92,878,896,786,874
1,<environment.Job instance at 0x1496709b5d20>,92,27,[2 9],93,874,901,781,874
1,<environment.Job instance at 0x1496709b5be0>,93,19,[ 2 11],94,908,927,814,908
1,<environment.Job instance at 0x14967109bb40>,94,28,[ 1 11],95,927,955,832,926
1,<environment.Job instance at 0x14964d83e960>,95,26,[2 8],96,955,981,859,952
1,<environment.Job instance at 0x149670093550>,96,23,[2 8],97,981,1004,884,975
1,<environment.Job instance at 0x14967109bcd0>,97,23,[1 7],98,975,998,877,975
1,<environment.Job instance at 0x1496710748c0>,98,21,[14  2],99,1004,1025,905,997
1,<environment.Job instance at 0x149671074b40>,99,20,[12  1],100,1025,1045,925,1017
1,<environment.Job instance at 0x149675e52910>,89,12,[ 2 14],90,1057,1069,967,1057
1,<environment.Job instance at 0x1496773ab140>,101,28,[ 2 13],102,1069,1097,967,1068
1,<environment.Job instance at 0x149675e02730>,103,23,[5 1],104,1071,1094,967,1071
1,<environment.Job instance at 0x149670a055a0>,106,21,[ 2 11],107,1097,1118,990,1091
1,<environment.Job instance at 0x149670a05500>,107,26,[2 6],108,1118,1144,1010,1115
1,<environment.Job instance at 0x149670a051e0>,108,17,[13  2],109,1115,1132,1006,1115
1,<environment.Job instance at 0x149675e66af0>,109,27,[1 9],110,1132,1159,1022,1130
1,<environment.Job instance at 0x14967110d5f0>,110,23,[13  2],111,1144,1167,1033,1138
1,<environment.Job instance at 0x14964d5312d0>,114,17,[ 1 12],115,1163,1180,1048,1163
1,<environment.Job instance at 0x14967110df00>,115,26,[5 2],116,1167,1193,1051,1164
1,<environment.Job instance at 0x149675df0550>,116,23,[2 8],117,1180,1203,1063,1175
1,<environment.Job instance at 0x14964d6c7320>,117,1,[1 9],118,1203,1204,1085,1194
1,<environment.Job instance at 0x14966c06f4b0>,118,23,[8 1],119,1194,1217,1075,1194
1,<environment.Job instance at 0x14964d6c78c0>,120,17,[14  1],121,1217,1234,1096,1206
1,<environment.Job instance at 0x149670b24eb0>,121,21,[14  1],122,1234,1255,1112,1226
1,<environment.Job instance at 0x14964d6e88c0>,122,17,[ 2 14],123,1264,1281,1141,1264
1,<environment.Job instance at 0x14964d6e8aa0>,123,20,[12  1],124,1264,1284,1140,1264
1,<environment.Job instance at 0x14964d34f960>,124,15,[5 1],125,1284,1299,1159,1274
1,<environment.Job instance at 0x14964d221280>,125,27,[5 1],126,1284,1311,1158,1282
1,<environment.Job instance at 0x149670aec190>,126,28,[13  2],127,1311,1339,1184,1310
1,<environment.Job instance at 0x149670b26d70>,127,24,[5 2],128,1339,1363,1211,1334
1,<environment.Job instance at 0x1496737245f0>,128,15,[11  2],129,1363,1378,1234,1352
1,<environment.Job instance at 0x14967109c0a0>,129,19,[ 2 11],130,1359,1378,1229,1359
1,<environment.Job instance at 0x149674d8d4b0>,130,20,[ 1 12],131,1378,1398,1247,1369
1,<environment.Job instance at 0x149675d64960>,131,28,[ 2 11],132,1398,1426,1266,1397
1,<environment.Job instance at 0x14966c033aa0>,132,1,[12  1],133,1426,1427,1293,1426
1,<environment.Job instance at 0x14964da35190>,133,28,[6 2],134,1427,1455,1293,1426
1,<environment.Job instance at 0x14967111b7d0>,134,25,[5 1],135,1427,1452,1292,1426
1,<environment.Job instance at 0x14964d7eeeb0>,135,2,[12  1],136,1455,1457,1319,1441
1,<environment.Job instance at 0x149670b26a00>,136,17,[ 1 12],137,1462,1479,1325,1462
1,<environment.Job instance at 0x1496711c47d0>,137,14,[ 1 10],138,1479,1493,1341,1469
1,<environment.Job instance at 0x14967099b2d0>,138,14,[11  2],139,1477,1491,1338,1477
1,<environment.Job instance at 0x14966c19f0a0>,140,1,[6 1],141,1491,1492,1350,1487
1,<environment.Job instance at 0x14967739a5f0>,142,25,[ 1 14],157,1493,1518,1336,1489
1,<environment.Job instance at 0x149675d97910>,143,18,[2 6],167,1518,1536,1351,1507
1,<environment.Job instance at 0x1496710746e0>,100,3,[11  1],101,1534,1537,1433,1534
1,<environment.Job instance at 0x14964d64f500>,73,12,[ 1 12],74,1570,1582,1496,1570
1,<environment.Job instance at 0x14966efd00a0>,1,22,[ 2 12],2,3,25,1,3
1,<environment.Job instance at 0x14964d64f500>,2,21,[6 1],3,4,25,1,4
1,<environment.Job instance at 0x149670bcbf50>,4,21,[9 1],5,25,46,20,24
1,<environment.Job instance at 0x149670bcb910>,9,25,[6 1],10,26,51,16,26
1,<environment.Job instance at 0x149670bcbcd0>,8,26,[9 1],9,46,72,37,43
1,<environment.Job instance at 0x149670bcb1e0>,3,3,[11  2],4,72,75,68,58
1,<environment.Job instance at 0x1496709a9a00>,16,23,[ 1 13],17,60,83,43,60
1,<environment.Job instance at 0x1496709a97d0>,15,27,[12  2],16,75,102,59,73
1,<environment.Job instance at 0x1496709a9500>,20,1,[ 2 12],21,83,84,62,74
1,<environment.Job instance at 0x1496709a9820>,22,27,[13  1],23,102,129,79,100
1,<environment.Job instance at 0x1496709a9e10>,23,17,[ 2 12],24,104,121,80,104
1,<environment.Job instance at 0x1496709a9190>,27,21,[13  2],28,129,150,101,121
1,<environment.Job instance at 0x1496708df8c0>,32,15,[1 5],33,133,148,100,133
1,<environment.Job instance at 0x1496708df0a0>,33,3,[ 1 14],34,150,153,116,145
1,<environment.Job instance at 0x1496708df6e0>,34,2,[10  2],35,153,155,118,151
1,<environment.Job instance at 0x1496708df0f0>,35,22,[6 1],36,155,177,119,151
1,<environment.Job instance at 0x1496708df320>,36,25,[ 2 12],37,153,178,116,151
1,<environment.Job instance at 0x1496708dfd20>,38,19,[7 2],39,156,175,117,156
1,<environment.Job instance at 0x1496708dfcd0>,39,27,[2 9],40,178,205,138,176
1,<environment.Job instance at 0x1496708df7d0>,40,25,[14  2],41,205,230,164,201
1,<environment.Job instance at 0x1496708df910>,42,25,[ 2 10],43,230,255,187,226
1,<environment.Job instance at 0x1496708df2d0>,44,21,[11  1],45,238,259,193,238
1,<environment.Job instance at 0x1496708dfe60>,31,13,[ 1 11],32,255,268,223,242
1,<environment.Job instance at 0x1496708df1e0>,47,15,[ 2 14],48,296,311,248,296
1,<environment.Job instance at 0x1496708df550>,48,24,[ 2 11],49,311,335,262,306
1,<environment.Job instance at 0x1496708df460>,49,16,[ 2 11],50,335,351,285,328
1,<environment.Job instance at 0x1496708dfa50>,50,21,[ 1 13],51,351,372,300,343
1,<environment.Job instance at 0x1496708dfa00>,51,2,[6 1],52,348,350,296,348
1,<environment.Job instance at 0x1496718b6410>,53,21,[ 1 14],54,372,393,318,364
1,<environment.Job instance at 0x1496718b6dc0>,54,20,[7 2],55,393,413,338,384
1,<environment.Job instance at 0x149670bcbc30>,12,14,[ 2 12],13,399,413,386,399
1,<environment.Job instance at 0x1496718b6500>,57,19,[13  2],58,413,432,355,404
1,<environment.Job instance at 0x14966ef6d280>,58,22,[ 2 14],59,432,454,373,425
1,<environment.Job instance at 0x14966ef6d780>,59,25,[2 7],60,454,479,394,450
1,<environment.Job instance at 0x149674dbe960>,60,21,[ 1 11],61,479,500,418,471
1,<environment.Job instance at 0x149674dbe1e0>,62,28,[2 7],63,500,528,437,499
1,<environment.Job instance at 0x149674dbe690>,63,21,[14  2],64,528,549,464,520
1,<environment.Job instance at 0x149674dbed20>,64,27,[8 1],65,549,576,484,547
1,<environment.Job instance at 0x149674dbef00>,66,27,[ 1 13],67,547,574,480,547
1,<environment.Job instance at 0x149674dbe7d0>,67,28,[9 2],68,576,604,508,575
1,<environment.Job instance at 0x149674dbed70>,68,28,[ 2 12],69,575,603,506,575
1,<environment.Job instance at 0x14964d802f00>,69,3,[6 1],70,603,606,533,598
1,<environment.Job instance at 0x1496718b6d70>,55,14,[ 2 12],56,604,618,548,601
1,<environment.Job instance at 0x14964d802690>,71,22,[11  2],72,606,628,534,601
1,<environment.Job instance at 0x14964d8028c0>,72,15,[13  2],73,628,643,555,627
1,<environment.Job instance at 0x149674dbe370>,70,17,[13  1],71,643,660,572,633
1,<environment.Job instance at 0x14964d802320>,73,1,[ 2 14],74,643,644,569,633
1,<environment.Job instance at 0x14964d802500>,74,1,[1 7],75,633,634,558,633
1,<environment.Job instance at 0x14964d802dc0>,76,26,[13  1],77,660,686,583,657
1,<environment.Job instance at 0x14964d8024b0>,77,22,[ 1 14],78,663,685,585,663
1,<environment.Job instance at 0x14964d802cd0>,78,20,[2 9],79,685,705,606,676
1,<environment.Job instance at 0x14964d802960>,79,28,[5 2],80,686,714,606,686
1,<environment.Job instance at 0x14964d8025f0>,80,16,[ 1 13],81,707,723,626,707
1,<environment.Job instance at 0x149670b248c0>,83,24,[ 1 14],84,723,747,639,718
1,<environment.Job instance at 0x149670a5ef50>,86,1,[ 1 12],87,748,749,661,748
1,<environment.Job instance at 0x14964d0f22d0>,88,3,[ 2 13],89,773,776,684,773
1,<environment.Job instance at 0x14964d0f2870>,89,20,[ 1 11],90,776,796,686,774
1,<environment.Job instance at 0x14964d802eb0>,75,3,[ 1 14],76,796,799,720,776
1,<environment.Job instance at 0x14964da3ef50>,91,19,[ 2 13],92,799,818,707,789
1,<environment.Job instance at 0x14964da3e690>,92,25,[14  2],93,818,843,725,814
1,<environment.Job instance at 0x14964d69b050>,93,22,[7 1],94,843,865,749,836
1,<environment.Job instance at 0x149670be3fa0>,94,23,[ 2 13],95,843,866,748,837
1,<environment.Job instance at 0x14966efbe370>,95,27,[12  1],96,865,892,769,863
1,<environment.Job instance at 0x14966efbeb90>,97,15,[7 1],98,892,907,794,887
1,<environment.Job instance at 0x14964d674be0>,98,26,[ 1 11],99,887,913,788,887
1,<environment.Job instance at 0x14964d674780>,99,23,[ 1 13],100,913,936,813,907
1,<environment.Job instance at 0x149675e05910>,100,26,[1 8],101,936,962,835,934
1,<environment.Job instance at 0x14967111bb40>,101,24,[ 2 11],102,962,986,860,957
1,<environment.Job instance at 0x149675e66b40>,103,25,[12  2],104,964,989,860,964
1,<environment.Job instance at 0x1496754425f0>,107,23,[6 2],108,989,1012,881,983
1,<environment.Job instance at 0x149675442280>,108,23,[6 2],109,989,1012,880,984
1,<environment.Job instance at 0x149675442870>,109,22,[12  1],110,1012,1034,902,1005
1,<environment.Job instance at 0x1496754420f0>,110,24,[ 1 14],111,1012,1036,901,1007
1,<environment.Job instance at 0x14964d4d9dc0>,90,3,[11  1],91,1034,1037,943,1015
1,<environment.Job instance at 0x149675442eb0>,112,19,[13  2],113,1037,1056,924,1028
1,<environment.Job instance at 0x149675442190>,113,20,[14  2],114,1056,1076,942,1048
1,<environment.Job instance at 0x14964d2094b0>,114,22,[10  2],115,1076,1098,961,1069
1,<environment.Job instance at 0x14964d209280>,115,22,[ 1 13],116,1070,1092,954,1070
1,<environment.Job instance at 0x1496708df230>,46,16,[ 1 14],47,1098,1114,1051,1094
1,<environment.Job instance at 0x14964d209b90>,118,13,[12  1],119,1109,1122,990,1109
1,<environment.Job instance at 0x14964d209320>,119,1,[2 9],120,1114,1115,994,1110
1,<environment.Job instance at 0x14964d209e60>,120,27,[7 2],121,1122,1149,1001,1120
1,<environment.Job instance at 0x14964d209050>,117,12,[ 2 11],118,1134,1146,1016,1134
1,<environment.Job instance at 0x14964d209870>,122,16,[12  2],123,1149,1165,1026,1140
1,<environment.Job instance at 0x14964d2093c0>,123,23,[2 8],124,1146,1169,1022,1140
1,<environment.Job instance at 0x14964d2099b0>,124,2,[ 1 14],125,1169,1171,1044,1161
1,<environment.Job instance at 0x149675d97050>,125,2,[ 2 13],126,1171,1173,1045,1169
1,<environment.Job instance at 0x14964d7cf5a0>,127,21,[13  1],128,1172,1193,1044,1172
1,<environment.Job instance at 0x1496709a9780>,26,15,[ 2 12],27,1184,1199,1157,1184
1,<environment.Job instance at 0x14967109b7d0>,129,26,[ 2 13],130,1199,1225,1069,1196
1,<environment.Job instance at 0x14967109baf0>,130,20,[9 1],131,1198,1218,1067,1198
1,<environment.Job instance at 0x149675442140>,111,14,[ 1 11],112,1231,1245,1119,1231
1,<environment.Job instance at 0x14964d3d7230>,133,2,[ 2 12],134,1245,1247,1111,1231
1,<environment.Job instance at 0x14964d3d7dc0>,134,2,[12  2],135,1242,1244,1107,1242
1,<environment.Job instance at 0x14964d3d7be0>,135,23,[1 7],136,1247,1270,1111,1242
1,<environment.Job instance at 0x14964d209640>,121,16,[14  2],122,1247,1263,1125,1244
1,<environment.Job instance at 0x14966f223140>,138,26,[8 1],139,1263,1289,1124,1260
1,<environment.Job instance at 0x14966f223aa0>,140,2,[ 2 12],141,1270,1272,1129,1261
1,<environment.Job instance at 0x14966f2230a0>,141,1,[11  2],142,1289,1290,1147,1263
1,<environment.Job instance at 0x14966f223a00>,143,2,[12  1],144,1290,1292,1146,1284
1,<environment.Job instance at 0x14966f223a50>,144,17,[ 2 13],145,1295,1312,1150,1295
1,<environment.Job instance at 0x14966f223550>,145,3,[11  2],146,1304,1307,1158,1304
1,<environment.Job instance at 0x14966f2232d0>,146,23,[13  1],147,1307,1330,1160,1304
1,<environment.Job instance at 0x14966f2235a0>,147,25,[ 2 14],148,1312,1337,1164,1308
1,<environment.Job instance at 0x14966f223dc0>,148,27,[ 2 14],149,1337,1364,1188,1335
1,<environment.Job instance at 0x14966f223c30>,150,2,[9 2],151,1364,1366,1213,1338
1,<environment.Job instance at 0x14964d647460>,151,22,[1 8],152,1364,1386,1212,1358
1,<environment.Job instance at 0x14964d647e60>,153,23,[1 9],154,1386,1409,1232,1380
1,<environment.Job instance at 0x14964dbaba00>,156,24,[ 2 13],157,1409,1433,1252,1404
1,<environment.Job instance at 0x14967109be60>,132,13,[ 2 12],133,1451,1464,1318,1451
1,<environment.Job instance at 0x14964d7cf280>,128,12,[ 1 12],129,1476,1488,1347,1476
1,<environment.Job instance at 0x14964dbab500>,159,25,[ 2 11],160,1488,1513,1328,1484
1,<environment.Job instance at 0x14964dbab5f0>,158,2,[ 1 11],159,1522,1524,1363,1522
1,<environment.Job instance at 0x14964dbabaa0>,157,12,[13  2],158,1558,1570,1400,1558
1,<environment.Job instance at 0x14966f223780>,142,13,[ 2 14],143,1570,1583,1427,1567
1,<environment.Job instance at 0x149670bcb0f0>,13,3,[12  2],14,1595,1598,1581,1595
1,<environment.Job instance at 0x1496714479b0>,0,24,[2 8],1,1,25,0,1
1,<environment.Job instance at 0x149677d9c9b0>,1,27,[8 1],2,3,30,1,3
1,<environment.Job instance at 0x14966c0c6f00>,10,27,[ 2 13],11,25,52,14,23
1,<environment.Job instance at 0x14966c0c6690>,11,25,[6 2],12,33,58,21,33
1,<environment.Job instance at 0x14967102dcd0>,4,24,[14  2],5,58,82,53,55
1,<environment.Job instance at 0x14964d898d20>,15,25,[ 1 12],16,55,80,39,55
1,<environment.Job instance at 0x14964d898a00>,14,20,[14  1],15,82,102,67,75
1,<environment.Job instance at 0x1496714471e0>,3,18,[ 2 12],4,102,120,98,92
1,<environment.Job instance at 0x14964d898cd0>,18,24,[ 1 10],19,120,144,101,116
1,<environment.Job instance at 0x14964d6273c0>,19,20,[12  1],20,128,148,108,128
1,<environment.Job instance at 0x14964d627230>,20,21,[ 1 12],21,144,165,123,140
1,<environment.Job instance at 0x14964d6276e0>,21,21,[14  1],22,148,169,126,144
1,<environment.Job instance at 0x14964d627550>,22,22,[ 1 12],23,165,187,142,161
1,<environment.Job instance at 0x14964d627f00>,24,23,[ 2 12],25,187,210,162,182
1,<environment.Job instance at 0x1496711ad5a0>,26,25,[ 1 11],27,210,235,183,207
1,<environment.Job instance at 0x14966ef72050>,27,26,[8 1],28,207,233,179,207
1,<environment.Job instance at 0x14964d898910>,17,3,[ 2 13],18,235,238,217,228
1,<environment.Job instance at 0x14964d5b2320>,28,25,[2 5],29,238,263,209,234
1,<environment.Job instance at 0x14966c0e9320>,30,24,[ 2 12],31,263,287,232,259
1,<environment.Job instance at 0x149670b9c3c0>,12,16,[13  2],13,268,284,255,268
1,<environment.Job instance at 0x14966c0e90f0>,32,26,[9 1],33,284,310,251,282
1,<environment.Job instance at 0x14966c0c6b90>,13,27,[ 2 13],14,287,314,273,285
1,<environment.Job instance at 0x149677528730>,36,22,[ 2 11],37,314,336,277,310
1,<environment.Job instance at 0x149675d795f0>,35,25,[12  1],36,322,347,286,322
1,<environment.Job instance at 0x14966f24cf50>,37,22,[2 7],38,336,358,298,332
1,<environment.Job instance at 0x14966c0e98c0>,31,1,[ 2 14],32,358,359,326,340
1,<environment.Job instance at 0x14964d9c4f50>,40,24,[5 2],41,359,383,318,354
1,<environment.Job instance at 0x149670a4a5a0>,41,18,[8 2],42,359,377,317,358
1,<environment.Job instance at 0x14966f242f50>,29,20,[ 1 12],30,377,397,347,369
1,<environment.Job instance at 0x149670a4a820>,43,27,[ 1 14],44,397,424,353,395
1,<environment.Job instance at 0x14964d671f00>,45,20,[14  1],46,397,417,351,397
1,<environment.Job instance at 0x14964d860960>,47,28,[12  1],48,417,445,369,416
1,<environment.Job instance at 0x1496753eac30>,44,24,[ 2 14],45,424,448,379,423
1,<environment.Job instance at 0x14964d9f7be0>,49,21,[12  1],50,445,466,395,439
1,<environment.Job instance at 0x14964d9f7320>,52,28,[ 1 11],53,448,476,395,447
1,<environment.Job instance at 0x14966c11d7d0>,48,20,[13  2],49,466,486,417,457
1,<environment.Job instance at 0x14964d7b00a0>,38,28,[ 1 14],39,486,514,447,485
1,<environment.Job instance at 0x14964d9f7a00>,56,13,[ 1 11],57,523,536,466,523
1,<environment.Job instance at 0x14967118e410>,60,22,[13  2],61,527,549,466,527
1,<environment.Job instance at 0x14964d898550>,16,14,[13  1],17,549,563,532,544
1,<environment.Job instance at 0x14966c107f00>,63,22,[ 1 14],64,549,571,485,544
1,<environment.Job instance at 0x14966c107690>,64,28,[ 1 13],65,571,599,506,570
1,<environment.Job instance at 0x14966c1079b0>,65,27,[14  2],66,571,598,505,570
1,<environment.Job instance at 0x14966c1070f0>,67,1,[11  1],68,598,599,530,581
1,<environment.Job instance at 0x14964d9c4960>,39,2,[ 2 13],40,599,601,559,581
1,<environment.Job instance at 0x14964daa7b40>,70,23,[ 1 12],71,601,624,530,595
1,<environment.Job instance at 0x14964daa71e0>,69,15,[14  1],70,601,616,531,595
1,<environment.Job instance at 0x14964daa79b0>,71,22,[6 1],72,616,638,544,611
1,<environment.Job instance at 0x14964daa7780>,74,28,[7 2],75,616,644,541,615
1,<environment.Job instance at 0x14964daa75a0>,73,21,[ 1 13],74,638,659,564,630
1,<environment.Job instance at 0x149670b09910>,77,24,[13  1],78,644,668,566,640
1,<environment.Job instance at 0x14966c107d70>,62,2,[ 2 14],63,659,661,596,656
1,<environment.Job instance at 0x149670b09f00>,79,25,[1 7],80,661,686,581,657
1,<environment.Job instance at 0x149670b09b90>,81,25,[2 5],82,668,693,586,664
1,<environment.Job instance at 0x149670b09140>,80,21,[11  2],81,668,689,587,668
1,<environment.Job instance at 0x149670b09550>,82,21,[2 5],83,686,707,603,679
1,<environment.Job instance at 0x149670b090a0>,84,23,[5 2],85,689,712,604,687
1,<environment.Job instance at 0x149670b090f0>,86,18,[14  2],87,712,730,625,706
1,<environment.Job instance at 0x149670b09190>,87,24,[ 1 10],88,707,731,619,706
1,<environment.Job instance at 0x149670b09be0>,88,22,[ 1 14],89,731,753,642,724
1,<environment.Job instance at 0x149670b09d20>,89,3,[ 2 12],90,755,758,665,755
1,<environment.Job instance at 0x149670b09640>,83,2,[ 1 14],84,758,760,674,757
1,<environment.Job instance at 0x14964daa70a0>,76,14,[12  1],77,769,783,692,769
1,<environment.Job instance at 0x149670b09690>,92,24,[8 2],93,783,807,690,778
1,<environment.Job instance at 0x149670b09c80>,93,22,[ 2 13],94,781,803,687,781
1,<environment.Job instance at 0x14964da2e550>,94,26,[ 2 11],95,803,829,708,800
1,<environment.Job instance at 0x14964d9f7d20>,57,17,[ 1 14],58,830,847,772,830
1,<environment.Job instance at 0x149670b09cd0>,90,15,[14  1],91,837,852,746,837
1,<environment.Job instance at 0x14964da2e3c0>,98,25,[2 8],99,852,877,753,848
1,<environment.Job instance at 0x14964da2e6e0>,99,18,[13  1],100,852,870,752,849
1,<environment.Job instance at 0x14964da2ef00>,96,13,[13  2],97,870,883,773,862
1,<environment.Job instance at 0x14964da2ebe0>,101,26,[2 9],102,877,903,775,874
1,<environment.Job instance at 0x14964da2eb40>,103,24,[2 5],104,883,907,779,879
1,<environment.Job instance at 0x14964da2ecd0>,97,19,[ 2 13],98,907,926,809,903
1,<environment.Job instance at 0x14964da2e5f0>,106,2,[2 6],107,905,907,798,905
1,<environment.Job instance at 0x14964da2ed70>,107,21,[12  1],108,907,928,799,906
1,<environment.Job instance at 0x14964da2ed20>,108,24,[ 1 14],109,926,950,817,922
1,<environment.Job instance at 0x14964da2ec30>,110,3,[ 1 13],111,950,953,839,947
1,<environment.Job instance at 0x149670b09960>,91,3,[14  1],92,954,957,862,954
1,<environment.Job instance at 0x14964da2ee10>,112,28,[12  1],113,957,985,844,956
1,<environment.Job instance at 0x14964da2eaf0>,113,22,[ 2 12],114,958,980,844,958
1,<environment.Job instance at 0x149671189410>,116,12,[13  1],117,985,997,868,981
1,<environment.Job instance at 0x149671189550>,117,26,[14  2],118,997,1023,879,994
1,<environment.Job instance at 0x14964da2e960>,100,3,[ 2 12],101,1023,1026,922,1009
1,<environment.Job instance at 0x149671189050>,118,16,[ 1 13],119,1026,1042,907,1025
1,<environment.Job instance at 0x1496711890f0>,122,26,[7 2],123,1025,1051,902,1025
1,<environment.Job instance at 0x149671189b90>,124,25,[ 1 11],125,1042,1067,917,1038
1,<environment.Job instance at 0x149671189370>,125,25,[2 7],126,1067,1092,941,1063
1,<environment.Job instance at 0x14964d3bd9b0>,130,26,[ 2 14],131,1092,1118,961,1089
1,<environment.Job instance at 0x14964d3bde60>,132,23,[ 1 13],133,1118,1141,985,1112
1,<environment.Job instance at 0x14964d3bd230>,133,26,[5 2],134,1118,1144,984,1115
1,<environment.Job instance at 0x149671189820>,126,21,[ 2 14],127,1144,1165,1017,1143
1,<environment.Job instance at 0x14964d3bd190>,134,28,[11  2],135,1165,1193,1030,1164
1,<environment.Job instance at 0x14964d3bd050>,136,20,[ 1 13],137,1178,1198,1041,1178
1,<environment.Job instance at 0x14964d3bd820>,138,27,[8 2],139,1193,1220,1054,1191
1,<environment.Job instance at 0x14964d3bddc0>,137,28,[6 2],138,1198,1226,1060,1198
1,<environment.Job instance at 0x14964d3bde10>,139,25,[10  2],140,1226,1251,1086,1222
1,<environment.Job instance at 0x14964d3bd0a0>,141,25,[ 2 10],142,1222,1247,1080,1222
1,<environment.Job instance at 0x14964da2eaa0>,111,14,[ 2 14],112,1251,1265,1139,1236
1,<environment.Job instance at 0x14964d3bd1e0>,143,23,[11  1],162,1251,1274,1089,1245
1,<environment.Job instance at 0x14964d3bdd20>,140,3,[14  1],141,1282,1285,1141,1282
1,<environment.Job instance at 0x14964d9f7780>,58,18,[ 1 12],59,1325,1343,1266,1325
1,<environment.Job instance at 0x14964d3bdfa0>,142,15,[ 1 14],145,1670,1685,1525,1670
1,<environment.Job instance at 0x14964da2e370>,105,14,[ 2 14],106,1763,1777,1657,1763
1,<environment.Job instance at 0x149670bf7eb0>,0,23,[2 7],1,1,24,0,1
1,<environment.Job instance at 0x14964d9630f0>,3,26,[ 2 11],4,24,50,20,21
1,<environment.Job instance at 0x14967372e410>,6,1,[2 7],7,21,22,14,21
1,<environment.Job instance at 0x14964d471280>,8,23,[14  1],9,50,73,41,44
1,<environment.Job instance at 0x14964d11a550>,10,22,[ 1 12],11,50,72,39,49
1,<environment.Job instance at 0x14964d43a7d0>,4,12,[11  2],5,73,85,68,60
1,<environment.Job instance at 0x14964d11aa50>,12,1,[ 1 14],13,72,73,59,66
1,<environment.Job instance at 0x14964d866230>,1,19,[ 2 11],2,73,92,71,70
1,<environment.Job instance at 0x14967372e640>,7,14,[12  2],8,85,99,77,70
1,<environment.Job instance at 0x14964d11adc0>,11,2,[ 1 11],12,92,94,80,74
1,<environment.Job instance at 0x14964d11a050>,17,17,[13  2],18,99,116,81,88
1,<environment.Job instance at 0x14964d11a370>,20,28,[ 2 13],21,94,122,73,93
1,<environment.Job instance at 0x14964d11aaa0>,21,23,[ 1 12],22,122,145,100,116
1,<environment.Job instance at 0x149670bc5870>,22,24,[13  1],23,116,140,93,116
1,<environment.Job instance at 0x14964d0bbe60>,26,26,[ 2 10],27,145,171,118,142
1,<environment.Job instance at 0x14964d0bb870>,27,18,[5 1],28,156,174,128,156
1,<environment.Job instance at 0x14964d0bba50>,29,21,[13  1],30,174,195,144,166
1,<environment.Job instance at 0x14964d0bb820>,30,1,[9 2],31,171,172,140,166
1,<environment.Job instance at 0x14964d0bb190>,31,26,[1 9],32,171,197,139,168
1,<environment.Job instance at 0x14964d0bb370>,28,24,[ 1 12],29,197,221,168,192
1,<environment.Job instance at 0x14964d0bbfa0>,33,19,[8 1],34,211,230,177,211
1,<environment.Job instance at 0x14964da41780>,32,22,[ 1 14],33,221,243,188,214
1,<environment.Job instance at 0x14964d11afa0>,15,14,[14  1],16,230,244,214,226
1,<environment.Job instance at 0x14964d0e0460>,40,25,[ 2 12],41,244,269,203,240
1,<environment.Job instance at 0x149670b2db40>,43,28,[12  2],44,244,272,200,243
1,<environment.Job instance at 0x149670b2dcd0>,44,26,[2 9],45,269,295,224,266
1,<environment.Job instance at 0x149670b2d460>,46,24,[7 2],47,272,296,225,267
1,<environment.Job instance at 0x1496708ee4b0>,47,20,[ 1 11],48,295,315,247,286
1,<environment.Job instance at 0x149670b2da00>,45,1,[11  1],46,296,297,250,294
1,<environment.Job instance at 0x1496708eea50>,49,21,[ 1 13],50,315,336,265,307
1,<environment.Job instance at 0x14964d0e0aa0>,39,16,[14  2],40,316,332,276,316
1,<environment.Job instance at 0x1496708eeaa0>,51,2,[11  2],52,332,334,280,321
1,<environment.Job instance at 0x1496708ee280>,54,2,[14  1],55,334,336,279,332
1,<environment.Job instance at 0x1496708ee820>,56,22,[2 5],57,336,358,279,335
1,<environment.Job instance at 0x149677d255a0>,57,20,[1 7],58,336,356,278,335
1,<environment.Job instance at 0x149677d255f0>,59,24,[8 2],60,336,360,276,336
1,<environment.Job instance at 0x149677d251e0>,60,25,[12  2],61,360,385,299,356
1,<environment.Job instance at 0x14964d6a3140>,61,28,[5 1],62,385,413,323,384
1,<environment.Job instance at 0x149677d257d0>,62,27,[2 7],63,384,411,321,384
1,<environment.Job instance at 0x149677d25320>,63,14,[11  2],64,413,427,349,409
1,<environment.Job instance at 0x14964d5cc640>,64,22,[1 8],65,411,433,346,410
1,<environment.Job instance at 0x1496708ee690>,48,1,[ 2 13],49,433,434,384,424
1,<environment.Job instance at 0x14964d83e4b0>,65,3,[ 2 12],66,434,437,368,427
1,<environment.Job instance at 0x14964d83e8c0>,67,25,[2 8],68,437,462,369,433
1,<environment.Job instance at 0x149670a06d70>,68,28,[ 2 13],69,462,490,393,461
1,<environment.Job instance at 0x14966c20c0f0>,69,24,[6 1],70,461,485,391,461
1,<environment.Job instance at 0x149675d27410>,70,28,[2 5],71,490,518,419,489
1,<environment.Job instance at 0x14967189c410>,71,13,[13  2],72,493,506,421,493
1,<environment.Job instance at 0x149670aa3f50>,73,23,[14  1],74,518,541,444,512
1,<environment.Job instance at 0x149674da4140>,74,24,[ 2 14],75,541,565,466,537
1,<environment.Job instance at 0x149674da4af0>,75,22,[2 9],76,565,587,489,560
1,<environment.Job instance at 0x14964d11a140>,18,14,[12  2],19,598,612,579,598
1,<environment.Job instance at 0x14964d4ee370>,81,23,[ 1 12],82,599,622,517,599
1,<environment.Job instance at 0x149670983730>,82,22,[2 5],83,622,644,539,615
1,<environment.Job instance at 0x14966c1280f0>,83,28,[1 9],84,622,650,538,621
1,<environment.Job instance at 0x14966c128af0>,84,13,[14  2],85,650,663,565,650
1,<environment.Job instance at 0x1496709830a0>,85,3,[13  1],86,663,666,577,653
1,<environment.Job instance at 0x14966f24c820>,86,2,[14  1],87,666,668,579,653
1,<environment.Job instance at 0x1496713f4640>,87,22,[ 1 12],88,653,675,565,653
1,<environment.Job instance at 0x1496713f47d0>,88,1,[11  2],89,668,669,579,666
1,<environment.Job instance at 0x14966f2268c0>,89,15,[6 2],90,669,684,579,668
1,<environment.Job instance at 0x1496713f4b40>,90,27,[11  1],91,684,711,593,682
1,<environment.Job instance at 0x14966f226af0>,91,22,[2 5],92,682,704,590,682
1,<environment.Job instance at 0x14966f226a00>,92,23,[12  2],93,711,734,618,705
1,<environment.Job instance at 0x14966efa95f0>,93,2,[ 2 13],94,716,718,622,716
1,<environment.Job instance at 0x14966efa90a0>,94,1,[ 1 12],95,718,719,623,716
1,<environment.Job instance at 0x14966efa9b90>,95,21,[ 1 10],96,719,740,623,716
1,<environment.Job instance at 0x14966efa9a50>,96,1,[ 2 12],97,740,741,643,718
1,<environment.Job instance at 0x14966efa9690>,97,2,[2 6],98,741,743,643,720
1,<environment.Job instance at 0x14966efa95a0>,98,17,[ 1 12],99,743,760,644,737
1,<environment.Job instance at 0x14966efa9e10>,99,26,[11  1],100,737,763,637,737
1,<environment.Job instance at 0x14964d7d68c0>,100,3,[ 1 12],101,760,763,659,755
1,<environment.Job instance at 0x1496711c1640>,101,24,[ 1 11],102,763,787,661,759
1,<environment.Job instance at 0x1496711c1820>,102,19,[ 1 11],103,787,806,684,779
1,<environment.Job instance at 0x1496711c1dc0>,103,25,[ 1 14],104,806,831,702,802
1,<environment.Job instance at 0x1496711c1960>,104,24,[8 2],105,831,855,726,826
1,<environment.Job instance at 0x14964d4eea50>,79,16,[ 2 14],80,855,871,775,854
1,<environment.Job instance at 0x1496711c19b0>,107,3,[14  1],108,871,874,763,862
1,<environment.Job instance at 0x1496711c1320>,108,22,[7 1],109,874,896,765,867
1,<environment.Job instance at 0x1496711c17d0>,109,23,[8 1],110,874,897,764,868
1,<environment.Job instance at 0x1496711c1550>,110,1,[11  2],111,897,898,786,870
1,<environment.Job instance at 0x1496711c1c30>,112,3,[ 1 11],113,896,899,783,874
1,<environment.Job instance at 0x1496711c1410>,113,22,[1 6],114,899,921,785,892
1,<environment.Job instance at 0x14966c121870>,115,1,[ 2 14],116,921,922,805,898
1,<environment.Job instance at 0x14966c121370>,116,17,[ 1 13],117,937,954,820,937
1,<environment.Job instance at 0x14966c1210f0>,118,22,[1 7],119,954,976,835,947
1,<environment.Job instance at 0x14966c121a00>,119,27,[ 1 13],120,976,1003,856,974
1,<environment.Job instance at 0x14966c121230>,120,27,[2 8],121,1003,1030,882,1001
1,<environment.Job instance at 0x14966c121f50>,121,2,[ 2 12],122,1030,1032,908,1010
1,<environment.Job instance at 0x14966c121af0>,122,22,[2 6],123,1032,1054,909,1025
1,<environment.Job instance at 0x14966c121cd0>,123,2,[ 2 12],124,1054,1056,930,1034
1,<environment.Job instance at 0x14967108e5f0>,124,25,[2 9],125,1056,1081,931,1052
1,<environment.Job instance at 0x14964d839910>,125,22,[11  1],126,1052,1074,926,1052
1,<environment.Job instance at 0x14964d8396e0>,126,26,[ 2 11],127,1081,1107,954,1078
1,<environment.Job instance at 0x14964d839140>,127,14,[12  1],128,1078,1092,950,1078
1,<environment.Job instance at 0x14964d8390f0>,128,17,[13  1],129,1092,1109,963,1087
1,<environment.Job instance at 0x1496710590f0>,130,21,[12  1],131,1109,1130,978,1101
1,<environment.Job instance at 0x14966c036a00>,131,21,[2 7],132,1107,1128,975,1102
1,<environment.Job instance at 0x14966c036730>,132,27,[6 1],133,1130,1157,997,1128
1,<environment.Job instance at 0x1496708eebe0>,50,16,[ 1 14],51,1144,1160,1093,1144
1,<environment.Job instance at 0x14966c0360a0>,134,21,[14  2],135,1160,1181,1025,1152
1,<environment.Job instance at 0x14966c036280>,135,28,[ 2 12],136,1181,1209,1045,1180
1,<environment.Job instance at 0x14966c036fa0>,136,24,[10  2],137,1181,1205,1044,1180
1,<environment.Job instance at 0x14966c036c30>,133,14,[12  2],134,1212,1226,1078,1212
1,<environment.Job instance at 0x14966c036e60>,139,3,[ 2 14],140,1226,1229,1086,1224
1,<environment.Job instance at 0x14966c036dc0>,140,21,[ 2 10],141,1229,1250,1088,1224
1,<environment.Job instance at 0x14967100fbe0>,141,19,[12  1],142,1226,1245,1084,1224
1,<environment.Job instance at 0x14967100f370>,142,28,[ 2 14],143,1250,1278,1107,1249
1,<environment.Job instance at 0x14967100fd20>,143,22,[ 1 12],144,1278,1300,1134,1271
1,<environment.Job instance at 0x14967100f9b0>,144,22,[1 9],145,1300,1322,1155,1293
1,<environment.Job instance at 0x14964d83ea00>,66,16,[ 1 12],67,1322,1338,1255,1315
1,<environment.Job instance at 0x14967100f960>,145,21,[ 1 14],146,1338,1359,1192,1330
1,<environment.Job instance at 0x14967100fcd0>,149,1,[ 1 14],157,1359,1360,1202,1331
1,<environment.Job instance at 0x14967100ff00>,150,24,[ 1 10],167,1360,1384,1193,1355
1,<environment.Job instance at 0x14967100fc30>,151,26,[12  1],168,1355,1381,1187,1355
1,<environment.Job instance at 0x14967100f2d0>,152,25,[5 1],169,1381,1406,1212,1378
1,<environment.Job instance at 0x1496711c10a0>,105,14,[ 2 13],106,1388,1402,1282,1388
1,<environment.Job instance at 0x14964d11a9b0>,14,3,[ 2 13],15,1458,1461,1443,1458
1,<environment.Job instance at 0x14967100f780>,147,12,[13  2],148,1471,1483,1323,1471
1,<environment.Job instance at 0x14966c0361e0>,137,13,[ 2 13],138,1494,1507,1356,1494
1,<environment.Job instance at 0x14966c2fde60>,1,26,[12  1],2,3,29,1,3
1,<environment.Job instance at 0x14966c0361e0>,4,21,[14  1],5,29,50,24,21
1,<environment.Job instance at 0x14966ef6d2d0>,7,1,[ 2 13],8,28,29,20,28
1,<environment.Job instance at 0x14966ef6df50>,11,27,[5 1],12,50,77,38,48
1,<environment.Job instance at 0x14966ef6d1e0>,12,21,[7 2],13,50,71,37,48
1,<environment.Job instance at 0x14966ef6d550>,13,28,[7 1],14,71,99,57,70
1,<environment.Job instance at 0x14964d1f3d20>,15,20,[12  1],16,99,119,83,90
1,<environment.Job instance at 0x14964d1f3410>,16,25,[2 8],17,90,115,73,90
1,<environment.Job instance at 0x14966c2fddc0>,0,3,[ 1 13],1,117,120,116,117
1,<environment.Job instance at 0x14966ef6d910>,10,17,[11  1],11,119,136,108,117
1,<environment.Job instance at 0x14964d1f3640>,19,1,[12  2],20,136,137,116,117
1,<environment.Job instance at 0x14964d1f35f0>,22,21,[13  1],23,137,158,114,130
1,<environment.Job instance at 0x14964d1f3cd0>,23,23,[11  1],24,158,181,134,152
1,<environment.Job instance at 0x14964d1f3190>,24,26,[2 5],25,152,178,127,152
1,<environment.Job instance at 0x14964d1f3500>,18,15,[14  1],19,181,196,162,175
1,<environment.Job instance at 0x14964d1f3820>,26,28,[ 2 13],27,196,224,169,195
1,<environment.Job instance at 0x14964d1f3a00>,28,17,[11  1],29,221,238,192,221
1,<environment.Job instance at 0x14964d1f3b40>,29,2,[ 2 13],30,231,233,201,231
1,<environment.Job instance at 0x14964d1f3370>,30,21,[5 2],31,238,259,207,231
1,<environment.Job instance at 0x14964d1f31e0>,25,1,[13  2],26,259,260,233,245
1,<environment.Job instance at 0x14964d1f3a50>,32,28,[ 1 13],33,245,273,212,245
1,<environment.Job instance at 0x14964d1f3d70>,31,12,[12  1],32,269,281,237,269
1,<environment.Job instance at 0x14964d1f3910>,35,22,[ 1 13],36,273,295,237,270
1,<environment.Job instance at 0x14964d83e230>,36,21,[14  2],37,281,302,244,274
1,<environment.Job instance at 0x14964d83e910>,37,23,[6 1],38,302,325,264,296
1,<environment.Job instance at 0x14964d83e3c0>,38,2,[1 7],39,308,310,269,308
1,<environment.Job instance at 0x14964d83edc0>,40,18,[13  2],41,325,343,284,318
1,<environment.Job instance at 0x14964d83ea50>,42,14,[ 2 10],43,336,350,293,336
1,<environment.Job instance at 0x14964d83e6e0>,43,22,[2 7],44,350,372,306,343
1,<environment.Job instance at 0x14964d83ee10>,44,22,[14  2],45,372,394,327,365
1,<environment.Job instance at 0x14964d83e780>,45,22,[ 2 13],46,394,416,348,389
1,<environment.Job instance at 0x14964d83e320>,47,3,[1 7],48,416,419,368,398
1,<environment.Job instance at 0x14964d83e550>,48,16,[11  2],49,414,430,365,414
1,<environment.Job instance at 0x14964d83efa0>,49,27,[5 1],50,430,457,380,429
1,<environment.Job instance at 0x14964d83e410>,51,19,[2 8],52,453,472,401,453
1,<environment.Job instance at 0x14964d83e2d0>,52,1,[7 1],53,454,455,401,454
1,<environment.Job instance at 0x14964d1f3280>,20,15,[14  1],21,472,487,451,466
1,<environment.Job instance at 0x14964d83ed70>,54,23,[11  1],55,487,510,432,481
1,<environment.Job instance at 0x14964d83e140>,53,2,[6 2],54,510,512,456,508
1,<environment.Job instance at 0x14966c1dbb40>,56,1,[ 1 12],57,510,511,453,510
1,<environment.Job instance at 0x14966c1db870>,58,26,[2 6],59,511,537,452,510
1,<environment.Job instance at 0x14966c1db500>,59,20,[11  2],60,512,532,452,510
1,<environment.Job instance at 0x14966c1db0a0>,57,3,[11  1],58,532,535,474,529
1,<environment.Job instance at 0x14966c1dbe60>,60,25,[ 2 14],61,537,562,476,533
1,<environment.Job instance at 0x14966c1dbbe0>,64,28,[6 1],65,535,563,470,535
1,<environment.Job instance at 0x14966c1db5a0>,63,25,[ 1 11],64,562,587,498,558
1,<environment.Job instance at 0x14966c1db280>,66,2,[9 1],67,563,565,496,560
1,<environment.Job instance at 0x14966c1db8c0>,67,20,[9 1],68,565,585,497,560
1,<environment.Job instance at 0x14966c1db3c0>,68,27,[14  2],69,585,612,516,583
1,<environment.Job instance at 0x14966c1db460>,69,3,[12  2],70,612,615,542,610
1,<environment.Job instance at 0x14966c1db1e0>,72,28,[14  2],73,615,643,542,614
1,<environment.Job instance at 0x14966c1db910>,71,18,[ 2 11],72,643,661,571,641
1,<environment.Job instance at 0x14967189cc80>,75,24,[7 1],76,643,667,567,641
1,<environment.Job instance at 0x14967189c370>,76,17,[14  1],77,667,684,590,656
1,<environment.Job instance at 0x14967189cf00>,78,21,[8 1],79,684,705,605,677
1,<environment.Job instance at 0x14967189c280>,79,27,[ 2 11],80,684,711,604,682
1,<environment.Job instance at 0x14967189caf0>,80,24,[7 2],81,705,729,624,700
1,<environment.Job instance at 0x14967189c230>,81,28,[ 1 12],82,711,739,629,710
1,<environment.Job instance at 0x14967189c550>,82,28,[9 1],83,729,757,646,728
1,<environment.Job instance at 0x14967189caa0>,83,23,[1 8],84,739,762,655,733
1,<environment.Job instance at 0x14967189c960>,84,25,[13  2],85,757,782,672,753
1,<environment.Job instance at 0x14967189c050>,85,21,[ 2 13],86,762,783,676,755
1,<environment.Job instance at 0x14967189c140>,87,20,[ 1 10],88,783,803,695,776
1,<environment.Job instance at 0x14967189ceb0>,88,15,[9 1],89,782,797,693,780
1,<environment.Job instance at 0x14964d1f3f00>,34,17,[11  1],35,797,814,762,788
1,<environment.Job instance at 0x14967189c1e0>,74,1,[ 2 13],75,810,811,735,810
1,<environment.Job instance at 0x1496709830f0>,90,25,[11  2],91,814,839,723,810
1,<environment.Job instance at 0x1496709833c0>,93,21,[8 2],94,839,860,745,831
1,<environment.Job instance at 0x14967189ccd0>,89,13,[ 2 11],90,833,846,743,833
1,<environment.Job instance at 0x149670983d70>,92,21,[ 1 14],93,860,881,767,854
1,<environment.Job instance at 0x1496709835f0>,95,18,[11  2],96,881,899,785,870
1,<environment.Job instance at 0x149670983c80>,97,16,[ 2 11],98,881,897,783,877
1,<environment.Job instance at 0x149670983320>,102,18,[12  1],103,899,917,796,888
1,<environment.Job instance at 0x149670983280>,105,21,[12  2],106,917,938,811,909
1,<environment.Job instance at 0x149670983a50>,101,16,[ 2 11],102,916,932,814,916
1,<environment.Job instance at 0x14966c128e60>,108,24,[11  1],109,938,962,829,933
1,<environment.Job instance at 0x14966c128f00>,110,28,[13  2],111,962,990,851,961
1,<environment.Job instance at 0x14966c128a00>,113,1,[13  1],114,990,991,876,979
1,<environment.Job instance at 0x1496709832d0>,106,14,[ 1 12],107,979,993,872,979
1,<environment.Job instance at 0x14966c1288c0>,114,14,[11  2],115,992,1006,877,992
1,<environment.Job instance at 0x14966c1289b0>,116,21,[ 1 11],117,995,1016,878,995
1,<environment.Job instance at 0x14966c128370>,118,22,[5 2],119,1006,1028,887,1000
1,<environment.Job instance at 0x14966c128410>,119,24,[9 2],120,1006,1030,886,1001
1,<environment.Job instance at 0x149670983f50>,94,1,[ 2 13],95,1028,1029,933,1003
1,<environment.Job instance at 0x14966c1285a0>,122,1,[13  1],123,1030,1031,907,1016
1,<environment.Job instance at 0x14966c128730>,121,18,[ 2 13],122,1029,1047,907,1024
1,<environment.Job instance at 0x14967145a320>,124,25,[ 1 11],125,1047,1072,922,1043
1,<environment.Job instance at 0x14967145a8c0>,125,13,[2 5],126,1077,1090,951,1077
1,<environment.Job instance at 0x14967145adc0>,126,23,[14  2],127,1090,1113,963,1084
1,<environment.Job instance at 0x14967145a050>,127,1,[12  1],128,1113,1114,985,1095
1,<environment.Job instance at 0x14967145a0f0>,128,23,[10  2],129,1114,1137,985,1108
1,<environment.Job instance at 0x14967145ae60>,129,3,[ 1 12],130,1111,1114,981,1111
1,<environment.Job instance at 0x14967145a190>,130,19,[14  2],131,1137,1156,1006,1127
1,<environment.Job instance at 0x14967145a730>,131,25,[5 2],132,1156,1181,1024,1152
1,<environment.Job instance at 0x14967145a460>,132,17,[ 1 11],133,1164,1181,1031,1164
1,<environment.Job instance at 0x14967145a870>,133,15,[12  1],134,1181,1196,1047,1170
1,<environment.Job instance at 0x14966ef6d780>,5,18,[ 1 11],6,1181,1199,1175,1174
1,<environment.Job instance at 0x14967145a7d0>,135,26,[13  2],136,1196,1222,1060,1193
1,<environment.Job instance at 0x14967145a0a0>,134,18,[ 1 12],135,1199,1217,1064,1193
1,<environment.Job instance at 0x14967145a640>,138,23,[6 2],139,1222,1245,1083,1216
1,<environment.Job instance at 0x14964d6e67d0>,139,15,[ 1 10],140,1218,1233,1078,1218
1,<environment.Job instance at 0x14964d6e6960>,140,26,[14  2],141,1245,1271,1104,1242
1,<environment.Job instance at 0x14964d6e6910>,141,25,[6 2],142,1271,1296,1129,1267
1,<environment.Job instance at 0x14964d6e6820>,142,25,[ 2 10],143,1271,1296,1128,1267
1,<environment.Job instance at 0x14964d6e61e0>,143,20,[ 1 13],144,1296,1316,1152,1288
1,<environment.Job instance at 0x14964d695370>,144,20,[ 1 11],153,1316,1336,1163,1307
1,<environment.Job instance at 0x149670b89910>,145,2,[ 1 14],154,1336,1338,1182,1310
1,<environment.Job instance at 0x149675e6a5a0>,146,24,[ 2 13],176,1338,1362,1162,1333
1,<environment.Job instance at 0x14966ef6d410>,8,16,[ 2 13],9,1519,1535,1510,1519
1,<environment.Job instance at 0x14966c128870>,120,16,[ 1 13],121,1544,1560,1423,1544
1,<environment.Job instance at 0x14967145acd0>,123,3,[14  1],124,1702,1705,1578,1702
1,<environment.Job instance at 0x1496710ba6e0>,1,28,[12  2],2,2,30,0,2
1,<environment.Job instance at 0x1496710baeb0>,2,26,[2 8],3,3,29,0,3
1,<environment.Job instance at 0x149675d33af0>,6,1,[ 2 11],7,29,30,22,7
1,<environment.Job instance at 0x149675d33460>,8,1,[ 1 12],9,30,31,21,22
1,<environment.Job instance at 0x149675d33fa0>,10,20,[14  1],11,30,50,19,29
1,<environment.Job instance at 0x149675d33820>,13,3,[ 1 14],14,31,34,17,29
1,<environment.Job instance at 0x149675d33d20>,17,25,[ 1 12],18,42,67,24,42
1,<environment.Job instance at 0x149675d335f0>,18,2,[14  1],19,50,52,31,47
1,<environment.Job instance at 0x149675d33d70>,19,23,[11  1],20,52,75,32,50
1,<environment.Job instance at 0x149675d33f50>,14,2,[ 1 12],15,74,76,59,74
1,<environment.Job instance at 0x149675d331e0>,21,25,[ 2 13],22,76,101,54,74
1,<environment.Job instance at 0x149675d33dc0>,22,28,[5 2],23,75,103,52,74
1,<environment.Job instance at 0x149675d337d0>,20,27,[14  2],21,103,130,82,101
1,<environment.Job instance at 0x149675d332d0>,24,2,[11  1],25,130,132,105,125
1,<environment.Job instance at 0x14964d790730>,25,25,[ 2 14],26,130,155,104,126
1,<environment.Job instance at 0x14964d790140>,26,26,[ 2 11],27,155,181,128,152
1,<environment.Job instance at 0x14964d790d20>,28,28,[12  1],29,152,180,123,152
1,<environment.Job instance at 0x149675d336e0>,23,13,[14  2],24,181,194,157,176
1,<environment.Job instance at 0x1496709ce960>,30,26,[ 1 13],31,181,207,150,179
1,<environment.Job instance at 0x1496709ce780>,34,19,[6 2],35,194,213,159,193
1,<environment.Job instance at 0x1496709ce690>,36,20,[ 1 13],37,207,227,170,203
1,<environment.Job instance at 0x1496709cee10>,37,3,[13  1],38,213,216,175,211
1,<environment.Job instance at 0x1496709cebe0>,39,19,[7 1],40,230,249,190,230
1,<environment.Job instance at 0x1496709ce0a0>,41,24,[ 2 10],42,235,259,193,235
1,<environment.Job instance at 0x1496709ce2d0>,45,27,[6 1],46,244,271,198,244
1,<environment.Job instance at 0x1496709cefa0>,31,3,[ 2 11],32,260,263,228,260
1,<environment.Job instance at 0x14966c2f8eb0>,47,1,[ 2 12],48,263,264,215,262
1,<environment.Job instance at 0x14966c2f8d70>,48,25,[ 1 13],49,264,289,215,262
1,<environment.Job instance at 0x149675d33be0>,9,3,[ 1 11],10,289,292,279,281
1,<environment.Job instance at 0x14966c2f8cd0>,50,27,[ 1 12],51,292,319,241,291
1,<environment.Job instance at 0x14966c2f8aa0>,53,21,[13  1],54,291,312,237,291
1,<environment.Job instance at 0x14966c2f81e0>,55,23,[11  1],56,313,336,257,313
1,<environment.Job instance at 0x149675d33eb0>,16,12,[ 1 13],17,379,391,362,379
1,<environment.Job instance at 0x14966c2f8050>,57,21,[ 1 12],58,391,412,333,386
1,<environment.Job instance at 0x14966c2f8b40>,58,27,[ 1 14],59,412,439,353,410
1,<environment.Job instance at 0x14966c2f8af0>,59,3,[ 1 13],60,439,442,379,437
1,<environment.Job instance at 0x14966c2f85a0>,60,25,[ 2 10],61,442,467,381,438
1,<environment.Job instance at 0x14966c2f8780>,61,26,[14  1],62,467,493,405,464
1,<environment.Job instance at 0x14966c2f87d0>,62,3,[2 5],63,493,496,430,469
1,<environment.Job instance at 0x14966c2f85f0>,64,18,[12  2],65,493,511,428,488
1,<environment.Job instance at 0x14967547f410>,65,23,[9 2],66,511,534,445,505
1,<environment.Job instance at 0x14967547fc30>,66,1,[7 1],67,534,535,467,510
1,<environment.Job instance at 0x14967547f550>,67,23,[8 2],68,534,557,466,528
1,<environment.Job instance at 0x14967547f4b0>,68,15,[13  1],69,557,572,488,544
1,<environment.Job instance at 0x14967547faf0>,69,1,[11  2],70,572,573,502,563
1,<environment.Job instance at 0x14967547f910>,70,23,[14  2],71,573,596,502,567
1,<environment.Job instance at 0x14967547f230>,72,20,[2 6],73,596,616,523,589
1,<environment.Job instance at 0x14967547f280>,73,23,[6 1],74,596,619,522,590
1,<environment.Job instance at 0x14967547f050>,74,2,[1 8],75,594,596,519,594
1,<environment.Job instance at 0x14967547fcd0>,75,26,[6 2],76,596,622,520,594
1,<environment.Job instance at 0x14967547fd20>,76,22,[2 8],77,616,638,539,609
1,<environment.Job instance at 0x149675d33870>,11,15,[ 1 12],12,640,655,628,640
1,<environment.Job instance at 0x14966c2f8820>,56,18,[ 1 13],57,655,673,598,646
1,<environment.Job instance at 0x14967547f2d0>,79,24,[9 1],80,646,670,566,646
1,<environment.Job instance at 0x14967547ff50>,81,20,[14  2],82,670,690,588,664
1,<environment.Job instance at 0x14964da18550>,85,28,[ 1 12],86,690,718,604,690
1,<environment.Job instance at 0x14964da18f00>,86,27,[ 1 13],87,718,745,631,716
1,<environment.Job instance at 0x14964da18370>,88,22,[14  1],89,719,741,630,719
1,<environment.Job instance at 0x14964da18be0>,89,26,[8 2],90,741,767,651,738
1,<environment.Job instance at 0x14964da183c0>,90,22,[1 7],91,745,767,654,738
1,<environment.Job instance at 0x14966c2f8460>,51,13,[ 2 14],52,772,785,720,772
1,<environment.Job instance at 0x14964da184b0>,92,21,[1 7],93,785,806,692,778
1,<environment.Job instance at 0x14964da18d70>,84,3,[12  2],85,806,809,721,806
1,<environment.Job instance at 0x14964da18e10>,96,24,[5 1],97,809,833,712,806
1,<environment.Job instance at 0x14964da181e0>,97,24,[1 8],98,807,831,709,807
1,<environment.Job instance at 0x14964da18690>,99,27,[ 2 11],100,831,858,731,830
1,<environment.Job instance at 0x14964d8982d0>,102,25,[12  1],103,847,872,744,847
1,<environment.Job instance at 0x149671096640>,100,23,[ 1 12],101,858,881,757,854
1,<environment.Job instance at 0x14964d8989b0>,104,27,[12  1],105,872,899,767,870
1,<environment.Job instance at 0x149675d27eb0>,107,27,[2 8],108,881,908,773,879
1,<environment.Job instance at 0x14964d898410>,106,20,[10  1],107,899,919,792,891
1,<environment.Job instance at 0x149675d27960>,111,2,[ 1 12],112,929,931,817,929
1,<environment.Job instance at 0x14967547f0a0>,77,15,[ 1 12],78,936,951,858,936
1,<environment.Job instance at 0x149675d27320>,113,22,[7 2],114,938,960,824,938
1,<environment.Job instance at 0x149675d27460>,114,2,[11  1],115,960,962,845,958
1,<environment.Job instance at 0x149675d274b0>,115,19,[12  2],116,962,981,846,958
1,<environment.Job instance at 0x149675d275f0>,116,2,[12  2],117,981,983,864,959
1,<environment.Job instance at 0x149675d27730>,119,26,[10  1],120,1002,1028,882,1002
1,<environment.Job instance at 0x149675d27aa0>,120,25,[ 1 14],121,1002,1027,881,1002
1,<environment.Job instance at 0x149675d272d0>,121,23,[12  1],122,1028,1051,906,1022
1,<environment.Job instance at 0x149675d27b40>,122,27,[ 1 13],123,1027,1054,904,1025
1,<environment.Job instance at 0x149675d27140>,123,19,[13  1],124,1051,1070,927,1048
1,<environment.Job instance at 0x149675d27dc0>,110,14,[ 1 13],111,1068,1082,957,1068
1,<environment.Job instance at 0x149675d27cd0>,112,17,[11  2],113,1075,1092,962,1075
1,<environment.Job instance at 0x149675d275a0>,124,14,[13  2],125,1092,1106,967,1080
1,<environment.Job instance at 0x1496773650a0>,129,21,[14  2],130,1106,1127,976,1099
1,<environment.Job instance at 0x149677365d70>,130,23,[2 6],131,1127,1150,996,1123
1,<environment.Job instance at 0x149677365140>,131,21,[14  2],132,1150,1171,1018,1145
1,<environment.Job instance at 0x149677365910>,128,24,[ 2 14],129,1171,1195,1042,1166
1,<environment.Job instance at 0x149677365190>,133,1,[ 1 11],134,1196,1197,1062,1196
1,<environment.Job instance at 0x149677365230>,134,28,[ 1 12],135,1197,1225,1062,1197
1,<environment.Job instance at 0x149677365550>,135,26,[14  1],136,1197,1223,1061,1197
1,<environment.Job instance at 0x149677365820>,137,18,[ 2 10],138,1225,1243,1087,1218
1,<environment.Job instance at 0x149671437140>,125,16,[14  2],126,1259,1275,1133,1259
1,<environment.Job instance at 0x1496773655a0>,140,19,[1 8],141,1269,1288,1128,1269
1,<environment.Job instance at 0x14964d5f15a0>,142,26,[ 1 11],143,1288,1314,1145,1285
1,<environment.Job instance at 0x14966c1ca780>,143,24,[11  1],144,1286,1310,1142,1286
1,<environment.Job instance at 0x1496708db500>,146,28,[7 2],147,1310,1338,1163,1310
1,<environment.Job instance at 0x149675dbc230>,148,27,[1 6],154,1320,1347,1166,1320
1,<environment.Job instance at 0x14964da18c30>,91,19,[ 1 13],92,1393,1412,1301,1393
1,<environment.Job instance at 0x1496714724b0>,150,19,[14  1],177,1406,1425,1229,1406
1,<environment.Job instance at 0x149670b13280>,139,15,[ 2 11],140,1425,1440,1285,1414
1,<environment.Job instance at 0x149677365f50>,132,15,[ 2 13],133,1440,1455,1307,1426
1,<environment.Job instance at 0x149677345f00>,149,2,[12  2],155,1483,1485,1328,1483
1,<environment.Job instance at 0x14966c2f8230>,49,12,[ 1 12],50,1748,1760,1698,1748
1,<environment.Job instance at 0x1496710feb40>,0,2,[14  1],1,1,3,0,1
1,<environment.Job instance at 0x149677380500>,3,28,[12  2],4,4,32,0,4
1,<environment.Job instance at 0x14966c2f84b0>,1,2,[13  1],2,32,34,30,5
1,<environment.Job instance at 0x14964d26ca00>,8,25,[ 1 13],9,9,34,0,9
1,<environment.Job instance at 0x14966c230c80>,14,26,[14  1],15,34,60,19,31
1,<environment.Job instance at 0x14964d233b40>,4,18,[ 2 11],5,60,78,55,56
1,<environment.Job instance at 0x14964d24c4b0>,18,1,[13  1],19,65,66,46,65
1,<environment.Job instance at 0x14964d24c050>,19,26,[ 1 14],20,78,104,58,76
1,<environment.Job instance at 0x14964d24c410>,21,27,[13  1],22,76,103,54,76
1,<environment.Job instance at 0x14964d26c140>,16,2,[ 2 11],17,104,106,87,79
1,<environment.Job instance at 0x14964d9e5b40>,26,26,[2 5],27,106,132,79,103
1,<environment.Job instance at 0x14964d24e3c0>,29,22,[11  2],30,104,126,74,104
1,<environment.Job instance at 0x14964d24e5a0>,30,27,[2 9],31,126,153,95,124
1,<environment.Job instance at 0x14964d9e5870>,27,3,[14  1],28,153,156,125,140
1,<environment.Job instance at 0x1496709a6820>,32,27,[ 1 10],33,153,180,120,152
1,<environment.Job instance at 0x14964d572cd0>,31,14,[11  2],32,163,177,131,163
1,<environment.Job instance at 0x14964d571780>,34,3,[ 1 13],35,180,183,145,178
1,<environment.Job instance at 0x14964d24edc0>,35,27,[7 1],36,178,205,142,178
1,<environment.Job instance at 0x14964d573320>,36,1,[13  1],37,205,206,168,185
1,<environment.Job instance at 0x14964d59ca50>,37,13,[12  1],38,206,219,168,193
1,<environment.Job instance at 0x14964d57aaf0>,38,23,[ 2 11],39,194,217,155,194
1,<environment.Job instance at 0x1496709b47d0>,40,21,[12  2],41,219,240,178,212
1,<environment.Job instance at 0x14964d579aa0>,41,3,[ 1 14],42,240,243,198,227
1,<environment.Job instance at 0x14964d70adc0>,43,25,[1 6],44,243,268,199,239
1,<environment.Job instance at 0x14964d59b9b0>,44,26,[6 1],45,240,266,195,239
1,<environment.Job instance at 0x14964d59b730>,45,26,[1 8],46,243,269,197,241
1,<environment.Job instance at 0x14964d5a0d20>,46,20,[7 2],47,268,288,221,260
1,<environment.Job instance at 0x14964d26ce10>,17,1,[14  1],18,288,289,270,268
1,<environment.Job instance at 0x14964d57f0f0>,50,23,[12  1],51,289,312,238,285
1,<environment.Job instance at 0x14964d57f6e0>,49,18,[ 2 14],50,322,340,272,322
1,<environment.Job instance at 0x14964d5a2280>,53,24,[ 1 14],54,340,364,286,335
1,<environment.Job instance at 0x14964d5a2500>,54,28,[13  2],55,364,392,309,363
1,<environment.Job instance at 0x14964d5a2050>,55,19,[11  2],56,392,411,336,387
1,<environment.Job instance at 0x14964d5a2410>,56,22,[ 2 13],57,387,409,330,387
1,<environment.Job instance at 0x14964d5a2460>,57,26,[11  1],58,411,437,353,408
1,<environment.Job instance at 0x14964d57fb40>,51,15,[ 1 12],52,438,453,386,438
1,<environment.Job instance at 0x14964d5a22d0>,58,12,[ 2 11],59,473,485,414,473
1,<environment.Job instance at 0x14964d59a9b0>,62,28,[12  2],63,473,501,410,473
1,<environment.Job instance at 0x14964d59a500>,65,27,[1 8],66,490,517,424,490
1,<environment.Job instance at 0x14964d59aeb0>,67,25,[ 1 10],68,517,542,449,513
1,<environment.Job instance at 0x14964d59ae60>,68,28,[10  1],69,513,541,444,513
1,<environment.Job instance at 0x14964d59a280>,69,21,[13  2],70,541,562,471,539
1,<environment.Job instance at 0x14964d59a7d0>,61,17,[ 2 13],62,555,572,493,555
1,<environment.Job instance at 0x14964d6f4eb0>,71,27,[2 5],72,572,599,500,570
1,<environment.Job instance at 0x14964d70c190>,72,26,[2 6],73,572,598,499,570
1,<environment.Job instance at 0x14964d70c370>,75,28,[ 2 13],76,599,627,523,598
1,<environment.Job instance at 0x14964d70c5f0>,76,27,[ 2 13],77,627,654,550,625
1,<environment.Job instance at 0x14964d70c640>,77,21,[11  1],78,629,650,551,629
1,<environment.Job instance at 0x14964d70c320>,73,14,[11  2],74,650,664,576,635
1,<environment.Job instance at 0x14964d70c8c0>,79,2,[14  2],80,664,666,584,652
1,<environment.Job instance at 0x14964d70caf0>,81,27,[ 1 11],82,654,681,572,653
1,<environment.Job instance at 0x14964d70cbe0>,82,16,[12  2],83,666,682,583,661
1,<environment.Job instance at 0x14964d70cc30>,84,23,[ 2 14],85,682,705,597,678
1,<environment.Job instance at 0x14964d70cdc0>,85,25,[11  1],86,682,707,596,678
1,<environment.Job instance at 0x14964d70ce60>,86,28,[9 1],87,707,735,620,706
1,<environment.Job instance at 0x14964d70ce10>,87,17,[ 2 12],88,729,746,641,729
1,<environment.Job instance at 0x14964d70cd20>,89,28,[2 5],90,746,774,656,745
1,<environment.Job instance at 0x14964d3bca00>,5,13,[ 2 11],6,779,792,773,779
1,<environment.Job instance at 0x14964d70cf00>,91,27,[ 2 14],92,792,819,700,790
1,<environment.Job instance at 0x14964d711280>,92,28,[14  1],93,819,847,726,818
1,<environment.Job instance at 0x14964d9c27d0>,33,17,[ 2 14],34,847,864,813,844
1,<environment.Job instance at 0x14964d711410>,95,22,[7 2],96,864,886,768,857
1,<environment.Job instance at 0x14964d711050>,96,23,[7 1],97,857,880,760,857
1,<environment.Job instance at 0x14964d711550>,97,22,[ 2 11],98,880,902,782,876
1,<environment.Job instance at 0x14964d7115f0>,98,28,[8 1],99,886,914,787,885
1,<environment.Job instance at 0x14964d711730>,99,23,[5 1],100,892,915,792,892
1,<environment.Job instance at 0x14964d711690>,100,24,[ 2 11],101,902,926,801,900
1,<environment.Job instance at 0x14964d70cfa0>,90,13,[ 1 11],91,926,939,835,922
1,<environment.Job instance at 0x14964d711b40>,104,22,[2 8],105,939,961,834,932
1,<environment.Job instance at 0x14964d711b90>,105,24,[1 9],106,961,985,855,956
1,<environment.Job instance at 0x14964d711dc0>,106,19,[10  1],107,957,976,850,957
1,<environment.Job instance at 0x14964d711960>,107,19,[ 2 11],108,985,1004,877,982
1,<environment.Job instance at 0x14964d711d20>,108,15,[12  2],109,983,998,874,983
1,<environment.Job instance at 0x14964d711d70>,109,2,[13  1],110,998,1000,888,989
1,<environment.Job instance at 0x14964d711eb0>,111,21,[1 8],112,1004,1025,892,997
1,<environment.Job instance at 0x14964d711f50>,112,26,[5 2],113,1000,1026,887,997
1,<environment.Job instance at 0x14964d711af0>,103,18,[ 1 11],104,1040,1058,936,1040
1,<environment.Job instance at 0x14964d7190f0>,114,15,[13  1],115,1050,1065,935,1050
1,<environment.Job instance at 0x14964d7192d0>,117,22,[13  1],118,1065,1087,947,1058
1,<environment.Job instance at 0x14964d719370>,118,20,[8 2],119,1087,1107,968,1082
1,<environment.Job instance at 0x14964d719410>,119,3,[12  1],120,1107,1110,987,1088
1,<environment.Job instance at 0x14964d7194b0>,120,3,[ 1 12],121,1090,1093,969,1090
1,<environment.Job instance at 0x14964d719550>,121,28,[13  1],122,1110,1138,988,1109
1,<environment.Job instance at 0x14964d7195f0>,122,20,[14  2],123,1138,1158,1015,1129
1,<environment.Job instance at 0x14964d719690>,123,23,[10  1],124,1158,1181,1034,1152
1,<environment.Job instance at 0x14964d7197d0>,124,20,[ 2 10],125,1158,1178,1033,1154
1,<environment.Job instance at 0x14964d7113c0>,94,13,[12  1],95,1181,1194,1086,1179
1,<environment.Job instance at 0x14964d7199b0>,125,1,[ 1 10],126,1181,1182,1055,1181
1,<environment.Job instance at 0x14964d719c80>,128,26,[12  2],129,1194,1220,1065,1191
1,<environment.Job instance at 0x14964d719cd0>,130,24,[6 2],131,1220,1244,1089,1215
1,<environment.Job instance at 0x14964d719f00>,132,20,[1 6],133,1219,1239,1086,1219
1,<environment.Job instance at 0x14964d719dc0>,134,28,[6 2],135,1223,1251,1088,1223
1,<environment.Job instance at 0x14964d719fa0>,135,28,[1 7],136,1239,1267,1103,1239
1,<environment.Job instance at 0x14964d719aa0>,136,21,[ 1 11],137,1267,1288,1130,1259
1,<environment.Job instance at 0x14964d721280>,137,3,[ 2 11],138,1288,1291,1150,1266
1,<environment.Job instance at 0x14964d7210f0>,140,20,[5 2],141,1277,1297,1136,1277
1,<environment.Job instance at 0x14964d721370>,142,21,[ 1 14],143,1297,1318,1154,1290
1,<environment.Job instance at 0x14964d719be0>,127,2,[ 1 14],128,1318,1320,1190,1315
1,<environment.Job instance at 0x14964d719230>,116,17,[ 1 13],117,1320,1337,1203,1320
1,<environment.Job instance at 0x14964d721690>,146,23,[7 1],147,1323,1346,1176,1323
1,<environment.Job instance at 0x14964d721730>,147,26,[7 1],148,1323,1349,1175,1323
1,<environment.Job instance at 0x14964d721910>,150,23,[ 1 10],151,1337,1360,1186,1337
1,<environment.Job instance at 0x14964d721be0>,151,23,[6 2],152,1346,1369,1194,1343
1,<environment.Job instance at 0x14964d7217d0>,148,24,[13  1],149,1369,1393,1220,1364
1,<environment.Job instance at 0x14964d721eb0>,154,28,[ 2 11],164,1364,1392,1200,1364
1,<environment.Job instance at 0x14964d721dc0>,153,19,[ 1 13],154,1392,1411,1238,1385
1,<environment.Job instance at 0x14964d70c960>,80,15,[13  1],81,1407,1422,1326,1407
1,<environment.Job instance at 0x14964d721460>,143,19,[ 1 13],144,1420,1439,1276,1420
1,<environment.Job instance at 0x14964d24e500>,28,13,[ 2 12],29,1911,1924,1882,1911
1,<environment.Job instance at 0x14964d705f00>,0,27,[ 1 11],1,1,28,0,1
1,<environment.Job instance at 0x14964d24e500>,2,20,[13  1],3,4,24,1,4
1,<environment.Job instance at 0x14966c244370>,10,21,[ 1 14],11,28,49,17,20
1,<environment.Job instance at 0x14966c244eb0>,3,1,[ 2 12],4,49,50,45,22
1,<environment.Job instance at 0x14966c244410>,7,16,[10  1],8,24,40,16,24
1,<environment.Job instance at 0x14966c24b370>,12,19,[13  1],13,42,61,29,42
1,<environment.Job instance at 0x14966c24bbe0>,13,21,[ 2 12],14,50,71,36,44
1,<environment.Job instance at 0x14966c24b690>,16,25,[12  2],17,61,86,44,57
1,<environment.Job instance at 0x14966c24b5f0>,17,24,[10  2],18,86,110,68,81
1,<environment.Job instance at 0x14966c24b8c0>,18,25,[7 2],19,110,135,91,106
1,<environment.Job instance at 0x14966c24b820>,15,3,[13  2],16,135,138,119,111
1,<environment.Job instance at 0x14966c24b0f0>,20,2,[11  2],21,138,140,117,123
1,<environment.Job instance at 0x14966c24beb0>,19,18,[13  1],20,140,158,120,131
1,<environment.Job instance at 0x14966c253d70>,22,1,[14  1],23,158,159,135,142
1,<environment.Job instance at 0x14966c2539b0>,24,3,[ 1 11],25,143,146,118,143
1,<environment.Job instance at 0x14966c222aa0>,25,2,[12  1],26,159,161,133,145
1,<environment.Job instance at 0x14966c222f50>,26,19,[11  2],27,161,180,134,152
1,<environment.Job instance at 0x14966c222e60>,27,1,[12  2],28,180,181,152,154
1,<environment.Job instance at 0x14966c222fa0>,28,23,[13  1],29,181,204,152,175
1,<environment.Job instance at 0x14966c222500>,29,21,[8 1],30,204,225,174,196
1,<environment.Job instance at 0x14966c2228c0>,30,19,[14  2],31,225,244,194,216
1,<environment.Job instance at 0x14966c222d20>,31,21,[10  1],32,244,265,212,236
1,<environment.Job instance at 0x14966c2221e0>,33,21,[ 1 11],34,237,258,203,237
1,<environment.Job instance at 0x14966c222050>,36,16,[2 7],37,258,274,221,253
1,<environment.Job instance at 0x14966c222b90>,37,20,[ 2 12],38,274,294,236,265
1,<environment.Job instance at 0x14966c222dc0>,40,28,[5 2],41,289,317,248,289
1,<environment.Job instance at 0x14967098a410>,41,19,[9 2],42,294,313,252,290
1,<environment.Job instance at 0x14966c244820>,11,12,[11  1],12,317,329,305,303
1,<environment.Job instance at 0x14967098ab40>,43,25,[13  2],44,329,354,285,325
1,<environment.Job instance at 0x14967098a500>,42,2,[14  2],43,354,356,311,350
1,<environment.Job instance at 0x14966c24bc80>,14,13,[ 2 14],15,359,372,344,359
1,<environment.Job instance at 0x14967098afa0>,47,23,[ 1 12],48,372,395,324,366
1,<environment.Job instance at 0x14966c253b40>,23,15,[11  2],24,372,387,348,370
1,<environment.Job instance at 0x14967098a280>,50,23,[9 1],51,387,410,336,381
1,<environment.Job instance at 0x14967098a2d0>,51,26,[1 5],52,395,421,343,394
1,<environment.Job instance at 0x14967098a9b0>,45,15,[ 1 13],46,434,449,388,434
1,<environment.Job instance at 0x14967098a140>,53,22,[ 1 13],54,449,471,395,444
1,<environment.Job instance at 0x14967098a780>,55,2,[1 7],56,471,473,415,446
1,<environment.Job instance at 0x14967098a690>,56,20,[8 2],57,447,467,390,447
1,<environment.Job instance at 0x14967098a0a0>,57,1,[ 2 10],58,473,474,415,465
1,<environment.Job instance at 0x14967098a370>,58,24,[ 2 12],59,474,498,415,469
1,<environment.Job instance at 0x14967098a5a0>,59,24,[14  1],60,498,522,438,493
1,<environment.Job instance at 0x14967098a1e0>,44,13,[ 1 13],45,505,518,460,505
1,<environment.Job instance at 0x1496709b8050>,64,24,[2 7],65,522,546,457,517
1,<environment.Job instance at 0x1496709b8cd0>,65,25,[2 6],66,522,547,456,518
1,<environment.Job instance at 0x14966c244870>,9,3,[ 2 11],10,547,550,537,534
1,<environment.Job instance at 0x1496709b8190>,62,14,[11  1],63,538,552,475,538
1,<environment.Job instance at 0x1496709b8be0>,69,20,[14  2],70,552,572,482,544
1,<environment.Job instance at 0x1496709b87d0>,70,2,[13  1],71,572,574,501,566
1,<environment.Job instance at 0x1496709b8eb0>,67,14,[14  1],68,579,593,511,579
1,<environment.Job instance at 0x1496709b86e0>,71,1,[11  1],72,593,594,521,581
1,<environment.Job instance at 0x1496709b89b0>,73,21,[8 2],74,594,615,520,587
1,<environment.Job instance at 0x1496709b8960>,74,2,[12  2],75,615,617,540,605
1,<environment.Job instance at 0x1496709b8320>,68,16,[11  1],69,617,633,548,609
1,<environment.Job instance at 0x14967098a460>,52,16,[ 2 12],53,614,630,561,614
1,<environment.Job instance at 0x1496709b8280>,75,18,[ 1 14],76,630,648,554,621
1,<environment.Job instance at 0x1496709b8370>,79,3,[11  2],80,648,651,568,628
1,<environment.Job instance at 0x1496709b8820>,80,23,[ 1 13],81,648,671,567,645
1,<environment.Job instance at 0x1496709b81e0>,81,24,[1 8],82,671,695,589,666
1,<environment.Job instance at 0x14964d571e10>,83,20,[2 9],84,695,715,611,686
1,<environment.Job instance at 0x14964d571f50>,84,3,[5 2],85,687,690,602,687
1,<environment.Job instance at 0x14964d571a00>,85,3,[ 2 11],86,715,718,629,689
1,<environment.Job instance at 0x14964d5715f0>,86,2,[ 2 12],87,718,720,631,693
1,<environment.Job instance at 0x14964d5717d0>,87,25,[13  1],88,693,718,605,693
1,<environment.Job instance at 0x14964d5718c0>,88,22,[9 2],89,718,740,629,712
1,<environment.Job instance at 0x14964d5715a0>,89,20,[ 1 13],90,720,740,630,714
1,<environment.Job instance at 0x14964d5713c0>,90,19,[13  1],91,740,759,649,736
1,<environment.Job instance at 0x1496709b8fa0>,78,17,[ 1 11],79,754,771,675,754
1,<environment.Job instance at 0x14964d571c80>,92,25,[ 2 12],93,771,796,678,767
1,<environment.Job instance at 0x14964d571690>,91,1,[13  2],92,787,788,695,787
1,<environment.Job instance at 0x14964d571c30>,94,19,[2 9],95,796,815,701,789
1,<environment.Job instance at 0x14964d5710f0>,95,24,[12  2],96,789,813,693,789
1,<environment.Job instance at 0x14964d571140>,97,15,[ 2 12],98,815,830,717,809
1,<environment.Job instance at 0x14964d571370>,99,26,[8 2],100,818,844,718,818
1,<environment.Job instance at 0x14964d5712d0>,100,22,[8 2],101,844,866,743,837
1,<environment.Job instance at 0x1496709a2a00>,101,27,[ 2 10],102,837,864,735,837
1,<environment.Job instance at 0x1496709a26e0>,102,22,[13  1],103,866,888,763,859
1,<environment.Job instance at 0x1496709a2c30>,103,28,[10  1],104,888,916,784,887
1,<environment.Job instance at 0x1496709a2c80>,104,1,[ 2 12],105,888,889,783,888
1,<environment.Job instance at 0x14964d571960>,93,2,[ 2 13],94,891,893,797,891
1,<environment.Job instance at 0x1496709a2370>,107,22,[12  1],108,916,938,808,909
1,<environment.Job instance at 0x1496709a27d0>,109,3,[1 5],110,912,915,802,912
1,<environment.Job instance at 0x1496709a25f0>,110,28,[1 6],111,912,940,801,912
1,<environment.Job instance at 0x1496709a2910>,112,26,[11  2],113,938,964,825,935
1,<environment.Job instance at 0x1496709a2690>,105,15,[ 1 13],106,940,955,834,937
1,<environment.Job instance at 0x1496709a2050>,116,28,[6 1],117,964,992,847,963
1,<environment.Job instance at 0x1496709a25a0>,117,21,[5 2],118,964,985,846,964
1,<environment.Job instance at 0x1496709a22d0>,118,23,[8 2],119,985,1008,866,979
1,<environment.Job instance at 0x1496709a2aa0>,119,3,[ 1 12],120,992,995,872,992
1,<environment.Job instance at 0x1496709a2780>,120,23,[11  1],121,1008,1031,887,1002
1,<environment.Job instance at 0x1496709a0320>,121,16,[ 1 11],122,1024,1040,902,1024
1,<environment.Job instance at 0x1496709a0f00>,122,23,[9 1],123,1031,1054,908,1025
1,<environment.Job instance at 0x1496709a0eb0>,123,28,[8 2],124,1054,1082,930,1053
1,<environment.Job instance at 0x1496709a0e10>,125,26,[13  2],126,1082,1108,956,1079
1,<environment.Job instance at 0x1496709a0dc0>,126,21,[13  2],127,1108,1129,981,1100
1,<environment.Job instance at 0x1496709a08c0>,127,3,[14  2],128,1129,1132,1001,1105
1,<environment.Job instance at 0x1496709a0d70>,128,28,[ 1 10],129,1105,1133,976,1105
1,<environment.Job instance at 0x1496709a06e0>,129,26,[8 2],130,1132,1158,1002,1129
1,<environment.Job instance at 0x1496709a0af0>,130,22,[12  1],131,1158,1180,1027,1151
1,<environment.Job instance at 0x14964d25c0a0>,131,19,[ 1 13],132,1167,1186,1035,1167
1,<environment.Job instance at 0x149670b7c730>,133,24,[ 2 14],134,1186,1210,1052,1181
1,<environment.Job instance at 0x14964d250960>,134,25,[12  2],135,1210,1235,1075,1206
1,<environment.Job instance at 0x14964d9e7960>,135,22,[ 1 11],136,1210,1232,1074,1208
1,<environment.Job instance at 0x149675dc4b40>,137,1,[1 8],138,1232,1233,1094,1212
1,<environment.Job instance at 0x14964d9e66e0>,138,2,[14  2],139,1235,1237,1096,1226
1,<environment.Job instance at 0x14964d9e6d20>,139,1,[7 2],140,1237,1238,1097,1231
1,<environment.Job instance at 0x14964d9e68c0>,140,28,[ 1 14],141,1238,1266,1097,1237
1,<environment.Job instance at 0x1496709a2a50>,115,13,[12  2],116,1266,1279,1150,1250
1,<environment.Job instance at 0x14964d9e61e0>,141,21,[ 1 13],142,1266,1287,1124,1259
1,<environment.Job instance at 0x14964d3bcf00>,144,2,[ 2 11],145,1287,1289,1142,1262
1,<environment.Job instance at 0x1496709ce8c0>,145,15,[9 2],146,1281,1296,1135,1281
1,<environment.Job instance at 0x1496709b8e10>,72,2,[11  1],73,1296,1298,1223,1291
1,<environment.Job instance at 0x14964d9e6190>,147,21,[13  2],153,1298,1319,1145,1295
1,<environment.Job instance at 0x1496709b8aa0>,77,14,[ 1 14],78,1319,1333,1241,1316
1,<environment.Job instance at 0x14964d50a370>,143,14,[14  1],144,1327,1341,1183,1327
1,<environment.Job instance at 0x14967145a0f0>,149,1,[13  1],176,1355,1356,1179,1355
1,<environment.Job instance at 0x14964d9e6d70>,146,14,[ 1 14],147,1471,1485,1324,1471
1,<environment.Job instance at 0x14967098a7d0>,48,13,[ 2 12],49,1540,1553,1491,1540
1,<environment.Job instance at 0x14964d598460>,2,28,[14  2],3,3,31,0,3
1,<environment.Job instance at 0x14967098a7d0>,5,20,[2 6],6,31,51,25,28
1,<environment.Job instance at 0x14964d5989b0>,4,1,[11  1],5,41,42,36,41
1,<environment.Job instance at 0x14966f23c1e0>,13,27,[2 6],14,48,75,34,48
1,<environment.Job instance at 0x14966f23c690>,12,3,[8 1],13,49,52,36,49
1,<environment.Job instance at 0x14966f23ca00>,15,28,[14  2],16,75,103,59,74
1,<environment.Job instance at 0x14966f23c8c0>,16,3,[13  2],17,103,106,86,81
1,<environment.Job instance at 0x14966f23caa0>,17,22,[14  1],18,106,128,88,99
1,<environment.Job instance at 0x14966f2180f0>,10,2,[11  2],11,128,130,117,126
1,<environment.Job instance at 0x14966f23cbe0>,18,2,[ 2 13],19,128,130,109,126
1,<environment.Job instance at 0x14966f23c820>,20,13,[14  2],21,135,148,114,135
1,<environment.Job instance at 0x14966f23c320>,21,28,[8 2],22,148,176,126,147
1,<environment.Job instance at 0x14966f22b460>,23,15,[5 2],24,148,163,124,148
1,<environment.Job instance at 0x14966f23c870>,22,1,[ 2 13],23,163,164,140,148
1,<environment.Job instance at 0x14964d343640>,25,20,[5 2],26,164,184,138,155
1,<environment.Job instance at 0x14966f22bc30>,26,13,[7 1],27,176,189,149,164
1,<environment.Job instance at 0x14966f21b1e0>,27,1,[ 1 11],28,168,169,140,168
1,<environment.Job instance at 0x14966c2e4050>,28,28,[6 1],29,184,212,155,184
1,<environment.Job instance at 0x14966f22b050>,24,1,[ 2 13],25,204,205,179,204
1,<environment.Job instance at 0x14964d598140>,0,14,[12  1],1,212,226,211,206
1,<environment.Job instance at 0x14966f23c0a0>,14,15,[ 2 12],15,213,228,198,213
1,<environment.Job instance at 0x14966f22b910>,30,12,[13  1],31,226,238,195,226
1,<environment.Job instance at 0x14967546feb0>,34,26,[ 2 11],35,228,254,193,226
1,<environment.Job instance at 0x14964d34f960>,35,16,[8 1],36,238,254,202,229
1,<environment.Job instance at 0x14966c2e95f0>,33,3,[ 2 14],34,254,257,220,236
1,<environment.Job instance at 0x1496754687d0>,37,25,[1 9],38,257,282,219,254
1,<environment.Job instance at 0x14966c12a5f0>,38,26,[1 6],39,259,285,220,259
1,<environment.Job instance at 0x14964d451640>,41,21,[ 2 14],42,285,306,243,277
1,<environment.Job instance at 0x14966c12a730>,39,23,[2 7],40,306,329,266,300
1,<environment.Job instance at 0x14966c12aa00>,42,1,[13  1],43,301,302,258,301
1,<environment.Job instance at 0x14964d356f50>,47,28,[9 2],48,306,334,258,306
1,<environment.Job instance at 0x14964d5b6410>,49,23,[10  2],50,334,357,284,328
1,<environment.Job instance at 0x14966f21bcd0>,29,15,[12  1],30,357,372,327,350
1,<environment.Job instance at 0x14964d36c5a0>,51,20,[8 2],52,372,392,320,363
1,<environment.Job instance at 0x14964d36ce10>,52,24,[13  1],53,392,416,339,387
1,<environment.Job instance at 0x14964d358190>,54,1,[1 7],55,387,388,332,387
1,<environment.Job instance at 0x14966c2de370>,44,1,[14  1],45,416,417,371,403
1,<environment.Job instance at 0x14964d3582d0>,56,25,[ 1 11],57,404,429,347,404
1,<environment.Job instance at 0x14964d3584b0>,57,2,[ 1 13],58,429,431,371,409
1,<environment.Job instance at 0x14964d358320>,55,14,[12  1],56,417,431,361,410
1,<environment.Job instance at 0x14964d3587d0>,59,20,[ 2 13],60,431,451,371,424
1,<environment.Job instance at 0x14964d3585f0>,60,19,[7 1],61,431,450,370,429
1,<environment.Job instance at 0x14964d358690>,61,1,[11  2],62,450,451,388,432
1,<environment.Job instance at 0x14964d358780>,62,17,[13  2],63,451,468,388,450
1,<environment.Job instance at 0x14964d358dc0>,63,12,[7 2],64,468,480,404,453
1,<environment.Job instance at 0x14964d358e10>,65,22,[6 1],66,468,490,402,465
1,<environment.Job instance at 0x14964d358b90>,66,21,[10  1],67,490,511,423,482
1,<environment.Job instance at 0x14964d358910>,68,26,[6 1],69,511,537,442,508
1,<environment.Job instance at 0x14964d5b60f0>,50,16,[ 2 11],51,522,538,471,522
1,<environment.Job instance at 0x14964d358140>,69,15,[14  2],70,538,553,468,531
1,<environment.Job instance at 0x14964d3380a0>,72,1,[12  1],73,553,554,480,552
1,<environment.Job instance at 0x14964d5e5aa0>,74,22,[1 5],75,553,575,478,553
1,<environment.Job instance at 0x14964d5e54b0>,73,12,[12  1],74,556,568,482,556
1,<environment.Job instance at 0x14964d5e5e10>,78,15,[13  2],79,568,583,489,564
1,<environment.Job instance at 0x14964d5e5eb0>,79,25,[ 2 11],80,575,600,495,571
1,<environment.Job instance at 0x14964d5e5f00>,80,19,[12  1],81,583,602,502,580
1,<environment.Job instance at 0x14964d3588c0>,58,3,[13  2],59,602,605,543,581
1,<environment.Job instance at 0x14964d5bf0a0>,83,1,[9 2],84,605,606,521,587
1,<environment.Job instance at 0x14964d5bf2d0>,84,25,[ 1 12],85,600,625,515,599
1,<environment.Job instance at 0x14966c14faf0>,32,14,[ 1 13],33,647,661,614,647
1,<environment.Job instance at 0x14964d5bf550>,88,3,[12  2],89,651,654,562,651
1,<environment.Job instance at 0x14964d5bf140>,89,1,[ 1 13],90,661,662,571,658
1,<environment.Job instance at 0x14964d5bf910>,94,25,[ 1 13],95,668,693,573,668
1,<environment.Job instance at 0x14964d5bf870>,93,1,[13  1],94,673,674,579,673
1,<environment.Job instance at 0x14964d5bfa50>,96,24,[9 1],97,674,698,577,673
1,<environment.Job instance at 0x14964d5bfaf0>,97,28,[14  2],98,698,726,600,697
1,<environment.Job instance at 0x14964d5bf5f0>,99,1,[2 7],100,726,727,626,707
1,<environment.Job instance at 0x14964d5e5cd0>,75,12,[ 1 11],76,727,739,651,723
1,<environment.Job instance at 0x14964d5bfbe0>,101,22,[5 1],102,726,748,624,724
1,<environment.Job instance at 0x14964d5bfe60>,102,23,[8 1],103,726,749,623,724
1,<environment.Job instance at 0x14964d5bffa0>,103,23,[6 2],104,748,771,644,742
1,<environment.Job instance at 0x14964d5bfcd0>,104,27,[9 2],105,749,776,644,747
1,<environment.Job instance at 0x14964d5bff00>,105,25,[11  1],106,776,801,670,772
1,<environment.Job instance at 0x14964d5bfd70>,100,14,[ 2 11],101,782,796,681,782
1,<environment.Job instance at 0x14964d5b7140>,106,17,[10  2],107,801,818,694,793
1,<environment.Job instance at 0x14964d5b7230>,108,1,[12  1],109,818,819,709,797
1,<environment.Job instance at 0x14964d5b7320>,109,23,[ 1 14],110,818,841,708,812
1,<environment.Job instance at 0x14964d5b7280>,110,2,[ 1 10],111,815,817,704,815
1,<environment.Job instance at 0x14964d5b7500>,112,19,[13  2],113,841,860,728,831
1,<environment.Job instance at 0x14964d5b71e0>,107,1,[12  2],108,860,861,752,835
1,<environment.Job instance at 0x14964d5bf9b0>,95,16,[12  1],96,861,877,765,859
1,<environment.Job instance at 0x14964d5b74b0>,115,21,[ 2 13],116,859,880,743,859
1,<environment.Job instance at 0x14964d5b7690>,117,28,[2 8],118,880,908,762,879
1,<environment.Job instance at 0x14964d5b7640>,114,15,[12  1],115,879,894,764,879
1,<environment.Job instance at 0x14964d5b7960>,119,25,[ 2 12],120,908,933,788,904
1,<environment.Job instance at 0x14964d5b7910>,118,13,[ 1 12],119,933,946,814,919
1,<environment.Job instance at 0x14964d5b7af0>,122,22,[7 2],123,919,941,796,919
1,<environment.Job instance at 0x14964d5b7be0>,123,22,[12  1],124,941,963,817,934
1,<environment.Job instance at 0x14964d5b7c80>,124,23,[ 1 11],125,946,969,821,941
1,<environment.Job instance at 0x14964d5b7d20>,125,3,[13  1],126,963,966,837,962
1,<environment.Job instance at 0x14964d5b7f50>,126,24,[ 1 11],127,969,993,842,964
1,<environment.Job instance at 0x14964d5b7dc0>,127,2,[13  2],128,966,968,838,964
1,<environment.Job instance at 0x14964d5b7eb0>,128,16,[11  2],129,971,987,842,971
1,<environment.Job instance at 0x14964d5b7f00>,129,27,[1 9],130,993,1020,863,991
1,<environment.Job instance at 0x14964d5b7a50>,121,1,[ 2 14],122,1020,1021,898,1015
1,<environment.Job instance at 0x14964d5cd190>,131,22,[ 1 10],132,1021,1043,889,1016
1,<environment.Job instance at 0x14964d5cd320>,133,26,[7 2],134,1021,1047,887,1020
1,<environment.Job instance at 0x14964d5cd140>,130,3,[ 2 14],131,1047,1050,916,1027
1,<environment.Job instance at 0x14964d5cd4b0>,134,17,[12  2],135,1050,1067,915,1046
1,<environment.Job instance at 0x14964d5cd410>,136,22,[ 1 11],137,1050,1072,913,1047
1,<environment.Job instance at 0x14964d5b75a0>,113,14,[ 1 11],114,1105,1119,991,1105
1,<environment.Job instance at 0x14964d5cd730>,140,14,[7 1],141,1107,1121,966,1107
1,<environment.Job instance at 0x14964d5cd7d0>,141,27,[ 2 10],142,1119,1146,977,1117
1,<environment.Job instance at 0x14964d5cd2d0>,142,1,[ 1 10],148,1146,1147,998,1119
1,<environment.Job instance at 0x14964d5cdcd0>,143,22,[12  2],149,1121,1143,972,1119
1,<environment.Job instance at 0x14964d5cd910>,144,22,[8 1],150,1143,1165,993,1136
1,<environment.Job instance at 0x14964d5cdd20>,145,2,[9 2],151,1165,1167,1014,1151
1,<environment.Job instance at 0x14964d5cdf00>,147,25,[12  1],165,1167,1192,1002,1163
1,<environment.Job instance at 0x14964d5ec1e0>,148,28,[ 2 14],169,1167,1195,998,1167
1,<environment.Job instance at 0x14964d5bf370>,85,15,[ 1 12],86,1284,1299,1198,1284
1,<environment.Job instance at 0x14964d5cd500>,135,3,[ 2 11],136,1308,1311,1172,1308
1,<environment.Job instance at 0x14964d5cd690>,139,15,[13  2],140,1386,1401,1246,1386
1,<environment.Job instance at 0x149670b93870>,9,12,[ 2 11],10,1786,1798,1776,1786
1,<environment.Job instance at 0x149670bba1e0>,0,27,[9 2],1,1,28,0,1
1,<environment.Job instance at 0x14964d485690>,4,28,[7 2],5,28,56,23,27
1,<environment.Job instance at 0x14966c1e5fa0>,10,26,[13  2],11,56,82,45,53
1,<environment.Job instance at 0x14964d485f50>,2,17,[14  1],3,89,106,86,89
1,<environment.Job instance at 0x14966c1e59b0>,11,2,[13  2],12,106,108,94,98
1,<environment.Job instance at 0x14966c1e5410>,15,1,[ 2 14],16,109,110,93,109
1,<environment.Job instance at 0x14966c1e5aa0>,16,26,[ 2 13],17,110,136,93,109
1,<environment.Job instance at 0x14966c1e5af0>,17,21,[13  2],18,110,131,92,109
1,<environment.Job instance at 0x14966c1e5280>,20,2,[ 2 13],21,136,138,115,132
1,<environment.Job instance at 0x14966c1e5f50>,21,22,[11  2],22,132,154,110,132
1,<environment.Job instance at 0x1496709a2b40>,22,23,[ 1 10],23,138,161,115,132
1,<environment.Job instance at 0x1496709a27d0>,23,28,[ 1 14],24,161,189,137,160
1,<environment.Job instance at 0x1496709a2500>,25,19,[12  2],26,189,208,163,180
1,<environment.Job instance at 0x1496709a20f0>,26,20,[2 8],27,189,209,162,182
1,<environment.Job instance at 0x14966c1e5e60>,14,3,[ 1 14],15,210,213,195,210
1,<environment.Job instance at 0x1496709a2a00>,29,21,[ 2 13],30,213,234,183,213
1,<environment.Job instance at 0x1496709a2e10>,28,2,[12  2],29,219,221,190,219
1,<environment.Job instance at 0x1496709a2c30>,31,26,[11  2],32,221,247,189,219
1,<environment.Job instance at 0x1496709a2640>,34,2,[14  2],35,247,249,212,241
1,<environment.Job instance at 0x1496709a2af0>,35,21,[11  2],36,249,270,213,241
1,<environment.Job instance at 0x14964da33050>,38,2,[14  2],39,270,272,231,264
1,<environment.Job instance at 0x14964da33c80>,39,1,[ 1 11],40,272,273,232,272
1,<environment.Job instance at 0x14964da33a50>,40,25,[1 5],41,273,298,232,272
1,<environment.Job instance at 0x14964da33640>,43,22,[2 9],44,277,299,233,277
1,<environment.Job instance at 0x14964da33fa0>,44,2,[7 2],45,298,300,253,290
1,<environment.Job instance at 0x14964da336e0>,45,2,[2 5],46,299,301,253,290
1,<environment.Job instance at 0x14964da33280>,46,21,[11  1],47,300,321,253,293
1,<environment.Job instance at 0x14964da33dc0>,47,16,[ 2 14],48,303,319,255,303
1,<environment.Job instance at 0x14964da33370>,48,3,[ 1 13],49,339,342,290,339
1,<environment.Job instance at 0x14964da330a0>,50,26,[14  2],51,340,366,289,340
1,<environment.Job instance at 0x14964da33410>,52,3,[2 7],53,366,369,313,351
1,<environment.Job instance at 0x14964da33be0>,53,15,[14  1],54,369,384,315,369
1,<environment.Job instance at 0x14964da33910>,54,20,[9 2],55,384,404,329,375
1,<environment.Job instance at 0x149677dee050>,55,18,[ 1 14],56,404,422,348,404
1,<environment.Job instance at 0x149677dee4b0>,56,25,[12  2],57,422,447,365,418
1,<environment.Job instance at 0x149677dee500>,57,28,[ 2 11],58,422,450,364,421
1,<environment.Job instance at 0x149677e63e10>,59,20,[2 8],60,450,470,390,442
1,<environment.Job instance at 0x149677e63aa0>,60,2,[ 2 12],61,470,472,409,452
1,<environment.Job instance at 0x149677e63a50>,61,19,[14  2],62,472,491,410,463
1,<environment.Job instance at 0x14964d6daeb0>,64,2,[ 2 14],65,491,493,426,486
1,<environment.Job instance at 0x14964d6dad20>,65,3,[2 6],66,493,496,427,486
1,<environment.Job instance at 0x14964d6dab90>,66,28,[9 2],67,493,521,426,492
1,<environment.Job instance at 0x14964d6da9b0>,67,3,[14  1],68,521,524,453,521
1,<environment.Job instance at 0x14964d6da7d0>,68,25,[13  1],69,524,549,455,521
1,<environment.Job instance at 0x14964d6dabe0>,69,20,[ 2 11],70,524,544,454,523
1,<environment.Job instance at 0x14964d6dad70>,70,27,[ 1 11],71,544,571,473,542
1,<environment.Job instance at 0x14964d6da550>,71,17,[14  1],72,549,566,477,549
1,<environment.Job instance at 0x14964d6dacd0>,74,19,[11  2],75,566,585,491,558
1,<environment.Job instance at 0x14964d6da820>,75,1,[ 1 12],76,574,575,498,574
1,<environment.Job instance at 0x14964d6daf50>,76,2,[9 1],77,585,587,508,580
1,<environment.Job instance at 0x14964d6da0f0>,77,3,[2 6],78,580,583,502,580
1,<environment.Job instance at 0x14964d6da870>,79,1,[14  1],80,587,588,507,587
1,<environment.Job instance at 0x14964d6dae60>,80,2,[13  2],81,588,590,507,587
1,<environment.Job instance at 0x14964d6da5a0>,81,17,[ 1 11],82,599,616,517,599
1,<environment.Job instance at 0x14964d6da690>,82,23,[12  1],83,599,622,516,599
1,<environment.Job instance at 0x14964d6da500>,83,28,[13  1],84,622,650,538,621
1,<environment.Job instance at 0x149670b24a50>,84,18,[ 1 13],85,650,668,565,650
1,<environment.Job instance at 0x149670b24be0>,86,1,[ 2 11],87,668,669,581,658
1,<environment.Job instance at 0x149670b24c80>,87,28,[ 1 13],88,669,697,581,668
1,<environment.Job instance at 0x149670b24cd0>,90,17,[11  1],91,685,702,594,685
1,<environment.Job instance at 0x149670b24690>,91,26,[ 2 14],92,697,723,605,694
1,<environment.Job instance at 0x14966c1e5d70>,8,13,[13  2],9,723,736,714,721
1,<environment.Job instance at 0x149670b24870>,95,28,[2 7],96,723,751,627,722
1,<environment.Job instance at 0x149670b24b40>,98,22,[10  1],99,736,758,637,735
1,<environment.Job instance at 0x149670b242d0>,94,3,[13  2],95,758,761,663,736
1,<environment.Job instance at 0x149670b24960>,99,26,[ 1 14],100,761,787,661,758
1,<environment.Job instance at 0x149670b24140>,101,22,[12  2],102,787,809,685,782
1,<environment.Job instance at 0x149670b24640>,100,18,[ 2 13],101,802,820,701,802
1,<environment.Job instance at 0x149670b24050>,103,28,[14  1],104,820,848,716,819
1,<environment.Job instance at 0x149670b24370>,105,20,[5 2],106,848,868,742,846
1,<environment.Job instance at 0x14966c1fcdc0>,106,25,[ 1 11],107,846,871,739,846
1,<environment.Job instance at 0x14966c1fc640>,108,28,[ 1 11],109,871,899,762,870
1,<environment.Job instance at 0x14966c1fc5a0>,110,28,[6 1],111,874,902,763,874
1,<environment.Job instance at 0x14966c1fc3c0>,111,27,[2 9],112,899,926,787,897
1,<environment.Job instance at 0x149670b24d20>,102,19,[ 1 11],103,926,945,823,921
1,<environment.Job instance at 0x14966c1fc7d0>,113,25,[6 2],114,940,965,826,940
1,<environment.Job instance at 0x14966c1fc9b0>,112,27,[ 2 14],113,965,992,852,963
1,<environment.Job instance at 0x14966c1fcfa0>,115,2,[2 5],116,992,994,876,971
1,<environment.Job instance at 0x14966c1fc1e0>,119,20,[13  1],120,974,994,854,974
1,<environment.Job instance at 0x14966c1fc230>,120,23,[11  1],121,994,1017,873,988
1,<environment.Job instance at 0x14966c1fc050>,121,2,[ 1 11],122,994,996,872,991
1,<environment.Job instance at 0x14966c1fc140>,122,21,[11  1],123,1017,1038,894,1009
1,<environment.Job instance at 0x14966c1fc2d0>,114,17,[ 1 14],115,1015,1032,900,1015
1,<environment.Job instance at 0x14966c1fc370>,124,24,[ 1 14],125,1032,1056,907,1027
1,<environment.Job instance at 0x14964d0c5140>,125,2,[14  2],126,1056,1058,930,1039
1,<environment.Job instance at 0x14964d0c5cd0>,126,27,[2 5],127,1058,1085,931,1056
1,<environment.Job instance at 0x14964d0c50f0>,127,24,[14  1],128,1085,1109,957,1080
1,<environment.Job instance at 0x14966c1fc4b0>,123,19,[ 1 13],124,1090,1109,966,1090
1,<environment.Job instance at 0x14964d0c5410>,128,1,[ 1 13],129,1109,1110,980,1109
1,<environment.Job instance at 0x1496773ab370>,132,20,[14  1],133,1112,1132,979,1112
1,<environment.Job instance at 0x14966c1e5690>,5,16,[ 1 14],6,1147,1163,1141,1147
1,<environment.Job instance at 0x14964d123d20>,136,23,[ 2 13],137,1163,1186,1026,1160
1,<environment.Job instance at 0x14964d1233c0>,138,24,[2 8],139,1186,1210,1047,1181
1,<environment.Job instance at 0x14964d0c5a50>,131,14,[ 1 11],132,1250,1264,1118,1250
1,<environment.Job instance at 0x14964d1235f0>,139,12,[11  2],140,1260,1272,1120,1260
1,<environment.Job instance at 0x14964d123780>,142,14,[2 6],143,1266,1280,1123,1266
1,<environment.Job instance at 0x14964da33aa0>,37,13,[ 2 12],38,1280,1293,1242,1279
1,<environment.Job instance at 0x14964d119c80>,144,23,[13  1],161,1279,1302,1118,1279
1,<environment.Job instance at 0x14964d583c80>,145,17,[ 2 11],168,1304,1321,1136,1304
1,<environment.Job instance at 0x14964d123190>,140,13,[12  2],141,1333,1346,1192,1333
1,<environment.Job instance at 0x14964d123460>,143,13,[ 1 12],144,1408,1421,1264,1408
1,<environment.Job instance at 0x14964d123c80>,135,12,[14  2],136,1424,1436,1288,1424
1,<environment.Job instance at 0x14966c1e5500>,12,12,[13  2],13,1463,1475,1450,1463
1,<environment.Job instance at 0x149670a90910>,1,28,[6 2],2,2,30,0,2
1,<environment.Job instance at 0x149670a90c30>,0,25,[2 5],1,2,27,1,2
1,<environment.Job instance at 0x14967145a730>,3,24,[ 1 12],4,27,51,23,24
1,<environment.Job instance at 0x14967145acd0>,5,27,[8 1],6,27,54,21,25
1,<environment.Job instance at 0x149670a90140>,2,21,[14  1],3,54,75,51,51
1,<environment.Job instance at 0x14967145a4b0>,9,26,[13  1],10,75,101,65,72
1,<environment.Job instance at 0x14967145ab90>,10,23,[1 5],11,74,97,63,74
1,<environment.Job instance at 0x14967145aaf0>,12,23,[14  1],13,101,124,88,95
1,<environment.Job instance at 0x14967145afa0>,15,28,[ 1 13],16,98,126,82,98
1,<environment.Job instance at 0x14967145a7d0>,7,14,[11  2],8,124,138,116,116
1,<environment.Job instance at 0x14964d87b320>,21,25,[ 2 12],22,131,156,109,131
1,<environment.Job instance at 0x14964d87b6e0>,22,26,[14  1],23,156,182,133,153
1,<environment.Job instance at 0x14967145aa50>,16,25,[14  1],17,182,207,165,179
1,<environment.Job instance at 0x14964d87bcd0>,23,22,[ 1 14],24,179,201,155,179
1,<environment.Job instance at 0x14964da532d0>,32,25,[2 7],33,207,232,174,203
1,<environment.Job instance at 0x14964da53870>,28,23,[6 1],29,207,230,178,203
1,<environment.Job instance at 0x14964da53b90>,34,23,[ 2 10],35,232,255,197,226
1,<environment.Job instance at 0x14964da533c0>,35,26,[14  2],36,255,281,219,252
1,<environment.Job instance at 0x14964da53230>,37,24,[5 2],38,281,305,243,276
1,<environment.Job instance at 0x14964da53b40>,39,27,[ 2 14],40,305,332,265,303
1,<environment.Job instance at 0x14964da53050>,30,18,[ 2 14],31,332,350,301,327
1,<environment.Job instance at 0x14964da535a0>,33,18,[ 1 11],34,350,368,316,344
1,<environment.Job instance at 0x1496713dbb40>,44,27,[13  2],45,350,377,305,348
1,<environment.Job instance at 0x1496713db780>,45,19,[12  1],46,377,396,331,367
1,<environment.Job instance at 0x1496713db1e0>,43,17,[12  2],44,396,413,352,386
1,<environment.Job instance at 0x1496713db0a0>,48,25,[ 2 12],49,388,413,339,388
1,<environment.Job instance at 0x14964d87b0a0>,18,15,[ 1 14],19,426,441,407,426
1,<environment.Job instance at 0x1496713db550>,50,27,[14  2],51,441,468,390,439
1,<environment.Job instance at 0x1496713db500>,51,26,[6 2],52,468,494,416,465
1,<environment.Job instance at 0x1496713db050>,53,24,[5 1],54,469,493,415,469
1,<environment.Job instance at 0x1496713dbaa0>,49,3,[ 2 14],50,494,497,444,474
1,<environment.Job instance at 0x1496713db3c0>,57,23,[2 9],58,497,520,439,493
1,<environment.Job instance at 0x1496713db190>,55,20,[ 1 14],56,520,540,464,518
1,<environment.Job instance at 0x1496713db140>,60,19,[11  1],61,520,539,459,520
1,<environment.Job instance at 0x1496713dbc30>,58,24,[ 1 11],59,540,564,481,536
1,<environment.Job instance at 0x1496713db5f0>,64,27,[ 2 11],65,564,591,499,562
1,<environment.Job instance at 0x14966ef57a50>,66,21,[ 2 14],67,591,612,524,583
1,<environment.Job instance at 0x14966ef57c30>,67,27,[ 2 11],68,612,639,544,610
1,<environment.Job instance at 0x14966ef57af0>,68,28,[9 1],69,610,638,541,610
1,<environment.Job instance at 0x14966ef574b0>,69,25,[13  1],70,638,663,568,634
1,<environment.Job instance at 0x1496713db2d0>,47,2,[13  1],48,668,670,620,668
1,<environment.Job instance at 0x14966ef57140>,72,17,[ 2 14],73,698,715,625,698
1,<environment.Job instance at 0x14966ef57f00>,73,28,[ 2 12],74,715,743,641,714
1,<environment.Job instance at 0x14966ef57f50>,74,20,[11  2],75,715,735,640,714
1,<environment.Job instance at 0x1496713db460>,61,3,[ 1 11],62,743,746,681,738
1,<environment.Job instance at 0x14966ef57960>,76,23,[1 7],77,746,769,669,741
1,<environment.Job instance at 0x14966ef57640>,77,25,[12  2],78,741,766,663,741
1,<environment.Job instance at 0x1496713dbcd0>,42,12,[14  1],43,794,806,751,794
1,<environment.Job instance at 0x14966ef576e0>,80,2,[12  2],81,806,808,725,799
1,<environment.Job instance at 0x14966ef570a0>,78,1,[ 1 11],79,814,815,735,814
1,<environment.Job instance at 0x14966ef57410>,82,22,[6 1],83,815,837,732,815
1,<environment.Job instance at 0x14966ef57b40>,83,1,[1 5],84,816,817,732,816
1,<environment.Job instance at 0x14966ef57320>,85,28,[8 1],86,819,847,733,819
1,<environment.Job instance at 0x14966ef57280>,75,13,[14  1],76,847,860,771,840
1,<environment.Job instance at 0x14964da52d70>,87,20,[13  1],88,860,880,772,851
1,<environment.Job instance at 0x14966ef57cd0>,70,15,[13  1],71,887,902,816,887
1,<environment.Job instance at 0x14964da523c0>,92,25,[1 8],93,887,912,794,887
1,<environment.Job instance at 0x14964da525f0>,93,1,[5 2],94,902,903,808,887
1,<environment.Job instance at 0x14964da525a0>,91,14,[ 1 11],92,912,926,820,904
1,<environment.Job instance at 0x14964da52af0>,90,14,[12  1],91,916,930,825,916
1,<environment.Job instance at 0x14964d410dc0>,96,27,[ 1 11],97,926,953,829,925
1,<environment.Job instance at 0x14967106b0a0>,97,21,[13  1],98,930,951,832,927
1,<environment.Job instance at 0x149675de3640>,95,19,[11  1],96,951,970,855,945
1,<environment.Job instance at 0x14964d417870>,101,2,[13  1],102,970,972,868,949
1,<environment.Job instance at 0x14964d6b6e10>,104,21,[13  1],105,972,993,867,967
1,<environment.Job instance at 0x14964d6b68c0>,107,3,[ 1 11],108,996,999,888,996
1,<environment.Job instance at 0x149675dbc320>,108,23,[14  2],109,998,1021,889,998
1,<environment.Job instance at 0x14967145ad20>,6,18,[ 1 12],7,1037,1055,1030,1037
1,<environment.Job instance at 0x14964d6c5370>,105,13,[ 1 12],106,1055,1068,949,1041
1,<environment.Job instance at 0x14964d40c550>,113,17,[5 2],114,1045,1062,931,1045
1,<environment.Job instance at 0x14964da52870>,94,15,[13  2],95,1062,1077,967,1060
1,<environment.Job instance at 0x14964d9deaa0>,115,2,[12  2],116,1077,1079,961,1067
1,<environment.Job instance at 0x14964d2626e0>,116,25,[11  1],117,1079,1104,962,1075
1,<environment.Job instance at 0x149674da8f00>,117,22,[1 9],118,1075,1097,957,1075
1,<environment.Job instance at 0x14964d3b88c0>,111,12,[12  2],112,1104,1116,992,1087
1,<environment.Job instance at 0x14964d46b7d0>,120,1,[13  1],121,1116,1117,995,1096
1,<environment.Job instance at 0x149675dd2230>,122,21,[ 1 14],123,1116,1137,993,1109
1,<environment.Job instance at 0x14966ef28780>,123,19,[ 2 13],124,1137,1156,1013,1131
1,<environment.Job instance at 0x149675d560f0>,125,18,[ 2 13],126,1166,1184,1040,1166
1,<environment.Job instance at 0x149675dd9460>,126,24,[10  1],127,1166,1190,1039,1166
1,<environment.Job instance at 0x149675dd9230>,127,27,[7 2],128,1190,1217,1062,1188
1,<environment.Job instance at 0x14964da3fa50>,129,22,[2 9],130,1188,1210,1058,1188
1,<environment.Job instance at 0x14964da3f280>,130,27,[9 1],131,1217,1244,1086,1215
1,<environment.Job instance at 0x149670915550>,131,24,[12  2],132,1244,1268,1112,1239
1,<environment.Job instance at 0x149670915f00>,132,16,[ 1 12],133,1243,1259,1110,1243
1,<environment.Job instance at 0x14967093aeb0>,135,26,[ 2 12],136,1259,1285,1123,1256
1,<environment.Job instance at 0x14967093a5a0>,136,19,[11  2],137,1268,1287,1131,1258
1,<environment.Job instance at 0x14967093abe0>,139,21,[ 1 10],140,1285,1306,1145,1277
1,<environment.Job instance at 0x14967093a370>,140,18,[14  2],141,1287,1305,1146,1286
1,<environment.Job instance at 0x14967093aa00>,141,2,[2 6],142,1306,1308,1164,1288
1,<environment.Job instance at 0x14964d501f00>,118,13,[12  2],119,1305,1318,1186,1301
1,<environment.Job instance at 0x14967093ae60>,143,2,[11  2],144,1318,1320,1174,1310
1,<environment.Job instance at 0x149670bee690>,112,1,[14  1],113,1320,1321,1207,1311
1,<environment.Job instance at 0x149670bcb690>,148,26,[1 5],170,1311,1337,1141,1311
1,<environment.Job instance at 0x149675d2e5a0>,147,20,[ 2 10],168,1321,1341,1153,1314
1,<environment.Job instance at 0x149670981780>,114,13,[14  2],115,1463,1476,1348,1463
1,<environment.Job instance at 0x14966ef57dc0>,81,15,[ 1 12],82,1629,1644,1547,1629
1,<environment.Job instance at 0x14964d6c5c80>,1,19,[8 1],2,2,21,0,2
1,<environment.Job instance at 0x14964d6c5050>,6,24,[2 8],7,8,32,1,8
1,<environment.Job instance at 0x14966ef57e60>,2,21,[14  1],3,32,53,29,25
1,<environment.Job instance at 0x14964d6c59b0>,7,25,[ 2 12],8,53,78,45,49
1,<environment.Job instance at 0x14966ef57dc0>,3,2,[ 2 13],4,78,80,74,78
1,<environment.Job instance at 0x14966c0e18c0>,11,26,[ 1 12],12,80,106,68,78
1,<environment.Job instance at 0x14966c0e1140>,10,17,[14  2],11,83,100,72,83
1,<environment.Job instance at 0x14964d6c5140>,0,16,[14  1],1,100,116,99,96
1,<environment.Job instance at 0x14966c0e15a0>,15,22,[13  1],16,116,138,100,109
1,<environment.Job instance at 0x14966c0e1a00>,13,19,[ 1 14],14,120,139,106,120
1,<environment.Job instance at 0x14964d6c5c30>,9,1,[12  2],10,139,140,129,130
1,<environment.Job instance at 0x14966c0e1280>,8,14,[11  1],9,140,154,131,132
1,<environment.Job instance at 0x14964d41e320>,22,27,[ 2 12],23,139,166,116,137
1,<environment.Job instance at 0x14964d41e230>,24,20,[ 2 14],25,166,186,141,157
1,<environment.Job instance at 0x14964d41ed20>,25,19,[11  1],26,157,176,131,157
1,<environment.Job instance at 0x14964d41ec80>,26,19,[11  2],27,186,205,159,178
1,<environment.Job instance at 0x14964d41e0f0>,27,25,[13  1],28,205,230,177,201
1,<environment.Job instance at 0x14966c0e1320>,18,1,[ 1 13],19,208,209,189,208
1,<environment.Job instance at 0x14964d41e960>,30,2,[ 1 11],31,215,217,184,215
1,<environment.Job instance at 0x14964d41edc0>,31,22,[ 1 11],32,217,239,185,215
1,<environment.Job instance at 0x14964d41e730>,28,26,[5 1],29,230,256,201,228
1,<environment.Job instance at 0x14964d41e2d0>,35,25,[ 1 14],36,239,264,203,236
1,<environment.Job instance at 0x14964d41ec30>,36,22,[13  1],37,256,278,219,249
1,<environment.Job instance at 0x14964d41e9b0>,37,24,[ 1 11],38,264,288,226,259
1,<environment.Job instance at 0x14964d41eaa0>,20,13,[ 1 13],21,291,304,270,291
1,<environment.Job instance at 0x14964d41efa0>,38,3,[ 1 14],39,304,307,265,297
1,<environment.Job instance at 0x14964d6b0280>,43,28,[ 1 13],44,307,335,263,306
1,<environment.Job instance at 0x14964d6b09b0>,45,27,[11  1],46,309,336,263,309
1,<environment.Job instance at 0x14964d6b0730>,46,28,[13  1],47,336,364,289,335
1,<environment.Job instance at 0x14964d41e8c0>,42,21,[ 1 13],43,335,356,292,335
1,<environment.Job instance at 0x14964d6b0a50>,49,28,[ 2 14],50,356,384,306,355
1,<environment.Job instance at 0x14964d6b0870>,50,21,[14  2],51,384,405,333,376
1,<environment.Job instance at 0x14964d6b00f0>,48,3,[ 2 14],49,405,408,356,388
1,<environment.Job instance at 0x14964d6b04b0>,52,24,[8 1],53,405,429,352,400
1,<environment.Job instance at 0x14964d6b0190>,55,27,[7 2],56,408,435,352,406
1,<environment.Job instance at 0x14964d41ed70>,21,3,[ 1 12],22,429,432,407,414
1,<environment.Job instance at 0x14964d6b0500>,58,26,[2 9],59,432,458,373,429
1,<environment.Job instance at 0x14964d6b00a0>,59,24,[ 1 14],60,458,482,398,457
1,<environment.Job instance at 0x14964d6b0460>,60,28,[2 8],61,482,510,421,481
1,<environment.Job instance at 0x149675dd9230>,63,28,[2 6],64,488,516,424,488
1,<environment.Job instance at 0x149675dd9280>,64,18,[12  2],65,510,528,445,503
1,<environment.Job instance at 0x149675dd9190>,66,25,[ 2 14],67,528,553,461,524
1,<environment.Job instance at 0x149675dd9320>,67,24,[9 1],68,528,552,460,524
1,<environment.Job instance at 0x149675dd9a50>,68,23,[14  1],69,553,576,484,547
1,<environment.Job instance at 0x149675dd9730>,69,17,[ 2 13],70,576,593,506,573
1,<environment.Job instance at 0x149675dd99b0>,65,1,[12  2],66,576,577,510,575
1,<environment.Job instance at 0x149675dd9500>,70,14,[12  2],71,585,599,514,585
1,<environment.Job instance at 0x14964d41e640>,41,16,[ 1 11],42,593,609,551,585
1,<environment.Job instance at 0x149675dd9eb0>,74,21,[10  1],75,599,620,524,594
1,<environment.Job instance at 0x149675dd98c0>,73,27,[1 6],74,609,636,535,607
1,<environment.Job instance at 0x149675dd9dc0>,78,28,[ 2 11],79,636,664,557,635
1,<environment.Job instance at 0x149675dd9d20>,79,16,[12  2],80,635,651,555,635
1,<environment.Job instance at 0x149675dd91e0>,81,20,[ 1 14],82,664,684,582,658
1,<environment.Job instance at 0x149675dd9550>,80,18,[11  1],81,658,676,577,658
1,<environment.Job instance at 0x149675dd9780>,83,2,[12  1],84,680,682,596,680
1,<environment.Job instance at 0x14964d6c8f50>,86,18,[12  2],87,689,707,602,689
1,<environment.Job instance at 0x14964d6c8140>,87,21,[ 1 14],88,707,728,619,704
1,<environment.Job instance at 0x149675dd94b0>,82,3,[ 2 14],83,728,731,645,714
1,<environment.Job instance at 0x14964d6c8c80>,89,28,[2 8],90,731,759,641,730
1,<environment.Job instance at 0x14964d6c8870>,92,24,[ 2 14],93,759,783,666,754
1,<environment.Job instance at 0x14964d6c8370>,88,21,[ 2 12],89,783,804,694,776
1,<environment.Job instance at 0x14964d6c8f00>,96,23,[7 2],97,783,806,686,780
1,<environment.Job instance at 0x14964d6c8730>,94,3,[ 1 12],95,804,807,709,804
1,<environment.Job instance at 0x14964d6c8640>,100,19,[2 9],101,807,826,706,805
1,<environment.Job instance at 0x14964d6c8910>,104,18,[12  1],105,810,828,705,810
1,<environment.Job instance at 0x14964d6c0230>,105,20,[ 1 11],106,826,846,720,818
1,<environment.Job instance at 0x14964d6c82d0>,103,16,[11  1],104,845,861,741,845
1,<environment.Job instance at 0x14964d6c0c80>,106,2,[ 2 12],107,848,850,741,848
1,<environment.Job instance at 0x14964d6c0550>,108,19,[ 2 14],109,855,874,746,855
1,<environment.Job instance at 0x14964d6c0b90>,109,24,[ 1 14],110,874,898,764,869
1,<environment.Job instance at 0x14964d6c07d0>,110,28,[12  2],111,898,926,787,897
1,<environment.Job instance at 0x14964d6c05f0>,112,3,[14  2],113,926,929,813,913
1,<environment.Job instance at 0x14964d6b0a00>,51,13,[ 1 14],52,929,942,877,921
1,<environment.Job instance at 0x14964d6c0690>,115,27,[ 1 10],116,942,969,826,940
1,<environment.Job instance at 0x14964d6c0fa0>,116,24,[14  2],117,942,966,825,940
1,<environment.Job instance at 0x14964d6c0500>,118,23,[ 1 13],119,969,992,850,963
1,<environment.Job instance at 0x14964d6c0410>,120,26,[14  2],121,966,992,845,964
1,<environment.Job instance at 0x14964d6c0190>,121,26,[14  1],122,992,1018,870,989
1,<environment.Job instance at 0x14964d6c0be0>,123,1,[ 2 12],124,1018,1019,894,1000
1,<environment.Job instance at 0x1496709c71e0>,124,20,[6 1],125,1018,1038,893,1009
1,<environment.Job instance at 0x14964d6c0140>,114,3,[13  1],115,1038,1041,923,1013
1,<environment.Job instance at 0x1496709c7b90>,126,3,[12  2],127,1041,1044,914,1018
1,<environment.Job instance at 0x1496709c73c0>,127,21,[ 1 12],128,1019,1040,891,1019
1,<environment.Job instance at 0x1496709c77d0>,129,23,[9 1],130,1044,1067,914,1038
1,<environment.Job instance at 0x1496709c7410>,131,3,[ 2 12],132,1048,1051,916,1048
1,<environment.Job instance at 0x1496709c70f0>,133,23,[12  2],134,1067,1090,933,1061
1,<environment.Job instance at 0x1496709c7960>,134,27,[1 8],135,1062,1089,927,1062
1,<environment.Job instance at 0x1496709c7aa0>,132,22,[11  1],133,1090,1112,957,1083
1,<environment.Job instance at 0x1496709c7500>,136,1,[ 2 11],137,1100,1101,963,1100
1,<environment.Job instance at 0x1496bee2b690>,137,21,[ 1 12],138,1102,1123,964,1102
1,<environment.Job instance at 0x1496708df5f0>,138,16,[ 2 14],139,1123,1139,984,1113
1,<environment.Job instance at 0x14964db25280>,140,20,[7 1],141,1114,1134,973,1114
1,<environment.Job instance at 0x14964d6e2280>,142,3,[11  1],143,1134,1137,991,1132
1,<environment.Job instance at 0x14964d6e2780>,144,18,[ 1 14],145,1139,1157,994,1135
1,<environment.Job instance at 0x14964d6e21e0>,145,24,[6 1],158,1137,1161,979,1135
1,<environment.Job instance at 0x1496709c7140>,135,17,[ 2 14],136,1170,1187,1034,1170
1,<environment.Job instance at 0x14964d6e2cd0>,146,12,[ 1 13],159,1302,1314,1143,1302
1,<environment.Job instance at 0x149675dd97d0>,71,16,[12  1],72,1361,1377,1289,1361
1,<environment.Job instance at 0x14964d6c0eb0>,107,14,[ 2 14],108,1523,1537,1415,1523
1,<environment.Job instance at 0x14964d41e5f0>,23,12,[ 1 13],24,1553,1565,1529,1553
1,<environment.Job instance at 0x14964d2459b0>,1,24,[1 5],2,3,27,1,3
1,<environment.Job instance at 0x14966f21ef00>,6,26,[6 1],7,19,45,12,19
1,<environment.Job instance at 0x14966f21e140>,5,24,[7 1],6,23,47,17,23
1,<environment.Job instance at 0x1496713d7fa0>,3,26,[ 2 13],4,27,53,23,24
1,<environment.Job instance at 0x14964d922eb0>,12,27,[ 1 14],13,53,80,40,51
1,<environment.Job instance at 0x14964d922fa0>,13,26,[8 1],14,51,77,37,51
1,<environment.Job instance at 0x14964d41e5f0>,4,1,[11  2],5,80,81,75,65
1,<environment.Job instance at 0x14964d922690>,10,1,[11  1],11,77,78,66,68
1,<environment.Job instance at 0x14964d9220f0>,18,24,[1 8],19,80,104,61,75
1,<environment.Job instance at 0x14964d8ef280>,19,23,[5 2],20,81,104,61,75
1,<environment.Job instance at 0x14964d8ef6e0>,21,19,[10  2],22,104,123,82,102
1,<environment.Job instance at 0x14964d922c80>,17,19,[ 1 11],18,104,123,86,104
1,<environment.Job instance at 0x14964d8efb90>,24,2,[12  1],25,123,125,98,107
1,<environment.Job instance at 0x14964d8ef640>,26,28,[14  1],27,125,153,98,124
1,<environment.Job instance at 0x14964d8efbe0>,28,27,[1 9],29,130,157,101,130
1,<environment.Job instance at 0x14966f21ec30>,7,2,[ 1 14],8,157,159,149,131
1,<environment.Job instance at 0x14964d8efd70>,25,12,[ 1 11],26,159,171,133,151
1,<environment.Job instance at 0x14964d8ef3c0>,32,1,[2 6],33,171,172,138,159
1,<environment.Job instance at 0x14964d8ef190>,35,24,[13  1],36,159,183,123,159
1,<environment.Job instance at 0x14964d8ef730>,34,23,[ 1 11],35,172,195,137,166
1,<environment.Job instance at 0x14964d8efaa0>,37,1,[1 7],38,195,196,157,173
1,<environment.Job instance at 0x14964d8ef960>,39,22,[2 5],40,195,217,155,188
1,<environment.Job instance at 0x14964d8ef410>,40,3,[ 1 14],41,217,220,176,191
1,<environment.Job instance at 0x1496754bac80>,41,28,[1 9],42,220,248,178,219
1,<environment.Job instance at 0x1496754ba0f0>,43,2,[14  2],44,228,230,184,228
1,<environment.Job instance at 0x1496754baeb0>,44,28,[10  1],45,230,258,185,229
1,<environment.Job instance at 0x1496754bacd0>,45,25,[ 2 11],46,248,273,202,244
1,<environment.Job instance at 0x1496754baf50>,46,3,[10  2],47,258,261,211,245
1,<environment.Job instance at 0x14964d8ef9b0>,36,2,[1 6],37,273,275,236,248
1,<environment.Job instance at 0x1496754bae60>,48,2,[ 2 11],49,275,277,226,250
1,<environment.Job instance at 0x1496754ba870>,50,12,[13  1],51,261,273,210,251
1,<environment.Job instance at 0x149677766320>,51,21,[ 2 13],52,277,298,225,269
1,<environment.Job instance at 0x14964d8efa00>,38,13,[ 2 12],39,311,324,272,311
1,<environment.Job instance at 0x14966f21e050>,8,12,[ 2 14],9,324,336,315,324
1,<environment.Job instance at 0x1496777660a0>,54,19,[1 6],55,336,355,281,334
1,<environment.Job instance at 0x1496777664b0>,55,28,[11  1],56,334,362,278,334
1,<environment.Job instance at 0x149677766b40>,52,14,[ 2 11],53,361,375,308,361
1,<environment.Job instance at 0x149677766af0>,57,26,[12  2],58,362,388,304,361
1,<environment.Job instance at 0x1496777669b0>,53,12,[ 1 14],54,388,400,334,373
1,<environment.Job instance at 0x149677766050>,59,26,[ 2 12],60,400,426,340,398
1,<environment.Job instance at 0x149677766a00>,58,18,[11  1],59,401,419,342,401
1,<environment.Job instance at 0x1496777668c0>,60,12,[10  2],61,419,431,358,411
1,<environment.Job instance at 0x14966c1c9820>,64,25,[ 1 12],65,426,451,361,423
1,<environment.Job instance at 0x14966c1c9690>,65,21,[ 1 14],66,451,472,385,447
1,<environment.Job instance at 0x14966c1c90a0>,66,27,[ 2 14],67,472,499,405,470
1,<environment.Job instance at 0x1496754ba5f0>,49,3,[ 2 14],50,499,502,449,475
1,<environment.Job instance at 0x14966c1c9af0>,70,25,[2 9],71,502,527,431,498
1,<environment.Job instance at 0x14966c1c99b0>,71,2,[11  1],72,526,528,454,526
1,<environment.Job instance at 0x149677766190>,56,19,[ 1 14],57,527,546,470,527
1,<environment.Job instance at 0x14966c1c9f50>,75,23,[13  2],76,546,569,470,541
1,<environment.Job instance at 0x14964d708dc0>,76,21,[13  2],77,569,590,492,565
1,<environment.Job instance at 0x14964d7085f0>,79,27,[13  2],80,590,617,510,588
1,<environment.Job instance at 0x14964d708410>,77,12,[1 8],78,602,614,524,602
1,<environment.Job instance at 0x14966c1b8c80>,82,23,[ 2 11],83,614,637,531,609
1,<environment.Job instance at 0x14966c1b8a50>,84,27,[12  2],85,617,644,532,615
1,<environment.Job instance at 0x14966c1b8140>,85,1,[13  2],86,644,645,558,637
1,<environment.Job instance at 0x14966c1b8c30>,86,26,[ 1 11],87,638,664,551,638
1,<environment.Job instance at 0x14966c1b8460>,87,25,[ 2 13],88,664,689,576,660
1,<environment.Job instance at 0x14964d708eb0>,81,13,[11  2],82,668,681,586,668
1,<environment.Job instance at 0x14966c1b82d0>,90,23,[10  1],91,684,707,593,684
1,<environment.Job instance at 0x14966c1b84b0>,89,22,[ 1 12],90,689,711,599,684
1,<environment.Job instance at 0x14966c1b86e0>,91,1,[11  2],92,714,715,622,714
1,<environment.Job instance at 0x14966c1b87d0>,92,3,[ 2 14],93,717,720,624,717
1,<environment.Job instance at 0x14966c1b8d20>,94,14,[10  2],95,722,736,627,722
1,<environment.Job instance at 0x14966c1b8780>,95,18,[ 1 12],96,722,740,626,722
1,<environment.Job instance at 0x14964d8ef0f0>,23,12,[ 1 13],24,740,752,716,734
1,<environment.Job instance at 0x14966c1b8910>,93,1,[ 1 11],94,752,753,658,734
1,<environment.Job instance at 0x14964d714640>,103,20,[8 2],104,736,756,632,736
1,<environment.Job instance at 0x14964d714aa0>,104,20,[12  2],105,756,776,651,749
1,<environment.Job instance at 0x14964d7146e0>,106,26,[1 7],107,753,779,646,753
1,<environment.Job instance at 0x14964d714280>,107,3,[ 1 13],108,779,782,671,766
1,<environment.Job instance at 0x14964d7147d0>,110,2,[ 1 13],111,782,784,671,776
1,<environment.Job instance at 0x14964d714550>,111,26,[6 1],112,777,803,665,777
1,<environment.Job instance at 0x1496710cae60>,112,22,[ 2 14],113,784,806,671,778
1,<environment.Job instance at 0x1496710ca190>,115,23,[ 1 14],116,806,829,690,800
1,<environment.Job instance at 0x1496710cadc0>,119,22,[7 1],120,811,833,691,811
1,<environment.Job instance at 0x14964d714a50>,108,20,[ 1 13],109,829,849,720,821
1,<environment.Job instance at 0x1496710cae10>,120,19,[11  2],121,841,860,720,841
1,<environment.Job instance at 0x1496708dffa0>,124,24,[8 2],125,860,884,735,855
1,<environment.Job instance at 0x1496708df7d0>,125,20,[9 1],126,884,904,758,876
1,<environment.Job instance at 0x14964da5d7d0>,126,25,[1 6],127,877,902,750,877
1,<environment.Job instance at 0x14964da5dc30>,127,19,[6 2],128,902,921,774,892
1,<environment.Job instance at 0x1496710ca0f0>,123,18,[8 1],124,904,922,780,898
1,<environment.Job instance at 0x14964d2fd910>,129,20,[ 1 11],130,904,924,774,898
1,<environment.Job instance at 0x14964d714d20>,100,2,[12  2],101,922,924,821,904
1,<environment.Job instance at 0x14966c0ed500>,131,24,[ 1 12],132,924,948,792,919
1,<environment.Job instance at 0x14966c0442d0>,133,20,[ 2 12],134,948,968,814,939
1,<environment.Job instance at 0x14967092a6e0>,135,23,[12  1],136,939,962,803,939
1,<environment.Job instance at 0x149670ab4500>,136,23,[1 5],137,968,991,831,962
1,<environment.Job instance at 0x14966c044730>,134,15,[11  1],135,973,988,838,973
1,<environment.Job instance at 0x149670ab4d20>,137,21,[ 2 11],138,991,1012,853,984
1,<environment.Job instance at 0x14966c1c96e0>,62,12,[ 2 11],63,1021,1033,958,1021
1,<environment.Job instance at 0x14964d87bd20>,142,22,[7 2],143,1021,1043,878,1021
1,<environment.Job instance at 0x14964da5d910>,128,16,[ 2 11],129,1035,1051,906,1035
1,<environment.Job instance at 0x14964d438fa0>,145,25,[ 2 12],146,1051,1076,905,1047
1,<environment.Job instance at 0x149677385960>,146,17,[11  2],147,1056,1073,909,1056
1,<environment.Job instance at 0x14964d87b780>,148,18,[12  1],149,1073,1091,924,1064
1,<environment.Job instance at 0x14966efd2280>,149,22,[ 1 14],150,1076,1098,926,1069
1,<environment.Job instance at 0x14964d87b5a0>,144,18,[ 1 11],145,1103,1121,958,1103
1,<environment.Job instance at 0x1496713db190>,151,12,[12  2],152,1123,1135,971,1123
1,<environment.Job instance at 0x149670ac22d0>,153,1,[5 2],155,1135,1136,980,1123
1,<environment.Job instance at 0x149670a0f320>,155,28,[ 2 13],161,1138,1166,977,1138
1,<environment.Job instance at 0x14964d501b40>,157,28,[11  2],167,1145,1173,978,1145
1,<environment.Job instance at 0x14966ef17910>,159,28,[2 5],175,1166,1194,991,1165
1,<environment.Job instance at 0x1496713db550>,152,13,[ 1 11],153,1203,1216,1050,1203
1,<environment.Job instance at 0x14964d87b3c0>,140,12,[12  2],141,1219,1231,1078,1219
1,<environment.Job instance at 0x14964d87bd70>,141,13,[ 1 14],142,1231,1244,1089,1230
1,<environment.Job instance at 0x14966c1c9050>,69,3,[11  2],70,1378,1381,1308,1378
1,<environment.Job instance at 0x14ff12604b90>,0,24,[ 1 10],1,2,26,1,2
1,<environment.Job instance at 0x14ff12604aa0>,3,2,[1 7],4,26,28,22,4
1,<environment.Job instance at 0x14ff09247c80>,9,2,[8 1],10,13,15,3,13
1,<environment.Job instance at 0x14ff09247e10>,12,22,[2 6],13,26,48,13,21
1,<environment.Job instance at 0x14ff09247eb0>,13,27,[1 8],14,28,55,14,27
1,<environment.Job instance at 0x14ff1278baa0>,2,18,[ 1 12],3,55,73,52,45
1,<environment.Job instance at 0x14ff09247870>,15,24,[ 2 13],16,73,97,57,68
1,<environment.Job instance at 0x14ff09247dc0>,16,19,[ 1 12],17,97,116,80,92
1,<environment.Job instance at 0x14ff09248230>,18,3,[1 6],19,116,119,97,92
1,<environment.Job instance at 0x14ff09248280>,19,21,[14  2],20,97,118,77,94
1,<environment.Job instance at 0x14ff09248460>,21,22,[14  2],22,118,140,96,112
1,<environment.Job instance at 0x14ff09247e60>,14,3,[14  2],15,140,143,125,124
1,<environment.Job instance at 0x14ff092484b0>,22,25,[ 2 12],23,143,168,120,140
1,<environment.Job instance at 0x14ff092485a0>,24,20,[ 2 13],25,168,188,143,160
1,<environment.Job instance at 0x14ff09248820>,27,25,[14  2],28,188,213,160,184
1,<environment.Job instance at 0x14ff09248640>,25,1,[11  1],26,213,214,187,197
1,<environment.Job instance at 0x14ff092488c0>,29,20,[1 5],30,209,229,179,209
1,<environment.Job instance at 0x14ff09248e60>,35,23,[11  2],36,214,237,178,212
1,<environment.Job instance at 0x14ff09248dc0>,36,27,[10  2],37,237,264,200,235
1,<environment.Job instance at 0x14ff09247960>,6,19,[ 1 13],7,235,254,228,235
1,<environment.Job instance at 0x14ff0924b280>,42,23,[ 1 14],43,264,287,221,258
1,<environment.Job instance at 0x14ff09248fa0>,38,1,[ 1 13],39,258,259,219,258
1,<environment.Job instance at 0x14ff0924b640>,46,21,[2 6],47,287,308,240,282
1,<environment.Job instance at 0x14ff0924b5f0>,47,26,[12  2],48,287,313,239,284
1,<environment.Job instance at 0x14ff0924b6e0>,49,25,[11  2],50,313,338,263,309
1,<environment.Job instance at 0x14ff0924b910>,50,23,[2 6],51,309,332,258,309
1,<environment.Job instance at 0x14ff0924b8c0>,51,2,[ 2 13],52,332,334,280,327
1,<environment.Job instance at 0x14ff0924b3c0>,43,3,[ 1 14],44,338,341,294,330
1,<environment.Job instance at 0x14ff0924baf0>,53,27,[9 1],54,338,365,284,336
1,<environment.Job instance at 0x14ff0924ba00>,54,22,[9 1],55,365,387,310,358
1,<environment.Job instance at 0x14ff0924b820>,55,20,[ 1 14],56,369,389,313,369
1,<environment.Job instance at 0x14ff0924bcd0>,56,1,[12  2],57,391,392,334,391
1,<environment.Job instance at 0x14ff0924b2d0>,41,18,[ 2 13],42,391,409,349,391
1,<environment.Job instance at 0x14ff0924bb40>,58,17,[2 7],59,409,426,350,408
1,<environment.Job instance at 0x14ff09248190>,17,3,[ 1 13],18,426,429,408,424
1,<environment.Job instance at 0x14ff0924bbe0>,61,22,[14  1],62,426,448,364,425
1,<environment.Job instance at 0x14ff0924be60>,60,3,[ 1 11],61,429,432,368,428
1,<environment.Job instance at 0x14ff0924b460>,52,12,[13  2],53,448,460,395,431
1,<environment.Job instance at 0x14ff0924beb0>,59,18,[ 2 12],60,448,466,388,440
1,<environment.Job instance at 0x14ff0924e320>,67,19,[11  1],68,460,479,392,459
1,<environment.Job instance at 0x14ff0924e0f0>,68,28,[10  1],69,479,507,410,478
1,<environment.Job instance at 0x14ff0924e140>,64,2,[11  2],65,507,509,442,485
1,<environment.Job instance at 0x14ff0924e460>,70,20,[ 2 14],71,509,529,438,508
1,<environment.Job instance at 0x14ff0924e5a0>,69,14,[12  2],70,529,543,459,520
1,<environment.Job instance at 0x14ff0924e280>,66,14,[14  2],67,543,557,476,534
1,<environment.Job instance at 0x14ff0924e050>,63,13,[ 2 13],64,557,570,493,553
1,<environment.Job instance at 0x14ff0924e780>,74,1,[14  2],75,570,571,495,553
1,<environment.Job instance at 0x14ff0924eaa0>,79,19,[14  1],80,571,590,491,561
1,<environment.Job instance at 0x14ff0924efa0>,86,21,[ 1 12],87,585,606,498,585
1,<environment.Job instance at 0x14ff0924e550>,71,12,[ 2 11],72,608,620,536,608
1,<environment.Job instance at 0x14ff09251050>,87,18,[ 1 12],88,620,638,532,617
1,<environment.Job instance at 0x14ff09251190>,89,12,[11  1],90,639,651,549,639
1,<environment.Job instance at 0x14ff092511e0>,90,27,[ 2 14],91,640,667,549,640
1,<environment.Job instance at 0x14ff0924e6e0>,73,3,[ 1 11],74,667,670,593,666
1,<environment.Job instance at 0x14ff09251500>,92,24,[2 9],93,670,694,577,666
1,<environment.Job instance at 0x14ff09251280>,91,2,[12  2],92,679,681,587,679
1,<environment.Job instance at 0x14ff092518c0>,95,25,[7 2],96,681,706,585,679
1,<environment.Job instance at 0x14ff09251960>,96,16,[ 2 11],97,697,713,600,697
1,<environment.Job instance at 0x14ff09251a00>,97,2,[ 1 12],98,717,719,619,717
1,<environment.Job instance at 0x14ff09251aa0>,98,25,[13  2],99,717,742,618,717
1,<environment.Job instance at 0x14ff09251af0>,99,27,[1 8],100,719,746,619,718
1,<environment.Job instance at 0x14ff09251640>,93,3,[ 1 14],94,746,749,652,725
1,<environment.Job instance at 0x14ff09251c80>,103,3,[13  1],104,742,745,638,729
1,<environment.Job instance at 0x14ff09251dc0>,105,22,[ 2 12],106,749,771,643,742
1,<environment.Job instance at 0x14ff09251cd0>,102,22,[ 2 14],103,771,793,668,765
1,<environment.Job instance at 0x14ff09251fa0>,107,16,[13  1],108,781,797,673,781
1,<environment.Job instance at 0x14ff092530f0>,108,18,[6 2],109,797,815,688,786
1,<environment.Job instance at 0x14ff09253460>,113,28,[2 5],114,795,823,681,795
1,<environment.Job instance at 0x14ff09253550>,114,3,[ 2 13],115,823,826,708,799
1,<environment.Job instance at 0x14ff092532d0>,111,1,[14  2],112,826,827,714,805
1,<environment.Job instance at 0x14ff092535a0>,116,3,[ 1 13],117,826,829,709,812
1,<environment.Job instance at 0x14ff09253910>,118,28,[7 2],119,827,855,708,827
1,<environment.Job instance at 0x14ff09253730>,115,25,[2 7],116,829,854,713,827
1,<environment.Job instance at 0x14ff09253a50>,120,21,[1 5],121,829,850,708,827
1,<environment.Job instance at 0x14ff0924e640>,72,16,[ 2 12],73,854,870,781,849
1,<environment.Job instance at 0x14ff09253780>,122,20,[13  2],123,855,875,732,850
1,<environment.Job instance at 0x14ff09253c30>,123,15,[12  1],124,878,893,754,878
1,<environment.Job instance at 0x14ff092539b0>,119,17,[ 2 14],120,921,938,801,921
1,<environment.Job instance at 0x14ff09253f00>,128,26,[12  2],129,938,964,809,935
1,<environment.Job instance at 0x14ff09253d20>,129,25,[ 2 12],130,938,963,808,935
1,<environment.Job instance at 0x14ff09253b90>,130,27,[12  2],131,964,991,833,962
1,<environment.Job instance at 0x14ff09257230>,131,18,[ 2 11],132,986,1004,854,986
1,<environment.Job instance at 0x14ff092572d0>,132,19,[11  2],133,993,1012,860,993
1,<environment.Job instance at 0x14ff09257370>,133,23,[ 1 12],134,1004,1027,870,1001
1,<environment.Job instance at 0x14ff09253af0>,121,15,[ 1 11],122,1027,1042,905,1016
1,<environment.Job instance at 0x14ff09257410>,134,14,[12  1],135,1016,1030,881,1016
1,<environment.Job instance at 0x14ff09257550>,136,23,[ 1 14],137,1042,1065,905,1037
1,<environment.Job instance at 0x14ff092575f0>,137,27,[1 9],138,1065,1092,927,1063
1,<environment.Job instance at 0x14ff092574b0>,135,17,[ 1 11],136,1101,1118,965,1101
1,<environment.Job instance at 0x14ff0923f460>,140,23,[ 2 13],141,1118,1141,977,1112
1,<environment.Job instance at 0x14ff092477d0>,10,3,[ 1 14],11,1141,1144,1130,1115
1,<environment.Job instance at 0x14ff0923f910>,141,2,[ 1 13],142,1144,1146,1002,1121
1,<environment.Job instance at 0x14ff0923f280>,143,25,[ 1 12],144,1146,1171,1002,1142
1,<environment.Job instance at 0x14ff0923f3c0>,144,27,[ 1 12],145,1171,1198,1026,1169
1,<environment.Job instance at 0x14ff0923f320>,145,2,[14  1],146,1171,1173,1025,1171
1,<environment.Job instance at 0x14ff09253f50>,127,12,[ 1 13],128,1198,1210,1070,1192
1,<environment.Job instance at 0x14ff096981e0>,147,25,[1 8],164,1210,1235,1046,1206
1,<environment.Job instance at 0x14ff09257690>,138,3,[ 1 12],139,1235,1238,1096,1213
1,<environment.Job instance at 0x14ff0923feb0>,142,16,[11  2],143,1220,1236,1077,1220
1,<environment.Job instance at 0x14ff0923f050>,148,15,[11  2],185,1241,1256,1056,1241
1,<environment.Job instance at 0x14ff09251140>,88,12,[ 1 14],89,1349,1361,1260,1349
1,<environment.Job instance at 0x14ff0829b230>,1,26,[ 1 14],2,2,28,0,2
1,<environment.Job instance at 0x14ff0b2b1280>,6,26,[13  1],7,8,34,1,8
1,<environment.Job instance at 0x14ff0829b320>,2,26,[ 2 12],3,28,54,25,25
1,<environment.Job instance at 0x14ff0b1edd70>,7,17,[6 2],8,34,51,26,28
1,<environment.Job instance at 0x14ff0b391f00>,13,23,[5 1],14,47,70,33,47
1,<environment.Job instance at 0x14ff0b391d70>,14,24,[ 1 13],15,54,78,39,49
1,<environment.Job instance at 0x14ff0b391500>,15,21,[11  1],16,70,91,54,63
1,<environment.Job instance at 0x14ff0b391410>,16,19,[ 2 12],17,94,113,77,94
1,<environment.Job instance at 0x14ff0b3915a0>,12,24,[ 1 13],13,115,139,102,115
1,<environment.Job instance at 0x14ff09251140>,3,2,[ 2 11],4,139,141,135,117
1,<environment.Job instance at 0x14ff0b391910>,20,22,[11  2],21,123,145,102,123
1,<environment.Job instance at 0x14ff0b3910f0>,18,1,[ 2 14],19,145,146,126,141
1,<environment.Job instance at 0x14ff0b3912d0>,19,28,[ 2 13],20,146,174,126,146
1,<environment.Job instance at 0x14ff0b151370>,22,21,[13  2],23,146,167,123,146
1,<environment.Job instance at 0x14ff0b391640>,17,1,[12  2],18,167,168,149,166
1,<environment.Job instance at 0x14ff0b960410>,30,28,[7 1],31,168,196,137,167
1,<environment.Job instance at 0x14ff0b9602d0>,31,28,[ 2 13],32,174,202,142,173
1,<environment.Job instance at 0x14ff105a2f00>,32,20,[7 2],33,196,216,163,191
1,<environment.Job instance at 0x14ff105a2cd0>,34,14,[10  1],35,216,230,181,203
1,<environment.Job instance at 0x14ff10554a50>,39,18,[ 1 10],40,216,234,176,216
1,<environment.Job instance at 0x14ff0b95f690>,40,24,[11  2],41,230,254,189,225
1,<environment.Job instance at 0x14ff0b8d04b0>,43,28,[ 1 14],44,254,282,210,253
1,<environment.Job instance at 0x14ff0b8d0b40>,44,2,[1 6],45,282,284,237,256
1,<environment.Job instance at 0x14ff0b8d0910>,46,22,[ 2 11],47,284,306,237,277
1,<environment.Job instance at 0x14ff0b8d0320>,49,19,[13  2],50,286,305,236,286
1,<environment.Job instance at 0x14ff0b8d0410>,52,19,[13  2],53,305,324,252,302
1,<environment.Job instance at 0x14ff0b92a140>,53,25,[11  1],54,324,349,270,320
1,<environment.Job instance at 0x14ff0829b2d0>,0,12,[ 2 14],1,333,345,332,333
1,<environment.Job instance at 0x14ff0b895870>,56,21,[1 7],57,345,366,288,344
1,<environment.Job instance at 0x14ff0b895be0>,59,27,[2 8],60,353,380,293,353
1,<environment.Job instance at 0x14ff10515be0>,23,3,[ 2 13],24,380,383,356,365
1,<environment.Job instance at 0x14ff0b8954b0>,60,28,[ 2 13],61,383,411,322,382
1,<environment.Job instance at 0x14ff0b895320>,63,25,[13  2],64,385,410,321,385
1,<environment.Job instance at 0x14ff0b895140>,61,3,[11  2],62,410,413,348,390
1,<environment.Job instance at 0x14ff0b895460>,64,22,[ 1 13],65,411,433,346,404
1,<environment.Job instance at 0x14ff0b83c960>,67,26,[9 1],68,413,439,345,410
1,<environment.Job instance at 0x14ff0b8e1500>,74,24,[ 1 11],75,433,457,358,430
1,<environment.Job instance at 0x14ff0b8e1af0>,75,19,[10  2],76,439,458,363,431
1,<environment.Job instance at 0x14ff0b92a190>,54,12,[ 2 13],55,461,473,406,461
1,<environment.Job instance at 0x14ff0b8e1690>,76,1,[ 1 11],77,473,474,396,468
1,<environment.Job instance at 0x14ff0b83c780>,72,1,[ 2 13],73,474,475,401,468
1,<environment.Job instance at 0x14ff0b888c30>,81,28,[9 1],82,468,496,386,468
1,<environment.Job instance at 0x14ff0b83aa00>,83,23,[13  2],84,496,519,412,491
1,<environment.Job instance at 0x14ff0b8e1cd0>,78,20,[ 1 13],79,491,511,412,491
1,<environment.Job instance at 0x14ff0b8e1410>,77,2,[12  2],78,519,521,441,514
1,<environment.Job instance at 0x14ff0b88dbe0>,87,3,[ 2 13],88,514,517,426,514
1,<environment.Job instance at 0x14ff0b88d730>,88,21,[2 6],89,517,538,428,514
1,<environment.Job instance at 0x14ff0b88de60>,89,19,[2 9],90,521,540,431,519
1,<environment.Job instance at 0x14ff0b88dd20>,90,14,[11  2],91,538,552,447,537
1,<environment.Job instance at 0x14ff0b88d0a0>,91,24,[10  1],92,552,576,460,547
1,<environment.Job instance at 0x14ff0b88daa0>,92,20,[13  2],93,576,596,483,567
1,<environment.Job instance at 0x14ff0b88d910>,93,22,[6 2],94,596,618,502,589
1,<environment.Job instance at 0x14ff0b84c5a0>,94,12,[7 1],95,596,608,501,592
1,<environment.Job instance at 0x14ff0b88df50>,95,1,[2 7],96,605,606,509,605
1,<environment.Job instance at 0x14ff0b88dfa0>,96,2,[11  2],97,618,620,521,616
1,<environment.Job instance at 0x14ff0b8bf140>,98,24,[12  1],99,620,644,521,617
1,<environment.Job instance at 0x14ff0b8bff00>,99,1,[2 8],100,619,620,519,619
1,<environment.Job instance at 0x14ff0b23f460>,101,27,[ 1 13],102,628,655,526,628
1,<environment.Job instance at 0x14ff0b21bc30>,102,20,[14  1],103,644,664,541,643
1,<environment.Job instance at 0x14ff0b936190>,103,22,[12  1],104,664,686,560,657
1,<environment.Job instance at 0x14ff0b202d70>,104,1,[ 1 12],105,682,683,577,682
1,<environment.Job instance at 0x14ff0b83b500>,105,20,[2 9],106,683,703,577,682
1,<environment.Job instance at 0x14ff0b182f50>,106,28,[1 7],107,703,731,596,702
1,<environment.Job instance at 0x14ff0b182640>,107,28,[10  1],108,702,730,594,702
1,<environment.Job instance at 0x14ff0b335d20>,108,1,[12  1],109,730,731,621,704
1,<environment.Job instance at 0x14ff0b335640>,109,3,[2 9],110,731,734,621,719
1,<environment.Job instance at 0x14ff0b335b40>,110,21,[ 2 12],111,734,755,623,727
1,<environment.Job instance at 0x14ff0b83a460>,86,3,[ 2 12],87,755,758,668,744
1,<environment.Job instance at 0x14ff0b0aad20>,113,21,[ 2 13],114,758,779,644,750
1,<environment.Job instance at 0x14ff0b335140>,111,1,[12  1],112,773,774,661,773
1,<environment.Job instance at 0x14ff0b8bc410>,116,3,[11  2],117,775,778,658,775
1,<environment.Job instance at 0x14ff0b214410>,117,24,[2 6],118,779,803,661,776
1,<environment.Job instance at 0x14ff0b935640>,118,3,[11  1],119,788,791,669,788
1,<environment.Job instance at 0x14ff0b8e47d0>,119,26,[5 1],120,791,817,671,788
1,<environment.Job instance at 0x14ff0b935190>,121,25,[2 7],122,790,815,668,790
1,<environment.Job instance at 0x14ff10537b90>,122,23,[8 2],123,803,826,680,798
1,<environment.Job instance at 0x14ff0b213cd0>,123,22,[ 1 13],124,817,839,693,811
1,<environment.Job instance at 0x14ff0b213af0>,124,23,[11  1],125,826,849,701,821
1,<environment.Job instance at 0x14ff0b82e7d0>,126,25,[ 2 14],127,839,864,712,835
1,<environment.Job instance at 0x14ff0b8db280>,127,12,[13  1],128,852,864,724,852
1,<environment.Job instance at 0x14ff0b1e4c30>,130,20,[7 1],131,867,887,736,867
1,<environment.Job instance at 0x14ff0b951fa0>,131,15,[7 1],132,867,882,735,867
1,<environment.Job instance at 0x14ff0b2144b0>,114,3,[ 2 11],115,882,885,767,878
1,<environment.Job instance at 0x14ff0b36b3c0>,29,12,[ 2 14],30,888,900,858,888
1,<environment.Job instance at 0x14ff0b1ea7d0>,136,25,[10  2],137,900,925,763,896
1,<environment.Job instance at 0x14ff0b1eaa50>,137,1,[14  1],138,925,926,787,898
1,<environment.Job instance at 0x14ff0b2064b0>,142,21,[10  2],143,926,947,783,918
1,<environment.Job instance at 0x14ff0b2060f0>,140,2,[12  2],141,947,949,806,925
1,<environment.Job instance at 0x14ff0b82b140>,145,25,[11  1],148,949,974,801,945
1,<environment.Job instance at 0x14ff0b33c140>,147,21,[1 7],150,951,972,801,951
1,<environment.Job instance at 0x14ff0b33cb90>,148,18,[14  2],153,974,992,821,974
1,<environment.Job instance at 0x14ff0b33ccd0>,149,20,[1 6],155,984,1004,829,984
1,<environment.Job instance at 0x14ff0b9344b0>,150,20,[1 7],167,999,1019,832,999
1,<environment.Job instance at 0x14ff0b934c80>,151,17,[11  2],168,1006,1023,838,1006
1,<environment.Job instance at 0x14ff0b848e60>,143,15,[13  1],144,1064,1079,920,1064
1,<environment.Job instance at 0x14ff0b83a4b0>,84,3,[ 1 13],85,1175,1178,1090,1175
1,<environment.Job instance at 0x14ff0b206e10>,139,15,[ 2 14],140,1216,1231,1076,1216
1,<environment.Job instance at 0x14ff0b8d0f00>,48,12,[ 2 12],49,1622,1634,1573,1622
1,<environment.Job instance at 0x14ff0828d730>,1,21,[2 6],2,2,23,0,2
1,<environment.Job instance at 0x14febfca6730>,5,26,[5 2],6,6,32,0,6
1,<environment.Job instance at 0x14febfca6af0>,6,21,[ 2 12],7,23,44,16,17
1,<environment.Job instance at 0x14febfca6820>,7,3,[ 1 13],8,44,47,36,31
1,<environment.Job instance at 0x14ff0b8d0690>,4,16,[12  2],5,38,54,33,38
1,<environment.Job instance at 0x14ff10626500>,0,17,[ 1 11],1,58,75,57,58
1,<environment.Job instance at 0x14febfca6780>,12,3,[14  1],13,74,77,61,74
1,<environment.Job instance at 0x14febfca6fa0>,14,23,[ 1 12],15,75,98,60,74
1,<environment.Job instance at 0x14febfca6f50>,15,22,[10  1],16,77,99,61,74
1,<environment.Job instance at 0x14febfca6f00>,13,3,[ 2 13],14,101,104,87,101
1,<environment.Job instance at 0x14febfca8230>,17,24,[1 6],18,104,128,86,101
1,<environment.Job instance at 0x14febfca8190>,19,26,[7 2],20,101,127,81,101
1,<environment.Job instance at 0x14febfca83c0>,21,27,[11  1],22,127,154,105,125
1,<environment.Job instance at 0x14febfca69b0>,16,1,[ 1 12],17,128,129,111,127
1,<environment.Job instance at 0x14febfca6c80>,9,16,[ 2 13],10,129,145,119,127
1,<environment.Job instance at 0x14febfca82d0>,25,27,[13  1],26,154,181,128,152
1,<environment.Job instance at 0x14febfca8870>,27,26,[12  2],28,181,207,153,178
1,<environment.Job instance at 0x14febfca8640>,26,1,[13  1],27,207,208,180,191
1,<environment.Job instance at 0x14febfca8a50>,30,24,[2 7],31,201,225,170,201
1,<environment.Job instance at 0x14febfca85f0>,28,25,[12  2],29,208,233,179,205
1,<environment.Job instance at 0x14febfca8aa0>,31,19,[ 1 12],32,225,244,193,225
1,<environment.Job instance at 0x14febfca8910>,34,24,[2 8],35,244,268,209,239
1,<environment.Job instance at 0x14febfca8dc0>,35,27,[9 1],36,240,267,204,240
1,<environment.Job instance at 0x14febfca8e60>,36,21,[2 7],37,267,288,230,260
1,<environment.Job instance at 0x14febfca6a50>,8,18,[ 2 14],9,288,306,279,279
1,<environment.Job instance at 0x14febfca8690>,24,18,[ 1 14],25,317,335,292,317
1,<environment.Job instance at 0x14febfca6d20>,10,14,[14  2],11,344,358,333,344
1,<environment.Job instance at 0x14febfca8c80>,38,15,[ 1 14],39,358,373,319,356
1,<environment.Job instance at 0x14febfcab3c0>,44,27,[6 1],45,360,387,315,360
1,<environment.Job instance at 0x14febfca8af0>,33,13,[14  2],34,387,400,353,376
1,<environment.Job instance at 0x14febfcab0f0>,43,19,[ 1 11],44,397,416,353,397
1,<environment.Job instance at 0x14febfcab960>,52,28,[2 6],53,416,444,363,415
1,<environment.Job instance at 0x14febfcab910>,53,28,[1 7],54,416,444,362,415
1,<environment.Job instance at 0x14febfcabaf0>,56,25,[12  1],57,416,441,359,416
1,<environment.Job instance at 0x14febfcabb40>,57,26,[13  1],58,444,470,386,441
1,<environment.Job instance at 0x14febfcab280>,42,18,[ 2 14],43,488,506,445,488
1,<environment.Job instance at 0x14febfcabc30>,60,22,[14  2],61,506,528,445,500
1,<environment.Job instance at 0x14febfcab550>,50,17,[11  1],51,532,549,481,532
1,<environment.Job instance at 0x14febfcabd70>,58,13,[14  1],59,549,562,490,543
1,<environment.Job instance at 0x14febfcabf00>,63,28,[6 2],64,562,590,498,561
1,<environment.Job instance at 0x14febfcabfa0>,64,20,[12  1],65,590,610,525,584
1,<environment.Job instance at 0x14febfcad0f0>,65,21,[13  1],66,610,631,544,602
1,<environment.Job instance at 0x14febfcad190>,66,24,[6 2],67,631,655,564,626
1,<environment.Job instance at 0x14febfcad140>,67,26,[1 5],68,626,652,558,626
1,<environment.Job instance at 0x14febfcad320>,68,1,[2 6],69,631,632,562,630
1,<environment.Job instance at 0x14febfcabeb0>,62,3,[11  1],63,655,658,592,633
1,<environment.Job instance at 0x14febfcad3c0>,71,1,[13  2],72,660,661,588,660
1,<environment.Job instance at 0x14febfcad5a0>,72,28,[1 9],73,660,688,587,660
1,<environment.Job instance at 0x14febfcad500>,73,2,[8 2],74,663,665,589,663
1,<environment.Job instance at 0x14febfcad820>,75,21,[9 1],76,665,686,589,664
1,<environment.Job instance at 0x14febfcad9b0>,76,21,[12  1],77,686,707,609,678
1,<environment.Job instance at 0x14febfcadc30>,80,24,[ 2 10],81,705,729,624,705
1,<environment.Job instance at 0x14febfcadbe0>,81,20,[11  1],82,710,730,628,710
1,<environment.Job instance at 0x14febfcad410>,70,17,[ 2 12],71,759,776,688,759
1,<environment.Job instance at 0x14febfcadd20>,83,2,[7 1],84,767,769,683,767
1,<environment.Job instance at 0x14febfcabe60>,61,3,[12  2],62,771,774,709,771
1,<environment.Job instance at 0x14febfcadfa0>,84,13,[14  2],85,776,789,691,772
1,<environment.Job instance at 0x14febfcb0230>,87,25,[13  1],88,789,814,701,785
1,<environment.Job instance at 0x14febfcb0370>,89,23,[11  2],90,814,837,724,808
1,<environment.Job instance at 0x14febfcadf00>,86,1,[1 6],87,809,810,722,809
1,<environment.Job instance at 0x14febfcb0410>,92,21,[ 1 13],93,815,836,722,815
1,<environment.Job instance at 0x14febfcabcd0>,59,16,[ 1 11],60,839,855,779,839
1,<environment.Job instance at 0x14febfcade10>,82,15,[ 1 13],83,855,870,772,853
1,<environment.Job instance at 0x14febfcb05a0>,96,26,[10  2],97,854,880,757,854
1,<environment.Job instance at 0x14febfcb0870>,97,28,[14  1],98,880,908,782,879
1,<environment.Job instance at 0x14febfcb07d0>,99,25,[11  1],100,908,933,808,904
1,<environment.Job instance at 0x14febfcb06e0>,100,19,[2 7],101,908,927,807,904
1,<environment.Job instance at 0x14febfcb0730>,95,3,[ 2 13],96,927,930,831,911
1,<environment.Job instance at 0x14febfcb04b0>,91,1,[ 1 14],92,930,931,838,925
1,<environment.Job instance at 0x14febfcb0460>,94,16,[14  1],95,943,959,848,943
1,<environment.Job instance at 0x14febfcb0e10>,105,28,[11  2],106,959,987,853,958
1,<environment.Job instance at 0x14febfcb0fa0>,106,24,[ 2 13],107,959,983,852,958
1,<environment.Job instance at 0x14febfcb0d70>,101,2,[11  1],102,987,989,885,983
1,<environment.Job instance at 0x14febfcb20a0>,108,22,[5 2],109,989,1011,880,986
1,<environment.Job instance at 0x14febfcb2050>,109,23,[2 9],110,986,1009,876,986
1,<environment.Job instance at 0x14febfcb21e0>,110,19,[9 2],111,1009,1028,898,1002
1,<environment.Job instance at 0x14febfcb0dc0>,103,16,[11  2],104,1028,1044,924,1022
1,<environment.Job instance at 0x14febfcb2550>,112,28,[ 2 10],113,1022,1050,909,1022
1,<environment.Job instance at 0x14febfcb0e60>,104,2,[ 1 11],105,1050,1052,945,1038
1,<environment.Job instance at 0x14febfcb2780>,117,21,[13  1],118,1044,1065,926,1042
1,<environment.Job instance at 0x14febfcb2960>,122,28,[2 5],123,1054,1082,931,1054
1,<environment.Job instance at 0x14febfcb2a00>,123,27,[ 1 12],124,1082,1109,958,1080
1,<environment.Job instance at 0x14febfcb2aa0>,124,23,[ 1 13],125,1109,1132,984,1103
1,<environment.Job instance at 0x14febfcb2e10>,125,21,[11  2],126,1104,1125,978,1104
1,<environment.Job instance at 0x14febfcb5050>,129,27,[11  1],130,1125,1152,995,1123
1,<environment.Job instance at 0x14febfcb2230>,107,17,[ 2 12],108,1144,1161,1036,1144
1,<environment.Job instance at 0x14febfcb5410>,133,1,[12  1],134,1152,1153,1018,1149
1,<environment.Job instance at 0x14febfcb54b0>,134,12,[1 6],135,1161,1173,1026,1150
1,<environment.Job instance at 0x14febfcb2870>,119,3,[ 2 13],120,1182,1185,1062,1182
1,<environment.Job instance at 0x14febfcb55a0>,137,27,[ 2 10],138,1185,1212,1047,1184
1,<environment.Job instance at 0x14febfcb5870>,138,28,[ 2 14],139,1212,1240,1073,1211
1,<environment.Job instance at 0x14febfcb57d0>,140,27,[11  1],141,1212,1239,1071,1212
1,<environment.Job instance at 0x14febfc9d500>,144,28,[7 1],145,1239,1267,1094,1239
1,<environment.Job instance at 0x14febfc9d960>,145,3,[14  2],146,1267,1270,1121,1246
1,<environment.Job instance at 0x14febfcb26e0>,118,18,[ 2 12],119,1283,1301,1164,1283
1,<environment.Job instance at 0x14febfcb5460>,135,14,[ 1 13],136,1308,1322,1172,1308
1,<environment.Job instance at 0x14febfcb53c0>,132,14,[11  1],133,1576,1590,1443,1576
1,<environment.Job instance at 0x14febfca8c30>,40,15,[ 2 12],41,2000,2015,1959,2000
1,<environment.Job instance at 0x14febfc401e0>,1,22,[7 1],2,4,26,2,4
1,<environment.Job instance at 0x14ff0023faf0>,3,1,[11  2],4,26,27,22,4
1,<environment.Job instance at 0x14febfcab190>,4,25,[14  1],5,27,52,22,23
1,<environment.Job instance at 0x14ff0023f230>,6,21,[ 1 11],7,23,44,16,23
1,<environment.Job instance at 0x14ff0023f8c0>,10,24,[5 2],11,52,76,41,47
1,<environment.Job instance at 0x14ff0023f140>,14,24,[2 9],15,52,76,37,50
1,<environment.Job instance at 0x14ff0023f280>,13,15,[ 2 14],14,76,91,62,66
1,<environment.Job instance at 0x14ff0024df50>,24,3,[14  2],25,98,101,73,98
1,<environment.Job instance at 0x14ff0024d4b0>,25,20,[14  1],26,101,121,75,100
1,<environment.Job instance at 0x14ff0024db40>,26,3,[13  2],27,121,124,94,101
1,<environment.Job instance at 0x14ff0024d5a0>,28,23,[14  2],29,124,147,95,118
1,<environment.Job instance at 0x14ff0024da50>,29,1,[ 1 12],30,126,127,96,126
1,<environment.Job instance at 0x14ff0024d550>,30,24,[ 1 10],31,127,151,96,126
1,<environment.Job instance at 0x14ff0024d230>,32,24,[ 1 11],33,151,175,118,146
1,<environment.Job instance at 0x14ff0023ffa0>,8,2,[ 1 14],9,175,177,166,170
1,<environment.Job instance at 0x14ff0024dbe0>,33,28,[2 7],34,177,205,143,176
1,<environment.Job instance at 0x14ff0024d370>,35,1,[1 7],36,179,180,143,179
1,<environment.Job instance at 0x14ff0024d190>,36,2,[11  2],37,190,192,153,190
1,<environment.Job instance at 0x14ff0024d7d0>,37,24,[10  2],38,192,216,154,190
1,<environment.Job instance at 0x14ff0022e280>,39,19,[ 1 10],40,211,230,171,211
1,<environment.Job instance at 0x14ff0022e690>,40,25,[12  2],41,216,241,175,213
1,<environment.Job instance at 0x14ff0022ea50>,41,28,[ 1 12],42,230,258,188,229
1,<environment.Job instance at 0x14ff0022e050>,43,28,[ 2 10],44,258,286,214,257
1,<environment.Job instance at 0x14ff0022e1e0>,44,20,[10  2],45,257,277,212,257
1,<environment.Job instance at 0x14ff0022e5a0>,45,20,[11  2],46,277,297,231,268
1,<environment.Job instance at 0x14ff0022e5f0>,46,24,[5 1],47,297,321,250,292
1,<environment.Job instance at 0x14ff0022e960>,47,19,[1 7],48,294,313,246,294
1,<environment.Job instance at 0x14ff0022ec80>,49,21,[14  2],50,321,342,271,313
1,<environment.Job instance at 0x14ff002cf550>,50,20,[ 1 13],51,316,336,265,316
1,<environment.Job instance at 0x14ff0023f190>,18,14,[13  1],19,342,356,323,338
1,<environment.Job instance at 0x14ff002cf2d0>,53,27,[2 8],54,342,369,288,340
1,<environment.Job instance at 0x14ff0024d2d0>,21,3,[ 2 11],22,369,372,347,362
1,<environment.Job instance at 0x14ff0024d910>,34,18,[ 2 14],35,372,390,337,364
1,<environment.Job instance at 0x14ff002cfdc0>,55,2,[ 2 13],56,390,392,334,365
1,<environment.Job instance at 0x14ff002cf7d0>,56,1,[ 2 13],57,392,393,335,373
1,<environment.Job instance at 0x14febfca63c0>,61,27,[13  1],62,377,404,315,377
1,<environment.Job instance at 0x14ff002cf460>,57,16,[12  1],58,404,420,346,399
1,<environment.Job instance at 0x14ff0b365fa0>,62,19,[ 2 12],63,404,423,341,404
1,<environment.Job instance at 0x14ff00206f00>,68,25,[12  1],69,420,445,351,417
1,<environment.Job instance at 0x14ff002cfcd0>,52,16,[ 2 12],53,423,439,370,422
1,<environment.Job instance at 0x14ff002065f0>,73,24,[ 2 10],74,439,463,365,437
1,<environment.Job instance at 0x14ff00206a50>,74,25,[11  2],75,449,474,374,449
1,<environment.Job instance at 0x14ff00206140>,72,28,[ 1 12],73,463,491,390,462
1,<environment.Job instance at 0x14ff002cf6e0>,60,1,[14  2],61,480,481,419,480
1,<environment.Job instance at 0x14ff002064b0>,75,23,[ 1 14],76,491,514,415,485
1,<environment.Job instance at 0x14ff00209b90>,80,24,[ 2 12],81,514,538,433,509
1,<environment.Job instance at 0x14ff00209e10>,81,15,[11  2],82,514,529,432,511
1,<environment.Job instance at 0x14ff00209f00>,83,24,[11  1],84,529,553,445,526
1,<environment.Job instance at 0x14ff002095a0>,85,24,[2 7],86,538,562,452,533
1,<environment.Job instance at 0x14ff0819cdc0>,90,16,[ 1 14],91,574,590,483,574
1,<environment.Job instance at 0x14ff0c048c30>,91,24,[12  1],92,574,598,482,574
1,<environment.Job instance at 0x14ff00346aa0>,93,28,[ 2 12],94,590,618,496,589
1,<environment.Job instance at 0x14ff10567690>,89,3,[ 2 12],90,618,621,528,593
1,<environment.Job instance at 0x14ff0b19ebe0>,95,20,[ 1 12],96,621,641,525,613
1,<environment.Job instance at 0x14ff0f55b370>,97,23,[9 2],98,613,636,515,613
1,<environment.Job instance at 0x14ff0f54cb90>,99,17,[ 2 14],100,641,658,541,638
1,<environment.Job instance at 0x14ff0b167c30>,100,3,[2 8],101,658,661,557,644
1,<environment.Job instance at 0x14ff08120870>,101,28,[12  1],102,644,672,542,644
1,<environment.Job instance at 0x14ff08120b40>,102,2,[ 1 11],103,680,682,577,680
1,<environment.Job instance at 0x14ff0b2d4370>,105,22,[9 1],106,680,702,574,680
1,<environment.Job instance at 0x14ff0f531cd0>,107,27,[14  2],108,702,729,594,700
1,<environment.Job instance at 0x14ff00209f50>,77,12,[ 1 12],78,709,721,631,709
1,<environment.Job instance at 0x14ff0f531a00>,109,2,[ 1 13],110,721,723,611,721
1,<environment.Job instance at 0x14ff081b43c0>,110,18,[8 1],111,729,747,618,723
1,<environment.Job instance at 0x14ff081b48c0>,112,18,[ 1 11],113,749,767,636,749
1,<environment.Job instance at 0x14ff081b4780>,113,25,[10  1],114,749,774,635,749
1,<environment.Job instance at 0x14ff081b4c30>,114,24,[ 1 14],115,767,791,652,763
1,<environment.Job instance at 0x14ff081b4af0>,116,1,[14  1],117,795,796,678,795
1,<environment.Job instance at 0x14ff0b210780>,117,28,[6 1],118,796,824,678,795
1,<environment.Job instance at 0x14ff0b210b40>,118,20,[ 1 11],119,802,822,683,802
1,<environment.Job instance at 0x14ff0b210fa0>,119,27,[2 6],120,822,849,702,820
1,<environment.Job instance at 0x14ff0a845aa0>,120,26,[8 1],121,824,850,703,822
1,<environment.Job instance at 0x14ff0b2108c0>,121,12,[ 1 14],122,849,861,727,836
1,<environment.Job instance at 0x14ff0f55e8c0>,123,2,[2 9],124,861,863,737,847
1,<environment.Job instance at 0x14ff0f55eeb0>,124,21,[ 2 14],125,863,884,738,855
1,<environment.Job instance at 0x14ff0f55ea00>,125,22,[14  1],126,884,906,758,878
1,<environment.Job instance at 0x14ff0f55ea50>,127,26,[6 2],128,906,932,778,903
1,<environment.Job instance at 0x14ff0dee7230>,129,3,[1 5],130,907,910,777,907
1,<environment.Job instance at 0x14ff0dee7d20>,130,2,[7 1],131,908,910,777,908
1,<environment.Job instance at 0x14ff0dee7eb0>,132,22,[14  2],133,932,954,799,925
1,<environment.Job instance at 0x14ff0dee70f0>,133,3,[12  2],134,954,957,820,950
1,<environment.Job instance at 0x14ff0dee7c30>,134,27,[ 2 14],135,957,984,822,955
1,<environment.Job instance at 0x14ff0dee79b0>,136,17,[9 1],137,962,979,825,962
1,<environment.Job instance at 0x14ff0dee7820>,137,24,[12  2],138,984,1008,846,979
1,<environment.Job instance at 0x14ff0b190500>,138,24,[7 2],139,1008,1032,869,1003
1,<environment.Job instance at 0x14ff0028fd70>,139,2,[ 2 11],140,1004,1006,864,1004
1,<environment.Job instance at 0x14ff00139910>,140,27,[10  2],141,1032,1059,891,1030
1,<environment.Job instance at 0x14ff002d5870>,141,2,[ 1 13],142,1033,1035,891,1033
1,<environment.Job instance at 0x14ff002d5a00>,142,23,[11  2],143,1059,1082,916,1053
1,<environment.Job instance at 0x14ff002d50f0>,143,3,[ 1 12],144,1066,1069,922,1066
1,<environment.Job instance at 0x14ff002d5550>,144,22,[10  1],145,1082,1104,937,1075
1,<environment.Job instance at 0x14ff002d5aa0>,145,24,[ 2 14],146,1082,1106,936,1077
1,<environment.Job instance at 0x14ff11b32640>,147,2,[2 6],148,1080,1082,932,1080
1,<environment.Job instance at 0x14ff0b32d0a0>,148,19,[ 2 10],149,1107,1126,958,1107
1,<environment.Job instance at 0x14ff0b32d320>,149,28,[7 1],150,1108,1136,958,1108
1,<environment.Job instance at 0x14ff0b32d550>,150,21,[ 1 14],151,1126,1147,975,1125
1,<environment.Job instance at 0x14ff0b32d4b0>,151,1,[5 2],152,1147,1148,995,1138
1,<environment.Job instance at 0x14ff0b32d1e0>,152,26,[8 2],153,1147,1173,994,1144
1,<environment.Job instance at 0x14ff0b32da50>,153,22,[8 2],154,1173,1195,1019,1166
1,<environment.Job instance at 0x14ff0b32d280>,154,24,[ 1 10],171,1166,1190,995,1166
1,<environment.Job instance at 0x14ff0b32d6e0>,155,27,[8 2],177,1195,1222,1018,1193
1,<environment.Job instance at 0x14ff0b32d690>,156,3,[12  1],180,1222,1225,1042,1212
1,<environment.Job instance at 0x14ff0f531f50>,108,15,[ 1 12],109,1231,1246,1122,1231
1,<environment.Job instance at 0x14ff002066e0>,71,15,[ 1 14],72,1313,1328,1241,1313
1,<environment.Job instance at 0x14ff0b7f9c80>,96,12,[ 1 11],97,1328,1340,1231,1323
1,<environment.Job instance at 0x14ff0024d280>,23,13,[13  1],24,1343,1356,1319,1343
1,<environment.Job instance at 0x14ff0dee05f0>,1,28,[ 2 13],2,2,30,0,2
1,<environment.Job instance at 0x14ff0b200f00>,4,26,[ 2 14],5,30,56,25,27
1,<environment.Job instance at 0x14ff0b200cd0>,8,28,[6 1],9,29,57,20,29
1,<environment.Job instance at 0x14ff0b200be0>,9,25,[14  1],10,57,82,47,53
1,<environment.Job instance at 0x14ff0b928c80>,16,19,[2 8],17,82,101,65,77
1,<environment.Job instance at 0x14ff0b928eb0>,17,27,[8 2],18,82,109,64,81
1,<environment.Job instance at 0x14ff0b200730>,7,2,[11  2],8,109,111,101,98
1,<environment.Job instance at 0x14ff0b200370>,10,23,[14  1],11,111,134,100,105
1,<environment.Job instance at 0x14ff0b928d70>,21,2,[ 2 13],22,134,136,112,122
1,<environment.Job instance at 0x14ff0b200550>,6,18,[12  1],7,134,152,127,127
1,<environment.Job instance at 0x14ff0b928550>,19,2,[ 2 14],20,142,144,122,142
1,<environment.Job instance at 0x14ff0b928a50>,14,14,[14  1],15,152,166,137,151
1,<environment.Job instance at 0x14ff0b928e60>,30,24,[8 2],31,166,190,135,161
1,<environment.Job instance at 0x14ff0b928780>,31,19,[14  1],32,190,209,158,180
1,<environment.Job instance at 0x14ff0b9281e0>,32,26,[7 2],33,209,235,176,206
1,<environment.Job instance at 0x14ff09725190>,33,2,[ 1 12],34,217,219,183,217
1,<environment.Job instance at 0x14ff09725550>,34,18,[2 7],35,220,238,185,220
1,<environment.Job instance at 0x14ff0b928190>,28,18,[12  2],29,237,255,208,237
1,<environment.Job instance at 0x14ff09725910>,38,27,[12  1],39,255,282,216,253
1,<environment.Job instance at 0x14ff09725230>,40,26,[ 2 14],41,255,281,214,253
1,<environment.Job instance at 0x14ff09725140>,42,24,[14  1],43,282,306,239,278
1,<environment.Job instance at 0x14ff09725f50>,39,2,[ 1 14],40,297,299,257,297
1,<environment.Job instance at 0x14ff0b928be0>,26,17,[ 2 11],27,306,323,279,297
1,<environment.Job instance at 0x14ff09725f00>,44,1,[ 1 11],45,299,300,254,299
1,<environment.Job instance at 0x14ff11acb870>,49,25,[12  2],50,312,337,262,312
1,<environment.Job instance at 0x14ff11acb9b0>,50,23,[2 5],51,323,346,272,319
1,<environment.Job instance at 0x14ff11acb050>,51,18,[10  2],52,337,355,285,332
1,<environment.Job instance at 0x14ff0b131b90>,47,18,[13  2],48,355,373,307,344
1,<environment.Job instance at 0x14ff104f96e0>,55,24,[14  1],56,373,397,317,368
1,<environment.Job instance at 0x14ff104f9b40>,56,19,[ 2 11],57,397,416,340,394
1,<environment.Job instance at 0x14ff104f9af0>,57,24,[13  2],58,397,421,339,394
1,<environment.Job instance at 0x14ff0b8bcd20>,60,24,[5 2],61,421,445,360,418
1,<environment.Job instance at 0x14ff104f9820>,54,1,[13  1],55,445,446,390,432
1,<environment.Job instance at 0x14ff09725b40>,46,16,[11  1],47,446,462,399,442
1,<environment.Job instance at 0x14ff0b8bc190>,63,27,[ 2 11],64,442,469,378,442
1,<environment.Job instance at 0x14ff0b8bc1e0>,64,28,[12  1],65,463,491,398,463
1,<environment.Job instance at 0x14ff0b8bcb90>,67,20,[13  2],68,491,511,423,482
1,<environment.Job instance at 0x14ff0b8bcaa0>,66,2,[ 1 11],67,514,516,447,514
1,<environment.Job instance at 0x14ff0b8bcaf0>,73,1,[14  1],74,523,524,449,523
1,<environment.Job instance at 0x14ff12603c30>,74,23,[ 1 10],75,523,546,448,523
1,<environment.Job instance at 0x14ff126039b0>,76,25,[2 5],77,527,552,450,527
1,<environment.Job instance at 0x14ff11ae4140>,79,20,[ 1 11],80,552,572,472,544
1,<environment.Job instance at 0x14febffd0410>,81,1,[8 1],82,547,548,465,547
1,<environment.Job instance at 0x14ff0b9288c0>,22,15,[14  1],23,567,582,544,567
1,<environment.Job instance at 0x14ff0b8bcf50>,72,1,[ 2 13],73,582,583,509,569
1,<environment.Job instance at 0x14ff0b928050>,29,3,[ 1 13],30,572,575,542,572
1,<environment.Job instance at 0x14febffd04b0>,88,20,[ 2 14],89,583,603,494,574
1,<environment.Job instance at 0x14febffd0320>,89,3,[ 2 13],90,603,606,513,578
1,<environment.Job instance at 0x14febffd0280>,92,27,[ 1 11],93,606,633,513,604
1,<environment.Job instance at 0x14febffd0c80>,93,2,[ 1 13],94,633,635,539,609
1,<environment.Job instance at 0x14febffd0a50>,94,28,[2 7],95,635,663,540,634
1,<environment.Job instance at 0x14febffd06e0>,95,23,[1 7],96,635,658,539,634
1,<environment.Job instance at 0x14febffd0a00>,96,25,[2 5],97,658,683,561,654
1,<environment.Job instance at 0x14febffd0550>,97,25,[1 9],98,663,688,565,659
1,<environment.Job instance at 0x14febffd0460>,98,28,[14  1],99,683,711,584,682
1,<environment.Job instance at 0x14febffd0b90>,99,12,[1 7],100,688,700,588,683
1,<environment.Job instance at 0x14febffd0730>,85,3,[ 1 11],86,700,703,614,689
1,<environment.Job instance at 0x14ff0035f3c0>,102,13,[ 1 12],103,703,716,600,692
1,<environment.Job instance at 0x14ff0035f7d0>,103,2,[13  1],104,711,713,607,695
1,<environment.Job instance at 0x14ff0035fe10>,104,1,[ 2 13],105,716,717,611,709
1,<environment.Job instance at 0x14ff0035feb0>,108,23,[5 2],109,713,736,604,709
1,<environment.Job instance at 0x14ff0035f320>,109,23,[11  2],110,736,759,626,730
1,<environment.Job instance at 0x14ff0035fd20>,111,21,[ 1 13],112,742,763,630,742
1,<environment.Job instance at 0x14ff0035f2d0>,112,22,[11  2],113,759,781,646,752
1,<environment.Job instance at 0x14ff0035fa00>,107,3,[13  1],108,781,784,673,765
1,<environment.Job instance at 0x14ff0035f1e0>,114,23,[1 8],115,765,788,650,765
1,<environment.Job instance at 0x14ff0035f820>,113,3,[ 1 12],114,788,791,674,781
1,<environment.Job instance at 0x14ff0035fcd0>,115,20,[1 9],116,791,811,675,783
1,<environment.Job instance at 0x14ff0035f140>,116,28,[10  2],117,784,812,667,784
1,<environment.Job instance at 0x14ff0035faf0>,117,28,[ 1 10],118,811,839,693,810
1,<environment.Job instance at 0x14ff0b2d44b0>,119,17,[12  1],120,824,841,704,824
1,<environment.Job instance at 0x14ff0b2d4b90>,120,19,[11  2],121,841,860,720,833
1,<environment.Job instance at 0x14ff0b2d45f0>,121,28,[10  2],122,860,888,738,859
1,<environment.Job instance at 0x14ff0b2d4320>,123,1,[ 1 11],124,873,874,749,873
1,<environment.Job instance at 0x14ff0035f6e0>,118,12,[11  1],119,888,900,769,875
1,<environment.Job instance at 0x14febffd0fa0>,86,2,[ 1 14],87,888,890,801,886
1,<environment.Job instance at 0x14ff0a82de10>,126,21,[1 6],127,890,911,763,890
1,<environment.Job instance at 0x14ff0b2d4f50>,125,26,[10  2],126,900,926,774,898
1,<environment.Job instance at 0x14ff0a81b6e0>,127,25,[ 1 11],128,911,936,783,907
1,<environment.Job instance at 0x14ff0b1e5550>,131,25,[1 9],132,936,961,804,932
1,<environment.Job instance at 0x14ff0a81b4b0>,130,3,[ 1 12],131,961,964,830,935
1,<environment.Job instance at 0x14ff0b1e5aa0>,132,16,[13  1],133,939,955,806,939
1,<environment.Job instance at 0x14ff104f4d70>,136,2,[11  1],137,955,957,818,944
1,<environment.Job instance at 0x14ff0b391d20>,137,24,[14  1],138,957,981,819,952
1,<environment.Job instance at 0x14febffd0190>,90,1,[13  2],91,981,982,890,969
1,<environment.Job instance at 0x14ff0b3917d0>,135,1,[ 1 14],136,1007,1008,871,1007
1,<environment.Job instance at 0x14ff0b84c7d0>,139,16,[14  2],140,1031,1047,891,1031
1,<environment.Job instance at 0x14ff0b8bc500>,61,14,[ 2 12],62,1047,1061,985,1035
1,<environment.Job instance at 0x14ff0b2d3460>,142,18,[1 8],143,1061,1079,918,1055
1,<environment.Job instance at 0x14ff0b0b1aa0>,143,3,[ 2 13],144,1091,1094,947,1091
1,<environment.Job instance at 0x14ff0b2d3c80>,144,27,[11  1],145,1091,1118,946,1091
1,<environment.Job instance at 0x14ff0b2d38c0>,145,25,[2 6],146,1094,1119,948,1091
1,<environment.Job instance at 0x14ff0b2d3fa0>,146,19,[ 2 11],147,1119,1138,972,1112
1,<environment.Job instance at 0x14ff0b2d3f50>,147,12,[ 2 12],148,1138,1150,990,1138
1,<environment.Job instance at 0x14ff0b2d34b0>,148,24,[5 2],149,1138,1162,989,1138
1,<environment.Job instance at 0x14ff0b2d3690>,149,3,[5 1],150,1142,1145,992,1142
1,<environment.Job instance at 0x14ff0b2d4e60>,124,13,[ 1 11],125,1193,1206,1068,1193
1,<environment.Job instance at 0x14ff0b067b40>,150,14,[ 2 11],152,1206,1220,1054,1193
1,<environment.Job instance at 0x14ff0a836730>,152,23,[13  2],181,1193,1216,1012,1193
1,<environment.Job instance at 0x14ff0b83a0f0>,138,14,[11  2],139,1381,1395,1242,1381
1,<environment.Job instance at 0x14ff11ab52d0>,140,14,[ 1 13],141,1422,1436,1281,1422
1,<environment.Job instance at 0x14ff0b0b1640>,141,12,[ 1 13],142,1956,1968,1814,1956
1,<environment.Job instance at 0x14ff104f55f0>,0,27,[6 1],1,1,28,0,1
1,<environment.Job instance at 0x14ff104f57d0>,1,27,[1 7],2,2,29,0,2
1,<environment.Job instance at 0x14ff104f58c0>,2,22,[5 1],3,3,25,0,3
1,<environment.Job instance at 0x14ff104f51e0>,7,24,[1 6],8,8,32,0,8
1,<environment.Job instance at 0x14ff09750a50>,6,21,[6 2],7,28,49,21,21
1,<environment.Job instance at 0x14ff09750690>,16,26,[1 7],17,38,64,21,38
1,<environment.Job instance at 0x14ff097505a0>,17,22,[5 1],18,38,60,20,38
1,<environment.Job instance at 0x14ff09750f50>,15,21,[13  2],16,60,81,44,52
1,<environment.Job instance at 0x14ff0b0dd9b0>,20,22,[ 1 11],21,64,86,43,57
1,<environment.Job instance at 0x14ff09750730>,8,14,[12  2],9,81,95,72,80
1,<environment.Job instance at 0x14ff0b0dd3c0>,25,23,[ 2 13],26,87,110,61,87
1,<environment.Job instance at 0x14ff0b0dd410>,26,27,[ 1 14],27,110,137,83,108
1,<environment.Job instance at 0x14ff0b0dd910>,27,19,[7 1],28,108,127,80,108
1,<environment.Job instance at 0x14ff0b0dda00>,29,19,[12  1],30,127,146,97,125
1,<environment.Job instance at 0x14ff0b0ddaf0>,30,27,[ 1 10],31,137,164,106,135
1,<environment.Job instance at 0x14ff0b0dd640>,31,27,[2 5],32,148,175,116,148
1,<environment.Job instance at 0x14ff0b7abe60>,33,28,[2 8],34,171,199,137,171
1,<environment.Job instance at 0x14ff0b7ab1e0>,32,28,[ 1 12],33,199,227,166,198
1,<environment.Job instance at 0x14ff0b7ab410>,38,26,[ 1 11],39,227,253,188,224
1,<environment.Job instance at 0x14ff096c3d20>,39,28,[2 7],40,253,281,213,252
1,<environment.Job instance at 0x14ff096c3d70>,40,20,[2 5],41,255,275,214,255
1,<environment.Job instance at 0x14ff096c3be0>,41,28,[14  1],42,281,309,239,280
1,<environment.Job instance at 0x14ff096c30f0>,42,24,[11  1],43,309,333,266,304
1,<environment.Job instance at 0x14ff096c3aa0>,44,25,[ 1 14],45,307,332,262,307
1,<environment.Job instance at 0x14ff096c3230>,48,21,[12  1],49,333,354,284,325
1,<environment.Job instance at 0x14ff096c3320>,49,2,[14  1],50,372,374,322,372
1,<environment.Job instance at 0x14ff096c3140>,51,20,[12  1],52,374,394,322,372
1,<environment.Job instance at 0x14ff0bc25050>,53,20,[ 1 12],54,375,395,321,375
1,<environment.Job instance at 0x14ff0bc255f0>,55,17,[10  1],56,396,413,340,396
1,<environment.Job instance at 0x14ff0bc25730>,56,26,[12  1],57,413,439,356,410
1,<environment.Job instance at 0x14ff0bc253c0>,57,25,[ 2 14],58,410,435,352,410
1,<environment.Job instance at 0x14ff105060f0>,59,3,[ 2 14],60,435,438,375,425
1,<environment.Job instance at 0x14ff10506d70>,60,22,[ 2 10],61,438,460,377,431
1,<environment.Job instance at 0x14ff0b7ab730>,35,12,[ 2 12],36,460,472,424,448
1,<environment.Job instance at 0x14ff10506c30>,62,1,[ 1 12],63,472,473,409,454
1,<environment.Job instance at 0x14ff105064b0>,63,15,[13  2],64,457,472,393,457
1,<environment.Job instance at 0x14ff10506960>,66,28,[2 7],67,473,501,406,472
1,<environment.Job instance at 0x14ff105068c0>,67,27,[1 5],68,473,500,405,472
1,<environment.Job instance at 0x14ff0fb710f0>,70,28,[11  1],71,478,506,407,478
1,<environment.Job instance at 0x14ff0fb71a50>,71,2,[5 1],72,506,508,434,483
1,<environment.Job instance at 0x14ff0fb719b0>,72,21,[14  2],73,508,529,435,500
1,<environment.Job instance at 0x14ff10506be0>,64,20,[ 1 11],65,505,525,440,505
1,<environment.Job instance at 0x14ff0fb711e0>,74,21,[14  1],75,529,550,454,521
1,<environment.Job instance at 0x14ff0fb713c0>,77,2,[13  1],78,557,559,479,557
1,<environment.Job instance at 0x14ff0fb715f0>,79,26,[2 5],80,557,583,477,557
1,<environment.Job instance at 0x14ff0fb71910>,80,23,[13  2],81,559,582,478,557
1,<environment.Job instance at 0x14ff0b90c3c0>,82,22,[ 2 11],83,583,605,500,576
1,<environment.Job instance at 0x14ff0b90c230>,83,21,[ 1 13],84,605,626,521,597
1,<environment.Job instance at 0x14ff0b0dd780>,22,2,[ 1 14],23,626,628,603,601
1,<environment.Job instance at 0x14ff0b90ce60>,87,19,[ 2 13],88,628,647,540,625
1,<environment.Job instance at 0x14ff0b90c8c0>,90,1,[13  1],91,637,638,546,637
1,<environment.Job instance at 0x14ff0b90ccd0>,93,25,[ 1 12],94,647,672,553,643
1,<environment.Job instance at 0x14ff0b90ca50>,94,27,[5 2],95,645,672,550,645
1,<environment.Job instance at 0x14ff0fb717d0>,78,16,[ 2 11],79,672,688,593,666
1,<environment.Job instance at 0x14ff0b90cf00>,96,27,[ 2 12],97,688,715,591,686
1,<environment.Job instance at 0x14ff0b90c820>,97,27,[8 1],98,686,713,588,686
1,<environment.Job instance at 0x14ff0b90c7d0>,98,20,[ 2 12],99,715,735,616,710
1,<environment.Job instance at 0x14ff09224730>,99,20,[11  1],100,713,733,613,710
1,<environment.Job instance at 0x14ff09224460>,101,22,[13  2],102,733,755,631,726
1,<environment.Job instance at 0x14ff09224cd0>,102,1,[ 2 11],103,742,743,639,742
1,<environment.Job instance at 0x14ff0b90c690>,95,16,[12  1],96,755,771,659,747
1,<environment.Job instance at 0x14ff09224f00>,106,19,[ 2 13],107,755,774,648,755
1,<environment.Job instance at 0x14ff09224550>,109,2,[11  2],110,771,773,661,768
1,<environment.Job instance at 0x14ff0b0dd460>,24,12,[ 2 14],25,803,815,778,803
1,<environment.Job instance at 0x14ff09224190>,111,27,[13  2],112,815,842,703,814
1,<environment.Job instance at 0x14ff09224be0>,112,23,[7 2],113,842,865,729,836
1,<environment.Job instance at 0x14ff092247d0>,113,21,[ 2 13],114,836,857,722,836
1,<environment.Job instance at 0x14ff0bbd2a50>,114,19,[13  1],115,865,884,750,856
1,<environment.Job instance at 0x14ff0bbd2d20>,115,21,[ 2 10],116,857,878,741,856
1,<environment.Job instance at 0x14ff0bbd2e10>,116,25,[13  2],117,884,909,767,880
1,<environment.Job instance at 0x14ff09224d70>,110,17,[ 1 12],111,894,911,783,894
1,<environment.Job instance at 0x14ff0bbd2c30>,120,3,[ 1 11],121,911,914,790,909
1,<environment.Job instance at 0x14ff0bbd23c0>,117,1,[14  1],118,914,915,796,914
1,<environment.Job instance at 0x14ff0bbd2eb0>,122,3,[1 6],123,914,917,791,914
1,<environment.Job instance at 0x14ff0bbd2460>,124,23,[ 2 11],125,917,940,792,916
1,<environment.Job instance at 0x14ff09224910>,105,16,[11  2],106,956,972,850,956
1,<environment.Job instance at 0x14ff11eef500>,128,1,[13  2],129,972,973,843,962
1,<environment.Job instance at 0x14ff0fbc45a0>,131,19,[ 1 11],132,973,992,841,973
1,<environment.Job instance at 0x14ff09239e60>,133,24,[ 1 14],134,992,1016,858,987
1,<environment.Job instance at 0x14ff11eef7d0>,129,2,[ 1 11],130,1016,1018,886,1000
1,<environment.Job instance at 0x14ff0fbc4910>,135,19,[1 9],136,1018,1037,882,1014
1,<environment.Job instance at 0x14ff12522500>,136,25,[9 2],137,1016,1041,879,1014
1,<environment.Job instance at 0x14ff0bbd29b0>,121,3,[ 2 11],122,1037,1040,915,1015
1,<environment.Job instance at 0x14ff0fbc44b0>,134,18,[13  2],135,1041,1059,906,1035
1,<environment.Job instance at 0x14ff0fb740f0>,141,27,[11  2],142,1059,1086,917,1057
1,<environment.Job instance at 0x14ff0fb74730>,143,15,[2 9],144,1063,1078,919,1063
1,<environment.Job instance at 0x14ff11f029b0>,146,27,[14  2],147,1086,1113,939,1084
1,<environment.Job instance at 0x14ff10573d20>,149,28,[6 1],150,1113,1141,963,1112
1,<environment.Job instance at 0x14ff10573820>,150,22,[6 1],151,1118,1140,967,1118
1,<environment.Job instance at 0x14ff0b36bd70>,145,19,[13  1],146,1141,1160,995,1136
1,<environment.Job instance at 0x14ff11b48cd0>,154,28,[12  2],172,1160,1188,988,1159
1,<environment.Job instance at 0x14ff104f5a00>,5,12,[ 2 13],6,1224,1236,1218,1224
1,<environment.Job instance at 0x14ff001394b0>,153,13,[12  2],154,1261,1274,1107,1261
1,<environment.Job instance at 0x14ff0fbe0c80>,138,14,[11  1],139,1326,1340,1187,1326
1,<environment.Job instance at 0x14ff11b1b0a0>,0,25,[ 1 11],1,2,27,1,2
1,<environment.Job instance at 0x14ff0b08a230>,1,2,[ 1 10],2,27,29,25,5
1,<environment.Job instance at 0x14ff0bc09500>,3,2,[ 2 11],4,29,31,25,5
1,<environment.Job instance at 0x14febfd414b0>,7,26,[10  2],8,11,37,3,11
1,<environment.Job instance at 0x14ff09797780>,5,24,[1 7],6,31,55,25,30
1,<environment.Job instance at 0x14febfd506e0>,6,22,[ 2 12],7,55,77,48,48
1,<environment.Job instance at 0x14febff17640>,12,1,[11  2],13,73,74,60,73
1,<environment.Job instance at 0x14febff17af0>,13,2,[ 1 14],14,78,80,64,78
1,<environment.Job instance at 0x14febff17cd0>,15,18,[2 7],16,82,100,66,82
1,<environment.Job instance at 0x14febfd50c80>,2,2,[ 2 13],3,100,102,97,86
1,<environment.Job instance at 0x14febfce2550>,19,25,[ 2 14],20,102,127,82,98
1,<environment.Job instance at 0x14febfce2640>,22,23,[12  2],23,127,150,104,121
1,<environment.Job instance at 0x14febff171e0>,11,19,[ 1 11],12,127,146,115,122
1,<environment.Job instance at 0x14febfce2a00>,28,21,[6 2],29,150,171,121,143
1,<environment.Job instance at 0x14febfce2aa0>,29,27,[ 2 11],30,146,173,116,144
1,<environment.Job instance at 0x14febfce2be0>,30,20,[14  2],31,173,193,142,167
1,<environment.Job instance at 0x14febfce2b40>,31,26,[14  1],32,193,219,161,190
1,<environment.Job instance at 0x14febfce2c30>,32,16,[1 6],33,190,206,157,190
1,<environment.Job instance at 0x14febfce2d70>,33,25,[13  1],34,219,244,185,215
1,<environment.Job instance at 0x14febfce2820>,25,16,[ 2 14],26,219,235,193,215
1,<environment.Job instance at 0x14febfce2fa0>,37,27,[14  1],38,244,271,206,243
1,<environment.Job instance at 0x14febfd41230>,8,14,[ 2 14],9,271,285,262,260
1,<environment.Job instance at 0x14febfce2eb0>,35,1,[ 2 11],36,285,286,249,278
1,<environment.Job instance at 0x14febf99b460>,43,26,[ 1 12],44,286,312,242,283
1,<environment.Job instance at 0x14febfce2780>,24,3,[12  1],25,285,288,260,285
1,<environment.Job instance at 0x14febf99b500>,44,16,[12  2],45,292,308,247,292
1,<environment.Job instance at 0x14febf99b870>,49,2,[11  2],50,310,312,260,310
1,<environment.Job instance at 0x14febf99b230>,42,27,[ 1 12],43,312,339,269,310
1,<environment.Job instance at 0x14febf99baa0>,51,1,[ 2 11],52,339,340,287,328
1,<environment.Job instance at 0x14febf99b730>,50,2,[ 2 13],51,340,342,289,338
1,<environment.Job instance at 0x14febf99bbe0>,57,22,[ 2 14],58,342,364,284,338
1,<environment.Job instance at 0x14febf99bdc0>,55,22,[ 1 14],56,364,386,308,357
1,<environment.Job instance at 0x14febf99ba00>,61,26,[ 1 12],62,386,412,324,383
1,<environment.Job instance at 0x14febf99beb0>,60,23,[ 2 14],61,412,435,351,406
1,<environment.Job instance at 0x14febf99bd70>,56,3,[ 1 12],57,435,438,378,409
1,<environment.Job instance at 0x14ff081134b0>,66,27,[6 1],67,410,437,343,410
1,<environment.Job instance at 0x14ff08113460>,67,22,[6 2],68,435,457,367,428
1,<environment.Job instance at 0x14ff08113550>,69,25,[14  2],70,457,482,387,453
1,<environment.Job instance at 0x14ff08113730>,70,14,[9 2],71,482,496,411,468
1,<environment.Job instance at 0x14ff081135a0>,71,16,[2 6],72,482,498,410,479
1,<environment.Job instance at 0x14ff08113780>,72,20,[6 1],73,496,516,423,487
1,<environment.Job instance at 0x14ff081130f0>,62,19,[ 2 14],63,498,517,435,491
1,<environment.Job instance at 0x14ff08113a50>,76,26,[8 2],77,517,543,440,515
1,<environment.Job instance at 0x14ff08113af0>,77,26,[1 9],78,517,543,439,515
1,<environment.Job instance at 0x14ff08113e60>,80,27,[1 7],81,543,570,462,541
1,<environment.Job instance at 0x14ff08113f00>,82,1,[ 1 12],83,570,571,487,554
1,<environment.Job instance at 0x14febf99b3c0>,40,12,[11  1],41,557,569,516,557
1,<environment.Job instance at 0x14ff081352d0>,85,21,[10  2],86,569,590,483,562
1,<environment.Job instance at 0x14ff08135320>,84,1,[9 2],85,590,591,505,562
1,<environment.Job instance at 0x14ff081351e0>,87,26,[11  1],88,591,617,503,588
1,<environment.Job instance at 0x14ff08135640>,88,24,[ 1 13],89,589,613,500,589
1,<environment.Job instance at 0x14ff081355a0>,89,26,[ 1 10],90,613,639,523,610
1,<environment.Job instance at 0x14ff08135820>,90,2,[14  2],91,627,629,536,627
1,<environment.Job instance at 0x14ff081358c0>,91,26,[ 2 13],92,639,665,547,636
1,<environment.Job instance at 0x14ff08135960>,92,25,[9 1],93,636,661,543,636
1,<environment.Job instance at 0x14ff081353c0>,86,19,[ 2 14],87,666,685,579,666
1,<environment.Job instance at 0x14ff08135a00>,93,2,[13  1],94,667,669,573,667
1,<environment.Job instance at 0x14ff08135be0>,96,1,[12  2],97,685,686,588,678
1,<environment.Job instance at 0x14ff08135c80>,97,19,[ 1 13],98,689,708,591,689
1,<environment.Job instance at 0x14ff0b7c9640>,98,23,[ 1 14],99,708,731,609,702
1,<environment.Job instance at 0x14ff08135b40>,95,14,[12  1],96,709,723,613,709
1,<environment.Job instance at 0x14ff0812ddc0>,101,24,[1 9],102,731,755,629,726
1,<environment.Job instance at 0x14ff08113820>,75,3,[11  2],76,736,739,660,736
1,<environment.Job instance at 0x14ff08113500>,68,3,[ 1 13],69,755,758,686,750
1,<environment.Job instance at 0x14ff0812df50>,106,23,[9 1],107,751,774,644,751
1,<environment.Job instance at 0x14ff0b8dcaf0>,107,28,[13  1],108,774,802,666,773
1,<environment.Job instance at 0x14ff0812db90>,102,3,[ 2 12],103,784,787,681,784
1,<environment.Job instance at 0x14ff0b8cf0a0>,111,26,[ 2 11],112,787,813,675,784
1,<environment.Job instance at 0x14febfcd9460>,112,24,[ 2 11],113,813,837,700,808
1,<environment.Job instance at 0x14febfe79140>,113,24,[6 1],114,808,832,694,808
1,<environment.Job instance at 0x14febfcd9500>,110,20,[ 1 13],111,837,857,726,828
1,<environment.Job instance at 0x14ff096abbe0>,120,26,[8 2],121,841,867,720,841
1,<environment.Job instance at 0x14ff0b09d960>,114,16,[13  2],115,867,883,752,860
1,<environment.Job instance at 0x14ff099beeb0>,122,2,[ 2 12],123,871,873,748,871
1,<environment.Job instance at 0x14febf9a9140>,124,1,[ 2 10],125,873,874,748,871
1,<environment.Job instance at 0x14ff0fc30820>,125,1,[ 1 12],126,877,878,751,877
1,<environment.Job instance at 0x14ff0fbcd5f0>,126,1,[ 1 11],127,878,879,751,878
1,<environment.Job instance at 0x14febfa24050>,115,13,[12  1],116,892,905,776,892
1,<environment.Job instance at 0x14ff096bc3c0>,129,23,[ 1 13],130,892,915,762,892
1,<environment.Job instance at 0x14ff096bceb0>,128,3,[ 2 13],129,925,928,796,925
1,<environment.Job instance at 0x14ff0968cfa0>,131,28,[8 1],132,925,953,793,925
1,<environment.Job instance at 0x14ff0fc5bd20>,132,20,[1 9],133,928,948,795,925
1,<environment.Job instance at 0x14ff0f55b5a0>,133,25,[12  2],134,953,978,819,949
1,<environment.Job instance at 0x14ff096bf8c0>,123,1,[ 1 11],124,973,974,849,973
1,<environment.Job instance at 0x14ff11ab37d0>,136,28,[9 1],137,978,1006,841,977
1,<environment.Job instance at 0x14ff11ab3aa0>,135,16,[ 2 13],136,1020,1036,884,1020
1,<environment.Job instance at 0x14febfc2e730>,139,22,[ 1 10],140,1036,1058,896,1029
1,<environment.Job instance at 0x14febfc2e4b0>,140,26,[1 8],141,1058,1084,917,1055
1,<environment.Job instance at 0x14febfc2ee10>,141,1,[ 1 12],142,1084,1085,942,1058
1,<environment.Job instance at 0x14febfc2eeb0>,142,24,[13  2],143,1058,1082,915,1058
1,<environment.Job instance at 0x14febfc2e2d0>,144,24,[7 1],145,1082,1106,937,1077
1,<environment.Job instance at 0x14febfc2ecd0>,145,20,[8 1],146,1085,1105,939,1077
1,<environment.Job instance at 0x14febfc2eaf0>,147,28,[ 1 13],148,1105,1133,957,1104
1,<environment.Job instance at 0x14febfc2e7d0>,148,28,[ 2 12],149,1133,1161,984,1132
1,<environment.Job instance at 0x14ff002e0c30>,149,24,[11  1],150,1132,1156,982,1132
1,<environment.Job instance at 0x14ff11ab35f0>,137,14,[11  1],138,1156,1170,1018,1141
1,<environment.Job instance at 0x14ff0812da00>,99,14,[ 1 12],100,1218,1232,1118,1218
1,<environment.Job instance at 0x14febfc1ea50>,130,17,[ 2 12],131,1501,1518,1370,1501
1,<environment.Job instance at 0x14ff097976e0>,4,13,[ 2 14],5,1906,1919,1901,1906
1,<environment.Job instance at 0x14ff09701a00>,0,22,[ 2 12],1,1,23,0,1
1,<environment.Job instance at 0x14ff097978c0>,1,27,[ 2 14],2,23,50,21,21
1,<environment.Job instance at 0x14ff11b4a730>,5,18,[13  1],6,21,39,15,21
1,<environment.Job instance at 0x14ff104cfdc0>,6,1,[14  2],7,50,51,43,37
1,<environment.Job instance at 0x14ff0b7cd9b0>,8,24,[ 1 14],9,51,75,42,46
1,<environment.Job instance at 0x14ff104cfb90>,4,19,[ 1 13],5,75,94,70,67
1,<environment.Job instance at 0x14ff0b7cd640>,9,25,[11  2],10,75,100,65,71
1,<environment.Job instance at 0x14ff0b7cdaf0>,11,23,[13  2],12,100,123,88,94
1,<environment.Job instance at 0x14ff097976e0>,2,12,[ 2 11],3,102,114,99,102
1,<environment.Job instance at 0x14ff09780d70>,7,19,[14  1],8,123,142,115,118
1,<environment.Job instance at 0x14ff11b61af0>,13,3,[ 2 12],14,142,145,128,122
1,<environment.Job instance at 0x14ff11b61b90>,17,24,[2 7],18,145,169,127,140
1,<environment.Job instance at 0x14ff11b61e60>,18,20,[ 2 13],19,169,189,150,164
1,<environment.Job instance at 0x14ff11b61d20>,16,16,[11  2],17,170,186,153,170
1,<environment.Job instance at 0x14ff0b7cdcd0>,10,16,[13  1],11,186,202,175,174
1,<environment.Job instance at 0x14ff001ca690>,22,27,[2 9],23,193,220,170,193
1,<environment.Job instance at 0x14ff001ca3c0>,21,18,[13  2],22,202,220,180,194
1,<environment.Job instance at 0x14ff11b615a0>,12,2,[ 2 14],13,220,222,207,201
1,<environment.Job instance at 0x14ff001cad70>,25,26,[2 8],26,222,248,196,221
1,<environment.Job instance at 0x14ff001cafa0>,26,23,[2 8],27,248,271,221,245
1,<environment.Job instance at 0x14febfcad190>,28,21,[14  2],29,271,292,242,267
1,<environment.Job instance at 0x14ff001ca140>,24,28,[ 1 11],25,271,299,246,270
1,<environment.Job instance at 0x14ff11b61aa0>,19,12,[ 2 14],20,299,311,279,289
1,<environment.Job instance at 0x14ff001ca5f0>,31,28,[ 2 13],32,311,339,279,310
1,<environment.Job instance at 0x14ff11b3b370>,33,23,[5 1],34,310,333,276,310
1,<environment.Job instance at 0x14febfd20550>,35,15,[9 2],36,333,348,297,328
1,<environment.Job instance at 0x14febfd20b90>,36,21,[ 2 11],37,339,360,302,332
1,<environment.Job instance at 0x14ff1053ca50>,37,26,[2 6],38,360,386,322,357
1,<environment.Job instance at 0x14ff0b2e51e0>,29,20,[12  1],30,364,384,334,364
1,<environment.Job instance at 0x14ff0b1930a0>,40,23,[13  2],41,384,407,343,379
1,<environment.Job instance at 0x14ff1053caf0>,38,17,[13  2],39,407,424,368,404
1,<environment.Job instance at 0x14ff0fb98730>,45,26,[5 2],46,424,450,378,422
1,<environment.Job instance at 0x14ff0fb985a0>,46,23,[2 8],47,422,445,375,422
1,<environment.Job instance at 0x14ff0def7a00>,48,23,[8 1],49,424,447,375,422
1,<environment.Job instance at 0x14febff223c0>,50,17,[14  1],51,450,467,399,449
1,<environment.Job instance at 0x14ff0def78c0>,51,21,[14  1],52,467,488,415,459
1,<environment.Job instance at 0x14ff0b193fa0>,44,17,[ 1 12],45,478,495,433,478
1,<environment.Job instance at 0x14ff196bf7d0>,30,3,[11  1],31,488,491,457,484
1,<environment.Job instance at 0x14ff105755f0>,53,20,[12  1],54,491,511,437,488
1,<environment.Job instance at 0x14ff00071f50>,56,28,[13  2],57,511,539,454,510
1,<environment.Job instance at 0x14ff0b8d8dc0>,59,19,[ 2 11],60,515,534,455,515
1,<environment.Job instance at 0x14ff0b8d8910>,60,20,[ 1 12],61,534,554,473,533
1,<environment.Job instance at 0x14ff0b8d8c30>,61,28,[ 2 11],62,554,582,492,553
1,<environment.Job instance at 0x14ff0b8d8cd0>,62,1,[12  1],63,553,554,490,553
1,<environment.Job instance at 0x14ff0b8d8e60>,63,28,[6 2],64,554,582,490,554
1,<environment.Job instance at 0x14ff0b1bfeb0>,64,25,[5 1],65,556,581,491,556
1,<environment.Job instance at 0x14ff001ca960>,23,19,[ 2 11],24,582,601,558,581
1,<environment.Job instance at 0x14ff0b1bfaf0>,65,2,[12  1],66,582,584,516,581
1,<environment.Job instance at 0x14ff0b1bf690>,68,14,[11  2],69,618,632,549,618
1,<environment.Job instance at 0x14ff10575320>,52,17,[ 2 14],53,632,649,579,620
1,<environment.Job instance at 0x14ff081405a0>,71,3,[ 2 13],72,649,652,577,648
1,<environment.Job instance at 0x14ff08140fa0>,73,19,[ 2 14],74,652,671,578,648
1,<environment.Job instance at 0x14ff08140050>,74,19,[14  1],75,671,690,596,662
1,<environment.Job instance at 0x14ff08140960>,75,24,[11  2],76,690,714,614,685
1,<environment.Job instance at 0x14ff08140eb0>,76,20,[8 1],77,714,734,637,705
1,<environment.Job instance at 0x14ff0b07f140>,58,15,[11  2],59,734,749,675,730
1,<environment.Job instance at 0x14ff081403c0>,77,13,[14  2],78,749,762,671,738
1,<environment.Job instance at 0x14ff08140820>,79,24,[8 2],80,762,786,682,757
1,<environment.Job instance at 0x14ff08140d70>,80,16,[2 6],81,762,778,681,757
1,<environment.Job instance at 0x14ff08140aa0>,81,15,[5 1],82,762,777,680,757
1,<environment.Job instance at 0x14ff08140870>,82,26,[13  1],83,786,812,703,783
1,<environment.Job instance at 0x14ff08140410>,83,24,[ 2 14],84,786,810,702,784
1,<environment.Job instance at 0x14ff0f5482d0>,85,1,[ 2 14],86,810,811,724,809
1,<environment.Job instance at 0x14ff0f5489b0>,86,25,[ 1 14],87,811,836,724,809
1,<environment.Job instance at 0x14ff08140b90>,78,2,[ 2 14],79,836,838,757,813
1,<environment.Job instance at 0x14ff0976a9b0>,88,26,[10  1],89,814,840,725,814
1,<environment.Job instance at 0x14ff0976ad70>,90,23,[9 2],91,840,863,749,834
1,<environment.Job instance at 0x14ff0976a640>,92,24,[11  1],93,863,887,770,858
1,<environment.Job instance at 0x14ff0976a3c0>,93,20,[ 2 10],94,864,884,770,864
1,<environment.Job instance at 0x14ff0976afa0>,95,17,[ 1 14],96,888,905,792,888
1,<environment.Job instance at 0x14ff08140320>,72,1,[11  1],73,902,903,829,902
1,<environment.Job instance at 0x14ff10633910>,99,23,[8 2],100,905,928,805,905
1,<environment.Job instance at 0x14ff106330a0>,100,24,[1 6],101,905,929,804,905
1,<environment.Job instance at 0x14ff003a1690>,103,3,[ 1 11],104,933,936,829,933
1,<environment.Job instance at 0x14ff003a1e60>,104,22,[2 6],105,936,958,831,933
1,<environment.Job instance at 0x14ff10633d70>,98,2,[ 2 14],99,958,960,859,934
1,<environment.Job instance at 0x14ff003a17d0>,106,1,[ 2 14],107,984,985,877,984
1,<environment.Job instance at 0x14ff003a1aa0>,108,24,[ 1 12],109,986,1010,877,986
1,<environment.Job instance at 0x14ff003a15a0>,109,17,[14  2],110,991,1008,881,991
1,<environment.Job instance at 0x14ff003a1a50>,111,22,[ 2 12],112,1010,1032,898,1006
1,<environment.Job instance at 0x14ff003a1640>,105,3,[14  1],106,1032,1035,926,1020
1,<environment.Job instance at 0x14ff11acbc30>,116,3,[7 1],117,1035,1038,918,1030
1,<environment.Job instance at 0x14ff11acb280>,117,20,[5 1],118,1035,1055,917,1030
1,<environment.Job instance at 0x14febfdfa730>,118,26,[9 1],119,1038,1064,919,1035
1,<environment.Job instance at 0x14febff17910>,119,25,[6 1],120,1055,1080,935,1051
1,<environment.Job instance at 0x14ff11b1b6e0>,120,23,[8 2],121,1064,1087,943,1060
1,<environment.Job instance at 0x14ff0bbe1410>,121,27,[1 6],122,1064,1091,942,1063
1,<environment.Job instance at 0x14ff0bbe1dc0>,122,14,[ 2 12],123,1091,1105,968,1083
1,<environment.Job instance at 0x14ff0b85f730>,123,3,[12  2],124,1100,1103,976,1100
1,<environment.Job instance at 0x14ff11b4b500>,124,21,[6 1],125,1103,1124,978,1102
1,<environment.Job instance at 0x14ff11b4b0f0>,125,27,[12  2],126,1124,1151,998,1122
1,<environment.Job instance at 0x14ff11aa65a0>,126,23,[ 1 13],127,1123,1146,996,1123
1,<environment.Job instance at 0x14ff0fbb1820>,128,26,[7 2],129,1151,1177,1022,1148
1,<environment.Job instance at 0x14ff0b816cd0>,130,1,[ 2 12],131,1164,1165,1033,1164
1,<environment.Job instance at 0x14ff0b816b40>,132,27,[13  1],133,1177,1204,1044,1175
1,<environment.Job instance at 0x14ff0b8169b0>,133,17,[ 2 12],134,1202,1219,1068,1202
1,<environment.Job instance at 0x14ff11acb230>,113,3,[11  2],114,1228,1231,1114,1228
1,<environment.Job instance at 0x14ff08293d70>,137,21,[13  2],138,1232,1253,1094,1232
1,<environment.Job instance at 0x14ff0979f960>,140,21,[ 1 11],171,1249,1270,1078,1249
1,<environment.Job instance at 0x14ff11ae42d0>,141,27,[8 1],175,1253,1280,1078,1251
1,<environment.Job instance at 0x14ff0976a0f0>,94,13,[ 2 12],95,1274,1287,1179,1274
1,<environment.Job instance at 0x14ff0b1bf5f0>,66,17,[ 1 12],67,1620,1637,1553,1620
1,<environment.Job instance at 0x14ff096d2960>,3,12,[ 1 12],4,1637,1649,1633,1632
1,<environment.Job instance at 0x14ff08293280>,136,15,[ 2 12],137,1704,1719,1567,1704
1,<environment.Job instance at 0x14ff080cee10>,3,24,[ 1 14],4,4,28,0,4
1,<environment.Job instance at 0x14ff080ce730>,8,3,[ 2 13],9,28,31,19,9
1,<environment.Job instance at 0x14ff080ce0a0>,10,3,[11  1],11,15,18,4,15
1,<environment.Job instance at 0x14ff080ce2d0>,12,25,[14  2],13,31,56,18,27
1,<environment.Job instance at 0x14ff0b0f8a00>,13,22,[7 1],14,56,78,42,50
1,<environment.Job instance at 0x14ff0b0f8f50>,14,23,[ 2 13],15,56,79,41,50
1,<environment.Job instance at 0x14ff0b0f8c30>,15,27,[12  1],16,78,105,62,76
1,<environment.Job instance at 0x14ff080cef00>,9,20,[ 1 11],10,93,113,83,93
1,<environment.Job instance at 0x14ff0b0f85a0>,16,26,[6 1],17,105,131,88,102
1,<environment.Job instance at 0x14ff0b0f8aa0>,18,26,[ 1 11],19,113,139,94,110
1,<environment.Job instance at 0x14ff0b0f8640>,21,24,[ 2 11],22,139,163,117,135
1,<environment.Job instance at 0x14ff0b0f8410>,23,25,[12  2],24,146,171,122,146
1,<environment.Job instance at 0x14ff0b0f80a0>,19,23,[ 1 13],20,163,186,143,158
1,<environment.Job instance at 0x14ff0b0f8af0>,29,22,[12  1],30,171,193,141,169
1,<environment.Job instance at 0x14ff0b0f8960>,30,24,[ 1 14],31,186,210,155,182
1,<environment.Job instance at 0x14ff0b0f8eb0>,28,23,[6 2],29,210,233,181,206
1,<environment.Job instance at 0x14ff080ced70>,11,19,[ 2 13],12,210,229,198,208
1,<environment.Job instance at 0x14ff0b0f80f0>,33,20,[14  2],34,233,253,199,225
1,<environment.Job instance at 0x14ff0b0f8190>,34,22,[10  2],35,253,275,218,247
1,<environment.Job instance at 0x14ff097895a0>,35,22,[ 1 13],36,248,270,212,248
1,<environment.Job instance at 0x14ff0b0f8d20>,32,19,[13  2],33,275,294,242,267
1,<environment.Job instance at 0x14ff097899b0>,38,13,[12  1],39,294,307,255,281
1,<environment.Job instance at 0x14ff09789050>,40,27,[7 2],41,307,334,266,305
1,<environment.Job instance at 0x14ff0b0f8fa0>,31,14,[ 1 11],32,317,331,285,317
1,<environment.Job instance at 0x14ff09789e60>,42,16,[12  2],43,334,350,291,329
1,<environment.Job instance at 0x14ff09789410>,43,23,[2 8],44,331,354,287,329
1,<environment.Job instance at 0x14ff097892d0>,44,2,[ 1 14],45,354,356,309,350
1,<environment.Job instance at 0x14ff09789c80>,45,2,[ 2 13],46,356,358,310,350
1,<environment.Job instance at 0x14ff09789b40>,47,21,[13  1],48,351,372,303,351
1,<environment.Job instance at 0x14ff080ce910>,0,16,[ 1 13],1,372,388,371,372
1,<environment.Job instance at 0x14ff09789a00>,49,26,[ 2 13],50,388,414,338,385
1,<environment.Job instance at 0x14ff097894b0>,50,20,[9 1],51,385,405,334,385
1,<environment.Job instance at 0x14ff09789910>,51,26,[2 9],52,414,440,362,411
1,<environment.Job instance at 0x14ff09789be0>,41,16,[14  2],42,462,478,420,462
1,<environment.Job instance at 0x14ff09789230>,53,2,[ 2 12],54,478,480,424,475
1,<environment.Job instance at 0x14ff097896e0>,54,2,[12  2],55,478,480,423,476
1,<environment.Job instance at 0x14ff09789f00>,55,23,[1 7],56,480,503,424,476
1,<environment.Job instance at 0x14ff0bc2e6e0>,58,26,[8 1],59,481,507,422,481
1,<environment.Job instance at 0x14ff09789690>,37,12,[ 2 11],38,503,515,465,489
1,<environment.Job instance at 0x14ff0bc2e910>,61,1,[11  2],62,507,508,445,494
1,<environment.Job instance at 0x14ff09789190>,48,12,[ 1 12],49,515,527,466,510
1,<environment.Job instance at 0x14ff0bc2e3c0>,63,2,[12  1],64,521,523,457,521
1,<environment.Job instance at 0x14ff0bc2e640>,60,2,[ 2 12],61,527,529,466,523
1,<environment.Job instance at 0x14ff0bc2e780>,64,17,[ 2 13],65,529,546,464,529
1,<environment.Job instance at 0x14ff0bc2edc0>,66,23,[13  1],67,529,552,462,529
1,<environment.Job instance at 0x14ff0bc2e870>,67,25,[ 2 14],68,546,571,478,542
1,<environment.Job instance at 0x14ff0bc2eb90>,68,27,[ 2 14],69,571,598,502,569
1,<environment.Job instance at 0x14ff0bc2ec80>,71,22,[1 8],72,598,620,526,591
1,<environment.Job instance at 0x14ff0fbc40f0>,73,23,[1 9],74,620,643,546,614
1,<environment.Job instance at 0x14ff0fbc4730>,74,3,[2 8],75,643,646,568,618
1,<environment.Job instance at 0x14ff0fbc4820>,75,1,[9 1],76,623,624,547,623
1,<environment.Job instance at 0x14ff10630b40>,76,24,[ 2 13],77,646,670,569,641
1,<environment.Job instance at 0x14ff0bc2ea00>,65,3,[11  2],66,680,683,614,680
1,<environment.Job instance at 0x14ff106306e0>,77,12,[13  2],78,683,695,605,681
1,<environment.Job instance at 0x14ff10630960>,79,25,[ 2 11],80,682,707,602,682
1,<environment.Job instance at 0x14ff10630e60>,80,2,[ 1 11],81,707,709,626,694
1,<environment.Job instance at 0x14ff09789870>,52,13,[ 2 12],53,714,727,661,714
1,<environment.Job instance at 0x14ff10630910>,82,27,[14  1],83,727,754,644,725
1,<environment.Job instance at 0x14ff10630500>,81,2,[ 1 12],82,738,740,656,738
1,<environment.Job instance at 0x14ff10630be0>,78,2,[ 1 11],79,747,749,668,747
1,<environment.Job instance at 0x14ff106303c0>,87,17,[7 2],88,754,771,666,753
1,<environment.Job instance at 0x14ff10630d70>,88,2,[ 2 13],89,754,756,665,753
1,<environment.Job instance at 0x14ff106304b0>,83,1,[ 1 14],84,771,772,687,760
1,<environment.Job instance at 0x14ff0b083cd0>,92,24,[ 2 10],93,772,796,679,767
1,<environment.Job instance at 0x14ff002a4a50>,94,24,[1 9],95,796,820,701,791
1,<environment.Job instance at 0x14ff104f3f50>,95,22,[6 1],96,792,814,696,792
1,<environment.Job instance at 0x14ff104f36e0>,97,26,[ 2 14],98,820,846,722,817
1,<environment.Job instance at 0x14ff0f5315a0>,90,17,[12  1],91,827,844,736,827
1,<environment.Job instance at 0x14ff104f38c0>,100,24,[2 8],101,846,870,745,841
1,<environment.Job instance at 0x14ff0b193320>,104,24,[14  2],105,870,894,765,865
1,<environment.Job instance at 0x14febf8eaaa0>,106,14,[9 2],107,894,908,787,884
1,<environment.Job instance at 0x14ff0b193c80>,107,16,[2 5],108,894,910,786,886
1,<environment.Job instance at 0x14febfc93550>,109,15,[10  1],110,908,923,798,897
1,<environment.Job instance at 0x14ff0b3317d0>,110,27,[ 2 13],111,910,937,799,908
1,<environment.Job instance at 0x14febf90ac80>,112,16,[13  2],113,934,950,821,934
1,<environment.Job instance at 0x14ff0b249460>,113,27,[ 2 13],114,937,964,823,935
1,<environment.Job instance at 0x14ff0b232be0>,114,20,[14  1],115,964,984,849,955
1,<environment.Job instance at 0x14febfbb4500>,115,25,[ 1 12],116,964,989,848,960
1,<environment.Job instance at 0x14ff10531aa0>,103,18,[ 2 12],104,989,1007,885,981
1,<environment.Job instance at 0x14ff082becd0>,116,14,[13  1],117,994,1008,877,994
1,<environment.Job instance at 0x14ff00212f50>,118,24,[ 1 10],119,1007,1031,888,1002
1,<environment.Job instance at 0x14ff00212280>,119,20,[12  1],120,1008,1028,888,1003
1,<environment.Job instance at 0x14ff00212f00>,120,21,[ 1 12],121,1031,1052,910,1028
1,<environment.Job instance at 0x14ff002126e0>,121,21,[14  1],122,1028,1049,906,1028
1,<environment.Job instance at 0x14febfdbbc30>,122,22,[ 1 12],123,1052,1074,929,1046
1,<environment.Job instance at 0x14febfdbbaa0>,123,2,[1 7],124,1074,1076,950,1060
1,<environment.Job instance at 0x14ff0fb98370>,124,23,[ 2 12],125,1076,1099,951,1070
1,<environment.Job instance at 0x14ff08057050>,126,25,[ 1 11],127,1099,1124,972,1096
1,<environment.Job instance at 0x14ff0b962d70>,127,26,[8 1],128,1096,1122,968,1096
1,<environment.Job instance at 0x14febfde2eb0>,117,3,[ 2 13],118,1124,1127,1006,1121
1,<environment.Job instance at 0x14ff0fc12870>,130,24,[ 2 12],131,1127,1151,996,1122
1,<environment.Job instance at 0x14ff003a1640>,91,2,[11  2],92,1125,1127,1033,1125
1,<environment.Job instance at 0x14febf875870>,132,26,[9 1],133,1127,1153,994,1125
1,<environment.Job instance at 0x14ff080578c0>,129,20,[ 1 12],130,1151,1171,1021,1143
1,<environment.Job instance at 0x14ff0a815780>,135,25,[12  1],136,1153,1178,1017,1149
1,<environment.Job instance at 0x14ff0a815190>,136,22,[ 2 11],137,1171,1193,1034,1166
1,<environment.Job instance at 0x14ff0a815460>,138,28,[ 1 14],139,1193,1221,1054,1192
1,<environment.Job instance at 0x14ff0a8155a0>,143,27,[6 1],147,1205,1232,1058,1205
1,<environment.Job instance at 0x14ff0a815be0>,144,28,[12  1],148,1232,1260,1084,1231
1,<environment.Job instance at 0x14febfe0a0f0>,131,1,[ 2 14],132,1248,1249,1116,1248
1,<environment.Job instance at 0x14ff003709b0>,145,20,[13  2],149,1260,1280,1111,1251
1,<environment.Job instance at 0x14ff0a815870>,139,2,[ 2 13],140,1259,1261,1119,1259
1,<environment.Job instance at 0x14febf999190>,148,1,[11  1],168,1280,1281,1112,1268
1,<environment.Job instance at 0x14febf999280>,151,21,[2 5],183,1268,1289,1085,1268
1,<environment.Job instance at 0x14ff080ce190>,6,1,[ 1 12],7,1289,1290,1282,1276
1,<environment.Job instance at 0x14febf999cd0>,146,18,[ 1 12],159,1290,1308,1131,1288
1,<environment.Job instance at 0x14febf9996e0>,150,15,[14  1],170,1311,1326,1141,1311
1,<environment.Job instance at 0x14ff0bc2efa0>,62,13,[ 2 14],63,1595,1608,1532,1595
1,<environment.Job instance at 0x14febfd9be60>,2,24,[8 2],3,3,27,0,3
1,<environment.Job instance at 0x14febfd9b3c0>,3,22,[ 2 13],4,4,26,0,4
1,<environment.Job instance at 0x14febfd9beb0>,4,26,[ 2 11],5,26,52,21,24
1,<environment.Job instance at 0x14febfd9b230>,0,15,[14  1],1,52,67,51,48
1,<environment.Job instance at 0x14ff080ddb90>,9,18,[13  1],10,68,86,58,68
1,<environment.Job instance at 0x14ff080dd4b0>,11,26,[2 9],12,68,94,56,68
1,<environment.Job instance at 0x14febf9c58c0>,13,24,[2 5],14,86,110,72,82
1,<environment.Job instance at 0x14febf9c5690>,14,21,[5 2],15,94,115,79,87
1,<environment.Job instance at 0x14ff080dd9b0>,7,19,[ 2 13],8,114,133,106,114
1,<environment.Job instance at 0x14febf9c55f0>,17,21,[12  1],18,127,148,109,127
1,<environment.Job instance at 0x14febf9c51e0>,18,24,[ 1 14],19,133,157,114,130
1,<environment.Job instance at 0x14febf9c5870>,15,14,[ 2 14],16,157,171,141,148
1,<environment.Job instance at 0x14febfcef8c0>,20,3,[ 1 13],21,171,174,150,171
1,<environment.Job instance at 0x14febfcef3c0>,22,28,[12  1],23,171,199,148,171
1,<environment.Job instance at 0x14febfb8aa00>,23,22,[ 2 12],24,174,196,150,171
1,<environment.Job instance at 0x14febfd9b050>,1,3,[14  1],2,200,203,198,200
1,<environment.Job instance at 0x14ff0006da00>,27,26,[14  2],28,203,229,175,200
1,<environment.Job instance at 0x14ff080ddcd0>,10,3,[ 2 12],11,229,232,218,223
1,<environment.Job instance at 0x14ff0b935190>,32,26,[7 2],33,230,256,197,230
1,<environment.Job instance at 0x14ff001cdf50>,34,25,[ 1 11],35,232,257,197,231
1,<environment.Job instance at 0x14febfcef870>,21,14,[ 2 14],22,257,271,235,244
1,<environment.Job instance at 0x14ff080dde10>,6,13,[13  2],7,271,284,264,261
1,<environment.Job instance at 0x14ff0b9351e0>,36,21,[ 2 14],37,284,305,247,278
1,<environment.Job instance at 0x14febfcb2050>,42,23,[ 1 13],43,305,328,262,300
1,<environment.Job instance at 0x14febfc85320>,43,26,[5 2],44,305,331,261,304
1,<environment.Job instance at 0x14febfc409b0>,40,26,[ 2 14],41,331,357,290,329
1,<environment.Job instance at 0x14febfdb3870>,45,22,[1 8],46,357,379,311,352
1,<environment.Job instance at 0x14febfcb2b40>,44,28,[11  2],45,357,385,312,356
1,<environment.Job instance at 0x14ff0fbe7eb0>,26,12,[13  1],27,385,397,358,375
1,<environment.Job instance at 0x14febff94320>,51,25,[ 2 10],52,379,404,327,377
1,<environment.Job instance at 0x14febfcd7870>,49,25,[10  2],50,397,422,347,393
1,<environment.Job instance at 0x14febff94a50>,57,19,[ 2 13],58,407,426,349,407
1,<environment.Job instance at 0x14ff0b0bc190>,28,16,[ 1 13],29,426,442,397,420
1,<environment.Job instance at 0x14febff94b90>,59,25,[ 2 14],60,442,467,382,438
1,<environment.Job instance at 0x14ff00187500>,61,19,[1 7],62,467,486,405,463
1,<environment.Job instance at 0x14febfcd7e10>,50,3,[14  1],51,467,470,416,464
1,<environment.Job instance at 0x14ff00187690>,63,28,[2 8],64,470,498,406,469
1,<environment.Job instance at 0x14ff001877d0>,66,22,[ 1 13],67,498,520,431,493
1,<environment.Job instance at 0x14febfc850a0>,46,20,[ 1 13],47,521,541,474,521
1,<environment.Job instance at 0x14ff0925e0f0>,69,24,[ 1 11],70,541,565,471,536
1,<environment.Job instance at 0x14ff0925e550>,70,27,[ 1 12],71,565,592,494,564
1,<environment.Job instance at 0x14ff0925e190>,71,23,[11  1],72,573,596,501,573
1,<environment.Job instance at 0x14febff94820>,58,2,[12  1],59,596,598,537,595
1,<environment.Job instance at 0x14ff0925e6e0>,75,26,[1 5],76,595,621,519,595
1,<environment.Job instance at 0x14ff0925ed70>,76,12,[12  1],77,615,627,538,615
1,<environment.Job instance at 0x14ff0925e640>,77,26,[ 2 12],78,621,647,543,618
1,<environment.Job instance at 0x14ff0925ed20>,81,1,[ 2 13],82,668,669,586,668
1,<environment.Job instance at 0x14ff0925e960>,82,22,[ 1 12],83,677,699,594,677
1,<environment.Job instance at 0x14ff0925e280>,84,28,[ 2 14],85,700,728,615,700
1,<environment.Job instance at 0x14ff0b25e5f0>,85,26,[9 2],86,728,754,642,727
1,<environment.Job instance at 0x14ff0925eb90>,83,18,[ 1 14],84,760,778,676,760
1,<environment.Job instance at 0x14ff0b25e7d0>,89,24,[7 2],90,778,802,688,773
1,<environment.Job instance at 0x14ff0b25ec80>,90,23,[2 7],91,778,801,687,774
1,<environment.Job instance at 0x14ff0b25ee60>,91,19,[ 2 11],92,801,820,709,792
1,<environment.Job instance at 0x14ff0b25e410>,93,26,[ 2 11],94,820,846,726,818
1,<environment.Job instance at 0x14ff00187f00>,67,13,[ 2 11],68,852,865,784,852
1,<environment.Job instance at 0x14ff0b25e960>,95,23,[2 5],96,865,888,769,861
1,<environment.Job instance at 0x14ff0b25ebe0>,94,12,[11  2],95,876,888,781,876
1,<environment.Job instance at 0x14ff0b3290a0>,98,23,[14  1],99,888,911,789,885
1,<environment.Job instance at 0x14ff0b329b90>,100,22,[ 1 12],101,888,910,787,887
1,<environment.Job instance at 0x14ff00187e60>,65,15,[ 2 13],66,913,928,847,913
1,<environment.Job instance at 0x14ff0b329f50>,101,2,[ 1 11],102,957,959,855,957
1,<environment.Job instance at 0x14ff0b329280>,103,18,[1 8],104,959,977,855,958
1,<environment.Job instance at 0x14ff0b3299b0>,104,3,[ 2 13],105,977,980,872,972
1,<environment.Job instance at 0x14ff0b3295f0>,102,1,[ 1 14],103,980,981,877,975
1,<environment.Job instance at 0x14ff0b329230>,97,14,[12  2],98,981,995,883,979
1,<environment.Job instance at 0x14ff0b329780>,107,17,[13  2],108,995,1012,887,983
1,<environment.Job instance at 0x14ff0b329b40>,109,2,[6 2],110,1012,1014,902,1001
1,<environment.Job instance at 0x14ff0b329d20>,110,28,[ 2 13],111,1001,1029,890,1001
1,<environment.Job instance at 0x14ff0b329af0>,111,23,[ 1 12],112,1029,1052,917,1026
1,<environment.Job instance at 0x14ff0b329c30>,112,24,[13  1],113,1026,1050,913,1026
1,<environment.Job instance at 0x14ff0972c050>,114,24,[1 5],115,1052,1076,937,1047
1,<environment.Job instance at 0x14ff0b3298c0>,115,14,[1 7],116,1054,1068,938,1054
1,<environment.Job instance at 0x14ff0972cd70>,116,26,[ 2 10],117,1068,1094,951,1065
1,<environment.Job instance at 0x14ff0972c190>,118,24,[ 1 12],119,1094,1118,975,1089
1,<environment.Job instance at 0x14ff0972c910>,119,21,[13  1],120,1095,1116,975,1095
1,<environment.Job instance at 0x14ff0972ccd0>,121,26,[1 9],122,1118,1144,996,1115
1,<environment.Job instance at 0x14ff0972c230>,122,22,[ 1 14],123,1144,1166,1021,1138
1,<environment.Job instance at 0x14ff0972c2d0>,125,25,[1 5],126,1166,1191,1040,1162
1,<environment.Job instance at 0x14ff0b329410>,105,14,[14  1],106,1179,1193,1073,1179
1,<environment.Job instance at 0x14ff0972caf0>,127,23,[1 7],128,1191,1214,1063,1185
1,<environment.Job instance at 0x14ff0972c550>,130,25,[ 2 12],131,1214,1239,1083,1210
1,<environment.Job instance at 0x14ff0bc25780>,133,28,[12  2],134,1214,1242,1080,1214
1,<environment.Job instance at 0x14ff0972cf00>,129,16,[14  2],130,1250,1266,1120,1250
1,<environment.Job instance at 0x14ff0bc252d0>,136,24,[7 2],137,1266,1290,1129,1263
1,<environment.Job instance at 0x14ff0bc25370>,137,20,[ 1 11],138,1270,1290,1132,1270
1,<environment.Job instance at 0x14ff0bc25c30>,138,1,[ 2 13],139,1290,1291,1151,1289
1,<environment.Job instance at 0x14ff0bc25f50>,139,21,[ 1 13],140,1292,1313,1152,1292
1,<environment.Job instance at 0x14ff0bc256e0>,135,1,[11  1],136,1309,1310,1173,1309
1,<environment.Job instance at 0x14ff0b25e230>,86,22,[ 1 14],87,1313,1335,1226,1309
1,<environment.Job instance at 0x14ff0fba7640>,143,22,[2 5],173,1335,1357,1162,1328
1,<environment.Job instance at 0x14ff0fba7e60>,144,28,[1 9],174,1335,1363,1161,1334
1,<environment.Job instance at 0x14ff0fba70a0>,142,23,[ 1 12],172,1363,1386,1191,1358
1,<environment.Job instance at 0x14ff0b3297d0>,108,14,[12  2],109,1387,1401,1278,1387
1,<environment.Job instance at 0x14febff94cd0>,54,15,[ 1 14],55,1401,1416,1346,1396
1,<environment.Job instance at 0x14ff0fba71e0>,145,13,[14  2],175,1426,1439,1251,1426
1,<environment.Job instance at 0x14ff0fba7690>,146,3,[13  1],176,1456,1459,1280,1456
1,<environment.Job instance at 0x14ff0bc25870>,140,16,[ 1 14],141,1492,1508,1351,1492
1,<environment.Job instance at 0x14ff12528690>,1,24,[ 1 11],2,2,26,0,2
1,<environment.Job instance at 0x14ff00215c80>,4,24,[8 2],5,7,31,2,7
1,<environment.Job instance at 0x14ff0bb972d0>,3,25,[ 1 14],4,31,56,27,27
1,<environment.Job instance at 0x14ff097a3d70>,8,22,[7 1],9,36,58,27,36
1,<environment.Job instance at 0x14ff0b82e910>,7,3,[14  1],8,58,61,50,40
1,<environment.Job instance at 0x14febfdbd8c0>,0,3,[ 1 12],1,56,59,55,44
1,<environment.Job instance at 0x14ff0b222370>,13,22,[1 6],14,59,81,45,55
1,<environment.Job instance at 0x14ff11b4b550>,10,1,[11  2],11,67,68,56,67
1,<environment.Job instance at 0x14ff0b222550>,14,16,[7 2],15,68,84,53,67
1,<environment.Job instance at 0x14ff0bc25640>,2,19,[ 1 11],3,81,100,78,78
1,<environment.Job instance at 0x14ff0b222140>,17,1,[ 1 10],18,100,101,82,84
1,<environment.Job instance at 0x14febff94fa0>,18,22,[1 7],19,101,123,82,95
1,<environment.Job instance at 0x14febff94d20>,19,27,[ 1 13],20,123,150,103,121
1,<environment.Job instance at 0x14febff94dc0>,20,27,[2 8],21,150,177,129,148
1,<environment.Job instance at 0x14ff0b2226e0>,15,1,[ 2 14],16,177,178,161,174
1,<environment.Job instance at 0x14febff94230>,21,2,[ 2 12],22,178,180,156,176
1,<environment.Job instance at 0x14febff942d0>,24,25,[2 9],25,180,205,155,176
1,<environment.Job instance at 0x14febf814320>,25,22,[11  1],26,178,200,152,178
1,<environment.Job instance at 0x14febf814230>,26,26,[ 2 11],27,205,231,178,202
1,<environment.Job instance at 0x14febff94be0>,23,2,[ 2 12],24,231,233,207,211
1,<environment.Job instance at 0x14ff0b222e60>,12,3,[ 1 11],13,233,236,220,227
1,<environment.Job instance at 0x14febf814500>,30,21,[12  1],31,232,253,201,232
1,<environment.Job instance at 0x14febf814c80>,31,21,[2 7],32,236,257,204,234
1,<environment.Job instance at 0x14febf814aa0>,27,14,[12  1],28,257,271,229,257
1,<environment.Job instance at 0x14febf814690>,34,21,[14  2],35,271,292,236,263
1,<environment.Job instance at 0x14ff080a6e60>,35,28,[ 2 12],36,292,320,256,291
1,<environment.Job instance at 0x14ff080a66e0>,36,24,[10  2],37,292,316,255,291
1,<environment.Job instance at 0x14febf814550>,28,17,[13  1],29,321,338,292,321
1,<environment.Job instance at 0x14ff0b2227d0>,16,17,[ 1 13],17,346,363,329,346
1,<environment.Job instance at 0x14ff080a6190>,40,21,[ 2 10],41,363,384,322,356
1,<environment.Job instance at 0x14ff080a6870>,41,19,[12  1],42,358,377,316,358
1,<environment.Job instance at 0x14ff080a6910>,42,28,[ 2 14],43,384,412,341,383
1,<environment.Job instance at 0x14ff080a6cd0>,43,22,[ 1 12],44,412,434,368,410
1,<environment.Job instance at 0x14febf814d70>,33,14,[12  2],34,418,432,384,418
1,<environment.Job instance at 0x14ff080a64b0>,44,22,[1 9],45,434,456,389,429
1,<environment.Job instance at 0x14ff096b2dc0>,46,24,[2 5],47,434,458,387,429
1,<environment.Job instance at 0x14ff080a6e10>,39,3,[ 2 14],40,458,461,418,452
1,<environment.Job instance at 0x14ff080a6050>,45,21,[ 1 14],46,461,482,415,458
1,<environment.Job instance at 0x14ff0b25a140>,52,23,[11  1],53,468,491,415,468
1,<environment.Job instance at 0x14ff096b2aa0>,51,27,[ 1 14],52,482,509,430,480
1,<environment.Job instance at 0x14ff0b383320>,56,1,[ 1 14],57,539,540,482,539
1,<environment.Job instance at 0x14ff0b24e050>,47,12,[13  2],48,554,566,506,554
1,<environment.Job instance at 0x14ff0fc1ff00>,59,26,[1 6],60,554,580,494,554
1,<environment.Job instance at 0x14ff10555aa0>,60,19,[13  1],61,566,585,505,556
1,<environment.Job instance at 0x14febfdc5500>,63,27,[ 1 13],64,580,607,516,578
1,<environment.Job instance at 0x14ff00367eb0>,58,1,[12  2],59,597,598,538,597
1,<environment.Job instance at 0x14ff00083e10>,66,24,[ 1 10],67,607,631,540,602
1,<environment.Job instance at 0x14ff00083fa0>,67,26,[12  1],68,602,628,534,602
1,<environment.Job instance at 0x14ff00083690>,69,21,[13  1],70,628,649,558,622
1,<environment.Job instance at 0x14ff00083c30>,65,22,[ 1 13],66,631,653,565,626
1,<environment.Job instance at 0x14ff000831e0>,70,3,[8 2],71,649,652,578,630
1,<environment.Job instance at 0x14ff080f8550>,72,28,[14  2],73,652,680,579,651
1,<environment.Job instance at 0x14ff080f85a0>,74,21,[1 8],75,653,674,578,653
1,<environment.Job instance at 0x14febfb78370>,73,21,[13  1],74,680,701,606,674
1,<environment.Job instance at 0x14ff08112c30>,76,20,[ 1 11],77,676,696,599,676
1,<environment.Job instance at 0x14ff0bbea550>,79,26,[12  1],80,701,727,621,698
1,<environment.Job instance at 0x14ff0fc67500>,81,26,[12  1],82,727,753,645,724
1,<environment.Job instance at 0x14ff0fc67370>,84,21,[14  1],85,753,774,668,745
1,<environment.Job instance at 0x14ff0fc67870>,85,18,[ 1 11],86,803,821,717,803
1,<environment.Job instance at 0x14ff0bbeaf50>,80,3,[ 1 13],81,821,824,740,821
1,<environment.Job instance at 0x14ff003d0f50>,87,1,[ 2 13],88,853,854,765,853
1,<environment.Job instance at 0x14ff003d03c0>,88,16,[ 2 13],89,857,873,768,857
1,<environment.Job instance at 0x14ff0038a550>,91,27,[5 1],92,861,888,769,861
1,<environment.Job instance at 0x14ff0038a7d0>,92,21,[7 2],93,873,894,780,869
1,<environment.Job instance at 0x14ff001870a0>,95,20,[12  1],96,894,914,798,888
1,<environment.Job instance at 0x14ff001875a0>,96,25,[2 8],97,888,913,791,888
1,<environment.Job instance at 0x14ff0b2420f0>,97,23,[8 1],98,914,937,816,908
1,<environment.Job instance at 0x14ff0038a870>,90,17,[11  1],91,949,966,858,949
1,<environment.Job instance at 0x14ff0b2425f0>,98,15,[14  1],99,966,981,867,965
1,<environment.Job instance at 0x14ff0b242af0>,100,15,[14  1],101,981,996,880,974
1,<environment.Job instance at 0x14ff0b2420a0>,102,21,[13  1],103,996,1017,893,988
1,<environment.Job instance at 0x14ff0b242280>,103,23,[11  1],104,1017,1040,913,1011
1,<environment.Job instance at 0x14ff0b242dc0>,104,26,[2 5],105,1014,1040,909,1014
1,<environment.Job instance at 0x14febf815190>,105,1,[13  2],106,1040,1041,934,1034
1,<environment.Job instance at 0x14febf815050>,106,28,[ 2 13],107,1040,1068,933,1039
1,<environment.Job instance at 0x14ff0b242d20>,99,1,[12  2],100,1051,1052,951,1051
1,<environment.Job instance at 0x14ff003c4c80>,108,17,[11  1],109,1081,1098,972,1081
1,<environment.Job instance at 0x14ff0977ec30>,57,15,[12  1],58,1098,1113,1040,1094
1,<environment.Job instance at 0x14ff003c4c30>,112,28,[ 1 13],113,1094,1122,981,1094
1,<environment.Job instance at 0x14ff003c4d70>,114,17,[11  1],115,1138,1155,1023,1138
1,<environment.Job instance at 0x14ff0c0565a0>,115,22,[ 1 13],116,1138,1160,1022,1138
1,<environment.Job instance at 0x14ff0c056910>,116,21,[14  2],117,1155,1176,1038,1150
1,<environment.Job instance at 0x14ff11ab38c0>,119,23,[10  1],120,1176,1199,1056,1171
1,<environment.Job instance at 0x14ff003c4cd0>,109,2,[ 2 13],110,1176,1178,1066,1174
1,<environment.Job instance at 0x14ff11ab3fa0>,123,22,[2 7],124,1183,1205,1059,1183
1,<environment.Job instance at 0x14ff11ab3190>,124,22,[14  2],125,1205,1227,1080,1198
1,<environment.Job instance at 0x14ff11ab3cd0>,125,22,[ 2 13],126,1227,1249,1101,1220
1,<environment.Job instance at 0x14ff11ab3640>,128,16,[11  2],129,1240,1256,1111,1240
1,<environment.Job instance at 0x14ff0a833280>,129,27,[5 1],130,1256,1283,1126,1255
1,<environment.Job instance at 0x14ff0a833e10>,130,15,[5 1],131,1259,1274,1128,1259
1,<environment.Job instance at 0x14ff08113910>,132,1,[7 1],133,1278,1279,1145,1278
1,<environment.Job instance at 0x14ff081135f0>,133,2,[6 2],134,1279,1281,1145,1278
1,<environment.Job instance at 0x14ff0a849cd0>,134,23,[11  1],135,1283,1306,1148,1278
1,<environment.Job instance at 0x14ff0a849d20>,135,28,[9 2],136,1306,1334,1170,1305
1,<environment.Job instance at 0x14ff0a849190>,136,1,[ 1 12],137,1307,1308,1170,1307
1,<environment.Job instance at 0x14ff09758af0>,137,3,[11  1],138,1334,1337,1196,1324
1,<environment.Job instance at 0x14ff097584b0>,138,26,[2 6],139,1324,1350,1185,1324
1,<environment.Job instance at 0x14ff09758e10>,139,20,[11  2],140,1337,1357,1197,1328
1,<environment.Job instance at 0x14ff09758640>,140,25,[ 2 14],141,1357,1382,1216,1353
1,<environment.Job instance at 0x14ff09758be0>,141,27,[14  2],149,1382,1409,1233,1380
1,<environment.Job instance at 0x14ff09758eb0>,142,1,[ 2 13],175,1409,1410,1234,1402
1,<environment.Job instance at 0x14ff09758140>,143,18,[11  2],176,1409,1427,1233,1407
1,<environment.Job instance at 0x14ff09758910>,144,22,[1 6],177,1410,1432,1233,1408
1,<environment.Job instance at 0x14febf814370>,37,13,[ 2 13],38,1432,1445,1394,1429
1,<environment.Job instance at 0x14ff11ab3960>,120,18,[13  2],121,1432,1450,1311,1432
1,<environment.Job instance at 0x14ff003c4690>,111,12,[12  1],112,1662,1674,1550,1662
1,<environment.Job instance at 0x14ff09758820>,145,16,[ 2 11],178,2596,2612,2418,2596
1,<environment.Job instance at 0x14febf9a4af0>,0,28,[13  2],1,1,29,0,1
1,<environment.Job instance at 0x14ff09758820>,2,28,[10  1],3,29,57,26,28
1,<environment.Job instance at 0x14ff0b962cd0>,7,26,[ 1 10],8,28,54,20,28
1,<environment.Job instance at 0x14ff0b962410>,4,14,[11  2],5,57,71,52,47
1,<environment.Job instance at 0x14ff0b962050>,6,21,[ 1 11],7,54,75,47,53
1,<environment.Job instance at 0x14ff097580f0>,3,1,[13  1],4,71,72,67,65
1,<environment.Job instance at 0x14ff0b962d70>,14,25,[ 1 11],15,75,100,60,71
1,<environment.Job instance at 0x14ff0b962230>,16,23,[14  2],17,74,97,57,74
1,<environment.Job instance at 0x14ff080f8140>,17,1,[12  1],18,97,98,79,93
1,<environment.Job instance at 0x14ff080f8b90>,18,23,[10  2],19,98,121,79,93
1,<environment.Job instance at 0x14ff0b962140>,11,18,[ 2 13],12,100,118,88,98
1,<environment.Job instance at 0x14ff080f8f50>,20,19,[14  2],21,121,140,100,114
1,<environment.Job instance at 0x14ff080f8d70>,21,25,[5 2],22,140,165,118,136
1,<environment.Job instance at 0x14ff080f8780>,19,3,[ 1 12],20,155,158,135,155
1,<environment.Job instance at 0x14ff0b962e10>,10,16,[ 1 13],11,158,174,147,157
1,<environment.Job instance at 0x14ff080f8d20>,24,18,[ 1 12],25,174,192,149,170
1,<environment.Job instance at 0x14ff080f8af0>,25,26,[13  2],26,170,196,144,170
1,<environment.Job instance at 0x14ff0b962370>,12,1,[13  1],13,196,197,183,177
1,<environment.Job instance at 0x14ff080f8410>,30,26,[14  2],31,198,224,167,198
1,<environment.Job instance at 0x14ff0b9627d0>,13,3,[14  1],14,224,227,210,220
1,<environment.Job instance at 0x14ff080f8e60>,31,25,[6 2],32,227,252,195,223
1,<environment.Job instance at 0x14ff08113be0>,32,25,[ 2 10],33,227,252,194,224
1,<environment.Job instance at 0x14ff08113a50>,33,20,[ 1 13],34,252,272,218,247
1,<environment.Job instance at 0x14ff081132d0>,35,1,[ 1 14],36,272,273,236,251
1,<environment.Job instance at 0x14ff08113e10>,34,1,[ 1 12],35,273,274,238,262
1,<environment.Job instance at 0x14ff08113140>,37,21,[12  2],38,273,294,235,265
1,<environment.Job instance at 0x14ff08113f50>,40,27,[5 2],41,294,321,253,292
1,<environment.Job instance at 0x14ff08113730>,43,2,[ 1 14],44,321,323,277,297
1,<environment.Job instance at 0x14ff08113640>,44,19,[ 1 11],45,298,317,253,298
1,<environment.Job instance at 0x14ff081138c0>,45,17,[14  2],46,323,340,277,313
1,<environment.Job instance at 0x14ff08113af0>,42,20,[ 1 11],43,323,343,280,318
1,<environment.Job instance at 0x14ff080f86e0>,22,17,[ 1 11],23,343,360,320,338
1,<environment.Job instance at 0x14ff08113c80>,50,27,[12  1],51,345,372,294,345
1,<environment.Job instance at 0x14ff0fc67eb0>,51,26,[14  1],52,372,398,320,369
1,<environment.Job instance at 0x14ff08113960>,46,3,[12  1],47,403,406,356,403
1,<environment.Job instance at 0x14ff0fc674b0>,53,18,[12  2],54,406,424,352,406
1,<environment.Job instance at 0x14ff0fc67f00>,54,2,[12  1],55,425,427,370,425
1,<environment.Job instance at 0x14ff0fc670f0>,52,2,[14  1],53,427,429,374,425
1,<environment.Job instance at 0x14ff0b242f00>,56,21,[ 1 14],57,429,450,372,429
1,<environment.Job instance at 0x14ff0fc67c80>,57,22,[11  1],58,430,452,372,430
1,<environment.Job instance at 0x14ff0b2426e0>,58,18,[2 6],59,450,468,391,448
1,<environment.Job instance at 0x14ff081130f0>,47,18,[ 1 14],48,468,486,420,459
1,<environment.Job instance at 0x14ff080f82d0>,23,15,[12  1],24,472,487,448,472
1,<environment.Job instance at 0x14ff0b2427d0>,64,23,[12  1],65,487,510,422,481
1,<environment.Job instance at 0x14ff0b242aa0>,65,24,[ 2 13],66,486,510,420,481
1,<environment.Job instance at 0x14ff0b2424b0>,66,2,[12  1],67,510,512,443,486
1,<environment.Job instance at 0x14ff0b242870>,67,19,[12  1],68,512,531,444,505
1,<environment.Job instance at 0x14ff105552d0>,69,2,[5 2],70,531,533,461,506
1,<environment.Job instance at 0x14ff10555500>,71,28,[12  2],72,533,561,461,532
1,<environment.Job instance at 0x14ff10555320>,72,26,[2 8],73,533,559,460,533
1,<environment.Job instance at 0x14ff10555640>,75,28,[1 5],76,538,566,462,538
1,<environment.Job instance at 0x14ff0b242b90>,63,14,[12  2],64,561,575,497,556
1,<environment.Job instance at 0x14ff0b2425a0>,60,16,[12  2],61,575,591,514,563
1,<environment.Job instance at 0x14ff105554b0>,78,1,[ 1 12],79,566,567,487,566
1,<environment.Job instance at 0x14ff10555e10>,76,1,[ 2 11],77,567,568,490,566
1,<environment.Job instance at 0x14ff10555050>,80,20,[14  1],81,591,611,510,584
1,<environment.Job instance at 0x14ff10555c30>,82,25,[1 7],83,584,609,501,584
1,<environment.Job instance at 0x14ff105558c0>,79,3,[ 1 11],80,609,612,529,603
1,<environment.Job instance at 0x14ff10555b40>,84,2,[ 1 12],85,612,614,527,603
1,<environment.Job instance at 0x14ff00367c30>,85,14,[2 8],86,614,628,528,614
1,<environment.Job instance at 0x14ff10555370>,83,3,[ 1 14],84,628,631,544,619
1,<environment.Job instance at 0x14ff00367d70>,87,25,[ 1 12],88,631,656,543,627
1,<environment.Job instance at 0x14ff00367960>,88,2,[14  1],89,650,652,561,650
1,<environment.Job instance at 0x14ff003677d0>,89,23,[11  1],90,652,675,562,650
1,<environment.Job instance at 0x14ff00367c80>,90,27,[14  2],91,675,702,584,673
1,<environment.Job instance at 0x14ff003678c0>,91,25,[ 2 13],92,702,727,610,698
1,<environment.Job instance at 0x14ff00367af0>,92,28,[5 2],93,702,730,609,701
1,<environment.Job instance at 0x14ff003673c0>,86,12,[ 1 13],87,732,744,645,732
1,<environment.Job instance at 0x14ff00367a00>,93,13,[14  2],94,762,775,668,762
1,<environment.Job instance at 0x14ff00367320>,95,25,[ 2 14],96,775,800,679,771
1,<environment.Job instance at 0x14ff00367a50>,96,26,[ 2 11],97,800,826,703,797
1,<environment.Job instance at 0x14ff00367190>,98,28,[12  1],99,806,834,707,806
1,<environment.Job instance at 0x14febfdc5e60>,100,26,[ 1 13],101,826,852,725,823
1,<environment.Job instance at 0x14ff00367fa0>,94,2,[11  1],95,851,853,756,851
1,<environment.Job instance at 0x14febfdc58c0>,102,23,[1 6],103,852,875,749,851
1,<environment.Job instance at 0x14febfdc56e0>,103,2,[ 1 10],104,875,877,771,851
1,<environment.Job instance at 0x14febfdc5460>,104,19,[6 2],105,853,872,748,853
1,<environment.Job instance at 0x14febfdc5730>,105,1,[6 2],106,853,854,747,853
1,<environment.Job instance at 0x14ff0fc67320>,55,3,[ 1 12],56,877,880,821,855
1,<environment.Job instance at 0x14febfdc5d70>,106,20,[ 1 13],107,880,900,773,873
1,<environment.Job instance at 0x14febfdc5c80>,108,1,[7 1],109,894,895,785,894
1,<environment.Job instance at 0x14febfdc5e10>,109,19,[7 1],110,897,916,787,897
1,<environment.Job instance at 0x14febfdc5c30>,110,25,[5 1],111,897,922,786,897
1,<environment.Job instance at 0x14febfdc5690>,111,24,[ 2 10],112,900,924,788,897
1,<environment.Job instance at 0x14febfdc54b0>,112,27,[ 1 10],113,924,951,811,922
1,<environment.Job instance at 0x14febfdc5190>,113,2,[6 1],114,922,924,808,922
1,<environment.Job instance at 0x14febfdc5eb0>,115,27,[6 1],116,928,955,812,928
1,<environment.Job instance at 0x14febfdc50a0>,116,20,[1 9],117,951,971,834,945
1,<environment.Job instance at 0x14febfdc5050>,117,1,[ 2 12],118,971,972,853,969
1,<environment.Job instance at 0x14febfdc5280>,118,25,[ 1 13],119,972,997,853,970
1,<environment.Job instance at 0x14febfdc59b0>,119,12,[ 1 12],120,1004,1016,884,1004
1,<environment.Job instance at 0x14febfdc52d0>,120,27,[ 1 12],121,1016,1043,895,1014
1,<environment.Job instance at 0x14febfdc5be0>,101,3,[ 2 11],102,1043,1046,941,1021
1,<environment.Job instance at 0x14ff0973fd70>,123,21,[13  1],124,1032,1053,908,1032
1,<environment.Job instance at 0x14ff0973f320>,124,3,[8 1],125,1053,1056,928,1041
1,<environment.Job instance at 0x14ff0973f780>,125,23,[11  1],126,1056,1079,930,1050
1,<environment.Job instance at 0x14ff0973f870>,126,18,[ 1 13],127,1061,1079,934,1061
1,<environment.Job instance at 0x14ff0973fd20>,127,21,[ 1 12],128,1079,1100,951,1071
1,<environment.Job instance at 0x14ff0973f370>,128,27,[ 1 14],129,1100,1127,971,1098
1,<environment.Job instance at 0x14ff0973f1e0>,129,3,[ 1 13],130,1127,1130,997,1110
1,<environment.Job instance at 0x14ff0973ff50>,130,25,[ 2 10],131,1130,1155,999,1126
1,<environment.Job instance at 0x14ff0973f2d0>,131,26,[14  1],132,1155,1181,1023,1152
1,<environment.Job instance at 0x14ff0973f7d0>,133,2,[8 1],134,1181,1183,1047,1165
1,<environment.Job instance at 0x14ff0973f550>,134,18,[12  2],135,1183,1201,1048,1174
1,<environment.Job instance at 0x14ff0973f0f0>,135,23,[9 2],136,1201,1224,1065,1195
1,<environment.Job instance at 0x14ff0973f140>,137,23,[8 2],138,1224,1247,1086,1218
1,<environment.Job instance at 0x14ff0973f960>,138,15,[13  1],139,1247,1262,1108,1240
1,<environment.Job instance at 0x14ff0973f910>,139,1,[11  2],140,1262,1263,1122,1253
1,<environment.Job instance at 0x14ff0973ffa0>,140,23,[14  2],141,1263,1286,1122,1257
1,<environment.Job instance at 0x14febf815910>,143,28,[ 1 12],156,1278,1306,1122,1278
1,<environment.Job instance at 0x14ff0b7f90a0>,145,23,[ 1 12],171,1306,1329,1135,1300
1,<environment.Job instance at 0x14ff0922c230>,148,19,[2 9],179,1329,1348,1150,1319
1,<environment.Job instance at 0x14ff0b0a1eb0>,149,2,[12  2],187,1323,1325,1136,1323
1,<environment.Job instance at 0x14febfdc5fa0>,107,3,[13  1],108,1336,1339,1228,1336
1,<environment.Job instance at 0x14ff080f89b0>,26,12,[ 2 14],27,1444,1456,1417,1444
1,<environment.Job instance at 0x14ff10555dc0>,81,15,[ 1 12],82,1593,1608,1511,1593
1,<environment.Job instance at 0x14ff0973fe10>,121,13,[ 2 14],122,1727,1740,1605,1727
1,<environment.Job instance at 0x14ff080a1190>,0,25,[ 1 14],1,1,26,0,1
1,<environment.Job instance at 0x14ff0973fa00>,1,23,[12  1],2,6,29,4,6
1,<environment.Job instance at 0x14febfd595f0>,8,24,[ 2 14],9,26,50,17,21
1,<environment.Job instance at 0x14febfd59690>,9,21,[14  2],10,50,71,40,42
1,<environment.Job instance at 0x14febf914a00>,2,27,[ 1 13],3,50,77,47,48
1,<environment.Job instance at 0x14febfd59c30>,11,21,[14  2],12,71,92,59,63
1,<environment.Job instance at 0x14ff080a1a50>,3,19,[13  1],4,92,111,88,84
1,<environment.Job instance at 0x14ff08054410>,14,28,[ 1 12],15,84,112,69,84
1,<environment.Job instance at 0x14ff08054af0>,15,26,[14  1],16,111,137,95,108
1,<environment.Job instance at 0x14ff08054500>,16,26,[2 9],17,137,163,120,134
1,<environment.Job instance at 0x14ff08054d70>,13,1,[ 1 11],14,134,135,120,134
1,<environment.Job instance at 0x14ff080541e0>,18,2,[5 2],19,137,139,118,134
1,<environment.Job instance at 0x14ff08054c30>,20,19,[1 8],21,163,182,142,153
1,<environment.Job instance at 0x14ff080545f0>,21,25,[8 1],22,153,178,131,153
1,<environment.Job instance at 0x14ff08054dc0>,22,26,[ 1 11],23,182,208,159,179
1,<environment.Job instance at 0x14ff080545a0>,23,24,[11  1],24,179,203,155,179
1,<environment.Job instance at 0x14ff080544b0>,26,28,[7 2],27,203,231,176,202
1,<environment.Job instance at 0x14ff0b07f140>,27,21,[5 2],28,203,224,175,203
1,<environment.Job instance at 0x14ff0b07f5a0>,28,22,[ 1 11],29,208,230,179,203
1,<environment.Job instance at 0x14ff0c038eb0>,30,28,[1 6],31,230,258,199,230
1,<environment.Job instance at 0x14ff0c038d20>,31,23,[13  2],32,231,254,199,230
1,<environment.Job instance at 0x14ff0c038730>,33,27,[1 6],34,232,259,198,232
1,<environment.Job instance at 0x14ff0973fe10>,4,14,[13  2],5,254,268,249,254
1,<environment.Job instance at 0x14ff0c038e60>,35,22,[12  1],36,268,290,232,262
1,<environment.Job instance at 0x14ff0c0383c0>,36,21,[12  2],37,290,311,253,283
1,<environment.Job instance at 0x14ff0c038aa0>,34,2,[12  2],35,311,313,276,284
1,<environment.Job instance at 0x14ff0c038e10>,41,1,[13  2],42,313,314,271,305
1,<environment.Job instance at 0x14ff0c038320>,42,26,[5 2],43,314,340,271,311
1,<environment.Job instance at 0x14ff0c038a50>,40,3,[12  1],41,340,343,299,316
1,<environment.Job instance at 0x14ff080540a0>,19,15,[ 2 11],20,318,333,298,318
1,<environment.Job instance at 0x14ff0c0388c0>,45,21,[6 2],46,318,339,272,318
1,<environment.Job instance at 0x14ff0b391be0>,48,27,[1 7],49,334,361,285,334
1,<environment.Job instance at 0x14ff0c038dc0>,47,22,[12  1],48,343,365,295,336
1,<environment.Job instance at 0x14ff0b391c80>,50,24,[ 1 11],51,361,385,310,356
1,<environment.Job instance at 0x14ff0b391f50>,49,25,[7 2],50,365,390,315,361
1,<environment.Job instance at 0x14ff0b391280>,52,28,[ 2 12],53,385,413,332,384
1,<environment.Job instance at 0x14ff0b391dc0>,53,19,[11  2],54,390,409,336,384
1,<environment.Job instance at 0x14ff0b391460>,54,24,[10  2],55,409,433,354,404
1,<environment.Job instance at 0x14ff0b391b90>,56,19,[14  1],57,433,452,376,430
1,<environment.Job instance at 0x14ff0c0384b0>,43,15,[11  2],44,452,467,408,445
1,<environment.Job instance at 0x14ff0b3913c0>,58,26,[1 5],59,445,471,386,445
1,<environment.Job instance at 0x14ff0b391550>,55,12,[13  2],56,467,479,411,458
1,<environment.Job instance at 0x14ff0b3915f0>,59,23,[ 2 13],60,471,494,411,465
1,<environment.Job instance at 0x14ff0b391320>,61,2,[13  1],62,481,483,419,481
1,<environment.Job instance at 0x14ff0b391500>,63,28,[12  2],64,486,514,422,486
1,<environment.Job instance at 0x14ff0b391780>,60,2,[14  1],61,514,516,453,496
1,<environment.Job instance at 0x14ff0b3914b0>,64,18,[ 2 11],65,516,534,451,507
1,<environment.Job instance at 0x14ff0b391f00>,66,20,[8 1],67,516,536,449,510
1,<environment.Job instance at 0x14ff0b391a00>,68,25,[ 1 13],69,534,559,465,530
1,<environment.Job instance at 0x14ff0b391050>,65,13,[ 2 11],66,559,572,493,551
1,<environment.Job instance at 0x14ff0b914960>,70,15,[2 8],71,572,587,501,566
1,<environment.Job instance at 0x14ff0b914f00>,73,28,[2 8],74,587,615,513,586
1,<environment.Job instance at 0x14ff0b9146e0>,74,26,[14  1],75,615,641,540,612
1,<environment.Job instance at 0x14ff0b9142d0>,75,22,[ 2 10],76,641,663,565,634
1,<environment.Job instance at 0x14ff0b914820>,77,1,[14  1],78,663,664,585,635
1,<environment.Job instance at 0x14ff0b914a00>,78,1,[13  1],79,641,642,562,639
1,<environment.Job instance at 0x14ff0b914b90>,79,26,[ 1 14],80,663,689,583,660
1,<environment.Job instance at 0x14ff0b914aa0>,81,27,[13  1],82,667,694,585,667
1,<environment.Job instance at 0x14ff104cd410>,86,26,[2 5],87,689,715,602,686
1,<environment.Job instance at 0x14ff104cdb90>,87,3,[14  1],88,715,718,627,689
1,<environment.Job instance at 0x14ff0b914140>,76,2,[ 2 11],77,718,720,641,692
1,<environment.Job instance at 0x14ff104cd550>,89,22,[11  2],90,718,740,628,711
1,<environment.Job instance at 0x14ff104cd140>,90,27,[2 9],91,720,747,629,718
1,<environment.Job instance at 0x14ff0b391140>,57,3,[ 2 11],58,753,756,695,753
1,<environment.Job instance at 0x14ff104cda50>,92,27,[ 1 10],93,756,783,663,754
1,<environment.Job instance at 0x14ff104cd500>,91,14,[11  2],92,779,793,687,779
1,<environment.Job instance at 0x14ff104cd320>,94,3,[ 1 13],95,788,791,693,788
1,<environment.Job instance at 0x14ff104cd9b0>,95,27,[7 1],96,793,820,697,791
1,<environment.Job instance at 0x14ff104cd960>,88,13,[ 2 12],89,794,807,705,794
1,<environment.Job instance at 0x14ff104cd4b0>,93,17,[ 2 14],94,807,824,713,800
1,<environment.Job instance at 0x14ff104cdd70>,98,23,[ 2 11],99,824,847,725,818
1,<environment.Job instance at 0x14ff104cde10>,99,3,[5 2],100,824,827,724,819
1,<environment.Job instance at 0x14ff104cd7d0>,100,21,[12  2],101,827,848,726,819
1,<environment.Job instance at 0x14ff104cdbe0>,96,1,[13  1],97,848,849,751,832
1,<environment.Job instance at 0x14ff104cd3c0>,103,25,[1 6],104,847,872,743,843
1,<environment.Job instance at 0x14ff104cd0f0>,104,26,[6 1],105,849,875,744,846
1,<environment.Job instance at 0x14ff104cdc80>,105,26,[1 8],106,848,874,742,846
1,<environment.Job instance at 0x14ff104cd780>,97,13,[12  1],98,875,888,777,866
1,<environment.Job instance at 0x14ff0f538d70>,110,23,[12  1],111,888,911,777,882
1,<environment.Job instance at 0x14ff0f538a50>,109,18,[ 2 14],110,894,912,784,894
1,<environment.Job instance at 0x14ff0f538780>,113,24,[ 1 14],114,912,936,798,907
1,<environment.Job instance at 0x14ff0f538320>,114,28,[13  2],115,936,964,821,935
1,<environment.Job instance at 0x14ff104cd0a0>,101,3,[ 1 14],102,964,967,862,954
1,<environment.Job instance at 0x14ff0f5383c0>,115,19,[11  2],116,967,986,851,959
1,<environment.Job instance at 0x14ff0f538e60>,116,22,[ 2 13],117,967,989,850,965
1,<environment.Job instance at 0x14ff0f538b40>,117,26,[11  1],118,986,1012,868,983
1,<environment.Job instance at 0x14febfd59320>,5,16,[14  2],6,1012,1028,1006,1002
1,<environment.Job instance at 0x14ff0f538550>,122,28,[12  2],123,1028,1056,905,1027
1,<environment.Job instance at 0x14ff0f538410>,111,15,[ 1 12],112,1027,1042,915,1027
1,<environment.Job instance at 0x14ff0f538050>,125,27,[1 8],126,1042,1069,916,1040
1,<environment.Job instance at 0x14ff0f538730>,126,12,[6 1],127,1056,1068,929,1052
1,<environment.Job instance at 0x14ff09672050>,127,25,[ 1 10],128,1069,1094,941,1067
1,<environment.Job instance at 0x14ff09672320>,129,21,[13  2],130,1068,1089,938,1067
1,<environment.Job instance at 0x14ff09672820>,128,28,[10  1],129,1089,1117,960,1088
1,<environment.Job instance at 0x14ff09672f00>,131,27,[2 5],132,1094,1121,962,1092
1,<environment.Job instance at 0x14ff09672b40>,132,26,[2 6],133,1094,1120,961,1092
1,<environment.Job instance at 0x14ff0969e5f0>,135,28,[ 2 13],136,1121,1149,985,1120
1,<environment.Job instance at 0x14febfd9b7d0>,136,27,[ 2 13],137,1149,1176,1012,1147
1,<environment.Job instance at 0x14ff0bbfae10>,137,21,[11  1],138,1147,1168,1009,1147
1,<environment.Job instance at 0x14ff096724b0>,133,14,[11  2],134,1168,1182,1034,1160
1,<environment.Job instance at 0x14ff1061caa0>,139,2,[14  2],140,1182,1184,1042,1163
1,<environment.Job instance at 0x14ff08054f50>,12,15,[ 2 13],13,1184,1199,1171,1181
1,<environment.Job instance at 0x14ff096f5d70>,143,3,[12  1],180,1188,1191,1008,1188
1,<environment.Job instance at 0x14ff096f5640>,142,13,[12  1],155,1191,1204,1036,1191
1,<environment.Job instance at 0x14ff096f5870>,145,1,[ 1 10],186,1199,1200,1013,1192
1,<environment.Job instance at 0x14ff096f5320>,144,3,[ 1 12],181,1207,1210,1026,1207
1,<environment.Job instance at 0x14ff0f538690>,121,17,[ 2 13],122,1237,1254,1115,1237
1,<environment.Job instance at 0x14ff096f5dc0>,140,15,[13  1],141,1254,1269,1113,1254
1,<environment.Job instance at 0x14ff0f538d20>,118,12,[ 2 11],119,1301,1313,1182,1301
1,<environment.Job instance at 0x14ff097807d0>,0,24,[6 2],1,1,25,0,1
1,<environment.Job instance at 0x14ff09780690>,2,20,[1 6],3,3,23,0,3
1,<environment.Job instance at 0x14ff080ca7d0>,4,28,[6 2],5,5,33,0,5
1,<environment.Job instance at 0x14ff001ada00>,6,21,[ 1 11],7,23,44,16,17
1,<environment.Job instance at 0x14febff715a0>,12,21,[ 1 14],13,44,65,31,36
1,<environment.Job instance at 0x14febff719b0>,16,23,[7 1],17,36,59,19,36
1,<environment.Job instance at 0x14febff710a0>,17,26,[7 1],18,59,85,41,56
1,<environment.Job instance at 0x14febff71c80>,19,28,[6 1],20,65,93,45,65
1,<environment.Job instance at 0x14febff713c0>,18,24,[13  1],19,93,117,74,89
1,<environment.Job instance at 0x14febff71a00>,13,19,[ 1 13],14,90,109,76,90
1,<environment.Job instance at 0x14febff6c1e0>,24,19,[ 1 13],25,109,128,84,107
1,<environment.Job instance at 0x14febff6cf00>,27,23,[10  1],28,117,140,89,113
1,<environment.Job instance at 0x14febff6c0a0>,28,2,[ 1 14],29,128,130,99,115
1,<environment.Job instance at 0x14febf9e6aa0>,30,14,[11  1],31,140,154,109,134
1,<environment.Job instance at 0x14febf9f5eb0>,31,28,[11  2],32,154,182,122,153
1,<environment.Job instance at 0x14febff4c410>,23,19,[ 1 13],24,158,177,134,158
1,<environment.Job instance at 0x14ff00123eb0>,33,28,[ 2 11],34,177,205,143,176
1,<environment.Job instance at 0x14ff0015fdc0>,34,1,[1 9],35,205,206,170,178
1,<environment.Job instance at 0x14ff0023ea00>,35,23,[10  2],36,182,205,146,179
1,<environment.Job instance at 0x14ff00148730>,36,28,[ 2 12],37,206,234,169,205
1,<environment.Job instance at 0x14febf9f55f0>,38,23,[1 9],39,234,257,195,229
1,<environment.Job instance at 0x14febff5d780>,39,23,[ 1 11],40,257,280,217,251
1,<environment.Job instance at 0x14febff5d550>,40,18,[11  2],41,253,271,212,253
1,<environment.Job instance at 0x14ff001267d0>,32,13,[14  1],33,271,284,238,261
1,<environment.Job instance at 0x14ff00145140>,42,18,[ 1 13],43,280,298,237,273
1,<environment.Job instance at 0x14febf9e6c30>,29,17,[13  1],30,284,301,254,279
1,<environment.Job instance at 0x14ff0013da50>,41,1,[11  1],42,301,302,259,292
1,<environment.Job instance at 0x14ff001465a0>,47,23,[2 6],48,299,322,251,299
1,<environment.Job instance at 0x14ff00146960>,48,20,[8 2],49,302,322,253,301
1,<environment.Job instance at 0x14ff00146550>,50,27,[ 1 11],51,322,349,271,320
1,<environment.Job instance at 0x14ff0012e4b0>,52,20,[13  1],53,339,359,286,339
1,<environment.Job instance at 0x14febff43b40>,7,3,[ 2 11],8,354,357,346,354
1,<environment.Job instance at 0x14ff00125410>,54,18,[8 1],55,359,377,304,357
1,<environment.Job instance at 0x14ff00125690>,56,24,[1 8],57,357,381,300,357
1,<environment.Job instance at 0x14ff0012e0f0>,53,1,[ 2 12],54,381,382,327,359
1,<environment.Job instance at 0x14ff00125eb0>,60,21,[ 1 14],61,382,403,321,380
1,<environment.Job instance at 0x14febf9e7960>,46,21,[ 1 12],47,403,424,356,395
1,<environment.Job instance at 0x14ff00160320>,43,2,[11  2],44,403,405,359,396
1,<environment.Job instance at 0x14ff00125cd0>,62,19,[13  1],63,405,424,342,405
1,<environment.Job instance at 0x14ff001254b0>,63,21,[ 2 12],64,424,445,360,416
1,<environment.Job instance at 0x14ff001250f0>,59,3,[ 2 11],60,445,448,385,426
1,<environment.Job instance at 0x14ff00125b90>,66,25,[12  2],67,426,451,359,426
1,<environment.Job instance at 0x14ff00125d20>,67,24,[10  2],68,451,475,383,447
1,<environment.Job instance at 0x14febff4dc30>,69,18,[13  1],70,475,493,405,470
1,<environment.Job instance at 0x14ff0029f3c0>,25,18,[ 1 12],26,470,488,444,470
1,<environment.Job instance at 0x14febff4dd70>,70,2,[11  2],71,493,495,422,481
1,<environment.Job instance at 0x14febff4dbe0>,72,1,[14  1],73,495,496,422,494
1,<environment.Job instance at 0x14febff4df00>,74,3,[ 1 11],75,503,506,428,503
1,<environment.Job instance at 0x14febff4ddc0>,73,15,[11  2],74,503,518,429,503
1,<environment.Job instance at 0x14febff700f0>,76,19,[11  2],77,518,537,441,509
1,<environment.Job instance at 0x14febff4dfa0>,75,2,[12  1],76,537,539,461,516
1,<environment.Job instance at 0x14febff700a0>,77,1,[12  2],78,539,540,461,527
1,<environment.Job instance at 0x14febff70140>,78,23,[13  1],79,540,563,461,534
1,<environment.Job instance at 0x14febff701e0>,79,21,[8 1],80,563,584,483,560
1,<environment.Job instance at 0x14febff70410>,80,19,[14  2],81,584,603,503,574
1,<environment.Job instance at 0x14febff70640>,83,21,[ 1 11],84,574,595,490,574
1,<environment.Job instance at 0x14febff707d0>,87,20,[ 2 12],88,603,623,515,594
1,<environment.Job instance at 0x14febff70b90>,90,28,[5 2],91,603,631,512,602
1,<environment.Job instance at 0x14febff70460>,88,17,[10  2],89,623,640,534,623
1,<environment.Job instance at 0x14febff70c30>,93,25,[13  2],94,640,665,546,636
1,<environment.Job instance at 0x14febff70550>,92,2,[14  2],93,665,667,572,654
1,<environment.Job instance at 0x14ff00125050>,65,3,[13  2],66,667,670,601,664
1,<environment.Job instance at 0x14febff73050>,97,23,[ 1 12],98,664,687,566,664
1,<environment.Job instance at 0x14febff730f0>,98,13,[ 2 12],99,709,722,610,709
1,<environment.Job instance at 0x14febff732d0>,100,23,[9 1],101,709,732,608,709
1,<environment.Job instance at 0x14febff73370>,101,26,[1 5],102,722,748,620,720
1,<environment.Job instance at 0x14ff00125640>,61,12,[11  1],62,732,744,670,722
1,<environment.Job instance at 0x14febff735f0>,103,22,[ 1 13],104,748,770,644,741
1,<environment.Job instance at 0x14febff736e0>,105,2,[1 7],106,770,772,664,750
1,<environment.Job instance at 0x14febff737d0>,106,20,[8 2],107,750,770,643,750
1,<environment.Job instance at 0x14febff739b0>,107,1,[ 2 10],108,772,773,664,750
1,<environment.Job instance at 0x14febff73910>,108,24,[ 2 12],109,773,797,664,768
1,<environment.Job instance at 0x14febff73960>,109,24,[14  1],110,797,821,687,792
1,<environment.Job instance at 0x14febff70e10>,94,13,[ 1 13],95,842,855,747,842
1,<environment.Job instance at 0x14febff73d70>,113,22,[7 2],114,842,864,728,842
1,<environment.Job instance at 0x14febff73cd0>,114,24,[2 7],115,855,879,740,850
1,<environment.Job instance at 0x14febff73f00>,115,25,[2 6],116,855,880,739,851
1,<environment.Job instance at 0x14febff73e10>,116,21,[2 9],117,879,900,762,874
1,<environment.Job instance at 0x14febff70d70>,95,15,[ 1 13],96,912,927,816,912
1,<environment.Job instance at 0x14febff45050>,118,16,[11  1],119,914,930,795,914
1,<environment.Job instance at 0x14febff451e0>,119,20,[14  2],120,930,950,810,923
1,<environment.Job instance at 0x14febff73fa0>,117,14,[14  1],118,950,964,832,939
1,<environment.Job instance at 0x14febff45370>,121,1,[11  1],122,964,965,842,941
1,<environment.Job instance at 0x14febff45410>,122,2,[11  1],123,965,967,842,954
1,<environment.Job instance at 0x14febff454b0>,123,21,[8 2],124,967,988,843,959
1,<environment.Job instance at 0x14febff45550>,124,2,[12  2],125,988,990,863,975
1,<environment.Job instance at 0x14febff455f0>,125,18,[ 1 14],126,990,1008,864,986
1,<environment.Job instance at 0x14febff45690>,126,2,[10  1],127,990,992,863,986
1,<environment.Job instance at 0x14febff73410>,102,16,[ 2 12],103,1008,1024,905,997
1,<environment.Job instance at 0x14febff73c30>,112,14,[11  1],113,1004,1018,891,1004
1,<environment.Job instance at 0x14febff452d0>,120,2,[13  1],121,1018,1020,897,1012
1,<environment.Job instance at 0x14febff458c0>,130,23,[ 1 13],131,1024,1047,893,1018
1,<environment.Job instance at 0x14febff45910>,132,12,[7 2],133,1030,1042,897,1030
1,<environment.Job instance at 0x14febff45aa0>,133,20,[2 9],134,1047,1067,913,1038
1,<environment.Job instance at 0x14febff45870>,129,3,[11  2],130,1058,1061,928,1058
1,<environment.Job instance at 0x14febff45be0>,136,2,[ 2 12],137,1084,1086,947,1084
1,<environment.Job instance at 0x14febff45d70>,137,25,[13  1],138,1084,1109,946,1084
1,<environment.Job instance at 0x14febff45e10>,138,22,[9 2],139,1109,1131,970,1102
1,<environment.Job instance at 0x14febff45eb0>,139,20,[ 1 13],140,1104,1124,964,1104
1,<environment.Job instance at 0x14febff45af0>,140,19,[13  1],141,1131,1150,990,1124
1,<environment.Job instance at 0x14febff45c80>,141,1,[13  2],142,1150,1151,1008,1129
1,<environment.Job instance at 0x14febff58050>,142,25,[ 2 12],143,1129,1154,986,1129
1,<environment.Job instance at 0x14febff45c30>,135,3,[ 2 11],136,1154,1157,1018,1135
1,<environment.Job instance at 0x14febff582d0>,145,24,[12  2],146,1151,1175,1005,1146
1,<environment.Job instance at 0x14febff58190>,143,2,[ 2 13],144,1157,1159,1013,1155
1,<environment.Job instance at 0x14febff584b0>,148,27,[1 6],149,1159,1186,1010,1157
1,<environment.Job instance at 0x14febff58550>,149,26,[8 2],150,1175,1201,1025,1172
1,<environment.Job instance at 0x14febff58690>,151,27,[ 2 10],152,1186,1213,1034,1184
1,<environment.Job instance at 0x14febff58910>,154,21,[13  2],177,1204,1225,1027,1204
1,<environment.Job instance at 0x14febff58d20>,155,28,[ 1 10],179,1213,1241,1034,1212
1,<environment.Job instance at 0x14febff58e60>,156,26,[8 2],180,1225,1251,1045,1222
1,<environment.Job instance at 0x14febff45730>,127,14,[ 1 14],128,1259,1273,1131,1259
1,<environment.Job instance at 0x14febff457d0>,128,17,[ 1 11],129,1355,1372,1226,1355
1,<environment.Job instance at 0x14febff58410>,147,15,[ 2 12],148,1372,1387,1224,1371
1,<environment.Job instance at 0x14ff00125870>,64,13,[ 2 14],65,2068,2081,2003,2068
1,<environment.Job instance at 0x14febff7a910>,0,28,[ 1 14],1,1,29,0,1
1,<environment.Job instance at 0x14ff00157c80>,7,20,[6 1],8,9,29,1,9
1,<environment.Job instance at 0x14ff00157370>,8,22,[10  1],9,29,51,20,24
1,<environment.Job instance at 0x14febfde41e0>,1,21,[ 1 13],2,29,50,27,24
1,<environment.Job instance at 0x14ff00157690>,9,27,[1 9],10,50,77,40,48
1,<environment.Job instance at 0x14ff00157b90>,11,25,[9 1],12,51,76,39,48
1,<environment.Job instance at 0x14ff00157a00>,12,21,[13  2],13,76,97,63,68
1,<environment.Job instance at 0x14ff001570a0>,14,22,[1 6],15,77,99,62,73
1,<environment.Job instance at 0x14ff00157c30>,13,2,[ 1 12],14,99,101,85,85
1,<environment.Job instance at 0x14febfb795f0>,3,14,[14  1],4,97,111,93,94
1,<environment.Job instance at 0x14ff001575a0>,17,24,[9 1],18,111,135,93,106
1,<environment.Job instance at 0x14ff00157820>,18,23,[12  1],19,135,158,116,129
1,<environment.Job instance at 0x14ff00157640>,19,28,[10  2],20,158,186,138,157
1,<environment.Job instance at 0x14ff00157500>,20,23,[2 9],21,157,180,136,157
1,<environment.Job instance at 0x14ff001571e0>,21,23,[2 5],22,180,203,158,175
1,<environment.Job instance at 0x14febff7a870>,4,2,[ 2 11],5,203,205,198,187
1,<environment.Job instance at 0x14ff001579b0>,24,15,[12  2],25,191,206,166,191
1,<environment.Job instance at 0x14ff001576e0>,25,21,[13  1],26,206,227,180,198
1,<environment.Job instance at 0x14ff00230320>,27,26,[8 2],28,227,253,199,224
1,<environment.Job instance at 0x14ff00230fa0>,28,26,[2 8],29,224,250,195,224
1,<environment.Job instance at 0x14ff00230410>,29,22,[10  2],30,253,275,223,246
1,<environment.Job instance at 0x14ff00157be0>,22,13,[ 1 12],23,250,263,227,247
1,<environment.Job instance at 0x14ff00230eb0>,33,19,[2 8],34,263,282,229,257
1,<environment.Job instance at 0x14ff00230a50>,36,22,[ 1 13],37,282,304,245,275
1,<environment.Job instance at 0x14ff00230050>,37,28,[ 2 11],38,304,332,266,303
1,<environment.Job instance at 0x14ff00230640>,38,16,[14  1],39,332,348,293,323
1,<environment.Job instance at 0x14ff00230e10>,39,1,[11  1],40,348,349,308,336
1,<environment.Job instance at 0x14ff00230500>,35,1,[13  1],36,376,377,340,376
1,<environment.Job instance at 0x14ff00230c30>,42,28,[14  2],43,379,407,336,379
1,<environment.Job instance at 0x14ff00230280>,40,14,[12  1],41,407,421,366,397
1,<environment.Job instance at 0x14ff002309b0>,45,20,[2 6],46,407,427,361,403
1,<environment.Job instance at 0x14ff0012b140>,46,22,[5 2],47,421,443,374,414
1,<environment.Job instance at 0x14ff0012b0a0>,47,27,[8 1],48,421,448,373,419
1,<environment.Job instance at 0x14ff00230960>,44,1,[11  1],45,448,449,403,422
1,<environment.Job instance at 0x14ff0012b690>,48,19,[1 7],49,438,457,389,438
1,<environment.Job instance at 0x14ff0012b640>,50,2,[11  2],51,449,451,398,446
1,<environment.Job instance at 0x14ff0012b460>,52,3,[8 1],53,452,455,399,452
1,<environment.Job instance at 0x14ff0012bd20>,53,27,[2 6],54,452,479,398,452
1,<environment.Job instance at 0x14ff0012b190>,54,15,[ 2 12],55,483,498,428,483
1,<environment.Job instance at 0x14ff0012bd70>,55,28,[14  2],56,498,526,442,497
1,<environment.Job instance at 0x14ff0012b500>,56,3,[13  2],57,526,529,469,513
1,<environment.Job instance at 0x14ff0012b6e0>,57,22,[14  1],58,529,551,471,522
1,<environment.Job instance at 0x14ff0012ba00>,58,2,[ 2 13],59,527,529,468,527
1,<environment.Job instance at 0x14ff0012b7d0>,59,1,[5 1],60,551,552,491,532
1,<environment.Job instance at 0x14ff0012b910>,60,13,[14  2],61,555,568,494,555
1,<environment.Job instance at 0x14ff0012bb40>,61,28,[8 2],62,568,596,506,567
1,<environment.Job instance at 0x14ff0012b5a0>,62,1,[ 2 13],63,569,570,506,569
1,<environment.Job instance at 0x14ff0012b780>,64,1,[ 2 13],65,579,580,514,579
1,<environment.Job instance at 0x14ff0012baa0>,66,13,[7 1],67,586,599,519,586
1,<environment.Job instance at 0x14ff002538c0>,67,1,[ 1 11],68,596,597,528,587
1,<environment.Job instance at 0x14ff00253be0>,68,28,[6 1],69,596,624,527,595
1,<environment.Job instance at 0x14ff00253b90>,69,15,[12  1],70,624,639,554,619
1,<environment.Job instance at 0x14ff002533c0>,70,12,[13  1],71,639,651,568,638
1,<environment.Job instance at 0x14ff00253370>,71,22,[9 1],72,651,673,579,644
1,<environment.Job instance at 0x14ff00253eb0>,72,14,[ 1 13],73,688,702,615,688
1,<environment.Job instance at 0x14ff00253af0>,73,3,[ 2 14],74,707,710,633,707
1,<environment.Job instance at 0x14ff00253fa0>,74,26,[ 2 11],75,710,736,635,707
1,<environment.Job instance at 0x14ff00253aa0>,75,16,[8 1],76,714,730,638,714
1,<environment.Job instance at 0x14ff00253b40>,77,25,[1 9],78,736,761,658,732
1,<environment.Job instance at 0x14ff00253690>,78,26,[1 6],79,736,762,657,733
1,<environment.Job instance at 0x14ff00253190>,79,23,[2 7],80,761,784,681,755
1,<environment.Job instance at 0x14ff00253c80>,81,21,[ 2 14],82,784,805,702,777
1,<environment.Job instance at 0x14ff00253050>,82,1,[13  1],83,786,787,703,786
1,<environment.Job instance at 0x14ff002531e0>,83,2,[9 1],84,787,789,703,786
1,<environment.Job instance at 0x14ff00253a50>,84,1,[14  1],85,805,806,720,786
1,<environment.Job instance at 0x14ff00253780>,86,22,[1 5],87,805,827,718,799
1,<environment.Job instance at 0x14ff00253460>,87,28,[9 2],88,806,834,718,805
1,<environment.Job instance at 0x14ff00234c80>,88,14,[2 5],89,815,829,726,815
1,<environment.Job instance at 0x14ff002344b0>,89,23,[10  2],90,834,857,744,828
1,<environment.Job instance at 0x14ff00234c30>,90,16,[ 2 11],91,829,845,738,828
1,<environment.Job instance at 0x14ff002349b0>,91,20,[8 2],92,857,877,765,848
1,<environment.Job instance at 0x14ff00234370>,92,24,[13  1],93,877,901,784,872
1,<environment.Job instance at 0x14ff00234960>,94,1,[1 7],95,874,875,779,874
1,<environment.Job instance at 0x14ff00234870>,95,14,[12  1],96,907,921,811,907
1,<environment.Job instance at 0x14ff00234b40>,96,25,[ 1 11],97,907,932,810,907
1,<environment.Job instance at 0x14ff00234690>,97,2,[ 1 13],98,932,934,834,924
1,<environment.Job instance at 0x14ff00234780>,98,3,[13  2],99,933,936,834,933
1,<environment.Job instance at 0x14ff002341e0>,99,20,[ 2 13],100,937,957,837,937
1,<environment.Job instance at 0x14ff00234730>,100,19,[7 1],101,939,958,838,939
1,<environment.Job instance at 0x14ff002345f0>,101,1,[11  2],102,958,959,856,946
1,<environment.Job instance at 0x14ff00234e10>,102,17,[13  2],103,959,976,856,949
1,<environment.Job instance at 0x14ff001b2370>,105,22,[6 1],106,976,998,870,969
1,<environment.Job instance at 0x14ff001b20a0>,107,3,[9 1],108,1004,1007,896,1004
1,<environment.Job instance at 0x14ff001b2690>,108,26,[6 1],109,1004,1030,895,1004
1,<environment.Job instance at 0x14ff00157af0>,16,3,[11  2],17,1030,1033,1013,1015
1,<environment.Job instance at 0x14ff001b27d0>,110,22,[2 9],111,1016,1038,905,1016
1,<environment.Job instance at 0x14ff001b2050>,109,15,[14  2],110,1038,1053,928,1035
1,<environment.Job instance at 0x14ff001b2460>,113,12,[12  1],114,1053,1065,939,1041
1,<environment.Job instance at 0x14ff001b2dc0>,114,22,[1 5],115,1041,1063,926,1041
1,<environment.Job instance at 0x14ff001b24b0>,115,12,[ 1 11],116,1063,1075,947,1057
1,<environment.Job instance at 0x14ff001b2410>,116,3,[1 8],117,1075,1078,958,1068
1,<environment.Job instance at 0x14ff001b2550>,117,13,[9 1],118,1068,1081,950,1068
1,<environment.Job instance at 0x14ff001b2780>,118,15,[13  2],119,1081,1096,962,1073
1,<environment.Job instance at 0x14ff001b26e0>,119,25,[ 2 11],120,1078,1103,958,1074
1,<environment.Job instance at 0x14ff001b2f50>,120,19,[12  1],121,1096,1115,975,1091
1,<environment.Job instance at 0x14ff001b2b40>,122,2,[7 2],123,1115,1117,992,1097
1,<environment.Job instance at 0x14ff001c9410>,123,1,[9 2],124,1117,1118,993,1099
1,<environment.Job instance at 0x14ff001c9640>,124,25,[ 1 12],125,1103,1128,978,1099
1,<environment.Job instance at 0x14ff001b22d0>,112,1,[12  1],113,1132,1133,1019,1132
1,<environment.Job instance at 0x14ff001c9500>,127,21,[1 8],128,1134,1155,1006,1134
1,<environment.Job instance at 0x14ff001c9730>,128,3,[12  2],129,1141,1144,1012,1141
1,<environment.Job instance at 0x14ff001c9960>,125,15,[ 1 12],126,1155,1170,1029,1154
1,<environment.Job instance at 0x14ff001c9550>,130,13,[9 1],131,1154,1167,1023,1154
1,<environment.Job instance at 0x14ff001c95f0>,131,20,[8 1],132,1167,1187,1035,1158
1,<environment.Job instance at 0x14ff001c9cd0>,132,19,[9 2],133,1187,1206,1054,1177
1,<environment.Job instance at 0x14ff001c9690>,133,1,[13  1],134,1206,1207,1072,1190
1,<environment.Job instance at 0x14ff001c9280>,134,25,[ 1 13],135,1190,1215,1055,1190
1,<environment.Job instance at 0x14ff001c9140>,135,16,[12  1],136,1207,1223,1071,1200
1,<environment.Job instance at 0x14ff001c9f00>,136,24,[9 1],137,1223,1247,1086,1218
1,<environment.Job instance at 0x14ff001c9780>,137,28,[14  2],138,1247,1275,1109,1246
1,<environment.Job instance at 0x14ff001ad640>,139,1,[2 7],140,1275,1276,1135,1258
1,<environment.Job instance at 0x14ff001d8fa0>,140,28,[2 8],158,1275,1303,1117,1274
1,<environment.Job instance at 0x14ff001c9aa0>,129,1,[ 1 13],130,1310,1311,1180,1310
1,<environment.Job instance at 0x14ff0012b1e0>,141,13,[ 1 12],159,1322,1335,1163,1322
1,<environment.Job instance at 0x14ff0013bf50>,143,1,[ 1 10],188,1335,1336,1147,1322
1,<environment.Job instance at 0x14ff0012baf0>,49,12,[ 2 11],50,1406,1418,1356,1406
1,<environment.Job instance at 0x14ff00143780>,142,3,[ 2 11],176,1433,1436,1257,1433
1,<environment.Job instance at 0x14ff00157280>,15,14,[ 2 14],16,1535,1549,1519,1535
1,<environment.Job instance at 0x14ff00157fa0>,6,14,[ 1 14],7,2327,2341,2320,2327
1,<environment.Job instance at 0x14febff795a0>,1,28,[2 7],2,2,30,0,2
1,<environment.Job instance at 0x14febfb5ae10>,3,25,[9 2],4,4,29,0,4
1,<environment.Job instance at 0x14ff000d6c30>,8,22,[12  2],9,29,51,20,22
1,<environment.Job instance at 0x14ff0b159230>,9,20,[ 2 13],10,42,62,32,42
1,<environment.Job instance at 0x14ff00157410>,4,23,[ 1 14],5,62,85,57,56
1,<environment.Job instance at 0x14ff0b1593c0>,12,1,[11  1],13,74,75,61,74
1,<environment.Job instance at 0x14febf9f3190>,14,25,[12  1],15,75,100,60,74
1,<environment.Job instance at 0x14febf9f30f0>,15,24,[ 2 13],16,85,109,69,80
1,<environment.Job instance at 0x14febf9f32d0>,16,22,[13  1],17,100,122,83,97
1,<environment.Job instance at 0x14febf9f3410>,17,25,[ 2 13],18,109,134,91,105
1,<environment.Job instance at 0x14febf9f3dc0>,13,24,[ 2 13],14,134,158,120,131
1,<environment.Job instance at 0x14febf9f3e10>,18,28,[ 2 14],19,158,186,139,157
1,<environment.Job instance at 0x14ff00132910>,23,23,[ 1 12],24,186,209,162,180
1,<environment.Job instance at 0x14febf9d8f50>,22,3,[11  1],23,205,208,182,205
1,<environment.Job instance at 0x14ff0b159370>,11,15,[13  2],12,208,223,196,206
1,<environment.Job instance at 0x14ff0fbedfa0>,30,27,[9 2],31,223,250,192,221
1,<environment.Job instance at 0x14ff0fbed690>,32,17,[14  1],33,250,267,217,250
1,<environment.Job instance at 0x14ff0b159410>,10,15,[11  2],11,270,285,259,270
1,<environment.Job instance at 0x14febf9c90a0>,28,12,[ 2 13],29,296,308,267,296
1,<environment.Job instance at 0x14ff0fbc7b40>,40,26,[13  2],41,300,326,259,300
1,<environment.Job instance at 0x14ff00158870>,41,2,[13  2],42,326,328,284,321
1,<environment.Job instance at 0x14ff0014e550>,35,16,[ 1 14],36,328,344,292,322
1,<environment.Job instance at 0x14febf9c9cd0>,29,2,[ 2 13],30,356,358,326,356
1,<environment.Job instance at 0x14febf9db870>,45,1,[ 2 14],46,364,365,318,364
1,<environment.Job instance at 0x14ff0b1f70a0>,46,26,[ 2 13],47,365,391,318,364
1,<environment.Job instance at 0x14ff001595f0>,47,21,[13  2],48,371,392,323,371
1,<environment.Job instance at 0x14febf9db7d0>,42,12,[13  2],43,392,404,349,392
1,<environment.Job instance at 0x14ff0013e820>,51,22,[11  2],52,404,426,352,397
1,<environment.Job instance at 0x14ff0013e280>,52,23,[ 1 10],53,397,420,344,397
1,<environment.Job instance at 0x14ff0b1f76e0>,44,3,[ 1 14],45,426,429,381,416
1,<environment.Job instance at 0x14ff0013a370>,54,25,[5 2],55,429,454,374,428
1,<environment.Job instance at 0x14ff0013e2d0>,53,28,[ 1 14],54,454,482,400,453
1,<environment.Job instance at 0x14ff0013a3c0>,55,19,[12  2],56,482,501,426,473
1,<environment.Job instance at 0x14ff0013a550>,59,21,[ 2 13],60,482,503,422,479
1,<environment.Job instance at 0x14ff0013ab90>,60,19,[ 2 10],61,503,522,442,499
1,<environment.Job instance at 0x14ff0013a9b0>,61,26,[11  2],62,501,527,439,499
1,<environment.Job instance at 0x14ff0013aa50>,62,21,[6 2],63,527,548,464,520
1,<environment.Job instance at 0x14ff0013af00>,63,26,[9 2],64,527,553,463,524
1,<environment.Job instance at 0x14ff0013ae10>,64,2,[14  2],65,553,555,488,546
1,<environment.Job instance at 0x14ff0013a410>,65,21,[11  2],66,555,576,489,548
1,<environment.Job instance at 0x14ff0013eb90>,50,2,[ 2 13],51,555,557,504,553
1,<environment.Job instance at 0x14ff0013a500>,66,22,[6 1],67,576,598,509,569
1,<environment.Job instance at 0x14ff0015de10>,68,2,[14  2],69,598,600,529,582
1,<environment.Job instance at 0x14ff0015d230>,69,1,[ 1 11],70,591,592,521,591
1,<environment.Job instance at 0x14ff0015d280>,70,25,[1 5],71,593,618,522,593
1,<environment.Job instance at 0x14ff0015d140>,71,1,[1 9],72,600,601,528,599
1,<environment.Job instance at 0x14ff0015d370>,73,22,[2 9],74,606,628,532,606
1,<environment.Job instance at 0x14ff0013a7d0>,58,2,[12  2],59,621,623,562,621
1,<environment.Job instance at 0x14ff0014d6e0>,76,21,[11  1],77,626,647,549,626
1,<environment.Job instance at 0x14ff001c7280>,78,3,[ 1 13],79,628,631,549,627
1,<environment.Job instance at 0x14ff001c74b0>,80,26,[14  2],81,647,673,566,644
1,<environment.Job instance at 0x14ff001c75f0>,83,15,[14  1],84,700,715,616,700
1,<environment.Job instance at 0x14ff001c76e0>,85,18,[ 1 14],86,716,734,630,716
1,<environment.Job instance at 0x14ff001c7780>,86,25,[12  2],87,734,759,647,730
1,<environment.Job instance at 0x14ff001c77d0>,87,28,[ 2 11],88,735,763,647,735
1,<environment.Job instance at 0x14ff001c78c0>,89,20,[2 8],90,763,783,673,754
1,<environment.Job instance at 0x14ff001c7140>,77,16,[ 2 14],78,797,813,719,797
1,<environment.Job instance at 0x14ff001c7960>,91,19,[14  2],92,813,832,721,804
1,<environment.Job instance at 0x14ff001c7a00>,90,2,[ 2 12],91,832,834,741,829
1,<environment.Job instance at 0x14ff001c7d20>,96,28,[9 2],97,832,860,735,831
1,<environment.Job instance at 0x14ff001c7cd0>,94,2,[ 2 14],95,860,862,765,849
1,<environment.Job instance at 0x14ff001c7c30>,98,25,[13  1],99,860,885,761,856
1,<environment.Job instance at 0x14ff001c7f00>,99,20,[ 2 11],100,862,882,762,859
1,<environment.Job instance at 0x14ff001c7f50>,100,27,[ 1 11],101,882,909,781,880
1,<environment.Job instance at 0x14ff001ac280>,101,17,[14  1],102,899,916,797,899
1,<environment.Job instance at 0x14ff001ac0a0>,104,19,[11  2],105,916,935,811,913
1,<environment.Job instance at 0x14ff001ac4b0>,105,1,[ 1 12],106,913,914,807,913
1,<environment.Job instance at 0x14ff0013a780>,67,13,[ 2 12],68,933,946,865,933
1,<environment.Job instance at 0x14ff001ac460>,108,13,[5 2],109,935,948,826,933
1,<environment.Job instance at 0x14ff001ac6e0>,110,2,[13  2],111,948,950,837,937
1,<environment.Job instance at 0x14ff001c7fa0>,97,3,[14  1],98,950,953,852,939
1,<environment.Job instance at 0x14ff001ac820>,112,23,[12  1],113,953,976,840,947
1,<environment.Job instance at 0x14ff001ac730>,109,1,[14  1],110,976,977,866,953
1,<environment.Job instance at 0x14ff001ac370>,113,28,[13  1],114,977,1005,863,976
1,<environment.Job instance at 0x14ff001acaa0>,116,1,[ 2 11],117,1016,1017,899,1016
1,<environment.Job instance at 0x14ff001acb40>,117,28,[ 1 13],118,1017,1045,899,1016
1,<environment.Job instance at 0x14ff001acc80>,119,17,[9 2],120,1020,1037,900,1020
1,<environment.Job instance at 0x14ff001ac780>,111,17,[ 1 11],112,1045,1062,933,1041
1,<environment.Job instance at 0x14ff001acdc0>,121,26,[ 2 14],122,1062,1088,940,1059
1,<environment.Job instance at 0x14ff001ac640>,124,3,[13  2],125,1088,1091,963,1080
1,<environment.Job instance at 0x14ff001cf050>,125,28,[2 7],126,1088,1116,962,1087
1,<environment.Job instance at 0x14ff001cf140>,126,25,[6 2],127,1091,1116,964,1087
1,<environment.Job instance at 0x14ff001cf1e0>,127,18,[2 6],128,1092,1110,964,1092
1,<environment.Job instance at 0x14ff001cf280>,128,22,[10  1],129,1116,1138,987,1111
1,<environment.Job instance at 0x14ff001cf320>,129,26,[ 1 14],130,1116,1142,986,1113
1,<environment.Job instance at 0x14ff001acd20>,120,17,[11  1],121,1138,1155,1017,1135
1,<environment.Job instance at 0x14ff001cf640>,131,22,[12  2],132,1155,1177,1023,1149
1,<environment.Job instance at 0x14ff001cf3c0>,130,18,[ 2 13],131,1150,1168,1019,1150
1,<environment.Job instance at 0x14ff001cf460>,133,28,[14  1],134,1177,1205,1043,1176
1,<environment.Job instance at 0x14ff001cf7d0>,136,25,[ 1 11],137,1181,1206,1044,1181
1,<environment.Job instance at 0x14ff001aca50>,114,18,[ 1 13],115,1206,1224,1091,1200
1,<environment.Job instance at 0x14ff001cf5a0>,132,19,[ 1 11],133,1224,1243,1091,1223
1,<environment.Job instance at 0x14ff001cf910>,138,28,[ 1 11],139,1243,1271,1104,1242
1,<environment.Job instance at 0x14ff001cf190>,140,24,[14  1],158,1242,1266,1084,1242
1,<environment.Job instance at 0x14ff001d6190>,145,19,[11  2],184,1266,1285,1082,1259
1,<environment.Job instance at 0x14ff001cfe60>,144,28,[ 2 13],181,1271,1299,1090,1270
1,<environment.Job instance at 0x14ff001cfb90>,141,1,[ 1 13],159,1301,1302,1142,1301
1,<environment.Job instance at 0x14ff0b159b40>,7,19,[ 2 14],8,1302,1321,1294,1302
1,<environment.Job instance at 0x14ff00130aa0>,38,13,[13  2],39,1321,1334,1282,1305
1,<environment.Job instance at 0x14ff001d60f0>,146,13,[ 1 13],185,1349,1362,1164,1349
1,<environment.Job instance at 0x14ff0fc08410>,0,23,[13  1],1,2,25,1,2
1,<environment.Job instance at 0x14ff001d6370>,5,27,[13  1],6,25,52,19,23
1,<environment.Job instance at 0x14ff0829f370>,8,18,[ 1 12],9,31,49,22,31
1,<environment.Job instance at 0x14ff0829fe60>,4,28,[12  2],5,52,80,47,52
1,<environment.Job instance at 0x14ff0829f190>,7,17,[ 2 11],8,60,77,52,60
1,<environment.Job instance at 0x14febfee7f00>,12,20,[ 1 12],13,77,97,64,77
1,<environment.Job instance at 0x14ff0829f500>,11,28,[13  1],12,80,108,68,79
1,<environment.Job instance at 0x14ff0fc08f50>,1,20,[ 2 14],2,97,117,95,97
1,<environment.Job instance at 0x14febfee7410>,17,28,[11  1],18,108,136,90,107
1,<environment.Job instance at 0x14ff0829f140>,6,27,[ 1 13],7,117,144,110,116
1,<environment.Job instance at 0x14febfee74b0>,19,27,[ 1 11],20,144,171,124,144
1,<environment.Job instance at 0x14febfee7320>,22,21,[14  1],23,153,174,130,153
1,<environment.Job instance at 0x14febfee72d0>,23,24,[ 1 12],24,171,195,147,170
1,<environment.Job instance at 0x14febfee7d70>,25,27,[8 1],26,175,202,149,175
1,<environment.Job instance at 0x14febfee7c30>,18,2,[ 1 12],19,195,197,176,190
1,<environment.Job instance at 0x14febfee70f0>,16,3,[13  1],17,249,252,232,249
1,<environment.Job instance at 0x14febfb43aa0>,29,26,[13  1],30,252,278,222,249
1,<environment.Job instance at 0x14febfb43f00>,30,23,[1 5],31,256,279,225,256
1,<environment.Job instance at 0x14febfb43870>,32,23,[14  1],33,278,301,245,275
1,<environment.Job instance at 0x14febfb430f0>,34,19,[2 5],35,301,320,266,301
1,<environment.Job instance at 0x14febfb43af0>,35,28,[ 1 13],36,320,348,284,319
1,<environment.Job instance at 0x14febfb435a0>,36,25,[14  1],37,320,345,283,319
1,<environment.Job instance at 0x14febfee7280>,27,14,[11  2],28,345,359,317,331
1,<environment.Job instance at 0x14febfb43140>,41,25,[ 2 12],42,348,373,306,344
1,<environment.Job instance at 0x14febfb435f0>,42,26,[14  1],43,373,399,330,370
1,<environment.Job instance at 0x14febfb43cd0>,43,22,[ 1 14],44,373,395,329,370
1,<environment.Job instance at 0x14febfb43fa0>,45,26,[5 1],46,399,425,353,396
1,<environment.Job instance at 0x14febfb43d20>,48,23,[6 1],49,402,425,353,402
1,<environment.Job instance at 0x14febfb43640>,50,18,[ 2 14],51,425,443,374,423
1,<environment.Job instance at 0x14febfb47b90>,52,25,[2 7],53,443,468,390,439
1,<environment.Job instance at 0x14febfb47730>,53,18,[ 1 11],54,472,490,418,472
1,<environment.Job instance at 0x14febfb47e60>,54,23,[ 2 10],55,490,513,435,484
1,<environment.Job instance at 0x14febfb47c30>,55,26,[14  2],56,513,539,457,510
1,<environment.Job instance at 0x14febfb47aa0>,56,17,[10  1],57,539,556,482,533
1,<environment.Job instance at 0x14febfb47d70>,57,24,[5 2],58,539,563,481,535
1,<environment.Job instance at 0x14febfb47b40>,58,1,[7 2],59,556,557,497,555
1,<environment.Job instance at 0x14febfb474b0>,59,27,[ 2 14],60,563,590,503,561
1,<environment.Job instance at 0x14febfb47370>,61,19,[1 8],62,590,609,528,585
1,<environment.Job instance at 0x14febfb47e10>,62,12,[14  1],63,593,605,530,593
1,<environment.Job instance at 0x14febfb47410>,63,17,[12  2],64,605,622,541,605
1,<environment.Job instance at 0x14febfb470f0>,64,27,[13  2],65,622,649,557,620
1,<environment.Job instance at 0x14febfb47960>,65,19,[12  1],66,649,668,583,641
1,<environment.Job instance at 0x14febfb47320>,66,24,[7 2],67,668,692,601,663
1,<environment.Job instance at 0x14febfb477d0>,67,2,[13  1],68,692,694,624,689
1,<environment.Job instance at 0x14febfb47d20>,68,25,[ 2 12],69,689,714,620,689
1,<environment.Job instance at 0x14febfb47be0>,69,3,[ 2 14],70,719,722,649,719
1,<environment.Job instance at 0x14febfb472d0>,70,27,[14  2],71,722,749,651,720
1,<environment.Job instance at 0x14ff0f557c30>,71,26,[6 2],72,749,775,677,746
1,<environment.Job instance at 0x14ff0f557140>,74,13,[6 1],75,750,763,675,750
1,<environment.Job instance at 0x14ff0829f640>,9,3,[ 2 14],10,775,778,765,764
1,<environment.Job instance at 0x14ff0f557f50>,76,24,[2 8],77,778,802,701,774
1,<environment.Job instance at 0x14ff0f5575a0>,75,20,[ 1 14],76,802,822,726,795
1,<environment.Job instance at 0x14ff0f557280>,78,24,[ 1 11],79,822,846,743,817
1,<environment.Job instance at 0x14ff0f5573c0>,79,28,[6 2],80,822,850,742,822
1,<environment.Job instance at 0x14ff0f557690>,80,19,[11  1],81,850,869,769,842
1,<environment.Job instance at 0x14ff0f5576e0>,82,18,[2 7],83,847,865,764,847
1,<environment.Job instance at 0x14ff0016ca50>,84,27,[ 2 11],85,865,892,780,863
1,<environment.Job instance at 0x14ff0016c370>,85,1,[9 2],86,869,870,783,863
1,<environment.Job instance at 0x14ff0016c230>,86,21,[ 2 14],87,892,913,805,884
1,<environment.Job instance at 0x14ff0016c460>,87,27,[ 2 11],88,913,940,825,911
1,<environment.Job instance at 0x14ff0016c190>,88,28,[9 1],89,912,940,823,912
1,<environment.Job instance at 0x14ff0016c730>,89,25,[13  1],90,940,965,850,936
1,<environment.Job instance at 0x14ff0016c4b0>,90,15,[13  1],91,965,980,874,963
1,<environment.Job instance at 0x14ff0016ce10>,91,18,[ 2 10],92,982,1000,890,982
1,<environment.Job instance at 0x14ff0016c820>,92,17,[ 2 14],93,1000,1017,907,990
1,<environment.Job instance at 0x14ff0016c9b0>,93,28,[ 2 12],94,1017,1045,923,1016
1,<environment.Job instance at 0x14ff0016c140>,94,20,[11  2],95,1017,1037,922,1016
1,<environment.Job instance at 0x14ff0016c8c0>,95,13,[14  1],96,1049,1062,953,1049
1,<environment.Job instance at 0x14ff0016caf0>,96,23,[1 7],97,1050,1073,953,1050
1,<environment.Job instance at 0x14ff0016caa0>,97,25,[12  2],98,1062,1087,964,1058
1,<environment.Job instance at 0x14ff0016cdc0>,98,1,[ 1 11],99,1081,1082,982,1081
1,<environment.Job instance at 0x14ff0016c1e0>,99,22,[5 1],100,1087,1109,987,1082
1,<environment.Job instance at 0x14ff0016c3c0>,100,2,[12  2],101,1109,1111,1008,1094
1,<environment.Job instance at 0x14ff0016cfa0>,101,15,[ 1 12],102,1099,1114,997,1099
1,<environment.Job instance at 0x14ff0016c2d0>,102,22,[6 1],103,1111,1133,1008,1104
1,<environment.Job instance at 0x14ff0016c320>,104,2,[10  1],105,1133,1135,1028,1108
1,<environment.Job instance at 0x14ff0016c280>,105,28,[8 1],106,1135,1163,1029,1134
1,<environment.Job instance at 0x14ff0f557190>,81,3,[ 1 11],82,1134,1137,1052,1134
1,<environment.Job instance at 0x14ff09773c30>,109,24,[5 1],110,1144,1168,1034,1144
1,<environment.Job instance at 0x14ff09773910>,107,20,[13  1],108,1168,1188,1060,1160
1,<environment.Job instance at 0x14ff09773a50>,110,14,[12  1],111,1188,1202,1077,1186
1,<environment.Job instance at 0x14ff09773870>,112,25,[1 8],113,1186,1211,1073,1186
1,<environment.Job instance at 0x14ff097736e0>,113,1,[5 2],114,1204,1205,1090,1204
1,<environment.Job instance at 0x14ff09773c80>,114,15,[13  2],115,1218,1233,1103,1218
1,<environment.Job instance at 0x14ff09773eb0>,115,19,[11  1],116,1233,1252,1117,1224
1,<environment.Job instance at 0x14ff09773820>,116,27,[ 1 11],117,1224,1251,1107,1224
1,<environment.Job instance at 0x14ff09773af0>,117,21,[13  1],118,1252,1273,1134,1246
1,<environment.Job instance at 0x14ff0b2a0960>,119,20,[5 2],120,1273,1293,1153,1265
1,<environment.Job instance at 0x14ff0b2a0910>,121,2,[13  1],122,1293,1295,1171,1278
1,<environment.Job instance at 0x14ff0b2a0e60>,123,24,[8 1],124,1295,1319,1171,1290
1,<environment.Job instance at 0x14ff0b2a0460>,124,21,[13  1],125,1319,1340,1194,1311
1,<environment.Job instance at 0x14ff0b2a09b0>,125,13,[ 1 12],126,1368,1381,1242,1368
1,<environment.Job instance at 0x14ff0b2a0280>,127,3,[ 1 11],128,1381,1384,1253,1380
1,<environment.Job instance at 0x14ff0b2a0b40>,128,23,[14  2],129,1380,1403,1251,1380
1,<environment.Job instance at 0x14ff0b2a0140>,130,17,[1 8],131,1406,1423,1275,1406
1,<environment.Job instance at 0x14ff0b2a0050>,131,12,[12  2],132,1462,1474,1330,1462
1,<environment.Job instance at 0x14ff0b2a0d70>,132,1,[14  1],133,1474,1475,1341,1467
1,<environment.Job instance at 0x14ff0b2a0aa0>,133,17,[5 2],134,1475,1492,1341,1470
1,<environment.Job instance at 0x14ff0b2a0be0>,134,13,[14  2],135,1492,1505,1357,1489
1,<environment.Job instance at 0x14ff0b2a03c0>,135,2,[12  2],136,1505,1507,1369,1502
1,<environment.Job instance at 0x14ff0b2a0370>,136,25,[11  1],137,1507,1532,1370,1503
1,<environment.Job instance at 0x14ff0b2a0870>,137,22,[1 9],138,1503,1525,1365,1503
1,<environment.Job instance at 0x14ff0b2a0d20>,138,13,[12  2],139,1534,1547,1395,1534
1,<environment.Job instance at 0x14ff0b2a0690>,139,3,[1 7],140,1547,1550,1407,1547
1,<environment.Job instance at 0x14ff0013b960>,141,16,[2 8],149,1548,1564,1399,1548
1,<environment.Job instance at 0x14ff0013bf50>,142,27,[9 1],151,1550,1577,1399,1548
1,<environment.Job instance at 0x14ff0013bd70>,143,16,[1 5],154,1552,1568,1398,1552
1,<environment.Job instance at 0x14ff0013b0f0>,144,19,[1 7],171,1564,1583,1393,1561
1,<environment.Job instance at 0x14ff0b824fa0>,145,2,[10  2],172,1577,1579,1405,1564
1,<environment.Job instance at 0x14ff00253910>,146,3,[13  2],176,1579,1582,1403,1566
1,<environment.Job instance at 0x14febfb43730>,38,15,[ 1 14],39,1669,1684,1630,1669
1,<environment.Job instance at 0x14febfee7960>,15,16,[ 1 12],16,1839,1855,1823,1839
1,<environment.Job instance at 0x14ff097730a0>,111,14,[ 1 11],112,2138,2152,2026,2138
1,<environment.Job instance at 0x14febfee7d20>,26,18,[ 1 12],27,2239,2257,2212,2239
1,<environment.Job instance at 0x14ff003c4e10>,1,23,[11  1],2,2,25,0,2
1,<environment.Job instance at 0x14ff003c4050>,3,1,[8 1],4,25,26,21,4
1,<environment.Job instance at 0x14ff10527d70>,5,20,[ 1 13],6,23,43,17,23
1,<environment.Job instance at 0x14ff10527820>,4,27,[11  2],5,26,53,21,24
1,<environment.Job instance at 0x14ff105271e0>,7,23,[ 1 13],8,43,66,35,37
1,<environment.Job instance at 0x14ff0f52da00>,13,2,[ 2 13],14,66,68,52,51
1,<environment.Job instance at 0x14ff0f52dc80>,15,24,[9 2],16,53,77,37,53
1,<environment.Job instance at 0x14ff0f52d640>,16,24,[2 8],17,68,92,51,64
1,<environment.Job instance at 0x14ff0f52d050>,17,25,[ 2 12],18,92,117,74,88
1,<environment.Job instance at 0x14ff0f52d280>,18,14,[11  1],19,99,113,80,99
1,<environment.Job instance at 0x14ff10527550>,2,17,[13  1],3,113,130,110,111
1,<environment.Job instance at 0x14ff0f52d230>,19,1,[12  2],20,130,131,110,114
1,<environment.Job instance at 0x14ff0f52d3c0>,21,26,[ 1 12],22,117,143,95,114
1,<environment.Job instance at 0x14ff0f52d9b0>,12,21,[14  1],13,131,152,118,124
1,<environment.Job instance at 0x14ff0f52db90>,23,19,[ 1 14],24,143,162,119,138
1,<environment.Job instance at 0x14ff0f52d6e0>,25,22,[13  1],26,152,174,126,147
1,<environment.Job instance at 0x14ff0f52dfa0>,20,17,[14  2],21,174,191,153,173
1,<environment.Job instance at 0x14ff0b7efd70>,31,3,[ 1 12],32,176,179,144,176
1,<environment.Job instance at 0x14ff0b7ef640>,32,27,[ 2 12],33,191,218,158,189
1,<environment.Job instance at 0x14ff0f52d140>,28,1,[ 1 13],29,230,231,201,230
1,<environment.Job instance at 0x14ff0b7efc30>,34,20,[ 2 14],35,239,259,204,239
1,<environment.Job instance at 0x14ff0b7ef320>,35,19,[11  1],36,251,270,215,251
1,<environment.Job instance at 0x14ff0b7ef550>,36,19,[11  2],37,270,289,233,267
1,<environment.Job instance at 0x14ff0b7ef500>,37,25,[13  1],38,289,314,251,285
1,<environment.Job instance at 0x14ff0b7ef4b0>,38,26,[5 1],39,314,340,275,314
1,<environment.Job instance at 0x14ff0b7ef280>,40,2,[ 1 11],41,327,329,286,327
1,<environment.Job instance at 0x14ff0b7ef8c0>,41,22,[ 1 11],42,329,351,287,327
1,<environment.Job instance at 0x14ff10527050>,10,16,[14  1],11,340,356,329,340
1,<environment.Job instance at 0x14ff0bb90c30>,45,25,[ 1 14],46,351,376,305,347
1,<environment.Job instance at 0x14ff0bb90730>,46,22,[13  1],47,356,378,309,349
1,<environment.Job instance at 0x14ff0bb90f50>,47,24,[ 1 11],48,376,400,328,371
1,<environment.Job instance at 0x14ff0f52d4b0>,30,13,[ 1 13],31,400,413,369,398
1,<environment.Job instance at 0x14ff0bbc4a50>,52,21,[ 1 13],53,413,434,360,405
1,<environment.Job instance at 0x14ff0bbc4050>,53,28,[ 1 13],54,434,462,380,433
1,<environment.Job instance at 0x14ff0bbc4e60>,55,27,[11  1],56,434,461,378,434
1,<environment.Job instance at 0x14ff0bbc48c0>,56,28,[13  1],57,461,489,404,460
1,<environment.Job instance at 0x14ff0b7efeb0>,33,12,[ 1 13],34,474,486,440,474
1,<environment.Job instance at 0x14febff7d820>,59,28,[ 2 14],60,486,514,426,485
1,<environment.Job instance at 0x14febff7d4b0>,60,21,[14  2],61,514,535,453,507
1,<environment.Job instance at 0x14ff0bbc4370>,58,3,[ 2 14],59,535,538,476,529
1,<environment.Job instance at 0x14ff0bb90a50>,48,3,[ 1 14],49,538,541,489,530
1,<environment.Job instance at 0x14febff7d910>,62,24,[8 1],63,535,559,472,530
1,<environment.Job instance at 0x14febff7de10>,65,27,[7 2],66,541,568,475,539
1,<environment.Job instance at 0x14febff7df00>,66,1,[5 1],67,559,560,492,542
1,<environment.Job instance at 0x14febff7d190>,68,26,[2 9],69,559,585,490,556
1,<environment.Job instance at 0x14febff7df50>,69,24,[ 1 14],70,585,609,515,580
1,<environment.Job instance at 0x14febff7d550>,71,19,[6 2],72,609,628,537,607
1,<environment.Job instance at 0x14febff7d870>,70,28,[2 8],71,609,637,538,608
1,<environment.Job instance at 0x14febff7dbe0>,73,28,[2 6],74,628,656,554,627
1,<environment.Job instance at 0x14ff0f548d70>,75,1,[12  2],76,637,638,561,627
1,<environment.Job instance at 0x14ff0f548820>,74,18,[12  2],75,638,656,563,632
1,<environment.Job instance at 0x14ff0f548140>,76,25,[ 2 14],77,656,681,579,652
1,<environment.Job instance at 0x14ff0f548eb0>,78,23,[14  1],79,681,704,602,675
1,<environment.Job instance at 0x14ff0bbc45f0>,51,16,[ 1 11],52,711,727,659,711
1,<environment.Job instance at 0x14ff0f5482d0>,79,17,[ 2 13],80,734,751,654,734
1,<environment.Job instance at 0x14ff0f548b40>,82,18,[10  1],83,737,755,654,737
1,<environment.Job instance at 0x14ff0f548c80>,83,27,[1 6],84,751,778,667,749
1,<environment.Job instance at 0x14ff0f548460>,84,21,[10  1],85,755,776,670,752
1,<environment.Job instance at 0x14ff0f5484b0>,80,14,[12  2],81,776,790,695,768
1,<environment.Job instance at 0x14ff09229460>,88,28,[ 2 11],89,778,806,689,777
1,<environment.Job instance at 0x14ff0b1a8550>,90,18,[11  1],91,802,820,711,802
1,<environment.Job instance at 0x14ff0b1de280>,91,20,[ 1 14],92,806,826,714,802
1,<environment.Job instance at 0x14ff0b1de870>,92,3,[ 2 14],93,826,829,733,819
1,<environment.Job instance at 0x14febfc152d0>,89,16,[12  2],90,829,845,739,819
1,<environment.Job instance at 0x14febfc11910>,96,18,[12  2],97,845,863,748,836
1,<environment.Job instance at 0x14febfc118c0>,97,21,[ 1 14],98,863,884,765,856
1,<environment.Job instance at 0x14ff00334780>,98,21,[ 2 12],99,884,905,785,876
1,<environment.Job instance at 0x14ff0b1d5410>,100,13,[6 1],101,898,911,797,898
1,<environment.Job instance at 0x14ff10619870>,102,24,[ 2 14],103,905,929,802,902
1,<environment.Job instance at 0x14ff0b1de2d0>,93,2,[12  1],94,928,930,834,928
1,<environment.Job instance at 0x14ff0a836a50>,106,23,[7 2],107,931,954,824,931
1,<environment.Job instance at 0x14febfdb3a50>,108,23,[2 7],109,932,955,823,932
1,<environment.Job instance at 0x14febfd6b190>,111,25,[6 1],112,943,968,831,943
1,<environment.Job instance at 0x14ff09256820>,104,3,[ 1 12],105,972,975,867,972
1,<environment.Job instance at 0x14ff0b13b1e0>,114,18,[12  1],115,973,991,858,973
1,<environment.Job instance at 0x14ff10561af0>,115,20,[ 1 11],116,975,995,859,973
1,<environment.Job instance at 0x14ff08139820>,116,2,[ 2 12],117,995,997,878,984
1,<environment.Job instance at 0x14ff0f548960>,81,16,[12  1],82,1000,1016,918,1000
1,<environment.Job instance at 0x14ff105674b0>,118,19,[ 2 14],119,1000,1019,881,1000
1,<environment.Job instance at 0x14ff0b35bd70>,119,24,[ 1 14],120,1019,1043,899,1014
1,<environment.Job instance at 0x14ff0fba4500>,120,28,[12  2],121,1043,1071,922,1042
1,<environment.Job instance at 0x14ff0969e640>,122,3,[14  2],123,1071,1074,948,1062
1,<environment.Job instance at 0x14ff0969ebe0>,124,3,[13  1],125,1074,1077,949,1070
1,<environment.Job instance at 0x14ff0802e910>,125,27,[ 1 10],126,1070,1097,944,1070
1,<environment.Job instance at 0x14ff081eed70>,126,24,[14  2],127,1077,1101,950,1073
1,<environment.Job instance at 0x14ff081ee5a0>,128,23,[ 1 13],129,1097,1120,968,1092
1,<environment.Job instance at 0x14ff081ee550>,129,21,[5 1],130,1101,1122,971,1094
1,<environment.Job instance at 0x14ff081ee2d0>,130,26,[14  2],131,1122,1148,991,1119
1,<environment.Job instance at 0x14ff081ee5f0>,131,26,[14  1],132,1148,1174,1016,1145
1,<environment.Job instance at 0x14ff0fea3b90>,117,14,[ 2 14],118,1174,1188,1056,1165
1,<environment.Job instance at 0x14ff081ee1e0>,134,20,[6 1],135,1174,1194,1039,1165
1,<environment.Job instance at 0x14febfd54f50>,136,3,[12  2],137,1194,1197,1057,1171
1,<environment.Job instance at 0x14febfd54c30>,137,21,[ 1 12],138,1188,1209,1050,1182
1,<environment.Job instance at 0x14febfd54dc0>,138,28,[7 1],139,1197,1225,1058,1197
1,<environment.Job instance at 0x14ff08112230>,139,23,[9 1],140,1225,1248,1085,1219
1,<environment.Job instance at 0x14ff08112f00>,140,20,[1 5],141,1219,1239,1078,1219
1,<environment.Job instance at 0x14ff08112c30>,141,3,[ 2 12],142,1239,1242,1097,1224
1,<environment.Job instance at 0x14ff081e5d70>,142,22,[11  1],143,1248,1270,1105,1241
1,<environment.Job instance at 0x14ff081e5870>,143,23,[12  2],144,1270,1293,1126,1264
1,<environment.Job instance at 0x14ff081e5b40>,144,27,[1 8],145,1264,1291,1119,1264
1,<environment.Job instance at 0x14ff081ee3c0>,133,1,[ 2 12],134,1291,1292,1157,1273
1,<environment.Job instance at 0x14ff081e5370>,145,17,[ 2 14],146,1293,1310,1147,1287
1,<environment.Job instance at 0x14febfd9bd20>,113,16,[11  1],114,1294,1310,1180,1294
1,<environment.Job instance at 0x14ff081e5780>,147,21,[ 1 12],148,1310,1331,1162,1303
1,<environment.Job instance at 0x14ff081e5190>,149,3,[5 1],150,1310,1313,1160,1310
1,<environment.Job instance at 0x14ff081e5cd0>,146,1,[ 2 11],147,1353,1354,1206,1353
1,<environment.Job instance at 0x14ff081e5280>,151,16,[ 1 12],174,1370,1386,1196,1370
1,<environment.Job instance at 0x14ff0011e780>,152,14,[11  1],177,1380,1394,1203,1380
1,<environment.Job instance at 0x14ff081e5e60>,148,16,[ 2 14],149,1386,1402,1237,1380
1,<environment.Job instance at 0x14ff10527d20>,6,14,[ 2 14],7,1499,1513,1492,1499
1,<environment.Job instance at 0x14febff7d230>,61,13,[ 1 14],62,1522,1535,1460,1522
1,<environment.Job instance at 0x14ff0c062a00>,1,24,[1 5],2,3,27,1,3
1,<environment.Job instance at 0x14ff0c062e10>,5,24,[7 1],6,6,30,0,6
1,<environment.Job instance at 0x14ff0c0620a0>,6,26,[6 1],7,8,34,1,8
1,<environment.Job instance at 0x14ff0c062c80>,9,27,[7 2],10,30,57,20,28
1,<environment.Job instance at 0x14ff0c062460>,3,26,[ 2 13],4,34,60,30,31
1,<environment.Job instance at 0x14ff0c062e60>,12,27,[ 1 14],13,60,87,47,58
1,<environment.Job instance at 0x14febfdc0820>,13,26,[8 1],14,58,84,44,58
1,<environment.Job instance at 0x14ff0c062b40>,7,2,[ 1 14],8,87,89,79,80
1,<environment.Job instance at 0x14febfdc0e60>,17,19,[ 1 11],18,89,108,71,80
1,<environment.Job instance at 0x14ff0c062140>,4,1,[11  2],5,89,90,84,86
1,<environment.Job instance at 0x14febfdc0640>,19,23,[5 2],20,90,113,70,86
1,<environment.Job instance at 0x14febfdc0dc0>,20,18,[2 8],21,108,126,87,99
1,<environment.Job instance at 0x14febfdc0b40>,24,2,[12  1],25,118,120,93,118
1,<environment.Job instance at 0x14febfdc00a0>,26,28,[14  1],27,126,154,99,125
1,<environment.Job instance at 0x14febfdc0d20>,28,27,[1 9],29,126,153,97,126
1,<environment.Job instance at 0x14ff0c062190>,10,1,[11  1],11,154,155,143,140
1,<environment.Job instance at 0x14febfdc02d0>,34,23,[ 1 11],35,156,179,121,156
1,<environment.Job instance at 0x14ff0b1ae550>,35,24,[13  1],36,156,180,120,156
1,<environment.Job instance at 0x14ff0b1ae960>,39,22,[2 5],40,179,201,139,172
1,<environment.Job instance at 0x14ff0b1ae870>,40,3,[ 1 14],41,207,210,166,207
1,<environment.Job instance at 0x14ff0b1aebe0>,41,28,[1 9],42,210,238,168,209
1,<environment.Job instance at 0x14ff0b1ae9b0>,43,2,[14  2],44,223,225,179,223
1,<environment.Job instance at 0x14ff0b1ae320>,44,28,[10  1],45,225,253,180,224
1,<environment.Job instance at 0x14ff0b1ae8c0>,45,25,[ 2 11],46,238,263,192,234
1,<environment.Job instance at 0x14ff0b1aec80>,46,3,[10  2],47,253,256,206,237
1,<environment.Job instance at 0x14ff0b1ae7d0>,47,23,[1 6],48,263,286,215,257
1,<environment.Job instance at 0x14ff0b1aef50>,48,2,[ 2 11],49,286,288,237,268
1,<environment.Job instance at 0x14ff0b1ae5a0>,49,3,[ 2 14],50,288,291,238,269
1,<environment.Job instance at 0x14ff0b1ae5f0>,50,12,[13  1],51,270,282,219,270
1,<environment.Job instance at 0x14ff0b1aeaa0>,51,21,[ 2 13],52,291,312,239,284
1,<environment.Job instance at 0x14ff0b1ae820>,52,14,[ 2 11],53,314,328,261,314
1,<environment.Job instance at 0x14febfdc06e0>,25,12,[ 1 11],26,336,348,310,336
1,<environment.Job instance at 0x14ff0fbf77d0>,55,28,[11  1],56,340,368,284,340
1,<environment.Job instance at 0x14ff0b1ae3c0>,53,12,[ 1 14],54,366,378,312,366
1,<environment.Job instance at 0x14ff0fbf7eb0>,57,26,[12  2],58,378,404,320,375
1,<environment.Job instance at 0x14ff0fbf7050>,58,18,[11  1],59,404,422,345,393
1,<environment.Job instance at 0x14ff0fbf7460>,59,26,[ 2 12],60,393,419,333,393
1,<environment.Job instance at 0x14ff09230780>,60,12,[10  2],61,422,434,361,421
1,<environment.Job instance at 0x14ff09230050>,61,16,[5 1],62,424,440,362,424
1,<environment.Job instance at 0x14ff0fbf7aa0>,56,19,[ 1 14],57,434,453,377,430
1,<environment.Job instance at 0x14ff092304b0>,64,25,[ 1 12],65,453,478,388,449
1,<environment.Job instance at 0x14ff092305a0>,65,21,[ 1 14],66,478,499,412,475
1,<environment.Job instance at 0x14ff092300f0>,66,27,[ 2 14],67,499,526,432,497
1,<environment.Job instance at 0x14ff0b1ae780>,38,13,[ 2 12],39,526,539,487,521
1,<environment.Job instance at 0x14ff092305f0>,70,25,[2 9],71,539,564,468,535
1,<environment.Job instance at 0x14ff09230a00>,71,2,[11  1],72,542,544,470,542
1,<environment.Job instance at 0x14ff09230190>,72,17,[2 6],73,556,573,483,556
1,<environment.Job instance at 0x14ff09230e60>,74,21,[8 2],75,564,585,489,561
1,<environment.Job instance at 0x14ff092308c0>,75,23,[13  2],76,585,608,509,579
1,<environment.Job instance at 0x14ff09230a50>,76,21,[13  2],77,608,629,531,600
1,<environment.Job instance at 0x14ff09230c80>,69,3,[11  2],70,629,632,559,604
1,<environment.Job instance at 0x14ff09230dc0>,79,27,[13  2],80,632,659,552,630
1,<environment.Job instance at 0x14ff0b1a8d70>,82,23,[ 2 11],83,641,664,558,641
1,<environment.Job instance at 0x14ff0b1a8550>,84,27,[12  2],85,659,686,574,657
1,<environment.Job instance at 0x14ff0b1a8a50>,85,1,[13  2],86,686,687,600,658
1,<environment.Job instance at 0x14ff0b1a8640>,86,26,[ 1 11],87,664,690,577,662
1,<environment.Job instance at 0x14ff0b1a8690>,87,25,[ 2 13],88,690,715,602,686
1,<environment.Job instance at 0x14ff0b1a81e0>,88,2,[1 9],89,715,717,626,698
1,<environment.Job instance at 0x14ff0b1a8780>,89,22,[ 1 12],90,717,739,627,710
1,<environment.Job instance at 0x14ff0b1a86e0>,90,23,[10  1],91,710,733,619,710
1,<environment.Job instance at 0x14ff0b1a89b0>,91,1,[11  2],92,733,734,641,715
1,<environment.Job instance at 0x14ff0b1a8be0>,92,3,[ 2 14],93,746,749,653,746
1,<environment.Job instance at 0x14ff0b1a80a0>,93,1,[ 1 11],94,769,770,675,769
1,<environment.Job instance at 0x14ff0b1a8eb0>,95,18,[ 1 12],96,782,800,686,782
1,<environment.Job instance at 0x14ff0b1a8b40>,96,3,[2 7],97,800,803,703,785
1,<environment.Job instance at 0x14febfd51a00>,97,16,[10  1],98,785,801,687,785
1,<environment.Job instance at 0x14ff0b1a82d0>,81,13,[11  2],82,801,814,719,786
1,<environment.Job instance at 0x14febfd51be0>,103,20,[8 2],104,814,834,710,805
1,<environment.Job instance at 0x14febfd51640>,104,20,[12  2],105,834,854,729,826
1,<environment.Job instance at 0x14febfd51320>,106,26,[1 7],107,828,854,721,828
1,<environment.Job instance at 0x14ff09230aa0>,62,12,[ 2 11],63,865,877,802,865
1,<environment.Job instance at 0x14febfd51550>,108,20,[ 1 13],109,877,897,768,873
1,<environment.Job instance at 0x14febfd51370>,109,28,[5 1],110,873,901,763,873
1,<environment.Job instance at 0x14febfd51af0>,110,2,[ 1 13],111,897,899,786,890
1,<environment.Job instance at 0x14febfd519b0>,111,26,[6 1],112,890,916,778,890
1,<environment.Job instance at 0x14febfd51f50>,112,22,[ 2 14],113,901,923,788,895
1,<environment.Job instance at 0x14febfd51820>,114,14,[8 2],115,924,938,809,924
1,<environment.Job instance at 0x14febfd51c80>,115,23,[ 1 14],116,938,961,822,932
1,<environment.Job instance at 0x14febfdb3960>,119,22,[7 1],120,946,968,826,946
1,<environment.Job instance at 0x14febfdb31e0>,120,19,[11  2],121,968,987,847,958
1,<environment.Job instance at 0x14febfdb3dc0>,121,21,[6 2],122,987,1008,865,983
1,<environment.Job instance at 0x14febfdb3c30>,122,20,[1 6],123,986,1006,863,986
1,<environment.Job instance at 0x14febfdb3640>,123,18,[8 1],124,987,1005,863,986
1,<environment.Job instance at 0x14febfdb3460>,124,24,[8 2],125,1005,1029,880,1000
1,<environment.Job instance at 0x14febfdb3a00>,126,25,[1 6],127,1021,1046,894,1021
1,<environment.Job instance at 0x14febfdb3780>,127,19,[6 2],128,1021,1040,893,1021
1,<environment.Job instance at 0x14febfd51cd0>,107,3,[ 1 13],108,1046,1049,938,1044
1,<environment.Job instance at 0x14febfdb3230>,129,20,[ 1 11],130,1049,1069,919,1045
1,<environment.Job instance at 0x14febfdb34b0>,131,24,[ 1 12],132,1069,1093,937,1066
1,<environment.Job instance at 0x14febfdb3140>,133,20,[ 2 12],134,1093,1113,959,1084
1,<environment.Job instance at 0x14febfd51780>,100,2,[12  2],101,1113,1115,1012,1113
1,<environment.Job instance at 0x14febfe4efa0>,135,23,[12  1],136,1115,1138,979,1113
1,<environment.Job instance at 0x14febfe4ed70>,136,23,[1 5],137,1113,1136,976,1113
1,<environment.Job instance at 0x14febfe4ecd0>,137,21,[ 2 11],138,1136,1157,998,1128
1,<environment.Job instance at 0x14febfdb3e10>,134,15,[11  1],135,1138,1153,1003,1128
1,<environment.Job instance at 0x14febfdb3f50>,128,16,[ 2 11],129,1158,1174,1029,1158
1,<environment.Job instance at 0x14ff0b1dec30>,142,22,[7 2],143,1159,1181,1016,1159
1,<environment.Job instance at 0x14febfe86410>,144,18,[ 1 11],145,1191,1209,1046,1191
1,<environment.Job instance at 0x14ff11cc8dc0>,145,25,[ 2 12],146,1209,1234,1063,1205
1,<environment.Job instance at 0x14ff11b3ac80>,146,17,[11  2],147,1218,1235,1071,1218
1,<environment.Job instance at 0x14febfd546e0>,147,24,[10  1],148,1235,1259,1087,1230
1,<environment.Job instance at 0x14ff0b0990f0>,148,18,[12  1],149,1259,1277,1110,1252
1,<environment.Job instance at 0x14ff0b867910>,149,22,[ 1 14],150,1254,1276,1104,1254
1,<environment.Job instance at 0x14ff105615f0>,151,12,[12  2],152,1277,1289,1125,1274
1,<environment.Job instance at 0x14ff0013edc0>,152,13,[ 1 11],153,1313,1326,1160,1313
1,<environment.Job instance at 0x14ff0c0627d0>,8,12,[ 2 14],9,1326,1338,1317,1315
1,<environment.Job instance at 0x14ff10561a00>,153,3,[14  2],154,1338,1341,1184,1330
1,<environment.Job instance at 0x14ff002825f0>,154,19,[ 1 13],157,1338,1357,1181,1336
1,<environment.Job instance at 0x14febfe45820>,158,18,[9 1],165,1349,1367,1184,1349
1,<environment.Job instance at 0x14febfe45730>,157,21,[1 5],163,1357,1378,1194,1351
1,<environment.Job instance at 0x14febfe45910>,159,18,[13  2],166,1367,1385,1201,1357
1,<environment.Job instance at 0x14ff0b25a910>,140,12,[12  2],141,1493,1505,1352,1493
1,<environment.Job instance at 0x14ff0fbbac30>,141,13,[ 1 14],142,1527,1540,1385,1527
1,<environment.Job instance at 0x14febfe45a50>,160,13,[ 1 13],173,1853,1866,1680,1853
1,<environment.Job instance at 0x14febfdc0870>,23,12,[ 1 13],24,2470,2482,2446,2470
1,<environment.Job instance at 0x14ff002456e0>,1,26,[14  2],2,2,28,0,2
1,<environment.Job instance at 0x14febf9d28c0>,7,23,[12  1],8,28,51,20,24
1,<environment.Job instance at 0x14febfdc0870>,3,19,[ 2 14],4,30,49,26,30
1,<environment.Job instance at 0x14febf9d2730>,5,27,[10  2],6,51,78,45,50
1,<environment.Job instance at 0x14febf9d2a50>,6,15,[11  2],7,78,93,71,69
1,<environment.Job instance at 0x14febfe37550>,15,18,[2 7],16,70,88,54,70
1,<environment.Job instance at 0x14febfe37e60>,16,21,[11  2],17,93,114,76,85
1,<environment.Job instance at 0x14febf81e640>,0,2,[ 1 14],1,114,116,113,93
1,<environment.Job instance at 0x14febfe37af0>,20,23,[12  2],21,116,139,95,110
1,<environment.Job instance at 0x14febfe37aa0>,17,21,[ 2 12],18,116,137,98,112
1,<environment.Job instance at 0x14febfe37c80>,24,1,[13  1],25,139,140,114,131
1,<environment.Job instance at 0x14febfe37780>,25,27,[ 1 14],26,139,166,113,137
1,<environment.Job instance at 0x14febfe37a00>,23,16,[11  1],24,155,171,131,155
1,<environment.Job instance at 0x14ff0fb981e0>,28,2,[12  2],29,171,173,142,157
1,<environment.Job instance at 0x14ff0fb98d70>,29,16,[2 8],30,166,182,136,160
1,<environment.Job instance at 0x14ff0fb98500>,31,22,[10  2],32,173,195,141,167
1,<environment.Job instance at 0x14ff0fb98640>,30,23,[1 9],31,182,205,151,176
1,<environment.Job instance at 0x14ff0fb98b40>,33,18,[13  1],34,195,213,161,186
1,<environment.Job instance at 0x14ff0fb98910>,36,24,[ 2 13],37,205,229,168,200
1,<environment.Job instance at 0x14ff0fb98c80>,38,26,[ 1 12],39,229,255,190,226
1,<environment.Job instance at 0x14ff0fb98eb0>,34,2,[14  2],35,236,238,201,236
1,<environment.Job instance at 0x14febfe375f0>,12,14,[13  2],13,238,252,225,236
1,<environment.Job instance at 0x14ff0fb98be0>,40,24,[11  2],41,252,276,211,247
1,<environment.Job instance at 0x14ff0fb98230>,43,20,[ 2 14],44,276,296,232,267
1,<environment.Job instance at 0x14ff0fb98280>,44,23,[6 1],45,276,299,231,271
1,<environment.Job instance at 0x14ff0fb98050>,42,1,[14  1],43,299,300,256,280
1,<environment.Job instance at 0x14ff0fb983c0>,46,17,[13  1],47,300,317,253,294
1,<environment.Job instance at 0x14ff0fb98dc0>,48,14,[11  2],49,317,331,268,314
1,<environment.Job instance at 0x14ff0fb98a00>,49,26,[9 1],50,331,357,281,328
1,<environment.Job instance at 0x14febf86b5a0>,51,21,[2 8],52,329,350,277,329
1,<environment.Job instance at 0x14febf86bdc0>,54,28,[11  1],55,357,385,302,356
1,<environment.Job instance at 0x14febf86b870>,55,28,[ 2 10],56,356,384,300,356
1,<environment.Job instance at 0x14febf86b1e0>,56,23,[12  1],57,385,408,328,379
1,<environment.Job instance at 0x14febf86bb90>,57,2,[10  1],58,408,410,350,382
1,<environment.Job instance at 0x14ff0fb98f50>,47,17,[ 1 14],48,411,428,363,411
1,<environment.Job instance at 0x14febf86b500>,58,14,[ 1 11],59,428,442,369,417
1,<environment.Job instance at 0x14febf86ba00>,61,20,[10  2],62,428,448,366,419
1,<environment.Job instance at 0x14febf86b190>,65,3,[6 1],66,424,427,358,424
1,<environment.Job instance at 0x14febf86b460>,64,18,[ 2 13],65,442,460,377,434
1,<environment.Job instance at 0x14febf86b910>,68,3,[12  2],69,448,451,379,434
1,<environment.Job instance at 0x14febfe37d70>,13,2,[14  2],14,460,462,446,437
1,<environment.Job instance at 0x14febff90fa0>,72,24,[11  1],73,462,486,389,457
1,<environment.Job instance at 0x14febff90320>,73,25,[ 1 10],74,460,485,386,457
1,<environment.Job instance at 0x14febf86bf00>,69,14,[13  1],70,542,556,472,542
1,<environment.Job instance at 0x14febff907d0>,76,27,[2 6],77,544,571,467,544
1,<environment.Job instance at 0x14febff90b40>,77,25,[1 9],78,556,581,478,553
1,<environment.Job instance at 0x14febff908c0>,78,25,[9 1],79,571,596,492,567
1,<environment.Job instance at 0x14febff90cd0>,80,17,[ 2 12],81,581,598,500,579
1,<environment.Job instance at 0x14febff90f00>,82,23,[11  2],83,596,619,513,590
1,<environment.Job instance at 0x14febff902d0>,83,25,[12  1],84,619,644,535,615
1,<environment.Job instance at 0x14febff90c80>,84,20,[ 1 12],85,620,640,535,620
1,<environment.Job instance at 0x14febff905a0>,85,28,[ 1 10],86,640,668,554,639
1,<environment.Job instance at 0x14febff900f0>,87,27,[9 1],88,644,671,556,642
1,<environment.Job instance at 0x14febfd46cd0>,88,26,[ 1 14],89,668,694,579,665
1,<environment.Job instance at 0x14febfd46a00>,89,24,[5 1],90,671,695,581,669
1,<environment.Job instance at 0x14febfbfe870>,92,21,[12  2],93,695,716,602,692
1,<environment.Job instance at 0x14febfbfe5a0>,93,28,[ 1 11],94,694,722,600,693
1,<environment.Job instance at 0x14febfbfe640>,95,24,[6 2],96,716,740,620,712
1,<environment.Job instance at 0x14febfbfea00>,97,25,[ 2 14],98,740,765,642,736
1,<environment.Job instance at 0x14febfbfe320>,98,14,[12  2],99,765,779,666,756
1,<environment.Job instance at 0x14febfe37640>,9,15,[ 1 12],10,779,794,769,779
1,<environment.Job instance at 0x14febfbfe190>,103,3,[6 2],104,780,783,676,780
1,<environment.Job instance at 0x14ff0c0623c0>,105,19,[13  1],106,783,802,677,780
1,<environment.Job instance at 0x14ff0c062d70>,107,26,[10  2],108,802,828,694,799
1,<environment.Job instance at 0x14ff0b801cd0>,108,2,[13  2],109,828,830,719,809
1,<environment.Job instance at 0x14ff0b801c80>,109,22,[2 9],110,809,831,699,809
1,<environment.Job instance at 0x14febff808c0>,110,20,[6 2],111,830,850,719,822
1,<environment.Job instance at 0x14febff80730>,111,19,[ 2 12],112,831,850,719,830
1,<environment.Job instance at 0x14febff80d20>,112,3,[8 2],113,851,854,738,851
1,<environment.Job instance at 0x14febff80d70>,113,25,[12  1],114,854,879,740,851
1,<environment.Job instance at 0x14febff80320>,114,24,[2 5],115,851,875,736,851
1,<environment.Job instance at 0x14febff80cd0>,115,20,[14  2],116,879,899,763,870
1,<environment.Job instance at 0x14febff806e0>,116,23,[12  2],117,899,922,782,893
1,<environment.Job instance at 0x14febff80e60>,118,22,[13  2],119,922,944,803,915
1,<environment.Job instance at 0x14febff80dc0>,119,3,[ 1 13],120,937,940,817,937
1,<environment.Job instance at 0x14febff80a50>,120,1,[1 5],121,941,942,820,941
1,<environment.Job instance at 0x14ff104fcaa0>,121,3,[9 2],122,944,947,822,942
1,<environment.Job instance at 0x14ff104fc5a0>,122,1,[ 2 10],123,949,950,826,949
1,<environment.Job instance at 0x14ff104fc320>,123,24,[1 5],124,949,973,825,949
1,<environment.Job instance at 0x14ff104fc780>,124,22,[14  2],125,950,972,825,949
1,<environment.Job instance at 0x14ff104fc5f0>,125,14,[ 2 14],126,973,987,847,967
1,<environment.Job instance at 0x14ff104fce60>,126,15,[11  2],127,991,1006,864,991
1,<environment.Job instance at 0x14ff104fca00>,127,25,[ 2 11],128,991,1016,863,991
1,<environment.Job instance at 0x14ff104fc1e0>,128,26,[13  1],129,1006,1032,877,1003
1,<environment.Job instance at 0x14ff104fcc80>,129,25,[7 2],130,1032,1057,902,1028
1,<environment.Job instance at 0x14ff104fcfa0>,130,3,[11  2],131,1057,1060,926,1036
1,<environment.Job instance at 0x14ff0010df00>,131,24,[ 2 10],132,1036,1060,904,1036
1,<environment.Job instance at 0x14febfc9d640>,132,19,[ 1 11],133,1060,1079,927,1056
1,<environment.Job instance at 0x14ff0824bd20>,133,23,[2 6],134,1079,1102,945,1073
1,<environment.Job instance at 0x14ff0824b410>,134,23,[ 2 11],135,1102,1125,967,1096
1,<environment.Job instance at 0x14ff0824b460>,135,1,[2 6],136,1098,1099,962,1098
1,<environment.Job instance at 0x14ff0b1de870>,136,1,[5 2],137,1101,1102,964,1101
1,<environment.Job instance at 0x14ff0c062eb0>,104,15,[ 2 13],105,1125,1140,1020,1111
1,<environment.Job instance at 0x14ff0b1aaa50>,138,19,[5 2],139,1111,1130,972,1111
1,<environment.Job instance at 0x14ff0824b0f0>,139,16,[ 1 12],140,1146,1162,1006,1146
1,<environment.Job instance at 0x14ff0fb98e10>,39,14,[14  2],40,1188,1202,1148,1188
1,<environment.Job instance at 0x14ff0b1d5d20>,142,23,[9 2],143,1202,1225,1059,1198
1,<environment.Job instance at 0x14ff0802e960>,143,28,[ 2 11],144,1202,1230,1058,1201
1,<environment.Job instance at 0x14ff001e91e0>,144,22,[12  1],145,1225,1247,1080,1220
1,<environment.Job instance at 0x14ff0824b780>,140,2,[ 1 12],141,1246,1248,1105,1246
1,<environment.Job instance at 0x14ff001e9be0>,146,23,[11  2],147,1247,1270,1100,1246
1,<environment.Job instance at 0x14ff000af190>,147,21,[2 8],148,1248,1269,1100,1247
1,<environment.Job instance at 0x14febff4ddc0>,148,25,[10  2],149,1270,1295,1121,1266
1,<environment.Job instance at 0x14ff0b89ac30>,150,23,[2 5],158,1276,1299,1118,1276
1,<environment.Job instance at 0x14ff000afaa0>,151,24,[12  2],161,1295,1319,1134,1290
1,<environment.Job instance at 0x14febfbeea00>,152,2,[ 2 13],168,1325,1327,1157,1325
1,<environment.Job instance at 0x14ff0fea2f00>,154,21,[ 2 10],177,1328,1349,1151,1328
1,<environment.Job instance at 0x14febff909b0>,71,16,[ 1 14],72,1382,1398,1310,1382
1,<environment.Job instance at 0x14ff000af820>,145,16,[ 1 13],146,1414,1430,1268,1414
1,<environment.Job instance at 0x14febff90d20>,75,15,[ 1 13],76,1499,1514,1423,1499
1,<environment.Job instance at 0x14ff0b1aa5f0>,137,13,[ 2 14],138,1685,1698,1547,1685
