iteration,job object,job ID,job Length,job ressource requirement,job enter time,job start time,job finish time,job waiting time,current time
1,<environment.Job instance at 0x7f0ce9bc22d0>,6,18,[6 2],12,14,32,2,12
1,<environment.Job instance at 0x7f0ce9bc20f0>,12,2,[ 4 10],19,32,34,13,19
1,<environment.Job instance at 0x7f0ce9bc2a00>,13,13,[7 3],20,34,47,14,25
1,<environment.Job instance at 0x7f0ce9bc2d70>,18,1,[7 5],30,47,48,17,30
1,<environment.Job instance at 0x7f0ce9bc61e0>,19,1,[6 5],31,48,49,17,31
1,<environment.Job instance at 0x7f0ce9bc6280>,20,1,[2 7],32,34,35,2,32
1,<environment.Job instance at 0x7f0ce9bc6640>,23,12,[ 5 10],35,49,61,14,37
1,<environment.Job instance at 0x7f0ce9bc6e10>,30,13,[4 7],51,61,74,10,53
1,<environment.Job instance at 0x7f0ce9bc4280>,34,13,[2 8],57,74,87,17,62
1,<environment.Job instance at 0x7f0ce9bc4410>,36,1,[8 1],59,74,75,15,71
1,<environment.Job instance at 0x7f0ce9bc42d0>,37,13,[9 5],61,87,100,26,71
1,<environment.Job instance at 0x7f0ce9bc4f50>,43,23,[6 4],72,100,123,28,100
1,<environment.Job instance at 0x7f0ce9bc4dc0>,44,22,[4 6],74,102,124,28,102
1,<environment.Job instance at 0x7f0ce9bcae10>,61,3,[7 4],97,124,127,27,109
1,<environment.Job instance at 0x7f0ce9bce500>,64,21,[5 3],101,127,148,26,119
1,<environment.Job instance at 0x7f0ce9bceaf0>,1,13,[8 5],3,3,16,0,3
1,<environment.Job instance at 0x7f0ceae8ef00>,7,15,[7 3],11,16,31,5,12
1,<environment.Job instance at 0x7f0ceae936e0>,12,27,[1 6],16,17,44,1,17
1,<environment.Job instance at 0x7f0ceae93c30>,18,16,[1 9],25,44,60,19,32
1,<environment.Job instance at 0x7f0cead49cd0>,21,14,[9 5],31,60,74,29,45
1,<environment.Job instance at 0x7f0ceae9d730>,29,2,[8 1],39,55,57,16,55
1,<environment.Job instance at 0x7f0ceae93280>,16,15,[2 7],23,74,89,51,60
1,<environment.Job instance at 0x7f0ceae98d70>,38,2,[4 9],49,89,91,40,71
1,<environment.Job instance at 0x7f0ceae9d8c0>,32,14,[3 6],42,91,105,49,80
1,<environment.Job instance at 0x7f0ceae980f0>,44,16,[7 2],59,91,107,32,81
1,<environment.Job instance at 0x7f0ceae8f640>,48,2,[9 5],64,107,109,43,82
1,<environment.Job instance at 0x7f0cead48c80>,52,14,[ 2 10],71,109,123,38,94
1,<environment.Job instance at 0x7f0cead482d0>,54,13,[2 8],73,123,136,50,107
1,<environment.Job instance at 0x7f0ceada8a50>,67,3,[1 7],91,136,139,45,119
1,<environment.Job instance at 0x7f0ceada83c0>,66,15,[6 5],90,139,154,49,128
1,<environment.Job instance at 0x7f0ceada86e0>,2,14,[4 6],5,5,19,0,5
1,<environment.Job instance at 0x7f0cabe823c0>,4,18,[6 1],8,8,26,0,8
1,<environment.Job instance at 0x7f0cabfbcaf0>,16,12,[9 1],26,26,38,0,26
1,<environment.Job instance at 0x7f0cabfbc320>,19,13,[1 9],32,32,45,0,32
1,<environment.Job instance at 0x7f0cabf6d5f0>,21,15,[ 5 10],34,45,60,11,34
1,<environment.Job instance at 0x7f0cabf6db90>,31,23,[6 3],50,60,83,10,54
1,<environment.Job instance at 0x7f0cabf6ddc0>,38,14,[5 9],62,83,97,21,74
1,<environment.Job instance at 0x7f0cabfa0320>,42,3,[7 1],67,97,100,30,93
1,<environment.Job instance at 0x7f0cabfa0af0>,41,24,[9 1],66,100,124,34,96
1,<environment.Job instance at 0x7f0cabfa04b0>,52,14,[4 7],81,127,141,46,127
1,<environment.Job instance at 0x7f0cabfa01e0>,54,1,[8 1],83,141,142,58,127
1,<environment.Job instance at 0x7f0cabf50eb0>,57,3,[4 9],87,142,145,55,129
1,<environment.Job instance at 0x7f0cabf50e60>,60,14,[ 3 10],92,145,159,53,132
1,<environment.Job instance at 0x7f0cac321b90>,6,22,[5 9],10,10,32,0,10
1,<environment.Job instance at 0x7f0cac321d70>,9,14,[1 5],16,32,46,16,17
1,<environment.Job instance at 0x7f0cac321690>,10,16,[1 9],18,46,62,28,33
1,<environment.Job instance at 0x7f0cac390d20>,27,17,[7 1],45,45,62,0,45
1,<environment.Job instance at 0x7f0cac205500>,41,17,[8 2],64,68,85,4,68
1,<environment.Job instance at 0x7f0cabf5e460>,50,28,[5 5],75,104,132,29,104
1,<environment.Job instance at 0x7f0cabf8feb0>,5,28,[2 8],6,12,40,6,12
1,<environment.Job instance at 0x7f0cac2a8460>,21,13,[6 2],29,29,42,0,29
1,<environment.Job instance at 0x7f0cac2a86e0>,23,1,[5 4],33,42,43,9,34
1,<environment.Job instance at 0x7f0cac2a8690>,25,18,[1 6],35,40,58,5,37
1,<environment.Job instance at 0x7f0cac2a8d20>,34,1,[10  4],45,58,59,13,47
1,<environment.Job instance at 0x7f0cabdc2050>,35,3,[6 4],46,49,52,3,49
1,<environment.Job instance at 0x7f0cac2a8910>,28,21,[8 5],38,59,80,21,55
1,<environment.Job instance at 0x7f0cabdc2460>,43,12,[8 2],58,80,92,22,71
1,<environment.Job instance at 0x7f0cabdc27d0>,45,13,[1 5],60,74,87,14,74
1,<environment.Job instance at 0x7f0cabdc2be0>,51,18,[3 6],68,92,110,24,86
1,<environment.Job instance at 0x7f0cabdc5410>,56,13,[3 8],77,110,123,33,104
1,<environment.Job instance at 0x7f0cabdc5960>,61,17,[5 9],84,123,140,39,112
1,<environment.Job instance at 0x7f0cabdc6050>,70,16,[3 9],98,140,156,42,127
1,<environment.Job instance at 0x7f0cac27cb90>,11,12,[9 1],13,18,30,5,18
1,<environment.Job instance at 0x7f0cac27c460>,12,13,[7 4],14,30,43,16,18
1,<environment.Job instance at 0x7f0cea10de60>,17,23,[5 7],21,43,66,22,41
1,<environment.Job instance at 0x7f0cac321c30>,45,21,[10  5],59,135,156,76,135
1,<environment.Job instance at 0x7f0cea10ddc0>,1,13,[9 4],2,2,15,0,2
1,<environment.Job instance at 0x7f0ce9cc95a0>,4,21,[2 6],5,15,36,10,7
1,<environment.Job instance at 0x7f0ce9f861e0>,17,13,[6 5],19,36,49,17,20
1,<environment.Job instance at 0x7f0cac04cfa0>,24,20,[9 5],32,49,69,17,40
1,<environment.Job instance at 0x7f0cea0874b0>,36,16,[7 4],58,69,85,11,60
1,<environment.Job instance at 0x7f0cea087820>,46,14,[5 4],71,85,99,14,71
1,<environment.Job instance at 0x7f0cabebbbe0>,52,1,[6 5],81,99,100,18,81
1,<environment.Job instance at 0x7f0cac3b20f0>,54,25,[ 1 10],86,100,125,14,98
1,<environment.Job instance at 0x7f0cac0ed4b0>,62,13,[7 1],103,125,138,22,117
1,<environment.Job instance at 0x7f0ce9eb9c80>,66,16,[3 5],107,125,141,18,117
1,<environment.Job instance at 0x7f0cac0a0c30>,1,18,[5 5],3,4,22,1,4
1,<environment.Job instance at 0x7f0ceadaa780>,6,2,[10  5],11,22,24,11,11
1,<environment.Job instance at 0x7f0cabe83fa0>,14,27,[1 6],24,24,51,0,24
1,<environment.Job instance at 0x7f0cabea4370>,17,2,[7 5],29,51,53,22,31
1,<environment.Job instance at 0x7f0cabea4a00>,26,17,[ 4 10],42,63,80,21,63
1,<environment.Job instance at 0x7f0cabea4cd0>,31,3,[7 1],47,80,83,33,69
1,<environment.Job instance at 0x7f0cabea4af0>,28,22,[3 9],44,80,102,36,73
1,<environment.Job instance at 0x7f0cabe89410>,42,18,[5 4],60,102,120,42,91
1,<environment.Job instance at 0x7f0cabe899b0>,47,3,[7 1],67,120,123,53,102
1,<environment.Job instance at 0x7f0cabe89af0>,49,13,[10  1],71,123,136,52,107
1,<environment.Job instance at 0x7f0cabe89d20>,50,2,[2 7],78,120,122,42,108
1,<environment.Job instance at 0x7f0cabe89eb0>,51,15,[8 1],79,136,151,57,123
1,<environment.Job instance at 0x7f0cabe89a50>,48,17,[2 7],69,136,153,67,127
1,<environment.Job instance at 0x7f0cabe9e7d0>,61,13,[8 2],93,151,164,58,135
1,<environment.Job instance at 0x7f0cabe9ed70>,2,14,[8 3],5,7,21,2,7
1,<environment.Job instance at 0x7f0cac281690>,10,18,[7 2],19,21,39,2,19
1,<environment.Job instance at 0x7f0cea066fa0>,12,3,[5 6],21,39,42,18,24
1,<environment.Job instance at 0x7f0cea066780>,18,19,[2 7],29,42,61,13,32
1,<environment.Job instance at 0x7f0ce99a60a0>,28,12,[5 4],42,61,73,19,56
1,<environment.Job instance at 0x7f0ce9ce4870>,29,15,[1 6],43,61,76,18,56
1,<environment.Job instance at 0x7f0cac546a00>,32,17,[5 2],46,73,90,27,61
1,<environment.Job instance at 0x7f0ce9b51a50>,40,17,[4 6],57,76,93,19,69
1,<environment.Job instance at 0x7f0ce9a24460>,43,20,[1 7],60,93,113,33,85
1,<environment.Job instance at 0x7f0ce99bea50>,48,18,[5 2],71,92,110,21,92
1,<environment.Job instance at 0x7f0cea05e0f0>,52,3,[5 7],75,113,116,38,113
1,<environment.Job instance at 0x7f0cea05efa0>,55,13,[5 5],81,116,129,35,113
1,<environment.Job instance at 0x7f0cac356640>,57,12,[1 7],88,129,141,41,113
1,<environment.Job instance at 0x7f0cea05e190>,54,13,[ 2 10],80,141,154,61,126
1,<environment.Job instance at 0x7f0cac0932d0>,1,16,[4 8],4,4,20,0,4
1,<environment.Job instance at 0x7f0ce9e912d0>,3,13,[2 9],6,20,33,14,6
1,<environment.Job instance at 0x7f0cac20c500>,11,3,[5 5],20,33,36,13,20
1,<environment.Job instance at 0x7f0cea6b4b90>,8,17,[1 8],16,36,53,20,25
1,<environment.Job instance at 0x7f0cea4ca140>,22,15,[3 6],33,53,68,20,47
1,<environment.Job instance at 0x7f0cac4899b0>,31,18,[10  4],50,68,86,18,57
1,<environment.Job instance at 0x7f0ce9d7a190>,34,18,[3 6],53,86,104,33,75
1,<environment.Job instance at 0x7f0ce9f2b910>,36,20,[10  2],56,104,124,48,95
1,<environment.Job instance at 0x7f0cea34a6e0>,44,2,[6 3],68,95,97,27,95
1,<environment.Job instance at 0x7f0cea34a3c0>,45,3,[6 2],71,97,100,26,95
1,<environment.Job instance at 0x7f0ce9e87c30>,50,1,[2 7],78,124,125,46,104
1,<environment.Job instance at 0x7f0ce9e878c0>,52,3,[2 6],80,125,128,45,105
1,<environment.Job instance at 0x7f0ce9e87640>,53,12,[4 8],81,128,140,47,111
1,<environment.Job instance at 0x7f0ce9e873c0>,57,2,[5 5],85,140,142,55,115
1,<environment.Job instance at 0x7f0ce9e87c80>,56,15,[4 7],84,142,157,58,128
1,<environment.Job instance at 0x7f0ce9f2b960>,2,15,[4 9],4,4,19,0,4
1,<environment.Job instance at 0x7f0cea6b4780>,3,15,[1 6],5,19,34,14,5
1,<environment.Job instance at 0x7f0ce9cd36e0>,7,16,[5 1],10,10,26,0,10
1,<environment.Job instance at 0x7f0ce99be140>,9,13,[5 2],12,26,39,14,12
1,<environment.Job instance at 0x7f0cac0ae820>,11,16,[7 4],16,39,55,23,26
1,<environment.Job instance at 0x7f0cac05a8c0>,13,18,[5 2],18,55,73,37,48
1,<environment.Job instance at 0x7f0cac076190>,25,2,[3 5],36,48,50,12,48
1,<environment.Job instance at 0x7f0cac0763c0>,28,16,[2 7],39,55,71,16,50
1,<environment.Job instance at 0x7f0cac0764b0>,31,2,[4 5],43,71,73,28,52
1,<environment.Job instance at 0x7f0cac05ab40>,22,18,[8 1],32,73,91,41,63
1,<environment.Job instance at 0x7f0cac0767d0>,35,15,[1 6],50,73,88,23,67
1,<environment.Job instance at 0x7f0cac044af0>,56,26,[5 9],78,108,134,30,108
1,<environment.Job instance at 0x7f0cac04e730>,66,19,[9 4],91,134,153,43,133
1,<environment.Job instance at 0x7f0cac04e730>,2,17,[5 6],4,4,21,0,4
1,<environment.Job instance at 0x7f0cead4a230>,17,15,[8 4],22,24,39,2,24
1,<environment.Job instance at 0x7f0cac093dc0>,18,1,[2 5],24,33,34,9,33
1,<environment.Job instance at 0x7f0cabe68820>,6,13,[6 3],9,39,52,30,39
1,<environment.Job instance at 0x7f0cea66b050>,25,12,[8 3],34,52,64,18,41
1,<environment.Job instance at 0x7f0cabe8c230>,35,13,[8 2],51,64,77,13,54
1,<environment.Job instance at 0x7f0cea3c01e0>,41,17,[8 1],61,77,94,16,69
1,<environment.Job instance at 0x7f0cea4e2460>,45,16,[6 4],66,94,110,28,84
1,<environment.Job instance at 0x7f0cac1e5690>,58,12,[10  5],81,110,122,29,107
1,<environment.Job instance at 0x7f0cac1e59b0>,68,17,[5 3],93,122,139,29,122
1,<environment.Job instance at 0x7f0cea2b5910>,2,18,[2 8],5,5,23,0,5
1,<environment.Job instance at 0x7f0cea87b3c0>,9,18,[1 8],14,23,41,9,14
1,<environment.Job instance at 0x7f0ce9ec0c30>,14,1,[8 4],21,41,42,20,21
1,<environment.Job instance at 0x7f0ce9ec0a50>,15,2,[8 3],25,42,44,17,26
1,<environment.Job instance at 0x7f0ce9ec0460>,16,13,[6 4],28,44,57,16,28
1,<environment.Job instance at 0x7f0cea87b5a0>,6,16,[6 2],11,57,73,46,49
1,<environment.Job instance at 0x7f0ce9d112d0>,25,12,[5 5],40,73,85,33,58
1,<environment.Job instance at 0x7f0ce9d11eb0>,26,2,[4 5],42,60,62,18,60
1,<environment.Job instance at 0x7f0cea6f4e60>,31,13,[6 5],49,85,98,36,82
1,<environment.Job instance at 0x7f0cea6f4b90>,33,3,[6 4],53,98,101,45,82
1,<environment.Job instance at 0x7f0cea6f4f50>,32,1,[ 3 10],52,101,102,49,82
1,<environment.Job instance at 0x7f0cea6f4dc0>,35,1,[5 5],55,82,83,27,82
1,<environment.Job instance at 0x7f0cea6f4780>,36,2,[7 5],56,102,104,46,82
1,<environment.Job instance at 0x7f0cea6f45a0>,38,3,[2 8],58,104,107,46,87
1,<environment.Job instance at 0x7f0cea6f4550>,42,16,[5 5],63,107,123,44,95
1,<environment.Job instance at 0x7f0cea6f4690>,39,17,[9 3],59,123,140,64,113
1,<environment.Job instance at 0x7f0cac229870>,53,13,[9 1],77,140,153,63,137
1,<environment.Job instance at 0x7f0ce9b35b90>,10,16,[4 6],16,18,34,2,18
1,<environment.Job instance at 0x7f0ce9d24cd0>,15,13,[3 6],23,34,47,11,23
1,<environment.Job instance at 0x7f0cabeb1b40>,28,18,[10  4],44,47,65,3,46
1,<environment.Job instance at 0x7f0cabe99870>,35,13,[1 6],54,65,78,11,56
1,<environment.Job instance at 0x7f0cea1dc410>,36,15,[9 4],55,65,80,10,57
1,<environment.Job instance at 0x7f0cac3cbc80>,41,17,[1 6],60,78,95,18,67
1,<environment.Job instance at 0x7f0ce9d09eb0>,51,14,[5 9],76,106,120,30,106
1,<environment.Job instance at 0x7f0cac1bb8c0>,55,20,[3 7],81,120,140,39,112
1,<environment.Job instance at 0x7f0cac1bb0f0>,64,13,[3 6],90,140,153,50,135
1,<environment.Job instance at 0x7f0cac1bb140>,65,17,[7 2],91,135,152,44,135
1,<environment.Job instance at 0x7f0cabf09e10>,0,27,[3 7],1,1,28,0,1
1,<environment.Job instance at 0x7f0ce9d24050>,2,15,[ 4 10],3,28,43,25,16
1,<environment.Job instance at 0x7f0cac3f50f0>,16,13,[7 1],23,43,56,20,28
1,<environment.Job instance at 0x7f0cac3d9eb0>,23,3,[7 3],32,56,59,24,46
1,<environment.Job instance at 0x7f0cac1909b0>,26,2,[2 8],35,47,49,12,47
1,<environment.Job instance at 0x7f0cac190eb0>,27,13,[1 8],36,59,72,23,48
1,<environment.Job instance at 0x7f0cac190730>,28,2,[10  4],38,72,74,34,50
1,<environment.Job instance at 0x7f0cea5a7aa0>,30,14,[4 7],43,74,88,31,59
1,<environment.Job instance at 0x7f0cea6b6640>,37,2,[6 1],57,76,78,19,76
1,<environment.Job instance at 0x7f0cac3f5230>,21,18,[7 5],30,88,106,58,79
1,<environment.Job instance at 0x7f0cea3aeeb0>,47,17,[4 7],71,118,135,47,118
1,<environment.Job instance at 0x7f0cea3ae960>,52,14,[5 9],78,135,149,57,135
1,<environment.Job instance at 0x7fdebfc3f0f0>,0,13,[9 3],1,1,14,0,1
1,<environment.Job instance at 0x7fdeb25c30f0>,4,14,[1 6],5,5,19,0,5
1,<environment.Job instance at 0x7fdeb25c33c0>,5,2,[1 5],6,19,21,13,6
1,<environment.Job instance at 0x7fdeb25c34b0>,6,20,[6 1],7,14,34,7,7
1,<environment.Job instance at 0x7fdeb25c36e0>,10,12,[3 7],11,21,33,10,19
1,<environment.Job instance at 0x7fdeb25c3c80>,15,18,[2 8],16,33,51,17,22
1,<environment.Job instance at 0x7fdeb25c45a0>,24,18,[2 6],25,51,69,26,40
1,<environment.Job instance at 0x7fdeb25c4aa0>,30,14,[5 2],31,47,61,16,47
1,<environment.Job instance at 0x7fdeb25c4e10>,33,14,[5 5],34,69,83,35,58
1,<environment.Job instance at 0x7fdeb25c4820>,29,12,[5 4],30,75,87,45,75
1,<environment.Job instance at 0x7fdeb25c7370>,40,15,[10  3],41,87,102,46,75
1,<environment.Job instance at 0x7fdeb25c79b0>,47,2,[6 5],48,102,104,54,95
1,<environment.Job instance at 0x7fdeb25c7820>,48,15,[10  1],49,104,119,55,95
1,<environment.Job instance at 0x7fdeb25c7d20>,49,16,[2 5],50,119,135,69,109
1,<environment.Job instance at 0x7fdeb25c7e60>,56,17,[8 5],57,119,136,62,111
1,<environment.Job instance at 0x7fdeb25ca690>,62,22,[6 4],63,136,158,73,132
1,<environment.Job instance at 0x7fdeb25ca5a0>,59,17,[1 6],60,136,153,76,133
1,<environment.Job instance at 0x7fdeb25dc370>,0,18,[10  3],1,1,19,0,1
1,<environment.Job instance at 0x7fdeb25dc140>,10,13,[10  5],11,19,32,8,11
1,<environment.Job instance at 0x7fdebfdb5af0>,13,14,[7 5],14,32,46,18,17
1,<environment.Job instance at 0x7fdebfdbc230>,31,18,[2 8],32,46,64,14,35
1,<environment.Job instance at 0x7fdebfdb73c0>,40,13,[7 4],41,64,77,23,49
1,<environment.Job instance at 0x7fdebfdb7190>,41,1,[8 3],42,77,78,35,49
1,<environment.Job instance at 0x7fdebfdb7d70>,43,1,[ 4 10],44,78,79,34,58
1,<environment.Job instance at 0x7fdebfdbc0f0>,34,16,[9 4],35,79,95,44,77
1,<environment.Job instance at 0x7fdebfdae500>,58,18,[4 6],59,95,113,36,84
1,<environment.Job instance at 0x7fdebfdba4b0>,63,12,[9 1],64,113,125,49,101
1,<environment.Job instance at 0x7fdebfdba500>,64,14,[5 5],65,125,139,60,113
1,<environment.Job instance at 0x7fdebfdb7f50>,37,16,[9 2],38,139,155,101,128
1,<environment.Job instance at 0x7fde769a63c0>,5,16,[10  4],6,6,22,0,6
1,<environment.Job instance at 0x7fde769a6280>,7,12,[5 8],8,22,34,14,8
1,<environment.Job instance at 0x7fde7684ee60>,10,18,[9 5],11,34,52,23,25
1,<environment.Job instance at 0x7fdeb25bb190>,25,3,[2 5],26,52,55,26,37
1,<environment.Job instance at 0x7fdeb25bb0f0>,29,17,[9 1],30,55,72,25,43
1,<environment.Job instance at 0x7fde769a3c80>,43,13,[4 9],44,83,96,39,83
1,<environment.Job instance at 0x7fde768ba050>,45,14,[7 4],46,96,110,50,83
1,<environment.Job instance at 0x7fde768fc5f0>,54,21,[7 2],55,110,131,55,103
1,<environment.Job instance at 0x7fde768fc230>,61,14,[1 5],62,104,118,42,104
1,<environment.Job instance at 0x7fde768fc730>,59,14,[5 7],60,131,145,71,126
1,<environment.Job instance at 0x7fde768fce10>,68,15,[8 5],69,145,160,76,131
1,<environment.Job instance at 0x7fde76956410>,2,18,[5 5],3,13,31,10,13
1,<environment.Job instance at 0x7fde76956b40>,4,12,[8 4],5,31,43,26,18
1,<environment.Job instance at 0x7fde76cbca50>,15,2,[4 7],16,43,45,27,25
1,<environment.Job instance at 0x7fde7699e190>,8,21,[5 8],9,45,66,36,40
1,<environment.Job instance at 0x7fde76cbc0f0>,18,1,[5 7],19,66,67,47,43
1,<environment.Job instance at 0x7fde76cbc0a0>,26,28,[9 2],27,67,95,40,66
1,<environment.Job instance at 0x7fde76996c30>,47,1,[9 4],48,95,96,47,92
1,<environment.Job instance at 0x7fde76c07eb0>,49,14,[3 7],50,96,110,46,96
1,<environment.Job instance at 0x7fde76c07870>,51,3,[5 5],52,110,113,58,97
1,<environment.Job instance at 0x7fde76c70f00>,31,13,[1 7],32,113,126,81,97
1,<environment.Job instance at 0x7fde76c07820>,57,2,[7 2],58,101,103,43,101
1,<environment.Job instance at 0x7fde76c073c0>,59,1,[ 2 10],60,126,127,66,102
1,<environment.Job instance at 0x7fde769a2fa0>,65,20,[4 7],66,127,147,61,125
1,<environment.Job instance at 0x7fdeb29e2f00>,3,15,[10  4],4,4,19,0,4
1,<environment.Job instance at 0x7fdeb2c06190>,8,14,[8 3],9,19,33,10,9
1,<environment.Job instance at 0x7fde7696e460>,11,13,[5 8],12,33,46,21,21
1,<environment.Job instance at 0x7fde767c6820>,26,18,[9 4],27,46,64,19,39
1,<environment.Job instance at 0x7fde767c6f50>,31,13,[2 8],32,64,77,32,55
1,<environment.Job instance at 0x7fde767c71e0>,34,20,[9 5],35,77,97,42,70
1,<environment.Job instance at 0x7fde767c7cd0>,51,16,[2 7],52,110,126,58,110
1,<environment.Job instance at 0x7fde767c7eb0>,54,13,[5 4],55,126,139,71,111
1,<environment.Job instance at 0x7fde767cb5a0>,62,17,[1 7],63,139,156,76,136
1,<environment.Job instance at 0x7fde767d0320>,1,16,[5 3],2,2,18,0,2
1,<environment.Job instance at 0x7fdeb2f9e7d0>,5,17,[ 2 10],6,18,35,12,6
1,<environment.Job instance at 0x7fdeb1b819b0>,20,27,[7 4],21,35,62,14,33
1,<environment.Job instance at 0x7fdeb1c12d20>,28,14,[ 4 10],29,62,76,33,47
1,<environment.Job instance at 0x7fde76aa2640>,31,14,[9 5],32,76,90,44,70
1,<environment.Job instance at 0x7fde76aa26e0>,38,13,[3 7],39,90,103,51,81
1,<environment.Job instance at 0x7fde76aa2f50>,44,15,[6 4],45,103,118,58,89
1,<environment.Job instance at 0x7fdebfb7e5a0>,50,2,[9 1],51,118,120,67,103
1,<environment.Job instance at 0x7fdebfb7e320>,52,14,[9 3],53,120,134,67,110
1,<environment.Job instance at 0x7fdeb1b98410>,61,18,[5 9],62,134,152,72,123
1,<environment.Job instance at 0x7fdeb31a6af0>,2,17,[5 1],3,3,20,0,3
1,<environment.Job instance at 0x7fdeb3223730>,8,14,[9 5],9,20,34,11,9
1,<environment.Job instance at 0x7fdeb29ad050>,16,13,[5 9],17,34,47,17,25
1,<environment.Job instance at 0x7fdeb2677140>,17,27,[2 9],18,47,74,29,45
1,<environment.Job instance at 0x7fde76ab69b0>,34,13,[5 8],35,74,87,39,63
1,<environment.Job instance at 0x7fdeb2838aa0>,39,13,[4 8],40,87,100,47,72
1,<environment.Job instance at 0x7fdeb298de10>,45,15,[5 4],46,100,115,54,86
1,<environment.Job instance at 0x7fdeb1c861e0>,52,3,[1 7],53,124,127,71,124
1,<environment.Job instance at 0x7fdeb1c86d20>,53,13,[9 3],54,126,139,72,126
1,<environment.Job instance at 0x7fdeb27fc3c0>,51,18,[4 9],52,139,157,87,130
1,<environment.Job instance at 0x7fdeb1c86640>,59,3,[6 1],60,139,142,79,137
1,<environment.Job instance at 0x7fdeb1c867d0>,61,2,[7 1],62,157,159,95,137
1,<environment.Job instance at 0x7fdeb1c86550>,62,3,[6 1],63,142,145,79,138
1,<environment.Job instance at 0x7fdeb325faf0>,7,18,[6 4],8,8,26,0,8
1,<environment.Job instance at 0x7fdeb1b38be0>,9,15,[9 3],10,26,41,16,12
1,<environment.Job instance at 0x7fde768b3a50>,18,27,[1 7],19,26,53,7,26
1,<environment.Job instance at 0x7fde7688e550>,29,13,[4 5],30,53,66,23,49
1,<environment.Job instance at 0x7fde7688e820>,31,17,[9 4],32,66,83,34,55
1,<environment.Job instance at 0x7fde7688ea50>,37,18,[ 5 10],38,83,101,45,79
1,<environment.Job instance at 0x7fdeb1c86550>,4,17,[10  3],5,101,118,96,89
1,<environment.Job instance at 0x7fde76899320>,51,14,[4 9],52,118,132,66,104
1,<environment.Job instance at 0x7fdeb2fd46e0>,0,22,[1 9],1,1,23,0,1
1,<environment.Job instance at 0x7fdeb1c53fa0>,7,17,[1 7],8,23,40,15,12
1,<environment.Job instance at 0x7fdeb26895f0>,12,17,[8 1],13,13,30,0,13
1,<environment.Job instance at 0x7fdeb2ba1b40>,18,14,[1 6],19,40,54,21,26
1,<environment.Job instance at 0x7fde76cad050>,22,18,[6 4],23,40,58,17,29
1,<environment.Job instance at 0x7fdeb1d132d0>,24,13,[2 8],25,58,71,33,47
1,<environment.Job instance at 0x7fde76851140>,31,12,[5 1],32,58,70,26,48
1,<environment.Job instance at 0x7fdeb3078820>,32,2,[1 9],33,71,73,38,48
1,<environment.Job instance at 0x7fde76e01f50>,29,15,[8 4],30,73,88,43,60
1,<environment.Job instance at 0x7fdeb25afd70>,49,23,[5 5],50,90,113,40,90
1,<environment.Job instance at 0x7fdeb25af410>,54,17,[5 6],55,113,130,58,105
1,<environment.Job instance at 0x7fde76de5640>,63,3,[5 6],64,130,133,66,119
1,<environment.Job instance at 0x7fde76de5370>,64,3,[9 3],65,133,136,68,120
1,<environment.Job instance at 0x7fde76de51e0>,65,2,[7 1],66,136,138,70,120
1,<environment.Job instance at 0x7fde76de5a50>,66,13,[ 1 10],67,138,151,71,122
1,<environment.Job instance at 0x7fde76821370>,0,21,[5 2],1,2,23,1,2
1,<environment.Job instance at 0x7fdeb311d140>,6,14,[3 9],7,23,37,16,9
1,<environment.Job instance at 0x7fdeb29eb9b0>,11,17,[2 9],12,37,54,25,25
1,<environment.Job instance at 0x7fdeb2d0d0f0>,29,15,[5 3],30,54,69,24,45
1,<environment.Job instance at 0x7fdeb2ba0050>,5,2,[ 5 10],6,69,71,63,48
1,<environment.Job instance at 0x7fdeb32f6cd0>,26,23,[5 6],27,71,94,44,65
1,<environment.Job instance at 0x7fdeb261b410>,32,18,[9 5],33,94,112,61,83
1,<environment.Job instance at 0x7fde76e5a1e0>,46,1,[5 8],47,112,113,65,91
1,<environment.Job instance at 0x7fdeb304ca50>,47,3,[9 3],48,113,116,65,92
1,<environment.Job instance at 0x7fde7696e960>,55,15,[8 2],56,116,131,60,107
1,<environment.Job instance at 0x7fde7696ed20>,56,1,[6 2],57,131,132,74,107
1,<environment.Job instance at 0x7fdeb1b2f6e0>,61,18,[6 1],62,132,150,70,124
1,<environment.Job instance at 0x7fdeb1b2f8c0>,63,14,[2 9],64,132,146,68,125
1,<environment.Job instance at 0x7fdeb1b2f140>,64,12,[9 4],65,150,162,85,134
1,<environment.Job instance at 0x7fdeb1d6e460>,0,12,[9 2],1,1,13,0,1
1,<environment.Job instance at 0x7fde76e0e960>,2,15,[4 9],3,13,28,10,9
1,<environment.Job instance at 0x7fdeb2f47460>,21,12,[4 6],22,28,40,6,24
1,<environment.Job instance at 0x7fdeb2f479b0>,24,24,[5 8],25,40,64,15,35
1,<environment.Job instance at 0x7fdeb2f47d70>,32,13,[3 6],33,64,77,31,54
1,<environment.Job instance at 0x7fdeb2861e10>,6,15,[6 4],7,74,89,67,74
1,<environment.Job instance at 0x7fdeb2cae460>,42,18,[1 6],43,77,95,34,76
1,<environment.Job instance at 0x7fdeb2cae6e0>,46,13,[4 6],47,95,108,48,95
1,<environment.Job instance at 0x7fdeb2caee10>,52,17,[6 3],53,98,115,45,98
1,<environment.Job instance at 0x7fdeb1c33230>,0,13,[1 8],1,1,14,0,1
1,<environment.Job instance at 0x7fdeb2cbc1e0>,1,13,[8 2],2,2,15,0,2
1,<environment.Job instance at 0x7fdeb2861e60>,5,18,[7 4],6,15,33,9,6
1,<environment.Job instance at 0x7fde76dc1320>,22,17,[ 1 10],23,33,50,10,23
1,<environment.Job instance at 0x7fde76a04aa0>,26,15,[5 5],27,50,65,23,36
1,<environment.Job instance at 0x7fde76a04320>,33,12,[3 6],34,65,77,31,53
1,<environment.Job instance at 0x7fde76a04cd0>,39,20,[7 2],40,65,85,25,59
1,<environment.Job instance at 0x7fdeb26f96e0>,46,2,[10  2],47,85,87,38,74
1,<environment.Job instance at 0x7fdeb26f9b90>,48,22,[ 3 10],49,87,109,38,82
1,<environment.Job instance at 0x7fdeb26f9780>,52,17,[5 8],53,109,126,56,99
1,<environment.Job instance at 0x7fdeb26f9f00>,56,1,[6 5],57,126,127,69,117
1,<environment.Job instance at 0x7fdeb2a47f50>,58,16,[1 9],59,127,143,68,117
1,<environment.Job instance at 0x7fdeb26f9190>,55,12,[ 4 10],56,143,155,87,128
1,<environment.Job instance at 0x7fdeb32aaf50>,10,17,[10  2],11,14,31,3,14
1,<environment.Job instance at 0x7fdeb32aa8c0>,15,3,[7 1],16,31,34,15,24
1,<environment.Job instance at 0x7fdeb32aa230>,14,22,[7 4],15,34,56,19,27
1,<environment.Job instance at 0x7fdeb2d21410>,24,16,[9 5],25,56,72,31,56
1,<environment.Job instance at 0x7fdeb30643c0>,38,17,[3 8],39,80,97,41,80
1,<environment.Job instance at 0x7fdeb3064550>,44,16,[9 1],45,97,113,52,87
1,<environment.Job instance at 0x7fde7675d6e0>,59,19,[2 5],60,129,148,69,129
1,<environment.Job instance at 0x7fdeb2721140>,66,14,[4 9],67,148,162,81,137
1,<environment.Job instance at 0x7fdebfb39e10>,5,27,[4 6],6,8,35,2,8
1,<environment.Job instance at 0x7fdeb311ae60>,20,15,[10  4],21,35,50,14,31
1,<environment.Job instance at 0x7fdeb313a8c0>,23,17,[7 4],24,50,67,26,39
1,<environment.Job instance at 0x7fdeb313c0f0>,31,23,[5 2],32,67,90,35,61
1,<environment.Job instance at 0x7fde76f1ac30>,37,17,[9 5],38,90,107,52,80
1,<environment.Job instance at 0x7fde76b5fe60>,44,16,[10  5],45,107,123,62,101
1,<environment.Job instance at 0x7fde76b7f410>,56,15,[5 8],57,133,148,76,133
1,<environment.Job instance at 0x7fdeb260deb0>,59,17,[2 5],60,148,165,88,140
1,<environment.Job instance at 0x7fdeb2f01af0>,61,18,[4 5],62,148,166,86,142
1,<environment.Job instance at 0x7fdeb2da6190>,0,27,[7 2],1,8,35,7,8
1,<environment.Job instance at 0x7fde767dc870>,27,15,[1 9],28,48,63,20,48
1,<environment.Job instance at 0x7fdeb2bad1e0>,45,17,[6 3],46,87,104,41,87
1,<environment.Job instance at 0x7fdeb2bad3c0>,48,18,[8 3],49,104,122,55,99
1,<environment.Job instance at 0x7fdeb2ec4460>,52,18,[3 8],53,122,140,69,117
1,<environment.Job instance at 0x7f183d8f40f0>,0,13,[9 3],1,1,14,0,1
1,<environment.Job instance at 0x7f18364e60f0>,4,14,[1 6],5,5,19,0,5
1,<environment.Job instance at 0x7f18364e63c0>,5,2,[1 5],6,19,21,13,6
1,<environment.Job instance at 0x7f18364e64b0>,6,20,[6 1],7,14,34,7,7
1,<environment.Job instance at 0x7f18364e66e0>,10,12,[3 7],11,21,33,10,19
1,<environment.Job instance at 0x7f18364e6c80>,15,18,[2 8],16,33,51,17,22
1,<environment.Job instance at 0x7f18364e75a0>,24,18,[2 6],25,51,69,26,40
1,<environment.Job instance at 0x7f18364e7aa0>,30,14,[5 2],31,47,61,16,47
1,<environment.Job instance at 0x7f18364e7e10>,33,14,[5 5],34,69,83,35,58
1,<environment.Job instance at 0x7f18364e7820>,29,12,[5 4],30,75,87,45,75
1,<environment.Job instance at 0x7f18364ea370>,40,15,[10  3],41,87,102,46,75
1,<environment.Job instance at 0x7f18364ea9b0>,47,2,[6 5],48,102,104,54,95
1,<environment.Job instance at 0x7f18364ea820>,48,15,[10  1],49,104,119,55,95
1,<environment.Job instance at 0x7f18364ead20>,49,16,[2 5],50,119,135,69,109
1,<environment.Job instance at 0x7f18364eae60>,56,17,[8 5],57,119,136,62,111
1,<environment.Job instance at 0x7f18364ed690>,62,22,[6 4],63,136,158,73,132
1,<environment.Job instance at 0x7f18364ed5a0>,59,17,[1 6],60,136,153,76,133
1,<environment.Job instance at 0x7f18364ff370>,0,18,[10  3],1,1,19,0,1
1,<environment.Job instance at 0x7f183d91caf0>,10,13,[10  5],11,19,32,8,11
1,<environment.Job instance at 0x7f183d91cd70>,13,14,[7 5],14,32,46,18,17
1,<environment.Job instance at 0x7f183da71410>,31,18,[2 8],32,46,64,14,35
1,<environment.Job instance at 0x7f183da6ca50>,40,13,[7 4],41,64,77,23,49
1,<environment.Job instance at 0x7f183da6cb40>,41,1,[8 3],42,77,78,35,49
1,<environment.Job instance at 0x7f183da6caf0>,43,1,[ 4 10],44,78,79,34,58
1,<environment.Job instance at 0x7f183da71780>,34,16,[9 4],35,79,95,44,77
1,<environment.Job instance at 0x7f183da63a50>,58,18,[4 6],59,95,113,36,84
1,<environment.Job instance at 0x7f183da70690>,63,12,[9 1],64,113,125,49,101
1,<environment.Job instance at 0x7f183da70e60>,64,14,[5 5],65,125,139,60,113
1,<environment.Job instance at 0x7f183da71550>,37,16,[9 2],38,139,155,101,128
1,<environment.Job instance at 0x7f18364f5d70>,5,16,[10  4],6,6,22,0,6
1,<environment.Job instance at 0x7f17f28e93c0>,7,12,[5 8],8,22,34,14,8
1,<environment.Job instance at 0x7f17f28e9410>,10,18,[9 5],11,34,52,23,25
1,<environment.Job instance at 0x7f17f28974b0>,25,3,[2 5],26,52,55,26,37
1,<environment.Job instance at 0x7f17f2897dc0>,29,17,[9 1],30,55,72,25,43
1,<environment.Job instance at 0x7f17f2924fa0>,43,13,[4 9],44,83,96,39,83
1,<environment.Job instance at 0x7f17f2924d70>,45,14,[7 4],46,96,110,50,83
1,<environment.Job instance at 0x7f17f2924730>,54,21,[7 2],55,110,131,55,103
1,<environment.Job instance at 0x7f17f28ceb40>,61,14,[1 5],62,104,118,42,104
1,<environment.Job instance at 0x7f17f28ce820>,59,14,[5 7],60,131,145,71,126
1,<environment.Job instance at 0x7f17f28ce780>,68,15,[8 5],69,145,160,76,131
1,<environment.Job instance at 0x7f17f28cf910>,2,18,[5 5],3,13,31,10,13
1,<environment.Job instance at 0x7f17f28ce7d0>,4,12,[8 4],5,31,43,26,18
1,<environment.Job instance at 0x7f17f28312d0>,15,2,[4 7],16,43,45,27,25
1,<environment.Job instance at 0x7f17f2b31730>,8,21,[5 8],9,45,66,36,40
1,<environment.Job instance at 0x7f17f2b98a50>,18,1,[5 7],19,66,67,47,43
1,<environment.Job instance at 0x7f17f2b988c0>,26,28,[9 2],27,67,95,40,66
1,<environment.Job instance at 0x7f17f2ac0b40>,47,1,[9 4],48,95,96,47,92
1,<environment.Job instance at 0x7f17f2b3ad70>,49,14,[3 7],50,96,110,46,96
1,<environment.Job instance at 0x7f17f2b3a3c0>,51,3,[5 5],52,110,113,58,97
1,<environment.Job instance at 0x7f17f2b98140>,31,13,[1 7],32,113,126,81,97
1,<environment.Job instance at 0x7f17f2922320>,57,2,[7 2],58,101,103,43,101
1,<environment.Job instance at 0x7f17f2922460>,59,1,[ 2 10],60,126,127,66,102
1,<environment.Job instance at 0x7f17f2922410>,65,20,[4 7],66,127,147,61,125
1,<environment.Job instance at 0x7f17f28ebb90>,3,15,[10  4],4,4,19,0,4
1,<environment.Job instance at 0x7f18368cfc30>,8,14,[8 3],9,19,33,10,9
1,<environment.Job instance at 0x7f18368a2c30>,11,13,[5 8],12,33,46,21,21
1,<environment.Job instance at 0x7f17f26ef280>,26,18,[9 4],27,46,64,19,39
1,<environment.Job instance at 0x7f17f26ef9b0>,31,13,[2 8],32,64,77,32,55
1,<environment.Job instance at 0x7f17f26efb90>,34,20,[9 5],35,77,97,42,70
1,<environment.Job instance at 0x7f17f26f16e0>,51,16,[2 7],52,110,126,58,110
1,<environment.Job instance at 0x7f17f26f18c0>,54,13,[5 4],55,126,139,71,111
1,<environment.Job instance at 0x7f17f26f1e10>,62,17,[1 7],63,139,156,76,136
1,<environment.Job instance at 0x7f17f26f4320>,1,16,[5 3],2,2,18,0,2
1,<environment.Job instance at 0x7f17f2886f50>,5,17,[ 2 10],6,18,35,12,6
1,<environment.Job instance at 0x7f1836329d20>,20,27,[7 4],21,35,62,14,33
1,<environment.Job instance at 0x7f18369a4910>,28,14,[ 4 10],29,62,76,33,47
1,<environment.Job instance at 0x7f18369a4d70>,31,14,[9 5],32,76,90,44,70
1,<environment.Job instance at 0x7f18369a4f00>,38,13,[3 7],39,90,103,51,81
1,<environment.Job instance at 0x7f17f2a76050>,44,15,[6 4],45,103,118,58,89
1,<environment.Job instance at 0x7f17f2a76c30>,50,2,[9 1],51,118,120,67,103
1,<environment.Job instance at 0x7f17f2a76eb0>,52,14,[9 3],53,120,134,67,110
1,<environment.Job instance at 0x7f183cce5640>,61,18,[5 9],62,134,152,72,123
1,<environment.Job instance at 0x7f18365af460>,2,17,[5 1],3,3,20,0,3
1,<environment.Job instance at 0x7f183ce24fa0>,8,14,[9 5],9,20,34,11,9
1,<environment.Job instance at 0x7f183ce24410>,16,13,[5 9],17,34,47,17,25
1,<environment.Job instance at 0x7f18366338c0>,17,27,[2 9],18,47,74,29,45
1,<environment.Job instance at 0x7f183d2c9f00>,34,13,[5 8],35,74,87,39,63
1,<environment.Job instance at 0x7f183d0985a0>,39,13,[4 8],40,87,100,47,72
1,<environment.Job instance at 0x7f183d04caf0>,45,15,[5 4],46,100,115,54,86
1,<environment.Job instance at 0x7f183d02d910>,52,3,[1 7],53,124,127,71,124
1,<environment.Job instance at 0x7f183d02d500>,53,13,[9 3],54,126,139,72,126
1,<environment.Job instance at 0x7f183d02d820>,51,18,[4 9],52,139,157,87,130
1,<environment.Job instance at 0x7f183d02d550>,59,3,[6 1],60,139,142,79,137
1,<environment.Job instance at 0x7f18365faaf0>,61,2,[7 1],62,157,159,95,137
1,<environment.Job instance at 0x7f18365fa640>,62,3,[6 1],63,142,145,79,138
1,<environment.Job instance at 0x7f18364285f0>,7,18,[6 4],8,8,26,0,8
1,<environment.Job instance at 0x7f183d91e0a0>,9,15,[9 3],10,26,41,16,12
1,<environment.Job instance at 0x7f17f284fa50>,18,27,[1 7],19,26,53,7,26
1,<environment.Job instance at 0x7f17f2835550>,29,13,[4 5],30,53,66,23,49
1,<environment.Job instance at 0x7f17f2835820>,31,17,[9 4],32,66,83,34,55
1,<environment.Job instance at 0x7f17f2835a50>,37,18,[ 5 10],38,83,101,45,79
1,<environment.Job instance at 0x7f18367f3370>,4,17,[10  3],5,101,118,96,89
1,<environment.Job instance at 0x7f17f2847320>,51,14,[4 9],52,118,132,66,104
1,<environment.Job instance at 0x7f1836520280>,0,22,[1 9],1,1,23,0,1
1,<environment.Job instance at 0x7f18365facd0>,7,17,[1 7],8,23,40,15,12
1,<environment.Job instance at 0x7f1836906140>,12,17,[8 1],13,13,30,0,13
1,<environment.Job instance at 0x7f1836490050>,18,14,[1 6],19,40,54,21,26
1,<environment.Job instance at 0x7f1836505550>,22,18,[6 4],23,40,58,17,29
1,<environment.Job instance at 0x7f183ce745f0>,24,13,[2 8],25,58,71,33,47
1,<environment.Job instance at 0x7f183d09ecd0>,31,12,[5 1],32,58,70,26,48
1,<environment.Job instance at 0x7f183ced4410>,32,2,[1 9],33,71,73,38,48
1,<environment.Job instance at 0x7f17f27e2e10>,29,15,[8 4],30,73,88,43,60
1,<environment.Job instance at 0x7f17f2b9df00>,49,23,[5 5],50,90,113,40,90
1,<environment.Job instance at 0x7f183ccfa0a0>,54,17,[5 6],55,113,130,58,105
1,<environment.Job instance at 0x7f1836607230>,63,3,[5 6],64,130,133,66,119
1,<environment.Job instance at 0x7f1836737050>,64,3,[9 3],65,133,136,68,120
1,<environment.Job instance at 0x7f1836737500>,65,2,[7 1],66,136,138,70,120
1,<environment.Job instance at 0x7f18367370f0>,66,13,[ 1 10],67,138,151,71,122
1,<environment.Job instance at 0x7f17f2825050>,0,21,[5 2],1,2,23,1,2
1,<environment.Job instance at 0x7f183d8d65f0>,6,14,[3 9],7,23,37,16,9
1,<environment.Job instance at 0x7f17f29188c0>,11,17,[2 9],12,37,54,25,25
1,<environment.Job instance at 0x7f17f2b86370>,29,15,[5 3],30,54,69,24,45
1,<environment.Job instance at 0x7f183d91edc0>,5,2,[ 5 10],6,69,71,63,48
1,<environment.Job instance at 0x7f17f66ebaf0>,26,23,[5 6],27,71,94,44,65
1,<environment.Job instance at 0x7f17f2ca7c30>,32,18,[9 5],33,94,112,61,83
1,<environment.Job instance at 0x7f183cd6b730>,46,1,[5 8],47,112,113,65,91
1,<environment.Job instance at 0x7f183695dfa0>,47,3,[9 3],48,113,116,65,92
1,<environment.Job instance at 0x7f183695de60>,55,15,[8 2],56,116,131,60,107
1,<environment.Job instance at 0x7f183695d410>,56,1,[6 2],57,131,132,74,107
1,<environment.Job instance at 0x7f183d095e60>,61,18,[6 1],62,132,150,70,124
1,<environment.Job instance at 0x7f18365d1370>,63,14,[2 9],64,132,146,68,125
1,<environment.Job instance at 0x7f18365d11e0>,64,12,[9 4],65,150,162,85,134
1,<environment.Job instance at 0x7f1836457be0>,0,12,[9 2],1,1,13,0,1
1,<environment.Job instance at 0x7f183cf298c0>,2,15,[4 9],3,13,28,10,9
1,<environment.Job instance at 0x7f183663ef00>,21,12,[4 6],22,28,40,6,24
1,<environment.Job instance at 0x7f1836625c30>,24,24,[5 8],25,40,64,15,35
1,<environment.Job instance at 0x7f1836816460>,32,13,[3 6],33,64,77,31,54
1,<environment.Job instance at 0x7f183cd0b9b0>,6,15,[6 4],7,74,89,67,74
1,<environment.Job instance at 0x7f1836815d70>,42,18,[1 6],43,77,95,34,76
1,<environment.Job instance at 0x7f1836815140>,46,13,[4 6],47,95,108,48,95
1,<environment.Job instance at 0x7f1836807190>,52,17,[6 3],53,98,115,45,98
1,<environment.Job instance at 0x7f1836970be0>,0,13,[1 8],1,1,14,0,1
1,<environment.Job instance at 0x7f17f2825d20>,1,13,[8 2],2,2,15,0,2
1,<environment.Job instance at 0x7f17f27223c0>,5,18,[7 4],6,15,33,9,6
1,<environment.Job instance at 0x7f17f26eda00>,22,17,[ 1 10],23,33,50,10,23
1,<environment.Job instance at 0x7f17f26ed190>,26,15,[5 5],27,50,65,23,36
1,<environment.Job instance at 0x7f17f2d9e910>,33,12,[3 6],34,65,77,31,53
1,<environment.Job instance at 0x7f183cf570a0>,39,20,[7 2],40,65,85,25,59
1,<environment.Job instance at 0x7f183cf574b0>,46,2,[10  2],47,85,87,38,74
1,<environment.Job instance at 0x7f183cf57d70>,48,22,[ 3 10],49,87,109,38,82
1,<environment.Job instance at 0x7f183cf57370>,52,17,[5 8],53,109,126,56,99
1,<environment.Job instance at 0x7f17f27be3c0>,56,1,[6 5],57,126,127,69,117
1,<environment.Job instance at 0x7f17f27befa0>,58,16,[1 9],59,127,143,68,117
1,<environment.Job instance at 0x7f17f27bebe0>,55,12,[ 4 10],56,143,155,87,128
1,<environment.Job instance at 0x7f17f2784730>,10,17,[10  2],11,14,31,3,14
1,<environment.Job instance at 0x7f18362a5460>,15,3,[7 1],16,31,34,15,24
1,<environment.Job instance at 0x7f18362a5d70>,14,22,[7 4],15,34,56,19,27
1,<environment.Job instance at 0x7f183cd148c0>,24,16,[9 5],25,56,72,31,56
1,<environment.Job instance at 0x7f17f2d6e730>,38,17,[3 8],39,80,97,41,80
1,<environment.Job instance at 0x7f183cfa0c80>,44,16,[9 1],45,97,113,52,87
1,<environment.Job instance at 0x7f17f2b895a0>,59,19,[2 5],60,129,148,69,129
1,<environment.Job instance at 0x7f17f2ac1320>,66,14,[4 9],67,148,162,81,137
1,<environment.Job instance at 0x7f183d171be0>,5,27,[4 6],6,8,35,2,8
1,<environment.Job instance at 0x7f17f278b910>,20,15,[10  4],21,35,50,14,31
1,<environment.Job instance at 0x7f17f28e2730>,23,17,[7 4],24,50,67,26,39
1,<environment.Job instance at 0x7f183d3963c0>,31,23,[5 2],32,67,90,35,61
1,<environment.Job instance at 0x7f183d095f00>,37,17,[9 5],38,90,107,52,80
1,<environment.Job instance at 0x7f183d3d5050>,44,16,[10  5],45,107,123,62,101
1,<environment.Job instance at 0x7f17f25ff3c0>,56,15,[5 8],57,133,148,76,133
1,<environment.Job instance at 0x7f183ce26320>,59,17,[2 5],60,148,165,88,140
1,<environment.Job instance at 0x7f183662e690>,61,18,[4 5],62,148,166,86,142
1,<environment.Job instance at 0x7f17f2b73a50>,0,27,[7 2],1,8,35,7,8
1,<environment.Job instance at 0x7f1836664140>,27,15,[1 9],28,48,63,20,48
1,<environment.Job instance at 0x7f1836719b40>,45,17,[6 3],46,87,104,41,87
1,<environment.Job instance at 0x7f1836719cd0>,48,18,[8 3],49,104,122,55,99
1,<environment.Job instance at 0x7f18367556e0>,52,18,[3 8],53,122,140,69,117
1,<environment.Job instance at 0x7f57f50080f0>,0,13,[9 3],1,1,14,0,1
1,<environment.Job instance at 0x7f57f3ea9190>,4,14,[1 6],5,5,19,0,5
1,<environment.Job instance at 0x7f57f3ea9460>,5,2,[1 5],6,19,21,13,6
1,<environment.Job instance at 0x7f57f3ea9550>,6,20,[6 1],7,14,34,7,7
1,<environment.Job instance at 0x7f57f3ea9780>,10,12,[3 7],11,21,33,10,19
1,<environment.Job instance at 0x7f57f3ea9d20>,15,18,[2 8],16,33,51,17,22
1,<environment.Job instance at 0x7f57f3eaa640>,24,18,[2 6],25,51,69,26,40
1,<environment.Job instance at 0x7f57f3eaab40>,30,14,[5 2],31,47,61,16,47
1,<environment.Job instance at 0x7f57f3eaaeb0>,33,14,[5 5],34,69,83,35,58
1,<environment.Job instance at 0x7f57f3eaa8c0>,29,12,[5 4],30,75,87,45,75
1,<environment.Job instance at 0x7f57f3ead410>,40,15,[10  3],41,87,102,46,75
1,<environment.Job instance at 0x7f57f3eada50>,47,2,[6 5],48,102,104,54,95
1,<environment.Job instance at 0x7f57f3ead8c0>,48,15,[10  1],49,104,119,55,95
1,<environment.Job instance at 0x7f57f3eaddc0>,49,16,[2 5],50,119,135,69,109
1,<environment.Job instance at 0x7f57f3eb0190>,56,17,[8 5],57,119,136,62,111
1,<environment.Job instance at 0x7f57f3eb0730>,62,22,[6 4],63,136,158,73,132
1,<environment.Job instance at 0x7f57f3eb0640>,59,17,[1 6],60,136,153,76,133
1,<environment.Job instance at 0x7f5fb44070f0>,0,13,[9 3],1,1,14,0,1
1,<environment.Job instance at 0x7f5fb32a81e0>,4,14,[1 6],5,5,19,0,5
1,<environment.Job instance at 0x7f5fb32a84b0>,5,2,[1 5],6,19,21,13,6
1,<environment.Job instance at 0x7f5fb32a85a0>,6,20,[6 1],7,14,34,7,7
1,<environment.Job instance at 0x7f5fb32a87d0>,10,12,[3 7],11,21,33,10,19
1,<environment.Job instance at 0x7f5fb32a8d70>,15,18,[2 8],16,33,51,17,22
1,<environment.Job instance at 0x7f5fb32a9690>,24,18,[2 6],25,51,69,26,40
1,<environment.Job instance at 0x7f5fb32a9b90>,30,14,[5 2],31,47,61,16,47
1,<environment.Job instance at 0x7f5fb32a9fa0>,33,14,[5 5],34,69,83,35,58
1,<environment.Job instance at 0x7f5fb32a9910>,29,12,[5 4],30,75,87,45,75
1,<environment.Job instance at 0x7f5fb32ac460>,40,15,[10  3],41,87,102,46,75
1,<environment.Job instance at 0x7f5fb32acaa0>,47,2,[6 5],48,102,104,54,95
1,<environment.Job instance at 0x7f5fb32ac910>,48,15,[10  1],49,104,119,55,95
1,<environment.Job instance at 0x7f5fb32ace10>,49,16,[2 5],50,119,135,69,109
1,<environment.Job instance at 0x7f5fb32af1e0>,56,17,[8 5],57,119,136,62,111
1,<environment.Job instance at 0x7f5fb32af780>,62,22,[6 4],63,136,158,73,132
1,<environment.Job instance at 0x7f5fb32af690>,59,17,[1 6],60,136,153,76,133
1,<environment.Job instance at 0x7f5fb33701e0>,0,18,[10  3],1,1,19,0,1
1,<environment.Job instance at 0x7f5fb4578280>,10,13,[10  5],11,19,32,8,11
1,<environment.Job instance at 0x7f5fb45787d0>,13,14,[7 5],14,32,46,18,17
1,<environment.Job instance at 0x7f5fb45747d0>,31,18,[2 8],32,46,64,14,35
1,<environment.Job instance at 0x7f5fb457b370>,40,13,[7 4],41,64,77,23,49
1,<environment.Job instance at 0x7f5fb457bbe0>,41,1,[8 3],42,77,78,35,49
1,<environment.Job instance at 0x7f5fb457ba00>,43,1,[ 4 10],44,78,79,34,58
1,<environment.Job instance at 0x7f5fb4574640>,34,16,[9 4],35,79,95,44,77
1,<environment.Job instance at 0x7f5fb4582f00>,58,18,[4 6],59,95,113,36,84
1,<environment.Job instance at 0x7f5fb4582280>,63,12,[9 1],64,113,125,49,101
1,<environment.Job instance at 0x7f5fb45820f0>,64,14,[5 5],65,125,139,60,113
1,<environment.Job instance at 0x7f5fb457b280>,37,16,[9 2],38,139,155,101,128
1,<environment.Job instance at 0x7f5f69344230>,5,16,[10  4],6,6,22,0,6
1,<environment.Job instance at 0x7f5f69344870>,7,12,[5 8],8,22,34,14,8
1,<environment.Job instance at 0x7f5f69344f50>,10,18,[9 5],11,34,52,23,25
1,<environment.Job instance at 0x7f5f693a1fa0>,25,3,[2 5],26,52,55,26,37
1,<environment.Job instance at 0x7f5f693a1820>,29,17,[9 1],30,55,72,25,43
1,<environment.Job instance at 0x7f5f693e03c0>,43,13,[4 9],44,83,96,39,83
1,<environment.Job instance at 0x7f5f693e0a00>,45,14,[7 4],46,96,110,50,83
1,<environment.Job instance at 0x7f5f69435460>,54,21,[7 2],55,110,131,55,103
1,<environment.Job instance at 0x7f5f69435370>,61,14,[1 5],62,104,118,42,104
1,<environment.Job instance at 0x7f5f694355a0>,59,14,[5 7],60,131,145,71,126
1,<environment.Job instance at 0x7f5f694353c0>,68,15,[8 5],69,145,160,76,131
1,<environment.Job instance at 0x7f5f693810a0>,2,18,[5 5],3,13,31,10,13
1,<environment.Job instance at 0x7f5f69381a00>,4,12,[8 4],5,31,43,26,18
1,<environment.Job instance at 0x7f5f697f3870>,15,2,[4 7],16,43,45,27,25
1,<environment.Job instance at 0x7f5f696430f0>,8,21,[5 8],9,45,66,36,40
1,<environment.Job instance at 0x7f5f69762d70>,18,1,[5 7],19,66,67,47,43
1,<environment.Job instance at 0x7f5f697622d0>,26,28,[9 2],27,67,95,40,66
1,<environment.Job instance at 0x7f5f69406c80>,47,1,[9 4],48,95,96,47,92
1,<environment.Job instance at 0x7f5f69406cd0>,49,14,[3 7],50,96,110,46,96
1,<environment.Job instance at 0x7f5f69406500>,51,3,[5 5],52,110,113,58,97
1,<environment.Job instance at 0x7f5f694326e0>,31,13,[1 7],32,113,126,81,97
1,<environment.Job instance at 0x7f5f6991be10>,57,2,[7 2],58,101,103,43,101
1,<environment.Job instance at 0x7f5f696af410>,59,1,[ 2 10],60,126,127,66,102
1,<environment.Job instance at 0x7f5f696afd20>,65,20,[4 7],66,127,147,61,125
1,<environment.Job instance at 0x7f5f69381230>,3,15,[10  4],4,4,19,0,4
1,<environment.Job instance at 0x7f5fb301e500>,8,14,[8 3],9,19,33,10,9
1,<environment.Job instance at 0x7f5fb32a18c0>,11,13,[5 8],12,33,46,21,21
1,<environment.Job instance at 0x7f5f69201910>,26,18,[9 4],27,46,64,19,39
1,<environment.Job instance at 0x7f5f69201aa0>,31,13,[2 8],32,64,77,32,55
1,<environment.Job instance at 0x7f5f692022d0>,34,20,[9 5],35,77,97,42,70
1,<environment.Job instance at 0x7f5f69202dc0>,51,16,[2 7],52,110,126,58,110
1,<environment.Job instance at 0x7f5f692060f0>,54,13,[5 4],55,126,139,71,111
1,<environment.Job instance at 0x7f5f69206690>,62,17,[1 7],63,139,156,76,136
1,<environment.Job instance at 0x7f5f69206a00>,1,16,[5 3],2,2,18,0,2
1,<environment.Job instance at 0x7f5f696a8cd0>,5,17,[ 2 10],6,18,35,12,6
1,<environment.Job instance at 0x7f5f692f9500>,20,27,[7 4],21,35,62,14,33
1,<environment.Job instance at 0x7f5f692f9fa0>,28,14,[ 4 10],29,62,76,33,47
1,<environment.Job instance at 0x7f5f692f9690>,31,14,[9 5],32,76,90,44,70
1,<environment.Job instance at 0x7f5fb302e320>,38,13,[3 7],39,90,103,51,81
1,<environment.Job instance at 0x7f5f6930fb90>,44,15,[6 4],45,103,118,58,89
1,<environment.Job instance at 0x7f5f6930f780>,50,2,[9 1],51,118,120,67,103
1,<environment.Job instance at 0x7f5fb4004280>,52,14,[9 3],53,120,134,67,110
1,<environment.Job instance at 0x7f5fb3e4cc80>,61,18,[5 9],62,134,152,72,123
1,<environment.Job instance at 0x7f5fb312cf50>,2,17,[5 1],3,3,20,0,3
1,<environment.Job instance at 0x7f5fb38fa050>,8,14,[9 5],9,20,34,11,9
1,<environment.Job instance at 0x7f5fb36871e0>,16,13,[5 9],17,34,47,17,25
1,<environment.Job instance at 0x7f5fb3687460>,17,27,[2 9],18,47,74,29,45
1,<environment.Job instance at 0x7f5f692f1910>,34,13,[5 8],35,74,87,39,63
1,<environment.Job instance at 0x7f5f693d69b0>,39,13,[4 8],40,87,100,47,72
1,<environment.Job instance at 0x7f5f695f5190>,45,15,[5 4],46,100,115,54,86
1,<environment.Job instance at 0x7f5f69935870>,52,3,[1 7],53,124,127,71,124
1,<environment.Job instance at 0x7f5f69935eb0>,53,13,[9 3],54,126,139,72,126
1,<environment.Job instance at 0x7f5f699357d0>,51,18,[4 9],52,139,157,87,130
1,<environment.Job instance at 0x7f5fb3dd69b0>,59,3,[6 1],60,139,142,79,137
1,<environment.Job instance at 0x7f5fb3dd61e0>,61,2,[7 1],62,157,159,95,137
1,<environment.Job instance at 0x7f5fb3dd6e60>,62,3,[6 1],63,142,145,79,138
1,<environment.Job instance at 0x7f5fb3dd1780>,7,18,[6 4],8,8,26,0,8
1,<environment.Job instance at 0x7f5fb4004af0>,9,15,[9 3],10,26,41,16,12
1,<environment.Job instance at 0x7f5f697bcb40>,18,27,[1 7],19,26,53,7,26
1,<environment.Job instance at 0x7f5f6979d640>,29,13,[4 5],30,53,66,23,49
1,<environment.Job instance at 0x7f5f6979d910>,31,17,[9 4],32,66,83,34,55
1,<environment.Job instance at 0x7f5f6979db40>,37,18,[ 5 10],38,83,101,45,79
1,<environment.Job instance at 0x7f5fb3a23dc0>,4,17,[10  3],5,101,118,96,89
1,<environment.Job instance at 0x7f5f697ac410>,51,14,[4 9],52,118,132,66,104
1,<environment.Job instance at 0x7f5f69552d20>,0,22,[1 9],1,1,23,0,1
1,<environment.Job instance at 0x7f5f693bbcd0>,7,17,[1 7],8,23,40,15,12
1,<environment.Job instance at 0x7f5f693bb3c0>,12,17,[8 1],13,13,30,0,13
1,<environment.Job instance at 0x7f5fb3e61f50>,18,14,[1 6],19,40,54,21,26
1,<environment.Job instance at 0x7f5fb3d970f0>,22,18,[6 4],23,40,58,17,29
1,<environment.Job instance at 0x7f5f692e2910>,24,13,[2 8],25,58,71,33,47
1,<environment.Job instance at 0x7f5f694500a0>,31,12,[5 1],32,58,70,26,48
1,<environment.Job instance at 0x7f5f699035a0>,32,2,[1 9],33,71,73,38,48
1,<environment.Job instance at 0x7f5fb368dd20>,29,15,[8 4],30,73,88,43,60
1,<environment.Job instance at 0x7f5f695d6820>,49,23,[5 5],50,90,113,40,90
1,<environment.Job instance at 0x7f5f69848b40>,54,17,[5 6],55,113,130,58,105
1,<environment.Job instance at 0x7f5fb356ddc0>,63,3,[5 6],64,130,133,66,119
1,<environment.Job instance at 0x7f5fb356d780>,64,3,[9 3],65,133,136,68,120
1,<environment.Job instance at 0x7f5fb356d2d0>,65,2,[7 1],66,136,138,70,120
1,<environment.Job instance at 0x7f5fb356d410>,66,13,[ 1 10],67,138,151,71,122
1,<environment.Job instance at 0x7f5f69882190>,0,21,[5 2],1,2,23,1,2
1,<environment.Job instance at 0x7f5fb36710f0>,6,14,[3 9],7,23,37,16,9
1,<environment.Job instance at 0x7f5f6d1e2a50>,11,17,[2 9],12,37,54,25,25
1,<environment.Job instance at 0x7f5fb3dd65f0>,29,15,[5 3],30,54,69,24,45
1,<environment.Job instance at 0x7f5fb3d75820>,5,2,[ 5 10],6,69,71,63,48
1,<environment.Job instance at 0x7f5fb366ca50>,26,23,[5 6],27,71,94,44,65
1,<environment.Job instance at 0x7f5fb3079870>,32,18,[9 5],33,94,112,61,83
1,<environment.Job instance at 0x7f5fb32b0690>,46,1,[5 8],47,112,113,65,91
1,<environment.Job instance at 0x7f5fb30eb6e0>,47,3,[9 3],48,113,116,65,92
1,<environment.Job instance at 0x7f5fb3dc85f0>,55,15,[8 2],56,116,131,60,107
1,<environment.Job instance at 0x7f5fb3dc8fa0>,56,1,[6 2],57,131,132,74,107
1,<environment.Job instance at 0x7f5fb31d1a50>,61,18,[6 1],62,132,150,70,124
1,<environment.Job instance at 0x7f5f697b6d20>,63,14,[2 9],64,132,146,68,125
1,<environment.Job instance at 0x7f5f697b6be0>,64,12,[9 4],65,150,162,85,134
1,<environment.Job instance at 0x7f5f69302e60>,0,12,[9 2],1,1,13,0,1
1,<environment.Job instance at 0x7f5fb3671820>,2,15,[4 9],3,13,28,10,9
1,<environment.Job instance at 0x7f5fb3e02550>,21,12,[4 6],22,28,40,6,24
1,<environment.Job instance at 0x7f5fb3e02aa0>,24,24,[5 8],25,40,64,15,35
1,<environment.Job instance at 0x7f5fb3e02e60>,32,13,[3 6],33,64,77,31,54
1,<environment.Job instance at 0x7f5fb31073c0>,6,15,[6 4],7,74,89,67,74
1,<environment.Job instance at 0x7f5fb3e1f550>,42,18,[1 6],43,77,95,34,76
1,<environment.Job instance at 0x7f5fb3e1f7d0>,46,13,[4 6],47,95,108,48,95
1,<environment.Job instance at 0x7f5fb3e1ff00>,52,17,[6 3],53,98,115,45,98
1,<environment.Job instance at 0x7f5fb3740a00>,0,13,[1 8],1,1,14,0,1
1,<environment.Job instance at 0x7f5fb3e263c0>,1,13,[8 2],2,2,15,0,2
1,<environment.Job instance at 0x7f5f69641640>,5,18,[7 4],6,15,33,9,6
1,<environment.Job instance at 0x7f5fb383b280>,22,17,[ 1 10],23,33,50,10,23
1,<environment.Job instance at 0x7f5fb3607820>,26,15,[5 5],27,50,65,23,36
1,<environment.Job instance at 0x7f5f69512370>,33,12,[3 6],34,65,77,31,53
1,<environment.Job instance at 0x7f5f69512190>,39,20,[7 2],40,65,85,25,59
1,<environment.Job instance at 0x7f5f69512690>,46,2,[10  2],47,85,87,38,74
1,<environment.Job instance at 0x7f5f69512e60>,48,22,[ 3 10],49,87,109,38,82
1,<environment.Job instance at 0x7f5f69692780>,52,17,[5 8],53,109,126,56,99
1,<environment.Job instance at 0x7f5f698c61e0>,56,1,[6 5],57,126,127,69,117
1,<environment.Job instance at 0x7f5f692f19b0>,58,16,[1 9],59,127,143,68,117
1,<environment.Job instance at 0x7f5f698c6c80>,55,12,[ 4 10],56,143,155,87,128
1,<environment.Job instance at 0x7f5fb3234f50>,10,17,[10  2],11,14,31,3,14
1,<environment.Job instance at 0x7f5fb3234370>,15,3,[7 1],16,31,34,15,24
1,<environment.Job instance at 0x7f5fb3234fa0>,14,22,[7 4],15,34,56,19,27
1,<environment.Job instance at 0x7f5f693d6d70>,24,16,[9 5],25,56,72,31,56
1,<environment.Job instance at 0x7f5fb383b730>,38,17,[3 8],39,80,97,41,80
1,<environment.Job instance at 0x7f5fb33939b0>,44,16,[9 1],45,97,113,52,87
1,<environment.Job instance at 0x7f5f69386eb0>,59,19,[2 5],60,129,148,69,129
1,<environment.Job instance at 0x7f5f69386460>,66,14,[4 9],67,148,162,81,137
1,<environment.Job instance at 0x7f5fb36075f0>,5,27,[4 6],6,8,35,2,8
1,<environment.Job instance at 0x7f5f696e3c80>,20,15,[10  4],21,35,50,14,31
1,<environment.Job instance at 0x7f5f696f5960>,23,17,[7 4],24,50,67,26,39
1,<environment.Job instance at 0x7f5f696ef280>,31,23,[5 2],32,67,90,35,61
1,<environment.Job instance at 0x7f5f693efd20>,37,17,[9 5],38,90,107,52,80
1,<environment.Job instance at 0x7f5fb361b190>,44,16,[10  5],45,107,123,62,101
1,<environment.Job instance at 0x7f5fb32a2e10>,56,15,[5 8],57,133,148,76,133
1,<environment.Job instance at 0x7f5fb390a730>,59,17,[2 5],60,148,165,88,140
1,<environment.Job instance at 0x7f5fb390a050>,61,18,[4 5],62,148,166,86,142
1,<environment.Job instance at 0x7f5f6973dd70>,0,27,[7 2],1,8,35,7,8
1,<environment.Job instance at 0x7f5f696ff820>,27,15,[1 9],28,48,63,20,48
1,<environment.Job instance at 0x7f5f694ec5a0>,45,17,[6 3],46,87,104,41,87
1,<environment.Job instance at 0x7f5fb3a091e0>,48,18,[8 3],49,104,122,55,99
1,<environment.Job instance at 0x7f5f695eedc0>,52,18,[3 8],53,122,140,69,117
1,<environment.Job instance at 0x7f786398c4b0>,0,13,[9 3],1,1,14,0,1
1,<environment.Job instance at 0x7f7862834910>,4,14,[1 6],5,10,24,5,10
1,<environment.Job instance at 0x7f7862834fa0>,10,12,[3 7],11,24,36,13,11
1,<environment.Job instance at 0x7f7862837550>,15,18,[2 8],16,36,54,20,27
1,<environment.Job instance at 0x7f7863b090a0>,7,18,[2 8],8,11,29,3,11
1,<environment.Job instance at 0x7f7863b06140>,15,20,[2 6],16,29,49,13,23
1,<environment.Job instance at 0x7f78627eba00>,26,19,[4 8],27,49,68,22,39
1,<environment.Job instance at 0x7f7818870960>,7,17,[9 3],8,9,26,1,9
1,<environment.Job instance at 0x7f7818870d20>,13,15,[6 1],14,26,41,12,20
1,<environment.Job instance at 0x7f781887f640>,19,20,[2 6],20,39,59,19,39
1,<environment.Job instance at 0x7f7818878820>,26,3,[ 5 10],27,59,62,32,39
1,<environment.Job instance at 0x7f78189a4320>,1,15,[10  4],2,2,17,0,2
1,<environment.Job instance at 0x7f781887a640>,8,14,[9 5],9,17,31,8,9
1,<environment.Job instance at 0x7f7818eb23c0>,14,3,[6 4],15,31,34,16,15
1,<environment.Job instance at 0x7f7818eb2190>,21,2,[5 5],22,34,36,12,22
1,<environment.Job instance at 0x7f7818eb2cd0>,16,2,[8 1],17,36,38,19,22
1,<environment.Job instance at 0x7f7818eb2aa0>,11,15,[1 7],12,36,51,24,27
1,<environment.Job instance at 0x7f7863b062d0>,29,14,[2 6],30,51,65,21,39
1,<environment.Job instance at 0x7f7818832d70>,1,14,[1 6],2,2,16,0,2
1,<environment.Job instance at 0x7f781887a410>,2,14,[2 7],3,16,30,13,3
1,<environment.Job instance at 0x7f7818f41c30>,13,2,[5 6],14,30,32,16,15
1,<environment.Job instance at 0x7f7818f2c230>,17,3,[1 5],18,32,35,14,19
1,<environment.Job instance at 0x7f7818f41d70>,14,16,[7 2],15,32,48,17,25
1,<environment.Job instance at 0x7f7818f2c640>,21,18,[2 8],22,35,53,13,26
1,<environment.Job instance at 0x7f7818f2cfa0>,31,1,[8 3],32,53,54,21,36
1,<environment.Job instance at 0x7f7818f2ce10>,28,15,[7 5],29,54,69,25,41
1,<environment.Job instance at 0x7f7818f3f870>,1,27,[4 7],2,2,29,0,2
1,<environment.Job instance at 0x7f78634d5be0>,8,18,[4 5],9,29,47,20,19
1,<environment.Job instance at 0x7f7863511c30>,18,15,[3 6],19,47,62,28,34
1,<environment.Job instance at 0x7f78189011e0>,0,15,[8 2],1,5,20,4,5
1,<environment.Job instance at 0x7f7818901870>,7,13,[1 9],8,20,33,12,8
1,<environment.Job instance at 0x7f7818e15eb0>,15,3,[5 2],16,33,36,17,16
1,<environment.Job instance at 0x7f786315a190>,16,3,[ 5 10],17,36,39,19,17
1,<environment.Job instance at 0x7f7862a98500>,18,2,[2 6],19,33,35,14,19
1,<environment.Job instance at 0x7f7863025d70>,26,15,[2 7],27,39,54,12,33
1,<environment.Job instance at 0x7f7863025910>,28,15,[7 5],29,54,69,25,40
1,<environment.Job instance at 0x7f78189a4960>,2,12,[8 1],3,3,15,0,3
1,<environment.Job instance at 0x7f78188131e0>,4,18,[3 6],5,15,33,10,5
1,<environment.Job instance at 0x7f78628040a0>,12,12,[3 8],13,33,45,20,16
1,<environment.Job instance at 0x7f7862635190>,21,1,[ 4 10],22,45,46,23,28
1,<environment.Job instance at 0x7f7862635550>,25,13,[5 5],26,46,59,20,30
1,<environment.Job instance at 0x7f786263a910>,27,1,[5 5],28,46,47,18,31
1,<environment.Job instance at 0x7f7818ba65a0>,9,17,[9 1],10,10,27,0,10
1,<environment.Job instance at 0x7f7818ba6dc0>,11,3,[7 3],12,27,30,15,13
1,<environment.Job instance at 0x7f7818ba6c30>,10,18,[3 5],11,27,45,16,17
1,<environment.Job instance at 0x7f7818ba61e0>,5,3,[2 5],6,30,33,24,24
1,<environment.Job instance at 0x7f78638813c0>,16,3,[8 1],17,45,48,28,31
1,<environment.Job instance at 0x7f7818ba60a0>,2,19,[8 2],3,48,67,45,38
1,<environment.Job instance at 0x7f7818c77780>,16,25,[3 8],17,22,47,5,22
1,<environment.Job instance at 0x7f7818eb60a0>,20,15,[7 5],21,47,62,26,40
1,<environment.Job instance at 0x7f78186a9780>,25,2,[6 3],26,62,64,36,40
1,<environment.Job instance at 0x7f786272d460>,26,2,[3 8],27,64,66,37,40
1,<environment.Job instance at 0x7f78632d9960>,4,12,[6 4],5,6,18,1,6
1,<environment.Job instance at 0x7f7818c90050>,8,14,[5 9],9,18,32,9,9
1,<environment.Job instance at 0x7f7818b7baf0>,15,12,[2 9],16,32,44,16,16
1,<environment.Job instance at 0x7f78629868c0>,19,13,[5 9],20,44,57,24,28
1,<environment.Job instance at 0x7f786298f6e0>,29,15,[7 1],30,57,72,27,43
1,<environment.Job instance at 0x7f78186fd320>,1,22,[ 1 10],2,3,25,1,3
1,<environment.Job instance at 0x7f78187f9f00>,7,13,[7 3],8,25,38,17,11
1,<environment.Job instance at 0x7f78187e4280>,13,2,[5 5],14,38,40,24,14
1,<environment.Job instance at 0x7f78187e4320>,12,15,[1 6],13,40,55,27,26
1,<environment.Job instance at 0x7f7862706a00>,2,13,[4 8],3,3,16,0,3
1,<environment.Job instance at 0x7f78627067d0>,6,12,[7 1],7,16,28,9,7
1,<environment.Job instance at 0x7f78634bce60>,17,1,[9 4],18,28,29,10,18
1,<environment.Job instance at 0x7f78627df910>,24,2,[10  3],25,29,31,4,25
1,<environment.Job instance at 0x7f78627dfb40>,25,3,[5 5],26,31,34,5,26
1,<environment.Job instance at 0x7f78627dff00>,26,2,[3 9],27,34,36,7,27
1,<environment.Job instance at 0x7f78627df6e0>,23,20,[5 4],24,36,56,12,29
1,<environment.Job instance at 0x7f78627df5f0>,28,3,[10  4],29,56,59,27,30
1,<environment.Job instance at 0x7f786301d960>,10,14,[6 4],11,59,73,48,45
1,<environment.Job instance at 0x7f78626be2d0>,0,16,[9 2],1,2,18,1,2
1,<environment.Job instance at 0x7f78187f0be0>,8,3,[8 2],9,18,21,9,11
1,<environment.Job instance at 0x7f7862e3d910>,15,1,[9 5],16,21,22,5,16
1,<environment.Job instance at 0x7f7862e3d0a0>,18,18,[1 9],19,23,41,4,23
1,<environment.Job instance at 0x7f7862e3da50>,21,2,[9 5],22,41,43,19,23
1,<environment.Job instance at 0x7f7862e3db40>,16,1,[2 6],17,43,44,26,23
1,<environment.Job instance at 0x7f7862674d70>,22,3,[9 5],23,44,47,21,23
1,<environment.Job instance at 0x7f7862674cd0>,24,17,[9 5],25,47,64,22,35
1,<environment.Job instance at 0x7f78628f3b90>,5,12,[5 6],6,6,18,0,6
1,<environment.Job instance at 0x7f78628f3af0>,6,17,[5 5],7,18,35,11,7
1,<environment.Job instance at 0x7f78628f91e0>,13,16,[4 9],14,35,51,21,22
1,<environment.Job instance at 0x7f7862660550>,3,15,[7 2],4,4,19,0,4
1,<environment.Job instance at 0x7f78638d4280>,8,14,[1 7],9,9,23,0,9
1,<environment.Job instance at 0x7f78638d48c0>,9,17,[9 4],10,23,40,13,11
1,<environment.Job instance at 0x7f7818c09e10>,26,12,[6 3],27,40,52,13,36
1,<environment.Job instance at 0x7f7818c09690>,27,15,[ 5 10],28,52,67,24,44
1,<environment.Job instance at 0x7f7863355460>,3,17,[10  5],4,4,21,0,4
1,<environment.Job instance at 0x7f7863044d20>,19,2,[4 6],20,21,23,1,20
1,<environment.Job instance at 0x7f7862e82c80>,22,17,[1 7],23,24,41,1,24
1,<environment.Job instance at 0x7f7863709050>,17,25,[9 4],18,41,66,23,39
1,<environment.Job instance at 0x7f7863044a00>,1,15,[9 5],2,2,17,0,2
1,<environment.Job instance at 0x7f7863044500>,2,14,[9 1],3,17,31,14,3
1,<environment.Job instance at 0x7f7862c3fd20>,19,13,[ 2 10],20,31,44,11,20
1,<environment.Job instance at 0x7f7862c63320>,20,15,[4 9],21,44,59,23,43
1,<environment.Job instance at 0x7f78634bdbe0>,2,17,[1 9],3,3,20,0,3
1,<environment.Job instance at 0x7f7862e945a0>,9,3,[10  2],10,20,23,10,10
1,<environment.Job instance at 0x7f7862e94870>,12,3,[10  5],13,23,26,10,13
1,<environment.Job instance at 0x7f7862e94820>,6,13,[3 7],7,26,39,19,14
1,<environment.Job instance at 0x7f786358e140>,16,12,[9 4],17,39,51,22,22
1,<environment.Job instance at 0x7f78186cc370>,25,12,[5 9],26,51,63,25,36
1,<environment.Job instance at 0x7f78632f98c0>,5,17,[ 2 10],6,8,25,2,8
1,<environment.Job instance at 0x7f78632f9be0>,8,19,[7 1],9,25,44,16,15
1,<environment.Job instance at 0x7f7818a50230>,28,14,[ 4 10],29,44,58,15,43
1,<environment.Job instance at 0x7f781875b5a0>,29,13,[7 5],30,58,71,28,46
1,<environment.Job instance at 0x7efdc96714b0>,0,13,[9 3],1,1,14,0,1
1,<environment.Job instance at 0x7efdc85218c0>,4,14,[1 6],5,9,23,4,9
1,<environment.Job instance at 0x7efdc8521eb0>,10,12,[3 7],11,23,35,12,20
1,<environment.Job instance at 0x7efdc8521b90>,6,20,[6 1],7,21,41,14,21
1,<environment.Job instance at 0x7efdc8524780>,19,14,[3 5],20,35,49,15,27
1,<environment.Job instance at 0x7efdc8529910>,0,14,[5 2],1,1,15,0,1
1,<environment.Job instance at 0x7efdc95c4c30>,3,14,[5 5],4,4,18,0,4
1,<environment.Job instance at 0x7efdc95c29b0>,11,1,[5 2],12,15,16,3,13
1,<environment.Job instance at 0x7efdc95c4cd0>,4,24,[1 8],5,18,42,13,17
1,<environment.Job instance at 0x7efdc95c67d0>,21,3,[1 5],22,42,45,20,23
1,<environment.Job instance at 0x7efdc95c65a0>,22,1,[8 5],23,42,43,19,23
1,<environment.Job instance at 0x7efdc95c65a0>,4,18,[2 9],5,13,31,8,13
1,<environment.Job instance at 0x7efd7e4f9370>,14,14,[5 1],15,19,33,4,19
1,<environment.Job instance at 0x7efd7e4f9a00>,17,13,[8 5],18,33,46,15,19
1,<environment.Job instance at 0x7efd7eb99d70>,2,20,[1 5],3,3,23,0,3
1,<environment.Job instance at 0x7efd7e927f00>,21,26,[ 5 10],22,23,49,1,23
1,<environment.Job instance at 0x7efdc8944460>,7,22,[4 5],8,10,32,2,10
1,<environment.Job instance at 0x7efd7eb5a2d0>,17,20,[9 2],18,32,52,14,23
1,<environment.Job instance at 0x7efd7e4ee8c0>,2,14,[1 8],3,3,17,0,3
1,<environment.Job instance at 0x7efdc84cf9b0>,4,14,[8 4],5,17,31,12,5
1,<environment.Job instance at 0x7efdc84cf2d0>,13,15,[5 2],14,31,46,17,17
1,<environment.Job instance at 0x7efdc852eaf0>,2,14,[2 9],3,3,17,0,3
1,<environment.Job instance at 0x7efdc88c95a0>,8,21,[9 4],9,17,38,8,11
1,<environment.Job instance at 0x7efd7e927dc0>,20,13,[10  5],21,38,51,17,22
1,<environment.Job instance at 0x7efd7e497c80>,6,12,[ 3 10],7,7,19,0,7
1,<environment.Job instance at 0x7efdc8f3a3c0>,10,18,[4 5],11,19,37,8,15
1,<environment.Job instance at 0x7efdc84208c0>,20,13,[7 4],21,37,50,16,21
1,<environment.Job instance at 0x7efd7eb2cd70>,10,3,[7 3],11,11,14,0,11
1,<environment.Job instance at 0x7efd7eb2ce10>,9,3,[5 1],10,14,17,4,11
1,<environment.Job instance at 0x7efd7eb2c730>,11,27,[4 7],12,17,44,5,17
1,<environment.Job instance at 0x7efd7e63d5f0>,16,3,[9 1],17,44,47,27,21
1,<environment.Job instance at 0x7efd7e8c5eb0>,1,15,[8 4],2,2,17,0,2
1,<environment.Job instance at 0x7efd7e911a50>,7,13,[1 9],8,8,21,0,8
1,<environment.Job instance at 0x7efd7e911550>,8,17,[3 6],9,21,38,12,9
1,<environment.Job instance at 0x7efdc84d8280>,0,24,[2 8],1,4,28,3,4
1,<environment.Job instance at 0x7efdc88bf1e0>,9,13,[4 6],10,28,41,18,12
1,<environment.Job instance at 0x7fd64b85d4b0>,0,13,[9 3],1,1,14,0,1
1,<environment.Job instance at 0x7fd64a704050>,11,15,[4 8],12,14,29,2,12
1,<environment.Job instance at 0x7fd64a704140>,12,26,[ 1 10],13,33,59,20,33
1,<environment.Job instance at 0x7fd64a704e10>,28,23,[10  4],29,59,82,30,53
1,<environment.Job instance at 0x7fd64b9d46e0>,2,22,[6 4],3,3,25,0,3
1,<environment.Job instance at 0x7fd64b9d6e10>,11,2,[5 1],12,25,27,13,17
1,<environment.Job instance at 0x7fd64b9d35a0>,16,19,[4 8],17,25,44,8,17
1,<environment.Job instance at 0x7fd64b9d6320>,4,18,[2 9],5,44,62,39,38
1,<environment.Job instance at 0x7fd64b88ab90>,24,18,[3 7],25,62,80,37,53
1,<environment.Job instance at 0x7fd600747dc0>,7,22,[4 5],8,8,30,0,8
1,<environment.Job instance at 0x7fd600744b40>,16,1,[9 3],17,30,31,13,17
1,<environment.Job instance at 0x7fd600744d70>,15,14,[ 2 10],16,31,45,15,17
1,<environment.Job instance at 0x7fd60073c2d0>,21,13,[5 6],22,45,58,23,37
1,<environment.Job instance at 0x7fd60073c5a0>,26,17,[1 7],27,58,75,31,55
1,<environment.Job instance at 0x7fd6007c8b40>,2,14,[2 9],3,3,17,0,3
1,<environment.Job instance at 0x7fd6007c8410>,5,2,[5 2],6,17,19,11,7
1,<environment.Job instance at 0x7fd600d1f3c0>,8,21,[9 4],9,19,40,10,11
1,<environment.Job instance at 0x7fd600afa500>,22,14,[2 7],23,40,54,17,25
1,<environment.Job instance at 0x7fd60081d8c0>,33,2,[5 6],34,54,56,20,34
1,<environment.Job instance at 0x7fd60081d780>,36,12,[ 3 10],37,56,68,19,44
1,<environment.Job instance at 0x7fd60081d1e0>,38,1,[10  5],39,68,69,29,44
1,<environment.Job instance at 0x7fd6006fe4b0>,44,16,[9 4],45,69,85,24,56
1,<environment.Job instance at 0x7fd600df8960>,8,18,[4 6],9,9,27,0,9
1,<environment.Job instance at 0x7fd600af3c80>,0,24,[ 1 10],1,27,51,26,23
1,<environment.Job instance at 0x7fd600e0cd20>,24,12,[7 2],25,51,63,26,35
1,<environment.Job instance at 0x7fd600e0ceb0>,28,15,[3 6],29,51,66,22,38
1,<environment.Job instance at 0x7fd600e04500>,3,2,[5 1],4,7,9,3,7
1,<environment.Job instance at 0x7fd64a6dde10>,8,17,[3 6],9,10,27,1,10
1,<environment.Job instance at 0x7fd64a6dd820>,11,14,[8 2],12,27,41,15,17
1,<environment.Job instance at 0x7fd64b0cfaa0>,26,15,[2 7],27,34,49,7,34
1,<environment.Job instance at 0x7fd64b0cfaf0>,28,15,[7 5],29,49,64,20,37
1,<environment.Job instance at 0x7fd64aac7050>,3,3,[4 8],4,4,7,0,4
1,<environment.Job instance at 0x7fd64b79cfa0>,0,27,[ 5 10],1,11,38,10,11
1,<environment.Job instance at 0x7fd600a89fa0>,28,14,[7 5],29,38,52,9,33
1,<environment.Job instance at 0x7fd64ac9a960>,2,12,[5 5],3,11,23,8,11
1,<environment.Job instance at 0x7fd64b12b6e0>,11,13,[4 5],12,12,25,0,12
1,<environment.Job instance at 0x7fd64b3f2c30>,21,14,[1 5],22,23,37,1,22
1,<environment.Job instance at 0x7fd64ae72960>,7,3,[10  2],8,37,40,29,22
1,<environment.Job instance at 0x7fd6005f1320>,10,16,[10  2],11,40,56,29,29
1,<environment.Job instance at 0x7fd600dd58c0>,36,18,[4 6],37,56,74,19,45
1,<environment.Job instance at 0x7fd64b9d6f00>,1,13,[5 5],2,2,15,0,2
1,<environment.Job instance at 0x7fd64b9d6690>,3,12,[1 8],4,15,27,11,4
1,<environment.Job instance at 0x7fd64aa35b90>,17,18,[5 1],18,19,37,1,19
1,<environment.Job instance at 0x7fd64aa35730>,19,15,[9 5],20,37,52,17,24
1,<environment.Job instance at 0x7fd64ae63730>,26,1,[7 2],27,52,53,25,29
1,<environment.Job instance at 0x7fd64a80fdc0>,30,12,[2 5],31,52,64,21,39
1,<environment.Job instance at 0x7fd64a80fd70>,31,16,[6 5],32,53,69,21,42
1,<environment.Job instance at 0x7fd64a80faf0>,36,14,[3 9],37,69,83,32,56
1,<environment.Job instance at 0x7fd600938cd0>,2,16,[9 2],3,6,22,3,6
1,<environment.Job instance at 0x7fd600d462d0>,8,17,[10  3],9,22,39,13,10
1,<environment.Job instance at 0x7fd64b1549b0>,24,12,[4 6],25,39,51,14,25
1,<environment.Job instance at 0x7fd64ac903c0>,18,20,[6 2],19,42,62,23,42
1,<environment.Job instance at 0x7fd6007533c0>,27,18,[1 7],28,51,69,23,47
1,<environment.Job instance at 0x7fd600753500>,34,12,[8 4],35,69,81,34,58
1,<environment.Job instance at 0x7fd600d3b050>,6,12,[7 1],7,7,19,0,7
1,<environment.Job instance at 0x7fd600d20190>,17,1,[9 4],18,19,20,1,19
1,<environment.Job instance at 0x7fd600d20cd0>,20,15,[9 4],21,22,37,1,22
1,<environment.Job instance at 0x7fd600543230>,21,3,[5 5],22,37,40,15,22
1,<environment.Job instance at 0x7fd64a63e140>,24,2,[10  3],25,40,42,15,25
1,<environment.Job instance at 0x7fd64b45b190>,25,3,[5 5],26,37,40,11,26
1,<environment.Job instance at 0x7fd64b45bd70>,27,2,[7 2],28,42,44,14,28
1,<environment.Job instance at 0x7fd64a6106e0>,34,15,[10  3],35,44,59,9,42
1,<environment.Job instance at 0x7fd64a610aa0>,39,17,[5 9],40,59,76,19,50
1,<environment.Job instance at 0x7fd64a610f50>,2,18,[5 9],3,3,21,0,3
1,<environment.Job instance at 0x7fd64b20d910>,12,3,[9 5],13,21,24,8,14
1,<environment.Job instance at 0x7fd64b20d820>,10,15,[3 9],11,24,39,13,15
1,<environment.Job instance at 0x7fd64b21daa0>,29,14,[6 1],30,37,51,7,37
1,<environment.Job instance at 0x7fd64b21dbe0>,31,17,[10  4],32,51,68,19,42
1,<environment.Job instance at 0x7fd64b21df50>,0,28,[5 6],1,1,29,0,1
1,<environment.Job instance at 0x7fd64a707a00>,8,1,[6 1],9,29,30,20,9
1,<environment.Job instance at 0x7fd60080f410>,12,16,[9 4],13,30,46,17,25
1,<environment.Job instance at 0x7fd60080f780>,19,1,[10  3],20,46,47,26,37
1,<environment.Job instance at 0x7fd60080f050>,20,16,[5 1],21,47,63,26,39
1,<environment.Job instance at 0x7fd60080faa0>,22,17,[4 5],23,47,64,24,39
1,<environment.Job instance at 0x7fd600901140>,27,18,[10  5],28,64,82,36,58
1,<environment.Job instance at 0x7fd60079a550>,1,16,[ 4 10],2,2,18,0,2
1,<environment.Job instance at 0x7fd64b119eb0>,5,16,[4 6],6,18,34,12,10
1,<environment.Job instance at 0x7fd64b119460>,11,13,[2 8],12,34,47,22,18
1,<environment.Job instance at 0x7fd64b119230>,14,20,[9 5],15,47,67,32,38
1,<environment.Job instance at 0x7fd600e04f00>,2,18,[5 8],3,3,21,0,3
1,<environment.Job instance at 0x7fd6009ef4b0>,3,13,[1 7],4,21,34,17,5
1,<environment.Job instance at 0x7fd600540dc0>,18,14,[8 1],19,21,35,2,19
1,<environment.Job instance at 0x7fd600540d20>,19,16,[ 4 10],20,35,51,15,23
1,<environment.Job instance at 0x7fd60053a960>,30,15,[4 9],31,51,66,20,44
1,<environment.Job instance at 0x7fd60053ab40>,33,16,[8 2],34,66,82,32,55
1,<environment.Job instance at 0x7fd600542320>,2,17,[1 9],3,4,21,1,4
1,<environment.Job instance at 0x7fd64b18d280>,13,15,[4 9],14,21,36,7,14
1,<environment.Job instance at 0x7fd64b18d960>,16,12,[9 4],17,36,48,19,20
1,<environment.Job instance at 0x7fd600cbd460>,23,2,[8 4],24,49,51,25,49
1,<environment.Job instance at 0x7fd600cbd730>,24,1,[10  4],25,51,52,26,49
1,<environment.Job instance at 0x7fd600cbd0a0>,25,12,[5 9],26,52,64,26,51
1,<environment.Job instance at 0x7fd600cbde10>,26,12,[6 4],27,64,76,37,52
1,<environment.Job instance at 0x7fd64aa1faf0>,0,18,[9 2],1,3,21,2,3
1,<environment.Job instance at 0x7fd600c50dc0>,4,12,[7 4],5,21,33,16,5
1,<environment.Job instance at 0x7fd600cbde10>,9,18,[1 5],10,11,29,1,11
1,<environment.Job instance at 0x7fd64a6b6e60>,13,15,[4 8],14,33,48,19,21
1,<environment.Job instance at 0x7fd64b01e1e0>,24,19,[9 1],25,49,68,24,49
1,<environment.Job instance at 0x7fd64b01e780>,26,2,[8 3],27,68,70,41,49
1,<environment.Job instance at 0x7fd64b01edc0>,28,13,[3 7],29,70,83,41,54
1,<environment.Job instance at 0x7fd64b01e370>,2,19,[8 3],3,3,22,0,3
1,<environment.Job instance at 0x7fd60090ab40>,4,17,[8 5],5,22,39,17,10
1,<environment.Job instance at 0x7fd6009b37d0>,18,12,[5 1],19,39,51,20,24
1,<environment.Job instance at 0x7fd6009b3230>,20,2,[8 5],21,51,53,30,29
1,<environment.Job instance at 0x7fd6009acf50>,26,1,[ 3 10],27,53,54,26,41
1,<environment.Job instance at 0x7fd6009ac370>,25,14,[5 7],26,54,68,28,48
1,<environment.Job instance at 0x7fd6009ce550>,32,19,[6 2],33,68,87,35,58
1,<environment.Job instance at 0x7fd64a64cb40>,4,22,[5 8],5,6,28,1,6
1,<environment.Job instance at 0x7fd64abb3e60>,12,1,[10  2],13,28,29,15,13
1,<environment.Job instance at 0x7fd64b0205a0>,14,1,[10  4],15,29,30,14,16
1,<environment.Job instance at 0x7fd64abb3c80>,13,1,[2 9],14,30,31,16,16
1,<environment.Job instance at 0x7fd64abb3aa0>,8,15,[1 8],9,31,46,22,19
1,<environment.Job instance at 0x7fd64ab89370>,21,14,[6 1],22,30,44,8,23
1,<environment.Job instance at 0x7fd64ab89f50>,23,14,[4 8],24,46,60,22,33
1,<environment.Job instance at 0x7fd64ab899b0>,32,1,[3 9],33,60,61,27,40
1,<environment.Job instance at 0x7fd64ab89320>,31,14,[ 1 10],32,61,75,29,49
1,<environment.Job instance at 0x7fd64af17640>,35,1,[5 6],36,75,76,39,49
1,<environment.Job instance at 0x7fd64af175f0>,38,3,[6 3],39,76,79,37,52
1,<environment.Job instance at 0x7fd64af17aa0>,39,2,[10  3],40,79,81,39,52
1,<environment.Job instance at 0x7fd64adee5f0>,2,17,[5 1],3,3,20,0,3
1,<environment.Job instance at 0x7fd64ab9d7d0>,7,17,[5 5],8,8,25,0,8
1,<environment.Job instance at 0x7fd64ab9da50>,8,14,[9 5],9,25,39,16,15
1,<environment.Job instance at 0x7fd600a28870>,9,14,[8 5],10,39,53,29,24
1,<environment.Job instance at 0x7fd600a28d70>,12,17,[1 5],13,25,42,12,25
1,<environment.Job instance at 0x7fd64a94c690>,28,19,[2 7],29,53,72,24,50
1,<environment.Job instance at 0x7fcbee03f4b0>,0,13,[9 3],1,1,14,0,1
1,<environment.Job instance at 0x7fcbe4c37910>,4,14,[1 6],5,10,24,5,10
1,<environment.Job instance at 0x7fcbe4c37fa0>,10,12,[3 7],11,24,36,13,11
1,<environment.Job instance at 0x7fcbe4c3a550>,15,18,[2 8],16,36,54,20,27
1,<environment.Job instance at 0x7fcbee1c15f0>,7,18,[2 8],8,11,29,3,11
1,<environment.Job instance at 0x7fcbee1b9c30>,15,20,[2 6],16,29,49,13,23
1,<environment.Job instance at 0x7fcbee03eaa0>,26,19,[4 8],27,49,68,22,39
1,<environment.Job instance at 0x7fcba2f66aa0>,7,17,[9 3],8,9,26,1,9
1,<environment.Job instance at 0x7fcba2f662d0>,13,15,[6 1],14,26,41,12,20
1,<environment.Job instance at 0x7fcba2f661e0>,19,20,[2 6],20,39,59,19,39
1,<environment.Job instance at 0x7fcba2f11730>,26,3,[ 5 10],27,59,62,32,39
1,<environment.Job instance at 0x7fcba2fe6a00>,1,15,[10  4],2,2,17,0,2
1,<environment.Job instance at 0x7fcba3383280>,8,14,[9 5],9,17,31,8,9
1,<environment.Job instance at 0x7fcba3383cd0>,14,3,[6 4],15,31,34,16,15
1,<environment.Job instance at 0x7fcbe4c42f00>,21,2,[5 5],22,34,36,12,22
1,<environment.Job instance at 0x7fcba3383d20>,16,2,[8 1],17,36,38,19,22
1,<environment.Job instance at 0x7fcba33830f0>,11,15,[1 7],12,36,51,24,27
1,<environment.Job instance at 0x7fcba30b2820>,29,14,[2 6],30,51,65,21,39
1,<environment.Job instance at 0x7fcba30a8c80>,1,14,[1 6],2,2,16,0,2
1,<environment.Job instance at 0x7fcba303a050>,2,14,[2 7],3,16,30,13,3
1,<environment.Job instance at 0x7fcba3336be0>,13,2,[5 6],14,30,32,16,15
1,<environment.Job instance at 0x7fcba3336fa0>,17,3,[1 5],18,32,35,14,19
1,<environment.Job instance at 0x7fcba3336d20>,14,16,[7 2],15,32,48,17,25
1,<environment.Job instance at 0x7fcba33195f0>,21,18,[2 8],22,35,53,13,26
1,<environment.Job instance at 0x7fcba3319eb0>,31,1,[8 3],32,53,54,21,36
1,<environment.Job instance at 0x7fcba3319dc0>,28,15,[7 5],29,54,69,25,41
1,<environment.Job instance at 0x7fcba332c820>,1,27,[4 7],2,2,29,0,2
1,<environment.Job instance at 0x7fcbed866be0>,8,18,[4 5],9,29,47,20,19
1,<environment.Job instance at 0x7fcbed9ee960>,18,15,[3 6],19,47,62,28,34
1,<environment.Job instance at 0x7fcbe5012550>,0,15,[8 2],1,5,20,4,5
1,<environment.Job instance at 0x7fcbe50c9410>,7,13,[1 9],8,20,33,12,8
1,<environment.Job instance at 0x7fcba344ce10>,15,3,[5 2],16,33,36,17,16
1,<environment.Job instance at 0x7fcba3396e60>,16,3,[ 5 10],17,36,39,19,17
1,<environment.Job instance at 0x7fcbe4e5c320>,18,2,[2 6],19,33,35,14,19
1,<environment.Job instance at 0x7fcbed9aed70>,26,15,[2 7],27,39,54,12,33
1,<environment.Job instance at 0x7fcbed9ae640>,28,15,[7 5],29,54,69,25,40
1,<environment.Job instance at 0x7fcba309d780>,2,12,[8 1],3,3,15,0,3
1,<environment.Job instance at 0x7fcbe4b287d0>,4,18,[3 6],5,15,33,10,5
1,<environment.Job instance at 0x7fcba353be60>,12,12,[3 8],13,33,45,20,16
1,<environment.Job instance at 0x7fcba350e0f0>,21,1,[ 4 10],22,45,46,23,28
1,<environment.Job instance at 0x7fcba350e730>,25,13,[5 5],26,46,59,20,30
1,<environment.Job instance at 0x7fcba350e550>,27,1,[5 5],28,46,47,18,31
1,<environment.Job instance at 0x7fcbe4e50280>,9,17,[9 1],10,10,27,0,10
1,<environment.Job instance at 0x7fcbe4e504b0>,11,3,[7 3],12,27,30,15,13
1,<environment.Job instance at 0x7fcbe4e502d0>,10,18,[3 5],11,27,45,16,17
1,<environment.Job instance at 0x7fcbed43c460>,5,3,[2 5],6,30,33,24,24
1,<environment.Job instance at 0x7fcbe4e50820>,16,3,[8 1],17,45,48,28,31
1,<environment.Job instance at 0x7fcbed43cfa0>,2,19,[8 2],3,48,67,45,38
1,<environment.Job instance at 0x7fcbe4e50c30>,16,25,[3 8],17,22,47,5,22
1,<environment.Job instance at 0x7fcba3248f00>,20,15,[7 5],21,47,62,26,40
1,<environment.Job instance at 0x7fcbed5e1f00>,25,2,[6 3],26,62,64,36,40
1,<environment.Job instance at 0x7fcba3340370>,26,2,[3 8],27,64,66,37,40
1,<environment.Job instance at 0x7fcbe4d59500>,4,12,[6 4],5,6,18,1,6
1,<environment.Job instance at 0x7fcbe4d59c80>,8,14,[5 9],9,18,32,9,9
1,<environment.Job instance at 0x7fcba3433aa0>,15,12,[2 9],16,32,44,16,16
1,<environment.Job instance at 0x7fcba34a3230>,19,13,[5 9],20,44,57,24,28
1,<environment.Job instance at 0x7fcbed992550>,29,15,[7 1],30,57,72,27,43
1,<environment.Job instance at 0x7fcbe4f02d70>,1,22,[ 1 10],2,3,25,1,3
1,<environment.Job instance at 0x7fcba32b5f00>,7,13,[7 3],8,25,38,17,11
1,<environment.Job instance at 0x7fcba2fd7280>,13,2,[5 5],14,38,40,24,14
1,<environment.Job instance at 0x7fcba2fd7320>,12,15,[1 6],13,40,55,27,26
1,<environment.Job instance at 0x7fcba32045f0>,2,13,[4 8],3,3,16,0,3
1,<environment.Job instance at 0x7fcba3204e60>,6,12,[7 1],7,16,28,9,7
1,<environment.Job instance at 0x7fcbed869f00>,17,1,[9 4],18,28,29,10,18
1,<environment.Job instance at 0x7fcbe4d48b40>,24,2,[10  3],25,29,31,4,25
1,<environment.Job instance at 0x7fcbe4d48d20>,25,3,[5 5],26,31,34,5,26
1,<environment.Job instance at 0x7fcbe4a1c6e0>,26,2,[3 9],27,34,36,7,27
1,<environment.Job instance at 0x7fcbed8691e0>,23,20,[5 4],24,36,56,12,29
1,<environment.Job instance at 0x7fcbed9af9b0>,28,3,[10  4],29,56,59,27,30
1,<environment.Job instance at 0x7fcbe4d3a050>,10,14,[6 4],11,59,73,48,45
1,<environment.Job instance at 0x7fcbed985960>,0,16,[9 2],1,2,18,1,2
1,<environment.Job instance at 0x7fcbed9851e0>,8,3,[8 2],9,18,21,9,11
1,<environment.Job instance at 0x7fcbe4c7d910>,15,1,[9 5],16,21,22,5,16
1,<environment.Job instance at 0x7fcbe4fb5550>,18,18,[1 9],19,23,41,4,23
1,<environment.Job instance at 0x7fcbe4fb5a50>,21,2,[9 5],22,41,43,19,23
1,<environment.Job instance at 0x7fcbe4fb5be0>,16,1,[2 6],17,43,44,26,23
1,<environment.Job instance at 0x7fcbe4fb53c0>,22,3,[9 5],23,44,47,21,23
1,<environment.Job instance at 0x7fcba2d250f0>,24,17,[9 5],25,47,64,22,35
1,<environment.Job instance at 0x7fcbe4ab68c0>,5,12,[5 6],6,6,18,0,6
1,<environment.Job instance at 0x7fcbe4ab6a00>,6,17,[5 5],7,18,35,11,7
1,<environment.Job instance at 0x7fcbe4ace1e0>,13,16,[4 9],14,35,51,21,22
1,<environment.Job instance at 0x7fcbed860af0>,3,15,[7 2],4,4,19,0,4
1,<environment.Job instance at 0x7fcbed860370>,8,14,[1 7],9,9,23,0,9
1,<environment.Job instance at 0x7fcbed860500>,9,17,[9 4],10,23,40,13,11
1,<environment.Job instance at 0x7fcbe4a266e0>,26,12,[6 3],27,40,52,13,36
1,<environment.Job instance at 0x7fcbe4a26cd0>,27,15,[ 5 10],28,52,67,24,44
1,<environment.Job instance at 0x7fcbe4ce1550>,3,17,[10  5],4,4,21,0,4
1,<environment.Job instance at 0x7fcbe4cb67d0>,19,2,[4 6],20,21,23,1,20
1,<environment.Job instance at 0x7fcba334ff00>,22,17,[1 7],23,24,41,1,24
1,<environment.Job instance at 0x7fcbe4a20fa0>,17,25,[9 4],18,41,66,23,39
1,<environment.Job instance at 0x7fcba3209d70>,1,15,[9 5],2,2,17,0,2
1,<environment.Job instance at 0x7fcba3209280>,2,14,[9 1],3,17,31,14,3
1,<environment.Job instance at 0x7fcba3306b40>,19,13,[ 2 10],20,31,44,11,20
1,<environment.Job instance at 0x7fcba332fe10>,20,15,[4 9],21,44,59,23,43
1,<environment.Job instance at 0x7fcbe4bdfa00>,2,17,[1 9],3,3,20,0,3
1,<environment.Job instance at 0x7fcbe4bdfa50>,9,3,[10  2],10,20,23,10,10
1,<environment.Job instance at 0x7fcbedc412d0>,12,3,[10  5],13,23,26,10,13
1,<environment.Job instance at 0x7fcbe4bdf7d0>,6,13,[3 7],7,26,39,19,14
1,<environment.Job instance at 0x7fcba342e910>,16,12,[9 4],17,39,51,22,22
1,<environment.Job instance at 0x7fcba3192c30>,25,12,[5 9],26,51,63,25,36
1,<environment.Job instance at 0x7fcba2de7050>,5,17,[ 2 10],6,8,25,2,8
1,<environment.Job instance at 0x7fcba2de7190>,8,19,[7 1],9,25,44,16,15
1,<environment.Job instance at 0x7fcbed841910>,28,14,[ 4 10],29,44,58,15,43
1,<environment.Job instance at 0x7fcbed8415f0>,29,13,[7 5],30,58,71,28,46
1,<environment.Job instance at 0x7ff84efc5140>,0,13,[9 3],1,1,14,0,1
1,<environment.Job instance at 0x7ff84de66280>,4,14,[1 6],5,6,20,1,6
1,<environment.Job instance at 0x7ff84de666e0>,8,13,[5 5],9,20,33,11,9
1,<environment.Job instance at 0x7ff84de66e10>,16,16,[3 5],17,25,41,8,25
1,<environment.Job instance at 0x7ff84de66c80>,15,18,[2 8],16,43,61,27,43
1,<environment.Job instance at 0x7ff84de68960>,29,12,[5 4],30,61,73,31,56
1,<environment.Job instance at 0x7ff84de68af0>,30,14,[5 2],31,56,70,25,56
1,<environment.Job instance at 0x7ff84de68cd0>,33,14,[5 5],34,70,84,36,56
1,<environment.Job instance at 0x7ff84f134910>,4,14,[5 1],5,5,19,0,5
1,<environment.Job instance at 0x7ff84f134550>,7,13,[8 5],8,19,32,11,8
1,<environment.Job instance at 0x7ff84efede10>,14,18,[3 7],15,32,50,17,25
1,<environment.Job instance at 0x7ff84f1406e0>,25,15,[5 7],26,50,65,24,36
1,<environment.Job instance at 0x7ff84f13b3c0>,32,16,[3 9],33,65,81,32,54
1,<environment.Job instance at 0x7ff84f1322d0>,1,13,[5 6],2,2,15,0,2
1,<environment.Job instance at 0x7ff803eaf820>,11,15,[10  4],12,15,30,3,12
1,<environment.Job instance at 0x7ff803eacb40>,16,1,[6 3],17,30,31,13,17
1,<environment.Job instance at 0x7ff803eaccd0>,17,3,[4 5],18,30,33,12,18
1,<environment.Job instance at 0x7ff803eacb90>,19,2,[4 9],20,33,35,13,20
1,<environment.Job instance at 0x7ff803eac410>,14,14,[8 4],15,35,49,20,22
1,<environment.Job instance at 0x7ff803eaf5f0>,12,14,[1 8],13,49,63,36,34
1,<environment.Job instance at 0x7ff803e92d20>,39,14,[2 6],40,63,77,23,48
1,<environment.Job instance at 0x7ff803ef8a00>,44,3,[4 6],45,77,80,32,56
1,<environment.Job instance at 0x7ff803e10a00>,4,16,[7 2],5,5,21,0,5
1,<environment.Job instance at 0x7ff803e10dc0>,10,18,[4 5],11,21,39,10,12
1,<environment.Job instance at 0x7ff804387f50>,17,16,[9 2],18,39,55,21,27
1,<environment.Job instance at 0x7ff803e05b40>,32,2,[9 3],33,55,57,22,37
1,<environment.Job instance at 0x7ff803e05c80>,31,2,[9 5],32,57,59,25,41
1,<environment.Job instance at 0x7ff803e05050>,30,24,[ 1 10],31,59,83,28,54
1,<environment.Job instance at 0x7ff8042a85a0>,9,28,[5 3],10,17,45,7,17
1,<environment.Job instance at 0x7ff8042a8960>,14,2,[7 4],15,45,47,30,24
1,<environment.Job instance at 0x7ff8042a8b90>,16,1,[7 3],17,47,48,30,24
1,<environment.Job instance at 0x7ff8042a8cd0>,18,1,[2 7],19,27,28,8,27
1,<environment.Job instance at 0x7ff8042a88c0>,13,3,[9 5],14,48,51,34,32
1,<environment.Job instance at 0x7ff8042a64b0>,26,2,[5 5],27,43,45,16,43
1,<environment.Job instance at 0x7ff8042a6410>,25,13,[6 4],26,51,64,25,43
1,<environment.Job instance at 0x7ff8042a67d0>,29,15,[ 5 10],30,64,79,34,51
1,<environment.Job instance at 0x7ff8042a6d70>,35,3,[5 2],36,79,82,43,64
1,<environment.Job instance at 0x7ff8042a6e10>,36,3,[ 5 10],37,82,85,45,64
1,<environment.Job instance at 0x7ff8042a6cd0>,37,1,[8 5],38,85,86,47,64
1,<environment.Job instance at 0x7ff8042a6f50>,38,2,[2 6],39,79,81,40,64
1,<environment.Job instance at 0x7ff804274910>,2,12,[8 1],3,3,15,0,3
1,<environment.Job instance at 0x7ff84dffaf50>,4,18,[3 6],5,15,33,10,5
1,<environment.Job instance at 0x7ff84dbcef50>,19,2,[8 2],20,33,35,13,21
1,<environment.Job instance at 0x7ff84dbceaf0>,20,2,[1 7],21,33,35,12,26
1,<environment.Job instance at 0x7ff84e4bdb40>,11,17,[7 5],12,35,52,23,32
1,<environment.Job instance at 0x7ff84eaf6730>,26,3,[2 8],27,52,55,25,37
1,<environment.Job instance at 0x7ff84eaf6c80>,29,3,[7 2],30,52,55,22,39
1,<environment.Job instance at 0x7ff84eb7ec80>,35,16,[10  4],36,55,71,19,50
1,<environment.Job instance at 0x7ff84e01cd20>,36,3,[6 3],37,71,74,34,50
1,<environment.Job instance at 0x7ff84e01c960>,37,12,[5 8],38,74,86,36,57
1,<environment.Job instance at 0x7ff804485370>,2,12,[5 5],3,3,15,0,3
1,<environment.Job instance at 0x7ff804485d20>,3,13,[4 9],4,15,28,11,5
1,<environment.Job instance at 0x7ff804485870>,5,14,[7 4],6,28,42,22,13
1,<environment.Job instance at 0x7ff84e5bab40>,25,2,[5 5],26,42,44,16,29
1,<environment.Job instance at 0x7ff804369e60>,23,14,[2 7],24,44,58,20,36
1,<environment.Job instance at 0x7ff84ea06190>,36,18,[4 6],37,58,76,21,48
1,<environment.Job instance at 0x7ff84ea06780>,40,12,[8 5],41,76,88,35,69
1,<environment.Job instance at 0x7ff8041a2af0>,8,3,[5 8],9,9,12,0,9
1,<environment.Job instance at 0x7ff84e222c80>,1,18,[2 9],2,12,30,10,10
1,<environment.Job instance at 0x7ff8041a2e60>,14,12,[6 4],15,30,42,15,15
1,<environment.Job instance at 0x7ff80419a8c0>,20,12,[2 5],21,30,42,9,21
1,<environment.Job instance at 0x7ff8041a2eb0>,12,15,[5 1],13,42,57,29,30
1,<environment.Job instance at 0x7ff80419a0f0>,18,14,[5 9],19,42,56,23,33
1,<environment.Job instance at 0x7ff80419ae10>,28,3,[5 9],29,56,59,27,37
1,<environment.Job instance at 0x7ff80419acd0>,26,14,[3 9],27,59,73,32,48
1,<environment.Job instance at 0x7ff80418fc30>,41,18,[3 6],42,73,91,31,66
1,<environment.Job instance at 0x7ff80418fcd0>,42,1,[9 3],43,91,92,48,66
1,<environment.Job instance at 0x7ff80419d8c0>,2,15,[1 6],3,3,18,0,3
1,<environment.Job instance at 0x7ff84dd22870>,5,17,[7 1],6,7,24,1,7
1,<environment.Job instance at 0x7ff84e561230>,7,18,[1 7],8,18,36,10,8
1,<environment.Job instance at 0x7ff804451190>,15,15,[7 4],16,36,51,20,25
1,<environment.Job instance at 0x7ff803f341e0>,18,21,[5 8],19,51,72,32,45
1,<environment.Job instance at 0x7ff80427a410>,28,1,[5 7],29,72,73,43,56
1,<environment.Job instance at 0x7ff84e84da50>,31,1,[10  2],32,73,74,41,63
1,<environment.Job instance at 0x7ff84e058d20>,33,2,[ 4 10],34,74,76,40,66
1,<environment.Job instance at 0x7ff84dd1f370>,8,1,[ 3 10],9,10,11,1,10
1,<environment.Job instance at 0x7ff84e258f50>,5,20,[4 7],6,11,31,5,10
1,<environment.Job instance at 0x7ff84dc92140>,15,16,[4 5],16,31,47,15,18
1,<environment.Job instance at 0x7ff84e9947d0>,23,12,[4 6],24,62,74,38,62
1,<environment.Job instance at 0x7ff84e9949b0>,25,13,[2 6],26,74,87,48,64
1,<environment.Job instance at 0x7ff84eb573c0>,5,12,[5 6],6,6,18,0,6
1,<environment.Job instance at 0x7ff84e2cd5f0>,6,17,[5 5],7,18,35,11,7
1,<environment.Job instance at 0x7ff84de820f0>,12,17,[1 6],13,35,52,22,23
1,<environment.Job instance at 0x7ff84e4a5e10>,0,25,[2 8],1,2,27,1,2
1,<environment.Job instance at 0x7ff84e4ce6e0>,15,16,[4 6],16,27,43,11,17
1,<environment.Job instance at 0x7ff84e4ce7d0>,21,13,[2 8],22,43,56,21,34
1,<environment.Job instance at 0x7ff8044a31e0>,26,18,[4 6],27,56,74,29,45
1,<environment.Job instance at 0x7ff8044a33c0>,29,12,[5 7],30,74,86,44,57
1,<environment.Job instance at 0x7ff84eec1c30>,2,18,[5 8],3,3,21,0,3
1,<environment.Job instance at 0x7ff84ef02f50>,5,23,[8 2],6,21,44,15,15
1,<environment.Job instance at 0x7ff803c293c0>,22,23,[7 1],23,44,67,21,39
1,<environment.Job instance at 0x7ff84de4abe0>,26,1,[9 4],27,67,68,40,40
1,<environment.Job instance at 0x7ff803f39550>,21,17,[3 7],22,48,65,26,48
1,<environment.Job instance at 0x7ff84e090eb0>,36,17,[9 3],37,68,85,31,59
1,<environment.Job instance at 0x7ff84e549640>,11,2,[5 5],12,14,16,2,14
1,<environment.Job instance at 0x7ff803cf6320>,9,21,[1 7],10,16,37,6,15
1,<environment.Job instance at 0x7ff84dcb5460>,19,17,[9 2],20,35,52,15,35
1,<environment.Job instance at 0x7ff84deb04b0>,34,17,[8 3],35,55,72,20,55
1,<environment.Job instance at 0x7ff803f37640>,39,16,[10  5],40,72,88,32,66
1,<environment.Job instance at 0x7ff84e1c7500>,15,1,[5 2],16,27,28,11,27
1,<environment.Job instance at 0x7ff84e1c75f0>,17,16,[7 2],18,28,44,10,28
1,<environment.Job instance at 0x7ff84e1c78c0>,20,2,[9 1],21,44,46,23,30
1,<environment.Job instance at 0x7ff84e1c7a00>,22,14,[9 3],23,46,60,23,41
1,<environment.Job instance at 0x7ff84e6114b0>,31,18,[5 9],32,60,78,28,53
1,<environment.Job instance at 0x7ff804283320>,14,16,[9 2],15,16,32,1,16
1,<environment.Job instance at 0x7ff804283870>,16,18,[3 6],17,32,50,15,21
1,<environment.Job instance at 0x7ff80428b5a0>,24,15,[3 5],25,50,65,25,38
1,<environment.Job instance at 0x7ff803de9b90>,30,2,[7 4],31,54,56,23,54
1,<environment.Job instance at 0x7ff803de95a0>,29,23,[4 9],30,65,88,35,60
1,<environment.Job instance at 0x7ff84e721be0>,1,13,[9 1],2,2,15,0,2
1,<environment.Job instance at 0x7ff84e54efa0>,14,14,[5 9],15,20,34,5,20
1,<environment.Job instance at 0x7ff84dd65d70>,21,14,[1 5],22,34,48,12,22
1,<environment.Job instance at 0x7ff84e22ca50>,22,17,[5 1],23,24,41,1,24
1,<environment.Job instance at 0x7ff804069dc0>,25,12,[8 3],26,41,53,15,26
1,<environment.Job instance at 0x7ff84e878500>,28,14,[9 5],29,53,67,24,38
1,<environment.Job instance at 0x7ff8041e1dc0>,32,17,[1 5],33,55,72,22,55
1,<environment.Job instance at 0x7ff8041e10a0>,33,3,[3 9],34,72,75,38,55
1,<environment.Job instance at 0x7ff8041e1c30>,35,1,[ 1 10],36,75,76,39,55
1,<environment.Job instance at 0x7ff84e331dc0>,4,19,[2 5],5,7,26,2,7
1,<environment.Job instance at 0x7ff84e33a0a0>,8,12,[1 9],9,26,38,17,14
1,<environment.Job instance at 0x7ff84e33ac80>,19,17,[9 1],20,26,43,6,20
1,<environment.Job instance at 0x7ff84e33ad20>,22,26,[1 5],23,38,64,15,38
1,<environment.Job instance at 0x7ff84e33e050>,25,15,[8 3],26,43,58,17,39
1,<environment.Job instance at 0x7ff84e33e370>,30,13,[10  5],31,64,77,33,48
1,<environment.Job instance at 0x7ff84e33e9b0>,34,15,[4 7],35,77,92,42,67
1,<environment.Job instance at 0x7ff803ffdb40>,2,16,[1 9],3,3,19,0,3
1,<environment.Job instance at 0x7ff804124870>,6,16,[2 7],7,19,35,12,7
1,<environment.Job instance at 0x7ff84e8435f0>,18,13,[3 6],19,35,48,16,20
1,<environment.Job instance at 0x7ff803dbcaf0>,19,3,[10  4],20,48,51,28,23
1,<environment.Job instance at 0x7ff84e825280>,28,12,[6 1],29,35,47,6,35
1,<environment.Job instance at 0x7ff84e33ed20>,4,12,[10  3],5,51,63,46,35
1,<environment.Job instance at 0x7ff84e2dca00>,31,2,[10  4],32,63,65,31,37
1,<environment.Job instance at 0x7ff84dd8b500>,36,3,[10  3],37,65,68,28,52
1,<environment.Job instance at 0x7ff84dd8b730>,37,14,[ 5 10],38,68,82,30,56
1,<environment.Job instance at 0x7ff803d597d0>,40,2,[5 4],41,82,84,41,58
1,<environment.Job instance at 0x7ff8041a2cd0>,2,15,[ 2 10],3,9,24,6,9
1,<environment.Job instance at 0x7ff803e77dc0>,10,1,[2 7],11,24,25,13,11
1,<environment.Job instance at 0x7ff84f12eaf0>,11,2,[ 1 10],12,25,27,13,15
1,<environment.Job instance at 0x7ff84dfe4410>,14,2,[10  3],15,27,29,12,15
1,<environment.Job instance at 0x7ff84dd1ea00>,15,1,[5 2],16,24,25,8,17
1,<environment.Job instance at 0x7ff84f12e780>,7,18,[6 4],8,29,47,21,23
1,<environment.Job instance at 0x7ff84df431e0>,20,3,[5 7],21,47,50,26,23
1,<environment.Job instance at 0x7ff803c53cd0>,21,3,[7 4],22,50,53,28,25
1,<environment.Job instance at 0x7ff84dd748c0>,29,13,[4 5],30,53,66,23,45
1,<environment.Job instance at 0x7ff84e2643c0>,25,13,[3 7],26,66,79,40,51
1,<environment.Job instance at 0x7ff84e3bfe10>,34,14,[9 5],35,79,93,44,65
1,<environment.Job instance at 0x7f07e01c90f0>,0,13,[9 3],1,1,14,0,1
1,<environment.Job instance at 0x7f07d6dba1e0>,4,14,[1 6],5,6,20,1,6
1,<environment.Job instance at 0x7f07d6dba460>,6,20,[6 1],7,14,34,7,7
1,<environment.Job instance at 0x7f07d6dba7d0>,10,12,[3 7],11,20,32,9,11
1,<environment.Job instance at 0x7f07d6dbad20>,16,16,[3 5],17,32,48,15,25
1,<environment.Job instance at 0x7f07d6dbbb90>,27,15,[8 4],28,48,63,20,39
1,<environment.Job instance at 0x7f07d6dbb910>,34,24,[1 8],35,63,87,28,61
1,<environment.Job instance at 0x7f07d6dbe550>,40,15,[10  3],41,87,102,46,73
1,<environment.Job instance at 0x7f07e0338b40>,1,15,[5 9],2,2,17,0,2
1,<environment.Job instance at 0x7f07e03385a0>,2,16,[ 4 10],3,17,33,14,4
1,<environment.Job instance at 0x7f07e0344550>,16,2,[1 8],17,33,35,16,18
1,<environment.Job instance at 0x7f07e033fe60>,18,2,[5 2],19,33,35,14,19
1,<environment.Job instance at 0x7f07e0340140>,4,18,[3 7],5,35,53,30,24
1,<environment.Job instance at 0x7f07e033ae10>,31,26,[ 5 10],32,53,79,21,50
1,<environment.Job instance at 0x7f07950c8410>,3,15,[5 2],4,4,19,0,4
1,<environment.Job instance at 0x7f07950b2500>,8,19,[6 4],9,19,38,10,9
1,<environment.Job instance at 0x7f07950fd5a0>,19,14,[2 6],20,26,40,6,26
1,<environment.Job instance at 0x7f0795192be0>,24,3,[4 6],25,40,43,15,26
1,<environment.Job instance at 0x7f07950fde10>,13,18,[6 5],14,43,61,29,33
1,<environment.Job instance at 0x7f07950f03c0>,33,2,[8 3],34,61,63,27,42
1,<environment.Job instance at 0x7f07950f0690>,31,17,[10  2],32,63,80,31,51
1,<environment.Job instance at 0x7f07950b6be0>,42,14,[2 7],43,80,94,37,65
1,<environment.Job instance at 0x7f07950b4870>,53,2,[5 6],54,94,96,40,75
1,<environment.Job instance at 0x7f0795195730>,0,24,[ 1 10],1,4,28,3,4
1,<environment.Job instance at 0x7f079556c140>,6,16,[7 4],7,28,44,21,15
1,<environment.Job instance at 0x7f079556ccd0>,18,18,[4 5],19,44,62,25,36
1,<environment.Job instance at 0x7f0795506d70>,24,12,[7 2],25,62,74,37,46
1,<environment.Job instance at 0x7f0795683fa0>,32,1,[5 5],33,57,58,24,57
1,<environment.Job instance at 0x7f07954794b0>,37,18,[5 9],38,74,92,36,73
1,<environment.Job instance at 0x7f07950bd960>,0,12,[9 2],1,1,13,0,1
1,<environment.Job instance at 0x7f07954ac870>,5,12,[2 6],6,13,25,7,6
1,<environment.Job instance at 0x7f07954acb40>,8,15,[7 5],9,25,40,16,11
1,<environment.Job instance at 0x7f079505b410>,2,19,[8 2],3,5,24,2,5
1,<environment.Job instance at 0x7f07d6f4a050>,8,14,[ 2 10],9,24,38,15,9
1,<environment.Job instance at 0x7f07d6bf60f0>,18,14,[4 6],19,38,52,19,23
1,<environment.Job instance at 0x7f07d6bf6cd0>,24,2,[2 5],25,52,54,27,30
1,<environment.Job instance at 0x7f07d6bf6910>,16,3,[8 1],17,52,55,35,32
1,<environment.Job instance at 0x7f07d701ff00>,29,1,[ 3 10],30,55,56,25,34
1,<environment.Job instance at 0x7f07e01eaa50>,30,16,[10  2],31,56,72,25,43
1,<environment.Job instance at 0x7f079518ae60>,35,12,[ 1 10],36,72,84,36,56
1,<environment.Job instance at 0x7f07951f1050>,45,2,[5 5],46,84,86,38,75
1,<environment.Job instance at 0x7f07d6c89f50>,47,3,[3 5],48,84,87,36,77
1,<environment.Job instance at 0x7f07d719afa0>,7,13,[6 4],8,8,21,0,8
1,<environment.Job instance at 0x7f079534ab90>,8,14,[10  3],9,21,35,12,11
1,<environment.Job instance at 0x7f0795010d70>,23,18,[5 9],24,35,53,11,29
1,<environment.Job instance at 0x7f07e00f9a50>,28,14,[5 9],29,53,67,24,43
1,<environment.Job instance at 0x7f07d6cf70f0>,31,16,[6 5],32,67,83,35,62
1,<environment.Job instance at 0x7f07d6d10690>,37,2,[2 8],38,83,85,45,62
1,<environment.Job instance at 0x7f07d6d10190>,38,3,[5 9],39,85,88,46,62
1,<environment.Job instance at 0x7f07d6d10f00>,40,3,[1 7],41,88,91,47,64
1,<environment.Job instance at 0x7f07d6d10460>,2,15,[1 6],3,3,18,0,3
1,<environment.Job instance at 0x7f07956fe0f0>,10,15,[1 6],11,18,33,7,14
1,<environment.Job instance at 0x7f07956fe500>,14,12,[8 4],15,15,27,0,15
1,<environment.Job instance at 0x7f07956fe050>,7,18,[1 7],8,33,51,25,23
1,<environment.Job instance at 0x7f07956febe0>,21,28,[2 8],22,51,79,29,51
1,<environment.Job instance at 0x7f07956ffe60>,41,13,[1 7],42,79,92,37,75
1,<environment.Job instance at 0x7f07956c3230>,1,27,[5 1],2,2,29,0,2
1,<environment.Job instance at 0x7f07dfc0eb90>,12,2,[5 8],13,13,15,0,13
1,<environment.Job instance at 0x7f07dfc0e4b0>,10,16,[9 2],11,29,45,18,21
1,<environment.Job instance at 0x7f0794f17910>,19,3,[ 5 10],20,45,48,25,22
1,<environment.Job instance at 0x7f07954530f0>,22,18,[5 9],23,48,66,25,37
1,<environment.Job instance at 0x7f079561d5a0>,34,17,[9 5],35,66,83,31,56
1,<environment.Job instance at 0x7f0795767960>,0,28,[5 6],1,1,29,0,1
1,<environment.Job instance at 0x7f07956ba550>,12,16,[9 4],13,29,45,16,16
1,<environment.Job instance at 0x7f07956be870>,20,16,[5 1],21,45,61,24,44
1,<environment.Job instance at 0x7f07956be500>,22,17,[4 5],23,45,62,22,45
1,<environment.Job instance at 0x7f07d6c2baa0>,5,23,[5 3],6,61,84,55,61
1,<environment.Job instance at 0x7f0794f85820>,30,15,[ 4 10],31,84,99,53,71
1,<environment.Job instance at 0x7f07df7d85a0>,4,17,[3 6],5,5,22,0,5
1,<environment.Job instance at 0x7f07df7d89b0>,11,16,[2 7],12,22,38,10,16
1,<environment.Job instance at 0x7f07df7bf370>,20,16,[2 8],21,38,54,17,30
1,<environment.Job instance at 0x7f07df7bfe10>,31,18,[9 3],32,62,80,30,62
1,<environment.Job instance at 0x7f07df7db960>,0,15,[9 1],1,1,16,0,1
1,<environment.Job instance at 0x7f07df6dc460>,5,13,[4 7],6,16,29,10,8
1,<environment.Job instance at 0x7f07df6dcaf0>,9,1,[9 4],10,29,30,19,14
1,<environment.Job instance at 0x7f07d6df3f50>,14,15,[7 5],15,30,45,15,17
1,<environment.Job instance at 0x7f079abf2cd0>,28,16,[1 6],29,47,63,18,47
1,<environment.Job instance at 0x7f07d6f40140>,29,3,[10  2],30,63,66,33,48
1,<environment.Job instance at 0x7f07df7db870>,2,13,[6 5],3,66,79,63,51
1,<environment.Job instance at 0x7f07d6f492d0>,35,12,[ 3 10],36,79,91,43,64
1,<environment.Job instance at 0x7f07df6c8640>,0,18,[9 2],1,5,23,4,5
1,<environment.Job instance at 0x7f0795405e10>,12,16,[10  2],13,26,42,13,26
1,<environment.Job instance at 0x7f07952b5b40>,22,15,[7 3],23,58,73,35,58
1,<environment.Job instance at 0x7f07d72669b0>,26,2,[8 3],27,73,75,46,62
1,<environment.Job instance at 0x7f07d7266370>,28,13,[3 7],29,75,88,46,63
1,<environment.Job instance at 0x7f07df8455f0>,2,14,[10  1],3,3,17,0,3
1,<environment.Job instance at 0x7f07954ea1e0>,8,15,[ 4 10],9,17,32,8,9
1,<environment.Job instance at 0x7f07954e45f0>,18,18,[ 4 10],19,32,50,13,21
1,<environment.Job instance at 0x7f07954e7050>,27,18,[5 5],28,50,68,22,44
1,<environment.Job instance at 0x7f07952049b0>,33,18,[4 5],34,50,68,16,46
1,<environment.Job instance at 0x7f0795043550>,39,23,[4 9],40,68,91,28,62
1,<environment.Job instance at 0x7f07d6c3be60>,1,13,[9 1],2,2,15,0,2
1,<environment.Job instance at 0x7f07df5f10a0>,6,12,[3 5],7,15,27,8,8
1,<environment.Job instance at 0x7f0795675d70>,15,14,[6 3],16,18,32,2,18
1,<environment.Job instance at 0x7f07df9869b0>,19,2,[4 5],20,27,29,7,20
1,<environment.Job instance at 0x7f07d6b35870>,12,18,[9 2],13,32,50,19,22
1,<environment.Job instance at 0x7f07d6cc7e10>,29,14,[8 5],30,50,64,20,38
1,<environment.Job instance at 0x7f07d6eccaf0>,32,17,[1 5],33,41,58,8,41
1,<environment.Job instance at 0x7f07d6ecc050>,35,1,[ 1 10],36,64,65,28,43
1,<environment.Job instance at 0x7f07d6ecc410>,37,27,[2 9],38,66,93,28,66
1,<environment.Job instance at 0x7f0795217dc0>,41,14,[8 4],42,93,107,51,78
1,<environment.Job instance at 0x7f0795217c30>,43,3,[1 6],44,93,96,49,79
1,<environment.Job instance at 0x7f0794d9d8c0>,15,15,[8 3],16,27,42,11,27
1,<environment.Job instance at 0x7f0794d9de10>,21,12,[8 2],22,42,54,20,35
1,<environment.Job instance at 0x7f0794d9daf0>,23,1,[8 4],24,54,55,30,44
1,<environment.Job instance at 0x7f0794d9d820>,24,15,[4 7],25,55,70,30,44
1,<environment.Job instance at 0x7f07d6eccc30>,4,22,[1 8],5,70,92,65,64
1,<environment.Job instance at 0x7f0794da04b0>,31,16,[4 9],32,92,108,60,79
1,<environment.Job instance at 0x7f07d6dbe870>,4,12,[7 2],5,7,19,2,7
1,<environment.Job instance at 0x7f07d6dda050>,10,15,[6 2],11,19,34,8,11
1,<environment.Job instance at 0x7f07d6db83c0>,20,2,[5 4],21,34,36,13,21
1,<environment.Job instance at 0x7f07df6c1410>,22,16,[9 3],23,36,52,13,23
1,<environment.Job instance at 0x7f07d6db8e60>,19,16,[6 2],20,52,68,32,40
1,<environment.Job instance at 0x7f07d6dda8c0>,1,17,[9 4],2,2,19,0,2
1,<environment.Job instance at 0x7f07d7245780>,4,14,[9 5],5,19,33,14,5
1,<environment.Job instance at 0x7f0795659910>,6,16,[3 8],7,33,49,26,20
1,<environment.Job instance at 0x7f07951b1f00>,24,15,[2 5],25,49,64,24,39
1,<environment.Job instance at 0x7f07951b1b40>,28,25,[5 5],29,52,77,23,52
1,<environment.Job instance at 0x7f0794ef4cd0>,14,26,[10  2],15,15,41,0,15
1,<environment.Job instance at 0x7f07d7097c30>,23,14,[1 8],24,41,55,17,27
1,<environment.Job instance at 0x7f07d7097aa0>,28,3,[2 5],29,55,58,26,39
1,<environment.Job instance at 0x7f07d7097820>,30,2,[10  1],31,58,60,27,39
1,<environment.Job instance at 0x7f07d70974b0>,32,3,[10  3],33,60,63,27,39
1,<environment.Job instance at 0x7f07df690eb0>,37,2,[5 7],38,63,65,25,50
1,<environment.Job instance at 0x7f07df690af0>,36,20,[4 9],37,65,85,28,65
1,<environment.Job instance at 0x7f07955355a0>,45,17,[4 9],46,85,102,39,74
1,<environment.Job instance at 0x7f07953f3e60>,0,22,[1 9],1,1,23,0,1
1,<environment.Job instance at 0x7f07dfa2f550>,9,17,[8 4],10,23,40,13,11
1,<environment.Job instance at 0x7f07d6c1d050>,11,16,[2 6],12,23,39,11,14
1,<environment.Job instance at 0x7f079554f230>,29,15,[8 4],30,40,55,10,38
1,<environment.Job instance at 0x7f0794fea5f0>,35,13,[2 6],36,43,56,7,43
1,<environment.Job instance at 0x7f0794ffa960>,38,18,[5 6],39,56,74,17,46
1,<environment.Job instance at 0x7f0794fc7a50>,43,13,[4 7],44,74,87,30,60
1,<environment.Job instance at 0x7f59f0348140>,0,13,[9 3],1,1,14,0,1
1,<environment.Job instance at 0x7f59eaf391e0>,3,3,[4 8],4,14,17,10,4
1,<environment.Job instance at 0x7f59eaf39190>,4,14,[1 6],5,17,31,12,6
1,<environment.Job instance at 0x7f59eaf39500>,6,20,[6 1],7,14,34,7,7
1,<environment.Job instance at 0x7f59eaf39cd0>,15,18,[2 8],16,31,49,15,28
1,<environment.Job instance at 0x7f59eaf39f50>,20,1,[7 5],21,49,50,28,34
1,<environment.Job instance at 0x7f59eaf3d370>,24,18,[2 6],25,50,68,25,44
1,<environment.Job instance at 0x7f59eaf3d5f0>,27,15,[8 4],28,50,65,22,44
1,<environment.Job instance at 0x7f59eaf3d870>,29,12,[5 4],30,65,77,35,51
1,<environment.Job instance at 0x7f59eaf3daf0>,31,14,[2 5],32,68,82,36,53
1,<environment.Job instance at 0x7f59eaf3de60>,35,15,[9 5],36,82,97,46,72
1,<environment.Job instance at 0x7f59eaf39a50>,11,15,[4 8],12,97,112,85,83
1,<environment.Job instance at 0x7f59f036ffa0>,2,20,[1 5],3,7,27,4,7
1,<environment.Job instance at 0x7f59f04b1fa0>,14,15,[1 9],15,27,42,12,16
1,<environment.Job instance at 0x7f59f04b16e0>,17,17,[9 3],18,42,59,24,33
1,<environment.Job instance at 0x7f59f036f6e0>,6,2,[1 8],7,59,61,52,38
1,<environment.Job instance at 0x7f59f04b5050>,29,20,[2 6],30,61,81,31,54
1,<environment.Job instance at 0x7f59f04b5f00>,30,2,[7 2],31,59,61,28,55
1,<environment.Job instance at 0x7f59f04be730>,34,1,[8 4],35,61,62,26,56
1,<environment.Job instance at 0x7f59f04be0f0>,39,2,[1 8],40,81,83,41,75
1,<environment.Job instance at 0x7f59f04bc2d0>,40,15,[8 3],41,83,98,42,75
1,<environment.Job instance at 0x7f59f04bca00>,41,1,[3 9],42,98,99,56,78
1,<environment.Job instance at 0x7f59f04bc9b0>,1,13,[8 5],2,2,15,0,2
1,<environment.Job instance at 0x7f59a5318aa0>,8,21,[9 4],9,15,36,6,12
1,<environment.Job instance at 0x7f59a527b8c0>,20,13,[10  5],21,36,49,15,21
1,<environment.Job instance at 0x7f59a5233a00>,36,12,[ 3 10],37,49,61,12,38
1,<environment.Job instance at 0x7f59a5228730>,50,13,[7 4],51,89,102,38,89
1,<environment.Job instance at 0x7f59a5228500>,54,3,[4 7],55,102,105,47,89
1,<environment.Job instance at 0x7f59a52f05a0>,1,15,[8 4],2,3,18,1,3
1,<environment.Job instance at 0x7f59a536c0f0>,7,18,[5 9],8,18,36,10,12
1,<environment.Job instance at 0x7f59a536c550>,9,2,[10  2],10,36,38,26,25
1,<environment.Job instance at 0x7f59a536c7d0>,20,18,[6 1],21,38,56,17,28
1,<environment.Job instance at 0x7f59a58b77d0>,25,17,[4 6],26,38,55,12,35
1,<environment.Job instance at 0x7f59a5852eb0>,30,15,[8 2],31,56,71,25,48
1,<environment.Job instance at 0x7f59a535e820>,35,13,[6 4],36,71,84,35,55
1,<environment.Job instance at 0x7f59f04bf140>,41,14,[8 2],42,84,98,42,80
1,<environment.Job instance at 0x7f59a53fa870>,45,3,[5 2],46,98,101,52,84
1,<environment.Job instance at 0x7f59a562d690>,5,3,[3 8],6,6,9,0,6
1,<environment.Job instance at 0x7f59a562d280>,6,25,[ 5 10],7,9,34,2,7
1,<environment.Job instance at 0x7f59a5635870>,15,13,[5 5],16,34,47,18,20
1,<environment.Job instance at 0x7f59a56296e0>,27,12,[5 8],28,47,59,19,30
1,<environment.Job instance at 0x7f59a5629cd0>,33,2,[9 2],34,59,61,25,44
1,<environment.Job instance at 0x7f59a5629eb0>,34,17,[7 2],35,61,78,26,49
1,<environment.Job instance at 0x7f59a563e370>,41,17,[2 6],42,61,78,19,57
1,<environment.Job instance at 0x7f59a563e410>,42,19,[8 2],43,78,97,35,69
1,<environment.Job instance at 0x7f59a563ec30>,50,18,[3 5],51,97,115,46,89
1,<environment.Job instance at 0x7f59eadbc820>,13,2,[9 1],14,15,17,1,15
1,<environment.Job instance at 0x7f59eadbc7d0>,14,2,[1 8],15,15,17,0,15
1,<environment.Job instance at 0x7f59ead7fa00>,15,16,[6 3],16,18,34,2,18
1,<environment.Job instance at 0x7f59efd357d0>,17,2,[2 8],18,34,36,16,18
1,<environment.Job instance at 0x7f59ef75ad20>,25,2,[6 3],26,51,53,25,51
1,<environment.Job instance at 0x7f59ef75a500>,31,13,[5 5],32,69,82,37,69
1,<environment.Job instance at 0x7f59ef75a910>,32,2,[9 3],33,82,84,49,69
1,<environment.Job instance at 0x7f59ef75a460>,33,12,[1 8],34,84,96,50,70
1,<environment.Job instance at 0x7f59f001d370>,36,3,[9 3],37,96,99,59,81
1,<environment.Job instance at 0x7f59f001d3c0>,37,13,[6 4],38,99,112,61,83
1,<environment.Job instance at 0x7f59f001d0a0>,39,1,[10  3],40,112,113,72,85
1,<environment.Job instance at 0x7f59a553f280>,2,16,[9 2],3,4,20,1,4
1,<environment.Job instance at 0x7f59ef7a2370>,5,18,[7 5],6,20,38,14,9
1,<environment.Job instance at 0x7f59ef7a2af0>,10,1,[6 3],11,38,39,27,11
1,<environment.Job instance at 0x7f59eb1d9050>,15,3,[6 5],16,39,42,23,16
1,<environment.Job instance at 0x7f59eb2d90a0>,16,3,[8 2],17,42,45,25,21
1,<environment.Job instance at 0x7f59eafc7320>,21,1,[8 5],22,45,46,23,28
1,<environment.Job instance at 0x7f59ead8c4b0>,23,2,[5 5],24,46,48,22,31
1,<environment.Job instance at 0x7f59eb388aa0>,24,12,[4 6],25,48,60,23,34
1,<environment.Job instance at 0x7f59eaf83500>,9,27,[ 5 10],10,60,87,50,58
1,<environment.Job instance at 0x7f59ef8f32d0>,35,15,[7 4],36,87,102,51,79
1,<environment.Job instance at 0x7f59efcce5f0>,8,1,[ 3 10],9,9,10,0,9
1,<environment.Job instance at 0x7f59efcce730>,10,15,[4 5],11,11,26,0,11
1,<environment.Job instance at 0x7f59efcce640>,7,13,[9 4],8,26,39,18,11
1,<environment.Job instance at 0x7f59efcced70>,16,25,[8 3],17,39,64,22,35
1,<environment.Job instance at 0x7f59efce4230>,20,16,[9 2],21,64,80,43,51
1,<environment.Job instance at 0x7f59efce4640>,26,25,[ 5 10],27,80,105,53,76
1,<environment.Job instance at 0x7f59eb0ca500>,0,28,[5 6],1,2,30,1,2
1,<environment.Job instance at 0x7f59efbbfa00>,9,15,[5 2],10,11,26,1,11
1,<environment.Job instance at 0x7f59a5517690>,16,15,[9 5],17,30,45,13,19
1,<environment.Job instance at 0x7f59efbbf6e0>,20,16,[5 1],21,45,61,24,39
1,<environment.Job instance at 0x7f59a57658c0>,27,18,[10  5],28,76,94,48,76
1,<environment.Job instance at 0x7f59efaa45f0>,33,15,[7 2],34,94,109,60,80
1,<environment.Job instance at 0x7f59eb024050>,0,13,[9 3],1,1,14,0,1
1,<environment.Job instance at 0x7f59ef9e7460>,2,15,[3 8],3,14,29,11,3
1,<environment.Job instance at 0x7f59ef80c6e0>,18,14,[5 4],19,29,43,10,19
1,<environment.Job instance at 0x7f59efebc640>,23,12,[4 9],24,43,55,19,38
1,<environment.Job instance at 0x7f59efda23c0>,32,18,[5 8],33,69,87,36,69
1,<environment.Job instance at 0x7f59eb232f50>,39,2,[3 6],40,87,89,47,74
1,<environment.Job instance at 0x7f59eb232230>,40,16,[5 9],41,89,105,48,76
1,<environment.Job instance at 0x7f59a56d6e60>,44,3,[8 2],45,105,108,60,87
1,<environment.Job instance at 0x7f59a52b7820>,46,3,[8 5],47,108,111,61,88
1,<environment.Job instance at 0x7f59a572a9b0>,2,17,[1 9],3,4,21,1,4
1,<environment.Job instance at 0x7f59eb3ec320>,14,14,[10  4],15,21,35,6,15
1,<environment.Job instance at 0x7f59eb3ec500>,15,12,[ 3 10],16,35,47,19,25
1,<environment.Job instance at 0x7f59eb3ec730>,17,2,[3 7],18,47,49,29,28
1,<environment.Job instance at 0x7f59eb3ec6e0>,18,12,[10  1],19,49,61,30,32
1,<environment.Job instance at 0x7f59eb3ecbe0>,23,2,[8 4],24,61,63,37,41
1,<environment.Job instance at 0x7f59eb3ecf50>,27,17,[8 2],28,63,80,35,54
1,<environment.Job instance at 0x7f59eb3f6b90>,4,22,[9 5],5,80,102,75,73
1,<environment.Job instance at 0x7f59eb400730>,1,13,[9 4],2,2,15,0,2
1,<environment.Job instance at 0x7f59eaeb9280>,4,15,[6 4],5,15,30,10,6
1,<environment.Job instance at 0x7f59a57fbe10>,13,2,[2 7],14,30,32,16,15
1,<environment.Job instance at 0x7f59eaeb9780>,7,16,[7 2],8,30,46,22,17
1,<environment.Job instance at 0x7f59efaa2640>,22,2,[8 2],23,46,48,23,24
1,<environment.Job instance at 0x7f59eb463230>,20,12,[5 9],21,48,60,27,38
1,<environment.Job instance at 0x7f59a5547410>,31,14,[ 5 10],32,60,74,28,46
1,<environment.Job instance at 0x7f59a55473c0>,37,1,[2 6],38,74,75,36,58
1,<environment.Job instance at 0x7f59a5547b40>,35,1,[7 1],36,74,75,38,59
1,<environment.Job instance at 0x7f59a570ba50>,38,14,[9 5],39,75,89,36,63
1,<environment.Job instance at 0x7f59ead63a50>,45,3,[ 3 10],46,89,92,43,79
1,<environment.Job instance at 0x7f59f032a5f0>,43,17,[6 4],44,92,109,48,85
1,<environment.Job instance at 0x7f59eb299e60>,49,3,[7 1],50,109,112,59,87
1,<environment.Job instance at 0x7f59ead75320>,4,22,[5 8],5,5,27,0,5
1,<environment.Job instance at 0x7f59ead75a50>,9,3,[4 5],10,27,30,17,10
1,<environment.Job instance at 0x7f59ead75f00>,11,13,[5 2],12,12,25,0,12
1,<environment.Job instance at 0x7f59eb1630f0>,13,1,[2 9],14,30,31,16,16
1,<environment.Job instance at 0x7f59eb163dc0>,15,3,[5 7],16,31,34,15,16
1,<environment.Job instance at 0x7f59eb163b90>,14,1,[10  4],15,34,35,19,16
1,<environment.Job instance at 0x7f59ead75460>,7,18,[9 4],8,35,53,27,24
1,<environment.Job instance at 0x7f59eb3c4aa0>,32,1,[3 9],33,53,54,20,38
1,<environment.Job instance at 0x7f59eb3c4b40>,33,18,[5 2],34,54,72,20,43
1,<environment.Job instance at 0x7f59ead4b5f0>,39,2,[10  3],40,72,74,32,50
1,<environment.Job instance at 0x7f59ead4ba00>,40,1,[4 8],41,54,55,13,50
1,<environment.Job instance at 0x7f59ead4b690>,41,13,[9 1],42,74,87,32,60
1,<environment.Job instance at 0x7f59a52a6230>,45,20,[10  3],46,87,107,41,82
1,<environment.Job instance at 0x7f59eae05960>,53,3,[9 5],54,107,110,53,87
1,<environment.Job instance at 0x7f59eb163fa0>,2,22,[5 4],3,3,25,0,3
1,<environment.Job instance at 0x7f59eaf009b0>,6,18,[1 5],7,8,26,1,8
1,<environment.Job instance at 0x7f59eb205a00>,24,19,[2 5],25,40,59,15,40
1,<environment.Job instance at 0x7f59eb1f6f50>,28,12,[1 9],29,59,71,30,46
1,<environment.Job instance at 0x7f59a5279c80>,40,16,[4 8],41,84,100,43,84
1,<environment.Job instance at 0x7f59ef878b90>,2,16,[1 9],3,3,19,0,3
1,<environment.Job instance at 0x7f59efbc35f0>,10,14,[1 9],11,19,33,8,13
1,<environment.Job instance at 0x7f59efa99dc0>,7,13,[7 1],8,13,26,5,13
1,<environment.Job instance at 0x7f59a5842e60>,24,12,[7 2],25,33,45,8,26
1,<environment.Job instance at 0x7f59eb450870>,25,17,[ 5 10],26,45,62,19,35
1,<environment.Job instance at 0x7f59eb450690>,33,16,[9 5],34,62,78,28,49
1,<environment.Job instance at 0x7f59efc330a0>,48,13,[5 7],49,78,91,29,74
1,<environment.Job instance at 0x7f59a4f0cd70>,14,14,[9 5],15,18,32,3,18
1,<environment.Job instance at 0x7f59a4f0c6e0>,24,18,[ 2 10],25,32,50,7,31
1,<environment.Job instance at 0x7f59a4f0c5f0>,25,14,[8 4],26,50,64,24,35
1,<environment.Job instance at 0x7f59a4f21730>,34,15,[2 5],35,50,65,15,49
1,<environment.Job instance at 0x7f59a4f218c0>,35,13,[2 7],36,65,78,29,49
1,<environment.Job instance at 0x7f59eaff14b0>,7,13,[5 5],8,11,24,3,11
1,<environment.Job instance at 0x7f59eafeecd0>,12,18,[ 5 10],13,24,42,11,13
1,<environment.Job instance at 0x7f59eb014f00>,17,12,[6 2],18,42,54,24,25
1,<environment.Job instance at 0x7f59efc2f370>,33,15,[8 4],34,54,69,20,52
1,<environment.Job instance at 0x7f59eb3b9960>,38,12,[1 6],39,52,64,13,52
1,<environment.Job instance at 0x7f59eb416eb0>,44,14,[10  4],45,69,83,24,59
1,<environment.Job instance at 0x7f59eb42a910>,47,13,[7 4],48,83,96,35,67
1,<environment.Job instance at 0x7f59a543ab90>,5,17,[1 8],6,6,23,0,6
1,<environment.Job instance at 0x7f59eb194280>,8,14,[1 6],9,23,37,14,9
1,<environment.Job instance at 0x7f59eace16e0>,19,15,[8 4],20,25,40,5,25
1,<environment.Job instance at 0x7f59eace1870>,22,2,[1 9],23,40,42,17,25
1,<environment.Job instance at 0x7f59efb7b910>,14,13,[2 8],15,42,55,27,29
1,<environment.Job instance at 0x7f59eff06730>,26,1,[6 3],27,55,56,28,29
1,<environment.Job instance at 0x7f59a5562640>,27,1,[5 4],28,56,57,28,30
1,<environment.Job instance at 0x7f59a5562230>,30,1,[4 9],31,57,58,26,38
1,<environment.Job instance at 0x7f59a5562690>,32,18,[7 3],33,58,76,25,47
1,<environment.Job instance at 0x7f59eff1cbe0>,42,12,[5 4],43,76,88,33,64
1,<environment.Job instance at 0x7f59a5562820>,37,16,[3 5],38,65,81,27,65
1,<environment.Job instance at 0x7f59ef9d71e0>,44,17,[5 6],45,81,98,36,73
1,<environment.Job instance at 0x7f59ef9d7d20>,50,14,[6 1],51,98,112,47,83
1,<environment.Job instance at 0x7f59a501ffa0>,10,3,[8 4],11,11,14,0,11
1,<environment.Job instance at 0x7f59a501f910>,4,26,[7 4],5,14,40,9,12
1,<environment.Job instance at 0x7f59efc26410>,26,1,[3 9],27,40,41,13,38
1,<environment.Job instance at 0x7f59efc26190>,27,19,[4 7],28,43,62,15,43
1,<environment.Job instance at 0x7f59efc267d0>,31,3,[2 8],32,62,65,30,43
1,<environment.Job instance at 0x7f59efc26e60>,29,15,[6 1],30,43,58,13,43
1,<environment.Job instance at 0x7f59efc26eb0>,36,12,[1 9],37,65,77,28,48
1,<environment.Job instance at 0x7f59a56645a0>,38,16,[10  3],39,77,93,38,76
1,<environment.Job instance at 0x7f59a5664d20>,46,3,[ 4 10],47,93,96,46,76
1,<environment.Job instance at 0x7f59a550cdc0>,47,2,[5 8],48,96,98,48,76
1,<environment.Job instance at 0x7f59a57b0820>,0,21,[5 2],1,1,22,0,1
1,<environment.Job instance at 0x7f59eb26b2d0>,6,14,[3 9],7,22,36,15,10
1,<environment.Job instance at 0x7f59efb620a0>,19,1,[6 1],20,22,23,2,21
1,<environment.Job instance at 0x7f59efc44910>,10,14,[5 5],11,36,50,25,21
1,<environment.Job instance at 0x7f59a5606320>,28,25,[ 5 10],29,50,75,21,47
1,<environment.Job instance at 0x7f59a4f83280>,38,14,[3 8],39,75,89,36,67
1,<environment.Job instance at 0x7f57ba281140>,0,13,[9 3],1,2,15,1,2
1,<environment.Job instance at 0x7f57ba281050>,2,22,[4 8],3,15,37,12,8
1,<environment.Job instance at 0x7f57b0e72af0>,13,18,[ 4 10],14,37,55,23,27
1,<environment.Job instance at 0x7f57b0e76410>,23,27,[1 6],24,55,82,31,53
1,<environment.Job instance at 0x7f57b0e76be0>,30,14,[5 2],31,63,77,32,63
1,<environment.Job instance at 0x7f57b0e76c80>,31,14,[2 5],32,82,96,50,67
1,<environment.Job instance at 0x7f57b0e76d70>,33,14,[5 5],34,82,96,48,68
1,<environment.Job instance at 0x7f57b0e76fa0>,35,15,[9 5],36,96,111,60,83
1,<environment.Job instance at 0x7f57b0e78640>,45,13,[6 5],46,111,124,65,98
1,<environment.Job instance at 0x7f57ba3e8a00>,3,16,[1 6],4,5,21,1,5
1,<environment.Job instance at 0x7f57ba3f2cd0>,13,15,[6 1],14,17,32,3,17
1,<environment.Job instance at 0x7f57ba3f0c80>,17,1,[1 5],18,28,29,10,28
1,<environment.Job instance at 0x7f57ba3f09b0>,19,20,[2 6],20,29,49,9,28
1,<environment.Job instance at 0x7f57ba3f05a0>,20,2,[7 2],21,32,34,11,28
1,<environment.Job instance at 0x7f57ba3f7780>,24,1,[8 4],25,37,38,12,37
1,<environment.Job instance at 0x7f57ba3f2f00>,11,26,[ 5 10],12,49,75,37,46
1,<environment.Job instance at 0x7f57ba2a8460>,34,3,[5 6],35,75,78,40,52
1,<environment.Job instance at 0x7f57ba2a8fa0>,36,1,[9 3],37,78,79,41,59
1,<environment.Job instance at 0x7f57ba2a86e0>,41,13,[5 6],42,85,98,43,85
1,<environment.Job instance at 0x7f57ba3f71e0>,25,21,[4 5],26,98,119,72,91
1,<environment.Job instance at 0x7f57ba3f5c80>,1,14,[1 6],2,2,16,0,2
1,<environment.Job instance at 0x7f576f2056e0>,2,14,[2 7],3,16,30,13,4
1,<environment.Job instance at 0x7f576f26dcd0>,17,3,[1 5],18,30,33,12,22
1,<environment.Job instance at 0x7f576f21cfa0>,28,15,[7 5],29,30,45,1,29
1,<environment.Job instance at 0x7f576f21cd20>,32,20,[1 7],33,45,65,12,37
1,<environment.Job instance at 0x7f576f274730>,41,2,[9 5],42,65,67,23,56
1,<environment.Job instance at 0x7f576f21c4b0>,40,24,[ 1 10],41,67,91,26,62
1,<environment.Job instance at 0x7f576f274230>,51,27,[4 7],52,91,118,39,89
1,<environment.Job instance at 0x7f576f1c44b0>,0,15,[8 2],1,4,19,3,4
1,<environment.Job instance at 0x7f576f643190>,6,2,[5 5],7,19,21,12,7
1,<environment.Job instance at 0x7f576f677c30>,9,15,[ 5 10],10,21,36,11,11
1,<environment.Job instance at 0x7f576f611e60>,16,3,[ 5 10],17,36,39,19,17
1,<environment.Job instance at 0x7f576f6110a0>,15,3,[5 2],16,39,42,23,18
1,<environment.Job instance at 0x7f576f611d70>,20,12,[9 2],21,42,54,21,25
1,<environment.Job instance at 0x7f576f73dd20>,30,24,[2 8],31,54,78,23,49
1,<environment.Job instance at 0x7f576f5c5aa0>,38,1,[2 9],39,82,83,43,82
1,<environment.Job instance at 0x7f576f5c5780>,39,13,[4 6],40,83,96,43,82
1,<environment.Job instance at 0x7f576f5c5410>,40,15,[7 1],41,96,111,55,83
1,<environment.Job instance at 0x7f57b12e31e0>,2,19,[8 2],3,5,24,2,5
1,<environment.Job instance at 0x7f576f56a7d0>,11,3,[7 3],12,24,27,12,13
1,<environment.Job instance at 0x7f576f5c5f00>,9,17,[9 1],10,27,44,17,15
1,<environment.Job instance at 0x7f576f56e640>,23,13,[4 9],24,44,57,20,28
1,<environment.Job instance at 0x7f576f56e230>,18,14,[4 6],19,57,71,38,44
1,<environment.Job instance at 0x7f576f575780>,38,16,[6 3],39,57,73,18,52
1,<environment.Job instance at 0x7f576f575820>,39,14,[5 7],40,73,87,33,59
1,<environment.Job instance at 0x7f576f575aa0>,43,14,[2 7],44,87,101,43,74
1,<environment.Job instance at 0x7f576f55a910>,56,18,[4 6],57,101,119,44,92
1,<environment.Job instance at 0x7f57b0c51410>,2,15,[5 1],3,3,18,0,3
1,<environment.Job instance at 0x7f57b0c513c0>,3,18,[5 9],4,4,22,0,4
1,<environment.Job instance at 0x7f576f532370>,9,19,[9 1],10,22,41,12,12
1,<environment.Job instance at 0x7f576f532550>,13,27,[1 8],14,22,49,8,21
1,<environment.Job instance at 0x7f57b1028cd0>,27,22,[1 7],28,49,71,21,43
1,<environment.Job instance at 0x7f57b1028dc0>,34,14,[7 1],35,55,69,20,55
1,<environment.Job instance at 0x7f57b1028780>,38,16,[8 5],39,71,87,32,63
1,<environment.Job instance at 0x7f57b0fe2870>,42,16,[9 2],43,87,103,44,75
1,<environment.Job instance at 0x7f57b0fe2690>,45,18,[7 5],46,103,121,57,92
1,<environment.Job instance at 0x7f576f3d7c30>,2,13,[4 8],3,4,17,1,4
1,<environment.Job instance at 0x7f576f75f5a0>,6,12,[7 1],7,17,29,10,7
1,<environment.Job instance at 0x7f576f372be0>,18,17,[5 5],19,29,46,10,20
1,<environment.Job instance at 0x7f57b0f253c0>,33,1,[7 2],34,46,47,12,46
1,<environment.Job instance at 0x7f57b97d3b40>,37,13,[9 4],38,57,70,19,57
1,<environment.Job instance at 0x7f57b97d3690>,40,15,[4 5],41,72,87,31,72
1,<environment.Job instance at 0x7f57b97d30f0>,41,27,[5 1],42,79,106,37,79
1,<environment.Job instance at 0x7f57b97d38c0>,42,21,[1 6],43,87,108,44,80
1,<environment.Job instance at 0x7f57b980db40>,6,17,[5 5],7,7,24,0,7
1,<environment.Job instance at 0x7f57b980da00>,7,13,[8 2],8,24,37,16,12
1,<environment.Job instance at 0x7f57b97fff50>,25,23,[5 3],26,37,60,11,33
1,<environment.Job instance at 0x7f57b98095f0>,31,14,[7 1],32,60,74,28,54
1,<environment.Job instance at 0x7f57b9809780>,33,3,[5 8],34,74,77,40,63
1,<environment.Job instance at 0x7f57b98096e0>,37,14,[4 7],38,80,94,42,80
1,<environment.Job instance at 0x7f57b9809e10>,41,16,[ 2 10],42,95,111,53,95
1,<environment.Job instance at 0x7f57b0def230>,3,17,[10  5],4,4,21,0,4
1,<environment.Job instance at 0x7f57b1005910>,11,16,[2 7],12,21,37,9,12
1,<environment.Job instance at 0x7f57ba17be10>,14,13,[5 4],15,37,50,22,22
1,<environment.Job instance at 0x7f57b97d39b0>,22,17,[1 7],23,50,67,27,38
1,<environment.Job instance at 0x7f57b10205a0>,31,18,[9 3],32,54,72,22,54
1,<environment.Job instance at 0x7f57b9aa7b40>,36,22,[ 4 10],37,72,94,35,69
1,<environment.Job instance at 0x7f57b9aa7e60>,40,3,[7 3],41,94,97,53,73
1,<environment.Job instance at 0x7f576f44dd70>,41,13,[ 3 10],42,97,110,55,83
1,<environment.Job instance at 0x7f57b0c24730>,50,16,[5 9],51,110,126,59,97
1,<environment.Job instance at 0x7f57b9813780>,2,17,[1 9],3,3,20,0,3
1,<environment.Job instance at 0x7f576f116c80>,6,13,[3 7],7,20,33,13,16
1,<environment.Job instance at 0x7f57b97275f0>,17,2,[3 7],18,33,35,15,26
1,<environment.Job instance at 0x7f57b0ec9b90>,18,12,[10  1],19,35,47,16,26
1,<environment.Job instance at 0x7f576f3ac8c0>,19,21,[1 7],20,47,68,27,41
1,<environment.Job instance at 0x7f57b136ce10>,27,17,[8 2],28,51,68,23,51
1,<environment.Job instance at 0x7f57b0ef8190>,32,15,[2 9],33,68,83,35,58
1,<environment.Job instance at 0x7f57b9dd9b40>,40,13,[6 4],41,83,96,42,67
1,<environment.Job instance at 0x7f57b0e4ff00>,49,16,[10  5],50,99,115,49,99
1,<environment.Job instance at 0x7f57b10f8960>,12,2,[8 2],13,14,16,1,14
1,<environment.Job instance at 0x7f57b10f8870>,13,2,[8 1],14,16,18,2,15
1,<environment.Job instance at 0x7f57b10f8d20>,16,12,[7 5],17,18,30,1,17
1,<environment.Job instance at 0x7f57b10f8eb0>,17,16,[8 4],18,30,46,12,19
1,<environment.Job instance at 0x7f57b110a230>,19,2,[3 7],20,46,48,26,23
1,<environment.Job instance at 0x7f57b110a780>,25,1,[7 1],26,46,47,20,38
1,<environment.Job instance at 0x7f57b110a8c0>,27,1,[2 6],28,41,42,13,41
1,<environment.Job instance at 0x7f57b110a9b0>,29,25,[7 3],30,47,72,17,47
1,<environment.Job instance at 0x7f57b110a1e0>,22,19,[8 3],23,72,91,49,64
1,<environment.Job instance at 0x7f57b110d2d0>,42,14,[10  1],43,91,105,48,79
1,<environment.Job instance at 0x7f57b110daf0>,47,15,[3 9],48,105,120,57,94
1,<environment.Job instance at 0x7f57b110dbe0>,1,14,[6 1],2,2,16,0,2
1,<environment.Job instance at 0x7f57b1098370>,4,17,[3 7],5,5,22,0,5
1,<environment.Job instance at 0x7f57b1098410>,6,14,[7 5],7,22,36,15,10
1,<environment.Job instance at 0x7f576f1ef690>,17,3,[9 4],18,36,39,18,18
1,<environment.Job instance at 0x7f576f7028c0>,46,18,[ 2 10],47,71,89,24,71
1,<environment.Job instance at 0x7f576f7023c0>,49,14,[8 5],50,89,103,39,83
1,<environment.Job instance at 0x7f57b1232aa0>,3,23,[1 7],4,4,27,0,4
1,<environment.Job instance at 0x7f576f19ca50>,13,17,[ 4 10],14,27,44,13,15
1,<environment.Job instance at 0x7f576f0d6370>,20,13,[10  5],21,44,57,23,28
1,<environment.Job instance at 0x7f57b130e910>,27,24,[2 8],28,57,81,29,52
1,<environment.Job instance at 0x7f576f19c3c0>,10,16,[4 8],11,81,97,70,69
1,<environment.Job instance at 0x7f57b9a9db40>,38,2,[5 3],39,97,99,58,73
1,<environment.Job instance at 0x7f57b9a9d460>,36,18,[7 1],37,99,117,62,93
1,<environment.Job instance at 0x7f57b9a9deb0>,33,26,[1 8],34,99,125,65,97
1,<environment.Job instance at 0x7f57b11bc960>,5,22,[5 2],6,6,28,0,6
1,<environment.Job instance at 0x7f576f380500>,4,16,[7 3],5,28,44,23,17
1,<environment.Job instance at 0x7f576f6bee10>,23,3,[6 1],24,44,47,20,26
1,<environment.Job instance at 0x7f57b0d82320>,25,16,[2 7],26,26,42,0,26
1,<environment.Job instance at 0x7f576f12b370>,29,15,[6 5],30,47,62,17,45
1,<environment.Job instance at 0x7f576f1b3500>,30,24,[10  5],31,62,86,31,57
1,<environment.Job instance at 0x7f57b0fdb370>,37,18,[6 4],38,86,104,48,75
1,<environment.Job instance at 0x7f57b127ebe0>,46,15,[4 7],47,104,119,57,92
1,<environment.Job instance at 0x7f57b0e60140>,0,22,[4 6],1,1,23,0,1
1,<environment.Job instance at 0x7f576f6bfe60>,7,2,[9 5],8,23,25,15,8
1,<environment.Job instance at 0x7f57b0e13fa0>,11,2,[5 4],12,12,14,0,12
1,<environment.Job instance at 0x7f576f114be0>,14,13,[9 1],15,25,38,10,16
1,<environment.Job instance at 0x7f576f728e60>,16,3,[1 8],17,25,28,8,17
1,<environment.Job instance at 0x7f57b9c81780>,20,14,[ 3 10],21,38,52,17,28
1,<environment.Job instance at 0x7f57b9a815f0>,29,15,[4 9],30,52,67,22,46
1,<environment.Job instance at 0x7f57b0ee83c0>,36,13,[4 5],37,71,84,34,71
1,<environment.Job instance at 0x7f57b0ee8aa0>,42,1,[ 3 10],43,84,85,41,74
1,<environment.Job instance at 0x7f57b0ee8a50>,43,12,[5 8],44,85,97,41,75
1,<environment.Job instance at 0x7f576f5302d0>,52,18,[ 5 10],53,97,115,44,95
1,<environment.Job instance at 0x7f576f2d0230>,55,3,[4 8],56,115,118,59,99
1,<environment.Job instance at 0x7f576efe4550>,0,26,[9 4],1,2,28,1,2
1,<environment.Job instance at 0x7f576ee44aa0>,12,15,[ 3 10],13,28,43,15,20
1,<environment.Job instance at 0x7f576edfcaa0>,22,2,[5 7],23,43,45,20,34
1,<environment.Job instance at 0x7f576edfc5a0>,19,19,[2 9],20,45,64,25,42
1,<environment.Job instance at 0x7f576ef92a50>,29,17,[8 4],30,64,81,34,57
1,<environment.Job instance at 0x7f576ef920a0>,31,16,[2 6],32,69,85,37,69
1,<environment.Job instance at 0x7f576ef92e60>,37,3,[4 9],38,85,88,47,69
1,<environment.Job instance at 0x7f576ef92820>,39,3,[3 5],40,88,91,48,69
1,<environment.Job instance at 0x7f576ef92230>,40,3,[2 6],41,91,94,50,69
1,<environment.Job instance at 0x7f57b9a8ed20>,44,13,[2 8],45,94,107,49,94
1,<environment.Job instance at 0x7f57b9a8e4b0>,49,15,[8 4],50,107,122,57,98
1,<environment.Job instance at 0x7f57b9a8e550>,55,13,[2 6],56,107,120,51,98
1,<environment.Job instance at 0x7f57b9a2ab40>,1,23,[7 5],2,3,26,1,3
1,<environment.Job instance at 0x7f576f48a050>,13,18,[10  5],14,26,44,12,16
1,<environment.Job instance at 0x7f57b0f8e7d0>,30,3,[8 4],31,44,47,13,34
1,<environment.Job instance at 0x7f57b0f8b550>,28,16,[1 8],29,47,63,18,34
1,<environment.Job instance at 0x7f576f17aaf0>,36,2,[3 5],37,63,65,26,38
1,<environment.Job instance at 0x7f576f428500>,50,17,[2 8],51,83,100,32,83
1,<environment.Job instance at 0x7f576f428730>,53,13,[5 1],54,83,96,29,83
1,<environment.Job instance at 0x7f576f428cd0>,55,1,[5 7],56,100,101,44,85
1,<environment.Job instance at 0x7f576f428550>,54,16,[6 3],55,101,117,46,89
1,<environment.Job instance at 0x7f57b10fa0f0>,60,2,[3 9],61,117,119,56,99
1,<environment.Job instance at 0x7f57ba3ea0a0>,6,18,[3 5],7,7,25,0,7
1,<environment.Job instance at 0x7f57b9cd3d20>,10,21,[5 2],11,13,34,2,13
1,<environment.Job instance at 0x7f57b0d82460>,14,18,[3 8],15,25,43,10,15
1,<environment.Job instance at 0x7f576f12c140>,34,18,[6 3],35,43,61,8,43
1,<environment.Job instance at 0x7f57b0d5b820>,38,25,[ 5 10],39,61,86,22,59
1,<environment.Job instance at 0x7f576efb4be0>,42,18,[9 5],43,86,104,43,75
1,<environment.Job instance at 0x7f576f7085a0>,1,17,[3 6],2,2,19,0,2
1,<environment.Job instance at 0x7f57b112a1e0>,2,17,[ 4 10],3,19,36,16,8
1,<environment.Job instance at 0x7f57b1023c30>,25,18,[5 3],26,36,54,10,30
1,<environment.Job instance at 0x7f57b1023910>,27,15,[5 1],28,39,54,11,39
1,<environment.Job instance at 0x7f576ef75690>,33,15,[5 8],34,54,69,20,45
1,<environment.Job instance at 0x7f576ef75190>,34,2,[6 1],35,69,71,34,49
1,<environment.Job instance at 0x7f576ef75280>,35,3,[7 2],36,71,74,35,52
1,<environment.Job instance at 0x7f57b1023a50>,24,23,[2 9],25,74,97,49,68
1,<environment.Job instance at 0x7f576ef75b40>,44,2,[8 1],45,78,80,33,78
1,<environment.Job instance at 0x7f57b1002190>,48,18,[5 5],49,97,115,48,88
1,<environment.Job instance at 0x7f57b1002b90>,50,1,[ 5 10],51,115,116,64,88
1,<environment.Job instance at 0x7f57b10029b0>,51,1,[9 3],52,116,117,64,88
1,<environment.Job instance at 0x7f57b127eaa0>,0,12,[9 2],1,1,13,0,1
1,<environment.Job instance at 0x7f576eeeb960>,2,15,[4 9],3,13,28,10,8
1,<environment.Job instance at 0x7f576ed8a0a0>,11,13,[3 5],12,28,41,16,12
1,<environment.Job instance at 0x7f57b0fa2fa0>,22,18,[10  3],23,41,59,18,30
1,<environment.Job instance at 0x7f576f61a0a0>,32,13,[3 6],33,59,72,26,53
1,<environment.Job instance at 0x7f576f61a780>,33,17,[7 2],34,59,76,25,53
1,<environment.Job instance at 0x7f576f61af50>,40,1,[ 5 10],41,76,77,35,64
1,<environment.Job instance at 0x7f576f61a0f0>,41,3,[10  5],42,77,80,35,66
1,<environment.Job instance at 0x7f576ef8c7d0>,24,24,[5 8],25,80,104,55,75
1,<environment.Job instance at 0x7fb0006e11e0>,0,13,[9 3],1,1,14,0,1
1,<environment.Job instance at 0x7faffd2d2190>,4,14,[1 6],5,7,21,2,7
1,<environment.Job instance at 0x7faffd2d2730>,8,13,[5 5],9,21,34,12,9
1,<environment.Job instance at 0x7faffd2d2d20>,16,16,[3 5],17,38,54,21,38
1,<environment.Job instance at 0x7faffd2d2910>,20,1,[7 5],21,38,39,17,38
1,<environment.Job instance at 0x7faffd2d62d0>,22,1,[2 7],23,54,55,31,39
1,<environment.Job instance at 0x7faffd2d2f00>,19,14,[3 5],20,55,69,35,42
1,<environment.Job instance at 0x7faffd2d6870>,30,14,[5 2],31,65,79,34,65
1,<environment.Job instance at 0x7faffd2d6a50>,33,14,[5 5],34,69,83,35,65
1,<environment.Job instance at 0x7faffd2d4230>,38,2,[ 1 10],39,83,85,44,76
1,<environment.Job instance at 0x7faffd2d4320>,39,2,[5 6],40,85,87,45,76
1,<environment.Job instance at 0x7faffd2d40f0>,40,15,[10  3],41,87,102,46,82
1,<environment.Job instance at 0x7faffd2d6af0>,34,24,[1 8],35,102,126,67,97
1,<environment.Job instance at 0x7fb00085c820>,4,14,[2 5],5,8,22,3,8
1,<environment.Job instance at 0x7fb00085c730>,7,1,[1 5],8,8,9,0,8
1,<environment.Job instance at 0x7fb00085c190>,8,1,[3 6],9,22,23,13,9
1,<environment.Job instance at 0x7fb00085c6e0>,11,1,[2 6],12,23,24,11,12
1,<environment.Job instance at 0x7fb00085c9b0>,10,2,[7 2],11,15,17,4,15
1,<environment.Job instance at 0x7fb00085c550>,9,20,[2 6],10,24,44,14,15
1,<environment.Job instance at 0x7fb0008485f0>,14,1,[8 4],15,19,20,4,19
1,<environment.Job instance at 0x7faffd2d4d70>,1,26,[ 5 10],2,46,72,44,46
1,<environment.Job instance at 0x7fb00084dc30>,30,16,[2 8],31,72,88,41,70
1,<environment.Job instance at 0x7fb0008527d0>,39,12,[4 9],40,90,102,50,90
1,<environment.Job instance at 0x7fb000852d70>,36,17,[1 7],37,102,119,65,90
1,<environment.Job instance at 0x7fb00084e730>,43,3,[1 9],44,119,122,75,100
1,<environment.Job instance at 0x7fb000708780>,47,3,[4 5],48,122,125,74,103
1,<environment.Job instance at 0x7fb000708d70>,53,15,[5 2],54,122,137,68,108
1,<environment.Job instance at 0x7fafb56a5d70>,1,18,[2 8],2,5,23,3,5
1,<environment.Job instance at 0x7fafb568c0f0>,14,3,[4 7],15,23,26,8,15
1,<environment.Job instance at 0x7fafb568c5a0>,15,1,[10  1],16,26,27,10,16
1,<environment.Job instance at 0x7fafb568c640>,16,19,[2 7],17,27,46,10,17
1,<environment.Job instance at 0x7fafb568c460>,19,2,[5 8],20,46,48,26,20
1,<environment.Job instance at 0x7fafb56a5c30>,7,16,[9 2],8,48,64,40,35
1,<environment.Job instance at 0x7fafb5688a50>,31,27,[4 7],32,64,91,32,64
1,<environment.Job instance at 0x7fafb5688870>,37,17,[5 2],38,73,90,35,73
1,<environment.Job instance at 0x7fafb56d4d70>,41,1,[ 2 10],42,91,92,49,86
1,<environment.Job instance at 0x7fafb56d4c30>,42,1,[3 9],43,92,93,49,86
1,<environment.Job instance at 0x7fafb56d4190>,43,2,[4 7],44,93,95,49,86
1,<environment.Job instance at 0x7fafb5688230>,32,26,[8 4],33,95,121,62,92
1,<environment.Job instance at 0x7fafb56d4dc0>,45,2,[1 5],46,95,97,49,92
1,<environment.Job instance at 0x7fafb56d4a00>,49,3,[4 7],50,121,124,71,99
1,<environment.Job instance at 0x7fafb5aa7870>,8,1,[2 9],9,9,10,0,9
1,<environment.Job instance at 0x7fafb5aa7c30>,12,13,[1 6],13,15,28,2,15
1,<environment.Job instance at 0x7fafb5aa7730>,13,3,[3 5],14,28,31,14,16
1,<environment.Job instance at 0x7fafb5aae460>,14,14,[1 5],15,28,42,13,18
1,<environment.Job instance at 0x7fafb5aaef00>,16,1,[2 6],17,42,43,25,20
1,<environment.Job instance at 0x7fafb5ac4190>,20,14,[8 3],21,40,54,19,40
1,<environment.Job instance at 0x7fafb555c8c0>,22,12,[8 1],23,54,66,31,40
1,<environment.Job instance at 0x7fafb555c730>,25,3,[9 4],26,66,69,40,50
1,<environment.Job instance at 0x7fafb555cf50>,30,27,[ 5 10],31,69,96,38,68
1,<environment.Job instance at 0x7fafb555c4b0>,37,15,[5 3],38,96,111,58,83
1,<environment.Job instance at 0x7fafb593e640>,40,2,[1 7],41,96,98,55,87
1,<environment.Job instance at 0x7fafb593e9b0>,42,3,[10  4],43,111,114,68,87
1,<environment.Job instance at 0x7fafb593e960>,41,1,[ 4 10],42,114,115,72,87
1,<environment.Job instance at 0x7fafb593ecd0>,45,13,[5 5],46,98,111,52,87
1,<environment.Job instance at 0x7fafb593ee60>,43,2,[5 7],44,115,117,71,88
1,<environment.Job instance at 0x7fafb59e3780>,47,1,[5 5],48,117,118,69,90
1,<environment.Job instance at 0x7fafb593ed70>,49,3,[7 2],50,118,121,68,93
1,<environment.Job instance at 0x7fafb56ae1e0>,51,3,[1 6],52,118,121,66,94
1,<environment.Job instance at 0x7faffd3230f0>,1,14,[1 5],2,2,16,0,2
1,<environment.Job instance at 0x7fafb59c3af0>,7,3,[3 5],8,8,11,0,8
1,<environment.Job instance at 0x7fafb59c3410>,11,3,[9 3],12,13,16,1,13
1,<environment.Job instance at 0x7fafb59c3190>,10,1,[5 1],11,16,17,5,15
1,<environment.Job instance at 0x7fafb59be230>,13,3,[8 4],14,17,20,3,15
1,<environment.Job instance at 0x7fafb59c3280>,8,15,[8 5],9,20,35,11,20
1,<environment.Job instance at 0x7fafb59bed70>,23,2,[9 1],24,35,37,11,25
1,<environment.Job instance at 0x7fafb59cd230>,25,16,[6 3],26,37,53,11,27
1,<environment.Job instance at 0x7fafb59cd370>,26,25,[3 8],27,53,78,26,49
1,<environment.Job instance at 0x7fafb59cdc80>,38,27,[1 7],39,82,109,43,82
1,<environment.Job instance at 0x7fafb59cc280>,48,14,[10  3],49,109,123,60,97
1,<environment.Job instance at 0x7fafb59cc500>,1,22,[ 1 10],2,7,29,5,7
1,<environment.Job instance at 0x7fafb556d910>,14,12,[4 6],15,29,41,14,15
1,<environment.Job instance at 0x7faffd6b0910>,20,15,[1 6],21,41,56,20,28
1,<environment.Job instance at 0x7fafffcdbd70>,24,12,[8 4],25,41,53,16,34
1,<environment.Job instance at 0x7faffd6b09b0>,22,18,[5 5],23,56,74,33,46
1,<environment.Job instance at 0x7fafb5c059b0>,36,28,[1 7],37,75,103,38,75
1,<environment.Job instance at 0x7fafb5c055f0>,33,27,[9 3],34,80,107,46,80
1,<environment.Job instance at 0x7faffd03bb40>,41,1,[10  2],42,107,108,65,81
1,<environment.Job instance at 0x7faffd03bf50>,45,1,[8 2],46,108,109,62,82
1,<environment.Job instance at 0x7faffd03b5a0>,48,1,[6 3],49,109,110,60,91
1,<environment.Job instance at 0x7faffd03bb90>,49,17,[1 5],50,108,125,58,96
1,<environment.Job instance at 0x7faffd041050>,56,12,[7 1],57,110,122,53,97
1,<environment.Job instance at 0x7fb000352730>,2,18,[5 9],3,3,21,0,3
1,<environment.Job instance at 0x7faffd2f2870>,10,15,[3 9],11,21,36,10,11
1,<environment.Job instance at 0x7fafb5c6f640>,23,2,[6 3],24,36,38,12,31
1,<environment.Job instance at 0x7faffd3df500>,25,23,[7 1],26,38,61,12,36
1,<environment.Job instance at 0x7fafb5c6fcd0>,27,17,[4 9],28,61,78,33,49
1,<environment.Job instance at 0x7fb0005dbbe0>,35,18,[10  3],36,78,96,42,67
1,<environment.Job instance at 0x7fb0005dbaf0>,37,18,[3 6],38,96,114,58,85
1,<environment.Job instance at 0x7faffd0f1960>,47,13,[8 2],48,114,127,66,99
1,<environment.Job instance at 0x7faffd2bd5f0>,0,25,[2 8],1,2,27,1,2
1,<environment.Job instance at 0x7fafffd77410>,7,15,[ 5 10],8,27,42,19,13
1,<environment.Job instance at 0x7fafffd77be0>,16,18,[9 4],17,42,60,25,31
1,<environment.Job instance at 0x7fafffd67500>,24,20,[9 5],25,60,80,35,52
1,<environment.Job instance at 0x7fafffd67d70>,34,17,[3 6],35,80,97,45,70
1,<environment.Job instance at 0x7fafffd6b230>,43,13,[6 5],44,97,110,53,89
1,<environment.Job instance at 0x7fafffd6b1e0>,41,16,[2 7],42,110,126,68,97
1,<environment.Job instance at 0x7fafffd6b910>,2,13,[6 5],3,5,18,2,5
1,<environment.Job instance at 0x7faffd2dbc30>,5,13,[4 7],6,18,31,12,6
1,<environment.Job instance at 0x7faffd1ea230>,12,2,[5 6],13,31,33,18,21
1,<environment.Job instance at 0x7fafb5a32370>,17,15,[ 1 10],18,33,48,15,26
1,<environment.Job instance at 0x7fafb5613f00>,21,18,[3 7],22,48,66,26,42
1,<environment.Job instance at 0x7fafffbebb90>,28,16,[1 6],29,66,82,37,54
1,<environment.Job instance at 0x7faffd1ec910>,34,14,[10  4],35,82,96,47,77
1,<environment.Job instance at 0x7faffd799370>,37,2,[3 7],38,96,98,58,77
1,<environment.Job instance at 0x7faffd6c8a00>,39,21,[1 7],40,98,119,58,90
1,<environment.Job instance at 0x7faffd781230>,45,12,[5 9],46,119,131,73,102
1,<environment.Job instance at 0x7faffd1c2690>,1,13,[9 4],2,2,15,0,2
1,<environment.Job instance at 0x7fb000248e10>,3,13,[3 7],4,15,28,11,4
1,<environment.Job instance at 0x7fb00002d280>,9,2,[3 7],10,28,30,18,11
1,<environment.Job instance at 0x7fafb593fb90>,16,16,[4 9],17,30,46,13,20
1,<environment.Job instance at 0x7fafb593fa00>,17,22,[6 1],18,25,47,7,25
1,<environment.Job instance at 0x7faffd1b5370>,24,1,[ 3 10],25,47,48,22,26
1,<environment.Job instance at 0x7faffd1b5c30>,23,2,[8 1],24,48,50,24,26
1,<environment.Job instance at 0x7fb0000c2690>,21,18,[5 9],22,50,68,28,39
1,<environment.Job instance at 0x7fafb5bd0b90>,32,19,[8 3],33,68,87,35,61
1,<environment.Job instance at 0x7faffd691780>,42,1,[5 2],43,87,88,44,70
1,<environment.Job instance at 0x7faffd691500>,44,17,[4 7],45,87,104,42,75
1,<environment.Job instance at 0x7faffd691a50>,45,3,[ 3 10],46,104,107,58,86
1,<environment.Job instance at 0x7faffd6940a0>,49,3,[7 1],50,107,110,57,86
1,<environment.Job instance at 0x7faffd694550>,50,2,[8 5],51,110,112,59,86
1,<environment.Job instance at 0x7faffd0b6550>,52,14,[10  1],53,112,126,59,101
1,<environment.Job instance at 0x7fafb561c870>,4,17,[3 7],5,7,24,2,7
1,<environment.Job instance at 0x7fafb561ceb0>,14,16,[7 5],15,24,40,9,18
1,<environment.Job instance at 0x7fafb56459b0>,21,13,[9 1],22,40,53,18,25
1,<environment.Job instance at 0x7fafb5643370>,28,1,[9 5],29,53,54,24,29
1,<environment.Job instance at 0x7fafb56432d0>,29,1,[7 3],30,54,55,24,30
1,<environment.Job instance at 0x7fafb5643500>,31,1,[3 8],32,55,56,23,32
1,<environment.Job instance at 0x7fafb5643870>,33,3,[9 5],34,56,59,22,44
1,<environment.Job instance at 0x7fafb5643b40>,35,14,[6 3],36,59,73,23,47
1,<environment.Job instance at 0x7fafb5643d20>,38,3,[9 2],39,73,76,34,47
1,<environment.Job instance at 0x7fafb5643dc0>,39,2,[4 5],40,59,61,19,49
1,<environment.Job instance at 0x7fafb56436e0>,32,18,[9 2],33,76,94,43,65
1,<environment.Job instance at 0x7fafb564fa00>,49,14,[8 5],50,94,108,44,80
1,<environment.Job instance at 0x7fafb5a25c30>,2,26,[1 5],3,3,29,0,3
1,<environment.Job instance at 0x7faffd124230>,8,3,[5 8],9,29,32,20,10
1,<environment.Job instance at 0x7faffd5d6d20>,16,3,[2 5],17,17,20,0,17
1,<environment.Job instance at 0x7faffd1247d0>,5,15,[8 3],6,32,47,26,18
1,<environment.Job instance at 0x7fafffc3b4b0>,25,12,[5 2],26,47,59,21,34
1,<environment.Job instance at 0x7fafffc3be60>,27,3,[7 5],28,59,62,31,41
1,<environment.Job instance at 0x7fafb5acd640>,31,23,[9 4],32,63,86,31,63
1,<environment.Job instance at 0x7faffd323370>,42,14,[6 3],43,86,100,43,74
1,<environment.Job instance at 0x7fafb59cc8c0>,47,17,[4 6],48,86,103,38,75
1,<environment.Job instance at 0x7faffd3902d0>,53,13,[6 4],54,100,113,46,97
1,<environment.Job instance at 0x7faffd3906e0>,55,3,[3 8],56,113,116,57,97
1,<environment.Job instance at 0x7fb000617c30>,56,16,[2 7],57,116,132,59,105
1,<environment.Job instance at 0x7fafb55b5780>,2,18,[3 6],3,3,21,0,3
1,<environment.Job instance at 0x7fafb593f1e0>,5,16,[2 7],6,21,37,15,8
1,<environment.Job instance at 0x7fafb593fd20>,8,18,[8 3],9,21,39,12,10
1,<environment.Job instance at 0x7faffd30c6e0>,18,27,[5 1],19,39,66,20,39
1,<environment.Job instance at 0x7faffd30c230>,20,1,[2 7],21,50,51,29,50
1,<environment.Job instance at 0x7fafb55c9a50>,24,2,[10  3],25,66,68,41,50
1,<environment.Job instance at 0x7fafb55c9690>,25,1,[5 2],26,51,52,25,51
1,<environment.Job instance at 0x7fafb55c9500>,27,2,[5 5],28,54,56,26,54
1,<environment.Job instance at 0x7faffd30ce60>,19,15,[9 3],20,68,83,48,58
1,<environment.Job instance at 0x7fafb55c95a0>,30,3,[5 7],31,83,86,52,64
1,<environment.Job instance at 0x7fafb55e8d20>,39,13,[4 5],40,86,99,46,78
1,<environment.Job instance at 0x7fafb55e8910>,44,14,[9 5],45,99,113,54,88
1,<environment.Job instance at 0x7faffd6dc050>,47,18,[ 5 10],48,113,131,65,105
1,<environment.Job instance at 0x7faffd6dc3c0>,1,22,[2 9],2,2,24,0,2
1,<environment.Job instance at 0x7fafb59d4a00>,8,1,[5 5],9,24,25,15,10
1,<environment.Job instance at 0x7fafb59d4dc0>,10,2,[7 1],11,12,14,1,12
1,<environment.Job instance at 0x7fafffed99b0>,5,16,[8 5],6,25,41,19,12
1,<environment.Job instance at 0x7fafffd31230>,21,12,[4 5],22,41,53,19,24
1,<environment.Job instance at 0x7fafb5a88140>,30,1,[7 1],31,53,54,22,42
1,<environment.Job instance at 0x7fafb58b0320>,35,15,[5 1],36,54,69,18,43
1,<environment.Job instance at 0x7fafb55bb780>,32,20,[5 2],33,54,74,21,46
1,<environment.Job instance at 0x7fafb5a6b320>,43,15,[8 4],44,74,89,30,60
1,<environment.Job instance at 0x7faffd19fe60>,57,13,[7 4],58,89,102,31,83
1,<environment.Job instance at 0x7faffd19faa0>,61,16,[5 7],62,108,124,46,108
1,<environment.Job instance at 0x7fafb5acd050>,4,13,[2 8],5,7,20,2,7
1,<environment.Job instance at 0x7fafb562feb0>,7,12,[2 5],8,20,32,12,8
1,<environment.Job instance at 0x7faffd6f4a50>,9,15,[8 4],10,20,35,10,10
1,<environment.Job instance at 0x7fafffb6acd0>,18,18,[5 6],19,35,53,16,24
1,<environment.Job instance at 0x7faffd2a5d20>,22,18,[7 3],23,53,71,30,53
1,<environment.Job instance at 0x7faffd47d3c0>,36,15,[1 5],37,57,72,20,57
1,<environment.Job instance at 0x7fafb58d6410>,39,3,[5 2],40,71,74,31,57
1,<environment.Job instance at 0x7fafb58d6af0>,47,14,[9 3],48,74,88,26,70
1,<environment.Job instance at 0x7fafb5a90dc0>,49,15,[8 4],50,88,103,38,76
1,<environment.Job instance at 0x7faffd71eaa0>,61,23,[7 5],62,107,130,45,107
1,<environment.Job instance at 0x7fafb538f6e0>,3,13,[5 1],4,4,17,0,4
1,<environment.Job instance at 0x7fafb538f960>,4,16,[6 3],5,17,33,12,6
1,<environment.Job instance at 0x7fafb52bce10>,9,15,[9 3],10,33,48,23,19
1,<environment.Job instance at 0x7fafb53edb90>,31,16,[ 2 10],32,50,66,18,50
1,<environment.Job instance at 0x7fafb56e05a0>,37,15,[1 7],38,66,81,28,63
1,<environment.Job instance at 0x7fafb56e05f0>,38,18,[5 6],39,81,99,42,70
1,<environment.Job instance at 0x7fafb5415960>,44,16,[5 6],45,99,115,54,91
1,<environment.Job instance at 0x7fafb5415af0>,49,12,[ 5 10],50,115,127,65,100
1,<environment.Job instance at 0x7fafb5ba2190>,0,12,[6 1],1,1,13,0,1
1,<environment.Job instance at 0x7fafb52bcb90>,3,20,[5 2],4,13,33,9,4
1,<environment.Job instance at 0x7fafb5b62230>,26,17,[3 8],27,28,45,1,28
1,<environment.Job instance at 0x7faffd55c370>,27,27,[2 6],28,45,72,17,43
1,<environment.Job instance at 0x7faffd54d2d0>,37,26,[ 5 10],38,72,98,34,70
1,<environment.Job instance at 0x7fafb5ac9f50>,49,18,[5 5],50,98,116,48,89
1,<environment.Job instance at 0x7fafb555df50>,51,18,[5 5],52,98,116,46,89
1,<environment.Job instance at 0x7fafffabca00>,29,18,[5 2],30,116,134,86,106
1,<environment.Job instance at 0x7faffd54dc30>,38,14,[3 7],39,116,130,77,106
1,<environment.Job instance at 0x7fafb5aaceb0>,63,2,[4 5],64,130,132,66,109
1,<environment.Job instance at 0x7fafffec5140>,0,13,[8 2],1,1,14,0,1
1,<environment.Job instance at 0x7faffd4f3af0>,3,15,[3 5],4,14,29,10,4
1,<environment.Job instance at 0x7faffff1dbe0>,9,13,[3 6],10,29,42,19,15
1,<environment.Job instance at 0x7faffff1d780>,10,1,[ 2 10],11,42,43,31,31
1,<environment.Job instance at 0x7faffd370550>,15,17,[5 8],16,43,60,27,32
1,<environment.Job instance at 0x7fb000007280>,36,15,[6 4],37,60,75,23,46
1,<environment.Job instance at 0x7fb000007b90>,42,1,[2 8],43,75,76,32,49
1,<environment.Job instance at 0x7fafb5a18e10>,49,14,[5 9],50,88,102,38,88
1,<environment.Job instance at 0x7fb0000ab460>,52,18,[10  3],53,102,120,49,95
1,<environment.Job instance at 0x7fafb52d6910>,3,12,[9 4],4,4,16,0,4
1,<environment.Job instance at 0x7fafb52d6af0>,6,15,[5 2],7,16,31,9,7
1,<environment.Job instance at 0x7fafb52d6dc0>,13,14,[4 9],14,31,45,17,17
1,<environment.Job instance at 0x7fb0000f5c30>,22,2,[ 3 10],23,45,47,22,24
1,<environment.Job instance at 0x7fafb5a0d3c0>,30,17,[3 8],31,53,70,22,53
1,<environment.Job instance at 0x7fafb5a0d230>,27,12,[3 7],28,70,82,42,56
1,<environment.Job instance at 0x7fafb5a0dc80>,33,17,[7 3],34,70,87,36,58
1,<environment.Job instance at 0x7fb00049f230>,40,1,[6 3],41,87,88,46,82
1,<environment.Job instance at 0x7fb00049f500>,41,2,[ 3 10],42,88,90,46,82
1,<environment.Job instance at 0x7fafb5555230>,42,2,[6 4],43,90,92,47,82
1,<environment.Job instance at 0x7fafb5a0d320>,28,16,[7 1],29,92,108,63,84
1,<environment.Job instance at 0x7fafffd77e10>,45,2,[9 3],46,108,110,62,84
1,<environment.Job instance at 0x7fafb5555f00>,43,17,[10  3],44,110,127,66,102
1,<environment.Job instance at 0x7faffd1afd20>,5,18,[7 4],6,6,24,0,6
1,<environment.Job instance at 0x7fb0008521e0>,8,13,[5 4],9,24,37,15,9
1,<environment.Job instance at 0x7faffd531820>,11,15,[5 1],12,24,39,12,13
1,<environment.Job instance at 0x7faffd2768c0>,23,14,[5 4],24,37,51,13,24
1,<environment.Job instance at 0x7faffd2765a0>,26,15,[5 5],27,46,61,19,46
1,<environment.Job instance at 0x7faffd2ba8c0>,30,18,[2 9],31,61,79,30,50
1,<environment.Job instance at 0x7faffd3bdeb0>,16,15,[10  5],17,79,94,62,76
1,<environment.Job instance at 0x7faffd2bc280>,46,2,[10  2],47,94,96,47,76
1,<environment.Job instance at 0x7faffd2f5fa0>,51,14,[ 5 10],52,103,117,51,103
1,<environment.Job instance at 0x7faffd2f51e0>,52,17,[5 8],53,117,134,64,108
1,<environment.Job instance at 0x7fd8da71f0f0>,0,13,[9 3],1,1,14,0,1
1,<environment.Job instance at 0x7fd8d53104b0>,8,13,[5 5],9,14,27,5,12
1,<environment.Job instance at 0x7fd8d5310e10>,17,3,[4 9],18,27,30,9,26
1,<environment.Job instance at 0x7fd8d5310cd0>,15,18,[2 8],16,30,48,14,26
1,<environment.Job instance at 0x7fd8d5315230>,21,1,[6 5],22,48,49,26,27
1,<environment.Job instance at 0x7fd8d5315190>,22,1,[2 7],23,49,50,26,27
1,<environment.Job instance at 0x7fd8d5315320>,24,18,[2 6],25,50,68,25,40
1,<environment.Job instance at 0x7fd8d5310a50>,12,26,[ 1 10],13,68,94,55,66
1,<environment.Job instance at 0x7fd8d5312230>,37,2,[2 6],38,94,96,56,69
1,<environment.Job instance at 0x7fd8d5312370>,39,2,[5 6],40,96,98,56,73
1,<environment.Job instance at 0x7fd8d53127d0>,43,18,[5 5],44,98,116,54,87
1,<environment.Job instance at 0x7fd8d5312be0>,49,16,[2 5],50,104,120,54,104
1,<environment.Job instance at 0x7fd8d5312fa0>,53,17,[5 7],54,120,137,66,119
1,<environment.Job instance at 0x7fd8da89a6e0>,7,22,[4 5],8,8,30,0,8
1,<environment.Job instance at 0x7fd8da895c80>,13,16,[ 3 10],14,30,46,16,23
1,<environment.Job instance at 0x7fd8da890190>,26,17,[1 7],27,56,73,29,56
1,<environment.Job instance at 0x7fd8da890820>,29,12,[4 9],30,73,85,43,66
1,<environment.Job instance at 0x7fd8da88c640>,34,14,[8 4],35,85,99,50,74
1,<environment.Job instance at 0x7fd8da88c6e0>,37,3,[4 5],38,99,102,61,75
1,<environment.Job instance at 0x7fd8da746280>,39,2,[4 9],40,102,104,62,85
1,<environment.Job instance at 0x7fd8da7461e0>,41,15,[1 7],42,104,119,62,92
1,<environment.Job instance at 0x7fd8da7466e0>,48,19,[6 4],49,119,138,70,110
1,<environment.Job instance at 0x7fd8d51202d0>,2,2,[9 3],3,3,5,0,3
1,<environment.Job instance at 0x7fd8d51200f0>,0,24,[ 1 10],1,5,29,4,4
1,<environment.Job instance at 0x7fd8d51201e0>,7,2,[4 5],8,29,31,21,14
1,<environment.Job instance at 0x7fd88f618410>,8,18,[4 6],9,31,49,22,21
1,<environment.Job instance at 0x7fd8d5154780>,20,25,[ 3 10],21,54,79,33,54
1,<environment.Job instance at 0x7fd88f5c1190>,38,13,[5 1],39,79,92,40,70
1,<environment.Job instance at 0x7fd8d9cfc500>,0,27,[ 5 10],1,2,29,1,2
1,<environment.Job instance at 0x7fd8d5420460>,10,2,[1 7],11,29,31,18,12
1,<environment.Job instance at 0x7fd8d5626eb0>,14,1,[3 8],15,31,32,16,17
1,<environment.Job instance at 0x7fd8d9c629b0>,17,1,[5 5],18,32,33,14,20
1,<environment.Job instance at 0x7fd88f6eef50>,20,14,[7 5],21,33,47,12,21
1,<environment.Job instance at 0x7fd88fac8320>,29,3,[5 5],30,47,50,17,32
1,<environment.Job instance at 0x7fd88f5c1280>,31,3,[9 4],32,50,53,18,37
1,<environment.Job instance at 0x7fd88f5c1c80>,32,1,[7 4],33,53,54,20,39
1,<environment.Job instance at 0x7fd88f5c1910>,34,17,[7 2],35,54,71,19,45
1,<environment.Job instance at 0x7fd88fa7a870>,40,2,[10  2],41,71,73,30,57
1,<environment.Job instance at 0x7fd88f59a8c0>,42,19,[8 2],43,73,92,30,63
1,<environment.Job instance at 0x7fd88faecaf0>,53,1,[1 7],54,89,90,35,89
1,<environment.Job instance at 0x7fd88f6ec500>,55,13,[ 1 10],56,92,105,36,90
1,<environment.Job instance at 0x7fd88f6e3f00>,57,2,[6 4],58,105,107,47,90
1,<environment.Job instance at 0x7fd88f6e3c30>,58,14,[4 6],59,105,119,46,91
1,<environment.Job instance at 0x7fd88fa80640>,61,12,[5 5],62,119,131,57,102
1,<environment.Job instance at 0x7fd88f6a8e10>,50,18,[3 5],51,119,137,68,108
1,<environment.Job instance at 0x7fd88f691c80>,69,1,[ 3 10],70,137,138,67,112
1,<environment.Job instance at 0x7fd88f691a00>,72,1,[ 5 10],73,138,139,65,119
1,<environment.Job instance at 0x7fd88f691640>,1,13,[5 5],2,4,17,2,4
1,<environment.Job instance at 0x7fd8d512d7d0>,4,16,[10  3],5,17,33,12,5
1,<environment.Job instance at 0x7fd88fcd6410>,18,3,[5 8],19,33,36,14,19
1,<environment.Job instance at 0x7fd8d5188b40>,17,18,[5 1],18,33,51,15,22
1,<environment.Job instance at 0x7fd88fca0280>,21,13,[5 3],22,36,49,14,23
1,<environment.Job instance at 0x7fd88fcc5e60>,31,16,[6 5],32,51,67,19,40
1,<environment.Job instance at 0x7fd8d512d230>,13,13,[6 5],14,67,80,53,58
1,<environment.Job instance at 0x7fd88fcb78c0>,35,12,[2 9],36,80,92,44,64
1,<environment.Job instance at 0x7fd88fcb7d20>,41,18,[8 4],42,92,110,50,85
1,<environment.Job instance at 0x7fd88fcafb90>,54,14,[7 1],55,110,124,55,95
1,<environment.Job instance at 0x7fd88fcb6b90>,47,22,[1 7],48,110,132,62,107
1,<environment.Job instance at 0x7fd8da0f9410>,14,15,[9 1],15,16,31,1,16
1,<environment.Job instance at 0x7fd8da0f9140>,21,3,[5 5],22,31,34,9,22
1,<environment.Job instance at 0x7fd8da0f98c0>,17,1,[9 4],18,34,35,16,23
1,<environment.Job instance at 0x7fd8da0f9aa0>,24,2,[10  3],25,35,37,10,26
1,<environment.Job instance at 0x7fd8da0f9b40>,23,20,[5 4],24,37,57,13,29
1,<environment.Job instance at 0x7fd88fbf94b0>,34,15,[10  3],35,57,72,22,43
1,<environment.Job instance at 0x7fd88fc135a0>,43,17,[8 5],44,76,93,32,76
1,<environment.Job instance at 0x7fd88fc13050>,49,18,[7 3],50,106,124,56,106
1,<environment.Job instance at 0x7fd88fa4a870>,55,13,[2 6],56,114,127,58,114
1,<environment.Job instance at 0x7fd8d521dfa0>,0,28,[5 6],1,1,29,0,1
1,<environment.Job instance at 0x7fd8d56b47d0>,8,1,[6 1],9,29,30,20,9
1,<environment.Job instance at 0x7fd8d56b42d0>,9,15,[5 2],10,11,26,1,11
1,<environment.Job instance at 0x7fd8da14e8c0>,11,14,[7 1],12,30,44,18,20
1,<environment.Job instance at 0x7fd8d52385a0>,17,14,[4 7],18,44,58,26,29
1,<environment.Job instance at 0x7fd8da1bd460>,20,16,[5 1],21,46,62,25,46
1,<environment.Job instance at 0x7fd88fbab410>,25,12,[8 1],26,62,74,36,55
1,<environment.Job instance at 0x7fd88fbbca00>,27,18,[10  5],28,74,92,46,65
1,<environment.Job instance at 0x7fd8d526e8c0>,38,14,[1 7],39,92,106,53,81
1,<environment.Job instance at 0x7fd8d563be60>,45,13,[1 5],46,106,119,60,93
1,<environment.Job instance at 0x7fd8d9b0f5f0>,22,17,[4 5],23,106,123,83,95
1,<environment.Job instance at 0x7fd88f795d70>,51,13,[5 8],52,123,136,71,113
1,<environment.Job instance at 0x7fd88f795be0>,1,13,[ 3 10],2,2,15,0,2
1,<environment.Job instance at 0x7fd88f7745f0>,3,13,[1 7],4,15,28,11,4
1,<environment.Job instance at 0x7fd88fa0d8c0>,5,23,[8 2],6,15,38,9,11
1,<environment.Job instance at 0x7fd88fa131e0>,16,3,[8 5],17,38,41,21,18
1,<environment.Job instance at 0x7fd88fa13f50>,30,15,[4 9],31,52,67,21,52
1,<environment.Job instance at 0x7fd88fa13d20>,31,15,[7 5],32,67,82,35,54
1,<environment.Job instance at 0x7fd88fa164b0>,36,17,[9 3],37,82,99,45,70
1,<environment.Job instance at 0x7fd88fa16960>,42,13,[6 5],43,99,112,56,84
1,<environment.Job instance at 0x7fd88fa13820>,19,16,[ 4 10],20,112,128,92,101
1,<environment.Job instance at 0x7fd8d5292640>,54,15,[7 5],55,128,143,73,114
1,<environment.Job instance at 0x7fd8d52599b0>,6,1,[2 5],7,8,9,1,8
1,<environment.Job instance at 0x7fd88fb270f0>,0,18,[9 2],1,9,27,8,9
1,<environment.Job instance at 0x7fd88faadb90>,14,12,[1 8],15,15,27,0,15
1,<environment.Job instance at 0x7fd88f95df50>,11,12,[6 3],12,27,39,15,21
1,<environment.Job instance at 0x7fd8d9d6f7d0>,19,13,[7 5],20,39,52,19,23
1,<environment.Job instance at 0x7fd88f978be0>,24,19,[9 1],25,52,71,27,45
1,<environment.Job instance at 0x7fd88fcb2370>,33,13,[3 7],34,71,84,37,57
1,<environment.Job instance at 0x7fd88fcb2cd0>,36,3,[8 3],37,84,87,47,58
1,<environment.Job instance at 0x7fd8d9ca70f0>,47,22,[6 1],48,87,109,39,82
1,<environment.Job instance at 0x7fd8d9c9c4b0>,56,12,[7 5],57,115,127,58,115
1,<environment.Job instance at 0x7fd8d50959b0>,4,22,[5 8],5,5,27,0,5
1,<environment.Job instance at 0x7fd8d5095050>,8,15,[1 8],9,27,42,18,26
1,<environment.Job instance at 0x7fd8da0e46e0>,26,14,[7 5],27,42,56,15,30
1,<environment.Job instance at 0x7fd88f81ad70>,32,1,[3 9],33,56,57,23,37
1,<environment.Job instance at 0x7fd8d50c82d0>,23,14,[4 8],24,57,71,33,42
1,<environment.Job instance at 0x7fd8d9d80960>,47,3,[8 3],48,78,81,30,78
1,<environment.Job instance at 0x7fd88fa89a50>,50,2,[9 4],51,81,83,30,80
1,<environment.Job instance at 0x7fd88fa895a0>,51,1,[3 8],52,83,84,31,81
1,<environment.Job instance at 0x7fd88fa89190>,52,18,[9 2],53,84,102,31,81
1,<environment.Job instance at 0x7fd8d562cb40>,45,20,[10  3],46,102,122,56,95
1,<environment.Job instance at 0x7fd88f90bd70>,65,12,[8 3],66,122,134,56,109
1,<environment.Job instance at 0x7fd8d9c3dfa0>,0,2,[2 6],1,1,3,0,1
1,<environment.Job instance at 0x7fd8d5470fa0>,5,18,[ 2 10],6,7,25,1,7
1,<environment.Job instance at 0x7fd8d54674b0>,10,16,[4 8],11,25,41,14,12
1,<environment.Job instance at 0x7fd8d5467a50>,16,1,[9 3],17,41,42,24,18
1,<environment.Job instance at 0x7fd8d5467780>,14,15,[5 3],15,42,57,27,32
1,<environment.Job instance at 0x7fd8d5476820>,30,12,[ 5 10],31,57,69,26,46
1,<environment.Job instance at 0x7fd8d5476b90>,32,15,[1 6],33,69,84,36,64
1,<environment.Job instance at 0x7fd8d5476aa0>,33,26,[1 8],34,84,110,50,81
1,<environment.Job instance at 0x7fd8d5471a50>,52,14,[6 3],53,110,124,57,102
1,<environment.Job instance at 0x7fd8d5471870>,50,17,[4 7],51,110,127,59,104
1,<environment.Job instance at 0x7fd8d5471eb0>,59,1,[10  2],60,127,128,67,111
1,<environment.Job instance at 0x7fd8d5476be0>,1,18,[4 9],2,2,20,0,2
1,<environment.Job instance at 0x7fd8d9c0d410>,5,16,[2 7],6,20,36,14,9
1,<environment.Job instance at 0x7fd8da0ea500>,17,18,[6 4],18,36,54,18,30
1,<environment.Job instance at 0x7fd8d54310f0>,22,3,[2 6],23,36,39,13,33
1,<environment.Job instance at 0x7fd8d9c0d2d0>,13,18,[6 3],14,54,72,40,48
1,<environment.Job instance at 0x7fd89c165870>,34,1,[2 5],35,60,61,25,60
1,<environment.Job instance at 0x7fd8d9f70f00>,44,14,[9 5],45,98,112,53,98
1,<environment.Job instance at 0x7fd8d9f70fa0>,46,16,[3 8],47,112,128,65,99
1,<environment.Job instance at 0x7fd8d5300fa0>,7,13,[5 5],8,8,21,0,8
1,<environment.Job instance at 0x7fd8d51b6eb0>,13,3,[6 1],14,21,24,7,15
1,<environment.Job instance at 0x7fd8d51b6c30>,16,16,[ 5 10],17,24,40,7,23
1,<environment.Job instance at 0x7fd8d51b6f50>,19,2,[4 5],20,40,42,20,23
1,<environment.Job instance at 0x7fd88fb4d460>,25,15,[5 1],26,40,55,14,27
1,<environment.Job instance at 0x7fd88fb4d910>,24,12,[3 9],25,42,54,17,27
1,<environment.Job instance at 0x7fd88fb4d550>,33,15,[8 4],34,55,70,21,47
1,<environment.Job instance at 0x7fd8da047460>,38,12,[1 6],39,54,66,15,54
1,<environment.Job instance at 0x7fd8d56c6f50>,45,17,[4 9],46,71,88,25,71
1,<environment.Job instance at 0x7fd8d51b6320>,12,18,[ 5 10],13,88,106,75,79
1,<environment.Job instance at 0x7fd8d9d194b0>,54,1,[6 5],55,106,107,51,93
1,<environment.Job instance at 0x7fd8d9d19e60>,53,25,[9 3],54,107,132,53,105
1,<environment.Job instance at 0x7fd88fa9ad70>,59,2,[5 9],60,132,134,72,119
1,<environment.Job instance at 0x7fd8d9d191e0>,55,13,[6 4],56,134,147,78,119
1,<environment.Job instance at 0x7fd8d50db820>,2,18,[7 3],3,3,21,0,3
1,<environment.Job instance at 0x7fd8d56cccd0>,5,16,[5 7],6,21,37,15,9
1,<environment.Job instance at 0x7fd8d56d5190>,20,14,[6 1],21,37,51,16,33
1,<environment.Job instance at 0x7fd8da00eb90>,22,17,[3 8],23,37,54,14,36
1,<environment.Job instance at 0x7fd8da01b6e0>,31,15,[3 9],32,57,72,25,57
1,<environment.Job instance at 0x7fd8d9ec8af0>,41,23,[7 5],42,72,95,30,68
1,<environment.Job instance at 0x7fd88fabb640>,53,18,[10  5],54,108,126,54,108
1,<environment.Job instance at 0x7fd88f63b2d0>,56,16,[3 6],57,126,142,69,113
1,<environment.Job instance at 0x7fd8da0e6c80>,0,26,[5 7],1,2,28,1,2
1,<environment.Job instance at 0x7fd8d5774f50>,11,12,[8 3],12,28,40,16,12
1,<environment.Job instance at 0x7fd88fc317d0>,27,14,[8 3],28,62,76,34,62
1,<environment.Job instance at 0x7fd88fc31c80>,28,14,[7 5],29,76,90,47,62
1,<environment.Job instance at 0x7fd88f6b45a0>,34,18,[3 8],35,118,136,83,118
1,<environment.Job instance at 0x7fd88f6b4820>,1,17,[3 6],2,2,19,0,2
1,<environment.Job instance at 0x7fd88fad9fa0>,2,17,[ 4 10],3,19,36,16,7
1,<environment.Job instance at 0x7fd8d9ba5500>,14,17,[6 1],15,36,53,21,27
1,<environment.Job instance at 0x7fd88f46ca00>,24,23,[2 9],25,36,59,11,35
1,<environment.Job instance at 0x7fd8d57dc4b0>,31,17,[6 1],32,53,70,21,42
1,<environment.Job instance at 0x7fd8d57dcdc0>,33,15,[5 8],34,70,85,36,63
1,<environment.Job instance at 0x7fd88f47dd70>,44,2,[8 1],45,85,87,40,81
1,<environment.Job instance at 0x7fd88f46c230>,25,18,[5 3],26,87,105,61,81
1,<environment.Job instance at 0x7fd8d57dca00>,39,28,[4 8],40,106,134,66,106
1,<environment.Job instance at 0x7fd88f3d5dc0>,61,1,[9 1],62,134,135,72,107
1,<environment.Job instance at 0x7fd88f2ea870>,67,12,[10  4],68,135,147,67,118
1,<environment.Job instance at 0x7fd88fbee460>,2,18,[10  3],3,3,21,0,3
1,<environment.Job instance at 0x7fd88fcceb40>,11,1,[3 9],12,21,22,9,12
1,<environment.Job instance at 0x7fd8d5402370>,15,1,[5 9],16,22,23,6,17
1,<environment.Job instance at 0x7fd8d5402730>,17,18,[1 8],18,23,41,5,18
1,<environment.Job instance at 0x7fd88f889230>,23,17,[10  3],24,41,58,17,29
1,<environment.Job instance at 0x7fd88f4103c0>,33,27,[5 6],34,58,85,24,58
1,<environment.Job instance at 0x7fd88f3ed690>,39,2,[1 6],40,85,87,45,60
1,<environment.Job instance at 0x7fd88f3ed5a0>,43,13,[6 5],44,87,100,43,74
1,<environment.Job instance at 0x7fd88f7a93c0>,49,17,[7 5],50,100,117,50,90
1,<environment.Job instance at 0x7fd88f7a9140>,52,13,[1 8],53,117,130,64,105
1,<environment.Job instance at 0x7fd8d52b12d0>,3,17,[6 4],4,4,21,0,4
1,<environment.Job instance at 0x7fd8d57a9780>,11,3,[7 5],12,21,24,9,12
1,<environment.Job instance at 0x7fd88f5c0960>,9,2,[2 5],10,15,17,5,15
1,<environment.Job instance at 0x7fd8d57a9f00>,10,13,[1 5],11,17,30,6,15
1,<environment.Job instance at 0x7fd8d5585cd0>,17,14,[7 4],18,24,38,6,19
1,<environment.Job instance at 0x7fd88f907050>,22,14,[7 5],23,38,52,15,25
1,<environment.Job instance at 0x7fd88f907230>,21,22,[9 1],22,52,74,30,46
1,<environment.Job instance at 0x7fd88f51af50>,33,15,[5 7],34,74,89,40,62
1,<environment.Job instance at 0x7fd88facfeb0>,38,15,[2 6],39,89,104,50,77
1,<environment.Job instance at 0x7fd88facf0a0>,44,2,[6 5],45,104,106,59,90
1,<environment.Job instance at 0x7fd88facffa0>,41,14,[4 8],42,106,120,64,99
1,<environment.Job instance at 0x7fd8d5596460>,59,17,[4 6],60,120,137,60,115
1,<environment.Job instance at 0x7fd8d519f050>,3,19,[3 9],4,4,23,0,4
1,<environment.Job instance at 0x7fd88f31d550>,7,14,[5 6],8,23,37,15,12
1,<environment.Job instance at 0x7fd88fbb8780>,20,18,[8 3],21,37,55,16,29
1,<environment.Job instance at 0x7fd88fbb8410>,27,20,[1 5],28,37,57,9,32
1,<environment.Job instance at 0x7fd8d532c0a0>,29,27,[3 5],30,55,82,25,53
1,<environment.Job instance at 0x7fd8d532c460>,34,15,[7 4],35,57,72,22,55
1,<environment.Job instance at 0x7fd88f2984b0>,41,12,[8 5],42,82,94,40,76
1,<environment.Job instance at 0x7fd88f298dc0>,46,13,[5 4],47,94,107,47,86
1,<environment.Job instance at 0x7fd88f298730>,44,18,[3 5],45,95,113,50,95
1,<environment.Job instance at 0x7fd88f2987d0>,50,12,[8 3],51,113,125,62,98
1,<environment.Job instance at 0x7fd88f298870>,52,14,[ 3 10],53,125,139,72,112
1,<environment.Job instance at 0x7fd88fcbb5f0>,4,3,[7 5],5,5,8,0,5
1,<environment.Job instance at 0x7fd88f31cdc0>,5,2,[5 6],6,8,10,2,8
1,<environment.Job instance at 0x7fd88f755820>,10,17,[10  2],11,12,29,1,12
1,<environment.Job instance at 0x7fd88fbd6140>,16,17,[5 8],17,29,46,12,20
1,<environment.Job instance at 0x7fd8d55aca50>,21,3,[7 4],22,46,49,24,32
1,<environment.Job instance at 0x7fd8d9ee2640>,24,16,[9 5],25,49,65,24,49
1,<environment.Job instance at 0x7fd8d9ee2b90>,28,2,[10  3],29,65,67,36,50
1,<environment.Job instance at 0x7fd88f2a0d70>,31,1,[6 5],32,67,68,35,53
1,<environment.Job instance at 0x7fd8d56755a0>,29,18,[1 9],30,68,86,38,58
1,<environment.Job instance at 0x7fd8d55bcf00>,34,1,[10  1],35,86,87,51,61
1,<environment.Job instance at 0x7fd8d55bccd0>,35,3,[5 5],36,87,90,51,61
1,<environment.Job instance at 0x7fd88f2a0780>,32,13,[5 1],33,68,81,35,63
1,<environment.Job instance at 0x7fd8d55bc460>,40,1,[10  2],41,90,91,49,71
1,<environment.Job instance at 0x7fd8d55bc500>,43,2,[2 7],44,91,93,47,75
1,<environment.Job instance at 0x7fd8d55bc280>,36,14,[ 3 10],37,93,107,56,78
1,<environment.Job instance at 0x7fd8d55b10a0>,51,2,[ 1 10],52,107,109,55,93
1,<environment.Job instance at 0x7fd8d55b1af0>,49,18,[6 3],50,109,127,59,99
1,<environment.Job instance at 0x7fd8d5593550>,59,19,[2 5],60,111,130,51,111
1,<environment.Job instance at 0x7fd8d5593dc0>,58,3,[8 5],59,127,130,68,111
1,<environment.Job instance at 0x7fd8d55939b0>,62,2,[7 5],63,130,132,67,114
1,<environment.Job instance at 0x7f757e2761e0>,0,13,[9 3],1,1,14,0,1
1,<environment.Job instance at 0x7f7578e66190>,4,14,[1 6],5,5,19,0,5
1,<environment.Job instance at 0x7f7578e663c0>,6,20,[6 1],7,14,34,7,9
1,<environment.Job instance at 0x7f7578e66b90>,19,14,[3 5],20,38,52,18,38
1,<environment.Job instance at 0x7f7578e6a550>,26,3,[3 7],27,52,55,25,47
1,<environment.Job instance at 0x7f7578e66b40>,13,18,[ 4 10],14,55,73,41,47
1,<environment.Job instance at 0x7f7578e6a4b0>,25,12,[ 5 10],26,73,85,47,59
1,<environment.Job instance at 0x7f7578e66960>,10,12,[3 7],11,85,97,74,68
1,<environment.Job instance at 0x7f7578e6ac30>,37,2,[2 6],38,97,99,59,86
1,<environment.Job instance at 0x7f7578e6d410>,41,1,[5 2],42,94,95,52,94
1,<environment.Job instance at 0x7f7578e6d690>,44,3,[5 5],45,103,106,58,103
1,<environment.Job instance at 0x7f7578e6d730>,45,13,[6 5],46,106,119,60,105
1,<environment.Job instance at 0x7f7578e6d550>,43,18,[5 5],44,119,137,75,108
1,<environment.Job instance at 0x7f7578e6db40>,49,16,[2 5],50,108,124,58,108
1,<environment.Job instance at 0x7f7578e73050>,0,15,[8 3],1,1,16,0,1
1,<environment.Job instance at 0x7f757e3dd9b0>,3,16,[ 3 10],4,16,32,12,4
1,<environment.Job instance at 0x7f757e3f1550>,16,17,[1 7],17,32,49,15,21
1,<environment.Job instance at 0x7f757e3e7c30>,23,3,[1 9],24,49,52,25,32
1,<environment.Job instance at 0x7f757e3e7820>,27,3,[4 5],28,52,55,24,37
1,<environment.Job instance at 0x7f757e3e74b0>,22,14,[1 8],23,55,69,32,40
1,<environment.Job instance at 0x7f757e29de10>,38,19,[6 4],39,69,88,30,60
1,<environment.Job instance at 0x7f757e3e7140>,24,14,[8 4],25,88,102,63,77
1,<environment.Job instance at 0x7f757e3f02d0>,51,13,[8 5],52,102,115,50,92
1,<environment.Job instance at 0x7f7578d891e0>,47,21,[ 3 10],48,115,136,67,110
1,<environment.Job instance at 0x7f757e3e0aa0>,62,3,[10  2],63,136,139,73,115
1,<environment.Job instance at 0x7f753310e2d0>,7,13,[9 2],8,9,22,1,9
1,<environment.Job instance at 0x7f75330c7870>,15,1,[8 1],16,22,23,6,16
1,<environment.Job instance at 0x7f7578c32af0>,18,13,[5 1],19,23,36,4,19
1,<environment.Job instance at 0x7f7578bd4d20>,19,2,[10  2],20,36,38,16,21
1,<environment.Job instance at 0x7f753310e1e0>,8,15,[3 6],9,38,53,29,26
1,<environment.Job instance at 0x7f7533172c30>,23,2,[7 3],24,38,40,14,26
1,<environment.Job instance at 0x7f75330ae2d0>,29,28,[5 3],30,40,68,10,39
1,<environment.Job instance at 0x7f753318bc80>,37,14,[ 1 10],38,68,82,30,55
1,<environment.Job instance at 0x7f753318b7d0>,44,17,[9 4],45,82,99,37,78
1,<environment.Job instance at 0x7f753318bd70>,48,17,[3 6],49,99,116,50,87
1,<environment.Job instance at 0x7f7533126cd0>,54,15,[5 1],55,99,114,44,94
1,<environment.Job instance at 0x7f7578c244b0>,64,12,[5 9],65,116,128,51,116
1,<environment.Job instance at 0x7f7579087c80>,66,15,[2 7],67,128,143,61,117
1,<environment.Job instance at 0x7f7578ed4190>,0,18,[9 5],1,1,19,0,1
1,<environment.Job instance at 0x7f7578f246e0>,7,15,[2 9],8,19,34,11,8
1,<environment.Job instance at 0x7f75330f1d70>,28,14,[4 6],29,34,48,5,34
1,<environment.Job instance at 0x7f7578fd5c80>,29,15,[10  2],30,48,63,18,34
1,<environment.Job instance at 0x7f753310ebe0>,35,14,[7 4],36,63,77,27,60
1,<environment.Job instance at 0x7f753310e3c0>,41,13,[4 5],42,77,90,35,67
1,<environment.Job instance at 0x7f75332721e0>,48,16,[6 3],49,81,97,32,81
1,<environment.Job instance at 0x7f7533267820>,49,14,[5 7],50,97,111,47,82
1,<environment.Job instance at 0x7f753315cdc0>,53,14,[2 7],54,111,125,57,96
1,<environment.Job instance at 0x7f753329e5a0>,1,18,[8 4],2,3,21,1,3
1,<environment.Job instance at 0x7f7578d08c30>,6,16,[5 5],7,21,37,14,12
1,<environment.Job instance at 0x7f75792c3320>,24,1,[5 7],25,37,38,12,32
1,<environment.Job instance at 0x7f75334f96e0>,15,25,[6 3],16,38,63,22,37
1,<environment.Job instance at 0x7f75792d2910>,32,18,[5 1],33,63,81,30,53
1,<environment.Job instance at 0x7f75792ccaf0>,40,14,[3 6],41,71,85,30,71
1,<environment.Job instance at 0x7f75792cc280>,42,15,[1 6],43,85,100,42,75
1,<environment.Job instance at 0x7f75792c97d0>,45,17,[7 1],46,81,98,35,75
1,<environment.Job instance at 0x7f75792c9c80>,49,14,[10  1],50,100,114,50,93
1,<environment.Job instance at 0x7f75792c9dc0>,52,18,[5 5],53,114,132,61,108
1,<environment.Job instance at 0x7f753349b8c0>,58,21,[5 8],59,132,153,73,124
1,<environment.Job instance at 0x7f7578c81fa0>,0,16,[9 2],1,2,18,1,2
1,<environment.Job instance at 0x7f7533755b40>,5,13,[2 6],6,18,31,12,6
1,<environment.Job instance at 0x7f7533755460>,9,3,[ 5 10],10,31,34,21,10
1,<environment.Job instance at 0x7f7533595140>,13,16,[6 5],14,34,50,20,21
1,<environment.Job instance at 0x7f7578d3f910>,29,13,[3 6],30,50,63,20,49
1,<environment.Job instance at 0x7f7578d3fd70>,31,14,[4 6],32,63,77,31,49
1,<environment.Job instance at 0x7f753358ba50>,41,17,[10  4],42,77,94,35,72
1,<environment.Job instance at 0x7f753358baa0>,44,14,[7 4],45,94,108,49,79
1,<environment.Job instance at 0x7f753358ba00>,47,18,[3 6],48,94,112,46,93
1,<environment.Job instance at 0x7f757b828230>,54,18,[4 7],55,112,130,57,103
1,<environment.Job instance at 0x7f7578f3ee10>,4,15,[ 2 10],5,5,20,0,5
1,<environment.Job instance at 0x7f7578f3e6e0>,5,16,[4 6],6,20,36,14,8
1,<environment.Job instance at 0x7f75791364b0>,15,17,[7 4],16,36,53,20,24
1,<environment.Job instance at 0x7f757b624f00>,30,13,[9 3],31,53,66,22,50
1,<environment.Job instance at 0x7f7578d978c0>,31,16,[2 7],32,66,82,34,54
1,<environment.Job instance at 0x7f7533516780>,38,2,[2 7],39,82,84,43,73
1,<environment.Job instance at 0x7f7533516f50>,39,2,[4 6],40,84,86,44,73
1,<environment.Job instance at 0x7f7533516870>,40,16,[2 8],41,86,102,45,75
1,<environment.Job instance at 0x7f7578df7050>,37,25,[9 4],38,102,127,64,99
1,<environment.Job instance at 0x7f757b9892d0>,51,18,[9 3],52,127,145,75,116
1,<environment.Job instance at 0x7f757b59ca50>,3,15,[4 9],4,5,20,1,5
1,<environment.Job instance at 0x7f753334fdc0>,6,12,[9 4],7,20,32,13,7
1,<environment.Job instance at 0x7f753333d550>,14,1,[10  4],15,32,33,17,19
1,<environment.Job instance at 0x7f753333d5f0>,15,12,[5 9],16,33,45,17,23
1,<environment.Job instance at 0x7f75333621e0>,27,16,[3 5],28,45,61,17,37
1,<environment.Job instance at 0x7f7533362870>,33,18,[ 2 10],34,61,79,27,52
1,<environment.Job instance at 0x7f7533362fa0>,38,15,[8 3],39,79,94,40,65
1,<environment.Job instance at 0x7f7533367910>,47,1,[6 3],48,94,95,46,82
1,<environment.Job instance at 0x7f75333679b0>,48,19,[7 1],49,95,114,46,89
1,<environment.Job instance at 0x7f75333641e0>,59,18,[1 5],60,127,145,67,127
1,<environment.Job instance at 0x7f7533364320>,61,12,[6 3],62,127,139,65,127
1,<environment.Job instance at 0x7f7578ebe2d0>,4,15,[8 1],5,6,21,1,6
1,<environment.Job instance at 0x7f7578ebec80>,7,15,[3 9],8,21,36,13,8
1,<environment.Job instance at 0x7f75333da280>,20,14,[2 6],21,36,50,15,26
1,<environment.Job instance at 0x7f753339eb90>,22,2,[6 3],23,36,38,13,27
1,<environment.Job instance at 0x7f7533724780>,27,18,[5 5],28,50,68,22,40
1,<environment.Job instance at 0x7f75333ce550>,29,3,[2 9],30,68,71,38,53
1,<environment.Job instance at 0x7f75333ce870>,30,3,[9 2],31,71,74,40,53
1,<environment.Job instance at 0x7f75333cea50>,31,3,[2 9],32,74,77,42,59
1,<environment.Job instance at 0x7f7578e24dc0>,35,18,[5 8],36,77,95,41,70
1,<environment.Job instance at 0x7f757b878460>,43,1,[5 5],44,95,96,51,89
1,<environment.Job instance at 0x7f753349b7d0>,44,22,[5 8],45,97,119,52,97
1,<environment.Job instance at 0x7f7578ebe140>,5,14,[5 7],6,119,133,113,106
1,<environment.Job instance at 0x7f757b9c1640>,47,18,[9 4],48,133,151,85,122
1,<environment.Job instance at 0x7f757b580870>,2,22,[5 4],3,3,25,0,3
1,<environment.Job instance at 0x7f757b4265f0>,8,17,[7 5],9,25,42,16,13
1,<environment.Job instance at 0x7f75333b6460>,12,15,[2 5],13,20,35,7,20
1,<environment.Job instance at 0x7f7578f87550>,18,2,[7 5],19,42,44,23,20
1,<environment.Job instance at 0x7f757b609e60>,11,16,[2 5],12,35,51,23,25
1,<environment.Job instance at 0x7f757b4266e0>,17,26,[10  5],18,51,77,33,49
1,<environment.Job instance at 0x7f75334c0370>,33,23,[1 7],34,77,100,43,71
1,<environment.Job instance at 0x7f757930d5a0>,39,17,[9 1],40,77,94,37,76
1,<environment.Job instance at 0x7f757930d3c0>,43,17,[ 4 10],44,100,117,56,95
1,<environment.Job instance at 0x7f757930df00>,44,15,[5 3],45,117,132,72,103
1,<environment.Job instance at 0x7f7533249a00>,58,2,[5 7],59,117,119,58,112
1,<environment.Job instance at 0x7f757e2990a0>,52,22,[5 3],53,119,141,66,116
1,<environment.Job instance at 0x7f757b5c4870>,2,16,[9 3],3,4,20,1,4
1,<environment.Job instance at 0x7f75330d6500>,8,13,[5 7],9,20,33,11,11
1,<environment.Job instance at 0x7f75330d6dc0>,17,15,[7 2],18,33,48,15,26
1,<environment.Job instance at 0x7f75330e0550>,22,18,[3 6],23,33,51,10,28
1,<environment.Job instance at 0x7f75330e0f50>,29,15,[6 5],30,51,66,21,43
1,<environment.Job instance at 0x7f75330d6b40>,11,28,[7 5],12,71,99,59,71
1,<environment.Job instance at 0x7f75330c4d70>,48,27,[1 7],49,105,132,56,105
1,<environment.Job instance at 0x7f75330c2370>,55,13,[3 7],56,132,145,76,117
1,<environment.Job instance at 0x7f75330c25a0>,1,22,[2 9],2,2,24,0,2
1,<environment.Job instance at 0x7f757930b9b0>,5,16,[8 5],6,24,40,18,12
1,<environment.Job instance at 0x7f7578dcc280>,20,12,[10  4],21,40,52,19,28
1,<environment.Job instance at 0x7f7578dcc320>,23,3,[6 1],24,52,55,28,29
1,<environment.Job instance at 0x7f753302ecd0>,30,1,[7 1],31,55,56,24,35
1,<environment.Job instance at 0x7f7578dcc9b0>,24,26,[10  2],25,56,82,31,53
1,<environment.Job instance at 0x7f7579217960>,50,16,[6 2],51,82,98,31,76
1,<environment.Job instance at 0x7f7579217e60>,53,21,[5 7],54,98,119,44,90
1,<environment.Job instance at 0x7f7578d2b730>,65,13,[6 4],66,123,136,57,123
1,<environment.Job instance at 0x7f75793290a0>,0,1,[4 9],1,1,2,0,1
1,<environment.Job instance at 0x7f75793298c0>,2,18,[7 3],3,3,21,0,3
1,<environment.Job instance at 0x7f7579329410>,3,13,[4 7],4,21,34,17,5
1,<environment.Job instance at 0x7f7578eec5f0>,13,13,[10  3],14,34,47,20,26
1,<environment.Job instance at 0x7f7578eecfa0>,18,2,[5 5],19,47,49,28,29
1,<environment.Job instance at 0x7f757b997a50>,21,2,[4 8],22,49,51,27,29
1,<environment.Job instance at 0x7f7578c5ce10>,28,3,[10  1],29,51,54,22,42
1,<environment.Job instance at 0x7f7578c5c7d0>,29,15,[8 4],30,54,69,24,42
1,<environment.Job instance at 0x7f757b8ff7d0>,34,2,[ 4 10],35,69,71,34,58
1,<environment.Job instance at 0x7f757b8ff780>,35,19,[8 1],36,71,90,35,61
1,<environment.Job instance at 0x7f7578eecb40>,9,23,[5 5],10,92,115,82,92
1,<environment.Job instance at 0x7f757912eaf0>,54,2,[1 7],55,115,117,60,96
1,<environment.Job instance at 0x7f757b965d70>,57,3,[9 2],58,115,118,57,102
1,<environment.Job instance at 0x7f757b9650f0>,60,2,[2 6],61,118,120,57,103
1,<environment.Job instance at 0x7f7578c74f00>,62,2,[2 8],63,120,122,57,103
1,<environment.Job instance at 0x7f7578c74140>,61,3,[5 8],62,122,125,60,103
1,<environment.Job instance at 0x7f757912e280>,53,18,[10  5],54,125,143,71,119
1,<environment.Job instance at 0x7f757b975230>,72,3,[9 3],73,143,146,70,123
1,<environment.Job instance at 0x7f757b975960>,1,12,[8 3],2,2,14,0,2
1,<environment.Job instance at 0x7f7532ef77d0>,2,26,[ 1 10],3,14,40,11,11
1,<environment.Job instance at 0x7f757b515190>,17,14,[8 3],18,40,54,22,27
1,<environment.Job instance at 0x7f7579258960>,27,2,[8 3],28,54,56,26,42
1,<environment.Job instance at 0x7f757924d3c0>,29,3,[ 4 10],30,56,59,26,44
1,<environment.Job instance at 0x7f757924dc30>,26,14,[3 9],27,59,73,32,50
1,<environment.Job instance at 0x7f757b661500>,33,1,[6 3],34,73,74,39,55
1,<environment.Job instance at 0x7f757b661c30>,35,1,[10  4],36,74,75,38,55
1,<environment.Job instance at 0x7f75330163c0>,38,14,[7 3],39,75,89,36,62
1,<environment.Job instance at 0x7f7533021c80>,39,1,[6 1],40,63,64,23,63
1,<environment.Job instance at 0x7f7532ff4c80>,31,17,[2 9],32,89,106,57,77
1,<environment.Job instance at 0x7f757ba9faa0>,49,15,[5 3],50,106,121,56,96
1,<environment.Job instance at 0x7f753367ac80>,52,18,[9 5],53,121,139,68,110
1,<environment.Job instance at 0x7f757b9f49b0>,1,17,[ 4 10],2,3,20,1,3
1,<environment.Job instance at 0x7f757b50fd70>,9,13,[6 1],10,20,33,10,10
1,<environment.Job instance at 0x7f757b996280>,14,2,[6 1],15,33,35,18,15
1,<environment.Job instance at 0x7f757b50f870>,16,1,[10  5],17,35,36,18,17
1,<environment.Job instance at 0x7f757906b730>,17,3,[10  3],18,36,39,18,18
1,<environment.Job instance at 0x7f757b9960a0>,15,3,[7 2],16,39,42,23,19
1,<environment.Job instance at 0x7f757b868c80>,4,23,[2 9],5,42,65,37,36
1,<environment.Job instance at 0x7f757b60f730>,30,1,[ 5 10],31,65,66,34,45
1,<environment.Job instance at 0x7f757b60f2d0>,31,1,[9 3],32,66,67,34,45
1,<environment.Job instance at 0x7f757929bfa0>,32,1,[1 7],33,66,67,33,49
1,<environment.Job instance at 0x7f7579283cd0>,33,1,[5 4],34,67,68,33,49
1,<environment.Job instance at 0x7f757929ba00>,29,15,[3 6],30,67,82,37,54
1,<environment.Job instance at 0x7f75792838c0>,35,2,[8 2],36,82,84,46,55
1,<environment.Job instance at 0x7f757b716a00>,40,2,[ 4 10],41,84,86,43,63
1,<environment.Job instance at 0x7f757b7165a0>,41,1,[9 1],42,86,87,44,66
1,<environment.Job instance at 0x7f757b716140>,43,3,[9 5],44,87,90,43,66
1,<environment.Job instance at 0x7f7533347d20>,45,16,[2 7],46,90,106,44,77
1,<environment.Job instance at 0x7f75335b9500>,51,2,[5 2],52,91,93,39,91
1,<environment.Job instance at 0x7f75335b9c80>,52,13,[1 7],53,106,119,53,92
1,<environment.Job instance at 0x7f75335b93c0>,50,13,[8 2],51,94,107,43,94
1,<environment.Job instance at 0x7f7578ec58c0>,56,20,[10  4],57,119,139,62,115
1,<environment.Job instance at 0x7f7532df29b0>,11,12,[10  1],12,13,25,1,13
1,<environment.Job instance at 0x7f7532e64140>,17,18,[4 5],18,25,43,7,24
1,<environment.Job instance at 0x7f7532df2a50>,3,27,[5 6],4,43,70,39,41
1,<environment.Job instance at 0x7f7532df7320>,29,17,[7 1],30,70,87,40,64
1,<environment.Job instance at 0x7f7532df7280>,36,15,[5 2],37,87,102,50,73
1,<environment.Job instance at 0x7f7532ecb050>,42,17,[3 8],43,89,106,46,89
1,<environment.Job instance at 0x7f7532ecb5f0>,44,28,[4 7],45,106,134,61,106
1,<environment.Job instance at 0x7f7532ecbdc0>,51,17,[5 4],52,134,151,82,124
1,<environment.Job instance at 0x7f753325f1e0>,9,28,[4 8],10,12,40,2,12
1,<environment.Job instance at 0x7f7533084410>,26,15,[10  5],27,40,55,13,31
1,<environment.Job instance at 0x7f7578f767d0>,34,15,[7 5],35,55,70,20,45
1,<environment.Job instance at 0x7f7533053a00>,49,20,[7 2],50,76,96,26,76
1,<environment.Job instance at 0x7f75330532d0>,50,16,[1 9],51,96,112,45,91
1,<environment.Job instance at 0x7f753303c280>,58,22,[ 3 10],59,112,134,53,109
1,<environment.Job instance at 0x7f75330375f0>,63,14,[5 7],64,134,148,70,128
1,<environment.Job instance at 0x7f757bb110a0>,6,13,[ 5 10],7,7,20,0,7
1,<environment.Job instance at 0x7f75334d5b90>,10,18,[6 1],11,20,38,9,11
1,<environment.Job instance at 0x7f7532f3bbe0>,19,15,[2 5],20,26,41,6,26
1,<environment.Job instance at 0x7f7578f01050>,28,14,[5 6],29,41,55,12,34
1,<environment.Job instance at 0x7f7533800460>,36,3,[5 3],37,38,41,1,38
1,<environment.Job instance at 0x7f7533800550>,39,3,[ 2 10],40,55,58,15,42
1,<environment.Job instance at 0x7f75336b83c0>,41,16,[4 9],42,58,74,16,45
1,<environment.Job instance at 0x7f753340b5a0>,45,1,[10  4],46,74,75,28,48
1,<environment.Job instance at 0x7f7578f22a50>,49,2,[7 1],50,75,77,25,61
1,<environment.Job instance at 0x7f753340bdc0>,47,13,[10  3],48,77,90,29,61
1,<environment.Job instance at 0x7f757b65e640>,52,1,[ 3 10],53,90,91,37,67
1,<environment.Job instance at 0x7f757b65e870>,54,2,[2 5],55,75,77,20,67
1,<environment.Job instance at 0x7f757b7642d0>,18,28,[9 5],19,91,119,72,90
1,<environment.Job instance at 0x7f75336bbdc0>,64,14,[5 5],65,119,133,54,105
1,<environment.Job instance at 0x7f7532f53cd0>,68,2,[4 9],69,133,135,64,117
1,<environment.Job instance at 0x7f7533660eb0>,8,17,[9 3],9,9,26,0,9
1,<environment.Job instance at 0x7f7533660690>,9,18,[2 7],10,26,44,16,20
1,<environment.Job instance at 0x7f757b49b460>,27,14,[10  2],28,44,58,16,35
1,<environment.Job instance at 0x7f75335a1460>,35,16,[3 7],36,58,74,22,56
1,<environment.Job instance at 0x7f75335a1e60>,39,13,[2 8],40,74,87,34,58
1,<environment.Job instance at 0x7f75335a1140>,43,1,[5 6],44,87,88,43,66
1,<environment.Job instance at 0x7f7532fa7dc0>,49,27,[ 5 10],50,90,117,40,90
1,<environment.Job instance at 0x7f75335a1500>,44,24,[4 8],45,117,141,72,112
1,<environment.Job instance at 0x7f7532df67d0>,58,14,[ 1 10],59,141,155,82,129
1,<environment.Job instance at 0x7f7578fc72d0>,5,27,[4 6],6,6,33,0,6
1,<environment.Job instance at 0x7f753375bc30>,13,15,[4 8],14,33,48,19,19
1,<environment.Job instance at 0x7f7532f0e820>,27,14,[6 2],28,37,51,9,37
1,<environment.Job instance at 0x7f7532f0e5f0>,28,1,[9 2],29,51,52,22,37
1,<environment.Job instance at 0x7f757b79bb40>,19,17,[9 4],20,52,69,32,45
1,<environment.Job instance at 0x7f7533708190>,37,17,[9 5],38,87,104,49,87
1,<environment.Job instance at 0x7f757b983c30>,40,1,[5 2],41,104,105,63,87
1,<environment.Job instance at 0x7f757b983320>,42,2,[4 7],43,104,106,61,87
1,<environment.Job instance at 0x7f757b7828c0>,41,3,[ 1 10],42,106,109,64,88
1,<environment.Job instance at 0x7f757b3e4320>,45,3,[ 4 10],46,109,112,63,88
1,<environment.Job instance at 0x7f757b3e4190>,46,18,[10  3],47,112,130,65,101
1,<environment.Job instance at 0x7f7578de8910>,60,13,[ 2 10],61,130,143,69,127
1,<environment.Job instance at 0x7f75337442d0>,62,13,[5 5],63,143,156,80,128
1,<environment.Job instance at 0x7fced18b60f0>,0,13,[9 3],1,1,14,0,1
1,<environment.Job instance at 0x7fced18b60a0>,3,3,[4 8],4,14,17,10,8
1,<environment.Job instance at 0x7fced0757870>,10,12,[3 7],11,17,29,6,11
1,<environment.Job instance at 0x7fced0757be0>,14,13,[7 3],15,26,39,11,26
1,<environment.Job instance at 0x7fced0757c80>,15,18,[2 8],16,39,57,23,30
1,<environment.Job instance at 0x7fced0757aa0>,12,26,[ 1 10],13,57,83,44,54
1,<environment.Job instance at 0x7fced075c1e0>,23,27,[1 6],24,83,110,59,81
1,<environment.Job instance at 0x7fced075d280>,40,15,[10  3],41,110,125,69,96
1,<environment.Job instance at 0x7fced075d910>,47,2,[6 5],48,125,127,77,114
1,<environment.Job instance at 0x7fced075d9b0>,48,15,[10  1],49,127,142,78,115
1,<environment.Job instance at 0x7fced075dbe0>,1,13,[5 6],2,2,15,0,2
1,<environment.Job instance at 0x7fced1a23500>,15,1,[9 1],16,16,17,0,16
1,<environment.Job instance at 0x7fced1a2a640>,16,1,[6 3],17,17,18,0,17
1,<environment.Job instance at 0x7fced1a2afa0>,18,14,[9 5],19,19,33,0,19
1,<environment.Job instance at 0x7fced1a2a9b0>,17,3,[4 5],18,33,36,15,19
1,<environment.Job instance at 0x7fced1a2a3c0>,19,2,[4 9],20,36,38,16,20
1,<environment.Job instance at 0x7fced1a27280>,23,15,[5 2],24,38,53,14,24
1,<environment.Job instance at 0x7fced1a27fa0>,22,3,[3 7],23,38,41,15,24
1,<environment.Job instance at 0x7fced1a31230>,30,2,[9 5],31,53,55,22,35
1,<environment.Job instance at 0x7fced1a31d70>,31,2,[5 5],32,41,43,9,35
1,<environment.Job instance at 0x7fced1a315f0>,28,19,[6 4],29,55,74,26,49
1,<environment.Job instance at 0x7fced1a309b0>,45,2,[5 2],46,74,76,28,52
1,<environment.Job instance at 0x7fced1a30690>,47,1,[2 9],48,76,77,28,52
1,<environment.Job instance at 0x7fced1a30a50>,49,12,[9 3],50,77,89,27,70
1,<environment.Job instance at 0x7fce867a0640>,56,14,[5 5],57,89,103,32,89
1,<environment.Job instance at 0x7fce866fad70>,62,14,[2 7],63,104,118,41,104
1,<environment.Job instance at 0x7fce866fa410>,63,14,[7 5],64,118,132,54,104
1,<environment.Job instance at 0x7fce86706eb0>,19,16,[9 4],20,20,36,0,20
1,<environment.Job instance at 0x7fce86706af0>,20,15,[8 2],21,36,51,15,22
1,<environment.Job instance at 0x7fce86730d70>,28,17,[3 6],29,51,68,22,50
1,<environment.Job instance at 0x7fce86864be0>,31,14,[8 2],32,68,82,36,53
1,<environment.Job instance at 0x7fce86854280>,45,12,[2 6],46,81,93,35,81
1,<environment.Job instance at 0x7fce868540f0>,46,15,[2 7],47,93,108,46,81
1,<environment.Job instance at 0x7fce8675fe10>,9,28,[5 3],10,83,111,73,83
1,<environment.Job instance at 0x7fce8674a8c0>,56,16,[ 5 10],57,111,127,54,108
1,<environment.Job instance at 0x7fce866fbd70>,60,15,[7 1],61,127,142,66,113
1,<environment.Job instance at 0x7fced12b25f0>,0,13,[5 6],1,1,14,0,1
1,<environment.Job instance at 0x7fce86d78c30>,2,12,[5 5],3,14,26,11,3
1,<environment.Job instance at 0x7fce86e35eb0>,11,13,[4 5],12,14,27,2,12
1,<environment.Job instance at 0x7fced05b0780>,21,14,[1 5],22,26,40,4,22
1,<environment.Job instance at 0x7fced08e7460>,19,14,[5 7],20,40,54,20,25
1,<environment.Job instance at 0x7fce868dedc0>,38,17,[7 4],39,58,75,19,58
1,<environment.Job instance at 0x7fce86c4aaf0>,42,18,[6 3],43,75,93,32,72
1,<environment.Job instance at 0x7fced18ddeb0>,50,15,[7 5],51,95,110,44,95
1,<environment.Job instance at 0x7fced085ecd0>,52,24,[ 3 10],53,110,134,57,105
1,<environment.Job instance at 0x7fce866fbd20>,2,15,[1 6],3,3,18,0,3
1,<environment.Job instance at 0x7fced055f780>,4,12,[4 6],5,18,30,13,7
1,<environment.Job instance at 0x7fced06e3460>,11,14,[10  4],12,30,44,18,15
1,<environment.Job instance at 0x7fced055f460>,9,14,[10  1],10,44,58,34,29
1,<environment.Job instance at 0x7fced1221af0>,15,15,[7 4],16,58,73,42,45
1,<environment.Job instance at 0x7fced1248e10>,28,1,[5 7],29,73,74,44,57
1,<environment.Job instance at 0x7fced0bcd0a0>,35,1,[8 2],36,74,75,38,65
1,<environment.Job instance at 0x7fced0b93fa0>,23,27,[9 3],24,75,102,51,73
1,<environment.Job instance at 0x7fced123a3c0>,43,1,[6 2],44,102,103,58,86
1,<environment.Job instance at 0x7fced123ab40>,46,12,[7 1],47,103,115,56,87
1,<environment.Job instance at 0x7fced121ffa0>,26,28,[1 7],27,108,136,81,108
1,<environment.Job instance at 0x7fced122e460>,61,3,[5 5],62,136,139,74,118
1,<environment.Job instance at 0x7fce86ad61e0>,62,13,[1 5],63,136,149,73,120
1,<environment.Job instance at 0x7fced0617960>,5,12,[5 6],6,6,18,0,6
1,<environment.Job instance at 0x7fced0617c80>,6,17,[5 5],7,18,35,11,7
1,<environment.Job instance at 0x7fced11f70f0>,22,3,[9 1],23,35,38,12,28
1,<environment.Job instance at 0x7fced11f7e10>,19,18,[9 5],20,38,56,18,28
1,<environment.Job instance at 0x7fced0e3fe60>,29,15,[5 2],30,56,71,26,53
1,<environment.Job instance at 0x7fced0e3f2d0>,31,14,[7 1],32,71,85,39,67
1,<environment.Job instance at 0x7fced1443910>,32,16,[9 4],33,85,101,52,74
1,<environment.Job instance at 0x7fced1443960>,39,1,[10  3],40,101,102,61,97
1,<environment.Job instance at 0x7fced1443640>,41,16,[ 2 10],42,102,118,60,98
1,<environment.Job instance at 0x7fced0dccfa0>,43,18,[ 1 10],44,118,136,74,107
1,<environment.Job instance at 0x7fced0dccd20>,49,1,[7 3],50,136,137,86,132
1,<environment.Job instance at 0x7fced0dccc30>,50,15,[ 4 10],51,137,152,86,135
1,<environment.Job instance at 0x7fced0dcc820>,53,15,[7 2],54,152,167,98,138
1,<environment.Job instance at 0x7fced0c50a00>,2,18,[5 8],3,3,21,0,3
1,<environment.Job instance at 0x7fced14470f0>,8,1,[ 1 10],9,21,22,12,10
1,<environment.Job instance at 0x7fced0e24cd0>,14,3,[8 2],15,22,25,7,17
1,<environment.Job instance at 0x7fced12e0370>,5,23,[8 2],6,27,50,21,27
1,<environment.Job instance at 0x7fced12eadc0>,23,2,[2 8],24,29,31,5,29
1,<environment.Job instance at 0x7fce86d9c320>,21,17,[3 7],22,50,67,28,38
1,<environment.Job instance at 0x7fce86c39780>,26,1,[9 4],27,67,68,40,39
1,<environment.Job instance at 0x7fce86b69960>,33,16,[8 2],34,68,84,34,61
1,<environment.Job instance at 0x7fce86d86cd0>,39,15,[5 6],40,84,99,44,73
1,<environment.Job instance at 0x7fce86d86870>,43,16,[ 4 10],44,99,115,55,86
1,<environment.Job instance at 0x7fce86b69500>,34,2,[5 2],35,86,88,51,86
1,<environment.Job instance at 0x7fced0fff960>,47,15,[6 1],48,115,130,67,101
1,<environment.Job instance at 0x7fce86b6d6e0>,49,1,[9 4],50,130,131,80,102
1,<environment.Job instance at 0x7fce8692e5a0>,51,3,[3 7],52,115,118,63,104
1,<environment.Job instance at 0x7fce86923730>,46,2,[7 2],47,131,133,84,107
1,<environment.Job instance at 0x7fced07af500>,55,2,[10  5],56,133,135,77,107
1,<environment.Job instance at 0x7fce86a40aa0>,59,2,[10  2],60,135,137,75,109
1,<environment.Job instance at 0x7fced0632e60>,64,22,[9 5],65,137,159,72,132
1,<environment.Job instance at 0x7fced0632f00>,6,2,[8 3],7,8,10,1,8
1,<environment.Job instance at 0x7fce86907780>,2,15,[7 3],3,11,26,8,11
1,<environment.Job instance at 0x7fce866c69b0>,10,1,[2 6],11,16,17,5,16
1,<environment.Job instance at 0x7fce866c6b90>,13,13,[3 7],14,17,30,3,16
1,<environment.Job instance at 0x7fce866c6d20>,15,1,[5 2],16,26,27,10,16
1,<environment.Job instance at 0x7fce866c6eb0>,16,3,[8 3],17,30,33,13,17
1,<environment.Job instance at 0x7fce866c6aa0>,11,13,[9 4],12,33,46,21,21
1,<environment.Job instance at 0x7fce866c3320>,20,2,[9 1],21,46,48,25,29
1,<environment.Job instance at 0x7fce866c35f0>,22,14,[9 3],23,48,62,25,34
1,<environment.Job instance at 0x7fce866c3b90>,29,14,[3 8],30,62,76,32,50
1,<environment.Job instance at 0x7fce866c3a50>,27,22,[6 1],28,62,84,34,62
1,<environment.Job instance at 0x7fce866db500>,39,2,[3 7],40,76,78,36,63
1,<environment.Job instance at 0x7fce866db8c0>,43,13,[8 3],44,84,97,40,80
1,<environment.Job instance at 0x7fce866db960>,44,17,[8 5],45,97,114,52,91
1,<environment.Job instance at 0x7fce866dbaa0>,47,1,[2 6],48,92,93,44,92
1,<environment.Job instance at 0x7fce866dbc30>,48,14,[9 5],49,114,128,65,113
1,<environment.Job instance at 0x7fce866b5410>,53,17,[6 4],54,138,155,84,138
1,<environment.Job instance at 0x7fce866b5910>,60,2,[8 5],61,155,157,94,138
1,<environment.Job instance at 0x7fce866b5460>,1,13,[9 1],2,2,15,0,2
1,<environment.Job instance at 0x7fced0966230>,17,23,[6 1],18,29,52,11,29
1,<environment.Job instance at 0x7fce86cd9780>,27,17,[5 5],28,52,69,24,45
1,<environment.Job instance at 0x7fced0ce3b90>,28,14,[9 5],29,69,83,40,54
1,<environment.Job instance at 0x7fce86b81820>,12,18,[9 2],13,84,102,71,84
1,<environment.Job instance at 0x7fced0d3c640>,41,14,[8 4],42,102,116,60,93
1,<environment.Job instance at 0x7fced06290f0>,44,16,[8 1],45,116,132,71,103
1,<environment.Job instance at 0x7fce86c7fd70>,48,19,[2 7],49,116,135,67,112
1,<environment.Job instance at 0x7fce86749370>,52,22,[5 4],53,135,157,82,133
1,<environment.Job instance at 0x7fced0596a50>,2,16,[1 9],3,3,19,0,3
1,<environment.Job instance at 0x7fced0596870>,3,13,[6 4],4,19,32,15,4
1,<environment.Job instance at 0x7fced0f0f1e0>,10,14,[1 9],11,32,46,21,17
1,<environment.Job instance at 0x7fced0707c80>,19,3,[10  4],20,46,49,26,26
1,<environment.Job instance at 0x7fced1a2a780>,29,2,[1 9],30,49,51,19,43
1,<environment.Job instance at 0x7fced08ebdc0>,31,2,[10  4],32,51,53,19,43
1,<environment.Job instance at 0x7fced059bb90>,32,16,[5 3],33,53,69,20,43
1,<environment.Job instance at 0x7fced1a2afa0>,26,12,[5 6],27,53,65,26,53
1,<environment.Job instance at 0x7fce86a19230>,40,2,[5 4],41,65,67,24,56
1,<environment.Job instance at 0x7fce86a19280>,41,12,[2 5],42,67,79,25,59
1,<environment.Job instance at 0x7fce86e51410>,33,16,[9 5],34,79,95,45,69
1,<environment.Job instance at 0x7fce86a00140>,51,28,[7 5],52,95,123,43,95
1,<environment.Job instance at 0x7fced0607550>,61,18,[4 9],62,123,141,61,119
1,<environment.Job instance at 0x7fce86a80050>,65,16,[2 7],66,141,157,75,128
1,<environment.Job instance at 0x7fce86b14a00>,0,22,[4 6],1,1,23,0,1
1,<environment.Job instance at 0x7fce86b140f0>,3,14,[4 8],4,23,37,19,9
1,<environment.Job instance at 0x7fce86a6e690>,16,3,[1 8],17,37,40,20,18
1,<environment.Job instance at 0x7fce86a6ef50>,24,15,[3 7],25,46,61,21,46
1,<environment.Job instance at 0x7fce86aac820>,34,1,[9 1],35,61,62,26,61
1,<environment.Job instance at 0x7fce86aac640>,31,22,[2 9],32,63,85,31,63
1,<environment.Job instance at 0x7fce86a987d0>,50,12,[10  4],51,95,107,44,95
1,<environment.Job instance at 0x7fce86a98960>,52,18,[ 5 10],53,107,125,54,99
1,<environment.Job instance at 0x7fce86a73320>,63,14,[1 8],64,125,139,61,121
1,<environment.Job instance at 0x7fced06f9c30>,8,3,[10  4],9,10,13,1,10
1,<environment.Job instance at 0x7fced06f9410>,11,12,[5 1],12,13,25,1,13
1,<environment.Job instance at 0x7fced06f9550>,13,2,[6 3],14,25,27,11,14
1,<environment.Job instance at 0x7fced06f9500>,14,16,[5 3],15,27,43,12,15
1,<environment.Job instance at 0x7fced120e6e0>,18,18,[5 6],19,27,45,8,20
1,<environment.Job instance at 0x7fced06074b0>,27,16,[3 5],28,45,61,17,34
1,<environment.Job instance at 0x7fced0607820>,29,23,[5 5],30,48,71,18,48
1,<environment.Job instance at 0x7fced07ad910>,42,17,[3 8],43,71,88,28,61
1,<environment.Job instance at 0x7fced06a22d0>,49,15,[8 4],50,88,103,38,75
1,<environment.Job instance at 0x7fced06a2a50>,54,2,[ 4 10],55,103,105,48,89
1,<environment.Job instance at 0x7fced06a2550>,59,2,[10  5],60,105,107,45,95
1,<environment.Job instance at 0x7fced06a21e0>,60,2,[4 6],61,107,109,46,97
1,<environment.Job instance at 0x7fced06a2140>,57,15,[6 1],58,107,122,49,97
1,<environment.Job instance at 0x7fce86a3a370>,66,3,[1 8],67,119,122,52,119
1,<environment.Job instance at 0x7fced0607910>,35,24,[7 5],36,122,146,86,120
1,<environment.Job instance at 0x7fced052c910>,3,15,[10  1],4,4,19,0,4
1,<environment.Job instance at 0x7fced06f5b40>,11,12,[8 3],12,19,31,7,12
1,<environment.Job instance at 0x7fced06f5af0>,16,2,[5 6],17,31,33,14,28
1,<environment.Job instance at 0x7fced06f5410>,18,1,[9 2],19,33,34,14,28
1,<environment.Job instance at 0x7fced06f5550>,19,12,[ 5 10],20,34,46,14,28
1,<environment.Job instance at 0x7fced0638550>,21,2,[10  5],22,46,48,24,37
1,<environment.Job instance at 0x7fced06f5820>,17,12,[4 7],18,48,60,30,42
1,<environment.Job instance at 0x7fced0638460>,27,14,[8 3],28,60,74,32,45
1,<environment.Job instance at 0x7fced0b83230>,31,12,[7 5],32,74,86,42,57
1,<environment.Job instance at 0x7fced0638370>,26,18,[3 5],27,74,92,47,71
1,<environment.Job instance at 0x7fced0b83280>,35,2,[ 5 10],36,92,94,56,76
1,<environment.Job instance at 0x7fced0b834b0>,40,14,[5 5],41,94,108,53,81
1,<environment.Job instance at 0x7fce866be2d0>,48,14,[7 3],49,108,122,59,96
1,<environment.Job instance at 0x7fced1280af0>,57,16,[2 6],58,120,136,62,120
1,<environment.Job instance at 0x7fced1280370>,59,15,[5 3],60,133,148,73,133
1,<environment.Job instance at 0x7fce8695ab90>,62,18,[9 5],63,148,166,85,138
1,<environment.Job instance at 0x7fce8695aaa0>,1,17,[ 4 10],2,2,19,0,2
1,<environment.Job instance at 0x7fce86dbc910>,8,2,[10  1],9,19,21,10,9
1,<environment.Job instance at 0x7fce8688ceb0>,5,18,[5 3],6,21,39,15,11
1,<environment.Job instance at 0x7fce86db5d70>,14,2,[6 1],15,39,41,24,32
1,<environment.Job instance at 0x7fce86db5870>,16,1,[10  5],17,41,42,24,32
1,<environment.Job instance at 0x7fce86db5690>,17,3,[10  3],18,42,45,24,34
1,<environment.Job instance at 0x7fce86db5500>,21,1,[9 5],22,45,46,23,34
1,<environment.Job instance at 0x7fce86db95a0>,22,3,[5 9],23,46,49,23,37
1,<environment.Job instance at 0x7fce86db9f00>,23,13,[10  1],24,49,62,25,41
1,<environment.Job instance at 0x7fce86dbc7d0>,4,23,[2 9],5,62,85,57,57
1,<environment.Job instance at 0x7fced140cd70>,44,16,[5 8],45,85,101,40,74
1,<environment.Job instance at 0x7fced07b5b90>,49,16,[ 3 10],50,101,117,51,88
1,<environment.Job instance at 0x7fce86959230>,55,13,[6 1],56,117,130,61,107
1,<environment.Job instance at 0x7fce8692eaa0>,70,16,[8 2],71,130,146,59,129
1,<environment.Job instance at 0x7fce8692e820>,1,12,[10  1],2,2,14,0,2
1,<environment.Job instance at 0x7fced10790f0>,3,13,[6 5],4,14,27,10,4
1,<environment.Job instance at 0x7fce868965f0>,13,18,[1 8],14,27,45,13,16
1,<environment.Job instance at 0x7fced0db5230>,18,12,[4 8],19,45,57,26,31
1,<environment.Job instance at 0x7fce8695d4b0>,21,2,[5 3],22,57,59,35,36
1,<environment.Job instance at 0x7fce864dc3c0>,26,15,[5 2],27,42,57,15,42
1,<environment.Job instance at 0x7fce864dc870>,29,13,[4 9],30,59,72,29,44
1,<environment.Job instance at 0x7fce86759460>,33,14,[4 9],34,72,86,38,63
1,<environment.Job instance at 0x7fce86759af0>,34,28,[4 7],35,90,118,55,90
1,<environment.Job instance at 0x7fced04c6f00>,37,3,[7 3],38,118,121,80,98
1,<environment.Job instance at 0x7fced1284500>,48,16,[7 1],49,121,137,72,110
1,<environment.Job instance at 0x7fced1284730>,50,17,[3 8],51,121,138,70,116
1,<environment.Job instance at 0x7fced11ebdc0>,53,17,[7 3],54,138,155,84,130
1,<environment.Job instance at 0x7fced0665e10>,56,12,[4 6],57,155,167,98,138
1,<environment.Job instance at 0x7fce86a7c140>,1,15,[5 1],2,2,17,0,2
1,<environment.Job instance at 0x7fce865196e0>,6,15,[10  5],7,17,32,10,8
1,<environment.Job instance at 0x7fced1169cd0>,17,17,[9 4],18,32,49,14,22
1,<environment.Job instance at 0x7fced1169870>,24,14,[7 2],25,49,63,24,34
1,<environment.Job instance at 0x7fce86498d70>,31,12,[6 3],32,63,75,31,47
1,<environment.Job instance at 0x7fce86498a00>,29,20,[7 2],30,75,95,45,66
1,<environment.Job instance at 0x7fced1183460>,41,14,[ 5 10],42,95,109,53,80
1,<environment.Job instance at 0x7fced11832d0>,45,12,[ 4 10],46,109,121,63,95
1,<environment.Job instance at 0x7fced1183870>,47,23,[3 5],48,121,144,73,115
1,<environment.Job instance at 0x7fced11835a0>,57,2,[9 2],58,144,146,86,122
1,<environment.Job instance at 0x7fced1183370>,56,16,[6 2],57,123,139,66,123
1,<environment.Job instance at 0x7fce86564140>,61,16,[1 7],62,144,160,82,132
1,<environment.Job instance at 0x7fce865647d0>,2,18,[7 3],3,3,21,0,3
1,<environment.Job instance at 0x7fced119b870>,5,14,[8 2],6,21,35,15,7
1,<environment.Job instance at 0x7fced11a5640>,17,13,[10  3],18,35,48,17,28
1,<environment.Job instance at 0x7fced129c870>,26,15,[7 3],27,48,63,21,34
1,<environment.Job instance at 0x7fced12b8c30>,32,3,[10  5],33,63,66,30,44
1,<environment.Job instance at 0x7fced11b0af0>,34,14,[5 5],35,66,80,31,52
1,<environment.Job instance at 0x7fce8660cd20>,37,12,[ 4 10],38,80,92,42,63
1,<environment.Job instance at 0x7fced0858820>,40,18,[3 7],41,92,110,51,81
1,<environment.Job instance at 0x7fced12b1c30>,50,17,[10  2],51,110,127,59,109
1,<environment.Job instance at 0x7fced12b1dc0>,52,18,[1 5],53,127,145,74,117
1,<environment.Job instance at 0x7fced140ea50>,4,24,[4 8],5,7,31,2,7
1,<environment.Job instance at 0x7fced1005140>,30,21,[9 2],31,108,129,77,108
1,<environment.Job instance at 0x7fced0d43a00>,37,24,[9 4],38,137,161,99,137
1,<environment.Job instance at 0x7fced0d43870>,1,19,[10  5],2,2,21,0,2
1,<environment.Job instance at 0x7fced0586140>,6,15,[5 8],7,21,36,14,7
1,<environment.Job instance at 0x7fce86ce41e0>,27,13,[1 7],28,42,55,14,42
1,<environment.Job instance at 0x7fce86ce40a0>,28,12,[2 5],29,55,67,26,43
1,<environment.Job instance at 0x7fce86ce4050>,29,17,[5 2],30,44,61,14,44
1,<environment.Job instance at 0x7fce86ce4370>,30,3,[5 6],31,67,70,36,44
1,<environment.Job instance at 0x7fce86bccf00>,36,3,[9 4],37,70,73,33,57
1,<environment.Job instance at 0x7fce86bccaf0>,37,1,[8 4],38,61,62,23,57
1,<environment.Job instance at 0x7fce86bcc320>,38,2,[4 8],39,73,75,34,58
1,<environment.Job instance at 0x7fce86bcc0f0>,39,12,[1 7],40,75,87,35,58
1,<environment.Job instance at 0x7fce86bcc820>,40,3,[10  5],41,87,90,46,61
1,<environment.Job instance at 0x7fced104b960>,46,1,[2 8],47,90,91,43,83
1,<environment.Job instance at 0x7fce86bcc230>,42,1,[2 9],43,91,92,48,83
1,<environment.Job instance at 0x7fced104b5a0>,48,13,[5 2],49,92,105,43,83
1,<environment.Job instance at 0x7fced104b190>,47,18,[3 8],48,92,110,44,86
1,<environment.Job instance at 0x7fced104b870>,53,2,[1 7],54,110,112,56,93
1,<environment.Job instance at 0x7fced104b230>,54,13,[2 5],55,112,125,57,98
1,<environment.Job instance at 0x7fced104bb40>,49,15,[10  3],50,133,148,83,133
1,<environment.Job instance at 0x7fce8696d550>,62,12,[2 8],63,148,160,85,133
1,<environment.Job instance at 0x7fce8696dc80>,64,15,[5 2],65,148,163,83,134
1,<environment.Job instance at 0x7fced1390b40>,0,27,[7 2],1,2,29,1,2
1,<environment.Job instance at 0x7fce86dc1a00>,12,15,[6 1],13,29,44,16,16
1,<environment.Job instance at 0x7fced05a2320>,22,17,[9 5],23,44,61,21,32
1,<environment.Job instance at 0x7fced0533e60>,31,3,[2 7],32,61,64,29,47
1,<environment.Job instance at 0x7fced0f5de60>,35,2,[6 3],36,61,63,25,50
1,<environment.Job instance at 0x7fced0f5d410>,36,1,[3 8],37,64,65,27,50
1,<environment.Job instance at 0x7fced0f5d230>,40,2,[1 7],41,65,67,24,59
1,<environment.Job instance at 0x7fced0f45fa0>,48,18,[8 3],49,94,112,45,94
1,<environment.Job instance at 0x7fced0f5dc80>,33,24,[10  4],34,112,136,78,108
1,<environment.Job instance at 0x7fced06dff00>,53,1,[ 3 10],54,136,137,82,108
1,<environment.Job instance at 0x7fced06dfa50>,61,2,[9 4],62,137,139,75,122
1,<environment.Job instance at 0x7fced06e7910>,63,1,[4 8],64,139,140,75,122
1,<environment.Job instance at 0x7fced06e7230>,64,1,[5 4],65,140,141,75,122
1,<environment.Job instance at 0x7fced06e7af0>,65,3,[7 4],66,141,144,75,122
1,<environment.Job instance at 0x7fced06df870>,62,1,[2 7],63,144,145,81,122
1,<environment.Job instance at 0x7fced06e7be0>,68,1,[3 8],69,145,146,76,123
1,<environment.Job instance at 0x7f17d9e1e1e0>,0,13,[9 3],1,1,14,0,1
1,<environment.Job instance at 0x7f17d8cbf3c0>,6,20,[6 1],7,14,34,7,8
1,<environment.Job instance at 0x7f17d8cbf9b0>,11,15,[4 8],12,16,31,4,16
1,<environment.Job instance at 0x7f17d8cbf910>,10,12,[3 7],11,31,43,20,16
1,<environment.Job instance at 0x7f17d8cbfb90>,14,13,[7 3],15,34,47,19,19
1,<environment.Job instance at 0x7f17d8cc3370>,21,1,[6 5],22,47,48,25,25
1,<environment.Job instance at 0x7f17d8cc3640>,25,12,[ 5 10],26,48,60,22,45
1,<environment.Job instance at 0x7f17d8cbfa50>,12,26,[ 1 10],13,60,86,47,57
1,<environment.Job instance at 0x7f17d8cc4410>,40,15,[10  3],41,88,103,47,88
1,<environment.Job instance at 0x7f17d8cc48c0>,45,13,[6 5],46,103,116,57,88
1,<environment.Job instance at 0x7f17d8cc4cd0>,49,16,[2 5],50,104,120,54,104
1,<environment.Job instance at 0x7f17d8cc3460>,23,27,[1 6],24,130,157,106,130
1,<environment.Job instance at 0x7f17d8cc76e0>,61,2,[4 5],62,157,159,95,138
1,<environment.Job instance at 0x7f17d8cc7870>,62,22,[6 4],63,138,160,75,138
1,<environment.Job instance at 0x7f17d8cd8af0>,1,15,[10  4],2,2,17,0,2
1,<environment.Job instance at 0x7f17d9e45c30>,4,14,[8 4],5,17,31,12,5
1,<environment.Job instance at 0x7f17d9f94190>,21,2,[5 5],22,31,33,9,24
1,<environment.Job instance at 0x7f17d9f94410>,18,19,[6 4],19,33,52,14,25
1,<environment.Job instance at 0x7f17d9f92d70>,29,14,[2 6],30,36,50,6,36
1,<environment.Job instance at 0x7f17d9f92be0>,32,14,[2 9],33,52,66,19,37
1,<environment.Job instance at 0x7f17d8c2a500>,41,17,[10  2],42,66,83,24,62
1,<environment.Job instance at 0x7f17d9ea5a50>,50,13,[10  5],51,83,96,32,75
1,<environment.Job instance at 0x7f17d9f98960>,52,14,[2 7],53,96,110,43,82
1,<environment.Job instance at 0x7f17d9ea2fa0>,67,3,[1 5],68,115,118,47,115
1,<environment.Job instance at 0x7f17d9f8a640>,70,18,[4 5],71,116,134,45,116
1,<environment.Job instance at 0x7f178eccb0f0>,0,15,[8 2],1,6,21,5,6
1,<environment.Job instance at 0x7f178ed1caa0>,9,15,[ 5 10],10,21,36,11,10
1,<environment.Job instance at 0x7f17d8eff6e0>,12,1,[5 9],13,36,37,23,15
1,<environment.Job instance at 0x7f178ecbaf00>,16,3,[ 5 10],17,37,40,20,18
1,<environment.Job instance at 0x7f178ecbacd0>,18,2,[2 6],19,40,42,21,20
1,<environment.Job instance at 0x7f178ecba820>,21,2,[1 7],22,42,44,20,22
1,<environment.Job instance at 0x7f178ecba3c0>,20,12,[9 2],21,42,54,21,30
1,<environment.Job instance at 0x7f178ecc7140>,26,15,[2 7],27,54,69,27,43
1,<environment.Job instance at 0x7f178ed373c0>,36,16,[ 5 10],37,69,85,32,66
1,<environment.Job instance at 0x7f178ec68dc0>,33,24,[10  5],34,85,109,51,80
1,<environment.Job instance at 0x7f17d8a86410>,49,16,[5 4],50,109,125,59,105
1,<environment.Job instance at 0x7f17d8a79a00>,51,2,[6 3],52,125,127,73,107
1,<environment.Job instance at 0x7f17d8a867d0>,50,14,[8 3],51,127,141,76,115
1,<environment.Job instance at 0x7f178ecc8c30>,57,16,[9 4],58,141,157,83,140
1,<environment.Job instance at 0x7f17d8d32410>,10,12,[8 5],11,12,24,1,12
1,<environment.Job instance at 0x7f17d8e0ccd0>,16,25,[3 8],17,24,49,7,23
1,<environment.Job instance at 0x7f17d8d32500>,12,18,[6 3],13,50,68,37,50
1,<environment.Job instance at 0x7f178f20b410>,28,27,[1 7],29,50,77,21,50
1,<environment.Job instance at 0x7f17d9f8bb40>,34,16,[10  3],35,77,93,42,64
1,<environment.Job instance at 0x7f17d9f922d0>,37,13,[6 4],38,93,106,55,79
1,<environment.Job instance at 0x7f17d9f929b0>,38,14,[10  3],39,106,120,67,99
1,<environment.Job instance at 0x7f17d9e45870>,43,13,[6 5],44,120,133,76,105
1,<environment.Job instance at 0x7f178f1815f0>,58,14,[5 9],59,133,147,74,118
1,<environment.Job instance at 0x7f178f2a7500>,2,13,[4 8],3,3,16,0,3
1,<environment.Job instance at 0x7f17d8b29aa0>,6,12,[7 1],7,16,28,9,7
1,<environment.Job instance at 0x7f17d8b5f640>,19,14,[3 7],20,20,34,0,20
1,<environment.Job instance at 0x7f17d8b5f280>,20,15,[9 4],21,34,49,13,21
1,<environment.Job instance at 0x7f17d8b5cc80>,25,3,[5 5],26,49,52,23,26
1,<environment.Job instance at 0x7f17d8b5c0a0>,27,2,[7 2],28,29,31,1,29
1,<environment.Job instance at 0x7f17d8b5b640>,28,3,[10  4],29,52,55,23,30
1,<environment.Job instance at 0x7f17d8b5b820>,29,1,[ 2 10],30,55,56,25,30
1,<environment.Job instance at 0x7f17d8b3f9b0>,40,15,[4 5],41,63,78,22,63
1,<environment.Job instance at 0x7f17d8b3f870>,41,27,[5 1],42,63,90,21,63
1,<environment.Job instance at 0x7f17d8b42960>,46,25,[8 3],47,90,115,43,87
1,<environment.Job instance at 0x7f17d8ae1320>,56,25,[ 5 10],57,128,153,71,128
1,<environment.Job instance at 0x7f178f10c8c0>,63,16,[6 5],64,153,169,89,140
1,<environment.Job instance at 0x7f178f108550>,0,15,[ 4 10],1,1,16,0,1
1,<environment.Job instance at 0x7f178f134cd0>,3,15,[7 2],4,16,31,12,4
1,<environment.Job instance at 0x7f17d8b6aaf0>,16,15,[ 5 10],17,31,46,14,18
1,<environment.Job instance at 0x7f17d9709b40>,22,18,[9 4],23,46,64,23,39
1,<environment.Job instance at 0x7f17d9709f50>,23,18,[ 4 10],24,64,82,40,63
1,<environment.Job instance at 0x7f178eef3820>,41,13,[2 8],42,82,95,40,74
1,<environment.Job instance at 0x7f178eef30a0>,43,18,[ 5 10],44,95,113,51,88
1,<environment.Job instance at 0x7f178f136be0>,54,17,[3 6],55,113,130,58,109
1,<environment.Job instance at 0x7f178f136140>,61,16,[2 7],62,130,146,68,122
1,<environment.Job instance at 0x7f178f136b40>,62,15,[3 8],63,146,161,83,136
1,<environment.Job instance at 0x7f178efe9690>,2,17,[1 9],3,4,21,1,4
1,<environment.Job instance at 0x7f17d93afb40>,13,15,[4 9],14,21,36,7,19
1,<environment.Job instance at 0x7f17d8f46280>,15,12,[ 3 10],16,36,48,20,21
1,<environment.Job instance at 0x7f178f301550>,16,12,[9 4],17,48,60,31,31
1,<environment.Job instance at 0x7f17d94b1af0>,20,16,[9 2],21,60,76,39,47
1,<environment.Job instance at 0x7f17d94b12d0>,23,2,[8 4],24,76,78,52,50
1,<environment.Job instance at 0x7f17d8e72190>,43,18,[ 2 10],44,87,105,43,87
1,<environment.Job instance at 0x7f17d8bfd960>,47,17,[7 4],48,105,122,57,93
1,<environment.Job instance at 0x7f17d8b8a9b0>,55,17,[ 2 10],56,122,139,66,111
1,<environment.Job instance at 0x7f17d8d5a8c0>,60,18,[9 2],61,139,157,78,128
1,<environment.Job instance at 0x7f17d985a0a0>,2,19,[6 2],3,4,23,1,4
1,<environment.Job instance at 0x7f17d93e9640>,8,18,[ 4 10],9,23,41,14,14
1,<environment.Job instance at 0x7f17d93ec910>,23,18,[4 5],24,41,59,17,33
1,<environment.Job instance at 0x7f17d93ecd20>,30,2,[7 4],31,59,61,28,49
1,<environment.Job instance at 0x7f17d93eceb0>,31,16,[6 5],32,61,77,29,49
1,<environment.Job instance at 0x7f17d93eccd0>,29,23,[4 9],30,77,100,47,73
1,<environment.Job instance at 0x7f17d93da870>,40,15,[5 1],41,86,101,45,86
1,<environment.Job instance at 0x7f17d93da730>,38,15,[1 8],39,100,115,61,86
1,<environment.Job instance at 0x7f17d93da910>,41,13,[5 2],42,101,114,59,91
1,<environment.Job instance at 0x7f17d93d1690>,54,17,[3 7],55,115,132,60,106
1,<environment.Job instance at 0x7f17d93d1730>,55,3,[10  2],56,132,135,76,107
1,<environment.Job instance at 0x7f17d93d1b90>,62,1,[3 9],63,135,136,72,119
1,<environment.Job instance at 0x7f17d93d1a00>,61,14,[ 1 10],62,136,150,74,121
1,<environment.Job instance at 0x7f17d8e4fbe0>,3,23,[1 7],4,4,27,0,4
1,<environment.Job instance at 0x7f17d8c2b4b0>,14,15,[5 3],15,15,30,0,15
1,<environment.Job instance at 0x7f178ee4ecd0>,15,15,[8 3],16,30,45,14,16
1,<environment.Job instance at 0x7f178f1df280>,24,15,[4 7],25,45,60,20,39
1,<environment.Job instance at 0x7f178f29e500>,30,12,[ 5 10],31,60,72,29,51
1,<environment.Job instance at 0x7f178f1912d0>,27,24,[2 8],28,72,96,44,67
1,<environment.Job instance at 0x7f17d977a050>,41,23,[9 4],42,96,119,54,90
1,<environment.Job instance at 0x7f17d8cc72d0>,52,14,[6 3],53,119,133,66,109
1,<environment.Job instance at 0x7f17d9446140>,58,3,[5 9],59,133,136,74,113
1,<environment.Job instance at 0x7f178ef2d780>,60,18,[3 6],61,136,154,75,125
1,<environment.Job instance at 0x7f178ef2d870>,63,13,[6 4],64,136,149,72,129
1,<environment.Job instance at 0x7f17d984deb0>,14,14,[9 5],15,18,32,3,18
1,<environment.Job instance at 0x7f17d8acf6e0>,18,15,[1 8],19,32,47,13,22
1,<environment.Job instance at 0x7f178f2d56e0>,25,14,[8 4],26,47,61,21,34
1,<environment.Job instance at 0x7f17d9769c80>,34,15,[2 5],35,67,82,32,67
1,<environment.Job instance at 0x7f17d9769320>,35,13,[2 7],36,82,95,46,70
1,<environment.Job instance at 0x7f178f008410>,42,13,[3 7],43,95,108,52,86
1,<environment.Job instance at 0x7f178f008b90>,44,14,[7 4],45,108,122,63,97
1,<environment.Job instance at 0x7f178f2018c0>,52,18,[5 6],53,124,142,71,124
1,<environment.Job instance at 0x7f17d9013550>,0,26,[9 4],1,2,28,1,2
1,<environment.Job instance at 0x7f17d8f635a0>,10,3,[ 4 10],11,28,31,17,12
1,<environment.Job instance at 0x7f17d8f639b0>,13,2,[1 5],14,18,20,4,18
1,<environment.Job instance at 0x7f17d8f63190>,8,24,[8 3],9,31,55,22,28
1,<environment.Job instance at 0x7f17d8f47d20>,32,17,[8 1],33,55,72,22,54
1,<environment.Job instance at 0x7f17d8f47dc0>,33,26,[2 9],34,55,81,21,54
1,<environment.Job instance at 0x7f17d8f40320>,44,13,[2 8],45,87,100,42,87
1,<environment.Job instance at 0x7f17d8f40910>,49,15,[8 4],50,100,115,50,94
1,<environment.Job instance at 0x7f17d8f66550>,62,18,[7 3],63,115,133,52,113
1,<environment.Job instance at 0x7f178f20e8c0>,3,13,[5 1],4,4,17,0,4
1,<environment.Job instance at 0x7f178f20ec80>,4,16,[6 3],5,17,33,12,5
1,<environment.Job instance at 0x7f178f2840a0>,15,1,[9 4],16,33,34,17,20
1,<environment.Job instance at 0x7f178f284230>,17,2,[5 8],18,34,36,16,20
1,<environment.Job instance at 0x7f178f284320>,18,12,[ 3 10],19,36,48,17,20
1,<environment.Job instance at 0x7f178ebea370>,27,3,[5 5],28,48,51,20,41
1,<environment.Job instance at 0x7f178f284500>,14,23,[6 5],15,51,74,36,49
1,<environment.Job instance at 0x7f17d9f8ff00>,35,3,[6 1],36,74,77,38,53
1,<environment.Job instance at 0x7f178ebea2d0>,24,2,[ 4 10],25,77,79,52,58
1,<environment.Job instance at 0x7f17d9f8f820>,34,20,[5 9],35,79,99,44,70
1,<environment.Job instance at 0x7f17d8dd3c80>,48,1,[9 2],49,99,100,50,97
1,<environment.Job instance at 0x7f17d98635f0>,39,27,[5 9],40,101,128,61,101
1,<environment.Job instance at 0x7f17d8dd3e60>,53,2,[3 6],54,128,130,74,111
1,<environment.Job instance at 0x7f17d8dd3910>,47,12,[4 7],48,130,142,82,113
1,<environment.Job instance at 0x7f17d8f40be0>,1,17,[3 6],2,2,19,0,2
1,<environment.Job instance at 0x7f178ee6a870>,2,17,[ 4 10],3,19,36,16,7
1,<environment.Job instance at 0x7f17d9e442d0>,17,1,[6 2],18,36,37,18,19
1,<environment.Job instance at 0x7f17d9e44410>,20,14,[7 4],21,37,51,16,24
1,<environment.Job instance at 0x7f17d9e44320>,18,3,[1 7],19,51,54,32,29
1,<environment.Job instance at 0x7f17d9a1bc30>,29,13,[6 1],30,51,64,21,36
1,<environment.Job instance at 0x7f17d98458c0>,24,23,[2 9],25,54,77,29,49
1,<environment.Job instance at 0x7f17d90bf9b0>,41,1,[9 5],42,77,78,35,73
1,<environment.Job instance at 0x7f17d90bf5f0>,43,13,[10  1],44,78,91,34,73
1,<environment.Job instance at 0x7f17d90bfc30>,44,2,[8 1],45,73,75,28,73
1,<environment.Job instance at 0x7f17d90bf960>,42,3,[5 9],43,91,94,48,73
1,<environment.Job instance at 0x7f17d90bf050>,48,18,[5 5],49,94,112,45,85
1,<environment.Job instance at 0x7f17d9997fa0>,57,3,[9 4],58,112,115,54,97
1,<environment.Job instance at 0x7f17d9997be0>,60,2,[ 4 10],61,115,117,54,97
1,<environment.Job instance at 0x7f17d9997f50>,64,16,[5 8],65,117,133,52,109
1,<environment.Job instance at 0x7f178eeb4d70>,70,13,[8 2],71,133,146,62,120
1,<environment.Job instance at 0x7f17d8bb7eb0>,3,27,[5 6],4,13,40,9,13
1,<environment.Job instance at 0x7f178ee83aa0>,16,3,[1 5],17,40,43,23,18
1,<environment.Job instance at 0x7f178ee7ff00>,22,13,[1 8],23,43,56,20,42
1,<environment.Job instance at 0x7f17d8f92910>,25,27,[4 6],26,62,89,36,62
1,<environment.Job instance at 0x7f178efbd5a0>,39,13,[4 9],40,89,102,49,80
1,<environment.Job instance at 0x7f178f27eaf0>,43,14,[4 9],44,102,116,58,95
1,<environment.Job instance at 0x7f178f27e910>,48,14,[10  3],49,116,130,67,116
1,<environment.Job instance at 0x7f17d93b9870>,57,12,[3 7],58,144,156,86,144
1,<environment.Job instance at 0x7f17d93b0730>,0,1,[6 1],1,1,2,0,1
1,<environment.Job instance at 0x7f17d8c0a500>,5,17,[4 6],6,6,23,0,6
1,<environment.Job instance at 0x7f17d94bd0a0>,6,15,[10  5],7,23,38,16,14
1,<environment.Job instance at 0x7f178f0048c0>,19,2,[10  4],20,38,40,18,20
1,<environment.Job instance at 0x7f17d8a2b870>,17,17,[9 4],18,40,57,22,28
1,<environment.Job instance at 0x7f17d929c8c0>,21,2,[10  3],22,57,59,35,38
1,<environment.Job instance at 0x7f178ec2ce60>,32,16,[5 3],33,59,75,26,54
1,<environment.Job instance at 0x7f178ec2caf0>,33,15,[9 4],34,75,90,41,61
1,<environment.Job instance at 0x7f17d93004b0>,41,14,[ 5 10],42,90,104,48,79
1,<environment.Job instance at 0x7f178ec356e0>,44,19,[3 7],45,104,123,59,95
1,<environment.Job instance at 0x7f178ec35640>,49,16,[1 8],50,123,139,73,111
1,<environment.Job instance at 0x7f17d92d8e10>,54,2,[7 2],55,116,118,61,116
1,<environment.Job instance at 0x7f17d9669a00>,59,23,[8 2],60,141,164,81,141
1,<environment.Job instance at 0x7f17d96695f0>,2,15,[9 5],3,3,18,0,3
1,<environment.Job instance at 0x7f178f0d30f0>,6,16,[ 5 10],7,18,34,11,8
1,<environment.Job instance at 0x7f178ec28a00>,13,13,[8 4],14,34,47,20,20
1,<environment.Job instance at 0x7f178eb9fbe0>,25,2,[3 6],26,47,49,21,44
1,<environment.Job instance at 0x7f178eb9f820>,26,12,[5 9],27,49,61,22,44
1,<environment.Job instance at 0x7f178eb9fe10>,27,12,[ 4 10],28,61,73,33,44
1,<environment.Job instance at 0x7f178eb9faf0>,33,13,[8 4],34,73,86,39,62
1,<environment.Job instance at 0x7f178eb9f190>,38,15,[5 4],39,86,101,47,82
1,<environment.Job instance at 0x7f178ec17f50>,44,22,[7 4],45,101,123,56,98
1,<environment.Job instance at 0x7f178f30faa0>,50,20,[ 3 10],51,148,168,97,148
1,<environment.Job instance at 0x7f178f30f2d0>,55,3,[10  3],56,168,171,112,148
1,<environment.Job instance at 0x7f178eeb4c80>,0,13,[ 4 10],1,1,14,0,1
1,<environment.Job instance at 0x7f17d8c679b0>,7,12,[6 5],8,14,26,6,8
1,<environment.Job instance at 0x7f17d8c67cd0>,8,18,[4 7],9,26,44,17,15
1,<environment.Job instance at 0x7f17d8c82960>,20,15,[1 8],21,44,59,23,37
1,<environment.Job instance at 0x7f17d8c9c7d0>,26,3,[9 1],27,50,53,23,50
1,<environment.Job instance at 0x7f17d8c89780>,33,12,[ 3 10],34,59,71,25,52
1,<environment.Job instance at 0x7f17d8c89640>,35,1,[6 4],36,71,72,35,52
1,<environment.Job instance at 0x7f17d908c910>,39,14,[1 5],40,71,85,31,58
1,<environment.Job instance at 0x7f17d9098aa0>,42,2,[8 5],43,72,74,29,69
1,<environment.Job instance at 0x7f17d90b1fa0>,49,1,[9 5],50,77,78,27,77
1,<environment.Job instance at 0x7f17d8c825a0>,17,24,[9 4],18,81,105,63,81
1,<environment.Job instance at 0x7f17d90909b0>,54,25,[9 4],55,105,130,50,101
1,<environment.Job instance at 0x7f17d96bd640>,69,15,[10  5],70,134,149,64,134
1,<environment.Job instance at 0x7f17d96bd730>,1,18,[9 3],2,2,20,0,2
1,<environment.Job instance at 0x7f17d94ab0a0>,11,14,[1 7],12,15,29,3,15
1,<environment.Job instance at 0x7f17d99ec550>,17,18,[3 8],18,29,47,11,18
1,<environment.Job instance at 0x7f17d9049b90>,21,17,[9 5],22,47,64,25,37
1,<environment.Job instance at 0x7f17d8b51730>,30,12,[3 6],31,64,76,33,48
1,<environment.Job instance at 0x7f178ec70d20>,41,2,[8 4],42,76,78,34,74
1,<environment.Job instance at 0x7f178ec70960>,43,23,[5 7],44,78,101,34,78
1,<environment.Job instance at 0x7f17d8d118c0>,46,23,[3 7],47,103,126,56,103
1,<environment.Job instance at 0x7f17d8d11c80>,49,22,[5 3],50,104,126,54,104
1,<environment.Job instance at 0x7f17d9971d70>,55,16,[6 3],56,126,142,70,122
1,<environment.Job instance at 0x7f178f22f230>,2,17,[7 2],3,4,21,1,4
1,<environment.Job instance at 0x7f178f22f0a0>,4,13,[2 8],5,5,18,0,5
1,<environment.Job instance at 0x7f178ecb8eb0>,12,18,[3 8],13,18,36,5,14
1,<environment.Job instance at 0x7f178ecb8a50>,16,2,[ 1 10],17,36,38,19,17
1,<environment.Job instance at 0x7f178ecb83c0>,13,1,[ 3 10],14,38,39,24,20
1,<environment.Job instance at 0x7f178ecb84b0>,19,1,[7 1],20,24,25,4,24
1,<environment.Job instance at 0x7f178f223230>,20,16,[5 1],21,39,55,18,26
1,<environment.Job instance at 0x7f178f2238c0>,22,1,[2 7],23,39,40,16,26
1,<environment.Job instance at 0x7f17d9563050>,30,3,[9 5],31,55,58,24,43
1,<environment.Job instance at 0x7f17d9563870>,37,16,[6 5],38,62,78,24,62
1,<environment.Job instance at 0x7f17d961ba00>,43,27,[4 6],44,80,107,36,80
1,<environment.Job instance at 0x7f17d9613fa0>,53,13,[8 5],54,111,124,57,111
1,<environment.Job instance at 0x7f17d9613500>,56,16,[4 8],57,124,140,67,111
1,<environment.Job instance at 0x7f17d93a20a0>,57,28,[8 2],58,140,168,82,140
1,<environment.Job instance at 0x7f178eccdcd0>,1,14,[5 8],2,3,17,1,3
1,<environment.Job instance at 0x7f17d97f1b90>,3,17,[3 7],4,17,34,13,6
1,<environment.Job instance at 0x7f178e986b90>,24,24,[ 3 10],25,34,58,9,29
1,<environment.Job instance at 0x7f17d93a70f0>,33,19,[5 5],34,58,77,24,50
1,<environment.Job instance at 0x7f17d9396e10>,39,13,[3 7],40,85,98,45,85
1,<environment.Job instance at 0x7f17d93964b0>,44,14,[9 2],45,98,112,53,86
1,<environment.Job instance at 0x7f17d9396230>,46,28,[2 6],47,112,140,65,111
1,<environment.Job instance at 0x7f17d9394690>,59,18,[7 3],60,137,155,77,137
1,<environment.Job instance at 0x7f17d9394af0>,60,14,[5 3],61,155,169,94,141
1,<environment.Job instance at 0x7f788357f1e0>,0,13,[9 3],1,1,14,0,1
1,<environment.Job instance at 0x7f787e1709b0>,14,13,[7 3],15,18,31,3,18
1,<environment.Job instance at 0x7f787e170910>,12,26,[ 1 10],13,31,57,18,28
1,<environment.Job instance at 0x7f787e172690>,27,15,[8 4],28,60,75,32,60
1,<environment.Job instance at 0x7f787e172c80>,30,14,[5 2],31,75,89,44,62
1,<environment.Job instance at 0x7f787e172e60>,34,24,[1 8],35,75,99,40,70
1,<environment.Job instance at 0x7f787e1762d0>,39,2,[5 6],40,99,101,59,75
1,<environment.Job instance at 0x7f787e176550>,43,18,[5 5],44,101,119,57,92
1,<environment.Job instance at 0x7f787e176aa0>,53,17,[5 7],54,122,139,68,122
1,<environment.Job instance at 0x7f78836fa190>,3,15,[5 2],4,4,19,0,4
1,<environment.Job instance at 0x7f78836f5a50>,11,2,[5 5],12,12,14,0,12
1,<environment.Job instance at 0x7f78836f5780>,9,14,[3 6],10,14,28,4,14
1,<environment.Job instance at 0x7f78836f54b0>,8,19,[6 4],9,19,38,10,15
1,<environment.Job instance at 0x7f78836f5af0>,12,1,[6 4],13,38,39,25,18
1,<environment.Job instance at 0x7f78836eb870>,20,1,[5 8],21,39,40,18,21
1,<environment.Job instance at 0x7f78836eb550>,23,2,[7 3],24,40,42,16,24
1,<environment.Job instance at 0x7f78836f0280>,25,2,[5 2],26,42,44,16,27
1,<environment.Job instance at 0x7f78836f06e0>,26,1,[5 9],27,44,45,17,27
1,<environment.Job instance at 0x7f78836eb460>,22,14,[2 9],23,45,59,22,31
1,<environment.Job instance at 0x7f78835a6870>,37,1,[9 1],38,59,60,21,46
1,<environment.Job instance at 0x7f78835a6190>,39,2,[9 4],40,60,62,20,51
1,<environment.Job instance at 0x7f78835a65f0>,40,13,[10  5],41,62,75,21,52
1,<environment.Job instance at 0x7f78835a67d0>,43,14,[7 5],44,75,89,31,64
1,<environment.Job instance at 0x7f78836f39b0>,46,3,[2 8],47,89,92,42,69
1,<environment.Job instance at 0x7f78836f3a50>,47,1,[2 8],48,92,93,44,70
1,<environment.Job instance at 0x7f78836062d0>,54,16,[7 2],55,89,105,34,78
1,<environment.Job instance at 0x7f78836f9d70>,61,18,[2 8],62,93,111,31,90
1,<environment.Job instance at 0x7f787e098f50>,49,2,[10  4],50,111,113,61,95
1,<environment.Job instance at 0x7f78836eba00>,21,13,[8 5],22,113,126,91,97
1,<environment.Job instance at 0x7f78836e9c30>,68,15,[7 5],69,126,141,57,112
1,<environment.Job instance at 0x7f78385ab960>,0,12,[9 2],1,1,13,0,1
1,<environment.Job instance at 0x7f78385abfa0>,4,12,[5 9],5,13,25,8,5
1,<environment.Job instance at 0x7f78385aae60>,8,15,[7 5],9,25,40,16,11
1,<environment.Job instance at 0x7f783841baf0>,46,25,[ 5 10],47,120,145,73,120
1,<environment.Job instance at 0x7f783840eaf0>,60,14,[7 5],61,145,159,84,130
1,<environment.Job instance at 0x7f78383bca50>,1,13,[5 5],2,5,18,3,5
1,<environment.Job instance at 0x7f7838aa7280>,14,2,[7 5],15,18,20,3,16
1,<environment.Job instance at 0x7f787e1c1cd0>,21,13,[5 3],22,22,35,0,22
1,<environment.Job instance at 0x7f787e1c1460>,22,15,[5 1],23,23,38,0,23
1,<environment.Job instance at 0x7f787e1c1aa0>,23,18,[5 9],24,35,53,11,24
1,<environment.Job instance at 0x7f7838949a00>,29,19,[9 1],30,53,72,23,47
1,<environment.Job instance at 0x7f783892ae10>,33,27,[1 8],34,53,80,19,51
1,<environment.Job instance at 0x7f7838a42550>,43,3,[7 3],44,80,83,36,72
1,<environment.Job instance at 0x7f78389104b0>,41,18,[8 4],42,83,101,41,72
1,<environment.Job instance at 0x7f78388c5230>,51,18,[3 6],52,101,119,49,94
1,<environment.Job instance at 0x7f78383cfeb0>,55,25,[6 3],56,101,126,45,98
1,<environment.Job instance at 0x7f7838428550>,61,14,[5 8],62,126,140,64,118
1,<environment.Job instance at 0x7f78384846e0>,65,18,[7 5],66,140,158,74,129
1,<environment.Job instance at 0x7f7838484fa0>,1,27,[5 1],2,2,29,0,2
1,<environment.Job instance at 0x7f7838af8550>,2,21,[1 6],3,3,24,0,3
1,<environment.Job instance at 0x7f7838b36640>,5,16,[4 5],6,24,40,18,12
1,<environment.Job instance at 0x7f7882ac5af0>,9,18,[7 3],10,40,58,30,30
1,<environment.Job instance at 0x7f787e5c5f00>,24,2,[ 2 10],25,58,60,33,36
1,<environment.Job instance at 0x7f787e5c5500>,25,1,[9 5],26,60,61,34,37
1,<environment.Job instance at 0x7f787e5c5280>,26,1,[2 6],27,40,41,13,39
1,<environment.Job instance at 0x7f787e5c5640>,23,16,[6 5],24,61,77,37,51
1,<environment.Job instance at 0x7f787e5c46e0>,32,3,[9 5],33,77,80,44,59
1,<environment.Job instance at 0x7f787e5c50f0>,30,15,[3 9],31,80,95,49,66
1,<environment.Job instance at 0x7f787e5c4c80>,37,1,[9 5],38,95,96,57,68
1,<environment.Job instance at 0x7f787e5c4460>,38,14,[9 4],39,96,110,57,82
1,<environment.Job instance at 0x7f787e5cd4b0>,43,2,[6 3],44,110,112,66,99
1,<environment.Job instance at 0x7f787e5cd730>,46,1,[4 9],47,112,113,65,101
1,<environment.Job instance at 0x7f787e5cd690>,47,17,[4 9],48,113,130,65,107
1,<environment.Job instance at 0x7f787e5cd870>,48,2,[8 5],49,130,132,81,107
1,<environment.Job instance at 0x7f787e5cc910>,50,3,[2 7],51,132,135,81,109
1,<environment.Job instance at 0x7f787e5c4aa0>,39,13,[3 6],40,135,148,95,119
1,<environment.Job instance at 0x7f787e5cd5f0>,45,23,[7 1],46,132,155,86,127
1,<environment.Job instance at 0x7f7838781050>,62,3,[5 2],63,155,158,92,138
1,<environment.Job instance at 0x7f7882f499b0>,6,1,[5 7],7,8,9,1,8
1,<environment.Job instance at 0x7f7882f49aa0>,8,2,[7 3],9,9,11,0,9
1,<environment.Job instance at 0x7f7882f49050>,10,13,[9 3],11,11,24,0,11
1,<environment.Job instance at 0x7f78830da320>,11,16,[2 7],12,24,40,12,12
1,<environment.Job instance at 0x7f7882f49cd0>,7,16,[1 5],8,40,56,32,30
1,<environment.Job instance at 0x7f78830dabe0>,17,25,[9 4],18,40,65,22,38
1,<environment.Job instance at 0x7f787e563780>,31,18,[9 3],32,65,83,33,59
1,<environment.Job instance at 0x7f787e563190>,35,3,[1 6],36,74,77,38,74
1,<environment.Job instance at 0x7f787e563910>,34,25,[7 4],35,83,108,48,79
1,<environment.Job instance at 0x7f78830ee460>,43,13,[1 7],44,108,121,64,92
1,<environment.Job instance at 0x7f78830eebe0>,50,16,[5 9],51,121,137,70,108
1,<environment.Job instance at 0x7f78830ee870>,57,12,[5 4],58,137,149,79,123
1,<environment.Job instance at 0x7f7882fb3640>,4,12,[7 4],5,5,17,0,5
1,<environment.Job instance at 0x7f787e187be0>,9,18,[1 5],10,14,32,4,14
1,<environment.Job instance at 0x7f787e1877d0>,13,15,[4 8],14,32,47,18,18
1,<environment.Job instance at 0x7f787dee9cd0>,17,18,[6 2],18,22,40,4,22
1,<environment.Job instance at 0x7f787e15e5f0>,19,13,[7 5],20,47,60,27,31
1,<environment.Job instance at 0x7f787e187640>,11,12,[6 3],12,60,72,48,49
1,<environment.Job instance at 0x7f7882a0ed70>,27,3,[2 8],28,72,75,44,50
1,<environment.Job instance at 0x7f7882a0e410>,31,13,[9 4],32,75,88,43,64
1,<environment.Job instance at 0x7f7882a0e910>,33,13,[3 7],34,88,101,54,75
1,<environment.Job instance at 0x7f7882a0e3c0>,37,16,[7 2],38,88,104,50,75
1,<environment.Job instance at 0x7f787e496190>,46,16,[4 9],47,104,120,57,91
1,<environment.Job instance at 0x7f787e2bf190>,51,18,[5 9],52,120,138,68,109
1,<environment.Job instance at 0x7f78831437d0>,60,17,[8 4],61,138,155,77,126
1,<environment.Job instance at 0x7f788301d410>,63,13,[8 3],64,155,168,91,139
1,<environment.Job instance at 0x7f78385e91e0>,1,13,[9 1],2,2,15,0,2
1,<environment.Job instance at 0x7f78386a60f0>,13,3,[9 5],14,17,20,3,17
1,<environment.Job instance at 0x7f78386a6550>,18,3,[9 2],19,20,23,1,19
1,<environment.Job instance at 0x7f78386a6780>,19,2,[4 5],20,23,25,3,20
1,<environment.Job instance at 0x7f78386a61e0>,14,14,[5 9],15,25,39,10,20
1,<environment.Job instance at 0x7f78386a6b40>,21,14,[1 5],22,39,53,17,24
1,<environment.Job instance at 0x7f78386a6a50>,22,17,[5 1],23,24,41,1,24
1,<environment.Job instance at 0x7f78386a6d20>,23,3,[2 6],24,53,56,29,28
1,<environment.Job instance at 0x7f78386a6f00>,26,18,[ 2 10],27,56,74,29,45
1,<environment.Job instance at 0x7f78386a6e10>,25,12,[8 3],26,74,86,48,59
1,<environment.Job instance at 0x7f78386a5c80>,39,1,[10  5],40,86,87,46,78
1,<environment.Job instance at 0x7f78386a5e60>,42,2,[ 2 10],43,87,89,44,78
1,<environment.Job instance at 0x7f78386a5f00>,43,3,[1 6],44,78,81,34,78
1,<environment.Job instance at 0x7f78386a5fa0>,44,16,[8 1],45,89,105,44,78
1,<environment.Job instance at 0x7f783869f0a0>,45,3,[10  3],46,105,108,59,79
1,<environment.Job instance at 0x7f78386a65f0>,17,23,[6 1],18,108,131,90,107
1,<environment.Job instance at 0x7f783869f230>,48,19,[2 7],49,108,127,59,108
1,<environment.Job instance at 0x7f783869fb40>,55,13,[5 5],56,131,144,75,120
1,<environment.Job instance at 0x7f783869fa50>,59,13,[4 8],60,144,157,84,128
1,<environment.Job instance at 0x7f787e49c3c0>,4,12,[7 2],5,5,17,0,5
1,<environment.Job instance at 0x7f783869fcd0>,5,17,[ 5 10],6,17,34,11,6
1,<environment.Job instance at 0x7f787e6514b0>,20,2,[5 4],21,34,36,13,21
1,<environment.Job instance at 0x7f787def4dc0>,21,12,[2 5],22,34,46,12,22
1,<environment.Job instance at 0x7f787e6511e0>,19,16,[6 2],20,36,52,16,25
1,<environment.Job instance at 0x7f78388974b0>,27,2,[2 6],28,46,48,18,33
1,<environment.Job instance at 0x7f787e1daaf0>,13,16,[9 5],14,52,68,38,39
1,<environment.Job instance at 0x7f7838781e10>,35,18,[10  4],36,68,86,32,57
1,<environment.Job instance at 0x7f78388a0b90>,41,18,[4 9],42,86,104,44,79
1,<environment.Job instance at 0x7f78388a05f0>,50,24,[10  5],51,104,128,53,99
1,<environment.Job instance at 0x7f7838338b40>,58,27,[5 1],59,128,155,69,126
1,<environment.Job instance at 0x7f7838700eb0>,63,12,[4 8],64,128,140,64,128
1,<environment.Job instance at 0x7f7838700e60>,65,1,[5 2],66,140,141,74,129
1,<environment.Job instance at 0x7f7838700b40>,66,15,[4 7],67,141,156,74,133
1,<environment.Job instance at 0x7f78384a8af0>,7,13,[5 5],8,10,23,2,10
1,<environment.Job instance at 0x7f78388118c0>,10,12,[10  4],11,23,35,12,12
1,<environment.Job instance at 0x7f78384a8140>,12,18,[ 5 10],13,35,53,22,24
1,<environment.Job instance at 0x7f787dfe9140>,18,3,[2 8],19,53,56,34,34
1,<environment.Job instance at 0x7f78387918c0>,33,15,[8 4],34,56,71,22,47
1,<environment.Job instance at 0x7f787e2eb410>,45,17,[4 9],46,71,88,25,67
1,<environment.Job instance at 0x7f787dfe95a0>,14,26,[10  2],15,98,124,83,98
1,<environment.Job instance at 0x7f7838782050>,61,14,[2 7],62,126,140,64,126
1,<environment.Job instance at 0x7f7838a407d0>,63,18,[10  5],64,140,158,76,132
1,<environment.Job instance at 0x7f7838a405a0>,1,23,[7 5],2,2,25,0,2
1,<environment.Job instance at 0x7f787df03a00>,7,1,[3 5],8,9,10,1,9
1,<environment.Job instance at 0x7f7838a40960>,2,28,[8 2],3,25,53,22,24
1,<environment.Job instance at 0x7f787dedcf00>,28,16,[1 8],29,31,47,2,31
1,<environment.Job instance at 0x7f787defa820>,31,13,[5 5],32,53,66,21,37
1,<environment.Job instance at 0x7f787defac80>,40,13,[8 3],41,66,79,25,50
1,<environment.Job instance at 0x7f787def97d0>,47,19,[4 7],48,79,98,31,79
1,<environment.Job instance at 0x7f787def9780>,49,15,[6 1],50,79,94,29,79
1,<environment.Job instance at 0x7f787def9820>,50,17,[2 8],51,98,115,47,87
1,<environment.Job instance at 0x7f787def9cd0>,57,18,[7 1],58,101,119,43,101
1,<environment.Job instance at 0x7f787def9e10>,59,15,[9 3],60,119,134,59,110
1,<environment.Job instance at 0x7f787df0e3c0>,63,16,[4 9],64,134,150,70,124
1,<environment.Job instance at 0x7f78836f0730>,3,20,[5 2],4,4,24,0,4
1,<environment.Job instance at 0x7f78836f0140>,5,15,[8 2],6,24,39,18,16
1,<environment.Job instance at 0x7f787e2eb410>,25,3,[9 5],26,39,42,13,29
1,<environment.Job instance at 0x7f78836f06e0>,11,18,[6 1],12,42,60,30,31
1,<environment.Job instance at 0x7f783879d960>,31,2,[8 5],32,60,62,28,38
1,<environment.Job instance at 0x7f787e2ebb40>,26,17,[3 8],27,62,79,35,51
1,<environment.Job instance at 0x7f78384415f0>,40,17,[4 8],41,79,96,38,73
1,<environment.Job instance at 0x7f7838340730>,48,3,[6 2],49,77,80,28,77
1,<environment.Job instance at 0x7f787e29be10>,51,18,[5 5],52,96,114,44,88
1,<environment.Job instance at 0x7f787e29b550>,52,28,[5 1],53,88,116,35,88
1,<environment.Job instance at 0x7f78389ddf50>,55,3,[8 5],56,116,119,60,90
1,<environment.Job instance at 0x7f78389ddcd0>,60,14,[7 4],61,119,133,58,104
1,<environment.Job instance at 0x7f78389ddbe0>,62,1,[6 3],63,133,134,70,112
1,<environment.Job instance at 0x7f787e2eb820>,27,27,[2 6],28,121,148,93,121
1,<environment.Job instance at 0x7f78389ddd20>,67,15,[5 1],68,134,149,66,125
1,<environment.Job instance at 0x7f783886df50>,9,12,[1 5],10,11,23,1,11
1,<environment.Job instance at 0x7f783886daa0>,11,1,[3 9],12,23,24,11,12
1,<environment.Job instance at 0x7f7882972410>,18,2,[6 2],19,24,26,5,22
1,<environment.Job instance at 0x7f7882972e60>,19,17,[6 3],20,26,43,6,22
1,<environment.Job instance at 0x7f7882972050>,20,1,[ 5 10],21,43,44,22,24
1,<environment.Job instance at 0x7f787e0da4b0>,4,24,[5 8],5,44,68,39,42
1,<environment.Job instance at 0x7f787e0f7690>,44,27,[3 8],45,112,139,67,112
1,<environment.Job instance at 0x7f787e114910>,0,17,[6 1],1,1,18,0,1
1,<environment.Job instance at 0x7f78830d7be0>,9,28,[4 8],10,12,40,2,12
1,<environment.Job instance at 0x7f787df18cd0>,25,17,[4 6],26,40,57,14,30
1,<environment.Job instance at 0x7f7838383780>,33,14,[5 4],34,48,62,14,48
1,<environment.Job instance at 0x7f78388c1640>,34,15,[7 5],35,62,77,27,51
1,<environment.Job instance at 0x7f78386a53c0>,39,2,[10  4],40,77,79,37,64
1,<environment.Job instance at 0x7f787e5881e0>,38,12,[3 7],39,79,91,40,65
1,<environment.Job instance at 0x7f787e4a2fa0>,49,20,[7 2],50,90,110,40,90
1,<environment.Job instance at 0x7f787e4bcbe0>,57,12,[ 2 10],58,110,122,52,107
1,<environment.Job instance at 0x7f787e4bceb0>,59,12,[7 5],60,122,134,62,108
1,<environment.Job instance at 0x7f787e4bcb90>,61,14,[ 5 10],62,134,148,72,119
1,<environment.Job instance at 0x7f7882b3d5a0>,5,14,[8 2],6,7,21,1,7
1,<environment.Job instance at 0x7f7838a848c0>,10,15,[8 2],11,21,36,10,11
1,<environment.Job instance at 0x7f78830487d0>,21,23,[9 2],22,36,59,14,30
1,<environment.Job instance at 0x7f7838a4e0f0>,19,2,[7 1],20,59,61,39,39
1,<environment.Job instance at 0x7f7838392230>,34,14,[5 5],35,61,75,26,55
1,<environment.Job instance at 0x7f787e6672d0>,37,12,[ 4 10],38,75,87,37,62
1,<environment.Job instance at 0x7f787e1203c0>,47,14,[4 9],48,109,123,61,109
1,<environment.Job instance at 0x7f787e120410>,48,15,[5 4],49,123,138,74,110
1,<environment.Job instance at 0x7f78387e4690>,54,22,[7 4],55,138,160,83,131
1,<environment.Job instance at 0x7f7838157e60>,0,13,[ 4 10],1,1,14,0,1
1,<environment.Job instance at 0x7f7838843aa0>,7,12,[6 5],8,14,26,6,10
1,<environment.Job instance at 0x7f7838843320>,12,2,[9 2],13,26,28,13,13
1,<environment.Job instance at 0x7f78382a0050>,19,13,[4 7],20,28,41,8,22
1,<environment.Job instance at 0x7f78382a0dc0>,20,15,[1 8],21,41,56,20,27
1,<environment.Job instance at 0x7f78381d5820>,32,13,[9 5],33,56,69,23,41
1,<environment.Job instance at 0x7f78381d5500>,37,17,[8 4],38,69,86,31,57
1,<environment.Job instance at 0x7f78383d7550>,48,2,[5 4],49,86,88,37,79
1,<environment.Job instance at 0x7f783815d230>,51,2,[2 5],52,79,81,27,79
1,<environment.Job instance at 0x7f78383d7c80>,45,22,[5 4],46,87,109,41,87
1,<environment.Job instance at 0x7f783815d820>,57,1,[5 2],58,105,106,47,105
1,<environment.Job instance at 0x7f78388750a0>,64,12,[4 9],65,121,133,56,121
1,<environment.Job instance at 0x7f78388755a0>,69,15,[10  5],70,133,148,63,123
1,<environment.Job instance at 0x7f783880dc80>,7,18,[3 8],8,8,26,0,8
1,<environment.Job instance at 0x7f78387fd8c0>,11,17,[9 5],12,26,43,14,14
1,<environment.Job instance at 0x7f787e13cd20>,21,14,[7 4],22,43,57,21,29
1,<environment.Job instance at 0x7f7838826af0>,23,23,[5 6],24,57,80,33,51
1,<environment.Job instance at 0x7f7882a140a0>,33,23,[5 7],34,80,103,46,74
1,<environment.Job instance at 0x7f78381bd280>,0,16,[5 1],1,2,18,1,2
1,<environment.Job instance at 0x7f78386b13c0>,7,17,[6 2],8,18,35,10,9
1,<environment.Job instance at 0x7f7838346be0>,20,18,[9 1],21,35,53,14,24
1,<environment.Job instance at 0x7f78829a7c30>,26,16,[ 5 10],27,53,69,26,45
1,<environment.Job instance at 0x7f787e509a00>,33,13,[8 5],34,69,82,35,53
1,<environment.Job instance at 0x7f7882f40eb0>,38,22,[5 8],39,82,104,43,81
1,<environment.Job instance at 0x7f783886df50>,17,16,[6 5],18,104,120,86,100
1,<environment.Job instance at 0x7f787e3687d0>,50,2,[7 3],51,120,122,69,104
1,<environment.Job instance at 0x7f78387e0aa0>,53,12,[ 1 10],54,122,134,68,119
1,<environment.Job instance at 0x7f787e49c4b0>,55,2,[4 5],56,134,136,78,119
1,<environment.Job instance at 0x7f787e49c8c0>,56,16,[3 5],57,134,150,77,121
1,<environment.Job instance at 0x7f787e49c550>,57,14,[5 1],58,136,150,78,126
1,<environment.Job instance at 0x7f7882bcae10>,63,1,[3 7],64,150,151,86,132
1,<environment.Job instance at 0x7f7882cc4eb0>,3,19,[5 5],4,4,23,0,4
1,<environment.Job instance at 0x7f7882cc4960>,14,14,[9 2],15,23,37,8,19
1,<environment.Job instance at 0x7f7882cc4aa0>,8,15,[4 7],9,37,52,28,25
1,<environment.Job instance at 0x7f78387b8d20>,22,14,[2 8],23,52,66,29,38
1,<environment.Job instance at 0x7f7882cc45a0>,10,17,[9 5],11,66,83,55,60
1,<environment.Job instance at 0x7f78387b81e0>,31,2,[10  4],32,83,85,51,60
1,<environment.Job instance at 0x7f78387b8500>,29,18,[7 3],30,85,103,55,74
1,<environment.Job instance at 0x7f7882f66780>,38,26,[5 7],39,103,129,64,100
1,<environment.Job instance at 0x7f7882dbecd0>,51,14,[1 9],52,129,143,77,114
1,<environment.Job instance at 0x7f7882dbedc0>,60,23,[7 1],61,129,152,68,129
1,<environment.Job instance at 0x7f7882960f50>,2,18,[3 8],3,3,21,0,3
1,<environment.Job instance at 0x7f7882dbe4b0>,3,12,[6 3],4,21,33,17,5
1,<environment.Job instance at 0x7f7838a31870>,14,15,[1 5],15,21,36,6,15
1,<environment.Job instance at 0x7f7838a31e60>,15,2,[10  4],16,36,38,20,17
1,<environment.Job instance at 0x7f7838a31d20>,16,2,[8 5],17,33,35,16,18
1,<environment.Job instance at 0x7f7838808d20>,24,13,[8 4],25,38,51,13,26
1,<environment.Job instance at 0x7f78388085f0>,27,25,[4 6],28,51,76,23,50
1,<environment.Job instance at 0x7f7838a3bb90>,41,24,[4 8],42,76,100,34,71
1,<environment.Job instance at 0x7f7838a53370>,51,12,[3 5],52,100,112,48,83
1,<environment.Job instance at 0x7f7838a53190>,54,23,[ 5 10],55,112,135,57,106
1,<environment.Job instance at 0x7f4f410610f0>,0,13,[9 3],1,1,14,0,1
1,<environment.Job instance at 0x7f4f3dc521e0>,3,3,[4 8],4,14,17,10,4
1,<environment.Job instance at 0x7f4f3dc52190>,4,14,[1 6],5,17,31,12,7
1,<environment.Job instance at 0x7f4f3dc52be0>,14,13,[7 3],15,17,30,2,15
1,<environment.Job instance at 0x7f4f3dc54410>,23,27,[1 6],24,31,58,7,29
1,<environment.Job instance at 0x7f4f3dc54d70>,30,14,[5 2],31,59,73,28,59
1,<environment.Job instance at 0x7f4f3dc54f50>,33,14,[5 5],34,61,75,27,61
1,<environment.Job instance at 0x7f4f3dc54e10>,35,15,[9 5],36,75,90,39,67
1,<environment.Job instance at 0x7f4f3dc59460>,43,18,[5 5],44,90,108,46,79
1,<environment.Job instance at 0x7f4f3dc59960>,48,15,[10  1],49,108,123,59,104
1,<environment.Job instance at 0x7f4f3dc59f50>,56,17,[8 5],57,139,156,82,139
1,<environment.Job instance at 0x7f4f411dc870>,9,14,[2 6],10,10,24,0,10
1,<environment.Job instance at 0x7f4f411dc280>,13,2,[7 3],14,14,16,0,14
1,<environment.Job instance at 0x7f4f411dc8c0>,11,13,[8 5],12,24,37,12,14
1,<environment.Job instance at 0x7f4f41089460>,22,3,[10  2],23,37,40,14,24
1,<environment.Job instance at 0x7f4f41089cd0>,23,2,[8 3],24,40,42,16,25
1,<environment.Job instance at 0x7f4f41089e10>,24,12,[3 8],25,42,54,17,27
1,<environment.Job instance at 0x7f4f411d2c30>,27,1,[9 1],28,54,55,26,29
1,<environment.Job instance at 0x7f4f411ce690>,30,13,[10  5],31,55,68,24,39
1,<environment.Job instance at 0x7f4f410886e0>,44,16,[7 2],45,68,84,23,61
1,<environment.Job instance at 0x7f4f411d59b0>,47,3,[1 5],48,68,71,20,62
1,<environment.Job instance at 0x7f4f411d5fa0>,49,1,[ 2 10],50,84,85,34,66
1,<environment.Job instance at 0x7f4f410e8a50>,55,1,[3 8],56,80,81,24,80
1,<environment.Job instance at 0x7f4f411d5be0>,54,16,[9 4],55,85,101,30,82
1,<environment.Job instance at 0x7f4f410e8aa0>,57,16,[9 2],58,101,117,43,94
1,<environment.Job instance at 0x7f4f411cb190>,62,20,[1 7],63,101,121,38,100
1,<environment.Job instance at 0x7f4f410e5f00>,66,19,[2 7],67,121,140,54,111
1,<environment.Job instance at 0x7f4ef5f6ba50>,0,15,[7 1],1,1,16,0,1
1,<environment.Job instance at 0x7f4ef5f6b7d0>,2,13,[1 6],3,3,16,0,3
1,<environment.Job instance at 0x7f4f3de64640>,20,27,[ 5 10],21,21,48,0,21
1,<environment.Job instance at 0x7f4f3dea0500>,21,17,[7 5],22,48,65,26,38
1,<environment.Job instance at 0x7f4ef6029d20>,35,13,[5 5],36,65,78,29,55
1,<environment.Job instance at 0x7f4ef60297d0>,47,12,[5 8],48,78,90,30,72
1,<environment.Job instance at 0x7f4ef6029af0>,48,14,[7 5],49,90,104,41,77
1,<environment.Job instance at 0x7f4ef5efd5a0>,54,17,[7 2],55,104,121,49,93
1,<environment.Job instance at 0x7f4f3d9c17d0>,61,17,[2 6],62,104,121,42,94
1,<environment.Job instance at 0x7f4f3d9c1f50>,62,19,[8 2],63,121,140,58,111
1,<environment.Job instance at 0x7f4ef5ebd7d0>,70,18,[3 5],71,140,158,69,131
1,<environment.Job instance at 0x7f4f40b62820>,1,16,[6 5],2,2,18,0,2
1,<environment.Job instance at 0x7f4f3ddb6910>,12,3,[ 1 10],13,18,21,5,14
1,<environment.Job instance at 0x7f4f405909b0>,3,27,[1 8],4,21,48,17,20
1,<environment.Job instance at 0x7f4f3dd635f0>,21,18,[3 6],22,48,66,26,37
1,<environment.Job instance at 0x7f4ef6029690>,24,14,[7 1],25,43,57,18,43
1,<environment.Job instance at 0x7f4ef60098c0>,25,25,[6 3],26,57,82,31,53
1,<environment.Job instance at 0x7f4ef5eb6230>,41,22,[ 1 10],42,94,116,52,94
1,<environment.Job instance at 0x7f4ef5eb6410>,43,2,[5 6],44,116,118,72,95
1,<environment.Job instance at 0x7f4f41089410>,52,15,[1 6],53,118,133,65,113
1,<environment.Job instance at 0x7f4ef5eb6fa0>,39,27,[ 5 10],40,133,160,93,132
1,<environment.Job instance at 0x7f4ef644d7d0>,0,26,[6 3],1,1,27,0,1
1,<environment.Job instance at 0x7f4f409f05a0>,21,3,[8 4],22,33,36,11,33
1,<environment.Job instance at 0x7f4f409f0280>,23,3,[9 2],24,36,39,12,34
1,<environment.Job instance at 0x7f4f409ec640>,24,18,[4 7],25,39,57,14,34
1,<environment.Job instance at 0x7f4f409ecaa0>,27,13,[8 2],28,57,70,29,50
1,<environment.Job instance at 0x7f4f409ecfa0>,32,17,[1 6],33,63,80,30,63
1,<environment.Job instance at 0x7f4f409fdfa0>,34,1,[1 9],35,80,81,45,65
1,<environment.Job instance at 0x7f4f409e4eb0>,49,15,[5 2],50,137,152,87,137
1,<environment.Job instance at 0x7f4ef634bc80>,0,16,[5 9],1,1,17,0,1
1,<environment.Job instance at 0x7f4f40bcadc0>,7,12,[5 4],8,17,29,9,8
1,<environment.Job instance at 0x7f4f3dcbf460>,17,3,[3 8],18,29,32,11,21
1,<environment.Job instance at 0x7f4f3dcbf780>,19,13,[ 2 10],20,32,45,12,21
1,<environment.Job instance at 0x7f4f3dcbf370>,21,15,[7 5],22,45,60,23,31
1,<environment.Job instance at 0x7f4f3dcbf910>,23,16,[8 2],24,60,76,36,47
1,<environment.Job instance at 0x7f4f3e05b550>,34,18,[1 8],35,77,95,42,77
1,<environment.Job instance at 0x7f4f3e05bf50>,33,16,[ 4 10],34,95,111,61,82
1,<environment.Job instance at 0x7f4f3e05bc80>,42,2,[5 6],43,111,113,68,96
1,<environment.Job instance at 0x7f4f3e05b280>,43,3,[10  1],44,113,116,69,96
1,<environment.Job instance at 0x7f4f3e05b6e0>,41,3,[3 7],42,116,119,74,96
1,<environment.Job instance at 0x7f4f3db19eb0>,46,2,[6 4],47,119,121,72,98
1,<environment.Job instance at 0x7f4f3db19910>,48,3,[2 7],49,121,124,72,107
1,<environment.Job instance at 0x7f4f3db19e10>,49,2,[10  2],50,124,126,74,107
1,<environment.Job instance at 0x7f4f3db198c0>,50,1,[8 1],51,121,122,70,107
1,<environment.Job instance at 0x7f4f3db19cd0>,52,17,[1 9],53,126,143,73,119
1,<environment.Job instance at 0x7f4f3e05b0a0>,40,20,[9 5],41,143,163,102,134
1,<environment.Job instance at 0x7f4f3dbcfcd0>,2,19,[8 3],3,5,24,2,5
1,<environment.Job instance at 0x7f4f3dcc8d70>,8,14,[9 5],9,24,38,15,9
1,<environment.Job instance at 0x7f4f3dcf0c80>,22,14,[10  1],23,38,52,15,30
1,<environment.Job instance at 0x7f4ef5f559b0>,25,14,[5 7],26,52,66,26,45
1,<environment.Job instance at 0x7f4f3dc17a00>,4,17,[8 5],5,66,83,61,65
1,<environment.Job instance at 0x7f4f40a95cd0>,39,13,[7 2],40,83,96,43,71
1,<environment.Job instance at 0x7f4f40a95b90>,46,18,[3 6],47,101,119,54,101
1,<environment.Job instance at 0x7f4f405cbf50>,53,18,[4 5],54,119,137,65,113
1,<environment.Job instance at 0x7f4f3dd3d320>,54,15,[3 5],55,119,134,64,114
1,<environment.Job instance at 0x7f4f40a95f00>,38,18,[ 4 10],39,137,155,98,129
1,<environment.Job instance at 0x7f4ef60e1190>,1,18,[4 9],2,3,21,1,3
1,<environment.Job instance at 0x7f4ef5e733c0>,14,22,[1 8],15,21,43,6,20
1,<environment.Job instance at 0x7f4ef5e735a0>,19,17,[9 1],20,29,46,9,29
1,<environment.Job instance at 0x7f4ef5e73e10>,24,15,[5 3],25,46,61,21,32
1,<environment.Job instance at 0x7f4ef5e77230>,31,12,[8 2],32,61,73,29,49
1,<environment.Job instance at 0x7f4ef5e77730>,34,15,[4 7],35,73,88,38,64
1,<environment.Job instance at 0x7f4ef5e77af0>,41,16,[4 9],42,90,106,48,90
1,<environment.Job instance at 0x7f4ef5e77a00>,43,26,[1 8],44,106,132,62,106
1,<environment.Job instance at 0x7f4ef5e807d0>,53,3,[9 4],54,132,135,78,121
1,<environment.Job instance at 0x7f4ef5e80870>,54,14,[2 7],55,135,149,80,126
1,<environment.Job instance at 0x7f4ef5e80690>,51,23,[9 4],52,149,172,97,143
1,<environment.Job instance at 0x7f4ef5e805a0>,1,17,[9 4],2,2,19,0,2
1,<environment.Job instance at 0x7f4f3da002d0>,4,14,[9 5],5,19,33,14,5
1,<environment.Job instance at 0x7f4f4061c0f0>,20,17,[8 2],21,33,50,12,24
1,<environment.Job instance at 0x7f4f3da62730>,24,15,[2 5],25,34,49,9,34
1,<environment.Job instance at 0x7f4f3de06460>,25,13,[2 7],26,49,62,23,34
1,<environment.Job instance at 0x7f4f404957d0>,36,15,[2 7],37,80,95,43,80
1,<environment.Job instance at 0x7f4ef651ecd0>,2,17,[8 1],3,5,22,2,5
1,<environment.Job instance at 0x7f4f3dd59050>,8,14,[1 6],9,9,23,0,9
1,<environment.Job instance at 0x7f4ef63d0aa0>,12,18,[6 4],13,22,40,9,13
1,<environment.Job instance at 0x7f4f3db92be0>,16,1,[5 3],17,40,41,23,22
1,<environment.Job instance at 0x7f4f409f4640>,17,12,[2 5],18,23,35,5,22
1,<environment.Job instance at 0x7f4f3de0b410>,21,12,[5 1],22,40,52,18,25
1,<environment.Job instance at 0x7f4ef62f1730>,30,1,[4 9],31,41,42,10,38
1,<environment.Job instance at 0x7f4ef62f1a00>,28,18,[5 6],29,42,60,13,38
1,<environment.Job instance at 0x7f4f40645f00>,27,1,[5 4],28,52,53,24,43
1,<environment.Job instance at 0x7f4ef62f1c30>,34,2,[7 3],35,60,62,25,43
1,<environment.Job instance at 0x7f4f3dec11e0>,37,16,[3 5],38,60,76,22,47
1,<environment.Job instance at 0x7f4ef62f10f0>,35,16,[5 7],36,76,92,40,66
1,<environment.Job instance at 0x7f4f408aec30>,45,24,[7 5],46,92,116,46,90
1,<environment.Job instance at 0x7f4ef61ac320>,55,2,[7 1],56,116,118,60,99
1,<environment.Job instance at 0x7f4ef61ac050>,56,13,[ 1 10],57,118,131,61,102
1,<environment.Job instance at 0x7f4f405f3190>,64,2,[ 4 10],65,131,133,66,113
1,<environment.Job instance at 0x7f4ef6530780>,61,15,[3 9],62,133,148,71,123
1,<environment.Job instance at 0x7f4f405f3e60>,67,15,[6 1],68,133,148,65,124
1,<environment.Job instance at 0x7f4ef658dc30>,0,20,[5 8],1,1,21,0,1
1,<environment.Job instance at 0x7f4f409be5a0>,7,14,[8 3],8,21,35,13,9
1,<environment.Job instance at 0x7f4f3db1b820>,18,13,[5 9],19,35,48,16,27
1,<environment.Job instance at 0x7f4f3db1b690>,23,1,[6 3],24,48,49,24,27
1,<environment.Job instance at 0x7f4f3db1bb40>,24,3,[6 1],25,49,52,24,27
1,<environment.Job instance at 0x7f4f3db1bd20>,25,1,[10  4],26,52,53,26,27
1,<environment.Job instance at 0x7f4f3db1bbe0>,26,12,[9 1],27,53,65,26,36
1,<environment.Job instance at 0x7f4f3db074b0>,31,1,[6 1],32,65,66,33,39
1,<environment.Job instance at 0x7f4ef64db410>,8,14,[7 5],9,66,80,57,62
1,<environment.Job instance at 0x7f4f3db07e10>,43,17,[5 1],44,80,97,36,76
1,<environment.Job instance at 0x7f4f3db07f00>,44,1,[9 2],45,97,98,52,76
1,<environment.Job instance at 0x7f4f3db076e0>,36,23,[5 6],37,98,121,61,92
1,<environment.Job instance at 0x7f4ef5f67550>,54,17,[5 7],55,121,138,66,113
1,<environment.Job instance at 0x7f4ef5f67460>,63,20,[5 2],64,121,141,57,121
1,<environment.Job instance at 0x7f4ef6541500>,0,13,[8 2],1,1,14,0,1
1,<environment.Job instance at 0x7f4f405eeaa0>,6,20,[10  4],7,14,34,7,7
1,<environment.Job instance at 0x7f4ef652ed20>,25,3,[ 4 10],26,34,37,8,26
1,<environment.Job instance at 0x7f4ef652e640>,26,1,[1 6],27,37,38,10,27
1,<environment.Job instance at 0x7f4ef652e460>,27,2,[4 6],28,38,40,10,29
1,<environment.Job instance at 0x7f4ef652ecd0>,28,2,[ 2 10],29,40,42,11,29
1,<environment.Job instance at 0x7f4f4049a690>,30,12,[9 2],31,42,54,11,31
1,<environment.Job instance at 0x7f4f3dd66aa0>,36,15,[6 4],37,54,69,17,43
1,<environment.Job instance at 0x7f4f3dd66050>,38,3,[6 4],39,69,72,30,46
1,<environment.Job instance at 0x7f4f3dd663c0>,41,13,[3 5],42,54,67,12,52
1,<environment.Job instance at 0x7f4ef60b9eb0>,47,2,[10  5],48,80,82,32,80
1,<environment.Job instance at 0x7f4ef60b9d70>,48,3,[10  4],49,82,85,33,80
1,<environment.Job instance at 0x7f4f4049a140>,31,24,[2 6],32,85,109,53,80
1,<environment.Job instance at 0x7f4ef60b9960>,49,14,[5 9],50,109,123,59,96
1,<environment.Job instance at 0x7f4ef62f13c0>,63,17,[7 2],64,123,140,59,112
1,<environment.Job instance at 0x7f4f3de8e320>,3,17,[6 4],4,4,21,0,4
1,<environment.Job instance at 0x7f4f3de8e910>,6,21,[10  2],7,21,42,14,13
1,<environment.Job instance at 0x7f4f404c6b90>,23,1,[6 5],24,42,43,18,37
1,<environment.Job instance at 0x7f4f404c6c30>,20,25,[ 4 10],21,43,68,22,39
1,<environment.Job instance at 0x7f4ef624da00>,33,15,[5 7],34,68,83,34,65
1,<environment.Job instance at 0x7f4f3dafc5f0>,37,17,[ 5 10],38,83,100,45,75
1,<environment.Job instance at 0x7f4f3dafc410>,40,17,[6 1],41,100,117,59,88
1,<environment.Job instance at 0x7f4ef6147280>,49,28,[4 8],50,100,128,50,99
1,<environment.Job instance at 0x7f4f3de8ebe0>,8,12,[1 5],9,128,140,119,111
1,<environment.Job instance at 0x7f4ef6147640>,51,13,[8 2],52,128,141,76,116
1,<environment.Job instance at 0x7f4f3dced3c0>,59,17,[4 6],60,141,158,81,129
1,<environment.Job instance at 0x7f4f3dced910>,61,15,[5 1],62,141,156,79,129
1,<environment.Job instance at 0x7f4f3e084d70>,0,12,[8 3],1,1,13,0,1
1,<environment.Job instance at 0x7f4f3e0840a0>,1,14,[9 3],2,13,27,11,2
1,<environment.Job instance at 0x7f4ef6378690>,13,3,[6 1],14,27,30,13,14
1,<environment.Job instance at 0x7f4ef6324b40>,28,14,[5 6],29,30,44,1,29
1,<environment.Job instance at 0x7f4ef64013c0>,31,1,[7 3],32,44,45,12,32
1,<environment.Job instance at 0x7f4f3e09c0f0>,39,3,[ 2 10],40,45,48,5,41
1,<environment.Job instance at 0x7f4ef63928c0>,18,28,[9 5],19,50,78,31,50
1,<environment.Job instance at 0x7f4f3dd70dc0>,46,16,[ 5 10],47,78,94,31,65
1,<environment.Job instance at 0x7f4f3dff07d0>,53,13,[8 4],54,94,107,40,82
1,<environment.Job instance at 0x7f4f3db678c0>,4,24,[4 8],5,5,29,0,5
1,<environment.Job instance at 0x7f4ef5e67820>,15,14,[ 2 10],16,34,48,18,34
1,<environment.Job instance at 0x7f4ef5e34e10>,18,14,[ 1 10],19,48,62,29,35
1,<environment.Job instance at 0x7f4f3e07d280>,27,12,[6 5],28,62,74,34,61
1,<environment.Job instance at 0x7f4f3e07d730>,28,18,[4 7],29,74,92,45,67
1,<environment.Job instance at 0x7f4f3da0d460>,39,13,[4 7],40,101,114,61,101
1,<environment.Job instance at 0x7f4f3da0d230>,40,15,[1 8],41,114,129,73,106
1,<environment.Job instance at 0x7f4f3da0d7d0>,45,18,[ 3 10],46,129,147,83,119
1,<environment.Job instance at 0x7f4f3e0bc640>,56,1,[6 5],57,147,148,90,128
1,<environment.Job instance at 0x7f4ef64bf0a0>,1,18,[9 3],2,4,22,2,4
1,<environment.Job instance at 0x7f4ef5d381e0>,11,14,[1 7],12,15,29,3,15
1,<environment.Job instance at 0x7f4ef5c45190>,17,18,[3 8],18,29,47,11,18
1,<environment.Job instance at 0x7f4ef5c45a00>,22,19,[1 5],23,47,66,24,38
1,<environment.Job instance at 0x7f4ef5c45460>,30,12,[3 6],31,66,78,35,52
1,<environment.Job instance at 0x7f4ef5c45cd0>,32,12,[2 8],33,78,90,45,61
1,<environment.Job instance at 0x7f4f3dba0a00>,37,12,[6 5],38,90,102,52,76
1,<environment.Job instance at 0x7f4f3dba0870>,40,13,[2 9],41,102,115,61,87
1,<environment.Job instance at 0x7f4f3dba0af0>,48,17,[8 1],49,113,130,64,113
1,<environment.Job instance at 0x7f4f3dba08c0>,47,24,[2 9],48,122,146,74,122
1,<environment.Job instance at 0x7f4ef5d44d20>,56,2,[4 9],57,146,148,89,143
1,<environment.Job instance at 0x7f4ef6142730>,0,16,[5 1],1,1,17,0,1
1,<environment.Job instance at 0x7f4f3e136a50>,7,17,[6 2],8,17,34,9,10
1,<environment.Job instance at 0x7f4f3dabfeb0>,19,12,[ 5 10],20,34,46,14,22
1,<environment.Job instance at 0x7f4f3dabf6e0>,13,21,[5 5],14,46,67,32,39
1,<environment.Job instance at 0x7f4f408360f0>,36,16,[4 8],37,67,83,30,55
1,<environment.Job instance at 0x7f4f40a56320>,38,22,[5 8],39,83,105,44,82
1,<environment.Job instance at 0x7f4ef6155a50>,49,17,[6 3],50,105,122,55,93
1,<environment.Job instance at 0x7f4ef6154500>,56,16,[3 5],57,120,136,63,120
1,<environment.Job instance at 0x7f4ef616e730>,58,14,[6 1],59,122,136,63,121
1,<environment.Job instance at 0x7f4ef616e230>,60,1,[10  5],61,136,137,75,121
1,<environment.Job instance at 0x7f4ef6174dc0>,64,17,[7 5],65,137,154,72,134
1,<environment.Job instance at 0x7f4ef5bd9be0>,0,17,[9 5],1,1,18,0,1
1,<environment.Job instance at 0x7f4ef5bd95a0>,2,12,[1 5],3,3,15,0,3
1,<environment.Job instance at 0x7f4ef5bd93c0>,3,20,[1 7],4,18,38,14,10
1,<environment.Job instance at 0x7f4f3e0d2a00>,20,14,[5 3],21,36,50,15,36
1,<environment.Job instance at 0x7f4f3dd7c460>,21,2,[10  4],22,50,52,28,36
1,<environment.Job instance at 0x7f4ef63be230>,22,16,[1 7],23,52,68,29,44
1,<environment.Job instance at 0x7f4f40b30aa0>,33,13,[9 5],34,70,83,36,70
1,<environment.Job instance at 0x7f4f40b303c0>,35,23,[ 3 10],36,83,106,47,77
1,<environment.Job instance at 0x7f4f40567eb0>,42,14,[5 8],43,106,120,63,98
1,<environment.Job instance at 0x7f4f3defdf50>,44,12,[ 2 10],45,120,132,75,103
1,<environment.Job instance at 0x7f4f40b3bc80>,51,17,[1 7],52,132,149,80,120
1,<environment.Job instance at 0x7f4f40de87d0>,58,14,[3 9],59,149,163,90,135
1,<environment.Job instance at 0x7f4f40de8910>,62,3,[5 1],63,135,138,72,135
1,<environment.Job instance at 0x7f4ef6205820>,6,17,[10  3],7,7,24,0,7
1,<environment.Job instance at 0x7f4ef62bad20>,15,15,[5 2],16,24,39,8,16
1,<environment.Job instance at 0x7f4ef62badc0>,17,1,[3 5],18,24,25,6,19
1,<environment.Job instance at 0x7f4ef651b5f0>,19,1,[3 8],20,25,26,5,20
1,<environment.Job instance at 0x7f4ef62b2320>,32,22,[10  1],33,51,73,18,51
1,<environment.Job instance at 0x7f4ef62b2e10>,37,18,[3 8],38,73,91,35,71
1,<environment.Job instance at 0x7f4ef5cc1780>,40,18,[5 4],41,91,109,50,80
1,<environment.Job instance at 0x7f4ef5cc15a0>,47,17,[10  5],48,114,131,66,114
1,<environment.Job instance at 0x7f4ef5d7eb90>,53,18,[5 4],54,131,149,77,124
1,<environment.Job instance at 0x7f4f3dbf50f0>,3,16,[7 5],4,4,20,0,4
1,<environment.Job instance at 0x7f4f3e12da00>,4,15,[5 6],5,20,35,15,6
1,<environment.Job instance at 0x7f4ef6120f50>,11,3,[7 5],12,35,38,23,13
1,<environment.Job instance at 0x7f4f3e0c4690>,14,2,[7 5],15,38,40,23,15
1,<environment.Job instance at 0x7f4f40a73960>,18,3,[2 7],19,40,43,21,19
1,<environment.Job instance at 0x7f4f3de59280>,28,19,[5 8],29,43,62,14,36
1,<environment.Job instance at 0x7f4f3dca12d0>,32,14,[6 2],33,62,76,29,48
1,<environment.Job instance at 0x7f4f3df87730>,37,15,[2 8],38,66,81,28,66
1,<environment.Job instance at 0x7f4f3df87b90>,42,20,[ 1 10],43,81,101,38,72
1,<environment.Job instance at 0x7f4ef64e66e0>,60,16,[6 5],61,111,127,50,111
1,<environment.Job instance at 0x7f4ef650b780>,63,16,[3 5],64,111,127,47,111
1,<environment.Job instance at 0x7f4ef650b5f0>,64,23,[5 9],65,127,150,62,122
1,<environment.Job instance at 0x7eff6ca02230>,3,3,[4 8],4,4,7,0,4
1,<environment.Job instance at 0x7eff6ca02280>,4,14,[1 6],5,7,21,2,6
1,<environment.Job instance at 0x7eff6ca024b0>,6,20,[6 1],7,7,27,0,7
1,<environment.Job instance at 0x7eff6ca02a50>,12,26,[ 1 10],13,27,53,14,25
1,<environment.Job instance at 0x7eff6ca02eb0>,19,14,[3 5],20,53,67,33,38
1,<environment.Job instance at 0x7eff6ca02690>,23,27,[1 6],24,68,95,44,68
1,<environment.Job instance at 0x7eff6ca03a00>,34,24,[1 8],35,95,119,60,90
1,<environment.Job instance at 0x7eff6ca078c0>,48,15,[10  1],49,119,134,70,116
1,<environment.Job instance at 0x7eff6ca07aa0>,51,3,[1 5],52,134,137,82,130
1,<environment.Job instance at 0x7eff6ca07b40>,52,1,[8 5],53,134,135,81,131
1,<environment.Job instance at 0x7eff6ca07f00>,56,17,[8 5],57,143,160,86,143
1,<environment.Job instance at 0x7eff6ca09a00>,2,14,[2 9],3,3,17,0,3
1,<environment.Job instance at 0x7eff6dcd8280>,9,12,[9 3],10,17,29,7,10
1,<environment.Job instance at 0x7eff6db89690>,16,14,[5 5],17,29,43,12,20
1,<environment.Job instance at 0x7eff6dcd7a50>,23,14,[7 5],24,43,57,19,30
1,<environment.Job instance at 0x7eff6dcce2d0>,40,18,[4 5],41,57,75,16,48
1,<environment.Job instance at 0x7eff6dccefa0>,44,16,[9 4],45,75,91,30,62
1,<environment.Job instance at 0x7eff6db88410>,48,15,[7 5],49,91,106,42,77
1,<environment.Job instance at 0x7eff6dcd5e60>,58,18,[6 3],59,106,124,47,97
1,<environment.Job instance at 0x7eff6db88870>,52,20,[1 7],53,106,126,53,97
1,<environment.Job instance at 0x7eff6dbe8a50>,69,3,[5 1],70,124,127,54,120
1,<environment.Job instance at 0x7eff6c92b500>,63,24,[7 4],64,127,151,63,127
1,<environment.Job instance at 0x7eff6ca0fbe0>,3,3,[4 8],4,4,7,0,4
1,<environment.Job instance at 0x7eff22bfa6e0>,5,3,[3 8],6,7,10,1,6
1,<environment.Job instance at 0x7eff22b3b640>,8,18,[1 5],9,10,28,1,10
1,<environment.Job instance at 0x7eff22b3b960>,13,2,[5 7],14,28,30,14,15
1,<environment.Job instance at 0x7eff22b3b820>,15,13,[5 5],16,30,43,14,16
1,<environment.Job instance at 0x7eff22a56960>,36,12,[8 3],37,51,63,14,51
1,<environment.Job instance at 0x7eff22a4bd20>,51,3,[7 3],52,101,104,49,101
1,<environment.Job instance at 0x7eff22a4be60>,49,17,[9 1],50,106,123,56,106
1,<environment.Job instance at 0x7eff22a1faf0>,61,12,[5 5],62,123,135,61,118
1,<environment.Job instance at 0x7eff22a1f5f0>,64,2,[2 5],65,125,127,60,125
1,<environment.Job instance at 0x7eff22a1faa0>,65,14,[7 4],66,135,149,69,134
1,<environment.Job instance at 0x7eff6ca0f9b0>,2,16,[9 2],3,4,20,1,4
1,<environment.Job instance at 0x7eff22aa0500>,3,15,[6 3],4,20,35,16,9
1,<environment.Job instance at 0x7eff22d99050>,7,3,[7 1],8,35,38,27,16
1,<environment.Job instance at 0x7eff22b37dc0>,13,2,[5 6],14,38,40,24,16
1,<environment.Job instance at 0x7eff22b37e60>,16,3,[8 2],17,40,43,23,17
1,<environment.Job instance at 0x7eff22b37a00>,15,3,[6 5],16,43,46,27,19
1,<environment.Job instance at 0x7eff22b37320>,18,20,[6 2],19,46,66,27,37
1,<environment.Job instance at 0x7eff22b37eb0>,27,18,[1 7],28,48,66,20,48
1,<environment.Job instance at 0x7eff22ee8fa0>,30,15,[1 6],31,66,81,35,52
1,<environment.Job instance at 0x7eff22ee8e10>,34,12,[8 4],35,66,78,31,55
1,<environment.Job instance at 0x7eff22ee8820>,37,14,[6 2],38,78,92,40,65
1,<environment.Job instance at 0x7eff22ef8140>,40,12,[8 1],41,92,104,51,75
1,<environment.Job instance at 0x7eff6cc87af0>,44,12,[6 5],45,104,116,59,98
1,<environment.Job instance at 0x7eff6cc87780>,47,12,[ 4 10],48,116,128,68,108
1,<environment.Job instance at 0x7eff22f103c0>,60,3,[9 5],61,128,131,67,122
1,<environment.Job instance at 0x7eff22f10f00>,59,17,[1 5],60,128,145,68,123
1,<environment.Job instance at 0x7eff6ca66730>,8,1,[6 1],9,11,12,2,11
1,<environment.Job instance at 0x7eff6cf83f00>,9,15,[5 2],10,14,29,4,14
1,<environment.Job instance at 0x7eff6cb5f8c0>,11,14,[7 1],12,29,43,17,15
1,<environment.Job instance at 0x7eff22e44fa0>,19,1,[10  3],20,43,44,23,39
1,<environment.Job instance at 0x7eff2295c320>,20,16,[5 1],21,47,63,26,47
1,<environment.Job instance at 0x7eff2295c4b0>,23,18,[ 1 10],24,63,81,39,56
1,<environment.Job instance at 0x7eff2295c370>,21,16,[ 2 10],22,81,97,59,72
1,<environment.Job instance at 0x7eff2295caa0>,32,2,[ 2 10],33,97,99,64,72
1,<environment.Job instance at 0x7eff2295cc30>,36,1,[5 7],37,99,100,62,80
1,<environment.Job instance at 0x7eff2295c9b0>,31,1,[9 5],32,100,101,68,80
1,<environment.Job instance at 0x7eff2295c280>,30,15,[ 4 10],31,101,116,70,87
1,<environment.Job instance at 0x7eff2295c820>,41,18,[4 8],42,116,134,74,112
1,<environment.Job instance at 0x7eff2295e870>,53,18,[ 4 10],54,134,152,80,123
1,<environment.Job instance at 0x7eff2295ef50>,60,1,[4 8],61,152,153,91,143
1,<environment.Job instance at 0x7eff6d630460>,2,17,[1 9],3,3,20,0,3
1,<environment.Job instance at 0x7eff6d630500>,3,14,[5 5],4,20,34,16,5
1,<environment.Job instance at 0x7eff6cc67f00>,15,12,[ 3 10],16,34,46,18,18
1,<environment.Job instance at 0x7eff6cc67a50>,20,16,[9 2],21,46,62,25,33
1,<environment.Job instance at 0x7eff6d0f3870>,25,12,[5 9],26,62,74,36,58
1,<environment.Job instance at 0x7eff6d0f3c80>,29,17,[9 2],30,74,91,44,69
1,<environment.Job instance at 0x7eff6c7d4a50>,43,18,[ 2 10],44,91,109,47,89
1,<environment.Job instance at 0x7eff6c7d47d0>,48,15,[8 3],49,109,124,60,96
1,<environment.Job instance at 0x7eff6cf0bcd0>,57,1,[6 3],58,124,125,66,110
1,<environment.Job instance at 0x7eff6cf0b1e0>,58,19,[7 1],59,125,144,66,117
1,<environment.Job instance at 0x7eff6cdeadc0>,10,15,[5 1],11,12,27,1,12
1,<environment.Job instance at 0x7eff22a53a50>,13,1,[2 9],14,15,16,1,15
1,<environment.Job instance at 0x7eff6d6d0190>,19,18,[1 9],20,22,40,2,22
1,<environment.Job instance at 0x7eff6d1aaf00>,22,2,[1 5],23,40,42,17,23
1,<environment.Job instance at 0x7eff6d215a50>,25,3,[10  2],26,42,45,16,28
1,<environment.Job instance at 0x7eff22bbb910>,27,2,[9 1],28,32,34,4,32
1,<environment.Job instance at 0x7eff22cd1f50>,28,2,[ 2 10],29,45,47,16,32
1,<environment.Job instance at 0x7eff6cc87f50>,4,22,[5 8],5,47,69,42,40
1,<environment.Job instance at 0x7eff22bd6d70>,33,18,[5 2],34,47,65,13,45
1,<environment.Job instance at 0x7eff6da91e10>,37,3,[9 4],38,69,72,31,56
1,<environment.Job instance at 0x7eff6d4965f0>,38,3,[6 3],39,72,75,33,56
1,<environment.Job instance at 0x7eff6c941500>,40,1,[4 8],41,75,76,34,56
1,<environment.Job instance at 0x7eff6c941e60>,42,3,[5 8],43,76,79,33,58
1,<environment.Job instance at 0x7eff6d4cc3c0>,54,14,[5 9],55,100,114,45,100
1,<environment.Job instance at 0x7eff6d6d0f50>,2,16,[1 9],3,3,19,0,3
1,<environment.Job instance at 0x7eff6d8e85f0>,3,13,[6 4],4,19,32,15,4
1,<environment.Job instance at 0x7eff22984730>,18,13,[3 6],19,19,32,0,19
1,<environment.Job instance at 0x7eff22984a00>,20,14,[3 5],21,32,46,11,21
1,<environment.Job instance at 0x7eff22984dc0>,24,12,[7 2],25,32,44,7,25
1,<environment.Job instance at 0x7eff22984eb0>,25,17,[ 5 10],26,46,63,20,35
1,<environment.Job instance at 0x7eff22962c80>,44,16,[7 3],45,79,95,34,79
1,<environment.Job instance at 0x7eff2295a500>,55,18,[10  4],56,120,138,64,120
1,<environment.Job instance at 0x7eff2295aeb0>,65,16,[2 7],66,138,154,72,130
1,<environment.Job instance at 0x7eff6ca53d20>,12,18,[ 5 10],13,17,35,4,17
1,<environment.Job instance at 0x7eff2306d4b0>,17,12,[6 2],18,35,47,17,18
1,<environment.Job instance at 0x7eff230918c0>,33,15,[8 4],34,47,62,13,45
1,<environment.Job instance at 0x7eff6cfec5a0>,47,13,[7 4],48,68,81,20,68
1,<environment.Job instance at 0x7eff6d2851e0>,55,13,[6 4],56,108,121,52,108
1,<environment.Job instance at 0x7eff6d285cd0>,57,18,[4 7],58,121,139,63,110
1,<environment.Job instance at 0x7eff6cfe1500>,3,18,[4 9],4,4,22,0,4
1,<environment.Job instance at 0x7eff6c9b0aa0>,15,3,[5 6],16,22,25,6,17
1,<environment.Job instance at 0x7eff6cb4f9b0>,16,2,[3 5],17,25,27,8,17
1,<environment.Job instance at 0x7eff6cb4faa0>,14,17,[10  4],15,27,44,12,21
1,<environment.Job instance at 0x7eff22ffcdc0>,24,3,[3 7],25,44,47,19,28
1,<environment.Job instance at 0x7eff6c989230>,28,3,[9 1],29,47,50,18,29
1,<environment.Job instance at 0x7eff6c989410>,29,15,[6 1],30,50,65,20,36
1,<environment.Job instance at 0x7eff6d1ee690>,36,12,[1 9],37,49,61,12,49
1,<environment.Job instance at 0x7eff6d18a730>,39,15,[9 3],40,65,80,25,51
1,<environment.Job instance at 0x7eff6d0b9320>,41,3,[1 7],42,61,64,19,53
1,<environment.Job instance at 0x7eff6d0b95f0>,45,1,[9 4],46,80,81,34,70
1,<environment.Job instance at 0x7eff6d0b93c0>,46,3,[ 4 10],47,81,84,34,70
1,<environment.Job instance at 0x7eff6d0b94b0>,47,2,[5 8],48,84,86,36,71
1,<environment.Job instance at 0x7eff6d0b9820>,43,16,[4 9],44,86,102,42,77
1,<environment.Job instance at 0x7eff6cae0c30>,52,17,[1 6],53,102,119,49,90
1,<environment.Job instance at 0x7eff6cae07d0>,58,1,[5 1],59,90,91,31,90
1,<environment.Job instance at 0x7eff6cb13d70>,60,26,[5 7],61,119,145,58,116
1,<environment.Job instance at 0x7eff6d0084b0>,71,12,[8 3],72,145,157,73,130
1,<environment.Job instance at 0x7eff6ceb5a00>,1,17,[3 6],2,4,21,2,4
1,<environment.Job instance at 0x7eff6ceb3780>,10,16,[5 4],11,12,28,1,12
1,<environment.Job instance at 0x7eff6c81a690>,15,3,[8 5],16,28,31,12,16
1,<environment.Job instance at 0x7eff6c81a870>,18,3,[1 7],19,31,34,12,19
1,<environment.Job instance at 0x7eff6c81abe0>,21,17,[ 4 10],22,34,51,12,25
1,<environment.Job instance at 0x7eff6c8080f0>,29,13,[6 1],30,51,64,21,38
1,<environment.Job instance at 0x7eff6c808140>,30,12,[ 4 10],31,64,76,33,47
1,<environment.Job instance at 0x7eff6c808c30>,43,13,[10  1],44,76,89,32,75
1,<environment.Job instance at 0x7eff6c808d70>,45,1,[4 6],46,89,90,43,75
1,<environment.Job instance at 0x7eff6c808aa0>,39,28,[4 8],40,90,118,50,90
1,<environment.Job instance at 0x7eff6c821460>,53,1,[5 4],54,118,119,64,95
1,<environment.Job instance at 0x7eff6c821e10>,66,1,[5 1],67,113,114,46,113
1,<environment.Job instance at 0x7eff6c821f00>,67,12,[10  4],68,119,131,51,113
1,<environment.Job instance at 0x7eff6c821fa0>,68,12,[3 8],69,131,143,62,118
1,<environment.Job instance at 0x7eff6d1f7190>,3,12,[9 4],4,4,16,0,4
1,<environment.Job instance at 0x7eff23003e60>,6,15,[5 2],7,16,31,9,7
1,<environment.Job instance at 0x7eff6c98d7d0>,18,14,[10  3],19,31,45,12,19
1,<environment.Job instance at 0x7eff6dccb230>,20,24,[9 4],21,45,69,24,41
1,<environment.Job instance at 0x7eff6cb137d0>,33,17,[7 3],34,69,86,35,69
1,<environment.Job instance at 0x7eff6cb13f50>,36,12,[4 6],37,86,98,49,76
1,<environment.Job instance at 0x7eff22ef8cd0>,47,22,[10  4],48,100,122,52,100
1,<environment.Job instance at 0x7eff6d0b94b0>,59,13,[3 8],60,122,135,62,116
1,<environment.Job instance at 0x7eff6d0b9eb0>,63,17,[6 4],64,135,152,71,132
1,<environment.Job instance at 0x7eff2290f3c0>,3,19,[3 9],4,5,24,1,5
1,<environment.Job instance at 0x7eff2290f820>,5,17,[9 1],6,24,41,18,12
1,<environment.Job instance at 0x7eff6dccba00>,15,15,[2 6],16,41,56,25,30
1,<environment.Job instance at 0x7eff6cac0910>,20,18,[8 3],21,41,59,20,32
1,<environment.Job instance at 0x7eff6cb0f910>,34,15,[7 4],35,65,80,30,65
1,<environment.Job instance at 0x7eff6cb0f6e0>,40,23,[5 8],41,80,103,39,74
1,<environment.Job instance at 0x7eff6c771910>,46,13,[5 4],47,103,116,56,87
1,<environment.Job instance at 0x7eff22b55820>,50,12,[8 3],51,116,128,65,106
1,<environment.Job instance at 0x7eff6cabee10>,65,18,[2 9],66,135,153,69,135
1,<environment.Job instance at 0x7eff6cb72b40>,6,14,[4 9],7,7,21,0,7
1,<environment.Job instance at 0x7eff6d560e10>,8,17,[9 3],9,21,38,12,10
1,<environment.Job instance at 0x7eff6c940050>,14,2,[8 2],15,38,40,23,16
1,<environment.Job instance at 0x7eff6d379be0>,21,2,[8 2],22,40,42,18,24
1,<environment.Job instance at 0x7eff6d388dc0>,18,3,[7 5],19,42,45,23,24
1,<environment.Job instance at 0x7eff6d379d20>,24,1,[9 2],25,45,46,20,26
1,<environment.Job instance at 0x7eff6d379b40>,25,2,[5 1],26,46,48,20,26
1,<environment.Job instance at 0x7eff6d379c80>,26,3,[6 3],27,48,51,21,27
1,<environment.Job instance at 0x7eff6c834820>,30,1,[4 8],31,46,47,15,32
1,<environment.Job instance at 0x7eff6c832730>,32,1,[2 5],33,38,39,5,38
1,<environment.Job instance at 0x7eff229a8a00>,13,23,[5 6],14,51,74,37,45
1,<environment.Job instance at 0x7eff6c8324b0>,31,17,[9 4],32,74,91,42,64
1,<environment.Job instance at 0x7eff6cb36cd0>,41,16,[1 7],42,91,107,49,78
1,<environment.Job instance at 0x7eff6d4aca50>,46,23,[9 2],47,91,114,44,88
1,<environment.Job instance at 0x7eff230aaa50>,49,27,[ 5 10],50,114,141,64,113
1,<environment.Job instance at 0x7eff6cd330a0>,61,16,[4 7],62,141,157,79,130
1,<environment.Job instance at 0x7eff22e855a0>,65,3,[4 8],66,157,160,91,135
1,<environment.Job instance at 0x7eff6c832dc0>,1,19,[10  5],2,2,21,0,2
1,<environment.Job instance at 0x7eff2282cbe0>,6,15,[5 8],7,21,36,14,7
1,<environment.Job instance at 0x7eff6ccd9550>,13,12,[5 2],14,21,33,7,18
1,<environment.Job instance at 0x7eff6c7cddc0>,16,18,[3 7],17,36,54,19,25
1,<environment.Job instance at 0x7eff6d548fa0>,20,15,[5 5],21,54,69,33,40
1,<environment.Job instance at 0x7eff6c9c5870>,34,2,[6 2],35,49,51,14,49
1,<environment.Job instance at 0x7eff6c9c5140>,36,3,[9 4],37,69,72,32,54
1,<environment.Job instance at 0x7eff22c470a0>,31,18,[9 3],32,72,90,40,61
1,<environment.Job instance at 0x7eff6c85e550>,41,14,[1 7],42,72,86,30,61
1,<environment.Job instance at 0x7eff6c85e820>,50,3,[1 9],51,90,93,39,80
1,<environment.Job instance at 0x7eff6c85ec30>,49,15,[10  3],50,93,108,43,83
1,<environment.Job instance at 0x7eff6cc1b780>,60,12,[3 6],61,108,120,47,105
1,<environment.Job instance at 0x7eff22c97aa0>,59,14,[9 3],60,120,134,60,107
1,<environment.Job instance at 0x7eff6c8199b0>,25,18,[1 6],26,120,138,94,114
1,<environment.Job instance at 0x7eff6cc1b820>,62,12,[2 8],63,138,150,75,121
1,<environment.Job instance at 0x7eff6cc1b690>,64,15,[5 2],65,134,149,69,121
1,<environment.Job instance at 0x7eff227cd8c0>,2,17,[7 2],3,5,22,2,5
1,<environment.Job instance at 0x7eff226e0780>,12,18,[3 8],13,14,32,1,14
1,<environment.Job instance at 0x7eff226e31e0>,30,3,[9 5],31,44,47,13,44
1,<environment.Job instance at 0x7eff226e0280>,9,16,[ 4 10],10,47,63,37,44
1,<environment.Job instance at 0x7eff226e39b0>,32,3,[6 5],33,63,66,30,44
1,<environment.Job instance at 0x7eff226e07d0>,21,2,[9 4],22,66,68,44,46
1,<environment.Job instance at 0x7eff226e3190>,34,3,[7 2],35,68,71,33,46
1,<environment.Job instance at 0x7eff226e3d20>,35,3,[1 8],36,68,71,32,46
1,<environment.Job instance at 0x7eff226e3af0>,36,1,[5 8],37,71,72,34,47
1,<environment.Job instance at 0x7eff226e3410>,29,21,[ 5 10],30,72,93,42,66
1,<environment.Job instance at 0x7eff22745a00>,44,14,[3 5],45,93,107,48,78
1,<environment.Job instance at 0x7eff22745280>,49,12,[6 2],50,93,105,43,92
1,<environment.Job instance at 0x7eff22745870>,48,14,[5 1],49,105,119,56,92
1,<environment.Job instance at 0x7eff22745410>,52,1,[10  1],53,119,120,66,96
1,<environment.Job instance at 0x7eff227458c0>,43,27,[4 6],44,120,147,76,118
1,<environment.Job instance at 0x7eff2271d780>,4,16,[1 7],5,5,21,0,5
1,<environment.Job instance at 0x7eff6cd56a00>,6,14,[2 9],7,21,35,14,7
1,<environment.Job instance at 0x7eff6d015eb0>,10,17,[9 5],11,35,52,24,23
1,<environment.Job instance at 0x7eff22c25780>,23,3,[9 2],24,52,55,28,41
1,<environment.Job instance at 0x7eff22c255f0>,25,16,[7 4],26,55,71,29,43
1,<environment.Job instance at 0x7eff22c25cd0>,30,14,[5 3],31,71,85,40,60
1,<environment.Job instance at 0x7eff22c557d0>,38,26,[5 7],39,74,100,35,74
1,<environment.Job instance at 0x7eff6cd3b690>,41,2,[2 9],42,100,102,58,78
1,<environment.Job instance at 0x7eff6c965b40>,39,28,[ 4 10],40,102,130,62,101
1,<environment.Job instance at 0x7eff6ce7ee60>,51,14,[1 9],52,130,144,78,117
1,<environment.Job instance at 0x7eff2303e8c0>,58,14,[9 1],59,130,144,71,122
1,<environment.Job instance at 0x7eff2303ebe0>,61,17,[1 7],62,144,161,82,136
1,<environment.Job instance at 0x7eff6cd6ceb0>,65,21,[5 2],66,144,165,78,136
1,<environment.Job instance at 0x7eff22c1ffa0>,4,13,[8 4],5,5,18,0,5
1,<environment.Job instance at 0x7eff6ca58d20>,6,17,[10  3],7,18,35,11,7
1,<environment.Job instance at 0x7eff22bf8820>,12,14,[5 8],13,35,49,22,24
1,<environment.Job instance at 0x7eff6d8b1dc0>,22,17,[5 8],23,49,66,26,38
1,<environment.Job instance at 0x7eff22990c30>,39,23,[1 5],40,66,89,26,61
1,<environment.Job instance at 0x7eff22d63370>,0,16,[9 1],1,2,18,1,2
1,<environment.Job instance at 0x7eff6d06e2d0>,7,14,[5 1],8,18,32,10,9
1,<environment.Job instance at 0x7eff6d06e6e0>,10,18,[5 8],11,18,36,7,12
1,<environment.Job instance at 0x7eff6d0226e0>,26,1,[ 4 10],27,36,37,9,33
1,<environment.Job instance at 0x7eff227d3280>,28,3,[5 3],29,37,40,8,33
1,<environment.Job instance at 0x7eff227d3f50>,30,15,[ 4 10],31,40,55,9,35
1,<environment.Job instance at 0x7eff227d3960>,32,20,[ 1 10],33,55,75,22,46
1,<environment.Job instance at 0x7eff227d3c80>,40,2,[5 8],41,75,77,34,56
1,<environment.Job instance at 0x7eff227d3550>,41,2,[9 2],42,77,79,35,57
1,<environment.Job instance at 0x7eff227d3cd0>,39,17,[4 9],40,79,96,39,67
1,<environment.Job instance at 0x7eff6cdaa6e0>,53,16,[3 5],54,96,112,42,83
1,<environment.Job instance at 0x7eff6cdaae60>,57,23,[6 2],58,96,119,38,94
1,<environment.Job instance at 0x7eff227caa50>,62,17,[5 5],63,119,136,56,107
1,<environment.Job instance at 0x7eff227ca690>,64,14,[5 7],65,136,150,71,131
1,<environment.Job instance at 0x7eff22915b40>,0,15,[5 2],1,1,16,0,1
1,<environment.Job instance at 0x7eff228e40a0>,11,14,[ 2 10],12,16,30,4,12
1,<environment.Job instance at 0x7eff229da280>,13,2,[2 6],14,30,32,16,15
1,<environment.Job instance at 0x7eff6cbee0f0>,15,12,[4 5],16,32,44,16,20
1,<environment.Job instance at 0x7eff22eb6fa0>,22,1,[5 5],23,34,35,11,34
1,<environment.Job instance at 0x7eff22744230>,23,17,[6 2],24,35,52,11,34
1,<environment.Job instance at 0x7eff22f14fa0>,26,18,[7 3],27,60,78,33,60
1,<environment.Job instance at 0x7eff6cbb8a50>,29,18,[8 1],30,78,96,48,69
1,<environment.Job instance at 0x7eff6c9b42d0>,38,13,[8 3],39,96,109,57,85
1,<environment.Job instance at 0x7eff6c9b4780>,36,17,[10  5],37,109,126,72,97
1,<environment.Job instance at 0x7eff23069280>,49,1,[5 4],50,131,132,81,131
1,<environment.Job instance at 0x7eff23069460>,50,1,[7 1],51,132,133,81,131
1,<environment.Job instance at 0x7eff23069050>,51,17,[4 8],52,133,150,81,131
1,<environment.Job instance at 0x7eff23069e60>,56,2,[8 3],57,150,152,93,134
1,<environment.Job instance at 0x7f750be9a0f0>,0,13,[9 3],1,1,14,0,1
1,<environment.Job instance at 0x7f750ad3b3c0>,6,20,[6 1],7,14,34,7,8
1,<environment.Job instance at 0x7f750be9a0a0>,7,1,[5 4],8,34,35,26,11
1,<environment.Job instance at 0x7f750ad3bb40>,13,18,[ 4 10],14,35,53,21,24
1,<environment.Job instance at 0x7f750ad3d230>,22,1,[2 7],23,31,32,8,31
1,<environment.Job instance at 0x7f750ad3d0a0>,26,3,[3 7],27,53,56,26,48
1,<environment.Job instance at 0x7f750ad3d3c0>,24,18,[2 6],25,56,74,31,49
1,<environment.Job instance at 0x7f750ad3db40>,35,15,[9 5],36,74,89,38,72
1,<environment.Job instance at 0x7f750ad402d0>,38,2,[ 1 10],39,89,91,50,75
1,<environment.Job instance at 0x7f750ad40500>,43,18,[5 5],44,91,109,47,81
1,<environment.Job instance at 0x7f750ad413c0>,58,14,[2 7],59,133,147,74,133
1,<environment.Job instance at 0x7f750ad414b0>,59,17,[1 6],60,147,164,87,136
1,<environment.Job instance at 0x7f750ad410a0>,62,22,[6 4],63,147,169,84,141
1,<environment.Job instance at 0x7f750ae03aa0>,0,18,[10  3],1,1,19,0,1
1,<environment.Job instance at 0x7f750bec1d20>,6,14,[5 5],7,19,33,12,8
1,<environment.Job instance at 0x7f750bec2320>,12,14,[2 7],13,33,47,20,18
1,<environment.Job instance at 0x7f750c009870>,26,12,[ 3 10],27,47,59,20,30
1,<environment.Job instance at 0x7f750c007a50>,38,15,[7 5],39,59,74,20,56
1,<environment.Job instance at 0x7f750c007690>,42,20,[1 7],43,74,94,31,67
1,<environment.Job instance at 0x7f750c00b320>,52,2,[9 3],53,78,80,25,78
1,<environment.Job instance at 0x7f750c0072d0>,37,16,[9 2],38,83,99,45,83
1,<environment.Job instance at 0x7f750c015f00>,57,2,[4 5],58,99,101,41,93
1,<environment.Job instance at 0x7f750c00b140>,53,24,[7 4],54,101,125,47,98
1,<environment.Job instance at 0x7f750c015280>,63,12,[9 1],64,125,137,61,108
1,<environment.Job instance at 0x7f750c00d0a0>,67,17,[5 2],68,137,154,69,125
1,<environment.Job instance at 0x7f74c10b9780>,0,14,[7 5],1,1,15,0,1
1,<environment.Job instance at 0x7f74c0d84640>,7,12,[5 8],8,15,27,7,8
1,<environment.Job instance at 0x7f74c0d84730>,8,14,[7 5],9,27,41,18,12
1,<environment.Job instance at 0x7f74c0d6b640>,20,2,[10  2],21,41,43,20,22
1,<environment.Job instance at 0x7f74c0d6b820>,16,12,[8 3],17,43,55,26,27
1,<environment.Job instance at 0x7f74c0d5a3c0>,29,17,[9 1],30,55,72,25,46
1,<environment.Job instance at 0x7f74c0e91dc0>,33,1,[1 7],34,46,47,12,46
1,<environment.Job instance at 0x7f74c0e91aa0>,40,13,[5 6],41,72,85,31,66
1,<environment.Job instance at 0x7f74c0e91910>,42,12,[5 5],43,85,97,42,70
1,<environment.Job instance at 0x7f74c0e8e6e0>,51,13,[4 5],52,85,98,33,83
1,<environment.Job instance at 0x7f74c0e8ea00>,57,2,[10  4],58,98,100,40,90
1,<environment.Job instance at 0x7f74c0e8e280>,59,14,[5 7],60,100,114,40,94
1,<environment.Job instance at 0x7f74c0e8eaa0>,63,14,[2 7],64,118,132,54,118
1,<environment.Job instance at 0x7f74c0de56e0>,5,15,[7 4],6,7,22,1,7
1,<environment.Job instance at 0x7f74c0dd98c0>,7,14,[6 2],8,22,36,14,8
1,<environment.Job instance at 0x7f74c0e64550>,2,18,[5 5],3,36,54,33,30
1,<environment.Job instance at 0x7f74c11d3fa0>,29,17,[1 5],30,37,54,7,37
1,<environment.Job instance at 0x7f74c11f0140>,17,12,[ 4 10],18,54,66,36,38
1,<environment.Job instance at 0x7f74c0e93dc0>,44,15,[9 1],45,66,81,21,63
1,<environment.Job instance at 0x7f74c0d88e60>,52,13,[1 5],53,86,99,33,86
1,<environment.Job instance at 0x7f74c0e93550>,51,3,[5 5],52,86,89,34,86
1,<environment.Job instance at 0x7f74c0d88b40>,53,20,[5 4],54,89,109,35,86
1,<environment.Job instance at 0x7f74c0d88dc0>,55,3,[5 5],56,99,102,43,86
1,<environment.Job instance at 0x7f74c0d88cd0>,54,2,[10  3],55,109,111,54,87
1,<environment.Job instance at 0x7f74c0d88960>,57,2,[7 2],58,111,113,53,88
1,<environment.Job instance at 0x7f74c0d88a00>,56,2,[3 9],57,113,115,56,88
1,<environment.Job instance at 0x7f74c0d88780>,58,3,[10  4],59,115,118,56,92
1,<environment.Job instance at 0x7f74c0d88370>,64,15,[10  3],65,118,133,53,104
1,<environment.Job instance at 0x7f74c0e73230>,3,15,[10  4],4,4,19,0,4
1,<environment.Job instance at 0x7f750ad2b190>,8,14,[8 3],9,19,33,10,9
1,<environment.Job instance at 0x7f750b27f7d0>,16,12,[6 3],17,33,45,16,18
1,<environment.Job instance at 0x7f74c0c94870>,20,1,[4 8],21,45,46,24,24
1,<environment.Job instance at 0x7f74c0c948c0>,22,3,[5 2],23,45,48,22,28
1,<environment.Job instance at 0x7f74c0c94af0>,23,2,[2 5],24,28,30,4,28
1,<environment.Job instance at 0x7f74c0c94cd0>,25,16,[4 6],26,46,62,20,44
1,<environment.Job instance at 0x7f74c0c94c80>,27,3,[8 5],28,62,65,34,48
1,<environment.Job instance at 0x7f74c0c94fa0>,29,16,[2 8],30,65,81,35,52
1,<environment.Job instance at 0x7f74c0c97370>,35,17,[7 4],36,81,98,45,69
1,<environment.Job instance at 0x7f74c0c97230>,33,18,[ 5 10],34,98,116,64,88
1,<environment.Job instance at 0x7f74c0c97eb0>,50,13,[9 3],51,116,129,65,104
1,<environment.Job instance at 0x7f74c0c97a00>,44,17,[3 6],45,129,146,84,117
1,<environment.Job instance at 0x7f74c0c99550>,59,2,[4 6],60,146,148,86,124
1,<environment.Job instance at 0x7f74c0c99870>,64,1,[8 1],65,148,149,83,135
1,<environment.Job instance at 0x7f750b86daa0>,5,17,[ 2 10],6,6,23,0,6
1,<environment.Job instance at 0x7f750b86d6e0>,11,1,[2 7],12,23,24,11,13
1,<environment.Job instance at 0x7f750b86d550>,12,2,[4 5],13,24,26,11,17
1,<environment.Job instance at 0x7f750ae90960>,19,18,[1 5],20,24,42,4,21
1,<environment.Job instance at 0x7f750b86dd70>,8,19,[7 1],9,26,45,17,21
1,<environment.Job instance at 0x7f750ae90370>,28,14,[ 4 10],29,45,59,16,44
1,<environment.Job instance at 0x7f750ae90c80>,29,13,[7 5],30,59,72,29,45
1,<environment.Job instance at 0x7f750ae90870>,27,18,[6 2],28,72,90,44,62
1,<environment.Job instance at 0x7f750ae701e0>,37,3,[2 8],38,72,75,34,72
1,<environment.Job instance at 0x7f750ae700f0>,41,13,[9 4],42,90,103,48,78
1,<environment.Job instance at 0x7f750ae909b0>,31,14,[9 5],32,103,117,71,88
1,<environment.Job instance at 0x7f74c0d88e10>,56,16,[4 9],57,117,133,60,108
1,<environment.Job instance at 0x7f74c0d845a0>,62,2,[8 2],63,133,135,70,114
1,<environment.Job instance at 0x7f74c0d84370>,64,1,[ 3 10],65,135,136,70,115
1,<environment.Job instance at 0x7f750b7e0c80>,68,14,[6 3],69,136,150,67,127
1,<environment.Job instance at 0x7f750b7e0500>,69,2,[3 7],70,136,138,66,129
1,<environment.Job instance at 0x7f750ae71cd0>,2,17,[5 1],3,3,20,0,3
1,<environment.Job instance at 0x7f750ae70370>,5,12,[8 3],6,20,32,14,6
1,<environment.Job instance at 0x7f750b86bc30>,12,17,[1 5],13,14,31,1,14
1,<environment.Job instance at 0x7f74c0e9f140>,9,14,[8 5],10,32,46,22,17
1,<environment.Job instance at 0x7f74c0f0b230>,22,2,[ 2 10],23,46,48,23,29
1,<environment.Job instance at 0x7f750ae60500>,23,3,[1 6],24,48,51,24,29
1,<environment.Job instance at 0x7f750b7e0190>,25,3,[10  3],26,51,54,25,48
1,<environment.Job instance at 0x7f750b7e0500>,27,3,[5 6],28,54,57,26,48
1,<environment.Job instance at 0x7f750ae29e60>,29,3,[6 1],30,48,51,18,48
1,<environment.Job instance at 0x7f750b000b90>,30,12,[2 6],31,57,69,26,50
1,<environment.Job instance at 0x7f750b000730>,31,2,[6 2],32,57,59,25,51
1,<environment.Job instance at 0x7f74c136bd70>,33,3,[7 2],34,59,62,25,52
1,<environment.Job instance at 0x7f750b4fb9b0>,34,13,[5 8],35,69,82,34,53
1,<environment.Job instance at 0x7f750ad240f0>,37,3,[3 7],38,82,85,44,68
1,<environment.Job instance at 0x7f74c120ad20>,39,13,[4 8],40,85,98,45,70
1,<environment.Job instance at 0x7f750ac7c460>,44,2,[9 5],45,98,100,53,91
1,<environment.Job instance at 0x7f750ad92140>,51,18,[4 9],52,110,128,58,110
1,<environment.Job instance at 0x7f750ad921e0>,53,13,[9 3],54,128,141,74,113
1,<environment.Job instance at 0x7f750ad92a50>,62,3,[6 1],63,141,144,78,132
1,<environment.Job instance at 0x7f750ae4c730>,63,23,[1 7],64,135,158,71,135
1,<environment.Job instance at 0x7f74c134bdc0>,0,24,[10  5],1,1,25,0,1
1,<environment.Job instance at 0x7f74c13398c0>,15,1,[5 2],16,25,26,9,16
1,<environment.Job instance at 0x7f74c1339a00>,16,15,[4 7],17,25,40,8,17
1,<environment.Job instance at 0x7f750ae5d910>,3,18,[6 3],4,26,44,22,17
1,<environment.Job instance at 0x7f74c1339690>,25,13,[3 7],26,40,53,14,33
1,<environment.Job instance at 0x7f74c132f410>,29,13,[4 5],30,53,66,23,45
1,<environment.Job instance at 0x7f74c132f500>,34,14,[9 5],35,66,80,31,55
1,<environment.Job instance at 0x7f74c132ff50>,44,18,[ 2 10],45,80,98,35,69
1,<environment.Job instance at 0x7f74c132ffa0>,45,14,[8 4],46,98,112,52,84
1,<environment.Job instance at 0x7f74c131e410>,54,15,[2 5],55,98,113,43,94
1,<environment.Job instance at 0x7f74c131e6e0>,55,13,[2 7],56,113,126,57,97
1,<environment.Job instance at 0x7f74c131ea00>,62,13,[3 7],63,128,141,65,128
1,<environment.Job instance at 0x7f74c131edc0>,63,12,[1 8],64,141,153,77,129
1,<environment.Job instance at 0x7f74c13170a0>,0,22,[1 9],1,1,23,0,1
1,<environment.Job instance at 0x7f750b420230>,7,17,[1 7],8,23,40,15,11
1,<environment.Job instance at 0x7f74c11f0a00>,20,3,[2 6],21,40,43,19,21
1,<environment.Job instance at 0x7f74c1023a50>,35,13,[2 6],36,60,73,24,60
1,<environment.Job instance at 0x7f74c1106140>,43,13,[4 7],44,78,91,34,78
1,<environment.Job instance at 0x7f74c1091aa0>,45,16,[5 7],46,91,107,45,78
1,<environment.Job instance at 0x7f750b8dfd70>,53,13,[10  3],54,107,120,53,103
1,<environment.Job instance at 0x7f750b02a910>,62,17,[3 8],63,126,143,63,126
1,<environment.Job instance at 0x7f74c103b500>,66,13,[ 1 10],67,143,156,76,133
1,<environment.Job instance at 0x7f74c1131500>,0,21,[5 2],1,1,22,0,1
1,<environment.Job instance at 0x7f750aafae10>,6,14,[3 9],7,22,36,15,8
1,<environment.Job instance at 0x7f750b180910>,24,18,[6 3],25,36,54,11,25
1,<environment.Job instance at 0x7f750b4055f0>,19,1,[6 1],20,54,55,34,42
1,<environment.Job instance at 0x7f750baa1c30>,11,17,[2 9],12,54,71,42,42
1,<environment.Job instance at 0x7f750b8640f0>,28,25,[ 5 10],29,71,96,42,69
1,<environment.Job instance at 0x7f750b7c08c0>,38,14,[3 8],39,96,110,57,89
1,<environment.Job instance at 0x7f750b455aa0>,53,20,[5 2],54,112,132,58,112
1,<environment.Job instance at 0x7f750c015500>,50,12,[6 1],51,132,144,81,116
1,<environment.Job instance at 0x7f750ae4db90>,59,14,[8 5],60,144,158,84,134
1,<environment.Job instance at 0x7f74c10608c0>,0,12,[9 2],1,1,13,0,1
1,<environment.Job instance at 0x7f750b295a50>,2,15,[4 9],3,13,28,10,3
1,<environment.Job instance at 0x7f74c0fbffa0>,11,13,[3 5],12,28,41,16,13
1,<environment.Job instance at 0x7f74c0f980f0>,16,12,[10  3],17,41,53,24,29
1,<environment.Job instance at 0x7f74c0f98d20>,29,12,[1 5],30,56,68,26,56
1,<environment.Job instance at 0x7f74c0f98fa0>,34,18,[1 8],35,68,86,33,59
1,<environment.Job instance at 0x7f74c0fb5370>,39,17,[6 3],40,86,103,46,77
1,<environment.Job instance at 0x7f74c0f97690>,61,12,[10  1],62,141,153,79,141
1,<environment.Job instance at 0x7f74c0f976e0>,62,16,[7 1],63,153,169,90,141
1,<environment.Job instance at 0x7f74c0f97550>,1,13,[8 2],2,2,15,0,2
1,<environment.Job instance at 0x7f750b675dc0>,5,18,[7 4],6,15,33,9,6
1,<environment.Job instance at 0x7f750b1fbbe0>,22,17,[ 1 10],23,33,50,10,23
1,<environment.Job instance at 0x7f750b1fbf50>,28,12,[3 7],29,50,62,21,37
1,<environment.Job instance at 0x7f750abc8e60>,39,20,[7 2],40,60,80,20,60
1,<environment.Job instance at 0x7f750acf7960>,43,15,[9 4],44,80,95,36,69
1,<environment.Job instance at 0x7f750acf7190>,46,2,[10  2],47,95,97,48,71
1,<environment.Job instance at 0x7f750b455af0>,48,22,[ 3 10],49,97,119,48,90
1,<environment.Job instance at 0x7f750b455b40>,53,14,[5 7],54,119,133,65,106
1,<environment.Job instance at 0x7f750b455500>,54,19,[3 7],55,133,152,78,123
1,<environment.Job instance at 0x7f750b813e10>,10,17,[10  2],11,29,46,18,29
1,<environment.Job instance at 0x7f750b813640>,15,3,[7 1],16,46,49,30,31
1,<environment.Job instance at 0x7f750abf2460>,24,16,[9 5],25,49,65,24,48
1,<environment.Job instance at 0x7f750ac6e410>,39,14,[5 4],40,69,83,29,69
1,<environment.Job instance at 0x7f750ac6eb90>,40,1,[10  2],41,83,84,42,70
1,<environment.Job instance at 0x7f750ac6ea50>,38,17,[3 8],39,84,101,45,76
1,<environment.Job instance at 0x7f750ac6e0a0>,43,2,[2 7],44,101,103,57,81
1,<environment.Job instance at 0x7f750ac6ec30>,46,13,[9 1],47,103,116,56,91
1,<environment.Job instance at 0x7f750aab4960>,53,3,[2 8],54,116,119,62,104
1,<environment.Job instance at 0x7f750aab4d20>,57,13,[5 6],58,119,132,61,114
1,<environment.Job instance at 0x7f74c132bfa0>,66,14,[4 9],67,132,146,65,124
1,<environment.Job instance at 0x7f750ad915f0>,8,18,[5 5],9,9,27,0,9
1,<environment.Job instance at 0x7f750b471d20>,13,15,[4 8],14,27,42,13,17
1,<environment.Job instance at 0x7f750b4f5870>,22,14,[1 8],23,42,56,19,40
1,<environment.Job instance at 0x7f750b4e1eb0>,27,14,[6 2],28,40,54,12,40
1,<environment.Job instance at 0x7f750b4e1d70>,29,13,[5 3],30,56,69,26,44
1,<environment.Job instance at 0x7f750ac0b0a0>,34,2,[5 7],35,64,66,29,64
1,<environment.Job instance at 0x7f750ac0b910>,33,28,[10  4],34,69,97,35,69
1,<environment.Job instance at 0x7f750ac0d870>,39,14,[ 1 10],40,97,111,57,89
1,<environment.Job instance at 0x7f750b67b050>,48,12,[1 5],49,111,123,62,98
1,<environment.Job instance at 0x7f750b6a5780>,49,12,[8 1],50,111,123,61,98
1,<environment.Job instance at 0x7f750b6a5cd0>,56,15,[5 8],57,123,138,66,123
1,<environment.Job instance at 0x7f750abf0780>,43,15,[5 6],44,138,153,94,128
1,<environment.Job instance at 0x7f74c0e0c2d0>,63,12,[5 2],64,132,144,68,132
1,<environment.Job instance at 0x7f750acfbb90>,2,17,[7 2],3,3,20,0,3
1,<environment.Job instance at 0x7f750bc13af0>,11,2,[3 6],12,12,14,0,12
1,<environment.Job instance at 0x7f74c0b05730>,14,13,[2 9],15,20,33,5,15
1,<environment.Job instance at 0x7f750b3cb640>,21,17,[4 8],22,33,50,11,31
1,<environment.Job instance at 0x7f750b3cb500>,26,13,[5 1],27,32,45,5,32
1,<environment.Job instance at 0x7f74c0ced500>,28,21,[5 3],29,50,71,21,43
1,<environment.Job instance at 0x7f74c127d780>,41,21,[2 7],42,66,87,24,66
1,<environment.Job instance at 0x7f74c0b25730>,43,14,[7 2],44,71,85,27,66
1,<environment.Job instance at 0x7f74c0b250a0>,47,14,[9 4],48,87,101,39,75
1,<environment.Job instance at 0x7f750b43ee60>,55,25,[8 3],56,105,130,49,105
1,<environment.Job instance at 0x7f750b012aa0>,66,19,[4 6],67,130,149,63,120
1,<environment.Job instance at 0x7f750b27fbe0>,1,14,[5 8],2,4,18,2,4
1,<environment.Job instance at 0x7f74c132b1e0>,7,2,[9 3],8,18,20,10,9
1,<environment.Job instance at 0x7f74c11f0370>,12,1,[4 5],13,20,21,7,13
1,<environment.Job instance at 0x7f74c11f0b90>,15,15,[3 5],16,29,44,13,29
1,<environment.Job instance at 0x7f74c11f0e60>,14,2,[7 1],15,32,34,17,32
1,<environment.Job instance at 0x7f750b7e6eb0>,18,1,[5 3],19,34,35,15,32
1,<environment.Job instance at 0x7f750b7e6320>,22,13,[4 8],23,44,57,21,34
1,<environment.Job instance at 0x7f750b7e6140>,20,3,[5 6],21,57,60,36,35
1,<environment.Job instance at 0x7f750b7e67d0>,25,13,[8 2],26,60,73,34,44
1,<environment.Job instance at 0x7f750b32c370>,32,2,[9 1],33,73,75,40,48
1,<environment.Job instance at 0x7f750b32cc30>,34,16,[1 7],35,60,76,25,58
1,<environment.Job instance at 0x7f750b32c5f0>,36,14,[2 9],37,76,90,39,61
1,<environment.Job instance at 0x7f750ab6c6e0>,43,20,[1 7],44,90,110,46,86
1,<environment.Job instance at 0x7f750ab6c050>,51,16,[9 2],52,115,131,63,115
1,<environment.Job instance at 0x7f750ab6ceb0>,55,16,[7 4],56,131,147,75,120
1,<environment.Job instance at 0x7f750b11c460>,60,14,[5 3],61,147,161,86,137
1,<environment.Job instance at 0x7f750b11cb90>,62,16,[1 7],63,147,163,84,138
1,<environment.Job instance at 0x7f750b49c550>,2,18,[3 8],3,4,22,1,4
1,<environment.Job instance at 0x7f74c1350050>,12,3,[8 1],13,22,25,9,14
1,<environment.Job instance at 0x7f74c0caad20>,15,2,[10  4],16,25,27,9,16
1,<environment.Job instance at 0x7f74c0bb0500>,17,12,[1 6],18,27,39,9,18
1,<environment.Job instance at 0x7f74c0caedc0>,18,3,[9 1],19,27,30,8,19
1,<environment.Job instance at 0x7f74c0cd12d0>,22,3,[6 3],23,30,33,7,23
1,<environment.Job instance at 0x7f74c10da0a0>,10,13,[5 6],11,39,52,28,23
1,<environment.Job instance at 0x7f74c0caee10>,20,18,[ 4 10],21,52,70,31,43
1,<environment.Job instance at 0x7f750ac4c3c0>,30,1,[5 1],31,47,48,16,47
1,<environment.Job instance at 0x7f750b5d6910>,8,24,[7 5],9,70,94,61,65
1,<environment.Job instance at 0x7f74c110c410>,52,22,[10  1],53,99,121,46,99
1,<environment.Job instance at 0x7f750b689c80>,57,18,[3 8],58,121,139,63,113
1,<environment.Job instance at 0x7f74c0cd1dc0>,3,16,[7 5],4,5,21,1,5
1,<environment.Job instance at 0x7f74c12a36e0>,10,16,[9 1],11,21,37,10,11
1,<environment.Job instance at 0x7f74c0b637d0>,21,2,[3 5],22,37,39,15,22
1,<environment.Job instance at 0x7f74c0bb0b90>,4,15,[5 6],5,39,54,34,25
1,<environment.Job instance at 0x7f750b34e0f0>,6,17,[5 4],7,37,54,30,33
1,<environment.Job instance at 0x7f750b751e60>,29,16,[7 4],30,54,70,24,47
1,<environment.Job instance at 0x7f750afb70f0>,34,18,[10  3],35,70,88,35,59
1,<environment.Job instance at 0x7f750b3733c0>,46,19,[4 8],47,88,107,41,78
1,<environment.Job instance at 0x7f750b4ad960>,56,27,[6 1],57,107,134,50,107
1,<environment.Job instance at 0x7f750b0dc050>,61,3,[5 4],62,134,137,72,113
1,<environment.Job instance at 0x7f750b34d4b0>,65,16,[1 6],66,131,147,65,131
1,<environment.Job instance at 0x7f750b34d410>,66,13,[1 5],67,147,160,80,135
1,<environment.Job instance at 0x7f74c0ac1a50>,0,15,[5 2],1,1,16,0,1
1,<environment.Job instance at 0x7f74c0ac1af0>,1,1,[2 7],2,3,4,1,3
1,<environment.Job instance at 0x7f750b864f50>,7,14,[7 1],8,16,30,8,8
1,<environment.Job instance at 0x7f750adc5aa0>,13,2,[2 6],14,15,17,1,15
1,<environment.Job instance at 0x7f750af2bd70>,8,14,[9 1],9,30,44,21,19
1,<environment.Job instance at 0x7f750adc5230>,24,18,[10  1],25,44,62,19,34
1,<environment.Job instance at 0x7f74c14402d0>,32,13,[10  1],33,62,75,29,57
1,<environment.Job instance at 0x7f74c1440780>,36,17,[10  5],37,75,92,38,63
1,<environment.Job instance at 0x7f74c0ea4b90>,39,14,[2 6],40,92,106,52,82
1,<environment.Job instance at 0x7f74c0ea4280>,40,12,[5 4],41,92,104,51,84
1,<environment.Job instance at 0x7f74c0ea4e60>,42,2,[3 5],43,106,108,63,86
1,<environment.Job instance at 0x7f74c1440b90>,26,18,[7 3],27,104,122,77,94
1,<environment.Job instance at 0x7f74c0b13e10>,52,16,[7 3],53,124,140,71,124
1,<environment.Job instance at 0x7f74c0b13280>,53,12,[1 6],54,132,144,78,132
1,<environment.Job instance at 0x7f750b404550>,63,27,[5 1],64,140,167,76,138
1,<environment.Job instance at 0x7f74c12c0190>,5,15,[3 8],6,6,21,0,6
1,<environment.Job instance at 0x7f750acfb780>,9,21,[4 6],10,21,42,11,13
1,<environment.Job instance at 0x7f750ac312d0>,19,1,[5 1],20,20,21,0,20
1,<environment.Job instance at 0x7f74c13bc370>,14,13,[8 5],15,42,55,27,28
1,<environment.Job instance at 0x7f750b03ab40>,27,12,[7 2],28,59,71,31,59
1,<environment.Job instance at 0x7f750b03a5f0>,29,24,[5 6],30,71,95,41,66
1,<environment.Job instance at 0x7f750b03aeb0>,36,15,[3 7],37,95,110,58,90
1,<environment.Job instance at 0x7f750ad0e870>,43,22,[5 3],44,97,119,53,97
1,<environment.Job instance at 0x7f74c1197050>,50,20,[6 3],51,119,139,68,110
1,<environment.Job instance at 0x7f74c1197640>,59,1,[4 7],60,126,127,66,126
1,<environment.Job instance at 0x7f74c1197b90>,62,2,[3 7],63,127,129,64,126
1,<environment.Job instance at 0x7f74c11c4b40>,63,3,[9 1],64,139,142,75,126
1,<environment.Job instance at 0x7f74c11c4be0>,64,3,[6 1],65,142,145,77,127
1,<environment.Job instance at 0x7f74c11c4c30>,65,2,[7 4],66,145,147,79,127
1,<environment.Job instance at 0x7f74c11c4050>,67,2,[9 5],68,147,149,79,127
1,<environment.Job instance at 0x7f74c11c4550>,66,15,[3 7],67,149,164,82,135
1,<environment.Job instance at 0x7f248b236960>,3,17,[ 5 10],4,4,21,0,4
1,<environment.Job instance at 0x7f248b236e60>,8,16,[1 8],9,21,37,12,9
1,<environment.Job instance at 0x7f248b23b910>,20,14,[4 8],21,37,51,16,26
1,<environment.Job instance at 0x7f248b23d0f0>,26,16,[9 1],27,51,67,24,42
1,<environment.Job instance at 0x7f249058ad70>,3,21,[5 4],4,4,25,0,4
1,<environment.Job instance at 0x7f249058a7d0>,12,3,[4 7],13,25,28,12,15
1,<environment.Job instance at 0x7f249058c730>,16,3,[1 9],17,28,31,11,18
1,<environment.Job instance at 0x7f249058c3c0>,19,12,[7 3],20,31,43,11,24
1,<environment.Job instance at 0x7f24907c1fa0>,27,17,[1 9],28,43,60,15,33
1,<environment.Job instance at 0x7f24907b7820>,34,18,[ 2 10],35,60,78,25,49
1,<environment.Job instance at 0x7f24907b71e0>,1,16,[6 3],2,2,18,0,2
1,<environment.Job instance at 0x7f24455660f0>,10,17,[5 3],11,18,35,7,11
1,<environment.Job instance at 0x7f2445566eb0>,11,18,[5 5],12,18,36,6,14
1,<environment.Job instance at 0x7f2445566b40>,18,13,[1 5],19,35,48,16,19
1,<environment.Job instance at 0x7f24455669b0>,20,16,[5 2],21,36,52,15,27
1,<environment.Job instance at 0x7f2445566870>,23,2,[1 7],24,48,50,24,30
1,<environment.Job instance at 0x7f24455238c0>,1,18,[7 2],2,2,20,0,2
1,<environment.Job instance at 0x7f248b3a2820>,2,15,[6 4],3,20,35,17,6
1,<environment.Job instance at 0x7f248b28fe10>,14,15,[4 8],15,35,50,20,21
1,<environment.Job instance at 0x7f248b38c4b0>,21,16,[9 1],22,50,66,28,37
1,<environment.Job instance at 0x7f248fb7e9b0>,6,2,[4 9],7,8,10,1,8
1,<environment.Job instance at 0x7f248fb7ed20>,10,1,[7 4],11,11,12,0,11
1,<environment.Job instance at 0x7f248fb7ef00>,11,17,[7 2],12,13,30,1,13
1,<environment.Job instance at 0x7f24459838c0>,2,13,[9 4],3,30,43,27,16
1,<environment.Job instance at 0x7f248fb98820>,20,22,[5 5],21,43,65,22,38
1,<environment.Job instance at 0x7f248b236f00>,13,1,[3 7],14,14,15,0,14
1,<environment.Job instance at 0x7f248b2368c0>,6,22,[10  4],7,15,37,8,15
1,<environment.Job instance at 0x7f248fea4780>,25,14,[4 8],26,37,51,11,28
1,<environment.Job instance at 0x7f248b6b8910>,28,12,[1 5],29,51,63,22,37
1,<environment.Job instance at 0x7f248b6660f0>,14,2,[8 4],15,24,26,9,24
1,<environment.Job instance at 0x7f244567e5f0>,20,2,[10  2],21,27,29,6,27
1,<environment.Job instance at 0x7f248fcfb640>,19,14,[ 3 10],20,29,43,9,29
1,<environment.Job instance at 0x7f24458f5c30>,23,13,[9 4],24,43,56,19,35
1,<environment.Job instance at 0x7f2445b1c320>,25,18,[5 9],26,56,74,30,45
1,<environment.Job instance at 0x7f2445908af0>,15,15,[2 7],16,28,43,12,28
1,<environment.Job instance at 0x7f24458e42d0>,17,12,[5 7],18,43,55,25,28
1,<environment.Job instance at 0x7f248fca9d70>,2,27,[1 9],3,7,34,4,7
1,<environment.Job instance at 0x7f248fca94b0>,15,23,[5 5],16,34,57,18,28
1,<environment.Job instance at 0x7f248fbcfb90>,24,15,[1 8],25,57,72,32,47
1,<environment.Job instance at 0x7f248ffb71e0>,1,15,[4 8],2,2,17,0,2
1,<environment.Job instance at 0x7f24458383c0>,2,18,[8 1],3,17,35,14,7
1,<environment.Job instance at 0x7f24457f1370>,13,3,[7 1],14,35,38,21,15
1,<environment.Job instance at 0x7f248b28dd20>,18,15,[6 1],19,38,53,19,24
1,<environment.Job instance at 0x7f248b2b8f50>,33,15,[1 7],34,44,59,10,44
1,<environment.Job instance at 0x7f248b2b88c0>,38,16,[9 4],39,59,75,20,46
1,<environment.Job instance at 0x7f248fcd8a50>,4,15,[4 8],5,5,20,0,5
1,<environment.Job instance at 0x7f248fcd81e0>,5,16,[4 9],6,20,36,14,7
1,<environment.Job instance at 0x7f24453a8cd0>,13,16,[5 1],14,17,33,3,17
1,<environment.Job instance at 0x7f2445795410>,24,1,[5 4],25,36,37,11,27
1,<environment.Job instance at 0x7f244577ea50>,11,17,[3 8],12,37,54,25,29
1,<environment.Job instance at 0x7f24456fe870>,5,17,[3 5],6,6,23,0,6
1,<environment.Job instance at 0x7f24457333c0>,14,22,[6 5],15,18,40,3,18
1,<environment.Job instance at 0x7f2445733910>,19,17,[9 4],20,40,57,20,28
1,<environment.Job instance at 0x7f248b675280>,0,21,[4 9],1,1,22,0,1
1,<environment.Job instance at 0x7f244547f370>,7,17,[7 4],8,22,39,14,11
1,<environment.Job instance at 0x7f244547ffa0>,9,3,[8 1],10,39,42,29,21
1,<environment.Job instance at 0x7f2490534870>,20,14,[9 5],21,42,56,21,31
1,<environment.Job instance at 0x7f2445af0280>,0,22,[2 5],1,1,23,0,1
1,<environment.Job instance at 0x7f244539d960>,9,3,[9 4],10,23,26,13,10
1,<environment.Job instance at 0x7f244539d6e0>,11,3,[8 5],12,12,15,0,12
1,<environment.Job instance at 0x7f244539d9b0>,6,2,[3 5],7,15,17,8,12
1,<environment.Job instance at 0x7f24458e4d20>,13,12,[9 5],14,26,38,12,14
1,<environment.Job instance at 0x7f24458e45f0>,16,16,[9 2],17,38,54,21,25
1,<environment.Job instance at 0x7f244582eb40>,24,2,[4 8],25,54,56,29,34
1,<environment.Job instance at 0x7f244582e7d0>,27,14,[1 6],28,56,70,28,45
1,<environment.Job instance at 0x7f248fe88aa0>,4,14,[4 5],5,5,19,0,5
1,<environment.Job instance at 0x7f248fe88fa0>,9,16,[3 5],10,10,26,0,10
1,<environment.Job instance at 0x7f248fe5e3c0>,13,1,[6 4],14,23,24,9,23
1,<environment.Job instance at 0x7f248fe5ea00>,19,2,[7 5],20,24,26,4,23
1,<environment.Job instance at 0x7f248fe5efa0>,24,3,[1 8],25,26,29,1,26
1,<environment.Job instance at 0x7f248fe5e730>,21,14,[ 1 10],22,29,43,7,27
1,<environment.Job instance at 0x7f248fe86320>,26,16,[ 2 10],27,43,59,16,33
1,<environment.Job instance at 0x7f248fe86780>,32,2,[8 5],33,59,61,26,46
1,<environment.Job instance at 0x7f248fe86690>,1,13,[2 6],2,2,15,0,2
1,<environment.Job instance at 0x7f248fffb2d0>,5,15,[5 2],6,8,23,2,8
1,<environment.Job instance at 0x7f248fffb230>,11,3,[1 7],12,15,18,3,12
1,<environment.Job instance at 0x7f248b522690>,16,24,[4 5],17,18,42,1,17
1,<environment.Job instance at 0x7f248b522e60>,21,13,[5 1],22,25,38,3,25
1,<environment.Job instance at 0x7f2445a26140>,24,14,[4 8],25,42,56,17,27
1,<environment.Job instance at 0x7f2445a260f0>,30,17,[ 4 10],31,56,73,25,45
1,<environment.Job instance at 0x7f248b3893c0>,2,18,[8 5],3,3,21,0,3
1,<environment.Job instance at 0x7f2445897370>,6,15,[5 5],7,21,36,14,9
1,<environment.Job instance at 0x7f24900a8780>,21,3,[5 7],22,36,39,14,23
1,<environment.Job instance at 0x7f248b42efa0>,24,14,[5 6],25,39,53,14,26
1,<environment.Job instance at 0x7f248faa3280>,26,14,[6 2],27,53,67,26,38
1,<environment.Job instance at 0x7f248faa3460>,27,13,[2 5],28,53,66,25,39
1,<environment.Job instance at 0x7f248ffab7d0>,5,26,[2 8],6,6,32,0,6
1,<environment.Job instance at 0x7f248b5420f0>,11,13,[4 8],12,32,45,20,16
1,<environment.Job instance at 0x7f24903d04b0>,2,20,[5 6],3,3,23,0,3
1,<environment.Job instance at 0x7f244577eb40>,10,13,[4 7],11,23,36,12,12
1,<environment.Job instance at 0x7f248b2407d0>,18,12,[2 8],19,36,48,17,25
1,<environment.Job instance at 0x7f248b2403c0>,23,16,[7 4],24,48,64,24,40
1,<environment.Job instance at 0x7f248b0bcaf0>,1,14,[5 6],2,2,16,0,2
1,<environment.Job instance at 0x7f248b0bc460>,2,18,[5 5],3,16,34,13,7
1,<environment.Job instance at 0x7f248b2d1a50>,13,2,[2 7],14,34,36,20,15
1,<environment.Job instance at 0x7f248fabff50>,12,2,[10  5],13,36,38,23,15
1,<environment.Job instance at 0x7f24457a6140>,19,12,[5 5],20,38,50,18,37
1,<environment.Job instance at 0x7f248b0bc640>,4,14,[4 9],5,50,64,45,40
1,<environment.Job instance at 0x7fcb778774b0>,0,18,[9 3],1,4,22,3,4
1,<environment.Job instance at 0x7fcb7671bb90>,5,12,[1 7],6,6,18,0,6
1,<environment.Job instance at 0x7fcb7671e140>,12,17,[1 8],13,22,39,9,13
1,<environment.Job instance at 0x7fcb7671e730>,18,12,[1 8],19,39,51,20,25
1,<environment.Job instance at 0x7fcb767210f0>,28,2,[ 3 10],29,51,53,22,40
1,<environment.Job instance at 0x7fcb7671e280>,15,16,[5 5],16,53,69,37,40
1,<environment.Job instance at 0x7fcb76721550>,31,15,[5 5],32,53,68,21,40
1,<environment.Job instance at 0x7fcb767218c0>,35,1,[9 1],36,50,51,14,50
1,<environment.Job instance at 0x7fcb76721960>,36,13,[7 1],37,69,82,32,54
1,<environment.Job instance at 0x7fcb779f0e10>,11,3,[10  2],12,12,15,0,12
1,<environment.Job instance at 0x7fcb779f0e60>,10,3,[7 1],11,15,18,4,12
1,<environment.Job instance at 0x7fcb779ebfa0>,17,17,[1 9],18,19,36,1,19
1,<environment.Job instance at 0x7fcb779f5410>,24,18,[ 2 10],25,36,54,11,25
1,<environment.Job instance at 0x7fcb778a4640>,30,14,[10  4],31,54,68,23,40
1,<environment.Job instance at 0x7fcb778a4910>,29,12,[ 2 10],30,68,80,38,51
1,<environment.Job instance at 0x7fcb2c89b280>,0,16,[5 2],1,1,17,0,1
1,<environment.Job instance at 0x7fcb2c89bb90>,2,19,[5 8],3,3,22,0,3
1,<environment.Job instance at 0x7fcb2c7473c0>,14,17,[5 3],15,22,39,7,18
1,<environment.Job instance at 0x7fcb2c766230>,27,1,[4 9],28,42,43,14,42
1,<environment.Job instance at 0x7fcb2c7668c0>,28,18,[4 6],29,46,64,17,46
1,<environment.Job instance at 0x7fcb2c7667d0>,29,3,[8 4],30,64,67,34,46
1,<environment.Job instance at 0x7fcb2c766960>,30,12,[4 8],31,67,79,36,53
1,<environment.Job instance at 0x7fcb2c761280>,1,16,[6 4],2,2,18,0,2
1,<environment.Job instance at 0x7fcb76800eb0>,6,14,[6 1],7,18,32,11,8
1,<environment.Job instance at 0x7fcb2c819410>,22,13,[9 4],23,32,45,9,31
1,<environment.Job instance at 0x7fcb2cb22dc0>,28,14,[5 5],29,45,59,16,31
1,<environment.Job instance at 0x7fcb2cc501e0>,32,20,[1 8],33,59,79,26,50
1,<environment.Job instance at 0x7fcb2c819f50>,5,16,[3 7],6,6,22,0,6
1,<environment.Job instance at 0x7fcb76b92140>,7,21,[ 1 10],8,22,43,14,15
1,<environment.Job instance at 0x7fcb76b760f0>,21,14,[2 5],22,43,57,21,28
1,<environment.Job instance at 0x7fcb76b76370>,23,1,[3 7],24,57,58,33,34
1,<environment.Job instance at 0x7fcb76b76640>,29,12,[4 6],30,58,70,28,44
1,<environment.Job instance at 0x7fcb76b76a50>,1,12,[3 5],2,2,14,0,2
1,<environment.Job instance at 0x7fcb7718cb40>,6,16,[9 1],7,15,31,8,15
1,<environment.Job instance at 0x7fcb771ce4b0>,17,3,[ 5 10],18,31,34,13,30
1,<environment.Job instance at 0x7fcb771ce410>,19,14,[ 3 10],20,34,48,14,30
1,<environment.Job instance at 0x7fcb2cb0d4b0>,20,2,[10  2],21,48,50,27,30
1,<environment.Job instance at 0x7fcb2cb0dc30>,27,2,[7 2],28,50,52,22,42
1,<environment.Job instance at 0x7fcb2cb0d690>,28,2,[10  5],29,52,54,23,43
1,<environment.Job instance at 0x7fcb771d3050>,30,3,[1 7],31,54,57,23,43
1,<environment.Job instance at 0x7fcb771d3f00>,31,3,[8 1],32,54,57,22,45
1,<environment.Job instance at 0x7fcb771cea50>,16,25,[2 7],17,57,82,40,54
1,<environment.Job instance at 0x7fcb771bceb0>,38,2,[ 2 10],39,82,84,43,59
1,<environment.Job instance at 0x7fcb2cd54410>,2,18,[ 4 10],3,3,21,0,3
1,<environment.Job instance at 0x7fcb2ca38a50>,8,16,[5 6],9,21,37,12,9
1,<environment.Job instance at 0x7fcb7673aa00>,19,2,[6 1],20,37,39,17,21
1,<environment.Job instance at 0x7fcb7673ac80>,20,3,[4 6],21,37,40,16,21
1,<environment.Job instance at 0x7fcb7720a5a0>,29,13,[1 9],30,41,54,11,41
1,<environment.Job instance at 0x7fcb2cc380a0>,26,17,[4 8],27,54,71,27,42
1,<environment.Job instance at 0x7fcb7655e320>,0,17,[8 3],1,2,19,1,2
1,<environment.Job instance at 0x7fcb76d78820>,5,15,[ 1 10],6,19,34,13,6
1,<environment.Job instance at 0x7fcb76784320>,14,2,[ 4 10],15,34,36,19,18
1,<environment.Job instance at 0x7fcb2ca7ce10>,9,18,[8 3],10,36,54,26,27
1,<environment.Job instance at 0x7fcb2c87af50>,28,18,[ 5 10],29,54,72,25,47
1,<environment.Job instance at 0x7fcb2c87aaf0>,1,15,[5 2],2,3,18,1,3
1,<environment.Job instance at 0x7fcb2c969aa0>,7,18,[1 7],8,9,27,1,9
1,<environment.Job instance at 0x7fcb2c969af0>,9,14,[8 3],10,18,32,8,11
1,<environment.Job instance at 0x7fcb76723cd0>,16,14,[9 2],17,32,46,15,25
1,<environment.Job instance at 0x7fcb2cad3f00>,27,1,[2 8],28,46,47,18,44
1,<environment.Job instance at 0x7fcb2cad3870>,30,18,[8 1],31,49,67,18,49
1,<environment.Job instance at 0x7fcb2cad3af0>,35,2,[2 6],36,58,60,22,58
1,<environment.Job instance at 0x7fcb76bb0be0>,3,12,[7 1],4,4,16,0,4
1,<environment.Job instance at 0x7fcb76bb0190>,6,15,[6 3],7,16,31,9,7
1,<environment.Job instance at 0x7fcb2c88bc80>,18,13,[4 5],19,24,37,5,24
1,<environment.Job instance at 0x7fcb76496d70>,21,16,[9 5],22,37,53,15,32
1,<environment.Job instance at 0x7fcb2c555e60>,28,16,[5 9],29,53,69,24,46
1,<environment.Job instance at 0x7fcb7681e370>,0,21,[4 9],1,3,24,2,3
1,<environment.Job instance at 0x7fcb76f07fa0>,4,14,[3 6],5,24,38,19,9
1,<environment.Job instance at 0x7fcb778a3870>,12,16,[7 2],13,24,40,11,15
1,<environment.Job instance at 0x7fcb778a3e10>,13,3,[4 5],14,40,43,26,16
1,<environment.Job instance at 0x7fcb2ca12af0>,0,12,[8 1],1,1,13,0,1
1,<environment.Job instance at 0x7fcb76845230>,3,12,[9 5],4,13,25,9,4
1,<environment.Job instance at 0x7fcb766e2aa0>,14,2,[4 8],15,25,27,10,15
1,<environment.Job instance at 0x7fcb766e2910>,11,13,[5 4],12,27,40,15,15
1,<environment.Job instance at 0x7fcb766e2b40>,19,17,[4 6],20,27,44,7,24
1,<environment.Job instance at 0x7fcb766e13c0>,21,15,[4 6],22,44,59,22,33
1,<environment.Job instance at 0x7fcb766e1910>,29,18,[7 1],30,59,77,29,48
1,<environment.Job instance at 0x7fcb766e1af0>,1,14,[ 1 10],2,2,16,0,2
1,<environment.Job instance at 0x7fcb772b4c30>,11,1,[5 5],12,16,17,4,13
1,<environment.Job instance at 0x7fcb772b4f00>,13,12,[4 6],14,17,29,3,16
1,<environment.Job instance at 0x7fcb7675faf0>,15,13,[9 2],16,29,42,13,17
1,<environment.Job instance at 0x7fcb7675faa0>,18,12,[7 3],19,42,54,23,27
1,<environment.Job instance at 0x7fcb76e5c0a0>,0,17,[ 4 10],1,1,18,0,1
1,<environment.Job instance at 0x7fcb2c4fab40>,9,13,[2 7],10,18,31,8,10
1,<environment.Job instance at 0x7fcb7677cb90>,15,13,[1 5],16,31,44,15,19
1,<environment.Job instance at 0x7fcb7677c0a0>,16,21,[7 5],17,31,52,14,25
1,<environment.Job instance at 0x7fcb7677c2d0>,20,2,[9 2],21,52,54,31,33
1,<environment.Job instance at 0x7fcb7677c370>,23,13,[3 8],24,54,67,30,47
1,<environment.Job instance at 0x7fcb777a99b0>,25,12,[ 2 10],26,67,79,41,56
1,<environment.Job instance at 0x7fcb7683d8c0>,0,28,[ 1 10],1,2,30,1,2
1,<environment.Job instance at 0x7fcb2c549140>,7,18,[7 4],8,30,48,22,21
1,<environment.Job instance at 0x7fcb2c549e60>,18,18,[2 6],19,30,48,11,24
1,<environment.Job instance at 0x7fcb2c54b2d0>,22,17,[8 5],23,48,65,25,38
1,<environment.Job instance at 0x7fcb2c54b690>,25,18,[2 5],26,52,70,26,52
1,<environment.Job instance at 0x7fcb2c549fa0>,1,15,[7 5],2,2,17,0,2
1,<environment.Job instance at 0x7fcb76e69690>,5,17,[2 6],6,17,34,11,6
1,<environment.Job instance at 0x7fcb2c614820>,9,12,[1 7],10,34,46,24,17
1,<environment.Job instance at 0x7fcb76e62d70>,28,13,[6 5],29,46,59,17,40
1,<environment.Job instance at 0x7fcb7650d140>,4,18,[3 8],5,8,26,3,8
1,<environment.Job instance at 0x7fcb76802af0>,9,12,[5 5],10,26,38,16,11
1,<environment.Job instance at 0x7fcb76845b90>,20,13,[7 2],21,38,51,17,28
1,<environment.Job instance at 0x7fcb772ab5f0>,22,14,[4 5],23,51,65,28,36
1,<environment.Job instance at 0x7fcb2cc47690>,28,14,[9 3],29,65,79,36,59
1,<environment.Job instance at 0x7fcb76d4c500>,2,18,[5 1],3,3,21,0,3
1,<environment.Job instance at 0x7fcb2cb8e9b0>,9,22,[9 3],10,21,43,11,15
1,<environment.Job instance at 0x7fcb2cb8b780>,11,22,[1 9],12,43,65,31,36
1,<environment.Job instance at 0x7fcb771bc370>,22,14,[9 1],23,43,57,20,38
1,<environment.Job instance at 0x7fcb771d1190>,31,12,[ 5 10],32,65,77,33,52
1,<environment.Job instance at 0x7fcb773cae10>,0,22,[7 3],1,1,23,0,1
1,<environment.Job instance at 0x7fcb2c95ef50>,9,17,[4 9],10,23,40,13,11
1,<environment.Job instance at 0x7fcb76d73320>,19,19,[5 5],20,40,59,20,35
1,<environment.Job instance at 0x7fcb2c91cbe0>,24,1,[10  1],25,59,60,34,35
1,<environment.Job instance at 0x7fcb2c91c690>,25,14,[5 5],26,40,54,14,38
1,<environment.Job instance at 0x7fcb2c91cf50>,27,3,[2 7],28,60,63,32,40
1,<environment.Job instance at 0x7fcb76d73b90>,23,15,[7 4],24,63,78,39,49
1,<environment.Job instance at 0x7fcb2c91cb40>,34,2,[2 7],35,78,80,43,56
1,<environment.Job instance at 0x7fcb2c91cd70>,35,1,[7 5],36,80,81,44,56
1,<environment.Job instance at 0x7fcb76d73460>,21,13,[3 5],22,63,76,41,59
1,<environment.Job instance at 0x7fcb2cc91690>,1,18,[2 6],2,2,20,0,2
1,<environment.Job instance at 0x7fcb773762d0>,2,18,[6 5],3,20,38,17,9
1,<environment.Job instance at 0x7fcb7743f960>,12,2,[6 4],13,13,15,0,13
1,<environment.Job instance at 0x7fcb77097f50>,17,1,[2 6],18,38,39,20,19
1,<environment.Job instance at 0x7fcb765d2460>,19,27,[ 4 10],20,40,67,20,40
1,<environment.Job instance at 0x7fcb765fbf00>,30,12,[2 5],31,67,79,36,56
1,<environment.Job instance at 0x7fcb765fb7d0>,31,2,[4 6],32,79,81,47,56
1,<environment.Job instance at 0x7f0b426f6050>,2,13,[10  1],3,6,19,3,6
1,<environment.Job instance at 0x7f0b3b2e71e0>,3,17,[ 5 10],4,19,36,15,8
1,<environment.Job instance at 0x7f0b3b2e7aa0>,12,17,[1 8],13,36,53,23,25
1,<environment.Job instance at 0x7f0b3b2eb050>,24,2,[6 5],25,53,55,28,40
1,<environment.Job instance at 0x7f0b3b2eb9b0>,26,16,[9 1],27,55,71,28,42
1,<environment.Job instance at 0x7f0b3b2ebc80>,32,1,[5 6],33,71,72,38,44
1,<environment.Job instance at 0x7f0b3b2ebe60>,34,19,[3 7],35,72,91,37,65
1,<environment.Job instance at 0x7f0b4285fbe0>,2,16,[5 3],3,3,19,0,3
1,<environment.Job instance at 0x7f0b4286d0f0>,5,13,[ 4 10],6,19,32,13,6
1,<environment.Job instance at 0x7f0b4271faf0>,32,21,[1 8],33,54,75,21,54
1,<environment.Job instance at 0x7f0b4271f640>,33,12,[9 2],34,56,68,22,56
1,<environment.Job instance at 0x7f0b428637d0>,37,17,[10  2],38,75,92,37,68
1,<environment.Job instance at 0x7f0af75f9820>,6,25,[ 4 10],7,14,39,7,14
1,<environment.Job instance at 0x7f0af75d6a50>,17,2,[2 8],18,39,41,21,18
1,<environment.Job instance at 0x7f0af75e1410>,19,17,[7 3],20,41,58,21,29
1,<environment.Job instance at 0x7f0af75de500>,29,15,[3 7],30,41,56,11,41
1,<environment.Job instance at 0x7f0af75dea00>,36,21,[5 2],37,66,87,29,66
1,<environment.Job instance at 0x7f0af75deaf0>,38,12,[5 5],39,67,79,28,67
1,<environment.Job instance at 0x7f0af7684230>,1,17,[7 2],2,2,19,0,2
1,<environment.Job instance at 0x7f0af7a6f3c0>,3,12,[1 9],4,19,31,15,4
1,<environment.Job instance at 0x7f0af7a98780>,11,16,[9 3],12,31,47,19,20
1,<environment.Job instance at 0x7f0b42862320>,17,16,[5 6],18,47,63,29,36
1,<environment.Job instance at 0x7f0af7a340f0>,27,12,[5 8],28,63,75,35,46
1,<environment.Job instance at 0x7f0af7a5b910>,35,16,[3 7],36,75,91,39,65
1,<environment.Job instance at 0x7f0af7c2df50>,0,13,[5 1],1,1,14,0,1
1,<environment.Job instance at 0x7f0af7c2d190>,3,18,[1 9],4,4,22,0,4
1,<environment.Job instance at 0x7f0af79d2960>,14,15,[8 3],15,22,37,7,16
1,<environment.Job instance at 0x7f0af79d70a0>,24,13,[4 5],25,50,63,25,50
1,<environment.Job instance at 0x7f0af79d7640>,26,16,[9 1],27,65,81,38,65
1,<environment.Job instance at 0x7f0af79d7780>,29,14,[5 2],30,81,95,51,66
1,<environment.Job instance at 0x7f0af79de280>,0,27,[3 7],1,1,28,0,1
1,<environment.Job instance at 0x7f0b3b6d3690>,9,2,[2 7],10,28,30,18,14
1,<environment.Job instance at 0x7f0b3b613dc0>,17,12,[5 7],18,33,45,15,33
1,<environment.Job instance at 0x7f0b3b613140>,19,14,[3 5],20,45,59,25,34
1,<environment.Job instance at 0x7f0b3b613b90>,26,18,[8 4],27,59,77,32,50
1,<environment.Job instance at 0x7f0b3b6130a0>,29,2,[6 1],30,53,55,23,53
1,<environment.Job instance at 0x7f0b41b9caa0>,33,18,[9 3],34,77,95,43,67
1,<environment.Job instance at 0x7f0af7583c30>,0,17,[8 3],1,1,18,0,1
1,<environment.Job instance at 0x7f0b41b70d70>,9,18,[8 3],10,18,36,8,10
1,<environment.Job instance at 0x7f0af7743b40>,12,3,[7 4],13,36,39,23,13
1,<environment.Job instance at 0x7f0af7af7870>,11,2,[2 8],12,39,41,27,16
1,<environment.Job instance at 0x7f0b3b2eeb90>,24,27,[7 2],25,39,66,14,37
1,<environment.Job instance at 0x7f0b3b0952d0>,0,15,[5 3],1,1,16,0,1
1,<environment.Job instance at 0x7f0af78a19b0>,10,3,[1 6],11,11,14,0,11
1,<environment.Job instance at 0x7f0af787f410>,11,13,[8 5],12,16,29,4,13
1,<environment.Job instance at 0x7f0af7576a50>,20,18,[8 1],21,29,47,8,21
1,<environment.Job instance at 0x7f0af75764b0>,15,16,[4 9],16,47,63,31,41
1,<environment.Job instance at 0x7f0af75a4280>,22,26,[5 5],23,63,89,40,60
1,<environment.Job instance at 0x7f0af7573eb0>,1,16,[9 5],2,5,21,3,5
1,<environment.Job instance at 0x7f0b3b409050>,11,16,[7 2],12,21,37,9,18
1,<environment.Job instance at 0x7f0af7a54dc0>,12,15,[5 9],13,37,52,24,23
1,<environment.Job instance at 0x7f0af7a54c30>,21,13,[5 7],22,67,80,45,67
1,<environment.Job instance at 0x7f0b41afa640>,0,26,[3 8],1,4,30,3,4
1,<environment.Job instance at 0x7f0b3b117cd0>,20,22,[2 5],21,38,60,17,38
1,<environment.Job instance at 0x7f0af7407cd0>,21,17,[7 2],22,40,57,18,40
1,<environment.Job instance at 0x7f0b41fd4a50>,25,17,[9 3],26,60,77,34,53
1,<environment.Job instance at 0x7f0af7928fa0>,33,12,[9 5],34,77,89,43,69
1,<environment.Job instance at 0x7f0b3b3ac410>,5,17,[3 7],6,7,24,1,7
1,<environment.Job instance at 0x7f0b3b0ea5a0>,16,13,[7 3],17,26,39,9,26
1,<environment.Job instance at 0x7f0af7573eb0>,20,13,[9 4],21,39,52,18,29
1,<environment.Job instance at 0x7f0af7c6f140>,29,14,[3 7],30,52,66,22,44
1,<environment.Job instance at 0x7f0b42086140>,35,13,[9 2],36,66,79,30,57
1,<environment.Job instance at 0x7f0b41fc27d0>,39,13,[8 4],40,79,92,39,64
1,<environment.Job instance at 0x7f0af757fdc0>,0,13,[9 3],1,1,14,0,1
1,<environment.Job instance at 0x7f0b3b24c7d0>,5,12,[5 2],6,14,26,8,13
1,<environment.Job instance at 0x7f0b3b24cf50>,13,21,[2 8],14,14,35,0,14
1,<environment.Job instance at 0x7f0b3b21b230>,14,12,[3 8],15,35,47,20,18
1,<environment.Job instance at 0x7f0b3b21b7d0>,20,28,[2 8],21,55,83,34,55
1,<environment.Job instance at 0x7f0b41e97a50>,0,28,[ 1 10],1,2,30,1,2
1,<environment.Job instance at 0x7f0b3b727910>,9,16,[ 4 10],10,30,46,20,19
1,<environment.Job instance at 0x7f0b3b7a96e0>,22,17,[8 5],23,46,63,23,34
1,<environment.Job instance at 0x7f0b3b7a9280>,27,3,[8 1],28,63,66,35,41
1,<environment.Job instance at 0x7f0af76c21e0>,4,25,[2 8],5,5,30,0,5
1,<environment.Job instance at 0x7f0b425f0fa0>,14,12,[5 3],15,30,42,15,18
1,<environment.Job instance at 0x7f0af76c2500>,9,16,[3 5],10,30,46,20,23
1,<environment.Job instance at 0x7f0b425f0b40>,13,16,[7 4],14,42,58,28,34
1,<environment.Job instance at 0x7f0b425f0730>,22,13,[2 7],23,58,71,35,42
1,<environment.Job instance at 0x7f0b425f0550>,18,13,[6 5],19,71,84,52,56
1,<environment.Job instance at 0x7f0b3b27bd70>,39,15,[3 5],40,71,86,31,66
1,<environment.Job instance at 0x7f0b3b27b5a0>,2,14,[4 5],3,3,17,0,3
1,<environment.Job instance at 0x7f0af75e9730>,5,17,[5 4],6,7,24,1,7
1,<environment.Job instance at 0x7f0b3b6a3dc0>,3,22,[ 3 10],4,24,46,20,17
1,<environment.Job instance at 0x7f0af75daa00>,26,26,[3 5],27,46,72,19,44
1,<environment.Job instance at 0x7f0af75ed2d0>,30,13,[3 8],31,72,85,41,59
1,<environment.Job instance at 0x7f0b3b397050>,16,17,[1 7],17,21,38,4,21
1,<environment.Job instance at 0x7f0b3b2a4460>,21,15,[7 4],22,38,53,16,25
1,<environment.Job instance at 0x7f0b3b2a49b0>,22,1,[9 3],23,25,26,2,25
1,<environment.Job instance at 0x7f0b41d9de60>,5,1,[3 5],6,6,7,0,6
1,<environment.Job instance at 0x7f0af79ffaf0>,7,18,[5 8],8,10,28,2,10
1,<environment.Job instance at 0x7f0af799a050>,16,13,[2 9],17,28,41,11,17
1,<environment.Job instance at 0x7f0b3b591780>,21,18,[2 6],22,41,59,19,31
1,<environment.Job instance at 0x7f0af7a9d370>,23,17,[5 2],24,41,58,17,35
1,<environment.Job instance at 0x7f0b3b64e730>,40,12,[8 4],41,60,72,19,60
1,<environment.Job instance at 0x7f0b3b64ed70>,41,3,[5 5],42,72,75,30,62
1,<environment.Job instance at 0x7f0af7aea140>,8,17,[ 1 10],9,13,30,4,13
1,<environment.Job instance at 0x7f0af7aea8c0>,16,3,[ 1 10],17,30,33,13,17
1,<environment.Job instance at 0x7f0af7aea820>,15,15,[10  3],16,33,48,17,20
1,<environment.Job instance at 0x7f0af7aeae60>,21,3,[6 4],22,48,51,26,26
1,<environment.Job instance at 0x7f0af7aeafa0>,23,3,[5 6],24,51,54,27,29
1,<environment.Job instance at 0x7f0af7ad41e0>,26,3,[3 8],27,54,57,27,29
1,<environment.Job instance at 0x7f0af7aba6e0>,2,26,[10  2],3,6,32,3,6
1,<environment.Job instance at 0x7f0b3b6a9f00>,9,2,[9 5],10,32,34,22,10
1,<environment.Job instance at 0x7f0b3b6a9410>,10,2,[7 4],11,34,36,23,11
1,<environment.Job instance at 0x7f0b3b6a9c80>,11,2,[5 8],12,36,38,24,12
1,<environment.Job instance at 0x7f0af797a230>,12,14,[6 3],13,38,52,25,23
1,<environment.Job instance at 0x7f0af7b7d690>,29,3,[10  1],30,52,55,22,37
1,<environment.Job instance at 0x7f0b3b6a9230>,16,15,[2 9],17,55,70,38,44
1,<environment.Job instance at 0x7f0af7bcb2d0>,38,2,[8 3],39,70,72,31,59
1,<environment.Job instance at 0x7f0af7bcb820>,39,13,[5 5],40,72,85,32,64
1,<environment.Job instance at 0x7f0b420411e0>,1,13,[8 5],2,2,15,0,2
1,<environment.Job instance at 0x7f0b3b566c30>,7,17,[3 7],8,15,32,7,10
1,<environment.Job instance at 0x7f0b41d095f0>,10,13,[3 8],11,32,45,21,17
1,<environment.Job instance at 0x7f0af7bf3f50>,13,1,[4 7],14,45,46,31,17
1,<environment.Job instance at 0x7f0b422c8460>,16,1,[ 5 10],17,46,47,29,19
1,<environment.Job instance at 0x7f0b42125eb0>,25,17,[10  1],26,47,64,21,38
1,<environment.Job instance at 0x7f0b42041960>,3,18,[9 5],4,64,82,60,62
1,<environment.Job instance at 0x7fb5ff4f70f0>,0,18,[9 3],1,3,21,2,3
1,<environment.Job instance at 0x7fb5fa0e7640>,7,16,[5 8],8,21,37,13,10
1,<environment.Job instance at 0x7fb5fa0e7dc0>,18,12,[1 8],19,37,49,18,25
1,<environment.Job instance at 0x7fb5fa0e7d70>,20,14,[4 8],21,49,63,28,34
1,<environment.Job instance at 0x7fb5fa0e9500>,24,2,[6 5],25,63,65,38,41
1,<environment.Job instance at 0x7fb5fa0e99b0>,28,2,[ 3 10],29,65,67,36,43
1,<environment.Job instance at 0x7fb5fa0e9c80>,34,19,[3 7],35,67,86,32,64
1,<environment.Job instance at 0x7fb5fa0e9eb0>,36,13,[7 1],37,67,80,30,65
1,<environment.Job instance at 0x7fb5fa0ee910>,2,12,[9 3],3,3,15,0,3
1,<environment.Job instance at 0x7fb5ff66dd70>,6,13,[1 6],7,7,20,0,7
1,<environment.Job instance at 0x7fb5ff66df50>,7,18,[6 5],8,20,38,12,11
1,<environment.Job instance at 0x7fb5ff51f1e0>,23,12,[9 2],24,38,50,14,25
1,<environment.Job instance at 0x7fb5ff51ec30>,24,2,[8 4],25,50,52,25,26
1,<environment.Job instance at 0x7fb5ff51e5f0>,29,18,[9 4],30,52,70,22,42
1,<environment.Job instance at 0x7fb5ff51ea50>,34,12,[ 2 10],35,70,82,35,63
1,<environment.Job instance at 0x7fb5ff6726e0>,43,2,[1 7],44,82,84,38,77
1,<environment.Job instance at 0x7fb5ff6728c0>,44,1,[10  1],45,84,85,39,77
1,<environment.Job instance at 0x7fb5ff6720f0>,42,19,[5 8],43,85,104,42,78
1,<environment.Job instance at 0x7fb5b441b140>,9,15,[3 7],10,16,31,6,16
1,<environment.Job instance at 0x7fb5b441bb90>,16,21,[5 2],17,18,39,1,18
1,<environment.Job instance at 0x7fb5b44780a0>,18,12,[5 5],19,31,43,12,21
1,<environment.Job instance at 0x7fb5b441b910>,12,18,[9 2],13,43,61,30,33
1,<environment.Job instance at 0x7fb5b4478fa0>,24,1,[8 3],25,61,62,36,38
1,<environment.Job instance at 0x7fb5b4478aa0>,30,2,[6 1],31,62,64,31,45
1,<environment.Job instance at 0x7fb5b441bcd0>,13,16,[2 8],14,62,78,48,52
1,<environment.Job instance at 0x7fb5b4348d70>,38,1,[6 5],39,78,79,39,74
1,<environment.Job instance at 0x7fb5b4348eb0>,39,2,[5 4],40,79,81,39,74
1,<environment.Job instance at 0x7fb5b4348230>,41,17,[7 5],42,81,98,39,75
1,<environment.Job instance at 0x7fb5b437de10>,5,16,[3 7],6,6,22,0,6
1,<environment.Job instance at 0x7fb5b44db1e0>,12,2,[9 4],13,22,24,9,13
1,<environment.Job instance at 0x7fb5b437d190>,7,21,[ 1 10],8,24,45,16,17
1,<environment.Job instance at 0x7fb5b4a17af0>,22,16,[2 9],23,45,61,22,32
1,<environment.Job instance at 0x7fb5b4a17e60>,32,14,[1 9],33,61,75,28,50
1,<environment.Job instance at 0x7fb5b43818c0>,38,12,[1 5],39,75,87,36,61
1,<environment.Job instance at 0x7fb5b43813c0>,37,19,[5 4],38,75,94,37,67
1,<environment.Job instance at 0x7fb5ff4df6e0>,3,13,[9 4],4,4,17,0,4
1,<environment.Job instance at 0x7fb5b47d76e0>,4,18,[2 6],5,17,35,12,6
1,<environment.Job instance at 0x7fb5b47d9690>,19,13,[10  3],20,35,48,15,20
1,<environment.Job instance at 0x7fb5b47d05a0>,32,1,[8 3],33,48,49,15,46
1,<environment.Job instance at 0x7fb5b47d9b90>,24,14,[10  1],25,49,63,24,46
1,<environment.Job instance at 0x7fb5b47d06e0>,34,14,[6 3],35,63,77,28,50
1,<environment.Job instance at 0x7fb5b47d0190>,30,27,[3 7],31,63,90,32,61
1,<environment.Job instance at 0x7fb5f9faa410>,9,3,[5 2],10,10,13,0,10
1,<environment.Job instance at 0x7fb5f9f98e10>,2,27,[1 9],3,13,40,10,11
1,<environment.Job instance at 0x7fb5f9faa820>,16,1,[6 3],17,40,41,23,28
1,<environment.Job instance at 0x7fb5f9faa280>,17,12,[7 5],18,41,53,23,29
1,<environment.Job instance at 0x7fb5f9faa730>,19,16,[1 7],20,53,69,33,40
1,<environment.Job instance at 0x7fb5f9faafa0>,21,13,[7 2],22,53,66,31,41
1,<environment.Job instance at 0x7fb5f9faa6e0>,24,15,[1 8],25,69,84,44,55
1,<environment.Job instance at 0x7fb5b4797640>,28,19,[7 1],29,66,85,37,57
1,<environment.Job instance at 0x7fb5f9faa370>,18,17,[5 5],19,85,102,66,74
1,<environment.Job instance at 0x7fb5fce0ad20>,1,15,[5 2],2,2,17,0,2
1,<environment.Job instance at 0x7fb5fa4c1aa0>,12,1,[3 9],13,17,18,4,13
1,<environment.Job instance at 0x7fb5b4794dc0>,16,14,[9 2],17,18,32,1,18
1,<environment.Job instance at 0x7fb5fc8e2460>,7,18,[1 7],8,20,38,12,20
1,<environment.Job instance at 0x7fb5b46dcd20>,19,3,[3 6],20,38,41,18,20
1,<environment.Job instance at 0x7fb5fa1859b0>,24,15,[4 8],25,41,56,16,35
1,<environment.Job instance at 0x7fb5fc7ddf00>,26,17,[7 3],27,56,73,29,48
1,<environment.Job instance at 0x7fb5fa016c80>,38,15,[2 7],39,68,83,29,68
1,<environment.Job instance at 0x7fb5fa0168c0>,40,13,[4 5],41,83,96,42,68
1,<environment.Job instance at 0x7fb5fcdbfb40>,1,16,[9 5],2,2,18,0,2
1,<environment.Job instance at 0x7fb5fc776500>,8,16,[5 9],9,18,34,9,9
1,<environment.Job instance at 0x7fb5fc782550>,15,2,[1 6],16,37,39,21,37
1,<environment.Job instance at 0x7fb5fc7822d0>,10,19,[10  4],11,39,58,28,38
1,<environment.Job instance at 0x7fb5fc7827d0>,21,13,[5 7],22,63,76,41,63
1,<environment.Job instance at 0x7fb5fc782b40>,23,12,[5 5],24,76,88,52,67
1,<environment.Job instance at 0x7fb5fa182b90>,0,20,[ 3 10],1,1,21,0,1
1,<environment.Job instance at 0x7fb5b43fb050>,3,14,[5 1],4,21,35,17,6
1,<environment.Job instance at 0x7fb5f9f33dc0>,8,18,[5 9],9,21,39,12,10
1,<environment.Job instance at 0x7fb5b448ac80>,23,12,[9 5],24,39,51,15,26
1,<environment.Job instance at 0x7fb5b468b3c0>,30,1,[9 2],31,51,52,20,36
1,<environment.Job instance at 0x7fb5fa256550>,31,13,[5 4],32,52,65,20,37
1,<environment.Job instance at 0x7fb5b442c460>,36,16,[3 7],37,65,81,28,52
1,<environment.Job instance at 0x7fb5b47d5dc0>,41,15,[4 6],42,81,96,39,69
1,<environment.Job instance at 0x7fb5fc8e1c80>,0,13,[9 4],1,1,14,0,1
1,<environment.Job instance at 0x7fb5f9ecaf50>,5,18,[10  2],6,14,32,8,6
1,<environment.Job instance at 0x7fb5fcb77d70>,18,12,[7 3],19,32,44,13,21
1,<environment.Job instance at 0x7fb5b46149b0>,22,18,[8 5],23,44,62,21,36
1,<environment.Job instance at 0x7fb5b465bd20>,29,14,[7 5],30,62,76,32,52
1,<environment.Job instance at 0x7fb5b465b410>,30,13,[3 6],31,76,89,45,60
1,<environment.Job instance at 0x7fb5f9e93d20>,35,15,[5 2],36,76,91,40,64
1,<environment.Job instance at 0x7fb5fcb3b1e0>,4,18,[1 6],5,5,23,0,5
1,<environment.Job instance at 0x7fb5fcb3b3c0>,10,12,[8 2],11,11,23,0,11
1,<environment.Job instance at 0x7fb5fc6f00a0>,12,17,[6 1],13,23,40,10,14
1,<environment.Job instance at 0x7fb5fcb3b8c0>,9,13,[1 8],10,23,36,13,16
1,<environment.Job instance at 0x7fb5fc6f00f0>,17,15,[5 9],18,40,55,22,28
1,<environment.Job instance at 0x7fb5fcb3be10>,6,15,[5 5],7,55,70,48,41
1,<environment.Job instance at 0x7fb5fa061c80>,34,3,[4 9],35,70,73,35,63
1,<environment.Job instance at 0x7fb5b4814050>,29,27,[8 1],30,73,100,43,71
1,<environment.Job instance at 0x7fb5b454ef50>,6,23,[5 8],7,7,30,0,7
1,<environment.Job instance at 0x7fb5b454e0a0>,9,17,[ 2 10],10,30,47,20,18
1,<environment.Job instance at 0x7fb5b4aa2550>,23,3,[ 4 10],24,47,50,23,31
1,<environment.Job instance at 0x7fb5b4aa2af0>,25,17,[2 6],26,50,67,24,38
1,<environment.Job instance at 0x7fb5b4aa8640>,26,13,[7 3],27,50,63,23,38
1,<environment.Job instance at 0x7fb5b4aa80a0>,30,13,[4 7],31,67,80,36,51
1,<environment.Job instance at 0x7fb5b48915a0>,6,21,[7 2],7,8,29,1,8
1,<environment.Job instance at 0x7fb5b47f9b90>,13,24,[5 9],14,29,53,15,25
1,<environment.Job instance at 0x7fb5b49ba460>,31,24,[5 4],32,60,84,28,60
1,<environment.Job instance at 0x7fb5fcb40a00>,6,16,[9 2],7,8,24,1,8
1,<environment.Job instance at 0x7fb5fc709370>,9,2,[10  3],10,24,26,14,10
1,<environment.Job instance at 0x7fb5fc7093c0>,10,2,[4 8],11,26,28,15,11
1,<environment.Job instance at 0x7fb5fc7096e0>,12,1,[2 8],13,28,29,15,15
1,<environment.Job instance at 0x7fb5fc709230>,11,12,[ 5 10],12,29,41,17,16
1,<environment.Job instance at 0x7fb5b46ab320>,16,3,[3 7],17,41,44,24,25
1,<environment.Job instance at 0x7fb5ff66d690>,19,3,[7 3],20,41,44,21,25
1,<environment.Job instance at 0x7fb5fc709a00>,20,1,[1 6],21,44,45,23,29
1,<environment.Job instance at 0x7fb5f9fb2050>,23,13,[4 9],24,45,58,21,31
1,<environment.Job instance at 0x7fb5b4986410>,13,1,[7 2],14,44,45,30,41
1,<environment.Job instance at 0x7fb5b4721f50>,5,14,[6 2],6,58,72,52,43
1,<environment.Job instance at 0x7fb5b4326d20>,31,15,[7 4],32,72,87,40,60
1,<environment.Job instance at 0x7fb5f9fb2c30>,25,17,[2 8],26,87,104,61,77
1,<environment.Job instance at 0x7fb5fa18e050>,10,3,[5 8],11,11,14,0,11
1,<environment.Job instance at 0x7fb5fa207e60>,11,2,[6 5],12,14,16,2,12
1,<environment.Job instance at 0x7fb5b47c80a0>,12,1,[5 9],13,16,17,3,13
1,<environment.Job instance at 0x7fb5fc770190>,14,3,[ 4 10],15,17,20,2,15
1,<environment.Job instance at 0x7fb5b429c5f0>,13,2,[6 4],14,20,22,6,17
1,<environment.Job instance at 0x7fb5b4aa7fa0>,8,3,[ 4 10],9,22,25,13,20
1,<environment.Job instance at 0x7fb5b4a82550>,19,14,[ 3 10],20,25,39,5,23
1,<environment.Job instance at 0x7fb5b4a8a730>,25,1,[10  5],26,39,40,13,39
1,<environment.Job instance at 0x7fb5b4a8a5f0>,27,3,[1 9],28,40,43,12,39
1,<environment.Job instance at 0x7fb5fcb7b500>,3,28,[2 8],4,44,72,40,44
1,<environment.Job instance at 0x7fb5b4a8ae60>,33,26,[6 1],34,48,74,14,48
1,<environment.Job instance at 0x7fb5fa1c40a0>,39,27,[ 4 10],40,74,101,34,74
1,<environment.Job instance at 0x7fb5b47f5190>,9,13,[ 5 10],10,10,23,0,10
1,<environment.Job instance at 0x7fb5b49fa910>,17,14,[1 6],18,23,37,5,19
1,<environment.Job instance at 0x7fb5b49fa730>,19,20,[9 2],20,23,43,3,20
1,<environment.Job instance at 0x7fb5b49fa690>,25,15,[6 4],26,43,58,17,34
1,<environment.Job instance at 0x7fb5fc8448c0>,30,21,[10  4],31,58,79,27,56
1,<environment.Job instance at 0x7fb5fc8445a0>,34,15,[4 9],35,79,94,44,77
1,<environment.Job instance at 0x7fb5fca7c370>,2,20,[9 3],3,5,25,2,5
1,<environment.Job instance at 0x7fb5b49cf320>,4,16,[4 9],5,25,41,20,12
1,<environment.Job instance at 0x7fb5fa30c460>,20,2,[7 4],21,41,43,20,29
1,<environment.Job instance at 0x7fb5fa30c820>,24,12,[2 6],25,41,53,16,29
1,<environment.Job instance at 0x7fb5fc7dda00>,25,3,[7 5],26,53,56,27,29
1,<environment.Job instance at 0x7fb5b4666910>,27,18,[2 8],28,56,74,28,45
1,<environment.Job instance at 0x7fb5b48c6320>,36,18,[2 5],37,74,92,37,64
1,<environment.Job instance at 0x7fb5fcdcbd70>,1,16,[9 3],2,2,18,0,2
1,<environment.Job instance at 0x7fb5fa11e5f0>,8,18,[ 1 10],9,18,36,9,9
1,<environment.Job instance at 0x7fb5fa12e280>,20,12,[2 5],21,36,48,15,21
1,<environment.Job instance at 0x7fb5fa12e780>,23,1,[2 6],24,48,49,24,24
1,<environment.Job instance at 0x7fb5fa12e8c0>,24,12,[8 2],25,36,48,11,31
1,<environment.Job instance at 0x7fb5fa12e910>,27,12,[5 3],28,48,60,20,37
1,<environment.Job instance at 0x7fb5fa12e140>,28,3,[8 4],29,60,63,31,39
1,<environment.Job instance at 0x7fb5fa12eb40>,29,1,[8 2],30,63,64,33,39
1,<environment.Job instance at 0x7fb5fa1268c0>,39,15,[8 1],40,64,79,24,52
1,<environment.Job instance at 0x7fb5fa126c80>,44,14,[6 4],45,79,93,34,75
1,<environment.Job instance at 0x7fb5fa126cd0>,1,17,[2 6],2,3,20,1,3
1,<environment.Job instance at 0x7fb5b417dbe0>,9,15,[7 1],10,14,29,4,14
1,<environment.Job instance at 0x7fb5b44e60a0>,14,1,[8 4],15,29,30,14,16
1,<environment.Job instance at 0x7fb5fc9e77d0>,17,3,[4 5],18,30,33,12,18
1,<environment.Job instance at 0x7fb5b4aac780>,21,3,[2 9],22,23,26,1,23
1,<environment.Job instance at 0x7fb5fa3f1aa0>,24,1,[10  2],25,33,34,8,28
1,<environment.Job instance at 0x7fb5b4769140>,31,3,[3 8],32,56,59,24,56
1,<environment.Job instance at 0x7fb5b4986730>,34,18,[5 1],35,60,78,25,60
1,<environment.Job instance at 0x7fb5fc767690>,7,1,[8 3],8,10,11,2,10
1,<environment.Job instance at 0x7fb5b417dd70>,4,26,[8 4],5,11,37,6,10
1,<environment.Job instance at 0x7fb5b4249aa0>,16,15,[2 6],17,24,39,7,24
1,<environment.Job instance at 0x7fb5b4a65c80>,28,22,[4 8],29,39,61,10,32
1,<environment.Job instance at 0x7fb5fccd1cd0>,34,1,[6 2],35,52,53,17,52
1,<environment.Job instance at 0x7fb5fc658780>,36,15,[10  5],37,70,85,33,70
1,<environment.Job instance at 0x7fb5b44055a0>,41,13,[5 7],42,85,98,43,70
1,<environment.Job instance at 0x7f8543d7d140>,0,18,[9 3],1,1,19,0,1
1,<environment.Job instance at 0x7f853e96d870>,12,17,[1 8],13,19,36,6,17
1,<environment.Job instance at 0x7f853e96df00>,18,12,[1 8],19,36,48,17,22
1,<environment.Job instance at 0x7f853e96faa0>,31,15,[5 5],32,55,70,23,55
1,<environment.Job instance at 0x7f853e96fc30>,32,1,[5 6],33,70,71,37,55
1,<environment.Job instance at 0x7f853e96fb90>,33,15,[5 3],34,56,71,22,56
1,<environment.Job instance at 0x7f853e9743c0>,37,2,[8 4],38,71,73,33,62
1,<environment.Job instance at 0x7f853e9745a0>,38,12,[5 4],39,73,85,34,63
1,<environment.Job instance at 0x7f853e974730>,40,12,[10  2],41,85,97,44,68
1,<environment.Job instance at 0x7f853e974500>,44,14,[7 1],45,97,111,52,84
1,<environment.Job instance at 0x7f8543da47d0>,0,14,[10  4],1,1,15,0,1
1,<environment.Job instance at 0x7f8543ee6910>,10,3,[1 7],11,15,18,4,11
1,<environment.Job instance at 0x7f8543eec9b0>,13,12,[9 2],14,20,32,6,20
1,<environment.Job instance at 0x7f8543eec410>,18,12,[ 1 10],19,32,44,13,20
1,<environment.Job instance at 0x7f8543da6460>,20,17,[5 3],21,44,61,23,32
1,<environment.Job instance at 0x7f8543da6d70>,25,12,[2 6],26,44,56,18,38
1,<environment.Job instance at 0x7f8543da6f00>,26,1,[8 4],27,61,62,34,40
1,<environment.Job instance at 0x7f8543da6190>,28,13,[1 5],29,56,69,27,40
1,<environment.Job instance at 0x7f8543da6370>,29,3,[3 5],30,62,65,32,44
1,<environment.Job instance at 0x7f8543eea050>,38,2,[7 2],39,65,67,26,55
1,<environment.Job instance at 0x7f8543da69b0>,22,26,[2 7],23,69,95,46,68
1,<environment.Job instance at 0x7f8543ef1e10>,46,17,[5 8],47,95,112,48,83
1,<environment.Job instance at 0x7f8543eeee60>,1,16,[6 4],2,2,18,0,2
1,<environment.Job instance at 0x7f84f8c6ab40>,4,1,[8 3],5,18,19,13,6
1,<environment.Job instance at 0x7f84f8c6aaa0>,6,14,[6 1],7,19,33,12,7
1,<environment.Job instance at 0x7f84f8c6a1e0>,7,12,[4 8],8,19,31,11,8
1,<environment.Job instance at 0x7f84f8c67f50>,16,28,[5 7],17,33,61,16,32
1,<environment.Job instance at 0x7f84f8c5ceb0>,32,20,[1 8],33,61,81,28,52
1,<environment.Job instance at 0x7f84f8c5c690>,36,18,[7 4],37,81,99,44,72
1,<environment.Job instance at 0x7f84f8cb1140>,42,16,[3 7],43,99,115,56,86
1,<environment.Job instance at 0x7f84f90ff780>,2,14,[1 9],3,3,17,0,3
1,<environment.Job instance at 0x7f84f90fff00>,5,14,[4 8],6,17,31,11,6
1,<environment.Job instance at 0x7f84f8debdc0>,18,15,[ 4 10],19,32,47,13,32
1,<environment.Job instance at 0x7f84f8deb370>,22,28,[10  1],23,47,75,24,46
1,<environment.Job instance at 0x7f84f8c63780>,32,23,[6 3],33,75,98,42,69
1,<environment.Job instance at 0x7f84f8c63410>,2,18,[ 4 10],3,5,23,2,5
1,<environment.Job instance at 0x7f84f9058500>,5,15,[2 7],6,23,38,17,10
1,<environment.Job instance at 0x7f84f905e550>,12,14,[8 2],13,23,37,10,13
1,<environment.Job instance at 0x7f84f9058fa0>,7,12,[5 7],8,38,50,30,23
1,<environment.Job instance at 0x7f84f9068dc0>,34,18,[3 6],35,50,68,15,41
1,<environment.Job instance at 0x7f84f9071960>,43,3,[8 2],44,68,71,24,61
1,<environment.Job instance at 0x7f84f9071690>,42,27,[1 9],43,71,98,28,69
1,<environment.Job instance at 0x7f84f9071cd0>,1,15,[4 8],2,3,18,1,3
1,<environment.Job instance at 0x7f853ed31e60>,6,2,[4 7],7,18,20,11,8
1,<environment.Job instance at 0x7f853ec3b5a0>,10,2,[6 4],11,20,22,9,11
1,<environment.Job instance at 0x7f853ec3b320>,11,1,[10  5],12,22,23,10,12
1,<environment.Job instance at 0x7f84f8c633c0>,12,1,[3 5],13,20,21,7,15
1,<environment.Job instance at 0x7f84f8c636e0>,18,15,[6 1],19,23,38,4,22
1,<environment.Job instance at 0x7f84f92428c0>,20,3,[4 6],21,23,26,2,22
1,<environment.Job instance at 0x7f84f92422d0>,22,16,[9 1],23,38,54,15,26
1,<environment.Job instance at 0x7f853ed35a00>,25,1,[4 7],26,26,27,0,26
1,<environment.Job instance at 0x7f853ed35230>,26,1,[7 2],27,54,55,27,28
1,<environment.Job instance at 0x7f853ed35cd0>,28,2,[3 7],29,29,31,0,29
1,<environment.Job instance at 0x7f853ed355a0>,31,15,[5 2],32,55,70,23,41
1,<environment.Job instance at 0x7f853ee1cb90>,37,18,[1 7],38,60,78,22,60
1,<environment.Job instance at 0x7f853ee1caf0>,39,14,[8 3],40,70,84,30,63
1,<environment.Job instance at 0x7f853ee1c7d0>,42,1,[3 9],43,84,85,41,78
1,<environment.Job instance at 0x7f853ee1c820>,41,25,[9 2],42,85,110,43,84
1,<environment.Job instance at 0x7f853ea09fa0>,6,15,[6 3],7,8,23,1,8
1,<environment.Job instance at 0x7f84f9032140>,15,17,[3 5],16,21,38,5,21
1,<environment.Job instance at 0x7f853f6968c0>,19,15,[1 8],20,38,53,18,24
1,<environment.Job instance at 0x7f853e8c75a0>,28,16,[5 9],29,53,69,24,50
1,<environment.Job instance at 0x7f84f8ec5fa0>,13,14,[ 5 10],14,69,83,55,61
1,<environment.Job instance at 0x7f853f12d190>,34,28,[ 4 10],35,84,112,49,84
1,<environment.Job instance at 0x7f853f0e8dc0>,0,26,[3 8],1,4,30,3,4
1,<environment.Job instance at 0x7f84f8c64230>,20,22,[2 5],21,52,74,31,52
1,<environment.Job instance at 0x7f84f8c64a00>,30,12,[8 1],31,86,98,55,86
1,<environment.Job instance at 0x7f84f8c64b40>,33,12,[9 5],34,98,110,64,88
1,<environment.Job instance at 0x7f84f9141eb0>,6,16,[ 2 10],7,7,23,0,7
1,<environment.Job instance at 0x7f84f8e44eb0>,15,13,[9 2],16,23,36,7,16
1,<environment.Job instance at 0x7f853e9e3be0>,19,13,[8 4],20,36,49,16,21
1,<environment.Job instance at 0x7f853f3dc690>,29,14,[7 5],30,56,70,26,56
1,<environment.Job instance at 0x7f853ea08910>,0,12,[8 2],1,1,13,0,1
1,<environment.Job instance at 0x7f853ea08a00>,2,17,[6 1],3,13,30,10,3
1,<environment.Job instance at 0x7f853e75fd70>,8,13,[8 5],9,30,43,21,14
1,<environment.Job instance at 0x7f84f900e460>,13,2,[5 8],14,43,45,29,16
1,<environment.Job instance at 0x7f84f90b8a00>,17,13,[2 5],18,27,40,9,27
1,<environment.Job instance at 0x7f853ee05460>,21,16,[5 6],22,45,61,23,33
1,<environment.Job instance at 0x7f84f8fd4460>,28,14,[2 8],29,61,75,32,47
1,<environment.Job instance at 0x7f853f0161e0>,33,13,[4 6],34,75,88,41,73
1,<environment.Job instance at 0x7f853f0162d0>,34,14,[5 3],35,75,89,40,74
1,<environment.Job instance at 0x7f84f9084690>,37,18,[7 4],38,89,107,51,78
1,<environment.Job instance at 0x7f84f9084dc0>,2,20,[5 6],3,4,24,1,4
1,<environment.Job instance at 0x7f853ed6ab90>,6,13,[7 3],7,24,37,17,8
1,<environment.Job instance at 0x7f853ed6aeb0>,9,12,[1 7],10,24,36,14,10
1,<environment.Job instance at 0x7f853ed9be10>,41,25,[8 1],42,72,97,30,72
1,<environment.Job instance at 0x7f853ed9e0a0>,1,24,[5 4],2,2,26,0,2
1,<environment.Job instance at 0x7f84f8e2a230>,11,2,[9 4],12,26,28,14,12
1,<environment.Job instance at 0x7f84f8e2a550>,10,2,[8 2],11,28,30,17,12
1,<environment.Job instance at 0x7f84f9084410>,16,26,[3 5],17,30,56,13,29
1,<environment.Job instance at 0x7f84f9084820>,23,26,[5 4],24,32,58,8,32
1,<environment.Job instance at 0x7f84f8b60a50>,39,22,[9 3],40,73,95,33,73
1,<environment.Job instance at 0x7f84f8b60e10>,42,14,[7 2],43,95,109,52,84
1,<environment.Job instance at 0x7f853f511e10>,6,16,[5 6],7,7,23,0,7
1,<environment.Job instance at 0x7f853f5115f0>,9,17,[4 9],10,23,40,13,13
1,<environment.Job instance at 0x7f853ef2d0a0>,18,1,[ 2 10],19,40,41,21,33
1,<environment.Job instance at 0x7f853ef2da50>,16,17,[5 2],17,41,58,24,33
1,<environment.Job instance at 0x7f853eaf8dc0>,24,1,[10  1],25,58,59,33,39
1,<environment.Job instance at 0x7f853eaf83c0>,29,16,[10  4],30,59,75,29,48
1,<environment.Job instance at 0x7f853e6ecaa0>,41,1,[4 5],42,75,76,33,68
1,<environment.Job instance at 0x7f853ee0f140>,3,17,[5 2],4,4,21,0,4
1,<environment.Job instance at 0x7f84f8be5cd0>,6,17,[5 6],7,8,25,1,8
1,<environment.Job instance at 0x7f84f8bbb050>,12,17,[3 5],13,25,42,12,14
1,<environment.Job instance at 0x7f84f8bbbcd0>,14,14,[5 1],15,21,35,6,15
1,<environment.Job instance at 0x7f853ecbb6e0>,28,17,[ 1 10],29,42,59,13,32
1,<environment.Job instance at 0x7f84f8ae3f00>,35,15,[10  3],36,59,74,23,53
1,<environment.Job instance at 0x7f853f12fc80>,40,12,[ 5 10],41,74,86,33,57
1,<environment.Job instance at 0x7f84f8f964b0>,50,22,[7 5],51,86,108,35,80
1,<environment.Job instance at 0x7f853f15b960>,2,26,[10  2],3,5,31,2,5
1,<environment.Job instance at 0x7f853f273820>,17,2,[5 9],18,31,33,13,18
1,<environment.Job instance at 0x7f84f8f8e4b0>,19,1,[2 6],20,33,34,13,20
1,<environment.Job instance at 0x7f84f902c1e0>,7,17,[1 8],8,34,51,26,22
1,<environment.Job instance at 0x7f853f48deb0>,26,23,[8 1],27,37,60,10,37
1,<environment.Job instance at 0x7f853f48d500>,25,18,[9 4],26,60,78,34,56
1,<environment.Job instance at 0x7f853ebaf960>,36,2,[7 3],37,78,80,41,56
1,<environment.Job instance at 0x7f853ebaf410>,35,18,[1 7],36,78,96,42,67
1,<environment.Job instance at 0x7f84f8df5870>,47,18,[2 8],48,96,114,48,87
1,<environment.Job instance at 0x7f84f8df5370>,1,24,[2 7],2,2,26,0,2
1,<environment.Job instance at 0x7f84f88f5320>,9,16,[7 5],10,26,42,16,13
1,<environment.Job instance at 0x7f84f88f5e60>,14,2,[10  1],15,42,44,27,31
1,<environment.Job instance at 0x7f84f8a1f050>,17,1,[7 4],18,44,45,26,31
1,<environment.Job instance at 0x7f84f88f53c0>,12,16,[ 3 10],13,45,61,32,33
1,<environment.Job instance at 0x7f84f8a1f690>,19,2,[9 2],20,61,63,41,35
1,<environment.Job instance at 0x7f84f8a1f2d0>,22,1,[2 8],23,63,64,40,36
1,<environment.Job instance at 0x7f84f8a1f5f0>,24,18,[8 5],25,64,82,39,60
1,<environment.Job instance at 0x7f84f8a1f230>,30,12,[2 5],31,75,87,44,75
1,<environment.Job instance at 0x7f84f8a1f3c0>,27,21,[1 9],28,88,109,60,88
1,<environment.Job instance at 0x7f84f8a53b90>,1,17,[2 6],2,2,19,0,2
1,<environment.Job instance at 0x7f853ee55b40>,11,25,[1 7],12,21,46,9,21
1,<environment.Job instance at 0x7f853ee55370>,15,1,[9 2],16,21,22,5,21
1,<environment.Job instance at 0x7f853ee55dc0>,18,1,[7 5],19,46,47,27,21
1,<environment.Job instance at 0x7f853ee556e0>,17,3,[4 5],18,47,50,29,21
1,<environment.Job instance at 0x7f84f8ff2b40>,28,15,[8 5],29,50,65,21,47
1,<environment.Job instance at 0x7f853ed36aa0>,32,18,[7 1],33,65,83,32,55
1,<environment.Job instance at 0x7f853ed49f00>,41,1,[7 1],42,87,88,45,87
1,<environment.Job instance at 0x7f853ed49550>,42,2,[9 4],43,88,90,45,87
1,<environment.Job instance at 0x7f853ed49b40>,43,2,[6 2],44,90,92,46,88
1,<environment.Job instance at 0x7f853ed34820>,45,13,[9 1],46,92,105,46,89
1,<environment.Job instance at 0x7f8543b09870>,0,18,[10  1],1,1,19,0,1
1,<environment.Job instance at 0x7f8543b043c0>,8,1,[1 7],9,19,20,10,11
1,<environment.Job instance at 0x7f8543b04d70>,10,1,[5 6],11,20,21,9,12
1,<environment.Job instance at 0x7f8543b045f0>,7,18,[ 4 10],8,21,39,13,13
1,<environment.Job instance at 0x7f84f921a960>,19,14,[10  4],20,39,53,19,27
1,<environment.Job instance at 0x7f84f8bc45f0>,26,15,[10  5],27,53,68,26,51
1,<environment.Job instance at 0x7f853eba6550>,27,17,[7 4],28,68,85,40,59
1,<environment.Job instance at 0x7f84f9029230>,30,1,[8 4],31,85,86,54,59
1,<environment.Job instance at 0x7f84f9029c80>,36,2,[3 8],37,86,88,49,70
1,<environment.Job instance at 0x7f84f9029e10>,38,1,[10  4],39,88,89,49,72
1,<environment.Job instance at 0x7f84f8eed280>,40,12,[5 5],41,89,101,48,80
1,<environment.Job instance at 0x7f84f8eed8c0>,41,15,[5 5],42,89,104,47,80
1,<environment.Job instance at 0x7f853e7bc6e0>,4,16,[5 5],5,8,24,3,8
1,<environment.Job instance at 0x7f8543da09b0>,8,17,[4 9],9,24,41,15,12
1,<environment.Job instance at 0x7f84f8be6730>,21,14,[8 3],22,41,55,19,27
1,<environment.Job instance at 0x7f853ea7d730>,23,13,[3 9],24,55,68,31,39
1,<environment.Job instance at 0x7f853ee46140>,28,19,[9 3],29,68,87,39,58
1,<environment.Job instance at 0x7f853ee46d20>,36,2,[10  2],37,87,89,50,65
1,<environment.Job instance at 0x7f84f9019f50>,43,16,[6 5],44,89,105,45,84
1,<environment.Job instance at 0x7f853ec6abe0>,1,18,[2 9],2,2,20,0,2
1,<environment.Job instance at 0x7f84f8bba8c0>,6,14,[9 3],7,20,34,13,7
1,<environment.Job instance at 0x7f84f89fc550>,23,12,[9 1],24,34,46,10,26
1,<environment.Job instance at 0x7f853ea8bc80>,19,13,[5 7],20,46,59,26,31
1,<environment.Job instance at 0x7f84f8a0f320>,35,18,[9 3],36,59,77,23,48
1,<environment.Job instance at 0x7f84f89fbfa0>,46,14,[5 1],47,77,91,30,76
1,<environment.Job instance at 0x7f84f89fbb40>,47,2,[10  2],48,91,93,43,77
1,<environment.Job instance at 0x7f84f8a2b320>,48,2,[7 5],49,93,95,44,77
1,<environment.Job instance at 0x7f84f8a2bd20>,50,2,[5 6],51,78,80,27,78
1,<environment.Job instance at 0x7f0959d3d050>,3,17,[ 5 10],4,5,22,1,5
1,<environment.Job instance at 0x7f0952bdd3c0>,5,12,[1 7],6,22,34,16,6
1,<environment.Job instance at 0x7f0952bdd8c0>,11,3,[5 5],12,34,37,22,12
1,<environment.Job instance at 0x7f0952bddfa0>,17,2,[3 5],18,34,36,16,26
1,<environment.Job instance at 0x7f0952bddeb0>,19,2,[5 5],20,36,38,16,26
1,<environment.Job instance at 0x7f0952bddaa0>,12,17,[1 8],13,38,55,25,27
1,<environment.Job instance at 0x7f0952be1140>,20,14,[4 8],21,55,69,34,43
1,<environment.Job instance at 0x7f0952be32d0>,37,2,[8 4],38,69,71,31,59
1,<environment.Job instance at 0x7f0952be3370>,38,12,[5 4],39,71,83,32,59
1,<environment.Job instance at 0x7f0952be30a0>,40,12,[10  2],41,83,95,42,66
1,<environment.Job instance at 0x7f0952be3c80>,48,17,[1 9],49,95,112,46,87
1,<environment.Job instance at 0x7f0959ea6cd0>,2,21,[1 8],3,4,25,1,4
1,<environment.Job instance at 0x7f0959ea94b0>,13,2,[9 2],14,14,16,0,14
1,<environment.Job instance at 0x7f0959ea9a50>,9,18,[9 4],10,25,43,15,18
1,<environment.Job instance at 0x7f0959d66910>,25,12,[2 8],26,43,55,17,26
1,<environment.Job instance at 0x7f0959d66280>,30,1,[4 7],31,55,56,24,36
1,<environment.Job instance at 0x7f0959d66cd0>,31,17,[5 9],32,56,73,24,44
1,<environment.Job instance at 0x7f0959eaa2d0>,35,23,[1 5],36,73,96,37,67
1,<environment.Job instance at 0x7f0959eb1d70>,42,1,[2 7],43,96,97,53,70
1,<environment.Job instance at 0x7f0959eb1e10>,43,18,[8 2],44,74,92,30,74
1,<environment.Job instance at 0x7f0959d66eb0>,1,17,[7 5],2,2,19,0,2
1,<environment.Job instance at 0x7f0916eb7e60>,5,15,[5 6],6,19,34,13,6
1,<environment.Job instance at 0x7f0916f1a9b0>,19,25,[10  1],20,36,61,16,36
1,<environment.Job instance at 0x7f0916f105f0>,25,18,[5 8],26,61,79,35,53
1,<environment.Job instance at 0x7f0916f10e60>,32,17,[7 4],33,79,96,46,67
1,<environment.Job instance at 0x7f0916efdeb0>,41,15,[6 4],42,96,111,54,82
1,<environment.Job instance at 0x7f0916fb6870>,1,12,[3 5],2,2,14,0,2
1,<environment.Job instance at 0x7f0959eb8500>,2,23,[6 3],3,3,26,0,3
1,<environment.Job instance at 0x7f0959eb84b0>,16,25,[2 7],17,20,45,3,20
1,<environment.Job instance at 0x7f0917336910>,22,12,[6 4],23,45,57,22,28
1,<environment.Job instance at 0x7f0917336dc0>,33,17,[5 5],34,57,74,23,50
1,<environment.Job instance at 0x7f09174a20a0>,37,2,[2 8],38,74,76,36,51
1,<environment.Job instance at 0x7f09174a2910>,38,2,[ 2 10],39,76,78,37,53
1,<environment.Job instance at 0x7f0917508280>,40,14,[8 5],41,78,92,37,68
1,<environment.Job instance at 0x7f091735b0f0>,48,24,[5 8],49,92,116,43,92
1,<environment.Job instance at 0x7f0952c355a0>,2,27,[1 9],3,5,32,2,5
1,<environment.Job instance at 0x7f09172d1d70>,15,23,[5 5],16,32,55,16,29
1,<environment.Job instance at 0x7f09172d0410>,24,15,[1 8],25,55,70,30,52
1,<environment.Job instance at 0x7f09172d05f0>,27,1,[3 7],28,70,71,42,59
1,<environment.Job instance at 0x7f09172d0730>,28,19,[7 1],29,60,79,31,60
1,<environment.Job instance at 0x7f09172d40a0>,42,1,[5 3],43,94,95,51,94
1,<environment.Job instance at 0x7f09172d4370>,43,18,[1 6],44,98,116,54,98
1,<environment.Job instance at 0x7f0951a1ea00>,4,15,[4 8],5,5,20,0,5
1,<environment.Job instance at 0x7f0951a1e910>,5,16,[4 9],6,20,36,14,9
1,<environment.Job instance at 0x7f09530d6cd0>,20,13,[4 5],21,36,49,15,23
1,<environment.Job instance at 0x7f0952fbd9b0>,26,26,[5 4],27,36,62,9,33
1,<environment.Job instance at 0x7f09530f1fa0>,33,25,[7 3],34,62,87,28,58
1,<environment.Job instance at 0x7f09530f1c80>,34,12,[2 7],35,80,92,45,80
1,<environment.Job instance at 0x7f0951a5f780>,46,15,[6 3],47,87,102,40,84
1,<environment.Job instance at 0x7f0951a5f500>,53,14,[ 5 10],54,102,116,48,94
1,<environment.Job instance at 0x7f0952c78c80>,0,21,[4 9],1,1,22,0,1
1,<environment.Job instance at 0x7f09171ddb40>,8,14,[10  5],9,22,36,13,9
1,<environment.Job instance at 0x7f0917060190>,22,18,[9 4],23,42,60,19,42
1,<environment.Job instance at 0x7f091727f0f0>,29,15,[8 5],30,60,75,30,52
1,<environment.Job instance at 0x7f091727f4b0>,34,15,[8 3],35,75,90,40,68
1,<environment.Job instance at 0x7f0959c37eb0>,38,16,[5 4],39,90,106,51,85
1,<environment.Job instance at 0x7f0959c378c0>,37,21,[5 1],38,91,112,53,91
1,<environment.Job instance at 0x7f0917560af0>,4,14,[4 5],5,5,19,0,5
1,<environment.Job instance at 0x7f0917560f50>,9,16,[3 5],10,10,26,0,10
1,<environment.Job instance at 0x7f091759b050>,10,13,[ 5 10],11,26,39,15,11
1,<environment.Job instance at 0x7f091759b5a0>,21,14,[ 1 10],22,39,53,17,26
1,<environment.Job instance at 0x7f091759bfa0>,26,16,[ 2 10],27,53,69,26,41
1,<environment.Job instance at 0x7f0917576870>,33,12,[4 6],34,69,81,35,54
1,<environment.Job instance at 0x7f0917576550>,37,2,[8 4],38,81,83,43,55
1,<environment.Job instance at 0x7f09175942d0>,45,21,[3 8],46,83,104,37,83
1,<environment.Job instance at 0x7f091746cbe0>,4,18,[1 6],5,6,24,1,6
1,<environment.Job instance at 0x7f09530c1230>,13,12,[5 5],14,24,36,10,16
1,<environment.Job instance at 0x7f0953708d20>,16,25,[5 8],17,36,61,19,33
1,<environment.Job instance at 0x7f09532cd190>,26,14,[6 2],27,61,75,34,47
1,<environment.Job instance at 0x7f0952e252d0>,29,27,[8 1],30,75,102,45,73
1,<environment.Job instance at 0x7f0917316190>,38,14,[2 8],39,78,92,39,78
1,<environment.Job instance at 0x7f0917509b40>,2,20,[5 6],3,3,23,0,3
1,<environment.Job instance at 0x7f0916cb2af0>,7,14,[9 5],8,23,37,15,8
1,<environment.Job instance at 0x7f0952d4d5f0>,11,1,[2 8],12,37,38,25,15
1,<environment.Job instance at 0x7f09534edfa0>,18,12,[2 8],19,38,50,19,34
1,<environment.Job instance at 0x7f095321b410>,21,16,[ 3 10],22,50,66,28,37
1,<environment.Job instance at 0x7f0917291be0>,29,1,[6 4],30,66,67,36,48
1,<environment.Job instance at 0x7f0917291d70>,28,13,[6 5],29,67,80,38,56
1,<environment.Job instance at 0x7f09171aa730>,31,18,[8 1],32,80,98,48,71
1,<environment.Job instance at 0x7f09174079b0>,45,3,[5 4],46,98,101,52,86
1,<environment.Job instance at 0x7f0917407c80>,46,1,[7 1],47,101,102,54,86
1,<environment.Job instance at 0x7f0952cff460>,6,26,[3 5],7,7,33,0,7
1,<environment.Job instance at 0x7f0952cff730>,13,26,[5 4],14,16,42,2,16
1,<environment.Job instance at 0x7f0952cdf190>,22,18,[5 1],23,33,51,10,25
1,<environment.Job instance at 0x7f0952cdf500>,24,1,[3 6],25,42,43,17,25
1,<environment.Job instance at 0x7f0952cdfa00>,26,3,[9 3],27,51,54,24,27
1,<environment.Job instance at 0x7f0952cffcd0>,16,16,[ 4 10],17,54,70,37,41
1,<environment.Job instance at 0x7f0952cdffa0>,31,22,[1 9],32,70,92,38,63
1,<environment.Job instance at 0x7f0952d0e410>,38,17,[9 1],39,70,87,31,65
1,<environment.Job instance at 0x7f0952d0e5a0>,39,20,[2 8],40,92,112,52,84
1,<environment.Job instance at 0x7f0952d0e140>,45,14,[6 2],46,92,106,46,92
1,<environment.Job instance at 0x7f09173ec4b0>,9,16,[10  4],10,10,26,0,10
1,<environment.Job instance at 0x7f09173ece10>,8,15,[3 6],9,26,41,17,14
1,<environment.Job instance at 0x7f0959eb0730>,15,1,[7 5],16,41,42,25,16
1,<environment.Job instance at 0x7f0959eb0a50>,16,3,[5 5],17,42,45,25,18
1,<environment.Job instance at 0x7f09173cca00>,19,14,[9 2],20,45,59,25,30
1,<environment.Job instance at 0x7f09171cf1e0>,24,3,[5 7],25,59,62,34,33
1,<environment.Job instance at 0x7f09171cf2d0>,31,2,[6 5],32,62,64,30,40
1,<environment.Job instance at 0x7f09174b70a0>,36,13,[2 9],37,64,77,27,52
1,<environment.Job instance at 0x7f09173ccdc0>,23,28,[2 8],24,77,105,53,77
1,<environment.Job instance at 0x7f0916c82730>,50,21,[7 2],51,89,110,38,89
1,<environment.Job instance at 0x7f0951b39f00>,0,25,[10  4],1,2,27,1,2
1,<environment.Job instance at 0x7f0952d95fa0>,11,3,[6 4],12,27,30,15,13
1,<environment.Job instance at 0x7f0952d959b0>,13,3,[5 6],14,30,33,16,15
1,<environment.Job instance at 0x7f0952d95a50>,14,3,[6 4],15,33,36,18,15
1,<environment.Job instance at 0x7f0951b39050>,6,3,[ 1 10],7,36,39,29,15
1,<environment.Job instance at 0x7f0951b39820>,4,14,[5 5],5,39,53,34,24
1,<environment.Job instance at 0x7f0952cb5f50>,29,16,[2 7],30,53,69,23,41
1,<environment.Job instance at 0x7f0952cb5fa0>,35,14,[3 7],36,73,87,37,73
1,<environment.Job instance at 0x7f09536d86e0>,36,13,[7 1],37,73,86,36,73
1,<environment.Job instance at 0x7f09536d87d0>,38,16,[10  5],39,87,103,48,75
1,<environment.Job instance at 0x7f0951b8df50>,45,15,[ 2 10],46,103,118,57,91
1,<environment.Job instance at 0x7f0951afcf50>,8,2,[10  1],9,10,12,1,10
1,<environment.Job instance at 0x7f0951afc780>,5,3,[7 5],6,12,15,6,11
1,<environment.Job instance at 0x7f0951ad1460>,19,28,[6 1],20,29,57,9,29
1,<environment.Job instance at 0x7f0951ad3370>,22,3,[5 8],23,57,60,34,32
1,<environment.Job instance at 0x7f0951ad3190>,23,1,[7 1],24,60,61,36,32
1,<environment.Job instance at 0x7f0953703f50>,29,13,[8 5],30,61,74,31,48
1,<environment.Job instance at 0x7f095199aaf0>,34,13,[2 6],35,74,87,39,66
1,<environment.Job instance at 0x7f0916bffbe0>,35,16,[7 1],36,74,90,38,67
1,<environment.Job instance at 0x7f0917423640>,37,17,[3 7],38,87,104,49,77
1,<environment.Job instance at 0x7f09531af780>,9,3,[3 6],10,10,13,0,10
1,<environment.Job instance at 0x7f0952ec6fa0>,11,18,[10  5],12,13,31,1,12
1,<environment.Job instance at 0x7f0916f1ed20>,19,17,[10  3],20,31,48,11,27
1,<environment.Job instance at 0x7f0951b8d1e0>,4,14,[6 4],5,48,62,43,34
1,<environment.Job instance at 0x7f0916f1e500>,24,16,[3 6],25,48,64,23,36
1,<environment.Job instance at 0x7f09531967d0>,33,15,[6 1],34,62,77,28,51
1,<environment.Job instance at 0x7f0951af8fa0>,37,15,[4 6],38,64,79,26,51
1,<environment.Job instance at 0x7f0951af8280>,40,12,[3 7],41,79,91,38,62
1,<environment.Job instance at 0x7f0951af8370>,46,1,[3 9],47,91,92,44,83
1,<environment.Job instance at 0x7f0952c7bf00>,1,13,[9 1],2,2,15,0,2
1,<environment.Job instance at 0x7f0916b5fe10>,9,14,[1 9],10,37,51,27,37
1,<environment.Job instance at 0x7f0916b623c0>,24,26,[8 4],25,51,77,26,48
1,<environment.Job instance at 0x7f0916ba3c30>,32,13,[10  5],33,77,90,44,63
1,<environment.Job instance at 0x7f0916ba3730>,34,1,[6 1],35,90,91,55,65
1,<environment.Job instance at 0x7f0916ba3960>,35,1,[8 2],36,91,92,55,65
1,<environment.Job instance at 0x7f0916b5fbe0>,11,18,[9 3],12,92,110,80,92
1,<environment.Job instance at 0x7f0916f4aaf0>,43,1,[ 5 10],44,110,111,66,92
1,<environment.Job instance at 0x7f0951b1a820>,2,17,[9 5],3,3,20,0,3
1,<environment.Job instance at 0x7f0916e16b40>,3,13,[6 4],4,20,33,16,4
1,<environment.Job instance at 0x7f0916df6be0>,9,15,[7 1],10,33,48,23,19
1,<environment.Job instance at 0x7f0916e1ac80>,16,16,[3 5],17,21,37,4,21
1,<environment.Job instance at 0x7f0916e1ad20>,22,19,[5 6],23,48,67,25,42
1,<environment.Job instance at 0x7f0916e00140>,23,12,[8 3],24,67,79,43,50
1,<environment.Job instance at 0x7f0916dea0f0>,26,16,[1 7],27,67,83,40,55
1,<environment.Job instance at 0x7f091759c640>,28,17,[4 9],29,83,100,54,71
1,<environment.Job instance at 0x7f0916de88c0>,31,15,[ 5 10],32,100,115,68,86
1,<environment.Job instance at 0x7f09538882d0>,0,12,[9 4],1,1,13,0,1
1,<environment.Job instance at 0x7f0953888960>,2,18,[2 9],3,13,31,10,3
1,<environment.Job instance at 0x7f0953504a50>,14,2,[4 7],15,31,33,16,19
1,<environment.Job instance at 0x7f09535040a0>,16,14,[9 3],17,33,47,16,20
1,<environment.Job instance at 0x7f095199c3c0>,23,1,[5 6],24,47,48,23,30
1,<environment.Job instance at 0x7f09536a4b40>,24,3,[8 4],25,48,51,23,30
1,<environment.Job instance at 0x7f095326fbe0>,25,2,[9 3],26,51,53,25,30
1,<environment.Job instance at 0x7f09536a4be0>,26,2,[4 6],27,53,55,26,30
1,<environment.Job instance at 0x7f09536a4370>,27,2,[3 7],28,55,57,27,30
1,<environment.Job instance at 0x7f09536a43c0>,28,2,[5 1],29,30,32,1,30
1,<environment.Job instance at 0x7f0951959f50>,33,12,[9 1],34,57,69,23,47
1,<environment.Job instance at 0x7f0951959820>,37,14,[5 7],38,69,83,31,57
1,<environment.Job instance at 0x7f09170974b0>,42,17,[10  2],43,83,100,40,74
1,<environment.Job instance at 0x7f0951959af0>,35,17,[9 2],36,100,117,64,96
1,<environment.Job instance at 0x7f0916f4a230>,3,20,[8 5],4,4,24,0,4
1,<environment.Job instance at 0x7f0916f0d870>,11,12,[8 2],12,24,36,12,15
1,<environment.Job instance at 0x7f09534ce370>,28,1,[9 2],29,45,46,16,45
1,<environment.Job instance at 0x7f09534ce910>,29,3,[5 8],30,46,49,16,46
1,<environment.Job instance at 0x7f09534ce050>,26,20,[5 4],27,49,69,22,46
1,<environment.Job instance at 0x7f09534ce5a0>,30,27,[5 7],31,71,98,40,71
1,<environment.Job instance at 0x7f09174c24b0>,42,17,[10  2],43,98,115,55,86
1,<environment.Job instance at 0x7f0916cc2460>,0,17,[ 4 10],1,1,18,0,1
1,<environment.Job instance at 0x7f0916aeb320>,2,12,[5 4],3,18,30,15,3
1,<environment.Job instance at 0x7f09175756e0>,9,1,[ 4 10],10,30,31,20,10
1,<environment.Job instance at 0x7f09172c2f50>,16,13,[7 2],17,31,44,14,20
1,<environment.Job instance at 0x7f09538165a0>,6,19,[2 7],7,31,50,24,23
1,<environment.Job instance at 0x7f0916cb5e10>,21,17,[5 6],22,50,67,28,38
1,<environment.Job instance at 0x7f0952ef96e0>,26,17,[2 9],27,67,84,40,55
1,<environment.Job instance at 0x7f0952c28640>,39,2,[1 6],40,95,97,55,95
1,<environment.Job instance at 0x7f0952c2bf00>,37,2,[4 9],38,97,99,59,96
1,<environment.Job instance at 0x7f0952c289b0>,41,2,[ 4 10],42,99,101,57,96
1,<environment.Job instance at 0x7f0952c286e0>,42,3,[1 5],43,101,104,58,96
1,<environment.Job instance at 0x7f413366e1e0>,0,18,[9 3],1,3,21,2,3
1,<environment.Job instance at 0x7f413050e4b0>,7,16,[5 8],8,21,37,13,9
1,<environment.Job instance at 0x7f413050ec80>,15,16,[5 5],16,37,53,21,24
1,<environment.Job instance at 0x7f4130512820>,25,1,[9 2],26,53,54,27,40
1,<environment.Job instance at 0x7f4130512410>,26,16,[9 1],27,54,70,27,50
1,<environment.Job instance at 0x7f4130512d20>,34,19,[3 7],35,70,89,35,63
1,<environment.Job instance at 0x7f41305109b0>,47,1,[1 7],48,90,91,42,90
1,<environment.Job instance at 0x7f4130510370>,41,23,[10  4],42,91,114,49,90
1,<environment.Job instance at 0x7f4130510f00>,53,21,[5 4],54,114,135,60,106
1,<environment.Job instance at 0x7f4130510fa0>,1,18,[5 5],2,2,20,0,2
1,<environment.Job instance at 0x7f41337e90a0>,8,13,[1 5],9,14,27,5,14
1,<environment.Job instance at 0x7f41337e9280>,13,2,[1 7],14,27,29,13,16
1,<environment.Job instance at 0x7f41337dfe60>,18,2,[7 2],19,20,22,1,19
1,<environment.Job instance at 0x7f41337e4c30>,17,14,[4 5],18,29,43,11,19
1,<environment.Job instance at 0x7f4133696460>,2,26,[2 7],3,43,69,40,40
1,<environment.Job instance at 0x7f4133695320>,33,18,[8 2],34,63,81,29,63
1,<environment.Job instance at 0x7f4133695190>,36,25,[ 4 10],37,81,106,44,77
1,<environment.Job instance at 0x7f41337e2eb0>,44,18,[9 2],45,106,124,61,101
1,<environment.Job instance at 0x7f40f2764870>,0,22,[5 5],1,1,23,0,1
1,<environment.Job instance at 0x7f40f282d1e0>,17,12,[5 8],18,23,35,5,20
1,<environment.Job instance at 0x7f40f280f0f0>,27,21,[ 1 10],28,38,59,10,38
1,<environment.Job instance at 0x7f40f280f8c0>,30,13,[ 3 10],31,59,72,28,51
1,<environment.Job instance at 0x7f40f2827870>,40,25,[2 7],41,89,114,48,89
1,<environment.Job instance at 0x7f40f2b573c0>,2,17,[6 1],3,3,20,0,3
1,<environment.Job instance at 0x7f40f2b57e60>,10,14,[8 5],11,20,34,9,14
1,<environment.Job instance at 0x7f40f2c91be0>,18,24,[5 8],19,34,58,15,32
1,<environment.Job instance at 0x7f40f2c67aa0>,25,1,[8 2],26,58,59,32,42
1,<environment.Job instance at 0x7f40f2c67f00>,26,12,[4 6],27,59,71,32,50
1,<environment.Job instance at 0x7f40f2c67960>,28,17,[6 5],29,71,88,42,61
1,<environment.Job instance at 0x7f40f28db910>,37,12,[5 7],38,88,100,50,74
1,<environment.Job instance at 0x7f40f2c0f050>,46,18,[8 4],47,107,125,60,107
1,<environment.Job instance at 0x7f40f27fef00>,3,18,[1 6],4,4,22,0,4
1,<environment.Job instance at 0x7f40f2c00dc0>,7,15,[3 7],8,22,37,14,8
1,<environment.Job instance at 0x7f40f2bfb230>,13,27,[4 8],14,37,64,23,35
1,<environment.Job instance at 0x7f40f2bfbfa0>,32,16,[9 1],33,64,80,31,56
1,<environment.Job instance at 0x7f40f2bf3b90>,41,15,[5 2],42,80,95,38,71
1,<environment.Job instance at 0x7f40f2bf3a50>,40,18,[1 8],41,76,94,35,76
1,<environment.Job instance at 0x7f40f2c04230>,47,18,[1 7],48,94,112,46,87
1,<environment.Job instance at 0x7f40f2c04370>,49,14,[8 3],50,95,109,45,90
1,<environment.Job instance at 0x7f41337e5140>,6,27,[1 8],7,7,34,0,7
1,<environment.Job instance at 0x7f40f2a36730>,18,16,[5 9],19,34,50,15,30
1,<environment.Job instance at 0x7f40f2a36640>,22,15,[5 9],23,53,68,30,53
1,<environment.Job instance at 0x7f4130affe10>,31,13,[5 7],32,100,113,68,100
1,<environment.Job instance at 0x7f40f2bc7960>,33,12,[5 5],34,113,125,79,103
1,<environment.Job instance at 0x7f4130aff5a0>,2,18,[1 5],3,3,21,0,3
1,<environment.Job instance at 0x7f4130a0a190>,5,17,[5 8],6,21,38,15,9
1,<environment.Job instance at 0x7f40f2b53320>,15,3,[10  5],16,38,41,22,16
1,<environment.Job instance at 0x7f4130c6cfa0>,24,16,[1 6],25,41,57,16,33
1,<environment.Job instance at 0x7f4130c28c30>,25,16,[9 3],26,41,57,15,33
1,<environment.Job instance at 0x7f4130e10aa0>,29,18,[7 1],30,57,75,27,48
1,<environment.Job instance at 0x7f4130b605f0>,36,14,[4 9],37,75,89,38,64
1,<environment.Job instance at 0x7f41302b53c0>,49,16,[3 5],50,94,110,44,94
1,<environment.Job instance at 0x7f4130bf19b0>,18,17,[10  5],19,110,127,91,98
1,<environment.Job instance at 0x7f4130c4a5f0>,0,13,[9 3],1,1,14,0,1
1,<environment.Job instance at 0x7f40f28ab460>,7,23,[4 8],8,14,37,6,8
1,<environment.Job instance at 0x7f40f28ab960>,13,21,[2 8],14,37,58,23,29
1,<environment.Job instance at 0x7f40f28b51e0>,24,1,[10  3],25,58,59,33,37
1,<environment.Job instance at 0x7f40f28b55f0>,26,21,[7 5],27,59,80,32,55
1,<environment.Job instance at 0x7f40f28b5be0>,34,18,[1 6],35,80,98,45,71
1,<environment.Job instance at 0x7f40f28b5960>,36,15,[5 5],37,98,113,61,84
1,<environment.Job instance at 0x7f40f2c62640>,3,15,[7 5],4,4,19,0,4
1,<environment.Job instance at 0x7f40f2b23960>,13,3,[5 4],14,19,22,5,14
1,<environment.Job instance at 0x7f4130445c80>,9,17,[ 2 10],10,22,39,12,16
1,<environment.Job instance at 0x7f4130274dc0>,20,2,[4 7],21,39,41,18,22
1,<environment.Job instance at 0x7f41304457d0>,6,23,[5 8],7,41,64,34,36
1,<environment.Job instance at 0x7f4133700280>,34,25,[2 8],35,64,89,29,62
1,<environment.Job instance at 0x7f4130a62eb0>,38,12,[2 8],39,92,104,53,92
1,<environment.Job instance at 0x7f4130d1f960>,41,16,[ 3 10],42,104,120,62,97
1,<environment.Job instance at 0x7f40f2a49d70>,44,12,[5 3],45,120,132,75,103
1,<environment.Job instance at 0x7f413078a280>,1,24,[5 4],2,2,26,0,2
1,<environment.Job instance at 0x7f40f2a3f050>,5,12,[3 6],6,6,18,0,6
1,<environment.Job instance at 0x7f41311a74b0>,13,3,[5 3],14,18,21,4,15
1,<environment.Job instance at 0x7f4130c76fa0>,14,3,[6 2],15,26,29,11,18
1,<environment.Job instance at 0x7f40f2b845a0>,15,14,[4 9],16,29,43,13,18
1,<environment.Job instance at 0x7f40f2a24870>,20,13,[3 8],21,43,56,22,30
1,<environment.Job instance at 0x7f40f2e3db90>,23,26,[5 4],24,56,82,32,53
1,<environment.Job instance at 0x7f4130633960>,28,3,[1 8],29,82,85,53,59
1,<environment.Job instance at 0x7f40f2bbecd0>,32,18,[5 1],33,69,87,36,69
1,<environment.Job instance at 0x7f40f29abc30>,40,15,[6 5],41,87,102,46,75
1,<environment.Job instance at 0x7f40f29ab820>,42,14,[7 2],43,102,116,59,88
1,<environment.Job instance at 0x7f41306a2aa0>,49,20,[2 8],50,104,124,54,104
1,<environment.Job instance at 0x7f40f275daa0>,6,16,[8 1],7,7,23,0,7
1,<environment.Job instance at 0x7f40f275dc80>,8,15,[3 6],9,23,38,14,9
1,<environment.Job instance at 0x7f40f275c5a0>,16,3,[5 5],17,38,41,21,17
1,<environment.Job instance at 0x7f40f275c640>,18,3,[9 3],19,41,44,22,19
1,<environment.Job instance at 0x7f40f275c050>,13,13,[2 8],14,44,57,30,28
1,<environment.Job instance at 0x7f40f27e30f0>,28,3,[ 4 10],29,57,60,28,40
1,<environment.Job instance at 0x7f40f27e3140>,29,19,[3 7],30,60,79,30,54
1,<environment.Job instance at 0x7f40f27e3f00>,43,17,[5 2],44,82,99,38,82
1,<environment.Job instance at 0x7f40f27dd8c0>,53,26,[6 1],54,108,134,54,108
1,<environment.Job instance at 0x7f41306c4730>,7,14,[1 6],8,8,22,0,8
1,<environment.Job instance at 0x7f41306c4eb0>,9,20,[9 2],10,14,34,4,14
1,<environment.Job instance at 0x7f41308a6320>,24,15,[4 9],25,34,49,9,25
1,<environment.Job instance at 0x7f41305e3730>,27,17,[1 9],28,49,66,21,37
1,<environment.Job instance at 0x7f41306c4fa0>,10,22,[7 5],11,66,88,55,64
1,<environment.Job instance at 0x7f41310f29b0>,45,27,[4 6],46,88,115,42,87
1,<environment.Job instance at 0x7f40f2e70dc0>,4,18,[ 4 10],5,5,23,0,5
1,<environment.Job instance at 0x7f4130f93e60>,10,16,[4 6],11,23,39,12,11
1,<environment.Job instance at 0x7f40f2b6e6e0>,19,13,[8 5],20,39,52,19,23
1,<environment.Job instance at 0x7f41310380a0>,26,1,[ 5 10],27,52,53,25,27
1,<environment.Job instance at 0x7f41310380f0>,27,18,[4 9],28,53,71,25,49
1,<environment.Job instance at 0x7f41310384b0>,29,16,[5 8],30,71,87,41,58
1,<environment.Job instance at 0x7f41303341e0>,34,14,[5 1],35,58,72,23,58
1,<environment.Job instance at 0x7f4130334370>,39,16,[7 5],40,87,103,47,79
1,<environment.Job instance at 0x7f4130334a00>,41,16,[9 3],42,103,119,61,91
1,<environment.Job instance at 0x7f40f2c3b0f0>,49,2,[9 2],50,119,121,69,106
1,<environment.Job instance at 0x7f40f2c3b690>,50,2,[ 4 10],51,121,123,70,106
1,<environment.Job instance at 0x7f4130b1f8c0>,3,15,[6 1],4,4,19,0,4
1,<environment.Job instance at 0x7f40f2c3b690>,4,27,[4 9],5,6,33,1,6
1,<environment.Job instance at 0x7f4130cff320>,17,24,[4 8],18,33,57,15,29
1,<environment.Job instance at 0x7f41304fbb90>,31,3,[2 9],32,57,60,25,38
1,<environment.Job instance at 0x7f40f29d28c0>,32,16,[4 6],33,60,76,27,48
1,<environment.Job instance at 0x7f40f251a8c0>,35,15,[9 4],36,76,91,40,68
1,<environment.Job instance at 0x7f40f29eb640>,41,3,[3 8],42,91,94,49,68
1,<environment.Job instance at 0x7f41304bdd70>,46,15,[8 5],47,94,109,47,83
1,<environment.Job instance at 0x7f40f27250a0>,51,1,[7 1],52,109,110,57,105
1,<environment.Job instance at 0x7f40f2725eb0>,52,2,[9 4],53,110,112,57,106
1,<environment.Job instance at 0x7f40f252a050>,53,2,[6 2],54,112,114,58,106
1,<environment.Job instance at 0x7f40f252ad70>,55,13,[9 1],56,114,127,58,106
1,<environment.Job instance at 0x7f40f2a036e0>,1,13,[5 5],2,2,15,0,2
1,<environment.Job instance at 0x7f40f29f23c0>,2,17,[8 5],3,15,32,12,3
1,<environment.Job instance at 0x7f40f2e934b0>,16,15,[10  5],17,32,47,15,18
1,<environment.Job instance at 0x7f40f27148c0>,25,14,[5 9],26,47,61,21,37
1,<environment.Job instance at 0x7f40f27fe190>,32,12,[ 3 10],33,61,73,28,47
1,<environment.Job instance at 0x7f40f27fe960>,31,15,[5 5],32,73,88,41,60
1,<environment.Job instance at 0x7f40f259d690>,38,14,[6 2],39,88,102,49,86
1,<environment.Job instance at 0x7f4130879820>,48,12,[5 2],49,102,114,53,86
1,<environment.Job instance at 0x7f4130f95a00>,53,14,[6 4],54,114,128,60,104
1,<environment.Job instance at 0x7f4130f95be0>,55,2,[10  3],56,128,130,72,107
1,<environment.Job instance at 0x7f4130f95f00>,56,1,[3 6],57,107,108,50,107
1,<environment.Job instance at 0x7f40f2db7320>,0,17,[5 2],1,1,18,0,1
1,<environment.Job instance at 0x7f40f24de5f0>,4,18,[2 8],5,5,23,0,5
1,<environment.Job instance at 0x7f40f250e690>,11,1,[8 4],12,23,24,11,12
1,<environment.Job instance at 0x7f40f250eaa0>,14,17,[9 2],15,24,41,9,17
1,<environment.Job instance at 0x7f40f26efaf0>,24,26,[2 9],25,41,67,16,39
1,<environment.Job instance at 0x7f40f26ef690>,17,17,[5 2],18,67,84,49,63
1,<environment.Job instance at 0x7f40f2e2a730>,35,12,[3 9],36,84,96,48,70
1,<environment.Job instance at 0x7f40f2e2a1e0>,41,3,[6 2],42,96,99,54,83
1,<environment.Job instance at 0x7f40f2e2a460>,42,15,[8 2],43,99,114,56,88
1,<environment.Job instance at 0x7f40f2e2aa00>,49,15,[8 4],50,114,129,64,101
1,<environment.Job instance at 0x7f40f2e21730>,1,17,[9 1],2,3,20,1,3
1,<environment.Job instance at 0x7f40f2e02aa0>,9,15,[9 3],10,20,35,10,10
1,<environment.Job instance at 0x7f40f29bb190>,10,2,[6 1],11,35,37,24,11
1,<environment.Job instance at 0x7f40f2dd2a00>,11,16,[4 9],12,35,51,23,25
1,<environment.Job instance at 0x7f413093be60>,27,18,[4 6],28,51,69,23,48
1,<environment.Job instance at 0x7f41306021e0>,35,2,[9 3],36,69,71,33,58
1,<environment.Job instance at 0x7f4130602870>,36,3,[7 4],37,71,74,34,58
1,<environment.Job instance at 0x7f40f29adbe0>,37,2,[8 3],38,74,76,36,58
1,<environment.Job instance at 0x7f41311ce7d0>,33,12,[6 2],34,76,88,42,60
1,<environment.Job instance at 0x7f40f29ce690>,32,18,[9 2],33,88,106,55,78
1,<environment.Job instance at 0x7f41310c20a0>,8,15,[1 5],9,9,24,0,9
1,<environment.Job instance at 0x7f4130b910f0>,9,16,[1 8],10,24,40,14,11
1,<environment.Job instance at 0x7f41337e9230>,15,17,[9 5],16,40,57,24,28
1,<environment.Job instance at 0x7f413082afa0>,22,14,[5 1],23,57,71,34,46
1,<environment.Job instance at 0x7f4130dcc7d0>,24,2,[5 3],25,57,59,32,46
1,<environment.Job instance at 0x7f40f276c6e0>,23,13,[5 9],24,59,72,35,48
1,<environment.Job instance at 0x7f41308dca00>,29,2,[5 3],30,72,74,42,49
1,<environment.Job instance at 0x7f4130a0e190>,34,13,[2 9],35,74,87,39,67
1,<environment.Job instance at 0x7f4130a0e500>,36,19,[2 7],37,87,106,50,80
1,<environment.Job instance at 0x7f4130a0e0f0>,41,12,[7 2],42,87,99,45,80
1,<environment.Job instance at 0x7f41304e4dc0>,1,17,[5 1],2,3,20,1,3
1,<environment.Job instance at 0x7f40f24f2730>,3,16,[6 5],4,20,36,16,7
1,<environment.Job instance at 0x7f40f2c04af0>,27,1,[6 2],28,54,55,26,54
1,<environment.Job instance at 0x7f40f2c040f0>,29,3,[10  5],30,55,58,25,55
1,<environment.Job instance at 0x7f4130644dc0>,32,20,[5 3],33,59,79,26,59
1,<environment.Job instance at 0x7f4130644f00>,37,26,[6 2],38,95,121,57,95
1,<environment.Job instance at 0x7f4130cb7dc0>,0,25,[ 2 10],1,2,27,1,2
1,<environment.Job instance at 0x7f40f2b0eb90>,17,17,[2 6],18,27,44,9,18
1,<environment.Job instance at 0x7f413078b5a0>,22,1,[10  3],23,44,45,21,26
1,<environment.Job instance at 0x7f41309133c0>,24,15,[8 4],25,28,43,3,28
1,<environment.Job instance at 0x7f41303b7f50>,11,16,[9 1],12,45,61,33,32
1,<environment.Job instance at 0x7f40f2b0e6e0>,16,12,[1 8],17,45,57,28,37
1,<environment.Job instance at 0x7f40f2d96230>,27,3,[9 5],28,61,64,33,38
1,<environment.Job instance at 0x7f40f2d96d20>,30,18,[5 8],31,64,82,33,53
1,<environment.Job instance at 0x7f40f264c870>,38,21,[5 7],39,82,103,43,81
1,<environment.Job instance at 0x7f41306630f0>,49,12,[4 7],50,103,115,53,86
1,<environment.Job instance at 0x7f81d2d2d0f0>,0,18,[9 3],1,3,21,2,3
1,<environment.Job instance at 0x7f81d2db6d70>,2,13,[10  1],3,21,34,18,9
1,<environment.Job instance at 0x7f81cd91d550>,6,1,[9 5],7,34,35,27,13
1,<environment.Job instance at 0x7f81cd91d820>,10,12,[5 5],11,35,47,24,18
1,<environment.Job instance at 0x7f81cd9201e0>,21,1,[6 4],22,47,48,25,31
1,<environment.Job instance at 0x7f81cd920140>,20,14,[4 8],21,48,62,27,33
1,<environment.Job instance at 0x7f81cd9203c0>,24,2,[6 5],25,62,64,37,41
1,<environment.Job instance at 0x7f81cd9207d0>,28,2,[ 3 10],29,64,66,35,44
1,<environment.Job instance at 0x7f81cd920b90>,30,3,[6 5],31,66,69,35,45
1,<environment.Job instance at 0x7f81cd920870>,26,16,[9 1],27,69,85,42,57
1,<environment.Job instance at 0x7f81cd9230f0>,38,12,[5 4],39,85,97,46,68
1,<environment.Job instance at 0x7f81cd923e10>,49,15,[3 9],50,97,112,47,85
1,<environment.Job instance at 0x7f81cd926690>,57,13,[6 4],58,112,125,54,106
1,<environment.Job instance at 0x7f81cd9266e0>,60,16,[3 7],61,125,141,64,112
1,<environment.Job instance at 0x7f81d2d546e0>,0,16,[5 2],1,1,17,0,1
1,<environment.Job instance at 0x7f81d2d55e10>,6,13,[6 2],7,17,30,10,7
1,<environment.Job instance at 0x7f81d2e96780>,8,2,[7 2],9,30,32,21,9
1,<environment.Job instance at 0x7f81d2e96be0>,10,1,[4 7],11,11,12,0,11
1,<environment.Job instance at 0x7f81d2e9cc80>,11,17,[5 9],12,32,49,20,20
1,<environment.Job instance at 0x7f81d2ea3a50>,23,18,[8 2],24,49,67,25,40
1,<environment.Job instance at 0x7f81d2e9a050>,29,3,[8 4],30,67,70,37,52
1,<environment.Job instance at 0x7f81d2e9a690>,30,12,[4 8],31,70,82,39,53
1,<environment.Job instance at 0x7f81d2ea33c0>,26,25,[ 4 10],27,86,111,59,86
1,<environment.Job instance at 0x7f81d2ea85f0>,48,18,[7 3],49,111,129,62,100
1,<environment.Job instance at 0x7f81d2ea8140>,51,16,[9 1],52,129,145,77,116
1,<environment.Job instance at 0x7f8187bdfaa0>,6,1,[1 5],7,7,8,0,7
1,<environment.Job instance at 0x7f8187b6ffa0>,8,15,[9 1],9,11,26,2,11
1,<environment.Job instance at 0x7f81cd6ec230>,12,2,[9 4],13,26,28,13,14
1,<environment.Job instance at 0x7f8187bdfdc0>,7,21,[ 1 10],8,28,49,20,20
1,<environment.Job instance at 0x7f81cd6868c0>,25,1,[8 4],26,49,50,23,37
1,<environment.Job instance at 0x7f81cd6d52d0>,30,14,[4 9],31,50,64,19,45
1,<environment.Job instance at 0x7f81cd6d58c0>,31,1,[7 4],32,64,65,32,45
1,<environment.Job instance at 0x7f81b7113b90>,33,2,[5 2],34,65,67,31,46
1,<environment.Job instance at 0x7f81cd7aae10>,34,3,[6 2],35,67,70,32,50
1,<environment.Job instance at 0x7f81cd7aaaf0>,35,14,[4 8],36,65,79,29,50
1,<environment.Job instance at 0x7f81cda98a00>,36,12,[8 4],37,79,91,42,62
1,<environment.Job instance at 0x7f8187b87960>,42,16,[ 4 10],43,91,107,48,78
1,<environment.Job instance at 0x7f8187b871e0>,38,12,[1 5],39,107,119,68,100
1,<environment.Job instance at 0x7f8187bd4370>,49,3,[9 2],50,107,110,57,100
1,<environment.Job instance at 0x7f81cd702e60>,53,2,[5 6],54,119,121,65,103
1,<environment.Job instance at 0x7f8187bd4050>,48,15,[ 4 10],49,121,136,72,108
1,<environment.Job instance at 0x7f8187f31a50>,2,18,[ 4 10],3,4,22,1,4
1,<environment.Job instance at 0x7f81cda2d280>,7,12,[5 7],8,22,34,14,8
1,<environment.Job instance at 0x7f81ce059910>,12,14,[8 2],13,34,48,21,20
1,<environment.Job instance at 0x7f81cd90d230>,22,2,[4 9],23,48,50,25,23
1,<environment.Job instance at 0x7f81cdd3d3c0>,8,16,[5 6],9,50,66,41,37
1,<environment.Job instance at 0x7f8187c00e10>,33,17,[5 1],34,48,65,14,47
1,<environment.Job instance at 0x7f81cd9e5280>,36,17,[8 2],37,66,83,29,54
1,<environment.Job instance at 0x7f81d2e99a00>,44,12,[ 5 10],45,83,95,38,74
1,<environment.Job instance at 0x7f81d2e9ed70>,51,23,[9 3],52,95,118,43,90
1,<environment.Job instance at 0x7f81d2ea3e60>,58,17,[5 5],59,119,136,60,119
1,<environment.Job instance at 0x7f8187bd4e60>,0,18,[1 8],1,1,19,0,1
1,<environment.Job instance at 0x7f8187f33500>,7,18,[1 7],8,19,37,11,8
1,<environment.Job instance at 0x7f81cdfa61e0>,16,14,[9 2],17,17,31,0,17
1,<environment.Job instance at 0x7f81cdf9e0a0>,21,13,[8 5],22,37,50,15,27
1,<environment.Job instance at 0x7f81cd722140>,26,17,[7 3],27,50,67,23,41
1,<environment.Job instance at 0x7f81cd722500>,33,16,[5 1],34,67,83,33,60
1,<environment.Job instance at 0x7f81cd7223c0>,32,26,[5 5],33,68,94,35,68
1,<environment.Job instance at 0x7f81cd73f640>,40,13,[4 5],41,83,96,42,69
1,<environment.Job instance at 0x7f81cd73f280>,43,2,[1 8],44,96,98,52,83
1,<environment.Job instance at 0x7f81cd732690>,48,3,[5 2],49,94,97,45,87
1,<environment.Job instance at 0x7f81cd732230>,50,1,[5 8],51,98,99,47,89
1,<environment.Job instance at 0x7f81cd73fc80>,41,28,[6 2],42,99,127,57,98
1,<environment.Job instance at 0x7f81cd7327d0>,54,12,[2 7],55,116,128,61,116
1,<environment.Job instance at 0x7f81cd728730>,57,15,[6 1],58,127,142,69,117
1,<environment.Job instance at 0x7f8187f2f1e0>,0,21,[4 9],1,1,22,0,1
1,<environment.Job instance at 0x7f81ce45bcd0>,6,13,[3 7],7,22,35,15,9
1,<environment.Job instance at 0x7f81ce43c0a0>,18,13,[1 9],19,35,48,16,25
1,<environment.Job instance at 0x7f81ce43ceb0>,23,12,[8 4],24,48,60,24,33
1,<environment.Job instance at 0x7f81ce5d6aa0>,27,17,[7 2],28,60,77,32,55
1,<environment.Job instance at 0x7f81ce5d60f0>,34,15,[8 3],35,77,92,42,71
1,<environment.Job instance at 0x7f81ce5d6370>,36,17,[4 8],37,92,109,55,80
1,<environment.Job instance at 0x7f81cd7f4550>,42,20,[5 7],43,112,132,69,112
1,<environment.Job instance at 0x7f8187dc0500>,0,13,[9 4],1,1,14,0,1
1,<environment.Job instance at 0x7f81880fae60>,5,18,[10  2],6,14,32,8,6
1,<environment.Job instance at 0x7f81cde3a4b0>,13,12,[4 6],14,32,44,18,15
1,<environment.Job instance at 0x7f81ce54b460>,17,2,[8 4],18,44,46,26,20
1,<environment.Job instance at 0x7f81cde4df00>,27,2,[10  2],28,46,48,18,38
1,<environment.Job instance at 0x7f81ce4c1690>,30,13,[3 6],31,68,81,37,68
1,<environment.Job instance at 0x7f81cde4d8c0>,33,3,[5 5],34,81,84,47,71
1,<environment.Job instance at 0x7f81cde4d6e0>,34,3,[2 7],35,84,87,49,71
1,<environment.Job instance at 0x7f8187cfd7d0>,35,15,[5 2],36,74,89,38,74
1,<environment.Job instance at 0x7f8187cfdeb0>,40,3,[7 5],41,93,96,52,93
1,<environment.Job instance at 0x7f8187cfde10>,45,18,[9 1],46,103,121,57,103
1,<environment.Job instance at 0x7f81cdeefb40>,0,28,[ 1 10],1,2,30,1,2
1,<environment.Job instance at 0x7f8187bd13c0>,18,18,[2 6],19,30,48,11,23
1,<environment.Job instance at 0x7f8187bd1050>,19,17,[5 4],20,30,47,10,23
1,<environment.Job instance at 0x7f8187bd1be0>,27,3,[8 1],28,53,56,25,53
1,<environment.Job instance at 0x7f8187bd1c80>,26,28,[5 8],27,59,87,32,59
1,<environment.Job instance at 0x7f81cd8a9460>,35,12,[10  5],36,87,99,51,80
1,<environment.Job instance at 0x7f81cd8a95a0>,37,12,[3 5],38,99,111,61,84
1,<environment.Job instance at 0x7f81cd8a9820>,43,15,[7 5],44,99,114,55,87
1,<environment.Job instance at 0x7f81cd8a9b40>,48,13,[4 8],49,114,127,65,108
1,<environment.Job instance at 0x7f81cd8962d0>,52,15,[6 3],53,127,142,74,116
1,<environment.Job instance at 0x7f81cd8965f0>,1,16,[9 1],2,4,20,2,4
1,<environment.Job instance at 0x7f81cd6c0910>,6,21,[7 2],7,20,41,13,12
1,<environment.Job instance at 0x7f8188204690>,18,2,[2 6],19,27,29,8,27
1,<environment.Job instance at 0x7f8188204370>,19,17,[7 3],20,41,58,21,29
1,<environment.Job instance at 0x7f8187bd4190>,21,16,[5 8],22,58,74,36,46
1,<environment.Job instance at 0x7f81cdfd0320>,31,24,[5 4],32,74,98,42,70
1,<environment.Job instance at 0x7f81cdb60640>,45,14,[4 9],46,98,112,52,90
1,<environment.Job instance at 0x7f81880eb8c0>,23,22,[ 3 10],24,112,134,88,108
1,<environment.Job instance at 0x7f81cdfba320>,6,16,[5 6],7,7,23,0,7
1,<environment.Job instance at 0x7f81881dcfa0>,9,17,[4 9],10,23,40,13,11
1,<environment.Job instance at 0x7f81cdb2c500>,25,14,[5 5],26,40,54,14,37
1,<environment.Job instance at 0x7f81ce3ca870>,26,16,[8 1],27,54,70,27,41
1,<environment.Job instance at 0x7f81cdac8f00>,37,16,[1 6],38,54,70,16,54
1,<environment.Job instance at 0x7f81ce0872d0>,39,14,[9 2],40,70,84,30,65
1,<environment.Job instance at 0x7f81cde16500>,57,14,[2 6],58,101,115,43,101
1,<environment.Job instance at 0x7f81cdf02730>,60,16,[5 9],61,117,133,56,117
1,<environment.Job instance at 0x7f81ce1db230>,0,25,[10  4],1,2,27,1,2
1,<environment.Job instance at 0x7f81881c6370>,10,12,[ 5 10],11,27,39,16,11
1,<environment.Job instance at 0x7f81881c6a00>,16,3,[3 8],17,39,42,22,17
1,<environment.Job instance at 0x7f81881c6730>,14,3,[6 4],15,42,45,27,20
1,<environment.Job instance at 0x7f81881bb0a0>,23,15,[7 3],24,45,60,21,31
1,<environment.Job instance at 0x7f81881bb7d0>,30,21,[10  4],31,61,82,30,61
1,<environment.Job instance at 0x7f81881bbaa0>,40,13,[6 4],41,93,106,52,93
1,<environment.Job instance at 0x7f81cdd53190>,42,22,[2 6],43,95,117,52,95
1,<environment.Job instance at 0x7f81cdd53370>,43,12,[6 2],44,106,118,62,95
1,<environment.Job instance at 0x7f81cdd53b90>,55,27,[4 6],56,119,146,63,119
1,<environment.Job instance at 0x7f81cdf79640>,4,18,[ 4 10],5,5,23,0,5
1,<environment.Job instance at 0x7f8187bc1e10>,10,16,[4 6],11,23,39,12,12
1,<environment.Job instance at 0x7f8187d4e730>,18,17,[5 8],19,39,56,20,30
1,<environment.Job instance at 0x7f8187be7280>,24,2,[5 8],25,56,58,31,47
1,<environment.Job instance at 0x7f8187be75f0>,26,1,[ 5 10],27,58,59,31,47
1,<environment.Job instance at 0x7f8187be7f50>,27,18,[4 9],28,59,77,31,55
1,<environment.Job instance at 0x7f8187be7140>,34,14,[5 1],35,72,86,37,72
1,<environment.Job instance at 0x7f8187ef6eb0>,36,2,[9 4],37,86,88,49,76
1,<environment.Job instance at 0x7f8187ef65f0>,37,26,[8 5],38,91,117,53,91
1,<environment.Job instance at 0x7f8187bc1370>,13,18,[9 5],14,117,135,103,107
1,<environment.Job instance at 0x7f81cd9d0780>,1,17,[2 6],2,2,19,0,2
1,<environment.Job instance at 0x7f81cd99a820>,8,1,[10  3],9,19,20,10,9
1,<environment.Job instance at 0x7f81cd99a4b0>,11,25,[1 7],12,24,49,12,24
1,<environment.Job instance at 0x7f8187fc97d0>,24,1,[10  2],25,49,50,24,26
1,<environment.Job instance at 0x7f8187fc9640>,26,14,[10  3],27,50,64,23,47
1,<environment.Job instance at 0x7f8187b0fbe0>,29,15,[5 7],30,64,79,34,50
1,<environment.Job instance at 0x7f81ce507eb0>,34,18,[5 1],35,66,84,31,66
1,<environment.Job instance at 0x7f81ce507e60>,35,2,[6 1],36,84,86,48,66
1,<environment.Job instance at 0x7f81ce507be0>,40,13,[1 9],41,83,96,42,83
1,<environment.Job instance at 0x7f81cd9d95f0>,41,1,[7 1],42,86,87,44,83
1,<environment.Job instance at 0x7f81cd9d9690>,43,2,[6 2],44,96,98,52,84
1,<environment.Job instance at 0x7f81cd9d9410>,46,18,[8 1],47,108,126,61,108
1,<environment.Job instance at 0x7f81cde09d70>,50,17,[ 5 10],51,126,143,75,117
1,<environment.Job instance at 0x7f8187c26cd0>,51,1,[ 3 10],52,143,144,91,117
1,<environment.Job instance at 0x7f8187b51230>,5,14,[5 9],6,6,20,0,6
1,<environment.Job instance at 0x7f8187b52af0>,10,12,[5 5],11,20,32,9,11
1,<environment.Job instance at 0x7f8187b52910>,11,15,[5 5],12,20,35,8,12
1,<environment.Job instance at 0x7f8187b3a0a0>,16,17,[2 5],17,32,49,15,20
1,<environment.Job instance at 0x7f81ce27b2d0>,27,2,[8 1],28,35,37,7,29
1,<environment.Job instance at 0x7f81cd90e8c0>,26,1,[5 6],27,49,50,22,29
1,<environment.Job instance at 0x7f8187d63a50>,28,12,[5 2],29,37,49,8,30
1,<environment.Job instance at 0x7f8187e4ffa0>,25,16,[4 7],26,50,66,24,42
1,<environment.Job instance at 0x7f8187c8e3c0>,37,14,[8 5],38,66,80,28,51
1,<environment.Job instance at 0x7f81880516e0>,47,18,[3 7],48,80,98,32,71
1,<environment.Job instance at 0x7f81880514b0>,50,21,[8 5],51,98,119,47,90
1,<environment.Job instance at 0x7f8187e386e0>,58,18,[2 8],59,119,137,60,111
1,<environment.Job instance at 0x7f8187b504b0>,1,18,[6 2],2,2,20,0,2
1,<environment.Job instance at 0x7f81cd6f49b0>,8,12,[3 6],9,9,21,0,9
1,<environment.Job instance at 0x7f81ce5e47d0>,12,15,[8 2],13,21,36,8,13
1,<environment.Job instance at 0x7f81ce2e7aa0>,21,18,[1 7],22,22,40,0,22
1,<environment.Job instance at 0x7f81cd7150f0>,23,12,[7 1],24,36,48,12,30
1,<environment.Job instance at 0x7f81cd715780>,26,2,[6 5],27,48,50,21,37
1,<environment.Job instance at 0x7f818811b5a0>,29,12,[3 8],30,50,62,20,42
1,<environment.Job instance at 0x7f81cd715410>,24,21,[7 5],25,62,83,37,61
1,<environment.Job instance at 0x7f81cd6d5320>,38,17,[10  4],39,83,100,44,71
1,<environment.Job instance at 0x7f81ce48e5a0>,49,13,[5 7],50,100,113,50,92
1,<environment.Job instance at 0x7f81880b1b40>,54,18,[7 3],55,113,131,58,109
1,<environment.Job instance at 0x7f81879a4230>,6,17,[1 5],7,11,28,4,11
1,<environment.Job instance at 0x7f818790b3c0>,11,12,[8 2],12,12,24,0,12
1,<environment.Job instance at 0x7f818790b5f0>,12,15,[5 4],13,24,39,11,13
1,<environment.Job instance at 0x7f818790b910>,20,2,[1 9],21,39,41,18,21
1,<environment.Job instance at 0x7f818790b140>,18,1,[5 5],19,28,29,9,21
1,<environment.Job instance at 0x7f81878ad0a0>,30,27,[5 7],31,42,69,11,42
1,<environment.Job instance at 0x7f81878ad190>,37,15,[4 8],38,69,84,31,61
1,<environment.Job instance at 0x7f81878ad820>,40,13,[ 3 10],41,84,97,43,69
1,<environment.Job instance at 0x7f81878ae730>,45,14,[5 3],46,97,111,51,84
1,<environment.Job instance at 0x7f8187a008c0>,51,14,[3 7],52,109,123,57,109
1,<environment.Job instance at 0x7f8187a00050>,52,15,[4 5],53,123,138,70,109
1,<environment.Job instance at 0x7f8187a007d0>,1,17,[5 6],2,2,19,0,2
1,<environment.Job instance at 0x7f8187a009b0>,2,18,[5 3],3,4,22,1,4
1,<environment.Job instance at 0x7f81ce49b230>,6,17,[2 9],7,22,39,15,10
1,<environment.Job instance at 0x7f81ce476b90>,16,23,[6 1],17,35,58,18,35
1,<environment.Job instance at 0x7f81ce48abe0>,22,3,[1 5],23,39,42,16,39
1,<environment.Job instance at 0x7f81ce482280>,24,12,[5 5],25,58,70,33,41
1,<environment.Job instance at 0x7f81ce497550>,28,15,[4 7],29,70,85,41,61
1,<environment.Job instance at 0x7f8187eef960>,42,18,[6 5],43,85,103,42,82
1,<environment.Job instance at 0x7f8187dccbe0>,52,12,[1 8],53,103,115,50,102
1,<environment.Job instance at 0x7f8187dc3b90>,54,17,[8 5],55,115,132,60,104
1,<environment.Job instance at 0x7f81880645a0>,2,24,[3 7],3,7,31,4,7
1,<environment.Job instance at 0x7f8187b43230>,20,25,[ 5 10],21,46,71,25,46
1,<environment.Job instance at 0x7f81cdeb0230>,30,13,[9 4],31,71,84,40,68
1,<environment.Job instance at 0x7f81ce2810f0>,35,15,[4 9],36,86,101,50,86
1,<environment.Job instance at 0x7f81ce281320>,37,13,[9 5],38,101,114,63,90
1,<environment.Job instance at 0x7f81ce12cdc0>,41,24,[1 9],42,114,138,72,109
1,<environment.Job instance at 0x7f81879708c0>,7,14,[5 9],8,8,22,0,8
1,<environment.Job instance at 0x7f8187f267d0>,15,1,[2 7],16,22,23,6,17
1,<environment.Job instance at 0x7f8187a6d280>,10,24,[2 5],11,23,47,12,20
1,<environment.Job instance at 0x7f8187f26640>,21,15,[8 5],22,37,52,15,37
1,<environment.Job instance at 0x7f81ce5ac190>,28,15,[5 8],29,52,67,23,38
1,<environment.Job instance at 0x7f81ce57d460>,32,16,[4 8],33,67,83,34,55
1,<environment.Job instance at 0x7f81ce54b0a0>,40,18,[7 4],41,83,101,42,76
1,<environment.Job instance at 0x7f81cdb798c0>,50,13,[10  2],51,101,114,50,85
1,<environment.Job instance at 0x7f81d2d4ec80>,55,15,[2 8],56,114,129,58,100
1,<environment.Job instance at 0x7f8187e14cd0>,58,15,[ 5 10],59,129,144,70,118
1,<environment.Job instance at 0x7f81cdcfe910>,2,15,[6 3],3,3,18,0,3
1,<environment.Job instance at 0x7f81cd9d90a0>,4,18,[ 5 10],5,18,36,13,7
1,<environment.Job instance at 0x7f81ce1d6190>,19,15,[5 5],20,43,58,23,43
1,<environment.Job instance at 0x7f81ce5458c0>,24,24,[2 5],25,43,67,18,43
1,<environment.Job instance at 0x7f81cd93e230>,29,13,[4 8],30,67,80,37,57
1,<environment.Job instance at 0x7f8187e75b90>,37,1,[2 8],38,95,96,57,95
1,<environment.Job instance at 0x7f8187e750a0>,39,3,[1 5],40,99,102,59,99
1,<environment.Job instance at 0x7f8187e75d20>,38,18,[8 4],39,99,117,60,99
1,<environment.Job instance at 0x7f81cddaf0f0>,41,12,[2 8],42,117,129,75,100
1,<environment.Job instance at 0x7f7e8c461460>,5,12,[1 7],6,6,18,0,6
1,<environment.Job instance at 0x7f7e8c461640>,7,16,[5 8],8,18,34,10,8
1,<environment.Job instance at 0x7f7e8c461820>,9,16,[4 5],10,34,50,24,21
1,<environment.Job instance at 0x7f7e8c4614b0>,10,12,[5 5],11,34,46,23,33
1,<environment.Job instance at 0x7f7e8c4632d0>,26,16,[9 1],27,50,66,23,40
1,<environment.Job instance at 0x7f7e8c461a50>,14,18,[1 6],15,56,74,41,56
1,<environment.Job instance at 0x7f7e8c463b90>,37,2,[8 4],38,66,68,28,56
1,<environment.Job instance at 0x7f7e8c4670f0>,38,12,[5 4],39,68,80,29,56
1,<environment.Job instance at 0x7f7e8c463f00>,35,1,[9 1],36,80,81,44,56
1,<environment.Job instance at 0x7f7e8c467140>,39,1,[2 7],40,81,82,41,56
1,<environment.Job instance at 0x7f7e8c463f50>,34,19,[3 7],35,82,101,47,75
1,<environment.Job instance at 0x7f7e8c467d70>,50,15,[4 7],51,101,116,50,89
1,<environment.Job instance at 0x7f7e8c469af0>,60,16,[3 7],61,120,136,59,120
1,<environment.Job instance at 0x7f7e8c469cd0>,64,12,[6 1],65,120,132,55,120
1,<environment.Job instance at 0x7f7e8d72fb40>,4,17,[5 3],5,6,23,1,6
1,<environment.Job instance at 0x7f7e8d736320>,16,25,[ 4 10],17,33,58,16,33
1,<environment.Job instance at 0x7f7e8d72d500>,24,18,[9 2],25,58,76,33,56
1,<environment.Job instance at 0x7f7e8d72dfa0>,25,15,[5 4],26,76,91,50,62
1,<environment.Job instance at 0x7f7e8d73b8c0>,37,15,[2 5],38,79,94,41,79
1,<environment.Job instance at 0x7f7e8d73b9b0>,38,18,[7 3],39,91,109,52,80
1,<environment.Job instance at 0x7f7e8d73b0f0>,39,15,[3 7],40,94,109,54,82
1,<environment.Job instance at 0x7f7e8d5e73c0>,48,12,[5 5],49,109,121,60,100
1,<environment.Job instance at 0x7f7e8d5e76e0>,51,16,[6 4],52,121,137,69,109
1,<environment.Job instance at 0x7f7e8c3fc2d0>,61,14,[9 5],62,137,151,75,127
1,<environment.Job instance at 0x7f7e42468230>,0,25,[2 7],1,2,27,1,2
1,<environment.Job instance at 0x7f7e8c90be10>,19,15,[10  4],20,42,57,22,42
1,<environment.Job instance at 0x7f7e8c2a2a00>,26,17,[5 5],27,58,75,31,58
1,<environment.Job instance at 0x7f7e42533640>,7,14,[4 9],8,75,89,67,74
1,<environment.Job instance at 0x7f7e42418910>,30,2,[3 8],31,89,91,58,74
1,<environment.Job instance at 0x7f7e42594e60>,41,12,[3 5],42,102,114,60,102
1,<environment.Job instance at 0x7f7e425945f0>,43,26,[ 1 10],44,114,140,70,114
1,<environment.Job instance at 0x7f7e42594aa0>,48,12,[5 5],49,140,152,91,124
1,<environment.Job instance at 0x7f7e42594460>,49,14,[5 2],50,140,154,90,126
1,<environment.Job instance at 0x7f7e4296a820>,1,17,[ 1 10],2,2,19,0,2
1,<environment.Job instance at 0x7f7e429725f0>,5,17,[2 5],6,19,36,13,9
1,<environment.Job instance at 0x7f7e42636c30>,21,23,[9 3],22,36,59,14,30
1,<environment.Job instance at 0x7f7e8c44aeb0>,25,23,[5 5],26,59,82,33,53
1,<environment.Job instance at 0x7f7e425b2aa0>,36,3,[5 8],37,82,85,45,73
1,<environment.Job instance at 0x7f7e425b2730>,37,1,[3 7],38,85,86,47,73
1,<environment.Job instance at 0x7f7e42953f50>,38,19,[7 1],39,85,104,46,76
1,<environment.Job instance at 0x7f7e429883c0>,43,15,[ 1 10],44,104,119,60,100
1,<environment.Job instance at 0x7f7e42988c80>,48,16,[3 8],49,119,135,70,118
1,<environment.Job instance at 0x7f7e42988280>,51,15,[1 5],52,135,150,83,121
1,<environment.Job instance at 0x7f7e8c4cfd20>,54,27,[7 2],55,123,150,68,123
1,<environment.Job instance at 0x7f7e427bbb40>,7,3,[1 9],8,8,11,0,8
1,<environment.Job instance at 0x7f7e4243bcd0>,1,28,[6 2],2,12,40,10,12
1,<environment.Job instance at 0x7f7e427b9640>,9,13,[9 2],10,40,53,30,24
1,<environment.Job instance at 0x7f7e42ab68c0>,16,3,[10  1],17,53,56,36,29
1,<environment.Job instance at 0x7f7e8cb11640>,23,12,[7 1],24,56,68,32,47
1,<environment.Job instance at 0x7f7e8cb11280>,22,1,[4 6],23,68,69,45,47
1,<environment.Job instance at 0x7f7e8c8a4050>,27,12,[1 8],28,56,68,28,50
1,<environment.Job instance at 0x7f7e8cb11500>,28,2,[6 2],29,68,70,39,50
1,<environment.Job instance at 0x7f7e8cae2550>,32,12,[10  2],33,70,82,37,69
1,<environment.Job instance at 0x7f7e8cae2460>,34,2,[ 3 10],35,82,84,47,72
1,<environment.Job instance at 0x7f7e8cae2280>,33,14,[ 5 10],34,84,98,50,72
1,<environment.Job instance at 0x7f7e8cae2c80>,39,15,[1 8],40,98,113,58,86
1,<environment.Job instance at 0x7f7e8cae1c30>,44,22,[6 5],45,114,136,69,114
1,<environment.Job instance at 0x7f7e8cb162d0>,49,17,[9 4],50,136,153,86,128
1,<environment.Job instance at 0x7f7e8ce29be0>,0,22,[2 5],1,1,23,0,1
1,<environment.Job instance at 0x7f7e8ce29f50>,4,15,[3 7],5,23,38,18,9
1,<environment.Job instance at 0x7f7e8d133820>,28,17,[10  5],29,58,75,29,58
1,<environment.Job instance at 0x7f7e8d133f50>,33,17,[8 4],34,77,94,43,77
1,<environment.Job instance at 0x7f7e8cf6f2d0>,39,18,[7 1],40,94,112,54,88
1,<environment.Job instance at 0x7f7e8cf6f320>,40,22,[5 4],41,112,134,71,105
1,<environment.Job instance at 0x7f7e8ce26780>,51,1,[2 6],52,127,128,75,127
1,<environment.Job instance at 0x7f7e8ce265f0>,54,14,[4 5],55,128,142,73,128
1,<environment.Job instance at 0x7f7e8d057c80>,0,17,[ 4 10],1,1,18,0,1
1,<environment.Job instance at 0x7f7e8d0575a0>,3,21,[2 8],4,18,39,14,11
1,<environment.Job instance at 0x7f7e8c5b0730>,18,12,[4 8],19,39,51,20,31
1,<environment.Job instance at 0x7f7e42547b90>,25,12,[ 2 10],26,51,63,25,47
1,<environment.Job instance at 0x7f7e8cb185f0>,29,13,[1 8],30,63,76,33,58
1,<environment.Job instance at 0x7f7e8cb18500>,32,17,[6 1],33,63,80,30,59
1,<environment.Job instance at 0x7f7e427263c0>,35,2,[2 5],36,76,78,40,59
1,<environment.Job instance at 0x7f7e42726f00>,37,15,[5 9],38,80,95,42,74
1,<environment.Job instance at 0x7f7e42726140>,41,3,[5 7],42,95,98,53,82
1,<environment.Job instance at 0x7f7e42726870>,42,15,[4 7],43,98,113,55,90
1,<environment.Job instance at 0x7f7e426ba410>,47,13,[2 5],48,113,126,65,99
1,<environment.Job instance at 0x7f7e8c845820>,51,16,[5 6],52,126,142,74,115
1,<environment.Job instance at 0x7f7e8c8455a0>,2,14,[10  5],3,3,17,0,3
1,<environment.Job instance at 0x7f7e8c85b320>,12,2,[ 2 10],13,17,19,4,15
1,<environment.Job instance at 0x7f7e8c85b5a0>,13,16,[7 4],14,19,35,5,16
1,<environment.Job instance at 0x7f7e8c85b7d0>,15,2,[7 1],16,35,37,19,17
1,<environment.Job instance at 0x7f7e8c85ba00>,18,13,[6 5],19,37,50,18,22
1,<environment.Job instance at 0x7f7e8c85bd70>,19,1,[6 4],20,50,51,30,23
1,<environment.Job instance at 0x7f7e8c85bd20>,22,13,[2 7],23,51,64,28,44
1,<environment.Job instance at 0x7f7e8c8874b0>,26,3,[6 2],27,51,54,24,44
1,<environment.Job instance at 0x7f7e8c8875f0>,28,17,[2 5],29,64,81,35,53
1,<environment.Job instance at 0x7f7e8c887e60>,39,15,[3 5],40,73,88,33,73
1,<environment.Job instance at 0x7f7e8c887d70>,42,18,[5 5],43,81,99,38,78
1,<environment.Job instance at 0x7f7e8c887f50>,40,16,[4 8],41,99,115,58,86
1,<environment.Job instance at 0x7f7e8c88b7d0>,49,12,[6 2],50,99,111,49,98
1,<environment.Job instance at 0x7f7e8c88b960>,51,16,[9 1],52,115,131,63,102
1,<environment.Job instance at 0x7f7e8c88c320>,60,13,[6 1],61,131,144,70,120
1,<environment.Job instance at 0x7f7e8c88c3c0>,61,24,[1 7],62,121,145,59,121
1,<environment.Job instance at 0x7f7e8c56d050>,8,1,[9 4],9,10,11,1,10
1,<environment.Job instance at 0x7f7e42a8f640>,5,14,[6 2],6,16,30,10,16
1,<environment.Job instance at 0x7f7e8c45abe0>,20,1,[1 6],21,21,22,0,21
1,<environment.Job instance at 0x7f7e8c56d460>,11,12,[ 5 10],12,30,42,18,24
1,<environment.Job instance at 0x7f7e42606910>,24,12,[9 4],25,42,54,17,27
1,<environment.Job instance at 0x7f7e8c45aa50>,22,16,[3 6],23,54,70,31,53
1,<environment.Job instance at 0x7f7e8d5decd0>,31,15,[7 4],32,54,69,22,53
1,<environment.Job instance at 0x7f7e8ccf8870>,40,22,[7 3],41,69,91,28,63
1,<environment.Job instance at 0x7f7e8ccf8d20>,46,16,[5 6],47,91,107,44,78
1,<environment.Job instance at 0x7f7e8c1ce8c0>,59,19,[5 5],60,111,130,51,111
1,<environment.Job instance at 0x7f7e8c411be0>,0,12,[2 5],1,1,13,0,1
1,<environment.Job instance at 0x7f7e8d0fa050>,3,17,[5 2],4,4,21,0,4
1,<environment.Job instance at 0x7f7e8c68baa0>,11,16,[3 6],12,13,29,1,12
1,<environment.Job instance at 0x7f7e8c68b0f0>,14,14,[5 1],15,21,35,6,15
1,<environment.Job instance at 0x7f7e8c68b820>,16,14,[9 3],17,35,49,18,21
1,<environment.Job instance at 0x7f7e42b3c050>,27,28,[7 4],28,67,95,39,67
1,<environment.Job instance at 0x7f7e427ee280>,42,20,[6 5],43,95,115,52,90
1,<environment.Job instance at 0x7f7e42a386e0>,18,13,[6 1],19,115,128,96,110
1,<environment.Job instance at 0x7f7e429885f0>,52,17,[5 5],53,128,145,75,117
1,<environment.Job instance at 0x7f7e42596370>,2,22,[7 2],3,4,26,1,4
1,<environment.Job instance at 0x7f7e8c2ee500>,6,15,[10  3],7,26,41,19,12
1,<environment.Job instance at 0x7f7e8c2ed9b0>,24,18,[ 4 10],25,41,59,16,30
1,<environment.Job instance at 0x7f7e8c2db370>,33,18,[9 5],34,59,77,25,59
1,<environment.Job instance at 0x7f7e8c2db9b0>,39,13,[8 5],40,77,90,37,74
1,<environment.Job instance at 0x7f7e8c2dbc80>,41,16,[1 6],42,90,106,48,86
1,<environment.Job instance at 0x7f7e8c2dbdc0>,43,1,[4 7],44,106,107,62,95
1,<environment.Job instance at 0x7f7e8c2f6320>,51,24,[2 7],52,116,140,64,116
1,<environment.Job instance at 0x7f7e8c2f6280>,50,1,[6 1],51,116,117,65,116
1,<environment.Job instance at 0x7f7e8c2f69b0>,60,14,[10  5],61,140,154,79,128
1,<environment.Job instance at 0x7f7e42a901e0>,3,15,[6 1],4,4,19,0,4
1,<environment.Job instance at 0x7f7e42a903c0>,4,27,[4 9],5,6,33,1,6
1,<environment.Job instance at 0x7f7e428744b0>,20,3,[8 2],21,33,36,12,30
1,<environment.Job instance at 0x7f7e42874190>,19,15,[7 1],20,36,51,16,30
1,<environment.Job instance at 0x7f7e42874690>,22,3,[6 3],23,51,54,28,31
1,<environment.Job instance at 0x7f7e428742d0>,23,15,[8 3],24,54,69,30,40
1,<environment.Job instance at 0x7f7e8c461aa0>,35,15,[9 4],36,69,84,33,59
1,<environment.Job instance at 0x7f7e42977460>,39,15,[5 7],40,84,99,44,71
1,<environment.Job instance at 0x7f7e8c2317d0>,47,17,[10  5],48,99,116,51,87
1,<environment.Job instance at 0x7f7e42401910>,50,13,[1 9],51,116,129,65,101
1,<environment.Job instance at 0x7f7e8c77d370>,10,12,[5 5],11,11,23,0,11
1,<environment.Job instance at 0x7f7e8c77dcd0>,11,15,[5 5],12,14,29,2,14
1,<environment.Job instance at 0x7f7e8c5cd8c0>,17,19,[7 4],18,29,48,11,19
1,<environment.Job instance at 0x7f7e8cb6b7d0>,25,16,[4 7],26,48,64,22,35
1,<environment.Job instance at 0x7f7e8c6510f0>,34,17,[5 5],35,64,81,29,52
1,<environment.Job instance at 0x7f7e8c78d500>,43,13,[6 4],44,81,94,37,65
1,<environment.Job instance at 0x7f7e8cc5d3c0>,52,13,[5 6],53,94,107,41,89
1,<environment.Job instance at 0x7f7e8cc5d0a0>,55,16,[ 4 10],56,107,123,51,95
1,<environment.Job instance at 0x7f7e8cc5dbe0>,58,18,[2 8],59,123,141,64,114
1,<environment.Job instance at 0x7f7e8c78d410>,2,15,[8 2],3,5,20,2,5
1,<environment.Job instance at 0x7f7e8c856b40>,9,15,[8 4],10,20,35,10,11
1,<environment.Job instance at 0x7f7e4255b190>,20,13,[8 5],21,35,48,14,22
1,<environment.Job instance at 0x7f7e4254d1e0>,30,17,[2 9],31,53,70,22,53
1,<environment.Job instance at 0x7f7e8c592be0>,39,13,[5 7],40,70,83,30,62
1,<environment.Job instance at 0x7f7e8c93feb0>,44,18,[7 3],45,83,101,38,80
1,<environment.Job instance at 0x7f7e8c93fe10>,47,14,[5 7],48,101,115,53,90
1,<environment.Job instance at 0x7f7e8cddf3c0>,57,1,[8 4],58,115,116,57,108
1,<environment.Job instance at 0x7f7e8cddfd70>,56,2,[4 8],57,116,118,59,108
1,<environment.Job instance at 0x7f7e42554320>,10,12,[9 4],11,118,130,107,108
1,<environment.Job instance at 0x7f7e8cddf8c0>,58,3,[ 3 10],59,130,133,71,108
1,<environment.Job instance at 0x7f7e8cddf0a0>,55,18,[9 3],56,133,151,77,124
1,<environment.Job instance at 0x7f7e8c597e10>,4,14,[ 1 10],5,5,19,0,5
1,<environment.Job instance at 0x7f7e8c5972d0>,8,1,[9 2],9,19,20,10,10
1,<environment.Job instance at 0x7f7e8d4c20a0>,6,20,[5 4],7,20,40,13,12
1,<environment.Job instance at 0x7f7e42586a50>,15,18,[1 8],16,40,58,24,29
1,<environment.Job instance at 0x7f7e8cf77b40>,20,13,[ 3 10],21,58,71,37,45
1,<environment.Job instance at 0x7f7e42463f50>,30,16,[10  3],31,71,87,40,59
1,<environment.Job instance at 0x7f7e8d2c2910>,31,14,[3 7],32,87,101,55,72
1,<environment.Job instance at 0x7f7e426e1cd0>,52,2,[8 5],53,127,129,74,127
1,<environment.Job instance at 0x7f7e4219f730>,2,18,[1 7],3,3,21,0,3
1,<environment.Job instance at 0x7f7e4219fd70>,3,21,[3 8],4,21,42,17,13
1,<environment.Job instance at 0x7f7e421414b0>,27,1,[10  2],28,42,43,14,28
1,<environment.Job instance at 0x7f7e42142460>,22,12,[1 8],23,43,55,20,29
1,<environment.Job instance at 0x7f7e421419b0>,26,14,[9 2],27,43,57,16,29
1,<environment.Job instance at 0x7f7e42149e60>,34,14,[10  4],35,57,71,22,42
1,<environment.Job instance at 0x7f7e42149f50>,37,2,[10  3],38,71,73,33,45
1,<environment.Job instance at 0x7f7e42141230>,24,17,[8 5],25,73,90,48,61
1,<environment.Job instance at 0x7f7e422ac050>,47,27,[2 6],48,98,125,50,98
1,<environment.Job instance at 0x7f7e422ac320>,53,2,[3 8],54,125,127,71,104
1,<environment.Job instance at 0x7f7e42378af0>,60,18,[9 5],61,127,145,66,117
1,<environment.Job instance at 0x7f7e42378c30>,1,24,[1 9],2,3,27,1,3
1,<environment.Job instance at 0x7f7e42646460>,19,18,[8 1],20,20,38,0,20
1,<environment.Job instance at 0x7f7e42660be0>,18,3,[ 5 10],19,38,41,19,21
1,<environment.Job instance at 0x7f7e42646500>,21,16,[9 1],22,41,57,19,31
1,<environment.Job instance at 0x7f7e4293ca00>,28,2,[7 5],29,57,59,28,45
1,<environment.Job instance at 0x7f7e4293c640>,29,16,[2 8],30,59,75,29,48
1,<environment.Job instance at 0x7f7e42946b40>,32,1,[10  3],33,75,76,42,50
1,<environment.Job instance at 0x7f7e421aea50>,39,14,[ 5 10],40,76,90,36,62
1,<environment.Job instance at 0x7f7e429ffa00>,44,13,[2 7],45,90,103,45,75
1,<environment.Job instance at 0x7f7e42a19e60>,47,13,[7 5],48,103,116,55,90
1,<environment.Job instance at 0x7f7e426a2410>,50,23,[2 5],51,103,126,52,100
1,<environment.Job instance at 0x7f7e426a2e60>,52,23,[ 3 10],53,126,149,73,120
1,<environment.Job instance at 0x7f7e8c2fd320>,0,13,[10  2],1,1,14,0,1
1,<environment.Job instance at 0x7f7e4254d1e0>,9,18,[7 2],10,14,32,4,11
1,<environment.Job instance at 0x7f7e4221d870>,17,14,[9 5],18,32,46,14,18
1,<environment.Job instance at 0x7f7e8c853a50>,31,15,[3 6],32,46,61,14,32
1,<environment.Job instance at 0x7f7e8c853cd0>,30,17,[5 7],31,61,78,30,51
1,<environment.Job instance at 0x7f7e425e9a00>,40,24,[5 2],41,60,84,19,60
1,<environment.Job instance at 0x7f7e425e9dc0>,42,15,[9 3],43,84,99,41,71
1,<environment.Job instance at 0x7f7e8caf0820>,48,1,[4 9],49,99,100,50,80
1,<environment.Job instance at 0x7f7e8c308b90>,52,21,[6 2],53,100,121,47,93
1,<environment.Job instance at 0x7f7e8c308fa0>,59,1,[9 4],60,121,122,61,104
1,<environment.Job instance at 0x7f7e8c69e4b0>,62,2,[5 3],63,122,124,59,105
1,<environment.Job instance at 0x7f7e421e8640>,58,12,[1 5],59,108,120,49,108
1,<environment.Job instance at 0x7f7e8c69eb90>,64,12,[5 2],65,122,134,57,108
1,<environment.Job instance at 0x7f7e8c69ef50>,65,19,[4 7],66,124,143,58,117
1,<environment.Job instance at 0x7f7e428f0410>,69,1,[9 5],70,143,144,73,121
1,<environment.Job instance at 0x7f7e428d7a50>,9,14,[4 9],10,13,27,3,13
1,<environment.Job instance at 0x7f7e8cff40a0>,14,12,[1 8],15,27,39,12,18
1,<environment.Job instance at 0x7f7e8cff43c0>,16,15,[7 3],17,39,54,22,28
1,<environment.Job instance at 0x7f7e8cff49b0>,27,15,[ 2 10],28,54,69,26,43
1,<environment.Job instance at 0x7f7e428d7c30>,11,16,[2 8],12,69,85,57,61
1,<environment.Job instance at 0x7f7e8cbca370>,34,23,[5 6],35,85,108,50,81
1,<environment.Job instance at 0x7f7e4219bfa0>,39,24,[2 6],40,108,132,68,103
1,<environment.Job instance at 0x7f7e42295f00>,59,12,[1 7],60,132,144,72,116
1,<environment.Job instance at 0x7f7e8d13d190>,3,17,[ 5 10],4,4,21,0,4
1,<environment.Job instance at 0x7f7e427075a0>,12,18,[7 5],13,21,39,8,15
1,<environment.Job instance at 0x7f7e425ece60>,25,18,[5 6],26,54,72,28,54
1,<environment.Job instance at 0x7f7e8c4d5b90>,31,17,[1 6],32,72,89,40,69
1,<environment.Job instance at 0x7f7e8c4dc640>,32,13,[2 9],33,89,102,56,73
1,<environment.Job instance at 0x7f7e8c4dc780>,35,16,[2 7],36,102,118,66,89
1,<environment.Job instance at 0x7f7e8c507d20>,42,18,[5 9],43,118,136,75,110
1,<environment.Job instance at 0x7fea0b4e60f0>,0,18,[9 3],1,2,20,1,2
1,<environment.Job instance at 0x7fea0a387780>,13,15,[7 4],14,20,35,6,14
1,<environment.Job instance at 0x7fea0a387d70>,18,12,[1 8],19,35,47,16,23
1,<environment.Job instance at 0x7fea0a3897d0>,25,1,[9 2],26,45,46,19,45
1,<environment.Job instance at 0x7fea0a389780>,26,16,[9 1],27,48,64,21,48
1,<environment.Job instance at 0x7fea0a389cd0>,33,15,[5 3],34,64,79,30,51
1,<environment.Job instance at 0x7fea0a38d280>,41,23,[10  4],42,79,102,37,73
1,<environment.Job instance at 0x7fea0a38df00>,49,15,[3 9],50,102,117,52,88
1,<environment.Job instance at 0x7fea0a390280>,54,17,[10  3],55,117,134,62,105
1,<environment.Job instance at 0x7fea0b50d960>,9,3,[8 4],10,13,16,3,13
1,<environment.Job instance at 0x7fea0b65d1e0>,14,18,[9 2],15,16,34,1,15
1,<environment.Job instance at 0x7fea0b50e410>,19,17,[7 3],20,34,51,14,23
1,<environment.Job instance at 0x7fea0b50edc0>,18,1,[9 3],19,51,52,32,23
1,<environment.Job instance at 0x7fea0b653500>,25,3,[ 1 10],26,52,55,26,32
1,<environment.Job instance at 0x7fea0b65a3c0>,31,16,[9 1],32,55,71,23,49
1,<environment.Job instance at 0x7fea0b661550>,38,12,[5 5],39,71,83,32,66
1,<environment.Job instance at 0x7fea0b6612d0>,37,1,[3 7],38,83,84,45,66
1,<environment.Job instance at 0x7fea0b6619b0>,40,13,[4 9],41,84,97,43,68
1,<environment.Job instance at 0x7fea0b655d70>,44,1,[8 3],45,97,98,52,85
1,<environment.Job instance at 0x7fea0b50ddc0>,6,25,[ 4 10],7,98,123,91,95
1,<environment.Job instance at 0x7fea0b65c4b0>,58,1,[6 5],59,123,124,64,116
1,<environment.Job instance at 0x7fea0b65cc80>,59,2,[5 4],60,124,126,64,116
1,<environment.Job instance at 0x7fea0b65cf00>,60,2,[1 9],61,126,128,65,116
1,<environment.Job instance at 0x7fea0b65c320>,61,17,[7 5],62,128,145,66,120
1,<environment.Job instance at 0x7fea0b660410>,67,2,[10  1],68,145,147,77,132
1,<environment.Job instance at 0x7fea0b4e5280>,0,13,[5 1],1,1,14,0,1
1,<environment.Job instance at 0x7fea0b4e5af0>,2,16,[ 4 10],3,14,30,11,3
1,<environment.Job instance at 0x7fea0a5b1f00>,18,26,[7 2],19,44,70,25,44
1,<environment.Job instance at 0x7fea0a1d7140>,29,14,[5 2],30,70,84,40,65
1,<environment.Job instance at 0x7fea0a0f6e60>,30,14,[5 4],31,70,84,39,66
1,<environment.Job instance at 0x7fe9c038beb0>,23,26,[ 1 10],24,85,111,61,85
1,<environment.Job instance at 0x7fe9c0324d20>,45,18,[5 9],46,111,129,65,110
1,<environment.Job instance at 0x7fe9c04732d0>,52,17,[6 1],53,129,146,76,120
1,<environment.Job instance at 0x7fe9c03e2c30>,60,14,[8 5],61,146,160,85,135
1,<environment.Job instance at 0x7fea0a82c370>,0,17,[8 3],1,1,18,0,1
1,<environment.Job instance at 0x7fea0a82ce60>,1,13,[7 2],2,18,31,16,2
1,<environment.Job instance at 0x7fea0a3eb5a0>,14,2,[ 4 10],15,31,33,16,15
1,<environment.Job instance at 0x7fea0aa7b7d0>,16,3,[2 9],17,33,36,16,17
1,<environment.Job instance at 0x7fea0a3eb320>,12,3,[7 4],13,36,39,23,17
1,<environment.Job instance at 0x7fe9c04b4be0>,21,15,[1 5],22,36,51,14,31
1,<environment.Job instance at 0x7fea0a1d96e0>,24,27,[7 2],25,39,66,14,38
1,<environment.Job instance at 0x7fe9c0988e10>,27,15,[3 7],28,51,66,23,38
1,<environment.Job instance at 0x7fe9c0988c30>,30,16,[4 6],31,66,82,35,55
1,<environment.Job instance at 0x7fe9c09b34b0>,34,16,[8 3],35,82,98,47,70
1,<environment.Job instance at 0x7fea0a1d8be0>,19,16,[2 7],20,82,98,62,70
1,<environment.Job instance at 0x7fea0b659d70>,47,1,[7 3],48,98,99,50,90
1,<environment.Job instance at 0x7fea0b659140>,48,15,[6 1],49,104,119,55,104
1,<environment.Job instance at 0x7fe9c0395aa0>,53,15,[2 9],54,112,127,58,112
1,<environment.Job instance at 0x7fe9c038bf50>,60,18,[1 8],61,127,145,66,121
1,<environment.Job instance at 0x7fe9c038f730>,50,3,[4 6],51,145,148,94,134
1,<environment.Job instance at 0x7fea0b655910>,1,16,[9 5],2,2,18,0,2
1,<environment.Job instance at 0x7fe9c07ceaf0>,5,13,[1 8],6,18,31,12,6
1,<environment.Job instance at 0x7fe9c07cee10>,11,16,[7 2],12,18,34,6,14
1,<environment.Job instance at 0x7fe9c07d60a0>,12,15,[5 9],13,34,49,21,23
1,<environment.Job instance at 0x7fe9c07d6f00>,25,12,[ 2 10],26,58,70,32,58
1,<environment.Job instance at 0x7fe9c07d6870>,27,26,[9 4],28,70,96,42,67
1,<environment.Job instance at 0x7fe9c02deb90>,40,21,[4 9],41,96,117,55,88
1,<environment.Job instance at 0x7fe9c02defa0>,46,13,[3 7],47,117,130,70,103
1,<environment.Job instance at 0x7fe9c02e00f0>,48,14,[10  5],49,130,144,81,116
1,<environment.Job instance at 0x7fe9c02e04b0>,54,15,[9 5],55,144,159,89,130
1,<environment.Job instance at 0x7fe9c0740780>,4,14,[4 5],5,8,22,3,8
1,<environment.Job instance at 0x7fea0a362aa0>,10,13,[ 5 10],11,22,35,11,11
1,<environment.Job instance at 0x7fea0a3628c0>,15,1,[4 6],16,35,36,19,17
1,<environment.Job instance at 0x7fea0a362fa0>,16,13,[7 3],17,36,49,19,20
1,<environment.Job instance at 0x7fea0a35afa0>,27,23,[3 7],28,36,59,8,34
1,<environment.Job instance at 0x7fea0a35a320>,31,1,[5 5],32,59,60,27,56
1,<environment.Job instance at 0x7fea0a35a5a0>,33,12,[4 6],34,60,72,26,60
1,<environment.Job instance at 0x7fea0a35a640>,34,17,[6 1],35,60,77,25,60
1,<environment.Job instance at 0x7fea0a35a370>,35,13,[9 2],36,77,90,41,61
1,<environment.Job instance at 0x7fea0afb5dc0>,43,3,[2 6],44,90,93,46,75
1,<environment.Job instance at 0x7fea0afb5fa0>,45,21,[3 8],46,93,114,47,85
1,<environment.Job instance at 0x7fea0afb54b0>,55,15,[5 2],56,115,130,59,115
1,<environment.Job instance at 0x7fea0a96c9b0>,60,3,[7 5],61,130,133,69,130
1,<environment.Job instance at 0x7fea0a96c5a0>,61,3,[1 7],62,133,136,71,130
1,<environment.Job instance at 0x7fe9c05378c0>,0,28,[ 1 10],1,2,30,1,2
1,<environment.Job instance at 0x7fea0a5c9b40>,12,17,[7 2],13,30,47,17,22
1,<environment.Job instance at 0x7fe9c052c050>,19,17,[5 4],20,47,64,27,35
1,<environment.Job instance at 0x7fe9c052c550>,16,24,[3 5],17,40,64,23,40
1,<environment.Job instance at 0x7fe9c0917410>,24,15,[5 8],25,64,79,39,51
1,<environment.Job instance at 0x7fea0ab46fa0>,31,2,[ 2 10],32,79,81,47,71
1,<environment.Job instance at 0x7fea0ab46320>,30,23,[5 9],31,82,105,51,82
1,<environment.Job instance at 0x7fe9c056cb90>,36,17,[5 1],37,93,110,56,93
1,<environment.Job instance at 0x7fe9c056c5a0>,39,14,[2 8],40,105,119,65,105
1,<environment.Job instance at 0x7fea0a8a1320>,42,12,[1 7],43,119,131,76,105
1,<environment.Job instance at 0x7fe9c0662e10>,46,23,[5 8],47,131,154,84,130
1,<environment.Job instance at 0x7fea0a4d8500>,0,13,[7 2],1,1,14,0,1
1,<environment.Job instance at 0x7fe9c056caa0>,1,16,[5 8],2,14,30,12,2
1,<environment.Job instance at 0x7fe9c09f6370>,5,17,[5 4],6,30,47,24,18
1,<environment.Job instance at 0x7fe9c09fbcd0>,26,26,[3 5],27,34,60,7,34
1,<environment.Job instance at 0x7fe9c09fbe10>,28,2,[1 8],29,60,62,31,37
1,<environment.Job instance at 0x7fe9c09fbbe0>,31,12,[2 5],32,47,59,15,47
1,<environment.Job instance at 0x7fe9c09fbf00>,32,17,[9 1],33,60,77,27,48
1,<environment.Job instance at 0x7fe9c09f9320>,35,16,[1 5],36,65,81,29,65
1,<environment.Job instance at 0x7fe9c09f9550>,36,16,[ 4 10],37,81,97,44,68
1,<environment.Job instance at 0x7fe9c09f9fa0>,48,17,[8 3],49,97,114,48,96
1,<environment.Job instance at 0x7fe9c09f9f00>,49,22,[9 3],50,114,136,64,107
1,<environment.Job instance at 0x7fe9c09f7870>,60,18,[4 7],61,137,155,76,137
1,<environment.Job instance at 0x7fea0b03c5a0>,5,1,[3 5],6,6,7,0,6
1,<environment.Job instance at 0x7fea0a3aa1e0>,10,3,[5 8],11,12,15,1,12
1,<environment.Job instance at 0x7fea0b03c0a0>,8,3,[ 4 10],9,15,18,6,14
1,<environment.Job instance at 0x7fea0a3aaf00>,13,2,[6 4],14,19,21,5,19
1,<environment.Job instance at 0x7fea0b03c910>,7,18,[5 8],8,21,39,13,21
1,<environment.Job instance at 0x7fea0a3aaf50>,20,16,[5 9],21,39,55,18,27
1,<environment.Job instance at 0x7fea0a74eaf0>,27,3,[1 9],28,55,58,27,32
1,<environment.Job instance at 0x7fea0a6ae0f0>,32,2,[6 4],33,58,60,25,48
1,<environment.Job instance at 0x7fe9c0360f50>,24,14,[1 7],25,60,74,35,49
1,<environment.Job instance at 0x7fea0ae0e5a0>,30,21,[7 2],31,60,81,29,60
1,<environment.Job instance at 0x7fea0a7986e0>,41,3,[5 5],42,81,84,39,60
1,<environment.Job instance at 0x7fea0a798a50>,42,13,[5 7],43,84,97,41,68
1,<environment.Job instance at 0x7fea0ae0e050>,28,16,[ 5 10],29,97,113,68,86
1,<environment.Job instance at 0x7fea0afc2a00>,52,2,[10  3],53,113,115,60,95
1,<environment.Job instance at 0x7fe9c08b0be0>,57,1,[6 4],58,115,116,57,112
1,<environment.Job instance at 0x7fe9c08b0820>,55,24,[2 7],56,116,140,60,112
1,<environment.Job instance at 0x7fe9c08b0cd0>,62,17,[3 5],63,140,157,77,129
1,<environment.Job instance at 0x7fe9c08b0f50>,64,14,[5 1],65,129,143,64,129
1,<environment.Job instance at 0x7fea0a2a6f00>,69,3,[5 3],70,143,146,73,130
1,<environment.Job instance at 0x7fe9c08b03c0>,65,2,[4 8],66,157,159,91,132
1,<environment.Job instance at 0x7fea0a2a6230>,71,2,[3 6],72,159,161,87,132
1,<environment.Job instance at 0x7fea0b0023c0>,0,16,[5 5],1,1,17,0,1
1,<environment.Job instance at 0x7fea0aa77eb0>,11,2,[5 8],12,17,19,5,12
1,<environment.Job instance at 0x7fe9c0917550>,12,14,[6 3],13,19,33,6,15
1,<environment.Job instance at 0x7fea0a9e3230>,16,15,[2 9],17,33,48,16,20
1,<environment.Job instance at 0x7fea0ae0fd20>,21,3,[1 9],22,48,51,26,23
1,<environment.Job instance at 0x7fea0a182c30>,26,23,[8 1],27,33,56,6,33
1,<environment.Job instance at 0x7fea0a182aa0>,31,16,[6 5],32,56,72,24,45
1,<environment.Job instance at 0x7fe9c0707c80>,40,2,[7 4],41,72,74,31,65
1,<environment.Job instance at 0x7fe9c0707eb0>,38,2,[8 3],39,74,76,35,65
1,<environment.Job instance at 0x7fea0a145a00>,42,22,[7 2],43,76,98,33,72
1,<environment.Job instance at 0x7fe9c079da50>,49,24,[5 8],50,98,122,48,93
1,<environment.Job instance at 0x7fea0a647eb0>,64,18,[ 4 10],65,124,142,59,124
1,<environment.Job instance at 0x7fea0a268be0>,69,13,[8 5],70,142,155,72,127
1,<environment.Job instance at 0x7fe9c06fd4b0>,14,15,[6 3],15,15,30,0,15
1,<environment.Job instance at 0x7fe9c06fda00>,20,18,[3 6],21,39,57,18,39
1,<environment.Job instance at 0x7fe9c06fdb90>,24,16,[3 6],25,57,73,32,46
1,<environment.Job instance at 0x7fe9c071c190>,33,15,[6 1],34,76,91,42,76
1,<environment.Job instance at 0x7fe9c071c230>,34,27,[4 9],35,78,105,43,78
1,<environment.Job instance at 0x7fe9c071c960>,40,12,[3 7],41,105,117,64,94
1,<environment.Job instance at 0x7fe9c06f2f00>,11,18,[10  5],12,117,135,105,108
1,<environment.Job instance at 0x7fe9c071cd70>,45,18,[6 4],46,135,153,89,125
1,<environment.Job instance at 0x7fea0a88e5a0>,53,15,[8 3],54,153,168,99,139
1,<environment.Job instance at 0x7fea0a9e5910>,2,17,[8 5],3,4,21,1,4
1,<environment.Job instance at 0x7fe9c03a05a0>,9,14,[10  4],10,21,35,11,12
1,<environment.Job instance at 0x7fe9c02a6b40>,16,15,[10  5],17,35,50,18,21
1,<environment.Job instance at 0x7fea0aa50410>,25,14,[5 9],26,50,64,24,37
1,<environment.Job instance at 0x7fea0a31b6e0>,32,12,[ 3 10],33,64,76,31,48
1,<environment.Job instance at 0x7fea0a31b410>,41,3,[3 8],42,92,95,50,92
1,<environment.Job instance at 0x7fea0a31b190>,39,18,[8 4],40,98,116,58,98
1,<environment.Job instance at 0x7fea0b65d2d0>,54,17,[5 5],55,116,133,61,112
1,<environment.Job instance at 0x7fe9c029d230>,56,1,[3 6],57,133,134,76,113
1,<environment.Job instance at 0x7fea0b65d280>,53,14,[6 4],54,133,147,79,121
1,<environment.Job instance at 0x7fe9c06abc30>,2,22,[5 5],3,3,25,0,3
1,<environment.Job instance at 0x7fe9c06ab4b0>,7,1,[5 2],8,11,12,3,11
1,<environment.Job instance at 0x7fe9c06ab410>,13,13,[3 9],14,25,38,11,14
1,<environment.Job instance at 0x7fea0a2287d0>,22,18,[2 9],23,38,56,15,27
1,<environment.Job instance at 0x7fe9c06ab460>,4,27,[3 9],5,56,83,51,54
1,<environment.Job instance at 0x7fea0ae0f870>,36,14,[9 3],37,83,97,46,68
1,<environment.Job instance at 0x7fea0b0dd960>,50,12,[5 9],51,97,109,46,85
1,<environment.Job instance at 0x7fe9c0987190>,55,17,[9 2],56,117,134,61,117
1,<environment.Job instance at 0x7fe9c06af2d0>,59,14,[3 7],60,134,148,74,124
1,<environment.Job instance at 0x7fea0a7dd690>,1,18,[7 2],2,4,22,2,4
1,<environment.Job instance at 0x7fea0a1d2cd0>,14,15,[10  3],15,27,42,12,27
1,<environment.Job instance at 0x7fea0a1d2140>,17,15,[4 8],18,42,57,24,31
1,<environment.Job instance at 0x7fea0a2accd0>,28,15,[3 6],29,57,72,28,55
1,<environment.Job instance at 0x7fea0a2ace60>,29,18,[5 8],30,72,90,42,61
1,<environment.Job instance at 0x7fe9c0383cd0>,34,2,[1 7],35,90,92,55,68
1,<environment.Job instance at 0x7fe9c0398a00>,37,17,[4 5],38,92,109,54,84
1,<environment.Job instance at 0x7fea0a59ee60>,50,21,[4 6],51,127,148,76,127
1,<environment.Job instance at 0x7fea0b50f960>,3,14,[8 4],4,5,19,1,5
1,<environment.Job instance at 0x7fea0a2c3190>,6,13,[2 8],7,19,32,12,7
1,<environment.Job instance at 0x7fea0a8eaaf0>,22,1,[6 5],23,32,33,9,24
1,<environment.Job instance at 0x7fea0a8eae10>,21,17,[5 1],22,33,50,11,24
1,<environment.Job instance at 0x7fea0a65d730>,24,14,[10  4],25,50,64,25,42
1,<environment.Job instance at 0x7fe9c02720f0>,30,13,[3 6],31,64,77,33,48
1,<environment.Job instance at 0x7fea0af101e0>,37,27,[2 6],38,80,107,42,80
1,<environment.Job instance at 0x7fea0a26e640>,42,14,[8 4],43,86,100,43,86
1,<environment.Job instance at 0x7fea0a27acd0>,57,26,[6 2],58,138,164,80,138
1,<environment.Job instance at 0x7fe9c00c0a50>,3,25,[2 8],4,8,33,4,8
1,<environment.Job instance at 0x7fe9c00dcb40>,9,16,[2 8],10,33,49,23,22
1,<environment.Job instance at 0x7fe9c0064730>,23,3,[1 7],24,49,52,25,30
1,<environment.Job instance at 0x7fe9c00dc7d0>,20,18,[5 8],21,52,70,31,45
1,<environment.Job instance at 0x7fe9c0064870>,28,21,[5 7],29,70,91,41,62
1,<environment.Job instance at 0x7fe9c00c7280>,39,12,[4 7],40,91,103,51,75
1,<environment.Job instance at 0x7fe9c00640f0>,24,13,[2 7],25,103,116,78,100
1,<environment.Job instance at 0x7fe9c00c7410>,45,18,[4 6],46,116,134,70,116
1,<environment.Job instance at 0x7fe9c0066960>,52,13,[10  4],53,134,147,81,118
1,<environment.Job instance at 0x7fe9c00a4a00>,62,17,[4 7],63,147,164,84,138
1,<environment.Job instance at 0x7fea0a3113c0>,0,17,[5 7],1,1,18,0,1
1,<environment.Job instance at 0x7fea0a234f50>,8,3,[3 9],9,18,21,9,11
1,<environment.Job instance at 0x7fea0a2345f0>,6,15,[3 7],7,21,36,14,12
1,<environment.Job instance at 0x7fea0a23df00>,17,18,[10  3],18,36,54,18,27
1,<environment.Job instance at 0x7fea0a23d050>,22,21,[6 2],23,54,75,31,47
1,<environment.Job instance at 0x7fe9c03ac910>,33,16,[8 2],34,75,91,41,62
1,<environment.Job instance at 0x7fe9c0604460>,38,21,[8 5],39,91,112,52,84
1,<environment.Job instance at 0x7fe9c07e9a50>,59,15,[5 5],60,138,153,78,138
1,<environment.Job instance at 0x7fea0a19a410>,60,14,[9 5],61,153,167,92,139
1,<environment.Job instance at 0x7fea0adee960>,2,13,[9 1],3,3,16,0,3
1,<environment.Job instance at 0x7fea0acb15a0>,3,15,[5 2],4,16,31,12,4
1,<environment.Job instance at 0x7fea0a2c12d0>,13,1,[5 3],14,21,22,7,21
1,<environment.Job instance at 0x7fea0a2c15f0>,19,12,[1 7],20,25,37,5,25
1,<environment.Job instance at 0x7fea0a2c1eb0>,16,14,[3 7],17,37,51,20,26
1,<environment.Job instance at 0x7fea0a3e30f0>,12,18,[7 3],13,31,49,18,26
1,<environment.Job instance at 0x7fe9c08288c0>,23,17,[5 6],24,51,68,27,41
1,<environment.Job instance at 0x7fe9c05a1a50>,30,1,[3 8],31,68,69,37,54
1,<environment.Job instance at 0x7fe9c05a11e0>,31,1,[9 2],32,69,70,37,54
1,<environment.Job instance at 0x7fea0a2c1e10>,20,17,[ 5 10],21,70,87,49,67
1,<environment.Job instance at 0x7fe9c05a1230>,28,26,[1 9],29,87,113,58,87
1,<environment.Job instance at 0x7fea0a243410>,57,18,[4 5],58,129,147,71,129
1,<environment.Job instance at 0x7fea0a243140>,58,13,[2 8],59,147,160,88,132
1,<environment.Job instance at 0x7fe9c0631e10>,2,14,[ 1 10],3,3,17,0,3
1,<environment.Job instance at 0x7fe9c0631910>,5,14,[4 8],6,17,31,11,7
1,<environment.Job instance at 0x7fea0b41a050>,10,3,[5 6],11,31,34,20,11
1,<environment.Job instance at 0x7fea0a5824b0>,17,13,[8 2],18,34,47,16,19
1,<environment.Job instance at 0x7fea0a4f8be0>,24,18,[5 5],25,47,65,22,39
1,<environment.Job instance at 0x7fea0a4f88c0>,30,15,[ 5 10],31,65,80,34,55
1,<environment.Job instance at 0x7fea0a1ffb90>,39,13,[8 2],40,80,93,40,69
1,<environment.Job instance at 0x7fea0a1ff960>,43,16,[1 9],44,93,109,49,83
1,<environment.Job instance at 0x7fea0a1ff820>,49,15,[3 6],50,109,124,59,95
1,<environment.Job instance at 0x7fe9c0a82d20>,4,14,[5 5],5,5,19,0,5
1,<environment.Job instance at 0x7fe9c00e6690>,15,3,[6 3],16,19,22,3,16
1,<environment.Job instance at 0x7fe9c00e6b90>,14,1,[9 1],15,22,23,7,17
1,<environment.Job instance at 0x7fe9c00e64b0>,13,19,[3 7],14,23,42,9,23
1,<environment.Job instance at 0x7fe9c0a6c2d0>,26,20,[5 9],27,42,62,15,34
1,<environment.Job instance at 0x7fe9c0505870>,35,13,[5 3],36,62,75,26,47
1,<environment.Job instance at 0x7fe9c04e1460>,46,22,[2 9],47,76,98,29,76
1,<environment.Job instance at 0x7fe9c04e10a0>,50,15,[2 8],51,98,113,47,86
1,<environment.Job instance at 0x7fe9c04f6fa0>,57,16,[10  4],58,113,129,55,105
1,<environment.Job instance at 0x7fe9c04f61e0>,65,3,[10  5],66,129,132,63,124
1,<environment.Job instance at 0x7fe9c04f6eb0>,66,16,[7 5],67,132,148,65,131
1,<environment.Job instance at 0x7f219bb071e0>,0,18,[9 3],1,1,19,0,1
1,<environment.Job instance at 0x7f219a9a8730>,8,16,[1 8],9,19,35,10,14
1,<environment.Job instance at 0x7f219a9a8f00>,20,14,[4 8],21,35,49,14,27
1,<environment.Job instance at 0x7f219a9aa500>,26,16,[9 1],27,49,65,22,46
1,<environment.Job instance at 0x7f219a9aac80>,33,15,[5 3],34,65,80,31,53
1,<environment.Job instance at 0x7f219a9a89b0>,13,15,[7 4],14,80,95,66,66
1,<environment.Job instance at 0x7f219a9aeaa0>,46,18,[2 7],47,95,113,48,86
1,<environment.Job instance at 0x7f219a9aeb90>,50,15,[4 7],51,113,128,62,100
1,<environment.Job instance at 0x7f219a9af320>,55,18,[8 4],56,128,146,72,118
1,<environment.Job instance at 0x7f219a9affa0>,68,16,[9 5],69,146,162,77,134
1,<environment.Job instance at 0x7f219a9b4190>,1,18,[7 2],2,3,21,1,3
1,<environment.Job instance at 0x7f219bc7a550>,6,2,[5 8],7,21,23,14,7
1,<environment.Job instance at 0x7f219bc7aa50>,7,2,[2 8],8,8,10,0,8
1,<environment.Job instance at 0x7f219bc7a460>,8,1,[9 3],9,23,24,14,9
1,<environment.Job instance at 0x7f219bc7a0a0>,4,18,[9 2],5,24,42,19,14
1,<environment.Job instance at 0x7f219bb30690>,18,18,[7 3],19,42,60,23,31
1,<environment.Job instance at 0x7f219bb301e0>,17,15,[2 5],18,42,57,24,32
1,<environment.Job instance at 0x7f219bb30190>,26,21,[5 2],27,60,81,33,54
1,<environment.Job instance at 0x7f219bb30910>,29,13,[2 7],30,59,72,29,59
1,<environment.Job instance at 0x7f219bc829b0>,37,12,[4 8],38,72,84,34,63
1,<environment.Job instance at 0x7f219bc7d730>,40,2,[6 1],41,81,83,40,66
1,<environment.Job instance at 0x7f219bc82550>,36,14,[6 1],37,83,97,46,73
1,<environment.Job instance at 0x7f219bc7de10>,47,17,[2 8],48,91,108,43,91
1,<environment.Job instance at 0x7f219bc73fa0>,51,17,[7 5],52,108,125,56,96
1,<environment.Job instance at 0x7f219bc742d0>,62,20,[1 8],63,126,146,63,126
1,<environment.Job instance at 0x7f219bb2e460>,64,13,[5 9],65,146,159,81,135
1,<environment.Job instance at 0x7f219bb2ea00>,1,12,[3 5],2,2,14,0,2
1,<environment.Job instance at 0x7f2150a205f0>,2,23,[6 3],3,3,26,0,3
1,<environment.Job instance at 0x7f2150a0c550>,7,1,[8 3],8,26,27,18,11
1,<environment.Job instance at 0x7f219a7c50f0>,10,14,[5 4],11,27,41,16,18
1,<environment.Job instance at 0x7f2150a20320>,3,26,[ 1 10],4,41,67,37,38
1,<environment.Job instance at 0x7f215099a9b0>,24,18,[2 6],25,67,85,42,64
1,<environment.Job instance at 0x7f2150963eb0>,32,17,[6 1],33,67,84,34,65
1,<environment.Job instance at 0x7f2150a14960>,39,13,[10  3],40,85,98,45,69
1,<environment.Job instance at 0x7f2150a14190>,43,27,[9 5],44,108,135,64,108
1,<environment.Job instance at 0x7f219a714c80>,56,12,[4 6],57,135,147,78,119
1,<environment.Job instance at 0x7f21509b1500>,59,2,[2 7],60,147,149,87,136
1,<environment.Job instance at 0x7f219b12b910>,1,15,[4 8],2,2,17,0,2
1,<environment.Job instance at 0x7f2150acd640>,2,18,[8 1],3,17,35,14,6
1,<environment.Job instance at 0x7f219aa33320>,14,12,[5 5],15,35,47,20,18
1,<environment.Job instance at 0x7f215094cf00>,29,17,[10  3],30,47,64,17,35
1,<environment.Job instance at 0x7f215094ceb0>,30,18,[1 8],31,64,82,33,54
1,<environment.Job instance at 0x7f215099cf50>,41,25,[9 2],42,64,89,22,60
1,<environment.Job instance at 0x7f2150d40dc0>,51,13,[8 5],52,94,107,42,94
1,<environment.Job instance at 0x7f21509993c0>,55,16,[4 9],56,107,123,51,100
1,<environment.Job instance at 0x7f219aab5af0>,62,26,[5 5],63,123,149,60,122
1,<environment.Job instance at 0x7f2150e9ef50>,0,21,[4 9],1,1,22,0,1
1,<environment.Job instance at 0x7f219b47f230>,9,3,[8 1],10,22,25,12,10
1,<environment.Job instance at 0x7f219b4955a0>,10,18,[1 6],11,22,40,11,19
1,<environment.Job instance at 0x7f219b484640>,17,1,[9 5],18,40,41,22,20
1,<environment.Job instance at 0x7f2150985690>,7,17,[7 4],8,41,58,33,31
1,<environment.Job instance at 0x7f219b485b40>,27,17,[7 2],28,58,75,30,54
1,<environment.Job instance at 0x7f219b485140>,30,26,[3 8],31,59,85,28,59
1,<environment.Job instance at 0x7f219b4856e0>,25,18,[2 5],26,85,103,59,74
1,<environment.Job instance at 0x7f219b49bbe0>,37,21,[5 1],38,79,100,41,79
1,<environment.Job instance at 0x7f219b49b500>,40,20,[ 3 10],41,103,123,62,97
1,<environment.Job instance at 0x7f219b49b280>,44,3,[4 6],45,123,126,78,110
1,<environment.Job instance at 0x7f219b4a9870>,45,2,[4 7],46,126,128,80,111
1,<environment.Job instance at 0x7f219b4a9550>,49,3,[1 6],50,128,131,78,118
1,<environment.Job instance at 0x7f219b4a9910>,51,17,[7 2],52,129,146,77,129
1,<environment.Job instance at 0x7f219b4a99b0>,52,2,[10  4],53,146,148,93,129
1,<environment.Job instance at 0x7f219b4a90f0>,53,3,[2 6],54,131,134,77,129
1,<environment.Job instance at 0x7f219a7ca500>,54,15,[3 7],55,148,163,93,136
1,<environment.Job instance at 0x7f219a799d70>,57,1,[ 4 10],58,163,164,105,140
1,<environment.Job instance at 0x7f2150dc27d0>,59,3,[9 4],60,164,167,104,140
1,<environment.Job instance at 0x7f219aff7dc0>,4,3,[2 7],5,7,10,2,7
1,<environment.Job instance at 0x7f219aff7d70>,1,13,[2 6],2,10,23,8,7
1,<environment.Job instance at 0x7f219b66d4b0>,20,13,[9 3],21,35,48,14,35
1,<environment.Job instance at 0x7f219b66d500>,23,14,[5 8],24,48,62,24,37
1,<environment.Job instance at 0x7f219b66daa0>,24,14,[4 8],25,62,76,37,51
1,<environment.Job instance at 0x7f219b66d8c0>,30,17,[ 4 10],31,76,93,45,64
1,<environment.Job instance at 0x7f219a850dc0>,32,1,[8 2],33,93,94,60,70
1,<environment.Job instance at 0x7f219a850140>,39,13,[2 7],40,93,106,53,77
1,<environment.Job instance at 0x7f219a850d20>,41,18,[4 6],42,106,124,64,95
1,<environment.Job instance at 0x7f219a84ff50>,50,2,[9 2],51,124,126,73,118
1,<environment.Job instance at 0x7f219b66d640>,27,23,[4 8],28,129,152,101,129
1,<environment.Job instance at 0x7f219a7a65a0>,2,20,[5 6],3,4,24,1,4
1,<environment.Job instance at 0x7f219a7a6050>,8,3,[3 9],9,24,27,15,9
1,<environment.Job instance at 0x7f219a7a6140>,5,17,[2 6],6,27,44,21,15
1,<environment.Job instance at 0x7f219a7a6f00>,6,13,[7 3],7,27,40,20,20
1,<environment.Job instance at 0x7f219ad646e0>,23,16,[7 4],24,40,56,16,39
1,<environment.Job instance at 0x7f219ad64960>,24,12,[5 3],25,56,68,31,41
1,<environment.Job instance at 0x7f219b6985a0>,31,18,[8 1],32,68,86,36,59
1,<environment.Job instance at 0x7f219a9f90a0>,38,17,[2 5],39,71,88,32,71
1,<environment.Job instance at 0x7f219acfc6e0>,18,12,[2 8],19,88,100,69,83
1,<environment.Job instance at 0x7f219af68aa0>,44,2,[8 1],45,86,88,41,83
1,<environment.Job instance at 0x7f219af68960>,49,15,[3 5],50,100,115,50,87
1,<environment.Job instance at 0x7f219af68c30>,51,14,[5 6],52,115,129,63,100
1,<environment.Job instance at 0x7f219aa46690>,56,14,[7 5],57,129,143,72,115
1,<environment.Job instance at 0x7f215106ee10>,10,1,[1 6],11,11,12,0,11
1,<environment.Job instance at 0x7f219a9a9140>,13,13,[4 9],14,14,27,0,14
1,<environment.Job instance at 0x7f219a9a91e0>,15,17,[2 8],16,27,44,11,17
1,<environment.Job instance at 0x7f219a9a9c30>,23,3,[ 3 10],24,44,47,20,32
1,<environment.Job instance at 0x7f219a9a9780>,24,13,[6 2],25,47,60,22,32
1,<environment.Job instance at 0x7f215106ef50>,12,16,[3 6],13,53,69,40,53
1,<environment.Job instance at 0x7f215104d640>,36,16,[5 6],37,71,87,34,71
1,<environment.Job instance at 0x7f215104d2d0>,35,3,[7 3],36,87,90,51,79
1,<environment.Job instance at 0x7f219a9a9a50>,21,15,[7 4],22,90,105,68,80
1,<environment.Job instance at 0x7f215104d8c0>,40,1,[3 6],41,87,88,46,80
1,<environment.Job instance at 0x7f215104da00>,42,15,[2 5],43,88,103,45,81
1,<environment.Job instance at 0x7f215104df50>,46,17,[5 2],47,105,122,58,93
1,<environment.Job instance at 0x7f215104e550>,58,15,[3 6],59,108,123,49,108
1,<environment.Job instance at 0x7f215104e8c0>,59,16,[10  4],60,123,139,63,113
1,<environment.Job instance at 0x7f219a8bf230>,69,14,[9 2],70,139,153,69,131
1,<environment.Job instance at 0x7f219abf7d20>,0,25,[10  4],1,3,28,2,3
1,<environment.Job instance at 0x7f219bc73910>,10,12,[ 5 10],11,28,40,17,13
1,<environment.Job instance at 0x7f219bc7be60>,25,15,[6 4],26,40,55,14,35
1,<environment.Job instance at 0x7f2150fd3f00>,26,2,[6 2],27,55,57,28,35
1,<environment.Job instance at 0x7f219a8d0e10>,30,21,[10  4],31,57,78,26,50
1,<environment.Job instance at 0x7f2150fc95f0>,35,14,[3 7],36,78,92,42,63
1,<environment.Job instance at 0x7f219a824550>,40,13,[6 4],41,92,105,51,76
1,<environment.Job instance at 0x7f219a824410>,42,22,[2 6],43,92,114,49,89
1,<environment.Job instance at 0x7f21508e9960>,51,16,[9 2],52,114,130,62,105
1,<environment.Job instance at 0x7f21508e9c80>,59,3,[3 7],60,130,133,70,117
1,<environment.Job instance at 0x7f21508e97d0>,57,13,[4 9],58,133,146,75,117
1,<environment.Job instance at 0x7f2150ee5230>,1,24,[2 7],2,2,26,0,2
1,<environment.Job instance at 0x7f219a8cffa0>,11,16,[9 3],12,26,42,14,15
1,<environment.Job instance at 0x7f219b4eefa0>,18,18,[ 1 10],19,42,60,23,35
1,<environment.Job instance at 0x7f219b12fcd0>,20,2,[ 4 10],21,60,62,39,36
1,<environment.Job instance at 0x7f2150db63c0>,27,21,[1 9],28,62,83,34,55
1,<environment.Job instance at 0x7f2150c2efa0>,28,17,[5 9],29,83,100,54,76
1,<environment.Job instance at 0x7f219b698500>,40,2,[5 8],41,100,102,59,81
1,<environment.Job instance at 0x7f219b6987d0>,37,12,[5 3],38,102,114,64,86
1,<environment.Job instance at 0x7f219b3691e0>,47,12,[3 7],48,102,114,54,86
1,<environment.Job instance at 0x7f219a811730>,54,14,[6 4],55,114,128,59,101
1,<environment.Job instance at 0x7f219b188960>,58,16,[10  5],59,128,144,69,120
1,<environment.Job instance at 0x7f219aba0b40>,64,15,[6 3],65,144,159,79,131
1,<environment.Job instance at 0x7f219a821c30>,1,13,[9 1],2,2,15,0,2
1,<environment.Job instance at 0x7f219b188780>,2,15,[9 4],3,15,30,12,3
1,<environment.Job instance at 0x7f2150a86b90>,16,2,[ 4 10],17,30,32,13,26
1,<environment.Job instance at 0x7f2150a86c30>,17,3,[4 5],18,32,35,14,27
1,<environment.Job instance at 0x7f2150a86cd0>,18,18,[2 9],19,35,53,16,30
1,<environment.Job instance at 0x7f2150aad230>,23,1,[6 5],24,32,33,8,30
1,<environment.Job instance at 0x7f2150aad1e0>,25,12,[8 5],26,53,65,27,41
1,<environment.Job instance at 0x7f2150aad370>,26,12,[2 5],27,53,65,26,41
1,<environment.Job instance at 0x7f2150aad6e0>,27,1,[8 3],28,65,66,37,42
1,<environment.Job instance at 0x7f2150aad0f0>,24,26,[8 4],25,66,92,41,63
1,<environment.Job instance at 0x7f2150aa2b40>,46,13,[2 9],47,92,105,45,84
1,<environment.Job instance at 0x7f2150aa2c80>,48,22,[4 8],49,105,127,56,105
1,<environment.Job instance at 0x7f2150a8e230>,57,17,[7 4],58,134,151,76,134
1,<environment.Job instance at 0x7f2150a8e640>,61,13,[5 7],62,151,164,89,135
1,<environment.Job instance at 0x7f219b70e820>,3,13,[ 3 10],4,4,17,0,4
1,<environment.Job instance at 0x7f219b70e780>,10,3,[7 2],11,17,20,6,14
1,<environment.Job instance at 0x7f219bb4b820>,14,17,[9 2],15,20,37,5,17
1,<environment.Job instance at 0x7f219b70e640>,7,28,[4 9],8,37,65,29,36
1,<environment.Job instance at 0x7f219aaf52d0>,29,12,[6 4],30,65,77,35,53
1,<environment.Job instance at 0x7f219aaf5be0>,34,27,[3 9],35,77,104,42,76
1,<environment.Job instance at 0x7f219b35d9b0>,40,14,[2 8],41,104,118,63,89
1,<environment.Job instance at 0x7f2150f7e140>,54,21,[7 5],55,128,149,73,128
1,<environment.Job instance at 0x7f219a8f7e10>,3,20,[8 5],4,4,24,0,4
1,<environment.Job instance at 0x7f219a8f75a0>,12,15,[5 4],13,24,39,11,13
1,<environment.Job instance at 0x7f219aa25d20>,20,2,[1 9],21,39,41,18,26
1,<environment.Job instance at 0x7f2150a65e60>,29,3,[5 8],30,48,51,18,48
1,<environment.Job instance at 0x7f2150a65730>,26,20,[5 4],27,51,71,24,48
1,<environment.Job instance at 0x7f2150df6410>,33,2,[4 9],34,71,73,37,50
1,<environment.Job instance at 0x7f2150df6960>,35,18,[1 8],36,73,91,37,63
1,<environment.Job instance at 0x7f2150df6690>,41,13,[8 5],42,91,104,49,77
1,<environment.Job instance at 0x7f2150dc0e10>,45,14,[5 3],46,104,118,58,90
1,<environment.Job instance at 0x7f219b49b4b0>,48,15,[3 6],49,104,119,55,98
1,<environment.Job instance at 0x7f219b49b6e0>,49,18,[5 8],50,119,137,69,108
1,<environment.Job instance at 0x7f219b49bc80>,57,17,[4 5],58,137,154,79,126
1,<environment.Job instance at 0x7f2150df6cd0>,2,18,[1 7],3,4,22,1,4
1,<environment.Job instance at 0x7f2150725820>,12,18,[6 5],13,22,40,9,14
1,<environment.Job instance at 0x7f219aa85b40>,29,17,[3 9],30,40,57,10,33
1,<environment.Job instance at 0x7f219aa85d70>,31,17,[5 1],32,40,57,8,39
1,<environment.Job instance at 0x7f2151000780>,35,15,[5 5],36,57,72,21,45
1,<environment.Job instance at 0x7f2150cbce60>,39,24,[5 5],40,57,81,17,52
1,<environment.Job instance at 0x7f21509b73c0>,45,18,[9 5],46,81,99,35,71
1,<environment.Job instance at 0x7f219ac3d320>,52,14,[8 4],53,103,117,50,103
1,<environment.Job instance at 0x7f219aba0f50>,5,13,[5 6],6,6,19,0,6
1,<environment.Job instance at 0x7f2150e0c140>,7,17,[2 6],8,19,36,11,11
1,<environment.Job instance at 0x7f219b094f50>,14,15,[8 4],15,19,34,4,16
1,<environment.Job instance at 0x7f21509f0e60>,19,14,[ 5 10],20,36,50,16,21
1,<environment.Job instance at 0x7f21510a37d0>,23,3,[1 7],24,50,53,26,24
1,<environment.Job instance at 0x7f2150aa6d70>,20,18,[5 8],21,53,71,32,42
1,<environment.Job instance at 0x7f21508b1910>,27,13,[7 5],28,71,84,43,64
1,<environment.Job instance at 0x7f219aad36e0>,39,12,[4 7],40,84,96,44,67
1,<environment.Job instance at 0x7f219aad3be0>,42,3,[4 8],43,96,99,53,71
1,<environment.Job instance at 0x7f215109ed70>,53,22,[7 1],54,112,134,58,112
1,<environment.Job instance at 0x7f215109e280>,55,25,[5 5],56,134,159,78,132
1,<environment.Job instance at 0x7f219a9af2d0>,0,24,[5 2],1,1,25,0,1
1,<environment.Job instance at 0x7f219b348f50>,4,13,[5 4],5,9,22,4,9
1,<environment.Job instance at 0x7f219b348500>,6,2,[4 9],7,25,27,18,10
1,<environment.Job instance at 0x7f219a9af0a0>,2,15,[9 3],3,27,42,24,13
1,<environment.Job instance at 0x7f2150683280>,17,17,[1 5],18,27,44,9,21
1,<environment.Job instance at 0x7f2150683e60>,21,14,[3 7],22,44,58,22,30
1,<environment.Job instance at 0x7f219b348370>,10,18,[8 5],11,58,76,47,53
1,<environment.Job instance at 0x7f21508539b0>,44,13,[10  1],45,104,117,59,104
1,<environment.Job instance at 0x7f2150853a50>,46,23,[6 3],47,117,140,70,112
1,<environment.Job instance at 0x7f21506cfeb0>,52,1,[5 6],53,140,141,87,117
1,<environment.Job instance at 0x7f21507570f0>,58,3,[10  3],59,141,144,82,132
1,<environment.Job instance at 0x7f21507576e0>,59,13,[4 8],60,144,157,84,132
1,<environment.Job instance at 0x7f219b4b6320>,2,16,[4 7],3,4,20,1,4
1,<environment.Job instance at 0x7f219b0c30f0>,4,14,[7 4],5,20,34,15,5
1,<environment.Job instance at 0x7f219b0c9050>,13,12,[8 3],14,34,46,20,17
1,<environment.Job instance at 0x7f219b0b6140>,25,16,[6 1],26,46,62,20,46
1,<environment.Job instance at 0x7f219b0c3e60>,12,18,[4 7],13,62,80,49,62
1,<environment.Job instance at 0x7f219aeef410>,36,2,[7 4],37,80,82,43,62
1,<environment.Job instance at 0x7f219a990410>,43,2,[7 3],44,90,92,46,90
1,<environment.Job instance at 0x7f219aee70f0>,44,15,[6 3],45,92,107,47,91
1,<environment.Job instance at 0x7f219b4961e0>,42,14,[10  2],43,107,121,64,94
1,<environment.Job instance at 0x7f219af14b40>,57,24,[8 5],58,127,151,69,127
1,<environment.Job instance at 0x7f219aee65a0>,62,14,[ 4 10],63,151,165,88,136
1,<environment.Job instance at 0x7f219ad11780>,4,18,[2 5],5,7,25,2,7
1,<environment.Job instance at 0x7f219b5310f0>,11,14,[5 1],12,12,26,0,12
1,<environment.Job instance at 0x7f219b531410>,13,16,[1 9],14,25,41,11,14
1,<environment.Job instance at 0x7f219a811f00>,26,17,[10  1],27,41,58,14,37
1,<environment.Job instance at 0x7f2150705af0>,31,18,[10  5],32,58,76,26,49
1,<environment.Job instance at 0x7f219ab5f050>,36,16,[2 9],37,76,92,39,67
1,<environment.Job instance at 0x7f2150fa22d0>,46,26,[6 2],47,96,122,49,96
1,<environment.Job instance at 0x7f2150fa2460>,50,17,[8 5],51,122,139,71,110
1,<environment.Job instance at 0x7f219a9234b0>,4,15,[5 8],5,5,20,0,5
1,<environment.Job instance at 0x7f219a923910>,5,18,[ 1 10],6,20,38,14,9
1,<environment.Job instance at 0x7f2150795690>,17,16,[10  4],18,38,54,20,26
1,<environment.Job instance at 0x7f219aec5820>,30,16,[ 4 10],31,54,70,23,50
1,<environment.Job instance at 0x7f219aec5a50>,41,1,[6 2],42,136,137,94,136
1,<environment.Job instance at 0x7f219aec5730>,42,1,[ 2 10],43,137,138,94,136
1,<environment.Job instance at 0x7f219acc4280>,47,27,[10  2],48,141,168,93,141
1,<environment.Job instance at 0x7f2150757960>,1,15,[1 7],2,5,20,3,5
1,<environment.Job instance at 0x7f21507895a0>,18,17,[5 9],19,26,43,7,26
1,<environment.Job instance at 0x7f2150789640>,20,24,[8 2],21,43,67,22,38
1,<environment.Job instance at 0x7f21506639b0>,29,12,[4 5],30,67,79,37,51
1,<environment.Job instance at 0x7f2150ce8d70>,37,1,[2 7],38,61,62,23,61
1,<environment.Job instance at 0x7f2150ce8370>,36,16,[3 7],37,79,95,42,66
1,<environment.Job instance at 0x7f2150cf1aa0>,46,17,[7 4],47,95,112,48,84
1,<environment.Job instance at 0x7f2150cf10a0>,56,16,[1 8],57,114,130,57,114
1,<environment.Job instance at 0x7f2150cf3fa0>,60,13,[ 5 10],61,130,143,69,116
1,<environment.Job instance at 0x7f2150cfcd70>,65,15,[8 4],66,143,158,77,129
1,<environment.Job instance at 0x7f79e67b20f0>,1,1,[3 7],2,2,3,0,2
1,<environment.Job instance at 0x7f79e13a2460>,5,12,[1 7],6,7,19,1,7
1,<environment.Job instance at 0x7f79e13a25a0>,7,16,[5 8],8,19,35,11,9
1,<environment.Job instance at 0x7f79e13a2e10>,17,2,[3 5],18,35,37,17,23
1,<environment.Job instance at 0x7f79e13a2d20>,18,12,[1 8],19,37,49,18,27
1,<environment.Job instance at 0x7f79e13a4730>,26,16,[9 1],27,41,57,14,41
1,<environment.Job instance at 0x7f79e13a4b90>,31,15,[5 5],32,57,72,25,53
1,<environment.Job instance at 0x7f79e13a4e10>,35,1,[9 1],36,72,73,36,58
1,<environment.Job instance at 0x7f79e13a42d0>,37,2,[8 4],38,73,75,35,59
1,<environment.Job instance at 0x7f79e13a62d0>,39,1,[2 7],40,75,76,35,59
1,<environment.Job instance at 0x7f79e13a4d70>,34,19,[3 7],35,76,95,41,67
1,<environment.Job instance at 0x7f79e13a6a50>,45,2,[9 3],46,95,97,49,83
1,<environment.Job instance at 0x7f79e13a6b90>,47,1,[1 7],48,95,96,47,84
1,<environment.Job instance at 0x7f79e13a6780>,41,23,[10  4],42,97,120,55,91
1,<environment.Job instance at 0x7f79e13ab1e0>,56,1,[ 4 10],57,120,121,63,107
1,<environment.Job instance at 0x7f79e13ab460>,57,13,[6 4],58,121,134,63,107
1,<environment.Job instance at 0x7f79e13abb90>,61,3,[5 6],62,134,137,72,115
1,<environment.Job instance at 0x7f79e13abd70>,64,12,[6 1],65,137,149,72,120
1,<environment.Job instance at 0x7f79e13abfa0>,69,12,[7 3],70,149,161,79,132
1,<environment.Job instance at 0x7f79e692d230>,8,18,[7 3],9,10,28,1,10
1,<environment.Job instance at 0x7f79e6923320>,13,16,[2 8],14,28,44,14,21
1,<environment.Job instance at 0x7f79e6928730>,26,14,[6 1],27,40,54,13,40
1,<environment.Job instance at 0x7f79e6928e60>,28,17,[6 1],29,54,71,25,44
1,<environment.Job instance at 0x7f79e69284b0>,33,1,[9 3],34,71,72,37,58
1,<environment.Job instance at 0x7f79e692d8c0>,12,18,[9 2],13,72,90,59,61
1,<environment.Job instance at 0x7f79e67db370>,42,13,[9 4],43,90,103,47,74
1,<environment.Job instance at 0x7f79e67d95a0>,51,17,[7 2],52,103,120,51,91
1,<environment.Job instance at 0x7f79e67d9fa0>,53,12,[1 9],54,120,132,66,107
1,<environment.Job instance at 0x7f79e67d9870>,56,18,[7 4],57,132,150,75,122
1,<environment.Job instance at 0x7f799b65caf0>,3,13,[9 4],4,4,17,0,4
1,<environment.Job instance at 0x7f79e11ff5a0>,12,17,[6 1],13,17,34,4,14
1,<environment.Job instance at 0x7f79e1177140>,22,3,[8 5],23,34,37,11,23
1,<environment.Job instance at 0x7f799b666320>,24,14,[10  1],25,37,51,12,25
1,<environment.Job instance at 0x7f799b602370>,32,1,[8 3],33,55,56,22,55
1,<environment.Job instance at 0x7f799b5f8410>,34,14,[6 3],35,57,71,22,57
1,<environment.Job instance at 0x7f799b5f88c0>,36,12,[4 6],37,58,70,21,58
1,<environment.Job instance at 0x7f799b5f83c0>,38,17,[6 5],39,71,88,32,60
1,<environment.Job instance at 0x7f799b5f8870>,42,18,[ 4 10],43,88,106,45,77
1,<environment.Job instance at 0x7f799b71ff50>,48,16,[5 6],49,106,122,57,93
1,<environment.Job instance at 0x7f799b6444b0>,55,3,[8 1],56,122,125,66,106
1,<environment.Job instance at 0x7f799b63c910>,56,18,[8 4],57,125,143,68,116
1,<environment.Job instance at 0x7f79e15dac80>,69,13,[1 9],70,143,156,73,133
1,<environment.Job instance at 0x7f79e3b2a050>,1,15,[5 2],2,2,17,0,2
1,<environment.Job instance at 0x7f79e13dcfa0>,3,15,[1 7],4,4,19,0,4
1,<environment.Job instance at 0x7f79a63b7a00>,4,13,[5 2],5,17,30,12,5
1,<environment.Job instance at 0x7f79e1531f00>,7,18,[1 7],8,19,37,11,8
1,<environment.Job instance at 0x7f79e14ff140>,20,3,[1 6],21,37,40,16,23
1,<environment.Job instance at 0x7f79e14ff780>,21,13,[8 5],22,40,53,18,29
1,<environment.Job instance at 0x7f799b7ea460>,25,16,[4 9],26,53,69,27,40
1,<environment.Job instance at 0x7f799b7da410>,37,17,[5 7],38,69,86,31,66
1,<environment.Job instance at 0x7f79e162cc80>,53,25,[7 3],54,140,165,86,140
1,<environment.Job instance at 0x7f799baa52d0>,5,2,[4 7],6,6,8,0,6
1,<environment.Job instance at 0x7f799baa5500>,6,1,[5 3],7,10,11,3,10
1,<environment.Job instance at 0x7f79e134ff00>,2,20,[5 7],3,10,30,7,10
1,<environment.Job instance at 0x7f799baa5e60>,17,1,[ 4 10],18,30,31,12,18
1,<environment.Job instance at 0x7f799baa57d0>,10,22,[2 5],11,31,53,20,24
1,<environment.Job instance at 0x7f799b5aa910>,25,17,[5 8],26,53,70,27,43
1,<environment.Job instance at 0x7f799b5aa140>,20,12,[8 1],21,70,82,49,58
1,<environment.Job instance at 0x7f799b5ab460>,40,17,[8 1],41,82,99,41,74
1,<environment.Job instance at 0x7f799b5ab9b0>,44,16,[1 6],45,83,99,38,83
1,<environment.Job instance at 0x7f799b5ab5a0>,45,16,[9 3],46,99,115,53,87
1,<environment.Job instance at 0x7f799b5b00f0>,54,26,[2 5],55,121,147,66,121
1,<environment.Job instance at 0x7f799b5b0c80>,65,17,[3 7],66,147,164,81,136
1,<environment.Job instance at 0x7f79e39e78c0>,4,18,[1 6],5,6,24,1,6
1,<environment.Job instance at 0x7f79e39e75f0>,6,15,[5 5],7,24,39,17,10
1,<environment.Job instance at 0x7f79e39e7870>,13,12,[5 5],14,24,36,10,16
1,<environment.Job instance at 0x7f79e136e280>,20,18,[7 2],21,39,57,18,28
1,<environment.Job instance at 0x7f79e39f3690>,26,14,[6 2],27,57,71,30,42
1,<environment.Job instance at 0x7f799ba5d0f0>,37,23,[ 1 10],38,72,95,34,72
1,<environment.Job instance at 0x7f79e39f34b0>,30,21,[5 3],31,95,116,64,89
1,<environment.Job instance at 0x7f79e3931050>,44,14,[5 3],45,95,109,50,90
1,<environment.Job instance at 0x7f79e3926050>,51,3,[7 4],52,116,119,64,106
1,<environment.Job instance at 0x7f799ba5d640>,40,28,[ 1 10],41,129,157,88,129
1,<environment.Job instance at 0x7f79e18ae870>,1,16,[9 1],2,4,20,2,4
1,<environment.Job instance at 0x7f799babd960>,6,21,[7 2],7,20,41,13,12
1,<environment.Job instance at 0x7f799b8eaf00>,18,2,[2 6],19,21,23,2,21
1,<environment.Job instance at 0x7f79e3ec64b0>,23,22,[ 3 10],24,44,66,20,44
1,<environment.Job instance at 0x7f799bc00f50>,24,2,[6 2],25,66,68,41,44
1,<environment.Job instance at 0x7f79e3cc9af0>,27,14,[7 3],28,68,82,40,59
1,<environment.Job instance at 0x7f799b7d1b90>,31,24,[5 4],32,83,107,51,83
1,<environment.Job instance at 0x7f79e3b9f960>,41,2,[9 4],42,107,109,65,100
1,<environment.Job instance at 0x7f79e3b9f9b0>,42,1,[4 8],43,109,110,66,100
1,<environment.Job instance at 0x7f79e3b9f730>,43,3,[5 3],44,100,103,56,100
1,<environment.Job instance at 0x7f79e3b60320>,39,2,[5 6],40,103,105,63,100
1,<environment.Job instance at 0x7f79e3e2bb40>,44,3,[6 2],45,109,112,64,100
1,<environment.Job instance at 0x7f79e3e2b0a0>,45,14,[4 9],46,112,126,66,100
1,<environment.Job instance at 0x7f79e3e2ba50>,51,12,[2 5],52,126,138,74,120
1,<environment.Job instance at 0x7f79e3e2b4b0>,50,13,[3 8],51,138,151,87,123
1,<environment.Job instance at 0x7f79e3e2b140>,55,16,[1 5],56,151,167,95,139
1,<environment.Job instance at 0x7f799ba48af0>,5,1,[3 5],6,6,7,0,6
1,<environment.Job instance at 0x7f799ba48f50>,10,3,[5 8],11,12,15,1,12
1,<environment.Job instance at 0x7f799ba48e10>,7,18,[5 8],8,18,36,10,18
1,<environment.Job instance at 0x7f799ba4a190>,12,1,[5 9],13,36,37,23,21
1,<environment.Job instance at 0x7f799ba4a8c0>,19,14,[ 3 10],20,37,51,17,23
1,<environment.Job instance at 0x7f799ba5f370>,28,16,[ 5 10],29,51,67,22,38
1,<environment.Job instance at 0x7f799ba5f820>,33,26,[6 1],34,67,93,33,64
1,<environment.Job instance at 0x7f799ba420a0>,43,26,[1 9],44,76,102,32,76
1,<environment.Job instance at 0x7f799ba5fe60>,40,12,[8 4],41,102,114,61,91
1,<environment.Job instance at 0x7f799ba427d0>,50,12,[2 5],51,102,114,51,102
1,<environment.Job instance at 0x7f799ba42870>,51,2,[4 6],52,114,116,62,103
1,<environment.Job instance at 0x7f799ba42910>,52,2,[10  3],53,116,118,63,103
1,<environment.Job instance at 0x7f799ba42a50>,54,14,[8 3],55,118,132,63,111
1,<environment.Job instance at 0x7f799ba42af0>,55,24,[2 7],56,118,142,62,117
1,<environment.Job instance at 0x7f799ba360a0>,62,17,[3 5],63,142,159,79,130
1,<environment.Job instance at 0x7f79e3dece10>,5,18,[9 4],6,15,33,9,15
1,<environment.Job instance at 0x7f79e14b43c0>,19,13,[5 5],20,33,46,13,24
1,<environment.Job instance at 0x7f79e3e29190>,29,24,[5 8],30,49,73,19,49
1,<environment.Job instance at 0x7f799b9d9f50>,39,28,[6 1],40,73,101,33,72
1,<environment.Job instance at 0x7f799b9d9d70>,45,16,[8 4],46,101,117,55,88
1,<environment.Job instance at 0x7f79e3c41d70>,56,13,[3 5],57,118,131,61,118
1,<environment.Job instance at 0x7f79e3c41780>,58,17,[5 8],59,131,148,72,127
1,<environment.Job instance at 0x7f79e3e29370>,6,1,[3 9],7,9,10,2,9
1,<environment.Job instance at 0x7f799bbbee10>,9,15,[7 1],10,10,25,0,10
1,<environment.Job instance at 0x7f799bbbe3c0>,13,15,[8 3],14,25,40,11,17
1,<environment.Job instance at 0x7f799bca6960>,18,1,[7 5],19,40,41,21,19
1,<environment.Job instance at 0x7f799b7f8aa0>,21,3,[2 9],22,22,25,0,22
1,<environment.Job instance at 0x7f79e1531a00>,28,15,[8 5],29,56,71,27,56
1,<environment.Job instance at 0x7f799b9eaeb0>,34,18,[5 1],35,71,89,36,60
1,<environment.Job instance at 0x7f79e3da4c80>,38,26,[ 1 10],39,109,135,70,109
1,<environment.Job instance at 0x7f799b8d2460>,51,1,[ 3 10],52,135,136,83,117
1,<environment.Job instance at 0x7f799b8d2e60>,52,3,[ 2 10],53,136,139,83,117
1,<environment.Job instance at 0x7f799b8d2b40>,50,17,[ 5 10],51,139,156,88,127
1,<environment.Job instance at 0x7f79e4092050>,57,2,[5 1],58,156,158,98,134
1,<environment.Job instance at 0x7f799bb76140>,2,17,[9 5],3,4,21,1,4
1,<environment.Job instance at 0x7f79e3ce0b90>,14,2,[ 4 10],15,21,23,6,17
1,<environment.Job instance at 0x7f79e16125f0>,8,16,[10  1],9,23,39,14,18
1,<environment.Job instance at 0x7f79e3cdd050>,22,19,[5 6],23,39,58,16,37
1,<environment.Job instance at 0x7f79e3cdd7d0>,26,16,[1 7],27,58,74,31,48
1,<environment.Job instance at 0x7f79e3cddaf0>,31,15,[ 5 10],32,74,89,42,66
1,<environment.Job instance at 0x7f79e3cd3230>,41,14,[8 3],42,89,103,47,80
1,<environment.Job instance at 0x7f79e3cd3be0>,49,15,[5 4],50,113,128,63,113
1,<environment.Job instance at 0x7f79e3cd3b90>,50,17,[5 2],51,117,134,66,117
1,<environment.Job instance at 0x7f79e3cd3f00>,54,18,[2 8],55,129,147,74,129
1,<environment.Job instance at 0x7f79e3cd3a00>,1,17,[9 1],2,2,19,0,2
1,<environment.Job instance at 0x7f79e3cba1e0>,5,13,[ 2 10],6,19,32,13,7
1,<environment.Job instance at 0x7f79e1531e10>,18,12,[ 4 10],19,32,44,13,23
1,<environment.Job instance at 0x7f79e3ef2280>,22,18,[5 5],23,44,62,21,34
1,<environment.Job instance at 0x7f79e3c52e10>,29,28,[ 4 10],30,62,90,32,62
1,<environment.Job instance at 0x7f799b6d05f0>,37,2,[8 3],38,90,92,52,72
1,<environment.Job instance at 0x7f79e3c52460>,30,13,[9 4],31,92,105,61,81
1,<environment.Job instance at 0x7f79e14afc80>,44,3,[5 8],45,105,108,60,92
1,<environment.Job instance at 0x7f79e14af050>,45,16,[5 1],46,105,121,59,95
1,<environment.Job instance at 0x7f79e14af550>,46,17,[1 5],47,108,125,61,98
1,<environment.Job instance at 0x7f79e165f280>,53,1,[9 1],54,121,122,67,107
1,<environment.Job instance at 0x7f79e165f3c0>,54,2,[3 7],55,125,127,70,107
1,<environment.Job instance at 0x7f79e165f410>,56,15,[1 8],57,127,142,70,118
1,<environment.Job instance at 0x7f79e67940f0>,58,1,[5 5],59,122,123,63,118
1,<environment.Job instance at 0x7f79e12e7e10>,63,3,[5 9],64,142,145,78,130
1,<environment.Job instance at 0x7f79e12e7960>,64,14,[ 1 10],65,145,159,80,131
1,<environment.Job instance at 0x7f799b80c230>,1,17,[5 6],2,2,19,0,2
1,<environment.Job instance at 0x7f799b6f8640>,6,17,[2 9],7,19,36,12,7
1,<environment.Job instance at 0x7f799b8caaa0>,31,13,[2 5],32,69,82,37,69
1,<environment.Job instance at 0x7f79e180b050>,32,18,[1 7],33,82,100,49,71
1,<environment.Job instance at 0x7f79e180b3c0>,43,14,[8 4],44,100,114,56,92
1,<environment.Job instance at 0x7f79e3a4bcd0>,52,12,[1 8],53,114,126,61,112
1,<environment.Job instance at 0x7f79e3a4b230>,54,17,[8 5],55,126,143,71,120
1,<environment.Job instance at 0x7f79e150e4b0>,63,16,[6 5],64,143,159,79,131
1,<environment.Job instance at 0x7f79e16c1a00>,6,1,[5 8],7,7,8,0,7
1,<environment.Job instance at 0x7f79e150e870>,1,24,[1 9],2,8,32,6,8
1,<environment.Job instance at 0x7f79e16b2280>,15,1,[5 2],16,32,33,16,16
1,<environment.Job instance at 0x7f799b627eb0>,16,1,[7 2],17,33,34,16,17
1,<environment.Job instance at 0x7f79e3a8f320>,3,2,[4 9],4,34,36,30,20
1,<environment.Job instance at 0x7f79e16975f0>,10,25,[ 2 10],11,36,61,25,32
1,<environment.Job instance at 0x7f79e16ac190>,29,16,[2 8],30,61,77,31,48
1,<environment.Job instance at 0x7f79e3f5b730>,36,13,[5 1],37,61,74,24,61
1,<environment.Job instance at 0x7f79e397b730>,39,14,[ 5 10],40,77,91,37,63
1,<environment.Job instance at 0x7f799bbb4d70>,44,13,[2 7],45,91,104,46,82
1,<environment.Job instance at 0x7f79e167bb40>,47,13,[7 5],48,104,117,56,88
1,<environment.Job instance at 0x7f79e149a050>,54,12,[ 3 10],55,117,129,62,112
1,<environment.Job instance at 0x7f79e149ac30>,53,12,[8 1],54,129,141,75,112
1,<environment.Job instance at 0x7f799b7af6e0>,1,15,[3 6],2,2,17,0,2
1,<environment.Job instance at 0x7f79e12e7140>,2,15,[3 5],3,17,32,14,3
1,<environment.Job instance at 0x7f799bb8bc30>,10,24,[5 2],11,13,37,2,13
1,<environment.Job instance at 0x7f799b80c2d0>,18,1,[4 9],19,37,38,18,19
1,<environment.Job instance at 0x7f79e130b730>,19,2,[3 5],20,32,34,12,21
1,<environment.Job instance at 0x7f799bc81fa0>,21,2,[10  2],22,38,40,16,24
1,<environment.Job instance at 0x7f79e3a25230>,27,17,[1 5],28,40,57,12,36
1,<environment.Job instance at 0x7f799b7e0280>,33,16,[8 2],34,47,63,13,47
1,<environment.Job instance at 0x7f799b7e0690>,35,19,[4 7],36,63,82,27,54
1,<environment.Job instance at 0x7f79e3b55500>,41,16,[1 7],42,82,98,40,78
1,<environment.Job instance at 0x7f79e3c392d0>,42,15,[6 3],43,79,94,36,79
1,<environment.Job instance at 0x7f79e3c39410>,45,20,[10  5],46,98,118,52,89
1,<environment.Job instance at 0x7f799b44c410>,55,15,[5 1],56,118,133,62,109
1,<environment.Job instance at 0x7f79e3a40410>,64,24,[2 5],65,132,156,67,132
1,<environment.Job instance at 0x7f799bb34730>,0,17,[ 5 10],1,1,18,0,1
1,<environment.Job instance at 0x7f799b3d70a0>,3,17,[5 6],4,18,35,14,6
1,<environment.Job instance at 0x7f79e3a6fc80>,11,1,[9 2],12,35,36,23,12
1,<environment.Job instance at 0x7f79e3a6f8c0>,10,1,[3 8],11,36,37,25,12
1,<environment.Job instance at 0x7f799b3d7c30>,6,13,[8 5],7,37,50,30,21
1,<environment.Job instance at 0x7f79e3a6f2d0>,18,2,[5 6],19,50,52,31,31
1,<environment.Job instance at 0x7f799b3e2cd0>,28,17,[6 5],29,52,69,23,41
1,<environment.Job instance at 0x7f79e3f304b0>,39,12,[4 8],40,87,99,47,87
1,<environment.Job instance at 0x7f79e11e6be0>,43,2,[7 3],44,99,101,55,91
1,<environment.Job instance at 0x7f79e11e6c30>,44,15,[6 3],45,101,116,56,92
1,<environment.Job instance at 0x7f79e11e64b0>,50,14,[6 3],51,116,130,65,107
1,<environment.Job instance at 0x7f799bb97f00>,58,12,[5 8],59,133,145,74,133
1,<environment.Job instance at 0x7f799bb971e0>,62,14,[ 4 10],63,145,159,82,136
1,<environment.Job instance at 0x7f799bbeb4b0>,0,17,[5 1],1,1,18,0,1
1,<environment.Job instance at 0x7f79e16ce8c0>,1,14,[5 1],2,2,16,0,2
1,<environment.Job instance at 0x7f79e13620f0>,3,16,[1 9],4,16,32,12,4
1,<environment.Job instance at 0x7f79e134cb40>,16,17,[10  1],17,32,49,15,20
1,<environment.Job instance at 0x7f79e11d95a0>,26,16,[2 9],27,49,65,22,41
1,<environment.Job instance at 0x7f79e11dfa50>,31,1,[6 1],32,49,50,17,49
1,<environment.Job instance at 0x7f799b8bb140>,32,13,[6 1],33,50,63,17,49
1,<environment.Job instance at 0x7f799b8bd3c0>,40,17,[8 5],41,77,94,36,77
1,<environment.Job instance at 0x7f799b630be0>,43,25,[1 6],44,99,124,55,99
1,<environment.Job instance at 0x7f799b65a5a0>,58,12,[4 7],59,134,146,75,134
1,<environment.Job instance at 0x7f79e1633410>,2,15,[5 2],3,8,23,5,8
1,<environment.Job instance at 0x7f799b4eff50>,9,18,[9 2],10,23,41,13,19
1,<environment.Job instance at 0x7f79e3dc9780>,20,17,[2 9],21,48,65,27,48
1,<environment.Job instance at 0x7f799bd367d0>,25,3,[3 9],26,65,68,39,50
1,<environment.Job instance at 0x7f799bc35e10>,35,16,[6 2],36,81,97,45,81
1,<environment.Job instance at 0x7f799bc35aa0>,37,14,[10  5],38,97,111,59,83
1,<environment.Job instance at 0x7f799bc35cd0>,46,16,[5 2],47,115,131,68,115
1,<environment.Job instance at 0x7f79e136a730>,50,17,[9 1],51,131,148,80,121
1,<environment.Job instance at 0x7f799b9f0fa0>,9,15,[9 4],10,11,26,1,11
1,<environment.Job instance at 0x7f799b9f0550>,13,12,[6 2],14,26,38,12,15
1,<environment.Job instance at 0x7f799b9f0a50>,18,1,[10  3],19,38,39,19,20
1,<environment.Job instance at 0x7f799b9f0dc0>,16,17,[7 4],17,39,56,22,29
1,<environment.Job instance at 0x7f799b972910>,23,15,[5 9],24,56,71,32,48
1,<environment.Job instance at 0x7f799b3a2fa0>,37,1,[5 9],38,71,72,33,58
1,<environment.Job instance at 0x7f799b3a2870>,40,1,[1 5],41,72,73,31,59
1,<environment.Job instance at 0x7f799b3a2aa0>,41,2,[7 1],42,72,74,30,59
1,<environment.Job instance at 0x7f799b3a2910>,42,2,[5 6],43,74,76,31,59
1,<environment.Job instance at 0x7f799b946a00>,43,15,[7 3],44,76,91,32,64
1,<environment.Job instance at 0x7f799b4eeaf0>,31,17,[3 9],32,91,108,59,79
1,<environment.Job instance at 0x7f79e3a3ba50>,63,12,[4 6],64,108,120,44,99
1,<environment.Job instance at 0x7f79e3a3bb90>,66,3,[2 5],67,120,123,53,104
1,<environment.Job instance at 0x7f79e3a3be60>,70,3,[5 2],71,115,118,44,115
1,<environment.Job instance at 0x7f79e3a3bf50>,71,3,[8 5],72,120,123,48,115
1,<environment.Job instance at 0x7f79e3a3ba00>,72,12,[ 5 10],73,123,135,50,118
1,<environment.Job instance at 0x7f79e3a3b6e0>,73,2,[5 9],74,135,137,61,119
1,<environment.Job instance at 0x7f799b59faa0>,59,16,[2 8],60,137,153,77,124
1,<environment.Job instance at 0x7f79e3dcda50>,0,17,[1 6],1,1,18,0,1
1,<environment.Job instance at 0x7f799bc8ecd0>,8,12,[8 1],9,11,23,2,11
1,<environment.Job instance at 0x7f799b977820>,12,17,[ 5 10],13,23,40,10,13
1,<environment.Job instance at 0x7f799b45ceb0>,16,23,[5 5],17,40,63,23,35
1,<environment.Job instance at 0x7f799b8a70a0>,29,15,[9 4],30,63,78,33,57
1,<environment.Job instance at 0x7f799ba63460>,34,12,[8 1],35,78,90,43,72
1,<environment.Job instance at 0x7f79e3d9e140>,41,16,[ 3 10],42,90,106,48,83
1,<environment.Job instance at 0x7f79e14a1730>,45,17,[8 4],46,106,123,60,95
1,<environment.Job instance at 0x7f79e14a14b0>,49,20,[3 5],50,123,143,73,114
1,<environment.Job instance at 0x7f79e14a1fa0>,52,16,[1 9],53,143,159,90,130
1,<environment.Job instance at 0x7f6c48e0d0f0>,0,18,[9 3],1,2,20,1,2
1,<environment.Job instance at 0x7f6c47cae730>,8,16,[1 8],9,20,36,11,13
1,<environment.Job instance at 0x7f6c47caeaa0>,13,15,[7 4],14,36,51,22,24
1,<environment.Job instance at 0x7f6c47caec80>,20,14,[4 8],21,51,65,30,36
1,<environment.Job instance at 0x7f6c47cb3050>,38,12,[5 4],39,67,79,28,67
1,<environment.Job instance at 0x7f6c47cb3140>,40,12,[10  2],41,79,91,38,68
1,<environment.Job instance at 0x7f6c47cb3280>,42,15,[7 4],43,91,106,48,78
1,<environment.Job instance at 0x7f6c47cb3960>,49,15,[3 9],50,106,121,56,95
1,<environment.Job instance at 0x7f6c47cb73c0>,56,1,[ 4 10],57,121,122,64,104
1,<environment.Job instance at 0x7f6c47cb7320>,55,18,[8 4],56,122,140,66,116
1,<environment.Job instance at 0x7f6c47cb7640>,60,16,[3 7],61,140,156,79,131
1,<environment.Job instance at 0x7f6c48f74f50>,2,18,[9 2],3,4,22,1,4
1,<environment.Job instance at 0x7f6c48f885f0>,8,12,[5 5],9,22,34,13,9
1,<environment.Job instance at 0x7f6c48f831e0>,17,12,[4 8],18,34,46,16,18
1,<environment.Job instance at 0x7f6c48f7e6e0>,25,3,[3 9],26,46,49,20,42
1,<environment.Job instance at 0x7f6c48f7afa0>,27,17,[2 8],28,49,66,21,43
1,<environment.Job instance at 0x7f6c48e34be0>,31,17,[7 5],32,66,83,34,56
1,<environment.Job instance at 0x7f6c48e34e10>,41,17,[7 2],42,83,100,41,71
1,<environment.Job instance at 0x7f6c48f81280>,45,13,[1 7],46,87,100,41,87
1,<environment.Job instance at 0x7f6c48f81190>,48,2,[4 8],49,100,102,51,88
1,<environment.Job instance at 0x7f6c47bd5f50>,50,22,[5 5],51,102,124,51,97
1,<environment.Job instance at 0x7f6c48f879b0>,60,23,[ 3 10],61,131,154,70,131
1,<environment.Job instance at 0x7f6bfdcb0be0>,6,2,[7 1],7,8,10,1,8
1,<environment.Job instance at 0x7f6bfdca1b90>,3,27,[9 5],4,13,40,9,13
1,<environment.Job instance at 0x7f6bfdca6d20>,20,13,[4 8],21,40,53,19,24
1,<environment.Job instance at 0x7f6c47a1fb90>,23,17,[5 5],24,53,70,29,43
1,<environment.Job instance at 0x7f6c47a197d0>,25,15,[2 7],26,70,85,44,59
1,<environment.Job instance at 0x7f6bfddaf870>,32,14,[8 2],33,75,89,42,75
1,<environment.Job instance at 0x7f6bfdc97af0>,36,18,[8 4],37,89,107,52,78
1,<environment.Job instance at 0x7f6bfdc97690>,45,17,[2 5],46,93,110,47,93
1,<environment.Job instance at 0x7f6bfdc97820>,46,17,[4 8],47,110,127,63,99
1,<environment.Job instance at 0x7f6bfdd2b780>,56,17,[8 2],57,127,144,70,116
1,<environment.Job instance at 0x7f6c47a7e640>,63,3,[8 2],64,144,147,80,137
1,<environment.Job instance at 0x7f6c47b416e0>,64,12,[ 5 10],65,147,159,82,139
1,<environment.Job instance at 0x7f6bfdfd8370>,2,26,[5 5],3,3,29,0,3
1,<environment.Job instance at 0x7f6c481c81e0>,9,18,[1 8],10,29,47,19,18
1,<environment.Job instance at 0x7f6c48078050>,20,1,[5 8],21,47,48,26,36
1,<environment.Job instance at 0x7f6c47de05a0>,19,13,[9 2],20,48,61,28,36
1,<environment.Job instance at 0x7f6c47b03190>,23,25,[7 3],24,61,86,37,57
1,<environment.Job instance at 0x7f6bfde3eaf0>,42,12,[10  2],43,86,98,43,85
1,<environment.Job instance at 0x7f6bfde3edc0>,46,27,[1 8],47,98,125,51,96
1,<environment.Job instance at 0x7f6bfdd3de60>,54,22,[6 5],55,125,147,70,123
1,<environment.Job instance at 0x7f6bfdcc13c0>,61,16,[7 2],62,147,163,85,135
1,<environment.Job instance at 0x7f6bfdd3daa0>,3,17,[8 4],4,4,21,0,4
1,<environment.Job instance at 0x7f6bfdd98a00>,5,16,[9 3],6,21,37,15,8
1,<environment.Job instance at 0x7f6c47a9d1e0>,25,17,[3 7],26,37,54,11,27
1,<environment.Job instance at 0x7f6bfe3b7e60>,29,16,[3 5],30,54,70,24,47
1,<environment.Job instance at 0x7f6c48773870>,33,1,[6 4],34,54,55,20,54
1,<environment.Job instance at 0x7f6c4878c050>,36,13,[7 3],37,70,83,33,70
1,<environment.Job instance at 0x7f6c487850a0>,40,13,[9 4],41,83,96,42,70
1,<environment.Job instance at 0x7f6c487a5960>,46,16,[ 2 10],47,96,112,49,88
1,<environment.Job instance at 0x7f6c487a58c0>,48,13,[5 5],49,112,125,63,102
1,<environment.Job instance at 0x7f6c487a55a0>,52,2,[8 5],53,125,127,72,102
1,<environment.Job instance at 0x7f6c487a96e0>,55,13,[9 2],56,127,140,71,111
1,<environment.Job instance at 0x7f6c487a92d0>,60,3,[5 3],61,140,143,79,123
1,<environment.Job instance at 0x7f6c487a9820>,63,3,[2 6],64,140,143,76,129
1,<environment.Job instance at 0x7f6c485ad0f0>,2,17,[7 2],3,3,20,0,3
1,<environment.Job instance at 0x7f6c485ad230>,5,26,[2 8],6,7,33,1,7
1,<environment.Job instance at 0x7f6c487de960>,15,18,[2 5],16,33,51,17,28
1,<environment.Job instance at 0x7f6c487de820>,20,23,[5 9],21,51,74,30,45
1,<environment.Job instance at 0x7f6c487de640>,25,12,[10  5],26,82,94,56,82
1,<environment.Job instance at 0x7f6c489725f0>,32,12,[1 7],33,94,106,61,82
1,<environment.Job instance at 0x7f6c489723c0>,39,17,[ 2 10],40,117,134,77,117
1,<environment.Job instance at 0x7f6c48972af0>,42,15,[6 3],43,134,149,91,120
1,<environment.Job instance at 0x7f6c48975a00>,46,15,[3 7],47,134,149,87,125
1,<environment.Job instance at 0x7f6c48014820>,2,18,[5 1],3,4,22,1,4
1,<environment.Job instance at 0x7f6bfdce5e60>,9,22,[9 3],10,22,44,12,15
1,<environment.Job instance at 0x7f6bfe2dc4b0>,19,20,[2 8],20,44,64,24,36
1,<environment.Job instance at 0x7f6c47e42370>,25,14,[6 2],26,51,65,25,51
1,<environment.Job instance at 0x7f6c48e30a50>,26,16,[9 2],27,65,81,38,53
1,<environment.Job instance at 0x7f6c481761e0>,37,18,[4 9],38,81,99,43,79
1,<environment.Job instance at 0x7f6c47c18a00>,44,12,[9 4],45,99,111,54,89
1,<environment.Job instance at 0x7f6bfdff96e0>,46,17,[1 7],47,111,128,64,99
1,<environment.Job instance at 0x7f6c47fa5640>,50,13,[5 8],51,128,141,77,113
1,<environment.Job instance at 0x7f6c47fa5e60>,60,22,[7 3],61,141,163,80,137
1,<environment.Job instance at 0x7f6bfe132a50>,7,28,[7 4],8,10,38,2,10
1,<environment.Job instance at 0x7f6bfe132dc0>,10,25,[10  4],11,39,64,28,39
1,<environment.Job instance at 0x7f6bfe1408c0>,23,3,[5 6],24,64,67,40,39
1,<environment.Job instance at 0x7f6bfddee370>,35,15,[6 4],36,73,88,37,73
1,<environment.Job instance at 0x7f6bfdde00f0>,47,17,[1 9],48,115,132,67,115
1,<environment.Job instance at 0x7f6bfdde0050>,48,16,[10  5],49,132,148,83,119
1,<environment.Job instance at 0x7f6bfdde0820>,55,15,[ 2 10],56,148,163,92,142
1,<environment.Job instance at 0x7f6bfdde0cd0>,1,16,[9 3],2,3,19,1,3
1,<environment.Job instance at 0x7f6c47bedc30>,8,18,[ 1 10],9,19,37,10,9
1,<environment.Job instance at 0x7f6c47d66e60>,20,12,[2 5],21,37,49,16,28
1,<environment.Job instance at 0x7f6c47b988c0>,24,12,[8 2],25,40,52,15,40
1,<environment.Job instance at 0x7f6c47d993c0>,30,2,[5 8],31,52,54,21,43
1,<environment.Job instance at 0x7f6c4833f6e0>,27,12,[5 3],28,54,66,26,46
1,<environment.Job instance at 0x7f6c47a7ba50>,38,13,[9 5],39,66,79,27,56
1,<environment.Job instance at 0x7f6c485a96e0>,42,14,[10  4],43,79,93,36,66
1,<environment.Job instance at 0x7f6bfe25b050>,46,16,[4 5],47,93,109,46,81
1,<environment.Job instance at 0x7f6c47cffc80>,51,18,[10  5],52,109,127,57,99
1,<environment.Job instance at 0x7f6bfdc97410>,62,16,[3 5],63,127,143,64,115
1,<environment.Job instance at 0x7f6c487df5a0>,0,18,[10  1],1,1,19,0,1
1,<environment.Job instance at 0x7f6bfdee73c0>,6,15,[2 6],7,19,34,12,8
1,<environment.Job instance at 0x7f6c481f8410>,15,12,[3 9],16,34,46,18,24
1,<environment.Job instance at 0x7f6bfe3bd690>,20,1,[7 3],21,24,25,3,24
1,<environment.Job instance at 0x7f6c480b7640>,21,2,[3 8],22,46,48,24,24
1,<environment.Job instance at 0x7f6c4840c1e0>,22,28,[7 1],23,25,53,2,24
1,<environment.Job instance at 0x7f6c481ae910>,31,13,[5 7],32,56,69,24,56
1,<environment.Job instance at 0x7f6bfdd98460>,35,14,[5 9],36,69,83,33,61
1,<environment.Job instance at 0x7f6bfdd983c0>,40,12,[5 5],41,83,95,42,69
1,<environment.Job instance at 0x7f6bfe0a27d0>,45,13,[1 9],46,95,108,49,79
1,<environment.Job instance at 0x7f6bfe0a2370>,51,3,[3 8],52,108,111,56,95
1,<environment.Job instance at 0x7f6bfe0a26e0>,49,18,[8 4],50,111,129,61,103
1,<environment.Job instance at 0x7f6c4835d640>,61,13,[5 9],62,129,142,67,113
1,<environment.Job instance at 0x7f6c47c4c5a0>,67,14,[8 5],68,142,156,74,127
1,<environment.Job instance at 0x7f6c48267730>,0,12,[9 4],1,1,13,0,1
1,<environment.Job instance at 0x7f6c4800d8c0>,2,18,[2 9],3,13,31,10,5
1,<environment.Job instance at 0x7f6c47b83a50>,16,14,[9 3],17,31,45,14,22
1,<environment.Job instance at 0x7f6c47b745a0>,29,13,[5 7],30,45,58,15,38
1,<environment.Job instance at 0x7f6c47b74c30>,35,17,[9 2],36,76,93,40,76
1,<environment.Job instance at 0x7f6c47b74f00>,37,14,[5 7],38,93,107,55,78
1,<environment.Job instance at 0x7f6bfdfd1aa0>,49,14,[6 4],50,110,124,60,110
1,<environment.Job instance at 0x7f6bfdfd1d70>,54,13,[5 2],55,124,137,69,110
1,<environment.Job instance at 0x7f6bfdffe370>,62,14,[7 2],63,137,151,74,129
1,<environment.Job instance at 0x7f6bfdffe690>,67,1,[9 4],68,151,152,83,133
1,<environment.Job instance at 0x7f6bfe083e60>,0,21,[4 6],1,1,22,0,1
1,<environment.Job instance at 0x7f6bfe083190>,11,15,[5 2],12,13,28,1,13
1,<environment.Job instance at 0x7f6bfe083af0>,12,2,[ 4 10],13,28,30,15,14
1,<environment.Job instance at 0x7f6c47d05f00>,17,13,[2 6],18,30,43,12,25
1,<environment.Job instance at 0x7f6c47d05a00>,19,23,[ 5 10],20,43,66,23,37
1,<environment.Job instance at 0x7f6bfe083eb0>,9,16,[1 8],10,66,82,56,53
1,<environment.Job instance at 0x7f6c48d07d20>,28,16,[8 2],29,66,82,37,53
1,<environment.Job instance at 0x7f6c48d07aa0>,32,12,[5 4],33,82,94,49,75
1,<environment.Job instance at 0x7f6bfdf02f50>,40,13,[10  4],41,94,107,53,80
1,<environment.Job instance at 0x7f6bfdf02230>,39,1,[ 4 10],40,107,108,67,80
1,<environment.Job instance at 0x7f6bfdf02f00>,36,19,[2 7],37,108,127,71,100
1,<environment.Job instance at 0x7f6bfdeef910>,50,13,[5 9],51,127,140,76,120
1,<environment.Job instance at 0x7f6bfdeefe60>,48,17,[6 5],49,140,157,91,128
1,<environment.Job instance at 0x7f6bfdbd0280>,6,15,[3 5],7,8,23,1,8
1,<environment.Job instance at 0x7f6c480cee60>,10,1,[8 2],11,23,24,12,13
1,<environment.Job instance at 0x7f6bfdfda1e0>,16,13,[7 3],17,24,37,7,22
1,<environment.Job instance at 0x7f6bfdfdac30>,20,25,[ 5 10],21,50,75,29,50
1,<environment.Job instance at 0x7f6c48ae21e0>,33,14,[2 9],34,89,103,55,89
1,<environment.Job instance at 0x7f6c48ae2410>,34,1,[9 3],35,103,104,68,89
1,<environment.Job instance at 0x7f6c47c37f50>,37,13,[9 5],38,104,117,66,98
1,<environment.Job instance at 0x7f6c47d61dc0>,41,24,[1 9],42,117,141,75,113
1,<environment.Job instance at 0x7f6c47bd65a0>,50,25,[ 2 10],51,141,166,90,140
1,<environment.Job instance at 0x7f6c47d055f0>,0,13,[10  2],1,1,14,0,1
1,<environment.Job instance at 0x7f6c47b83690>,7,16,[4 9],8,14,30,6,9
1,<environment.Job instance at 0x7f6c47b74b40>,16,3,[10  4],17,30,33,13,17
1,<environment.Job instance at 0x7f6bfe190410>,18,3,[8 2],19,33,36,14,20
1,<environment.Job instance at 0x7f6c48898870>,9,18,[7 2],10,36,54,26,25
1,<environment.Job instance at 0x7f6bfe19a3c0>,27,15,[2 5],28,33,48,5,31
1,<environment.Job instance at 0x7f6bfe195190>,33,13,[9 1],34,54,67,20,40
1,<environment.Job instance at 0x7f6bfe1b6780>,35,1,[5 3],36,67,68,31,40
1,<environment.Job instance at 0x7f6c481b4f50>,37,1,[3 7],38,48,49,10,40
1,<environment.Job instance at 0x7f6bfdf998c0>,41,15,[1 9],42,68,83,26,54
1,<environment.Job instance at 0x7f6bfdf9a370>,45,12,[1 8],46,55,67,9,55
1,<environment.Job instance at 0x7f6bfe393320>,42,15,[9 3],43,83,98,40,69
1,<environment.Job instance at 0x7f6bfe2242d0>,55,3,[6 4],56,98,101,42,78
1,<environment.Job instance at 0x7f6c481d91e0>,50,18,[8 5],51,101,119,50,91
1,<environment.Job instance at 0x7f6bfe170960>,2,13,[9 1],3,5,18,2,5
1,<environment.Job instance at 0x7f6c48076cd0>,13,1,[5 3],14,18,19,4,15
1,<environment.Job instance at 0x7f6c483163c0>,15,3,[5 9],16,19,22,3,16
1,<environment.Job instance at 0x7f6bfe2f7be0>,16,14,[3 7],17,22,36,5,18
1,<environment.Job instance at 0x7f6c48076a50>,12,18,[7 3],13,25,43,12,25
1,<environment.Job instance at 0x7f6c47a69050>,25,16,[2 7],26,36,52,10,30
1,<environment.Job instance at 0x7f6c482ba640>,23,17,[5 6],24,52,69,28,41
1,<environment.Job instance at 0x7f6c481ec9b0>,30,1,[3 8],31,69,70,38,52
1,<environment.Job instance at 0x7f6c47dc0820>,33,12,[8 3],34,70,82,36,59
1,<environment.Job instance at 0x7f6c47dc0320>,35,22,[1 8],36,82,104,46,75
1,<environment.Job instance at 0x7f6bfdbf5050>,43,2,[7 5],44,104,106,60,78
1,<environment.Job instance at 0x7f6bfdbf51e0>,46,2,[2 9],47,106,108,59,90
1,<environment.Job instance at 0x7f6bfe0c4730>,50,21,[2 6],51,108,129,57,101
1,<environment.Job instance at 0x7f6bfe0c4f50>,51,2,[10  5],52,129,131,77,102
1,<environment.Job instance at 0x7f6c47c6d460>,56,2,[7 4],57,109,111,52,109
1,<environment.Job instance at 0x7f6c4893ddc0>,62,14,[10  2],63,131,145,68,125
1,<environment.Job instance at 0x7f6c48153f00>,63,2,[7 3],64,126,128,62,126
1,<environment.Job instance at 0x7f6c48153550>,66,3,[ 2 10],67,145,148,78,136
1,<environment.Job instance at 0x7f6bfe0ee550>,0,15,[ 5 10],1,1,16,0,1
1,<environment.Job instance at 0x7f6bfe0d0820>,9,13,[8 2],10,16,29,6,10
1,<environment.Job instance at 0x7f6bfe0d0cd0>,19,15,[3 6],20,29,44,9,22
1,<environment.Job instance at 0x7f6bfe0e15a0>,24,12,[5 8],25,44,56,19,32
1,<environment.Job instance at 0x7f6bfe0d0230>,14,17,[ 3 10],15,56,73,41,55
1,<environment.Job instance at 0x7f6bfe0e1550>,28,15,[2 7],29,73,88,44,59
1,<environment.Job instance at 0x7f6bfd9888c0>,39,16,[3 9],40,88,104,48,77
1,<environment.Job instance at 0x7f6bfd9887d0>,45,1,[7 1],46,90,91,44,90
1,<environment.Job instance at 0x7f6bfd988050>,48,18,[10  5],49,104,122,55,95
1,<environment.Job instance at 0x7f6bfe0d0d20>,21,17,[ 2 10],22,122,139,100,121
1,<environment.Job instance at 0x7f6bfd988f00>,53,25,[1 6],54,139,164,85,136
1,<environment.Job instance at 0x7f6bfde9ed70>,2,15,[5 2],3,3,18,0,3
1,<environment.Job instance at 0x7f6c47f8ca00>,6,16,[7 5],7,18,34,11,7
1,<environment.Job instance at 0x7f6bfe320370>,9,18,[9 2],10,34,52,24,23
1,<environment.Job instance at 0x7f6c47f74960>,19,28,[9 5],20,66,94,46,66
1,<environment.Job instance at 0x7f6bfde805f0>,30,12,[6 1],31,94,106,63,77
1,<environment.Job instance at 0x7f6c482f0af0>,35,16,[6 2],36,106,122,70,96
1,<environment.Job instance at 0x7f6bfde4fe10>,21,1,[6 2],22,122,123,100,96
1,<environment.Job instance at 0x7f6c48703640>,33,16,[1 8],34,106,122,72,106
1,<environment.Job instance at 0x7f6c48709e60>,37,14,[10  5],38,123,137,85,112
1,<environment.Job instance at 0x7f6c47d3eaf0>,47,12,[9 4],48,137,149,89,120
1,<environment.Job instance at 0x7f6c47d4ba50>,52,3,[3 8],53,149,152,96,132
1,<environment.Job instance at 0x7f6c47d4bf50>,53,3,[5 5],54,152,155,98,132
1,<environment.Job instance at 0x7f6c47d4b1e0>,54,2,[5 1],55,149,151,94,139
1,<environment.Job instance at 0x7f6c47d5bf50>,57,15,[7 1],58,155,170,97,144
1,<environment.Job instance at 0x7f6bfde9e410>,6,17,[7 4],7,8,25,1,8
1,<environment.Job instance at 0x7f6bfe1906e0>,12,14,[2 5],13,13,27,0,13
1,<environment.Job instance at 0x7f6bfe1901e0>,13,15,[5 9],14,27,42,13,14
1,<environment.Job instance at 0x7f6c48776be0>,18,2,[1 9],19,42,44,23,19
1,<environment.Job instance at 0x7f6bfe2b70f0>,21,17,[3 9],22,44,61,22,33
1,<environment.Job instance at 0x7f6c47dbf7d0>,25,15,[8 4],26,61,76,35,47
1,<environment.Job instance at 0x7f6bfe2fb5a0>,36,15,[1 6],37,61,76,24,49
1,<environment.Job instance at 0x7f6bfe2fb050>,45,2,[9 2],46,76,78,30,65
1,<environment.Job instance at 0x7f6bfe2fb230>,46,1,[2 7],47,78,79,31,65
1,<environment.Job instance at 0x7f6bfe2fb7d0>,48,1,[1 6],49,76,77,27,66
1,<environment.Job instance at 0x7f6bfe2fbaf0>,42,17,[7 2],43,78,95,35,66
1,<environment.Job instance at 0x7f6bfe2fbe60>,40,12,[2 6],41,79,91,38,67
1,<environment.Job instance at 0x7f6bfda37190>,54,2,[7 5],55,95,97,40,72
1,<environment.Job instance at 0x7f6bfda37730>,56,3,[2 5],57,91,94,34,72
1,<environment.Job instance at 0x7f6bfda377d0>,52,12,[5 9],53,97,109,44,82
1,<environment.Job instance at 0x7f6c47a22fa0>,63,2,[5 9],64,109,111,45,94
1,<environment.Job instance at 0x7f6c47a22b90>,66,18,[2 6],67,111,129,44,106
1,<environment.Job instance at 0x7f6c47af64b0>,68,1,[1 7],69,129,130,60,106
1,<environment.Job instance at 0x7f6c47ef4410>,69,26,[6 3],70,111,137,41,108
1,<environment.Job instance at 0x7f6c47ef04b0>,76,1,[1 5],77,130,131,53,126
1,<environment.Job instance at 0x7f6c48747c80>,77,3,[10  5],78,137,140,59,126
1,<environment.Job instance at 0x7f6c47b749b0>,11,13,[10  2],12,20,33,8,20
1,<environment.Job instance at 0x7f6bfe0df780>,20,3,[ 5 10],21,33,36,12,26
1,<environment.Job instance at 0x7f6c47b74dc0>,18,14,[6 1],19,36,50,17,33
1,<environment.Job instance at 0x7f6bfe0dff50>,27,14,[3 9],28,43,57,15,43
1,<environment.Job instance at 0x7f6bfe0dfaa0>,29,20,[3 5],30,57,77,27,49
1,<environment.Job instance at 0x7f6bfdd21230>,36,15,[2 8],37,95,110,58,95
1,<environment.Job instance at 0x7f6bfdae72d0>,38,15,[7 2],39,95,110,56,95
1,<environment.Job instance at 0x7f6bfdae7190>,39,13,[10  3],40,110,123,70,97
1,<environment.Job instance at 0x7f6bfe2faaf0>,50,2,[3 5],51,123,125,72,118
1,<environment.Job instance at 0x7f6bfe2fa190>,51,2,[9 4],52,125,127,73,118
1,<environment.Job instance at 0x7f6bfe2fac30>,52,17,[4 8],53,127,144,74,120
1,<environment.Job instance at 0x7f6bfdf41d70>,0,16,[6 3],1,1,17,0,1
1,<environment.Job instance at 0x7f6c488dca00>,2,14,[5 9],3,17,31,14,3
1,<environment.Job instance at 0x7f6bfdf10f50>,6,12,[ 5 10],7,31,43,24,14
1,<environment.Job instance at 0x7f6c48339b40>,19,1,[4 9],20,43,44,23,39
1,<environment.Job instance at 0x7f6bfdafbfa0>,23,2,[10  4],24,44,46,20,41
1,<environment.Job instance at 0x7f6c47f1bf50>,22,13,[5 7],23,48,61,25,48
1,<environment.Job instance at 0x7f6bfdafb3c0>,27,15,[8 1],28,61,76,33,51
1,<environment.Job instance at 0x7f6bfdae66e0>,31,18,[ 1 10],32,76,94,44,66
1,<environment.Job instance at 0x7f6bfdaea190>,36,2,[7 1],37,94,96,57,73
1,<environment.Job instance at 0x7f6bfdaea9b0>,37,14,[2 8],38,94,108,56,83
1,<environment.Job instance at 0x7f6bfdaea960>,38,14,[6 3],39,108,122,69,93
1,<environment.Job instance at 0x7f6bfda22b90>,49,18,[6 4],50,122,140,72,112
1,<environment.Job instance at 0x7f6bfdaf2230>,60,18,[1 9],61,140,158,79,136
1,<environment.Job instance at 0x7fdee212d050>,3,17,[ 5 10],4,6,23,2,6
1,<environment.Job instance at 0x7fded8d1e730>,9,16,[4 5],10,23,39,13,11
1,<environment.Job instance at 0x7fded8d1ebe0>,15,16,[5 5],16,25,41,9,25
1,<environment.Job instance at 0x7fded8d1efa0>,20,14,[4 8],21,41,55,20,26
1,<environment.Job instance at 0x7fded8d229b0>,29,18,[5 1],30,40,58,10,40
1,<environment.Job instance at 0x7fded8d22b40>,31,15,[5 5],32,55,70,23,42
1,<environment.Job instance at 0x7fded8d22f00>,36,13,[7 1],37,70,83,33,60
1,<environment.Job instance at 0x7fded8d24aa0>,42,15,[7 4],43,83,98,40,77
1,<environment.Job instance at 0x7fded8d24af0>,46,18,[2 7],47,98,116,51,87
1,<environment.Job instance at 0x7fded8d255a0>,58,17,[5 4],59,116,133,57,112
1,<environment.Job instance at 0x7fded8d25d20>,64,12,[6 1],65,133,145,68,120
1,<environment.Job instance at 0x7fded8d2be60>,1,16,[6 4],2,2,18,0,2
1,<environment.Job instance at 0x7fdee22a8690>,6,14,[6 1],7,18,32,11,7
1,<environment.Job instance at 0x7fdee22a86e0>,13,1,[9 3],14,32,33,18,17
1,<environment.Job instance at 0x7fdee2299fa0>,18,1,[6 5],19,33,34,14,19
1,<environment.Job instance at 0x7fdee22a82d0>,10,2,[6 1],11,34,36,23,20
1,<environment.Job instance at 0x7fdee2299f00>,19,2,[5 4],20,36,38,16,20
1,<environment.Job instance at 0x7fdee229ee60>,25,15,[5 6],26,36,51,10,27
1,<environment.Job instance at 0x7fdee229ee10>,27,2,[10  1],28,51,53,23,30
1,<environment.Job instance at 0x7fdee229eb40>,26,2,[4 9],27,34,36,7,32
1,<environment.Job instance at 0x7fdee229ce60>,32,20,[1 8],33,53,73,20,48
1,<environment.Job instance at 0x7fdee229c410>,38,2,[4 8],39,73,75,34,56
1,<environment.Job instance at 0x7fdee22a34b0>,42,16,[3 7],43,75,91,32,72
1,<environment.Job instance at 0x7fdee22a3c30>,44,1,[10  1],45,91,92,46,73
1,<environment.Job instance at 0x7fdee22a89b0>,16,28,[5 7],17,92,120,75,91
1,<environment.Job instance at 0x7fdee2299c30>,22,13,[9 4],23,120,133,97,114
1,<environment.Job instance at 0x7fdee2154230>,62,2,[9 4],63,134,136,71,134
1,<environment.Job instance at 0x7fde96fd5cd0>,10,3,[6 2],11,12,15,1,12
1,<environment.Job instance at 0x7fde96fd5d20>,7,12,[5 7],8,15,27,7,12
1,<environment.Job instance at 0x7fde972bb550>,11,1,[6 4],12,27,28,15,13
1,<environment.Job instance at 0x7fde972bb460>,12,14,[8 2],13,28,42,15,14
1,<environment.Job instance at 0x7fde9725b370>,4,2,[ 4 10],5,42,44,37,15
1,<environment.Job instance at 0x7fde972bb6e0>,16,18,[8 4],17,44,62,27,35
1,<environment.Job instance at 0x7fde97035e60>,38,18,[10  4],39,63,81,24,63
1,<environment.Job instance at 0x7fde97035e10>,42,27,[1 9],43,81,108,38,79
1,<environment.Job instance at 0x7fde96fb0d70>,48,26,[3 8],49,108,134,59,107
1,<environment.Job instance at 0x7fde96faac30>,60,17,[8 3],61,134,151,73,126
1,<environment.Job instance at 0x7fde96faadc0>,67,1,[3 7],68,151,152,83,134
1,<environment.Job instance at 0x7fde97103af0>,9,24,[10  4],10,10,34,0,10
1,<environment.Job instance at 0x7fde97105af0>,24,22,[6 5],25,40,62,15,40
1,<environment.Job instance at 0x7fde97365640>,31,16,[7 2],32,75,91,43,75
1,<environment.Job instance at 0x7fde97365190>,40,22,[4 7],41,114,136,73,114
1,<environment.Job instance at 0x7fde973de910>,48,13,[8 3],49,136,149,87,134
1,<environment.Job instance at 0x7fde974dd140>,52,14,[5 8],53,149,163,96,136
1,<environment.Job instance at 0x7fde97103640>,1,14,[ 1 10],2,2,16,0,2
1,<environment.Job instance at 0x7fded8d2baf0>,5,18,[10  2],6,16,34,10,6
1,<environment.Job instance at 0x7fde97410d70>,22,18,[8 5],23,34,52,11,25
1,<environment.Job instance at 0x7fde96f266e0>,30,13,[3 6],31,65,78,34,65
1,<environment.Job instance at 0x7fde96f26d20>,39,3,[7 5],40,81,84,41,81
1,<environment.Job instance at 0x7fde96f287d0>,1,15,[7 5],2,2,17,0,2
1,<environment.Job instance at 0x7fde9760ec80>,4,13,[ 2 10],5,17,30,12,5
1,<environment.Job instance at 0x7fde97386820>,19,16,[3 5],20,30,46,10,20
1,<environment.Job instance at 0x7fde97386140>,22,2,[ 2 10],23,46,48,23,28
1,<environment.Job instance at 0x7fde97386320>,25,2,[7 1],26,31,33,5,31
1,<environment.Job instance at 0x7fde973868c0>,26,1,[5 8],27,48,49,21,36
1,<environment.Job instance at 0x7fde97378910>,10,13,[4 7],11,49,62,38,36
1,<environment.Job instance at 0x7fde97386d20>,30,18,[6 1],31,49,67,18,42
1,<environment.Job instance at 0x7fde97386f00>,32,13,[2 7],33,62,75,29,46
1,<environment.Job instance at 0x7fde97399320>,39,1,[4 8],40,75,76,35,63
1,<environment.Job instance at 0x7fde97399550>,40,1,[9 4],41,76,77,35,63
1,<environment.Job instance at 0x7fde97399e60>,42,3,[ 3 10],43,77,80,34,66
1,<environment.Job instance at 0x7fde97399460>,35,22,[4 5],36,80,102,44,73
1,<environment.Job instance at 0x7fde973990a0>,48,24,[9 2],49,102,126,53,97
1,<environment.Job instance at 0x7fde9739f410>,54,14,[4 9],55,126,140,71,111
1,<environment.Job instance at 0x7fde96f31d70>,0,22,[7 3],1,1,23,0,1
1,<environment.Job instance at 0x7fde973d4280>,8,13,[6 3],9,23,36,14,11
1,<environment.Job instance at 0x7fded8b8c230>,4,14,[10  1],5,36,50,31,28
1,<environment.Job instance at 0x7fde971f95a0>,18,1,[ 2 10],19,50,51,31,28
1,<environment.Job instance at 0x7fdee1d24c80>,3,2,[ 4 10],4,51,53,47,28
1,<environment.Job instance at 0x7fded8de7c80>,16,17,[5 2],17,53,70,36,41
1,<environment.Job instance at 0x7fde9745a050>,32,12,[3 6],33,55,67,22,55
1,<environment.Job instance at 0x7fdee1aca050>,35,1,[7 5],36,70,71,34,55
1,<environment.Job instance at 0x7fded8ae35f0>,31,17,[1 9],32,71,88,39,63
1,<environment.Job instance at 0x7fded91cdbe0>,41,1,[4 5],42,67,68,25,65
1,<environment.Job instance at 0x7fded8fe6460>,29,16,[10  4],30,88,104,58,75
1,<environment.Job instance at 0x7fded90441e0>,54,3,[ 4 10],55,104,107,49,92
1,<environment.Job instance at 0x7fde970174b0>,56,13,[2 9],57,107,120,50,94
1,<environment.Job instance at 0x7fdee1b225f0>,59,14,[ 3 10],60,120,134,60,106
1,<environment.Job instance at 0x7fdee1b22820>,61,18,[2 6],62,134,152,72,123
1,<environment.Job instance at 0x7fded8d09550>,67,3,[1 9],68,152,155,84,128
1,<environment.Job instance at 0x7fde971a5960>,2,26,[10  2],3,5,31,2,5
1,<environment.Job instance at 0x7fde976586e0>,13,3,[4 7],14,31,34,17,16
1,<environment.Job instance at 0x7fdee1a0b140>,12,14,[6 3],13,31,45,18,20
1,<environment.Job instance at 0x7fde96fff3c0>,19,1,[2 6],20,34,35,14,21
1,<environment.Job instance at 0x7fde96fffdc0>,23,1,[ 1 10],24,45,46,21,24
1,<environment.Job instance at 0x7fde96ffffa0>,26,23,[8 1],27,46,69,19,40
1,<environment.Job instance at 0x7fde96fea780>,35,18,[1 7],36,57,75,21,57
1,<environment.Job instance at 0x7fde96fea8c0>,37,21,[5 6],38,75,96,37,69
1,<environment.Job instance at 0x7fde96feac30>,42,22,[7 2],43,96,118,53,90
1,<environment.Job instance at 0x7fde97019320>,52,16,[1 6],53,98,114,45,98
1,<environment.Job instance at 0x7fde97019820>,57,13,[8 3],58,118,131,60,103
1,<environment.Job instance at 0x7fde970240f0>,69,13,[8 5],70,131,144,61,123
1,<environment.Job instance at 0x7fded8cce910>,7,24,[4 8],8,11,35,3,11
1,<environment.Job instance at 0x7fde97159a00>,12,3,[6 3],13,35,38,22,14
1,<environment.Job instance at 0x7fded8be2050>,18,1,[7 5],19,38,39,19,21
1,<environment.Job instance at 0x7fded8be23c0>,20,3,[4 8],21,39,42,18,30
1,<environment.Job instance at 0x7fded90b9870>,27,18,[10  1],28,55,73,27,55
1,<environment.Job instance at 0x7fded8cf8280>,30,13,[3 5],31,73,86,42,57
1,<environment.Job instance at 0x7fde96f313c0>,31,3,[3 8],32,86,89,54,60
1,<environment.Job instance at 0x7fde97309c80>,33,3,[5 7],34,89,92,55,63
1,<environment.Job instance at 0x7fdee2296c80>,34,18,[5 1],35,73,91,38,68
1,<environment.Job instance at 0x7fde97309b90>,35,2,[6 1],36,92,94,56,69
1,<environment.Job instance at 0x7fdee15d45f0>,40,13,[1 9],41,92,105,51,82
1,<environment.Job instance at 0x7fdee15b1a50>,45,13,[9 1],46,96,109,50,96
1,<environment.Job instance at 0x7fdee15b1370>,46,18,[8 1],47,109,127,62,100
1,<environment.Job instance at 0x7fde972e7c30>,52,3,[ 2 10],53,127,130,74,116
1,<environment.Job instance at 0x7fdee1ae8c80>,50,17,[ 5 10],51,130,147,79,119
1,<environment.Job instance at 0x7fdee173bc30>,4,16,[5 5],5,5,21,0,5
1,<environment.Job instance at 0x7fdee1a8b320>,5,15,[3 5],6,8,23,2,8
1,<environment.Job instance at 0x7fdee1a6d550>,8,17,[4 9],9,23,40,14,11
1,<environment.Job instance at 0x7fde9753b780>,21,14,[8 3],22,40,54,18,27
1,<environment.Job instance at 0x7fdee1ac34b0>,27,17,[10  2],28,54,71,26,48
1,<environment.Job instance at 0x7fded90497d0>,38,3,[4 6],39,71,74,32,68
1,<environment.Job instance at 0x7fded9049dc0>,40,3,[7 2],41,74,77,33,71
1,<environment.Job instance at 0x7fdee198a370>,24,18,[ 2 10],25,77,95,52,71
1,<environment.Job instance at 0x7fded9049c80>,41,1,[8 4],42,95,96,53,73
1,<environment.Job instance at 0x7fded8b380a0>,45,2,[10  1],46,96,98,50,87
1,<environment.Job instance at 0x7fded8b38fa0>,47,17,[5 2],48,98,115,50,93
1,<environment.Job instance at 0x7fded8b38370>,49,3,[9 2],50,115,118,65,93
1,<environment.Job instance at 0x7fded8b38be0>,50,3,[5 7],51,98,101,47,93
1,<environment.Job instance at 0x7fded8b382d0>,51,2,[2 5],52,101,103,49,99
1,<environment.Job instance at 0x7fded8b384b0>,52,2,[6 2],53,118,120,65,100
1,<environment.Job instance at 0x7fded9049780>,37,28,[4 9],38,128,156,90,128
1,<environment.Job instance at 0x7fde97360e10>,3,20,[8 5],4,4,24,0,4
1,<environment.Job instance at 0x7fdee1959c80>,16,15,[1 8],17,24,39,7,17
1,<environment.Job instance at 0x7fded917e6e0>,21,18,[7 2],22,66,84,44,66
1,<environment.Job instance at 0x7fded9185500>,34,15,[10  3],35,86,101,51,86
1,<environment.Job instance at 0x7fded9185460>,37,15,[4 8],38,101,116,63,87
1,<environment.Job instance at 0x7fdee1cad730>,31,18,[3 9],32,116,134,84,106
1,<environment.Job instance at 0x7fded9160320>,51,14,[3 7],52,134,148,82,125
1,<environment.Job instance at 0x7fded9160d70>,56,17,[5 4],57,148,165,91,137
1,<environment.Job instance at 0x7fdee1731af0>,4,14,[10  4],5,8,22,3,8
1,<environment.Job instance at 0x7fdee17312d0>,12,3,[4 6],13,22,25,9,13
1,<environment.Job instance at 0x7fdee1731820>,8,13,[5 4],9,23,36,14,23
1,<environment.Job instance at 0x7fdee15dc230>,19,14,[4 8],20,36,50,16,23
1,<environment.Job instance at 0x7fdee15dce10>,22,14,[8 4],23,50,64,27,35
1,<environment.Job instance at 0x7fdee164ea00>,30,18,[9 5],31,64,82,33,54
1,<environment.Job instance at 0x7fdee18dee10>,3,16,[6 5],4,82,98,78,76
1,<environment.Job instance at 0x7fdee164e050>,40,1,[5 6],41,98,99,57,81
1,<environment.Job instance at 0x7fdee164e320>,42,18,[9 2],43,99,117,56,97
1,<environment.Job instance at 0x7fdee15d2f00>,47,2,[3 5],48,117,119,69,108
1,<environment.Job instance at 0x7fdee15d2e10>,49,17,[2 9],50,122,139,72,122
1,<environment.Job instance at 0x7fdee15d2820>,55,2,[1 6],56,139,141,83,125
1,<environment.Job instance at 0x7fdee15d2370>,56,1,[3 9],57,141,142,84,128
1,<environment.Job instance at 0x7fdee15d26e0>,54,18,[7 3],55,142,160,87,135
1,<environment.Job instance at 0x7fde972e8550>,14,1,[7 4],15,21,22,6,21
1,<environment.Job instance at 0x7fde974c6820>,19,15,[3 8],20,35,50,15,35
1,<environment.Job instance at 0x7fde97106c30>,21,15,[8 5],22,50,65,28,37
1,<environment.Job instance at 0x7fde96d68410>,28,15,[5 8],29,65,80,36,63
1,<environment.Job instance at 0x7fded8fcc910>,35,13,[ 5 10],36,80,93,44,73
1,<environment.Job instance at 0x7fde97390960>,39,3,[2 6],40,93,96,53,75
1,<environment.Job instance at 0x7fde973905f0>,40,18,[7 4],41,93,111,52,82
1,<environment.Job instance at 0x7fded8b1fe60>,45,15,[2 6],46,96,111,50,86
1,<environment.Job instance at 0x7fde973daf50>,57,16,[4 9],58,141,157,83,141
1,<environment.Job instance at 0x7fded8d0c280>,8,2,[5 4],9,10,12,1,10
1,<environment.Job instance at 0x7fded8a91050>,3,17,[5 9],4,15,32,11,15
1,<environment.Job instance at 0x7fde96e66230>,14,12,[1 8],15,32,44,17,15
1,<environment.Job instance at 0x7fde972e5dc0>,23,18,[5 2],24,34,52,10,34
1,<environment.Job instance at 0x7fded8e82eb0>,20,13,[1 8],21,44,57,23,35
1,<environment.Job instance at 0x7fded91ab640>,12,21,[5 2],13,52,73,39,45
1,<environment.Job instance at 0x7fdee1c09dc0>,28,17,[5 4],29,57,74,28,45
1,<environment.Job instance at 0x7fde970acbe0>,36,15,[2 7],37,74,89,37,61
1,<environment.Job instance at 0x7fde975cf280>,43,15,[5 2],44,85,100,41,85
1,<environment.Job instance at 0x7fde97601230>,39,24,[2 6],40,96,120,56,96
1,<environment.Job instance at 0x7fde96eaaeb0>,58,12,[6 5],59,120,132,61,117
1,<environment.Job instance at 0x7fded90e2780>,62,16,[4 7],63,139,155,76,139
1,<environment.Job instance at 0x7fdee166ea00>,2,14,[ 1 10],3,3,17,0,3
1,<environment.Job instance at 0x7fde96e17730>,9,2,[10  4],10,17,19,7,11
1,<environment.Job instance at 0x7fded8f25190>,11,3,[7 3],12,19,22,7,12
1,<environment.Job instance at 0x7fde96e4e190>,5,14,[4 8],6,22,36,16,12
1,<environment.Job instance at 0x7fded9231370>,17,13,[8 2],18,36,49,18,20
1,<environment.Job instance at 0x7fded92495f0>,24,18,[5 5],25,52,70,27,52
1,<environment.Job instance at 0x7fded9249a00>,28,13,[5 4],29,52,65,23,52
1,<environment.Job instance at 0x7fde9739db40>,30,15,[ 5 10],31,70,85,39,60
1,<environment.Job instance at 0x7fde9739d5f0>,32,3,[3 6],33,85,88,52,60
1,<environment.Job instance at 0x7fde9739d3c0>,36,2,[7 1],37,85,87,48,72
1,<environment.Job instance at 0x7fde9739d820>,37,3,[3 5],38,88,91,50,73
1,<environment.Job instance at 0x7fde973675a0>,40,17,[5 1],41,87,104,46,76
1,<environment.Job instance at 0x7fde97367be0>,41,14,[5 1],42,91,105,49,78
1,<environment.Job instance at 0x7fde973a0230>,49,15,[3 6],50,104,119,54,91
1,<environment.Job instance at 0x7fde973a0c80>,52,14,[5 9],53,119,133,66,104
1,<environment.Job instance at 0x7fde973a0460>,58,15,[2 7],59,133,148,74,127
1,<environment.Job instance at 0x7fde971a5050>,2,1,[3 5],3,4,5,1,4
1,<environment.Job instance at 0x7fde971a5230>,4,15,[5 8],5,5,20,0,5
1,<environment.Job instance at 0x7fde971a5c30>,5,18,[ 1 10],6,20,38,14,9
1,<environment.Job instance at 0x7fdee1617820>,16,14,[6 5],17,38,52,21,26
1,<environment.Job instance at 0x7fdee1617370>,26,16,[7 5],27,52,68,25,43
1,<environment.Job instance at 0x7fdee1cbed20>,34,20,[5 1],35,86,106,51,86
1,<environment.Job instance at 0x7fded8a8eb40>,39,28,[9 5],40,121,149,81,121
1,<environment.Job instance at 0x7fde973558c0>,9,15,[9 4],10,10,25,0,10
1,<environment.Job instance at 0x7fde973550f0>,10,16,[1 8],11,25,41,14,12
1,<environment.Job instance at 0x7fded90ffc30>,15,18,[6 1],16,25,43,9,20
1,<environment.Job instance at 0x7fde972a5780>,28,2,[1 9],29,41,43,12,32
1,<environment.Job instance at 0x7fde97368960>,26,16,[1 8],27,43,59,16,35
1,<environment.Job instance at 0x7fdee178e3c0>,34,17,[9 4],35,59,76,24,50
1,<environment.Job instance at 0x7fde96f4f3c0>,48,18,[3 7],49,85,103,36,85
1,<environment.Job instance at 0x7fde970ea4b0>,52,17,[7 2],53,85,102,32,85
1,<environment.Job instance at 0x7fde970eac80>,55,2,[9 2],56,103,105,47,90
1,<environment.Job instance at 0x7fded9199a50>,57,3,[6 2],58,105,108,47,90
1,<environment.Job instance at 0x7fded8b8a1e0>,58,1,[1 6],59,103,104,44,90
1,<environment.Job instance at 0x7fded91be8c0>,62,12,[5 9],63,108,120,45,97
1,<environment.Job instance at 0x7fded9199370>,59,16,[2 8],60,120,136,60,107
1,<environment.Job instance at 0x7fdee1709dc0>,72,12,[ 5 10],73,136,148,63,125
1,<environment.Job instance at 0x7fde970dde10>,15,18,[6 3],16,35,53,19,35
1,<environment.Job instance at 0x7fded90473c0>,23,12,[1 8],24,53,65,29,49
1,<environment.Job instance at 0x7fded9047500>,25,17,[8 4],26,65,82,39,53
1,<environment.Job instance at 0x7fded9047780>,29,20,[3 5],30,82,102,52,77
1,<environment.Job instance at 0x7fded9047f50>,35,27,[4 5],36,93,120,57,93
1,<environment.Job instance at 0x7fded903a280>,40,3,[9 2],41,120,123,79,105
1,<environment.Job instance at 0x7fded903a320>,41,2,[6 2],42,105,107,63,105
1,<environment.Job instance at 0x7fded903a460>,43,16,[10  3],44,123,139,79,112
1,<environment.Job instance at 0x7fded903a500>,44,3,[5 2],45,112,115,67,112
1,<environment.Job instance at 0x7fded903a5f0>,45,3,[2 9],46,139,142,93,113
1,<environment.Job instance at 0x7fded903a550>,46,1,[6 3],47,115,116,68,114
1,<environment.Job instance at 0x7fded903aa00>,50,2,[3 5],51,142,144,91,123
1,<environment.Job instance at 0x7fded903aaf0>,51,2,[9 4],52,144,146,92,123
1,<environment.Job instance at 0x7fded903a3c0>,42,14,[4 7],43,146,160,103,134
1,<environment.Job instance at 0x7fde96f10af0>,3,16,[6 4],4,4,20,0,4
1,<environment.Job instance at 0x7fde973dcb90>,5,17,[4 9],6,20,37,14,8
1,<environment.Job instance at 0x7fded8d5d730>,11,12,[10  4],12,37,49,25,21
1,<environment.Job instance at 0x7fdee1acadc0>,24,2,[6 2],25,49,51,24,36
1,<environment.Job instance at 0x7fde970eaf50>,23,15,[10  4],24,51,66,27,40
1,<environment.Job instance at 0x7fded8d91280>,39,18,[6 4],40,70,88,30,70
1,<environment.Job instance at 0x7fdee1c842d0>,46,14,[ 5 10],47,88,102,41,84
1,<environment.Job instance at 0x7fde96f34dc0>,49,18,[2 8],50,104,122,54,104
1,<environment.Job instance at 0x7fde96f34550>,51,15,[4 9],52,122,137,70,113
1,<environment.Job instance at 0x7fde96f5dd20>,56,15,[7 4],57,137,152,80,125
1,<environment.Job instance at 0x7fdee1a79550>,62,14,[ 5 10],63,152,166,89,138
1,<environment.Job instance at 0x7fde96f109b0>,1,24,[10  5],2,2,26,0,2
1,<environment.Job instance at 0x7fdee17e2cd0>,10,1,[5 4],11,26,27,15,13
1,<environment.Job instance at 0x7fdee165c690>,14,16,[6 4],15,27,43,12,16
1,<environment.Job instance at 0x7fde96e0daf0>,19,12,[5 5],20,43,55,23,31
1,<environment.Job instance at 0x7fde96f15370>,28,12,[5 3],29,43,55,14,41
1,<environment.Job instance at 0x7fdee1b14780>,38,16,[9 5],39,60,76,21,60
1,<environment.Job instance at 0x7fdee1b146e0>,40,14,[3 9],41,76,90,35,61
1,<environment.Job instance at 0x7fde96ea9c30>,46,14,[ 2 10],47,90,104,43,75
1,<environment.Job instance at 0x7fde96ea9190>,50,26,[3 6],51,104,130,53,102
1,<environment.Job instance at 0x7f5b1a3290f0>,0,18,[9 3],1,8,26,7,8
1,<environment.Job instance at 0x7f5b12f197d0>,9,16,[4 5],10,26,42,16,14
1,<environment.Job instance at 0x7f5b12f19f50>,17,2,[3 5],18,41,43,23,41
1,<environment.Job instance at 0x7f5b12f19f00>,18,12,[1 8],19,52,64,33,52
1,<environment.Job instance at 0x7f5b12f1d320>,26,16,[9 1],27,55,71,28,55
1,<environment.Job instance at 0x7f5b12f1df00>,41,23,[10  4],42,71,94,29,70
1,<environment.Job instance at 0x7f5b12f1e190>,42,15,[7 4],43,94,109,51,80
1,<environment.Job instance at 0x7f5b12f1e690>,49,15,[3 9],50,109,124,59,100
1,<environment.Job instance at 0x7f5b12f1ebe0>,54,17,[10  3],55,124,141,69,112
1,<environment.Job instance at 0x7f5b12f22320>,60,16,[3 7],61,141,157,80,139
1,<environment.Job instance at 0x7f5b12f22550>,1,14,[9 5],2,2,16,0,2
1,<environment.Job instance at 0x7f5b12f32870>,6,28,[5 7],7,18,46,11,18
1,<environment.Job instance at 0x7f5b1a496e60>,25,13,[1 7],26,46,59,20,37
1,<environment.Job instance at 0x7f5b1a49deb0>,31,16,[9 3],32,61,77,29,61
1,<environment.Job instance at 0x7f5b1a49de60>,35,18,[5 8],36,77,95,41,72
1,<environment.Job instance at 0x7f5b1a4989b0>,8,1,[6 5],9,95,96,86,84
1,<environment.Job instance at 0x7f5b1a49ab40>,42,17,[7 4],43,96,113,53,84
1,<environment.Job instance at 0x7f5b1a351370>,51,15,[6 4],52,113,128,61,107
1,<environment.Job instance at 0x7f5b1a350e60>,58,15,[9 1],59,128,143,69,120
1,<environment.Job instance at 0x7f5b12f27d70>,3,18,[9 3],4,10,28,6,10
1,<environment.Job instance at 0x7f5acf216730>,22,27,[1 9],23,28,55,5,27
1,<environment.Job instance at 0x7f5acf2c30a0>,30,12,[6 2],31,55,67,24,45
1,<environment.Job instance at 0x7f5acf2c3c80>,35,23,[5 5],36,69,92,33,69
1,<environment.Job instance at 0x7f5acf2c3640>,39,16,[1 7],40,92,108,52,84
1,<environment.Job instance at 0x7f5acf1a1b90>,45,15,[ 1 10],46,108,123,62,100
1,<environment.Job instance at 0x7f5acf1a1690>,53,15,[ 1 10],54,124,139,70,124
1,<environment.Job instance at 0x7f5acf1a1730>,57,14,[7 4],58,139,153,81,131
1,<environment.Job instance at 0x7f5acf2e0b90>,0,19,[10  4],1,1,20,0,1
1,<environment.Job instance at 0x7f5acf58b410>,2,15,[5 9],3,20,35,17,6
1,<environment.Job instance at 0x7f5acf667c30>,11,13,[5 7],12,35,48,23,19
1,<environment.Job instance at 0x7f5acf2d6960>,3,15,[5 2],4,35,50,31,22
1,<environment.Job instance at 0x7f5acf6673c0>,22,14,[5 8],23,48,62,25,35
1,<environment.Job instance at 0x7f5acf667410>,29,16,[10  2],30,62,78,32,52
1,<environment.Job instance at 0x7f5acf6672d0>,31,3,[ 4 10],32,78,81,46,58
1,<environment.Job instance at 0x7f5acf6bf5f0>,34,14,[3 6],35,81,95,46,74
1,<environment.Job instance at 0x7f5acf6bf2d0>,36,13,[3 7],37,95,108,58,79
1,<environment.Job instance at 0x7f5acf327fa0>,44,15,[9 5],45,108,123,63,94
1,<environment.Job instance at 0x7f5acf631320>,50,14,[9 5],51,123,137,72,113
1,<environment.Job instance at 0x7f5acf3e0910>,52,18,[9 4],53,137,155,84,127
1,<environment.Job instance at 0x7f5acf1ab780>,5,18,[9 1],6,6,24,0,6
1,<environment.Job instance at 0x7f5b13076190>,10,13,[9 3],11,24,37,13,16
1,<environment.Job instance at 0x7f5acf221320>,14,14,[4 8],15,37,51,22,22
1,<environment.Job instance at 0x7f5acf1238c0>,22,1,[8 2],23,51,52,28,35
1,<environment.Job instance at 0x7f5acf123960>,20,17,[ 4 10],21,52,69,31,42
1,<environment.Job instance at 0x7f5acf123af0>,24,12,[3 8],25,69,81,44,53
1,<environment.Job instance at 0x7f5acf123d70>,31,18,[4 6],32,81,99,49,71
1,<environment.Job instance at 0x7f5acf126550>,37,27,[1 7],38,99,126,61,97
1,<environment.Job instance at 0x7f5acf126910>,43,13,[3 8],44,126,139,82,110
1,<environment.Job instance at 0x7f5acf126f50>,49,13,[1 8],50,139,152,89,126
1,<environment.Job instance at 0x7f5acf567190>,2,18,[5 5],3,8,26,5,8
1,<environment.Job instance at 0x7f5acf5678c0>,9,12,[6 2],10,26,38,16,10
1,<environment.Job instance at 0x7f5b12eb9050>,14,18,[3 8],15,26,44,11,23
1,<environment.Job instance at 0x7f5acf2e0b90>,20,13,[6 1],21,38,51,17,32
1,<environment.Job instance at 0x7f5b12eb9aa0>,17,27,[7 1],18,51,78,33,49
1,<environment.Job instance at 0x7f5b1a255370>,31,16,[5 8],32,78,94,46,72
1,<environment.Job instance at 0x7f5b12dae870>,36,2,[ 2 10],37,94,96,57,83
1,<environment.Job instance at 0x7f5b12dae820>,39,3,[3 5],40,96,99,56,93
1,<environment.Job instance at 0x7f5b15ab0870>,41,24,[5 4],42,96,120,54,93
1,<environment.Job instance at 0x7f5b15c46cd0>,50,2,[8 2],51,128,130,77,128
1,<environment.Job instance at 0x7f5b15c46e10>,55,14,[4 9],56,132,146,76,132
1,<environment.Job instance at 0x7f5b15c46a00>,56,26,[3 5],57,146,172,89,145
1,<environment.Job instance at 0x7f5b12ca8820>,1,18,[2 6],2,2,20,0,2
1,<environment.Job instance at 0x7f5acf4f99b0>,2,18,[6 5],3,20,38,17,9
1,<environment.Job instance at 0x7f5acf383a50>,8,16,[ 5 10],9,38,54,29,29
1,<environment.Job instance at 0x7f5acf66d960>,24,3,[9 2],25,54,57,29,32
1,<environment.Job instance at 0x7f5acf4a1b90>,26,24,[7 5],27,57,81,30,54
1,<environment.Job instance at 0x7f5b1336a3c0>,36,17,[5 6],37,81,98,44,71
1,<environment.Job instance at 0x7f5b159e3690>,51,2,[3 6],52,98,100,46,93
1,<environment.Job instance at 0x7f5b154a8b90>,23,26,[1 9],24,139,165,115,139
1,<environment.Job instance at 0x7f5b12d1ae10>,1,13,[8 5],2,3,16,1,3
1,<environment.Job instance at 0x7f5b1317bd20>,3,18,[9 5],4,16,34,12,5
1,<environment.Job instance at 0x7f5b15a6d7d0>,8,17,[5 8],9,34,51,25,22
1,<environment.Job instance at 0x7f5acf64d8c0>,18,1,[5 2],19,34,35,15,22
1,<environment.Job instance at 0x7f5acf64d870>,20,1,[6 1],21,51,52,30,23
1,<environment.Job instance at 0x7f5acf64daa0>,19,16,[5 8],20,52,68,32,40
1,<environment.Job instance at 0x7f5acf6570f0>,30,14,[10  5],31,68,82,37,58
1,<environment.Job instance at 0x7f5acf657190>,27,26,[8 5],28,82,108,54,81
1,<environment.Job instance at 0x7f5acf657c30>,43,15,[6 5],44,108,123,64,95
1,<environment.Job instance at 0x7f5acf6320f0>,47,21,[1 9],48,123,144,75,115
1,<environment.Job instance at 0x7f5acf6329b0>,57,12,[5 3],58,144,156,86,130
1,<environment.Job instance at 0x7f5b15aa7050>,4,26,[8 4],5,6,32,1,6
1,<environment.Job instance at 0x7f5b15717960>,17,18,[ 4 10],18,32,50,14,21
1,<environment.Job instance at 0x7f5acf734320>,32,28,[7 1],33,54,82,21,54
1,<environment.Job instance at 0x7f5b1551fe10>,38,18,[6 3],39,83,101,44,83
1,<environment.Job instance at 0x7f5b1a220460>,41,13,[5 7],42,101,114,59,85
1,<environment.Job instance at 0x7f5acf4f40a0>,50,12,[5 5],51,114,126,63,99
1,<environment.Job instance at 0x7f5acf2a8b40>,55,13,[1 9],56,126,139,70,112
1,<environment.Job instance at 0x7f5b15681910>,59,18,[8 4],60,139,157,79,131
1,<environment.Job instance at 0x7f5b15963780>,0,13,[8 5],1,1,14,0,1
1,<environment.Job instance at 0x7f5acf4f9af0>,6,14,[9 3],7,14,28,7,7
1,<environment.Job instance at 0x7f5b12e98af0>,10,17,[2 9],11,28,45,17,17
1,<environment.Job instance at 0x7f5b12fc1910>,19,13,[5 7],20,45,58,25,29
1,<environment.Job instance at 0x7f5acf1d9b90>,34,2,[5 5],35,58,60,23,55
1,<environment.Job instance at 0x7f5acf3efd20>,35,18,[9 3],36,60,78,24,55
1,<environment.Job instance at 0x7f5b1a49ae10>,40,1,[7 2],41,78,79,37,57
1,<environment.Job instance at 0x7f5b12f02780>,23,12,[9 1],24,79,91,55,62
1,<environment.Job instance at 0x7f5b132fe410>,46,14,[5 1],47,91,105,44,76
1,<environment.Job instance at 0x7f5b132fe550>,53,16,[6 4],54,105,121,51,92
1,<environment.Job instance at 0x7f5b132fe3c0>,57,1,[9 4],58,121,122,63,93
1,<environment.Job instance at 0x7f5acf71cb40>,65,13,[8 5],66,122,135,56,116
1,<environment.Job instance at 0x7f5acf71cc30>,63,16,[1 5],64,118,134,54,118
1,<environment.Job instance at 0x7f5b1581c460>,67,2,[9 4],68,135,137,67,119
1,<environment.Job instance at 0x7f5b1581c8c0>,70,1,[6 4],71,137,138,66,127
1,<environment.Job instance at 0x7f5b155d10f0>,62,17,[7 3],63,138,155,75,127
1,<environment.Job instance at 0x7f5b13397cd0>,74,3,[2 6],75,137,140,62,127
1,<environment.Job instance at 0x7f5b13397370>,1,21,[6 1],2,2,23,0,2
1,<environment.Job instance at 0x7f5b132feaf0>,5,16,[9 2],6,23,39,17,13
1,<environment.Job instance at 0x7f5b12facb90>,18,17,[6 5],19,39,56,20,28
1,<environment.Job instance at 0x7f5b12face60>,22,18,[5 3],23,56,74,33,45
1,<environment.Job instance at 0x7f5b12facfa0>,25,14,[4 7],26,56,70,30,48
1,<environment.Job instance at 0x7f5b12fa90f0>,27,26,[1 8],28,74,100,46,71
1,<environment.Job instance at 0x7f5b12fa96e0>,35,16,[6 3],36,100,116,64,88
1,<environment.Job instance at 0x7f5b12fa9960>,43,1,[5 2],44,116,117,72,103
1,<environment.Job instance at 0x7f5b12fa9f50>,48,15,[4 7],49,114,129,65,114
1,<environment.Job instance at 0x7f5b12f990f0>,49,3,[8 4],50,129,132,79,115
1,<environment.Job instance at 0x7f5b12f991e0>,50,2,[10  3],51,132,134,81,115
1,<environment.Job instance at 0x7f5b12fa9f00>,47,13,[2 7],48,134,147,86,121
1,<environment.Job instance at 0x7f5b12f99b90>,62,18,[6 5],63,147,165,84,136
1,<environment.Job instance at 0x7f5b15c48230>,2,2,[4 6],3,4,6,1,4
1,<environment.Job instance at 0x7f5b12f99c80>,6,1,[7 2],7,7,8,0,7
1,<environment.Job instance at 0x7f5b15c48aa0>,3,2,[5 2],4,9,11,5,9
1,<environment.Job instance at 0x7f5acf6111e0>,10,1,[7 3],11,11,12,0,11
1,<environment.Job instance at 0x7f5b131a3320>,0,25,[ 2 10],1,13,38,12,13
1,<environment.Job instance at 0x7f5acf1710f0>,19,16,[2 8],20,38,54,18,27
1,<environment.Job instance at 0x7f5acf562050>,29,14,[ 5 10],30,54,68,24,44
1,<environment.Job instance at 0x7f5acf5629b0>,38,21,[5 7],39,69,90,30,69
1,<environment.Job instance at 0x7f5b13189dc0>,45,13,[3 9],46,94,107,48,94
1,<environment.Job instance at 0x7f5b13189e10>,48,13,[7 1],49,95,108,46,95
1,<environment.Job instance at 0x7f5b13189aa0>,49,12,[4 7],50,108,120,58,96
1,<environment.Job instance at 0x7f5b1315cf00>,55,18,[4 6],56,120,138,64,120
1,<environment.Job instance at 0x7f5b13098910>,62,13,[10  4],63,138,151,75,128
1,<environment.Job instance at 0x7f5b13098b40>,2,15,[6 3],3,3,18,0,3
1,<environment.Job instance at 0x7f5acf1f9af0>,5,20,[10  5],6,18,38,12,9
1,<environment.Job instance at 0x7f5acf1f9690>,7,19,[8 5],8,38,57,30,37
1,<environment.Job instance at 0x7f5b155a8d20>,29,13,[4 8],30,58,71,28,58
1,<environment.Job instance at 0x7f5b155a8f00>,30,21,[3 8],31,71,92,40,63
1,<environment.Job instance at 0x7f5b15bb2c80>,38,18,[8 4],39,92,110,53,87
1,<environment.Job instance at 0x7f5b12cdc370>,51,24,[5 9],52,112,136,60,112
1,<environment.Job instance at 0x7f5b12ed9690>,59,22,[10  3],60,136,158,76,129
1,<environment.Job instance at 0x7f5b154dda00>,3,17,[ 5 10],4,5,22,1,5
1,<environment.Job instance at 0x7f5b155a65a0>,8,14,[3 9],9,22,36,13,17
1,<environment.Job instance at 0x7f5b1551c0f0>,19,2,[3 6],20,36,38,16,20
1,<environment.Job instance at 0x7f5acf564370>,9,12,[10  1],10,38,50,28,31
1,<environment.Job instance at 0x7f5b1565ee60>,24,1,[7 1],25,31,32,6,31
1,<environment.Job instance at 0x7f5b1566b3c0>,26,12,[7 3],27,50,62,23,43
1,<environment.Job instance at 0x7f5acf6691e0>,38,16,[5 9],39,109,125,70,109
1,<environment.Job instance at 0x7f5b1558acd0>,48,17,[1 7],49,132,149,83,132
1,<environment.Job instance at 0x7f5b15477f50>,53,15,[2 5],54,149,164,95,148
1,<environment.Job instance at 0x7f5b133b05f0>,18,2,[8 3],19,20,22,1,20
1,<environment.Job instance at 0x7f5b1a3292d0>,9,12,[3 8],10,22,34,12,20
1,<environment.Job instance at 0x7f5b131d4c30>,11,2,[9 5],12,34,36,22,22
1,<environment.Job instance at 0x7f5b159e31e0>,23,14,[1 5],24,34,48,10,24
1,<environment.Job instance at 0x7f5acf126b40>,22,1,[5 5],23,36,37,13,25
1,<environment.Job instance at 0x7f5b12fd8730>,32,13,[3 7],33,48,61,15,39
1,<environment.Job instance at 0x7f5b12fd8820>,37,27,[4 8],38,61,88,23,59
1,<environment.Job instance at 0x7f5acf80bf50>,46,22,[2 9],47,88,110,41,83
1,<environment.Job instance at 0x7f5acf80b780>,50,15,[2 8],51,110,125,59,99
1,<environment.Job instance at 0x7f5b15ba9b90>,56,14,[6 5],57,125,139,68,120
1,<environment.Job instance at 0x7f5b15633730>,61,13,[1 9],62,139,152,77,124
1,<environment.Job instance at 0x7f5b156fd870>,1,15,[1 7],2,2,17,0,2
1,<environment.Job instance at 0x7f5acf734af0>,4,14,[7 4],5,17,31,12,5
1,<environment.Job instance at 0x7f5acef07230>,11,14,[8 5],12,31,45,19,18
1,<environment.Job instance at 0x7f5aceef97d0>,22,22,[1 5],23,32,54,9,32
1,<environment.Job instance at 0x7f5aceef9730>,24,1,[9 1],25,45,46,20,33
1,<environment.Job instance at 0x7f5aceef9410>,25,3,[8 4],26,46,49,20,34
1,<environment.Job instance at 0x7f5aceef9370>,18,17,[5 9],19,54,71,35,46
1,<environment.Job instance at 0x7f5aceef91e0>,21,14,[4 9],22,71,85,49,58
1,<environment.Job instance at 0x7f5b159c5190>,30,20,[4 7],31,85,105,54,76
1,<environment.Job instance at 0x7f5acef0a690>,45,18,[6 1],46,76,94,30,76
1,<environment.Job instance at 0x7f5acef0a0a0>,46,17,[7 4],47,105,122,58,99
1,<environment.Job instance at 0x7f5acef0ad20>,60,13,[ 5 10],61,137,150,76,137
1,<environment.Job instance at 0x7f5aceeabb90>,1,16,[ 2 10],2,2,18,0,2
1,<environment.Job instance at 0x7f5acf3ebb40>,6,2,[6 5],7,18,20,11,9
1,<environment.Job instance at 0x7f5b132c33c0>,15,16,[1 8],16,21,37,5,21
1,<environment.Job instance at 0x7f5b132c3b40>,14,17,[5 5],15,37,54,22,29
1,<environment.Job instance at 0x7f5b132c3d20>,20,1,[ 1 10],21,54,55,33,29
1,<environment.Job instance at 0x7f5b132c3f50>,19,2,[1 5],20,37,39,17,30
1,<environment.Job instance at 0x7f5b132c3870>,16,23,[5 5],17,55,78,38,49
1,<environment.Job instance at 0x7f5b1329d7d0>,31,13,[10  2],32,78,91,46,62
1,<environment.Job instance at 0x7f5b132a1fa0>,38,14,[6 1],39,91,105,52,89
1,<environment.Job instance at 0x7f5acf6516e0>,43,12,[1 8],44,92,104,48,92
1,<environment.Job instance at 0x7f5b132b98c0>,45,17,[8 4],46,105,122,59,93
1,<environment.Job instance at 0x7f5b132c7f00>,25,22,[6 5],26,127,149,101,127
1,<environment.Job instance at 0x7f5b15a5ed20>,51,25,[5 9],52,149,174,97,148
1,<environment.Job instance at 0x7f5b132c3c30>,2,14,[5 9],3,3,17,0,3
1,<environment.Job instance at 0x7f5aceee9e60>,3,12,[6 2],4,17,29,13,4
1,<environment.Job instance at 0x7f5acf676c30>,11,3,[1 6],12,17,20,5,12
1,<environment.Job instance at 0x7f5aceeeb050>,12,3,[3 8],13,20,23,7,13
1,<environment.Job instance at 0x7f5aceeeb780>,14,2,[6 1],15,29,31,14,16
1,<environment.Job instance at 0x7f5aceeebb90>,13,16,[6 4],14,31,47,17,18
1,<environment.Job instance at 0x7f5b12cd2e60>,22,13,[5 7],23,47,60,24,38
1,<environment.Job instance at 0x7f5b15646960>,27,15,[8 1],28,60,75,32,51
1,<environment.Job instance at 0x7f5acf136eb0>,33,15,[10  4],34,75,90,41,66
1,<environment.Job instance at 0x7f5acf136d20>,38,14,[6 3],39,90,104,51,82
1,<environment.Job instance at 0x7f5acf1364b0>,39,14,[10  5],40,104,118,64,89
1,<environment.Job instance at 0x7f5acf3ba780>,56,14,[ 5 10],57,121,135,64,121
1,<environment.Job instance at 0x7f5acf229730>,1,24,[10  5],2,2,26,0,2
1,<environment.Job instance at 0x7f5acf4e2230>,8,1,[3 8],9,26,27,17,9
1,<environment.Job instance at 0x7f5acf4e20f0>,3,16,[5 6],4,27,43,23,14
1,<environment.Job instance at 0x7f5b12fc9050>,18,17,[5 1],19,26,43,7,19
1,<environment.Job instance at 0x7f5b12ffa140>,29,1,[2 8],30,43,44,13,32
1,<environment.Job instance at 0x7f5b12ffa280>,31,3,[1 5],32,44,47,12,34
1,<environment.Job instance at 0x7f5b12ffa0f0>,32,17,[6 4],33,44,61,11,35
1,<environment.Job instance at 0x7f5b12fc9b90>,22,16,[2 7],23,61,77,38,50
1,<environment.Job instance at 0x7f5b12ffa870>,40,14,[3 9],41,77,91,36,69
1,<environment.Job instance at 0x7f5b12ffafa0>,41,14,[10  5],42,91,105,49,90
1,<environment.Job instance at 0x7f5b12ffaf00>,39,13,[4 5],40,105,118,65,95
1,<environment.Job instance at 0x7f5b12ff4460>,51,1,[ 5 10],52,118,119,66,98
1,<environment.Job instance at 0x7f5b12ff45a0>,52,12,[1 7],53,119,131,66,110
1,<environment.Job instance at 0x7f5b12ff4370>,59,15,[2 8],60,131,146,71,118
1,<environment.Job instance at 0x7f5b12ff4c80>,62,3,[6 3],63,120,123,57,120
1,<environment.Job instance at 0x7f5b12ff4be0>,48,14,[8 4],49,146,160,97,131
1,<environment.Job instance at 0x7f5acf2299b0>,3,15,[8 1],4,6,21,2,6
1,<environment.Job instance at 0x7f5b1560c6e0>,6,16,[5 1],7,21,37,14,8
1,<environment.Job instance at 0x7f5b1316ba00>,8,16,[3 6],9,21,37,12,10
1,<environment.Job instance at 0x7f5b1315ea00>,19,16,[ 2 10],20,37,53,17,24
1,<environment.Job instance at 0x7f5acefefe60>,25,16,[2 5],26,53,69,27,42
1,<environment.Job instance at 0x7f5acefefbe0>,26,16,[3 5],27,53,69,26,43
1,<environment.Job instance at 0x7f5acf7f4500>,34,18,[3 8],35,69,87,34,64
1,<environment.Job instance at 0x7f5acf7f45f0>,32,27,[5 7],33,93,120,60,93
1,<environment.Job instance at 0x7f5acf7c85a0>,50,14,[ 3 10],51,120,134,69,111
1,<environment.Job instance at 0x7f5acf7b3a00>,55,16,[7 4],56,134,150,78,123
1,<environment.Job instance at 0x7f9a359364b0>,0,17,[6 1],1,1,18,0,1
1,<environment.Job instance at 0x7f9a359365a0>,2,14,[ 2 10],3,18,32,15,3
1,<environment.Job instance at 0x7f9a30530460>,14,21,[8 1],15,32,53,17,26
1,<environment.Job instance at 0x7f9a30530910>,20,3,[10  5],21,53,56,32,38
1,<environment.Job instance at 0x7f9a30530a50>,21,18,[9 4],22,56,74,34,47
1,<environment.Job instance at 0x7f9a359672d0>,4,18,[7 1],5,5,23,0,5
1,<environment.Job instance at 0x7f9a35967cd0>,9,19,[1 7],10,10,29,0,10
1,<environment.Job instance at 0x7f9a358828c0>,15,1,[5 8],16,29,30,13,17
1,<environment.Job instance at 0x7f9a35882320>,12,14,[4 9],13,30,44,17,22
1,<environment.Job instance at 0x7f9a35aaeb90>,31,14,[8 5],32,44,58,12,35
1,<environment.Job instance at 0x7f99ea819a50>,38,16,[4 9],39,58,74,19,48
1,<environment.Job instance at 0x7f99ea7be370>,2,13,[9 4],3,3,16,0,3
1,<environment.Job instance at 0x7f99ea7bec80>,3,16,[1 9],4,16,32,12,5
1,<environment.Job instance at 0x7f99ea89c780>,10,23,[5 1],11,16,39,5,11
1,<environment.Job instance at 0x7f99ea89c7d0>,11,17,[6 4],12,39,56,27,27
1,<environment.Job instance at 0x7f99ea8caa50>,24,1,[6 1],25,56,57,31,38
1,<environment.Job instance at 0x7f99ea8cab40>,27,14,[7 2],28,57,71,29,46
1,<environment.Job instance at 0x7f99ea8ca690>,1,22,[5 6],2,2,24,0,2
1,<environment.Job instance at 0x7f99eac795a0>,12,20,[10  5],13,24,44,11,17
1,<environment.Job instance at 0x7f99eae6f410>,23,24,[3 7],24,44,68,20,39
1,<environment.Job instance at 0x7f99eacaa140>,0,23,[4 7],1,1,24,0,1
1,<environment.Job instance at 0x7f99eaee68c0>,12,13,[2 5],13,24,37,11,15
1,<environment.Job instance at 0x7f99eaee6af0>,14,16,[5 6],15,37,53,22,34
1,<environment.Job instance at 0x7f99eaee6fa0>,18,23,[1 9],19,53,76,34,49
1,<environment.Job instance at 0x7f9a32a81370>,1,16,[5 8],2,2,18,0,2
1,<environment.Job instance at 0x7f9a308eb9b0>,6,1,[2 6],7,18,19,11,7
1,<environment.Job instance at 0x7f9a32a81050>,2,23,[1 8],3,19,42,16,14
1,<environment.Job instance at 0x7f9a3082baa0>,12,1,[1 5],13,42,43,29,20
1,<environment.Job instance at 0x7f9a302e7370>,19,18,[5 2],20,20,38,0,20
1,<environment.Job instance at 0x7f9a302e7aa0>,20,18,[5 8],21,43,61,22,33
1,<environment.Job instance at 0x7f9a30793410>,6,3,[4 5],7,7,10,0,7
1,<environment.Job instance at 0x7f9a30793e60>,9,12,[6 3],10,11,23,1,11
1,<environment.Job instance at 0x7f9a307936e0>,8,14,[7 1],9,23,37,14,11
1,<environment.Job instance at 0x7f99ea7c78c0>,11,3,[9 4],12,37,40,25,13
1,<environment.Job instance at 0x7f9a30525960>,19,18,[5 6],20,46,64,26,46
1,<environment.Job instance at 0x7f9a30525690>,24,2,[5 8],25,64,66,39,46
1,<environment.Job instance at 0x7f9a3047aaa0>,4,16,[5 2],5,5,21,0,5
1,<environment.Job instance at 0x7f99ea73a730>,6,25,[2 8],7,9,34,2,9
1,<environment.Job instance at 0x7f9a306e3820>,18,16,[5 2],19,21,37,2,19
1,<environment.Job instance at 0x7f99eab1acd0>,17,3,[10  5],18,37,40,19,20
1,<environment.Job instance at 0x7f9a303608c0>,26,2,[2 7],27,34,36,7,28
1,<environment.Job instance at 0x7f99ea74ac30>,10,26,[8 3],11,45,71,34,45
1,<environment.Job instance at 0x7f9a30520e10>,0,16,[8 5],1,1,17,0,1
1,<environment.Job instance at 0x7f9a307c89b0>,8,16,[9 2],9,17,33,8,11
1,<environment.Job instance at 0x7f9a307c8eb0>,9,1,[8 5],10,33,34,23,12
1,<environment.Job instance at 0x7f9a32cd2b90>,14,12,[8 1],15,34,46,19,17
1,<environment.Job instance at 0x7f9a30601b90>,23,1,[7 1],24,46,47,22,28
1,<environment.Job instance at 0x7f9a30909cd0>,24,14,[3 6],25,46,60,21,34
1,<environment.Job instance at 0x7f99eab2b5f0>,1,17,[7 5],2,2,19,0,2
1,<environment.Job instance at 0x7f99eabcc370>,5,14,[3 8],6,19,33,13,6
1,<environment.Job instance at 0x7f99ead8c0a0>,11,2,[7 2],12,19,21,7,12
1,<environment.Job instance at 0x7f9a302a2870>,16,12,[10  2],17,33,45,16,17
1,<environment.Job instance at 0x7f9a302a2cd0>,17,12,[6 2],18,21,33,3,18
1,<environment.Job instance at 0x7f99ea6d9230>,18,13,[8 3],19,45,58,26,29
1,<environment.Job instance at 0x7f9a32aca550>,3,16,[6 5],4,4,20,0,4
1,<environment.Job instance at 0x7f9a32aca690>,4,16,[9 5],5,20,36,15,7
1,<environment.Job instance at 0x7f99ea8add70>,17,28,[9 1],18,36,64,18,36
1,<environment.Job instance at 0x7f9a32fc4eb0>,29,18,[1 7],30,44,62,14,44
1,<environment.Job instance at 0x7f99ead25320>,3,17,[4 7],4,4,21,0,4
1,<environment.Job instance at 0x7f99ea7014b0>,13,12,[8 2],14,21,33,7,15
1,<environment.Job instance at 0x7f99ea7038c0>,0,17,[10  2],1,1,18,0,1
1,<environment.Job instance at 0x7f99ea701b90>,1,13,[10  2],2,18,31,16,2
1,<environment.Job instance at 0x7f9a32e38cd0>,8,3,[ 1 10],9,31,34,22,11
1,<environment.Job instance at 0x7f99eac09d20>,11,2,[5 5],12,34,36,22,15
1,<environment.Job instance at 0x7f99eac09550>,13,1,[5 5],14,34,35,20,17
1,<environment.Job instance at 0x7f9a32c19460>,19,1,[2 8],20,36,37,16,23
1,<environment.Job instance at 0x7f9a32c196e0>,20,3,[1 9],21,37,40,16,24
1,<environment.Job instance at 0x7f9a32c19780>,25,16,[9 2],26,44,60,18,44
1,<environment.Job instance at 0x7f9a30920460>,3,24,[8 5],4,4,28,0,4
1,<environment.Job instance at 0x7f9a304a7460>,12,16,[5 4],13,28,44,15,18
1,<environment.Job instance at 0x7f9a304a76e0>,15,15,[5 6],16,28,43,12,20
1,<environment.Job instance at 0x7f9a32bf95a0>,20,16,[5 4],21,43,59,22,40
1,<environment.Job instance at 0x7f9a32bf9820>,1,16,[8 4],2,3,19,1,3
1,<environment.Job instance at 0x7f9a30841b90>,10,13,[5 8],11,19,32,8,16
1,<environment.Job instance at 0x7f9a30852870>,18,12,[7 5],19,32,44,13,19
1,<environment.Job instance at 0x7f9a30852e10>,23,27,[3 5],24,32,59,8,30
1,<environment.Job instance at 0x7f9a3084cc80>,36,12,[6 4],37,45,57,8,45
1,<environment.Job instance at 0x7f9a32b4f370>,2,25,[7 3],3,5,30,2,5
1,<environment.Job instance at 0x7f99ea61c2d0>,19,18,[5 2],20,31,49,11,31
1,<environment.Job instance at 0x7f99ea61ceb0>,24,12,[3 7],25,32,44,7,32
1,<environment.Job instance at 0x7f99ea61cb90>,25,12,[3 7],26,44,56,18,32
1,<environment.Job instance at 0x7f99eab23910>,31,14,[1 7],32,56,70,24,49
1,<environment.Job instance at 0x7f9a30812e10>,1,12,[3 9],2,2,14,0,2
1,<environment.Job instance at 0x7f9a3308daf0>,7,1,[2 8],8,14,15,6,8
1,<environment.Job instance at 0x7f99eae1f780>,12,1,[5 5],13,15,16,2,15
1,<environment.Job instance at 0x7f99ea733410>,16,15,[3 6],17,22,37,5,22
1,<environment.Job instance at 0x7f9a32bc6500>,20,15,[6 3],21,23,38,2,23
1,<environment.Job instance at 0x7f9a32d172d0>,23,18,[3 7],24,37,55,13,26
1,<environment.Job instance at 0x7f99eabe4cd0>,3,20,[5 3],4,4,24,0,4
1,<environment.Job instance at 0x7f9a32d31190>,9,12,[7 5],10,24,36,14,11
1,<environment.Job instance at 0x7f99ead55410>,11,17,[2 9],12,36,53,24,24
1,<environment.Job instance at 0x7f9a30769fa0>,0,16,[ 2 10],1,1,17,0,1
1,<environment.Job instance at 0x7f9a32b41a00>,6,18,[5 8],7,17,35,10,7
1,<environment.Job instance at 0x7f9a32be1320>,20,13,[3 8],21,35,48,14,22
1,<environment.Job instance at 0x7f9a32c227d0>,19,17,[1 5],20,48,65,28,36
1,<environment.Job instance at 0x7f9a32be1af0>,26,17,[7 3],27,48,65,21,42
1,<environment.Job instance at 0x7f99ea6480f0>,2,19,[2 5],3,5,24,2,5
1,<environment.Job instance at 0x7f9a3306d780>,6,13,[8 4],7,13,26,6,13
1,<environment.Job instance at 0x7f9a30346320>,14,13,[5 7],15,26,39,11,16
1,<environment.Job instance at 0x7f9a30467780>,16,14,[5 7],17,39,53,22,24
1,<environment.Job instance at 0x7f99ea8e1af0>,28,13,[7 1],29,53,66,24,44
1,<environment.Job instance at 0x7f1255bb65a0>,2,14,[ 2 10],3,3,17,0,3
1,<environment.Job instance at 0x7f12507aacd0>,6,15,[2 8],7,17,32,10,10
1,<environment.Job instance at 0x7f12507aae10>,10,22,[8 1],11,17,39,6,11
1,<environment.Job instance at 0x7f12507aadc0>,8,17,[1 8],9,32,49,23,25
1,<environment.Job instance at 0x7f12507ad140>,16,18,[7 3],17,49,67,32,38
1,<environment.Job instance at 0x7f1255d2c1e0>,3,12,[5 3],4,5,17,1,5
1,<environment.Job instance at 0x7f1255be2f50>,7,16,[1 9],8,17,33,9,8
1,<environment.Job instance at 0x7f1255be2820>,9,14,[9 4],10,33,47,23,18
1,<environment.Job instance at 0x7f1255d2d280>,24,1,[5 5],25,47,48,22,29
1,<environment.Job instance at 0x7f1255d2d1e0>,25,15,[1 7],26,48,63,22,34
1,<environment.Job instance at 0x7f1255d2ac30>,30,3,[6 1],31,48,51,17,44
1,<environment.Job instance at 0x7f1255d28c80>,31,18,[5 4],32,63,81,31,52
1,<environment.Job instance at 0x7f1255d28a00>,36,18,[2 6],37,63,81,26,54
1,<environment.Job instance at 0x7f120aa5e730>,13,2,[ 5 10],14,17,19,3,17
1,<environment.Job instance at 0x7f120aa5ed20>,11,13,[3 8],12,22,35,10,22
1,<environment.Job instance at 0x7f120aa5ed70>,12,18,[10  4],13,35,53,22,25
1,<environment.Job instance at 0x7f120a9f4370>,23,1,[2 7],24,53,54,29,49
1,<environment.Job instance at 0x7f120aa5ea50>,15,15,[8 3],16,58,73,42,58
1,<environment.Job instance at 0x7f1255d2d6e0>,1,18,[6 2],2,4,22,2,4
1,<environment.Job instance at 0x7f120aba0050>,14,26,[3 9],15,22,48,7,19
1,<environment.Job instance at 0x7f120aa39dc0>,23,14,[5 9],24,48,62,24,34
1,<environment.Job instance at 0x7f120ae61be0>,28,20,[ 2 10],29,62,82,33,53
1,<environment.Job instance at 0x7f120afa67d0>,0,13,[5 9],1,1,14,0,1
1,<environment.Job instance at 0x7f120ae61aa0>,1,13,[8 1],2,14,27,12,2
1,<environment.Job instance at 0x7f120b15bf00>,9,2,[6 2],10,27,29,17,10
1,<environment.Job instance at 0x7f120b15ba00>,4,13,[4 5],5,27,40,22,12
1,<environment.Job instance at 0x7f120b16abe0>,21,17,[10  2],22,40,57,18,29
1,<environment.Job instance at 0x7f120b16e960>,32,18,[3 8],33,57,75,24,49
1,<environment.Job instance at 0x7f120b16eb40>,35,2,[5 8],36,75,77,39,50
1,<environment.Job instance at 0x7f120aa58230>,10,3,[5 2],11,11,14,0,11
1,<environment.Job instance at 0x7f120aa586e0>,9,12,[6 3],10,14,26,4,11
1,<environment.Job instance at 0x7f120aa58190>,13,16,[4 5],14,14,30,0,14
1,<environment.Job instance at 0x7f120aa583c0>,12,2,[6 5],13,26,28,13,14
1,<environment.Job instance at 0x7f1254fed190>,19,18,[5 6],20,41,59,21,41
1,<environment.Job instance at 0x7f1254fedaf0>,20,16,[8 3],21,59,75,38,47
1,<environment.Job instance at 0x7f1250a0ae10>,0,26,[8 3],1,7,33,6,7
1,<environment.Job instance at 0x7f120aff1500>,16,2,[2 7],17,18,20,1,18
1,<environment.Job instance at 0x7f120b0d5d20>,15,15,[1 5],16,24,39,8,24
1,<environment.Job instance at 0x7f12551d03c0>,20,16,[ 4 10],21,39,55,18,27
1,<environment.Job instance at 0x7f120b0d5be0>,17,13,[ 5 10],18,55,68,37,39
1,<environment.Job instance at 0x7f1255773d20>,27,2,[9 3],28,68,70,40,46
1,<environment.Job instance at 0x7f125572c280>,30,15,[1 9],31,70,85,39,56
1,<environment.Job instance at 0x7f120afb8640>,2,16,[6 4],3,3,19,0,3
1,<environment.Job instance at 0x7f120a9427d0>,11,3,[7 4],12,19,22,7,13
1,<environment.Job instance at 0x7f120a944050>,12,12,[7 5],13,22,34,9,14
1,<environment.Job instance at 0x7f125514da50>,17,1,[7 2],18,34,35,16,19
1,<environment.Job instance at 0x7f125513dd20>,18,14,[8 2],19,35,49,16,22
1,<environment.Job instance at 0x7f120ad7c730>,24,24,[5 5],25,49,73,24,44
1,<environment.Job instance at 0x7f1255452820>,0,13,[5 5],1,1,14,0,1
1,<environment.Job instance at 0x7f1255452e10>,1,15,[7 1],2,14,29,12,2
1,<environment.Job instance at 0x7f120af77eb0>,6,2,[ 3 10],7,29,31,22,11
1,<environment.Job instance at 0x7f12505f6690>,18,2,[9 3],19,31,33,12,19
1,<environment.Job instance at 0x7f1255bdf780>,24,16,[9 5],25,40,56,15,40
1,<environment.Job instance at 0x7f1255bdf4b0>,28,1,[9 2],29,56,57,27,40
1,<environment.Job instance at 0x7f1255bdff50>,26,22,[1 8],27,56,78,29,50
1,<environment.Job instance at 0x7f1255528550>,0,22,[7 1],1,1,23,0,1
1,<environment.Job instance at 0x7f125552e500>,4,2,[ 5 10],5,23,25,18,5
1,<environment.Job instance at 0x7f125552e6e0>,5,16,[4 7],6,25,41,19,14
1,<environment.Job instance at 0x7f120af78af0>,16,2,[2 6],17,18,20,1,18
1,<environment.Job instance at 0x7f120af78a50>,17,1,[5 1],18,25,26,7,18
1,<environment.Job instance at 0x7f1250863e60>,18,1,[10  1],19,41,42,22,20
1,<environment.Job instance at 0x7f120ada31e0>,19,2,[4 7],20,42,44,22,21
1,<environment.Job instance at 0x7f1255528910>,2,21,[5 7],3,46,67,43,46
1,<environment.Job instance at 0x7f120aabd410>,28,13,[5 5],29,67,80,38,51
1,<environment.Job instance at 0x7f125071f320>,1,13,[10  2],2,2,15,0,2
1,<environment.Job instance at 0x7f12557c3d70>,6,14,[8 4],7,15,29,8,7
1,<environment.Job instance at 0x7f120b160820>,9,3,[3 7],10,29,32,19,12
1,<environment.Job instance at 0x7f120b09bc80>,13,1,[5 5],14,32,33,18,15
1,<environment.Job instance at 0x7f1250621050>,17,15,[6 1],18,33,48,15,20
1,<environment.Job instance at 0x7f120b056af0>,21,14,[3 6],22,33,47,11,22
1,<environment.Job instance at 0x7f1250621be0>,16,3,[3 9],17,47,50,30,23
1,<environment.Job instance at 0x7f120acc4690>,30,13,[5 4],31,54,67,23,54
1,<environment.Job instance at 0x7f1255304230>,1,15,[8 1],2,4,19,2,4
1,<environment.Job instance at 0x7f1250b75280>,7,14,[7 2],8,19,33,11,8
1,<environment.Job instance at 0x7f1250b759b0>,14,17,[3 5],15,19,36,4,19
1,<environment.Job instance at 0x7f1250b75aa0>,16,14,[6 5],17,33,47,16,23
1,<environment.Job instance at 0x7f1250b75d70>,19,13,[10  5],20,47,60,27,31
1,<environment.Job instance at 0x7f1250b790a0>,25,15,[4 7],26,60,75,34,47
1,<environment.Job instance at 0x7f1250b758c0>,1,16,[1 6],2,2,18,0,2
1,<environment.Job instance at 0x7f120aef5140>,2,1,[5 3],3,3,4,0,3
1,<environment.Job instance at 0x7f1250a11e10>,6,12,[4 8],7,18,30,11,8
1,<environment.Job instance at 0x7f1250a11140>,10,3,[8 5],11,30,33,19,12
1,<environment.Job instance at 0x7f1250a119b0>,11,2,[4 5],12,33,35,21,13
1,<environment.Job instance at 0x7f120a838fa0>,20,16,[9 4],21,35,51,14,24
1,<environment.Job instance at 0x7f125511b780>,28,14,[4 5],29,51,65,22,42
1,<environment.Job instance at 0x7f12505df050>,1,14,[1 7],2,2,16,0,2
1,<environment.Job instance at 0x7f12505df960>,2,14,[8 5],3,16,30,13,3
1,<environment.Job instance at 0x7f1250b0a960>,9,1,[5 6],10,30,31,20,11
1,<environment.Job instance at 0x7f1250b0a320>,17,22,[5 8],18,31,53,13,24
1,<environment.Job instance at 0x7f1250b0af50>,5,26,[4 8],6,54,80,48,54
1,<environment.Job instance at 0x7f1250ac97d0>,12,2,[5 1],13,13,15,0,13
1,<environment.Job instance at 0x7f1250ac9460>,7,2,[4 6],8,17,19,9,17
1,<environment.Job instance at 0x7f1250ac9b90>,15,17,[6 3],16,21,38,5,21
1,<environment.Job instance at 0x7f1250ac9d70>,19,12,[7 5],20,38,50,18,22
1,<environment.Job instance at 0x7f1250ac5550>,24,12,[10  2],25,50,62,25,37
1,<environment.Job instance at 0x7f120afa0190>,0,16,[ 2 10],1,1,17,0,1
1,<environment.Job instance at 0x7f120ad01b90>,6,18,[5 8],7,17,35,10,7
1,<environment.Job instance at 0x7f120ad01230>,19,17,[1 5],20,35,52,15,23
1,<environment.Job instance at 0x7f120ad01f50>,17,27,[8 5],18,35,62,17,33
1,<environment.Job instance at 0x7f1250a5ca00>,30,13,[1 9],31,62,75,31,50
1,<environment.Job instance at 0x7f12509b8780>,0,25,[10  4],1,1,26,0,1
1,<environment.Job instance at 0x7f120abe25a0>,11,3,[7 5],12,26,29,14,15
1,<environment.Job instance at 0x7f120aaadd70>,18,13,[7 1],19,29,42,10,20
1,<environment.Job instance at 0x7f12553dcfa0>,22,18,[8 1],23,42,60,19,32
1,<environment.Job instance at 0x7f125512a5f0>,29,14,[7 5],30,60,74,30,45
1,<environment.Job instance at 0x7f12505e0b90>,3,16,[7 2],4,4,20,0,4
1,<environment.Job instance at 0x7f120a8842d0>,4,12,[9 3],5,20,32,15,6
1,<environment.Job instance at 0x7f120b0b0d70>,18,18,[ 2 10],19,32,50,13,21
1,<environment.Job instance at 0x7f120b0b0370>,22,14,[4 6],23,50,64,27,35
1,<environment.Job instance at 0x7f120b078550>,28,2,[7 4],29,64,66,35,49
1,<environment.Job instance at 0x7f120b078190>,32,1,[6 5],33,66,67,33,52
1,<environment.Job instance at 0x7f120b078730>,30,13,[7 3],31,67,80,36,52
1,<environment.Job instance at 0x7f125082f5a0>,0,17,[7 1],1,1,18,0,1
1,<environment.Job instance at 0x7f125082fd20>,2,15,[3 6],3,3,18,0,3
1,<environment.Job instance at 0x7f125082fdc0>,4,12,[1 5],5,18,30,13,5
1,<environment.Job instance at 0x7f12550385a0>,13,2,[5 9],14,30,32,16,15
1,<environment.Job instance at 0x7f120aa6ec80>,20,14,[10  4],21,32,46,11,22
1,<environment.Job instance at 0x7f12556dd370>,28,16,[10  1],29,46,62,17,34
1,<environment.Job instance at 0x7f120b05de10>,3,17,[7 4],4,7,24,3,7
1,<environment.Job instance at 0x7f1250a562d0>,8,16,[6 5],9,24,40,15,11
1,<environment.Job instance at 0x7f1250bf0550>,23,24,[4 7],24,46,70,22,46
1,<environment.Job instance at 0x7f120b06a7d0>,29,2,[4 6],30,70,72,40,59
1,<environment.Job instance at 0x7f120ae75b40>,30,2,[5 8],31,72,74,41,59
1,<environment.Job instance at 0x7f120b06a780>,31,3,[6 5],32,74,77,42,59
1,<environment.Job instance at 0x7fae707c8140>,0,17,[6 1],1,1,18,0,1
1,<environment.Job instance at 0x7fae6f669550>,6,15,[2 8],7,7,22,0,7
1,<environment.Job instance at 0x7fae6f669c80>,15,3,[2 8],16,22,25,6,17
1,<environment.Job instance at 0x7fae6f669e10>,16,18,[7 3],17,25,43,8,17
1,<environment.Job instance at 0x7fae6f66d4b0>,22,12,[3 8],23,43,55,20,33
1,<environment.Job instance at 0x7fae6f66d050>,19,25,[5 9],20,55,80,35,54
1,<environment.Job instance at 0x7fae7092faf0>,7,16,[8 1],8,9,25,1,9
1,<environment.Job instance at 0x7fae70937d70>,11,14,[8 5],12,25,39,13,13
1,<environment.Job instance at 0x7fae70935690>,26,18,[2 6],27,46,64,19,46
1,<environment.Job instance at 0x7fae7093c190>,31,15,[2 7],32,64,79,32,50
1,<environment.Job instance at 0x7fae339adf50>,7,2,[3 8],8,10,12,2,10
1,<environment.Job instance at 0x7fae33a10870>,10,12,[5 1],11,11,23,0,11
1,<environment.Job instance at 0x7fae33a10960>,11,22,[5 6],12,16,38,4,16
1,<environment.Job instance at 0x7fae33a3b4b0>,24,14,[10  5],25,38,52,13,32
1,<environment.Job instance at 0x7fae33a3b370>,29,14,[ 5 10],30,52,66,22,38
1,<environment.Job instance at 0x7fae33a370f0>,22,20,[10  5],23,66,86,43,57
1,<environment.Job instance at 0x7fae338b1960>,2,13,[2 5],3,3,16,0,3
1,<environment.Job instance at 0x7fae338b1370>,4,16,[5 6],5,16,32,11,5
1,<environment.Job instance at 0x7fae338b1410>,14,15,[8 5],15,32,47,17,18
1,<environment.Job instance at 0x7fae338bc5a0>,18,19,[4 7],19,47,66,28,38
1,<environment.Job instance at 0x7fae33f36320>,1,20,[ 4 10],2,2,22,0,2
1,<environment.Job instance at 0x7fae3400c4b0>,8,13,[8 4],9,22,35,13,11
1,<environment.Job instance at 0x7fae3400c5a0>,10,2,[4 9],11,35,37,24,12
1,<environment.Job instance at 0x7fae3400c690>,11,3,[9 4],12,37,40,25,16
1,<environment.Job instance at 0x7fae3400c9b0>,15,1,[6 3],16,40,41,24,16
1,<environment.Job instance at 0x7fae3400ccd0>,16,13,[8 2],17,41,54,24,25
1,<environment.Job instance at 0x7fae34015050>,23,17,[7 4],24,56,73,32,56
1,<environment.Job instance at 0x7fae6e5619b0>,4,16,[5 2],5,5,21,0,5
1,<environment.Job instance at 0x7fae6e561be0>,6,25,[2 8],7,8,33,1,8
1,<environment.Job instance at 0x7fae6fc829b0>,20,12,[3 8],21,33,45,12,21
1,<environment.Job instance at 0x7fae6f7045a0>,28,1,[9 5],29,45,46,16,36
1,<environment.Job instance at 0x7fae6f820a50>,10,26,[8 3],11,46,72,35,43
1,<environment.Job instance at 0x7fae6fb69fa0>,39,18,[10  4],40,72,90,32,62
1,<environment.Job instance at 0x7fae6e5c8af0>,2,16,[6 4],3,3,19,0,3
1,<environment.Job instance at 0x7fae6e5c8410>,4,14,[3 6],5,5,19,0,5
1,<environment.Job instance at 0x7fae701587d0>,5,13,[7 4],6,19,32,13,6
1,<environment.Job instance at 0x7fae6fbfc370>,15,17,[ 5 10],16,39,56,23,39
1,<environment.Job instance at 0x7fae6e4af500>,25,3,[8 5],26,56,59,30,51
1,<environment.Job instance at 0x7fae6e593f00>,27,1,[4 6],28,59,60,31,56
1,<environment.Job instance at 0x7fae339f2f50>,18,14,[8 2],19,66,80,47,66
1,<environment.Job instance at 0x7fae3393eb40>,30,13,[5 5],31,80,93,49,66
1,<environment.Job instance at 0x7fae33d3cb40>,3,14,[9 3],4,6,20,2,6
1,<environment.Job instance at 0x7fae33d325a0>,7,16,[7 2],8,20,36,12,8
1,<environment.Job instance at 0x7fae6fd2c7d0>,13,16,[6 5],14,36,52,22,23
1,<environment.Job instance at 0x7fae6fd2ceb0>,22,13,[1 5],23,27,40,4,27
1,<environment.Job instance at 0x7fae6fd2a190>,26,18,[ 5 10],27,52,70,25,42
1,<environment.Job instance at 0x7fae6f741910>,0,26,[3 7],1,5,31,4,5
1,<environment.Job instance at 0x7fae6fae6eb0>,10,13,[10  1],11,31,44,20,17
1,<environment.Job instance at 0x7fae6fae6460>,14,12,[9 3],15,44,56,29,27
1,<environment.Job instance at 0x7fae6fae6d70>,13,14,[6 5],14,56,70,42,41
1,<environment.Job instance at 0x7fae6f6571e0>,26,15,[10  2],27,70,85,43,58
1,<environment.Job instance at 0x7fae33c529b0>,5,15,[6 2],6,6,21,0,6
1,<environment.Job instance at 0x7fae700fd500>,9,17,[6 2],10,21,38,11,10
1,<environment.Job instance at 0x7fae33753640>,22,12,[7 2],23,38,50,15,33
1,<environment.Job instance at 0x7fae33d44870>,24,14,[ 1 10],25,50,64,25,36
1,<environment.Job instance at 0x7fae700ee820>,32,16,[5 4],33,64,80,31,54
1,<environment.Job instance at 0x7fae6f907190>,34,2,[2 7],35,80,82,45,65
1,<environment.Job instance at 0x7fae6f757cd0>,1,16,[8 4],2,4,20,2,4
1,<environment.Job instance at 0x7fae6fb72e60>,12,12,[4 7],13,20,32,7,14
1,<environment.Job instance at 0x7fae33aed2d0>,14,1,[6 4],15,32,33,17,15
1,<environment.Job instance at 0x7fae6fb72500>,16,18,[10  5],17,33,51,16,22
1,<environment.Job instance at 0x7fae6ff04280>,26,12,[4 8],27,51,63,24,34
1,<environment.Job instance at 0x7fae6f66f1e0>,32,3,[4 7],33,63,66,30,53
1,<environment.Job instance at 0x7fae7021d320>,15,21,[9 5],16,66,87,50,62
1,<environment.Job instance at 0x7fae33bdd9b0>,5,12,[3 7],6,6,18,0,6
1,<environment.Job instance at 0x7fae33bddc80>,8,15,[6 2],9,11,26,2,11
1,<environment.Job instance at 0x7fae33bddeb0>,11,14,[1 7],12,18,32,6,12
1,<environment.Job instance at 0x7fae33bdde60>,12,14,[8 5],13,32,46,19,17
1,<environment.Job instance at 0x7fae33bd5af0>,23,18,[ 2 10],24,46,64,22,35
1,<environment.Job instance at 0x7fae33bd59b0>,25,25,[5 7],26,64,89,38,60
1,<environment.Job instance at 0x7fae6f732f50>,9,20,[6 3],10,11,31,1,11
1,<environment.Job instance at 0x7fae6fcf0e10>,11,2,[8 5],12,31,33,19,12
1,<environment.Job instance at 0x7fae6fcf0820>,14,16,[2 7],15,15,31,0,15
1,<environment.Job instance at 0x7fae6fcf0780>,16,14,[10  1],17,33,47,16,20
1,<environment.Job instance at 0x7fae338106e0>,22,2,[5 2],23,47,49,24,35
1,<environment.Job instance at 0x7fae6f732910>,10,17,[5 8],11,47,64,36,35
1,<environment.Job instance at 0x7fae7093ba00>,29,14,[5 1],30,52,66,22,52
1,<environment.Job instance at 0x7fae7093b500>,30,20,[3 8],31,64,84,33,60
1,<environment.Job instance at 0x7fae7093ba50>,32,13,[9 2],33,84,97,51,68
1,<environment.Job instance at 0x7fae70120cd0>,3,20,[8 4],4,5,25,1,5
1,<environment.Job instance at 0x7fae6f73eaa0>,14,1,[5 2],15,25,26,10,18
1,<environment.Job instance at 0x7fae6f73e6e0>,17,3,[10  5],18,26,29,8,23
1,<environment.Job instance at 0x7fae6fd4b730>,18,13,[8 3],19,29,42,10,23
1,<environment.Job instance at 0x7fae70120190>,9,17,[1 5],10,29,46,19,27
1,<environment.Job instance at 0x7fae6fd4b780>,20,13,[1 9],21,46,59,25,30
1,<environment.Job instance at 0x7fae6fd4b280>,24,18,[5 2],25,59,77,34,57
1,<environment.Job instance at 0x7fae6fd65870>,30,16,[5 4],31,59,75,28,57
1,<environment.Job instance at 0x7fae6fd65410>,34,12,[7 2],35,77,89,42,65
1,<environment.Job instance at 0x7fae6ffe2a50>,2,18,[8 1],3,4,22,1,4
1,<environment.Job instance at 0x7fae33a57a00>,6,20,[10  4],7,22,42,15,15
1,<environment.Job instance at 0x7fae33a60370>,16,3,[10  3],17,42,45,25,21
1,<environment.Job instance at 0x7fae33a600f0>,19,15,[4 7],20,45,60,25,32
1,<environment.Job instance at 0x7fae33a60aa0>,26,17,[1 6],27,60,77,33,56
1,<environment.Job instance at 0x7fae33a60d20>,29,13,[8 4],30,61,74,31,61
1,<environment.Job instance at 0x7fae33a606e0>,1,12,[3 8],2,2,14,0,2
1,<environment.Job instance at 0x7fae6fb112d0>,3,18,[6 4],4,14,32,10,13
1,<environment.Job instance at 0x7fae6fb729b0>,14,3,[3 5],15,15,18,0,15
1,<environment.Job instance at 0x7fae6fb726e0>,16,13,[7 1],17,32,45,15,17
1,<environment.Job instance at 0x7fae33748050>,10,18,[2 9],11,32,50,21,21
1,<environment.Job instance at 0x7fae6fbace10>,28,12,[5 5],29,50,62,21,43
1,<environment.Job instance at 0x7fae6fbaca50>,26,18,[5 4],27,50,68,23,50
1,<environment.Job instance at 0x7fae6fbac230>,31,17,[7 4],32,68,85,36,57
1,<environment.Job instance at 0x7fae33ab0a50>,40,1,[3 6],41,64,65,23,64
1,<environment.Job instance at 0x7fae70313280>,0,15,[5 8],1,1,16,0,1
1,<environment.Job instance at 0x7fae6e499960>,8,3,[1 5],9,16,19,7,10
1,<environment.Job instance at 0x7fae6fbbaa00>,12,2,[6 5],13,16,18,3,13
1,<environment.Job instance at 0x7fae6fd5b0f0>,13,3,[4 7],14,19,22,5,15
1,<environment.Job instance at 0x7fae6e475d70>,15,15,[9 4],16,22,37,6,16
1,<environment.Job instance at 0x7fae338bef00>,23,17,[7 4],24,37,54,13,32
1,<environment.Job instance at 0x7fae6f776370>,31,14,[1 5],32,44,58,12,44
1,<environment.Job instance at 0x7fae6f776a50>,32,18,[ 2 10],33,58,76,25,48
1,<environment.Job instance at 0x7fae6f9a8cd0>,1,17,[4 7],2,7,24,5,7
1,<environment.Job instance at 0x7fae33aac280>,12,3,[7 5],13,24,27,11,13
1,<environment.Job instance at 0x7fae33aac820>,16,2,[1 9],17,27,29,10,17
1,<environment.Job instance at 0x7fae33aac8c0>,15,18,[6 2],16,29,47,13,18
1,<environment.Job instance at 0x7fae33aac370>,10,26,[4 8],11,29,55,18,26
1,<environment.Job instance at 0x7fae33ad95f0>,28,17,[10  4],29,57,74,28,57
1,<environment.Job instance at 0x7fae701d28c0>,5,17,[9 3],6,6,23,0,6
1,<environment.Job instance at 0x7fae6fa13500>,9,15,[5 5],10,23,38,13,10
1,<environment.Job instance at 0x7fae702976e0>,22,13,[7 3],23,38,51,15,28
1,<environment.Job instance at 0x7fae33f9df50>,28,17,[4 9],29,51,68,22,39
1,<environment.Job instance at 0x7fae33b09140>,36,14,[4 7],37,68,82,31,53
1,<environment.Job instance at 0x7fae33f9d960>,1,18,[7 1],2,2,20,0,2
1,<environment.Job instance at 0x7fae33f74d20>,11,15,[9 5],12,20,35,8,20
1,<environment.Job instance at 0x7fae70518eb0>,25,12,[7 2],26,44,56,18,44
1,<environment.Job instance at 0x7fae337173c0>,28,15,[10  2],29,60,75,31,60
1,<environment.Job instance at 0x7fae337b35a0>,31,18,[4 6],32,75,93,43,64
1,<environment.Job instance at 0x7fdea41990f0>,0,17,[6 1],1,1,18,0,1
1,<environment.Job instance at 0x7fdea303a280>,3,22,[2 5],4,4,26,0,4
1,<environment.Job instance at 0x7fdea303a230>,4,13,[3 6],5,26,39,21,11
1,<environment.Job instance at 0x7fdea303aaa0>,12,23,[6 4],13,18,41,5,14
1,<environment.Job instance at 0x7fdea303c2d0>,20,3,[10  5],21,41,44,20,30
1,<environment.Job instance at 0x7fdea303ae60>,16,18,[7 3],17,44,62,27,36
1,<environment.Job instance at 0x7fdea303c730>,26,12,[8 5],27,62,74,35,45
1,<environment.Job instance at 0x7fdea303cb90>,30,26,[9 4],31,74,100,43,72
1,<environment.Job instance at 0x7fdea4314460>,2,21,[4 8],3,3,24,0,3
1,<environment.Job instance at 0x7fdea4314870>,4,1,[5 5],5,24,25,19,8
1,<environment.Job instance at 0x7fdea430fdc0>,11,18,[5 4],12,24,42,12,13
1,<environment.Job instance at 0x7fdea430f3c0>,18,1,[2 9],19,42,43,23,32
1,<environment.Job instance at 0x7fdea430fe60>,19,2,[7 5],20,43,45,23,32
1,<environment.Job instance at 0x7fdea430a280>,21,15,[2 7],22,45,60,23,32
1,<environment.Job instance at 0x7fdea43067d0>,27,18,[5 5],28,60,78,32,51
1,<environment.Job instance at 0x7fdea41c01e0>,34,1,[9 2],35,78,79,43,69
1,<environment.Job instance at 0x7fdea41c0460>,32,12,[1 6],33,78,90,45,69
1,<environment.Job instance at 0x7fdea41c0dc0>,36,12,[8 4],37,79,91,42,70
1,<environment.Job instance at 0x7fdea41c0eb0>,1,12,[5 4],2,2,14,0,2
1,<environment.Job instance at 0x7fde590781e0>,12,3,[8 5],13,14,17,1,13
1,<environment.Job instance at 0x7fde59078230>,9,14,[ 5 10],10,17,31,7,15
1,<environment.Job instance at 0x7fde590cb190>,11,13,[5 7],12,31,44,19,16
1,<environment.Job instance at 0x7fde590cbe10>,19,2,[10  2],20,44,46,24,29
1,<environment.Job instance at 0x7fde590cbf50>,21,18,[6 2],22,46,64,24,38
1,<environment.Job instance at 0x7fde590cd140>,26,17,[9 1],27,64,81,37,58
1,<environment.Job instance at 0x7fde59141aa0>,1,13,[8 1],2,2,15,0,2
1,<environment.Job instance at 0x7fde594dddc0>,4,13,[4 5],5,15,28,10,5
1,<environment.Job instance at 0x7fde594f2f50>,8,3,[5 1],9,15,18,6,9
1,<environment.Job instance at 0x7fde594f2d20>,10,13,[3 5],11,18,31,7,11
1,<environment.Job instance at 0x7fde594f2640>,11,16,[5 8],12,31,47,19,23
1,<environment.Job instance at 0x7fde594e1960>,26,15,[6 5],27,47,62,20,36
1,<environment.Job instance at 0x7fde5949b690>,39,26,[2 8],40,65,91,25,65
1,<environment.Job instance at 0x7fde59090500>,0,16,[8 3],1,1,17,0,1
1,<environment.Job instance at 0x7fde59472e10>,12,20,[4 9],13,17,37,4,13
1,<environment.Job instance at 0x7fde59472d20>,14,1,[10  5],15,37,38,22,16
1,<environment.Job instance at 0x7fde594790f0>,15,3,[10  5],16,38,41,22,17
1,<environment.Job instance at 0x7fde59479c30>,24,21,[4 9],25,41,62,16,33
1,<environment.Job instance at 0x7fde594741e0>,30,14,[2 9],31,62,76,31,48
1,<environment.Job instance at 0x7fde59474820>,39,2,[8 2],40,76,78,36,58
1,<environment.Job instance at 0x7fde59474780>,38,12,[6 4],39,78,90,39,61
1,<environment.Job instance at 0x7fde59474be0>,42,2,[5 3],43,90,92,47,64
1,<environment.Job instance at 0x7fde59474e10>,43,3,[4 6],44,78,81,34,65
1,<environment.Job instance at 0x7fde59474f50>,2,27,[8 3],3,3,30,0,3
1,<environment.Job instance at 0x7fde5941b730>,6,27,[2 6],7,8,35,1,8
1,<environment.Job instance at 0x7fde5941b870>,19,3,[2 7],20,35,38,15,20
1,<environment.Job instance at 0x7fde5941bc30>,11,16,[4 5],12,38,54,26,25
1,<environment.Job instance at 0x7fdea3d57870>,24,14,[3 6],25,54,68,29,39
1,<environment.Job instance at 0x7fde594288c0>,7,16,[7 4],8,54,70,46,45
1,<environment.Job instance at 0x7fdea3d57fa0>,25,13,[7 4],26,70,83,44,62
1,<environment.Job instance at 0x7fdea3bc0fa0>,32,12,[7 5],33,83,95,50,66
1,<environment.Job instance at 0x7fdea3bc0d20>,1,15,[7 1],2,2,17,0,2
1,<environment.Job instance at 0x7fde596bae10>,22,16,[10  4],23,30,46,7,30
1,<environment.Job instance at 0x7fdea40c9500>,23,16,[6 5],24,46,62,22,33
1,<environment.Job instance at 0x7fdea3b04be0>,10,15,[2 5],11,46,61,35,36
1,<environment.Job instance at 0x7fdea2fb1550>,28,1,[9 2],29,62,63,33,36
1,<environment.Job instance at 0x7fdea348f230>,24,16,[9 5],25,63,79,38,50
1,<environment.Job instance at 0x7fdea31a9dc0>,38,13,[9 1],39,79,92,40,77
1,<environment.Job instance at 0x7fdea41986e0>,41,14,[9 2],42,92,106,50,79
1,<environment.Job instance at 0x7fdea2f83f00>,0,26,[3 7],1,3,29,2,3
1,<environment.Job instance at 0x7fdea41986e0>,6,1,[10  1],7,29,30,22,7
1,<environment.Job instance at 0x7fde596a3640>,13,14,[6 5],14,30,44,16,15
1,<environment.Job instance at 0x7fde596a3be0>,22,26,[ 3 10],23,47,73,24,47
1,<environment.Job instance at 0x7fde596b8050>,29,13,[4 7],30,73,86,43,58
1,<environment.Job instance at 0x7fde590d5c30>,0,17,[5 2],1,1,18,0,1
1,<environment.Job instance at 0x7fde590d5b90>,2,12,[6 2],3,18,30,15,3
1,<environment.Job instance at 0x7fde590d5d70>,8,14,[8 5],9,30,44,21,16
1,<environment.Job instance at 0x7fdea30a4640>,16,3,[4 9],17,44,47,27,25
1,<environment.Job instance at 0x7fdea30a41e0>,15,13,[5 7],16,47,60,31,34
1,<environment.Job instance at 0x7fde5953c5a0>,20,12,[2 9],21,60,72,39,46
1,<environment.Job instance at 0x7fde593e2a00>,24,2,[2 7],25,72,74,47,56
1,<environment.Job instance at 0x7fdea38f3730>,25,15,[5 6],26,74,89,48,67
1,<environment.Job instance at 0x7fde5937cd20>,30,16,[5 4],31,74,90,43,72
1,<environment.Job instance at 0x7fdea3bd5500>,36,14,[6 5],37,90,104,53,79
1,<environment.Job instance at 0x7fdea337de10>,1,16,[1 6],2,2,18,0,2
1,<environment.Job instance at 0x7fdea3c37b40>,7,17,[5 7],8,18,35,10,8
1,<environment.Job instance at 0x7fdea327e320>,13,12,[9 3],14,35,47,21,18
1,<environment.Job instance at 0x7fdea2e29af0>,29,14,[9 4],30,47,61,17,36
1,<environment.Job instance at 0x7fdea35f66e0>,36,17,[2 9],37,70,87,33,70
1,<environment.Job instance at 0x7fdea35f6820>,38,13,[ 3 10],39,87,100,48,75
1,<environment.Job instance at 0x7fde594f7820>,8,2,[6 4],9,9,11,0,9
1,<environment.Job instance at 0x7fde594f7aa0>,12,1,[5 5],13,14,15,1,14
1,<environment.Job instance at 0x7fde594f7500>,5,14,[7 3],6,15,29,9,15
1,<environment.Job instance at 0x7fdea31dd140>,17,17,[2 7],18,18,35,0,18
1,<environment.Job instance at 0x7fdea31dd0a0>,18,15,[5 5],19,35,50,16,21
1,<environment.Job instance at 0x7fdea31ddaa0>,25,3,[6 4],26,50,53,24,36
1,<environment.Job instance at 0x7fdea31ddbe0>,27,3,[3 8],28,53,56,25,38
1,<environment.Job instance at 0x7fdea31dd550>,21,18,[5 9],22,56,74,34,48
1,<environment.Job instance at 0x7fdea31c7190>,35,13,[8 4],36,74,87,38,59
1,<environment.Job instance at 0x7fdea31c7050>,39,18,[7 4],40,87,105,47,78
1,<environment.Job instance at 0x7fde59027870>,3,16,[6 3],4,4,20,0,4
1,<environment.Job instance at 0x7fde590275a0>,4,17,[1 8],5,20,37,15,10
1,<environment.Job instance at 0x7fdea31cb730>,12,25,[7 5],13,37,62,24,33
1,<environment.Job instance at 0x7fdea30f3460>,27,13,[5 8],28,62,75,34,51
1,<environment.Job instance at 0x7fdea30f3690>,31,18,[8 1],32,75,93,43,64
1,<environment.Job instance at 0x7fdea3799e10>,36,1,[1 6],37,75,76,38,74
1,<environment.Job instance at 0x7fdea3ae38c0>,0,25,[10  4],1,3,28,2,3
1,<environment.Job instance at 0x7fdea2e46370>,12,15,[4 9],13,28,43,15,14
1,<environment.Job instance at 0x7fde591e5f50>,26,20,[10  4],27,43,63,16,35
1,<environment.Job instance at 0x7fdea375e370>,12,1,[6 5],13,14,15,1,14
1,<environment.Job instance at 0x7fdea374eaa0>,4,15,[5 5],5,15,30,10,15
1,<environment.Job instance at 0x7fdea375e9b0>,14,18,[9 1],15,30,48,15,20
1,<environment.Job instance at 0x7fdea37406e0>,24,3,[3 5],25,59,62,34,59
1,<environment.Job instance at 0x7fde592e50a0>,26,13,[7 1],27,62,75,35,62
1,<environment.Job instance at 0x7fdea3740af0>,25,2,[8 3],26,75,77,49,62
1,<environment.Job instance at 0x7fde592f0690>,29,1,[4 9],30,77,78,47,66
1,<environment.Job instance at 0x7fde592f5e10>,32,3,[2 9],33,66,69,33,66
1,<environment.Job instance at 0x7fde591fbfa0>,33,3,[1 5],34,70,73,36,70
1,<environment.Job instance at 0x7fde591fb370>,35,1,[8 4],36,78,79,42,71
1,<environment.Job instance at 0x7fdea3b11d20>,36,18,[5 4],37,79,97,42,72
1,<environment.Job instance at 0x7fde59471320>,4,21,[8 1],5,12,33,7,12
1,<environment.Job instance at 0x7fde58e55f50>,20,15,[4 8],21,35,50,14,35
1,<environment.Job instance at 0x7fdea365ea50>,25,15,[9 1],26,50,65,24,42
1,<environment.Job instance at 0x7fdea365e1e0>,33,14,[4 9],34,65,79,31,64
1,<environment.Job instance at 0x7fdea3772050>,16,15,[4 7],17,79,94,62,75
1,<environment.Job instance at 0x7fde58d8aeb0>,4,15,[3 8],5,7,22,2,7
1,<environment.Job instance at 0x7fde58d8ad70>,7,13,[ 5 10],8,22,35,14,8
1,<environment.Job instance at 0x7fde58d66870>,16,13,[5 6],17,35,48,18,19
1,<environment.Job instance at 0x7fde595f9640>,19,15,[5 9],20,48,63,28,34
1,<environment.Job instance at 0x7fde595f9960>,26,14,[6 1],27,63,77,36,48
1,<environment.Job instance at 0x7fdea37cc230>,37,15,[6 4],38,77,92,39,72
1,<environment.Job instance at 0x7fdea3a441e0>,11,17,[8 2],12,17,34,5,17
1,<environment.Job instance at 0x7fdea3a53140>,15,16,[3 8],16,34,50,18,30
1,<environment.Job instance at 0x7fdea3a44e10>,10,3,[10  4],11,50,53,39,34
1,<environment.Job instance at 0x7fdea3a53dc0>,17,18,[5 4],18,53,71,35,42
1,<environment.Job instance at 0x7fdea3a40460>,25,13,[ 3 10],26,71,84,45,58
1,<environment.Job instance at 0x7fde593e3f50>,31,17,[3 7],32,84,101,52,74
1,<environment.Job instance at 0x7fdea342e460>,37,18,[5 2],38,84,102,46,79
1,<environment.Job instance at 0x7fdea31b53c0>,2,15,[1 7],3,3,18,0,3
1,<environment.Job instance at 0x7fdea37f82d0>,3,17,[6 1],4,4,21,0,4
1,<environment.Job instance at 0x7fde58f86f50>,6,13,[8 3],7,21,34,14,7
1,<environment.Job instance at 0x7fdea3ae32d0>,17,2,[1 5],18,18,20,0,18
1,<environment.Job instance at 0x7fde59356cd0>,14,16,[1 8],15,34,50,19,33
1,<environment.Job instance at 0x7fdea3613500>,24,13,[10  5],25,50,63,25,43
1,<environment.Job instance at 0x7fde58efb820>,29,12,[7 1],30,63,75,33,51
1,<environment.Job instance at 0x7fde58efbfa0>,31,23,[5 9],32,75,98,43,71
1,<environment.Job instance at 0x7fdea32c96e0>,3,18,[6 1],4,4,22,0,4
1,<environment.Job instance at 0x7fdea32c9960>,5,15,[4 9],6,6,21,0,6
1,<environment.Job instance at 0x7fde59430d20>,8,16,[8 5],9,22,38,13,9
1,<environment.Job instance at 0x7fde592304b0>,21,12,[10  5],22,38,50,16,25
1,<environment.Job instance at 0x7fde59430730>,15,22,[9 4],16,50,72,34,43
1,<environment.Job instance at 0x7fde596e2b90>,40,18,[9 4],41,72,90,31,66
1,<environment.Job instance at 0x7fde5924a410>,46,13,[2 9],47,90,103,43,74
1,<environment.Job instance at 0x7fde59190410>,1,17,[3 7],2,2,19,0,2
1,<environment.Job instance at 0x7fde590390f0>,6,12,[5 8],7,19,31,12,8
1,<environment.Job instance at 0x7fde59039d20>,9,15,[4 6],10,31,46,21,17
1,<environment.Job instance at 0x7fde59358640>,21,14,[9 4],22,46,60,24,31
1,<environment.Job instance at 0x7fdea39e56e0>,26,2,[1 6],27,51,53,24,51
1,<environment.Job instance at 0x7fdea39b6230>,30,14,[6 3],31,60,74,29,55
1,<environment.Job instance at 0x7fdea39e5280>,23,17,[3 7],24,66,83,42,66
1,<environment.Job instance at 0x7fdea396f460>,33,14,[ 4 10],34,83,97,49,70
1,<environment.Job instance at 0x7fa1be039140>,0,17,[6 1],1,1,18,0,1
1,<environment.Job instance at 0x7fa1b8c2a280>,3,22,[2 5],4,4,26,0,4
1,<environment.Job instance at 0x7fa1b8c2a820>,9,12,[8 2],10,18,30,8,10
1,<environment.Job instance at 0x7fa1b8c2ae60>,18,26,[7 4],19,30,56,11,27
1,<environment.Job instance at 0x7fa1b8c2e4b0>,22,12,[3 8],23,56,68,33,41
1,<environment.Job instance at 0x7fa1b8c2a6e0>,8,17,[1 8],9,68,85,59,67
1,<environment.Job instance at 0x7fa1b8c2ee10>,34,14,[1 9],35,85,99,50,70
1,<environment.Job instance at 0x7fa1b8c2e320>,1,18,[5 4],2,2,20,0,2
1,<environment.Job instance at 0x7fa1be1b4f00>,8,1,[2 9],9,20,21,11,12
1,<environment.Job instance at 0x7fa1be1b4190>,11,15,[2 7],12,21,36,9,13
1,<environment.Job instance at 0x7fa1be1aa280>,20,23,[5 1],21,22,45,1,22
1,<environment.Job instance at 0x7fa1be1aac30>,22,12,[1 6],23,36,48,13,24
1,<environment.Job instance at 0x7fa1be1a5280>,14,1,[ 1 10],15,48,49,33,27
1,<environment.Job instance at 0x7fa1be1ac370>,25,2,[1 6],26,49,51,23,34
1,<environment.Job instance at 0x7fa1be1ac730>,26,12,[8 4],27,49,61,22,39
1,<environment.Job instance at 0x7fa1be1ac410>,33,3,[10  1],34,61,64,27,58
1,<environment.Job instance at 0x7fa1be1a5870>,15,16,[7 5],16,64,80,48,58
1,<environment.Job instance at 0x7fa1be1a8280>,35,2,[7 4],36,80,82,44,59
1,<environment.Job instance at 0x7fa1be1a81e0>,34,1,[6 1],35,82,83,47,61
1,<environment.Job instance at 0x7fa1be1a8550>,38,1,[7 1],39,83,84,44,64
1,<environment.Job instance at 0x7fa1be1a8820>,37,14,[7 2],38,84,98,46,79
1,<environment.Job instance at 0x7fa1be1afc30>,45,15,[8 3],46,98,113,52,87
1,<environment.Job instance at 0x7fa1be1af0f0>,1,18,[6 2],2,2,20,0,2
1,<environment.Job instance at 0x7fa172f40690>,13,12,[1 9],14,20,32,6,14
1,<environment.Job instance at 0x7fa172f40960>,14,26,[3 9],15,32,58,17,29
1,<environment.Job instance at 0x7fa172f0a280>,26,16,[6 5],27,58,74,31,51
1,<environment.Job instance at 0x7fa172f1da50>,35,21,[1 6],36,74,95,38,68
1,<environment.Job instance at 0x7fa173549b90>,0,18,[5 8],1,1,19,0,1
1,<environment.Job instance at 0x7fa173549af0>,3,13,[8 3],4,19,32,15,7
1,<environment.Job instance at 0x7fa172fbf7d0>,17,27,[9 5],18,32,59,14,30
1,<environment.Job instance at 0x7fa172fbf3c0>,26,13,[8 2],27,59,72,32,47
1,<environment.Job instance at 0x7fa172fbf960>,29,15,[6 5],30,72,87,42,66
1,<environment.Job instance at 0x7fa173310f00>,0,26,[8 3],1,6,32,5,6
1,<environment.Job instance at 0x7fa173321640>,13,2,[10  2],14,32,34,18,16
1,<environment.Job instance at 0x7fa173321af0>,17,13,[ 5 10],18,34,47,16,19
1,<environment.Job instance at 0x7fa173321140>,11,18,[5 8],12,47,65,35,36
1,<environment.Job instance at 0x7fa173312f50>,38,15,[10  4],39,65,80,26,64
1,<environment.Job instance at 0x7fa1733303c0>,43,18,[1 6],44,80,98,36,79
1,<environment.Job instance at 0x7fa173330460>,1,17,[7 5],2,2,19,0,2
1,<environment.Job instance at 0x7fa1bd962230>,5,14,[3 8],6,19,33,13,6
1,<environment.Job instance at 0x7fa1b9013910>,17,12,[6 2],18,21,33,3,21
1,<environment.Job instance at 0x7fa1b9013050>,16,12,[10  2],17,33,45,16,25
1,<environment.Job instance at 0x7fa1b8efb870>,22,14,[5 3],23,45,59,22,31
1,<environment.Job instance at 0x7fa1b8efb9b0>,20,12,[3 7],21,45,57,24,34
1,<environment.Job instance at 0x7fa1b8eee730>,28,1,[6 5],29,59,60,30,50
1,<environment.Job instance at 0x7fa1b8eee550>,24,22,[7 3],25,60,82,35,53
1,<environment.Job instance at 0x7fa1b90dfc80>,45,17,[8 2],46,82,99,36,70
1,<environment.Job instance at 0x7fa1b8ef22d0>,0,22,[7 1],1,1,23,0,1
1,<environment.Job instance at 0x7fa1731dc640>,11,12,[2 6],12,14,26,2,14
1,<environment.Job instance at 0x7fa1b9007c80>,13,17,[4 7],14,26,43,12,14
1,<environment.Job instance at 0x7fa1730e9460>,20,26,[3 7],21,43,69,22,42
1,<environment.Job instance at 0x7fa1b8c46230>,32,24,[1 9],33,69,93,36,65
1,<environment.Job instance at 0x7fa1bd5696e0>,40,17,[5 6],41,93,110,52,82
1,<environment.Job instance at 0x7fa1bd5685a0>,0,13,[5 4],1,1,14,0,1
1,<environment.Job instance at 0x7fa172e09be0>,12,12,[6 2],13,14,26,1,14
1,<environment.Job instance at 0x7fa172e09f00>,15,16,[6 2],16,26,42,10,16
1,<environment.Job instance at 0x7fa172df2050>,16,16,[8 2],17,42,58,25,29
1,<environment.Job instance at 0x7fa172df2780>,27,2,[1 6],28,46,48,18,46
1,<environment.Job instance at 0x7fa172df23c0>,23,24,[8 5],24,58,82,34,54
1,<environment.Job instance at 0x7fa172df2be0>,32,16,[5 4],33,82,98,49,70
1,<environment.Job instance at 0x7fa172edea00>,7,17,[5 7],8,8,25,0,8
1,<environment.Job instance at 0x7fa173385910>,10,3,[8 5],11,25,28,14,12
1,<environment.Job instance at 0x7fa173385190>,12,3,[4 7],13,28,31,15,13
1,<environment.Job instance at 0x7fa172ede4b0>,15,14,[5 2],16,28,42,12,17
1,<environment.Job instance at 0x7fa1b8a81e60>,17,17,[2 6],18,31,48,13,21
1,<environment.Job instance at 0x7fa1bda75fa0>,19,3,[3 7],20,48,51,28,22
1,<environment.Job instance at 0x7fa172db1cd0>,23,13,[5 6],24,51,64,27,35
1,<environment.Job instance at 0x7fa1bd424550>,29,14,[9 4],30,64,78,34,59
1,<environment.Job instance at 0x7fa1bd5f40f0>,32,25,[7 3],33,78,103,45,77
1,<environment.Job instance at 0x7fa1733feb40>,37,13,[4 7],38,103,116,65,87
1,<environment.Job instance at 0x7fa1bda0fa50>,3,24,[3 5],4,4,28,0,4
1,<environment.Job instance at 0x7fa17336c500>,12,3,[9 4],13,28,31,15,13
1,<environment.Job instance at 0x7fa1b8bd01e0>,11,18,[5 9],12,31,49,19,21
1,<environment.Job instance at 0x7fa1bd961780>,20,18,[2 7],21,49,67,28,38
1,<environment.Job instance at 0x7fa173276aa0>,26,13,[6 5],27,67,80,40,51
1,<environment.Job instance at 0x7fa1bdadbb40>,34,18,[3 6],35,80,98,45,69
1,<environment.Job instance at 0x7fa1b8d08500>,0,16,[ 2 10],1,1,17,0,1
1,<environment.Job instance at 0x7fa1b8d080a0>,3,15,[4 8],4,17,32,13,6
1,<environment.Job instance at 0x7fa172f4eb90>,9,17,[ 2 10],10,32,49,22,21
1,<environment.Job instance at 0x7fa172f35b90>,22,17,[3 5],23,49,66,26,39
1,<environment.Job instance at 0x7fa172f35be0>,26,17,[7 3],27,49,66,22,41
1,<environment.Job instance at 0x7fa172f35cd0>,23,16,[5 2],24,66,82,42,61
1,<environment.Job instance at 0x7fa172f1b640>,32,24,[4 6],33,66,90,33,61
1,<environment.Job instance at 0x7fa172f1bcd0>,40,16,[5 4],41,82,98,41,70
1,<environment.Job instance at 0x7fa172efc3c0>,44,12,[7 2],45,98,110,53,84
1,<environment.Job instance at 0x7fa172efc2d0>,45,3,[5 3],46,90,93,44,85
1,<environment.Job instance at 0x7fa1bd78f370>,3,27,[1 7],4,4,31,0,4
1,<environment.Job instance at 0x7fa1bd78fdc0>,7,1,[ 4 10],8,31,32,23,9
1,<environment.Job instance at 0x7fa1b905d460>,11,25,[9 1],12,32,57,20,31
1,<environment.Job instance at 0x7fa1b905d1e0>,17,18,[5 5],18,57,75,39,47
1,<environment.Job instance at 0x7fa1b905de60>,20,27,[5 4],21,66,93,45,66
1,<environment.Job instance at 0x7fa1bdf30870>,0,17,[7 1],1,1,18,0,1
1,<environment.Job instance at 0x7fa1b8a75050>,2,15,[3 6],3,3,18,0,3
1,<environment.Job instance at 0x7fa1b8a756e0>,4,12,[1 5],5,18,30,13,5
1,<environment.Job instance at 0x7fa1b8a75e60>,5,18,[8 2],6,18,36,12,7
1,<environment.Job instance at 0x7fa173337c30>,21,15,[7 2],22,36,51,14,23
1,<environment.Job instance at 0x7fa1734281e0>,33,14,[5 7],34,51,65,17,48
1,<environment.Job instance at 0x7fa173428320>,34,15,[7 2],35,65,80,30,51
1,<environment.Job instance at 0x7fa1734280f0>,37,12,[9 1],38,80,92,42,64
1,<environment.Job instance at 0x7fa172c47d20>,7,18,[3 9],8,8,26,0,8
1,<environment.Job instance at 0x7fa172da4870>,12,15,[ 1 10],13,26,41,13,15
1,<environment.Job instance at 0x7fa172da4500>,22,15,[2 7],23,41,56,18,29
1,<environment.Job instance at 0x7fa172c368c0>,25,14,[5 1],26,41,55,15,34
1,<environment.Job instance at 0x7fa1734c0c80>,29,24,[7 1],30,55,79,25,51
1,<environment.Job instance at 0x7fa1b8b364b0>,40,18,[8 5],41,79,97,38,71
1,<environment.Job instance at 0x7fa1732b0eb0>,5,17,[9 3],6,12,29,6,12
1,<environment.Job instance at 0x7fa1b900aa00>,22,13,[7 3],23,29,42,6,26
1,<environment.Job instance at 0x7fa1b907f820>,27,15,[5 5],28,42,57,14,38
1,<environment.Job instance at 0x7fa1b8d8cfa0>,30,3,[10  4],31,57,60,26,39
1,<environment.Job instance at 0x7fa1b90a0320>,33,1,[6 2],34,60,61,26,47
1,<environment.Job instance at 0x7fa1b90a0780>,34,2,[8 4],35,61,63,26,47
1,<environment.Job instance at 0x7fa1b90a05a0>,35,16,[3 8],36,63,79,27,52
1,<environment.Job instance at 0x7fa1b90a00a0>,41,17,[7 2],42,68,85,26,68
1,<environment.Job instance at 0x7fa1b90a0370>,43,16,[3 9],44,85,101,41,73
1,<environment.Job instance at 0x7fa172e25370>,47,1,[4 8],48,101,102,53,86
1,<environment.Job instance at 0x7fa172e25140>,48,2,[10  1],49,102,104,53,86
1,<environment.Job instance at 0x7fa1b8ba86e0>,2,16,[10  1],3,3,19,0,3
1,<environment.Job instance at 0x7fa172bfd4b0>,12,15,[1 7],13,19,34,6,14
1,<environment.Job instance at 0x7fa172bfdb40>,13,17,[6 1],14,19,36,5,17
1,<environment.Job instance at 0x7fa172bfd870>,9,18,[3 8],10,34,52,24,24
1,<environment.Job instance at 0x7fa17359afa0>,27,2,[1 5],28,52,54,24,50
1,<environment.Job instance at 0x7fa172bfdaf0>,18,15,[8 2],19,52,67,33,52
1,<environment.Job instance at 0x7fa17359ab40>,29,20,[2 8],30,56,76,26,56
1,<environment.Job instance at 0x7fa17359a7d0>,33,18,[8 1],34,67,85,33,61
1,<environment.Job instance at 0x7fa1bd85bd20>,3,18,[6 1],4,4,22,0,4
1,<environment.Job instance at 0x7fa1732405a0>,5,15,[4 9],6,6,21,0,6
1,<environment.Job instance at 0x7fa173235e10>,11,12,[4 8],12,21,33,9,12
1,<environment.Job instance at 0x7fa1732602d0>,15,22,[9 4],16,33,55,17,27
1,<environment.Job instance at 0x7fa173258f50>,26,22,[3 8],27,55,77,28,48
1,<environment.Job instance at 0x7fa172fedaf0>,38,17,[3 7],39,77,94,38,66
1,<environment.Job instance at 0x7fa1735cfeb0>,41,12,[ 4 10],42,94,106,52,82
1,<environment.Job instance at 0x7fa172e91370>,45,2,[1 6],46,106,108,60,86
1,<environment.Job instance at 0x7fa1b8b60a00>,0,26,[2 8],1,2,28,1,2
1,<environment.Job instance at 0x7fa1bd7fcc30>,4,3,[2 7],5,28,31,23,9
1,<environment.Job instance at 0x7fa1bd5ee320>,11,14,[9 4],12,31,45,19,17
1,<environment.Job instance at 0x7fa1be0216e0>,16,2,[1 6],17,31,33,14,28
1,<environment.Job instance at 0x7fa1b8dbc500>,19,1,[2 6],20,45,46,25,28
1,<environment.Job instance at 0x7fa172f5ed20>,20,14,[6 3],21,45,59,24,31
1,<environment.Job instance at 0x7fa172c36c30>,33,17,[7 2],34,73,90,39,73
1,<environment.Job instance at 0x7fa172c36aa0>,40,12,[8 4],41,90,102,49,88
1,<environment.Job instance at 0x7fa172d17500>,7,3,[3 6],8,8,11,0,8
1,<environment.Job instance at 0x7fa172d17aa0>,6,12,[6 4],7,8,20,1,8
1,<environment.Job instance at 0x7fa172d17be0>,9,1,[5 6],10,20,21,10,10
1,<environment.Job instance at 0x7fa172d175f0>,10,17,[1 5],11,21,38,10,16
1,<environment.Job instance at 0x7fa172d17870>,14,3,[5 5],15,21,24,6,17
1,<environment.Job instance at 0x7fa172cdf6e0>,18,12,[1 8],19,38,50,19,21
1,<environment.Job instance at 0x7fa1b8ee6640>,21,17,[5 3],22,50,67,28,38
1,<environment.Job instance at 0x7fa1b8ee6b40>,25,1,[2 6],26,50,51,24,46
1,<environment.Job instance at 0x7fa1b8ee6910>,28,3,[6 5],29,67,70,38,49
1,<environment.Job instance at 0x7fa1b8ee6500>,29,3,[2 6],30,51,54,21,49
1,<environment.Job instance at 0x7fa172bb2be0>,30,3,[1 5],31,54,57,23,50
1,<environment.Job instance at 0x7fa1b8ee65a0>,26,14,[8 4],27,70,84,43,56
1,<environment.Job instance at 0x7fa172bb23c0>,35,14,[6 4],36,84,98,48,71
1,<environment.Job instance at 0x7fa1b90211e0>,1,16,[6 2],2,7,23,5,7
1,<environment.Job instance at 0x7fa1b89b0be0>,11,3,[1 9],12,23,26,11,12
1,<environment.Job instance at 0x7fa173291c30>,10,2,[10  3],11,26,28,15,12
1,<environment.Job instance at 0x7fa1b9017410>,15,26,[5 5],16,28,54,12,26
1,<environment.Job instance at 0x7fa1bd4b3410>,16,3,[7 1],17,54,57,37,28
1,<environment.Job instance at 0x7f3181f29140>,0,17,[6 1],1,1,18,0,1
1,<environment.Job instance at 0x7f3181f292d0>,2,14,[ 2 10],3,18,32,15,3
1,<environment.Job instance at 0x7f3180dcabe0>,16,18,[7 3],17,32,50,15,21
1,<environment.Job instance at 0x7f3180dcf1e0>,21,18,[9 4],22,50,68,28,39
1,<environment.Job instance at 0x7f3180dcf870>,30,26,[9 4],31,69,95,38,69
1,<environment.Job instance at 0x7f3180dcfdc0>,38,2,[6 1],39,95,97,56,86
1,<environment.Job instance at 0x7f3180dcfcd0>,34,14,[1 9],35,95,109,60,93
1,<environment.Job instance at 0x7f3180dd00f0>,39,14,[9 4],40,109,123,69,95
1,<environment.Job instance at 0x7f31820a0280>,2,13,[9 4],3,3,16,0,3
1,<environment.Job instance at 0x7f3182090f00>,5,16,[7 5],6,16,32,10,6
1,<environment.Job instance at 0x7f31820a4550>,15,2,[1 6],16,32,34,16,17
1,<environment.Job instance at 0x7f31820a47d0>,14,1,[9 2],15,32,33,17,18
1,<environment.Job instance at 0x7f318209f370>,18,16,[5 2],19,33,49,14,21
1,<environment.Job instance at 0x7f3182096af0>,32,18,[10  4],33,49,67,16,46
1,<environment.Job instance at 0x7f31820a4050>,9,27,[3 9],10,67,94,57,66
1,<environment.Job instance at 0x7f318209de60>,45,3,[9 2],46,94,97,48,87
1,<environment.Job instance at 0x7f318209d640>,46,13,[10  5],47,97,110,50,87
1,<environment.Job instance at 0x7f3136e5f230>,0,23,[4 7],1,1,24,0,1
1,<environment.Job instance at 0x7f3136eb5370>,6,16,[6 5],7,24,40,17,14
1,<environment.Job instance at 0x7f3136ebe370>,19,17,[8 5],20,46,63,26,46
1,<environment.Job instance at 0x7f3136ebeaa0>,24,15,[8 5],25,63,78,38,56
1,<environment.Job instance at 0x7f3136ebe820>,26,2,[10  2],27,78,80,51,63
1,<environment.Job instance at 0x7f3136ebeb40>,27,12,[4 8],28,80,92,52,63
1,<environment.Job instance at 0x7f3136eb5cd0>,11,17,[3 6],12,92,109,80,87
1,<environment.Job instance at 0x7f3136ebe9b0>,35,18,[5 4],36,92,110,56,88
1,<environment.Job instance at 0x7f3136ebee10>,34,2,[3 8],35,110,112,75,93
1,<environment.Job instance at 0x7f3136ec9370>,43,13,[9 2],44,112,125,68,96
1,<environment.Job instance at 0x7f3136e0ddc0>,9,12,[6 3],10,11,23,1,11
1,<environment.Job instance at 0x7f3136e0d640>,13,16,[4 5],14,15,31,1,15
1,<environment.Job instance at 0x7f3136e0dc30>,18,14,[9 4],19,31,45,12,21
1,<environment.Job instance at 0x7f313726d0f0>,25,27,[4 5],26,47,74,21,47
1,<environment.Job instance at 0x7f3136f4d1e0>,43,17,[7 1],44,85,102,41,85
1,<environment.Job instance at 0x7f3136f4d320>,44,21,[4 9],45,102,123,57,95
1,<environment.Job instance at 0x7f3136f4d500>,2,27,[8 3],3,4,31,1,4
1,<environment.Job instance at 0x7f31372087d0>,8,16,[9 2],9,31,47,22,22
1,<environment.Job instance at 0x7f31372208c0>,26,21,[ 4 10],27,47,68,20,39
1,<environment.Job instance at 0x7f31372203c0>,24,14,[3 6],25,68,82,43,53
1,<environment.Job instance at 0x7f3137220eb0>,30,13,[6 2],31,68,81,37,54
1,<environment.Job instance at 0x7f3137220a50>,27,23,[2 8],28,82,105,54,80
1,<environment.Job instance at 0x7f31810d4a50>,2,16,[10  4],3,3,19,0,3
1,<environment.Job instance at 0x7f31810d46e0>,4,16,[9 5],5,19,35,14,6
1,<environment.Job instance at 0x7f3180cac8c0>,17,28,[9 1],18,35,63,17,35
1,<environment.Job instance at 0x7f31371c0820>,29,18,[1 7],30,49,67,19,49
1,<environment.Job instance at 0x7f31371c06e0>,33,22,[3 5],34,67,89,33,60
1,<environment.Job instance at 0x7f31371c03c0>,36,3,[6 3],37,63,66,26,62
1,<environment.Job instance at 0x7f313722e780>,39,18,[3 8],40,89,107,49,81
1,<environment.Job instance at 0x7f313722eaf0>,42,21,[5 7],43,107,128,64,99
1,<environment.Job instance at 0x7f3181041aa0>,0,17,[10  2],1,1,18,0,1
1,<environment.Job instance at 0x7f31811bd870>,1,13,[10  2],2,18,31,16,2
1,<environment.Job instance at 0x7f3136f4bb90>,6,14,[8 4],7,31,45,24,16
1,<environment.Job instance at 0x7f318127bf50>,22,27,[5 7],23,45,72,22,43
1,<environment.Job instance at 0x7f318128ecd0>,29,17,[5 2],30,61,78,31,61
1,<environment.Job instance at 0x7f3180d1d230>,35,15,[6 2],36,79,94,43,79
1,<environment.Job instance at 0x7f3180d1d8c0>,40,17,[5 2],41,94,111,53,82
1,<environment.Job instance at 0x7f31818f74b0>,46,16,[8 2],47,111,127,64,98
1,<environment.Job instance at 0x7f3180b92d70>,1,16,[8 4],2,3,19,1,3
1,<environment.Job instance at 0x7f3136f412d0>,12,12,[4 7],13,19,31,6,17
1,<environment.Job instance at 0x7f3136f41a50>,18,12,[7 5],19,31,43,12,19
1,<environment.Job instance at 0x7f3136f350a0>,27,17,[5 7],28,43,60,15,35
1,<environment.Job instance at 0x7f3136f35820>,34,12,[1 5],35,60,72,25,43
1,<environment.Job instance at 0x7f3136f35f00>,40,16,[9 4],41,62,78,21,62
1,<environment.Job instance at 0x7f3136f59690>,46,27,[10  4],47,80,107,33,80
1,<environment.Job instance at 0x7f3136f598c0>,1,12,[3 9],2,2,14,0,2
1,<environment.Job instance at 0x7f313719cf00>,6,2,[5 7],7,14,16,7,7
1,<environment.Job instance at 0x7f3136cdeaf0>,7,1,[2 8],8,16,17,8,8
1,<environment.Job instance at 0x7f3136cde7d0>,8,2,[6 4],9,17,19,8,10
1,<environment.Job instance at 0x7f3136cdeaa0>,10,12,[3 6],11,17,29,6,12
1,<environment.Job instance at 0x7f313719c820>,5,14,[7 3],6,19,33,13,16
1,<environment.Job instance at 0x7f3136f4bc30>,16,15,[3 6],17,29,44,12,25
1,<environment.Job instance at 0x7f318152a050>,20,15,[6 3],21,33,48,12,26
1,<environment.Job instance at 0x7f3181229a00>,25,3,[6 4],26,48,51,22,39
1,<environment.Job instance at 0x7f318126c5f0>,26,15,[5 1],27,51,66,24,39
1,<environment.Job instance at 0x7f3181a600a0>,28,12,[1 8],29,51,63,22,39
1,<environment.Job instance at 0x7f318121fb40>,29,1,[4 5],30,44,45,14,39
1,<environment.Job instance at 0x7f3181577f50>,27,3,[3 8],28,63,66,35,41
1,<environment.Job instance at 0x7f318121f460>,32,12,[6 2],33,66,78,33,49
1,<environment.Job instance at 0x7f3180c88780>,40,1,[1 7],41,74,75,33,74
1,<environment.Job instance at 0x7f3180c88960>,41,1,[9 4],42,78,79,36,74
1,<environment.Job instance at 0x7f313719cdc0>,3,27,[8 5],4,87,114,83,87
1,<environment.Job instance at 0x7f3181111280>,0,16,[ 2 10],1,1,17,0,1
1,<environment.Job instance at 0x7f3180fe35a0>,6,18,[5 8],7,17,35,10,8
1,<environment.Job instance at 0x7f3180b92910>,20,13,[3 8],21,35,48,14,25
1,<environment.Job instance at 0x7f3137239dc0>,22,17,[3 5],23,48,65,25,36
1,<environment.Job instance at 0x7f3137380b90>,31,17,[9 4],32,65,82,33,55
1,<environment.Job instance at 0x7f3181491370>,19,17,[1 5],20,75,92,55,75
1,<environment.Job instance at 0x7f31373809b0>,34,18,[5 2],35,84,102,49,84
1,<environment.Job instance at 0x7f31811badc0>,40,16,[5 4],41,92,108,51,85
1,<environment.Job instance at 0x7f318104fa50>,44,12,[7 2],45,108,120,63,91
1,<environment.Job instance at 0x7f3180f00910>,1,25,[9 1],2,3,28,1,3
1,<environment.Job instance at 0x7f3180e41410>,6,17,[1 6],7,7,24,0,7
1,<environment.Job instance at 0x7f3180e41500>,7,18,[5 5],8,28,46,20,17
1,<environment.Job instance at 0x7f3180e41cd0>,18,17,[5 3],19,28,45,9,24
1,<environment.Job instance at 0x7f3180e4a2d0>,23,16,[7 2],24,46,62,22,33
1,<environment.Job instance at 0x7f3180e4abe0>,30,13,[7 1],31,62,75,31,48
1,<environment.Job instance at 0x7f3180e4ad20>,35,18,[7 4],36,75,93,39,65
1,<environment.Job instance at 0x7f3180e4e5f0>,42,14,[4 6],43,93,107,50,78
1,<environment.Job instance at 0x7f3180e4ecd0>,1,15,[7 2],2,3,18,1,3
1,<environment.Job instance at 0x7f3181137d70>,8,16,[10  1],9,18,34,9,9
1,<environment.Job instance at 0x7f31814acd70>,17,12,[9 1],18,34,46,16,21
1,<environment.Job instance at 0x7f31814acc30>,21,2,[4 7],22,46,48,24,22
1,<environment.Job instance at 0x7f31814ac0a0>,23,1,[9 5],24,48,49,24,27
1,<environment.Job instance at 0x7f31814acdc0>,18,1,[1 9],19,34,35,15,28
1,<environment.Job instance at 0x7f31814ac140>,26,2,[7 3],27,49,51,22,29
1,<environment.Job instance at 0x7f31373b55a0>,32,2,[6 5],33,51,53,18,36
1,<environment.Job instance at 0x7f31814ac780>,25,13,[2 6],26,53,66,27,40
1,<environment.Job instance at 0x7f313701c640>,46,3,[1 7],47,75,78,28,75
1,<environment.Job instance at 0x7f313701c370>,49,1,[8 2],50,79,80,29,79
1,<environment.Job instance at 0x7f313701c5a0>,50,15,[7 2],51,82,97,31,82
1,<environment.Job instance at 0x7f313701c190>,48,16,[6 5],49,97,113,48,84
1,<environment.Job instance at 0x7f3137336960>,0,26,[4 8],1,2,28,1,2
1,<environment.Job instance at 0x7f3137336aa0>,8,13,[ 5 10],9,28,41,19,13
1,<environment.Job instance at 0x7f3180e3dfa0>,19,15,[5 9],20,41,56,21,27
1,<environment.Job instance at 0x7f3180d7cf50>,28,2,[3 9],29,56,58,27,50
1,<environment.Job instance at 0x7f3180d7c870>,26,14,[6 1],27,57,71,30,57
1,<environment.Job instance at 0x7f31371430a0>,33,17,[10  3],34,71,88,37,59
1,<environment.Job instance at 0x7f31371433c0>,31,2,[1 5],32,59,61,27,59
1,<environment.Job instance at 0x7f31371432d0>,39,15,[ 5 10],40,88,103,48,76
1,<environment.Job instance at 0x7f3137143410>,44,24,[5 9],45,103,127,58,98
1,<environment.Job instance at 0x7f3137237370>,2,1,[2 7],3,3,4,0,3
1,<environment.Job instance at 0x7f318129cd20>,3,16,[3 9],4,5,21,1,5
1,<environment.Job instance at 0x7f3181432870>,10,2,[5 5],11,21,23,10,12
1,<environment.Job instance at 0x7f318141d780>,11,17,[3 7],12,23,40,11,14
1,<environment.Job instance at 0x7f318141d460>,15,3,[9 3],16,40,43,24,18
1,<environment.Job instance at 0x7f31814240f0>,17,18,[5 2],18,21,39,3,20
1,<environment.Job instance at 0x7f3137343aa0>,25,12,[5 9],26,43,55,17,41
1,<environment.Job instance at 0x7f3181004320>,31,18,[7 1],32,55,73,23,48
1,<environment.Job instance at 0x7f31815215f0>,41,15,[9 5],42,73,88,31,62
1,<environment.Job instance at 0x7f3137345960>,48,28,[8 3],49,89,117,40,89
1,<environment.Job instance at 0x7f31372ce140>,16,3,[8 4],17,18,21,1,18
1,<environment.Job instance at 0x7f31812e4c30>,14,18,[5 3],15,21,39,6,21
1,<environment.Job instance at 0x7f3136bef410>,20,2,[7 2],21,39,41,18,27
1,<environment.Job instance at 0x7f3180b70b40>,19,19,[9 1],20,41,60,21,32
1,<environment.Job instance at 0x7f3180cef320>,36,18,[7 2],37,60,78,23,58
1,<environment.Job instance at 0x7f3180cefb40>,38,1,[8 3],39,78,79,39,70
1,<environment.Job instance at 0x7f3180cef410>,39,18,[5 1],40,79,97,39,70
1,<environment.Job instance at 0x7f3181186280>,42,17,[5 9],43,87,104,44,87
1,<environment.Job instance at 0x7f31819bb6e0>,45,15,[4 9],46,104,119,58,90
1,<environment.Job instance at 0x7f31819bb230>,49,16,[5 1],50,99,115,49,99
1,<environment.Job instance at 0x7f3136b19e60>,2,18,[4 9],3,3,21,0,3
1,<environment.Job instance at 0x7f3136b19f00>,4,15,[9 5],5,21,36,16,7
1,<environment.Job instance at 0x7f3136aad190>,19,13,[9 5],20,36,49,16,20
1,<environment.Job instance at 0x7f3136afcb40>,26,12,[5 8],27,49,61,22,40
1,<environment.Job instance at 0x7f3136b199b0>,14,13,[1 9],15,61,74,46,48
1,<environment.Job instance at 0x7f3136afc5f0>,34,3,[2 7],35,74,77,39,61
1,<environment.Job instance at 0x7f3136afcd70>,35,16,[5 1],36,62,78,26,62
1,<environment.Job instance at 0x7f3136aa4640>,37,2,[9 5],38,78,80,40,62
1,<environment.Job instance at 0x7f3136aa4140>,36,3,[2 7],37,80,83,43,63
1,<environment.Job instance at 0x7f3136aa4550>,40,20,[7 1],41,80,100,39,71
1,<environment.Job instance at 0x7f3136aa45a0>,42,14,[7 1],43,100,114,57,93
1,<environment.Job instance at 0x7f3136aa40f0>,46,2,[1 6],47,95,97,48,95
1,<environment.Job instance at 0x7f3136aa1370>,48,2,[7 4],49,114,116,65,95
1,<environment.Job instance at 0x7f3136aa1dc0>,1,18,[5 5],2,2,20,0,2
1,<environment.Job instance at 0x7f3181556c80>,15,12,[5 2],16,22,34,6,22
1,<environment.Job instance at 0x7f3181556910>,17,17,[2 7],18,27,44,9,27
1,<environment.Job instance at 0x7f3136aa5500>,19,14,[6 4],20,44,58,24,30
1,<environment.Job instance at 0x7f3181558c30>,24,18,[3 9],25,65,83,40,65
1,<environment.Job instance at 0x7f3181556be0>,26,12,[6 4],27,83,95,56,66
1,<environment.Job instance at 0x7f3136be3690>,37,18,[7 5],38,95,113,57,85
1,<environment.Job instance at 0x7f3136b19e10>,0,15,[4 9],1,1,16,0,1
1,<environment.Job instance at 0x7f3180f49910>,4,13,[3 8],5,16,29,11,5
1,<environment.Job instance at 0x7f3181066500>,16,18,[3 6],17,29,47,12,18
1,<environment.Job instance at 0x7f3181035140>,31,1,[10  4],32,62,63,30,62
1,<environment.Job instance at 0x7f31814ab1e0>,24,18,[2 9],25,63,81,38,62
1,<environment.Job instance at 0x7f31814aba50>,30,17,[2 7],31,81,98,50,69
1,<environment.Job instance at 0x7f3181a60a50>,45,22,[6 4],46,99,121,53,99
1,<environment.Job instance at 0x7f3180eda5f0>,0,22,[ 3 10],1,1,23,0,1
1,<environment.Job instance at 0x7f3137409c80>,7,15,[6 1],8,23,38,15,9
1,<environment.Job instance at 0x7f31813569b0>,13,14,[3 7],14,23,37,9,14
1,<environment.Job instance at 0x7f3181356050>,22,2,[8 4],23,38,40,15,23
1,<environment.Job instance at 0x7f31810f9050>,23,18,[5 5],24,40,58,16,30
1,<environment.Job instance at 0x7f3181b20960>,32,15,[5 5],33,43,58,10,43
1,<environment.Job instance at 0x7f31810f9f50>,25,13,[4 8],26,58,71,32,45
1,<environment.Job instance at 0x7f3181b20b40>,36,14,[5 5],37,71,85,34,56
1,<environment.Job instance at 0x7f3181b20c30>,38,16,[7 5],39,85,101,46,72
1,<environment.Job instance at 0x7f3137175a50>,53,13,[7 4],54,101,114,47,89
1,<environment.Job instance at 0x7f31818bec80>,10,21,[5 4],11,11,32,0,11
1,<environment.Job instance at 0x7f31818be1e0>,5,16,[5 5],6,15,31,9,15
1,<environment.Job instance at 0x7f313722ffa0>,16,16,[5 8],17,32,48,15,19
1,<environment.Job instance at 0x7f3180e9f690>,28,14,[10  3],29,48,62,19,45
1,<environment.Job instance at 0x7f3181857e10>,31,12,[3 5],32,62,74,30,45
1,<environment.Job instance at 0x7f3181867190>,40,15,[5 9],41,82,97,41,82
1,<environment.Job instance at 0x7f31818672d0>,43,18,[4 6],44,97,115,53,87
1,<environment.Job instance at 0x7f2d720181e0>,0,17,[6 1],1,1,18,0,1
1,<environment.Job instance at 0x7f2d720182d0>,2,14,[ 2 10],3,18,32,15,3
1,<environment.Job instance at 0x7f2d70eb9b40>,13,18,[5 9],14,32,50,18,21
1,<environment.Job instance at 0x7f2d70ebb0a0>,20,3,[10  5],21,50,53,29,35
1,<environment.Job instance at 0x7f2d70ebb3c0>,22,12,[3 8],23,53,65,30,41
1,<environment.Job instance at 0x7f2d70ebb7d0>,27,17,[4 6],28,65,82,37,55
1,<environment.Job instance at 0x7f2d70ebb9b0>,30,26,[9 4],31,82,108,51,81
1,<environment.Job instance at 0x7f2d70ec06e0>,45,15,[7 5],46,108,123,62,103
1,<environment.Job instance at 0x7f2d72187820>,0,23,[5 1],1,2,25,1,2
1,<environment.Job instance at 0x7f2d72187e10>,3,17,[5 1],4,4,21,0,4
1,<environment.Job instance at 0x7f2d7218ef50>,8,16,[5 2],9,21,37,12,9
1,<environment.Job instance at 0x7f2d7218c2d0>,16,2,[1 6],17,25,27,8,17
1,<environment.Job instance at 0x7f2d72189d70>,21,13,[3 8],22,27,40,5,22
1,<environment.Job instance at 0x7f2d72040690>,25,15,[8 3],26,40,55,14,27
1,<environment.Job instance at 0x7f2d7203f1e0>,29,1,[5 5],30,55,56,25,32
1,<environment.Job instance at 0x7f2d7218eaf0>,9,28,[7 5],10,62,90,52,62
1,<environment.Job instance at 0x7f2d72193230>,46,12,[1 6],47,90,102,43,77
1,<environment.Job instance at 0x7f2d7209f320>,52,20,[10  5],53,107,127,54,107
1,<environment.Job instance at 0x7f2d2700a230>,25,27,[6 1],26,49,76,23,49
1,<environment.Job instance at 0x7f2d26fbebe0>,35,1,[5 1],36,76,77,40,67
1,<environment.Job instance at 0x7f2d26fbe0a0>,37,14,[10  5],38,77,91,39,71
1,<environment.Job instance at 0x7f2d27084c30>,3,12,[2 7],4,4,16,0,4
1,<environment.Job instance at 0x7f2d27084e10>,9,15,[ 2 10],10,16,31,6,10
1,<environment.Job instance at 0x7f2d273922d0>,13,17,[7 1],14,31,48,17,26
1,<environment.Job instance at 0x7f2d273bf140>,24,16,[5 2],25,48,64,23,35
1,<environment.Job instance at 0x7f2d273dbb90>,27,14,[3 6],28,35,49,7,35
1,<environment.Job instance at 0x7f2d273db910>,29,2,[8 2],30,64,66,34,40
1,<environment.Job instance at 0x7f2d273dbb40>,26,25,[2 8],27,49,74,22,45
1,<environment.Job instance at 0x7f2d272bfd20>,37,3,[10  5],38,74,77,36,50
1,<environment.Job instance at 0x7f2d272bfa00>,39,2,[5 3],40,77,79,37,53
1,<environment.Job instance at 0x7f2d2753dd70>,40,12,[3 8],41,79,91,38,62
1,<environment.Job instance at 0x7f2d2753d230>,47,13,[ 5 10],48,91,104,43,75
1,<environment.Job instance at 0x7f2d272cbc30>,53,3,[2 8],54,104,107,50,85
1,<environment.Job instance at 0x7f2d272cbf50>,59,18,[10  4],60,107,125,47,105
1,<environment.Job instance at 0x7f2d27303960>,4,24,[5 5],5,5,29,0,5
1,<environment.Job instance at 0x7f2d27303f00>,9,15,[9 5],10,29,44,19,15
1,<environment.Job instance at 0x7f2d27303f50>,12,1,[4 8],13,44,45,31,17
1,<environment.Job instance at 0x7f2d27307690>,20,12,[4 5],21,45,57,24,30
1,<environment.Job instance at 0x7f2d27307e10>,26,12,[10  2],27,57,69,30,49
1,<environment.Job instance at 0x7f2d27305370>,30,12,[3 7],31,69,81,38,52
1,<environment.Job instance at 0x7f2d27303cd0>,8,28,[ 5 10],9,81,109,72,80
1,<environment.Job instance at 0x7f2d272f4550>,50,15,[2 5],51,109,124,58,100
1,<environment.Job instance at 0x7f2d272f4640>,52,17,[4 5],53,109,126,56,104
1,<environment.Job instance at 0x7f2d718618c0>,5,15,[5 9],6,6,21,0,6
1,<environment.Job instance at 0x7f2d71861eb0>,16,1,[10  1],17,21,22,4,20
1,<environment.Job instance at 0x7f2d71861cd0>,18,13,[5 5],19,22,35,3,20
1,<environment.Job instance at 0x7f2d71861730>,20,13,[10  1],21,35,48,14,22
1,<environment.Job instance at 0x7f2d70d94f50>,22,24,[1 9],23,48,72,25,44
1,<environment.Job instance at 0x7f2d71861230>,10,26,[3 7],11,72,98,61,69
1,<environment.Job instance at 0x7f2d70d94b40>,35,21,[ 2 10],36,98,119,62,95
1,<environment.Job instance at 0x7f2d70d6af00>,44,2,[7 1],45,96,98,51,96
1,<environment.Job instance at 0x7f2d26f62f50>,1,15,[8 1],2,3,18,1,3
1,<environment.Job instance at 0x7f2d26fa28c0>,3,15,[ 3 10],4,18,33,14,4
1,<environment.Job instance at 0x7f2d70fefc80>,17,21,[4 8],18,33,54,15,25
1,<environment.Job instance at 0x7f2d71365be0>,20,2,[10  4],21,54,56,33,31
1,<environment.Job instance at 0x7f2d70c82500>,23,2,[9 2],24,56,58,32,34
1,<environment.Job instance at 0x7f2d716b6730>,18,23,[3 9],19,58,81,39,52
1,<environment.Job instance at 0x7f2d26f0e960>,40,2,[2 7],41,81,83,40,73
1,<environment.Job instance at 0x7f2d26efa460>,29,15,[ 2 10],30,83,98,53,73
1,<environment.Job instance at 0x7f2d26f0e280>,41,16,[8 4],42,98,114,56,93
1,<environment.Job instance at 0x7f2d710cb370>,53,15,[6 2],54,114,129,60,100
1,<environment.Job instance at 0x7f2d712fe0a0>,7,16,[2 7],8,12,28,4,12
1,<environment.Job instance at 0x7f2d712fe7d0>,12,14,[8 5],13,28,42,15,13
1,<environment.Job instance at 0x7f2d712fed70>,17,3,[4 6],18,42,45,24,33
1,<environment.Job instance at 0x7f2d712fe870>,15,26,[4 8],16,45,71,29,42
1,<environment.Job instance at 0x7f2d712fe550>,9,14,[7 2],10,71,85,61,63
1,<environment.Job instance at 0x7f2d71321640>,32,2,[10  4],33,85,87,52,67
1,<environment.Job instance at 0x7f2d71321370>,25,25,[5 7],26,87,112,61,84
1,<environment.Job instance at 0x7f2d7131d3c0>,46,15,[3 6],47,112,127,65,107
1,<environment.Job instance at 0x7f2d272b48c0>,4,17,[1 8],5,8,25,3,8
1,<environment.Job instance at 0x7f2d716bc870>,17,13,[5 3],18,25,38,7,20
1,<environment.Job instance at 0x7f2d716bc140>,18,12,[10  2],19,38,50,19,21
1,<environment.Job instance at 0x7f2d710a9910>,23,15,[4 8],24,50,65,26,39
1,<environment.Job instance at 0x7f2d26faddc0>,32,15,[3 9],33,65,80,32,56
1,<environment.Job instance at 0x7f2d7193eeb0>,33,20,[8 4],34,80,100,46,71
1,<environment.Job instance at 0x7f2d272a8af0>,6,3,[10  3],7,7,10,0,7
1,<environment.Job instance at 0x7f2d7148ec30>,7,1,[ 4 10],8,10,11,2,8
1,<environment.Job instance at 0x7f2d7148e2d0>,8,13,[2 7],9,11,24,2,9
1,<environment.Job instance at 0x7f2d70df9d70>,17,18,[5 5],18,34,52,16,34
1,<environment.Job instance at 0x7f2d7110d1e0>,19,13,[8 4],20,52,65,32,44
1,<environment.Job instance at 0x7f2d70feebe0>,32,14,[3 8],33,84,98,51,84
1,<environment.Job instance at 0x7f2d70fee460>,33,16,[7 2],34,86,102,52,86
1,<environment.Job instance at 0x7f2d70fee550>,37,18,[2 6],38,98,116,60,87
1,<environment.Job instance at 0x7f2d71b7fc30>,43,19,[7 1],44,102,121,58,101
1,<environment.Job instance at 0x7f2d711099b0>,0,14,[10  4],1,1,15,0,1
1,<environment.Job instance at 0x7f2d26d52e10>,8,16,[10  1],9,15,31,6,9
1,<environment.Job instance at 0x7f2d26d7b5f0>,17,12,[9 1],18,31,43,13,22
1,<environment.Job instance at 0x7f2d26d7baa0>,22,12,[5 5],23,43,55,20,26
1,<environment.Job instance at 0x7f2d26d82960>,33,3,[4 7],34,55,58,21,39
1,<environment.Job instance at 0x7f2d26d829b0>,36,15,[4 7],37,58,73,21,45
1,<environment.Job instance at 0x7f2d26d82910>,40,15,[4 8],41,73,88,32,60
1,<environment.Job instance at 0x7f2d26d76730>,50,15,[7 2],51,88,103,37,79
1,<environment.Job instance at 0x7f2d26d76d70>,57,15,[1 6],58,99,114,41,99
1,<environment.Job instance at 0x7f2d26d82a50>,37,23,[9 2],38,106,129,68,106
1,<environment.Job instance at 0x7f2d26d821e0>,0,18,[8 5],1,1,19,0,1
1,<environment.Job instance at 0x7f2d26d828c0>,3,18,[8 1],4,19,37,15,8
1,<environment.Job instance at 0x7f2d26db4b90>,15,22,[1 9],16,19,41,3,16
1,<environment.Job instance at 0x7f2d712ba1e0>,26,12,[4 7],27,41,53,14,30
1,<environment.Job instance at 0x7f2d712bae60>,20,18,[7 3],21,53,71,32,48
1,<environment.Job instance at 0x7f2d26dd2640>,32,3,[5 9],33,71,74,38,48
1,<environment.Job instance at 0x7f2d71962c30>,37,26,[8 5],38,75,101,37,75
1,<environment.Job instance at 0x7f2d71962280>,42,13,[9 1],43,101,114,58,91
1,<environment.Job instance at 0x7f2d70d00690>,5,12,[5 9],6,6,18,0,6
1,<environment.Job instance at 0x7f2d70d00eb0>,9,1,[ 3 10],10,18,19,8,10
1,<environment.Job instance at 0x7f2d2721c4b0>,11,18,[7 1],12,19,37,7,12
1,<environment.Job instance at 0x7f2d2721cd70>,18,12,[10  2],19,37,49,18,21
1,<environment.Job instance at 0x7f2d71541d20>,29,20,[1 9],30,49,69,19,41
1,<environment.Job instance at 0x7f2d70f7e230>,27,15,[ 3 10],28,69,84,41,60
1,<environment.Job instance at 0x7f2d71541b90>,39,18,[3 8],40,84,102,44,76
1,<environment.Job instance at 0x7f2d27403c80>,47,12,[ 3 10],48,102,114,54,85
1,<environment.Job instance at 0x7f2d272b59b0>,6,18,[7 2],7,8,26,1,8
1,<environment.Job instance at 0x7f2d27290230>,21,12,[4 8],22,26,38,4,25
1,<environment.Job instance at 0x7f2d711c4dc0>,23,2,[2 5],24,38,40,14,33
1,<environment.Job instance at 0x7f2d274ae280>,3,27,[9 4],4,40,67,36,38
1,<environment.Job instance at 0x7f2d27238c80>,35,12,[3 5],36,67,79,31,54
1,<environment.Job instance at 0x7f2d26f7a5a0>,37,14,[6 2],38,67,81,29,62
1,<environment.Job instance at 0x7f2d271ebaa0>,38,2,[5 5],39,81,83,42,62
1,<environment.Job instance at 0x7f2d27230b40>,39,2,[10  1],40,83,85,43,62
1,<environment.Job instance at 0x7f2d711f0140>,40,1,[10  3],41,85,86,44,62
1,<environment.Job instance at 0x7f2d274ddaf0>,42,1,[3 9],43,86,87,43,62
1,<environment.Job instance at 0x7f2d27022fa0>,43,1,[5 2],44,81,82,37,62
1,<environment.Job instance at 0x7f2d26dd1870>,29,27,[5 8],30,88,115,58,88
1,<environment.Job instance at 0x7f2d7218c1e0>,0,20,[7 1],1,1,21,0,1
1,<environment.Job instance at 0x7f2d71655af0>,3,17,[3 7],4,4,21,0,4
1,<environment.Job instance at 0x7f2d70f18c80>,8,2,[7 4],9,21,23,12,11
1,<environment.Job instance at 0x7f2d7189e190>,13,14,[ 4 10],14,23,37,9,20
1,<environment.Job instance at 0x7f2d70cf80f0>,23,17,[7 2],24,37,54,13,32
1,<environment.Job instance at 0x7f2d26ea9e10>,31,14,[ 2 10],32,54,68,22,53
1,<environment.Job instance at 0x7f2d26ea98c0>,35,25,[6 2],36,70,95,34,70
1,<environment.Job instance at 0x7f2d26ea9730>,40,2,[5 2],41,95,97,54,78
1,<environment.Job instance at 0x7f2d26ea9be0>,41,2,[1 7],42,78,80,36,78
1,<environment.Job instance at 0x7f2d26ea9f50>,42,15,[4 5],43,80,95,37,78
1,<environment.Job instance at 0x7f2d70c697d0>,51,15,[3 7],52,98,113,46,98
1,<environment.Job instance at 0x7f2d70c694b0>,52,21,[9 5],53,113,134,60,105
1,<environment.Job instance at 0x7f2d718766e0>,1,16,[3 9],2,4,20,2,4
1,<environment.Job instance at 0x7f2d271e62d0>,5,14,[6 4],6,20,34,14,9
1,<environment.Job instance at 0x7f2d271e6910>,8,2,[4 8],9,34,36,25,14
1,<environment.Job instance at 0x7f2d271e5fa0>,20,12,[1 9],21,36,48,15,36
1,<environment.Job instance at 0x7f2d271e52d0>,22,14,[4 6],23,48,62,25,39
1,<environment.Job instance at 0x7f2d271e5c80>,29,2,[3 5],30,62,64,32,56
1,<environment.Job instance at 0x7f2d71245b90>,36,22,[3 7],37,80,102,43,80
1,<environment.Job instance at 0x7f2d271e6640>,11,28,[5 9],12,102,130,90,101
1,<environment.Job instance at 0x7f2d26eb2640>,0,15,[9 4],1,2,17,1,2
1,<environment.Job instance at 0x7f2d26ecac30>,8,2,[10  1],9,17,19,8,9
1,<environment.Job instance at 0x7f2d26ecaa00>,6,16,[6 4],7,19,35,12,11
1,<environment.Job instance at 0x7f2d26ea45a0>,18,16,[8 2],19,35,51,16,22
1,<environment.Job instance at 0x7f2d26e9cc80>,31,26,[5 4],32,51,77,19,50
1,<environment.Job instance at 0x7f2d26e76140>,40,22,[ 3 10],41,96,118,55,96
1,<environment.Job instance at 0x7f2d27373460>,51,16,[5 4],52,118,134,66,106
1,<environment.Job instance at 0x7f2d714e6460>,0,22,[9 5],1,2,24,1,2
1,<environment.Job instance at 0x7f2d27274640>,7,17,[1 5],8,10,27,2,10
1,<environment.Job instance at 0x7f2d713e08c0>,10,16,[5 2],11,24,40,13,11
1,<environment.Job instance at 0x7f2d7106c5f0>,20,2,[3 7],21,27,29,6,24
1,<environment.Job instance at 0x7f2d7106cbe0>,21,12,[9 4],22,40,52,18,27
1,<environment.Job instance at 0x7f2d7203ea00>,23,19,[8 5],24,52,71,28,43
1,<environment.Job instance at 0x7f2d2724bd20>,31,2,[ 5 10],32,71,73,39,44
1,<environment.Job instance at 0x7f2d2724b5f0>,38,12,[9 1],39,73,85,34,64
1,<environment.Job instance at 0x7f2d2724bb90>,40,21,[5 4],41,85,106,44,77
1,<environment.Job instance at 0x7f2d273ee050>,53,14,[8 3],54,106,120,52,93
1,<environment.Job instance at 0x7f2d2750de10>,55,17,[9 4],56,120,137,64,109
1,<environment.Job instance at 0x7f2d716b0aa0>,0,28,[4 7],1,1,29,0,1
1,<environment.Job instance at 0x7f2d272fcf00>,8,2,[6 5],9,29,31,20,9
1,<environment.Job instance at 0x7f2d272fcaa0>,10,1,[10  2],11,31,32,20,14
1,<environment.Job instance at 0x7f2d26bd5aa0>,5,14,[4 5],6,32,46,26,18
1,<environment.Job instance at 0x7f2d272fc550>,18,18,[2 9],19,46,64,27,35
1,<environment.Job instance at 0x7f2d71b52af0>,24,3,[4 7],25,64,67,39,44
1,<environment.Job instance at 0x7f2d71b52eb0>,26,16,[7 1],27,67,83,40,56
1,<environment.Job instance at 0x7f2d71b52be0>,32,1,[5 4],33,83,84,50,56
1,<environment.Job instance at 0x7f2d70c63a50>,40,14,[3 8],41,67,81,26,66
1,<environment.Job instance at 0x7f2d70c63280>,39,2,[3 9],40,81,83,41,69
1,<environment.Job instance at 0x7f2d71282320>,43,2,[ 5 10],44,84,86,40,71
1,<environment.Job instance at 0x7f2d70c636e0>,35,16,[5 2],36,86,102,50,73
1,<environment.Job instance at 0x7f2d712828c0>,50,2,[5 5],51,87,89,36,87
1,<environment.Job instance at 0x7f2d71282280>,44,17,[4 9],45,102,119,57,90
1,<environment.Job instance at 0x7f2d70fdfd70>,2,17,[7 4],3,3,20,0,3
1,<environment.Job instance at 0x7f2d2744ac80>,7,14,[7 2],8,20,34,12,8
1,<environment.Job instance at 0x7f2d2744a4b0>,11,3,[7 5],12,34,37,22,12
1,<environment.Job instance at 0x7f2d70fdfaa0>,10,14,[2 6],11,18,32,7,18
1,<environment.Job instance at 0x7f2d70d4c7d0>,13,15,[1 5],14,32,47,18,19
1,<environment.Job instance at 0x7f2d2707ee10>,9,17,[1 7],10,47,64,37,35
1,<environment.Job instance at 0x7f2d26b95c80>,24,27,[1 7],25,64,91,39,62
1,<environment.Job instance at 0x7f2d7112a550>,40,13,[4 7],41,91,104,50,78
1,<environment.Job instance at 0x7f2d7112ab90>,43,12,[5 5],44,104,116,60,87
1,<environment.Job instance at 0x7f2d7112aaa0>,46,19,[5 4],47,104,123,57,95
1,<environment.Job instance at 0x7f2d71100460>,52,14,[5 6],53,116,130,63,107
1,<environment.Job instance at 0x7f85e71540a0>,2,14,[ 2 10],3,3,17,0,3
1,<environment.Job instance at 0x7f85dbff4550>,6,15,[2 8],7,17,32,10,9
1,<environment.Job instance at 0x7f85dbff4730>,9,12,[8 2],10,17,29,7,10
1,<environment.Job instance at 0x7f85dbff4870>,10,22,[8 1],11,29,51,18,24
1,<environment.Job instance at 0x7f85dbff5230>,20,3,[10  5],21,51,54,30,25
1,<environment.Job instance at 0x7f85dbff5370>,22,12,[3 8],23,54,66,31,38
1,<environment.Job instance at 0x7f85dbff52d0>,21,18,[9 4],22,66,84,44,56
1,<environment.Job instance at 0x7f85dbff5870>,34,14,[1 9],35,84,98,49,77
1,<environment.Job instance at 0x7f85dbffb050>,38,2,[6 1],39,90,92,51,90
1,<environment.Job instance at 0x7f85dbffb280>,40,26,[ 1 10],41,98,124,57,97
1,<environment.Job instance at 0x7f85dbffb550>,42,2,[4 7],43,124,126,81,98
1,<environment.Job instance at 0x7f85dbffbaf0>,48,12,[9 2],49,126,138,77,114
1,<environment.Job instance at 0x7f85e72cf910>,9,13,[5 5],10,10,23,0,10
1,<environment.Job instance at 0x7f85e72cf230>,10,17,[9 5],11,23,40,12,11
1,<environment.Job instance at 0x7f85e72c38c0>,18,3,[4 6],19,40,43,21,28
1,<environment.Job instance at 0x7f85e72c30a0>,19,1,[5 5],20,43,44,23,29
1,<environment.Job instance at 0x7f85e72c1e60>,20,2,[7 5],21,44,46,23,32
1,<environment.Job instance at 0x7f85e72c1690>,21,14,[ 3 10],22,46,60,24,32
1,<environment.Job instance at 0x7f85e72c8640>,37,21,[10  4],38,60,81,22,58
1,<environment.Job instance at 0x7f85e72c5fa0>,43,2,[9 4],44,81,83,37,78
1,<environment.Job instance at 0x7f85e72c8d70>,41,12,[5 4],42,83,95,41,82
1,<environment.Job instance at 0x7f85e72c5c30>,44,14,[10  5],45,95,109,50,88
1,<environment.Job instance at 0x7f85e72c7b90>,50,17,[4 7],51,109,126,58,97
1,<environment.Job instance at 0x7f85e72cad70>,3,13,[9 2],4,8,21,4,8
1,<environment.Job instance at 0x7f85dbdb4320>,20,2,[4 5],21,21,23,0,21
1,<environment.Job instance at 0x7f85a023ebe0>,18,2,[5 3],19,23,25,4,23
1,<environment.Job instance at 0x7f85a0376870>,23,26,[5 3],24,26,52,2,26
1,<environment.Job instance at 0x7f85a0334aa0>,30,18,[5 8],31,52,70,21,41
1,<environment.Job instance at 0x7f85a02b60f0>,39,26,[2 8],40,70,96,30,67
1,<environment.Job instance at 0x7f85a0327cd0>,46,2,[8 1],47,81,83,34,81
1,<environment.Job instance at 0x7f85a0327230>,41,20,[ 4 10],42,96,116,54,87
1,<environment.Job instance at 0x7f85a037cf00>,52,2,[2 9],53,116,118,63,103
1,<environment.Job instance at 0x7f85a031daf0>,54,12,[8 3],55,118,130,63,108
1,<environment.Job instance at 0x7f85dbda5960>,59,15,[6 5],60,130,145,70,116
1,<environment.Job instance at 0x7f85a02e4870>,5,13,[9 1],6,16,29,10,16
1,<environment.Job instance at 0x7f85dbecd6e0>,15,15,[1 5],16,17,32,1,17
1,<environment.Job instance at 0x7f85dc0925f0>,18,1,[9 5],19,29,30,10,19
1,<environment.Job instance at 0x7f85dc119370>,6,18,[8 3],7,30,48,23,20
1,<environment.Job instance at 0x7f85dc0cceb0>,21,15,[5 7],22,48,63,26,34
1,<environment.Job instance at 0x7f85dc2830f0>,26,17,[7 4],27,63,80,36,51
1,<environment.Job instance at 0x7f85a036feb0>,30,15,[1 9],31,80,95,49,67
1,<environment.Job instance at 0x7f85a02848c0>,42,27,[8 3],43,95,122,52,93
1,<environment.Job instance at 0x7f85a0284320>,47,16,[7 4],48,122,138,74,112
1,<environment.Job instance at 0x7f85a0284b40>,1,15,[7 1],2,5,20,3,5
1,<environment.Job instance at 0x7f85dbddeaf0>,5,12,[4 5],6,20,32,14,7
1,<environment.Job instance at 0x7f85dbf84410>,14,2,[9 4],15,32,34,17,15
1,<environment.Job instance at 0x7f85dcaed820>,22,16,[10  4],23,34,50,11,28
1,<environment.Job instance at 0x7f85dcaed7d0>,24,16,[9 5],25,50,66,25,40
1,<environment.Job instance at 0x7f85dcac8500>,30,18,[ 2 10],31,66,84,35,62
1,<environment.Job instance at 0x7f85dcac8820>,33,2,[5 9],34,84,86,50,62
1,<environment.Job instance at 0x7f85dcad1b40>,38,13,[9 1],39,86,99,47,79
1,<environment.Job instance at 0x7f85dcad15a0>,40,3,[2 9],41,99,102,58,79
1,<environment.Job instance at 0x7f85dcad1140>,43,2,[7 2],44,102,104,58,100
1,<environment.Job instance at 0x7f85dcacea00>,47,1,[6 2],48,104,105,56,100
1,<environment.Job instance at 0x7f85dcaceb90>,48,15,[2 8],49,102,117,53,100
1,<environment.Job instance at 0x7f85dcace410>,52,17,[8 1],53,105,122,52,102
1,<environment.Job instance at 0x7f85dcacee60>,54,12,[3 9],55,122,134,67,105
1,<environment.Job instance at 0x7f85dbdf65f0>,0,17,[10  2],1,1,18,0,1
1,<environment.Job instance at 0x7f85dc481b40>,6,14,[8 4],7,18,32,11,7
1,<environment.Job instance at 0x7f85dc47c460>,13,1,[5 5],14,32,33,18,14
1,<environment.Job instance at 0x7f85dcb0d870>,19,1,[2 8],20,33,34,13,22
1,<environment.Job instance at 0x7f85dc47c1e0>,15,19,[6 3],16,34,53,18,24
1,<environment.Job instance at 0x7f85dc0fc7d0>,26,15,[10  3],27,53,68,26,41
1,<environment.Job instance at 0x7f85dc0fcbe0>,29,17,[5 2],30,72,89,42,72
1,<environment.Job instance at 0x7f85dc0fc4b0>,35,15,[6 2],36,89,104,53,89
1,<environment.Job instance at 0x7f85a08b9780>,40,17,[5 2],41,104,121,63,93
1,<environment.Job instance at 0x7f85a067fa00>,43,1,[1 5],44,96,97,52,96
1,<environment.Job instance at 0x7f85a067f910>,48,14,[8 5],49,121,135,72,114
1,<environment.Job instance at 0x7f85dccab5f0>,3,27,[3 5],4,5,32,1,5
1,<environment.Job instance at 0x7f85dc361cd0>,6,12,[4 8],7,32,44,25,16
1,<environment.Job instance at 0x7f85dcb7d5a0>,19,3,[3 7],20,44,47,24,20
1,<environment.Job instance at 0x7f85dcbf5410>,23,13,[5 6],24,47,60,23,31
1,<environment.Job instance at 0x7f85a06f5820>,24,1,[4 7],25,60,61,35,46
1,<environment.Job instance at 0x7f85a044a230>,28,14,[4 5],29,61,75,32,55
1,<environment.Job instance at 0x7f85dc0a34b0>,37,13,[4 7],38,75,88,37,66
1,<environment.Job instance at 0x7f85dc0a3b90>,38,13,[ 3 10],39,88,101,49,72
1,<environment.Job instance at 0x7f85dcb17dc0>,46,13,[8 5],47,101,114,54,92
1,<environment.Job instance at 0x7f85a08c9b90>,54,12,[3 7],55,114,126,59,103
1,<environment.Job instance at 0x7f85dbea51e0>,60,18,[1 7],61,126,144,65,115
1,<environment.Job instance at 0x7f85dc6eb550>,6,26,[8 5],7,11,37,4,11
1,<environment.Job instance at 0x7f85dc6c4500>,20,18,[5 6],21,37,55,16,26
1,<environment.Job instance at 0x7f85dc6c4eb0>,32,13,[9 2],33,83,96,50,83
1,<environment.Job instance at 0x7f85dc6eb910>,9,20,[6 3],10,96,116,86,88
1,<environment.Job instance at 0x7f85dc6b0be0>,46,2,[2 8],47,116,118,69,103
1,<environment.Job instance at 0x7f85dc67dd20>,0,25,[10  4],1,2,27,1,2
1,<environment.Job instance at 0x7f85dbecd3c0>,13,18,[8 3],14,27,45,13,17
1,<environment.Job instance at 0x7f85a0685370>,22,18,[8 1],23,45,63,22,34
1,<environment.Job instance at 0x7f85a0887d20>,6,14,[5 7],7,65,79,58,65
1,<environment.Job instance at 0x7f85a08c8fa0>,41,25,[9 1],42,101,126,59,101
1,<environment.Job instance at 0x7f85dbfaf370>,0,17,[7 1],1,1,18,0,1
1,<environment.Job instance at 0x7f85dbfafeb0>,2,15,[3 6],3,3,18,0,3
1,<environment.Job instance at 0x7f85dc3be960>,28,16,[10  1],29,41,57,12,41
1,<environment.Job instance at 0x7f85dc60d690>,33,14,[5 7],34,57,71,23,56
1,<environment.Job instance at 0x7f85dc58c4b0>,35,18,[9 1],36,71,89,35,64
1,<environment.Job instance at 0x7f85dcd11820>,49,25,[ 3 10],50,89,114,39,85
1,<environment.Job instance at 0x7f85a07020f0>,54,17,[5 4],55,114,131,59,103
1,<environment.Job instance at 0x7f85dcacc2d0>,0,26,[4 8],1,2,28,1,2
1,<environment.Job instance at 0x7f85dc3ede60>,11,1,[10  4],12,28,29,16,14
1,<environment.Job instance at 0x7f85dc424b40>,17,3,[1 6],18,29,32,11,18
1,<environment.Job instance at 0x7f85dc4244b0>,10,18,[8 5],11,32,50,21,22
1,<environment.Job instance at 0x7f85dc427370>,26,14,[6 1],27,50,64,23,38
1,<environment.Job instance at 0x7f85dc427870>,36,12,[4 7],37,70,82,33,70
1,<environment.Job instance at 0x7f85dc4277d0>,38,17,[3 8],39,82,99,43,70
1,<environment.Job instance at 0x7f85dc427f50>,40,19,[5 4],41,99,118,58,90
1,<environment.Job instance at 0x7f85dc3f88c0>,49,15,[6 5],50,118,133,68,116
1,<environment.Job instance at 0x7f85dc3f87d0>,1,15,[10  5],2,2,17,0,2
1,<environment.Job instance at 0x7f85dca93910>,11,18,[7 1],12,17,35,5,13
1,<environment.Job instance at 0x7f85a065a5a0>,20,3,[8 2],21,35,38,14,21
1,<environment.Job instance at 0x7f85a04b0960>,31,17,[5 6],32,57,74,25,57
1,<environment.Job instance at 0x7f85e7198a00>,34,12,[4 9],35,74,86,39,57
1,<environment.Job instance at 0x7f85a06c7c30>,41,18,[4 6],42,86,104,44,83
1,<environment.Job instance at 0x7f85a01fb5a0>,48,15,[8 2],49,104,119,55,96
1,<environment.Job instance at 0x7f85a01d6050>,54,16,[1 8],55,112,128,57,112
1,<environment.Job instance at 0x7f85a01d65a0>,55,1,[9 3],56,128,129,72,114
1,<environment.Job instance at 0x7f85a01d6d70>,53,12,[5 9],54,129,141,75,115
1,<environment.Job instance at 0x7f85dc88b7d0>,12,2,[5 7],13,13,15,0,13
1,<environment.Job instance at 0x7f85dc0c96e0>,9,16,[5 1],10,14,30,4,14
1,<environment.Job instance at 0x7f85a07c3d20>,17,2,[10  1],18,30,32,12,19
1,<environment.Job instance at 0x7f85a071d820>,3,18,[6 1],4,32,50,28,21
1,<environment.Job instance at 0x7f85a08cccd0>,23,16,[5 8],24,50,66,26,38
1,<environment.Job instance at 0x7f85dc652780>,28,2,[5 5],29,66,68,37,49
1,<environment.Job instance at 0x7f85dc6528c0>,29,2,[10  1],30,68,70,38,51
1,<environment.Job instance at 0x7f85dc652d20>,32,1,[3 9],33,70,71,37,54
1,<environment.Job instance at 0x7f85dc652e10>,33,1,[5 2],34,54,55,20,54
1,<environment.Job instance at 0x7f85a08cc8c0>,19,27,[5 8],20,74,101,54,74
1,<environment.Job instance at 0x7f85a01e1cd0>,7,15,[2 5],8,9,24,1,9
1,<environment.Job instance at 0x7f85dc4853c0>,10,12,[8 4],11,11,23,0,11
1,<environment.Job instance at 0x7f85a01c8460>,15,25,[6 2],16,23,48,7,20
1,<environment.Job instance at 0x7f85a01c87d0>,17,3,[3 6],18,24,27,6,23
1,<environment.Job instance at 0x7f85dc3d5be0>,22,15,[4 5],23,37,52,14,37
1,<environment.Job instance at 0x7f85a01ccb90>,23,2,[2 6],24,52,54,28,48
1,<environment.Job instance at 0x7f85a0562d20>,25,18,[4 5],26,54,72,28,51
1,<environment.Job instance at 0x7f85dc3d6050>,29,3,[3 8],30,72,75,42,51
1,<environment.Job instance at 0x7f85dc3cad20>,40,1,[5 1],41,71,72,30,71
1,<environment.Job instance at 0x7f85a0520f50>,41,18,[5 5],42,75,93,33,75
1,<environment.Job instance at 0x7f85a0002190>,46,17,[3 5],47,88,105,41,88
1,<environment.Job instance at 0x7f85a00024b0>,47,15,[5 9],48,105,120,57,94
1,<environment.Job instance at 0x7f85dc3857d0>,52,12,[4 6],53,120,132,67,117
1,<environment.Job instance at 0x7f85dcaed820>,0,18,[7 1],1,2,20,1,2
1,<environment.Job instance at 0x7f85dc29e410>,14,18,[6 5],15,20,38,5,17
1,<environment.Job instance at 0x7f85dca5c780>,24,13,[3 8],25,51,64,26,51
1,<environment.Job instance at 0x7f85a0634640>,32,20,[1 9],33,74,94,41,74
1,<environment.Job instance at 0x7f85a0634820>,33,18,[3 7],34,94,112,60,83
1,<environment.Job instance at 0x7f85dcb47e60>,0,22,[ 3 10],1,2,24,1,2
1,<environment.Job instance at 0x7f859ffd8f00>,7,15,[6 1],8,24,39,16,11
1,<environment.Job instance at 0x7f859ffd8b40>,12,18,[2 9],13,24,42,11,13
1,<environment.Job instance at 0x7f859ffd8280>,16,3,[4 6],17,42,45,25,17
1,<environment.Job instance at 0x7f859ff7ab90>,22,2,[8 4],23,45,47,22,23
1,<environment.Job instance at 0x7f859ff7ae10>,25,13,[4 8],26,51,64,25,51
1,<environment.Job instance at 0x7f859ff7a410>,32,15,[5 5],33,64,79,31,52
1,<environment.Job instance at 0x7f859ff79730>,35,14,[5 8],36,79,93,43,64
1,<environment.Job instance at 0x7f859ff79820>,41,13,[6 3],42,93,106,51,79
1,<environment.Job instance at 0x7f859fff0b40>,46,18,[1 8],47,106,124,59,95
1,<environment.Job instance at 0x7f859fff0190>,57,28,[8 2],58,110,138,52,110
1,<environment.Job instance at 0x7f85a0114af0>,3,14,[8 3],4,4,18,0,4
1,<environment.Job instance at 0x7f85a07ea870>,5,17,[9 4],6,18,35,12,6
1,<environment.Job instance at 0x7f85a07b6cd0>,19,3,[7 2],20,35,38,15,20
1,<environment.Job instance at 0x7f85a07efd70>,28,1,[3 9],29,48,49,19,48
1,<environment.Job instance at 0x7f85a07ef550>,26,16,[7 4],27,51,67,24,51
1,<environment.Job instance at 0x7f85dbf8baf0>,31,2,[ 3 10],32,67,69,35,52
1,<environment.Job instance at 0x7f85a093d2d0>,23,18,[4 6],24,69,87,45,58
1,<environment.Job instance at 0x7f85a0954a50>,36,15,[6 4],37,69,84,32,58
1,<environment.Job instance at 0x7f85dc785690>,12,18,[3 6],13,87,105,74,79
1,<environment.Job instance at 0x7f85dbfdc280>,45,2,[5 5],46,105,107,59,97
1,<environment.Job instance at 0x7f85dbdd9d70>,51,1,[5 3],52,105,106,53,105
1,<environment.Job instance at 0x7f85a095ef50>,35,28,[5 5],36,106,134,70,106
1,<environment.Job instance at 0x7f85dc41deb0>,3,17,[9 1],4,4,21,0,4
1,<environment.Job instance at 0x7f85dbff97d0>,5,14,[3 5],6,21,35,15,7
1,<environment.Job instance at 0x7f85a0554c30>,7,18,[7 5],8,21,39,13,11
1,<environment.Job instance at 0x7f85a0554b40>,10,1,[5 1],11,39,40,28,21
1,<environment.Job instance at 0x7f85a05543c0>,15,18,[9 4],16,40,58,24,38
1,<environment.Job instance at 0x7f85a003e3c0>,20,15,[8 3],21,58,73,37,44
1,<environment.Job instance at 0x7f85a0483a50>,27,1,[5 3],28,73,74,45,51
1,<environment.Job instance at 0x7f85dbdd8cd0>,24,1,[8 1],25,74,75,49,51
1,<environment.Job instance at 0x7f85dbdd86e0>,28,3,[10  1],29,75,78,46,56
1,<environment.Job instance at 0x7f85a024f870>,33,1,[2 7],34,58,59,24,57
1,<environment.Job instance at 0x7f85a03f8190>,36,14,[5 9],37,78,92,41,77
1,<environment.Job instance at 0x7f85a00117d0>,44,13,[8 2],45,92,105,47,78
1,<environment.Job instance at 0x7f85a03f8cd0>,47,12,[7 5],48,105,117,57,90
1,<environment.Job instance at 0x7f85dc8f3e10>,50,1,[7 1],51,117,118,66,101
1,<environment.Job instance at 0x7f85dc8f3550>,53,14,[2 7],54,117,131,63,110
1,<environment.Job instance at 0x7f85dc3337d0>,54,12,[4 7],55,131,143,76,115
1,<environment.Job instance at 0x7f85dc4737d0>,1,15,[7 4],2,2,17,0,2
1,<environment.Job instance at 0x7f85dc0fc500>,2,16,[7 2],3,17,33,14,4
1,<environment.Job instance at 0x7f85dc43a9b0>,17,22,[7 3],18,33,55,15,28
1,<environment.Job instance at 0x7f85dc43aa00>,20,18,[1 7],21,29,47,8,29
1,<environment.Job instance at 0x7f85dc5c4a50>,29,18,[5 9],30,55,73,25,52
1,<environment.Job instance at 0x7f85a08c8d20>,39,23,[4 9],40,90,113,50,90
1,<environment.Job instance at 0x7f85a02dfeb0>,1,15,[5 5],2,2,17,0,2
1,<environment.Job instance at 0x7f859ff639b0>,3,14,[5 2],4,4,18,0,4
1,<environment.Job instance at 0x7f859ff635f0>,4,17,[7 2],5,18,35,13,6
1,<environment.Job instance at 0x7f85dc72e0a0>,7,14,[3 8],8,17,31,9,9
1,<environment.Job instance at 0x7f85dc6eba00>,17,17,[3 5],18,31,48,13,25
1,<environment.Job instance at 0x7f85dc69a230>,25,3,[ 1 10],26,48,51,22,26
1,<environment.Job instance at 0x7f85dc61faa0>,40,12,[9 1],41,61,73,20,61
1,<environment.Job instance at 0x7f85dc61faf0>,42,21,[9 2],43,73,94,30,65
1,<environment.Job instance at 0x7f85dc626e60>,51,19,[6 5],52,94,113,42,92
1,<environment.Job instance at 0x7fdbd8c831e0>,0,17,[6 1],1,1,18,0,1
1,<environment.Job instance at 0x7fdbd8c832d0>,2,14,[ 2 10],3,18,32,15,3
1,<environment.Job instance at 0x7fdbd7b24cd0>,15,3,[2 8],16,32,35,16,23
1,<environment.Job instance at 0x7fdbd7b24dc0>,18,26,[7 4],19,35,61,16,32
1,<environment.Job instance at 0x7fdbd7b26640>,26,12,[8 5],27,61,73,34,55
1,<environment.Job instance at 0x7fdbd7b26b90>,32,21,[5 9],33,73,94,40,65
1,<environment.Job instance at 0x7fdbd7b26be0>,35,16,[1 9],36,94,110,58,89
1,<environment.Job instance at 0x7fdbd7b2a3c0>,42,2,[4 7],43,110,112,67,90
1,<environment.Job instance at 0x7fdbd7b2a050>,44,3,[5 1],45,93,96,48,93
1,<environment.Job instance at 0x7fdbd7b2ab90>,49,17,[10  2],50,112,129,62,112
1,<environment.Job instance at 0x7fdbd7b2ac30>,50,2,[5 6],51,129,131,78,112
1,<environment.Job instance at 0x7fdbd8df2280>,4,12,[5 4],5,6,18,1,6
1,<environment.Job instance at 0x7fdbd8df66e0>,8,3,[4 6],9,9,12,0,9
1,<environment.Job instance at 0x7fdbd8df68c0>,7,28,[ 2 10],8,18,46,10,18
1,<environment.Job instance at 0x7fdbd8df0550>,30,24,[1 5],31,46,70,15,43
1,<environment.Job instance at 0x7fdbd8df7e60>,34,14,[10  5],35,70,84,35,55
1,<environment.Job instance at 0x7fdbd8df7be0>,41,13,[5 7],42,84,97,42,73
1,<environment.Job instance at 0x7fdb8db9ee10>,1,17,[10  2],2,2,19,0,2
1,<environment.Job instance at 0x7fdb8db9e370>,6,15,[6 5],7,19,34,12,7
1,<environment.Job instance at 0x7fdb8dad46e0>,8,17,[1 5],9,19,36,10,9
1,<environment.Job instance at 0x7fdb8db33910>,12,18,[3 8],13,36,54,23,26
1,<environment.Job instance at 0x7fdb8dc0ac30>,21,20,[ 4 10],22,54,74,32,46
1,<environment.Job instance at 0x7fdbd78f4a50>,27,27,[9 5],28,74,101,46,73
1,<environment.Job instance at 0x7fdbd7fc1e10>,28,13,[8 4],29,101,114,72,97
1,<environment.Job instance at 0x7fdb8e1aad20>,0,15,[1 9],1,1,16,0,1
1,<environment.Job instance at 0x7fdbd7cdd9b0>,3,14,[5 6],4,16,30,12,5
1,<environment.Job instance at 0x7fdb8df36910>,10,16,[8 5],11,30,46,19,18
1,<environment.Job instance at 0x7fdb8db18370>,22,2,[2 7],23,46,48,23,45
1,<environment.Job instance at 0x7fdb8db18eb0>,23,1,[8 3],24,46,47,22,46
1,<environment.Job instance at 0x7fdb8df367d0>,13,18,[1 6],14,48,66,34,46
1,<environment.Job instance at 0x7fdbd7c46280>,26,2,[7 5],27,66,68,39,47
1,<environment.Job instance at 0x7fdbd7c469b0>,28,3,[2 9],29,68,71,39,47
1,<environment.Job instance at 0x7fdb8db78910>,32,16,[6 4],33,71,87,38,65
1,<environment.Job instance at 0x7fdb8dc1d5f0>,37,23,[2 8],38,87,110,49,82
1,<environment.Job instance at 0x7fdbd8857b90>,50,25,[6 4],51,113,138,62,113
1,<environment.Job instance at 0x7fdbd7d65280>,1,14,[9 2],2,3,17,1,3
1,<environment.Job instance at 0x7fdb8dea6370>,9,18,[1 7],10,12,30,2,12
1,<environment.Job instance at 0x7fdbd81beaf0>,12,17,[8 1],13,17,34,4,13
1,<environment.Job instance at 0x7fdbd8606b40>,20,22,[7 1],21,34,56,13,28
1,<environment.Job instance at 0x7fdbd8606c80>,22,21,[5 7],23,56,77,33,52
1,<environment.Job instance at 0x7fdbd8604730>,29,18,[8 2],30,77,95,47,66
1,<environment.Job instance at 0x7fdbd86046e0>,35,15,[5 9],36,95,110,59,82
1,<environment.Job instance at 0x7fdbd8625cd0>,39,2,[4 7],40,110,112,70,83
1,<environment.Job instance at 0x7fdbd8625410>,45,18,[4 9],46,112,130,66,107
1,<environment.Job instance at 0x7fdbd8609f00>,52,24,[1 9],53,130,154,77,125
1,<environment.Job instance at 0x7fdbd79e43c0>,6,3,[4 9],7,7,10,0,7
1,<environment.Job instance at 0x7fdbd79e4820>,1,18,[ 3 10],2,10,28,8,9
1,<environment.Job instance at 0x7fdbd818f870>,11,15,[8 1],12,28,43,16,28
1,<environment.Job instance at 0x7fdbd818f460>,17,14,[7 2],18,43,57,25,30
1,<environment.Job instance at 0x7fdb8df86a00>,25,2,[8 3],26,57,59,31,45
1,<environment.Job instance at 0x7fdbd818f9b0>,21,17,[ 4 10],22,59,76,37,53
1,<environment.Job instance at 0x7fdb8df86eb0>,29,13,[10  5],30,76,89,46,69
1,<environment.Job instance at 0x7fdb8df86460>,35,15,[4 7],36,89,104,53,76
1,<environment.Job instance at 0x7fdbd817e5a0>,43,3,[3 8],44,104,107,60,87
1,<environment.Job instance at 0x7fdbd817e690>,44,2,[3 6],45,107,109,62,87
1,<environment.Job instance at 0x7fdbd817e230>,45,13,[6 4],46,107,120,61,91
1,<environment.Job instance at 0x7fdbd84d2be0>,48,2,[ 1 10],49,120,122,71,99
1,<environment.Job instance at 0x7fdbd84d2b40>,49,12,[5 2],50,122,134,72,106
1,<environment.Job instance at 0x7fdbd8426be0>,1,14,[1 7],2,2,16,0,2
1,<environment.Job instance at 0x7fdbd7b5ee60>,2,14,[8 5],3,16,30,13,3
1,<environment.Job instance at 0x7fdbd7e7c5a0>,12,1,[6 5],13,30,31,17,16
1,<environment.Job instance at 0x7fdbd7fcecd0>,14,13,[7 3],15,31,44,16,21
1,<environment.Job instance at 0x7fdbd7e0b370>,5,26,[4 8],6,44,70,38,41
1,<environment.Job instance at 0x7fdbd867fe60>,26,2,[5 7],27,70,72,43,63
1,<environment.Job instance at 0x7fdbd867fe10>,27,1,[2 8],28,72,73,44,63
1,<environment.Job instance at 0x7fdbd7dfb2d0>,31,2,[3 5],32,73,75,41,67
1,<environment.Job instance at 0x7fdbd8721e60>,10,25,[5 4],11,73,98,62,69
1,<environment.Job instance at 0x7fdbd867f320>,23,27,[8 5],24,98,125,74,96
1,<environment.Job instance at 0x7fdbd870e870>,48,12,[1 8],49,125,137,76,116
1,<environment.Job instance at 0x7fdbd8b851e0>,0,14,[6 3],1,1,15,0,1
1,<environment.Job instance at 0x7fdb8db14230>,9,17,[1 5],10,12,29,2,12
1,<environment.Job instance at 0x7fdb8db145a0>,16,17,[7 3],17,18,35,1,18
1,<environment.Job instance at 0x7fdb8db14960>,18,13,[8 3],19,35,48,16,19
1,<environment.Job instance at 0x7fdb8db09140>,28,1,[1 9],29,51,52,22,51
1,<environment.Job instance at 0x7fdb8db09320>,29,1,[3 6],30,52,53,22,51
1,<environment.Job instance at 0x7fdb8db09500>,30,16,[5 4],31,52,68,21,52
1,<environment.Job instance at 0x7fdb8db09640>,32,12,[5 2],33,67,79,34,67
1,<environment.Job instance at 0x7fdb8db09780>,34,12,[7 2],35,79,91,44,76
1,<environment.Job instance at 0x7fdb8db09b90>,38,3,[7 2],39,91,94,52,76
1,<environment.Job instance at 0x7fdb8db14e10>,22,24,[4 6],23,96,120,73,96
1,<environment.Job instance at 0x7fdb8db000a0>,46,13,[8 4],47,120,133,73,107
1,<environment.Job instance at 0x7fdb8dba4dc0>,3,27,[5 1],4,6,33,2,6
1,<environment.Job instance at 0x7fdb8dba4460>,5,14,[5 9],6,15,29,9,15
1,<environment.Job instance at 0x7fdb8de8e500>,16,14,[5 7],17,29,43,12,17
1,<environment.Job instance at 0x7fdbd87da4b0>,19,3,[4 7],20,43,46,23,26
1,<environment.Job instance at 0x7fdbd8016e60>,10,13,[7 3],11,46,59,35,30
1,<environment.Job instance at 0x7fdbd7bed640>,28,13,[2 9],29,59,72,30,44
1,<environment.Job instance at 0x7fdb8dbb7f00>,31,3,[7 2],32,72,75,40,49
1,<environment.Job instance at 0x7fdb8db8b410>,35,1,[8 4],36,75,76,39,52
1,<environment.Job instance at 0x7fdbd8634d20>,20,18,[2 9],21,76,94,55,66
1,<environment.Job instance at 0x7fdbd8810fa0>,43,3,[2 7],44,72,75,28,72
1,<environment.Job instance at 0x7fdbd8725dc0>,46,1,[6 4],47,94,95,47,80
1,<environment.Job instance at 0x7fdb8db825f0>,39,25,[3 8],40,95,120,55,91
1,<environment.Job instance at 0x7fdbd8019050>,50,1,[3 6],51,120,121,69,95
1,<environment.Job instance at 0x7fdb8dec6b40>,68,16,[10  1],69,126,142,57,126
1,<environment.Job instance at 0x7fdb8e1223c0>,7,18,[3 9],8,10,28,2,10
1,<environment.Job instance at 0x7fdbd7ac1aa0>,10,15,[5 3],11,28,43,17,19
1,<environment.Job instance at 0x7fdb8e150c30>,22,15,[2 7],23,35,50,12,35
1,<environment.Job instance at 0x7fdb8e150e10>,29,24,[7 1],30,56,80,26,56
1,<environment.Job instance at 0x7fdb8e150fa0>,31,16,[2 7],32,58,74,26,58
1,<environment.Job instance at 0x7fdb8e150410>,34,15,[3 8],35,74,89,39,62
1,<environment.Job instance at 0x7fdbd79e9910>,39,3,[ 4 10],40,89,92,49,72
1,<environment.Job instance at 0x7fdbd79e9f00>,38,13,[ 5 10],39,92,105,53,77
1,<environment.Job instance at 0x7fdb8dd560a0>,48,17,[10  4],49,105,122,56,98
1,<environment.Job instance at 0x7fdb8e170140>,51,2,[9 4],52,122,124,70,102
1,<environment.Job instance at 0x7fdb8e170a00>,55,22,[1 9],56,124,146,68,118
1,<environment.Job instance at 0x7fdb8e219460>,1,17,[7 2],2,2,19,0,2
1,<environment.Job instance at 0x7fdb8db69050>,3,16,[3 9],4,19,35,15,7
1,<environment.Job instance at 0x7fdbd832ce10>,18,17,[3 5],19,35,52,16,24
1,<environment.Job instance at 0x7fdbd82fea00>,25,12,[5 9],26,52,64,26,42
1,<environment.Job instance at 0x7fdbd8321410>,40,3,[8 2],41,64,67,23,64
1,<environment.Job instance at 0x7fdbd83214b0>,41,15,[9 5],42,67,82,25,64
1,<environment.Job instance at 0x7fdbd8321b40>,45,15,[10  1],46,82,97,36,68
1,<environment.Job instance at 0x7fdbd8321d20>,49,20,[1 9],50,97,117,47,94
1,<environment.Job instance at 0x7fdbd8325460>,53,17,[ 2 10],54,117,134,63,106
1,<environment.Job instance at 0x7fdbd8325780>,58,15,[10  2],59,134,149,75,121
1,<environment.Job instance at 0x7fdbd8325690>,1,15,[10  1],2,2,17,0,2
1,<environment.Job instance at 0x7fdb8de4d8c0>,5,2,[4 9],6,17,19,11,7
1,<environment.Job instance at 0x7fdbd7eeab90>,12,17,[5 9],13,19,36,6,13
1,<environment.Job instance at 0x7fdb8e0e9500>,17,17,[3 7],18,36,53,18,28
1,<environment.Job instance at 0x7fdb8e0e9730>,23,2,[2 5],24,53,55,29,36
1,<environment.Job instance at 0x7fdb8e0e9aa0>,26,1,[1 5],27,53,54,26,38
1,<environment.Job instance at 0x7fdb8e0e9d70>,27,2,[10  1],28,55,57,27,40
1,<environment.Job instance at 0x7fdb8e0e9960>,25,22,[9 4],26,57,79,31,51
1,<environment.Job instance at 0x7fdb8de831e0>,35,12,[3 5],36,79,91,43,68
1,<environment.Job instance at 0x7fdbd82682d0>,39,2,[10  1],40,91,93,51,69
1,<environment.Job instance at 0x7fdb8e069190>,49,12,[ 5 10],50,93,105,43,90
1,<environment.Job instance at 0x7fdb8de83690>,29,27,[5 8],30,107,134,77,107
1,<environment.Job instance at 0x7fdb8dabbb90>,55,2,[1 6],56,134,136,78,110
1,<environment.Job instance at 0x7fdb8dabbdc0>,57,1,[9 4],58,134,135,76,113
1,<environment.Job instance at 0x7fdbd79e9b90>,2,13,[ 4 10],3,4,17,1,4
1,<environment.Job instance at 0x7fdbd8b85190>,10,12,[8 4],11,17,29,6,11
1,<environment.Job instance at 0x7fdbd79e9d20>,9,3,[6 3],10,29,32,19,11
1,<environment.Job instance at 0x7fdbd8b85230>,12,2,[7 4],13,32,34,19,15
1,<environment.Job instance at 0x7fdb8dabb140>,6,14,[9 1],7,34,48,27,22
1,<environment.Job instance at 0x7fdbd7ee9500>,26,26,[10  2],27,56,82,29,56
1,<environment.Job instance at 0x7fdbd7c35fa0>,45,18,[10  4],46,108,126,62,108
1,<environment.Job instance at 0x7fdbd7c35140>,47,15,[5 9],48,126,141,78,118
1,<environment.Job instance at 0x7fdbd7e0f3c0>,0,17,[9 5],1,2,19,1,2
1,<environment.Job instance at 0x7fdb8d8b23c0>,4,18,[6 5],5,19,37,14,8
1,<environment.Job instance at 0x7fdb8d8b2370>,10,15,[4 9],11,37,52,26,23
1,<environment.Job instance at 0x7fdb8d88edc0>,16,3,[ 4 10],17,52,55,35,29
1,<environment.Job instance at 0x7fdb8dd91960>,25,3,[4 7],26,55,58,29,43
1,<environment.Job instance at 0x7fdb8d8b61e0>,23,18,[3 7],24,58,76,34,52
1,<environment.Job instance at 0x7fdbd847d690>,37,15,[8 4],38,76,91,38,75
1,<environment.Job instance at 0x7fdb8dda5280>,39,15,[2 8],40,91,106,51,85
1,<environment.Job instance at 0x7fdb8dda5190>,40,17,[2 7],41,106,123,65,94
1,<environment.Job instance at 0x7fdbd7c4ae60>,54,17,[6 3],55,111,128,56,111
1,<environment.Job instance at 0x7fdb8e16a640>,56,15,[7 3],57,128,143,71,122
1,<environment.Job instance at 0x7fdbd7eb3140>,58,13,[2 8],59,143,156,84,127
1,<environment.Job instance at 0x7fdbd7ededc0>,10,2,[6 2],11,11,13,0,11
1,<environment.Job instance at 0x7fdb8e173d70>,12,15,[5 5],13,15,30,2,15
1,<environment.Job instance at 0x7fdbd7edefa0>,13,12,[9 5],14,30,42,16,15
1,<environment.Job instance at 0x7fdbd7a6ffa0>,15,14,[5 8],16,42,56,26,27
1,<environment.Job instance at 0x7fdbd8095b90>,19,20,[5 5],20,56,76,36,49
1,<environment.Job instance at 0x7fdbd7f021e0>,32,2,[10  3],33,76,78,43,54
1,<environment.Job instance at 0x7fdbd827db90>,34,3,[3 5],35,56,59,21,55
1,<environment.Job instance at 0x7fdbd827d550>,35,15,[7 2],36,78,93,42,66
1,<environment.Job instance at 0x7fdbd87cf640>,44,3,[2 9],45,114,117,69,114
1,<environment.Job instance at 0x7fdbd87cf050>,46,15,[3 6],47,117,132,70,115
1,<environment.Job instance at 0x7fdbd87cf780>,48,1,[9 4],49,132,133,83,115
1,<environment.Job instance at 0x7fdb8dc6d280>,5,28,[5 5],6,7,35,1,7
1,<environment.Job instance at 0x7fdb8d802d70>,27,12,[8 1],28,35,47,7,28
1,<environment.Job instance at 0x7fdb8d862e60>,34,14,[ 1 10],35,64,78,29,64
1,<environment.Job instance at 0x7fdb8d862050>,35,14,[4 5],36,78,92,42,69
1,<environment.Job instance at 0x7fdb8d8629b0>,41,15,[4 5],42,78,93,36,70
1,<environment.Job instance at 0x7fdb8d8620a0>,45,15,[10  3],46,93,108,47,85
1,<environment.Job instance at 0x7fdb8d862f00>,48,18,[2 9],49,108,126,59,98
1,<environment.Job instance at 0x7fdb8d8622d0>,50,14,[3 9],51,126,140,75,111
1,<environment.Job instance at 0x7fdb8d864dc0>,56,16,[7 1],57,112,128,55,112
1,<environment.Job instance at 0x7fdb8d864550>,59,15,[7 2],60,140,155,80,126
1,<environment.Job instance at 0x7fdb8e050be0>,1,12,[7 4],2,2,14,0,2
1,<environment.Job instance at 0x7fdb8deb06e0>,4,13,[8 2],5,14,27,9,5
1,<environment.Job instance at 0x7fdb8deb0be0>,6,12,[7 2],7,27,39,20,12
1,<environment.Job instance at 0x7fdbd8501f50>,19,17,[1 7],20,27,44,7,27
1,<environment.Job instance at 0x7fdbd84dd460>,23,15,[1 5],24,44,59,20,36
1,<environment.Job instance at 0x7fdbd7cd5dc0>,25,18,[6 1],26,39,57,13,37
1,<environment.Job instance at 0x7fdbd7c850f0>,32,18,[10  1],33,59,77,26,53
1,<environment.Job instance at 0x7fdb8dcca190>,35,1,[10  2],36,77,78,41,70
1,<environment.Job instance at 0x7fdb8dcbff00>,43,14,[9 2],44,101,115,57,101
1,<environment.Job instance at 0x7fdb8dcc0780>,50,13,[4 7],51,115,128,64,104
1,<environment.Job instance at 0x7fdb8dcc0b90>,51,18,[4 6],52,128,146,76,117
1,<environment.Job instance at 0x7fdb8dcf3c30>,56,19,[5 4],57,128,147,71,124
1,<environment.Job instance at 0x7fdb8e19ae60>,1,28,[6 2],2,3,31,1,3
1,<environment.Job instance at 0x7fdbd8423550>,14,12,[8 5],15,31,43,16,16
1,<environment.Job instance at 0x7fdbd8b7f9b0>,20,13,[8 5],21,43,56,22,27
1,<environment.Job instance at 0x7fdbd79465a0>,35,3,[7 2],36,56,59,20,36
1,<environment.Job instance at 0x7fdbd7f01fa0>,42,13,[3 8],43,56,69,13,46
1,<environment.Job instance at 0x7fdbd7c4deb0>,45,14,[7 2],46,59,73,13,53
1,<environment.Job instance at 0x7fdbd7f98910>,48,15,[5 5],49,73,88,24,59
1,<environment.Job instance at 0x7fdb8e1af690>,54,2,[10  3],55,88,90,33,71
1,<environment.Job instance at 0x7fdb8e1af640>,55,2,[2 9],56,90,92,34,71
1,<environment.Job instance at 0x7fdbd8152b40>,60,16,[10  1],61,98,114,37,98
1,<environment.Job instance at 0x7fdb8dfe79b0>,63,13,[5 5],64,114,127,50,102
1,<environment.Job instance at 0x7fdbd84c3690>,69,15,[8 4],70,127,142,57,123
1,<environment.Job instance at 0x7fdbd84c38c0>,70,13,[4 5],71,142,155,71,129
1,<environment.Job instance at 0x7fdb8d938230>,7,16,[8 2],8,11,27,3,11
1,<environment.Job instance at 0x7fdb8d938550>,11,13,[8 5],12,27,40,15,13
1,<environment.Job instance at 0x7fdb8d938280>,18,2,[3 6],19,40,42,21,20
1,<environment.Job instance at 0x7fdb8d97cc30>,25,21,[3 8],26,42,63,16,40
1,<environment.Job instance at 0x7fdbd7fe4fa0>,33,13,[3 6],34,63,76,29,57
1,<environment.Job instance at 0x7fdbd7fe4640>,37,22,[7 5],38,76,98,38,69
1,<environment.Job instance at 0x7fdb8d9380f0>,12,18,[ 5 10],13,98,116,85,87
1,<environment.Job instance at 0x7fdbd7fe4190>,45,1,[9 3],46,116,117,70,91
1,<environment.Job instance at 0x7fdbd7966cd0>,51,15,[4 5],52,117,132,65,106
1,<environment.Job instance at 0x7fdbd7fe4820>,42,15,[5 7],43,132,147,89,118
1,<environment.Job instance at 0x7fdb8de2bb40>,3,14,[7 2],4,4,18,0,4
1,<environment.Job instance at 0x7fdbd81275f0>,4,13,[9 2],5,18,31,13,6
1,<environment.Job instance at 0x7fdbd7ea1910>,16,15,[8 4],17,31,46,14,17
1,<environment.Job instance at 0x7fdbd79a4460>,19,18,[8 4],20,46,64,26,35
1,<environment.Job instance at 0x7fdbd829caa0>,24,12,[5 4],25,64,76,39,49
1,<environment.Job instance at 0x7fdbd829c730>,29,18,[4 6],30,64,82,34,61
1,<environment.Job instance at 0x7fdbd81b7b90>,34,14,[2 9],35,82,96,47,68
1,<environment.Job instance at 0x7fdbd81b9c30>,39,16,[ 2 10],40,96,112,56,89
1,<environment.Job instance at 0x7fdbd81a4af0>,48,13,[4 5],49,112,125,63,97
1,<environment.Job instance at 0x7fdbd81afaf0>,52,13,[2 5],53,112,125,59,97
1,<environment.Job instance at 0x7fdbd81af5a0>,54,2,[1 5],55,125,127,70,118
1,<environment.Job instance at 0x7fdbd81af2d0>,56,16,[ 1 10],57,127,143,70,119
1,<environment.Job instance at 0x7ffb1f6990f0>,0,17,[6 1],1,1,18,0,1
1,<environment.Job instance at 0x7ffb1f6990a0>,2,14,[ 2 10],3,18,32,15,3
1,<environment.Job instance at 0x7ffb1c53ac80>,16,18,[7 3],17,32,50,15,22
1,<environment.Job instance at 0x7ffb1c53e230>,22,12,[3 8],23,50,62,27,35
1,<environment.Job instance at 0x7ffb1c53e730>,26,12,[8 5],27,62,74,35,49
1,<environment.Job instance at 0x7ffb1c53e9b0>,30,26,[9 4],31,74,100,43,71
1,<environment.Job instance at 0x7ffb1c53ea50>,33,26,[3 6],34,100,126,66,99
1,<environment.Job instance at 0x7ffb1c540410>,42,2,[4 7],43,126,128,83,111
1,<environment.Job instance at 0x7ffb1c540550>,43,12,[4 5],44,128,140,84,111
1,<environment.Job instance at 0x7ffb1c53ef00>,37,14,[5 8],38,140,154,102,127
1,<environment.Job instance at 0x7ffb1c540e60>,55,12,[2 6],56,154,166,98,137
1,<environment.Job instance at 0x7ffb1f8101e0>,10,12,[5 1],11,11,23,0,11
1,<environment.Job instance at 0x7ffb1f8140a0>,19,2,[ 4 10],20,34,36,14,34
1,<environment.Job instance at 0x7ffb1f6c1e10>,15,17,[10  4],16,36,53,20,36
1,<environment.Job instance at 0x7ffb1f80ff00>,30,17,[4 7],31,53,70,22,49
1,<environment.Job instance at 0x7ffb1f80fe60>,31,13,[5 7],32,70,83,38,54
1,<environment.Job instance at 0x7ffb1f80a1e0>,35,17,[5 1],36,65,82,29,65
1,<environment.Job instance at 0x7ffb1f806280>,38,2,[5 7],39,83,85,44,65
1,<environment.Job instance at 0x7ffb1f8062d0>,39,2,[10  2],40,85,87,45,65
1,<environment.Job instance at 0x7ffb1f80a820>,37,16,[8 4],38,87,103,49,75
1,<environment.Job instance at 0x7ffb1f814690>,17,21,[10  4],18,103,124,85,98
1,<environment.Job instance at 0x7ffb1f6c0910>,49,1,[5 3],50,124,125,74,100
1,<environment.Job instance at 0x7ffb1f6c0dc0>,53,12,[1 9],54,127,139,73,127
1,<environment.Job instance at 0x7ffb1f6c0f50>,54,26,[3 9],55,139,165,84,137
1,<environment.Job instance at 0x7ffb1f6990a0>,1,20,[ 4 10],2,2,22,0,2
1,<environment.Job instance at 0x7ffae08be190>,11,3,[9 4],12,22,25,10,12
1,<environment.Job instance at 0x7ffae08be3c0>,15,1,[6 3],16,25,26,9,16
1,<environment.Job instance at 0x7ffae08bec30>,14,12,[8 3],15,26,38,11,16
1,<environment.Job instance at 0x7ffb1c78b230>,20,1,[7 2],21,38,39,17,23
1,<environment.Job instance at 0x7ffae0787a50>,23,17,[7 4],24,48,65,24,48
1,<environment.Job instance at 0x7ffae08414b0>,33,16,[4 5],34,65,81,31,62
1,<environment.Job instance at 0x7ffae0841b90>,36,1,[9 2],37,81,82,44,76
1,<environment.Job instance at 0x7ffae0841d20>,37,2,[1 8],38,81,83,43,76
1,<environment.Job instance at 0x7ffae0841c30>,38,14,[9 4],39,83,97,44,76
1,<environment.Job instance at 0x7ffae0841b40>,35,16,[7 5],36,97,113,61,97
1,<environment.Job instance at 0x7ffb1c3c9f50>,50,3,[10  4],51,117,120,66,117
1,<environment.Job instance at 0x7ffb1c3c5280>,52,20,[4 9],53,126,146,73,126
1,<environment.Job instance at 0x7ffae084c370>,59,15,[ 2 10],60,146,161,86,132
1,<environment.Job instance at 0x7ffb1ecfacd0>,2,16,[6 4],3,3,19,0,3
1,<environment.Job instance at 0x7ffb1c5f8b40>,4,14,[3 6],5,5,19,0,5
1,<environment.Job instance at 0x7ffb1c5f81e0>,5,13,[7 4],6,19,32,13,6
1,<environment.Job instance at 0x7ffb1c590870>,11,3,[7 4],12,32,35,20,12
1,<environment.Job instance at 0x7ffb1c7f1a00>,13,1,[5 8],14,35,36,21,14
1,<environment.Job instance at 0x7ffb1c8fc870>,18,14,[8 2],19,36,50,17,23
1,<environment.Job instance at 0x7ffb1c5a85a0>,24,24,[5 5],25,50,74,25,47
1,<environment.Job instance at 0x7ffb1c5926e0>,26,14,[2 5],27,48,62,21,48
1,<environment.Job instance at 0x7ffb1c592640>,25,3,[8 5],26,74,77,48,54
1,<environment.Job instance at 0x7ffb1c2a9500>,35,14,[3 8],36,77,91,41,75
1,<environment.Job instance at 0x7ffae0cd6af0>,34,1,[ 3 10],35,91,92,56,75
1,<environment.Job instance at 0x7ffb1c4f5c30>,37,13,[3 7],38,92,105,54,78
1,<environment.Job instance at 0x7ffae0ca0370>,10,13,[6 2],11,92,105,81,87
1,<environment.Job instance at 0x7ffae0cd7f00>,38,15,[2 9],39,105,120,66,96
1,<environment.Job instance at 0x7ffae0cd75a0>,41,2,[7 2],42,120,122,78,96
1,<environment.Job instance at 0x7ffb1ec75c80>,48,13,[8 3],49,122,135,73,106
1,<environment.Job instance at 0x7ffb1c41b370>,20,25,[6 4],21,135,160,114,132
1,<environment.Job instance at 0x7ffae08f07d0>,0,26,[3 7],1,2,28,1,2
1,<environment.Job instance at 0x7ffb1ebc5780>,12,24,[1 9],13,33,57,20,33
1,<environment.Job instance at 0x7ffb1f01a4b0>,24,1,[3 5],25,57,58,32,51
1,<environment.Job instance at 0x7ffb1f01adc0>,22,26,[ 3 10],23,58,84,35,57
1,<environment.Job instance at 0x7ffb1f02f960>,34,2,[7 1],35,114,116,79,114
1,<environment.Job instance at 0x7ffb1f02f8c0>,36,12,[6 4],37,116,128,79,114
1,<environment.Job instance at 0x7ffb1f02f3c0>,37,1,[7 3],38,128,129,90,114
1,<environment.Job instance at 0x7ffb1f0370f0>,38,3,[9 3],39,129,132,90,114
1,<environment.Job instance at 0x7ffb1f037640>,40,17,[10  2],41,132,149,91,123
1,<environment.Job instance at 0x7ffb1f037d70>,49,3,[3 7],50,149,152,99,139
1,<environment.Job instance at 0x7ffb1c326870>,1,16,[8 4],2,4,20,2,4
1,<environment.Job instance at 0x7ffb1eeff190>,12,12,[4 7],13,20,32,7,13
1,<environment.Job instance at 0x7ffb1eeff230>,13,15,[6 2],14,20,35,6,14
1,<environment.Job instance at 0x7ffb1eeff690>,17,14,[1 9],18,35,49,17,23
1,<environment.Job instance at 0x7ffae0b8ca50>,18,12,[7 5],19,49,61,30,32
1,<environment.Job instance at 0x7ffae0b8c5a0>,29,12,[1 9],30,61,73,31,46
1,<environment.Job instance at 0x7ffb1f21f2d0>,34,12,[1 5],35,49,61,14,46
1,<environment.Job instance at 0x7ffb1f21f140>,37,17,[2 6],38,73,90,35,66
1,<environment.Job instance at 0x7ffb1f21f230>,43,13,[5 6],44,90,103,46,74
1,<environment.Job instance at 0x7ffb1c3f8be0>,57,13,[4 7],58,112,125,54,112
1,<environment.Job instance at 0x7ffb1c3f85a0>,59,14,[4 7],60,125,139,65,116
1,<environment.Job instance at 0x7ffb1efe36e0>,63,17,[6 1],64,136,153,72,136
1,<environment.Job instance at 0x7ffb1c9f4c30>,14,16,[2 7],15,16,32,1,16
1,<environment.Job instance at 0x7ffb1c6f3230>,15,17,[6 3],16,19,36,3,19
1,<environment.Job instance at 0x7ffb1f086a00>,19,12,[7 5],20,36,48,16,21
1,<environment.Job instance at 0x7ffae0df0690>,22,2,[5 2],23,48,50,25,39
1,<environment.Job instance at 0x7ffb1c8f75a0>,20,18,[5 6],21,55,73,34,55
1,<environment.Job instance at 0x7ffb1c6cc0f0>,30,20,[3 8],31,73,93,42,69
1,<environment.Job instance at 0x7ffb1c401370>,36,26,[9 5],37,95,121,58,95
1,<environment.Job instance at 0x7ffb1c4405a0>,52,25,[7 5],53,121,146,68,120
1,<environment.Job instance at 0x7ffb1f2a85f0>,2,18,[8 1],3,4,22,1,4
1,<environment.Job instance at 0x7ffae0a1f8c0>,8,17,[9 2],9,22,39,13,17
1,<environment.Job instance at 0x7ffae0a1ffa0>,18,13,[2 7],19,39,52,20,25
1,<environment.Job instance at 0x7ffae0a249b0>,25,17,[6 4],26,52,69,26,51
1,<environment.Job instance at 0x7ffae0a24af0>,27,18,[5 5],28,69,87,41,58
1,<environment.Job instance at 0x7ffae0a24dc0>,33,28,[8 2],34,87,115,53,87
1,<environment.Job instance at 0x7ffae0a2c5f0>,42,14,[3 8],43,118,132,75,118
1,<environment.Job instance at 0x7ffae0a2c8c0>,47,18,[2 6],48,132,150,84,125
1,<environment.Job instance at 0x7ffae0c47e10>,4,21,[8 1],5,6,27,1,6
1,<environment.Job instance at 0x7ffb1ec44500>,12,2,[6 5],13,27,29,14,14
1,<environment.Job instance at 0x7ffae0af87d0>,14,17,[5 4],15,29,46,14,21
1,<environment.Job instance at 0x7ffb1c809320>,19,3,[1 9],20,46,49,26,25
1,<environment.Job instance at 0x7ffb1f44ecd0>,21,3,[9 5],22,49,52,27,26
1,<environment.Job instance at 0x7ffae0dd1fa0>,20,15,[4 8],21,52,67,31,38
1,<environment.Job instance at 0x7ffae0988370>,33,14,[4 9],34,67,81,33,55
1,<environment.Job instance at 0x7ffb1f6bdbe0>,35,3,[7 5],36,81,84,45,58
1,<environment.Job instance at 0x7ffb1f095d20>,40,16,[3 7],41,84,100,43,80
1,<environment.Job instance at 0x7ffb1f095500>,42,14,[5 7],43,100,114,57,85
1,<environment.Job instance at 0x7ffb1c9d1910>,48,23,[ 4 10],49,114,137,65,111
1,<environment.Job instance at 0x7ffb1efe5f00>,5,17,[9 3],6,7,24,1,7
1,<environment.Job instance at 0x7ffb1eb957d0>,24,17,[5 9],25,27,44,2,27
1,<environment.Job instance at 0x7ffb1f814f00>,29,18,[9 5],30,44,62,14,39
1,<environment.Job instance at 0x7ffae0ae2d20>,35,16,[3 8],36,62,78,26,57
1,<environment.Job instance at 0x7ffae0ae2b40>,38,12,[6 1],39,62,74,23,60
1,<environment.Job instance at 0x7ffae0ae2370>,39,12,[5 9],40,78,90,38,64
1,<environment.Job instance at 0x7ffae0ae27d0>,36,14,[4 7],37,90,104,53,79
1,<environment.Job instance at 0x7ffb1c3f68c0>,49,25,[8 3],50,104,129,54,102
1,<environment.Job instance at 0x7ffb1c5f66e0>,58,17,[3 5],59,129,146,70,117
1,<environment.Job instance at 0x7ffb1c336b40>,1,26,[7 2],2,4,30,2,4
1,<environment.Job instance at 0x7ffb1c8df410>,12,13,[5 2],13,30,43,17,14
1,<environment.Job instance at 0x7ffb1c8df5a0>,14,18,[5 3],15,30,48,15,20
1,<environment.Job instance at 0x7ffb1c8dfb40>,19,19,[9 1],20,48,67,28,39
1,<environment.Job instance at 0x7ffb1c8e2500>,41,1,[4 8],42,67,68,25,61
1,<environment.Job instance at 0x7ffb1c8e25a0>,42,17,[5 9],43,68,85,25,66
1,<environment.Job instance at 0x7ffb1c8e2780>,45,15,[4 9],46,85,100,39,74
1,<environment.Job instance at 0x7ffb1c8e23c0>,48,16,[8 5],49,100,116,51,87
1,<environment.Job instance at 0x7ffb1c8c82d0>,62,15,[ 5 10],63,116,131,53,110
1,<environment.Job instance at 0x7ffb1c8bc2d0>,31,15,[10  1],32,131,146,99,121
1,<environment.Job instance at 0x7ffb1c8c87d0>,64,2,[7 4],65,146,148,81,121
1,<environment.Job instance at 0x7ffb1c8c8c30>,70,1,[10  3],71,148,149,77,128
1,<environment.Job instance at 0x7ffb1c8c8e10>,71,3,[5 8],72,149,152,77,128
1,<environment.Job instance at 0x7ffb1c397eb0>,0,20,[7 1],1,1,21,0,1
1,<environment.Job instance at 0x7ffae0e30780>,11,16,[9 2],12,21,37,9,12
1,<environment.Job instance at 0x7ffb1c485c80>,14,1,[8 3],15,37,38,22,22
1,<environment.Job instance at 0x7ffb1c485f00>,16,3,[5 5],17,38,41,21,29
1,<environment.Job instance at 0x7ffae0d81d70>,22,13,[ 4 10],23,41,54,18,30
1,<environment.Job instance at 0x7ffb1ee901e0>,27,15,[2 5],28,54,69,26,52
1,<environment.Job instance at 0x7ffae0c911e0>,30,12,[8 4],31,54,66,23,54
1,<environment.Job instance at 0x7ffb1c397140>,3,17,[3 7],4,69,86,65,59
1,<environment.Job instance at 0x7ffae0c91690>,35,25,[6 2],36,66,91,30,62
1,<environment.Job instance at 0x7ffae0cea5f0>,42,15,[4 5],43,86,101,43,74
1,<environment.Job instance at 0x7ffb1c4b53c0>,50,17,[8 5],51,103,120,52,103
1,<environment.Job instance at 0x7ffae0ed6230>,52,21,[9 5],53,120,141,67,113
1,<environment.Job instance at 0x7ffb1c6976e0>,64,18,[9 2],65,141,159,76,130
1,<environment.Job instance at 0x7ffae0993c80>,0,18,[7 1],1,3,21,2,3
1,<environment.Job instance at 0x7ffb1f22adc0>,11,14,[9 4],12,21,35,9,12
1,<environment.Job instance at 0x7ffb1eaf3eb0>,18,18,[1 8],19,35,53,16,25
1,<environment.Job instance at 0x7ffb1f0c0050>,22,3,[1 8],23,53,56,30,46
1,<environment.Job instance at 0x7ffb1f0c0b90>,23,1,[1 6],24,56,57,32,48
1,<environment.Job instance at 0x7ffb1f0c03c0>,26,3,[ 4 10],27,57,60,30,49
1,<environment.Job instance at 0x7ffae09937d0>,2,18,[6 5],3,60,78,57,52
1,<environment.Job instance at 0x7ffb1f0c0230>,36,18,[3 6],37,79,97,42,79
1,<environment.Job instance at 0x7ffb1f0673c0>,45,26,[5 5],46,113,139,67,113
1,<environment.Job instance at 0x7ffb1c7f8870>,4,16,[10  2],5,6,22,1,6
1,<environment.Job instance at 0x7ffb1c8170a0>,12,15,[5 5],13,22,37,9,14
1,<environment.Job instance at 0x7ffb1c817b90>,15,14,[5 8],16,37,51,21,22
1,<environment.Job instance at 0x7ffb1c817a50>,18,16,[7 5],19,51,67,32,46
1,<environment.Job instance at 0x7ffae0b4ad20>,33,13,[7 4],34,67,80,33,56
1,<environment.Job instance at 0x7ffb1ed14370>,37,28,[8 2],38,80,108,42,80
1,<environment.Job instance at 0x7ffae05400a0>,50,22,[9 5],51,112,134,61,112
1,<environment.Job instance at 0x7ffae0540c30>,56,14,[8 5],57,134,148,77,127
1,<environment.Job instance at 0x7ffb1ef013c0>,58,18,[8 4],59,148,166,89,137
1,<environment.Job instance at 0x7ffb1ef01320>,2,14,[1 7],3,4,18,1,4
1,<environment.Job instance at 0x7ffae0743c80>,6,17,[7 1],7,8,25,1,8
1,<environment.Job instance at 0x7ffb1c5f9b90>,25,14,[4 5],26,36,50,10,36
1,<environment.Job instance at 0x7ffae0dfd820>,29,12,[7 5],30,50,62,20,36
1,<environment.Job instance at 0x7ffb1c592a50>,35,15,[10  3],36,62,77,26,55
1,<environment.Job instance at 0x7ffb1c5928c0>,38,18,[2 9],39,77,95,38,71
1,<environment.Job instance at 0x7ffae0e5baa0>,60,14,[3 8],61,114,128,53,114
1,<environment.Job instance at 0x7ffae0e5b6e0>,61,16,[6 5],62,128,144,66,117
1,<environment.Job instance at 0x7ffae0539460>,2,18,[ 1 10],3,3,21,0,3
1,<environment.Job instance at 0x7ffae094da50>,16,13,[4 6],17,21,34,4,17
1,<environment.Job instance at 0x7ffae094d190>,18,17,[3 6],19,34,51,15,27
1,<environment.Job instance at 0x7ffae094d050>,25,2,[6 1],26,36,38,10,36
1,<environment.Job instance at 0x7ffae094d1e0>,22,15,[4 7],23,51,66,28,38
1,<environment.Job instance at 0x7ffae04c3c80>,33,12,[5 5],34,66,78,32,50
1,<environment.Job instance at 0x7ffae04c35f0>,36,19,[5 4],37,66,85,29,64
1,<environment.Job instance at 0x7ffae04c3fa0>,39,13,[8 2],40,85,98,45,70
1,<environment.Job instance at 0x7ffae050c8c0>,58,12,[4 5],59,139,151,80,139
1,<environment.Job instance at 0x7ffb1c59b280>,7,18,[5 9],8,8,26,0,8
1,<environment.Job instance at 0x7ffae0c5b230>,12,13,[3 8],13,26,39,13,15
1,<environment.Job instance at 0x7ffb1c9105f0>,16,1,[4 6],17,39,40,22,17
1,<environment.Job instance at 0x7ffae0c5bdc0>,19,2,[2 7],20,40,42,20,22
1,<environment.Job instance at 0x7ffae0c5cc80>,20,3,[1 7],21,42,45,21,26
1,<environment.Job instance at 0x7ffb1c9a1500>,9,13,[3 8],10,45,58,35,32
1,<environment.Job instance at 0x7ffb1eba0370>,31,18,[3 7],32,58,76,26,56
1,<environment.Job instance at 0x7ffb1eba01e0>,32,3,[10  1],33,76,79,43,59
1,<environment.Job instance at 0x7ffb1eb67550>,38,17,[7 2],39,79,96,40,73
1,<environment.Job instance at 0x7ffb1c59b2d0>,8,25,[3 6],9,79,104,70,75
1,<environment.Job instance at 0x7ffb1eb3b960>,44,17,[7 2],45,96,113,51,88
1,<environment.Job instance at 0x7ffb1eb5ed70>,52,15,[9 5],53,113,128,60,110
1,<environment.Job instance at 0x7ffb1c414640>,60,13,[4 7],61,128,141,67,112
1,<environment.Job instance at 0x7ffae093aaf0>,0,12,[8 1],1,1,13,0,1
1,<environment.Job instance at 0x7ffb1c334c80>,8,14,[5 4],9,13,27,4,9
1,<environment.Job instance at 0x7ffae093a550>,9,18,[4 5],10,13,31,3,12
1,<environment.Job instance at 0x7ffb1efc33c0>,11,15,[4 5],12,27,42,15,14
1,<environment.Job instance at 0x7ffae0d58fa0>,22,26,[8 2],23,42,68,19,39
1,<environment.Job instance at 0x7ffb1ed39f50>,38,16,[2 8],39,47,63,8,47
1,<environment.Job instance at 0x7ffae053ddc0>,42,12,[2 7],43,63,75,20,49
1,<environment.Job instance at 0x7ffae053daa0>,43,26,[7 3],44,68,94,24,66
1,<environment.Job instance at 0x7ffae055c190>,49,16,[3 7],50,81,97,31,81
1,<environment.Job instance at 0x7ffb1c336b40>,53,13,[5 5],54,97,110,43,83
1,<environment.Job instance at 0x7ffae0b7a780>,44,18,[5 8],45,110,128,65,107
1,<environment.Job instance at 0x7ffb1ef75b40>,60,18,[8 5],61,128,146,67,117
1,<environment.Job instance at 0x7ffb1eb36410>,0,13,[9 1],1,1,14,0,1
1,<environment.Job instance at 0x7ffb1eb36820>,3,17,[ 4 10],4,14,31,10,4
1,<environment.Job instance at 0x7ffae04cd690>,11,16,[5 5],12,31,47,19,18
1,<environment.Job instance at 0x7ffae04cd0a0>,16,24,[5 3],17,31,55,14,26
1,<environment.Job instance at 0x7ffae05250f0>,22,3,[7 4],23,55,58,32,29
1,<environment.Job instance at 0x7ffae0525550>,23,2,[8 3],24,58,60,34,31
1,<environment.Job instance at 0x7ffae0525960>,21,18,[6 5],22,60,78,38,49
1,<environment.Job instance at 0x7ffb1c3e5370>,36,2,[5 9],37,78,80,41,59
1,<environment.Job instance at 0x7ffb1c3e5be0>,38,3,[5 1],39,78,81,39,60
1,<environment.Job instance at 0x7ffb1c3e59b0>,39,14,[8 2],40,81,95,41,66
1,<environment.Job instance at 0x7ffb1c3e50f0>,41,14,[2 5],42,80,94,38,66
1,<environment.Job instance at 0x7ffb1c3e5640>,44,19,[3 6],45,95,114,50,86
1,<environment.Job instance at 0x7ffb1c3e5aa0>,48,12,[9 5],49,117,129,68,117
1,<environment.Job instance at 0x7ffb1f1e5e10>,51,13,[1 5],52,117,130,65,117
1,<environment.Job instance at 0x7ffb1f1e5b90>,52,15,[7 5],53,129,144,76,119
1,<environment.Job instance at 0x7ffae0896690>,64,12,[10  4],65,144,156,79,134
1,<environment.Job instance at 0x7ffb1eb5abe0>,4,18,[8 1],5,8,26,3,8
1,<environment.Job instance at 0x7ffae0aebb90>,17,16,[6 3],18,26,42,8,18
1,<environment.Job instance at 0x7ffae04b9f50>,23,1,[10  5],24,42,43,18,24
1,<environment.Job instance at 0x7ffae0a3caf0>,12,18,[6 5],13,43,61,30,43
1,<environment.Job instance at 0x7ffb1c52c910>,29,21,[7 5],30,61,82,31,53
1,<environment.Job instance at 0x7ffb1c9acdc0>,35,21,[6 2],36,82,103,46,74
1,<environment.Job instance at 0x7ffae0e740a0>,56,17,[ 2 10],57,103,120,46,93
1,<environment.Job instance at 0x7ffae0e74280>,57,16,[3 9],58,120,136,62,107
1,<environment.Job instance at 0x7ffae0e6ab40>,64,14,[7 5],65,136,150,71,123
1,<environment.Job instance at 0x7f4745d931e0>,0,17,[6 1],1,1,18,0,1
1,<environment.Job instance at 0x7f4745d932d0>,2,14,[ 2 10],3,18,32,15,3
1,<environment.Job instance at 0x7f4745dd75a0>,5,2,[1 6],6,16,18,10,16
1,<environment.Job instance at 0x7f4742984780>,9,12,[8 2],10,32,44,22,16
1,<environment.Job instance at 0x7f47429864b0>,22,12,[3 8],23,44,56,21,40
1,<environment.Job instance at 0x7f47429865f0>,23,16,[6 2],24,44,60,20,44
1,<environment.Job instance at 0x7f4742986780>,27,17,[4 6],28,56,73,28,45
1,<environment.Job instance at 0x7f4742986af0>,29,2,[4 7],30,73,75,43,47
1,<environment.Job instance at 0x7f4742986960>,34,14,[1 9],35,75,89,40,72
1,<environment.Job instance at 0x7f4742986e60>,37,14,[5 8],38,89,103,51,81
1,<environment.Job instance at 0x7f4742989550>,41,1,[7 1],42,103,104,61,91
1,<environment.Job instance at 0x7f47429895f0>,42,2,[4 7],43,104,106,61,92
1,<environment.Job instance at 0x7f47429890a0>,43,12,[4 5],44,106,118,62,93
1,<environment.Job instance at 0x7f4742989aa0>,46,2,[3 5],47,106,108,59,103
1,<environment.Job instance at 0x7f4742989d20>,49,17,[10  2],50,118,135,68,106
1,<environment.Job instance at 0x7f4742989f00>,52,2,[ 2 10],53,135,137,82,109
1,<environment.Job instance at 0x7f474298c2d0>,55,12,[2 6],56,137,149,81,120
1,<environment.Job instance at 0x7f474298c5f0>,60,2,[2 6],61,149,151,88,127
1,<environment.Job instance at 0x7f474299caf0>,0,12,[5 1],1,1,13,0,1
1,<environment.Job instance at 0x7f474299caa0>,1,22,[5 6],2,3,25,1,3
1,<environment.Job instance at 0x7f4745f0a1e0>,7,21,[10  4],8,25,46,17,22
1,<environment.Job instance at 0x7f4745f07c80>,25,17,[5 1],26,46,63,20,34
1,<environment.Job instance at 0x7f4745f07eb0>,26,3,[10  3],27,63,66,36,42
1,<environment.Job instance at 0x7f4745f07370>,33,3,[2 5],34,53,56,19,53
1,<environment.Job instance at 0x7f4745f07230>,31,18,[6 2],32,66,84,34,57
1,<environment.Job instance at 0x7f4745f00960>,23,24,[3 7],24,66,90,42,62
1,<environment.Job instance at 0x7f4745dba280>,41,3,[9 5],42,90,93,48,70
1,<environment.Job instance at 0x7f4745dba190>,43,12,[1 9],44,93,105,49,76
1,<environment.Job instance at 0x7f4745dba3c0>,44,26,[3 9],45,105,131,60,103
1,<environment.Job instance at 0x7f4745f0e870>,49,3,[10  4],50,131,134,81,105
1,<environment.Job instance at 0x7f4745f0e3c0>,54,3,[5 6],55,134,137,79,118
1,<environment.Job instance at 0x7f472a179280>,8,14,[7 1],9,13,27,4,13
1,<environment.Job instance at 0x7f46fac47c80>,14,15,[2 6],15,19,34,4,19
1,<environment.Job instance at 0x7f46fad08eb0>,19,18,[5 6],20,41,59,21,41
1,<environment.Job instance at 0x7f46fabdd460>,35,3,[10  5],36,83,86,47,83
1,<environment.Job instance at 0x7f46facacbe0>,32,20,[4 9],33,87,107,54,87
1,<environment.Job instance at 0x7f46facf9c80>,42,17,[5 9],43,107,124,64,104
1,<environment.Job instance at 0x7f46fac3c780>,54,16,[5 2],55,124,140,69,123
1,<environment.Job instance at 0x7f46fac3ce10>,56,25,[2 8],57,131,156,74,131
1,<environment.Job instance at 0x7f4742bb7410>,1,17,[7 5],2,3,20,1,3
1,<environment.Job instance at 0x7f46fb15c2d0>,5,14,[3 8],6,20,34,14,6
1,<environment.Job instance at 0x7f4742a62910>,17,12,[6 2],18,20,32,2,20
1,<environment.Job instance at 0x7f47451cc3c0>,8,15,[2 9],9,34,49,25,22
1,<environment.Job instance at 0x7f46fada3cd0>,30,13,[5 5],31,49,62,18,34
1,<environment.Job instance at 0x7f46fb163d20>,42,17,[4 5],43,64,81,21,64
1,<environment.Job instance at 0x7f46fb163af0>,43,14,[9 3],44,81,95,37,66
1,<environment.Job instance at 0x7f4742a7f230>,52,16,[10  4],53,95,111,42,85
1,<environment.Job instance at 0x7f46fac29fa0>,57,28,[5 9],58,112,140,54,112
1,<environment.Job instance at 0x7f46fadbb6e0>,66,18,[ 5 10],67,140,158,73,132
1,<environment.Job instance at 0x7f46fb045d70>,0,17,[10  2],1,1,18,0,1
1,<environment.Job instance at 0x7f46fadbb6e0>,2,14,[5 1],3,18,32,15,3
1,<environment.Job instance at 0x7f47427f5d20>,16,3,[3 9],17,18,21,1,17
1,<environment.Job instance at 0x7f46fb33c550>,18,13,[1 5],19,21,34,2,19
1,<environment.Job instance at 0x7f47427ec5f0>,19,1,[2 8],20,34,35,14,20
1,<environment.Job instance at 0x7f4742dd0780>,14,18,[6 2],15,32,50,17,24
1,<environment.Job instance at 0x7f4742df30a0>,26,15,[10  3],27,50,65,23,38
1,<environment.Job instance at 0x7f4742df3e60>,30,13,[5 4],31,65,78,34,59
1,<environment.Job instance at 0x7f4742de0640>,40,17,[5 2],41,73,90,32,73
1,<environment.Job instance at 0x7f4742de0d20>,41,18,[4 9],42,90,108,48,79
1,<environment.Job instance at 0x7f4742de0280>,48,14,[8 5],49,108,122,59,104
1,<environment.Job instance at 0x7f4742de3d70>,49,16,[7 4],50,122,138,72,116
1,<environment.Job instance at 0x7f4742de3af0>,53,24,[8 5],54,138,162,84,134
1,<environment.Job instance at 0x7f4745902cd0>,2,25,[7 3],3,11,36,8,11
1,<environment.Job instance at 0x7f47456dacd0>,16,13,[8 5],17,36,49,19,26
1,<environment.Job instance at 0x7f47456daaf0>,24,12,[3 7],25,49,61,24,32
1,<environment.Job instance at 0x7f474532c140>,29,14,[7 2],30,49,63,19,47
1,<environment.Job instance at 0x7f474532cdc0>,30,18,[1 7],31,61,79,30,50
1,<environment.Job instance at 0x7f474532cbe0>,35,26,[4 8],36,80,106,44,80
1,<environment.Job instance at 0x7f474591e870>,46,12,[5 9],47,106,118,59,92
1,<environment.Job instance at 0x7f474591ecd0>,48,1,[6 4],49,118,119,69,112
1,<environment.Job instance at 0x7f474591edc0>,45,25,[5 7],46,119,144,73,118
1,<environment.Job instance at 0x7f4745902230>,10,16,[10  3],11,144,160,133,133
1,<environment.Job instance at 0x7f46fb150cd0>,3,15,[4 8],4,4,19,0,4
1,<environment.Job instance at 0x7f46fb1f97d0>,10,14,[6 3],11,19,33,8,11
1,<environment.Job instance at 0x7f47428efa00>,13,20,[8 4],14,33,53,19,26
1,<environment.Job instance at 0x7f4742df5230>,25,13,[10  5],26,53,66,27,44
1,<environment.Job instance at 0x7f4745c84af0>,31,17,[9 4],32,66,83,34,55
1,<environment.Job instance at 0x7f4745c84460>,32,24,[4 6],33,83,107,50,78
1,<environment.Job instance at 0x7f4742ca5050>,44,12,[7 2],45,114,126,69,114
1,<environment.Job instance at 0x7f4742cd2780>,52,19,[2 5],53,147,166,94,147
1,<environment.Job instance at 0x7f4742cd2410>,1,12,[3 8],2,2,14,0,2
1,<environment.Job instance at 0x7f47457c2b90>,3,18,[6 4],4,14,32,10,5
1,<environment.Job instance at 0x7f46fabaf640>,19,1,[4 9],20,32,33,12,24
1,<environment.Job instance at 0x7f46faba6960>,6,14,[5 7],7,33,47,26,24
1,<environment.Job instance at 0x7f46fabaf410>,21,3,[7 2],22,47,50,25,26
1,<environment.Job instance at 0x7f46fabaf820>,22,3,[2 9],23,50,53,27,27
1,<environment.Job instance at 0x7f46fabafa50>,23,3,[1 5],24,28,31,4,28
1,<environment.Job instance at 0x7f46fabaf9b0>,25,1,[8 4],26,53,54,27,36
1,<environment.Job instance at 0x7f46faba8280>,32,15,[3 6],33,54,69,21,53
1,<environment.Job instance at 0x7f46faba85f0>,35,18,[8 2],36,69,87,33,66
1,<environment.Job instance at 0x7f46fabb0eb0>,63,14,[5 7],64,136,150,72,136
1,<environment.Job instance at 0x7f46fb11f0a0>,6,2,[1 9],7,9,11,2,9
1,<environment.Job instance at 0x7f46fb11ff00>,10,18,[8 5],11,12,30,1,12
1,<environment.Job instance at 0x7f4742a1fb40>,14,13,[4 6],15,30,43,15,16
1,<environment.Job instance at 0x7f4745924370>,16,13,[5 6],17,43,56,26,29
1,<environment.Job instance at 0x7f4745356870>,25,22,[1 9],26,56,78,30,49
1,<environment.Job instance at 0x7f4745347af0>,36,12,[4 7],37,78,90,41,65
1,<environment.Job instance at 0x7f4745347370>,41,17,[ 2 10],42,90,107,48,86
1,<environment.Job instance at 0x7f46fac87c30>,19,15,[5 9],20,107,122,87,103
1,<environment.Job instance at 0x7f4742bd5a00>,46,1,[3 9],47,122,123,75,103
1,<environment.Job instance at 0x7f46fb114410>,44,24,[5 9],45,123,147,78,118
1,<environment.Job instance at 0x7f47429578c0>,58,16,[3 5],59,147,163,88,144
1,<environment.Job instance at 0x7f4742e29e60>,2,16,[10  1],3,3,19,0,3
1,<environment.Job instance at 0x7f46fae4fa50>,9,18,[3 8],10,19,37,9,14
1,<environment.Job instance at 0x7f4745358c80>,16,13,[8 3],17,37,50,20,28
1,<environment.Job instance at 0x7f4742c55cd0>,25,1,[9 3],26,50,51,24,50
1,<environment.Job instance at 0x7f4742c55550>,27,2,[1 5],28,51,53,23,51
1,<environment.Job instance at 0x7f46fb169d20>,29,20,[2 8],30,59,79,29,59
1,<environment.Job instance at 0x7f4742e347d0>,33,18,[8 1],34,78,96,44,78
1,<environment.Job instance at 0x7f474285f320>,42,2,[9 4],43,108,110,65,108
1,<environment.Job instance at 0x7f474285fcd0>,44,15,[6 4],45,114,129,69,114
1,<environment.Job instance at 0x7f46fb01fb40>,51,26,[7 2],52,129,155,77,127
1,<environment.Job instance at 0x7f46fb2ba1e0>,4,15,[9 5],5,8,23,3,8
1,<environment.Job instance at 0x7f47428f4550>,10,15,[9 2],11,23,38,12,11
1,<environment.Job instance at 0x7f47428f4c30>,17,27,[1 8],18,25,52,7,25
1,<environment.Job instance at 0x7f47428f4e10>,21,17,[3 7],22,52,69,30,43
1,<environment.Job instance at 0x7f47429129b0>,32,14,[9 2],33,69,83,36,65
1,<environment.Job instance at 0x7f4742912a50>,34,3,[2 7],35,83,86,48,67
1,<environment.Job instance at 0x7f4742912cd0>,38,12,[9 4],39,86,98,47,69
1,<environment.Job instance at 0x7f4742912910>,41,14,[9 4],42,98,112,56,84
1,<environment.Job instance at 0x7f47428ffa50>,51,16,[9 2],52,114,130,62,114
1,<environment.Job instance at 0x7f47428ffd70>,56,3,[5 5],57,130,133,73,129
1,<environment.Job instance at 0x7f47428ffeb0>,57,17,[9 1],58,136,153,78,136
1,<environment.Job instance at 0x7f46faefcfa0>,4,16,[7 2],5,12,28,7,12
1,<environment.Job instance at 0x7f46fb16d410>,12,14,[7 1],13,28,42,15,13
1,<environment.Job instance at 0x7f46fad407d0>,20,12,[1 9],21,28,40,7,26
1,<environment.Job instance at 0x7f46fad40690>,24,1,[6 3],25,42,43,17,41
1,<environment.Job instance at 0x7f46fad400a0>,25,1,[8 4],26,43,44,17,41
1,<environment.Job instance at 0x7f46faefc0f0>,7,24,[8 1],8,44,68,36,44
1,<environment.Job instance at 0x7f46faeaf780>,28,1,[9 4],29,68,69,39,44
1,<environment.Job instance at 0x7f46faeafa50>,29,2,[3 5],30,69,71,39,44
1,<environment.Job instance at 0x7f46fad40aa0>,26,3,[9 4],27,71,74,44,45
1,<environment.Job instance at 0x7f46faeaf410>,37,21,[5 3],38,74,95,36,66
1,<environment.Job instance at 0x7f46faeaf2d0>,39,14,[3 7],40,74,88,34,69
1,<environment.Job instance at 0x7f46faeaf690>,40,17,[9 5],41,95,112,54,83
1,<environment.Job instance at 0x7f4742957e60>,49,21,[10  5],50,112,133,62,104
1,<environment.Job instance at 0x7f47452c00a0>,56,3,[ 4 10],57,133,136,76,117
1,<environment.Job instance at 0x7f47452c0f50>,57,16,[2 6],58,136,152,78,127
1,<environment.Job instance at 0x7f47454dc640>,4,3,[5 2],5,6,9,1,6
1,<environment.Job instance at 0x7f47456815a0>,5,3,[ 1 10],6,9,12,3,7
1,<environment.Job instance at 0x7f46fb2b8910>,8,1,[2 8],9,12,13,3,9
1,<environment.Job instance at 0x7f46fb2b8d20>,11,16,[5 4],12,13,29,1,12
1,<environment.Job instance at 0x7f46fb2b8870>,10,2,[ 3 10],11,29,31,18,14
1,<environment.Job instance at 0x7f4745681140>,0,22,[ 3 10],1,31,53,30,24
1,<environment.Job instance at 0x7f46fab73eb0>,32,15,[5 5],33,53,68,20,39
1,<environment.Job instance at 0x7f46fab73640>,35,14,[5 8],36,68,82,32,56
1,<environment.Job instance at 0x7f47452a4a00>,38,16,[7 5],39,82,98,43,69
1,<environment.Job instance at 0x7f46fb339320>,48,1,[3 9],49,98,99,49,89
1,<environment.Job instance at 0x7f46fb3395a0>,49,1,[5 1],50,98,99,48,89
1,<environment.Job instance at 0x7f46fb339190>,50,3,[1 7],51,99,102,48,89
1,<environment.Job instance at 0x7f46fb339140>,51,14,[10  5],52,102,116,50,89
1,<environment.Job instance at 0x7f46fab2ec30>,58,15,[8 5],59,137,152,78,137
1,<environment.Job instance at 0x7f4742aa4780>,5,28,[5 5],6,6,34,0,6
1,<environment.Job instance at 0x7f4742a7fcd0>,17,3,[2 7],18,34,37,16,19
1,<environment.Job instance at 0x7f4742a882d0>,22,3,[3 6],23,37,40,14,23
1,<environment.Job instance at 0x7f4742a88e10>,21,1,[5 3],22,24,25,2,24
1,<environment.Job instance at 0x7f46fafafbe0>,24,1,[1 9],25,40,41,15,25
1,<environment.Job instance at 0x7f46fafa0690>,25,2,[ 3 10],26,41,43,15,30
1,<environment.Job instance at 0x7f4742aa4cd0>,6,15,[6 4],7,43,58,36,35
1,<environment.Job instance at 0x7f46faead4b0>,35,14,[4 5],36,68,82,32,68
1,<environment.Job instance at 0x7f4742810d20>,40,1,[10  2],41,82,83,41,68
1,<environment.Job instance at 0x7f4742804730>,41,15,[4 5],42,83,98,41,69
1,<environment.Job instance at 0x7f46fb0eea50>,43,13,[5 1],44,83,96,39,72
1,<environment.Job instance at 0x7f46fb0f85f0>,44,13,[6 3],45,96,109,51,81
1,<environment.Job instance at 0x7f4742c00190>,46,12,[3 9],47,109,121,62,92
1,<environment.Job instance at 0x7f46faefa410>,53,1,[ 4 10],54,121,122,67,104
1,<environment.Job instance at 0x7f474526f3c0>,54,3,[4 7],55,105,108,50,105
1,<environment.Job instance at 0x7f46fb0f7960>,55,3,[3 8],56,122,125,66,105
1,<environment.Job instance at 0x7f46faefa8c0>,52,2,[1 7],53,125,127,72,106
1,<environment.Job instance at 0x7f46fb0f7eb0>,56,16,[7 1],57,122,138,65,111
1,<environment.Job instance at 0x7f4742c00500>,50,14,[3 9],51,127,141,76,122
1,<environment.Job instance at 0x7f4742c067d0>,71,16,[6 5],72,141,157,69,130
1,<environment.Job instance at 0x7f46fab45640>,2,18,[ 1 10],3,3,21,0,3
1,<environment.Job instance at 0x7f47451f0dc0>,6,15,[4 7],7,21,36,14,9
1,<environment.Job instance at 0x7f4742c458c0>,17,18,[6 1],18,27,45,9,27
1,<environment.Job instance at 0x7f47428ff370>,20,3,[5 5],21,45,48,24,28
1,<environment.Job instance at 0x7f4745211d70>,16,13,[4 6],17,48,61,31,32
1,<environment.Job instance at 0x7f47426ff870>,27,3,[2 5],28,39,42,11,39
1,<environment.Job instance at 0x7f47457c2b90>,28,1,[4 7],29,42,43,13,39
1,<environment.Job instance at 0x7f47457c2c80>,30,13,[4 7],31,61,74,30,45
1,<environment.Job instance at 0x7f4745426370>,39,13,[8 2],40,74,87,34,60
1,<environment.Job instance at 0x7f4745426a50>,40,3,[10  1],41,87,90,46,61
1,<environment.Job instance at 0x7f4745426500>,42,14,[5 6],43,90,104,47,76
1,<environment.Job instance at 0x7f46facd9280>,50,2,[5 6],51,104,106,53,97
1,<environment.Job instance at 0x7f4745426e10>,44,15,[9 3],45,106,121,61,100
1,<environment.Job instance at 0x7f46fb270af0>,51,16,[9 3],52,121,137,69,111
1,<environment.Job instance at 0x7f47427dd6e0>,58,12,[4 5],59,137,149,78,128
1,<environment.Job instance at 0x7f46fabbf460>,0,17,[8 5],1,1,18,0,1
1,<environment.Job instance at 0x7f46fa920190>,9,2,[2 7],10,18,20,8,11
1,<environment.Job instance at 0x7f46fa974c30>,8,15,[5 5],9,20,35,11,12
1,<environment.Job instance at 0x7f46fa974910>,14,2,[10  3],15,35,37,20,16
1,<environment.Job instance at 0x7f46fa9714b0>,20,16,[10  1],21,37,53,16,25
1,<environment.Job instance at 0x7f46fa971f00>,29,15,[8 4],30,53,68,23,53
1,<environment.Job instance at 0x7f46fa915cd0>,34,17,[7 2],35,68,85,33,57
1,<environment.Job instance at 0x7f46fa915690>,42,15,[9 5],43,85,100,42,84
1,<environment.Job instance at 0x7f46fa915aa0>,50,13,[4 7],51,100,113,49,90
1,<environment.Job instance at 0x7f46fa911280>,58,3,[2 6],59,113,116,54,110
1,<environment.Job instance at 0x7f46fa911dc0>,60,13,[1 5],61,116,129,55,114
1,<environment.Job instance at 0x7f46fa911a50>,63,17,[6 1],64,117,134,53,117
1,<environment.Job instance at 0x7f46fa9537d0>,66,16,[ 2 10],67,134,150,67,122
1,<environment.Job instance at 0x7f46fac99af0>,10,21,[5 7],11,12,33,1,12
1,<environment.Job instance at 0x7f46fac95a50>,19,12,[5 1],20,20,32,0,20
1,<environment.Job instance at 0x7f46faa6c820>,21,2,[5 4],22,33,35,11,22
1,<environment.Job instance at 0x7f4742aae870>,8,2,[7 1],9,35,37,26,26
1,<environment.Job instance at 0x7f4742b76640>,2,26,[8 2],3,40,66,37,40
1,<environment.Job instance at 0x7f4742dd37d0>,32,13,[4 9],33,66,79,33,50
1,<environment.Job instance at 0x7f46fad58370>,42,14,[8 4],43,79,93,36,72
1,<environment.Job instance at 0x7f46fad582d0>,40,18,[8 5],41,93,111,52,82
1,<environment.Job instance at 0x7f46fad4dd70>,53,27,[4 5],54,133,160,79,133
1,<environment.Job instance at 0x7f47457dba50>,56,17,[2 5],57,138,155,81,138
1,<environment.Job instance at 0x7f46fad4d8c0>,52,14,[6 4],53,155,169,102,142
1,<environment.Job instance at 0x7f46fad4dcd0>,1,18,[ 5 10],2,3,21,1,3
1,<environment.Job instance at 0x7f47428d2370>,11,14,[2 5],12,21,35,9,12
1,<environment.Job instance at 0x7f4742d2e3c0>,17,13,[3 5],18,21,34,3,18
1,<environment.Job instance at 0x7f4745757320>,22,15,[7 5],23,34,49,11,27
1,<environment.Job instance at 0x7f4742d84aa0>,35,21,[ 2 10],36,49,70,13,45
1,<environment.Job instance at 0x7f4742ae66e0>,40,13,[7 3],41,70,83,29,58
1,<environment.Job instance at 0x7f46fae9ff50>,43,12,[9 4],44,83,95,39,66
1,<environment.Job instance at 0x7f46fafa04b0>,60,15,[3 9],61,95,110,34,89
1,<environment.Job instance at 0x7f4742b930f0>,56,24,[ 1 10],57,110,134,53,106
1,<environment.Job instance at 0x7f4742ace5f0>,3,12,[1 5],4,4,16,0,4
1,<environment.Job instance at 0x7f4742ace370>,4,15,[5 9],5,16,31,11,5
1,<environment.Job instance at 0x7f4742ace910>,15,2,[3 7],16,31,33,15,16
1,<environment.Job instance at 0x7f46fa9b5c80>,18,14,[3 5],19,33,47,14,25
1,<environment.Job instance at 0x7f46fa9b57d0>,19,16,[6 3],20,31,47,11,25
1,<environment.Job instance at 0x7f46fa9b5820>,24,14,[7 5],25,47,61,22,36
1,<environment.Job instance at 0x7f46fa9b5780>,29,14,[ 2 10],30,61,75,31,54
1,<environment.Job instance at 0x7f46fa9b5870>,32,15,[6 5],33,75,90,42,65
1,<environment.Job instance at 0x7f46fabaab90>,41,12,[8 3],42,90,102,48,81
1,<environment.Job instance at 0x7f4742ab8690>,50,15,[4 6],51,102,117,51,101
1,<environment.Job instance at 0x7f4742ab88c0>,54,17,[5 5],55,117,134,62,105
1,<environment.Job instance at 0x7f46fa960f00>,57,15,[5 3],58,108,123,50,108
1,<environment.Job instance at 0x7f46fa960af0>,59,18,[4 9],60,134,152,74,127
1,<environment.Job instance at 0x7f46fac1d280>,5,13,[1 9],6,6,19,0,6
1,<environment.Job instance at 0x7f46fadd8190>,6,13,[6 4],7,19,32,12,7
1,<environment.Job instance at 0x7f4742d52320>,17,18,[9 5],18,32,50,14,26
1,<environment.Job instance at 0x7f46fa9840f0>,25,2,[ 4 10],26,50,52,24,37
1,<environment.Job instance at 0x7f46fa984d70>,24,17,[9 4],25,52,69,27,45
1,<environment.Job instance at 0x7f46fa9f3280>,31,28,[9 4],32,70,98,38,70
1,<environment.Job instance at 0x7f4742a64690>,44,25,[1 6],45,89,114,44,89
1,<environment.Job instance at 0x7f4742a3a410>,46,18,[7 1],47,98,116,51,89
1,<environment.Job instance at 0x7f4742a3ae10>,51,18,[9 3],52,116,134,64,107
1,<environment.Job instance at 0x7f4742a73190>,59,16,[4 7],60,134,150,74,121
1,<environment.Job instance at 0x7f4742a73c30>,64,16,[5 5],65,150,166,85,137
1,<environment.Job instance at 0x7f676e9171e0>,0,17,[6 1],1,1,18,0,1
1,<environment.Job instance at 0x7f676e9172d0>,2,14,[ 2 10],3,18,32,15,3
1,<environment.Job instance at 0x7f6769508b40>,14,21,[8 1],15,32,53,17,27
1,<environment.Job instance at 0x7f676950c2d0>,21,18,[9 4],22,53,71,31,42
1,<environment.Job instance at 0x7f676950c500>,24,2,[4 6],25,71,73,46,47
1,<environment.Job instance at 0x7f676950c690>,25,2,[5 7],26,73,75,47,47
1,<environment.Job instance at 0x7f6769508d70>,19,25,[5 9],20,75,100,55,71
1,<environment.Job instance at 0x7f676950cd70>,35,16,[1 9],36,100,116,64,88
1,<environment.Job instance at 0x7f676950d2d0>,41,1,[7 1],42,100,101,58,98
1,<environment.Job instance at 0x7f676950d460>,42,2,[4 7],43,116,118,73,98
1,<environment.Job instance at 0x7f676950d050>,44,3,[5 1],45,107,110,62,107
1,<environment.Job instance at 0x7f676950cb90>,32,21,[5 9],33,118,139,85,110
1,<environment.Job instance at 0x7f676950dd70>,52,2,[ 2 10],53,139,141,86,128
1,<environment.Job instance at 0x7f676950daa0>,53,3,[2 9],54,141,144,87,129
1,<environment.Job instance at 0x7f676950dc80>,51,2,[5 3],52,144,146,92,132
1,<environment.Job instance at 0x7f676950deb0>,54,18,[7 1],55,146,164,91,136
1,<environment.Job instance at 0x7f6769510230>,59,19,[1 7],60,144,163,84,140
1,<environment.Job instance at 0x7f6769520e10>,0,24,[1 5],1,2,26,1,2
1,<environment.Job instance at 0x7f676ea86e60>,9,14,[ 5 10],10,26,40,16,12
1,<environment.Job instance at 0x7f676ea881e0>,18,2,[5 7],19,40,42,21,28
1,<environment.Job instance at 0x7f676ea88fa0>,20,17,[3 5],21,42,59,21,34
1,<environment.Job instance at 0x7f676e93f690>,38,21,[2 7],39,104,125,65,104
1,<environment.Job instance at 0x7f676e93efa0>,43,14,[5 9],44,125,139,81,122
1,<environment.Job instance at 0x7f676e93ec30>,41,14,[ 1 10],42,139,153,97,124
1,<environment.Job instance at 0x7f67237c1320>,0,16,[8 3],1,6,22,5,6
1,<environment.Job instance at 0x7f6723767c80>,11,2,[2 9],12,22,24,10,12
1,<environment.Job instance at 0x7f67692dc190>,16,2,[5 5],17,24,26,7,18
1,<environment.Job instance at 0x7f672375b6e0>,12,20,[4 9],13,26,46,13,20
1,<environment.Job instance at 0x7f67237cb1e0>,22,17,[5 9],23,46,63,23,39
1,<environment.Job instance at 0x7f67237c0e60>,30,14,[2 9],31,63,77,32,49
1,<environment.Job instance at 0x7f67237c06e0>,36,25,[2 8],37,77,102,40,73
1,<environment.Job instance at 0x7f6723812870>,49,2,[5 3],50,102,104,52,78
1,<environment.Job instance at 0x7f67699d4d20>,48,16,[5 2],49,85,101,36,85
1,<environment.Job instance at 0x7f6769693690>,52,14,[2 8],53,104,118,51,89
1,<environment.Job instance at 0x7f67692ce960>,59,18,[5 2],60,101,119,41,90
1,<environment.Job instance at 0x7f676927b5f0>,61,15,[5 7],62,118,133,56,106
1,<environment.Job instance at 0x7f67693494b0>,66,17,[7 4],67,133,150,66,122
1,<environment.Job instance at 0x7f6723795eb0>,1,15,[7 1],2,4,19,2,4
1,<environment.Job instance at 0x7f672393fa50>,8,3,[3 7],9,10,13,1,10
1,<environment.Job instance at 0x7f67697423c0>,18,2,[9 3],19,23,25,4,23
1,<environment.Job instance at 0x7f67694fcc80>,21,1,[8 1],22,25,26,3,23
1,<environment.Job instance at 0x7f67694fcfa0>,19,3,[4 7],20,26,29,6,24
1,<environment.Job instance at 0x7f676ea80dc0>,12,17,[4 5],13,29,46,16,26
1,<environment.Job instance at 0x7f6723cf0c30>,23,16,[6 5],24,29,45,5,29
1,<environment.Job instance at 0x7f67237ab370>,29,18,[5 8],30,48,66,18,48
1,<environment.Job instance at 0x7f67237abaa0>,30,18,[ 2 10],31,66,84,35,56
1,<environment.Job instance at 0x7f676ea91aa0>,38,13,[9 1],39,84,97,45,72
1,<environment.Job instance at 0x7f676deac0a0>,48,15,[2 8],49,97,112,48,83
1,<environment.Job instance at 0x7f6723802460>,55,18,[4 6],56,112,130,56,109
1,<environment.Job instance at 0x7f67695ee6e0>,7,18,[8 2],8,130,148,122,129
1,<environment.Job instance at 0x7f672387c370>,0,17,[5 2],1,1,18,0,1
1,<environment.Job instance at 0x7f6723b1caf0>,2,12,[6 2],3,18,30,15,3
1,<environment.Job instance at 0x7f6723b29820>,12,12,[7 2],13,30,42,17,13
1,<environment.Job instance at 0x7f6723b141e0>,19,15,[1 6],20,32,47,12,32
1,<environment.Job instance at 0x7f6723b14b40>,20,12,[2 9],21,47,59,26,43
1,<environment.Job instance at 0x7f6723b148c0>,22,16,[5 4],23,59,75,36,51
1,<environment.Job instance at 0x7f6723b14aa0>,25,15,[5 6],26,62,77,36,62
1,<environment.Job instance at 0x7f6723b12780>,31,17,[ 4 10],32,77,94,45,67
1,<environment.Job instance at 0x7f6723b19e10>,37,21,[4 8],38,94,115,56,87
1,<environment.Job instance at 0x7f6723b10870>,44,18,[6 4],45,115,133,70,105
1,<environment.Job instance at 0x7f6723b107d0>,48,16,[1 7],49,133,149,84,123
1,<environment.Job instance at 0x7f6723b15910>,58,2,[ 1 10],59,149,151,90,136
1,<environment.Job instance at 0x7f6723b15eb0>,59,12,[5 2],60,151,163,91,140
1,<environment.Job instance at 0x7f676973eb90>,10,12,[3 6],11,11,23,0,11
1,<environment.Job instance at 0x7f6723ea81e0>,11,2,[3 5],12,23,25,11,12
1,<environment.Job instance at 0x7f6723ea8b90>,14,14,[4 6],15,25,39,10,15
1,<environment.Job instance at 0x7f6723ea85a0>,20,15,[6 3],21,31,46,10,31
1,<environment.Job instance at 0x7f6723ea83c0>,21,18,[5 9],22,46,64,24,35
1,<environment.Job instance at 0x7f676e2cb870>,29,1,[4 5],30,64,65,34,46
1,<environment.Job instance at 0x7f676973e050>,3,27,[8 5],4,65,92,61,63
1,<environment.Job instance at 0x7f676e2c36e0>,38,12,[5 5],39,92,104,53,77
1,<environment.Job instance at 0x7f676e2c3eb0>,44,18,[3 6],45,104,122,59,94
1,<environment.Job instance at 0x7f676e265550>,53,20,[5 3],54,111,131,57,111
1,<environment.Job instance at 0x7f676e265960>,54,16,[2 7],55,122,138,67,111
1,<environment.Job instance at 0x7f676e265460>,61,17,[2 9],62,138,155,76,133
1,<environment.Job instance at 0x7f67696be7d0>,0,25,[10  4],1,1,26,0,1
1,<environment.Job instance at 0x7f6723cfccd0>,8,3,[3 5],9,26,29,17,9
1,<environment.Job instance at 0x7f6723ce3190>,6,14,[5 7],7,29,43,22,15
1,<environment.Job instance at 0x7f676de9d550>,18,13,[7 1],19,43,56,24,31
1,<environment.Job instance at 0x7f67697afa00>,20,3,[9 1],21,56,59,35,31
1,<environment.Job instance at 0x7f676de9abe0>,23,2,[9 1],24,59,61,35,39
1,<environment.Job instance at 0x7f67693ae4b0>,25,2,[ 3 10],26,61,63,35,41
1,<environment.Job instance at 0x7f676de9a050>,24,14,[5 8],25,63,77,38,53
1,<environment.Job instance at 0x7f67693c6c80>,33,27,[1 7],34,78,105,44,78
1,<environment.Job instance at 0x7f676e371320>,13,18,[8 3],14,82,100,68,82
1,<environment.Job instance at 0x7f67693c6af0>,37,1,[ 4 10],38,105,106,67,84
1,<environment.Job instance at 0x7f6723955960>,49,13,[8 4],50,144,157,94,144
1,<environment.Job instance at 0x7f67699b25f0>,2,12,[5 5],3,3,15,0,3
1,<environment.Job instance at 0x7f6723734870>,4,21,[8 1],5,15,36,10,8
1,<environment.Job instance at 0x7f672373c3c0>,16,15,[4 7],17,36,51,19,22
1,<environment.Job instance at 0x7f672373cb90>,22,3,[8 1],23,51,54,28,27
1,<environment.Job instance at 0x7f672373c780>,21,3,[9 5],22,54,57,32,28
1,<environment.Job instance at 0x7f672373ceb0>,26,3,[1 7],27,29,32,2,29
1,<environment.Job instance at 0x7f672373cbe0>,25,15,[9 1],26,57,72,31,43
1,<environment.Job instance at 0x7f6723749500>,31,14,[1 5],32,51,65,19,43
1,<environment.Job instance at 0x7f6723749910>,37,15,[1 6],38,66,81,28,66
1,<environment.Job instance at 0x7f6723749b90>,38,1,[3 8],39,81,82,42,66
1,<environment.Job instance at 0x7f6723749a00>,40,16,[3 7],41,82,98,41,74
1,<environment.Job instance at 0x7f6723749aa0>,42,14,[5 7],43,98,112,55,84
1,<environment.Job instance at 0x7f672374a7d0>,52,14,[4 9],53,124,138,71,124
1,<environment.Job instance at 0x7f672374ac30>,57,18,[3 9],58,138,156,80,127
1,<environment.Job instance at 0x7f6723e4baa0>,4,17,[5 9],5,5,22,0,5
1,<environment.Job instance at 0x7f6723c9e780>,10,3,[10  4],11,22,25,11,14
1,<environment.Job instance at 0x7f6723c9e460>,9,18,[9 5],10,25,43,15,19
1,<environment.Job instance at 0x7f6723c9e320>,12,18,[10  5],13,43,61,30,33
1,<environment.Job instance at 0x7f6723ac3870>,23,16,[3 9],24,61,77,37,48
1,<environment.Job instance at 0x7f67693659b0>,29,25,[8 3],30,78,103,48,78
1,<environment.Job instance at 0x7f6723c558c0>,38,17,[3 5],39,103,120,64,93
1,<environment.Job instance at 0x7f6723e13730>,40,14,[6 3],41,103,117,62,94
1,<environment.Job instance at 0x7f676e4db2d0>,44,1,[ 3 10],45,120,121,75,100
1,<environment.Job instance at 0x7f676e4db280>,46,3,[7 4],47,117,120,70,100
1,<environment.Job instance at 0x7f676935f0a0>,52,1,[4 6],53,121,122,68,117
1,<environment.Job instance at 0x7f676e2dbeb0>,54,1,[5 8],55,122,123,67,117
1,<environment.Job instance at 0x7f67238900a0>,55,3,[7 3],56,123,126,67,118
1,<environment.Job instance at 0x7f67238907d0>,57,3,[ 1 10],58,126,129,68,118
1,<environment.Job instance at 0x7f6723890460>,58,12,[10  2],59,129,141,70,118
1,<environment.Job instance at 0x7f6723c61e10>,62,14,[ 1 10],63,141,155,78,129
1,<environment.Job instance at 0x7f676deabaa0>,3,18,[6 1],4,4,22,0,4
1,<environment.Job instance at 0x7f676e216cd0>,5,15,[4 9],6,7,22,1,7
1,<environment.Job instance at 0x7f67695014b0>,12,2,[5 7],13,22,24,9,13
1,<environment.Job instance at 0x7f67695017d0>,8,16,[8 5],9,24,40,15,19
1,<environment.Job instance at 0x7f672381c0a0>,23,16,[5 8],24,40,56,16,37
1,<environment.Job instance at 0x7f6723adc780>,22,15,[ 5 10],23,56,71,33,46
1,<environment.Job instance at 0x7f67699227d0>,29,2,[10  1],30,71,73,41,46
1,<environment.Job instance at 0x7f67699220f0>,32,1,[3 9],33,73,74,40,46
1,<environment.Job instance at 0x7f672393ad70>,37,3,[6 4],38,74,77,36,54
1,<environment.Job instance at 0x7f67239458c0>,26,22,[3 8],27,77,99,50,71
1,<environment.Job instance at 0x7f6723b1ac30>,46,13,[2 9],47,99,112,52,85
1,<environment.Job instance at 0x7f6723dafc80>,40,18,[9 4],41,112,130,71,106
1,<environment.Job instance at 0x7f6723dcf690>,55,3,[5 4],56,130,133,74,110
1,<environment.Job instance at 0x7f676de9d730>,61,1,[7 1],62,133,134,71,125
1,<environment.Job instance at 0x7f676de9deb0>,60,14,[5 7],61,134,148,73,126
1,<environment.Job instance at 0x7f6723c55460>,63,1,[10  4],64,148,149,84,127
1,<environment.Job instance at 0x7f676e0d8fa0>,2,15,[ 1 10],3,4,19,1,4
1,<environment.Job instance at 0x7f6723ea8910>,4,18,[9 2],5,19,37,14,9
1,<environment.Job instance at 0x7f676e0d5780>,14,18,[8 4],15,37,55,22,27
1,<environment.Job instance at 0x7f676e0d5dc0>,22,3,[6 3],23,55,58,32,33
1,<environment.Job instance at 0x7f676e0c7190>,24,18,[3 9],25,58,76,33,47
1,<environment.Job instance at 0x7f676e0c75a0>,27,3,[3 6],28,55,58,27,52
1,<environment.Job instance at 0x7f676e0c7320>,25,15,[6 1],26,58,73,32,55
1,<environment.Job instance at 0x7f676e0c76e0>,33,13,[4 6],34,76,89,42,67
1,<environment.Job instance at 0x7f676e0c7e10>,37,18,[7 5],38,89,107,51,85
1,<environment.Job instance at 0x7f676e0d7460>,43,12,[5 7],44,107,119,63,91
1,<environment.Job instance at 0x7f676e0d74b0>,45,1,[2 6],46,119,120,73,93
1,<environment.Job instance at 0x7f676e0d7190>,41,17,[5 3],42,107,124,65,99
1,<environment.Job instance at 0x7f676e0d7d20>,54,16,[7 2],55,124,140,69,111
1,<environment.Job instance at 0x7f676e0ad0a0>,58,2,[4 8],59,140,142,81,121
1,<environment.Job instance at 0x7f676e0ad140>,59,3,[8 2],60,142,145,82,121
1,<environment.Job instance at 0x7f676e0d7550>,2,17,[9 5],3,5,22,2,5
1,<environment.Job instance at 0x7f672e4fb5f0>,11,2,[7 1],12,22,24,10,22
1,<environment.Job instance at 0x7f6769811280>,7,25,[6 4],8,24,49,16,23
1,<environment.Job instance at 0x7f67694b4550>,16,3,[7 5],17,49,52,32,28
1,<environment.Job instance at 0x7f67694b4730>,17,1,[5 9],18,52,53,34,28
1,<environment.Job instance at 0x7f67694b4f50>,20,14,[5 7],21,53,67,32,38
1,<environment.Job instance at 0x7f67694810f0>,25,17,[4 6],26,67,84,41,59
1,<environment.Job instance at 0x7f67236e5be0>,34,15,[6 1],35,67,82,32,66
1,<environment.Job instance at 0x7f67236e5280>,31,26,[5 4],32,82,108,50,79
1,<environment.Job instance at 0x7f6723dc6eb0>,50,2,[ 3 10],51,108,110,57,94
1,<environment.Job instance at 0x7f6723912780>,51,16,[5 4],52,110,126,58,97
1,<environment.Job instance at 0x7f6723e01b90>,53,14,[3 7],54,126,140,72,113
1,<environment.Job instance at 0x7f676e174c80>,3,14,[8 3],4,4,18,0,4
1,<environment.Job instance at 0x7f676ddbd690>,11,12,[3 5],12,18,30,6,12
1,<environment.Job instance at 0x7f676ddbd4b0>,8,14,[10  3],9,30,44,21,17
1,<environment.Job instance at 0x7f67698ac640>,23,18,[4 6],24,44,62,20,36
1,<environment.Job instance at 0x7f67694ad050>,28,1,[3 9],29,62,63,33,49
1,<environment.Job instance at 0x7f67694adfa0>,29,14,[ 5 10],30,63,77,33,53
1,<environment.Job instance at 0x7f6723c9f6e0>,36,15,[6 4],37,77,92,40,68
1,<environment.Job instance at 0x7f6723c9f370>,44,2,[4 5],45,83,85,38,83
1,<environment.Job instance at 0x7f6723703050>,49,2,[1 8],50,92,94,42,88
1,<environment.Job instance at 0x7f6723c9ffa0>,41,21,[4 8],42,94,115,52,93
1,<environment.Job instance at 0x7f676949c7d0>,57,12,[8 1],58,115,127,57,98
1,<environment.Job instance at 0x7f676949c4b0>,60,28,[4 7],61,129,157,68,129
1,<environment.Job instance at 0x7f6769437780>,4,13,[8 2],5,6,19,1,6
1,<environment.Job instance at 0x7f6769437d20>,9,25,[1 7],10,10,35,0,10
1,<environment.Job instance at 0x7f676945f730>,15,13,[1 5],16,35,48,19,19
1,<environment.Job instance at 0x7f676945f780>,17,14,[7 2],18,28,42,10,28
1,<environment.Job instance at 0x7f6769465eb0>,23,15,[1 5],24,42,57,18,28
1,<environment.Job instance at 0x7f67699005a0>,24,12,[9 4],25,48,60,23,32
1,<environment.Job instance at 0x7f676de8b780>,27,3,[6 4],28,60,63,32,39
1,<environment.Job instance at 0x7f676992f230>,26,15,[4 7],27,63,78,36,49
1,<environment.Job instance at 0x7f6723d9ee10>,37,18,[6 1],38,63,81,25,56
1,<environment.Job instance at 0x7f676df55be0>,42,15,[4 7],43,78,93,35,70
1,<environment.Job instance at 0x7f676dfbffa0>,46,16,[1 9],47,93,109,46,81
1,<environment.Job instance at 0x7f676dfbf0a0>,54,14,[1 7],55,109,123,54,98
1,<environment.Job instance at 0x7f676dfab140>,58,18,[4 6],59,123,141,64,117
1,<environment.Job instance at 0x7f676dfc0320>,64,15,[9 3],65,141,156,76,127
1,<environment.Job instance at 0x7f676dfc08c0>,67,3,[9 2],68,156,159,88,133
1,<environment.Job instance at 0x7f67698ac690>,6,15,[9 4],7,7,22,0,7
1,<environment.Job instance at 0x7f676de6f3c0>,18,15,[5 5],19,22,37,3,19
1,<environment.Job instance at 0x7f676de6f320>,17,16,[2 5],18,22,38,4,20
1,<environment.Job instance at 0x7f676e2e7550>,9,13,[3 8],10,38,51,28,25
1,<environment.Job instance at 0x7f6723a713c0>,27,15,[3 8],28,51,66,23,44
1,<environment.Job instance at 0x7f6723af6eb0>,31,18,[3 7],32,66,84,34,58
1,<environment.Job instance at 0x7f6723af60a0>,37,24,[9 5],38,84,108,46,81
1,<environment.Job instance at 0x7f6723a726e0>,44,17,[7 2],45,108,125,63,96
1,<environment.Job instance at 0x7f67237a85a0>,51,12,[ 5 10],52,125,137,73,114
1,<environment.Job instance at 0x7f676e257e10>,61,20,[5 5],62,137,157,75,128
1,<environment.Job instance at 0x7f67235704b0>,2,26,[8 2],3,7,33,4,7
1,<environment.Job instance at 0x7f67235705f0>,13,1,[1 8],14,15,16,1,15
1,<environment.Job instance at 0x7f6723570d20>,15,3,[1 5],16,18,21,2,18
1,<environment.Job instance at 0x7f6723e382d0>,16,3,[1 9],17,33,36,16,18
1,<environment.Job instance at 0x7f6723e38c80>,17,2,[5 2],18,36,38,18,20
1,<environment.Job instance at 0x7f6723e38960>,19,12,[5 1],20,33,45,13,20
1,<environment.Job instance at 0x7f6723570960>,10,21,[5 7],11,38,59,27,31
1,<environment.Job instance at 0x7f6723e10c80>,29,16,[3 7],30,59,75,29,50
1,<environment.Job instance at 0x7f672352d5f0>,39,15,[10  1],40,75,90,35,69
1,<environment.Job instance at 0x7f672352db40>,40,18,[8 5],41,91,109,50,91
1,<environment.Job instance at 0x7f672352ddc0>,49,3,[2 8],50,109,112,59,95
1,<environment.Job instance at 0x7f67234f5370>,54,17,[9 3],55,114,131,59,114
1,<environment.Job instance at 0x7f67234f52d0>,59,14,[7 4],60,131,145,71,130
1,<environment.Job instance at 0x7f67234f5190>,60,13,[5 7],61,145,158,84,130
1,<environment.Job instance at 0x7f676960ff00>,2,25,[2 8],3,7,32,4,7
1,<environment.Job instance at 0x7f6723ceb730>,12,15,[7 5],13,32,47,19,18
1,<environment.Job instance at 0x7f6723cdd5a0>,20,3,[3 5],21,32,35,11,21
1,<environment.Job instance at 0x7f6723ce89b0>,22,1,[1 6],23,47,48,24,23
1,<environment.Job instance at 0x7f6723ce8e10>,23,1,[8 5],24,48,49,24,24
1,<environment.Job instance at 0x7f67692d18c0>,27,16,[2 5],28,48,64,20,42
1,<environment.Job instance at 0x7f67692e7f50>,30,13,[7 3],31,49,62,18,44
1,<environment.Job instance at 0x7f67692e8fa0>,34,1,[10  1],35,64,65,29,47
1,<environment.Job instance at 0x7f67692e7be0>,36,3,[1 9],37,65,68,28,47
1,<environment.Job instance at 0x7f6723ac35f0>,38,3,[7 1],39,65,68,26,47
1,<environment.Job instance at 0x7f6723ac37d0>,39,12,[6 4],40,68,80,28,52
1,<environment.Job instance at 0x7f6769a06fa0>,46,24,[ 1 10],47,80,104,33,79
1,<environment.Job instance at 0x7f676dd04a00>,53,25,[4 6],54,104,129,50,101
1,<environment.Job instance at 0x7f6723d643c0>,64,16,[2 9],65,129,145,64,126
1,<environment.Job instance at 0x7f672352de10>,0,14,[7 4],1,1,15,0,1
1,<environment.Job instance at 0x7f6769a09870>,1,13,[6 4],2,15,28,13,2
1,<environment.Job instance at 0x7f6723d00aa0>,14,2,[9 2],15,28,30,13,18
1,<environment.Job instance at 0x7f67699ecbe0>,8,20,[6 2],9,30,50,21,26
1,<environment.Job instance at 0x7f676e2c6a50>,20,3,[ 1 10],21,50,53,29,30
1,<environment.Job instance at 0x7f676e2c6d70>,17,14,[5 4],18,53,67,35,48
1,<environment.Job instance at 0x7f67695fff50>,30,15,[4 6],31,53,68,22,48
1,<environment.Job instance at 0x7f676e4a7af0>,33,16,[8 1],34,68,84,34,55
1,<environment.Job instance at 0x7f676e4a7eb0>,40,3,[7 5],41,84,87,43,72
1,<environment.Job instance at 0x7f676e4a7a00>,41,1,[5 6],42,87,88,45,72
1,<environment.Job instance at 0x7f676e4a7e60>,39,18,[4 9],40,88,106,48,79
1,<environment.Job instance at 0x7f676e2e11e0>,53,17,[6 2],54,106,123,52,102
1,<environment.Job instance at 0x7f676df71050>,57,2,[7 4],58,123,125,65,108
1,<environment.Job instance at 0x7f672388bd70>,43,16,[6 1],44,125,141,81,113
1,<environment.Job instance at 0x7f676e2e1cd0>,54,18,[2 9],55,125,143,70,114
1,<environment.Job instance at 0x7f6723cbbc30>,62,15,[9 3],63,143,158,80,131
1,<environment.Job instance at 0x7f676948f1e0>,9,17,[10  5],10,16,33,6,16
1,<environment.Job instance at 0x7f67239245f0>,13,1,[2 9],14,33,34,19,16
1,<environment.Job instance at 0x7f676948f870>,12,1,[ 5 10],13,34,35,21,16
1,<environment.Job instance at 0x7f6723924aa0>,15,2,[10  4],16,35,37,19,16
1,<environment.Job instance at 0x7f6723924870>,18,17,[6 1],19,37,54,18,32
1,<environment.Job instance at 0x7f6723924550>,19,2,[10  4],20,54,56,34,32
1,<environment.Job instance at 0x7f6723555b40>,23,1,[ 3 10],24,56,57,32,32
1,<environment.Job instance at 0x7f67235559b0>,24,12,[1 8],25,37,49,12,32
1,<environment.Job instance at 0x7f67235550f0>,28,14,[7 2],29,57,71,28,45
1,<environment.Job instance at 0x7f6723555230>,25,16,[3 7],26,57,73,31,45
1,<environment.Job instance at 0x7f6769834dc0>,34,16,[5 5],35,73,89,38,69
1,<environment.Job instance at 0x7f67698348c0>,36,15,[4 5],37,73,88,36,69
1,<environment.Job instance at 0x7f67698345f0>,37,17,[6 2],38,89,106,51,78
1,<environment.Job instance at 0x7f676934abe0>,47,3,[3 6],48,89,92,41,83
1,<environment.Job instance at 0x7f676934a9b0>,48,2,[ 4 10],49,106,108,57,86
1,<environment.Job instance at 0x7f676934ac80>,53,1,[5 9],54,108,109,54,89
1,<environment.Job instance at 0x7f676934acd0>,54,14,[ 1 10],55,109,123,54,96
1,<environment.Job instance at 0x7f67696a9960>,55,2,[5 5],56,123,125,67,96
1,<environment.Job instance at 0x7f67696a9d20>,60,15,[7 1],61,125,140,64,111
1,<environment.Job instance at 0x7f67696a9c30>,61,13,[5 5],62,140,153,78,124
1,<environment.Job instance at 0x7f67696a9320>,64,13,[7 1],65,153,166,88,139
1,<environment.Job instance at 0x7f67692e7b90>,0,13,[8 2],1,2,15,1,2
1,<environment.Job instance at 0x7f676de26b90>,8,13,[6 3],9,16,29,7,16
1,<environment.Job instance at 0x7f6723948b40>,16,15,[5 3],17,29,44,12,21
1,<environment.Job instance at 0x7f676e04f280>,19,17,[5 7],20,29,46,9,23
1,<environment.Job instance at 0x7f676951be60>,15,18,[5 5],16,46,64,30,38
1,<environment.Job instance at 0x7f6723412500>,25,16,[7 4],26,64,80,38,56
1,<environment.Job instance at 0x7f6723560280>,38,17,[5 7],39,80,97,41,72
1,<environment.Job instance at 0x7f672356c460>,42,2,[10  3],43,97,99,54,74
1,<environment.Job instance at 0x7f6723576d70>,53,17,[8 4],54,127,144,73,127
1,<environment.Job instance at 0x7f672356ad20>,57,16,[7 2],58,144,160,86,135
1,<environment.Job instance at 0x7ffaff35e0f0>,0,17,[6 1],1,1,18,0,1
1,<environment.Job instance at 0x7ffafe1ff280>,3,22,[2 5],4,4,26,0,4
1,<environment.Job instance at 0x7ffafe1ff730>,9,12,[8 2],10,18,30,8,17
1,<environment.Job instance at 0x7ffafe1ffaf0>,13,18,[5 9],14,30,48,16,21
1,<environment.Job instance at 0x7ffafe201230>,20,3,[10  5],21,48,51,27,31
1,<environment.Job instance at 0x7ffafe1ffd20>,18,26,[7 4],19,51,77,32,49
1,<environment.Job instance at 0x7ffafe201e10>,33,26,[3 6],34,99,125,65,99
1,<environment.Job instance at 0x7ffafe2061e0>,1,13,[5 7],2,2,15,0,2
1,<environment.Job instance at 0x7ffaff385e10>,9,2,[10  2],10,15,17,5,10
1,<environment.Job instance at 0x7ffaff385f50>,8,2,[5 7],9,17,19,8,11
1,<environment.Job instance at 0x7ffaff4cd0a0>,13,3,[2 5],14,19,22,5,16
1,<environment.Job instance at 0x7ffaff4cd8c0>,16,17,[9 1],17,22,39,5,20
1,<environment.Job instance at 0x7ffaff4d4b40>,19,1,[5 3],20,20,21,0,20
1,<environment.Job instance at 0x7ffaff385aa0>,7,16,[8 4],8,39,55,31,28
1,<environment.Job instance at 0x7ffaff4cb820>,26,3,[7 5],27,55,58,28,49
1,<environment.Job instance at 0x7ffaff4cd9b0>,14,19,[6 2],15,58,77,43,49
1,<environment.Job instance at 0x7ffaff4cb320>,28,21,[2 7],29,58,79,29,55
1,<environment.Job instance at 0x7ffaff4d2d70>,36,16,[6 5],37,80,96,43,80
1,<environment.Job instance at 0x7ffaff4cf320>,39,15,[5 5],40,96,111,56,91
1,<environment.Job instance at 0x7ffaff4cfc30>,42,13,[2 5],43,92,105,49,92
1,<environment.Job instance at 0x7ffaff4cf690>,44,16,[5 6],45,111,127,66,99
1,<environment.Job instance at 0x7ffaff4d97d0>,52,15,[8 2],53,143,158,90,143
1,<environment.Job instance at 0x7ffaff4d98c0>,54,15,[8 5],55,158,173,103,144
1,<environment.Job instance at 0x7ffab430c870>,6,13,[2 5],7,9,22,2,9
1,<environment.Job instance at 0x7ffab42127d0>,10,14,[2 9],11,22,36,11,16
1,<environment.Job instance at 0x7ffafdf6c410>,18,12,[6 4],19,36,48,17,22
1,<environment.Job instance at 0x7ffafe464550>,20,26,[8 3],21,48,74,27,45
1,<environment.Job instance at 0x7ffab41a5f00>,33,2,[10  2],34,74,76,40,50
1,<environment.Job instance at 0x7ffab41a5f50>,35,15,[1 5],36,54,69,18,54
1,<environment.Job instance at 0x7ffab41a5910>,36,2,[2 7],37,69,71,32,56
1,<environment.Job instance at 0x7ffab41a5730>,38,1,[9 5],39,76,77,37,60
1,<environment.Job instance at 0x7ffab41aea00>,31,18,[5 8],32,77,95,45,70
1,<environment.Job instance at 0x7ffab41a5aa0>,42,17,[8 2],43,95,112,52,83
1,<environment.Job instance at 0x7ffab42f1730>,50,15,[1 9],51,112,127,61,101
1,<environment.Job instance at 0x7ffab4300cd0>,53,14,[5 6],54,127,141,73,114
1,<environment.Job instance at 0x7ffafe466640>,61,16,[4 5],62,141,157,79,128
1,<environment.Job instance at 0x7ffab48862d0>,0,18,[ 2 10],1,1,19,0,1
1,<environment.Job instance at 0x7ffaff3861e0>,13,2,[7 2],14,19,21,5,14
1,<environment.Job instance at 0x7ffab4332640>,15,1,[5 4],16,21,22,5,16
1,<environment.Job instance at 0x7ffafe6b30f0>,8,13,[9 1],9,22,35,13,21
1,<environment.Job instance at 0x7ffab4659190>,17,1,[6 2],18,35,36,17,21
1,<environment.Job instance at 0x7ffafe2ca6e0>,22,17,[8 1],23,36,53,13,26
1,<environment.Job instance at 0x7ffafdfcbc80>,25,18,[4 6],26,53,71,27,48
1,<environment.Job instance at 0x7ffafef22dc0>,33,3,[5 7],34,71,74,37,60
1,<environment.Job instance at 0x7ffab41f6be0>,34,2,[ 5 10],35,74,76,39,60
1,<environment.Job instance at 0x7ffab41f6eb0>,35,16,[4 7],36,76,92,40,65
1,<environment.Job instance at 0x7ffafe281b40>,39,18,[8 2],40,92,110,52,81
1,<environment.Job instance at 0x7ffafef65460>,46,2,[2 6],47,95,97,48,95
1,<environment.Job instance at 0x7ffab41d74b0>,27,28,[ 5 10],28,112,140,84,112
1,<environment.Job instance at 0x7ffab46f5a00>,58,13,[5 5],59,140,153,81,131
1,<environment.Job instance at 0x7ffab473c280>,61,3,[5 1],62,140,143,78,137
1,<environment.Job instance at 0x7ffab47eca50>,2,14,[2 6],3,3,17,0,3
1,<environment.Job instance at 0x7ffab4557b90>,11,3,[8 3],12,13,16,1,13
1,<environment.Job instance at 0x7ffab45572d0>,12,1,[ 3 10],13,17,18,4,13
1,<environment.Job instance at 0x7ffab45796e0>,15,13,[6 4],16,18,31,2,16
1,<environment.Job instance at 0x7ffab47feb90>,16,3,[ 4 10],17,31,34,14,17
1,<environment.Job instance at 0x7ffab4581820>,20,2,[2 7],21,34,36,13,21
1,<environment.Job instance at 0x7ffab4584d20>,24,1,[2 5],25,26,27,1,26
1,<environment.Job instance at 0x7ffafecd09b0>,8,16,[1 7],9,36,52,27,27
1,<environment.Job instance at 0x7ffab4570e60>,33,15,[6 2],34,38,53,4,38
1,<environment.Job instance at 0x7ffab45708c0>,35,21,[9 5],36,53,74,17,48
1,<environment.Job instance at 0x7ffafe63e6e0>,53,12,[9 3],54,87,99,33,87
1,<environment.Job instance at 0x7ffafe650fa0>,57,17,[2 6],58,99,116,41,97
1,<environment.Job instance at 0x7ffafe83deb0>,3,20,[5 3],4,4,24,0,4
1,<environment.Job instance at 0x7ffafe83dd20>,4,16,[2 7],5,7,23,2,7
1,<environment.Job instance at 0x7ffafe83d410>,9,12,[7 5],10,24,36,14,10
1,<environment.Job instance at 0x7ffafed41af0>,22,13,[9 2],23,36,49,13,24
1,<environment.Job instance at 0x7ffafe8cff00>,34,17,[1 8],35,50,67,15,50
1,<environment.Job instance at 0x7ffafe8cfaa0>,35,13,[4 7],36,67,80,31,52
1,<environment.Job instance at 0x7ffafe8cf960>,42,25,[7 5],43,82,107,39,82
1,<environment.Job instance at 0x7ffafe878320>,53,15,[4 8],54,107,122,53,104
1,<environment.Job instance at 0x7ffafe8d39b0>,29,13,[8 5],30,122,135,92,112
1,<environment.Job instance at 0x7ffafe848730>,59,17,[ 2 10],60,135,152,75,134
1,<environment.Job instance at 0x7ffafe054a50>,3,16,[7 2],4,4,20,0,4
1,<environment.Job instance at 0x7ffafe054f50>,4,12,[9 3],5,20,32,15,5
1,<environment.Job instance at 0x7ffafe4f8690>,17,13,[5 1],18,32,45,14,20
1,<environment.Job instance at 0x7ffab46e1be0>,23,27,[5 1],24,32,59,8,32
1,<environment.Job instance at 0x7ffafe4e69b0>,25,14,[5 9],26,45,59,19,39
1,<environment.Job instance at 0x7ffafe0455a0>,31,12,[3 8],32,59,71,27,43
1,<environment.Job instance at 0x7ffafe3358c0>,34,18,[9 1],35,71,89,36,61
1,<environment.Job instance at 0x7ffafdfd4dc0>,38,16,[1 7],39,71,87,32,70
1,<environment.Job instance at 0x7ffafee95140>,40,18,[2 9],41,89,107,48,78
1,<environment.Job instance at 0x7ffafee95dc0>,46,13,[7 1],47,89,102,42,86
1,<environment.Job instance at 0x7ffafe72c910>,50,13,[1 6],51,107,120,56,95
1,<environment.Job instance at 0x7ffafe891aa0>,48,13,[2 9],49,120,133,71,104
1,<environment.Job instance at 0x7ffafef30410>,60,17,[7 1],61,108,125,47,108
1,<environment.Job instance at 0x7ffafe0b7870>,63,3,[2 7],64,133,136,69,117
1,<environment.Job instance at 0x7ffafe0b71e0>,65,18,[8 2],66,133,151,67,122
1,<environment.Job instance at 0x7ffab4598690>,66,1,[6 4],67,151,152,84,123
1,<environment.Job instance at 0x7ffab4610410>,68,1,[3 8],69,152,153,83,128
1,<environment.Job instance at 0x7ffab45985f0>,1,17,[4 7],2,2,19,0,2
1,<environment.Job instance at 0x7ffafe1890a0>,8,16,[9 2],9,19,35,10,9
1,<environment.Job instance at 0x7ffafe189b90>,20,18,[8 5],21,46,64,25,46
1,<environment.Job instance at 0x7ffafe189690>,23,18,[8 1],24,64,82,40,53
1,<environment.Job instance at 0x7ffafe19d410>,31,2,[9 4],32,82,84,50,78
1,<environment.Job instance at 0x7ffafe19d320>,32,16,[3 5],33,84,100,51,78
1,<environment.Job instance at 0x7ffafe19db40>,41,2,[1 5],42,94,96,52,94
1,<environment.Job instance at 0x7ffafe19daf0>,42,3,[9 5],43,100,103,57,94
1,<environment.Job instance at 0x7ffafe19d780>,38,2,[3 9],39,103,105,64,94
1,<environment.Job instance at 0x7ffafe19df00>,46,12,[4 7],47,105,117,58,96
1,<environment.Job instance at 0x7ffafe186050>,49,15,[ 5 10],50,117,132,67,116
1,<environment.Job instance at 0x7ffafe1860a0>,53,18,[9 2],54,132,150,78,121
1,<environment.Job instance at 0x7ffafef32a00>,2,15,[1 7],3,3,18,0,3
1,<environment.Job instance at 0x7ffab4733690>,3,17,[6 1],4,4,21,0,4
1,<environment.Job instance at 0x7ffafe1ac1e0>,6,13,[8 3],7,21,34,14,7
1,<environment.Job instance at 0x7ffafe8116e0>,15,1,[9 3],16,34,35,18,18
1,<environment.Job instance at 0x7ffafedb0410>,17,2,[1 5],18,19,21,1,19
1,<environment.Job instance at 0x7ffab432f0a0>,19,20,[2 8],20,35,55,15,34
1,<environment.Job instance at 0x7ffab47fba00>,22,3,[5 8],23,55,58,32,35
1,<environment.Job instance at 0x7ffaff4da050>,23,18,[8 1],24,35,53,11,35
1,<environment.Job instance at 0x7ffafeaba9b0>,27,3,[5 7],28,58,61,30,48
1,<environment.Job instance at 0x7ffafe7590a0>,31,23,[5 9],32,61,84,29,59
1,<environment.Job instance at 0x7ffafe8e4780>,32,2,[9 4],33,84,86,51,63
1,<environment.Job instance at 0x7ffafe4a02d0>,34,15,[6 4],35,86,101,51,75
1,<environment.Job instance at 0x7ffafe5bb0f0>,41,26,[7 2],42,101,127,59,99
1,<environment.Job instance at 0x7ffab44fd820>,36,18,[1 5],37,123,141,86,123
1,<environment.Job instance at 0x7ffab4727e60>,49,14,[8 2],50,131,145,81,131
1,<environment.Job instance at 0x7ffafe7de910>,54,18,[5 3],55,145,163,90,137
1,<environment.Job instance at 0x7ffafee887d0>,60,2,[7 2],61,163,165,102,139
1,<environment.Job instance at 0x7ffafe1af0f0>,0,26,[2 8],1,1,27,0,1
1,<environment.Job instance at 0x7ffafe1ab0f0>,5,16,[5 1],6,7,23,1,7
1,<environment.Job instance at 0x7ffab459df00>,8,12,[9 4],9,27,39,18,10
1,<environment.Job instance at 0x7ffafeeddfa0>,21,16,[9 2],22,39,55,17,34
1,<environment.Job instance at 0x7ffafe65e730>,23,14,[ 4 10],24,55,69,31,40
1,<environment.Job instance at 0x7ffab4747910>,32,13,[ 4 10],33,69,82,36,56
1,<environment.Job instance at 0x7ffafecc21e0>,33,17,[7 2],34,82,99,48,70
1,<environment.Job instance at 0x7ffafe650a50>,37,15,[2 5],38,82,97,44,70
1,<environment.Job instance at 0x7ffafe650460>,38,1,[5 9],39,99,100,60,71
1,<environment.Job instance at 0x7ffafe650640>,42,2,[7 4],43,100,102,57,84
1,<environment.Job instance at 0x7ffafe650eb0>,35,24,[7 4],36,102,126,66,98
1,<environment.Job instance at 0x7ffafea85af0>,47,3,[3 6],48,107,110,59,107
1,<environment.Job instance at 0x7ffafea85690>,50,2,[5 2],51,126,128,75,107
1,<environment.Job instance at 0x7ffafea85e10>,48,2,[5 6],49,126,128,77,107
1,<environment.Job instance at 0x7ffab45b3500>,58,14,[9 3],59,128,142,69,127
1,<environment.Job instance at 0x7ffab45b3c80>,59,3,[3 8],60,142,145,82,127
1,<environment.Job instance at 0x7ffafe92d280>,4,13,[3 8],5,6,19,1,6
1,<environment.Job instance at 0x7ffafe92d550>,7,16,[2 6],8,19,35,11,12
1,<environment.Job instance at 0x7ffafe92d780>,14,1,[10  5],15,35,36,20,15
1,<environment.Job instance at 0x7ffafe92d820>,12,20,[1 9],13,36,56,23,36
1,<environment.Job instance at 0x7ffafe921910>,34,25,[9 4],35,56,81,21,52
1,<environment.Job instance at 0x7ffafe91b8c0>,45,22,[6 4],46,86,108,40,86
1,<environment.Job instance at 0x7ffafe91bb40>,49,14,[ 1 10],50,108,122,58,93
1,<environment.Job instance at 0x7ffafe9205a0>,56,18,[8 3],57,123,141,66,123
1,<environment.Job instance at 0x7ffafe920b40>,62,17,[9 5],63,141,158,78,140
1,<environment.Job instance at 0x7ffafe920af0>,5,2,[4 7],6,6,8,0,6
1,<environment.Job instance at 0x7ffafe1afb90>,7,17,[1 5],8,8,25,0,8
1,<environment.Job instance at 0x7ffafe920be0>,4,3,[5 4],5,10,13,5,10
1,<environment.Job instance at 0x7ffafe1af230>,8,18,[8 4],9,13,31,4,11
1,<environment.Job instance at 0x7ffafe0897d0>,14,3,[5 4],15,31,34,16,17
1,<environment.Job instance at 0x7ffafe0896e0>,17,3,[10  3],18,34,37,16,18
1,<environment.Job instance at 0x7ffafe896640>,22,17,[4 5],23,37,54,14,36
1,<environment.Job instance at 0x7ffab45c28c0>,26,2,[ 5 10],27,54,56,27,39
1,<environment.Job instance at 0x7ffab45c2280>,27,2,[10  3],28,56,58,28,39
1,<environment.Job instance at 0x7ffab45c2d70>,28,3,[ 4 10],29,58,61,29,39
1,<environment.Job instance at 0x7ffab482a280>,32,12,[ 4 10],33,61,73,28,44
1,<environment.Job instance at 0x7ffaff35e050>,39,2,[1 5],40,73,75,33,63
1,<environment.Job instance at 0x7ffaff4ca960>,41,13,[6 3],42,73,86,31,63
1,<environment.Job instance at 0x7ffab45571e0>,50,17,[10  5],51,100,117,49,100
1,<environment.Job instance at 0x7ffab40e1b90>,3,17,[9 1],4,4,21,0,4
1,<environment.Job instance at 0x7ffab40e1fa0>,4,13,[10  1],5,21,34,16,5
1,<environment.Job instance at 0x7ffab43b57d0>,17,17,[8 2],18,34,51,16,30
1,<environment.Job instance at 0x7ffab43b5d70>,22,12,[2 6],23,37,49,14,37
1,<environment.Job instance at 0x7ffab43b56e0>,23,15,[3 8],24,51,66,27,38
1,<environment.Job instance at 0x7ffafeb77140>,32,24,[8 2],33,66,90,33,61
1,<environment.Job instance at 0x7ffafe0586e0>,44,13,[8 2],45,90,103,45,84
1,<environment.Job instance at 0x7ffafe058cd0>,47,12,[7 5],48,103,115,55,96
1,<environment.Job instance at 0x7ffab43a2550>,55,13,[1 5],56,121,134,65,121
1,<environment.Job instance at 0x7ffab43a2c80>,56,17,[10  4],57,134,151,77,124
1,<environment.Job instance at 0x7ffab43a2780>,59,17,[1 7],60,151,168,91,139
1,<environment.Job instance at 0x7ffab43a2140>,1,28,[6 2],2,3,31,1,3
1,<environment.Job instance at 0x7ffafe2f4190>,17,13,[7 4],18,31,44,13,18
1,<environment.Job instance at 0x7ffafe0821e0>,31,3,[5 8],32,44,47,12,33
1,<environment.Job instance at 0x7ffafe70c6e0>,36,15,[9 4],37,47,62,10,43
1,<environment.Job instance at 0x7ffaff4d49b0>,32,2,[10  5],33,62,64,29,52
1,<environment.Job instance at 0x7ffafe954050>,39,13,[3 8],40,64,77,24,55
1,<environment.Job instance at 0x7ffafeabd5f0>,46,1,[4 6],47,77,78,30,61
1,<environment.Job instance at 0x7ffafeabddc0>,47,16,[2 5],48,78,94,30,66
1,<environment.Job instance at 0x7ffafe6b71e0>,37,18,[5 9],38,94,112,56,85
1,<environment.Job instance at 0x7ffab441feb0>,57,15,[3 8],58,112,127,54,105
1,<environment.Job instance at 0x7ffab441f5a0>,67,24,[9 5],68,127,151,59,122
1,<environment.Job instance at 0x7ffab45814b0>,0,12,[8 1],1,1,13,0,1
1,<environment.Job instance at 0x7ffab45abbe0>,8,14,[5 4],9,13,27,4,9
1,<environment.Job instance at 0x7ffab414de10>,9,18,[4 5],10,13,31,3,10
1,<environment.Job instance at 0x7ffafe3b79b0>,22,26,[8 2],23,31,57,8,28
1,<environment.Job instance at 0x7ffafe127f00>,30,21,[5 7],31,57,78,26,49
1,<environment.Job instance at 0x7ffafe41cc30>,38,16,[2 8],39,78,94,39,65
1,<environment.Job instance at 0x7ffafdf77500>,44,18,[5 8],45,94,112,49,85
1,<environment.Job instance at 0x7ffafed27190>,52,13,[4 9],53,112,125,59,99
1,<environment.Job instance at 0x7ffafe41cfa0>,39,12,[5 1],40,123,135,83,123
1,<environment.Job instance at 0x7ffab47a2eb0>,62,14,[8 4],63,135,149,72,123
1,<environment.Job instance at 0x7ffafe46d050>,61,3,[2 5],62,125,128,63,123
1,<environment.Job instance at 0x7ffab47a2690>,1,18,[ 5 10],2,2,20,0,2
1,<environment.Job instance at 0x7ffafe66c9b0>,5,15,[10  1],6,20,35,14,6
1,<environment.Job instance at 0x7ffafeaff320>,19,2,[10  2],20,35,37,15,21
1,<environment.Job instance at 0x7ffafeaffd70>,17,13,[3 5],18,37,50,19,22
1,<environment.Job instance at 0x7ffafeaff0f0>,18,12,[9 5],19,50,62,31,40
1,<environment.Job instance at 0x7ffafe56c460>,30,3,[3 5],31,44,47,13,44
1,<environment.Job instance at 0x7ffafe56c410>,32,1,[1 6],33,62,63,29,44
1,<environment.Job instance at 0x7ffab40a5eb0>,41,2,[4 6],42,63,65,21,59
1,<environment.Job instance at 0x7ffafe56cb90>,35,21,[ 2 10],36,65,86,29,59
1,<environment.Job instance at 0x7ffab40a59b0>,45,1,[4 9],46,86,87,40,63
1,<environment.Job instance at 0x7ffab40a5370>,43,12,[9 4],44,87,99,43,72
1,<environment.Job instance at 0x7ffab3f63870>,53,3,[7 2],54,99,102,45,75
1,<environment.Job instance at 0x7ffab3f63c80>,58,2,[1 8],59,102,104,43,102
1,<environment.Job instance at 0x7ffafdf7da00>,59,2,[2 7],60,104,106,44,102
1,<environment.Job instance at 0x7ffafdf7d230>,60,15,[3 9],61,106,121,45,103
1,<environment.Job instance at 0x7ffafdf7d8c0>,1,13,[6 4],2,2,15,0,2
1,<environment.Job instance at 0x7ffafe20ca50>,5,14,[5 5],6,15,29,9,8
1,<environment.Job instance at 0x7ffafe21ba00>,11,2,[2 9],12,29,31,17,13
1,<environment.Job instance at 0x7ffafe21bb40>,14,2,[9 2],15,31,33,16,18
1,<environment.Job instance at 0x7ffafe21bf00>,17,14,[5 4],18,33,47,15,26
1,<environment.Job instance at 0x7ffafe21baa0>,16,3,[5 1],17,26,29,9,26
1,<environment.Job instance at 0x7ffafe210410>,22,12,[10  2],23,47,59,24,32
1,<environment.Job instance at 0x7ffafeba85f0>,26,2,[8 2],27,59,61,32,39
1,<environment.Job instance at 0x7ffafeb833c0>,29,16,[7 1],30,61,77,31,49
1,<environment.Job instance at 0x7ffab43cf550>,36,15,[10  3],37,77,92,40,65
1,<environment.Job instance at 0x7ffafe29a640>,38,2,[1 8],39,92,94,53,79
1,<environment.Job instance at 0x7ffab43cf5f0>,40,3,[7 5],41,94,97,53,83
1,<environment.Job instance at 0x7ffab43b73c0>,44,13,[5 5],45,97,110,52,85
1,<environment.Job instance at 0x7ffab43b7fa0>,45,3,[3 7],46,110,113,64,90
1,<environment.Job instance at 0x7ffab48fc0a0>,50,13,[10  5],51,113,126,62,97
1,<environment.Job instance at 0x7ffab48fc5f0>,54,18,[2 9],55,126,144,71,115
1,<environment.Job instance at 0x7ffab48ff140>,61,15,[4 5],62,144,159,82,130
1,<environment.Job instance at 0x7ffab42780f0>,4,25,[1 6],5,5,30,0,5
1,<environment.Job instance at 0x7ffab459fe60>,6,18,[7 1],7,7,25,0,7
1,<environment.Job instance at 0x7ffaff4c55f0>,20,1,[10  2],21,30,31,9,22
1,<environment.Job instance at 0x7ffab413e0a0>,17,14,[5 3],18,31,45,13,23
1,<environment.Job instance at 0x7ffafe535780>,23,3,[6 5],24,45,48,21,25
1,<environment.Job instance at 0x7ffab44a3370>,22,24,[3 5],23,33,57,10,33
1,<environment.Job instance at 0x7ffafecd5550>,28,1,[6 1],29,48,49,19,33
1,<environment.Job instance at 0x7ffafecd5eb0>,26,15,[4 5],27,49,64,22,37
1,<environment.Job instance at 0x7ffafecd59b0>,31,1,[1 5],32,57,58,25,44
1,<environment.Job instance at 0x7ffab4737640>,36,3,[4 5],37,58,61,21,48
1,<environment.Job instance at 0x7ffab4737b40>,37,3,[3 6],38,64,67,26,48
1,<environment.Job instance at 0x7ffab4737fa0>,40,2,[1 6],41,67,69,26,60
1,<environment.Job instance at 0x7ffab47375a0>,42,13,[4 6],43,69,82,26,69
1,<environment.Job instance at 0x7ffab4737690>,35,14,[4 9],36,82,96,46,70
1,<environment.Job instance at 0x7ffafe5f2d20>,51,13,[5 5],52,96,109,44,90
1,<environment.Job instance at 0x7ffafe4206e0>,25,27,[1 5],26,98,125,72,98
1,<environment.Job instance at 0x7ffab42c4410>,62,12,[7 5],63,115,127,52,115
1,<environment.Job instance at 0x7ffab42c4550>,60,12,[2 7],61,127,139,66,117
1,<environment.Job instance at 0x7ffafecf00f0>,70,15,[6 2],71,128,143,57,128
1,<environment.Job instance at 0x7ffab420d460>,71,15,[8 2],72,143,158,71,129
1,<environment.Job instance at 0x7ffafe43c960>,5,16,[7 4],6,16,32,10,16
1,<environment.Job instance at 0x7ffafe86a280>,16,15,[7 3],17,32,47,15,18
1,<environment.Job instance at 0x7ffafe86a460>,15,16,[10  3],16,53,69,37,53
1,<environment.Job instance at 0x7ffab3f1f5f0>,27,14,[6 5],28,69,83,41,56
1,<environment.Job instance at 0x7ffab3f1f960>,38,18,[5 3],39,83,101,44,80
1,<environment.Job instance at 0x7ffab3f1ff00>,28,15,[10  5],29,103,118,74,103
1,<environment.Job instance at 0x7ffafdf90190>,47,1,[6 1],48,118,119,70,104
1,<environment.Job instance at 0x7ffafdf901e0>,44,17,[1 9],45,118,135,73,106
1,<environment.Job instance at 0x7ffab4524f00>,54,2,[ 5 10],55,135,137,80,108
1,<environment.Job instance at 0x7ffab4524460>,60,24,[8 2],61,137,161,76,132
1,<environment.Job instance at 0x7ffafe563dc0>,3,17,[5 5],4,7,24,3,7
1,<environment.Job instance at 0x7ffafeb29b40>,9,13,[7 2],10,24,37,14,10
1,<environment.Job instance at 0x7ffafe9ebaf0>,14,3,[8 5],15,37,40,22,15
1,<environment.Job instance at 0x7ffafeaaf550>,11,1,[3 9],12,40,41,28,16
1,<environment.Job instance at 0x7ffafdfbfe10>,16,1,[5 2],17,17,18,0,17
1,<environment.Job instance at 0x7ffab4305e60>,19,3,[6 4],20,41,44,21,26
1,<environment.Job instance at 0x7ffafe9eb690>,15,15,[1 7],16,44,59,28,32
1,<environment.Job instance at 0x7ffafe43c4b0>,28,3,[ 1 10],29,59,62,30,40
1,<environment.Job instance at 0x7ffafe43ccd0>,29,18,[8 4],30,62,80,32,51
1,<environment.Job instance at 0x7ffafe2365a0>,44,1,[2 9],45,80,81,35,66
1,<environment.Job instance at 0x7ffafe236550>,50,16,[2 5],51,81,97,30,72
1,<environment.Job instance at 0x7ffafe23dbe0>,51,14,[7 4],52,81,95,29,74
1,<environment.Job instance at 0x7ffafe23d230>,55,12,[10  3],56,97,109,41,83
1,<environment.Job instance at 0x7ffafe23d140>,59,12,[7 5],60,109,121,49,98
1,<environment.Job instance at 0x7ffafe250190>,61,16,[1 7],62,121,137,59,110
1,<environment.Job instance at 0x7fa05e4ad2d0>,2,14,[ 2 10],3,3,17,0,3
1,<environment.Job instance at 0x7fa05909e550>,6,15,[2 8],7,17,32,10,7
1,<environment.Job instance at 0x7fa05909ed70>,16,18,[7 3],17,32,50,15,23
1,<environment.Job instance at 0x7fa0590a2280>,22,12,[3 8],23,50,62,27,44
1,<environment.Job instance at 0x7fa0590a2370>,23,16,[6 2],24,50,66,26,44
1,<environment.Job instance at 0x7fa0590a2870>,27,17,[4 6],28,62,79,34,50
1,<environment.Job instance at 0x7fa0590a2a50>,30,26,[9 4],31,90,116,59,90
1,<environment.Job instance at 0x7fa0590a52d0>,41,1,[7 1],42,116,117,74,107
1,<environment.Job instance at 0x7fa0590a5410>,43,12,[4 5],44,117,129,73,108
1,<environment.Job instance at 0x7fa0590a5640>,44,3,[5 1],45,117,120,72,108
1,<environment.Job instance at 0x7fa0590a5a50>,47,13,[ 3 10],48,129,142,81,113
1,<environment.Job instance at 0x7fa0590a51e0>,46,2,[3 5],47,120,122,73,116
1,<environment.Job instance at 0x7fa0590a5cd0>,50,2,[5 6],51,142,144,91,127
1,<environment.Job instance at 0x7fa0590a5c30>,52,2,[ 2 10],53,144,146,91,130
1,<environment.Job instance at 0x7fa0590a70a0>,58,17,[3 7],59,146,163,87,140
1,<environment.Job instance at 0x7fa059156820>,1,18,[6 2],2,5,23,3,5
1,<environment.Job instance at 0x7fa05e614be0>,13,12,[1 9],14,23,35,9,16
1,<environment.Job instance at 0x7fa05e4d5e10>,16,3,[7 5],17,35,38,18,26
1,<environment.Job instance at 0x7fa05e614a00>,14,26,[3 9],15,38,64,23,38
1,<environment.Job instance at 0x7fa05e619870>,26,16,[6 5],27,64,80,37,51
1,<environment.Job instance at 0x7fa05e61ec30>,35,21,[1 6],36,80,101,44,78
1,<environment.Job instance at 0x7fa05e61c2d0>,38,23,[1 9],39,101,124,62,95
1,<environment.Job instance at 0x7fa05e61c870>,44,15,[8 5],45,124,139,79,111
1,<environment.Job instance at 0x7fa05e623e60>,48,19,[4 7],49,139,158,90,129
1,<environment.Job instance at 0x7fa01355f050>,0,26,[8 3],1,6,32,5,6
1,<environment.Job instance at 0x7fa013464690>,13,2,[10  2],14,32,34,18,14
1,<environment.Job instance at 0x7fa013464370>,21,15,[5 7],22,34,49,12,31
1,<environment.Job instance at 0x7fa013464500>,17,13,[ 5 10],18,49,62,31,37
1,<environment.Job instance at 0x7fa013464f50>,26,17,[7 4],27,62,79,35,56
1,<environment.Job instance at 0x7fa013498a00>,31,13,[1 7],32,79,92,47,63
1,<environment.Job instance at 0x7fa013498780>,40,16,[8 5],41,92,108,51,79
1,<environment.Job instance at 0x7fa013453690>,48,16,[9 2],49,108,124,59,99
1,<environment.Job instance at 0x7fa013453320>,55,14,[6 1],56,124,138,68,114
1,<environment.Job instance at 0x7fa0134532d0>,51,16,[4 5],52,124,140,72,123
1,<environment.Job instance at 0x7fa0134531e0>,61,3,[3 8],62,140,143,78,123
1,<environment.Job instance at 0x7fa0134538c0>,62,16,[6 4],63,143,159,80,131
1,<environment.Job instance at 0x7fa01339a780>,7,1,[ 4 10],8,8,9,0,8
1,<environment.Job instance at 0x7fa01339ad70>,5,16,[4 7],6,11,27,5,11
1,<environment.Job instance at 0x7fa013325870>,15,15,[5 9],16,27,42,11,16
1,<environment.Job instance at 0x7fa0133461e0>,25,18,[4 9],26,44,62,18,44
1,<environment.Job instance at 0x7fa013346500>,40,17,[5 6],41,85,102,44,85
1,<environment.Job instance at 0x7fa013564aa0>,49,13,[4 7],50,117,130,67,117
1,<environment.Job instance at 0x7fa0136da8c0>,1,16,[1 6],2,2,18,0,2
1,<environment.Job instance at 0x7fa058eafcd0>,16,12,[6 4],17,17,29,0,17
1,<environment.Job instance at 0x7fa058eaffa0>,18,17,[5 4],19,29,46,10,20
1,<environment.Job instance at 0x7fa01339a730>,3,27,[3 5],4,28,55,24,28
1,<environment.Job instance at 0x7fa0132a8910>,29,14,[9 4],30,55,69,25,41
1,<environment.Job instance at 0x7fa0132a8b40>,33,3,[ 1 10],34,69,72,35,46
1,<environment.Job instance at 0x7fa0132a8fa0>,38,13,[ 3 10],39,72,85,33,65
1,<environment.Job instance at 0x7fa0132a8d70>,37,13,[4 7],38,85,98,47,70
1,<environment.Job instance at 0x7fa0132aa370>,43,17,[6 1],44,85,102,41,80
1,<environment.Job instance at 0x7fa0132aa3c0>,41,17,[10  5],42,102,119,60,91
1,<environment.Job instance at 0x7fa0132aacd0>,57,16,[2 7],58,119,135,61,106
1,<environment.Job instance at 0x7fa0132aaf50>,61,14,[1 7],62,135,149,73,120
1,<environment.Job instance at 0x7fa0132aad70>,3,15,[4 8],4,4,19,0,4
1,<environment.Job instance at 0x7fa05dd2bcd0>,7,13,[5 8],8,19,32,11,8
1,<environment.Job instance at 0x7fa05dd03be0>,13,20,[8 4],14,32,52,18,23
1,<environment.Job instance at 0x7fa05dd03f50>,21,15,[2 7],22,52,67,30,42
1,<environment.Job instance at 0x7fa05dd03870>,24,1,[5 2],25,52,53,27,43
1,<environment.Job instance at 0x7fa05dd03af0>,26,17,[7 3],27,53,70,26,43
1,<environment.Job instance at 0x7fa05dd034b0>,17,27,[8 5],18,70,97,52,69
1,<environment.Job instance at 0x7fa0139d8320>,40,16,[5 4],41,97,113,56,92
1,<environment.Job instance at 0x7fa0139d8dc0>,44,12,[7 2],45,113,125,68,103
1,<environment.Job instance at 0x7fa05da315f0>,51,15,[5 5],52,125,140,73,123
1,<environment.Job instance at 0x7fa05da31410>,52,19,[2 5],53,124,143,71,124
1,<environment.Job instance at 0x7fa05e182190>,57,17,[6 2],58,141,158,83,141
1,<environment.Job instance at 0x7fa01392b1e0>,0,17,[7 1],1,1,18,0,1
1,<environment.Job instance at 0x7fa05e071fa0>,2,15,[3 6],3,6,21,3,6
1,<environment.Job instance at 0x7fa05db363c0>,8,1,[3 8],9,21,22,12,11
1,<environment.Job instance at 0x7fa0591c0640>,12,13,[9 3],13,22,35,9,15
1,<environment.Job instance at 0x7fa01367b8c0>,21,15,[7 2],22,35,50,13,22
1,<environment.Job instance at 0x7fa058e0b460>,31,2,[3 8],32,37,39,5,37
1,<environment.Job instance at 0x7fa059189d20>,33,14,[5 7],34,50,64,16,40
1,<environment.Job instance at 0x7fa059189780>,40,15,[5 8],41,64,79,23,58
1,<environment.Job instance at 0x7fa05de4acd0>,49,25,[ 3 10],50,79,104,29,75
1,<environment.Job instance at 0x7fa05dae1e10>,57,23,[9 2],58,104,127,46,101
1,<environment.Job instance at 0x7fa058f93e10>,5,17,[9 3],6,6,23,0,6
1,<environment.Job instance at 0x7fa05947be60>,9,15,[5 5],10,23,38,13,10
1,<environment.Job instance at 0x7fa058ecdb90>,19,1,[5 5],20,24,25,4,24
1,<environment.Job instance at 0x7fa058ed0780>,26,23,[10  4],27,38,61,11,33
1,<environment.Job instance at 0x7fa058ed0e10>,34,2,[8 4],35,61,63,26,55
1,<environment.Job instance at 0x7fa058ed0dc0>,33,1,[6 2],34,63,64,29,56
1,<environment.Job instance at 0x7fa058ed0f00>,35,16,[3 8],36,63,79,27,56
1,<environment.Job instance at 0x7fa058ed0fa0>,38,12,[6 1],39,64,76,25,64
1,<environment.Job instance at 0x7fa058ee70a0>,40,12,[2 9],41,79,91,38,65
1,<environment.Job instance at 0x7fa058ee7410>,45,13,[ 3 10],46,91,104,45,80
1,<environment.Job instance at 0x7fa058ee7aa0>,51,17,[3 7],52,104,121,52,92
1,<environment.Job instance at 0x7fa058ed0aa0>,32,18,[10  5],33,121,139,88,112
1,<environment.Job instance at 0x7fa058ee7dc0>,59,13,[4 7],60,139,152,79,125
1,<environment.Job instance at 0x7fa05dbfc410>,3,18,[6 1],4,4,22,0,4
1,<environment.Job instance at 0x7fa01395de10>,8,16,[8 5],9,22,38,13,11
1,<environment.Job instance at 0x7fa0135e3140>,20,13,[5 8],21,38,51,17,23
1,<environment.Job instance at 0x7fa058f007d0>,26,22,[3 8],27,51,73,24,50
1,<environment.Job instance at 0x7fa05955b960>,38,17,[3 7],39,73,90,34,63
1,<environment.Job instance at 0x7fa0591c5e60>,22,15,[ 5 10],23,90,105,67,77
1,<environment.Job instance at 0x7fa0132f4fa0>,48,24,[8 2],49,105,129,56,101
1,<environment.Job instance at 0x7fa05e4d6d70>,52,18,[1 9],53,129,147,76,118
1,<environment.Job instance at 0x7fa05da841e0>,58,1,[7 4],59,147,148,88,132
1,<environment.Job instance at 0x7fa05da84730>,59,2,[10  1],60,148,150,88,133
1,<environment.Job instance at 0x7fa0138f4d20>,60,14,[5 7],61,150,164,89,141
1,<environment.Job instance at 0x7fa058e96550>,10,17,[1 5],11,11,28,0,11
1,<environment.Job instance at 0x7fa05ddd31e0>,14,3,[5 5],15,15,18,0,15
1,<environment.Job instance at 0x7fa058f01050>,5,15,[6 1],6,18,33,12,17
1,<environment.Job instance at 0x7fa059327320>,4,18,[3 9],5,28,46,23,25
1,<environment.Job instance at 0x7fa05945cdc0>,25,1,[2 6],26,46,47,20,37
1,<environment.Job instance at 0x7fa05921dd20>,27,2,[5 7],28,47,49,19,38
1,<environment.Job instance at 0x7fa059014050>,29,3,[2 6],30,49,52,19,38
1,<environment.Job instance at 0x7fa05920aa50>,23,12,[5 7],24,52,64,28,45
1,<environment.Job instance at 0x7fa05db32a50>,37,24,[8 1],38,64,88,26,61
1,<environment.Job instance at 0x7fa0138793c0>,42,14,[7 1],43,88,102,45,85
1,<environment.Job instance at 0x7fa013879820>,41,28,[5 9],42,102,130,60,101
1,<environment.Job instance at 0x7fa05dd935a0>,52,14,[4 6],53,130,144,77,115
1,<environment.Job instance at 0x7fa05dd93e10>,57,19,[6 3],58,130,149,72,120
1,<environment.Job instance at 0x7fa013995c30>,66,22,[3 7],67,144,166,77,137
1,<environment.Job instance at 0x7fa05e4d4190>,4,3,[5 2],5,5,8,0,5
1,<environment.Job instance at 0x7fa0136e06e0>,2,13,[3 9],3,8,21,5,5
1,<environment.Job instance at 0x7fa05e4d4230>,3,12,[5 8],4,21,33,17,12
1,<environment.Job instance at 0x7fa05d93ce60>,12,18,[2 9],13,33,51,20,25
1,<environment.Job instance at 0x7fa058f0da00>,26,16,[5 6],27,51,67,24,38
1,<environment.Job instance at 0x7fa058f0dd70>,30,2,[6 2],31,67,69,36,46
1,<environment.Job instance at 0x7fa058f0df50>,35,14,[5 8],36,69,83,33,55
1,<environment.Job instance at 0x7fa058f1d4b0>,38,16,[7 5],39,83,99,44,72
1,<environment.Job instance at 0x7fa058f1dcd0>,51,14,[10  5],52,99,113,47,85
1,<environment.Job instance at 0x7fa01382ef00>,0,28,[4 7],1,2,30,1,2
1,<environment.Job instance at 0x7fa0136e0f50>,13,13,[5 1],14,35,48,21,35
1,<environment.Job instance at 0x7fa058f32500>,12,16,[10  5],13,48,64,35,35
1,<environment.Job instance at 0x7fa013879550>,27,13,[5 5],28,64,77,36,63
1,<environment.Job instance at 0x7fa01382e870>,4,14,[ 1 10],5,77,91,72,65
1,<environment.Job instance at 0x7fa013879c30>,31,3,[7 5],32,91,94,59,65
1,<environment.Job instance at 0x7fa013879aa0>,33,2,[5 7],34,94,96,60,68
1,<environment.Job instance at 0x7fa05de4acd0>,39,2,[3 9],40,96,98,56,73
1,<environment.Job instance at 0x7fa0590ef6e0>,44,17,[4 9],45,98,115,53,86
1,<environment.Job instance at 0x7fa058fc7730>,54,17,[5 2],55,115,132,60,106
1,<environment.Job instance at 0x7fa05945cf50>,59,16,[4 9],60,132,148,72,124
1,<environment.Job instance at 0x7fa05921de10>,68,2,[9 5],69,148,150,79,126
1,<environment.Job instance at 0x7fa058f0d550>,2,16,[7 2],3,6,22,3,6
1,<environment.Job instance at 0x7fa05945a320>,7,18,[2 7],8,8,26,0,8
1,<environment.Job instance at 0x7fa05de7aaa0>,9,15,[8 5],10,26,41,16,14
1,<environment.Job instance at 0x7fa0135ff230>,28,14,[5 9],29,70,84,41,70
1,<environment.Job instance at 0x7fa058e6db40>,31,27,[6 5],32,90,117,58,90
1,<environment.Job instance at 0x7fa058e6da00>,39,23,[4 9],40,117,140,77,114
1,<environment.Job instance at 0x7fa05db3a5a0>,49,27,[9 3],50,140,167,90,140
1,<environment.Job instance at 0x7fa01378d5a0>,7,16,[8 2],8,8,24,0,8
1,<environment.Job instance at 0x7fa05d922780>,10,16,[ 4 10],11,24,40,13,11
1,<environment.Job instance at 0x7fa013773230>,23,2,[ 3 10],24,40,42,16,27
1,<environment.Job instance at 0x7fa013773f00>,24,13,[9 1],25,42,55,17,30
1,<environment.Job instance at 0x7fa059577910>,32,21,[1 8],33,50,71,17,50
1,<environment.Job instance at 0x7fa013773730>,31,18,[5 2],32,59,77,27,59
1,<environment.Job instance at 0x7fa013988730>,37,22,[7 5],38,77,99,39,70
1,<environment.Job instance at 0x7fa01398c1e0>,43,12,[6 4],44,99,111,55,90
1,<environment.Job instance at 0x7fa01398f2d0>,49,18,[4 5],50,99,117,49,97
1,<environment.Job instance at 0x7fa05d91b550>,50,18,[6 2],51,111,129,60,100
1,<environment.Job instance at 0x7fa05d91b140>,51,15,[4 5],52,117,132,65,103
1,<environment.Job instance at 0x7fa05da8cf00>,57,18,[2 7],58,132,150,74,121
1,<environment.Job instance at 0x7fa05da640f0>,61,2,[6 1],62,131,133,69,131
1,<environment.Job instance at 0x7fa05da64320>,2,13,[2 5],3,3,16,0,3
1,<environment.Job instance at 0x7fa05dae35a0>,3,17,[ 4 10],4,16,33,12,4
1,<environment.Job instance at 0x7fa05dac2730>,17,13,[2 9],18,33,46,15,18
1,<environment.Job instance at 0x7fa0134cd230>,11,16,[5 5],12,46,62,34,34
1,<environment.Job instance at 0x7fa059092fa0>,31,18,[ 5 10],32,62,80,30,53
1,<environment.Job instance at 0x7fa05910c550>,39,14,[8 2],40,80,94,40,66
1,<environment.Job instance at 0x7fa013814640>,52,15,[7 5],53,113,128,60,113
1,<environment.Job instance at 0x7fa05da6b8c0>,55,16,[9 5],56,128,144,72,115
1,<environment.Job instance at 0x7fa058e2b780>,3,12,[1 5],4,4,16,0,4
1,<environment.Job instance at 0x7fa01311f3c0>,6,17,[7 1],7,8,25,1,8
1,<environment.Job instance at 0x7fa01311fd70>,7,16,[6 1],8,25,41,17,15
1,<environment.Job instance at 0x7fa013280cd0>,22,1,[2 7],23,25,26,2,25
1,<environment.Job instance at 0x7fa013280460>,25,14,[5 5],26,41,55,15,26
1,<environment.Job instance at 0x7fa013280410>,20,14,[7 4],21,55,69,34,40
1,<environment.Job instance at 0x7fa05dd07640>,31,2,[2 9],32,69,71,37,53
1,<environment.Job instance at 0x7fa05dd07320>,32,15,[6 5],33,71,86,38,65
1,<environment.Job instance at 0x7fa05dd07d70>,41,12,[8 3],42,86,98,44,71
1,<environment.Job instance at 0x7fa05dd07be0>,50,15,[4 6],51,98,113,47,85
1,<environment.Job instance at 0x7fa013709230>,59,18,[4 9],60,114,132,54,114
1,<environment.Job instance at 0x7fa013709690>,63,16,[6 1],64,114,130,50,114
1,<environment.Job instance at 0x7fa013709be0>,64,13,[5 5],65,132,145,67,117
1,<environment.Job instance at 0x7fa05da3d0a0>,13,1,[2 9],14,14,15,0,14
1,<environment.Job instance at 0x7fa05d8a1730>,14,25,[1 6],15,18,43,3,18
1,<environment.Job instance at 0x7fa05d8c2fa0>,16,18,[7 1],17,19,37,2,19
1,<environment.Job instance at 0x7fa05d8a2140>,21,18,[9 3],22,37,55,15,36
1,<environment.Job instance at 0x7fa05d8ab4b0>,29,16,[4 7],30,55,71,25,42
1,<environment.Job instance at 0x7fa01354c3c0>,39,14,[4 8],40,71,85,31,67
1,<environment.Job instance at 0x7fa013547730>,46,3,[4 5],47,86,89,39,86
1,<environment.Job instance at 0x7fa0134301e0>,47,3,[3 6],48,89,92,41,87
1,<environment.Job instance at 0x7fa0594534b0>,48,2,[ 4 10],49,92,94,43,87
1,<environment.Job instance at 0x7fa0590ef820>,8,12,[9 2],9,94,106,85,88
1,<environment.Job instance at 0x7fa0592300a0>,49,15,[9 4],50,106,121,56,93
1,<environment.Job instance at 0x7fa05dcd3690>,61,13,[5 5],62,121,134,59,113
1,<environment.Job instance at 0x7fa05dcd3640>,63,21,[4 8],64,134,155,70,128
1,<environment.Job instance at 0x7fa0130b4820>,5,16,[7 4],6,6,22,0,6
1,<environment.Job instance at 0x7fa05d995500>,8,15,[6 4],9,22,37,13,9
1,<environment.Job instance at 0x7fa0130fcb90>,18,17,[5 7],19,37,54,18,25
1,<environment.Job instance at 0x7fa0133bb960>,15,16,[10  3],16,54,70,38,49
1,<environment.Job instance at 0x7fa058f23370>,27,14,[6 5],28,70,84,42,57
1,<environment.Job instance at 0x7fa05d938eb0>,30,15,[1 5],31,70,85,39,57
1,<environment.Job instance at 0x7fa05d938c30>,31,1,[6 1],32,84,85,52,57
1,<environment.Job instance at 0x7fa05d938140>,36,15,[8 3],37,85,100,48,71
1,<environment.Job instance at 0x7fa0591029b0>,47,1,[6 1],48,116,117,68,116
1,<environment.Job instance at 0x7fa059102690>,49,1,[ 1 10],50,117,118,67,116
1,<environment.Job instance at 0x7fa05d949960>,52,16,[8 4],53,123,139,70,123
1,<environment.Job instance at 0x7fa059090410>,5,15,[1 7],6,7,22,1,7
1,<environment.Job instance at 0x7fa059090190>,10,16,[9 2],11,11,27,0,11
1,<environment.Job instance at 0x7fa013286230>,17,14,[ 4 10],18,27,41,9,18
1,<environment.Job instance at 0x7fa059589fa0>,24,1,[9 3],25,41,42,16,25
1,<environment.Job instance at 0x7fa0595898c0>,25,14,[5 2],26,42,56,16,27
1,<environment.Job instance at 0x7fa059589d20>,28,17,[1 7],29,41,58,12,31
1,<environment.Job instance at 0x7fa0595895a0>,37,2,[5 6],38,58,60,20,38
1,<environment.Job instance at 0x7fa013a1a230>,38,3,[10  5],39,60,63,21,39
1,<environment.Job instance at 0x7fa059589f50>,34,1,[2 9],35,63,64,28,40
1,<environment.Job instance at 0x7fa013a1abe0>,43,2,[6 4],44,64,66,20,44
1,<environment.Job instance at 0x7fa013068d70>,45,12,[10  3],46,66,78,20,51
1,<environment.Job instance at 0x7fa0130688c0>,47,3,[10  3],48,78,81,30,58
1,<environment.Job instance at 0x7fa013068960>,53,18,[6 3],54,81,99,27,74
1,<environment.Job instance at 0x7fa013068a50>,54,3,[5 6],55,99,102,44,76
1,<environment.Job instance at 0x7fa013068e60>,61,13,[3 7],62,102,115,40,97
1,<environment.Job instance at 0x7fa0130680a0>,46,26,[7 5],47,115,141,68,112
1,<environment.Job instance at 0x7fa0134ab3c0>,6,18,[5 5],7,10,28,3,10
1,<environment.Job instance at 0x7fa05de6bb90>,10,13,[9 5],11,28,41,17,14
1,<environment.Job instance at 0x7fa05909bb40>,23,16,[9 2],24,41,57,17,32
1,<environment.Job instance at 0x7fa012fb60a0>,30,1,[1 5],31,42,43,11,42
1,<environment.Job instance at 0x7fa012fb62d0>,32,12,[5 5],33,57,69,24,42
1,<environment.Job instance at 0x7fa012fb6a00>,33,3,[ 4 10],34,69,72,35,43
1,<environment.Job instance at 0x7fa05de6b3c0>,9,18,[9 3],10,72,90,62,63
1,<environment.Job instance at 0x7fa05d898e10>,18,14,[2 6],19,90,104,71,80
1,<environment.Job instance at 0x7fa05df896e0>,41,3,[ 5 10],42,104,107,62,80
1,<environment.Job instance at 0x7fa0130c9aa0>,43,14,[5 3],44,90,104,46,82
1,<environment.Job instance at 0x7fa05d9fd370>,50,14,[8 2],51,113,127,62,113
1,<environment.Job instance at 0x7fa05d9fd1e0>,53,15,[5 8],54,127,142,73,120
1,<environment.Job instance at 0x7f0af2e650f0>,0,17,[6 1],1,1,18,0,1
1,<environment.Job instance at 0x7f0af2e650a0>,2,14,[ 2 10],3,18,32,15,3
1,<environment.Job instance at 0x7f0aeba55780>,11,3,[4 9],12,12,15,0,12
1,<environment.Job instance at 0x7f0aeba55d70>,15,3,[2 8],16,32,35,16,19
1,<environment.Job instance at 0x7f0aeba55e10>,16,18,[7 3],17,35,53,18,24
1,<environment.Job instance at 0x7f0aeba590a0>,21,18,[9 4],22,53,71,31,42
1,<environment.Job instance at 0x7f0aeba55cd0>,14,21,[8 1],15,71,92,56,68
1,<environment.Job instance at 0x7f0aeba599b0>,30,26,[9 4],31,92,118,61,89
1,<environment.Job instance at 0x7f0aeba57050>,41,1,[7 1],42,118,119,76,110
1,<environment.Job instance at 0x7f0aeba57460>,43,12,[4 5],44,119,131,75,111
1,<environment.Job instance at 0x7f0aeba57140>,44,3,[5 1],45,119,122,74,111
1,<environment.Job instance at 0x7f0aeba57500>,46,2,[3 5],47,122,124,75,111
1,<environment.Job instance at 0x7f0aeba575a0>,47,13,[ 3 10],48,131,144,83,122
1,<environment.Job instance at 0x7f0aeba57d20>,55,12,[2 6],56,144,156,88,135
1,<environment.Job instance at 0x7f0af2e8ccd0>,9,3,[10  4],10,10,13,0,10
1,<environment.Job instance at 0x7f0aebb1d820>,0,17,[9 5],1,15,32,14,15
1,<environment.Job instance at 0x7f0af2e8d320>,16,16,[6 5],17,32,48,15,23
1,<environment.Job instance at 0x7f0af2e8de60>,19,15,[5 5],20,48,63,28,34
1,<environment.Job instance at 0x7f0af2fd1f00>,25,21,[1 6],26,63,84,37,57
1,<environment.Job instance at 0x7f0af2e8fe10>,30,3,[4 8],31,85,88,54,85
1,<environment.Job instance at 0x7f0af2e8faa0>,32,15,[8 2],33,88,103,55,88
1,<environment.Job instance at 0x7f0af2fd4550>,45,18,[5 4],46,120,138,74,120
1,<environment.Job instance at 0x7f0af2fd40a0>,48,13,[2 7],49,138,151,89,122
1,<environment.Job instance at 0x7f0af2e8f3c0>,0,16,[ 4 10],1,1,17,0,1
1,<environment.Job instance at 0x7f0aeba61eb0>,2,17,[8 2],3,17,34,14,5
1,<environment.Job instance at 0x7f0aa7d878c0>,6,17,[7 4],7,34,51,27,22
1,<environment.Job instance at 0x7f0aa7d115a0>,20,16,[8 5],21,51,67,30,38
1,<environment.Job instance at 0x7f0aa7d15b40>,28,16,[9 2],29,67,83,38,57
1,<environment.Job instance at 0x7f0aa7d15730>,33,1,[8 3],34,83,84,49,67
1,<environment.Job instance at 0x7f0aa7d150f0>,32,2,[2 7],33,83,85,50,74
1,<environment.Job instance at 0x7f0aa7d15050>,36,2,[7 5],37,85,87,48,75
1,<environment.Job instance at 0x7f0aa7d15b90>,37,1,[2 8],38,87,88,49,77
1,<environment.Job instance at 0x7f0aa7d15eb0>,40,12,[10  5],41,88,100,47,80
1,<environment.Job instance at 0x7f0aa7ce7730>,42,16,[6 4],43,100,116,57,87
1,<environment.Job instance at 0x7f0aa7e35b40>,53,1,[5 8],54,116,117,62,110
1,<environment.Job instance at 0x7f0aa7e35640>,52,12,[7 5],53,117,129,64,110
1,<environment.Job instance at 0x7f0aa7ce70a0>,47,23,[2 8],48,129,152,81,123
1,<environment.Job instance at 0x7f0aa7cff730>,4,12,[9 3],5,6,18,1,6
1,<environment.Job instance at 0x7f0aa7cff230>,10,17,[5 6],11,18,35,7,12
1,<environment.Job instance at 0x7f0aa7ca6050>,29,15,[ 3 10],30,55,70,25,55
1,<environment.Job instance at 0x7f0aa7ca6960>,33,24,[2 6],34,75,99,41,75
1,<environment.Job instance at 0x7f0aa7ca6d20>,36,14,[8 4],37,82,96,45,82
1,<environment.Job instance at 0x7f0aa7ca64b0>,40,14,[5 8],41,99,113,58,89
1,<environment.Job instance at 0x7f0aa7da20a0>,45,19,[6 3],46,113,132,67,104
1,<environment.Job instance at 0x7f0aa7d73dc0>,51,14,[3 6],52,113,127,61,106
1,<environment.Job instance at 0x7f0aa7e5c370>,0,16,[10  3],1,1,17,0,1
1,<environment.Job instance at 0x7f0aa7d579b0>,3,17,[6 1],4,17,34,13,7
1,<environment.Job instance at 0x7f0aebabf640>,12,3,[5 7],13,34,37,21,13
1,<environment.Job instance at 0x7f0aebb43550>,13,3,[4 8],14,17,20,3,14
1,<environment.Job instance at 0x7f0aa81f4320>,14,12,[3 7],15,20,32,5,16
1,<environment.Job instance at 0x7f0aebd25050>,10,3,[ 1 10],11,37,40,26,25
1,<environment.Job instance at 0x7f0aa7c5fe60>,24,2,[2 7],25,32,34,7,25
1,<environment.Job instance at 0x7f0aa7c5fbe0>,21,14,[1 7],22,40,54,18,33
1,<environment.Job instance at 0x7f0aa7c60230>,28,16,[8 4],29,54,70,25,45
1,<environment.Job instance at 0x7f0aa7c60460>,31,21,[5 5],32,70,91,38,63
1,<environment.Job instance at 0x7f0aa7c60320>,37,22,[5 8],38,91,113,53,84
1,<environment.Job instance at 0x7f0aa7c60eb0>,47,1,[2 8],48,113,114,65,106
1,<environment.Job instance at 0x7f0aa7c642d0>,51,2,[3 5],52,114,116,62,113
1,<environment.Job instance at 0x7f0aa7c64500>,56,15,[3 6],57,116,131,59,113
1,<environment.Job instance at 0x7f0aa7c643c0>,55,14,[10  1],56,131,145,75,118
1,<environment.Job instance at 0x7f0aa7c64aa0>,62,3,[9 4],63,145,148,82,132
1,<environment.Job instance at 0x7f0aa7c64c80>,63,18,[3 7],64,148,166,84,137
1,<environment.Job instance at 0x7f0aa80c0a00>,2,19,[2 5],3,3,22,0,3
1,<environment.Job instance at 0x7f0aa80c0190>,3,16,[6 1],4,4,20,0,4
1,<environment.Job instance at 0x7f0aa80c0370>,6,13,[8 4],7,20,33,13,8
1,<environment.Job instance at 0x7f0aa80c0960>,8,16,[6 5],9,33,49,24,20
1,<environment.Job instance at 0x7f0aee41db90>,43,27,[1 7],44,105,132,61,105
1,<environment.Job instance at 0x7f0aa80d6640>,51,25,[9 1],52,117,142,65,117
1,<environment.Job instance at 0x7f0aa80d6f50>,56,17,[1 6],57,132,149,75,130
1,<environment.Job instance at 0x7f0aee0b1780>,3,17,[7 4],4,4,21,0,4
1,<environment.Job instance at 0x7f0aee0f85a0>,5,15,[9 1],6,21,36,15,7
1,<environment.Job instance at 0x7f0aebbe00a0>,21,18,[5 5],22,36,54,14,32
1,<environment.Job instance at 0x7f0aee269c80>,22,14,[5 7],23,54,68,31,39
1,<environment.Job instance at 0x7f0aa7ebfbe0>,39,14,[5 4],40,75,89,35,75
1,<environment.Job instance at 0x7f0aee3102d0>,50,14,[2 8],51,105,119,54,105
1,<environment.Job instance at 0x7f0aeb982370>,52,15,[2 7],53,119,134,66,118
1,<environment.Job instance at 0x7f0aee639aa0>,58,16,[9 2],59,134,150,75,124
1,<environment.Job instance at 0x7f0aeb82bf50>,1,18,[7 1],2,2,20,0,2
1,<environment.Job instance at 0x7f0aa806af00>,20,3,[10  4],21,21,24,0,21
1,<environment.Job instance at 0x7f0aa806ad20>,18,28,[8 3],19,24,52,5,23
1,<environment.Job instance at 0x7f0aa806d410>,29,18,[3 8],30,52,70,22,52
1,<environment.Job instance at 0x7f0aa806d870>,32,15,[1 7],33,70,85,37,56
1,<environment.Job instance at 0x7f0aa806db90>,36,13,[8 3],37,70,83,33,61
1,<environment.Job instance at 0x7f0aa806abe0>,17,15,[ 3 10],18,85,100,67,73
1,<environment.Job instance at 0x7f0aa80985a0>,53,18,[8 1],54,135,153,81,135
1,<environment.Job instance at 0x7f0aa8098820>,54,13,[10  5],55,153,166,98,142
1,<environment.Job instance at 0x7f0aee0f8b90>,1,17,[3 7],2,4,21,2,4
1,<environment.Job instance at 0x7f0aeb822b40>,5,1,[ 5 10],6,21,22,15,13
1,<environment.Job instance at 0x7f0aebcce0a0>,15,16,[5 1],16,22,38,6,16
1,<environment.Job instance at 0x7f0aebccea00>,16,3,[2 7],17,22,25,5,18
1,<environment.Job instance at 0x7f0aedfacd70>,17,2,[9 5],18,38,40,20,19
1,<environment.Job instance at 0x7f0aee2598c0>,31,16,[9 2],32,68,84,36,68
1,<environment.Job instance at 0x7f0aa81a3230>,32,16,[6 1],33,84,100,51,74
1,<environment.Job instance at 0x7f0aa833ba50>,43,17,[7 2],44,107,124,63,107
1,<environment.Job instance at 0x7f0aa833b640>,48,1,[5 9],49,124,125,75,122
1,<environment.Job instance at 0x7f0aa833bdc0>,45,24,[7 4],46,137,161,91,137
1,<environment.Job instance at 0x7f0aebafd870>,1,16,[6 2],2,2,18,0,2
1,<environment.Job instance at 0x7f0aee027eb0>,2,20,[1 9],3,18,38,15,9
1,<environment.Job instance at 0x7f0aee5a1c30>,17,15,[8 4],18,38,53,20,28
1,<environment.Job instance at 0x7f0aee111820>,22,2,[6 2],23,53,55,30,39
1,<environment.Job instance at 0x7f0aee111690>,23,12,[10  3],24,55,67,31,39
1,<environment.Job instance at 0x7f0af2e8cd20>,28,3,[4 5],29,67,70,38,50
1,<environment.Job instance at 0x7f0aee51f6e0>,34,17,[6 3],35,72,89,37,72
1,<environment.Job instance at 0x7f0aebca0910>,36,15,[7 3],37,89,104,52,76
1,<environment.Job instance at 0x7f0aebb80be0>,42,22,[2 7],43,97,119,54,97
1,<environment.Job instance at 0x7f0aeb9d94b0>,46,18,[8 3],47,113,131,66,113
1,<environment.Job instance at 0x7f0aa7bb11e0>,50,15,[9 4],51,131,146,80,120
1,<environment.Job instance at 0x7f0aa81cc550>,54,18,[6 4],55,146,164,91,135
1,<environment.Job instance at 0x7f0aee70ac80>,5,16,[5 5],6,6,22,0,6
1,<environment.Job instance at 0x7f0aebb8a730>,6,20,[5 3],7,7,27,0,7
1,<environment.Job instance at 0x7f0aebc5aaa0>,8,12,[9 1],9,27,39,18,11
1,<environment.Job instance at 0x7f0aeb9bdf50>,17,1,[9 3],18,39,40,21,19
1,<environment.Job instance at 0x7f0aeb9e24b0>,22,2,[6 1],23,40,42,17,23
1,<environment.Job instance at 0x7f0aeb9e2140>,23,14,[8 3],24,42,56,18,27
1,<environment.Job instance at 0x7f0aeb9e2a50>,29,3,[8 3],30,56,59,26,40
1,<environment.Job instance at 0x7f0aeb9e29b0>,28,14,[10  3],29,59,73,30,44
1,<environment.Job instance at 0x7f0aeb9e2c80>,34,2,[8 3],35,73,75,38,63
1,<environment.Job instance at 0x7f0aeb9e2fa0>,39,3,[7 2],40,75,78,35,63
1,<environment.Job instance at 0x7f0aeb9e2f00>,38,18,[2 8],39,75,93,36,64
1,<environment.Job instance at 0x7f0aeb9bde10>,18,16,[6 3],19,93,109,74,81
1,<environment.Job instance at 0x7f0aeb9db820>,50,16,[7 5],51,109,125,58,96
1,<environment.Job instance at 0x7f0aeb9ed370>,61,21,[4 8],62,125,146,63,119
1,<environment.Job instance at 0x7f0aeb9ed320>,64,2,[4 5],65,146,148,81,133
1,<environment.Job instance at 0x7f0aeb9ed730>,65,2,[5 5],66,146,148,80,134
1,<environment.Job instance at 0x7f0aa83afcd0>,1,16,[5 9],2,3,19,1,3
1,<environment.Job instance at 0x7f0aa7e95280>,9,17,[1 7],10,19,36,9,10
1,<environment.Job instance at 0x7f0aa7e95cd0>,16,15,[4 7],17,36,51,19,25
1,<environment.Job instance at 0x7f0aeb8a1af0>,24,27,[1 7],25,58,85,33,58
1,<environment.Job instance at 0x7f0aeb856320>,35,2,[6 1],36,73,75,37,73
1,<environment.Job instance at 0x7f0aeb8090a0>,36,16,[1 9],37,85,101,48,76
1,<environment.Job instance at 0x7f0aebed98c0>,44,14,[1 7],45,101,115,56,93
1,<environment.Job instance at 0x7f0aebed9870>,49,13,[8 2],50,108,121,58,108
1,<environment.Job instance at 0x7f0aa83ec690>,52,14,[5 6],53,121,135,68,109
1,<environment.Job instance at 0x7f0aebbb2280>,1,15,[5 5],2,2,17,0,2
1,<environment.Job instance at 0x7f0aebd5feb0>,3,14,[5 2],4,4,18,0,4
1,<environment.Job instance at 0x7f0aeb968af0>,4,17,[7 2],5,18,35,13,6
1,<environment.Job instance at 0x7f0aeb855a50>,15,2,[10  4],16,35,37,19,16
1,<environment.Job instance at 0x7f0aebaab6e0>,22,3,[8 5],23,37,40,14,23
1,<environment.Job instance at 0x7f0aa7ba62d0>,30,13,[1 5],31,37,50,6,31
1,<environment.Job instance at 0x7f0aebe95aa0>,31,3,[3 5],32,32,35,0,32
1,<environment.Job instance at 0x7f0aebaabbe0>,21,20,[5 5],22,40,60,18,32
1,<environment.Job instance at 0x7f0aeb846d70>,41,1,[10  4],42,60,61,18,52
1,<environment.Job instance at 0x7f0aeb846690>,44,18,[2 6],45,61,79,16,58
1,<environment.Job instance at 0x7f0aebbc69b0>,47,3,[7 2],48,73,76,25,73
1,<environment.Job instance at 0x7f0aa7ba6730>,23,22,[2 8],24,79,101,55,73
1,<environment.Job instance at 0x7f0aeba31410>,54,3,[ 2 10],55,101,104,46,97
1,<environment.Job instance at 0x7f0aeba31500>,56,3,[9 5],57,104,107,47,97
1,<environment.Job instance at 0x7f0aeba31910>,60,3,[2 7],61,107,110,46,99
1,<environment.Job instance at 0x7f0aeb8267d0>,64,2,[9 3],65,110,112,45,100
1,<environment.Job instance at 0x7f0aeb826d20>,65,13,[4 8],66,112,125,46,100
1,<environment.Job instance at 0x7f0aeb826500>,70,16,[ 4 10],71,125,141,54,112
1,<environment.Job instance at 0x7f0aebe6ee10>,76,13,[6 4],77,141,154,64,125
1,<environment.Job instance at 0x7f0aebaab0a0>,3,14,[7 2],4,4,18,0,4
1,<environment.Job instance at 0x7f0aebbc62d0>,4,13,[9 2],5,18,31,13,5
1,<environment.Job instance at 0x7f0aa8087d70>,7,17,[3 8],8,31,48,23,19
1,<environment.Job instance at 0x7f0aa7f75960>,22,2,[2 9],23,48,50,25,41
1,<environment.Job instance at 0x7f0aee3037d0>,13,20,[2 6],14,51,71,37,51
1,<environment.Job instance at 0x7f0aa7f75500>,24,12,[5 4],25,51,63,26,51
1,<environment.Job instance at 0x7f0aa7f75870>,25,17,[2 9],26,71,88,45,59
1,<environment.Job instance at 0x7f0aa7f64280>,30,2,[6 1],31,65,67,34,65
1,<environment.Job instance at 0x7f0aa7f96140>,31,1,[4 7],32,88,89,56,65
1,<environment.Job instance at 0x7f0aa7f960a0>,32,17,[9 3],33,89,106,56,78
1,<environment.Job instance at 0x7f0aee150960>,43,15,[ 4 10],44,106,121,62,98
1,<environment.Job instance at 0x7f0aa7bad230>,49,13,[3 6],50,121,134,71,105
1,<environment.Job instance at 0x7f0aa8016b90>,56,16,[ 1 10],57,134,150,77,121
1,<environment.Job instance at 0x7f0aa7a8faf0>,60,18,[7 5],61,150,168,89,139
1,<environment.Job instance at 0x7f0aa81f27d0>,3,15,[ 5 10],4,4,19,0,4
1,<environment.Job instance at 0x7f0aa7fadfa0>,7,12,[10  3],8,19,31,11,8
1,<environment.Job instance at 0x7f0aebb67230>,17,16,[6 3],18,31,47,13,18
1,<environment.Job instance at 0x7f0aebb67820>,20,1,[2 8],21,47,48,26,24
1,<environment.Job instance at 0x7f0aebb674b0>,22,2,[10  4],23,48,50,25,24
1,<environment.Job instance at 0x7f0aa7ebf690>,19,2,[ 5 10],20,50,52,30,24
1,<environment.Job instance at 0x7f0aa7c5f8c0>,34,18,[1 8],35,61,79,26,61
1,<environment.Job instance at 0x7f0aa7c5fdc0>,35,21,[6 2],36,62,83,26,62
1,<environment.Job instance at 0x7f0aa7c5f5f0>,42,17,[5 5],43,83,100,40,75
1,<environment.Job instance at 0x7f0aa83480f0>,58,14,[3 5],59,124,138,65,124
1,<environment.Job instance at 0x7f0aebc95370>,59,16,[6 3],60,132,148,72,132
1,<environment.Job instance at 0x7f0aa8217a00>,61,13,[6 4],62,148,161,86,132
1,<environment.Job instance at 0x7f0aa80849b0>,5,13,[1 9],6,6,19,0,6
1,<environment.Job instance at 0x7f0aa7a9ed70>,6,13,[6 4],7,19,32,12,7
1,<environment.Job instance at 0x7f0aa7a9ed20>,19,2,[4 6],20,23,25,3,23
1,<environment.Job instance at 0x7f0aa7a9eaa0>,22,3,[5 7],23,32,35,9,28
1,<environment.Job instance at 0x7f0aa7a9ee10>,17,18,[9 5],18,35,53,17,35
1,<environment.Job instance at 0x7f0aa7a47550>,29,16,[3 8],30,53,69,23,53
1,<environment.Job instance at 0x7f0aa7a47820>,35,1,[9 1],36,69,70,33,68
1,<environment.Job instance at 0x7f0aa7a47190>,36,16,[7 3],37,70,86,33,70
1,<environment.Job instance at 0x7f0aa7a474b0>,38,12,[9 2],39,86,98,47,71
1,<environment.Job instance at 0x7f0aa7b34cd0>,57,14,[5 3],58,127,141,69,127
1,<environment.Job instance at 0x7f0aa7b34aa0>,58,14,[7 2],59,141,155,82,128
1,<environment.Job instance at 0x7f0aeb9e23c0>,5,13,[5 5],6,7,20,1,7
1,<environment.Job instance at 0x7f0aa8265b40>,13,3,[2 6],14,20,23,6,14
1,<environment.Job instance at 0x7f0aebf67820>,14,20,[ 1 10],15,23,43,8,15
1,<environment.Job instance at 0x7f0aebf67460>,19,17,[5 7],20,44,61,24,44
1,<environment.Job instance at 0x7f0aebf725f0>,26,12,[5 2],27,44,56,17,44
1,<environment.Job instance at 0x7f0aebf72230>,24,15,[4 7],25,61,76,36,49
1,<environment.Job instance at 0x7f0aebf72cd0>,28,15,[6 4],29,79,94,50,79
1,<environment.Job instance at 0x7f0aebcd50a0>,36,15,[7 3],37,94,109,57,88
1,<environment.Job instance at 0x7f0aee0df460>,44,15,[10  3],45,109,124,64,106
1,<environment.Job instance at 0x7f0aee0f9320>,50,15,[1 5],51,124,139,73,119
1,<environment.Job instance at 0x7f0aeb8b1550>,53,17,[8 4],54,124,141,70,120
1,<environment.Job instance at 0x7f0aeb8b10f0>,56,15,[8 3],57,141,156,84,127
1,<environment.Job instance at 0x7f0aeb8e7f00>,3,17,[5 5],4,4,21,0,4
1,<environment.Job instance at 0x7f0aa7b5b9b0>,20,16,[9 2],21,26,42,5,26
1,<environment.Job instance at 0x7f0aee09d3c0>,21,3,[6 4],22,42,45,20,30
1,<environment.Job instance at 0x7f0aebb1d190>,13,14,[10  5],14,45,59,31,31
1,<environment.Job instance at 0x7f0aee6d08c0>,32,16,[1 6],33,59,75,26,52
1,<environment.Job instance at 0x7f0aee5872d0>,35,14,[5 2],36,59,73,23,53
1,<environment.Job instance at 0x7f0aa7eb4af0>,40,15,[8 2],41,73,88,32,70
1,<environment.Job instance at 0x7f0aee4fecd0>,50,16,[2 5],51,75,91,24,71
1,<environment.Job instance at 0x7f0aee4fe5a0>,51,14,[7 4],52,88,102,36,73
1,<environment.Job instance at 0x7f0aa7fc5e60>,60,14,[4 9],61,103,117,42,103
1,<environment.Job instance at 0x7f0aee6f46e0>,63,18,[6 3],64,117,135,53,107
1,<environment.Job instance at 0x7f0af2b678c0>,66,2,[6 5],67,135,137,68,108
1,<environment.Job instance at 0x7f0aa7b69640>,1,17,[8 2],2,2,19,0,2
1,<environment.Job instance at 0x7f0aa7ae0410>,5,14,[3 9],6,19,33,13,6
1,<environment.Job instance at 0x7f0aa79e7f00>,14,3,[ 3 10],15,33,36,18,20
1,<environment.Job instance at 0x7f0aa79e7a00>,20,12,[9 5],21,36,48,15,23
1,<environment.Job instance at 0x7f0aa8308460>,26,16,[7 5],27,48,64,21,41
1,<environment.Job instance at 0x7f0aa8308960>,31,2,[4 9],32,64,66,32,47
1,<environment.Job instance at 0x7f0aa83086e0>,33,3,[ 4 10],34,66,69,32,55
1,<environment.Job instance at 0x7f0aa7e464b0>,44,15,[9 1],45,93,108,48,93
1,<environment.Job instance at 0x7f0aeb940a00>,50,14,[8 2],51,120,134,69,120
1,<environment.Job instance at 0x7f0aebaf50a0>,53,15,[5 8],54,134,149,80,133
1,<environment.Job instance at 0x7f0aee4d8910>,5,17,[7 2],6,10,27,4,10
1,<environment.Job instance at 0x7f0aee4e8aa0>,17,2,[ 4 10],18,27,29,9,19
1,<environment.Job instance at 0x7f0aee4e8190>,11,18,[9 1],12,29,47,17,22
1,<environment.Job instance at 0x7f0aee4e83c0>,18,14,[8 3],19,47,61,28,33
1,<environment.Job instance at 0x7f0aee5035f0>,25,18,[8 3],26,61,79,35,50
1,<environment.Job instance at 0x7f0aee4e8370>,20,24,[5 5],21,79,103,58,76
1,<environment.Job instance at 0x7f0aee5037d0>,40,15,[5 2],41,102,117,61,102
1,<environment.Job instance at 0x7f0aee503730>,38,15,[4 7],39,111,126,72,111
1,<environment.Job instance at 0x7f0aa7da78c0>,48,13,[6 4],49,126,139,77,121
1,<environment.Job instance at 0x7f0aa7da7c30>,51,18,[2 5],52,137,155,85,137
1,<environment.Job instance at 0x7f0aa7da7d70>,54,2,[10  4],55,155,157,100,137
1,<environment.Job instance at 0x7f0aa7da7fa0>,55,1,[8 2],56,139,140,83,138
1,<environment.Job instance at 0x7f0aa7da7500>,57,1,[10  3],58,157,158,99,140
1,<environment.Job instance at 0x7f0aa7da73c0>,58,3,[8 4],59,140,143,81,140
1,<environment.Job instance at 0x7f55bce08be0>,5,2,[3 6],6,8,10,2,8
1,<environment.Job instance at 0x7f55bce0d370>,16,3,[4 7],17,17,20,0,17
1,<environment.Job instance at 0x7f55bce0d820>,18,16,[5 6],19,20,36,1,20
1,<environment.Job instance at 0x7f55bce0ddc0>,25,15,[9 2],26,36,51,10,30
1,<environment.Job instance at 0x7f55bce0f9b0>,32,16,[9 1],33,51,67,18,45
1,<environment.Job instance at 0x7f55bdeae460>,0,14,[9 4],1,1,15,0,1
1,<environment.Job instance at 0x7f55bce0f730>,1,18,[9 2],2,15,33,13,4
1,<environment.Job instance at 0x7f55be0e3820>,14,2,[7 5],15,33,35,18,15
1,<environment.Job instance at 0x7f55bdeae190>,6,12,[9 5],7,35,47,28,18
1,<environment.Job instance at 0x7f55be0dcbe0>,23,17,[9 2],24,47,64,23,41
1,<environment.Job instance at 0x7f5572f30fa0>,0,23,[7 2],1,2,25,1,2
1,<environment.Job instance at 0x7f5572f30730>,13,18,[7 4],14,25,43,11,17
1,<environment.Job instance at 0x7f5572e79e10>,22,2,[2 6],23,24,26,1,24
1,<environment.Job instance at 0x7f5572e79910>,23,12,[6 5],24,43,55,19,29
1,<environment.Job instance at 0x7f5572e79c30>,24,27,[3 5],25,31,58,6,31
1,<environment.Job instance at 0x7f5572f305a0>,7,16,[ 4 10],8,58,74,50,45
1,<environment.Job instance at 0x7f5573307140>,1,17,[10  1],2,3,20,1,3
1,<environment.Job instance at 0x7f55bdeed050>,7,13,[7 4],8,20,33,12,8
1,<environment.Job instance at 0x7f5573308b90>,13,1,[5 9],14,33,34,19,14
1,<environment.Job instance at 0x7f5573341820>,17,13,[ 4 10],18,34,47,16,22
1,<environment.Job instance at 0x7f55733080a0>,10,17,[8 5],11,47,64,36,36
1,<environment.Job instance at 0x7f557330ab40>,28,2,[1 6],29,64,66,35,39
1,<environment.Job instance at 0x7f5572dab870>,0,18,[6 2],1,1,19,0,1
1,<environment.Job instance at 0x7f55734f7370>,5,16,[ 4 10],6,19,35,13,6
1,<environment.Job instance at 0x7f5573511410>,19,18,[ 4 10],20,35,53,15,26
1,<environment.Job instance at 0x7f55735117d0>,24,13,[4 6],25,53,66,28,43
1,<environment.Job instance at 0x7f55bcdbe370>,0,12,[8 3],1,1,13,0,1
1,<environment.Job instance at 0x7f5573511aa0>,1,14,[7 3],2,13,27,11,2
1,<environment.Job instance at 0x7f55bcdbe960>,3,15,[2 7],4,4,19,0,4
1,<environment.Job instance at 0x7f55bd869730>,14,13,[4 7],15,27,40,12,17
1,<environment.Job instance at 0x7f55bd869870>,17,15,[2 9],18,40,55,22,26
1,<environment.Job instance at 0x7f55bd398b40>,24,14,[9 4],25,55,69,30,41
1,<environment.Job instance at 0x7f55bd8ae0f0>,1,16,[8 1],2,2,18,0,2
1,<environment.Job instance at 0x7f55bdffb2d0>,2,15,[6 1],3,18,33,15,4
1,<environment.Job instance at 0x7f55bcf0c5a0>,14,2,[3 8],15,18,20,3,15
1,<environment.Job instance at 0x7f55bd933550>,29,16,[7 2],30,33,49,3,33
1,<environment.Job instance at 0x7f55bcfc1e10>,32,14,[ 2 10],33,49,63,16,36
1,<environment.Job instance at 0x7f55bcf0c0a0>,2,23,[6 1],3,5,28,2,5
1,<environment.Job instance at 0x7f55bcd83730>,12,3,[10  4],13,28,31,15,13
1,<environment.Job instance at 0x7f55bcd83320>,11,15,[5 2],12,31,46,19,19
1,<environment.Job instance at 0x7f55bd787af0>,24,16,[4 9],25,46,62,21,42
1,<environment.Job instance at 0x7f55bd7a6eb0>,27,12,[8 3],28,62,74,34,45
1,<environment.Job instance at 0x7f55bd611640>,9,14,[1 8],10,27,41,17,27
1,<environment.Job instance at 0x7f55bcf17780>,19,25,[6 5],20,43,68,23,43
1,<environment.Job instance at 0x7f55bd0beaa0>,30,13,[4 5],31,44,57,13,44
1,<environment.Job instance at 0x7f5573221730>,2,17,[5 7],3,3,20,0,3
1,<environment.Job instance at 0x7f55bdf93550>,6,18,[1 8],7,20,38,13,9
1,<environment.Job instance at 0x7f55bdac95f0>,16,1,[ 3 10],17,38,39,21,17
1,<environment.Job instance at 0x7f55bdac9230>,23,18,[2 5],24,39,57,15,39
1,<environment.Job instance at 0x7f55bcbaffa0>,26,13,[7 3],27,43,56,16,43
1,<environment.Job instance at 0x7f5573393870>,25,15,[10  4],26,57,72,31,43
1,<environment.Job instance at 0x7f55bcc995a0>,5,17,[10  1],6,10,27,4,10
1,<environment.Job instance at 0x7f55bcc7cbe0>,13,19,[2 6],14,27,46,13,18
1,<environment.Job instance at 0x7f55bd0b23c0>,21,17,[7 2],22,36,53,14,36
1,<environment.Job instance at 0x7f55bd43c5a0>,22,24,[4 6],23,53,77,30,49
1,<environment.Job instance at 0x7f55bcd9b410>,0,23,[6 4],1,1,24,0,1
1,<environment.Job instance at 0x7f55bcba7eb0>,7,18,[3 6],8,8,26,0,8
1,<environment.Job instance at 0x7f55bcb820f0>,10,16,[9 2],11,26,42,15,14
1,<environment.Job instance at 0x7f5572d8f190>,5,17,[4 9],6,42,59,36,38
1,<environment.Job instance at 0x7f55bcb82af0>,24,14,[1 8],25,59,73,34,44
1,<environment.Job instance at 0x7f55bcb9f050>,1,13,[6 1],2,2,15,0,2
1,<environment.Job instance at 0x7f55bcd56190>,13,17,[1 6],14,15,32,1,15
1,<environment.Job instance at 0x7f55bcd56320>,18,17,[9 2],19,19,36,0,19
1,<environment.Job instance at 0x7f5572fabf50>,23,13,[5 3],24,36,49,12,24
1,<environment.Job instance at 0x7f55bccc0320>,31,28,[5 4],32,39,67,7,39
1,<environment.Job instance at 0x7f55bd8d1500>,2,19,[3 8],3,3,22,0,3
1,<environment.Job instance at 0x7f55bd8d1870>,3,17,[8 5],4,22,39,18,10
1,<environment.Job instance at 0x7f557328ae10>,14,1,[10  3],15,39,40,24,19
1,<environment.Job instance at 0x7f557328a1e0>,11,13,[5 5],12,40,53,28,24
1,<environment.Job instance at 0x7f55731de4b0>,23,3,[1 8],24,53,56,29,44
1,<environment.Job instance at 0x7f557328ac30>,15,16,[9 5],16,56,72,40,45
1,<environment.Job instance at 0x7f5572f540f0>,1,17,[9 5],2,4,21,2,4
1,<environment.Job instance at 0x7f5572d25dc0>,9,2,[3 9],10,21,23,11,14
1,<environment.Job instance at 0x7f5572d4c820>,20,3,[2 6],21,36,39,15,36
1,<environment.Job instance at 0x7f5572d4caf0>,22,1,[5 5],23,39,40,16,39
1,<environment.Job instance at 0x7f55bd847780>,10,3,[3 7],11,11,14,0,11
1,<environment.Job instance at 0x7f55bd57a1e0>,17,15,[3 7],18,19,34,1,19
1,<environment.Job instance at 0x7f55bdee7eb0>,21,14,[6 2],22,22,36,0,22
1,<environment.Job instance at 0x7f55bdee7870>,22,17,[5 4],23,36,53,13,27
1,<environment.Job instance at 0x7f55733a6dc0>,31,13,[6 4],32,53,66,21,39
1,<environment.Job instance at 0x7f55733a68c0>,33,1,[1 7],34,66,67,32,39
1,<environment.Job instance at 0x7f55733a6370>,34,2,[7 2],35,66,68,31,40
1,<environment.Job instance at 0x7f5572e92e60>,35,2,[5 5],36,42,44,6,42
1,<environment.Job instance at 0x7f55bd93baa0>,0,15,[6 4],1,1,16,0,1
1,<environment.Job instance at 0x7f5573407690>,13,12,[8 4],14,16,28,2,14
1,<environment.Job instance at 0x7f55bd95e780>,19,1,[9 5],20,28,29,8,23
1,<environment.Job instance at 0x7f55bcef3230>,20,1,[1 9],21,29,30,8,24
1,<environment.Job instance at 0x7f55bd931dc0>,21,2,[1 9],22,30,32,8,24
1,<environment.Job instance at 0x7f557319bdc0>,22,1,[4 9],23,32,33,9,25
1,<environment.Job instance at 0x7f557319bc80>,26,17,[6 4],27,38,55,11,38
1,<environment.Job instance at 0x7f55bcb9f230>,12,14,[4 6],13,39,53,26,39
1,<environment.Job instance at 0x7f55bce942d0>,3,14,[1 5],4,4,18,0,4
1,<environment.Job instance at 0x7f55732da550>,4,15,[5 6],5,18,33,13,5
1,<environment.Job instance at 0x7f55bcbed1e0>,10,3,[10  5],11,33,36,22,11
1,<environment.Job instance at 0x7f55bd116370>,17,17,[8 2],18,36,53,18,30
1,<environment.Job instance at 0x7f55bd96e190>,24,23,[4 9],25,53,76,28,47
1,<environment.Job instance at 0x7f5572f1caf0>,13,15,[3 7],14,14,29,0,14
1,<environment.Job instance at 0x7f5572f1c4b0>,17,13,[7 1],18,18,31,0,18
1,<environment.Job instance at 0x7f55bcd5a3c0>,27,17,[3 9],28,29,46,1,29
1,<environment.Job instance at 0x7f55bcd5a280>,29,13,[ 1 10],30,46,59,16,31
1,<environment.Job instance at 0x7f55bdb22fa0>,39,16,[5 9],40,59,75,19,46
1,<environment.Job instance at 0x7f55bd51d1e0>,0,19,[6 1],1,1,20,0,1
1,<environment.Job instance at 0x7f55bd444910>,7,2,[1 8],8,9,11,1,9
1,<environment.Job instance at 0x7f55bcc4f230>,12,3,[ 4 10],13,20,23,7,14
1,<environment.Job instance at 0x7f55bd5015f0>,20,1,[7 5],21,23,24,2,21
1,<environment.Job instance at 0x7f55bcc4fdc0>,17,18,[1 7],18,24,42,6,22
1,<environment.Job instance at 0x7f55bcc4fc30>,18,14,[ 5 10],19,42,56,23,28
1,<environment.Job instance at 0x7f5572e70a00>,27,13,[8 2],28,56,69,28,40
1,<environment.Job instance at 0x7fa02ee8faf0>,4,15,[ 4 10],5,5,20,0,5
1,<environment.Job instance at 0x7fa02ee8fc80>,7,21,[3 6],8,20,41,12,12
1,<environment.Job instance at 0x7fa02ee92d70>,22,26,[7 2],23,26,52,3,26
1,<environment.Job instance at 0x7fa02ee95730>,30,17,[2 5],31,41,58,10,31
1,<environment.Job instance at 0x7fa02ee953c0>,33,28,[3 7],34,58,86,24,58
1,<environment.Job instance at 0x7fa0301640a0>,6,15,[ 4 10],7,7,22,0,7
1,<environment.Job instance at 0x7fa030161410>,10,14,[2 9],11,22,36,11,19
1,<environment.Job instance at 0x7fa030017af0>,17,13,[4 9],18,36,49,18,20
1,<environment.Job instance at 0x7fa030017370>,18,14,[8 3],19,49,63,30,35
1,<environment.Job instance at 0x7fa030018c80>,29,16,[5 7],30,63,79,33,50
1,<environment.Job instance at 0x7f9fe500e0f0>,3,12,[6 5],4,4,16,0,4
1,<environment.Job instance at 0x7f9fe500e500>,4,27,[3 5],5,5,32,0,5
1,<environment.Job instance at 0x7f9fe4ef7c30>,10,3,[5 9],11,32,35,21,11
1,<environment.Job instance at 0x7f9fe4ef7e60>,13,1,[10  3],14,35,36,21,15
1,<environment.Job instance at 0x7f9fe4ef7690>,5,27,[5 5],6,36,63,30,34
1,<environment.Job instance at 0x7f9fe4ece370>,27,17,[4 9],28,63,80,35,51
1,<environment.Job instance at 0x7f9fe4ede7d0>,0,22,[6 5],1,1,23,0,1
1,<environment.Job instance at 0x7f9fe4ee1960>,10,2,[6 5],11,23,25,12,15
1,<environment.Job instance at 0x7f9fe4edea50>,7,24,[ 2 10],8,25,49,17,20
1,<environment.Job instance at 0x7f9fe4ee1050>,21,3,[10  3],22,49,52,27,41
1,<environment.Job instance at 0x7f9fe51ac820>,2,13,[6 1],3,7,20,4,7
1,<environment.Job instance at 0x7f9fe5350f50>,5,3,[9 3],6,20,23,14,8
1,<environment.Job instance at 0x7f9fe5587e60>,10,12,[8 3],11,23,35,12,11
1,<environment.Job instance at 0x7f9fe557d460>,15,12,[10  3],16,35,47,19,26
1,<environment.Job instance at 0x7f9fe557d230>,18,3,[5 5],19,47,50,28,27
1,<environment.Job instance at 0x7f9fe557d4b0>,19,2,[8 1],20,50,52,30,27
1,<environment.Job instance at 0x7f9fe557d960>,21,1,[7 5],22,52,53,30,30
1,<environment.Job instance at 0x7fa02f328410>,1,16,[8 1],2,3,19,1,3
1,<environment.Job instance at 0x7f9fe4ee1960>,9,18,[1 7],10,10,28,0,10
1,<environment.Job instance at 0x7f9fe4ee1640>,14,2,[3 8],15,28,30,13,20
1,<environment.Job instance at 0x7f9fe4ee10f0>,18,13,[5 6],19,31,44,12,31
1,<environment.Job instance at 0x7f9fe4ee1be0>,12,16,[8 2],13,44,60,31,31
1,<environment.Job instance at 0x7fa02f199050>,21,1,[4 9],22,60,61,38,44
1,<environment.Job instance at 0x7f9fe4e93c30>,25,1,[1 6],26,44,45,18,44
1,<environment.Job instance at 0x7f9fe50a9aa0>,31,1,[8 3],32,61,62,29,46
1,<environment.Job instance at 0x7f9fe4ee1550>,17,18,[4 7],18,62,80,44,51
1,<environment.Job instance at 0x7fa02f2bf6e0>,4,16,[9 4],5,5,21,0,5
1,<environment.Job instance at 0x7fa02f461550>,11,16,[10  1],12,21,37,9,13
1,<environment.Job instance at 0x7fa02ed4a5a0>,18,3,[10  3],19,37,40,18,24
1,<environment.Job instance at 0x7fa02f5d8910>,8,17,[5 8],9,40,57,31,28
1,<environment.Job instance at 0x7f9fe500ca00>,28,2,[2 8],29,57,59,28,38
1,<environment.Job instance at 0x7f9fe500c5f0>,29,16,[3 9],30,59,75,29,46
1,<environment.Job instance at 0x7fa02efea460>,32,3,[10  1],33,75,78,42,52
1,<environment.Job instance at 0x7f9fe50f95a0>,33,2,[7 5],34,78,80,44,52
1,<environment.Job instance at 0x7f9fe50f9a00>,34,3,[10  5],35,80,83,45,54
1,<environment.Job instance at 0x7fa02f461960>,1,14,[ 1 10],2,2,16,0,2
1,<environment.Job instance at 0x7fa02fa13f00>,3,12,[1 5],4,16,28,12,4
1,<environment.Job instance at 0x7f9fe4d4c3c0>,4,13,[7 3],5,16,29,11,5
1,<environment.Job instance at 0x7fa02ee00be0>,12,13,[6 3],13,29,42,16,13
1,<environment.Job instance at 0x7fa02ee10a50>,27,1,[7 2],28,42,43,14,29
1,<environment.Job instance at 0x7fa02ee10690>,29,16,[8 4],30,43,59,13,32
1,<environment.Job instance at 0x7fa02ee2e140>,32,17,[5 7],33,59,76,26,47
1,<environment.Job instance at 0x7fa02f022dc0>,5,21,[9 1],6,7,28,1,7
1,<environment.Job instance at 0x7f9fe5370550>,18,2,[7 3],19,28,30,9,19
1,<environment.Job instance at 0x7f9fe5370780>,16,2,[5 3],17,30,32,13,21
1,<environment.Job instance at 0x7f9fe5370050>,19,18,[4 9],20,32,50,12,21
1,<environment.Job instance at 0x7fa02f123dc0>,25,17,[10  1],26,50,67,24,47
1,<environment.Job instance at 0x7fa02ec6ea50>,6,2,[ 1 10],7,10,12,3,10
1,<environment.Job instance at 0x7fa02ec6ea00>,7,16,[4 5],8,12,28,4,11
1,<environment.Job instance at 0x7f9fe528a4b0>,8,2,[8 1],9,28,30,19,11
1,<environment.Job instance at 0x7fa02f048f00>,11,14,[6 1],12,12,26,0,12
1,<environment.Job instance at 0x7f9fe4cc9a00>,12,3,[6 1],13,30,33,17,14
1,<environment.Job instance at 0x7f9fe528a2d0>,10,23,[6 4],11,36,59,25,36
1,<environment.Job instance at 0x7fa02ec8ed70>,24,15,[5 9],25,59,74,34,45
1,<environment.Job instance at 0x7f9fe51edb90>,29,2,[5 5],30,74,76,44,50
1,<environment.Job instance at 0x7fa02ed08d20>,1,13,[6 1],2,2,15,0,2
1,<environment.Job instance at 0x7f9fe51ff410>,11,12,[2 5],12,12,24,0,12
1,<environment.Job instance at 0x7fa02f7312d0>,13,17,[1 6],14,24,41,10,14
1,<environment.Job instance at 0x7f9fe54a6410>,18,17,[9 2],19,24,41,5,21
1,<environment.Job instance at 0x7fa02f133280>,24,17,[ 3 10],25,41,58,16,29
1,<environment.Job instance at 0x7fa02f133460>,30,2,[6 2],31,58,60,27,45
1,<environment.Job instance at 0x7fa02f4c2b40>,32,1,[4 5],33,58,59,25,45
1,<environment.Job instance at 0x7fa02f4c2fa0>,33,16,[9 3],34,60,76,26,48
1,<environment.Job instance at 0x7fa02f4d8230>,35,14,[1 7],36,59,73,23,57
1,<environment.Job instance at 0x7fa02f0eaf00>,0,17,[ 2 10],1,1,18,0,1
1,<environment.Job instance at 0x7fa02ed7a320>,5,16,[9 5],6,18,34,12,6
1,<environment.Job instance at 0x7fa02edb3280>,20,27,[6 2],21,34,61,13,32
1,<environment.Job instance at 0x7fa02ed7ab90>,19,16,[10  5],20,61,77,41,56
1,<environment.Job instance at 0x7f9fe54fddc0>,10,24,[4 8],11,15,39,4,15
1,<environment.Job instance at 0x7fa02f79faf0>,19,14,[10  5],20,39,53,19,24
1,<environment.Job instance at 0x7fa02f79f320>,20,3,[9 3],21,53,56,32,36
1,<environment.Job instance at 0x7f9fe510dd70>,31,2,[4 7],32,56,58,24,36
1,<environment.Job instance at 0x7fa02f02c500>,37,12,[8 3],38,58,70,20,43
1,<environment.Job instance at 0x7fa02f02c2d0>,42,12,[4 6],43,70,82,27,54
1,<environment.Job instance at 0x7fa02f957050>,2,23,[2 9],3,8,31,5,8
1,<environment.Job instance at 0x7fa02ecf35a0>,15,3,[7 3],16,31,34,15,18
1,<environment.Job instance at 0x7fa02ecf35f0>,16,3,[5 2],17,34,37,17,18
1,<environment.Job instance at 0x7fa02ecf3cd0>,19,2,[8 2],20,37,39,17,28
1,<environment.Job instance at 0x7fa02ecf3aa0>,20,15,[6 4],21,39,54,18,30
1,<environment.Job instance at 0x7fa02f319aa0>,26,2,[2 9],27,54,56,27,34
1,<environment.Job instance at 0x7fa02f3191e0>,25,1,[3 8],26,56,57,30,40
1,<environment.Job instance at 0x7fa02f3199b0>,28,2,[2 7],29,57,59,28,41
1,<environment.Job instance at 0x7fa02f319be0>,31,1,[4 6],32,45,46,13,45
1,<environment.Job instance at 0x7fa02ecf3a50>,14,18,[8 4],15,59,77,44,50
1,<environment.Job instance at 0x7f9fe5456960>,1,14,[5 5],2,2,16,0,2
1,<environment.Job instance at 0x7fa02ec2b140>,4,18,[6 4],5,16,34,11,5
1,<environment.Job instance at 0x7fa02ec2be60>,19,14,[5 7],20,34,48,14,28
1,<environment.Job instance at 0x7fa02ec02550>,24,17,[9 4],25,48,65,23,41
1,<environment.Job instance at 0x7fa02ee31be0>,16,12,[ 1 10],17,17,29,0,17
1,<environment.Job instance at 0x7fa02ee313c0>,17,13,[7 1],18,29,42,11,18
1,<environment.Job instance at 0x7fa02ee31870>,20,17,[5 4],21,42,59,21,31
1,<environment.Job instance at 0x7f9fe5158640>,31,12,[5 4],32,42,54,10,32
1,<environment.Job instance at 0x7f9fe5158be0>,33,15,[5 7],34,59,74,25,50
1,<environment.Job instance at 0x7fa02edc89b0>,40,14,[4 8],41,74,88,33,59
1,<environment.Job instance at 0x7f9fe517d1e0>,3,3,[5 8],4,7,10,3,7
1,<environment.Job instance at 0x7f9fe5051f00>,13,18,[7 4],14,29,47,15,29
1,<environment.Job instance at 0x7fa02f58b410>,21,18,[8 2],22,52,70,30,52
1,<environment.Job instance at 0x7f9fe50c8dc0>,25,19,[1 7],26,56,75,30,56
1,<environment.Job instance at 0x7f9fe558e960>,6,18,[2 5],7,7,25,0,7
1,<environment.Job instance at 0x7f9fe558e780>,7,13,[ 3 10],8,25,38,17,9
1,<environment.Job instance at 0x7f9fe534b9b0>,11,14,[5 8],12,38,52,26,23
1,<environment.Job instance at 0x7f9fe556e870>,21,2,[3 5],22,52,54,30,30
1,<environment.Job instance at 0x7f9fe556e9b0>,22,1,[1 6],23,54,55,31,30
1,<environment.Job instance at 0x7f9fe556ec30>,23,16,[4 9],24,55,71,31,43
1,<environment.Job instance at 0x7f9fe556eaf0>,29,1,[8 3],30,54,55,24,48
1,<environment.Job instance at 0x7fa02f9b8b90>,5,16,[5 2],6,6,22,0,6
1,<environment.Job instance at 0x7fa02f9b8870>,10,13,[5 6],11,11,24,0,11
1,<environment.Job instance at 0x7fa02f9b8af0>,11,16,[2 8],12,24,40,12,12
1,<environment.Job instance at 0x7fa02fa132d0>,14,12,[6 2],15,24,36,9,18
1,<environment.Job instance at 0x7f9fe4f37280>,23,2,[9 3],24,40,42,16,24
1,<environment.Job instance at 0x7f9fe4f374b0>,22,1,[8 5],23,42,43,19,24
1,<environment.Job instance at 0x7fa02fa13230>,18,18,[6 2],19,43,61,24,34
1,<environment.Job instance at 0x7fa02f56b8c0>,31,17,[4 7],32,50,67,18,50
1,<environment.Job instance at 0x7fa02efadb90>,5,13,[3 7],6,6,19,0,6
1,<environment.Job instance at 0x7f9fe4cb0f00>,1,12,[10  4],2,19,31,17,12
1,<environment.Job instance at 0x7fa02f268280>,11,1,[4 5],12,31,32,19,15
1,<environment.Job instance at 0x7f9fe531beb0>,14,2,[5 5],15,31,33,16,17
1,<environment.Job instance at 0x7fa02f495e60>,18,1,[3 5],19,32,33,13,22
1,<environment.Job instance at 0x7fa02ecb32d0>,15,17,[5 4],16,33,50,17,22
1,<environment.Job instance at 0x7fa02f9bd730>,21,2,[2 7],22,50,52,28,23
1,<environment.Job instance at 0x7fa02f260e10>,28,13,[5 5],29,52,65,23,39
1,<environment.Job instance at 0x7f3b9e073af0>,4,15,[ 4 10],5,8,23,3,8
1,<environment.Job instance at 0x7f3b9e073dc0>,10,16,[5 6],11,23,39,12,11
1,<environment.Job instance at 0x7f3b9e0763c0>,17,2,[3 9],18,39,41,21,22
1,<environment.Job instance at 0x7f3b9e076aa0>,20,3,[3 5],21,41,44,20,26
1,<environment.Job instance at 0x7f3b9e0792d0>,26,3,[8 1],27,44,47,17,27
1,<environment.Job instance at 0x7f3b9e076500>,15,16,[9 1],16,47,63,31,35
1,<environment.Job instance at 0x7f3ba1119140>,0,14,[9 4],1,1,15,0,1
1,<environment.Job instance at 0x7f3ba1119b40>,1,18,[9 2],2,15,33,13,4
1,<environment.Job instance at 0x7f3ba134d5f0>,6,12,[9 5],7,33,45,26,17
1,<environment.Job instance at 0x7f3b9e5185f0>,22,16,[9 2],23,45,61,22,33
1,<environment.Job instance at 0x7f3b60357820>,27,13,[4 9],28,61,74,33,48
1,<environment.Job instance at 0x7f3b60400370>,0,23,[7 2],1,2,25,1,2
1,<environment.Job instance at 0x7f3b6041a3c0>,7,16,[ 4 10],8,25,41,17,12
1,<environment.Job instance at 0x7f3b6040e050>,25,27,[5 5],26,41,68,15,40
1,<environment.Job instance at 0x7f3b6040eaf0>,28,14,[5 5],29,41,55,12,40
1,<environment.Job instance at 0x7f3b604e8dc0>,4,17,[3 5],5,5,22,0,5
1,<environment.Job instance at 0x7f3b609962d0>,7,13,[7 4],8,8,21,0,8
1,<environment.Job instance at 0x7f3b60996b40>,9,14,[ 5 10],10,22,36,12,11
1,<environment.Job instance at 0x7f3b607b3370>,19,18,[5 5],20,36,54,16,25
1,<environment.Job instance at 0x7f3b607d0be0>,27,14,[2 8],28,54,68,26,41
1,<environment.Job instance at 0x7f3b6043f410>,0,18,[6 2],1,1,19,0,1
1,<environment.Job instance at 0x7f3b60a2d320>,5,16,[ 4 10],6,19,35,13,6
1,<environment.Job instance at 0x7f3b60a2db40>,12,18,[5 3],13,35,53,22,24
1,<environment.Job instance at 0x7f3b60a2b3c0>,20,3,[5 7],21,35,38,14,25
1,<environment.Job instance at 0x7f3b60a2de60>,13,16,[1 6],14,40,56,26,40
1,<environment.Job instance at 0x7f3b9deebfa0>,0,12,[8 3],1,1,13,0,1
1,<environment.Job instance at 0x7f3b60723730>,2,18,[10  3],3,13,31,10,4
1,<environment.Job instance at 0x7f3ba0d8f410>,15,1,[1 8],16,31,32,15,17
1,<environment.Job instance at 0x7f3ba0d8f4b0>,14,13,[4 7],15,32,45,17,18
1,<environment.Job instance at 0x7f3b9de52780>,21,15,[6 5],22,45,60,23,33
1,<environment.Job instance at 0x7f3b9e36af00>,1,16,[8 1],2,3,19,1,3
1,<environment.Job instance at 0x7f3b9e3d1e60>,9,18,[1 7],10,10,28,0,10
1,<environment.Job instance at 0x7f3ba0da1be0>,11,16,[1 5],12,28,44,16,19
1,<environment.Job instance at 0x7f3b9e3d1c30>,13,16,[7 1],14,19,35,5,19
1,<environment.Job instance at 0x7f3b9e3d1870>,18,13,[5 6],19,44,57,25,29
1,<environment.Job instance at 0x7f3b9e473b90>,22,1,[10  2],23,57,58,34,33
1,<environment.Job instance at 0x7f3b606cf140>,2,23,[6 1],3,3,26,0,3
1,<environment.Job instance at 0x7f3b60394640>,8,14,[7 2],9,26,40,17,11
1,<environment.Job instance at 0x7f3b603ac730>,24,16,[4 9],25,40,56,15,39
1,<environment.Job instance at 0x7f3b6037f1e0>,30,15,[9 1],31,56,71,25,45
1,<environment.Job instance at 0x7f3b6037f910>,1,16,[3 9],2,2,18,0,2
1,<environment.Job instance at 0x7f3b60317140>,6,18,[8 1],7,18,36,11,11
1,<environment.Job instance at 0x7f3b603196e0>,12,26,[3 9],13,36,62,23,36
1,<environment.Job instance at 0x7f3b60305dc0>,29,1,[5 5],30,62,63,32,46
1,<environment.Job instance at 0x7f3b60305a50>,31,3,[4 7],32,63,66,31,49
1,<environment.Job instance at 0x7f3b9e331410>,2,17,[5 7],3,4,21,1,4
1,<environment.Job instance at 0x7f3b9e025b40>,13,25,[5 7],14,21,46,7,17
1,<environment.Job instance at 0x7f3b6077e780>,29,13,[10  5],30,46,59,16,43
1,<environment.Job instance at 0x7f3b6077e410>,30,1,[2 7],31,59,60,28,43
1,<environment.Job instance at 0x7f3b600f8fa0>,7,3,[9 2],8,9,12,1,9
1,<environment.Job instance at 0x7f3b6014fc80>,13,19,[2 6],14,35,54,21,35
1,<environment.Job instance at 0x7f3b6014f640>,16,15,[2 5],17,54,69,37,44
1,<environment.Job instance at 0x7f3b6048ebe0>,4,17,[5 5],5,5,22,0,5
1,<environment.Job instance at 0x7f3b603164b0>,14,15,[5 9],15,22,37,7,15
1,<environment.Job instance at 0x7f3b60316af0>,19,2,[5 5],20,20,22,0,20
1,<environment.Job instance at 0x7f3b60316cd0>,20,2,[6 4],21,37,39,16,21
1,<environment.Job instance at 0x7f3b60316e10>,21,16,[2 5],22,37,53,15,24
1,<environment.Job instance at 0x7f3b603145a0>,29,24,[8 1],30,44,68,14,44
1,<environment.Job instance at 0x7f3b9e209500>,5,18,[7 2],6,7,25,1,7
1,<environment.Job instance at 0x7f3b9e209460>,9,14,[10  5],10,25,39,15,11
1,<environment.Job instance at 0x7f3ba0c2fbe0>,24,17,[ 3 10],25,39,56,14,39
1,<environment.Job instance at 0x7f3ba0c2fd70>,29,16,[10  5],30,56,72,26,49
1,<environment.Job instance at 0x7f3b60646550>,2,19,[3 8],3,5,24,2,5
1,<environment.Job instance at 0x7f3b9ddd9eb0>,8,15,[4 7],9,24,39,15,10
1,<environment.Job instance at 0x7f3ba07138c0>,20,17,[3 8],21,39,56,18,30
1,<environment.Job instance at 0x7f3b604a2370>,26,17,[5 2],27,49,66,22,49
1,<environment.Job instance at 0x7f3b604a2230>,1,17,[9 5],2,7,24,5,7
1,<environment.Job instance at 0x7f3b60158fa0>,7,2,[1 5],8,11,13,3,11
1,<environment.Job instance at 0x7f3b60158cd0>,11,15,[10  2],12,24,39,12,12
1,<environment.Job instance at 0x7f3b60166870>,19,16,[10  2],20,39,55,19,32
1,<environment.Job instance at 0x7f3b601666e0>,20,3,[2 6],21,55,58,34,33
1,<environment.Job instance at 0x7f3ba06d5c30>,15,27,[9 1],16,32,59,16,32
1,<environment.Job instance at 0x7f3b6039b050>,31,13,[6 4],32,59,72,27,49
1,<environment.Job instance at 0x7f3b9e0edf50>,0,15,[6 4],1,1,16,0,1
1,<environment.Job instance at 0x7f3b609669b0>,7,17,[10  3],8,16,33,8,8
1,<environment.Job instance at 0x7f3b9dfef050>,21,2,[1 9],22,33,35,11,30
1,<environment.Job instance at 0x7f3b607be500>,9,26,[ 1 10],10,35,61,25,35
1,<environment.Job instance at 0x7f3b605da6e0>,1,16,[5 1],2,2,18,0,2
1,<environment.Job instance at 0x7f3b6075f6e0>,4,15,[5 6],5,8,23,3,8
1,<environment.Job instance at 0x7f3b604f50a0>,21,14,[10  3],22,34,48,12,34
1,<environment.Job instance at 0x7f3b9e576690>,28,12,[1 7],29,48,60,19,46
1,<environment.Job instance at 0x7f3b9e576230>,31,13,[2 9],32,60,73,28,48
1,<environment.Job instance at 0x7f3ba08671e0>,14,3,[ 5 10],15,16,19,1,16
1,<environment.Job instance at 0x7f3ba08670a0>,13,15,[3 7],14,19,34,5,18
1,<environment.Job instance at 0x7f3b60158a00>,25,15,[5 1],26,26,41,0,26
1,<environment.Job instance at 0x7f3ba0b75780>,32,16,[7 2],33,41,57,8,33
1,<environment.Job instance at 0x7f3b9e54eb90>,0,19,[6 1],1,1,20,0,1
1,<environment.Job instance at 0x7f3b9e54eeb0>,3,2,[5 4],4,20,22,16,5
1,<environment.Job instance at 0x7f3b9df8dc80>,21,17,[7 5],22,27,44,5,27
1,<environment.Job instance at 0x7f3b9e3bc050>,23,18,[7 4],24,44,62,20,35
1,<environment.Job instance at 0x7f3b9e2b0f00>,25,16,[5 5],26,62,78,36,49
1,<environment.Job instance at 0x7fd9226c0af0>,4,15,[ 4 10],5,5,20,0,5
1,<environment.Job instance at 0x7fd9226c0c80>,7,21,[3 6],8,20,41,12,12
1,<environment.Job instance at 0x7fd9226c6410>,28,24,[3 7],29,41,65,12,36
1,<environment.Job instance at 0x7fd9226c65a0>,32,16,[9 1],33,65,81,32,53
1,<environment.Job instance at 0x7fd923990b40>,6,15,[ 4 10],7,7,22,0,7
1,<environment.Job instance at 0x7fd923995c30>,9,15,[10  3],10,22,37,12,12
1,<environment.Job instance at 0x7fd923849eb0>,18,14,[8 3],19,37,51,18,26
1,<environment.Job instance at 0x7fd92399ad70>,31,2,[6 4],32,51,53,19,42
1,<environment.Job instance at 0x7fd92399ad20>,32,3,[9 1],33,53,56,20,42
1,<environment.Job instance at 0x7fd92399a320>,33,1,[3 5],34,51,52,17,43
1,<environment.Job instance at 0x7fd923995f50>,15,16,[2 5],16,58,74,42,58
1,<environment.Job instance at 0x7fd923995f00>,1,14,[2 8],2,2,16,0,2
1,<environment.Job instance at 0x7fd8d8804050>,6,2,[9 4],7,16,18,9,8
1,<environment.Job instance at 0x7fd8d8804b90>,4,27,[3 5],5,18,45,13,17
1,<environment.Job instance at 0x7fd8d87bdc80>,21,3,[6 3],22,23,26,1,23
1,<environment.Job instance at 0x7fd8d87bdaf0>,24,18,[6 4],25,32,50,7,32
1,<environment.Job instance at 0x7fd8d87bde10>,26,18,[3 6],27,45,63,18,44
1,<environment.Job instance at 0x7fd8d87bd230>,20,22,[2 7],21,63,85,42,57
1,<environment.Job instance at 0x7fd8d8890eb0>,11,16,[4 9],12,15,31,3,15
1,<environment.Job instance at 0x7fd8d8890b40>,13,23,[5 8],14,33,56,19,33
1,<environment.Job instance at 0x7fd8d8bdbc80>,25,16,[ 4 10],26,56,72,30,49
1,<environment.Job instance at 0x7fd8d8c16c30>,5,3,[9 3],6,8,11,2,8
1,<environment.Job instance at 0x7fd8d8dd1c80>,8,13,[8 2],9,11,24,2,9
1,<environment.Job instance at 0x7fd8d8dd1e60>,9,25,[7 2],10,24,49,14,22
1,<environment.Job instance at 0x7fd8d8dc4280>,18,3,[5 5],19,49,52,30,43
1,<environment.Job instance at 0x7fd8d8dc4410>,15,12,[10  3],16,52,64,36,44
1,<environment.Job instance at 0x7fd8d8dc4550>,19,2,[8 1],20,64,66,44,47
1,<environment.Job instance at 0x7fd8d8dc4c30>,25,1,[1 8],26,64,65,38,52
1,<environment.Job instance at 0x7fd8d8dc4cd0>,26,3,[9 5],27,66,69,39,52
1,<environment.Job instance at 0x7fd8d8dc4be0>,1,16,[8 1],2,3,19,1,3
1,<environment.Job instance at 0x7fd923843320>,8,17,[10  3],9,19,36,10,9
1,<environment.Job instance at 0x7fd922992d70>,14,2,[3 8],15,36,38,21,15
1,<environment.Job instance at 0x7fd92303fc80>,20,17,[5 7],21,38,55,17,27
1,<environment.Job instance at 0x7fd8d874cf50>,35,23,[5 5],36,55,78,19,49
1,<environment.Job instance at 0x7fd8d8aff5a0>,1,15,[5 2],2,2,17,0,2
1,<environment.Job instance at 0x7fd8d8abdaf0>,3,17,[9 5],4,17,34,13,7
1,<environment.Job instance at 0x7fd8d8abd1e0>,6,15,[10  4],7,35,50,28,35
1,<environment.Job instance at 0x7fd92293a9b0>,23,16,[5 7],24,50,66,26,39
1,<environment.Job instance at 0x7fd9233916e0>,30,17,[10  5],31,66,83,35,59
1,<environment.Job instance at 0x7fd923391820>,1,14,[ 1 10],2,2,16,0,2
1,<environment.Job instance at 0x7fd922dc8f50>,3,12,[1 5],4,16,28,12,4
1,<environment.Job instance at 0x7fd8d85a6690>,4,13,[7 3],5,16,29,11,5
1,<environment.Job instance at 0x7fd8d8cb9fa0>,13,18,[9 1],14,29,47,15,22
1,<environment.Job instance at 0x7fd8d8588a00>,32,17,[5 7],33,47,64,14,41
1,<environment.Job instance at 0x7fd923242320>,3,14,[7 2],4,4,18,0,4
1,<environment.Job instance at 0x7fd9232422d0>,10,24,[9 2],11,18,42,7,17
1,<environment.Job instance at 0x7fd8d8b8b1e0>,19,18,[4 9],20,42,60,22,33
1,<environment.Job instance at 0x7fd922d18550>,30,14,[4 7],31,60,74,29,45
1,<environment.Job instance at 0x7fd8d8775500>,7,16,[4 5],8,9,25,1,9
1,<environment.Job instance at 0x7fd9226d7730>,8,2,[8 1],9,25,27,16,9
1,<environment.Job instance at 0x7fd9226d7f50>,9,2,[2 5],10,10,12,0,10
1,<environment.Job instance at 0x7fd9227f6e10>,4,3,[3 9],5,27,30,22,14
1,<environment.Job instance at 0x7fd9226d7b40>,11,14,[6 1],12,27,41,15,14
1,<environment.Job instance at 0x7fd9226d75a0>,12,3,[6 1],13,16,19,3,16
1,<environment.Job instance at 0x7fd8d879fb40>,18,18,[4 7],19,30,48,11,26
1,<environment.Job instance at 0x7fd8d8ba1b90>,21,2,[10  1],22,48,50,26,28
1,<environment.Job instance at 0x7fd8d8bfdaf0>,24,15,[5 9],25,50,65,25,36
1,<environment.Job instance at 0x7fd8d8cb3190>,30,2,[6 4],31,65,67,34,49
1,<environment.Job instance at 0x7fd8d8cb3960>,29,2,[5 5],30,67,69,37,49
1,<environment.Job instance at 0x7fd8d8cb3690>,31,16,[2 5],32,65,81,33,53
1,<environment.Job instance at 0x7fd92269ab40>,5,18,[7 2],6,7,25,1,7
1,<environment.Job instance at 0x7fd92269ac80>,9,14,[10  5],10,25,39,15,10
1,<environment.Job instance at 0x7fd8d8c4ffa0>,16,1,[6 3],17,39,40,22,22
1,<environment.Job instance at 0x7fd8d84f41e0>,19,1,[1 6],20,23,24,3,23
1,<environment.Job instance at 0x7fd922aa0960>,25,14,[1 6],26,39,53,13,28
1,<environment.Job instance at 0x7fd8d8a01410>,34,13,[9 5],35,54,67,19,54
1,<environment.Job instance at 0x7fd92326f410>,0,17,[ 2 10],1,1,18,0,1
1,<environment.Job instance at 0x7fd922a26320>,5,16,[9 5],6,18,34,12,7
1,<environment.Job instance at 0x7fd922a26c30>,17,15,[ 4 10],18,34,49,16,20
1,<environment.Job instance at 0x7fd922a04780>,26,16,[4 5],27,53,69,26,53
1,<environment.Job instance at 0x7fd8d89d8460>,10,24,[4 8],11,13,37,2,13
1,<environment.Job instance at 0x7fd923365cd0>,19,14,[10  5],20,37,51,17,23
1,<environment.Job instance at 0x7fd9226210a0>,27,2,[2 9],28,51,53,23,28
1,<environment.Job instance at 0x7fd9226212d0>,28,18,[3 7],29,53,71,24,42
1,<environment.Job instance at 0x7fd92260f460>,9,17,[6 3],10,10,27,0,10
1,<environment.Job instance at 0x7fd922cfdaf0>,15,3,[7 3],16,27,30,11,16
1,<environment.Job instance at 0x7fd92260ffa0>,10,17,[9 5],11,30,47,19,18
1,<environment.Job instance at 0x7fd922cfde10>,14,18,[8 4],15,47,65,32,40
1,<environment.Job instance at 0x7fd8d890bc30>,1,14,[5 5],2,2,16,0,2
1,<environment.Job instance at 0x7fd922cfdf50>,2,12,[1 6],3,16,28,13,3
1,<environment.Job instance at 0x7fd8d8d2a5f0>,12,3,[7 4],13,16,19,3,15
1,<environment.Job instance at 0x7fd8d8d2ad70>,20,3,[10  5],21,28,31,7,22
1,<environment.Job instance at 0x7fd8d8d2a140>,7,18,[2 9],8,31,49,23,26
1,<environment.Job instance at 0x7fd8d8d30550>,25,12,[4 7],26,49,61,23,38
1,<environment.Job instance at 0x7fd8d8d306e0>,26,23,[6 2],27,49,72,22,45
1,<environment.Job instance at 0x7fd8d8d309b0>,30,1,[10  4],31,72,73,41,46
1,<environment.Job instance at 0x7fd8d8d30f00>,35,1,[ 3 10],36,73,74,37,56
1,<environment.Job instance at 0x7fd922f62410>,20,17,[5 4],21,21,38,0,21
1,<environment.Job instance at 0x7fd922f628c0>,25,15,[5 1],26,26,41,0,26
1,<environment.Job instance at 0x7fd922f629b0>,26,17,[10  5],27,41,58,14,29
1,<environment.Job instance at 0x7fd922b85cd0>,39,16,[5 9],40,58,74,18,55
1,<environment.Job instance at 0x7fd922d6d870>,9,2,[2 6],10,10,12,0,10
1,<environment.Job instance at 0x7fd923392730>,13,18,[7 4],14,15,33,1,15
1,<environment.Job instance at 0x7fd923183230>,17,13,[8 2],18,33,46,15,28
1,<environment.Job instance at 0x7fd923183870>,18,3,[6 5],19,46,49,27,28
1,<environment.Job instance at 0x7fd8d86585a0>,23,3,[5 3],24,49,52,25,48
1,<environment.Job instance at 0x7fd922d3d9b0>,9,21,[ 2 10],10,18,39,8,18
1,<environment.Job instance at 0x7fd922b34140>,11,14,[5 8],12,39,53,27,29
1,<environment.Job instance at 0x7fd92309d820>,17,16,[5 1],18,39,55,21,33
1,<environment.Job instance at 0x7fd922aa9690>,21,2,[3 5],22,53,55,31,37
1,<environment.Job instance at 0x7fd922aa9410>,20,14,[2 6],21,55,69,34,40
1,<environment.Job instance at 0x7fd9229309b0>,5,16,[5 2],6,6,22,0,6
1,<environment.Job instance at 0x7fd922930780>,6,17,[5 4],7,7,24,0,7
1,<environment.Job instance at 0x7fd922930f00>,12,12,[5 4],13,22,34,9,14
1,<environment.Job instance at 0x7fd922c45f50>,19,1,[3 7],20,34,35,14,20
1,<environment.Job instance at 0x7fd922c457d0>,16,16,[9 5],17,35,51,18,23
1,<environment.Job instance at 0x7fd922c45820>,27,12,[6 1],28,51,63,23,34
1,<environment.Job instance at 0x7fd922c53190>,4,20,[ 4 10],5,5,25,0,5
1,<environment.Job instance at 0x7fd8d89ae1e0>,17,3,[5 2],18,25,28,7,18
1,<environment.Job instance at 0x7fd9226a99b0>,19,3,[5 6],20,25,28,5,21
1,<environment.Job instance at 0x7fd8d89ae230>,20,1,[4 9],21,28,29,7,22
1,<environment.Job instance at 0x7fd922bd0050>,21,2,[2 7],22,29,31,7,22
1,<environment.Job instance at 0x7fd922bd0550>,22,3,[ 4 10],23,31,34,8,23
1,<environment.Job instance at 0x7fd8d8850690>,32,20,[7 4],33,57,77,24,57
1,<environment.Job instance at 0x7fcc7a7e7370>,4,15,[ 4 10],5,8,23,3,8
1,<environment.Job instance at 0x7fcc7a7e78c0>,10,16,[5 6],11,23,39,12,11
1,<environment.Job instance at 0x7fcc7a7e7cd0>,16,3,[4 7],17,39,42,22,22
1,<environment.Job instance at 0x7fcc7a7ebbe0>,27,14,[ 1 10],28,42,56,14,28
1,<environment.Job instance at 0x7fcc7a7ebc30>,28,24,[3 7],29,56,80,27,51
1,<environment.Job instance at 0x7fcc7a7e82d0>,1,15,[2 7],2,2,17,0,2
1,<environment.Job instance at 0x7fcc81d5f500>,2,16,[9 2],3,17,33,14,9
1,<environment.Job instance at 0x7fcc81c1e410>,15,3,[9 1],16,33,36,17,16
1,<environment.Job instance at 0x7fcc81d62f00>,8,14,[8 3],9,36,50,27,21
1,<environment.Job instance at 0x7fcc81d6c730>,26,25,[3 9],27,55,80,28,55
1,<environment.Job instance at 0x7fcc36ab0c30>,0,22,[2 7],1,1,23,0,1
1,<environment.Job instance at 0x7fcc36ab0780>,1,3,[6 3],2,2,5,0,2
1,<environment.Job instance at 0x7fcc36bbce60>,17,13,[7 4],18,36,49,18,36
1,<environment.Job instance at 0x7fcc36b0fe60>,20,17,[8 5],21,49,66,28,37
1,<environment.Job instance at 0x7fcc36b0fd70>,25,2,[6 2],26,66,68,40,45
1,<environment.Job instance at 0x7fcc36b0fe10>,30,12,[8 4],31,68,80,37,67
1,<environment.Job instance at 0x7fcc36b0f960>,33,18,[1 7],34,80,98,46,69
1,<environment.Job instance at 0x7fcc36fb8280>,4,18,[6 2],5,12,30,7,12
1,<environment.Job instance at 0x7fcc36a831e0>,12,15,[1 8],13,13,28,0,13
1,<environment.Job instance at 0x7fcc36fb85f0>,6,13,[7 5],7,30,43,23,20
1,<environment.Job instance at 0x7fcc37164a00>,16,19,[7 5],17,43,62,26,38
1,<environment.Job instance at 0x7fcc37164cd0>,22,16,[3 7],23,62,78,39,49
1,<environment.Job instance at 0x7fcc36ed4190>,4,13,[6 3],5,18,31,13,18
1,<environment.Job instance at 0x7fcc36eed0f0>,19,1,[6 4],20,31,32,11,21
1,<environment.Job instance at 0x7fcc36eed780>,28,17,[10  3],29,39,56,10,39
1,<environment.Job instance at 0x7fcc36eedc30>,29,18,[1 7],30,56,74,26,46
1,<environment.Job instance at 0x7fcc36eedd20>,33,16,[7 1],34,56,72,22,49
1,<environment.Job instance at 0x7fcc7ab39b90>,2,23,[6 1],3,3,26,0,3
1,<environment.Job instance at 0x7fcc36cb9a50>,10,14,[5 3],11,26,40,15,15
1,<environment.Job instance at 0x7fcc36cb9190>,14,16,[9 4],15,40,56,25,27
1,<environment.Job instance at 0x7fcc36ca2320>,30,15,[9 1],31,56,71,25,43
1,<environment.Job instance at 0x7fcc7aaae3c0>,1,14,[ 1 10],2,2,16,0,2
1,<environment.Job instance at 0x7fcc36ca15a0>,4,13,[7 3],5,16,29,11,8
1,<environment.Job instance at 0x7fcc810f3460>,19,18,[6 4],20,29,47,9,22
1,<environment.Job instance at 0x7fcc7a77d500>,31,19,[4 9],32,47,66,15,43
1,<environment.Job instance at 0x7fcc7a77df00>,35,17,[2 7],36,66,83,30,62
1,<environment.Job instance at 0x7fcc36daf6e0>,1,1,[3 9],2,2,3,0,2
1,<environment.Job instance at 0x7fcc370af1e0>,0,24,[9 2],1,3,27,2,3
1,<environment.Job instance at 0x7fcc81258280>,16,17,[7 4],17,27,44,10,17
1,<environment.Job instance at 0x7fcc8124e1e0>,0,16,[9 2],1,3,19,2,3
1,<environment.Job instance at 0x7fcc7ac7b5f0>,4,15,[5 9],5,19,34,14,5
1,<environment.Job instance at 0x7fcc7ac6c870>,12,17,[1 6],13,34,51,21,23
1,<environment.Job instance at 0x7fcc36c21aa0>,31,14,[5 6],32,61,75,29,61
1,<environment.Job instance at 0x7fcc36d7d5a0>,36,12,[ 2 10],37,75,87,38,65
1,<environment.Job instance at 0x7fcc370d0910>,1,28,[5 4],2,4,32,2,4
1,<environment.Job instance at 0x7fcc8152d0f0>,10,12,[5 1],11,17,29,6,17
1,<environment.Job instance at 0x7fcc3704bb40>,15,18,[5 3],16,29,47,13,20
1,<environment.Job instance at 0x7fcc7a972050>,20,14,[3 5],21,32,46,11,24
1,<environment.Job instance at 0x7fcc7ac2b8c0>,1,17,[9 5],2,2,19,0,2
1,<environment.Job instance at 0x7fcc370a2870>,3,16,[ 3 10],4,19,35,15,6
1,<environment.Job instance at 0x7fcc7ab52b40>,18,2,[5 7],19,35,37,16,32
1,<environment.Job instance at 0x7fcc81594640>,19,16,[10  2],20,37,53,17,37
1,<environment.Job instance at 0x7fcc8158ee60>,29,17,[5 2],30,53,70,23,47
1,<environment.Job instance at 0x7fcc36c91320>,5,14,[1 8],6,53,67,47,50
1,<environment.Job instance at 0x7fcc8158e6e0>,30,24,[4 8],31,67,91,36,67
1,<environment.Job instance at 0x7fcc81524d20>,2,17,[5 4],3,3,20,0,3
1,<environment.Job instance at 0x7fcc81524500>,7,14,[8 3],8,20,34,12,14
1,<environment.Job instance at 0x7fcc813ee370>,20,17,[9 5],21,34,51,13,24
1,<environment.Job instance at 0x7fcc7aceac30>,30,15,[6 4],31,51,66,20,44
1,<environment.Job instance at 0x7fcc7acea0a0>,34,1,[ 2 10],35,66,67,31,47
1,<environment.Job instance at 0x7fcc7a856f50>,35,1,[3 8],36,67,68,31,47
1,<environment.Job instance at 0x7fcc7a856a00>,36,2,[2 9],37,68,70,31,49
1,<environment.Job instance at 0x7fcc36836190>,1,14,[5 5],2,2,16,0,2
1,<environment.Job instance at 0x7fcc36980050>,2,12,[1 6],3,16,28,13,4
1,<environment.Job instance at 0x7fcc36c181e0>,4,18,[6 4],5,16,34,11,5
1,<environment.Job instance at 0x7fcc7a6ff280>,9,2,[3 8],10,34,36,24,11
1,<environment.Job instance at 0x7fcc81432eb0>,15,2,[2 8],16,36,38,20,16
1,<environment.Job instance at 0x7fcc370b13c0>,20,3,[10  5],21,38,41,17,22
1,<environment.Job instance at 0x7fcc81afc050>,18,18,[7 1],19,41,59,22,30
1,<environment.Job instance at 0x7fcc81521d20>,34,23,[4 9],35,59,82,24,57
1,<environment.Job instance at 0x7fcc36f65050>,7,13,[7 1],8,8,21,0,8
1,<environment.Job instance at 0x7fcc7a9ec730>,10,17,[5 4],11,21,38,10,11
1,<environment.Job instance at 0x7fcc371692d0>,22,16,[7 2],23,38,54,15,25
1,<environment.Job instance at 0x7fcc3688cb90>,29,16,[5 9],30,54,70,24,42
1,<environment.Job instance at 0x7fcc3688c190>,37,16,[1 8],38,70,86,32,58
1,<environment.Job instance at 0x7fcc36b52140>,0,13,[5 9],1,1,14,0,1
1,<environment.Job instance at 0x7fcc7a90e5f0>,18,25,[ 2 10],19,30,55,11,30
1,<environment.Job instance at 0x7fcc7a8e7410>,32,12,[7 3],33,62,74,29,62
1,<environment.Job instance at 0x7fcc7a8e40a0>,0,14,[8 3],1,1,15,0,1
1,<environment.Job instance at 0x7fcc7a8e4640>,2,26,[2 7],3,3,29,0,3
1,<environment.Job instance at 0x7fcc7acc12d0>,11,12,[4 9],12,29,41,17,12
1,<environment.Job instance at 0x7fcc7acc1460>,21,2,[3 6],22,41,43,19,29
1,<environment.Job instance at 0x7fcc7acc1fa0>,22,13,[2 6],23,43,56,20,34
1,<environment.Job instance at 0x7fcc7aa3d730>,31,14,[4 8],32,56,70,24,47
1,<environment.Job instance at 0x7fcc810636e0>,37,15,[5 9],38,70,85,32,56
1,<environment.Job instance at 0x7fcc7a976b90>,0,24,[7 3],1,2,26,1,2
1,<environment.Job instance at 0x7fcc81c1a190>,13,14,[6 5],14,26,40,12,14
1,<environment.Job instance at 0x7fcc7abc2cd0>,16,18,[3 5],17,21,39,4,21
1,<environment.Job instance at 0x7fcc7a5e94b0>,23,3,[ 4 10],24,42,45,18,42
1,<environment.Job instance at 0x7fcc3716ecd0>,21,12,[10  4],22,45,57,23,42
1,<environment.Job instance at 0x7fcc36f8b280>,9,2,[5 4],10,13,15,3,13
1,<environment.Job instance at 0x7fcc369a2d20>,6,15,[ 1 10],7,15,30,8,15
1,<environment.Job instance at 0x7fcc36f8be10>,19,1,[9 5],20,30,31,10,20
1,<environment.Job instance at 0x7fcc36f8be60>,20,16,[6 4],21,31,47,10,22
1,<environment.Job instance at 0x7fcc36faad70>,34,14,[9 5],35,47,61,12,36
1,<environment.Job instance at 0x7fcc36faaf50>,33,14,[7 5],34,61,75,27,46
1,<environment.Job instance at 0x7fcc36f7a690>,45,16,[2 9],46,75,91,29,69
1,<environment.Job instance at 0x7fcc7a7bb7d0>,2,27,[10  4],3,4,31,1,4
1,<environment.Job instance at 0x7fcc811531e0>,12,16,[1 7],13,31,47,18,19
1,<environment.Job instance at 0x7fcc370e0640>,22,26,[3 6],23,47,73,24,45
1,<environment.Job instance at 0x7fcc81153e60>,15,19,[5 4],16,62,81,46,62
1,<environment.Job instance at 0x7fcc8142d640>,35,3,[8 3],36,81,84,45,66
1,<environment.Job instance at 0x7fcc7a7bbbe0>,19,13,[8 3],20,21,34,1,21
1,<environment.Job instance at 0x7fcc8155c5f0>,20,14,[2 7],21,21,35,0,21
1,<environment.Job instance at 0x7fcc7a7bb500>,17,18,[ 1 10],18,35,53,17,25
1,<environment.Job instance at 0x7fcc36def910>,23,18,[3 6],24,53,71,29,42
1,<environment.Job instance at 0x7fcc8158ab90>,39,13,[5 8],40,71,84,31,63
1,<environment.Job instance at 0x7fbb6c96e640>,7,21,[3 6],8,9,30,1,9
1,<environment.Job instance at 0x7fbb6c9721e0>,18,16,[5 6],19,30,46,11,19
1,<environment.Job instance at 0x7fbb6c9723c0>,19,18,[8 2],20,46,64,26,36
1,<environment.Job instance at 0x7fbb6c9732d0>,34,16,[7 5],35,69,85,34,69
1,<environment.Job instance at 0x7fbb73ef9fa0>,2,14,[5 1],3,3,17,0,3
1,<environment.Job instance at 0x7fbb73ef9910>,3,13,[5 2],4,6,19,2,6
1,<environment.Job instance at 0x7fbb73ef93c0>,6,16,[4 7],7,17,33,10,7
1,<environment.Job instance at 0x7fbb73eef4b0>,20,23,[7 2],21,37,60,16,37
1,<environment.Job instance at 0x7fbb73eef820>,21,13,[9 1],22,60,73,38,44
1,<environment.Job instance at 0x7fbb28c62690>,0,17,[8 5],1,1,18,0,1
1,<environment.Job instance at 0x7fbb28c5ceb0>,10,12,[8 4],11,18,30,7,11
1,<environment.Job instance at 0x7fbb28cb1d20>,33,23,[5 8],34,76,99,42,76
1,<environment.Job instance at 0x7fbb290c1460>,3,12,[5 7],4,4,16,0,4
1,<environment.Job instance at 0x7fbb290c1b40>,6,13,[2 5],7,16,29,9,9
1,<environment.Job instance at 0x7fbb290c1050>,10,12,[8 3],11,16,28,5,12
1,<environment.Job instance at 0x7fbb290c1910>,11,14,[7 3],12,28,42,16,13
1,<environment.Job instance at 0x7fbb290c1a50>,5,3,[9 3],6,42,45,36,33
1,<environment.Job instance at 0x7fbb290c1190>,14,18,[5 4],15,45,63,30,40
1,<environment.Job instance at 0x7fbb290dbdc0>,23,14,[ 3 10],24,63,77,39,61
1,<environment.Job instance at 0x7fbb290db870>,25,1,[1 8],26,77,78,51,61
1,<environment.Job instance at 0x7fbb290dbc80>,29,13,[ 4 10],30,78,91,48,62
1,<environment.Job instance at 0x7fbb2929d910>,0,17,[5 7],1,1,18,0,1
1,<environment.Job instance at 0x7fbb29057190>,4,12,[2 7],5,18,30,13,5
1,<environment.Job instance at 0x7fbb29069a50>,21,3,[5 3],22,22,25,0,22
1,<environment.Job instance at 0x7fbb29069dc0>,25,12,[7 3],26,32,44,6,32
1,<environment.Job instance at 0x7fbb29075050>,28,1,[6 2],29,44,45,15,32
1,<environment.Job instance at 0x7fbb290750a0>,29,2,[6 5],30,45,47,15,32
1,<environment.Job instance at 0x7fbb290695a0>,16,17,[9 4],17,47,64,30,35
1,<environment.Job instance at 0x7fbb29075f00>,39,16,[7 1],40,64,80,24,51
1,<environment.Job instance at 0x7fbb290720f0>,41,15,[5 2],42,80,95,38,66
1,<environment.Job instance at 0x7fbb6c7f0910>,6,18,[8 1],7,7,25,0,7
1,<environment.Job instance at 0x7fbb6c7f0320>,9,14,[1 8],10,10,24,0,10
1,<environment.Job instance at 0x7fbb6c7f0be0>,12,26,[3 9],13,26,52,13,26
1,<environment.Job instance at 0x7fbb6eef50a0>,24,13,[7 3],25,52,65,27,37
1,<environment.Job instance at 0x7fbb6f407a00>,32,13,[6 3],33,65,78,32,49
1,<environment.Job instance at 0x7fbb6f407c80>,36,16,[3 7],37,61,77,24,61
1,<environment.Job instance at 0x7fbb28bcef50>,44,14,[2 7],45,77,91,32,75
1,<environment.Job instance at 0x7fbb28bce8c0>,45,15,[2 8],46,91,106,45,79
1,<environment.Job instance at 0x7fbb6f509c80>,5,21,[9 1],6,7,28,1,7
1,<environment.Job instance at 0x7fbb28ee4c80>,16,2,[5 3],17,28,30,11,19
1,<environment.Job instance at 0x7fbb28fb6c80>,18,2,[7 3],19,30,32,11,19
1,<environment.Job instance at 0x7fbb6cd31960>,9,14,[3 5],10,28,42,18,22
1,<environment.Job instance at 0x7fbb2915a960>,21,1,[5 9],22,42,43,20,22
1,<environment.Job instance at 0x7fbb6f4baeb0>,24,15,[5 2],25,43,58,18,32
1,<environment.Job instance at 0x7fbb73d9ffa0>,28,13,[10  4],29,58,71,29,43
1,<environment.Job instance at 0x7fbb6cc2b140>,32,13,[8 5],33,71,84,38,69
1,<environment.Job instance at 0x7fbb6cc2b0f0>,33,19,[2 6],34,84,103,50,74
1,<environment.Job instance at 0x7fbb6c98a690>,0,16,[9 2],1,3,19,2,3
1,<environment.Job instance at 0x7fbb28c0e050>,9,2,[5 5],10,19,21,9,11
1,<environment.Job instance at 0x7fbb28c0e550>,11,16,[2 5],12,19,35,7,13
1,<environment.Job instance at 0x7fbb28c0ec80>,20,1,[4 5],21,21,22,0,21
1,<environment.Job instance at 0x7fbb28c0e8c0>,14,14,[1 8],15,35,49,20,27
1,<environment.Job instance at 0x7fbb28bfb870>,31,14,[5 6],32,49,63,17,48
1,<environment.Job instance at 0x7fbb2921cfa0>,6,1,[ 1 10],7,7,8,0,7
1,<environment.Job instance at 0x7fbb6c711eb0>,9,1,[7 2],10,16,17,6,16
1,<environment.Job instance at 0x7fbb6c9770f0>,16,14,[1 7],17,24,38,7,24
1,<environment.Job instance at 0x7fbb29032eb0>,29,15,[9 1],30,74,89,44,74
1,<environment.Job instance at 0x7fbb28ac2cd0>,10,24,[4 8],11,11,35,0,11
1,<environment.Job instance at 0x7fbb6f4fc280>,27,2,[2 9],28,35,37,7,28
1,<environment.Job instance at 0x7fbb28c1f190>,28,18,[3 7],29,37,55,8,29
1,<environment.Job instance at 0x7fbb6cb7f780>,43,16,[2 6],44,78,94,34,78
1,<environment.Job instance at 0x7fbb6ce869b0>,1,15,[5 5],2,2,17,0,2
1,<environment.Job instance at 0x7fbb28cedc80>,12,14,[4 6],13,17,31,4,13
1,<environment.Job instance at 0x7fbb28cedd70>,13,12,[8 4],14,31,43,17,14
1,<environment.Job instance at 0x7fbb28cf5500>,21,2,[1 9],22,43,45,21,24
1,<environment.Job instance at 0x7fbb6c9d7140>,32,18,[2 5],33,54,72,21,54
1,<environment.Job instance at 0x7fbb6c9d7410>,37,27,[ 4 10],38,72,99,34,70
1,<environment.Job instance at 0x7fbb6c9d7820>,1,13,[2 9],2,2,15,0,2
1,<environment.Job instance at 0x7fbb29062550>,12,3,[9 5],13,15,18,2,13
1,<environment.Job instance at 0x7fbb28ef5d20>,4,27,[7 5],5,18,45,13,16
1,<environment.Job instance at 0x7fbb6f41bd20>,20,2,[7 3],21,45,47,24,32
1,<environment.Job instance at 0x7fbb6f41b910>,21,3,[3 7],22,45,48,23,32
1,<environment.Job instance at 0x7fbb6f41bc30>,24,3,[6 5],25,48,51,23,32
1,<environment.Job instance at 0x7fbb6f41b0f0>,23,3,[1 9],24,51,54,27,32
1,<environment.Job instance at 0x7fbb6ca81c80>,35,2,[9 4],36,54,56,18,42
1,<environment.Job instance at 0x7fbb6c72be10>,36,12,[ 1 10],37,56,68,19,42
1,<environment.Job instance at 0x7fbb6cc145a0>,46,17,[10  5],47,68,85,21,66
1,<environment.Job instance at 0x7fbb6cc14fa0>,52,16,[7 2],53,85,101,32,76
1,<environment.Job instance at 0x7fbb6eeb8730>,10,1,[7 5],11,11,12,0,11
1,<environment.Job instance at 0x7fbb6eeb8280>,13,18,[7 4],14,28,46,14,28
1,<environment.Job instance at 0x7fbb6cbf0690>,18,3,[6 5],19,46,49,27,31
1,<environment.Job instance at 0x7fbb6cbf0be0>,11,17,[7 5],12,49,66,37,37
1,<environment.Job instance at 0x7fbb6c9bfeb0>,29,18,[4 9],30,66,84,36,66
1,<environment.Job instance at 0x7fbb6f418eb0>,3,16,[4 9],4,4,20,0,4
1,<environment.Job instance at 0x7fbb2921ccd0>,11,1,[5 6],12,20,21,8,13
1,<environment.Job instance at 0x7fbb2921c960>,6,26,[1 5],7,21,47,14,19
1,<environment.Job instance at 0x7fbb6c7d7140>,24,17,[4 9],25,47,64,22,37
1,<environment.Job instance at 0x7fbb6efc7f50>,30,18,[ 4 10],31,64,82,33,64
1,<environment.Job instance at 0x7fbb28c00fa0>,42,2,[6 1],43,82,84,39,71
1,<environment.Job instance at 0x7fbb28c00460>,43,1,[10  2],44,84,85,40,71
1,<environment.Job instance at 0x7fbb28ad1aa0>,0,24,[7 3],1,3,27,2,3
1,<environment.Job instance at 0x7fbb28c00640>,5,17,[4 9],6,27,44,21,16
1,<environment.Job instance at 0x7fbb6cdf7910>,24,20,[ 4 10],25,44,64,19,35
1,<environment.Job instance at 0x7fbb28a76e10>,5,13,[3 7],6,6,19,0,6
1,<environment.Job instance at 0x7fbb29294cd0>,11,17,[8 3],12,19,36,7,12
1,<environment.Job instance at 0x7fbb28a81960>,19,1,[3 5],20,36,37,16,20
1,<environment.Job instance at 0x7fbb28a81cd0>,25,22,[8 5],26,37,59,11,35
1,<environment.Job instance at 0x7fbb28a816e0>,29,18,[8 2],30,59,77,29,48
1,<environment.Job instance at 0x7fbb28975640>,36,12,[5 7],37,77,89,40,62
1,<environment.Job instance at 0x7fbb28975c30>,2,26,[3 6],3,4,30,1,4
1,<environment.Job instance at 0x7fbb6c934140>,16,16,[5 6],17,30,46,13,20
1,<environment.Job instance at 0x7fbb6c91daa0>,33,2,[5 9],34,66,68,32,66
1,<environment.Job instance at 0x7fbb6cc41a00>,34,13,[4 5],35,70,83,35,70
1,<environment.Job instance at 0x7fbb6cc3da50>,37,28,[1 5],38,71,99,33,71
1,<environment.Job instance at 0x7fbb6cc3dd20>,38,16,[7 3],39,83,99,44,75
1,<environment.Job instance at 0x7fbb6f28f690>,15,16,[10  2],16,18,34,2,18
1,<environment.Job instance at 0x7fbb6cb7b640>,9,13,[5 8],10,34,47,24,18
1,<environment.Job instance at 0x7fbb6c7ab2d0>,20,15,[3 8],21,47,62,26,34
1,<environment.Job instance at 0x7fbb2919eb40>,23,21,[5 1],24,42,63,18,42
1,<environment.Job instance at 0x7fbb28cfaaa0>,29,13,[ 4 10],30,63,76,33,49
1,<environment.Job instance at 0x7fbb290d5550>,32,13,[10  3],33,76,89,43,60
1,<environment.Job instance at 0x7fbb290edaa0>,0,13,[8 1],1,1,14,0,1
1,<environment.Job instance at 0x7fbb290ed280>,2,21,[4 5],3,14,35,11,6
1,<environment.Job instance at 0x7fbb28b362d0>,20,26,[5 6],21,35,61,14,32
1,<environment.Job instance at 0x7fbb6cc38c30>,32,17,[6 4],33,61,78,28,56
1,<environment.Job instance at 0x7fbb28a41460>,35,14,[2 5],36,79,93,43,79
1,<environment.Job instance at 0x7fbb28a41f50>,38,18,[7 5],39,79,97,40,79
1,<environment.Job instance at 0x7fbb6f3a1780>,1,18,[2 8],2,2,20,0,2
1,<environment.Job instance at 0x7fbb28f93730>,5,17,[1 8],6,20,37,14,9
1,<environment.Job instance at 0x7fbb6c9b40a0>,10,18,[9 2],11,20,38,9,11
1,<environment.Job instance at 0x7fbb6c9b4320>,11,24,[8 1],12,38,62,26,33
1,<environment.Job instance at 0x7fbb28f8a730>,27,14,[1 6],28,51,65,23,51
1,<environment.Job instance at 0x7fbb28f8ad20>,29,14,[5 5],30,65,79,35,54
1,<environment.Job instance at 0x7fbb28f955a0>,31,16,[2 5],32,65,81,33,65
1,<environment.Job instance at 0x7fa3f773a370>,4,15,[ 4 10],5,6,21,1,6
1,<environment.Job instance at 0x7fa3f773a9b0>,13,3,[10  3],14,21,24,7,14
1,<environment.Job instance at 0x7fa3f773a690>,7,21,[3 6],8,24,45,16,16
1,<environment.Job instance at 0x7fa3f773e1e0>,18,16,[5 6],19,45,61,26,34
1,<environment.Job instance at 0x7fa3f773eb90>,27,14,[ 1 10],28,61,75,33,54
1,<environment.Job instance at 0x7fa3f773c960>,43,14,[5 6],44,81,95,37,81
1,<environment.Job instance at 0x7fa3fecc1190>,5,15,[5 9],6,6,21,0,6
1,<environment.Job instance at 0x7fa3fecb1f50>,6,25,[3 9],7,21,46,14,17
1,<environment.Job instance at 0x7fa3fecbbf00>,23,18,[7 4],24,46,64,22,43
1,<environment.Job instance at 0x7fa3fecb7820>,35,27,[5 5],36,68,95,32,68
1,<environment.Job instance at 0x7fa3b3a4ceb0>,1,19,[2 5],2,2,21,0,2
1,<environment.Job instance at 0x7fa3b3a4ce10>,4,14,[5 6],5,21,35,16,6
1,<environment.Job instance at 0x7fa3b3a41640>,17,14,[9 5],18,35,49,17,24
1,<environment.Job instance at 0x7fa3b3a41a00>,9,17,[4 5],10,49,66,39,40
1,<environment.Job instance at 0x7fa3b3a0faf0>,22,14,[3 5],23,49,63,26,40
1,<environment.Job instance at 0x7fa3b3a0f910>,28,3,[6 2],29,63,66,34,49
1,<environment.Job instance at 0x7fa3b3a473c0>,31,13,[2 5],32,66,79,34,57
1,<environment.Job instance at 0x7fa3b3a47500>,32,18,[5 3],33,66,84,33,59
1,<environment.Job instance at 0x7fa3b3a47230>,35,3,[5 6],36,79,82,43,71
1,<environment.Job instance at 0x7fa3b3a47730>,36,13,[7 5],37,84,97,47,72
1,<environment.Job instance at 0x7fa3b3a47960>,40,3,[5 7],41,97,100,56,77
1,<environment.Job instance at 0x7fa3b4006640>,2,12,[4 6],3,3,15,0,3
1,<environment.Job instance at 0x7fa3b39d8730>,3,17,[10  3],4,15,32,11,4
1,<environment.Job instance at 0x7fa3b3ed3230>,13,3,[5 8],14,32,35,18,14
1,<environment.Job instance at 0x7fa3b3ed3fa0>,10,1,[9 5],11,35,36,24,15
1,<environment.Job instance at 0x7fa3b3ed3dc0>,8,2,[10  5],9,36,38,27,16
1,<environment.Job instance at 0x7fa3b3ab4460>,17,3,[10  1],18,38,41,20,18
1,<environment.Job instance at 0x7fa3b3ab4e10>,19,1,[7 3],20,41,42,21,20
1,<environment.Job instance at 0x7fa3b3ab4b90>,20,1,[2 5],21,41,42,20,22
1,<environment.Job instance at 0x7fa3b3ed30f0>,6,24,[2 7],7,42,66,35,37
1,<environment.Job instance at 0x7fa3b3ea18c0>,31,16,[8 1],32,42,58,10,37
1,<environment.Job instance at 0x7fa3b406beb0>,38,17,[10  3],39,66,83,27,64
1,<environment.Job instance at 0x7fa3b406b2d0>,39,18,[1 7],40,83,101,43,72
1,<environment.Job instance at 0x7fa3b406be60>,43,16,[7 1],44,83,99,39,73
1,<environment.Job instance at 0x7fa3b406b9b0>,48,13,[5 6],49,101,114,52,89
1,<environment.Job instance at 0x7fa3b3df7640>,1,15,[5 2],2,3,18,1,3
1,<environment.Job instance at 0x7fa3b3e31780>,15,3,[10  3],16,18,21,2,17
1,<environment.Job instance at 0x7fa3b3e31730>,16,2,[3 6],17,21,23,4,21
1,<environment.Job instance at 0x7fa3b3dfb4b0>,3,17,[9 5],4,24,41,20,24
1,<environment.Job instance at 0x7fa3b3e31c80>,22,17,[10  5],23,41,58,18,34
1,<environment.Job instance at 0x7fa3b3e23aa0>,34,3,[10  5],35,58,61,23,57
1,<environment.Job instance at 0x7fa3b3e235a0>,29,16,[3 9],30,61,77,31,61
1,<environment.Job instance at 0x7fa3b3e23d70>,39,17,[9 5],40,77,94,37,72
1,<environment.Job instance at 0x7fa3b3e23b40>,1,19,[4 9],2,2,21,0,2
1,<environment.Job instance at 0x7fa3f9e1d410>,6,18,[1 8],7,21,39,14,11
1,<environment.Job instance at 0x7fa3f9e1d0a0>,9,3,[ 1 10],10,39,42,29,14
1,<environment.Job instance at 0x7fa3f9e1d5a0>,11,1,[1 9],12,42,43,30,20
1,<environment.Job instance at 0x7fa3f9cc1960>,26,13,[7 3],27,43,56,16,33
1,<environment.Job instance at 0x7fa3b39d8870>,35,21,[9 1],36,56,77,20,51
1,<environment.Job instance at 0x7fa3b3d0b780>,43,23,[7 5],44,77,100,33,77
1,<environment.Job instance at 0x7fa3f7b1fb90>,7,16,[4 5],8,9,25,1,9
1,<environment.Job instance at 0x7fa3f7b1f780>,11,14,[6 1],12,14,28,2,14
1,<environment.Job instance at 0x7fa3f7b1f0f0>,9,2,[2 5],10,25,27,15,17
1,<environment.Job instance at 0x7fa3fa2865a0>,15,17,[4 9],16,28,45,12,28
1,<environment.Job instance at 0x7fa3f9d0c690>,18,18,[4 7],19,45,63,26,35
1,<environment.Job instance at 0x7fa3fa260e60>,26,16,[5 5],27,63,79,36,50
1,<environment.Job instance at 0x7fa3b39d8f00>,31,16,[2 5],32,63,79,31,50
1,<environment.Job instance at 0x7fa3f7925f50>,38,14,[8 5],39,79,93,40,76
1,<environment.Job instance at 0x7fa3b3a60aa0>,1,28,[5 4],2,3,31,1,3
1,<environment.Job instance at 0x7fa3b39110a0>,23,17,[8 5],24,48,65,24,48
1,<environment.Job instance at 0x7fa3b39119b0>,31,13,[5 5],32,80,93,48,80
1,<environment.Job instance at 0x7fa3b3911a50>,32,13,[1 6],33,93,106,60,81
1,<environment.Job instance at 0x7fa3b3911af0>,33,14,[9 4],34,93,107,59,82
1,<environment.Job instance at 0x7fa3f784e640>,10,24,[4 8],11,14,38,3,14
1,<environment.Job instance at 0x7fa3f78e6af0>,28,18,[3 7],29,38,56,9,38
1,<environment.Job instance at 0x7fa3f9d67780>,45,27,[9 1],46,67,94,21,67
1,<environment.Job instance at 0x7fa3b398c0f0>,2,14,[4 6],3,3,17,0,3
1,<environment.Job instance at 0x7fa3b398c9b0>,3,12,[8 4],4,17,29,13,6
1,<environment.Job instance at 0x7fa3b398ccd0>,8,12,[9 2],9,29,41,20,12
1,<environment.Job instance at 0x7fa3f7529b40>,21,1,[2 9],22,41,42,19,24
1,<environment.Job instance at 0x7fa3fa126d20>,17,24,[9 1],18,42,66,24,38
1,<environment.Job instance at 0x7fa3f76d1410>,28,1,[ 5 10],29,66,67,37,41
1,<environment.Job instance at 0x7fa3f798c6e0>,27,27,[ 4 10],28,67,94,39,65
1,<environment.Job instance at 0x7fa3f76c5410>,38,14,[ 4 10],39,94,108,55,79
1,<environment.Job instance at 0x7fa3b3e5b3c0>,13,15,[3 7],14,14,29,0,14
1,<environment.Job instance at 0x7fa3b3e5ba50>,17,13,[7 1],18,18,31,0,18
1,<environment.Job instance at 0x7fa3b3e76410>,25,15,[5 1],26,31,46,5,26
1,<environment.Job instance at 0x7fa3b3e769b0>,30,3,[3 5],31,31,34,0,31
1,<environment.Job instance at 0x7fa3b3e767d0>,28,2,[10  1],29,46,48,17,35
1,<environment.Job instance at 0x7fa3b3e43050>,38,16,[8 3],39,48,64,9,48
1,<environment.Job instance at 0x7fa3b3e43550>,44,14,[3 8],45,64,78,19,60
1,<environment.Job instance at 0x7fa3b3e43910>,48,12,[ 3 10],49,78,90,29,77
1,<environment.Job instance at 0x7fa3b3e43b40>,49,13,[ 5 10],50,90,103,40,80
1,<environment.Job instance at 0x7fa3b3e43cd0>,56,1,[6 4],57,103,104,46,87
1,<environment.Job instance at 0x7fa3b3e44320>,59,3,[8 3],60,104,107,44,87
1,<environment.Job instance at 0x7fa3fa02dd20>,10,1,[4 9],11,11,12,0,11
1,<environment.Job instance at 0x7fa3fa02de60>,11,15,[2 5],12,12,27,0,12
1,<environment.Job instance at 0x7fa3fa02deb0>,12,15,[9 1],13,27,42,14,13
1,<environment.Job instance at 0x7fa3b3f67d70>,13,2,[7 2],14,14,16,0,14
1,<environment.Job instance at 0x7fa3b3f67550>,15,23,[ 4 10],16,47,70,31,47
1,<environment.Job instance at 0x7fa3f77586e0>,28,14,[8 3],29,70,84,41,56
1,<environment.Job instance at 0x7fa3b393ae60>,33,3,[5 4],34,89,92,55,89
1,<environment.Job instance at 0x7fa3b3e60aa0>,5,16,[5 2],6,6,22,0,6
1,<environment.Job instance at 0x7fa3b3e60d20>,6,17,[5 4],7,7,24,0,7
1,<environment.Job instance at 0x7fa3f9ee0910>,8,15,[4 5],9,22,37,13,13
1,<environment.Job instance at 0x7fa3f9ee0b40>,14,12,[6 2],15,24,36,9,15
1,<environment.Job instance at 0x7fa3fa1c3280>,19,1,[3 7],20,37,38,17,27
1,<environment.Job instance at 0x7fa3b3df09b0>,23,2,[9 3],24,38,40,14,27
1,<environment.Job instance at 0x7fa3b3df0f00>,24,1,[6 4],25,36,37,11,27
1,<environment.Job instance at 0x7fa3f76b6190>,25,14,[9 2],26,40,54,14,28
1,<environment.Job instance at 0x7fa3b3df0a00>,21,18,[7 3],22,54,72,32,43
1,<environment.Job instance at 0x7fa3b3da12d0>,37,12,[10  4],38,72,84,34,61
1,<environment.Job instance at 0x7fa3b3f54370>,39,2,[9 3],40,84,86,44,67
1,<environment.Job instance at 0x7fa3b3f545f0>,43,17,[8 5],44,86,103,42,75
1,<environment.Job instance at 0x7fa3f79b8c30>,7,18,[8 2],8,11,29,3,11
1,<environment.Job instance at 0x7fa3f79ded70>,17,17,[5 8],18,29,46,11,23
1,<environment.Job instance at 0x7fa3f79d11e0>,22,1,[3 5],23,46,47,23,30
1,<environment.Job instance at 0x7fa3f79c67d0>,24,2,[2 9],25,47,49,22,30
1,<environment.Job instance at 0x7fa3f79cf460>,29,2,[5 4],30,49,51,19,35
1,<environment.Job instance at 0x7fa3f79b04b0>,30,1,[ 4 10],31,51,52,20,36
1,<environment.Job instance at 0x7fa3b3b0e2d0>,31,2,[4 8],32,52,54,20,36
1,<environment.Job instance at 0x7fa3f79cf780>,26,15,[ 1 10],27,54,69,27,41
1,<environment.Job instance at 0x7fa3fa23c460>,41,17,[8 3],42,69,86,27,57
1,<environment.Job instance at 0x7fa3fa23c280>,46,14,[1 6],47,69,83,22,59
1,<environment.Job instance at 0x7fa3b39dafa0>,54,14,[9 5],55,86,100,31,83
1,<environment.Job instance at 0x7fa3f9cd25a0>,2,27,[10  4],3,4,31,1,4
1,<environment.Job instance at 0x7fa3f7548870>,9,15,[8 3],10,31,46,21,17
1,<environment.Job instance at 0x7fa3f79a6960>,24,1,[ 1 10],25,46,47,21,27
1,<environment.Job instance at 0x7fa3f79a6820>,25,3,[10  5],26,47,50,21,27
1,<environment.Job instance at 0x7fa3fa22e8c0>,31,25,[6 5],32,50,75,18,48
1,<environment.Job instance at 0x7fa3b3db3460>,35,3,[8 3],36,75,78,39,54
1,<environment.Job instance at 0x7fa3fa1a2f50>,37,15,[5 7],38,78,93,40,65
1,<environment.Job instance at 0x7fa3b3869870>,47,16,[10  4],48,93,109,45,86
1,<environment.Job instance at 0x7fa3b37cc280>,13,3,[3 7],14,15,18,1,15
1,<environment.Job instance at 0x7fa3f78f15a0>,21,26,[1 7],22,33,59,11,33
1,<environment.Job instance at 0x7fa3f78f1820>,27,15,[6 2],28,60,75,32,60
1,<environment.Job instance at 0x7fa3fa142640>,0,13,[8 1],1,1,14,0,1
1,<environment.Job instance at 0x7fa3f9ef0500>,4,18,[4 7],5,14,32,9,8
1,<environment.Job instance at 0x7fa3b4084fa0>,10,18,[6 2],11,19,37,8,19
1,<environment.Job instance at 0x7fa3f9ef2be0>,23,12,[5 6],24,51,63,27,51
1,<environment.Job instance at 0x7fa3b3da7fa0>,29,14,[9 1],30,67,81,37,67
1,<environment.Job instance at 0x7fa3f9e3fdc0>,32,17,[6 4],33,81,98,48,72
1,<environment.Job instance at 0x7fa3feb6d550>,0,18,[9 2],1,2,20,1,2
1,<environment.Job instance at 0x7fa3b39bc280>,4,16,[5 3],5,20,36,15,15
1,<environment.Job instance at 0x7fa3b3c5f0a0>,13,16,[ 2 10],14,36,52,22,23
1,<environment.Job instance at 0x7fa3fa0457d0>,18,18,[4 5],19,52,70,33,41
1,<environment.Job instance at 0x7fa3f9de9be0>,26,16,[5 2],27,54,70,27,54
1,<environment.Job instance at 0x7fa3f79301e0>,33,12,[8 5],34,83,95,49,83
1,<environment.Job instance at 0x7fa3f79303c0>,36,15,[4 9],37,95,110,58,85
1,<environment.Job instance at 0x7fa3b3ba3370>,5,26,[9 1],6,6,32,0,6
1,<environment.Job instance at 0x7fa3b404fc30>,14,1,[1 8],15,16,17,1,16
1,<environment.Job instance at 0x7fa3b404f910>,19,13,[4 9],20,32,45,12,29
1,<environment.Job instance at 0x7fa3b3baef00>,25,15,[ 5 10],26,52,67,26,52
1,<environment.Job instance at 0x7fa3b3baef50>,26,15,[8 4],27,67,82,40,53
1,<environment.Job instance at 0x7fa3b3b40730>,31,1,[9 1],32,82,83,50,59
1,<environment.Job instance at 0x7fa3b3b40960>,33,14,[5 2],34,83,97,49,78
1,<environment.Job instance at 0x7fa3b3b40e10>,37,13,[4 5],38,83,96,45,79
1,<environment.Job instance at 0x7fa3f7737dc0>,47,17,[ 3 10],48,97,114,49,85
1,<environment.Job instance at 0x7fa3f7737820>,1,16,[2 9],2,2,18,0,2
1,<environment.Job instance at 0x7fa3b37defa0>,3,13,[6 2],4,18,31,14,4
1,<environment.Job instance at 0x7fa3f78e6cd0>,13,12,[10  2],14,31,43,17,16
1,<environment.Job instance at 0x7fa3f750d3c0>,16,17,[10  2],17,43,60,26,33
1,<environment.Job instance at 0x7fa3b408ec80>,31,13,[7 1],32,60,73,28,44
1,<environment.Job instance at 0x7fa3f74fddc0>,40,14,[5 8],41,73,87,32,64
1,<environment.Job instance at 0x7fa3b3ec8320>,50,20,[7 3],51,87,107,36,82
1,<environment.Job instance at 0x7fa3b40b9d20>,56,17,[3 7],57,87,104,30,86
1,<environment.Job instance at 0x7f81dc97a730>,9,3,[10  4],10,10,13,0,10
1,<environment.Job instance at 0x7f81dc97a4b0>,7,21,[3 6],8,13,34,5,10
1,<environment.Job instance at 0x7f81dc97ac80>,16,3,[4 7],17,34,37,17,18
1,<environment.Job instance at 0x7f81dc97baf0>,26,3,[8 1],27,37,40,10,29
1,<environment.Job instance at 0x7f81dc97b500>,22,26,[7 2],23,40,66,17,37
1,<environment.Job instance at 0x7f81dc97e4b0>,36,15,[3 7],37,69,84,32,69
1,<environment.Job instance at 0x7f81dc97e960>,43,14,[5 6],44,84,98,40,70
1,<environment.Job instance at 0x7f81e3f01280>,0,23,[7 2],1,1,24,0,1
1,<environment.Job instance at 0x7f81e3efd460>,11,2,[1 9],12,24,26,12,12
1,<environment.Job instance at 0x7f81e3efdd20>,12,13,[5 1],13,24,37,11,13
1,<environment.Job instance at 0x7f81e3ef1a00>,14,2,[ 5 10],15,37,39,22,17
1,<environment.Job instance at 0x7f81e3ef1f50>,13,18,[7 4],14,39,57,25,32
1,<environment.Job instance at 0x7f81e3f003c0>,29,12,[2 5],30,48,60,18,48
1,<environment.Job instance at 0x7f81e3f00780>,31,1,[7 3],32,57,58,25,53
1,<environment.Job instance at 0x7f81e3ef7960>,37,18,[1 8],38,73,91,35,73
1,<environment.Job instance at 0x7f81e3ef7a00>,40,22,[2 7],41,91,113,50,86
1,<environment.Job instance at 0x7f8198d1fa00>,0,18,[6 2],1,3,21,2,3
1,<environment.Job instance at 0x7f8198d1f640>,5,16,[ 4 10],6,21,37,15,8
1,<environment.Job instance at 0x7f8198d4fb90>,18,1,[2 6],19,19,20,0,19
1,<environment.Job instance at 0x7f8198d4f1e0>,16,13,[7 5],17,37,50,20,21
1,<environment.Job instance at 0x7f8198d579b0>,24,13,[4 6],25,50,63,25,34
1,<environment.Job instance at 0x7f8198d57be0>,25,26,[ 3 10],26,63,89,37,60
1,<environment.Job instance at 0x7f8198c59e60>,33,17,[8 4],34,89,106,55,77
1,<environment.Job instance at 0x7f8198c59dc0>,42,13,[6 1],43,106,119,63,98
1,<environment.Job instance at 0x7f81dcd1f6e0>,1,16,[8 1],2,2,18,0,2
1,<environment.Job instance at 0x7f8198c75960>,4,18,[5 9],5,18,36,13,9
1,<environment.Job instance at 0x7f81c8da5eb0>,18,13,[5 6],19,36,49,17,21
1,<environment.Job instance at 0x7f81990dff00>,29,16,[7 2],30,49,65,19,36
1,<environment.Job instance at 0x7f8198d3df50>,39,13,[7 1],40,65,78,25,63
1,<environment.Job instance at 0x7f8198d3d5a0>,44,2,[5 1],45,78,80,33,63
1,<environment.Job instance at 0x7f8198d3d460>,45,12,[7 3],46,80,92,34,63
1,<environment.Job instance at 0x7f8199069500>,6,18,[8 1],7,8,26,1,8
1,<environment.Job instance at 0x7f8199069910>,9,14,[1 8],10,11,25,1,11
1,<environment.Job instance at 0x7f8199080140>,20,1,[2 7],21,25,26,4,22
1,<environment.Job instance at 0x7f8199080230>,19,25,[6 5],20,32,57,12,32
1,<environment.Job instance at 0x7f8199080a50>,29,1,[5 5],30,57,58,27,36
1,<environment.Job instance at 0x7f8199080c80>,30,13,[4 5],31,36,49,5,36
1,<environment.Job instance at 0x7f8199080cd0>,32,13,[6 3],33,58,71,25,42
1,<environment.Job instance at 0x7f8199064dc0>,45,15,[2 8],46,84,99,38,84
1,<environment.Job instance at 0x7f8199064f50>,49,16,[8 4],50,99,115,49,86
1,<environment.Job instance at 0x7f81e1174460>,12,13,[8 5],13,13,26,0,13
1,<environment.Job instance at 0x7f8199062370>,3,15,[7 2],4,26,41,22,14
1,<environment.Job instance at 0x7f81dc7c5910>,22,24,[4 6],23,45,69,22,45
1,<environment.Job instance at 0x7f81dc7c5730>,27,17,[2 5],28,69,86,41,60
1,<environment.Job instance at 0x7f81dcbb8640>,36,17,[5 6],37,86,103,49,83
1,<environment.Job instance at 0x7f8198f73b90>,38,12,[5 1],39,86,98,47,86
1,<environment.Job instance at 0x7f819900b780>,9,18,[4 8],10,103,121,93,92
1,<environment.Job instance at 0x7f8199254dc0>,5,18,[7 2],6,7,25,1,7
1,<environment.Job instance at 0x7f81e1413550>,13,17,[1 6],14,14,31,0,14
1,<environment.Job instance at 0x7f819903b690>,14,1,[7 1],15,25,26,10,16
1,<environment.Job instance at 0x7f81dc7fbaf0>,16,1,[6 3],17,26,27,9,17
1,<environment.Job instance at 0x7f81dc888d20>,18,17,[9 2],19,27,44,8,22
1,<environment.Job instance at 0x7f8198e58960>,23,13,[5 3],24,44,57,20,28
1,<environment.Job instance at 0x7f81dca87be0>,30,2,[6 2],31,57,59,26,43
1,<environment.Job instance at 0x7f81e1046550>,25,14,[1 6],26,43,57,17,43
1,<environment.Job instance at 0x7f81dca870a0>,32,1,[4 5],33,57,58,24,43
1,<environment.Job instance at 0x7f81dca87a00>,31,28,[5 4],32,59,87,27,58
1,<environment.Job instance at 0x7f81e116f8c0>,43,24,[2 5],44,98,122,54,98
1,<environment.Job instance at 0x7f81dca8aa00>,0,17,[4 9],1,1,18,0,1
1,<environment.Job instance at 0x7f81dc803d70>,9,2,[3 9],10,18,20,8,10
1,<environment.Job instance at 0x7f81dc7e83c0>,14,19,[6 1],15,15,34,0,15
1,<environment.Job instance at 0x7f81dc7e8230>,16,24,[4 9],17,20,44,3,18
1,<environment.Job instance at 0x7f81dc7e8a50>,20,3,[2 6],21,44,47,23,31
1,<environment.Job instance at 0x7f81dc7e8b90>,22,1,[5 5],23,47,48,24,32
1,<environment.Job instance at 0x7f81dc7e8be0>,24,2,[3 8],25,48,50,23,32
1,<environment.Job instance at 0x7f81dc7e8aa0>,25,2,[8 3],26,44,46,18,33
1,<environment.Job instance at 0x7f81dc7e8910>,28,1,[7 4],29,46,47,17,34
1,<environment.Job instance at 0x7f81dc7e8f00>,29,17,[5 2],30,47,64,17,46
1,<environment.Job instance at 0x7f81dc8146e0>,32,21,[9 5],33,64,85,31,58
1,<environment.Job instance at 0x7f81dc7e8960>,19,16,[10  2],20,85,101,65,80
1,<environment.Job instance at 0x7f81dc7e4320>,47,2,[2 9],48,101,103,53,80
1,<environment.Job instance at 0x7f81dc814b40>,41,15,[8 4],42,103,118,61,92
1,<environment.Job instance at 0x7f8198b8c140>,0,15,[6 4],1,1,16,0,1
1,<environment.Job instance at 0x7f8198b8c6e0>,12,14,[4 6],13,15,29,2,15
1,<environment.Job instance at 0x7f81e1633960>,23,14,[5 8],24,29,43,5,25
1,<environment.Job instance at 0x7f81e4e68320>,27,24,[9 1],28,45,69,17,45
1,<environment.Job instance at 0x7f81dc838cd0>,33,16,[7 2],34,73,89,39,73
1,<environment.Job instance at 0x7f8198f4b8c0>,40,16,[3 7],41,86,102,45,86
1,<environment.Job instance at 0x7f81dc9174b0>,41,14,[5 5],42,102,116,60,87
1,<environment.Job instance at 0x7f81dc99af50>,49,2,[3 8],50,116,118,66,99
1,<environment.Job instance at 0x7f81e102df50>,13,15,[3 7],14,14,29,0,14
1,<environment.Job instance at 0x7f81e0f09b90>,16,12,[ 1 10],17,29,41,12,17
1,<environment.Job instance at 0x7f81dc85c5a0>,30,3,[3 5],31,41,44,10,31
1,<environment.Job instance at 0x7f81dc85ca50>,29,13,[ 1 10],30,44,57,14,31
1,<environment.Job instance at 0x7f81992329b0>,37,1,[8 4],38,57,58,19,40
1,<environment.Job instance at 0x7f81dc85c7d0>,27,17,[3 9],28,58,75,30,46
1,<environment.Job instance at 0x7f81e148be10>,39,16,[5 9],40,75,91,35,62
1,<environment.Job instance at 0x7f81e15b5500>,47,16,[1 8],48,91,107,43,78
1,<environment.Job instance at 0x7f81e15b5370>,49,13,[ 5 10],50,107,120,57,92
1,<environment.Job instance at 0x7f81e10fd550>,2,15,[9 1],3,5,20,2,5
1,<environment.Job instance at 0x7f8198f08780>,11,12,[8 1],12,20,32,8,14
1,<environment.Job instance at 0x7f8198f08730>,10,3,[3 5],11,32,35,21,14
1,<environment.Job instance at 0x7f8198f08be0>,15,14,[ 2 10],16,35,49,19,20
1,<environment.Job instance at 0x7f8198f2c690>,27,13,[ 3 10],28,49,62,21,47
1,<environment.Job instance at 0x7f8198f2c960>,29,21,[ 2 10],30,62,83,32,58
1,<environment.Job instance at 0x7f8198f2ce10>,36,3,[9 5],37,83,86,46,70
1,<environment.Job instance at 0x7f8198f382d0>,40,14,[2 6],41,86,100,45,76
1,<environment.Job instance at 0x7f8198f384b0>,43,16,[4 9],44,100,116,56,90
1,<environment.Job instance at 0x7f8198f389b0>,1,18,[7 3],2,3,21,1,3
1,<environment.Job instance at 0x7f8198ff2eb0>,5,14,[9 2],6,21,35,15,7
1,<environment.Job instance at 0x7f81e10c4780>,20,24,[7 3],21,35,59,14,30
1,<environment.Job instance at 0x7f81dca7d9b0>,29,16,[5 5],30,59,75,29,49
1,<environment.Job instance at 0x7f81e1222910>,33,14,[6 5],34,75,89,41,60
1,<environment.Job instance at 0x7f8198d03a00>,35,25,[2 9],36,89,114,53,85
1,<environment.Job instance at 0x7f81e1643c80>,3,17,[8 4],4,9,26,5,9
1,<environment.Job instance at 0x7f8198d84a50>,20,18,[6 1],21,26,44,5,21
1,<environment.Job instance at 0x7f81dcd59be0>,23,14,[7 5],24,44,58,20,31
1,<environment.Job instance at 0x7f81e15336e0>,29,18,[8 2],30,58,76,28,49
1,<environment.Job instance at 0x7f81dcd59730>,28,15,[4 6],29,76,91,47,65
1,<environment.Job instance at 0x7f81e127b280>,41,15,[1 9],42,91,106,49,80
1,<environment.Job instance at 0x7f81e1533a50>,36,12,[5 7],37,106,118,69,89
1,<environment.Job instance at 0x7f81e3dae730>,0,19,[6 1],1,1,20,0,1
1,<environment.Job instance at 0x7f819899b820>,14,13,[4 5],15,15,28,0,15
1,<environment.Job instance at 0x7f8198d07190>,19,13,[8 1],20,28,41,8,21
1,<environment.Job instance at 0x7f8198d070f0>,22,15,[2 8],23,28,43,5,26
1,<environment.Job instance at 0x7f81e10bb410>,28,14,[10  2],29,43,57,14,40
1,<environment.Job instance at 0x7f8198c3afa0>,44,16,[8 5],45,88,104,43,88
1,<environment.Job instance at 0x7f81e10145f0>,48,14,[5 3],49,104,118,55,93
1,<environment.Job instance at 0x7f81e16a90a0>,0,24,[2 6],1,3,27,2,3
1,<environment.Job instance at 0x7f8198def4b0>,10,15,[6 1],11,14,29,3,14
1,<environment.Job instance at 0x7f81990bb640>,21,3,[5 5],22,45,48,23,45
1,<environment.Job instance at 0x7f81dc853460>,18,22,[9 3],19,48,70,29,46
1,<environment.Job instance at 0x7f81dcdd7f00>,2,18,[7 4],3,3,21,0,3
1,<environment.Job instance at 0x7f8198947c30>,7,15,[3 7],8,21,36,13,8
1,<environment.Job instance at 0x7f81e12c5690>,21,18,[2 8],22,36,54,14,26
1,<environment.Job instance at 0x7f81e12c5be0>,25,17,[1 8],26,54,71,28,43
1,<environment.Job instance at 0x7f81e0fa86e0>,30,18,[9 2],31,54,72,23,52
1,<environment.Job instance at 0x7f81e0fa81e0>,32,16,[2 5],33,72,88,39,59
1,<environment.Job instance at 0x7f81e0fa8320>,34,16,[5 3],35,72,88,37,59
1,<environment.Job instance at 0x7f81e0fa8500>,41,18,[1 7],42,88,106,46,77
1,<environment.Job instance at 0x7f81dce20cd0>,0,15,[6 1],1,1,16,0,1
1,<environment.Job instance at 0x7f81dce59780>,4,17,[4 6],5,5,22,0,5
1,<environment.Job instance at 0x7f81dce593c0>,5,18,[6 1],6,16,34,10,6
1,<environment.Job instance at 0x7f81dce598c0>,7,13,[3 7],8,22,35,14,8
1,<environment.Job instance at 0x7f8198e818c0>,23,3,[5 9],24,35,38,11,25
1,<environment.Job instance at 0x7f8198e457d0>,20,17,[3 6],21,38,55,17,26
1,<environment.Job instance at 0x7f8198e4cd20>,30,13,[3 9],31,55,68,24,42
1,<environment.Job instance at 0x7f8198d56550>,38,20,[ 1 10],39,68,88,29,63
1,<environment.Job instance at 0x7f81dc873a00>,43,13,[5 8],44,88,101,44,72
1,<environment.Job instance at 0x7f8198d7ff50>,45,15,[ 5 10],46,101,116,55,88
1,<environment.Job instance at 0x7f8199236dc0>,1,21,[6 3],2,3,24,1,3
1,<environment.Job instance at 0x7f8198f5c500>,9,14,[ 2 10],10,24,38,14,12
1,<environment.Job instance at 0x7f81e0fc8c30>,16,15,[10  5],17,38,53,21,25
1,<environment.Job instance at 0x7f8198fa2320>,23,12,[10  2],24,53,65,29,37
1,<environment.Job instance at 0x7f81dcae6dc0>,31,17,[8 5],32,65,82,33,64
1,<environment.Job instance at 0x7f8199089e60>,17,3,[3 5],18,82,85,64,66
1,<environment.Job instance at 0x7f8198bbeaa0>,40,14,[8 2],41,85,99,44,82
1,<environment.Job instance at 0x7f8198bbe2d0>,42,1,[8 2],43,99,100,56,83
1,<environment.Job instance at 0x7f81dcae6f50>,32,27,[ 2 10],33,100,127,67,98
1,<environment.Job instance at 0x7f81e155ed70>,1,16,[ 4 10],2,2,18,0,2
1,<environment.Job instance at 0x7f8198a8e190>,5,13,[5 5],6,18,31,12,7
1,<environment.Job instance at 0x7f8198c7cd20>,16,15,[4 6],17,31,46,14,21
1,<environment.Job instance at 0x7f8198f49230>,27,12,[2 6],28,46,58,18,36
1,<environment.Job instance at 0x7f81dcd65910>,32,15,[6 4],33,46,61,13,46
1,<environment.Job instance at 0x7f81dcd65410>,35,13,[3 6],36,58,71,22,47
1,<environment.Job instance at 0x7f81e3ef7af0>,39,17,[8 5],40,71,88,31,59
1,<environment.Job instance at 0x7f819895a640>,45,18,[3 5],46,88,106,42,81
1,<environment.Job instance at 0x7f8198c7c640>,17,17,[5 9],18,106,123,88,99
1,<environment.Job instance at 0x7f8198a072d0>,54,1,[7 2],55,99,100,44,99
1,<environment.Job instance at 0x7f8198b7a5f0>,2,12,[9 5],3,3,15,0,3
1,<environment.Job instance at 0x7f81e12fdf00>,5,12,[ 4 10],6,15,27,9,6
1,<environment.Job instance at 0x7f8198e00820>,6,14,[9 2],7,27,41,20,13
1,<environment.Job instance at 0x7f81e142d370>,21,13,[ 4 10],22,41,54,19,25
1,<environment.Job instance at 0x7f81dce5c6e0>,30,14,[9 2],31,54,68,23,39
1,<environment.Job instance at 0x7f8198b97e60>,35,17,[4 7],36,68,85,32,59
1,<environment.Job instance at 0x7f8198b977d0>,39,17,[5 7],40,85,102,45,76
1,<environment.Job instance at 0x7f8198b9b5f0>,46,18,[4 6],47,102,120,55,91
1,<environment.Job instance at 0x7fe15b027370>,4,15,[ 4 10],5,5,20,0,5
1,<environment.Job instance at 0x7fe15b027500>,7,21,[3 6],8,20,41,12,12
1,<environment.Job instance at 0x7fe15b028050>,22,26,[7 2],23,25,51,2,25
1,<environment.Job instance at 0x7fe15b027e60>,16,3,[4 7],17,51,54,34,34
1,<environment.Job instance at 0x7fe15b028910>,30,17,[2 5],31,54,71,23,42
1,<environment.Job instance at 0x7fe15b028c30>,28,24,[3 7],29,71,95,42,66
1,<environment.Job instance at 0x7fe15b02b910>,45,16,[10  5],46,95,111,49,84
1,<environment.Job instance at 0x7fe15b02bdc0>,50,14,[9 4],51,111,125,60,98
1,<environment.Job instance at 0x7fe16245db40>,0,19,[6 4],1,1,20,0,1
1,<environment.Job instance at 0x7fe16245de10>,2,13,[5 1],3,20,33,17,4
1,<environment.Job instance at 0x7fe16259daf0>,9,15,[6 3],10,33,48,23,19
1,<environment.Job instance at 0x7fe1625aabe0>,38,15,[4 9],39,71,86,32,71
1,<environment.Job instance at 0x7fe1625a7cd0>,39,18,[ 4 10],40,86,104,46,78
1,<environment.Job instance at 0x7fe1172d8a00>,5,26,[ 3 10],6,8,34,2,8
1,<environment.Job instance at 0x7fe11739dfa0>,12,16,[3 7],13,34,50,21,21
1,<environment.Job instance at 0x7fe11739d910>,14,15,[3 8],15,50,65,35,36
1,<environment.Job instance at 0x7fe11745cc80>,23,12,[5 7],24,65,77,41,62
1,<environment.Job instance at 0x7fe1176e6410>,5,23,[5 5],6,7,30,1,7
1,<environment.Job instance at 0x7fe11795b0f0>,13,15,[10  2],14,30,45,16,16
1,<environment.Job instance at 0x7fe1177eaa00>,26,1,[7 1],27,45,46,18,27
1,<environment.Job instance at 0x7fe117275550>,29,16,[7 1],30,46,62,16,41
1,<environment.Job instance at 0x7fe117275d70>,36,15,[10  4],37,62,77,25,52
1,<environment.Job instance at 0x7fe1174326e0>,44,16,[4 9],45,78,94,33,78
1,<environment.Job instance at 0x7fe11795d320>,50,15,[9 1],51,94,109,43,84
1,<environment.Job instance at 0x7fe11779ac80>,59,16,[3 9],60,109,125,49,104
1,<environment.Job instance at 0x7fe117712b90>,5,15,[2 8],6,6,21,0,6
1,<environment.Job instance at 0x7fe117712fa0>,9,16,[8 4],10,21,37,11,12
1,<environment.Job instance at 0x7fe117724c30>,25,1,[7 2],26,37,38,11,32
1,<environment.Job instance at 0x7fe1177253c0>,28,1,[5 3],29,38,39,9,34
1,<environment.Job instance at 0x7fe117724b90>,24,12,[1 7],25,37,49,12,34
1,<environment.Job instance at 0x7fe117725780>,33,18,[2 5],34,49,67,15,38
1,<environment.Job instance at 0x7fe117725be0>,34,16,[6 5],35,49,65,14,40
1,<environment.Job instance at 0x7fe117711780>,45,21,[9 1],46,73,94,27,73
1,<environment.Job instance at 0x7fe117711b90>,53,23,[7 5],54,95,118,41,95
1,<environment.Job instance at 0x7fe11722e410>,1,14,[6 1],2,9,23,7,9
1,<environment.Job instance at 0x7fe1173faf50>,16,16,[5 5],17,23,39,6,18
1,<environment.Job instance at 0x7fe11795b870>,21,16,[2 5],22,28,44,6,28
1,<environment.Job instance at 0x7fe11795b0f0>,22,17,[1 6],23,44,61,21,36
1,<environment.Job instance at 0x7fe161f72140>,25,2,[2 5],26,39,41,13,37
1,<environment.Job instance at 0x7fe161f72320>,29,24,[8 1],30,51,75,21,51
1,<environment.Job instance at 0x7fe161f729b0>,35,13,[3 9],36,75,88,39,65
1,<environment.Job instance at 0x7fe15ad926e0>,38,16,[2 6],39,88,104,49,76
1,<environment.Job instance at 0x7fe15ad92960>,41,14,[5 6],42,104,118,62,90
1,<environment.Job instance at 0x7fe161f6d5a0>,45,3,[6 5],46,118,121,72,99
1,<environment.Job instance at 0x7fe161f6d3c0>,1,13,[5 5],2,2,15,0,2
1,<environment.Job instance at 0x7fe161a374b0>,2,13,[1 6],3,15,28,12,3
1,<environment.Job instance at 0x7fe15b134b90>,3,14,[9 4],4,15,29,11,4
1,<environment.Job instance at 0x7fe117737550>,17,15,[ 4 10],18,30,45,12,30
1,<environment.Job instance at 0x7fe161dd3b40>,24,22,[5 2],25,45,67,20,38
1,<environment.Job instance at 0x7fe15af43e60>,27,12,[2 7],28,45,57,17,41
1,<environment.Job instance at 0x7fe1619683c0>,28,24,[5 4],29,62,86,33,62
1,<environment.Job instance at 0x7fe15af5ea00>,43,16,[ 3 10],44,96,112,52,96
1,<environment.Job instance at 0x7fe15af5ec30>,46,18,[5 5],47,112,130,65,101
1,<environment.Job instance at 0x7fe15b105e10>,2,17,[5 4],3,3,20,0,3
1,<environment.Job instance at 0x7fe1175c0f00>,4,2,[8 1],5,20,22,15,5
1,<environment.Job instance at 0x7fe1175c0fa0>,5,14,[9 3],6,22,36,16,7
1,<environment.Job instance at 0x7fe1175e5cd0>,20,17,[9 5],21,36,53,15,30
1,<environment.Job instance at 0x7fe1175e5fa0>,23,1,[10  5],24,53,54,29,31
1,<environment.Job instance at 0x7fe1175e5050>,11,13,[6 4],12,54,67,42,40
1,<environment.Job instance at 0x7fe1175b2960>,48,12,[9 2],49,84,96,35,84
1,<environment.Job instance at 0x7fe1175b2fa0>,53,14,[5 8],54,96,110,42,88
1,<environment.Job instance at 0x7fe1175b2f00>,55,16,[8 5],56,110,126,54,98
1,<environment.Job instance at 0x7fe1175b2dc0>,2,17,[1 9],3,3,20,0,3
1,<environment.Job instance at 0x7fe11793ff00>,4,27,[7 5],5,20,47,15,18
1,<environment.Job instance at 0x7fe161dfd5a0>,26,2,[10  1],27,47,49,20,30
1,<environment.Job instance at 0x7fe15b025870>,27,12,[2 7],28,49,61,21,36
1,<environment.Job instance at 0x7fe1172533c0>,31,1,[2 5],32,37,38,5,37
1,<environment.Job instance at 0x7fe11798f460>,32,2,[6 5],33,61,63,28,37
1,<environment.Job instance at 0x7fe161949e60>,46,17,[10  5],47,65,82,18,65
1,<environment.Job instance at 0x7fe1173330a0>,49,13,[ 1 10],50,82,95,32,66
1,<environment.Job instance at 0x7fe15b3e33c0>,53,15,[5 7],54,95,110,41,83
1,<environment.Job instance at 0x7fe117876d70>,59,16,[5 9],60,110,126,50,101
1,<environment.Job instance at 0x7fe15aee7cd0>,5,3,[5 8],6,9,12,3,9
1,<environment.Job instance at 0x7fe161be2c30>,8,25,[ 2 10],9,12,37,3,9
1,<environment.Job instance at 0x7fe1177aae60>,22,12,[7 3],23,37,49,14,31
1,<environment.Job instance at 0x7fe15b4a7b90>,26,13,[5 9],27,52,65,25,52
1,<environment.Job instance at 0x7fe15b4a7500>,27,13,[8 2],28,65,78,37,54
1,<environment.Job instance at 0x7fe15b401780>,29,13,[2 5],30,65,78,35,54
1,<environment.Job instance at 0x7fe1174eda50>,34,18,[4 6],35,79,97,44,79
1,<environment.Job instance at 0x7fe161d0b0f0>,42,12,[5 5],43,102,114,59,102
1,<environment.Job instance at 0x7fe1179ae7d0>,14,25,[5 4],15,108,133,93,108
1,<environment.Job instance at 0x7fe161d0b5a0>,1,18,[7 3],2,2,20,0,2
1,<environment.Job instance at 0x7fe16198bb40>,7,12,[6 1],8,20,32,12,10
1,<environment.Job instance at 0x7fe16198bf00>,13,22,[2 9],14,20,42,6,14
1,<environment.Job instance at 0x7fe16198bc80>,9,2,[5 5],10,42,44,32,27
1,<environment.Job instance at 0x7fe1619588c0>,21,3,[3 6],22,44,47,22,27
1,<environment.Job instance at 0x7fe161958fa0>,27,3,[9 3],28,47,50,19,42
1,<environment.Job instance at 0x7fe161958730>,20,24,[7 3],21,50,74,29,50
1,<environment.Job instance at 0x7fe1619685a0>,34,12,[8 4],35,74,86,39,66
1,<environment.Job instance at 0x7fe161968a00>,39,2,[5 6],40,86,88,46,83
1,<environment.Job instance at 0x7fe161968370>,35,25,[2 9],36,88,113,52,88
1,<environment.Job instance at 0x7fe161968e60>,1,17,[8 3],2,4,21,2,4
1,<environment.Job instance at 0x7fe117779b40>,4,15,[9 1],5,21,36,16,7
1,<environment.Job instance at 0x7fe11764fe60>,22,25,[4 5],23,38,63,15,38
1,<environment.Job instance at 0x7fe11764f1e0>,26,12,[5 7],27,63,75,36,46
1,<environment.Job instance at 0x7fe15b3d21e0>,30,1,[2 5],31,53,54,22,53
1,<environment.Job instance at 0x7fe15b3d2d20>,31,15,[1 9],32,75,90,43,62
1,<environment.Job instance at 0x7fe161d6d050>,41,15,[9 3],42,90,105,48,84
1,<environment.Job instance at 0x7fe15aee7500>,45,16,[6 5],46,105,121,59,93
1,<environment.Job instance at 0x7fe161d8a910>,2,15,[2 8],3,3,18,0,3
1,<environment.Job instance at 0x7fe15af88dc0>,6,15,[3 9],7,18,33,11,7
1,<environment.Job instance at 0x7fe15b348e60>,13,1,[5 1],14,15,16,1,15
1,<environment.Job instance at 0x7fe15b348050>,18,13,[2 6],19,33,46,14,19
1,<environment.Job instance at 0x7fe161993eb0>,1,13,[7 5],2,2,15,0,2
1,<environment.Job instance at 0x7fe15aecdaa0>,4,15,[10  1],5,15,30,10,5
1,<environment.Job instance at 0x7fe15af05e60>,20,18,[6 2],21,33,51,12,33
1,<environment.Job instance at 0x7fe15af0bd20>,22,14,[1 7],23,33,47,10,33
1,<environment.Job instance at 0x7fe15af0b640>,24,18,[5 7],25,51,69,26,41
1,<environment.Job instance at 0x7fe15af04f50>,30,26,[5 6],31,71,97,40,71
1,<environment.Job instance at 0x7fe15affb140>,1,18,[1 7],2,3,21,1,3
1,<environment.Job instance at 0x7fe117635e10>,8,18,[4 5],9,21,39,12,10
1,<environment.Job instance at 0x7fe15b50f0f0>,19,14,[6 1],20,52,66,32,52
1,<environment.Job instance at 0x7fe15b2d5f50>,24,18,[7 1],25,66,84,41,56
1,<environment.Job instance at 0x7fe117843280>,34,17,[1 5],35,68,85,33,68
1,<environment.Job instance at 0x7fe117843960>,41,18,[5 5],42,93,111,51,93
1,<environment.Job instance at 0x7fe117843550>,44,20,[9 4],45,111,131,66,102
1,<environment.Job instance at 0x7fe117708dc0>,11,3,[1 5],12,12,15,0,12
1,<environment.Job instance at 0x7fe117708730>,13,1,[10  3],14,15,16,1,14
1,<environment.Job instance at 0x7fe117009fa0>,25,15,[9 3],26,38,53,12,38
1,<environment.Job instance at 0x7fe161ce4dc0>,34,13,[5 8],35,79,92,44,79
1,<environment.Job instance at 0x7fe161ce4aa0>,43,12,[6 1],44,92,104,48,91
1,<environment.Job instance at 0x7fe161ce4640>,44,2,[9 2],45,104,106,59,91
1,<environment.Job instance at 0x7fe161ce4d70>,46,1,[2 8],47,92,93,45,92
1,<environment.Job instance at 0x7fe161e08870>,4,12,[6 5],5,5,17,0,5
1,<environment.Job instance at 0x7fe1176e4d70>,6,17,[3 7],7,17,34,10,15
1,<environment.Job instance at 0x7fe1176ed5a0>,21,1,[9 2],22,34,35,12,25
1,<environment.Job instance at 0x7fe11755f2d0>,25,1,[1 8],26,34,35,8,27
1,<environment.Job instance at 0x7fe15b3b3be0>,29,17,[8 1],30,43,60,13,43
1,<environment.Job instance at 0x7fe117798b40>,31,12,[9 5],32,60,72,28,59
1,<environment.Job instance at 0x7fe11779ecd0>,33,16,[5 8],34,72,88,38,63
1,<environment.Job instance at 0x7fe11755efa0>,43,16,[4 6],44,88,104,44,80
1,<environment.Job instance at 0x7fe1619b3af0>,49,25,[1 7],50,104,129,54,102
1,<environment.Job instance at 0x7fe11710af50>,3,24,[ 3 10],4,4,28,0,4
1,<environment.Job instance at 0x7fe117024280>,14,3,[3 8],15,28,31,13,15
1,<environment.Job instance at 0x7fe11710a0a0>,4,23,[4 8],5,31,54,26,28
1,<environment.Job instance at 0x7fe117024fa0>,21,2,[8 4],22,54,56,32,30
1,<environment.Job instance at 0x7fe161b5b320>,26,14,[3 6],27,56,70,29,42
1,<environment.Job instance at 0x7fe15b4bacd0>,11,13,[5 1],12,56,69,44,45
1,<environment.Job instance at 0x7fe11729bc80>,23,24,[1 9],24,70,94,46,67
1,<environment.Job instance at 0x7fe161ce83c0>,45,15,[1 9],46,94,109,48,80
1,<environment.Job instance at 0x7fe1170a2690>,51,13,[ 4 10],52,109,122,57,105
1,<environment.Job instance at 0x7fe117456f50>,57,13,[7 5],58,122,135,64,106
1,<environment.Job instance at 0x7fe1173dce60>,2,17,[6 2],3,3,20,0,3
1,<environment.Job instance at 0x7fe1173dc780>,4,12,[9 3],5,20,32,15,6
1,<environment.Job instance at 0x7fe117629230>,12,14,[8 3],13,32,46,19,17
1,<environment.Job instance at 0x7fe1173dc370>,11,13,[1 8],12,46,59,34,38
1,<environment.Job instance at 0x7fe117629460>,20,15,[10  5],21,59,74,38,46
1,<environment.Job instance at 0x7fe161ebbc80>,28,12,[ 5 10],29,77,89,48,77
1,<environment.Job instance at 0x7fe161ebbc30>,31,2,[2 8],32,89,91,57,87
1,<environment.Job instance at 0x7fe161ebbaf0>,33,14,[9 2],34,91,105,57,87
1,<environment.Job instance at 0x7fe161ebba50>,30,23,[1 7],31,95,118,64,95
1,<environment.Job instance at 0x7fe15adee1e0>,39,15,[10  5],40,118,133,78,106
1,<environment.Job instance at 0x7fe15b494190>,0,13,[9 4],1,1,14,0,1
1,<environment.Job instance at 0x7fe1179c8370>,3,14,[4 8],4,14,28,10,4
1,<environment.Job instance at 0x7fe1619b56e0>,7,16,[9 1],8,28,44,20,16
1,<environment.Job instance at 0x7fe15ae91190>,21,17,[1 8],22,28,45,6,22
1,<environment.Job instance at 0x7fe15ae91370>,28,13,[7 1],29,44,57,15,34
1,<environment.Job instance at 0x7fe15ae91aa0>,29,18,[2 6],30,45,63,15,44
1,<environment.Job instance at 0x7fe15ae91dc0>,31,13,[5 8],32,63,76,31,48
1,<environment.Job instance at 0x7fe161e52c30>,38,13,[2 8],39,76,89,37,61
1,<environment.Job instance at 0x7fe161e286e0>,44,18,[8 4],45,89,107,44,78
1,<environment.Job instance at 0x7fe161e2a280>,49,19,[9 5],50,107,126,57,97
1,<environment.Job instance at 0x7fe161e331e0>,60,2,[9 2],61,126,128,65,109
1,<environment.Job instance at 0x7f0cf1b78370>,4,15,[ 4 10],5,5,20,0,5
1,<environment.Job instance at 0x7f0cf1b78960>,13,3,[10  3],14,20,23,6,14
1,<environment.Job instance at 0x7f0cf1b78a00>,12,1,[7 2],13,23,24,10,14
1,<environment.Job instance at 0x7f0cf1b78e60>,16,3,[4 7],17,24,27,7,17
1,<environment.Job instance at 0x7f0cf1b7c190>,18,16,[5 6],19,27,43,8,20
1,<environment.Job instance at 0x7f0cf1b7c870>,25,15,[9 2],26,43,58,17,30
1,<environment.Job instance at 0x7f0cf1b7cfa0>,31,13,[6 4],32,58,71,26,43
1,<environment.Job instance at 0x7f0cf1b7d1e0>,36,15,[3 7],37,71,86,34,69
1,<environment.Job instance at 0x7f0cf1b7d8c0>,43,14,[5 6],44,86,100,42,71
1,<environment.Job instance at 0x7f0cf1b7d320>,37,20,[6 3],38,100,120,62,99
1,<environment.Job instance at 0x7f0cf1b80140>,53,17,[9 2],54,120,137,66,108
1,<environment.Job instance at 0x7f0cf90fb0a0>,5,27,[5 5],6,6,33,0,6
1,<environment.Job instance at 0x7f0cf90fbd70>,8,14,[5 5],9,11,25,2,11
1,<environment.Job instance at 0x7f0cf90fe1e0>,22,13,[10  4],23,33,46,10,31
1,<environment.Job instance at 0x7f0cf90fef50>,23,17,[4 6],24,46,63,22,40
1,<environment.Job instance at 0x7f0cf90feaf0>,26,18,[3 6],27,63,81,36,53
1,<environment.Job instance at 0x7f0cf90f9140>,33,16,[2 7],34,81,97,47,74
1,<environment.Job instance at 0x7f0cf90f5500>,39,14,[ 5 10],40,97,111,57,82
1,<environment.Job instance at 0x7f0cf8faf410>,47,13,[ 4 10],48,111,124,63,96
1,<environment.Job instance at 0x7f0cf8fafdc0>,52,13,[1 5],53,124,137,71,109
1,<environment.Job instance at 0x7f0cade215f0>,6,13,[2 5],7,8,21,1,8
1,<environment.Job instance at 0x7f0caddd46e0>,21,1,[7 5],22,44,45,22,44
1,<environment.Job instance at 0x7f0caddd4a00>,20,26,[3 9],21,48,74,27,48
1,<environment.Job instance at 0x7f0cf193f780>,34,14,[9 4],35,93,107,58,93
1,<environment.Job instance at 0x7f0cf66a63c0>,1,15,[5 2],2,2,17,0,2
1,<environment.Job instance at 0x7f0cf1c990a0>,6,15,[10  4],7,17,32,10,8
1,<environment.Job instance at 0x7f0cf1bb0dc0>,8,17,[5 8],9,32,49,23,21
1,<environment.Job instance at 0x7f0cf1be6e10>,20,15,[9 1],21,49,64,28,35
1,<environment.Job instance at 0x7f0cadf10dc0>,28,2,[2 8],29,64,66,35,44
1,<environment.Job instance at 0x7f0cf1be27d0>,33,2,[7 5],34,66,68,32,48
1,<environment.Job instance at 0x7f0cadf1bb90>,34,3,[10  5],35,68,71,33,51
1,<environment.Job instance at 0x7f0cadf9a910>,36,17,[8 4],37,71,88,34,59
1,<environment.Job instance at 0x7f0cadf00820>,44,2,[9 1],45,88,90,43,87
1,<environment.Job instance at 0x7f0cae2c5fa0>,46,18,[8 1],47,90,108,43,87
1,<environment.Job instance at 0x7f0cf1cc7eb0>,52,26,[3 9],53,108,134,55,106
1,<environment.Job instance at 0x7f0cf1964e60>,5,21,[9 1],6,7,28,1,7
1,<environment.Job instance at 0x7f0cf1fcccd0>,9,14,[3 5],10,28,42,18,13
1,<environment.Job instance at 0x7f0cf1a01e10>,15,16,[7 1],16,28,44,12,20
1,<environment.Job instance at 0x7f0cf1a15c80>,26,17,[7 4],27,44,61,17,39
1,<environment.Job instance at 0x7f0cf1a15140>,33,19,[2 6],34,72,91,38,72
1,<environment.Job instance at 0x7f0cf19f28c0>,41,17,[7 2],42,80,97,38,80
1,<environment.Job instance at 0x7f0cf19ea5f0>,48,16,[1 7],49,101,117,52,101
1,<environment.Job instance at 0x7f0cae45a0a0>,5,18,[7 2],6,7,25,1,7
1,<environment.Job instance at 0x7f0cae45a050>,13,17,[1 6],14,15,32,1,15
1,<environment.Job instance at 0x7f0cf66ad7d0>,19,1,[1 6],20,32,33,12,20
1,<environment.Job instance at 0x7f0cf66adaa0>,20,12,[10  1],21,33,45,12,21
1,<environment.Job instance at 0x7f0cf6609460>,26,12,[7 3],27,45,57,18,29
1,<environment.Job instance at 0x7f0cf66092d0>,30,2,[6 2],31,31,33,0,31
1,<environment.Job instance at 0x7f0cf6609050>,32,1,[4 5],33,57,58,24,39
1,<environment.Job instance at 0x7f0cf66097d0>,34,13,[9 5],35,58,71,23,42
1,<environment.Job instance at 0x7f0cf660b5a0>,42,1,[3 5],43,87,88,44,87
1,<environment.Job instance at 0x7f0cf652b0a0>,50,14,[3 5],51,112,126,61,112
1,<environment.Job instance at 0x7f0cf652b280>,52,19,[3 8],53,126,145,73,116
1,<environment.Job instance at 0x7f0cae36b460>,10,24,[4 8],11,13,37,2,13
1,<environment.Job instance at 0x7f0cae0e2b40>,17,19,[5 1],18,18,37,0,18
1,<environment.Job instance at 0x7f0cf1a885f0>,24,1,[2 6],25,37,38,12,25
1,<environment.Job instance at 0x7f0cf61bbd70>,28,18,[3 7],29,38,56,9,29
1,<environment.Job instance at 0x7f0cf62b45a0>,36,16,[3 9],37,56,72,19,44
1,<environment.Job instance at 0x7f0cae2aecd0>,45,27,[9 1],46,72,99,26,70
1,<environment.Job instance at 0x7f0cf1db68c0>,58,16,[4 5],59,99,115,40,87
1,<environment.Job instance at 0x7f0cf1f63d70>,1,14,[5 5],2,2,16,0,2
1,<environment.Job instance at 0x7f0cf683e410>,2,12,[1 6],3,16,28,13,3
1,<environment.Job instance at 0x7f0cf67693c0>,3,13,[6 3],4,16,29,12,4
1,<environment.Job instance at 0x7f0cae15ffa0>,13,14,[1 5],14,28,42,14,14
1,<environment.Job instance at 0x7f0cae171960>,24,17,[9 4],25,34,51,9,34
1,<environment.Job instance at 0x7f0cae171d70>,27,17,[8 2],28,51,68,23,43
1,<environment.Job instance at 0x7f0cae171640>,19,14,[5 7],20,68,82,48,62
1,<environment.Job instance at 0x7f0cae152550>,36,3,[4 6],37,82,85,45,62
1,<environment.Job instance at 0x7f0cae152f50>,44,27,[7 5],45,90,117,45,90
1,<environment.Job instance at 0x7f0cae17c820>,56,21,[6 3],57,117,138,60,117
1,<environment.Job instance at 0x7f0cadf107d0>,12,14,[7 5],13,17,31,4,17
1,<environment.Job instance at 0x7f0cf90fc690>,19,25,[10  2],20,32,57,12,32
1,<environment.Job instance at 0x7f0cade0f050>,37,12,[8 2],38,82,94,44,82
1,<environment.Job instance at 0x7f0cae457140>,42,15,[9 1],43,108,123,65,108
1,<environment.Job instance at 0x7f0cf6656910>,5,16,[5 2],6,6,22,0,6
1,<environment.Job instance at 0x7f0cf1a22690>,6,17,[5 4],7,8,25,1,8
1,<environment.Job instance at 0x7f0cf19b56e0>,30,17,[7 2],31,39,56,8,39
1,<environment.Job instance at 0x7f0cf66a52d0>,33,22,[2 9],34,56,78,22,56
1,<environment.Job instance at 0x7f0cf8c8ad70>,40,24,[7 3],41,78,102,37,75
1,<environment.Job instance at 0x7f0cae31c410>,52,15,[8 5],53,114,129,61,114
1,<environment.Job instance at 0x7f0cf2015a50>,54,12,[8 4],55,129,141,74,114
1,<environment.Job instance at 0x7f0cf1b818c0>,3,17,[8 4],4,6,23,2,6
1,<environment.Job instance at 0x7f0cf65520a0>,8,17,[1 9],9,23,40,14,11
1,<environment.Job instance at 0x7f0cf65525f0>,11,17,[8 3],12,40,57,28,35
1,<environment.Job instance at 0x7f0cf652c640>,28,15,[4 6],29,57,72,28,55
1,<environment.Job instance at 0x7f0cf652c780>,32,25,[4 5],33,72,97,39,69
1,<environment.Job instance at 0x7f0cf652ce10>,39,14,[1 9],40,97,111,57,82
1,<environment.Job instance at 0x7f0cf652d7d0>,50,17,[5 2],51,111,128,60,110
1,<environment.Job instance at 0x7f0cf652d320>,1,17,[10  4],2,2,19,0,2
1,<environment.Job instance at 0x7f0cf65b5af0>,6,15,[3 9],7,19,34,12,8
1,<environment.Job instance at 0x7f0cf1ea4410>,13,1,[5 1],14,19,20,5,15
1,<environment.Job instance at 0x7f0cf1ea4460>,12,3,[1 6],13,34,37,21,15
1,<environment.Job instance at 0x7f0cf1a0f690>,33,18,[3 6],34,45,63,11,45
1,<environment.Job instance at 0x7f0cf206c690>,51,26,[1 7],52,115,141,63,115
1,<environment.Job instance at 0x7f0cf66fe370>,4,18,[4 7],5,7,25,2,7
1,<environment.Job instance at 0x7f0cf66fec80>,7,17,[9 4],8,25,42,17,14
1,<environment.Job instance at 0x7f0cf200a0f0>,19,14,[2 6],20,42,56,22,34
1,<environment.Job instance at 0x7f0cf200a460>,21,1,[5 8],22,56,57,34,37
1,<environment.Job instance at 0x7f0cf1a1f0a0>,25,1,[8 3],26,42,43,16,42
1,<environment.Job instance at 0x7f0cf1a1f640>,23,12,[5 6],24,57,69,33,42
1,<environment.Job instance at 0x7f0cf622f780>,38,18,[7 5],39,97,115,58,97
1,<environment.Job instance at 0x7f0cf68a00f0>,0,14,[6 1],1,1,15,0,1
1,<environment.Job instance at 0x7f0cf1ce7c30>,2,22,[3 9],3,4,26,1,4
1,<environment.Job instance at 0x7f0cf193b910>,13,12,[5 5],14,26,38,12,14
1,<environment.Job instance at 0x7f0cf193b320>,11,3,[1 5],12,26,29,14,15
1,<environment.Job instance at 0x7f0cf6623280>,10,1,[8 1],11,38,39,27,26
1,<environment.Job instance at 0x7f0cf192d500>,19,12,[1 5],20,29,41,9,26
1,<environment.Job instance at 0x7f0cf6623be0>,7,22,[9 3],8,39,61,31,32
1,<environment.Job instance at 0x7f0cadba3410>,29,18,[8 3],30,61,79,31,55
1,<environment.Job instance at 0x7f0cf657f780>,37,14,[9 4],38,79,93,41,66
1,<environment.Job instance at 0x7f0cae1c2be0>,40,15,[6 1],41,93,108,52,81
1,<environment.Job instance at 0x7f0cf1ea2050>,45,18,[6 1],46,108,126,62,97
1,<environment.Job instance at 0x7f0cae51f690>,6,21,[3 8],7,15,36,8,15
1,<environment.Job instance at 0x7f0cf1f2fa00>,15,2,[5 3],16,36,38,20,17
1,<environment.Job instance at 0x7f0cf8ec5c30>,17,3,[3 6],18,36,39,18,18
1,<environment.Job instance at 0x7f0cae49ee10>,30,16,[5 8],31,46,62,15,46
1,<environment.Job instance at 0x7f0cf1ec73c0>,34,1,[4 5],35,62,63,27,46
1,<environment.Job instance at 0x7f0cf1ec7be0>,36,15,[10  5],37,63,78,26,59
1,<environment.Job instance at 0x7f0cf196fbe0>,51,17,[8 5],52,87,104,35,87
1,<environment.Job instance at 0x7f0cf1ec7550>,38,17,[7 3],39,104,121,65,96
1,<environment.Job instance at 0x7f0cf62e55a0>,54,1,[ 1 10],55,121,122,66,96
1,<environment.Job instance at 0x7f0cade26190>,1,16,[ 4 10],2,2,18,0,2
1,<environment.Job instance at 0x7f0cadb7b780>,5,13,[5 5],6,18,31,12,6
1,<environment.Job instance at 0x7f0cadb7b6e0>,16,15,[4 6],17,31,46,14,18
1,<environment.Job instance at 0x7f0cf1b78500>,30,14,[6 2],31,47,61,16,47
1,<environment.Job instance at 0x7f0cadbf7fa0>,32,15,[6 4],33,61,76,28,47
1,<environment.Job instance at 0x7f0cadbf7c30>,39,17,[8 5],40,76,93,36,71
1,<environment.Job instance at 0x7f0cadb75a00>,44,21,[5 7],45,93,114,48,85
1,<environment.Job instance at 0x7f0cadb75190>,53,3,[7 4],54,114,117,60,112
1,<environment.Job instance at 0x7f0cadb752d0>,52,14,[6 1],53,117,131,64,116
1,<environment.Job instance at 0x7f0cadbe7690>,60,13,[7 1],61,131,144,70,117
1,<environment.Job instance at 0x7f0cf6467be0>,3,18,[2 8],4,4,22,0,4
1,<environment.Job instance at 0x7f0cae3d61e0>,5,13,[6 3],6,22,35,16,7
1,<environment.Job instance at 0x7f0cae3d1370>,20,13,[5 5],21,35,48,14,23
1,<environment.Job instance at 0x7f0cae3d1960>,18,14,[4 6],19,48,62,29,33
1,<environment.Job instance at 0x7f0cae3be780>,28,16,[5 4],29,43,59,14,43
1,<environment.Job instance at 0x7f0cae3583c0>,33,27,[1 6],34,62,89,28,60
1,<environment.Job instance at 0x7f0cae53c140>,37,18,[9 2],38,62,80,24,62
1,<environment.Job instance at 0x7f0cae378c80>,46,14,[2 7],47,89,103,42,89
1,<environment.Job instance at 0x7f0cae378b90>,48,16,[8 1],49,90,106,41,90
1,<environment.Job instance at 0x7f0cae348780>,52,17,[10  4],53,106,123,53,94
1,<environment.Job instance at 0x7f0cae3489b0>,58,15,[7 5],59,123,138,64,111
1,<environment.Job instance at 0x7f0cae14be10>,0,15,[9 1],1,2,17,1,2
1,<environment.Job instance at 0x7f0cadbf2d20>,15,15,[2 7],16,27,42,11,27
1,<environment.Job instance at 0x7f0cadc5b640>,24,17,[1 8],25,54,71,29,54
1,<environment.Job instance at 0x7f0cadc5beb0>,26,12,[1 6],27,71,83,44,64
1,<environment.Job instance at 0x7f0cf642cd20>,30,15,[10  3],31,83,98,52,69
1,<environment.Job instance at 0x7f0cf659b780>,39,1,[6 5],40,98,99,58,89
1,<environment.Job instance at 0x7f0cf659beb0>,40,2,[10  1],41,99,101,58,89
1,<environment.Job instance at 0x7f0cf659bf50>,41,12,[5 4],42,101,113,59,95
1,<environment.Job instance at 0x7f0cadc06dc0>,43,15,[1 6],44,101,116,57,97
1,<environment.Job instance at 0x7f0cadc06370>,48,18,[9 5],49,116,134,67,105
1,<environment.Job instance at 0x7f0cadd5efa0>,3,15,[7 4],4,5,20,1,5
1,<environment.Job instance at 0x7f0cade4d140>,11,19,[10  2],12,20,39,8,13
1,<environment.Job instance at 0x7f0cade4db90>,13,15,[8 2],14,39,54,25,28
1,<environment.Job instance at 0x7f0cf62346e0>,35,18,[6 1],36,54,72,18,46
1,<environment.Job instance at 0x7f0cae02e050>,39,14,[8 2],40,72,86,32,58
1,<environment.Job instance at 0x7f0cf20a06e0>,54,2,[5 4],55,108,110,53,108
1,<environment.Job instance at 0x7f0cf20a05a0>,57,1,[7 1],58,110,111,52,110
1,<environment.Job instance at 0x7f0cae1f4a50>,60,15,[4 6],61,115,130,54,115
1,<environment.Job instance at 0x7f0cae1f4870>,62,12,[2 8],63,130,142,67,115
1,<environment.Job instance at 0x7f0cadb96780>,9,1,[5 1],10,10,11,0,10
1,<environment.Job instance at 0x7f0cada849b0>,13,2,[8 5],14,15,17,1,15
1,<environment.Job instance at 0x7f0cf8fd8690>,15,13,[10  3],16,17,30,1,16
1,<environment.Job instance at 0x7f0cf2055a50>,29,15,[9 3],30,54,69,24,54
1,<environment.Job instance at 0x7f0cf2055280>,30,15,[ 3 10],31,69,84,38,55
1,<environment.Job instance at 0x7f0cf1aa3820>,36,16,[9 2],37,84,100,47,71
1,<environment.Job instance at 0x7f0cf1aa32d0>,42,16,[5 5],43,100,116,57,87
1,<environment.Job instance at 0x7f0cf6323730>,46,16,[5 4],47,100,116,53,87
1,<environment.Job instance at 0x7f0cf6323140>,49,21,[4 9],50,116,137,66,109
1,<environment.Job instance at 0x7fb3378a2370>,4,15,[ 4 10],5,5,20,0,5
1,<environment.Job instance at 0x7fb3378a2730>,9,3,[10  4],10,20,23,10,10
1,<environment.Job instance at 0x7fb3378a2500>,7,21,[3 6],8,23,44,15,15
1,<environment.Job instance at 0x7fb3378a2b90>,12,1,[7 2],13,23,24,10,21
1,<environment.Job instance at 0x7fb3378a6780>,23,1,[8 3],24,44,45,20,25
1,<environment.Job instance at 0x7fb3378a60f0>,18,16,[5 6],19,45,61,26,32
1,<environment.Job instance at 0x7fb3378a6f00>,31,13,[6 4],32,61,74,29,46
1,<environment.Job instance at 0x7fb3378a3410>,35,3,[8 1],36,74,77,38,64
1,<environment.Job instance at 0x7fb3378a34b0>,36,15,[3 7],37,77,92,40,71
1,<environment.Job instance at 0x7fb3378a3550>,37,20,[6 3],38,77,97,39,71
1,<environment.Job instance at 0x7fb3378a3c30>,45,16,[10  5],46,97,113,51,86
1,<environment.Job instance at 0x7fb3378a3f00>,50,14,[9 4],51,113,127,62,100
1,<environment.Job instance at 0x7fb3378a9550>,58,2,[9 5],59,128,130,69,128
1,<environment.Job instance at 0x7fb3378a95f0>,59,3,[3 8],60,130,133,70,128
1,<environment.Job instance at 0x7fb33ee21d70>,8,14,[1 8],9,9,23,0,9
1,<environment.Job instance at 0x7fb33ee285f0>,14,18,[6 4],15,23,41,8,17
1,<environment.Job instance at 0x7fb33ee283c0>,16,18,[3 6],17,23,41,6,17
1,<environment.Job instance at 0x7fb33ee219b0>,10,22,[2 7],11,41,63,30,35
1,<environment.Job instance at 0x7fb33ee26a00>,24,17,[3 5],25,63,80,38,56
1,<environment.Job instance at 0x7fb33ee26370>,31,18,[5 5],32,66,84,34,66
1,<environment.Job instance at 0x7fb33ecdbbe0>,42,13,[1 5],43,86,99,43,86
1,<environment.Job instance at 0x7fb33ecdb190>,43,18,[1 7],44,99,117,55,88
1,<environment.Job instance at 0x7fb33ecdba00>,47,14,[2 8],48,117,131,69,102
1,<environment.Job instance at 0x7fb2f3c38d70>,8,2,[8 1],9,10,12,1,10
1,<environment.Job instance at 0x7fb2f3b2c190>,7,15,[2 9],8,12,27,4,12
1,<environment.Job instance at 0x7fb2f3b37b90>,13,17,[10  3],14,27,44,13,15
1,<environment.Job instance at 0x7fb2f3bcc820>,19,12,[9 5],20,44,56,24,36
1,<environment.Job instance at 0x7fb337d1a550>,28,18,[8 2],29,56,74,27,47
1,<environment.Job instance at 0x7fb2f3b9dd70>,38,14,[2 8],39,63,77,24,63
1,<environment.Job instance at 0x7fb2f3ba3280>,41,16,[8 1],42,74,90,32,65
1,<environment.Job instance at 0x7fb2f3ba3d20>,44,18,[5 9],45,90,108,45,87
1,<environment.Job instance at 0x7fb3379243c0>,5,15,[ 3 10],6,6,21,0,6
1,<environment.Job instance at 0x7fb337924e60>,6,17,[8 4],7,21,38,14,10
1,<environment.Job instance at 0x7fb3378f84b0>,22,26,[3 9],23,38,64,15,36
1,<environment.Job instance at 0x7fb2f3c81370>,26,3,[8 4],27,64,67,37,45
1,<environment.Job instance at 0x7fb2f3c7c820>,28,15,[7 4],29,67,82,38,53
1,<environment.Job instance at 0x7fb2f3cc5e10>,35,2,[9 1],36,82,84,46,69
1,<environment.Job instance at 0x7fb2f3cc5f00>,36,2,[5 5],37,84,86,47,69
1,<environment.Job instance at 0x7fb2f3b47af0>,37,1,[8 1],38,86,87,48,69
1,<environment.Job instance at 0x7fb2f3b47cd0>,39,1,[5 5],40,84,85,44,69
1,<environment.Job instance at 0x7fb2f3b47e10>,41,3,[4 7],42,87,90,45,74
1,<environment.Job instance at 0x7fb2f3b47aa0>,42,13,[6 3],43,87,100,44,77
1,<environment.Job instance at 0x7fb33ee2c500>,46,16,[3 7],47,90,106,43,90
1,<environment.Job instance at 0x7fb2f3b47780>,43,18,[9 1],44,106,124,62,95
1,<environment.Job instance at 0x7fb2f4046870>,53,3,[ 4 10],54,124,127,70,100
1,<environment.Job instance at 0x7fb2f3c83e60>,2,24,[4 6],3,5,29,2,5
1,<environment.Job instance at 0x7fb3377260f0>,15,14,[6 4],16,18,32,2,18
1,<environment.Job instance at 0x7fb33782de10>,16,17,[5 6],17,32,49,15,27
1,<environment.Job instance at 0x7fb33771cb40>,23,1,[7 5],24,49,50,25,27
1,<environment.Job instance at 0x7fb33771cbe0>,24,3,[3 9],25,50,53,25,27
1,<environment.Job instance at 0x7fb33771c280>,26,2,[ 1 10],27,53,55,26,36
1,<environment.Job instance at 0x7fb337718280>,27,16,[4 5],28,55,71,27,43
1,<environment.Job instance at 0x7fb337716eb0>,36,1,[3 6],37,71,72,34,63
1,<environment.Job instance at 0x7fb337716910>,37,18,[3 6],38,72,90,34,64
1,<environment.Job instance at 0x7fb337716050>,39,12,[2 8],40,90,102,50,75
1,<environment.Job instance at 0x7fb337722be0>,49,2,[5 5],50,102,104,52,97
1,<environment.Job instance at 0x7fb33770ee10>,50,2,[6 4],51,104,106,53,97
1,<environment.Job instance at 0x7fb33770ec80>,51,16,[2 5],52,102,118,50,100
1,<environment.Job instance at 0x7fb33770e640>,55,2,[2 5],56,112,114,56,112
1,<environment.Job instance at 0x7fb337730dc0>,17,17,[7 3],18,114,131,96,112
1,<environment.Job instance at 0x7fb33bf49370>,9,18,[2 7],10,118,136,108,112
1,<environment.Job instance at 0x7fb33772c690>,56,2,[10  3],57,136,138,79,113
1,<environment.Job instance at 0x7fb33770ac80>,62,17,[10  2],63,138,155,75,126
1,<environment.Job instance at 0x7fb33c340730>,2,19,[3 8],3,3,22,0,3
1,<environment.Job instance at 0x7fb33c3406e0>,6,14,[1 7],7,22,36,15,9
1,<environment.Job instance at 0x7fb33c3404b0>,13,14,[9 4],14,36,50,22,21
1,<environment.Job instance at 0x7fb337760190>,22,16,[4 7],23,50,66,27,44
1,<environment.Job instance at 0x7fb2f3fe2d70>,29,16,[10  5],30,77,93,47,77
1,<environment.Job instance at 0x7fb2f3fe2dc0>,36,16,[4 5],37,94,110,57,94
1,<environment.Job instance at 0x7fb2f3fe22d0>,38,24,[5 4],39,97,121,58,97
1,<environment.Job instance at 0x7fb33776ca00>,47,2,[4 7],48,121,123,73,114
1,<environment.Job instance at 0x7fb33776c410>,49,1,[5 1],50,115,116,65,115
1,<environment.Job instance at 0x7fb33776ceb0>,50,17,[4 9],51,123,140,72,117
1,<environment.Job instance at 0x7fb33be5b8c0>,9,17,[6 3],10,15,32,5,15
1,<environment.Job instance at 0x7fb337b67a00>,13,1,[10  5],14,32,33,18,15
1,<environment.Job instance at 0x7fb3379b2cd0>,21,15,[5 5],22,33,48,11,22
1,<environment.Job instance at 0x7fb2f4069d20>,23,1,[3 6],24,24,25,0,24
1,<environment.Job instance at 0x7fb337685fa0>,6,12,[ 1 10],7,7,19,0,7
1,<environment.Job instance at 0x7fb3376830a0>,7,13,[7 1],8,19,32,11,8
1,<environment.Job instance at 0x7fb3376860f0>,21,12,[5 4],22,32,44,10,28
1,<environment.Job instance at 0x7fb337686280>,22,16,[7 2],23,44,60,21,38
1,<environment.Job instance at 0x7fb337686870>,28,16,[8 3],29,60,76,31,48
1,<environment.Job instance at 0x7fb337686cd0>,36,12,[2 9],37,76,88,39,68
1,<environment.Job instance at 0x7fb337683aa0>,17,17,[3 9],18,88,105,70,77
1,<environment.Job instance at 0x7fb337686f50>,39,13,[ 5 10],40,105,118,65,92
1,<environment.Job instance at 0x7fb3376532d0>,63,18,[7 4],64,128,146,64,128
1,<environment.Job instance at 0x7fb2f3c7fd20>,3,16,[4 9],4,4,20,0,4
1,<environment.Job instance at 0x7fb3377d49b0>,13,20,[4 7],14,20,40,6,14
1,<environment.Job instance at 0x7fb2f4149f00>,18,2,[6 1],19,22,24,3,22
1,<environment.Job instance at 0x7fb2f4211640>,22,1,[5 3],23,24,25,1,24
1,<environment.Job instance at 0x7fb337d78280>,21,12,[4 9],22,40,52,18,24
1,<environment.Job instance at 0x7fb2f4196cd0>,29,1,[5 1],30,34,35,4,34
1,<environment.Job instance at 0x7fb3377713c0>,30,18,[ 4 10],31,52,70,21,44
1,<environment.Job instance at 0x7fb337bb4c30>,36,18,[ 3 10],37,70,88,33,61
1,<environment.Job instance at 0x7fb337c060a0>,50,13,[5 6],51,88,101,37,77
1,<environment.Job instance at 0x7fb3379c37d0>,51,16,[2 8],52,101,117,49,88
1,<environment.Job instance at 0x7fb3379c30f0>,58,18,[6 2],59,101,119,42,95
1,<environment.Job instance at 0x7fb3379c35a0>,61,18,[7 3],62,119,137,57,108
1,<environment.Job instance at 0x7fb33c156cd0>,71,17,[4 7],72,137,154,65,126
1,<environment.Job instance at 0x7fb2f405e5a0>,10,19,[5 6],11,12,31,1,12
1,<environment.Job instance at 0x7fb33c3cca50>,22,1,[3 5],23,38,39,15,38
1,<environment.Job instance at 0x7fb33c33bc30>,23,3,[8 5],24,39,42,15,38
1,<environment.Job instance at 0x7fb33c33b0a0>,25,2,[9 5],26,42,44,16,39
1,<environment.Job instance at 0x7fb337db1aa0>,27,1,[10  2],28,44,45,16,41
1,<environment.Job instance at 0x7fb337d4ca50>,28,3,[9 3],29,45,48,16,41
1,<environment.Job instance at 0x7fb2f422ff00>,29,2,[5 4],30,48,50,18,42
1,<environment.Job instance at 0x7fb3379014b0>,20,15,[7 5],21,50,65,29,47
1,<environment.Job instance at 0x7fb337aede10>,39,1,[9 5],40,65,66,25,55
1,<environment.Job instance at 0x7fb2f4175fa0>,38,17,[1 9],39,66,83,27,56
1,<environment.Job instance at 0x7fb337aed2d0>,44,15,[9 1],45,66,81,21,57
1,<environment.Job instance at 0x7fb33c126dc0>,47,14,[5 9],48,83,97,35,68
1,<environment.Job instance at 0x7fb337d58e60>,53,14,[7 5],54,97,111,43,83
1,<environment.Job instance at 0x7fb33bea8aa0>,61,2,[3 7],62,111,113,49,107
1,<environment.Job instance at 0x7fb33bea8c30>,62,25,[4 5],63,113,138,50,113
1,<environment.Job instance at 0x7fb33c0b6b40>,0,19,[6 1],1,1,20,0,1
1,<environment.Job instance at 0x7fb337bd9960>,8,18,[3 8],9,9,27,0,9
1,<environment.Job instance at 0x7fb337bd9eb0>,14,13,[4 5],15,27,40,12,19
1,<environment.Job instance at 0x7fb337bdacd0>,26,15,[3 9],27,40,55,13,27
1,<environment.Job instance at 0x7fb337be7550>,36,14,[10  4],37,55,69,18,44
1,<environment.Job instance at 0x7fb337be7f50>,44,16,[8 5],45,72,88,27,72
1,<environment.Job instance at 0x7fb337beb0a0>,46,14,[5 7],47,88,102,41,76
1,<environment.Job instance at 0x7fb337bebaf0>,58,28,[9 1],59,115,143,56,115
1,<environment.Job instance at 0x7fb33784ce10>,4,15,[10  1],5,5,20,0,5
1,<environment.Job instance at 0x7fb3376a2820>,10,13,[8 1],11,20,33,9,14
1,<environment.Job instance at 0x7fb2f414e3c0>,16,15,[8 4],17,33,48,16,21
1,<environment.Job instance at 0x7fb337c5feb0>,22,14,[1 7],23,48,62,25,48
1,<environment.Job instance at 0x7fb337c5fa00>,24,18,[5 7],25,62,80,37,51
1,<environment.Job instance at 0x7fb33c446dc0>,31,1,[5 8],32,80,81,48,61
1,<environment.Job instance at 0x7fb33c446aa0>,32,1,[4 9],33,81,82,48,61
1,<environment.Job instance at 0x7fb33c446fa0>,33,12,[5 6],34,82,94,48,65
1,<environment.Job instance at 0x7fb33c00c8c0>,39,14,[9 1],40,94,108,54,81
1,<environment.Job instance at 0x7fb33c446140>,30,26,[5 6],31,108,134,77,106
1,<environment.Job instance at 0x7fb33ea700a0>,50,14,[1 9],51,134,148,83,122
1,<environment.Job instance at 0x7fb33c39e140>,0,14,[6 1],1,1,15,0,1
1,<environment.Job instance at 0x7fb337ceb0a0>,11,3,[1 5],12,15,18,3,15
1,<environment.Job instance at 0x7fb33c39ef50>,2,22,[3 9],3,18,40,15,15
1,<environment.Job instance at 0x7fb2f3c85e60>,18,3,[4 7],19,40,43,21,27
1,<environment.Job instance at 0x7fb337cebc30>,13,12,[5 5],14,43,55,29,29
1,<environment.Job instance at 0x7fb33ebae230>,29,18,[8 3],30,55,73,25,50
1,<environment.Job instance at 0x7fb2f3d2da00>,36,13,[4 7],37,73,86,36,57
1,<environment.Job instance at 0x7fb2f3d2deb0>,43,18,[8 4],44,87,105,43,87
1,<environment.Job instance at 0x7fb2f3d2dc80>,46,22,[2 5],47,88,110,41,88
1,<environment.Job instance at 0x7fb2f3d2d2d0>,48,20,[7 3],49,105,125,56,97
1,<environment.Job instance at 0x7fb2f3f69190>,65,26,[9 1],66,126,152,60,126
1,<environment.Job instance at 0x7fb33c56c050>,14,23,[4 8],15,17,40,2,17
1,<environment.Job instance at 0x7fb33c595d20>,20,16,[5 8],21,40,56,19,35
1,<environment.Job instance at 0x7fb2f3cae820>,27,3,[3 5],28,56,59,28,48
1,<environment.Job instance at 0x7fb2f3cae780>,26,15,[10  5],27,59,74,32,48
1,<environment.Job instance at 0x7fb2f3cbf5f0>,31,1,[4 6],32,74,75,42,49
1,<environment.Job instance at 0x7fb33c5d57d0>,41,17,[8 5],42,85,102,43,85
1,<environment.Job instance at 0x7fb2f42492d0>,42,27,[ 2 10],43,102,129,59,101
1,<environment.Job instance at 0x7fb2f3f544b0>,51,13,[7 1],52,129,142,77,115
1,<environment.Job instance at 0x7fb2f3f54dc0>,56,3,[3 5],57,129,132,72,119
1,<environment.Job instance at 0x7fb2f3f54640>,57,2,[8 4],58,142,144,84,121
1,<environment.Job instance at 0x7fb2f3974fa0>,1,17,[6 5],2,2,19,0,2
1,<environment.Job instance at 0x7fb337ccf1e0>,10,14,[6 2],11,19,33,8,15
1,<environment.Job instance at 0x7fb2f3d03730>,15,13,[3 6],16,19,32,3,16
1,<environment.Job instance at 0x7fb337c64640>,24,21,[5 7],25,33,54,8,28
1,<environment.Job instance at 0x7fb2f3c2de60>,25,18,[3 5],26,54,72,28,46
1,<environment.Job instance at 0x7fb33bfdc820>,37,1,[7 3],38,54,55,16,49
1,<environment.Job instance at 0x7fb33bfdcaf0>,31,25,[3 8],32,72,97,40,68
1,<environment.Job instance at 0x7fb2f4031280>,50,12,[7 4],51,97,109,46,80
1,<environment.Job instance at 0x7fb2f4031f50>,51,17,[8 3],52,109,126,57,98
1,<environment.Job instance at 0x7fb33ecda230>,1,19,[6 1],2,2,21,0,2
1,<environment.Job instance at 0x7fb2f3c97910>,3,27,[1 6],4,8,35,4,8
1,<environment.Job instance at 0x7fb2f3c88d20>,32,17,[6 2],33,61,78,28,61
1,<environment.Job instance at 0x7fb2f38335a0>,43,23,[8 4],44,105,128,61,105
1,<environment.Job instance at 0x7fb2f3833cd0>,47,18,[9 4],48,128,146,80,128
1,<environment.Job instance at 0x7fb337c90c80>,2,13,[3 9],3,3,16,0,3
1,<environment.Job instance at 0x7fb2f3c3fb90>,3,15,[1 6],4,16,31,12,4
1,<environment.Job instance at 0x7fb2f3c3fe10>,4,17,[6 1],5,6,23,1,6
1,<environment.Job instance at 0x7fb2f3c2f230>,10,13,[9 4],11,23,36,12,11
1,<environment.Job instance at 0x7fb2f40486e0>,21,2,[4 7],22,36,38,14,23
1,<environment.Job instance at 0x7fb2f3c3af50>,19,18,[ 1 10],20,38,56,18,27
1,<environment.Job instance at 0x7fb2f4050c80>,28,18,[10  1],29,56,74,27,54
1,<environment.Job instance at 0x7fb33c305410>,32,15,[6 5],33,74,89,41,60
1,<environment.Job instance at 0x7fb33777ad70>,48,13,[2 8],49,90,103,41,90
1,<environment.Job instance at 0x7fb337756e10>,54,18,[8 4],55,109,127,54,109
1,<environment.Job instance at 0x7fb2f4045640>,26,16,[7 3],27,127,143,100,115
1,<environment.Job instance at 0x7fb3377669b0>,1,21,[6 2],2,2,23,0,2
1,<environment.Job instance at 0x7fb2f3b15d70>,7,1,[7 1],8,23,24,15,8
1,<environment.Job instance at 0x7fb2f3ef7fa0>,8,14,[4 9],9,24,38,15,10
1,<environment.Job instance at 0x7fb33ecd84b0>,15,16,[2 5],16,38,54,22,25
1,<environment.Job instance at 0x7fb2f4002910>,29,3,[4 6],30,54,57,24,35
1,<environment.Job instance at 0x7fb2f40022d0>,30,13,[5 6],31,57,70,26,42
1,<environment.Job instance at 0x7fb33c557280>,35,15,[1 6],36,70,85,34,64
1,<environment.Job instance at 0x7fb2f3cbfa00>,50,14,[ 3 10],51,99,113,48,99
1,<environment.Job instance at 0x7fb33ebf1230>,63,20,[9 5],64,127,147,63,127
1,<environment.Job instance at 0x7fb2f38327d0>,2,16,[4 9],3,3,19,0,3
1,<environment.Job instance at 0x7fb2f3da7280>,6,15,[4 8],7,19,34,12,7
1,<environment.Job instance at 0x7fb2f41a6aa0>,23,18,[3 8],24,34,52,10,32
1,<environment.Job instance at 0x7fb2f3ada7d0>,30,17,[7 2],31,48,65,17,48
1,<environment.Job instance at 0x7fb2f3ada9b0>,32,2,[10  1],33,65,67,32,48
1,<environment.Job instance at 0x7fb33c4281e0>,41,17,[ 1 10],42,69,86,27,69
1,<environment.Job instance at 0x7fb33c428e10>,42,13,[10  5],43,86,99,43,71
1,<environment.Job instance at 0x7fb2f3ada640>,33,16,[1 6],34,99,115,65,86
1,<environment.Job instance at 0x7fb33bde0640>,50,2,[3 5],51,115,117,64,91
1,<environment.Job instance at 0x7fb33bde0b90>,58,2,[6 3],59,103,105,44,103
1,<environment.Job instance at 0x7fb33c428960>,48,28,[1 6],49,117,145,68,116
1,<environment.Job instance at 0x7fb2f39ff050>,0,15,[7 5],1,1,16,0,1
1,<environment.Job instance at 0x7fb3376925a0>,2,14,[9 1],3,16,30,13,4
1,<environment.Job instance at 0x7fb2f3b11460>,10,14,[5 9],11,30,44,19,18
1,<environment.Job instance at 0x7fb2f3afda00>,20,18,[8 3],21,44,62,23,39
1,<environment.Job instance at 0x7fb2f3afdf50>,25,3,[9 2],26,62,65,36,47
1,<environment.Job instance at 0x7fb2f414e960>,16,26,[4 7],17,65,91,48,62
1,<environment.Job instance at 0x7fb2f3afdf00>,22,13,[8 2],23,91,104,68,80
1,<environment.Job instance at 0x7fb2f37d3c80>,37,3,[1 5],38,91,94,53,85
1,<environment.Job instance at 0x7fb2f4002820>,42,1,[10  2],43,110,111,67,110
1,<environment.Job instance at 0x7fb2f4002e10>,44,19,[6 3],45,111,130,66,110
1,<environment.Job instance at 0x7fb2f4002960>,45,18,[3 7],46,111,129,65,110
1,<environment.Job instance at 0x7fb2f3c852d0>,46,19,[9 3],47,130,149,83,120
1,<environment.Job instance at 0x7f3ef4041370>,4,15,[ 4 10],5,5,20,0,5
1,<environment.Job instance at 0x7f3ef4041500>,7,21,[3 6],8,20,41,12,13
1,<environment.Job instance at 0x7f3ef4041b90>,14,1,[2 8],15,41,42,26,17
1,<environment.Job instance at 0x7f3ef4041f50>,17,2,[3 9],18,42,44,24,18
1,<environment.Job instance at 0x7f3ef4045870>,24,17,[5 4],25,44,61,19,32
1,<environment.Job instance at 0x7f3ef40415f0>,9,3,[10  4],10,61,64,51,42
1,<environment.Job instance at 0x7f3ef4046050>,33,28,[3 7],34,65,93,31,65
1,<environment.Job instance at 0x7f3ef4046a50>,44,14,[1 9],45,93,107,48,78
1,<environment.Job instance at 0x7f3ef4046f00>,51,18,[9 2],52,107,125,55,103
1,<environment.Job instance at 0x7f3ef4043320>,56,12,[9 5],57,125,137,68,119
1,<environment.Job instance at 0x7f3ef40432d0>,58,2,[9 5],59,137,139,78,120
1,<environment.Job instance at 0x7f3ef4059780>,0,22,[2 7],1,1,23,0,1
1,<environment.Job instance at 0x7f3efb5bf820>,14,17,[3 5],15,25,42,10,25
1,<environment.Job instance at 0x7f3efb5bfe60>,15,3,[7 5],16,26,29,10,26
1,<environment.Job instance at 0x7f3efb5c6730>,18,1,[4 6],19,42,43,23,26
1,<environment.Job instance at 0x7f3efb5bf0a0>,13,16,[2 7],14,43,59,29,30
1,<environment.Job instance at 0x7f3efb5c6780>,21,18,[5 5],22,59,77,37,50
1,<environment.Job instance at 0x7f3efb5c4eb0>,32,13,[1 5],33,59,72,26,55
1,<environment.Job instance at 0x7f3efb5c43c0>,36,12,[7 1],37,77,89,40,70
1,<environment.Job instance at 0x7f3efb5c4280>,33,18,[1 7],34,101,119,67,101
1,<environment.Job instance at 0x7f3efb5c1140>,44,14,[5 6],45,119,133,74,105
1,<environment.Job instance at 0x7f3efb479e60>,50,2,[6 5],51,133,135,82,120
1,<environment.Job instance at 0x7f3efb479640>,51,16,[4 9],52,135,151,83,123
1,<environment.Job instance at 0x7f3eb036dd70>,4,13,[6 3],5,6,19,1,6
1,<environment.Job instance at 0x7f3eb036ddc0>,8,18,[8 2],9,19,37,10,11
1,<environment.Job instance at 0x7f3ef42786e0>,17,14,[8 2],18,37,51,19,22
1,<environment.Job instance at 0x7f3eb02f9c30>,31,16,[1 5],32,37,53,5,37
1,<environment.Job instance at 0x7f3eb02f93c0>,33,16,[7 1],34,51,67,17,43
1,<environment.Job instance at 0x7f3eb02a5aa0>,37,18,[4 7],38,67,85,29,57
1,<environment.Job instance at 0x7f3eb0293730>,49,16,[7 2],50,85,101,35,72
1,<environment.Job instance at 0x7f3ef42a0320>,59,13,[7 1],60,103,116,43,103
1,<environment.Job instance at 0x7f3ef3e158c0>,63,15,[10  2],64,116,131,52,103
1,<environment.Job instance at 0x7f3eb0445320>,71,17,[ 4 10],72,131,148,59,119
1,<environment.Job instance at 0x7f3ef3ec5230>,2,18,[8 3],3,3,21,0,3
1,<environment.Job instance at 0x7f3ef3ec5f00>,3,12,[1 5],4,4,16,0,4
1,<environment.Job instance at 0x7f3ef4154730>,4,13,[7 3],5,21,34,16,5
1,<environment.Job instance at 0x7f3eb07a7780>,25,15,[2 8],26,34,49,8,33
1,<environment.Job instance at 0x7f3ef3e91820>,29,16,[8 4],30,49,65,19,39
1,<environment.Job instance at 0x7f3eb078b190>,35,17,[2 7],36,65,82,29,53
1,<environment.Job instance at 0x7f3eb091d9b0>,46,1,[ 3 10],47,82,83,35,77
1,<environment.Job instance at 0x7f3eb091db40>,47,18,[2 8],48,83,101,35,80
1,<environment.Job instance at 0x7f3ef4100f50>,19,18,[6 4],20,101,119,81,93
1,<environment.Job instance at 0x7f3eb034e910>,58,1,[9 5],59,119,120,60,106
1,<environment.Job instance at 0x7f3eb03ed8c0>,63,14,[7 2],64,120,134,56,112
1,<environment.Job instance at 0x7f3eb091daa0>,43,25,[5 7],44,134,159,90,131
1,<environment.Job instance at 0x7f3efaef2500>,0,16,[9 2],1,4,20,3,4
1,<environment.Job instance at 0x7f3ef3e4f5f0>,12,17,[1 6],13,13,30,0,13
1,<environment.Job instance at 0x7f3ef3e4fc80>,18,14,[8 5],19,30,44,11,19
1,<environment.Job instance at 0x7f3ef3e4fb40>,22,17,[10  2],23,44,61,21,34
1,<environment.Job instance at 0x7f3ef3e3a870>,34,26,[3 7],35,65,91,30,65
1,<environment.Job instance at 0x7f3eb024a050>,41,13,[6 1],42,87,100,45,87
1,<environment.Job instance at 0x7f3eb024a320>,45,18,[7 2],46,100,118,54,89
1,<environment.Job instance at 0x7f3eb024a6e0>,51,12,[2 5],52,100,112,48,100
1,<environment.Job instance at 0x7f3eb024c3c0>,64,17,[ 3 10],65,127,144,62,127
1,<environment.Job instance at 0x7f3eb024c730>,66,12,[7 3],67,144,156,77,129
1,<environment.Job instance at 0x7f3eb024c4b0>,1,17,[9 5],2,5,22,3,5
1,<environment.Job instance at 0x7f3ef43e1cd0>,5,14,[1 8],6,22,36,16,7
1,<environment.Job instance at 0x7f3efa872e10>,19,16,[10  2],20,36,52,16,26
1,<environment.Job instance at 0x7f3efae95fa0>,30,24,[4 8],31,52,76,21,50
1,<environment.Job instance at 0x7f3ef4190b90>,39,14,[10  5],40,76,90,36,62
1,<environment.Job instance at 0x7f3efa86f230>,56,16,[3 9],57,90,106,33,87
1,<environment.Job instance at 0x7f3efa8ca1e0>,62,12,[4 6],63,108,120,45,108
1,<environment.Job instance at 0x7f3efa8ca640>,63,16,[2 6],64,120,136,56,108
1,<environment.Job instance at 0x7f3efa8e2f00>,66,1,[10  3],67,136,137,69,113
1,<environment.Job instance at 0x7f3efa8ca280>,1,14,[5 5],2,2,16,0,2
1,<environment.Job instance at 0x7f3ef442d0f0>,2,12,[1 6],3,16,28,13,3
1,<environment.Job instance at 0x7f3ef40439b0>,4,18,[6 4],5,16,34,11,7
1,<environment.Job instance at 0x7f3eb046b690>,19,14,[5 7],20,34,48,14,21
1,<environment.Job instance at 0x7f3eb04fbaa0>,26,23,[6 2],27,48,71,21,43
1,<environment.Job instance at 0x7f3eb058fc80>,35,1,[ 3 10],36,71,72,35,59
1,<environment.Job instance at 0x7f3eb04fd2d0>,36,3,[4 6],37,59,62,22,59
1,<environment.Job instance at 0x7f3eb04fd3c0>,37,16,[4 8],38,72,88,34,61
1,<environment.Job instance at 0x7f3eb04fd460>,41,13,[2 9],42,88,101,46,72
1,<environment.Job instance at 0x7f3efaad1f00>,51,19,[7 5],52,101,120,49,99
1,<environment.Job instance at 0x7f3efb341f00>,44,27,[7 5],45,120,147,75,119
1,<environment.Job instance at 0x7f3ef4098140>,1,18,[8 2],2,8,26,6,8
1,<environment.Job instance at 0x7f3eb03ec690>,23,2,[7 2],24,33,35,9,33
1,<environment.Job instance at 0x7f3eb03ec730>,24,25,[5 4],25,35,60,10,34
1,<environment.Job instance at 0x7f3eb04041e0>,34,14,[4 9],35,60,74,25,57
1,<environment.Job instance at 0x7f3eb0404370>,36,13,[5 9],37,74,87,37,68
1,<environment.Job instance at 0x7f3eb0404af0>,47,13,[ 3 10],48,119,132,71,119
1,<environment.Job instance at 0x7f3eb0404dc0>,51,14,[5 8],52,132,146,80,127
1,<environment.Job instance at 0x7f3eb03f9190>,54,17,[6 3],55,146,163,91,138
1,<environment.Job instance at 0x7f3eb0858960>,0,24,[7 3],1,1,25,0,1
1,<environment.Job instance at 0x7f3eb06fc730>,15,25,[2 9],16,25,50,9,24
1,<environment.Job instance at 0x7f3ef44e3d70>,23,3,[ 4 10],24,50,53,26,49
1,<environment.Job instance at 0x7f3eb02ecbe0>,24,20,[ 4 10],25,53,73,28,52
1,<environment.Job instance at 0x7f3efae1daa0>,25,13,[3 7],26,73,86,47,60
1,<environment.Job instance at 0x7f3ef3f8eaf0>,29,2,[8 4],30,86,88,56,60
1,<environment.Job instance at 0x7f3ef44e5500>,33,1,[3 6],34,88,89,54,62
1,<environment.Job instance at 0x7f3eb09455a0>,38,1,[3 5],39,89,90,50,76
1,<environment.Job instance at 0x7f3eb09451e0>,40,1,[4 9],41,90,91,49,76
1,<environment.Job instance at 0x7f3efadb9eb0>,36,14,[1 8],37,91,105,54,76
1,<environment.Job instance at 0x7f3ef3ef6f50>,47,13,[8 4],48,105,118,57,98
1,<environment.Job instance at 0x7f3eb08aa9b0>,55,21,[6 4],56,134,155,78,134
1,<environment.Job instance at 0x7f3eb08e65a0>,2,27,[10  4],3,4,31,1,4
1,<environment.Job instance at 0x7f3efadb92d0>,14,2,[ 2 10],15,31,33,16,16
1,<environment.Job instance at 0x7f3eb08f8dc0>,17,2,[5 2],18,33,35,15,19
1,<environment.Job instance at 0x7f3ef41580f0>,9,15,[8 3],10,35,50,25,21
1,<environment.Job instance at 0x7f3eb0692d70>,30,13,[9 2],31,50,63,19,44
1,<environment.Job instance at 0x7f3eb0692cd0>,31,25,[6 5],32,63,88,31,60
1,<environment.Job instance at 0x7f3ef3f90f50>,45,13,[5 1],46,88,101,42,84
1,<environment.Job instance at 0x7f3efad112d0>,0,24,[2 6],1,3,27,2,3
1,<environment.Job instance at 0x7f3ef3ec8f50>,8,14,[10  4],9,27,41,18,15
1,<environment.Job instance at 0x7f3ef3ee6140>,13,1,[5 4],14,19,20,5,19
1,<environment.Job instance at 0x7f3ef3ee6370>,16,22,[10  1],17,41,63,24,35
1,<environment.Job instance at 0x7f3ef3ee6910>,20,1,[9 4],21,63,64,42,36
1,<environment.Job instance at 0x7f3ef3ee6c30>,25,14,[2 9],26,64,78,38,50
1,<environment.Job instance at 0x7f3ef3ee6e10>,28,3,[1 5],29,78,81,49,56
1,<environment.Job instance at 0x7f3ef3ee6870>,29,3,[8 5],30,78,81,48,56
1,<environment.Job instance at 0x7f3ef3edf280>,30,16,[4 7],31,81,97,50,68
1,<environment.Job instance at 0x7f3ef3edfb40>,40,13,[8 1],41,97,110,56,84
1,<environment.Job instance at 0x7f3ef3edff00>,44,18,[4 7],45,110,128,65,101
1,<environment.Job instance at 0x7f3ef3edf910>,46,15,[8 4],47,128,143,81,117
1,<environment.Job instance at 0x7f3ef3ed05a0>,51,12,[1 9],52,143,155,91,130
1,<environment.Job instance at 0x7f3ef3eacd70>,0,18,[7 3],1,1,19,0,1
1,<environment.Job instance at 0x7f3ef3eac4b0>,2,13,[4 5],3,19,32,16,3
1,<environment.Job instance at 0x7f3efb5bc8c0>,16,16,[5 2],17,24,40,7,24
1,<environment.Job instance at 0x7f3eb08d6230>,12,13,[10  5],13,40,53,27,24
1,<environment.Job instance at 0x7f3efb5bc550>,22,22,[3 9],23,53,75,30,47
1,<environment.Job instance at 0x7f3eb07d3320>,30,1,[8 1],31,75,76,44,67
1,<environment.Job instance at 0x7f3eb07d3af0>,33,12,[5 5],34,76,88,42,68
1,<environment.Job instance at 0x7f3eb0588190>,39,12,[1 5],40,90,102,50,90
1,<environment.Job instance at 0x7f3ef429c640>,42,23,[5 7],43,102,125,59,96
1,<environment.Job instance at 0x7f3ef3e3d7d0>,15,2,[5 3],16,17,19,1,17
1,<environment.Job instance at 0x7f3ef3e3d230>,16,1,[2 8],17,19,20,2,17
1,<environment.Job instance at 0x7f3ef3e3d8c0>,13,12,[6 1],14,19,31,5,17
1,<environment.Job instance at 0x7f3ef3e3da50>,17,3,[3 6],18,20,23,2,18
1,<environment.Job instance at 0x7f3efaa840f0>,24,23,[4 8],25,35,58,10,35
1,<environment.Job instance at 0x7f3efaa84230>,33,13,[6 2],34,65,78,31,65
1,<environment.Job instance at 0x7f3efab907d0>,44,13,[4 6],45,87,100,42,87
1,<environment.Job instance at 0x7f3efb01a460>,52,27,[ 2 10],53,113,140,60,113
1,<environment.Job instance at 0x7f3efb01ab40>,58,16,[1 7],59,140,156,81,130
1,<environment.Job instance at 0x7f3eb044b1e0>,60,14,[8 2],61,140,154,79,132
1,<environment.Job instance at 0x7f3efaccc500>,1,17,[6 5],2,4,21,2,4
1,<environment.Job instance at 0x7f3ef3e4dcd0>,7,12,[2 6],8,21,33,13,8
1,<environment.Job instance at 0x7f3ef3e43f50>,12,15,[6 4],13,21,36,8,13
1,<environment.Job instance at 0x7f3ef3e2d190>,18,13,[5 8],19,36,49,17,23
1,<environment.Job instance at 0x7f3efade7780>,28,3,[3 8],29,49,52,20,32
1,<environment.Job instance at 0x7f3efae6d050>,35,3,[5 7],36,52,55,16,42
1,<environment.Job instance at 0x7f3efae6dd70>,37,1,[7 3],38,55,56,17,42
1,<environment.Job instance at 0x7f3eb09a8820>,40,13,[7 1],41,56,69,15,46
1,<environment.Job instance at 0x7f3efae39370>,24,21,[5 7],25,69,90,44,62
1,<environment.Job instance at 0x7f3ef3fce640>,50,12,[7 4],51,90,102,39,73
1,<environment.Job instance at 0x7f3eb0930eb0>,41,20,[3 8],42,108,128,66,108
1,<environment.Job instance at 0x7f3eb09c5e60>,59,2,[4 7],60,128,130,68,108
1,<environment.Job instance at 0x7f3eb09c5690>,53,24,[ 3 10],54,130,154,76,125
1,<environment.Job instance at 0x7f3eb081a140>,13,17,[8 1],14,14,31,0,14
1,<environment.Job instance at 0x7f3ef44d67d0>,16,12,[ 1 10],17,31,43,14,20
1,<environment.Job instance at 0x7f3efaccc550>,24,12,[9 3],25,43,55,18,31
1,<environment.Job instance at 0x7f3efadf8f00>,33,23,[8 4],34,55,78,21,51
1,<environment.Job instance at 0x7f3eb00275f0>,3,12,[6 4],4,4,16,0,4
1,<environment.Job instance at 0x7f3eb0027410>,4,22,[2 7],5,16,38,11,11
1,<environment.Job instance at 0x7f3ef4438be0>,19,18,[2 6],20,38,56,18,28
1,<environment.Job instance at 0x7f3eb002acd0>,17,15,[7 1],18,36,51,18,36
1,<environment.Job instance at 0x7f3ef4438410>,26,3,[1 9],27,56,59,29,36
1,<environment.Job instance at 0x7f3ef4438aa0>,22,22,[5 5],23,59,81,36,59
1,<environment.Job instance at 0x7f3ef4438fa0>,31,22,[4 5],32,66,88,34,66
1,<environment.Job instance at 0x7f3ef3f6f2d0>,37,15,[7 5],38,88,103,50,78
1,<environment.Job instance at 0x7f3ef44ea230>,61,15,[6 5],62,126,141,64,126
1,<environment.Job instance at 0x7f3ef44eaa50>,63,15,[7 4],64,141,156,77,130
1,<environment.Job instance at 0x7f3eb0033c30>,1,25,[3 7],2,4,29,2,4
1,<environment.Job instance at 0x7f3ef3f78500>,3,18,[1 9],4,29,47,25,18
1,<environment.Job instance at 0x7f3ef3dae3c0>,13,2,[1 7],14,47,49,33,20
1,<environment.Job instance at 0x7f3ef3dd8960>,17,2,[5 4],18,49,51,31,25
1,<environment.Job instance at 0x7f3ef3dbbf00>,25,16,[4 9],26,51,67,25,49
1,<environment.Job instance at 0x7f3ef3dde640>,29,16,[5 3],30,67,83,37,55
1,<environment.Job instance at 0x7f3eb0482c80>,34,13,[4 6],35,67,80,32,62
1,<environment.Job instance at 0x7f3ef3ddd9b0>,35,15,[5 3],36,80,95,44,69
1,<environment.Job instance at 0x7f3ef41e2190>,39,15,[4 6],40,85,100,45,85
1,<environment.Job instance at 0x7f3efaa34fa0>,45,3,[5 7],46,103,106,57,103
1,<environment.Job instance at 0x7f3eb0730fa0>,58,12,[10  5],59,136,148,77,136
1,<environment.Job instance at 0x7f3eb0015af0>,8,28,[1 6],9,10,38,1,10
1,<environment.Job instance at 0x7f3ef41fae10>,15,15,[3 8],16,38,53,22,27
1,<environment.Job instance at 0x7f3ef425a190>,32,16,[2 8],33,54,70,21,54
1,<environment.Job instance at 0x7f3ef425a780>,33,13,[5 2],34,60,73,26,60
1,<environment.Job instance at 0x7f3ef425afa0>,34,14,[6 3],35,73,87,38,67
1,<environment.Job instance at 0x7f3ef425a140>,39,16,[ 5 10],40,87,103,47,76
1,<environment.Job instance at 0x7f3eb0570dc0>,45,26,[9 4],46,104,130,58,104
1,<environment.Job instance at 0x7f3eb022a8c0>,62,20,[5 9],63,130,150,67,126
1,<environment.Job instance at 0x7f3eb02757d0>,10,18,[5 6],11,13,31,2,13
1,<environment.Job instance at 0x7f3eb034cf00>,2,16,[ 5 10],3,31,47,28,21
1,<environment.Job instance at 0x7f3eb02370a0>,24,2,[5 1],25,47,49,22,34
1,<environment.Job instance at 0x7f3efa97db90>,29,26,[ 4 10],30,55,81,25,55
1,<environment.Job instance at 0x7f3ef3fa4910>,33,24,[1 8],34,81,105,47,79
1,<environment.Job instance at 0x7f3efaa2dfa0>,39,1,[9 5],40,105,106,65,97
1,<environment.Job instance at 0x7f3ef3fa4640>,36,18,[9 3],37,106,124,69,105
1,<environment.Job instance at 0x7f3efaa2d050>,44,14,[10  1],45,124,138,79,117
1,<environment.Job instance at 0x7f3eface40f0>,49,15,[2 7],50,138,153,88,129
1,<environment.Job instance at 0x7f3eface4a50>,1,27,[6 5],2,3,30,1,3
1,<environment.Job instance at 0x7f3eb022a3c0>,12,1,[ 2 10],13,30,31,17,14
1,<environment.Job instance at 0x7f3eb05bd0f0>,14,3,[4 5],15,17,20,2,17
1,<environment.Job instance at 0x7f3ef44168c0>,16,15,[10  1],17,31,46,14,18
1,<environment.Job instance at 0x7f3ef40ebd20>,26,3,[2 8],27,46,49,19,31
1,<environment.Job instance at 0x7f3ef40eb190>,27,12,[5 7],28,49,61,21,32
1,<environment.Job instance at 0x7f3efae03550>,32,17,[ 5 10],33,61,78,28,50
1,<environment.Job instance at 0x7f3efae03690>,37,18,[5 7],38,78,96,40,69
1,<environment.Job instance at 0x7f3efae2e7d0>,46,2,[1 5],47,96,98,49,77
1,<environment.Job instance at 0x7f3efae2e280>,47,13,[5 1],48,78,91,30,77
1,<environment.Job instance at 0x7f3efae2e0a0>,52,12,[9 4],53,96,108,43,87
1,<environment.Job instance at 0x7f3efae290a0>,54,2,[8 3],55,108,110,53,92
1,<environment.Job instance at 0x7f3efae295a0>,60,2,[5 5],61,110,112,49,92
1,<environment.Job instance at 0x7f3efae293c0>,61,1,[6 2],62,112,113,50,94
1,<environment.Job instance at 0x7f3efae290f0>,63,2,[3 6],64,112,114,48,95
1,<environment.Job instance at 0x7f3efae26140>,68,17,[ 3 10],69,114,131,45,111
1,<environment.Job instance at 0x7f3efae1a690>,73,17,[ 4 10],74,131,148,57,126
1,<environment.Job instance at 0x7f2fe5bf5370>,4,15,[ 4 10],5,5,20,0,5
1,<environment.Job instance at 0x7f2fe5bf5500>,7,21,[3 6],8,20,41,12,15
1,<environment.Job instance at 0x7f2fe5bf9c80>,28,24,[3 7],29,41,65,12,40
1,<environment.Job instance at 0x7f2fe5bf9e60>,31,13,[6 4],32,65,78,33,49
1,<environment.Job instance at 0x7f2fe5bf6050>,34,16,[7 5],35,78,94,43,68
1,<environment.Job instance at 0x7f2fe5bf69b0>,42,1,[5 5],43,94,95,51,68
1,<environment.Job instance at 0x7f2fe5bf6e60>,51,18,[9 2],52,109,127,57,109
1,<environment.Job instance at 0x7f2fe5c0dd20>,1,17,[10  1],2,2,19,0,2
1,<environment.Job instance at 0x7f2fed02c1e0>,9,14,[ 5 10],10,19,33,9,10
1,<environment.Job instance at 0x7f2fed17a730>,26,12,[7 1],27,42,54,15,42
1,<environment.Job instance at 0x7f2fed02d460>,30,22,[6 5],31,59,81,28,59
1,<environment.Job instance at 0x7f2fed02d960>,34,14,[5 6],35,81,95,46,72
1,<environment.Job instance at 0x7f2fed02d640>,41,16,[4 9],42,100,116,58,100
1,<environment.Job instance at 0x7f2fed02d0a0>,43,23,[5 8],44,116,139,72,111
1,<environment.Job instance at 0x7f2fed178a50>,55,16,[ 4 10],56,139,155,83,131
1,<environment.Job instance at 0x7f2fed175b40>,1,16,[8 1],2,4,20,2,4
1,<environment.Job instance at 0x7f2fa1e58d70>,11,16,[1 5],12,15,31,3,15
1,<environment.Job instance at 0x7f2fe5e33230>,18,13,[5 6],19,32,45,13,32
1,<environment.Job instance at 0x7f2fa1eac550>,20,17,[5 7],21,45,62,24,33
1,<environment.Job instance at 0x7f2fa1f236e0>,38,17,[5 3],39,60,77,21,60
1,<environment.Job instance at 0x7f2fa1f23050>,39,13,[7 1],40,77,90,37,61
1,<environment.Job instance at 0x7f2fa1f68fa0>,52,23,[6 1],53,91,114,38,91
1,<environment.Job instance at 0x7f2fe59660a0>,63,17,[9 5],64,114,131,50,114
1,<environment.Job instance at 0x7f2fe59ad5f0>,68,17,[5 8],69,132,149,63,132
1,<environment.Job instance at 0x7f2fe5d16280>,12,3,[10  5],13,15,18,2,15
1,<environment.Job instance at 0x7f2fe5cb4aa0>,16,1,[ 3 10],17,18,19,1,17
1,<environment.Job instance at 0x7f2fe5ed50f0>,18,1,[5 3],19,19,20,0,19
1,<environment.Job instance at 0x7f2fe5ca8c80>,21,13,[10  4],22,22,35,0,22
1,<environment.Job instance at 0x7f2fa23490a0>,23,18,[2 5],24,35,53,11,24
1,<environment.Job instance at 0x7f2fa2354230>,24,16,[6 5],25,35,51,10,29
1,<environment.Job instance at 0x7f2fa2354d70>,29,13,[10  5],30,53,66,23,37
1,<environment.Job instance at 0x7f2fe5d07050>,13,25,[5 7],14,66,91,52,65
1,<environment.Job instance at 0x7f2fa1e53190>,39,14,[3 5],40,91,105,51,79
1,<environment.Job instance at 0x7f2fa1fd5320>,50,3,[8 5],51,105,108,54,86
1,<environment.Job instance at 0x7f2fa23b2460>,51,1,[5 9],52,108,109,56,86
1,<environment.Job instance at 0x7f2fa1f01640>,53,15,[7 2],54,109,124,55,101
1,<environment.Job instance at 0x7f2fa1f012d0>,58,13,[10  4],59,124,137,65,113
1,<environment.Job instance at 0x7f2fa24d0aa0>,59,18,[4 8],60,137,155,77,126
1,<environment.Job instance at 0x7f2fec404370>,1,13,[6 1],2,2,15,0,2
1,<environment.Job instance at 0x7f2fec540690>,5,18,[7 2],6,15,33,9,6
1,<environment.Job instance at 0x7f2fa2496190>,11,12,[2 5],12,12,24,0,12
1,<environment.Job instance at 0x7f2fec99b640>,13,17,[1 6],14,24,41,10,17
1,<environment.Job instance at 0x7f2fec979140>,18,17,[9 2],19,33,50,14,21
1,<environment.Job instance at 0x7f2fec97edc0>,29,16,[10  5],30,50,66,20,39
1,<environment.Job instance at 0x7f2fec97e500>,37,19,[ 4 10],38,66,85,28,63
1,<environment.Job instance at 0x7f2fa22bfa00>,50,14,[3 5],51,107,121,56,107
1,<environment.Job instance at 0x7f2fa22d0370>,53,17,[8 5],54,125,142,71,125
1,<environment.Job instance at 0x7f2fa22d1af0>,58,15,[4 7],59,142,157,83,133
1,<environment.Job instance at 0x7f2fa2334c30>,12,12,[4 6],13,14,26,1,14
1,<environment.Job instance at 0x7f2fa2316910>,20,3,[5 3],21,21,24,0,21
1,<environment.Job instance at 0x7f2fa2316960>,27,14,[8 3],28,29,43,1,29
1,<environment.Job instance at 0x7f2fa2316370>,28,16,[4 5],29,43,59,14,30
1,<environment.Job instance at 0x7f2fa2331730>,31,13,[6 4],32,43,56,11,34
1,<environment.Job instance at 0x7f2fa2331140>,34,2,[7 2],35,59,61,24,55
1,<environment.Job instance at 0x7f2fa2331910>,36,13,[10  1],37,61,74,24,55
1,<environment.Job instance at 0x7f2fa2331370>,40,17,[9 5],41,74,91,33,63
1,<environment.Job instance at 0x7f2fa2304e60>,59,26,[ 1 10],60,109,135,49,109
1,<environment.Job instance at 0x7f2fe5e30f50>,13,15,[3 7],14,15,30,1,15
1,<environment.Job instance at 0x7f2fa21f8280>,16,12,[ 1 10],17,30,42,13,17
1,<environment.Job instance at 0x7f2fa2048460>,27,17,[3 9],28,42,59,14,30
1,<environment.Job instance at 0x7f2fec6b8a00>,42,16,[6 1],43,51,67,8,51
1,<environment.Job instance at 0x7f2fa2514550>,46,12,[2 9],47,70,82,23,70
1,<environment.Job instance at 0x7f2fa23d00f0>,2,26,[2 7],3,4,30,1,4
1,<environment.Job instance at 0x7f2fec4003c0>,13,16,[6 3],14,17,33,3,17
1,<environment.Job instance at 0x7f2fe5af7d70>,7,18,[8 5],8,33,51,25,23
1,<environment.Job instance at 0x7f2fe5ae51e0>,27,3,[6 3],28,51,54,23,45
1,<environment.Job instance at 0x7f2fe5ae5140>,28,1,[5 9],29,54,55,25,45
1,<environment.Job instance at 0x7f2fe5ae52d0>,29,2,[7 2],30,55,57,25,45
1,<environment.Job instance at 0x7f2fe5ae50f0>,26,18,[ 3 10],27,57,75,30,50
1,<environment.Job instance at 0x7f2fe5ae5870>,36,17,[5 4],37,75,92,38,67
1,<environment.Job instance at 0x7f2fe5ae5fa0>,44,12,[6 2],45,92,104,47,81
1,<environment.Job instance at 0x7f2fe5af40f0>,45,16,[9 1],46,104,120,58,94
1,<environment.Job instance at 0x7f2fe5af4e10>,59,2,[5 5],60,120,122,60,116
1,<environment.Job instance at 0x7f2fec400dc0>,25,26,[3 5],26,120,146,94,117
1,<environment.Job instance at 0x7f2fe5af4dc0>,60,17,[7 2],61,124,141,63,124
1,<environment.Job instance at 0x7f2fa24b20f0>,2,12,[1 6],3,3,15,0,3
1,<environment.Job instance at 0x7f2fa24017d0>,8,17,[1 9],9,15,32,6,9
1,<environment.Job instance at 0x7f2fa1fc1190>,13,1,[5 2],14,32,33,18,15
1,<environment.Job instance at 0x7f2fa2401500>,12,2,[5 6],13,32,34,19,17
1,<environment.Job instance at 0x7f2fa1fc17d0>,15,2,[7 1],16,18,20,2,18
1,<environment.Job instance at 0x7f2fe5f700f0>,21,3,[10  5],22,34,37,12,22
1,<environment.Job instance at 0x7f2fa23ce1e0>,24,14,[9 5],25,37,51,12,26
1,<environment.Job instance at 0x7f2fa21cb460>,32,25,[4 5],33,52,77,19,52
1,<environment.Job instance at 0x7f2fe5dac320>,44,15,[7 4],45,89,104,44,89
1,<environment.Job instance at 0x7f2fe5f72a50>,49,14,[1 9],50,104,118,54,94
1,<environment.Job instance at 0x7f2fa21ed0a0>,53,16,[3 7],54,118,134,64,113
1,<environment.Job instance at 0x7f2fa21ed0f0>,55,16,[6 5],56,134,150,78,122
1,<environment.Job instance at 0x7f2fec7cb7d0>,5,13,[ 3 10],6,6,19,0,6
1,<environment.Job instance at 0x7f2fec7cb640>,8,28,[9 1],9,19,47,10,19
1,<environment.Job instance at 0x7f2fa2164d20>,22,18,[1 6],23,23,41,0,23
1,<environment.Job instance at 0x7f2fa2529550>,27,15,[6 2],28,47,62,19,39
1,<environment.Job instance at 0x7f2fe5a79e10>,31,19,[5 2],32,62,81,30,53
1,<environment.Job instance at 0x7f2fe609ba00>,38,13,[5 3],39,70,83,31,70
1,<environment.Job instance at 0x7f2fe609b320>,40,18,[2 5],41,81,99,40,75
1,<environment.Job instance at 0x7f2fe609bdc0>,43,2,[4 5],44,83,85,39,77
1,<environment.Job instance at 0x7f2fe5a791e0>,33,21,[5 1],34,85,106,51,77
1,<environment.Job instance at 0x7f2fec638730>,48,18,[8 1],49,106,124,57,95
1,<environment.Job instance at 0x7f2fec6383c0>,49,3,[3 8],50,99,102,49,95
1,<environment.Job instance at 0x7f2fec5afc80>,53,14,[5 3],54,124,138,70,109
1,<environment.Job instance at 0x7f2fa1f5b370>,5,18,[3 9],6,6,24,0,6
1,<environment.Job instance at 0x7f2fa1f5b230>,7,15,[3 7],8,24,39,16,10
1,<environment.Job instance at 0x7f2fa1f5ba50>,14,3,[5 8],15,39,42,24,16
1,<environment.Job instance at 0x7f2fa1f446e0>,25,17,[1 8],26,46,63,20,46
1,<environment.Job instance at 0x7f2fa1f44550>,29,12,[1 9],30,63,75,33,47
1,<environment.Job instance at 0x7f2fa1f44d70>,39,15,[8 2],40,81,96,41,81
1,<environment.Job instance at 0x7f2fa1f756e0>,44,1,[8 2],45,96,97,51,94
1,<environment.Job instance at 0x7f2fa1f75820>,45,2,[1 5],46,94,96,48,94
1,<environment.Job instance at 0x7f2fa1f754b0>,46,15,[4 6],47,99,114,52,99
1,<environment.Job instance at 0x7f2fa1f75be0>,48,18,[4 5],49,114,132,65,106
1,<environment.Job instance at 0x7f2fa21f1c30>,7,13,[4 5],8,13,26,5,13
1,<environment.Job instance at 0x7f2fa1e07b40>,12,2,[4 5],13,13,15,0,13
1,<environment.Job instance at 0x7f2fa21f1b40>,11,3,[1 5],12,18,21,6,18
1,<environment.Job instance at 0x7f2fa206f8c0>,18,17,[2 6],19,26,43,7,20
1,<environment.Job instance at 0x7f2fa206f640>,19,1,[3 8],20,43,44,23,20
1,<environment.Job instance at 0x7f2fa206ff00>,17,17,[ 3 10],18,44,61,26,39
1,<environment.Job instance at 0x7f2fe5c638c0>,26,1,[9 5],27,61,62,34,40
1,<environment.Job instance at 0x7f2fe5c63be0>,25,15,[9 3],26,62,77,36,49
1,<environment.Job instance at 0x7f2fe60a0d70>,40,12,[10  5],41,77,89,36,77
1,<environment.Job instance at 0x7f2fe60a0dc0>,43,12,[6 1],44,89,101,45,81
1,<environment.Job instance at 0x7f2fa23e2e10>,51,21,[6 3],52,101,122,49,93
1,<environment.Job instance at 0x7f2fe600f640>,55,23,[1 7],56,119,142,63,119
1,<environment.Job instance at 0x7f2fe600f370>,60,16,[5 8],61,142,158,81,130
1,<environment.Job instance at 0x7f2fe600f320>,1,16,[ 4 10],2,2,18,0,2
1,<environment.Job instance at 0x7f2fe5a8acd0>,6,18,[3 5],7,18,36,11,8
1,<environment.Job instance at 0x7f2fe5a8ab90>,16,15,[4 6],17,36,51,19,27
1,<environment.Job instance at 0x7f2fec533e10>,30,14,[6 2],31,42,56,11,42
1,<environment.Job instance at 0x7f2fec533780>,32,15,[6 4],33,56,71,23,42
1,<environment.Job instance at 0x7f2fe60a2af0>,38,13,[5 8],39,71,84,32,64
1,<environment.Job instance at 0x7f2fe60a2140>,41,3,[1 9],42,84,87,42,82
1,<environment.Job instance at 0x7f2fe60a20a0>,42,15,[7 1],43,87,102,44,87
1,<environment.Job instance at 0x7f2feca49780>,49,2,[5 1],50,102,104,52,102
1,<environment.Job instance at 0x7f2fe5b62eb0>,50,12,[4 7],51,103,115,52,103
1,<environment.Job instance at 0x7f2fe5b62500>,52,14,[6 1],53,113,127,60,113
1,<environment.Job instance at 0x7f2fec9cff00>,58,3,[10  1],59,127,130,68,115
1,<environment.Job instance at 0x7f2fec9cf780>,61,20,[3 8],62,130,150,68,122
1,<environment.Job instance at 0x7f2fa2261690>,2,12,[6 5],3,3,15,0,3
1,<environment.Job instance at 0x7f2fa24da5a0>,13,2,[6 1],14,15,17,1,14
1,<environment.Job instance at 0x7f2fec99b190>,18,16,[8 1],19,23,39,4,23
1,<environment.Job instance at 0x7f2fec99b0f0>,22,17,[10  4],23,39,56,16,27
1,<environment.Job instance at 0x7f2fec8cc5f0>,30,2,[9 4],31,56,58,25,48
1,<environment.Job instance at 0x7f2fec9747d0>,31,1,[9 3],32,58,59,26,48
1,<environment.Job instance at 0x7f2fe5aadf00>,32,17,[6 2],33,59,76,26,48
1,<environment.Job instance at 0x7f2fe5eb0780>,36,2,[1 8],37,61,63,24,61
1,<environment.Job instance at 0x7f2fa2534870>,37,1,[5 2],38,76,77,38,61
1,<environment.Job instance at 0x7f2fe5e00370>,38,3,[3 9],39,77,80,38,61
1,<environment.Job instance at 0x7f2fec974a00>,28,15,[7 5],29,80,95,51,66
1,<environment.Job instance at 0x7f2fa24fd280>,47,18,[9 4],48,117,135,69,117
1,<environment.Job instance at 0x7f2fe5cbda50>,52,14,[5 5],53,135,149,82,134
1,<environment.Job instance at 0x7f2fec9a71e0>,3,12,[6 4],4,4,16,0,4
1,<environment.Job instance at 0x7f2fe5977820>,4,22,[2 7],5,16,38,11,10
1,<environment.Job instance at 0x7f2fa1c567d0>,12,15,[6 5],13,38,53,25,24
1,<environment.Job instance at 0x7f2fec4f2280>,28,13,[2 8],29,53,66,24,47
1,<environment.Job instance at 0x7f2fec5c1320>,31,22,[4 5],32,66,88,34,59
1,<environment.Job instance at 0x7f2fa1fb6280>,43,17,[5 9],44,88,105,44,83
1,<environment.Job instance at 0x7f2fe5a84d20>,48,19,[3 7],49,105,124,56,100
1,<environment.Job instance at 0x7f2fa1d2f5a0>,57,16,[8 1],58,124,140,66,117
1,<environment.Job instance at 0x7f2fa1be4f50>,4,12,[3 8],5,16,28,11,16
1,<environment.Job instance at 0x7f2fa1bd97d0>,17,16,[10  1],18,28,44,10,19
1,<environment.Job instance at 0x7f2fa1d2ddc0>,24,13,[4 6],25,44,57,19,30
1,<environment.Job instance at 0x7f2fa1d2d1e0>,27,23,[6 1],28,47,70,19,47
1,<environment.Job instance at 0x7f2fa1d2d410>,34,13,[9 5],35,72,85,37,72
1,<environment.Job instance at 0x7f2fa1be5230>,40,1,[4 7],41,85,86,44,85
1,<environment.Job instance at 0x7f2fa1b85550>,58,18,[4 6],59,128,146,69,128
1,<environment.Job instance at 0x7f2fa1b85b90>,59,15,[9 3],60,146,161,86,132
1,<environment.Job instance at 0x7f2fe5e16b40>,1,12,[3 7],2,2,14,0,2
1,<environment.Job instance at 0x7f2feca21960>,2,14,[6 1],3,3,17,0,3
1,<environment.Job instance at 0x7f2fe607fc30>,5,16,[4 8],6,14,30,8,7
1,<environment.Job instance at 0x7f2fe608e0f0>,11,19,[6 2],12,17,36,5,17
1,<environment.Job instance at 0x7f2fe609e050>,13,13,[5 2],14,36,49,22,27
1,<environment.Job instance at 0x7f2fe6087230>,21,12,[8 5],22,49,61,27,32
1,<environment.Job instance at 0x7f2fa222d460>,35,18,[3 9],36,70,88,34,70
1,<environment.Job instance at 0x7f2fe5d68640>,41,28,[7 1],42,99,127,57,99
1,<environment.Job instance at 0x7f2fe5d580f0>,51,13,[6 1],52,127,140,75,125
1,<environment.Job instance at 0x7f2fe5d58be0>,52,16,[1 6],53,125,141,72,125
1,<environment.Job instance at 0x7f2fa1cbe870>,6,18,[9 3],7,8,26,1,8
1,<environment.Job instance at 0x7f2fa1cbe0f0>,12,26,[5 4],13,27,53,14,27
1,<environment.Job instance at 0x7f2fecb3e690>,34,12,[5 6],35,80,92,45,80
1,<environment.Job instance at 0x7f2fe5f95280>,35,23,[9 5],36,92,115,56,86
1,<environment.Job instance at 0x7f2fec868d70>,2,12,[8 4],3,3,15,0,3
1,<environment.Job instance at 0x7f2fec868e60>,4,16,[5 4],5,15,31,10,5
1,<environment.Job instance at 0x7f2fec8680a0>,5,13,[5 6],6,15,28,9,6
1,<environment.Job instance at 0x7f2fe6041af0>,17,3,[6 5],18,31,34,13,19
1,<environment.Job instance at 0x7f2fec873eb0>,35,16,[1 6],36,36,52,0,36
1,<environment.Job instance at 0x7f2fec873cd0>,37,18,[7 1],38,38,56,0,38
1,<environment.Job instance at 0x7f2fe5a221e0>,43,14,[10  5],44,56,70,12,50
1,<environment.Job instance at 0x7f2fe5a226e0>,45,1,[4 6],46,70,71,24,51
1,<environment.Job instance at 0x7f2fe5a22a50>,46,1,[9 4],47,71,72,24,51
1,<environment.Job instance at 0x7f2fe5a22e60>,49,13,[ 5 10],50,72,85,22,61
1,<environment.Job instance at 0x7f2fa1d27a50>,63,17,[2 7],64,115,132,51,115
1,<environment.Job instance at 0x7f2fec9cd910>,3,18,[5 2],4,4,22,0,4
1,<environment.Job instance at 0x7f2fe5f8c5a0>,11,2,[7 2],12,22,24,10,16
1,<environment.Job instance at 0x7f2fa2055730>,18,12,[6 4],19,24,36,5,24
1,<environment.Job instance at 0x7f2fa2055870>,22,13,[7 3],23,36,49,13,30
1,<environment.Job instance at 0x7f2fa1f2c2d0>,37,17,[7 4],38,69,86,31,69
1,<environment.Job instance at 0x7f2fe5fe2500>,42,13,[7 1],43,86,99,43,70
1,<environment.Job instance at 0x7f78e3386370>,4,15,[ 4 10],5,7,22,2,7
1,<environment.Job instance at 0x7f78e33867d0>,11,1,[3 9],12,22,23,10,12
1,<environment.Job instance at 0x7f78e3386a00>,12,1,[7 2],13,23,24,10,14
1,<environment.Job instance at 0x7f78e3386640>,7,21,[3 6],8,23,44,15,16
1,<environment.Job instance at 0x7f78e338a5a0>,22,26,[7 2],23,32,58,9,32
1,<environment.Job instance at 0x7f78e338ae60>,30,17,[2 5],31,44,61,13,39
1,<environment.Job instance at 0x7f78e3387370>,34,16,[7 5],35,62,78,27,62
1,<environment.Job instance at 0x7f78e3387960>,43,14,[5 6],44,78,92,34,64
1,<environment.Job instance at 0x7f78e3387f00>,50,14,[9 4],51,98,112,47,98
1,<environment.Job instance at 0x7f78e3387dc0>,51,18,[9 2],52,112,130,60,101
1,<environment.Job instance at 0x7f78ea90c4b0>,3,1,[5 9],4,5,6,1,5
1,<environment.Job instance at 0x7f78e338e820>,1,18,[5 5],2,10,28,8,10
1,<environment.Job instance at 0x7f78ea907690>,13,18,[1 7],14,28,46,14,17
1,<environment.Job instance at 0x7f78ea7becd0>,24,14,[5 6],25,56,70,31,56
1,<environment.Job instance at 0x7f78ea7bd410>,33,23,[5 8],34,78,101,44,78
1,<environment.Job instance at 0x7f789f69f780>,4,12,[2 7],5,5,17,0,5
1,<environment.Job instance at 0x7f789f62d410>,9,16,[7 2],10,19,35,9,19
1,<environment.Job instance at 0x7f789f63fe60>,26,14,[5 5],27,35,49,8,27
1,<environment.Job instance at 0x7f789f5d9d20>,36,1,[7 1],37,49,50,12,37
1,<environment.Job instance at 0x7f789f5d9500>,32,23,[6 1],33,50,73,17,46
1,<environment.Job instance at 0x7f789f6a2050>,40,14,[5 3],41,73,87,32,59
1,<environment.Job instance at 0x7f789f6a2730>,46,15,[10  4],47,87,102,40,73
1,<environment.Job instance at 0x7f78e384a550>,54,16,[4 9],55,102,118,47,98
1,<environment.Job instance at 0x7f789f732050>,60,15,[9 1],61,118,133,57,105
1,<environment.Job instance at 0x7f78e30f6410>,69,16,[3 9],70,133,149,63,121
1,<environment.Job instance at 0x7f78e37a8e60>,9,14,[3 5],10,11,25,1,11
1,<environment.Job instance at 0x7f78e39e1c80>,11,1,[3 9],12,25,26,13,13
1,<environment.Job instance at 0x7f78e33dc910>,12,15,[1 7],13,26,41,13,16
1,<environment.Job instance at 0x7f789fb1ffa0>,26,17,[7 4],27,47,64,20,47
1,<environment.Job instance at 0x7f789fc62a00>,45,14,[2 7],46,118,132,72,118
1,<environment.Job instance at 0x7f789f5f14b0>,54,27,[7 4],55,138,165,83,138
1,<environment.Job instance at 0x7f789f6894b0>,0,12,[5 1],1,1,13,0,1
1,<environment.Job instance at 0x7f789fc2dbe0>,16,14,[1 7],17,34,48,17,34
1,<environment.Job instance at 0x7f789fc2d460>,18,15,[4 7],19,48,63,29,42
1,<environment.Job instance at 0x7f789f9bb960>,29,15,[9 1],30,74,89,44,74
1,<environment.Job instance at 0x7f789f9bbe60>,32,16,[4 7],33,89,105,56,76
1,<environment.Job instance at 0x7f789f9a5a00>,44,22,[5 2],45,122,144,77,122
1,<environment.Job instance at 0x7f789f9a5280>,46,16,[4 5],47,123,139,76,123
1,<environment.Job instance at 0x7f789f9abb90>,52,2,[4 6],53,149,151,96,149
1,<environment.Job instance at 0x7f789fa7e320>,0,15,[6 4],1,1,16,0,1
1,<environment.Job instance at 0x7f78e3e09140>,9,26,[ 1 10],10,16,42,6,13
1,<environment.Job instance at 0x7f78e3eb86e0>,25,16,[8 5],26,42,58,16,29
1,<environment.Job instance at 0x7f78e3eb8f50>,36,12,[4 7],37,58,70,21,56
1,<environment.Job instance at 0x7f78e32687d0>,24,13,[9 1],25,70,83,45,57
1,<environment.Job instance at 0x7f78e3812690>,42,12,[1 6],43,84,96,41,84
1,<environment.Job instance at 0x7f78e3812f00>,43,13,[6 3],44,88,101,44,88
1,<environment.Job instance at 0x7f78e3812820>,47,18,[2 9],48,101,119,53,90
1,<environment.Job instance at 0x7f78e3825f50>,54,15,[5 6],55,119,134,64,107
1,<environment.Job instance at 0x7f78e3825d20>,57,17,[4 9],58,134,151,76,123
1,<environment.Job instance at 0x7f78e34895a0>,11,17,[7 5],12,13,30,1,13
1,<environment.Job instance at 0x7f78e3489e60>,13,18,[7 4],14,30,48,16,21
1,<environment.Job instance at 0x7f78e3a6bcd0>,21,18,[8 2],22,55,73,33,55
1,<environment.Job instance at 0x7f78e3f7c460>,25,19,[1 7],26,56,75,30,56
1,<environment.Job instance at 0x7f78e342eaa0>,30,2,[ 3 10],31,75,77,44,65
1,<environment.Job instance at 0x7f78e3996190>,41,15,[2 5],42,102,117,60,102
1,<environment.Job instance at 0x7f78e3996050>,42,15,[9 1],43,117,132,74,103
1,<environment.Job instance at 0x7f789fa4bcd0>,49,16,[4 8],50,132,148,82,119
1,<environment.Job instance at 0x7f789f8da550>,55,14,[ 2 10],56,148,162,92,135
1,<environment.Job instance at 0x7f789f82d9b0>,0,24,[7 3],1,2,26,1,2
1,<environment.Job instance at 0x7f789f756f00>,5,17,[4 9],6,26,43,20,15
1,<environment.Job instance at 0x7f789f77eaa0>,18,13,[1 8],19,43,56,24,27
1,<environment.Job instance at 0x7f789f77ecd0>,19,2,[5 6],20,56,58,36,32
1,<environment.Job instance at 0x7f789f77eaf0>,22,3,[7 2],23,43,46,20,32
1,<environment.Job instance at 0x7f789f775b90>,35,17,[5 4],36,57,74,21,57
1,<environment.Job instance at 0x7f789f7d25f0>,2,26,[3 6],3,3,29,0,3
1,<environment.Job instance at 0x7f78e33dd870>,16,16,[5 6],17,29,45,12,22
1,<environment.Job instance at 0x7f78e32354b0>,28,18,[3 8],29,54,72,25,54
1,<environment.Job instance at 0x7f78e390d280>,34,13,[4 5],35,72,85,37,63
1,<environment.Job instance at 0x7f78e34110a0>,39,13,[8 1],40,85,98,45,71
1,<environment.Job instance at 0x7f78e36127d0>,43,13,[5 5],44,98,111,54,84
1,<environment.Job instance at 0x7f78e3c34910>,57,17,[10  4],58,111,128,53,111
1,<environment.Job instance at 0x7f78e3536dc0>,11,25,[6 5],12,128,153,116,127
1,<environment.Job instance at 0x7f78e374a410>,65,1,[5 2],66,153,154,87,127
1,<environment.Job instance at 0x7f78e403fa00>,0,13,[8 1],1,1,14,0,1
1,<environment.Job instance at 0x7f789fc42af0>,4,18,[4 7],5,14,32,9,5
1,<environment.Job instance at 0x7f789fa9c140>,6,15,[8 4],7,32,47,25,19
1,<environment.Job instance at 0x7f78e37dc410>,19,14,[2 6],20,37,51,17,37
1,<environment.Job instance at 0x7f789fa36a00>,23,12,[5 6],24,51,63,27,37
1,<environment.Job instance at 0x7f789fb2ceb0>,32,17,[6 4],33,63,80,30,55
1,<environment.Job instance at 0x7f789f8b5230>,38,18,[7 5],39,80,98,41,75
1,<environment.Job instance at 0x7f78e3598d70>,43,15,[8 2],44,98,113,54,94
1,<environment.Job instance at 0x7f78e3e0e500>,46,15,[ 4 10],47,113,128,66,99
1,<environment.Job instance at 0x7f78e35cc4b0>,65,18,[3 9],66,133,151,67,133
1,<environment.Job instance at 0x7f78e3d40dc0>,0,15,[6 1],1,1,16,0,1
1,<environment.Job instance at 0x7f78e36228c0>,12,3,[5 5],13,16,19,3,14
1,<environment.Job instance at 0x7f78e3622a00>,13,2,[9 5],14,19,21,5,15
1,<environment.Job instance at 0x7f78e3622f50>,19,1,[10  1],20,21,22,1,20
1,<environment.Job instance at 0x7f78e3622460>,8,20,[7 3],9,23,43,14,23
1,<environment.Job instance at 0x7f78e363b190>,22,19,[1 9],23,43,62,20,34
1,<environment.Job instance at 0x7f78e363bc30>,33,17,[ 1 10],34,62,79,28,50
1,<environment.Job instance at 0x7f78e3618460>,38,20,[ 1 10],39,79,99,40,74
1,<environment.Job instance at 0x7f78e3618960>,46,15,[8 4],47,99,114,52,88
1,<environment.Job instance at 0x7f78e3605190>,53,14,[5 2],54,114,128,60,108
1,<environment.Job instance at 0x7f78e3605230>,54,1,[ 3 10],55,128,129,73,108
1,<environment.Job instance at 0x7f78e3605550>,59,2,[4 9],60,129,131,69,128
1,<environment.Job instance at 0x7f78e363b6e0>,28,28,[10  1],29,131,159,102,130
1,<environment.Job instance at 0x7f78e3605a50>,66,3,[8 3],67,159,162,92,134
1,<environment.Job instance at 0x7f789f95d9b0>,0,20,[7 3],1,1,21,0,1
1,<environment.Job instance at 0x7f789f5a08c0>,7,22,[6 1],8,21,43,13,17
1,<environment.Job instance at 0x7f789fd2b870>,17,21,[2 5],18,18,39,0,18
1,<environment.Job instance at 0x7f78e36957d0>,25,1,[1 8],26,39,40,13,26
1,<environment.Job instance at 0x7f78e36953c0>,26,3,[9 4],27,43,46,16,27
1,<environment.Job instance at 0x7f78e3695a50>,31,12,[9 5],32,51,63,19,51
1,<environment.Job instance at 0x7f78e3803960>,33,16,[5 8],34,63,79,29,52
1,<environment.Job instance at 0x7f78e34212d0>,41,16,[ 4 10],42,79,95,37,66
1,<environment.Job instance at 0x7f78e34215a0>,49,25,[1 7],50,103,128,53,103
1,<environment.Job instance at 0x7f789f577d70>,57,17,[5 9],58,128,145,70,117
1,<environment.Job instance at 0x7f78e3b0e0a0>,61,17,[6 5],62,145,162,83,133
1,<environment.Job instance at 0x7f789f970550>,1,13,[ 4 10],2,2,15,0,2
1,<environment.Job instance at 0x7f78e361cb90>,3,18,[2 8],4,15,33,11,4
1,<environment.Job instance at 0x7f78e361c050>,7,13,[7 5],8,33,46,25,18
1,<environment.Job instance at 0x7f78e3598370>,25,25,[3 5],26,48,73,22,48
1,<environment.Job instance at 0x7f78e3598410>,26,18,[4 6],27,73,91,46,62
1,<environment.Job instance at 0x7f78e3598500>,31,19,[6 1],32,62,81,30,62
1,<environment.Job instance at 0x7f78e3517640>,37,18,[9 2],38,91,109,53,85
1,<environment.Job instance at 0x7f78e3517af0>,42,1,[9 4],43,109,110,66,98
1,<environment.Job instance at 0x7f789fc6a0f0>,46,14,[2 7],47,110,124,63,98
1,<environment.Job instance at 0x7f789fc6aaa0>,48,16,[8 1],49,110,126,61,107
1,<environment.Job instance at 0x7f789fc6a0a0>,53,17,[8 1],54,126,143,72,115
1,<environment.Job instance at 0x7f78e3c421e0>,58,15,[7 5],59,143,158,84,140
1,<environment.Job instance at 0x7f789f7d10a0>,2,13,[3 9],3,3,16,0,3
1,<environment.Job instance at 0x7f78e39b5cd0>,4,17,[6 1],5,5,22,0,5
1,<environment.Job instance at 0x7f78e39b58c0>,6,13,[4 7],7,16,29,9,7
1,<environment.Job instance at 0x7f78e3992b40>,11,17,[5 1],12,22,39,10,13
1,<environment.Job instance at 0x7f78e3992fa0>,14,12,[1 5],15,29,41,14,15
1,<environment.Job instance at 0x7f789f7a5910>,29,2,[10  4],30,41,43,11,36
1,<environment.Job instance at 0x7f789f7c9410>,30,12,[8 5],31,43,55,12,39
1,<environment.Job instance at 0x7f78e31720f0>,32,15,[6 5],33,55,70,22,49
1,<environment.Job instance at 0x7f78e3355c30>,41,13,[5 8],42,71,84,29,71
1,<environment.Job instance at 0x7f78e3355730>,43,12,[9 4],44,84,96,40,71
1,<environment.Job instance at 0x7f78e33625f0>,53,18,[1 5],54,96,114,42,96
1,<environment.Job instance at 0x7f78e3b62280>,57,15,[7 5],58,98,113,40,98
1,<environment.Job instance at 0x7f78e3b62fa0>,61,19,[4 5],62,113,132,51,111
1,<environment.Job instance at 0x7f78e3b62b90>,63,17,[5 9],64,132,149,68,120
1,<environment.Job instance at 0x7f78e3b62cd0>,1,25,[3 7],2,4,29,2,4
1,<environment.Job instance at 0x7f789fc69550>,8,3,[3 9],9,29,32,20,14
1,<environment.Job instance at 0x7f78e37a5050>,14,12,[3 8],15,32,44,17,15
1,<environment.Job instance at 0x7f789fbeb0a0>,18,2,[1 6],19,44,46,25,21
1,<environment.Job instance at 0x7f78e3a42960>,29,16,[5 3],30,44,60,14,42
1,<environment.Job instance at 0x7f78e3a427d0>,33,20,[9 5],34,60,80,26,51
1,<environment.Job instance at 0x7f78e3a890f0>,44,13,[9 5],45,89,102,44,89
1,<environment.Job instance at 0x7f78ea698910>,48,2,[7 2],49,102,104,53,89
1,<environment.Job instance at 0x7f789fb45eb0>,51,1,[4 5],52,104,105,52,91
1,<environment.Job instance at 0x7f789fb45500>,54,2,[5 4],55,104,106,49,93
1,<environment.Job instance at 0x7f789f597d70>,40,15,[10  2],41,106,121,65,96
1,<environment.Job instance at 0x7f789f57e820>,10,3,[5 4],11,11,14,0,11
1,<environment.Job instance at 0x7f789f57e460>,9,12,[ 3 10],10,14,26,4,13
1,<environment.Job instance at 0x7f789f57e370>,11,19,[6 2],12,26,45,14,19
1,<environment.Job instance at 0x7f78e37e1aa0>,17,14,[3 6],18,28,42,10,28
1,<environment.Job instance at 0x7f78e37e1fa0>,19,16,[ 5 10],20,45,61,25,35
1,<environment.Job instance at 0x7f78e37e10f0>,20,2,[10  3],21,61,63,40,45
1,<environment.Job instance at 0x7f78e367e6e0>,26,2,[2 6],27,63,65,36,48
1,<environment.Job instance at 0x7f78e367e500>,28,14,[1 6],29,65,79,36,50
1,<environment.Job instance at 0x7f78e367e8c0>,34,1,[8 2],35,63,64,28,58
1,<environment.Job instance at 0x7f78e367e730>,25,26,[9 4],26,65,91,39,62
1,<environment.Job instance at 0x7f78e36f24b0>,40,1,[ 2 10],41,91,92,50,85
1,<environment.Job instance at 0x7f78e367e140>,38,22,[5 4],39,92,114,53,85
1,<environment.Job instance at 0x7f78e36f2e10>,48,3,[1 9],49,114,117,65,101
1,<environment.Job instance at 0x7f78e36f20f0>,49,2,[7 5],50,117,119,67,101
1,<environment.Job instance at 0x7f78e36f2a00>,50,3,[4 6],51,101,104,50,101
1,<environment.Job instance at 0x7f78e36f25f0>,51,13,[6 1],52,119,132,67,106
1,<environment.Job instance at 0x7f78e3e76230>,60,12,[8 1],61,132,144,71,118
1,<environment.Job instance at 0x7f78e3886c80>,0,13,[8 5],1,1,14,0,1
1,<environment.Job instance at 0x7f78e3b3ee60>,9,15,[2 7],10,14,29,4,10
1,<environment.Job instance at 0x7f78e3b14050>,14,17,[2 9],15,29,46,14,17
1,<environment.Job instance at 0x7f78e3b35780>,24,12,[5 6],25,46,58,21,39
1,<environment.Job instance at 0x7f78e3b37a00>,28,15,[1 5],29,58,73,29,47
1,<environment.Job instance at 0x7f78e3b31aa0>,33,26,[6 4],34,65,91,31,65
1,<environment.Job instance at 0x7f78e3ac6500>,37,17,[5 8],38,91,108,53,79
1,<environment.Job instance at 0x7f78e319f820>,50,24,[4 8],51,125,149,74,125
1,<environment.Job instance at 0x7f789f38ef00>,9,14,[8 5],10,10,24,0,10
1,<environment.Job instance at 0x7f78e3194050>,11,19,[6 3],12,24,43,12,15
1,<environment.Job instance at 0x7f78e3408230>,15,16,[1 6],16,24,40,8,16
1,<environment.Job instance at 0x7f789f3fee60>,32,20,[7 1],33,43,63,10,37
1,<environment.Job instance at 0x7f789f3fec80>,36,17,[8 4],37,63,80,26,52
1,<environment.Job instance at 0x7f78e33770f0>,48,12,[7 2],49,80,92,31,73
1,<environment.Job instance at 0x7f789f7e3c80>,51,15,[1 7],52,80,95,28,74
1,<environment.Job instance at 0x7f78e3e7daf0>,57,15,[1 6],58,95,110,37,85
1,<environment.Job instance at 0x7f78e3e7dd20>,61,21,[8 3],62,113,134,51,113
1,<environment.Job instance at 0x7f78e3cc85a0>,4,23,[6 3],5,6,29,1,6
1,<environment.Job instance at 0x7f789fb97050>,13,16,[7 2],14,29,45,15,16
1,<environment.Job instance at 0x7f78e3cfa410>,23,16,[2 5],24,41,57,17,41
1,<environment.Job instance at 0x7f78e35dcaf0>,29,23,[2 5],30,56,79,26,56
1,<environment.Job instance at 0x7f78e35dc640>,38,17,[5 9],39,79,96,40,67
1,<environment.Job instance at 0x7f78e38fc410>,46,12,[8 2],47,96,108,49,87
1,<environment.Job instance at 0x7f789f8dde10>,52,13,[9 3],53,109,122,56,109
1,<environment.Job instance at 0x7f789f8ddcd0>,55,17,[5 7],56,125,142,69,125
1,<environment.Job instance at 0x7f78e3250f50>,61,14,[ 5 10],62,142,156,80,136
1,<environment.Job instance at 0x7f789f430f00>,0,22,[2 8],1,1,23,0,1
1,<environment.Job instance at 0x7f78e3da2d70>,10,2,[1 6],11,23,25,12,11
1,<environment.Job instance at 0x7f78e404c190>,12,14,[5 5],13,25,39,12,22
1,<environment.Job instance at 0x7f78e3a05c30>,31,14,[4 6],32,40,54,8,40
1,<environment.Job instance at 0x7f78e3a054b0>,35,14,[5 5],36,54,68,18,41
1,<environment.Job instance at 0x7f78e36c1cd0>,51,23,[1 8],52,120,143,68,120
1,<environment.Job instance at 0x7fc6b2190370>,4,15,[ 4 10],5,6,21,1,6
1,<environment.Job instance at 0x7fc6b2190640>,7,21,[3 6],8,21,42,13,13
1,<environment.Job instance at 0x7fc6b21943c0>,22,26,[7 2],23,24,50,1,24
1,<environment.Job instance at 0x7fc6b2194f50>,32,16,[9 1],33,50,66,17,44
1,<environment.Job instance at 0x7fc6b2191370>,34,16,[7 5],35,66,82,31,57
1,<environment.Job instance at 0x7fc6b2191af0>,43,14,[5 6],44,82,96,38,67
1,<environment.Job instance at 0x7fc6b2191e60>,47,3,[7 2],48,96,99,48,70
1,<environment.Job instance at 0x7fc6b21980f0>,52,1,[ 4 10],53,99,100,46,99
1,<environment.Job instance at 0x7fc6b2191f50>,51,18,[9 2],52,100,118,48,99
1,<environment.Job instance at 0x7fc6b2198050>,53,17,[9 2],54,118,135,64,106
1,<environment.Job instance at 0x7fc6b21986e0>,58,2,[9 5],59,135,137,76,125
1,<environment.Job instance at 0x7fc6b2198690>,59,3,[3 8],60,137,140,77,125
1,<environment.Job instance at 0x7fc6b2198c30>,65,14,[1 8],66,140,154,74,132
1,<environment.Job instance at 0x7fc6b21aa0f0>,0,12,[8 4],1,1,13,0,1
1,<environment.Job instance at 0x7fc6b971b5f0>,6,12,[7 1],7,13,25,6,8
1,<environment.Job instance at 0x7fc6b971b4b0>,7,14,[2 8],8,13,27,5,12
1,<environment.Job instance at 0x7fc6b9711280>,15,18,[ 5 10],16,27,45,11,16
1,<environment.Job instance at 0x7fc6b9713730>,22,3,[5 4],23,45,48,22,35
1,<environment.Job instance at 0x7fc6b971be10>,11,19,[2 5],12,45,64,33,38
1,<environment.Job instance at 0x7fc6b9711eb0>,17,24,[ 2 10],18,73,97,55,73
1,<environment.Job instance at 0x7fc6b9716c80>,39,13,[7 5],40,97,110,57,86
1,<environment.Job instance at 0x7fc6b970d640>,48,1,[2 6],49,110,111,61,110
1,<environment.Job instance at 0x7fc6b970d960>,49,18,[ 4 10],50,111,129,61,111
1,<environment.Job instance at 0x7fc6b95c7780>,52,15,[1 8],53,129,144,76,117
1,<environment.Job instance at 0x7fc6b95c7230>,55,26,[ 3 10],56,146,172,90,146
1,<environment.Job instance at 0x7fc6b959f9b0>,3,15,[10  2],4,4,19,0,4
1,<environment.Job instance at 0x7fc66e52a690>,12,23,[6 1],13,19,42,6,13
1,<environment.Job instance at 0x7fc6b2608c80>,20,14,[5 3],21,42,56,21,27
1,<environment.Job instance at 0x7fc66e3ef370>,30,15,[9 3],31,56,71,25,52
1,<environment.Job instance at 0x7fc66e3ef730>,29,16,[5 9],30,71,87,41,60
1,<environment.Job instance at 0x7fc66e4b6cd0>,41,3,[5 9],42,87,90,45,67
1,<environment.Job instance at 0x7fc66e4b6e60>,43,16,[5 7],44,90,106,46,80
1,<environment.Job instance at 0x7fc66e570370>,13,3,[8 3],14,15,18,1,15
1,<environment.Job instance at 0x7fc66e8dfc30>,27,17,[7 3],28,70,87,42,70
1,<environment.Job instance at 0x7fc6b68cb690>,34,3,[3 9],35,87,90,52,87
1,<environment.Job instance at 0x7fc6b2535780>,36,2,[ 1 10],37,92,94,55,92
1,<environment.Job instance at 0x7fc6b2535820>,38,2,[8 1],39,106,108,67,106
1,<environment.Job instance at 0x7fc6b2535a50>,39,2,[2 5],40,106,108,66,106
1,<environment.Job instance at 0x7fc6b2535eb0>,41,14,[6 1],42,108,122,66,107
1,<environment.Job instance at 0x7fc6b2535190>,44,17,[5 5],45,122,139,77,110
1,<environment.Job instance at 0x7fc6b1f0cd20>,50,16,[9 2],51,139,155,88,138
1,<environment.Job instance at 0x7fc66e96b6e0>,54,15,[5 9],55,155,170,100,141
1,<environment.Job instance at 0x7fc66ea63e60>,0,27,[6 2],1,3,30,2,3
1,<environment.Job instance at 0x7fc66ea275a0>,12,2,[4 6],13,13,15,0,13
1,<environment.Job instance at 0x7fc66ea27320>,13,3,[6 3],14,30,33,16,14
1,<environment.Job instance at 0x7fc6b25f2dc0>,5,20,[8 3],6,33,53,27,24
1,<environment.Job instance at 0x7fc6b6c85050>,31,15,[10  2],32,53,68,21,52
1,<environment.Job instance at 0x7fc6b6c85780>,34,19,[6 1],35,68,87,33,62
1,<environment.Job instance at 0x7fc6b6c8b140>,50,24,[4 8],51,99,123,48,99
1,<environment.Job instance at 0x7fc6b1fa55f0>,3,14,[1 5],4,4,18,0,4
1,<environment.Job instance at 0x7fc6b6b6d7d0>,4,15,[5 6],5,18,33,13,8
1,<environment.Job instance at 0x7fc6b6877910>,15,12,[4 7],16,33,45,17,23
1,<environment.Job instance at 0x7fc6b6877eb0>,21,14,[10  3],22,45,59,23,35
1,<environment.Job instance at 0x7fc6b6877af0>,28,12,[1 7],29,59,71,30,48
1,<environment.Job instance at 0x7fc6b6b7ae60>,32,17,[1 9],33,71,88,38,63
1,<environment.Job instance at 0x7fc6b6b6de60>,7,17,[4 9],8,88,105,80,85
1,<environment.Job instance at 0x7fc6b25550f0>,44,14,[5 5],45,105,119,60,93
1,<environment.Job instance at 0x7fc6b6b58c80>,57,12,[2 7],58,119,131,61,114
1,<environment.Job instance at 0x7fc6b2616730>,63,15,[3 7],64,131,146,67,120
1,<environment.Job instance at 0x7fc6b20f5a00>,6,18,[2 5],7,8,26,1,8
1,<environment.Job instance at 0x7fc6b20f5550>,12,12,[5 5],13,28,40,15,28
1,<environment.Job instance at 0x7fc6b20a13c0>,17,16,[5 1],18,28,44,10,28
1,<environment.Job instance at 0x7fc6b20a19b0>,18,16,[4 9],19,40,56,21,29
1,<environment.Job instance at 0x7fc6b20a1820>,23,16,[4 9],24,56,72,32,44
1,<environment.Job instance at 0x7fc6b67a4be0>,37,18,[8 5],38,72,90,34,63
1,<environment.Job instance at 0x7fc6b6750a00>,32,26,[2 7],33,90,116,57,88
1,<environment.Job instance at 0x7fc66e6dc3c0>,52,13,[2 6],53,116,129,63,100
1,<environment.Job instance at 0x7fc6b675c7d0>,61,14,[4 8],62,129,143,67,124
1,<environment.Job instance at 0x7fc6b91a79b0>,67,15,[5 9],68,143,158,75,131
1,<environment.Job instance at 0x7fc6b68a1d70>,6,15,[ 1 10],7,12,27,5,12
1,<environment.Job instance at 0x7fc6b68c8550>,13,17,[8 4],14,27,44,13,20
1,<environment.Job instance at 0x7fc6b68c1410>,25,2,[7 1],26,44,46,18,30
1,<environment.Job instance at 0x7fc6b68c1320>,24,15,[9 1],25,46,61,21,34
1,<environment.Job instance at 0x7fc6b689d140>,38,15,[4 6],39,61,76,22,54
1,<environment.Job instance at 0x7fc6b689d730>,42,25,[4 5],43,76,101,33,73
1,<environment.Job instance at 0x7fc6b689dc30>,50,1,[2 5],51,87,88,36,87
1,<environment.Job instance at 0x7fc6b689db90>,53,3,[7 3],54,101,104,47,89
1,<environment.Job instance at 0x7fc6b689dcd0>,51,15,[1 9],52,104,119,52,94
1,<environment.Job instance at 0x7fc6b68ac690>,62,13,[2 9],63,119,132,56,114
1,<environment.Job instance at 0x7fc6b68ac9b0>,66,1,[6 5],67,132,133,65,127
1,<environment.Job instance at 0x7fc6b68ac820>,68,1,[5 5],69,133,134,64,129
1,<environment.Job instance at 0x7fc6b67f5a00>,10,2,[5 7],11,13,15,2,13
1,<environment.Job instance at 0x7fc6b67f5140>,11,26,[1 7],12,15,41,3,13
1,<environment.Job instance at 0x7fc6b2055960>,17,15,[6 2],18,18,33,0,18
1,<environment.Job instance at 0x7fc6b696c190>,20,15,[3 8],21,41,56,20,28
1,<environment.Job instance at 0x7fc6b22b5af0>,23,21,[5 1],24,33,54,9,32
1,<environment.Job instance at 0x7fc6b22b5e10>,30,18,[2 5],31,56,74,25,49
1,<environment.Job instance at 0x7fc6b685da00>,33,2,[4 5],34,56,58,22,51
1,<environment.Job instance at 0x7fc6b6c9feb0>,34,13,[9 1],35,74,87,39,59
1,<environment.Job instance at 0x7fc6b66e8c80>,40,24,[2 6],41,87,111,46,84
1,<environment.Job instance at 0x7fc66e4205f0>,46,3,[5 7],47,111,114,64,105
1,<environment.Job instance at 0x7fc6b25c3f00>,50,15,[6 1],51,115,130,64,115
1,<environment.Job instance at 0x7fc6b25c3cd0>,55,14,[5 5],56,130,144,74,119
1,<environment.Job instance at 0x7fc6b237b730>,9,15,[8 2],10,11,26,1,11
1,<environment.Job instance at 0x7fc6b66d2be0>,16,15,[4 6],17,26,41,9,17
1,<environment.Job instance at 0x7fc66e39f730>,19,14,[5 5],20,41,55,21,26
1,<environment.Job instance at 0x7fc6b237b9b0>,10,18,[7 3],11,55,73,44,44
1,<environment.Job instance at 0x7fc6b2104aa0>,33,12,[8 5],34,80,92,46,80
1,<environment.Job instance at 0x7fc6b6836230>,39,13,[1 8],40,92,105,52,80
1,<environment.Job instance at 0x7fc6b2541b40>,51,18,[5 5],52,112,130,60,112
1,<environment.Job instance at 0x7fc6b6c53320>,55,18,[1 9],56,135,153,79,135
1,<environment.Job instance at 0x7fc6b6c53280>,1,21,[6 3],2,2,23,0,2
1,<environment.Job instance at 0x7fc66e5035f0>,9,14,[ 2 10],10,23,37,13,10
1,<environment.Job instance at 0x7fc66e503f00>,17,3,[3 5],18,18,21,0,18
1,<environment.Job instance at 0x7fc66e4fb320>,23,12,[10  2],24,37,49,13,31
1,<environment.Job instance at 0x7fc66e4fb230>,24,13,[4 6],25,49,62,24,33
1,<environment.Job instance at 0x7fc66e4fbc80>,31,17,[8 5],32,70,87,38,70
1,<environment.Job instance at 0x7fc66e4fbbe0>,32,27,[ 2 10],33,87,114,54,85
1,<environment.Job instance at 0x7fc66e4fbf00>,33,16,[6 2],34,114,130,80,101
1,<environment.Job instance at 0x7fc66e4fb780>,30,18,[1 6],31,114,132,83,110
1,<environment.Job instance at 0x7fc66e4e0aa0>,48,2,[ 5 10],49,132,134,83,110
1,<environment.Job instance at 0x7fc66e4e0b90>,52,2,[7 5],53,134,136,81,113
1,<environment.Job instance at 0x7fc6b2515190>,60,20,[7 3],61,136,156,75,128
1,<environment.Job instance at 0x7fc6b25154b0>,1,17,[8 3],2,3,20,1,3
1,<environment.Job instance at 0x7fc66eb30050>,3,24,[ 3 10],4,20,44,16,15
1,<environment.Job instance at 0x7fc66e7e10f0>,14,3,[3 8],15,44,47,29,22
1,<environment.Job instance at 0x7fc66e7e1870>,17,16,[9 1],18,47,63,29,34
1,<environment.Job instance at 0x7fc66e7e1370>,23,24,[1 9],24,47,71,23,43
1,<environment.Job instance at 0x7fc6b95ca6e0>,29,19,[5 2],30,71,90,41,63
1,<environment.Job instance at 0x7fc6b95ca0a0>,36,14,[9 2],37,90,104,53,76
1,<environment.Job instance at 0x7fc66e3610f0>,46,3,[6 2],47,104,107,57,90
1,<environment.Job instance at 0x7fc66e3615f0>,50,3,[4 7],51,110,113,59,110
1,<environment.Job instance at 0x7fc66e361320>,52,3,[5 1],53,110,113,57,110
1,<environment.Job instance at 0x7fc66e361410>,45,15,[1 9],46,114,129,68,114
1,<environment.Job instance at 0x7fc66e3610a0>,55,13,[6 3],56,129,142,73,114
1,<environment.Job instance at 0x7fc66e3611e0>,60,14,[9 2],61,142,156,81,128
1,<environment.Job instance at 0x7fc6b2653960>,0,15,[9 1],1,1,16,0,1
1,<environment.Job instance at 0x7fc6b26537d0>,11,13,[ 1 10],12,16,29,4,13
1,<environment.Job instance at 0x7fc6b26bba50>,14,17,[10  1],15,29,46,14,18
1,<environment.Job instance at 0x7fc6b239daf0>,19,14,[8 3],20,46,60,26,34
1,<environment.Job instance at 0x7fc6b239dc80>,23,13,[3 6],24,60,73,36,46
1,<environment.Job instance at 0x7fc6b239d0f0>,27,16,[6 2],28,60,76,32,60
1,<environment.Job instance at 0x7fc6b239d370>,29,13,[8 3],30,76,89,46,61
1,<environment.Job instance at 0x7fc6b239dbe0>,32,15,[9 2],33,89,104,56,77
1,<environment.Job instance at 0x7fc6b231b410>,42,13,[3 9],43,104,117,61,89
1,<environment.Job instance at 0x7fc66e31b050>,46,13,[4 7],47,117,130,70,102
1,<environment.Job instance at 0x7fc6b20f1960>,53,14,[4 8],54,130,144,76,115
1,<environment.Job instance at 0x7fc6b20f19b0>,55,1,[2 9],56,144,145,88,116
1,<environment.Job instance at 0x7fc66e31b230>,48,18,[9 5],49,145,163,96,135
1,<environment.Job instance at 0x7fc6b2212960>,1,21,[6 2],2,2,23,0,2
1,<environment.Job instance at 0x7fc6b2054140>,3,12,[6 1],4,23,35,19,6
1,<environment.Job instance at 0x7fc6b6876780>,10,15,[4 6],11,11,26,0,11
1,<environment.Job instance at 0x7fc6b68768c0>,12,12,[2 8],13,26,38,13,14
1,<environment.Job instance at 0x7fc66e357190>,18,15,[5 9],19,38,53,19,24
1,<environment.Job instance at 0x7fc6b266a7d0>,27,12,[4 6],28,53,65,25,40
1,<environment.Job instance at 0x7fc66e7d70f0>,40,26,[5 4],41,70,96,29,70
1,<environment.Job instance at 0x7fc66e60c320>,50,14,[ 3 10],51,96,110,45,84
1,<environment.Job instance at 0x7fc66e60beb0>,55,16,[4 9],56,110,126,54,107
1,<environment.Job instance at 0x7fc6b25783c0>,65,15,[5 3],66,126,141,60,120
1,<environment.Job instance at 0x7fc6b222e640>,1,17,[ 1 10],2,3,20,1,3
1,<environment.Job instance at 0x7fc66e7637d0>,5,13,[10  1],6,20,33,14,6
1,<environment.Job instance at 0x7fc6b6d44e10>,20,15,[4 6],21,33,48,12,24
1,<environment.Job instance at 0x7fc66e6973c0>,30,3,[5 4],31,48,51,17,48
1,<environment.Job instance at 0x7fc6b25a6af0>,27,22,[5 9],28,53,75,25,53
1,<environment.Job instance at 0x7fc66e697730>,32,16,[2 8],33,75,91,42,62
1,<environment.Job instance at 0x7fc66e67b8c0>,42,1,[3 5],43,91,92,48,74
1,<environment.Job instance at 0x7fc66e67b190>,43,13,[8 4],44,92,105,48,78
1,<environment.Job instance at 0x7fc66e67bcd0>,46,2,[2 6],47,92,94,45,81
1,<environment.Job instance at 0x7fc6b6e6ccd0>,48,14,[1 6],49,94,108,45,83
1,<environment.Job instance at 0x7fc66e801820>,56,16,[5 9],57,117,133,60,117
1,<environment.Job instance at 0x7fc66e2d8e10>,24,17,[2 9],25,77,94,52,77
1,<environment.Job instance at 0x7fc66e16d910>,35,23,[9 5],36,113,136,77,113
1,<environment.Job instance at 0x7fc66e716d20>,9,14,[8 5],10,10,24,0,10
1,<environment.Job instance at 0x7fc66e6e9230>,11,19,[6 3],12,24,43,12,15
1,<environment.Job instance at 0x7fc66e6e9dc0>,19,1,[6 1],20,43,44,23,22
1,<environment.Job instance at 0x7fc6b2136cd0>,26,1,[9 4],27,44,45,17,27
1,<environment.Job instance at 0x7fc6b21366e0>,27,3,[10  1],28,45,48,17,28
1,<environment.Job instance at 0x7fc6b24b47d0>,29,13,[ 5 10],30,48,61,18,32
1,<environment.Job instance at 0x7fc6b2157f00>,36,17,[8 4],37,61,78,24,50
1,<environment.Job instance at 0x7fc66e7dffa0>,42,17,[5 5],43,78,95,35,69
1,<environment.Job instance at 0x7fc6b24922d0>,49,13,[3 7],50,95,108,45,85
1,<environment.Job instance at 0x7fc6b2484870>,57,15,[1 6],58,108,123,50,94
1,<environment.Job instance at 0x7fc6b6b3c0f0>,65,22,[ 5 10],66,127,149,61,127
1,<environment.Job instance at 0x7fc66e2b9b90>,2,13,[7 1],3,3,16,0,3
1,<environment.Job instance at 0x7fc66e811550>,3,16,[7 2],4,16,32,12,5
1,<environment.Job instance at 0x7fc66e3cc0f0>,13,16,[2 5],14,23,39,9,23
1,<environment.Job instance at 0x7fc6b6c8cf50>,15,12,[ 2 10],16,39,51,23,23
1,<environment.Job instance at 0x7fc66e720190>,27,2,[7 2],28,51,53,23,43
1,<environment.Job instance at 0x7fc66e720b90>,28,17,[5 9],29,53,70,24,44
1,<environment.Job instance at 0x7fc66e807be0>,33,15,[4 7],34,70,85,36,61
1,<environment.Job instance at 0x7fc6b1f0ee60>,40,17,[6 2],41,70,87,29,70
1,<environment.Job instance at 0x7fc6b1f0ee10>,42,13,[9 3],43,87,100,44,71
1,<environment.Job instance at 0x7fc66eacc1e0>,48,23,[5 9],49,100,123,51,94
1,<environment.Job instance at 0x7fc6b686c230>,61,14,[7 1],62,123,137,61,121
1,<environment.Job instance at 0x7fc66e4e07d0>,6,3,[10  5],7,7,10,0,7
1,<environment.Job instance at 0x7fc6b6839a50>,14,3,[3 7],15,15,18,0,15
1,<environment.Job instance at 0x7fc6b6839e10>,28,16,[10  1],29,70,86,41,70
1,<environment.Job instance at 0x7fc66e316cd0>,40,18,[8 1],41,96,114,55,96
1,<environment.Job instance at 0x7fc6b1f092d0>,7,2,[7 3],8,8,10,0,8
1,<environment.Job instance at 0x7fc6b6e70dc0>,3,15,[3 9],4,10,25,6,10
1,<environment.Job instance at 0x7fc6b2136dc0>,15,15,[1 8],16,25,40,9,17
1,<environment.Job instance at 0x7fc66e732af0>,22,13,[8 4],23,40,53,17,24
1,<environment.Job instance at 0x7fc6b67d8dc0>,29,25,[ 1 10],30,53,78,23,50
1,<environment.Job instance at 0x7fc66e7c3730>,36,12,[ 1 10],37,78,90,41,61
1,<environment.Job instance at 0x7fc6b24a6780>,39,1,[2 9],40,90,91,50,70
1,<environment.Job instance at 0x7fc66e969280>,40,13,[10  2],41,91,104,50,75
1,<environment.Job instance at 0x7fc66e9697d0>,46,17,[7 4],47,104,121,57,93
1,<environment.Job instance at 0x7fc66e969370>,48,12,[5 2],49,121,133,72,106
1,<environment.Job instance at 0x7fc6b6be98c0>,54,15,[4 6],55,121,136,66,110
1,<environment.Job instance at 0x7fc6b6be9a00>,60,12,[ 2 10],61,136,148,75,129
1,<environment.Job instance at 0x7fc66e45d960>,61,2,[9 2],62,148,150,86,129
1,<environment.Job instance at 0x7f4c380ae370>,4,15,[ 4 10],5,6,21,1,6
1,<environment.Job instance at 0x7f4c380ae8c0>,11,1,[3 9],12,21,22,9,14
1,<environment.Job instance at 0x7f4c380b01e0>,20,3,[3 5],21,22,25,1,21
1,<environment.Job instance at 0x7f4c380b04b0>,21,2,[10  2],22,25,27,3,22
1,<environment.Job instance at 0x7f4c380ae690>,7,21,[3 6],8,27,48,19,26
1,<environment.Job instance at 0x7f4c380b08c0>,25,15,[9 2],26,48,63,22,34
1,<environment.Job instance at 0x7f4c380b0f50>,30,17,[2 5],31,63,80,32,53
1,<environment.Job instance at 0x7f4c380b2280>,34,16,[7 5],35,74,90,39,74
1,<environment.Job instance at 0x7f4c380b2370>,36,15,[3 7],37,90,105,53,85
1,<environment.Job instance at 0x7f4c380b0af0>,27,14,[ 1 10],28,105,119,77,91
1,<environment.Job instance at 0x7f4c380b2b90>,47,3,[7 2],48,91,94,43,91
1,<environment.Job instance at 0x7f4c380b2d20>,51,18,[9 2],52,119,137,67,108
1,<environment.Job instance at 0x7f4c380b65a0>,62,3,[9 3],63,137,140,74,133
1,<environment.Job instance at 0x7f4c38166dc0>,0,22,[6 5],1,1,23,0,1
1,<environment.Job instance at 0x7f4c380b6780>,4,14,[5 6],5,23,37,18,8
1,<environment.Job instance at 0x7f4c3f631870>,17,14,[9 5],18,37,51,19,22
1,<environment.Job instance at 0x7f4c3f4e61e0>,25,16,[ 4 10],26,51,67,25,46
1,<environment.Job instance at 0x7f4c3f4e6690>,30,18,[2 9],31,67,85,36,58
1,<environment.Job instance at 0x7f4c3f625f50>,34,18,[6 2],35,85,103,50,76
1,<environment.Job instance at 0x7f4c3f6393c0>,45,26,[ 3 10],46,108,134,62,108
1,<environment.Job instance at 0x7f4c3f634e60>,48,14,[4 8],49,134,148,85,121
1,<environment.Job instance at 0x7f4c3f634c80>,53,17,[8 4],54,148,165,94,140
1,<environment.Job instance at 0x7f4bf43ca3c0>,8,17,[5 8],9,10,27,1,10
1,<environment.Job instance at 0x7f4bf43cabe0>,12,2,[9 2],13,27,29,14,13
1,<environment.Job instance at 0x7f4bf43caeb0>,13,2,[3 9],14,29,31,15,14
1,<environment.Job instance at 0x7f4c3f638cd0>,1,15,[5 2],2,31,46,29,18
1,<environment.Job instance at 0x7f4bf4336d70>,22,17,[10  5],23,46,63,23,34
1,<environment.Job instance at 0x7f4bf43361e0>,30,17,[10  5],31,66,83,35,66
1,<environment.Job instance at 0x7f4bf43af820>,46,18,[8 1],47,86,104,39,86
1,<environment.Job instance at 0x7f4bf43afe10>,48,2,[5 9],49,104,106,55,92
1,<environment.Job instance at 0x7f4bf43af6e0>,49,14,[1 8],50,106,120,56,94
1,<environment.Job instance at 0x7f4bf48135f0>,7,16,[4 5],8,13,29,5,13
1,<environment.Job instance at 0x7f4bf49ba230>,20,16,[9 2],21,43,59,22,43
1,<environment.Job instance at 0x7f4bf49baaf0>,27,12,[2 7],28,59,71,31,44
1,<environment.Job instance at 0x7f4bf49e7dc0>,29,2,[5 5],30,71,73,41,46
1,<environment.Job instance at 0x7f4bf49e70a0>,30,2,[6 4],31,73,75,42,46
1,<environment.Job instance at 0x7f4bf49e7f00>,38,14,[8 5],39,96,110,57,96
1,<environment.Job instance at 0x7f4bf49e7aa0>,45,13,[3 9],46,112,125,66,112
1,<environment.Job instance at 0x7f4bf47c9b40>,48,16,[2 6],49,129,145,80,129
1,<environment.Job instance at 0x7f4bf4982a50>,51,14,[5 6],52,145,159,93,134
1,<environment.Job instance at 0x7f4c3836ed70>,10,24,[4 8],11,13,37,2,13
1,<environment.Job instance at 0x7f4bf42b8820>,21,15,[8 4],22,37,52,15,23
1,<environment.Job instance at 0x7f4bf42bb370>,32,3,[2 9],33,52,55,19,36
1,<environment.Job instance at 0x7f4bf42bb050>,35,1,[2 8],36,55,56,19,36
1,<environment.Job instance at 0x7f4bf42bb910>,42,12,[4 6],43,56,68,13,55
1,<environment.Job instance at 0x7f4bf42bd410>,55,14,[9 3],56,86,100,30,86
1,<environment.Job instance at 0x7f4bf42bda00>,62,23,[2 9],63,106,129,43,106
1,<environment.Job instance at 0x7f4bf448caa0>,11,1,[2 5],12,13,14,1,13
1,<environment.Job instance at 0x7f4bf448cc30>,13,15,[3 7],14,14,29,0,14
1,<environment.Job instance at 0x7f4c384d5aa0>,16,12,[ 1 10],17,29,41,12,17
1,<environment.Job instance at 0x7f4c37e79e60>,29,13,[ 1 10],30,41,54,11,31
1,<environment.Job instance at 0x7f4c37e79aa0>,38,16,[8 3],39,54,70,15,47
1,<environment.Job instance at 0x7f4c37e1de60>,40,14,[4 8],41,70,84,29,55
1,<environment.Job instance at 0x7f4c37e1dd20>,47,16,[1 8],48,90,106,42,90
1,<environment.Job instance at 0x7f4c37e1d190>,49,13,[ 5 10],50,106,119,56,90
1,<environment.Job instance at 0x7f4c37e79fa0>,33,15,[5 7],34,119,134,85,112
1,<environment.Job instance at 0x7f4c37e1b640>,62,3,[ 4 10],63,134,137,71,114
1,<environment.Job instance at 0x7f4c3f4e4050>,5,16,[5 2],6,6,22,0,6
1,<environment.Job instance at 0x7f4c3818c190>,6,17,[5 4],7,7,24,0,7
1,<environment.Job instance at 0x7f4c3cbd18c0>,7,15,[5 9],8,24,39,16,10
1,<environment.Job instance at 0x7f4bf448c230>,14,12,[6 2],15,39,51,24,26
1,<environment.Job instance at 0x7f4bf476eaf0>,29,2,[5 5],30,51,53,21,34
1,<environment.Job instance at 0x7f4bf4900140>,26,16,[10  3],27,53,69,26,42
1,<environment.Job instance at 0x7f4bf48d4d70>,40,24,[7 3],41,69,93,28,67
1,<environment.Job instance at 0x7f4c3c77b870>,49,16,[5 5],50,93,109,43,93
1,<environment.Job instance at 0x7f4c3c77beb0>,52,15,[8 5],53,109,124,56,95
1,<environment.Job instance at 0x7f4c3c77b190>,55,25,[2 9],56,124,149,68,121
1,<environment.Job instance at 0x7f4c3c604af0>,62,3,[7 2],63,149,152,86,136
1,<environment.Job instance at 0x7f4c3c6042d0>,61,12,[10  4],62,152,164,90,137
1,<environment.Job instance at 0x7f4c382e2780>,2,27,[10  4],3,4,31,1,4
1,<environment.Job instance at 0x7f4c37fa7fa0>,13,2,[9 4],14,31,33,17,14
1,<environment.Job instance at 0x7f4c3c63d550>,8,15,[5 8],9,33,48,24,28
1,<environment.Job instance at 0x7f4c37fb38c0>,25,3,[10  5],26,48,51,22,35
1,<environment.Job instance at 0x7f4c37fb3690>,23,18,[5 6],24,51,69,27,41
1,<environment.Job instance at 0x7f4c37fb3dc0>,33,16,[5 9],34,69,85,35,57
1,<environment.Job instance at 0x7f4c37fd2550>,37,15,[5 7],38,85,100,47,75
1,<environment.Job instance at 0x7f4c37fd2960>,45,13,[5 1],46,83,96,37,83
1,<environment.Job instance at 0x7f4c37fca320>,58,16,[7 3],59,114,130,55,114
1,<environment.Job instance at 0x7f4c37fca280>,61,17,[10  4],62,130,147,68,118
1,<environment.Job instance at 0x7f4c37fca9b0>,67,14,[ 3 10],68,147,161,79,134
1,<environment.Job instance at 0x7f4c3c832280>,0,13,[8 1],1,1,14,0,1
1,<environment.Job instance at 0x7f4c3c789730>,4,18,[4 7],5,14,32,9,5
1,<environment.Job instance at 0x7f4bf444c230>,13,3,[1 8],14,32,35,18,14
1,<environment.Job instance at 0x7f4bf444caa0>,8,17,[6 5],9,35,52,26,23
1,<environment.Job instance at 0x7f4c3ca57730>,20,26,[5 6],21,60,86,39,60
1,<environment.Job instance at 0x7f4c3c7ea780>,37,2,[10  3],38,90,92,52,90
1,<environment.Job instance at 0x7f4c3855d050>,45,18,[ 3 10],46,134,152,88,134
1,<environment.Job instance at 0x7f4c3c73ca50>,54,14,[8 2],55,152,166,97,141
1,<environment.Job instance at 0x7f4c3855d6e0>,5,26,[9 1],6,6,32,0,6
1,<environment.Job instance at 0x7f4c3c6b49b0>,17,18,[3 9],18,34,52,16,34
1,<environment.Job instance at 0x7f4bf49e7af0>,20,2,[2 6],21,52,54,31,35
1,<environment.Job instance at 0x7f4bf49e7c80>,21,1,[6 3],22,52,53,30,35
1,<environment.Job instance at 0x7f4c38317960>,10,13,[3 9],11,59,72,48,59
1,<environment.Job instance at 0x7f4c38453960>,25,15,[ 5 10],26,72,87,46,60
1,<environment.Job instance at 0x7f4c382c2c80>,34,1,[ 3 10],35,87,88,52,81
1,<environment.Job instance at 0x7f4c3f4a0500>,2,19,[1 9],3,88,107,85,82
1,<environment.Job instance at 0x7f4c3c73c4b0>,37,13,[4 5],38,107,120,69,102
1,<environment.Job instance at 0x7f4c3ccabbe0>,49,1,[3 8],50,120,121,70,108
1,<environment.Job instance at 0x7f4c3ccab140>,46,3,[8 3],47,121,124,74,108
1,<environment.Job instance at 0x7f4bf48692d0>,55,15,[9 3],56,132,147,76,132
1,<environment.Job instance at 0x7f4bf4845960>,58,13,[3 8],59,147,160,88,137
1,<environment.Job instance at 0x7f4c3855d5f0>,4,17,[2 6],5,7,24,2,7
1,<environment.Job instance at 0x7f4c3804a320>,11,3,[10  5],12,24,27,12,12
1,<environment.Job instance at 0x7f4c3804abe0>,9,25,[1 7],10,27,52,17,23
1,<environment.Job instance at 0x7f4bf457db40>,39,17,[8 5],40,78,95,38,78
1,<environment.Job instance at 0x7f4bf4584050>,46,18,[9 5],47,98,116,51,98
1,<environment.Job instance at 0x7f4bf4584500>,51,25,[3 8],52,116,141,64,112
1,<environment.Job instance at 0x7f4bf4584eb0>,61,20,[3 8],62,141,161,79,133
1,<environment.Job instance at 0x7f4bf460ed20>,2,17,[6 2],3,3,20,0,3
1,<environment.Job instance at 0x7f4c3c6f27d0>,3,14,[6 3],4,20,34,16,5
1,<environment.Job instance at 0x7f4bf43116e0>,30,23,[1 7],31,84,107,53,84
1,<environment.Job instance at 0x7f4c3cb42190>,3,15,[7 4],4,7,22,3,7
1,<environment.Job instance at 0x7f4c3850c550>,8,18,[3 6],9,9,27,0,9
1,<environment.Job instance at 0x7f4c380a8910>,13,15,[8 2],14,27,42,13,15
1,<environment.Job instance at 0x7f4c3c777af0>,24,14,[6 4],25,42,56,17,27
1,<environment.Job instance at 0x7f4c3c7775a0>,36,16,[7 4],37,56,72,19,46
1,<environment.Job instance at 0x7f4c38139aa0>,58,14,[4 9],59,113,127,54,113
1,<environment.Job instance at 0x7f4c38139af0>,60,15,[4 6],61,127,142,66,115
1,<environment.Job instance at 0x7f4c3850c0a0>,2,16,[4 9],3,3,19,0,3
1,<environment.Job instance at 0x7f4bf46e26e0>,6,15,[4 8],7,19,34,12,8
1,<environment.Job instance at 0x7f4c3823b410>,13,3,[ 3 10],14,34,37,20,15
1,<environment.Job instance at 0x7f4bf4516690>,22,14,[2 6],23,37,51,14,28
1,<environment.Job instance at 0x7f4bf4516dc0>,25,18,[7 3],26,37,55,11,33
1,<environment.Job instance at 0x7f4bf4516cd0>,27,17,[8 1],28,55,72,27,43
1,<environment.Job instance at 0x7f4c384d1c80>,37,17,[1 8],38,57,74,19,57
1,<environment.Job instance at 0x7f4bf42d7af0>,41,17,[ 1 10],42,74,91,32,65
1,<environment.Job instance at 0x7f4bf4791e10>,44,1,[1 8],45,91,92,46,78
1,<environment.Job instance at 0x7f4bf4846aa0>,49,2,[2 9],50,92,94,42,82
1,<environment.Job instance at 0x7f4bf4846f00>,50,2,[3 5],51,94,96,43,82
1,<environment.Job instance at 0x7f4bf4846690>,51,13,[10  1],52,96,109,44,84
1,<environment.Job instance at 0x7f4bf450ee10>,15,18,[6 3],16,114,132,98,114
1,<environment.Job instance at 0x7f4c3c6712d0>,60,15,[4 6],61,121,136,60,121
1,<environment.Job instance at 0x7f4c3c6719b0>,62,14,[6 1],63,132,146,69,121
1,<environment.Job instance at 0x7f4c3c671f50>,65,16,[4 8],66,136,152,70,128
1,<environment.Job instance at 0x7f4c3c81b4b0>,0,18,[5 1],1,1,19,0,1
1,<environment.Job instance at 0x7f4c3f4e6cd0>,2,16,[ 5 10],3,19,35,16,9
1,<environment.Job instance at 0x7f4c38000b40>,15,14,[5 4],16,35,49,19,26
1,<environment.Job instance at 0x7f4c3802e370>,24,2,[5 1],25,35,37,10,35
1,<environment.Job instance at 0x7f4c3c777f00>,6,3,[5 5],7,37,40,30,37
1,<environment.Job instance at 0x7f4bf4739320>,32,13,[1 9],33,73,86,40,73
1,<environment.Job instance at 0x7f4c3c61c0f0>,36,18,[9 3],37,86,104,49,81
1,<environment.Job instance at 0x7f4c3c7a4d70>,5,13,[5 6],6,7,20,1,7
1,<environment.Job instance at 0x7f4bf4357870>,7,13,[5 1],8,8,21,0,8
1,<environment.Job instance at 0x7f4c384f20a0>,11,15,[2 9],12,20,35,8,13
1,<environment.Job instance at 0x7f4bf49a61e0>,12,12,[9 4],13,35,47,22,18
1,<environment.Job instance at 0x7f4bf4186780>,44,14,[ 1 10],45,51,65,6,51
1,<environment.Job instance at 0x7f4bf4186050>,40,15,[3 9],41,65,80,24,51
1,<environment.Job instance at 0x7f4c38585f00>,54,1,[ 4 10],55,80,81,25,62
1,<environment.Job instance at 0x7f4c38585190>,52,20,[7 1],53,81,101,28,72
1,<environment.Job instance at 0x7f4c38585b90>,62,17,[5 5],63,101,118,38,100
1,<environment.Job instance at 0x7f4c38585780>,63,17,[2 7],64,118,135,54,106
1,<environment.Job instance at 0x7f4c38584d20>,77,15,[1 6],78,135,150,57,123
1,<environment.Job instance at 0x7f4c3c791dc0>,4,23,[6 3],5,6,29,1,6
1,<environment.Job instance at 0x7f4c38412730>,11,17,[4 7],12,12,29,0,12
1,<environment.Job instance at 0x7f4bf49a65a0>,12,13,[7 1],13,29,42,16,13
1,<environment.Job instance at 0x7f4c385afbe0>,26,14,[3 8],27,43,57,16,43
1,<environment.Job instance at 0x7f4c385afe60>,28,18,[7 5],29,57,75,28,46
1,<environment.Job instance at 0x7f4c385c3e60>,39,16,[9 1],40,75,91,35,64
1,<environment.Job instance at 0x7f4c38325690>,50,17,[6 2],51,91,108,40,90
1,<environment.Job instance at 0x7f4bf482cd70>,55,17,[5 7],56,109,126,53,109
1,<environment.Job instance at 0x7f4c381e47d0>,64,15,[8 3],65,126,141,61,124
1,<environment.Job instance at 0x7f4c381eb550>,68,14,[2 6],69,126,140,57,125
1,<environment.Job instance at 0x7f4bf49a6730>,5,1,[ 5 10],6,7,8,1,7
1,<environment.Job instance at 0x7f4c385af640>,2,28,[1 8],3,10,38,7,10
1,<environment.Job instance at 0x7f4c38063960>,19,24,[7 2],20,24,48,4,24
1,<environment.Job instance at 0x7f4bf47c8aa0>,17,1,[5 7],18,48,49,30,28
1,<environment.Job instance at 0x7f4bf48a15f0>,31,23,[1 8],32,58,81,26,58
1,<environment.Job instance at 0x7f4c3ca29c30>,43,15,[8 2],44,85,100,41,85
1,<environment.Job instance at 0x7f4c3ca298c0>,44,15,[9 1],45,100,115,55,86
1,<environment.Job instance at 0x7f4bf47f7f00>,56,12,[5 8],57,115,127,58,111
1,<environment.Job instance at 0x7f4bf47f7820>,57,15,[9 2],58,127,142,69,113
1,<environment.Job instance at 0x7f4c3ca420f0>,6,21,[7 1],7,7,28,0,7
1,<environment.Job instance at 0x7f4bf4410280>,16,15,[7 1],17,28,43,11,17
1,<environment.Job instance at 0x7f4bf4410e60>,17,14,[9 3],18,43,57,25,28
1,<environment.Job instance at 0x7f4bf44104b0>,30,13,[10  2],31,57,70,26,44
1,<environment.Job instance at 0x7f4bf404b190>,43,17,[1 7],44,84,101,40,84
1,<environment.Job instance at 0x7f4bf404bf50>,44,15,[4 6],45,101,116,56,87
1,<environment.Job instance at 0x7f4c3c7a9f50>,4,18,[ 1 10],5,5,23,0,5
1,<environment.Job instance at 0x7f4c38578fa0>,10,14,[9 5],11,23,37,12,11
1,<environment.Job instance at 0x7f4c38578690>,18,16,[8 2],19,37,53,18,24
1,<environment.Job instance at 0x7f4c385a08c0>,46,14,[8 1],47,101,115,54,101
1,<environment.Job instance at 0x7f03f1000370>,4,15,[ 4 10],5,5,20,0,5
1,<environment.Job instance at 0x7f03f10007d0>,11,1,[3 9],12,20,21,8,12
1,<environment.Job instance at 0x7f03f1000550>,9,3,[10  4],10,21,24,11,13
1,<environment.Job instance at 0x7f03f1000d20>,16,3,[4 7],17,24,27,7,17
1,<environment.Job instance at 0x7f03f1000a00>,12,1,[7 2],13,27,28,14,20
1,<environment.Job instance at 0x7f03f1000e60>,17,2,[3 9],18,28,30,10,23
1,<environment.Job instance at 0x7f03f1001230>,21,2,[10  2],22,30,32,8,23
1,<environment.Job instance at 0x7f03f1001640>,23,1,[8 3],24,32,33,8,24
1,<environment.Job instance at 0x7f03f1001b40>,26,3,[8 1],27,33,36,6,29
1,<environment.Job instance at 0x7f03f1001a50>,25,15,[9 2],26,36,51,10,33
1,<environment.Job instance at 0x7f03f1001d20>,32,16,[9 1],33,51,67,18,47
1,<environment.Job instance at 0x7f03f10051e0>,33,28,[3 7],34,68,96,34,68
1,<environment.Job instance at 0x7f03f1005550>,37,20,[6 3],38,68,88,30,68
1,<environment.Job instance at 0x7f03f1005b40>,46,3,[10  3],47,96,99,49,77
1,<environment.Job instance at 0x7f03f1005e60>,51,18,[9 2],52,108,126,56,108
1,<environment.Job instance at 0x7f03f1007410>,56,12,[9 5],57,126,138,69,110
1,<environment.Job instance at 0x7f03f1007780>,61,1,[1 5],62,129,130,67,129
1,<environment.Job instance at 0x7f03f10079b0>,64,2,[7 5],65,138,140,73,130
1,<environment.Job instance at 0x7f03f1007b90>,67,17,[5 4],68,140,157,72,133
1,<environment.Job instance at 0x7f03f660aeb0>,3,23,[5 8],4,9,32,5,9
1,<environment.Job instance at 0x7f03f6576d20>,18,3,[6 2],19,32,35,13,19
1,<environment.Job instance at 0x7f03f6576f50>,19,13,[7 5],20,35,48,15,20
1,<environment.Job instance at 0x7f03f6437410>,23,16,[1 6],24,48,64,24,35
1,<environment.Job instance at 0x7f03f65806e0>,29,18,[ 4 10],30,64,82,34,54
1,<environment.Job instance at 0x7f03f657eb40>,38,14,[4 8],39,82,96,43,81
1,<environment.Job instance at 0x7f03f657e8c0>,42,16,[3 7],43,96,112,53,95
1,<environment.Job instance at 0x7f03f657e5a0>,43,17,[8 4],44,112,129,68,108
1,<environment.Job instance at 0x7f03f658a2d0>,15,16,[ 4 10],16,129,145,113,116
1,<environment.Job instance at 0x7f03f6585b40>,54,12,[6 4],55,145,157,90,142
1,<environment.Job instance at 0x7f03f657cfa0>,57,14,[4 5],58,145,159,87,143
1,<environment.Job instance at 0x7f03ab334af0>,6,12,[2 8],7,7,19,0,7
1,<environment.Job instance at 0x7f03ab334e10>,8,2,[2 8],9,19,21,10,10
1,<environment.Job instance at 0x7f03ab334fa0>,12,3,[10  1],13,21,24,8,14
1,<environment.Job instance at 0x7f03ab334870>,14,3,[10  5],15,24,27,9,15
1,<environment.Job instance at 0x7f03ab334f00>,10,17,[10  5],11,27,44,16,16
1,<environment.Job instance at 0x7f03ab2d4a00>,20,3,[8 2],21,44,47,23,27
1,<environment.Job instance at 0x7f03ab2ce3c0>,26,18,[8 1],27,47,65,20,42
1,<environment.Job instance at 0x7f03ab404230>,32,26,[3 9],33,65,91,32,63
1,<environment.Job instance at 0x7f03ab404730>,41,14,[ 1 10],42,91,105,49,76
1,<environment.Job instance at 0x7f03ab404eb0>,39,25,[6 5],40,107,132,67,107
1,<environment.Job instance at 0x7f03ab38da50>,53,18,[9 1],54,132,150,78,127
1,<environment.Job instance at 0x7f03f10061e0>,2,17,[1 6],3,3,20,0,3
1,<environment.Job instance at 0x7f03ab3e40a0>,4,14,[1 8],5,20,34,15,6
1,<environment.Job instance at 0x7f03ab8d2780>,18,16,[2 6],19,34,50,15,22
1,<environment.Job instance at 0x7f03ab81c3c0>,21,14,[5 6],22,50,64,28,39
1,<environment.Job instance at 0x7f03ab3e2b40>,28,3,[6 2],29,64,67,35,54
1,<environment.Job instance at 0x7f03ab3e2230>,31,13,[6 1],32,67,80,35,54
1,<environment.Job instance at 0x7f03ab3e2fa0>,39,14,[10  5],40,80,94,40,71
1,<environment.Job instance at 0x7f03ab3e2280>,27,27,[8 2],28,94,121,66,94
1,<environment.Job instance at 0x7f03ab7f8960>,55,14,[1 6],56,95,109,39,95
1,<environment.Job instance at 0x7f03f0e96050>,5,27,[9 1],6,6,33,0,6
1,<environment.Job instance at 0x7f03ab2091e0>,15,14,[9 3],16,33,47,17,19
1,<environment.Job instance at 0x7f03ab209b90>,28,24,[10  5],29,50,74,21,50
1,<environment.Job instance at 0x7f03ab20b460>,41,15,[5 5],42,75,90,33,75
1,<environment.Job instance at 0x7f03ab20ba00>,49,26,[ 1 10],50,93,119,43,93
1,<environment.Job instance at 0x7f03ab20d780>,64,13,[9 1],65,131,144,66,131
1,<environment.Job instance at 0x7f03ab8dea00>,0,19,[6 1],1,1,20,0,1
1,<environment.Job instance at 0x7f03f0e00fa0>,14,13,[1 6],15,15,28,0,15
1,<environment.Job instance at 0x7f03f0e00910>,15,25,[6 2],16,20,45,4,17
1,<environment.Job instance at 0x7f03f0e90cd0>,21,17,[7 5],22,45,62,23,33
1,<environment.Job instance at 0x7f03f0e90a00>,30,13,[5 9],31,62,75,31,50
1,<environment.Job instance at 0x7f03f0e90550>,36,19,[3 5],37,75,94,38,65
1,<environment.Job instance at 0x7f03f5907a00>,46,12,[2 7],47,94,106,47,90
1,<environment.Job instance at 0x7f03ab993e10>,55,23,[ 4 10],56,122,145,66,122
1,<environment.Job instance at 0x7f03ab40adc0>,64,14,[4 9],65,145,159,80,136
1,<environment.Job instance at 0x7f03f10a89b0>,4,20,[ 4 10],5,5,25,0,5
1,<environment.Job instance at 0x7f03f14d17d0>,16,14,[1 8],17,25,39,8,22
1,<environment.Job instance at 0x7f03f58a6a50>,21,2,[2 7],22,39,41,17,22
1,<environment.Job instance at 0x7f03f58a65f0>,19,3,[5 6],20,41,44,21,22
1,<environment.Job instance at 0x7f03f593f8c0>,38,15,[6 4],39,93,108,54,93
1,<environment.Job instance at 0x7f03f59a6a50>,27,13,[8 4],28,108,121,80,94
1,<environment.Job instance at 0x7f03ab80a820>,49,27,[9 2],50,129,156,79,129
1,<environment.Job instance at 0x7f03f5ce4960>,6,14,[10  4],7,7,21,0,7
1,<environment.Job instance at 0x7f03ab302e10>,18,14,[5 3],19,21,35,2,20
1,<environment.Job instance at 0x7f03ab2d8370>,23,18,[3 6],24,24,42,0,24
1,<environment.Job instance at 0x7f03ab2d8640>,26,12,[9 2],27,42,54,15,27
1,<environment.Job instance at 0x7f03ab2d84b0>,28,28,[9 1],29,54,82,25,53
1,<environment.Job instance at 0x7f03ab2d0050>,41,26,[1 7],42,74,100,32,74
1,<environment.Job instance at 0x7f03ab2d0370>,47,15,[6 2],48,99,114,51,99
1,<environment.Job instance at 0x7f03ab2d0550>,50,15,[3 8],51,111,126,60,111
1,<environment.Job instance at 0x7f03ab2d09b0>,53,21,[5 1],54,115,136,61,115
1,<environment.Job instance at 0x7f03ab2d0be0>,57,17,[ 4 10],58,136,153,78,124
1,<environment.Job instance at 0x7f03ab305190>,65,12,[9 4],66,153,165,87,136
1,<environment.Job instance at 0x7f03f5802370>,1,18,[2 8],2,2,20,0,2
1,<environment.Job instance at 0x7f03ab1717d0>,12,16,[2 5],13,20,36,7,15
1,<environment.Job instance at 0x7f03ab860910>,7,18,[4 8],8,36,54,28,25
1,<environment.Job instance at 0x7f03ab2382d0>,20,18,[7 3],21,54,72,33,43
1,<environment.Job instance at 0x7f03f581e500>,27,14,[1 6],28,55,69,27,55
1,<environment.Job instance at 0x7f03f1058320>,28,18,[4 5],29,72,90,43,65
1,<environment.Job instance at 0x7f03ab16e640>,34,16,[7 1],35,90,106,55,79
1,<environment.Job instance at 0x7f03ab2381e0>,16,14,[3 9],17,90,104,73,86
1,<environment.Job instance at 0x7f03f6172c30>,1,16,[2 9],2,2,18,0,2
1,<environment.Job instance at 0x7f03f127c370>,3,13,[6 2],4,18,31,14,4
1,<environment.Job instance at 0x7f03f0f800a0>,14,13,[4 6],15,18,31,3,18
1,<environment.Job instance at 0x7f03f12425a0>,21,17,[8 5],22,31,48,9,27
1,<environment.Job instance at 0x7f03f6585410>,27,17,[9 4],28,48,65,20,37
1,<environment.Job instance at 0x7f03ab316f50>,33,21,[8 2],34,65,86,31,60
1,<environment.Job instance at 0x7f03f12c9730>,45,21,[2 5],46,68,89,22,68
1,<environment.Job instance at 0x7f03f12c9460>,48,17,[5 8],49,89,106,40,77
1,<environment.Job instance at 0x7f03f0f355f0>,67,21,[2 5],68,118,139,50,118
1,<environment.Job instance at 0x7f03ab6730f0>,4,16,[9 1],5,6,22,1,6
1,<environment.Job instance at 0x7f03f583f910>,6,14,[9 2],7,22,36,15,7
1,<environment.Job instance at 0x7f03f59a8960>,25,13,[6 3],26,36,49,10,27
1,<environment.Job instance at 0x7f03f59a87d0>,29,14,[7 4],30,49,63,19,34
1,<environment.Job instance at 0x7f03f59a8e10>,31,1,[3 8],32,63,64,31,35
1,<environment.Job instance at 0x7f03f59a8dc0>,36,2,[4 8],37,64,66,27,54
1,<environment.Job instance at 0x7f03f59a8460>,21,13,[ 4 10],22,66,79,44,55
1,<environment.Job instance at 0x7f03f5998460>,41,15,[9 3],42,79,94,37,73
1,<environment.Job instance at 0x7f03f59a8e60>,32,27,[7 3],33,94,121,61,92
1,<environment.Job instance at 0x7f03f5998a00>,54,15,[4 7],55,121,136,66,108
1,<environment.Job instance at 0x7f03f59961e0>,59,14,[2 5],60,136,150,76,123
1,<environment.Job instance at 0x7f03f5dd4eb0>,0,13,[9 4],1,1,14,0,1
1,<environment.Job instance at 0x7f03f5996640>,1,17,[5 1],2,14,31,12,2
1,<environment.Job instance at 0x7f03f0dcb3c0>,15,16,[7 3],16,31,47,15,18
1,<environment.Job instance at 0x7f03f6330960>,20,12,[8 5],21,47,59,26,30
1,<environment.Job instance at 0x7f03f0d71550>,27,15,[7 1],28,59,74,31,55
1,<environment.Job instance at 0x7f03f0d71730>,30,15,[5 6],31,74,89,43,61
1,<environment.Job instance at 0x7f03f5e94fa0>,38,13,[2 8],39,89,102,50,73
1,<environment.Job instance at 0x7f03f5e94f00>,41,22,[4 5],42,102,124,60,95
1,<environment.Job instance at 0x7f03ab65be10>,44,18,[8 4],45,124,142,79,116
1,<environment.Job instance at 0x7f03f0deaf50>,53,17,[5 9],54,142,159,88,132
1,<environment.Job instance at 0x7f03f0e63280>,7,13,[10  4],8,8,21,0,8
1,<environment.Job instance at 0x7f03f0e635f0>,9,1,[5 1],10,21,22,11,10
1,<environment.Job instance at 0x7f03f6438e60>,26,3,[6 2],27,28,31,1,28
1,<environment.Job instance at 0x7f03f64382d0>,27,18,[5 3],28,31,49,3,30
1,<environment.Job instance at 0x7f03f6438050>,28,18,[4 6],29,32,50,3,32
1,<environment.Job instance at 0x7f03f6438cd0>,30,15,[ 3 10],31,50,65,19,38
1,<environment.Job instance at 0x7f03ab8c6460>,33,13,[8 4],34,65,78,31,50
1,<environment.Job instance at 0x7f03ab8c6870>,39,3,[1 6],40,65,68,25,64
1,<environment.Job instance at 0x7f03ab8c6140>,41,1,[ 5 10],42,78,79,36,64
1,<environment.Job instance at 0x7f03f1125690>,49,21,[4 9],50,88,109,38,88
1,<environment.Job instance at 0x7f03f1125870>,56,1,[4 6],57,109,110,52,99
1,<environment.Job instance at 0x7f03f1125730>,51,20,[7 4],52,110,130,58,101
1,<environment.Job instance at 0x7f03f10d8460>,63,17,[3 6],64,125,142,61,125
1,<environment.Job instance at 0x7f03f10d8370>,66,15,[4 8],67,142,157,75,128
1,<environment.Job instance at 0x7f03f0d71050>,61,2,[ 3 10],62,157,159,95,134
1,<environment.Job instance at 0x7f03f0f8dd20>,3,2,[1 6],4,4,6,0,4
1,<environment.Job instance at 0x7f03f0f8d640>,7,2,[2 6],8,9,11,1,9
1,<environment.Job instance at 0x7f03ab14ab40>,9,12,[3 8],10,13,25,3,13
1,<environment.Job instance at 0x7f03f5999dc0>,13,12,[3 8],14,25,37,11,15
1,<environment.Job instance at 0x7f03f0f49730>,17,21,[7 3],18,37,58,19,31
1,<environment.Job instance at 0x7f03f0f49af0>,22,13,[8 2],23,58,71,35,42
1,<environment.Job instance at 0x7f03f0f4de10>,28,20,[7 1],29,71,91,42,62
1,<environment.Job instance at 0x7f03f0f4c230>,31,16,[8 2],32,91,107,59,79
1,<environment.Job instance at 0x7f03f0f4f050>,41,15,[8 4],42,107,122,65,97
1,<environment.Job instance at 0x7f03ab6e1320>,52,16,[ 5 10],53,132,148,79,132
1,<environment.Job instance at 0x7f03ab012550>,57,15,[9 1],58,148,163,90,139
1,<environment.Job instance at 0x7f03f5d4e690>,2,16,[7 1],3,4,20,1,4
1,<environment.Job instance at 0x7f03f0f1eaa0>,6,28,[1 9],7,11,39,4,11
1,<environment.Job instance at 0x7f03f59ff780>,22,13,[2 7],23,39,52,16,26
1,<environment.Job instance at 0x7f03ab3e9280>,29,13,[2 7],30,52,65,22,36
1,<environment.Job instance at 0x7f03ab3e90a0>,31,2,[4 8],32,65,67,33,50
1,<environment.Job instance at 0x7f03ab3e9fa0>,35,12,[5 4],36,67,79,31,54
1,<environment.Job instance at 0x7f03ab3e9e10>,32,17,[ 5 10],33,79,96,46,68
1,<environment.Job instance at 0x7f03ab2cd280>,43,13,[5 7],44,96,109,52,80
1,<environment.Job instance at 0x7f03f58858c0>,47,13,[5 1],48,96,109,48,82
1,<environment.Job instance at 0x7f03f58850a0>,52,12,[9 4],53,109,121,56,94
1,<environment.Job instance at 0x7f03ab041230>,55,12,[3 5],56,121,133,65,104
1,<environment.Job instance at 0x7f03f5a8f320>,65,2,[7 2],66,121,123,55,109
1,<environment.Job instance at 0x7f03ab5d87d0>,66,1,[3 9],67,133,134,66,110
1,<environment.Job instance at 0x7f03f5a8f0a0>,67,3,[8 3],68,134,137,66,110
1,<environment.Job instance at 0x7f03f1471e10>,72,3,[ 2 10],73,137,140,64,126
1,<environment.Job instance at 0x7f03f0de10f0>,3,18,[5 2],4,4,22,0,4
1,<environment.Job instance at 0x7f03ab3ef780>,4,12,[1 9],5,22,34,17,5
1,<environment.Job instance at 0x7f03aaff15f0>,11,2,[7 2],12,34,36,22,15
1,<environment.Job instance at 0x7f03aaff1a50>,16,2,[8 4],17,36,38,19,18
1,<environment.Job instance at 0x7f03aaff1500>,14,13,[1 5],15,34,47,19,21
1,<environment.Job instance at 0x7f03aaff1370>,21,12,[6 3],22,38,50,16,26
1,<environment.Job instance at 0x7f03ab31ec30>,27,18,[7 1],28,73,91,45,73
1,<environment.Job instance at 0x7f03ab063820>,43,16,[7 2],44,91,107,47,85
1,<environment.Job instance at 0x7f03ab063960>,47,15,[10  3],48,109,124,61,109
1,<environment.Job instance at 0x7f03ab0633c0>,53,16,[2 5],54,134,150,80,134
1,<environment.Job instance at 0x7f03ab0632d0>,55,12,[ 2 10],56,150,162,94,134
1,<environment.Job instance at 0x7f03ab3d5780>,0,22,[2 8],1,1,23,0,1
1,<environment.Job instance at 0x7f03f5a2eb90>,18,2,[2 9],19,23,25,4,19
1,<environment.Job instance at 0x7f03f5a2ecd0>,19,1,[9 5],20,25,26,5,20
1,<environment.Job instance at 0x7f03f5a2ec30>,17,1,[ 5 10],18,26,27,8,21
1,<environment.Job instance at 0x7f03f5a2ee60>,24,2,[ 4 10],25,35,37,10,35
1,<environment.Job instance at 0x7f03f5a08730>,25,1,[ 5 10],26,37,38,11,36
1,<environment.Job instance at 0x7f03f5a08f50>,26,3,[10  5],27,38,41,11,36
1,<environment.Job instance at 0x7f03f5a08d70>,30,15,[5 5],31,53,68,22,53
1,<environment.Job instance at 0x7f03ab5dd780>,40,21,[10  1],41,105,126,64,105
1,<environment.Job instance at 0x7f03f0e38c80>,56,15,[2 6],57,136,151,79,136
1,<environment.Job instance at 0x7f03f10780f0>,57,24,[7 3],58,137,161,79,137
1,<environment.Job instance at 0x7f03f640e050>,1,12,[ 5 10],2,2,14,0,2
1,<environment.Job instance at 0x7f03ab93a9b0>,3,15,[3 9],4,14,29,10,5
1,<environment.Job instance at 0x7f03f58a88c0>,18,17,[9 5],19,29,46,10,24
1,<environment.Job instance at 0x7f03f0f3a1e0>,22,13,[8 4],23,46,59,23,33
1,<environment.Job instance at 0x7f03f0d96c80>,26,15,[7 1],27,59,74,32,45
1,<environment.Job instance at 0x7f03ab26c500>,32,2,[1 5],33,50,52,17,50
1,<environment.Job instance at 0x7f03f108e230>,34,18,[4 8],35,74,92,39,65
1,<environment.Job instance at 0x7f03f0e4b280>,39,1,[2 9],40,92,93,52,75
1,<environment.Job instance at 0x7f03f5cea0f0>,40,13,[10  2],41,93,106,52,77
1,<environment.Job instance at 0x7f03f5801f50>,44,18,[1 9],45,106,124,61,95
1,<environment.Job instance at 0x7f03f58010a0>,49,13,[9 5],50,124,137,74,109
1,<environment.Job instance at 0x7f03ab5acf00>,58,1,[10  3],59,137,138,78,131
1,<environment.Job instance at 0x7f03ab5ac5a0>,60,12,[ 2 10],61,138,150,77,136
1,<environment.Job instance at 0x7f03ab5ac6e0>,62,17,[5 5],63,150,167,87,138
1,<environment.Job instance at 0x7f03f0e0a4b0>,4,18,[ 1 10],5,6,24,1,6
1,<environment.Job instance at 0x7f03ab1cc320>,16,2,[10  3],17,24,26,7,17
1,<environment.Job instance at 0x7f03f5bb1690>,13,18,[5 8],14,28,46,14,28
1,<environment.Job instance at 0x7f03ab81db40>,38,15,[2 5],39,72,87,33,72
1,<environment.Job instance at 0x7f03ab81dfa0>,40,16,[10  1],41,87,103,46,83
1,<environment.Job instance at 0x7f03ab81d3c0>,42,2,[10  5],43,103,105,60,83
1,<environment.Job instance at 0x7f03ab81d780>,43,2,[7 5],44,83,85,39,83
1,<environment.Job instance at 0x7f03ab81d5a0>,46,14,[8 1],47,105,119,58,90
1,<environment.Job instance at 0x7f03ab39faf0>,54,2,[7 2],55,119,121,64,113
1,<environment.Job instance at 0x7f03ab39f870>,55,14,[5 1],56,121,135,65,117
1,<environment.Job instance at 0x7f03f61c4cd0>,57,14,[2 7],58,118,132,60,118
1,<environment.Job instance at 0x7f03ab577280>,62,1,[2 6],63,132,133,69,122
1,<environment.Job instance at 0x7f03ab577fa0>,63,1,[ 2 10],64,135,136,71,122
1,<environment.Job instance at 0x7f03ab39f4b0>,53,16,[9 4],54,136,152,82,128
1,<environment.Job instance at 0x7f03f5bb1820>,2,14,[5 4],3,3,17,0,3
1,<environment.Job instance at 0x7f03f0e0ad20>,3,16,[1 9],4,17,33,13,4
1,<environment.Job instance at 0x7f03ab3aa2d0>,10,1,[5 5],11,12,13,1,12
1,<environment.Job instance at 0x7f03f0ef15f0>,19,19,[8 1],20,21,40,1,21
1,<environment.Job instance at 0x7f03f0ef1140>,21,15,[5 5],22,40,55,18,26
1,<environment.Job instance at 0x7f03ab105050>,32,18,[1 6],33,55,73,22,46
1,<environment.Job instance at 0x7f03f127ff50>,36,18,[7 3],37,55,73,18,54
1,<environment.Job instance at 0x7f03f0fbf1e0>,39,3,[8 2],40,73,76,33,61
1,<environment.Job instance at 0x7f03f0fbf3c0>,43,12,[8 2],44,76,88,32,65
1,<environment.Job instance at 0x7f03f0fa68c0>,52,15,[7 2],53,88,103,35,74
1,<environment.Job instance at 0x7f03f0fa60a0>,59,2,[4 6],60,103,105,43,95
1,<environment.Job instance at 0x7f03f0fa6690>,60,2,[1 7],61,95,97,34,95
1,<environment.Job instance at 0x7f03f0fa6fa0>,58,2,[5 5],59,105,107,46,95
1,<environment.Job instance at 0x7f03f0fa6870>,62,15,[5 5],63,105,120,42,96
1,<environment.Job instance at 0x7f03f0fae4b0>,64,22,[2 5],65,107,129,42,101
1,<environment.Job instance at 0x7f03f0fa69b0>,53,27,[ 1 10],54,129,156,75,127
1,<environment.Job instance at 0x7f845dcf39b0>,3,18,[ 3 10],4,4,22,0,4
1,<environment.Job instance at 0x7f845dcf3f00>,9,17,[ 4 10],10,22,39,12,22
1,<environment.Job instance at 0x7f845dcf6780>,18,16,[8 5],19,39,55,20,33
1,<environment.Job instance at 0x7f846127e050>,0,27,[9 1],1,5,32,4,5
1,<environment.Job instance at 0x7f8461279e10>,15,13,[3 5],16,32,45,16,19
1,<environment.Job instance at 0x7f84610fcb90>,20,18,[5 5],21,33,51,12,33
1,<environment.Job instance at 0x7f84610fc5a0>,22,14,[9 1],23,51,65,28,37
1,<environment.Job instance at 0x7f8416038640>,9,3,[5 3],10,11,14,1,11
1,<environment.Job instance at 0x7f8416038730>,13,3,[1 6],14,15,18,1,15
1,<environment.Job instance at 0x7f84160384b0>,16,15,[9 2],17,34,49,17,34
1,<environment.Job instance at 0x7f841648d640>,1,16,[1 9],2,2,18,0,2
1,<environment.Job instance at 0x7f841648d460>,2,16,[6 2],3,18,34,15,6
1,<environment.Job instance at 0x7f8415f8bf50>,19,16,[3 5],20,21,37,1,21
1,<environment.Job instance at 0x7f841611e5a0>,25,25,[3 9],26,44,69,18,44
1,<environment.Job instance at 0x7f8415f8bb90>,2,14,[9 2],3,3,17,0,3
1,<environment.Job instance at 0x7f84166a3550>,5,17,[5 9],6,17,34,11,6
1,<environment.Job instance at 0x7f84166a3f50>,17,18,[ 1 10],18,34,52,16,23
1,<environment.Job instance at 0x7f8416693230>,3,14,[3 5],4,4,18,0,4
1,<environment.Job instance at 0x7f84605f2c30>,4,17,[1 9],5,18,35,13,9
1,<environment.Job instance at 0x7f845e1a43c0>,13,21,[9 5],14,35,56,21,27
1,<environment.Job instance at 0x7f8460cd2e60>,27,14,[4 7],28,56,70,28,46
1,<environment.Job instance at 0x7f8416462a00>,7,17,[7 5],8,8,25,0,8
1,<environment.Job instance at 0x7f846050ffa0>,10,14,[2 8],11,25,39,14,13
1,<environment.Job instance at 0x7f84609dd5f0>,2,15,[7 3],3,3,18,0,3
1,<environment.Job instance at 0x7f84162bfb90>,5,16,[2 6],6,6,22,0,6
1,<environment.Job instance at 0x7f845dd60230>,6,15,[10  5],7,22,37,15,9
1,<environment.Job instance at 0x7f845e113c80>,2,17,[4 6],3,3,20,0,3
1,<environment.Job instance at 0x7f845dd3c500>,5,12,[4 7],6,20,32,14,9
1,<environment.Job instance at 0x7f8460943eb0>,11,18,[5 7],12,32,50,20,24
1,<environment.Job instance at 0x7f8460943280>,22,13,[3 9],23,50,63,27,34
1,<environment.Job instance at 0x7f8460943320>,19,3,[9 3],20,63,66,43,45
1,<environment.Job instance at 0x7f845daf8460>,10,13,[3 8],11,12,25,1,12
1,<environment.Job instance at 0x7f84162ae9b0>,13,14,[3 6],14,25,39,11,17
1,<environment.Job instance at 0x7f841658caa0>,20,2,[6 5],21,39,41,18,22
1,<environment.Job instance at 0x7f84162aeb40>,12,27,[5 5],13,41,68,28,41
1,<environment.Job instance at 0x7f84609a63c0>,1,24,[1 9],2,4,28,2,4
1,<environment.Job instance at 0x7f84162fdd20>,9,3,[3 6],10,28,31,18,12
1,<environment.Job instance at 0x7f845de4f6e0>,10,3,[7 3],11,28,31,17,13
1,<environment.Job instance at 0x7f845e1843c0>,14,13,[1 9],15,31,44,16,15
1,<environment.Job instance at 0x7f84162bed20>,19,17,[ 5 10],20,44,61,24,36
1,<environment.Job instance at 0x7f8415f88aa0>,24,15,[5 7],25,61,76,36,48
1,<environment.Job instance at 0x7f84163be9b0>,6,16,[2 6],7,7,23,0,7
1,<environment.Job instance at 0x7f84163f3230>,12,3,[4 9],13,23,26,10,13
1,<environment.Job instance at 0x7f84163beeb0>,7,18,[3 6],8,26,44,18,15
1,<environment.Job instance at 0x7f84163f3fa0>,23,1,[7 1],24,26,27,2,24
1,<environment.Job instance at 0x7f84163f2370>,26,17,[ 1 10],27,44,61,17,38
1,<environment.Job instance at 0x7f84163d8370>,0,18,[8 1],1,1,19,0,1
1,<environment.Job instance at 0x7f845dd5bcd0>,14,24,[4 5],15,19,43,4,17
1,<environment.Job instance at 0x7f845dd5b870>,13,17,[5 3],14,19,36,5,19
1,<environment.Job instance at 0x7f845dd5b0a0>,22,15,[2 5],23,36,51,13,28
1,<environment.Job instance at 0x7f8416572500>,29,13,[1 8],30,51,64,21,39
1,<environment.Job instance at 0x7f845e06d9b0>,9,21,[1 9],10,14,35,4,14
1,<environment.Job instance at 0x7f8416091f50>,18,22,[7 5],19,35,57,16,28
1,<environment.Job instance at 0x7f845dc1bdc0>,3,16,[5 3],4,4,20,0,4
1,<environment.Job instance at 0x7f8415dd5aa0>,4,17,[5 1],5,5,22,0,5
1,<environment.Job instance at 0x7f8415df4780>,17,15,[4 6],18,20,35,2,19
1,<environment.Job instance at 0x7f8415df4820>,18,2,[5 8],19,35,37,16,19
1,<environment.Job instance at 0x7f8415dd5dc0>,8,24,[4 7],9,37,61,28,33
1,<environment.Job instance at 0x7f8415def190>,29,1,[5 1],30,36,37,6,36
1,<environment.Job instance at 0x7f8415def410>,1,18,[4 8],2,2,20,0,2
1,<environment.Job instance at 0x7f841642ac80>,2,15,[4 8],3,20,35,17,7
1,<environment.Job instance at 0x7f845db3dd20>,16,18,[10  2],17,35,53,18,25
1,<environment.Job instance at 0x7f8460a284b0>,18,17,[9 5],19,53,70,34,41
1,<environment.Job instance at 0x7f8460a281e0>,28,3,[2 6],29,70,73,41,46
1,<environment.Job instance at 0x7f8460b352d0>,33,3,[10  3],34,73,76,39,49
1,<environment.Job instance at 0x7f84606f7fa0>,2,16,[ 3 10],3,3,19,0,3
1,<environment.Job instance at 0x7f84608dd190>,12,13,[9 4],13,19,32,6,13
1,<environment.Job instance at 0x7f84166671e0>,11,3,[1 9],12,32,35,20,13
1,<environment.Job instance at 0x7f8416240eb0>,17,2,[9 3],18,35,37,17,19
1,<environment.Job instance at 0x7f84605cfc80>,16,13,[5 5],17,37,50,20,21
1,<environment.Job instance at 0x7f84608dda00>,19,1,[5 4],20,37,38,17,21
1,<environment.Job instance at 0x7f84608d1730>,24,17,[9 2],25,50,67,25,43
1,<environment.Job instance at 0x7f8416637dc0>,1,18,[10  5],2,2,20,0,2
1,<environment.Job instance at 0x7f84166370a0>,11,21,[4 9],12,20,41,8,12
1,<environment.Job instance at 0x7f8460c5b230>,22,12,[6 1],23,23,35,0,23
1,<environment.Job instance at 0x7f8460c5b690>,15,23,[8 4],16,41,64,25,35
1,<environment.Job instance at 0x7f8460a62230>,3,14,[ 4 10],4,6,20,2,6
1,<environment.Job instance at 0x7f8460a62f00>,6,16,[1 6],7,20,36,13,8
1,<environment.Job instance at 0x7f8460a621e0>,7,15,[7 4],8,20,35,12,18
1,<environment.Job instance at 0x7f84165b1140>,18,2,[7 4],19,35,37,16,21
1,<environment.Job instance at 0x7f8460a62c80>,9,17,[ 1 10],10,37,54,27,25
1,<environment.Job instance at 0x7fc41802e4b0>,0,18,[ 2 10],1,1,19,0,1
1,<environment.Job instance at 0x7fc410c219b0>,4,18,[10  4],5,19,37,14,8
1,<environment.Job instance at 0x7fc410c21d20>,11,2,[3 9],12,37,39,25,24
1,<environment.Job instance at 0x7fc410c21c80>,7,14,[5 1],8,37,51,29,24
1,<environment.Job instance at 0x7fc410c24140>,23,18,[5 2],24,39,57,15,30
1,<environment.Job instance at 0x7fc410c285f0>,32,17,[9 3],33,57,74,24,53
1,<environment.Job instance at 0x7fc4181a5c80>,0,24,[ 3 10],1,4,28,3,4
1,<environment.Job instance at 0x7fc4181a7730>,14,1,[6 2],15,28,29,13,16
1,<environment.Job instance at 0x7fc4181a81e0>,16,13,[1 5],17,28,41,11,17
1,<environment.Job instance at 0x7fc4181a7370>,15,3,[6 4],16,29,32,13,17
1,<environment.Job instance at 0x7fc4181a7d70>,10,18,[5 5],11,32,50,21,21
1,<environment.Job instance at 0x7fc4181ac1e0>,29,13,[7 2],30,50,63,20,50
1,<environment.Job instance at 0x7fc4181acd70>,31,16,[5 8],32,63,79,31,50
1,<environment.Job instance at 0x7fc3ccfdfdc0>,5,15,[5 3],6,6,21,0,6
1,<environment.Job instance at 0x7fc3ccfbc500>,9,14,[8 1],10,21,35,11,10
1,<environment.Job instance at 0x7fc3ccfbc820>,12,3,[8 5],13,35,38,22,14
1,<environment.Job instance at 0x7fc3ccfbcdc0>,19,3,[1 7],20,39,42,19,39
1,<environment.Job instance at 0x7fc3ccfbce60>,22,2,[4 9],23,42,44,19,39
1,<environment.Job instance at 0x7fc3ccfbcd70>,21,16,[5 4],22,44,60,22,42
1,<environment.Job instance at 0x7fc3ccfbceb0>,23,16,[6 4],24,60,76,36,49
1,<environment.Job instance at 0x7fc3ccfca1e0>,30,13,[2 6],31,56,69,25,56
1,<environment.Job instance at 0x7fc3ccfca1e0>,4,12,[5 7],5,5,17,0,5
1,<environment.Job instance at 0x7fc3cceb4f50>,6,26,[9 1],7,17,43,10,15
1,<environment.Job instance at 0x7fc3cceb70f0>,22,14,[9 2],23,43,57,20,28
1,<environment.Job instance at 0x7fc3cd0877d0>,32,17,[10  4],33,58,75,25,58
1,<environment.Job instance at 0x7fc3cd425d70>,3,18,[1 6],4,5,23,1,5
1,<environment.Job instance at 0x7fc3cd328eb0>,10,18,[8 5],11,23,41,12,12
1,<environment.Job instance at 0x7fc410d580f0>,10,14,[2 8],11,11,25,0,11
1,<environment.Job instance at 0x7fc410d58230>,13,2,[3 5],14,25,27,11,14
1,<environment.Job instance at 0x7fc410d58e60>,6,15,[7 3],7,29,44,22,29
1,<environment.Job instance at 0x7fc4109fa500>,25,2,[2 6],26,42,44,16,42
1,<environment.Job instance at 0x7fc410b617d0>,29,3,[8 4],30,47,50,17,47
1,<environment.Job instance at 0x7fc4109faa50>,28,2,[1 7],29,50,52,21,47
1,<environment.Job instance at 0x7fc410b61c80>,31,16,[2 8],32,52,68,20,47
1,<environment.Job instance at 0x7fc410db5460>,33,13,[2 5],34,68,81,34,53
1,<environment.Job instance at 0x7fc410db5140>,1,25,[10  4],2,2,27,0,2
1,<environment.Job instance at 0x7fc3cd1a8050>,14,2,[4 8],15,27,29,12,15
1,<environment.Job instance at 0x7fc3cd214140>,18,14,[3 6],19,33,47,14,33
1,<environment.Job instance at 0x7fc410cf5b90>,20,18,[4 8],21,47,65,26,41
1,<environment.Job instance at 0x7fc4132b2370>,32,17,[9 1],33,65,82,32,53
1,<environment.Job instance at 0x7fc410b79140>,12,12,[8 5],13,14,26,1,14
1,<environment.Job instance at 0x7fc410b54050>,15,15,[5 7],16,26,41,10,16
1,<environment.Job instance at 0x7fc3ccd88280>,18,3,[ 2 10],19,41,44,22,25
1,<environment.Job instance at 0x7fc3ccda45f0>,1,24,[4 8],2,2,26,0,2
1,<environment.Job instance at 0x7fc41341b1e0>,6,14,[8 1],7,26,40,19,13
1,<environment.Job instance at 0x7fc3cd11d5f0>,25,2,[9 3],26,40,42,14,29
1,<environment.Job instance at 0x7fc410f68eb0>,23,15,[6 5],24,42,57,18,30
1,<environment.Job instance at 0x7fc3cd11df50>,34,13,[1 9],35,57,70,22,47
1,<environment.Job instance at 0x7fc4136e2b40>,0,14,[8 4],1,1,15,0,1
1,<environment.Job instance at 0x7fc410b91500>,3,18,[6 1],4,15,33,11,4
1,<environment.Job instance at 0x7fc410b91050>,4,12,[4 7],5,15,27,10,5
1,<environment.Job instance at 0x7fc3cd355320>,9,1,[5 7],10,33,34,23,10
1,<environment.Job instance at 0x7fc3cd355280>,13,12,[ 2 10],14,34,46,20,18
1,<environment.Job instance at 0x7fc413381aa0>,27,3,[5 1],28,46,49,18,30
1,<environment.Job instance at 0x7fc3ccd0c9b0>,20,18,[5 9],21,46,64,25,36
1,<environment.Job instance at 0x7fc3cd260f00>,40,12,[7 2],41,64,76,23,59
1,<environment.Job instance at 0x7fc413173f50>,0,18,[8 1],1,4,22,3,4
1,<environment.Job instance at 0x7fc413522460>,6,18,[9 4],7,22,40,15,14
1,<environment.Job instance at 0x7fc3cccf2140>,18,16,[6 5],19,40,56,21,27
1,<environment.Job instance at 0x7fc413412b40>,13,17,[5 3],14,56,73,42,45
1,<environment.Job instance at 0x7fc4137b6960>,31,13,[6 5],32,73,86,41,57
1,<environment.Job instance at 0x7fc3cd1d3d20>,4,13,[1 8],5,10,23,5,10
1,<environment.Job instance at 0x7fc3cd1d3be0>,3,13,[7 5],4,23,36,19,14
1,<environment.Job instance at 0x7fc3ccfa3820>,12,24,[1 6],13,36,60,23,31
1,<environment.Job instance at 0x7fc3ccf988c0>,32,15,[6 2],33,55,70,22,55
1,<environment.Job instance at 0x7fc410e863c0>,9,1,[5 1],10,10,11,0,10
1,<environment.Job instance at 0x7fc410aa2f50>,10,12,[1 7],11,14,26,3,14
1,<environment.Job instance at 0x7fc410aa2a50>,14,12,[9 1],15,15,27,0,15
1,<environment.Job instance at 0x7fc3ccefdc80>,18,20,[3 8],19,27,47,8,20
1,<environment.Job instance at 0x7fc410aa2e10>,12,17,[ 2 10],13,47,64,34,37
1,<environment.Job instance at 0x7fc413173780>,27,1,[2 6],28,64,65,36,46
1,<environment.Job instance at 0x7fc413173640>,28,3,[8 3],29,64,67,35,47
1,<environment.Job instance at 0x7fc3ccd8f3c0>,8,17,[3 7],9,9,26,0,9
1,<environment.Job instance at 0x7fc3cd58f870>,10,13,[5 3],11,11,24,0,11
1,<environment.Job instance at 0x7fc3ccd8f5f0>,11,17,[2 7],12,26,43,14,17
1,<environment.Job instance at 0x7fc3cd0ede60>,19,1,[5 7],20,43,44,23,29
1,<environment.Job instance at 0x7fc3cd101c30>,29,18,[9 5],30,44,62,14,33
1,<environment.Job instance at 0x7fc3cd101f00>,33,12,[2 6],34,62,74,28,52
1,<environment.Job instance at 0x7fc41104a3c0>,7,23,[5 3],8,10,33,2,10
1,<environment.Job instance at 0x7fc41104a4b0>,9,15,[5 7],10,25,40,15,25
1,<environment.Job instance at 0x7fc41104a320>,6,13,[9 3],7,40,53,33,27
1,<environment.Job instance at 0x7fc41104a960>,17,19,[1 5],18,47,66,29,47
1,<environment.Job instance at 0x7fc41104a0f0>,8,16,[9 4],9,53,69,44,49
1,<environment.Job instance at 0x7fc41104aa00>,18,14,[1 7],19,69,83,50,56
1,<environment.Job instance at 0x7fc4131ecd70>,14,3,[2 7],15,17,20,2,17
1,<environment.Job instance at 0x7fc4131ec690>,13,16,[8 1],14,18,34,4,18
1,<environment.Job instance at 0x7fc3cd065690>,17,20,[5 7],18,44,64,26,44
1,<environment.Job instance at 0x7fc3cd065230>,28,3,[2 7],29,64,67,35,45
1,<environment.Job instance at 0x7fc3cd0651e0>,25,16,[10  5],26,67,83,41,55
1,<environment.Job instance at 0x7fc410f65410>,8,2,[7 4],9,9,11,0,9
1,<environment.Job instance at 0x7fc410f65960>,3,12,[3 8],4,11,23,7,10
1,<environment.Job instance at 0x7fc3cce87280>,10,2,[10  5],11,23,25,12,11
1,<environment.Job instance at 0x7fc417f27280>,11,3,[9 1],12,25,28,13,12
1,<environment.Job instance at 0x7fc41318c5f0>,0,16,[7 5],1,1,17,0,1
1,<environment.Job instance at 0x7fc3cd47e730>,5,21,[9 3],6,17,38,11,15
1,<environment.Job instance at 0x7fc41366b7d0>,3,15,[3 9],4,5,20,1,5
1,<environment.Job instance at 0x7fc417c2c0a0>,10,15,[5 3],11,20,35,9,12
1,<environment.Job instance at 0x7fc413280e60>,19,15,[3 9],20,35,50,15,22
1,<environment.Job instance at 0x7fc3cce733c0>,27,15,[6 2],28,51,66,23,51
1,<environment.Job instance at 0x7fc3cd057eb0>,0,20,[9 3],1,1,21,0,1
1,<environment.Job instance at 0x7fc3cce5ce10>,19,17,[5 7],20,22,39,2,22
1,<environment.Job instance at 0x7fc4131f5410>,32,14,[ 2 10],33,55,69,22,55
1,<environment.Job instance at 0x7fc4131f50a0>,33,16,[3 8],34,69,85,35,56
1,<environment.Job instance at 0x7f01f50c4690>,7,14,[5 1],8,10,24,2,10
1,<environment.Job instance at 0x7f01f50c47d0>,9,17,[ 4 10],10,24,41,14,16
1,<environment.Job instance at 0x7f01f50c4d20>,18,16,[8 5],19,41,57,22,32
1,<environment.Job instance at 0x7f01f50c5d20>,32,17,[9 3],33,57,74,24,51
1,<environment.Job instance at 0x7f01f50c5fa0>,35,16,[8 1],36,74,90,38,62
1,<environment.Job instance at 0x7f01fc64e050>,2,14,[9 1],3,5,19,2,5
1,<environment.Job instance at 0x7f01fc64e280>,7,15,[4 7],8,19,34,11,8
1,<environment.Job instance at 0x7f01fc649500>,19,13,[7 2],20,34,47,14,21
1,<environment.Job instance at 0x7f01fc642550>,16,3,[5 6],17,47,50,30,23
1,<environment.Job instance at 0x7f01fc649730>,20,3,[7 2],21,50,53,29,26
1,<environment.Job instance at 0x7f01fc4fafa0>,30,18,[7 5],31,53,71,22,43
1,<environment.Job instance at 0x7f01fc4faf50>,38,20,[5 7],39,71,91,32,62
1,<environment.Job instance at 0x7f01fc6472d0>,1,16,[5 4],2,4,20,2,4
1,<environment.Job instance at 0x7f01b13beaf0>,8,12,[3 9],9,20,32,11,14
1,<environment.Job instance at 0x7f01b13b8910>,21,3,[1 5],22,32,35,10,24
1,<environment.Job instance at 0x7f01b13b8050>,22,1,[10  1],23,35,36,12,24
1,<environment.Job instance at 0x7f01b13be5a0>,11,16,[1 9],12,36,52,24,24
1,<environment.Job instance at 0x7f01b13afd20>,29,16,[3 5],30,52,68,22,44
1,<environment.Job instance at 0x7f01b13a0140>,37,13,[ 4 10],38,68,81,30,58
1,<environment.Job instance at 0x7f01b1491a50>,4,13,[5 9],5,7,20,2,7
1,<environment.Job instance at 0x7f01b1817dc0>,7,18,[ 1 10],8,20,38,12,9
1,<environment.Job instance at 0x7f01b1853960>,19,12,[5 4],20,38,50,18,24
1,<environment.Job instance at 0x7f01b1875780>,23,12,[3 8],24,50,62,26,41
1,<environment.Job instance at 0x7f01b1875230>,24,14,[8 5],25,62,76,37,47
1,<environment.Job instance at 0x7f01b17b9690>,10,13,[7 4],11,14,27,3,14
1,<environment.Job instance at 0x7f01b17b9af0>,16,16,[5 7],17,27,43,10,17
1,<environment.Job instance at 0x7f01b17b8690>,25,18,[9 5],26,43,61,17,33
1,<environment.Job instance at 0x7f01b17b8f50>,35,2,[4 6],36,65,67,29,65
1,<environment.Job instance at 0x7f01b17b8fa0>,36,2,[6 5],37,67,69,30,66
1,<environment.Job instance at 0x7f01b17b8500>,23,13,[8 3],24,69,82,45,69
1,<environment.Job instance at 0x7f01f53b73c0>,2,15,[7 3],3,5,20,2,5
1,<environment.Job instance at 0x7f01fbe080a0>,5,16,[2 6],6,6,22,0,6
1,<environment.Job instance at 0x7f01fbe087d0>,17,13,[ 1 10],18,22,35,4,18
1,<environment.Job instance at 0x7f01f5211c80>,19,18,[ 2 10],20,35,53,15,24
1,<environment.Job instance at 0x7f01f5211820>,23,24,[3 6],24,53,77,29,48
1,<environment.Job instance at 0x7f01fbea46e0>,5,16,[10  5],6,10,26,4,10
1,<environment.Job instance at 0x7f01fbc831e0>,10,17,[9 4],11,26,43,15,15
1,<environment.Job instance at 0x7f01b15fb320>,20,3,[9 1],21,43,46,22,22
1,<environment.Job instance at 0x7f01fbb70690>,21,2,[5 6],22,46,48,24,22
1,<environment.Job instance at 0x7f01fbc309b0>,22,2,[3 5],23,48,50,25,23
1,<environment.Job instance at 0x7f01b1606730>,25,24,[3 9],26,50,74,24,45
1,<environment.Job instance at 0x7f01f55c7f00>,37,2,[5 2],38,74,76,36,49
1,<environment.Job instance at 0x7f01b16c5730>,40,13,[3 8],41,74,87,33,58
1,<environment.Job instance at 0x7f01f5574050>,0,14,[ 4 10],1,1,15,0,1
1,<environment.Job instance at 0x7f01f5574f50>,3,14,[8 2],4,15,29,11,7
1,<environment.Job instance at 0x7f01b14b5fa0>,13,15,[6 5],14,29,44,15,15
1,<environment.Job instance at 0x7f01b14a14b0>,18,14,[3 8],19,44,58,25,30
1,<environment.Job instance at 0x7f01b14a1c30>,30,18,[4 6],31,60,78,29,60
1,<environment.Job instance at 0x7f01b14a7320>,34,15,[5 7],35,78,93,43,65
1,<environment.Job instance at 0x7f01b14f6dc0>,0,18,[5 9],1,1,19,0,1
1,<environment.Job instance at 0x7f01b14a7320>,4,14,[7 5],5,19,33,14,14
1,<environment.Job instance at 0x7f01f4e537d0>,26,14,[9 2],27,37,51,10,37
1,<environment.Job instance at 0x7f01f4e517d0>,32,17,[2 5],33,68,85,35,68
1,<environment.Job instance at 0x7f01fc63da00>,35,24,[8 3],36,69,93,33,69
1,<environment.Job instance at 0x7f01b19b5d20>,2,13,[ 5 10],3,3,16,0,3
1,<environment.Job instance at 0x7f01b1700460>,3,15,[6 1],4,16,31,12,4
1,<environment.Job instance at 0x7f01f4eb6eb0>,17,15,[10  1],18,31,46,13,18
1,<environment.Job instance at 0x7f01fb8e9dc0>,28,3,[3 9],29,46,49,17,29
1,<environment.Job instance at 0x7f01fba64d20>,27,3,[10  4],28,49,52,21,29
1,<environment.Job instance at 0x7f01b19ca4b0>,33,13,[7 5],34,52,65,18,39
1,<environment.Job instance at 0x7f01b19ca230>,38,22,[7 5],39,65,87,26,58
1,<environment.Job instance at 0x7f01fbe451e0>,7,12,[7 2],8,9,21,1,9
1,<environment.Job instance at 0x7f01fbe45eb0>,20,20,[4 6],21,22,42,1,22
1,<environment.Job instance at 0x7f01fbab7b90>,0,16,[ 3 10],1,1,17,0,1
1,<environment.Job instance at 0x7f01fbab7b40>,3,13,[5 5],4,17,30,13,4
1,<environment.Job instance at 0x7f01fbafc7d0>,11,2,[7 1],12,30,32,18,12
1,<environment.Job instance at 0x7f01fbafc8c0>,8,3,[2 6],9,30,33,21,16
1,<environment.Job instance at 0x7f01f527dfa0>,17,3,[7 5],18,33,36,15,18
1,<environment.Job instance at 0x7f01f527d0f0>,15,12,[8 5],16,36,48,20,20
1,<environment.Job instance at 0x7f01f52b4820>,25,1,[7 3],26,32,33,6,28
1,<environment.Job instance at 0x7f01f52b49b0>,22,17,[6 4],23,48,65,25,38
1,<environment.Job instance at 0x7f01b15d8820>,39,18,[9 5],40,65,83,25,64
1,<environment.Job instance at 0x7f01b125a8c0>,0,26,[4 9],1,3,29,2,3
1,<environment.Job instance at 0x7f01b12878c0>,19,18,[6 4],20,66,84,46,66
1,<environment.Job instance at 0x7f01f5215730>,1,21,[4 9],2,2,23,0,2
1,<environment.Job instance at 0x7f01b1a4a7d0>,5,23,[8 4],6,23,46,17,18
1,<environment.Job instance at 0x7f01b1a1c050>,20,15,[4 7],21,46,61,25,33
1,<environment.Job instance at 0x7f01b137a140>,34,17,[8 1],35,61,78,26,54
1,<environment.Job instance at 0x7f01f5026d70>,36,19,[2 9],37,61,80,24,59
1,<environment.Job instance at 0x7f01f536b7d0>,1,14,[9 4],2,2,16,0,2
1,<environment.Job instance at 0x7f01f5412780>,12,1,[2 5],13,16,17,3,14
1,<environment.Job instance at 0x7f01f5300aa0>,13,2,[ 4 10],14,17,19,3,15
1,<environment.Job instance at 0x7f01f5300f50>,14,18,[10  2],15,19,37,4,15
1,<environment.Job instance at 0x7f01f5300c80>,16,1,[2 6],17,37,38,20,17
1,<environment.Job instance at 0x7f01b135d6e0>,23,14,[ 5 10],24,38,52,14,35
1,<environment.Job instance at 0x7f01f5025690>,28,15,[5 8],29,52,67,23,45
1,<environment.Job instance at 0x7f01fc25aa00>,2,15,[8 4],3,3,18,0,3
1,<environment.Job instance at 0x7f01b11212d0>,9,13,[6 4],10,18,31,8,10
1,<environment.Job instance at 0x7f01b1121230>,11,28,[9 4],12,31,59,19,31
1,<environment.Job instance at 0x7f01b158f780>,29,15,[10  2],30,59,74,29,53
1,<environment.Job instance at 0x7f01b158fc30>,33,15,[3 9],34,74,89,40,62
1,<environment.Job instance at 0x7f01b158f0a0>,1,16,[3 9],2,2,18,0,2
1,<environment.Job instance at 0x7f01fbd1ebe0>,3,1,[2 6],4,18,19,14,4
1,<environment.Job instance at 0x7f01f53767d0>,8,14,[6 4],9,18,32,9,10
1,<environment.Job instance at 0x7f01f5376690>,10,2,[1 6],11,19,21,8,11
1,<environment.Job instance at 0x7f01fbe56370>,19,26,[2 6],20,22,48,2,22
1,<environment.Job instance at 0x7f01fbe564b0>,23,16,[2 6],24,50,66,26,50
1,<environment.Job instance at 0x7f01b13082d0>,26,12,[2 7],27,66,78,39,58
1,<environment.Job instance at 0x7f01fbe3d6e0>,30,13,[4 6],31,78,91,47,62
1,<environment.Job instance at 0x7f01fbe9ed20>,5,3,[2 8],6,6,9,0,6
1,<environment.Job instance at 0x7f01fba07500>,19,13,[8 2],20,25,38,5,25
1,<environment.Job instance at 0x7f01fbced370>,23,3,[ 4 10],24,41,44,17,41
1,<environment.Job instance at 0x7f01fbc72690>,25,27,[4 5],26,44,71,18,42
1,<environment.Job instance at 0x7f01f4ead8c0>,30,17,[9 2],31,71,88,40,59
1,<environment.Job instance at 0x7f01b15fb690>,3,12,[5 4],4,6,18,2,6
1,<environment.Job instance at 0x7f01fbcef410>,7,15,[3 6],8,8,23,0,8
1,<environment.Job instance at 0x7f01fc1d5e60>,8,14,[ 1 10],9,23,37,14,9
1,<environment.Job instance at 0x7f01b16e42d0>,25,14,[7 2],26,37,51,11,31
1,<environment.Job instance at 0x7f01b1609af0>,36,15,[5 6],37,62,77,25,62
1,<environment.Job instance at 0x7f01fba67280>,2,15,[5 1],3,3,18,0,3
1,<environment.Job instance at 0x7f01b114cd70>,8,16,[ 5 10],9,18,34,9,10
1,<environment.Job instance at 0x7f01b114ce10>,14,1,[4 8],15,15,16,0,15
1,<environment.Job instance at 0x7f01f4ec60a0>,22,22,[8 1],23,34,56,11,29
1,<environment.Job instance at 0x7f01f4ec6aa0>,28,16,[9 1],29,56,72,27,55
1,<environment.Job instance at 0x7f01b114c730>,19,18,[10  2],20,72,90,52,61
1,<environment.Job instance at 0x7fce04b34230>,3,18,[ 3 10],4,4,22,0,4
1,<environment.Job instance at 0x7fce04b34960>,11,2,[3 9],12,22,24,10,13
1,<environment.Job instance at 0x7fce04b34910>,13,13,[1 8],14,24,37,10,14
1,<environment.Job instance at 0x7fce04b345a0>,7,14,[5 1],8,22,36,14,14
1,<environment.Job instance at 0x7fce04b34f00>,17,3,[10  3],18,37,40,19,21
1,<environment.Job instance at 0x7fce04b367d0>,42,14,[8 4],43,78,92,35,78
1,<environment.Job instance at 0x7fce04b367d0>,4,12,[3 5],5,5,17,0,5
1,<environment.Job instance at 0x7fce0c0b9f50>,8,12,[3 5],9,11,23,2,11
1,<environment.Job instance at 0x7fce0c0b7a50>,19,2,[10  4],20,23,25,3,20
1,<environment.Job instance at 0x7fce0c0b7230>,18,12,[10  1],19,25,37,6,24
1,<environment.Job instance at 0x7fce0bf6a2d0>,23,17,[5 6],24,37,54,13,33
1,<environment.Job instance at 0x7fce0bf6a690>,29,3,[5 3],30,37,40,7,36
1,<environment.Job instance at 0x7fce0bf6aaa0>,32,2,[4 8],33,67,69,34,67
1,<environment.Job instance at 0x7fce0bf6af50>,33,3,[1 6],34,70,73,36,70
1,<environment.Job instance at 0x7fce0c0be190>,36,15,[9 2],37,75,90,38,75
1,<environment.Job instance at 0x7fcdc0e77410>,3,15,[4 8],4,7,22,3,7
1,<environment.Job instance at 0x7fcdc0ed5be0>,9,16,[3 5],10,22,38,12,11
1,<environment.Job instance at 0x7fcdc0ee6690>,22,2,[8 2],23,38,40,15,25
1,<environment.Job instance at 0x7fcdc0ee60a0>,24,12,[5 7],25,40,52,15,25
1,<environment.Job instance at 0x7fcdc0ee6230>,29,17,[9 2],30,52,69,22,40
1,<environment.Job instance at 0x7fcdc1293d20>,3,18,[1 6],4,7,25,3,7
1,<environment.Job instance at 0x7fcdc1462780>,8,12,[9 2],9,10,22,1,10
1,<environment.Job instance at 0x7fcdc14625a0>,9,1,[8 3],10,22,23,12,12
1,<environment.Job instance at 0x7fcdc1462640>,10,18,[8 5],11,25,43,14,14
1,<environment.Job instance at 0x7fcdc1465cd0>,0,14,[ 3 10],1,1,15,0,1
1,<environment.Job instance at 0x7fcdc14f79b0>,6,15,[6 2],7,15,30,8,11
1,<environment.Job instance at 0x7fcdc14f7dc0>,11,16,[2 8],12,15,31,3,12
1,<environment.Job instance at 0x7fcdc14f4370>,16,2,[3 5],17,31,33,14,24
1,<environment.Job instance at 0x7fcdc14f4a00>,22,20,[7 3],23,31,51,8,25
1,<environment.Job instance at 0x7fcdc14d8190>,31,14,[3 6],32,42,56,10,42
1,<environment.Job instance at 0x7fcdc14d85f0>,34,12,[2 9],35,56,68,21,43
1,<environment.Job instance at 0x7fcdc14d8870>,38,16,[3 6],39,68,84,29,60
1,<environment.Job instance at 0x7fcdc14f63c0>,47,13,[ 1 10],48,84,97,36,79
1,<environment.Job instance at 0x7fcdc11e4230>,0,16,[1 9],1,1,17,0,1
1,<environment.Job instance at 0x7fce0b6e6cd0>,2,17,[4 6],3,17,34,14,5
1,<environment.Job instance at 0x7fce0497a2d0>,18,13,[8 2],19,34,47,15,26
1,<environment.Job instance at 0x7fce0babc4b0>,22,13,[3 9],23,47,60,24,35
1,<environment.Job instance at 0x7fce0b4d4b90>,26,13,[8 4],27,60,73,33,44
1,<environment.Job instance at 0x7fce04f50550>,32,12,[8 5],33,73,85,40,57
1,<environment.Job instance at 0x7fce04df0050>,43,17,[1 8],44,85,102,41,79
1,<environment.Job instance at 0x7fce0b59c5a0>,1,24,[4 8],2,6,30,4,6
1,<environment.Job instance at 0x7fce04924be0>,16,18,[8 2],17,30,48,13,21
1,<environment.Job instance at 0x7fce0b5f8730>,26,14,[7 5],27,48,62,21,35
1,<environment.Job instance at 0x7fcdc11efe10>,32,12,[3 8],33,62,74,29,52
1,<environment.Job instance at 0x7fce0496f460>,39,17,[ 5 10],40,74,91,34,70
1,<environment.Job instance at 0x7fce0b6e5870>,0,18,[5 9],1,2,20,1,2
1,<environment.Job instance at 0x7fcdc11aa730>,16,17,[ 1 10],17,20,37,3,18
1,<environment.Job instance at 0x7fcdc11aa820>,19,28,[1 8],20,37,65,17,36
1,<environment.Job instance at 0x7fcdc11b7780>,35,24,[8 3],36,74,98,38,74
1,<environment.Job instance at 0x7fce0b87dd70>,4,15,[7 3],5,5,20,0,5
1,<environment.Job instance at 0x7fce0b87dcd0>,6,14,[5 4],7,20,34,13,8
1,<environment.Job instance at 0x7fce04afe7d0>,10,17,[2 6],11,18,35,7,18
1,<environment.Job instance at 0x7fce04afef00>,15,3,[9 2],16,35,38,19,18
1,<environment.Job instance at 0x7fcdc0f2c050>,26,14,[1 7],27,35,49,8,27
1,<environment.Job instance at 0x7fcdc0d8ff00>,29,16,[5 3],30,38,54,8,35
1,<environment.Job instance at 0x7fce04ac8eb0>,30,18,[ 5 10],31,54,72,23,44
1,<environment.Job instance at 0x7fce04f0fd70>,40,14,[1 8],41,72,86,31,71
1,<environment.Job instance at 0x7fce04f1d1e0>,46,12,[1 5],47,86,98,39,74
1,<environment.Job instance at 0x7fce04fc5fa0>,6,3,[8 3],7,9,12,2,9
1,<environment.Job instance at 0x7fcdc143a140>,11,3,[6 4],12,13,16,1,13
1,<environment.Job instance at 0x7fce0b8d14b0>,13,15,[5 5],14,20,35,6,20
1,<environment.Job instance at 0x7fcdc0e660f0>,21,21,[4 7],22,35,56,13,31
1,<environment.Job instance at 0x7fce0bb4ae60>,26,18,[6 3],27,53,71,26,53
1,<environment.Job instance at 0x7fce04fe1dc0>,30,15,[10  4],31,71,86,40,66
1,<environment.Job instance at 0x7fce049108c0>,37,14,[ 4 10],38,86,100,48,77
1,<environment.Job instance at 0x7fce049108c0>,2,16,[ 3 10],3,3,19,0,3
1,<environment.Job instance at 0x7fcdc0d4a500>,4,16,[5 5],5,19,35,14,6
1,<environment.Job instance at 0x7fcdc0d4a960>,8,18,[1 5],9,19,37,10,10
1,<environment.Job instance at 0x7fcdc0d449b0>,24,17,[9 2],25,35,52,10,30
1,<environment.Job instance at 0x7fcdc1314230>,33,18,[7 1],34,55,73,21,55
1,<environment.Job instance at 0x7fcdc13378c0>,0,16,[ 2 10],1,1,17,0,1
1,<environment.Job instance at 0x7fcdc1337a50>,2,15,[5 9],3,17,32,14,3
1,<environment.Job instance at 0x7fce04910960>,21,18,[10  5],22,32,50,10,22
1,<environment.Job instance at 0x7fce04c98e10>,9,12,[9 4],10,50,62,40,41
1,<environment.Job instance at 0x7fce04fd35f0>,37,20,[5 7],38,62,82,24,54
1,<environment.Job instance at 0x7fcdc0edfbe0>,49,18,[2 7],50,82,100,32,74
1,<environment.Job instance at 0x7fcdc1323870>,5,15,[3 5],6,7,22,1,7
1,<environment.Job instance at 0x7fce04e5acd0>,8,2,[7 4],9,9,11,0,9
1,<environment.Job instance at 0x7fce04e5a5f0>,9,2,[5 1],10,11,13,1,11
1,<environment.Job instance at 0x7fce04981f50>,15,12,[2 8],16,22,34,6,17
1,<environment.Job instance at 0x7fcdc12b4190>,21,14,[9 4],22,45,59,23,45
1,<environment.Job instance at 0x7fce04bc2aa0>,1,13,[7 4],2,2,15,0,2
1,<environment.Job instance at 0x7fcdc0cf79b0>,6,17,[2 6],7,8,25,1,8
1,<environment.Job instance at 0x7fcdc0cf7d70>,8,18,[5 3],9,15,33,6,11
1,<environment.Job instance at 0x7fcdc0cde2d0>,15,1,[5 9],16,33,34,17,16
1,<environment.Job instance at 0x7fcdc0cdebe0>,12,15,[8 4],13,34,49,21,22
1,<environment.Job instance at 0x7fcdc0cc4190>,20,3,[8 3],21,49,52,28,24
1,<environment.Job instance at 0x7fcdc0eb8fa0>,25,15,[3 9],26,52,67,26,39
1,<environment.Job instance at 0x7fcdc0b402d0>,29,18,[7 5],30,67,85,37,62
1,<environment.Job instance at 0x7fcdc0b40fa0>,31,14,[5 8],32,85,99,53,70
1,<environment.Job instance at 0x7fce048e13c0>,1,16,[3 9],2,2,18,0,2
1,<environment.Job instance at 0x7fce04a046e0>,4,13,[2 7],5,18,31,13,5
1,<environment.Job instance at 0x7fce04ecfe10>,15,16,[7 3],16,18,34,2,16
1,<environment.Job instance at 0x7fce04e5a6e0>,14,3,[10  5],15,34,37,19,16
1,<environment.Job instance at 0x7fce04a9c910>,23,16,[2 6],24,37,53,13,33
1,<environment.Job instance at 0x7fce04a9cf00>,24,2,[6 1],25,37,39,12,33
1,<environment.Job instance at 0x7fce04c22640>,26,12,[2 7],27,53,65,26,42
1,<environment.Job instance at 0x7fce04a8ccd0>,30,13,[4 6],31,65,78,34,57
1,<environment.Job instance at 0x7fce0bf6ac30>,34,13,[2 8],35,78,91,43,62
1,<environment.Job instance at 0x7fcdc0e24460>,3,13,[8 4],4,4,17,0,4
1,<environment.Job instance at 0x7fcdc0e24780>,5,16,[7 3],6,17,33,11,6
1,<environment.Job instance at 0x7fce0b7c7140>,22,14,[7 3],23,33,47,10,23
1,<environment.Job instance at 0x7fcdc0ac4e10>,26,25,[7 3],27,47,72,20,43
1,<environment.Job instance at 0x7fcdc0c27d20>,37,21,[9 4],38,72,93,34,64
1,<environment.Job instance at 0x7fcdc0c3fc80>,2,23,[3 7],3,3,26,0,3
1,<environment.Job instance at 0x7fcdc10945f0>,5,14,[7 2],6,6,20,0,6
1,<environment.Job instance at 0x7fcdc1099e10>,10,16,[1 7],11,26,42,15,13
1,<environment.Job instance at 0x7fcdc109f5f0>,21,16,[5 5],22,42,58,20,29
1,<environment.Job instance at 0x7fcdc11a7370>,31,15,[5 2],32,41,56,9,41
1,<environment.Job instance at 0x7fcdc117fb40>,43,18,[4 5],44,56,74,12,54
1,<environment.Job instance at 0x7fcdc1194050>,45,15,[1 5],46,58,73,12,54
1,<environment.Job instance at 0x7fce0492d7d0>,51,16,[4 6],52,74,90,22,74
1,<environment.Job instance at 0x7fce048c30f0>,7,18,[1 9],8,9,27,1,9
1,<environment.Job instance at 0x7fce048c3410>,5,14,[1 7],6,27,41,21,15
1,<environment.Job instance at 0x7fce04cc5960>,19,1,[7 1],20,31,32,11,31
1,<environment.Job instance at 0x7fce04cc5780>,20,3,[5 1],21,32,35,11,31
1,<environment.Job instance at 0x7fce04cc5f00>,22,18,[9 1],23,37,55,14,37
1,<environment.Job instance at 0x7fce0b77b3c0>,26,13,[1 6],27,41,54,14,41
1,<environment.Job instance at 0x7fcdc1459190>,32,18,[1 9],33,54,72,21,49
1,<environment.Job instance at 0x7fce0bb0cbe0>,34,18,[7 1],35,55,73,20,50
1,<environment.Job instance at 0x7fcdc0de9050>,12,18,[10  5],13,73,91,60,63
1,<environment.Job instance at 0x7fce0b8ba5a0>,0,20,[ 4 10],1,1,21,0,1
1,<environment.Job instance at 0x7fce0b8ba460>,9,3,[5 4],10,21,24,11,12
1,<environment.Job instance at 0x7fcdc0d9e9b0>,12,2,[1 9],13,24,26,11,14
1,<environment.Job instance at 0x7fce0b8ba370>,10,2,[3 5],11,21,23,10,15
1,<environment.Job instance at 0x7fcdc0d9e050>,19,15,[6 4],20,26,41,6,20
1,<environment.Job instance at 0x7fcdc0d9e230>,20,2,[7 5],21,41,43,20,22
1,<environment.Job instance at 0x7fcdc0d09190>,23,1,[9 4],24,43,44,19,27
1,<environment.Job instance at 0x7fcdc0d09500>,31,1,[3 6],32,44,45,12,41
1,<environment.Job instance at 0x7fce0b8ba140>,7,24,[4 8],8,46,70,38,46
1,<environment.Job instance at 0x7fcdc0d09640>,34,14,[ 5 10],35,70,84,35,65
1,<environment.Job instance at 0x7fce04a52910>,42,2,[3 5],43,84,86,41,79
1,<environment.Job instance at 0x7fcdc09fd960>,2,16,[2 8],3,4,20,1,4
1,<environment.Job instance at 0x7fce04a814b0>,9,17,[ 1 10],10,20,37,10,10
1,<environment.Job instance at 0x7fce04d2cfa0>,16,15,[3 9],17,37,52,20,26
1,<environment.Job instance at 0x7f77d47e3140>,0,18,[ 2 10],1,1,19,0,1
1,<environment.Job instance at 0x7f77cf3d3640>,9,17,[ 4 10],10,19,36,9,10
1,<environment.Job instance at 0x7f77cf3d3d20>,18,16,[8 5],19,36,52,17,28
1,<environment.Job instance at 0x7f77cf3d45a0>,26,22,[2 9],27,52,74,25,45
1,<environment.Job instance at 0x7f77cf3d8230>,35,16,[8 1],36,57,73,21,57
1,<environment.Job instance at 0x7f77cf3d84b0>,39,18,[5 8],40,74,92,34,69
1,<environment.Job instance at 0x7f77d494f050>,14,17,[5 4],15,15,32,0,15
1,<environment.Job instance at 0x7f77d480d5f0>,20,20,[5 7],21,32,52,11,28
1,<environment.Job instance at 0x7f77d480d280>,26,15,[9 2],27,52,67,25,38
1,<environment.Job instance at 0x7f77d49529b0>,29,16,[1 8],30,52,68,22,42
1,<environment.Job instance at 0x7f77d4959a50>,38,16,[7 1],39,79,95,40,79
1,<environment.Job instance at 0x7f77d49595f0>,39,14,[8 1],40,95,109,55,80
1,<environment.Job instance at 0x7f7789784460>,4,12,[5 7],5,5,17,0,5
1,<environment.Job instance at 0x7f778978daa0>,11,3,[8 2],12,17,20,5,12
1,<environment.Job instance at 0x7f778978d280>,12,14,[8 4],13,20,34,7,16
1,<environment.Job instance at 0x7f778978d5a0>,9,17,[9 2],10,34,51,24,24
1,<environment.Job instance at 0x7f77897b05a0>,28,22,[9 2],29,51,73,22,50
1,<environment.Job instance at 0x7f77897b0b40>,34,13,[5 9],35,73,86,38,73
1,<environment.Job instance at 0x7f77897c3cd0>,39,1,[9 2],40,87,88,47,87
1,<environment.Job instance at 0x7f77897c36e0>,40,2,[4 5],41,88,90,47,87
1,<environment.Job instance at 0x7f77897c3960>,42,1,[3 8],43,90,91,47,87
1,<environment.Job instance at 0x7f7789805690>,4,1,[3 7],5,5,6,0,5
1,<environment.Job instance at 0x7f7789805eb0>,6,14,[5 4],7,20,34,13,20
1,<environment.Job instance at 0x7f7789bbe690>,19,14,[5 7],20,34,48,14,21
1,<environment.Job instance at 0x7f7789ab81e0>,29,15,[7 4],30,48,63,18,36
1,<environment.Job instance at 0x7f7789d54c80>,35,18,[9 5],36,63,81,27,59
1,<environment.Job instance at 0x7f77d4827820>,1,25,[10  4],2,4,29,2,4
1,<environment.Job instance at 0x7f7789ac3a00>,17,27,[9 5],18,29,56,11,28
1,<environment.Job instance at 0x7f7789ac3d70>,26,21,[6 1],27,56,77,29,48
1,<environment.Job instance at 0x7f7789ac3730>,15,20,[3 8],16,65,85,49,65
1,<environment.Job instance at 0x7f7789ac8460>,33,18,[8 1],34,85,103,51,76
1,<environment.Job instance at 0x7f7789ac8f00>,40,16,[1 9],41,85,101,44,82
1,<environment.Job instance at 0x7f7789c72280>,10,13,[3 8],11,12,25,1,12
1,<environment.Job instance at 0x7f77cf2b00f0>,14,25,[1 7],15,25,50,10,24
1,<environment.Job instance at 0x7f77cf2ab3c0>,23,18,[4 8],24,50,68,26,39
1,<environment.Job instance at 0x7f77cf903e10>,34,2,[4 8],35,68,70,33,62
1,<environment.Job instance at 0x7f77cf903c80>,33,3,[9 4],34,70,73,36,62
1,<environment.Job instance at 0x7f77cf903eb0>,36,14,[8 1],37,73,87,36,64
1,<environment.Job instance at 0x7f77cf903960>,35,19,[7 5],36,88,107,52,88
1,<environment.Job instance at 0x7f77cf671fa0>,0,14,[8 4],1,1,15,0,1
1,<environment.Job instance at 0x7f7789ca79b0>,6,14,[10  4],7,15,29,8,7
1,<environment.Job instance at 0x7f77cf7205f0>,13,12,[ 2 10],14,29,41,15,15
1,<environment.Job instance at 0x7f77cf6fa690>,23,18,[ 1 10],24,41,59,17,30
1,<environment.Job instance at 0x7f77cf58c8c0>,39,28,[1 8],40,68,96,28,68
1,<environment.Job instance at 0x7f77d46ddeb0>,46,14,[9 2],47,82,96,35,82
1,<environment.Job instance at 0x7f77cf62f640>,49,3,[4 9],50,96,99,46,87
1,<environment.Job instance at 0x7f77cf303c30>,50,13,[10  4],51,99,112,48,88
1,<environment.Job instance at 0x7f77cf303c30>,2,13,[ 5 10],3,4,17,1,4
1,<environment.Job instance at 0x7f77cfde16e0>,8,17,[7 2],9,17,34,8,9
1,<environment.Job instance at 0x7f77cfde1f00>,15,12,[10  3],16,34,46,18,18
1,<environment.Job instance at 0x7f77cfde3e10>,29,21,[1 9],30,46,67,16,43
1,<environment.Job instance at 0x7f77cfdc6500>,36,14,[1 7],37,67,81,30,54
1,<environment.Job instance at 0x7f77cfdc68c0>,42,24,[1 6],43,81,105,38,76
1,<environment.Job instance at 0x7f77cf2ecf00>,0,20,[4 6],1,1,21,0,1
1,<environment.Job instance at 0x7f77cf779280>,21,21,[4 7],22,31,52,9,31
1,<environment.Job instance at 0x7f7789c9c5f0>,29,19,[5 5],30,52,71,22,48
1,<environment.Job instance at 0x7f7795374910>,32,15,[4 8],33,71,86,38,57
1,<environment.Job instance at 0x7f7789785690>,37,14,[ 4 10],38,86,100,48,76
1,<environment.Job instance at 0x7f7789ba5e60>,0,19,[4 5],1,1,20,0,1
1,<environment.Job instance at 0x7f77cf65ffa0>,8,16,[8 3],9,20,36,11,10
1,<environment.Job instance at 0x7f77cf6efbe0>,16,2,[5 9],17,36,38,19,22
1,<environment.Job instance at 0x7f7789a7c3c0>,19,14,[5 1],20,36,50,16,29
1,<environment.Job instance at 0x7f7789c89410>,22,18,[4 7],23,38,56,15,29
1,<environment.Job instance at 0x7f7789becc30>,30,26,[4 9],31,64,90,33,64
1,<environment.Job instance at 0x7f77cfb456e0>,37,23,[5 3],38,90,113,52,89
1,<environment.Job instance at 0x7f778986dcd0>,5,18,[9 2],6,8,26,2,8
1,<environment.Job instance at 0x7f7789869280>,11,21,[4 9],12,26,47,14,18
1,<environment.Job instance at 0x7f7789869a50>,19,18,[6 1],20,26,44,6,20
1,<environment.Job instance at 0x7f7789889140>,44,17,[8 1],45,76,93,31,76
1,<environment.Job instance at 0x7f778966ef50>,0,22,[2 5],1,1,23,0,1
1,<environment.Job instance at 0x7f77cfc8c640>,7,15,[5 8],8,23,38,15,9
1,<environment.Job instance at 0x7f77896092d0>,15,3,[9 2],16,38,41,22,18
1,<environment.Job instance at 0x7f77cfc8c5f0>,9,17,[2 6],10,41,58,31,29
1,<environment.Job instance at 0x7f77cf2195a0>,29,15,[6 2],30,41,56,11,41
1,<environment.Job instance at 0x7f77cf2198c0>,25,15,[8 1],26,56,71,30,43
1,<environment.Job instance at 0x7f77cfcd4780>,37,25,[9 4],38,72,97,34,72
1,<environment.Job instance at 0x7f7789d66460>,5,3,[10  4],6,7,10,1,7
1,<environment.Job instance at 0x7f7789d66dc0>,3,15,[3 9],4,10,25,6,7
1,<environment.Job instance at 0x7f77cf888320>,16,21,[5 5],17,25,46,8,24
1,<environment.Job instance at 0x7f7789becf00>,27,15,[6 2],28,46,61,18,41
1,<environment.Job instance at 0x7f77cf34ec30>,35,24,[8 3],36,69,93,33,69
1,<environment.Job instance at 0x7f77893de7d0>,2,14,[ 2 10],3,3,17,0,3
1,<environment.Job instance at 0x7f7789a955a0>,15,14,[4 8],16,28,42,12,28
1,<environment.Job instance at 0x7f7789a95eb0>,18,3,[3 8],19,42,45,23,29
1,<environment.Job instance at 0x7f7789a959b0>,17,12,[1 6],18,45,57,27,29
1,<environment.Job instance at 0x7f77cf3b7d20>,28,18,[5 9],29,75,93,46,75
1,<environment.Job instance at 0x7f7789bfbdc0>,33,13,[8 4],34,93,106,59,78
1,<environment.Job instance at 0x7f7789563f00>,3,12,[5 4],4,4,16,0,4
1,<environment.Job instance at 0x7f7789d8f910>,5,13,[9 1],6,16,29,10,8
1,<environment.Job instance at 0x7f7789b6e140>,22,23,[3 7],23,29,52,6,28
1,<environment.Job instance at 0x7f7789cc80f0>,27,16,[5 4],28,52,68,24,39
1,<environment.Job instance at 0x7f77cf5642d0>,31,12,[2 6],32,52,64,20,48
1,<environment.Job instance at 0x7f77cf564460>,33,1,[5 4],34,64,65,30,51
1,<environment.Job instance at 0x7f77cf564aa0>,39,12,[3 9],40,68,80,28,66
1,<environment.Job instance at 0x7f77cfc7bf00>,40,15,[1 8],41,80,95,39,67
1,<environment.Job instance at 0x7f77cf929870>,45,1,[6 1],46,79,80,33,79
1,<environment.Job instance at 0x7f7789907af0>,48,1,[1 9],49,95,96,46,87
1,<environment.Job instance at 0x7f7789907690>,50,2,[5 2],51,88,90,37,88
1,<environment.Job instance at 0x7f77899d3460>,2,22,[8 1],3,4,26,1,4
1,<environment.Job instance at 0x7f77899d3b40>,9,2,[10  2],10,26,28,16,13
1,<environment.Job instance at 0x7f77899b8550>,8,16,[9 1],9,28,44,19,15
1,<environment.Job instance at 0x7f77893a80f0>,19,14,[2 8],20,44,58,24,29
1,<environment.Job instance at 0x7f77893a81e0>,27,15,[ 4 10],28,68,83,40,68
1,<environment.Job instance at 0x7f77893665a0>,29,1,[7 1],30,83,84,53,71
1,<environment.Job instance at 0x7f7789366320>,32,18,[9 1],33,84,102,51,73
1,<environment.Job instance at 0x7f7789366550>,36,13,[1 6],37,83,96,46,76
1,<environment.Job instance at 0x7f77893bcf00>,40,12,[4 6],41,102,114,61,85
1,<environment.Job instance at 0x7f778960a500>,0,20,[ 4 10],1,1,21,0,1
1,<environment.Job instance at 0x7f77cf8872d0>,9,3,[5 4],10,21,24,11,10
1,<environment.Job instance at 0x7f77cf878aa0>,12,2,[1 9],13,24,26,11,13
1,<environment.Job instance at 0x7f77cf887c30>,10,2,[3 5],11,21,23,10,13
1,<environment.Job instance at 0x7f77cf874be0>,15,2,[9 5],16,26,28,10,16
1,<environment.Job instance at 0x7f77cf887aa0>,11,12,[3 5],12,28,40,16,16
1,<environment.Job instance at 0x7f77cf86bdc0>,22,23,[6 2],23,28,51,5,28
1,<environment.Job instance at 0x7f77cf887fa0>,7,24,[4 8],8,40,64,32,37
1,<environment.Job instance at 0x7f77897d7c30>,42,2,[3 5],43,72,74,29,72
1,<environment.Job instance at 0x7f77897d72d0>,46,17,[4 6],47,74,91,27,73
1,<environment.Job instance at 0x7f77897d9460>,47,2,[6 5],48,91,93,43,74
1,<environment.Job instance at 0x7f77cf15a0a0>,0,15,[8 4],1,2,17,1,2
1,<environment.Job instance at 0x7f7789cbf1e0>,17,12,[6 5],18,18,30,0,18
1,<environment.Job instance at 0x7f77cfead410>,18,3,[1 7],19,30,33,11,20
1,<environment.Job instance at 0x7f77d4959410>,21,12,[5 3],22,30,42,8,28
1,<environment.Job instance at 0x7f77cf368f00>,25,25,[4 5],26,33,58,7,29
1,<environment.Job instance at 0x7f77cf79a320>,31,15,[3 7],32,58,73,26,53
1,<environment.Job instance at 0x7f77cf79aeb0>,33,14,[6 2],34,55,69,21,55
1,<environment.Job instance at 0x7f77cf79a370>,38,12,[6 4],39,73,85,34,56
1,<environment.Job instance at 0x7f7789ae6500>,43,15,[ 2 10],44,85,100,41,71
1,<environment.Job instance at 0x7f77cfab5410>,52,1,[2 6],53,100,101,47,89
1,<environment.Job instance at 0x7f77cf89f230>,55,3,[8 1],56,100,103,44,89
1,<environment.Job instance at 0x7f77cfcea640>,8,3,[4 7],9,14,17,5,14
1,<environment.Job instance at 0x7f77cfceac30>,6,15,[4 6],7,17,32,10,14
1,<environment.Job instance at 0x7f7789500c80>,17,2,[9 2],18,32,34,14,26
1,<environment.Job instance at 0x7f7789500d20>,20,14,[8 2],21,34,48,13,30
1,<environment.Job instance at 0x7f7789500730>,21,26,[7 2],22,48,74,26,46
1,<environment.Job instance at 0x7f77895006e0>,31,23,[5 9],32,74,97,42,69
1,<environment.Job instance at 0x7f778998a870>,45,14,[7 5],46,97,111,51,82
1,<environment.Job instance at 0x7f77cfd72280>,6,25,[8 1],7,7,32,0,7
1,<environment.Job instance at 0x7f7789b506e0>,19,17,[5 2],20,32,49,12,28
1,<environment.Job instance at 0x7f7789462af0>,23,15,[2 7],24,30,45,6,30
1,<environment.Job instance at 0x7f77896ad460>,26,17,[8 4],27,49,66,22,39
1,<environment.Job instance at 0x7f778943fb40>,29,3,[5 3],30,45,48,15,39
1,<environment.Job instance at 0x7f7789d68be0>,32,12,[7 3],33,66,78,33,50
1,<environment.Job instance at 0x7f7789d71aa0>,40,16,[ 2 10],41,78,94,37,78
1,<environment.Job instance at 0x7fc78c548140>,0,18,[ 2 10],1,1,19,0,1
1,<environment.Job instance at 0x7fc787138280>,3,18,[ 3 10],4,19,37,15,8
1,<environment.Job instance at 0x7fc787138eb0>,18,16,[8 5],19,37,53,18,31
1,<environment.Job instance at 0x7fc787138960>,20,1,[3 7],21,53,54,32,36
1,<environment.Job instance at 0x7fc7871384b0>,5,13,[5 9],6,54,67,48,43
1,<environment.Job instance at 0x7fc78713f0f0>,39,18,[5 8],40,71,89,31,71
1,<environment.Job instance at 0x7fc78c6afbe0>,13,3,[1 6],14,24,27,10,24
1,<environment.Job instance at 0x7fc78c6be4b0>,14,12,[6 1],15,25,37,10,25
1,<environment.Job instance at 0x7fc78c6bee60>,15,14,[9 1],16,37,51,21,29
1,<environment.Job instance at 0x7fc78c6bec30>,19,16,[1 8],20,35,51,15,35
1,<environment.Job instance at 0x7fc78c6b9190>,25,15,[5 3],26,63,78,37,63
1,<environment.Job instance at 0x7fc78c6b9fa0>,28,16,[7 1],29,78,94,49,65
1,<environment.Job instance at 0x7fc78c6bc6e0>,36,18,[1 6],37,84,102,47,84
1,<environment.Job instance at 0x7fc78c6bce10>,40,17,[3 8],41,102,119,61,96
1,<environment.Job instance at 0x7fc741433690>,2,14,[9 2],3,3,17,0,3
1,<environment.Job instance at 0x7fc741433780>,5,17,[5 9],6,17,34,11,6
1,<environment.Job instance at 0x7fc7414277d0>,16,16,[7 2],17,34,50,17,22
1,<environment.Job instance at 0x7fc7414189b0>,23,15,[5 6],24,50,65,26,36
1,<environment.Job instance at 0x7fc741418fa0>,30,15,[7 4],31,65,80,34,63
1,<environment.Job instance at 0x7fc74146d1e0>,34,14,[8 5],35,80,94,45,80
1,<environment.Job instance at 0x7fc74146d320>,38,18,[3 8],39,94,112,55,85
1,<environment.Job instance at 0x7fc741a0e640>,11,15,[10  3],12,12,27,0,12
1,<environment.Job instance at 0x7fc7417f81e0>,19,17,[4 8],20,27,44,7,20
1,<environment.Job instance at 0x7fc741a6c410>,29,3,[8 4],30,60,63,30,60
1,<environment.Job instance at 0x7fc741a6cf50>,30,13,[ 4 10],31,64,77,33,64
1,<environment.Job instance at 0x7fc7418bc820>,38,14,[10  4],39,87,101,48,87
1,<environment.Job instance at 0x7fc7418bc0f0>,42,20,[7 3],43,101,121,58,95
1,<environment.Job instance at 0x7fc74139ccd0>,2,17,[4 6],3,4,21,1,4
1,<environment.Job instance at 0x7fc741831500>,5,12,[4 7],6,21,33,15,6
1,<environment.Job instance at 0x7fc7418315a0>,7,13,[4 6],8,33,46,25,17
1,<environment.Job instance at 0x7fc741831780>,10,2,[9 4],11,46,48,35,27
1,<environment.Job instance at 0x7fc741831af0>,17,14,[10  3],18,48,62,30,33
1,<environment.Job instance at 0x7fc7418355f0>,26,13,[8 4],27,62,75,35,47
1,<environment.Job instance at 0x7fc741833730>,45,24,[3 9],46,98,122,52,98
1,<environment.Job instance at 0x7fc7874fe230>,4,1,[2 5],5,7,8,2,7
1,<environment.Job instance at 0x7fc7418338c0>,1,24,[1 9],2,8,32,6,8
1,<environment.Job instance at 0x7fc7875cf320>,11,17,[5 7],12,32,49,20,20
1,<environment.Job instance at 0x7fc7875cfd70>,23,1,[8 5],24,49,50,25,45
1,<environment.Job instance at 0x7fc7874fe140>,6,14,[7 5],7,50,64,43,46
1,<environment.Job instance at 0x7fc7875cf640>,24,15,[5 7],25,64,79,39,51
1,<environment.Job instance at 0x7fc7875cf690>,21,15,[3 5],22,79,94,57,72
1,<environment.Job instance at 0x7fc7874691e0>,31,14,[5 4],32,79,93,47,73
1,<environment.Job instance at 0x7fc7874f4b90>,0,18,[8 1],1,3,21,2,3
1,<environment.Job instance at 0x7fc7873e2780>,8,17,[2 6],9,14,31,5,14
1,<environment.Job instance at 0x7fc78749eaa0>,16,13,[3 9],17,31,44,14,17
1,<environment.Job instance at 0x7fc78749e2d0>,19,3,[5 9],20,44,47,24,24
1,<environment.Job instance at 0x7fc7873fa910>,21,2,[3 5],22,47,49,25,25
1,<environment.Job instance at 0x7fc7873fa140>,20,2,[6 4],21,25,27,4,25
1,<environment.Job instance at 0x7fc741667910>,25,2,[2 9],26,49,51,23,31
1,<environment.Job instance at 0x7fc7871e78c0>,23,14,[4 8],24,51,65,27,38
1,<environment.Job instance at 0x7fc74169d410>,27,1,[3 6],28,65,66,37,38
1,<environment.Job instance at 0x7fc7876384b0>,32,13,[ 5 10],33,66,79,33,52
1,<environment.Job instance at 0x7fc787522140>,39,16,[10  2],40,79,95,39,68
1,<environment.Job instance at 0x7fc7871ae0f0>,53,1,[4 9],54,95,96,41,94
1,<environment.Job instance at 0x7fc78749eaf0>,14,24,[4 5],15,96,120,81,94
1,<environment.Job instance at 0x7fc7870960f0>,55,3,[9 2],56,120,123,64,94
1,<environment.Job instance at 0x7fc7878d5af0>,4,17,[5 1],5,6,23,1,6
1,<environment.Job instance at 0x7fc7878d5dc0>,7,12,[7 2],8,23,35,15,8
1,<environment.Job instance at 0x7fc7878e1780>,17,15,[4 6],18,35,50,17,31
1,<environment.Job instance at 0x7fc7878e19b0>,21,2,[8 4],22,50,52,28,31
1,<environment.Job instance at 0x7fc7878e1e10>,24,16,[4 5],25,52,68,27,40
1,<environment.Job instance at 0x7fc7878e1e60>,26,3,[8 3],27,68,71,41,51
1,<environment.Job instance at 0x7fc7878be0f0>,30,12,[1 7],31,68,80,37,52
1,<environment.Job instance at 0x7fc7878be7d0>,35,2,[6 3],36,58,60,22,58
1,<environment.Job instance at 0x7fc7878be460>,37,3,[8 1],38,71,74,33,59
1,<environment.Job instance at 0x7fc7878be690>,33,15,[5 5],34,80,95,46,66
1,<environment.Job instance at 0x7fc7878bed20>,45,2,[4 7],46,95,97,49,94
1,<environment.Job instance at 0x7fc7878bedc0>,46,18,[6 3],47,95,113,48,94
1,<environment.Job instance at 0x7fc7878bef00>,47,1,[2 6],48,97,98,49,94
1,<environment.Job instance at 0x7fc7871ff8c0>,0,14,[ 2 10],1,1,15,0,1
1,<environment.Job instance at 0x7fc7871ffd20>,2,16,[ 3 10],3,15,31,12,3
1,<environment.Job instance at 0x7fc741354960>,16,13,[5 5],17,31,44,14,18
1,<environment.Job instance at 0x7fc786faceb0>,22,21,[5 7],23,44,65,21,38
1,<environment.Job instance at 0x7fc741534e10>,32,18,[4 7],33,65,83,32,64
1,<environment.Job instance at 0x7fc7413bb230>,36,18,[8 3],37,83,101,46,79
1,<environment.Job instance at 0x7fc7877daaa0>,1,18,[10  5],2,2,20,0,2
1,<environment.Job instance at 0x7fc7413cef50>,11,21,[4 9],12,20,41,8,12
1,<environment.Job instance at 0x7fc786f6f640>,27,16,[1 7],28,44,60,16,44
1,<environment.Job instance at 0x7fc7419c4dc0>,30,15,[4 7],31,60,75,29,48
1,<environment.Job instance at 0x7fc786f8ce10>,35,1,[6 4],36,75,76,39,63
1,<environment.Job instance at 0x7fc786f8c050>,36,3,[6 1],37,63,66,26,63
1,<environment.Job instance at 0x7fc7870f14b0>,37,1,[5 1],38,66,67,28,64
1,<environment.Job instance at 0x7fc7870f1140>,38,13,[2 5],39,75,88,36,67
1,<environment.Job instance at 0x7fc7413d0370>,44,17,[8 1],45,76,93,31,73
1,<environment.Job instance at 0x7fc7413d0870>,46,19,[2 9],47,88,107,41,78
1,<environment.Job instance at 0x7fc787be2aa0>,3,14,[ 5 10],4,4,18,0,4
1,<environment.Job instance at 0x7fc787949640>,8,15,[5 8],9,18,33,9,15
1,<environment.Job instance at 0x7fc787949910>,12,12,[10  4],13,33,45,20,18
1,<environment.Job instance at 0x7fc7879374b0>,22,2,[1 7],23,45,47,22,26
1,<environment.Job instance at 0x7fc787937690>,25,21,[9 3],26,45,66,19,37
1,<environment.Job instance at 0x7fc787937eb0>,36,18,[8 1],37,66,84,29,65
1,<environment.Job instance at 0x7fc7875e3d70>,0,15,[5 5],1,1,16,0,1
1,<environment.Job instance at 0x7fc786fd45a0>,4,15,[10  2],5,16,31,11,5
1,<environment.Job instance at 0x7fc787c028c0>,20,12,[5 6],21,31,43,10,21
1,<environment.Job instance at 0x7fc787c02cd0>,24,13,[2 7],25,43,56,18,35
1,<environment.Job instance at 0x7fc787c02870>,28,14,[6 4],29,56,70,27,50
1,<environment.Job instance at 0x7fc787c027d0>,31,28,[3 6],32,58,86,26,58
1,<environment.Job instance at 0x7fc786fd8e60>,39,26,[2 6],40,86,112,46,83
1,<environment.Job instance at 0x7fc787406af0>,3,13,[8 4],4,5,18,1,5
1,<environment.Job instance at 0x7fc7874066e0>,5,16,[7 3],6,18,34,12,6
1,<environment.Job instance at 0x7fc741387230>,23,3,[6 2],24,34,37,10,31
1,<environment.Job instance at 0x7fc7413872d0>,25,3,[9 2],26,37,40,11,33
1,<environment.Job instance at 0x7fc741387d70>,20,17,[9 2],21,40,57,19,37
1,<environment.Job instance at 0x7fc787b99910>,30,26,[6 4],31,57,83,26,54
1,<environment.Job instance at 0x7fc78782da00>,37,21,[9 4],38,83,104,45,75
1,<environment.Job instance at 0x7fc741616c80>,49,20,[5 9],50,104,124,54,95
1,<environment.Job instance at 0x7fc741616cd0>,1,16,[5 5],2,2,18,0,2
1,<environment.Job instance at 0x7fc78747b280>,2,18,[2 5],3,3,21,0,3
1,<environment.Job instance at 0x7fc78759b690>,4,14,[ 3 10],5,21,35,16,6
1,<environment.Job instance at 0x7fc7875787d0>,22,2,[5 3],23,36,38,13,36
1,<environment.Job instance at 0x7fc787375370>,23,18,[4 5],24,36,54,12,36
1,<environment.Job instance at 0x7fc741a0a870>,38,16,[ 5 10],39,64,80,25,64
1,<environment.Job instance at 0x7fc78c56c0f0>,42,14,[3 7],43,80,94,37,65
1,<environment.Job instance at 0x7fc787a6a5a0>,49,18,[10  2],50,94,112,44,88
1,<environment.Job instance at 0x7fc787873780>,6,16,[1 5],7,7,23,0,7
1,<environment.Job instance at 0x7fc787c34f00>,4,17,[8 5],5,11,28,6,11
1,<environment.Job instance at 0x7fc74176c370>,9,19,[2 5],10,23,42,13,15
1,<environment.Job instance at 0x7fc7877d7050>,16,15,[ 3 10],17,42,57,25,28
1,<environment.Job instance at 0x7fc741850eb0>,31,17,[5 8],32,57,74,25,46
1,<environment.Job instance at 0x7fc741850690>,34,16,[8 2],35,74,90,39,64
1,<environment.Job instance at 0x7fc787c5e3c0>,40,20,[ 4 10],41,90,110,49,85
1,<environment.Job instance at 0x7fc787c12410>,0,25,[6 2],1,1,26,0,1
1,<environment.Job instance at 0x7fc7411e7550>,5,14,[4 8],6,6,20,0,6
1,<environment.Job instance at 0x7fc7411e71e0>,14,2,[7 5],15,26,28,11,15
1,<environment.Job instance at 0x7fc7411cdf00>,19,15,[ 5 10],20,28,43,8,22
1,<environment.Job instance at 0x7fc7411a8aa0>,34,19,[ 5 10],35,70,89,35,70
1,<environment.Job instance at 0x7fc7411a8280>,2,17,[5 7],3,3,20,0,3
1,<environment.Job instance at 0x7fc787205190>,4,12,[7 1],5,20,32,15,6
1,<environment.Job instance at 0x7fc787205e10>,7,1,[8 4],8,32,33,24,8
1,<environment.Job instance at 0x7fc7871f8a00>,11,17,[9 4],12,33,50,21,21
1,<environment.Job instance at 0x7fc7872109b0>,25,3,[8 5],26,50,53,24,38
1,<environment.Job instance at 0x7fc787210460>,26,15,[4 6],27,53,68,26,39
1,<environment.Job instance at 0x7fc74188f050>,32,15,[6 2],33,53,68,20,44
1,<environment.Job instance at 0x7fc787039370>,34,2,[10  2],35,68,70,33,55
1,<environment.Job instance at 0x7fc787032500>,35,16,[3 5],36,70,86,34,60
1,<environment.Job instance at 0x7fc7870b1b40>,42,17,[1 5],43,72,89,29,72
1,<environment.Job instance at 0x7fc7414c8e10>,46,12,[5 3],47,86,98,39,84
1,<environment.Job instance at 0x7fc7414c80a0>,49,13,[4 7],50,89,102,39,86
1,<environment.Job instance at 0x7fc7414c8b40>,51,23,[5 9],52,102,125,50,96
1,<environment.Job instance at 0x7fc7877fc460>,1,23,[1 8],2,3,26,1,3
1,<environment.Job instance at 0x7fc78747df50>,10,3,[ 2 10],11,26,29,15,11
1,<environment.Job instance at 0x7fc787ab4500>,7,1,[7 5],8,29,30,21,15
1,<environment.Job instance at 0x7fc787593b40>,14,2,[1 5],15,29,31,14,15
1,<environment.Job instance at 0x7fc741144140>,21,3,[4 5],22,30,33,8,24
1,<environment.Job instance at 0x7fc741144cd0>,22,3,[10  3],23,33,36,10,24
1,<environment.Job instance at 0x7fc787593aa0>,17,18,[ 1 10],18,36,54,18,26
1,<environment.Job instance at 0x7fc741144b40>,23,16,[9 5],24,54,70,30,41
1,<environment.Job instance at 0x7fc74146da00>,33,15,[2 7],34,70,85,36,61
1,<environment.Job instance at 0x7fc74146ddc0>,40,13,[8 4],41,85,98,44,79
1,<environment.Job instance at 0x7fc7875e4780>,46,18,[7 3],47,98,116,51,90
1,<environment.Job instance at 0x7fc787a37460>,2,18,[2 5],3,3,21,0,3
1,<environment.Job instance at 0x7fc787440e10>,7,15,[6 2],8,8,23,0,8
1,<environment.Job instance at 0x7fc787440960>,14,18,[9 3],15,23,41,8,18
1,<environment.Job instance at 0x7fc7412ebeb0>,19,14,[4 7],20,41,55,21,26
1,<environment.Job instance at 0x7fc7874f0c80>,24,14,[5 6],25,55,69,30,40
1,<environment.Job instance at 0x7fc787440730>,11,12,[2 8],12,69,81,57,53
1,<environment.Job instance at 0x7fc7874f0730>,32,2,[5 3],33,55,57,22,55
1,<environment.Job instance at 0x7fc7874f0c30>,35,2,[5 2],36,58,60,22,58
1,<environment.Job instance at 0x7fc7874f0910>,29,23,[5 7],30,81,104,51,76
1,<environment.Job instance at 0x7fc741329820>,49,14,[1 8],50,104,118,54,89
1,<environment.Job instance at 0x7fc7411e5f00>,0,16,[5 9],1,1,17,0,1
1,<environment.Job instance at 0x7fc7411e5b40>,4,17,[4 9],5,17,34,12,5
1,<environment.Job instance at 0x7fc741565a50>,9,12,[10  1],10,34,46,24,26
1,<environment.Job instance at 0x7fc74157cf50>,26,18,[4 9],27,46,64,19,46
1,<environment.Job instance at 0x7fc786f1df00>,29,13,[9 3],30,64,77,34,48
1,<environment.Job instance at 0x7fc74125baa0>,36,16,[2 7],37,77,93,40,72
1,<environment.Job instance at 0x7fc787c91d20>,44,18,[6 5],45,93,111,48,86
1,<environment.Job instance at 0x7f29280b11e0>,0,18,[ 2 10],1,1,19,0,1
1,<environment.Job instance at 0x7f2928138690>,3,13,[3 8],5,19,32,14,13
1,<environment.Job instance at 0x7f2920ca6370>,20,22,[8 2],26,40,62,14,40
1,<environment.Job instance at 0x7f2920ca6320>,22,18,[7 4],28,62,80,34,60
1,<environment.Job instance at 0x7f2920ca66e0>,26,3,[4 6],35,80,83,45,61
1,<environment.Job instance at 0x7f2920ca6910>,28,13,[1 6],37,67,80,30,67
1,<environment.Job instance at 0x7f2920ca6640>,27,17,[5 9],36,83,100,47,71
1,<environment.Job instance at 0x7f2920ca6e60>,38,18,[5 8],50,100,118,50,89
1,<environment.Job instance at 0x7f2928224960>,28,14,[9 1],44,84,98,40,84
1,<environment.Job instance at 0x7f2928224a50>,29,15,[9 2],45,98,113,53,86
1,<environment.Job instance at 0x7f2928220d70>,35,1,[1 5],57,93,94,36,93
1,<environment.Job instance at 0x7f28dcfcf230>,0,22,[3 6],1,1,23,0,1
1,<environment.Job instance at 0x7f28dcfcf500>,4,15,[6 2],6,6,21,0,6
1,<environment.Job instance at 0x7f28dcfcf0f0>,6,18,[ 4 10],8,23,41,15,14
1,<environment.Job instance at 0x7f28dcfcfa00>,13,16,[7 5],22,41,57,19,29
1,<environment.Job instance at 0x7f28dcfe8f00>,23,1,[9 1],40,57,58,17,40
1,<environment.Job instance at 0x7f28dd06f6e0>,19,17,[4 9],30,58,75,28,50
1,<environment.Job instance at 0x7f28dd070640>,35,14,[3 9],54,75,89,21,64
1,<environment.Job instance at 0x7f28dd070a00>,41,17,[5 9],60,89,106,29,80
1,<environment.Job instance at 0x7f28dd062d70>,3,17,[2 6],4,5,22,1,5
1,<environment.Job instance at 0x7f28dcfd71e0>,4,18,[ 2 10],8,22,40,14,14
1,<environment.Job instance at 0x7f28dd43faa0>,8,17,[5 3],15,40,57,25,30
1,<environment.Job instance at 0x7f28dcfa4410>,25,16,[5 7],35,51,67,16,51
1,<environment.Job instance at 0x7f28dcfa4910>,28,14,[9 1],39,67,81,28,55
1,<environment.Job instance at 0x7f28dd076d20>,32,13,[2 6],44,88,101,44,88
1,<environment.Job instance at 0x7f28dd076b40>,37,14,[10  4],51,101,115,50,89
1,<environment.Job instance at 0x7f28dd04ddc0>,46,18,[9 2],61,115,133,54,106
1,<environment.Job instance at 0x7f28dd031370>,0,12,[7 1],3,3,15,0,3
1,<environment.Job instance at 0x7f28dd39bbe0>,5,14,[5 9],10,15,29,5,10
1,<environment.Job instance at 0x7f28dd39bd70>,7,15,[6 4],12,29,44,17,15
1,<environment.Job instance at 0x7f28dd399500>,14,16,[8 5],26,44,60,18,32
1,<environment.Job instance at 0x7f28dd38d280>,28,12,[8 2],44,60,72,16,44
1,<environment.Job instance at 0x7f28dd397050>,40,16,[4 9],63,90,106,27,90
1,<environment.Job instance at 0x7f28dd3977d0>,48,1,[10  3],75,106,107,31,103
1,<environment.Job instance at 0x7f28dd3978c0>,49,14,[6 1],76,107,121,31,103
1,<environment.Job instance at 0x7f28dd397280>,41,18,[2 9],67,107,125,40,103
1,<environment.Job instance at 0x7f28dd1b3690>,6,2,[8 4],9,11,13,2,11
1,<environment.Job instance at 0x7f2927fabc80>,8,13,[3 9],12,18,31,6,18
1,<environment.Job instance at 0x7f2927fabaf0>,13,14,[9 1],17,31,45,14,23
1,<environment.Job instance at 0x7f28dcfe8d70>,24,16,[9 4],31,45,61,14,32
1,<environment.Job instance at 0x7f28dd1b3640>,5,18,[ 5 10],8,61,79,53,59
1,<environment.Job instance at 0x7f29210beb40>,32,12,[6 3],44,79,91,35,63
1,<environment.Job instance at 0x7f2920a1fb40>,37,1,[2 8],55,91,92,36,75
1,<environment.Job instance at 0x7f29210be190>,30,24,[3 9],41,92,116,51,89
1,<environment.Job instance at 0x7f29276d9690>,1,18,[5 4],2,3,21,1,3
1,<environment.Job instance at 0x7f2920d9d6e0>,2,28,[4 6],5,6,34,1,6
1,<environment.Job instance at 0x7f28dd3ab500>,14,14,[4 7],23,34,48,11,23
1,<environment.Job instance at 0x7f2920af3780>,16,13,[5 7],25,48,61,23,32
1,<environment.Job instance at 0x7f2920b17500>,28,12,[8 1],41,61,73,20,44
1,<environment.Job instance at 0x7f29277ec870>,30,3,[9 2],43,73,76,30,49
1,<environment.Job instance at 0x7f2920a905a0>,45,12,[8 4],61,89,101,28,89
1,<environment.Job instance at 0x7f2927a469b0>,42,24,[8 5],58,101,125,43,98
1,<environment.Job instance at 0x7f28dd6002d0>,11,12,[6 4],20,20,32,0,20
1,<environment.Job instance at 0x7f28dd6007d0>,14,3,[4 5],24,24,27,0,24
1,<environment.Job instance at 0x7f28dd600c30>,17,27,[5 1],28,39,66,11,39
1,<environment.Job instance at 0x7f28dd600af0>,19,12,[ 3 10],30,66,78,36,55
1,<environment.Job instance at 0x7f28dd600e60>,22,3,[9 2],33,78,81,45,67
1,<environment.Job instance at 0x7f28dd624140>,26,15,[5 3],38,81,96,43,67
1,<environment.Job instance at 0x7f28dd624320>,29,18,[2 9],42,96,114,54,87
1,<environment.Job instance at 0x7f28dd624960>,37,15,[9 1],50,114,129,64,101
1,<environment.Job instance at 0x7f28dd5f5910>,0,24,[10  4],2,2,26,0,2
1,<environment.Job instance at 0x7f2927711cd0>,11,14,[7 5],14,26,40,12,14
1,<environment.Job instance at 0x7f28dd318140>,25,2,[4 5],34,40,42,6,34
1,<environment.Job instance at 0x7f2920b202d0>,28,14,[9 5],38,42,56,4,39
1,<environment.Job instance at 0x7f28dcfd3f50>,33,16,[5 3],43,56,72,13,44
1,<environment.Job instance at 0x7f29210bc0a0>,37,12,[7 2],47,72,84,25,55
1,<environment.Job instance at 0x7f29211134b0>,51,15,[6 5],62,98,113,36,98
1,<environment.Job instance at 0x7f29276eccd0>,1,18,[5 1],2,2,20,0,2
1,<environment.Job instance at 0x7f28dd568370>,3,15,[5 2],8,8,23,0,8
1,<environment.Job instance at 0x7f28dd56e140>,5,19,[9 4],11,23,42,12,15
1,<environment.Job instance at 0x7f2920c45690>,21,16,[3 9],38,42,58,4,39
1,<environment.Job instance at 0x7f2920d4adc0>,28,12,[1 5],47,58,70,11,51
1,<environment.Job instance at 0x7f2920d4a6e0>,34,12,[3 5],55,76,88,21,76
1,<environment.Job instance at 0x7f2920d4a230>,35,14,[4 7],56,88,102,32,80
1,<environment.Job instance at 0x7f2927fb35f0>,40,2,[2 5],65,86,88,21,86
1,<environment.Job instance at 0x7f2920d4ae60>,30,12,[10  1],50,102,114,52,86
1,<environment.Job instance at 0x7f2920d60e60>,46,18,[9 5],72,114,132,42,104
1,<environment.Job instance at 0x7f2927ff0550>,0,14,[10  3],1,1,15,0,1
1,<environment.Job instance at 0x7f28dcfd7c80>,3,26,[4 9],4,15,41,11,14
1,<environment.Job instance at 0x7f2920e13230>,21,28,[6 1],30,43,71,13,43
1,<environment.Job instance at 0x7f2920e134b0>,26,12,[9 5],35,71,83,36,57
1,<environment.Job instance at 0x7f2920e139b0>,31,12,[3 9],41,83,95,42,74
1,<environment.Job instance at 0x7f2920de6780>,34,20,[7 4],44,95,115,51,90
1,<environment.Job instance at 0x7f2920deebe0>,42,13,[3 8],56,115,128,59,102
1,<environment.Job instance at 0x7f28dd65e190>,1,1,[1 8],2,5,6,3,5
1,<environment.Job instance at 0x7f28dd352910>,8,2,[ 1 10],14,14,16,0,14
1,<environment.Job instance at 0x7f28dd352c30>,10,1,[5 1],16,16,17,0,16
1,<environment.Job instance at 0x7f28dd352fa0>,11,16,[9 4],17,18,34,1,18
1,<environment.Job instance at 0x7f28dd1bff00>,17,24,[7 2],25,34,58,9,34
1,<environment.Job instance at 0x7f2920b8b5a0>,27,17,[7 5],38,58,75,20,47
1,<environment.Job instance at 0x7f292751e910>,39,15,[4 6],58,77,92,19,77
1,<environment.Job instance at 0x7f292751ebe0>,37,27,[3 5],54,95,122,41,95
1,<environment.Job instance at 0x7f28dd4fc5f0>,49,23,[7 4],70,99,122,29,99
1,<environment.Job instance at 0x7f2920b8bd20>,0,18,[3 9],1,1,19,0,1
1,<environment.Job instance at 0x7f2920d8daf0>,6,17,[3 5],7,19,36,12,7
1,<environment.Job instance at 0x7f28dccfb910>,18,2,[9 4],22,36,38,14,23
1,<environment.Job instance at 0x7f28dccfb0f0>,19,17,[9 3],23,38,55,15,26
1,<environment.Job instance at 0x7f28dccf9f50>,22,2,[5 9],27,55,57,28,30
1,<environment.Job instance at 0x7f2927729c30>,29,1,[5 5],39,57,58,18,50
1,<environment.Job instance at 0x7f2927a69d70>,27,14,[5 4],36,57,71,21,50
1,<environment.Job instance at 0x7f29277299b0>,33,2,[4 8],43,71,73,28,56
1,<environment.Job instance at 0x7f28dcd15b90>,30,16,[9 4],40,73,89,33,60
1,<environment.Job instance at 0x7f28dd429320>,42,1,[2 7],58,89,90,31,75
1,<environment.Job instance at 0x7f28dcd14b40>,43,3,[4 8],59,90,93,31,77
1,<environment.Job instance at 0x7f28dd598d20>,45,3,[1 7],64,93,96,29,77
1,<environment.Job instance at 0x7f292770aa50>,37,28,[6 1],49,89,117,40,88
1,<environment.Job instance at 0x7f28dd19e910>,9,1,[8 1],19,19,20,0,19
1,<environment.Job instance at 0x7f28dcee1780>,11,16,[5 4],22,22,38,0,22
1,<environment.Job instance at 0x7f29210b3230>,5,3,[10  4],13,38,41,25,23
1,<environment.Job instance at 0x7f2927512960>,20,13,[5 7],33,41,54,8,41
1,<environment.Job instance at 0x7f2927512e10>,21,12,[ 1 10],34,54,66,20,41
1,<environment.Job instance at 0x7f292752f370>,4,15,[3 9],7,66,81,59,55
1,<environment.Job instance at 0x7f2920edcf00>,35,18,[6 4],52,81,99,29,73
1,<environment.Job instance at 0x7f28dd4f6af0>,41,17,[3 6],64,101,118,37,101
1,<environment.Job instance at 0x7f28dd61ba00>,0,16,[8 4],2,2,18,0,2
1,<environment.Job instance at 0x7f28dd4f6730>,3,16,[2 9],5,18,34,13,9
1,<environment.Job instance at 0x7f28dd16bc80>,18,2,[6 5],26,38,40,12,38
1,<environment.Job instance at 0x7f28dd3323c0>,19,1,[10  2],28,40,41,12,39
1,<environment.Job instance at 0x7f28dd332fa0>,20,15,[5 7],32,42,57,10,42
1,<environment.Job instance at 0x7f28dd1878c0>,29,17,[8 4],44,63,80,19,63
1,<environment.Job instance at 0x7f28dd1a2d70>,34,13,[3 6],54,80,93,26,72
1,<environment.Job instance at 0x7f28dd1987d0>,44,16,[7 3],69,108,124,39,108
1,<environment.Job instance at 0x7f28dd0b99b0>,1,18,[5 5],2,2,20,0,2
1,<environment.Job instance at 0x7f28dd0b97d0>,3,13,[3 8],5,20,33,15,5
1,<environment.Job instance at 0x7f2927a044b0>,14,1,[ 1 10],19,33,34,14,19
1,<environment.Job instance at 0x7f28dd0b9e10>,4,28,[5 9],6,35,63,29,35
1,<environment.Job instance at 0x7f29279e6640>,27,1,[4 7],37,63,64,26,50
1,<environment.Job instance at 0x7f2927843820>,29,14,[1 8],39,64,78,25,51
1,<environment.Job instance at 0x7f29279e6b40>,20,13,[9 1],26,64,77,38,57
1,<environment.Job instance at 0x7f29278435f0>,33,2,[7 3],44,78,80,34,57
1,<environment.Job instance at 0x7f29278435a0>,36,2,[5 7],47,80,82,33,68
1,<environment.Job instance at 0x7f2927843b90>,31,27,[5 7],42,82,109,40,81
1,<environment.Job instance at 0x7f2927872640>,46,14,[8 5],65,109,123,44,104
1,<environment.Job instance at 0x7f2921005b90>,9,2,[3 5],17,17,19,0,17
1,<environment.Job instance at 0x7f28dce2be60>,16,17,[9 2],27,33,50,6,33
1,<environment.Job instance at 0x7f292785dfa0>,21,28,[8 1],33,50,78,17,49
1,<environment.Job instance at 0x7f28dcfe1410>,29,24,[5 6],41,78,102,37,77
1,<environment.Job instance at 0x7f28dd4094b0>,43,15,[8 3],63,102,117,39,93
1,<environment.Job instance at 0x7f28dcde98c0>,46,13,[2 8],68,117,130,49,101
1,<environment.Job instance at 0x7f29210d8230>,4,18,[ 4 10],5,5,23,0,5
1,<environment.Job instance at 0x7f29210d8780>,10,12,[8 1],13,23,35,10,13
1,<environment.Job instance at 0x7f29210d8a50>,13,3,[5 1],17,35,38,18,17
1,<environment.Job instance at 0x7f29210d85f0>,8,13,[6 2],9,38,51,29,28
1,<environment.Job instance at 0x7f2921102af0>,27,1,[10  2],46,51,52,5,46
1,<environment.Job instance at 0x7f2921102a00>,26,3,[8 4],45,52,55,7,47
1,<environment.Job instance at 0x7f2921102d20>,29,2,[10  2],49,55,57,6,51
1,<environment.Job instance at 0x7f2920e1d8c0>,2,15,[ 1 10],4,4,19,0,4
1,<environment.Job instance at 0x7f28dd017410>,5,16,[10  2],9,19,35,10,11
1,<environment.Job instance at 0x7f28dd53fdc0>,13,16,[9 5],20,35,51,15,26
1,<environment.Job instance at 0x7f28dcf740f0>,33,16,[5 5],46,51,67,5,46
1,<environment.Job instance at 0x7f28dce8a550>,38,18,[ 2 10],55,67,85,12,57
1,<environment.Job instance at 0x7f2927fe9e10>,49,28,[ 3 10],73,85,113,12,84
1,<environment.Job instance at 0x7f28dd5f6c80>,0,13,[8 4],1,1,14,0,1
1,<environment.Job instance at 0x7f28dcd36410>,1,13,[ 3 10],2,14,27,12,2
1,<environment.Job instance at 0x7f2921150cd0>,16,1,[7 4],21,27,28,6,22
1,<environment.Job instance at 0x7f2920b5c3c0>,21,3,[6 5],26,29,32,3,29
1,<environment.Job instance at 0x7f28dd420f50>,20,16,[3 8],25,32,48,7,30
1,<environment.Job instance at 0x7f28dd5e5320>,25,1,[5 3],30,48,49,18,31
1,<environment.Job instance at 0x7f2920a0ec30>,9,15,[1 7],14,48,63,34,36
1,<environment.Job instance at 0x7f28dd409370>,30,12,[7 3],38,49,61,11,38
1,<environment.Job instance at 0x7f28dd65e870>,37,18,[8 4],50,63,81,13,58
1,<environment.Job instance at 0x7f28dd65e230>,35,18,[ 4 10],46,81,99,35,74
1,<environment.Job instance at 0x7f2ca9dba1e0>,0,18,[ 2 10],1,1,19,0,1
1,<environment.Job instance at 0x7f2ca9dfe5a0>,3,13,[3 8],5,19,32,14,5
1,<environment.Job instance at 0x7f2ca29ae050>,18,16,[4 9],24,32,48,8,24
1,<environment.Job instance at 0x7f2ca29ae3c0>,22,18,[7 4],28,48,66,20,39
1,<environment.Job instance at 0x7f2ca29ae7d0>,27,17,[5 9],36,66,83,30,57
1,<environment.Job instance at 0x7f2ca29aedc0>,34,1,[10  1],45,83,84,38,72
1,<environment.Job instance at 0x7f2ca29aef00>,36,14,[5 5],48,84,98,36,72
1,<environment.Job instance at 0x7f2ca29ac690>,41,14,[8 4],53,98,112,45,84
1,<environment.Job instance at 0x7f2ca29ac870>,44,18,[3 7],58,112,130,54,101
1,<environment.Job instance at 0x7f2ca29acdc0>,2,16,[ 5 10],5,5,21,0,5
1,<environment.Job instance at 0x7f2ca9f35460>,4,13,[2 8],7,21,34,14,7
1,<environment.Job instance at 0x7f2ca9f2be60>,11,15,[9 4],20,34,49,14,23
1,<environment.Job instance at 0x7f2ca9f2b4b0>,12,1,[5 8],21,49,50,28,25
1,<environment.Job instance at 0x7f2ca9f29b40>,21,14,[9 1],34,50,64,16,37
1,<environment.Job instance at 0x7f2ca9de3820>,27,1,[10  1],45,64,65,19,48
1,<environment.Job instance at 0x7f2ca9de3550>,28,1,[1 5],47,50,51,3,49
1,<environment.Job instance at 0x7f2ca9de3690>,29,15,[9 1],48,65,80,17,51
1,<environment.Job instance at 0x7f2ca9f27820>,39,18,[ 2 10],59,80,98,21,71
1,<environment.Job instance at 0x7f2ca9f2e9b0>,49,18,[3 6],82,98,116,16,94
1,<environment.Job instance at 0x7f2ca9f342d0>,57,15,[7 2],95,109,124,14,109
1,<environment.Job instance at 0x7f2ca9f30190>,24,13,[9 5],39,124,137,85,114
1,<environment.Job instance at 0x7f2c5eca4820>,2,13,[ 4 10],4,5,18,1,5
1,<environment.Job instance at 0x7f2c5eca4f50>,3,28,[4 8],7,20,48,13,20
1,<environment.Job instance at 0x7f2c5ec78460>,23,2,[3 8],35,48,50,13,40
1,<environment.Job instance at 0x7f2c5ecec910>,29,13,[5 1],41,67,80,26,67
1,<environment.Job instance at 0x7f2c5eceb0a0>,36,17,[3 9],53,89,106,36,89
1,<environment.Job instance at 0x7f2c5eceb460>,37,17,[2 8],54,106,123,52,94
1,<environment.Job instance at 0x7f2c5f2db320>,0,26,[7 2],1,1,27,0,1
1,<environment.Job instance at 0x7f2c5f2dbc30>,12,13,[6 5],16,27,40,11,26
1,<environment.Job instance at 0x7f2c5f27bdc0>,13,14,[3 6],17,40,54,23,29
1,<environment.Job instance at 0x7f2c5f2dbf50>,8,18,[5 1],10,40,58,30,31
1,<environment.Job instance at 0x7f2c5ec0a190>,20,2,[5 1],26,54,56,28,32
1,<environment.Job instance at 0x7f2c5ec0a640>,18,16,[7 2],24,58,74,34,47
1,<environment.Job instance at 0x7f2c5f1100a0>,32,16,[ 2 10],44,74,90,30,67
1,<environment.Job instance at 0x7f2c5f110a50>,36,23,[4 8],48,90,113,42,84
1,<environment.Job instance at 0x7f2c5f161410>,43,17,[5 8],57,113,130,56,111
1,<environment.Job instance at 0x7f2c5f09b7d0>,5,18,[8 1],6,6,24,0,6
1,<environment.Job instance at 0x7f2c5f0a51e0>,12,2,[6 3],18,24,26,6,18
1,<environment.Job instance at 0x7f2c5f1403c0>,6,16,[4 9],8,26,42,18,21
1,<environment.Job instance at 0x7f2c5f0a54b0>,16,18,[2 9],27,42,60,15,31
1,<environment.Job instance at 0x7f2c5f09f230>,26,3,[2 9],39,60,63,21,39
1,<environment.Job instance at 0x7f2c5f09fc80>,35,2,[5 9],51,67,69,16,67
1,<environment.Job instance at 0x7f2c5f09feb0>,37,1,[10  2],53,69,70,16,68
1,<environment.Job instance at 0x7f2c5f0a5460>,13,24,[3 6],19,70,94,51,68
1,<environment.Job instance at 0x7f2c5f0923c0>,45,15,[5 1],65,84,99,19,84
1,<environment.Job instance at 0x7f2c5f092460>,46,16,[3 9],66,94,110,28,84
1,<environment.Job instance at 0x7f2c5f092c80>,49,18,[8 3],70,110,128,40,103
1,<environment.Job instance at 0x7f2c5f092e10>,52,12,[2 7],75,110,122,35,104
1,<environment.Job instance at 0x7f2ca565c320>,2,18,[10  3],6,6,24,0,6
1,<environment.Job instance at 0x7f2ca563a190>,12,25,[1 7],17,24,49,7,21
1,<environment.Job instance at 0x7f2ca563acd0>,17,14,[2 9],24,49,63,25,34
1,<environment.Job instance at 0x7f2ca563a140>,21,3,[5 6],30,63,66,33,37
1,<environment.Job instance at 0x7f2ca2881d70>,34,3,[4 8],48,66,69,18,64
1,<environment.Job instance at 0x7f2ca2881460>,42,18,[5 4],62,71,89,9,71
1,<environment.Job instance at 0x7f2c5f048230>,46,12,[ 2 10],70,93,105,23,93
1,<environment.Job instance at 0x7f2c5f0486e0>,47,15,[9 2],71,105,120,34,93
1,<environment.Job instance at 0x7f2c5f048af0>,50,23,[10  4],76,120,143,44,114
1,<environment.Job instance at 0x7f2ca2affbe0>,7,3,[4 9],9,9,12,0,9
1,<environment.Job instance at 0x7f2ca2dab690>,14,3,[8 5],18,24,27,6,24
1,<environment.Job instance at 0x7f2ca2823d20>,11,16,[2 6],13,27,43,14,27
1,<environment.Job instance at 0x7f2ca2dab4b0>,15,13,[5 2],19,35,48,16,35
1,<environment.Job instance at 0x7f2ca4f768c0>,19,12,[6 1],23,48,60,25,35
1,<environment.Job instance at 0x7f2c5ef1d460>,17,18,[ 1 10],21,60,78,39,51
1,<environment.Job instance at 0x7f2ca53dc7d0>,31,12,[8 2],39,103,115,64,103
1,<environment.Job instance at 0x7f2ca2cd6f00>,42,17,[2 8],58,103,120,45,103
1,<environment.Job instance at 0x7f2ca4f040f0>,47,15,[4 9],65,120,135,55,106
1,<environment.Job instance at 0x7f2ca2757190>,3,18,[8 2],4,4,22,0,4
1,<environment.Job instance at 0x7f2ca4f04dc0>,5,3,[10  3],6,22,25,16,7
1,<environment.Job instance at 0x7f2ca2947d70>,15,24,[8 4],21,33,57,12,33
1,<environment.Job instance at 0x7f2ca2930910>,26,24,[10  4],42,57,81,15,54
1,<environment.Job instance at 0x7f2ca2930dc0>,34,18,[ 5 10],51,81,99,30,72
1,<environment.Job instance at 0x7f2ca292c460>,39,12,[1 5],57,99,111,42,90
1,<environment.Job instance at 0x7f2ca292c640>,41,2,[3 5],59,99,101,40,93
1,<environment.Job instance at 0x7f2ca292c910>,42,16,[7 5],61,101,117,40,95
1,<environment.Job instance at 0x7f2ca293a2d0>,2,15,[8 1],4,5,20,1,5
1,<environment.Job instance at 0x7f2c5ef7b500>,10,2,[2 5],16,17,19,1,17
1,<environment.Job instance at 0x7f2ca29ac8c0>,16,16,[4 5],24,33,49,9,33
1,<environment.Job instance at 0x7f2ca2dfa690>,23,18,[5 1],32,35,53,3,35
1,<environment.Job instance at 0x7f2ca29788c0>,25,15,[5 2],38,49,64,11,43
1,<environment.Job instance at 0x7f2ca9b4b190>,36,14,[4 6],58,59,73,1,59
1,<environment.Job instance at 0x7f2ca28555f0>,43,16,[3 9],68,103,119,35,103
1,<environment.Job instance at 0x7f2ca508e730>,3,28,[10  4],5,5,33,0,5
1,<environment.Job instance at 0x7f2c5f02ee60>,12,17,[8 3],22,33,50,11,22
1,<environment.Job instance at 0x7f2ca5699e60>,20,2,[4 7],33,50,52,17,35
1,<environment.Job instance at 0x7f2ca4f76a50>,32,28,[6 1],50,77,105,27,77
1,<environment.Job instance at 0x7f2ca4f76730>,35,26,[4 5],53,77,103,24,77
1,<environment.Job instance at 0x7f2c5ef9c2d0>,45,20,[7 4],64,118,138,54,118
1,<environment.Job instance at 0x7f2ca4f093c0>,1,14,[ 4 10],5,5,19,0,5
1,<environment.Job instance at 0x7f2c5ef9c190>,3,22,[10  4],7,19,41,12,12
1,<environment.Job instance at 0x7f2c5ebe55f0>,18,13,[8 2],28,41,54,13,30
1,<environment.Job instance at 0x7f2c5ebe2280>,27,1,[1 7],40,41,42,1,40
1,<environment.Job instance at 0x7f2c5ebe2050>,26,3,[10  3],38,54,57,16,40
1,<environment.Job instance at 0x7f2c5ebe2550>,29,1,[5 9],42,57,58,15,42
1,<environment.Job instance at 0x7f2c5ebe2730>,30,14,[3 7],43,58,72,15,46
1,<environment.Job instance at 0x7f2c5ebe2aa0>,34,1,[2 5],49,52,53,3,52
1,<environment.Job instance at 0x7f2c5ebe2cd0>,37,2,[4 5],56,72,74,16,57
1,<environment.Job instance at 0x7f2c5ebe2b40>,38,17,[1 9],57,74,91,17,67
1,<environment.Job instance at 0x7f2c5ebf18c0>,45,15,[4 6],68,91,106,23,80
1,<environment.Job instance at 0x7f2c5ebf1af0>,52,2,[10  5],77,106,108,29,99
1,<environment.Job instance at 0x7f2c5ebf1870>,50,12,[8 3],74,108,120,34,99
1,<environment.Job instance at 0x7f2c5ebe5e10>,23,24,[7 2],35,120,144,85,115
1,<environment.Job instance at 0x7f2ca2baab90>,0,18,[3 9],1,1,19,0,1
1,<environment.Job instance at 0x7f2ca506fa50>,5,13,[7 3],6,19,32,13,6
1,<environment.Job instance at 0x7f2ca2b637d0>,9,15,[5 2],11,32,47,21,18
1,<environment.Job instance at 0x7f2ca4fbc140>,22,2,[5 9],27,47,49,20,28
1,<environment.Job instance at 0x7f2ca4fbc820>,23,17,[2 5],28,28,45,0,28
1,<environment.Job instance at 0x7f2ca283beb0>,34,18,[5 3],45,64,82,19,64
1,<environment.Job instance at 0x7f2ca283b1e0>,38,2,[2 8],51,82,84,31,64
1,<environment.Job instance at 0x7f2ca283b730>,39,3,[4 7],53,64,67,11,64
1,<environment.Job instance at 0x7f2ca283b050>,40,13,[6 2],54,82,95,28,70
1,<environment.Job instance at 0x7f2ca2bc6780>,45,3,[1 7],64,73,76,9,73
1,<environment.Job instance at 0x7f2c5f366050>,46,12,[4 6],66,84,96,18,73
1,<environment.Job instance at 0x7f2c5f366730>,49,18,[5 7],72,96,114,24,86
1,<environment.Job instance at 0x7f2ca283b960>,37,28,[6 1],49,118,146,69,118
1,<environment.Job instance at 0x7f2ca4fc3eb0>,5,14,[10  2],10,14,28,4,14
1,<environment.Job instance at 0x7f2ca2b2c4b0>,11,1,[10  4],17,28,29,11,19
1,<environment.Job instance at 0x7f2ca5001aa0>,19,25,[1 6],27,34,59,7,34
1,<environment.Job instance at 0x7f2ca50010a0>,21,15,[6 2],29,38,53,9,38
1,<environment.Job instance at 0x7f2ca2b555f0>,26,12,[10  3],37,59,71,22,53
1,<environment.Job instance at 0x7f2ca2b55550>,27,18,[3 8],38,71,89,33,62
1,<environment.Job instance at 0x7f2ca2b55960>,31,12,[5 9],43,89,101,46,87
1,<environment.Job instance at 0x7f2ca54abe60>,36,17,[3 6],54,101,118,47,92
1,<environment.Job instance at 0x7f2ca5109eb0>,49,15,[1 8],73,118,133,45,107
1,<environment.Job instance at 0x7f2ca52c5140>,0,14,[1 8],2,2,16,0,2
1,<environment.Job instance at 0x7f2ca29f3910>,4,15,[5 7],12,16,31,4,12
1,<environment.Job instance at 0x7f2ca2a08410>,11,13,[1 8],22,31,44,9,22
1,<environment.Job instance at 0x7f2ca2a08870>,12,13,[6 2],23,31,44,8,23
1,<environment.Job instance at 0x7f2ca29ff230>,16,2,[4 9],32,44,46,12,33
1,<environment.Job instance at 0x7f2ca2a08690>,18,13,[3 6],34,46,59,12,34
1,<environment.Job instance at 0x7f2c5edf62d0>,21,1,[7 4],40,46,47,6,40
1,<environment.Job instance at 0x7f2ca29eb500>,22,1,[3 7],41,59,60,18,42
1,<environment.Job instance at 0x7f2ca2e8d050>,26,13,[8 4],47,60,73,13,52
1,<environment.Job instance at 0x7f2ca537ef50>,31,13,[8 5],52,73,86,21,66
1,<environment.Job instance at 0x7f2ca2887f00>,36,3,[ 4 10],57,86,89,29,77
1,<environment.Job instance at 0x7f2c5ef74690>,37,3,[10  2],58,89,92,31,77
1,<environment.Job instance at 0x7f2ca2887370>,35,16,[5 4],56,92,108,36,81
1,<environment.Job instance at 0x7f2ca5366960>,45,26,[9 2],68,108,134,40,105
1,<environment.Job instance at 0x7f2ca5370870>,2,18,[10  4],5,5,23,0,5
1,<environment.Job instance at 0x7f2ca56c79b0>,5,14,[1 8],9,23,37,14,9
1,<environment.Job instance at 0x7f2c5eed9960>,17,1,[ 3 10],23,37,38,14,25
1,<environment.Job instance at 0x7f2ca2b30690>,32,14,[7 5],48,105,119,57,105
1,<environment.Job instance at 0x7f2ca2b30640>,35,13,[9 2],53,119,132,66,109
1,<environment.Job instance at 0x7f2ca27905a0>,2,18,[8 2],4,4,22,0,4
1,<environment.Job instance at 0x7f2c5e9f4460>,4,14,[9 5],6,22,36,16,7
1,<environment.Job instance at 0x7f2c5e9f4190>,5,14,[1 7],8,8,22,0,8
1,<environment.Job instance at 0x7f2c5e9f4aa0>,8,3,[6 1],13,36,39,23,18
1,<environment.Job instance at 0x7f2c5e98a050>,11,2,[ 4 10],18,39,41,21,19
1,<environment.Job instance at 0x7f2c5e98a7d0>,15,1,[7 3],25,41,42,16,25
1,<environment.Job instance at 0x7f2c5e98a0f0>,12,2,[7 2],19,42,44,23,27
1,<environment.Job instance at 0x7f2c5e9f48c0>,9,18,[5 5],16,44,62,28,33
1,<environment.Job instance at 0x7f2c5e98ebe0>,29,18,[5 3],48,58,76,10,58
1,<environment.Job instance at 0x7f2ca53ab9b0>,30,13,[1 5],49,62,75,13,58
1,<environment.Job instance at 0x7f2ca53abd20>,35,14,[4 6],57,75,89,18,65
1,<environment.Job instance at 0x7f2c5e9872d0>,40,25,[8 1],64,101,126,37,101
1,<environment.Job instance at 0x7f2c5e987140>,1,19,[10  4],2,2,21,0,2
1,<environment.Job instance at 0x7f2c5e9337d0>,5,3,[1 6],6,21,24,15,6
1,<environment.Job instance at 0x7f2ca5310f50>,10,2,[9 5],12,24,26,12,16
1,<environment.Job instance at 0x7f2ca5310550>,9,18,[8 5],11,26,44,15,24
1,<environment.Job instance at 0x7f2ca52f24b0>,17,12,[8 1],25,44,56,19,31
1,<environment.Job instance at 0x7f2ca52f2320>,19,20,[1 5],28,31,51,3,31
1,<environment.Job instance at 0x7f2ca52f29b0>,15,14,[1 6],23,51,65,28,39
1,<environment.Job instance at 0x7f2ca52f21e0>,21,1,[6 4],30,56,57,26,39
1,<environment.Job instance at 0x7f2ca52f2c30>,23,2,[10  2],32,65,67,33,40
1,<environment.Job instance at 0x7f2ca530a320>,28,16,[6 4],41,67,83,26,54
1,<environment.Job instance at 0x7f2ca552a870>,34,23,[4 6],49,67,90,18,67
1,<environment.Job instance at 0x7f2ca27c77d0>,41,15,[6 3],58,83,98,25,77
1,<environment.Job instance at 0x7f2ca4f1d960>,47,16,[10  2],69,98,114,29,90
1,<environment.Job instance at 0x7f2ca4efc690>,55,16,[9 5],80,114,130,34,114
1,<environment.Job instance at 0x7f2ca4efc690>,1,18,[8 4],3,6,24,3,6
1,<environment.Job instance at 0x7f2ca2829190>,5,14,[9 2],12,24,38,12,12
1,<environment.Job instance at 0x7f2ca28f4f00>,16,3,[5 5],24,38,41,14,26
1,<environment.Job instance at 0x7f2ca28f42d0>,17,16,[2 9],26,41,57,15,32
1,<environment.Job instance at 0x7f2c5ed56b90>,20,2,[9 4],31,57,59,26,42
1,<environment.Job instance at 0x7f2c5ed56050>,25,3,[6 2],37,59,62,22,44
1,<environment.Job instance at 0x7f2c5ebf91e0>,27,1,[1 7],39,59,60,20,44
1,<environment.Job instance at 0x7f2c5ebf93c0>,28,2,[5 3],40,62,64,22,45
1,<environment.Job instance at 0x7f2c5ebf9690>,29,1,[4 7],41,60,61,19,45
1,<environment.Job instance at 0x7f2ca52637d0>,30,12,[6 4],42,64,76,22,48
1,<environment.Job instance at 0x7f2ca5433280>,38,13,[8 4],51,94,107,43,94
1,<environment.Job instance at 0x7f2ca5433f50>,41,16,[2 6],57,105,121,48,105
1,<environment.Job instance at 0x7f2ca519c5a0>,47,15,[1 7],64,121,136,57,107
1,<environment.Job instance at 0x7f2ca519c6e0>,48,17,[6 2],65,107,124,42,107
1,<environment.Job instance at 0x7f2c5f09b960>,4,15,[5 5],10,15,30,5,15
1,<environment.Job instance at 0x7f2ca56c2f50>,13,15,[5 7],28,31,46,3,31
1,<environment.Job instance at 0x7f2ca27d29b0>,19,12,[5 3],37,37,49,0,37
1,<environment.Job instance at 0x7f2ca2e23cd0>,20,15,[6 1],38,49,64,11,38
1,<environment.Job instance at 0x7f2c5eedf690>,28,20,[4 9],49,49,69,0,49
1,<environment.Job instance at 0x7f2ca2718be0>,30,22,[2 9],51,69,91,18,62
1,<environment.Job instance at 0x7f2c5ecdf690>,35,28,[1 9],62,91,119,29,90
1,<environment.Job instance at 0x7f2ca297f230>,46,14,[8 1],79,113,127,34,113
1,<environment.Job instance at 0x7f2ca2e23780>,0,17,[7 1],1,1,18,0,1
1,<environment.Job instance at 0x7f2ca5686960>,2,13,[5 8],3,18,31,15,3
1,<environment.Job instance at 0x7f2ca2954c80>,9,16,[7 4],15,31,47,16,19
1,<environment.Job instance at 0x7f2c5ed5a9b0>,23,19,[1 8],35,50,69,15,50
1,<environment.Job instance at 0x7f2c5ed5aaa0>,27,17,[7 1],41,61,78,20,61
1,<environment.Job instance at 0x7f2ca28622d0>,37,18,[3 9],62,93,111,31,93
1,<environment.Job instance at 0x7f2c5ea6ed20>,48,21,[3 6],76,111,132,35,111
1,<environment.Job instance at 0x7f9a8db714b0>,8,17,[10  5],11,19,36,8,19
1,<environment.Job instance at 0x7f9a8db71a00>,13,2,[7 3],18,36,38,18,22
1,<environment.Job instance at 0x7f9a8db71cd0>,16,3,[4 9],22,38,41,16,23
1,<environment.Job instance at 0x7f9a8db75230>,22,18,[7 4],28,58,76,30,58
1,<environment.Job instance at 0x7f9a8db758c0>,27,17,[5 9],36,76,93,40,66
1,<environment.Job instance at 0x7f9a8db75c30>,34,1,[10  1],45,93,94,48,87
1,<environment.Job instance at 0x7f9a8db75c80>,35,2,[5 1],46,87,89,41,87
1,<environment.Job instance at 0x7f9a8db75d20>,36,14,[5 5],48,94,108,46,90
1,<environment.Job instance at 0x7f9a8db720f0>,41,14,[8 4],53,108,122,55,97
1,<environment.Job instance at 0x7f9a94fa86e0>,3,3,[2 9],5,5,8,0,5
1,<environment.Job instance at 0x7f9a950ea780>,9,18,[5 3],17,17,35,0,17
1,<environment.Job instance at 0x7f9a950f0910>,16,15,[9 2],25,46,61,21,46
1,<environment.Job instance at 0x7f9a950f7b40>,24,15,[5 3],39,61,76,22,47
1,<environment.Job instance at 0x7f9a950f7c30>,26,3,[1 8],41,52,55,11,52
1,<environment.Job instance at 0x7f9a950f7e10>,28,2,[1 7],44,55,57,11,55
1,<environment.Job instance at 0x7f9a94faa870>,30,3,[7 3],46,76,79,30,56
1,<environment.Job instance at 0x7f9a94faae60>,32,13,[10  2],48,79,92,31,64
1,<environment.Job instance at 0x7f9a950eea00>,36,17,[5 6],54,92,109,38,84
1,<environment.Job instance at 0x7f9a950f2320>,47,16,[1 9],78,109,125,31,99
1,<environment.Job instance at 0x7f9a94faa280>,33,18,[ 2 10],49,125,143,76,114
1,<environment.Job instance at 0x7f9a950f4500>,59,2,[10  3],95,143,145,48,128
1,<environment.Job instance at 0x7f9a49f23500>,12,2,[3 8],15,24,26,9,24
1,<environment.Job instance at 0x7f9a49f23370>,15,27,[5 3],18,28,55,10,28
1,<environment.Job instance at 0x7f9a49f69960>,24,12,[6 1],32,63,75,31,63
1,<environment.Job instance at 0x7f9a49f69c80>,26,17,[2 8],34,67,84,33,67
1,<environment.Job instance at 0x7f9a49f69af0>,29,13,[5 7],38,84,97,46,80
1,<environment.Job instance at 0x7f9a49ec3370>,37,17,[8 2],48,97,114,49,91
1,<environment.Job instance at 0x7f9a49ec3e60>,38,28,[6 5],49,115,143,66,115
1,<environment.Job instance at 0x7f9a4a231a00>,0,18,[9 2],1,4,22,3,4
1,<environment.Job instance at 0x7f9a49dbd320>,5,15,[7 4],11,22,37,11,11
1,<environment.Job instance at 0x7f9a49dbd820>,11,23,[4 8],18,46,69,28,46
1,<environment.Job instance at 0x7f9a4a329910>,19,16,[8 2],28,69,85,41,56
1,<environment.Job instance at 0x7f9a4a2d70f0>,29,20,[2 6],40,83,103,43,83
1,<environment.Job instance at 0x7f9a4a2d7b90>,33,3,[8 4],44,96,99,52,96
1,<environment.Job instance at 0x7f9a4a2d76e0>,32,2,[1 7],43,103,105,60,96
1,<environment.Job instance at 0x7f9a49e73be0>,35,3,[8 3],48,99,102,51,96
1,<environment.Job instance at 0x7f9a49e73e60>,37,12,[7 1],53,102,114,49,100
1,<environment.Job instance at 0x7f9a49e735f0>,34,15,[2 9],47,105,120,58,100
1,<environment.Job instance at 0x7f9a49e731e0>,44,15,[6 4],62,120,135,58,110
1,<environment.Job instance at 0x7f9a4a22c960>,50,12,[2 6],75,120,132,45,116
1,<environment.Job instance at 0x7f9a4a22c320>,51,16,[8 5],76,135,151,59,123
1,<environment.Job instance at 0x7f9a4a22c640>,2,27,[10  3],3,4,31,1,4
1,<environment.Job instance at 0x7f9a4a26b4b0>,10,14,[5 1],15,31,45,16,17
1,<environment.Job instance at 0x7f9a4a26b690>,13,22,[1 9],21,31,53,10,24
1,<environment.Job instance at 0x7f9a4a26d410>,26,21,[2 7],37,53,74,16,45
1,<environment.Job instance at 0x7f9a4a26d5a0>,28,2,[8 4],39,74,76,35,54
1,<environment.Job instance at 0x7f9a4a26d5f0>,29,1,[10  1],41,76,77,35,54
1,<environment.Job instance at 0x7f9a4a26d690>,30,13,[3 9],42,77,90,35,62
1,<environment.Job instance at 0x7f9a4a26ddc0>,36,21,[9 5],48,90,111,42,82
1,<environment.Job instance at 0x7f9a4a2694b0>,45,2,[7 3],59,111,113,52,90
1,<environment.Job instance at 0x7f9a4a269500>,47,2,[3 9],62,113,115,51,90
1,<environment.Job instance at 0x7f9a4a269910>,49,1,[ 4 10],66,115,116,49,90
1,<environment.Job instance at 0x7f9a4a269c30>,50,2,[5 4],69,116,118,47,90
1,<environment.Job instance at 0x7f9a4a269dc0>,53,3,[1 8],73,118,121,45,106
1,<environment.Job instance at 0x7f9a4a269f00>,54,12,[6 3],74,121,133,47,112
1,<environment.Job instance at 0x7f9a4a22c3c0>,6,18,[5 4],12,12,30,0,12
1,<environment.Job instance at 0x7f9a4a22c960>,7,28,[4 6],15,16,44,1,16
1,<environment.Job instance at 0x7f9a4a136320>,19,14,[4 7],33,44,58,11,34
1,<environment.Job instance at 0x7f9a8dfa60f0>,24,16,[5 5],38,58,74,20,45
1,<environment.Job instance at 0x7f9a8dd1c1e0>,29,16,[9 4],46,74,90,28,66
1,<environment.Job instance at 0x7f9a9088e140>,38,1,[2 8],58,90,91,32,80
1,<environment.Job instance at 0x7f9a9088ea00>,39,2,[5 4],59,91,93,32,80
1,<environment.Job instance at 0x7f9a9088e550>,40,17,[5 1],60,90,107,30,86
1,<environment.Job instance at 0x7f9a900e65a0>,44,21,[5 5],64,93,114,29,89
1,<environment.Job instance at 0x7f9a90262cd0>,50,12,[8 4],71,114,126,43,107
1,<environment.Job instance at 0x7f9a905fae10>,58,12,[ 2 10],80,129,141,49,129
1,<environment.Job instance at 0x7f9a8dab8320>,3,15,[4 9],5,5,20,0,5
1,<environment.Job instance at 0x7f9a4a033640>,4,12,[5 5],6,20,32,14,7
1,<environment.Job instance at 0x7f9a4a0331e0>,6,12,[6 4],10,32,44,22,15
1,<environment.Job instance at 0x7f9a8de3a820>,13,16,[ 3 10],19,44,60,25,35
1,<environment.Job instance at 0x7f9a4a4a2320>,24,18,[2 9],32,77,95,45,77
1,<environment.Job instance at 0x7f9a4a071140>,26,2,[6 4],34,95,97,61,78
1,<environment.Job instance at 0x7f9a8d985e60>,36,3,[10  4],44,97,100,53,89
1,<environment.Job instance at 0x7f9a8d9858c0>,37,12,[5 5],46,100,112,54,89
1,<environment.Job instance at 0x7f9a9032a690>,39,17,[ 1 10],48,112,129,64,100
1,<environment.Job instance at 0x7f9a8d9be230>,48,13,[3 7],62,129,142,67,115
1,<environment.Job instance at 0x7f9a8da5a3c0>,54,13,[4 5],69,142,155,73,126
1,<environment.Job instance at 0x7f9a8da5a3c0>,2,14,[5 7],3,3,17,0,3
1,<environment.Job instance at 0x7f9a90382960>,5,16,[3 6],7,17,33,10,7
1,<environment.Job instance at 0x7f9a90382b40>,11,16,[5 3],13,13,29,0,13
1,<environment.Job instance at 0x7f9a9034d320>,15,12,[7 2],17,29,41,12,20
1,<environment.Job instance at 0x7f9a9034d7d0>,20,1,[8 4],23,41,42,18,23
1,<environment.Job instance at 0x7f9a9034da00>,23,18,[5 7],26,42,60,16,34
1,<environment.Job instance at 0x7f9a90374190>,47,12,[4 8],55,79,91,24,79
1,<environment.Job instance at 0x7f9a90374410>,48,17,[10  4],56,91,108,35,79
1,<environment.Job instance at 0x7f9a90374870>,56,15,[8 1],68,122,137,54,122
1,<environment.Job instance at 0x7f9a904afaa0>,4,14,[4 7],6,11,25,5,11
1,<environment.Job instance at 0x7f9a904afeb0>,7,18,[3 6],11,25,43,14,21
1,<environment.Job instance at 0x7f9a4a447780>,18,13,[9 4],25,43,56,18,27
1,<environment.Job instance at 0x7f9a4a173b40>,14,25,[1 5],21,43,68,22,39
1,<environment.Job instance at 0x7f9a8df83dc0>,30,19,[6 5],41,58,77,17,58
1,<environment.Job instance at 0x7f9a8db8eb90>,42,17,[8 3],62,82,99,20,82
1,<environment.Job instance at 0x7f9a8da0baa0>,44,26,[4 9],64,99,125,35,96
1,<environment.Job instance at 0x7f9a4a2ba190>,21,12,[3 7],34,45,57,11,45
1,<environment.Job instance at 0x7f9a8df160f0>,38,16,[9 4],57,107,123,50,107
1,<environment.Job instance at 0x7f9a49f23b90>,4,15,[2 5],9,9,24,0,9
1,<environment.Job instance at 0x7f9a49fb8dc0>,8,18,[10  2],14,24,42,10,14
1,<environment.Job instance at 0x7f9a49faa0f0>,11,15,[5 8],17,42,57,25,28
1,<environment.Job instance at 0x7f9a49fa7c80>,37,17,[2 5],48,71,88,23,71
1,<environment.Job instance at 0x7f9a49fa7fa0>,41,14,[5 4],56,71,85,15,71
1,<environment.Job instance at 0x7f9a49f80460>,44,16,[9 4],60,88,104,28,80
1,<environment.Job instance at 0x7f9a49fb6550>,61,17,[6 5],90,113,130,23,113
1,<environment.Job instance at 0x7f9a8dcce410>,12,16,[3 9],23,32,48,9,32
1,<environment.Job instance at 0x7f9a8dcce690>,9,1,[8 1],19,48,49,29,33
1,<environment.Job instance at 0x7f9a8df425f0>,24,25,[1 6],37,57,82,20,57
1,<environment.Job instance at 0x7f9a950fce10>,26,15,[6 2],39,62,77,23,62
1,<environment.Job instance at 0x7f9a902f5320>,32,18,[3 8],48,82,100,34,74
1,<environment.Job instance at 0x7f9a902f5780>,35,18,[6 4],52,100,118,48,90
1,<environment.Job instance at 0x7f9a49d13320>,42,3,[ 4 10],66,118,121,52,112
1,<environment.Job instance at 0x7f9a4a2ddc80>,45,16,[7 4],72,121,137,49,121
1,<environment.Job instance at 0x7f9a4a2dd140>,46,12,[8 4],73,137,149,64,121
1,<environment.Job instance at 0x7f9a8da59e10>,1,17,[7 3],3,3,20,0,3
1,<environment.Job instance at 0x7f9a8da59aa0>,4,15,[5 7],12,20,35,8,13
1,<environment.Job instance at 0x7f9a8dbd5230>,10,15,[8 1],21,35,50,14,26
1,<environment.Job instance at 0x7f9a94e7bc80>,14,14,[ 5 10],25,50,64,25,46
1,<environment.Job instance at 0x7f9a4a050dc0>,22,1,[3 7],41,64,65,23,48
1,<environment.Job instance at 0x7f9a4a050640>,25,12,[4 5],45,65,77,20,51
1,<environment.Job instance at 0x7f9a4a050050>,26,13,[8 4],47,77,90,30,62
1,<environment.Job instance at 0x7f9a8db19730>,37,3,[10  2],58,90,93,32,88
1,<environment.Job instance at 0x7f9a49e58cd0>,46,1,[ 2 10],69,108,109,39,108
1,<environment.Job instance at 0x7f9a8db19af0>,38,27,[4 5],59,110,137,51,110
1,<environment.Job instance at 0x7f9a49e582d0>,50,15,[6 1],73,114,129,41,114
1,<environment.Job instance at 0x7f9a8dcecb90>,53,2,[5 2],76,129,131,53,119
1,<environment.Job instance at 0x7f9a8dcecc80>,55,18,[3 5],78,131,149,53,121
1,<environment.Job instance at 0x7f9a8dd258c0>,9,28,[4 7],11,13,41,2,13
1,<environment.Job instance at 0x7f9a8dceff00>,15,14,[8 5],25,41,55,16,27
1,<environment.Job instance at 0x7f9a8dcefbe0>,16,15,[5 5],26,55,70,29,44
1,<environment.Job instance at 0x7f9a49bb5780>,26,2,[ 1 10],39,70,72,31,60
1,<environment.Job instance at 0x7f9a49b94140>,27,17,[5 7],40,72,89,32,61
1,<environment.Job instance at 0x7f9a90151910>,32,13,[ 5 10],50,89,102,39,73
1,<environment.Job instance at 0x7f9a8dcefb40>,13,18,[10  2],23,109,127,86,109
1,<environment.Job instance at 0x7f9a4a2f3410>,46,1,[5 4],70,127,128,57,110
1,<environment.Job instance at 0x7f9a4a215eb0>,48,18,[2 8],74,128,146,54,117
1,<environment.Job instance at 0x7f9a4a1e90f0>,1,15,[8 3],3,3,18,0,3
1,<environment.Job instance at 0x7f9a49cfa5a0>,7,17,[4 6],11,18,35,7,12
1,<environment.Job instance at 0x7f9a90472d20>,13,15,[9 3],20,35,50,15,22
1,<environment.Job instance at 0x7f9a90686d70>,14,14,[ 1 10],21,50,64,29,40
1,<environment.Job instance at 0x7f9a904c6730>,23,25,[3 6],38,64,89,26,61
1,<environment.Job instance at 0x7f9a90591780>,39,15,[ 3 10],57,89,104,32,77
1,<environment.Job instance at 0x7f9a90591690>,43,12,[8 1],63,104,116,41,88
1,<environment.Job instance at 0x7f9a906d5870>,48,13,[6 5],69,116,129,47,110
1,<environment.Job instance at 0x7f9a4a3a9c80>,52,16,[ 3 10],74,129,145,55,116
1,<environment.Job instance at 0x7f9a4a2f4be0>,2,27,[3 6],4,5,32,1,5
1,<environment.Job instance at 0x7f9a49e7b2d0>,20,14,[5 4],32,38,52,6,38
1,<environment.Job instance at 0x7f9a49e7bd20>,22,15,[ 1 10],34,52,67,18,38
1,<environment.Job instance at 0x7f9a49e7b780>,14,16,[10  1],21,67,83,46,60
1,<environment.Job instance at 0x7f9a49c75d20>,36,14,[ 3 10],53,83,97,30,83
1,<environment.Job instance at 0x7f9a49c664b0>,45,12,[2 5],64,97,109,33,90
1,<environment.Job instance at 0x7f9a49c665f0>,51,12,[3 9],73,109,121,36,93
1,<environment.Job instance at 0x7f9a49c66b90>,58,18,[ 2 10],85,121,139,36,111
1,<environment.Job instance at 0x7f9a49be6370>,2,14,[7 5],4,4,18,0,4
1,<environment.Job instance at 0x7f9a8dcc99b0>,10,13,[ 3 10],12,18,31,6,13
1,<environment.Job instance at 0x7f9a8dcc9910>,9,13,[8 4],11,31,44,20,20
1,<environment.Job instance at 0x7f9a8dcc9c80>,11,17,[1 7],15,44,61,29,34
1,<environment.Job instance at 0x7f9a8dcd3820>,20,2,[8 2],26,44,46,18,34
1,<environment.Job instance at 0x7f9a8dcd3c80>,25,1,[7 4],31,61,62,30,39
1,<environment.Job instance at 0x7f9a8dcab7d0>,28,13,[7 4],34,62,75,28,47
1,<environment.Job instance at 0x7f9a8da36fa0>,34,1,[5 3],40,75,76,35,61
1,<environment.Job instance at 0x7f9a8dcd3a00>,18,15,[1 7],24,75,90,51,62
1,<environment.Job instance at 0x7f9a8d9ad550>,39,12,[7 3],48,76,88,28,63
1,<environment.Job instance at 0x7f9a8da36410>,35,17,[5 7],41,90,107,49,78
1,<environment.Job instance at 0x7f9a9053db40>,48,15,[2 7],67,107,122,40,99
1,<environment.Job instance at 0x7f9a9054a190>,53,17,[8 4],78,122,139,44,111
1,<environment.Job instance at 0x7f9a8e0032d0>,0,22,[2 9],1,6,28,5,6
1,<environment.Job instance at 0x7f9a4a417aa0>,16,14,[8 1],29,44,58,15,44
1,<environment.Job instance at 0x7f9a8d935af0>,23,18,[6 3],38,66,84,28,66
1,<environment.Job instance at 0x7f9a90828320>,28,16,[3 8],44,84,100,40,77
1,<environment.Job instance at 0x7f9a8dc41410>,38,19,[5 9],56,102,121,46,102
1,<environment.Job instance at 0x7f9a8dc41550>,42,14,[3 7],63,121,135,58,106
1,<environment.Job instance at 0x7f9a8dc41230>,45,15,[ 1 10],66,135,150,69,125
1,<environment.Job instance at 0x7f9a8dc6a960>,0,16,[ 2 10],1,1,17,0,1
1,<environment.Job instance at 0x7f9a90661550>,9,16,[5 2],13,17,33,4,13
1,<environment.Job instance at 0x7f9a49e8bb90>,18,15,[9 1],24,33,48,9,25
1,<environment.Job instance at 0x7f9a49e8b2d0>,25,28,[7 2],36,48,76,12,47
1,<environment.Job instance at 0x7f9a4a346b90>,42,26,[8 4],56,96,122,40,96
1,<environment.Job instance at 0x7f9a90672190>,52,15,[8 4],67,122,137,55,119
1,<environment.Job instance at 0x7f9a90672500>,54,2,[ 1 10],71,137,139,66,119
1,<environment.Job instance at 0x7f9a8df54f50>,1,17,[ 1 10],3,3,20,0,3
1,<environment.Job instance at 0x7f9a4a4a8460>,11,21,[7 4],18,20,41,2,18
1,<environment.Job instance at 0x7f9a8df71050>,16,2,[5 1],25,41,43,16,29
1,<environment.Job instance at 0x7f9a8df71e60>,18,12,[8 1],27,43,55,16,33
1,<environment.Job instance at 0x7f9a49b50a50>,23,1,[8 3],35,55,56,20,39
1,<environment.Job instance at 0x7f9a8df71a00>,15,15,[8 2],23,56,71,33,42
1,<environment.Job instance at 0x7f9a905a4320>,35,16,[7 3],50,71,87,21,65
1,<environment.Job instance at 0x7f9a8df972d0>,36,14,[10  3],51,87,101,36,81
1,<environment.Job instance at 0x7f9a905a4d70>,38,27,[8 5],54,101,128,47,99
1,<environment.Job instance at 0x7f9a9082cc30>,47,14,[9 5],66,128,142,62,115
1,<environment.Job instance at 0x7f2281cb8140>,0,18,[ 2 10],1,1,19,0,1
1,<environment.Job instance at 0x7f227cb59500>,7,12,[7 2],9,19,31,10,9
1,<environment.Job instance at 0x7f227cb59690>,12,13,[1 8],16,40,53,24,40
1,<environment.Job instance at 0x7f227cb59be0>,17,1,[5 3],23,53,54,30,43
1,<environment.Job instance at 0x7f227cb59af0>,18,16,[4 9],24,54,70,30,43
1,<environment.Job instance at 0x7f227cb5e230>,25,3,[9 3],34,70,73,36,56
1,<environment.Job instance at 0x7f227cb5e2d0>,26,3,[4 6],35,73,76,38,56
1,<environment.Job instance at 0x7f227cb5e050>,24,1,[6 1],32,56,57,24,56
1,<environment.Job instance at 0x7f227cb5ef50>,34,1,[10  1],45,92,93,47,92
1,<environment.Job instance at 0x7f227cb5d050>,37,12,[3 6],49,93,105,44,92
1,<environment.Job instance at 0x7f227cb5eb40>,38,18,[5 8],50,105,123,55,101
1,<environment.Job instance at 0x7f227cb5d500>,44,18,[3 7],58,123,141,65,119
1,<environment.Job instance at 0x7f227cb5db40>,50,15,[7 4],64,141,156,77,131
1,<environment.Job instance at 0x7f2281e21d20>,4,20,[5 7],8,9,29,1,9
1,<environment.Job instance at 0x7f2281e270a0>,12,13,[9 5],19,29,42,10,19
1,<environment.Job instance at 0x7f2281e2edc0>,14,3,[5 7],24,42,45,18,24
1,<environment.Job instance at 0x7f2281e27550>,10,15,[9 2],15,45,60,30,32
1,<environment.Job instance at 0x7f2281e29370>,29,2,[9 1],41,60,62,19,42
1,<environment.Job instance at 0x7f2281e33fa0>,33,1,[5 5],47,62,63,15,50
1,<environment.Job instance at 0x7f2281e25690>,20,3,[1 8],31,50,53,19,50
1,<environment.Job instance at 0x7f2281e33e10>,36,2,[7 1],53,63,65,10,53
1,<environment.Job instance at 0x7f2281e2cbe0>,27,18,[ 2 10],39,65,83,26,63
1,<environment.Job instance at 0x7f2281e321e0>,47,15,[8 5],78,83,98,5,78
1,<environment.Job instance at 0x7f2281cfcdc0>,56,18,[ 4 10],88,107,125,19,107
1,<environment.Job instance at 0x7f2238da6460>,66,28,[4 8],107,125,153,18,124
1,<environment.Job instance at 0x7f2238e6bc30>,3,13,[5 2],6,6,19,0,6
1,<environment.Job instance at 0x7f2238db0730>,9,12,[5 9],15,19,31,4,16
1,<environment.Job instance at 0x7f223921ce10>,13,2,[4 8],20,31,33,11,21
1,<environment.Job instance at 0x7f227d04f230>,11,13,[5 7],18,33,46,15,28
1,<environment.Job instance at 0x7f2238e6d280>,27,12,[2 6],40,59,71,19,59
1,<environment.Job instance at 0x7f227c91dd20>,29,3,[4 9],43,71,74,28,59
1,<environment.Job instance at 0x7f227c9e2460>,31,16,[9 4],45,74,90,29,63
1,<environment.Job instance at 0x7f2238de03c0>,37,17,[2 6],54,90,107,36,80
1,<environment.Job instance at 0x7f2238db6820>,50,18,[3 6],74,117,135,43,117
1,<environment.Job instance at 0x7f22814177d0>,0,17,[7 1],1,2,19,1,2
1,<environment.Job instance at 0x7f2239215fa0>,3,14,[ 3 10],4,19,33,15,4
1,<environment.Job instance at 0x7f2238f31550>,15,18,[2 8],19,33,51,14,26
1,<environment.Job instance at 0x7f227cc66960>,9,15,[6 2],11,33,48,22,27
1,<environment.Job instance at 0x7f227cc5cd20>,24,3,[8 4],33,51,54,18,34
1,<environment.Job instance at 0x7f227ccb6190>,17,2,[5 2],24,48,50,24,35
1,<environment.Job instance at 0x7f2238f5a1e0>,23,15,[6 4],32,54,69,22,41
1,<environment.Job instance at 0x7f227cf99fa0>,33,16,[6 5],49,69,85,20,56
1,<environment.Job instance at 0x7f227cf99690>,37,2,[ 2 10],57,85,87,28,68
1,<environment.Job instance at 0x7f227cf99870>,38,2,[7 3],58,87,89,29,68
1,<environment.Job instance at 0x7f227cf99320>,39,3,[5 5],59,89,92,30,68
1,<environment.Job instance at 0x7f227cf99370>,40,2,[5 4],60,89,91,29,68
1,<environment.Job instance at 0x7f2238f09aa0>,43,14,[4 9],63,92,106,29,77
1,<environment.Job instance at 0x7f2238e0d5a0>,58,3,[3 6],88,134,137,46,134
1,<environment.Job instance at 0x7f2238e0d820>,57,18,[2 9],87,137,155,50,134
1,<environment.Job instance at 0x7f2238e0df00>,59,3,[ 5 10],90,155,158,65,135
1,<environment.Job instance at 0x7f227cb9bc30>,67,3,[2 9],99,158,161,59,136
1,<environment.Job instance at 0x7f2281cb7230>,1,13,[3 9],2,2,15,0,2
1,<environment.Job instance at 0x7f227c971410>,5,13,[8 4],6,15,28,9,6
1,<environment.Job instance at 0x7f227c9c69b0>,8,18,[7 2],10,28,46,18,17
1,<environment.Job instance at 0x7f227c9760a0>,21,2,[5 4],29,46,48,17,29
1,<environment.Job instance at 0x7f227c9d0c80>,9,14,[8 2],11,48,62,37,37
1,<environment.Job instance at 0x7f227c973460>,24,3,[1 8],33,37,40,4,37
1,<environment.Job instance at 0x7f227c973640>,25,12,[6 3],34,62,74,28,46
1,<environment.Job instance at 0x7f227c95e960>,37,12,[3 9],53,74,86,21,62
1,<environment.Job instance at 0x7f227c95f690>,41,25,[1 7],57,86,111,29,83
1,<environment.Job instance at 0x7f2239166d70>,47,12,[3 8],67,111,123,44,94
1,<environment.Job instance at 0x7f223918f960>,58,14,[1 9],80,123,137,43,120
1,<environment.Job instance at 0x7f22394f6a00>,64,12,[ 1 10],90,137,149,47,123
1,<environment.Job instance at 0x7f2281532d20>,0,12,[8 1],1,1,13,0,1
1,<environment.Job instance at 0x7f223920e410>,21,1,[5 7],26,26,27,0,26
1,<environment.Job instance at 0x7f22391e65a0>,25,12,[ 2 10],30,57,69,27,57
1,<environment.Job instance at 0x7f22391e6f00>,28,16,[2 6],33,69,85,36,63
1,<environment.Job instance at 0x7f22391e65f0>,30,28,[ 2 10],36,85,113,49,84
1,<environment.Job instance at 0x7f2281607050>,48,12,[8 2],59,113,125,54,99
1,<environment.Job instance at 0x7f2281607b40>,53,2,[3 6],65,133,135,68,133
1,<environment.Job instance at 0x7f22816075a0>,50,14,[8 1],62,135,149,73,135
1,<environment.Job instance at 0x7f22815feaa0>,55,3,[2 7],70,137,140,67,137
1,<environment.Job instance at 0x7f22815fe500>,56,2,[10  3],72,149,151,77,137
1,<environment.Job instance at 0x7f227d020c80>,3,18,[8 2],4,9,27,5,9
1,<environment.Job instance at 0x7f22392f6a50>,8,23,[6 5],10,27,50,17,21
1,<environment.Job instance at 0x7f227ca672d0>,23,14,[10  2],33,50,64,17,48
1,<environment.Job instance at 0x7f227ce1df00>,32,1,[ 3 10],49,69,70,20,69
1,<environment.Job instance at 0x7f22392f6af0>,6,17,[1 9],8,70,87,62,70
1,<environment.Job instance at 0x7f22390295f0>,34,18,[ 5 10],51,87,105,36,77
1,<environment.Job instance at 0x7f2238fca8c0>,50,14,[5 7],73,107,121,34,107
1,<environment.Job instance at 0x7f2239212af0>,53,16,[3 6],77,121,137,44,108
1,<environment.Job instance at 0x7f2238df2820>,17,3,[5 9],27,28,31,1,28
1,<environment.Job instance at 0x7f2238df27d0>,18,12,[9 1],28,32,44,4,32
1,<environment.Job instance at 0x7f2238df2e10>,20,27,[1 5],35,36,63,1,36
1,<environment.Job instance at 0x7f2238e0b550>,28,25,[10  4],46,63,88,17,59
1,<environment.Job instance at 0x7f2238e172d0>,41,13,[1 7],64,88,101,24,79
1,<environment.Job instance at 0x7f2238e176e0>,42,12,[3 5],65,101,113,36,84
1,<environment.Job instance at 0x7f2238e17b40>,48,2,[2 5],75,101,103,26,99
1,<environment.Job instance at 0x7f2238e17d70>,51,28,[6 4],78,119,147,41,119
1,<environment.Job instance at 0x7f2238e17e60>,53,25,[1 5],81,120,145,39,120
1,<environment.Job instance at 0x7f2238e170f0>,0,14,[9 2],1,3,17,2,3
1,<environment.Job instance at 0x7f227caa6960>,13,13,[4 6],16,17,30,1,16
1,<environment.Job instance at 0x7f227cb11be0>,12,12,[9 5],15,30,42,15,19
1,<environment.Job instance at 0x7f227caf6e10>,22,25,[6 3],30,53,78,23,53
1,<environment.Job instance at 0x7f2239356d20>,30,17,[1 8],38,81,98,43,81
1,<environment.Job instance at 0x7f22392bdeb0>,29,16,[8 4],37,98,114,61,87
1,<environment.Job instance at 0x7f228136bbe0>,34,15,[2 6],44,98,113,54,87
1,<environment.Job instance at 0x7f228136b500>,36,2,[5 4],48,114,116,66,87
1,<environment.Job instance at 0x7f227cace2d0>,54,14,[5 7],75,136,150,61,136
1,<environment.Job instance at 0x7f227d00e0f0>,2,27,[3 5],4,5,32,1,5
1,<environment.Job instance at 0x7f2238fda5f0>,6,17,[7 5],10,10,27,0,10
1,<environment.Job instance at 0x7f223917aeb0>,14,23,[7 4],20,27,50,7,21
1,<environment.Job instance at 0x7f223915d870>,28,15,[2 5],49,53,68,4,53
1,<environment.Job instance at 0x7f223915dc80>,30,16,[2 5],52,54,70,2,54
1,<environment.Job instance at 0x7f223915da50>,35,15,[5 8],57,70,85,13,67
1,<environment.Job instance at 0x7f223915da00>,38,18,[3 9],61,85,103,24,77
1,<environment.Job instance at 0x7f2239331280>,53,19,[9 4],78,104,123,26,104
1,<environment.Job instance at 0x7f227cb3b690>,55,16,[1 9],81,123,139,42,111
1,<environment.Job instance at 0x7f2239331640>,58,17,[9 1],84,123,140,39,111
1,<environment.Job instance at 0x7f22811e7aa0>,2,28,[9 4],3,5,33,2,5
1,<environment.Job instance at 0x7f2238daa460>,10,3,[7 5],19,33,36,14,20
1,<environment.Job instance at 0x7f2238daa960>,16,3,[9 2],29,36,39,7,30
1,<environment.Job instance at 0x7f2238daa500>,13,18,[8 4],26,39,57,13,36
1,<environment.Job instance at 0x7f2238daac80>,21,15,[3 9],37,57,72,20,49
1,<environment.Job instance at 0x7f2238dc5a00>,30,14,[4 9],54,72,86,18,60
1,<environment.Job instance at 0x7f2238da3460>,40,15,[10  2],66,89,104,23,89
1,<environment.Job instance at 0x7f2238da34b0>,43,15,[6 2],69,104,119,35,90
1,<environment.Job instance at 0x7f2238da39b0>,49,18,[3 8],78,115,133,37,115
1,<environment.Job instance at 0x7f2238da3e10>,52,18,[6 4],82,133,151,51,125
1,<environment.Job instance at 0x7f227cf38500>,0,16,[8 4],2,2,18,0,2
1,<environment.Job instance at 0x7f228128f730>,6,14,[ 2 10],8,18,32,10,15
1,<environment.Job instance at 0x7f228128fb90>,12,16,[6 2],17,32,48,15,20
1,<environment.Job instance at 0x7f2281518d20>,16,14,[1 8],22,32,46,10,24
1,<environment.Job instance at 0x7f2281518be0>,18,2,[6 5],26,48,50,22,41
1,<environment.Job instance at 0x7f2281518d70>,20,15,[5 7],32,50,65,18,41
1,<environment.Job instance at 0x7f2238bf1370>,24,2,[6 5],36,65,67,29,41
1,<environment.Job instance at 0x7f22395185f0>,32,2,[4 9],52,78,80,26,78
1,<environment.Job instance at 0x7f227ca175a0>,26,15,[8 1],41,80,95,39,78
1,<environment.Job instance at 0x7f22395188c0>,33,1,[6 3],53,95,96,42,78
1,<environment.Job instance at 0x7f2239518d20>,35,12,[4 5],56,95,107,39,78
1,<environment.Job instance at 0x7f2281d3f690>,37,1,[7 4],60,107,108,47,82
1,<environment.Job instance at 0x7f2239223500>,42,13,[8 4],67,108,121,41,95
1,<environment.Job instance at 0x7f2239223fa0>,48,13,[8 2],73,121,134,48,113
1,<environment.Job instance at 0x7f2239223c80>,2,18,[10  4],5,5,23,0,5
1,<environment.Job instance at 0x7f2281689aa0>,5,14,[1 8],9,23,37,14,9
1,<environment.Job instance at 0x7f2238d41730>,23,15,[5 5],36,37,52,1,36
1,<environment.Job instance at 0x7f2238d41320>,20,18,[10  2],33,52,70,19,50
1,<environment.Job instance at 0x7f2238ce6be0>,27,12,[3 9],42,70,82,28,53
1,<environment.Job instance at 0x7f2238ce6870>,31,18,[ 3 10],47,82,100,35,73
1,<environment.Job instance at 0x7f2238ce6e10>,34,17,[5 7],50,100,117,50,88
1,<environment.Job instance at 0x7f2238d2e780>,44,2,[5 5],67,117,119,50,109
1,<environment.Job instance at 0x7f2238d2e410>,45,1,[ 5 10],68,119,120,51,110
1,<environment.Job instance at 0x7f227cb640f0>,51,1,[5 8],78,127,128,49,127
1,<environment.Job instance at 0x7f227cb647d0>,1,15,[8 3],3,3,18,0,3
1,<environment.Job instance at 0x7f2281182e10>,11,16,[6 5],16,28,44,12,28
1,<environment.Job instance at 0x7f2281157190>,17,13,[1 5],29,29,42,0,29
1,<environment.Job instance at 0x7f2239258870>,21,2,[3 7],35,44,46,9,35
1,<environment.Job instance at 0x7f228117b190>,24,13,[5 8],39,60,73,21,60
1,<environment.Job instance at 0x7f2238fb4f50>,2,15,[4 8],3,3,18,0,3
1,<environment.Job instance at 0x7f2281632af0>,11,2,[6 5],15,18,20,3,15
1,<environment.Job instance at 0x7f227cf605a0>,14,14,[5 4],22,23,37,1,23
1,<environment.Job instance at 0x7f227cf60320>,15,3,[4 8],23,37,40,14,23
1,<environment.Job instance at 0x7f2238fa7370>,20,12,[3 5],30,40,52,10,30
1,<environment.Job instance at 0x7f2239026870>,24,25,[6 2],34,37,62,3,34
1,<environment.Job instance at 0x7f2281334690>,33,25,[5 5],46,67,92,21,67
1,<environment.Job instance at 0x7f223926b410>,39,12,[2 5],54,84,96,30,84
1,<environment.Job instance at 0x7f223918f460>,50,13,[ 4 10],73,96,109,23,85
1,<environment.Job instance at 0x7f2281a44960>,57,15,[3 9],81,109,124,28,105
1,<environment.Job instance at 0x7f2281be4690>,59,16,[5 1],84,109,125,25,109
1,<environment.Job instance at 0x7f22392ae370>,62,14,[9 2],92,125,139,33,111
1,<environment.Job instance at 0x7f22814ba9b0>,3,15,[1 7],4,4,19,0,4
1,<environment.Job instance at 0x7f22814ba550>,4,17,[6 2],5,5,22,0,5
1,<environment.Job instance at 0x7f2239082e10>,6,14,[6 2],7,22,36,15,7
1,<environment.Job instance at 0x7f2238b415f0>,19,1,[5 3],20,36,37,16,22
1,<environment.Job instance at 0x7f2238b41b90>,23,12,[4 5],27,29,41,2,29
1,<environment.Job instance at 0x7f2238b41be0>,22,18,[1 6],24,41,59,17,34
1,<environment.Job instance at 0x7f2238b40b90>,31,18,[8 4],40,45,63,5,45
1,<environment.Job instance at 0x7f2238ae2a00>,42,18,[9 5],66,76,94,10,76
1,<environment.Job instance at 0x7f2238ae2c30>,48,2,[ 2 10],78,94,96,16,93
1,<environment.Job instance at 0x7f2238b5d3c0>,53,15,[5 7],88,109,124,21,109
1,<environment.Job instance at 0x7f2238b5de10>,57,18,[4 8],94,124,142,30,118
1,<environment.Job instance at 0x7f2238b5ddc0>,62,17,[7 2],101,142,159,41,130
1,<environment.Job instance at 0x7f227cc53b90>,10,16,[3 8],14,14,30,0,14
1,<environment.Job instance at 0x7f227cc65c80>,16,16,[9 1],22,30,46,8,29
1,<environment.Job instance at 0x7f227cc71cd0>,20,19,[5 9],26,46,65,20,37
1,<environment.Job instance at 0x7f2238d026e0>,37,16,[3 9],49,82,98,33,82
1,<environment.Job instance at 0x7f22810d7f50>,13,26,[8 4],16,31,57,15,31
1,<environment.Job instance at 0x7f2238ebd2d0>,16,15,[7 1],19,57,72,38,43
1,<environment.Job instance at 0x7f227cc118c0>,27,3,[10  2],33,72,75,39,51
1,<environment.Job instance at 0x7f2281671cd0>,32,16,[3 8],39,75,91,36,72
1,<environment.Job instance at 0x7f227ca9bd20>,43,16,[ 4 10],58,92,108,34,92
1,<environment.Job instance at 0x7f227ca9b0a0>,44,26,[2 5],59,108,134,49,107
1,<environment.Job instance at 0x7f227cf52640>,51,12,[5 5],68,122,134,54,122
1,<environment.Job instance at 0x7f2238d97f50>,53,18,[8 2],72,134,152,62,123
1,<environment.Job instance at 0x7f227cb6ee10>,1,12,[7 1],3,3,15,0,3
1,<environment.Job instance at 0x7f2238c49690>,13,2,[4 9],18,18,20,0,18
1,<environment.Job instance at 0x7f2238c9b0f0>,2,27,[8 5],4,20,47,16,19
1,<environment.Job instance at 0x7f22814566e0>,35,13,[9 3],55,83,96,28,83
1,<environment.Job instance at 0x7f22814561e0>,36,16,[5 7],57,96,112,39,83
1,<environment.Job instance at 0x7f2238ba8b40>,41,16,[5 4],63,112,128,49,100
1,<environment.Job instance at 0x7f2238ba8730>,49,15,[8 1],73,128,143,55,124
1,<environment.Job instance at 0x7f2238ba1410>,55,12,[8 5],87,143,155,56,130
1,<environment.Job instance at 0x7f227cf90190>,5,16,[5 5],11,11,27,0,11
1,<environment.Job instance at 0x7f2238b32500>,9,14,[6 3],16,27,41,11,16
1,<environment.Job instance at 0x7f227cf529b0>,17,14,[5 3],26,41,55,15,26
1,<environment.Job instance at 0x7f227ce1fd70>,19,12,[9 4],28,55,67,27,48
1,<environment.Job instance at 0x7f227ce1faf0>,27,3,[6 1],38,67,70,29,48
1,<environment.Job instance at 0x7f227ce1ff00>,22,18,[6 4],31,70,88,39,60
1,<environment.Job instance at 0x7f227ce2daf0>,38,13,[9 4],58,88,101,30,74
1,<environment.Job instance at 0x7f227ce1f5a0>,20,14,[5 9],29,101,115,72,95
1,<environment.Job instance at 0x7f32614ed0a0>,3,13,[3 8],5,5,18,0,5
1,<environment.Job instance at 0x7f325a0de6e0>,8,17,[10  5],11,18,35,7,11
1,<environment.Job instance at 0x7f325a0e2190>,22,18,[7 4],28,44,62,16,44
1,<environment.Job instance at 0x7f325a0e2690>,23,20,[ 5 10],30,62,82,32,53
1,<environment.Job instance at 0x7f325a0e29b0>,31,16,[9 3],41,82,98,41,74
1,<environment.Job instance at 0x7f325a0e2eb0>,38,18,[5 8],50,98,116,48,88
1,<environment.Job instance at 0x7f325a0e3960>,44,18,[3 7],58,120,138,62,120
1,<environment.Job instance at 0x7f325a0e3aa0>,48,1,[5 8],62,138,139,76,122
1,<environment.Job instance at 0x7f325a0e39b0>,46,2,[2 6],60,139,141,79,124
1,<environment.Job instance at 0x7f325a0e3820>,45,23,[4 8],59,141,164,82,135
1,<environment.Job instance at 0x7f325a0e7f00>,1,14,[10  1],3,3,17,0,3
1,<environment.Job instance at 0x7f3261516910>,10,15,[9 1],18,18,33,0,18
1,<environment.Job instance at 0x7f32616688c0>,19,13,[10  2],28,33,46,5,28
1,<environment.Job instance at 0x7f326165a280>,30,18,[3 6],52,53,71,1,53
1,<environment.Job instance at 0x7f326165a410>,34,16,[1 9],58,71,87,13,58
1,<environment.Job instance at 0x7f3261514a50>,41,16,[3 6],69,87,103,18,85
1,<environment.Job instance at 0x7f32615746e0>,51,18,[1 6],82,103,121,21,93
1,<environment.Job instance at 0x7f3261657050>,61,15,[ 1 10],99,123,138,24,123
1,<environment.Job instance at 0x7f3216337af0>,4,18,[10  3],7,7,25,0,7
1,<environment.Job instance at 0x7f3216513f50>,13,12,[2 6],20,25,37,5,23
1,<environment.Job instance at 0x7f325a4bbb40>,21,12,[5 9],32,37,49,5,37
1,<environment.Job instance at 0x7f3259ebfdc0>,22,3,[6 4],33,49,52,16,37
1,<environment.Job instance at 0x7f3216375820>,23,17,[2 6],34,49,66,15,40
1,<environment.Job instance at 0x7f32163fe640>,36,18,[3 6],54,76,94,22,76
1,<environment.Job instance at 0x7f321633a820>,44,17,[7 5],64,109,126,45,109
1,<environment.Job instance at 0x7f321633a050>,45,16,[5 7],65,126,142,61,113
1,<environment.Job instance at 0x7f32163a1910>,1,15,[6 4],2,3,18,1,3
1,<environment.Job instance at 0x7f32168a15a0>,4,16,[5 7],7,18,34,11,7
1,<environment.Job instance at 0x7f32168a19b0>,10,14,[5 8],18,34,48,16,24
1,<environment.Job instance at 0x7f321642dd20>,20,1,[10  4],32,48,49,16,32
1,<environment.Job instance at 0x7f3260a58370>,21,14,[4 9],33,49,63,16,34
1,<environment.Job instance at 0x7f325a26f2d0>,12,18,[4 7],21,63,81,42,54
1,<environment.Job instance at 0x7f325a1010a0>,34,16,[4 9],53,81,97,28,68
1,<environment.Job instance at 0x7f325a0ea6e0>,49,27,[10  3],73,97,124,24,95
1,<environment.Job instance at 0x7f325a270780>,60,22,[1 9],91,124,146,33,121
1,<environment.Job instance at 0x7f321637faf0>,68,18,[8 3],100,146,164,46,138
1,<environment.Job instance at 0x7f321637f780>,71,12,[2 7],105,149,161,44,149
1,<environment.Job instance at 0x7f321686e050>,2,18,[10  3],6,8,26,2,8
1,<environment.Job instance at 0x7f325a53d820>,8,12,[3 9],13,26,38,13,13
1,<environment.Job instance at 0x7f3260a32be0>,13,1,[3 6],18,38,39,20,26
1,<environment.Job instance at 0x7f3260e57b40>,19,3,[6 3],28,38,41,10,28
1,<environment.Job instance at 0x7f3260e574b0>,17,14,[2 9],24,41,55,17,33
1,<environment.Job instance at 0x7f3260e63280>,18,12,[3 8],27,55,67,28,44
1,<environment.Job instance at 0x7f3260e6baa0>,26,23,[9 3],37,80,103,43,80
1,<environment.Job instance at 0x7f3260e5ffa0>,55,14,[4 7],83,119,133,36,119
1,<environment.Job instance at 0x7f321671f5f0>,60,16,[5 5],88,133,149,45,124
1,<environment.Job instance at 0x7f32167a9730>,67,18,[4 9],99,149,167,50,146
1,<environment.Job instance at 0x7f3260d580a0>,6,12,[8 2],9,9,21,0,9
1,<environment.Job instance at 0x7f3260d589b0>,16,14,[9 2],26,26,40,0,26
1,<environment.Job instance at 0x7f3260d2deb0>,19,17,[3 7],31,41,58,10,41
1,<environment.Job instance at 0x7f3260d2d7d0>,23,12,[5 5],36,58,70,22,42
1,<environment.Job instance at 0x7f3260d2d370>,32,16,[ 3 10],49,95,111,46,95
1,<environment.Job instance at 0x7f3259f936e0>,37,1,[1 5],54,111,112,57,95
1,<environment.Job instance at 0x7f3259f93550>,38,17,[8 5],56,111,128,55,99
1,<environment.Job instance at 0x7f3259f93320>,47,15,[2 5],66,119,134,53,119
1,<environment.Job instance at 0x7f3259f93690>,49,16,[9 2],68,134,150,66,121
1,<environment.Job instance at 0x7f325a1dd960>,54,13,[1 8],73,134,147,61,127
1,<environment.Job instance at 0x7f3260d4a190>,63,22,[9 1],88,150,172,62,143
1,<environment.Job instance at 0x7f3259f8c640>,6,13,[2 7],11,11,24,0,11
1,<environment.Job instance at 0x7f32163db050>,8,14,[5 7],13,24,38,11,13
1,<environment.Job instance at 0x7f325a13d050>,12,14,[9 5],18,38,52,20,23
1,<environment.Job instance at 0x7f325a328960>,24,13,[5 3],30,52,65,22,37
1,<environment.Job instance at 0x7f3260a84280>,38,13,[9 4],46,65,78,19,55
1,<environment.Job instance at 0x7f3260a84af0>,40,3,[8 3],48,78,81,30,59
1,<environment.Job instance at 0x7f325a3afa50>,46,14,[1 6],57,78,92,21,78
1,<environment.Job instance at 0x7f325a05e6e0>,50,13,[4 7],61,92,105,31,78
1,<environment.Job instance at 0x7f325a1a3f00>,55,21,[4 7],67,105,126,38,98
1,<environment.Job instance at 0x7f325a197500>,57,18,[5 2],71,103,121,32,103
1,<environment.Job instance at 0x7f32164a18c0>,62,15,[8 1],78,126,141,48,112
1,<environment.Job instance at 0x7f3259fe5b90>,65,12,[5 8],82,141,153,59,126
1,<environment.Job instance at 0x7f32164b5d70>,75,15,[5 2],98,144,159,46,144
1,<environment.Job instance at 0x7f32165da960>,17,16,[8 3],21,38,54,17,38
1,<environment.Job instance at 0x7f32165dadc0>,22,3,[7 3],30,54,57,24,50
1,<environment.Job instance at 0x7f32165dafa0>,23,19,[6 5],31,57,76,26,52
1,<environment.Job instance at 0x7f32165cddc0>,35,17,[8 3],52,93,110,41,93
1,<environment.Job instance at 0x7f32165a5190>,41,21,[5 1],61,110,131,49,104
1,<environment.Job instance at 0x7f32165a5640>,43,2,[4 7],63,110,112,47,104
1,<environment.Job instance at 0x7f32165d90f0>,1,14,[ 4 10],5,5,19,0,5
1,<environment.Job instance at 0x7f3216a3a550>,3,22,[10  4],7,19,41,12,13
1,<environment.Job instance at 0x7f325a186dc0>,14,2,[ 1 10],24,41,43,17,24
1,<environment.Job instance at 0x7f325a042be0>,16,1,[5 1],26,43,44,17,26
1,<environment.Job instance at 0x7f325a042140>,17,16,[9 4],27,44,60,17,31
1,<environment.Job instance at 0x7f325a347b90>,32,18,[ 3 10],47,62,80,15,62
1,<environment.Job instance at 0x7f325a31fcd0>,36,18,[4 8],54,80,98,26,69
1,<environment.Job instance at 0x7f326101d6e0>,38,17,[1 9],57,98,115,41,88
1,<environment.Job instance at 0x7f325a14c7d0>,51,18,[1 6],75,115,133,40,108
1,<environment.Job instance at 0x7f325a14ce10>,54,13,[9 1],79,110,123,31,110
1,<environment.Job instance at 0x7f325a2cefa0>,57,13,[9 5],88,133,146,45,129
1,<environment.Job instance at 0x7f325a2ce190>,68,15,[5 2],107,149,164,42,149
1,<environment.Job instance at 0x7f3260a5b960>,69,15,[2 5],109,149,164,40,149
1,<environment.Job instance at 0x7f32608ffe10>,16,1,[8 5],25,25,26,0,25
1,<environment.Job instance at 0x7f321675a690>,17,1,[2 7],28,28,29,0,28
1,<environment.Job instance at 0x7f32608fff00>,18,3,[4 8],29,29,32,0,29
1,<environment.Job instance at 0x7f325a5747d0>,12,28,[6 1],19,31,59,12,31
1,<environment.Job instance at 0x7f3259f5aaa0>,23,2,[4 7],41,41,43,0,41
1,<environment.Job instance at 0x7f32608ff550>,15,13,[6 2],24,59,72,35,43
1,<environment.Job instance at 0x7f326091d140>,41,3,[7 5],69,75,78,6,75
1,<environment.Job instance at 0x7f326091ddc0>,40,21,[ 4 10],68,79,100,11,79
1,<environment.Job instance at 0x7f325a42c640>,44,18,[8 4],76,100,118,24,90
1,<environment.Job instance at 0x7f3216488050>,50,13,[2 8],84,118,131,34,105
1,<environment.Job instance at 0x7f3216570f00>,51,14,[8 1],86,118,132,32,105
1,<environment.Job instance at 0x7f325a151460>,63,21,[5 5],106,140,161,34,140
1,<environment.Job instance at 0x7f32165fe9b0>,66,2,[8 3],111,161,163,50,140
1,<environment.Job instance at 0x7f32165fe960>,65,2,[3 6],108,163,165,55,140
1,<environment.Job instance at 0x7f32165fe1e0>,1,12,[8 4],3,3,15,0,3
1,<environment.Job instance at 0x7f3260d87dc0>,4,17,[2 5],6,6,23,0,6
1,<environment.Job instance at 0x7f3260d9d190>,7,18,[5 5],9,15,33,6,10
1,<environment.Job instance at 0x7f3260d9d6e0>,14,15,[3 6],19,33,48,14,23
1,<environment.Job instance at 0x7f3260da7500>,25,13,[2 6],35,48,61,13,44
1,<environment.Job instance at 0x7f3260da7370>,28,17,[3 7],39,61,78,22,50
1,<environment.Job instance at 0x7f3260da75f0>,30,3,[1 5],43,78,81,35,61
1,<environment.Job instance at 0x7f3260da7730>,31,23,[6 3],44,68,91,24,68
1,<environment.Job instance at 0x7f3260d9dfa0>,20,18,[6 5],28,91,109,63,82
1,<environment.Job instance at 0x7f3260da79b0>,38,2,[5 7],51,109,111,58,85
1,<environment.Job instance at 0x7f321699c0a0>,40,3,[9 5],53,111,114,58,86
1,<environment.Job instance at 0x7f321699c6e0>,45,14,[1 8],62,114,128,52,102
1,<environment.Job instance at 0x7f32169629b0>,0,16,[4 9],1,1,17,0,1
1,<environment.Job instance at 0x7f321699c960>,3,13,[3 8],5,17,30,12,5
1,<environment.Job instance at 0x7f3216962af0>,8,2,[8 1],12,30,32,18,20
1,<environment.Job instance at 0x7f325a063be0>,13,2,[5 8],18,32,34,14,20
1,<environment.Job instance at 0x7f325a063230>,12,2,[2 7],16,30,32,14,24
1,<environment.Job instance at 0x7f325a063140>,15,16,[1 8],20,34,50,14,25
1,<environment.Job instance at 0x7f32167265a0>,18,12,[5 4],24,50,62,26,44
1,<environment.Job instance at 0x7f3216726190>,22,1,[9 3],29,62,63,33,44
1,<environment.Job instance at 0x7f325a522230>,29,14,[1 8],39,63,77,24,52
1,<environment.Job instance at 0x7f325a522c80>,30,1,[7 2],40,63,64,23,52
1,<environment.Job instance at 0x7f3216a5bb40>,33,2,[7 3],44,77,79,33,61
1,<environment.Job instance at 0x7f325a522f50>,31,27,[5 7],42,79,106,37,77
1,<environment.Job instance at 0x7f321680bb90>,50,25,[ 4 10],71,124,149,53,124
1,<environment.Job instance at 0x7f3260921aa0>,55,18,[ 3 10],77,149,167,72,144
1,<environment.Job instance at 0x7f321623f140>,0,24,[5 6],1,3,27,2,3
1,<environment.Job instance at 0x7f32162b8af0>,9,18,[5 5],16,27,45,11,16
1,<environment.Job instance at 0x7f32162c6c30>,14,15,[8 3],23,45,60,22,32
1,<environment.Job instance at 0x7f32162ac050>,28,2,[4 8],47,60,62,13,56
1,<environment.Job instance at 0x7f32162ac8c0>,29,18,[5 3],48,62,80,14,58
1,<environment.Job instance at 0x7f325a0156e0>,32,17,[5 1],51,60,77,9,59
1,<environment.Job instance at 0x7f325a0151e0>,39,3,[2 8],61,93,96,32,93
1,<environment.Job instance at 0x7f32162c6320>,20,17,[4 6],31,96,113,65,94
1,<environment.Job instance at 0x7f3259f14370>,52,15,[ 3 10],77,127,142,50,127
1,<environment.Job instance at 0x7f3259f14fa0>,54,13,[6 2],79,142,155,63,129
1,<environment.Job instance at 0x7f325a015cd0>,42,16,[1 5],66,142,158,76,133
1,<environment.Job instance at 0x7f3260a21dc0>,63,12,[5 6],91,158,170,67,141
1,<environment.Job instance at 0x7f32161cfc30>,0,13,[7 4],1,1,14,0,1
1,<environment.Job instance at 0x7f3260a21af0>,2,27,[3 6],4,6,33,2,6
1,<environment.Job instance at 0x7f3260d55640>,12,23,[4 6],19,33,56,14,30
1,<environment.Job instance at 0x7f3260d462d0>,21,3,[4 8],33,56,59,23,33
1,<environment.Job instance at 0x7f321662ad20>,26,12,[3 5],40,59,71,19,47
1,<environment.Job instance at 0x7f321662aaf0>,27,3,[7 5],41,59,62,18,48
1,<environment.Job instance at 0x7f32160f9dc0>,31,16,[4 8],47,71,87,24,60
1,<environment.Job instance at 0x7f325a3f8eb0>,35,16,[5 5],52,87,103,35,75
1,<environment.Job instance at 0x7f3260c12910>,39,25,[5 5],56,87,112,31,83
1,<environment.Job instance at 0x7f32162a4550>,53,16,[5 5],76,103,119,27,92
1,<environment.Job instance at 0x7f32162a4280>,58,18,[ 2 10],85,119,137,34,109
1,<environment.Job instance at 0x7f32162915f0>,64,18,[8 4],93,137,155,44,126
1,<environment.Job instance at 0x7f32166ea960>,3,15,[1 7],4,4,19,0,4
1,<environment.Job instance at 0x7f325a5b4eb0>,4,17,[6 2],5,5,22,0,5
1,<environment.Job instance at 0x7f321637e370>,6,14,[6 2],7,22,36,15,9
1,<environment.Job instance at 0x7f325a05ba50>,15,3,[6 5],16,36,39,20,17
1,<environment.Job instance at 0x7f3259f2dc80>,17,2,[6 3],18,39,41,21,18
1,<environment.Job instance at 0x7f3259f2deb0>,19,1,[5 3],20,41,42,21,23
1,<environment.Job instance at 0x7f3260d42eb0>,23,12,[4 5],27,27,39,0,27
1,<environment.Job instance at 0x7f3260d428c0>,26,18,[6 1],30,42,60,12,32
1,<environment.Job instance at 0x7f3260952190>,35,1,[6 4],54,60,61,6,57
1,<environment.Job instance at 0x7f321659f910>,31,18,[8 4],40,63,81,23,63
1,<environment.Job instance at 0x7f3216a5f820>,39,18,[1 6],60,63,81,3,63
1,<environment.Job instance at 0x7f32164ddb40>,38,17,[8 4],58,81,98,23,70
1,<environment.Job instance at 0x7f32610474b0>,43,3,[1 8],68,98,101,30,73
1,<environment.Job instance at 0x7f32168dacd0>,51,2,[6 5],85,101,103,16,86
1,<environment.Job instance at 0x7f3216848410>,53,15,[5 7],88,103,118,15,90
1,<environment.Job instance at 0x7f325a0293c0>,54,13,[2 5],89,118,131,29,105
1,<environment.Job instance at 0x7f325a0c1280>,61,3,[8 3],100,118,121,18,113
1,<environment.Job instance at 0x7f325a0c1820>,62,17,[7 2],101,124,141,23,124
1,<environment.Job instance at 0x7f321681e960>,70,22,[2 9],111,141,163,30,135
1,<environment.Job instance at 0x7f321681e370>,74,13,[5 6],118,163,176,45,149
1,<environment.Job instance at 0x7f321681e230>,1,20,[9 1],3,4,24,1,4
1,<environment.Job instance at 0x7f3216691370>,13,16,[5 5],17,24,40,7,18
1,<environment.Job instance at 0x7f32160e1640>,19,15,[ 1 10],26,40,55,14,32
1,<environment.Job instance at 0x7f32160e1cd0>,23,17,[7 1],31,55,72,24,45
1,<environment.Job instance at 0x7f32160e1460>,25,13,[5 8],33,72,85,39,60
1,<environment.Job instance at 0x7f32160e1550>,32,16,[7 4],45,85,101,40,72
1,<environment.Job instance at 0x7f3216645640>,44,16,[8 4],63,115,131,52,115
1,<environment.Job instance at 0x7f3216645f50>,47,12,[ 3 10],67,131,143,64,119
1,<environment.Job instance at 0x7f32166452d0>,51,3,[3 9],75,143,146,68,126
1,<environment.Job instance at 0x7f3216157280>,57,12,[2 5],88,148,160,60,148
1,<environment.Job instance at 0x7f3216157190>,58,17,[1 6],90,160,177,70,148
1,<environment.Job instance at 0x7f325a19a6e0>,0,20,[ 1 10],1,1,21,0,1
1,<environment.Job instance at 0x7f325a079be0>,6,15,[8 4],7,21,36,14,7
1,<environment.Job instance at 0x7f325a07b500>,18,3,[6 3],23,36,39,13,23
1,<environment.Job instance at 0x7f3260b99d20>,24,1,[ 2 10],33,39,40,6,33
1,<environment.Job instance at 0x7f325a079cd0>,9,25,[1 8],12,42,67,30,42
1,<environment.Job instance at 0x7f325a019f50>,34,12,[5 5],48,67,79,19,59
1,<environment.Job instance at 0x7f3260b891e0>,35,2,[3 8],50,79,81,29,59
1,<environment.Job instance at 0x7f325a032500>,46,16,[7 1],67,90,106,23,90
1,<environment.Job instance at 0x7f325a032d70>,47,14,[8 1],68,106,120,38,91
1,<environment.Job instance at 0x7f3260e4a190>,56,17,[3 6],81,122,139,41,122
1,<environment.Job instance at 0x7f325a016a00>,58,13,[1 7],86,139,152,53,125
1,<environment.Job instance at 0x7f325a00d730>,66,18,[4 9],96,152,170,56,142
1,<environment.Job instance at 0x7f325a082460>,8,18,[3 5],13,13,31,0,13
1,<environment.Job instance at 0x7f32162a4190>,20,16,[5 4],33,35,51,2,35
1,<environment.Job instance at 0x7f3260ebafa0>,22,2,[ 3 10],36,51,53,15,36
1,<environment.Job instance at 0x7f3260e3baa0>,13,17,[7 1],24,53,70,29,41
1,<environment.Job instance at 0x7f3216069e60>,29,2,[6 1],45,70,72,25,50
1,<environment.Job instance at 0x7f3216069690>,31,17,[5 1],49,72,89,23,60
1,<environment.Job instance at 0x7f3260b72b90>,41,1,[3 8],70,71,72,1,71
1,<environment.Job instance at 0x7f3260eccaf0>,42,2,[7 1],71,89,91,18,71
1,<environment.Job instance at 0x7f3260b727d0>,39,15,[8 4],68,91,106,23,77
1,<environment.Job instance at 0x7f3216803dc0>,48,16,[10  1],79,106,122,27,101
1,<environment.Job instance at 0x7f3260d2a320>,60,3,[10  5],92,128,131,36,128
1,<environment.Job instance at 0x7f3260d2a960>,61,2,[8 2],93,131,133,38,128
1,<environment.Job instance at 0x7f325a315050>,62,12,[1 8],95,131,143,36,128
1,<environment.Job instance at 0x7f3260d2a6e0>,64,14,[ 2 10],97,143,157,46,131
1,<environment.Job instance at 0x7f3260d6b5f0>,70,16,[9 5],106,157,173,51,147
1,<environment.Job instance at 0x7f3260d6be60>,77,2,[3 5],120,173,175,53,147
1,<environment.Job instance at 0x7f325a2d0550>,6,14,[6 2],15,15,29,0,15
1,<environment.Job instance at 0x7f3261659640>,9,18,[1 8],19,19,37,0,19
1,<environment.Job instance at 0x7f3261657140>,10,13,[3 7],20,37,50,17,22
1,<environment.Job instance at 0x7f32162ca2d0>,14,16,[5 7],24,50,66,26,38
1,<environment.Job instance at 0x7f3260dd4d70>,23,3,[1 6],35,66,69,31,53
1,<environment.Job instance at 0x7f3260dd40a0>,35,18,[2 9],53,97,115,44,97
1,<environment.Job instance at 0x7f321622daf0>,43,20,[9 1],63,131,151,68,131
1,<environment.Job instance at 0x7f321622dbe0>,46,18,[7 1],66,151,169,85,145
1,<environment.Job instance at 0x7f3260e57960>,3,15,[6 1],6,6,21,0,6
1,<environment.Job instance at 0x7f3260e57870>,5,17,[5 4],9,21,38,12,9
1,<environment.Job instance at 0x7f3260ca5c80>,20,17,[8 3],31,38,55,7,37
1,<environment.Job instance at 0x7f32160d59b0>,31,25,[8 2],46,60,85,14,60
1,<environment.Job instance at 0x7f3260df0050>,45,17,[6 1],68,105,122,37,105
1,<environment.Job instance at 0x7f32169bbc30>,49,12,[9 4],72,123,135,51,123
1,<environment.Job instance at 0x7f32169bb550>,50,12,[3 8],73,135,147,62,123
1,<environment.Job instance at 0x7f325a004960>,61,17,[10  5],95,149,166,54,149
1,<environment.Job instance at 0x7fa6145a1960>,10,28,[3 9],14,26,54,12,26
1,<environment.Job instance at 0x7fa6145a15f0>,8,17,[10  5],11,54,71,43,53
1,<environment.Job instance at 0x7fa6145a65a0>,24,1,[6 1],32,71,72,39,54
1,<environment.Job instance at 0x7fa6145a6500>,25,3,[9 3],34,72,75,38,54
1,<environment.Job instance at 0x7fa6145a6640>,26,3,[4 6],35,75,78,40,56
1,<environment.Job instance at 0x7fa6145a6c80>,36,14,[5 5],48,82,96,34,82
1,<environment.Job instance at 0x7fa6145a6e10>,37,12,[3 6],49,96,108,47,82
1,<environment.Job instance at 0x7fa6145a7780>,45,23,[4 8],59,135,158,76,135
1,<environment.Job instance at 0x7fa6145a78c0>,51,23,[1 8],65,158,181,93,157
1,<environment.Job instance at 0x7fa619b1a410>,4,15,[9 1],8,9,24,1,9
1,<environment.Job instance at 0x7fa619b20140>,8,16,[7 1],12,24,40,12,12
1,<environment.Job instance at 0x7fa619b25d70>,23,2,[7 1],33,40,42,7,34
1,<environment.Job instance at 0x7fa619b22280>,29,16,[6 2],49,51,67,2,51
1,<environment.Job instance at 0x7fa619b2c5a0>,32,15,[7 2],55,67,82,12,55
1,<environment.Job instance at 0x7fa619b2c1e0>,36,13,[3 7],60,72,85,12,72
1,<environment.Job instance at 0x7fa619b245a0>,43,18,[ 4 10],68,85,103,17,81
1,<environment.Job instance at 0x7fa619b2b190>,53,28,[4 8],87,105,133,18,105
1,<environment.Job instance at 0x7fa619b2b460>,59,12,[5 7],93,133,145,40,120
1,<environment.Job instance at 0x7fa5ce8a2780>,66,3,[5 5],108,145,148,37,133
1,<environment.Job instance at 0x7fa6144c2320>,45,18,[1 6],72,148,166,76,137
1,<environment.Job instance at 0x7fa5ce91f1e0>,75,14,[9 2],117,156,170,39,156
1,<environment.Job instance at 0x7fa5ce84adc0>,3,16,[9 4],5,8,24,3,8
1,<environment.Job instance at 0x7fa5ce84a500>,5,14,[5 7],9,24,38,15,9
1,<environment.Job instance at 0x7fa61442c550>,10,18,[ 2 10],18,38,56,20,27
1,<environment.Job instance at 0x7fa614309eb0>,22,18,[3 6],34,56,74,22,45
1,<environment.Job instance at 0x7fa614385320>,27,26,[7 2],41,59,85,18,59
1,<environment.Job instance at 0x7fa5ce8acb40>,31,16,[5 7],45,85,101,40,80
1,<environment.Job instance at 0x7fa5ce8bb910>,42,1,[4 6],60,101,102,41,94
1,<environment.Job instance at 0x7fa6143988c0>,43,14,[10  4],61,102,116,41,94
1,<environment.Job instance at 0x7fa614398af0>,45,16,[7 2],64,116,132,52,104
1,<environment.Job instance at 0x7fa614364280>,57,15,[7 4],81,132,147,51,124
1,<environment.Job instance at 0x7fa5ce7f72d0>,52,18,[9 2],71,147,165,76,136
1,<environment.Job instance at 0x7fa614428b90>,66,18,[9 1],92,165,183,73,155
1,<environment.Job instance at 0x7fa6145eb730>,3,12,[8 2],4,4,16,0,4
1,<environment.Job instance at 0x7fa6152010a0>,5,18,[8 1],6,16,34,10,7
1,<environment.Job instance at 0x7fa619b281e0>,18,3,[ 5 10],30,34,37,4,31
1,<environment.Job instance at 0x7fa61460fd70>,19,1,[7 5],31,37,38,6,32
1,<environment.Job instance at 0x7fa61460fdc0>,20,2,[3 6],32,38,40,6,32
1,<environment.Job instance at 0x7fa61460f8c0>,21,2,[2 5],33,40,42,7,33
1,<environment.Job instance at 0x7fa6146705f0>,22,3,[3 5],34,40,43,6,34
1,<environment.Job instance at 0x7fa61430a3c0>,23,1,[10  3],35,43,44,8,37
1,<environment.Job instance at 0x7fa5ce8b7be0>,27,16,[4 5],40,44,60,4,40
1,<environment.Job instance at 0x7fa5cec8b460>,13,24,[3 6],19,60,84,41,55
1,<environment.Job instance at 0x7fa5ce842aa0>,46,16,[3 9],66,95,111,29,95
1,<environment.Job instance at 0x7fa5ce7f0550>,54,21,[2 7],77,113,134,36,113
1,<environment.Job instance at 0x7fa5ce7f0be0>,55,18,[ 5 10],78,134,152,56,124
1,<environment.Job instance at 0x7fa5ced64f50>,63,14,[9 1],87,152,166,65,144
1,<environment.Job instance at 0x7fa61507db40>,5,12,[ 1 10],10,10,22,0,10
1,<environment.Job instance at 0x7fa61451fe60>,13,28,[4 6],25,25,53,0,25
1,<environment.Job instance at 0x7fa5cebd0230>,20,23,[10  4],36,53,76,17,48
1,<environment.Job instance at 0x7fa5cebe6370>,21,14,[3 8],37,76,90,39,65
1,<environment.Job instance at 0x7fa5cebd6be0>,37,18,[4 9],59,90,108,31,80
1,<environment.Job instance at 0x7fa5cebbd780>,53,24,[8 5],78,133,157,55,133
1,<environment.Job instance at 0x7fa614bf7230>,4,17,[8 5],6,6,23,0,6
1,<environment.Job instance at 0x7fa614be9280>,7,15,[2 8],9,23,38,14,11
1,<environment.Job instance at 0x7fa614be85f0>,18,1,[3 6],21,38,39,17,26
1,<environment.Job instance at 0x7fa614be80a0>,23,2,[9 4],27,39,41,12,27
1,<environment.Job instance at 0x7fa614be8910>,24,17,[ 1 10],28,41,58,13,29
1,<environment.Job instance at 0x7fa614448960>,27,2,[5 5],32,58,60,26,33
1,<environment.Job instance at 0x7fa614be89b0>,15,16,[9 2],18,60,76,42,47
1,<environment.Job instance at 0x7fa614448870>,39,13,[4 5],49,76,89,27,64
1,<environment.Job instance at 0x7fa614448cd0>,40,23,[6 5],50,82,105,32,82
1,<environment.Job instance at 0x7fa61447b3c0>,50,25,[4 9],65,105,130,40,101
1,<environment.Job instance at 0x7fa614481af0>,60,13,[ 5 10],85,130,143,45,116
1,<environment.Job instance at 0x7fa614d61f00>,66,18,[ 5 10],91,143,161,52,135
1,<environment.Job instance at 0x7fa61447b0f0>,47,24,[8 4],61,161,185,100,157
1,<environment.Job instance at 0x7fa5ce9a36e0>,2,15,[8 1],4,4,19,0,4
1,<environment.Job instance at 0x7fa5ce8945f0>,5,21,[4 7],7,19,40,12,12
1,<environment.Job instance at 0x7fa6199d9230>,23,18,[5 1],32,32,50,0,32
1,<environment.Job instance at 0x7fa5cebedc30>,25,15,[5 2],38,40,55,2,40
1,<environment.Job instance at 0x7fa614bfda00>,28,16,[6 2],43,55,71,12,43
1,<environment.Job instance at 0x7fa61462fd20>,47,18,[1 6],74,106,124,32,106
1,<environment.Job instance at 0x7fa615127780>,55,13,[1 7],84,143,156,59,143
1,<environment.Job instance at 0x7fa6148e00a0>,60,18,[3 6],91,156,174,65,154
1,<environment.Job instance at 0x7fa61524c5f0>,0,14,[9 2],1,1,15,0,1
1,<environment.Job instance at 0x7fa5ce847af0>,17,12,[3 9],21,30,42,9,30
1,<environment.Job instance at 0x7fa5ce847cd0>,19,1,[3 5],23,42,43,19,30
1,<environment.Job instance at 0x7fa5ce847c30>,18,3,[5 7],22,43,46,21,31
1,<environment.Job instance at 0x7fa5ce8485f0>,25,17,[5 7],33,60,77,27,60
1,<environment.Job instance at 0x7fa5ce8486e0>,29,16,[8 4],37,84,100,47,84
1,<environment.Job instance at 0x7fa5ce848640>,31,18,[8 3],39,100,118,61,90
1,<environment.Job instance at 0x7fa5ce848c30>,34,15,[2 6],44,91,106,47,91
1,<environment.Job instance at 0x7fa5ce848b40>,36,2,[5 4],48,118,120,70,108
1,<environment.Job instance at 0x7fa5ce8488c0>,30,17,[1 8],38,120,137,82,114
1,<environment.Job instance at 0x7fa5ce8637d0>,48,2,[7 5],64,137,139,73,114
1,<environment.Job instance at 0x7fa5ce863280>,46,3,[1 8],62,139,142,77,116
1,<environment.Job instance at 0x7fa5ce8639b0>,54,14,[5 7],75,142,156,67,136
1,<environment.Job instance at 0x7fa5ce863be0>,56,13,[9 3],77,156,169,79,145
1,<environment.Job instance at 0x7fa5ce863cd0>,57,14,[8 3],78,169,183,91,154
1,<environment.Job instance at 0x7fa5cebd9aa0>,6,17,[2 6],17,19,36,2,19
1,<environment.Job instance at 0x7fa5cedb80f0>,11,2,[6 1],26,34,36,8,34
1,<environment.Job instance at 0x7fa5ce852410>,23,18,[3 9],41,44,62,3,44
1,<environment.Job instance at 0x7fa5cea70eb0>,32,15,[5 2],51,62,77,11,54
1,<environment.Job instance at 0x7fa614e3b320>,15,16,[2 5],32,75,91,43,75
1,<environment.Job instance at 0x7fa5cec33500>,38,19,[9 4],58,91,110,33,83
1,<environment.Job instance at 0x7fa614473410>,50,14,[5 4],76,114,128,38,114
1,<environment.Job instance at 0x7fa6148e3500>,53,16,[9 4],80,128,144,48,116
1,<environment.Job instance at 0x7fa6148d9d20>,70,17,[6 5],110,145,162,35,145
1,<environment.Job instance at 0x7fa614d0b960>,7,16,[3 9],13,13,29,0,13
1,<environment.Job instance at 0x7fa5ceaab6e0>,14,16,[4 8],22,29,45,7,26
1,<environment.Job instance at 0x7fa61526f500>,20,1,[5 5],28,45,46,17,28
1,<environment.Job instance at 0x7fa6144abbe0>,21,15,[6 2],29,46,61,17,32
1,<environment.Job instance at 0x7fa5ced855a0>,30,18,[6 4],42,61,79,19,55
1,<environment.Job instance at 0x7fa5ced85e10>,32,26,[ 3 10],45,80,106,35,80
1,<environment.Job instance at 0x7fa6152d4140>,49,15,[1 8],73,118,133,45,118
1,<environment.Job instance at 0x7fa5ced881e0>,51,27,[6 5],75,133,160,58,132
1,<environment.Job instance at 0x7fa5cee39f50>,62,13,[4 6],91,160,173,69,151
1,<environment.Job instance at 0x7fa5cee39f50>,2,15,[8 2],3,5,20,2,5
1,<environment.Job instance at 0x7fa614bc7690>,4,13,[8 4],7,20,33,13,8
1,<environment.Job instance at 0x7fa614b9e370>,18,18,[1 6],21,22,40,1,22
1,<environment.Job instance at 0x7fa614b9e910>,23,26,[9 2],28,33,59,5,33
1,<environment.Job instance at 0x7fa614bb5690>,36,14,[5 7],41,59,73,18,54
1,<environment.Job instance at 0x7fa614b9edc0>,27,18,[8 1],32,73,91,41,62
1,<environment.Job instance at 0x7fa614bb5aa0>,41,2,[5 4],46,91,93,45,72
1,<environment.Job instance at 0x7fa614bb5c80>,43,12,[1 9],48,73,85,25,72
1,<environment.Job instance at 0x7fa614bb5af0>,42,2,[6 1],47,93,95,46,72
1,<environment.Job instance at 0x7fa614bb5d20>,44,1,[7 3],49,95,96,46,73
1,<environment.Job instance at 0x7fa614bb5780>,38,21,[9 4],43,96,117,53,90
1,<environment.Job instance at 0x7fa614ba2870>,55,18,[3 6],63,124,142,61,124
1,<environment.Job instance at 0x7fa614ba2730>,58,2,[2 7],66,142,144,76,126
1,<environment.Job instance at 0x7fa614ba2fa0>,61,16,[1 8],70,144,160,74,132
1,<environment.Job instance at 0x7fa614bbe820>,69,15,[5 2],80,155,170,75,155
1,<environment.Job instance at 0x7fa614bbe8c0>,1,18,[2 8],4,4,22,0,4
1,<environment.Job instance at 0x7fa5cea1e230>,11,3,[10  1],19,22,25,3,19
1,<environment.Job instance at 0x7fa5cea1eb40>,12,2,[7 4],21,25,27,4,25
1,<environment.Job instance at 0x7fa61506c3c0>,17,16,[8 4],28,29,45,1,29
1,<environment.Job instance at 0x7fa61506c190>,20,2,[5 7],31,45,47,14,34
1,<environment.Job instance at 0x7fa614e5d2d0>,24,1,[1 8],36,49,50,13,49
1,<environment.Job instance at 0x7fa5cee57820>,27,16,[1 5],39,54,70,15,54
1,<environment.Job instance at 0x7fa5cee57230>,29,24,[5 6],41,70,94,29,65
1,<environment.Job instance at 0x7fa5cedf5aa0>,36,17,[9 1],52,94,111,42,82
1,<environment.Job instance at 0x7fa5ce7c1190>,50,14,[1 5],72,103,117,31,103
1,<environment.Job instance at 0x7fa5ce7c1960>,51,13,[5 8],73,117,130,44,108
1,<environment.Job instance at 0x7fa5cedeb3c0>,57,2,[4 8],87,130,132,43,120
1,<environment.Job instance at 0x7fa5cedeb0a0>,58,18,[5 3],88,132,150,44,123
1,<environment.Job instance at 0x7fa619a35f00>,59,13,[1 5],89,132,145,43,123
1,<environment.Job instance at 0x7fa6148631e0>,62,17,[3 8],92,150,167,58,138
1,<environment.Job instance at 0x7fa5ce6141e0>,1,19,[10  4],2,2,21,0,2
1,<environment.Job instance at 0x7fa614c585f0>,3,16,[5 7],4,21,37,17,10
1,<environment.Job instance at 0x7fa614508730>,16,13,[6 3],24,37,50,13,25
1,<environment.Job instance at 0x7fa614508f00>,15,14,[1 6],23,37,51,14,27
1,<environment.Job instance at 0x7fa5ced0f7d0>,12,16,[2 6],17,37,53,20,37
1,<environment.Job instance at 0x7fa5ceceee10>,18,15,[1 7],24,53,68,29,40
1,<environment.Job instance at 0x7fa5cea279b0>,33,15,[5 5],39,75,90,36,75
1,<environment.Job instance at 0x7fa5cef33550>,37,18,[1 6],44,90,108,46,79
1,<environment.Job instance at 0x7fa5cecee190>,16,12,[5 9],22,108,120,86,94
1,<environment.Job instance at 0x7fa5ce863be0>,53,17,[8 4],78,139,156,61,139
1,<environment.Job instance at 0x7fa6145b12d0>,59,15,[5 5],90,156,171,66,153
1,<environment.Job instance at 0x7fa614d9e2d0>,8,18,[1 8],12,12,30,0,12
1,<environment.Job instance at 0x7fa6145083c0>,9,20,[9 1],13,13,33,0,13
1,<environment.Job instance at 0x7fa5ce7754b0>,14,16,[2 8],20,33,49,13,21
1,<environment.Job instance at 0x7fa614eedd70>,23,15,[5 8],29,49,64,20,44
1,<environment.Job instance at 0x7fa614eed4b0>,25,16,[ 5 10],34,64,80,30,51
1,<environment.Job instance at 0x7fa614312d20>,30,1,[10  1],39,80,81,41,64
1,<environment.Job instance at 0x7fa5ceca6f50>,33,13,[5 8],43,81,94,38,65
1,<environment.Job instance at 0x7fa5cecc4780>,40,16,[7 4],55,94,110,39,82
1,<environment.Job instance at 0x7fa5ce7700f0>,54,19,[1 8],75,116,135,41,116
1,<environment.Job instance at 0x7fa61434af00>,56,16,[3 9],79,135,151,56,127
1,<environment.Job instance at 0x7fa5ce9a0910>,0,20,[ 1 10],1,2,22,1,2
1,<environment.Job instance at 0x7fa5ce6c6320>,6,15,[8 4],7,22,37,15,9
1,<environment.Job instance at 0x7fa5ce585eb0>,27,26,[2 5],39,39,65,0,39
1,<environment.Job instance at 0x7fa5ce582640>,31,17,[8 4],44,48,65,4,48
1,<environment.Job instance at 0x7fa5ce582820>,34,12,[5 5],48,65,77,17,48
1,<environment.Job instance at 0x7fa5ce5822d0>,40,3,[5 5],57,68,71,11,68
1,<environment.Job instance at 0x7fa5ce582dc0>,37,24,[9 1],53,77,101,24,72
1,<environment.Job instance at 0x7fa6144d4870>,54,18,[7 2],78,108,126,30,108
1,<environment.Job instance at 0x7fa5ce5a3320>,60,21,[7 4],88,126,147,38,124
1,<environment.Job instance at 0x7fa5ce5a3140>,67,12,[8 1],97,147,159,50,138
1,<environment.Job instance at 0x7fa5ce5898c0>,75,17,[9 2],109,159,176,50,149
1,<environment.Job instance at 0x7fa5cebb1a00>,3,17,[6 1],10,10,27,0,10
1,<environment.Job instance at 0x7fa61464c140>,5,16,[2 7],13,14,30,1,14
1,<environment.Job instance at 0x7fa61464caf0>,7,13,[9 3],15,30,43,15,15
1,<environment.Job instance at 0x7fa614646c80>,18,26,[1 7],29,31,57,2,31
1,<environment.Job instance at 0x7fa614646b90>,17,1,[5 6],28,57,58,29,35
1,<environment.Job instance at 0x7fa61461c140>,21,15,[8 1],33,58,73,25,47
1,<environment.Job instance at 0x7fa61463e230>,30,13,[2 7],54,58,71,4,55
1,<environment.Job instance at 0x7fa6146b77d0>,38,15,[4 9],65,73,88,8,67
1,<environment.Job instance at 0x7fa6146b7cd0>,39,16,[4 5],66,88,104,22,75
1,<environment.Job instance at 0x7fa6146a9640>,44,14,[5 5],72,90,104,18,90
1,<environment.Job instance at 0x7fa6146a9eb0>,46,15,[6 2],75,104,119,29,90
1,<environment.Job instance at 0x7fa6146a9e60>,49,1,[10  4],78,119,120,41,91
1,<environment.Job instance at 0x7fa5ce98e690>,51,18,[6 2],80,120,138,40,111
1,<environment.Job instance at 0x7fa5ce96ba50>,58,3,[5 7],88,138,141,50,114
1,<environment.Job instance at 0x7fa5ce96b2d0>,61,15,[3 5],91,120,135,29,120
1,<environment.Job instance at 0x7fa5ce96b870>,63,16,[9 5],96,141,157,45,129
1,<environment.Job instance at 0x7fa5ce9a70a0>,76,18,[1 9],117,157,175,40,148
1,<environment.Job instance at 0x7fa5ce5bd7d0>,2,12,[10  3],3,3,15,0,3
1,<environment.Job instance at 0x7fa6143dee60>,6,15,[1 9],7,15,30,8,7
1,<environment.Job instance at 0x7fa6143deb40>,7,18,[10  4],8,30,48,22,19
1,<environment.Job instance at 0x7fa6148079b0>,27,28,[10  5],37,48,76,11,47
1,<environment.Job instance at 0x7fa6145d5910>,9,20,[5 9],11,126,146,115,126
1,<environment.Job instance at 0x7fa5cecf84b0>,48,3,[5 5],66,146,149,80,126
1,<environment.Job instance at 0x7fa6147939b0>,56,16,[6 5],75,149,165,74,147
1,<environment.Job instance at 0x7fa5ce6ae190>,11,25,[8 2],16,17,42,1,17
1,<environment.Job instance at 0x7fa5ce52dc30>,14,1,[5 5],19,42,43,23,31
1,<environment.Job instance at 0x7fa5ce52d820>,16,1,[6 4],22,43,44,21,33
1,<environment.Job instance at 0x7fa5ce52d780>,17,16,[8 3],24,44,60,20,35
1,<environment.Job instance at 0x7fa5ce52daa0>,18,3,[3 5],25,60,63,35,36
1,<environment.Job instance at 0x7fa5ce52dbe0>,23,13,[10  4],36,63,76,27,49
1,<environment.Job instance at 0x7fa5ce7ad780>,33,18,[4 8],54,76,94,22,72
1,<environment.Job instance at 0x7fa5ce7adf50>,34,22,[10  5],55,94,116,39,88
1,<environment.Job instance at 0x7fa614b80500>,49,18,[2 5],74,127,145,53,127
1,<environment.Job instance at 0x7fa614b80320>,51,16,[9 4],77,145,161,68,135
1,<environment.Job instance at 0x7fa5ce629e10>,60,17,[3 6],90,161,178,71,159
1,<environment.Job instance at 0x7fa614a83fa0>,2,25,[1 8],4,5,30,1,5
1,<environment.Job instance at 0x7fa614a83730>,8,28,[4 7],15,30,58,15,30
1,<environment.Job instance at 0x7fa614a86960>,15,14,[2 6],32,58,72,26,44
1,<environment.Job instance at 0x7fa614756e10>,19,13,[3 8],39,72,85,33,56
1,<environment.Job instance at 0x7f02022f40f0>,0,18,[ 2 10],1,1,19,0,1
1,<environment.Job instance at 0x7f02023385a0>,3,13,[3 8],5,19,32,14,6
1,<environment.Job instance at 0x7f01faee5320>,20,22,[8 2],26,32,54,6,28
1,<environment.Job instance at 0x7f01faee5960>,29,28,[4 5],39,65,93,26,65
1,<environment.Job instance at 0x7f01faee89b0>,45,23,[4 8],59,124,147,65,124
1,<environment.Job instance at 0x7f01faeedaa0>,62,18,[1 7],85,151,169,66,151
1,<environment.Job instance at 0x7f01faeedf50>,65,13,[7 2],92,151,164,59,151
1,<environment.Job instance at 0x7f020246b1e0>,1,16,[7 1],2,2,18,0,2
1,<environment.Job instance at 0x7f020246f230>,10,17,[5 6],14,18,35,4,15
1,<environment.Job instance at 0x7f020246ae10>,29,13,[3 7],50,54,67,4,54
1,<environment.Job instance at 0x7f0202461960>,32,13,[4 5],53,67,80,14,54
1,<environment.Job instance at 0x7f020231b8c0>,34,15,[6 2],56,57,72,1,57
1,<environment.Job instance at 0x7f020231b1e0>,36,18,[ 4 10],58,80,98,22,70
1,<environment.Job instance at 0x7f01fae84f00>,46,28,[4 8],77,102,130,25,102
1,<environment.Job instance at 0x7f020246e460>,64,26,[3 8],103,135,161,32,135
1,<environment.Job instance at 0x7f01b720e1e0>,1,23,[5 5],4,5,28,1,5
1,<environment.Job instance at 0x7f01b713aa00>,9,12,[1 8],12,28,40,16,13
1,<environment.Job instance at 0x7f01fb0d1820>,19,16,[5 7],25,40,56,15,27
1,<environment.Job instance at 0x7f01fb389d20>,23,18,[5 1],30,43,61,13,43
1,<environment.Job instance at 0x7f01fac51820>,27,13,[6 5],36,61,74,25,56
1,<environment.Job instance at 0x7f01b71faa00>,28,14,[3 6],37,74,88,37,59
1,<environment.Job instance at 0x7f01b71473c0>,37,13,[7 4],48,77,90,29,77
1,<environment.Job instance at 0x7f01facc84b0>,43,15,[8 5],59,90,105,31,90
1,<environment.Job instance at 0x7f01b7195460>,47,16,[ 2 10],64,105,121,41,99
1,<environment.Job instance at 0x7f01b7135050>,52,14,[8 3],69,121,135,52,116
1,<environment.Job instance at 0x7f01fac556e0>,56,17,[10  2],74,135,152,61,123
1,<environment.Job instance at 0x7f01fad6f3c0>,59,16,[8 2],78,152,168,74,142
1,<environment.Job instance at 0x7f01fb109190>,64,14,[ 3 10],84,168,182,84,153
1,<environment.Job instance at 0x7f01fb054f00>,5,14,[6 1],6,6,20,0,6
1,<environment.Job instance at 0x7f01b7688190>,8,16,[4 5],10,10,26,0,10
1,<environment.Job instance at 0x7f01fb226d20>,22,22,[1 9],31,34,56,3,34
1,<environment.Job instance at 0x7f01b7135640>,17,16,[4 9],22,56,72,34,46
1,<environment.Job instance at 0x7f01fd5d3550>,33,12,[2 7],45,72,84,27,55
1,<environment.Job instance at 0x7f01b769f4b0>,42,16,[10  5],55,84,100,29,72
1,<environment.Job instance at 0x7f020231d4b0>,45,21,[9 5],58,100,121,42,94
1,<environment.Job instance at 0x7f01b7185230>,55,16,[9 4],71,121,137,50,111
1,<environment.Job instance at 0x7f01b7136410>,63,12,[6 3],84,137,149,53,129
1,<environment.Job instance at 0x7f01fb0756e0>,64,17,[5 9],86,149,166,63,137
1,<environment.Job instance at 0x7f01b72c6320>,70,1,[5 5],97,166,167,69,149
1,<environment.Job instance at 0x7f01b72c6550>,73,2,[6 5],100,167,169,67,149
1,<environment.Job instance at 0x7f01b72c6370>,74,3,[8 5],101,169,172,68,150
1,<environment.Job instance at 0x7f01b72c65f0>,75,12,[3 9],103,172,184,69,158
1,<environment.Job instance at 0x7f01fad095f0>,3,13,[5 7],5,5,18,0,5
1,<environment.Job instance at 0x7f01fad783c0>,6,16,[5 5],8,18,34,10,8
1,<environment.Job instance at 0x7f01b7787b90>,13,18,[4 9],19,34,52,15,23
1,<environment.Job instance at 0x7f01fad573c0>,20,1,[2 8],28,52,53,24,29
1,<environment.Job instance at 0x7f01fad57b40>,22,17,[5 1],30,32,49,2,32
1,<environment.Job instance at 0x7f01fad71c80>,32,12,[8 4],41,53,65,12,43
1,<environment.Job instance at 0x7f01fad4b0f0>,36,1,[5 7],46,65,66,19,48
1,<environment.Job instance at 0x7f01fad4bf00>,37,3,[1 6],47,53,56,6,49
1,<environment.Job instance at 0x7f01fd5b89b0>,4,24,[8 2],8,11,35,3,11
1,<environment.Job instance at 0x7f01fb233dc0>,13,1,[7 4],22,35,36,13,22
1,<environment.Job instance at 0x7f01fd5c2aa0>,14,14,[10  2],23,36,50,13,24
1,<environment.Job instance at 0x7f01fd5c20f0>,20,18,[2 6],36,50,68,14,40
1,<environment.Job instance at 0x7f01fd8cd8c0>,33,16,[7 5],51,68,84,17,60
1,<environment.Job instance at 0x7f01fdbc5c80>,50,16,[5 3],73,89,105,16,89
1,<environment.Job instance at 0x7f01fdbc5dc0>,51,17,[5 1],74,89,106,15,89
1,<environment.Job instance at 0x7f01fdbc5e60>,52,15,[ 1 10],75,106,121,31,92
1,<environment.Job instance at 0x7f01fb161640>,62,18,[5 7],86,129,147,43,129
1,<environment.Job instance at 0x7f01faf1dbe0>,4,16,[3 9],8,8,24,0,8
1,<environment.Job instance at 0x7f01b76cb050>,10,1,[9 4],16,24,25,8,16
1,<environment.Job instance at 0x7f01b76cb7d0>,8,18,[1 6],14,24,42,10,16
1,<environment.Job instance at 0x7f01fb1c5be0>,14,22,[9 1],21,25,47,4,21
1,<environment.Job instance at 0x7f01b740dc30>,19,13,[8 5],28,47,60,19,31
1,<environment.Job instance at 0x7f01fae01370>,21,18,[3 6],31,60,78,29,49
1,<environment.Job instance at 0x7f01fb3dbfa0>,27,16,[3 7],40,78,94,38,65
1,<environment.Job instance at 0x7f01b71e2dc0>,34,16,[2 7],47,94,110,47,83
1,<environment.Job instance at 0x7f01b752e050>,38,16,[8 3],51,94,110,43,94
1,<environment.Job instance at 0x7f01fae590a0>,43,3,[7 3],60,110,113,50,99
1,<environment.Job instance at 0x7f01fae59d20>,44,19,[6 5],61,113,132,52,103
1,<environment.Job instance at 0x7f01fdc11960>,55,14,[10  3],81,132,146,51,128
1,<environment.Job instance at 0x7f01fd5eef00>,58,26,[4 9],84,146,172,62,143
1,<environment.Job instance at 0x7f01fb0558c0>,3,14,[5 7],5,5,19,0,5
1,<environment.Job instance at 0x7f01b785c960>,6,14,[8 3],8,19,33,11,9
1,<environment.Job instance at 0x7f01b785cf00>,12,2,[7 2],18,33,35,15,18
1,<environment.Job instance at 0x7f01b784d2d0>,15,1,[1 8],22,33,34,11,23
1,<environment.Job instance at 0x7f01b785caa0>,9,14,[ 4 10],15,35,49,20,34
1,<environment.Job instance at 0x7f01b784d960>,22,2,[ 1 10],34,49,51,15,35
1,<environment.Job instance at 0x7f01b784db40>,23,2,[9 3],35,51,53,16,35
1,<environment.Job instance at 0x7f01b784dd70>,24,1,[5 1],36,53,54,17,38
1,<environment.Job instance at 0x7f01b785cbe0>,8,12,[3 7],14,53,65,39,41
1,<environment.Job instance at 0x7f01b7841370>,31,24,[7 2],45,54,78,9,53
1,<environment.Job instance at 0x7f01b78419b0>,35,1,[1 7],50,65,66,15,54
1,<environment.Job instance at 0x7f01b7841960>,37,1,[5 9],52,78,79,26,54
1,<environment.Job instance at 0x7f01b786a2d0>,42,1,[2 5],59,79,80,20,79
1,<environment.Job instance at 0x7f01b786a550>,43,12,[9 1],60,84,96,24,84
1,<environment.Job instance at 0x7f01b786a5f0>,45,2,[4 5],66,96,98,30,86
1,<environment.Job instance at 0x7f01b786a230>,44,18,[4 8],64,98,116,34,89
1,<environment.Job instance at 0x7f01b786aeb0>,55,17,[7 5],80,116,133,36,109
1,<environment.Job instance at 0x7f01b784a780>,63,23,[7 4],90,136,159,46,136
1,<environment.Job instance at 0x7f01b784a820>,67,21,[9 2],102,159,180,57,153
1,<environment.Job instance at 0x7f01b75100f0>,0,12,[10  1],1,1,13,0,1
1,<environment.Job instance at 0x7f01b78484b0>,3,18,[5 3],5,13,31,8,5
1,<environment.Job instance at 0x7f01fdb1db40>,16,17,[6 5],30,31,48,1,31
1,<environment.Job instance at 0x7f01b74b1280>,20,1,[6 5],34,48,49,14,38
1,<environment.Job instance at 0x7f01fd6e9c80>,24,13,[3 9],40,49,62,9,41
1,<environment.Job instance at 0x7f01fb352140>,32,1,[5 9],54,62,63,8,55
1,<environment.Job instance at 0x7f01faf6fdc0>,33,3,[5 5],56,63,66,7,59
1,<environment.Job instance at 0x7f01faf6f910>,35,3,[7 5],59,66,69,7,59
1,<environment.Job instance at 0x7f01fdbc0460>,28,17,[3 6],45,69,86,24,59
1,<environment.Job instance at 0x7f01faebb640>,39,12,[5 5],67,86,98,19,69
1,<environment.Job instance at 0x7f01b764ee10>,38,18,[8 4],66,98,116,32,88
1,<environment.Job instance at 0x7f01fd77e140>,54,16,[3 9],93,120,136,27,120
1,<environment.Job instance at 0x7f01fd77e6e0>,55,14,[4 9],94,136,150,42,127
1,<environment.Job instance at 0x7f01faea34b0>,66,25,[1 6],107,166,191,59,166
1,<environment.Job instance at 0x7f01fd6f79b0>,1,25,[8 1],3,19,44,16,19
1,<environment.Job instance at 0x7f01fdc11320>,20,17,[6 2],28,45,62,17,45
1,<environment.Job instance at 0x7f01faf3b4b0>,23,14,[1 8],32,65,79,33,65
1,<environment.Job instance at 0x7f01fdc11280>,22,13,[5 6],30,79,92,49,65
1,<environment.Job instance at 0x7f02023189b0>,26,1,[10  2],38,92,93,54,65
1,<environment.Job instance at 0x7f01b74bafa0>,36,17,[8 4],54,100,117,46,100
1,<environment.Job instance at 0x7f01b746e0f0>,45,1,[3 7],71,126,127,55,126
1,<environment.Job instance at 0x7f01b746ef50>,46,17,[3 5],72,130,147,58,130
1,<environment.Job instance at 0x7f01faf1db90>,49,13,[8 4],77,147,160,70,136
1,<environment.Job instance at 0x7f01fb2102d0>,54,13,[8 5],82,160,173,78,148
1,<environment.Job instance at 0x7f01fb16eaf0>,0,28,[4 7],1,1,29,0,1
1,<environment.Job instance at 0x7f01fd5aa8c0>,11,12,[3 9],22,29,41,7,22
1,<environment.Job instance at 0x7f01fd5b4140>,16,14,[7 5],28,41,55,13,33
1,<environment.Job instance at 0x7f01fd5b4960>,23,13,[ 5 10],40,55,68,15,50
1,<environment.Job instance at 0x7f01fd5ba5f0>,38,13,[6 3],63,90,103,27,90
1,<environment.Job instance at 0x7f01fd5d9500>,51,23,[9 4],83,130,153,47,130
1,<environment.Job instance at 0x7f01fd5d9dc0>,59,28,[8 1],93,161,189,68,161
1,<environment.Job instance at 0x7f01faee5c30>,4,18,[ 4 10],5,5,23,0,5
1,<environment.Job instance at 0x7f01fb3b10a0>,20,17,[5 8],25,25,42,0,25
1,<environment.Job instance at 0x7f01b75a8140>,19,16,[ 3 10],24,42,58,18,30
1,<environment.Job instance at 0x7f01b71ad550>,28,1,[6 1],47,58,59,11,47
1,<environment.Job instance at 0x7f01b71ad690>,24,18,[5 5],42,59,77,17,54
1,<environment.Job instance at 0x7f01b75a3050>,40,18,[8 5],61,77,95,16,66
1,<environment.Job instance at 0x7f01b7688410>,46,14,[1 6],73,95,109,22,81
1,<environment.Job instance at 0x7f01b73a3f50>,53,13,[7 4],81,102,115,21,102
1,<environment.Job instance at 0x7f01fdc0c190>,55,27,[3 6],84,110,137,26,110
1,<environment.Job instance at 0x7f01b70b7780>,59,16,[6 4],91,117,133,26,117
1,<environment.Job instance at 0x7f01face63c0>,68,13,[ 4 10],103,145,158,42,145
1,<environment.Job instance at 0x7f01face65a0>,69,17,[4 6],104,158,175,54,148
1,<environment.Job instance at 0x7f01face6f50>,72,15,[6 3],108,158,173,50,154
1,<environment.Job instance at 0x7f01face6be0>,75,15,[ 1 10],114,175,190,61,161
1,<environment.Job instance at 0x7f01b70cf3c0>,1,18,[8 4],3,14,32,11,14
1,<environment.Job instance at 0x7f01b758f960>,13,3,[5 7],21,32,35,11,21
1,<environment.Job instance at 0x7f01b758f190>,14,1,[7 4],22,35,36,13,23
1,<environment.Job instance at 0x7f01b758f230>,12,3,[7 3],19,36,39,17,23
1,<environment.Job instance at 0x7f01b758f5f0>,16,3,[5 5],24,39,42,15,24
1,<environment.Job instance at 0x7f01b758f780>,15,3,[9 3],23,42,45,19,25
1,<environment.Job instance at 0x7f01b758fdc0>,10,12,[6 5],17,45,57,28,28
1,<environment.Job instance at 0x7f01b7726af0>,29,1,[4 7],41,57,58,16,41
1,<environment.Job instance at 0x7f01b77265f0>,31,14,[7 5],44,58,72,14,44
1,<environment.Job instance at 0x7f01b75f86e0>,17,16,[2 9],26,72,88,46,63
1,<environment.Job instance at 0x7f01fb1aea50>,40,17,[1 7],55,88,105,33,79
1,<environment.Job instance at 0x7f01fadf1d20>,47,15,[1 7],64,105,120,41,91
1,<environment.Job instance at 0x7f01fadf1a50>,57,13,[7 4],74,120,133,46,109
1,<environment.Job instance at 0x7f01fadf1820>,59,3,[6 5],76,133,136,57,112
1,<environment.Job instance at 0x7f01fadf1aa0>,60,1,[2 8],77,136,137,59,113
1,<environment.Job instance at 0x7f01fadf1dc0>,61,2,[6 3],78,113,115,35,113
1,<environment.Job instance at 0x7f01b7734550>,65,3,[7 1],82,136,139,54,121
1,<environment.Job instance at 0x7f01b7734140>,67,12,[4 5],87,139,151,52,126
1,<environment.Job instance at 0x7f01fadf1b40>,55,14,[ 5 10],72,151,165,79,136
1,<environment.Job instance at 0x7f01b731fdc0>,74,18,[8 3],98,165,183,67,154
1,<environment.Job instance at 0x7f01fd8ac2d0>,77,15,[2 7],107,165,180,58,158
1,<environment.Job instance at 0x7f01b75a91e0>,0,22,[2 9],1,1,23,0,1
1,<environment.Job instance at 0x7f01fd55b870>,6,14,[7 3],13,23,37,10,14
1,<environment.Job instance at 0x7f01fd55be60>,9,26,[2 5],20,23,49,3,21
1,<environment.Job instance at 0x7f01fd54dc30>,16,14,[8 1],29,37,51,8,35
1,<environment.Job instance at 0x7f01fd546500>,21,12,[7 3],35,51,63,16,35
1,<environment.Job instance at 0x7f01fb157410>,26,18,[1 8],42,63,81,21,60
1,<environment.Job instance at 0x7f01faefe5a0>,39,16,[5 5],57,95,111,38,95
1,<environment.Job instance at 0x7f01faef49b0>,49,17,[7 1],71,131,148,60,131
1,<environment.Job instance at 0x7f01faef4140>,51,13,[5 8],73,148,161,75,132
1,<environment.Job instance at 0x7f01faed7af0>,61,18,[10  5],91,161,179,70,157
1,<environment.Job instance at 0x7f01faed79b0>,1,26,[9 1],2,4,30,2,4
1,<environment.Job instance at 0x7f01fdbd0640>,18,1,[ 4 10],22,30,31,8,28
1,<environment.Job instance at 0x7f01fdbd0230>,19,2,[3 6],23,31,33,8,28
1,<environment.Job instance at 0x7f01b72c0190>,20,3,[2 5],24,33,36,9,29
1,<environment.Job instance at 0x7f01fd4c7c80>,3,21,[10  5],4,36,57,32,30
1,<environment.Job instance at 0x7f01fd6054b0>,25,2,[ 1 10],31,57,59,26,50
1,<environment.Job instance at 0x7f01faf93c30>,21,1,[8 3],25,59,60,34,52
1,<environment.Job instance at 0x7f01fd605fa0>,27,3,[10  2],33,60,63,27,53
1,<environment.Job instance at 0x7f01b7849190>,41,1,[ 2 10],53,99,100,46,99
1,<environment.Job instance at 0x7f01b7849640>,42,1,[3 9],54,100,101,46,99
1,<environment.Job instance at 0x7f01b78491e0>,44,26,[2 5],59,101,127,42,99
1,<environment.Job instance at 0x7f01fd63dc30>,52,2,[3 8],70,133,135,63,133
1,<environment.Job instance at 0x7f01fd63dbe0>,53,18,[8 2],72,137,155,65,137
1,<environment.Job instance at 0x7f01fd63d8c0>,54,24,[9 1],73,155,179,82,150
1,<environment.Job instance at 0x7f01b7107d20>,64,14,[8 1],88,179,193,91,164
1,<environment.Job instance at 0x7f01b76421e0>,2,3,[6 3],4,4,7,0,4
1,<environment.Job instance at 0x7f01fac5e1e0>,8,18,[3 5],13,13,31,0,13
1,<environment.Job instance at 0x7f01fac5ed70>,10,17,[6 1],20,20,37,0,20
1,<environment.Job instance at 0x7f01fac5e140>,12,16,[2 7],23,31,47,8,23
1,<environment.Job instance at 0x7f01fac5e730>,13,17,[7 1],24,37,54,13,25
1,<environment.Job instance at 0x7f01b7288eb0>,28,15,[8 1],43,54,69,11,49
1,<environment.Job instance at 0x7f01b6eccb40>,34,12,[8 5],57,69,81,12,57
1,<environment.Job instance at 0x7f01b6eccf00>,37,13,[2 7],64,81,94,17,69
1,<environment.Job instance at 0x7f01b6fdb0f0>,45,15,[4 9],75,94,109,19,80
1,<environment.Job instance at 0x7f01b6ec79b0>,51,14,[5 5],82,109,123,27,98
1,<environment.Job instance at 0x7f01b6fdbaa0>,39,15,[8 4],68,123,138,55,109
1,<environment.Job instance at 0x7f01b6ec77d0>,55,16,[8 5],87,138,154,51,125
1,<environment.Job instance at 0x7f01b6f4d820>,70,16,[9 5],106,154,170,48,153
1,<environment.Job instance at 0x7f01b6e6dc80>,78,16,[5 5],121,170,186,49,163
1,<environment.Job instance at 0x7f01fae1a320>,3,16,[5 7],4,7,23,3,7
1,<environment.Job instance at 0x7f01b724d870>,8,14,[ 4 10],9,23,37,14,10
1,<environment.Job instance at 0x7f01b724d960>,9,20,[5 9],11,37,57,26,28
1,<environment.Job instance at 0x7f01fd9d5910>,23,3,[6 3],32,57,60,25,48
1,<environment.Job instance at 0x7f01b71ed500>,24,18,[2 9],33,60,78,27,49
1,<environment.Job instance at 0x7f01fb231aa0>,31,12,[3 6],42,82,94,40,82
1,<environment.Job instance at 0x7f01fd876be0>,33,17,[2 8],44,94,111,50,94
1,<environment.Job instance at 0x7f01fd9d98c0>,35,18,[7 1],46,94,112,48,94
1,<environment.Job instance at 0x7f01fb21a960>,40,12,[4 6],53,112,124,59,100
1,<environment.Job instance at 0x7f01fd879370>,34,13,[1 6],45,124,137,79,109
1,<environment.Job instance at 0x7f01fb23b1e0>,47,16,[6 4],65,121,137,56,121
1,<environment.Job instance at 0x7f01b7717190>,53,2,[7 3],72,137,139,65,126
1,<environment.Job instance at 0x7f01fd54d730>,22,12,[10  5],30,139,151,109,126
1,<environment.Job instance at 0x7f01b7717500>,52,18,[5 6],71,151,169,80,147
1,<environment.Job instance at 0x7f01b76ef870>,65,15,[4 7],86,169,184,83,159
1,<environment.Job instance at 0x7f01b6f4ebe0>,1,18,[10  1],4,5,23,1,5
1,<environment.Job instance at 0x7f01b7717230>,3,25,[8 2],6,23,48,17,19
1,<environment.Job instance at 0x7f01fda24230>,21,12,[9 4],32,48,60,16,36
1,<environment.Job instance at 0x7f01fda24e60>,18,22,[5 7],29,60,82,31,58
1,<environment.Job instance at 0x7f01b75555f0>,35,2,[9 2],57,82,84,25,65
1,<environment.Job instance at 0x7f01faf32500>,42,13,[2 9],65,88,101,23,88
1,<environment.Job instance at 0x7f01faf32960>,44,16,[5 5],68,101,117,33,88
1,<environment.Job instance at 0x7f01b6e7c370>,25,18,[4 8],44,117,135,73,108
1,<environment.Job instance at 0x7f01b6ee6fa0>,54,18,[7 5],82,135,153,53,130
1,<environment.Job instance at 0x7f01b6ee6dc0>,56,14,[6 3],84,153,167,69,139
1,<environment.Job instance at 0x7f01fb0cfe60>,65,15,[10  4],99,167,182,68,155
1,<environment.Job instance at 0x7f01fd4ce6e0>,1,14,[8 4],7,7,21,0,7
1,<environment.Job instance at 0x7f01fb0cffa0>,2,12,[9 3],9,21,33,12,9
1,<environment.Job instance at 0x7f01b741ca00>,13,16,[5 2],25,33,49,8,25
1,<environment.Job instance at 0x7f01b730f7d0>,14,1,[8 4],26,49,50,23,28
1,<environment.Job instance at 0x7f01b741c640>,8,13,[3 8],19,50,63,31,37
1,<environment.Job instance at 0x7f01b730f780>,23,15,[8 4],40,63,78,23,49
1,<environment.Job instance at 0x7f01fadf1780>,31,18,[3 8],54,78,96,24,70
1,<environment.Job instance at 0x7f01fadf1fa0>,34,3,[8 2],58,96,99,38,71
1,<environment.Job instance at 0x7f01fda07460>,41,16,[8 3],70,99,115,29,92
1,<environment.Job instance at 0x7f01fd792500>,48,21,[4 8],78,115,136,37,115
1,<environment.Job instance at 0x7f01fd7925a0>,54,16,[6 3],84,138,154,54,138
1,<environment.Job instance at 0x7f01b6fda500>,57,14,[7 5],87,154,168,67,139
1,<environment.Job instance at 0x7f01b73b9af0>,7,25,[10  2],15,20,45,5,20
1,<environment.Job instance at 0x7f01fd54cc80>,17,15,[1 8],35,45,60,10,38
1,<environment.Job instance at 0x7f01fb38ad20>,15,23,[8 2],33,45,68,12,39
1,<environment.Job instance at 0x7f01b725b6e0>,26,14,[2 8],46,60,74,14,48
1,<environment.Job instance at 0x7f01fae97dc0>,42,18,[1 5],68,80,98,12,80
1,<environment.Job instance at 0x7f01b725b0f0>,27,24,[8 4],47,82,106,35,82
1,<environment.Job instance at 0x7f01faea2a50>,54,15,[9 5],86,121,136,35,121
1,<environment.Job instance at 0x7f01fae90fa0>,60,16,[ 3 10],94,138,154,44,138
1,<environment.Job instance at 0x7f01fae90730>,61,18,[5 7],95,154,172,59,145
1,<environment.Job instance at 0x7f01fae90050>,63,12,[8 4],98,172,184,74,157
1,<environment.Job instance at 0x7f7fcb3e2320>,22,18,[7 4],28,48,66,20,48
1,<environment.Job instance at 0x7f7fcb3e26e0>,27,17,[5 9],36,68,85,32,68
1,<environment.Job instance at 0x7f7fcb3e2f00>,36,14,[5 5],48,85,99,37,83
1,<environment.Job instance at 0x7f7fcb3e3050>,38,18,[5 8],50,99,117,49,88
1,<environment.Job instance at 0x7f7fcb3e35f0>,45,23,[4 8],59,122,145,63,122
1,<environment.Job instance at 0x7f7fcb3e3780>,50,15,[7 4],64,145,160,81,132
1,<environment.Job instance at 0x7f7fcb3e7280>,59,13,[5 2],81,160,173,79,144
1,<environment.Job instance at 0x7f7fcb3e62d0>,72,2,[1 9],100,174,176,74,174
1,<environment.Job instance at 0x7f7fd0955a00>,3,2,[6 1],6,6,8,0,6
1,<environment.Job instance at 0x7f7fd0816e10>,6,13,[1 8],11,11,24,0,11
1,<environment.Job instance at 0x7f7fd095f370>,21,22,[3 6],41,41,63,0,41
1,<environment.Job instance at 0x7f7fd095f820>,23,13,[4 5],43,63,76,20,47
1,<environment.Job instance at 0x7f7fd095ba50>,28,3,[2 8],49,76,79,27,58
1,<environment.Job instance at 0x7f7fd0815e60>,31,14,[5 3],54,79,93,25,66
1,<environment.Job instance at 0x7f7fd0964c80>,18,15,[8 5],38,93,108,55,79
1,<environment.Job instance at 0x7f7fd0968e60>,55,26,[3 8],93,135,161,42,135
1,<environment.Job instance at 0x7f7f856e4b40>,66,13,[5 2],106,171,184,65,171
1,<environment.Job instance at 0x7fe2244be140>,0,18,[ 2 10],1,1,19,0,1
1,<environment.Job instance at 0x7fe21f0aeeb0>,23,20,[ 5 10],30,68,88,38,68
1,<environment.Job instance at 0x7fe21f0b0640>,27,17,[5 9],36,88,105,52,77
1,<environment.Job instance at 0x7fe21f0b0960>,36,14,[5 5],48,105,119,57,94
1,<environment.Job instance at 0x7fe21f0b51e0>,45,23,[4 8],59,149,172,90,149
1,<environment.Job instance at 0x7fe21f0b56e0>,51,23,[1 8],65,172,195,107,169
1,<environment.Job instance at 0x7fe21f0b3230>,59,13,[5 2],81,171,184,90,171
1,<environment.Job instance at 0x7fe22462d8c0>,2,18,[3 6],12,12,30,0,12
1,<environment.Job instance at 0x7fe2244e6cd0>,14,13,[3 7],30,30,43,0,30
1,<environment.Job instance at 0x7fe224625be0>,16,1,[5 2],32,32,33,0,32
1,<environment.Job instance at 0x7fe224639870>,17,13,[4 5],33,43,56,10,34
1,<environment.Job instance at 0x7fe2246394b0>,18,2,[10  3],35,56,58,21,36
1,<environment.Job instance at 0x7fe224634a50>,31,28,[4 8],57,78,106,21,78
1,<environment.Job instance at 0x7fe2244e5410>,48,15,[7 4],82,156,171,74,156
1,<environment.Job instance at 0x7fe2244e5d70>,49,26,[3 8],83,171,197,88,171
1,<environment.Job instance at 0x7fe2244e5e10>,2,16,[7 2],4,4,20,0,4
1,<environment.Job instance at 0x7fe1d9374320>,5,14,[5 7],7,20,34,13,7
1,<environment.Job instance at 0x7fe1d930e640>,10,16,[1 5],14,34,50,20,24
1,<environment.Job instance at 0x7fe1d935beb0>,18,14,[9 4],26,34,48,8,26
1,<environment.Job instance at 0x7fe1d93d7f50>,24,1,[4 8],33,50,51,17,33
1,<environment.Job instance at 0x7fe1d9315780>,38,20,[2 6],50,89,109,39,89
1,<environment.Job instance at 0x7fe21ee16f00>,51,14,[5 9],70,129,143,59,129
1,<environment.Job instance at 0x7fe1d934c9b0>,61,26,[8 5],87,164,190,77,164
1,<environment.Job instance at 0x7fe21f7f1280>,3,18,[2 6],5,6,24,1,6
1,<environment.Job instance at 0x7fe1d93f8eb0>,19,12,[5 4],30,32,44,2,32
1,<environment.Job instance at 0x7fe21f6d6690>,20,19,[5 3],31,36,55,5,36
1,<environment.Job instance at 0x7fe1d9884dc0>,24,3,[10  3],38,55,58,17,39
1,<environment.Job instance at 0x7fe21f0e8aa0>,25,1,[6 4],39,58,59,19,41
1,<environment.Job instance at 0x7fe1d9865b90>,22,18,[10  3],36,59,77,23,49
1,<environment.Job instance at 0x7fe1d981cc80>,35,13,[8 1],52,77,90,25,69
1,<environment.Job instance at 0x7fe1d98861e0>,40,15,[2 7],59,97,112,38,97
1,<environment.Job instance at 0x7fe1d9362c80>,44,25,[7 3],63,98,123,35,98
1,<environment.Job instance at 0x7fe1d9772410>,52,1,[1 5],75,116,117,41,116
1,<environment.Job instance at 0x7fe1d9772fa0>,55,12,[ 1 10],80,123,135,43,118
1,<environment.Job instance at 0x7fe1d930eb90>,63,28,[4 6],95,141,169,46,141
1,<environment.Job instance at 0x7fe21f0a7640>,70,23,[10  4],106,169,192,63,167
1,<environment.Job instance at 0x7f6efe1a09b0>,3,18,[ 3 10],4,4,22,0,4
1,<environment.Job instance at 0x7f6efe1a0f00>,9,17,[ 4 10],10,22,39,12,22
1,<environment.Job instance at 0x7f6efe1a3780>,18,16,[8 5],19,39,55,20,33
1,<environment.Job instance at 0x7f6f054f5280>,0,27,[9 1],1,5,32,4,5
1,<environment.Job instance at 0x7f6f055d9730>,15,13,[3 5],16,32,45,16,19
1,<environment.Job instance at 0x7f6f055d6640>,20,18,[5 5],21,33,51,12,33
1,<environment.Job instance at 0x7f6f0572a5f0>,22,14,[9 1],23,51,65,28,37
1,<environment.Job instance at 0x7f6eba44a6e0>,9,3,[5 3],10,11,14,1,11
1,<environment.Job instance at 0x7f6eba4abc80>,13,3,[1 6],14,15,18,1,15
1,<environment.Job instance at 0x7f6eba4ab0a0>,16,15,[9 2],17,34,49,17,34
1,<environment.Job instance at 0x7f6eba5421e0>,1,16,[1 9],2,2,18,0,2
1,<environment.Job instance at 0x7f6eba3f10a0>,2,16,[6 2],3,18,34,15,6
1,<environment.Job instance at 0x7f6eba84cd70>,19,16,[3 5],20,21,37,1,21
1,<environment.Job instance at 0x7f6eba8570f0>,25,25,[3 9],26,44,69,18,44
1,<environment.Job instance at 0x7f6eba5165a0>,2,14,[9 2],3,3,17,0,3
1,<environment.Job instance at 0x7f6ebab48550>,5,17,[5 9],6,17,34,11,6
1,<environment.Job instance at 0x7f6ebab48f50>,17,18,[ 1 10],18,34,52,16,23
1,<environment.Job instance at 0x7f6ebab64230>,3,14,[3 5],4,4,18,0,4
1,<environment.Job instance at 0x7f6eba802d20>,4,17,[1 9],5,18,35,13,9
1,<environment.Job instance at 0x7f6efe01aaa0>,13,21,[9 5],14,35,56,21,27
1,<environment.Job instance at 0x7f6efe34dcd0>,27,14,[4 7],28,56,70,28,46
1,<environment.Job instance at 0x7f6eba933a50>,7,17,[7 5],8,8,25,0,8
1,<environment.Job instance at 0x7f6f04f954b0>,10,14,[2 8],11,25,39,14,13
1,<environment.Job instance at 0x7f6efe649e60>,2,15,[7 3],3,3,18,0,3
1,<environment.Job instance at 0x7f6efe149960>,5,16,[2 6],6,6,22,0,6
1,<environment.Job instance at 0x7f6f04e555f0>,6,15,[10  5],7,22,37,15,9
1,<environment.Job instance at 0x7f6f0517f370>,2,17,[4 6],3,3,20,0,3
1,<environment.Job instance at 0x7f6f0517f2d0>,5,12,[4 7],6,20,32,14,9
1,<environment.Job instance at 0x7f6f0517f7d0>,11,18,[5 7],12,32,50,20,24
1,<environment.Job instance at 0x7f6eba70e2d0>,22,13,[3 9],23,50,63,27,34
1,<environment.Job instance at 0x7f6eba70ecd0>,19,3,[9 3],20,63,66,43,45
1,<environment.Job instance at 0x7f6ebab441e0>,10,13,[3 8],11,12,25,1,12
1,<environment.Job instance at 0x7f6ebab44050>,13,14,[3 6],14,25,39,11,17
1,<environment.Job instance at 0x7f6efdfd9140>,20,2,[6 5],21,39,41,18,22
1,<environment.Job instance at 0x7f6ebab44d20>,12,27,[5 5],13,41,68,28,41
1,<environment.Job instance at 0x7f6f055d35f0>,1,24,[1 9],2,4,28,2,4
1,<environment.Job instance at 0x7f6eba795c80>,9,3,[3 6],10,28,31,18,12
1,<environment.Job instance at 0x7f6f04d46870>,10,3,[7 3],11,28,31,17,13
1,<environment.Job instance at 0x7f6eba3d5820>,14,13,[1 9],15,31,44,16,15
1,<environment.Job instance at 0x7f6eba8355a0>,19,17,[ 5 10],20,44,61,24,36
1,<environment.Job instance at 0x7f6ebaa85d20>,24,15,[5 7],25,61,76,36,48
1,<environment.Job instance at 0x7f6efe66eaf0>,6,16,[2 6],7,7,23,0,7
1,<environment.Job instance at 0x7f6efe669230>,12,3,[4 9],13,23,26,10,13
1,<environment.Job instance at 0x7f6efe66ec80>,7,18,[3 6],8,26,44,18,15
1,<environment.Job instance at 0x7f6efe669fa0>,23,1,[7 1],24,26,27,2,24
1,<environment.Job instance at 0x7f6efe68b370>,26,17,[ 1 10],27,44,61,17,38
1,<environment.Job instance at 0x7f6efe68a960>,0,18,[8 1],1,1,19,0,1
1,<environment.Job instance at 0x7f6eba910cd0>,14,24,[4 5],15,19,43,4,17
1,<environment.Job instance at 0x7f6eba910320>,13,17,[5 3],14,19,36,5,19
1,<environment.Job instance at 0x7f6eba910b90>,22,15,[2 5],23,36,51,13,28
1,<environment.Job instance at 0x7f6ebab2f8c0>,29,13,[1 8],30,51,64,21,39
1,<environment.Job instance at 0x7f6f04ba9050>,9,21,[1 9],10,14,35,4,14
1,<environment.Job instance at 0x7f6f05011b40>,18,22,[7 5],19,35,57,16,28
1,<environment.Job instance at 0x7f6efdf7c2d0>,3,16,[5 3],4,4,20,0,4
1,<environment.Job instance at 0x7f6f04af99b0>,4,17,[5 1],5,5,22,0,5
1,<environment.Job instance at 0x7f6f04b017d0>,17,15,[4 6],18,20,35,2,19
1,<environment.Job instance at 0x7f6f04b01870>,18,2,[5 8],19,35,37,16,19
1,<environment.Job instance at 0x7f6f04af9aa0>,8,24,[4 7],9,37,61,28,33
1,<environment.Job instance at 0x7f6f04af31e0>,29,1,[5 1],30,36,37,6,36
1,<environment.Job instance at 0x7f6f04b02910>,1,18,[4 8],2,2,20,0,2
1,<environment.Job instance at 0x7f6efe28ff50>,2,15,[4 8],3,20,35,17,7
1,<environment.Job instance at 0x7f6eba5c9280>,16,18,[10  2],17,35,53,18,25
1,<environment.Job instance at 0x7f6ebaa6c370>,18,17,[9 5],19,53,70,34,41
1,<environment.Job instance at 0x7f6efe55caf0>,28,3,[2 6],29,70,73,41,46
1,<environment.Job instance at 0x7f6efe55c5f0>,33,3,[10  3],34,73,76,39,49
1,<environment.Job instance at 0x7f6efe64e460>,2,16,[ 3 10],3,3,19,0,3
1,<environment.Job instance at 0x7f6f04f9e820>,12,13,[9 4],13,19,32,6,13
1,<environment.Job instance at 0x7f6f04aa8f50>,11,3,[1 9],12,32,35,20,13
1,<environment.Job instance at 0x7f6f04d533c0>,17,2,[9 3],18,35,37,17,19
1,<environment.Job instance at 0x7f6eba886960>,16,13,[5 5],17,37,50,20,21
1,<environment.Job instance at 0x7f6eba96e9b0>,19,1,[5 4],20,37,38,17,21
1,<environment.Job instance at 0x7f6eba885870>,24,17,[9 2],25,50,67,25,43
1,<environment.Job instance at 0x7f6eba9b7320>,1,18,[10  5],2,2,20,0,2
1,<environment.Job instance at 0x7f6eba6385a0>,11,21,[4 9],12,20,41,8,12
1,<environment.Job instance at 0x7f6f04b6ee60>,22,12,[6 1],23,23,35,0,23
1,<environment.Job instance at 0x7f6f04b6e280>,15,23,[8 4],16,41,64,25,35
1,<environment.Job instance at 0x7f6efe4779b0>,3,14,[ 4 10],4,6,20,2,6
1,<environment.Job instance at 0x7f6f054f0b40>,6,16,[1 6],7,20,36,13,8
1,<environment.Job instance at 0x7f6f054f0050>,7,15,[7 4],8,20,35,12,18
1,<environment.Job instance at 0x7f6ebab3ceb0>,18,2,[7 4],19,35,37,16,21
1,<environment.Job instance at 0x7f6f054f09b0>,9,17,[ 1 10],10,37,54,27,25
1,<environment.Job instance at 0x7f813ab034b0>,0,18,[ 2 10],1,1,19,0,1
1,<environment.Job instance at 0x7f81356f69b0>,4,18,[10  4],5,19,37,14,8
1,<environment.Job instance at 0x7f81356f6d20>,11,2,[3 9],12,37,39,25,24
1,<environment.Job instance at 0x7f81356f6c80>,7,14,[5 1],8,37,51,29,24
1,<environment.Job instance at 0x7f81356f9140>,23,18,[5 2],24,39,57,15,30
1,<environment.Job instance at 0x7f81356fd5f0>,32,17,[9 3],33,57,74,24,53
1,<environment.Job instance at 0x7f813ac7c4b0>,0,24,[ 3 10],1,4,28,3,4
1,<environment.Job instance at 0x7f813ab30730>,14,1,[6 2],15,28,29,13,16
1,<environment.Job instance at 0x7f813ab30870>,16,13,[1 5],17,28,41,11,17
1,<environment.Job instance at 0x7f813ab30eb0>,15,3,[6 4],16,29,32,13,17
1,<environment.Job instance at 0x7f813ac80dc0>,10,18,[5 5],11,32,50,21,21
1,<environment.Job instance at 0x7f813ac771e0>,29,13,[7 2],30,50,63,20,50
1,<environment.Job instance at 0x7f813ac77f00>,31,16,[5 8],32,63,79,31,50
1,<environment.Job instance at 0x7f80ef948820>,5,15,[5 3],6,6,21,0,6
1,<environment.Job instance at 0x7f80ef948be0>,9,14,[8 1],10,21,35,11,10
1,<environment.Job instance at 0x7f80ef948230>,12,3,[8 5],13,35,38,22,14
1,<environment.Job instance at 0x7f80ef9f5730>,19,3,[1 7],20,39,42,19,39
1,<environment.Job instance at 0x7f80ef9f5910>,22,2,[4 9],23,42,44,19,39
1,<environment.Job instance at 0x7f80ef9f5fa0>,21,16,[5 4],22,44,60,22,42
1,<environment.Job instance at 0x7f80efbb25f0>,23,16,[6 4],24,60,76,36,49
1,<environment.Job instance at 0x7f80efbb2fa0>,30,13,[2 6],31,56,69,25,56
1,<environment.Job instance at 0x7f80f0022f50>,4,12,[5 7],5,5,17,0,5
1,<environment.Job instance at 0x7f80f0022c30>,6,26,[9 1],7,17,43,10,15
1,<environment.Job instance at 0x7f80efe49e10>,22,14,[9 2],23,43,57,20,28
1,<environment.Job instance at 0x7f80efe46870>,32,17,[10  4],33,58,75,25,58
1,<environment.Job instance at 0x7f80efacd410>,3,18,[1 6],4,5,23,1,5
1,<environment.Job instance at 0x7f80f00a9eb0>,10,18,[8 5],11,23,41,12,12
1,<environment.Job instance at 0x7f813a9f9dc0>,10,14,[2 8],11,11,25,0,11
1,<environment.Job instance at 0x7f813a9f9be0>,13,2,[3 5],14,25,27,11,14
1,<environment.Job instance at 0x7f8135cf1140>,6,15,[7 3],7,29,44,22,29
1,<environment.Job instance at 0x7f8135c5cbe0>,25,2,[2 6],26,42,44,16,42
1,<environment.Job instance at 0x7f813628f460>,29,3,[8 4],30,47,50,17,47
1,<environment.Job instance at 0x7f813628f050>,28,2,[1 7],29,50,52,21,47
1,<environment.Job instance at 0x7f813628f690>,31,16,[2 8],32,52,68,20,47
1,<environment.Job instance at 0x7f81358a9280>,33,13,[2 5],34,68,81,34,53
1,<environment.Job instance at 0x7f81358a9960>,1,25,[10  4],2,2,27,0,2
1,<environment.Job instance at 0x7f81357953c0>,14,2,[4 8],15,27,29,12,15
1,<environment.Job instance at 0x7f8135532eb0>,18,14,[3 6],19,33,47,14,33
1,<environment.Job instance at 0x7f8135e82370>,20,18,[4 8],21,47,65,26,41
1,<environment.Job instance at 0x7f81359637d0>,32,17,[9 1],33,65,82,32,53
1,<environment.Job instance at 0x7f8135d2c0f0>,12,12,[8 5],13,14,26,1,14
1,<environment.Job instance at 0x7f80f001ec30>,15,15,[5 7],16,26,41,10,16
1,<environment.Job instance at 0x7f80f001e3c0>,18,3,[ 2 10],19,41,44,22,25
1,<environment.Job instance at 0x7f80f001c910>,1,24,[4 8],2,2,26,0,2
1,<environment.Job instance at 0x7f80eff2e7d0>,6,14,[8 1],7,26,40,19,13
1,<environment.Job instance at 0x7f81363c9190>,25,2,[9 3],26,40,42,14,29
1,<environment.Job instance at 0x7f81364130a0>,23,15,[6 5],24,42,57,18,30
1,<environment.Job instance at 0x7f80ef940190>,34,13,[1 9],35,57,70,22,47
1,<environment.Job instance at 0x7f813619a550>,0,14,[8 4],1,1,15,0,1
1,<environment.Job instance at 0x7f813564bcd0>,3,18,[6 1],4,15,33,11,4
1,<environment.Job instance at 0x7f813564baf0>,4,12,[4 7],5,15,27,10,5
1,<environment.Job instance at 0x7f813564b870>,9,1,[5 7],10,33,34,23,10
1,<environment.Job instance at 0x7f80efe16c30>,13,12,[ 2 10],14,34,46,20,18
1,<environment.Job instance at 0x7f8135873f50>,27,3,[5 1],28,46,49,18,30
1,<environment.Job instance at 0x7f80eff5d910>,20,18,[5 9],21,46,64,25,36
1,<environment.Job instance at 0x7f8135e148c0>,40,12,[7 2],41,64,76,23,59
1,<environment.Job instance at 0x7f8135ce73c0>,0,18,[8 1],1,4,22,3,4
1,<environment.Job instance at 0x7f80ef7da0f0>,6,18,[9 4],7,22,40,15,14
1,<environment.Job instance at 0x7f813619e190>,18,16,[6 5],19,40,56,21,27
1,<environment.Job instance at 0x7f8135d0ea50>,13,17,[5 3],14,56,73,42,45
1,<environment.Job instance at 0x7f80ef8f40a0>,31,13,[6 5],32,73,86,41,57
1,<environment.Job instance at 0x7f80efa4a050>,4,13,[1 8],5,10,23,5,10
1,<environment.Job instance at 0x7f80efa4aaf0>,3,13,[7 5],4,23,36,19,14
1,<environment.Job instance at 0x7f80efca6820>,12,24,[1 6],13,36,60,23,31
1,<environment.Job instance at 0x7f80efc8a8c0>,32,15,[6 2],33,55,70,22,55
1,<environment.Job instance at 0x7f80effbea50>,9,1,[5 1],10,10,11,0,10
1,<environment.Job instance at 0x7f80effbe0f0>,10,12,[1 7],11,14,26,3,14
1,<environment.Job instance at 0x7f80effbe140>,14,12,[9 1],15,15,27,0,15
1,<environment.Job instance at 0x7f80effbe280>,18,20,[3 8],19,27,47,8,20
1,<environment.Job instance at 0x7f80effbe050>,12,17,[ 2 10],13,47,64,34,37
1,<environment.Job instance at 0x7f8135b8e9b0>,27,1,[2 6],28,64,65,36,46
1,<environment.Job instance at 0x7f8135b8ed20>,28,3,[8 3],29,64,67,35,47
1,<environment.Job instance at 0x7f80ef7d16e0>,8,17,[3 7],9,9,26,0,9
1,<environment.Job instance at 0x7f80ef7d13c0>,10,13,[5 3],11,11,24,0,11
1,<environment.Job instance at 0x7f80ef7d1c30>,11,17,[2 7],12,26,43,14,17
1,<environment.Job instance at 0x7f80efd48230>,19,1,[5 7],20,43,44,23,29
1,<environment.Job instance at 0x7f81356d16e0>,29,18,[9 5],30,44,62,14,33
1,<environment.Job instance at 0x7f81356d1f50>,33,12,[2 6],34,62,74,28,52
1,<environment.Job instance at 0x7f8135e08410>,7,23,[5 3],8,10,33,2,10
1,<environment.Job instance at 0x7f8135e08500>,9,15,[5 7],10,25,40,15,25
1,<environment.Job instance at 0x7f8135e08370>,6,13,[9 3],7,40,53,33,27
1,<environment.Job instance at 0x7f8135e089b0>,17,19,[1 5],18,47,66,29,47
1,<environment.Job instance at 0x7f8135e08140>,8,16,[9 4],9,53,69,44,49
1,<environment.Job instance at 0x7f8135e08a50>,18,14,[1 7],19,69,83,50,56
1,<environment.Job instance at 0x7f813ac73730>,14,3,[2 7],15,17,20,2,17
1,<environment.Job instance at 0x7f80ef9f95a0>,13,16,[8 1],14,18,34,4,18
1,<environment.Job instance at 0x7f813573cdc0>,17,20,[5 7],18,44,64,26,44
1,<environment.Job instance at 0x7f813612f9b0>,28,3,[2 7],29,64,67,35,45
1,<environment.Job instance at 0x7f813612ffa0>,25,16,[10  5],26,67,83,41,55
1,<environment.Job instance at 0x7f8135579730>,8,2,[7 4],9,9,11,0,9
1,<environment.Job instance at 0x7f80efe8f0a0>,3,12,[3 8],4,11,23,7,10
1,<environment.Job instance at 0x7f81357fe280>,10,2,[10  5],11,23,25,12,11
1,<environment.Job instance at 0x7f81359cd640>,11,3,[9 1],12,25,28,13,12
1,<environment.Job instance at 0x7f81363c9690>,0,16,[7 5],1,1,17,0,1
1,<environment.Job instance at 0x7f80ef8e19b0>,5,21,[9 3],6,17,38,11,15
1,<environment.Job instance at 0x7f80efad9c80>,3,15,[3 9],4,5,20,1,5
1,<environment.Job instance at 0x7f80efda4230>,10,15,[5 3],11,20,35,9,12
1,<environment.Job instance at 0x7f813550ba00>,19,15,[3 9],20,35,50,15,22
1,<environment.Job instance at 0x7f8135d74f50>,27,15,[6 2],28,51,66,23,51
1,<environment.Job instance at 0x7f81359093c0>,0,20,[9 3],1,1,21,0,1
1,<environment.Job instance at 0x7f80ef80c960>,19,17,[5 7],20,22,39,2,22
1,<environment.Job instance at 0x7f80eface140>,32,14,[ 2 10],33,55,69,22,55
1,<environment.Job instance at 0x7f80efacea00>,33,16,[3 8],34,69,85,35,56
1,<environment.Job instance at 0x7f0500ec7690>,7,14,[5 1],8,10,24,2,10
1,<environment.Job instance at 0x7f0500ec77d0>,9,17,[ 4 10],10,24,41,14,16
1,<environment.Job instance at 0x7f0500ec7d20>,18,16,[8 5],19,41,57,22,32
1,<environment.Job instance at 0x7f0500ec8d20>,32,17,[9 3],33,57,74,24,51
1,<environment.Job instance at 0x7f0500ec8fa0>,35,16,[8 1],36,74,90,38,62
1,<environment.Job instance at 0x7f0500ecd500>,2,14,[9 1],3,5,19,2,5
1,<environment.Job instance at 0x7f0508440960>,7,15,[4 7],8,19,34,11,8
1,<environment.Job instance at 0x7f0508300050>,19,13,[7 2],20,34,47,14,21
1,<environment.Job instance at 0x7f05083008c0>,16,3,[5 6],17,47,50,30,23
1,<environment.Job instance at 0x7f05083002d0>,20,3,[7 2],21,50,53,29,26
1,<environment.Job instance at 0x7f050844ba50>,30,18,[7 5],31,53,71,22,43
1,<environment.Job instance at 0x7f0508452320>,38,20,[5 7],39,71,91,32,62
1,<environment.Job instance at 0x7f05084521e0>,1,16,[5 4],2,4,20,2,4
1,<environment.Job instance at 0x7f04bd2883c0>,8,12,[3 9],9,20,32,11,14
1,<environment.Job instance at 0x7f04bd18f1e0>,21,3,[1 5],22,32,35,10,24
1,<environment.Job instance at 0x7f04bd18f2d0>,22,1,[10  1],23,35,36,12,24
1,<environment.Job instance at 0x7f04bd288870>,11,16,[1 9],12,36,52,24,24
1,<environment.Job instance at 0x7f04bd2850a0>,29,16,[3 5],30,52,68,22,44
1,<environment.Job instance at 0x7f04bd280780>,37,13,[ 4 10],38,68,81,30,58
1,<environment.Job instance at 0x7f04bd122050>,4,13,[5 9],5,7,20,2,7
1,<environment.Job instance at 0x7f04bd122c30>,7,18,[ 1 10],8,20,38,12,9
1,<environment.Job instance at 0x7f04bd584230>,19,12,[5 4],20,38,50,18,24
1,<environment.Job instance at 0x7f04bd5843c0>,23,12,[3 8],24,50,62,26,41
1,<environment.Job instance at 0x7f04bd584870>,24,14,[8 5],25,62,76,37,47
1,<environment.Job instance at 0x7f04bd86e6e0>,10,13,[7 4],11,14,27,3,14
1,<environment.Job instance at 0x7f04bd86eb40>,16,16,[5 7],17,27,43,10,17
1,<environment.Job instance at 0x7f04bd88b6e0>,25,18,[9 5],26,43,61,17,33
1,<environment.Job instance at 0x7f04bd88bdc0>,35,2,[4 6],36,65,67,29,65
1,<environment.Job instance at 0x7f04bd88beb0>,36,2,[6 5],37,67,69,30,66
1,<environment.Job instance at 0x7f04bd88b550>,23,13,[8 3],24,69,82,45,69
1,<environment.Job instance at 0x7f04bd7abe60>,2,15,[7 3],3,5,20,2,5
1,<environment.Job instance at 0x7f04bd7abf00>,5,16,[2 6],6,6,22,0,6
1,<environment.Job instance at 0x7f04bd564140>,17,13,[ 1 10],18,22,35,4,18
1,<environment.Job instance at 0x7f0503aab960>,19,18,[ 2 10],20,35,53,15,24
1,<environment.Job instance at 0x7f0500fad8c0>,23,24,[3 6],24,53,77,29,48
1,<environment.Job instance at 0x7f04bd4b9e60>,5,16,[10  5],6,10,26,4,10
1,<environment.Job instance at 0x7f04bd4b91e0>,10,17,[9 4],11,26,43,15,15
1,<environment.Job instance at 0x7f04bd7795f0>,20,3,[9 1],21,43,46,22,22
1,<environment.Job instance at 0x7f05039bb0f0>,21,2,[5 6],22,46,48,24,22
1,<environment.Job instance at 0x7f050127ed20>,22,2,[3 5],23,48,50,25,23
1,<environment.Job instance at 0x7f050127e640>,25,24,[3 9],26,50,74,24,45
1,<environment.Job instance at 0x7f05012a24b0>,37,2,[5 2],38,74,76,36,49
1,<environment.Job instance at 0x7f0500f49230>,40,13,[3 8],41,74,87,33,58
1,<environment.Job instance at 0x7f04bd1a44b0>,0,14,[ 4 10],1,1,15,0,1
1,<environment.Job instance at 0x7f04bd1a4370>,3,14,[8 2],4,15,29,11,7
1,<environment.Job instance at 0x7f04bd5adf00>,13,15,[6 5],14,29,44,15,15
1,<environment.Job instance at 0x7f04bd5c54b0>,18,14,[3 8],19,44,58,25,30
1,<environment.Job instance at 0x7f04bd5c5c30>,30,18,[4 6],31,60,78,29,60
1,<environment.Job instance at 0x7f04bd5b2320>,34,15,[5 7],35,78,93,43,65
1,<environment.Job instance at 0x7f04bd1990a0>,0,18,[5 9],1,1,19,0,1
1,<environment.Job instance at 0x7f04bd5b2320>,4,14,[7 5],5,19,33,14,14
1,<environment.Job instance at 0x7f04bd482050>,26,14,[9 2],27,37,51,10,37
1,<environment.Job instance at 0x7f04bd485690>,32,17,[2 5],33,68,85,35,68
1,<environment.Job instance at 0x7f0503a73140>,35,24,[8 3],36,69,93,33,69
1,<environment.Job instance at 0x7f0508050be0>,2,13,[ 5 10],3,3,16,0,3
1,<environment.Job instance at 0x7f0500e69f00>,3,15,[6 1],4,16,31,12,4
1,<environment.Job instance at 0x7f05013f21e0>,17,15,[10  1],18,31,46,13,18
1,<environment.Job instance at 0x7f0500d14af0>,28,3,[3 9],29,46,49,17,29
1,<environment.Job instance at 0x7f04bd23a9b0>,27,3,[10  4],28,49,52,21,29
1,<environment.Job instance at 0x7f04bd840410>,33,13,[7 5],34,52,65,18,39
1,<environment.Job instance at 0x7f050107d730>,38,22,[7 5],39,65,87,26,58
1,<environment.Job instance at 0x7f04bd8371e0>,7,12,[7 2],8,9,21,1,9
1,<environment.Job instance at 0x7f04bd837eb0>,20,20,[4 6],21,22,42,1,22
1,<environment.Job instance at 0x7f04bd51cc80>,0,16,[ 3 10],1,1,17,0,1
1,<environment.Job instance at 0x7f0508209dc0>,3,13,[5 5],4,17,30,13,4
1,<environment.Job instance at 0x7f04bd249a50>,11,2,[7 1],12,30,32,18,12
1,<environment.Job instance at 0x7f04bd8357d0>,8,3,[2 6],9,30,33,21,16
1,<environment.Job instance at 0x7f0501129af0>,17,3,[7 5],18,33,36,15,18
1,<environment.Job instance at 0x7f05011290a0>,15,12,[8 5],16,36,48,20,20
1,<environment.Job instance at 0x7f05010c7e60>,25,1,[7 3],26,32,33,6,28
1,<environment.Job instance at 0x7f05010c7410>,22,17,[6 4],23,48,65,25,38
1,<environment.Job instance at 0x7f0503435af0>,39,18,[9 5],40,65,83,25,64
1,<environment.Job instance at 0x7f0500e67960>,0,26,[4 9],1,3,29,2,3
1,<environment.Job instance at 0x7f05039927d0>,19,18,[6 4],20,66,84,46,66
1,<environment.Job instance at 0x7f0503992dc0>,1,21,[4 9],2,2,23,0,2
1,<environment.Job instance at 0x7f04bd744a50>,5,23,[8 4],6,23,46,17,18
1,<environment.Job instance at 0x7f04bd3c30f0>,20,15,[4 7],21,46,61,25,33
1,<environment.Job instance at 0x7f05011dedc0>,34,17,[8 1],35,61,78,26,54
1,<environment.Job instance at 0x7f04bd0476e0>,36,19,[2 9],37,61,80,24,59
1,<environment.Job instance at 0x7f04bcf90230>,1,14,[9 4],2,2,16,0,2
1,<environment.Job instance at 0x7f050357d280>,12,1,[2 5],13,16,17,3,14
1,<environment.Job instance at 0x7f050357d870>,13,2,[ 4 10],14,17,19,3,15
1,<environment.Job instance at 0x7f04bd538640>,14,18,[10  2],15,19,37,4,15
1,<environment.Job instance at 0x7f0503875cd0>,16,1,[2 6],17,37,38,20,17
1,<environment.Job instance at 0x7f04bd324730>,23,14,[ 5 10],24,38,52,14,35
1,<environment.Job instance at 0x7f05010c8190>,28,15,[5 8],29,52,67,23,45
1,<environment.Job instance at 0x7f04bd6bea00>,2,15,[8 4],3,3,18,0,3
1,<environment.Job instance at 0x7f04bcffa640>,9,13,[6 4],10,18,31,8,10
1,<environment.Job instance at 0x7f04bcffa460>,11,28,[9 4],12,31,59,19,31
1,<environment.Job instance at 0x7f04bcea3eb0>,29,15,[10  2],30,59,74,29,53
1,<environment.Job instance at 0x7f04bcead370>,33,15,[3 9],34,74,89,40,62
1,<environment.Job instance at 0x7f04bd0a1e10>,1,16,[3 9],2,2,18,0,2
1,<environment.Job instance at 0x7f04bd6bf8c0>,3,1,[2 6],4,18,19,14,4
1,<environment.Job instance at 0x7f04bd6bffa0>,8,14,[6 4],9,18,32,9,10
1,<environment.Job instance at 0x7f04bd6a6320>,10,2,[1 6],11,19,21,8,11
1,<environment.Job instance at 0x7f04bd1be820>,19,26,[2 6],20,22,48,2,22
1,<environment.Job instance at 0x7f04bd1be5a0>,23,16,[2 6],24,50,66,26,50
1,<environment.Job instance at 0x7f0501356b40>,26,12,[2 7],27,66,78,39,58
1,<environment.Job instance at 0x7f050358c910>,30,13,[4 6],31,78,91,47,62
1,<environment.Job instance at 0x7f050805eb90>,5,3,[2 8],6,6,9,0,6
1,<environment.Job instance at 0x7f050101ba00>,19,13,[8 2],20,25,38,5,25
1,<environment.Job instance at 0x7f04bd6880a0>,23,3,[ 4 10],24,41,44,17,41
1,<environment.Job instance at 0x7f04bd21b280>,25,27,[4 5],26,44,71,18,42
1,<environment.Job instance at 0x7f0508091050>,30,17,[9 2],31,71,88,40,59
1,<environment.Job instance at 0x7f04bcec2a50>,3,12,[5 4],4,6,18,2,6
1,<environment.Job instance at 0x7f04bd750370>,7,15,[3 6],8,8,23,0,8
1,<environment.Job instance at 0x7f04bd242a50>,8,14,[ 1 10],9,23,37,14,9
1,<environment.Job instance at 0x7f050360d910>,25,14,[7 2],26,37,51,11,31
1,<environment.Job instance at 0x7f0500e1b910>,36,15,[5 6],37,62,77,25,62
1,<environment.Job instance at 0x7f04bd38f7d0>,2,15,[5 1],3,3,18,0,3
1,<environment.Job instance at 0x7f04bd470780>,8,16,[ 5 10],9,18,34,9,10
1,<environment.Job instance at 0x7f04bd4700a0>,14,1,[4 8],15,15,16,0,15
1,<environment.Job instance at 0x7f05035a7410>,22,22,[8 1],23,34,56,11,29
1,<environment.Job instance at 0x7f05035a7910>,28,16,[9 1],29,56,72,27,55
1,<environment.Job instance at 0x7f04bd83fe10>,19,18,[10  2],20,72,90,52,61
1,<environment.Job instance at 0x7f5355396230>,3,18,[ 3 10],4,4,22,0,4
1,<environment.Job instance at 0x7f5355396960>,11,2,[3 9],12,22,24,10,13
1,<environment.Job instance at 0x7f5355396910>,13,13,[1 8],14,24,37,10,14
1,<environment.Job instance at 0x7f53553965a0>,7,14,[5 1],8,22,36,14,14
1,<environment.Job instance at 0x7f5355396f00>,17,3,[10  3],18,37,40,19,21
1,<environment.Job instance at 0x7f53553987d0>,42,14,[8 4],43,78,92,35,78
1,<environment.Job instance at 0x7f535c9200a0>,4,12,[3 5],5,5,17,0,5
1,<environment.Job instance at 0x7f535c920190>,8,12,[3 5],9,11,23,2,11
1,<environment.Job instance at 0x7f535c911a50>,19,2,[10  4],20,23,25,3,20
1,<environment.Job instance at 0x7f535c911050>,18,12,[10  1],19,25,37,6,24
1,<environment.Job instance at 0x7f535c916cd0>,23,17,[5 6],24,37,54,13,33
1,<environment.Job instance at 0x7f535c916820>,29,3,[5 3],30,37,40,7,36
1,<environment.Job instance at 0x7f535c912af0>,32,2,[4 8],33,67,69,34,67
1,<environment.Job instance at 0x7f535c9126e0>,33,3,[1 6],34,70,73,36,70
1,<environment.Job instance at 0x7f535c7cc410>,36,15,[9 2],37,75,90,38,75
1,<environment.Job instance at 0x7f5311673c30>,3,15,[4 8],4,7,22,3,7
1,<environment.Job instance at 0x7f531173c910>,9,16,[3 5],10,22,38,12,11
1,<environment.Job instance at 0x7f5311733320>,22,2,[8 2],23,38,40,15,25
1,<environment.Job instance at 0x7f5311733eb0>,24,12,[5 7],25,40,52,15,25
1,<environment.Job instance at 0x7f5311733dc0>,29,17,[9 2],30,52,69,22,40
1,<environment.Job instance at 0x7f53117682d0>,3,18,[1 6],4,7,25,3,7
1,<environment.Job instance at 0x7f5311a50f00>,8,12,[9 2],9,10,22,1,10
1,<environment.Job instance at 0x7f5311a50050>,9,1,[8 3],10,22,23,12,12
1,<environment.Job instance at 0x7f5311a500f0>,10,18,[8 5],11,25,43,14,14
1,<environment.Job instance at 0x7f5311b22fa0>,0,14,[ 3 10],1,1,15,0,1
1,<environment.Job instance at 0x7f531199d960>,6,15,[6 2],7,15,30,8,11
1,<environment.Job instance at 0x7f531199dd70>,11,16,[2 8],12,15,31,3,12
1,<environment.Job instance at 0x7f53119a9320>,16,2,[3 5],17,31,33,14,24
1,<environment.Job instance at 0x7f53119a99b0>,22,20,[7 3],23,31,51,8,25
1,<environment.Job instance at 0x7f53119b0140>,31,14,[3 6],32,42,56,10,42
1,<environment.Job instance at 0x7f53119b05a0>,34,12,[2 9],35,56,68,21,43
1,<environment.Job instance at 0x7f53119b0820>,38,16,[3 6],39,68,84,29,60
1,<environment.Job instance at 0x7f53119b8370>,47,13,[ 1 10],48,84,97,36,79
1,<environment.Job instance at 0x7f535bc37820>,0,16,[1 9],1,1,17,0,1
1,<environment.Job instance at 0x7f535bc377d0>,2,17,[4 6],3,17,34,14,5
1,<environment.Job instance at 0x7f5311926e10>,18,13,[8 2],19,34,47,15,26
1,<environment.Job instance at 0x7f5355894910>,22,13,[3 9],23,47,60,24,35
1,<environment.Job instance at 0x7f535c1100a0>,26,13,[8 4],27,60,73,33,44
1,<environment.Job instance at 0x7f535515c910>,32,12,[8 5],33,73,85,40,57
1,<environment.Job instance at 0x7f535515c960>,43,17,[1 8],44,85,102,41,79
1,<environment.Job instance at 0x7f53118353c0>,1,24,[4 8],2,6,30,4,6
1,<environment.Job instance at 0x7f535bcd6230>,16,18,[8 2],17,30,48,13,21
1,<environment.Job instance at 0x7f5355753b90>,26,14,[7 5],27,48,62,21,35
1,<environment.Job instance at 0x7f535c31e730>,32,12,[3 8],33,62,74,29,52
1,<environment.Job instance at 0x7f535c31e140>,39,17,[ 5 10],40,74,91,34,70
1,<environment.Job instance at 0x7f5311ae8c80>,0,18,[5 9],1,2,20,1,2
1,<environment.Job instance at 0x7f5311587500>,16,17,[ 1 10],17,20,37,3,18
1,<environment.Job instance at 0x7f53115875f0>,19,28,[1 8],20,37,65,17,36
1,<environment.Job instance at 0x7f531157e550>,35,24,[8 3],36,74,98,38,74
1,<environment.Job instance at 0x7f535be2ecd0>,4,15,[7 3],5,5,20,0,5
1,<environment.Job instance at 0x7f531157ec30>,6,14,[5 4],7,20,34,13,8
1,<environment.Job instance at 0x7f535bbaf0a0>,10,17,[2 6],11,18,35,7,18
1,<environment.Job instance at 0x7f53119ee320>,15,3,[9 2],16,35,38,19,18
1,<environment.Job instance at 0x7f535513a320>,26,14,[1 7],27,35,49,8,27
1,<environment.Job instance at 0x7f535c35ef50>,29,16,[5 3],30,38,54,8,35
1,<environment.Job instance at 0x7f53115b1c80>,30,18,[ 5 10],31,54,72,23,44
1,<environment.Job instance at 0x7f5311a5b9b0>,40,14,[1 8],41,72,86,31,71
1,<environment.Job instance at 0x7f53556dde60>,46,12,[1 5],47,86,98,39,74
1,<environment.Job instance at 0x7f535be400a0>,6,3,[8 3],7,9,12,2,9
1,<environment.Job instance at 0x7f5311c294b0>,11,3,[6 4],12,13,16,1,13
1,<environment.Job instance at 0x7f5355757b90>,13,15,[5 5],14,20,35,6,20
1,<environment.Job instance at 0x7f5311aa34b0>,21,21,[4 7],22,35,56,13,31
1,<environment.Job instance at 0x7f5311d20690>,26,18,[6 3],27,53,71,26,53
1,<environment.Job instance at 0x7f5311b602d0>,30,15,[10  4],31,71,86,40,66
1,<environment.Job instance at 0x7f5311ae1c80>,37,14,[ 4 10],38,86,100,48,77
1,<environment.Job instance at 0x7f5311ae1c80>,2,16,[ 3 10],3,3,19,0,3
1,<environment.Job instance at 0x7f53553fc500>,4,16,[5 5],5,19,35,14,6
1,<environment.Job instance at 0x7f53553fc960>,8,18,[1 5],9,19,37,10,10
1,<environment.Job instance at 0x7f53553cb9b0>,24,17,[9 2],25,35,52,10,30
1,<environment.Job instance at 0x7f53553e3230>,33,18,[7 1],34,55,73,21,55
1,<environment.Job instance at 0x7f53553d69b0>,0,16,[ 2 10],1,1,17,0,1
1,<environment.Job instance at 0x7f53553eed20>,2,15,[5 9],3,17,32,14,3
1,<environment.Job instance at 0x7f5311d2bc80>,21,18,[10  5],22,32,50,10,22
1,<environment.Job instance at 0x7f53550fef50>,9,12,[9 4],10,50,62,40,41
1,<environment.Job instance at 0x7f5340d78eb0>,37,20,[5 7],38,62,82,24,54
1,<environment.Job instance at 0x7f5311c57fa0>,49,18,[2 7],50,82,100,32,74
1,<environment.Job instance at 0x7f53554f1640>,5,15,[3 5],6,7,22,1,7
1,<environment.Job instance at 0x7f53554f1370>,8,2,[7 4],9,9,11,0,9
1,<environment.Job instance at 0x7f535bf44320>,9,2,[5 1],10,11,13,1,11
1,<environment.Job instance at 0x7f535bf44640>,15,12,[2 8],16,22,34,6,17
1,<environment.Job instance at 0x7f5311b33320>,21,14,[9 4],22,45,59,23,45
1,<environment.Job instance at 0x7f5311b33be0>,1,13,[7 4],2,2,15,0,2
1,<environment.Job instance at 0x7f53557ca9b0>,6,17,[2 6],7,8,25,1,8
1,<environment.Job instance at 0x7f53557cab90>,8,18,[5 3],9,15,33,6,11
1,<environment.Job instance at 0x7f53557fa0a0>,15,1,[5 9],16,33,34,17,16
1,<environment.Job instance at 0x7f53557faf50>,12,15,[8 4],13,34,49,21,22
1,<environment.Job instance at 0x7f53558000f0>,20,3,[8 3],21,49,52,28,24
1,<environment.Job instance at 0x7f535553bf50>,25,15,[3 9],26,52,67,26,39
1,<environment.Job instance at 0x7f535bcb9960>,29,18,[7 5],30,67,85,37,62
1,<environment.Job instance at 0x7f535bcc3af0>,31,14,[5 8],32,85,99,53,70
1,<environment.Job instance at 0x7f53556cfaa0>,1,16,[3 9],2,2,18,0,2
1,<environment.Job instance at 0x7f5311c68f00>,4,13,[2 7],5,18,31,13,5
1,<environment.Job instance at 0x7f5355204140>,15,16,[7 3],16,18,34,2,16
1,<environment.Job instance at 0x7f535c1a7c80>,14,3,[10  5],15,34,37,19,16
1,<environment.Job instance at 0x7f5311bd0780>,23,16,[2 6],24,37,53,13,33
1,<environment.Job instance at 0x7f5311bb8aa0>,24,2,[6 1],25,37,39,12,33
1,<environment.Job instance at 0x7f5311b334b0>,26,12,[2 7],27,53,65,26,42
1,<environment.Job instance at 0x7f5311b33690>,30,13,[4 6],31,65,78,34,57
1,<environment.Job instance at 0x7f5355104f50>,34,13,[2 8],35,78,91,43,62
1,<environment.Job instance at 0x7f5311453230>,3,13,[8 4],4,4,17,0,4
1,<environment.Job instance at 0x7f5311453c30>,5,16,[7 3],6,17,33,11,6
1,<environment.Job instance at 0x7f531137caa0>,22,14,[7 3],23,33,47,10,23
1,<environment.Job instance at 0x7f531137c320>,26,25,[7 3],27,47,72,20,43
1,<environment.Job instance at 0x7f531189a640>,37,21,[9 4],38,72,93,34,64
1,<environment.Job instance at 0x7f535bd33af0>,2,23,[3 7],3,3,26,0,3
1,<environment.Job instance at 0x7f5311c478c0>,5,14,[7 2],6,6,20,0,6
1,<environment.Job instance at 0x7f5311c47f00>,10,16,[1 7],11,26,42,15,13
1,<environment.Job instance at 0x7f5311c5b960>,21,16,[5 5],22,42,58,20,29
1,<environment.Job instance at 0x7f5311633550>,31,15,[5 2],32,41,56,9,41
1,<environment.Job instance at 0x7f53115d7be0>,43,18,[4 5],44,56,74,12,54
1,<environment.Job instance at 0x7f53115d75f0>,45,15,[1 5],46,58,73,12,54
1,<environment.Job instance at 0x7f535529dc80>,51,16,[4 6],52,74,90,22,74
1,<environment.Job instance at 0x7f5311c67b40>,7,18,[1 9],8,9,27,1,9
1,<environment.Job instance at 0x7f535c111b90>,5,14,[1 7],6,27,41,21,15
1,<environment.Job instance at 0x7f53114d18c0>,19,1,[7 1],20,31,32,11,31
1,<environment.Job instance at 0x7f53114d1af0>,20,3,[5 1],21,32,35,11,31
1,<environment.Job instance at 0x7f53114a9e10>,22,18,[9 1],23,37,55,14,37
1,<environment.Job instance at 0x7f53555189b0>,26,13,[1 6],27,41,54,14,41
1,<environment.Job instance at 0x7f5311870c80>,32,18,[1 9],33,54,72,21,49
1,<environment.Job instance at 0x7f5311870190>,34,18,[7 1],35,55,73,20,50
1,<environment.Job instance at 0x7f535567b730>,12,18,[10  5],13,73,91,60,63
1,<environment.Job instance at 0x7f5311bc0b40>,0,20,[ 4 10],1,1,21,0,1
1,<environment.Job instance at 0x7f535bd821e0>,9,3,[5 4],10,21,24,11,12
1,<environment.Job instance at 0x7f535bd82280>,12,2,[1 9],13,24,26,11,14
1,<environment.Job instance at 0x7f535bd82730>,10,2,[3 5],11,21,23,10,15
1,<environment.Job instance at 0x7f531147a4b0>,19,15,[6 4],20,26,41,6,20
1,<environment.Job instance at 0x7f531147ad20>,20,2,[7 5],21,41,43,20,22
1,<environment.Job instance at 0x7f531147a0a0>,23,1,[9 4],24,43,44,19,27
1,<environment.Job instance at 0x7f535c373aa0>,31,1,[3 6],32,44,45,12,41
1,<environment.Job instance at 0x7f535bd82fa0>,7,24,[4 8],8,46,70,38,46
1,<environment.Job instance at 0x7f535c373eb0>,34,14,[ 5 10],35,70,84,35,65
1,<environment.Job instance at 0x7f53115b28c0>,42,2,[3 5],43,84,86,41,79
1,<environment.Job instance at 0x7f535583e5f0>,2,16,[2 8],3,4,20,1,4
1,<environment.Job instance at 0x7f53551cae10>,9,17,[ 1 10],10,20,37,10,10
1,<environment.Job instance at 0x7f535513eb40>,16,15,[3 9],17,37,52,20,26
1,<environment.Job instance at 0x7fa71bd06140>,0,18,[ 2 10],1,1,19,0,1
1,<environment.Job instance at 0x7fa7148f6640>,9,17,[ 4 10],10,19,36,9,10
1,<environment.Job instance at 0x7fa7148f6d20>,18,16,[8 5],19,36,52,17,28
1,<environment.Job instance at 0x7fa7148f75a0>,26,22,[2 9],27,52,74,25,45
1,<environment.Job instance at 0x7fa7148fb230>,35,16,[8 1],36,57,73,21,57
1,<environment.Job instance at 0x7fa7148fb4b0>,39,18,[5 8],40,74,92,34,69
1,<environment.Job instance at 0x7fa71be81280>,14,17,[5 4],15,15,32,0,15
1,<environment.Job instance at 0x7fa71be7c190>,20,20,[5 7],21,32,52,11,28
1,<environment.Job instance at 0x7fa71be732d0>,26,15,[9 2],27,52,67,25,38
1,<environment.Job instance at 0x7fa71be736e0>,29,16,[1 8],30,52,68,22,42
1,<environment.Job instance at 0x7fa71bd2d870>,38,16,[7 1],39,79,95,40,79
1,<environment.Job instance at 0x7fa71bd2d190>,39,14,[8 1],40,95,109,55,80
1,<environment.Job instance at 0x7fa6d0bf3190>,4,12,[5 7],5,5,17,0,5
1,<environment.Job instance at 0x7fa6d0bef050>,11,3,[8 2],12,17,20,5,12
1,<environment.Job instance at 0x7fa6d0bef5a0>,12,14,[8 4],13,20,34,7,16
1,<environment.Job instance at 0x7fa6d0bf3410>,9,17,[9 2],10,34,51,24,24
1,<environment.Job instance at 0x7fa6d0be4320>,28,22,[9 2],29,51,73,22,50
1,<environment.Job instance at 0x7fa6d0be4640>,34,13,[5 9],35,73,86,38,73
1,<environment.Job instance at 0x7fa6d0be4550>,39,1,[9 2],40,87,88,47,87
1,<environment.Job instance at 0x7fa6d0c390f0>,40,2,[4 5],41,88,90,47,87
1,<environment.Job instance at 0x7fa6d0c392d0>,42,1,[3 8],43,90,91,47,87
1,<environment.Job instance at 0x7fa716e6be10>,4,1,[3 7],5,5,6,0,5
1,<environment.Job instance at 0x7fa716e6b550>,6,14,[5 4],7,20,34,13,20
1,<environment.Job instance at 0x7fa7149c1b90>,19,14,[5 7],20,34,48,14,21
1,<environment.Job instance at 0x7fa714a65870>,29,15,[7 4],30,48,63,18,36
1,<environment.Job instance at 0x7fa6d0db2eb0>,35,18,[9 5],36,63,81,27,59
1,<environment.Job instance at 0x7fa6d0b8d960>,1,25,[10  4],2,4,29,2,4
1,<environment.Job instance at 0x7fa6d12954b0>,17,27,[9 5],18,29,56,11,28
1,<environment.Job instance at 0x7fa7173c8910>,26,21,[6 1],27,56,77,29,48
1,<environment.Job instance at 0x7fa714d53f00>,15,20,[3 8],16,65,85,49,65
1,<environment.Job instance at 0x7fa6d12a8960>,33,18,[8 1],34,85,103,51,76
1,<environment.Job instance at 0x7fa6d129e550>,40,16,[1 9],41,85,101,44,82
1,<environment.Job instance at 0x7fa716fdb8c0>,10,13,[3 8],11,12,25,1,12
1,<environment.Job instance at 0x7fa716fdb320>,14,25,[1 7],15,25,50,10,24
1,<environment.Job instance at 0x7fa716fdbbe0>,23,18,[4 8],24,50,68,26,39
1,<environment.Job instance at 0x7fa6d0b6a320>,34,2,[4 8],35,68,70,33,62
1,<environment.Job instance at 0x7fa6d0b6a140>,33,3,[9 4],34,70,73,36,62
1,<environment.Job instance at 0x7fa6d0b6abe0>,36,14,[8 1],37,73,87,36,64
1,<environment.Job instance at 0x7fa6d0b6a190>,35,19,[7 5],36,88,107,52,88
1,<environment.Job instance at 0x7fa71723f820>,0,14,[8 4],1,1,15,0,1
1,<environment.Job instance at 0x7fa716eba6e0>,6,14,[10  4],7,15,29,8,7
1,<environment.Job instance at 0x7fa6d0fa1780>,13,12,[ 2 10],14,29,41,15,15
1,<environment.Job instance at 0x7fa716e7d780>,23,18,[ 1 10],24,41,59,17,30
1,<environment.Job instance at 0x7fa714b52f50>,39,28,[1 8],40,68,96,28,68
1,<environment.Job instance at 0x7fa6d0efaf50>,46,14,[9 2],47,82,96,35,82
1,<environment.Job instance at 0x7fa6d0e34be0>,49,3,[4 9],50,96,99,46,87
1,<environment.Job instance at 0x7fa7173f2500>,50,13,[10  4],51,99,112,48,88
1,<environment.Job instance at 0x7fa7173f2500>,2,13,[ 5 10],3,4,17,1,4
1,<environment.Job instance at 0x7fa6d0eea4b0>,8,17,[7 2],9,17,34,8,9
1,<environment.Job instance at 0x7fa6d0eeacd0>,15,12,[10  3],16,34,46,18,18
1,<environment.Job instance at 0x7fa6d0edbeb0>,29,21,[1 9],30,46,67,16,43
1,<environment.Job instance at 0x7fa6d0ebf2d0>,36,14,[1 7],37,67,81,30,54
1,<environment.Job instance at 0x7fa6d0ebf690>,42,24,[1 6],43,81,105,38,76
1,<environment.Job instance at 0x7fa7147fcaa0>,0,20,[4 6],1,1,21,0,1
1,<environment.Job instance at 0x7fa7170f4c80>,21,21,[4 7],22,31,52,9,31
1,<environment.Job instance at 0x7fa714d8e1e0>,29,19,[5 5],30,52,71,22,48
1,<environment.Job instance at 0x7fa6d0ec8230>,32,15,[4 8],33,71,86,38,57
1,<environment.Job instance at 0x7fa716ee7a00>,37,14,[ 4 10],38,86,100,48,76
1,<environment.Job instance at 0x7fa7174255a0>,0,19,[4 5],1,1,20,0,1
1,<environment.Job instance at 0x7fa6d0b8fbe0>,8,16,[8 3],9,20,36,11,10
1,<environment.Job instance at 0x7fa714871140>,16,2,[5 9],17,36,38,19,22
1,<environment.Job instance at 0x7fa714d53140>,19,14,[5 1],20,36,50,16,29
1,<environment.Job instance at 0x7fa7147b6a00>,22,18,[4 7],23,38,56,15,29
1,<environment.Job instance at 0x7fa714d94730>,30,26,[4 9],31,64,90,33,64
1,<environment.Job instance at 0x7fa71739f5f0>,37,23,[5 3],38,90,113,52,89
1,<environment.Job instance at 0x7fa6d1116cd0>,5,18,[9 2],6,8,26,2,8
1,<environment.Job instance at 0x7fa6d112c280>,11,21,[4 9],12,26,47,14,18
1,<environment.Job instance at 0x7fa6d112ca50>,19,18,[6 1],20,26,44,6,20
1,<environment.Job instance at 0x7fa6d1115140>,44,17,[8 1],45,76,93,31,76
1,<environment.Job instance at 0x7fa714b038c0>,0,22,[2 5],1,1,23,0,1
1,<environment.Job instance at 0x7fa714a86190>,7,15,[5 8],8,23,38,15,9
1,<environment.Job instance at 0x7fa714b33f50>,15,3,[9 2],16,38,41,22,18
1,<environment.Job instance at 0x7fa714a86910>,9,17,[2 6],10,41,58,31,29
1,<environment.Job instance at 0x7fa7148f7780>,29,15,[6 2],30,41,56,11,41
1,<environment.Job instance at 0x7fa6d10cbd70>,25,15,[8 1],26,56,71,30,43
1,<environment.Job instance at 0x7fa7148f6500>,37,25,[9 4],38,72,97,34,72
1,<environment.Job instance at 0x7fa714a08cd0>,5,3,[10  4],6,7,10,1,7
1,<environment.Job instance at 0x7fa71bd2a050>,3,15,[3 9],4,10,25,6,7
1,<environment.Job instance at 0x7fa717195550>,16,21,[5 5],17,25,46,8,24
1,<environment.Job instance at 0x7fa716e4c640>,27,15,[6 2],28,46,61,18,41
1,<environment.Job instance at 0x7fa716e4ce10>,35,24,[8 3],36,69,93,33,69
1,<environment.Job instance at 0x7fa7146d45f0>,2,14,[ 2 10],3,3,17,0,3
1,<environment.Job instance at 0x7fa6d11d2cd0>,15,14,[4 8],16,28,42,12,28
1,<environment.Job instance at 0x7fa6d12794b0>,18,3,[3 8],19,42,45,23,29
1,<environment.Job instance at 0x7fa6d11d2410>,17,12,[1 6],18,45,57,27,29
1,<environment.Job instance at 0x7fa6d1252460>,28,18,[5 9],29,75,93,46,75
1,<environment.Job instance at 0x7fa6d124b320>,33,13,[8 4],34,93,106,59,78
1,<environment.Job instance at 0x7fa6d11d37d0>,3,12,[5 4],4,4,16,0,4
1,<environment.Job instance at 0x7fa6d0c3a410>,5,13,[9 1],6,16,29,10,8
1,<environment.Job instance at 0x7fa6d0fe81e0>,22,23,[3 7],23,29,52,6,28
1,<environment.Job instance at 0x7fa6d10c7f00>,27,16,[5 4],28,52,68,24,39
1,<environment.Job instance at 0x7fa6d0cd8550>,31,12,[2 6],32,52,64,20,48
1,<environment.Job instance at 0x7fa71735f140>,33,1,[5 4],34,64,65,30,51
1,<environment.Job instance at 0x7fa71735f5f0>,39,12,[3 9],40,68,80,28,66
1,<environment.Job instance at 0x7fa71735f640>,40,15,[1 8],41,80,95,39,67
1,<environment.Job instance at 0x7fa71735f6e0>,45,1,[6 1],46,79,80,33,79
1,<environment.Job instance at 0x7fa716fa8e10>,48,1,[1 9],49,95,96,46,87
1,<environment.Job instance at 0x7fa6d0b94af0>,50,2,[5 2],51,88,90,37,88
1,<environment.Job instance at 0x7fa6d0a09050>,2,22,[8 1],3,4,26,1,4
1,<environment.Job instance at 0x7fa6d0a09e10>,9,2,[10  2],10,26,28,16,13
1,<environment.Job instance at 0x7fa6d0a097d0>,8,16,[9 1],9,28,44,19,15
1,<environment.Job instance at 0x7fa6d08de190>,19,14,[2 8],20,44,58,24,29
1,<environment.Job instance at 0x7fa6d08dea50>,27,15,[ 4 10],28,68,83,40,68
1,<environment.Job instance at 0x7fa6d08de5f0>,29,1,[7 1],30,83,84,53,71
1,<environment.Job instance at 0x7fa6d08defa0>,32,18,[9 1],33,84,102,51,73
1,<environment.Job instance at 0x7fa6d08df410>,36,13,[1 6],37,83,96,46,76
1,<environment.Job instance at 0x7fa6d08dfa50>,40,12,[4 6],41,102,114,61,85
1,<environment.Job instance at 0x7fa717243fa0>,0,20,[ 4 10],1,1,21,0,1
1,<environment.Job instance at 0x7fa71468ec30>,9,3,[5 4],10,21,24,11,10
1,<environment.Job instance at 0x7fa714696820>,12,2,[1 9],13,24,26,11,13
1,<environment.Job instance at 0x7fa71468ebe0>,10,2,[3 5],11,21,23,10,13
1,<environment.Job instance at 0x7fa714696f50>,15,2,[9 5],16,26,28,10,16
1,<environment.Job instance at 0x7fa71468e9b0>,11,12,[3 5],12,28,40,16,16
1,<environment.Job instance at 0x7fa714678370>,22,23,[6 2],23,28,51,5,28
1,<environment.Job instance at 0x7fa71468eb90>,7,24,[4 8],8,40,64,32,37
1,<environment.Job instance at 0x7fa716f31500>,42,2,[3 5],43,72,74,29,72
1,<environment.Job instance at 0x7fa716f0ec80>,46,17,[4 6],47,74,91,27,73
1,<environment.Job instance at 0x7fa716f0e870>,47,2,[6 5],48,91,93,43,74
1,<environment.Job instance at 0x7fa716fa8a50>,0,15,[8 4],1,2,17,1,2
1,<environment.Job instance at 0x7fa71486c460>,17,12,[6 5],18,18,30,0,18
1,<environment.Job instance at 0x7fa71487f3c0>,18,3,[1 7],19,30,33,11,20
1,<environment.Job instance at 0x7fa6d1212230>,21,12,[5 3],22,30,42,8,28
1,<environment.Job instance at 0x7fa717290af0>,25,25,[4 5],26,33,58,7,29
1,<environment.Job instance at 0x7fa716f8d780>,31,15,[3 7],32,58,73,26,53
1,<environment.Job instance at 0x7fa716f8d9b0>,33,14,[6 2],34,55,69,21,55
1,<environment.Job instance at 0x7fa714676cd0>,38,12,[6 4],39,73,85,34,56
1,<environment.Job instance at 0x7fa6d0d84af0>,43,15,[ 2 10],44,85,100,41,71
1,<environment.Job instance at 0x7fa6d1213780>,52,1,[2 6],53,100,101,47,89
1,<environment.Job instance at 0x7fa7172e5a00>,55,3,[8 1],56,100,103,44,89
1,<environment.Job instance at 0x7fa71bc36dc0>,8,3,[4 7],9,14,17,5,14
1,<environment.Job instance at 0x7fa71bc36c80>,6,15,[4 6],7,17,32,10,14
1,<environment.Job instance at 0x7fa6d0b16f50>,17,2,[9 2],18,32,34,14,26
1,<environment.Job instance at 0x7fa6d0b16b90>,20,14,[8 2],21,34,48,13,30
1,<environment.Job instance at 0x7fa6d0b161e0>,21,26,[7 2],22,48,74,26,46
1,<environment.Job instance at 0x7fa6d0a3dc30>,31,23,[5 9],32,74,97,42,69
1,<environment.Job instance at 0x7fa6d0e87050>,45,14,[7 5],46,97,111,51,82
1,<environment.Job instance at 0x7fa714d772d0>,6,25,[8 1],7,7,32,0,7
1,<environment.Job instance at 0x7fa6d0f5ccd0>,19,17,[5 2],20,32,49,12,28
1,<environment.Job instance at 0x7fa6d0cf3be0>,23,15,[2 7],24,30,45,6,30
1,<environment.Job instance at 0x7fa6d0cf3af0>,26,17,[8 4],27,49,66,22,39
1,<environment.Job instance at 0x7fa6d0cf3aa0>,29,3,[5 3],30,45,48,15,39
1,<environment.Job instance at 0x7fa6d08e3820>,32,12,[7 3],33,66,78,33,50
1,<environment.Job instance at 0x7fa6d128cd70>,40,16,[ 2 10],41,78,94,37,78
1,<environment.Job instance at 0x7fd2afad0140>,0,18,[ 2 10],1,1,19,0,1
1,<environment.Job instance at 0x7fd2a86c0280>,3,18,[ 3 10],4,19,37,15,8
1,<environment.Job instance at 0x7fd2a86c0eb0>,18,16,[8 5],19,37,53,18,31
1,<environment.Job instance at 0x7fd2a86c0960>,20,1,[3 7],21,53,54,32,36
1,<environment.Job instance at 0x7fd2a86c04b0>,5,13,[5 9],6,54,67,48,43
1,<environment.Job instance at 0x7fd2a86c70f0>,39,18,[5 8],40,71,89,31,71
1,<environment.Job instance at 0x7fd2afc46780>,13,3,[1 6],14,24,27,10,24
1,<environment.Job instance at 0x7fd2afc46a50>,14,12,[6 1],15,25,37,10,25
1,<environment.Job instance at 0x7fd2afc46f50>,15,14,[9 1],16,37,51,21,29
1,<environment.Job instance at 0x7fd2afc463c0>,19,16,[1 8],20,35,51,15,35
1,<environment.Job instance at 0x7fd2afc416e0>,25,15,[5 3],26,63,78,37,63
1,<environment.Job instance at 0x7fd2afc414b0>,28,16,[7 1],29,78,94,49,65
1,<environment.Job instance at 0x7fd2afaf7fa0>,36,18,[1 6],37,84,102,47,84
1,<environment.Job instance at 0x7fd2afaf7d20>,40,17,[3 8],41,102,119,61,96
1,<environment.Job instance at 0x7fd264a95c80>,2,14,[9 2],3,3,17,0,3
1,<environment.Job instance at 0x7fd264a952d0>,5,17,[5 9],6,17,34,11,6
1,<environment.Job instance at 0x7fd264ab7820>,16,16,[7 2],17,34,50,17,22
1,<environment.Job instance at 0x7fd264ab7dc0>,23,15,[5 6],24,50,65,26,36
1,<environment.Job instance at 0x7fd264ab7230>,30,15,[7 4],31,65,80,34,63
1,<environment.Job instance at 0x7fd264a49af0>,34,14,[8 5],35,80,94,45,80
1,<environment.Job instance at 0x7fd264a49960>,38,18,[3 8],39,94,112,55,85
1,<environment.Job instance at 0x7fd264a9c6e0>,11,15,[10  3],12,12,27,0,12
1,<environment.Job instance at 0x7fd264e1f050>,19,17,[4 8],20,27,44,7,20
1,<environment.Job instance at 0x7fd264d800a0>,29,3,[8 4],30,60,63,30,60
1,<environment.Job instance at 0x7fd264d806e0>,30,13,[ 4 10],31,64,77,33,64
1,<environment.Job instance at 0x7fd2649723c0>,38,14,[10  4],39,87,101,48,87
1,<environment.Job instance at 0x7fd2649727d0>,42,20,[7 3],43,101,121,58,95
1,<environment.Job instance at 0x7fd264a61780>,2,17,[4 6],3,4,21,1,4
1,<environment.Job instance at 0x7fd264dad550>,5,12,[4 7],6,21,33,15,6
1,<environment.Job instance at 0x7fd264dad5f0>,7,13,[4 6],8,33,46,25,17
1,<environment.Job instance at 0x7fd264dad7d0>,10,2,[9 4],11,46,48,35,27
1,<environment.Job instance at 0x7fd264dadb40>,17,14,[10  3],18,48,62,30,33
1,<environment.Job instance at 0x7fd264dbc640>,26,13,[8 4],27,62,75,35,47
1,<environment.Job instance at 0x7fd264dc7780>,45,24,[3 9],46,98,122,52,98
1,<environment.Job instance at 0x7fd2a859e140>,4,1,[2 5],5,7,8,2,7
1,<environment.Job instance at 0x7fd264dc7910>,1,24,[1 9],2,8,32,6,8
1,<environment.Job instance at 0x7fd264dd4aa0>,11,17,[5 7],12,32,49,20,20
1,<environment.Job instance at 0x7fd264dd4dc0>,23,1,[8 5],24,49,50,25,45
1,<environment.Job instance at 0x7fd2a859eeb0>,6,14,[7 5],7,50,64,43,46
1,<environment.Job instance at 0x7fd264dd4d70>,24,15,[5 7],25,64,79,39,51
1,<environment.Job instance at 0x7fd264dd4cd0>,21,15,[3 5],22,79,94,57,72
1,<environment.Job instance at 0x7fd2ab249f00>,31,14,[5 4],32,79,93,47,73
1,<environment.Job instance at 0x7fd264f8eb90>,0,18,[8 1],1,3,21,2,3
1,<environment.Job instance at 0x7fd264f99c80>,8,17,[2 6],9,14,31,5,14
1,<environment.Job instance at 0x7fd2a89dd8c0>,16,13,[3 9],17,31,44,14,17
1,<environment.Job instance at 0x7fd2aad03c30>,19,3,[5 9],20,44,47,24,24
1,<environment.Job instance at 0x7fd264ed6960>,21,2,[3 5],22,47,49,25,25
1,<environment.Job instance at 0x7fd264ed62d0>,20,2,[6 4],21,25,27,4,25
1,<environment.Job instance at 0x7fd2a87bbe10>,25,2,[2 9],26,49,51,23,31
1,<environment.Job instance at 0x7fd2a85e7500>,23,14,[4 8],24,51,65,27,38
1,<environment.Job instance at 0x7fd2a87bb320>,27,1,[3 6],28,65,66,37,38
1,<environment.Job instance at 0x7fd2a848b0a0>,32,13,[ 5 10],33,66,79,33,52
1,<environment.Job instance at 0x7fd2a848bd70>,39,16,[10  2],40,79,95,39,68
1,<environment.Job instance at 0x7fd2aaf5f1e0>,53,1,[4 9],54,95,96,41,94
1,<environment.Job instance at 0x7fd2a8736c80>,14,24,[4 5],15,96,120,81,94
1,<environment.Job instance at 0x7fd2aac8c500>,55,3,[9 2],56,120,123,64,94
1,<environment.Job instance at 0x7fd2a86a3af0>,4,17,[5 1],5,6,23,1,6
1,<environment.Job instance at 0x7fd2a86a3dc0>,7,12,[7 2],8,23,35,15,8
1,<environment.Job instance at 0x7fd2a867b780>,17,15,[4 6],18,35,50,17,31
1,<environment.Job instance at 0x7fd2a867b9b0>,21,2,[8 4],22,50,52,28,31
1,<environment.Job instance at 0x7fd2a867be10>,24,16,[4 5],25,52,68,27,40
1,<environment.Job instance at 0x7fd2a867be60>,26,3,[8 3],27,68,71,41,51
1,<environment.Job instance at 0x7fd2a868f0f0>,30,12,[1 7],31,68,80,37,52
1,<environment.Job instance at 0x7fd2a868f7d0>,35,2,[6 3],36,58,60,22,58
1,<environment.Job instance at 0x7fd2a868f460>,37,3,[8 1],38,71,74,33,59
1,<environment.Job instance at 0x7fd2a868f690>,33,15,[5 5],34,80,95,46,66
1,<environment.Job instance at 0x7fd2a868fd20>,45,2,[4 7],46,95,97,49,94
1,<environment.Job instance at 0x7fd2a868fdc0>,46,18,[6 3],47,95,113,48,94
1,<environment.Job instance at 0x7fd2a868ff00>,47,1,[2 6],48,97,98,49,94
1,<environment.Job instance at 0x7fd2649beeb0>,0,14,[ 2 10],1,1,15,0,1
1,<environment.Job instance at 0x7fd2649beb90>,2,16,[ 3 10],3,15,31,12,3
1,<environment.Job instance at 0x7fd2ab214870>,16,13,[5 5],17,31,44,14,18
1,<environment.Job instance at 0x7fd264f59820>,22,21,[5 7],23,44,65,21,38
1,<environment.Job instance at 0x7fd2649f5140>,32,18,[4 7],33,65,83,32,64
1,<environment.Job instance at 0x7fd264c8af50>,36,18,[8 3],37,83,101,46,79
1,<environment.Job instance at 0x7fd2a8717f00>,1,18,[10  5],2,2,20,0,2
1,<environment.Job instance at 0x7fd2a87eb690>,11,21,[4 9],12,20,41,8,12
1,<environment.Job instance at 0x7fd2a89ca500>,27,16,[1 7],28,44,60,16,44
1,<environment.Job instance at 0x7fd264e13410>,30,15,[4 7],31,60,75,29,48
1,<environment.Job instance at 0x7fd264e135f0>,35,1,[6 4],36,75,76,39,63
1,<environment.Job instance at 0x7fd264e131e0>,36,3,[6 1],37,63,66,26,63
1,<environment.Job instance at 0x7fd264e13780>,37,1,[5 1],38,66,67,28,64
1,<environment.Job instance at 0x7fd264e13aa0>,38,13,[2 5],39,75,88,36,67
1,<environment.Job instance at 0x7fd264e5ecd0>,44,17,[8 1],45,76,93,31,73
1,<environment.Job instance at 0x7fd264e5ea50>,46,19,[2 9],47,88,107,41,78
1,<environment.Job instance at 0x7fd2ab1e3960>,3,14,[ 5 10],4,4,18,0,4
1,<environment.Job instance at 0x7fd264838640>,8,15,[5 8],9,18,33,9,15
1,<environment.Job instance at 0x7fd264838910>,12,12,[10  4],13,33,45,20,18
1,<environment.Job instance at 0x7fd26483f4b0>,22,2,[1 7],23,45,47,22,26
1,<environment.Job instance at 0x7fd26483f690>,25,21,[9 3],26,45,66,19,37
1,<environment.Job instance at 0x7fd26483feb0>,36,18,[8 1],37,66,84,29,65
1,<environment.Job instance at 0x7fd2a845e140>,0,15,[5 5],1,1,16,0,1
1,<environment.Job instance at 0x7fd2a845e1e0>,4,15,[10  2],5,16,31,11,5
1,<environment.Job instance at 0x7fd2a84b50a0>,20,12,[5 6],21,31,43,10,21
1,<environment.Job instance at 0x7fd2a84b5230>,24,13,[2 7],25,43,56,18,35
1,<environment.Job instance at 0x7fd2a84b5190>,28,14,[6 4],29,56,70,27,50
1,<environment.Job instance at 0x7fd2a84b5c30>,31,28,[3 6],32,58,86,26,58
1,<environment.Job instance at 0x7fd2a89baa00>,39,26,[2 6],40,86,112,46,83
1,<environment.Job instance at 0x7fd2ab147f50>,3,13,[8 4],4,5,18,1,5
1,<environment.Job instance at 0x7fd2ab147320>,5,16,[7 3],6,18,34,12,6
1,<environment.Job instance at 0x7fd2a8541870>,23,3,[6 2],24,34,37,10,31
1,<environment.Job instance at 0x7fd2a8541050>,25,3,[9 2],26,37,40,11,33
1,<environment.Job instance at 0x7fd2a85eca00>,20,17,[9 2],21,40,57,19,37
1,<environment.Job instance at 0x7fd2a8ac1c80>,30,26,[6 4],31,57,83,26,54
1,<environment.Job instance at 0x7fd2a8646f50>,37,21,[9 4],38,83,104,45,75
1,<environment.Job instance at 0x7fd2a8514dc0>,49,20,[5 9],50,104,124,54,95
1,<environment.Job instance at 0x7fd2a8514f00>,1,16,[5 5],2,2,18,0,2
1,<environment.Job instance at 0x7fd2aad6d7d0>,2,18,[2 5],3,3,21,0,3
1,<environment.Job instance at 0x7fd2a8b09af0>,4,14,[ 3 10],5,21,35,16,6
1,<environment.Job instance at 0x7fd2aad3db40>,22,2,[5 3],23,36,38,13,36
1,<environment.Job instance at 0x7fd2aad3d960>,23,18,[4 5],24,36,54,12,36
1,<environment.Job instance at 0x7fd264df4c80>,38,16,[ 5 10],39,64,80,25,64
1,<environment.Job instance at 0x7fd2ab3e82d0>,42,14,[3 7],43,80,94,37,65
1,<environment.Job instance at 0x7fd2a85d1370>,49,18,[10  2],50,94,112,44,88
1,<environment.Job instance at 0x7fd2aaf7e690>,6,16,[1 5],7,7,23,0,7
1,<environment.Job instance at 0x7fd2aaf7e9b0>,4,17,[8 5],5,11,28,6,11
1,<environment.Job instance at 0x7fd2ab2c15a0>,9,19,[2 5],10,23,42,13,15
1,<environment.Job instance at 0x7fd2aacc3190>,16,15,[ 3 10],17,42,57,25,28
1,<environment.Job instance at 0x7fd2a84ff5f0>,31,17,[5 8],32,57,74,25,46
1,<environment.Job instance at 0x7fd2a84ff780>,34,16,[8 2],35,74,90,39,64
1,<environment.Job instance at 0x7fd2aafe96e0>,40,20,[ 4 10],41,90,110,49,85
1,<environment.Job instance at 0x7fd264866c30>,0,25,[6 2],1,1,26,0,1
1,<environment.Job instance at 0x7fd264654c30>,5,14,[4 8],6,6,20,0,6
1,<environment.Job instance at 0x7fd264693cd0>,14,2,[7 5],15,26,28,11,15
1,<environment.Job instance at 0x7fd264693140>,19,15,[ 5 10],20,28,43,8,22
1,<environment.Job instance at 0x7fd26476e4b0>,34,19,[ 5 10],35,70,89,35,70
1,<environment.Job instance at 0x7fd2a871acd0>,2,17,[5 7],3,3,20,0,3
1,<environment.Job instance at 0x7fd264fb0be0>,4,12,[7 1],5,20,32,15,6
1,<environment.Job instance at 0x7fd264fb08c0>,7,1,[8 4],8,32,33,24,8
1,<environment.Job instance at 0x7fd264fa6410>,11,17,[9 4],12,33,50,21,21
1,<environment.Job instance at 0x7fd264f925a0>,25,3,[8 5],26,50,53,24,38
1,<environment.Job instance at 0x7fd264f92460>,26,15,[4 6],27,53,68,26,39
1,<environment.Job instance at 0x7fd264e7d640>,32,15,[6 2],33,53,68,20,44
1,<environment.Job instance at 0x7fd2a893b730>,34,2,[10  2],35,68,70,33,55
1,<environment.Job instance at 0x7fd264e6c640>,35,16,[3 5],36,70,86,34,60
1,<environment.Job instance at 0x7fd2a8551460>,42,17,[1 5],43,72,89,29,72
1,<environment.Job instance at 0x7fd2a8553460>,46,12,[5 3],47,86,98,39,84
1,<environment.Job instance at 0x7fd2a8553f50>,49,13,[4 7],50,89,102,39,86
1,<environment.Job instance at 0x7fd2a8553190>,51,23,[5 9],52,102,125,50,96
1,<environment.Job instance at 0x7fd2a8af0eb0>,1,23,[1 8],2,3,26,1,3
1,<environment.Job instance at 0x7fd264f17aa0>,10,3,[ 2 10],11,26,29,15,11
1,<environment.Job instance at 0x7fd2afc43b90>,7,1,[7 5],8,29,30,21,15
1,<environment.Job instance at 0x7fd2a89909b0>,14,2,[1 5],15,29,31,14,15
1,<environment.Job instance at 0x7fd2a88c12d0>,21,3,[4 5],22,30,33,8,24
1,<environment.Job instance at 0x7fd2a88c1780>,22,3,[10  3],23,33,36,10,24
1,<environment.Job instance at 0x7fd2a8990190>,17,18,[ 1 10],18,36,54,18,26
1,<environment.Job instance at 0x7fd264f8b190>,23,16,[9 5],24,54,70,30,41
1,<environment.Job instance at 0x7fd265055c80>,33,15,[2 7],34,70,85,36,61
1,<environment.Job instance at 0x7fd265055550>,40,13,[8 4],41,85,98,44,79
1,<environment.Job instance at 0x7fd264bd7870>,46,18,[7 3],47,98,116,51,90
1,<environment.Job instance at 0x7fd2ab062690>,2,18,[2 5],3,3,21,0,3
1,<environment.Job instance at 0x7fd2af7a5460>,7,15,[6 2],8,8,23,0,8
1,<environment.Job instance at 0x7fd2a86276e0>,14,18,[9 3],15,23,41,8,18
1,<environment.Job instance at 0x7fd2a86275a0>,19,14,[4 7],20,41,55,21,26
1,<environment.Job instance at 0x7fd2647edaa0>,24,14,[5 6],25,55,69,30,40
1,<environment.Job instance at 0x7fd2a86278c0>,11,12,[2 8],12,69,81,57,53
1,<environment.Job instance at 0x7fd264d1b140>,32,2,[5 3],33,55,57,22,55
1,<environment.Job instance at 0x7fd2af6c7c80>,35,2,[5 2],36,58,60,22,58
1,<environment.Job instance at 0x7fd264d1b230>,29,23,[5 7],30,81,104,51,76
1,<environment.Job instance at 0x7fd2a87c2dc0>,49,14,[1 8],50,104,118,54,89
1,<environment.Job instance at 0x7fd264d64730>,0,16,[5 9],1,1,17,0,1
1,<environment.Job instance at 0x7fd264e6d050>,4,17,[4 9],5,17,34,12,5
1,<environment.Job instance at 0x7fd264eade60>,9,12,[10  1],10,34,46,24,26
1,<environment.Job instance at 0x7fd2aadd23c0>,26,18,[4 9],27,46,64,19,46
1,<environment.Job instance at 0x7fd2aadd2730>,29,13,[9 3],30,64,77,34,48
1,<environment.Job instance at 0x7fd2a8acdd70>,36,16,[2 7],37,77,93,40,72
1,<environment.Job instance at 0x7fd2ab1b0500>,44,18,[6 5],45,93,111,48,86
1,<environment.Job instance at 0x7f9585c06230>,3,18,[ 3 10],4,4,22,0,4
1,<environment.Job instance at 0x7f9585c067d0>,9,17,[ 4 10],10,22,39,12,11
1,<environment.Job instance at 0x7f9585c06d20>,18,16,[8 5],19,39,55,20,28
1,<environment.Job instance at 0x7f9585c08b90>,29,13,[1 6],30,55,68,25,52
1,<environment.Job instance at 0x7f9585c08cd0>,31,17,[4 9],32,68,85,36,58
1,<environment.Job instance at 0x7f9585c0c230>,38,12,[3 6],39,85,97,46,69
1,<environment.Job instance at 0x7f958d17dd20>,15,15,[5 3],16,33,48,17,33
1,<environment.Job instance at 0x7f958d03f460>,19,14,[8 1],20,48,62,28,35
1,<environment.Job instance at 0x7f958d03f730>,26,18,[1 6],27,65,83,38,65
1,<environment.Job instance at 0x7f958d191fa0>,31,16,[5 4],32,77,93,45,77
1,<environment.Job instance at 0x7f958d191320>,33,16,[6 4],34,93,109,59,80
1,<environment.Job instance at 0x7f958d191280>,40,13,[2 6],41,94,107,53,94
1,<environment.Job instance at 0x7f954203cb90>,4,28,[9 1],5,7,35,2,7
1,<environment.Job instance at 0x7f9541eba7d0>,14,14,[8 5],15,35,49,20,21
1,<environment.Job instance at 0x7f9541eba4b0>,23,18,[1 6],24,53,71,29,53
1,<environment.Job instance at 0x7f9541ebab40>,24,15,[9 5],25,71,86,46,57
1,<environment.Job instance at 0x7f9541e5ec80>,34,17,[1 9],35,86,103,51,83
1,<environment.Job instance at 0x7f954203aeb0>,0,13,[ 4 10],1,1,14,0,1
1,<environment.Job instance at 0x7f954203a2d0>,3,13,[2 5],4,14,27,10,5
1,<environment.Job instance at 0x7f954200e960>,16,20,[6 2],17,17,37,0,17
1,<environment.Job instance at 0x7f954203a3c0>,9,16,[1 7],10,27,43,17,19
1,<environment.Job instance at 0x7f9541fe5640>,25,16,[2 6],26,43,59,17,34
1,<environment.Job instance at 0x7f9541fd8320>,30,1,[5 1],31,43,44,12,43
1,<environment.Job instance at 0x7f9542389d70>,28,16,[3 6],29,59,75,30,47
1,<environment.Job instance at 0x7f9541fc52d0>,35,12,[2 5],36,75,87,39,63
1,<environment.Job instance at 0x7f9541fc5c30>,38,3,[4 7],39,87,90,48,63
1,<environment.Job instance at 0x7f95422ba0f0>,40,17,[7 1],41,90,107,49,80
1,<environment.Job instance at 0x7f95422ba870>,41,18,[3 8],42,90,108,48,81
1,<environment.Job instance at 0x7f95423dcaa0>,46,15,[4 9],47,108,123,61,105
1,<environment.Job instance at 0x7f95423dc9b0>,49,3,[9 2],50,123,126,73,105
1,<environment.Job instance at 0x7f958a2f36e0>,3,17,[1 8],4,4,21,0,4
1,<environment.Job instance at 0x7f9542301a50>,11,3,[9 3],12,21,24,9,12
1,<environment.Job instance at 0x7f954230c5a0>,16,2,[9 2],17,18,20,1,18
1,<environment.Job instance at 0x7f954230c500>,17,2,[5 2],18,24,26,6,19
1,<environment.Job instance at 0x7f954230c8c0>,18,2,[6 5],19,26,28,7,19
1,<environment.Job instance at 0x7f954230cbe0>,20,13,[3 8],21,28,41,7,22
1,<environment.Job instance at 0x7f954230cd70>,22,27,[5 5],23,41,68,18,41
1,<environment.Job instance at 0x7f954230d1e0>,29,14,[2 6],30,68,82,38,53
1,<environment.Job instance at 0x7f954230d6e0>,35,14,[7 3],36,68,82,32,65
1,<environment.Job instance at 0x7f954230d9b0>,39,1,[ 4 10],40,82,83,42,79
1,<environment.Job instance at 0x7f954230d780>,36,27,[5 8],37,87,114,50,87
1,<environment.Job instance at 0x7f95422f0410>,48,1,[2 5],49,114,115,65,101
1,<environment.Job instance at 0x7f95422f0320>,49,3,[4 8],50,115,118,65,105
1,<environment.Job instance at 0x7f95422f04b0>,50,14,[ 4 10],51,118,132,67,105
1,<environment.Job instance at 0x7f958609b5a0>,6,16,[2 6],7,11,27,4,11
1,<environment.Job instance at 0x7f9585ab7410>,13,18,[ 1 10],14,27,45,13,16
1,<environment.Job instance at 0x7f9585ab7eb0>,14,14,[7 5],15,45,59,30,33
1,<environment.Job instance at 0x7f9586082370>,40,13,[10  4],41,66,79,25,66
1,<environment.Job instance at 0x7f9586082b40>,41,15,[1 9],42,79,94,37,71
1,<environment.Job instance at 0x7f95860820f0>,45,24,[8 3],46,94,118,48,92
1,<environment.Job instance at 0x7f958a1996e0>,2,15,[10  1],3,3,18,0,3
1,<environment.Job instance at 0x7f958a199d20>,3,13,[7 5],4,18,31,14,4
1,<environment.Job instance at 0x7f9585baa2d0>,17,13,[ 4 10],18,31,44,13,25
1,<environment.Job instance at 0x7f9585cc2910>,23,13,[5 1],24,57,70,33,57
1,<environment.Job instance at 0x7f958a6d0f00>,27,2,[8 4],28,70,72,42,57
1,<environment.Job instance at 0x7f958a6d0f50>,32,15,[6 2],33,72,87,39,63
1,<environment.Job instance at 0x7f9585a57f00>,41,12,[1 8],42,85,97,43,85
1,<environment.Job instance at 0x7f9542538b90>,45,15,[ 1 10],46,97,112,51,92
1,<environment.Job instance at 0x7f958a3669b0>,49,12,[4 6],50,112,124,62,109
1,<environment.Job instance at 0x7f958a1e49b0>,0,16,[ 3 10],1,1,17,0,1
1,<environment.Job instance at 0x7f958a1e4140>,3,13,[5 5],4,17,30,13,6
1,<environment.Job instance at 0x7f95421df2d0>,6,1,[5 1],7,17,18,10,7
1,<environment.Job instance at 0x7f95421dfc80>,17,3,[7 5],18,30,33,12,18
1,<environment.Job instance at 0x7f95421dfd20>,16,14,[6 4],17,33,47,16,19
1,<environment.Job instance at 0x7f95421f7a50>,29,1,[5 7],30,47,48,17,36
1,<environment.Job instance at 0x7f95421f7e10>,31,3,[3 9],32,48,51,16,37
1,<environment.Job instance at 0x7f95421f7dc0>,35,17,[ 3 10],36,63,80,27,63
1,<environment.Job instance at 0x7f95421ee410>,36,13,[3 9],37,80,93,43,65
1,<environment.Job instance at 0x7f95421eefa0>,52,21,[5 7],53,106,127,53,106
1,<environment.Job instance at 0x7f958a3f5f50>,2,15,[5 9],3,3,18,0,3
1,<environment.Job instance at 0x7f9585ab3f00>,4,14,[6 4],5,18,32,13,5
1,<environment.Job instance at 0x7f9542195780>,27,20,[1 8],28,32,52,4,28
1,<environment.Job instance at 0x7f9541ebfb90>,34,3,[2 7],35,52,55,17,44
1,<environment.Job instance at 0x7f9585c00e10>,18,16,[7 2],19,45,61,26,45
1,<environment.Job instance at 0x7f9585bb8d20>,33,16,[8 1],34,61,77,27,51
1,<environment.Job instance at 0x7f9542422cd0>,45,16,[10  5],46,77,93,31,73
1,<environment.Job instance at 0x7f954234ef00>,52,1,[5 1],53,96,97,43,96
1,<environment.Job instance at 0x7f954234e870>,53,16,[9 4],54,97,113,43,97
1,<environment.Job instance at 0x7f954234eaa0>,54,13,[8 2],55,113,126,58,103
1,<environment.Job instance at 0x7f954244c690>,0,22,[2 5],1,1,23,0,1
1,<environment.Job instance at 0x7f958a184c80>,4,18,[10  2],5,23,41,18,19
1,<environment.Job instance at 0x7f9542214d20>,25,15,[8 1],26,41,56,15,40
1,<environment.Job instance at 0x7f9585d05be0>,28,18,[5 5],29,56,74,27,47
1,<environment.Job instance at 0x7f958596de10>,31,15,[5 4],32,57,72,25,57
1,<environment.Job instance at 0x7f958596d2d0>,35,21,[9 3],36,86,107,50,86
1,<environment.Job instance at 0x7f9542548320>,15,24,[8 3],16,16,40,0,16
1,<environment.Job instance at 0x7f95425484b0>,17,12,[5 9],18,40,52,22,23
1,<environment.Job instance at 0x7f9542548c30>,26,18,[6 4],27,52,70,25,41
1,<environment.Job instance at 0x7f954252e550>,37,16,[1 8],38,74,90,36,74
1,<environment.Job instance at 0x7f954252eb90>,42,14,[9 2],43,101,115,58,101
1,<environment.Job instance at 0x7f9585e10d70>,12,14,[7 3],13,19,33,6,19
1,<environment.Job instance at 0x7f9585e10eb0>,11,2,[ 5 10],12,33,35,21,21
1,<environment.Job instance at 0x7f95424fb6e0>,36,18,[5 5],37,75,93,38,75
1,<environment.Job instance at 0x7f958a1f0d70>,39,20,[5 9],40,93,113,53,85
1,<environment.Job instance at 0x7f9585bb0730>,52,18,[3 7],53,113,131,60,109
1,<environment.Job instance at 0x7f9585e17af0>,60,25,[5 3],61,113,138,52,109
1,<environment.Job instance at 0x7f9586021f50>,6,16,[5 6],7,7,23,0,7
1,<environment.Job instance at 0x7f95425954b0>,8,13,[8 2],9,23,36,14,9
1,<environment.Job instance at 0x7f9542595be0>,11,16,[4 6],12,36,52,24,23
1,<environment.Job instance at 0x7f9585b4ce60>,31,1,[10  1],32,52,53,20,42
1,<environment.Job instance at 0x7f958a8e6a50>,28,18,[ 5 10],29,53,71,24,52
1,<environment.Job instance at 0x7f9585b4c7d0>,34,13,[5 8],35,71,84,36,55
1,<environment.Job instance at 0x7f9585b4c870>,39,2,[10  2],40,84,86,44,69
1,<environment.Job instance at 0x7f9585b4c050>,32,22,[8 1],33,86,108,53,83
1,<environment.Job instance at 0x7f9541d57dc0>,49,14,[2 8],50,103,117,53,103
1,<environment.Job instance at 0x7f95421223c0>,3,14,[3 6],4,4,18,0,4
1,<environment.Job instance at 0x7f9541d687d0>,4,16,[8 2],5,18,34,13,7
1,<environment.Job instance at 0x7f9542422550>,19,3,[5 4],20,34,37,14,24
1,<environment.Job instance at 0x7f9541d8cc30>,20,2,[3 5],21,34,36,13,26
1,<environment.Job instance at 0x7f954244be60>,23,1,[3 7],24,37,38,13,29
1,<environment.Job instance at 0x7f95860c7230>,24,3,[8 5],25,38,41,13,29
1,<environment.Job instance at 0x7f954241b190>,26,16,[4 9],27,41,57,14,29
1,<environment.Job instance at 0x7f95860c6a00>,30,2,[7 5],31,57,59,26,42
1,<environment.Job instance at 0x7f954241b2d0>,28,14,[5 4],29,59,73,30,48
1,<environment.Job instance at 0x7f95420e0870>,37,13,[9 4],38,73,86,35,57
1,<environment.Job instance at 0x7f95420e0eb0>,40,2,[1 5],41,57,59,16,57
1,<environment.Job instance at 0x7f95420e00a0>,41,1,[3 6],42,59,60,17,57
1,<environment.Job instance at 0x7f9541c34af0>,0,13,[8 3],1,1,14,0,1
1,<environment.Job instance at 0x7f95859b9aa0>,13,2,[6 2],14,14,16,0,14
1,<environment.Job instance at 0x7f9541cfb140>,17,3,[2 7],18,18,21,0,18
1,<environment.Job instance at 0x7f9585d93b90>,19,1,[5 6],20,22,23,2,22
1,<environment.Job instance at 0x7f954256dcd0>,20,18,[3 5],21,23,41,2,22
1,<environment.Job instance at 0x7f9586112910>,15,25,[4 5],16,23,48,7,22
1,<environment.Job instance at 0x7f958a3bb9b0>,27,1,[4 7],28,48,49,20,31
1,<environment.Job instance at 0x7f95860f6870>,23,14,[6 2],24,41,55,17,31
1,<environment.Job instance at 0x7f958a3bb870>,26,2,[5 3],27,55,57,28,31
1,<environment.Job instance at 0x7f958a3bb910>,29,2,[4 8],30,49,51,19,33
1,<environment.Job instance at 0x7f9585a0f640>,33,15,[ 2 10],34,57,72,23,45
1,<environment.Job instance at 0x7f958a8b9910>,40,2,[5 4],41,55,57,14,55
1,<environment.Job instance at 0x7f9541d6d5a0>,42,1,[2 6],43,72,73,29,55
1,<environment.Job instance at 0x7f958a2f35f0>,45,3,[8 1],46,72,75,26,58
1,<environment.Job instance at 0x7f958a2f3be0>,49,2,[10  1],50,75,77,25,60
1,<environment.Job instance at 0x7f958a1bfa50>,53,14,[ 5 10],54,77,91,23,66
1,<environment.Job instance at 0x7f9585f7c690>,56,16,[3 8],57,91,107,34,78
1,<environment.Job instance at 0x7f9541e01280>,64,12,[7 1],65,91,103,26,82
1,<environment.Job instance at 0x7f9541b927d0>,10,13,[5 8],11,15,28,4,15
1,<environment.Job instance at 0x7f9541b92410>,15,14,[7 5],16,28,42,12,16
1,<environment.Job instance at 0x7f9541bed190>,26,24,[2 9],27,42,66,15,40
1,<environment.Job instance at 0x7f9541bed230>,32,1,[1 5],33,70,71,37,70
1,<environment.Job instance at 0x7f9541bed5f0>,33,12,[6 5],34,72,84,38,72
1,<environment.Job instance at 0x7f9541b93cd0>,39,2,[2 6],40,84,86,44,72
1,<environment.Job instance at 0x7f9541bed460>,35,15,[9 1],36,86,101,50,72
1,<environment.Job instance at 0x7f9541b93d70>,40,15,[1 8],41,86,101,45,76
1,<environment.Job instance at 0x7f9541bdde60>,47,14,[4 7],48,101,115,53,93
1,<environment.Job instance at 0x7f9541bdd910>,51,23,[1 8],52,115,138,63,109
1,<environment.Job instance at 0x7f9541bddd20>,1,25,[1 6],2,2,27,0,2
1,<environment.Job instance at 0x7f958603b0f0>,11,15,[10  4],12,27,42,15,14
1,<environment.Job instance at 0x7f958605a1e0>,21,1,[7 2],22,42,43,20,28
1,<environment.Job instance at 0x7f958604a3c0>,25,17,[9 3],26,56,73,30,56
1,<environment.Job instance at 0x7f958a5d0190>,36,14,[8 3],37,85,99,48,85
1,<environment.Job instance at 0x7f954244cc80>,37,27,[9 4],38,102,129,64,102
1,<environment.Job instance at 0x7f9541e0b1e0>,0,13,[6 3],1,1,14,0,1
1,<environment.Job instance at 0x7f9541b93370>,3,14,[6 4],4,14,28,10,5
1,<environment.Job instance at 0x7f95425ade60>,12,18,[1 5],13,13,31,0,13
1,<environment.Job instance at 0x7f95425add70>,15,3,[ 1 10],16,31,34,15,18
1,<environment.Job instance at 0x7f958a83f050>,19,3,[9 3],20,28,31,8,22
1,<environment.Job instance at 0x7f9585ce6320>,13,15,[2 8],14,34,49,20,25
1,<environment.Job instance at 0x7f95424fdc30>,27,16,[1 7],28,49,65,21,39
1,<environment.Job instance at 0x7f958a83f910>,20,25,[6 2],21,39,64,18,39
1,<environment.Job instance at 0x7f9542074820>,42,1,[5 5],43,72,73,29,72
1,<environment.Job instance at 0x7f95859a2b40>,46,2,[6 5],47,76,78,29,76
1,<environment.Job instance at 0x7f95423eca00>,48,18,[6 4],49,78,96,29,77
1,<environment.Job instance at 0x7f95422bacd0>,56,18,[4 9],57,96,114,39,95
1,<environment.Job instance at 0x7f9542070a50>,59,13,[9 3],60,114,127,54,108
1,<environment.Job instance at 0x7f9541c71be0>,6,12,[1 9],7,8,20,1,8
1,<environment.Job instance at 0x7f9541c71460>,7,2,[4 5],8,20,22,12,12
1,<environment.Job instance at 0x7f9541c715a0>,9,16,[8 4],10,22,38,12,13
1,<environment.Job instance at 0x7f9541e06b40>,23,12,[8 2],24,38,50,14,31
1,<environment.Job instance at 0x7f9541d121e0>,27,13,[9 2],28,50,63,22,39
1,<environment.Job instance at 0x7f9541eff0f0>,33,14,[5 9],34,63,77,29,49
1,<environment.Job instance at 0x7f9541effe60>,39,2,[1 6],40,59,61,19,59
1,<environment.Job instance at 0x7f9541e06a00>,25,15,[8 3],26,77,92,51,63
1,<environment.Job instance at 0x7f95860ac140>,46,12,[9 2],47,92,104,45,77
1,<environment.Job instance at 0x7f95860ac910>,49,2,[5 2],50,104,106,54,90
1,<environment.Job instance at 0x7f95860ac370>,51,17,[7 1],52,106,123,54,94
1,<environment.Job instance at 0x7f958a5fa500>,4,14,[ 4 10],5,5,19,0,5
1,<environment.Job instance at 0x7f95420f3a50>,7,18,[3 8],8,19,37,11,8
1,<environment.Job instance at 0x7f9585a54fa0>,12,16,[3 7],13,37,53,24,24
1,<environment.Job instance at 0x7f9585a54af0>,17,18,[2 8],18,53,71,35,44
1,<environment.Job instance at 0x7f9585a89fa0>,33,14,[7 2],34,52,66,18,52
1,<environment.Job instance at 0x7f9585a89320>,37,15,[ 3 10],38,71,86,33,57
1,<environment.Job instance at 0x7f9585aa6460>,47,18,[2 7],48,89,107,41,89
1,<environment.Job instance at 0x7f9585a9fa00>,50,15,[6 1],51,89,104,38,89
1,<environment.Job instance at 0x7f9585a9f3c0>,51,3,[4 7],52,107,110,55,89
1,<environment.Job instance at 0x7f9585a9f5f0>,53,2,[4 5],54,110,112,56,90
1,<environment.Job instance at 0x7f9585aa8870>,55,14,[4 9],56,112,126,56,106
1,<environment.Job instance at 0x7f01919280f0>,0,18,[ 2 10],1,1,19,0,1
1,<environment.Job instance at 0x7f018a519320>,4,18,[10  4],5,19,37,14,10
1,<environment.Job instance at 0x7f018a5195a0>,16,12,[1 8],17,37,49,20,20
1,<environment.Job instance at 0x7f018a51b690>,24,3,[5 9],25,49,52,24,43
1,<environment.Job instance at 0x7f018a51b5a0>,25,3,[1 6],26,52,55,26,45
1,<environment.Job instance at 0x7f018a51beb0>,34,3,[9 5],35,58,61,23,58
1,<environment.Job instance at 0x7f018a51b960>,31,17,[4 9],32,62,79,30,62
1,<environment.Job instance at 0x7f018a51f050>,38,12,[3 6],39,79,91,40,70
1,<environment.Job instance at 0x7f018a51f410>,41,14,[6 1],42,70,84,28,70
1,<environment.Job instance at 0x7f018a51f140>,42,14,[8 4],43,91,105,48,81
1,<environment.Job instance at 0x7f018a51b730>,26,22,[2 9],27,110,132,83,110
1,<environment.Job instance at 0x7f0191a97410>,5,15,[5 3],6,6,21,0,6
1,<environment.Job instance at 0x7f0191a95050>,8,16,[7 1],9,21,37,12,10
1,<environment.Job instance at 0x7f0191a9cb90>,16,18,[1 6],17,18,36,1,18
1,<environment.Job instance at 0x7f0191a9b370>,20,17,[3 8],21,36,53,15,29
1,<environment.Job instance at 0x7f0191a9b960>,25,15,[6 2],26,37,52,11,35
1,<environment.Job instance at 0x7f0191a99cd0>,28,12,[3 9],29,53,65,24,43
1,<environment.Job instance at 0x7f0191a99690>,30,13,[2 6],31,65,78,34,50
1,<environment.Job instance at 0x7f0191a9ee10>,38,16,[3 9],39,78,94,39,67
1,<environment.Job instance at 0x7f019194f320>,43,15,[4 8],44,94,109,50,80
1,<environment.Job instance at 0x7f0191aa3050>,53,12,[1 7],54,109,121,55,93
1,<environment.Job instance at 0x7f0191a97cd0>,4,15,[9 1],5,109,124,104,95
1,<environment.Job instance at 0x7f01467d1fa0>,0,28,[7 3],1,2,30,1,2
1,<environment.Job instance at 0x7f018a9ea370>,11,3,[1 8],12,30,33,18,14
1,<environment.Job instance at 0x7f0191aa3e10>,8,12,[9 2],9,30,42,21,14
1,<environment.Job instance at 0x7f018a2e3280>,15,2,[9 2],16,42,44,26,16
1,<environment.Job instance at 0x7f018a372730>,23,21,[9 5],24,44,65,20,36
1,<environment.Job instance at 0x7f0146781d20>,32,17,[8 2],33,65,82,32,64
1,<environment.Job instance at 0x7f0146781500>,33,18,[7 5],34,82,100,48,72
1,<environment.Job instance at 0x7f01467ba960>,41,16,[6 2],42,100,116,58,87
1,<environment.Job instance at 0x7f0146829b90>,53,18,[9 2],54,116,134,62,110
1,<environment.Job instance at 0x7f01467d9b90>,55,1,[8 2],56,134,135,78,119
1,<environment.Job instance at 0x7f0146b690f0>,1,25,[10  4],2,4,29,2,4
1,<environment.Job instance at 0x7f018a98a050>,9,18,[ 2 10],10,29,47,19,18
1,<environment.Job instance at 0x7f018a551af0>,12,2,[6 3],13,47,49,34,24
1,<environment.Job instance at 0x7f0146cb8410>,27,13,[4 9],28,49,62,21,49
1,<environment.Job instance at 0x7f018a5b5960>,28,12,[8 2],29,62,74,33,50
1,<environment.Job instance at 0x7f0146cf1050>,35,27,[5 5],36,76,103,40,76
1,<environment.Job instance at 0x7f018a5ff730>,42,17,[4 6],43,103,120,60,96
1,<environment.Job instance at 0x7f018a5e09b0>,1,24,[4 8],2,2,26,0,2
1,<environment.Job instance at 0x7f0190e50cd0>,13,14,[8 2],14,26,40,12,14
1,<environment.Job instance at 0x7f01912be1e0>,23,15,[6 5],24,40,55,16,26
1,<environment.Job instance at 0x7f01912a1aa0>,40,18,[4 6],41,79,97,38,79
1,<environment.Job instance at 0x7f01912a1640>,41,15,[3 5],42,97,112,55,83
1,<environment.Job instance at 0x7f01912a1dc0>,43,1,[8 5],44,112,113,68,85
1,<environment.Job instance at 0x7f01912a9af0>,47,18,[1 7],48,113,131,65,107
1,<environment.Job instance at 0x7f0146c4b870>,0,18,[8 1],1,3,21,2,3
1,<environment.Job instance at 0x7f0146c4bdc0>,5,13,[3 9],6,21,34,15,6
1,<environment.Job instance at 0x7f0146c5a230>,16,13,[3 9],17,34,47,17,23
1,<environment.Job instance at 0x7f018a9970a0>,22,15,[2 5],23,47,62,24,45
1,<environment.Job instance at 0x7f0146e15a50>,31,13,[6 5],32,48,61,16,48
1,<environment.Job instance at 0x7f0146e151e0>,32,13,[ 5 10],33,62,75,29,48
1,<environment.Job instance at 0x7f0146e15a00>,40,15,[5 6],41,75,90,34,66
1,<environment.Job instance at 0x7f0146e1fa50>,49,23,[6 5],50,92,115,42,92
1,<environment.Job instance at 0x7f01911f5320>,64,13,[1 8],65,115,128,50,114
1,<environment.Job instance at 0x7f01914a12d0>,66,14,[1 7],67,128,142,61,118
1,<environment.Job instance at 0x7f014680e1e0>,0,20,[4 6],1,1,21,0,1
1,<environment.Job instance at 0x7f01467b3280>,18,20,[3 8],19,21,41,2,21
1,<environment.Job instance at 0x7f018a9e5a50>,19,13,[7 4],20,41,54,21,27
1,<environment.Job instance at 0x7f018a5967d0>,26,18,[6 3],27,54,72,27,52
1,<environment.Job instance at 0x7f0191480c30>,30,15,[10  4],31,72,87,41,60
1,<environment.Job instance at 0x7f01469d7d70>,37,14,[ 4 10],38,87,101,49,73
1,<environment.Job instance at 0x7f01469d7550>,42,16,[3 8],43,101,117,58,96
1,<environment.Job instance at 0x7f0190eacd20>,48,17,[9 5],49,117,134,68,112
1,<environment.Job instance at 0x7f018aa36280>,0,26,[4 9],1,3,29,2,3
1,<environment.Job instance at 0x7f018a6c6c30>,14,13,[2 6],15,29,42,14,25
1,<environment.Job instance at 0x7f018a6c6fa0>,15,14,[ 1 10],16,42,56,26,35
1,<environment.Job instance at 0x7f018a6bb2d0>,19,18,[6 4],20,56,74,36,51
1,<environment.Job instance at 0x7f018a6bb500>,24,14,[5 3],25,74,88,49,60
1,<environment.Job instance at 0x7f018a6bb870>,26,3,[ 5 10],27,88,91,61,65
1,<environment.Job instance at 0x7f018a6bbf00>,35,17,[3 6],36,116,133,80,116
1,<environment.Job instance at 0x7f0146df7410>,5,15,[3 5],6,9,24,3,9
1,<environment.Job instance at 0x7f014678be60>,11,3,[9 1],12,24,27,12,12
1,<environment.Job instance at 0x7f01913456e0>,14,13,[4 8],15,27,40,12,15
1,<environment.Job instance at 0x7f0190f36500>,25,18,[7 5],26,57,75,31,57
1,<environment.Job instance at 0x7f0190fb5730>,29,18,[ 2 10],30,75,93,45,71
1,<environment.Job instance at 0x7f01467810f0>,38,18,[5 8],39,93,111,54,84
1,<environment.Job instance at 0x7f018a53baa0>,48,15,[5 8],49,116,131,67,116
1,<environment.Job instance at 0x7f0146aa1c30>,3,15,[3 9],4,5,20,1,5
1,<environment.Job instance at 0x7f019129d0f0>,15,1,[1 9],16,20,21,4,17
1,<environment.Job instance at 0x7f0146d8b050>,16,21,[5 5],17,21,42,4,17
1,<environment.Job instance at 0x7f0146a3c640>,20,15,[5 5],21,25,40,4,25
1,<environment.Job instance at 0x7f0146df7fa0>,22,12,[ 1 10],23,42,54,19,26
1,<environment.Job instance at 0x7f0146962a00>,32,20,[ 5 10],33,64,84,31,64
1,<environment.Job instance at 0x7f018a4bd2d0>,40,12,[5 6],41,84,96,43,78
1,<environment.Job instance at 0x7f0190d8dbe0>,47,24,[5 9],48,96,120,48,95
1,<environment.Job instance at 0x7f0190db7b90>,0,18,[6 4],1,1,19,0,1
1,<environment.Job instance at 0x7f0146a99fa0>,5,16,[7 3],6,19,35,13,7
1,<environment.Job instance at 0x7f0146a87550>,13,3,[ 4 10],14,35,38,21,15
1,<environment.Job instance at 0x7f0146a87460>,9,13,[8 2],10,38,51,28,23
1,<environment.Job instance at 0x7f0146a78a00>,31,1,[2 5],32,41,42,9,41
1,<environment.Job instance at 0x7f0146a78550>,26,25,[7 3],27,51,76,24,47
1,<environment.Job instance at 0x7f0146a7e730>,46,18,[5 5],47,76,94,29,74
1,<environment.Job instance at 0x7f0146a7e690>,45,16,[4 9],46,94,110,48,83
1,<environment.Job instance at 0x7f0146a7ee60>,52,18,[3 8],53,110,128,57,99
1,<environment.Job instance at 0x7f0146a6d960>,67,15,[3 6],68,128,143,60,116
1,<environment.Job instance at 0x7f0191946780>,6,16,[5 6],7,9,25,2,9
1,<environment.Job instance at 0x7f01913823c0>,14,1,[4 6],15,25,26,10,15
1,<environment.Job instance at 0x7f0191a9c9b0>,11,16,[4 6],12,26,42,14,15
1,<environment.Job instance at 0x7f01913825a0>,19,3,[6 2],20,25,28,5,21
1,<environment.Job instance at 0x7f0191382cd0>,17,15,[10  4],18,42,57,24,28
1,<environment.Job instance at 0x7f0190d9e690>,30,13,[2 8],31,57,70,26,53
1,<environment.Job instance at 0x7f0190d9ee10>,32,22,[8 1],33,57,79,24,53
1,<environment.Job instance at 0x7f01469485a0>,41,27,[8 5],42,79,106,37,77
1,<environment.Job instance at 0x7f014675e730>,53,26,[7 1],54,115,141,61,115
1,<environment.Job instance at 0x7f014658a910>,0,20,[ 4 10],1,1,21,0,1
1,<environment.Job instance at 0x7f0190f29870>,15,2,[9 5],16,21,23,5,17
1,<environment.Job instance at 0x7f014671c1e0>,20,2,[7 5],21,23,25,2,21
1,<environment.Job instance at 0x7f014671ccd0>,21,2,[ 2 10],22,25,27,3,22
1,<environment.Job instance at 0x7f014671cd70>,22,23,[6 2],23,27,50,4,23
1,<environment.Job instance at 0x7f019194b730>,6,24,[4 5],7,27,51,20,23
1,<environment.Job instance at 0x7f0146cf13c0>,32,18,[6 5],33,50,68,17,41
1,<environment.Job instance at 0x7f0191357780>,44,17,[1 6],45,96,113,51,96
1,<environment.Job instance at 0x7f0191357640>,49,3,[2 7],50,113,116,63,100
1,<environment.Job instance at 0x7f01913573c0>,50,15,[4 7],51,116,131,65,106
1,<environment.Job instance at 0x7f018a48c690>,1,15,[3 7],2,4,19,2,4
1,<environment.Job instance at 0x7f0146943af0>,35,13,[7 4],36,36,49,0,36
1,<environment.Job instance at 0x7f0146532280>,36,16,[3 8],37,49,65,12,38
1,<environment.Job instance at 0x7f018a344b40>,42,17,[5 7],43,65,82,22,62
1,<environment.Job instance at 0x7f018a34e640>,60,15,[3 7],61,92,107,31,92
1,<environment.Job instance at 0x7f0146a6de60>,1,16,[8 4],2,2,18,0,2
1,<environment.Job instance at 0x7f01469cc6e0>,5,15,[9 1],6,18,33,12,9
1,<environment.Job instance at 0x7f0146aef7d0>,10,15,[1 8],11,18,33,7,13
1,<environment.Job instance at 0x7f0146dcda50>,17,14,[4 7],18,33,47,15,21
1,<environment.Job instance at 0x7f018a69f050>,25,15,[ 1 10],26,47,62,21,34
1,<environment.Job instance at 0x7f01911813c0>,47,17,[5 6],48,73,90,25,73
1,<environment.Job instance at 0x7f0146c7f960>,48,2,[7 1],49,90,92,41,74
1,<environment.Job instance at 0x7f0191181960>,44,28,[7 4],45,92,120,47,92
1,<environment.Job instance at 0x7f0146be12d0>,33,13,[6 5],34,120,133,86,106
1,<environment.Job instance at 0x7f0146503d70>,2,18,[2 5],3,5,23,2,5
1,<environment.Job instance at 0x7f0146503690>,5,15,[8 4],6,7,22,1,7
1,<environment.Job instance at 0x7f01465070a0>,12,15,[10  3],13,23,38,10,14
1,<environment.Job instance at 0x7f0146507500>,19,14,[4 7],20,38,52,18,25
1,<environment.Job instance at 0x7f01464a8e60>,26,1,[3 9],27,52,53,25,32
1,<environment.Job instance at 0x7f01464a8190>,29,23,[5 7],30,53,76,23,47
1,<environment.Job instance at 0x7f01464a8b40>,34,14,[5 3],35,66,80,31,66
1,<environment.Job instance at 0x7f01464a8a50>,37,19,[ 2 10],38,80,99,42,77
1,<environment.Job instance at 0x7f01464a0050>,46,14,[9 3],47,99,113,52,84
1,<environment.Job instance at 0x7f01464a0230>,51,12,[4 6],52,113,125,61,96
1,<environment.Job instance at 0x7f01464a04b0>,41,18,[9 3],42,125,143,83,119
1,<environment.Job instance at 0x7f01464a0410>,1,17,[7 1],2,2,19,0,2
1,<environment.Job instance at 0x7f018a894cd0>,6,18,[4 9],7,19,37,12,8
1,<environment.Job instance at 0x7f018a895cd0>,18,2,[5 5],19,37,39,18,19
1,<environment.Job instance at 0x7f018a8c1870>,25,1,[5 1],26,26,27,0,26
1,<environment.Job instance at 0x7f018a8ca3c0>,26,17,[5 1],27,28,45,1,28
1,<environment.Job instance at 0x7f0190ed0500>,28,3,[6 1],29,45,48,16,29
1,<environment.Job instance at 0x7f0146b3dbe0>,31,1,[2 5],32,39,40,7,33
1,<environment.Job instance at 0x7f0146b47230>,35,18,[4 9],36,40,58,4,36
1,<environment.Job instance at 0x7f0146b472d0>,34,2,[7 3],35,58,60,23,36
1,<environment.Job instance at 0x7f0146b29410>,39,3,[9 5],40,60,63,20,42
1,<environment.Job instance at 0x7f0146b298c0>,40,2,[8 4],41,63,65,22,42
1,<environment.Job instance at 0x7f0146b299b0>,41,1,[3 9],42,65,66,23,42
1,<environment.Job instance at 0x7f01467a7640>,42,1,[2 9],43,66,67,23,45
1,<environment.Job instance at 0x7f01467a7690>,45,16,[10  1],46,67,83,21,54
1,<environment.Job instance at 0x7f01467cb7d0>,48,14,[5 5],49,83,97,34,74
1,<environment.Job instance at 0x7f01467d2be0>,60,2,[9 2],61,99,101,38,99
1,<environment.Job instance at 0x7f01467d2870>,61,16,[1 7],62,100,116,38,100
1,<environment.Job instance at 0x7f018a626eb0>,7,18,[5 3],8,103,121,95,103
1,<environment.Job instance at 0x7f01467b5a00>,68,18,[5 9],69,121,139,52,112
1,<environment.Job instance at 0x7f018a3f01e0>,5,12,[1 8],6,8,20,2,8
1,<environment.Job instance at 0x7f0146870820>,6,2,[5 1],7,10,12,3,10
1,<environment.Job instance at 0x7f018a486b90>,13,16,[1 9],14,20,36,6,14
1,<environment.Job instance at 0x7f0191298730>,18,13,[7 4],19,36,49,17,20
1,<environment.Job instance at 0x7f0191298870>,21,13,[8 2],22,49,62,27,33
1,<environment.Job instance at 0x7f018a82d190>,36,12,[9 1],37,69,81,32,69
1,<environment.Job instance at 0x7f018a82dc80>,38,12,[4 6],39,87,99,48,87
1,<environment.Job instance at 0x7f01914645a0>,41,15,[6 1],42,93,108,51,93
1,<environment.Job instance at 0x7f01914643c0>,44,27,[5 1],45,108,135,63,108
1,<environment.Job instance at 0x7f01914644b0>,51,18,[5 6],52,108,126,56,108
1,<environment.Job instance at 0x7f0146942d70>,57,18,[3 8],58,126,144,68,115
1,<environment.Job instance at 0x7f018a9d7f50>,2,16,[9 2],3,3,19,0,3
1,<environment.Job instance at 0x7f018a282e60>,23,17,[8 3],24,34,51,10,34
1,<environment.Job instance at 0x7f018a7c0be0>,27,15,[5 5],28,57,72,29,57
1,<environment.Job instance at 0x7f018a7c0d70>,30,14,[1 9],31,72,86,41,65
1,<environment.Job instance at 0x7f018a7c04b0>,33,3,[4 8],34,86,89,52,68
1,<environment.Job instance at 0x7f018a7c0370>,34,1,[4 6],35,89,90,54,68
1,<environment.Job instance at 0x7f018a7c0410>,32,24,[5 7],33,90,114,57,86
1,<environment.Job instance at 0x7f018a8e51e0>,49,15,[4 9],50,114,129,64,113
1,<environment.Job instance at 0x7f0191251910>,1,18,[1 7],2,2,20,0,2
1,<environment.Job instance at 0x7f01469261e0>,8,2,[2 7],9,20,22,11,10
1,<environment.Job instance at 0x7f0191822f00>,10,1,[3 7],11,22,23,11,11
1,<environment.Job instance at 0x7f018a753d20>,14,18,[7 1],15,15,33,0,15
1,<environment.Job instance at 0x7f018a446820>,21,1,[ 5 10],22,33,34,11,23
1,<environment.Job instance at 0x7f018a2bbd70>,26,13,[7 3],27,34,47,7,27
1,<environment.Job instance at 0x7f0146dc8d70>,30,18,[1 7],31,47,65,16,47
1,<environment.Job instance at 0x7f0146dc8fa0>,36,1,[7 5],37,65,66,28,47
1,<environment.Job instance at 0x7f0146dc8870>,35,3,[10  1],36,66,69,30,48
1,<environment.Job instance at 0x7f0146e14280>,38,3,[6 4],39,69,72,30,48
1,<environment.Job instance at 0x7f0146e14370>,39,1,[9 5],40,72,73,32,48
1,<environment.Job instance at 0x7f0146e14910>,42,2,[5 3],43,53,55,10,53
1,<environment.Job instance at 0x7f0146e14e10>,44,15,[10  3],45,73,88,28,61
1,<environment.Job instance at 0x7f0146dffaf0>,51,14,[4 6],52,88,102,36,79
1,<environment.Job instance at 0x7f0146df8190>,60,14,[7 5],61,102,116,41,87
1,<environment.Job instance at 0x7f0146df83c0>,63,13,[7 2],64,116,129,52,105
1,<environment.Job instance at 0x7ff04dcfb1e0>,0,18,[ 2 10],1,1,19,0,1
1,<environment.Job instance at 0x7ff0468ec410>,5,13,[5 9],6,19,32,13,6
1,<environment.Job instance at 0x7ff0468ec230>,7,14,[5 1],8,19,33,11,12
1,<environment.Job instance at 0x7ff0468ece60>,16,12,[1 8],17,32,44,15,17
1,<environment.Job instance at 0x7ff0468f31e0>,39,18,[5 8],40,71,89,31,71
1,<environment.Job instance at 0x7ff0468fb460>,0,16,[9 3],1,1,17,0,1
1,<environment.Job instance at 0x7ff04dd23370>,6,18,[1 6],7,7,25,0,7
1,<environment.Job instance at 0x7ff04de76050>,8,14,[5 1],9,17,31,8,12
1,<environment.Job instance at 0x7ff04de766e0>,14,1,[7 1],15,31,32,16,15
1,<environment.Job instance at 0x7ff04de769b0>,15,15,[6 2],16,32,47,16,20
1,<environment.Job instance at 0x7ff04de6c190>,25,14,[3 8],26,32,46,6,32
1,<environment.Job instance at 0x7ff04de6c690>,27,17,[3 8],28,46,63,18,37
1,<environment.Job instance at 0x7ff04dd221e0>,37,18,[5 2],38,56,74,18,56
1,<environment.Job instance at 0x7ff04dd22f50>,38,18,[4 6],39,63,81,24,56
1,<environment.Job instance at 0x7ff04de6ceb0>,28,16,[3 9],29,81,97,52,70
1,<environment.Job instance at 0x7ff04de6f6e0>,47,13,[ 4 10],48,97,110,49,81
1,<environment.Job instance at 0x7ff04de75fa0>,58,14,[8 5],59,110,124,51,98
1,<environment.Job instance at 0x7ff04de755f0>,62,14,[8 4],63,124,138,61,112
1,<environment.Job instance at 0x7ff002b90cd0>,9,1,[8 5],10,10,11,0,10
1,<environment.Job instance at 0x7ff002b900f0>,10,1,[9 5],11,11,12,0,11
1,<environment.Job instance at 0x7ff002b90230>,4,18,[10  2],5,12,30,7,11
1,<environment.Job instance at 0x7ff002c0fcd0>,17,14,[4 7],18,30,44,12,30
1,<environment.Job instance at 0x7ff002c0faa0>,19,13,[5 7],20,44,57,24,33
1,<environment.Job instance at 0x7ff002c6de10>,26,13,[3 6],27,57,70,30,41
1,<environment.Job instance at 0x7ff0466bdaf0>,30,13,[7 4],31,59,72,28,59
1,<environment.Job instance at 0x7ff002c322d0>,33,18,[9 2],34,72,90,38,63
1,<environment.Job instance at 0x7ff002be6780>,39,15,[7 4],40,90,105,50,77
1,<environment.Job instance at 0x7ff002beca00>,44,1,[3 8],45,105,106,60,100
1,<environment.Job instance at 0x7ff046659b90>,51,15,[10  3],52,112,127,60,112
1,<environment.Job instance at 0x7ff002f98f50>,2,17,[9 1],3,4,21,1,4
1,<environment.Job instance at 0x7ff002cc1b40>,12,17,[4 6],13,21,38,8,13
1,<environment.Job instance at 0x7ff0469f3c80>,28,13,[8 2],29,67,80,38,67
1,<environment.Job instance at 0x7ff0468f5320>,32,13,[3 9],33,80,93,47,68
1,<environment.Job instance at 0x7ff0469f3f00>,1,15,[3 5],2,2,17,0,2
1,<environment.Job instance at 0x7ff002fcd5f0>,6,14,[ 5 10],7,17,31,10,7
1,<environment.Job instance at 0x7ff04d224780>,16,27,[4 5],17,31,58,14,29
1,<environment.Job instance at 0x7ff04d2318c0>,21,12,[5 9],22,58,70,36,43
1,<environment.Job instance at 0x7ff04d240c30>,33,12,[ 2 10],34,70,82,36,64
1,<environment.Job instance at 0x7ff04d240eb0>,37,18,[3 6],38,82,100,44,80
1,<environment.Job instance at 0x7ff04d240cd0>,38,14,[6 4],39,82,96,43,82
1,<environment.Job instance at 0x7ff04d237fa0>,40,18,[5 9],41,100,118,59,90
1,<environment.Job instance at 0x7ff04d2c0280>,9,21,[1 9],10,10,31,0,10
1,<environment.Job instance at 0x7ff04d270d20>,21,2,[2 6],22,31,33,9,22
1,<environment.Job instance at 0x7ff04d2c0a50>,10,27,[6 4],11,31,58,20,29
1,<environment.Job instance at 0x7ff046d68050>,28,17,[3 9],29,58,75,29,48
1,<environment.Job instance at 0x7ff046d6f4b0>,42,15,[6 2],43,75,90,32,66
1,<environment.Job instance at 0x7ff046d6fbe0>,47,27,[9 3],48,90,117,42,90
1,<environment.Job instance at 0x7ff04d550d20>,51,12,[1 8],52,117,129,65,100
1,<environment.Job instance at 0x7ff003023820>,59,12,[4 6],60,129,141,69,121
1,<environment.Job instance at 0x7ff046d83b40>,62,17,[9 4],63,141,158,78,129
1,<environment.Job instance at 0x7ff046bcdd20>,5,12,[8 5],6,6,18,0,6
1,<environment.Job instance at 0x7ff04d8c5280>,8,17,[3 7],9,18,35,9,9
1,<environment.Job instance at 0x7ff04d8c5870>,10,13,[5 3],11,18,31,7,17
1,<environment.Job instance at 0x7ff046c02370>,20,14,[ 2 10],21,35,49,14,21
1,<environment.Job instance at 0x7ff046bb3d70>,48,28,[10  4],49,118,146,69,118
1,<environment.Job instance at 0x7ff0467a1280>,1,21,[4 9],2,2,23,0,2
1,<environment.Job instance at 0x7ff0467d62d0>,11,3,[2 6],12,23,26,11,15
1,<environment.Job instance at 0x7ff0467fadc0>,5,23,[8 4],6,23,46,17,18
1,<environment.Job instance at 0x7ff0467d6c30>,23,16,[9 4],24,51,67,27,51
1,<environment.Job instance at 0x7ff002ddb230>,24,13,[8 2],25,67,80,42,51
1,<environment.Job instance at 0x7ff0467d67d0>,17,16,[1 7],18,72,88,54,72
1,<environment.Job instance at 0x7ff002ddbc80>,43,14,[ 4 10],44,94,108,50,94
1,<environment.Job instance at 0x7ff002ddbd20>,44,15,[4 8],45,108,123,63,95
1,<environment.Job instance at 0x7ff002db7230>,1,13,[7 4],2,2,15,0,2
1,<environment.Job instance at 0x7ff003138c80>,7,12,[2 8],8,15,27,7,8
1,<environment.Job instance at 0x7ff04d420f50>,9,12,[4 6],10,27,39,17,10
1,<environment.Job instance at 0x7ff002ad9280>,19,13,[6 4],20,27,40,7,24
1,<environment.Job instance at 0x7ff04d420aa0>,12,15,[8 4],13,40,55,27,31
1,<environment.Job instance at 0x7ff04d269280>,14,15,[5 6],15,55,70,40,51
1,<environment.Job instance at 0x7ff00303d140>,29,18,[7 5],30,70,88,40,59
1,<environment.Job instance at 0x7ff04d8c4370>,38,13,[4 6],39,88,101,49,78
1,<environment.Job instance at 0x7ff002ebe960>,50,15,[5 3],51,106,121,55,106
1,<environment.Job instance at 0x7ff002b89550>,51,18,[4 7],52,106,124,54,106
1,<environment.Job instance at 0x7ff002b891e0>,52,14,[4 6],53,124,138,71,109
1,<environment.Job instance at 0x7ff046827230>,2,14,[ 2 10],3,3,17,0,3
1,<environment.Job instance at 0x7ff046827320>,5,19,[1 5],6,17,36,11,7
1,<environment.Job instance at 0x7ff0467a1eb0>,10,18,[9 2],11,17,35,6,13
1,<environment.Job instance at 0x7ff04d373cd0>,27,1,[5 3],28,37,38,9,37
1,<environment.Job instance at 0x7ff04d373370>,28,18,[5 9],29,44,62,15,44
1,<environment.Job instance at 0x7ff04d373e60>,29,3,[10  1],30,62,65,32,44
1,<environment.Job instance at 0x7ff04687c320>,32,3,[10  4],33,65,68,32,47
1,<environment.Job instance at 0x7ff046a0d550>,38,13,[8 5],39,68,81,29,64
1,<environment.Job instance at 0x7ff046a0db90>,39,13,[8 2],40,81,94,41,68
1,<environment.Job instance at 0x7ff04d17bb90>,45,27,[4 5],46,96,123,50,96
1,<environment.Job instance at 0x7ff04d204460>,49,14,[5 1],50,97,111,47,97
1,<environment.Job instance at 0x7ff002f0ea50>,56,25,[7 3],57,123,148,66,119
1,<environment.Job instance at 0x7ff002f0e690>,1,16,[5 5],2,2,18,0,2
1,<environment.Job instance at 0x7ff04d0f2d20>,2,18,[2 5],3,4,22,1,4
1,<environment.Job instance at 0x7ff046cd6eb0>,4,14,[ 3 10],5,22,36,17,9
1,<environment.Job instance at 0x7ff002d87aa0>,26,16,[5 6],27,36,52,9,30
1,<environment.Job instance at 0x7ff002d87b90>,27,3,[9 4],28,52,55,24,30
1,<environment.Job instance at 0x7ff002dab230>,30,2,[8 2],31,55,57,24,35
1,<environment.Job instance at 0x7ff002d87be0>,25,15,[1 5],26,52,67,26,42
1,<environment.Job instance at 0x7ff002dab190>,35,3,[10  5],36,67,70,31,45
1,<environment.Job instance at 0x7ff002dab960>,38,16,[ 5 10],39,70,86,31,57
1,<environment.Job instance at 0x7ff002d852d0>,47,15,[2 6],48,86,101,38,74
1,<environment.Job instance at 0x7ff002d85960>,54,13,[5 8],55,101,114,46,100
1,<environment.Job instance at 0x7ff002d85910>,59,2,[10  2],60,116,118,56,116
1,<environment.Job instance at 0x7ff046a77280>,6,14,[4 7],7,8,22,1,8
1,<environment.Job instance at 0x7ff046a77780>,8,12,[10  3],9,22,34,13,12
1,<environment.Job instance at 0x7ff046a77190>,4,16,[8 2],5,34,50,29,21
1,<environment.Job instance at 0x7ff04d780960>,17,24,[4 8],18,50,74,32,46
1,<environment.Job instance at 0x7ff002ac1280>,42,18,[6 5],43,78,96,35,78
1,<environment.Job instance at 0x7ff00314cfa0>,44,14,[ 5 10],45,96,110,51,81
1,<environment.Job instance at 0x7ff00314cf00>,46,16,[4 8],47,110,126,63,99
1,<environment.Job instance at 0x7ff046aa34b0>,55,14,[3 8],56,126,140,70,112
1,<environment.Job instance at 0x7ff046aa32d0>,60,15,[4 7],61,140,155,79,128
1,<environment.Job instance at 0x7ff0030edf50>,1,15,[3 7],2,3,18,1,3
1,<environment.Job instance at 0x7ff0029a0f00>,3,14,[6 2],4,4,18,0,4
1,<environment.Job instance at 0x7ff04d244410>,8,12,[6 4],9,18,30,9,9
1,<environment.Job instance at 0x7ff0467b3410>,11,13,[3 5],12,18,31,6,12
1,<environment.Job instance at 0x7ff002fc7a00>,28,3,[6 2],29,30,33,1,29
1,<environment.Job instance at 0x7ff002ef71e0>,19,12,[5 8],20,33,45,13,31
1,<environment.Job instance at 0x7ff002db0f50>,35,13,[7 4],36,45,58,9,39
1,<environment.Job instance at 0x7ff002db0be0>,38,1,[2 8],39,58,59,19,39
1,<environment.Job instance at 0x7ff002db0780>,39,2,[6 3],40,59,61,19,41
1,<environment.Job instance at 0x7ff002ef7190>,17,26,[ 3 10],18,61,87,43,58
1,<environment.Job instance at 0x7ff002e60460>,56,17,[4 8],57,87,104,30,75
1,<environment.Job instance at 0x7ff002d4c5a0>,58,16,[8 4],59,104,120,45,91
1,<environment.Job instance at 0x7ff04d5e6b90>,66,15,[4 6],67,120,135,53,110
1,<environment.Job instance at 0x7ff04d6bc6e0>,72,15,[6 2],73,120,135,47,115
1,<environment.Job instance at 0x7ff002d4ebe0>,0,15,[1 8],1,1,16,0,1
1,<environment.Job instance at 0x7ff04d20a960>,4,14,[5 3],5,16,30,11,5
1,<environment.Job instance at 0x7ff04d20aaa0>,7,14,[4 7],8,16,30,8,8
1,<environment.Job instance at 0x7ff002f23730>,13,16,[ 5 10],14,30,46,16,19
1,<environment.Job instance at 0x7ff04d1ef550>,25,3,[9 4],26,46,49,20,26
1,<environment.Job instance at 0x7ff04d1fc280>,21,13,[5 8],22,49,62,27,45
1,<environment.Job instance at 0x7ff046c9f2d0>,36,14,[10  3],37,62,76,25,58
1,<environment.Job instance at 0x7ff04d6ca640>,43,15,[2 7],44,76,91,32,74
1,<environment.Job instance at 0x7ff04d33cf00>,46,17,[8 4],47,91,108,44,79
1,<environment.Job instance at 0x7ff046691eb0>,56,18,[7 3],57,108,126,51,102
1,<environment.Job instance at 0x7ff046cb1e10>,60,16,[ 2 10],61,126,142,65,114
1,<environment.Job instance at 0x7ff0466f9af0>,62,15,[5 5],63,142,157,79,129
1,<environment.Job instance at 0x7ff046d89050>,0,14,[1 7],1,1,15,0,1
1,<environment.Job instance at 0x7ff00302ebe0>,4,14,[5 6],5,15,29,10,5
1,<environment.Job instance at 0x7ff002da9e60>,12,2,[5 3],13,13,15,0,13
1,<environment.Job instance at 0x7ff002da9190>,14,14,[5 3],15,15,29,0,15
1,<environment.Job instance at 0x7ff002e34a00>,17,19,[ 2 10],18,29,48,11,27
1,<environment.Job instance at 0x7ff046706a00>,19,1,[5 1],20,48,49,28,27
1,<environment.Job instance at 0x7ff0031c2f50>,22,14,[5 5],23,48,62,25,39
1,<environment.Job instance at 0x7ff003130f50>,31,12,[4 6],32,62,74,30,55
1,<environment.Job instance at 0x7ff003130aa0>,33,13,[10  4],34,74,87,40,59
1,<environment.Job instance at 0x7ff00301e460>,39,21,[7 2],40,87,108,47,79
1,<environment.Job instance at 0x7ff04d22d3c0>,49,12,[1 8],50,104,116,54,104
1,<environment.Job instance at 0x7ff002c010f0>,51,21,[1 7],52,116,137,64,108
1,<environment.Job instance at 0x7ff04dc389b0>,61,16,[1 5],62,137,153,75,128
1,<environment.Job instance at 0x7ff002b554b0>,6,14,[8 5],7,7,21,0,7
1,<environment.Job instance at 0x7ff0028b7e60>,14,16,[1 6],15,21,37,6,15
1,<environment.Job instance at 0x7ff0028b7d20>,20,1,[8 3],21,24,25,3,24
1,<environment.Job instance at 0x7ff0028734b0>,24,2,[7 5],25,37,39,12,25
1,<environment.Job instance at 0x7ff002873c30>,26,2,[ 2 10],27,39,41,12,27
1,<environment.Job instance at 0x7ff002873960>,25,23,[7 3],26,41,64,15,35
1,<environment.Job instance at 0x7ff002873af0>,31,16,[1 7],32,41,57,9,35
1,<environment.Job instance at 0x7ff0028dc550>,37,2,[4 5],38,64,66,26,55
1,<environment.Job instance at 0x7ff0028dcaf0>,38,18,[5 9],39,66,84,27,61
1,<environment.Job instance at 0x7ff0028dcc30>,39,16,[8 4],40,84,100,44,71
1,<environment.Job instance at 0x7ff0029a4320>,55,15,[8 3],56,101,116,45,101
1,<environment.Job instance at 0x7ff0029a42d0>,57,13,[9 2],58,116,129,58,102
1,<environment.Job instance at 0x7ff0029a47d0>,58,1,[5 9],59,129,130,70,103
1,<environment.Job instance at 0x7ff0029a4e10>,59,2,[ 1 10],60,130,132,70,103
1,<environment.Job instance at 0x7ff0029a4a00>,53,12,[8 2],54,132,144,78,116
1,<environment.Job instance at 0x7ff0028770f0>,68,13,[7 2],69,144,157,75,128
1,<environment.Job instance at 0x7ff002877a00>,1,15,[6 1],2,2,17,0,2
1,<environment.Job instance at 0x7ff00329e500>,12,2,[7 3],13,17,19,4,14
1,<environment.Job instance at 0x7ff00329e280>,13,2,[8 4],14,19,21,5,14
1,<environment.Job instance at 0x7ff0031c72d0>,4,27,[5 1],5,21,48,16,19
1,<environment.Job instance at 0x7ff003172500>,19,14,[2 7],20,24,38,4,24
1,<environment.Job instance at 0x7ff0032a0c80>,26,14,[7 3],27,48,62,21,34
1,<environment.Job instance at 0x7ff0032a05f0>,33,12,[10  2],34,62,74,28,45
1,<environment.Job instance at 0x7ff003145eb0>,40,15,[8 4],41,74,89,33,60
1,<environment.Job instance at 0x7ff04d4e00a0>,49,12,[4 6],50,89,101,39,79
1,<environment.Job instance at 0x7ff04d4e0500>,50,17,[5 2],51,89,106,38,85
1,<environment.Job instance at 0x7ff04d4e0780>,52,16,[1 7],53,101,117,48,89
1,<environment.Job instance at 0x7ff04d504c30>,58,12,[1 5],59,117,129,58,106
1,<environment.Job instance at 0x7ff04d0ebf50>,64,20,[8 2],65,110,130,45,110
1,<environment.Job instance at 0x7ff002f41dc0>,69,13,[2 6],70,129,142,59,117
1,<environment.Job instance at 0x7ff0030013c0>,16,13,[2 7],17,26,39,9,26
1,<environment.Job instance at 0x7ff002ffb6e0>,17,3,[1 5],18,39,42,21,27
1,<environment.Job instance at 0x7ff003277af0>,10,2,[3 9],11,42,44,31,29
1,<environment.Job instance at 0x7ff04d4bd730>,18,14,[2 8],19,44,58,25,33
1,<environment.Job instance at 0x7ff002cffd70>,28,3,[10  2],29,58,61,29,46
1,<environment.Job instance at 0x7ff002cffdc0>,34,14,[5 2],35,61,75,26,60
1,<environment.Job instance at 0x7ff002cff4b0>,32,13,[6 3],33,75,88,42,60
1,<environment.Job instance at 0x7ff002da5910>,42,17,[3 6],43,87,104,44,87
1,<environment.Job instance at 0x7ff0029d7dc0>,45,14,[8 2],46,104,118,58,89
1,<environment.Job instance at 0x7ff046b09af0>,60,17,[8 2],61,118,135,57,117
1,<environment.Job instance at 0x7ff04d44ac80>,41,23,[8 4],42,135,158,93,129
1,<environment.Job instance at 0x7ff002c01780>,1,14,[8 5],2,2,16,0,2
1,<environment.Job instance at 0x7ff046a6e320>,2,18,[5 8],3,16,34,13,6
1,<environment.Job instance at 0x7ff002a1cdc0>,19,17,[8 2],20,34,51,14,22
1,<environment.Job instance at 0x7ff04687e500>,50,27,[3 8],51,127,154,76,127
1,<environment.Job instance at 0x7ff04d7280f0>,4,16,[4 6],5,7,23,2,7
1,<environment.Job instance at 0x7ff0028dc640>,15,3,[5 9],16,23,26,7,18
1,<environment.Job instance at 0x7ff04da87d70>,21,18,[ 5 10],22,46,64,24,46
1,<environment.Job instance at 0x7ff00287c2d0>,28,17,[7 4],29,75,92,46,75
1,<environment.Job instance at 0x7ff0469a5190>,31,14,[ 2 10],32,92,106,60,79
1,<environment.Job instance at 0x7fd4bc751230>,3,18,[ 3 10],4,4,22,0,4
1,<environment.Job instance at 0x7fd4bc751690>,8,17,[ 2 10],9,22,39,13,16
1,<environment.Job instance at 0x7fd4bc7523c0>,26,22,[2 9],27,39,61,12,38
1,<environment.Job instance at 0x7fd4bc752dc0>,35,16,[8 1],36,62,78,26,62
1,<environment.Job instance at 0x7fd4bc76a410>,1,16,[5 4],2,2,18,0,2
1,<environment.Job instance at 0x7fd4c1b87410>,3,16,[6 4],4,18,34,14,5
1,<environment.Job instance at 0x7fd4c1b88410>,10,13,[2 6],11,13,26,2,13
1,<environment.Job instance at 0x7fd4c1ccfe60>,15,14,[3 8],16,34,48,18,19
1,<environment.Job instance at 0x7fd4c1cd46e0>,27,18,[5 2],28,35,53,7,35
1,<environment.Job instance at 0x7fd4c1cd1190>,29,16,[3 5],30,48,64,18,35
1,<environment.Job instance at 0x7fd4c1cd1230>,31,14,[5 3],32,53,67,21,38
1,<environment.Job instance at 0x7fd4c1cdb870>,37,13,[ 4 10],38,67,80,29,51
1,<environment.Job instance at 0x7fd4c1be7a50>,52,14,[8 4],53,96,110,43,96
1,<environment.Job instance at 0x7fd4c1be70f0>,56,23,[5 8],57,112,135,55,112
1,<environment.Job instance at 0x7fd4769af870>,6,13,[3 6],7,7,20,0,7
1,<environment.Job instance at 0x7fd4bc9490a0>,17,1,[4 8],18,21,22,3,21
1,<environment.Job instance at 0x7fd4769afdc0>,13,18,[9 2],14,22,40,8,21
1,<environment.Job instance at 0x7fd4bc4cd550>,26,15,[7 3],27,40,55,13,34
1,<environment.Job instance at 0x7fd4769ee500>,29,1,[8 5],30,55,56,25,38
1,<environment.Job instance at 0x7fd4769ee690>,31,15,[10  3],32,56,71,24,51
1,<environment.Job instance at 0x7fd4769eed20>,35,2,[4 6],36,71,73,35,52
1,<environment.Job instance at 0x7fd4bc4ccf00>,43,15,[7 4],44,73,88,29,71
1,<environment.Job instance at 0x7fd4769a2460>,48,2,[1 7],49,112,114,63,112
1,<environment.Job instance at 0x7fd4769a9be0>,50,13,[ 4 10],51,114,127,63,113
1,<environment.Job instance at 0x7fd4bc98d500>,49,3,[8 4],50,127,130,77,113
1,<environment.Job instance at 0x7fd4769a9280>,51,16,[2 8],52,130,146,78,117
1,<environment.Job instance at 0x7fd4bc7b5820>,2,13,[3 9],3,3,16,0,3
1,<environment.Job instance at 0x7fd4bc8a0c30>,6,13,[8 4],7,16,29,9,7
1,<environment.Job instance at 0x7fd4bca0db90>,16,13,[7 1],17,29,42,12,18
1,<environment.Job instance at 0x7fd4bc5aeeb0>,23,17,[1 8],24,31,48,7,31
1,<environment.Job instance at 0x7fd4bc5aed20>,25,24,[3 9],26,48,72,22,44
1,<environment.Job instance at 0x7fd476a796e0>,34,15,[ 1 10],35,72,87,37,58
1,<environment.Job instance at 0x7fd476b31280>,44,25,[1 7],45,87,112,42,86
1,<environment.Job instance at 0x7fd4c1ccc730>,55,14,[7 3],56,113,127,57,113
1,<environment.Job instance at 0x7fd4bc5ce190>,20,12,[7 2],21,30,42,9,30
1,<environment.Job instance at 0x7fd4bcba95f0>,16,17,[ 1 10],17,42,59,25,30
1,<environment.Job instance at 0x7fd477101aa0>,22,3,[1 9],23,59,62,36,34
1,<environment.Job instance at 0x7fd4bc5f31e0>,32,17,[2 5],33,76,93,43,76
1,<environment.Job instance at 0x7fd4bc5c9370>,40,18,[8 1],41,78,96,37,78
1,<environment.Job instance at 0x7fd4bc5bd9b0>,46,18,[9 4],47,96,114,49,86
1,<environment.Job instance at 0x7fd4bc5bd2d0>,52,15,[10  1],53,114,129,61,110
1,<environment.Job instance at 0x7fd4bc5f6c80>,56,13,[3 9],57,129,142,72,129
1,<environment.Job instance at 0x7fd4bc5f6690>,60,2,[6 4],61,142,144,81,129
1,<environment.Job instance at 0x7fd4bc5e4b90>,62,15,[2 5],63,142,157,79,130
1,<environment.Job instance at 0x7fd477044eb0>,3,16,[5 3],4,4,20,0,4
1,<environment.Job instance at 0x7fd477044aa0>,4,17,[5 1],5,5,22,0,5
1,<environment.Job instance at 0x7fd477044500>,8,24,[4 7],9,20,44,11,15
1,<environment.Job instance at 0x7fd4c1047550>,29,1,[5 1],30,41,42,11,41
1,<environment.Job instance at 0x7fd4c10470a0>,30,12,[1 7],31,44,56,13,41
1,<environment.Job instance at 0x7fd4c10471e0>,32,17,[ 2 10],33,56,73,23,44
1,<environment.Job instance at 0x7fd4c1358190>,41,21,[4 7],42,73,94,31,70
1,<environment.Job instance at 0x7fd476de30f0>,51,18,[4 8],52,101,119,49,101
1,<environment.Job instance at 0x7fd476de3370>,54,14,[3 8],55,119,133,64,105
1,<environment.Job instance at 0x7fd4c13be820>,61,12,[5 5],62,133,145,71,130
1,<environment.Job instance at 0x7fd4c13bed70>,62,16,[3 8],63,145,161,82,132
1,<environment.Job instance at 0x7fd4769fcc30>,8,16,[9 4],9,9,25,0,9
1,<environment.Job instance at 0x7fd4bc9cd5a0>,9,15,[5 7],10,25,40,15,11
1,<environment.Job instance at 0x7fd4bc9848c0>,14,13,[2 6],15,40,53,25,26
1,<environment.Job instance at 0x7fd4bc847820>,16,18,[7 4],17,40,58,23,31
1,<environment.Job instance at 0x7fd4c1a81410>,24,14,[5 3],25,58,72,33,53
1,<environment.Job instance at 0x7fd4bc6cddc0>,29,17,[9 2],30,72,89,42,71
1,<environment.Job instance at 0x7fd4c0fc1320>,30,14,[10  1],31,89,103,58,81
1,<environment.Job instance at 0x7fd4bc639c30>,40,16,[ 2 10],41,103,119,62,90
1,<environment.Job instance at 0x7fd4bc639f00>,45,18,[ 5 10],46,119,137,73,108
1,<environment.Job instance at 0x7fd4770462d0>,52,1,[6 3],53,137,138,84,114
1,<environment.Job instance at 0x7fd476bedbe0>,57,18,[3 8],58,138,156,80,129
1,<environment.Job instance at 0x7fd4c102ec30>,2,13,[2 9],3,3,16,0,3
1,<environment.Job instance at 0x7fd4c14295a0>,5,18,[7 5],6,16,34,10,6
1,<environment.Job instance at 0x7fd4c1429cd0>,14,18,[10  2],15,34,52,19,23
1,<environment.Job instance at 0x7fd4c140a550>,22,1,[9 5],23,52,53,29,37
1,<environment.Job instance at 0x7fd4c140a5a0>,23,14,[ 5 10],24,53,67,29,39
1,<environment.Job instance at 0x7fd4c140aa00>,28,15,[5 8],29,67,82,38,59
1,<environment.Job instance at 0x7fd4c140afa0>,35,15,[8 1],36,82,97,46,68
1,<environment.Job instance at 0x7fd4c13fbc80>,52,16,[9 4],53,124,140,71,124
1,<environment.Job instance at 0x7fd4c13fc1e0>,1,16,[3 9],2,3,19,1,3
1,<environment.Job instance at 0x7fd4c1508b90>,4,13,[2 7],5,19,32,14,6
1,<environment.Job instance at 0x7fd4c1508f50>,9,3,[1 7],10,32,35,22,11
1,<environment.Job instance at 0x7fd4bc8e1eb0>,13,2,[2 7],14,35,37,21,15
1,<environment.Job instance at 0x7fd4bc8e1280>,15,16,[7 3],16,19,35,3,19
1,<environment.Job instance at 0x7fd476e04be0>,20,20,[9 3],21,37,57,16,33
1,<environment.Job instance at 0x7fd4c105ceb0>,28,26,[8 2],29,57,83,28,54
1,<environment.Job instance at 0x7fd476c8bf00>,34,13,[2 8],35,66,79,31,66
1,<environment.Job instance at 0x7fd4bc8e1b90>,11,28,[3 6],12,90,118,78,90
1,<environment.Job instance at 0x7fd4c108ff50>,38,3,[10  2],39,118,121,79,93
1,<environment.Job instance at 0x7fd4bc74ad70>,42,18,[7 4],43,121,139,78,110
1,<environment.Job instance at 0x7fd4bc679640>,53,16,[3 8],54,139,155,85,128
1,<environment.Job instance at 0x7fd4c1a5c4b0>,3,12,[5 4],4,6,18,2,6
1,<environment.Job instance at 0x7fd4c1024a00>,7,15,[3 6],8,8,23,0,8
1,<environment.Job instance at 0x7fd4c10240f0>,8,14,[ 1 10],9,23,37,14,9
1,<environment.Job instance at 0x7fd4bc6fb190>,15,2,[8 1],16,37,39,21,18
1,<environment.Job instance at 0x7fd4bcb6bc30>,14,13,[3 6],15,39,52,24,23
1,<environment.Job instance at 0x7fd4bc505be0>,20,3,[ 4 10],21,52,55,31,26
1,<environment.Job instance at 0x7fd4bcb6bd20>,17,1,[ 4 10],18,55,56,37,28
1,<environment.Job instance at 0x7fd4bcb6b7d0>,19,28,[3 9],20,56,84,36,55
1,<environment.Job instance at 0x7fd4bc6cbfa0>,39,12,[3 9],40,84,96,44,72
1,<environment.Job instance at 0x7fd4c10ca9b0>,63,18,[4 5],64,130,148,66,130
1,<environment.Job instance at 0x7fd4bc5e5e60>,65,15,[1 5],66,132,147,66,132
1,<environment.Job instance at 0x7fd4c1140050>,10,1,[2 5],11,11,12,0,11
1,<environment.Job instance at 0x7fd4c11401e0>,11,12,[7 2],12,12,24,0,12
1,<environment.Job instance at 0x7fd4c1140780>,17,1,[10  3],18,24,25,6,24
1,<environment.Job instance at 0x7fd4c1140a00>,20,3,[8 1],21,25,28,4,25
1,<environment.Job instance at 0x7fd4c1140f00>,24,15,[6 2],25,43,58,18,43
1,<environment.Job instance at 0x7fd4c1140fa0>,26,16,[5 9],27,58,74,31,45
1,<environment.Job instance at 0x7fd4c1127140>,28,24,[5 6],29,74,98,45,71
1,<environment.Job instance at 0x7fd4c1127a50>,40,20,[ 4 10],41,98,118,57,89
1,<environment.Job instance at 0x7fd4bc8590f0>,46,24,[4 5],47,118,142,71,113
1,<environment.Job instance at 0x7fd4bc859730>,56,16,[4 9],57,142,158,85,132
1,<environment.Job instance at 0x7fd4bca0ba50>,0,13,[8 3],1,1,14,0,1
1,<environment.Job instance at 0x7fd4bca44500>,7,12,[6 5],8,14,26,6,9
1,<environment.Job instance at 0x7fd4bca44410>,13,2,[6 2],14,26,28,12,14
1,<environment.Job instance at 0x7fd4bc9b0c80>,15,25,[4 5],16,17,42,1,17
1,<environment.Job instance at 0x7fd4bc9b04b0>,16,2,[ 1 10],17,42,44,25,17
1,<environment.Job instance at 0x7fd4bc9b0a50>,17,3,[2 7],18,44,47,26,18
1,<environment.Job instance at 0x7fd4bca448c0>,11,12,[5 3],12,28,40,16,18
1,<environment.Job instance at 0x7fd476a1c320>,24,2,[3 9],25,47,49,22,26
1,<environment.Job instance at 0x7fd4bc5217d0>,33,15,[ 2 10],34,49,64,15,36
1,<environment.Job instance at 0x7fd4bca44be0>,10,20,[8 5],11,64,84,53,55
1,<environment.Job instance at 0x7fd4c12ba0a0>,53,14,[ 5 10],54,84,98,30,69
1,<environment.Job instance at 0x7fd4c154d690>,62,17,[5 7],63,98,115,35,87
1,<environment.Job instance at 0x7fd476bf45a0>,71,17,[9 4],72,115,132,43,110
1,<environment.Job instance at 0x7fd476bf4f00>,74,2,[8 5],75,132,134,57,110
1,<environment.Job instance at 0x7fd4bc590320>,1,16,[8 4],2,2,18,0,2
1,<environment.Job instance at 0x7fd4bc5901e0>,5,15,[9 1],6,18,33,12,6
1,<environment.Job instance at 0x7fd4bc8cc3c0>,20,12,[9 4],21,33,45,12,25
1,<environment.Job instance at 0x7fd4bc8ccfa0>,23,16,[ 5 10],24,45,61,21,34
1,<environment.Job instance at 0x7fd4bc8cc550>,27,1,[7 5],28,61,62,33,46
1,<environment.Job instance at 0x7fd4bc8cceb0>,28,1,[10  1],29,62,63,33,53
1,<environment.Job instance at 0x7fd4c12bfd20>,33,13,[6 5],34,63,76,29,55
1,<environment.Job instance at 0x7fd4c12bf280>,43,16,[9 5],44,76,92,32,64
1,<environment.Job instance at 0x7fd4bc7efbe0>,45,20,[7 2],46,92,112,46,83
1,<environment.Job instance at 0x7fd4bc6b9f50>,51,17,[9 3],52,112,129,60,100
1,<environment.Job instance at 0x7fd476a8c870>,56,17,[8 4],57,129,146,72,123
1,<environment.Job instance at 0x7fd4c11f1320>,4,14,[5 6],5,5,19,0,5
1,<environment.Job instance at 0x7fd4c11f1820>,7,17,[ 5 10],8,19,36,11,8
1,<environment.Job instance at 0x7fd4c120e870>,19,1,[5 1],20,36,37,16,27
1,<environment.Job instance at 0x7fd4c11f1cd0>,9,23,[5 7],10,36,59,26,32
1,<environment.Job instance at 0x7fd4bc8d6fa0>,33,13,[10  4],34,61,74,27,61
1,<environment.Job instance at 0x7fd4c13ad460>,37,15,[8 5],38,74,89,36,65
1,<environment.Job instance at 0x7fd4c154b9b0>,43,14,[6 1],44,91,105,47,91
1,<environment.Job instance at 0x7fd476a8e0a0>,42,16,[8 1],43,105,121,62,92
1,<environment.Job instance at 0x7fd4c1145910>,49,12,[1 8],50,94,106,44,94
1,<environment.Job instance at 0x7fd476a85550>,54,3,[ 3 10],55,121,124,66,105
1,<environment.Job instance at 0x7fd476a85be0>,56,16,[1 7],57,124,140,67,111
1,<environment.Job instance at 0x7fd476a8f370>,63,15,[2 8],64,140,155,76,127
1,<environment.Job instance at 0x7fd476eabaf0>,3,18,[6 1],4,4,22,0,4
1,<environment.Job instance at 0x7fd476a45780>,11,2,[10  3],12,22,24,10,12
1,<environment.Job instance at 0x7fd4c16b60f0>,13,15,[8 2],14,24,39,10,14
1,<environment.Job instance at 0x7fd4bc8a25a0>,21,16,[1 7],22,24,40,2,22
1,<environment.Job instance at 0x7fd476c5f410>,27,2,[4 5],28,41,43,13,41
1,<environment.Job instance at 0x7fd4bc8a2370>,17,20,[8 3],18,43,63,25,42
1,<environment.Job instance at 0x7fd4c16d6b40>,35,15,[ 3 10],36,63,78,27,58
1,<environment.Job instance at 0x7fd476eb77d0>,57,22,[6 4],58,129,151,71,129
1,<environment.Job instance at 0x7fd476eb7dc0>,59,2,[1 6],60,130,132,70,130
1,<environment.Job instance at 0x7fd476eb7be0>,58,13,[7 2],59,151,164,92,135
1,<environment.Job instance at 0x7fd476c44730>,2,16,[3 7],3,3,19,0,3
1,<environment.Job instance at 0x7fd476c44b90>,6,14,[7 3],7,8,22,1,8
1,<environment.Job instance at 0x7fd476c44e10>,12,16,[6 4],13,22,38,9,13
1,<environment.Job instance at 0x7fd4bc809960>,22,17,[1 7],23,38,55,15,31
1,<environment.Job instance at 0x7fd476767fa0>,29,12,[4 6],30,55,67,25,41
1,<environment.Job instance at 0x7fd476767a50>,36,12,[2 8],37,67,79,30,50
1,<environment.Job instance at 0x7fd4c120e780>,42,3,[10  5],43,79,82,36,66
1,<environment.Job instance at 0x7fd476767780>,37,18,[2 7],38,82,100,44,71
1,<environment.Job instance at 0x7fd476e01c80>,53,19,[7 1],54,82,101,28,80
1,<environment.Job instance at 0x7fd476e01f50>,62,16,[9 2],63,101,117,38,88
1,<environment.Job instance at 0x7fd476ec1050>,72,17,[4 9],73,119,136,46,119
1,<environment.Job instance at 0x7fd476ec1b40>,1,12,[7 1],2,2,14,0,2
1,<environment.Job instance at 0x7fd4bc87da00>,7,14,[6 1],8,14,28,6,8
1,<environment.Job instance at 0x7fd4bc5f1320>,10,16,[4 9],11,15,31,4,15
1,<environment.Job instance at 0x7fd4bc8625a0>,13,14,[5 4],14,31,45,17,22
1,<environment.Job instance at 0x7fd476a37f50>,22,2,[6 2],23,45,47,22,23
1,<environment.Job instance at 0x7fd4bc8620f0>,11,23,[8 4],12,47,70,35,43
1,<environment.Job instance at 0x7fd476b68dc0>,35,14,[9 4],36,70,84,34,55
1,<environment.Job instance at 0x7fd4bc62b7d0>,43,1,[6 2],44,84,85,40,59
1,<environment.Job instance at 0x7fd4bc62bb40>,44,2,[1 8],45,84,86,39,60
1,<environment.Job instance at 0x7fd4bc5fb230>,50,1,[3 7],51,86,87,35,64
1,<environment.Job instance at 0x7fd4bc5ff280>,32,13,[6 1],33,87,100,54,87
1,<environment.Job instance at 0x7fd4bc823d20>,65,12,[10  4],66,102,114,36,102
1,<environment.Job instance at 0x7fd4c0f90eb0>,3,16,[10  1],4,4,20,0,4
1,<environment.Job instance at 0x7fd476eb3690>,4,17,[4 8],5,20,37,15,10
1,<environment.Job instance at 0x7fd4bc523190>,18,1,[7 4],19,37,38,18,29
1,<environment.Job instance at 0x7fd4768dd4b0>,20,20,[7 1],21,38,58,17,36
1,<environment.Job instance at 0x7fd476d2b410>,28,12,[6 1],29,58,70,29,41
1,<environment.Job instance at 0x7fd4c1358050>,42,28,[1 7],43,88,116,45,88
1,<environment.Job instance at 0x7fd4c14a0cd0>,47,16,[7 4],48,116,132,68,111
1,<environment.Job instance at 0x7fd47696d640>,54,27,[3 7],55,137,164,82,137
1,<environment.Job instance at 0x7fd476cdbd70>,1,26,[6 3],2,3,29,1,3
1,<environment.Job instance at 0x7fd4c11a8b40>,10,14,[5 1],11,29,43,18,17
1,<environment.Job instance at 0x7fd4bc4bd7d0>,23,13,[6 4],24,43,56,19,28
1,<environment.Job instance at 0x7fd476e44640>,30,14,[2 7],31,56,70,25,56
1,<environment.Job instance at 0x7fd4c11a8dc0>,12,17,[4 9],13,70,87,57,63
1,<environment.Job instance at 0x7fd476e441e0>,36,1,[1 6],37,87,88,50,63
1,<environment.Job instance at 0x7fd4bc55baa0>,43,18,[2 9],44,96,114,52,96
1,<environment.Job instance at 0x7fd4766e2190>,54,19,[1 7],55,139,158,84,139
1,<environment.Job instance at 0x7fd4bc865fa0>,1,17,[5 5],2,2,19,0,2
1,<environment.Job instance at 0x7fd4769bfc30>,4,17,[1 5],5,5,22,0,5
1,<environment.Job instance at 0x7fd47673a190>,20,24,[7 2],21,30,54,9,30
1,<environment.Job instance at 0x7fd4769b0be0>,23,17,[2 5],24,31,48,7,31
1,<environment.Job instance at 0x7fd476bf4aa0>,25,14,[3 5],26,48,62,22,44
1,<environment.Job instance at 0x7fd476bf4a50>,29,14,[3 9],30,62,76,32,47
1,<environment.Job instance at 0x7fd4bcb85050>,33,2,[5 6],34,76,78,42,57
1,<environment.Job instance at 0x7fd4bcb85960>,37,18,[3 7],38,78,96,40,76
1,<environment.Job instance at 0x7fd4bcb85690>,39,12,[8 3],40,96,108,56,81
1,<environment.Job instance at 0x7fd4bc902cd0>,44,15,[ 5 10],45,108,123,63,95
1,<environment.Job instance at 0x7fd4bcba4af0>,50,16,[9 3],51,123,139,72,110
1,<environment.Job instance at 0x7fd4bcba4dc0>,61,17,[4 6],62,139,156,77,138
1,<environment.Job instance at 0x7fbd6193b1e0>,0,18,[ 2 10],1,1,19,0,1
1,<environment.Job instance at 0x7fbd5a52b820>,10,1,[7 3],11,19,20,8,16
1,<environment.Job instance at 0x7fbd5a52baf0>,13,13,[1 8],14,20,33,6,17
1,<environment.Job instance at 0x7fbd5a52b780>,16,12,[1 8],17,33,45,16,18
1,<environment.Job instance at 0x7fbd5a52bcd0>,18,16,[8 5],19,45,61,26,33
1,<environment.Job instance at 0x7fbd5a52d5a0>,29,13,[1 6],30,61,74,31,54
1,<environment.Job instance at 0x7fbd5a52d960>,32,17,[9 3],33,61,78,28,57
1,<environment.Job instance at 0x7fbd5a5315f0>,41,14,[6 1],42,78,92,36,78
1,<environment.Job instance at 0x7fbd5a531690>,42,14,[8 4],43,92,106,49,78
1,<environment.Job instance at 0x7fbd5a531a50>,48,13,[6 1],49,106,119,57,99
1,<environment.Job instance at 0x7fbd5a531af0>,49,2,[1 9],50,106,108,56,99
1,<environment.Job instance at 0x7fbd5a534230>,56,18,[4 5],57,117,135,60,117
1,<environment.Job instance at 0x7fbd5a534050>,55,17,[4 7],56,135,152,79,123
1,<environment.Job instance at 0x7fbd5a542eb0>,1,16,[1 9],2,2,18,0,2
1,<environment.Job instance at 0x7fbd5a5f3c80>,2,16,[6 2],3,18,34,15,6
1,<environment.Job instance at 0x7fbd61ab1410>,10,12,[6 3],11,34,46,23,21
1,<environment.Job instance at 0x7fbd61ab1690>,19,16,[3 5],20,22,38,2,22
1,<environment.Job instance at 0x7fbd619642d0>,21,14,[5 3],22,46,60,24,31
1,<environment.Job instance at 0x7fbd619640a0>,25,25,[3 9],26,60,85,34,56
1,<environment.Job instance at 0x7fbd61aaeb90>,58,22,[9 2],59,143,165,84,143
1,<environment.Job instance at 0x7fbd5aa697d0>,6,15,[7 3],7,9,24,2,9
1,<environment.Job instance at 0x7fbd16ebb690>,11,15,[10  3],12,24,39,12,12
1,<environment.Job instance at 0x7fbd5a2e3050>,7,17,[7 5],8,39,56,31,39
1,<environment.Job instance at 0x7fbd5a73a8c0>,24,3,[5 8],25,56,59,31,39
1,<environment.Job instance at 0x7fbd5a389d20>,26,15,[6 2],27,61,76,34,61
1,<environment.Job instance at 0x7fbd167cd460>,32,2,[6 1],33,76,78,43,62
1,<environment.Job instance at 0x7fbd167cd910>,33,13,[2 5],34,64,77,30,64
1,<environment.Job instance at 0x7fbd5a38b780>,31,16,[2 8],32,77,93,45,66
1,<environment.Job instance at 0x7fbd167d1050>,41,15,[3 5],42,93,108,51,86
1,<environment.Job instance at 0x7fbd167d1410>,44,12,[3 5],45,93,105,48,86
1,<environment.Job instance at 0x7fbd1683fe60>,49,1,[4 6],50,108,109,58,103
1,<environment.Job instance at 0x7fbd1690f5f0>,55,16,[2 6],56,117,133,61,117
1,<environment.Job instance at 0x7fbd1690fb40>,56,15,[10  5],57,133,148,76,119
1,<environment.Job instance at 0x7fbd1690f910>,58,16,[3 6],59,148,164,89,135
1,<environment.Job instance at 0x7fbd5a6bff50>,17,13,[6 5],18,18,31,0,18
1,<environment.Job instance at 0x7fbd168cd9b0>,22,12,[4 9],23,31,43,8,24
1,<environment.Job instance at 0x7fbd169a8410>,26,27,[5 8],27,43,70,16,41
1,<environment.Job instance at 0x7fbd16e07910>,35,19,[7 5],36,70,89,34,63
1,<environment.Job instance at 0x7fbd5a7c9af0>,42,17,[2 5],43,75,92,32,75
1,<environment.Job instance at 0x7fbd5a7c98c0>,43,14,[8 2],44,89,103,45,76
1,<environment.Job instance at 0x7fbd16c9d640>,49,18,[5 8],50,103,121,53,92
1,<environment.Job instance at 0x7fbd169654b0>,56,14,[7 5],57,121,135,64,109
1,<environment.Job instance at 0x7fbd5a34bf50>,5,13,[3 9],6,6,19,0,6
1,<environment.Job instance at 0x7fbd16b4a8c0>,9,2,[ 4 10],10,19,21,9,11
1,<environment.Job instance at 0x7fbd16ba3a00>,13,17,[5 3],14,21,38,7,15
1,<environment.Job instance at 0x7fbd5a97d780>,14,24,[4 5],15,21,45,6,20
1,<environment.Job instance at 0x7fbd5a987320>,19,3,[5 9],20,45,48,25,20
1,<environment.Job instance at 0x7fbd5a987a00>,20,2,[6 4],21,38,40,17,22
1,<environment.Job instance at 0x7fbd5a987960>,21,2,[3 5],22,40,42,18,22
1,<environment.Job instance at 0x7fbd5a9a1af0>,31,13,[6 5],32,48,61,16,34
1,<environment.Job instance at 0x7fbd5a987c80>,24,16,[9 2],25,61,77,36,48
1,<environment.Job instance at 0x7fbd5a9998c0>,44,15,[7 3],45,77,92,32,64
1,<environment.Job instance at 0x7fbd5b025280>,55,3,[9 2],56,92,95,36,78
1,<environment.Job instance at 0x7fbd5b00c960>,56,2,[8 4],57,95,97,38,81
1,<environment.Job instance at 0x7fbd5b002230>,57,3,[10  4],58,97,100,39,81
1,<environment.Job instance at 0x7fbd5a98e370>,49,23,[6 5],50,100,123,50,98
1,<environment.Job instance at 0x7fbd5a323a50>,68,22,[7 5],69,124,146,55,124
1,<environment.Job instance at 0x7fbd5a9bba50>,4,14,[3 8],5,5,19,0,5
1,<environment.Job instance at 0x7fbd5a9bbe10>,6,12,[2 7],7,19,31,12,8
1,<environment.Job instance at 0x7fbd5a9b2dc0>,17,2,[7 4],18,31,33,13,19
1,<environment.Job instance at 0x7fbd5a9b2eb0>,16,18,[10  2],17,33,51,16,27
1,<environment.Job instance at 0x7fbd5af60b40>,22,3,[4 8],23,51,54,28,29
1,<environment.Job instance at 0x7fbd5af607d0>,28,3,[2 6],29,54,57,25,51
1,<environment.Job instance at 0x7fbd5a9b2960>,12,16,[3 8],13,57,73,44,53
1,<environment.Job instance at 0x7fbd5ac01a00>,46,3,[5 4],47,81,84,34,81
1,<environment.Job instance at 0x7fbd5ac01be0>,47,2,[7 2],48,84,86,36,81
1,<environment.Job instance at 0x7fbd5ac01640>,48,12,[ 4 10],49,86,98,37,81
1,<environment.Job instance at 0x7fbd5ac01550>,49,1,[5 7],50,98,99,48,81
1,<environment.Job instance at 0x7fbd5a9db140>,50,14,[ 2 10],51,99,113,48,85
1,<environment.Job instance at 0x7fbd5a9dbb40>,55,17,[ 3 10],56,113,130,57,101
1,<environment.Job instance at 0x7fbd5a9db370>,56,13,[3 9],57,130,143,73,119
1,<environment.Job instance at 0x7fbd5afe8dc0>,61,3,[1 9],62,143,146,81,127
1,<environment.Job instance at 0x7fbd5ab99c80>,67,2,[9 3],68,146,148,78,128
1,<environment.Job instance at 0x7fbd5ab99f50>,66,13,[5 5],67,148,161,81,132
1,<environment.Job instance at 0x7fbd5b1e33c0>,1,18,[10  5],2,2,20,0,2
1,<environment.Job instance at 0x7fbd16a80690>,11,21,[4 9],12,20,41,8,12
1,<environment.Job instance at 0x7fbd16bf2d70>,15,23,[8 4],16,41,64,25,36
1,<environment.Job instance at 0x7fbd5a63c730>,32,1,[5 1],33,64,65,31,54
1,<environment.Job instance at 0x7fbd5a63c910>,33,16,[9 4],34,65,81,31,57
1,<environment.Job instance at 0x7fbd5acaf050>,46,19,[2 9],47,83,102,36,83
1,<environment.Job instance at 0x7fbd16e67190>,51,18,[3 8],52,107,125,55,107
1,<environment.Job instance at 0x7fbd5a84df50>,25,16,[10  5],26,125,141,99,113
1,<environment.Job instance at 0x7fbd5aaf7d20>,59,17,[ 1 10],60,141,158,81,136
1,<environment.Job instance at 0x7fbd5ac9eb90>,2,15,[8 4],3,3,18,0,3
1,<environment.Job instance at 0x7fbd1687ceb0>,8,12,[9 3],9,18,30,9,9
1,<environment.Job instance at 0x7fbd1687cfa0>,9,13,[6 4],10,30,43,20,14
1,<environment.Job instance at 0x7fbd1687cd20>,10,3,[8 3],11,43,46,32,19
1,<environment.Job instance at 0x7fbd16a7fe10>,23,3,[8 2],24,46,49,22,36
1,<environment.Job instance at 0x7fbd16a7fb40>,22,13,[7 2],23,49,62,26,43
1,<environment.Job instance at 0x7fbd16a7b140>,29,15,[10  2],30,62,77,32,48
1,<environment.Job instance at 0x7fbd1687cf50>,11,28,[9 4],12,86,114,74,86
1,<environment.Job instance at 0x7fbd16a7be10>,44,22,[4 9],45,114,136,69,107
1,<environment.Job instance at 0x7fbd16a89820>,52,12,[ 1 10],53,136,148,83,122
1,<environment.Job instance at 0x7fbd16a89be0>,58,3,[ 1 10],59,148,151,89,138
1,<environment.Job instance at 0x7fbd5a46c460>,3,13,[8 4],4,4,17,0,4
1,<environment.Job instance at 0x7fbd16cccd20>,5,16,[7 3],6,17,33,11,6
1,<environment.Job instance at 0x7fbd16a0c2d0>,17,18,[1 6],18,24,42,6,24
1,<environment.Job instance at 0x7fbd16c75dc0>,20,17,[9 2],21,33,50,12,24
1,<environment.Job instance at 0x7fbd5adc5320>,22,14,[7 3],23,50,64,27,35
1,<environment.Job instance at 0x7fbd5ab1c320>,35,14,[5 7],36,64,78,28,58
1,<environment.Job instance at 0x7fbd5b0cffa0>,36,16,[9 2],37,78,94,41,65
1,<environment.Job instance at 0x7fbd5a524690>,46,18,[5 5],47,94,112,47,84
1,<environment.Job instance at 0x7fbd5ac4b730>,50,17,[ 5 10],51,112,129,61,102
1,<environment.Job instance at 0x7fbd16c3f5a0>,62,18,[3 7],63,129,147,66,119
1,<environment.Job instance at 0x7fbd61aaa0a0>,70,25,[5 3],71,130,155,59,130
1,<environment.Job instance at 0x7fbd16a11640>,4,13,[5 8],5,7,20,2,7
1,<environment.Job instance at 0x7fbd5ade72d0>,12,2,[10  3],13,20,22,7,16
1,<environment.Job instance at 0x7fbd16674a00>,17,18,[1 9],18,22,40,4,19
1,<environment.Job instance at 0x7fbd16e67910>,22,18,[10  5],23,40,58,17,30
1,<environment.Job instance at 0x7fbd5ac10f50>,25,18,[5 6],26,58,76,32,47
1,<environment.Job instance at 0x7fbd5ac1e9b0>,34,15,[2 7],35,76,91,41,66
1,<environment.Job instance at 0x7fbd5a2ec5a0>,49,25,[3 6],50,92,117,42,92
1,<environment.Job instance at 0x7fbd1690e320>,52,3,[2 8],53,117,120,64,112
1,<environment.Job instance at 0x7fbd1690ebe0>,56,16,[1 5],57,134,150,77,134
1,<environment.Job instance at 0x7fbd16d304b0>,58,13,[10  4],59,150,163,91,134
1,<environment.Job instance at 0x7fbd5ae1e640>,61,12,[7 2],62,136,148,74,136
1,<environment.Job instance at 0x7fbd5a3e5320>,5,14,[4 8],6,9,23,3,9
1,<environment.Job instance at 0x7fbd5a3e5730>,10,25,[5 5],11,23,48,12,19
1,<environment.Job instance at 0x7fbd5a3d8230>,25,18,[4 6],26,48,66,22,46
1,<environment.Job instance at 0x7fbd5a3d8af0>,31,12,[8 1],32,66,78,34,58
1,<environment.Job instance at 0x7fbd5a3d8c30>,33,3,[6 5],34,78,81,44,63
1,<environment.Job instance at 0x7fbd5a3d8d20>,34,19,[ 5 10],35,81,100,46,73
1,<environment.Job instance at 0x7fbd5a3da190>,42,1,[1 8],43,100,101,57,99
1,<environment.Job instance at 0x7fbd5a3da370>,45,15,[10  1],46,107,122,61,107
1,<environment.Job instance at 0x7fbd5a3da690>,47,12,[6 5],48,122,134,74,109
1,<environment.Job instance at 0x7fbd5a3d8aa0>,29,17,[ 1 10],30,134,151,104,126
1,<environment.Job instance at 0x7fbd5a3daeb0>,56,2,[ 1 10],57,151,153,94,128
1,<environment.Job instance at 0x7fbd5a3f1190>,59,1,[5 6],60,153,154,93,128
1,<environment.Job instance at 0x7fbd5a3f17d0>,1,23,[5 9],2,8,31,6,8
1,<environment.Job instance at 0x7fbd5a78c690>,23,12,[8 2],24,36,48,12,36
1,<environment.Job instance at 0x7fbd5a78c820>,24,1,[10  4],25,48,49,23,36
1,<environment.Job instance at 0x7fbd5a78cdc0>,25,2,[8 4],26,49,51,23,39
1,<environment.Job instance at 0x7fbd5a78c460>,20,15,[10  5],21,51,66,30,42
1,<environment.Job instance at 0x7fbd5a4d75f0>,33,12,[6 5],34,84,96,50,84
1,<environment.Job instance at 0x7fbd5a76c2d0>,41,2,[6 3],42,96,98,54,85
1,<environment.Job instance at 0x7fbd5a76c9b0>,44,14,[5 3],45,98,112,53,88
1,<environment.Job instance at 0x7fbd5a76cb90>,40,15,[1 8],41,112,127,71,98
1,<environment.Job instance at 0x7fbd16b03370>,51,23,[1 8],52,137,160,85,137
1,<environment.Job instance at 0x7fbd5a3850f0>,2,18,[2 5],3,3,21,0,3
1,<environment.Job instance at 0x7fbd16ca9280>,7,15,[6 2],8,8,23,0,8
1,<environment.Job instance at 0x7fbd5a6030f0>,12,15,[10  3],13,23,38,10,15
1,<environment.Job instance at 0x7fbd616c2640>,24,14,[5 6],25,39,53,14,39
1,<environment.Job instance at 0x7fbd1687c730>,26,1,[3 9],27,53,54,26,41
1,<environment.Job instance at 0x7fbd616c27d0>,19,14,[4 7],20,54,68,34,45
1,<environment.Job instance at 0x7fbd1687ce10>,27,17,[ 5 10],28,68,85,40,59
1,<environment.Job instance at 0x7fbd5a6bb640>,37,19,[ 2 10],38,85,104,47,80
1,<environment.Job instance at 0x7fbd5a6bb4b0>,42,14,[5 5],43,104,118,61,93
1,<environment.Job instance at 0x7fbd5a5b95a0>,51,12,[4 6],52,118,130,66,112
1,<environment.Job instance at 0x7fbd5aaea7d0>,57,15,[8 5],58,130,145,72,120
1,<environment.Job instance at 0x7fbd5aaeac30>,60,13,[4 9],61,145,158,84,129
1,<environment.Job instance at 0x7fbd5aa9c870>,3,13,[2 7],4,4,17,0,4
1,<environment.Job instance at 0x7fbd5abe3690>,5,18,[4 9],6,17,35,11,7
1,<environment.Job instance at 0x7fbd5abd4410>,19,2,[9 5],20,35,37,15,21
1,<environment.Job instance at 0x7fbd5abd4230>,20,1,[8 3],21,37,38,16,21
1,<environment.Job instance at 0x7fbd5abe4690>,22,3,[ 4 10],23,38,41,15,23
1,<environment.Job instance at 0x7fbd5b0713c0>,23,15,[8 2],24,41,56,17,30
1,<environment.Job instance at 0x7fbd16c4f5a0>,34,12,[ 1 10],35,56,68,21,47
1,<environment.Job instance at 0x7fbd16d5f2d0>,36,12,[1 9],37,68,80,31,51
1,<environment.Job instance at 0x7fbd168526e0>,43,16,[5 9],44,80,96,36,67
1,<environment.Job instance at 0x7fbd5a723a00>,55,15,[8 3],56,103,118,47,103
1,<environment.Job instance at 0x7fbd5a5d3a50>,67,22,[6 4],68,136,158,68,136
1,<environment.Job instance at 0x7fbd5ab7f780>,3,15,[9 4],4,5,20,1,5
1,<environment.Job instance at 0x7fbd5b0c6f50>,6,14,[7 3],7,20,34,13,7
1,<environment.Job instance at 0x7fbd16962870>,20,15,[8 4],21,34,49,13,21
1,<environment.Job instance at 0x7fbd16d04230>,30,17,[5 2],31,49,66,18,40
1,<environment.Job instance at 0x7fbd16d045f0>,35,18,[4 5],36,49,67,13,49
1,<environment.Job instance at 0x7fbd5ac41a50>,62,16,[9 2],63,109,125,46,109
1,<environment.Job instance at 0x7fbd5ac60690>,15,27,[1 5],16,126,153,110,126
1,<environment.Job instance at 0x7fbd1660d960>,0,16,[4 9],1,1,17,0,1
1,<environment.Job instance at 0x7fbd1660ddc0>,7,2,[1 9],8,17,19,9,9
1,<environment.Job instance at 0x7fbd1650a7d0>,12,2,[6 2],13,19,21,6,13
1,<environment.Job instance at 0x7fbd1650aeb0>,13,16,[1 9],14,21,37,7,14
1,<environment.Job instance at 0x7fbd1650a6e0>,16,2,[9 1],17,21,23,4,18
1,<environment.Job instance at 0x7fbd5ac95af0>,1,23,[8 4],2,37,60,35,31
1,<environment.Job instance at 0x7fbd1651d640>,29,12,[9 5],30,60,72,30,45
1,<environment.Job instance at 0x7fbd165a95f0>,42,13,[5 8],43,72,85,29,57
1,<environment.Job instance at 0x7fbd1663e6e0>,53,3,[4 6],54,85,88,31,79
1,<environment.Job instance at 0x7fbd1650a4b0>,17,15,[10  5],18,88,103,70,81
1,<environment.Job instance at 0x7fbd1663e320>,50,12,[9 3],51,103,115,52,86
1,<environment.Job instance at 0x7fbd165119b0>,64,18,[3 8],65,115,133,50,105
1,<environment.Job instance at 0x7fbd5a981e10>,0,20,[7 1],1,1,21,0,1
1,<environment.Job instance at 0x7fbd16b44500>,11,17,[ 3 10],12,21,38,9,12
1,<environment.Job instance at 0x7fbd16b44be0>,18,3,[2 5],19,38,41,19,19
1,<environment.Job instance at 0x7fbd5a35a730>,24,18,[7 5],25,38,56,13,28
1,<environment.Job instance at 0x7fbd5ac9bb40>,28,12,[8 2],29,56,68,27,50
1,<environment.Job instance at 0x7fbd5a368640>,30,2,[ 4 10],31,68,70,37,50
1,<environment.Job instance at 0x7fbd16b6dbe0>,25,26,[ 4 10],26,70,96,44,67
1,<environment.Job instance at 0x7fbd5ac854b0>,43,16,[9 3],44,96,112,52,85
1,<environment.Job instance at 0x7fbd5a3e7190>,54,17,[6 4],55,121,138,66,121
1,<environment.Job instance at 0x7fbd5a3e76e0>,58,13,[8 3],59,138,151,79,125
1,<environment.Job instance at 0x7fbd5a40be10>,63,1,[4 7],64,151,152,87,125
1,<environment.Job instance at 0x7fbd16c68320>,6,1,[1 6],7,7,8,0,7
1,<environment.Job instance at 0x7fbd5a7239b0>,5,1,[10  4],6,10,11,4,10
1,<environment.Job instance at 0x7fbd5ab97e10>,10,20,[9 2],11,33,53,22,33
1,<environment.Job instance at 0x7fbd5a9b6c80>,14,15,[9 1],15,53,68,38,42
1,<environment.Job instance at 0x7fbd1676ad70>,23,13,[2 7],24,68,81,44,52
1,<environment.Job instance at 0x7fbd1676a190>,28,1,[2 8],29,81,82,52,73
1,<environment.Job instance at 0x7fbd1676ab90>,29,1,[8 5],30,82,83,52,73
1,<environment.Job instance at 0x7fbd1676a460>,27,17,[7 2],28,83,100,55,73
1,<environment.Job instance at 0x7fbd1676a2d0>,30,1,[8 2],31,75,76,44,75
1,<environment.Job instance at 0x7fbd1676a870>,32,1,[1 9],33,100,101,67,78
1,<environment.Job instance at 0x7fbd166fb320>,39,3,[5 8],40,104,107,64,104
1,<environment.Job instance at 0x7fbd166fb460>,43,22,[10  1],44,120,142,76,120
1,<environment.Job instance at 0x7fbd166fb640>,44,2,[8 2],45,142,144,97,127
1,<environment.Job instance at 0x7fbd16616500>,0,13,[9 4],1,1,14,0,1
1,<environment.Job instance at 0x7fbd16635870>,5,2,[8 5],6,14,16,8,7
1,<environment.Job instance at 0x7fbd166357d0>,9,18,[1 9],10,16,34,6,10
1,<environment.Job instance at 0x7fbd16e3a6e0>,25,23,[1 8],26,37,60,11,37
1,<environment.Job instance at 0x7fbd16c19780>,30,1,[4 6],31,60,61,29,37
1,<environment.Job instance at 0x7fbd16c19730>,35,18,[4 6],36,61,79,25,51
1,<environment.Job instance at 0x7fbd16698730>,41,18,[1 8],42,79,97,37,69
1,<environment.Job instance at 0x7fbd616b45a0>,46,2,[5 2],47,80,82,33,80
1,<environment.Job instance at 0x7fbd5a4d5f00>,49,3,[9 2],50,82,85,32,81
1,<environment.Job instance at 0x7fbd5a4d5c30>,50,22,[6 2],51,85,107,34,83
1,<environment.Job instance at 0x7fbd5a4d5730>,52,3,[9 1],53,107,110,54,87
1,<environment.Job instance at 0x7fbd5a4d53c0>,53,24,[3 7],54,110,134,56,105
1,<environment.Job instance at 0x7fbd164bc140>,65,18,[6 3],66,121,139,55,121
1,<environment.Job instance at 0x7fbd1651da50>,2,14,[2 7],3,3,17,0,3
1,<environment.Job instance at 0x7fbd1654d0a0>,15,26,[6 1],16,26,52,10,26
1,<environment.Job instance at 0x7fbd5af77d20>,18,15,[5 7],19,52,67,33,39
1,<environment.Job instance at 0x7fbd5ae784b0>,23,17,[9 1],24,67,84,43,57
1,<environment.Job instance at 0x7fbd16ec4460>,29,23,[4 6],30,84,107,54,79
1,<environment.Job instance at 0x7fbd5af61dc0>,38,12,[5 3],39,91,103,52,91
1,<environment.Job instance at 0x7fbd5af61780>,39,13,[6 2],40,103,116,63,92
1,<environment.Job instance at 0x7fbd5af61690>,43,16,[1 8],44,107,123,63,103
1,<environment.Job instance at 0x7fbd5af616e0>,45,15,[4 8],46,123,138,77,111
1,<environment.Job instance at 0x7fbd5a62d410>,56,2,[6 3],57,138,140,81,134
1,<environment.Job instance at 0x7fbd5a63bb40>,50,15,[2 9],51,142,157,91,142
1,<environment.Job instance at 0x7f0b76b9b1e0>,0,18,[ 2 10],1,1,19,0,1
1,<environment.Job instance at 0x7f0b7178b280>,3,18,[ 3 10],4,19,37,15,8
1,<environment.Job instance at 0x7f0b7178bd20>,17,3,[10  3],18,37,40,19,22
1,<environment.Job instance at 0x7f0b7178bd70>,16,12,[1 8],17,40,52,23,26
1,<environment.Job instance at 0x7f0b7178caf0>,27,2,[6 4],28,52,54,24,42
1,<environment.Job instance at 0x7f0b71790370>,37,14,[5 5],38,59,73,21,59
1,<environment.Job instance at 0x7f0b71790410>,38,12,[3 6],39,73,85,34,61
1,<environment.Job instance at 0x7f0b71790eb0>,50,27,[9 1],51,102,129,51,102
1,<environment.Job instance at 0x7f0b71793050>,55,17,[4 7],56,129,146,73,121
1,<environment.Job instance at 0x7f0b7178b230>,5,13,[5 9],6,146,159,140,137
1,<environment.Job instance at 0x7f0b76d0a8c0>,4,13,[1 9],5,6,19,1,6
1,<environment.Job instance at 0x7f0b76d08820>,15,25,[3 9],16,19,44,3,19
1,<environment.Job instance at 0x7f0b76d08500>,16,1,[7 4],17,44,45,27,29
1,<environment.Job instance at 0x7f0b76d11e10>,13,12,[1 7],14,45,57,31,29
1,<environment.Job instance at 0x7f0b76d0f370>,26,26,[9 1],27,45,71,18,43
1,<environment.Job instance at 0x7f0b76d161e0>,35,16,[ 3 10],36,71,87,35,60
1,<environment.Job instance at 0x7f0b76d16d70>,40,2,[3 8],41,87,89,46,77
1,<environment.Job instance at 0x7f0b76d16550>,42,14,[9 2],43,89,103,46,77
1,<environment.Job instance at 0x7f0b76d15e10>,46,13,[5 1],47,103,116,56,101
1,<environment.Job instance at 0x7f0b76d15d70>,55,17,[8 1],56,131,148,75,131
1,<environment.Job instance at 0x7f0b2ba9e230>,11,16,[2 8],12,16,32,4,16
1,<environment.Job instance at 0x7f0b2ba9e410>,13,13,[2 5],14,32,45,18,16
1,<environment.Job instance at 0x7f0b7161bf00>,18,14,[10  4],19,45,59,26,34
1,<environment.Job instance at 0x7f0b71916870>,28,17,[2 8],29,59,76,30,55
1,<environment.Job instance at 0x7f0b2bab18c0>,36,15,[10  5],37,76,91,39,72
1,<environment.Job instance at 0x7f0b2bab1550>,41,25,[10  4],42,91,116,49,89
1,<environment.Job instance at 0x7f0b715890a0>,49,18,[ 2 10],50,117,135,67,117
1,<environment.Job instance at 0x7f0b71589190>,51,18,[3 8],52,135,153,83,124
1,<environment.Job instance at 0x7f0b71774eb0>,14,2,[4 9],15,16,18,1,16
1,<environment.Job instance at 0x7f0b2b9d5870>,5,19,[7 5],6,18,37,12,18
1,<environment.Job instance at 0x7f0b2bb62e10>,23,15,[6 5],24,37,52,13,33
1,<environment.Job instance at 0x7f0b2bb62e60>,25,2,[9 3],26,52,54,26,36
1,<environment.Job instance at 0x7f0b717856e0>,20,19,[2 7],21,54,73,33,52
1,<environment.Job instance at 0x7f0b2bb51230>,32,12,[3 8],33,73,85,40,57
1,<environment.Job instance at 0x7f0b2bed4370>,40,18,[4 6],41,85,103,44,83
1,<environment.Job instance at 0x7f0b2bed4960>,43,1,[8 5],44,103,104,59,91
1,<environment.Job instance at 0x7f0b2ba18e10>,28,14,[3 8],29,104,118,75,91
1,<environment.Job instance at 0x7f0b2ba43870>,47,18,[1 7],48,118,136,70,107
1,<environment.Job instance at 0x7f0b71bfebe0>,4,15,[7 3],5,5,20,0,5
1,<environment.Job instance at 0x7f0b72273b40>,6,14,[5 4],7,20,34,13,7
1,<environment.Job instance at 0x7f0b7225f5f0>,13,1,[4 9],14,34,35,20,22
1,<environment.Job instance at 0x7f0b7227da00>,19,21,[1 9],20,35,56,15,30
1,<environment.Job instance at 0x7f0b7227cd20>,27,2,[ 2 10],28,56,58,28,31
1,<environment.Job instance at 0x7f0b7227c690>,32,24,[1 6],33,58,82,25,56
1,<environment.Job instance at 0x7f0b7227d6e0>,20,27,[6 4],21,58,85,37,58
1,<environment.Job instance at 0x7f0b72265280>,38,17,[3 9],39,85,102,46,78
1,<environment.Job instance at 0x7f0b72277f00>,53,3,[10  3],54,102,105,48,84
1,<environment.Job instance at 0x7f0b2bd945f0>,57,27,[9 3],58,105,132,47,104
1,<environment.Job instance at 0x7f0b71576500>,67,12,[7 2],68,132,144,64,121
1,<environment.Job instance at 0x7f0b7215ff00>,0,14,[ 2 10],1,1,15,0,1
1,<environment.Job instance at 0x7f0b7215f870>,2,16,[ 3 10],3,15,31,12,3
1,<environment.Job instance at 0x7f0b71e70320>,16,13,[5 5],17,31,44,14,19
1,<environment.Job instance at 0x7f0b721067d0>,24,17,[9 2],25,44,61,19,39
1,<environment.Job instance at 0x7f0b72106c80>,27,2,[10  3],28,61,63,33,40
1,<environment.Job instance at 0x7f0b721068c0>,30,3,[5 7],31,63,66,32,50
1,<environment.Job instance at 0x7f0b71c1a8c0>,40,26,[4 9],41,90,116,49,90
1,<environment.Job instance at 0x7f0b71c1a320>,46,13,[9 3],47,116,129,69,111
1,<environment.Job instance at 0x7f0b72473b40>,49,15,[5 7],50,129,144,79,128
1,<environment.Job instance at 0x7f0b2bdd9780>,1,28,[5 1],2,3,31,1,3
1,<environment.Job instance at 0x7f0b2ba18640>,8,2,[7 4],9,31,33,22,9
1,<environment.Job instance at 0x7f0b71abcb90>,11,3,[9 1],12,33,36,21,15
1,<environment.Job instance at 0x7f0b767aa6e0>,15,12,[2 8],16,17,29,1,17
1,<environment.Job instance at 0x7f0b2bb929b0>,25,18,[7 5],26,54,72,28,54
1,<environment.Job instance at 0x7f0b71727910>,29,18,[ 2 10],30,72,90,42,65
1,<environment.Job instance at 0x7f0b7188e280>,38,18,[5 8],39,90,108,51,84
1,<environment.Job instance at 0x7f0b71d90af0>,50,13,[5 6],51,115,128,64,115
1,<environment.Job instance at 0x7f0b71e1d820>,54,13,[ 5 10],55,128,141,73,126
1,<environment.Job instance at 0x7f0b2bc24c80>,59,15,[6 2],60,141,156,81,139
1,<environment.Job instance at 0x7f0b2bf96e60>,60,16,[7 5],61,156,172,95,143
1,<environment.Job instance at 0x7f0b71e6e910>,1,16,[3 9],2,2,18,0,2
1,<environment.Job instance at 0x7f0b2bd20af0>,5,17,[10  3],6,18,35,12,6
1,<environment.Job instance at 0x7f0b2bd38550>,17,16,[1 8],18,35,51,17,28
1,<environment.Job instance at 0x7f0b2bd383c0>,18,2,[4 6],19,51,53,32,29
1,<environment.Job instance at 0x7f0b2bd38780>,22,14,[9 2],23,53,67,30,43
1,<environment.Job instance at 0x7f0b2bd38c30>,26,12,[2 7],27,67,79,40,51
1,<environment.Job instance at 0x7f0b2bd389b0>,28,26,[8 2],29,71,97,42,71
1,<environment.Job instance at 0x7f0b2bd14820>,39,17,[5 7],40,100,117,60,100
1,<environment.Job instance at 0x7f0b2bd38a50>,25,17,[5 3],26,110,127,84,110
1,<environment.Job instance at 0x7f0b2bd360a0>,49,15,[3 9],50,127,142,77,121
1,<environment.Job instance at 0x7f0b2bd368c0>,56,13,[5 7],57,142,155,85,141
1,<environment.Job instance at 0x7f0b2bf1da00>,2,23,[3 7],3,4,27,1,4
1,<environment.Job instance at 0x7f0b2c054190>,5,14,[7 2],6,6,20,0,6
1,<environment.Job instance at 0x7f0b721f4cd0>,14,3,[8 2],15,27,30,12,15
1,<environment.Job instance at 0x7f0b2bf5b460>,19,12,[3 9],20,30,42,10,21
1,<environment.Job instance at 0x7f0b2bf5bcd0>,23,3,[5 3],24,42,45,18,26
1,<environment.Job instance at 0x7f0b2bebdfa0>,22,18,[2 5],23,42,60,19,33
1,<environment.Job instance at 0x7f0b2bee0960>,31,15,[5 2],32,45,60,13,37
1,<environment.Job instance at 0x7f0b2bae8910>,36,1,[5 9],37,60,61,23,57
1,<environment.Job instance at 0x7f0b2bae8140>,37,2,[10  2],38,61,63,23,57
1,<environment.Job instance at 0x7f0b72375aa0>,38,2,[8 5],39,63,65,24,57
1,<environment.Job instance at 0x7f0b2bf5b2d0>,24,14,[ 3 10],25,65,79,40,58
1,<environment.Job instance at 0x7f0b72375550>,42,2,[5 3],43,79,81,36,60
1,<environment.Job instance at 0x7f0b723752d0>,40,13,[10  1],41,81,94,40,67
1,<environment.Job instance at 0x7f0b716813c0>,48,13,[8 2],49,94,107,45,78
1,<environment.Job instance at 0x7f0b2c06b9b0>,51,16,[4 6],52,107,123,55,103
1,<environment.Job instance at 0x7f0b722b1410>,65,13,[5 4],66,107,120,41,107
1,<environment.Job instance at 0x7f0b722b17d0>,66,27,[2 9],67,123,150,56,121
1,<environment.Job instance at 0x7f0b71b73550>,0,20,[ 4 10],1,1,21,0,1
1,<environment.Job instance at 0x7f0b2c0e3b40>,3,14,[ 4 10],4,21,35,17,6
1,<environment.Job instance at 0x7f0b71ddd2d0>,13,1,[3 7],14,35,36,21,15
1,<environment.Job instance at 0x7f0b71d75870>,14,3,[8 5],15,36,39,21,15
1,<environment.Job instance at 0x7f0b2bc80370>,8,3,[9 5],9,39,42,30,19
1,<environment.Job instance at 0x7f0b2bc749b0>,20,2,[7 5],21,42,44,21,21
1,<environment.Job instance at 0x7f0b7202a230>,21,2,[ 2 10],22,44,46,22,25
1,<environment.Job instance at 0x7f0b2b91bfa0>,29,3,[4 5],30,46,49,16,38
1,<environment.Job instance at 0x7f0b71727410>,19,15,[6 4],20,46,61,26,38
1,<environment.Job instance at 0x7f0b2ba3c640>,31,1,[3 6],32,49,50,17,38
1,<environment.Job instance at 0x7f0b2ba3cdc0>,30,2,[1 5],31,38,40,7,38
1,<environment.Job instance at 0x7f0b72266fa0>,7,24,[4 8],8,61,85,53,58
1,<environment.Job instance at 0x7f0b71b7bd70>,44,17,[1 6],45,85,102,40,80
1,<environment.Job instance at 0x7f0b71bed3c0>,51,1,[6 2],52,96,97,44,96
1,<environment.Job instance at 0x7f0b719c8870>,52,17,[ 1 10],53,102,119,49,99
1,<environment.Job instance at 0x7f0b71501190>,65,14,[4 8],66,128,142,62,128
1,<environment.Job instance at 0x7f0b71501190>,2,17,[5 7],3,3,20,0,3
1,<environment.Job instance at 0x7f0b71d94820>,4,12,[7 1],5,20,32,15,5
1,<environment.Job instance at 0x7f0b71a9f410>,17,14,[5 6],18,32,46,14,18
1,<environment.Job instance at 0x7f0b71a9fcd0>,26,15,[4 6],27,46,61,19,32
1,<environment.Job instance at 0x7f0b71aa56e0>,35,16,[3 5],36,61,77,25,52
1,<environment.Job instance at 0x7f0b71aa1640>,51,23,[5 9],52,116,139,64,116
1,<environment.Job instance at 0x7f0b71aa1dc0>,61,16,[5 2],62,139,155,77,136
1,<environment.Job instance at 0x7f0b71aa1d70>,1,25,[1 6],2,2,27,0,2
1,<environment.Job instance at 0x7f0b71b3c410>,12,1,[3 6],13,27,28,14,15
1,<environment.Job instance at 0x7f0b71b3cb40>,15,3,[2 8],16,28,31,12,17
1,<environment.Job instance at 0x7f0b2b9c7460>,4,17,[5 5],5,31,48,26,25
1,<environment.Job instance at 0x7f0b2bde30f0>,19,27,[ 3 10],20,48,75,28,46
1,<environment.Job instance at 0x7f0b2b961be0>,29,12,[5 1],30,75,87,45,61
1,<environment.Job instance at 0x7f0b2b961280>,35,3,[ 1 10],36,87,90,51,72
1,<environment.Job instance at 0x7f0b2b961af0>,40,15,[2 8],41,98,113,57,98
1,<environment.Job instance at 0x7f0b71b5fdc0>,44,15,[10  1],45,113,128,68,99
1,<environment.Job instance at 0x7f0b2bfa7370>,51,12,[2 8],52,128,140,76,126
1,<environment.Job instance at 0x7f0b2bfa7e60>,55,16,[3 8],56,144,160,88,144
1,<environment.Job instance at 0x7f0b718d6cd0>,56,14,[6 2],57,146,160,89,146
1,<environment.Job instance at 0x7f0b71be0af0>,6,18,[4 9],7,7,25,0,7
1,<environment.Job instance at 0x7f0b71be0820>,15,1,[3 8],16,25,26,9,18
1,<environment.Job instance at 0x7f0b71937e60>,18,2,[5 5],19,26,28,7,19
1,<environment.Job instance at 0x7f0b71be0e60>,9,13,[9 3],10,28,41,18,21
1,<environment.Job instance at 0x7f0b71937b40>,23,1,[5 3],24,26,27,2,25
1,<environment.Job instance at 0x7f0b71937140>,21,14,[7 5],22,41,55,19,27
1,<environment.Job instance at 0x7f0b2be7aa50>,32,17,[3 5],33,41,58,8,33
1,<environment.Job instance at 0x7f0b2bc91dc0>,36,14,[8 5],37,58,72,21,46
1,<environment.Job instance at 0x7f0b2bb6b9b0>,55,23,[7 3],56,90,113,34,90
1,<environment.Job instance at 0x7f0b719371e0>,24,18,[6 5],25,113,131,88,109
1,<environment.Job instance at 0x7f0b7155d230>,59,22,[9 1],60,131,153,71,124
1,<environment.Job instance at 0x7f0b71701780>,1,15,[6 1],2,3,18,1,3
1,<environment.Job instance at 0x7f0b2befe910>,10,1,[9 5],11,18,19,7,11
1,<environment.Job instance at 0x7f0b2bee5f00>,13,2,[8 4],14,19,21,5,14
1,<environment.Job instance at 0x7f0b2befe2d0>,12,2,[7 3],13,21,23,8,16
1,<environment.Job instance at 0x7f0b2bfb0370>,3,18,[1 7],4,21,39,17,18
1,<environment.Job instance at 0x7f0b2bedd410>,23,15,[9 4],24,39,54,15,27
1,<environment.Job instance at 0x7f0b2befaf00>,19,14,[2 7],20,54,68,34,39
1,<environment.Job instance at 0x7f0b72232e10>,36,18,[ 2 10],37,68,86,31,64
1,<environment.Job instance at 0x7f0b71bd1f50>,42,17,[1 7],43,86,103,43,75
1,<environment.Job instance at 0x7f0b7211abe0>,49,12,[4 6],50,103,115,53,87
1,<environment.Job instance at 0x7f0b718684b0>,56,12,[2 8],57,117,129,60,117
1,<environment.Job instance at 0x7f0b7180eb90>,64,20,[8 2],65,120,140,55,120
1,<environment.Job instance at 0x7f0b7180e7d0>,69,13,[2 6],70,129,142,59,120
1,<environment.Job instance at 0x7f0b71863780>,1,12,[7 1],2,2,14,0,2
1,<environment.Job instance at 0x7f0b2be58aa0>,4,14,[5 2],5,14,28,9,5
1,<environment.Job instance at 0x7f0b719a4870>,15,14,[8 2],16,28,42,12,16
1,<environment.Job instance at 0x7f0b2bb0ef00>,27,15,[10  5],28,42,57,14,35
1,<environment.Job instance at 0x7f0b72256a00>,35,14,[9 4],36,57,71,21,53
1,<environment.Job instance at 0x7f0b2c0b6460>,44,2,[1 8],45,73,75,28,73
1,<environment.Job instance at 0x7f0b2c051b40>,47,3,[1 9],48,75,78,27,74
1,<environment.Job instance at 0x7f0b2baedd20>,49,2,[5 3],50,78,80,28,74
1,<environment.Job instance at 0x7f0b2baf8be0>,50,1,[3 7],51,78,79,27,74
1,<environment.Job instance at 0x7f0b2baf8e10>,51,1,[4 6],52,79,80,27,75
1,<environment.Job instance at 0x7f0b2b9acd70>,53,2,[2 7],54,80,82,26,76
1,<environment.Job instance at 0x7f0b2ba6f4b0>,11,23,[8 4],12,82,105,70,76
1,<environment.Job instance at 0x7f0b2bbe6780>,66,13,[7 3],67,121,134,54,121
1,<environment.Job instance at 0x7f0b72113fa0>,70,18,[1 7],71,128,146,57,128
1,<environment.Job instance at 0x7f0b71799780>,0,20,[7 1],1,1,21,0,1
1,<environment.Job instance at 0x7f0b2b873a00>,11,17,[ 3 10],12,21,38,9,12
1,<environment.Job instance at 0x7f0b2b8df500>,24,18,[7 5],25,38,56,13,36
1,<environment.Job instance at 0x7f0b2b8dfb90>,25,26,[ 4 10],26,56,82,30,53
1,<environment.Job instance at 0x7f0b2ba16be0>,37,17,[8 2],38,84,101,46,84
1,<environment.Job instance at 0x7f0b2ba16dc0>,45,16,[ 5 10],46,101,117,55,91
1,<environment.Job instance at 0x7f0b2be3d870>,57,12,[5 5],58,127,139,69,127
1,<environment.Job instance at 0x7f0b71b50050>,0,20,[9 2],1,2,22,1,2
1,<environment.Job instance at 0x7f0b71e4e5a0>,10,13,[1 5],11,12,25,1,12
1,<environment.Job instance at 0x7f0b71e4eb40>,12,14,[5 6],13,25,39,12,14
1,<environment.Job instance at 0x7f0b71e4ed20>,17,17,[7 2],18,39,56,21,28
1,<environment.Job instance at 0x7f0b71d4f8c0>,19,1,[8 5],20,56,57,36,35
1,<environment.Job instance at 0x7f0b71d4f960>,23,2,[7 1],24,57,59,33,38
1,<environment.Job instance at 0x7f0b2b7c3e10>,26,28,[6 2],27,63,91,36,63
1,<environment.Job instance at 0x7f0b2bc98a50>,35,14,[7 2],36,91,105,55,76
1,<environment.Job instance at 0x7f0b2b7b15a0>,39,3,[7 2],40,105,108,65,82
1,<environment.Job instance at 0x7f0b71d5abe0>,41,1,[3 6],42,99,100,57,99
1,<environment.Job instance at 0x7f0b71d5a050>,42,17,[1 9],43,108,125,65,102
1,<environment.Job instance at 0x7f0b2b7bf3c0>,49,15,[1 5],50,125,140,75,114
1,<environment.Job instance at 0x7f0b2b7bfa00>,48,16,[8 3],49,125,141,76,124
1,<environment.Job instance at 0x7f0b2b7a55f0>,53,17,[5 8],54,141,158,87,140
1,<environment.Job instance at 0x7f0b719ac370>,4,14,[10  2],5,5,19,0,5
1,<environment.Job instance at 0x7f0b2b71fb90>,9,3,[3 5],10,19,22,9,11
1,<environment.Job instance at 0x7f0b716eefa0>,5,23,[1 8],6,22,45,16,18
1,<environment.Job instance at 0x7f0b71863960>,25,12,[9 4],26,45,57,19,36
1,<environment.Job instance at 0x7f0b2b9ed7d0>,33,24,[3 7],34,61,85,27,61
1,<environment.Job instance at 0x7f0b71bd1d20>,53,15,[5 6],54,127,142,73,127
1,<environment.Job instance at 0x7f0b2b80a280>,5,13,[7 1],6,6,19,0,6
1,<environment.Job instance at 0x7f0b2b80ac80>,6,14,[ 4 10],7,19,33,12,7
1,<environment.Job instance at 0x7f0b72424a00>,24,13,[5 6],25,33,46,8,25
1,<environment.Job instance at 0x7f0b718fc6e0>,26,2,[6 3],27,46,48,19,31
1,<environment.Job instance at 0x7f0b718fc190>,27,12,[5 6],28,48,60,20,33
1,<environment.Job instance at 0x7f0b718fcd70>,30,14,[1 8],31,60,74,29,48
1,<environment.Job instance at 0x7f0b71eb7280>,38,27,[4 6],39,75,102,36,75
1,<environment.Job instance at 0x7f0b71eb71e0>,44,14,[10  2],45,102,116,57,89
1,<environment.Job instance at 0x7f0b71e0d3c0>,0,18,[6 2],1,1,19,0,1
1,<environment.Job instance at 0x7f0b71e2d410>,6,13,[9 2],7,19,32,12,7
1,<environment.Job instance at 0x7f0b71b71aa0>,13,16,[1 7],14,17,33,3,17
1,<environment.Job instance at 0x7f0b2bae2730>,24,2,[9 4],25,33,35,8,27
1,<environment.Job instance at 0x7f0b2bae2dc0>,25,2,[2 8],26,35,37,9,28
1,<environment.Job instance at 0x7f0b71872e60>,49,17,[8 4],50,121,138,71,121
1,<environment.Job instance at 0x7f0b71872b90>,58,14,[3 7],59,141,155,82,141
1,<environment.Job instance at 0x7fa5be385230>,3,18,[ 3 10],4,4,22,0,4
1,<environment.Job instance at 0x7fa5be385280>,5,13,[5 9],6,22,35,16,7
1,<environment.Job instance at 0x7fa5be385730>,11,2,[3 9],12,35,37,23,12
1,<environment.Job instance at 0x7fa5be385780>,9,17,[ 4 10],10,37,54,27,25
1,<environment.Job instance at 0x7fa5be389460>,24,3,[5 9],25,54,57,29,38
1,<environment.Job instance at 0x7fa5be389d20>,31,17,[4 9],32,57,74,25,46
1,<environment.Job instance at 0x7fa5be389f00>,35,16,[8 1],36,74,90,38,70
1,<environment.Job instance at 0x7fa5be38ccd0>,46,3,[5 4],47,90,93,43,79
1,<environment.Job instance at 0x7fa5be38ce10>,47,1,[2 6],48,81,82,33,81
1,<environment.Job instance at 0x7fa5be38c910>,43,28,[6 4],44,93,121,49,92
1,<environment.Job instance at 0x7fa5be38d460>,56,18,[4 5],57,108,126,51,108
1,<environment.Job instance at 0x7fa5be38dc80>,62,20,[9 1],63,127,147,64,127
1,<environment.Job instance at 0x7fa5c57bddc0>,3,12,[1 7],4,4,16,0,4
1,<environment.Job instance at 0x7fa5c58fe960>,8,14,[4 7],9,16,30,7,10
1,<environment.Job instance at 0x7fa5c58fe6e0>,9,23,[2 8],10,30,53,20,29
1,<environment.Job instance at 0x7fa5c57bed20>,22,14,[8 4],23,53,67,30,42
1,<environment.Job instance at 0x7fa5c590b1e0>,28,2,[ 3 10],29,67,69,38,42
1,<environment.Job instance at 0x7fa5c5909e60>,36,13,[5 1],37,69,82,32,65
1,<environment.Job instance at 0x7fa5c590bdc0>,26,23,[5 8],27,73,96,46,73
1,<environment.Job instance at 0x7fa5c59105f0>,43,12,[5 1],44,82,94,38,81
1,<environment.Job instance at 0x7fa5c5906140>,42,17,[10  4],43,96,113,53,84
1,<environment.Job instance at 0x7fa5c5910140>,49,1,[9 2],50,113,114,63,94
1,<environment.Job instance at 0x7fa5c59109b0>,50,2,[4 5],51,114,116,63,96
1,<environment.Job instance at 0x7fa5c5910280>,55,17,[3 5],56,114,131,58,114
1,<environment.Job instance at 0x7fa5c5902fa0>,60,15,[7 4],61,130,145,69,130
1,<environment.Job instance at 0x7fa5c5902640>,62,16,[8 5],63,145,161,82,139
1,<environment.Job instance at 0x7fa57a62f230>,6,20,[6 2],7,7,27,0,7
1,<environment.Job instance at 0x7fa57a5d9820>,8,17,[2 8],9,10,27,1,10
1,<environment.Job instance at 0x7fa57ab9dbe0>,11,14,[3 6],12,27,41,15,12
1,<environment.Job instance at 0x7fa5be21ae60>,23,12,[8 5],24,41,53,17,35
1,<environment.Job instance at 0x7fa5be0f3870>,29,18,[ 2 10],30,56,74,26,56
1,<environment.Job instance at 0x7fa57a6b1e60>,36,15,[4 9],37,80,95,43,80
1,<environment.Job instance at 0x7fa57a62afa0>,46,21,[6 1],47,107,128,60,107
1,<environment.Job instance at 0x7fa57a5da780>,47,13,[4 9],48,107,120,59,107
1,<environment.Job instance at 0x7fa57a5daf00>,48,12,[8 2],49,128,140,79,113
1,<environment.Job instance at 0x7fa5be5c0aa0>,57,20,[5 2],58,140,160,82,136
1,<environment.Job instance at 0x7fa5c5909190>,2,12,[3 8],3,3,15,0,3
1,<environment.Job instance at 0x7fa5c2ade2d0>,4,13,[1 9],5,15,28,10,5
1,<environment.Job instance at 0x7fa5be499e10>,15,24,[10  2],16,28,52,12,23
1,<environment.Job instance at 0x7fa5be4da820>,27,12,[5 5],28,71,83,43,71
1,<environment.Job instance at 0x7fa5be72a2d0>,28,15,[5 9],29,83,98,54,72
1,<environment.Job instance at 0x7fa57ab605a0>,46,16,[2 6],47,128,144,81,128
1,<environment.Job instance at 0x7fa57ab609b0>,48,14,[6 4],49,128,142,79,128
1,<environment.Job instance at 0x7fa57ab2c8c0>,53,18,[ 1 10],54,144,162,90,133
1,<environment.Job instance at 0x7fa57a788640>,0,14,[1 8],1,1,15,0,1
1,<environment.Job instance at 0x7fa57a612af0>,3,13,[5 1],4,4,17,0,4
1,<environment.Job instance at 0x7fa5be7ebb40>,5,2,[3 5],6,15,17,9,6
1,<environment.Job instance at 0x7fa57ac1d5f0>,6,12,[1 5],7,17,29,10,7
1,<environment.Job instance at 0x7fa5be1fd230>,8,14,[9 1],9,17,31,8,11
1,<environment.Job instance at 0x7fa5be1fcb40>,13,3,[10  3],14,31,34,17,18
1,<environment.Job instance at 0x7fa5be223a00>,21,12,[1 8],22,34,46,12,25
1,<environment.Job instance at 0x7fa5be222a00>,24,17,[5 1],25,34,51,9,26
1,<environment.Job instance at 0x7fa5be2234b0>,20,2,[2 7],21,46,48,25,29
1,<environment.Job instance at 0x7fa5be222460>,29,12,[4 6],30,48,60,18,48
1,<environment.Job instance at 0x7fa5be226a00>,32,17,[9 4],33,60,77,27,48
1,<environment.Job instance at 0x7fa5be226960>,36,2,[3 6],37,77,79,40,54
1,<environment.Job instance at 0x7fa5be2264b0>,40,20,[4 6],41,79,99,38,70
1,<environment.Job instance at 0x7fa5be229aa0>,47,1,[10  5],48,99,100,51,82
1,<environment.Job instance at 0x7fa5be229190>,49,1,[5 1],50,85,86,35,85
1,<environment.Job instance at 0x7fa5be1f7f00>,50,12,[1 7],51,100,112,49,90
1,<environment.Job instance at 0x7fa5be7ce5a0>,55,2,[6 3],56,96,98,40,96
1,<environment.Job instance at 0x7fa5be218410>,56,13,[4 7],57,112,125,55,96
1,<environment.Job instance at 0x7fa5be7ce410>,54,12,[9 1],55,100,112,45,97
1,<environment.Job instance at 0x7fa5be7e6aa0>,53,15,[5 5],54,125,140,71,111
1,<environment.Job instance at 0x7fa5be17bd20>,69,19,[5 5],70,125,144,55,125
1,<environment.Job instance at 0x7fa5c2a60640>,5,14,[ 1 10],6,10,24,4,10
1,<environment.Job instance at 0x7fa5c2a607d0>,11,13,[6 3],12,29,42,17,29
1,<environment.Job instance at 0x7fa5c2a60eb0>,12,14,[3 9],13,42,56,29,29
1,<environment.Job instance at 0x7fa57aa0abe0>,20,14,[10  1],21,56,70,35,51
1,<environment.Job instance at 0x7fa57aa0ac30>,23,22,[5 2],24,70,92,46,70
1,<environment.Job instance at 0x7fa57aa0aa00>,27,13,[4 5],28,70,83,42,70
1,<environment.Job instance at 0x7fa57aa0a190>,30,16,[ 2 10],31,92,108,61,79
1,<environment.Job instance at 0x7fa5be42d500>,51,18,[10  5],52,108,126,56,97
1,<environment.Job instance at 0x7fa5be5ee960>,63,16,[8 1],64,126,142,62,126
1,<environment.Job instance at 0x7fa5be5ee1e0>,65,23,[8 4],66,142,165,76,137
1,<environment.Job instance at 0x7fa5c2c9c050>,1,15,[5 4],2,3,18,1,3
1,<environment.Job instance at 0x7fa5be343960>,3,17,[5 9],4,18,35,14,6
1,<environment.Job instance at 0x7fa5be656d20>,14,17,[1 9],15,35,52,20,23
1,<environment.Job instance at 0x7fa5c2918d20>,21,13,[7 4],22,52,65,30,48
1,<environment.Job instance at 0x7fa5c2f86be0>,23,1,[8 5],24,65,66,41,48
1,<environment.Job instance at 0x7fa57a7dcbe0>,15,2,[4 8],16,66,68,50,48
1,<environment.Job instance at 0x7fa57a793690>,28,18,[5 3],29,68,86,39,57
1,<environment.Job instance at 0x7fa57a6e1d70>,38,12,[9 3],39,88,100,49,88
1,<environment.Job instance at 0x7fa57a9d5410>,51,14,[5 8],52,149,163,97,149
1,<environment.Job instance at 0x7fa5be6df500>,52,13,[7 2],53,163,176,110,150
1,<environment.Job instance at 0x7fa5be15d2d0>,12,3,[10  4],13,13,16,0,13
1,<environment.Job instance at 0x7fa5be15d4b0>,13,13,[8 4],14,20,33,6,20
1,<environment.Job instance at 0x7fa5be15dc80>,23,3,[ 4 10],24,49,52,25,49
1,<environment.Job instance at 0x7fa5be15dd20>,24,3,[10  2],25,52,55,27,51
1,<environment.Job instance at 0x7fa5be15dd70>,25,27,[4 5],26,77,104,51,77
1,<environment.Job instance at 0x7fa5be1503c0>,30,17,[9 2],31,104,121,73,92
1,<environment.Job instance at 0x7fa5be13e4b0>,51,2,[6 1],52,121,123,69,120
1,<environment.Job instance at 0x7fa5be13e5f0>,53,1,[7 3],54,123,124,69,120
1,<environment.Job instance at 0x7fa5be13e500>,52,12,[1 9],53,124,136,71,120
1,<environment.Job instance at 0x7fa5be13e410>,54,2,[2 5],55,121,123,66,120
1,<environment.Job instance at 0x7fa5be13e460>,55,16,[4 9],56,136,152,80,123
1,<environment.Job instance at 0x7fa5be13e8c0>,60,17,[ 5 10],61,152,169,91,142
1,<environment.Job instance at 0x7fa5be13eaf0>,1,27,[8 5],2,5,32,3,5
1,<environment.Job instance at 0x7fa5be2b2cd0>,24,15,[2 7],25,51,66,26,51
1,<environment.Job instance at 0x7fa57a9ac820>,29,12,[5 8],30,66,78,36,51
1,<environment.Job instance at 0x7fa5be1ad460>,38,15,[3 8],39,78,93,39,72
1,<environment.Job instance at 0x7fa5be498d70>,40,13,[5 8],41,93,106,52,81
1,<environment.Job instance at 0x7fa5be4982d0>,45,17,[1 7],46,123,140,77,123
1,<environment.Job instance at 0x7fa5c2eaf960>,54,18,[ 4 10],55,140,158,85,131
1,<environment.Job instance at 0x7fa5c2eaf230>,58,13,[6 2],59,158,171,99,142
1,<environment.Job instance at 0x7fa57ad28a50>,1,12,[8 1],2,3,15,1,3
1,<environment.Job instance at 0x7fa57ad28280>,4,19,[ 5 10],5,15,34,10,6
1,<environment.Job instance at 0x7fa5c303cf00>,21,12,[5 3],22,34,46,12,24
1,<environment.Job instance at 0x7fa57a901870>,27,3,[2 7],28,34,37,6,33
1,<environment.Job instance at 0x7fa5be5102d0>,25,25,[4 5],26,40,65,14,40
1,<environment.Job instance at 0x7fa57a6e19b0>,41,13,[3 5],42,47,60,5,47
1,<environment.Job instance at 0x7fa57a6e1190>,42,18,[4 8],43,65,83,22,55
1,<environment.Job instance at 0x7fa5c2997dc0>,50,2,[5 4],51,83,85,32,67
1,<environment.Job instance at 0x7fa5c30b6780>,48,12,[10  4],49,85,97,36,71
1,<environment.Job instance at 0x7fa5c305b0f0>,55,3,[8 1],56,97,100,41,72
1,<environment.Job instance at 0x7fa57a7ee2d0>,62,1,[7 4],63,100,101,37,80
1,<environment.Job instance at 0x7fa5be1b0dc0>,10,13,[8 3],11,101,114,90,86
1,<environment.Job instance at 0x7fa5c2e9fb40>,67,3,[6 5],68,114,117,46,95
1,<environment.Job instance at 0x7fa5c2e9f050>,71,1,[5 3],72,117,118,45,97
1,<environment.Job instance at 0x7fa5c2e9f460>,70,15,[5 5],71,117,132,46,104
1,<environment.Job instance at 0x7fa5be450730>,0,12,[9 4],1,1,13,0,1
1,<environment.Job instance at 0x7fa5c2ca0050>,12,14,[6 2],13,14,28,1,14
1,<environment.Job instance at 0x7fa5c2a6ef00>,13,13,[6 5],14,28,41,14,14
1,<environment.Job instance at 0x7fa5c2a6ec80>,19,3,[7 4],20,41,44,21,25
1,<environment.Job instance at 0x7fa5be450c30>,4,17,[3 5],5,25,42,20,25
1,<environment.Job instance at 0x7fa57a89d780>,21,3,[4 5],22,44,47,22,26
1,<environment.Job instance at 0x7fa57a89d7d0>,22,3,[10  3],23,47,50,24,27
1,<environment.Job instance at 0x7fa57a89d5f0>,17,18,[ 1 10],18,50,68,32,39
1,<environment.Job instance at 0x7fa57a5270f0>,31,17,[9 3],32,68,85,36,57
1,<environment.Job instance at 0x7fa57a5276e0>,38,12,[ 1 10],39,85,97,46,73
1,<environment.Job instance at 0x7fa57a527b90>,43,20,[4 5],44,97,117,53,88
1,<environment.Job instance at 0x7fa57a527690>,50,16,[ 2 10],51,117,133,66,107
1,<environment.Job instance at 0x7fa57a546690>,60,3,[7 3],61,133,136,72,122
1,<environment.Job instance at 0x7fa57a5465f0>,59,15,[4 6],60,136,151,76,133
1,<environment.Job instance at 0x7fa57a546640>,1,21,[1 7],2,2,23,0,2
1,<environment.Job instance at 0x7fa57a9fcd20>,12,18,[1 5],13,23,41,10,13
1,<environment.Job instance at 0x7fa57a9fcf00>,15,3,[ 1 10],16,41,44,25,19
1,<environment.Job instance at 0x7fa5c2aa5230>,10,12,[4 5],11,23,35,12,22
1,<environment.Job instance at 0x7fa57a5992d0>,21,2,[5 2],22,35,37,13,24
1,<environment.Job instance at 0x7fa57a599e60>,27,16,[1 7],28,44,60,16,34
1,<environment.Job instance at 0x7fa5be32f690>,37,27,[4 8],38,60,87,22,58
1,<environment.Job instance at 0x7fa57a9fc500>,17,13,[ 5 10],18,87,100,69,77
1,<environment.Job instance at 0x7fa5be32f730>,46,2,[6 5],47,100,102,53,85
1,<environment.Job instance at 0x7fa5be32f460>,40,15,[8 5],41,102,117,61,91
1,<environment.Job instance at 0x7fa57a64f690>,54,1,[1 7],55,117,118,62,102
1,<environment.Job instance at 0x7fa57a64fa00>,56,18,[4 9],57,118,136,61,111
1,<environment.Job instance at 0x7fa57ac3fcd0>,67,2,[7 1],68,136,138,68,132
1,<environment.Job instance at 0x7fa57ac3f5a0>,1,17,[8 4],2,2,19,0,2
1,<environment.Job instance at 0x7fa5c2ae53c0>,9,13,[6 5],10,19,32,9,10
1,<environment.Job instance at 0x7fa5c3015e60>,14,1,[4 6],15,32,33,17,15
1,<environment.Job instance at 0x7fa5c3015870>,21,13,[8 2],22,41,54,19,41
1,<environment.Job instance at 0x7fa57ac1c050>,25,16,[2 9],26,54,70,28,46
1,<environment.Job instance at 0x7fa5c2a27230>,38,12,[4 6],39,88,100,49,88
1,<environment.Job instance at 0x7fa5c59064b0>,42,24,[7 2],43,100,124,57,97
1,<environment.Job instance at 0x7fa5be2d5b90>,51,18,[5 6],52,124,142,72,115
1,<environment.Job instance at 0x7fa5be2d5370>,58,3,[7 1],59,142,145,83,137
1,<environment.Job instance at 0x7fa5c2b7f640>,59,14,[2 7],60,142,156,82,142
1,<environment.Job instance at 0x7fa5c2e62aa0>,12,15,[8 3],13,15,30,2,15
1,<environment.Job instance at 0x7fa5c2e62fa0>,15,14,[6 3],16,30,44,14,16
1,<environment.Job instance at 0x7fa57aaf9960>,21,2,[ 1 10],22,44,46,22,28
1,<environment.Job instance at 0x7fa5c2e5dc80>,22,14,[5 3],23,46,60,23,31
1,<environment.Job instance at 0x7fa5c2b8f140>,26,26,[5 7],27,46,72,19,43
1,<environment.Job instance at 0x7fa5c2e54e60>,30,1,[7 3],31,72,73,41,45
1,<environment.Job instance at 0x7fa5c29dc640>,35,3,[4 7],36,73,76,37,56
1,<environment.Job instance at 0x7fa57a82e410>,37,14,[6 1],38,73,87,35,58
1,<environment.Job instance at 0x7fa57aaee3c0>,40,16,[4 9],41,76,92,35,63
1,<environment.Job instance at 0x7fa5be6cb5a0>,45,14,[8 2],46,92,106,46,81
1,<environment.Job instance at 0x7fa5be6cb550>,48,2,[7 4],49,106,108,57,81
1,<environment.Job instance at 0x7fa57a90ba50>,50,1,[3 6],51,106,107,55,81
1,<environment.Job instance at 0x7fa57aa74690>,53,16,[1 9],54,108,124,54,102
1,<environment.Job instance at 0x7fa5be6cd550>,60,17,[8 2],61,124,141,63,113
1,<environment.Job instance at 0x7fa5be6cd320>,68,18,[5 3],69,141,159,72,130
1,<environment.Job instance at 0x7fa5be6cd050>,70,12,[5 7],71,141,153,70,131
1,<environment.Job instance at 0x7fa57a408410>,3,16,[10  1],4,4,20,0,4
1,<environment.Job instance at 0x7fa5c2b2b0f0>,4,17,[4 8],5,20,37,15,10
1,<environment.Job instance at 0x7fa57a738cd0>,14,19,[6 5],15,37,56,22,29
1,<environment.Job instance at 0x7fa5be3301e0>,34,17,[4 5],35,53,70,18,53
1,<environment.Job instance at 0x7fa5be3302d0>,35,13,[3 7],36,70,83,34,54
1,<environment.Job instance at 0x7fa5be3efb40>,42,28,[1 7],43,83,111,40,83
1,<environment.Job instance at 0x7fa5be4732d0>,45,26,[ 4 10],46,111,137,65,108
1,<environment.Job instance at 0x7fa57aad4050>,52,14,[1 7],53,137,151,84,122
1,<environment.Job instance at 0x7fa57a563280>,63,16,[9 3],64,137,153,73,131
1,<environment.Job instance at 0x7fa57a760960>,16,26,[ 4 10],17,28,54,11,28
1,<environment.Job instance at 0x7fa57a776500>,41,21,[7 2],42,111,132,69,111
1,<environment.Job instance at 0x7fa5be3d5f00>,4,14,[10  2],5,5,19,0,5
1,<environment.Job instance at 0x7fa5be3f10f0>,11,1,[2 7],12,19,20,7,12
1,<environment.Job instance at 0x7fa5be3d5c80>,5,23,[1 8],6,20,43,14,17
1,<environment.Job instance at 0x7fa5be1edbe0>,27,17,[4 8],28,43,60,15,36
1,<environment.Job instance at 0x7fa5be3e0730>,30,22,[6 2],31,39,61,8,39
1,<environment.Job instance at 0x7fa57ab3a780>,32,3,[9 1],33,61,64,28,39
1,<environment.Job instance at 0x7fa5c29475f0>,39,18,[3 7],40,72,90,32,72
1,<environment.Job instance at 0x7fa5be1f9d70>,43,2,[5 4],44,90,92,46,74
1,<environment.Job instance at 0x7fa5c297c820>,45,18,[6 3],46,92,110,46,84
1,<environment.Job instance at 0x7fa57ac87c80>,56,13,[9 3],57,110,123,53,101
1,<environment.Job instance at 0x7fa57a5b5190>,3,16,[1 8],4,4,20,0,4
1,<environment.Job instance at 0x7fa57a8fe640>,4,15,[9 3],5,20,35,15,7
1,<environment.Job instance at 0x7fa57a584fa0>,16,2,[6 3],17,35,37,18,26
1,<environment.Job instance at 0x7fa57a5b57d0>,5,15,[4 8],6,42,57,36,42
1,<environment.Job instance at 0x7fa5c2e0a140>,20,14,[1 8],21,57,71,36,43
1,<environment.Job instance at 0x7fa5be2af230>,21,14,[9 1],22,57,71,35,47
1,<environment.Job instance at 0x7fa57aa3e140>,30,2,[5 1],31,71,73,40,61
1,<environment.Job instance at 0x7fa57aa3e780>,34,14,[10  2],35,73,87,38,61
1,<environment.Job instance at 0x7fa5be46b410>,42,17,[5 2],43,87,104,44,77
1,<environment.Job instance at 0x7fa5be46b8c0>,45,18,[5 8],46,87,105,41,80
1,<environment.Job instance at 0x7fa5be287780>,53,27,[2 5],54,110,137,56,110
1,<environment.Job instance at 0x7fa57a4cb9b0>,10,2,[2 5],11,11,13,0,11
1,<environment.Job instance at 0x7fa57aa74e60>,3,26,[9 5],4,13,39,9,13
1,<environment.Job instance at 0x7fa5be2b8050>,25,17,[5 3],26,39,56,13,39
1,<environment.Job instance at 0x7fa57a3f1d20>,30,15,[4 8],31,56,71,25,47
1,<environment.Job instance at 0x7fa57a3f1b90>,36,16,[6 2],37,58,74,21,58
1,<environment.Job instance at 0x7fa57a3f15f0>,38,14,[3 7],39,71,85,32,58
1,<environment.Job instance at 0x7fa57ab72c80>,43,18,[8 4],44,85,103,41,74
1,<environment.Job instance at 0x7fa57a399410>,4,16,[10  5],5,6,22,1,6
1,<environment.Job instance at 0x7fa5be2ec500>,6,16,[ 2 10],7,22,38,15,9
1,<environment.Job instance at 0x7fa5c309dc80>,18,13,[9 1],19,38,51,19,22
1,<environment.Job instance at 0x7fa5c2eeda00>,25,3,[6 3],26,51,54,25,36
1,<environment.Job instance at 0x7f2fae628140>,0,18,[ 2 10],1,1,19,0,1
1,<environment.Job instance at 0x7f2fa7218780>,9,17,[ 4 10],10,19,36,9,13
1,<environment.Job instance at 0x7f2fa721b050>,18,16,[8 5],19,36,52,17,24
1,<environment.Job instance at 0x7f2fa721b0a0>,20,1,[3 7],21,52,53,31,35
1,<environment.Job instance at 0x7f2fa721b690>,24,3,[5 9],25,53,56,28,35
1,<environment.Job instance at 0x7f2fa721b640>,25,3,[1 6],26,56,59,30,35
1,<environment.Job instance at 0x7f2fa721b780>,28,2,[5 9],29,59,61,30,49
1,<environment.Job instance at 0x7f2fa721b820>,31,17,[4 9],32,61,78,29,49
1,<environment.Job instance at 0x7f2fa721c370>,37,14,[5 5],38,78,92,40,65
1,<environment.Job instance at 0x7f2fa721c4b0>,39,18,[5 8],40,92,110,52,84
1,<environment.Job instance at 0x7f2fa721cd20>,50,27,[9 1],51,136,163,85,136
1,<environment.Job instance at 0x7f2fa7221780>,61,2,[9 2],62,163,165,101,136
1,<environment.Job instance at 0x7f2fa7221050>,4,12,[5 7],5,5,17,0,5
1,<environment.Job instance at 0x7f2fa7231910>,5,17,[10  5],6,17,34,11,7
1,<environment.Job instance at 0x7f2fae799e10>,26,13,[5 1],27,36,49,9,36
1,<environment.Job instance at 0x7f2fae79be60>,25,17,[5 9],26,42,59,16,42
1,<environment.Job instance at 0x7f2fae79b5a0>,33,12,[5 1],34,55,67,21,55
1,<environment.Job instance at 0x7f2fae79b730>,32,17,[10  4],33,70,87,37,70
1,<environment.Job instance at 0x7f2fae797b40>,39,1,[9 2],40,87,88,47,82
1,<environment.Job instance at 0x7f2fae797910>,38,28,[7 4],39,88,116,49,87
1,<environment.Job instance at 0x7f2fae795a00>,55,12,[2 6],56,139,151,83,139
1,<environment.Job instance at 0x7f2fae795f00>,57,3,[4 9],58,151,154,93,139
1,<environment.Job instance at 0x7f2fae79eaf0>,56,3,[7 5],57,154,157,97,139
1,<environment.Job instance at 0x7f2fae79ee60>,1,25,[10  4],2,4,29,2,4
1,<environment.Job instance at 0x7f2f6355a820>,17,27,[9 5],18,29,56,11,27
1,<environment.Job instance at 0x7f2f6355ab90>,20,18,[4 8],21,56,74,35,45
1,<environment.Job instance at 0x7f2f635ab640>,33,18,[8 1],34,74,92,40,68
1,<environment.Job instance at 0x7f2f635abe60>,36,22,[2 8],37,74,96,37,68
1,<environment.Job instance at 0x7f2f635abd20>,40,16,[1 9],41,96,112,55,84
1,<environment.Job instance at 0x7f2f635abd70>,43,27,[7 5],44,113,140,69,113
1,<environment.Job instance at 0x7f2f635be0a0>,53,16,[3 5],54,136,152,82,136
1,<environment.Job instance at 0x7f2f6386da00>,0,14,[8 4],1,1,15,0,1
1,<environment.Job instance at 0x7f2f635beaf0>,7,2,[2 6],8,8,10,0,8
1,<environment.Job instance at 0x7f2f639ea6e0>,17,18,[3 6],18,20,38,2,20
1,<environment.Job instance at 0x7f2f639eae60>,16,16,[2 6],17,38,54,21,25
1,<environment.Job instance at 0x7f2f639eacd0>,25,12,[6 1],26,37,49,11,37
1,<environment.Job instance at 0x7f2f639ea500>,20,18,[5 9],21,54,72,33,43
1,<environment.Job instance at 0x7f2f63961aa0>,35,17,[ 5 10],36,72,89,36,70
1,<environment.Job instance at 0x7f2f63932e60>,38,16,[9 2],39,89,105,50,77
1,<environment.Job instance at 0x7f2f636209b0>,52,17,[2 5],53,105,122,52,98
1,<environment.Job instance at 0x7f2f63b55cd0>,60,18,[8 1],61,123,141,62,123
1,<environment.Job instance at 0x7f2fa6f84140>,4,16,[4 5],5,7,23,2,7
1,<environment.Job instance at 0x7f2fa7250410>,9,1,[5 1],10,10,11,0,10
1,<environment.Job instance at 0x7f2f63660eb0>,10,12,[1 7],11,23,35,12,11
1,<environment.Job instance at 0x7f2f63423050>,23,15,[4 9],24,36,51,12,36
1,<environment.Job instance at 0x7f2f634233c0>,29,19,[5 5],30,51,70,21,43
1,<environment.Job instance at 0x7f2f63423730>,33,3,[8 4],34,70,73,36,60
1,<environment.Job instance at 0x7f2f63423690>,34,14,[3 8],35,73,87,38,61
1,<environment.Job instance at 0x7f2f63423cd0>,38,18,[4 6],39,87,105,48,81
1,<environment.Job instance at 0x7f2f63427550>,48,17,[9 5],49,105,122,56,94
1,<environment.Job instance at 0x7f2f63423230>,26,18,[6 3],27,122,140,95,114
1,<environment.Job instance at 0x7f2f634279b0>,55,14,[4 6],56,122,136,66,116
1,<environment.Job instance at 0x7f2fa77492d0>,5,18,[9 2],6,8,26,2,8
1,<environment.Job instance at 0x7f2fa9e09e10>,13,16,[8 1],14,26,42,12,19
1,<environment.Job instance at 0x7f2fa9e09780>,20,15,[2 8],21,26,41,5,23
1,<environment.Job instance at 0x7f2fa7375fa0>,27,16,[1 7],28,41,57,13,29
1,<environment.Job instance at 0x7f2fa7375640>,30,15,[4 7],31,57,72,26,56
1,<environment.Job instance at 0x7f2fa9e09370>,17,20,[5 7],18,72,92,54,65
1,<environment.Job instance at 0x7f2fa9762410>,44,17,[8 1],45,92,109,47,80
1,<environment.Job instance at 0x7f2fa706c460>,46,19,[2 9],47,92,111,45,83
1,<environment.Job instance at 0x7f2fa706cd70>,51,18,[3 8],52,111,129,59,100
1,<environment.Job instance at 0x7f2fa98fd230>,54,15,[4 8],55,129,144,74,118
1,<environment.Job instance at 0x7f2fa73390a0>,62,3,[1 8],63,144,147,81,130
1,<environment.Job instance at 0x7f2fa98fd320>,61,28,[5 1],62,130,158,68,130
1,<environment.Job instance at 0x7f2fa73393c0>,66,3,[7 4],67,158,161,91,135
1,<environment.Job instance at 0x7f2fa7579230>,3,15,[3 9],4,4,19,0,4
1,<environment.Job instance at 0x7f2f634a0960>,10,15,[5 3],11,19,34,8,11
1,<environment.Job instance at 0x7f2fa71733c0>,19,15,[3 9],20,34,49,14,20
1,<environment.Job instance at 0x7f2f634aaf00>,40,12,[5 6],41,94,106,53,94
1,<environment.Job instance at 0x7f2f634aa0a0>,41,16,[3 9],42,106,122,64,98
1,<environment.Job instance at 0x7f2fa7474410>,54,3,[10  5],55,131,134,76,131
1,<environment.Job instance at 0x7f2fa7474d20>,52,14,[ 4 10],53,134,148,81,131
1,<environment.Job instance at 0x7f2fa7474320>,55,16,[7 3],56,148,164,92,136
1,<environment.Job instance at 0x7f2fa9cc9320>,3,12,[5 4],4,7,19,3,7
1,<environment.Job instance at 0x7f2fa9e09a00>,7,15,[3 6],8,8,23,0,8
1,<environment.Job instance at 0x7f2fa73cb4b0>,8,14,[ 1 10],9,23,37,14,9
1,<environment.Job instance at 0x7f2f63715640>,21,2,[2 9],22,37,39,15,27
1,<environment.Job instance at 0x7f2f637150a0>,23,3,[8 1],24,37,40,13,27
1,<environment.Job instance at 0x7f2f63715230>,17,1,[ 4 10],18,40,41,22,29
1,<environment.Job instance at 0x7f2f63715820>,25,14,[7 2],26,41,55,15,35
1,<environment.Job instance at 0x7f2f637155f0>,22,23,[3 7],23,41,64,18,35
1,<environment.Job instance at 0x7f2f63715a00>,31,12,[2 6],32,64,76,32,49
1,<environment.Job instance at 0x7f2f63715af0>,27,16,[5 4],28,64,80,36,52
1,<environment.Job instance at 0x7f2f6371ed70>,51,15,[5 2],52,99,114,47,99
1,<environment.Job instance at 0x7f2f636e56e0>,60,13,[10  1],61,128,141,67,128
1,<environment.Job instance at 0x7f2f636e5e10>,65,15,[1 5],66,141,156,75,130
1,<environment.Job instance at 0x7f2f636e5fa0>,68,13,[8 2],69,141,154,72,132
1,<environment.Job instance at 0x7f2f6371ebe0>,0,20,[ 4 10],1,1,21,0,1
1,<environment.Job instance at 0x7f2fa9c5d320>,3,14,[ 4 10],4,21,35,17,9
1,<environment.Job instance at 0x7f2fa73cfaa0>,12,2,[1 9],13,35,37,22,13
1,<environment.Job instance at 0x7f2fa7335500>,18,14,[5 4],19,37,51,18,29
1,<environment.Job instance at 0x7f2f637f8b90>,26,17,[1 6],27,37,54,10,30
1,<environment.Job instance at 0x7f2f637f8640>,32,18,[6 5],33,54,72,21,48
1,<environment.Job instance at 0x7f2fa71f5910>,41,12,[5 6],42,72,84,30,64
1,<environment.Job instance at 0x7f2fa72c0d70>,44,17,[1 6],45,84,101,39,75
1,<environment.Job instance at 0x7f2f63a28960>,52,17,[ 1 10],53,101,118,48,93
1,<environment.Job instance at 0x7f2f633615f0>,37,15,[4 8],38,123,138,85,123
1,<environment.Job instance at 0x7f2fa9d6c280>,66,12,[9 1],67,138,150,71,130
1,<environment.Job instance at 0x7f2f63bd37d0>,15,16,[3 5],16,17,33,1,17
1,<environment.Job instance at 0x7f2f63bd3c30>,16,14,[6 2],17,17,31,0,17
1,<environment.Job instance at 0x7f2fa99090f0>,19,14,[7 3],20,31,45,11,23
1,<environment.Job instance at 0x7f2fa72b68c0>,24,18,[4 8],25,46,64,21,46
1,<environment.Job instance at 0x7f2fa9cc5050>,28,15,[10  2],29,64,79,35,53
1,<environment.Job instance at 0x7f2f63681eb0>,37,22,[2 9],38,81,103,43,81
1,<environment.Job instance at 0x7f2fa7430f00>,47,16,[8 4],48,103,119,55,93
1,<environment.Job instance at 0x7f2f63701b90>,56,24,[2 9],57,120,144,63,120
1,<environment.Job instance at 0x7f2fa70af8c0>,0,15,[2 8],1,1,16,0,1
1,<environment.Job instance at 0x7f2fa7343780>,6,14,[2 6],7,16,30,9,7
1,<environment.Job instance at 0x7f2fa9a9a0f0>,7,15,[6 2],8,9,24,1,9
1,<environment.Job instance at 0x7f2fa7190aa0>,17,3,[8 3],18,24,27,6,19
1,<environment.Job instance at 0x7f2f63587f50>,18,2,[1 7],19,30,32,11,19
1,<environment.Job instance at 0x7f2f63587b40>,15,16,[3 8],16,32,48,16,23
1,<environment.Job instance at 0x7f2f6359a5a0>,23,3,[6 1],24,28,31,4,28
1,<environment.Job instance at 0x7f2f6359a550>,24,14,[5 6],25,48,62,23,36
1,<environment.Job instance at 0x7f2f63587cd0>,19,14,[4 7],20,62,76,42,52
1,<environment.Job instance at 0x7f2f6359ad20>,35,2,[5 2],36,58,60,22,58
1,<environment.Job instance at 0x7f2f6359aa50>,29,23,[5 7],30,76,99,46,70
1,<environment.Job instance at 0x7f2f6358e140>,44,13,[4 7],45,99,112,54,83
1,<environment.Job instance at 0x7f2f6358e6e0>,49,14,[1 8],50,112,126,62,102
1,<environment.Job instance at 0x7f2f6358efa0>,59,21,[7 2],60,123,144,63,123
1,<environment.Job instance at 0x7f2f6358ef50>,57,15,[8 5],58,144,159,86,131
1,<environment.Job instance at 0x7f2fa9909a50>,1,16,[1 7],2,2,18,0,2
1,<environment.Job instance at 0x7f2fa9865460>,11,2,[3 5],12,18,20,6,12
1,<environment.Job instance at 0x7f2fa9865e10>,14,16,[3 5],15,19,35,4,19
1,<environment.Job instance at 0x7f2fa764beb0>,21,12,[7 5],22,22,34,0,22
1,<environment.Job instance at 0x7f2fa764b460>,25,15,[8 3],26,36,51,10,36
1,<environment.Job instance at 0x7f2fa9865dc0>,13,16,[5 9],14,51,67,37,40
1,<environment.Job instance at 0x7f2fa98c9280>,31,3,[4 6],32,67,70,35,44
1,<environment.Job instance at 0x7f2fa764baf0>,30,14,[5 3],31,67,81,36,58
1,<environment.Job instance at 0x7f2fa9c620f0>,41,12,[4 6],42,72,84,30,72
1,<environment.Job instance at 0x7f2f63afec30>,44,17,[9 5],45,84,101,39,73
1,<environment.Job instance at 0x7f2f633cd910>,55,19,[10  1],56,104,123,48,104
1,<environment.Job instance at 0x7f2f633cde10>,56,14,[2 9],57,123,137,66,108
1,<environment.Job instance at 0x7f2fa9960e10>,64,14,[ 4 10],65,137,151,72,127
1,<environment.Job instance at 0x7f2fa989e6e0>,2,16,[9 2],3,4,20,1,4
1,<environment.Job instance at 0x7f2f633dd0a0>,13,1,[5 5],14,20,21,6,14
1,<environment.Job instance at 0x7f2f633dd550>,18,16,[1 7],19,27,43,8,27
1,<environment.Job instance at 0x7f2f635662d0>,27,15,[5 5],28,55,70,27,55
1,<environment.Job instance at 0x7f2fa7644cd0>,30,14,[1 9],31,70,84,39,58
1,<environment.Job instance at 0x7f2fa7644190>,32,24,[5 7],33,85,109,52,85
1,<environment.Job instance at 0x7f2fa6f8a4b0>,46,23,[ 2 10],47,109,132,62,105
1,<environment.Job instance at 0x7f2fa6f8a230>,58,15,[3 5],59,132,147,73,119
1,<environment.Job instance at 0x7f2fa70dd0a0>,1,14,[8 5],2,3,17,1,3
1,<environment.Job instance at 0x7f2f6322dfa0>,11,19,[3 6],12,17,36,5,15
1,<environment.Job instance at 0x7f2f63bb04b0>,15,2,[8 4],16,36,38,20,17
1,<environment.Job instance at 0x7f2fa7625d70>,18,1,[5 2],19,25,26,6,25
1,<environment.Job instance at 0x7f2fa76251e0>,20,1,[3 6],21,38,39,17,25
1,<environment.Job instance at 0x7f2fa7637dc0>,23,13,[2 7],24,39,52,15,34
1,<environment.Job instance at 0x7f2fa7637140>,26,17,[4 9],27,52,69,25,41
1,<environment.Job instance at 0x7f2f6397ad20>,33,2,[ 4 10],34,69,71,35,66
1,<environment.Job instance at 0x7f2f63963be0>,36,13,[5 7],37,71,84,34,70
1,<environment.Job instance at 0x7f2fa761da00>,41,28,[1 5],42,105,133,63,105
1,<environment.Job instance at 0x7f2fa751e190>,48,14,[4 7],49,133,147,84,119
1,<environment.Job instance at 0x7f2fa75337d0>,52,12,[7 2],53,147,159,94,134
1,<environment.Job instance at 0x7f2fa7325460>,57,13,[7 4],58,159,172,101,144
1,<environment.Job instance at 0x7f2f63886190>,3,17,[10  5],4,15,32,11,15
1,<environment.Job instance at 0x7f2fa71e7780>,15,27,[8 5],16,32,59,16,30
1,<environment.Job instance at 0x7f2fa9b19050>,30,14,[2 7],31,74,88,43,74
1,<environment.Job instance at 0x7f2fa6fbe410>,33,1,[3 5],34,88,89,54,76
1,<environment.Job instance at 0x7f2f63767370>,35,1,[10  4],36,89,90,53,76
1,<environment.Job instance at 0x7f2fa9aafd70>,36,1,[1 6],37,90,91,53,76
1,<environment.Job instance at 0x7f2f63a29460>,37,15,[3 5],38,91,106,53,78
1,<environment.Job instance at 0x7f2fa7017af0>,47,12,[3 5],48,100,112,52,100
1,<environment.Job instance at 0x7f2fa7017050>,48,3,[6 2],49,106,109,57,100
1,<environment.Job instance at 0x7f2fa70175f0>,49,17,[7 1],50,109,126,59,101
1,<environment.Job instance at 0x7f2fa7017640>,50,13,[1 5],51,112,125,61,101
1,<environment.Job instance at 0x7f2fa7017f50>,46,26,[ 4 10],47,126,152,79,123
1,<environment.Job instance at 0x7f2f63862370>,58,1,[2 8],59,152,153,93,145
1,<environment.Job instance at 0x7f2f63550b40>,0,13,[9 4],1,1,14,0,1
1,<environment.Job instance at 0x7f2fa76c7af0>,2,24,[2 9],3,14,38,11,10
1,<environment.Job instance at 0x7f2fa98d4d70>,18,16,[7 3],19,38,54,19,28
1,<environment.Job instance at 0x7f2fa9c50d70>,26,3,[3 8],27,54,57,27,36
1,<environment.Job instance at 0x7f2fa9c50460>,27,3,[3 5],28,38,41,10,36
1,<environment.Job instance at 0x7f2fa99d7550>,33,14,[8 4],34,57,71,23,53
1,<environment.Job instance at 0x7f2fa99d7230>,41,18,[1 8],42,85,103,43,85
1,<environment.Job instance at 0x7f2fa983b4b0>,47,17,[4 8],48,103,120,55,95
1,<environment.Job instance at 0x7f2fa983b050>,53,24,[3 7],54,120,144,66,115
1,<environment.Job instance at 0x7f2fa9b96b40>,4,17,[7 5],5,5,22,0,5
1,<environment.Job instance at 0x7f2fa714a2d0>,6,14,[ 4 10],7,22,36,15,7
1,<environment.Job instance at 0x7f2f63784500>,30,14,[1 8],31,39,53,8,39
1,<environment.Job instance at 0x7f2f63784410>,31,14,[9 1],32,39,53,7,39
1,<environment.Job instance at 0x7f2f6376a0f0>,32,13,[8 3],33,53,66,20,39
1,<environment.Job instance at 0x7f2f63778be0>,35,14,[6 2],36,66,80,30,51
1,<environment.Job instance at 0x7f2fa9968a00>,38,27,[4 6],39,66,93,27,65
1,<environment.Job instance at 0x7f2f634d0f50>,53,14,[8 5],54,93,107,39,79
1,<environment.Job instance at 0x7f2fa6fd47d0>,59,18,[5 6],60,117,135,57,117
1,<environment.Job instance at 0x7f2fa6fd48c0>,61,15,[2 9],62,135,150,73,126
1,<environment.Job instance at 0x7f2fa983baf0>,2,15,[4 5],3,3,18,0,3
1,<environment.Job instance at 0x7f2fa7202050>,17,18,[7 4],18,25,43,7,25
1,<environment.Job instance at 0x7f2fa9b33f50>,24,19,[3 6],25,35,54,10,35
1,<environment.Job instance at 0x7f2fa6f8a0f0>,29,17,[8 4],30,54,71,24,49
1,<environment.Job instance at 0x7f2fa7034d20>,35,13,[5 1],36,71,84,35,61
1,<environment.Job instance at 0x7f2fa7034fa0>,38,14,[3 7],39,71,85,32,67
1,<environment.Job instance at 0x7f2fa7034730>,41,15,[5 5],42,85,100,43,72
1,<environment.Job instance at 0x7f2fa70af5f0>,47,13,[9 3],48,100,113,52,88
1,<environment.Job instance at 0x7f2fa70afeb0>,54,13,[5 6],55,113,126,58,105
1,<environment.Job instance at 0x7f2f63b24320>,66,24,[8 4],67,135,159,68,135
1,<environment.Job instance at 0x7f2fa9f4bdc0>,0,15,[7 3],1,1,16,0,1
1,<environment.Job instance at 0x7f2f63316550>,3,15,[6 1],4,16,31,12,4
1,<environment.Job instance at 0x7f2fa9cbee60>,15,3,[6 3],16,31,34,15,16
1,<environment.Job instance at 0x7f2fa9cbe460>,16,18,[6 5],17,34,52,17,25
1,<environment.Job instance at 0x7f2fa9cbe3c0>,22,16,[5 8],23,52,68,29,42
1,<environment.Job instance at 0x7f2f63368050>,30,1,[5 8],31,68,69,37,54
1,<environment.Job instance at 0x7f2f633689b0>,36,18,[5 5],37,69,87,32,68
1,<environment.Job instance at 0x7f2f63368370>,39,14,[1 9],40,87,101,47,78
1,<environment.Job instance at 0x7f2f63b6cd20>,43,19,[7 4],44,101,120,57,92
1,<environment.Job instance at 0x7f2f63a96230>,5,18,[3 5],6,6,24,0,6
1,<environment.Job instance at 0x7f2f6322ba00>,10,1,[ 4 10],11,24,25,13,11
1,<environment.Job instance at 0x7f2f6322be10>,9,17,[1 9],10,25,42,15,14
1,<environment.Job instance at 0x7f2f6323deb0>,19,13,[3 9],20,42,55,22,32
1,<environment.Job instance at 0x7f2f6323daa0>,23,2,[2 9],24,55,57,31,43
1,<environment.Job instance at 0x7f2f6324faf0>,25,2,[1 8],26,57,59,31,54
1,<environment.Job instance at 0x7f2f6322b500>,16,24,[8 3],17,59,83,42,54
1,<environment.Job instance at 0x7f2f6324fd20>,34,15,[8 1],35,83,98,48,73
1,<environment.Job instance at 0x7f2f6384a190>,36,1,[3 9],37,98,99,61,74
1,<environment.Job instance at 0x7f2f6384a780>,41,15,[ 4 10],42,99,114,57,85
1,<environment.Job instance at 0x7f2f6324adc0>,46,13,[9 1],47,114,127,67,103
1,<environment.Job instance at 0x7f2f6322be60>,6,27,[4 9],7,127,154,120,127
1,<environment.Job instance at 0x7f33f66ff0f0>,0,18,[ 2 10],1,1,19,0,1
1,<environment.Job instance at 0x7f33ef2f0280>,3,18,[ 3 10],4,19,37,15,8
1,<environment.Job instance at 0x7f33ef2f0c30>,14,12,[3 7],15,37,49,22,20
1,<environment.Job instance at 0x7f33ef2f4370>,37,14,[5 5],38,63,77,25,63
1,<environment.Job instance at 0x7f33ef2f44b0>,39,18,[5 8],40,77,95,37,66
1,<environment.Job instance at 0x7f33ef2f6140>,54,14,[1 7],55,140,154,85,140
1,<environment.Job instance at 0x7f33ef3b8820>,0,18,[5 1],1,2,20,1,2
1,<environment.Job instance at 0x7f33f687a0a0>,6,23,[5 8],7,7,30,0,7
1,<environment.Job instance at 0x7f33f6875500>,16,13,[5 1],17,20,33,3,17
1,<environment.Job instance at 0x7f33f687ae10>,12,14,[9 2],13,33,47,20,22
1,<environment.Job instance at 0x7f33f6866d20>,28,28,[7 4],29,61,89,32,61
1,<environment.Job instance at 0x7f33f6870280>,40,15,[7 4],41,90,105,49,90
1,<environment.Job instance at 0x7f33f68706e0>,41,13,[3 6],42,91,104,49,91
1,<environment.Job instance at 0x7f33f6870190>,42,16,[8 5],43,105,121,62,92
1,<environment.Job instance at 0x7f33f686ca00>,53,18,[1 6],54,128,146,74,128
1,<environment.Job instance at 0x7f33f686c6e0>,54,15,[9 5],55,146,161,91,133
1,<environment.Job instance at 0x7f33ab5f0fa0>,5,18,[ 3 10],6,7,25,1,7
1,<environment.Job instance at 0x7f33ab5f00a0>,8,12,[8 2],9,25,37,16,10
1,<environment.Job instance at 0x7f33ab5d9a50>,22,17,[4 6],23,37,54,14,29
1,<environment.Job instance at 0x7f33ab5d9af0>,23,27,[7 5],24,54,81,30,53
1,<environment.Job instance at 0x7f33ab5cef00>,34,3,[2 5],35,64,67,29,64
1,<environment.Job instance at 0x7f33ab5cefa0>,33,16,[3 5],34,67,83,33,66
1,<environment.Job instance at 0x7f33ab5cecd0>,37,14,[10  3],38,83,97,45,74
1,<environment.Job instance at 0x7f33ab5bc1e0>,46,13,[8 4],47,99,112,52,99
1,<environment.Job instance at 0x7f33ab5bcd20>,48,21,[9 5],49,112,133,63,105
1,<environment.Job instance at 0x7f33ab5be230>,55,15,[5 7],56,133,148,77,119
1,<environment.Job instance at 0x7f33ab682c80>,63,17,[1 8],64,148,165,84,137
1,<environment.Job instance at 0x7f33ab6c90a0>,20,13,[10  4],21,40,53,19,40
1,<environment.Job instance at 0x7f33ab6c9c80>,25,24,[8 3],26,53,77,27,48
1,<environment.Job instance at 0x7f33ab6ca410>,30,18,[8 1],31,82,100,51,82
1,<environment.Job instance at 0x7f33ab9418c0>,35,13,[3 9],36,100,113,64,84
1,<environment.Job instance at 0x7f33ab9415f0>,45,13,[8 5],46,115,128,69,115
1,<environment.Job instance at 0x7f33ab941460>,48,16,[6 5],49,128,144,79,115
1,<environment.Job instance at 0x7f33ab9a5960>,52,15,[2 5],53,115,130,62,115
1,<environment.Job instance at 0x7f33ab941410>,47,14,[2 5],48,131,145,83,131
1,<environment.Job instance at 0x7f33ab6d6230>,56,15,[9 1],57,145,160,88,131
1,<environment.Job instance at 0x7f33ab6f5730>,3,13,[7 4],4,7,20,3,7
1,<environment.Job instance at 0x7f33ab6ce140>,8,17,[9 5],9,20,37,11,9
1,<environment.Job instance at 0x7f33ef32a5f0>,16,1,[5 1],17,37,38,20,23
1,<environment.Job instance at 0x7f33ab6f5f50>,6,18,[10  2],7,38,56,31,31
1,<environment.Job instance at 0x7f33ab4fa3c0>,44,16,[5 5],45,79,95,34,79
1,<environment.Job instance at 0x7f33ab4fa4b0>,43,18,[5 5],44,80,98,36,80
1,<environment.Job instance at 0x7f33ab4fa6e0>,46,13,[3 9],47,98,111,51,84
1,<environment.Job instance at 0x7f33ab4fabe0>,54,16,[2 7],55,111,127,56,109
1,<environment.Job instance at 0x7f33ab4faf50>,60,23,[9 4],61,127,150,66,124
1,<environment.Job instance at 0x7f33abc96500>,3,14,[ 4 10],4,4,18,0,4
1,<environment.Job instance at 0x7f33abc96370>,4,15,[4 8],5,18,33,13,5
1,<environment.Job instance at 0x7f33f5f6cc30>,12,3,[1 8],13,33,36,20,13
1,<environment.Job instance at 0x7f33f5f6c410>,13,12,[3 8],14,36,48,22,21
1,<environment.Job instance at 0x7f33f5f87370>,22,13,[9 1],23,48,61,25,34
1,<environment.Job instance at 0x7f33f5f685a0>,30,2,[5 5],31,61,63,30,45
1,<environment.Job instance at 0x7f33f5f874b0>,29,15,[2 6],30,63,78,33,49
1,<environment.Job instance at 0x7f33f5f68d70>,38,13,[1 5],39,78,91,39,77
1,<environment.Job instance at 0x7f33f5c0b1e0>,47,15,[5 8],48,102,117,54,102
1,<environment.Job instance at 0x7f33f5f8b730>,55,3,[9 2],56,122,125,66,122
1,<environment.Job instance at 0x7f33f5f8baf0>,54,28,[4 5],55,128,156,73,128
1,<environment.Job instance at 0x7f33f5f8b8c0>,58,15,[5 8],59,156,171,97,142
1,<environment.Job instance at 0x7f33ef7b2d70>,3,16,[2 6],4,6,22,2,6
1,<environment.Job instance at 0x7f33f5f8b8c0>,2,14,[9 2],3,22,36,19,10
1,<environment.Job instance at 0x7f33abbd2280>,17,12,[1 6],18,22,34,4,20
1,<environment.Job instance at 0x7f33ef425dc0>,20,2,[4 6],21,36,38,15,22
1,<environment.Job instance at 0x7f33f60e6dc0>,16,17,[3 7],17,38,55,21,31
1,<environment.Job instance at 0x7f33ef3ebf00>,32,14,[ 2 10],33,55,69,22,40
1,<environment.Job instance at 0x7f33ab59eb40>,38,16,[3 8],39,69,85,30,60
1,<environment.Job instance at 0x7f33ab59e550>,47,12,[1 6],48,96,108,48,96
1,<environment.Job instance at 0x7f33ab7cfe10>,60,18,[6 4],61,141,159,80,141
1,<environment.Job instance at 0x7f33aba7d0f0>,2,15,[5 1],3,3,18,0,3
1,<environment.Job instance at 0x7f33f5c729b0>,8,16,[ 5 10],9,18,34,9,9
1,<environment.Job instance at 0x7f33f5d8e370>,10,13,[1 5],11,34,47,23,19
1,<environment.Job instance at 0x7f33aba1de60>,22,22,[8 1],23,34,56,11,27
1,<environment.Job instance at 0x7f33aba055a0>,31,27,[8 5],32,58,85,26,58
1,<environment.Job instance at 0x7f33aba05d20>,42,18,[10  5],43,94,112,51,94
1,<environment.Job instance at 0x7f33aba18a00>,59,12,[5 8],60,138,150,78,138
1,<environment.Job instance at 0x7f33aba18b40>,62,18,[1 9],63,150,168,87,141
1,<environment.Job instance at 0x7f33ef7b20f0>,1,17,[ 2 10],2,2,19,0,2
1,<environment.Job instance at 0x7f33f5d466e0>,5,18,[4 6],6,19,37,13,11
1,<environment.Job instance at 0x7f33f60ca1e0>,16,15,[3 9],17,37,52,20,25
1,<environment.Job instance at 0x7f33ef261820>,27,12,[6 5],28,52,64,24,47
1,<environment.Job instance at 0x7f33f5c93f00>,30,20,[8 5],31,64,84,33,55
1,<environment.Job instance at 0x7f33f5be86e0>,57,26,[ 3 10],58,108,134,50,108
1,<environment.Job instance at 0x7f33f5d92b40>,73,14,[ 5 10],74,134,148,60,125
1,<environment.Job instance at 0x7f33f6879d20>,2,14,[6 2],3,4,18,1,4
1,<environment.Job instance at 0x7f33ef2db230>,15,20,[7 2],16,18,38,2,17
1,<environment.Job instance at 0x7f33ab99b280>,17,17,[5 6],18,38,55,20,26
1,<environment.Job instance at 0x7f33ef354280>,30,13,[8 4],31,57,70,26,57
1,<environment.Job instance at 0x7f33ef3c5aa0>,40,16,[ 2 10],41,81,97,40,81
1,<environment.Job instance at 0x7f33ef70cb40>,42,15,[5 5],43,97,112,54,95
1,<environment.Job instance at 0x7f33ef70ce60>,48,13,[8 5],49,112,125,63,96
1,<environment.Job instance at 0x7f33ab9ebc30>,55,24,[4 7],56,131,155,75,131
1,<environment.Job instance at 0x7f33f60b0e10>,57,15,[1 8],58,155,170,97,141
1,<environment.Job instance at 0x7f33f6401eb0>,0,16,[5 9],1,1,17,0,1
1,<environment.Job instance at 0x7f33f5d245f0>,10,15,[8 5],11,17,32,6,11
1,<environment.Job instance at 0x7f33ef237820>,18,18,[6 4],19,32,50,13,22
1,<environment.Job instance at 0x7f33abaf3af0>,22,15,[9 5],23,50,65,27,39
1,<environment.Job instance at 0x7f33abaf00a0>,34,13,[8 1],35,67,80,32,67
1,<environment.Job instance at 0x7f33f5af1690>,40,17,[5 8],41,80,97,39,72
1,<environment.Job instance at 0x7f33f5aeabe0>,49,16,[5 5],50,97,113,47,87
1,<environment.Job instance at 0x7f33f5aeb960>,58,18,[6 5],59,113,131,54,105
1,<environment.Job instance at 0x7f33ab7cfbe0>,1,18,[5 6],2,2,20,0,2
1,<environment.Job instance at 0x7f33ef0f2960>,4,14,[ 4 10],5,20,34,15,5
1,<environment.Job instance at 0x7f33ef0f2230>,12,16,[3 7],13,34,50,21,26
1,<environment.Job instance at 0x7f33ab49d370>,30,15,[8 4],31,50,65,19,43
1,<environment.Job instance at 0x7f33ab49de10>,16,14,[7 3],17,65,79,48,54
1,<environment.Job instance at 0x7f33ab803410>,41,21,[8 4],42,79,100,37,71
1,<environment.Job instance at 0x7f33ab599af0>,47,18,[2 7],48,100,118,52,90
1,<environment.Job instance at 0x7f33ab803820>,42,16,[1 7],43,127,143,84,127
1,<environment.Job instance at 0x7f33f5cf93c0>,1,18,[1 7],2,2,20,0,2
1,<environment.Job instance at 0x7f33abb7a9b0>,3,1,[6 2],4,5,6,1,5
1,<environment.Job instance at 0x7f33aba8bf50>,11,1,[4 6],12,20,21,8,12
1,<environment.Job instance at 0x7f33ab6d4780>,14,18,[7 1],15,21,39,6,16
1,<environment.Job instance at 0x7f33f6872a00>,20,12,[9 3],21,39,51,18,22
1,<environment.Job instance at 0x7f33ef09c320>,34,18,[3 8],35,52,70,17,52
1,<environment.Job instance at 0x7f33ef09c500>,35,3,[10  1],36,70,73,34,52
1,<environment.Job instance at 0x7f33ef09c280>,36,1,[7 5],37,73,74,36,52
1,<environment.Job instance at 0x7f33ef09c5a0>,38,3,[6 4],39,74,77,35,52
1,<environment.Job instance at 0x7f33ef09cbe0>,37,25,[6 5],38,77,102,39,74
1,<environment.Job instance at 0x7f33ab358fa0>,52,3,[6 1],53,102,105,49,93
1,<environment.Job instance at 0x7f33ef46b0a0>,53,2,[1 5],54,93,95,39,93
1,<environment.Job instance at 0x7f33ab34e2d0>,55,3,[5 3],56,105,108,49,93
1,<environment.Job instance at 0x7f33ab3aaf00>,57,16,[6 3],58,108,124,50,99
1,<environment.Job instance at 0x7f33f60330f0>,64,3,[9 3],65,124,127,59,114
1,<environment.Job instance at 0x7f33f5f7deb0>,67,28,[6 3],68,127,155,59,127
1,<environment.Job instance at 0x7f33ab33ddc0>,71,19,[3 6],72,131,150,59,131
1,<environment.Job instance at 0x7f33f5ea2140>,7,27,[3 7],8,19,46,11,19
1,<environment.Job instance at 0x7f33ab446d20>,21,18,[ 5 10],22,46,64,24,43
1,<environment.Job instance at 0x7f33ab35d320>,23,12,[2 9],24,64,76,40,47
1,<environment.Job instance at 0x7f33f5c47500>,4,16,[4 6],5,76,92,71,63
1,<environment.Job instance at 0x7f33ab3bc550>,30,2,[10  4],31,92,94,61,67
1,<environment.Job instance at 0x7f33ab5bf5a0>,36,1,[6 4],37,76,77,39,76
1,<environment.Job instance at 0x7f33ab5bf140>,39,3,[ 1 10],40,94,97,54,83
1,<environment.Job instance at 0x7f33ef3bb5f0>,40,13,[7 2],41,97,110,56,83
1,<environment.Job instance at 0x7f33ef3bb5a0>,41,1,[5 8],42,110,111,68,83
1,<environment.Job instance at 0x7f33ef3bb140>,43,2,[7 1],44,111,113,67,84
1,<environment.Job instance at 0x7f33ef3bbd70>,44,3,[2 5],45,97,100,52,85
1,<environment.Job instance at 0x7f33ef4dc960>,45,1,[7 4],46,113,114,67,85
1,<environment.Job instance at 0x7f33ab4bd9b0>,28,17,[7 4],29,114,131,85,102
1,<environment.Job instance at 0x7f33ab5b63c0>,54,1,[5 7],55,131,132,76,109
1,<environment.Job instance at 0x7f33ef509a50>,64,2,[8 5],65,132,134,67,123
1,<environment.Job instance at 0x7f33ab408140>,62,17,[4 9],63,134,151,71,125
1,<environment.Job instance at 0x7f33f5e50e60>,1,17,[5 5],2,2,19,0,2
1,<environment.Job instance at 0x7f33ab35dbe0>,2,13,[8 4],3,19,32,16,3
1,<environment.Job instance at 0x7f33ab842280>,15,2,[5 1],16,17,19,1,17
1,<environment.Job instance at 0x7f33ef54f190>,12,2,[ 1 10],13,32,34,19,18
1,<environment.Job instance at 0x7f33ab5eab90>,22,25,[7 5],23,34,59,11,31
1,<environment.Job instance at 0x7f33f5f19050>,29,14,[3 9],30,59,73,29,48
1,<environment.Job instance at 0x7f33abc82c30>,32,16,[5 8],33,73,89,40,65
1,<environment.Job instance at 0x7f33abcb14b0>,42,24,[2 9],43,89,113,46,84
1,<environment.Job instance at 0x7f33abc92a00>,50,16,[9 3],51,113,129,62,102
1,<environment.Job instance at 0x7f33abcaeb90>,61,17,[4 6],62,129,146,67,129
1,<environment.Job instance at 0x7f33ef2f85a0>,2,14,[2 7],3,3,17,0,3
1,<environment.Job instance at 0x7f33ef295370>,25,18,[8 2],26,70,88,44,70
1,<environment.Job instance at 0x7f33ab5bc230>,36,14,[ 4 10],37,107,121,70,107
1,<environment.Job instance at 0x7f33ab5bc3c0>,38,12,[5 3],39,121,133,82,108
1,<environment.Job instance at 0x7f33ab6de5a0>,47,25,[9 5],48,140,165,92,140
1,<environment.Job instance at 0x7f33f5cdb960>,3,12,[3 7],4,4,16,0,4
1,<environment.Job instance at 0x7f33abc51b90>,6,13,[9 2],7,16,29,9,8
1,<environment.Job instance at 0x7f33ef6af8c0>,13,16,[1 7],14,16,32,2,15
1,<environment.Job instance at 0x7f33ab97baf0>,17,13,[ 5 10],18,32,45,14,18
1,<environment.Job instance at 0x7f33aba59190>,29,25,[4 9],30,49,74,19,49
1,<environment.Job instance at 0x7f33f611f9b0>,40,14,[10  2],41,74,88,33,71
1,<environment.Job instance at 0x7f33f611fc30>,44,19,[3 6],45,88,107,43,87
1,<environment.Job instance at 0x7f33f611f820>,45,17,[5 3],46,88,105,42,87
1,<environment.Job instance at 0x7f33ab4805a0>,48,2,[ 1 10],49,107,109,58,87
1,<environment.Job instance at 0x7f33ab4806e0>,49,17,[8 4],50,109,126,59,98
1,<environment.Job instance at 0x7f33ab577eb0>,55,13,[5 1],56,126,139,70,111
1,<environment.Job instance at 0x7f33ab577820>,58,14,[3 7],59,126,140,67,113
1,<environment.Job instance at 0x7f33ef346e60>,66,14,[6 5],67,140,154,73,125
1,<environment.Job instance at 0x7f33f62fc320>,0,14,[ 1 10],1,1,15,0,1
1,<environment.Job instance at 0x7f33abac1050>,6,16,[ 2 10],7,15,31,8,7
1,<environment.Job instance at 0x7f33ab97c370>,10,15,[7 3],11,31,46,20,17
1,<environment.Job instance at 0x7f33ab8a0aa0>,19,2,[10  4],20,46,48,26,21
1,<environment.Job instance at 0x7f33ab8a0a00>,24,17,[5 4],25,48,65,23,36
1,<environment.Job instance at 0x7f33ab8a2410>,32,16,[5 8],33,65,81,32,52
1,<environment.Job instance at 0x7f33ab8a2a50>,38,14,[ 5 10],39,81,95,42,67
1,<environment.Job instance at 0x7f33f5c9ab90>,5,18,[3 5],6,7,25,1,7
1,<environment.Job instance at 0x7f33f5c48b90>,8,15,[2 9],9,25,40,16,11
1,<environment.Job instance at 0x7f33f5be6410>,19,13,[3 9],20,40,53,20,38
1,<environment.Job instance at 0x7f33f5be6690>,20,14,[6 2],21,53,67,32,41
1,<environment.Job instance at 0x7f33ab6fb050>,28,16,[6 3],29,67,83,38,56
1,<environment.Job instance at 0x7f33f6028c30>,33,14,[5 1],34,83,97,49,72
1,<environment.Job instance at 0x7f33f60d9dc0>,40,15,[5 4],41,83,98,42,79
1,<environment.Job instance at 0x7f33ef354e10>,42,18,[4 6],43,97,115,54,95
1,<environment.Job instance at 0x7f33ef0b9e10>,49,12,[5 9],50,124,136,74,124
1,<environment.Job instance at 0x7f33ef0b9550>,51,16,[1 5],52,136,152,84,124
1,<environment.Job instance at 0x7f33ef0b9410>,57,23,[8 5],58,136,159,78,130
1,<environment.Job instance at 0x7f33ef49c0a0>,13,13,[7 3],14,47,60,33,47
1,<environment.Job instance at 0x7f33f6620550>,14,26,[8 4],15,60,86,45,58
1,<environment.Job instance at 0x7f33ef3ec1e0>,20,16,[4 9],21,86,102,65,75
1,<environment.Job instance at 0x7f33ef786d70>,24,23,[6 3],25,102,125,77,96
1,<environment.Job instance at 0x7f33f5c51f50>,33,28,[8 5],34,125,153,91,124
1,<environment.Job instance at 0x7f33ab97ef50>,39,23,[2 9],40,153,176,113,147
1,<environment.Job instance at 0x7fe7156b1690>,0,13,[9 3],1,1,14,0,1
1,<environment.Job instance at 0x7fe71255df50>,9,18,[3 9],15,15,33,0,15
1,<environment.Job instance at 0x7fe712562500>,15,3,[9 3],23,33,36,10,23
1,<environment.Job instance at 0x7fe7125626e0>,18,1,[7 5],30,36,37,6,31
1,<environment.Job instance at 0x7fe712562aa0>,20,1,[2 7],32,37,38,5,32
1,<environment.Job instance at 0x7fe71255deb0>,10,16,[8 5],17,38,54,21,35
1,<environment.Job instance at 0x7fe7125642d0>,27,17,[1 6],44,54,71,10,44
1,<environment.Job instance at 0x7fe7125646e0>,2,14,[8 4],5,6,20,1,6
1,<environment.Job instance at 0x7fe715602c30>,10,3,[5 5],16,20,23,4,16
1,<environment.Job instance at 0x7fe715602d20>,11,13,[6 5],17,23,36,6,18
1,<environment.Job instance at 0x7fe7156022d0>,12,13,[2 7],21,36,49,15,21
1,<environment.Job instance at 0x7fe7155fb9b0>,24,13,[6 3],40,40,53,0,40
1,<environment.Job instance at 0x7fe7155fb050>,25,23,[1 5],41,49,72,8,43
1,<environment.Job instance at 0x7fe6d68fddc0>,0,21,[5 3],1,1,22,0,1
1,<environment.Job instance at 0x7fe6d68fd0f0>,3,16,[6 3],5,22,38,17,10
1,<environment.Job instance at 0x7fe6d68fd0a0>,10,17,[2 7],15,15,32,0,15
1,<environment.Job instance at 0x7fe6d694e230>,17,17,[ 3 10],23,38,55,15,30
1,<environment.Job instance at 0x7fe6d6d10960>,2,17,[3 9],4,4,21,0,4
1,<environment.Job instance at 0x7fe6d6d10d20>,3,12,[7 1],6,6,18,0,6
1,<environment.Job instance at 0x7fe6d6d9ae10>,5,18,[4 6],9,21,39,12,10
1,<environment.Job instance at 0x7fe6d6cec820>,24,17,[5 7],39,41,58,2,41
1,<environment.Job instance at 0x7fe6d6cac280>,28,3,[9 5],44,58,61,14,48
1,<environment.Job instance at 0x7fe6d6cac5f0>,1,27,[4 6],2,13,40,11,13
1,<environment.Job instance at 0x7fe711b475a0>,19,15,[5 2],26,26,41,0,26
1,<environment.Job instance at 0x7fe711b47460>,20,3,[6 4],27,41,44,14,27
1,<environment.Job instance at 0x7fe711b47500>,22,2,[8 1],29,44,46,15,30
1,<environment.Job instance at 0x7fe6d6c2ccd0>,11,16,[1 9],15,44,60,29,37
1,<environment.Job instance at 0x7fe711b58230>,30,19,[6 1],37,46,65,9,39
1,<environment.Job instance at 0x7fe711b54a50>,33,18,[1 6],42,60,78,18,49
1,<environment.Job instance at 0x7fe7155b9af0>,4,14,[8 2],7,7,21,0,7
1,<environment.Job instance at 0x7fe714f0cc30>,6,14,[ 2 10],11,21,35,10,11
1,<environment.Job instance at 0x7fe714f0c460>,16,2,[5 2],24,35,37,11,24
1,<environment.Job instance at 0x7fe6d67db5f0>,18,1,[9 1],28,37,38,9,30
1,<environment.Job instance at 0x7fe6d67dbdc0>,22,13,[3 7],32,38,51,6,35
1,<environment.Job instance at 0x7fe712855a00>,1,27,[10  3],3,5,32,2,5
1,<environment.Job instance at 0x7fe71514d410>,13,15,[1 6],17,32,47,15,19
1,<environment.Job instance at 0x7fe7152b2eb0>,24,16,[7 4],29,35,51,6,35
1,<environment.Job instance at 0x7fe714af1a00>,26,18,[4 6],31,51,69,20,46
1,<environment.Job instance at 0x7fe711b14640>,0,12,[7 2],1,1,13,0,1
1,<environment.Job instance at 0x7fe71274c9b0>,2,23,[3 6],4,4,27,0,4
1,<environment.Job instance at 0x7fe715159190>,7,12,[5 5],10,27,39,17,11
1,<environment.Job instance at 0x7fe714c22be0>,3,12,[9 1],6,11,23,5,11
1,<environment.Job instance at 0x7fe6d6d68e60>,8,15,[ 5 10],14,23,38,9,17
1,<environment.Job instance at 0x7fe6d6d683c0>,11,12,[6 2],20,38,50,18,22
1,<environment.Job instance at 0x7fe6d6d681e0>,14,13,[10  5],25,50,63,25,35
1,<environment.Job instance at 0x7fe714cd4500>,0,16,[ 5 10],1,1,17,0,1
1,<environment.Job instance at 0x7fe714bae410>,21,16,[3 9],31,32,48,1,32
1,<environment.Job instance at 0x7fe714baebe0>,22,3,[1 6],32,48,51,16,34
1,<environment.Job instance at 0x7fe6d67eb050>,24,3,[7 5],36,51,54,15,36
1,<environment.Job instance at 0x7fe71260b730>,25,2,[8 2],37,48,50,11,38
1,<environment.Job instance at 0x7fe6d68be140>,27,13,[2 9],39,54,67,15,39
1,<environment.Job instance at 0x7fe71520e8c0>,3,25,[5 5],4,4,29,0,4
1,<environment.Job instance at 0x7fe714af1dc0>,9,12,[6 3],11,29,41,18,12
1,<environment.Job instance at 0x7fe714af1140>,13,14,[7 5],16,41,55,25,31
1,<environment.Job instance at 0x7fe6d6676410>,1,18,[1 8],4,4,22,0,4
1,<environment.Job instance at 0x7fe7126b3500>,4,20,[5 1],7,8,28,1,8
1,<environment.Job instance at 0x7fe7126b3690>,6,13,[4 9],10,22,35,12,10
1,<environment.Job instance at 0x7fe7126cf2d0>,17,3,[6 4],24,35,38,11,24
1,<environment.Job instance at 0x7fe7126cf640>,19,17,[5 6],29,38,55,9,31
1,<environment.Job instance at 0x7fe7126cfbe0>,26,1,[4 7],41,55,56,14,42
1,<environment.Job instance at 0x7fe712960a50>,5,18,[4 6],7,9,27,2,9
1,<environment.Job instance at 0x7fe714c28500>,9,17,[7 1],15,27,44,12,18
1,<environment.Job instance at 0x7fe714cf94b0>,13,12,[3 6],20,27,39,7,21
1,<environment.Job instance at 0x7fe714cf9af0>,15,12,[1 7],22,39,51,17,22
1,<environment.Job instance at 0x7fe7127d5eb0>,23,17,[8 2],34,44,61,10,35
1,<environment.Job instance at 0x7fe6d6a7ee10>,11,15,[5 1],14,14,29,0,14
1,<environment.Job instance at 0x7fe6d67ea190>,16,2,[2 6],21,21,23,0,21
1,<environment.Job instance at 0x7fe6d6d624b0>,17,14,[5 9],22,26,40,4,26
1,<environment.Job instance at 0x7fe6d6a7e6e0>,5,16,[3 6],7,40,56,33,29
1,<environment.Job instance at 0x7fe6d665d4b0>,28,3,[1 7],39,56,59,17,49
1,<environment.Job instance at 0x7fe6d695d6e0>,8,12,[7 5],13,14,26,1,14
1,<environment.Job instance at 0x7fe6d695daf0>,12,15,[6 3],17,26,41,9,21
1,<environment.Job instance at 0x7fe6d692d690>,22,2,[10  2],29,41,43,12,32
1,<environment.Job instance at 0x7fe6d692d140>,23,1,[8 4],30,43,44,13,33
1,<environment.Job instance at 0x7fe6d692dbe0>,1,21,[1 5],3,3,24,0,3
1,<environment.Job instance at 0x7fe7129a5780>,5,18,[5 5],7,7,25,0,7
1,<environment.Job instance at 0x7fe6d6a50820>,8,14,[2 9],12,25,39,13,12
1,<environment.Job instance at 0x7fe6d6a508c0>,15,12,[6 5],19,39,51,20,30
1,<environment.Job instance at 0x7fe715271e60>,23,2,[ 4 10],32,51,53,19,32
1,<environment.Job instance at 0x7fe71296e410>,30,1,[5 4],43,53,54,10,44
1,<environment.Job instance at 0x7fe71296e190>,28,13,[6 2],39,54,67,15,45
1,<environment.Job instance at 0x7fe71296ef50>,31,3,[9 4],44,67,70,23,48
1,<environment.Job instance at 0x7fe711c44370>,9,12,[9 4],13,13,25,0,13
1,<environment.Job instance at 0x7fe711c44910>,10,17,[5 5],14,25,42,11,15
1,<environment.Job instance at 0x7fe6d6b01af0>,15,20,[5 4],21,25,45,4,21
1,<environment.Job instance at 0x7fe6d6712870>,20,18,[3 6],28,42,60,14,39
1,<environment.Job instance at 0x7fe711c28d20>,23,1,[9 3],35,60,61,25,42
1,<environment.Job instance at 0x7fe714f54460>,24,1,[8 1],36,61,62,25,42
1,<environment.Job instance at 0x7fe6d6e8e230>,12,12,[8 2],18,62,74,44,45
1,<environment.Job instance at 0x7fe711cea190>,22,18,[1 5],32,60,78,28,49
1,<environment.Job instance at 0x7fe711b48140>,1,15,[9 3],3,4,19,1,4
1,<environment.Job instance at 0x7fe6d6ee5c80>,4,16,[3 9],8,19,35,11,8
1,<environment.Job instance at 0x7fe6d68849b0>,11,15,[5 9],17,35,50,18,21
1,<environment.Job instance at 0x7fe6d6cdf5f0>,21,14,[5 5],39,50,64,11,39
1,<environment.Job instance at 0x7fe6d6d1aaf0>,26,3,[2 7],46,64,67,18,47
1,<environment.Job instance at 0x7fe6d6d1acd0>,28,2,[3 7],48,67,69,19,48
1,<environment.Job instance at 0x7fe714ed9870>,0,22,[7 2],4,6,28,2,6
1,<environment.Job instance at 0x7fe714ed9140>,5,16,[2 7],15,15,31,0,15
1,<environment.Job instance at 0x7fe714c0adc0>,9,21,[3 5],19,31,52,12,25
1,<environment.Job instance at 0x7fe71501d550>,21,3,[8 4],35,52,55,17,36
1,<environment.Job instance at 0x7fe711beaf00>,28,15,[4 5],44,55,70,11,44
1,<environment.Job instance at 0x7fe711cccd20>,11,12,[9 1],13,18,30,5,18
1,<environment.Job instance at 0x7fe71286a320>,15,13,[10  5],17,30,43,13,20
1,<environment.Job instance at 0x7fe6d6d8e5a0>,22,15,[9 5],26,43,58,17,38
1,<environment.Job instance at 0x7effa9e2c370>,3,22,[5 7],5,5,27,0,5
1,<environment.Job instance at 0x7effa2a2a140>,11,13,[10  2],18,27,40,9,19
1,<environment.Job instance at 0x7effa2a2a960>,18,1,[7 5],30,40,41,10,31
1,<environment.Job instance at 0x7effa2a2a5f0>,17,14,[3 5],29,40,54,11,31
1,<environment.Job instance at 0x7effa2a2ae60>,24,3,[3 7],36,54,57,18,40
1,<environment.Job instance at 0x7effa2a2d370>,26,1,[5 4],42,42,43,0,42
1,<environment.Job instance at 0x7effa2a2d500>,27,17,[1 6],44,57,74,13,47
1,<environment.Job instance at 0x7effa2a2d050>,28,2,[5 5],47,47,49,0,47
1,<environment.Job instance at 0x7effa2a33b40>,0,13,[9 5],1,1,14,0,1
1,<environment.Job instance at 0x7effa9d7c4b0>,5,13,[2 7],11,14,27,3,11
1,<environment.Job instance at 0x7effa9d7d870>,11,1,[5 5],21,27,28,6,21
1,<environment.Job instance at 0x7effa9d7d780>,13,16,[4 7],24,29,45,5,29
1,<environment.Job instance at 0x7effa9d7d730>,17,13,[6 3],30,30,43,0,30
1,<environment.Job instance at 0x7effa9d77190>,19,3,[5 5],32,45,48,13,33
1,<environment.Job instance at 0x7effa9d7d640>,18,23,[1 5],31,46,69,15,46
1,<environment.Job instance at 0x7effa9d77320>,27,21,[5 3],41,50,71,9,50
1,<environment.Job instance at 0x7eff5ed12910>,5,14,[1 5],12,12,26,0,12
1,<environment.Job instance at 0x7eff5ed125f0>,6,18,[4 6],14,26,44,12,15
1,<environment.Job instance at 0x7eff5ed625a0>,23,18,[4 6],39,59,77,20,59
1,<environment.Job instance at 0x7eff5f0e0410>,1,18,[6 1],6,6,24,0,6
1,<environment.Job instance at 0x7eff5f0e05a0>,3,17,[5 7],9,24,41,15,13
1,<environment.Job instance at 0x7eff5f0c67d0>,16,12,[5 4],25,41,53,16,26
1,<environment.Job instance at 0x7eff5ee2c640>,26,14,[9 5],41,53,67,12,51
1,<environment.Job instance at 0x7eff5edefe10>,24,15,[2 7],39,67,82,28,54
1,<environment.Job instance at 0x7eff5ee50f50>,1,17,[8 2],3,8,25,5,8
1,<environment.Job instance at 0x7eff5ee53c30>,4,16,[7 2],9,25,41,16,12
1,<environment.Job instance at 0x7eff5f3cdc80>,15,12,[1 7],24,34,46,10,34
1,<environment.Job instance at 0x7eff5f3e5e10>,29,17,[ 2 10],44,46,63,2,44
1,<environment.Job instance at 0x7eff5f3d55f0>,37,3,[5 5],54,63,66,9,54
1,<environment.Job instance at 0x7effa987c730>,11,1,[ 4 10],14,18,19,4,18
1,<environment.Job instance at 0x7effa2805d20>,15,3,[1 6],19,21,24,2,21
1,<environment.Job instance at 0x7effa2805050>,17,2,[5 8],21,24,26,3,24
1,<environment.Job instance at 0x7effa2805fa0>,20,2,[9 3],24,27,29,3,27
1,<environment.Job instance at 0x7eff5f3d5910>,1,27,[10  3],3,30,57,27,30
1,<environment.Job instance at 0x7effa28053c0>,21,15,[7 4],26,57,72,31,45
1,<environment.Job instance at 0x7eff5f2f8a00>,0,25,[10  1],2,4,29,2,4
1,<environment.Job instance at 0x7effa9a07c30>,18,14,[10  1],33,47,61,14,47
1,<environment.Job instance at 0x7effa9a07140>,20,21,[5 7],35,61,82,26,54
1,<environment.Job instance at 0x7effa2e079b0>,0,16,[5 1],2,2,18,0,2
1,<environment.Job instance at 0x7effa94e85a0>,2,13,[10  5],5,18,31,13,5
1,<environment.Job instance at 0x7eff5f280b90>,13,14,[5 9],22,31,45,9,23
1,<environment.Job instance at 0x7effa297f4b0>,6,13,[2 9],9,15,28,6,15
1,<environment.Job instance at 0x7effa28cf410>,24,3,[8 3],30,31,34,1,31
1,<environment.Job instance at 0x7effa297f1e0>,8,18,[ 5 10],12,34,52,22,31
1,<environment.Job instance at 0x7effa28cfeb0>,30,3,[9 2],38,52,55,14,40
1,<environment.Job instance at 0x7effa28cf320>,25,12,[6 3],31,55,67,24,43
1,<environment.Job instance at 0x7effa28cfcd0>,33,3,[9 5],43,67,70,24,43
1,<environment.Job instance at 0x7effa93acb40>,3,16,[5 9],7,7,23,0,7
1,<environment.Job instance at 0x7eff5eed6410>,5,17,[1 6],9,23,40,14,13
1,<environment.Job instance at 0x7effa2931e10>,10,2,[7 2],16,23,25,7,20
1,<environment.Job instance at 0x7effa2931460>,9,3,[4 7],15,40,43,25,26
1,<environment.Job instance at 0x7eff5f302820>,20,16,[10  2],28,43,59,15,34
1,<environment.Job instance at 0x7effa2f4c4b0>,31,16,[1 9],48,59,75,11,48
1,<environment.Job instance at 0x7eff5f044a50>,36,2,[7 1],54,59,61,5,54
1,<environment.Job instance at 0x7eff5ed9b190>,5,18,[4 6],7,8,26,1,8
1,<environment.Job instance at 0x7eff5ead6780>,7,17,[7 4],9,26,43,17,14
1,<environment.Job instance at 0x7effa995e780>,21,15,[3 5],29,30,45,1,30
1,<environment.Job instance at 0x7eff5f1e8dc0>,25,12,[9 2],37,45,57,8,39
1,<environment.Job instance at 0x7eff5ed9b0f0>,8,23,[1 5],13,43,66,30,41
1,<environment.Job instance at 0x7eff5eaf7be0>,27,2,[5 2],39,57,59,18,47
1,<environment.Job instance at 0x7effa95da500>,28,16,[6 2],40,59,75,19,52
1,<environment.Job instance at 0x7eff5eaf6f50>,2,15,[5 1],4,4,19,0,4
1,<environment.Job instance at 0x7effa968fc30>,8,14,[5 9],12,12,26,0,12
1,<environment.Job instance at 0x7effa968fcd0>,9,12,[9 1],14,26,38,12,15
1,<environment.Job instance at 0x7effa96b9eb0>,24,14,[5 6],36,38,52,2,36
1,<environment.Job instance at 0x7effa96b90a0>,12,17,[ 5 10],19,52,69,33,43
1,<environment.Job instance at 0x7effa968a7d0>,3,27,[ 5 10],4,29,56,25,29
1,<environment.Job instance at 0x7eff5ed59a50>,25,18,[5 5],37,56,74,19,50
1,<environment.Job instance at 0x7eff5f087f00>,5,18,[ 4 10],8,8,26,0,8
1,<environment.Job instance at 0x7eff5eb073c0>,11,13,[ 2 10],16,26,39,10,16
1,<environment.Job instance at 0x7effa282c9b0>,22,15,[9 1],28,39,54,11,30
1,<environment.Job instance at 0x7effa9466fa0>,30,13,[1 5],40,47,60,7,47
1,<environment.Job instance at 0x7effa94666e0>,31,20,[5 4],41,54,74,13,51
1,<environment.Job instance at 0x7effa96c8b40>,2,17,[5 9],4,4,21,0,4
1,<environment.Job instance at 0x7effa2f41d20>,6,16,[5 5],9,21,37,12,10
1,<environment.Job instance at 0x7effa2f41cd0>,9,3,[4 6],15,37,40,22,15
1,<environment.Job instance at 0x7effa2f312d0>,11,16,[3 9],18,40,56,22,27
1,<environment.Job instance at 0x7effa2f31140>,12,19,[7 1],19,40,59,21,30
1,<environment.Job instance at 0x7effa2f31b40>,21,2,[1 6],35,56,58,21,35
1,<environment.Job instance at 0x7effa2f31f50>,22,1,[4 6],37,59,60,22,38
1,<environment.Job instance at 0x7effa2f4f410>,25,2,[ 2 10],40,60,62,20,40
1,<environment.Job instance at 0x7effa2f4f500>,28,14,[5 5],49,62,76,13,50
1,<environment.Job instance at 0x7effa2f4f050>,0,22,[7 2],4,4,26,0,4
1,<environment.Job instance at 0x7effa29759b0>,9,21,[3 5],19,19,40,0,19
1,<environment.Job instance at 0x7effa2975aa0>,15,15,[4 9],27,40,55,13,28
1,<environment.Job instance at 0x7eff5f2bb140>,22,3,[5 2],36,55,58,19,39
1,<environment.Job instance at 0x7effa2919690>,1,12,[3 6],2,2,14,0,2
1,<environment.Job instance at 0x7effa2ed0410>,7,1,[7 1],9,9,10,0,9
1,<environment.Job instance at 0x7effa27ded70>,8,23,[5 7],11,15,38,4,15
1,<environment.Job instance at 0x7effa94267d0>,23,14,[1 7],29,39,53,10,39
1,<environment.Job instance at 0x7effa9426190>,25,2,[8 1],33,41,43,8,41
1,<environment.Job instance at 0x7effa9426b90>,28,16,[ 4 10],36,53,69,17,41
1,<environment.Job instance at 0x7effa2cd36e0>,31,17,[5 8],39,69,86,30,57
1,<environment.Job instance at 0x7eff5eaf6b40>,1,14,[9 5],2,2,16,0,2
1,<environment.Job instance at 0x7eff5f2f7280>,2,18,[ 5 10],4,16,34,12,7
1,<environment.Job instance at 0x7effa93e8b40>,15,16,[4 6],23,34,50,11,23
1,<environment.Job instance at 0x7effa2e8c730>,20,13,[2 8],33,50,63,17,40
1,<environment.Job instance at 0x7eff5f2009b0>,25,18,[1 5],40,63,81,23,52
1,<environment.Job instance at 0x7eff5ed9b230>,2,18,[7 2],3,5,23,2,5
1,<environment.Job instance at 0x7eff5ed9b730>,7,17,[ 3 10],10,23,40,13,11
1,<environment.Job instance at 0x7eff5f12d0a0>,21,22,[ 4 10],28,43,65,15,43
1,<environment.Job instance at 0x7effa2a99e10>,1,13,[9 4],2,2,15,0,2
1,<environment.Job instance at 0x7effa29f3c30>,11,17,[9 3],13,15,32,2,13
1,<environment.Job instance at 0x7effa2a02370>,26,13,[7 4],35,43,56,8,43
1,<environment.Job instance at 0x7effa2a025f0>,28,17,[6 1],39,56,73,17,44
1,<environment.Job instance at 0x7effa285e190>,35,3,[9 2],56,73,76,17,56
1,<environment.Job instance at 0x7f4c23e8efa0>,0,13,[9 3],1,2,15,1,2
1,<environment.Job instance at 0x7f4c1ca86d20>,6,18,[6 2],12,15,33,3,12
1,<environment.Job instance at 0x7f4c23e8ef50>,2,22,[4 8],3,15,37,12,12
1,<environment.Job instance at 0x7f4c1ca86b40>,10,16,[8 5],17,37,53,20,30
1,<environment.Job instance at 0x7f4c1ca89dc0>,23,12,[ 5 10],35,53,65,18,39
1,<environment.Job instance at 0x7f4c1ca89f50>,24,3,[3 7],36,65,68,29,40
1,<environment.Job instance at 0x7f4c1ca8dfa0>,38,1,[2 6],62,68,69,6,65
1,<environment.Job instance at 0x7f4c1ca8e2d0>,39,2,[6 5],63,69,71,6,65
1,<environment.Job instance at 0x7f4c1ca8e4b0>,40,3,[5 5],66,71,74,5,69
1,<environment.Job instance at 0x7f4c1ca8e5a0>,1,23,[6 4],2,2,25,0,2
1,<environment.Job instance at 0x7f4c1ca8e4b0>,2,22,[4 6],4,4,26,0,4
1,<environment.Job instance at 0x7f4c23dda370>,8,16,[4 7],14,26,42,12,18
1,<environment.Job instance at 0x7f4c23ec00a0>,12,13,[6 3],20,25,38,5,21
1,<environment.Job instance at 0x7f4c23ec0fa0>,15,14,[8 1],23,42,56,19,28
1,<environment.Job instance at 0x7f4c23ddd140>,29,15,[3 8],41,56,71,15,52
1,<environment.Job instance at 0x7f4c23ddbf00>,34,16,[ 4 10],47,71,87,24,58
1,<environment.Job instance at 0x7f4bd8dac190>,12,2,[5 9],18,31,33,13,31
1,<environment.Job instance at 0x7f4bd8dac0f0>,11,12,[7 1],16,33,45,17,31
1,<environment.Job instance at 0x7f4bd8dac9b0>,16,14,[8 2],24,45,59,21,35
1,<environment.Job instance at 0x7f4bd8d5f960>,19,14,[ 3 10],27,59,73,32,44
1,<environment.Job instance at 0x7f4bd8d72870>,27,3,[4 5],38,73,76,35,64
1,<environment.Job instance at 0x7f4bd91da820>,0,15,[2 7],3,3,18,0,3
1,<environment.Job instance at 0x7f4bd91dae60>,2,16,[1 9],5,18,34,13,5
1,<environment.Job instance at 0x7f4bd8da1f50>,13,2,[8 1],19,19,21,0,19
1,<environment.Job instance at 0x7f4bd8da1e60>,19,1,[6 4],25,34,35,9,28
1,<environment.Job instance at 0x7f4bd8da19b0>,15,19,[6 4],21,35,54,14,31
1,<environment.Job instance at 0x7f4bd913b0a0>,24,18,[1 6],32,34,52,2,32
1,<environment.Job instance at 0x7f4bd8e0db40>,30,2,[8 5],42,54,56,12,42
1,<environment.Job instance at 0x7f4bd913b960>,25,17,[8 2],33,56,73,23,49
1,<environment.Job instance at 0x7f4bd8e54730>,38,13,[2 8],53,57,70,4,57
1,<environment.Job instance at 0x7f4bd8e0d870>,36,14,[ 2 10],51,73,87,22,61
1,<environment.Job instance at 0x7f4bd928b320>,44,2,[9 4],61,87,89,26,68
1,<environment.Job instance at 0x7f4bd928b1e0>,46,2,[5 2],64,89,91,25,68
1,<environment.Job instance at 0x7f4bd8d6f910>,2,17,[ 2 10],4,4,21,0,4
1,<environment.Job instance at 0x7f4bd943d780>,10,3,[5 5],14,21,24,7,15
1,<environment.Job instance at 0x7f4bd943dc80>,12,2,[5 3],17,21,23,4,17
1,<environment.Job instance at 0x7f4bd943d410>,6,28,[1 9],8,26,54,18,26
1,<environment.Job instance at 0x7f4bd9427be0>,26,18,[ 3 10],36,54,72,18,46
1,<environment.Job instance at 0x7f4bd942c230>,35,15,[7 4],46,72,87,26,65
1,<environment.Job instance at 0x7f4c1ccebbe0>,0,12,[7 2],1,1,13,0,1
1,<environment.Job instance at 0x7f4c1ccebb40>,3,13,[5 4],5,13,26,8,5
1,<environment.Job instance at 0x7f4c1ccebaa0>,6,13,[4 5],8,13,26,5,8
1,<environment.Job instance at 0x7f4c1cceb370>,9,18,[3 8],14,26,44,12,21
1,<environment.Job instance at 0x7f4bd8da1820>,27,25,[ 2 10],44,49,74,5,49
1,<environment.Job instance at 0x7f4bd92dc730>,0,16,[5 1],2,2,18,0,2
1,<environment.Job instance at 0x7f4bd92dc0f0>,1,3,[5 2],3,3,6,0,3
1,<environment.Job instance at 0x7f4c1f064e60>,12,1,[9 3],19,23,24,4,23
1,<environment.Job instance at 0x7f4bd932a0a0>,14,19,[4 9],23,25,44,2,25
1,<environment.Job instance at 0x7f4c1efdbc30>,26,2,[5 8],40,59,61,19,59
1,<environment.Job instance at 0x7f4bd8d1e4b0>,1,18,[ 5 10],2,3,21,1,3
1,<environment.Job instance at 0x7f4c1ce8fd20>,8,15,[10  5],10,21,36,11,10
1,<environment.Job instance at 0x7f4c1cb935a0>,13,2,[6 3],15,36,38,21,17
1,<environment.Job instance at 0x7f4bd8be0870>,17,3,[8 3],20,38,41,18,27
1,<environment.Job instance at 0x7f4c1ceb0af0>,12,25,[5 5],14,41,66,27,41
1,<environment.Job instance at 0x7f4bd8bea550>,39,27,[5 4],47,68,95,21,68
1,<environment.Job instance at 0x7f4bd8bea050>,1,14,[7 4],2,2,16,0,2
1,<environment.Job instance at 0x7f4c1cc3f9b0>,12,17,[5 6],19,19,36,0,19
1,<environment.Job instance at 0x7f4c1cc3f3c0>,17,16,[1 9],28,36,52,8,29
1,<environment.Job instance at 0x7f4bd8e58e60>,23,1,[2 9],37,52,53,15,38
1,<environment.Job instance at 0x7f4bd8e58820>,24,16,[1 5],40,53,69,13,40
1,<environment.Job instance at 0x7f4c1cc1c140>,32,17,[7 4],49,53,70,4,50
1,<environment.Job instance at 0x7f4c1f29cdc0>,34,17,[7 1],55,70,87,15,59
1,<environment.Job instance at 0x7f4bd912dd20>,0,17,[8 2],4,6,23,2,6
1,<environment.Job instance at 0x7f4c1c8ba780>,5,16,[6 2],10,23,39,13,10
1,<environment.Job instance at 0x7f4c1ce3caa0>,6,23,[ 5 10],11,39,62,28,33
1,<environment.Job instance at 0x7f4bd8b755a0>,26,3,[8 5],37,62,65,25,51
1,<environment.Job instance at 0x7f4bd94401e0>,30,14,[5 9],42,65,79,23,54
1,<environment.Job instance at 0x7f4bd94400f0>,33,13,[5 3],48,79,92,31,67
1,<environment.Job instance at 0x7f4c1ce62960>,7,12,[7 4],12,12,24,0,12
1,<environment.Job instance at 0x7f4c1f758d20>,10,14,[5 8],15,24,38,9,16
1,<environment.Job instance at 0x7f4bd91092d0>,12,15,[6 3],17,38,53,21,24
1,<environment.Job instance at 0x7f4c1cb9a460>,22,2,[10  2],29,53,55,24,43
1,<environment.Job instance at 0x7f4bd9142f00>,30,16,[10  2],46,57,73,11,57
1,<environment.Job instance at 0x7f4bd9142190>,32,15,[5 7],48,73,88,25,60
1,<environment.Job instance at 0x7f4c1cc7cbe0>,0,18,[8 3],2,2,20,0,2
1,<environment.Job instance at 0x7f4c1f2360f0>,10,18,[ 4 10],18,20,38,2,18
1,<environment.Job instance at 0x7f4c1f2365f0>,12,24,[1 5],21,38,62,17,35
1,<environment.Job instance at 0x7f4c1c98a8c0>,30,12,[9 4],43,47,59,4,47
1,<environment.Job instance at 0x7f4c1c98abe0>,32,14,[1 9],46,62,76,16,50
1,<environment.Job instance at 0x7f4c1c97b1e0>,37,3,[2 8],53,76,79,23,60
1,<environment.Job instance at 0x7f4c1c97b2d0>,39,3,[5 7],55,79,82,24,66
1,<environment.Job instance at 0x7f4c1c97b370>,40,12,[2 6],56,82,94,26,66
1,<environment.Job instance at 0x7f4c1cd92af0>,2,17,[5 9],4,4,21,0,4
1,<environment.Job instance at 0x7f4c1cd92820>,4,27,[5 1],6,7,34,1,7
1,<environment.Job instance at 0x7f4c1cd92550>,7,15,[3 8],11,21,36,10,11
1,<environment.Job instance at 0x7f4c1c82c0f0>,16,1,[6 4],24,36,37,12,27
1,<environment.Job instance at 0x7f4c1cd92140>,11,16,[3 9],18,37,53,19,31
1,<environment.Job instance at 0x7f4c1cd922d0>,12,19,[7 1],19,38,57,19,38
1,<environment.Job instance at 0x7f4c1f204f00>,27,24,[2 6],43,53,77,10,48
1,<environment.Job instance at 0x7f4bd8fbe550>,5,21,[3 5],9,9,30,0,9
1,<environment.Job instance at 0x7f4bd929db40>,26,3,[7 3],36,36,39,0,36
1,<environment.Job instance at 0x7f4bd929d960>,23,2,[1 9],33,39,41,6,36
1,<environment.Job instance at 0x7f4bd9283820>,28,14,[6 4],41,41,55,0,41
1,<environment.Job instance at 0x7f4bd92833c0>,29,12,[10  5],42,55,67,13,42
1,<environment.Job instance at 0x7f4bd9283370>,36,13,[3 6],50,67,80,17,52
1,<environment.Job instance at 0x7f4bd8bf0a50>,0,1,[5 1],1,1,2,0,1
1,<environment.Job instance at 0x7f4c1cf43690>,1,16,[ 2 10],2,2,18,0,2
1,<environment.Job instance at 0x7f4c1c9fbaa0>,3,18,[ 1 10],4,18,36,14,11
1,<environment.Job instance at 0x7f4c1c8d7aa0>,19,21,[10  5],29,36,57,7,35
1,<environment.Job instance at 0x7f4c1c8da690>,27,14,[9 5],42,57,71,15,43
1,<environment.Job instance at 0x7f4c1c8da6e0>,32,16,[ 3 10],50,71,87,21,58
1,<environment.Job instance at 0x7f4c1c8daf00>,4,16,[2 6],7,7,23,0,7
1,<environment.Job instance at 0x7f4c1ca12140>,5,16,[6 3],8,10,26,2,10
1,<environment.Job instance at 0x7f4bd8fb6d70>,13,12,[10  5],18,26,38,8,18
1,<environment.Job instance at 0x7f4c1cb31dc0>,18,14,[10  3],24,38,52,14,24
1,<environment.Job instance at 0x7f4c1c939050>,33,26,[ 1 10],43,55,81,12,55
1,<environment.Job instance at 0x7f4bd937b870>,3,16,[5 9],5,5,21,0,5
1,<environment.Job instance at 0x7f4c1cbc5d20>,7,3,[8 2],9,21,24,12,9
1,<environment.Job instance at 0x7f4c1f0d2af0>,4,15,[9 5],6,24,39,18,10
1,<environment.Job instance at 0x7f4c23dc7960>,21,21,[2 6],25,39,60,14,35
1,<environment.Job instance at 0x7f4bd8ba41e0>,28,17,[9 3],33,60,77,27,48
1,<environment.Job instance at 0x7f4c1cd5c870>,5,14,[7 2],12,13,27,1,13
1,<environment.Job instance at 0x7f4c1c9638c0>,10,3,[1 6],18,18,21,0,18
1,<environment.Job instance at 0x7f4c1cfb1230>,13,14,[5 4],21,27,41,6,24
1,<environment.Job instance at 0x7f4c1efe29b0>,16,17,[3 6],26,26,43,0,26
1,<environment.Job instance at 0x7f4c1f70f7d0>,0,15,[9 4],1,1,16,0,1
1,<environment.Job instance at 0x7f4c1f70fb40>,4,20,[6 4],5,16,36,11,8
1,<environment.Job instance at 0x7f4bd8c0b050>,13,14,[5 5],17,36,50,19,27
1,<environment.Job instance at 0x7f4bd8c0b410>,19,18,[1 5],23,34,52,11,34
1,<environment.Job instance at 0x7f4bd907d1e0>,22,16,[10  2],26,52,68,26,47
1,<environment.Job instance at 0x7f4c1f62c910>,29,15,[5 5],37,68,83,31,54
1,<environment.Job instance at 0x7f4bd937d5a0>,0,16,[4 9],2,2,18,0,2
1,<environment.Job instance at 0x7f4bd937de10>,5,3,[4 9],10,18,21,8,10
1,<environment.Job instance at 0x7f4bd937daf0>,7,2,[8 2],12,21,23,9,12
1,<environment.Job instance at 0x7f4bd937d8c0>,6,2,[10  5],11,23,25,12,13
1,<environment.Job instance at 0x7f4bd932eaf0>,8,2,[8 1],13,25,27,12,15
1,<environment.Job instance at 0x7f4bd932ea50>,11,1,[ 5 10],18,27,28,9,19
1,<environment.Job instance at 0x7f4c1ccffeb0>,16,3,[6 2],27,28,31,1,27
1,<environment.Job instance at 0x7f4c1cbae2d0>,17,2,[7 5],29,31,33,2,29
1,<environment.Job instance at 0x7f4bd932aa50>,18,2,[7 3],30,33,35,3,30
1,<environment.Job instance at 0x7f4c1f408d20>,25,2,[6 3],41,41,43,0,41
1,<environment.Job instance at 0x7f4c1f0c4d70>,32,19,[9 3],49,63,82,14,63
1,<environment.Job instance at 0x7f4c1f07b190>,29,13,[3 8],45,82,95,37,66
1,<environment.Job instance at 0x7f4c1f31d820>,36,14,[5 2],53,82,96,29,68
1,<environment.Job instance at 0x7fc15039bb90>,0,13,[9 3],1,1,14,0,1
1,<environment.Job instance at 0x7fc148f91d70>,6,18,[6 2],12,14,32,2,14
1,<environment.Job instance at 0x7fc148f94460>,14,15,[7 4],22,32,47,10,22
1,<environment.Job instance at 0x7fc148f940f0>,11,13,[10  2],18,47,60,29,35
1,<environment.Job instance at 0x7fc148f94e60>,24,3,[3 7],36,60,63,24,48
1,<environment.Job instance at 0x7fc148f97960>,32,14,[8 4],55,63,77,8,63
1,<environment.Job instance at 0x7fc148f94af0>,21,27,[1 6],33,63,90,30,63
1,<environment.Job instance at 0x7fc148f97c80>,38,1,[2 6],62,90,91,28,65
1,<environment.Job instance at 0x7fc148f99640>,41,13,[6 5],67,91,104,24,76
1,<environment.Job instance at 0x7fc150516dc0>,5,13,[3 7],9,10,23,1,10
1,<environment.Job instance at 0x7fc1502e7460>,8,3,[5 5],12,23,26,11,14
1,<environment.Job instance at 0x7fc1502e7af0>,7,23,[1 5],11,23,46,12,18
1,<environment.Job instance at 0x7fc1503ca5a0>,20,14,[5 1],26,32,46,6,32
1,<environment.Job instance at 0x7fc1503c7f50>,19,16,[6 3],25,46,62,21,34
1,<environment.Job instance at 0x7fc1503ca8c0>,25,18,[4 6],34,46,64,12,40
1,<environment.Job instance at 0x7fc1503cac30>,28,16,[ 4 10],37,64,80,27,51
1,<environment.Job instance at 0x7fc150511f00>,36,14,[2 5],51,80,94,29,72
1,<environment.Job instance at 0x7fc150511d70>,37,14,[1 5],52,80,94,28,72
1,<environment.Job instance at 0x7fc1505114b0>,39,1,[9 4],55,94,95,39,78
1,<environment.Job instance at 0x7fc148ef1e60>,40,2,[2 7],57,95,97,38,79
1,<environment.Job instance at 0x7fc105387550>,0,24,[6 1],1,2,26,1,2
1,<environment.Job instance at 0x7fc105387640>,2,24,[3 5],5,6,30,1,6
1,<environment.Job instance at 0x7fc10524f500>,15,18,[6 1],26,26,44,0,26
1,<environment.Job instance at 0x7fc105310b90>,23,3,[2 8],37,38,41,1,38
1,<environment.Job instance at 0x7fc105310cd0>,26,15,[7 3],41,44,59,3,41
1,<environment.Job instance at 0x7fc105310960>,27,27,[4 6],42,59,86,17,57
1,<environment.Job instance at 0x7fc10532f0a0>,41,2,[4 9],62,86,88,24,75
1,<environment.Job instance at 0x7fc10532f730>,1,17,[8 2],3,9,26,6,9
1,<environment.Job instance at 0x7fc1053bdaa0>,7,15,[1 5],13,16,31,3,16
1,<environment.Job instance at 0x7fc1053bdeb0>,10,14,[8 2],17,26,40,9,18
1,<environment.Job instance at 0x7fc1053bdbe0>,16,3,[10  2],25,40,43,15,32
1,<environment.Job instance at 0x7fc1053bde60>,13,17,[3 8],22,43,60,21,33
1,<environment.Job instance at 0x7fc1058bb2d0>,38,14,[5 7],55,60,74,5,57
1,<environment.Job instance at 0x7fc1058bbeb0>,1,24,[ 1 10],2,6,30,4,6
1,<environment.Job instance at 0x7fc105943c30>,9,18,[4 6],11,30,48,19,19
1,<environment.Job instance at 0x7fc105955f00>,29,3,[9 4],37,52,55,15,52
1,<environment.Job instance at 0x7fc105955c30>,24,12,[7 2],31,55,67,24,55
1,<environment.Job instance at 0x7fc1059370a0>,31,12,[5 5],40,67,79,27,55
1,<environment.Job instance at 0x7fc105937640>,33,18,[3 8],44,79,97,35,71
1,<environment.Job instance at 0x7fc148e589b0>,2,13,[5 2],4,4,17,0,4
1,<environment.Job instance at 0x7fc148e58280>,3,12,[9 1],6,17,29,11,6
1,<environment.Job instance at 0x7fc148e580f0>,6,13,[1 9],12,17,30,5,12
1,<environment.Job instance at 0x7fc148e58140>,8,15,[ 5 10],14,30,45,16,16
1,<environment.Job instance at 0x7fc148e58eb0>,10,13,[4 6],18,45,58,27,30
1,<environment.Job instance at 0x7fc14fc7edc0>,24,1,[9 3],39,58,59,19,47
1,<environment.Job instance at 0x7fc14fc7e9b0>,26,19,[4 9],43,59,78,16,49
1,<environment.Job instance at 0x7fc14f825370>,6,13,[2 9],9,10,23,1,10
1,<environment.Job instance at 0x7fc148d7bf00>,7,17,[4 8],11,23,40,12,14
1,<environment.Job instance at 0x7fc1056518c0>,15,15,[10  5],20,40,55,20,26
1,<environment.Job instance at 0x7fc105632460>,25,12,[6 3],31,55,67,24,42
1,<environment.Job instance at 0x7fc14facc230>,28,12,[5 8],35,67,79,32,56
1,<environment.Job instance at 0x7fc14f8d52d0>,39,17,[8 1],49,79,96,30,67
1,<environment.Job instance at 0x7fc14f8d5820>,2,17,[2 6],4,5,22,1,5
1,<environment.Job instance at 0x7fc148ff2910>,12,17,[5 6],19,22,39,3,19
1,<environment.Job instance at 0x7fc148ff2cd0>,14,13,[4 6],22,39,52,17,27
1,<environment.Job instance at 0x7fc148fd1d20>,29,13,[5 6],46,55,68,9,55
1,<environment.Job instance at 0x7fc148fd1c80>,34,17,[7 1],55,75,92,20,75
1,<environment.Job instance at 0x7fc148fe2500>,37,14,[6 1],58,92,106,34,77
1,<environment.Job instance at 0x7fc148febfa0>,0,23,[ 5 10],1,4,27,3,4
1,<environment.Job instance at 0x7fc14f982190>,14,12,[8 1],19,27,39,8,19
1,<environment.Job instance at 0x7fc1058a69b0>,17,13,[5 3],23,39,52,16,23
1,<environment.Job instance at 0x7fc10540cc80>,29,17,[5 1],40,55,72,15,55
1,<environment.Job instance at 0x7fc1058c8a50>,30,13,[ 4 10],43,72,85,29,56
1,<environment.Job instance at 0x7fc148fd7e10>,3,27,[ 5 10],4,13,40,9,13
1,<environment.Job instance at 0x7fc1056678c0>,17,15,[5 7],28,40,55,12,30
1,<environment.Job instance at 0x7fc105362dc0>,30,18,[2 6],44,55,73,11,53
1,<environment.Job instance at 0x7fc14fc24aa0>,37,18,[8 3],52,79,97,27,79
1,<environment.Job instance at 0x7fc1493bc370>,10,17,[5 5],14,14,31,0,14
1,<environment.Job instance at 0x7fc148e07f50>,14,13,[1 5],20,27,40,7,27
1,<environment.Job instance at 0x7fc1058049b0>,11,14,[1 9],16,40,54,24,28
1,<environment.Job instance at 0x7fc105520550>,15,20,[5 4],21,54,74,33,53
1,<environment.Job instance at 0x7fc1050e3cd0>,33,21,[1 6],47,58,79,11,58
1,<environment.Job instance at 0x7fc1050e3870>,36,15,[9 3],53,74,89,21,62
1,<environment.Job instance at 0x7fc1050e36e0>,39,16,[3 9],58,89,105,31,79
1,<environment.Job instance at 0x7fc1493b9c30>,1,24,[2 6],3,9,33,6,9
1,<environment.Job instance at 0x7fc148e0f0a0>,5,18,[5 9],12,33,51,21,26
1,<environment.Job instance at 0x7fc14f893a00>,20,1,[1 5],38,51,52,13,39
1,<environment.Job instance at 0x7fc14f793550>,17,16,[2 7],35,52,68,17,39
1,<environment.Job instance at 0x7fc148e0f140>,12,22,[7 2],24,51,73,27,49
1,<environment.Job instance at 0x7fc10573ecd0>,31,3,[1 8],53,68,71,15,57
1,<environment.Job instance at 0x7fc1490a5500>,36,3,[3 5],59,71,74,12,59
1,<environment.Job instance at 0x7fc1503c7e10>,37,2,[8 3],60,74,76,14,60
1,<environment.Job instance at 0x7fc1503c37d0>,29,14,[8 1],49,76,90,27,64
1,<environment.Job instance at 0x7fc1492bac80>,42,3,[7 3],66,90,93,24,66
1,<environment.Job instance at 0x7fc149283780>,1,12,[3 6],2,2,14,0,2
1,<environment.Job instance at 0x7fc10563d140>,7,1,[7 1],9,10,11,1,10
1,<environment.Job instance at 0x7fc14f793a50>,3,13,[7 4],4,14,27,10,14
1,<environment.Job instance at 0x7fc148dd1dc0>,10,3,[8 3],13,27,30,14,14
1,<environment.Job instance at 0x7fc15050aaa0>,17,1,[5 1],21,30,31,9,24
1,<environment.Job instance at 0x7fc148f94730>,18,16,[ 2 10],22,31,47,9,24
1,<environment.Job instance at 0x7fc1490c9dc0>,20,18,[ 1 10],24,47,65,23,36
1,<environment.Job instance at 0x7fc105094af0>,30,13,[ 2 10],38,65,78,27,50
1,<environment.Job instance at 0x7fc148db55a0>,1,15,[ 2 10],2,2,17,0,2
1,<environment.Job instance at 0x7fc14fd91140>,8,18,[5 1],14,17,35,3,14
1,<environment.Job instance at 0x7fc105576550>,10,16,[6 3],18,35,51,17,28
1,<environment.Job instance at 0x7fc105036b90>,35,17,[ 3 10],50,56,73,6,56
1,<environment.Job instance at 0x7fc14ff13820>,1,12,[ 1 10],3,3,15,0,3
1,<environment.Job instance at 0x7fc1057bd5f0>,5,14,[9 1],7,15,29,8,7
1,<environment.Job instance at 0x7fc1057bdd70>,13,17,[10  2],17,29,46,12,18
1,<environment.Job instance at 0x7fc1057cd2d0>,17,2,[6 3],21,46,48,25,21
1,<environment.Job instance at 0x7fc1057cd730>,25,15,[2 9],29,48,63,19,39
1,<environment.Job instance at 0x7fc1057cdaf0>,26,2,[8 5],30,63,65,33,39
1,<environment.Job instance at 0x7fc1057cdf50>,31,15,[5 6],36,65,80,29,58
1,<environment.Job instance at 0x7fc1057c4730>,39,18,[5 8],50,80,98,30,71
1,<environment.Job instance at 0x7fc1057d1eb0>,2,12,[6 1],3,3,15,0,3
1,<environment.Job instance at 0x7fc105789370>,8,16,[6 5],10,15,31,5,11
1,<environment.Job instance at 0x7fc149194b40>,16,12,[5 5],24,31,43,7,26
1,<environment.Job instance at 0x7fc149194e60>,19,15,[1 7],28,43,58,15,29
1,<environment.Job instance at 0x7fc14fcc5500>,24,2,[5 3],42,42,44,0,42
1,<environment.Job instance at 0x7fc149194550>,22,17,[8 1],38,45,62,7,45
1,<environment.Job instance at 0x7fc14fcc5a50>,29,16,[3 5],47,62,78,15,50
1,<environment.Job instance at 0x7fc14fae0910>,35,18,[ 2 10],53,78,96,25,67
1,<environment.Job instance at 0x7fc149410aa0>,12,15,[5 5],17,17,32,0,17
1,<environment.Job instance at 0x7fc14f8397d0>,20,17,[7 5],26,32,49,6,28
1,<environment.Job instance at 0x7fc14ff30af0>,22,1,[2 6],28,49,50,21,33
1,<environment.Job instance at 0x7fc14fb66370>,23,13,[9 4],29,50,63,21,34
1,<environment.Job instance at 0x7fc14fc080a0>,3,18,[10  1],8,8,26,0,8
1,<environment.Job instance at 0x7fc10515f730>,6,2,[6 3],11,26,28,15,11
1,<environment.Job instance at 0x7fc1050e11e0>,10,13,[3 8],15,28,41,13,16
1,<environment.Job instance at 0x7fc10566f190>,21,15,[ 4 10],28,41,56,13,28
1,<environment.Job instance at 0x7fc10567e410>,29,17,[2 7],39,56,73,17,44
1,<environment.Job instance at 0x7fc105686690>,32,15,[8 1],49,56,71,7,49
1,<environment.Job instance at 0x7fc10565a730>,40,14,[6 3],60,71,85,11,63
1,<environment.Job instance at 0x7fc14904a500>,2,12,[8 3],3,3,15,0,3
1,<environment.Job instance at 0x7fc105686af0>,3,13,[4 5],5,15,28,10,5
1,<environment.Job instance at 0x7fc14904a0f0>,4,12,[1 6],6,28,40,22,12
1,<environment.Job instance at 0x7fc148f70c30>,10,13,[8 1],15,28,41,13,15
1,<environment.Job instance at 0x7fc148db42d0>,22,16,[9 4],31,41,57,10,32
1,<environment.Job instance at 0x7fc148db4cd0>,26,18,[5 4],36,57,75,21,51
1,<environment.Job instance at 0x7fc148dbf1e0>,37,12,[3 5],52,57,69,5,52
1,<environment.Job instance at 0x7fc148dbf6e0>,38,14,[8 3],54,75,89,21,62
1,<environment.Job instance at 0x7fc1494b1fa0>,44,3,[4 7],64,89,92,25,64
1,<environment.Job instance at 0x7fc1494b1dc0>,48,12,[5 2],68,89,101,21,76
1,<environment.Job instance at 0x7fc1494b1dc0>,2,14,[8 3],5,7,21,2,7
1,<environment.Job instance at 0x7fc105179c30>,8,27,[2 9],14,25,52,11,25
1,<environment.Job instance at 0x7fc14f82e780>,20,2,[ 1 10],33,52,54,19,33
1,<environment.Job instance at 0x7fc14fd47640>,24,16,[4 6],38,54,70,16,48
1,<environment.Job instance at 0x7fc149410640>,28,12,[5 4],42,55,67,13,55
1,<environment.Job instance at 0x7fc148dafeb0>,31,15,[1 9],45,70,85,25,58
1,<environment.Job instance at 0x7f51c4771500>,2,22,[4 8],3,3,25,0,3
1,<environment.Job instance at 0x7f51bd3633c0>,6,18,[6 2],12,12,30,0,12
1,<environment.Job instance at 0x7f51bd363a00>,12,2,[ 4 10],19,30,32,11,23
1,<environment.Job instance at 0x7f51bd363cd0>,15,3,[9 3],23,32,35,9,24
1,<environment.Job instance at 0x7f51bd363820>,9,18,[3 9],15,35,53,20,29
1,<environment.Job instance at 0x7f51bd367280>,19,1,[6 5],31,53,54,22,32
1,<environment.Job instance at 0x7f51bd367780>,24,3,[3 7],36,54,57,18,36
1,<environment.Job instance at 0x7f51bd3672d0>,22,18,[2 6],34,57,75,23,53
1,<environment.Job instance at 0x7f51bd365960>,38,1,[2 6],62,75,76,13,63
1,<environment.Job instance at 0x7f51bd365870>,37,13,[9 5],61,76,89,15,63
1,<environment.Job instance at 0x7f51bd365e60>,40,3,[5 5],66,89,92,23,66
1,<environment.Job instance at 0x7f51bd36c2d0>,45,17,[7 5],76,92,109,16,84
1,<environment.Job instance at 0x7f51c48e4190>,0,23,[1 5],1,1,24,0,1
1,<environment.Job instance at 0x7f51c48e2e60>,2,14,[8 1],3,3,17,0,3
1,<environment.Job instance at 0x7f51c479c230>,9,21,[5 3],11,18,39,7,18
1,<environment.Job instance at 0x7f51c479c1e0>,17,18,[2 9],23,39,57,16,28
1,<environment.Job instance at 0x7f51c479daa0>,22,20,[7 1],28,40,60,12,40
1,<environment.Job instance at 0x7f51c479d2d0>,29,14,[2 5],41,57,71,16,57
1,<environment.Job instance at 0x7f51c479d550>,30,14,[1 5],42,60,74,18,57
1,<environment.Job instance at 0x7f51c48e9b40>,35,25,[10  2],51,74,99,23,73
1,<environment.Job instance at 0x7f51795b9320>,1,18,[6 1],6,6,24,0,6
1,<environment.Job instance at 0x7f51795b6730>,5,15,[2 6],12,15,30,3,15
1,<environment.Job instance at 0x7f51795b6eb0>,12,15,[7 3],21,24,39,3,21
1,<environment.Job instance at 0x7f51795b6d20>,14,2,[6 4],23,39,41,16,25
1,<environment.Job instance at 0x7f517960f9b0>,17,27,[1 6],26,32,59,6,32
1,<environment.Job instance at 0x7f517960fc30>,26,14,[9 5],41,59,73,18,45
1,<environment.Job instance at 0x7f5179673aa0>,35,2,[10  2],50,73,75,23,63
1,<environment.Job instance at 0x7f51795b60f0>,13,27,[4 6],22,75,102,53,74
1,<environment.Job instance at 0x7f5179673500>,43,2,[4 9],59,102,104,43,79
1,<environment.Job instance at 0x7f51796e5690>,44,14,[9 4],60,104,118,44,89
1,<environment.Job instance at 0x7f51795acd70>,3,13,[9 3],7,7,20,0,7
1,<environment.Job instance at 0x7f51795ad690>,8,13,[3 7],12,20,33,8,13
1,<environment.Job instance at 0x7f51795ad4b0>,16,16,[9 3],23,33,49,10,23
1,<environment.Job instance at 0x7f5179b1caa0>,31,20,[1 7],43,43,63,0,43
1,<environment.Job instance at 0x7f5179acd820>,39,24,[ 1 10],52,63,87,11,62
1,<environment.Job instance at 0x7f5179a59820>,13,14,[4 6],25,27,41,2,27
1,<environment.Job instance at 0x7f5179a59550>,15,18,[6 1],28,28,46,0,28
1,<environment.Job instance at 0x7f51bd270640>,0,16,[ 5 10],1,1,17,0,1
1,<environment.Job instance at 0x7f51bd270cd0>,5,2,[5 8],10,17,19,7,10
1,<environment.Job instance at 0x7f51bd270eb0>,7,1,[7 3],12,19,20,7,13
1,<environment.Job instance at 0x7f51bdb12b90>,20,12,[9 5],30,33,45,3,33
1,<environment.Job instance at 0x7f51bdb12fa0>,21,16,[3 9],31,45,61,14,39
1,<environment.Job instance at 0x7f51bdb136e0>,28,17,[4 8],41,61,78,20,52
1,<environment.Job instance at 0x7f51bd714f00>,36,15,[10  5],50,78,93,28,64
1,<environment.Job instance at 0x7f51bdaaef50>,5,17,[1 6],9,9,26,0,9
1,<environment.Job instance at 0x7f51bd11e140>,6,12,[3 5],10,26,38,16,10
1,<environment.Job instance at 0x7f51bd11eaf0>,7,12,[6 3],12,12,24,0,12
1,<environment.Job instance at 0x7f51797b6550>,10,2,[7 2],16,24,26,8,18
1,<environment.Job instance at 0x7f5179b14cd0>,13,13,[4 9],20,38,51,18,32
1,<environment.Job instance at 0x7f5179b79280>,22,3,[9 3],32,51,54,19,32
1,<environment.Job instance at 0x7f51795f5140>,23,1,[6 3],33,33,34,0,33
1,<environment.Job instance at 0x7f51799f6b40>,5,16,[6 2],10,11,27,1,11
1,<environment.Job instance at 0x7f51799f6910>,8,14,[10  4],14,27,41,13,15
1,<environment.Job instance at 0x7f5179617cd0>,18,16,[3 6],27,41,57,14,28
1,<environment.Job instance at 0x7f517961b870>,22,1,[6 3],32,49,50,17,49
1,<environment.Job instance at 0x7f5179866550>,26,3,[8 5],37,57,60,20,51
1,<environment.Job instance at 0x7f51798390f0>,27,2,[9 2],38,60,62,22,51
1,<environment.Job instance at 0x7f51bdaf3cd0>,24,15,[5 1],34,62,77,28,51
1,<environment.Job instance at 0x7f5179866910>,28,2,[9 3],39,77,79,38,52
1,<environment.Job instance at 0x7f5179866190>,32,13,[10  5],47,79,92,32,64
1,<environment.Job instance at 0x7f517984cf00>,37,13,[7 1],54,92,105,38,85
1,<environment.Job instance at 0x7f5179837a00>,41,3,[1 7],59,92,95,33,87
1,<environment.Job instance at 0x7f5179b69370>,7,2,[10  2],9,10,12,1,10
1,<environment.Job instance at 0x7f51bd41f960>,30,18,[2 6],44,61,79,17,61
1,<environment.Job instance at 0x7f51bd55ec80>,37,18,[8 3],52,87,105,35,87
1,<environment.Job instance at 0x7f51bd28baf0>,11,12,[2 6],16,16,28,0,16
1,<environment.Job instance at 0x7f5179c5b910>,12,18,[3 6],18,28,46,10,18
1,<environment.Job instance at 0x7f51bd2f6eb0>,18,2,[7 4],28,28,30,0,28
1,<environment.Job instance at 0x7f51bd201140>,31,16,[3 9],48,62,78,14,62
1,<environment.Job instance at 0x7f51bdde85f0>,37,13,[2 6],55,78,91,23,65
1,<environment.Job instance at 0x7f51bd201050>,32,19,[7 1],49,72,91,23,72
1,<environment.Job instance at 0x7f51bdde8960>,39,15,[4 7],61,91,106,30,77
1,<environment.Job instance at 0x7f51794432d0>,0,22,[7 2],4,5,27,1,5
1,<environment.Job instance at 0x7f51bd1e9eb0>,2,13,[10  4],9,27,40,18,14
1,<environment.Job instance at 0x7f51794534b0>,18,3,[9 3],31,40,43,9,33
1,<environment.Job instance at 0x7f5179a1d550>,20,18,[5 9],34,43,61,9,35
1,<environment.Job instance at 0x7f51bd3c78c0>,27,2,[1 9],43,61,63,18,43
1,<environment.Job instance at 0x7f51bd3c7320>,28,15,[4 5],44,63,78,19,50
1,<environment.Job instance at 0x7f51bd3c7780>,32,14,[6 4],51,63,77,12,52
1,<environment.Job instance at 0x7f51bd4eefa0>,43,12,[9 1],63,78,90,15,67
1,<environment.Job instance at 0x7f51bd4ee050>,44,13,[7 4],64,90,103,26,75
1,<environment.Job instance at 0x7f51bd2fcc80>,3,16,[ 4 10],6,7,23,1,7
1,<environment.Job instance at 0x7f5179808820>,6,17,[5 8],9,23,40,14,11
1,<environment.Job instance at 0x7f517981c410>,17,14,[3 8],29,40,54,11,30
1,<environment.Job instance at 0x7f517981caa0>,24,16,[ 3 10],40,54,70,14,41
1,<environment.Job instance at 0x7f517981cfa0>,29,16,[8 2],49,72,88,23,72
1,<environment.Job instance at 0x7f51bd6949b0>,2,18,[7 2],3,3,21,0,3
1,<environment.Job instance at 0x7f51bd9c0e10>,12,18,[1 7],16,21,39,5,21
1,<environment.Job instance at 0x7f51794501e0>,16,13,[5 3],22,22,35,0,22
1,<environment.Job instance at 0x7f51bdb6e5f0>,21,22,[ 4 10],28,39,61,11,32
1,<environment.Job instance at 0x7f51be08fa50>,27,18,[5 8],36,61,79,25,52
1,<environment.Job instance at 0x7f51bd2aa6e0>,1,20,[9 5],2,4,24,2,4
1,<environment.Job instance at 0x7f51bd2aae10>,5,17,[6 1],9,24,41,15,13
1,<environment.Job instance at 0x7f51bd2aa3c0>,13,16,[7 4],28,41,57,13,29
1,<environment.Job instance at 0x7f5179631050>,17,2,[9 2],34,57,59,23,34
1,<environment.Job instance at 0x7f5179bb0230>,38,2,[5 3],72,72,74,0,72
1,<environment.Job instance at 0x7f5179bb00a0>,33,15,[1 7],58,74,89,16,74
1,<environment.Job instance at 0x7f5179bb0d70>,39,13,[7 1],73,82,95,9,82
1,<environment.Job instance at 0x7f5179bb0be0>,40,2,[1 6],74,89,91,15,82
1,<environment.Job instance at 0x7f5179c60730>,42,3,[9 2],76,95,98,19,83
1,<environment.Job instance at 0x7f5179c60320>,44,1,[8 2],78,98,99,20,83
1,<environment.Job instance at 0x7f5179c604b0>,45,3,[2 6],79,91,94,12,85
1,<environment.Job instance at 0x7f5179c0dcd0>,4,20,[6 4],5,5,25,0,5
1,<environment.Job instance at 0x7f5179c0dfa0>,6,17,[4 9],7,25,42,18,14
1,<environment.Job instance at 0x7f5179bfe460>,14,12,[7 4],18,42,54,24,27
1,<environment.Job instance at 0x7f5179bfebe0>,19,18,[1 5],23,42,60,19,32
1,<environment.Job instance at 0x7f5179c1e410>,29,15,[5 5],37,56,71,19,56
1,<environment.Job instance at 0x7f5179c1e5a0>,31,15,[7 3],39,71,86,32,57
1,<environment.Job instance at 0x7f5179c1eaa0>,36,18,[ 4 10],45,86,104,41,83
1,<environment.Job instance at 0x7f5179c1efa0>,40,13,[9 4],49,104,117,55,88
1,<environment.Job instance at 0x7f5179c1efa0>,1,14,[7 3],3,3,17,0,3
1,<environment.Job instance at 0x7f5179c26e10>,2,27,[1 6],4,6,33,2,6
1,<environment.Job instance at 0x7f5179bdeb90>,10,18,[10  1],18,33,51,15,24
1,<environment.Job instance at 0x7f51bd485230>,20,19,[9 3],29,51,70,22,41
1,<environment.Job instance at 0x7f51bdcf5410>,39,15,[8 1],59,70,85,11,64
1,<environment.Job instance at 0x7f51bdcf5af0>,47,14,[6 3],70,85,99,15,77
1,<environment.Job instance at 0x7f5179b9c5a0>,2,12,[8 3],3,3,15,0,3
1,<environment.Job instance at 0x7f51796c2c30>,10,13,[8 1],15,15,28,0,15
1,<environment.Job instance at 0x7f51c479c910>,12,18,[1 9],17,17,35,0,17
1,<environment.Job instance at 0x7f51bdcfd7d0>,16,14,[4 8],21,35,49,14,23
1,<environment.Job instance at 0x7f51bd4315f0>,26,18,[5 4],36,49,67,13,38
1,<environment.Job instance at 0x7f517983f6e0>,37,12,[3 5],52,53,65,1,53
1,<environment.Job instance at 0x7f51bdcfd1e0>,17,17,[3 7],22,67,84,45,56
1,<environment.Job instance at 0x7f51799a95f0>,40,1,[7 3],56,67,68,11,56
1,<environment.Job instance at 0x7f51bd4b8e10>,44,3,[4 7],64,84,87,20,64
1,<environment.Job instance at 0x7f51bd4b8050>,45,2,[4 5],65,65,67,0,65
1,<environment.Job instance at 0x7f51bda4ee60>,39,1,[9 5],55,87,88,32,66
1,<environment.Job instance at 0x7f51be092be0>,48,12,[5 2],68,71,83,3,71
1,<environment.Job instance at 0x7f5179a99050>,52,14,[1 5],73,87,101,14,73
1,<environment.Job instance at 0x7f5179a99e10>,54,13,[ 3 10],77,101,114,24,87
1,<environment.Job instance at 0x7f5179a99370>,57,13,[6 5],80,88,101,8,88
1,<environment.Job instance at 0x7f5179a99cd0>,1,15,[6 1],2,2,17,0,2
1,<environment.Job instance at 0x7f51bd30e050>,3,27,[2 9],4,17,44,13,17
1,<environment.Job instance at 0x7f51794b6c80>,23,12,[5 4],32,44,56,12,37
1,<environment.Job instance at 0x7f51794b6f50>,24,15,[1 6],33,44,59,11,38
1,<environment.Job instance at 0x7f51794b6e60>,27,17,[5 2],36,56,73,20,45
1,<environment.Job instance at 0x7f51794b5cd0>,35,17,[4 6],47,59,76,12,54
1,<environment.Job instance at 0x7f51794b5c80>,36,17,[2 9],48,76,93,28,64
1,<environment.Job instance at 0x7f51794c6b40>,0,15,[ 1 10],1,1,16,0,1
1,<environment.Job instance at 0x7f51794c6aa0>,2,12,[2 8],4,16,28,12,5
1,<environment.Job instance at 0x7f5179b2eb90>,8,16,[1 9],13,28,44,15,16
1,<environment.Job instance at 0x7f51798cf1e0>,23,15,[5 3],35,44,59,9,35
1,<environment.Job instance at 0x7f51798c7c80>,30,13,[3 9],43,59,72,16,44
1,<environment.Job instance at 0x7f5179b43eb0>,34,3,[5 9],48,72,75,24,58
1,<environment.Job instance at 0x7f51bddcb140>,39,18,[3 9],55,75,93,20,64
1,<environment.Job instance at 0x7f51bd29e550>,46,13,[5 4],69,93,106,24,80
1,<environment.Job instance at 0x7f5179b54050>,1,16,[4 8],4,4,20,0,4
1,<environment.Job instance at 0x7f51794ecaf0>,3,13,[2 9],6,20,33,14,6
1,<environment.Job instance at 0x7f51bd6e6d70>,20,2,[6 2],31,33,35,2,31
1,<environment.Job instance at 0x7f51794ec820>,4,26,[6 2],7,35,61,28,33
1,<environment.Job instance at 0x7f51bddefa50>,31,18,[10  4],50,64,82,14,64
1,<environment.Job instance at 0x7f51bd131960>,43,22,[ 2 10],65,86,108,21,86
1,<environment.Job instance at 0x7f60fd818140>,0,13,[9 3],1,1,14,0,1
1,<environment.Job instance at 0x7f60fd817f00>,3,22,[5 7],5,14,36,9,10
1,<environment.Job instance at 0x7f60f6409af0>,13,13,[7 3],20,36,49,16,20
1,<environment.Job instance at 0x7f60f640b640>,23,12,[ 5 10],35,49,61,14,44
1,<environment.Job instance at 0x7f60f640bd20>,28,2,[5 5],47,61,63,14,49
1,<environment.Job instance at 0x7f60f640b820>,27,17,[1 6],44,63,80,19,54
1,<environment.Job instance at 0x7f60f640e9b0>,37,13,[9 5],61,80,93,19,65
1,<environment.Job instance at 0x7f60f6411730>,51,2,[5 3],85,95,97,10,95
1,<environment.Job instance at 0x7f60f6411820>,52,2,[4 9],88,97,99,9,96
1,<environment.Job instance at 0x7f60fd981eb0>,2,12,[5 5],3,3,15,0,3
1,<environment.Job instance at 0x7f60fd987910>,3,16,[6 3],5,15,31,10,5
1,<environment.Job instance at 0x7f60fd98ec80>,14,18,[3 7],19,20,38,1,20
1,<environment.Job instance at 0x7f60fd985280>,16,18,[9 2],21,38,56,17,31
1,<environment.Job instance at 0x7f60fd83f780>,36,17,[3 9],54,91,108,37,91
1,<environment.Job instance at 0x7f60fd83fa00>,37,12,[7 1],56,94,106,38,94
1,<environment.Job instance at 0x7f60b26dbb40>,0,15,[7 3],1,1,16,0,1
1,<environment.Job instance at 0x7f60b26db5f0>,5,27,[1 6],6,8,35,2,8
1,<environment.Job instance at 0x7f60b27e1910>,15,2,[4 9],22,35,37,13,23
1,<environment.Job instance at 0x7f60b26e5780>,17,15,[1 7],24,37,52,13,24
1,<environment.Job instance at 0x7f60b26e5190>,19,15,[5 2],26,37,52,11,26
1,<environment.Job instance at 0x7f60b26dbcd0>,9,15,[2 7],13,52,67,39,40
1,<environment.Job instance at 0x7f60b27d9370>,31,2,[4 9],39,67,69,28,47
1,<environment.Job instance at 0x7f60b27d9c80>,30,19,[6 1],37,52,71,15,48
1,<environment.Job instance at 0x7f60b27e1dc0>,12,15,[2 7],19,69,84,50,55
1,<environment.Job instance at 0x7f60b27d90a0>,37,16,[7 2],49,71,87,22,63
1,<environment.Job instance at 0x7f60b27d9cd0>,39,2,[8 5],52,87,89,35,63
1,<environment.Job instance at 0x7f60b27d99b0>,41,2,[9 5],54,89,91,35,73
1,<environment.Job instance at 0x7f60b26f8780>,25,14,[3 6],32,91,105,59,76
1,<environment.Job instance at 0x7f60b26ff320>,51,1,[9 1],69,105,106,36,90
1,<environment.Job instance at 0x7f60b26ff4b0>,54,13,[10  5],72,106,119,34,93
1,<environment.Job instance at 0x7f60b26ffd20>,55,2,[5 2],74,94,96,20,94
1,<environment.Job instance at 0x7f60b2658af0>,1,27,[10  3],3,6,33,3,6
1,<environment.Job instance at 0x7f60b26a2fa0>,13,15,[1 6],17,33,48,16,21
1,<environment.Job instance at 0x7f60b2bff7d0>,21,15,[7 4],26,33,48,7,27
1,<environment.Job instance at 0x7f60b2beda00>,29,27,[4 7],35,52,79,17,52
1,<environment.Job instance at 0x7f60b281e8c0>,35,19,[9 4],42,79,98,37,71
1,<environment.Job instance at 0x7f60b2c043c0>,47,13,[4 5],58,98,111,40,90
1,<environment.Job instance at 0x7f60b2c04370>,48,12,[5 5],60,98,110,38,90
1,<environment.Job instance at 0x7f60b26f8690>,3,12,[9 1],6,6,18,0,6
1,<environment.Job instance at 0x7f60b2dcf370>,6,13,[1 9],12,12,25,0,12
1,<environment.Job instance at 0x7f60b2dcf550>,7,17,[3 6],13,25,42,12,13
1,<environment.Job instance at 0x7f60b2dcfe10>,14,13,[10  5],25,42,55,17,29
1,<environment.Job instance at 0x7f60b2db85a0>,23,15,[2 7],38,55,70,17,41
1,<environment.Job instance at 0x7f60b2db8d20>,29,3,[7 1],47,61,64,14,61
1,<environment.Job instance at 0x7f60b2db8e10>,31,23,[10  2],49,70,93,21,64
1,<environment.Job instance at 0x7f60f639b4b0>,3,25,[5 5],4,4,29,0,4
1,<environment.Job instance at 0x7f60fd103140>,9,12,[6 3],11,29,41,18,12
1,<environment.Job instance at 0x7f60fcf3b370>,26,19,[8 2],32,41,60,9,32
1,<environment.Job instance at 0x7f60fcf3ba00>,29,2,[1 8],36,47,49,11,47
1,<environment.Job instance at 0x7f60fcf3bbe0>,34,13,[10  3],44,60,73,16,49
1,<environment.Job instance at 0x7f60b2cc27d0>,36,1,[7 5],48,73,74,25,50
1,<environment.Job instance at 0x7f60f6372640>,45,13,[4 9],60,74,87,14,72
1,<environment.Job instance at 0x7f60b28c3be0>,9,17,[7 1],15,21,38,6,21
1,<environment.Job instance at 0x7f60fcd0b6e0>,12,14,[6 1],18,38,52,20,30
1,<environment.Job instance at 0x7f60b2ac64b0>,8,23,[1 5],13,33,56,20,33
1,<environment.Job instance at 0x7f60fce23f50>,17,3,[5 4],24,52,55,28,35
1,<environment.Job instance at 0x7f60fcd0bc80>,13,12,[3 6],20,56,68,36,40
1,<environment.Job instance at 0x7f60f6664190>,18,14,[5 1],25,55,69,30,40
1,<environment.Job instance at 0x7f60f620e5f0>,28,16,[6 2],40,71,87,31,71
1,<environment.Job instance at 0x7f60f67c70a0>,30,1,[9 5],43,87,88,44,71
1,<environment.Job instance at 0x7f60f6343a50>,31,14,[10  4],44,88,102,44,73
1,<environment.Job instance at 0x7f60fcc13960>,23,17,[8 2],34,102,119,68,96
1,<environment.Job instance at 0x7f60fcc13960>,1,17,[10  3],5,5,22,0,5
1,<environment.Job instance at 0x7f60fce483c0>,14,18,[7 5],20,22,40,2,20
1,<environment.Job instance at 0x7f60fce488c0>,18,27,[ 5 10],24,40,67,16,38
1,<environment.Job instance at 0x7f60fce6dcd0>,35,15,[10  5],52,67,82,15,63
1,<environment.Job instance at 0x7f60fce6de60>,40,18,[5 5],57,82,100,25,71
1,<environment.Job instance at 0x7f60fce74730>,45,18,[2 6],64,100,118,36,89
1,<environment.Job instance at 0x7f60b2caaeb0>,12,12,[8 2],18,24,36,6,24
1,<environment.Job instance at 0x7f60b2caad70>,15,20,[5 4],21,36,56,15,27
1,<environment.Job instance at 0x7f60b29f7730>,22,18,[1 5],32,40,58,8,40
1,<environment.Job instance at 0x7f60f63c3aa0>,26,2,[7 4],38,56,58,18,50
1,<environment.Job instance at 0x7f60fd9e1500>,31,15,[4 5],45,58,73,13,52
1,<environment.Job instance at 0x7f60f683a690>,35,15,[3 8],51,73,88,22,68
1,<environment.Job instance at 0x7f60b2824190>,40,19,[7 1],59,81,100,22,81
1,<environment.Job instance at 0x7f60b2c3a910>,45,13,[2 6],65,88,101,23,82
1,<environment.Job instance at 0x7f60b2c3ac80>,46,15,[5 9],67,101,116,34,91
1,<environment.Job instance at 0x7f60f6519230>,0,22,[7 2],4,4,26,0,4
1,<environment.Job instance at 0x7f60fcd6c7d0>,2,13,[10  4],9,26,39,17,10
1,<environment.Job instance at 0x7f60fd3aacd0>,14,12,[2 7],26,39,51,13,26
1,<environment.Job instance at 0x7f60b2a43820>,16,3,[4 6],28,51,54,23,32
1,<environment.Job instance at 0x7f60f62b1aa0>,18,3,[9 3],31,54,57,23,36
1,<environment.Job instance at 0x7f60f64a55f0>,28,15,[4 5],44,57,72,13,45
1,<environment.Job instance at 0x7f60f64a5be0>,31,17,[6 3],50,57,74,7,51
1,<environment.Job instance at 0x7f60f64a56e0>,36,3,[6 4],55,74,77,19,55
1,<environment.Job instance at 0x7f60f64a51e0>,37,1,[5 7],57,77,78,20,57
1,<environment.Job instance at 0x7f60fd1dce10>,38,13,[10  5],58,78,91,20,62
1,<environment.Job instance at 0x7f60f68a5870>,47,13,[10  5],67,91,104,24,75
1,<environment.Job instance at 0x7f60f61cbcd0>,0,16,[6 2],1,1,17,0,1
1,<environment.Job instance at 0x7f60fcfd45f0>,1,1,[3 8],2,2,3,0,2
1,<environment.Job instance at 0x7f60b2b4c500>,6,14,[8 5],14,17,31,3,15
1,<environment.Job instance at 0x7f60b2b4c640>,9,14,[3 8],19,31,45,12,19
1,<environment.Job instance at 0x7f60b2b4cd20>,15,13,[9 3],29,45,58,16,36
1,<environment.Job instance at 0x7f60b2b1d4b0>,24,15,[ 2 10],42,58,73,16,47
1,<environment.Job instance at 0x7f60b2b4ca50>,13,16,[3 8],26,73,89,47,70
1,<environment.Job instance at 0x7f60b2b1dd20>,31,18,[5 1],54,73,91,19,72
1,<environment.Job instance at 0x7f60b2b1deb0>,35,18,[1 5],60,89,107,29,87
1,<environment.Job instance at 0x7f60b2b1c3c0>,38,2,[2 7],64,107,109,43,87
1,<environment.Job instance at 0x7f60b2b1c370>,40,3,[3 8],66,109,112,43,87
1,<environment.Job instance at 0x7f60b2b1c6e0>,41,12,[10  5],68,112,124,44,95
1,<environment.Job instance at 0x7f60b2b1d550>,0,17,[4 9],1,1,18,0,1
1,<environment.Job instance at 0x7f60fd348a50>,4,21,[10  4],6,18,39,12,13
1,<environment.Job instance at 0x7f60b2cbbf50>,13,13,[1 7],17,39,52,22,23
1,<environment.Job instance at 0x7f60f6226d20>,26,15,[2 7],34,52,67,18,39
1,<environment.Job instance at 0x7f60fcd10730>,32,14,[3 5],40,67,81,27,56
1,<environment.Job instance at 0x7f60fcd10af0>,37,21,[2 6],45,81,102,36,75
1,<environment.Job instance at 0x7f60fcd106e0>,25,27,[6 1],32,86,113,54,86
1,<environment.Job instance at 0x7f60fda13cd0>,50,13,[6 5],59,113,126,54,97
1,<environment.Job instance at 0x7f60b2557d70>,2,12,[6 1],3,8,20,5,8
1,<environment.Job instance at 0x7f60fcd9b640>,8,16,[6 5],10,20,36,10,12
1,<environment.Job instance at 0x7f60f6366f50>,19,15,[1 7],28,36,51,8,28
1,<environment.Job instance at 0x7f60f6366230>,22,17,[8 1],38,38,55,0,38
1,<environment.Job instance at 0x7f60f63666e0>,23,2,[1 5],40,51,53,11,41
1,<environment.Job instance at 0x7f60f6742a50>,24,2,[5 3],42,55,57,13,42
1,<environment.Job instance at 0x7f60f6366960>,17,25,[ 1 10],26,57,82,31,54
1,<environment.Job instance at 0x7f60fcd38820>,43,14,[5 8],63,82,96,19,68
1,<environment.Job instance at 0x7f60b2b4d690>,47,17,[4 9],67,96,113,29,84
1,<environment.Job instance at 0x7f60f62f3be0>,3,18,[ 4 10],5,5,23,0,5
1,<environment.Job instance at 0x7f60b2c528c0>,4,17,[7 5],6,23,40,17,11
1,<environment.Job instance at 0x7f60f69038c0>,2,15,[8 1],9,11,26,2,11
1,<environment.Job instance at 0x7f60b2626690>,17,3,[7 5],30,30,33,0,30
1,<environment.Job instance at 0x7f60f671fe60>,28,13,[4 5],45,59,72,14,59
1,<environment.Job instance at 0x7f60f671f410>,32,1,[10  4],51,72,73,21,60
1,<environment.Job instance at 0x7f60f671feb0>,35,13,[8 1],55,73,86,18,60
1,<environment.Job instance at 0x7f60f671f640>,37,18,[1 9],57,73,91,16,65
1,<environment.Job instance at 0x7f60fd712af0>,47,16,[9 4],71,91,107,20,80
1,<environment.Job instance at 0x7f60b2cd77d0>,56,15,[ 2 10],85,107,122,22,95
1,<environment.Job instance at 0x7f60b23d1190>,4,18,[7 5],6,7,25,1,7
1,<environment.Job instance at 0x7f60f63c29b0>,13,16,[1 9],18,25,41,7,25
1,<environment.Job instance at 0x7f60f63c2320>,18,14,[8 3],25,41,55,16,26
1,<environment.Job instance at 0x7f60b23ec780>,31,16,[3 5],46,62,78,16,62
1,<environment.Job instance at 0x7f60b23ecd70>,34,19,[2 7],49,78,97,29,68
1,<environment.Job instance at 0x7f60b23ecaa0>,38,22,[8 5],55,97,119,42,91
1,<environment.Job instance at 0x7f60b2406730>,3,17,[10  5],9,9,26,0,9
1,<environment.Job instance at 0x7f60b2d87cd0>,7,13,[ 2 10],16,26,39,10,16
1,<environment.Job instance at 0x7f60b2d87e10>,10,15,[ 1 10],21,39,54,18,28
1,<environment.Job instance at 0x7f60b276b870>,16,23,[9 5],29,54,77,25,48
1,<environment.Job instance at 0x7f60b2623910>,32,12,[9 5],54,77,89,23,67
1,<environment.Job instance at 0x7f60b26423c0>,36,15,[7 3],59,89,104,30,82
1,<environment.Job instance at 0x7f60b2928320>,42,14,[10  3],66,104,118,38,91
1,<environment.Job instance at 0x7f60fd1fcb90>,0,24,[1 8],3,4,28,1,4
1,<environment.Job instance at 0x7f60f67b40a0>,3,16,[5 4],9,28,44,19,16
1,<environment.Job instance at 0x7f60b250c8c0>,12,18,[9 4],25,44,62,19,35
1,<environment.Job instance at 0x7f60b24eb9b0>,18,2,[5 4],32,62,64,30,59
1,<environment.Job instance at 0x7f60b2434960>,27,15,[3 6],43,62,77,19,60
1,<environment.Job instance at 0x7f60b2434780>,31,14,[7 3],53,64,78,11,60
1,<environment.Job instance at 0x7f60b2434a50>,32,18,[10  4],55,78,96,23,67
1,<environment.Job instance at 0x7f60b2c69f50>,40,3,[6 1],64,96,99,32,81
1,<environment.Job instance at 0x7f60fd121c30>,3,13,[3 7],4,4,17,0,4
1,<environment.Job instance at 0x7f60fd121320>,8,17,[5 9],9,17,34,8,10
1,<environment.Job instance at 0x7f60b28fe960>,23,1,[5 6],28,37,38,9,37
1,<environment.Job instance at 0x7f60fcc92f50>,15,18,[ 5 10],16,43,61,27,43
1,<environment.Job instance at 0x7f60f6332aa0>,37,18,[9 5],47,67,85,20,67
1,<environment.Job instance at 0x7f60b2af44b0>,2,15,[4 9],4,4,19,0,4
1,<environment.Job instance at 0x7f60b2af4500>,3,15,[1 6],5,19,34,14,7
1,<environment.Job instance at 0x7f60f68a5a00>,8,15,[9 3],11,19,34,8,11
1,<environment.Job instance at 0x7f60b295a050>,16,17,[10  5],22,34,51,12,23
1,<environment.Job instance at 0x7f60f6335640>,19,12,[7 2],27,51,63,24,34
1,<environment.Job instance at 0x7f60f6894e10>,38,18,[5 3],53,63,81,10,60
1,<environment.Job instance at 0x7f60b23d1f00>,47,15,[9 2],66,81,96,15,70
1,<environment.Job instance at 0x7f60fd144690>,56,26,[5 9],78,96,122,18,93
1,<environment.Job instance at 0x7f1dd95350f0>,0,13,[9 3],1,1,14,0,1
1,<environment.Job instance at 0x7f1dd2126eb0>,17,14,[3 5],29,31,45,2,31
1,<environment.Job instance at 0x7f1dd2126dc0>,19,1,[6 5],31,31,32,0,31
1,<environment.Job instance at 0x7f1dd212a460>,21,27,[1 6],33,49,76,16,49
1,<environment.Job instance at 0x7f1dd21272d0>,32,14,[8 4],55,58,72,3,58
1,<environment.Job instance at 0x7f1dd2127a00>,42,13,[2 7],71,81,94,10,81
1,<environment.Job instance at 0x7f1dd2127be0>,43,23,[6 4],72,94,117,22,89
1,<environment.Job instance at 0x7f1dd212e5f0>,50,16,[4 7],84,117,133,33,105
1,<environment.Job instance at 0x7f1dd212ea50>,1,18,[2 9],3,3,21,0,3
1,<environment.Job instance at 0x7f1dd96abaf0>,6,20,[7 1],8,9,29,1,9
1,<environment.Job instance at 0x7f1dd969c5f0>,8,17,[3 9],10,21,38,11,10
1,<environment.Job instance at 0x7f1dd96a2b40>,15,18,[4 6],24,38,56,14,28
1,<environment.Job instance at 0x7f1dd955edc0>,34,24,[6 1],51,87,111,36,87
1,<environment.Job instance at 0x7f1d8e5b0fa0>,0,14,[9 5],1,1,15,0,1
1,<environment.Job instance at 0x7f1d8e51ecd0>,5,15,[5 2],6,15,30,9,6
1,<environment.Job instance at 0x7f1d8e51e500>,11,14,[3 6],12,15,29,3,12
1,<environment.Job instance at 0x7f1d8e500910>,26,15,[1 5],33,33,48,0,33
1,<environment.Job instance at 0x7f1d8e500190>,29,14,[8 2],37,37,51,0,37
1,<environment.Job instance at 0x7f1d8e51d8c0>,33,13,[2 8],43,48,61,5,43
1,<environment.Job instance at 0x7f1d8e51d050>,34,12,[1 7],44,61,73,17,44
1,<environment.Job instance at 0x7f1d8e51db90>,41,2,[5 2],54,54,56,0,54
1,<environment.Job instance at 0x7f1d8e471050>,42,13,[9 3],57,61,74,4,57
1,<environment.Job instance at 0x7f1d8e4718c0>,48,17,[ 2 10],64,74,91,10,64
1,<environment.Job instance at 0x7f1d8e453960>,57,14,[5 7],75,91,105,16,89
1,<environment.Job instance at 0x7f1d8e4539b0>,1,14,[1 5],3,4,18,1,4
1,<environment.Job instance at 0x7f1d8e4fbe60>,9,19,[9 4],12,12,31,0,12
1,<environment.Job instance at 0x7f1d8e8e1550>,17,23,[3 6],24,31,54,7,26
1,<environment.Job instance at 0x7f1d8e8b7500>,27,3,[6 2],38,38,41,0,38
1,<environment.Job instance at 0x7f1d8e8b7460>,26,28,[2 6],37,54,82,17,53
1,<environment.Job instance at 0x7f1d8e8836e0>,37,1,[6 4],56,81,82,25,81
1,<environment.Job instance at 0x7f1d8e883a50>,38,18,[6 1],58,85,103,27,85
1,<environment.Job instance at 0x7f1d8e4fea00>,1,19,[4 9],3,3,22,0,3
1,<environment.Job instance at 0x7f1d8e82bb90>,14,14,[4 7],21,23,37,2,23
1,<environment.Job instance at 0x7f1d8e8139b0>,25,2,[2 5],36,44,46,8,44
1,<environment.Job instance at 0x7f1d8e8138c0>,26,16,[2 9],38,46,62,8,44
1,<environment.Job instance at 0x7f1d8e8137d0>,28,12,[9 5],40,62,74,22,50
1,<environment.Job instance at 0x7f1d8e81c7d0>,37,18,[ 5 10],52,74,92,22,67
1,<environment.Job instance at 0x7f1d8e813af0>,29,16,[3 9],41,92,108,51,84
1,<environment.Job instance at 0x7f1d8e81ca00>,45,3,[7 1],61,92,95,31,87
1,<environment.Job instance at 0x7f1d8e8246e0>,56,3,[6 3],74,108,111,34,105
1,<environment.Job instance at 0x7f1d8e8243c0>,57,12,[5 8],75,111,123,36,107
1,<environment.Job instance at 0x7f1d8e824780>,58,14,[7 5],76,123,137,47,109
1,<environment.Job instance at 0x7f1dd9559f50>,1,18,[1 8],4,4,22,0,4
1,<environment.Job instance at 0x7f1dd8ab93c0>,4,20,[5 1],7,7,27,0,7
1,<environment.Job instance at 0x7f1dd8ab95a0>,6,13,[4 9],10,22,35,12,10
1,<environment.Job instance at 0x7f1dd242f050>,16,1,[6 3],23,35,36,12,24
1,<environment.Job instance at 0x7f1dd23f7460>,19,17,[5 6],29,36,53,7,29
1,<environment.Job instance at 0x7f1dd23f7c80>,21,13,[4 6],32,53,66,21,37
1,<environment.Job instance at 0x7f1dd1f0a910>,36,13,[5 6],56,66,79,10,56
1,<environment.Job instance at 0x7f1dd208a550>,45,12,[3 6],70,79,91,9,70
1,<environment.Job instance at 0x7f1dd22b5a00>,48,16,[5 5],73,91,107,18,79
1,<environment.Job instance at 0x7f1d8e78cf50>,2,15,[5 1],4,4,19,0,4
1,<environment.Job instance at 0x7f1d8e44ce10>,8,14,[5 9],12,13,27,1,13
1,<environment.Job instance at 0x7f1dd8c70b90>,9,12,[9 1],14,27,39,13,14
1,<environment.Job instance at 0x7f1dd24742d0>,12,17,[ 5 10],19,39,56,20,27
1,<environment.Job instance at 0x7f1d8e3c7460>,28,1,[7 2],40,56,57,16,44
1,<environment.Job instance at 0x7f1d8e3c7eb0>,32,3,[10  1],48,57,60,9,49
1,<environment.Job instance at 0x7f1dd8b5ebe0>,24,14,[5 6],36,60,74,24,51
1,<environment.Job instance at 0x7f1dd8a64960>,22,26,[7 2],33,83,109,50,83
1,<environment.Job instance at 0x7f1dd2359fa0>,0,18,[8 3],2,2,20,0,2
1,<environment.Job instance at 0x7f1d8ea88320>,10,18,[ 4 10],18,20,38,2,18
1,<environment.Job instance at 0x7f1d8ea714b0>,24,1,[10  4],35,38,39,3,36
1,<environment.Job instance at 0x7f1d8ea71690>,26,3,[6 2],37,39,42,2,37
1,<environment.Job instance at 0x7f1d8ea71320>,25,3,[6 4],36,42,45,6,38
1,<environment.Job instance at 0x7f1d8ea715a0>,27,15,[9 1],38,45,60,7,38
1,<environment.Job instance at 0x7f1d8ea71b90>,29,3,[10  3],41,60,63,19,41
1,<environment.Job instance at 0x7f1d8ea71e60>,33,12,[8 2],48,63,75,15,62
1,<environment.Job instance at 0x7f1d8ea71eb0>,35,13,[1 5],50,64,77,14,64
1,<environment.Job instance at 0x7f1d8ea71820>,34,13,[5 5],49,75,88,26,66
1,<environment.Job instance at 0x7f1d8ea990f0>,37,3,[2 8],53,88,91,35,72
1,<environment.Job instance at 0x7f1d8ea99500>,41,18,[3 6],58,91,109,33,82
1,<environment.Job instance at 0x7f1d8ea99f00>,50,1,[7 2],73,88,89,15,83
1,<environment.Job instance at 0x7f1d8ea720f0>,53,27,[5 1],76,102,129,26,102
1,<environment.Job instance at 0x7f1d8ea72230>,55,16,[5 5],79,109,125,30,102
1,<environment.Job instance at 0x7f1d8ea723c0>,1,24,[2 6],3,3,27,0,3
1,<environment.Job instance at 0x7f1dd8b41b90>,3,28,[7 4],10,12,40,2,12
1,<environment.Job instance at 0x7f1d8e539aa0>,10,24,[2 5],19,27,51,8,24
1,<environment.Job instance at 0x7f1dd90ff4b0>,15,13,[7 2],30,40,53,10,30
1,<environment.Job instance at 0x7f1dd1fc95f0>,20,1,[1 5],38,51,52,13,38
1,<environment.Job instance at 0x7f1d8e9d1190>,21,21,[3 5],39,52,73,13,44
1,<environment.Job instance at 0x7f1d8e41ce60>,24,3,[7 2],44,53,56,9,51
1,<environment.Job instance at 0x7f1dd8bc1fa0>,31,3,[1 8],53,73,76,20,53
1,<environment.Job instance at 0x7f1dd8ace140>,30,3,[9 3],51,76,79,25,53
1,<environment.Job instance at 0x7f1dd8bc1140>,29,14,[8 1],49,79,93,30,64
1,<environment.Job instance at 0x7f1d8ea3b320>,51,15,[5 2],79,93,108,14,87
1,<environment.Job instance at 0x7f1d8ea3b730>,52,13,[3 6],80,93,106,13,88
1,<environment.Job instance at 0x7f1d8ea3b6e0>,54,12,[3 6],82,106,118,24,89
1,<environment.Job instance at 0x7f1d8e89efa0>,2,14,[8 1],5,5,19,0,5
1,<environment.Job instance at 0x7f1dd22de410>,14,14,[8 5],24,24,38,0,24
1,<environment.Job instance at 0x7f1dd8ee8a00>,18,13,[8 3],31,38,51,7,31
1,<environment.Job instance at 0x7f1dd8ee8f00>,20,18,[ 5 10],34,51,69,17,40
1,<environment.Job instance at 0x7f1d8e7d75f0>,32,15,[ 2 10],52,76,91,24,76
1,<environment.Job instance at 0x7f1d8e7d79b0>,33,16,[4 6],53,91,107,38,90
1,<environment.Job instance at 0x7f1d8e8bd690>,38,13,[2 8],63,107,120,44,91
1,<environment.Job instance at 0x7f1dd8a88f50>,1,13,[5 3],2,2,15,0,2
1,<environment.Job instance at 0x7f1dd23c71e0>,4,21,[10  4],6,15,36,9,7
1,<environment.Job instance at 0x7f1dd23c7780>,10,3,[7 3],14,36,39,22,21
1,<environment.Job instance at 0x7f1dd23c7910>,13,13,[1 7],17,36,49,19,24
1,<environment.Job instance at 0x7f1dd23bca50>,31,17,[8 2],39,64,81,25,64
1,<environment.Job instance at 0x7f1dd23d0320>,37,21,[2 6],45,76,97,31,76
1,<environment.Job instance at 0x7f1dd23bc3c0>,21,14,[9 1],27,97,111,70,91
1,<environment.Job instance at 0x7f1dd23d0410>,41,15,[2 9],49,111,126,62,97
1,<environment.Job instance at 0x7f1d9913a690>,3,17,[3 6],6,6,23,0,6
1,<environment.Job instance at 0x7f1dd8b2d320>,14,2,[1 5],30,32,34,2,32
1,<environment.Job instance at 0x7f1dd2501460>,22,3,[2 6],39,39,42,0,39
1,<environment.Job instance at 0x7f1dd8b2d690>,13,17,[8 1],28,42,59,14,42
1,<environment.Job instance at 0x7f1dd8a8a140>,25,2,[2 7],42,42,44,0,42
1,<environment.Job instance at 0x7f1dd90b22d0>,26,18,[ 2 10],43,59,77,16,50
1,<environment.Job instance at 0x7f1dd8a5d910>,35,1,[7 4],54,77,78,23,55
1,<environment.Job instance at 0x7f1dd95590a0>,37,12,[5 6],56,78,90,22,61
1,<environment.Job instance at 0x7f1dd1f9efa0>,47,2,[10  5],69,93,95,24,93
1,<environment.Job instance at 0x7f1dd1f9e500>,45,14,[5 5],67,95,109,28,93
1,<environment.Job instance at 0x7f1dd1e8dc30>,43,17,[2 7],65,109,126,44,99
1,<environment.Job instance at 0x7f1dd9559640>,40,13,[7 1],61,109,122,48,100
1,<environment.Job instance at 0x7f1d8e8f5960>,7,13,[3 9],10,17,30,7,17
1,<environment.Job instance at 0x7f1d8e8f50f0>,8,16,[4 9],12,30,46,18,17
1,<environment.Job instance at 0x7f1dd2102e10>,30,18,[10  1],48,75,93,27,75
1,<environment.Job instance at 0x7f1dd2102460>,35,14,[5 3],53,93,107,40,86
1,<environment.Job instance at 0x7f1dd2467be0>,44,14,[5 2],63,102,116,39,102
1,<environment.Job instance at 0x7f1dd20a4690>,48,15,[ 4 10],68,116,131,48,104
1,<environment.Job instance at 0x7f1d8e148e60>,7,17,[3 5],11,12,29,1,12
1,<environment.Job instance at 0x7f1d8e148cd0>,9,12,[8 3],13,29,41,16,14
1,<environment.Job instance at 0x7f1dd22644b0>,17,13,[8 1],25,41,54,16,25
1,<environment.Job instance at 0x7f1d8e132410>,19,18,[1 9],27,41,59,14,30
1,<environment.Job instance at 0x7f1d8eaa1550>,32,3,[5 7],44,59,62,15,45
1,<environment.Job instance at 0x7f1dd8d85b40>,37,2,[7 4],54,62,64,8,55
1,<environment.Job instance at 0x7f1dd2060280>,33,18,[5 4],46,64,82,18,57
1,<environment.Job instance at 0x7f1dd8aa7c80>,29,16,[9 4],41,82,98,41,71
1,<environment.Job instance at 0x7f1dd8ace820>,49,17,[6 5],71,98,115,27,88
1,<environment.Job instance at 0x7f1d8e398910>,1,15,[5 1],4,4,19,0,4
1,<environment.Job instance at 0x7f1dd1ee91e0>,6,19,[2 7],9,20,39,11,20
1,<environment.Job instance at 0x7f1dd8de3e10>,11,12,[6 2],17,20,32,3,20
1,<environment.Job instance at 0x7f1d8ea5d370>,17,15,[1 6],23,39,54,16,29
1,<environment.Job instance at 0x7f1dd22b6cd0>,16,12,[5 4],22,39,51,17,29
1,<environment.Job instance at 0x7f1dd1f7fe60>,23,3,[1 6],29,54,57,25,30
1,<environment.Job instance at 0x7f1dd1f7f9b0>,19,15,[1 9],25,57,72,32,43
1,<environment.Job instance at 0x7f1d8e84e190>,33,2,[5 1],46,51,53,5,50
1,<environment.Job instance at 0x7f1d8e84eeb0>,32,17,[7 1],43,53,70,10,50
1,<environment.Job instance at 0x7f1dd92378c0>,37,3,[3 9],52,72,75,20,64
1,<environment.Job instance at 0x7f1dd9237960>,36,18,[5 2],51,75,93,24,70
1,<environment.Job instance at 0x7f1d8e84eaa0>,31,20,[1 7],40,75,95,35,72
1,<environment.Job instance at 0x7f1dd96aff00>,42,13,[ 2 10],60,95,108,35,89
1,<environment.Job instance at 0x7f1dd21b4730>,48,14,[4 5],72,108,122,36,101
1,<environment.Job instance at 0x7f1dd96aff50>,1,12,[9 5],4,4,16,0,4
1,<environment.Job instance at 0x7f1d8e120e60>,3,22,[6 3],6,16,38,10,9
1,<environment.Job instance at 0x7f1d8e1744b0>,12,13,[4 6],17,17,30,0,17
1,<environment.Job instance at 0x7f1d8e12b320>,22,12,[9 1],32,38,50,6,34
1,<environment.Job instance at 0x7f1d8e12b140>,24,16,[6 1],37,50,66,13,44
1,<environment.Job instance at 0x7f1d8e12b410>,29,12,[1 6],45,50,62,5,50
1,<environment.Job instance at 0x7f1d8e127d20>,32,24,[1 8],53,62,86,9,57
1,<environment.Job instance at 0x7f1d8e1275a0>,41,26,[6 2],67,72,98,5,72
1,<environment.Job instance at 0x7f1d8e17ed70>,45,17,[1 8],76,86,103,10,77
1,<environment.Job instance at 0x7f1d8e20a960>,54,12,[3 7],87,103,115,16,99
1,<environment.Job instance at 0x7f1d8e20a5f0>,59,15,[3 6],93,115,130,22,104
1,<environment.Job instance at 0x7f1d8ea1de10>,2,18,[3 6],3,4,22,1,4
1,<environment.Job instance at 0x7f1dd23d14b0>,8,3,[5 6],12,22,25,10,12
1,<environment.Job instance at 0x7f1dd891d190>,4,20,[10  2],6,25,45,19,16
1,<environment.Job instance at 0x7f1dd1f92eb0>,10,2,[4 8],14,45,47,31,36
1,<environment.Job instance at 0x7f1dd249e370>,33,13,[3 7],44,58,71,14,58
1,<environment.Job instance at 0x7f1d8e40c910>,37,13,[4 5],48,71,84,23,58
1,<environment.Job instance at 0x7f1dd8a65fa0>,42,14,[9 5],53,84,98,31,76
1,<environment.Job instance at 0x7f1d8e40fcd0>,46,15,[1 8],57,98,113,41,88
1,<environment.Job instance at 0x7f1dd20e1500>,0,18,[10  2],1,2,20,1,2
1,<environment.Job instance at 0x7f1dd8ced690>,8,2,[8 3],13,20,22,7,13
1,<environment.Job instance at 0x7f1dd20e1af0>,4,16,[5 4],9,22,38,13,22
1,<environment.Job instance at 0x7f1dd945ae10>,13,16,[6 1],22,38,54,16,25
1,<environment.Job instance at 0x7f1dd8f539b0>,19,15,[8 5],29,54,69,25,40
1,<environment.Job instance at 0x7f1dd8d8d640>,29,15,[9 3],41,69,84,28,55
1,<environment.Job instance at 0x7f1dd8d8dd20>,34,18,[5 2],48,84,102,36,75
1,<environment.Job instance at 0x7f1d8e0ad0f0>,40,12,[7 2],57,102,114,45,92
1,<environment.Job instance at 0x7f1dd942c230>,45,16,[7 4],65,114,130,49,106
1,<environment.Job instance at 0x7f1d8e293af0>,3,17,[5 5],5,7,24,2,7
1,<environment.Job instance at 0x7f1dd8d65d70>,12,16,[3 8],18,28,44,10,28
1,<environment.Job instance at 0x7f1dd8d657d0>,19,15,[5 4],30,44,59,14,30
1,<environment.Job instance at 0x7f1d8e7425f0>,26,12,[ 3 10],41,59,71,18,43
1,<environment.Job instance at 0x7f1d8e7424b0>,30,1,[5 1],45,57,58,12,57
1,<environment.Job instance at 0x7f1d8e742f50>,34,18,[2 6],51,71,89,20,63
1,<environment.Job instance at 0x7f1d8e742320>,35,19,[ 3 10],52,89,108,37,86
1,<environment.Job instance at 0x7f1dd96b07d0>,45,1,[5 3],67,108,109,41,91
1,<environment.Job instance at 0x7f1dd8aed4b0>,52,13,[5 7],79,108,121,29,106
1,<environment.Job instance at 0x7f1dd1fc2550>,25,12,[8 3],34,53,65,19,53
1,<environment.Job instance at 0x7f1dd1fc2d70>,26,26,[3 7],36,65,91,29,64
1,<environment.Job instance at 0x7f1d8e6b7be0>,36,17,[4 5],52,91,108,39,80
1,<environment.Job instance at 0x7f1dd1fc2aa0>,27,13,[ 4 10],37,108,121,71,97
1,<environment.Job instance at 0x7f1d8e6bc820>,45,16,[6 4],66,121,137,55,109
1,<environment.Job instance at 0x7f74d6cc2140>,0,13,[9 3],1,1,14,0,1
1,<environment.Job instance at 0x7f74cf8b33c0>,6,18,[6 2],12,14,32,2,14
1,<environment.Job instance at 0x7f74d6cc1f00>,2,22,[4 8],3,22,44,19,22
1,<environment.Job instance at 0x7f74cf8b3a00>,12,2,[ 4 10],19,44,46,25,30
1,<environment.Job instance at 0x7f74cf8b41e0>,19,1,[6 5],31,46,47,15,31
1,<environment.Job instance at 0x7f74cf8b3b40>,14,15,[7 4],22,47,62,25,33
1,<environment.Job instance at 0x7f74cf8b4960>,27,17,[1 6],44,49,66,5,49
1,<environment.Job instance at 0x7f74cf8b4d20>,30,13,[4 7],51,66,79,15,53
1,<environment.Job instance at 0x7f74cf8b7870>,36,1,[8 1],59,62,63,3,61
1,<environment.Job instance at 0x7f74cf8b7960>,37,13,[9 5],61,79,92,18,63
1,<environment.Job instance at 0x7f74cf8bc320>,45,17,[7 5],76,92,109,16,91
1,<environment.Job instance at 0x7f74cf8bc6e0>,50,16,[4 7],84,109,125,25,96
1,<environment.Job instance at 0x7f74d6e2b0f0>,6,18,[4 6],14,14,32,0,14
1,<environment.Job instance at 0x7f74d6e31c80>,15,14,[1 6],28,32,46,4,28
1,<environment.Job instance at 0x7f74d6e318c0>,19,13,[7 3],33,39,52,6,39
1,<environment.Job instance at 0x7f74d6e310a0>,20,17,[3 9],34,52,69,18,40
1,<environment.Job instance at 0x7f74d6e38c80>,27,24,[3 5],45,69,93,24,65
1,<environment.Job instance at 0x7f74d6e2f6e0>,30,2,[3 8],48,93,95,45,67
1,<environment.Job instance at 0x7f74d6e36370>,39,15,[5 4],62,97,112,35,97
1,<environment.Job instance at 0x7f74d6e33eb0>,42,17,[5 7],69,112,129,43,103
1,<environment.Job instance at 0x7f74d6e3d5f0>,47,12,[7 5],75,129,141,54,117
1,<environment.Job instance at 0x7f748bba0280>,3,2,[4 8],8,8,10,0,8
1,<environment.Job instance at 0x7f74d6e3d050>,1,17,[8 2],3,13,30,10,13
1,<environment.Job instance at 0x7f748bbf3b40>,11,1,[5 5],19,30,31,11,19
1,<environment.Job instance at 0x7f748bbf6d70>,14,13,[2 8],23,31,44,8,23
1,<environment.Job instance at 0x7f748bc4f730>,23,13,[9 3],37,44,57,7,39
1,<environment.Job instance at 0x7f748bc4ff50>,29,17,[ 2 10],44,57,74,13,52
1,<environment.Job instance at 0x7f748bc5ef00>,39,2,[5 3],57,76,78,19,76
1,<environment.Job instance at 0x7f748bc5e280>,38,14,[5 7],55,78,92,23,78
1,<environment.Job instance at 0x7f748bc5ee10>,45,25,[2 8],66,92,117,26,92
1,<environment.Job instance at 0x7f748bcacb40>,59,24,[ 1 10],82,117,141,35,112
1,<environment.Job instance at 0x7f748bd69eb0>,0,25,[10  1],2,2,27,0,2
1,<environment.Job instance at 0x7f748bbb54b0>,17,13,[ 3 10],32,32,45,0,32
1,<environment.Job instance at 0x7f748bbb5a00>,19,25,[ 2 10],34,50,75,16,50
1,<environment.Job instance at 0x7f748bc82eb0>,32,15,[ 5 10],54,75,90,21,71
1,<environment.Job instance at 0x7f748bfaa960>,7,17,[4 8],11,12,29,1,12
1,<environment.Job instance at 0x7f748bfaafa0>,15,15,[10  5],20,29,44,9,20
1,<environment.Job instance at 0x7f748bfa9730>,21,3,[7 2],26,44,47,18,26
1,<environment.Job instance at 0x7f748bfa9a00>,23,3,[2 6],29,44,47,15,29
1,<environment.Job instance at 0x7f748bfaaa50>,10,18,[1 5],14,47,65,33,36
1,<environment.Job instance at 0x7f748bfa92d0>,19,25,[5 5],24,47,72,23,44
1,<environment.Job instance at 0x7f748bfaddc0>,40,2,[10  2],50,72,74,22,55
1,<environment.Job instance at 0x7f748bfadbe0>,37,15,[2 9],47,74,89,27,62
1,<environment.Job instance at 0x7f748bfb9910>,49,12,[5 7],63,91,103,28,91
1,<environment.Job instance at 0x7f748bfb96e0>,50,13,[10  3],64,103,116,39,92
1,<environment.Job instance at 0x7f748bfb9be0>,55,12,[6 3],72,116,128,44,99
1,<environment.Job instance at 0x7f748bfb98c0>,51,16,[5 9],67,128,144,61,115
1,<environment.Job instance at 0x7f748bd6fb90>,5,18,[4 6],7,8,26,1,8
1,<environment.Job instance at 0x7f74cf6ecc80>,12,14,[6 1],18,18,32,0,18
1,<environment.Job instance at 0x7f748bcc7410>,9,17,[7 1],15,32,49,17,21
1,<environment.Job instance at 0x7f74cf619c80>,25,12,[9 2],37,49,61,12,38
1,<environment.Job instance at 0x7f74cfd60910>,30,1,[9 5],43,61,62,18,54
1,<environment.Job instance at 0x7f74cfa5e050>,34,14,[10  3],48,62,76,14,56
1,<environment.Job instance at 0x7f74cfd607d0>,29,23,[ 5 10],41,76,99,35,76
1,<environment.Job instance at 0x7f74cfab2a50>,44,13,[9 5],60,99,112,39,90
1,<environment.Job instance at 0x7f74cfab27d0>,53,14,[5 9],72,112,126,40,99
1,<environment.Job instance at 0x7f74cfc764b0>,57,17,[ 5 10],79,126,143,47,114
1,<environment.Job instance at 0x7f74d67543c0>,3,27,[ 5 10],4,13,40,9,13
1,<environment.Job instance at 0x7f74cfc75780>,23,2,[2 5],35,40,42,5,35
1,<environment.Job instance at 0x7f74d6bc4460>,25,18,[5 5],37,40,58,3,37
1,<environment.Job instance at 0x7f74cf972c30>,55,21,[8 5],78,118,139,40,118
1,<environment.Job instance at 0x7f74cf7fd500>,3,15,[4 5],5,5,20,0,5
1,<environment.Job instance at 0x7f748be76190>,6,16,[5 5],9,12,28,3,12
1,<environment.Job instance at 0x7f748be76410>,8,15,[9 3],13,32,47,19,32
1,<environment.Job instance at 0x7f748be46050>,21,2,[1 6],35,35,37,0,35
1,<environment.Job instance at 0x7f748be76e60>,19,15,[4 7],31,47,62,16,40
1,<environment.Job instance at 0x7f748be469b0>,27,24,[2 6],43,62,86,19,59
1,<environment.Job instance at 0x7f748be585f0>,38,22,[7 2],64,88,110,24,88
1,<environment.Job instance at 0x7f748be58820>,41,13,[7 2],70,110,123,40,97
1,<environment.Job instance at 0x7f748be58be0>,47,21,[3 5],79,109,130,30,109
1,<environment.Job instance at 0x7f748be52460>,1,12,[3 6],2,2,14,0,2
1,<environment.Job instance at 0x7f748be525f0>,2,12,[9 1],3,14,26,11,4
1,<environment.Job instance at 0x7f748c0ae5a0>,12,3,[1 5],15,16,19,1,16
1,<environment.Job instance at 0x7f748c1ac5f0>,14,14,[4 7],17,26,40,9,19
1,<environment.Job instance at 0x7f74cf8d6640>,20,18,[ 1 10],24,40,58,16,30
1,<environment.Job instance at 0x7f748c077460>,24,16,[5 5],30,58,74,28,45
1,<environment.Job instance at 0x7f748c0aaf00>,31,17,[5 8],39,74,91,35,62
1,<environment.Job instance at 0x7f74cf78fa50>,38,3,[6 3],51,91,94,40,73
1,<environment.Job instance at 0x7f74cf78ffa0>,36,21,[10  5],49,94,115,45,86
1,<environment.Job instance at 0x7f74d6ce5e60>,47,15,[1 8],68,115,130,47,108
1,<environment.Job instance at 0x7f74d6ce5c80>,46,16,[3 8],66,130,146,64,119
1,<environment.Job instance at 0x7f74d61ada00>,4,21,[4 7],5,14,35,9,14
1,<environment.Job instance at 0x7f74cf9abc80>,7,17,[ 3 10],10,35,52,25,26
1,<environment.Job instance at 0x7f74cf83d410>,26,13,[ 3 10],35,52,65,17,44
1,<environment.Job instance at 0x7f748bba0500>,28,13,[1 7],37,65,78,28,49
1,<environment.Job instance at 0x7f748ba63690>,35,15,[9 5],46,78,93,32,64
1,<environment.Job instance at 0x7f74d630a4b0>,41,15,[2 7],54,93,108,39,84
1,<environment.Job instance at 0x7f748bdfd690>,46,17,[8 2],59,96,113,37,96
1,<environment.Job instance at 0x7f74cf991b90>,49,13,[9 4],62,113,126,51,100
1,<environment.Job instance at 0x7f74cf704e10>,1,14,[7 2],2,2,16,0,2
1,<environment.Job instance at 0x7f74d652bc30>,8,16,[6 5],10,16,32,6,11
1,<environment.Job instance at 0x7f74cf6c6910>,19,15,[1 7],28,33,48,5,33
1,<environment.Job instance at 0x7f74cf6c6f00>,24,2,[5 3],42,42,44,0,42
1,<environment.Job instance at 0x7f74cf6c6730>,17,25,[ 1 10],26,48,73,22,45
1,<environment.Job instance at 0x7f74cf6d5d70>,36,17,[8 3],54,73,90,19,64
1,<environment.Job instance at 0x7f74cf6a0d70>,52,17,[2 7],75,92,109,17,92
1,<environment.Job instance at 0x7f74cf6a0f50>,54,14,[5 5],77,109,123,32,95
1,<environment.Job instance at 0x7f74cf6c8640>,60,18,[1 5],83,115,133,32,115
1,<environment.Job instance at 0x7f74cf6c85a0>,62,12,[6 3],85,123,135,38,117
1,<environment.Job instance at 0x7f74cf6b9190>,0,17,[9 3],2,2,19,0,2
1,<environment.Job instance at 0x7f74d61fdc30>,9,18,[5 5],13,19,37,6,16
1,<environment.Job instance at 0x7f74cf82f460>,22,27,[1 6],34,48,75,14,48
1,<environment.Job instance at 0x7f748bb91b90>,36,22,[3 9],54,83,105,29,83
1,<environment.Job instance at 0x7f748bb7c500>,48,15,[ 4 10],68,107,122,39,107
1,<environment.Job instance at 0x7f748bb7cd20>,52,13,[2 8],73,122,135,49,111
1,<environment.Job instance at 0x7f748bf28320>,2,12,[8 3],3,3,15,0,3
1,<environment.Job instance at 0x7f748bce3550>,14,14,[6 1],19,20,34,1,20
1,<environment.Job instance at 0x7f748bce3eb0>,16,14,[4 8],21,21,35,0,21
1,<environment.Job instance at 0x7f748bce3410>,17,17,[3 7],22,35,52,13,24
1,<environment.Job instance at 0x7f748bce37d0>,19,14,[6 2],26,34,48,8,26
1,<environment.Job instance at 0x7f74d60ea640>,22,16,[9 4],31,52,68,21,40
1,<environment.Job instance at 0x7f748c1eb320>,38,14,[8 3],54,68,82,14,54
1,<environment.Job instance at 0x7f74d6413e10>,52,14,[1 5],73,76,90,3,76
1,<environment.Job instance at 0x7f748beab9b0>,54,13,[ 3 10],77,90,103,13,77
1,<environment.Job instance at 0x7f74bb0a8320>,56,16,[4 8],79,103,119,24,92
1,<environment.Job instance at 0x7f74d66911e0>,64,15,[6 1],92,103,118,11,95
1,<environment.Job instance at 0x7f74d61c1f00>,68,18,[7 2],99,119,137,20,111
1,<environment.Job instance at 0x7f74d61c1af0>,70,3,[5 6],101,137,140,36,111
1,<environment.Job instance at 0x7f748b94f870>,2,15,[1 6],3,3,18,0,3
1,<environment.Job instance at 0x7f74cf8c9230>,4,15,[1 9],5,18,33,13,5
1,<environment.Job instance at 0x7f74cf8c3dc0>,13,17,[4 6],17,33,50,16,21
1,<environment.Job instance at 0x7f74cf8b8e10>,21,18,[5 2],31,34,52,3,34
1,<environment.Job instance at 0x7f74d66d1780>,27,13,[ 2 10],40,52,65,12,43
1,<environment.Job instance at 0x7f748c0e0050>,31,17,[10  5],49,65,82,16,55
1,<environment.Job instance at 0x7f74d62d5460>,36,2,[3 9],57,82,84,25,59
1,<environment.Job instance at 0x7f748bfabcd0>,40,12,[2 8],64,84,96,20,75
1,<environment.Job instance at 0x7f748c03cb40>,45,13,[2 5],70,96,109,26,85
1,<environment.Job instance at 0x7f748bfabf50>,39,17,[8 4],63,96,113,33,94
1,<environment.Job instance at 0x7f748c05eeb0>,49,12,[1 5],80,109,121,29,108
1,<environment.Job instance at 0x7f74d60e4aa0>,0,18,[1 7],1,1,19,0,1
1,<environment.Job instance at 0x7f748c05ef50>,1,12,[9 1],2,2,14,0,2
1,<environment.Job instance at 0x7f74cf88d370>,3,16,[6 1],7,14,30,7,7
1,<environment.Job instance at 0x7f74d6205690>,7,17,[9 5],14,30,47,16,22
1,<environment.Job instance at 0x7f74cfb14690>,20,26,[6 2],37,47,73,10,44
1,<environment.Job instance at 0x7f748c150370>,17,16,[4 8],34,50,66,16,50
1,<environment.Job instance at 0x7f74d653c6e0>,26,3,[7 3],49,73,76,24,55
1,<environment.Job instance at 0x7f74cfd616e0>,38,15,[3 6],63,73,88,10,73
1,<environment.Job instance at 0x7f74cfb7c460>,41,1,[10  1],72,88,89,16,73
1,<environment.Job instance at 0x7f74cfd61e60>,30,12,[2 5],53,89,101,36,73
1,<environment.Job instance at 0x7f74cfb7caf0>,42,14,[7 3],73,89,103,16,80
1,<environment.Job instance at 0x7f74d6247500>,47,18,[10  4],80,103,121,23,93
1,<environment.Job instance at 0x7f74d6801c80>,54,13,[6 3],90,121,134,31,113
1,<environment.Job instance at 0x7f74cf722730>,58,2,[4 8],94,134,136,40,117
1,<environment.Job instance at 0x7f748baa40f0>,26,12,[2 6],34,45,57,11,45
1,<environment.Job instance at 0x7f748baa4050>,29,16,[5 9],37,57,73,20,57
1,<environment.Job instance at 0x7f748baa49b0>,35,12,[7 5],45,73,85,28,70
1,<environment.Job instance at 0x7f748ba7b730>,44,13,[1 8],65,85,98,20,81
1,<environment.Job instance at 0x7f748ba7baa0>,48,17,[8 4],70,100,117,30,100
1,<environment.Job instance at 0x7f748bb47c80>,0,14,[1 9],1,1,15,0,1
1,<environment.Job instance at 0x7f74cfa24370>,2,12,[3 7],5,15,27,10,5
1,<environment.Job instance at 0x7f74cfd379b0>,3,16,[7 2],6,15,31,9,7
1,<environment.Job instance at 0x7f748bbb6fa0>,8,1,[5 5],13,31,32,18,14
1,<environment.Job instance at 0x7f748bbb6910>,9,16,[7 4],15,32,48,17,19
1,<environment.Job instance at 0x7f748bbb5aa0>,25,13,[6 1],35,48,61,13,35
1,<environment.Job instance at 0x7f74cf72ca00>,34,1,[1 9],49,49,50,0,49
1,<environment.Job instance at 0x7f748bbb11e0>,23,18,[5 3],33,61,79,28,50
1,<environment.Job instance at 0x7f74cf745050>,46,17,[5 5],65,77,94,12,77
1,<environment.Job instance at 0x7f748bf7ceb0>,50,13,[6 4],70,94,107,24,79
1,<environment.Job instance at 0x7f748bf7c4b0>,56,18,[1 6],79,99,117,20,99
1,<environment.Job instance at 0x7f748bf82280>,58,16,[7 2],84,107,123,23,106
1,<environment.Job instance at 0x7f748bf82140>,61,1,[7 1],89,123,124,34,106
1,<environment.Job instance at 0x7f748bf97dc0>,64,15,[ 3 10],96,124,139,28,113
1,<environment.Job instance at 0x7f74d60c2e10>,8,12,[1 6],9,11,23,2,11
1,<environment.Job instance at 0x7f74d63479b0>,16,15,[8 4],23,32,47,9,32
1,<environment.Job instance at 0x7f74cf795af0>,25,18,[5 6],34,47,65,13,36
1,<environment.Job instance at 0x7f74d640b5a0>,30,15,[8 4],41,65,80,24,61
1,<environment.Job instance at 0x7f74d640b6e0>,38,14,[5 5],51,80,94,29,72
1,<environment.Job instance at 0x7f74cf9adaa0>,47,15,[ 2 10],64,94,109,30,89
1,<environment.Job instance at 0x7f74cf9ad410>,49,13,[7 5],66,109,122,43,109
1,<environment.Job instance at 0x7f748bc1a4b0>,51,14,[1 8],68,122,136,54,112
1,<environment.Job instance at 0x7f748bb4b690>,0,15,[10  3],1,1,16,0,1
1,<environment.Job instance at 0x7f748beec6e0>,7,16,[3 5],10,16,32,6,10
1,<environment.Job instance at 0x7f748bc33320>,14,16,[3 5],19,20,36,1,20
1,<environment.Job instance at 0x7f74d62fd820>,16,12,[ 3 10],21,36,48,15,22
1,<environment.Job instance at 0x7f74d660a3c0>,23,14,[1 9],30,48,62,18,33
1,<environment.Job instance at 0x7f74d660ab40>,26,12,[1 9],40,62,74,22,45
1,<environment.Job instance at 0x7f74d68444b0>,43,3,[3 8],63,89,92,26,89
1,<environment.Job instance at 0x7f74d664da50>,55,20,[5 9],78,111,131,33,111
1,<environment.Job instance at 0x7f748b81a780>,2,18,[2 8],5,5,23,0,5
1,<environment.Job instance at 0x7f74cf66ef50>,12,1,[ 4 10],18,23,24,5,18
1,<environment.Job instance at 0x7f748bd66b90>,7,1,[5 4],12,24,25,12,18
1,<environment.Job instance at 0x7f748b820eb0>,13,15,[5 7],20,27,42,7,27
1,<environment.Job instance at 0x7f748ba56a00>,24,18,[9 5],39,61,79,22,61
1,<environment.Job instance at 0x7f748ba56e10>,25,12,[5 5],40,79,91,39,66
1,<environment.Job instance at 0x7f748bfca460>,31,13,[6 5],49,91,104,42,83
1,<environment.Job instance at 0x7f748b97beb0>,37,16,[8 5],57,104,120,47,94
1,<environment.Job instance at 0x7f8a7464f140>,0,13,[9 3],1,1,14,0,1
1,<environment.Job instance at 0x7f8a6d23f3c0>,6,18,[6 2],12,14,32,2,13
1,<environment.Job instance at 0x7f8a6d23f640>,12,2,[ 4 10],19,32,34,13,19
1,<environment.Job instance at 0x7f8a6d23fa50>,13,13,[7 3],20,34,47,14,20
1,<environment.Job instance at 0x7f8a6d2433c0>,20,1,[2 7],32,34,35,2,33
1,<environment.Job instance at 0x7f8a6d2436e0>,22,18,[2 6],34,35,53,1,35
1,<environment.Job instance at 0x7f8a6d243eb0>,28,2,[5 5],47,53,55,6,47
1,<environment.Job instance at 0x7f8a6d23fe60>,16,28,[4 7],28,55,83,27,54
1,<environment.Job instance at 0x7f8a6d2442d0>,34,13,[2 8],57,83,96,26,68
1,<environment.Job instance at 0x7f8a6d247280>,44,22,[4 6],74,96,118,22,90
1,<environment.Job instance at 0x7f8a6d241190>,59,19,[3 8],95,118,137,23,115
1,<environment.Job instance at 0x7f8a6d244eb0>,1,14,[1 5],2,3,17,1,3
1,<environment.Job instance at 0x7f8a747b8be0>,2,18,[4 6],4,17,35,13,6
1,<environment.Job instance at 0x7f8a747c3a00>,19,18,[4 6],29,48,66,19,48
1,<environment.Job instance at 0x7f8a747c3af0>,22,14,[8 2],34,66,80,32,55
1,<environment.Job instance at 0x7f8a747c3d70>,28,2,[8 3],41,80,82,39,76
1,<environment.Job instance at 0x7f8a747c0c30>,32,3,[ 5 10],46,95,98,49,95
1,<environment.Job instance at 0x7f8a747ca6e0>,38,17,[5 7],59,98,115,39,95
1,<environment.Job instance at 0x7f8a747ca0f0>,39,20,[ 2 10],60,115,135,55,109
1,<environment.Job instance at 0x7f8a747b6f50>,47,15,[7 3],71,135,150,64,122
1,<environment.Job instance at 0x7f8a2952e460>,0,14,[ 2 10],1,1,15,0,1
1,<environment.Job instance at 0x7f8a2952e280>,2,13,[2 8],3,15,28,12,3
1,<environment.Job instance at 0x7f8a2952eaf0>,6,1,[9 1],9,28,29,19,9
1,<environment.Job instance at 0x7f8a29580e10>,11,13,[9 3],17,29,42,12,17
1,<environment.Job instance at 0x7f8a295650f0>,28,18,[6 2],38,42,60,4,38
1,<environment.Job instance at 0x7f8a29516730>,29,20,[2 5],41,42,62,1,41
1,<environment.Job instance at 0x7f8a2963a190>,39,20,[1 7],53,64,84,11,64
1,<environment.Job instance at 0x7f8a2963aa50>,47,24,[ 1 10],62,86,110,24,86
1,<environment.Job instance at 0x7f8a2963a640>,53,16,[7 4],69,110,126,41,97
1,<environment.Job instance at 0x7f8a296375a0>,60,12,[9 1],77,126,138,49,117
1,<environment.Job instance at 0x7f8a2948ba00>,0,13,[ 3 10],2,2,15,0,2
1,<environment.Job instance at 0x7f8a296379b0>,1,14,[10  1],3,15,29,12,3
1,<environment.Job instance at 0x7f8a2948b8c0>,2,25,[ 2 10],4,29,54,25,25
1,<environment.Job instance at 0x7f8a299ccd70>,23,2,[1 8],38,54,56,16,38
1,<environment.Job instance at 0x7f8a2965c500>,26,1,[7 2],41,54,55,13,43
1,<environment.Job instance at 0x7f8a29663820>,37,24,[10  5],58,86,110,28,86
1,<environment.Job instance at 0x7f8a2965ca50>,34,17,[2 8],55,110,127,55,104
1,<environment.Job instance at 0x7f8a29663690>,45,2,[5 8],70,127,129,57,107
1,<environment.Job instance at 0x7f8a29663320>,44,1,[8 5],69,129,130,60,110
1,<environment.Job instance at 0x7f8a6d247d20>,47,1,[7 3],72,130,131,58,111
1,<environment.Job instance at 0x7f8a29932460>,4,12,[8 3],6,6,18,0,6
1,<environment.Job instance at 0x7f8a2992f320>,7,17,[8 1],9,18,35,9,9
1,<environment.Job instance at 0x7f8a2992f500>,9,17,[2 6],11,12,29,1,12
1,<environment.Job instance at 0x7f8a2992f9b0>,15,2,[2 7],19,29,31,10,19
1,<environment.Job instance at 0x7f8a2992ff50>,21,17,[1 6],29,35,52,6,35
1,<environment.Job instance at 0x7f8a29938320>,25,3,[4 7],35,52,55,17,39
1,<environment.Job instance at 0x7f8a2992feb0>,19,16,[5 9],27,55,71,28,47
1,<environment.Job instance at 0x7f8a29937140>,36,16,[10  2],48,71,87,23,58
1,<environment.Job instance at 0x7f8a29937dc0>,43,22,[5 9],60,87,109,27,80
1,<environment.Job instance at 0x7f8a299444b0>,52,2,[7 1],74,109,111,35,100
1,<environment.Job instance at 0x7f8a299441e0>,53,1,[2 9],77,109,110,32,100
1,<environment.Job instance at 0x7f8a29944550>,54,16,[1 5],80,110,126,30,102
1,<environment.Job instance at 0x7f8a29944c80>,59,13,[5 6],86,126,139,40,111
1,<environment.Job instance at 0x7f8a6d1bd6e0>,14,2,[9 2],18,19,21,1,19
1,<environment.Job instance at 0x7f8a298fac80>,13,3,[8 5],17,21,24,4,19
1,<environment.Job instance at 0x7f8a6f8cdc80>,19,13,[10  5],27,45,58,18,45
1,<environment.Job instance at 0x7f8a296592d0>,25,2,[2 8],36,58,60,22,45
1,<environment.Job instance at 0x7f8a29659140>,27,13,[5 9],38,60,73,22,50
1,<environment.Job instance at 0x7f8a298fa780>,6,14,[10  5],8,73,87,65,61
1,<environment.Job instance at 0x7f8a6d371820>,37,1,[7 2],50,87,88,37,72
1,<environment.Job instance at 0x7f8a6ff61d20>,39,17,[10  3],55,88,105,33,76
1,<environment.Job instance at 0x7f8a6fec8d20>,44,17,[10  4],61,105,122,44,94
1,<environment.Job instance at 0x7f8a6f7bd230>,57,1,[6 3],75,122,123,47,112
1,<environment.Job instance at 0x7f8a6fec8140>,52,18,[7 5],70,123,141,53,115
1,<environment.Job instance at 0x7f8a297ea140>,5,18,[ 4 10],8,9,27,1,9
1,<environment.Job instance at 0x7f8a29a88c30>,12,2,[6 2],17,27,29,10,21
1,<environment.Job instance at 0x7f8a6d702e10>,19,1,[10  4],25,29,30,4,25
1,<environment.Job instance at 0x7f8a6f9f78c0>,21,3,[6 2],27,30,33,3,30
1,<environment.Job instance at 0x7f8a6d3c1230>,18,16,[4 5],24,30,46,6,30
1,<environment.Job instance at 0x7f8a29ad4dc0>,31,20,[5 4],41,58,78,17,58
1,<environment.Job instance at 0x7f8a6d02e5a0>,35,12,[2 6],46,59,71,13,59
1,<environment.Job instance at 0x7f8a6f9f7050>,22,15,[9 1],28,78,93,50,68
1,<environment.Job instance at 0x7f8a6d02e500>,36,18,[3 6],48,93,111,45,90
1,<environment.Job instance at 0x7f8a6d2d9c80>,50,16,[5 5],69,111,127,42,98
1,<environment.Job instance at 0x7f8a6d48ea00>,59,13,[7 4],83,127,140,44,119
1,<environment.Job instance at 0x7f8a6d48edc0>,62,15,[5 9],87,140,155,53,127
1,<environment.Job instance at 0x7f8a6fa239b0>,1,16,[2 7],5,5,21,0,5
1,<environment.Job instance at 0x7f8a29b668c0>,11,15,[4 9],17,21,36,4,17
1,<environment.Job instance at 0x7f8a29b5a1e0>,20,3,[3 5],29,36,39,7,29
1,<environment.Job instance at 0x7f8a29b66a00>,13,14,[8 1],19,39,53,20,30
1,<environment.Job instance at 0x7f8a29b7b1e0>,32,3,[6 4],45,53,56,8,47
1,<environment.Job instance at 0x7f8a29b7b0a0>,33,1,[5 7],47,56,57,9,47
1,<environment.Job instance at 0x7f8a29b7b500>,34,13,[10  5],48,57,70,9,48
1,<environment.Job instance at 0x7f8a29b5ad70>,27,17,[6 3],40,70,87,30,58
1,<environment.Job instance at 0x7f8a29b7baa0>,43,13,[10  5],57,87,100,30,71
1,<environment.Job instance at 0x7f8a29785320>,51,14,[4 7],67,100,114,33,85
1,<environment.Job instance at 0x7f8a29785280>,53,18,[3 9],70,114,132,44,103
1,<environment.Job instance at 0x7f8a29780140>,1,15,[ 2 10],2,2,17,0,2
1,<environment.Job instance at 0x7f8a6d3d0af0>,27,27,[6 3],40,42,69,2,42
1,<environment.Job instance at 0x7f8a6d6c3e10>,40,18,[1 7],56,113,131,57,113
1,<environment.Job instance at 0x7f8a6d51ae10>,1,20,[9 5],2,5,25,3,5
1,<environment.Job instance at 0x7f8a6d0025a0>,8,16,[8 3],17,25,41,8,17
1,<environment.Job instance at 0x7f8a29b363c0>,15,14,[7 2],32,41,55,9,32
1,<environment.Job instance at 0x7f8a6d01d410>,22,16,[6 5],40,55,71,15,42
1,<environment.Job instance at 0x7f8a6f7ce7d0>,30,12,[5 5],54,71,83,17,55
1,<environment.Job instance at 0x7f8a6d01d190>,23,14,[5 4],41,71,85,30,60
1,<environment.Job instance at 0x7f8a6ff2d4b0>,39,13,[7 1],73,85,98,12,81
1,<environment.Job instance at 0x7f8a6d6d7050>,46,13,[6 4],80,98,111,18,82
1,<environment.Job instance at 0x7f8a6d6ba640>,57,14,[5 8],93,111,125,18,99
1,<environment.Job instance at 0x7f8a6fcf3be0>,59,20,[6 4],95,125,145,30,116
1,<environment.Job instance at 0x7f8a6d1137d0>,0,19,[9 1],1,2,21,1,2
1,<environment.Job instance at 0x7f8a29b44b40>,5,12,[4 9],7,21,33,14,7
1,<environment.Job instance at 0x7f8a29b44d70>,7,13,[9 4],9,33,46,24,17
1,<environment.Job instance at 0x7f8a29b3c730>,0,15,[7 2],1,1,16,0,1
1,<environment.Job instance at 0x7f8a299dc5a0>,6,1,[1 9],10,16,17,6,10
1,<environment.Job instance at 0x7f8a6d556d20>,22,2,[1 5],30,31,33,1,31
1,<environment.Job instance at 0x7f8a6d556550>,23,14,[4 8],31,33,47,2,31
1,<environment.Job instance at 0x7f8a6f9906e0>,24,17,[3 7],32,47,64,15,35
1,<environment.Job instance at 0x7f8a6d01cb90>,30,2,[3 5],42,64,66,22,44
1,<environment.Job instance at 0x7f8a6fd32550>,37,2,[7 4],54,64,66,10,58
1,<environment.Job instance at 0x7f8a294f1910>,19,18,[1 9],27,66,84,39,59
1,<environment.Job instance at 0x7f8a29a5bf50>,44,12,[3 5],62,84,96,22,75
1,<environment.Job instance at 0x7f8a293ef7d0>,49,17,[6 5],71,90,107,19,90
1,<environment.Job instance at 0x7f8a293ef6e0>,54,15,[2 6],77,107,122,30,96
1,<environment.Job instance at 0x7f8a6d6ef780>,57,17,[4 5],81,122,139,41,111
1,<environment.Job instance at 0x7f8a7457f1e0>,63,16,[4 8],89,139,155,50,126
1,<environment.Job instance at 0x7f8a296d6320>,2,15,[1 6],3,3,18,0,3
1,<environment.Job instance at 0x7f8a296d6cd0>,4,15,[1 9],5,18,33,13,5
1,<environment.Job instance at 0x7f8a29b47460>,21,18,[5 2],31,33,51,2,31
1,<environment.Job instance at 0x7f8a29b0fc30>,28,13,[5 5],41,58,71,17,58
1,<environment.Job instance at 0x7f8a29b0f190>,30,12,[1 7],48,71,83,23,59
1,<environment.Job instance at 0x7f8a29b0fd70>,35,13,[ 2 10],56,83,96,27,69
1,<environment.Job instance at 0x7f8a6fd68410>,39,17,[8 4],63,96,113,33,84
1,<environment.Job instance at 0x7f8a293d4af0>,52,14,[5 7],84,128,142,44,128
1,<environment.Job instance at 0x7f8a6fdfa370>,4,17,[5 2],9,9,26,0,9
1,<environment.Job instance at 0x7f8a6fdfa820>,5,24,[1 8],13,14,38,1,14
1,<environment.Job instance at 0x7f8a6fdfa960>,8,16,[5 4],19,38,54,19,36
1,<environment.Job instance at 0x7f8a29830af0>,10,16,[1 8],23,54,70,31,44
1,<environment.Job instance at 0x7f8a6d0d6fa0>,26,14,[1 6],45,70,84,25,55
1,<environment.Job instance at 0x7f8a29aa75f0>,28,22,[5 2],48,69,91,21,69
1,<environment.Job instance at 0x7f8a6d5632d0>,35,1,[10  1],62,91,92,29,74
1,<environment.Job instance at 0x7f8a6fb4a3c0>,41,18,[10  4],70,92,110,22,90
1,<environment.Job instance at 0x7f8a6f873820>,47,3,[4 9],78,110,113,32,107
1,<environment.Job instance at 0x7f8a293b7be0>,39,19,[ 5 10],68,113,132,45,107
1,<environment.Job instance at 0x7f8a6f873140>,51,3,[ 1 10],83,132,135,49,108
1,<environment.Job instance at 0x7f8a296b2460>,52,2,[4 8],84,135,137,51,110
1,<environment.Job instance at 0x7f8a6fc863c0>,57,18,[6 4],95,137,155,42,129
1,<environment.Job instance at 0x7f8a6fc86af0>,1,13,[2 9],2,2,15,0,2
1,<environment.Job instance at 0x7f8a6f9c6f00>,10,13,[6 3],16,24,37,8,24
1,<environment.Job instance at 0x7f8a297914b0>,17,12,[7 5],25,37,49,12,26
1,<environment.Job instance at 0x7f8a6d161320>,19,18,[9 5],27,49,67,22,42
1,<environment.Job instance at 0x7f8a6d5fd690>,31,18,[10  2],51,67,85,16,56
1,<environment.Job instance at 0x7f8a297cfe10>,43,12,[1 8],71,92,104,21,92
1,<environment.Job instance at 0x7f8a297cf820>,46,2,[1 5],74,104,106,30,92
1,<environment.Job instance at 0x7f8a6f9e2dc0>,35,16,[5 4],59,104,120,45,92
1,<environment.Job instance at 0x7f8a6f94cc30>,51,2,[ 5 10],80,120,122,40,97
1,<environment.Job instance at 0x7f8a29b4c0a0>,56,22,[2 9],86,122,144,36,121
1,<environment.Job instance at 0x7f8a29acdd70>,2,18,[5 3],3,3,21,0,3
1,<environment.Job instance at 0x7f8a29acdfa0>,4,13,[6 1],5,21,34,16,5
1,<environment.Job instance at 0x7f8a29acdb40>,12,16,[8 4],17,34,50,17,29
1,<environment.Job instance at 0x7f8a298c9b40>,20,26,[5 9],28,50,76,22,48
1,<environment.Job instance at 0x7f8a29297eb0>,37,16,[7 2],54,76,92,22,63
1,<environment.Job instance at 0x7f8a29297d20>,41,15,[5 4],60,92,107,32,80
1,<environment.Job instance at 0x7f8a29297aa0>,45,17,[9 5],68,107,124,39,98
1,<environment.Job instance at 0x7f8a29843d70>,0,15,[8 4],1,2,17,1,2
1,<environment.Job instance at 0x7f8a292b2aa0>,3,18,[6 2],4,17,35,13,6
1,<environment.Job instance at 0x7f8a6fd3e8c0>,14,13,[6 3],19,35,48,16,20
1,<environment.Job instance at 0x7f8a6fd3ed70>,16,1,[1 8],21,21,22,0,21
1,<environment.Job instance at 0x7f8a6fd17820>,4,28,[2 7],7,24,52,17,24
1,<environment.Job instance at 0x7f8a6fd3e780>,19,13,[7 5],26,52,65,26,38
1,<environment.Job instance at 0x7f8a6d039460>,26,1,[2 5],34,52,53,18,38
1,<environment.Job instance at 0x7f8a6d16f050>,31,2,[4 9],42,65,67,23,44
1,<environment.Job instance at 0x7f8a29642190>,36,13,[8 5],48,67,80,19,63
1,<environment.Job instance at 0x7f8a29642fa0>,38,2,[4 7],50,80,82,30,68
1,<environment.Job instance at 0x7f8a296420f0>,39,1,[5 3],52,80,81,28,69
1,<environment.Job instance at 0x7f8a2963b410>,45,17,[6 5],64,87,104,23,87
1,<environment.Job instance at 0x7f8a2963fd20>,34,26,[3 7],46,104,130,58,101
1,<environment.Job instance at 0x7f8a6fc0c8c0>,50,2,[7 1],72,104,106,32,103
1,<environment.Job instance at 0x7f8a2980d0f0>,6,25,[1 6],12,12,37,0,12
1,<environment.Job instance at 0x7f8a29badd70>,16,16,[ 2 10],25,37,53,12,26
1,<environment.Job instance at 0x7f8a6d0d6be0>,34,20,[5 8],50,59,79,9,59
1,<environment.Job instance at 0x7f8a6f7fb730>,45,16,[5 7],64,96,112,32,96
1,<environment.Job instance at 0x7f8a6d3ebeb0>,53,14,[4 6],77,126,140,49,126
1,<environment.Job instance at 0x7f8a6d3eb640>,1,16,[5 5],3,3,19,0,3
1,<environment.Job instance at 0x7f8a6d3ebeb0>,2,18,[5 4],5,5,23,0,5
1,<environment.Job instance at 0x7f8a6d2e71e0>,8,14,[8 5],12,23,37,11,12
1,<environment.Job instance at 0x7f8a29349140>,17,18,[1 7],24,37,55,13,27
1,<environment.Job instance at 0x7f8a29349b90>,19,25,[8 3],26,37,62,11,33
1,<environment.Job instance at 0x7f8a6fca0140>,24,16,[7 1],32,62,78,30,50
1,<environment.Job instance at 0x7f8a6fca0870>,29,17,[5 6],38,78,95,40,66
1,<environment.Job instance at 0x7f8a6fc3a230>,43,13,[3 8],55,95,108,40,87
1,<environment.Job instance at 0x7f8a6fc3a910>,49,1,[9 3],62,108,109,46,96
1,<environment.Job instance at 0x7f8a6fc3a8c0>,56,2,[6 3],71,114,116,43,114
1,<environment.Job instance at 0x7f8a6fc3aa50>,57,14,[7 4],74,118,132,44,118
1,<environment.Job instance at 0x7f8a299c5370>,4,18,[3 7],5,6,24,1,6
1,<environment.Job instance at 0x7f8a6fd16cd0>,11,3,[1 6],18,24,27,6,18
1,<environment.Job instance at 0x7f8a6fc88550>,16,1,[ 2 10],24,29,30,5,29
1,<environment.Job instance at 0x7f8a6f9e9140>,28,18,[10  4],44,61,79,17,61
1,<environment.Job instance at 0x7f8a6fcea780>,41,17,[1 6],60,93,110,33,93
1,<environment.Job instance at 0x7f8a6f9ded20>,43,14,[2 8],66,110,124,44,96
1,<environment.Job instance at 0x7f192085a0a0>,3,22,[5 7],5,11,33,6,11
1,<environment.Job instance at 0x7f191944b690>,7,3,[7 3],13,33,36,20,19
1,<environment.Job instance at 0x7f191944bc80>,14,15,[7 4],22,36,51,14,24
1,<environment.Job instance at 0x7f191944e0f0>,19,1,[6 5],31,51,52,20,32
1,<environment.Job instance at 0x7f191944ea50>,27,17,[1 6],44,52,69,8,46
1,<environment.Job instance at 0x7f191944f1e0>,32,14,[8 4],55,55,69,0,55
1,<environment.Job instance at 0x7f191944f140>,34,13,[2 8],57,69,82,12,58
1,<environment.Job instance at 0x7f191944fe10>,41,13,[6 5],67,82,95,15,67
1,<environment.Job instance at 0x7f1919453280>,44,22,[4 6],74,95,117,21,88
1,<environment.Job instance at 0x7f19194539b0>,53,13,[3 7],89,117,130,28,105
1,<environment.Job instance at 0x7f1919453cd0>,59,19,[3 8],95,130,149,35,120
1,<environment.Job instance at 0x7f1919456960>,68,14,[5 1],106,137,151,31,137
1,<environment.Job instance at 0x7f19209d1640>,0,25,[10  2],1,1,26,0,1
1,<environment.Job instance at 0x7f19209c6640>,3,13,[5 1],6,26,39,20,14
1,<environment.Job instance at 0x7f19209c3f50>,12,2,[5 9],18,26,28,8,20
1,<environment.Job instance at 0x7f19209c3910>,10,17,[3 9],14,28,45,14,21
1,<environment.Job instance at 0x7f19209c95a0>,17,24,[3 5],25,45,69,20,40
1,<environment.Job instance at 0x7f19209d0780>,22,2,[8 3],31,69,71,38,44
1,<environment.Job instance at 0x7f19209d0c80>,27,3,[4 5],38,63,66,25,63
1,<environment.Job instance at 0x7f19209c7fa0>,29,15,[5 4],42,71,86,29,66
1,<environment.Job instance at 0x7f19209ce780>,35,13,[8 5],53,96,109,43,96
1,<environment.Job instance at 0x7f19209cbe60>,41,15,[7 3],61,109,124,48,103
1,<environment.Job instance at 0x7f1920882690>,46,27,[1 6],66,109,136,43,107
1,<environment.Job instance at 0x7f1920881d70>,53,15,[2 7],79,136,151,57,126
1,<environment.Job instance at 0x7f1920881e10>,58,15,[1 7],84,151,166,67,137
1,<environment.Job instance at 0x7f1920881a50>,2,17,[ 2 10],4,7,24,3,7
1,<environment.Job instance at 0x7f18d57d5cd0>,10,3,[5 5],14,24,27,10,14
1,<environment.Job instance at 0x7f18d57d50f0>,12,2,[5 3],17,24,26,7,17
1,<environment.Job instance at 0x7f18d57708c0>,16,1,[8 5],24,27,28,3,24
1,<environment.Job instance at 0x7f18d57d53c0>,6,28,[1 9],8,28,56,20,27
1,<environment.Job instance at 0x7f18d5749be0>,27,15,[1 6],37,56,71,19,46
1,<environment.Job instance at 0x7f18d5749640>,32,24,[ 1 10],42,71,95,29,66
1,<environment.Job instance at 0x7f18d5744870>,44,26,[8 4],56,95,121,39,92
1,<environment.Job instance at 0x7f18d57409b0>,51,14,[2 7],66,121,135,55,109
1,<environment.Job instance at 0x7f18d5739820>,55,12,[7 2],71,121,133,50,115
1,<environment.Job instance at 0x7f18d578e640>,63,25,[10  1],82,138,163,56,138
1,<environment.Job instance at 0x7f18d57df9b0>,2,13,[10  5],5,5,18,0,5
1,<environment.Job instance at 0x7f18d5c2daf0>,9,13,[9 5],16,18,31,2,16
1,<environment.Job instance at 0x7f18d5b0b1e0>,13,14,[5 9],22,31,45,9,22
1,<environment.Job instance at 0x7f18d5b0b370>,18,24,[10  5],28,75,99,47,75
1,<environment.Job instance at 0x7f18d5d164b0>,47,13,[5 7],68,125,138,57,125
1,<environment.Job instance at 0x7f18d5d16500>,49,17,[4 8],71,138,155,67,131
1,<environment.Job instance at 0x7f18d5d166e0>,1,14,[7 4],2,3,17,1,3
1,<environment.Job instance at 0x7f18d5b3eeb0>,13,22,[5 9],20,21,43,1,21
1,<environment.Job instance at 0x7f18d5b331e0>,14,13,[4 6],22,43,56,21,27
1,<environment.Job instance at 0x7f18d5b335a0>,19,1,[4 7],31,56,57,25,32
1,<environment.Job instance at 0x7f18d5b330f0>,15,3,[8 2],23,57,60,34,34
1,<environment.Job instance at 0x7f18d5b33690>,23,1,[2 9],37,60,61,23,38
1,<environment.Job instance at 0x7f18d5b44050>,30,18,[4 6],47,61,79,14,52
1,<environment.Job instance at 0x7f18d5b449b0>,37,14,[6 1],58,72,86,14,72
1,<environment.Job instance at 0x7f18d5b447d0>,38,12,[3 6],60,79,91,19,73
1,<environment.Job instance at 0x7f18d5b44cd0>,41,16,[5 5],63,91,107,28,79
1,<environment.Job instance at 0x7f18d5b42780>,50,12,[9 2],77,107,119,30,95
1,<environment.Job instance at 0x7f18d5b42c80>,54,23,[ 5 10],81,120,143,39,120
1,<environment.Job instance at 0x7f18d56530f0>,59,14,[10  3],88,143,157,55,132
1,<environment.Job instance at 0x7f18d5653780>,1,17,[10  3],5,5,22,0,5
1,<environment.Job instance at 0x7f19198fa280>,7,12,[7 4],12,22,34,10,12
1,<environment.Job instance at 0x7f19195db820>,12,15,[6 3],17,34,49,17,25
1,<environment.Job instance at 0x7f1919689f50>,27,15,[ 1 10],38,49,64,11,47
1,<environment.Job instance at 0x7f191fdc25a0>,32,15,[5 7],48,64,79,16,55
1,<environment.Job instance at 0x7f19204236e0>,47,28,[2 8],66,96,124,30,96
1,<environment.Job instance at 0x7f1920423550>,53,2,[10  1],73,124,126,51,111
1,<environment.Job instance at 0x7f1920423d70>,52,18,[8 3],72,126,144,54,118
1,<environment.Job instance at 0x7f1919229c80>,64,24,[1 5],91,131,155,40,131
1,<environment.Job instance at 0x7f18d5cf9be0>,2,17,[5 9],4,4,21,0,4
1,<environment.Job instance at 0x7f18d5ceb960>,6,16,[5 5],9,21,37,12,9
1,<environment.Job instance at 0x7f18d59f68c0>,15,13,[7 4],23,37,50,14,23
1,<environment.Job instance at 0x7f18d59f6aa0>,14,2,[10  5],22,50,52,28,23
1,<environment.Job instance at 0x7f18d5cebf50>,8,15,[9 3],13,52,67,39,38
1,<environment.Job instance at 0x7f19193f1550>,32,3,[9 4],53,67,70,14,57
1,<environment.Job instance at 0x7f19193f1960>,33,3,[2 7],56,70,73,14,57
1,<environment.Job instance at 0x7f19193f1a00>,34,1,[9 3],57,73,74,16,57
1,<environment.Job instance at 0x7f19203a6b40>,39,26,[6 3],65,81,107,16,81
1,<environment.Job instance at 0x7f19196878c0>,47,21,[3 5],79,97,118,18,97
1,<environment.Job instance at 0x7f191fe5a910>,55,14,[8 1],89,123,137,34,123
1,<environment.Job instance at 0x7f19201f7960>,57,3,[1 8],93,123,126,30,123
1,<environment.Job instance at 0x7f191fe8ed70>,64,1,[5 6],102,137,138,35,129
1,<environment.Job instance at 0x7f191fe8e0f0>,1,16,[ 2 10],2,2,18,0,2
1,<environment.Job instance at 0x7f191987e190>,3,18,[ 1 10],4,18,36,14,8
1,<environment.Job instance at 0x7f18d5d927d0>,19,21,[10  5],29,36,57,7,32
1,<environment.Job instance at 0x7f18d5d92c80>,25,14,[3 8],39,57,71,18,43
1,<environment.Job instance at 0x7f18d5da01e0>,29,16,[3 8],46,71,87,25,61
1,<environment.Job instance at 0x7f18d5da0410>,36,16,[5 1],57,81,97,24,81
1,<environment.Job instance at 0x7f18d5da0af0>,37,16,[8 2],59,97,113,38,84
1,<environment.Job instance at 0x7f18d5da3050>,46,13,[2 8],73,110,123,37,110
1,<environment.Job instance at 0x7f18d5da3230>,47,18,[5 1],74,113,131,39,111
1,<environment.Job instance at 0x7f18d5da3aa0>,56,3,[3 8],86,131,134,45,131
1,<environment.Job instance at 0x7f18d5da3d70>,57,12,[10  5],88,134,146,46,131
1,<environment.Job instance at 0x7f18d5da3dc0>,58,17,[3 6],89,146,163,57,135
1,<environment.Job instance at 0x7f191943b460>,5,14,[9 1],7,7,21,0,7
1,<environment.Job instance at 0x7f191fef1be0>,15,17,[8 2],19,21,38,2,19
1,<environment.Job instance at 0x7f19194b5280>,18,13,[9 4],22,38,51,16,22
1,<environment.Job instance at 0x7f191fef94b0>,32,15,[9 1],37,53,68,16,53
1,<environment.Job instance at 0x7f19203a60f0>,34,13,[6 5],39,75,88,36,75
1,<environment.Job instance at 0x7f19203a6460>,38,2,[7 2],44,88,90,44,77
1,<environment.Job instance at 0x7f19193853c0>,43,13,[7 4],55,90,103,35,87
1,<environment.Job instance at 0x7f19193f93c0>,53,16,[7 4],78,106,122,28,106
1,<environment.Job instance at 0x7f19193f9d70>,55,14,[7 2],82,122,136,40,109
1,<environment.Job instance at 0x7f1920194960>,0,15,[9 4],1,3,18,2,3
1,<environment.Job instance at 0x7f19194b51e0>,11,17,[2 7],15,18,35,3,15
1,<environment.Job instance at 0x7f19192115f0>,26,3,[5 1],33,53,56,20,53
1,<environment.Job instance at 0x7f1919211280>,27,17,[9 4],34,56,73,22,53
1,<environment.Job instance at 0x7f1920183190>,37,17,[7 5],46,84,101,38,84
1,<environment.Job instance at 0x7f1920180c80>,2,15,[8 1],9,10,25,1,10
1,<environment.Job instance at 0x7f192005fd20>,14,2,[9 2],27,27,29,0,27
1,<environment.Job instance at 0x7f192005faf0>,15,14,[ 3 10],28,29,43,1,29
1,<environment.Job instance at 0x7f1920053280>,18,15,[7 2],31,43,58,12,33
1,<environment.Job instance at 0x7f1920053d20>,27,12,[8 3],43,58,70,15,44
1,<environment.Job instance at 0x7f19200330f0>,34,3,[7 3],54,70,73,16,58
1,<environment.Job instance at 0x7f19200537d0>,25,17,[3 5],41,70,87,29,58
1,<environment.Job instance at 0x7f1920033230>,36,14,[7 2],56,73,87,17,62
1,<environment.Job instance at 0x7f1920033fa0>,42,17,[3 7],62,87,104,25,82
1,<environment.Job instance at 0x7f1920063550>,50,3,[5 7],74,104,107,30,82
1,<environment.Job instance at 0x7f1920063460>,48,2,[3 5],72,107,109,35,82
1,<environment.Job instance at 0x7f1920063190>,47,16,[9 4],71,109,125,38,96
1,<environment.Job instance at 0x7f192002e1e0>,58,18,[4 7],88,125,143,37,114
1,<environment.Job instance at 0x7f192002ee10>,72,15,[2 6],107,143,158,36,129
1,<environment.Job instance at 0x7f19196646e0>,8,2,[ 1 10],13,14,16,1,14
1,<environment.Job instance at 0x7f1919664eb0>,11,12,[6 2],17,17,29,0,17
1,<environment.Job instance at 0x7f1919664960>,9,13,[2 6],14,17,30,3,17
1,<environment.Job instance at 0x7f18d5995640>,14,3,[10  3],20,30,33,10,20
1,<environment.Job instance at 0x7f18d5995d20>,16,12,[5 4],22,33,45,11,23
1,<environment.Job instance at 0x7f18d5995870>,18,3,[1 9],24,45,48,21,29
1,<environment.Job instance at 0x7f1919664730>,10,22,[8 5],15,48,70,33,41
1,<environment.Job instance at 0x7f18d55f3280>,35,13,[5 8],50,70,83,20,68
1,<environment.Job instance at 0x7f18d55f3550>,40,3,[5 7],55,83,86,28,78
1,<environment.Job instance at 0x7f18d55f3aa0>,39,15,[7 4],54,86,101,32,81
1,<environment.Job instance at 0x7f18d57b8820>,43,13,[5 5],61,101,114,40,91
1,<environment.Job instance at 0x7f18d57b8730>,46,17,[10  5],69,114,131,45,102
1,<environment.Job instance at 0x7f1919664dc0>,12,16,[4 6],18,131,147,113,123
1,<environment.Job instance at 0x7f18d56a3eb0>,54,17,[8 4],83,147,164,64,135
1,<environment.Job instance at 0x7f191fe6ff50>,1,12,[9 1],2,2,14,0,2
1,<environment.Job instance at 0x7f191fe6f500>,2,19,[1 8],4,6,25,2,6
1,<environment.Job instance at 0x7f18d55e19b0>,4,13,[5 4],9,25,38,16,10
1,<environment.Job instance at 0x7f1919516370>,12,14,[9 1],24,38,52,14,25
1,<environment.Job instance at 0x7f1919516280>,13,17,[8 4],26,52,69,26,46
1,<environment.Job instance at 0x7f18d59aec30>,28,1,[6 2],51,69,70,18,52
1,<environment.Job instance at 0x7f18d59aec80>,29,2,[5 4],52,70,72,18,52
1,<environment.Job instance at 0x7f18d59aea00>,30,12,[2 5],53,53,65,0,53
1,<environment.Job instance at 0x7f191987ebe0>,32,14,[1 6],55,65,79,10,57
1,<environment.Job instance at 0x7f191987e2d0>,34,22,[5 2],58,72,94,14,65
1,<environment.Job instance at 0x7f19196871e0>,43,18,[10  4],75,94,112,19,89
1,<environment.Job instance at 0x7f1919687730>,49,18,[4 9],82,112,130,30,106
1,<environment.Job instance at 0x7f191963d2d0>,59,22,[ 2 10],95,139,161,44,139
1,<environment.Job instance at 0x7f191ff7f230>,3,13,[5 9],4,4,17,0,4
1,<environment.Job instance at 0x7f191963d2d0>,4,2,[1 7],7,17,19,10,12
1,<environment.Job instance at 0x7f1919380b90>,8,12,[2 6],14,19,31,5,14
1,<environment.Job instance at 0x7f1919373f50>,13,2,[1 5],20,31,33,11,23
1,<environment.Job instance at 0x7f19197da370>,21,2,[3 7],30,33,35,3,30
1,<environment.Job instance at 0x7f19193a2050>,19,18,[9 5],27,35,53,8,34
1,<environment.Job instance at 0x7f19197daf00>,22,12,[1 8],31,53,65,22,44
1,<environment.Job instance at 0x7f19200a7550>,26,13,[1 8],45,65,78,20,49
1,<environment.Job instance at 0x7f192007eeb0>,37,17,[5 4],61,78,95,17,74
1,<environment.Job instance at 0x7f1919796960>,42,12,[2 7],70,95,107,25,87
1,<environment.Job instance at 0x7f1919796d70>,45,3,[5 3],73,91,94,18,91
1,<environment.Job instance at 0x7f1919796a00>,46,2,[1 5],74,107,109,33,92
1,<environment.Job instance at 0x7f18d596bdc0>,43,12,[1 8],71,109,121,38,97
1,<environment.Job instance at 0x7f191fc34370>,52,18,[3 6],82,121,139,39,110
1,<environment.Job instance at 0x7f191fc34690>,59,16,[5 1],90,124,140,34,124
1,<environment.Job instance at 0x7f191fc346e0>,56,22,[2 9],86,139,161,53,135
1,<environment.Job instance at 0x7f19202258c0>,0,15,[8 4],1,1,16,0,1
1,<environment.Job instance at 0x7f192085a3c0>,3,15,[9 2],6,16,31,10,7
1,<environment.Job instance at 0x7f18d56962d0>,13,3,[2 6],19,31,34,12,21
1,<environment.Job instance at 0x7f18d585bdc0>,12,26,[5 9],18,34,60,16,32
1,<environment.Job instance at 0x7f191955ffa0>,25,1,[4 9],37,60,61,23,40
1,<environment.Job instance at 0x7f18d5aaff00>,34,3,[6 5],55,61,64,6,60
1,<environment.Job instance at 0x7f1919825230>,23,22,[8 4],33,64,86,31,60
1,<environment.Job instance at 0x7f18d5a5a910>,39,3,[4 5],60,86,89,26,72
1,<environment.Job instance at 0x7f18d5a5ab40>,40,12,[ 3 10],61,89,101,28,76
1,<environment.Job instance at 0x7f18d59c21e0>,50,14,[4 7],76,116,130,40,116
1,<environment.Job instance at 0x7f19201cc870>,57,28,[ 3 10],85,134,162,49,134
1,<environment.Job instance at 0x7f191fd7a460>,1,15,[ 2 10],4,5,20,1,5
1,<environment.Job instance at 0x7f18d5432d70>,9,15,[8 4],12,20,35,8,16
1,<environment.Job instance at 0x7f18d5432690>,20,13,[8 5],28,35,48,7,29
1,<environment.Job instance at 0x7f18d542ef00>,22,2,[4 7],30,48,50,18,34
1,<environment.Job instance at 0x7f18d54325a0>,17,12,[8 3],24,50,62,26,36
1,<environment.Job instance at 0x7f191fdcf640>,28,17,[4 5],42,62,79,20,52
1,<environment.Job instance at 0x7f191fdcf2d0>,29,17,[6 5],44,62,79,18,53
1,<environment.Job instance at 0x7f191fdd5af0>,45,16,[1 8],64,79,95,15,75
1,<environment.Job instance at 0x7f19198c10a0>,56,16,[3 5],79,104,120,25,104
1,<environment.Job instance at 0x7f19198c18c0>,62,18,[5 8],87,122,140,35,122
1,<environment.Job instance at 0x7f191942ca00>,65,14,[1 9],90,140,154,50,125
1,<environment.Job instance at 0x7f1919581640>,0,15,[1 7],1,1,16,0,1
1,<environment.Job instance at 0x7f18d5780410>,6,28,[3 5],8,16,44,8,16
1,<environment.Job instance at 0x7f18d5759be0>,20,1,[7 2],30,30,31,0,30
1,<environment.Job instance at 0x7f18d57d5820>,22,2,[9 1],32,44,46,12,33
1,<environment.Job instance at 0x7f18d57804b0>,12,20,[5 8],20,46,66,26,37
1,<environment.Job instance at 0x7f18d57837d0>,26,2,[8 3],40,66,68,26,40
1,<environment.Job instance at 0x7f18d54d0fa0>,30,15,[3 9],46,68,83,22,55
1,<environment.Job instance at 0x7f19192b9fa0>,34,1,[5 4],52,83,84,31,61
1,<environment.Job instance at 0x7f1919494190>,38,3,[1 7],57,84,87,27,73
1,<environment.Job instance at 0x7f18d5a26460>,39,1,[ 4 10],58,87,88,29,74
1,<environment.Job instance at 0x7f19192df9b0>,42,2,[8 3],65,84,86,19,82
1,<environment.Job instance at 0x7f19192df4b0>,43,13,[6 4],68,88,101,20,82
1,<environment.Job instance at 0x7f19192c57d0>,47,23,[3 5],74,113,136,39,113
1,<environment.Job instance at 0x7f19192c5190>,50,23,[7 5],78,122,145,44,122
1,<environment.Job instance at 0x7f191fe95e60>,54,12,[1 7],84,145,157,61,135
1,<environment.Job instance at 0x7f191fe959b0>,1,13,[1 6],2,2,15,0,2
1,<environment.Job instance at 0x7f192028e910>,8,12,[5 9],10,15,27,5,12
1,<environment.Job instance at 0x7f192028ecd0>,7,15,[8 2],9,27,42,18,14
1,<environment.Job instance at 0x7f191965aaa0>,19,12,[5 7],23,42,54,19,25
1,<environment.Job instance at 0x7f19192e55a0>,42,26,[2 5],58,65,91,7,65
1,<environment.Job instance at 0x7f18d5a71dc0>,51,26,[ 3 10],70,104,130,34,104
1,<environment.Job instance at 0x7f18d5966870>,0,14,[9 3],1,2,16,1,2
1,<environment.Job instance at 0x7f19193dce10>,1,16,[ 5 10],3,16,32,13,3
1,<environment.Job instance at 0x7f18d56844b0>,10,14,[2 8],16,32,46,16,17
1,<environment.Job instance at 0x7f18d56841e0>,17,3,[10  4],25,46,49,21,25
1,<environment.Job instance at 0x7f18d549de10>,21,18,[10  3],29,53,71,24,53
1,<environment.Job instance at 0x7f18d5ad3910>,33,3,[9 1],45,71,74,26,53
1,<environment.Job instance at 0x7f191ffa9640>,34,23,[9 5],47,80,103,33,80
1,<environment.Job instance at 0x7f19198cdb90>,50,17,[1 8],67,112,129,45,112
1,<environment.Job instance at 0x7f19198cd1e0>,52,14,[3 7],70,129,143,59,114
1,<environment.Job instance at 0x7f19198cdf00>,59,13,[6 4],81,143,156,62,138
1,<environment.Job instance at 0x7f19198cda50>,60,15,[1 6],83,143,158,60,138
1,<environment.Job instance at 0x7f191973e2d0>,3,13,[9 3],7,7,20,0,7
1,<environment.Job instance at 0x7f19203c85a0>,10,12,[3 9],15,20,32,5,15
1,<environment.Job instance at 0x7f18d57d0b90>,22,14,[6 2],31,44,58,13,44
1,<environment.Job instance at 0x7f18d57d0e10>,24,19,[8 4],33,58,77,25,49
1,<environment.Job instance at 0x7f19201f15a0>,34,12,[4 8],52,77,89,25,70
1,<environment.Job instance at 0x7f19201a4c80>,43,27,[4 9],66,98,125,32,98
1,<environment.Job instance at 0x7f19201e4550>,52,14,[5 9],78,125,139,47,125
1,<environment.Job instance at 0x7f19201e46e0>,54,12,[7 5],80,139,151,59,125
1,<environment.Job instance at 0x7f6493b5d0f0>,0,13,[9 3],1,1,14,0,1
1,<environment.Job instance at 0x7f648c74e820>,9,18,[3 9],15,16,34,1,16
1,<environment.Job instance at 0x7f648c74ea00>,11,13,[10  2],18,34,47,16,32
1,<environment.Job instance at 0x7f648c74ec80>,14,15,[7 4],22,47,62,25,38
1,<environment.Job instance at 0x7f648c7525a0>,21,27,[1 6],33,47,74,14,45
1,<environment.Job instance at 0x7f648c7530a0>,32,14,[8 4],55,62,76,7,56
1,<environment.Job instance at 0x7f648c753c80>,42,13,[2 7],71,76,89,5,72
1,<environment.Job instance at 0x7f648c755050>,44,22,[4 6],74,89,111,15,82
1,<environment.Job instance at 0x7f648c755dc0>,58,2,[ 4 10],94,115,117,21,115
1,<environment.Job instance at 0x7f648c755fa0>,60,20,[2 6],96,117,137,21,116
1,<environment.Job instance at 0x7f648c758280>,64,21,[5 3],101,127,148,26,127
1,<environment.Job instance at 0x7f648c758690>,66,12,[5 5],103,137,149,34,129
1,<environment.Job instance at 0x7f648c758910>,70,2,[4 8],109,149,151,40,145
1,<environment.Job instance at 0x7f648c758910>,3,12,[7 1],6,19,31,13,19
1,<environment.Job instance at 0x7f6493cce140>,21,15,[5 4],32,34,49,2,34
1,<environment.Job instance at 0x7f6493cce7d0>,22,18,[6 1],36,49,67,13,38
1,<environment.Job instance at 0x7f6493cca730>,27,13,[8 5],43,67,80,24,51
1,<environment.Job instance at 0x7f6493cc4a00>,31,3,[ 2 10],48,80,83,32,55
1,<environment.Job instance at 0x7f6493b846e0>,38,27,[1 6],56,83,110,27,81
1,<environment.Job instance at 0x7f6493cd16e0>,45,15,[2 7],69,110,125,41,97
1,<environment.Job instance at 0x7f6493cd7a50>,62,18,[6 5],86,139,157,53,139
1,<environment.Job instance at 0x7f6493cd84b0>,9,24,[3 5],15,140,164,125,140
1,<environment.Job instance at 0x7f64489ecaa0>,1,27,[10  3],3,6,33,3,6
1,<environment.Job instance at 0x7f648c5d7e60>,20,2,[9 3],24,33,35,9,24
1,<environment.Job instance at 0x7f648cbc51e0>,24,16,[7 4],29,35,51,6,29
1,<environment.Job instance at 0x7f648c515730>,25,2,[4 5],30,51,53,21,31
1,<environment.Job instance at 0x7f6448ae1cd0>,35,19,[9 4],42,57,76,15,57
1,<environment.Job instance at 0x7f6448ae1730>,37,14,[2 7],46,76,90,30,61
1,<environment.Job instance at 0x7f64489a68c0>,47,13,[4 5],58,90,103,32,81
1,<environment.Job instance at 0x7f64489a6370>,50,18,[3 8],64,103,121,39,99
1,<environment.Job instance at 0x7f648c4c1640>,59,25,[10  4],80,130,155,50,130
1,<environment.Job instance at 0x7f648c8bf820>,0,16,[ 5 10],1,2,18,1,2
1,<environment.Job instance at 0x7f648cbea0a0>,7,1,[7 3],12,18,19,6,14
1,<environment.Job instance at 0x7f64930049b0>,11,3,[4 9],17,24,27,7,24
1,<environment.Job instance at 0x7f648c8731e0>,16,1,[1 9],24,27,28,3,24
1,<environment.Job instance at 0x7f648c59ab90>,19,15,[5 5],29,33,48,4,33
1,<environment.Job instance at 0x7f6448ea4af0>,25,2,[8 2],37,48,50,11,37
1,<environment.Job instance at 0x7f6448ea4820>,26,13,[5 7],38,50,63,12,38
1,<environment.Job instance at 0x7f6448ea40a0>,30,15,[5 3],43,50,65,7,43
1,<environment.Job instance at 0x7f64489a66e0>,34,2,[1 6],48,63,65,15,55
1,<environment.Job instance at 0x7f6448f020f0>,35,1,[ 5 10],49,65,66,16,55
1,<environment.Job instance at 0x7f6448f029b0>,37,3,[7 1],51,66,69,15,58
1,<environment.Job instance at 0x7f6448f02d70>,36,15,[10  5],50,69,84,19,59
1,<environment.Job instance at 0x7f6448f02140>,39,3,[8 3],53,84,87,31,61
1,<environment.Job instance at 0x7f6448f05050>,41,2,[6 3],55,87,89,32,64
1,<environment.Job instance at 0x7f644899fdc0>,46,12,[6 3],61,89,101,28,81
1,<environment.Job instance at 0x7f6449081b90>,50,14,[7 5],66,101,115,35,93
1,<environment.Job instance at 0x7f6448a54f50>,53,3,[9 5],71,115,118,44,106
1,<environment.Job instance at 0x7f6448a54960>,54,3,[9 5],73,118,121,45,106
1,<environment.Job instance at 0x7f6448a54aa0>,55,1,[7 2],74,121,122,47,108
1,<environment.Job instance at 0x7f6448a54d20>,57,12,[8 3],76,122,134,46,113
1,<environment.Job instance at 0x7f6448b7deb0>,66,2,[1 8],86,134,136,48,128
1,<environment.Job instance at 0x7f6448a00d20>,61,2,[10  2],80,136,138,56,130
1,<environment.Job instance at 0x7f648cb9aaf0>,5,18,[4 6],7,13,31,6,13
1,<environment.Job instance at 0x7f64934eb690>,12,14,[6 1],18,19,33,1,19
1,<environment.Job instance at 0x7f648c5ee870>,11,2,[9 3],17,33,35,16,20
1,<environment.Job instance at 0x7f64934c3730>,14,14,[ 1 10],21,35,49,14,23
1,<environment.Job instance at 0x7f64489abcd0>,4,13,[5 6],6,49,62,43,35
1,<environment.Job instance at 0x7f64934f7aa0>,24,17,[10  1],36,62,79,26,56
1,<environment.Job instance at 0x7f64934ea370>,35,3,[3 6],50,79,82,29,73
1,<environment.Job instance at 0x7f64934ea4b0>,33,13,[6 4],47,79,92,32,74
1,<environment.Job instance at 0x7f64934e4460>,38,2,[4 7],54,92,94,38,78
1,<environment.Job instance at 0x7f64934eafa0>,29,23,[ 5 10],41,94,117,53,88
1,<environment.Job instance at 0x7f64934d34b0>,46,13,[5 3],63,117,130,54,102
1,<environment.Job instance at 0x7f64934da870>,53,14,[5 9],72,130,144,58,117
1,<environment.Job instance at 0x7f6448d7a140>,58,17,[5 1],80,128,145,48,128
1,<environment.Job instance at 0x7f6448d72960>,65,18,[8 4],90,146,164,56,146
1,<environment.Job instance at 0x7f6448dfe7d0>,1,21,[1 5],3,3,24,0,3
1,<environment.Job instance at 0x7f6448ff7870>,5,18,[5 5],7,7,25,0,7
1,<environment.Job instance at 0x7f6448ff77d0>,8,14,[2 9],12,25,39,13,16
1,<environment.Job instance at 0x7f6448ff75f0>,13,18,[5 1],17,24,42,7,17
1,<environment.Job instance at 0x7f648cbe6eb0>,18,2,[10  1],23,42,44,19,30
1,<environment.Job instance at 0x7f644902ad70>,27,18,[ 4 10],38,44,62,6,44
1,<environment.Job instance at 0x7f644902a6e0>,33,13,[ 2 10],46,62,75,16,54
1,<environment.Job instance at 0x7f649376c7d0>,43,3,[6 2],57,75,78,18,64
1,<environment.Job instance at 0x7f649376c320>,44,15,[9 1],58,78,93,20,64
1,<environment.Job instance at 0x7f644902a7d0>,39,13,[6 5],53,93,106,40,82
1,<environment.Job instance at 0x7f648c5842d0>,63,13,[3 8],87,120,133,33,120
1,<environment.Job instance at 0x7f64934320a0>,68,17,[5 9],94,133,150,39,121
1,<environment.Job instance at 0x7f64930e02d0>,73,15,[3 8],101,150,165,49,145
1,<environment.Job instance at 0x7f6448ae9d20>,0,22,[7 2],4,4,26,0,4
1,<environment.Job instance at 0x7f6448b4f230>,9,21,[3 5],19,19,40,0,19
1,<environment.Job instance at 0x7f648ca6a370>,16,3,[4 6],28,40,43,12,28
1,<environment.Job instance at 0x7f648c7dcc80>,21,3,[8 4],35,43,46,8,35
1,<environment.Job instance at 0x7f6493599e60>,22,3,[5 2],36,36,39,0,36
1,<environment.Job instance at 0x7f64931a1780>,24,3,[3 5],39,46,49,7,39
1,<environment.Job instance at 0x7f6448ad7f50>,30,3,[7 3],46,46,49,0,46
1,<environment.Job instance at 0x7f6448ad73c0>,27,2,[1 9],43,49,51,6,46
1,<environment.Job instance at 0x7f6448999870>,33,12,[10  5],52,52,64,0,52
1,<environment.Job instance at 0x7f6448ad7410>,28,15,[4 5],44,64,79,20,52
1,<environment.Job instance at 0x7f6492f4d550>,39,15,[5 2],59,64,79,5,61
1,<environment.Job instance at 0x7f6448b9ff50>,47,13,[10  5],67,88,101,21,88
1,<environment.Job instance at 0x7f648c7882d0>,51,3,[8 3],73,101,104,28,88
1,<environment.Job instance at 0x7f648c731730>,53,3,[1 5],75,101,104,26,89
1,<environment.Job instance at 0x7f648ca15dc0>,44,13,[7 4],64,104,117,40,89
1,<environment.Job instance at 0x7f648c788410>,50,12,[9 5],72,117,129,45,105
1,<environment.Job instance at 0x7f64931fb3c0>,65,16,[5 5],90,132,148,42,132
1,<environment.Job instance at 0x7f648c990e60>,71,13,[ 2 10],98,148,161,50,141
1,<environment.Job instance at 0x7f648c990960>,73,1,[5 1],100,161,162,61,149
1,<environment.Job instance at 0x7f648c9eec30>,3,18,[5 1],4,4,22,0,4
1,<environment.Job instance at 0x7f64490e6b90>,5,16,[6 3],8,22,38,14,9
1,<environment.Job instance at 0x7f64490e0690>,14,17,[3 6],19,19,36,0,19
1,<environment.Job instance at 0x7f64490e0aa0>,19,1,[5 6],25,38,39,13,30
1,<environment.Job instance at 0x7f64490e0e60>,23,13,[2 9],31,39,52,8,38
1,<environment.Job instance at 0x7f64490ee870>,30,17,[ 3 10],40,52,69,12,50
1,<environment.Job instance at 0x7f64490eea50>,33,26,[ 1 10],43,73,99,30,73
1,<environment.Job instance at 0x7f64490ed5a0>,45,3,[3 8],60,99,102,39,91
1,<environment.Job instance at 0x7f64490ed4b0>,42,21,[10  4],56,102,123,46,94
1,<environment.Job instance at 0x7f64490ed230>,38,17,[4 9],51,123,140,72,112
1,<environment.Job instance at 0x7f64490fd500>,61,3,[8 2],79,140,143,61,130
1,<environment.Job instance at 0x7f64490fd640>,64,15,[2 7],84,140,155,56,137
1,<environment.Job instance at 0x7f64490fd690>,65,1,[6 5],85,155,156,70,137
1,<environment.Job instance at 0x7f64490fd9b0>,1,14,[7 2],2,2,16,0,2
1,<environment.Job instance at 0x7f6448fe8d20>,9,14,[5 4],11,16,30,5,14
1,<environment.Job instance at 0x7f6448fe84b0>,12,17,[3 6],16,17,34,1,17
1,<environment.Job instance at 0x7f648c954780>,16,12,[5 5],24,34,46,10,24
1,<environment.Job instance at 0x7f6493200050>,20,2,[4 7],33,46,48,13,33
1,<environment.Job instance at 0x7f6448c653c0>,24,2,[5 3],42,42,44,0,42
1,<environment.Job instance at 0x7f6493309870>,26,2,[1 6],44,48,50,4,44
1,<environment.Job instance at 0x7f6493305c80>,17,25,[ 1 10],26,50,75,24,46
1,<environment.Job instance at 0x7f649369d910>,43,14,[5 8],63,75,89,12,63
1,<environment.Job instance at 0x7f6448fc7a50>,51,18,[4 8],74,89,107,15,81
1,<environment.Job instance at 0x7f6448f2dc30>,61,27,[7 4],84,118,145,34,118
1,<environment.Job instance at 0x7f6448b26320>,70,15,[5 5],97,145,160,48,140
1,<environment.Job instance at 0x7f6493726550>,1,14,[7 3],3,3,17,0,3
1,<environment.Job instance at 0x7f648cbfc0a0>,6,2,[7 3],10,17,19,7,10
1,<environment.Job instance at 0x7f6493694190>,4,3,[6 2],7,19,22,12,10
1,<environment.Job instance at 0x7f64936947d0>,5,2,[7 5],9,22,24,13,13
1,<environment.Job instance at 0x7f6448d88e10>,11,20,[7 2],19,24,44,5,22
1,<environment.Job instance at 0x7f6492f42fa0>,20,19,[9 3],29,44,63,15,34
1,<environment.Job instance at 0x7f644907e0f0>,32,13,[2 8],43,63,76,20,49
1,<environment.Job instance at 0x7f6448bfdf00>,39,15,[8 1],59,63,78,4,60
1,<environment.Job instance at 0x7f648c59af00>,47,14,[6 3],70,85,99,15,85
1,<environment.Job instance at 0x7f64931a1730>,49,13,[8 2],73,99,112,26,87
1,<environment.Job instance at 0x7f648c817c30>,61,1,[1 9],90,119,120,29,119
1,<environment.Job instance at 0x7f648c839f00>,59,1,[5 5],85,120,121,35,119
1,<environment.Job instance at 0x7f648c817370>,64,12,[8 3],93,121,133,28,119
1,<environment.Job instance at 0x7f648c817aa0>,66,12,[1 6],96,121,133,25,119
1,<environment.Job instance at 0x7f6493448b90>,67,2,[6 1],97,133,135,36,119
1,<environment.Job instance at 0x7f64934489b0>,71,3,[7 3],104,135,138,31,121
1,<environment.Job instance at 0x7f6493448780>,72,13,[8 1],105,138,151,33,125
1,<environment.Job instance at 0x7f648c9dfaf0>,74,18,[1 9],107,138,156,31,131
1,<environment.Job instance at 0x7f648c9df140>,81,14,[6 2],116,156,170,40,141
1,<environment.Job instance at 0x7f6493077500>,4,18,[7 5],6,6,24,0,6
1,<environment.Job instance at 0x7f6493077460>,6,12,[5 2],8,24,36,16,11
1,<environment.Job instance at 0x7f6493077f00>,14,16,[4 8],19,24,40,5,20
1,<environment.Job instance at 0x7f6493077e60>,13,16,[1 9],18,41,57,23,41
1,<environment.Job instance at 0x7f6493051e60>,28,3,[5 6],41,57,60,16,41
1,<environment.Job instance at 0x7f6493061b40>,38,22,[8 5],55,79,101,24,79
1,<environment.Job instance at 0x7f6493061c30>,44,12,[5 4],62,101,113,39,91
1,<environment.Job instance at 0x7f6493061d70>,45,15,[1 6],63,101,116,38,91
1,<environment.Job instance at 0x7f649306b7d0>,57,17,[2 9],78,116,133,38,115
1,<environment.Job instance at 0x7f649306bf00>,63,13,[5 8],90,133,146,43,125
1,<environment.Job instance at 0x7f649304b2d0>,67,15,[7 4],94,146,161,52,142
1,<environment.Job instance at 0x7f649304b780>,1,12,[9 5],4,7,19,3,7
1,<environment.Job instance at 0x7f648c626910>,7,13,[3 5],11,19,32,8,11
1,<environment.Job instance at 0x7f648c626640>,9,13,[3 9],13,32,45,19,16
1,<environment.Job instance at 0x7f6449041870>,23,19,[1 8],34,45,64,11,35
1,<environment.Job instance at 0x7f648c9f5a50>,26,12,[1 7],40,64,76,24,47
1,<environment.Job instance at 0x7f6448faa370>,31,17,[5 2],49,52,69,3,52
1,<environment.Job instance at 0x7f648c6841e0>,33,14,[9 1],54,69,83,15,64
1,<environment.Job instance at 0x7f648cbec690>,43,18,[6 4],73,96,114,23,96
1,<environment.Job instance at 0x7f6493917500>,51,12,[2 5],83,97,109,14,97
1,<environment.Job instance at 0x7f6448912280>,52,16,[9 3],84,114,130,30,102
1,<environment.Job instance at 0x7f648cc445a0>,59,15,[3 6],93,130,145,37,119
1,<environment.Job instance at 0x7f64933da910>,66,19,[ 5 10],108,145,164,37,137
1,<environment.Job instance at 0x7f6448a4fc30>,13,14,[6 1],14,18,32,4,18
1,<environment.Job instance at 0x7f648cb384b0>,44,13,[1 8],65,104,117,39,104
1,<environment.Job instance at 0x7f648cb385f0>,45,18,[1 8],66,117,135,51,107
1,<environment.Job instance at 0x7f64487786e0>,3,13,[7 5],4,4,17,0,4
1,<environment.Job instance at 0x7f648c8ffe60>,4,13,[6 1],5,17,30,12,5
1,<environment.Job instance at 0x7f64933a8d20>,12,16,[8 4],17,30,46,13,17
1,<environment.Job instance at 0x7f648c86d410>,29,13,[6 4],40,46,59,6,41
1,<environment.Job instance at 0x7f6493393320>,20,26,[5 9],28,59,85,31,57
1,<environment.Job instance at 0x7f648c7a85a0>,44,2,[1 5],67,85,87,18,73
1,<environment.Job instance at 0x7f6448998c30>,50,19,[2 9],73,95,114,22,95
1,<environment.Job instance at 0x7f64489c2960>,58,14,[4 7],86,128,142,42,128
1,<environment.Job instance at 0x7f64489c2050>,59,15,[7 4],89,142,157,53,128
1,<environment.Job instance at 0x7f64489c2820>,1,15,[ 2 10],4,4,19,0,4
1,<environment.Job instance at 0x7f648cc41b90>,20,13,[8 5],28,44,57,16,44
1,<environment.Job instance at 0x7f648cc41370>,21,16,[5 2],29,57,73,28,48
1,<environment.Job instance at 0x7f648c695be0>,23,1,[5 3],32,57,58,25,49
1,<environment.Job instance at 0x7f6448fa22d0>,24,2,[ 4 10],33,73,75,40,50
1,<environment.Job instance at 0x7f64489943c0>,25,3,[1 8],34,58,61,24,54
1,<environment.Job instance at 0x7f6493012d70>,33,17,[8 1],51,82,99,31,82
1,<environment.Job instance at 0x7f6493012b90>,35,15,[5 4],53,99,114,46,85
1,<environment.Job instance at 0x7f648c7ad780>,38,14,[1 7],57,114,128,57,100
1,<environment.Job instance at 0x7f648c7ad9b0>,45,16,[1 8],64,128,144,64,115
1,<environment.Job instance at 0x7f64937277d0>,51,17,[10  4],72,144,161,72,139
1,<environment.Job instance at 0x7f64487ac410>,8,17,[ 4 10],14,15,32,1,15
1,<environment.Job instance at 0x7f64487aca00>,15,2,[9 1],22,32,34,10,22
1,<environment.Job instance at 0x7f64487ac370>,17,2,[9 3],25,34,36,9,30
1,<environment.Job instance at 0x7f6448796b40>,20,16,[ 2 10],31,36,52,5,33
1,<environment.Job instance at 0x7f6448796e60>,28,14,[8 5],43,52,66,9,47
1,<environment.Job instance at 0x7f6448ad6410>,33,15,[5 7],50,66,81,16,57
1,<environment.Job instance at 0x7f6448ad6910>,40,23,[3 5],64,82,105,18,82
1,<environment.Job instance at 0x7f6448ad6b90>,43,23,[7 5],68,85,108,17,85
1,<environment.Job instance at 0x7f6448b11230>,46,2,[4 5],72,108,110,36,92
1,<environment.Job instance at 0x7f6448b11dc0>,47,12,[1 7],74,110,122,36,97
1,<environment.Job instance at 0x7f648cc21fa0>,58,3,[2 8],88,124,127,36,124
1,<environment.Job instance at 0x7f648cc21140>,57,16,[8 5],87,127,143,40,125
1,<environment.Job instance at 0x7f648cc21780>,62,16,[5 5],93,143,159,50,134
1,<environment.Job instance at 0x7f648c9ccfa0>,10,17,[ 4 10],15,15,32,0,15
1,<environment.Job instance at 0x7f648c9cc730>,9,14,[7 4],14,32,46,18,20
1,<environment.Job instance at 0x7f648c7e2870>,15,3,[1 5],23,32,35,9,24
1,<environment.Job instance at 0x7f648c7c4190>,21,3,[6 1],33,46,49,13,33
1,<environment.Job instance at 0x7f648c7e8410>,19,15,[7 4],30,50,65,20,50
1,<environment.Job instance at 0x7f6448e88a50>,39,18,[1 8],57,72,90,15,72
1,<environment.Job instance at 0x7f6448e8af00>,43,21,[9 4],62,90,111,28,84
1,<environment.Job instance at 0x7f6448e8a320>,47,3,[5 4],68,111,114,43,94
1,<environment.Job instance at 0x7f6448e8ad70>,45,3,[3 6],65,111,114,46,97
1,<environment.Job instance at 0x7f64490fd820>,51,14,[1 6],73,97,111,24,97
1,<environment.Job instance at 0x7f64490d5f00>,53,18,[3 7],75,114,132,39,104
1,<environment.Job instance at 0x7f6449103c30>,52,3,[9 3],74,132,135,58,108
1,<environment.Job instance at 0x7f64490e4a50>,71,3,[10  1],102,135,138,33,129
1,<environment.Job instance at 0x7f648c860d70>,0,20,[3 7],1,1,21,0,1
1,<environment.Job instance at 0x7f64938e9d20>,2,1,[1 5],3,21,22,18,3
1,<environment.Job instance at 0x7f6492fe8410>,10,17,[7 2],11,20,37,9,20
1,<environment.Job instance at 0x7f648c56dc30>,17,2,[3 5],23,24,26,1,24
1,<environment.Job instance at 0x7f648c56d370>,16,16,[5 7],22,37,53,15,29
1,<environment.Job instance at 0x7f648c954730>,27,14,[5 2],36,41,55,5,41
1,<environment.Job instance at 0x7f648c80f3c0>,28,17,[1 8],37,53,70,16,41
1,<environment.Job instance at 0x7f648cb9c960>,39,14,[3 6],54,76,90,22,76
1,<environment.Job instance at 0x7f6449029be0>,42,17,[2 5],64,90,107,26,80
1,<environment.Job instance at 0x7f648cc3d140>,47,27,[4 6],71,107,134,36,105
1,<environment.Job instance at 0x7f6448d547d0>,72,14,[9 5],106,147,161,41,147
1,<environment.Job instance at 0x7f64490db3c0>,7,2,[6 1],17,32,34,15,32
1,<environment.Job instance at 0x7f648cbf33c0>,17,17,[4 7],31,36,53,5,36
1,<environment.Job instance at 0x7f648cbf3e10>,24,12,[7 5],40,53,65,13,49
1,<environment.Job instance at 0x7f644872bcd0>,25,15,[ 1 10],41,65,80,24,51
1,<environment.Job instance at 0x7f644872b190>,26,15,[7 5],42,80,95,38,66
1,<environment.Job instance at 0x7f644872b0a0>,35,15,[2 6],56,95,110,39,81
1,<environment.Job instance at 0x7f648cc3e320>,44,23,[ 1 10],69,110,133,41,110
1,<environment.Job instance at 0x7f64938ddeb0>,59,17,[4 6],98,133,150,35,127
1,<environment.Job instance at 0x7f644884c690>,66,17,[ 1 10],106,150,167,44,148
1,<environment.Job instance at 0x7f648c69f1e0>,1,13,[2 5],5,5,18,0,5
1,<environment.Job instance at 0x7f64933eed20>,14,3,[6 3],23,23,26,0,23
1,<environment.Job instance at 0x7f6448d94370>,15,2,[5 5],25,26,28,1,25
1,<environment.Job instance at 0x7f6448873190>,17,3,[10  1],28,30,33,2,30
1,<environment.Job instance at 0x7f64488e3a50>,21,13,[10  2],34,59,72,25,59
1,<environment.Job instance at 0x7f6448755b90>,26,14,[1 6],40,72,86,32,66
1,<environment.Job instance at 0x7f64934dd550>,30,15,[8 2],50,72,87,22,66
1,<environment.Job instance at 0x7f64934dd230>,33,25,[4 7],54,87,112,33,83
1,<environment.Job instance at 0x7f64934ddc30>,38,13,[4 7],59,112,125,53,96
1,<environment.Job instance at 0x7f64934dd280>,36,27,[6 3],57,108,135,51,108
1,<environment.Job instance at 0x7f6448a1ffa0>,54,14,[3 8],82,135,149,53,120
1,<environment.Job instance at 0x7f6448a1f0a0>,63,1,[7 4],94,149,150,55,124
1,<environment.Job instance at 0x7f6448a2bd70>,69,13,[5 5],107,150,163,43,139
1,<environment.Job instance at 0x7f6448a24050>,68,1,[8 2],104,163,164,59,139
1,<environment.Job instance at 0x7f6448a2b6e0>,71,3,[2 7],110,163,166,53,139
1,<environment.Job instance at 0x7f6bc325c0f0>,0,13,[9 3],1,1,14,0,1
1,<environment.Job instance at 0x7f6bbde4c3c0>,6,18,[6 2],12,14,32,2,13
1,<environment.Job instance at 0x7f6bbde4c870>,14,15,[7 4],22,32,47,10,22
1,<environment.Job instance at 0x7f6bbde4d0f0>,19,1,[6 5],31,47,48,16,33
1,<environment.Job instance at 0x7f6bbde4df00>,30,13,[4 7],51,52,65,1,52
1,<environment.Job instance at 0x7f6bbde4d910>,27,17,[1 6],44,65,82,21,54
1,<environment.Job instance at 0x7f6bbde52f50>,42,13,[2 7],71,82,95,11,71
1,<environment.Job instance at 0x7f6bbde50320>,48,1,[5 5],81,95,96,14,92
1,<environment.Job instance at 0x7f6bbde50190>,44,22,[4 6],74,98,120,24,98
1,<environment.Job instance at 0x7f6bbde50a50>,56,3,[5 5],92,120,123,28,104
1,<environment.Job instance at 0x7f6bbde506e0>,53,13,[3 7],89,123,136,34,107
1,<environment.Job instance at 0x7f6bbde57640>,64,21,[5 3],101,133,154,32,133
1,<environment.Job instance at 0x7f6bbde57a00>,68,14,[5 1],106,136,150,30,135
1,<environment.Job instance at 0x7f6bbde57dc0>,71,15,[3 8],111,154,169,43,146
1,<environment.Job instance at 0x7f6bc33d7f00>,0,24,[6 1],1,1,25,0,1
1,<environment.Job instance at 0x7f6bc33d7280>,11,3,[ 5 10],16,25,28,9,16
1,<environment.Job instance at 0x7f6bc33cd6e0>,18,20,[ 2 10],30,30,50,0,30
1,<environment.Job instance at 0x7f6bc33cd7d0>,22,12,[7 5],35,50,62,15,37
1,<environment.Job instance at 0x7f6bc33c9500>,24,3,[ 2 10],38,62,65,24,38
1,<environment.Job instance at 0x7f6bc33c9640>,25,1,[2 7],40,65,66,25,40
1,<environment.Job instance at 0x7f6bc3283190>,35,15,[2 7],53,68,83,15,68
1,<environment.Job instance at 0x7f6bc33d0190>,37,16,[1 9],55,83,99,28,71
1,<environment.Job instance at 0x7f6bc33d0280>,38,15,[2 7],59,99,114,40,96
1,<environment.Job instance at 0x7f6bc33c6be0>,58,14,[9 4],80,122,136,42,122
1,<environment.Job instance at 0x7f6bc33c6500>,59,18,[1 6],82,122,140,40,122
1,<environment.Job instance at 0x7f6bc33c62d0>,60,17,[8 2],83,136,153,53,130
1,<environment.Job instance at 0x7f6bc32862d0>,66,15,[1 5],93,140,155,47,131
1,<environment.Job instance at 0x7f6bc3286870>,69,14,[8 2],97,153,167,56,138
1,<environment.Job instance at 0x7f6b780eaeb0>,3,2,[9 3],4,4,6,0,4
1,<environment.Job instance at 0x7f6b783a2a00>,4,15,[7 4],6,8,23,2,8
1,<environment.Job instance at 0x7f6b780ed6e0>,8,2,[4 5],10,23,25,13,13
1,<environment.Job instance at 0x7f6bbdca20f0>,14,12,[9 1],17,31,43,14,31
1,<environment.Job instance at 0x7f6bc33c8320>,1,24,[ 1 10],2,43,67,41,39
1,<environment.Job instance at 0x7f6b780a5af0>,30,13,[4 5],38,67,80,29,64
1,<environment.Job instance at 0x7f6bbdc2d1e0>,45,14,[4 6],65,122,136,57,122
1,<environment.Job instance at 0x7f6b7810f4b0>,51,25,[ 2 10],74,136,161,62,136
1,<environment.Job instance at 0x7f6b780fd320>,55,17,[10  5],79,161,178,82,157
1,<environment.Job instance at 0x7f6bbdc14e10>,60,3,[2 7],88,178,181,90,158
1,<environment.Job instance at 0x7f6bbeac6dc0>,6,13,[2 9],9,15,28,6,15
1,<environment.Job instance at 0x7f6bbe10eb40>,15,15,[10  5],20,28,43,8,21
1,<environment.Job instance at 0x7f6bbdee8fa0>,12,13,[7 2],17,43,56,26,27
1,<environment.Job instance at 0x7f6b78152a00>,24,3,[8 3],30,56,59,26,32
1,<environment.Job instance at 0x7f6bbdee8dc0>,10,18,[1 5],14,43,61,29,34
1,<environment.Job instance at 0x7f6bbe193870>,34,1,[7 2],44,59,60,15,53
1,<environment.Job instance at 0x7f6bbe193e10>,33,3,[9 5],43,60,63,17,53
1,<environment.Job instance at 0x7f6b7862caa0>,19,25,[5 5],24,65,90,41,65
1,<environment.Job instance at 0x7f6b7860a4b0>,46,27,[5 4],57,82,109,25,82
1,<environment.Job instance at 0x7f6bbdf32d70>,51,16,[5 9],67,109,125,42,99
1,<environment.Job instance at 0x7f6b785e1820>,56,18,[1 8],74,125,143,51,114
1,<environment.Job instance at 0x7f6b7865d910>,59,20,[5 1],77,119,139,42,119
1,<environment.Job instance at 0x7f6bbe005320>,64,17,[2 6],84,143,160,59,137
1,<environment.Job instance at 0x7f6b78604eb0>,75,22,[5 9],100,160,182,60,154
1,<environment.Job instance at 0x7f6b7850a1e0>,0,23,[ 5 10],1,4,27,3,4
1,<environment.Job instance at 0x7f6bbe291280>,18,15,[5 1],24,27,42,3,26
1,<environment.Job instance at 0x7f6bbe4d8e10>,20,3,[8 5],27,42,45,15,28
1,<environment.Job instance at 0x7f6b7845f780>,14,12,[8 1],19,45,57,26,28
1,<environment.Job instance at 0x7f6bbe293b40>,36,18,[8 4],50,90,108,40,90
1,<environment.Job instance at 0x7f6bbe28ea50>,51,17,[10  4],71,108,125,37,104
1,<environment.Job instance at 0x7f6bbe28ee10>,55,14,[5 8],75,125,139,50,117
1,<environment.Job instance at 0x7f6bbe296b40>,59,18,[7 5],80,139,157,59,129
1,<environment.Job instance at 0x7f6bbdc6de60>,66,17,[10  4],88,157,174,69,146
1,<environment.Job instance at 0x7f6bbde85730>,5,3,[6 2],7,7,10,0,7
1,<environment.Job instance at 0x7f6bbde85320>,6,15,[9 1],8,10,25,2,8
1,<environment.Job instance at 0x7f6bbde854b0>,10,17,[5 5],14,25,42,11,14
1,<environment.Job instance at 0x7f6bbde850f0>,12,12,[8 2],18,42,54,24,33
1,<environment.Job instance at 0x7f6bbe4b9f00>,24,1,[8 1],36,54,55,18,37
1,<environment.Job instance at 0x7f6bbe4b9be0>,27,3,[7 5],39,55,58,16,42
1,<environment.Job instance at 0x7f6bbe4b9280>,25,13,[3 8],37,58,71,21,43
1,<environment.Job instance at 0x7f6bbe74cf50>,35,15,[3 8],51,71,86,20,65
1,<environment.Job instance at 0x7f6bbe2d9960>,45,13,[2 6],65,86,99,21,80
1,<environment.Job instance at 0x7f6bbe2d9640>,46,15,[5 9],67,99,114,32,86
1,<environment.Job instance at 0x7f6bbeb0aaf0>,52,16,[6 5],79,114,130,35,103
1,<environment.Job instance at 0x7f6bbe212d20>,67,26,[6 3],105,158,184,53,158
1,<environment.Job instance at 0x7f6bbe8912d0>,1,12,[3 6],2,2,14,0,2
1,<environment.Job instance at 0x7f6bbeb694b0>,7,1,[7 1],9,9,10,0,9
1,<environment.Job instance at 0x7f6bbeb695a0>,8,23,[5 7],11,14,37,3,14
1,<environment.Job instance at 0x7f6bbe145eb0>,14,14,[4 7],17,37,51,20,22
1,<environment.Job instance at 0x7f6bbe9d5730>,24,16,[5 5],30,51,67,21,38
1,<environment.Job instance at 0x7f6bbe588500>,30,13,[ 2 10],38,67,80,29,53
1,<environment.Job instance at 0x7f6b782d3d70>,32,1,[5 1],40,58,59,18,58
1,<environment.Job instance at 0x7f6b782d30a0>,33,16,[6 2],41,80,96,39,69
1,<environment.Job instance at 0x7f6bbdfffdc0>,43,13,[8 3],61,100,113,39,100
1,<environment.Job instance at 0x7f6b78500b90>,47,15,[1 8],68,113,128,45,106
1,<environment.Job instance at 0x7f6bbdefb870>,51,16,[7 3],74,128,144,54,117
1,<environment.Job instance at 0x7f6b78247870>,55,16,[5 2],80,144,160,64,133
1,<environment.Job instance at 0x7f6bbdfff050>,46,16,[3 8],66,152,168,86,152
1,<environment.Job instance at 0x7f6bbdd83dc0>,65,16,[2 6],97,168,184,71,156
1,<environment.Job instance at 0x7f6b7817d1e0>,3,16,[5 9],5,6,22,1,6
1,<environment.Job instance at 0x7f6b78769c30>,13,17,[10  2],17,22,39,5,17
1,<environment.Job instance at 0x7f6b7878d2d0>,20,14,[2 8],24,39,53,15,28
1,<environment.Job instance at 0x7f6b7878d730>,25,15,[2 9],29,53,68,24,45
1,<environment.Job instance at 0x7f6b7878dfa0>,31,15,[5 6],36,68,83,32,61
1,<environment.Job instance at 0x7f6b78762140>,34,13,[6 5],39,83,96,44,83
1,<environment.Job instance at 0x7f6b78762fa0>,47,3,[ 3 10],61,96,99,35,84
1,<environment.Job instance at 0x7f6b78762f00>,48,16,[8 3],67,99,115,32,86
1,<environment.Job instance at 0x7f6b78768550>,62,16,[6 5],90,115,131,25,109
1,<environment.Job instance at 0x7f6b78768870>,65,1,[4 7],95,131,132,36,110
1,<environment.Job instance at 0x7f6b78768c80>,71,25,[ 1 10],106,132,157,26,130
1,<environment.Job instance at 0x7f6b78757690>,78,2,[5 3],122,157,159,35,146
1,<environment.Job instance at 0x7f6b78757500>,75,25,[ 5 10],116,159,184,43,155
1,<environment.Job instance at 0x7f6bbeb74b40>,6,20,[6 3],8,16,36,8,16
1,<environment.Job instance at 0x7f6b78126cd0>,10,17,[9 4],14,36,53,22,24
1,<environment.Job instance at 0x7f6bbe436b40>,20,17,[7 5],26,53,70,27,48
1,<environment.Job instance at 0x7f6b7830be60>,27,17,[9 3],42,70,87,28,59
1,<environment.Job instance at 0x7f6bbe53c870>,31,16,[4 7],47,87,103,40,74
1,<environment.Job instance at 0x7f6bbe0c30f0>,36,18,[5 5],53,103,121,50,93
1,<environment.Job instance at 0x7f6b78559960>,49,27,[1 6],74,125,152,51,125
1,<environment.Job instance at 0x7f6bbe133c30>,26,24,[7 4],40,145,169,105,145
1,<environment.Job instance at 0x7f6bbdc47050>,2,12,[8 3],3,3,15,0,3
1,<environment.Job instance at 0x7f6bbdc47c30>,3,13,[4 5],5,15,28,10,5
1,<environment.Job instance at 0x7f6b7880a4b0>,10,13,[8 1],15,28,41,13,16
1,<environment.Job instance at 0x7f6bbddb9280>,17,17,[3 7],22,41,58,19,29
1,<environment.Job instance at 0x7f6bbe634320>,33,18,[4 7],48,58,76,10,48
1,<environment.Job instance at 0x7f6bbdcd6550>,30,2,[7 4],44,76,78,32,49
1,<environment.Job instance at 0x7f6bbe151140>,35,12,[6 2],50,52,64,2,52
1,<environment.Job instance at 0x7f6bbe41e5f0>,38,14,[8 3],54,78,92,24,63
1,<environment.Job instance at 0x7f6b782e9320>,52,14,[1 5],73,76,90,3,75
1,<environment.Job instance at 0x7f6bbe41e730>,41,3,[4 5],58,92,95,34,78
1,<environment.Job instance at 0x7f6bbe52e190>,56,16,[4 8],79,95,111,16,83
1,<environment.Job instance at 0x7f6bbe26a6e0>,54,13,[ 3 10],77,111,124,34,95
1,<environment.Job instance at 0x7f6bbe1e45a0>,62,1,[8 2],90,124,125,34,99
1,<environment.Job instance at 0x7f6bbe1e4320>,63,3,[5 9],91,125,128,34,99
1,<environment.Job instance at 0x7f6bbe1e4dc0>,67,2,[6 4],96,128,130,32,112
1,<environment.Job instance at 0x7f6bbe1e40a0>,68,18,[7 2],99,130,148,31,122
1,<environment.Job instance at 0x7f6b784d40a0>,76,19,[2 7],109,138,157,29,138
1,<environment.Job instance at 0x7f6b784d4910>,73,16,[3 5],106,157,173,51,144
1,<environment.Job instance at 0x7f6bbe5011e0>,12,12,[2 8],24,26,38,2,26
1,<environment.Job instance at 0x7f6bbe501730>,18,16,[1 9],33,38,54,5,35
1,<environment.Job instance at 0x7f6bbe501aa0>,23,18,[7 1],42,43,61,1,43
1,<environment.Job instance at 0x7f6bbe501eb0>,24,14,[5 7],44,61,75,17,46
1,<environment.Job instance at 0x7f6bbe4f0500>,29,13,[1 9],49,75,88,26,72
1,<environment.Job instance at 0x7f6bbe4f0460>,28,23,[9 4],48,88,111,40,82
1,<environment.Job instance at 0x7f6bbe4f0b90>,40,13,[3 9],63,111,124,48,97
1,<environment.Job instance at 0x7f6bbe4de0a0>,49,18,[3 9],75,124,142,49,114
1,<environment.Job instance at 0x7f6bbe4dec80>,55,16,[6 1],87,125,141,38,125
1,<environment.Job instance at 0x7f6bbe4ded70>,57,12,[1 7],90,142,154,52,128
1,<environment.Job instance at 0x7f6bbe4deeb0>,59,17,[9 5],94,154,171,60,142
1,<environment.Job instance at 0x7f6bbe4dbf50>,70,1,[5 5],115,171,172,56,159
1,<environment.Job instance at 0x7f6bbe4dbdc0>,69,16,[4 8],114,172,188,58,159
1,<environment.Job instance at 0x7f6bbe4dbd20>,1,18,[4 9],2,2,20,0,2
1,<environment.Job instance at 0x7f6bbe4dbdc0>,4,20,[10  2],6,20,40,14,11
1,<environment.Job instance at 0x7f6bbe003500>,21,12,[4 8],31,40,52,9,31
1,<environment.Job instance at 0x7f6bbe3a2410>,30,13,[5 3],41,52,65,11,47
1,<environment.Job instance at 0x7f6b78121820>,39,17,[9 4],50,79,96,29,79
1,<environment.Job instance at 0x7f6b781212d0>,44,16,[3 8],55,96,112,41,96
1,<environment.Job instance at 0x7f6bbe6f4910>,48,14,[9 4],61,112,126,51,97
1,<environment.Job instance at 0x7f6bbe1e4320>,57,26,[10  4],75,136,162,61,136
1,<environment.Job instance at 0x7f6bbe52e0a0>,0,14,[1 9],1,1,15,0,1
1,<environment.Job instance at 0x7f6bbe660730>,2,12,[3 7],5,15,27,10,5
1,<environment.Job instance at 0x7f6b783af230>,3,16,[7 2],6,15,31,9,6
1,<environment.Job instance at 0x7f6b784410f0>,19,20,[5 2],26,31,51,5,28
1,<environment.Job instance at 0x7f6b783af410>,12,2,[ 1 10],18,51,53,33,32
1,<environment.Job instance at 0x7f6b784414b0>,20,15,[1 6],30,32,47,2,32
1,<environment.Job instance at 0x7f6bbde6f640>,23,18,[5 3],33,53,71,20,43
1,<environment.Job instance at 0x7f6bbdf32f00>,36,17,[10  1],52,71,88,19,59
1,<environment.Job instance at 0x7f6bbe978e60>,42,3,[2 6],59,59,62,0,59
1,<environment.Job instance at 0x7f6bbdff8820>,47,2,[5 8],67,88,90,21,69
1,<environment.Job instance at 0x7f6bbdff8f50>,49,1,[6 5],69,90,91,21,70
1,<environment.Job instance at 0x7f6bbe178910>,52,22,[8 4],73,93,115,20,93
1,<environment.Job instance at 0x7f6bbe210a00>,67,14,[2 9],99,135,149,36,135
1,<environment.Job instance at 0x7f6b780515a0>,71,19,[2 9],103,149,168,46,139
1,<environment.Job instance at 0x7f6bbe97fe60>,0,15,[8 4],1,7,22,6,7
1,<environment.Job instance at 0x7f6b781fad70>,10,17,[5 6],14,22,39,8,14
1,<environment.Job instance at 0x7f6b781fa9b0>,15,1,[2 5],20,21,22,1,21
1,<environment.Job instance at 0x7f6b781fa320>,16,1,[1 8],21,39,40,18,24
1,<environment.Job instance at 0x7f6bbdd39c30>,34,26,[3 7],46,74,100,28,74
1,<environment.Job instance at 0x7f6b78178050>,47,17,[7 2],68,96,113,28,96
1,<environment.Job instance at 0x7f6b7815b780>,53,16,[6 4],76,113,129,37,111
1,<environment.Job instance at 0x7f6b781781e0>,54,14,[1 7],77,129,143,52,114
1,<environment.Job instance at 0x7f6b78477b90>,65,16,[3 5],90,143,159,53,133
1,<environment.Job instance at 0x7f6bbe366dc0>,4,25,[10  3],6,8,33,2,8
1,<environment.Job instance at 0x7f6bbe4f0230>,15,17,[ 4 10],24,33,50,9,27
1,<environment.Job instance at 0x7f6b7880ba50>,24,2,[9 3],35,50,52,15,36
1,<environment.Job instance at 0x7f6b7840af50>,25,15,[2 7],36,52,67,16,38
1,<environment.Job instance at 0x7f6b78768190>,28,1,[6 4],43,67,68,24,43
1,<environment.Job instance at 0x7f6bbe582870>,18,17,[3 9],27,68,85,41,57
1,<environment.Job instance at 0x7f6b78768af0>,33,16,[6 2],51,85,101,34,81
1,<environment.Job instance at 0x7f6bbe515320>,38,3,[1 7],57,87,90,30,87
1,<environment.Job instance at 0x7f6bbe566c80>,45,23,[5 6],70,101,124,31,95
1,<environment.Job instance at 0x7f6bbe5666e0>,46,17,[3 8],73,124,141,51,118
1,<environment.Job instance at 0x7f6bbeaf7fa0>,51,18,[9 5],79,153,171,74,153
1,<environment.Job instance at 0x7f6b77e37500>,2,12,[5 7],3,8,20,5,8
1,<environment.Job instance at 0x7f6b77e33d20>,6,12,[ 5 10],9,20,32,11,9
1,<environment.Job instance at 0x7f6b77dda320>,15,3,[1 5],23,32,35,9,23
1,<environment.Job instance at 0x7f6b77dda3c0>,17,2,[5 3],28,32,34,4,28
1,<environment.Job instance at 0x7f6b77ddaa00>,20,1,[5 8],31,35,36,4,31
1,<environment.Job instance at 0x7f6b77dda5a0>,13,13,[7 3],19,36,49,17,35
1,<environment.Job instance at 0x7f6b77ddb140>,25,26,[2 5],38,38,64,0,38
1,<environment.Job instance at 0x7f6b77ddbc30>,29,15,[9 5],43,64,79,21,59
1,<environment.Job instance at 0x7f6b77e18820>,41,15,[3 5],60,79,94,19,68
1,<environment.Job instance at 0x7f6b77e18f50>,42,17,[4 5],61,79,96,18,73
1,<environment.Job instance at 0x7f6b77e18aa0>,46,13,[ 4 10],66,96,109,30,86
1,<environment.Job instance at 0x7f6b77ddc500>,55,1,[6 5],82,111,112,29,111
1,<environment.Job instance at 0x7f6b77ddce10>,59,16,[4 6],86,116,132,30,116
1,<environment.Job instance at 0x7f6b77de5460>,63,1,[2 8],92,132,133,40,117
1,<environment.Job instance at 0x7f6b77de5640>,69,13,[ 5 10],99,133,146,34,122
1,<environment.Job instance at 0x7f6b77de5730>,71,3,[10  1],102,146,149,44,126
1,<environment.Job instance at 0x7f6b77e22af0>,72,3,[9 1],103,149,152,46,126
1,<environment.Job instance at 0x7f6b77e220a0>,76,12,[4 7],113,152,164,39,140
1,<environment.Job instance at 0x7f6b77e22190>,79,19,[8 1],117,164,183,47,154
1,<environment.Job instance at 0x7f6b77f565a0>,0,17,[7 2],1,1,18,0,1
1,<environment.Job instance at 0x7f6b785f0370>,4,16,[2 7],10,10,26,0,10
1,<environment.Job instance at 0x7f6bbdecf500>,6,16,[5 7],12,26,42,14,13
1,<environment.Job instance at 0x7f6b782f75a0>,17,14,[5 2],26,26,40,0,26
1,<environment.Job instance at 0x7f6b787f9550>,18,17,[1 8],27,42,59,15,31
1,<environment.Job instance at 0x7f6b782e7c80>,34,1,[3 6],56,69,70,13,69
1,<environment.Job instance at 0x7f6bbdec3f00>,16,15,[10  5],25,74,89,49,74
1,<environment.Job instance at 0x7f6b782f3f00>,38,15,[8 5],62,91,106,29,91
1,<environment.Job instance at 0x7f6b781011e0>,52,17,[10  4],83,110,127,27,110
1,<environment.Job instance at 0x7f6b780f7a00>,55,1,[8 1],88,127,128,39,110
1,<environment.Job instance at 0x7f6b780d7820>,61,12,[5 6],95,128,140,33,123
1,<environment.Job instance at 0x7f6bbdecf910>,10,26,[9 3],17,140,166,123,140
1,<environment.Job instance at 0x7f6bbded9e10>,2,13,[4 7],4,4,17,0,4
1,<environment.Job instance at 0x7f6bbe4e5d20>,3,27,[4 9],6,20,47,14,20
1,<environment.Job instance at 0x7f6bbe26a6e0>,22,17,[5 9],31,47,64,16,47
1,<environment.Job instance at 0x7f6bbe35e550>,34,23,[ 1 10],49,86,109,37,86
1,<environment.Job instance at 0x7f6b78570730>,41,14,[2 8],63,109,123,46,101
1,<environment.Job instance at 0x7f6bbe9f40f0>,50,15,[10  5],79,123,138,44,115
1,<environment.Job instance at 0x7f6b781c9230>,57,14,[5 4],87,138,152,51,131
1,<environment.Job instance at 0x7f6bbe380a50>,59,13,[5 3],90,138,151,48,131
1,<environment.Job instance at 0x7f6b78780aa0>,62,16,[3 6],95,151,167,56,139
1,<environment.Job instance at 0x7f6bc327f780>,2,13,[10  2],4,4,17,0,4
1,<environment.Job instance at 0x7f6bc327acd0>,8,18,[5 2],14,18,36,4,18
1,<environment.Job instance at 0x7f6bbe6d07d0>,10,2,[5 5],19,19,21,0,19
1,<environment.Job instance at 0x7f6b784ec780>,18,27,[3 5],28,32,59,4,32
1,<environment.Job instance at 0x7f6b78541af0>,30,16,[8 5],44,59,75,15,47
1,<environment.Job instance at 0x7f6b785410f0>,34,18,[9 2],49,75,93,26,66
1,<environment.Job instance at 0x7f6b77e56460>,48,17,[5 7],72,93,110,21,85
1,<environment.Job instance at 0x7f6ba7642820>,59,13,[5 3],90,120,133,30,120
1,<environment.Job instance at 0x7f6b787eab40>,62,14,[7 5],94,133,147,39,123
1,<environment.Job instance at 0x7f6b787ea230>,72,22,[1 7],109,148,170,39,148
1,<environment.Job instance at 0x7f6b7877eaf0>,2,17,[8 3],4,4,21,0,4
1,<environment.Job instance at 0x7f6b7878ca50>,17,12,[7 1],24,25,37,1,25
1,<environment.Job instance at 0x7f6b78766140>,24,14,[8 3],32,37,51,5,35
1,<environment.Job instance at 0x7f6b78779eb0>,19,23,[6 2],26,51,74,25,46
1,<environment.Job instance at 0x7f6b78760780>,33,21,[1 6],42,49,70,7,49
1,<environment.Job instance at 0x7f6b787605f0>,37,13,[10  4],47,74,87,27,58
1,<environment.Job instance at 0x7f6b7875e370>,42,28,[5 2],55,89,117,34,89
1,<environment.Job instance at 0x7f6b7875ed20>,51,22,[10  3],65,123,145,58,123
1,<environment.Job instance at 0x7f6b78770e10>,60,23,[5 6],76,149,172,73,149
1,<environment.Job instance at 0x7f4f803de1e0>,0,13,[9 3],1,1,14,0,1
1,<environment.Job instance at 0x7f4f7afce3c0>,6,18,[6 2],12,14,32,2,13
1,<environment.Job instance at 0x7f4f7afce640>,11,13,[10  2],18,32,45,14,18
1,<environment.Job instance at 0x7f4f7afd3550>,34,13,[2 8],57,57,70,0,57
1,<environment.Job instance at 0x7f4f7afd34b0>,35,17,[10  1],58,70,87,12,59
1,<environment.Job instance at 0x7f4f7afd6140>,44,22,[4 6],74,87,109,13,80
1,<environment.Job instance at 0x7f4f7afd6500>,49,1,[9 5],82,109,110,27,86
1,<environment.Job instance at 0x7f4f7afd6910>,50,16,[4 7],84,110,126,26,105
1,<environment.Job instance at 0x7f4f7afd8280>,62,27,[ 1 10],98,126,153,28,125
1,<environment.Job instance at 0x7f4f7afd8d20>,71,15,[3 8],111,153,168,42,139
1,<environment.Job instance at 0x7f4f7afd8f00>,74,17,[2 7],115,168,185,53,160
1,<environment.Job instance at 0x7f4f8054f7d0>,7,15,[5 4],12,14,29,2,14
1,<environment.Job instance at 0x7f4f8054de10>,10,17,[5 7],19,29,46,10,19
1,<environment.Job instance at 0x7f4f805543c0>,17,3,[ 2 10],28,46,49,18,28
1,<environment.Job instance at 0x7f4f80552c80>,23,12,[5 4],35,49,61,14,35
1,<environment.Job instance at 0x7f4f80552690>,24,27,[1 6],36,49,76,13,47
1,<environment.Job instance at 0x7f4f80406cd0>,31,15,[2 7],49,76,91,27,62
1,<environment.Job instance at 0x7f4f80405aa0>,41,2,[8 1],59,67,69,8,67
1,<environment.Job instance at 0x7f4f80405b40>,42,2,[10  2],60,91,93,31,69
1,<environment.Job instance at 0x7f4f80405e10>,43,19,[6 4],61,93,112,32,85
1,<environment.Job instance at 0x7f4f80559910>,47,1,[6 4],65,112,113,47,86
1,<environment.Job instance at 0x7f4f80405960>,44,14,[3 6],62,93,107,31,88
1,<environment.Job instance at 0x7f4f80548a00>,62,14,[8 2],87,113,127,26,108
1,<environment.Job instance at 0x7f4f80462f00>,65,17,[3 8],92,127,144,35,121
1,<environment.Job instance at 0x7f4f3536ed20>,75,13,[9 3],107,144,157,37,132
1,<environment.Job instance at 0x7f4f3534b690>,80,13,[3 7],112,157,170,45,145
1,<environment.Job instance at 0x7f4f3534b370>,84,3,[3 5],117,170,173,53,152
1,<environment.Job instance at 0x7f4f7afd6410>,0,19,[9 4],2,4,23,2,4
1,<environment.Job instance at 0x7f4f353557d0>,6,12,[7 2],11,23,35,12,12
1,<environment.Job instance at 0x7f4f3533efa0>,8,23,[3 6],14,23,46,9,21
1,<environment.Job instance at 0x7f4f7ad8c9b0>,22,2,[2 6],37,46,48,9,37
1,<environment.Job instance at 0x7f4f7b47acd0>,23,13,[7 3],39,39,52,0,39
1,<environment.Job instance at 0x7f4f3522ac30>,24,25,[10  4],40,52,77,12,49
1,<environment.Job instance at 0x7f4f35282190>,34,21,[5 7],55,77,98,22,69
1,<environment.Job instance at 0x7f4f35282960>,40,13,[5 2],64,81,94,17,81
1,<environment.Job instance at 0x7f4f35282410>,41,12,[9 1],66,98,110,32,85
1,<environment.Job instance at 0x7f4f35268550>,46,15,[ 5 10],74,110,125,36,96
1,<environment.Job instance at 0x7f4f7ae5a7d0>,61,15,[2 7],98,139,154,41,139
1,<environment.Job instance at 0x7f4f3527e0a0>,63,14,[5 9],102,154,168,52,140
1,<environment.Job instance at 0x7f4f7b3965a0>,1,15,[9 4],3,5,20,2,5
1,<environment.Job instance at 0x7f4f80407370>,4,14,[7 5],6,20,34,14,6
1,<environment.Job instance at 0x7f4f357829b0>,12,15,[2 9],17,34,49,17,25
1,<environment.Job instance at 0x7f4f352cb140>,25,13,[10  3],34,49,62,15,34
1,<environment.Job instance at 0x7f4f7afdceb0>,31,18,[1 8],44,62,80,18,58
1,<environment.Job instance at 0x7f4f352af1e0>,50,22,[5 9],70,97,119,27,97
1,<environment.Job instance at 0x7f4f3527e280>,55,15,[3 7],80,119,134,39,108
1,<environment.Job instance at 0x7f4f7b70a370>,61,16,[1 5],90,134,150,44,121
1,<environment.Job instance at 0x7f4f8054f280>,67,18,[4 6],97,150,168,53,139
1,<environment.Job instance at 0x7f4f8054fb40>,69,17,[7 4],99,168,185,69,156
1,<environment.Job instance at 0x7f4f359505a0>,1,13,[7 1],4,4,17,0,4
1,<environment.Job instance at 0x7f4f35990d70>,4,13,[5 9],8,17,30,9,9
1,<environment.Job instance at 0x7f4f7adb7280>,18,3,[10  1],28,30,33,2,28
1,<environment.Job instance at 0x7f4f7ade5960>,19,1,[ 3 10],29,33,34,4,29
1,<environment.Job instance at 0x7f4f7ade5d20>,20,1,[1 6],30,34,35,4,30
1,<environment.Job instance at 0x7f4f7ade50a0>,21,17,[10  4],31,35,52,4,31
1,<environment.Job instance at 0x7f4f7add2730>,33,27,[ 5 10],44,52,79,8,51
1,<environment.Job instance at 0x7f4f7add39b0>,42,15,[ 1 10],58,80,95,22,80
1,<environment.Job instance at 0x7f4f7add3f00>,44,1,[ 2 10],65,95,96,30,80
1,<environment.Job instance at 0x7f4f7b67dc30>,13,18,[10  4],19,96,114,77,96
1,<environment.Job instance at 0x7f4f7add16e0>,49,1,[ 2 10],70,114,115,44,97
1,<environment.Job instance at 0x7f4f7add1be0>,53,2,[2 5],75,115,117,40,110
1,<environment.Job instance at 0x7f4f7add1690>,51,21,[1 5],73,115,136,42,110
1,<environment.Job instance at 0x7f4f7add1af0>,48,27,[2 5],69,117,144,48,115
1,<environment.Job instance at 0x7f4f35992910>,60,18,[2 6],84,144,162,60,133
1,<environment.Job instance at 0x7f4f7ae72960>,66,2,[4 7],90,162,164,72,144
1,<environment.Job instance at 0x7f4f7adb4820>,73,2,[ 4 10],102,164,166,62,161
1,<environment.Job instance at 0x7f4f35992d20>,64,27,[9 3],88,166,193,78,164
1,<environment.Job instance at 0x7f4f359864b0>,1,15,[9 3],3,4,19,1,4
1,<environment.Job instance at 0x7f4f7bafff50>,5,19,[7 1],9,22,41,13,22
1,<environment.Job instance at 0x7f4f7b47bc80>,13,13,[3 6],23,24,37,1,24
1,<environment.Job instance at 0x7f4f7b63aaa0>,20,24,[2 6],33,37,61,4,33
1,<environment.Job instance at 0x7f4f7b63a4b0>,22,28,[7 4],40,41,69,1,40
1,<environment.Job instance at 0x7f4f7b63ad70>,27,1,[9 3],47,69,70,22,51
1,<environment.Job instance at 0x7f4f7b63a2d0>,24,18,[5 9],42,71,89,29,71
1,<environment.Job instance at 0x7f4f7b7e3870>,46,15,[4 9],77,89,104,12,82
1,<environment.Job instance at 0x7f4f7b9d7640>,70,15,[5 2],109,135,150,26,135
1,<environment.Job instance at 0x7f4f800b32d0>,71,13,[3 6],110,137,150,27,137
1,<environment.Job instance at 0x7f4f356225a0>,72,19,[4 5],111,150,169,39,140
1,<environment.Job instance at 0x7f4f7b20e190>,83,18,[9 1],124,169,187,45,161
1,<environment.Job instance at 0x7f4f7b7e29b0>,0,13,[8 3],1,1,14,0,1
1,<environment.Job instance at 0x7f4f7b592e10>,1,14,[9 5],2,14,28,12,2
1,<environment.Job instance at 0x7f4f7b7e2dc0>,6,16,[ 3 10],10,28,44,18,15
1,<environment.Job instance at 0x7f4f7b5d48c0>,21,18,[5 1],34,56,74,22,56
1,<environment.Job instance at 0x7f4f7b0a3730>,22,16,[2 6],37,58,74,21,58
1,<environment.Job instance at 0x7f4f7b4c7b90>,23,16,[6 3],38,74,90,36,61
1,<environment.Job instance at 0x7f4f7b28eaf0>,37,1,[5 6],55,90,91,35,86
1,<environment.Job instance at 0x7f4f354526e0>,38,13,[9 3],56,91,104,35,88
1,<environment.Job instance at 0x7f4f7b78c370>,45,21,[4 7],65,106,127,41,106
1,<environment.Job instance at 0x7f4f35417550>,53,18,[1 7],76,134,152,58,134
1,<environment.Job instance at 0x7f4f355d2af0>,60,21,[10  4],86,165,186,79,165
1,<environment.Job instance at 0x7f4f355d2230>,61,3,[1 6],87,186,189,99,166
1,<environment.Job instance at 0x7f4f358a9140>,63,3,[3 8],90,189,192,99,166
1,<environment.Job instance at 0x7f4f355b1960>,5,14,[7 2],12,15,29,3,15
1,<environment.Job instance at 0x7f4f355d00f0>,12,16,[6 5],20,29,45,9,20
1,<environment.Job instance at 0x7f4f355d03c0>,15,1,[4 7],25,45,46,20,37
1,<environment.Job instance at 0x7f4f355d0cd0>,21,25,[ 1 10],36,46,71,10,42
1,<environment.Job instance at 0x7f4f355a65a0>,30,2,[1 6],54,71,73,17,55
1,<environment.Job instance at 0x7f4f355a64b0>,28,2,[5 3],52,71,73,19,56
1,<environment.Job instance at 0x7f4f355a6640>,35,3,[2 6],59,73,76,14,59
1,<environment.Job instance at 0x7f4f355a6c80>,37,1,[9 4],61,76,77,15,61
1,<environment.Job instance at 0x7f4f355a6fa0>,38,2,[2 7],62,77,79,15,62
1,<environment.Job instance at 0x7f4f355a6910>,34,1,[8 2],58,73,74,15,62
1,<environment.Job instance at 0x7f4f355d37d0>,44,2,[9 2],70,79,81,9,70
1,<environment.Job instance at 0x7f4f355a6230>,25,25,[ 5 10],46,81,106,35,77
1,<environment.Job instance at 0x7f4f355c27d0>,56,17,[2 7],85,106,123,21,102
1,<environment.Job instance at 0x7f4f355d3cd0>,49,20,[6 4],75,123,143,48,115
1,<environment.Job instance at 0x7f4f355c25a0>,66,12,[6 3],95,143,155,48,126
1,<environment.Job instance at 0x7f4f355a1410>,72,17,[9 4],104,155,172,51,147
1,<environment.Job instance at 0x7f4f356aad20>,3,18,[10  1],8,8,26,0,8
1,<environment.Job instance at 0x7f4f354cebe0>,13,19,[9 3],19,26,45,7,20
1,<environment.Job instance at 0x7f4f358e4280>,20,2,[3 9],27,45,47,18,29
1,<environment.Job instance at 0x7f4f7b7384b0>,27,21,[10  2],36,47,68,11,39
1,<environment.Job instance at 0x7f4f7b5abfa0>,31,2,[2 7],48,68,70,20,49
1,<environment.Job instance at 0x7f4f3581a0a0>,34,17,[5 1],51,68,85,17,57
1,<environment.Job instance at 0x7f4f7afbe500>,40,14,[6 3],60,85,99,25,80
1,<environment.Job instance at 0x7f4f7bb7fe60>,44,2,[9 2],67,99,101,32,80
1,<environment.Job instance at 0x7f4f3575ed20>,46,1,[8 1],69,101,102,32,83
1,<environment.Job instance at 0x7f4f3575eaf0>,47,3,[7 5],70,102,105,32,85
1,<environment.Job instance at 0x7f4f3575e550>,50,3,[5 6],73,105,108,32,90
1,<environment.Job instance at 0x7f4f7b8cc7d0>,58,13,[4 5],85,108,121,23,96
1,<environment.Job instance at 0x7f4f7b70a870>,65,13,[8 1],95,121,134,26,106
1,<environment.Job instance at 0x7f4f7b70a140>,69,14,[6 1],99,134,148,35,119
1,<environment.Job instance at 0x7f4f35393190>,72,17,[3 7],102,134,151,32,123
1,<environment.Job instance at 0x7f4f7b709820>,82,13,[3 5],117,151,164,34,135
1,<environment.Job instance at 0x7f4f352c04b0>,89,18,[2 8],129,164,182,35,154
1,<environment.Job instance at 0x7f4f7b520190>,7,3,[5 6],11,16,19,5,16
1,<environment.Job instance at 0x7f4f7ba9aaa0>,10,16,[3 5],16,19,35,3,17
1,<environment.Job instance at 0x7f4f3562cc30>,19,16,[4 6],28,35,51,7,28
1,<environment.Job instance at 0x7f4f354ac230>,24,15,[1 6],33,51,66,18,42
1,<environment.Job instance at 0x7f4f351a8230>,29,1,[4 9],38,66,67,28,57
1,<environment.Job instance at 0x7f4f7b25d5f0>,31,13,[1 9],40,67,80,27,57
1,<environment.Job instance at 0x7f4f7afc22d0>,34,1,[10  3],46,80,81,34,64
1,<environment.Job instance at 0x7f4f7afc2320>,35,17,[4 6],47,81,98,34,70
1,<environment.Job instance at 0x7f4f7b5285f0>,43,18,[5 2],61,94,112,33,94
1,<environment.Job instance at 0x7f4f7b25dc80>,28,12,[9 5],37,112,124,75,112
1,<environment.Job instance at 0x7f4f7b392550>,46,15,[7 4],64,124,139,60,119
1,<environment.Job instance at 0x7f4f7add9320>,56,3,[2 5],83,136,139,53,136
1,<environment.Job instance at 0x7f4f7add92d0>,57,13,[ 2 10],86,139,152,53,137
1,<environment.Job instance at 0x7f4f7af3a2d0>,60,15,[ 1 10],91,152,167,61,138
1,<environment.Job instance at 0x7f4f7b025050>,65,12,[10  2],98,167,179,69,156
1,<environment.Job instance at 0x7f4f3566e140>,0,24,[1 8],3,4,28,1,4
1,<environment.Job instance at 0x7f4f35462a50>,4,12,[7 2],10,10,22,0,10
1,<environment.Job instance at 0x7f4f35462d20>,5,16,[1 8],13,28,44,15,15
1,<environment.Job instance at 0x7f4f35462c80>,9,26,[6 2],17,22,48,5,19
1,<environment.Job instance at 0x7f4f35476a00>,18,2,[5 4],32,48,50,16,34
1,<environment.Job instance at 0x7f4f35476820>,16,3,[5 5],30,48,51,18,34
1,<environment.Job instance at 0x7f4f354769b0>,19,12,[2 5],33,50,62,17,35
1,<environment.Job instance at 0x7f4f354571e0>,25,2,[6 2],41,51,53,10,41
1,<environment.Job instance at 0x7f4f35457910>,30,1,[10  1],52,62,63,10,52
1,<environment.Job instance at 0x7f4f354576e0>,31,14,[7 3],53,63,77,10,54
1,<environment.Job instance at 0x7f4f35457eb0>,36,18,[10  4],60,77,95,17,68
1,<environment.Job instance at 0x7f4f3545b780>,44,13,[3 8],71,95,108,24,86
1,<environment.Job instance at 0x7f4f3545b690>,48,22,[ 2 10],75,108,130,33,108
1,<environment.Job instance at 0x7f4f3546b5a0>,56,2,[ 1 10],89,130,132,41,118
1,<environment.Job instance at 0x7f4f3546b6e0>,58,12,[4 8],91,132,144,41,118
1,<environment.Job instance at 0x7f4f3546b780>,59,2,[10  3],92,144,146,52,118
1,<environment.Job instance at 0x7f4f3546bb90>,66,18,[ 4 10],100,146,164,46,136
1,<environment.Job instance at 0x7f4f3547f4b0>,75,17,[5 9],109,164,181,55,153
1,<environment.Job instance at 0x7f4f3547f5f0>,78,2,[ 3 10],112,181,183,69,165
1,<environment.Job instance at 0x7f4f3547f550>,77,2,[3 7],111,183,185,72,165
1,<environment.Job instance at 0x7f4f3546baf0>,0,18,[10  2],1,1,19,0,1
1,<environment.Job instance at 0x7f4f805459b0>,5,18,[ 3 10],10,19,37,9,12
1,<environment.Job instance at 0x7f4f3564a6e0>,16,3,[10  1],25,37,40,12,27
1,<environment.Job instance at 0x7f4f7b02d5a0>,20,2,[ 5 10],30,40,42,10,36
1,<environment.Job instance at 0x7f4f7b2f0140>,9,16,[5 2],16,42,58,26,37
1,<environment.Job instance at 0x7f4f3545f3c0>,25,22,[2 9],36,58,80,22,51
1,<environment.Job instance at 0x7f4f3545f910>,32,16,[7 4],46,80,96,34,67
1,<environment.Job instance at 0x7f4f3562e870>,38,12,[3 7],55,96,108,41,94
1,<environment.Job instance at 0x7f4f7af00cd0>,39,16,[7 2],56,103,119,47,103
1,<environment.Job instance at 0x7f4f35624e60>,43,18,[8 1],62,119,137,57,110
1,<environment.Job instance at 0x7f4f7b7d9eb0>,53,1,[7 1],74,137,138,63,124
1,<environment.Job instance at 0x7f4f353ee690>,56,15,[1 6],80,130,145,50,130
1,<environment.Job instance at 0x7f4f35959050>,60,13,[7 5],84,145,158,61,130
1,<environment.Job instance at 0x7f4f7b342eb0>,65,15,[8 4],91,158,173,67,145
1,<environment.Job instance at 0x7f4f35121820>,1,12,[8 2],2,2,14,0,2
1,<environment.Job instance at 0x7f4f35121410>,4,28,[ 3 10],5,23,51,18,23
1,<environment.Job instance at 0x7f4f7addf0f0>,20,27,[2 6],28,57,84,29,57
1,<environment.Job instance at 0x7f4f355a2c80>,32,13,[3 6],43,84,97,41,69
1,<environment.Job instance at 0x7f4f355a2280>,35,15,[6 5],48,97,112,49,83
1,<environment.Job instance at 0x7f4f7b53cfa0>,55,15,[8 4],72,124,139,52,124
1,<environment.Job instance at 0x7f4f8031d0f0>,62,16,[4 9],83,139,155,56,138
1,<environment.Job instance at 0x7f4f8031dd70>,63,12,[8 3],84,155,167,71,144
1,<environment.Job instance at 0x7f4f8031d5a0>,66,13,[8 5],88,167,180,79,162
1,<environment.Job instance at 0x7f4f7bbc4320>,73,13,[8 2],101,180,193,79,164
1,<environment.Job instance at 0x7f4f358dd7d0>,5,12,[7 4],11,11,23,0,11
1,<environment.Job instance at 0x7f4f358dd0a0>,6,25,[1 6],12,12,37,0,12
1,<environment.Job instance at 0x7f4f7ad9cbe0>,16,16,[ 2 10],25,37,53,12,26
1,<environment.Job instance at 0x7f4f35912a50>,25,12,[8 1],35,53,65,18,37
1,<environment.Job instance at 0x7f4f7b102690>,34,20,[5 8],50,65,85,15,57
1,<environment.Job instance at 0x7f4f35168d20>,38,1,[8 4],55,85,86,30,59
1,<environment.Job instance at 0x7f4f35168eb0>,39,12,[3 8],56,86,98,30,70
1,<environment.Job instance at 0x7f4f7b97f370>,51,18,[2 8],75,107,125,32,107
1,<environment.Job instance at 0x7f4f7b97fb40>,52,15,[3 9],76,125,140,49,112
1,<environment.Job instance at 0x7f4f7b97ff00>,3,12,[7 1],5,5,17,0,5
1,<environment.Job instance at 0x7f4f7b787050>,8,12,[5 9],10,17,29,7,11
1,<environment.Job instance at 0x7f4f7b787370>,9,1,[ 4 10],11,29,30,18,15
1,<environment.Job instance at 0x7f4f7b52d870>,14,2,[2 5],18,30,32,12,18
1,<environment.Job instance at 0x7f4f7b2b0690>,16,1,[10  3],20,32,33,12,20
1,<environment.Job instance at 0x7f4f7b52da00>,18,1,[9 3],22,33,34,11,23
1,<environment.Job instance at 0x7f4f7b787140>,11,18,[7 4],14,34,52,20,26
1,<environment.Job instance at 0x7f4f357959b0>,26,14,[7 4],34,52,66,18,37
1,<environment.Job instance at 0x7f4f35868910>,32,3,[1 5],43,43,46,0,43
1,<environment.Job instance at 0x7f4f7b52d050>,12,13,[3 8],15,66,79,51,55
1,<environment.Job instance at 0x7f4f7b6bb780>,46,15,[9 5],63,82,97,19,82
1,<environment.Job instance at 0x7f4f354cb5a0>,51,26,[ 3 10],70,97,123,27,95
1,<environment.Job instance at 0x7f4f7b12beb0>,58,15,[3 5],80,123,138,43,120
1,<environment.Job instance at 0x7f4f7b20e370>,60,21,[9 4],82,138,159,56,130
1,<environment.Job instance at 0x7f4f354a7960>,63,13,[ 4 10],86,159,172,73,146
1,<environment.Job instance at 0x7f4f356c2910>,72,1,[6 5],102,172,173,70,154
1,<environment.Job instance at 0x7f4f356c2140>,74,2,[3 8],104,173,175,69,154
1,<environment.Job instance at 0x7f4f356c2a50>,75,3,[10  3],105,175,178,70,157
1,<environment.Job instance at 0x7f4f356c2690>,80,1,[2 8],112,178,179,66,165
1,<environment.Job instance at 0x7f4f356d7fa0>,6,12,[1 5],7,8,20,1,8
1,<environment.Job instance at 0x7f4f356d70f0>,9,13,[3 6],10,20,33,10,10
1,<environment.Job instance at 0x7f4f356d7640>,10,17,[7 2],11,11,28,0,11
1,<environment.Job instance at 0x7f4f356d7c30>,17,2,[3 5],23,33,35,10,23
1,<environment.Job instance at 0x7f4f356d7230>,12,23,[9 5],17,35,58,18,32
1,<environment.Job instance at 0x7f4f35139f00>,24,23,[5 4],32,58,81,26,52
1,<environment.Job instance at 0x7f4f3583eaf0>,40,18,[4 5],58,79,97,21,79
1,<environment.Job instance at 0x7f4f3583e140>,43,16,[2 9],65,97,113,32,85
1,<environment.Job instance at 0x7f4f35134c80>,47,27,[4 6],71,116,143,45,116
1,<environment.Job instance at 0x7f4f353362d0>,67,3,[5 8],100,143,146,43,140
1,<environment.Job instance at 0x7f4f35336050>,71,12,[5 6],105,159,171,54,159
1,<environment.Job instance at 0x7f4f35336370>,73,20,[7 3],107,171,191,64,169
1,<environment.Job instance at 0x7f4f35023e10>,1,15,[3 8],2,2,17,0,2
1,<environment.Job instance at 0x7f4f7b4b3910>,6,15,[3 9],10,17,32,7,14
1,<environment.Job instance at 0x7f4f351c9aa0>,3,27,[4 9],6,36,63,30,36
1,<environment.Job instance at 0x7f4f34f5f2d0>,23,17,[1 6],34,63,80,29,53
1,<environment.Job instance at 0x7f4f356949b0>,24,17,[ 5 10],35,80,97,45,79
1,<environment.Job instance at 0x7f4f7b3f2190>,40,17,[2 7],60,97,114,37,89
1,<environment.Job instance at 0x7f4f7b3a9e10>,44,15,[5 1],71,97,112,26,90
1,<environment.Job instance at 0x7f4f7b4bce60>,17,24,[1 5],23,120,144,97,120
1,<environment.Job instance at 0x7f4f3527a1e0>,56,17,[ 1 10],86,144,161,58,132
1,<environment.Job instance at 0x7f4f7b3a2820>,68,14,[7 2],101,161,175,60,157
1,<environment.Job instance at 0x7f4f7b39b3c0>,74,16,[1 9],107,175,191,68,165
1,<environment.Job instance at 0x7f4f7b678730>,0,18,[5 2],4,4,22,0,4
1,<environment.Job instance at 0x7f4f7b61b730>,3,15,[8 2],10,22,37,12,10
1,<environment.Job instance at 0x7f4f34fb1aa0>,18,13,[3 6],28,37,50,9,29
1,<environment.Job instance at 0x7f4f3594da50>,19,1,[ 2 10],30,50,51,20,30
1,<environment.Job instance at 0x7f4f7aea3aa0>,21,1,[5 8],32,51,52,19,32
1,<environment.Job instance at 0x7f4f7ada0b90>,27,14,[3 8],42,52,66,10,49
1,<environment.Job instance at 0x7f4f7ada0410>,31,1,[6 1],49,52,53,3,52
1,<environment.Job instance at 0x7f4f7bcfb370>,33,2,[1 9],51,66,68,15,52
1,<environment.Job instance at 0x7f4f354bfeb0>,34,13,[ 5 10],52,68,81,16,52
1,<environment.Job instance at 0x7f4f7adc4d20>,43,18,[5 7],68,81,99,13,70
1,<environment.Job instance at 0x7f4f7b7a5dc0>,57,15,[7 3],87,102,117,15,102
1,<environment.Job instance at 0x7f4f3576f370>,64,22,[1 7],99,116,138,17,116
1,<environment.Job instance at 0x7f4f3576f5a0>,70,14,[4 5],108,138,152,30,124
1,<environment.Job instance at 0x7f4f7b8cbb40>,84,15,[ 5 10],124,158,173,34,158
1,<environment.Job instance at 0x7f4f3560d8c0>,1,12,[7 1],4,4,16,0,4
1,<environment.Job instance at 0x7f4f3523d7d0>,7,13,[8 3],10,16,29,6,11
1,<environment.Job instance at 0x7f4f3523d5f0>,8,14,[8 3],12,29,43,17,15
1,<environment.Job instance at 0x7f4f35030140>,19,13,[9 3],25,43,56,18,33
1,<environment.Job instance at 0x7f4f35395b40>,22,15,[10  3],29,56,71,27,49
1,<environment.Job instance at 0x7f4f7bd01f00>,29,12,[8 4],38,71,83,33,70
1,<environment.Job instance at 0x7f4f3544feb0>,40,17,[7 2],51,115,132,64,115
1,<environment.Job instance at 0x7f4f80551550>,54,13,[5 5],73,151,164,78,151
1,<environment.Job instance at 0x7f4f80551500>,58,17,[1 6],80,164,181,84,153
1,<environment.Job instance at 0x7f4f7bc2ec80>,0,13,[9 5],1,1,14,0,1
1,<environment.Job instance at 0x7f4f35319af0>,3,26,[9 2],9,14,40,5,14
1,<environment.Job instance at 0x7f4f7bb3f640>,20,13,[2 7],31,40,53,9,31
1,<environment.Job instance at 0x7f4f35815690>,22,15,[10  5],33,53,68,20,40
1,<environment.Job instance at 0x7f4f35262b40>,38,16,[2 5],54,76,92,22,76
1,<environment.Job instance at 0x7f4f35052f50>,40,18,[9 4],56,92,110,36,81
1,<environment.Job instance at 0x7f4f350526e0>,47,12,[2 8],67,110,122,43,100
1,<environment.Job instance at 0x7f4f350521e0>,51,14,[1 7],74,122,136,48,107
1,<environment.Job instance at 0x7f4f35046190>,55,2,[2 8],78,136,138,58,114
1,<environment.Job instance at 0x7f4f3525ed20>,62,14,[3 7],90,157,171,67,157
1,<environment.Job instance at 0x7f4f353d80f0>,69,22,[3 6],99,171,193,72,164
1,<environment.Job instance at 0x7fb8db4582d0>,3,22,[5 7],5,15,37,10,15
1,<environment.Job instance at 0x7fb8d6049c80>,18,1,[7 5],30,37,38,7,31
1,<environment.Job instance at 0x7fb8d604c190>,19,1,[6 5],31,38,39,7,32
1,<environment.Job instance at 0x7fb8d6049640>,14,15,[7 4],22,39,54,17,34
1,<environment.Job instance at 0x7fb8d604c500>,21,27,[1 6],33,39,66,6,39
1,<environment.Job instance at 0x7fb8d604ca00>,28,2,[5 5],47,66,68,19,47
1,<environment.Job instance at 0x7fb8d604d230>,30,13,[4 7],51,68,81,17,55
1,<environment.Job instance at 0x7fb8d604d370>,33,12,[ 2 10],56,81,93,25,65
1,<environment.Job instance at 0x7fb8d604d6e0>,38,1,[2 6],62,93,94,31,67
1,<environment.Job instance at 0x7fb8d604d7d0>,39,2,[6 5],63,94,96,31,67
1,<environment.Job instance at 0x7fb8d604dc80>,40,3,[5 5],66,96,99,30,70
1,<environment.Job instance at 0x7fb8d604d960>,41,13,[6 5],67,99,112,32,85
1,<environment.Job instance at 0x7fb8d604e4b0>,48,1,[5 5],81,96,97,15,89
1,<environment.Job instance at 0x7fb8d604e2d0>,49,1,[9 5],82,112,113,30,90
1,<environment.Job instance at 0x7fb8d604e460>,50,16,[4 7],84,113,129,29,104
1,<environment.Job instance at 0x7fb8d604ecd0>,59,19,[3 8],95,129,148,34,119
1,<environment.Job instance at 0x7fb8d60511e0>,64,21,[5 3],101,148,169,47,141
1,<environment.Job instance at 0x7fb8d6051aa0>,71,15,[3 8],111,169,184,58,156
1,<environment.Job instance at 0x7fb8d60562d0>,77,20,[7 1],118,177,197,59,177
1,<environment.Job instance at 0x7fb8d6056460>,79,17,[3 9],120,184,201,64,177
1,<environment.Job instance at 0x7fb8d60563c0>,1,18,[6 1],6,6,24,0,6
1,<environment.Job instance at 0x7fb8db47f2d0>,4,20,[ 2 10],10,24,44,14,19
1,<environment.Job instance at 0x7fb8db5c1cd0>,16,12,[5 4],25,44,56,19,27
1,<environment.Job instance at 0x7fb8db5c7280>,22,13,[5 7],34,56,69,22,47
1,<environment.Job instance at 0x7fb8db5c70a0>,23,16,[1 9],35,69,85,34,61
1,<environment.Job instance at 0x7fb8db5cedc0>,29,15,[1 7],44,85,100,41,71
1,<environment.Job instance at 0x7fb8db5c5820>,44,14,[9 4],60,100,114,40,94
1,<environment.Job instance at 0x7fb8db5d3050>,55,14,[8 2],77,114,128,37,111
1,<environment.Job instance at 0x7fb8db5d2cd0>,68,13,[9 3],97,157,170,60,157
1,<environment.Job instance at 0x7fb8db5d2d70>,74,17,[ 2 10],104,170,187,66,162
1,<environment.Job instance at 0x7fb8d604e9b0>,0,25,[10  1],2,2,27,0,2
1,<environment.Job instance at 0x7fb89035d910>,18,14,[10  1],33,34,48,1,34
1,<environment.Job instance at 0x7fb8903087d0>,11,18,[9 4],22,48,66,26,37
1,<environment.Job instance at 0x7fb89035d8c0>,21,3,[10  3],36,66,69,30,40
1,<environment.Job instance at 0x7fb890300410>,30,13,[1 9],52,69,82,17,66
1,<environment.Job instance at 0x7fb8d640ccd0>,32,15,[ 5 10],54,82,97,28,75
1,<environment.Job instance at 0x7fb890420d70>,38,13,[10  5],65,97,110,32,91
1,<environment.Job instance at 0x7fb89034de10>,47,15,[2 7],78,126,141,48,126
1,<environment.Job instance at 0x7fb8d5db1960>,49,14,[5 9],82,141,155,59,126
1,<environment.Job instance at 0x7fb8d5dc02d0>,54,24,[10  5],88,155,179,67,153
1,<environment.Job instance at 0x7fb890297cd0>,3,16,[5 9],7,17,33,10,17
1,<environment.Job instance at 0x7fb8daeef230>,13,13,[4 9],20,33,46,13,20
1,<environment.Job instance at 0x7fb89070ca50>,26,17,[5 6],39,46,63,7,39
1,<environment.Job instance at 0x7fb8d63eda50>,53,14,[ 1 10],81,143,157,62,143
1,<environment.Job instance at 0x7fb890351eb0>,55,16,[5 5],83,157,173,74,145
1,<environment.Job instance at 0x7fb890351050>,57,14,[5 1],85,157,171,72,155
1,<environment.Job instance at 0x7fb89080a0f0>,67,16,[6 2],100,175,191,75,175
1,<environment.Job instance at 0x7fb8d6037fa0>,2,17,[10  3],3,3,20,0,3
1,<environment.Job instance at 0x7fb890a01be0>,11,20,[6 2],17,20,40,3,18
1,<environment.Job instance at 0x7fb8da98daf0>,17,15,[5 7],28,40,55,12,37
1,<environment.Job instance at 0x7fb89069ed20>,12,15,[ 1 10],18,55,70,37,46
1,<environment.Job instance at 0x7fb8d64a23c0>,29,2,[4 5],43,70,72,27,60
1,<environment.Job instance at 0x7fb8da98dd70>,18,27,[2 5],29,70,97,41,68
1,<environment.Job instance at 0x7fb8d64a8e60>,37,18,[8 3],52,72,90,20,72
1,<environment.Job instance at 0x7fb8d64abbe0>,47,18,[ 4 10],68,97,115,29,87
1,<environment.Job instance at 0x7fb8d64a6be0>,54,2,[6 2],77,115,117,38,98
1,<environment.Job instance at 0x7fb8d64a6b40>,55,21,[8 5],78,117,138,39,113
1,<environment.Job instance at 0x7fb8d64b8d20>,66,3,[10  3],91,138,141,47,134
1,<environment.Job instance at 0x7fb8d64b8b90>,68,17,[5 5],94,141,158,47,137
1,<environment.Job instance at 0x7fb8d6494af0>,74,3,[2 8],103,161,164,58,161
1,<environment.Job instance at 0x7fb8d5e38d70>,78,18,[3 6],108,173,191,65,173
1,<environment.Job instance at 0x7fb8906fd960>,0,22,[7 2],4,4,26,0,4
1,<environment.Job instance at 0x7fb8906fd550>,2,13,[10  4],9,26,39,17,15
1,<environment.Job instance at 0x7fb8d5f15dc0>,14,12,[2 7],26,39,51,13,26
1,<environment.Job instance at 0x7fb8d5f93500>,18,3,[9 3],31,51,54,20,34
1,<environment.Job instance at 0x7fb8dad320f0>,31,17,[6 3],50,54,71,4,53
1,<environment.Job instance at 0x7fb8dad5dd70>,39,15,[5 2],59,71,86,12,66
1,<environment.Job instance at 0x7fb8dad5d3c0>,43,12,[9 1],63,86,98,23,69
1,<environment.Job instance at 0x7fb8dadb6e10>,49,23,[5 7],71,98,121,27,92
1,<environment.Job instance at 0x7fb8dadb6140>,54,15,[9 5],76,121,136,45,107
1,<environment.Job instance at 0x7fb8dadb6370>,57,18,[3 9],80,136,154,56,125
1,<environment.Job instance at 0x7fb8dac04a00>,62,1,[1 6],85,154,155,69,130
1,<environment.Job instance at 0x7fb8da959e10>,69,16,[ 4 10],96,155,171,59,147
1,<environment.Job instance at 0x7fb8dae09c30>,71,13,[ 2 10],98,171,184,73,156
1,<environment.Job instance at 0x7fb8da96a9b0>,77,21,[10  5],109,184,205,75,176
1,<environment.Job instance at 0x7fb8d60bff00>,0,13,[2 9],1,1,14,0,1
1,<environment.Job instance at 0x7fb8d60bf2d0>,2,18,[7 2],3,14,32,11,6
1,<environment.Job instance at 0x7fb8d6262910>,15,17,[4 9],21,32,49,11,23
1,<environment.Job instance at 0x7fb8d6286690>,17,2,[10  5],23,49,51,26,24
1,<environment.Job instance at 0x7fb8907ce320>,27,18,[5 8],36,51,69,15,49
1,<environment.Job instance at 0x7fb8d606eaf0>,35,15,[9 5],46,69,84,23,67
1,<environment.Job instance at 0x7fb8904d3410>,41,15,[2 7],54,88,103,34,88
1,<environment.Job instance at 0x7fb8904d3af0>,44,17,[10  2],57,103,120,46,97
1,<environment.Job instance at 0x7fb8904d3c30>,43,17,[10  2],56,120,137,64,108
1,<environment.Job instance at 0x7fb89050a960>,56,15,[2 9],69,137,152,68,123
1,<environment.Job instance at 0x7fb8da87a5f0>,49,13,[9 4],62,152,165,90,144
1,<environment.Job instance at 0x7fb8daba9eb0>,72,20,[9 5],92,173,193,81,173
1,<environment.Job instance at 0x7fb8dae1ce60>,0,15,[9 4],1,2,17,1,2
1,<environment.Job instance at 0x7fb890428c30>,6,17,[4 9],7,17,34,10,7
1,<environment.Job instance at 0x7fb89043c5f0>,15,2,[10  5],19,34,36,15,19
1,<environment.Job instance at 0x7fb89043c640>,16,1,[2 5],20,36,37,16,20
1,<environment.Job instance at 0x7fb89043c230>,13,14,[5 5],17,36,50,19,23
1,<environment.Job instance at 0x7fb89042b1e0>,25,14,[1 9],32,50,64,18,42
1,<environment.Job instance at 0x7fb89042b3c0>,31,15,[7 3],39,64,79,25,51
1,<environment.Job instance at 0x7fb89042be60>,38,12,[4 9],47,79,91,32,77
1,<environment.Job instance at 0x7fb89042bf50>,40,13,[9 4],49,91,104,42,78
1,<environment.Job instance at 0x7fb890431780>,53,18,[5 5],73,131,149,58,131
1,<environment.Job instance at 0x7fb8904383c0>,62,17,[5 2],87,161,178,74,161
1,<environment.Job instance at 0x7fb890438a50>,67,17,[4 5],96,166,183,70,166
1,<environment.Job instance at 0x7fb8904388c0>,2,12,[8 3],3,3,15,0,3
1,<environment.Job instance at 0x7fb890438eb0>,3,13,[4 5],5,15,28,10,5
1,<environment.Job instance at 0x7fb8908a25f0>,4,12,[1 6],6,28,40,22,11
1,<environment.Job instance at 0x7fb8dafe8910>,10,13,[8 1],15,28,41,13,15
1,<environment.Job instance at 0x7fb8d614fd20>,19,14,[6 2],26,41,55,15,26
1,<environment.Job instance at 0x7fb8db01b6e0>,22,16,[9 4],31,55,71,24,43
1,<environment.Job instance at 0x7fb8d6471280>,36,14,[10  3],51,71,85,20,57
1,<environment.Job instance at 0x7fb8daaebaa0>,50,17,[4 5],71,85,102,14,77
1,<environment.Job instance at 0x7fb8daaeb730>,52,14,[1 5],73,85,99,12,78
1,<environment.Job instance at 0x7fb8daaeb820>,55,16,[1 9],78,102,118,24,92
1,<environment.Job instance at 0x7fb8db47b320>,60,14,[8 3],85,118,132,33,111
1,<environment.Job instance at 0x7fb8d6471be0>,34,18,[2 8],49,132,150,83,121
1,<environment.Job instance at 0x7fb8db022d20>,71,15,[5 1],104,138,153,34,138
1,<environment.Job instance at 0x7fb8908ba8c0>,76,19,[2 7],109,150,169,41,141
1,<environment.Job instance at 0x7fb8daf940a0>,86,12,[5 4],122,169,181,47,168
1,<environment.Job instance at 0x7fb8d60e5f50>,0,15,[ 1 10],1,2,17,1,2
1,<environment.Job instance at 0x7fb8dac081e0>,2,12,[2 8],4,17,29,13,4
1,<environment.Job instance at 0x7fb8dadc4eb0>,14,14,[5 7],24,29,43,5,24
1,<environment.Job instance at 0x7fb8d64e6f00>,23,15,[5 3],35,43,58,8,43
1,<environment.Job instance at 0x7fb8903df7d0>,30,13,[3 9],43,59,72,16,59
1,<environment.Job instance at 0x7fb89094f0f0>,32,14,[10  3],46,72,86,26,63
1,<environment.Job instance at 0x7fb8d60e3be0>,42,18,[1 7],61,86,104,25,86
1,<environment.Job instance at 0x7fb8d60e3dc0>,44,19,[1 8],64,104,123,40,94
1,<environment.Job instance at 0x7fb8d5fb8c80>,49,17,[9 5],74,123,140,49,111
1,<environment.Job instance at 0x7fb890a07820>,55,17,[8 4],86,140,157,54,128
1,<environment.Job instance at 0x7fb8907071e0>,66,17,[1 8],106,157,174,51,146
1,<environment.Job instance at 0x7fb89069deb0>,73,16,[9 3],114,174,190,60,161
1,<environment.Job instance at 0x7fb89069d050>,80,15,[3 6],123,190,205,67,179
1,<environment.Job instance at 0x7fb8d5db0500>,0,13,[5 3],1,1,14,0,1
1,<environment.Job instance at 0x7fb8d5db0aa0>,3,13,[3 7],4,4,17,0,4
1,<environment.Job instance at 0x7fb8d5ee6910>,16,15,[1 8],17,17,32,0,17
1,<environment.Job instance at 0x7fb8d5ee6b90>,18,14,[9 4],21,32,46,11,21
1,<environment.Job instance at 0x7fb8d5ee6f00>,21,13,[5 9],24,46,59,22,32
1,<environment.Job instance at 0x7fb8d5eeba00>,32,13,[9 1],41,60,73,19,60
1,<environment.Job instance at 0x7fb8d5eebbe0>,33,18,[5 4],43,73,91,30,63
1,<environment.Job instance at 0x7fb8d5eebd70>,40,12,[1 8],51,91,103,40,77
1,<environment.Job instance at 0x7fb8d5ed2910>,46,16,[3 5],67,103,119,36,92
1,<environment.Job instance at 0x7fb8d5ec1640>,55,17,[5 4],81,136,153,55,136
1,<environment.Job instance at 0x7fb8d5ec1dc0>,64,2,[1 5],94,163,165,69,163
1,<environment.Job instance at 0x7fb8d5ec1a00>,63,3,[5 3],93,163,166,70,163
1,<environment.Job instance at 0x7fb8d5ec1e60>,65,3,[10  1],95,166,169,71,163
1,<environment.Job instance at 0x7fb8d5ec1eb0>,67,18,[10  1],98,169,187,71,167
1,<environment.Job instance at 0x7fb8d5ec1370>,60,12,[2 7],90,187,199,97,177
1,<environment.Job instance at 0x7fb890218410>,7,13,[6 4],10,10,23,0,10
1,<environment.Job instance at 0x7fb890218a00>,8,19,[9 4],11,23,42,12,13
1,<environment.Job instance at 0x7fb8d624f780>,15,16,[7 2],24,42,58,18,35
1,<environment.Job instance at 0x7fb8d624fa00>,25,3,[4 5],40,58,61,18,42
1,<environment.Job instance at 0x7fb89012c690>,26,12,[ 3 10],41,61,73,20,45
1,<environment.Job instance at 0x7fb8da93c3c0>,35,19,[ 3 10],52,73,92,21,66
1,<environment.Job instance at 0x7fb89012c910>,29,22,[1 9],44,92,114,48,85
1,<environment.Job instance at 0x7fb8db42f1e0>,46,2,[7 2],68,114,116,46,89
1,<environment.Job instance at 0x7fb8d64dbf00>,52,13,[5 7],79,116,129,37,112
1,<environment.Job instance at 0x7fb8d64dbb90>,53,15,[1 7],80,129,144,49,116
1,<environment.Job instance at 0x7fb8d5f24af0>,64,18,[5 6],94,144,162,50,136
1,<environment.Job instance at 0x7fb8da87a820>,3,16,[1 8],4,4,20,0,4
1,<environment.Job instance at 0x7fb8da87abe0>,7,16,[3 5],10,20,36,10,11
1,<environment.Job instance at 0x7fb8909eb5f0>,17,2,[4 9],22,36,38,14,24
1,<environment.Job instance at 0x7fb8dad119b0>,26,12,[1 9],40,49,61,9,49
1,<environment.Job instance at 0x7fb8daaee0f0>,33,1,[ 3 10],48,63,64,15,63
1,<environment.Job instance at 0x7fb8daaeed70>,34,17,[9 2],49,65,82,16,65
1,<environment.Job instance at 0x7fb890427aa0>,40,14,[3 6],59,82,96,23,67
1,<environment.Job instance at 0x7fb8d60344b0>,48,13,[5 8],69,96,109,27,89
1,<environment.Job instance at 0x7fb890514d20>,54,15,[10  1],77,109,124,32,99
1,<environment.Job instance at 0x7fb8d61d8320>,62,25,[10  3],86,124,149,38,121
1,<environment.Job instance at 0x7fb8dae1c4b0>,74,1,[8 4],105,157,158,52,157
1,<environment.Job instance at 0x7fb8dae1c1e0>,75,12,[3 8],106,158,170,52,158
1,<environment.Job instance at 0x7fb8dae1c2d0>,76,17,[3 9],107,170,187,63,165
1,<environment.Job instance at 0x7fb8d64555a0>,81,16,[5 7],114,187,203,73,176
1,<environment.Job instance at 0x7fb8db5cc6e0>,0,12,[9 4],2,2,14,0,2
1,<environment.Job instance at 0x7fb8909ac9b0>,8,14,[8 5],12,14,28,2,14
1,<environment.Job instance at 0x7fb8909cdbe0>,13,16,[2 7],19,28,44,9,24
1,<environment.Job instance at 0x7fb8909b9fa0>,19,25,[8 3],26,30,55,4,30
1,<environment.Job instance at 0x7fb8909cd640>,17,18,[1 7],24,44,62,20,41
1,<environment.Job instance at 0x7fb8909cdd20>,16,13,[7 3],22,55,68,33,45
1,<environment.Job instance at 0x7fb8dacb4dc0>,32,13,[1 6],42,62,75,20,60
1,<environment.Job instance at 0x7fb8daeab640>,37,14,[10  5],48,75,89,27,60
1,<environment.Job instance at 0x7fb8d647f320>,40,1,[ 4 10],51,89,90,38,72
1,<environment.Job instance at 0x7fb890995f50>,23,14,[10  3],31,90,104,59,86
1,<environment.Job instance at 0x7fb890602820>,47,1,[10  3],60,104,105,44,87
1,<environment.Job instance at 0x7fb8d6523960>,51,2,[6 2],64,105,107,41,88
1,<environment.Job instance at 0x7fb8d5e99be0>,48,12,[2 7],61,105,117,44,89
1,<environment.Job instance at 0x7fb8d649bdc0>,53,1,[4 9],67,117,118,50,90
1,<environment.Job instance at 0x7fb8d64ea5f0>,58,17,[ 4 10],75,118,135,43,106
1,<environment.Job instance at 0x7fb8d651f910>,62,17,[3 8],82,135,152,53,123
1,<environment.Job instance at 0x7fb8d64cee60>,69,3,[6 1],93,135,138,42,134
1,<environment.Job instance at 0x7fb8d603bc80>,82,26,[ 3 10],110,161,187,51,161
1,<environment.Job instance at 0x7fb890218730>,0,14,[9 3],1,1,15,0,1
1,<environment.Job instance at 0x7fb8d5f8c460>,3,15,[9 4],5,15,30,10,6
1,<environment.Job instance at 0x7fb8902659b0>,17,3,[10  4],25,30,33,5,25
1,<environment.Job instance at 0x7fb890265960>,16,2,[10  5],24,33,35,9,25
1,<environment.Job instance at 0x7fb890385eb0>,19,2,[1 8],27,35,37,8,27
1,<environment.Job instance at 0x7fb89034a9b0>,20,12,[4 6],28,37,49,9,28
1,<environment.Job instance at 0x7fb890690a00>,23,2,[8 3],32,49,51,17,32
1,<environment.Job instance at 0x7fb890254460>,36,16,[2 7],50,80,96,30,80
1,<environment.Job instance at 0x7fb8902545f0>,37,12,[7 2],51,80,92,29,80
1,<environment.Job instance at 0x7fb8d6365af0>,38,16,[5 7],52,96,112,44,84
1,<environment.Job instance at 0x7fb8906bdf50>,61,14,[3 6],84,159,173,75,159
1,<environment.Job instance at 0x7fb8da92eaf0>,65,16,[2 9],95,173,189,78,165
1,<environment.Job instance at 0x7fb890484640>,3,12,[2 8],11,15,27,4,15
1,<environment.Job instance at 0x7fb8904843c0>,11,15,[3 8],22,27,42,5,23
1,<environment.Job instance at 0x7fb890484730>,12,13,[4 7],24,42,55,18,26
1,<environment.Job instance at 0x7fb8d5df4be0>,17,17,[4 7],31,55,72,24,44
1,<environment.Job instance at 0x7fb890136aa0>,32,17,[5 9],51,72,89,21,65
1,<environment.Job instance at 0x7fb890136230>,35,15,[2 6],56,89,104,33,85
1,<environment.Job instance at 0x7fb890136dc0>,38,14,[4 8],59,104,118,45,89
1,<environment.Job instance at 0x7fb89012a8c0>,44,23,[ 1 10],69,118,141,49,113
1,<environment.Job instance at 0x7fb88ffd38c0>,67,14,[5 4],107,150,164,43,150
1,<environment.Job instance at 0x7fb88ffd3b40>,68,15,[7 5],108,164,179,56,159
1,<environment.Job instance at 0x7fb8901353c0>,76,16,[2 8],119,179,195,60,166
1,<environment.Job instance at 0x7fb890135aa0>,78,14,[7 2],121,179,193,58,173
1,<environment.Job instance at 0x7fb8901359b0>,2,13,[10  2],4,4,17,0,4
1,<environment.Job instance at 0x7fb8901efa50>,18,27,[3 5],28,37,64,9,37
1,<environment.Job instance at 0x7fb8901fb690>,28,15,[8 4],41,64,79,23,58
1,<environment.Job instance at 0x7fb8d5f0a640>,30,16,[8 5],44,79,95,35,67
1,<environment.Job instance at 0x7fb8d63e7be0>,37,14,[8 3],55,95,109,40,83
1,<environment.Job instance at 0x7fb890839500>,43,2,[ 1 10],63,109,111,46,85
1,<environment.Job instance at 0x7fb890839e60>,44,1,[7 4],64,111,112,47,85
1,<environment.Job instance at 0x7fb89082aeb0>,50,13,[5 5],77,112,125,35,99
1,<environment.Job instance at 0x7fb8d5de50f0>,55,3,[3 7],84,125,128,41,113
1,<environment.Job instance at 0x7fb8d5db6fa0>,56,16,[10  2],86,128,144,42,115
1,<environment.Job instance at 0x7fb8d5dcd7d0>,62,14,[7 5],94,144,158,50,131
1,<environment.Job instance at 0x7fb8d5dc6c80>,72,22,[1 7],109,158,180,49,155
1,<environment.Job instance at 0x7fb8d65152d0>,79,26,[4 5],119,180,206,61,179
1,<environment.Job instance at 0x7fb89078caf0>,2,14,[5 5],5,5,19,0,5
1,<environment.Job instance at 0x7fb890438910>,9,14,[4 9],13,19,33,6,13
1,<environment.Job instance at 0x7fb8d6304230>,8,14,[8 3],12,33,47,21,23
1,<environment.Job instance at 0x7fb89056b7d0>,16,1,[7 2],21,47,48,26,23
1,<environment.Job instance at 0x7fb8da87a820>,18,3,[8 2],24,48,51,24,24
1,<environment.Job instance at 0x7fb8dae13640>,17,21,[1 6],22,33,54,11,26
1,<environment.Job instance at 0x7fb890876140>,21,13,[10  4],27,54,67,27,38
1,<environment.Job instance at 0x7fb8dae3acd0>,30,2,[10  4],39,68,70,29,68
1,<environment.Job instance at 0x7fb8dac22a00>,27,14,[4 5],36,72,86,36,72
1,<environment.Job instance at 0x7fb8daba1140>,33,28,[9 3],42,86,114,44,86
1,<environment.Job instance at 0x7fb8d60845a0>,38,3,[5 4],49,114,117,65,97
1,<environment.Job instance at 0x7fb8908fdc30>,44,23,[5 6],56,118,141,62,118
1,<environment.Job instance at 0x7fb8d609faa0>,54,13,[5 5],73,141,154,68,129
1,<environment.Job instance at 0x7fb890860a00>,57,12,[5 4],79,131,143,52,131
1,<environment.Job instance at 0x7fb8900c5230>,63,12,[9 4],88,154,166,66,145
1,<environment.Job instance at 0x7fb8d5fc5aa0>,66,17,[8 2],91,166,183,75,154
1,<environment.Job instance at 0x7fb8daa6e9b0>,1,14,[3 6],4,4,18,0,4
1,<environment.Job instance at 0x7fb8da8e9c80>,3,15,[ 5 10],6,18,33,12,7
1,<environment.Job instance at 0x7fb8da940d20>,15,13,[2 7],21,33,46,12,21
1,<environment.Job instance at 0x7fb8da9b5410>,19,2,[2 5],25,46,48,21,25
1,<environment.Job instance at 0x7fb8da9b5960>,24,2,[2 8],32,48,50,16,32
1,<environment.Job instance at 0x7fb8da9b5e10>,31,15,[5 8],42,63,78,21,63
1,<environment.Job instance at 0x7fb8d61445a0>,34,14,[ 1 10],45,78,92,33,69
1,<environment.Job instance at 0x7fb8902e8c30>,42,12,[2 8],57,92,104,35,83
1,<environment.Job instance at 0x7fb8da9b50f0>,25,17,[2 8],33,104,121,71,100
1,<environment.Job instance at 0x7fb8902e8b40>,44,2,[4 9],61,121,123,60,100
1,<environment.Job instance at 0x7fb8d5ef2410>,51,15,[8 3],69,125,140,56,125
1,<environment.Job instance at 0x7fb890758f00>,57,14,[3 7],80,140,154,60,138
1,<environment.Job instance at 0x7fb8903d3690>,61,1,[5 1],86,158,159,72,158
1,<environment.Job instance at 0x7fb8903d3d70>,62,2,[1 7],87,158,160,71,158
1,<environment.Job instance at 0x7fb8da9b5910>,23,17,[4 6],30,161,178,131,161
1,<environment.Job instance at 0x7fb8903d3410>,65,2,[ 4 10],91,178,180,87,163
1,<environment.Job instance at 0x7fb8d5ed4190>,9,1,[5 8],12,14,15,2,14
1,<environment.Job instance at 0x7fb890907f50>,13,17,[9 3],18,25,42,7,25
1,<environment.Job instance at 0x7fb890907dc0>,14,1,[9 3],20,42,43,22,25
1,<environment.Job instance at 0x7fb890916870>,28,22,[1 5],39,71,93,32,71
1,<environment.Job instance at 0x7fb8d5ed4780>,11,18,[6 5],16,75,93,59,75
1,<environment.Job instance at 0x7fb8daaf3690>,35,3,[8 2],49,93,96,44,75
1,<environment.Job instance at 0x7fb8daaf3a50>,36,3,[10  2],50,96,99,46,75
1,<environment.Job instance at 0x7fb8dac04730>,47,25,[9 3],65,103,128,38,103
1,<environment.Job instance at 0x7fb8dac040a0>,50,25,[1 9],68,128,153,60,125
1,<environment.Job instance at 0x7fb8d625b5f0>,56,1,[5 9],81,153,154,72,126
1,<environment.Job instance at 0x7fb8d626feb0>,59,13,[2 7],86,154,167,68,139
1,<environment.Job instance at 0x7fb8901344b0>,61,27,[7 2],88,154,181,66,152
1,<environment.Job instance at 0x7fb88ff60780>,66,13,[2 8],94,167,180,73,158
1,<environment.Job instance at 0x7f6b4f898140>,0,13,[9 3],1,2,15,1,2
1,<environment.Job instance at 0x7f6b4f898190>,3,22,[5 7],5,15,37,10,11
1,<environment.Job instance at 0x7f6b48488d70>,15,3,[9 3],23,37,40,14,25
1,<environment.Job instance at 0x7f6b484890f0>,18,1,[7 5],30,40,41,10,30
1,<environment.Job instance at 0x7f6b484890a0>,19,1,[6 5],31,41,42,10,33
1,<environment.Job instance at 0x7f6b48489280>,20,1,[2 7],32,42,43,10,34
1,<environment.Job instance at 0x7f6b48489780>,23,12,[ 5 10],35,43,55,8,39
1,<environment.Job instance at 0x7f6b484889b0>,11,13,[10  2],18,55,68,37,44
1,<environment.Job instance at 0x7f6b48488960>,10,16,[8 5],17,68,84,51,56
1,<environment.Job instance at 0x7f6b4848c9b0>,39,2,[6 5],63,84,86,21,65
1,<environment.Job instance at 0x7f6b4848cf00>,43,23,[6 4],72,86,109,14,82
1,<environment.Job instance at 0x7f6b4848f190>,45,17,[7 5],76,109,126,33,97
1,<environment.Job instance at 0x7f6b4848f140>,44,22,[4 6],74,126,148,52,119
1,<environment.Job instance at 0x7f6b48492730>,64,21,[5 3],101,144,165,43,144
1,<environment.Job instance at 0x7f6b484929b0>,66,12,[5 5],103,148,160,45,144
1,<environment.Job instance at 0x7f6b48492be0>,71,15,[3 8],111,165,180,54,155
1,<environment.Job instance at 0x7f6b484940f0>,76,16,[ 4 10],117,180,196,63,172
1,<environment.Job instance at 0x7f6b484945a0>,79,17,[3 9],120,196,213,76,184
1,<environment.Job instance at 0x7f6b48494730>,1,13,[8 5],3,3,16,0,3
1,<environment.Job instance at 0x7f6b4fa0ef50>,7,15,[7 3],11,16,31,5,13
1,<environment.Job instance at 0x7f6b4fa09e60>,11,12,[5 4],15,31,43,16,15
1,<environment.Job instance at 0x7f6b4fa09b40>,12,27,[1 6],16,16,43,0,16
1,<environment.Job instance at 0x7f6b4fa0ce60>,19,15,[2 7],29,43,58,14,29
1,<environment.Job instance at 0x7f6b4fa13910>,36,18,[6 5],46,58,76,12,54
1,<environment.Job instance at 0x7f6b4fa13690>,41,17,[8 2],53,76,93,23,71
1,<environment.Job instance at 0x7f6b4f91f2d0>,44,16,[7 2],59,93,109,34,81
1,<environment.Job instance at 0x7f6b4fa12d20>,53,17,[3 8],72,93,110,21,82
1,<environment.Job instance at 0x7f6b4fa02190>,58,1,[9 1],79,110,111,31,94
1,<environment.Job instance at 0x7f6b4fa12f50>,48,2,[9 5],64,111,113,47,102
1,<environment.Job instance at 0x7f6b4f8dcb40>,61,13,[10  5],82,113,126,31,103
1,<environment.Job instance at 0x7f6b0479edc0>,78,14,[5 7],105,158,172,53,158
1,<environment.Job instance at 0x7f6b04792190>,85,25,[2 8],116,184,209,68,184
1,<environment.Job instance at 0x7f6b04826050>,7,14,[10  1],13,14,28,1,14
1,<environment.Job instance at 0x7f6b048264b0>,10,3,[10  3],16,28,31,12,16
1,<environment.Job instance at 0x7f6b04747f00>,25,16,[5 1],42,45,61,3,45
1,<environment.Job instance at 0x7f6b04792190>,29,2,[1 8],48,49,51,1,49
1,<environment.Job instance at 0x7f6b047a0910>,39,19,[4 9],63,103,122,40,103
1,<environment.Job instance at 0x7f6b04792320>,32,1,[7 2],51,122,123,71,109
1,<environment.Job instance at 0x7f6b04792280>,31,23,[6 3],50,166,189,116,166
1,<environment.Job instance at 0x7f6b485471e0>,6,22,[5 9],10,12,34,2,12
1,<environment.Job instance at 0x7f6b048651e0>,11,15,[3 7],20,34,49,14,20
1,<environment.Job instance at 0x7f6b048bb0f0>,22,13,[5 6],36,49,62,13,43
1,<environment.Job instance at 0x7f6b048bb460>,25,17,[7 4],39,62,79,23,50
1,<environment.Job instance at 0x7f6b04d630a0>,40,3,[2 5],60,72,75,12,72
1,<environment.Job instance at 0x7f6b04d63140>,42,17,[10  1],66,79,96,13,77
1,<environment.Job instance at 0x7f6b046e9820>,43,12,[9 2],67,96,108,29,79
1,<environment.Job instance at 0x7f6b046d9320>,49,14,[10  4],74,108,122,34,93
1,<environment.Job instance at 0x7f6b4858faa0>,58,16,[3 6],86,129,145,43,129
1,<environment.Job instance at 0x7f6b484ecf50>,61,12,[8 1],89,145,157,56,131
1,<environment.Job instance at 0x7f6b04868320>,64,13,[5 3],93,157,170,64,141
1,<environment.Job instance at 0x7f6b04868730>,76,17,[5 1],110,174,191,64,174
1,<environment.Job instance at 0x7f6b04868960>,77,13,[ 4 10],113,191,204,78,176
1,<environment.Job instance at 0x7f6b04c5df00>,1,14,[2 9],2,2,16,0,2
1,<environment.Job instance at 0x7f6b04acf410>,8,12,[6 5],9,16,28,7,11
1,<environment.Job instance at 0x7f6b482f7e60>,16,2,[ 4 10],22,28,30,6,24
1,<environment.Job instance at 0x7f6b483263c0>,22,24,[1 5],31,31,55,0,31
1,<environment.Job instance at 0x7f6b48326e60>,23,1,[5 4],33,34,35,1,34
1,<environment.Job instance at 0x7f6b48326140>,26,13,[ 2 10],36,55,68,19,45
1,<environment.Job instance at 0x7f6b48324a00>,37,15,[9 1],48,68,83,20,61
1,<environment.Job instance at 0x7f6b483047d0>,39,3,[10  3],51,83,86,32,61
1,<environment.Job instance at 0x7f6b48304550>,42,14,[1 9],56,86,100,30,82
1,<environment.Job instance at 0x7f6b482ef780>,54,1,[9 3],75,110,111,35,110
1,<environment.Job instance at 0x7f6b482794b0>,56,13,[3 8],77,113,126,36,113
1,<environment.Job instance at 0x7f6b48309190>,32,13,[6 5],43,126,139,83,114
1,<environment.Job instance at 0x7f6b48279820>,57,2,[7 4],78,139,141,61,118
1,<environment.Job instance at 0x7f6b482727d0>,64,21,[1 6],87,139,160,52,131
1,<environment.Job instance at 0x7f6b4828ab40>,67,15,[9 3],93,141,156,48,141
1,<environment.Job instance at 0x7f6b482fe7d0>,74,13,[7 4],103,156,169,53,150
1,<environment.Job instance at 0x7f6b482fe0f0>,77,15,[5 9],107,169,184,62,162
1,<environment.Job instance at 0x7f6b04aa2dc0>,81,1,[4 6],117,184,185,67,162
1,<environment.Job instance at 0x7f6b482f5140>,78,15,[4 7],111,185,200,74,171
1,<environment.Job instance at 0x7f6b48915d20>,12,13,[7 4],14,20,33,6,20
1,<environment.Job instance at 0x7f6b48915be0>,13,1,[9 4],15,33,34,18,20
1,<environment.Job instance at 0x7f6b48915a50>,16,1,[7 1],19,34,35,15,20
1,<environment.Job instance at 0x7f6b48915870>,17,23,[5 7],21,35,58,14,31
1,<environment.Job instance at 0x7f6b48915140>,22,15,[9 5],26,58,73,32,44
1,<environment.Job instance at 0x7f6b4b167b90>,28,17,[4 5],33,73,90,40,64
1,<environment.Job instance at 0x7f6b4b167d70>,33,16,[5 5],40,77,93,37,77
1,<environment.Job instance at 0x7f6b4b167d20>,29,18,[ 1 10],34,93,111,59,86
1,<environment.Job instance at 0x7f6b4aac98c0>,43,1,[3 8],52,111,112,59,86
1,<environment.Job instance at 0x7f6b04d8c140>,51,14,[3 8],69,112,126,43,108
1,<environment.Job instance at 0x7f6b04d8c190>,54,18,[ 5 10],74,126,144,52,121
1,<environment.Job instance at 0x7f6b04913e60>,1,13,[9 4],2,2,15,0,2
1,<environment.Job instance at 0x7f6b04c02730>,4,21,[2 6],5,15,36,10,8
1,<environment.Job instance at 0x7f6b04c11c80>,21,2,[7 2],24,24,26,0,24
1,<environment.Job instance at 0x7f6b04830960>,19,1,[4 8],22,36,37,14,31
1,<environment.Job instance at 0x7f6b047843c0>,22,18,[5 8],30,37,55,7,32
1,<environment.Job instance at 0x7f6b04c792d0>,25,3,[3 7],33,55,58,22,35
1,<environment.Job instance at 0x7f6b4ad1f5a0>,29,2,[7 3],40,55,57,15,41
1,<environment.Job instance at 0x7f6b4afe9f00>,34,3,[9 5],54,58,61,4,54
1,<environment.Job instance at 0x7f6b4b085a00>,24,20,[9 5],32,61,81,29,58
1,<environment.Job instance at 0x7f6b4afe9c80>,35,3,[9 2],56,81,84,25,71
1,<environment.Job instance at 0x7f6b4b079190>,54,25,[ 1 10],86,86,111,0,86
1,<environment.Job instance at 0x7f6b482112d0>,49,17,[3 6],76,111,128,35,100
1,<environment.Job instance at 0x7f6b4ad27c30>,60,2,[1 5],100,128,130,28,101
1,<environment.Job instance at 0x7f6b4ad27870>,63,2,[1 6],104,130,132,26,107
1,<environment.Job instance at 0x7f6b4ad27f50>,65,3,[9 2],106,128,131,22,110
1,<environment.Job instance at 0x7f6b482e2e60>,68,3,[2 6],109,132,135,23,119
1,<environment.Job instance at 0x7f6b482e2140>,69,13,[6 4],110,131,144,21,119
1,<environment.Job instance at 0x7f6b482551e0>,78,15,[9 4],121,144,159,23,130
1,<environment.Job instance at 0x7f6b486d34b0>,84,17,[4 9],127,159,176,32,147
1,<environment.Job instance at 0x7f6b485ec0a0>,89,17,[2 7],135,176,193,41,164
1,<environment.Job instance at 0x7f6b4ad279b0>,1,18,[5 5],3,3,21,0,3
1,<environment.Job instance at 0x7f6b4ad27a00>,4,3,[10  3],9,21,24,12,12
1,<environment.Job instance at 0x7f6b4af501e0>,9,1,[ 3 10],14,24,25,10,14
1,<environment.Job instance at 0x7f6b4af65fa0>,7,2,[8 2],12,25,27,13,14
1,<environment.Job instance at 0x7f6b4af50640>,15,17,[4 5],26,27,44,1,27
1,<environment.Job instance at 0x7f6b4af50a00>,17,2,[7 5],29,44,46,15,29
1,<environment.Job instance at 0x7f6b4af50aa0>,19,3,[6 5],31,33,36,2,33
1,<environment.Job instance at 0x7f6b4af65e10>,10,17,[5 2],17,46,63,29,36
1,<environment.Job instance at 0x7f6b4af50960>,16,3,[6 2],27,63,66,36,42
1,<environment.Job instance at 0x7f6b4af5a320>,24,2,[3 5],40,45,47,5,45
1,<environment.Job instance at 0x7f6b4af78320>,44,13,[2 8],63,97,110,34,97
1,<environment.Job instance at 0x7f6b4af78460>,46,21,[10  2],66,110,131,44,103
1,<environment.Job instance at 0x7f6b4af664b0>,58,3,[2 9],88,132,135,44,132
1,<environment.Job instance at 0x7f6b4af5a910>,32,19,[9 3],49,135,154,86,132
1,<environment.Job instance at 0x7f6b4af662d0>,59,14,[6 3],90,154,168,64,139
1,<environment.Job instance at 0x7f6b4af66640>,62,15,[1 5],96,139,154,43,139
1,<environment.Job instance at 0x7f6b04675910>,78,12,[1 6],116,162,174,46,162
1,<environment.Job instance at 0x7f6b0468f320>,90,14,[4 8],131,185,199,54,185
1,<environment.Job instance at 0x7f6b04c50e10>,4,1,[8 2],10,10,11,0,10
1,<environment.Job instance at 0x7f6b04c50d70>,6,15,[6 1],12,25,40,13,25
1,<environment.Job instance at 0x7f6b4b166690>,20,2,[ 1 10],33,40,42,7,34
1,<environment.Job instance at 0x7f6b4879f370>,23,12,[6 2],37,43,55,6,43
1,<environment.Job instance at 0x7f6b4837f0f0>,24,16,[4 6],38,44,60,6,44
1,<environment.Job instance at 0x7f6b4ab6d780>,25,1,[6 1],39,55,56,16,44
1,<environment.Job instance at 0x7f6b4b13f1e0>,28,12,[5 4],42,56,68,14,44
1,<environment.Job instance at 0x7f6b4ab0b6e0>,36,13,[1 9],50,68,81,18,64
1,<environment.Job instance at 0x7f6b4aa95a50>,38,13,[6 4],55,81,94,26,70
1,<environment.Job instance at 0x7f6b483a63c0>,43,20,[1 7],60,94,114,34,85
1,<environment.Job instance at 0x7f6b4fa0caf0>,55,13,[5 5],81,118,131,37,118
1,<environment.Job instance at 0x7f6b485221e0>,57,12,[1 7],88,131,143,43,121
1,<environment.Job instance at 0x7f6b48522d20>,60,14,[4 5],92,143,157,51,131
1,<environment.Job instance at 0x7f6b486dae60>,66,17,[8 4],103,157,174,54,151
1,<environment.Job instance at 0x7f6b486da5f0>,72,13,[2 5],110,159,172,49,159
1,<environment.Job instance at 0x7f6b486dafa0>,74,3,[8 5],115,174,177,59,166
1,<environment.Job instance at 0x7f6b486dac30>,76,12,[1 5],120,172,184,52,172
1,<environment.Job instance at 0x7f6b047694b0>,79,14,[5 7],124,184,198,60,173
1,<environment.Job instance at 0x7f6b489170a0>,0,16,[1 8],3,3,19,0,3
1,<environment.Job instance at 0x7f6b04baa370>,3,13,[2 9],6,19,32,13,6
1,<environment.Job instance at 0x7f6b4ad930f0>,8,17,[1 8],16,32,49,16,29
1,<environment.Job instance at 0x7f6b04ac8b90>,22,15,[3 6],33,49,64,16,39
1,<environment.Job instance at 0x7f6b484403c0>,29,19,[ 5 10],48,64,83,16,56
1,<environment.Job instance at 0x7f6b04712320>,34,18,[3 6],53,83,101,30,76
1,<environment.Job instance at 0x7f6b4afab910>,43,22,[ 2 10],65,101,123,36,97
1,<environment.Job instance at 0x7f6b4888bf00>,50,1,[2 7],78,123,124,45,106
1,<environment.Job instance at 0x7f6b48216cd0>,54,2,[10  3],82,124,126,42,110
1,<environment.Job instance at 0x7f6b0494de60>,55,1,[5 2],83,123,124,40,111
1,<environment.Job instance at 0x7f6b48216dc0>,53,12,[4 8],81,126,138,45,115
1,<environment.Job instance at 0x7f6b0494d230>,57,2,[5 5],85,138,140,53,115
1,<environment.Job instance at 0x7f6b4ac6caf0>,65,13,[3 7],94,140,153,46,140
1,<environment.Job instance at 0x7f6b48537910>,69,13,[4 5],98,153,166,55,150
1,<environment.Job instance at 0x7f6b48537190>,70,17,[5 9],99,166,183,67,156
1,<environment.Job instance at 0x7f6b48537640>,77,18,[ 5 10],106,183,201,77,178
1,<environment.Job instance at 0x7f6b48430b40>,2,15,[4 9],4,5,20,1,5
1,<environment.Job instance at 0x7f6b047aba00>,7,16,[5 1],10,16,32,6,16
1,<environment.Job instance at 0x7f6b047abd20>,13,18,[5 2],18,20,38,2,19
1,<environment.Job instance at 0x7f6b047b9410>,18,16,[7 2],26,38,54,12,31
1,<environment.Job instance at 0x7f6b047b9190>,17,12,[3 7],25,32,44,7,32
1,<environment.Job instance at 0x7f6b047b92d0>,22,18,[8 1],32,54,72,22,43
1,<environment.Job instance at 0x7f6b047b9eb0>,31,2,[4 5],43,72,74,29,53
1,<environment.Job instance at 0x7f6b047cf460>,32,1,[7 1],44,74,75,30,53
1,<environment.Job instance at 0x7f6b047cf0f0>,33,2,[2 6],45,53,55,8,53
1,<environment.Job instance at 0x7f6b047cf3c0>,35,15,[1 6],50,74,89,24,60
1,<environment.Job instance at 0x7f6b047cf870>,38,18,[5 3],53,75,93,22,64
1,<environment.Job instance at 0x7f6b047ba4b0>,46,12,[2 7],65,89,101,24,76
1,<environment.Job instance at 0x7f6b047baf50>,56,26,[5 9],78,101,127,23,100
1,<environment.Job instance at 0x7f6b047a5820>,65,13,[6 4],90,127,140,37,118
1,<environment.Job instance at 0x7f6b047a5c30>,70,16,[3 8],98,140,156,42,137
1,<environment.Job instance at 0x7f6b0479a3c0>,77,15,[5 4],110,156,171,46,153
1,<environment.Job instance at 0x7f6b0479a550>,79,15,[ 3 10],116,171,186,55,158
1,<environment.Job instance at 0x7f6b0479ad70>,2,17,[5 6],4,4,21,0,4
1,<environment.Job instance at 0x7f6b4aaedbe0>,11,13,[7 5],16,24,37,8,24
1,<environment.Job instance at 0x7f6b049ca050>,19,16,[3 9],26,37,53,11,26
1,<environment.Job instance at 0x7f6b04b98690>,24,16,[4 9],33,53,69,20,40
1,<environment.Job instance at 0x7f6b046a3370>,36,17,[4 5],52,69,86,17,65
1,<environment.Job instance at 0x7f6b4868d3c0>,41,17,[8 1],61,86,103,25,74
1,<environment.Job instance at 0x7f6b047b1370>,46,14,[1 7],67,90,104,23,90
1,<environment.Job instance at 0x7f6b047b1c80>,50,15,[10  3],71,104,119,33,91
1,<environment.Job instance at 0x7f6b049ef050>,59,17,[10  4],82,119,136,37,117
1,<environment.Job instance at 0x7f6b046c1f00>,70,18,[5 8],97,142,160,45,142
1,<environment.Job instance at 0x7f6b4af9f5f0>,77,28,[8 2],111,182,210,71,182
1,<environment.Job instance at 0x7f6b046c4370>,2,18,[2 8],5,5,23,0,5
1,<environment.Job instance at 0x7f6b0462cd70>,8,14,[8 5],13,28,42,15,28
1,<environment.Job instance at 0x7f6b04630cd0>,23,23,[7 5],38,46,69,8,46
1,<environment.Job instance at 0x7f6b04630960>,24,18,[9 5],39,71,89,32,71
1,<environment.Job instance at 0x7f6b04630e60>,30,3,[2 9],48,89,92,41,82
1,<environment.Job instance at 0x7f6b04630870>,32,1,[ 3 10],52,92,93,40,82
1,<environment.Job instance at 0x7f6b04630d70>,33,3,[6 4],53,93,96,40,82
1,<environment.Job instance at 0x7f6b04630820>,35,1,[5 5],55,96,97,41,83
1,<environment.Job instance at 0x7f6b04630500>,34,2,[7 5],54,97,99,43,83
1,<environment.Job instance at 0x7f6b4aadadc0>,43,18,[5 4],65,112,130,47,112
1,<environment.Job instance at 0x7f6b04a58870>,51,18,[6 1],74,130,148,56,123
1,<environment.Job instance at 0x7f6b04a58410>,54,16,[2 7],79,134,150,55,134
1,<environment.Job instance at 0x7f6b04a58dc0>,56,17,[6 5],81,150,167,69,138
1,<environment.Job instance at 0x7f6b483f5c30>,60,25,[8 3],86,167,192,81,163
1,<environment.Job instance at 0x7f6b488849b0>,17,16,[10  4],29,192,208,163,187
1,<environment.Job instance at 0x7f6b046169b0>,4,18,[3 7],5,6,24,1,6
1,<environment.Job instance at 0x7f6b483af820>,20,13,[ 5 10],29,29,42,0,29
1,<environment.Job instance at 0x7f6b04613730>,28,18,[10  4],44,44,62,0,44
1,<environment.Job instance at 0x7f6b04aceeb0>,36,15,[9 4],55,69,84,14,69
1,<environment.Job instance at 0x7f6b0449bfa0>,38,19,[7 3],57,84,103,27,77
1,<environment.Job instance at 0x7f6b4fa125f0>,41,17,[1 6],60,77,94,17,77
1,<environment.Job instance at 0x7f6b48352870>,46,1,[10  1],70,103,104,33,85
1,<environment.Job instance at 0x7f6b046b4820>,34,16,[ 5 10],53,104,120,51,92
1,<environment.Job instance at 0x7f6b48364d20>,63,1,[3 9],89,139,140,50,139
1,<environment.Job instance at 0x7f6b4834ee60>,59,18,[3 8],85,143,161,58,143
1,<environment.Job instance at 0x7f6b4846fb40>,72,2,[3 5],103,161,163,58,157
1,<environment.Job instance at 0x7f6b4846f960>,71,16,[5 7],102,163,179,61,157
1,<environment.Job instance at 0x7f6b48364be0>,67,23,[9 5],97,179,202,82,174
1,<environment.Job instance at 0x7f6b4846f640>,82,14,[5 2],116,202,216,86,187
1,<environment.Job instance at 0x7f6b046d0eb0>,0,27,[3 7],1,1,28,0,1
1,<environment.Job instance at 0x7f6b04c2aaa0>,10,12,[3 9],15,28,40,13,19
1,<environment.Job instance at 0x7f6b4ab1ea00>,16,13,[7 1],23,25,38,2,25
1,<environment.Job instance at 0x7f6b04da4960>,20,15,[ 4 10],29,40,55,11,34
1,<environment.Job instance at 0x7f6b04a58aa0>,24,19,[8 4],33,55,74,22,45
1,<environment.Job instance at 0x7f6b486a93c0>,34,12,[4 8],52,74,86,22,62
1,<environment.Job instance at 0x7f6b0451eaf0>,42,13,[4 7],64,86,99,22,79
1,<environment.Job instance at 0x7f6b0451e5a0>,43,27,[4 9],66,99,126,33,99
1,<environment.Job instance at 0x7f6b4b1270a0>,51,14,[4 7],77,126,140,49,115
1,<environment.Job instance at 0x7f6b04c0e960>,57,24,[1 5],83,140,164,57,135
1,<environment.Job instance at 0x7f6b04e08690>,63,17,[1 6],94,164,181,70,157
1,<environment.Job instance at 0x7f6b04677be0>,66,16,[5 5],97,181,197,84,169
1,<environment.Job instance at 0x7f6b48452b40>,69,2,[5 5],100,181,183,81,174
1,<environment.Job instance at 0x7f6b484529b0>,70,1,[3 5],101,183,184,82,174
1,<environment.Job instance at 0x7f6b04d401e0>,72,12,[3 5],104,184,196,80,174
1,<environment.Job instance at 0x7f6b4ad1f280>,1,13,[2 5],5,11,24,6,11
1,<environment.Job instance at 0x7f6b04e4c280>,6,15,[9 5],13,24,39,11,19
1,<environment.Job instance at 0x7f6b04e4c9b0>,12,12,[7 3],21,39,51,18,25
1,<environment.Job instance at 0x7f6b488989b0>,14,3,[6 3],23,51,54,28,29
1,<environment.Job instance at 0x7f6b48898dc0>,18,1,[7 2],30,54,55,24,30
1,<environment.Job instance at 0x7f6b48898fa0>,22,2,[ 4 10],35,55,57,20,38
1,<environment.Job instance at 0x7f6b04525460>,26,14,[1 6],40,57,71,17,45
1,<environment.Job instance at 0x7f6b04525910>,27,18,[5 2],44,57,75,13,46
1,<environment.Job instance at 0x7f6b04511af0>,33,25,[4 7],54,71,96,17,69
1,<environment.Job instance at 0x7f6b045115f0>,41,14,[9 1],64,96,110,32,87
1,<environment.Job instance at 0x7f6b044d8af0>,45,13,[3 6],68,110,123,42,98
1,<environment.Job instance at 0x7f6b044d8960>,53,18,[9 2],79,123,141,44,123
1,<environment.Job instance at 0x7f6b044d8550>,56,14,[8 3],85,141,155,56,126
1,<environment.Job instance at 0x7f6b044dc640>,68,1,[8 2],104,155,156,51,145
1,<environment.Job instance at 0x7f6b044dce60>,69,13,[5 5],107,156,169,49,145
1,<environment.Job instance at 0x7f6b044dc5f0>,71,3,[2 7],110,151,154,41,151
1,<environment.Job instance at 0x7f6b0445d820>,75,16,[10  2],116,175,191,59,175
1,<environment.Job instance at 0x7f6b0445df50>,78,13,[5 3],120,191,204,71,178
1,<environment.Job instance at 0x7f6b489464b0>,6,18,[5 1],9,11,29,2,11
1,<environment.Job instance at 0x7f6b48971d20>,15,15,[4 6],20,20,35,0,20
1,<environment.Job instance at 0x7f6b4894a460>,18,14,[5 5],25,35,49,10,25
1,<environment.Job instance at 0x7f6b04b39f00>,29,28,[8 2],38,55,83,17,55
1,<environment.Job instance at 0x7f6b0445deb0>,40,26,[4 7],53,87,113,34,87
1,<environment.Job instance at 0x7f6b487215f0>,42,28,[5 2],55,87,115,32,87
1,<environment.Job instance at 0x7f6b489b6b90>,56,17,[7 2],71,143,160,72,143
1,<environment.Job instance at 0x7f6b489b6eb0>,63,16,[10  2],81,166,182,85,166
1,<environment.Job instance at 0x7f6b489b6870>,66,17,[10  3],87,189,206,102,189
1,<environment.Job instance at 0x7f6b044c2cd0>,2,12,[4 9],7,7,19,0,7
1,<environment.Job instance at 0x7f6b044d87d0>,3,26,[9 2],9,19,45,10,16
1,<environment.Job instance at 0x7f6b489962d0>,12,1,[10  3],22,45,46,23,28
1,<environment.Job instance at 0x7f6b04dc5640>,18,12,[2 6],29,46,58,17,31
1,<environment.Job instance at 0x7f6b04d40460>,26,18,[5 8],38,58,76,20,48
1,<environment.Job instance at 0x7f6b4848b230>,36,15,[5 8],52,76,91,24,69
1,<environment.Job instance at 0x7f6b4848b5a0>,40,18,[9 4],56,91,109,35,80
1,<environment.Job instance at 0x7f6b4ac74b40>,48,24,[3 7],70,109,133,39,104
1,<environment.Job instance at 0x7f6b4ac743c0>,53,25,[5 9],76,137,162,61,137
1,<environment.Job instance at 0x7f6b4897e050>,66,1,[5 1],96,149,150,53,149
1,<environment.Job instance at 0x7f6b4863f0f0>,70,2,[ 4 10],101,162,164,61,154
1,<environment.Job instance at 0x7f6b48516190>,10,12,[1 5],14,16,28,2,16
1,<environment.Job instance at 0x7f6b48516af0>,7,15,[7 4],9,24,39,15,24
1,<environment.Job instance at 0x7f6b4f7cc0f0>,16,3,[6 2],24,39,42,15,24
1,<environment.Job instance at 0x7f6b0488a730>,18,1,[1 9],26,42,43,16,26
1,<environment.Job instance at 0x7f6b0488a640>,24,1,[1 7],33,59,60,26,59
1,<environment.Job instance at 0x7f6b0488a140>,28,22,[1 5],39,69,91,30,69
1,<environment.Job instance at 0x7f6b0488aaf0>,32,14,[9 3],45,73,87,28,73
1,<environment.Job instance at 0x7f6b485d7460>,39,2,[4 7],54,91,93,37,79
1,<environment.Job instance at 0x7f6b485d78c0>,40,12,[9 3],56,93,105,37,84
1,<environment.Job instance at 0x7f6b485d7f50>,42,12,[5 5],59,105,117,46,88
1,<environment.Job instance at 0x7f6b4abe7fa0>,46,1,[1 8],64,117,118,53,90
1,<environment.Job instance at 0x7f6b4abe7af0>,50,25,[1 9],68,118,143,50,114
1,<environment.Job instance at 0x7f6b4836eb90>,59,13,[2 7],86,143,156,57,130
1,<environment.Job instance at 0x7f6b4836e0a0>,61,27,[7 2],88,143,170,55,142
1,<environment.Job instance at 0x7f6b4890d6e0>,64,18,[8 2],92,170,188,78,164
1,<environment.Job instance at 0x7f6b045b2e60>,4,1,[6 3],6,7,8,1,7
1,<environment.Job instance at 0x7f6b4828c910>,5,12,[1 5],9,10,22,1,10
1,<environment.Job instance at 0x7f6b04a1c1e0>,8,16,[7 1],13,14,30,1,14
1,<environment.Job instance at 0x7f6b4af13280>,18,13,[7 1],29,47,60,18,47
1,<environment.Job instance at 0x7f6b4b170be0>,32,15,[2 6],48,53,68,5,53
1,<environment.Job instance at 0x7f6b4af251e0>,34,16,[1 7],52,68,84,16,58
1,<environment.Job instance at 0x7f6b4b1187d0>,46,12,[ 1 10],72,89,101,17,89
1,<environment.Job instance at 0x7f6b4f7895a0>,52,22,[2 8],80,101,123,21,98
1,<environment.Job instance at 0x7f6b4af30960>,64,12,[7 4],95,154,166,59,154
1,<environment.Job instance at 0x7f6b4af30410>,70,26,[7 2],101,175,201,74,175
1,<environment.Job instance at 0x7fac7ce0ca00>,3,16,[1 8],5,8,24,3,8
1,<environment.Job instance at 0x7fac7bcb8c80>,7,15,[4 9],11,24,39,13,11
1,<environment.Job instance at 0x7fac7bcb8f00>,10,1,[7 3],14,39,40,25,15
1,<environment.Job instance at 0x7fac7bcbd230>,12,3,[1 8],16,40,43,24,16
1,<environment.Job instance at 0x7fac7bcbde10>,23,14,[3 7],29,43,57,14,30
1,<environment.Job instance at 0x7fac7bcbf3c0>,27,17,[ 5 10],35,57,74,22,47
1,<environment.Job instance at 0x7fac7bcc4dc0>,1,27,[3 7],2,9,36,7,9
1,<environment.Job instance at 0x7fac7cd5bd20>,23,1,[4 7],28,36,37,8,35
1,<environment.Job instance at 0x7fac7cd5b0f0>,15,18,[8 4],19,40,58,21,40
1,<environment.Job instance at 0x7fac7cd5c8c0>,30,3,[5 1],37,58,61,21,40
1,<environment.Job instance at 0x7fac7cd5e6e0>,35,18,[3 8],43,58,76,15,49
1,<environment.Job instance at 0x7fac31d355a0>,12,17,[3 8],22,23,40,1,23
1,<environment.Job instance at 0x7fac31d351e0>,14,2,[1 8],28,40,42,12,28
1,<environment.Job instance at 0x7fac31de0d70>,8,15,[7 2],17,28,43,11,28
1,<environment.Job instance at 0x7fac31d352d0>,16,16,[2 7],31,42,58,11,31
1,<environment.Job instance at 0x7fac31d359b0>,20,18,[6 3],36,43,61,7,38
1,<environment.Job instance at 0x7fac31d35e60>,22,3,[7 1],38,61,64,23,45
1,<environment.Job instance at 0x7fac31dc5a50>,29,15,[3 8],46,61,76,15,48
1,<environment.Job instance at 0x7fac31ddc8c0>,5,28,[6 5],10,11,39,1,11
1,<environment.Job instance at 0x7fac31da1f50>,11,2,[7 3],17,39,41,22,22
1,<environment.Job instance at 0x7fac31dc45a0>,19,17,[5 3],29,41,58,12,30
1,<environment.Job instance at 0x7fac31da1c30>,8,18,[6 1],13,58,76,45,47
1,<environment.Job instance at 0x7fac322da280>,4,14,[8 4],6,9,23,3,9
1,<environment.Job instance at 0x7fac323c2cd0>,7,24,[6 2],11,23,47,12,18
1,<environment.Job instance at 0x7fac323a6870>,18,17,[1 7],24,37,54,13,37
1,<environment.Job instance at 0x7fac323c2e60>,10,17,[2 8],14,54,71,40,43
1,<environment.Job instance at 0x7fac323a6d70>,25,13,[6 2],34,47,60,13,43
1,<environment.Job instance at 0x7fac323cd0f0>,28,1,[2 7],39,71,72,32,47
1,<environment.Job instance at 0x7fac7c7b8c80>,0,27,[8 3],1,9,36,8,9
1,<environment.Job instance at 0x7fac7c170af0>,16,25,[9 1],24,36,61,12,33
1,<environment.Job instance at 0x7fac7ce3f280>,23,12,[8 1],34,61,73,27,47
1,<environment.Job instance at 0x7fac31cc07d0>,3,17,[ 4 10],6,6,23,0,6
1,<environment.Job instance at 0x7fac3221be60>,8,12,[5 8],12,23,35,11,12
1,<environment.Job instance at 0x7fac7bd47a00>,12,13,[ 5 10],17,35,48,18,19
1,<environment.Job instance at 0x7fac7bd53640>,24,18,[4 8],32,48,66,16,42
1,<environment.Job instance at 0x7fac322db190>,2,14,[1 9],7,7,21,0,7
1,<environment.Job instance at 0x7fac31e26a00>,6,12,[8 4],11,21,33,10,16
1,<environment.Job instance at 0x7fac7bd2bcd0>,10,12,[6 1],17,33,45,16,17
1,<environment.Job instance at 0x7fac7c784050>,14,3,[6 1],24,45,48,21,24
1,<environment.Job instance at 0x7fac7c7a6640>,15,16,[1 9],25,33,49,8,26
1,<environment.Job instance at 0x7fac7c0c68c0>,22,17,[10  4],39,49,66,10,42
1,<environment.Job instance at 0x7fac32282780>,1,13,[5 6],2,2,15,0,2
1,<environment.Job instance at 0x7fac32282280>,2,16,[5 5],3,15,31,12,5
1,<environment.Job instance at 0x7fac32282870>,11,1,[3 8],16,31,32,15,18
1,<environment.Job instance at 0x7fac7bd70a50>,18,14,[10  3],28,32,46,4,29
1,<environment.Job instance at 0x7fac7c551910>,28,14,[5 5],43,46,60,3,44
1,<environment.Job instance at 0x7fac7bacfe10>,2,18,[1 9],4,4,22,0,4
1,<environment.Job instance at 0x7fac31b89460>,12,27,[9 5],18,25,52,7,25
1,<environment.Job instance at 0x7fac7bd124b0>,18,12,[3 6],25,52,64,27,44
1,<environment.Job instance at 0x7fac32333d20>,29,3,[6 2],37,52,55,15,45
1,<environment.Job instance at 0x7fac7bac2870>,31,12,[6 2],40,55,67,15,48
1,<environment.Job instance at 0x7fac7ce3d730>,4,18,[9 3],5,6,24,1,6
1,<environment.Job instance at 0x7fac7c02faa0>,12,17,[ 1 10],13,24,41,11,18
1,<environment.Job instance at 0x7fac31b1c910>,22,27,[1 9],29,41,68,12,41
1,<environment.Job instance at 0x7fac7c664910>,28,3,[5 2],42,68,71,26,42
1,<environment.Job instance at 0x7fac322f7640>,8,2,[3 8],14,16,18,2,16
1,<environment.Job instance at 0x7fac322f7a50>,10,3,[10  1],17,18,21,1,17
1,<environment.Job instance at 0x7fac322f78c0>,12,3,[7 4],19,21,24,2,19
1,<environment.Job instance at 0x7fac322f7b90>,13,27,[10  1],21,26,53,5,26
1,<environment.Job instance at 0x7fac322f7fa0>,18,1,[10  4],27,53,54,26,32
1,<environment.Job instance at 0x7fac322e30f0>,21,1,[5 3],30,54,55,24,39
1,<environment.Job instance at 0x7fac31c9f320>,11,18,[7 4],14,15,33,1,15
1,<environment.Job instance at 0x7fac31c9f5f0>,12,13,[9 1],16,33,46,17,17
1,<environment.Job instance at 0x7fac7c7ae5a0>,27,17,[5 6],36,46,63,10,36
1,<environment.Job instance at 0x7fac7c7ae280>,23,20,[5 4],31,46,66,15,41
1,<environment.Job instance at 0x7fac31c37500>,11,18,[8 1],15,17,35,2,17
1,<environment.Job instance at 0x7fac31dd4280>,24,16,[2 6],33,33,49,0,33
1,<environment.Job instance at 0x7fac31dd0fa0>,29,26,[5 4],39,41,67,2,41
1,<environment.Job instance at 0x7fac31dd0a00>,1,13,[1 8],2,2,15,0,2
1,<environment.Job instance at 0x7fac7c2e1550>,5,12,[7 1],6,6,18,0,6
1,<environment.Job instance at 0x7fac7c2e1780>,7,1,[8 1],10,18,19,8,11
1,<environment.Job instance at 0x7fac7c2e18c0>,8,20,[5 1],12,19,39,7,12
1,<environment.Job instance at 0x7fac7c3ad5f0>,1,22,[4 7],2,2,24,0,2
1,<environment.Job instance at 0x7fac32276230>,13,16,[ 1 10],15,24,40,9,21
1,<environment.Job instance at 0x7fac322762d0>,18,15,[4 7],23,40,55,17,27
1,<environment.Job instance at 0x7fac32276280>,23,12,[5 8],28,55,67,27,41
1,<environment.Job instance at 0x7fac321d5c30>,1,18,[9 4],3,4,22,1,4
1,<environment.Job instance at 0x7fac7baef8c0>,7,16,[8 4],12,22,38,10,18
1,<environment.Job instance at 0x7fac7bbf2690>,13,17,[10  5],25,38,55,13,28
1,<environment.Job instance at 0x7fac7c565d70>,2,17,[9 3],3,3,20,0,3
1,<environment.Job instance at 0x7fac7bde85f0>,15,12,[9 5],16,20,32,4,17
1,<environment.Job instance at 0x7fac7bdae2d0>,14,15,[2 6],15,32,47,17,19
1,<environment.Job instance at 0x7fac7bdc2410>,23,14,[9 4],27,47,61,20,33
1,<environment.Job instance at 0x7fac7bde5f50>,0,26,[10  2],1,2,28,1,2
1,<environment.Job instance at 0x7fac7bc1b370>,5,18,[6 5],11,28,46,17,18
1,<environment.Job instance at 0x7fac7bb2a690>,18,15,[4 5],32,36,51,4,36
1,<environment.Job instance at 0x7fac7bb2ab40>,20,16,[5 7],35,51,67,16,49
1,<environment.Job instance at 0x7fac7bc51a50>,4,12,[4 9],7,7,19,0,7
1,<environment.Job instance at 0x7fac7c9cc730>,6,16,[5 6],9,19,35,10,9
1,<environment.Job instance at 0x7fac3229a050>,13,18,[3 5],20,35,53,15,25
1,<environment.Job instance at 0x7fac7c851690>,23,1,[10  5],32,53,54,21,35
1,<environment.Job instance at 0x7fac3237d1e0>,25,3,[5 3],34,37,40,3,37
1,<environment.Job instance at 0x7fac7c22d730>,28,15,[5 2],39,54,69,15,40
1,<environment.Job instance at 0x7fb6e9130960>,3,16,[1 8],5,5,21,0,5
1,<environment.Job instance at 0x7fb6e9130dc0>,7,15,[4 9],11,21,36,10,12
1,<environment.Job instance at 0x7fb6e9133820>,18,15,[5 6],22,36,51,14,30
1,<environment.Job instance at 0x7fb6e9133460>,14,16,[5 9],18,51,67,33,38
1,<environment.Job instance at 0x7fb6e9136320>,29,13,[8 1],37,67,80,30,57
1,<environment.Job instance at 0x7fb6f04847d0>,6,18,[8 4],9,11,29,2,11
1,<environment.Job instance at 0x7fb6f0487050>,20,18,[7 1],26,34,52,8,34
1,<environment.Job instance at 0x7fb6e8f50a00>,28,2,[1 6],35,48,50,13,48
1,<environment.Job instance at 0x7fb6f0484be0>,13,12,[1 9],17,50,62,33,50
1,<environment.Job instance at 0x7fb6e95db370>,30,18,[6 5],40,62,80,22,54
1,<environment.Job instance at 0x7fb6a53cac80>,2,15,[5 7],5,6,21,1,6
1,<environment.Job instance at 0x7fb6a5525f00>,5,16,[2 7],11,21,37,10,11
1,<environment.Job instance at 0x7fb6a542b910>,16,28,[7 4],24,37,65,13,37
1,<environment.Job instance at 0x7fb6e95d3140>,1,18,[7 1],2,5,23,3,5
1,<environment.Job instance at 0x7fb6a5a5a370>,9,25,[ 4 10],14,23,48,9,21
1,<environment.Job instance at 0x7fb6a58ca870>,26,17,[2 8],34,48,65,14,48
1,<environment.Job instance at 0x7fb6a58caeb0>,2,14,[6 1],3,3,17,0,3
1,<environment.Job instance at 0x7fb6a5505eb0>,3,12,[4 8],4,5,17,1,5
1,<environment.Job instance at 0x7fb6a5ae13c0>,5,13,[3 6],10,17,30,7,10
1,<environment.Job instance at 0x7fb6a5ae18c0>,11,1,[5 5],21,30,31,9,23
1,<environment.Job instance at 0x7fb6a5ae1f00>,16,14,[5 3],27,36,50,9,36
1,<environment.Job instance at 0x7fb6a5ad9910>,25,17,[7 2],37,50,67,13,39
1,<environment.Job instance at 0x7fb6a5ad9e10>,29,12,[8 1],44,67,79,23,56
1,<environment.Job instance at 0x7fb6a5ae5960>,3,17,[ 4 10],6,6,23,0,6
1,<environment.Job instance at 0x7fb6e8f783c0>,6,12,[10  1],10,23,35,13,10
1,<environment.Job instance at 0x7fb6e94760a0>,12,13,[ 5 10],17,35,48,18,20
1,<environment.Job instance at 0x7fb6e93ad550>,23,3,[4 6],31,48,51,17,35
1,<environment.Job instance at 0x7fb6f02fb370>,27,1,[ 1 10],37,51,52,14,38
1,<environment.Job instance at 0x7fb6e93ad460>,22,16,[5 9],30,52,68,22,39
1,<environment.Job instance at 0x7fb6e9cd2eb0>,32,2,[9 2],44,68,70,24,44
1,<environment.Job instance at 0x7fb6e975f280>,1,19,[5 4],2,2,21,0,2
1,<environment.Job instance at 0x7fb6e93f4cd0>,3,24,[3 6],6,6,30,0,6
1,<environment.Job instance at 0x7fb6e8f16410>,5,16,[5 9],8,30,46,22,20
1,<environment.Job instance at 0x7fb6a599d820>,14,17,[ 1 10],26,46,63,20,34
1,<environment.Job instance at 0x7fb6e95e5b40>,27,16,[5 5],43,63,79,20,50
1,<environment.Job instance at 0x7fb6e9b05af0>,8,15,[ 3 10],12,12,27,0,12
1,<environment.Job instance at 0x7fb6e9024eb0>,14,16,[5 1],21,27,43,6,23
1,<environment.Job instance at 0x7fb6e8f65b40>,15,14,[5 5],23,29,43,6,29
1,<environment.Job instance at 0x7fb6e90235a0>,18,1,[4 7],28,43,44,15,31
1,<environment.Job instance at 0x7fb6a54cc910>,22,18,[1 9],34,44,62,10,34
1,<environment.Job instance at 0x7fb6e903edc0>,26,3,[1 7],40,62,65,22,49
1,<environment.Job instance at 0x7fb6e9049960>,2,15,[8 1],3,5,20,2,5
1,<environment.Job instance at 0x7fb6e970f4b0>,8,12,[6 2],10,20,32,10,10
1,<environment.Job instance at 0x7fb6a54df780>,21,17,[2 5],27,27,44,0,27
1,<environment.Job instance at 0x7fb6a54dfcd0>,22,17,[4 8],28,44,61,16,33
1,<environment.Job instance at 0x7fb6a54df550>,26,2,[5 2],32,40,42,8,40
1,<environment.Job instance at 0x7fb6a55067d0>,31,15,[10  4],43,61,76,18,55
1,<environment.Job instance at 0x7fb6e8f184b0>,0,23,[ 4 10],1,4,27,3,4
1,<environment.Job instance at 0x7fb6a58108c0>,12,17,[8 3],14,27,44,13,16
1,<environment.Job instance at 0x7fb6a569b640>,19,23,[1 7],25,44,67,19,44
1,<environment.Job instance at 0x7fb6e9136d20>,12,13,[9 1],16,22,35,6,22
1,<environment.Job instance at 0x7fb6e8f79640>,18,16,[7 2],23,35,51,12,23
1,<environment.Job instance at 0x7fb6e9293820>,17,25,[4 9],22,51,76,29,51
1,<environment.Job instance at 0x7fb6e9937730>,3,12,[2 5],4,5,17,1,5
1,<environment.Job instance at 0x7fb6e8f128c0>,6,20,[7 4],7,7,27,0,7
1,<environment.Job instance at 0x7fb6e8f12b90>,9,15,[5 5],12,27,42,15,14
1,<environment.Job instance at 0x7fb6e8efbaf0>,22,26,[5 4],29,31,57,2,31
1,<environment.Job instance at 0x7fb6e8efbb40>,23,16,[9 5],31,58,74,27,58
1,<environment.Job instance at 0x7fb6e8efb140>,16,12,[ 2 10],20,74,86,54,59
1,<environment.Job instance at 0x7fb6e95ba0a0>,2,27,[1 8],3,5,32,2,5
1,<environment.Job instance at 0x7fb6e90b6640>,9,1,[9 1],13,15,16,2,15
1,<environment.Job instance at 0x7fb6e90b6eb0>,6,13,[5 9],9,32,45,23,22
1,<environment.Job instance at 0x7fb6e94f7a00>,19,28,[ 4 10],25,45,73,20,44
1,<environment.Job instance at 0x7fb6a57d7be0>,5,16,[3 7],6,6,22,0,6
1,<environment.Job instance at 0x7fb6e9752140>,6,14,[8 1],8,22,36,14,11
1,<environment.Job instance at 0x7fb6e942dbe0>,22,16,[8 4],32,36,52,4,34
1,<environment.Job instance at 0x7fb6a57d70f0>,18,21,[2 8],26,52,73,26,44
1,<environment.Job instance at 0x7fb6e90cba50>,4,22,[7 4],10,10,32,0,10
1,<environment.Job instance at 0x7fb6a5417550>,11,3,[9 4],17,32,35,15,17
1,<environment.Job instance at 0x7fb6a54845f0>,12,12,[8 1],18,35,47,17,19
1,<environment.Job instance at 0x7fb6a5866780>,24,15,[8 2],33,47,62,14,40
1,<environment.Job instance at 0x7fb6a58660a0>,30,12,[4 9],39,62,74,23,56
1,<environment.Job instance at 0x7fb6e8e9d500>,0,26,[10  2],1,16,42,15,16
1,<environment.Job instance at 0x7fb6a5963aa0>,21,18,[6 3],36,42,60,6,39
1,<environment.Job instance at 0x7fb6e9b4eaf0>,32,14,[3 7],55,55,69,0,55
1,<environment.Job instance at 0x7fb6e8ebf8c0>,0,23,[1 6],2,2,25,0,2
1,<environment.Job instance at 0x7fb6e9762910>,8,14,[7 2],13,24,38,11,24
1,<environment.Job instance at 0x7fb6e955c280>,18,18,[3 9],25,38,56,13,27
1,<environment.Job instance at 0x7fb6e93f4690>,21,13,[7 5],31,56,69,25,40
1,<environment.Job instance at 0x7fb6a54ff690>,4,12,[9 3],7,7,19,0,7
1,<environment.Job instance at 0x7fb6e9823730>,9,15,[1 8],14,19,34,5,14
1,<environment.Job instance at 0x7fb6e974baa0>,11,23,[6 4],18,34,57,16,28
1,<environment.Job instance at 0x7fb6a55d0780>,27,2,[5 3],38,57,59,19,40
1,<environment.Job instance at 0x7fb6a55d02d0>,23,12,[ 2 10],31,59,71,28,43
1,<environment.Job instance at 0x7fb6a56d0230>,1,27,[8 1],2,4,31,2,4
1,<environment.Job instance at 0x7fb6e9acc4b0>,12,2,[4 6],15,31,33,16,16
1,<environment.Job instance at 0x7fb6e9acc870>,13,2,[5 7],16,33,35,17,18
1,<environment.Job instance at 0x7fb6e91c8b90>,16,1,[8 2],19,35,36,16,19
1,<environment.Job instance at 0x7fb6a56d01e0>,10,13,[3 9],12,36,49,24,20
1,<environment.Job instance at 0x7fb6e9acc820>,15,15,[4 7],18,49,64,31,35
1,<environment.Job instance at 0x7fb6e91c8e60>,30,21,[4 6],35,64,85,29,56
1,<environment.Job instance at 0x7fb6a521b870>,0,16,[5 1],2,2,18,0,2
1,<environment.Job instance at 0x7fb6a585f140>,6,13,[4 8],8,8,21,0,8
1,<environment.Job instance at 0x7fb6e9af5e60>,7,17,[ 2 10],9,21,38,12,15
1,<environment.Job instance at 0x7fb6e94553c0>,19,20,[5 6],26,38,58,12,29
1,<environment.Job instance at 0x7fb6e9c45aa0>,28,21,[9 5],40,58,79,18,51
1,<environment.Job instance at 0x7f2f6d210690>,0,18,[9 3],1,1,19,0,1
1,<environment.Job instance at 0x7f2f67e07a50>,3,16,[1 8],5,19,35,14,6
1,<environment.Job instance at 0x7f2f67e0a5a0>,14,16,[5 9],18,35,51,17,22
1,<environment.Job instance at 0x7f2f67e0a640>,16,1,[7 2],20,27,28,7,27
1,<environment.Job instance at 0x7f2f67e0d730>,29,13,[8 1],37,51,64,14,39
1,<environment.Job instance at 0x7f2f67e0dc80>,34,16,[9 1],44,64,80,20,55
1,<environment.Job instance at 0x7f2f67e0dcd0>,35,13,[7 1],45,80,93,35,64
1,<environment.Job instance at 0x7f2f6d15d5a0>,0,13,[6 4],1,1,14,0,1
1,<environment.Job instance at 0x7f2f6d15d190>,3,16,[3 7],4,14,30,10,4
1,<environment.Job instance at 0x7f2f6d15e780>,10,2,[5 5],13,30,32,17,16
1,<environment.Job instance at 0x7f2f6d37ef00>,15,1,[6 5],20,32,33,12,20
1,<environment.Job instance at 0x7f2f67d990a0>,16,16,[9 5],21,33,49,12,23
1,<environment.Job instance at 0x7f2f6d392730>,20,2,[1 6],25,49,51,24,36
1,<environment.Job instance at 0x7f2f6d392f00>,23,12,[6 1],33,49,61,16,37
1,<environment.Job instance at 0x7f2f6d240910>,27,14,[2 5],39,52,66,13,52
1,<environment.Job instance at 0x7f2f6d20fcd0>,30,18,[4 5],45,61,79,16,52
1,<environment.Job instance at 0x7f2f6d38bb90>,36,15,[5 7],55,79,94,24,67
1,<environment.Job instance at 0x7f2f220ce780>,1,18,[9 4],2,7,25,5,7
1,<environment.Job instance at 0x7f2f2212a0f0>,6,12,[ 2 10],8,25,37,17,8
1,<environment.Job instance at 0x7f2f221fe6e0>,14,3,[8 2],22,37,40,15,22
1,<environment.Job instance at 0x7f2f221feaf0>,16,12,[5 1],24,40,52,16,24
1,<environment.Job instance at 0x7f2f221fe690>,17,15,[2 9],26,40,55,14,26
1,<environment.Job instance at 0x7f2f221fdfa0>,25,12,[1 5],38,55,67,17,38
1,<environment.Job instance at 0x7f2f221fdaf0>,29,18,[7 1],42,52,70,10,44
1,<environment.Job instance at 0x7f2f221fd7d0>,31,3,[6 1],45,70,73,25,45
1,<environment.Job instance at 0x7f2f221fd460>,32,1,[5 1],46,73,74,27,46
1,<environment.Job instance at 0x7f2f221fdf00>,34,3,[4 6],50,70,73,20,50
1,<environment.Job instance at 0x7f2f22136460>,38,1,[4 9],55,73,74,18,58
1,<environment.Job instance at 0x7f2f22136320>,40,3,[8 4],57,74,77,17,59
1,<environment.Job instance at 0x7f2f221fd9b0>,28,17,[5 8],41,77,94,36,65
1,<environment.Job instance at 0x7f2f2214f3c0>,0,24,[6 2],1,1,25,0,1
1,<environment.Job instance at 0x7f2f22234460>,3,17,[2 8],4,4,21,0,4
1,<environment.Job instance at 0x7f2f221fd9b0>,4,15,[5 9],6,25,40,19,11
1,<environment.Job instance at 0x7f2f221c4690>,14,21,[6 5],19,40,61,21,33
1,<environment.Job instance at 0x7f2f2217e1e0>,28,13,[3 6],40,61,74,21,48
1,<environment.Job instance at 0x7f2f2217ee10>,30,12,[7 3],43,61,73,18,50
1,<environment.Job instance at 0x7f2f226dab40>,34,1,[5 5],51,74,75,23,54
1,<environment.Job instance at 0x7f2f224c41e0>,35,13,[5 9],52,75,88,23,64
1,<environment.Job instance at 0x7f2f221935f0>,0,18,[5 2],2,2,20,0,2
1,<environment.Job instance at 0x7f2f227c7550>,7,16,[9 3],9,20,36,11,9
1,<environment.Job instance at 0x7f2f225bff00>,3,3,[ 2 10],5,36,39,31,20
1,<environment.Job instance at 0x7f2f227c7f00>,16,3,[9 3],24,39,42,15,25
1,<environment.Job instance at 0x7f2f227af320>,19,16,[8 5],29,42,58,13,32
1,<environment.Job instance at 0x7f2f227afaf0>,26,13,[ 5 10],37,58,71,21,48
1,<environment.Job instance at 0x7f2f227aff50>,32,13,[1 7],45,71,84,26,57
1,<environment.Job instance at 0x7f2f227ac7d0>,2,14,[1 9],7,8,22,1,8
1,<environment.Job instance at 0x7f2f6a420a50>,5,14,[4 8],10,22,36,12,10
1,<environment.Job instance at 0x7f2f6a432b40>,13,3,[3 7],23,36,39,13,23
1,<environment.Job instance at 0x7f2f6a432640>,15,16,[1 9],25,39,55,14,27
1,<environment.Job instance at 0x7f2f6a432280>,16,2,[4 5],29,55,57,26,29
1,<environment.Job instance at 0x7f2f6a4327d0>,14,3,[6 1],24,33,36,9,33
1,<environment.Job instance at 0x7f2f6a432730>,22,17,[10  4],39,57,74,18,46
1,<environment.Job instance at 0x7f2f6a85ce10>,26,13,[1 6],45,74,87,29,58
1,<environment.Job instance at 0x7f2f6a85c8c0>,35,15,[8 2],55,74,89,19,69
1,<environment.Job instance at 0x7f2f68224d70>,4,17,[5 5],7,7,24,0,7
1,<environment.Job instance at 0x7f2f222a3c30>,14,16,[5 1],21,23,39,2,23
1,<environment.Job instance at 0x7f2f226ca0f0>,15,14,[5 5],23,28,42,5,28
1,<environment.Job instance at 0x7f2f223f6d20>,22,18,[1 9],34,42,60,8,38
1,<environment.Job instance at 0x7f2f6d241050>,25,2,[1 9],37,60,62,23,40
1,<environment.Job instance at 0x7f2f6d241f00>,23,17,[1 6],35,62,79,27,55
1,<environment.Job instance at 0x7f2f6a952500>,3,18,[8 4],6,6,24,0,6
1,<environment.Job instance at 0x7f2f67c59f50>,10,18,[9 3],15,24,42,9,15
1,<environment.Job instance at 0x7f2f2221e190>,18,17,[ 1 10],23,42,59,19,34
1,<environment.Job instance at 0x7f2f21fc5140>,29,3,[8 2],40,59,62,19,41
1,<environment.Job instance at 0x7f2f21fc5fa0>,24,18,[10  4],35,62,80,27,51
1,<environment.Job instance at 0x7f2f67ec0780>,3,23,[1 7],5,10,33,5,10
1,<environment.Job instance at 0x7f2f67f31dc0>,11,14,[4 9],16,33,47,17,18
1,<environment.Job instance at 0x7f2f225d6e60>,31,15,[6 1],42,57,72,15,57
1,<environment.Job instance at 0x7f2f6a3e7c80>,40,1,[ 4 10],53,72,73,19,63
1,<environment.Job instance at 0x7f2f6a3e7a00>,41,18,[7 4],54,73,91,19,67
1,<environment.Job instance at 0x7f2f67f53b40>,4,17,[5 6],6,7,24,1,7
1,<environment.Job instance at 0x7f2f6a9f1c80>,5,17,[5 3],8,8,25,0,8
1,<environment.Job instance at 0x7f2f682553c0>,16,1,[2 9],27,28,29,1,28
1,<environment.Job instance at 0x7f2f6a8fb190>,11,25,[ 3 10],19,31,56,12,31
1,<environment.Job instance at 0x7f2f2208daf0>,28,15,[5 5],42,56,71,14,42
1,<environment.Job instance at 0x7f2f2208d7d0>,29,16,[5 1],43,56,72,13,43
1,<environment.Job instance at 0x7f2f67f318c0>,3,15,[ 5 10],5,72,87,67,68
1,<environment.Job instance at 0x7f2f222d34b0>,1,13,[1 8],2,4,17,2,4
1,<environment.Job instance at 0x7f2f67bc7d20>,6,1,[7 3],8,17,18,9,8
1,<environment.Job instance at 0x7f2f2264ec30>,5,12,[7 1],6,18,30,12,8
1,<environment.Job instance at 0x7f2f6a8d2820>,10,13,[5 7],15,30,43,15,16
1,<environment.Job instance at 0x7f2f67bb0410>,27,1,[1 6],38,48,49,10,48
1,<environment.Job instance at 0x7f2f6a9b69b0>,24,1,[9 1],33,50,51,17,50
1,<environment.Job instance at 0x7f2f223c30f0>,30,3,[10  4],41,51,54,10,50
1,<environment.Job instance at 0x7f2f6a42d640>,28,1,[5 9],39,54,55,15,51
1,<environment.Job instance at 0x7f2f222fe190>,31,16,[7 2],42,55,71,13,53
1,<environment.Job instance at 0x7f2f67f4c1e0>,0,16,[9 1],1,2,18,1,2
1,<environment.Job instance at 0x7f2f681442d0>,3,22,[4 5],5,18,40,13,11
1,<environment.Job instance at 0x7f2f22135b90>,18,12,[3 8],26,40,52,14,27
1,<environment.Job instance at 0x7f2f22135be0>,17,13,[6 1],24,28,41,4,28
1,<environment.Job instance at 0x7f2f22138640>,24,12,[8 4],34,52,64,18,36
1,<environment.Job instance at 0x7f2f22138af0>,29,16,[8 4],42,64,80,22,53
1,<environment.Job instance at 0x7f2f2207b140>,7,17,[9 3],13,13,30,0,13
1,<environment.Job instance at 0x7f2f2207b1e0>,13,3,[8 5],19,30,33,11,21
1,<environment.Job instance at 0x7f2f6a7a2d70>,15,12,[9 5],21,33,45,12,23
1,<environment.Job instance at 0x7f2f22125230>,20,12,[9 5],26,45,57,19,29
1,<environment.Job instance at 0x7f2f6a796140>,28,14,[9 4],37,57,71,20,49
1,<environment.Job instance at 0x7f2f222cbb40>,31,18,[2 8],41,71,89,30,63
1,<environment.Job instance at 0x7f2f21e95230>,2,15,[6 5],6,6,21,0,6
1,<environment.Job instance at 0x7f2f21e95f00>,5,17,[1 8],10,21,38,11,10
1,<environment.Job instance at 0x7f2f21e95640>,6,18,[8 2],12,21,39,9,13
1,<environment.Job instance at 0x7f2f223c3230>,17,1,[6 1],27,39,40,12,28
1,<environment.Job instance at 0x7f2f223c3870>,22,14,[1 9],35,39,53,4,36
1,<environment.Job instance at 0x7f2f223c3dc0>,23,12,[6 2],39,53,65,14,40
1,<environment.Job instance at 0x7f2f67e27e60>,34,2,[8 1],55,65,67,10,63
1,<environment.Job instance at 0x7f2f67e276e0>,37,18,[3 5],60,67,85,7,65
1,<environment.Job instance at 0x7f2f21f0d870>,4,18,[3 9],5,5,23,0,5
1,<environment.Job instance at 0x7f2f220835a0>,5,17,[6 3],8,23,40,15,13
1,<environment.Job instance at 0x7f2f21efa410>,17,13,[ 3 10],24,40,53,16,25
1,<environment.Job instance at 0x7f2f21efafa0>,28,25,[7 5],40,53,78,13,51
1,<environment.Job instance at 0x7f2f21f0b820>,37,18,[2 5],53,63,81,10,63
1,<environment.Job instance at 0x7f2f21f0bc80>,38,15,[1 8],54,81,96,27,67
1,<environment.Job instance at 0x7f2f21f0ba00>,1,18,[9 5],5,6,24,1,6
1,<environment.Job instance at 0x7f2f2260b4b0>,11,15,[5 9],17,24,39,7,20
1,<environment.Job instance at 0x7f2f6806cf00>,20,2,[8 1],31,39,41,8,31
1,<environment.Job instance at 0x7f2f6806c3c0>,15,15,[4 7],24,41,56,17,32
1,<environment.Job instance at 0x7f2f6a601d20>,28,2,[7 1],39,56,58,17,41
1,<environment.Job instance at 0x7f2f6a601960>,29,16,[10  2],41,58,74,17,45
1,<environment.Job instance at 0x7f2f2244de60>,37,16,[5 6],50,74,90,24,61
1,<environment.Job instance at 0x7f2f224d02d0>,3,27,[1 7],6,14,41,8,14
1,<environment.Job instance at 0x7f2f67cd6f00>,15,28,[7 3],19,23,51,4,23
1,<environment.Job instance at 0x7f2f224c0690>,21,23,[5 8],26,51,74,25,48
1,<environment.Job instance at 0x7f2f227cbaf0>,0,13,[1 9],3,3,16,0,3
1,<environment.Job instance at 0x7f2f68275af0>,10,24,[10  4],18,19,43,1,19
1,<environment.Job instance at 0x7f2f21f5b280>,14,17,[2 5],25,43,60,18,36
1,<environment.Job instance at 0x7f2f22705b40>,26,14,[5 6],41,60,74,19,46
1,<environment.Job instance at 0x7f2f22705e10>,30,17,[1 5],46,74,91,28,63
1,<environment.Job instance at 0x7f2f226cff00>,2,16,[5 8],3,31,47,28,31
1,<environment.Job instance at 0x7f2f6a463780>,15,27,[1 9],24,47,74,23,45
1,<environment.Job instance at 0x7f2f680ca6e0>,29,2,[5 2],42,74,76,32,60
1,<environment.Job instance at 0x7f2f6a4425a0>,34,13,[8 5],57,76,89,19,60
1,<environment.Job instance at 0x7f2f68332be0>,4,14,[4 7],9,10,24,1,10
1,<environment.Job instance at 0x7f2f68332460>,5,15,[10  1],11,24,39,13,11
1,<environment.Job instance at 0x7f2f224c8af0>,11,1,[10  1],21,39,40,18,22
1,<environment.Job instance at 0x7f2f67be1230>,21,1,[1 9],34,48,49,14,48
1,<environment.Job instance at 0x7f2f6a7475a0>,22,1,[3 7],35,49,50,14,48
1,<environment.Job instance at 0x7f2f6d392050>,23,13,[4 8],36,50,63,14,48
1,<environment.Job instance at 0x7f2f6810ec80>,26,1,[2 9],40,63,64,23,48
1,<environment.Job instance at 0x7f2f22442f00>,27,18,[6 3],41,64,82,23,54
1,<environment.Job instance at 0x7f2f2242d500>,30,3,[ 2 10],44,82,85,38,60
1,<environment.Job instance at 0x7ffa0e668e10>,7,15,[4 9],11,11,26,0,11
1,<environment.Job instance at 0x7ffa0e66b2d0>,13,2,[8 4],17,26,28,9,19
1,<environment.Job instance at 0x7ffa0e66b820>,17,1,[6 1],21,21,22,0,21
1,<environment.Job instance at 0x7ffa0e66b230>,14,16,[5 9],18,28,44,10,25
1,<environment.Job instance at 0x7ffa0e66e190>,25,12,[5 2],32,44,56,12,36
1,<environment.Job instance at 0x7ffa0e66bdc0>,24,15,[7 2],30,56,71,26,45
1,<environment.Job instance at 0x7ffa0e66ebe0>,38,1,[2 7],48,61,62,13,61
1,<environment.Job instance at 0x7ffa0e66efa0>,41,3,[9 1],53,71,74,18,71
1,<environment.Job instance at 0x7ffa0e670140>,42,1,[2 7],54,74,75,20,73
1,<environment.Job instance at 0x7ffa0e66ee60>,40,27,[3 7],52,78,105,26,78
1,<environment.Job instance at 0x7ffa0e66e140>,0,16,[10  1],2,2,18,0,2
1,<environment.Job instance at 0x7ffa15bf30a0>,7,16,[9 5],11,18,34,7,14
1,<environment.Job instance at 0x7ffa15abcd70>,21,18,[4 5],35,45,63,10,45
1,<environment.Job instance at 0x7ffa15aa18c0>,25,1,[1 5],41,45,46,4,45
1,<environment.Job instance at 0x7ffa15aa1be0>,27,15,[5 7],45,63,78,18,50
1,<environment.Job instance at 0x7ffa15bef0f0>,8,2,[8 5],12,12,14,0,12
1,<environment.Job instance at 0x7ffa15bef140>,10,1,[4 9],15,20,21,5,20
1,<environment.Job instance at 0x7ff9ca97b500>,16,18,[7 1],22,24,42,2,24
1,<environment.Job instance at 0x7ff9ca97b960>,17,2,[5 6],24,42,44,18,25
1,<environment.Job instance at 0x7ff9ca97b7d0>,18,3,[6 1],25,44,47,19,26
1,<environment.Job instance at 0x7ff9ca9df960>,21,3,[4 6],30,44,47,14,30
1,<environment.Job instance at 0x7ff9caa98690>,4,15,[2 9],6,47,62,41,36
1,<environment.Job instance at 0x7ff9ca901410>,33,16,[8 5],44,62,78,18,55
1,<environment.Job instance at 0x7ff9ca92c5f0>,39,17,[4 9],52,78,95,26,77
1,<environment.Job instance at 0x7ff9cae24b90>,2,14,[6 1],3,3,17,0,3
1,<environment.Job instance at 0x7ff9cae24500>,3,12,[4 8],4,4,16,0,4
1,<environment.Job instance at 0x7ff9cae241e0>,5,13,[3 6],10,16,29,6,10
1,<environment.Job instance at 0x7ff9caaeea50>,14,1,[5 6],24,29,30,5,24
1,<environment.Job instance at 0x7ff9cae24cd0>,6,27,[8 3],11,30,57,19,28
1,<environment.Job instance at 0x7ff9cadb4050>,21,25,[9 4],33,57,82,24,56
1,<environment.Job instance at 0x7ff9caa34410>,34,16,[9 3],49,82,98,33,76
1,<environment.Job instance at 0x7ff9caa34550>,3,13,[1 7],5,5,18,0,5
1,<environment.Job instance at 0x7ffa0eac71e0>,4,15,[10  5],6,18,33,12,6
1,<environment.Job instance at 0x7ffa0ead4230>,19,2,[7 5],26,33,35,7,26
1,<environment.Job instance at 0x7ffa0eac7780>,9,18,[4 8],12,35,53,23,28
1,<environment.Job instance at 0x7ffa0ead4a50>,26,14,[1 9],37,53,67,16,39
1,<environment.Job instance at 0x7ffa0ead82d0>,33,24,[3 6],46,67,91,21,62
1,<environment.Job instance at 0x7ffa0ead8dc0>,1,13,[5 6],2,2,15,0,2
1,<environment.Job instance at 0x7ff9caf000a0>,14,14,[1 6],24,26,40,2,26
1,<environment.Job instance at 0x7ffa0e5154b0>,21,15,[ 3 10],32,40,55,8,40
1,<environment.Job instance at 0x7ffa0e4e6b90>,2,15,[8 1],3,6,21,3,6
1,<environment.Job instance at 0x7ffa11385fa0>,12,18,[8 4],16,21,39,5,17
1,<environment.Job instance at 0x7ff9caacf4b0>,21,17,[2 5],27,28,45,1,28
1,<environment.Job instance at 0x7ffa10c48960>,25,13,[1 9],31,45,58,14,31
1,<environment.Job instance at 0x7ffa10c48d70>,31,15,[10  4],43,58,73,15,44
1,<environment.Job instance at 0x7ffa10c98960>,45,23,[9 3],64,77,100,13,77
1,<environment.Job instance at 0x7ffa0e3d0550>,3,23,[1 7],5,9,32,4,9
1,<environment.Job instance at 0x7ff9cb018af0>,38,3,[5 5],51,70,73,19,70
1,<environment.Job instance at 0x7ff9cb018c80>,40,1,[ 4 10],53,73,74,20,70
1,<environment.Job instance at 0x7ff9cb018cd0>,41,18,[7 4],54,74,92,20,71
1,<environment.Job instance at 0x7ff9ca98c1e0>,12,3,[8 1],21,23,26,2,23
1,<environment.Job instance at 0x7ff9cadc8500>,14,2,[9 2],23,26,28,3,24
1,<environment.Job instance at 0x7ff9cadc8280>,16,18,[8 1],25,28,46,3,25
1,<environment.Job instance at 0x7ffa0e42e370>,13,20,[6 4],22,46,66,24,43
1,<environment.Job instance at 0x7ff9cab865a0>,29,16,[2 6],43,49,65,6,49
1,<environment.Job instance at 0x7ffa0e776be0>,30,2,[6 2],44,66,68,22,49
1,<environment.Job instance at 0x7ff9cace9dc0>,31,2,[1 8],45,66,68,21,53
1,<environment.Job instance at 0x7ffa0eaf8140>,4,25,[ 3 10],9,68,93,59,67
1,<environment.Job instance at 0x7ff9cacec9b0>,2,27,[1 8],3,6,33,3,6
1,<environment.Job instance at 0x7ffa1133a320>,17,15,[5 9],23,33,48,10,28
1,<environment.Job instance at 0x7ffa0e918aa0>,25,13,[5 7],33,48,61,15,43
1,<environment.Job instance at 0x7ffa0eaab910>,32,13,[8 3],40,61,74,21,54
1,<environment.Job instance at 0x7ffa0eaabd20>,1,18,[9 4],3,4,22,1,4
1,<environment.Job instance at 0x7ffa10c311e0>,7,16,[8 4],12,22,38,10,13
1,<environment.Job instance at 0x7ff9cab44910>,16,16,[5 4],29,38,54,9,31
1,<environment.Job instance at 0x7ff9cab65280>,18,3,[10  5],32,54,57,22,42
1,<environment.Job instance at 0x7ffa10c32870>,12,16,[7 3],20,68,84,48,68
1,<environment.Job instance at 0x7ff9cab65aa0>,1,16,[4 6],2,3,19,1,3
1,<environment.Job instance at 0x7ffa0e969960>,2,13,[5 4],4,4,17,0,4
1,<environment.Job instance at 0x7ff9cab65d70>,3,19,[5 9],6,19,38,13,10
1,<environment.Job instance at 0x7ffa0e969c80>,16,12,[5 9],30,38,50,8,31
1,<environment.Job instance at 0x7ff9caf6a280>,19,15,[6 5],36,50,65,14,36
1,<environment.Job instance at 0x7ff9caf6a0f0>,24,2,[1 5],43,50,52,7,46
1,<environment.Job instance at 0x7ff9caf6ad20>,26,1,[4 8],46,65,66,19,47
1,<environment.Job instance at 0x7ffa0e9694b0>,7,14,[3 9],12,66,80,54,64
1,<environment.Job instance at 0x7ffa10bb0b40>,0,23,[1 6],2,2,25,0,2
1,<environment.Job instance at 0x7ffa0e6465f0>,6,13,[ 5 10],11,25,38,14,12
1,<environment.Job instance at 0x7ff9cae957d0>,15,1,[10  5],22,38,39,16,22
1,<environment.Job instance at 0x7ff9cae95eb0>,16,13,[8 5],23,39,52,16,37
1,<environment.Job instance at 0x7ffa0e488aa0>,6,18,[8 5],8,17,35,9,17
1,<environment.Job instance at 0x7ffa1567c640>,7,13,[3 8],9,35,48,26,19
1,<environment.Job instance at 0x7ffa10d5f640>,19,17,[5 8],26,48,65,22,37
1,<environment.Job instance at 0x7ffa0e869c80>,21,1,[7 5],30,65,66,35,47
1,<environment.Job instance at 0x7ff9cabe9280>,28,14,[6 2],38,66,80,28,57
1,<environment.Job instance at 0x7ff9ca725190>,35,3,[4 9],47,80,83,33,58
1,<environment.Job instance at 0x7ff9ca6b5dc0>,37,2,[7 1],49,83,85,34,60
1,<environment.Job instance at 0x7ff9ca6b5280>,41,2,[4 6],55,72,74,17,72
1,<environment.Job instance at 0x7ff9ca6b5b90>,42,2,[5 7],56,85,87,29,72
1,<environment.Job instance at 0x7ffa11300910>,31,21,[5 3],43,85,106,42,78
1,<environment.Job instance at 0x7ff9ca8458c0>,3,27,[1 7],6,12,39,6,12
1,<environment.Job instance at 0x7ffa0e6b6910>,23,13,[4 8],28,54,67,26,54
1,<environment.Job instance at 0x7ffa0e6b6aa0>,25,17,[8 2],31,67,84,36,59
1,<environment.Job instance at 0x7ffa0e6a5140>,35,2,[8 3],44,84,86,40,76
1,<environment.Job instance at 0x7ffa0e6b6b40>,26,17,[2 6],32,76,93,44,76
1,<environment.Job instance at 0x7ffa0e6a53c0>,37,3,[ 4 10],47,93,96,46,77
1,<environment.Job instance at 0x7ffa0e6a53c0>,2,13,[8 2],5,5,18,0,5
1,<environment.Job instance at 0x7ffa1139b640>,4,14,[ 5 10],7,18,32,11,7
1,<environment.Job instance at 0x7ffa10bfb1e0>,14,13,[2 6],23,32,45,9,24
1,<environment.Job instance at 0x7ffa10bfbeb0>,16,1,[7 1],25,32,33,7,25
1,<environment.Job instance at 0x7ffa10bfb320>,19,1,[3 5],29,45,46,16,29
1,<environment.Job instance at 0x7ffa10bfb230>,18,13,[2 7],28,46,59,18,30
1,<environment.Job instance at 0x7ff9caf95140>,26,19,[6 1],37,45,64,8,45
1,<environment.Job instance at 0x7ff9cadbdd20>,30,12,[7 5],43,64,76,21,56
1,<environment.Job instance at 0x7ff9cadbdbe0>,33,12,[6 2],46,76,88,30,65
1,<environment.Job instance at 0x7ffa1139b2d0>,9,17,[2 5],15,65,82,50,65
1,<environment.Job instance at 0x7ffa0ea7d500>,5,1,[5 5],7,10,11,3,10
1,<environment.Job instance at 0x7ffa113844b0>,11,2,[9 4],16,16,18,0,16
1,<environment.Job instance at 0x7ff9ca8be460>,2,27,[1 9],4,20,47,16,20
1,<environment.Job instance at 0x7ffa10c97f50>,21,13,[8 5],37,47,60,10,38
1,<environment.Job instance at 0x7ffa10f04910>,28,3,[6 3],45,60,63,15,45
1,<environment.Job instance at 0x7ffa0e66ea50>,27,3,[7 1],44,63,66,19,45
1,<environment.Job instance at 0x7ff9cad7d320>,32,3,[3 6],53,60,63,7,54
1,<environment.Job instance at 0x7ff9cad7d140>,34,21,[3 8],57,63,84,6,58
1,<environment.Job instance at 0x7ff9cac6baa0>,39,14,[8 5],67,84,98,17,76
1,<environment.Job instance at 0x7ff9cac6b410>,42,1,[10  1],71,98,99,27,77
1,<environment.Job instance at 0x7ffa0e4adaa0>,1,13,[2 7],2,2,15,0,2
1,<environment.Job instance at 0x7ff9cac6b410>,2,14,[9 5],3,15,29,12,3
1,<environment.Job instance at 0x7ffa0e5ed140>,8,1,[2 9],10,29,30,19,10
1,<environment.Job instance at 0x7ffa111d8140>,12,3,[ 2 10],14,30,33,16,14
1,<environment.Job instance at 0x7ffa0ea500a0>,17,12,[9 4],26,33,45,7,26
1,<environment.Job instance at 0x7ffa0ea43460>,18,17,[2 8],27,45,62,18,34
1,<environment.Job instance at 0x7ff9cafe9690>,25,1,[9 3],37,62,63,25,47
1,<environment.Job instance at 0x7ff9cafd1050>,24,3,[8 3],36,63,66,27,47
1,<environment.Job instance at 0x7ff9cafe97d0>,26,3,[ 3 10],38,66,69,28,47
1,<environment.Job instance at 0x7ff9cafe99b0>,31,1,[5 9],46,69,70,23,47
1,<environment.Job instance at 0x7ffa0ea4ee60>,23,13,[5 8],33,70,83,37,54
1,<environment.Job instance at 0x7ff9cafeb6e0>,38,16,[9 4],55,83,99,28,70
1,<environment.Job instance at 0x7ff9caf77640>,3,12,[3 6],5,5,17,0,5
1,<environment.Job instance at 0x7ff9cad0deb0>,8,16,[1 6],10,17,33,7,11
1,<environment.Job instance at 0x7ff9cad0d190>,9,3,[3 7],12,33,36,21,12
1,<environment.Job instance at 0x7ff9cad0dd70>,14,12,[3 9],19,36,48,17,25
1,<environment.Job instance at 0x7ffa10e526e0>,22,15,[9 2],29,48,63,19,37
1,<environment.Job instance at 0x7ffa0e42a410>,30,16,[5 9],38,63,79,25,50
1,<environment.Job instance at 0x7ff9cac32870>,5,20,[6 5],9,9,29,0,9
1,<environment.Job instance at 0x7ff9caf1dc30>,8,16,[1 7],15,29,45,14,16
1,<environment.Job instance at 0x7ff9ca8bbd70>,13,19,[8 1],20,29,48,9,20
1,<environment.Job instance at 0x7ffa0ea342d0>,23,2,[5 7],38,48,50,10,39
1,<environment.Job instance at 0x7f7bdb0a7550>,0,18,[9 3],1,1,19,0,1
1,<environment.Job instance at 0x7f7bd3c982d0>,3,16,[1 8],5,19,35,14,6
1,<environment.Job instance at 0x7f7bd3c9c3c0>,20,25,[5 2],25,29,54,4,29
1,<environment.Job instance at 0x7f7bd3c9ce10>,29,13,[8 1],37,54,67,17,39
1,<environment.Job instance at 0x7f7bd3c9d6e0>,40,27,[3 7],52,80,107,28,80
1,<environment.Job instance at 0x7f7bdb0d04b0>,0,16,[9 5],1,2,18,1,2
1,<environment.Job instance at 0x7f7bdb0d0370>,3,18,[10  2],4,18,36,14,7
1,<environment.Job instance at 0x7f7bdb21b8c0>,14,18,[4 5],25,36,54,11,26
1,<environment.Job instance at 0x7f7bdb21f5f0>,27,18,[6 3],46,49,67,3,49
1,<environment.Job instance at 0x7f7bdb214f00>,31,17,[10  2],50,67,84,17,60
1,<environment.Job instance at 0x7f7bdb223870>,34,28,[7 4],54,84,112,30,83
1,<environment.Job instance at 0x7f7b8ff93640>,1,18,[7 1],2,7,25,5,7
1,<environment.Job instance at 0x7f7b8ff8f2d0>,9,25,[ 4 10],14,25,50,11,22
1,<environment.Job instance at 0x7f7b8ff84550>,21,1,[9 3],27,50,51,23,27
1,<environment.Job instance at 0x7f7b8ff8ca00>,19,17,[8 4],25,51,68,26,48
1,<environment.Job instance at 0x7f7b8ff75640>,31,12,[9 4],40,68,80,28,52
1,<environment.Job instance at 0x7f7b8ff75cd0>,35,3,[9 2],45,80,83,35,65
1,<environment.Job instance at 0x7f7b8ff63d70>,39,12,[8 5],51,83,95,32,78
1,<environment.Job instance at 0x7f7bdb0c6780>,5,17,[7 2],7,14,31,7,14
1,<environment.Job instance at 0x7f7b900b1c80>,9,12,[8 1],14,31,43,17,15
1,<environment.Job instance at 0x7f7bd3a867d0>,15,14,[8 1],22,43,57,21,28
1,<environment.Job instance at 0x7f7b902bc050>,26,16,[8 5],39,57,73,18,57
1,<environment.Job instance at 0x7f7b900f4eb0>,29,12,[5 8],42,73,85,31,64
1,<environment.Job instance at 0x7f7b900f4a50>,37,16,[3 7],52,85,101,33,84
1,<environment.Job instance at 0x7f7b90091c80>,1,19,[5 4],2,2,21,0,2
1,<environment.Job instance at 0x7f7b9037baf0>,2,12,[1 5],3,3,15,0,3
1,<environment.Job instance at 0x7f7b90058730>,3,24,[3 6],6,16,40,10,16
1,<environment.Job instance at 0x7f7b9039d4b0>,12,21,[6 3],23,23,44,0,23
1,<environment.Job instance at 0x7f7b9039dbe0>,16,17,[10  4],29,44,61,15,32
1,<environment.Job instance at 0x7f7b90398820>,31,18,[3 9],47,70,88,23,70
1,<environment.Job instance at 0x7f7bd3a73b40>,2,18,[1 9],4,4,22,0,4
1,<environment.Job instance at 0x7f7bd3a73eb0>,3,17,[1 6],5,22,39,17,10
1,<environment.Job instance at 0x7f7bd4001910>,18,12,[3 6],25,39,51,14,25
1,<environment.Job instance at 0x7f7bd3a7ccd0>,28,14,[3 5],36,51,65,15,38
1,<environment.Job instance at 0x7f7bd3e2c7d0>,39,3,[4 6],52,65,68,13,53
1,<environment.Job instance at 0x7f7bd49b5aa0>,37,14,[1 7],50,68,82,18,58
1,<environment.Job instance at 0x7f7bd3e2cdc0>,42,18,[9 3],55,68,86,13,58
1,<environment.Job instance at 0x7f7bd3f623c0>,45,17,[4 8],58,86,103,28,74
1,<environment.Job instance at 0x7f7bd3a47320>,0,23,[ 4 10],1,1,24,0,1
1,<environment.Job instance at 0x7f7bd47e83c0>,11,2,[1 7],13,24,26,11,14
1,<environment.Job instance at 0x7f7bd41dcdc0>,6,15,[2 9],7,26,41,19,14
1,<environment.Job instance at 0x7f7b90288b90>,3,23,[9 3],4,41,64,37,37
1,<environment.Job instance at 0x7f7b9049b780>,27,14,[4 9],36,64,78,28,58
1,<environment.Job instance at 0x7f7bd3a71dc0>,30,1,[1 5],39,78,79,39,64
1,<environment.Job instance at 0x7f7b90459d20>,31,1,[5 3],40,78,79,38,65
1,<environment.Job instance at 0x7f7b90459870>,33,1,[7 2],43,79,80,36,65
1,<environment.Job instance at 0x7f7b90459780>,32,18,[1 6],41,79,97,38,69
1,<environment.Job instance at 0x7f7bd3e2c230>,2,12,[6 1],3,3,15,0,3
1,<environment.Job instance at 0x7f7b90459aa0>,3,15,[ 5 10],5,15,30,10,7
1,<environment.Job instance at 0x7f7bd3b83230>,17,12,[2 5],28,30,42,2,29
1,<environment.Job instance at 0x7f7bd3b839b0>,26,2,[7 3],38,38,40,0,38
1,<environment.Job instance at 0x7f7bd3b97be0>,11,25,[ 3 10],19,42,67,23,42
1,<environment.Job instance at 0x7f7bd3b947d0>,36,16,[2 6],53,67,83,14,59
1,<environment.Job instance at 0x7f7bd3b9d230>,43,2,[6 2],62,71,73,9,71
1,<environment.Job instance at 0x7f7bd3b9d280>,44,13,[9 5],63,83,96,20,74
1,<environment.Job instance at 0x7f7bd3b940f0>,2,27,[1 8],3,6,33,3,6
1,<environment.Job instance at 0x7f7bd3ca3230>,8,27,[8 2],11,21,48,10,21
1,<environment.Job instance at 0x7f7b9025b820>,17,15,[5 9],23,48,63,25,34
1,<environment.Job instance at 0x7f7b9031e7d0>,29,12,[ 2 10],37,63,75,26,51
1,<environment.Job instance at 0x7f7b8ff75d20>,26,2,[5 1],34,52,54,18,52
1,<environment.Job instance at 0x7f7b8fd631e0>,1,16,[8 4],2,3,19,1,3
1,<environment.Job instance at 0x7f7b90366b40>,5,28,[1 7],8,20,48,12,20
1,<environment.Job instance at 0x7f7bd410df50>,22,22,[7 4],40,48,70,8,41
1,<environment.Job instance at 0x7f7b902fc3c0>,36,16,[9 2],54,89,105,35,89
1,<environment.Job instance at 0x7f7b903dc500>,0,26,[10  2],1,2,28,1,2
1,<environment.Job instance at 0x7f7bd434e550>,5,18,[6 5],11,28,46,17,21
1,<environment.Job instance at 0x7f7b90482960>,15,20,[9 4],27,46,66,19,37
1,<environment.Job instance at 0x7f7b9048ec30>,35,16,[5 6],59,66,82,7,60
1,<environment.Job instance at 0x7f7b9048ed20>,37,23,[1 6],62,82,105,20,77
1,<environment.Job instance at 0x7f7b90462910>,44,3,[9 2],72,82,85,10,81
1,<environment.Job instance at 0x7f7b90462b40>,45,14,[7 2],73,86,100,13,86
1,<environment.Job instance at 0x7f7bd46454b0>,2,12,[4 5],3,3,15,0,3
1,<environment.Job instance at 0x7f7b90462050>,4,21,[9 4],5,15,36,10,10
1,<environment.Job instance at 0x7f7b90183640>,11,2,[2 8],16,36,38,20,17
1,<environment.Job instance at 0x7f7b90183b40>,13,12,[1 6],18,19,31,1,19
1,<environment.Job instance at 0x7f7b90183280>,14,12,[10  2],19,38,50,19,33
1,<environment.Job instance at 0x7f7bd46685f0>,23,3,[3 8],33,50,53,17,34
1,<environment.Job instance at 0x7f7bd4668c30>,25,3,[9 1],35,53,56,18,38
1,<environment.Job instance at 0x7f7bd3d969b0>,34,15,[ 3 10],49,65,80,16,65
1,<environment.Job instance at 0x7f7bd3d962d0>,37,2,[7 5],53,80,82,27,71
1,<environment.Job instance at 0x7f7b90183be0>,7,18,[10  4],10,82,100,72,73
1,<environment.Job instance at 0x7f7bd402fb40>,1,27,[8 1],2,4,31,2,4
1,<environment.Job instance at 0x7f7bd40b4fa0>,14,18,[ 2 10],17,31,49,14,25
1,<environment.Job instance at 0x7f7bdafd1230>,23,14,[8 2],26,49,63,23,35
1,<environment.Job instance at 0x7f7b8fe8a190>,30,21,[4 6],35,63,84,28,55
1,<environment.Job instance at 0x7f7b904ecdc0>,34,2,[2 7],40,84,86,44,68
1,<environment.Job instance at 0x7f7b904ece60>,35,2,[1 7],41,86,88,45,68
1,<environment.Job instance at 0x7f7b904ec8c0>,36,1,[2 7],42,88,89,46,68
1,<environment.Job instance at 0x7f7b904ec140>,33,16,[9 4],39,89,105,50,77
1,<environment.Job instance at 0x7f7b90156190>,2,18,[9 2],5,6,24,1,6
1,<environment.Job instance at 0x7f7bd3aaf050>,12,15,[10  5],17,24,39,7,19
1,<environment.Job instance at 0x7f7bd3c9ca00>,14,14,[5 7],20,39,53,19,24
1,<environment.Job instance at 0x7f7b8ff6a280>,32,25,[8 1],48,64,89,16,64
1,<environment.Job instance at 0x7f7bd3ce0a50>,40,16,[4 8],60,89,105,29,77
1,<environment.Job instance at 0x7f7b8fce8e60>,0,22,[10  5],1,1,23,0,1
1,<environment.Job instance at 0x7f7b8fe44a50>,6,14,[4 5],12,23,37,11,13
1,<environment.Job instance at 0x7f7b8fe49e60>,28,14,[4 9],40,47,61,7,47
1,<environment.Job instance at 0x7f7b8fe51460>,31,17,[8 1],45,61,78,16,60
1,<environment.Job instance at 0x7f7b8fe51e10>,37,24,[3 8],61,78,102,17,73
1,<environment.Job instance at 0x7f7bd3f98c80>,7,13,[5 5],11,11,24,0,11
1,<environment.Job instance at 0x7f7bd3f98be0>,8,13,[2 7],12,24,37,12,14
1,<environment.Job instance at 0x7f7bd3f983c0>,15,1,[2 9],20,37,38,17,20
1,<environment.Job instance at 0x7f7bd3f98230>,16,18,[6 3],21,38,56,17,33
1,<environment.Job instance at 0x7f7bd4005280>,23,16,[3 6],30,44,60,14,44
1,<environment.Job instance at 0x7f7bd3f98730>,13,24,[1 9],18,60,84,42,55
1,<environment.Job instance at 0x7f7bd40055a0>,26,17,[1 7],38,84,101,46,78
1,<environment.Job instance at 0x7f7bd3e41aa0>,38,1,[5 9],56,101,102,45,78
1,<environment.Job instance at 0x7f7bd3c915a0>,4,13,[2 8],6,10,23,4,10
1,<environment.Job instance at 0x7f7b901b3dc0>,11,18,[9 3],14,23,41,9,14
1,<environment.Job instance at 0x7f7bd4843cd0>,14,12,[3 9],19,41,53,22,26
1,<environment.Job instance at 0x7f7bd3b3be60>,26,2,[2 9],34,53,55,19,34
1,<environment.Job instance at 0x7f7bd49ca550>,28,12,[2 9],36,55,67,19,38
1,<environment.Job instance at 0x7f7bd47c9460>,40,21,[7 2],49,67,88,18,62
1,<environment.Job instance at 0x7f7b8fde28c0>,3,16,[4 7],6,7,23,1,7
1,<environment.Job instance at 0x7f7b9055ceb0>,6,19,[ 1 10],9,23,42,14,15
1,<environment.Job instance at 0x7f7b90558d70>,18,15,[10  3],30,42,57,12,33
1,<environment.Job instance at 0x7f7b9053e1e0>,23,1,[8 4],37,57,58,20,37
1,<environment.Job instance at 0x7f7b9053e690>,28,16,[ 2 10],45,58,74,13,47
1,<environment.Job instance at 0x7f7b90524190>,35,22,[7 5],56,74,96,18,73
1,<environment.Job instance at 0x7f7b90524690>,41,2,[5 7],64,96,98,32,73
1,<environment.Job instance at 0x7f7b905247d0>,42,15,[7 3],65,98,113,33,84
1,<environment.Job instance at 0x7f7b90524a00>,45,17,[2 7],70,98,115,28,86
1,<environment.Job instance at 0x7f7b90545050>,1,24,[10  2],3,3,27,0,3
1,<environment.Job instance at 0x7f7bd4495dc0>,12,18,[3 9],17,27,45,10,17
1,<environment.Job instance at 0x7f7b8ffc4b90>,17,14,[ 5 10],26,45,59,19,37
1,<environment.Job instance at 0x7f7b9063e7d0>,25,14,[6 3],35,59,73,24,57
1,<environment.Job instance at 0x7f7b8fd100a0>,26,3,[4 7],36,59,62,23,58
1,<environment.Job instance at 0x7f7b900ad500>,28,1,[7 2],38,73,74,35,58
1,<environment.Job instance at 0x7f7bd3e2a640>,30,2,[5 9],40,74,76,34,59
1,<environment.Job instance at 0x7f7bd413b320>,29,15,[2 9],39,76,91,37,66
1,<environment.Job instance at 0x7f7b8ffd3e10>,38,18,[9 4],50,91,109,41,80
1,<environment.Job instance at 0x7f7b903f3370>,0,23,[7 2],1,1,24,0,1
1,<environment.Job instance at 0x7f7bd3e2a410>,8,18,[2 6],14,17,35,3,17
1,<environment.Job instance at 0x7f7bd3e2a3c0>,12,2,[5 5],19,35,37,16,20
1,<environment.Job instance at 0x7f7bd47c83c0>,16,18,[9 5],25,37,55,12,26
1,<environment.Job instance at 0x7f7b8fddcbe0>,28,24,[2 7],38,57,81,19,57
1,<environment.Job instance at 0x7f7bd3db9e60>,32,17,[10  1],42,81,98,39,76
1,<environment.Job instance at 0x7fb21d539140>,0,18,[9 3],1,2,20,1,2
1,<environment.Job instance at 0x7fb218129f00>,16,1,[7 2],20,20,21,0,20
1,<environment.Job instance at 0x7fb218129eb0>,17,1,[6 1],21,21,22,0,21
1,<environment.Job instance at 0x7fb218129dc0>,15,16,[4 8],19,26,42,7,26
1,<environment.Job instance at 0x7fb21812d190>,20,25,[5 2],25,27,52,2,27
1,<environment.Job instance at 0x7fb21812dd70>,29,13,[8 1],37,52,65,15,38
1,<environment.Job instance at 0x7fb21812d820>,23,14,[3 7],29,65,79,36,54
1,<environment.Job instance at 0x7fb21812e140>,34,16,[9 1],44,79,95,35,67
1,<environment.Job instance at 0x7fb21812e820>,41,3,[9 1],53,95,98,42,71
1,<environment.Job instance at 0x7fb21812ec80>,44,1,[5 2],56,71,72,15,71
1,<environment.Job instance at 0x7fb21812eb40>,45,1,[4 9],57,98,99,41,71
1,<environment.Job instance at 0x7fb21812eaa0>,42,1,[2 7],54,99,100,45,72
1,<environment.Job instance at 0x7fb21812e960>,40,27,[3 7],52,100,127,48,98
1,<environment.Job instance at 0x7fb218130f50>,1,16,[9 2],4,19,35,15,19
1,<environment.Job instance at 0x7fb21d6a2410>,10,3,[6 2],20,35,38,15,20
1,<environment.Job instance at 0x7fb21d6adaf0>,11,1,[1 5],21,21,22,0,21
1,<environment.Job instance at 0x7fb21d6ada00>,12,17,[3 8],22,35,52,13,24
1,<environment.Job instance at 0x7fb21d6b4820>,21,15,[4 5],37,52,67,15,39
1,<environment.Job instance at 0x7fb21d6a81e0>,29,15,[3 8],46,67,82,21,65
1,<environment.Job instance at 0x7fb21d6a8b40>,30,3,[9 2],47,82,85,35,65
1,<environment.Job instance at 0x7fb21d6a85a0>,34,2,[2 7],56,85,87,29,68
1,<environment.Job instance at 0x7fb21d6a8d70>,27,28,[7 4],44,87,115,43,87
1,<environment.Job instance at 0x7fb21d6a6410>,45,2,[5 7],71,115,117,44,97
1,<environment.Job instance at 0x7fb1d252feb0>,7,24,[6 2],11,11,35,0,11
1,<environment.Job instance at 0x7fb1d242e780>,13,3,[2 6],18,18,21,0,18
1,<environment.Job instance at 0x7fb1d23f3af0>,17,2,[1 8],23,26,28,3,26
1,<environment.Job instance at 0x7fb1d252f500>,8,17,[4 9],12,35,52,23,30
1,<environment.Job instance at 0x7fb1d2450460>,29,14,[7 3],40,52,66,12,49
1,<environment.Job instance at 0x7fb1d2417fa0>,33,12,[4 8],44,66,78,22,53
1,<environment.Job instance at 0x7fb1d24281e0>,42,13,[5 9],62,91,104,29,91
1,<environment.Job instance at 0x7fb1d24287d0>,50,12,[6 1],72,104,116,32,96
1,<environment.Job instance at 0x7fb1d29fdf50>,5,16,[8 5],9,12,28,3,12
1,<environment.Job instance at 0x7fb1d2836aa0>,11,2,[8 4],16,28,30,12,17
1,<environment.Job instance at 0x7fb1d27db190>,14,12,[5 4],20,30,42,10,21
1,<environment.Job instance at 0x7fb1d27dba00>,15,1,[5 1],21,30,31,9,25
1,<environment.Job instance at 0x7fb1d289ac30>,12,13,[ 5 10],17,42,55,25,27
1,<environment.Job instance at 0x7fb1d28dd320>,23,3,[4 6],31,37,40,6,37
1,<environment.Job instance at 0x7fb1d27e8aa0>,27,1,[ 1 10],37,55,56,18,38
1,<environment.Job instance at 0x7fb1d27e8cd0>,32,2,[9 2],44,56,58,12,47
1,<environment.Job instance at 0x7fb1d28dd690>,22,16,[5 9],30,58,74,28,53
1,<environment.Job instance at 0x7fb1d27e58c0>,44,14,[4 8],60,74,88,14,62
1,<environment.Job instance at 0x7fb1d2388690>,48,24,[3 6],66,88,112,22,83
1,<environment.Job instance at 0x7fb1d2388a00>,57,21,[6 3],83,96,117,13,96
1,<environment.Job instance at 0x7fb1d27e5960>,1,13,[5 6],2,2,15,0,2
1,<environment.Job instance at 0x7fb1d2813140>,4,15,[8 2],5,15,30,10,7
1,<environment.Job instance at 0x7fb1d2822af0>,29,27,[5 4],44,54,81,10,54
1,<environment.Job instance at 0x7fb1d28201e0>,35,18,[1 9],54,81,99,27,74
1,<environment.Job instance at 0x7fb217ed8e60>,4,18,[9 3],5,5,23,0,5
1,<environment.Job instance at 0x7fb218394a00>,12,17,[ 1 10],13,23,40,10,14
1,<environment.Job instance at 0x7fb218299a50>,25,15,[5 1],37,46,61,9,46
1,<environment.Job instance at 0x7fb218713870>,32,12,[2 9],46,52,64,6,52
1,<environment.Job instance at 0x7fb2187139b0>,33,15,[2 9],47,64,79,17,54
1,<environment.Job instance at 0x7fb2182bbe10>,30,23,[9 3],44,79,102,35,73
1,<environment.Job instance at 0x7fb21871f230>,46,23,[1 7],65,88,111,23,88
1,<environment.Job instance at 0x7fb21871fe10>,1,15,[6 1],2,2,17,0,2
1,<environment.Job instance at 0x7fb21825e730>,11,18,[7 4],14,17,35,3,14
1,<environment.Job instance at 0x7fb218787320>,12,13,[9 1],16,35,48,19,20
1,<environment.Job instance at 0x7fb1d27344b0>,24,2,[ 5 10],32,48,50,16,32
1,<environment.Job instance at 0x7fb218c37a00>,17,25,[4 9],22,50,75,28,47
1,<environment.Job instance at 0x7fb218d51870>,39,1,[2 9],57,75,76,18,66
1,<environment.Job instance at 0x7fb218c7dd70>,42,3,[8 1],61,75,78,14,66
1,<environment.Job instance at 0x7fb218e5c910>,28,17,[5 3],38,78,95,40,69
1,<environment.Job instance at 0x7fb218e5cdc0>,34,25,[ 3 10],49,95,120,46,92
1,<environment.Job instance at 0x7fb21836f370>,1,13,[1 8],2,2,15,0,2
1,<environment.Job instance at 0x7fb217f48be0>,5,12,[7 1],6,6,18,0,6
1,<environment.Job instance at 0x7fb217f489b0>,8,20,[5 1],12,18,38,6,13
1,<environment.Job instance at 0x7fb217f1dc80>,21,13,[5 9],29,33,46,4,33
1,<environment.Job instance at 0x7fb217f2f780>,30,3,[10  4],41,46,49,5,41
1,<environment.Job instance at 0x7fb217f2fbe0>,34,28,[ 4 10],45,54,82,9,54
1,<environment.Job instance at 0x7fb217f139b0>,1,18,[9 4],3,4,22,1,4
1,<environment.Job instance at 0x7fb21866dc80>,7,16,[8 4],12,22,38,10,13
1,<environment.Job instance at 0x7fb2187d9aa0>,9,17,[4 8],15,38,55,23,26
1,<environment.Job instance at 0x7fb218c57910>,20,20,[5 7],34,55,75,21,49
1,<environment.Job instance at 0x7fb2182bdaf0>,26,3,[8 1],45,75,78,30,56
1,<environment.Job instance at 0x7fb2181c5b40>,39,12,[9 5],61,97,109,36,97
1,<environment.Job instance at 0x7fb2181c5c80>,41,17,[5 8],63,109,126,46,97
1,<environment.Job instance at 0x7fb2182dc730>,0,26,[10  2],1,1,27,0,1
1,<environment.Job instance at 0x7fb218d0d820>,7,15,[6 5],16,27,42,11,16
1,<environment.Job instance at 0x7fb2188d0410>,20,16,[5 7],35,42,58,7,35
1,<environment.Job instance at 0x7fb2187f3230>,22,1,[6 1],37,58,59,21,38
1,<environment.Job instance at 0x7fb1d29eb500>,23,1,[7 5],38,59,60,21,38
1,<environment.Job instance at 0x7fb1d26f5d20>,27,14,[1 9],45,60,74,15,45
1,<environment.Job instance at 0x7fb21891e8c0>,28,12,[6 2],49,74,86,25,57
1,<environment.Job instance at 0x7fb1d2772320>,39,2,[8 1],65,87,89,22,87
1,<environment.Job instance at 0x7fb1d27726e0>,42,18,[3 5],70,89,107,19,89
1,<environment.Job instance at 0x7fb2181e14b0>,0,18,[9 1],1,3,21,2,3
1,<environment.Job instance at 0x7fb1d28f9f50>,7,16,[3 8],11,21,37,10,11
1,<environment.Job instance at 0x7fb1d2918780>,15,3,[3 8],23,37,40,14,24
1,<environment.Job instance at 0x7fb1d29188c0>,19,17,[7 5],28,40,57,12,29
1,<environment.Job instance at 0x7fb1d292f960>,30,15,[4 8],44,57,72,13,46
1,<environment.Job instance at 0x7fb1d292ffa0>,35,13,[3 8],49,72,85,23,59
1,<environment.Job instance at 0x7fb1d292fb90>,34,18,[8 5],48,85,103,37,74
1,<environment.Job instance at 0x7fb1d292a5a0>,42,15,[8 2],59,103,118,44,89
1,<environment.Job instance at 0x7fb1d292a7d0>,46,2,[2 5],64,90,92,26,90
1,<environment.Job instance at 0x7fb1d27c2050>,3,15,[8 4],4,5,20,1,5
1,<environment.Job instance at 0x7fb1d27c2be0>,5,14,[8 2],6,20,34,14,6
1,<environment.Job instance at 0x7fb1d2672640>,8,26,[2 8],10,20,46,10,17
1,<environment.Job instance at 0x7fb1d2560370>,22,3,[6 5],28,46,49,18,39
1,<environment.Job instance at 0x7fb1d2560eb0>,24,18,[2 9],30,49,67,19,41
1,<environment.Job instance at 0x7fb1d29b7050>,28,1,[9 5],34,67,68,33,42
1,<environment.Job instance at 0x7fb1d24ae6e0>,37,14,[3 6],45,86,100,41,86
1,<environment.Job instance at 0x7fb1d2672be0>,10,28,[7 2],12,87,115,75,87
1,<environment.Job instance at 0x7fb2183f86e0>,2,13,[8 2],5,5,18,0,5
1,<environment.Job instance at 0x7fb1d24ae0f0>,3,15,[10  2],6,18,33,12,6
1,<environment.Job instance at 0x7fb218761190>,8,13,[6 1],14,33,46,19,19
1,<environment.Job instance at 0x7fb218093b40>,18,13,[2 7],28,33,46,5,28
1,<environment.Job instance at 0x7fb2187f3320>,29,14,[5 7],42,46,60,4,42
1,<environment.Job instance at 0x7fb1d22c4f00>,34,16,[4 5],47,60,76,13,57
1,<environment.Job instance at 0x7fb1d22c4410>,36,14,[7 2],50,76,90,26,62
1,<environment.Job instance at 0x7fb218270640>,45,22,[10  5],61,90,112,29,83
1,<environment.Job instance at 0x7fb218270c30>,51,14,[4 5],72,112,126,40,97
1,<environment.Job instance at 0x7fb217fffaa0>,2,17,[8 1],5,5,22,0,5
1,<environment.Job instance at 0x7fb2187300a0>,5,13,[8 5],17,22,35,5,17
1,<environment.Job instance at 0x7fb21875f8c0>,12,3,[6 3],25,35,38,10,25
1,<environment.Job instance at 0x7fb218730050>,8,24,[3 8],21,38,62,17,38
1,<environment.Job instance at 0x7fb21850ae60>,22,16,[2 8],45,62,78,17,49
1,<environment.Job instance at 0x7fb218516820>,32,16,[10  3],60,79,95,19,79
1,<environment.Job instance at 0x7fb1d2954a50>,35,14,[9 5],63,95,109,32,85
1,<environment.Job instance at 0x7fb1d26185f0>,1,22,[4 9],4,10,32,6,10
1,<environment.Job instance at 0x7fb218324cd0>,9,16,[9 4],15,32,48,17,32
1,<environment.Job instance at 0x7fb1d2906f50>,14,2,[6 1],24,48,50,24,41
1,<environment.Job instance at 0x7fb1d260ee60>,16,23,[ 4 10],26,50,73,24,48
1,<environment.Job instance at 0x7fb1d26d4960>,27,1,[9 3],37,73,74,36,62
1,<environment.Job instance at 0x7fb2189e2190>,25,14,[2 9],35,74,88,39,72
1,<environment.Job instance at 0x7fb21844b280>,32,17,[1 9],44,88,105,44,81
1,<environment.Job instance at 0x7fb1d25a5e10>,45,2,[10  1],60,105,107,45,95
1,<environment.Job instance at 0x7fb1d2acdc30>,2,26,[1 9],4,13,39,9,13
1,<environment.Job instance at 0x7fb2184b7730>,16,3,[9 2],27,39,42,12,28
1,<environment.Job instance at 0x7fb2184b70f0>,20,16,[1 7],35,45,61,10,45
1,<environment.Job instance at 0x7fb2184b7f50>,22,3,[8 5],37,61,64,24,45
1,<environment.Job instance at 0x7fb2184b7690>,25,19,[8 1],40,64,83,24,56
1,<environment.Job instance at 0x7fb1d210acd0>,29,17,[3 8],45,83,100,38,71
1,<environment.Job instance at 0x7fb1d265a7d0>,9,22,[2 6],17,17,39,0,17
1,<environment.Job instance at 0x7fb1d2635190>,10,12,[6 2],18,18,30,0,18
1,<environment.Job instance at 0x7fb1d26615f0>,21,25,[5 2],33,34,59,1,34
1,<environment.Job instance at 0x7fb1d24daf00>,32,17,[1 8],49,62,79,13,62
1,<environment.Job instance at 0x7fb217ea20f0>,43,12,[4 8],61,84,96,23,84
1,<environment.Job instance at 0x7fb217ea24b0>,47,20,[9 3],65,96,116,31,88
1,<environment.Job instance at 0x7fb1d24da0a0>,3,13,[7 2],6,6,19,0,6
1,<environment.Job instance at 0x7fb2184e5d20>,6,13,[5 4],9,19,32,10,10
1,<environment.Job instance at 0x7fb21864cb90>,8,23,[7 2],11,32,55,21,26
1,<environment.Job instance at 0x7fb21836d640>,34,16,[5 8],46,68,84,22,68
1,<environment.Job instance at 0x7fb21836d9b0>,38,18,[4 5],50,87,105,37,87
1,<environment.Job instance at 0x7fb2182861e0>,44,13,[2 7],58,105,118,47,91
1,<environment.Job instance at 0x7fb217fe55f0>,7,2,[9 2],10,12,14,2,12
1,<environment.Job instance at 0x7fb1d2811550>,13,14,[1 7],17,18,32,1,18
1,<environment.Job instance at 0x7fb1d28112d0>,12,15,[2 9],15,32,47,17,20
1,<environment.Job instance at 0x7fb1d28116e0>,21,3,[ 4 10],33,47,50,14,33
1,<environment.Job instance at 0x7fb1d2811f00>,20,13,[3 7],31,50,63,19,40
1,<environment.Job instance at 0x7fb1d2a82a00>,33,12,[10  2],50,99,111,49,99
1,<environment.Job instance at 0x7fb1d2a829b0>,35,3,[7 5],52,111,114,59,99
1,<environment.Job instance at 0x7fb2185116e0>,3,15,[1 6],4,4,19,0,4
1,<environment.Job instance at 0x7fb1d28c75a0>,6,17,[5 1],8,8,25,0,8
1,<environment.Job instance at 0x7fb1d28c7730>,8,15,[1 8],10,19,34,9,12
1,<environment.Job instance at 0x7fb2187c4d20>,15,19,[8 5],21,34,53,13,24
1,<environment.Job instance at 0x7fb1d28e8a00>,18,15,[8 4],26,53,68,27,44
1,<environment.Job instance at 0x7fb218193820>,36,1,[1 9],46,68,69,22,53
1,<environment.Job instance at 0x7fb1d28bafa0>,37,14,[8 5],48,69,83,21,64
1,<environment.Job instance at 0x7fb1d28ba410>,41,18,[9 3],54,83,101,29,73
1,<environment.Job instance at 0x7fb2185540a0>,51,17,[ 2 10],71,101,118,30,93
1,<environment.Job instance at 0x7f7542b15230>,3,16,[1 8],5,5,21,0,5
1,<environment.Job instance at 0x7f7542b15f00>,17,1,[6 1],21,22,23,1,22
1,<environment.Job instance at 0x7f7542b15fa0>,18,15,[5 6],22,24,39,2,24
1,<environment.Job instance at 0x7f7542b15dc0>,16,1,[7 2],20,39,40,19,25
1,<environment.Job instance at 0x7f7542b16b90>,27,17,[ 5 10],35,40,57,5,35
1,<environment.Job instance at 0x7f7542b16e10>,29,13,[8 1],37,57,70,20,50
1,<environment.Job instance at 0x7f7542b1b050>,34,16,[9 1],44,70,86,26,60
1,<environment.Job instance at 0x7f7542b1d820>,54,18,[8 4],69,93,111,24,93
1,<environment.Job instance at 0x7f7542b1dc80>,59,16,[3 7],74,111,127,37,105
1,<environment.Job instance at 0x7f7549f4b5a0>,2,18,[4 5],5,5,23,0,5
1,<environment.Job instance at 0x7f7549f4b870>,3,15,[7 2],7,23,38,16,9
1,<environment.Job instance at 0x7f754a08df50>,15,18,[6 3],26,38,56,12,30
1,<environment.Job instance at 0x7f754a08d6e0>,16,15,[4 5],27,43,58,16,43
1,<environment.Job instance at 0x7f754a09a730>,23,3,[9 2],35,58,61,23,43
1,<environment.Job instance at 0x7f754a09a780>,25,3,[9 2],37,61,64,24,43
1,<environment.Job instance at 0x7f754a09a5f0>,27,2,[4 9],41,64,66,23,43
1,<environment.Job instance at 0x7f754a091af0>,30,1,[ 3 10],47,66,67,19,48
1,<environment.Job instance at 0x7f754a098e60>,33,27,[7 1],51,67,94,16,67
1,<environment.Job instance at 0x7f754a098370>,37,15,[2 9],56,69,84,13,69
1,<environment.Job instance at 0x7f754a0954b0>,40,2,[5 7],61,94,96,33,71
1,<environment.Job instance at 0x7f754a09f820>,46,17,[5 3],69,94,111,25,87
1,<environment.Job instance at 0x7f754a09f2d0>,47,23,[1 5],70,96,119,26,90
1,<environment.Job instance at 0x7f74feeb1aa0>,5,21,[6 5],9,9,30,0,9
1,<environment.Job instance at 0x7f74feeb1370>,8,15,[5 5],13,30,45,17,16
1,<environment.Job instance at 0x7f74feeb18c0>,11,16,[4 5],18,23,39,5,23
1,<environment.Job instance at 0x7f74feef2eb0>,23,2,[4 7],38,45,47,7,38
1,<environment.Job instance at 0x7f74feef28c0>,19,13,[3 6],30,47,60,17,39
1,<environment.Job instance at 0x7f74fee11190>,26,13,[5 9],42,60,73,18,49
1,<environment.Job instance at 0x7f74fee0e4b0>,35,25,[9 4],53,73,98,20,69
1,<environment.Job instance at 0x7f74fee0bf50>,46,17,[9 1],67,98,115,31,86
1,<environment.Job instance at 0x7f74fee03e60>,51,16,[8 5],77,115,131,38,108
1,<environment.Job instance at 0x7f74fed69190>,2,17,[6 2],3,3,20,0,3
1,<environment.Job instance at 0x7f74fed69550>,7,25,[2 7],10,17,42,7,17
1,<environment.Job instance at 0x7f74ff1d4a50>,15,18,[4 9],20,42,60,22,31
1,<environment.Job instance at 0x7f74ff2259b0>,29,3,[3 7],43,60,63,17,46
1,<environment.Job instance at 0x7f74ff446cd0>,31,16,[1 9],45,63,79,18,51
1,<environment.Job instance at 0x7f74ff446eb0>,30,3,[6 1],44,53,56,9,53
1,<environment.Job instance at 0x7f74ff446550>,37,2,[7 1],57,64,66,7,64
1,<environment.Job instance at 0x7f74ff1d3320>,39,2,[8 2],60,79,81,19,64
1,<environment.Job instance at 0x7f74ff1d3410>,40,2,[2 7],61,79,81,18,65
1,<environment.Job instance at 0x7f74ff1d3b40>,36,17,[ 1 10],56,81,98,25,70
1,<environment.Job instance at 0x7f74ff1d3280>,46,2,[2 5],70,98,100,28,84
1,<environment.Job instance at 0x7f74ff2e4d20>,47,13,[2 8],71,100,113,29,84
1,<environment.Job instance at 0x7f74ff2aa550>,52,12,[9 3],76,113,125,37,96
1,<environment.Job instance at 0x7f74ff1c90f0>,0,16,[5 1],1,1,17,0,1
1,<environment.Job instance at 0x7f74ff1c92d0>,2,27,[5 4],4,5,32,1,5
1,<environment.Job instance at 0x7f74ff21b4b0>,20,2,[1 5],30,31,33,1,31
1,<environment.Job instance at 0x7f74ff21b640>,23,16,[1 8],34,34,50,0,34
1,<environment.Job instance at 0x7f74ff203dc0>,56,17,[ 1 10],73,91,108,18,91
1,<environment.Job instance at 0x7f74ff203f00>,59,18,[3 6],78,108,126,30,97
1,<environment.Job instance at 0x7f75429dfb90>,6,14,[ 4 10],12,12,26,0,12
1,<environment.Job instance at 0x7f75429df8c0>,9,23,[1 7],15,26,49,11,20
1,<environment.Job instance at 0x7f74ff1d20a0>,22,18,[1 6],31,49,67,18,40
1,<environment.Job instance at 0x7f74ff1d2230>,26,15,[3 7],36,67,82,31,54
1,<environment.Job instance at 0x7f75429dde10>,31,17,[5 8],44,82,99,38,71
1,<environment.Job instance at 0x7f74ff1c5cd0>,54,16,[7 2],73,99,115,26,95
1,<environment.Job instance at 0x7f7542fac320>,55,17,[8 4],74,115,132,41,104
1,<environment.Job instance at 0x7f74fef6d2d0>,3,12,[2 5],4,5,17,1,5
1,<environment.Job instance at 0x7f7542c18af0>,6,20,[7 4],7,7,27,0,7
1,<environment.Job instance at 0x7f7549524d20>,9,15,[5 5],12,27,42,15,13
1,<environment.Job instance at 0x7f74fedb38c0>,18,2,[6 2],24,42,44,18,25
1,<environment.Job instance at 0x7f74fef47190>,24,2,[6 2],32,44,46,12,32
1,<environment.Job instance at 0x7f74fef47640>,25,13,[9 5],33,46,59,13,35
1,<environment.Job instance at 0x7f74fef476e0>,30,19,[9 5],38,59,78,21,55
1,<environment.Job instance at 0x7f75498ef410>,34,13,[1 8],42,78,91,36,67
1,<environment.Job instance at 0x7f7549e45870>,38,12,[7 1],46,78,90,32,76
1,<environment.Job instance at 0x7f7549e45af0>,39,1,[7 3],48,91,92,43,76
1,<environment.Job instance at 0x7f75494aa960>,42,13,[6 5],53,92,105,39,77
1,<environment.Job instance at 0x7f75494aa730>,43,13,[5 7],55,105,118,50,90
1,<environment.Job instance at 0x7f7542904f50>,54,13,[5 9],69,118,131,49,109
1,<environment.Job instance at 0x7f7549e50640>,0,16,[9 1],1,2,18,1,2
1,<environment.Job instance at 0x7f7549e50050>,3,22,[4 5],5,18,40,13,12
1,<environment.Job instance at 0x7f74ff49b0f0>,7,14,[9 4],11,40,54,29,30
1,<environment.Job instance at 0x7f74ff49b8c0>,12,16,[3 7],16,54,70,38,46
1,<environment.Job instance at 0x7f74ff46faf0>,29,16,[8 4],42,70,86,28,60
1,<environment.Job instance at 0x7f74ff4971e0>,35,17,[10  5],55,86,103,31,74
1,<environment.Job instance at 0x7f74ff4975f0>,42,20,[5 7],64,103,123,39,97
1,<environment.Job instance at 0x7f74ff49b690>,1,16,[4 6],2,2,18,0,2
1,<environment.Job instance at 0x7f74ff1c09b0>,2,13,[5 4],4,4,17,0,4
1,<environment.Job instance at 0x7f7549f4d320>,3,19,[5 9],6,18,37,12,8
1,<environment.Job instance at 0x7f7542f0db40>,8,26,[1 8],13,41,67,28,41
1,<environment.Job instance at 0x7f75495b7960>,22,17,[1 8],40,67,84,27,55
1,<environment.Job instance at 0x7f75494870f0>,33,18,[6 3],56,99,117,43,99
1,<environment.Job instance at 0x7f75494877d0>,35,1,[7 5],58,117,118,59,99
1,<environment.Job instance at 0x7f75429475a0>,39,14,[1 9],65,118,132,53,103
1,<environment.Job instance at 0x7f74ff2305f0>,4,21,[9 4],5,10,31,5,10
1,<environment.Job instance at 0x7f74ff236050>,11,2,[2 8],16,31,33,15,17
1,<environment.Job instance at 0x7f74ff3e1eb0>,13,12,[1 6],18,18,30,0,18
1,<environment.Job instance at 0x7f74ff236230>,14,12,[10  2],19,33,45,14,20
1,<environment.Job instance at 0x7f74ff3aad70>,16,2,[3 8],22,45,47,23,25
1,<environment.Job instance at 0x7f74ff37eaa0>,18,3,[2 9],25,47,50,22,27
1,<environment.Job instance at 0x7f74feca77d0>,26,12,[9 3],37,50,62,13,37
1,<environment.Job instance at 0x7f7542c00b40>,27,17,[7 5],38,62,79,24,50
1,<environment.Job instance at 0x7f7542a45280>,38,15,[4 8],54,79,94,25,68
1,<environment.Job instance at 0x7f74ff4d1870>,44,18,[1 6],60,94,112,34,88
1,<environment.Job instance at 0x7f75494e2e60>,3,15,[8 4],4,5,20,1,5
1,<environment.Job instance at 0x7f74ff23a820>,5,14,[8 2],6,20,34,14,6
1,<environment.Job instance at 0x7f74ff23ad70>,13,13,[5 5],16,34,47,18,18
1,<environment.Job instance at 0x7f74ff249190>,19,18,[5 7],25,47,65,22,37
1,<environment.Job instance at 0x7f74ff23d5a0>,33,2,[5 9],40,67,69,27,67
1,<environment.Job instance at 0x7f74ff23aaf0>,8,26,[2 8],10,69,95,59,67
1,<environment.Job instance at 0x7f74ff23d8c0>,38,23,[5 8],46,95,118,49,89
1,<environment.Job instance at 0x7f74ff23dc30>,1,13,[6 1],4,4,17,0,4
1,<environment.Job instance at 0x7f74ff37ec30>,5,25,[8 1],8,17,42,9,13
1,<environment.Job instance at 0x7f74ff3dd9b0>,15,18,[5 5],22,42,60,20,31
1,<environment.Job instance at 0x7f74ff255960>,23,12,[7 5],33,60,72,27,44
1,<environment.Job instance at 0x7f74ff206d70>,32,12,[5 5],43,72,84,29,58
1,<environment.Job instance at 0x7f7542b97aa0>,35,3,[4 6],46,84,87,38,64
1,<environment.Job instance at 0x7f7542b970a0>,34,24,[1 7],45,87,111,42,84
1,<environment.Job instance at 0x7f75429fb050>,46,1,[3 9],65,111,112,46,105
1,<environment.Job instance at 0x7f74fed105f0>,49,14,[7 3],69,112,126,43,105
1,<environment.Job instance at 0x7f75493b3820>,0,24,[3 8],1,1,25,0,1
1,<environment.Job instance at 0x7f75493b3230>,7,15,[2 7],11,25,40,14,13
1,<environment.Job instance at 0x7f75493b3fa0>,10,21,[3 8],17,40,61,23,37
1,<environment.Job instance at 0x7f7549568c30>,25,13,[5 5],41,61,74,20,47
1,<environment.Job instance at 0x7f7549568e10>,30,13,[4 8],46,74,87,28,59
1,<environment.Job instance at 0x7f74fef8c2d0>,36,17,[6 4],53,87,104,34,78
1,<environment.Job instance at 0x7f74ff1da7d0>,3,27,[6 4],4,6,33,2,6
1,<environment.Job instance at 0x7f7542acaa00>,20,18,[9 3],24,33,51,9,24
1,<environment.Job instance at 0x7f7542999a00>,28,19,[3 7],35,53,72,18,53
1,<environment.Job instance at 0x7f74feccf4b0>,32,1,[8 5],40,72,73,32,58
1,<environment.Job instance at 0x7f74ff214140>,33,3,[ 4 10],41,73,76,32,59
1,<environment.Job instance at 0x7f7542985cd0>,35,2,[2 9],44,76,78,32,60
1,<environment.Job instance at 0x7f7549750d20>,36,14,[2 6],45,78,92,33,63
1,<environment.Job instance at 0x7f74feb56af0>,42,15,[2 5],52,92,107,40,84
1,<environment.Job instance at 0x7f74ff445dc0>,0,2,[5 1],1,1,3,0,1
1,<environment.Job instance at 0x7f74fed00140>,6,18,[2 5],9,9,27,0,9
1,<environment.Job instance at 0x7f74fed00b40>,8,14,[10  3],15,27,41,12,19
1,<environment.Job instance at 0x7f75494b8f50>,12,17,[8 3],23,41,58,18,31
1,<environment.Job instance at 0x7f74fedd33c0>,28,3,[ 5 10],47,58,61,11,52
1,<environment.Job instance at 0x7f74fedd39b0>,27,22,[7 5],46,61,83,15,56
1,<environment.Job instance at 0x7f7549683640>,34,15,[7 3],55,83,98,28,81
1,<environment.Job instance at 0x7f74fecacc30>,48,12,[6 2],78,98,110,20,96
1,<environment.Job instance at 0x7f74ff24fdc0>,56,16,[9 2],88,110,126,22,99
1,<environment.Job instance at 0x7f74feadffa0>,3,14,[6 3],5,5,19,0,5
1,<environment.Job instance at 0x7f74fefe2500>,7,15,[2 9],9,19,34,10,9
1,<environment.Job instance at 0x7f74ff41daa0>,14,1,[ 1 10],16,34,35,18,17
1,<environment.Job instance at 0x7f74ff41d960>,18,15,[3 6],23,35,50,12,23
1,<environment.Job instance at 0x7f74febe0aa0>,32,22,[7 2],40,40,62,0,40
1,<environment.Job instance at 0x7f74febe0b40>,39,24,[5 8],47,70,94,23,70
1,<environment.Job instance at 0x7f74feb15370>,49,13,[5 4],59,94,107,35,85
1,<environment.Job instance at 0x7f7542f0e6e0>,4,18,[ 3 10],9,9,27,0,9
1,<environment.Job instance at 0x7f7542f072d0>,17,12,[2 5],27,29,41,2,29
1,<environment.Job instance at 0x7f74feafefa0>,11,14,[6 5],19,33,47,14,33
1,<environment.Job instance at 0x7f7542f3cbe0>,24,12,[5 3],34,47,59,13,36
1,<environment.Job instance at 0x7f7542f3cf50>,25,3,[8 4],35,59,62,24,42
1,<environment.Job instance at 0x7f7542f3c9b0>,26,1,[8 2],36,62,63,26,42
1,<environment.Job instance at 0x7f74ff2a9a50>,27,2,[5 8],37,63,65,26,42
1,<environment.Job instance at 0x7f74feec11e0>,34,14,[2 7],47,65,79,18,54
1,<environment.Job instance at 0x7f7542f0c4b0>,39,12,[ 4 10],52,79,91,27,65
1,<environment.Job instance at 0x7f74feea6dc0>,42,15,[2 9],55,91,106,36,85
1,<environment.Job instance at 0x7f74feea64b0>,45,3,[4 7],62,106,109,44,95
1,<environment.Job instance at 0x7f74feea6460>,43,14,[1 7],57,109,123,52,104
1,<environment.Job instance at 0x7f74feea6190>,47,3,[ 5 10],66,123,126,57,104
1,<environment.Job instance at 0x7f74febba4b0>,1,1,[1 5],2,2,3,0,2
1,<environment.Job instance at 0x7f7542f9a690>,4,15,[7 1],6,6,21,0,6
1,<environment.Job instance at 0x7f7542c82640>,6,25,[1 7],8,8,33,0,8
1,<environment.Job instance at 0x7f7542c82b90>,8,17,[9 4],11,33,50,22,23
1,<environment.Job instance at 0x7f74fed0e4b0>,19,16,[6 5],28,50,66,22,37
1,<environment.Job instance at 0x7f7542f801e0>,33,15,[7 1],48,66,81,18,53
1,<environment.Job instance at 0x7f7549343500>,43,16,[6 5],60,81,97,21,68
1,<environment.Job instance at 0x7f74fed2c0a0>,50,18,[7 3],68,97,115,29,86
1,<environment.Job instance at 0x7f754a098190>,2,27,[5 5],3,4,31,1,4
1,<environment.Job instance at 0x7f754a0986e0>,5,18,[ 4 10],9,31,49,22,20
1,<environment.Job instance at 0x7f754989c4b0>,19,2,[3 8],27,49,51,22,30
1,<environment.Job instance at 0x7f7542fb1a00>,25,17,[7 4],34,51,68,17,42
1,<environment.Job instance at 0x7f74feff03c0>,31,2,[5 5],40,68,70,28,44
1,<environment.Job instance at 0x7f74feff0960>,36,3,[8 5],46,70,73,24,63
1,<environment.Job instance at 0x7f74feff0140>,34,28,[ 4 10],44,73,101,29,73
1,<environment.Job instance at 0x7f754957c1e0>,42,13,[3 5],53,101,114,48,91
1,<environment.Job instance at 0x7f754957c870>,44,2,[8 3],55,114,116,59,92
1,<environment.Job instance at 0x7f754957c230>,41,14,[4 6],52,116,130,64,103
1,<environment.Job instance at 0x7f7542fcba50>,1,24,[9 2],4,6,30,2,6
1,<environment.Job instance at 0x7f7542c5ffa0>,11,17,[4 6],19,30,47,11,20
1,<environment.Job instance at 0x7f74ff263910>,22,13,[5 8],35,51,64,16,51
1,<environment.Job instance at 0x7f74fefd25f0>,24,15,[5 6],39,64,79,25,51
1,<environment.Job instance at 0x7f7542f9b190>,33,2,[7 3],50,79,81,29,73
1,<environment.Job instance at 0x7f74fecbc550>,34,12,[10  2],53,81,93,28,74
1,<environment.Job instance at 0x7f74fecc8a00>,38,2,[5 7],61,93,95,32,81
1,<environment.Job instance at 0x7f8fcdabe140>,0,18,[9 3],1,3,21,2,3
1,<environment.Job instance at 0x7f8fcc95fbe0>,14,16,[5 9],18,21,37,3,19
1,<environment.Job instance at 0x7f8fcc963050>,17,1,[6 1],21,37,38,16,21
1,<environment.Job instance at 0x7f8fcc9636e0>,24,15,[7 2],30,38,53,8,36
1,<environment.Job instance at 0x7f8fcc963dc0>,29,13,[8 1],37,53,66,16,40
1,<environment.Job instance at 0x7f8fcc95fc30>,15,16,[4 8],19,66,82,47,55
1,<environment.Job instance at 0x7f8fcc960b40>,45,1,[4 9],57,82,83,25,77
1,<environment.Job instance at 0x7f8fcc9642d0>,48,1,[4 6],61,83,84,22,78
1,<environment.Job instance at 0x7f8fcc9645f0>,55,1,[ 4 10],70,92,93,22,92
1,<environment.Job instance at 0x7f8fcc9646e0>,56,13,[6 4],71,97,110,26,97
1,<environment.Job instance at 0x7f8fcc964780>,57,17,[5 4],72,110,127,38,98
1,<environment.Job instance at 0x7f8fcc964f50>,61,12,[1 9],77,127,139,50,113
1,<environment.Job instance at 0x7f8fcc9660f0>,2,15,[5 7],5,5,20,0,5
1,<environment.Job instance at 0x7f8fcdc270a0>,5,16,[2 7],11,20,36,9,11
1,<environment.Job instance at 0x7f8fcdc2d2d0>,11,3,[7 1],18,20,23,2,19
1,<environment.Job instance at 0x7f8fcdc34370>,15,18,[9 4],22,36,54,14,30
1,<environment.Job instance at 0x7f8fcdae7d70>,29,18,[6 1],43,60,78,17,60
1,<environment.Job instance at 0x7f8fcdc2b820>,36,15,[5 4],53,78,93,25,66
1,<environment.Job instance at 0x7f8fcdc2f1e0>,42,17,[5 8],61,93,110,32,83
1,<environment.Job instance at 0x7f8fcdc39140>,55,12,[4 8],78,110,122,32,100
1,<environment.Job instance at 0x7f8f828fb1e0>,6,27,[8 3],11,11,38,0,11
1,<environment.Job instance at 0x7f8f82a60e10>,13,16,[5 8],23,38,54,15,25
1,<environment.Job instance at 0x7f8f82a60050>,22,25,[9 1],34,54,79,20,50
1,<environment.Job instance at 0x7f8f829b5d70>,33,22,[5 5],48,79,101,31,73
1,<environment.Job instance at 0x7f8f829b56e0>,39,26,[9 2],59,101,127,42,100
1,<environment.Job instance at 0x7f8f8298e410>,49,12,[5 8],72,127,139,55,110
1,<environment.Job instance at 0x7f8f82f77230>,1,19,[5 4],2,5,24,3,5
1,<environment.Job instance at 0x7f8f82f77b40>,3,24,[3 6],6,6,30,0,6
1,<environment.Job instance at 0x7f8f82f77550>,5,16,[5 9],8,30,46,22,17
1,<environment.Job instance at 0x7f8f82d6e0a0>,29,15,[8 2],45,54,69,9,54
1,<environment.Job instance at 0x7f8f82d6eeb0>,31,18,[3 9],47,69,87,22,61
1,<environment.Job instance at 0x7f8f82e2e3c0>,50,3,[8 1],77,116,119,39,116
1,<environment.Job instance at 0x7f8f82e2e3c0>,2,15,[8 1],3,4,19,1,4
1,<environment.Job instance at 0x7f8f82d9e550>,10,13,[10  4],14,19,32,5,14
1,<environment.Job instance at 0x7f8f82da23c0>,19,18,[9 3],25,32,50,7,25
1,<environment.Job instance at 0x7f8f82db5190>,26,2,[5 2],32,50,52,18,34
1,<environment.Job instance at 0x7f8f82db50a0>,25,13,[1 9],31,52,65,21,43
1,<environment.Job instance at 0x7f8f82db5e60>,38,3,[8 2],50,65,68,15,55
1,<environment.Job instance at 0x7f8f82db5eb0>,39,2,[9 2],55,68,70,13,57
1,<environment.Job instance at 0x7f8f82db5c80>,35,1,[3 5],47,70,71,23,57
1,<environment.Job instance at 0x7f8f82db3320>,40,15,[5 1],57,70,85,13,59
1,<environment.Job instance at 0x7f8f82db3780>,43,3,[5 2],62,71,74,9,62
1,<environment.Job instance at 0x7f8f82db50f0>,27,17,[ 1 10],33,85,102,52,82
1,<environment.Job instance at 0x7f8f82db3cd0>,50,1,[6 3],69,102,103,33,90
1,<environment.Job instance at 0x7f8f82db3d70>,51,12,[7 5],70,103,115,33,90
1,<environment.Job instance at 0x7f8f82db3550>,42,23,[ 4 10],61,115,138,54,109
1,<environment.Job instance at 0x7f8fcd68ec80>,11,18,[7 4],14,14,32,0,14
1,<environment.Job instance at 0x7f8fcd68e230>,12,13,[9 1],16,32,45,16,19
1,<environment.Job instance at 0x7f8fcd3e4b90>,29,16,[9 4],39,45,61,6,39
1,<environment.Job instance at 0x7f8fcceeb0a0>,26,15,[ 5 10],35,61,76,26,54
1,<environment.Job instance at 0x7f8f82d6ee10>,40,12,[2 5],58,76,88,18,61
1,<environment.Job instance at 0x7f8fcc6e07d0>,37,2,[9 1],55,88,90,33,68
1,<environment.Job instance at 0x7f8fcd3fe0f0>,46,18,[8 1],65,90,108,25,82
1,<environment.Job instance at 0x7f8fccf18aa0>,52,16,[5 1],73,108,124,35,96
1,<environment.Job instance at 0x7f8fccf18500>,59,16,[2 6],83,106,122,23,106
1,<environment.Job instance at 0x7f8fcc741d70>,66,2,[6 2],92,124,126,32,117
1,<environment.Job instance at 0x7f8fcc741280>,67,13,[9 5],93,126,139,33,117
1,<environment.Job instance at 0x7f8fccf343c0>,3,2,[1 8],4,5,7,1,5
1,<environment.Job instance at 0x7f8fcc9ea730>,2,27,[1 8],3,7,34,4,7
1,<environment.Job instance at 0x7f8fcd050e60>,11,3,[9 5],16,34,37,18,16
1,<environment.Job instance at 0x7f8f82c77b90>,13,1,[5 9],19,37,38,18,19
1,<environment.Job instance at 0x7f8f82c773c0>,12,1,[1 6],18,38,39,20,21
1,<environment.Job instance at 0x7f8f82afc410>,18,15,[5 2],24,38,53,14,25
1,<environment.Job instance at 0x7f8fcc8bab40>,25,13,[5 7],33,43,56,10,43
1,<environment.Job instance at 0x7f8f82b9c3c0>,27,12,[5 5],35,56,68,21,44
1,<environment.Job instance at 0x7f8f82f430f0>,31,26,[9 4],39,68,94,29,65
1,<environment.Job instance at 0x7f8fccab00f0>,38,12,[6 2],47,94,106,47,77
1,<environment.Job instance at 0x7f8fcc9b7460>,43,22,[4 5],55,95,117,40,95
1,<environment.Job instance at 0x7f8fcca3df50>,47,14,[9 4],61,117,131,56,103
1,<environment.Job instance at 0x7f8fccc09280>,55,3,[8 5],72,131,134,59,111
1,<environment.Job instance at 0x7f8f8282c230>,4,22,[7 4],10,10,32,0,10
1,<environment.Job instance at 0x7f8f8282ce60>,17,17,[5 8],23,32,49,9,24
1,<environment.Job instance at 0x7f8f8282f1e0>,22,18,[2 9],29,49,67,20,38
1,<environment.Job instance at 0x7f8f8282ffa0>,31,18,[2 8],41,67,85,26,56
1,<environment.Job instance at 0x7f8f8282cfa0>,18,16,[9 2],24,85,101,61,73
1,<environment.Job instance at 0x7f8f828302d0>,35,16,[1 8],48,85,101,37,75
1,<environment.Job instance at 0x7f8f82830a00>,41,13,[3 5],59,101,114,42,85
1,<environment.Job instance at 0x7f8f82830c80>,46,15,[5 4],67,103,118,36,103
1,<environment.Job instance at 0x7f8f82830d20>,47,12,[5 9],70,118,130,48,107
1,<environment.Job instance at 0x7f8f82830960>,42,18,[9 5],60,130,148,70,119
1,<environment.Job instance at 0x7f8fcc8efd20>,5,18,[3 5],10,10,28,0,10
1,<environment.Job instance at 0x7f8fcc8efcd0>,11,21,[4 9],18,28,49,10,22
1,<environment.Job instance at 0x7f8fcc90d550>,15,1,[10  5],22,49,50,27,29
1,<environment.Job instance at 0x7f8fcd1684b0>,22,2,[ 1 10],32,50,52,18,35
1,<environment.Job instance at 0x7f8f82cecb40>,19,17,[6 3],28,52,69,24,40
1,<environment.Job instance at 0x7f8fcd616050>,42,25,[7 5],60,88,113,28,88
1,<environment.Job instance at 0x7f8f8299d780>,57,21,[7 5],81,116,137,35,116
1,<environment.Job instance at 0x7f8fcd0be0a0>,1,27,[8 1],2,4,31,2,4
1,<environment.Job instance at 0x7f8fcc7e9d20>,16,1,[8 2],19,31,32,12,19
1,<environment.Job instance at 0x7f8fccd97320>,8,2,[7 1],9,32,34,23,20
1,<environment.Job instance at 0x7f8fccf1f3c0>,19,3,[ 4 10],22,34,37,12,23
1,<environment.Job instance at 0x7f8fcc8a0410>,15,15,[4 7],18,37,52,19,26
1,<environment.Job instance at 0x7f8f82e80f50>,3,16,[5 6],4,52,68,48,41
1,<environment.Job instance at 0x7f8f828596e0>,29,18,[2 6],33,68,86,35,64
1,<environment.Job instance at 0x7f8f828fa640>,37,18,[5 7],45,86,104,41,81
1,<environment.Job instance at 0x7f8f828fac30>,43,15,[3 9],51,104,119,53,91
1,<environment.Job instance at 0x7f8fccc91190>,52,16,[5 1],62,106,122,44,106
1,<environment.Job instance at 0x7f8fccc91be0>,51,2,[5 9],60,119,121,59,106
1,<environment.Job instance at 0x7f8fccfb6b90>,54,17,[10  2],64,122,139,58,111
1,<environment.Job instance at 0x7f8f82bdbfa0>,5,24,[10  4],8,8,32,0,8
1,<environment.Job instance at 0x7f8f82bb77d0>,16,1,[7 1],25,32,33,7,25
1,<environment.Job instance at 0x7f8f82bb7e60>,19,1,[3 5],29,32,33,3,29
1,<environment.Job instance at 0x7f8f82bb7820>,12,25,[8 1],18,33,58,15,30
1,<environment.Job instance at 0x7f8f82bce5a0>,25,17,[1 5],36,36,53,0,36
1,<environment.Job instance at 0x7f8f82bced20>,33,12,[6 2],46,58,70,12,49
1,<environment.Job instance at 0x7f8f82bceeb0>,35,25,[4 6],48,61,86,13,61
1,<environment.Job instance at 0x7f8f82be6410>,40,13,[6 1],54,70,83,16,68
1,<environment.Job instance at 0x7f8f82be6af0>,47,16,[5 8],63,88,104,25,88
1,<environment.Job instance at 0x7f8f82be6eb0>,49,16,[7 5],67,104,120,37,92
1,<environment.Job instance at 0x7f8fcc735820>,57,14,[9 3],80,120,134,40,118
1,<environment.Job instance at 0x7f8f82be6aa0>,0,24,[3 8],1,2,26,1,2
1,<environment.Job instance at 0x7f8fcd213cd0>,6,13,[10  3],10,26,39,16,11
1,<environment.Job instance at 0x7f8fccdeca00>,14,16,[2 8],25,39,55,14,31
1,<environment.Job instance at 0x7f8fccdec500>,15,14,[8 5],27,55,69,28,47
1,<environment.Job instance at 0x7f8fcc6e4e10>,30,13,[4 8],46,69,82,23,69
1,<environment.Job instance at 0x7f8fccc910f0>,36,17,[6 4],53,82,99,29,80
1,<environment.Job instance at 0x7f8fccc917d0>,39,23,[ 1 10],57,99,122,42,95
1,<environment.Job instance at 0x7f8f82afc8c0>,2,17,[1 9],4,4,21,0,4
1,<environment.Job instance at 0x7f8f82d19b90>,4,13,[2 8],6,21,34,15,7
1,<environment.Job instance at 0x7f8f8284f870>,11,18,[9 3],14,34,52,20,26
1,<environment.Job instance at 0x7f8f82c15140>,31,18,[2 6],39,55,73,16,55
1,<environment.Job instance at 0x7f8f82c15eb0>,37,3,[1 9],46,73,76,27,60
1,<environment.Job instance at 0x7f8f82c15320>,28,12,[2 9],36,76,88,40,60
1,<environment.Job instance at 0x7f8f82c15be0>,41,19,[9 4],51,88,107,37,80
1,<environment.Job instance at 0x7f8fccf87d20>,45,26,[6 4],56,107,133,51,105
1,<environment.Job instance at 0x7f8f82cec1e0>,0,18,[9 5],2,3,21,1,3
1,<environment.Job instance at 0x7f8f82e9d230>,6,24,[ 1 10],10,21,45,11,16
1,<environment.Job instance at 0x7f8f82e84e60>,20,16,[4 5],32,45,61,13,34
1,<environment.Job instance at 0x7f8f829a31e0>,30,1,[8 2],45,61,62,16,60
1,<environment.Job instance at 0x7f8f82964af0>,32,1,[6 3],49,60,61,11,60
1,<environment.Job instance at 0x7f8f829fdc80>,34,13,[6 4],55,62,75,7,60
1,<environment.Job instance at 0x7f8fcd8450f0>,36,22,[2 6],57,61,83,4,61
1,<environment.Job instance at 0x7f8fccfcd140>,41,2,[8 4],64,75,77,11,66
1,<environment.Job instance at 0x7f8fccfc0500>,44,2,[2 7],67,83,85,16,70
1,<environment.Job instance at 0x7f8f82e84fa0>,19,25,[9 1],30,92,117,62,92
1,<environment.Job instance at 0x7f8fccf94320>,53,16,[9 4],80,117,133,37,107
1,<environment.Job instance at 0x7f8f828ebf00>,7,22,[7 2],10,11,33,1,11
1,<environment.Job instance at 0x7f8fcce05820>,12,18,[2 8],15,17,35,2,17
1,<environment.Job instance at 0x7f8f82b80640>,21,13,[7 2],26,33,46,7,26
1,<environment.Job instance at 0x7f8fcd4475a0>,24,13,[5 4],29,46,59,17,30
1,<environment.Job instance at 0x7f8f82da2820>,36,23,[3 5],47,52,75,5,52
1,<environment.Job instance at 0x7f8f82da2410>,39,1,[2 8],50,75,76,25,52
1,<environment.Job instance at 0x7f8f82da27d0>,42,18,[9 5],55,76,94,21,65
1,<environment.Job instance at 0x7f8fcc93a410>,53,1,[6 1],67,94,95,27,93
1,<environment.Job instance at 0x7f8fcc702aa0>,14,24,[5 8],17,95,119,78,94
1,<environment.Job instance at 0x7f8f826afaf0>,10,16,[8 5],13,15,31,2,15
1,<environment.Job instance at 0x7f8f827d50a0>,16,13,[2 5],23,24,37,1,24
1,<environment.Job instance at 0x7f8f827d5a00>,15,3,[4 7],22,37,40,15,24
1,<environment.Job instance at 0x7f8f827d5be0>,18,3,[8 5],28,31,34,3,28
1,<environment.Job instance at 0x7f8f827d5a50>,17,3,[ 5 10],26,40,43,14,31
1,<environment.Job instance at 0x7f8f827d5eb0>,21,3,[ 4 10],33,43,46,10,34
1,<environment.Job instance at 0x7f8f827d5cd0>,24,12,[10  3],37,46,58,9,38
1,<environment.Job instance at 0x7f8f82682fa0>,26,1,[9 1],41,58,59,17,48
1,<environment.Job instance at 0x7f8f82682410>,35,3,[7 5],52,79,82,27,79
1,<environment.Job instance at 0x7f8f82682500>,36,1,[7 2],53,82,83,29,79
1,<environment.Job instance at 0x7f8f826820a0>,41,28,[9 2],62,117,145,55,117
1,<environment.Job instance at 0x7f8f82638f00>,42,2,[4 9],63,145,147,82,118
1,<environment.Job instance at 0x7f8f82696b90>,0,19,[8 5],1,1,20,0,1
1,<environment.Job instance at 0x7f8fcc967190>,4,13,[7 4],7,20,33,13,7
1,<environment.Job instance at 0x7f8fcc957460>,14,18,[7 3],18,33,51,15,24
1,<environment.Job instance at 0x7f8f829276e0>,3,15,[8 4],6,51,66,45,38
1,<environment.Job instance at 0x7f8fccea5c30>,33,24,[9 1],47,66,90,19,63
1,<environment.Job instance at 0x7f8fccdd2b40>,47,27,[5 5],63,97,124,34,97
1,<environment.Job instance at 0x7f8fccdd20f0>,51,2,[8 2],71,124,126,53,113
1,<environment.Job instance at 0x7f8fccdd2a50>,52,2,[6 3],72,126,128,54,113
1,<environment.Job instance at 0x7f8fccdd24b0>,53,1,[5 6],73,128,129,55,113
1,<environment.Job instance at 0x7f8fccdd2640>,54,16,[10  1],76,129,145,53,118
1,<environment.Job instance at 0x7f8f82734140>,3,16,[4 7],4,6,22,2,6
1,<environment.Job instance at 0x7f8fcd614320>,10,15,[2 9],16,22,37,6,18
1,<environment.Job instance at 0x7f8fcd15e8c0>,19,2,[2 7],34,37,39,3,35
1,<environment.Job instance at 0x7f8fcd9b8910>,15,24,[4 8],26,39,63,13,35
1,<environment.Job instance at 0x7f8fcce52320>,25,21,[8 5],40,63,84,23,55
1,<environment.Job instance at 0x7f8f826a59b0>,41,17,[4 6],69,84,101,15,72
1,<environment.Job instance at 0x7f8f82a292d0>,44,2,[4 9],75,101,103,26,95
1,<environment.Job instance at 0x7f8f82a29370>,47,16,[5 7],80,103,119,23,97
1,<environment.Job instance at 0x7f8f8296ad20>,5,17,[4 7],10,10,27,0,10
1,<environment.Job instance at 0x7f8f82e9ff00>,13,18,[6 2],19,20,38,1,20
1,<environment.Job instance at 0x7f8fcc6dde60>,14,2,[7 4],21,38,40,17,22
1,<environment.Job instance at 0x7f8fcc6dd3c0>,16,2,[5 2],24,40,42,16,25
1,<environment.Job instance at 0x7f8fcc6ddd70>,17,2,[6 3],25,42,44,17,25
1,<environment.Job instance at 0x7f8fcc6dd230>,19,3,[ 4 10],30,44,47,14,31
1,<environment.Job instance at 0x7f8f82a9fa00>,26,14,[ 5 10],41,47,61,6,43
1,<environment.Job instance at 0x7f8fcd08c320>,21,18,[7 4],34,61,79,27,52
1,<environment.Job instance at 0x7f8f82a7e190>,33,3,[2 7],53,79,82,26,54
1,<environment.Job instance at 0x7f8f82968230>,41,3,[10  4],64,82,85,18,65
1,<environment.Job instance at 0x7f8f82968640>,44,3,[4 9],69,85,88,16,70
1,<environment.Job instance at 0x7f8f82e9f190>,11,12,[6 4],17,88,100,71,81
1,<environment.Job instance at 0x7f8fcc879d20>,53,3,[5 8],85,100,103,15,85
1,<environment.Job instance at 0x7f8fcc879640>,59,13,[1 6],93,103,116,10,98
1,<environment.Job instance at 0x7f8fcc8795f0>,61,1,[ 5 10],95,116,117,21,98
1,<environment.Job instance at 0x7f8f82968820>,50,24,[4 7],78,117,141,39,112
1,<environment.Job instance at 0x7f8f826a3b90>,1,20,[3 5],3,4,24,1,4
1,<environment.Job instance at 0x7f8fcd3e46e0>,8,3,[9 3],11,24,27,13,11
1,<environment.Job instance at 0x7f8f82ab4500>,11,1,[7 4],15,18,19,3,18
1,<environment.Job instance at 0x7f8f82677230>,12,2,[8 5],16,27,29,11,24
1,<environment.Job instance at 0x7f8f827b8eb0>,6,27,[2 8],9,29,56,20,27
1,<environment.Job instance at 0x7f8f829efa50>,20,15,[10  3],26,64,79,38,64
1,<environment.Job instance at 0x7f8f829bea50>,29,17,[3 5],37,79,96,42,74
1,<environment.Job instance at 0x7f8f829ea820>,38,17,[5 9],50,96,113,46,84
1,<environment.Job instance at 0x7f8f829e0b90>,48,13,[4 6],67,113,126,46,100
1,<environment.Job instance at 0x7f8fcd9c4050>,53,22,[5 4],74,113,135,39,111
1,<environment.Job instance at 0x7f96e34e51e0>,0,18,[9 3],1,3,21,2,3
1,<environment.Job instance at 0x7f96dc0d6910>,10,1,[7 3],14,21,22,7,15
1,<environment.Job instance at 0x7f96dc0d6a50>,12,3,[1 8],16,22,25,6,17
1,<environment.Job instance at 0x7f96dc0d6be0>,14,16,[5 9],18,25,41,7,20
1,<environment.Job instance at 0x7f96e34e50f0>,1,14,[7 4],3,41,55,38,28
1,<environment.Job instance at 0x7f96dc0d7e10>,29,13,[8 1],37,55,68,18,41
1,<environment.Job instance at 0x7f96dc0db3c0>,35,13,[7 1],45,68,81,23,56
1,<environment.Job instance at 0x7f96dc0db730>,38,1,[2 7],48,58,59,10,58
1,<environment.Job instance at 0x7f96dc0dbfa0>,46,14,[6 1],58,81,95,23,81
1,<environment.Job instance at 0x7f96dc0da410>,48,1,[4 6],61,81,82,20,81
1,<environment.Job instance at 0x7f96dc0da4b0>,50,1,[8 5],65,95,96,30,83
1,<environment.Job instance at 0x7f96dc0da3c0>,51,2,[3 8],66,84,86,18,84
1,<environment.Job instance at 0x7f96dc0da550>,52,12,[1 9],67,96,108,29,84
1,<environment.Job instance at 0x7f96dc0da780>,57,17,[5 4],72,110,127,38,110
1,<environment.Job instance at 0x7f96dc0daa00>,61,12,[1 9],77,127,139,50,120
1,<environment.Job instance at 0x7f96dc0de910>,68,18,[7 1],86,127,145,41,124
1,<environment.Job instance at 0x7f96dc0de280>,1,21,[1 9],2,2,23,0,2
1,<environment.Job instance at 0x7f96e364cf00>,5,15,[4 5],7,23,38,16,10
1,<environment.Job instance at 0x7f96e365b4b0>,14,3,[9 2],17,38,41,21,17
1,<environment.Job instance at 0x7f96e3656370>,19,1,[ 3 10],27,41,42,14,30
1,<environment.Job instance at 0x7f96e3656cd0>,20,17,[1 9],28,42,59,14,30
1,<environment.Job instance at 0x7f96e3652960>,23,3,[8 2],32,59,62,27,34
1,<environment.Job instance at 0x7f96e3659d70>,30,2,[8 5],42,62,64,20,43
1,<environment.Job instance at 0x7f96e350d410>,33,13,[7 3],46,64,77,18,57
1,<environment.Job instance at 0x7f96e350cd70>,37,17,[5 8],51,77,94,26,67
1,<environment.Job instance at 0x7f96e36600a0>,44,3,[7 1],62,94,97,32,69
1,<environment.Job instance at 0x7f96e365f190>,57,14,[8 4],76,110,124,34,110
1,<environment.Job instance at 0x7f96984ccb90>,2,16,[5 8],3,3,19,0,3
1,<environment.Job instance at 0x7f96e36605f0>,5,14,[5 3],7,19,33,12,7
1,<environment.Job instance at 0x7f96984aa230>,10,25,[9 4],13,36,61,23,36
1,<environment.Job instance at 0x7f96984067d0>,26,16,[8 5],37,61,77,24,49
1,<environment.Job instance at 0x7f9698406500>,36,12,[10  1],50,80,92,30,80
1,<environment.Job instance at 0x7f96984069b0>,37,1,[5 5],51,92,93,41,80
1,<environment.Job instance at 0x7f9698499500>,38,12,[5 8],52,93,105,41,82
1,<environment.Job instance at 0x7f96984064b0>,35,16,[8 5],49,105,121,56,100
1,<environment.Job instance at 0x7f9698499a50>,49,15,[10  5],66,121,136,55,108
1,<environment.Job instance at 0x7f96984a55f0>,4,20,[8 3],8,9,29,1,9
1,<environment.Job instance at 0x7f96984a5410>,7,13,[2 8],11,29,42,18,13
1,<environment.Job instance at 0x7f96984dfb90>,18,1,[3 8],26,42,43,16,26
1,<environment.Job instance at 0x7f96983399b0>,22,2,[4 5],35,43,45,8,36
1,<environment.Job instance at 0x7f9698792870>,9,16,[5 5],13,43,59,30,39
1,<environment.Job instance at 0x7f96988b82d0>,29,2,[10  5],44,59,61,15,46
1,<environment.Job instance at 0x7f96988b8910>,31,3,[1 7],46,61,64,15,47
1,<environment.Job instance at 0x7f969881e410>,34,16,[5 1],51,63,79,12,63
1,<environment.Job instance at 0x7f96983390a0>,27,18,[3 8],41,64,82,23,63
1,<environment.Job instance at 0x7f969881ecd0>,35,14,[5 5],53,82,96,29,70
1,<environment.Job instance at 0x7f9698868910>,40,1,[3 7],61,96,97,35,73
1,<environment.Job instance at 0x7f9698868190>,46,3,[1 7],70,97,100,27,86
1,<environment.Job instance at 0x7f9698875320>,47,3,[3 9],71,100,103,29,87
1,<environment.Job instance at 0x7f9698875690>,51,1,[8 3],76,97,98,21,95
1,<environment.Job instance at 0x7f9698875910>,52,27,[9 5],78,103,130,25,103
1,<environment.Job instance at 0x7f9698875be0>,57,16,[1 8],84,130,146,46,118
1,<environment.Job instance at 0x7f96984b47d0>,0,15,[10  4],3,3,18,0,3
1,<environment.Job instance at 0x7f96987be5f0>,9,15,[5 1],17,18,33,1,17
1,<environment.Job instance at 0x7f96987bed70>,17,15,[2 9],27,28,43,1,28
1,<environment.Job instance at 0x7f96987bea00>,15,17,[2 9],25,43,60,18,36
1,<environment.Job instance at 0x7f96987d0280>,22,2,[1 7],33,60,62,27,37
1,<environment.Job instance at 0x7f96987d0a00>,30,23,[1 7],45,62,85,17,60
1,<environment.Job instance at 0x7f96987ce230>,38,14,[4 9],56,99,113,43,99
1,<environment.Job instance at 0x7f96987ce910>,43,18,[1 6],61,113,131,52,103
1,<environment.Job instance at 0x7f96987d0410>,23,17,[8 3],34,113,130,79,107
1,<environment.Job instance at 0x7f96987cefa0>,52,17,[5 8],74,131,148,57,125
1,<environment.Job instance at 0x7f96e2a52f00>,3,12,[2 7],6,6,18,0,6
1,<environment.Job instance at 0x7f96e2a52be0>,5,12,[2 5],8,18,30,10,8
1,<environment.Job instance at 0x7f96e2a7c190>,15,1,[2 7],20,30,31,10,20
1,<environment.Job instance at 0x7f96dc43da50>,16,15,[5 5],22,31,46,9,22
1,<environment.Job instance at 0x7f96dc33e500>,30,16,[9 5],41,46,62,5,42
1,<environment.Job instance at 0x7f96dc33ee10>,31,2,[6 2],42,62,64,20,42
1,<environment.Job instance at 0x7f96e2a7c640>,11,18,[8 1],15,64,82,49,58
1,<environment.Job instance at 0x7f96dc2c82d0>,39,15,[6 1],50,82,97,32,75
1,<environment.Job instance at 0x7f96dc2c87d0>,41,13,[1 8],52,81,94,29,81
1,<environment.Job instance at 0x7f96dc587460>,46,1,[7 3],58,97,98,39,81
1,<environment.Job instance at 0x7f96dc587a00>,47,1,[8 1],60,98,99,38,81
1,<environment.Job instance at 0x7f96dc587cd0>,50,13,[5 7],65,99,112,34,96
1,<environment.Job instance at 0x7f96dc587870>,52,3,[9 1],67,112,115,45,101
1,<environment.Job instance at 0x7f96dc5874b0>,55,2,[ 3 10],71,120,122,49,120
1,<environment.Job instance at 0x7f96e28e9500>,57,27,[1 8],73,122,149,49,120
1,<environment.Job instance at 0x7f96e306acd0>,0,14,[9 4],1,2,16,1,2
1,<environment.Job instance at 0x7f96e29e4b40>,6,14,[8 1],8,16,30,8,13
1,<environment.Job instance at 0x7f96dbeb7140>,20,14,[10  1],30,32,46,2,32
1,<environment.Job instance at 0x7f96dc1c4b90>,24,17,[4 8],35,46,63,11,39
1,<environment.Job instance at 0x7f96e2b72050>,31,16,[5 4],49,69,85,20,69
1,<environment.Job instance at 0x7f96dc268b90>,3,16,[6 1],7,7,23,0,7
1,<environment.Job instance at 0x7f96986d93c0>,5,17,[1 8],10,10,27,0,10
1,<environment.Job instance at 0x7f96986d9730>,10,20,[9 4],17,27,47,10,18
1,<environment.Job instance at 0x7f969870f910>,27,14,[3 7],45,50,64,5,50
1,<environment.Job instance at 0x7f96986f7d70>,48,13,[8 5],73,91,104,18,91
1,<environment.Job instance at 0x7f96986e4550>,53,13,[7 5],81,106,119,25,106
1,<environment.Job instance at 0x7f96dbf38a50>,10,18,[9 5],15,15,33,0,15
1,<environment.Job instance at 0x7f96e2d30a50>,19,17,[5 8],26,33,50,7,27
1,<environment.Job instance at 0x7f96dc417230>,34,17,[7 5],46,78,95,32,78
1,<environment.Job instance at 0x7f96e2adf190>,44,15,[4 7],58,100,115,42,100
1,<environment.Job instance at 0x7f96985dfcd0>,46,16,[5 6],60,115,131,55,105
1,<environment.Job instance at 0x7f969845cd20>,5,21,[9 5],10,10,31,0,10
1,<environment.Job instance at 0x7f96e2e52a00>,13,12,[10  1],19,31,43,12,19
1,<environment.Job instance at 0x7f96e2b0d190>,25,24,[10  4],38,43,67,5,38
1,<environment.Job instance at 0x7f96dc135dc0>,38,13,[2 7],58,68,81,10,68
1,<environment.Job instance at 0x7f96dc135e60>,40,16,[4 8],60,81,97,21,70
1,<environment.Job instance at 0x7f96dc3090a0>,45,17,[1 5],66,97,114,31,89
1,<environment.Job instance at 0x7f96e2d613c0>,46,19,[6 1],67,89,108,22,89
1,<environment.Job instance at 0x7f96986c7190>,56,14,[7 2],80,121,135,41,121
1,<environment.Job instance at 0x7f96dc280e10>,6,15,[5 5],18,18,33,0,18
1,<environment.Job instance at 0x7f96dc280d70>,5,13,[8 5],17,33,46,16,21
1,<environment.Job instance at 0x7f9698a657d0>,14,13,[10  3],30,46,59,16,37
1,<environment.Job instance at 0x7f9698a65b90>,22,16,[2 8],45,59,75,14,48
1,<environment.Job instance at 0x7f9698a79370>,24,13,[1 8],48,75,88,27,59
1,<environment.Job instance at 0x7f9698a798c0>,31,22,[4 7],58,88,110,30,87
1,<environment.Job instance at 0x7f9698a79c30>,33,13,[5 5],61,110,123,49,94
1,<environment.Job instance at 0x7f9698a7d2d0>,41,1,[2 9],70,123,124,53,117
1,<environment.Job instance at 0x7f9698a7d370>,42,18,[6 3],71,124,142,53,119
1,<environment.Job instance at 0x7f9698a7d230>,46,13,[7 5],76,142,155,66,126
1,<environment.Job instance at 0x7f9698a7d9b0>,2,14,[10  1],3,3,17,0,3
1,<environment.Job instance at 0x7f96dc51c370>,27,12,[1 7],33,47,59,14,47
1,<environment.Job instance at 0x7f96dc51c550>,28,19,[3 7],35,59,78,24,55
1,<environment.Job instance at 0x7f969882c140>,39,16,[5 9],48,78,94,30,77
1,<environment.Job instance at 0x7f96dc092410>,42,15,[2 5],52,94,109,42,89
1,<environment.Job instance at 0x7f96988c8370>,49,21,[7 2],59,106,127,47,106
1,<environment.Job instance at 0x7f96dbe42370>,54,26,[6 4],66,127,153,61,124
1,<environment.Job instance at 0x7f96dbe42370>,6,24,[ 1 10],10,10,34,0,10
1,<environment.Job instance at 0x7f9698290be0>,10,2,[7 1],16,34,36,18,18
1,<environment.Job instance at 0x7f9698290af0>,8,14,[5 6],14,36,50,22,24
1,<environment.Job instance at 0x7f96e2d99d70>,24,15,[8 2],36,50,65,14,40
1,<environment.Job instance at 0x7f969893d410>,36,22,[2 6],57,75,97,18,75
1,<environment.Job instance at 0x7f96dc0f6e60>,46,14,[3 5],70,99,113,29,99
1,<environment.Job instance at 0x7f96dc0f6e10>,47,16,[5 8],72,113,129,41,103
1,<environment.Job instance at 0x7f96dc0f6690>,49,15,[3 8],74,129,144,55,115
1,<environment.Job instance at 0x7f96988fcf00>,6,24,[5 8],7,8,32,1,8
1,<environment.Job instance at 0x7f969890db90>,11,3,[10  2],13,32,35,19,16
1,<environment.Job instance at 0x7f9698528a50>,16,13,[5 4],19,35,48,16,21
1,<environment.Job instance at 0x7f96988e45a0>,22,3,[5 3],28,35,38,7,30
1,<environment.Job instance at 0x7f96988df230>,25,1,[1 9],33,48,49,15,34
1,<environment.Job instance at 0x7f96980edc80>,20,18,[ 4 10],26,49,67,23,38
1,<environment.Job instance at 0x7f96dc5d15a0>,36,13,[ 2 10],47,67,80,20,53
1,<environment.Job instance at 0x7f96dc045550>,48,18,[4 5],60,112,130,52,112
1,<environment.Job instance at 0x7f96dc5f1f00>,52,12,[5 6],65,130,142,65,113
1,<environment.Job instance at 0x7f96989c44b0>,4,15,[6 3],10,10,25,0,10
1,<environment.Job instance at 0x7f96989c4370>,5,13,[3 7],11,11,24,0,11
1,<environment.Job instance at 0x7f96e2b78a00>,7,15,[ 3 10],15,25,40,10,15
1,<environment.Job instance at 0x7f96dbf04f50>,19,16,[9 1],31,40,56,9,31
1,<environment.Job instance at 0x7f9698784500>,31,16,[7 3],50,71,87,21,71
1,<environment.Job instance at 0x7f96e2e2d730>,38,25,[1 7],58,106,131,48,106
1,<environment.Job instance at 0x7f969896c140>,48,16,[4 6],73,131,147,58,119
1,<environment.Job instance at 0x7f96980b3b90>,3,18,[9 3],4,4,22,0,4
1,<environment.Job instance at 0x7f9698a65e60>,10,24,[9 1],17,22,46,5,21
1,<environment.Job instance at 0x7f96980c0190>,22,1,[8 2],31,46,47,15,32
1,<environment.Job instance at 0x7f96980c0e60>,27,18,[ 4 10],39,47,65,8,42
1,<environment.Job instance at 0x7f9698060f00>,36,13,[2 9],51,65,78,14,60
1,<environment.Job instance at 0x7f96980608c0>,37,14,[9 4],53,78,92,25,65
1,<environment.Job instance at 0x7f969805deb0>,46,15,[10  5],63,92,107,29,91
1,<environment.Job instance at 0x7f969805d8c0>,57,14,[ 5 10],75,114,128,39,114
1,<environment.Job instance at 0x7f969805d280>,58,3,[8 5],76,128,131,52,115
1,<environment.Job instance at 0x7f96dbf5ec80>,3,16,[ 4 10],10,13,29,3,13
1,<environment.Job instance at 0x7f96dc398cd0>,16,13,[10  1],31,31,44,0,31
1,<environment.Job instance at 0x7f96dc3a7a50>,19,16,[4 9],38,46,62,8,46
1,<environment.Job instance at 0x7f96dc3a75f0>,21,16,[5 7],40,62,78,22,49
1,<environment.Job instance at 0x7f96dc3af910>,30,2,[ 2 10],51,78,80,27,71
1,<environment.Job instance at 0x7f96dc5b6230>,32,2,[4 9],53,80,82,27,72
1,<environment.Job instance at 0x7f96dc5b6550>,33,1,[10  3],54,82,83,28,72
1,<environment.Job instance at 0x7f96dc38c3c0>,23,28,[2 7],42,83,111,41,82
1,<environment.Job instance at 0x7f96e2d61b40>,6,12,[3 8],9,9,21,0,9
1,<environment.Job instance at 0x7f96e2d615a0>,7,1,[2 8],12,21,22,9,12
1,<environment.Job instance at 0x7f9698588050>,10,16,[2 6],15,22,38,7,19
1,<environment.Job instance at 0x7f96e2d30050>,17,16,[4 8],27,38,54,11,29
1,<environment.Job instance at 0x7f969858c370>,31,21,[5 7],48,54,75,6,49
1,<environment.Job instance at 0x7f96dbf6f050>,41,15,[4 8],61,75,90,14,70
1,<environment.Job instance at 0x7f96e2c20410>,47,12,[3 8],72,90,102,18,83
1,<environment.Job instance at 0x7f96dbf8c960>,1,18,[4 9],2,3,21,1,3
1,<environment.Job instance at 0x7f96981815f0>,4,13,[4 6],7,21,34,14,7
1,<environment.Job instance at 0x7f96981810f0>,9,22,[5 4],14,21,43,7,14
1,<environment.Job instance at 0x7f969812de60>,20,3,[5 9],28,43,46,15,28
1,<environment.Job instance at 0x7f96dbf375f0>,23,2,[6 5],34,46,48,12,36
1,<environment.Job instance at 0x7f96dbf378c0>,24,17,[5 2],35,48,65,13,36
1,<environment.Job instance at 0x7f96982ff550>,27,3,[6 3],40,65,68,25,40
1,<environment.Job instance at 0x7f96982ffdc0>,29,3,[3 5],44,46,49,2,44
1,<environment.Job instance at 0x7f96982ffa50>,28,14,[5 5],43,49,63,6,48
1,<environment.Job instance at 0x7f96982ff870>,34,15,[ 1 10],49,68,83,19,57
1,<environment.Job instance at 0x7f96981c5e60>,40,14,[5 3],55,83,97,28,73
1,<environment.Job instance at 0x7f96987f1e60>,45,14,[3 7],61,83,97,22,77
1,<environment.Job instance at 0x7f96987f14b0>,52,18,[10  5],71,97,115,26,89
1,<environment.Job instance at 0x7f96dbf6aaf0>,58,17,[3 5],81,115,132,34,104
1,<environment.Job instance at 0x7f969887de10>,67,17,[1 9],95,132,149,37,123
1,<environment.Job instance at 0x7f96984ec9b0>,3,14,[10  2],8,8,22,0,8
1,<environment.Job instance at 0x7f96984ecb40>,6,16,[4 7],13,22,38,9,14
1,<environment.Job instance at 0x7f9698946d70>,16,13,[5 9],24,38,51,14,24
1,<environment.Job instance at 0x7f9698338f00>,23,13,[8 4],33,51,64,18,35
1,<environment.Job instance at 0x7f9698579280>,32,27,[5 5],47,65,92,18,65
1,<environment.Job instance at 0x7f9698598be0>,39,16,[3 9],57,92,108,35,85
1,<environment.Job instance at 0x7f96985986e0>,44,18,[3 6],67,110,128,43,110
1,<environment.Job instance at 0x7f969858fbe0>,47,18,[10  5],70,128,146,58,118
1,<environment.Job instance at 0x7f9e34f73140>,0,18,[9 3],1,3,21,2,3
1,<environment.Job instance at 0x7f9e2db64be0>,13,2,[8 4],17,21,23,4,17
1,<environment.Job instance at 0x7f9e2db64960>,12,3,[1 8],16,23,26,7,17
1,<environment.Job instance at 0x7f9e2db64d70>,16,1,[7 2],20,23,24,3,20
1,<environment.Job instance at 0x7f9e2db64b90>,14,16,[5 9],18,26,42,8,25
1,<environment.Job instance at 0x7f9e2db656e0>,23,14,[3 7],29,42,56,13,30
1,<environment.Job instance at 0x7f9e2db65e60>,30,1,[8 1],38,56,57,18,39
1,<environment.Job instance at 0x7f9e2db691e0>,32,12,[10  2],42,57,69,15,42
1,<environment.Job instance at 0x7f9e2db65be0>,27,17,[ 5 10],35,69,86,34,57
1,<environment.Job instance at 0x7f9e2db69c80>,45,1,[4 9],57,86,87,29,66
1,<environment.Job instance at 0x7f9e2db6b320>,46,14,[6 1],58,86,100,28,71
1,<environment.Job instance at 0x7f9e2db6b280>,48,1,[4 6],61,87,88,26,78
1,<environment.Job instance at 0x7f9e2db69640>,37,12,[5 4],47,100,112,53,85
1,<environment.Job instance at 0x7f9e2db6b7d0>,57,17,[5 4],72,100,117,28,92
1,<environment.Job instance at 0x7f9e2db6be60>,61,12,[1 9],77,117,129,40,105
1,<environment.Job instance at 0x7f9e2db6ccd0>,72,16,[9 5],91,129,145,38,118
1,<environment.Job instance at 0x7f9e2db712d0>,78,18,[6 5],100,145,163,45,139
1,<environment.Job instance at 0x7f9e350ea0f0>,0,12,[ 1 10],1,1,13,0,1
1,<environment.Job instance at 0x7f9e350e44b0>,13,27,[7 1],21,23,50,2,23
1,<environment.Job instance at 0x7f9e350e0fa0>,17,15,[2 9],26,26,41,0,26
1,<environment.Job instance at 0x7f9e350e7690>,22,15,[5 4],33,50,65,17,37
1,<environment.Job instance at 0x7f9e350ee320>,39,18,[4 6],56,59,77,3,59
1,<environment.Job instance at 0x7f9e350ee1e0>,40,3,[8 4],57,77,80,20,59
1,<environment.Job instance at 0x7f9e350ed5a0>,47,17,[8 4],65,81,98,16,81
1,<environment.Job instance at 0x7f9e350ee4b0>,37,25,[ 4 10],54,98,123,44,94
1,<environment.Job instance at 0x7f9e350ed230>,55,15,[5 9],76,123,138,47,109
1,<environment.Job instance at 0x7f9e350dda00>,60,26,[7 4],82,138,164,56,135
1,<environment.Job instance at 0x7f9dea37e1e0>,0,18,[5 2],2,2,20,0,2
1,<environment.Job instance at 0x7f9de9e835f0>,4,17,[10  4],6,20,37,14,8
1,<environment.Job instance at 0x7f9e2d9eee60>,14,2,[2 8],21,37,39,16,26
1,<environment.Job instance at 0x7f9de9ee7140>,13,3,[5 3],20,39,42,19,26
1,<environment.Job instance at 0x7f9e2df4eb90>,15,2,[10  5],23,42,44,19,26
1,<environment.Job instance at 0x7f9de9e839b0>,9,1,[1 5],16,39,40,23,26
1,<environment.Job instance at 0x7f9e2ddbabe0>,18,2,[6 5],28,44,46,16,28
1,<environment.Job instance at 0x7f9de9e07e60>,21,1,[5 5],31,40,41,9,35
1,<environment.Job instance at 0x7f9de9e830f0>,5,17,[9 1],7,46,63,39,35
1,<environment.Job instance at 0x7f9de9ed5aa0>,38,18,[4 8],52,74,92,22,74
1,<environment.Job instance at 0x7f9de9ed5b90>,39,17,[6 2],53,75,92,22,75
1,<environment.Job instance at 0x7f9de9e173c0>,45,3,[2 7],62,92,95,30,92
1,<environment.Job instance at 0x7f9de9e17690>,48,2,[7 5],66,96,98,30,96
1,<environment.Job instance at 0x7f9de9e17be0>,44,25,[2 7],60,100,125,40,100
1,<environment.Job instance at 0x7f9e2d9ed2d0>,55,14,[1 9],77,125,139,48,112
1,<environment.Job instance at 0x7f9de9e26320>,53,18,[3 8],74,139,157,65,129
1,<environment.Job instance at 0x7f9e2dd5fc30>,63,12,[6 1],87,131,143,44,131
1,<environment.Job instance at 0x7f9e345d3190>,4,17,[5 5],7,7,24,0,7
1,<environment.Job instance at 0x7f9de9db3c80>,5,14,[10  3],8,24,38,16,9
1,<environment.Job instance at 0x7f9e2d9b07d0>,15,14,[5 5],23,38,52,15,29
1,<environment.Job instance at 0x7f9e2db4d460>,18,1,[4 7],28,52,53,24,34
1,<environment.Job instance at 0x7f9e2d9b0c80>,14,16,[5 1],21,38,54,17,35
1,<environment.Job instance at 0x7f9dea356cd0>,23,17,[1 6],35,53,70,18,41
1,<environment.Job instance at 0x7f9dea47d5f0>,31,1,[8 3],46,56,57,10,56
1,<environment.Job instance at 0x7f9e350daf00>,32,27,[9 5],48,70,97,22,68
1,<environment.Job instance at 0x7f9de9eb5500>,51,12,[6 2],70,97,109,27,80
1,<environment.Job instance at 0x7f9dea439b40>,57,14,[1 7],80,97,111,17,91
1,<environment.Job instance at 0x7f9de9f23aa0>,62,18,[9 3],85,109,127,24,98
1,<environment.Job instance at 0x7f9dea12f780>,0,14,[ 4 10],2,2,16,0,2
1,<environment.Job instance at 0x7f9dea1a3b90>,12,1,[10  4],17,17,18,0,17
1,<environment.Job instance at 0x7f9e344c7cd0>,7,27,[10  1],11,18,45,7,17
1,<environment.Job instance at 0x7f9dea194960>,29,2,[7 5],40,50,52,10,50
1,<environment.Job instance at 0x7f9dea194aa0>,32,2,[2 9],43,52,54,9,50
1,<environment.Job instance at 0x7f9dea1a2780>,35,3,[10  1],46,54,57,8,50
1,<environment.Job instance at 0x7f9dea1a2b40>,34,3,[10  1],45,57,60,12,50
1,<environment.Job instance at 0x7f9dea1a2fa0>,36,1,[8 4],47,60,61,13,51
1,<environment.Job instance at 0x7f9dea176a50>,39,2,[4 8],52,61,63,9,53
1,<environment.Job instance at 0x7f9dea17aeb0>,41,18,[7 4],54,63,81,9,60
1,<environment.Job instance at 0x7f9e2dfc13c0>,50,2,[3 7],65,81,83,16,68
1,<environment.Job instance at 0x7f9e2dfc9d20>,51,13,[ 5 10],67,83,96,16,69
1,<environment.Job instance at 0x7f9e2dfbf370>,58,17,[5 3],78,100,117,22,100
1,<environment.Job instance at 0x7f9e2d94f500>,59,16,[9 4],79,117,133,38,105
1,<environment.Job instance at 0x7f9e2d94f4b0>,64,25,[ 3 10],89,133,158,44,129
1,<environment.Job instance at 0x7f9e2d96deb0>,0,14,[ 3 10],1,1,15,0,1
1,<environment.Job instance at 0x7f9e347d5be0>,5,12,[7 1],6,15,27,9,6
1,<environment.Job instance at 0x7f9e347d57d0>,9,13,[6 5],13,27,40,14,13
1,<environment.Job instance at 0x7f9e347db140>,31,16,[7 2],42,45,61,3,45
1,<environment.Job instance at 0x7f9e347db910>,33,15,[5 2],44,61,76,17,48
1,<environment.Job instance at 0x7f9e3472f730>,1,17,[8 5],4,4,21,0,4
1,<environment.Job instance at 0x7f9e343f1be0>,16,3,[2 5],22,23,26,1,23
1,<environment.Job instance at 0x7f9e2dcab460>,17,17,[5 8],23,26,43,3,26
1,<environment.Job instance at 0x7f9e343d4aa0>,20,12,[9 5],26,43,55,17,27
1,<environment.Job instance at 0x7f9e2daaa320>,28,14,[9 4],37,58,72,21,58
1,<environment.Job instance at 0x7f9e34abf6e0>,29,16,[10  5],38,72,88,34,59
1,<environment.Job instance at 0x7f9e2dc52500>,35,16,[1 8],48,88,104,40,85
1,<environment.Job instance at 0x7f9e343e0a00>,39,26,[1 8],53,109,135,56,109
1,<environment.Job instance at 0x7f9e2dc8fbe0>,49,1,[5 6],74,135,136,61,133
1,<environment.Job instance at 0x7f9e2dc8fbe0>,2,13,[8 5],3,3,16,0,3
1,<environment.Job instance at 0x7f9e345869b0>,5,17,[6 3],8,16,33,8,9
1,<environment.Job instance at 0x7f9e2d9e98c0>,7,13,[7 5],11,33,46,22,19
1,<environment.Job instance at 0x7f9e2d9e0960>,28,25,[7 5],40,51,76,11,51
1,<environment.Job instance at 0x7f9e2d9e0410>,17,13,[ 3 10],24,76,89,52,62
1,<environment.Job instance at 0x7f9e2d9f52d0>,34,17,[7 5],48,89,106,41,77
1,<environment.Job instance at 0x7f9e2da09730>,50,13,[3 8],69,106,119,37,101
1,<environment.Job instance at 0x7f9e2da09820>,53,18,[9 5],75,119,137,44,109
1,<environment.Job instance at 0x7f9e2da09e60>,57,15,[8 2],79,137,152,58,123
1,<environment.Job instance at 0x7f9e2da075a0>,66,3,[5 7],93,152,155,59,134
1,<environment.Job instance at 0x7f9e2da5ac30>,3,27,[1 7],6,10,37,4,10
1,<environment.Job instance at 0x7f9e2da4aeb0>,12,15,[7 4],15,37,52,22,35
1,<environment.Job instance at 0x7f9e34989910>,25,17,[8 2],31,52,69,21,44
1,<environment.Job instance at 0x7f9e3487be10>,28,3,[5 4],34,69,72,35,45
1,<environment.Job instance at 0x7f9e2dae5820>,31,15,[3 7],37,72,87,35,59
1,<environment.Job instance at 0x7f9e2df04f50>,36,20,[5 6],46,87,107,41,79
1,<environment.Job instance at 0x7f9e3492eb40>,29,16,[10  2],35,107,123,72,96
1,<environment.Job instance at 0x7f9dea454af0>,48,1,[1 9],63,123,124,60,109
1,<environment.Job instance at 0x7f9e34461910>,45,21,[9 5],60,124,145,64,118
1,<environment.Job instance at 0x7f9e2dbf2f00>,62,13,[8 2],85,145,158,60,130
1,<environment.Job instance at 0x7f9e2dab2280>,0,22,[10  5],1,1,23,0,1
1,<environment.Job instance at 0x7f9e2dab20a0>,6,14,[4 5],12,23,37,11,16
1,<environment.Job instance at 0x7f9e34aca870>,9,17,[5 4],17,23,40,6,17
1,<environment.Job instance at 0x7f9e2dae5dc0>,19,14,[10  3],28,40,54,12,28
1,<environment.Job instance at 0x7f9e2d9baa00>,18,1,[5 5],27,37,38,10,30
1,<environment.Job instance at 0x7f9dea0f74b0>,25,1,[4 8],37,54,55,17,50
1,<environment.Job instance at 0x7f9e2dfc9f50>,27,3,[6 2],39,54,57,15,50
1,<environment.Job instance at 0x7f9e344c7500>,29,2,[5 2],42,57,59,15,50
1,<environment.Job instance at 0x7f9dea07f640>,35,15,[5 5],58,60,75,2,60
1,<environment.Job instance at 0x7f9dea292d20>,37,24,[3 8],61,75,99,14,72
1,<environment.Job instance at 0x7f9dea0411e0>,47,21,[3 8],77,99,120,22,91
1,<environment.Job instance at 0x7f9dea465190>,44,15,[2 7],71,120,135,49,107
1,<environment.Job instance at 0x7f9de9f286e0>,51,16,[2 8],85,135,151,50,122
1,<environment.Job instance at 0x7f9e2daccf00>,62,13,[5 5],101,151,164,50,138
1,<environment.Job instance at 0x7f9e2dd0ff50>,0,24,[5 3],1,1,25,0,1
1,<environment.Job instance at 0x7f9e2da27370>,14,2,[6 1],24,25,27,1,25
1,<environment.Job instance at 0x7f9e2da276e0>,15,2,[8 4],25,27,29,2,26
1,<environment.Job instance at 0x7f9e2da27690>,16,23,[ 4 10],26,29,52,3,27
1,<environment.Job instance at 0x7f9e2da279b0>,19,1,[9 2],29,52,53,23,29
1,<environment.Job instance at 0x7f9e2da27e60>,24,27,[6 4],34,53,80,19,51
1,<environment.Job instance at 0x7f9e2da2f780>,33,12,[3 6],45,66,78,21,66
1,<environment.Job instance at 0x7f9e2da2f690>,34,13,[2 8],46,80,93,34,66
1,<environment.Job instance at 0x7f9e2da2fe10>,39,3,[3 7],52,93,96,41,67
1,<environment.Job instance at 0x7f9de9ef6280>,49,19,[3 7],65,99,118,34,99
1,<environment.Job instance at 0x7f9de9ef6f50>,52,15,[9 2],69,118,133,49,104
1,<environment.Job instance at 0x7f9de9ef15a0>,61,18,[2 6],79,133,151,54,122
1,<environment.Job instance at 0x7f9de9ef1a00>,66,2,[7 3],85,136,138,51,136
1,<environment.Job instance at 0x7f9de9ef1aa0>,67,3,[1 9],86,151,154,65,136
1,<environment.Job instance at 0x7f9e343cdd70>,12,17,[8 3],23,28,45,5,28
1,<environment.Job instance at 0x7f9dea31b8c0>,10,15,[10  3],20,45,60,25,32
1,<environment.Job instance at 0x7f9dea2898c0>,20,16,[ 2 10],35,60,76,25,51
1,<environment.Job instance at 0x7f9de9da8e10>,28,3,[ 5 10],47,76,79,29,51
1,<environment.Job instance at 0x7f9de9da8c80>,27,22,[7 5],46,79,101,33,72
1,<environment.Job instance at 0x7f9e2d947d70>,41,1,[8 2],65,101,102,36,90
1,<environment.Job instance at 0x7f9e2d9473c0>,42,1,[4 9],67,102,103,35,90
1,<environment.Job instance at 0x7f9e2d947eb0>,43,1,[6 3],69,103,104,34,90
1,<environment.Job instance at 0x7f9e343a32d0>,44,1,[10  4],74,104,105,30,90
1,<environment.Job instance at 0x7f9e343a35f0>,45,13,[6 4],75,105,118,30,94
1,<environment.Job instance at 0x7f9e343a3dc0>,47,22,[2 6],77,105,127,28,103
1,<environment.Job instance at 0x7f9e2d97edc0>,57,14,[3 5],90,127,141,37,112
1,<environment.Job instance at 0x7f9e34e6af50>,59,25,[5 2],93,118,143,25,118
1,<environment.Job instance at 0x7f9e2dcd5550>,63,13,[10  1],99,143,156,44,131
1,<environment.Job instance at 0x7f9e2df22410>,4,19,[ 5 10],7,10,29,3,10
1,<environment.Job instance at 0x7f9e2dc97910>,16,2,[6 1],19,29,31,10,19
1,<environment.Job instance at 0x7f9e2dc97460>,19,3,[10  2],23,31,34,8,23
1,<environment.Job instance at 0x7f9de9ffd410>,20,3,[5 1],24,34,37,10,24
1,<environment.Job instance at 0x7f9dea059be0>,9,12,[2 6],12,34,46,22,24
1,<environment.Job instance at 0x7f9de9ffd050>,21,13,[7 2],26,37,50,11,28
1,<environment.Job instance at 0x7f9dea18cfa0>,30,3,[5 3],38,50,53,12,43
1,<environment.Job instance at 0x7f9e2dc97f00>,14,24,[5 8],17,54,78,37,54
1,<environment.Job instance at 0x7f9de9fbc780>,41,16,[10  5],53,78,94,25,66
1,<environment.Job instance at 0x7f9e2dac20f0>,54,24,[2 7],68,95,119,27,95
1,<environment.Job instance at 0x7f9de9d0fa00>,4,15,[6 3],10,10,25,0,10
1,<environment.Job instance at 0x7f9e2d9e0f00>,5,13,[3 7],11,11,24,0,11
1,<environment.Job instance at 0x7f9de9d0f910>,7,15,[ 3 10],15,25,40,10,15
1,<environment.Job instance at 0x7f9de9d0ad20>,19,16,[9 1],31,40,56,9,32
1,<environment.Job instance at 0x7f9e349d1730>,28,2,[10  5],44,56,58,12,55
1,<environment.Job instance at 0x7f9de9d8c410>,31,16,[7 3],50,59,75,9,59
1,<environment.Job instance at 0x7f9dea0bf0f0>,37,3,[8 2],57,76,79,19,76
1,<environment.Job instance at 0x7f9de9b84190>,38,25,[1 7],58,76,101,18,76
1,<environment.Job instance at 0x7f9e2dd85550>,41,3,[5 9],63,101,104,38,93
1,<environment.Job instance at 0x7f9dea0c4730>,46,3,[4 8],70,104,107,34,93
1,<environment.Job instance at 0x7f9dea0c4be0>,47,14,[2 9],72,107,121,35,95
1,<environment.Job instance at 0x7f9e2dc3a7d0>,54,3,[5 5],82,121,124,39,119
1,<environment.Job instance at 0x7f9e2dc3a910>,56,15,[1 6],84,128,143,44,128
1,<environment.Job instance at 0x7f9e2dc3a5a0>,59,17,[5 1],88,130,147,42,130
1,<environment.Job instance at 0x7f9e2dc3a640>,60,2,[3 6],89,143,145,54,130
1,<environment.Job instance at 0x7f9e2dc276e0>,61,15,[1 8],90,145,160,55,131
1,<environment.Job instance at 0x7f9dea3dceb0>,2,24,[9 1],7,11,35,4,11
1,<environment.Job instance at 0x7f9e2da25f50>,14,1,[8 2],21,35,36,14,25
1,<environment.Job instance at 0x7f9dea4bcf50>,18,15,[2 6],28,35,50,7,28
1,<environment.Job instance at 0x7f9e2db586e0>,28,13,[2 9],41,50,63,9,44
1,<environment.Job instance at 0x7f9e2db58f00>,30,15,[1 7],44,63,78,19,55
1,<environment.Job instance at 0x7f9e34acb2d0>,38,15,[10  5],53,78,93,25,72
1,<environment.Job instance at 0x7f9e2d9eba00>,43,13,[5 7],58,93,106,35,86
1,<environment.Job instance at 0x7f9dea0fec80>,49,14,[ 5 10],65,106,120,41,104
1,<environment.Job instance at 0x7f9dea0fe5f0>,53,16,[6 1],70,120,136,50,110
1,<environment.Job instance at 0x7f9dea02df50>,51,17,[8 2],67,136,153,69,125
1,<environment.Job instance at 0x7f9e349461e0>,59,15,[2 6],76,134,149,58,134
1,<environment.Job instance at 0x7f9de9b3be60>,4,17,[4 6],9,9,26,0,9
1,<environment.Job instance at 0x7f9de9b3bb40>,10,16,[5 7],20,26,42,6,21
1,<environment.Job instance at 0x7f9de9b3beb0>,17,15,[5 6],29,42,57,13,29
1,<environment.Job instance at 0x7f9de9b3b410>,13,2,[2 6],23,57,59,34,31
1,<environment.Job instance at 0x7f9de9b4fc80>,26,2,[7 3],40,57,59,17,51
1,<environment.Job instance at 0x7f9de9b4f640>,27,12,[10  2],43,59,71,16,51
1,<environment.Job instance at 0x7f9de9b4f0a0>,29,19,[10  2],47,120,139,73,120
1,<environment.Job instance at 0x7f9de9af89b0>,42,2,[2 5],68,139,141,71,120
1,<environment.Job instance at 0x7f9e2d914a50>,5,16,[8 5],9,9,25,0,9
1,<environment.Job instance at 0x7f9e2dba3500>,6,18,[5 2],11,25,43,14,14
1,<environment.Job instance at 0x7f9e2dba8f50>,14,14,[3 7],20,25,39,5,20
1,<environment.Job instance at 0x7f9e2dba4fa0>,20,1,[9 3],27,43,44,16,30
1,<environment.Job instance at 0x7f9e34352230>,25,14,[8 2],37,48,62,11,48
1,<environment.Job instance at 0x7f9e2db53410>,34,27,[2 8],49,84,111,35,84
1,<environment.Job instance at 0x7f9e2db4e320>,44,15,[8 5],61,111,126,50,103
1,<environment.Job instance at 0x7f9e2db4e230>,48,15,[10  3],66,126,141,60,113
1,<environment.Job instance at 0x7f9e2db719b0>,53,3,[5 5],73,141,144,68,129
1,<environment.Job instance at 0x7f9e2db71d70>,55,3,[1 8],75,144,147,69,130
1,<environment.Job instance at 0x7f9e2db717d0>,56,2,[3 5],76,141,143,65,130
1,<environment.Job instance at 0x7f9e2db71a50>,57,17,[3 5],77,147,164,70,137
1,<environment.Job instance at 0x7f9e2dc0c410>,59,2,[1 8],79,164,166,85,138
1,<environment.Job instance at 0x7f9e2d9d34b0>,4,15,[8 4],7,7,22,0,7
1,<environment.Job instance at 0x7f9e2d9d31e0>,5,18,[3 9],8,22,40,14,11
1,<environment.Job instance at 0x7f9de9d1d280>,16,2,[5 3],20,40,42,20,20
1,<environment.Job instance at 0x7f9de9b84f50>,24,18,[10  5],31,42,60,11,34
1,<environment.Job instance at 0x7f9e2daf25a0>,34,16,[ 3 10],48,60,76,12,56
1,<environment.Job instance at 0x7f9e2df90dc0>,41,12,[5 5],59,79,91,20,79
1,<environment.Job instance at 0x7f9e2df90230>,43,21,[8 4],61,91,112,30,83
1,<environment.Job instance at 0x7f9e348b9460>,51,17,[4 7],74,112,129,38,105
1,<environment.Job instance at 0x7f9e2dd5f730>,54,26,[5 1],79,112,138,33,112
1,<environment.Job instance at 0x7f9dea4bc230>,55,26,[2 7],80,129,155,49,127
1,<environment.Job instance at 0x7f9e34404b40>,2,15,[3 8],4,5,20,1,5
1,<environment.Job instance at 0x7f9dea468d70>,5,16,[3 9],7,20,36,13,7
1,<environment.Job instance at 0x7f9e34b825f0>,21,18,[6 5],29,36,54,7,30
1,<environment.Job instance at 0x7f9dea2210a0>,25,12,[5 9],35,54,66,19,37
1,<environment.Job instance at 0x7f9e34501550>,35,16,[5 4],48,66,82,18,58
1,<environment.Job instance at 0x7f9e348972d0>,42,17,[5 8],60,83,100,23,83
1,<environment.Job instance at 0x7f9e34897c80>,47,13,[3 6],68,100,113,32,95
1,<environment.Job instance at 0x7f9e34897d70>,45,17,[8 2],63,113,130,50,101
1,<environment.Job instance at 0x7f9e3473d1e0>,56,13,[7 4],86,130,143,44,125
1,<environment.Job instance at 0x7f9e2df62320>,4,13,[9 2],6,6,19,0,6
1,<environment.Job instance at 0x7f9e2df627d0>,6,18,[ 1 10],9,19,37,10,11
1,<environment.Job instance at 0x7f9e3437b460>,18,17,[ 4 10],28,37,54,9,28
1,<environment.Job instance at 0x7f9e3437bfa0>,22,12,[4 7],34,54,66,20,38
1,<environment.Job instance at 0x7f9e3437beb0>,21,2,[4 7],32,66,68,34,51
1,<environment.Job instance at 0x7f9e2e028e60>,28,15,[4 9],46,68,83,22,56
1,<environment.Job instance at 0x7f9e2df39780>,36,2,[4 9],54,83,85,29,70
1,<environment.Job instance at 0x7f9e2df39f00>,46,15,[8 1],65,97,112,32,97
1,<environment.Job instance at 0x7f9e2dbc5780>,48,3,[6 5],68,114,117,46,114
1,<environment.Job instance at 0x7f9e2df395a0>,47,27,[6 2],67,120,147,53,120
1,<environment.Job instance at 0x7fa0c87ced70>,1,14,[7 4],3,6,20,3,6
1,<environment.Job instance at 0x7fa0c75e6410>,7,15,[4 9],11,20,35,9,19
1,<environment.Job instance at 0x7fa0c75ea0a0>,18,15,[5 6],22,35,50,13,23
1,<environment.Job instance at 0x7fa0c75ea690>,23,14,[3 7],29,50,64,21,35
1,<environment.Job instance at 0x7fa0c75ec780>,40,27,[3 7],52,82,109,30,82
1,<environment.Job instance at 0x7fa0c75e71e0>,54,18,[8 4],69,109,127,40,107
1,<environment.Job instance at 0x7fa0c75e7460>,59,16,[3 7],74,127,143,53,117
1,<environment.Job instance at 0x7fa0c75e7aa0>,64,16,[5 5],80,143,159,63,130
1,<environment.Job instance at 0x7fa0c75ef050>,69,3,[5 1],87,139,142,52,139
1,<environment.Job instance at 0x7fa0c88b8c30>,4,17,[1 9],8,8,25,0,8
1,<environment.Job instance at 0x7fa0c88acbe0>,10,15,[2 9],16,37,52,21,37
1,<environment.Job instance at 0x7fa0c88b2550>,23,2,[5 6],34,52,54,18,37
1,<environment.Job instance at 0x7fa0c88b2640>,25,1,[5 1],36,37,38,1,37
1,<environment.Job instance at 0x7fa0c88b26e0>,24,3,[6 1],35,38,41,3,37
1,<environment.Job instance at 0x7fa0c88b9b90>,26,3,[3 7],39,54,57,15,39
1,<environment.Job instance at 0x7fa0c88b6690>,19,17,[5 3],29,52,69,23,47
1,<environment.Job instance at 0x7fa0c88c0320>,45,17,[4 9],62,82,99,20,82
1,<environment.Job instance at 0x7fa0c88c09b0>,51,14,[7 3],69,99,113,30,99
1,<environment.Job instance at 0x7fa0c74f1c30>,53,26,[7 4],72,113,139,41,110
1,<environment.Job instance at 0x7fa0c88afa00>,68,13,[2 8],92,140,153,48,140
1,<environment.Job instance at 0x7fa0c88af730>,69,14,[6 1],93,140,154,47,140
1,<environment.Job instance at 0x7fa07d5d5c30>,72,13,[3 6],100,153,166,53,146
1,<environment.Job instance at 0x7fa0c810e5a0>,3,17,[ 4 10],6,6,23,0,6
1,<environment.Job instance at 0x7fa07d7316e0>,8,12,[5 8],12,23,35,11,13
1,<environment.Job instance at 0x7fa07d76b280>,14,12,[5 4],20,35,47,15,20
1,<environment.Job instance at 0x7fa0c7474870>,24,18,[4 8],32,47,65,15,37
1,<environment.Job instance at 0x7fa07d5eacd0>,36,28,[6 2],48,49,77,1,49
1,<environment.Job instance at 0x7fa07d5ead70>,34,2,[7 5],46,77,79,31,55
1,<environment.Job instance at 0x7fa07d5e7050>,40,1,[7 4],56,79,80,23,58
1,<environment.Job instance at 0x7fa07d5981e0>,43,3,[6 2],59,80,83,21,68
1,<environment.Job instance at 0x7fa07d5ea5f0>,30,25,[2 7],40,80,105,40,76
1,<environment.Job instance at 0x7fa07d5c0370>,58,28,[4 6],85,105,133,20,104
1,<environment.Job instance at 0x7fa0c7e8a050>,2,18,[1 9],4,4,22,0,4
1,<environment.Job instance at 0x7fa0c78a64b0>,3,17,[1 6],5,22,39,17,12
1,<environment.Job instance at 0x7fa0c75d1a00>,18,12,[3 6],25,39,51,14,25
1,<environment.Job instance at 0x7fa07d7af640>,25,15,[8 1],33,51,66,18,38
1,<environment.Job instance at 0x7fa07d63b190>,42,18,[9 3],55,66,84,11,57
1,<environment.Job instance at 0x7fa07d6d6050>,56,18,[10  4],75,91,109,16,91
1,<environment.Job instance at 0x7fa07daaec30>,60,27,[1 9],79,111,138,32,111
1,<environment.Job instance at 0x7fa07daa5f00>,68,23,[9 3],94,138,161,44,133
1,<environment.Job instance at 0x7fa07daa5d20>,1,15,[6 1],2,2,17,0,2
1,<environment.Job instance at 0x7fa0c7c908c0>,12,13,[9 1],16,19,32,3,19
1,<environment.Job instance at 0x7fa07d990cd0>,20,2,[3 7],25,32,34,7,25
1,<environment.Job instance at 0x7fa0c746d5f0>,17,25,[4 9],22,34,59,12,30
1,<environment.Job instance at 0x7fa0c7a46910>,35,1,[4 6],52,59,60,7,56
1,<environment.Job instance at 0x7fa0c7a2f640>,38,12,[2 7],56,60,72,4,56
1,<environment.Job instance at 0x7fa0c7a2f460>,37,2,[9 1],55,72,74,17,56
1,<environment.Job instance at 0x7fa0c7a2fe60>,39,1,[2 9],57,74,75,17,57
1,<environment.Job instance at 0x7fa0c7a2f780>,40,12,[2 5],58,75,87,17,58
1,<environment.Job instance at 0x7fa0c7a302d0>,42,3,[8 1],61,61,64,0,61
1,<environment.Job instance at 0x7fa0c7a30b90>,46,18,[8 1],65,75,93,10,75
1,<environment.Job instance at 0x7fa0c7a307d0>,47,2,[4 8],66,93,95,27,75
1,<environment.Job instance at 0x7fa0c7a47140>,52,16,[5 1],73,93,109,20,82
1,<environment.Job instance at 0x7fa07d960af0>,59,16,[2 6],83,108,124,25,108
1,<environment.Job instance at 0x7fa0c7a32870>,64,26,[5 4],89,113,139,24,113
1,<environment.Job instance at 0x7fa0c7a32a50>,70,25,[7 3],96,139,164,43,139
1,<environment.Job instance at 0x7fa0c7fbaaf0>,4,12,[5 5],5,9,21,4,9
1,<environment.Job instance at 0x7fa0c8128320>,11,18,[8 3],13,21,39,8,13
1,<environment.Job instance at 0x7fa0c82d88c0>,24,14,[9 4],31,40,54,9,40
1,<environment.Job instance at 0x7fa0c82d8140>,27,1,[7 3],34,54,55,20,40
1,<environment.Job instance at 0x7fa0c82d8910>,28,3,[3 9],35,55,58,20,40
1,<environment.Job instance at 0x7fa0c803a730>,34,13,[6 1],44,69,82,25,69
1,<environment.Job instance at 0x7fa0c74c4a50>,35,12,[3 8],46,70,82,24,70
1,<environment.Job instance at 0x7fa0c74c46e0>,37,1,[7 3],48,82,83,34,70
1,<environment.Job instance at 0x7fa0c74c4050>,42,21,[2 8],56,90,111,34,90
1,<environment.Job instance at 0x7fa0c74c40f0>,46,16,[8 4],62,111,127,49,98
1,<environment.Job instance at 0x7fa07d9cb0a0>,52,17,[10  5],75,127,144,52,117
1,<environment.Job instance at 0x7fa07d9cb500>,59,20,[5 7],84,149,169,65,149
1,<environment.Job instance at 0x7fa07da47050>,0,26,[10  2],1,10,36,9,10
1,<environment.Job instance at 0x7fa07d617be0>,12,2,[1 5],23,36,38,13,25
1,<environment.Job instance at 0x7fa0c78f86e0>,7,15,[6 5],16,36,51,20,28
1,<environment.Job instance at 0x7fa0c774a230>,28,12,[6 2],49,60,72,11,60
1,<environment.Job instance at 0x7fa0c7637410>,32,14,[3 7],55,63,77,8,63
1,<environment.Job instance at 0x7fa0c76371e0>,33,12,[4 9],57,77,89,20,63
1,<environment.Job instance at 0x7fa0c79907d0>,18,15,[4 5],32,89,104,57,76
1,<environment.Job instance at 0x7fa0c7674870>,43,13,[ 5 10],71,104,117,33,88
1,<environment.Job instance at 0x7fa0c7735c80>,53,13,[8 5],83,117,130,34,109
1,<environment.Job instance at 0x7fa07da1a410>,57,15,[5 2],89,130,145,41,126
1,<environment.Job instance at 0x7fa07d715640>,65,18,[10  4],100,145,163,45,140
1,<environment.Job instance at 0x7fa0c794f5f0>,1,18,[9 5],5,5,23,0,5
1,<environment.Job instance at 0x7fa07d808fa0>,10,17,[5 8],16,23,40,7,16
1,<environment.Job instance at 0x7fa07d805a00>,16,2,[5 8],25,40,42,15,25
1,<environment.Job instance at 0x7fa07d805a50>,17,14,[5 6],26,42,56,16,33
1,<environment.Job instance at 0x7fa07d81c5a0>,27,13,[6 3],38,56,69,18,40
1,<environment.Job instance at 0x7fa07d81ccd0>,34,18,[ 2 10],47,69,87,22,63
1,<environment.Job instance at 0x7fa07d821640>,43,14,[8 2],56,87,101,31,74
1,<environment.Job instance at 0x7fa07d8219b0>,46,26,[2 8],60,87,113,27,85
1,<environment.Job instance at 0x7fa07d821e10>,50,21,[4 6],65,113,134,48,105
1,<environment.Job instance at 0x7fa07d820870>,60,3,[6 5],78,134,137,56,120
1,<environment.Job instance at 0x7fa07d820500>,57,18,[5 7],75,137,155,62,130
1,<environment.Job instance at 0x7fa07d8209b0>,62,18,[2 9],80,155,173,75,148
1,<environment.Job instance at 0x7fa07d820eb0>,2,13,[8 2],5,5,18,0,5
1,<environment.Job instance at 0x7fa07db87410>,9,17,[2 5],15,15,32,0,15
1,<environment.Job instance at 0x7fa07d8abfa0>,12,25,[8 1],18,23,48,5,23
1,<environment.Job instance at 0x7fa07d5dc550>,18,13,[2 7],28,32,45,4,28
1,<environment.Job instance at 0x7fa0c75d6f00>,32,24,[10  2],45,50,74,5,50
1,<environment.Job instance at 0x7fa0c76d1b90>,41,24,[1 7],55,74,98,19,73
1,<environment.Job instance at 0x7fa0c7598c30>,50,13,[10  2],68,103,116,35,103
1,<environment.Job instance at 0x7fa0c7598460>,49,16,[7 5],67,116,132,49,104
1,<environment.Job instance at 0x7fa0c75982d0>,60,27,[1 9],84,132,159,48,132
1,<environment.Job instance at 0x7fa0c7401500>,7,13,[5 5],11,13,26,2,13
1,<environment.Job instance at 0x7fa0c816c280>,15,1,[2 9],20,26,27,6,21
1,<environment.Job instance at 0x7fa07dc11a00>,13,24,[1 9],18,27,51,9,25
1,<environment.Job instance at 0x7fa0c7f07be0>,24,12,[9 4],36,51,63,15,44
1,<environment.Job instance at 0x7fa0c7c63a50>,21,23,[ 1 10],27,63,86,36,59
1,<environment.Job instance at 0x7fa0c7b57500>,34,13,[6 2],49,86,99,37,70
1,<environment.Job instance at 0x7fa0c756f140>,38,1,[5 9],56,99,100,43,71
1,<environment.Job instance at 0x7fa0c88bf820>,43,2,[9 1],63,100,102,37,86
1,<environment.Job instance at 0x7fa0c756fbe0>,41,15,[1 7],60,100,115,40,93
1,<environment.Job instance at 0x7fa0c782c960>,52,23,[ 4 10],76,118,141,42,118
1,<environment.Job instance at 0x7fa0c7851a50>,59,14,[10  1],83,141,155,58,129
1,<environment.Job instance at 0x7fa0c7829230>,2,26,[1 9],4,8,34,4,8
1,<environment.Job instance at 0x7fa0c7b51eb0>,8,13,[9 2],16,34,47,18,20
1,<environment.Job instance at 0x7fa0c7b52190>,11,14,[8 3],20,47,61,27,37
1,<environment.Job instance at 0x7fa0c7b52e60>,22,3,[8 5],37,61,64,24,37
1,<environment.Job instance at 0x7fa0c7b52fa0>,23,3,[3 7],38,64,67,26,39
1,<environment.Job instance at 0x7fa0c7b48690>,30,2,[2 5],46,51,53,5,51
1,<environment.Job instance at 0x7fa07d66fc30>,52,20,[9 2],85,118,138,33,118
1,<environment.Job instance at 0x7fa07d836730>,6,1,[7 2],8,8,9,0,8
1,<environment.Job instance at 0x7fa07d8365a0>,7,15,[2 9],9,9,24,0,9
1,<environment.Job instance at 0x7fa07d836410>,9,12,[4 8],11,24,36,13,12
1,<environment.Job instance at 0x7fa07dc038c0>,11,12,[3 5],13,36,48,23,19
1,<environment.Job instance at 0x7fa0c7c637d0>,29,19,[ 5 10],37,48,67,11,38
1,<environment.Job instance at 0x7fa07d512f50>,42,16,[1 6],50,67,83,17,62
1,<environment.Job instance at 0x7fa07da28b90>,49,13,[5 4],59,70,83,11,70
1,<environment.Job instance at 0x7fa07da28b40>,51,23,[7 2],61,83,106,22,77
1,<environment.Job instance at 0x7fa07dbcafa0>,56,3,[5 8],69,106,109,37,86
1,<environment.Job instance at 0x7fa07dbcab40>,59,18,[2 6],74,87,105,13,87
1,<environment.Job instance at 0x7fa07dbca460>,61,23,[3 5],77,109,132,32,108
1,<environment.Job instance at 0x7fa0c7b64410>,68,15,[8 1],86,132,147,46,120
1,<environment.Job instance at 0x7fa07d505460>,79,24,[2 7],98,143,167,45,143
1,<environment.Job instance at 0x7fa0c7711320>,4,14,[2 7],7,7,21,0,7
1,<environment.Job instance at 0x7fa0c7a71910>,11,2,[2 9],14,21,23,7,14
1,<environment.Job instance at 0x7fa0c8043190>,10,16,[8 5],13,23,39,10,18
1,<environment.Job instance at 0x7fa07d51e460>,20,13,[3 7],31,39,52,8,33
1,<environment.Job instance at 0x7fa07d51eaa0>,21,3,[ 4 10],33,52,55,19,33
1,<environment.Job instance at 0x7fa07d51e2d0>,22,15,[ 3 10],35,55,70,20,43
1,<environment.Job instance at 0x7fa07d99fb90>,32,12,[6 2],49,82,94,33,82
1,<environment.Job instance at 0x7fa07d99f820>,34,16,[9 1],51,94,110,43,84
1,<environment.Job instance at 0x7fa07dcbeb90>,28,28,[1 5],43,86,114,43,86
1,<environment.Job instance at 0x7fa07d50e0f0>,41,28,[9 2],62,110,138,48,109
1,<environment.Job instance at 0x7fa07d50ecd0>,48,1,[1 5],72,116,117,44,116
1,<environment.Job instance at 0x7fa07da90870>,54,18,[7 1],80,138,156,58,137
1,<environment.Job instance at 0x7fa07da90550>,53,25,[1 7],78,143,168,65,143
1,<environment.Job instance at 0x7fa07daa9dc0>,7,1,[ 3 10],10,10,11,0,10
1,<environment.Job instance at 0x7fa0c74c7f00>,9,3,[4 5],12,12,15,0,12
1,<environment.Job instance at 0x7fa0c74c7be0>,14,1,[6 5],22,22,23,0,22
1,<environment.Job instance at 0x7fa07dab6af0>,24,27,[5 5],33,46,73,13,46
1,<environment.Job instance at 0x7fa0c75c8c30>,32,17,[4 5],47,62,79,15,62
1,<environment.Job instance at 0x7fa0c7673e60>,36,13,[2 9],51,79,92,28,72
1,<environment.Job instance at 0x7fa0c7673be0>,37,14,[9 4],53,92,106,39,81
1,<environment.Job instance at 0x7fa07dbc3e60>,47,17,[7 4],64,111,128,47,111
1,<environment.Job instance at 0x7fa07d705f50>,55,14,[5 9],72,132,146,60,132
1,<environment.Job instance at 0x7fa07dac6230>,56,28,[ 4 10],74,146,174,72,145
1,<environment.Job instance at 0x7fa0c808b780>,3,12,[ 2 10],8,8,20,0,8
1,<environment.Job instance at 0x7fa07d9fd4b0>,4,17,[4 6],9,20,37,11,12
1,<environment.Job instance at 0x7fa0c78c9eb0>,15,13,[5 8],25,37,50,12,25
1,<environment.Job instance at 0x7fa07d4fd9b0>,16,25,[3 7],27,50,75,23,46
1,<environment.Job instance at 0x7fa0c76e9fa0>,33,13,[9 5],53,75,88,22,66
1,<environment.Job instance at 0x7fa0c8285820>,20,24,[ 1 10],32,110,134,78,110
1,<environment.Job instance at 0x7fa07d9df280>,48,15,[9 4],75,144,159,69,144
1,<environment.Job instance at 0x7fa07dcf1b90>,51,12,[10  5],78,159,171,81,144
1,<environment.Job instance at 0x7fa07da13c30>,2,13,[1 6],3,3,16,0,3
1,<environment.Job instance at 0x7fa07d32faa0>,9,3,[1 5],11,16,19,5,11
1,<environment.Job instance at 0x7fa07d32f780>,10,18,[10  1],12,19,37,7,16
1,<environment.Job instance at 0x7fa07d32f9b0>,15,1,[1 5],19,37,38,18,20
1,<environment.Job instance at 0x7fa07d321a00>,16,15,[4 8],21,38,53,17,24
1,<environment.Job instance at 0x7fa07d32fcd0>,8,14,[3 7],10,53,67,43,42
1,<environment.Job instance at 0x7fa07d2bdb90>,31,12,[2 6],42,67,79,25,59
1,<environment.Job instance at 0x7fa07d2bdb40>,38,15,[8 5],51,79,94,28,68
1,<environment.Job instance at 0x7fa07d2bd0f0>,27,12,[ 4 10],38,94,106,56,77
1,<environment.Job instance at 0x7fa07d2c1eb0>,46,1,[6 4],61,106,107,45,97
1,<environment.Job instance at 0x7fa07d2c1410>,51,17,[3 5],67,106,123,39,99
1,<environment.Job instance at 0x7fa07d2c1500>,56,13,[10  1],72,123,136,51,110
1,<environment.Job instance at 0x7fa07d99ab90>,63,12,[4 8],88,136,148,48,125
1,<environment.Job instance at 0x7fa07d99adc0>,68,3,[5 8],93,148,151,55,130
1,<environment.Job instance at 0x7fa07d99a140>,67,18,[4 9],92,151,169,59,141
1,<environment.Job instance at 0x7fa0c8281960>,0,14,[3 7],1,1,15,0,1
1,<environment.Job instance at 0x7fa0c74a1960>,3,12,[10  1],6,15,27,9,6
1,<environment.Job instance at 0x7fa0c7873c80>,23,12,[6 4],38,42,54,4,42
1,<environment.Job instance at 0x7fa0c7873410>,25,12,[2 5],40,42,54,2,42
1,<environment.Job instance at 0x7fa07d7e12d0>,26,21,[8 4],41,54,75,13,50
1,<environment.Job instance at 0x7fa0c74b85f0>,38,26,[2 7],60,80,106,20,80
1,<environment.Job instance at 0x7fa0c758b550>,7,25,[10  3],9,9,34,0,9
1,<environment.Job instance at 0x7fa0c7cf00a0>,11,3,[2 5],14,34,37,20,14
1,<environment.Job instance at 0x7fa0c79d17d0>,15,15,[2 5],21,34,49,13,21
1,<environment.Job instance at 0x7fa07d9fafa0>,22,18,[4 7],32,49,67,17,38
1,<environment.Job instance at 0x7fa07d9fa690>,21,16,[1 7],31,67,83,36,57
1,<environment.Job instance at 0x7fa0c754b410>,26,25,[5 6],41,83,108,42,81
1,<environment.Job instance at 0x7fa0c8103280>,38,15,[3 8],60,108,123,48,96
1,<environment.Job instance at 0x7fa0c75fe370>,51,1,[5 6],75,123,124,48,113
1,<environment.Job instance at 0x7fa0c75fe410>,52,16,[2 9],77,124,140,47,115
1,<environment.Job instance at 0x7fa0c75fe6e0>,53,1,[ 2 10],78,140,141,62,115
1,<environment.Job instance at 0x7fa0c81031e0>,42,18,[9 5],64,141,159,77,130
1,<environment.Job instance at 0x7fa07da535a0>,2,22,[5 7],5,7,29,2,7
1,<environment.Job instance at 0x7fa0c7799190>,11,2,[4 9],14,29,31,15,15
1,<environment.Job instance at 0x7fa0c841a230>,10,13,[6 3],13,31,44,18,16
1,<environment.Job instance at 0x7fa0c785c500>,16,12,[2 7],19,31,43,12,19
1,<environment.Job instance at 0x7fa0c785c960>,23,3,[6 5],28,44,47,16,35
1,<environment.Job instance at 0x7fa0c7d99dc0>,9,24,[1 9],12,47,71,35,43
1,<environment.Job instance at 0x7fa0c806b050>,37,16,[2 8],45,71,87,26,62
1,<environment.Job instance at 0x7fa0c8110d70>,42,3,[5 2],52,77,80,25,77
1,<environment.Job instance at 0x7fa0c8110500>,46,16,[3 5],56,87,103,31,83
1,<environment.Job instance at 0x7fa0c8110fa0>,49,13,[9 1],61,103,116,42,95
1,<environment.Job instance at 0x7fa0c74c10f0>,52,13,[3 6],64,116,129,52,102
1,<environment.Job instance at 0x7fa0c785c140>,22,27,[6 2],27,126,153,99,126
1,<environment.Job instance at 0x7fa07d454af0>,62,1,[ 1 10],78,153,154,75,133
1,<environment.Job instance at 0x7fa07d454500>,63,17,[7 1],80,154,171,74,149
1,<environment.Job instance at 0x7fa0c7c74fa0>,7,13,[4 8],14,15,28,1,15
1,<environment.Job instance at 0x7fa0c8044320>,9,1,[ 5 10],16,28,29,12,16
1,<environment.Job instance at 0x7fa0c80440f0>,11,18,[9 2],20,29,47,9,21
1,<environment.Job instance at 0x7fa07d5e6b40>,19,16,[5 8],29,47,63,18,39
1,<environment.Job instance at 0x7fa0c73d7cd0>,33,16,[ 5 10],48,63,79,15,59
1,<environment.Job instance at 0x7fa0c73d76e0>,35,16,[5 6],51,79,95,28,69
1,<environment.Job instance at 0x7fa0c876b870>,12,28,[3 7],21,97,125,76,97
1,<environment.Job instance at 0x7fa07dbbe2d0>,61,16,[1 5],89,132,148,43,132
1,<environment.Job instance at 0x7fa07dbc6730>,67,12,[5 5],97,142,154,45,142
1,<environment.Job instance at 0x7fc46b2d11e0>,0,18,[9 3],1,3,21,2,3
1,<environment.Job instance at 0x7fc46b2d10f0>,1,14,[7 4],3,21,35,18,15
1,<environment.Job instance at 0x7fc463ec2cd0>,13,2,[8 4],17,35,37,18,17
1,<environment.Job instance at 0x7fc463ec2c80>,14,16,[5 9],18,37,53,19,24
1,<environment.Job instance at 0x7fc463ec3a50>,27,17,[ 5 10],35,53,70,18,41
1,<environment.Job instance at 0x7fc463ec73c0>,35,13,[7 1],45,70,83,25,62
1,<environment.Job instance at 0x7fc463ec75a0>,38,1,[2 7],48,70,71,22,63
1,<environment.Job instance at 0x7fc463ec79b0>,41,3,[9 1],53,83,86,30,66
1,<environment.Job instance at 0x7fc463ec7960>,42,1,[2 7],54,71,72,17,66
1,<environment.Job instance at 0x7fc463ec7aa0>,45,1,[4 9],57,86,87,29,68
1,<environment.Job instance at 0x7fc463ec7500>,37,12,[5 4],47,87,99,40,70
1,<environment.Job instance at 0x7fc463eca6e0>,52,12,[1 9],67,99,111,32,84
1,<environment.Job instance at 0x7fc463ecaa50>,54,18,[8 4],69,111,129,42,100
1,<environment.Job instance at 0x7fc463ecd190>,64,16,[5 5],80,129,145,49,116
1,<environment.Job instance at 0x7fc463ecdfa0>,77,17,[1 6],96,145,162,49,142
1,<environment.Job instance at 0x7fc463ecdf00>,78,18,[6 5],100,162,180,62,151
1,<environment.Job instance at 0x7fc46b44c320>,4,15,[2 9],6,7,22,1,7
1,<environment.Job instance at 0x7fc46b44c780>,6,12,[6 3],10,22,34,12,10
1,<environment.Job instance at 0x7fc46b447500>,9,15,[5 4],13,34,49,21,21
1,<environment.Job instance at 0x7fc46b43da50>,24,25,[ 4 10],34,49,74,15,45
1,<environment.Job instance at 0x7fc46b2f85f0>,39,17,[4 9],52,90,107,38,90
1,<environment.Job instance at 0x7fc46b445b90>,50,3,[9 2],65,107,110,42,95
1,<environment.Job instance at 0x7fc46b445fa0>,51,3,[3 8],68,110,113,42,95
1,<environment.Job instance at 0x7fc46b445eb0>,46,12,[9 4],60,113,125,53,97
1,<environment.Job instance at 0x7fc46b2f8d70>,42,15,[5 9],56,125,140,69,111
1,<environment.Job instance at 0x7fc46b44bd20>,64,12,[4 8],84,140,152,56,132
1,<environment.Job instance at 0x7fc46b44bb40>,66,13,[3 6],90,152,165,62,136
1,<environment.Job instance at 0x7fc46b43b050>,68,12,[7 3],93,152,164,59,136
1,<environment.Job instance at 0x7fc420160dc0>,72,1,[5 5],101,165,166,64,138
1,<environment.Job instance at 0x7fc420231f00>,3,13,[1 7],5,5,18,0,5
1,<environment.Job instance at 0x7fc42010f730>,4,15,[10  5],6,18,33,12,8
1,<environment.Job instance at 0x7fc464368870>,17,2,[9 2],24,33,35,9,24
1,<environment.Job instance at 0x7fc420123cd0>,20,15,[10  5],27,35,50,8,27
1,<environment.Job instance at 0x7fc463c70f50>,26,14,[1 9],37,54,68,17,54
1,<environment.Job instance at 0x7fc4201b75f0>,35,16,[5 9],48,68,84,20,55
1,<environment.Job instance at 0x7fc4643897d0>,44,17,[ 1 10],66,84,101,18,76
1,<environment.Job instance at 0x7fc4201c6a50>,46,17,[10  4],69,101,118,32,101
1,<environment.Job instance at 0x7fc420176dc0>,51,1,[8 3],76,118,119,42,102
1,<environment.Job instance at 0x7fc420176640>,50,13,[1 6],75,118,131,43,102
1,<environment.Job instance at 0x7fc463cd4aa0>,59,15,[8 2],85,119,134,34,118
1,<environment.Job instance at 0x7fc42026ea00>,61,18,[3 9],87,134,152,47,123
1,<environment.Job instance at 0x7fc4201c0af0>,69,14,[1 6],104,152,166,48,151
1,<environment.Job instance at 0x7fc4201c0b90>,73,14,[10  3],108,166,180,58,154
1,<environment.Job instance at 0x7fc4207f6190>,2,15,[8 1],3,3,18,0,3
1,<environment.Job instance at 0x7fc463f77d70>,8,12,[6 2],10,18,30,8,10
1,<environment.Job instance at 0x7fc463d0af50>,12,18,[8 4],16,30,48,14,22
1,<environment.Job instance at 0x7fc463f879b0>,23,2,[5 4],29,48,50,19,35
1,<environment.Job instance at 0x7fc42069db40>,27,17,[ 1 10],33,50,67,17,40
1,<environment.Job instance at 0x7fc420294f50>,38,3,[8 2],50,67,70,17,51
1,<environment.Job instance at 0x7fc42061ba00>,39,2,[9 2],55,70,72,15,55
1,<environment.Job instance at 0x7fc420294b90>,37,27,[1 9],49,72,99,23,70
1,<environment.Job instance at 0x7fc42015ea50>,30,18,[3 6],38,99,117,61,95
1,<environment.Job instance at 0x7fc420276aa0>,54,17,[8 3],74,117,134,43,105
1,<environment.Job instance at 0x7fc420624460>,4,25,[ 3 10],9,14,39,5,14
1,<environment.Job instance at 0x7fc4205c0be0>,15,12,[2 5],24,39,51,15,24
1,<environment.Job instance at 0x7fc4205c0d20>,16,18,[8 1],25,39,57,14,33
1,<environment.Job instance at 0x7fc4205bd7d0>,25,15,[1 6],37,51,66,14,37
1,<environment.Job instance at 0x7fc4205bde10>,30,2,[6 2],44,57,59,13,48
1,<environment.Job instance at 0x7fc4205bdd70>,29,16,[2 6],43,66,82,23,53
1,<environment.Job instance at 0x7fc4205bc5f0>,38,15,[3 7],54,82,97,28,73
1,<environment.Job instance at 0x7fc4205c0dc0>,18,20,[7 4],27,97,117,70,92
1,<environment.Job instance at 0x7fc4205bc550>,42,19,[9 5],58,117,136,59,114
1,<environment.Job instance at 0x7fc4200cb960>,62,27,[1 8],83,136,163,53,134
1,<environment.Job instance at 0x7fc4200cbdc0>,66,13,[5 9],89,163,176,74,151
1,<environment.Job instance at 0x7fc4200ca8c0>,1,18,[9 4],3,4,22,1,4
1,<environment.Job instance at 0x7fc46a7633c0>,9,17,[4 8],15,22,39,7,15
1,<environment.Job instance at 0x7fc46a763aa0>,10,1,[4 8],16,39,40,23,16
1,<environment.Job instance at 0x7fc46a6f3910>,16,16,[5 4],29,40,56,11,38
1,<environment.Job instance at 0x7fc46a6f38c0>,19,1,[10  2],33,56,57,23,38
1,<environment.Job instance at 0x7fc46a6f3b90>,18,3,[10  5],32,57,60,25,39
1,<environment.Job instance at 0x7fc46a6f39b0>,21,14,[5 1],35,40,54,5,40
1,<environment.Job instance at 0x7fc4640dfeb0>,22,3,[4 6],36,60,63,24,41
1,<environment.Job instance at 0x7fc46aed8f50>,26,3,[8 1],45,63,66,18,63
1,<environment.Job instance at 0x7fc46aed8dc0>,28,22,[7 4],50,75,97,25,75
1,<environment.Job instance at 0x7fc464189c80>,31,17,[9 3],53,97,114,44,92
1,<environment.Job instance at 0x7fc420571320>,42,16,[9 2],64,114,130,50,105
1,<environment.Job instance at 0x7fc4205715f0>,47,1,[6 2],72,130,131,58,122
1,<environment.Job instance at 0x7fc4205710f0>,48,15,[8 2],73,131,146,58,122
1,<environment.Job instance at 0x7fc420571140>,43,15,[2 6],65,130,145,65,122
1,<environment.Job instance at 0x7fc46a760280>,41,17,[5 8],63,146,163,83,134
1,<environment.Job instance at 0x7fc420571050>,54,12,[4 9],79,163,175,84,147
1,<environment.Job instance at 0x7fc4205bccd0>,0,23,[1 6],2,2,25,0,2
1,<environment.Job instance at 0x7fc46abb7aa0>,11,21,[4 9],18,25,46,7,21
1,<environment.Job instance at 0x7fc420264050>,21,13,[7 5],31,46,59,15,32
1,<environment.Job instance at 0x7fc4204d05f0>,22,2,[ 1 10],32,59,61,27,34
1,<environment.Job instance at 0x7fc4204d0be0>,23,12,[4 5],33,61,73,28,48
1,<environment.Job instance at 0x7fc463e433c0>,32,2,[2 8],46,73,75,27,55
1,<environment.Job instance at 0x7fc463e430a0>,34,12,[1 6],48,75,87,27,58
1,<environment.Job instance at 0x7fc463e43820>,37,2,[3 8],52,87,89,35,72
1,<environment.Job instance at 0x7fc463e43550>,38,12,[1 9],53,89,101,36,73
1,<environment.Job instance at 0x7fc46a8677d0>,41,1,[3 9],59,101,102,42,76
1,<environment.Job instance at 0x7fc463e43cd0>,31,13,[ 3 10],44,102,115,58,87
1,<environment.Job instance at 0x7fc46a6e0c30>,45,2,[9 3],64,115,117,51,88
1,<environment.Job instance at 0x7fc4205b80a0>,46,3,[9 1],65,89,92,24,88
1,<environment.Job instance at 0x7fc42050e5a0>,49,1,[5 4],69,117,118,48,99
1,<environment.Job instance at 0x7fc46a867fa0>,42,25,[7 5],60,118,143,58,115
1,<environment.Job instance at 0x7fc463cb9c80>,59,15,[4 8],84,143,158,59,129
1,<environment.Job instance at 0x7fc42046d9b0>,67,18,[9 5],95,158,176,63,149
1,<environment.Job instance at 0x7fc46acc25a0>,2,18,[5 7],5,5,23,0,5
1,<environment.Job instance at 0x7fc4207cec30>,8,15,[3 9],11,23,38,12,11
1,<environment.Job instance at 0x7fc4207cefa0>,12,15,[7 4],15,38,53,23,24
1,<environment.Job instance at 0x7fc4207e2be0>,23,13,[4 8],28,53,66,25,37
1,<environment.Job instance at 0x7fc4207e2eb0>,28,3,[5 4],34,66,69,32,51
1,<environment.Job instance at 0x7fc4207d51e0>,31,15,[3 7],37,69,84,32,60
1,<environment.Job instance at 0x7fc4207d5550>,35,2,[8 3],44,84,86,40,60
1,<environment.Job instance at 0x7fc4207d58c0>,39,2,[4 9],50,86,88,36,75
1,<environment.Job instance at 0x7fc4207d5c30>,40,14,[3 5],53,88,102,35,82
1,<environment.Job instance at 0x7fc4207d5f00>,45,21,[9 5],60,102,123,42,96
1,<environment.Job instance at 0x7fc4207df820>,54,14,[5 7],70,123,137,53,108
1,<environment.Job instance at 0x7fc4207dfaa0>,60,1,[2 9],81,137,138,56,119
1,<environment.Job instance at 0x7fc4207d80a0>,62,13,[8 2],85,138,151,53,127
1,<environment.Job instance at 0x7fc4207d8460>,66,13,[9 5],89,151,164,62,147
1,<environment.Job instance at 0x7fc4207d8730>,0,3,[3 5],1,1,4,0,1
1,<environment.Job instance at 0x7fc42057ec80>,7,15,[5 1],9,9,24,0,9
1,<environment.Job instance at 0x7fc46a969e60>,6,14,[10  3],8,24,38,16,19
1,<environment.Job instance at 0x7fc4642a4eb0>,18,17,[8 1],25,38,55,13,37
1,<environment.Job instance at 0x7fc420290a50>,25,12,[1 8],42,44,56,2,44
1,<environment.Job instance at 0x7fc4202ea500>,28,3,[6 3],45,56,59,11,51
1,<environment.Job instance at 0x7fc463fd4730>,31,15,[2 7],51,56,71,5,55
1,<environment.Job instance at 0x7fc4640721e0>,37,12,[ 5 10],62,72,84,10,72
1,<environment.Job instance at 0x7fc4640720a0>,39,14,[8 5],67,84,98,17,74
1,<environment.Job instance at 0x7fc463c2e410>,47,22,[4 7],78,98,120,20,91
1,<environment.Job instance at 0x7fc46ae52a00>,51,14,[9 5],83,120,134,37,105
1,<environment.Job instance at 0x7fc46ae52280>,60,17,[6 4],93,136,153,43,136
1,<environment.Job instance at 0x7fc46ae521e0>,62,13,[7 5],96,153,166,57,141
1,<environment.Job instance at 0x7fc463cac050>,72,13,[5 8],113,166,179,53,158
1,<environment.Job instance at 0x7fc463ff7050>,2,17,[1 9],4,4,21,0,4
1,<environment.Job instance at 0x7fc46a960d20>,4,13,[2 8],6,21,34,15,7
1,<environment.Job instance at 0x7fc463ec3c80>,27,14,[2 6],35,35,49,0,35
1,<environment.Job instance at 0x7fc4206abf00>,30,16,[5 9],38,49,65,11,42
1,<environment.Job instance at 0x7fc420212140>,38,16,[ 5 10],47,65,81,18,52
1,<environment.Job instance at 0x7fc4642d3320>,42,24,[ 3 10],52,81,105,29,76
1,<environment.Job instance at 0x7fc4642c2dc0>,52,26,[1 9],64,126,152,62,126
1,<environment.Job instance at 0x7fc46a87ca00>,55,16,[5 5],68,152,168,84,144
1,<environment.Job instance at 0x7fc4202b43c0>,56,18,[5 9],69,168,186,99,158
1,<environment.Job instance at 0x7fc4202d9d20>,9,22,[2 6],17,17,39,0,17
1,<environment.Job instance at 0x7fc4202df140>,10,12,[6 2],18,19,31,1,19
1,<environment.Job instance at 0x7fc4202dfb90>,20,16,[5 8],32,39,55,7,35
1,<environment.Job instance at 0x7fc4203031e0>,24,18,[3 9],37,55,73,18,44
1,<environment.Job instance at 0x7fc4203038c0>,30,14,[8 1],47,73,87,26,58
1,<environment.Job instance at 0x7fc420303f00>,41,15,[2 9],59,80,95,21,80
1,<environment.Job instance at 0x7fc420304370>,43,12,[4 8],61,95,107,34,81
1,<environment.Job instance at 0x7fc4203049b0>,52,15,[3 6],73,110,125,37,110
1,<environment.Job instance at 0x7fc420304b40>,55,14,[9 5],76,125,139,49,110
1,<environment.Job instance at 0x7fc4202ffd20>,70,15,[10  3],94,149,164,55,149
1,<environment.Job instance at 0x7fc4202ffe10>,71,18,[2 8],95,164,182,69,153
1,<environment.Job instance at 0x7fc4641ede60>,5,13,[3 5],10,10,23,0,10
1,<environment.Job instance at 0x7fc4641edf50>,6,13,[10  1],14,23,36,9,14
1,<environment.Job instance at 0x7fc46a82aa00>,18,2,[9 5],28,36,38,8,28
1,<environment.Job instance at 0x7fc46a82a4b0>,19,3,[4 5],29,38,41,9,29
1,<environment.Job instance at 0x7fc46a82a2d0>,21,12,[8 2],31,41,53,10,34
1,<environment.Job instance at 0x7fc46a82a050>,26,1,[8 2],36,53,54,17,44
1,<environment.Job instance at 0x7fc4207e1820>,28,3,[2 7],38,44,47,6,44
1,<environment.Job instance at 0x7fc4207e10f0>,29,15,[1 8],40,49,64,9,49
1,<environment.Job instance at 0x7fc46a82aaa0>,24,12,[5 3],34,64,76,30,50
1,<environment.Job instance at 0x7fc4207e1eb0>,34,14,[2 7],47,64,78,17,50
1,<environment.Job instance at 0x7fc4207e1af0>,31,17,[4 8],42,78,95,36,70
1,<environment.Job instance at 0x7fc4640e8870>,45,3,[4 7],62,95,98,33,82
1,<environment.Job instance at 0x7fc4640e82d0>,47,3,[ 5 10],66,98,101,32,83
1,<environment.Job instance at 0x7fc4640e8c30>,48,3,[8 5],68,101,104,33,83
1,<environment.Job instance at 0x7fc46b43e050>,51,3,[ 4 10],73,104,107,31,89
1,<environment.Job instance at 0x7fc4207532d0>,54,12,[10  3],77,107,119,30,95
1,<environment.Job instance at 0x7fc4640e8e60>,43,14,[1 7],57,119,133,62,104
1,<environment.Job instance at 0x7fc420753e60>,56,1,[9 1],81,119,120,38,112
1,<environment.Job instance at 0x7fc420366d70>,0,19,[8 5],1,3,22,2,3
1,<environment.Job instance at 0x7fc463d19320>,3,15,[8 4],6,22,37,16,9
1,<environment.Job instance at 0x7fc46a6c80a0>,15,2,[8 5],19,37,39,18,21
1,<environment.Job instance at 0x7fc464186af0>,22,14,[8 5],28,39,53,11,36
1,<environment.Job instance at 0x7fc463d190f0>,4,13,[7 4],7,53,66,46,41
1,<environment.Job instance at 0x7fc464186870>,23,21,[8 3],31,66,87,35,58
1,<environment.Job instance at 0x7fc463d37b40>,50,18,[ 4 10],69,121,139,52,121
1,<environment.Job instance at 0x7fc46adad820>,55,17,[4 5],77,139,156,62,136
1,<environment.Job instance at 0x7fc46adad140>,61,15,[1 7],84,156,171,72,150
1,<environment.Job instance at 0x7fc42075a460>,3,16,[ 4 10],10,15,31,5,15
1,<environment.Job instance at 0x7fc4643a09b0>,19,16,[4 9],38,43,59,5,43
1,<environment.Job instance at 0x7fc46438e8c0>,25,13,[3 7],44,70,83,26,70
1,<environment.Job instance at 0x7fc46ab98500>,27,25,[3 7],47,83,108,36,80
1,<environment.Job instance at 0x7fc46ab672d0>,31,24,[ 1 10],52,108,132,56,103
1,<environment.Job instance at 0x7fc464246d20>,56,26,[2 9],91,151,177,60,151
1,<environment.Job instance at 0x7fc46aea5960>,0,1,[9 4],1,1,2,0,1
1,<environment.Job instance at 0x7fc4203038c0>,5,16,[8 5],9,10,26,1,10
1,<environment.Job instance at 0x7fc463d880a0>,6,18,[5 2],11,26,44,15,16
1,<environment.Job instance at 0x7fc46414f230>,14,14,[3 7],20,26,40,6,22
1,<environment.Job instance at 0x7fc46430f1e0>,17,17,[10  2],23,44,61,21,32
1,<environment.Job instance at 0x7fc464131780>,34,27,[2 8],49,65,92,16,65
1,<environment.Job instance at 0x7fc4641316e0>,36,3,[9 3],51,92,95,41,81
1,<environment.Job instance at 0x7fc464131410>,39,1,[7 4],55,95,96,40,82
1,<environment.Job instance at 0x7fc464131e60>,40,2,[8 5],56,96,98,40,82
1,<environment.Job instance at 0x7fc4641319b0>,41,3,[ 1 10],57,98,101,41,82
1,<environment.Job instance at 0x7fc46a8baf00>,43,2,[3 7],60,101,103,41,82
1,<environment.Job instance at 0x7fc46acc2af0>,48,15,[10  3],66,103,118,37,103
1,<environment.Job instance at 0x7fc4207fc7d0>,51,1,[8 1],70,118,119,48,110
1,<environment.Job instance at 0x7fc4207fcaa0>,57,17,[3 5],77,119,136,42,115
1,<environment.Job instance at 0x7fc463e57960>,59,2,[1 8],79,136,138,57,117
1,<environment.Job instance at 0x7fc4207fc190>,60,13,[ 4 10],80,138,151,58,125
1,<environment.Job instance at 0x7fc4641ee910>,64,13,[1 6],87,151,164,64,137
1,<environment.Job instance at 0x7fc4641eebe0>,63,18,[9 2],83,151,169,68,147
1,<environment.Job instance at 0x7fc420179190>,69,12,[4 8],98,169,181,71,152
1,<environment.Job instance at 0x7fc41fec2be0>,5,17,[4 5],9,9,26,0,9
1,<environment.Job instance at 0x7fc41ff1d2d0>,18,3,[4 9],30,32,35,2,32
1,<environment.Job instance at 0x7fc41ff1d3c0>,17,16,[ 3 10],28,35,51,7,33
1,<environment.Job instance at 0x7fc41ff1d140>,20,1,[4 7],32,51,52,19,36
1,<environment.Job instance at 0x7fc41fea2c30>,24,12,[5 5],39,52,64,13,42
1,<environment.Job instance at 0x7fc41fea2af0>,28,15,[4 5],43,54,69,11,54
1,<environment.Job instance at 0x7fc41fea29b0>,29,15,[8 1],48,69,84,21,55
1,<environment.Job instance at 0x7fc41fea25a0>,32,2,[2 7],51,69,71,18,66
1,<environment.Job instance at 0x7fc41fea2cd0>,33,3,[2 7],52,71,74,19,66
1,<environment.Job instance at 0x7fc41fea28c0>,34,17,[4 7],54,84,101,30,75
1,<environment.Job instance at 0x7fc41fe4e820>,41,16,[6 1],65,91,107,26,91
1,<environment.Job instance at 0x7fc41fe4ef50>,43,12,[8 1],68,107,119,39,95
1,<environment.Job instance at 0x7fc41fe4e500>,38,26,[2 7],60,103,129,43,103
1,<environment.Job instance at 0x7fc41fe4ceb0>,54,21,[5 9],85,129,150,44,127
1,<environment.Job instance at 0x7fc41fe4c3c0>,59,1,[1 9],91,150,151,59,143
1,<environment.Job instance at 0x7fc41fe4c370>,63,17,[5 6],95,151,168,56,143
1,<environment.Job instance at 0x7fc41fe4d0f0>,65,3,[8 1],97,168,171,71,143
1,<environment.Job instance at 0x7fc41fe4d4b0>,3,18,[6 3],6,6,24,0,6
1,<environment.Job instance at 0x7fc46abc0050>,7,18,[7 2],13,24,42,11,13
1,<environment.Job instance at 0x7fc420740c80>,16,13,[3 6],28,38,51,10,38
1,<environment.Job instance at 0x7fc46abbaeb0>,13,18,[4 7],22,51,69,29,45
1,<environment.Job instance at 0x7fc46abc1640>,20,18,[9 5],36,69,87,33,59
1,<environment.Job instance at 0x7fc46abc15a0>,22,13,[1 9],39,87,100,48,73
1,<environment.Job instance at 0x7fc463c36fa0>,39,26,[6 2],62,103,129,41,103
1,<environment.Job instance at 0x7fc46a8f4cd0>,43,16,[2 9],67,129,145,62,117
1,<environment.Job instance at 0x7fc46a8cfc30>,45,18,[7 1],70,129,147,59,118
1,<environment.Job instance at 0x7fc46a8c7190>,49,2,[3 5],76,145,147,69,128
1,<environment.Job instance at 0x7fc46a8c77d0>,47,15,[2 6],74,147,162,73,133
1,<environment.Job instance at 0x7fc463f42c80>,59,15,[2 7],93,162,177,69,153
1,<environment.Job instance at 0x7fc463f45eb0>,1,16,[4 8],3,3,19,0,3
1,<environment.Job instance at 0x7fc46ac17230>,3,15,[8 1],5,19,34,14,5
1,<environment.Job instance at 0x7fc4204c6d70>,19,16,[2 8],25,25,41,0,25
1,<environment.Job instance at 0x7fc4204c63c0>,22,12,[7 5],29,41,53,12,29
1,<environment.Job instance at 0x7fc46414fa00>,27,25,[5 9],35,53,78,18,49
1,<environment.Job instance at 0x7fc46abf9230>,37,21,[5 7],47,78,99,31,72
1,<environment.Job instance at 0x7fc46a7504b0>,46,16,[5 3],61,94,110,33,94
1,<environment.Job instance at 0x7fc420260410>,51,18,[8 5],67,110,128,43,104
1,<environment.Job instance at 0x7fc46ae9feb0>,55,12,[4 8],72,128,140,56,124
1,<environment.Job instance at 0x7fc46423ddc0>,58,17,[9 5],76,140,157,64,128
1,<environment.Job instance at 0x7fc463d54370>,73,16,[7 3],96,157,173,61,155
1,<environment.Job instance at 0x7fc46b2f59b0>,3,14,[4 9],6,6,20,0,6
1,<environment.Job instance at 0x7fc46b2f50a0>,5,12,[10  1],11,20,32,9,11
1,<environment.Job instance at 0x7fc46b2f58c0>,8,16,[5 8],14,32,48,18,21
1,<environment.Job instance at 0x7fc463d926e0>,26,17,[5 4],39,48,65,9,39
1,<environment.Job instance at 0x7fc46b2f5aa0>,12,16,[ 5 10],18,65,81,47,52
1,<environment.Job instance at 0x7fc463d92b40>,33,3,[ 5 10],49,81,84,32,55
1,<environment.Job instance at 0x7fc46a74be60>,36,2,[4 8],55,84,86,29,57
1,<environment.Job instance at 0x7fc46a74bb40>,41,3,[2 8],60,86,89,26,67
1,<environment.Job instance at 0x7fc46a74bd20>,43,15,[1 7],64,89,104,25,80
1,<environment.Job instance at 0x7fc46a74bb90>,44,17,[9 1],65,89,106,24,83
1,<environment.Job instance at 0x7fc46a74cfa0>,47,1,[5 5],68,106,107,38,86
1,<environment.Job instance at 0x7fc41ff3e320>,5,18,[5 2],10,10,28,0,10
1,<environment.Job instance at 0x7fc4643bb910>,9,21,[7 2],16,28,49,12,20
1,<environment.Job instance at 0x7fc46a8517d0>,16,13,[2 5],23,23,36,0,23
1,<environment.Job instance at 0x7fc46a778af0>,22,17,[6 2],31,49,66,18,40
1,<environment.Job instance at 0x7fc463fd6370>,29,17,[5 7],39,66,83,27,58
1,<environment.Job instance at 0x7fc46a836280>,40,13,[5 2],53,73,86,20,73
1,<environment.Job instance at 0x7fc46a836960>,41,12,[1 5],55,83,95,28,73
1,<environment.Job instance at 0x7fc46a836dc0>,42,12,[3 9],57,95,107,38,78
1,<environment.Job instance at 0x7fc41feeb960>,49,17,[3 7],65,107,124,42,101
1,<environment.Job instance at 0x7fc463c7afa0>,56,13,[3 5],76,124,137,48,108
1,<environment.Job instance at 0x7fc46b2f42d0>,61,17,[8 5],82,137,154,55,133
1,<environment.Job instance at 0x7fc41fe3fc80>,66,22,[1 8],87,154,176,67,147
1,<environment.Job instance at 0x7f00162ef1e0>,0,18,[9 3],1,3,21,2,3
1,<environment.Job instance at 0x7f0010edf6e0>,8,12,[3 9],12,21,33,9,12
1,<environment.Job instance at 0x7f0010edfe10>,15,16,[4 8],19,33,49,14,30
1,<environment.Job instance at 0x7f0010edfbe0>,13,2,[8 4],17,49,51,32,30
1,<environment.Job instance at 0x7f0010ee08c0>,25,12,[5 2],32,33,45,1,32
1,<environment.Job instance at 0x7f0010ee0e10>,28,13,[8 3],36,51,64,15,37
1,<environment.Job instance at 0x7f0010ee0eb0>,31,21,[8 4],39,64,85,25,56
1,<environment.Job instance at 0x7f0010ee35a0>,38,1,[2 7],48,56,57,8,56
1,<environment.Job instance at 0x7f0010ee3910>,41,3,[9 1],53,85,88,32,64
1,<environment.Job instance at 0x7f0010ee61e0>,48,1,[4 6],61,88,89,27,69
1,<environment.Job instance at 0x7f0010ee67d0>,53,2,[10  3],68,89,91,21,83
1,<environment.Job instance at 0x7f0010ee6280>,49,18,[10  2],62,91,109,29,83
1,<environment.Job instance at 0x7f0010ee69b0>,55,1,[ 4 10],70,109,110,39,83
1,<environment.Job instance at 0x7f0010ee6e10>,56,13,[6 4],71,110,123,39,101
1,<environment.Job instance at 0x7f0010ee6eb0>,62,1,[4 7],78,123,124,45,109
1,<environment.Job instance at 0x7f0010ee7280>,64,16,[5 5],80,124,140,44,121
1,<environment.Job instance at 0x7f0010ee77d0>,72,16,[9 5],91,140,156,49,137
1,<environment.Job instance at 0x7f0010eed550>,79,12,[6 1],103,156,168,53,151
1,<environment.Job instance at 0x7f0010eed5a0>,81,2,[10  2],107,168,170,61,152
1,<environment.Job instance at 0x7f0016458780>,4,13,[7 3],6,6,19,0,6
1,<environment.Job instance at 0x7f0016458640>,7,23,[1 5],10,10,33,0,10
1,<environment.Job instance at 0x7f001645e410>,15,3,[7 1],22,22,25,0,22
1,<environment.Job instance at 0x7f0016465d70>,20,3,[8 4],27,27,30,0,27
1,<environment.Job instance at 0x7f00164655f0>,23,15,[6 4],30,30,45,0,30
1,<environment.Job instance at 0x7f0016465410>,18,1,[4 9],25,45,46,20,30
1,<environment.Job instance at 0x7f001645b780>,9,18,[7 1],12,46,64,34,35
1,<environment.Job instance at 0x7f0016460370>,35,15,[5 9],46,64,79,18,61
1,<environment.Job instance at 0x7f001646a320>,46,14,[5 9],60,89,103,29,89
1,<environment.Job instance at 0x7f001646a1e0>,47,12,[8 5],61,103,115,42,90
1,<environment.Job instance at 0x7f00163763c0>,51,16,[4 5],68,115,131,47,103
1,<environment.Job instance at 0x7f0016469aa0>,59,13,[3 6],80,131,144,51,118
1,<environment.Job instance at 0x7f0016469050>,64,14,[9 1],89,144,158,55,140
1,<environment.Job instance at 0x7f0016463370>,32,17,[4 9],42,158,175,116,147
1,<environment.Job instance at 0x7effcb131e10>,8,18,[3 8],14,14,32,0,14
1,<environment.Job instance at 0x7effcb131730>,10,14,[1 9],17,32,46,15,17
1,<environment.Job instance at 0x7effcb12e7d0>,23,16,[1 9],35,46,62,11,35
1,<environment.Job instance at 0x7effcb1d1b40>,39,13,[2 8],61,96,109,35,96
1,<environment.Job instance at 0x7effcb1df0a0>,41,16,[5 5],63,109,125,46,98
1,<environment.Job instance at 0x7effcb1df550>,46,16,[5 9],69,125,141,56,113
1,<environment.Job instance at 0x7f0010ca69b0>,56,17,[5 5],87,141,158,54,136
1,<environment.Job instance at 0x7effcb2bbf00>,61,2,[10  5],94,158,160,64,152
1,<environment.Job instance at 0x7effcb1e4960>,63,3,[1 7],96,160,163,64,152
1,<environment.Job instance at 0x7effcb1e4a00>,64,3,[8 1],97,160,163,63,153
1,<environment.Job instance at 0x7f0011387230>,59,18,[3 8],91,163,181,72,162
1,<environment.Job instance at 0x7f00113565f0>,2,17,[ 1 10],3,3,20,0,3
1,<environment.Job instance at 0x7effcb54a460>,5,18,[3 6],8,20,38,12,9
1,<environment.Job instance at 0x7f0010f43500>,14,2,[9 2],25,38,40,13,26
1,<environment.Job instance at 0x7f00164b48c0>,23,15,[2 9],37,40,55,3,38
1,<environment.Job instance at 0x7f0010f195a0>,17,23,[ 4 10],31,55,78,24,49
1,<environment.Job instance at 0x7effcb1d9eb0>,32,2,[1 8],50,78,80,28,54
1,<environment.Job instance at 0x7effcb175140>,29,17,[8 3],44,80,97,36,77
1,<environment.Job instance at 0x7effcb182500>,45,1,[10  4],67,108,109,41,108
1,<environment.Job instance at 0x7f0011289140>,46,3,[7 5],68,109,112,41,108
1,<environment.Job instance at 0x7f0011289c30>,47,1,[1 5],69,109,110,40,108
1,<environment.Job instance at 0x7f0011289370>,48,1,[5 3],70,112,113,42,108
1,<environment.Job instance at 0x7f0016456f00>,49,18,[1 6],71,112,130,41,109
1,<environment.Job instance at 0x7f0010ed3aa0>,12,27,[1 9],19,130,157,111,129
1,<environment.Job instance at 0x7effcb638730>,64,15,[6 1],92,147,162,55,147
1,<environment.Job instance at 0x7effcb16a280>,65,2,[2 9],93,157,159,64,147
1,<environment.Job instance at 0x7effcb680140>,68,3,[10  1],96,162,165,66,148
1,<environment.Job instance at 0x7effcb18f050>,74,18,[7 4],104,165,183,61,155
1,<environment.Job instance at 0x7f0010f52e60>,76,1,[9 1],107,183,184,76,155
1,<environment.Job instance at 0x7f0011355730>,4,14,[ 5 10],8,8,22,0,8
1,<environment.Job instance at 0x7f00119a6640>,8,13,[9 5],13,22,35,9,13
1,<environment.Job instance at 0x7effcb7a6cd0>,14,3,[10  1],19,35,38,16,21
1,<environment.Job instance at 0x7effcb7a67d0>,15,15,[6 1],20,38,53,18,26
1,<environment.Job instance at 0x7f00119c2500>,16,14,[ 3 10],21,53,67,32,39
1,<environment.Job instance at 0x7f00119c2640>,26,13,[5 7],35,67,80,32,54
1,<environment.Job instance at 0x7f00119c9e10>,27,23,[ 3 10],36,80,103,44,79
1,<environment.Job instance at 0x7f00119d1550>,44,1,[5 9],59,103,104,44,102
1,<environment.Job instance at 0x7f00119d1d70>,43,1,[1 6],58,105,106,47,105
1,<environment.Job instance at 0x7f00119cbcd0>,47,16,[7 2],62,106,122,44,106
1,<environment.Job instance at 0x7f00119cb870>,49,15,[5 2],64,122,137,58,108
1,<environment.Job instance at 0x7f00119cba50>,54,2,[1 8],71,119,121,48,119
1,<environment.Job instance at 0x7f00119cb6e0>,55,22,[4 7],72,126,148,54,126
1,<environment.Job instance at 0x7f00119b66e0>,65,18,[8 3],83,155,173,72,155
1,<environment.Job instance at 0x7effcb5e2820>,1,15,[3 7],2,2,17,0,2
1,<environment.Job instance at 0x7f0011316b40>,2,17,[9 3],3,17,34,14,6
1,<environment.Job instance at 0x7f0011982690>,16,3,[9 3],17,34,37,17,18
1,<environment.Job instance at 0x7f00119823c0>,15,12,[9 5],16,37,49,21,20
1,<environment.Job instance at 0x7f00118a90f0>,26,18,[2 8],31,49,67,18,44
1,<environment.Job instance at 0x7f00118a9230>,29,19,[5 9],36,67,86,31,60
1,<environment.Job instance at 0x7f00119820a0>,17,18,[2 9],19,86,104,67,75
1,<environment.Job instance at 0x7f0010db8140>,40,1,[4 7],56,104,105,48,95
1,<environment.Job instance at 0x7f0010db8c80>,41,15,[5 4],57,105,120,48,95
1,<environment.Job instance at 0x7f0010db8370>,39,26,[2 5],52,105,131,53,104
1,<environment.Job instance at 0x7f0010db8640>,50,2,[1 5],73,126,128,53,126
1,<environment.Job instance at 0x7f0010db86e0>,51,1,[2 9],75,131,132,56,126
1,<environment.Job instance at 0x7f001198aa00>,53,20,[9 4],77,132,152,55,127
1,<environment.Job instance at 0x7f001198ac80>,56,15,[4 5],82,152,167,70,142
1,<environment.Job instance at 0x7f0011609fa0>,69,1,[1 9],104,167,168,63,157
1,<environment.Job instance at 0x7f0011609af0>,70,14,[3 7],105,168,182,63,158
1,<environment.Job instance at 0x7f0011996aa0>,71,12,[4 9],107,182,194,75,165
1,<environment.Job instance at 0x7effcb230190>,5,17,[7 5],8,9,26,1,9
1,<environment.Job instance at 0x7f00112774b0>,8,18,[2 5],13,13,31,0,13
1,<environment.Job instance at 0x7f001117dd70>,10,15,[6 1],16,26,41,10,18
1,<environment.Job instance at 0x7f001117d8c0>,15,2,[7 5],23,41,43,18,26
1,<environment.Job instance at 0x7f0011651d70>,22,18,[1 6],30,43,61,13,32
1,<environment.Job instance at 0x7f0010cab370>,28,15,[8 2],39,46,61,7,46
1,<environment.Job instance at 0x7f0010cab640>,33,17,[5 8],46,61,78,15,52
1,<environment.Job instance at 0x7effcb30da00>,52,16,[10  2],71,116,132,45,116
1,<environment.Job instance at 0x7effcb333a00>,57,18,[ 2 10],77,132,150,55,121
1,<environment.Job instance at 0x7f0010de3500>,69,26,[2 8],90,154,180,64,154
1,<environment.Job instance at 0x7f0011bb7b90>,0,13,[1 9],3,3,16,0,3
1,<environment.Job instance at 0x7effcb8355f0>,10,24,[10  4],18,21,45,3,21
1,<environment.Job instance at 0x7effcb830a00>,29,1,[5 5],45,51,52,6,51
1,<environment.Job instance at 0x7effcb830be0>,30,17,[1 5],46,53,70,7,53
1,<environment.Job instance at 0x7effcb8308c0>,27,18,[5 5],42,53,71,11,53
1,<environment.Job instance at 0x7effcb830e10>,32,1,[1 8],48,71,72,23,54
1,<environment.Job instance at 0x7effcb830f00>,35,12,[7 5],53,72,84,19,57
1,<environment.Job instance at 0x7effcb830690>,26,14,[5 6],41,84,98,43,70
1,<environment.Job instance at 0x7effcb831af0>,44,12,[5 5],63,98,110,35,83
1,<environment.Job instance at 0x7effcb831fa0>,51,19,[1 9],72,110,129,38,102
1,<environment.Job instance at 0x7f00115b8460>,56,14,[4 5],82,129,143,47,114
1,<environment.Job instance at 0x7f00115b8af0>,61,14,[7 3],89,143,157,54,129
1,<environment.Job instance at 0x7f00115b8e10>,66,14,[3 5],95,145,159,50,145
1,<environment.Job instance at 0x7f00115b8dc0>,67,2,[6 5],96,157,159,61,145
1,<environment.Job instance at 0x7f00115a04b0>,69,14,[10  3],98,159,173,61,149
1,<environment.Job instance at 0x7f00115a0be0>,78,14,[4 9],110,173,187,63,160
1,<environment.Job instance at 0x7f00115a0d20>,1,13,[2 7],2,2,15,0,2
1,<environment.Job instance at 0x7f00116f23c0>,2,14,[9 5],3,15,29,12,7
1,<environment.Job instance at 0x7f0011a111e0>,9,18,[6 3],11,29,47,18,19
1,<environment.Job instance at 0x7effcb778a00>,19,17,[1 7],28,36,53,8,36
1,<environment.Job instance at 0x7f00113f3320>,20,18,[5 1],29,47,65,18,36
1,<environment.Job instance at 0x7f0011647690>,22,2,[9 1],32,65,67,33,46
1,<environment.Job instance at 0x7f00116f3af0>,28,1,[2 7],40,53,54,13,47
1,<environment.Job instance at 0x7f0011761550>,41,26,[3 6],59,101,127,42,101
1,<environment.Job instance at 0x7f00117d20f0>,49,21,[5 4],70,123,144,53,123
1,<environment.Job instance at 0x7effcb6e50f0>,53,27,[6 4],74,147,174,73,147
1,<environment.Job instance at 0x7effcb4ed410>,2,16,[1 7],5,5,21,0,5
1,<environment.Job instance at 0x7effcb593960>,6,19,[ 1 10],9,21,40,12,11
1,<environment.Job instance at 0x7f0011393410>,20,17,[8 3],33,40,57,7,35
1,<environment.Job instance at 0x7effcb892410>,28,16,[ 2 10],45,60,76,15,60
1,<environment.Job instance at 0x7f0011565b90>,21,12,[7 4],34,76,88,42,68
1,<environment.Job instance at 0x7effcb5c41e0>,40,15,[ 4 10],63,88,103,25,76
1,<environment.Job instance at 0x7f0010db9410>,53,13,[6 4],85,104,117,19,104
1,<environment.Job instance at 0x7f00114e5dc0>,66,16,[5 8],102,130,146,28,130
1,<environment.Job instance at 0x7f00114e55a0>,67,25,[5 2],103,138,163,35,138
1,<environment.Job instance at 0x7f00114e5870>,71,13,[10  1],109,163,176,54,151
1,<environment.Job instance at 0x7effcb6b8f50>,75,14,[ 5 10],116,176,190,60,161
1,<environment.Job instance at 0x7effcb811be0>,0,18,[5 7],2,2,20,0,2
1,<environment.Job instance at 0x7effcb88c550>,8,23,[7 2],11,20,43,9,17
1,<environment.Job instance at 0x7effcb877460>,24,18,[9 5],35,46,64,11,46
1,<environment.Job instance at 0x7effcb877d20>,33,1,[5 2],45,64,65,19,64
1,<environment.Job instance at 0x7effcb877dc0>,34,16,[5 8],46,64,80,18,64
1,<environment.Job instance at 0x7effcb893960>,44,13,[2 7],58,89,102,31,89
1,<environment.Job instance at 0x7effcb893e10>,49,18,[ 3 10],69,107,125,38,107
1,<environment.Job instance at 0x7effcb871eb0>,66,12,[8 2],91,149,161,58,149
1,<environment.Job instance at 0x7f0011376140>,4,15,[7 1],6,6,21,0,6
1,<environment.Job instance at 0x7effcb58f460>,6,25,[1 7],8,9,34,1,9
1,<environment.Job instance at 0x7f00115acf00>,8,17,[9 4],11,34,51,23,24
1,<environment.Job instance at 0x7f0010e2b320>,22,3,[5 5],32,51,54,19,32
1,<environment.Job instance at 0x7f0011a050a0>,31,2,[5 2],43,51,53,8,43
1,<environment.Job instance at 0x7f0011a055f0>,33,15,[7 1],48,54,69,6,49
1,<environment.Job instance at 0x7f00112c59b0>,40,13,[7 4],57,69,82,12,69
1,<environment.Job instance at 0x7f00112c5c30>,42,3,[10  3],59,82,85,23,69
1,<environment.Job instance at 0x7f00112c5820>,44,14,[ 4 10],61,85,99,24,72
1,<environment.Job instance at 0x7f0016227eb0>,52,1,[1 5],70,99,100,29,92
1,<environment.Job instance at 0x7effcb52c410>,53,12,[5 8],71,100,112,29,97
1,<environment.Job instance at 0x7f0010da4050>,58,14,[8 5],78,112,126,34,100
1,<environment.Job instance at 0x7f00111053c0>,62,18,[9 3],84,126,144,42,126
1,<environment.Job instance at 0x7effcb33f870>,82,12,[2 6],112,162,174,50,162
1,<environment.Job instance at 0x7f00113e8eb0>,0,12,[1 6],1,1,13,0,1
1,<environment.Job instance at 0x7f001159b4b0>,7,14,[5 5],10,13,27,3,10
1,<environment.Job instance at 0x7f001159b5f0>,8,16,[6 5],12,27,43,15,17
1,<environment.Job instance at 0x7effcb3e4af0>,17,1,[5 4],28,43,44,15,30
1,<environment.Job instance at 0x7effcb0adb90>,23,3,[10  1],38,44,47,6,38
1,<environment.Job instance at 0x7effcb0ad7d0>,20,27,[ 2 10],35,47,74,12,45
1,<environment.Job instance at 0x7effcb33fdc0>,26,1,[5 2],41,74,75,33,54
1,<environment.Job instance at 0x7effcb33f140>,27,18,[7 5],47,75,93,28,65
1,<environment.Job instance at 0x7f001120ba50>,32,20,[8 5],55,93,113,38,91
1,<environment.Job instance at 0x7f0010d345a0>,52,13,[5 8],85,113,126,28,108
1,<environment.Job instance at 0x7f0010d34aa0>,45,16,[4 9],78,153,169,75,153
1,<environment.Job instance at 0x7f0011b3f190>,63,2,[7 3],100,169,171,69,153
1,<environment.Job instance at 0x7f0011b3fb40>,61,1,[2 8],97,171,172,74,154
1,<environment.Job instance at 0x7f001117d730>,70,13,[9 5],113,172,185,59,161
1,<environment.Job instance at 0x7f0010ecfe10>,0,16,[1 7],1,1,17,0,1
1,<environment.Job instance at 0x7effcb07b870>,6,12,[3 8],9,17,29,8,9
1,<environment.Job instance at 0x7effcb07a730>,10,16,[2 6],15,29,45,14,16
1,<environment.Job instance at 0x7effcb07abe0>,17,16,[4 8],27,45,61,18,34
1,<environment.Job instance at 0x7f0010f46c80>,25,18,[5 2],41,41,59,0,41
1,<environment.Job instance at 0x7f00113b39b0>,39,1,[9 3],57,63,64,6,63
1,<environment.Job instance at 0x7f0010cd9690>,37,1,[9 3],54,64,65,10,63
1,<environment.Job instance at 0x7f001100d190>,40,1,[1 5],59,63,64,4,63
1,<environment.Job instance at 0x7f0010fd32d0>,42,17,[7 3],63,65,82,2,64
1,<environment.Job instance at 0x7f0010fb51e0>,31,21,[5 7],48,82,103,34,81
1,<environment.Job instance at 0x7effcb254140>,51,17,[3 9],77,116,133,39,116
1,<environment.Job instance at 0x7f001190b3c0>,44,14,[8 2],67,133,147,66,124
1,<environment.Job instance at 0x7effcb24c8c0>,55,3,[9 3],81,147,150,66,127
1,<environment.Job instance at 0x7effcb24c190>,56,12,[2 6],82,133,145,51,130
1,<environment.Job instance at 0x7effcb24caf0>,60,3,[ 1 10],87,150,153,63,130
1,<environment.Job instance at 0x7effcb254960>,53,27,[2 8],79,153,180,74,151
1,<environment.Job instance at 0x7f00113a14b0>,76,17,[3 5],107,180,197,73,169
1,<environment.Job instance at 0x7f0011a4d6e0>,4,15,[8 4],7,11,26,4,11
1,<environment.Job instance at 0x7effcb58f690>,8,13,[8 5],11,26,39,15,17
1,<environment.Job instance at 0x7f00118a96e0>,20,12,[10  1],26,39,51,13,28
1,<environment.Job instance at 0x7f00111c9a50>,27,2,[3 9],35,51,53,16,41
1,<environment.Job instance at 0x7f0011517960>,30,17,[3 5],41,53,70,12,41
1,<environment.Job instance at 0x7effcb067140>,7,13,[ 3 10],10,70,83,60,58
1,<environment.Job instance at 0x7f0010c990a0>,42,12,[2 5],60,83,95,23,77
1,<environment.Job instance at 0x7f00113a6dc0>,47,16,[9 1],69,95,111,26,90
1,<environment.Job instance at 0x7effcb001500>,52,12,[ 5 10],76,111,123,35,97
1,<environment.Job instance at 0x7effcb152140>,55,26,[2 7],80,123,149,43,121
1,<environment.Job instance at 0x7effcb6c9aa0>,69,16,[4 7],103,149,165,46,145
1,<environment.Job instance at 0x7effcb6c9fa0>,72,18,[5 2],106,161,179,55,161
1,<environment.Job instance at 0x7f0010f55c30>,0,15,[1 7],2,2,17,0,2
1,<environment.Job instance at 0x7f0010f55870>,2,13,[1 8],4,17,30,13,4
1,<environment.Job instance at 0x7effcaf43b40>,17,26,[1 5],25,30,56,5,27
1,<environment.Job instance at 0x7effcaf310f0>,23,17,[8 2],33,43,60,10,43
1,<environment.Job instance at 0x7effcaf315a0>,20,17,[5 8],30,60,77,30,48
1,<environment.Job instance at 0x7effcaececd0>,31,13,[1 9],49,77,90,28,70
1,<environment.Job instance at 0x7effcaeceeb0>,32,17,[7 4],50,90,107,40,82
1,<environment.Job instance at 0x7effcaece690>,40,3,[ 5 10],62,107,110,45,95
1,<environment.Job instance at 0x7effcaecea50>,41,1,[10  5],63,110,111,47,95
1,<environment.Job instance at 0x7effcaece370>,34,13,[7 4],56,111,124,55,95
1,<environment.Job instance at 0x7effcaece6e0>,38,15,[3 8],60,124,139,64,112
1,<environment.Job instance at 0x7effcae77a50>,48,26,[6 2],72,128,154,56,128
1,<environment.Job instance at 0x7effcafc1cd0>,56,15,[2 6],84,139,154,55,134
1,<environment.Job instance at 0x7effcafc12d0>,60,12,[5 6],89,154,166,65,137
1,<environment.Job instance at 0x7effcb6dd690>,1,16,[4 8],3,3,19,0,3
1,<environment.Job instance at 0x7effcafa7cd0>,3,15,[8 1],5,19,34,14,10
1,<environment.Job instance at 0x7f0011367eb0>,9,12,[7 5],14,34,46,20,18
1,<environment.Job instance at 0x7f0011365820>,20,3,[5 5],26,46,49,20,31
1,<environment.Job instance at 0x7f00113653c0>,21,2,[5 7],27,49,51,22,31
1,<environment.Job instance at 0x7f00113658c0>,22,12,[7 5],29,51,63,22,36
1,<environment.Job instance at 0x7effcb52cb90>,26,12,[4 9],34,63,75,29,46
1,<environment.Job instance at 0x7effcb564eb0>,34,13,[3 6],44,75,88,31,62
1,<environment.Job instance at 0x7effcb759690>,33,13,[2 7],43,88,101,45,72
1,<environment.Job instance at 0x7effcb75b2d0>,38,2,[10  4],48,101,103,53,76
1,<environment.Job instance at 0x7effcb75b0a0>,40,18,[5 9],52,103,121,51,92
1,<environment.Job instance at 0x7f001101f910>,46,16,[5 3],61,121,137,60,108
1,<environment.Job instance at 0x7f001101f320>,45,17,[7 1],60,137,154,77,126
1,<environment.Job instance at 0x7f00114332d0>,65,13,[1 7],83,133,146,50,133
1,<environment.Job instance at 0x7effcb666d70>,67,27,[6 5],87,154,181,67,152
1,<environment.Job instance at 0x7f0010e66f00>,7,16,[ 5 10],8,8,24,0,8
1,<environment.Job instance at 0x7effcb445e10>,9,16,[5 6],11,24,40,13,22
1,<environment.Job instance at 0x7f00113bc7d0>,19,18,[6 2],27,40,58,13,29
1,<environment.Job instance at 0x7f00119a82d0>,28,3,[ 5 10],39,58,61,19,42
1,<environment.Job instance at 0x7f00119a8460>,29,1,[10  1],41,61,62,20,42
1,<environment.Job instance at 0x7f001161bb90>,34,3,[2 8],48,48,51,0,48
1,<environment.Job instance at 0x7f0011a68be0>,35,16,[1 5],49,62,78,13,49
1,<environment.Job instance at 0x7f0011a68a50>,36,3,[2 8],50,51,54,1,50
1,<environment.Job instance at 0x7f00112335a0>,31,2,[4 8],45,54,56,9,51
1,<environment.Job instance at 0x7f00119a8910>,26,12,[8 1],34,62,74,28,59
1,<environment.Job instance at 0x7f00119a8640>,21,17,[5 4],29,74,91,45,62
1,<environment.Job instance at 0x7effcae6d5a0>,52,28,[7 5],70,126,154,56,126
1,<environment.Job instance at 0x7f0011bac780>,59,28,[9 4],78,161,189,83,161
1,<environment.Job instance at 0x7effcaf37f50>,3,13,[7 3],4,4,17,0,4
1,<environment.Job instance at 0x7effcaf37dc0>,8,17,[6 2],11,17,34,6,12
1,<environment.Job instance at 0x7effcaf374b0>,12,3,[8 2],15,34,37,19,15
1,<environment.Job instance at 0x7effcaf37820>,16,18,[3 9],20,37,55,17,35
1,<environment.Job instance at 0x7f0011541820>,21,15,[5 2],27,55,70,28,41
1,<environment.Job instance at 0x7effcb4b74b0>,34,14,[3 7],43,55,69,12,52
1,<environment.Job instance at 0x7effcb4b7c30>,37,15,[5 5],49,69,84,20,55
1,<environment.Job instance at 0x7f0010edf050>,40,14,[8 1],54,84,98,30,70
1,<environment.Job instance at 0x7effcb6685f0>,45,22,[9 1],59,98,120,39,91
1,<environment.Job instance at 0x7effcb6680a0>,52,22,[1 8],67,107,129,40,107
1,<environment.Job instance at 0x7effcb668820>,54,23,[2 9],69,129,152,60,124
1,<environment.Job instance at 0x7f0011bca640>,75,15,[10  3],97,166,181,69,166
1,<environment.Job instance at 0x7f0011871230>,83,3,[ 5 10],108,181,184,73,169
1,<environment.Job instance at 0x7f001151e640>,0,20,[ 4 10],1,1,21,0,1
1,<environment.Job instance at 0x7effcb4c7140>,7,14,[5 3],11,21,35,10,11
1,<environment.Job instance at 0x7effcb4c73c0>,11,16,[5 2],15,21,37,6,19
1,<environment.Job instance at 0x7effcb4c42d0>,23,14,[3 9],30,42,56,12,42
1,<environment.Job instance at 0x7effcb4cc2d0>,28,18,[4 9],35,56,74,21,49
1,<environment.Job instance at 0x7effcb4ccd20>,32,16,[4 8],40,74,90,34,67
1,<environment.Job instance at 0x7effcb4ccaf0>,33,14,[5 2],41,74,88,33,67
1,<environment.Job instance at 0x7f0011243c80>,38,13,[8 2],47,90,103,43,78
1,<environment.Job instance at 0x7effcb4c4b90>,21,13,[ 4 10],27,141,154,114,141
1,<environment.Job instance at 0x7f00112439b0>,45,18,[5 5],57,154,172,97,144
1,<environment.Job instance at 0x7f7acff171e0>,3,16,[1 8],5,5,21,0,5
1,<environment.Job instance at 0x7f7acff17550>,7,15,[4 9],11,21,36,10,11
1,<environment.Job instance at 0x7f7acff177d0>,9,1,[6 1],13,15,16,2,15
1,<environment.Job instance at 0x7f7acff17c80>,14,16,[5 9],18,36,52,18,25
1,<environment.Job instance at 0x7f7acff18f00>,29,13,[8 1],37,52,65,15,38
1,<environment.Job instance at 0x7f7acff18d20>,30,1,[8 1],38,65,66,27,38
1,<environment.Job instance at 0x7f7acff1c1e0>,31,21,[8 4],39,68,89,29,68
1,<environment.Job instance at 0x7f7acff20410>,52,12,[1 9],67,89,101,22,81
1,<environment.Job instance at 0x7f7acff20b40>,59,16,[3 7],74,101,117,27,101
1,<environment.Job instance at 0x7f7acff20f50>,61,12,[1 9],77,117,129,40,114
1,<environment.Job instance at 0x7f7acff1f640>,66,2,[5 5],83,129,131,46,115
1,<environment.Job instance at 0x7f7acff1f6e0>,67,1,[5 3],85,115,116,30,115
1,<environment.Job instance at 0x7f7acff1fb90>,72,16,[9 5],91,131,147,40,126
1,<environment.Job instance at 0x7f7acff1fe10>,74,18,[3 8],93,147,165,54,138
1,<environment.Job instance at 0x7f7acff240a0>,78,18,[6 5],100,165,183,65,162
1,<environment.Job instance at 0x7f7acff243c0>,84,13,[5 3],112,183,196,71,177
1,<environment.Job instance at 0x7f7acff2ee10>,1,18,[7 1],2,8,26,6,8
1,<environment.Job instance at 0x7f7ad749d190>,20,14,[8 4],26,26,40,0,26
1,<environment.Job instance at 0x7f7ad7351370>,27,15,[5 9],36,50,65,14,50
1,<environment.Job instance at 0x7f7ad7351550>,32,26,[7 4],42,65,91,23,63
1,<environment.Job instance at 0x7f7ad749beb0>,40,15,[5 5],53,91,106,38,81
1,<environment.Job instance at 0x7f7ad749bbe0>,47,13,[2 8],62,106,119,44,96
1,<environment.Job instance at 0x7f7ad74a25a0>,53,12,[7 3],73,120,132,47,120
1,<environment.Job instance at 0x7f7ad74a2550>,58,13,[5 9],82,132,145,50,120
1,<environment.Job instance at 0x7f7ad74a2280>,59,16,[5 8],83,145,161,62,134
1,<environment.Job instance at 0x7f7ad74a11e0>,69,27,[5 4],95,161,188,66,159
1,<environment.Job instance at 0x7f7a8c5ffaf0>,0,12,[8 4],1,1,13,0,1
1,<environment.Job instance at 0x7f7a8c5ffe60>,2,12,[1 5],3,3,15,0,3
1,<environment.Job instance at 0x7f7acfd2b460>,3,24,[3 6],6,15,39,9,10
1,<environment.Job instance at 0x7f7acfcdcf50>,12,21,[6 3],23,37,58,14,37
1,<environment.Job instance at 0x7f7a8c3501e0>,20,13,[1 6],35,39,52,4,38
1,<environment.Job instance at 0x7f7acfd77410>,26,13,[5 6],42,58,71,16,51
1,<environment.Job instance at 0x7f7ad0121f50>,31,18,[3 9],47,71,89,24,62
1,<environment.Job instance at 0x7f7a8c177eb0>,53,14,[5 5],83,134,148,51,134
1,<environment.Job instance at 0x7f7a8c177fa0>,54,27,[5 4],84,141,168,57,141
1,<environment.Job instance at 0x7f7acfd73af0>,61,17,[1 6],95,158,175,63,158
1,<environment.Job instance at 0x7f7ad0107a50>,69,1,[8 3],106,168,169,62,165
1,<environment.Job instance at 0x7f7a8c1cffa0>,42,17,[5 5],67,175,192,108,165
1,<environment.Job instance at 0x7f7a8c5295a0>,0,23,[ 4 10],1,4,27,3,4
1,<environment.Job instance at 0x7f7ad03eec30>,8,1,[6 3],9,27,28,18,9
1,<environment.Job instance at 0x7f7ad7350c80>,14,3,[4 8],19,28,31,9,19
1,<environment.Job instance at 0x7f7acff766e0>,21,25,[2 8],28,42,67,14,42
1,<environment.Job instance at 0x7f7acff6f730>,27,14,[4 9],36,71,85,35,71
1,<environment.Job instance at 0x7f7a8c1b6a00>,29,3,[7 5],38,85,88,47,75
1,<environment.Job instance at 0x7f7a8c1b6780>,30,1,[1 5],39,85,86,46,76
1,<environment.Job instance at 0x7f7a8c24ceb0>,32,18,[1 6],41,88,106,47,80
1,<environment.Job instance at 0x7f7acff99dc0>,13,13,[7 2],15,88,101,73,80
1,<environment.Job instance at 0x7f7acff249b0>,41,17,[5 8],54,106,123,52,96
1,<environment.Job instance at 0x7f7ad060dc80>,58,13,[9 1],76,123,136,47,107
1,<environment.Job instance at 0x7f7a8c89c230>,62,2,[1 9],81,123,125,42,111
1,<environment.Job instance at 0x7f7a8c6f8190>,65,17,[8 4],84,136,153,52,125
1,<environment.Job instance at 0x7f7a8c21c0f0>,72,15,[ 5 10],95,153,168,58,142
1,<environment.Job instance at 0x7f7a8c173a00>,80,25,[ 3 10],109,172,197,63,172
1,<environment.Job instance at 0x7f7ad749d050>,2,27,[1 8],3,8,35,5,8
1,<environment.Job instance at 0x7f7a8c5744b0>,8,27,[8 2],11,16,43,5,16
1,<environment.Job instance at 0x7f7a8c58c280>,9,1,[9 1],13,43,44,30,19
1,<environment.Job instance at 0x7f7ad7351c30>,5,15,[1 8],6,35,50,29,24
1,<environment.Job instance at 0x7f7a8c577820>,21,1,[5 7],28,50,51,22,30
1,<environment.Job instance at 0x7f7ad09eee60>,25,13,[5 7],33,51,64,18,40
1,<environment.Job instance at 0x7f7ad09eef00>,26,2,[5 1],34,46,48,12,46
1,<environment.Job instance at 0x7f7ad0a0e0a0>,18,15,[5 2],24,48,63,24,46
1,<environment.Job instance at 0x7f7ad0a19410>,19,28,[ 4 10],25,64,92,39,63
1,<environment.Job instance at 0x7f7ad09f5050>,38,12,[6 2],47,92,104,45,81
1,<environment.Job instance at 0x7f7ad09f5690>,41,15,[4 7],53,92,107,39,88
1,<environment.Job instance at 0x7f7ad09f5cd0>,47,14,[9 4],61,107,121,46,103
1,<environment.Job instance at 0x7f7ad0a124b0>,49,3,[8 3],63,121,124,58,107
1,<environment.Job instance at 0x7f7ad0a12e60>,53,14,[8 1],68,124,138,56,113
1,<environment.Job instance at 0x7f7a8c53b4b0>,57,13,[6 1],74,138,151,64,122
1,<environment.Job instance at 0x7f7a8c54f960>,65,21,[2 8],86,134,155,48,134
1,<environment.Job instance at 0x7f7ad0a01460>,64,12,[8 4],84,155,167,71,138
1,<environment.Job instance at 0x7f7a8c548370>,63,18,[9 4],83,167,185,84,163
1,<environment.Job instance at 0x7f7ad0a14050>,78,16,[5 4],109,185,201,76,172
1,<environment.Job instance at 0x7f7ad05eb140>,0,26,[10  2],1,2,28,1,2
1,<environment.Job instance at 0x7f7ad05ebaa0>,8,16,[6 1],17,28,44,11,17
1,<environment.Job instance at 0x7f7ad05ebd70>,10,17,[1 8],20,28,45,8,20
1,<environment.Job instance at 0x7f7ad05e37d0>,15,20,[9 4],27,45,65,18,37
1,<environment.Job instance at 0x7f7ad08c44b0>,28,12,[6 2],49,65,77,16,51
1,<environment.Job instance at 0x7f7a8c650f00>,32,14,[3 7],55,65,79,10,55
1,<environment.Job instance at 0x7f7a8c650fa0>,39,2,[8 1],65,79,81,14,70
1,<environment.Job instance at 0x7f7ad05e3dc0>,17,28,[5 9],31,81,109,50,80
1,<environment.Job instance at 0x7f7a8c650af0>,37,23,[1 6],62,109,132,47,103
1,<environment.Job instance at 0x7f7ad0a3a820>,57,15,[5 2],89,109,124,20,104
1,<environment.Job instance at 0x7f7ad095eb90>,61,3,[9 1],94,124,127,30,110
1,<environment.Job instance at 0x7f7ad095e280>,62,21,[9 4],95,127,148,32,120
1,<environment.Job instance at 0x7f7ad000c780>,68,13,[ 3 10],104,148,161,44,135
1,<environment.Job instance at 0x7f7ad0840370>,73,16,[3 8],111,161,177,50,148
1,<environment.Job instance at 0x7f7ad08cf820>,84,12,[9 3],127,177,189,50,164
1,<environment.Job instance at 0x7f7ad053a280>,89,15,[1 8],134,189,204,55,179
1,<environment.Job instance at 0x7f7a8c1a1f50>,5,17,[7 5],6,11,28,5,11
1,<environment.Job instance at 0x7f7a8c731e60>,13,2,[5 7],16,28,30,12,21
1,<environment.Job instance at 0x7f7acffb3640>,15,15,[4 7],18,30,45,12,26
1,<environment.Job instance at 0x7f7ad0acb1e0>,20,17,[3 8],23,45,62,22,36
1,<environment.Job instance at 0x7f7acff949b0>,28,28,[7 2],32,50,78,18,50
1,<environment.Job instance at 0x7f7a8c215780>,33,16,[9 4],39,78,94,39,70
1,<environment.Job instance at 0x7f7acff075f0>,43,15,[3 9],51,106,121,55,106
1,<environment.Job instance at 0x7f7acff07050>,47,15,[7 4],55,121,136,66,115
1,<environment.Job instance at 0x7f7acff07f00>,54,17,[10  2],64,152,169,88,152
1,<environment.Job instance at 0x7f7acfccd870>,58,13,[4 8],68,169,182,101,158
1,<environment.Job instance at 0x7f7ad0159910>,0,22,[10  5],1,1,23,0,1
1,<environment.Job instance at 0x7f7ad061d7d0>,8,1,[3 9],15,23,24,8,19
1,<environment.Job instance at 0x7f7ad061dc30>,12,14,[9 3],20,24,38,4,21
1,<environment.Job instance at 0x7f7ad061d910>,11,14,[7 3],19,38,52,19,28
1,<environment.Job instance at 0x7f7ad06390a0>,31,17,[8 1],45,52,69,7,49
1,<environment.Job instance at 0x7f7ad06397d0>,35,15,[5 5],58,69,84,11,58
1,<environment.Job instance at 0x7f7ad0639870>,37,24,[3 8],61,84,108,23,80
1,<environment.Job instance at 0x7f7ad0643690>,50,12,[ 5 10],82,108,120,26,105
1,<environment.Job instance at 0x7f7ad0643960>,52,14,[8 5],87,120,134,33,112
1,<environment.Job instance at 0x7f7ad0643f00>,59,18,[5 5],97,134,152,37,129
1,<environment.Job instance at 0x7f7ad063c410>,64,14,[9 5],103,152,166,49,145
1,<environment.Job instance at 0x7f7ad063c870>,68,24,[1 9],108,166,190,58,161
1,<environment.Job instance at 0x7f7ad063caa0>,72,2,[8 4],112,190,192,78,170
1,<environment.Job instance at 0x7f7ad002a370>,4,13,[2 8],6,7,20,1,7
1,<environment.Job instance at 0x7f7acfddd0f0>,8,16,[1 6],10,20,36,10,10
1,<environment.Job instance at 0x7f7ad00a1320>,11,18,[9 3],14,20,38,6,14
1,<environment.Job instance at 0x7f7acfe3f550>,19,19,[3 7],25,38,57,13,29
1,<environment.Job instance at 0x7f7a8c6a8af0>,32,13,[5 7],41,57,70,16,47
1,<environment.Job instance at 0x7f7acfe835f0>,44,16,[10  2],54,76,92,22,76
1,<environment.Job instance at 0x7f7acfe83730>,52,26,[1 9],64,145,171,81,145
1,<environment.Job instance at 0x7f7ad06ee190>,59,28,[8 2],77,171,199,94,170
1,<environment.Job instance at 0x7f7ad03c8910>,1,24,[10  2],3,3,27,0,3
1,<environment.Job instance at 0x7f7ad08929b0>,10,15,[3 8],14,27,42,13,15
1,<environment.Job instance at 0x7f7a8c31c140>,18,14,[8 1],27,42,56,15,33
1,<environment.Job instance at 0x7f7acfec2f00>,31,12,[4 8],41,62,74,21,62
1,<environment.Job instance at 0x7f7acfec2aa0>,29,15,[2 9],39,74,89,35,67
1,<environment.Job instance at 0x7f7a8c459b40>,40,15,[3 6],53,90,105,37,90
1,<environment.Job instance at 0x7f7a8c459730>,43,14,[9 5],56,105,119,49,90
1,<environment.Job instance at 0x7f7ad0bf7460>,58,15,[10  3],74,140,155,66,140
1,<environment.Job instance at 0x7f7ad0417b40>,61,24,[5 8],77,155,179,78,151
1,<environment.Job instance at 0x7f7a8c529b40>,4,14,[2 7],7,8,22,1,8
1,<environment.Job instance at 0x7f7ad02be0a0>,11,2,[2 9],14,22,24,8,14
1,<environment.Job instance at 0x7f7ad02be1e0>,12,15,[2 9],15,24,39,9,15
1,<environment.Job instance at 0x7f7ad02be5a0>,15,3,[4 7],22,39,42,17,23
1,<environment.Job instance at 0x7f7ad02be8c0>,17,3,[ 5 10],26,42,45,16,26
1,<environment.Job instance at 0x7f7ad02a2c80>,10,16,[8 5],13,45,61,32,36
1,<environment.Job instance at 0x7f7ad02a36e0>,30,16,[3 8],46,81,97,35,81
1,<environment.Job instance at 0x7f7ad02a37d0>,32,12,[6 2],49,81,93,32,81
1,<environment.Job instance at 0x7f7ad02a3a50>,34,16,[9 1],51,97,113,46,84
1,<environment.Job instance at 0x7f7ad02a35a0>,29,20,[10  5],45,115,135,70,115
1,<environment.Job instance at 0x7f7ad02a3fa0>,42,2,[4 9],63,135,137,72,115
1,<environment.Job instance at 0x7f7ad02a63c0>,46,16,[7 3],70,137,153,67,125
1,<environment.Job instance at 0x7f7ad029a370>,63,16,[4 6],93,165,181,72,165
1,<environment.Job instance at 0x7f7a8c5d35f0>,2,27,[5 5],3,6,33,3,6
1,<environment.Job instance at 0x7f7a8c5d3b90>,10,17,[4 5],17,18,35,1,18
1,<environment.Job instance at 0x7f7a98d6d3c0>,14,13,[2 9],21,35,48,14,26
1,<environment.Job instance at 0x7f7a8c471960>,20,28,[7 1],28,36,64,8,36
1,<environment.Job instance at 0x7f7acfe65cd0>,33,14,[5 9],42,64,78,22,57
1,<environment.Job instance at 0x7f7acfe65050>,34,28,[ 4 10],44,81,109,37,81
1,<environment.Job instance at 0x7f7acfe65140>,40,23,[8 5],51,109,132,58,104
1,<environment.Job instance at 0x7f7ad05faf50>,52,16,[4 7],64,132,148,68,123
1,<environment.Job instance at 0x7f7ad05fa780>,56,14,[5 5],70,148,162,78,137
1,<environment.Job instance at 0x7f7acfec2640>,64,24,[4 8],86,162,186,76,157
1,<environment.Job instance at 0x7f7a8c6d1af0>,72,3,[10  1],98,186,189,88,162
1,<environment.Job instance at 0x7f7a8c3975a0>,6,26,[2 9],11,15,41,4,15
1,<environment.Job instance at 0x7f7a8c6f1690>,14,2,[7 4],21,41,43,20,22
1,<environment.Job instance at 0x7f7a8c6f11e0>,13,18,[6 2],19,43,61,24,32
1,<environment.Job instance at 0x7f7acfd777d0>,27,1,[5 2],42,61,62,19,43
1,<environment.Job instance at 0x7f7acfc933c0>,32,16,[1 7],51,52,68,1,52
1,<environment.Job instance at 0x7f7a8c377550>,42,16,[2 6],65,68,84,3,65
1,<environment.Job instance at 0x7f7acfdf8be0>,48,17,[2 9],74,84,101,10,74
1,<environment.Job instance at 0x7f7acfdf8e60>,54,12,[3 7],86,101,113,15,89
1,<environment.Job instance at 0x7f7ad099e730>,62,14,[7 1],96,99,113,3,99
1,<environment.Job instance at 0x7f7ad00664b0>,65,14,[3 7],100,113,127,13,101
1,<environment.Job instance at 0x7f7acfec3730>,56,16,[8 5],89,127,143,38,121
1,<environment.Job instance at 0x7f7ad01c4e60>,71,1,[9 3],107,143,144,36,127
1,<environment.Job instance at 0x7f7ad01c4fa0>,73,15,[4 8],111,144,159,33,130
1,<environment.Job instance at 0x7f7a8c177910>,83,17,[3 9],127,162,179,35,162
1,<environment.Job instance at 0x7f7a8c1774b0>,84,12,[ 4 10],128,179,191,51,163
1,<environment.Job instance at 0x7f7a8c177f00>,91,2,[8 5],136,191,193,55,179
1,<environment.Job instance at 0x7f7a8c177cd0>,92,3,[ 1 10],137,193,196,56,179
1,<environment.Job instance at 0x7f7ad02ed910>,94,2,[3 7],140,196,198,56,179
1,<environment.Job instance at 0x7f7acfe23140>,1,18,[4 9],2,2,20,0,2
1,<environment.Job instance at 0x7f7ad02ed910>,3,12,[2 8],6,20,32,14,6
1,<environment.Job instance at 0x7f7a8c482cd0>,16,25,[10  3],24,32,57,8,28
1,<environment.Job instance at 0x7f7acfd9e550>,28,14,[5 5],43,57,71,14,44
1,<environment.Job instance at 0x7f7a8c656500>,32,15,[8 4],47,71,86,24,57
1,<environment.Job instance at 0x7f7ad0440eb0>,58,17,[3 5],81,119,136,38,119
1,<environment.Job instance at 0x7f7ad04402d0>,62,16,[ 3 10],88,136,152,48,123
1,<environment.Job instance at 0x7f7ad0440d70>,68,12,[6 4],98,152,164,54,140
1,<environment.Job instance at 0x7f7a8c3f65a0>,3,12,[9 1],5,7,19,2,7
1,<environment.Job instance at 0x7f7a8c7cf960>,6,17,[6 2],8,19,36,11,8
1,<environment.Job instance at 0x7f7a8c0090f0>,8,15,[10  5],14,36,51,22,22
1,<environment.Job instance at 0x7f7ad0326c30>,17,1,[2 5],25,31,32,6,31
1,<environment.Job instance at 0x7f7a8c79a730>,22,15,[1 7],32,51,66,19,39
1,<environment.Job instance at 0x7f7ad0bd0fa0>,28,3,[10  3],38,66,69,28,48
1,<environment.Job instance at 0x7f7ad0bd0280>,27,15,[3 6],37,69,84,32,57
1,<environment.Job instance at 0x7f7a8c675280>,34,18,[6 3],46,69,87,23,65
1,<environment.Job instance at 0x7f7a8c7d3f50>,41,17,[10  3],59,87,104,28,75
1,<environment.Job instance at 0x7f7ad0603820>,48,25,[5 6],71,104,129,33,103
1,<environment.Job instance at 0x7f7a8c588fa0>,58,13,[ 5 10],88,146,159,58,146
1,<environment.Job instance at 0x7f7a8c5a0230>,44,18,[4 7],62,159,177,97,149
1,<environment.Job instance at 0x7f7ad0840a50>,63,1,[10  5],93,177,178,84,151
1,<environment.Job instance at 0x7f7ad0aa0fa0>,62,3,[ 5 10],92,178,181,86,152
1,<environment.Job instance at 0x7f7ad0840cd0>,67,2,[8 3],99,181,183,82,169
1,<environment.Job instance at 0x7f7ad0aa0a00>,60,15,[3 8],90,183,198,93,171
1,<environment.Job instance at 0x7f7ad0495c30>,2,22,[5 7],5,5,27,0,5
1,<environment.Job instance at 0x7f7a8bfccbe0>,11,2,[4 9],14,27,29,13,14
1,<environment.Job instance at 0x7f7a8bfcc6e0>,17,1,[5 4],20,29,30,9,20
1,<environment.Job instance at 0x7f7a8bfccdc0>,13,16,[ 3 10],16,30,46,14,24
1,<environment.Job instance at 0x7f7a8bf61fa0>,26,2,[10  4],31,46,48,15,33
1,<environment.Job instance at 0x7f7ad036cf00>,27,12,[7 5],34,48,60,14,36
1,<environment.Job instance at 0x7f7ad036c5a0>,31,1,[1 9],38,60,61,22,40
1,<environment.Job instance at 0x7f7ad036ce60>,37,16,[2 8],45,73,89,28,73
1,<environment.Job instance at 0x7f7ad036cdc0>,40,12,[7 5],49,89,101,40,74
1,<environment.Job instance at 0x7f7a8c09c4b0>,45,25,[5 9],55,101,126,46,97
1,<environment.Job instance at 0x7f7a8c03e1e0>,59,17,[1 5],73,126,143,53,121
1,<environment.Job instance at 0x7f7a8c03e410>,60,1,[5 2],74,126,127,52,125
1,<environment.Job instance at 0x7f7acfdad550>,62,1,[ 1 10],78,143,144,65,131
1,<environment.Job instance at 0x7f7a8c0285f0>,48,17,[ 1 10],59,144,161,85,132
1,<environment.Job instance at 0x7f7acfdadaf0>,67,1,[5 7],85,161,162,76,133
1,<environment.Job instance at 0x7f7acfddeb90>,74,1,[5 1],93,161,162,68,160
1,<environment.Job instance at 0x7f7acfdde7d0>,75,3,[2 6],94,162,165,68,160
1,<environment.Job instance at 0x7f7acfdde460>,76,17,[9 5],96,165,182,69,160
1,<environment.Job instance at 0x7f7acfddea00>,77,1,[6 3],97,162,163,65,161
1,<environment.Job instance at 0x7f7ad0826730>,79,3,[7 1],99,182,185,83,161
1,<environment.Job instance at 0x7f7ad08265f0>,78,3,[5 5],98,185,188,87,161
1,<environment.Job instance at 0x7f7ad0826780>,80,3,[2 5],100,182,185,82,162
1,<environment.Job instance at 0x7f7ad08260f0>,82,3,[5 3],102,185,188,83,163
1,<environment.Job instance at 0x7f7ad0826320>,84,2,[5 5],104,188,190,84,163
1,<environment.Job instance at 0x7f7a8bf025a0>,3,14,[4 9],6,6,20,0,6
1,<environment.Job instance at 0x7f7ad01e6730>,5,12,[10  1],11,20,32,9,11
1,<environment.Job instance at 0x7f7ad0200190>,8,16,[5 8],14,32,48,18,19
1,<environment.Job instance at 0x7f7a8c184190>,21,15,[3 6],32,48,63,16,39
1,<environment.Job instance at 0x7f7ad01d4cd0>,27,12,[5 4],40,48,60,8,41
1,<environment.Job instance at 0x7f7ad01d45f0>,30,13,[6 5],43,63,76,20,47
1,<environment.Job instance at 0x7f7a8bee9e10>,35,1,[3 8],54,76,77,22,57
1,<environment.Job instance at 0x7f7a8c771730>,41,3,[2 8],60,77,80,17,63
1,<environment.Job instance at 0x7f7a8c771870>,44,17,[9 1],65,80,97,15,78
1,<environment.Job instance at 0x7f7ad053bdc0>,47,1,[5 5],68,97,98,29,79
1,<environment.Job instance at 0x7f7ad053be10>,46,12,[5 5],67,97,109,30,83
1,<environment.Job instance at 0x7f7a8c785e60>,54,1,[10  2],77,109,110,32,109
1,<environment.Job instance at 0x7f7ad03d0a50>,50,18,[10  4],71,110,128,39,109
1,<environment.Job instance at 0x7f7a8c785500>,60,13,[7 1],83,128,141,45,127
1,<environment.Job instance at 0x7f7ad051a410>,64,28,[9 4],88,143,171,55,143
1,<environment.Job instance at 0x7f7ad051a690>,67,3,[3 9],91,171,174,80,149
1,<environment.Job instance at 0x7f7a8c768500>,70,12,[5 2],94,174,186,80,157
1,<environment.Job instance at 0x7f7a8c768fa0>,77,3,[5 1],103,171,174,68,166
1,<environment.Job instance at 0x7f7ad02c09b0>,3,13,[7 3],4,4,17,0,4
1,<environment.Job instance at 0x7f7acfd59320>,8,17,[6 2],11,22,39,11,22
1,<environment.Job instance at 0x7f7a8c3dd0f0>,21,15,[5 2],27,40,55,13,40
1,<environment.Job instance at 0x7f7ad75250f0>,22,12,[8 3],28,55,67,27,40
1,<environment.Job instance at 0x7f7a8c3be780>,29,2,[4 8],38,50,52,12,50
1,<environment.Job instance at 0x7f7ad0a06230>,34,14,[3 7],43,67,81,24,53
1,<environment.Job instance at 0x7f7ad0a06a00>,35,17,[3 7],45,81,98,36,75
1,<environment.Job instance at 0x7f7a8bfe3c80>,45,22,[9 1],59,98,120,39,91
1,<environment.Job instance at 0x7f7ad03a5780>,49,13,[4 7],64,122,135,58,122
1,<environment.Job instance at 0x7f7a8c4798c0>,54,23,[2 9],69,135,158,66,134
1,<environment.Job instance at 0x7f7a8c4d4780>,62,2,[2 9],80,158,160,78,135
1,<environment.Job instance at 0x7f7ad084eb90>,67,3,[5 7],87,160,163,73,141
1,<environment.Job instance at 0x7f7ad084e6e0>,68,13,[4 6],88,163,176,75,147
1,<environment.Job instance at 0x7f7ad084eeb0>,75,15,[10  3],97,176,191,79,167
1,<environment.Job instance at 0x7f7ad02dafa0>,3,13,[2 9],4,4,17,0,4
1,<environment.Job instance at 0x7f7ad02da190>,4,16,[5 2],5,17,33,12,5
1,<environment.Job instance at 0x7f7a8bf075f0>,14,13,[ 4 10],17,33,46,16,17
1,<environment.Job instance at 0x7f7ad0572d20>,43,25,[ 3 10],58,146,171,88,146
1,<environment.Job instance at 0x7f7acfdf7640>,51,15,[10  4],66,171,186,105,161
1,<environment.Job instance at 0x7f7a8c0ee140>,5,1,[8 3],7,7,8,0,7
1,<environment.Job instance at 0x7f7acfdf7b90>,2,16,[2 5],3,10,26,7,10
1,<environment.Job instance at 0x7f7a8c185780>,12,15,[2 9],14,26,41,12,20
1,<environment.Job instance at 0x7f7a8c538c30>,21,18,[3 7],26,41,59,15,31
1,<environment.Job instance at 0x7f7ad05b9870>,26,2,[9 5],31,59,61,28,45
1,<environment.Job instance at 0x7f7acffbe0f0>,27,3,[5 4],32,61,64,29,45
1,<environment.Job instance at 0x7f7acffbec80>,29,1,[9 1],36,64,65,28,51
1,<environment.Job instance at 0x7f7acffbe190>,30,3,[6 3],37,52,55,15,52
1,<environment.Job instance at 0x7f7acffbef50>,28,12,[3 7],34,65,77,31,57
1,<environment.Job instance at 0x7f7acff92730>,41,14,[2 9],53,77,91,24,70
1,<environment.Job instance at 0x7f7acffbee60>,32,16,[ 1 10],40,91,107,51,79
1,<environment.Job instance at 0x7f7acffa00f0>,52,12,[8 3],68,107,119,39,91
1,<environment.Job instance at 0x7f7acffada50>,65,15,[5 9],86,136,151,50,136
1,<environment.Job instance at 0x7f8cefe841e0>,0,18,[9 3],1,1,19,0,1
1,<environment.Job instance at 0x7f8ce8a752d0>,3,16,[1 8],5,19,35,14,6
1,<environment.Job instance at 0x7f8ce8a790f0>,18,15,[5 6],22,35,50,13,25
1,<environment.Job instance at 0x7f8ce8a79550>,20,25,[5 2],25,38,63,13,38
1,<environment.Job instance at 0x7f8ce8a79eb0>,30,1,[8 1],38,63,64,25,49
1,<environment.Job instance at 0x7f8ce8a7a280>,34,16,[9 1],44,64,80,20,52
1,<environment.Job instance at 0x7f8ce8a7a370>,36,2,[8 4],46,80,82,34,56
1,<environment.Job instance at 0x7f8ce8a7a050>,35,13,[7 1],45,82,95,37,66
1,<environment.Job instance at 0x7f8ce8a7d280>,52,12,[1 9],67,85,97,18,85
1,<environment.Job instance at 0x7f8ce8a7aeb0>,46,14,[6 1],58,95,109,37,88
1,<environment.Job instance at 0x7f8ce8a7d7d0>,55,1,[ 4 10],70,109,110,39,92
1,<environment.Job instance at 0x7f8ce8a7d730>,54,18,[8 4],69,110,128,41,103
1,<environment.Job instance at 0x7f8ce8a806e0>,68,18,[7 1],86,132,150,46,132
1,<environment.Job instance at 0x7f8ce8a80c30>,72,16,[9 5],91,150,166,59,137
1,<environment.Job instance at 0x7f8ce8a80fa0>,78,18,[6 5],100,166,184,66,155
1,<environment.Job instance at 0x7f8ce8b13b40>,86,18,[4 5],115,167,185,52,167
1,<environment.Job instance at 0x7f8ce8a6e230>,87,15,[7 2],117,185,200,68,172
1,<environment.Job instance at 0x7f8ce8a6e3c0>,92,15,[5 7],125,200,215,75,186
1,<environment.Job instance at 0x7f8cefffad70>,2,25,[ 4 10],4,6,31,2,6
1,<environment.Job instance at 0x7f8cefff83c0>,12,17,[8 4],15,31,48,16,19
1,<environment.Job instance at 0x7f8cefffff00>,20,15,[5 9],26,48,63,22,34
1,<environment.Job instance at 0x7f8cefff7280>,28,3,[9 2],35,63,66,28,50
1,<environment.Job instance at 0x7f8cefff70a0>,31,14,[5 9],40,71,85,31,71
1,<environment.Job instance at 0x7f8cefff1e60>,38,14,[7 3],50,85,99,35,73
1,<environment.Job instance at 0x7f8ceffebbe0>,42,12,[4 8],54,99,111,45,82
1,<environment.Job instance at 0x7f8cefe660f0>,59,12,[6 1],82,130,142,48,130
1,<environment.Job instance at 0x7f8ca4d6d2d0>,60,25,[9 4],83,142,167,59,138
1,<environment.Job instance at 0x7f8ca4df5a00>,68,12,[8 1],94,167,179,73,155
1,<environment.Job instance at 0x7f8ca4df5b40>,71,17,[9 1],97,179,196,82,167
1,<environment.Job instance at 0x7f8ca4df5780>,74,14,[8 1],102,196,210,94,183
1,<environment.Job instance at 0x7f8cefec85a0>,1,28,[4 6],5,6,34,1,6
1,<environment.Job instance at 0x7f8ca4d32e10>,14,13,[5 6],22,34,47,12,24
1,<environment.Job instance at 0x7f8ce8cb3fa0>,19,18,[3 9],27,47,65,20,42
1,<environment.Job instance at 0x7f8ca4cc8dc0>,31,14,[10  3],48,65,79,17,65
1,<environment.Job instance at 0x7f8ca4cc8780>,33,18,[3 8],51,79,97,28,72
1,<environment.Job instance at 0x7f8ca4d28550>,42,27,[5 4],64,99,126,35,99
1,<environment.Job instance at 0x7f8ce89016e0>,58,27,[9 5],88,126,153,38,125
1,<environment.Job instance at 0x7f8ca4cd96e0>,68,17,[5 5],99,163,180,64,163
1,<environment.Job instance at 0x7f8ca4cd9cd0>,70,1,[2 7],102,180,181,78,164
1,<environment.Job instance at 0x7f8ca4cd9370>,71,15,[8 1],103,180,195,77,169
1,<environment.Job instance at 0x7f8ca4eadfa0>,81,18,[8 4],116,195,213,79,185
1,<environment.Job instance at 0x7f8ce8db6410>,0,27,[10  1],1,1,28,0,1
1,<environment.Job instance at 0x7f8ca5138aa0>,13,15,[3 7],16,28,43,12,16
1,<environment.Job instance at 0x7f8ca4e4a4b0>,19,2,[2 6],25,43,45,18,26
1,<environment.Job instance at 0x7f8ca4e4a1e0>,14,18,[ 5 10],17,45,63,28,40
1,<environment.Job instance at 0x7f8ca51e62d0>,32,2,[4 8],42,63,65,21,42
1,<environment.Job instance at 0x7f8ca513a370>,35,13,[9 1],46,65,78,19,49
1,<environment.Job instance at 0x7f8ca4d1a0f0>,45,3,[8 5],59,78,81,19,59
1,<environment.Job instance at 0x7f8ca4d1a460>,47,2,[ 5 10],62,81,83,19,63
1,<environment.Job instance at 0x7f8ca4d1ae60>,49,15,[ 5 10],65,83,98,18,76
1,<environment.Job instance at 0x7f8ca51e19b0>,64,17,[10  1],90,98,115,8,96
1,<environment.Job instance at 0x7f8ca4e10f00>,71,20,[7 4],97,115,135,18,110
1,<environment.Job instance at 0x7f8ca524e0f0>,82,16,[2 6],113,132,148,19,132
1,<environment.Job instance at 0x7f8ca4cc37d0>,86,14,[ 5 10],118,148,162,30,133
1,<environment.Job instance at 0x7f8cef9f3370>,91,15,[3 7],124,162,177,38,150
1,<environment.Job instance at 0x7f8ca4d5a5a0>,93,25,[7 3],126,171,196,45,171
1,<environment.Job instance at 0x7f8ce8b864b0>,1,18,[8 3],3,11,29,8,11
1,<environment.Job instance at 0x7f8ca4c8f550>,13,12,[5 8],18,29,41,11,18
1,<environment.Job instance at 0x7f8ca4c8fdc0>,19,16,[3 7],26,41,57,15,31
1,<environment.Job instance at 0x7f8ca4c8fcd0>,20,14,[8 1],28,57,71,29,46
1,<environment.Job instance at 0x7f8ca4c916e0>,29,15,[4 6],41,71,86,30,58
1,<environment.Job instance at 0x7f8ca4c91d70>,33,13,[9 1],49,86,99,37,73
1,<environment.Job instance at 0x7f8ca4c93410>,43,20,[4 8],67,100,120,33,100
1,<environment.Job instance at 0x7f8ca4c937d0>,44,16,[5 1],68,103,119,35,103
1,<environment.Job instance at 0x7f8ca4c93960>,47,3,[10  5],72,120,123,48,110
1,<environment.Job instance at 0x7f8ca4c93cd0>,49,20,[5 7],74,123,143,49,114
1,<environment.Job instance at 0x7f8ca4c93b40>,51,3,[4 6],76,143,146,67,120
1,<environment.Job instance at 0x7f8ca4c935a0>,52,13,[3 9],78,146,159,68,136
1,<environment.Job instance at 0x7f8ca4c96230>,55,3,[8 1],85,159,162,74,137
1,<environment.Job instance at 0x7f8ca4c963c0>,59,15,[3 7],92,162,177,70,160
1,<environment.Job instance at 0x7f8ca4c96f00>,71,16,[9 2],104,188,204,84,188
1,<environment.Job instance at 0x7f8ca4c96f00>,4,12,[4 9],7,7,19,0,7
1,<environment.Job instance at 0x7f8ca513a230>,6,16,[5 6],9,19,35,10,9
1,<environment.Job instance at 0x7f8ca513ae10>,10,2,[8 1],15,35,37,20,20
1,<environment.Job instance at 0x7f8ca50440f0>,23,1,[10  5],32,37,38,5,32
1,<environment.Job instance at 0x7f8ca5044870>,24,13,[8 5],33,38,51,5,36
1,<environment.Job instance at 0x7f8ce882a0a0>,29,13,[7 5],41,51,64,10,42
1,<environment.Job instance at 0x7f8ca513a370>,14,13,[ 5 10],21,64,77,43,49
1,<environment.Job instance at 0x7f8ce8d15410>,39,13,[ 3 10],54,77,90,23,72
1,<environment.Job instance at 0x7f8ca4f81050>,47,3,[2 9],65,90,93,25,83
1,<environment.Job instance at 0x7f8ca4f81190>,48,13,[10  4],68,93,106,25,83
1,<environment.Job instance at 0x7f8ca5044820>,26,18,[3 9],35,106,124,71,101
1,<environment.Job instance at 0x7f8ca502c550>,63,15,[ 3 10],89,124,139,35,116
1,<environment.Job instance at 0x7f8ca502c280>,65,21,[7 5],91,139,160,48,134
1,<environment.Job instance at 0x7f8ca4f517d0>,79,15,[8 2],109,171,186,62,171
1,<environment.Job instance at 0x7f8ca4f51eb0>,80,13,[2 6],110,171,184,61,171
1,<environment.Job instance at 0x7f8ca4f51640>,84,17,[5 8],116,186,203,70,175
1,<environment.Job instance at 0x7f8ce8b4a230>,3,14,[3 6],5,5,19,0,5
1,<environment.Job instance at 0x7f8ca4eda1e0>,13,12,[5 3],16,16,28,0,16
1,<environment.Job instance at 0x7f8ce8e53c80>,14,15,[3 7],17,19,34,2,17
1,<environment.Job instance at 0x7f8ca4f13550>,19,20,[5 6],26,34,54,8,29
1,<environment.Job instance at 0x7f8ce8f685f0>,28,21,[9 5],40,58,79,18,58
1,<environment.Job instance at 0x7f8ce8930370>,39,14,[2 6],54,79,93,25,71
1,<environment.Job instance at 0x7f8cef7450a0>,65,18,[5 5],92,166,184,74,166
1,<environment.Job instance at 0x7f8cef745fa0>,68,17,[1 5],96,172,189,76,172
1,<environment.Job instance at 0x7f8cef745690>,73,12,[7 5],103,184,196,81,179
1,<environment.Job instance at 0x7f8cef2ddaa0>,3,21,[3 8],7,7,28,0,7
1,<environment.Job instance at 0x7f8ca53ef550>,11,1,[10  1],21,28,29,7,21
1,<environment.Job instance at 0x7f8ca53ef2d0>,9,13,[1 8],18,29,42,11,22
1,<environment.Job instance at 0x7f8ca53df280>,23,13,[4 8],36,42,55,6,40
1,<environment.Job instance at 0x7f8ca53e9280>,1,16,[6 4],3,3,19,0,3
1,<environment.Job instance at 0x7f8ce8b4df50>,2,14,[ 4 10],4,19,33,15,4
1,<environment.Job instance at 0x7f8ce88b4eb0>,12,19,[ 1 10],19,33,52,14,23
1,<environment.Job instance at 0x7f8ce8b9ae60>,25,18,[9 5],42,52,70,10,42
1,<environment.Job instance at 0x7f8ca50b4190>,28,2,[6 5],45,70,72,25,50
1,<environment.Job instance at 0x7f8ca4ecc9b0>,29,1,[8 4],47,72,73,25,50
1,<environment.Job instance at 0x7f8ce8a7d500>,30,1,[5 6],48,73,74,25,50
1,<environment.Job instance at 0x7f8ce88b47d0>,15,2,[7 2],22,74,76,52,50
1,<environment.Job instance at 0x7f8cef523f50>,49,15,[8 2],76,108,123,32,108
1,<environment.Job instance at 0x7f8cef3dc1e0>,57,1,[6 3],89,125,126,36,125
1,<environment.Job instance at 0x7f8cef3dc050>,59,13,[6 4],95,126,139,31,125
1,<environment.Job instance at 0x7f8cef3dc140>,60,1,[7 1],96,139,140,43,126
1,<environment.Job instance at 0x7f8cef3dc960>,61,22,[2 6],97,127,149,30,127
1,<environment.Job instance at 0x7f8cef3dca00>,62,12,[6 2],98,140,152,42,131
1,<environment.Job instance at 0x7f8ce891df50>,68,1,[6 3],106,152,153,46,150
1,<environment.Job instance at 0x7f8ce87f22d0>,72,16,[5 8],112,153,169,41,152
1,<environment.Job instance at 0x7f8ce87f2780>,74,15,[3 8],114,169,184,55,155
1,<environment.Job instance at 0x7f8ce87f2820>,81,14,[ 5 10],126,188,202,62,188
1,<environment.Job instance at 0x7f8ce8e71410>,0,23,[7 2],1,6,29,5,6
1,<environment.Job instance at 0x7f8cefa03410>,9,15,[7 2],15,29,44,14,15
1,<environment.Job instance at 0x7f8ca50ed550>,11,23,[1 6],18,18,41,0,18
1,<environment.Job instance at 0x7f8ca522fe10>,24,18,[4 9],34,52,70,18,52
1,<environment.Job instance at 0x7f8ce8bf7b40>,30,18,[4 5],40,70,88,30,60
1,<environment.Job instance at 0x7f8ca51ca7d0>,34,12,[5 6],45,88,100,43,71
1,<environment.Job instance at 0x7f8cef4608c0>,41,18,[ 3 10],59,100,118,41,89
1,<environment.Job instance at 0x7f8ca539ad20>,47,18,[4 9],68,118,136,50,109
1,<environment.Job instance at 0x7f8cefa4ea50>,54,12,[2 5],77,136,148,59,124
1,<environment.Job instance at 0x7f8ce8b88aa0>,57,1,[2 6],80,148,149,68,124
1,<environment.Job instance at 0x7f8cef308640>,59,12,[6 1],82,127,139,45,127
1,<environment.Job instance at 0x7f8cef308690>,58,12,[8 2],81,139,151,58,132
1,<environment.Job instance at 0x7f8ce8805870>,69,13,[10  5],94,151,164,57,149
1,<environment.Job instance at 0x7f8ce8805960>,71,14,[2 7],97,164,178,67,149
1,<environment.Job instance at 0x7f8ce8805aa0>,74,2,[9 2],100,178,180,78,176
1,<environment.Job instance at 0x7f8ce8805460>,75,18,[3 5],101,180,198,79,179
1,<environment.Job instance at 0x7f8ce8805780>,77,16,[8 5],103,198,214,95,185
1,<environment.Job instance at 0x7f8cef377aa0>,3,15,[1 6],4,4,19,0,4
1,<environment.Job instance at 0x7f8ca4feea00>,6,17,[5 1],8,8,25,0,8
1,<environment.Job instance at 0x7f8ca4feed70>,8,15,[1 8],10,19,34,9,11
1,<environment.Job instance at 0x7f8ca4fc3690>,17,19,[4 5],25,34,53,9,26
1,<environment.Job instance at 0x7f8ca4ff9870>,32,12,[5 8],41,53,65,12,43
1,<environment.Job instance at 0x7f8ca4ff9190>,29,18,[7 3],38,65,83,27,64
1,<environment.Job instance at 0x7f8ca4ff9d70>,38,21,[8 3],51,83,104,32,75
1,<environment.Job instance at 0x7f8ca4fd5960>,53,26,[8 4],73,104,130,31,103
1,<environment.Job instance at 0x7f8ca4fc3a50>,20,26,[6 3],28,130,156,102,130
1,<environment.Job instance at 0x7f8ca4fcbdc0>,70,17,[4 5],97,149,166,52,149
1,<environment.Job instance at 0x7f8ca4fc34b0>,15,19,[8 5],21,166,185,145,161
1,<environment.Job instance at 0x7f8ca4fe3a00>,80,28,[7 1],108,185,213,77,185
1,<environment.Job instance at 0x7f8ca4fe3b40>,1,24,[9 2],4,5,29,1,5
1,<environment.Job instance at 0x7f8cef45b1e0>,11,17,[4 6],19,29,46,10,19
1,<environment.Job instance at 0x7f8cef45bc30>,18,13,[9 4],31,46,59,15,31
1,<environment.Job instance at 0x7f8ce8aeb410>,20,2,[2 6],33,59,61,26,36
1,<environment.Job instance at 0x7f8ce8aeb140>,21,13,[3 7],34,61,74,27,46
1,<environment.Job instance at 0x7f8cef7d0460>,33,2,[7 3],50,69,71,19,69
1,<environment.Job instance at 0x7f8ce8e37370>,35,18,[3 5],55,74,92,19,69
1,<environment.Job instance at 0x7f8ce8e37230>,37,3,[3 9],60,92,95,32,76
1,<environment.Job instance at 0x7f8ce8e379b0>,42,3,[9 3],65,95,98,30,93
1,<environment.Job instance at 0x7f8ca51e6500>,52,26,[2 9],81,125,151,44,125
1,<environment.Job instance at 0x7f8cef27b320>,58,12,[10  5],88,151,163,63,141
1,<environment.Job instance at 0x7f8ca52f0d20>,67,18,[7 4],104,163,181,59,154
1,<environment.Job instance at 0x7f8ce8f41dc0>,80,12,[2 5],124,176,188,52,176
1,<environment.Job instance at 0x7f8ca507b8c0>,88,16,[2 6],135,188,204,53,181
1,<environment.Job instance at 0x7f8ca536a0a0>,1,20,[3 5],3,3,23,0,3
1,<environment.Job instance at 0x7f8cefffab40>,7,13,[3 9],10,23,36,13,20
1,<environment.Job instance at 0x7f8ca4c14dc0>,19,13,[8 5],25,41,54,16,41
1,<environment.Job instance at 0x7f8ce89ff460>,29,17,[3 5],37,54,71,17,50
1,<environment.Job instance at 0x7f8cef757780>,38,17,[5 9],50,74,91,24,74
1,<environment.Job instance at 0x7f8cef7bec30>,45,18,[4 9],62,91,109,29,83
1,<environment.Job instance at 0x7f8ce8be4820>,59,27,[5 5],83,115,142,32,115
1,<environment.Job instance at 0x7f8ca4c420f0>,68,17,[5 2],95,141,158,46,141
1,<environment.Job instance at 0x7f8ca4c42280>,72,14,[5 5],103,144,158,41,144
1,<environment.Job instance at 0x7f8ca4c0de10>,76,15,[8 4],107,158,173,51,144
1,<environment.Job instance at 0x7f8ca51bfeb0>,80,13,[8 5],111,173,186,62,172
1,<environment.Job instance at 0x7f8ca52d7460>,89,14,[3 7],121,186,200,65,185
1,<environment.Job instance at 0x7f8cef273f00>,7,12,[7 2],14,14,26,0,14
1,<environment.Job instance at 0x7f8ca50c66e0>,10,3,[10  5],17,26,29,9,18
1,<environment.Job instance at 0x7f8ce8f1ceb0>,16,13,[5 9],24,29,42,5,27
1,<environment.Job instance at 0x7f8ce8f13280>,20,22,[6 1],28,42,64,14,38
1,<environment.Job instance at 0x7f8ce8ef8e10>,24,22,[7 2],34,64,86,30,57
1,<environment.Job instance at 0x7f8ca535e230>,34,15,[7 5],52,86,101,34,79
1,<environment.Job instance at 0x7f8ca543ac30>,42,15,[10  5],64,107,122,43,107
1,<environment.Job instance at 0x7f8ca54027d0>,44,18,[3 6],67,122,140,55,112
1,<environment.Job instance at 0x7f8ca53bbd20>,56,15,[1 7],82,140,155,58,129
1,<environment.Job instance at 0x7f8ca53bb230>,59,12,[5 9],85,155,167,70,142
1,<environment.Job instance at 0x7f8ca53bbaa0>,66,17,[2 5],93,170,187,77,170
1,<environment.Job instance at 0x7f8ca53bbcd0>,69,16,[5 4],98,175,191,77,175
1,<environment.Job instance at 0x7f8ca53bb370>,71,15,[2 5],101,187,202,86,175
1,<environment.Job instance at 0x7f8ca53bb190>,73,26,[1 5],105,191,217,86,188
1,<environment.Job instance at 0x7f8ca4c718c0>,4,13,[9 2],6,6,19,0,6
1,<environment.Job instance at 0x7f8ca4cc64b0>,6,18,[ 1 10],9,19,37,10,11
1,<environment.Job instance at 0x7f8ca52ea780>,16,16,[7 2],25,37,53,12,26
1,<environment.Job instance at 0x7f8cef6591e0>,22,12,[4 7],34,53,65,19,47
1,<environment.Job instance at 0x7f8ce8f47190>,26,14,[5 6],44,65,79,21,57
1,<environment.Job instance at 0x7f8cef84efa0>,30,13,[9 5],48,79,92,31,63
1,<environment.Job instance at 0x7f8ce8a4fcd0>,34,24,[1 9],52,92,116,40,88
1,<environment.Job instance at 0x7f8ce8b11910>,57,27,[8 2],79,120,147,41,120
1,<environment.Job instance at 0x7f8ce8afb730>,62,16,[2 8],85,137,153,52,137
1,<environment.Job instance at 0x7f8ce8825550>,65,12,[7 5],89,153,165,64,144
1,<environment.Job instance at 0x7f8ce8ced870>,70,25,[5 9],95,165,190,70,162
1,<environment.Job instance at 0x7f8ca4a43910>,77,13,[3 6],104,190,203,86,179
1,<environment.Job instance at 0x7f8ca4a04e10>,7,13,[4 8],14,20,33,6,20
1,<environment.Job instance at 0x7f8ca4a0de60>,29,16,[5 8],44,62,78,18,62
1,<environment.Job instance at 0x7f8ca4a0db90>,35,16,[5 6],51,80,96,29,80
1,<environment.Job instance at 0x7f8ca4a05d20>,41,17,[5 7],61,96,113,35,84
1,<environment.Job instance at 0x7f8ca4e1f960>,63,17,[5 6],91,165,182,74,165
1,<environment.Job instance at 0x7f8ca4e1fb40>,67,12,[5 5],97,182,194,85,165
1,<environment.Job instance at 0x7f8ce8f7b0a0>,5,18,[5 2],10,10,28,0,10
1,<environment.Job instance at 0x7f8ce8f97870>,9,21,[7 2],16,28,49,12,20
1,<environment.Job instance at 0x7f8ce8f97f50>,16,13,[2 5],23,25,38,2,25
1,<environment.Job instance at 0x7f8ca4ae68c0>,24,17,[7 1],33,49,66,16,46
1,<environment.Job instance at 0x7f8ce8a2a460>,29,17,[5 7],39,75,92,36,75
1,<environment.Job instance at 0x7f8ce8a3ad70>,42,12,[3 9],57,97,109,40,97
1,<environment.Job instance at 0x7f8ce8f3f4b0>,48,14,[3 7],63,109,123,46,98
1,<environment.Job instance at 0x7f8ca4bc4320>,53,16,[4 7],72,123,139,51,112
1,<environment.Job instance at 0x7f8ce8f38dc0>,61,17,[8 5],82,139,156,57,134
1,<environment.Job instance at 0x7f8ce8f38730>,66,22,[1 8],87,156,178,69,149
1,<environment.Job instance at 0x7f8cef305780>,69,2,[5 6],90,178,180,88,161
1,<environment.Job instance at 0x7f8ce8f60d20>,71,3,[9 4],95,180,183,85,162
1,<environment.Job instance at 0x7f8ce8f54a50>,78,17,[6 5],103,183,200,80,172
1,<environment.Job instance at 0x7f8ca50b1460>,0,20,[ 4 10],1,1,21,0,1
1,<environment.Job instance at 0x7f8ca4b6a780>,7,14,[5 3],11,21,35,10,11
1,<environment.Job instance at 0x7f8ca4b6a500>,11,16,[5 2],15,21,37,6,18
1,<environment.Job instance at 0x7f8ca4f56be0>,14,12,[3 9],19,37,49,18,20
1,<environment.Job instance at 0x7f8ca4a79b40>,21,13,[ 4 10],27,49,62,22,36
1,<environment.Job instance at 0x7f8ce8f0dc30>,28,18,[4 9],35,62,80,27,57
1,<environment.Job instance at 0x7f8ce8be19b0>,38,13,[8 2],47,80,93,33,80
1,<environment.Job instance at 0x7f8ca51644b0>,50,25,[ 3 10],68,164,189,96,164
1,<environment.Job instance at 0x7f8ce894d320>,0,14,[5 9],1,1,15,0,1
1,<environment.Job instance at 0x7f8ca4a04910>,2,16,[2 5],3,15,31,12,3
1,<environment.Job instance at 0x7f8ca50514b0>,6,18,[8 1],8,20,38,12,20
1,<environment.Job instance at 0x7f8ce88ef5f0>,18,1,[6 5],22,38,39,16,25
1,<environment.Job instance at 0x7f8ca5138eb0>,44,16,[2 6],57,94,110,37,94
1,<environment.Job instance at 0x7f8ce89ad280>,62,28,[2 6],82,164,192,82,164
1,<environment.Job instance at 0x7f8ce8e98320>,3,18,[4 6],8,8,26,0,8
1,<environment.Job instance at 0x7f8ce8e7f0a0>,4,13,[8 1],9,26,39,17,11
1,<environment.Job instance at 0x7f8cef656870>,11,14,[ 1 10],16,39,53,23,25
1,<environment.Job instance at 0x7f8cefffab40>,26,12,[3 7],39,53,65,14,40
1,<environment.Job instance at 0x7f8ce8c92690>,33,15,[5 5],48,65,80,17,62
1,<environment.Job instance at 0x7f8cef9b4aa0>,40,18,[9 5],57,80,98,23,79
1,<environment.Job instance at 0x7f8ce89749b0>,45,13,[8 3],63,98,111,35,93
1,<environment.Job instance at 0x7f8ce8e7bf50>,58,13,[9 3],80,129,142,49,129
1,<environment.Job instance at 0x7f8cef3d15f0>,63,20,[5 9],88,142,162,54,133
1,<environment.Job instance at 0x7f8ca4f5a2d0>,71,15,[10  4],96,162,177,66,156
1,<environment.Job instance at 0x7fb1a79a3f50>,3,22,[2 5],8,8,30,0,8
1,<environment.Job instance at 0x7fb1a05a0d20>,6,15,[2 8],11,30,45,19,17
1,<environment.Job instance at 0x7fb1a05a57d0>,18,15,[5 5],29,45,60,16,31
1,<environment.Job instance at 0x7fb1a05a5be0>,24,12,[8 5],36,60,72,24,43
1,<environment.Job instance at 0x7fb1a05ac690>,1,18,[9 4],2,3,21,1,3
1,<environment.Job instance at 0x7fb1a78f3640>,7,15,[7 5],10,21,36,11,14
1,<environment.Job instance at 0x7fb1a78f6140>,16,13,[4 7],26,36,49,10,26
1,<environment.Job instance at 0x7fb1a78f41e0>,24,12,[5 8],41,49,61,8,43
1,<environment.Job instance at 0x7fb1a78edb40>,27,14,[6 4],44,61,75,17,47
1,<environment.Job instance at 0x7fb15c8c20f0>,4,16,[8 1],6,6,22,0,6
1,<environment.Job instance at 0x7fb15c89d7d0>,20,25,[ 1 10],23,30,55,7,30
1,<environment.Job instance at 0x7fb15cd1a190>,3,16,[5 2],6,7,23,1,7
1,<environment.Job instance at 0x7fb15cd1ab90>,4,21,[5 5],8,9,30,1,9
1,<environment.Job instance at 0x7fb15cd1a140>,7,18,[7 5],12,30,48,18,19
1,<environment.Job instance at 0x7fb15c84bf00>,23,1,[5 5],33,48,49,15,33
1,<environment.Job instance at 0x7fb15c84b410>,26,13,[3 8],38,49,62,11,38
1,<environment.Job instance at 0x7fb15c84b050>,28,17,[7 1],44,49,66,5,48
1,<environment.Job instance at 0x7fb15cc710a0>,3,18,[5 5],7,8,26,1,8
1,<environment.Job instance at 0x7fb15cbd9460>,8,17,[5 1],15,15,32,0,15
1,<environment.Job instance at 0x7fb15cc0b500>,16,18,[8 2],27,32,50,5,29
1,<environment.Job instance at 0x7fb1a050e1e0>,20,22,[4 8],38,50,72,12,46
1,<environment.Job instance at 0x7fb15cc60eb0>,0,15,[ 2 10],2,3,18,1,3
1,<environment.Job instance at 0x7fb15ce6dd70>,18,16,[10  4],30,32,48,2,32
1,<environment.Job instance at 0x7fb15ce6d050>,24,19,[ 1 10],36,48,67,12,46
1,<environment.Job instance at 0x7fb15c9f08c0>,7,12,[4 7],12,12,24,0,12
1,<environment.Job instance at 0x7fb15c9f0c80>,8,13,[4 5],13,24,37,11,13
1,<environment.Job instance at 0x7fb1a73d54b0>,23,3,[1 9],33,47,50,14,47
1,<environment.Job instance at 0x7fb1a08745f0>,24,1,[5 2],34,50,51,16,49
1,<environment.Job instance at 0x7fb15c9158c0>,25,14,[3 7],35,50,64,15,49
1,<environment.Job instance at 0x7fb15c9158c0>,1,17,[3 9],3,4,21,1,4
1,<environment.Job instance at 0x7fb1a0403b90>,0,16,[8 1],3,4,20,1,4
1,<environment.Job instance at 0x7fb1a04030f0>,4,18,[9 5],7,20,38,13,9
1,<environment.Job instance at 0x7fb1a6f5ad70>,9,3,[4 5],13,38,41,25,13
1,<environment.Job instance at 0x7fb1a6f5a370>,12,13,[ 3 10],17,41,54,24,35
1,<environment.Job instance at 0x7fb1a6f5a0a0>,22,18,[5 6],28,54,72,26,47
1,<environment.Job instance at 0x7fb1a6f16690>,0,13,[ 3 10],1,1,14,0,1
1,<environment.Job instance at 0x7fb1a6f16050>,2,18,[7 1],5,14,32,9,9
1,<environment.Job instance at 0x7fb15ccd9050>,10,13,[2 5],13,14,27,1,13
1,<environment.Job instance at 0x7fb15ccd9910>,14,16,[5 4],19,32,48,13,21
1,<environment.Job instance at 0x7fb1a0850690>,0,17,[8 2],3,5,22,2,5
1,<environment.Job instance at 0x7fb1a0aca4b0>,8,15,[9 1],15,22,37,7,16
1,<environment.Job instance at 0x7fb1a6e60fa0>,16,2,[3 5],24,37,39,13,24
1,<environment.Job instance at 0x7fb1a6ddc0f0>,18,14,[1 7],29,39,53,10,29
1,<environment.Job instance at 0x7fb1a79a3aa0>,14,17,[7 4],22,53,70,31,48
1,<environment.Job instance at 0x7fb1a6e600f0>,1,13,[2 6],2,2,15,0,2
1,<environment.Job instance at 0x7fb1a73c9aa0>,2,3,[4 6],5,15,18,10,6
1,<environment.Job instance at 0x7fb15c7da5a0>,11,15,[9 2],15,19,34,4,19
1,<environment.Job instance at 0x7fb15c7da910>,16,13,[4 8],23,34,47,11,26
1,<environment.Job instance at 0x7fb15c7deb40>,28,17,[ 5 10],40,47,64,7,44
1,<environment.Job instance at 0x7fb15c7deb40>,2,13,[ 4 10],5,5,18,0,5
1,<environment.Job instance at 0x7fb15c9554b0>,5,14,[2 5],8,18,32,10,10
1,<environment.Job instance at 0x7fb1a6e43c30>,9,2,[10  3],16,32,34,16,16
1,<environment.Job instance at 0x7fb1a6e431e0>,15,13,[3 7],24,34,47,10,25
1,<environment.Job instance at 0x7fb15ca92730>,19,1,[8 5],32,47,48,15,32
1,<environment.Job instance at 0x7fb15c839e60>,20,14,[4 7],33,48,62,15,45
1,<environment.Job instance at 0x7fb1a067c5f0>,0,13,[7 4],1,1,14,0,1
1,<environment.Job instance at 0x7fb15ce1d820>,3,16,[10  5],6,14,30,8,6
1,<environment.Job instance at 0x7fb15cc25500>,7,15,[7 1],10,30,45,20,16
1,<environment.Job instance at 0x7fb15c91d870>,15,15,[3 8],20,30,45,10,20
1,<environment.Job instance at 0x7fb1a09aa1e0>,21,12,[7 5],28,45,57,17,28
1,<environment.Job instance at 0x7fb15cdfd410>,27,12,[2 9],35,57,69,22,44
1,<environment.Job instance at 0x7fb15cdfd410>,2,18,[ 5 10],3,4,22,1,4
1,<environment.Job instance at 0x7fb1a71d8af0>,7,16,[6 3],9,22,38,13,9
1,<environment.Job instance at 0x7fb15ca04370>,21,13,[2 7],27,27,40,0,27
1,<environment.Job instance at 0x7fb15ca04320>,19,13,[1 6],25,40,53,15,36
1,<environment.Job instance at 0x7fb15ca048c0>,25,12,[ 4 10],32,53,65,21,40
1,<environment.Job instance at 0x7fb15ca047d0>,2,14,[5 4],6,6,20,0,6
1,<environment.Job instance at 0x7fb15ce96e10>,6,23,[6 1],11,20,43,9,19
1,<environment.Job instance at 0x7fb1a04c4be0>,13,28,[2 6],23,25,53,2,25
1,<environment.Job instance at 0x7fb15ccfa500>,21,17,[6 4],32,43,60,11,37
1,<environment.Job instance at 0x7fb15cc9d3c0>,6,15,[ 3 10],7,10,25,3,10
1,<environment.Job instance at 0x7fb1a7153b90>,9,15,[7 4],16,25,40,9,16
1,<environment.Job instance at 0x7fb15c929780>,13,2,[7 5],20,40,42,20,22
1,<environment.Job instance at 0x7fb15c70a5f0>,11,28,[9 3],18,43,71,25,43
1,<environment.Job instance at 0x7fb1a052c640>,5,14,[2 8],9,10,24,1,10
1,<environment.Job instance at 0x7fb1a06d30f0>,8,17,[6 2],14,14,31,0,14
1,<environment.Job instance at 0x7fb1a05c2780>,11,12,[6 2],18,31,43,13,18
1,<environment.Job instance at 0x7fb1a0873d70>,23,18,[ 2 10],36,43,61,7,41
1,<environment.Job instance at 0x7fb1a0881cd0>,0,22,[ 3 10],1,2,24,1,2
1,<environment.Job instance at 0x7fb15ca79d70>,10,23,[6 2],16,24,47,8,20
1,<environment.Job instance at 0x7fb15c838690>,17,16,[5 8],24,47,63,23,34
1,<environment.Job instance at 0x7fb1a6eac5f0>,25,12,[5 2],34,47,59,13,40
1,<environment.Job instance at 0x7fb1a773a460>,28,15,[4 7],37,63,78,26,49
1,<environment.Job instance at 0x7fb1a6fdb6e0>,3,27,[1 7],9,11,38,2,11
1,<environment.Job instance at 0x7fb1a0406550>,10,12,[6 5],21,38,50,17,21
1,<environment.Job instance at 0x7fb1a71c3dc0>,25,2,[4 5],41,41,43,0,41
1,<environment.Job instance at 0x7f1a86c65af0>,4,13,[3 6],9,9,22,0,9
1,<environment.Job instance at 0x7f1a86c65d20>,6,15,[2 8],11,22,37,11,12
1,<environment.Job instance at 0x7f1a86c682d0>,11,23,[6 4],20,37,60,17,31
1,<environment.Job instance at 0x7f1a86c68500>,17,3,[10  3],28,60,63,32,40
1,<environment.Job instance at 0x7f1a86c68d20>,24,12,[8 5],36,63,75,27,53
1,<environment.Job instance at 0x7f1a8dfb86e0>,4,13,[5 6],8,8,21,0,8
1,<environment.Job instance at 0x7f1a8dfb6f00>,7,18,[7 1],12,21,39,9,16
1,<environment.Job instance at 0x7f1a8dfb6a50>,11,14,[ 2 10],24,39,53,15,27
1,<environment.Job instance at 0x7f1a8dfba460>,23,18,[3 5],40,53,71,13,43
1,<environment.Job instance at 0x7f1a8dfba370>,25,2,[1 7],42,71,73,29,52
1,<environment.Job instance at 0x7f1a8dfba550>,22,28,[5 1],39,54,82,15,54
1,<environment.Job instance at 0x7f1a43058230>,9,14,[8 4],14,15,29,1,15
1,<environment.Job instance at 0x7f1a43058910>,11,17,[6 5],19,29,46,10,22
1,<environment.Job instance at 0x7f1a4303b690>,20,3,[2 7],29,46,49,17,30
1,<environment.Job instance at 0x7f1a4303bd70>,21,12,[5 1],30,46,58,16,32
1,<environment.Job instance at 0x7f1a430586e0>,12,1,[9 2],20,58,59,38,35
1,<environment.Job instance at 0x7f1a4303b3c0>,25,16,[5 2],36,59,75,23,46
1,<environment.Job instance at 0x7f1a43055370>,0,28,[ 2 10],1,11,39,10,11
1,<environment.Job instance at 0x7f1a4308e730>,17,2,[6 4],33,39,41,6,33
1,<environment.Job instance at 0x7f1a4308ecd0>,20,3,[5 8],38,41,44,3,39
1,<environment.Job instance at 0x7f1a4308e410>,18,17,[5 1],35,41,58,6,41
1,<environment.Job instance at 0x7f1a42f64eb0>,2,14,[7 3],6,6,20,0,6
1,<environment.Job instance at 0x7f1a4332c5a0>,4,19,[5 3],8,20,39,12,10
1,<environment.Job instance at 0x7f1a8d9e5b40>,22,2,[7 3],35,39,41,4,35
1,<environment.Job instance at 0x7f1a8d9e5140>,21,26,[3 9],33,51,77,18,51
1,<environment.Job instance at 0x7f1a87103370>,2,16,[6 2],4,4,20,0,4
1,<environment.Job instance at 0x7f1a87105c80>,15,19,[1 5],21,36,55,15,36
1,<environment.Job instance at 0x7f1a87105410>,17,13,[2 7],23,55,68,32,39
1,<environment.Job instance at 0x7f1a86cbdbe0>,28,15,[ 4 10],40,68,83,28,58
1,<environment.Job instance at 0x7f1a8da59410>,1,17,[10  1],2,2,19,0,2
1,<environment.Job instance at 0x7f1a86fd15f0>,6,13,[8 2],9,19,32,10,9
1,<environment.Job instance at 0x7f1a434de690>,7,13,[5 9],10,32,45,22,16
1,<environment.Job instance at 0x7f1a432544b0>,10,1,[5 5],14,45,46,31,19
1,<environment.Job instance at 0x7f1a86f2ec80>,15,24,[ 4 10],21,46,70,25,42
1,<environment.Job instance at 0x7f1a869f4e60>,2,16,[ 5 10],3,5,21,2,5
1,<environment.Job instance at 0x7f1a86ce6320>,6,18,[5 6],8,21,39,13,10
1,<environment.Job instance at 0x7f1a4300ac80>,11,16,[4 7],17,39,55,22,27
1,<environment.Job instance at 0x7f1a432b2730>,25,2,[1 6],37,55,57,18,41
1,<environment.Job instance at 0x7f1a432b20a0>,26,1,[5 8],38,57,58,19,41
1,<environment.Job instance at 0x7f1a432b2f50>,27,17,[5 9],39,58,75,19,50
1,<environment.Job instance at 0x7f1a86a03b90>,0,14,[1 9],1,1,15,0,1
1,<environment.Job instance at 0x7f1a86a031e0>,10,18,[10  2],19,19,37,0,19
1,<environment.Job instance at 0x7f1a86a03af0>,11,13,[6 1],20,37,50,17,22
1,<environment.Job instance at 0x7f1a8d6a4b40>,14,2,[10  2],26,50,52,24,30
1,<environment.Job instance at 0x7f1a86f8e780>,19,1,[5 3],34,52,53,18,34
1,<environment.Job instance at 0x7f1a42d51140>,4,18,[4 5],10,12,30,2,12
1,<environment.Job instance at 0x7f1a4352d7d0>,10,17,[9 3],19,30,47,11,28
1,<environment.Job instance at 0x7f1a4345c5f0>,24,13,[7 4],36,47,60,11,41
1,<environment.Job instance at 0x7f1a8d88e0f0>,28,2,[6 2],43,60,62,17,47
1,<environment.Job instance at 0x7f1a4319fe60>,29,3,[7 4],44,62,65,18,47
1,<environment.Job instance at 0x7f1a4319ff00>,33,17,[ 5 10],50,65,82,15,57
1,<environment.Job instance at 0x7f1a4319f910>,2,13,[ 4 10],5,5,18,0,5
1,<environment.Job instance at 0x7f1a42e99410>,7,28,[ 5 10],10,39,67,29,39
1,<environment.Job instance at 0x7f1a8daa64b0>,23,3,[3 6],36,67,70,31,42
1,<environment.Job instance at 0x7f1a43008640>,24,1,[ 1 10],39,70,71,31,42
1,<environment.Job instance at 0x7f1a8d638640>,28,2,[6 1],47,67,69,20,55
1,<environment.Job instance at 0x7f1a86f3c050>,18,1,[8 1],23,23,24,0,23
1,<environment.Job instance at 0x7f1a86f3c320>,22,16,[8 1],29,33,49,4,33
1,<environment.Job instance at 0x7f1a86f3c8c0>,24,18,[10  5],34,49,67,15,42
1,<environment.Job instance at 0x7f1a86c55c30>,1,18,[ 4 10],3,3,21,0,3
1,<environment.Job instance at 0x7f1a4353a5a0>,12,13,[ 2 10],17,21,34,4,18
1,<environment.Job instance at 0x7f1a86c55870>,3,13,[1 6],5,34,47,29,26
1,<environment.Job instance at 0x7f1a4353a730>,13,26,[4 9],18,47,73,29,45
1,<environment.Job instance at 0x7f1a42d52a00>,2,16,[3 6],3,7,23,4,7
1,<environment.Job instance at 0x7f1a42d520a0>,5,17,[7 3],8,8,25,0,8
1,<environment.Job instance at 0x7f1a8d9347d0>,15,18,[2 8],20,28,46,8,28
1,<environment.Job instance at 0x7f1a8d934320>,12,13,[4 7],15,46,59,31,31
1,<environment.Job instance at 0x7f1a8d934910>,19,12,[6 4],24,59,71,35,42
1,<environment.Job instance at 0x7f1a86d3d820>,3,12,[8 4],6,11,23,5,11
1,<environment.Job instance at 0x7f1a432b25a0>,9,16,[ 5 10],16,23,39,7,19
1,<environment.Job instance at 0x7f1a432b25f0>,11,14,[2 8],19,39,53,20,29
1,<environment.Job instance at 0x7f1a432c00a0>,20,13,[3 9],34,53,66,19,38
1,<environment.Job instance at 0x7f1a432b2a50>,0,22,[ 3 10],1,2,24,1,2
1,<environment.Job instance at 0x7f1a86cfc0a0>,8,17,[ 4 10],12,24,41,12,12
1,<environment.Job instance at 0x7f1a86aa1230>,25,12,[5 2],34,41,53,7,36
1,<environment.Job instance at 0x7f1a86aa1d70>,31,14,[ 3 10],41,54,68,13,54
1,<environment.Job instance at 0x7f1a43542d20>,33,15,[5 5],44,68,83,24,54
1,<environment.Job instance at 0x7f1a8d5c62d0>,7,14,[1 9],13,13,27,0,13
1,<environment.Job instance at 0x7f1a8d55efa0>,8,12,[7 5],14,27,39,13,15
1,<environment.Job instance at 0x7f1a86d59410>,21,3,[4 7],32,39,42,7,32
1,<environment.Job instance at 0x7f1a8d87e6e0>,20,2,[4 5],31,42,44,11,32
1,<environment.Job instance at 0x7f1a8d903410>,18,13,[5 5],29,42,55,13,36
1,<environment.Job instance at 0x7f1a43547550>,25,2,[6 3],39,55,57,16,41
1,<environment.Job instance at 0x7f1a86a4ca50>,30,12,[8 3],45,57,69,12,46
1,<environment.Job instance at 0x7f1a86a4c460>,1,22,[4 5],3,3,25,0,3
1,<environment.Job instance at 0x7f1a870c7730>,18,2,[ 4 10],31,43,45,12,43
1,<environment.Job instance at 0x7f1a870af0a0>,21,1,[ 4 10],35,45,46,10,45
1,<environment.Job instance at 0x7f1a8d9bc500>,3,13,[ 4 10],4,4,17,0,4
1,<environment.Job instance at 0x7f1a42dc8d70>,21,17,[2 7],31,47,64,16,47
1,<environment.Job instance at 0x7f1a42fa5be0>,10,17,[5 8],12,12,29,0,12
1,<environment.Job instance at 0x7f1a86b995f0>,18,13,[9 1],28,29,42,1,29
1,<environment.Job instance at 0x7f1a8d46f3c0>,20,13,[9 3],30,42,55,12,30
1,<environment.Job instance at 0x7f1762f15730>,3,22,[2 5],8,8,30,0,8
1,<environment.Job instance at 0x7f175bb0df50>,9,19,[1 8],16,30,49,14,20
1,<environment.Job instance at 0x7f175bb102d0>,13,21,[8 1],22,23,44,1,23
1,<environment.Job instance at 0x7f175bb10be0>,22,20,[4 6],34,49,69,15,40
1,<environment.Job instance at 0x7f175bb108c0>,20,17,[9 3],32,69,86,37,62
1,<environment.Job instance at 0x7f175bb13280>,0,18,[7 1],2,5,23,3,5
1,<environment.Job instance at 0x7f1762e618c0>,7,12,[5 3],18,23,35,5,18
1,<environment.Job instance at 0x7f1762e61960>,12,14,[6 4],24,35,49,11,35
1,<environment.Job instance at 0x7f1762e63190>,21,16,[8 1],36,49,65,13,36
1,<environment.Job instance at 0x7f1762e643c0>,30,3,[6 3],46,65,68,19,49
1,<environment.Job instance at 0x7f1717db9140>,6,22,[5 5],8,8,30,0,8
1,<environment.Job instance at 0x7f1717db95a0>,8,12,[5 1],10,10,22,0,10
1,<environment.Job instance at 0x7f1717d5f910>,12,16,[5 2],16,22,38,6,17
1,<environment.Job instance at 0x7f1717d5f410>,13,21,[5 5],18,30,51,12,22
1,<environment.Job instance at 0x7f1717e28fa0>,27,12,[7 1],38,51,63,13,39
1,<environment.Job instance at 0x7f1717e1c370>,33,2,[7 5],44,63,65,19,44
1,<environment.Job instance at 0x7f1717e28140>,31,3,[4 6],42,65,68,23,48
1,<environment.Job instance at 0x7f1717e1c5f0>,34,3,[9 2],47,68,71,21,48
1,<environment.Job instance at 0x7f1717e1cc30>,38,2,[5 2],55,65,67,10,56
1,<environment.Job instance at 0x7f1717e1c8c0>,39,2,[5 6],56,71,73,15,65
1,<environment.Job instance at 0x7f17182590a0>,6,12,[5 4],11,12,24,1,12
1,<environment.Job instance at 0x7f1718259af0>,10,18,[8 2],17,24,42,7,21
1,<environment.Job instance at 0x7f17182f93c0>,16,16,[4 9],34,42,58,8,36
1,<environment.Job instance at 0x7f17182cfb40>,22,15,[ 2 10],42,58,73,16,46
1,<environment.Job instance at 0x7f1717f839b0>,31,2,[10  4],53,73,75,20,55
1,<environment.Job instance at 0x7f1717dd4c80>,0,23,[4 7],1,1,24,0,1
1,<environment.Job instance at 0x7f1717dd4690>,3,14,[5 9],4,24,38,20,9
1,<environment.Job instance at 0x7f17184be8c0>,18,23,[1 9],19,40,63,21,40
1,<environment.Job instance at 0x7f17184ace10>,6,16,[6 5],7,63,79,56,57
1,<environment.Job instance at 0x7f17184d4320>,1,17,[3 9],3,3,20,0,3
1,<environment.Job instance at 0x7f175e078e10>,16,1,[5 5],24,27,28,3,27
1,<environment.Job instance at 0x7f175b92be10>,17,13,[10  4],25,29,42,4,29
1,<environment.Job instance at 0x7f175b92b190>,20,13,[5 6],29,42,55,13,39
1,<environment.Job instance at 0x7f175b92bf50>,21,24,[ 4 10],31,55,79,24,52
1,<environment.Job instance at 0x7f1718045eb0>,0,18,[1 9],1,1,19,0,1
1,<environment.Job instance at 0x7f175bb92820>,2,16,[ 5 10],3,19,35,16,8
1,<environment.Job instance at 0x7f1762e5cf50>,18,20,[4 9],27,35,55,8,27
1,<environment.Job instance at 0x7f1717f6baa0>,19,12,[2 7],28,55,67,27,40
1,<environment.Job instance at 0x7f175bd72870>,24,17,[6 2],36,55,72,19,50
1,<environment.Job instance at 0x7f175be8d410>,30,3,[5 2],42,72,75,30,51
1,<environment.Job instance at 0x7f175be8d4b0>,29,21,[4 9],41,75,96,34,69
1,<environment.Job instance at 0x7f1718462140>,4,17,[10  5],6,6,23,0,6
1,<environment.Job instance at 0x7f175e160b40>,5,26,[9 1],7,23,49,16,20
1,<environment.Job instance at 0x7f1718473e60>,25,17,[4 6],37,49,66,12,49
1,<environment.Job instance at 0x7f175e3a4870>,4,15,[9 2],5,9,24,4,9
1,<environment.Job instance at 0x7f175e3a4280>,9,13,[4 8],13,24,37,11,20
1,<environment.Job instance at 0x7f175b8f28c0>,18,15,[3 9],26,37,52,11,31
1,<environment.Job instance at 0x7f17183b1410>,29,24,[5 5],46,52,76,6,52
1,<environment.Job instance at 0x7f17183b1fa0>,31,14,[2 5],48,54,68,6,54
1,<environment.Job instance at 0x7f175bfbecd0>,11,2,[7 4],18,19,21,1,19
1,<environment.Job instance at 0x7f175e290500>,17,16,[ 4 10],28,35,51,7,35
1,<environment.Job instance at 0x7f175bf294b0>,15,16,[10  5],26,55,71,29,55
1,<environment.Job instance at 0x7f175e42b870>,26,16,[7 5],38,71,87,33,58
1,<environment.Job instance at 0x7f17184112d0>,38,1,[8 1],53,87,88,34,68
1,<environment.Job instance at 0x7f175b8e3780>,2,18,[ 5 10],3,4,22,1,4
1,<environment.Job instance at 0x7f17183b5960>,4,13,[9 1],5,22,35,17,20
1,<environment.Job instance at 0x7f1717cb6550>,21,13,[2 7],27,35,48,8,27
1,<environment.Job instance at 0x7f175e49cbe0>,24,16,[10  1],31,48,64,17,37
1,<environment.Job instance at 0x7f1717da6d20>,31,18,[9 3],41,64,82,23,62
1,<environment.Job instance at 0x7f1717f6f8c0>,1,28,[2 6],3,3,31,0,3
1,<environment.Job instance at 0x7f17181e9690>,16,21,[ 2 10],21,35,56,14,35
1,<environment.Job instance at 0x7f17181e99b0>,20,13,[4 7],25,56,69,31,48
1,<environment.Job instance at 0x7f17181e9e10>,27,12,[6 4],34,69,81,35,52
1,<environment.Job instance at 0x7f175e4a5960>,4,15,[10  3],7,13,28,6,13
1,<environment.Job instance at 0x7f1718174870>,15,17,[5 2],25,30,47,5,30
1,<environment.Job instance at 0x7f1718174690>,16,2,[4 9],27,47,49,20,30
1,<environment.Job instance at 0x7f1718174e10>,19,16,[ 4 10],31,49,65,18,42
1,<environment.Job instance at 0x7f1717fd4780>,27,24,[9 1],42,68,92,26,68
1,<environment.Job instance at 0x7f175e1249b0>,1,17,[ 4 10],2,2,19,0,2
1,<environment.Job instance at 0x7f1717ff5140>,5,15,[10  1],8,19,34,11,8
1,<environment.Job instance at 0x7f1717f66e60>,8,17,[3 9],11,34,51,23,22
1,<environment.Job instance at 0x7f175e7399b0>,23,3,[3 9],30,51,54,21,34
1,<environment.Job instance at 0x7f1717bdd640>,31,16,[8 4],39,54,70,15,44
1,<environment.Job instance at 0x7f1717bdd2d0>,32,1,[5 9],40,70,71,30,44
1,<environment.Job instance at 0x7f171807c550>,22,15,[9 1],29,71,86,42,57
1,<environment.Job instance at 0x7f175bb92550>,1,17,[6 3],2,2,19,0,2
1,<environment.Job instance at 0x7f175e066a50>,28,22,[4 5],43,46,68,3,46
1,<environment.Job instance at 0x7f175b8e5190>,4,13,[ 3 10],6,6,19,0,6
1,<environment.Job instance at 0x7f175b8e53c0>,5,18,[2 7],8,19,37,11,8
1,<environment.Job instance at 0x7f175b8e5550>,15,16,[2 9],25,37,53,12,25
1,<environment.Job instance at 0x7f175bd4ac30>,25,3,[7 3],36,53,56,17,43
1,<environment.Job instance at 0x7f175b8e5230>,11,17,[2 8],17,56,73,39,44
1,<environment.Job instance at 0x7f175bd4acd0>,28,18,[8 5],40,73,91,33,64
1,<environment.Job instance at 0x7f17183ddd70>,1,12,[1 8],2,2,14,0,2
1,<environment.Job instance at 0x7f175b8e5cd0>,2,1,[4 5],3,14,15,11,4
1,<environment.Job instance at 0x7f17183dd140>,4,2,[8 3],8,15,17,7,8
1,<environment.Job instance at 0x7f175e7dec80>,5,13,[2 7],9,15,28,6,10
1,<environment.Job instance at 0x7f1762ca0d20>,7,14,[6 3],11,17,31,6,12
1,<environment.Job instance at 0x7f17181931e0>,16,2,[2 9],27,31,33,4,27
1,<environment.Job instance at 0x7f175e4cf5a0>,20,20,[6 3],31,34,54,3,34
1,<environment.Job instance at 0x7f175bbe2e10>,22,2,[8 5],33,54,56,21,40
1,<environment.Job instance at 0x7f175be5b190>,25,3,[ 5 10],39,56,59,17,43
1,<environment.Job instance at 0x7f175ba8fe60>,21,17,[5 8],32,59,76,27,48
1,<environment.Job instance at 0x7f171800e690>,1,18,[3 8],2,2,20,0,2
1,<environment.Job instance at 0x7f1718242460>,2,16,[5 6],3,20,36,17,8
1,<environment.Job instance at 0x7f175e120550>,21,13,[9 4],31,36,49,5,31
1,<environment.Job instance at 0x7f17181fa690>,25,15,[8 2],39,49,64,10,43
1,<environment.Job instance at 0x7f17182091e0>,31,15,[7 4],49,64,79,15,50
1,<environment.Job instance at 0x7f1718209910>,35,18,[2 5],53,63,81,10,63
1,<environment.Job instance at 0x7f1717c1db90>,4,13,[5 5],7,9,22,2,9
1,<environment.Job instance at 0x7f1717c1de10>,7,18,[2 9],13,22,40,9,18
1,<environment.Job instance at 0x7f1718238a00>,13,16,[5 4],23,40,56,17,28
1,<environment.Job instance at 0x7f175ba07500>,23,15,[4 5],37,40,55,3,38
1,<environment.Job instance at 0x7f175ba07410>,25,23,[8 3],41,56,79,15,53
1,<environment.Job instance at 0x7f17183874b0>,2,14,[5 2],5,5,19,0,5
1,<environment.Job instance at 0x7f1717d1c5a0>,3,12,[8 1],7,19,31,12,7
1,<environment.Job instance at 0x7f1717d42c30>,6,2,[9 3],11,31,33,20,11
1,<environment.Job instance at 0x7f175e080320>,21,2,[2 7],29,39,41,10,39
1,<environment.Job instance at 0x7f175e080410>,22,15,[4 7],30,45,60,15,45
1,<environment.Job instance at 0x7f1717eb46e0>,27,15,[5 8],39,60,75,21,46
1,<environment.Job instance at 0x7f83a2d352d0>,3,22,[2 5],8,8,30,0,8
1,<environment.Job instance at 0x7f839b92aaf0>,4,13,[3 6],9,30,43,21,19
1,<environment.Job instance at 0x7f839b92d230>,11,23,[6 4],20,20,43,0,20
1,<environment.Job instance at 0x7f839b92d730>,18,15,[5 5],29,43,58,14,31
1,<environment.Job instance at 0x7f839b92dcd0>,24,12,[8 5],36,58,70,22,42
1,<environment.Job instance at 0x7f839b930cd0>,36,18,[9 4],52,78,96,26,78
1,<environment.Job instance at 0x7f83a2eb0c80>,4,12,[5 3],8,9,21,1,9
1,<environment.Job instance at 0x7f83a2d64c30>,6,12,[5 8],11,21,33,10,11
1,<environment.Job instance at 0x7f83a2d64550>,13,18,[3 5],20,33,51,13,22
1,<environment.Job instance at 0x7f83a2eb4aa0>,24,18,[ 3 10],33,51,69,18,40
1,<environment.Job instance at 0x7f83a2d63370>,33,12,[5 5],42,69,81,27,58
1,<environment.Job instance at 0x7f83a2d630a0>,41,14,[8 4],54,81,95,27,72
1,<environment.Job instance at 0x7f83a2d34a00>,1,18,[7 5],2,2,20,0,2
1,<environment.Job instance at 0x7f8357c4d190>,9,16,[6 2],12,22,38,10,22
1,<environment.Job instance at 0x7f8357d1ff50>,21,14,[1 9],31,40,54,9,40
1,<environment.Job instance at 0x7f8357cd3960>,34,2,[5 5],57,59,61,2,59
1,<environment.Job instance at 0x7f8357d1f320>,27,17,[6 4],46,71,88,25,71
1,<environment.Job instance at 0x7f8357cd3e60>,1,16,[4 9],4,4,20,0,4
1,<environment.Job instance at 0x7f8357d543c0>,4,19,[5 3],8,20,39,12,10
1,<environment.Job instance at 0x7f8358106690>,17,20,[7 5],24,39,59,15,35
1,<environment.Job instance at 0x7f83580dc5a0>,25,16,[10  4],40,59,75,19,49
1,<environment.Job instance at 0x7f83580dc140>,32,16,[6 5],47,75,91,28,66
1,<environment.Job instance at 0x7f8357de2960>,37,17,[3 6],52,91,108,39,79
1,<environment.Job instance at 0x7f8357de2eb0>,2,13,[2 7],3,3,16,0,3
1,<environment.Job instance at 0x7f835802bb90>,4,13,[5 9],5,16,29,11,6
1,<environment.Job instance at 0x7f835802bcd0>,7,13,[6 3],11,29,42,18,13
1,<environment.Job instance at 0x7f835802bf50>,9,1,[5 2],14,14,15,0,14
1,<environment.Job instance at 0x7f83580280a0>,10,14,[3 7],15,29,43,14,17
1,<environment.Job instance at 0x7f8358028c30>,21,17,[3 9],33,43,60,10,33
1,<environment.Job instance at 0x7f8358028f50>,24,16,[5 1],39,42,58,3,42
1,<environment.Job instance at 0x7f8358014230>,27,17,[10  1],42,60,77,18,52
1,<environment.Job instance at 0x7f8358014d20>,35,13,[8 3],52,77,90,25,68
1,<environment.Job instance at 0x7f8357f25780>,0,16,[8 1],3,3,19,0,3
1,<environment.Job instance at 0x7f8357f25d20>,6,14,[3 8],9,19,33,10,9
1,<environment.Job instance at 0x7f8357f25370>,12,13,[ 3 10],17,33,46,16,20
1,<environment.Job instance at 0x7f8357f255a0>,16,18,[1 9],21,46,64,25,35
1,<environment.Job instance at 0x7f839be460f0>,24,2,[6 4],32,64,66,32,44
1,<environment.Job instance at 0x7f839be46870>,22,18,[5 6],28,66,84,38,55
1,<environment.Job instance at 0x7f839deaf3c0>,35,12,[2 7],48,84,96,36,68
1,<environment.Job instance at 0x7f83581ea190>,3,26,[1 9],9,12,38,3,12
1,<environment.Job instance at 0x7f839b7ac7d0>,13,2,[6 4],25,38,40,13,33
1,<environment.Job instance at 0x7f839b75cd20>,16,16,[10  2],31,40,56,9,35
1,<environment.Job instance at 0x7f839dfbed70>,29,17,[4 6],47,65,82,18,65
1,<environment.Job instance at 0x7f839bd06230>,10,1,[ 1 10],14,14,15,0,14
1,<environment.Job instance at 0x7f839dfa4cd0>,12,13,[7 4],16,16,29,0,16
1,<environment.Job instance at 0x7f839bd1a9b0>,14,13,[4 8],19,29,42,10,20
1,<environment.Job instance at 0x7f839bcdfd20>,18,15,[3 9],26,42,57,16,30
1,<environment.Job instance at 0x7f839df736e0>,29,24,[5 5],46,69,93,23,69
1,<environment.Job instance at 0x7f8357f17e10>,0,13,[ 1 10],2,2,15,0,2
1,<environment.Job instance at 0x7f8357f17a00>,4,13,[7 4],11,15,28,4,11
1,<environment.Job instance at 0x7f839e3eaeb0>,5,14,[10  2],12,28,42,16,14
1,<environment.Job instance at 0x7f8357bbbf00>,17,14,[1 7],27,42,56,15,27
1,<environment.Job instance at 0x7f8357bbb410>,20,3,[5 1],31,42,45,11,34
1,<environment.Job instance at 0x7f839e3ea280>,15,12,[4 5],24,60,72,36,60
1,<environment.Job instance at 0x7f839e3f3eb0>,32,25,[5 5],47,60,85,13,60
1,<environment.Job instance at 0x7f8358252690>,3,13,[1 6],5,5,18,0,5
1,<environment.Job instance at 0x7f8358252640>,5,13,[2 7],7,18,31,11,7
1,<environment.Job instance at 0x7f839e1b5d20>,14,1,[4 7],20,31,32,11,23
1,<environment.Job instance at 0x7f839bc77a50>,18,18,[1 8],25,32,50,7,30
1,<environment.Job instance at 0x7f839ba49140>,23,17,[9 5],33,50,67,17,48
1,<environment.Job instance at 0x7f83579fa1e0>,27,15,[10  4],38,67,82,29,53
1,<environment.Job instance at 0x7f839b75e500>,6,15,[ 3 10],7,9,24,2,9
1,<environment.Job instance at 0x7f839b9037d0>,9,15,[7 4],16,24,39,8,17
1,<environment.Job instance at 0x7f839e017a50>,11,28,[9 3],18,46,74,28,46
1,<environment.Job instance at 0x7f8357aee140>,1,24,[9 1],2,7,31,5,7
1,<environment.Job instance at 0x7f839bce87d0>,7,14,[1 9],13,13,27,0,13
1,<environment.Job instance at 0x7f839e3f2e10>,8,12,[7 5],14,27,39,13,14
1,<environment.Job instance at 0x7f839dfbd460>,12,12,[10  1],21,39,51,18,31
1,<environment.Job instance at 0x7f839dfbd230>,19,3,[8 5],30,51,54,21,31
1,<environment.Job instance at 0x7f839e074cd0>,26,13,[6 5],40,54,67,14,43
1,<environment.Job instance at 0x7f839b87e460>,35,1,[5 6],52,67,68,15,55
1,<environment.Job instance at 0x7f839b87e5a0>,36,1,[5 5],55,68,69,13,55
1,<environment.Job instance at 0x7f839b87e550>,37,1,[5 9],57,69,70,12,57
1,<environment.Job instance at 0x7f839b87e2d0>,38,1,[9 4],60,70,71,10,60
1,<environment.Job instance at 0x7f839dfbd8c0>,13,17,[6 3],22,71,88,49,60
1,<environment.Job instance at 0x7f8358072640>,2,26,[2 7],4,7,33,3,7
1,<environment.Job instance at 0x7f8357b4b370>,10,13,[ 3 10],16,33,46,17,17
1,<environment.Job instance at 0x7f8357b4b0f0>,16,16,[1 6],25,46,62,21,36
1,<environment.Job instance at 0x7f8357e1a960>,21,16,[2 9],35,62,78,27,49
1,<environment.Job instance at 0x7f839df87690>,29,1,[5 2],43,78,79,35,64
1,<environment.Job instance at 0x7f839df87410>,30,13,[ 4 10],44,79,92,35,64
1,<environment.Job instance at 0x7f835806d370>,1,12,[1 8],2,3,15,1,3
1,<environment.Job instance at 0x7f83a2c61780>,3,12,[6 3],5,15,27,10,5
1,<environment.Job instance at 0x7f839ba78320>,8,15,[7 2],12,27,42,15,14
1,<environment.Job instance at 0x7f839ba785a0>,11,14,[1 7],21,26,40,5,26
1,<environment.Job instance at 0x7f839ba6f140>,22,2,[8 5],33,42,44,9,37
1,<environment.Job instance at 0x7f839ba6f780>,27,12,[7 2],42,49,61,7,49
1,<environment.Job instance at 0x7f839ba6fb40>,29,13,[9 1],48,61,74,13,49
1,<environment.Job instance at 0x7f839ba65460>,37,15,[9 4],59,76,91,17,76
1,<environment.Job instance at 0x7f839ba65500>,2,13,[4 7],3,3,16,0,3
1,<environment.Job instance at 0x7f839de74fa0>,5,15,[1 5],7,16,31,9,9
1,<environment.Job instance at 0x7f839bce7cd0>,8,12,[7 1],10,16,28,6,10
1,<environment.Job instance at 0x7f839e29ea50>,11,3,[5 4],14,28,31,14,14
1,<environment.Job instance at 0x7f839bce7af0>,12,3,[5 4],15,31,34,16,15
1,<environment.Job instance at 0x7f839bce74b0>,14,1,[ 1 10],18,34,35,16,18
1,<environment.Job instance at 0x7f839bce7690>,15,2,[6 2],20,35,37,15,20
1,<environment.Job instance at 0x7f839bce75a0>,16,13,[9 4],21,37,50,16,21
1,<environment.Job instance at 0x7f8357b4be60>,23,2,[5 5],33,50,52,17,35
1,<environment.Job instance at 0x7f839bce7550>,18,3,[7 4],24,52,55,28,39
1,<environment.Job instance at 0x7f839bce7280>,20,15,[8 2],29,55,70,26,41
1,<environment.Job instance at 0x7f83582aa460>,34,14,[2 6],49,58,72,9,58
1,<environment.Job instance at 0x7f83582aaf00>,35,14,[2 8],50,72,86,22,59
1,<environment.Job instance at 0x7f8357fccc80>,2,14,[4 7],6,7,21,1,7
1,<environment.Job instance at 0x7f8357bf09b0>,4,12,[5 3],9,12,24,3,12
1,<environment.Job instance at 0x7f839e0c0f50>,9,18,[7 3],15,24,42,9,15
1,<environment.Job instance at 0x7f83581fd9b0>,18,3,[10  4],28,42,45,14,28
1,<environment.Job instance at 0x7f8357d46be0>,19,3,[2 8],29,45,48,16,29
1,<environment.Job instance at 0x7f839e375550>,21,3,[5 9],31,48,51,17,31
1,<environment.Job instance at 0x7f839e0ea140>,25,15,[3 6],38,51,66,13,38
1,<environment.Job instance at 0x7f839b89de10>,34,15,[7 1],50,51,66,1,50
1,<environment.Job instance at 0x7f839bdce780>,1,25,[9 1],2,3,28,1,3
1,<environment.Job instance at 0x7f8357da0b90>,6,18,[1 8],11,13,31,2,13
1,<environment.Job instance at 0x7f8357c95820>,16,21,[5 6],25,31,52,6,25
1,<environment.Job instance at 0x7f839e2765f0>,24,14,[7 4],37,52,66,15,38
1,<environment.Job instance at 0x7f839e27faf0>,29,17,[8 4],44,66,83,22,55
1,<environment.Job instance at 0x7f839e261f00>,34,1,[4 5],51,83,84,32,70
1,<environment.Job instance at 0x7f839e261870>,35,13,[5 1],52,83,96,31,70
1,<environment.Job instance at 0x7f839e4295f0>,0,18,[2 9],1,1,19,0,1
1,<environment.Job instance at 0x7f839e429e60>,3,14,[1 7],5,19,33,14,5
1,<environment.Job instance at 0x7f839bbe4780>,6,13,[7 1],8,10,23,2,10
1,<environment.Job instance at 0x7f8357de4370>,10,13,[6 5],15,33,46,18,20
1,<environment.Job instance at 0x7f8357de4910>,20,2,[4 6],27,46,48,19,33
1,<environment.Job instance at 0x7f83a2c31410>,23,12,[6 3],31,46,58,15,35
1,<environment.Job instance at 0x7f83a2c31960>,24,2,[10  2],34,58,60,24,39
1,<environment.Job instance at 0x7f83a2c31e10>,27,12,[10  3],39,60,72,21,46
1,<environment.Job instance at 0x7f83582eb280>,34,14,[2 6],50,72,86,22,64
1,<environment.Job instance at 0x7f839e0244b0>,41,14,[9 1],61,86,100,25,72
1,<environment.Job instance at 0x7f839b8fcaa0>,2,21,[4 5],4,4,25,0,4
1,<environment.Job instance at 0x7f839bcea910>,5,14,[6 2],9,11,25,2,11
1,<environment.Job instance at 0x7f8357cad140>,15,3,[1 5],28,29,32,1,29
1,<environment.Job instance at 0x7f839b7eb3c0>,16,1,[5 8],29,32,33,3,29
1,<environment.Job instance at 0x7f8357a1b6e0>,25,2,[7 4],47,47,49,0,47
1,<environment.Job instance at 0x7f839bcea5a0>,6,22,[8 3],11,54,76,43,54
1,<environment.Job instance at 0x7f839b98eaf0>,31,1,[10  3],58,76,77,18,59
1,<environment.Job instance at 0x7f839b98ee60>,29,3,[7 5],53,77,80,24,60
1,<environment.Job instance at 0x7ff5a54ddc80>,3,22,[2 5],8,8,30,0,8
1,<environment.Job instance at 0x7ff59e0d0370>,4,13,[3 6],9,30,43,21,14
1,<environment.Job instance at 0x7ff59e0d0eb0>,18,15,[5 5],29,43,58,14,38
1,<environment.Job instance at 0x7ff59e0d0a50>,12,18,[5 9],21,59,77,38,59
1,<environment.Job instance at 0x7ff59e0d2a50>,30,21,[5 9],42,77,98,35,69
1,<environment.Job instance at 0x7ff59e0d2d20>,33,16,[1 9],46,98,114,52,87
1,<environment.Job instance at 0x7ff5a56571e0>,2,16,[1 9],3,3,19,0,3
1,<environment.Job instance at 0x7ff5a56564b0>,4,13,[4 8],6,19,32,13,6
1,<environment.Job instance at 0x7ff5a5656d70>,7,18,[3 5],10,32,50,22,22
1,<environment.Job instance at 0x7ff5a550a9b0>,22,18,[7 1],27,33,51,6,33
1,<environment.Job instance at 0x7ff5a5509fa0>,30,15,[5 6],36,61,76,25,61
1,<environment.Job instance at 0x7ff5a5509af0>,32,13,[5 9],39,76,89,37,63
1,<environment.Job instance at 0x7ff5a5509b40>,37,17,[6 5],49,89,106,40,77
1,<environment.Job instance at 0x7ff55a3a3dc0>,0,28,[ 2 10],1,30,58,29,30
1,<environment.Job instance at 0x7ff55a4a0640>,26,18,[8 2],47,58,76,11,47
1,<environment.Job instance at 0x7ff55a4a06e0>,27,23,[2 7],49,64,87,15,64
1,<environment.Job instance at 0x7ff55a4c7230>,35,19,[5 3],68,84,103,16,84
1,<environment.Job instance at 0x7ff55a3ca0f0>,1,26,[3 9],3,10,36,7,10
1,<environment.Job instance at 0x7ff55a3ab820>,6,23,[4 7],11,36,59,25,32
1,<environment.Job instance at 0x7ff55a9fc0f0>,24,23,[1 9],29,59,82,30,58
1,<environment.Job instance at 0x7ff55a9fc320>,25,17,[8 5],30,82,99,52,71
1,<environment.Job instance at 0x7ff55a580be0>,1,17,[10  1],2,2,19,0,2
1,<environment.Job instance at 0x7ff55a490d70>,2,15,[6 5],4,19,34,15,5
1,<environment.Job instance at 0x7ff55aa70050>,6,13,[8 2],9,34,47,25,18
1,<environment.Job instance at 0x7ff55aa70e60>,22,27,[9 5],30,49,76,19,49
1,<environment.Job instance at 0x7ff55aa95730>,1,18,[7 1],3,3,21,0,3
1,<environment.Job instance at 0x7ff55a54d910>,5,1,[5 8],8,21,22,13,9
1,<environment.Job instance at 0x7ff55aa869b0>,2,18,[7 1],5,22,40,17,12
1,<environment.Job instance at 0x7ff59e9d34b0>,16,14,[7 5],24,40,54,16,29
1,<environment.Job instance at 0x7ff55a6f0500>,21,2,[2 7],35,35,37,0,35
1,<environment.Job instance at 0x7ff55a6f08c0>,22,1,[5 8],36,54,55,18,36
1,<environment.Job instance at 0x7ff59e4d1f00>,20,14,[1 9],31,55,69,24,40
1,<environment.Job instance at 0x7ff55a6f0370>,28,17,[10  5],46,69,86,23,63
1,<environment.Job instance at 0x7ff59e289730>,5,16,[2 8],11,11,27,0,11
1,<environment.Job instance at 0x7ff59e143320>,17,25,[10  2],26,32,57,6,32
1,<environment.Job instance at 0x7ff55a54a050>,16,15,[9 2],25,57,72,32,45
1,<environment.Job instance at 0x7ff59df09b90>,30,15,[3 9],46,72,87,26,59
1,<environment.Job instance at 0x7ff5a540b2d0>,33,17,[ 5 10],50,87,104,37,75
1,<environment.Job instance at 0x7ff55a74a5f0>,7,2,[4 6],10,10,12,0,10
1,<environment.Job instance at 0x7ff59dff8500>,10,2,[6 1],17,17,19,0,17
1,<environment.Job instance at 0x7ff55a2730a0>,20,3,[8 3],31,42,45,11,42
1,<environment.Job instance at 0x7ff55a23f550>,23,12,[4 5],34,48,60,14,48
1,<environment.Job instance at 0x7ff59e7c0550>,1,18,[ 4 10],3,3,21,0,3
1,<environment.Job instance at 0x7ff55a69fe60>,13,26,[4 9],18,33,59,15,33
1,<environment.Job instance at 0x7ff55a84c7d0>,24,2,[2 6],34,59,61,25,50
1,<environment.Job instance at 0x7ff55a84c320>,25,14,[5 4],36,59,73,23,51
1,<environment.Job instance at 0x7ff55a84c0a0>,26,1,[5 2],37,61,62,24,51
1,<environment.Job instance at 0x7ff55aa469b0>,32,12,[2 6],45,70,82,25,70
1,<environment.Job instance at 0x7ff55aa46b90>,34,18,[10  5],49,82,100,33,71
1,<environment.Job instance at 0x7ff55a8a0500>,3,28,[9 3],8,8,36,0,8
1,<environment.Job instance at 0x7ff55a6a9eb0>,9,18,[6 2],15,36,54,21,25
1,<environment.Job instance at 0x7ff59de67500>,16,13,[3 5],26,36,49,10,27
1,<environment.Job instance at 0x7ff59e1c8280>,18,13,[2 6],28,49,62,21,33
1,<environment.Job instance at 0x7ff59e417550>,26,12,[6 3],38,54,66,16,42
1,<environment.Job instance at 0x7ff59de8a1e0>,27,3,[2 7],43,62,65,19,43
1,<environment.Job instance at 0x7ff59de8afa0>,28,1,[2 7],44,65,66,21,44
1,<environment.Job instance at 0x7ff59ed8e140>,33,18,[10  1],51,70,88,19,70
1,<environment.Job instance at 0x7ff59ed8e5f0>,38,12,[6 2],58,88,100,30,72
1,<environment.Job instance at 0x7ff59e62afa0>,44,1,[1 7],67,88,89,21,84
1,<environment.Job instance at 0x7ff59e428af0>,0,22,[ 3 10],1,8,30,7,8
1,<environment.Job instance at 0x7ff55a7bf410>,13,13,[10  2],19,30,43,11,20
1,<environment.Job instance at 0x7ff59debad70>,12,15,[10  1],18,43,58,25,33
1,<environment.Job instance at 0x7ff59dffa410>,21,2,[5 7],30,58,60,28,33
1,<environment.Job instance at 0x7ff55a7fb9b0>,29,15,[9 1],39,60,75,21,49
1,<environment.Job instance at 0x7ff55a916c80>,30,3,[3 9],40,75,78,35,49
1,<environment.Job instance at 0x7ff59e1f5c80>,36,12,[3 7],47,78,90,31,62
1,<environment.Job instance at 0x7ff59e1f5500>,40,15,[4 5],54,90,105,36,77
1,<environment.Job instance at 0x7ff59ded7910>,45,2,[10  5],63,105,107,42,78
1,<environment.Job instance at 0x7ff59ded7280>,47,3,[3 5],65,90,93,25,83
1,<environment.Job instance at 0x7ff55a1b3be0>,49,2,[5 9],69,107,109,38,84
1,<environment.Job instance at 0x7ff59e14d5a0>,3,12,[9 3],6,6,18,0,6
1,<environment.Job instance at 0x7ff59e22a780>,6,13,[6 5],10,18,31,8,10
1,<environment.Job instance at 0x7ff59e22ab40>,10,12,[8 3],15,31,43,16,15
1,<environment.Job instance at 0x7ff59e230c30>,25,18,[2 8],39,43,61,4,39
1,<environment.Job instance at 0x7ff59e232500>,32,13,[8 5],52,61,74,9,54
1,<environment.Job instance at 0x7ff59e232960>,36,20,[3 6],59,74,94,15,67
1,<environment.Job instance at 0x7ff59e232b40>,39,21,[7 3],63,74,95,11,68
1,<environment.Job instance at 0x7ff59e22f4b0>,46,15,[ 5 10],74,95,110,21,81
1,<environment.Job instance at 0x7ff59e6f8460>,20,15,[3 6],30,39,54,9,39
1,<environment.Job instance at 0x7ff55a249190>,4,16,[6 3],7,7,23,0,7
1,<environment.Job instance at 0x7ff55a746370>,12,2,[3 8],18,23,25,5,20
1,<environment.Job instance at 0x7ff59e575cd0>,17,16,[5 6],23,28,44,5,28
1,<environment.Job instance at 0x7ff59e575af0>,19,3,[ 3 10],29,44,47,15,29
1,<environment.Job instance at 0x7ff55a746960>,8,14,[5 7],12,47,61,35,42
1,<environment.Job instance at 0x7ff59e575550>,28,12,[7 1],40,61,73,21,44
1,<environment.Job instance at 0x7ff55a3f9fa0>,32,3,[5 4],45,73,76,28,49
1,<environment.Job instance at 0x7ff55a3f90f0>,34,1,[ 1 10],48,76,77,28,51
1,<environment.Job instance at 0x7ff55a3f9aa0>,37,15,[8 3],52,77,92,25,63
1,<environment.Job instance at 0x7ff59df93050>,46,15,[7 4],69,92,107,23,80
1,<environment.Job instance at 0x7ff55a91b5f0>,50,18,[2 5],73,85,103,12,85
1,<environment.Job instance at 0x7ff55a1a8550>,4,13,[5 5],7,7,20,0,7
1,<environment.Job instance at 0x7ff55a1a80f0>,3,25,[4 6],6,26,51,20,26
1,<environment.Job instance at 0x7ff55a8b7550>,13,16,[5 4],23,30,46,7,30
1,<environment.Job instance at 0x7ff55a899050>,23,15,[4 5],37,51,66,14,38
1,<environment.Job instance at 0x7ff55a899b90>,29,14,[5 5],47,51,65,4,51
1,<environment.Job instance at 0x7ff55a8c7230>,36,13,[5 7],54,66,79,12,62
1,<environment.Job instance at 0x7ff55a8c75a0>,40,12,[4 6],62,81,93,19,81
1,<environment.Job instance at 0x7ff55a8c7b40>,44,18,[8 3],68,93,111,25,85
1,<environment.Job instance at 0x7ff59eaa3d20>,1,12,[7 1],2,3,15,1,3
1,<environment.Job instance at 0x7ff59eaa3500>,3,16,[10  2],4,15,31,11,5
1,<environment.Job instance at 0x7ff5a564fc80>,15,18,[1 8],21,31,49,10,26
1,<environment.Job instance at 0x7ff59e9f0550>,19,28,[7 5],27,49,77,22,49
1,<environment.Job instance at 0x7ff59e221f50>,34,2,[ 3 10],48,77,79,29,59
1,<environment.Job instance at 0x7ff59e2210a0>,35,18,[2 8],49,79,97,30,71
1,<environment.Job instance at 0x7ff59e9f00a0>,2,16,[4 6],4,6,22,2,6
1,<environment.Job instance at 0x7ff55a447820>,6,13,[7 1],8,22,35,14,8
1,<environment.Job instance at 0x7ff55a959460>,21,13,[6 2],28,35,48,7,30
1,<environment.Job instance at 0x7ff59dfdcf00>,29,16,[ 3 10],42,48,64,6,42
1,<environment.Job instance at 0x7ff55a2e1230>,31,2,[9 5],44,64,66,20,44
1,<environment.Job instance at 0x7ff55a2e1a50>,30,3,[2 5],43,66,69,23,50
1,<environment.Job instance at 0x7ff55a5ce1e0>,44,14,[4 5],64,88,102,24,88
1,<environment.Job instance at 0x7ff55a5cea00>,46,2,[6 4],67,89,91,22,89
1,<environment.Job instance at 0x7ff59ded2c80>,6,15,[7 4],11,12,27,1,12
1,<environment.Job instance at 0x7ff59ded2f00>,9,3,[1 5],18,20,23,2,20
1,<environment.Job instance at 0x7ff59ded2d20>,7,3,[4 7],12,27,30,15,20
1,<environment.Job instance at 0x7ff59debc2d0>,12,14,[8 1],22,30,44,8,27
1,<environment.Job instance at 0x7ff59debc4b0>,15,15,[9 1],25,44,59,19,30
1,<environment.Job instance at 0x7ff59debccd0>,21,14,[4 9],41,59,73,18,46
1,<environment.Job instance at 0x7ff59dec5280>,26,13,[9 4],49,73,86,24,58
1,<environment.Job instance at 0x7ff59dec54b0>,31,15,[8 1],56,86,101,30,76
1,<environment.Job instance at 0x7ff59e6ec2d0>,0,17,[8 4],2,2,19,0,2
1,<environment.Job instance at 0x7ff59e6ec6e0>,3,15,[9 2],10,19,34,9,10
1,<environment.Job instance at 0x7ff59e8628c0>,7,17,[3 8],17,34,51,17,22
1,<environment.Job instance at 0x7ff55a2e32d0>,17,18,[6 2],29,34,52,5,29
1,<environment.Job instance at 0x7ff59e96ccd0>,27,13,[ 2 10],46,52,65,6,46
1,<environment.Job instance at 0x7ff59ea915a0>,28,17,[7 5],47,65,82,18,53
1,<environment.Job instance at 0x7ff59e703550>,41,13,[8 4],63,82,95,19,76
1,<environment.Job instance at 0x7ff59e1c8500>,2,18,[ 3 10],4,5,23,1,5
1,<environment.Job instance at 0x7ff55a42de10>,7,15,[9 3],11,23,38,12,16
1,<environment.Job instance at 0x7ff5a526c280>,21,23,[9 2],33,38,61,5,34
1,<environment.Job instance at 0x7ff59df7c320>,28,22,[5 6],40,64,86,24,64
1,<environment.Job instance at 0x7ff55a8afd20>,33,17,[8 2],46,86,103,40,82
1,<environment.Job instance at 0x7ff3b6d85370>,4,13,[3 6],9,11,24,2,11
1,<environment.Job instance at 0x7ff3b6d85460>,7,14,[7 5],12,24,38,12,12
1,<environment.Job instance at 0x7ff3b6d87280>,20,17,[9 3],32,38,55,6,35
1,<environment.Job instance at 0x7ff3b6d87460>,22,20,[4 6],34,55,75,21,50
1,<environment.Job instance at 0x7ff3b6d87550>,27,2,[4 7],39,75,77,36,67
1,<environment.Job instance at 0x7ff3b6d87b40>,31,3,[4 5],44,77,80,33,72
1,<environment.Job instance at 0x7ff3b6d85730>,12,18,[5 9],21,80,98,59,72
1,<environment.Job instance at 0x7ff3b6d8c0f0>,39,23,[4 7],57,98,121,41,97
1,<environment.Job instance at 0x7ff3be1bd410>,3,14,[10  1],5,5,19,0,5
1,<environment.Job instance at 0x7ff3be2fe910>,4,16,[8 1],6,19,35,13,7
1,<environment.Job instance at 0x7ff3be304e60>,17,3,[6 1],20,35,38,15,21
1,<environment.Job instance at 0x7ff3be304a00>,18,18,[5 4],21,38,56,17,28
1,<environment.Job instance at 0x7ff3be1beb90>,28,1,[3 8],38,56,57,18,40
1,<environment.Job instance at 0x7ff3be302f00>,37,22,[5 5],48,58,80,10,58
1,<environment.Job instance at 0x7ff3be309fa0>,43,16,[5 2],56,69,85,13,69
1,<environment.Job instance at 0x7ff3be309370>,44,21,[5 5],58,80,101,22,74
1,<environment.Job instance at 0x7ff3be310d70>,54,16,[6 4],70,101,117,31,89
1,<environment.Job instance at 0x7ff3730bc5f0>,3,18,[5 5],7,7,25,0,7
1,<environment.Job instance at 0x7ff3730bc690>,5,16,[4 9],9,25,41,16,12
1,<environment.Job instance at 0x7ff3730b79b0>,17,23,[2 7],29,41,64,12,37
1,<environment.Job instance at 0x7ff3730b7910>,23,14,[7 3],46,51,65,5,51
1,<environment.Job instance at 0x7ff3730b7aa0>,28,15,[ 2 10],52,65,80,13,54
1,<environment.Job instance at 0x7ff373145410>,33,2,[4 9],59,80,82,21,60
1,<environment.Job instance at 0x7ff373145190>,35,3,[5 5],61,82,85,21,61
1,<environment.Job instance at 0x7ff373134e10>,36,1,[5 4],62,82,83,20,62
1,<environment.Job instance at 0x7ff3731340f0>,37,2,[10  4],63,85,87,22,63
1,<environment.Job instance at 0x7ff373134230>,44,14,[8 2],77,87,101,10,86
1,<environment.Job instance at 0x7ff373134910>,2,16,[6 2],4,5,21,1,5
1,<environment.Job instance at 0x7ff37315ee10>,10,1,[ 5 10],15,21,22,6,19
1,<environment.Job instance at 0x7ff37315e780>,15,19,[1 5],21,22,41,1,21
1,<environment.Job instance at 0x7ff37315d8c0>,22,13,[6 3],31,37,50,6,37
1,<environment.Job instance at 0x7ff37315e730>,19,13,[5 9],25,50,63,25,41
1,<environment.Job instance at 0x7ff37315d320>,29,14,[5 8],41,63,77,22,54
1,<environment.Job instance at 0x7ff37317a410>,0,16,[8 1],3,3,19,0,3
1,<environment.Job instance at 0x7ff373478460>,6,14,[3 8],9,19,33,10,14
1,<environment.Job instance at 0x7ff373478dc0>,17,13,[6 5],22,33,46,11,27
1,<environment.Job instance at 0x7ff373478e60>,18,16,[ 5 10],23,46,62,23,36
1,<environment.Job instance at 0x7ff373474a00>,27,16,[4 7],37,62,78,25,52
1,<environment.Job instance at 0x7ff373474b40>,29,15,[4 5],39,78,93,39,64
1,<environment.Job instance at 0x7ff3734875a0>,39,18,[7 1],55,93,111,38,82
1,<environment.Job instance at 0x7ff3b6e07cd0>,4,16,[10  2],11,11,27,0,11
1,<environment.Job instance at 0x7ff3b6f17f50>,8,15,[9 1],15,27,42,12,16
1,<environment.Job instance at 0x7ff3b6b649b0>,24,13,[1 5],39,43,56,4,43
1,<environment.Job instance at 0x7ff3b6b64690>,25,22,[ 1 10],40,56,78,16,51
1,<environment.Job instance at 0x7ff3b722f7d0>,29,1,[9 1],48,51,52,3,51
1,<environment.Job instance at 0x7ff3b6b64780>,27,14,[7 4],44,78,92,34,65
1,<environment.Job instance at 0x7ff3b722fcd0>,40,18,[5 8],63,94,112,31,94
1,<environment.Job instance at 0x7ff3735899b0>,3,24,[5 5],6,14,38,8,14
1,<environment.Job instance at 0x7ff373376f50>,11,1,[3 5],18,18,19,0,18
1,<environment.Job instance at 0x7ff373242780>,14,18,[5 5],21,21,39,0,21
1,<environment.Job instance at 0x7ff373376640>,15,13,[3 7],24,39,52,15,34
1,<environment.Job instance at 0x7ff373608690>,22,15,[6 3],35,39,54,4,35
1,<environment.Job instance at 0x7ff3735f8c80>,26,13,[ 1 10],42,54,67,12,52
1,<environment.Job instance at 0x7ff3b7045410>,0,16,[6 1],1,1,17,0,1
1,<environment.Job instance at 0x7ff3732c55a0>,9,2,[7 2],11,17,19,6,11
1,<environment.Job instance at 0x7ff3732c5690>,8,15,[ 4 10],10,19,34,9,18
1,<environment.Job instance at 0x7ff3732c5e10>,17,18,[ 4 10],23,34,52,11,23
1,<environment.Job instance at 0x7ff3732c9690>,24,16,[10  1],31,52,68,21,41
1,<environment.Job instance at 0x7ff3732c9280>,19,13,[1 6],25,68,81,43,52
1,<environment.Job instance at 0x7ff3732bb1e0>,34,18,[1 8],45,81,99,36,70
1,<environment.Job instance at 0x7ff3732bbc80>,43,15,[10  4],58,99,114,41,88
1,<environment.Job instance at 0x7ff372fe70a0>,6,15,[ 3 10],7,7,22,0,7
1,<environment.Job instance at 0x7ff3b96290a0>,9,15,[7 4],16,22,37,6,17
1,<environment.Job instance at 0x7ff372f18960>,11,28,[9 3],18,37,65,19,36
1,<environment.Job instance at 0x7ff3b9a65cd0>,31,17,[7 4],45,65,82,20,63
1,<environment.Job instance at 0x7ff3b9780550>,32,12,[8 4],46,82,94,36,80
1,<environment.Job instance at 0x7ff37301f8c0>,39,23,[2 6],58,80,103,22,80
1,<environment.Job instance at 0x7ff3b6d24d70>,5,13,[3 9],8,8,21,0,8
1,<environment.Job instance at 0x7ff3b6bb7460>,8,17,[ 4 10],12,21,38,9,12
1,<environment.Job instance at 0x7ff37344b7d0>,17,16,[5 8],24,38,54,14,32
1,<environment.Job instance at 0x7ff3b997b3c0>,22,15,[5 1],31,39,54,8,39
1,<environment.Job instance at 0x7ff37364b230>,28,15,[4 7],37,54,69,17,46
1,<environment.Job instance at 0x7ff3735b86e0>,36,12,[3 7],47,69,81,22,64
1,<environment.Job instance at 0x7ff3735b8b40>,38,16,[8 4],49,81,97,32,68
1,<environment.Job instance at 0x7ff373493fa0>,52,14,[1 9],73,97,111,24,88
1,<environment.Job instance at 0x7ff373493500>,53,12,[7 5],74,111,123,37,95
1,<environment.Job instance at 0x7ff3b9753f00>,3,12,[8 3],5,5,17,0,5
1,<environment.Job instance at 0x7ff3b7173140>,4,17,[8 2],8,17,34,9,11
1,<environment.Job instance at 0x7ff3b9752cd0>,17,2,[4 8],27,34,36,7,31
1,<environment.Job instance at 0x7ff3b9752f50>,18,18,[2 8],29,36,54,7,34
1,<environment.Job instance at 0x7ff3b9771280>,23,3,[9 2],39,54,57,15,49
1,<environment.Job instance at 0x7ff3b97717d0>,27,3,[5 4],45,57,60,12,50
1,<environment.Job instance at 0x7ff3b9771aa0>,28,13,[10  4],48,60,73,12,52
1,<environment.Job instance at 0x7ff3b976e140>,35,18,[2 7],58,73,91,15,62
1,<environment.Job instance at 0x7ff3b9771d70>,32,21,[7 3],53,73,94,20,68
1,<environment.Job instance at 0x7ff3be0ca780>,22,13,[2 7],29,52,65,23,52
1,<environment.Job instance at 0x7ff3b6fbc7d0>,14,27,[1 8],18,85,112,67,85
1,<environment.Job instance at 0x7ff37321b370>,8,12,[7 1],10,10,22,0,10
1,<environment.Job instance at 0x7ff37321b1e0>,6,15,[7 3],8,22,37,14,11
1,<environment.Job instance at 0x7ff3b6fc10f0>,16,13,[9 4],21,37,50,16,23
1,<environment.Job instance at 0x7ff3733cca50>,27,14,[10  5],40,50,64,10,40
1,<environment.Job instance at 0x7ff37321bd70>,9,25,[7 5],11,64,89,53,62
1,<environment.Job instance at 0x7ff3733767d0>,41,14,[9 1],63,89,103,26,87
1,<environment.Job instance at 0x7ff3b70f5eb0>,7,25,[10  4],10,10,35,0,10
1,<environment.Job instance at 0x7ff3b70c8050>,15,12,[4 6],22,35,47,13,23
1,<environment.Job instance at 0x7ff3b70d64b0>,24,14,[5 2],35,37,51,2,37
1,<environment.Job instance at 0x7ff3b6f235a0>,27,21,[4 5],39,47,68,8,42
1,<environment.Job instance at 0x7ff3b6f2ab90>,31,1,[ 5 10],44,68,69,24,45
1,<environment.Job instance at 0x7ff372e8d370>,3,27,[5 3],6,7,34,1,7
1,<environment.Job instance at 0x7ff3b7248dc0>,5,18,[7 4],10,34,52,24,23
1,<environment.Job instance at 0x7ff3b6b20230>,22,18,[6 4],34,52,70,18,43
1,<environment.Job instance at 0x7ff3b97e4500>,32,14,[1 7],45,70,84,25,66
1,<environment.Job instance at 0x7ff3b97e4aa0>,31,16,[4 6],44,84,100,40,71
1,<environment.Job instance at 0x7ff3b6e92370>,40,16,[6 3],56,86,102,30,86
1,<environment.Job instance at 0x7ff3b96ca5f0>,50,13,[6 2],68,102,115,34,99
1,<environment.Job instance at 0x7ff3b6de9370>,0,14,[9 1],1,1,15,0,1
1,<environment.Job instance at 0x7ff3b6de93c0>,1,15,[2 9],2,15,30,13,2
1,<environment.Job instance at 0x7ff372f558c0>,13,1,[1 9],17,30,31,13,21
1,<environment.Job instance at 0x7ff372f55640>,18,2,[8 5],23,31,33,8,24
1,<environment.Job instance at 0x7ff372f55e10>,11,16,[8 3],13,35,51,22,35
1,<environment.Job instance at 0x7ff3731f75f0>,30,3,[4 7],42,51,54,9,44
1,<environment.Job instance at 0x7ff372d65fa0>,36,17,[7 4],53,65,82,12,65
1,<environment.Job instance at 0x7ff372d652d0>,37,1,[1 8],54,82,83,28,65
1,<environment.Job instance at 0x7ff372d65d20>,40,1,[9 5],62,83,84,21,77
1,<environment.Job instance at 0x7ff372d55960>,3,27,[3 8],6,6,33,0,6
1,<environment.Job instance at 0x7ff372d81a00>,9,16,[5 3],15,33,49,18,20
1,<environment.Job instance at 0x7ff373280e10>,20,17,[3 8],37,49,66,12,41
1,<environment.Job instance at 0x7ff3734a9410>,31,13,[7 1],50,54,67,4,54
1,<environment.Job instance at 0x7ff3b97ba4b0>,34,18,[8 1],56,67,85,11,56
1,<environment.Job instance at 0x7ff3734a65a0>,45,22,[1 9],71,77,99,6,77
1,<environment.Job instance at 0x7ff3734a6370>,46,14,[6 1],72,85,99,13,78
1,<environment.Job instance at 0x7ff3b7188e60>,48,17,[9 5],75,99,116,24,87
1,<environment.Job instance at 0x7ff3b71886e0>,1,16,[1 5],4,4,20,0,4
1,<environment.Job instance at 0x7ff3b938b5f0>,2,15,[2 7],6,20,35,14,6
1,<environment.Job instance at 0x7ff3b98b8a00>,3,12,[8 1],7,7,19,0,7
1,<environment.Job instance at 0x7ff3b93c0140>,11,1,[1 6],19,35,36,16,20
1,<environment.Job instance at 0x7ff3b93c0910>,8,16,[3 5],15,36,52,21,25
1,<environment.Job instance at 0x7ff373695820>,12,15,[9 3],21,52,67,31,38
1,<environment.Job instance at 0x7ff372e0eeb0>,19,2,[4 5],35,40,42,5,40
1,<environment.Job instance at 0x7ff3736383c0>,27,21,[8 4],44,72,93,28,72
1,<environment.Job instance at 0x7ff3b6f999b0>,1,18,[10  1],2,2,20,0,2
1,<environment.Job instance at 0x7ff3b9566d20>,9,18,[3 5],12,20,38,8,13
1,<environment.Job instance at 0x7ff372e43be0>,20,15,[9 5],24,38,53,14,24
1,<environment.Job instance at 0x7ff37346b910>,25,3,[3 7],30,53,56,23,31
1,<environment.Job instance at 0x7ff37346b960>,27,28,[8 3],32,56,84,24,55
1,<environment.Job instance at 0x7ff373379870>,40,16,[9 5],53,85,101,32,85
1,<environment.Job instance at 0x7ff373379780>,46,16,[6 5],60,101,117,41,95
1,<environment.Job instance at 0x7ff3736db1e0>,0,16,[ 3 10],1,1,17,0,1
1,<environment.Job instance at 0x7ff3b6b7ef00>,10,18,[5 3],18,18,36,0,18
1,<environment.Job instance at 0x7ff3b7250c80>,14,18,[4 7],23,24,42,1,24
1,<environment.Job instance at 0x7ff372c4feb0>,18,15,[2 8],29,42,57,13,30
1,<environment.Job instance at 0x7ff3b7268410>,20,15,[2 8],31,57,72,26,44
1,<environment.Job instance at 0x7ff3735389b0>,19,12,[9 4],30,72,84,42,57
1,<environment.Job instance at 0x7ff3b72484b0>,41,17,[3 9],63,89,106,26,89
1,<environment.Job instance at 0x7ff372dffcd0>,36,15,[4 8],56,106,121,50,98
1,<environment.Job instance at 0x7f232a11a0f0>,3,22,[2 5],8,8,30,0,8
1,<environment.Job instance at 0x7f2322d0b370>,4,13,[3 6],9,30,43,21,16
1,<environment.Job instance at 0x7f2322d0ba50>,11,23,[6 4],20,20,43,0,20
1,<environment.Job instance at 0x7f2322d0c140>,19,17,[7 5],31,43,60,12,31
1,<environment.Job instance at 0x7f2322d0ca00>,27,2,[4 7],39,60,62,21,50
1,<environment.Job instance at 0x7f2322d0b730>,9,19,[1 8],16,62,81,46,56
1,<environment.Job instance at 0x7f2322d0ceb0>,32,3,[1 9],45,81,84,36,77
1,<environment.Job instance at 0x7f2322d0ce10>,33,16,[1 9],46,84,100,38,77
1,<environment.Job instance at 0x7f2322d0f0a0>,35,3,[5 6],51,100,103,49,77
1,<environment.Job instance at 0x7f2322d0f1e0>,36,18,[9 4],52,103,121,51,94
1,<environment.Job instance at 0x7f2322d0f820>,43,15,[5 6],62,121,136,59,108
1,<environment.Job instance at 0x7f232a283d20>,2,18,[ 3 10],3,3,21,0,3
1,<environment.Job instance at 0x7f232a2899b0>,10,18,[5 4],11,21,39,10,11
1,<environment.Job instance at 0x7f232a290730>,11,12,[5 5],12,21,33,9,18
1,<environment.Job instance at 0x7f232a290f50>,13,15,[ 2 10],15,39,54,24,31
1,<environment.Job instance at 0x7f232a28e9b0>,26,3,[5 3],34,34,37,0,34
1,<environment.Job instance at 0x7f232a28ea50>,25,3,[5 3],33,54,57,21,35
1,<environment.Job instance at 0x7f232a287500>,22,1,[9 2],30,57,58,27,44
1,<environment.Job instance at 0x7f232a295870>,35,16,[5 2],46,58,74,12,50
1,<environment.Job instance at 0x7f232a295e10>,36,21,[5 5],48,58,79,10,56
1,<environment.Job instance at 0x7f232a294050>,48,3,[5 3],63,74,77,11,64
1,<environment.Job instance at 0x7f232a2949b0>,49,2,[4 6],64,79,81,15,64
1,<environment.Job instance at 0x7f232a2844b0>,50,12,[7 1],68,81,93,13,68
1,<environment.Job instance at 0x7f232a286550>,57,3,[9 2],77,93,96,16,77
1,<environment.Job instance at 0x7f22df0f6f50>,62,2,[5 6],86,96,98,10,88
1,<environment.Job instance at 0x7f232a28b4b0>,29,22,[5 5],38,98,120,60,93
1,<environment.Job instance at 0x7f22defba640>,64,2,[7 1],93,120,122,27,97
1,<environment.Job instance at 0x7f22df009e60>,4,18,[8 2],7,11,29,4,11
1,<environment.Job instance at 0x7f22df009b40>,10,16,[4 9],24,31,47,7,31
1,<environment.Job instance at 0x7f22df004e60>,16,15,[ 2 10],32,47,62,15,33
1,<environment.Job instance at 0x7f22df002690>,27,18,[10  5],46,62,80,16,53
1,<environment.Job instance at 0x7f22deffef50>,32,14,[8 2],57,80,94,23,65
1,<environment.Job instance at 0x7f22df3b0500>,3,14,[3 7],5,8,22,3,8
1,<environment.Job instance at 0x7f22df3b00a0>,6,15,[ 4 10],10,22,37,12,10
1,<environment.Job instance at 0x7f22df4d0e10>,13,14,[10  5],21,37,51,16,22
1,<environment.Job instance at 0x7f22df0e3e60>,26,13,[5 9],40,51,64,11,40
1,<environment.Job instance at 0x7f22df0e3050>,29,1,[5 5],44,64,65,20,49
1,<environment.Job instance at 0x7f22df0e34b0>,28,13,[8 3],42,65,78,23,49
1,<environment.Job instance at 0x7f22df639a00>,32,13,[10  2],48,78,91,30,62
1,<environment.Job instance at 0x7f22df0e3fa0>,33,13,[5 6],49,91,104,42,88
1,<environment.Job instance at 0x7f22df473820>,43,1,[6 4],63,104,105,41,88
1,<environment.Job instance at 0x7f22df473410>,42,13,[8 4],61,105,118,44,97
1,<environment.Job instance at 0x7f22df473730>,46,2,[2 9],66,118,120,52,97
1,<environment.Job instance at 0x7f22df0cba50>,3,20,[4 9],7,7,27,0,7
1,<environment.Job instance at 0x7f232a28b190>,6,13,[ 3 10],11,27,40,16,11
1,<environment.Job instance at 0x7f22df6b7820>,20,16,[5 4],29,40,56,11,33
1,<environment.Job instance at 0x7f22df6b76e0>,23,16,[5 2],35,40,56,5,39
1,<environment.Job instance at 0x7f22df6b7f50>,26,14,[1 9],41,56,70,15,51
1,<environment.Job instance at 0x7f22df6c5a50>,35,26,[9 1],57,76,102,19,76
1,<environment.Job instance at 0x7f22df6cc2d0>,1,13,[2 6],2,2,15,0,2
1,<environment.Job instance at 0x7f22df5bdf50>,10,2,[1 6],14,15,17,1,14
1,<environment.Job instance at 0x7f22df5bdaa0>,11,15,[9 2],15,15,30,0,15
1,<environment.Job instance at 0x7f22df5c5960>,19,13,[7 4],26,30,43,4,27
1,<environment.Job instance at 0x7f22df5bda50>,16,13,[4 8],23,43,56,20,29
1,<environment.Job instance at 0x7f22df5bdd70>,12,25,[10  2],16,56,81,40,52
1,<environment.Job instance at 0x7f23231995f0>,33,16,[1 6],51,81,97,30,69
1,<environment.Job instance at 0x7f22df399640>,39,1,[4 6],59,97,98,38,75
1,<environment.Job instance at 0x7f22df399870>,42,2,[10  3],66,98,100,32,96
1,<environment.Job instance at 0x7f232992ba00>,5,17,[9 3],9,100,117,91,98
1,<environment.Job instance at 0x7f2329c70960>,15,3,[10  1],20,20,23,0,20
1,<environment.Job instance at 0x7f22df1be370>,20,25,[5 5],27,45,70,18,45
1,<environment.Job instance at 0x7f23296879b0>,25,17,[8 5],35,70,87,35,61
1,<environment.Job instance at 0x7f2322d5c3c0>,38,15,[ 4 10],50,92,107,42,92
1,<environment.Job instance at 0x7f2322d5c460>,1,28,[2 6],3,4,32,1,4
1,<environment.Job instance at 0x7f22dee8a0a0>,7,12,[10  1],9,32,44,23,31
1,<environment.Job instance at 0x7f22dee8acd0>,20,13,[4 7],25,47,60,22,47
1,<environment.Job instance at 0x7f22dee8d370>,27,12,[6 4],34,60,72,26,50
1,<environment.Job instance at 0x7f22dee8d460>,29,3,[9 3],36,72,75,36,54
1,<environment.Job instance at 0x7f22dee8d640>,32,2,[3 9],41,75,77,34,68
1,<environment.Job instance at 0x7f22dee8a280>,9,17,[6 4],12,77,94,65,68
1,<environment.Job instance at 0x7f22dee8db40>,37,2,[7 5],50,94,96,44,80
1,<environment.Job instance at 0x7f22dee8da00>,36,15,[3 9],49,96,111,47,86
1,<environment.Job instance at 0x7f22dee8f960>,50,13,[2 6],68,111,124,43,98
1,<environment.Job instance at 0x7f22dee8fe10>,51,15,[5 4],69,111,126,42,100
1,<environment.Job instance at 0x7f22df0ed8c0>,0,17,[1 5],1,1,18,0,1
1,<environment.Job instance at 0x7f22df0edaa0>,4,18,[ 3 10],8,18,36,10,15
1,<environment.Job instance at 0x7f2322c0fa50>,9,12,[9 1],18,36,48,18,28
1,<environment.Job instance at 0x7f2322c0f6e0>,11,3,[6 3],23,48,51,25,28
1,<environment.Job instance at 0x7f22df30e7d0>,25,17,[3 9],41,54,71,13,54
1,<environment.Job instance at 0x7f2322b3e230>,29,13,[3 7],47,71,84,24,63
1,<environment.Job instance at 0x7f22df58de10>,32,15,[5 1],51,70,85,19,70
1,<environment.Job instance at 0x7f22df497370>,35,12,[5 2],54,84,96,30,70
1,<environment.Job instance at 0x7f2329686870>,37,24,[3 5],56,85,109,29,81
1,<environment.Job instance at 0x7f23296d5730>,52,13,[6 5],77,109,122,32,109
1,<environment.Job instance at 0x7f232972d320>,2,12,[9 3],3,3,15,0,3
1,<environment.Job instance at 0x7f23231d2550>,3,12,[9 3],6,15,27,9,6
1,<environment.Job instance at 0x7f22df636be0>,13,2,[5 7],20,27,29,7,22
1,<environment.Job instance at 0x7f23230c7500>,16,1,[5 5],25,29,30,4,25
1,<environment.Job instance at 0x7f22df5e1050>,15,1,[5 6],22,30,31,8,28
1,<environment.Job instance at 0x7f22deeb7e10>,14,12,[10  4],21,33,45,12,33
1,<environment.Job instance at 0x7f2322d15820>,27,14,[10  1],43,45,59,2,43
1,<environment.Job instance at 0x7f2329852af0>,32,13,[8 5],52,59,72,7,56
1,<environment.Job instance at 0x7f22df5c2d20>,42,18,[2 7],68,84,102,16,84
1,<environment.Job instance at 0x7f2322ff4c80>,45,14,[1 7],71,102,116,31,87
1,<environment.Job instance at 0x7f23294ff6e0>,52,16,[2 9],85,116,132,31,109
1,<environment.Job instance at 0x7f22df0561e0>,7,17,[2 7],11,11,28,0,11
1,<environment.Job instance at 0x7f22df056370>,8,15,[5 5],12,28,43,16,14
1,<environment.Job instance at 0x7f22df056690>,11,18,[5 9],15,43,61,28,38
1,<environment.Job instance at 0x7f22df0595a0>,28,14,[1 7],41,61,75,20,59
1,<environment.Job instance at 0x7f22df05b5a0>,0,25,[7 5],1,2,27,1,2
1,<environment.Job instance at 0x7f22df01d460>,7,13,[9 4],11,27,40,16,11
1,<environment.Job instance at 0x7f2322b4e910>,19,15,[ 1 10],31,40,55,9,31
1,<environment.Job instance at 0x7f2322e603c0>,26,14,[2 8],40,55,69,15,40
1,<environment.Job instance at 0x7f2322fda6e0>,34,25,[4 6],56,71,96,15,71
1,<environment.Job instance at 0x7f22df3150a0>,38,18,[2 9],63,96,114,33,89
1,<environment.Job instance at 0x7f22df315320>,44,16,[5 4],73,114,130,41,102
1,<environment.Job instance at 0x7f2323191230>,6,2,[8 1],9,9,11,0,9
1,<environment.Job instance at 0x7f2323191960>,5,18,[8 3],8,12,30,4,12
1,<environment.Job instance at 0x7f2329a6e460>,15,3,[8 5],22,30,33,8,23
1,<environment.Job instance at 0x7f2329c826e0>,11,12,[8 1],17,33,45,16,25
1,<environment.Job instance at 0x7f2329c82230>,12,17,[2 7],18,33,50,15,30
1,<environment.Job instance at 0x7f232977bb40>,23,12,[7 1],32,45,57,13,33
1,<environment.Job instance at 0x7f232977bd70>,26,13,[ 2 10],36,57,70,21,44
1,<environment.Job instance at 0x7f2322dc4d20>,35,15,[5 8],49,70,85,21,66
1,<environment.Job instance at 0x7f2329a6e6e0>,19,27,[ 5 10],28,86,113,58,86
1,<environment.Job instance at 0x7f2329ca7b90>,47,21,[5 6],65,113,134,48,106
1,<environment.Job instance at 0x7f22df213b40>,4,14,[5 7],7,7,21,0,7
1,<environment.Job instance at 0x7f22df213aa0>,8,18,[2 9],11,21,39,10,14
1,<environment.Job instance at 0x7f22df241730>,14,13,[7 1],18,21,34,3,18
1,<environment.Job instance at 0x7f22df251e10>,18,13,[6 5],25,39,52,14,25
1,<environment.Job instance at 0x7f22df3af140>,29,13,[6 2],38,52,65,14,40
1,<environment.Job instance at 0x7f23297b6960>,32,2,[10  2],44,65,67,21,45
1,<environment.Job instance at 0x7f22def13e60>,37,16,[ 3 10],52,67,83,15,54
1,<environment.Job instance at 0x7f22df2289b0>,49,14,[9 1],71,83,97,12,78
1,<environment.Job instance at 0x7f22def48dc0>,50,15,[2 9],72,97,112,25,84
1,<environment.Job instance at 0x7f22def48780>,57,1,[8 1],80,99,100,19,99
1,<environment.Job instance at 0x7f22def48a50>,58,14,[9 1],81,112,126,31,101
1,<environment.Job instance at 0x7f22df0ab690>,5,16,[9 5],10,10,26,0,10
1,<environment.Job instance at 0x7f23295c1af0>,6,14,[8 1],12,26,40,14,12
1,<environment.Job instance at 0x7f22dee945f0>,9,15,[9 1],15,40,55,25,26
1,<environment.Job instance at 0x7f2322c1e1e0>,20,13,[9 4],39,55,68,16,39
1,<environment.Job instance at 0x7f23298c6e60>,40,23,[5 9],67,91,114,24,91
1,<environment.Job instance at 0x7f2322af33c0>,44,17,[6 5],74,114,131,40,105
1,<environment.Job instance at 0x7f2329abdcd0>,2,18,[8 1],6,6,24,0,6
1,<environment.Job instance at 0x7f22defa7230>,7,15,[10  5],15,24,39,9,15
1,<environment.Job instance at 0x7f23230f8af0>,14,14,[6 1],22,39,53,17,24
1,<environment.Job instance at 0x7f232a0591e0>,23,14,[2 8],34,39,53,5,34
1,<environment.Job instance at 0x7f232a059230>,22,13,[8 4],33,53,66,20,38
1,<environment.Job instance at 0x7f22df5ecbe0>,32,26,[8 5],49,74,100,25,74
1,<environment.Job instance at 0x7f22df5ec410>,40,17,[3 6],63,100,117,37,90
1,<environment.Job instance at 0x7f22ded75a00>,43,16,[8 5],66,117,133,51,104
1,<environment.Job instance at 0x7f22def59820>,5,15,[1 7],10,11,26,1,11
1,<environment.Job instance at 0x7f22def7ac80>,11,14,[6 5],20,26,40,6,25
1,<environment.Job instance at 0x7f2329620140>,16,14,[8 4],27,40,54,13,29
1,<environment.Job instance at 0x7f23296205a0>,19,16,[5 2],34,54,70,20,41
1,<environment.Job instance at 0x7f232961bf00>,22,13,[4 7],39,54,67,15,41
1,<environment.Job instance at 0x7f232960ae10>,28,12,[5 9],45,70,82,25,63
1,<environment.Job instance at 0x7f22deeffc80>,34,18,[5 5],53,82,100,29,71
1,<environment.Job instance at 0x7f232962fd20>,44,15,[9 5],64,100,115,36,97
1,<environment.Job instance at 0x7f23295b9dc0>,48,15,[10  1],68,115,130,47,101
1,<environment.Job instance at 0x7f232970f870>,2,13,[2 7],3,3,16,0,3
1,<environment.Job instance at 0x7f232970f5f0>,3,19,[5 5],4,16,35,12,6
1,<environment.Job instance at 0x7f2322c9f280>,15,16,[4 8],20,35,51,15,23
1,<environment.Job instance at 0x7f2329676d70>,20,17,[5 2],27,33,50,6,33
1,<environment.Job instance at 0x7f2322c9f500>,14,16,[3 9],18,51,67,33,38
1,<environment.Job instance at 0x7f2322e5c460>,26,18,[1 7],38,67,85,29,60
1,<environment.Job instance at 0x7f2323153c30>,33,12,[10  4],47,85,97,38,68
1,<environment.Job instance at 0x7f23296858c0>,42,15,[2 8],59,97,112,38,91
1,<environment.Job instance at 0x7f2329685730>,45,17,[2 5],64,112,129,48,100
1,<environment.Job instance at 0x7f23296fc910>,49,12,[8 3],72,112,124,40,100
1,<environment.Job instance at 0x7f22df06d6e0>,7,15,[6 3],10,11,26,1,11
1,<environment.Job instance at 0x7f22def9ad20>,13,14,[10  2],17,26,40,9,22
1,<environment.Job instance at 0x7f2329704780>,22,16,[7 2],31,40,56,9,32
1,<environment.Job instance at 0x7f23296955f0>,24,20,[1 6],35,40,60,5,35
1,<environment.Job instance at 0x7f22df26e690>,30,14,[10  5],43,60,74,17,55
1,<environment.Job instance at 0x7f23295d07d0>,35,25,[8 2],49,74,99,25,71
1,<environment.Job instance at 0x7f23231d1960>,42,19,[9 2],57,99,118,42,92
1,<environment.Job instance at 0x7f2322aea0f0>,52,17,[1 8],75,105,122,30,105
1,<environment.Job instance at 0x7f232a295730>,0,26,[5 4],1,5,31,4,5
1,<environment.Job instance at 0x7f22ded9aa00>,11,12,[1 8],20,31,43,11,20
1,<environment.Job instance at 0x7f23299ef820>,17,13,[5 1],29,32,45,3,32
1,<environment.Job instance at 0x7f23299ef230>,24,18,[2 6],38,43,61,5,41
1,<environment.Job instance at 0x7f23299ef050>,27,14,[9 3],41,61,75,20,53
1,<environment.Job instance at 0x7f23299efd70>,18,17,[7 4],30,76,93,46,76
1,<environment.Job instance at 0x7f2322c9af50>,36,2,[2 6],51,77,79,26,77
1,<environment.Job instance at 0x7f2322c9afa0>,37,1,[8 1],52,93,94,41,77
1,<environment.Job instance at 0x7f2322c9a5f0>,32,16,[2 7],47,93,109,46,80
1,<environment.Job instance at 0x7f2322cc0550>,43,15,[3 7],62,109,124,47,97
1,<environment.Job instance at 0x7fdae0829d70>,3,22,[2 5],8,8,30,0,8
1,<environment.Job instance at 0x7fdad93d65f0>,12,18,[5 9],21,30,48,9,26
1,<environment.Job instance at 0x7fdad93d70f0>,19,17,[7 5],31,48,65,17,37
1,<environment.Job instance at 0x7fdad93d7780>,28,26,[9 4],40,65,91,25,62
1,<environment.Job instance at 0x7fdad93db0a0>,38,15,[8 3],56,92,107,36,92
1,<environment.Job instance at 0x7fdad93db320>,41,3,[5 1],59,107,110,48,97
1,<environment.Job instance at 0x7fdad93db460>,39,23,[4 7],57,107,130,50,103
1,<environment.Job instance at 0x7fdad93dbd70>,1,12,[5 5],2,2,14,0,2
1,<environment.Job instance at 0x7fdae0954870>,8,2,[2 8],13,14,16,1,13
1,<environment.Job instance at 0x7fdae095c5f0>,9,14,[8 4],14,16,30,2,14
1,<environment.Job instance at 0x7fdae080ef50>,15,3,[5 3],23,30,33,7,23
1,<environment.Job instance at 0x7fdae080e6e0>,16,3,[5 3],24,30,33,6,25
1,<environment.Job instance at 0x7fdae080edc0>,18,1,[ 4 10],27,33,34,6,27
1,<environment.Job instance at 0x7fdae080e780>,17,3,[7 4],25,34,37,9,27
1,<environment.Job instance at 0x7fdae080ecd0>,20,3,[2 7],29,37,40,8,29
1,<environment.Job instance at 0x7fdae080eb90>,21,12,[5 1],30,37,49,7,32
1,<environment.Job instance at 0x7fdae09605f0>,23,12,[8 4],34,49,61,15,35
1,<environment.Job instance at 0x7fdae095bd70>,30,3,[10  1],43,61,64,18,44
1,<environment.Job instance at 0x7fdae095bb40>,31,1,[6 1],44,64,65,20,45
1,<environment.Job instance at 0x7fdae09510a0>,36,16,[6 4],50,65,81,15,55
1,<environment.Job instance at 0x7fdae09514b0>,39,2,[4 6],54,64,66,10,62
1,<environment.Job instance at 0x7fdae0956190>,41,2,[4 7],59,81,83,22,62
1,<environment.Job instance at 0x7fdae0956230>,40,12,[7 1],58,83,95,25,67
1,<environment.Job instance at 0x7fdae09567d0>,44,3,[4 6],62,67,70,5,67
1,<environment.Job instance at 0x7fdae0952e60>,45,1,[5 5],63,95,96,32,67
1,<environment.Job instance at 0x7fdae080cd20>,51,2,[5 2],75,81,83,6,76
1,<environment.Job instance at 0x7fdae080c6e0>,52,2,[5 6],76,96,98,20,80
1,<environment.Job instance at 0x7fdad92dcf00>,58,16,[4 9],89,98,114,9,94
1,<environment.Job instance at 0x7fdae0954c80>,2,25,[ 1 10],3,114,139,111,110
1,<environment.Job instance at 0x7fdad91c7960>,2,14,[7 3],6,6,20,0,6
1,<environment.Job instance at 0x7fda956cf370>,4,19,[5 3],8,20,39,12,10
1,<environment.Job instance at 0x7fda956c45f0>,15,1,[5 4],22,22,23,0,22
1,<environment.Job instance at 0x7fda956c4460>,17,20,[7 5],24,39,59,15,30
1,<environment.Job instance at 0x7fda9576b910>,27,14,[ 1 10],42,59,73,17,49
1,<environment.Job instance at 0x7fda9576b190>,29,14,[5 9],44,73,87,29,61
1,<environment.Job instance at 0x7fda956fbeb0>,35,15,[5 5],50,87,102,37,74
1,<environment.Job instance at 0x7fda956fb050>,38,13,[2 5],53,87,100,34,74
1,<environment.Job instance at 0x7fda95a81730>,1,17,[10  1],2,2,19,0,2
1,<environment.Job instance at 0x7fda95a810f0>,2,15,[6 5],4,19,34,15,5
1,<environment.Job instance at 0x7fda957a4c30>,9,13,[8 3],12,34,47,22,22
1,<environment.Job instance at 0x7fda95ba79b0>,17,3,[5 2],24,47,50,23,37
1,<environment.Job instance at 0x7fda95ba71e0>,19,16,[7 5],27,50,66,23,38
1,<environment.Job instance at 0x7fda95bc4370>,23,13,[8 4],31,68,81,37,68
1,<environment.Job instance at 0x7fda95a82f00>,28,15,[7 2],37,81,96,44,74
1,<environment.Job instance at 0x7fda95635b90>,36,18,[1 7],48,110,128,62,110
1,<environment.Job instance at 0x7fda95635eb0>,37,14,[3 8],49,128,142,79,113
1,<environment.Job instance at 0x7fda956757d0>,0,14,[1 9],1,1,15,0,1
1,<environment.Job instance at 0x7fda957c8190>,3,26,[1 9],9,15,41,6,14
1,<environment.Job instance at 0x7fda95acfe60>,10,18,[10  2],19,89,107,70,89
1,<environment.Job instance at 0x7fda95ac1f00>,27,2,[9 3],43,107,109,64,89
1,<environment.Job instance at 0x7fda95adc500>,2,13,[ 4 10],5,5,18,0,5
1,<environment.Job instance at 0x7fda956428c0>,3,24,[5 5],6,18,42,12,13
1,<environment.Job instance at 0x7fdad92bb5f0>,15,13,[3 7],24,42,55,18,26
1,<environment.Job instance at 0x7fda95c82140>,21,15,[7 3],34,42,57,8,38
1,<environment.Job instance at 0x7fda95c82c80>,27,12,[3 7],45,55,67,10,45
1,<environment.Job instance at 0x7fdae00f3370>,31,14,[10  2],52,67,81,15,52
1,<environment.Job instance at 0x7fdae00f3d20>,41,12,[4 5],64,81,93,17,66
1,<environment.Job instance at 0x7fdadfcb3190>,45,15,[3 8],70,93,108,23,89
1,<environment.Job instance at 0x7fdadfcb3eb0>,49,13,[8 1],75,108,121,33,92
1,<environment.Job instance at 0x7fdad92a5c30>,58,25,[5 5],87,121,146,34,118
1,<environment.Job instance at 0x7fdad93e4230>,1,18,[ 4 10],3,3,21,0,3
1,<environment.Job instance at 0x7fdad96f2640>,12,13,[ 2 10],17,21,34,4,17
1,<environment.Job instance at 0x7fdad963b690>,19,17,[7 5],26,38,55,12,38
1,<environment.Job instance at 0x7fda956d8370>,23,17,[9 5],33,55,72,22,44
1,<environment.Job instance at 0x7fdadfdf3320>,34,18,[10  5],49,72,90,23,69
1,<environment.Job instance at 0x7fda956dbcd0>,40,28,[7 5],57,90,118,33,89
1,<environment.Job instance at 0x7fdadfc1e550>,44,17,[6 4],62,118,135,56,110
1,<environment.Job instance at 0x7fdae095f960>,4,15,[10  3],7,9,24,2,9
1,<environment.Job instance at 0x7fda95c33910>,11,14,[2 8],19,24,38,5,19
1,<environment.Job instance at 0x7fda95c33500>,10,23,[2 6],18,38,61,20,32
1,<environment.Job instance at 0x7fda95c20460>,22,27,[8 3],36,42,69,6,42
1,<environment.Job instance at 0x7fda95c28410>,38,15,[5 6],64,113,128,49,113
1,<environment.Job instance at 0x7fda959a1b90>,7,14,[1 9],13,13,27,0,13
1,<environment.Job instance at 0x7fdad93f8af0>,11,13,[8 1],20,23,36,3,23
1,<environment.Job instance at 0x7fda95986320>,19,3,[8 5],30,36,39,6,30
1,<environment.Job instance at 0x7fda958920f0>,21,3,[4 7],32,39,42,7,33
1,<environment.Job instance at 0x7fdadfd77410>,27,3,[5 6],41,42,45,1,41
1,<environment.Job instance at 0x7fda95c74690>,39,2,[10  3],62,62,64,0,62
1,<environment.Job instance at 0x7fda95c747d0>,40,22,[4 5],63,67,89,4,67
1,<environment.Job instance at 0x7fdad97d85f0>,46,20,[9 3],72,89,109,17,82
1,<environment.Job instance at 0x7fdadff83460>,55,13,[10  4],88,109,122,21,101
1,<environment.Job instance at 0x7fda95abb780>,3,13,[ 4 10],4,4,17,0,4
1,<environment.Job instance at 0x7fda95b17af0>,20,15,[3 6],30,58,73,28,58
1,<environment.Job instance at 0x7fdadfc98c80>,25,18,[5 9],35,82,100,47,82
1,<environment.Job instance at 0x7fdad9284320>,28,27,[1 8],38,100,127,62,99
1,<environment.Job instance at 0x7fdae013b6e0>,39,15,[7 2],52,116,131,64,116
1,<environment.Job instance at 0x7fdae013b730>,1,17,[1 8],2,10,27,8,10
1,<environment.Job instance at 0x7fdae013b6e0>,2,13,[4 7],3,27,40,24,11
1,<environment.Job instance at 0x7fdad939e1e0>,16,13,[9 4],21,40,53,19,28
1,<environment.Job instance at 0x7fdad939efa0>,25,2,[3 9],37,53,55,16,37
1,<environment.Job instance at 0x7fdad93a40f0>,27,14,[10  5],40,55,69,15,42
1,<environment.Job instance at 0x7fdad939eaf0>,22,20,[6 2],31,69,89,38,61
1,<environment.Job instance at 0x7fdad93a46e0>,36,2,[3 5],53,78,80,25,78
1,<environment.Job instance at 0x7fdad93ad230>,43,25,[4 6],66,96,121,30,96
1,<environment.Job instance at 0x7fdad93ad320>,1,12,[4 6],2,2,14,0,2
1,<environment.Job instance at 0x7fdae01b8dc0>,4,18,[4 6],6,14,32,8,6
1,<environment.Job instance at 0x7fdae01b8a00>,7,15,[7 1],10,32,47,22,29
1,<environment.Job instance at 0x7fdad97c1780>,25,16,[10  2],34,47,63,13,35
1,<environment.Job instance at 0x7fdadfdda0f0>,40,27,[5 4],56,84,111,28,84
1,<environment.Job instance at 0x7fda95c5b9b0>,48,17,[5 3],66,113,130,47,113
1,<environment.Job instance at 0x7fdadff44500>,49,3,[6 4],69,130,133,61,113
1,<environment.Job instance at 0x7fdadff44a00>,50,17,[3 6],70,118,135,48,118
1,<environment.Job instance at 0x7fdadff44690>,51,3,[ 5 10],71,135,138,64,118
1,<environment.Job instance at 0x7fdadff44b90>,53,2,[6 1],75,133,135,58,119
1,<environment.Job instance at 0x7fdad95270a0>,0,18,[2 9],1,1,19,0,1
1,<environment.Job instance at 0x7fdad95273c0>,6,13,[7 1],8,8,21,0,8
1,<environment.Job instance at 0x7fdad9527e60>,7,15,[7 2],10,21,36,11,15
1,<environment.Job instance at 0x7fdadfd15cd0>,22,13,[7 4],30,36,49,6,33
1,<environment.Job instance at 0x7fdad928aa50>,28,1,[3 6],40,45,46,5,45
1,<environment.Job instance at 0x7fdadfd15910>,18,25,[3 8],24,49,74,25,46
1,<environment.Job instance at 0x7fdad950cdc0>,37,14,[10  4],56,74,88,18,67
1,<environment.Job instance at 0x7fdad950c550>,44,14,[4 5],64,88,102,24,79
1,<environment.Job instance at 0x7fda957cfd70>,47,13,[4 5],68,88,101,20,83
1,<environment.Job instance at 0x7fdad950c230>,43,16,[5 9],63,102,118,39,91
1,<environment.Job instance at 0x7fda959260a0>,3,18,[ 2 10],10,20,38,10,20
1,<environment.Job instance at 0x7fdadfe344b0>,11,18,[5 5],21,38,56,17,28
1,<environment.Job instance at 0x7fdae016ce60>,14,15,[8 1],26,56,71,30,50
1,<environment.Job instance at 0x7fdae0169c30>,25,2,[ 3 10],42,71,73,29,54
1,<environment.Job instance at 0x7fdadfe3e190>,26,13,[1 8],44,56,69,12,54
1,<environment.Job instance at 0x7fdadfe13690>,27,2,[7 3],45,73,75,28,54
1,<environment.Job instance at 0x7fda95a38eb0>,34,16,[5 3],55,75,91,20,73
1,<environment.Job instance at 0x7fdadfe13cd0>,29,23,[5 9],47,93,116,46,93
1,<environment.Job instance at 0x7fda95aaa500>,47,14,[5 8],79,116,130,37,102
1,<environment.Job instance at 0x7fda95851690>,51,17,[5 2],84,116,133,32,116
1,<environment.Job instance at 0x7fdadff83cd0>,1,13,[8 4],3,3,16,0,3
1,<environment.Job instance at 0x7fdad9228460>,2,14,[2 8],4,16,30,12,4
1,<environment.Job instance at 0x7fda955c1370>,10,1,[3 9],18,30,31,12,18
1,<environment.Job instance at 0x7fdadfd18c30>,14,16,[1 5],24,31,47,7,27
1,<environment.Job instance at 0x7fda955c1c30>,9,14,[10  3],17,47,61,30,33
1,<environment.Job instance at 0x7fdad989d320>,22,16,[8 5],36,61,77,25,49
1,<environment.Job instance at 0x7fda9547bb90>,27,17,[9 3],46,77,94,31,65
1,<environment.Job instance at 0x7fdadfcd8be0>,38,18,[10  4],62,94,112,32,83
1,<environment.Job instance at 0x7fda959a6140>,33,27,[7 5],56,114,141,58,114
1,<environment.Job instance at 0x7fdadfcd83c0>,1,18,[10  1],2,2,20,0,2
1,<environment.Job instance at 0x7fda95b1c820>,10,18,[5 5],13,20,38,7,14
1,<environment.Job instance at 0x7fda9542c550>,18,2,[10  1],22,38,40,16,28
1,<environment.Job instance at 0x7fda9542c6e0>,20,15,[9 5],24,40,55,16,28
1,<environment.Job instance at 0x7fda9542d410>,34,13,[6 5],43,55,68,12,53
1,<environment.Job instance at 0x7fda9542daf0>,36,27,[2 9],49,68,95,19,67
1,<environment.Job instance at 0x7fdadfe82a00>,41,14,[5 1],54,73,87,19,73
1,<environment.Job instance at 0x7fdadfe82cd0>,43,13,[3 8],57,95,108,38,79
1,<environment.Job instance at 0x7fdadfe82050>,50,12,[5 9],65,108,120,43,93
1,<environment.Job instance at 0x7fda953a6640>,53,15,[2 6],69,120,135,51,112
1,<environment.Job instance at 0x7fda95571d20>,3,14,[5 5],6,6,20,0,6
1,<environment.Job instance at 0x7fdae00a4b90>,5,15,[2 8],9,20,35,11,9
1,<environment.Job instance at 0x7fdae00a4a50>,9,2,[1 7],16,35,37,19,19
1,<environment.Job instance at 0x7fdae00a4eb0>,7,15,[2 8],11,37,52,26,23
1,<environment.Job instance at 0x7fdae008ff50>,12,12,[8 3],22,52,64,30,37
1,<environment.Job instance at 0x7fda95cd01e0>,29,17,[3 7],44,64,81,20,55
1,<environment.Job instance at 0x7fdae01e4960>,34,24,[5 4],51,81,105,30,76
1,<environment.Job instance at 0x7fdad98cd140>,45,18,[4 6],67,111,129,44,111
1,<environment.Job instance at 0x7fdae0722fa0>,2,16,[5 5],7,7,23,0,7
1,<environment.Job instance at 0x7fdae0168370>,4,14,[8 3],10,23,37,13,11
1,<environment.Job instance at 0x7fda956ceaf0>,13,15,[4 9],23,37,52,14,25
1,<environment.Job instance at 0x7fdad91745f0>,21,2,[ 1 10],32,52,54,20,44
1,<environment.Job instance at 0x7fdadfd2b690>,22,13,[4 9],33,54,67,21,44
1,<environment.Job instance at 0x7fdad9174320>,25,13,[6 3],37,67,80,30,54
1,<environment.Job instance at 0x7fdad9485640>,32,14,[7 1],47,80,94,33,67
1,<environment.Job instance at 0x7fdad9485280>,36,14,[5 2],52,94,108,42,83
1,<environment.Job instance at 0x7fda957bbb90>,41,16,[3 7],60,94,110,34,94
1,<environment.Job instance at 0x7fdadfca38c0>,47,15,[9 4],72,115,130,43,115
1,<environment.Job instance at 0x7fdad97cf9b0>,52,13,[5 1],79,130,143,51,117
1,<environment.Job instance at 0x7fdadff20140>,0,24,[10  4],1,1,25,0,1
1,<environment.Job instance at 0x7fdae00435f0>,13,2,[5 2],19,25,27,6,25
1,<environment.Job instance at 0x7fdae0043910>,5,18,[9 2],7,31,49,24,31
1,<environment.Job instance at 0x7fda95441780>,18,2,[6 2],25,49,51,24,35
1,<environment.Job instance at 0x7fda95441500>,17,17,[2 7],24,49,66,25,37
1,<environment.Job instance at 0x7fda95441690>,21,13,[ 5 10],28,66,79,38,50
1,<environment.Job instance at 0x7fda95b4beb0>,25,15,[6 1],32,51,66,19,50
1,<environment.Job instance at 0x7fda95b4be10>,33,15,[2 7],42,79,94,37,65
1,<environment.Job instance at 0x7fda95b4b550>,37,14,[8 3],49,79,93,30,76
1,<environment.Job instance at 0x7fdad930e640>,42,16,[10  2],59,94,110,35,90
1,<environment.Job instance at 0x7fda958dba00>,44,2,[2 7],64,110,112,46,109
1,<environment.Job instance at 0x7fda958dbe10>,45,17,[5 2],66,117,134,51,117
1,<environment.Job instance at 0x7fdad9632c80>,0,16,[7 3],1,1,17,0,1
1,<environment.Job instance at 0x7fda95a12e60>,12,17,[1 5],16,26,43,10,26
1,<environment.Job instance at 0x7fda956420f0>,10,25,[5 4],14,30,55,16,30
1,<environment.Job instance at 0x7fdad987a7d0>,25,2,[10  3],32,55,57,23,42
1,<environment.Job instance at 0x7fdad984bb40>,28,1,[9 2],35,57,58,22,42
1,<environment.Job instance at 0x7fdad984b230>,29,2,[6 5],37,58,60,21,45
1,<environment.Job instance at 0x7fda9561f280>,26,3,[1 9],33,60,63,27,47
1,<environment.Job instance at 0x7fdad9862c80>,31,3,[7 1],39,60,63,21,47
1,<environment.Job instance at 0x7fdad9862cd0>,32,15,[8 4],40,63,78,23,54
1,<environment.Job instance at 0x7fda95962690>,52,17,[2 7],70,112,129,42,112
1,<environment.Job instance at 0x7fdad92fffa0>,57,24,[7 1],77,113,137,36,113
1,<environment.Job instance at 0x7fefc57840f0>,3,22,[2 5],8,8,30,0,8
1,<environment.Job instance at 0x7fefc0375410>,6,15,[2 8],11,30,45,19,16
1,<environment.Job instance at 0x7fefc0375d70>,16,1,[ 4 10],27,45,46,18,31
1,<environment.Job instance at 0x7fefc0375f00>,17,3,[10  3],28,46,49,18,31
1,<environment.Job instance at 0x7fefc03797d0>,28,26,[9 4],40,66,92,26,66
1,<environment.Job instance at 0x7fefc0379c30>,34,2,[7 5],47,92,94,45,72
1,<environment.Job instance at 0x7fefc037b4b0>,40,12,[4 5],58,96,108,38,96
1,<environment.Job instance at 0x7fefc037b3c0>,42,15,[7 5],60,108,123,48,99
1,<environment.Job instance at 0x7fefc57ac370>,4,17,[6 5],9,9,26,0,9
1,<environment.Job instance at 0x7fefc58f30a0>,12,22,[5 5],18,26,48,8,23
1,<environment.Job instance at 0x7fefc58fa1e0>,16,12,[8 4],24,48,60,24,31
1,<environment.Job instance at 0x7fefc57adcd0>,27,14,[7 2],37,60,74,23,48
1,<environment.Job instance at 0x7fefc58f5cd0>,33,12,[7 1],48,74,86,26,64
1,<environment.Job instance at 0x7fefc58f1730>,44,2,[5 2],65,86,88,21,65
1,<environment.Job instance at 0x7fefc58f1af0>,45,2,[5 6],66,86,88,20,66
1,<environment.Job instance at 0x7fefc58ebb90>,50,3,[8 5],78,88,91,10,78
1,<environment.Job instance at 0x7fefc58fe910>,53,2,[6 4],83,91,93,8,83
1,<environment.Job instance at 0x7fefc58fe0a0>,54,17,[5 1],85,93,110,8,85
1,<environment.Job instance at 0x7fefc58fea50>,58,12,[5 4],91,93,105,2,92
1,<environment.Job instance at 0x7fefc58f0d70>,66,22,[4 8],108,115,137,7,115
1,<environment.Job instance at 0x7fefc5766640>,69,14,[7 3],116,137,151,21,123
1,<environment.Job instance at 0x7fef7a667320>,4,18,[10  5],6,6,24,0,6
1,<environment.Job instance at 0x7fef7a6769b0>,5,15,[3 6],10,24,39,14,10
1,<environment.Job instance at 0x7fefc50ad140>,23,17,[3 6],32,71,88,39,71
1,<environment.Job instance at 0x7fefc52227d0>,0,13,[8 4],1,1,14,0,1
1,<environment.Job instance at 0x7fefc02b3f50>,5,15,[7 2],7,14,29,7,8
1,<environment.Job instance at 0x7fefc5152d20>,8,16,[8 1],13,29,45,16,19
1,<environment.Job instance at 0x7fefc0737050>,17,3,[4 5],23,45,48,22,34
1,<environment.Job instance at 0x7fefc4ceebe0>,14,14,[3 8],19,48,62,29,34
1,<environment.Job instance at 0x7fef7a6103c0>,23,3,[5 8],30,62,65,32,46
1,<environment.Job instance at 0x7fef7aad4fa0>,19,14,[7 1],25,65,79,40,55
1,<environment.Job instance at 0x7fef7a695f50>,35,16,[4 7],47,79,95,32,76
1,<environment.Job instance at 0x7fef7a6959b0>,38,15,[8 1],50,95,110,45,81
1,<environment.Job instance at 0x7fef7a67ad70>,48,17,[6 2],66,110,127,44,108
1,<environment.Job instance at 0x7fef7a74d6e0>,49,2,[1 6],67,108,110,41,108
1,<environment.Job instance at 0x7fef7a67acd0>,50,1,[5 8],68,127,128,59,108
1,<environment.Job instance at 0x7fef7a67a5f0>,46,18,[7 1],63,128,146,65,117
1,<environment.Job instance at 0x7fef7a676fa0>,55,13,[2 5],73,128,141,55,122
1,<environment.Job instance at 0x7fefc015b7d0>,5,14,[1 7],9,9,23,0,9
1,<environment.Job instance at 0x7fefc5117eb0>,14,14,[7 4],24,25,39,1,25
1,<environment.Job instance at 0x7fef7a98f870>,15,18,[5 6],27,39,57,12,29
1,<environment.Job instance at 0x7fef7a9d8500>,23,17,[9 3],39,57,74,18,46
1,<environment.Job instance at 0x7fef7a9e8aa0>,32,12,[10  5],49,75,87,26,75
1,<environment.Job instance at 0x7fef7a9e1870>,37,13,[7 4],56,87,100,31,76
1,<environment.Job instance at 0x7fef7a9e1d20>,39,13,[4 8],59,100,113,41,85
1,<environment.Job instance at 0x7fef7a9c3910>,46,17,[ 5 10],70,113,130,43,105
1,<environment.Job instance at 0x7fef7a9e5b40>,48,14,[3 7],77,130,144,53,117
1,<environment.Job instance at 0x7fef7a5fb6e0>,1,14,[10  2],2,2,16,0,2
1,<environment.Job instance at 0x7fef7a9e81e0>,3,16,[10  5],6,16,32,10,6
1,<environment.Job instance at 0x7fef7aa0a6e0>,15,15,[3 8],20,32,47,12,29
1,<environment.Job instance at 0x7fef7aa0ab90>,16,3,[5 1],21,32,35,11,29
1,<environment.Job instance at 0x7fef7aa0a3c0>,22,14,[7 3],29,47,61,18,34
1,<environment.Job instance at 0x7fefc07fe550>,33,17,[8 5],45,64,81,19,64
1,<environment.Job instance at 0x7fefc080ecd0>,46,15,[ 4 10],60,110,125,50,110
1,<environment.Job instance at 0x7fef7ac21af0>,51,15,[2 5],66,125,140,59,115
1,<environment.Job instance at 0x7fef7ac3f640>,2,16,[3 6],3,3,19,0,3
1,<environment.Job instance at 0x7fefc06684b0>,3,16,[5 6],5,19,35,14,6
1,<environment.Job instance at 0x7fefc0674050>,15,18,[2 8],20,35,53,15,27
1,<environment.Job instance at 0x7fefc040f140>,21,3,[9 3],26,53,56,27,35
1,<environment.Job instance at 0x7fef7a7e0af0>,24,2,[3 9],31,56,58,25,35
1,<environment.Job instance at 0x7fef7a80d1e0>,38,15,[6 1],52,76,91,24,76
1,<environment.Job instance at 0x7fef7a80d870>,40,13,[3 5],56,78,91,22,78
1,<environment.Job instance at 0x7fef7ab78690>,42,13,[2 6],58,91,104,33,78
1,<environment.Job instance at 0x7fefc041df00>,47,17,[7 4],65,109,126,44,109
1,<environment.Job instance at 0x7fefc02a8c80>,48,12,[8 4],66,126,138,60,115
1,<environment.Job instance at 0x7fefc066e230>,3,23,[6 2],6,6,29,0,6
1,<environment.Job instance at 0x7fef7a94c280>,20,24,[3 5],26,33,57,7,33
1,<environment.Job instance at 0x7fef7a94cc30>,27,2,[2 8],35,57,59,22,42
1,<environment.Job instance at 0x7fef7a94cb40>,28,1,[ 3 10],36,59,60,23,44
1,<environment.Job instance at 0x7fef7a94c730>,24,14,[ 3 10],31,60,74,29,45
1,<environment.Job instance at 0x7fef7a94f6e0>,8,17,[3 9],11,74,91,63,67
1,<environment.Job instance at 0x7fef7a94e410>,34,2,[7 4],46,91,93,45,67
1,<environment.Job instance at 0x7fef7a94e690>,38,2,[10  5],53,93,95,40,67
1,<environment.Job instance at 0x7fef7a94eaa0>,41,3,[5 4],58,95,98,37,71
1,<environment.Job instance at 0x7fef7a956410>,48,2,[8 5],69,98,100,29,81
1,<environment.Job instance at 0x7fef7a94e960>,45,14,[1 9],63,100,114,37,85
1,<environment.Job instance at 0x7fef7a94c370>,22,15,[9 1],29,100,115,71,87
1,<environment.Job instance at 0x7fef7a9580f0>,62,15,[5 6],88,115,130,27,111
1,<environment.Job instance at 0x7fef7a9581e0>,64,13,[6 5],90,130,143,40,115
1,<environment.Job instance at 0x7fef7a958e60>,1,13,[8 5],2,2,15,0,2
1,<environment.Job instance at 0x7fefc4d5b0f0>,6,2,[ 4 10],11,15,17,4,14
1,<environment.Job instance at 0x7fef7a910b90>,17,17,[2 8],27,40,57,13,40
1,<environment.Job instance at 0x7fef7a8ffaa0>,21,16,[2 9],35,57,73,22,44
1,<environment.Job instance at 0x7fefc049aa50>,26,12,[7 4],40,73,85,33,70
1,<environment.Job instance at 0x7fef7a8ffdc0>,27,1,[4 5],41,85,86,44,71
1,<environment.Job instance at 0x7fefc520ff00>,30,13,[ 4 10],44,86,99,42,73
1,<environment.Job instance at 0x7fef7a61eeb0>,1,18,[10  2],2,2,20,0,2
1,<environment.Job instance at 0x7fefc0497e60>,3,13,[10  1],5,20,33,15,5
1,<environment.Job instance at 0x7fef7a8135a0>,8,14,[5 7],12,33,47,21,23
1,<environment.Job instance at 0x7fefc50afcd0>,25,15,[1 5],37,47,62,10,37
1,<environment.Job instance at 0x7fef7a98a460>,28,12,[7 1],40,49,61,9,49
1,<environment.Job instance at 0x7fefc0686f00>,31,3,[5 4],44,61,64,17,51
1,<environment.Job instance at 0x7fefc06862d0>,34,1,[ 1 10],48,64,65,16,55
1,<environment.Job instance at 0x7fef7a940280>,22,13,[4 7],33,65,78,32,55
1,<environment.Job instance at 0x7fefc0686eb0>,35,2,[6 2],50,65,67,15,55
1,<environment.Job instance at 0x7fef7a9e6460>,39,2,[8 2],58,78,80,20,66
1,<environment.Job instance at 0x7fefc50d2640>,16,18,[3 8],22,80,98,58,69
1,<environment.Job instance at 0x7fefc50cf9b0>,47,14,[10  5],70,98,112,28,85
1,<environment.Job instance at 0x7fef7a98a190>,29,25,[7 5],41,112,137,71,109
1,<environment.Job instance at 0x7fefc58f0960>,0,23,[8 3],1,5,28,4,5
1,<environment.Job instance at 0x7fefc4cd3be0>,12,15,[3 6],18,28,43,10,21
1,<environment.Job instance at 0x7fefc4cb09b0>,21,15,[7 1],30,33,48,3,33
1,<environment.Job instance at 0x7fefc4cb0af0>,22,16,[7 5],31,48,64,17,36
1,<environment.Job instance at 0x7fefc4cab500>,31,1,[ 5 10],44,64,65,20,54
1,<environment.Job instance at 0x7fefc4cb0fa0>,27,21,[4 5],39,65,86,26,60
1,<environment.Job instance at 0x7fefc4cb0aa0>,25,12,[8 1],37,86,98,49,73
1,<environment.Job instance at 0x7fefc4cab690>,34,3,[6 3],49,76,79,27,76
1,<environment.Job instance at 0x7fefc4cab910>,39,16,[10  2],54,98,114,44,94
1,<environment.Job instance at 0x7fefc4cabf00>,44,15,[4 7],60,114,129,54,103
1,<environment.Job instance at 0x7fefc4cae9b0>,55,28,[7 5],77,129,157,52,128
1,<environment.Job instance at 0x7fefc4caeb40>,2,18,[9 1],5,6,24,1,6
1,<environment.Job instance at 0x7fefc07daaa0>,11,14,[1 7],15,15,29,0,15
1,<environment.Job instance at 0x7fefc07dac80>,13,2,[8 3],17,24,26,7,17
1,<environment.Job instance at 0x7fefc03e3b90>,17,1,[4 9],23,29,30,6,27
1,<environment.Job instance at 0x7fefc03e32d0>,19,16,[6 3],26,32,48,6,32
1,<environment.Job instance at 0x7fefc07dae10>,10,16,[4 6],14,32,48,18,32
1,<environment.Job instance at 0x7fef7aaf7e60>,24,3,[10  3],32,48,51,16,33
1,<environment.Job instance at 0x7fef7a5c2780>,28,2,[4 6],37,51,53,14,37
1,<environment.Job instance at 0x7fef7a5c2460>,30,13,[7 4],40,53,66,13,40
1,<environment.Job instance at 0x7fefc537beb0>,37,16,[ 3 10],52,66,82,14,58
1,<environment.Job instance at 0x7fefc5356190>,44,18,[10  3],64,82,100,18,76
1,<environment.Job instance at 0x7fefc5356410>,48,2,[6 4],69,100,102,31,84
1,<environment.Job instance at 0x7fefc56bce60>,49,14,[9 1],71,102,116,31,87
1,<environment.Job instance at 0x7fefc53561e0>,47,3,[2 8],68,116,119,48,90
1,<environment.Job instance at 0x7fefc56a5960>,59,16,[9 3],82,119,135,37,116
1,<environment.Job instance at 0x7fefc4f2cd70>,64,15,[5 8],89,135,150,46,121
1,<environment.Job instance at 0x7fef7ab8ee60>,3,18,[ 2 10],10,10,28,0,10
1,<environment.Job instance at 0x7fef7ab8eaa0>,9,13,[9 4],19,28,41,9,19
1,<environment.Job instance at 0x7fefc086fd70>,19,1,[2 5],31,41,42,10,32
1,<environment.Job instance at 0x7fefc086fbe0>,21,14,[4 9],34,42,56,8,34
1,<environment.Job instance at 0x7fefc086f5f0>,22,16,[9 4],36,56,72,20,45
1,<environment.Job instance at 0x7fefc030f910>,30,16,[1 8],48,72,88,24,59
1,<environment.Job instance at 0x7fefc05cb280>,41,15,[9 2],70,83,98,13,83
1,<environment.Job instance at 0x7fefc05cb140>,45,17,[3 8],77,98,115,21,92
1,<environment.Job instance at 0x7fef7ab63a50>,59,18,[8 1],96,123,141,27,123
1,<environment.Job instance at 0x7fefc513f8c0>,0,17,[10  1],1,1,18,0,1
1,<environment.Job instance at 0x7fefc5064af0>,8,13,[6 4],13,18,31,5,14
1,<environment.Job instance at 0x7fefc079b820>,16,16,[3 5],25,25,41,0,25
1,<environment.Job instance at 0x7fefc079dfa0>,17,16,[8 5],26,41,57,15,28
1,<environment.Job instance at 0x7fefc06d7fa0>,24,17,[1 9],40,57,74,17,50
1,<environment.Job instance at 0x7fefc06e5320>,28,27,[7 5],46,74,101,28,72
1,<environment.Job instance at 0x7fefc07e1af0>,41,22,[5 6],60,103,125,43,103
1,<environment.Job instance at 0x7fef7a3b00a0>,46,17,[8 2],66,125,142,59,125
1,<environment.Job instance at 0x7fefc07b8b40>,19,27,[2 9],29,29,56,0,29
1,<environment.Job instance at 0x7fef7aaf4730>,26,13,[3 8],37,56,69,19,44
1,<environment.Job instance at 0x7fefc07c5690>,33,12,[5 9],45,69,81,24,62
1,<environment.Job instance at 0x7fefc07c5cd0>,35,18,[ 3 10],48,81,99,33,70
1,<environment.Job instance at 0x7fef7a7c4a50>,43,18,[8 1],56,99,117,43,96
1,<environment.Job instance at 0x7fef7a7c46e0>,45,12,[10  3],58,117,129,59,101
1,<environment.Job instance at 0x7fefc08118c0>,52,16,[3 9],68,129,145,61,128
1,<environment.Job instance at 0x7fef7a350280>,4,15,[4 8],6,6,21,0,6
1,<environment.Job instance at 0x7fef7a35daf0>,7,15,[5 6],10,21,36,11,10
1,<environment.Job instance at 0x7fef7a35de60>,16,18,[2 6],22,36,54,14,27
1,<environment.Job instance at 0x7fef7a379a50>,27,13,[4 9],38,54,67,16,45
1,<environment.Job instance at 0x7fef7a3790a0>,28,22,[3 9],39,67,89,28,60
1,<environment.Job instance at 0x7fef7a307690>,40,19,[7 5],55,89,108,34,79
1,<environment.Job instance at 0x7fef7ac41140>,2,14,[9 4],6,6,20,0,6
1,<environment.Job instance at 0x7fefc07192d0>,3,14,[7 1],7,20,34,13,7
1,<environment.Job instance at 0x7fefc04dea50>,4,17,[3 7],8,20,37,12,11
1,<environment.Job instance at 0x7fefc04aa780>,19,14,[9 1],33,52,66,19,52
1,<environment.Job instance at 0x7fefc0734500>,10,17,[10  3],17,66,83,49,55
1,<environment.Job instance at 0x7fefc04e87d0>,28,2,[5 5],46,83,85,37,56
1,<environment.Job instance at 0x7fefc03bfd20>,30,18,[2 6],48,85,103,37,75
1,<environment.Job instance at 0x7fefc01ee820>,37,18,[ 2 10],56,103,121,47,96
1,<environment.Job instance at 0x7fefc01f3f00>,49,15,[3 7],72,121,136,49,113
1,<environment.Job instance at 0x7fefc03c0690>,50,21,[9 5],73,136,157,63,128
1,<environment.Job instance at 0x7fefc4bf1cd0>,0,18,[7 4],1,1,19,0,1
1,<environment.Job instance at 0x7fef7a381870>,3,16,[10  2],9,19,35,10,9
1,<environment.Job instance at 0x7fef7ab76cd0>,12,16,[7 2],23,35,51,12,25
1,<environment.Job instance at 0x7fefc059b6e0>,17,16,[8 2],29,51,67,22,38
1,<environment.Job instance at 0x7fef7a933f00>,24,12,[9 4],40,67,79,27,50
1,<environment.Job instance at 0x7fef7ace7910>,2,14,[3 9],5,5,19,0,5
1,<environment.Job instance at 0x7fef7ace75a0>,3,16,[8 5],7,19,35,12,11
1,<environment.Job instance at 0x7fefc067d6e0>,11,12,[8 4],19,35,47,16,19
1,<environment.Job instance at 0x7fef7a727460>,41,13,[ 5 10],60,98,111,38,98
1,<environment.Job instance at 0x7fef7a7270a0>,43,18,[7 3],62,111,129,49,106
1,<environment.Job instance at 0x7fef7a429c80>,55,12,[5 8],77,129,141,52,124
1,<environment.Job instance at 0x7fef7a672050>,0,15,[1 9],1,1,16,0,1
1,<environment.Job instance at 0x7fef7aa02d20>,13,14,[1 7],26,46,60,20,46
1,<environment.Job instance at 0x7fef7a653eb0>,20,3,[5 9],36,60,63,24,48
1,<environment.Job instance at 0x7fef7a653d70>,24,24,[6 2],43,63,87,20,60
1,<environment.Job instance at 0x7fefc514eaf0>,31,16,[5 2],50,87,103,37,74
1,<environment.Job instance at 0x7fefc4c24e10>,51,15,[3 6],73,127,142,54,127
1,<environment.Job instance at 0x7fefc5150730>,57,12,[1 7],83,142,154,59,128
1,<environment.Job instance at 0x7f83b2a5f780>,3,22,[2 5],8,8,30,0,8
1,<environment.Job instance at 0x7f83ab60c5a0>,6,15,[2 8],11,30,45,19,16
1,<environment.Job instance at 0x7f83ab60cb40>,12,18,[5 9],21,45,63,24,35
1,<environment.Job instance at 0x7f83ab610a50>,25,17,[4 6],37,63,80,26,51
1,<environment.Job instance at 0x7f83ab610e10>,31,3,[4 5],44,80,83,36,62
1,<environment.Job instance at 0x7f83ab610dc0>,32,3,[1 9],45,83,86,38,62
1,<environment.Job instance at 0x7f83ab60e2d0>,36,18,[9 4],52,86,104,34,82
1,<environment.Job instance at 0x7f83ab60e7d0>,41,3,[5 1],59,104,107,45,99
1,<environment.Job instance at 0x7f83ab60c690>,9,19,[1 8],16,104,123,88,99
1,<environment.Job instance at 0x7f83ab60ee10>,48,3,[6 4],69,123,126,54,114
1,<environment.Job instance at 0x7f83ab60e5a0>,39,23,[4 7],57,126,149,69,121
1,<environment.Job instance at 0x7f83b2b96190>,6,22,[5 5],8,8,30,0,8
1,<environment.Job instance at 0x7f83b2b96e10>,8,12,[5 1],10,12,24,2,12
1,<environment.Job instance at 0x7f83b2b91dc0>,10,12,[8 4],14,30,42,16,14
1,<environment.Job instance at 0x7f83b2b82d20>,16,18,[7 5],22,42,60,20,31
1,<environment.Job instance at 0x7f83b2a42e10>,31,3,[4 6],42,60,63,18,43
1,<environment.Job instance at 0x7f83b2a42820>,33,2,[7 5],44,63,65,19,44
1,<environment.Job instance at 0x7f83b2a42280>,27,12,[7 1],38,65,77,27,53
1,<environment.Job instance at 0x7f83b2b955a0>,41,2,[7 1],63,77,79,14,63
1,<environment.Job instance at 0x7f83b2b8fe10>,37,17,[7 1],54,79,96,25,71
1,<environment.Job instance at 0x7f83b2b85190>,51,2,[ 1 10],79,96,98,17,79
1,<environment.Job instance at 0x7f83b2b95050>,47,2,[6 4],73,98,100,25,80
1,<environment.Job instance at 0x7f836790d6e0>,60,22,[4 8],98,106,128,8,106
1,<environment.Job instance at 0x7f836792c7d0>,69,1,[3 8],113,128,129,15,114
1,<environment.Job instance at 0x7f83679887d0>,78,20,[7 5],124,132,152,8,132
1,<environment.Job instance at 0x7f8367869e60>,0,23,[4 7],1,1,24,0,1
1,<environment.Job instance at 0x7f8367869aa0>,9,15,[5 5],10,24,39,14,10
1,<environment.Job instance at 0x7f8367869dc0>,8,20,[ 2 10],9,39,59,30,30
1,<environment.Job instance at 0x7f83678beaa0>,18,23,[1 9],19,59,82,40,57
1,<environment.Job instance at 0x7f83ab816f50>,25,12,[ 4 10],29,82,94,53,67
1,<environment.Job instance at 0x7f83678576e0>,34,14,[8 5],40,94,108,54,89
1,<environment.Job instance at 0x7f8367859910>,45,14,[3 7],55,110,124,55,110
1,<environment.Job instance at 0x7f83678598c0>,48,15,[ 4 10],60,124,139,64,118
1,<environment.Job instance at 0x7f83ab3c1370>,55,14,[10  5],71,139,153,68,125
1,<environment.Job instance at 0x7f8367da0640>,0,18,[1 9],1,1,19,0,1
1,<environment.Job instance at 0x7f83b2306f50>,2,16,[ 5 10],3,19,35,16,15
1,<environment.Job instance at 0x7f83ab769460>,12,3,[2 6],18,35,38,17,19
1,<environment.Job instance at 0x7f8367f3a230>,15,3,[7 4],24,35,38,11,25
1,<environment.Job instance at 0x7f8367de4230>,20,1,[10  5],29,38,39,9,30
1,<environment.Job instance at 0x7f83b2b82f50>,23,18,[7 1],35,39,57,4,36
1,<environment.Job instance at 0x7f83ab67ffa0>,11,16,[4 7],17,57,73,40,44
1,<environment.Job instance at 0x7f83ab3b9eb0>,30,3,[5 2],42,59,62,17,59
1,<environment.Job instance at 0x7f83ab3b9aa0>,31,13,[2 5],43,73,86,30,60
1,<environment.Job instance at 0x7f83b2a5faa0>,34,1,[7 2],48,73,74,25,63
1,<environment.Job instance at 0x7f83b2940f00>,36,16,[8 3],51,74,90,23,63
1,<environment.Job instance at 0x7f83b2a5f820>,33,22,[5 8],47,90,112,43,87
1,<environment.Job instance at 0x7f8367edf910>,42,2,[2 7],65,88,90,23,88
1,<environment.Job instance at 0x7f8367ccc320>,43,1,[5 8],66,112,113,46,97
1,<environment.Job instance at 0x7f8367ccc8c0>,49,17,[10  5],76,113,130,37,111
1,<environment.Job instance at 0x7f8367e0a370>,51,18,[10  2],79,134,152,55,134
1,<environment.Job instance at 0x7f8367cedb40>,4,15,[9 2],5,9,24,4,9
1,<environment.Job instance at 0x7f8367c48af0>,9,13,[4 8],13,24,37,11,13
1,<environment.Job instance at 0x7f8367ced230>,12,13,[7 4],16,37,50,21,21
1,<environment.Job instance at 0x7f8367fcd3c0>,15,19,[6 1],20,50,69,30,41
1,<environment.Job instance at 0x7f8367fb0230>,34,16,[1 6],53,76,92,23,76
1,<environment.Job instance at 0x7f8367fb02d0>,36,1,[10  1],57,92,93,35,77
1,<environment.Job instance at 0x7f8367fb0370>,37,1,[3 5],58,93,94,35,77
1,<environment.Job instance at 0x7f8367fa1370>,46,14,[4 7],73,114,128,41,114
1,<environment.Job instance at 0x7f8367fa1320>,48,15,[6 3],75,118,133,43,118
1,<environment.Job instance at 0x7f83b23accd0>,52,13,[ 1 10],82,133,146,51,120
1,<environment.Job instance at 0x7f8367ece190>,7,16,[6 3],9,22,38,13,22
1,<environment.Job instance at 0x7f8367ece960>,2,18,[ 5 10],3,38,56,35,27
1,<environment.Job instance at 0x7f8367e9bdc0>,28,13,[ 2 10],37,62,75,25,62
1,<environment.Job instance at 0x7f8367ece8c0>,8,15,[ 4 10],10,75,90,65,71
1,<environment.Job instance at 0x7f83b1f28280>,32,1,[ 4 10],42,90,91,48,73
1,<environment.Job instance at 0x7f83b1f28050>,37,3,[10  1],49,91,94,42,78
1,<environment.Job instance at 0x7f8367e9b500>,29,26,[4 9],38,94,120,56,91
1,<environment.Job instance at 0x7f83abaac820>,48,12,[2 6],65,125,137,60,125
1,<environment.Job instance at 0x7f83abaacf50>,50,18,[10  5],69,137,155,68,126
1,<environment.Job instance at 0x7f8367a32910>,3,12,[8 4],6,6,18,0,6
1,<environment.Job instance at 0x7f8367a32140>,4,15,[10  3],7,18,33,11,9
1,<environment.Job instance at 0x7f83ab7702d0>,11,14,[2 8],19,33,47,14,19
1,<environment.Job instance at 0x7f83ab5bf0f0>,15,17,[5 2],25,33,50,8,33
1,<environment.Job instance at 0x7f836790a320>,19,16,[ 4 10],31,50,66,19,37
1,<environment.Job instance at 0x7f83ab9c9500>,27,24,[9 1],42,66,90,24,65
1,<environment.Job instance at 0x7f83ab69a780>,35,12,[9 1],58,104,116,46,104
1,<environment.Job instance at 0x7f83ab719960>,9,16,[ 5 10],16,116,132,100,106
1,<environment.Job instance at 0x7f83ab69aa50>,41,13,[3 9],68,132,145,64,118
1,<environment.Job instance at 0x7f83ab68e3c0>,47,1,[8 2],77,145,146,68,126
1,<environment.Job instance at 0x7f83ab92d910>,49,13,[10  2],79,146,159,67,134
1,<environment.Job instance at 0x7f836789f3c0>,18,12,[8 3],25,31,43,6,31
1,<environment.Job instance at 0x7f83678a8140>,28,22,[4 5],43,44,66,1,44
1,<environment.Job instance at 0x7f83678a8640>,34,20,[9 3],52,66,86,14,58
1,<environment.Job instance at 0x7f83678a1af0>,52,18,[1 7],80,117,135,37,117
1,<environment.Job instance at 0x7f83678a1a00>,54,15,[ 5 10],84,135,150,51,123
1,<environment.Job instance at 0x7f83ab3eff50>,1,12,[1 8],2,2,14,0,2
1,<environment.Job instance at 0x7f83aba40cd0>,5,13,[2 7],9,14,27,5,11
1,<environment.Job instance at 0x7f83b20bc460>,8,15,[7 2],12,12,27,0,12
1,<environment.Job instance at 0x7f8367ed7410>,9,17,[ 3 10],13,27,44,14,15
1,<environment.Job instance at 0x7f8367e0a8c0>,20,20,[6 3],31,44,64,13,35
1,<environment.Job instance at 0x7f83ab646320>,28,17,[3 6],45,45,62,0,45
1,<environment.Job instance at 0x7f8367e10f50>,33,18,[10  2],52,64,82,12,61
1,<environment.Job instance at 0x7f83679f5eb0>,36,16,[6 3],57,82,98,25,69
1,<environment.Job instance at 0x7f83679f5820>,41,23,[1 5],63,82,105,19,80
1,<environment.Job instance at 0x7f8367e089b0>,44,2,[3 8],68,105,107,37,83
1,<environment.Job instance at 0x7f8367e08500>,47,17,[5 8],71,107,124,36,95
1,<environment.Job instance at 0x7f8367e11a50>,54,13,[4 7],83,124,137,41,111
1,<environment.Job instance at 0x7f8367cfd050>,61,25,[7 5],91,137,162,46,136
1,<environment.Job instance at 0x7f83b2377e60>,13,16,[5 4],23,31,47,8,31
1,<environment.Job instance at 0x7f83b25ed2d0>,6,24,[4 6],9,36,60,27,36
1,<environment.Job instance at 0x7f8367c78be0>,18,3,[8 1],31,60,63,29,36
1,<environment.Job instance at 0x7f8367c788c0>,20,1,[2 5],34,60,61,26,36
1,<environment.Job instance at 0x7f83ab71de60>,25,23,[8 3],41,63,86,22,59
1,<environment.Job instance at 0x7f83677f7780>,29,14,[5 5],47,86,100,39,71
1,<environment.Job instance at 0x7f83ab440370>,43,18,[4 6],66,100,118,34,89
1,<environment.Job instance at 0x7f8367ab8e10>,49,14,[5 2],75,104,118,29,104
1,<environment.Job instance at 0x7f83b1fa9f50>,50,12,[8 1],77,118,130,41,104
1,<environment.Job instance at 0x7f83b1fa95f0>,51,17,[2 7],78,118,135,40,106
1,<environment.Job instance at 0x7f83b1fa9280>,53,2,[9 3],81,135,137,54,110
1,<environment.Job instance at 0x7f83ab663410>,1,17,[8 4],4,4,21,0,4
1,<environment.Job instance at 0x7f836797ffa0>,2,22,[7 5],5,21,43,16,14
1,<environment.Job instance at 0x7f836797bcd0>,17,2,[7 2],25,43,45,18,27
1,<environment.Job instance at 0x7f836797e190>,20,14,[1 5],30,31,45,1,31
1,<environment.Job instance at 0x7f836797e320>,21,3,[1 7],31,45,48,14,31
1,<environment.Job instance at 0x7f836797e640>,26,12,[3 8],38,50,62,12,50
1,<environment.Job instance at 0x7f836797e780>,27,16,[1 7],39,62,78,23,50
1,<environment.Job instance at 0x7f836797ebe0>,33,3,[3 5],46,78,81,32,63
1,<environment.Job instance at 0x7f836797ed20>,35,13,[7 1],48,69,82,21,69
1,<environment.Job instance at 0x7f836796c410>,40,16,[6 3],56,82,98,26,82
1,<environment.Job instance at 0x7f836796ccd0>,47,25,[3 8],64,99,124,35,99
1,<environment.Job instance at 0x7f8367991dc0>,61,13,[5 5],85,129,142,44,129
1,<environment.Job instance at 0x7f8367a61320>,6,14,[8 1],12,13,27,1,13
1,<environment.Job instance at 0x7f8367a61500>,9,15,[9 1],15,27,42,12,15
1,<environment.Job instance at 0x7f8367edeeb0>,14,18,[ 2 10],30,42,60,12,31
1,<environment.Job instance at 0x7f83abb36780>,21,16,[3 7],40,60,76,20,47
1,<environment.Job instance at 0x7f83ab862aa0>,32,14,[4 9],54,76,90,22,61
1,<environment.Job instance at 0x7f83abad8910>,37,13,[1 8],64,90,103,26,76
1,<environment.Job instance at 0x7f8367f2bc80>,41,16,[1 8],68,103,119,35,92
1,<environment.Job instance at 0x7f8367f2b5f0>,47,17,[10  4],78,119,136,41,108
1,<environment.Job instance at 0x7f83b2b961e0>,57,3,[9 3],98,136,139,38,121
1,<environment.Job instance at 0x7f83b2b96780>,58,14,[5 8],99,139,153,40,125
1,<environment.Job instance at 0x7f836764f3c0>,1,13,[8 4],3,3,16,0,3
1,<environment.Job instance at 0x7f83ab49b280>,5,17,[10  1],11,16,33,5,11
1,<environment.Job instance at 0x7f83ab49b0f0>,9,14,[10  3],17,33,47,16,29
1,<environment.Job instance at 0x7f83aba4cdc0>,17,12,[9 3],30,47,59,17,33
1,<environment.Job instance at 0x7f83aba5ea50>,23,1,[9 3],37,59,60,22,43
1,<environment.Job instance at 0x7f83aba4c640>,15,15,[2 7],26,60,75,34,48
1,<environment.Job instance at 0x7f83b23dcd70>,30,12,[7 5],51,75,87,24,62
1,<environment.Job instance at 0x7f83b23dc370>,34,14,[3 5],57,78,92,21,78
1,<environment.Job instance at 0x7f83b23dc820>,35,3,[3 9],58,92,95,34,78
1,<environment.Job instance at 0x7f83b23dccd0>,33,27,[7 5],56,95,122,39,94
1,<environment.Job instance at 0x7f83aba6beb0>,46,22,[5 6],70,122,144,52,117
1,<environment.Job instance at 0x7f83b24f5a50>,51,17,[8 2],76,144,161,68,133
1,<environment.Job instance at 0x7f8367f612d0>,0,12,[10  2],1,1,13,0,1
1,<environment.Job instance at 0x7f83ab945eb0>,9,15,[ 3 10],11,13,28,2,11
1,<environment.Job instance at 0x7f83ab9565a0>,14,16,[10  1],16,28,44,12,21
1,<environment.Job instance at 0x7f83678e2140>,27,17,[8 3],38,54,71,16,54
1,<environment.Job instance at 0x7f83ab964410>,22,15,[4 8],32,71,86,39,61
1,<environment.Job instance at 0x7f8367eeb2d0>,37,15,[ 5 10],50,86,101,36,76
1,<environment.Job instance at 0x7f8367afb780>,41,19,[5 5],54,101,120,47,91
1,<environment.Job instance at 0x7f83ab82f6e0>,48,15,[8 4],62,120,135,58,111
1,<environment.Job instance at 0x7f83ab821960>,52,16,[3 9],68,135,151,67,122
1,<environment.Job instance at 0x7f836783c320>,54,13,[5 8],71,151,164,80,136
1,<environment.Job instance at 0x7f83abaf7cd0>,1,17,[3 9],3,3,20,0,3
1,<environment.Job instance at 0x7f83aba82aa0>,3,16,[8 5],5,20,36,15,7
1,<environment.Job instance at 0x7f8367d19a50>,13,13,[8 2],20,36,49,16,20
1,<environment.Job instance at 0x7f83b2301cd0>,28,3,[4 6],39,49,52,10,45
1,<environment.Job instance at 0x7f83b2301e60>,29,14,[7 1],40,52,66,12,50
1,<environment.Job instance at 0x7f83b2301280>,30,18,[3 8],42,52,70,10,50
1,<environment.Job instance at 0x7f83aba963c0>,41,24,[8 2],58,77,101,19,77
1,<environment.Job instance at 0x7f83aba96a50>,46,23,[4 7],66,107,130,41,107
1,<environment.Job instance at 0x7f8367ed3410>,56,19,[9 2],77,130,149,53,130
1,<environment.Job instance at 0x7f8367594870>,8,3,[9 4],17,17,20,0,17
1,<environment.Job instance at 0x7f8367594c30>,5,15,[9 4],12,23,38,11,23
1,<environment.Job instance at 0x7f8367c67b40>,20,14,[9 3],31,38,52,7,31
1,<environment.Job instance at 0x7f8367c87140>,24,18,[ 2 10],36,52,70,16,43
1,<environment.Job instance at 0x7f8367c877d0>,34,2,[3 7],50,71,73,21,71
1,<environment.Job instance at 0x7f8367c875f0>,36,15,[3 7],52,80,95,28,80
1,<environment.Job instance at 0x7f8367c60a50>,41,15,[3 5],57,95,110,38,82
1,<environment.Job instance at 0x7f8367c60c30>,49,18,[9 2],67,118,136,51,118
1,<environment.Job instance at 0x7f8367762280>,54,16,[1 9],76,136,152,60,132
1,<environment.Job instance at 0x7f8367762640>,56,12,[4 6],78,152,164,74,137
1,<environment.Job instance at 0x7f83ab5a3230>,0,14,[7 1],1,1,15,0,1
1,<environment.Job instance at 0x7f83b1ea4b40>,5,12,[9 4],10,15,27,5,10
1,<environment.Job instance at 0x7f83b1ea4fa0>,6,14,[10  4],11,27,41,16,12
1,<environment.Job instance at 0x7f83b1e990a0>,19,13,[5 1],28,41,54,13,30
1,<environment.Job instance at 0x7f83b1ea1be0>,27,14,[9 4],38,54,68,16,48
1,<environment.Job instance at 0x7f8367596b90>,34,15,[9 5],48,68,83,20,56
1,<environment.Job instance at 0x7f8367aae870>,41,17,[1 5],56,67,84,11,67
1,<environment.Job instance at 0x7f8367ac1f50>,43,14,[8 4],58,83,97,25,68
1,<environment.Job instance at 0x7f8367ac1c30>,45,12,[3 7],60,97,109,37,82
1,<environment.Job instance at 0x7f83ab68d910>,52,17,[ 2 10],70,109,126,39,101
1,<environment.Job instance at 0x7f83ab6b5b40>,61,15,[8 4],80,126,141,46,118
1,<environment.Job instance at 0x7f8367718f50>,3,12,[9 4],4,4,16,0,4
1,<environment.Job instance at 0x7f8367718320>,4,16,[5 9],6,16,32,10,8
1,<environment.Job instance at 0x7f83aba679b0>,15,13,[ 5 10],20,32,45,12,20
1,<environment.Job instance at 0x7f83678fa1e0>,26,3,[9 3],33,45,48,12,33
1,<environment.Job instance at 0x7f83ab41fe60>,17,18,[7 3],22,48,66,26,37
1,<environment.Job instance at 0x7f8367d8b370>,37,18,[2 9],48,66,84,18,57
1,<environment.Job instance at 0x7f83679ef730>,44,15,[8 4],56,84,99,28,70
1,<environment.Job instance at 0x7f83ab9024b0>,55,13,[7 5],68,101,114,33,101
1,<environment.Job instance at 0x7f83ab678d20>,65,15,[7 3],84,125,140,41,125
1,<environment.Job instance at 0x7f83b215b8c0>,5,2,[3 7],6,6,8,0,6
1,<environment.Job instance at 0x7f83676d4c30>,9,2,[3 7],10,10,12,0,10
1,<environment.Job instance at 0x7f83676d4cd0>,11,1,[9 1],14,14,15,0,14
1,<environment.Job instance at 0x7f83b20c1780>,19,15,[3 6],23,23,38,0,23
1,<environment.Job instance at 0x7f83b20c18c0>,22,12,[4 7],27,38,50,11,27
1,<environment.Job instance at 0x7f83b2028640>,31,14,[5 9],40,50,64,10,40
1,<environment.Job instance at 0x7f83b1eed1e0>,36,13,[5 5],48,64,77,16,49
1,<environment.Job instance at 0x7f8367c15820>,48,16,[8 3],65,86,102,21,86
1,<environment.Job instance at 0x7f8367c15dc0>,56,18,[8 4],78,102,120,24,100
1,<environment.Job instance at 0x7f83676821e0>,60,27,[9 5],83,126,153,43,126
1,<environment.Job instance at 0x7f83b2018d70>,2,16,[5 8],4,4,20,0,4
1,<environment.Job instance at 0x7f83b20183c0>,7,17,[4 9],11,20,37,9,12
1,<environment.Job instance at 0x7f83b201fb40>,14,13,[5 5],23,37,50,14,24
1,<environment.Job instance at 0x7f83b2027f50>,23,16,[9 2],39,50,66,11,48
1,<environment.Job instance at 0x7f83b1ef4550>,32,13,[9 2],51,68,81,17,68
1,<environment.Job instance at 0x7f83b1ef4fa0>,34,18,[9 4],53,81,99,28,70
1,<environment.Job instance at 0x7f83ab8845f0>,43,17,[6 4],65,99,116,34,93
1,<environment.Job instance at 0x7f83ab8847d0>,44,16,[4 9],66,116,132,50,104
1,<environment.Job instance at 0x7f83ab8845a0>,48,17,[9 1],70,132,149,62,120
1,<environment.Job instance at 0x7f6e7fed50f0>,3,22,[2 5],8,8,30,0,8
1,<environment.Job instance at 0x7f6e7aaca4b0>,21,12,[6 2],33,40,52,7,40
1,<environment.Job instance at 0x7f6e7aaca140>,22,20,[4 6],34,41,61,7,41
1,<environment.Job instance at 0x7f6e7aaca780>,28,26,[9 4],40,68,94,28,68
1,<environment.Job instance at 0x7f6e7aacb280>,38,15,[8 3],56,94,109,38,87
1,<environment.Job instance at 0x7f6e7aacb7d0>,42,15,[7 5],60,109,124,49,103
1,<environment.Job instance at 0x7f6e7aacb6e0>,41,3,[5 1],59,124,127,65,104
1,<environment.Job instance at 0x7f6e7aacb910>,44,3,[2 5],63,104,107,41,104
1,<environment.Job instance at 0x7f6e7aacb870>,45,13,[1 5],66,107,120,41,104
1,<environment.Job instance at 0x7f6e7aacb960>,46,13,[4 6],67,124,137,57,108
1,<environment.Job instance at 0x7f6e7aacf5a0>,54,14,[ 2 10],84,139,153,55,139
1,<environment.Job instance at 0x7f6e7aacf780>,57,12,[5 3],88,153,165,65,140
1,<environment.Job instance at 0x7f6e80050910>,3,16,[5 2],6,6,22,0,6
1,<environment.Job instance at 0x7f6e800502d0>,4,21,[5 5],8,9,30,1,9
1,<environment.Job instance at 0x7f6e800500f0>,5,12,[5 6],10,30,42,20,13
1,<environment.Job instance at 0x7f6e800461e0>,18,12,[7 1],28,42,54,14,31
1,<environment.Job instance at 0x7f6e8003caf0>,26,13,[3 8],38,42,55,4,38
1,<environment.Job instance at 0x7f6e7fefcc30>,28,17,[7 1],44,54,71,10,49
1,<environment.Job instance at 0x7f6e7fefc820>,33,17,[6 4],56,71,88,15,59
1,<environment.Job instance at 0x7f6e8004f5f0>,48,23,[2 7],79,88,111,9,83
1,<environment.Job instance at 0x7f6e8003f2d0>,52,2,[5 8],93,111,113,18,94
1,<environment.Job instance at 0x7f6e7fefe550>,57,16,[8 4],99,113,129,14,106
1,<environment.Job instance at 0x7f6e7fefed70>,64,2,[4 9],109,129,131,20,116
1,<environment.Job instance at 0x7f6e34db7d70>,69,20,[7 5],114,131,151,17,124
1,<environment.Job instance at 0x7f6e34e37aa0>,77,16,[10  4],130,151,167,21,142
1,<environment.Job instance at 0x7f6e34d81640>,4,28,[ 4 10],6,14,42,8,14
1,<environment.Job instance at 0x7f6e7af6cfa0>,17,13,[2 7],23,42,55,19,29
1,<environment.Job instance at 0x7f6e7ac51640>,22,13,[6 3],31,42,55,11,31
1,<environment.Job instance at 0x7f6e34df00f0>,34,1,[2 6],50,59,60,9,59
1,<environment.Job instance at 0x7f6e34df0e60>,35,14,[10  5],51,60,74,9,60
1,<environment.Job instance at 0x7f6e34df0550>,36,17,[3 9],53,74,91,21,62
1,<environment.Job instance at 0x7f6e7a8bb780>,1,18,[7 1],3,5,23,2,5
1,<environment.Job instance at 0x7f6e7abcd960>,12,22,[5 8],17,30,52,13,30
1,<environment.Job instance at 0x7f6e7abcd730>,18,15,[7 1],27,52,67,25,38
1,<environment.Job instance at 0x7f6e352202d0>,25,26,[3 7],42,53,79,11,53
1,<environment.Job instance at 0x7f6e34ea3af0>,32,17,[8 2],53,85,102,32,85
1,<environment.Job instance at 0x7f6e352669b0>,41,20,[ 3 10],66,122,142,56,122
1,<environment.Job instance at 0x7f6e7aaa93c0>,44,17,[6 1],70,142,159,72,136
1,<environment.Job instance at 0x7f6e7afc9820>,51,1,[10  4],80,159,160,79,136
1,<environment.Job instance at 0x7f6e3521c1e0>,49,17,[4 6],77,160,177,83,149
1,<environment.Job instance at 0x7f6e3521c1e0>,3,24,[5 5],6,6,30,0,6
1,<environment.Job instance at 0x7f6e351c2b40>,14,18,[5 5],21,27,45,6,27
1,<environment.Job instance at 0x7f6e351c23c0>,7,28,[ 5 10],10,45,73,35,44
1,<environment.Job instance at 0x7f6e351bb280>,34,17,[9 2],57,73,90,16,63
1,<environment.Job instance at 0x7f6e351bbeb0>,45,15,[3 8],70,90,105,20,87
1,<environment.Job instance at 0x7f6e351cb140>,49,13,[8 1],75,105,118,30,97
1,<environment.Job instance at 0x7f6e351cb550>,54,13,[ 5 10],81,118,131,37,105
1,<environment.Job instance at 0x7f6e34cce370>,65,1,[5 1],98,137,138,39,137
1,<environment.Job instance at 0x7f6e34cce4b0>,66,15,[1 6],99,138,153,39,138
1,<environment.Job instance at 0x7f6e34cce190>,67,17,[5 9],100,153,170,53,141
1,<environment.Job instance at 0x7f6e34cce460>,2,14,[5 4],6,8,22,2,8
1,<environment.Job instance at 0x7f6e7f91a6e0>,5,13,[3 7],9,22,35,13,9
1,<environment.Job instance at 0x7f6e7f91a640>,6,23,[6 1],11,22,45,11,20
1,<environment.Job instance at 0x7f6e7a9984b0>,16,12,[5 5],26,45,57,19,33
1,<environment.Job instance at 0x7f6e7ad00910>,25,17,[7 3],38,57,74,19,47
1,<environment.Job instance at 0x7f6e7f3d4050>,32,13,[4 7],45,74,87,29,71
1,<environment.Job instance at 0x7f6e7f3d4b40>,35,18,[2 8],50,87,105,37,76
1,<environment.Job instance at 0x7f6e3508bcd0>,45,15,[7 4],66,105,120,39,93
1,<environment.Job instance at 0x7f6e7a88d410>,49,2,[7 5],70,120,122,50,113
1,<environment.Job instance at 0x7f6e3508b640>,47,28,[9 3],68,122,150,54,121
1,<environment.Job instance at 0x7f6e34fc9c30>,10,23,[6 2],16,16,39,0,16
1,<environment.Job instance at 0x7f6e7a9f1820>,19,13,[3 7],27,27,40,0,27
1,<environment.Job instance at 0x7f6e7f574c80>,29,15,[9 1],39,50,65,11,50
1,<environment.Job instance at 0x7f6e7a8914b0>,33,15,[5 5],44,65,80,21,51
1,<environment.Job instance at 0x7f6e7ab61370>,40,15,[4 5],54,69,84,15,69
1,<environment.Job instance at 0x7f6e7ab61550>,41,2,[7 4],56,84,86,28,70
1,<environment.Job instance at 0x7f6e34ea3640>,37,17,[2 7],48,86,103,38,74
1,<environment.Job instance at 0x7f6e7ae9feb0>,45,2,[10  5],63,103,105,40,78
1,<environment.Job instance at 0x7f6e7ac7d550>,48,3,[5 4],68,80,83,12,80
1,<environment.Job instance at 0x7f6e7ae9fc80>,49,2,[5 9],69,105,107,36,80
1,<environment.Job instance at 0x7f6e7ae9faa0>,50,12,[6 5],71,107,119,36,90
1,<environment.Job instance at 0x7f6e7abd3dc0>,60,2,[1 5],85,114,116,29,114
1,<environment.Job instance at 0x7f6e7abd3960>,67,12,[9 3],93,120,132,27,120
1,<environment.Job instance at 0x7f6e7abd3a50>,69,15,[5 6],98,132,147,34,124
1,<environment.Job instance at 0x7f6e34d69640>,2,21,[7 3],3,5,26,2,5
1,<environment.Job instance at 0x7f6e34c390a0>,9,15,[ 5 10],14,26,41,12,14
1,<environment.Job instance at 0x7f6e34c39780>,17,12,[6 5],27,41,53,14,27
1,<environment.Job instance at 0x7f6e34c39f50>,24,13,[ 4 10],34,53,66,19,42
1,<environment.Job instance at 0x7f6e34c3baa0>,32,15,[2 9],48,66,81,18,63
1,<environment.Job instance at 0x7f6e34c3bdc0>,42,17,[2 7],61,107,124,46,107
1,<environment.Job instance at 0x7f6e34c3d3c0>,46,18,[5 9],65,124,142,59,123
1,<environment.Job instance at 0x7f6e34c40be0>,0,26,[6 3],1,1,27,0,1
1,<environment.Job instance at 0x7f6e3512b640>,5,15,[1 5],7,8,23,1,8
1,<environment.Job instance at 0x7f6e35121d70>,18,3,[7 4],24,27,30,3,25
1,<environment.Job instance at 0x7f6e3512b780>,9,25,[7 5],11,30,55,19,26
1,<environment.Job instance at 0x7f6e34fb6190>,25,2,[3 9],37,55,57,18,37
1,<environment.Job instance at 0x7f6e34d66910>,26,15,[7 4],39,57,72,18,43
1,<environment.Job instance at 0x7f6e7acec640>,32,13,[8 1],45,72,85,27,57
1,<environment.Job instance at 0x7f6e7acec4b0>,34,14,[2 6],49,57,71,8,57
1,<environment.Job instance at 0x7f6e7f2c8960>,43,25,[4 6],66,100,125,34,100
1,<environment.Job instance at 0x7f6e352895a0>,54,14,[4 7],86,143,157,57,143
1,<environment.Job instance at 0x7f6e7a9fb3c0>,56,12,[5 3],89,143,155,54,143
1,<environment.Job instance at 0x7f6e7a9fb5a0>,57,16,[5 5],90,157,173,67,145
1,<environment.Job instance at 0x7f6e35111320>,1,12,[7 1],2,3,15,1,3
1,<environment.Job instance at 0x7f6e351113c0>,3,16,[10  2],4,15,31,11,4
1,<environment.Job instance at 0x7f6e7f9779b0>,11,17,[5 9],13,31,48,18,19
1,<environment.Job instance at 0x7f6e7f4285a0>,25,21,[5 6],35,57,78,22,57
1,<environment.Job instance at 0x7f6e7f4288c0>,26,17,[5 3],36,58,75,22,58
1,<environment.Job instance at 0x7f6e7abe8af0>,33,14,[7 4],47,78,92,31,65
1,<environment.Job instance at 0x7f6e7aa5caa0>,40,27,[5 3],56,95,122,39,95
1,<environment.Job instance at 0x7f6e350c4190>,43,1,[4 5],61,97,98,36,97
1,<environment.Job instance at 0x7f6e351a3140>,44,13,[5 1],62,101,114,39,101
1,<environment.Job instance at 0x7f6e7f367cd0>,47,24,[8 5],67,122,146,55,117
1,<environment.Job instance at 0x7f6e7a9aec30>,54,2,[7 2],75,146,148,71,127
1,<environment.Job instance at 0x7f6e7afe37d0>,57,14,[1 5],80,135,149,55,135
1,<environment.Job instance at 0x7f6e7afe3410>,59,18,[6 4],84,148,166,64,137
1,<environment.Job instance at 0x7f6e7ad7d6e0>,0,14,[9 1],1,1,15,0,1
1,<environment.Job instance at 0x7f6e7fa65410>,2,16,[5 9],3,15,31,12,3
1,<environment.Job instance at 0x7f6e7f6dc6e0>,4,16,[10  1],5,31,47,26,20
1,<environment.Job instance at 0x7f6e7f6d46e0>,19,21,[4 5],24,47,68,23,42
1,<environment.Job instance at 0x7f6e7f6d4dc0>,28,2,[4 5],39,55,57,16,55
1,<environment.Job instance at 0x7f6e7f6d4e60>,27,17,[ 2 10],37,68,85,31,56
1,<environment.Job instance at 0x7f6e7f6d0190>,32,3,[1 5],48,85,88,37,68
1,<environment.Job instance at 0x7f6e7f6d0640>,35,14,[8 1],52,85,99,33,70
1,<environment.Job instance at 0x7f6e7f6d0c80>,41,15,[4 5],65,99,114,34,85
1,<environment.Job instance at 0x7f6e7f6c5780>,49,13,[9 4],79,114,127,35,98
1,<environment.Job instance at 0x7f6e7f6c5c30>,54,15,[8 1],86,127,142,41,117
1,<environment.Job instance at 0x7f6e7f6c5b40>,52,15,[7 5],83,142,157,59,129
1,<environment.Job instance at 0x7f6e7f6ae0a0>,62,16,[9 4],96,157,173,61,147
1,<environment.Job instance at 0x7f6e7f6ae780>,65,2,[ 3 10],102,173,175,71,148
1,<environment.Job instance at 0x7f6e8004be10>,2,18,[8 1],6,6,24,0,6
1,<environment.Job instance at 0x7f6e7aaead70>,7,15,[10  5],15,24,39,9,15
1,<environment.Job instance at 0x7f6e7f60d230>,22,13,[8 4],33,39,52,6,34
1,<environment.Job instance at 0x7f6e7fc4ea00>,23,14,[2 8],34,52,66,18,38
1,<environment.Job instance at 0x7f6e7f60d280>,17,16,[6 2],26,52,68,26,51
1,<environment.Job instance at 0x7f6e7fa3c910>,27,1,[1 9],42,68,69,26,51
1,<environment.Job instance at 0x7f6e7a978dc0>,26,17,[10  1],41,69,86,28,57
1,<environment.Job instance at 0x7f6e353fa550>,38,12,[9 3],60,86,98,26,78
1,<environment.Job instance at 0x7f6e7fa3cfa0>,32,26,[8 5],49,101,127,52,101
1,<environment.Job instance at 0x7f6e34e58fa0>,48,17,[9 3],76,127,144,51,119
1,<environment.Job instance at 0x7f6e7f583820>,55,14,[3 5],87,144,158,57,141
1,<environment.Job instance at 0x7f6e7f583f00>,59,18,[10  4],92,158,176,66,147
1,<environment.Job instance at 0x7f6e7fefe780>,9,18,[3 5],12,12,30,0,12
1,<environment.Job instance at 0x7f6e7fefec80>,10,18,[5 5],13,13,31,0,13
1,<environment.Job instance at 0x7f6e34d299b0>,15,2,[5 5],19,30,32,11,20
1,<environment.Job instance at 0x7f6e34d29e60>,17,12,[10  2],21,32,44,11,25
1,<environment.Job instance at 0x7f6e7f86da00>,19,3,[8 2],23,44,47,21,26
1,<environment.Job instance at 0x7f6e34d29be0>,14,26,[5 5],17,47,73,30,44
1,<environment.Job instance at 0x7f6e7ac321e0>,39,15,[4 8],52,73,88,21,73
1,<environment.Job instance at 0x7f6e7ac32eb0>,43,13,[3 8],57,88,101,31,77
1,<environment.Job instance at 0x7f6e7ac32960>,46,16,[6 5],60,101,117,41,88
1,<environment.Job instance at 0x7f6e7ac32b40>,51,16,[1 8],66,117,133,51,105
1,<environment.Job instance at 0x7f6e7a9075f0>,57,13,[2 7],73,133,146,60,124
1,<environment.Job instance at 0x7f6e7fa4eb40>,60,18,[8 1],76,130,148,54,130
1,<environment.Job instance at 0x7f6e7f3995f0>,65,15,[8 4],82,148,163,66,140
1,<environment.Job instance at 0x7f6e7f81b4b0>,1,16,[ 4 10],2,3,19,1,3
1,<environment.Job instance at 0x7f6e350dd4b0>,4,15,[4 8],6,19,34,13,6
1,<environment.Job instance at 0x7f6e350d13c0>,13,16,[1 8],18,34,50,16,21
1,<environment.Job instance at 0x7f6e350fc4b0>,26,18,[4 6],37,50,68,13,40
1,<environment.Job instance at 0x7f6e7a9adfa0>,33,17,[4 5],45,68,85,23,57
1,<environment.Job instance at 0x7f6e7f4676e0>,40,19,[7 5],55,85,104,30,76
1,<environment.Job instance at 0x7f6e7ab7b910>,54,23,[4 7],76,136,159,60,136
1,<environment.Job instance at 0x7f6e7fe14dc0>,4,12,[1 8],10,12,24,2,12
1,<environment.Job instance at 0x7f6e35452eb0>,11,17,[7 4],20,24,41,4,20
1,<environment.Job instance at 0x7f6e35307f50>,23,3,[3 6],34,45,48,11,45
1,<environment.Job instance at 0x7f6e353077d0>,26,2,[6 3],38,51,53,13,51
1,<environment.Job instance at 0x7f6e353074b0>,24,18,[ 2 10],36,55,73,19,55
1,<environment.Job instance at 0x7f6e34d79410>,31,18,[4 5],43,73,91,30,65
1,<environment.Job instance at 0x7f6e7aae8cd0>,41,15,[3 5],57,90,105,33,90
1,<environment.Job instance at 0x7f6e7aae8140>,47,18,[10  1],65,110,128,45,110
1,<environment.Job instance at 0x7f6e34d0e730>,54,16,[1 9],76,129,145,53,129
1,<environment.Job instance at 0x7f6e7f5876e0>,58,18,[8 4],80,145,163,65,136
1,<environment.Job instance at 0x7f6e7ad033c0>,3,17,[5 8],5,6,23,1,6
1,<environment.Job instance at 0x7f6e34a528c0>,28,15,[9 5],38,48,63,10,48
1,<environment.Job instance at 0x7f6e34a526e0>,33,25,[5 4],44,63,88,19,59
1,<environment.Job instance at 0x7f6e34a900a0>,53,26,[5 5],68,122,148,54,122
1,<environment.Job instance at 0x7f6e34a90140>,55,15,[8 4],70,148,163,78,138
1,<environment.Job instance at 0x7f6e34a90230>,64,1,[10  4],84,163,164,79,140
1,<environment.Job instance at 0x7f6e34a530a0>,69,3,[9 5],90,164,167,74,140
1,<environment.Job instance at 0x7f6e34a530f0>,1,18,[7 3],2,4,22,2,4
1,<environment.Job instance at 0x7f6e34e78190>,13,12,[5 8],17,22,34,5,18
1,<environment.Job instance at 0x7f6e34e6bd20>,19,19,[8 3],26,34,53,8,32
1,<environment.Job instance at 0x7f6e34a9cbe0>,30,2,[5 9],39,53,55,14,40
1,<environment.Job instance at 0x7f6e34a9c4b0>,31,18,[10  5],40,55,73,15,49
1,<environment.Job instance at 0x7f6e7f3d9fa0>,43,14,[7 4],55,73,87,18,72
1,<environment.Job instance at 0x7f6e7f3eda50>,50,15,[4 7],65,106,121,41,106
1,<environment.Job instance at 0x7f6e7f3ed910>,52,15,[3 9],68,121,136,53,108
1,<environment.Job instance at 0x7f6e7f78f140>,57,15,[4 6],78,139,154,61,139
1,<environment.Job instance at 0x7f6e3538bcd0>,65,1,[5 7],95,154,155,59,147
1,<environment.Job instance at 0x7f6e3538bc30>,66,14,[1 7],96,155,169,59,149
1,<environment.Job instance at 0x7f6e353e3230>,3,17,[6 1],6,6,23,0,6
1,<environment.Job instance at 0x7f6e3538b280>,4,16,[6 2],7,23,39,16,14
1,<environment.Job instance at 0x7f6e7ace7f50>,14,16,[9 4],23,39,55,16,26
1,<environment.Job instance at 0x7f6e7a88ecd0>,28,3,[7 1],41,55,58,14,54
1,<environment.Job instance at 0x7f6e7a88e370>,30,3,[5 6],45,58,61,13,54
1,<environment.Job instance at 0x7f6e7aec5280>,22,26,[5 2],33,58,84,25,58
1,<environment.Job instance at 0x7f6e7f8420a0>,34,18,[4 6],50,71,89,21,71
1,<environment.Job instance at 0x7f6e7f842eb0>,36,27,[9 5],53,98,125,45,98
1,<environment.Job instance at 0x7f6e7f2e7500>,44,17,[3 5],66,125,142,59,113
1,<environment.Job instance at 0x7f6e7f6dcb40>,50,24,[2 5],74,125,149,51,123
1,<environment.Job instance at 0x7f6e35190460>,3,17,[9 4],6,6,23,0,6
1,<environment.Job instance at 0x7f6e35190f00>,9,18,[9 4],13,23,41,10,13
1,<environment.Job instance at 0x7f6e7f7555f0>,13,1,[9 5],18,41,42,23,27
1,<environment.Job instance at 0x7f6e7f7553c0>,17,12,[9 4],23,42,54,19,28
1,<environment.Job instance at 0x7f6e35343c30>,21,2,[9 4],28,54,56,26,32
1,<environment.Job instance at 0x7f6e35343500>,27,15,[ 2 10],35,56,71,21,42
1,<environment.Job instance at 0x7f6e7f7bf050>,35,25,[6 2],46,83,108,37,83
1,<environment.Job instance at 0x7f6e34b9b820>,47,26,[3 6],66,98,124,32,98
1,<environment.Job instance at 0x7f6e34b9b6e0>,53,1,[3 9],74,124,125,50,112
1,<environment.Job instance at 0x7f6e7f7bfc30>,32,17,[8 4],43,125,142,82,116
1,<environment.Job instance at 0x7f6e3500ff50>,3,17,[1 8],4,4,21,0,4
1,<environment.Job instance at 0x7f6e3500fe10>,5,13,[8 2],6,12,25,6,12
1,<environment.Job instance at 0x7f6e3500f140>,4,18,[4 6],5,25,43,20,19
1,<environment.Job instance at 0x7f6e7f7c8870>,20,14,[5 2],29,39,53,10,39
1,<environment.Job instance at 0x7f6e7f7c80a0>,21,19,[4 6],30,43,62,13,40
1,<environment.Job instance at 0x7f6e34ea88c0>,28,27,[1 7],38,62,89,24,60
1,<environment.Job instance at 0x7f6e7f4ee500>,29,18,[9 2],40,65,83,25,65
1,<environment.Job instance at 0x7f6e7f4ee190>,33,15,[8 5],44,89,104,45,75
1,<environment.Job instance at 0x7f6e7f4dac80>,38,14,[9 5],50,111,125,61,111
1,<environment.Job instance at 0x7f6e7f4da320>,45,15,[5 8],59,136,151,77,136
1,<environment.Job instance at 0x7f1f3b9df780>,3,22,[2 5],8,8,30,0,8
1,<environment.Job instance at 0x7f1f365468c0>,12,18,[5 9],21,30,48,9,22
1,<environment.Job instance at 0x7f1f3654a550>,20,17,[9 3],32,48,65,16,38
1,<environment.Job instance at 0x7f1f3654aaf0>,28,26,[9 4],40,70,96,30,70
1,<environment.Job instance at 0x7f1f3654b230>,38,15,[8 3],56,96,111,40,84
1,<environment.Job instance at 0x7f1f3654b730>,41,3,[5 1],59,111,114,52,97
1,<environment.Job instance at 0x7f1f3654b780>,43,15,[5 6],62,111,126,49,97
1,<environment.Job instance at 0x7f1f3654b960>,45,13,[1 5],66,126,139,60,115
1,<environment.Job instance at 0x7f1f3654bf50>,50,18,[7 1],72,126,144,54,115
1,<environment.Job instance at 0x7f1f3654bc30>,48,3,[6 4],69,144,147,75,118
1,<environment.Job instance at 0x7f1f365485f0>,54,14,[ 2 10],84,147,161,63,144
1,<environment.Job instance at 0x7f1f36548aa0>,62,14,[6 4],94,161,175,67,151
1,<environment.Job instance at 0x7f1f3bad10f0>,6,14,[7 2],7,7,21,0,7
1,<environment.Job instance at 0x7f1f3bac2050>,8,16,[6 4],10,21,37,11,10
1,<environment.Job instance at 0x7f1f3baccd70>,24,2,[5 6],36,38,40,2,38
1,<environment.Job instance at 0x7f1f3bacce10>,26,2,[7 1],43,45,47,2,45
1,<environment.Job instance at 0x7f1f3bacc370>,21,14,[1 9],31,45,59,14,45
1,<environment.Job instance at 0x7f1f3b97f460>,27,17,[6 4],46,59,76,13,47
1,<environment.Job instance at 0x7f1f3b97f820>,32,2,[6 4],53,76,78,23,53
1,<environment.Job instance at 0x7f1f3b97fcd0>,34,2,[5 5],57,78,80,21,58
1,<environment.Job instance at 0x7f1f3b97fb90>,33,17,[5 1],55,78,95,23,67
1,<environment.Job instance at 0x7f1f3b97d870>,42,23,[2 7],69,80,103,11,74
1,<environment.Job instance at 0x7f1f3bacaa00>,50,19,[5 3],88,95,114,7,90
1,<environment.Job instance at 0x7f1f3b97feb0>,28,18,[5 5],47,103,121,56,96
1,<environment.Job instance at 0x7f1f3b9dd3c0>,63,20,[7 5],104,121,141,17,113
1,<environment.Job instance at 0x7f1f3bad0730>,67,26,[3 9],113,141,167,28,138
1,<environment.Job instance at 0x7f1f3bac0be0>,76,3,[5 6],125,167,170,42,154
1,<environment.Job instance at 0x7f1f3bac05f0>,75,14,[5 9],124,170,184,46,156
1,<environment.Job instance at 0x7f1f3b9556e0>,2,13,[2 7],3,5,18,2,5
1,<environment.Job instance at 0x7f1ef07a9b90>,7,13,[6 3],11,11,24,0,11
1,<environment.Job instance at 0x7f1f3639d0a0>,10,14,[3 7],15,18,32,3,16
1,<environment.Job instance at 0x7f1ef091d910>,13,15,[ 4 10],20,32,47,12,20
1,<environment.Job instance at 0x7f1f3632a910>,24,16,[5 1],39,47,63,8,39
1,<environment.Job instance at 0x7f1ef097cc80>,9,26,[9 1],17,22,48,5,22
1,<environment.Job instance at 0x7f1f3bad03c0>,29,17,[4 6],47,66,83,19,66
1,<environment.Job instance at 0x7f1f3bad1d20>,32,14,[5 6],51,83,97,32,68
1,<environment.Job instance at 0x7f1ef07d0dc0>,40,18,[5 6],67,117,135,50,117
1,<environment.Job instance at 0x7f1ef084ccd0>,43,16,[2 8],71,135,151,64,124
1,<environment.Job instance at 0x7f1ef0ca5690>,49,17,[ 2 10],80,151,168,71,143
1,<environment.Job instance at 0x7f1f3675caa0>,0,13,[ 1 10],2,2,15,0,2
1,<environment.Job instance at 0x7f1f363dc0a0>,4,13,[7 4],11,15,28,4,11
1,<environment.Job instance at 0x7f1ef0ee2e10>,5,14,[10  2],12,28,42,16,13
1,<environment.Job instance at 0x7f1ef0eed960>,15,12,[4 5],24,42,54,18,27
1,<environment.Job instance at 0x7f1ef0eeda00>,20,3,[5 1],31,42,45,11,31
1,<environment.Job instance at 0x7f1f364dec30>,16,2,[ 3 10],25,54,56,29,31
1,<environment.Job instance at 0x7f1ef0f07f00>,24,3,[ 2 10],36,56,59,20,39
1,<environment.Job instance at 0x7f1ef0f07780>,29,3,[4 8],42,59,62,17,44
1,<environment.Job instance at 0x7f1ef0f07730>,27,3,[10  1],40,62,65,22,45
1,<environment.Job instance at 0x7f1ef0f07e60>,30,1,[8 1],43,65,66,22,45
1,<environment.Job instance at 0x7f1ef0eed3c0>,18,16,[7 5],28,66,82,38,53
1,<environment.Job instance at 0x7f1ef0eedaa0>,19,15,[3 8],30,82,97,52,73
1,<environment.Job instance at 0x7f1ef0ee70a0>,37,17,[8 5],55,97,114,42,86
1,<environment.Job instance at 0x7f1f3701a0f0>,52,3,[ 5 10],72,114,117,42,106
1,<environment.Job instance at 0x7f1ef0f05b40>,50,15,[ 4 10],70,117,132,47,106
1,<environment.Job instance at 0x7f1f36335640>,66,16,[10  1],91,150,166,59,150
1,<environment.Job instance at 0x7f1f36ff6960>,6,15,[ 3 10],7,7,22,0,7
1,<environment.Job instance at 0x7f1f363424b0>,7,17,[2 7],10,22,39,12,10
1,<environment.Job instance at 0x7f1f36ff6690>,10,17,[2 5],17,39,56,22,27
1,<environment.Job instance at 0x7f1f3663b7d0>,22,15,[6 1],32,32,47,0,32
1,<environment.Job instance at 0x7f1f36666a50>,26,13,[2 6],38,56,69,18,41
1,<environment.Job instance at 0x7f1f366660a0>,31,17,[7 4],45,56,73,11,56
1,<environment.Job instance at 0x7f1f36666370>,33,15,[10  3],47,73,88,26,66
1,<environment.Job instance at 0x7f1f364276e0>,38,16,[ 5 10],56,88,104,32,75
1,<environment.Job instance at 0x7f1f364279b0>,43,17,[6 2],64,104,121,40,93
1,<environment.Job instance at 0x7f1f36674f00>,56,24,[9 1],82,131,155,49,131
1,<environment.Job instance at 0x7f1f36e51410>,62,23,[1 6],93,145,168,52,145
1,<environment.Job instance at 0x7f1f367c27d0>,7,14,[1 9],13,13,27,0,13
1,<environment.Job instance at 0x7f1f365e4140>,8,12,[7 5],14,27,39,13,14
1,<environment.Job instance at 0x7f1f365e4dc0>,11,13,[8 1],20,39,52,19,23
1,<environment.Job instance at 0x7f1ef0c78af0>,23,12,[9 3],36,52,64,16,36
1,<environment.Job instance at 0x7f1ef0a7e820>,28,1,[9 4],43,64,65,21,46
1,<environment.Job instance at 0x7f1ef0b3cb40>,24,15,[5 6],38,65,80,27,51
1,<environment.Job instance at 0x7f1ef0cc1910>,36,1,[5 5],55,80,81,25,59
1,<environment.Job instance at 0x7f1ef0cc1320>,38,1,[9 4],60,81,82,21,60
1,<environment.Job instance at 0x7f1ef0c7df50>,39,2,[10  3],62,82,84,20,62
1,<environment.Job instance at 0x7f1ef0a7ee10>,30,12,[8 3],45,84,96,39,68
1,<environment.Job instance at 0x7f1f36430550>,52,13,[8 5],82,104,117,22,104
1,<environment.Job instance at 0x7f1f365f90a0>,56,20,[3 6],89,117,137,28,113
1,<environment.Job instance at 0x7f1ef08405a0>,60,1,[ 4 10],95,137,138,42,114
1,<environment.Job instance at 0x7f1ef0d96460>,62,18,[2 7],98,138,156,40,127
1,<environment.Job instance at 0x7f1ef0d96cd0>,66,15,[ 5 10],104,156,171,52,142
1,<environment.Job instance at 0x7f1f3630fb40>,71,15,[2 5],114,171,186,57,157
1,<environment.Job instance at 0x7f1f3726fdc0>,1,12,[1 8],2,2,14,0,2
1,<environment.Job instance at 0x7f1f36ccc050>,5,13,[2 7],9,14,27,5,9
1,<environment.Job instance at 0x7f1f36ccc500>,9,17,[ 3 10],13,27,44,14,16
1,<environment.Job instance at 0x7f1f36cccd70>,20,20,[6 3],31,44,64,13,35
1,<environment.Job instance at 0x7f1f36d256e0>,26,14,[1 7],40,44,58,4,42
1,<environment.Job instance at 0x7f1f36d25cd0>,28,17,[3 6],45,58,75,13,46
1,<environment.Job instance at 0x7f1f36d25d20>,30,1,[6 1],49,64,65,15,49
1,<environment.Job instance at 0x7f1f36d550a0>,34,12,[10  2],53,75,87,22,65
1,<environment.Job instance at 0x7f1f36d553c0>,37,15,[9 4],59,87,102,28,78
1,<environment.Job instance at 0x7f1f36d55640>,41,23,[1 5],63,99,122,36,99
1,<environment.Job instance at 0x7f1f36d55b40>,48,18,[3 8],72,122,140,50,112
1,<environment.Job instance at 0x7f1f36d232d0>,54,13,[4 7],83,140,153,57,125
1,<environment.Job instance at 0x7f1f36d238c0>,61,25,[7 5],91,153,178,62,151
1,<environment.Job instance at 0x7f1f36d57370>,2,14,[4 7],6,7,21,1,7
1,<environment.Job instance at 0x7f1f362c0c80>,9,18,[7 3],15,21,39,6,17
1,<environment.Job instance at 0x7f1f36d429b0>,18,3,[10  4],28,39,42,11,31
1,<environment.Job instance at 0x7f1f3bad1500>,22,3,[7 1],32,42,45,10,33
1,<environment.Job instance at 0x7f1ef0d7d9b0>,30,3,[3 5],44,44,47,0,44
1,<environment.Job instance at 0x7f1f3b9a6af0>,31,18,[4 6],46,48,66,2,48
1,<environment.Job instance at 0x7f1ef0ad14b0>,35,16,[7 5],51,66,82,15,57
1,<environment.Job instance at 0x7f1ef08006e0>,24,13,[5 7],34,82,95,48,75
1,<environment.Job instance at 0x7f1ef0e9c280>,34,15,[7 1],50,95,110,45,81
1,<environment.Job instance at 0x7f1f3706e2d0>,47,3,[6 3],69,110,113,41,97
1,<environment.Job instance at 0x7f1f3706e8c0>,50,12,[7 1],72,113,125,41,101
1,<environment.Job instance at 0x7f1f3b6e2cd0>,53,13,[ 2 10],76,125,138,49,110
1,<environment.Job instance at 0x7f1f3b6e2aa0>,62,15,[5 8],89,152,167,63,152
1,<environment.Job instance at 0x7f1f370c2d20>,2,16,[4 6],4,4,20,0,4
1,<environment.Job instance at 0x7f1ef0b65e10>,3,14,[1 7],5,20,34,15,5
1,<environment.Job instance at 0x7f1f3690a050>,7,15,[7 2],10,20,35,10,10
1,<environment.Job instance at 0x7f1ef0ba7230>,14,13,[1 6],19,34,47,15,19
1,<environment.Job instance at 0x7f1ef0ba9730>,20,2,[4 6],27,47,49,20,27
1,<environment.Job instance at 0x7f1ef09aaeb0>,19,17,[7 1],25,49,66,24,38
1,<environment.Job instance at 0x7f1f366b7820>,28,1,[3 6],40,49,50,9,40
1,<environment.Job instance at 0x7f1f363dc7d0>,30,3,[2 5],43,50,53,7,43
1,<environment.Job instance at 0x7f1f363dcc30>,31,2,[9 5],44,66,68,22,45
1,<environment.Job instance at 0x7f1ef0c69cd0>,36,18,[10  3],54,68,86,14,57
1,<environment.Job instance at 0x7f1f36bc46e0>,41,14,[9 1],61,86,100,25,72
1,<environment.Job instance at 0x7f1ef0972550>,51,16,[9 3],72,100,116,28,92
1,<environment.Job instance at 0x7f1f3706f1e0>,56,15,[5 8],79,116,131,37,114
1,<environment.Job instance at 0x7f1ef0a6bc80>,69,2,[4 5],99,149,151,50,149
1,<environment.Job instance at 0x7f1f364b2730>,70,15,[7 4],101,154,169,53,154
1,<environment.Job instance at 0x7f1ef0b4a640>,3,27,[3 8],6,7,34,1,7
1,<environment.Job instance at 0x7f1ef0ea98c0>,6,2,[2 7],12,34,36,22,15
1,<environment.Job instance at 0x7f1ef0ea9be0>,10,12,[4 7],17,36,48,19,19
1,<environment.Job instance at 0x7f1ef0ea9b40>,13,17,[8 4],22,48,65,26,36
1,<environment.Job instance at 0x7f1ef0eb40a0>,31,13,[7 1],50,65,78,15,52
1,<environment.Job instance at 0x7f1ef0eb4730>,33,2,[4 5],55,78,80,23,55
1,<environment.Job instance at 0x7f1ef0ec7d70>,26,17,[5 2],44,78,95,34,66
1,<environment.Job instance at 0x7f1ef0ec74b0>,25,21,[4 6],43,80,101,37,78
1,<environment.Job instance at 0x7f1ef0ea6be0>,53,14,[5 5],81,117,131,36,117
1,<environment.Job instance at 0x7f1ef0ea6d70>,55,14,[2 8],84,131,145,47,118
1,<environment.Job instance at 0x7f1f36eee370>,11,14,[6 5],20,23,37,3,23
1,<environment.Job instance at 0x7f1f37014c30>,16,14,[8 4],27,37,51,10,34
1,<environment.Job instance at 0x7f1f37014fa0>,18,15,[5 3],33,51,66,18,37
1,<environment.Job instance at 0x7f1ef076b3c0>,22,13,[4 7],39,51,64,12,39
1,<environment.Job instance at 0x7f1f36eee690>,8,14,[6 3],16,66,80,50,54
1,<environment.Job instance at 0x7f1ef084cd20>,35,27,[2 9],54,80,107,26,79
1,<environment.Job instance at 0x7f1f371d6050>,50,15,[ 3 10],71,111,126,40,111
1,<environment.Job instance at 0x7f1f37021be0>,53,3,[10  4],74,126,129,52,113
1,<environment.Job instance at 0x7f1f36eee0f0>,10,12,[10  5],19,129,141,110,116
1,<environment.Job instance at 0x7f1f365bccd0>,7,15,[2 8],11,11,26,0,11
1,<environment.Job instance at 0x7f1f365bc370>,8,17,[2 5],14,26,43,12,14
1,<environment.Job instance at 0x7f1ef0b1deb0>,22,13,[10  4],35,43,56,8,36
1,<environment.Job instance at 0x7f1ef0b1d230>,23,15,[4 8],36,56,71,20,53
1,<environment.Job instance at 0x7f1f368acf00>,29,17,[3 7],44,71,88,27,59
1,<environment.Job instance at 0x7f1ef0b65460>,46,13,[4 9],68,124,137,56,124
1,<environment.Job instance at 0x7f1ef0b65af0>,54,14,[10  2],77,140,154,63,140
1,<environment.Job instance at 0x7f1f369e9be0>,61,18,[9 4],87,157,175,70,157
1,<environment.Job instance at 0x7f1f3705ccd0>,2,14,[9 4],6,15,29,9,15
1,<environment.Job instance at 0x7f1f370c5730>,10,17,[10  3],17,29,46,12,17
1,<environment.Job instance at 0x7f1f3675fe60>,17,12,[1 8],30,46,58,16,32
1,<environment.Job instance at 0x7f1f3634da00>,24,17,[7 4],40,58,75,18,49
1,<environment.Job instance at 0x7f1ef0bd51e0>,33,14,[9 3],51,75,89,24,70
1,<environment.Job instance at 0x7f1ef096ad70>,37,18,[ 2 10],56,89,107,33,78
1,<environment.Job instance at 0x7f1f36f7baf0>,49,15,[3 7],72,110,125,38,110
1,<environment.Job instance at 0x7f1ef0db05a0>,50,21,[9 5],73,125,146,52,118
1,<environment.Job instance at 0x7f1f36f92370>,60,18,[10  1],85,146,164,61,137
1,<environment.Job instance at 0x7f1f36f92be0>,64,18,[7 1],92,164,182,72,154
1,<environment.Job instance at 0x7f1f3b6e29b0>,67,16,[1 9],96,164,180,68,158
1,<environment.Job instance at 0x7f1f371fde10>,0,14,[7 1],1,1,15,0,1
1,<environment.Job instance at 0x7f1f36c50f00>,5,12,[9 4],10,15,27,5,10
1,<environment.Job instance at 0x7f1f36c50f50>,6,14,[10  4],11,27,41,16,12
1,<environment.Job instance at 0x7f1f369f7be0>,20,3,[5 5],29,41,44,12,29
1,<environment.Job instance at 0x7f1ef089b690>,21,17,[ 2 10],30,44,61,14,33
1,<environment.Job instance at 0x7f1f36859370>,34,15,[9 5],48,61,76,13,52
1,<environment.Job instance at 0x7f1ef0c0b500>,43,14,[8 4],58,78,92,20,78
1,<environment.Job instance at 0x7f1f36c325f0>,51,13,[6 5],68,113,126,45,113
1,<environment.Job instance at 0x7f1f36c27320>,55,3,[1 9],73,126,129,53,121
1,<environment.Job instance at 0x7f1ef077faa0>,57,1,[9 2],75,129,130,54,122
1,<environment.Job instance at 0x7f1ef077fbe0>,58,2,[6 5],77,130,132,53,122
1,<environment.Job instance at 0x7f1f3630c7d0>,59,26,[5 5],78,132,158,54,131
1,<environment.Job instance at 0x7f1f36433870>,72,2,[9 3],96,158,160,62,158
1,<environment.Job instance at 0x7f1ef0764500>,2,26,[5 4],3,5,31,2,5
1,<environment.Job instance at 0x7f1ef06cd870>,13,12,[5 8],17,31,43,14,17
1,<environment.Job instance at 0x7f1ef06b80a0>,22,14,[3 7],29,43,57,14,33
1,<environment.Job instance at 0x7f1ef06b8f00>,24,13,[6 3],31,43,56,12,41
1,<environment.Job instance at 0x7f1ef06b8370>,28,15,[8 4],36,57,72,21,46
1,<environment.Job instance at 0x7f1ef0535eb0>,38,3,[10  2],47,72,75,25,62
1,<environment.Job instance at 0x7f1ef0535870>,39,13,[7 5],48,75,88,27,72
1,<environment.Job instance at 0x7f1ef0535500>,43,14,[7 4],55,88,102,33,76
1,<environment.Job instance at 0x7f1ef0535370>,47,14,[9 4],62,102,116,40,88
1,<environment.Job instance at 0x7f1ef04de550>,53,15,[1 9],71,116,131,45,104
1,<environment.Job instance at 0x7f1ef05345a0>,60,3,[10  3],86,131,134,45,123
1,<environment.Job instance at 0x7f1ef05349b0>,57,15,[4 6],78,134,149,56,131
1,<environment.Job instance at 0x7f1ef05346e0>,63,17,[1 8],92,149,166,57,137
1,<environment.Job instance at 0x7f1ef0534f50>,68,2,[6 4],98,166,168,68,150
1,<environment.Job instance at 0x7f1f36d1db40>,2,15,[9 5],4,4,19,0,4
1,<environment.Job instance at 0x7f1ef07f0f00>,8,14,[8 3],15,19,33,4,16
1,<environment.Job instance at 0x7f1ef0e640a0>,11,16,[10  4],19,33,49,14,25
1,<environment.Job instance at 0x7f1ef0e84780>,23,15,[5 9],37,49,64,12,37
1,<environment.Job instance at 0x7f1ef0ec0f00>,29,22,[3 7],44,64,86,20,61
1,<environment.Job instance at 0x7f1ef0e93230>,34,15,[4 5],54,86,101,32,73
1,<environment.Job instance at 0x7f1f36bb4eb0>,44,24,[9 5],66,116,140,50,116
1,<environment.Job instance at 0x7f1ef0ec4230>,55,16,[7 5],80,140,156,60,134
1,<environment.Job instance at 0x7f1f36b99190>,59,17,[5 6],85,156,173,71,150
1,<environment.Job instance at 0x7f1f36b99320>,3,17,[6 4],5,7,24,2,7
1,<environment.Job instance at 0x7f1f36f1d050>,9,13,[10  1],11,24,37,13,13
1,<environment.Job instance at 0x7f1f3660ef50>,23,1,[5 1],33,38,39,5,38
1,<environment.Job instance at 0x7f1ef059dfa0>,21,18,[1 6],29,38,56,9,38
1,<environment.Job instance at 0x7f1ef08ea730>,25,2,[3 8],36,56,58,20,38
1,<environment.Job instance at 0x7f1ef0544050>,20,25,[6 2],26,39,64,13,38
1,<environment.Job instance at 0x7f1f36d266e0>,30,1,[5 3],43,64,65,21,48
1,<environment.Job instance at 0x7f1ef0544960>,18,24,[8 1],24,65,89,41,60
1,<environment.Job instance at 0x7f1f362bf820>,39,16,[10  4],56,89,105,33,77
1,<environment.Job instance at 0x7f1f3689acd0>,43,3,[5 1],61,105,108,44,79
1,<environment.Job instance at 0x7f1ef0d92230>,51,1,[6 4],72,108,109,36,101
1,<environment.Job instance at 0x7f1ef0d922d0>,50,14,[7 4],68,109,123,41,106
1,<environment.Job instance at 0x7f1ef0759230>,54,28,[10  2],77,133,161,56,133
1,<environment.Job instance at 0x7f1f37028550>,1,15,[7 2],2,6,21,4,6
1,<environment.Job instance at 0x7f1ef0a61730>,6,27,[1 7],8,10,37,2,10
1,<environment.Job instance at 0x7f1f36f7a190>,11,15,[8 5],14,37,52,23,23
1,<environment.Job instance at 0x7f1f36590820>,20,15,[7 5],26,52,67,26,38
1,<environment.Job instance at 0x7f1f365903c0>,29,3,[9 1],37,67,70,30,57
1,<environment.Job instance at 0x7f1f36590730>,28,23,[4 5],35,70,93,35,64
1,<environment.Job instance at 0x7f1f36384c30>,42,1,[8 3],56,110,111,54,110
1,<environment.Job instance at 0x7f1f36815af0>,44,24,[8 5],60,111,135,51,111
1,<environment.Job instance at 0x7f1f36815eb0>,52,14,[2 8],70,135,149,65,131
1,<environment.Job instance at 0x7f1f366c5a50>,57,15,[8 4],77,149,164,72,137
1,<environment.Job instance at 0x7f1f36963820>,1,15,[5 5],2,3,18,1,3
1,<environment.Job instance at 0x7f1ef0c1aaa0>,4,17,[7 2],6,18,35,12,9
1,<environment.Job instance at 0x7f1f3b850640>,7,14,[3 8],9,18,32,9,13
1,<environment.Job instance at 0x7f1f363ceb40>,19,2,[ 2 10],29,35,37,6,31
1,<environment.Job instance at 0x7f1f363ce870>,21,3,[8 5],33,37,40,4,34
1,<environment.Job instance at 0x7f1ef0578640>,25,2,[5 7],41,42,44,1,42
1,<environment.Job instance at 0x7f1ef0578910>,26,3,[4 5],42,44,47,2,42
1,<environment.Job instance at 0x7f1ef0b9aaf0>,27,18,[3 5],43,44,62,1,44
1,<environment.Job instance at 0x7f1ef0b9ab90>,28,3,[ 5 10],44,62,65,18,44
1,<environment.Job instance at 0x7f1ef0b9a320>,29,3,[8 3],45,65,68,20,45
1,<environment.Job instance at 0x7f1ef0bcacd0>,37,17,[10  2],54,76,93,22,76
1,<environment.Job instance at 0x7f1ef0bca780>,40,17,[3 6],59,94,111,35,94
1,<environment.Job instance at 0x7f1ef0bca820>,43,26,[3 7],64,111,137,47,109
1,<environment.Job instance at 0x7f1ef0ba5f50>,60,26,[4 8],92,154,180,62,154
1,<environment.Job instance at 0x7fa1941fedc0>,3,22,[2 5],8,8,30,0,8
1,<environment.Job instance at 0x7fa18cd65690>,9,19,[1 8],16,30,49,14,21
1,<environment.Job instance at 0x7fa18cd693c0>,21,12,[6 2],33,39,51,6,39
1,<environment.Job instance at 0x7fa18cd690f0>,22,20,[4 6],34,49,69,15,40
1,<environment.Job instance at 0x7fa18cd65460>,6,15,[2 8],11,69,84,58,58
1,<environment.Job instance at 0x7fa18cd65550>,8,20,[4 7],14,96,116,82,96
1,<environment.Job instance at 0x7fa18cd67870>,41,3,[5 1],59,101,104,42,101
1,<environment.Job instance at 0x7fa18cd67550>,38,15,[8 3],56,116,131,60,105
1,<environment.Job instance at 0x7fa18cd67f00>,51,13,[4 7],76,131,144,55,121
1,<environment.Job instance at 0x7fa18cd6c5f0>,56,2,[5 9],86,144,146,58,139
1,<environment.Job instance at 0x7fa18cd6c5a0>,57,12,[5 3],88,146,158,58,139
1,<environment.Job instance at 0x7fa18cd6c500>,59,12,[5 8],91,158,170,67,141
1,<environment.Job instance at 0x7fa18cd6c960>,63,13,[4 8],96,170,183,74,154
1,<environment.Job instance at 0x7fa18cd69320>,0,16,[6 2],2,2,18,0,2
1,<environment.Job instance at 0x7fa18cd6cd70>,1,3,[5 3],3,18,21,15,3
1,<environment.Job instance at 0x7fa1942eb410>,6,28,[ 2 10],11,21,49,10,21
1,<environment.Job instance at 0x7fa1942e9280>,19,18,[5 5],37,49,67,12,41
1,<environment.Job instance at 0x7fa1942e6190>,23,2,[6 4],43,67,69,24,43
1,<environment.Job instance at 0x7fa1942e67d0>,24,17,[5 1],45,49,66,4,45
1,<environment.Job instance at 0x7fa1942f06e0>,28,12,[5 4],51,69,81,18,53
1,<environment.Job instance at 0x7fa1942ef730>,37,2,[5 8],73,81,83,8,73
1,<environment.Job instance at 0x7fa1942efe10>,36,22,[4 8],68,83,105,15,80
1,<environment.Job instance at 0x7fa1942e8a50>,54,20,[7 5],94,105,125,11,97
1,<environment.Job instance at 0x7fa14906be60>,57,13,[5 5],102,125,138,23,114
1,<environment.Job instance at 0x7fa1942ef870>,41,19,[5 3],78,125,144,47,117
1,<environment.Job instance at 0x7fa149070410>,63,23,[4 7],111,138,161,27,132
1,<environment.Job instance at 0x7fa1490706e0>,67,3,[5 6],115,161,164,46,145
1,<environment.Job instance at 0x7fa14905a870>,62,16,[10  4],110,164,180,54,151
1,<environment.Job instance at 0x7fa148fb5690>,1,14,[10  3],3,3,17,0,3
1,<environment.Job instance at 0x7fa148fb5c80>,2,15,[3 5],5,17,32,12,5
1,<environment.Job instance at 0x7fa14901ef00>,10,16,[5 1],19,19,35,0,19
1,<environment.Job instance at 0x7fa18cf4c190>,22,1,[5 5],34,42,43,8,42
1,<environment.Job instance at 0x7fa18cfcee60>,23,13,[10  4],35,43,56,8,42
1,<environment.Job instance at 0x7fa18cb17870>,21,13,[8 3],32,56,69,24,42
1,<environment.Job instance at 0x7fa149007820>,34,27,[9 5],50,80,107,30,80
1,<environment.Job instance at 0x7fa149109960>,43,16,[8 1],63,107,123,44,98
1,<environment.Job instance at 0x7fa149109640>,47,18,[9 5],67,123,141,56,113
1,<environment.Job instance at 0x7fa149509b90>,6,17,[8 2],8,19,36,11,19
1,<environment.Job instance at 0x7fa1913f3280>,21,22,[ 1 10],30,36,58,6,32
1,<environment.Job instance at 0x7fa18ce9b5a0>,24,18,[5 6],37,58,76,21,48
1,<environment.Job instance at 0x7fa1494b2cd0>,32,17,[9 3],49,76,93,27,66
1,<environment.Job instance at 0x7fa1494d80a0>,38,15,[9 2],55,93,108,38,83
1,<environment.Job instance at 0x7fa149634c80>,43,13,[4 8],63,111,124,48,111
1,<environment.Job instance at 0x7fa1491ec230>,48,13,[4 8],69,124,137,55,111
1,<environment.Job instance at 0x7fa1491ec140>,49,19,[6 1],70,111,130,41,111
1,<environment.Job instance at 0x7fa14952c410>,55,17,[ 5 10],80,137,154,57,126
1,<environment.Job instance at 0x7fa14951e190>,65,14,[2 5],98,154,168,56,151
1,<environment.Job instance at 0x7fa18ce18320>,71,1,[3 5],108,164,165,56,164
1,<environment.Job instance at 0x7fa149423a00>,73,2,[8 3],110,166,168,56,166
1,<environment.Job instance at 0x7fa191a943c0>,59,28,[4 8],90,168,196,78,167
1,<environment.Job instance at 0x7fa148fbccd0>,0,13,[ 5 10],1,1,14,0,1
1,<environment.Job instance at 0x7fa14937e140>,13,17,[5 9],20,21,38,1,21
1,<environment.Job instance at 0x7fa14937e230>,14,16,[6 1],21,38,54,17,32
1,<environment.Job instance at 0x7fa1493a35a0>,28,3,[1 8],37,49,52,12,49
1,<environment.Job instance at 0x7fa1493d5690>,17,28,[9 1],24,60,88,36,60
1,<environment.Job instance at 0x7fa149371410>,39,12,[ 4 10],52,88,100,36,87
1,<environment.Job instance at 0x7fa149395140>,42,13,[ 2 10],57,100,113,43,87
1,<environment.Job instance at 0x7fa149395e60>,46,1,[ 4 10],62,115,116,53,115
1,<environment.Job instance at 0x7fa191844a50>,58,13,[3 7],79,151,164,72,151
1,<environment.Job instance at 0x7fa191844aa0>,59,23,[6 1],81,152,175,71,152
1,<environment.Job instance at 0x7fa18cb805f0>,63,1,[10  1],88,175,176,87,153
1,<environment.Job instance at 0x7fa18d201780>,8,17,[6 2],14,14,31,0,14
1,<environment.Job instance at 0x7fa18d2015f0>,10,2,[4 9],17,31,33,14,17
1,<environment.Job instance at 0x7fa1917510a0>,14,13,[3 9],24,33,46,9,25
1,<environment.Job instance at 0x7fa191751e10>,16,27,[8 3],26,46,73,20,45
1,<environment.Job instance at 0x7fa149664eb0>,27,23,[1 6],43,61,84,18,61
1,<environment.Job instance at 0x7fa149664230>,31,3,[6 3],53,73,76,20,70
1,<environment.Job instance at 0x7fa149664320>,32,15,[5 6],54,84,99,30,76
1,<environment.Job instance at 0x7fa1913c51e0>,40,23,[6 2],66,99,122,33,94
1,<environment.Job instance at 0x7fa191a26d70>,47,16,[5 8],74,122,138,48,117
1,<environment.Job instance at 0x7fa1494198c0>,52,15,[5 1],81,122,137,41,117
1,<environment.Job instance at 0x7fa1494199b0>,54,2,[1 7],83,119,121,36,119
1,<environment.Job instance at 0x7fa149419960>,55,12,[5 2],84,137,149,53,122
1,<environment.Job instance at 0x7fa149419410>,59,15,[9 1],89,149,164,60,140
1,<environment.Job instance at 0x7fa1494193c0>,60,3,[3 9],90,164,167,74,140
1,<environment.Job instance at 0x7fa1494195a0>,57,24,[3 5],86,167,191,81,163
1,<environment.Job instance at 0x7fa191785e10>,72,13,[6 5],107,167,180,60,165
1,<environment.Job instance at 0x7fa18cd71b90>,7,20,[9 3],12,14,34,2,14
1,<environment.Job instance at 0x7fa18d014eb0>,9,16,[6 2],14,34,50,20,22
1,<environment.Job instance at 0x7fa14913baf0>,17,20,[3 6],29,34,54,5,30
1,<environment.Job instance at 0x7fa14901edc0>,22,13,[ 3 10],36,54,67,18,40
1,<environment.Job instance at 0x7fa18cccd550>,27,15,[ 5 10],44,67,82,23,53
1,<environment.Job instance at 0x7fa18ce0da50>,20,21,[7 3],33,96,117,63,96
1,<environment.Job instance at 0x7fa149224370>,39,1,[4 5],61,117,118,56,99
1,<environment.Job instance at 0x7fa1492241e0>,42,13,[ 4 10],64,118,131,54,105
1,<environment.Job instance at 0x7fa149269c30>,46,18,[8 5],70,131,149,61,120
1,<environment.Job instance at 0x7fa18ce3a780>,1,18,[3 8],2,2,20,0,2
1,<environment.Job instance at 0x7fa19167cd70>,2,16,[5 6],3,20,36,17,8
1,<environment.Job instance at 0x7fa18ccfd050>,17,3,[5 4],25,27,30,2,27
1,<environment.Job instance at 0x7fa18ccfd820>,23,3,[7 4],34,36,39,2,35
1,<environment.Job instance at 0x7fa18ccfd910>,22,15,[8 3],32,40,55,8,40
1,<environment.Job instance at 0x7fa18ccfd960>,26,2,[2 9],40,55,57,15,40
1,<environment.Job instance at 0x7fa18ccf70f0>,29,17,[ 2 10],44,57,74,13,45
1,<environment.Job instance at 0x7fa18ccf7780>,35,18,[2 5],53,74,92,21,67
1,<environment.Job instance at 0x7fa18ccef4b0>,48,25,[4 6],76,131,156,55,131
1,<environment.Job instance at 0x7fa18ccef370>,52,18,[2 9],83,156,174,73,147
1,<environment.Job instance at 0x7fa18ccefeb0>,58,16,[5 4],93,174,190,81,163
1,<environment.Job instance at 0x7fa18ccefc80>,1,25,[9 1],2,3,28,1,3
1,<environment.Job instance at 0x7fa191877870>,7,2,[4 5],13,28,30,15,13
1,<environment.Job instance at 0x7fa191877640>,4,15,[5 8],9,30,45,21,18
1,<environment.Job instance at 0x7fa191885a50>,9,27,[5 4],16,45,72,29,43
1,<environment.Job instance at 0x7fa1495c5280>,16,21,[5 6],25,47,68,22,47
1,<environment.Job instance at 0x7fa19186f730>,33,18,[7 4],50,82,100,32,82
1,<environment.Job instance at 0x7fa18d143aa0>,37,13,[5 8],54,100,113,46,85
1,<environment.Job instance at 0x7fa18d1515a0>,43,14,[5 9],62,113,127,51,101
1,<environment.Job instance at 0x7fa1919e8280>,56,3,[4 7],80,141,144,61,141
1,<environment.Job instance at 0x7fa1919e8230>,63,13,[7 1],88,169,182,81,169
1,<environment.Job instance at 0x7fa18cfc5cd0>,6,15,[7 4],11,12,27,1,12
1,<environment.Job instance at 0x7fa149280780>,4,17,[ 2 10],7,27,44,20,23
1,<environment.Job instance at 0x7fa18cc94370>,26,13,[9 4],49,53,66,4,53
1,<environment.Job instance at 0x7fa18cb84c30>,32,13,[7 1],57,66,79,9,64
1,<environment.Job instance at 0x7fa18cb84820>,33,2,[9 1],58,79,81,21,64
1,<environment.Job instance at 0x7fa18cfefd70>,45,27,[3 8],76,110,137,34,110
1,<environment.Job instance at 0x7fa18cbef0f0>,53,17,[10  4],88,137,154,49,134
1,<environment.Job instance at 0x7fa149269870>,62,17,[3 8],107,157,174,50,157
1,<environment.Job instance at 0x7fa18cf6ae10>,1,16,[1 5],4,5,21,1,5
1,<environment.Job instance at 0x7fa18d1bfb40>,2,15,[2 7],6,21,36,15,7
1,<environment.Job instance at 0x7fa18d273a00>,7,18,[ 3 10],14,36,54,22,25
1,<environment.Job instance at 0x7fa18d279460>,17,12,[7 5],31,54,66,23,37
1,<environment.Job instance at 0x7fa18d279910>,22,3,[3 9],38,66,69,28,49
1,<environment.Job instance at 0x7fa18d2795a0>,20,27,[7 5],36,69,96,33,68
1,<environment.Job instance at 0x7fa18d280690>,36,19,[3 9],54,105,124,51,105
1,<environment.Job instance at 0x7fa18d2809b0>,42,3,[ 3 10],64,124,127,60,118
1,<environment.Job instance at 0x7fa18d280af0>,44,12,[10  4],66,127,139,61,119
1,<environment.Job instance at 0x7fa18d280fa0>,46,3,[7 1],69,120,123,51,120
1,<environment.Job instance at 0x7fa18d268690>,53,14,[6 5],80,161,175,81,161
1,<environment.Job instance at 0x7fa18d2687d0>,58,14,[8 4],87,175,189,88,161
1,<environment.Job instance at 0x7fa1492ef7d0>,0,14,[1 6],1,1,15,0,1
1,<environment.Job instance at 0x7fa191a7db90>,2,13,[2 7],3,15,28,12,3
1,<environment.Job instance at 0x7fa18d1290a0>,15,16,[4 8],20,31,47,11,31
1,<environment.Job instance at 0x7fa19154de60>,19,14,[6 5],25,47,61,22,33
1,<environment.Job instance at 0x7fa149453820>,26,18,[1 7],38,61,79,23,53
1,<environment.Job instance at 0x7fa149453dc0>,32,16,[9 4],46,79,95,33,74
1,<environment.Job instance at 0x7fa14903e7d0>,40,14,[5 5],56,95,109,39,85
1,<environment.Job instance at 0x7fa14903e870>,42,15,[2 8],59,109,124,50,95
1,<environment.Job instance at 0x7fa148f7c5a0>,53,15,[2 6],77,134,149,57,134
1,<environment.Job instance at 0x7fa148f7c960>,57,16,[ 4 10],82,149,165,67,138
1,<environment.Job instance at 0x7fa148f7cf50>,63,15,[5 6],90,165,180,75,152
1,<environment.Job instance at 0x7fa1494ef6e0>,68,16,[ 3 10],97,180,196,83,168
1,<environment.Job instance at 0x7fa148eb0690>,4,14,[8 3],10,16,30,6,16
1,<environment.Job instance at 0x7fa148eb0dc0>,10,15,[9 4],18,30,45,12,19
1,<environment.Job instance at 0x7fa18d1a8960>,24,13,[8 3],36,69,82,33,69
1,<environment.Job instance at 0x7fa18d1a8370>,29,16,[3 8],43,84,100,41,84
1,<environment.Job instance at 0x7fa18d1ddaa0>,32,14,[7 1],47,90,104,43,90
1,<environment.Job instance at 0x7fa18d1dd140>,37,20,[2 5],55,116,136,61,116
1,<environment.Job instance at 0x7fa18d1dd960>,40,13,[1 7],59,136,149,77,120
1,<environment.Job instance at 0x7fa18cbb34b0>,53,17,[7 4],80,150,167,70,150
1,<environment.Job instance at 0x7fa18cba3dc0>,0,18,[7 4],1,1,19,0,1
1,<environment.Job instance at 0x7fa1918c4190>,5,2,[2 7],14,23,25,9,23
1,<environment.Job instance at 0x7fa1918d7820>,13,18,[2 6],25,25,43,0,25
1,<environment.Job instance at 0x7fa1917a8410>,28,17,[5 8],45,78,95,33,78
1,<environment.Job instance at 0x7fa18d10ca00>,51,16,[5 1],75,151,167,76,151
1,<environment.Job instance at 0x7fa194174a00>,53,15,[9 5],78,167,182,89,154
1,<environment.Job instance at 0x7fa19160dc30>,3,12,[9 4],4,4,16,0,4
1,<environment.Job instance at 0x7fa18cb302d0>,4,16,[5 9],6,16,32,10,6
1,<environment.Job instance at 0x7fa18cfa2230>,15,13,[ 5 10],20,32,45,12,20
1,<environment.Job instance at 0x7fa1919162d0>,27,3,[3 7],35,45,48,10,35
1,<environment.Job instance at 0x7fa148ef44b0>,30,3,[5 2],38,45,48,7,38
1,<environment.Job instance at 0x7fa148ef4370>,32,16,[8 1],42,48,64,6,47
1,<environment.Job instance at 0x7fa18cd5e050>,44,15,[8 4],56,68,83,12,68
1,<environment.Job instance at 0x7fa14951f9b0>,49,17,[8 4],62,83,100,21,72
1,<environment.Job instance at 0x7fa191817460>,55,13,[7 5],68,106,119,38,106
1,<environment.Job instance at 0x7fa18d27adc0>,57,12,[4 5],70,119,131,49,106
1,<environment.Job instance at 0x7fa14924eeb0>,65,15,[7 3],84,133,148,49,133
1,<environment.Job instance at 0x7fa14938b8c0>,69,15,[1 9],91,148,163,57,139
1,<environment.Job instance at 0x7fa14938b640>,73,15,[4 6],98,163,178,65,149
1,<environment.Job instance at 0x7fa18d215fa0>,81,1,[5 7],115,178,179,63,164
1,<environment.Job instance at 0x7fa18d215370>,82,14,[1 7],116,179,193,63,164
1,<environment.Job instance at 0x7fa1492b1dc0>,3,17,[6 1],6,6,23,0,6
1,<environment.Job instance at 0x7fa148e5cf50>,4,16,[6 2],7,23,39,16,10
1,<environment.Job instance at 0x7fa148e5c0a0>,14,16,[9 4],23,39,55,16,27
1,<environment.Job instance at 0x7fa148d514b0>,30,3,[5 6],45,55,58,10,55
1,<environment.Job instance at 0x7fa148d51fa0>,34,18,[4 6],50,67,85,17,67
1,<environment.Job instance at 0x7fa148e5cdc0>,7,14,[5 9],10,85,99,75,85
1,<environment.Job instance at 0x7fa148d510a0>,36,27,[9 5],53,99,126,46,98
1,<environment.Job instance at 0x7fa148d51460>,45,18,[10  5],67,126,144,59,121
1,<environment.Job instance at 0x7fa148d48050>,52,24,[9 5],76,144,168,68,143
1,<environment.Job instance at 0x7fa1492c97d0>,63,16,[7 5],90,168,184,78,160
1,<environment.Job instance at 0x7fa18d2152d0>,3,17,[6 4],5,5,22,0,5
1,<environment.Job instance at 0x7fa18cec65f0>,4,16,[4 9],6,22,38,16,10
1,<environment.Job instance at 0x7fa148d69960>,20,25,[6 2],26,38,63,12,34
1,<environment.Job instance at 0x7fa18ceb25f0>,18,24,[8 1],24,63,87,39,59
1,<environment.Job instance at 0x7fa149691820>,33,1,[5 7],47,87,88,40,59
1,<environment.Job instance at 0x7fa1496210a0>,27,18,[2 9],38,67,85,29,67
1,<environment.Job instance at 0x7fa149677410>,41,13,[6 4],59,88,101,29,80
1,<environment.Job instance at 0x7fa18cf16910>,39,16,[10  4],56,139,155,83,139
1,<environment.Job instance at 0x7fa149680e60>,61,14,[2 6],88,155,169,67,141
1,<environment.Job instance at 0x7fa149680730>,4,22,[9 3],5,9,31,4,9
1,<environment.Job instance at 0x7fa148d77690>,14,3,[4 6],18,31,34,13,19
1,<environment.Job instance at 0x7fa148d661e0>,3,15,[8 5],4,34,49,30,21
1,<environment.Job instance at 0x7fa1916ef140>,26,18,[5 8],33,59,77,26,59
1,<environment.Job instance at 0x7fa1490be6e0>,33,3,[1 8],45,82,85,37,82
1,<environment.Job instance at 0x7fa1490be5f0>,34,1,[8 3],46,85,86,39,82
1,<environment.Job instance at 0x7fa1490bee10>,35,12,[2 8],49,86,98,37,84
1,<environment.Job instance at 0x7fa1490be7d0>,39,15,[ 3 10],54,98,113,44,84
1,<environment.Job instance at 0x7fa191962e60>,49,15,[8 4],67,113,128,46,100
1,<environment.Job instance at 0x7fa18d27a6e0>,68,15,[8 3],91,135,150,44,135
1,<environment.Job instance at 0x7fa148d54af0>,74,27,[7 5],102,165,192,63,165
1,<environment.Job instance at 0x7fa149686410>,0,14,[5 2],1,1,15,0,1
1,<environment.Job instance at 0x7fa1490c88c0>,3,14,[10  2],5,15,29,10,6
1,<environment.Job instance at 0x7fa1490c80f0>,9,17,[4 6],15,29,46,14,17
1,<environment.Job instance at 0x7fa148e6aa00>,19,3,[5 7],28,46,49,18,28
1,<environment.Job instance at 0x7fa1493cb1e0>,27,17,[3 6],39,49,66,10,49
1,<environment.Job instance at 0x7fa1493cba00>,28,15,[10  4],40,66,81,26,57
1,<environment.Job instance at 0x7fa1493cb910>,35,25,[3 6],52,81,106,29,78
1,<environment.Job instance at 0x7fa18d2487d0>,44,1,[5 9],68,106,107,38,98
1,<environment.Job instance at 0x7fa148e71f00>,45,17,[10  3],70,107,124,37,99
1,<environment.Job instance at 0x7fa148e71140>,49,15,[4 6],75,124,139,49,117
1,<environment.Job instance at 0x7fa18d02d230>,60,2,[9 1],88,145,147,57,145
1,<environment.Job instance at 0x7fa18d02dc30>,64,18,[4 5],94,164,182,70,164
1,<environment.Job instance at 0x7fa18d02d9b0>,67,13,[10  1],100,182,195,82,167
1,<environment.Job instance at 0x7fa1494f5140>,4,19,[9 5],6,6,25,0,6
1,<environment.Job instance at 0x7fa191376b40>,5,13,[5 9],10,25,38,15,10
1,<environment.Job instance at 0x7fa1915405a0>,11,2,[1 9],18,38,40,20,19
1,<environment.Job instance at 0x7fa148e61c80>,14,17,[6 1],23,38,55,15,27
1,<environment.Job instance at 0x7fa19155b9b0>,19,12,[5 5],29,55,67,26,38
1,<environment.Job instance at 0x7fa19155b410>,22,15,[7 3],32,67,82,35,57
1,<environment.Job instance at 0x7fa191841460>,41,15,[9 2],59,95,110,36,95
1,<environment.Job instance at 0x7fa1918417d0>,47,16,[8 3],67,110,126,43,110
1,<environment.Job instance at 0x7fa191841fa0>,53,22,[8 3],76,142,164,66,142
1,<environment.Job instance at 0x7fa191423410>,62,15,[10  2],88,164,179,76,150
1,<environment.Job instance at 0x7f11586870f0>,3,22,[2 5],8,8,30,0,8
1,<environment.Job instance at 0x7f1151277370>,4,13,[3 6],9,30,43,21,16
1,<environment.Job instance at 0x7f115127b050>,18,15,[5 5],29,43,58,14,30
1,<environment.Job instance at 0x7f115127b140>,20,17,[9 3],32,58,75,26,53
1,<environment.Job instance at 0x7f115127ba00>,30,21,[5 9],42,75,96,33,70
1,<environment.Job instance at 0x7f1151279640>,40,12,[4 5],58,97,109,39,97
1,<environment.Job instance at 0x7f1151279730>,41,3,[5 1],59,100,103,41,100
1,<environment.Job instance at 0x7f11512797d0>,42,15,[7 5],60,109,124,49,100
1,<environment.Job instance at 0x7f115127e3c0>,54,14,[ 2 10],84,157,171,73,157
1,<environment.Job instance at 0x7f115127e910>,59,12,[5 8],91,171,183,80,157
1,<environment.Job instance at 0x7f11587eebe0>,5,13,[3 8],8,8,21,0,8
1,<environment.Job instance at 0x7f11587f0960>,9,2,[5 6],16,27,29,11,27
1,<environment.Job instance at 0x7f11587fd500>,14,3,[8 5],28,29,32,1,28
1,<environment.Job instance at 0x7f11587fd1e0>,17,2,[6 4],33,37,39,4,37
1,<environment.Job instance at 0x7f11587f4fa0>,22,12,[5 4],41,43,55,2,43
1,<environment.Job instance at 0x7f11587fbe60>,27,23,[2 7],49,55,78,6,54
1,<environment.Job instance at 0x7f1158802730>,36,16,[8 4],69,78,94,9,72
1,<environment.Job instance at 0x7f1158802140>,40,2,[5 9],75,94,96,19,77
1,<environment.Job instance at 0x7f11587f87d0>,30,22,[4 8],58,96,118,38,96
1,<environment.Job instance at 0x7f1158801870>,46,1,[5 4],82,118,119,36,97
1,<environment.Job instance at 0x7f1158801c30>,48,20,[7 5],84,119,139,35,112
1,<environment.Job instance at 0x7f11587fa0a0>,60,14,[5 9],104,139,153,35,138
1,<environment.Job instance at 0x7f1158669140>,65,20,[ 2 10],109,153,173,44,150
1,<environment.Job instance at 0x7f110d56c460>,72,21,[1 6],116,173,194,57,171
1,<environment.Job instance at 0x7f110d5a5550>,0,15,[4 5],1,1,16,0,1
1,<environment.Job instance at 0x7f110d5a1e10>,2,15,[6 5],4,4,19,0,4
1,<environment.Job instance at 0x7f110d5a10a0>,7,13,[5 9],10,19,32,9,11
1,<environment.Job instance at 0x7f110d526870>,13,13,[10  2],18,32,45,14,22
1,<environment.Job instance at 0x7f110d526dc0>,11,13,[10  4],15,45,58,30,32
1,<environment.Job instance at 0x7f11517cd6e0>,17,3,[5 2],24,58,61,34,32
1,<environment.Job instance at 0x7f110dc09780>,22,27,[9 5],30,61,88,31,59
1,<environment.Job instance at 0x7f110d56c910>,31,16,[8 1],43,88,104,45,75
1,<environment.Job instance at 0x7f110d56cf00>,36,18,[1 7],48,96,114,48,96
1,<environment.Job instance at 0x7f110d56ccd0>,37,14,[3 8],49,114,128,65,100
1,<environment.Job instance at 0x7f110d5b08c0>,41,16,[5 3],54,128,144,74,117
1,<environment.Job instance at 0x7f110d5b0eb0>,45,14,[8 2],59,144,158,85,132
1,<environment.Job instance at 0x7f110d65a820>,53,18,[5 6],68,158,176,90,148
1,<environment.Job instance at 0x7f1151104b40>,65,20,[4 9],87,178,198,91,178
1,<environment.Job instance at 0x7f1151490b90>,4,18,[4 5],10,11,29,1,11
1,<environment.Job instance at 0x7f11512cd6e0>,11,17,[ 2 10],20,29,46,9,22
1,<environment.Job instance at 0x7f11514f9eb0>,19,12,[10  5],29,46,58,17,37
1,<environment.Job instance at 0x7f110d52e730>,26,13,[4 8],39,58,71,19,42
1,<environment.Job instance at 0x7f11512219b0>,30,15,[3 9],46,71,86,25,58
1,<environment.Job instance at 0x7f1151208f00>,35,14,[3 7],57,86,100,29,72
1,<environment.Job instance at 0x7f1151524f00>,42,3,[8 5],67,100,103,33,84
1,<environment.Job instance at 0x7f115134c500>,46,16,[1 6],73,103,119,30,103
1,<environment.Job instance at 0x7f110d577a50>,53,13,[3 7],84,119,132,35,105
1,<environment.Job instance at 0x7f1151e23870>,60,15,[6 3],95,133,148,38,133
1,<environment.Job instance at 0x7f110d58ce10>,64,13,[ 1 10],102,148,161,46,134
1,<environment.Job instance at 0x7f11586afe60>,72,17,[9 2],117,161,178,44,160
1,<environment.Job instance at 0x7f11586af690>,75,15,[7 1],120,178,193,58,166
1,<environment.Job instance at 0x7f110d55a910>,81,14,[1 7],127,177,191,50,177
1,<environment.Job instance at 0x7f110d55a910>,1,18,[ 4 10],3,3,21,0,3
1,<environment.Job instance at 0x7f110d96a690>,8,16,[10  1],11,21,37,10,13
1,<environment.Job instance at 0x7f110d96acd0>,15,18,[9 3],21,37,55,16,27
1,<environment.Job instance at 0x7f110d9748c0>,27,15,[10  4],38,55,70,17,51
1,<environment.Job instance at 0x7f110d47f410>,36,28,[2 6],53,88,116,35,88
1,<environment.Job instance at 0x7f110d47f8c0>,44,17,[6 4],62,109,126,47,109
1,<environment.Job instance at 0x7f110d47fa50>,45,16,[3 6],63,116,132,53,109
1,<environment.Job instance at 0x7f110d47ff50>,50,1,[3 5],70,142,143,72,142
1,<environment.Job instance at 0x7f110d47feb0>,51,21,[ 2 10],71,148,169,77,148
1,<environment.Job instance at 0x7f110d482690>,58,18,[2 8],80,169,187,89,161
1,<environment.Job instance at 0x7f110d482cd0>,68,15,[7 4],96,187,202,91,179
1,<environment.Job instance at 0x7f110d482c80>,69,17,[2 5],97,187,204,90,179
1,<environment.Job instance at 0x7f110d5f8280>,10,23,[6 2],16,16,39,0,16
1,<environment.Job instance at 0x7f1151830aa0>,14,2,[8 3],20,39,41,19,20
1,<environment.Job instance at 0x7f1151830eb0>,17,16,[5 8],24,41,57,17,34
1,<environment.Job instance at 0x7f1151372690>,27,24,[3 5],36,57,81,21,52
1,<environment.Job instance at 0x7f110d60e230>,36,12,[3 7],47,81,93,34,64
1,<environment.Job instance at 0x7f1151854140>,42,13,[6 5],57,93,106,36,92
1,<environment.Job instance at 0x7f1150fe9f00>,47,3,[3 5],65,97,100,32,97
1,<environment.Job instance at 0x7f1150fe9140>,52,14,[1 9],73,106,120,33,104
1,<environment.Job instance at 0x7f1150fe95f0>,56,13,[8 1],80,109,122,29,109
1,<environment.Job instance at 0x7f110d92fc80>,57,12,[10  1],81,122,134,41,111
1,<environment.Job instance at 0x7f110d92fdc0>,68,12,[9 3],96,134,146,38,134
1,<environment.Job instance at 0x7f1151e684b0>,69,15,[5 6],98,146,161,48,136
1,<environment.Job instance at 0x7f115119aeb0>,75,12,[8 3],105,161,173,56,144
1,<environment.Job instance at 0x7f1151134b90>,87,1,[ 3 10],125,173,174,48,165
1,<environment.Job instance at 0x7f110da76230>,3,13,[ 4 10],4,4,17,0,4
1,<environment.Job instance at 0x7f110db7f780>,13,13,[3 9],20,22,35,2,22
1,<environment.Job instance at 0x7f110d654d70>,24,15,[6 3],34,57,72,23,57
1,<environment.Job instance at 0x7f1151d44820>,26,3,[9 4],36,72,75,36,58
1,<environment.Job instance at 0x7f11517e8190>,25,18,[5 9],35,75,93,40,67
1,<environment.Job instance at 0x7f115170e3c0>,32,12,[1 8],42,93,105,51,83
1,<environment.Job instance at 0x7f1151d430a0>,41,28,[7 1],54,95,123,41,95
1,<environment.Job instance at 0x7f115124bdc0>,42,14,[1 7],61,105,119,44,96
1,<environment.Job instance at 0x7f1151d975a0>,46,16,[7 2],66,123,139,57,110
1,<environment.Job instance at 0x7f115189be60>,54,2,[5 1],74,140,142,66,140
1,<environment.Job instance at 0x7f1151d43a50>,40,17,[ 3 10],53,145,162,92,145
1,<environment.Job instance at 0x7f115189b140>,57,14,[1 7],80,162,176,82,150
1,<environment.Job instance at 0x7f1151ef1820>,60,13,[9 1],88,162,175,74,150
1,<environment.Job instance at 0x7f11513871e0>,64,18,[10  2],92,176,194,84,165
1,<environment.Job instance at 0x7f110d6668c0>,7,18,[2 9],13,15,33,2,15
1,<environment.Job instance at 0x7f110d67e190>,15,12,[1 6],27,33,45,6,27
1,<environment.Job instance at 0x7f110d67e280>,13,16,[5 4],23,33,49,10,33
1,<environment.Job instance at 0x7f110d67e5a0>,17,16,[5 5],30,45,61,15,33
1,<environment.Job instance at 0x7f110d67e5f0>,16,12,[5 3],29,49,61,20,46
1,<environment.Job instance at 0x7f110d67ef50>,26,3,[9 5],43,61,64,18,48
1,<environment.Job instance at 0x7f110d65f140>,28,15,[ 3 10],45,64,79,19,51
1,<environment.Job instance at 0x7f110d65fb90>,37,15,[3 6],58,79,94,21,69
1,<environment.Job instance at 0x7f110d65fdc0>,40,12,[4 6],62,94,106,32,77
1,<environment.Job instance at 0x7f110d6605f0>,50,12,[8 1],77,106,118,29,101
1,<environment.Job instance at 0x7f110d65d1e0>,58,27,[ 5 10],88,125,152,37,125
1,<environment.Job instance at 0x7f110d65d550>,64,16,[10  2],94,152,168,58,142
1,<environment.Job instance at 0x7f110d65dcd0>,69,15,[4 7],100,168,183,68,158
1,<environment.Job instance at 0x7f110d65df00>,73,1,[ 3 10],106,183,184,77,174
1,<environment.Job instance at 0x7f110d65dfa0>,74,15,[5 8],109,184,199,75,174
1,<environment.Job instance at 0x7f110d6740a0>,2,16,[4 6],4,4,20,0,4
1,<environment.Job instance at 0x7f110d498230>,3,14,[1 7],5,20,34,15,5
1,<environment.Job instance at 0x7f110d498e10>,6,13,[7 1],8,20,33,12,8
1,<environment.Job instance at 0x7f110d4985a0>,7,15,[7 2],10,33,48,23,19
1,<environment.Job instance at 0x7f110d93a320>,20,2,[4 6],27,48,50,21,29
1,<environment.Job instance at 0x7f11515a7370>,22,13,[7 4],30,50,63,20,37
1,<environment.Job instance at 0x7f110d8ddd70>,31,2,[9 5],44,63,65,19,44
1,<environment.Job instance at 0x7f11518cea50>,42,15,[2 9],62,74,89,12,74
1,<environment.Job instance at 0x7f11518cec30>,43,16,[5 9],63,89,105,26,76
1,<environment.Job instance at 0x7f11512e15a0>,51,16,[9 3],72,105,121,33,96
1,<environment.Job instance at 0x7f11512e17d0>,58,12,[5 5],81,121,133,40,104
1,<environment.Job instance at 0x7f1151340af0>,64,22,[8 3],91,136,158,45,136
1,<environment.Job instance at 0x7f1151d163c0>,75,16,[9 5],110,174,190,64,174
1,<environment.Job instance at 0x7f1151d16af0>,79,15,[9 1],115,190,205,75,179
1,<environment.Job instance at 0x7f1151070410>,0,17,[8 4],2,2,19,0,2
1,<environment.Job instance at 0x7f11512cfcd0>,3,15,[9 2],10,19,34,9,10
1,<environment.Job instance at 0x7f115165b910>,13,17,[5 2],24,34,51,10,25
1,<environment.Job instance at 0x7f11510451e0>,21,18,[8 1],36,51,69,15,48
1,<environment.Job instance at 0x7f115177b820>,32,22,[1 9],51,52,74,1,52
1,<environment.Job instance at 0x7f110d879280>,28,17,[7 5],47,94,111,47,94
1,<environment.Job instance at 0x7f110d879320>,26,15,[10  5],45,111,126,66,98
1,<environment.Job instance at 0x7f1151861820>,49,14,[10  3],77,126,140,49,117
1,<environment.Job instance at 0x7f1151f440f0>,57,12,[9 3],90,140,152,50,128
1,<environment.Job instance at 0x7f110d784d20>,62,16,[8 5],96,152,168,56,145
1,<environment.Job instance at 0x7f11515fa460>,68,14,[7 1],108,168,182,60,162
1,<environment.Job instance at 0x7f1151cd4230>,69,17,[1 9],110,168,185,58,164
1,<environment.Job instance at 0x7f1151cd4b40>,71,18,[3 8],113,185,203,72,174
1,<environment.Job instance at 0x7f1151cd4730>,1,18,[10  1],2,2,20,0,2
1,<environment.Job instance at 0x7f115109dc30>,10,18,[5 5],13,20,38,7,14
1,<environment.Job instance at 0x7f11510ab5f0>,20,15,[9 5],24,38,53,14,24
1,<environment.Job instance at 0x7f1151662d70>,29,3,[10  4],34,53,56,19,51
1,<environment.Job instance at 0x7f1151662730>,34,13,[6 5],43,56,69,13,56
1,<environment.Job instance at 0x7f11516627d0>,31,16,[10  1],36,69,85,33,64
1,<environment.Job instance at 0x7f11510a5820>,47,18,[1 9],61,94,112,33,94
1,<environment.Job instance at 0x7f1151656af0>,52,18,[ 3 10],68,112,130,44,101
1,<environment.Job instance at 0x7f1151511460>,57,13,[2 7],73,130,143,57,114
1,<environment.Job instance at 0x7f1151850af0>,66,16,[3 7],83,143,159,60,141
1,<environment.Job instance at 0x7f11518455a0>,68,16,[5 9],86,159,175,73,155
1,<environment.Job instance at 0x7f110da5b370>,6,22,[3 9],9,9,31,0,9
1,<environment.Job instance at 0x7f1151214230>,16,18,[3 8],22,31,49,9,22
1,<environment.Job instance at 0x7f11513a2780>,20,18,[9 4],27,49,67,22,38
1,<environment.Job instance at 0x7f110db4f8c0>,32,23,[4 7],46,67,90,21,62
1,<environment.Job instance at 0x7f115120a280>,40,18,[4 9],54,90,108,36,81
1,<environment.Job instance at 0x7f110d8773c0>,44,26,[5 5],61,113,139,52,113
1,<environment.Job instance at 0x7f110d8775f0>,54,15,[9 4],78,139,154,61,127
1,<environment.Job instance at 0x7f110d9d1d20>,60,25,[ 5 10],86,154,179,68,153
1,<environment.Job instance at 0x7f110d3b32d0>,0,24,[10  4],1,1,25,0,1
1,<environment.Job instance at 0x7f11519c4370>,6,2,[ 4 10],11,25,27,14,13
1,<environment.Job instance at 0x7f1151f22d70>,10,16,[1 9],16,27,43,11,19
1,<environment.Job instance at 0x7f110d2ce500>,21,13,[ 5 10],28,43,56,15,34
1,<environment.Job instance at 0x7f110d2ce320>,24,18,[3 9],31,56,74,25,46
1,<environment.Job instance at 0x7f110d8e1460>,35,1,[4 9],45,74,75,29,60
1,<environment.Job instance at 0x7f110d5be820>,36,14,[4 8],48,75,89,27,68
1,<environment.Job instance at 0x7f110d5be4b0>,38,18,[7 5],50,89,107,39,78
1,<environment.Job instance at 0x7f1151281910>,45,17,[5 2],66,111,128,45,111
1,<environment.Job instance at 0x7f110d28c230>,49,12,[7 5],71,128,140,57,117
1,<environment.Job instance at 0x7f1151caa140>,52,18,[2 6],75,146,164,71,146
1,<environment.Job instance at 0x7f110d2d3cd0>,57,28,[5 9],80,166,194,86,166
1,<environment.Job instance at 0x7f110daea2d0>,2,14,[3 9],5,5,19,0,5
1,<environment.Job instance at 0x7f11519c4500>,3,16,[8 5],7,19,35,12,9
1,<environment.Job instance at 0x7f110d3d0410>,12,17,[3 8],21,35,52,14,26
1,<environment.Job instance at 0x7f11514301e0>,20,13,[9 4],32,52,65,20,38
1,<environment.Job instance at 0x7f1151bc1dc0>,29,12,[9 4],44,65,77,21,63
1,<environment.Job instance at 0x7f110d393910>,41,13,[ 5 10],60,82,95,22,82
1,<environment.Job instance at 0x7f110d3935a0>,43,18,[7 3],62,95,113,33,84
1,<environment.Job instance at 0x7f115102c140>,56,3,[5 2],78,113,116,35,110
1,<environment.Job instance at 0x7f115102c500>,57,22,[10  4],80,116,138,36,114
1,<environment.Job instance at 0x7f110d80eb90>,62,26,[1 8],87,140,166,53,140
1,<environment.Job instance at 0x7f1151835eb0>,64,14,[3 7],89,166,180,77,154
1,<environment.Job instance at 0x7f110d38d0a0>,72,2,[5 9],99,180,182,81,154
1,<environment.Job instance at 0x7f1151dba910>,11,1,[9 1],14,14,15,0,14
1,<environment.Job instance at 0x7f1151886870>,14,2,[2 6],18,18,20,0,18
1,<environment.Job instance at 0x7f110d685910>,19,15,[3 6],23,36,51,13,36
1,<environment.Job instance at 0x7f110d6990f0>,22,12,[4 7],27,51,63,24,36
1,<environment.Job instance at 0x7f110d6af050>,30,3,[8 4],39,63,66,24,42
1,<environment.Job instance at 0x7f110d6a55f0>,40,14,[8 3],55,66,80,11,65
1,<environment.Job instance at 0x7f110d6af0f0>,34,15,[9 5],44,80,95,36,66
1,<environment.Job instance at 0x7f110d6a5c30>,42,1,[5 8],58,95,96,37,73
1,<environment.Job instance at 0x7f110d683050>,48,16,[8 3],65,96,112,31,91
1,<environment.Job instance at 0x7f110d6f3960>,53,1,[9 5],73,112,113,39,103
1,<environment.Job instance at 0x7f110d6d36e0>,55,15,[5 9],77,113,128,36,105
1,<environment.Job instance at 0x7f110d6d35f0>,56,18,[8 4],78,128,146,50,120
1,<environment.Job instance at 0x7f1151642320>,60,27,[9 5],83,147,174,64,147
1,<environment.Job instance at 0x7f110d68aeb0>,67,14,[9 3],95,174,188,79,160
1,<environment.Job instance at 0x7f11519d5e10>,5,16,[1 9],8,8,24,0,8
1,<environment.Job instance at 0x7f1151f00370>,9,18,[9 4],13,24,42,11,14
1,<environment.Job instance at 0x7f1151f00b90>,16,1,[2 8],22,42,43,20,30
1,<environment.Job instance at 0x7f1151f007d0>,17,12,[9 4],23,43,55,20,31
1,<environment.Job instance at 0x7f1151f4e280>,21,2,[9 4],28,55,57,27,35
1,<environment.Job instance at 0x7f11514676e0>,28,1,[7 5],36,57,58,21,49
1,<environment.Job instance at 0x7f1151f000f0>,14,17,[5 2],19,58,75,39,54
1,<environment.Job instance at 0x7f11514677d0>,36,18,[1 6],49,84,102,35,84
1,<environment.Job instance at 0x7f11513a9e60>,39,15,[10  4],55,102,117,47,88
1,<environment.Job instance at 0x7f110db77190>,47,26,[3 6],66,117,143,51,115
1,<environment.Job instance at 0x7f110dbf0b90>,58,3,[5 1],81,134,137,53,134
1,<environment.Job instance at 0x7f110dbc6960>,69,28,[10  2],97,157,185,60,157
1,<environment.Job instance at 0x7f1151402af0>,76,14,[2 6],108,185,199,77,172
1,<environment.Job instance at 0x7f11519e4640>,0,16,[9 5],1,1,17,0,1
1,<environment.Job instance at 0x7f110d75c280>,15,2,[8 5],19,21,23,2,21
1,<environment.Job instance at 0x7f110d9f20f0>,6,27,[1 7],8,25,52,17,25
1,<environment.Job instance at 0x7f110d75d0f0>,24,13,[3 8],30,52,65,22,41
1,<environment.Job instance at 0x7f110d8300a0>,23,15,[5 8],29,65,80,36,54
1,<environment.Job instance at 0x7f115172c500>,34,18,[5 8],43,80,98,37,71
1,<environment.Job instance at 0x7f115172c550>,38,27,[2 8],51,105,132,54,105
1,<environment.Job instance at 0x7f115172c640>,40,16,[ 1 10],53,132,148,79,119
1,<environment.Job instance at 0x7f115154ac80>,55,2,[7 5],75,148,150,73,134
1,<environment.Job instance at 0x7f11510a5730>,52,14,[2 8],70,150,164,80,148
1,<environment.Job instance at 0x7f110d613320>,65,13,[7 4],86,164,177,78,149
1,<environment.Job instance at 0x7f110d613050>,69,1,[10  2],92,177,178,85,149
1,<environment.Job instance at 0x7f110dbbd280>,72,2,[5 6],95,178,180,83,154
1,<environment.Job instance at 0x7f11511ac550>,79,17,[ 4 10],107,180,197,73,171
1,<environment.Job instance at 0x7f11510ca640>,0,14,[5 2],1,1,15,0,1
1,<environment.Job instance at 0x7f11511ac140>,1,12,[ 1 10],2,15,27,13,2
1,<environment.Job instance at 0x7f110d7e2960>,9,17,[4 6],15,27,44,12,15
1,<environment.Job instance at 0x7f110d7e2f00>,15,3,[ 5 10],24,44,47,20,25
1,<environment.Job instance at 0x7f110d7bfc30>,27,17,[3 6],39,49,66,10,49
1,<environment.Job instance at 0x7f110d7bfd70>,29,20,[10  4],42,66,86,24,57
1,<environment.Job instance at 0x7f110d7e39b0>,42,18,[2 8],65,86,104,21,85
1,<environment.Job instance at 0x7f110d7e3f00>,47,26,[4 8],72,112,138,40,112
1,<environment.Job instance at 0x7f110d7ed320>,54,2,[6 5],81,138,140,57,130
1,<environment.Job instance at 0x7f110d7bf280>,21,16,[ 2 10],30,140,156,110,130
1,<environment.Job instance at 0x7f110d7ed8c0>,56,15,[5 5],83,156,171,73,148
1,<environment.Job instance at 0x7f110d7ed9b0>,64,18,[4 5],94,157,175,63,157
1,<environment.Job instance at 0x7f110d7f50a0>,65,15,[2 6],95,175,190,80,162
1,<environment.Job instance at 0x7f110d7f55f0>,71,1,[5 1],104,173,174,69,173
1,<environment.Job instance at 0x7f11518f95a0>,3,18,[2 8],6,6,24,0,6
1,<environment.Job instance at 0x7f11518f92d0>,6,1,[6 2],9,10,11,1,10
1,<environment.Job instance at 0x7f110d79bb40>,8,17,[6 1],13,13,30,0,13
1,<environment.Job instance at 0x7f110d79bdc0>,9,12,[8 2],14,30,42,16,14
1,<environment.Job instance at 0x7f11511d57d0>,23,20,[5 6],29,42,62,13,33
1,<environment.Job instance at 0x7f11510a10a0>,31,28,[7 4],43,62,90,19,61
1,<environment.Job instance at 0x7f1151657640>,38,12,[4 6],53,90,102,37,74
1,<environment.Job instance at 0x7f1151cff6e0>,44,28,[2 9],62,102,130,40,101
1,<environment.Job instance at 0x7f110d9dde10>,50,15,[8 4],70,130,145,60,116
1,<environment.Job instance at 0x7f11512fc870>,60,14,[3 8],82,145,159,63,133
1,<environment.Job instance at 0x7f110d75d9b0>,65,12,[8 2],89,159,171,70,147
1,<environment.Job instance at 0x7f1151bb89b0>,70,14,[10  5],95,171,185,76,163
1,<environment.Job instance at 0x7f110d6cee10>,3,15,[7 1],4,4,19,0,4
1,<environment.Job instance at 0x7f110d9b12d0>,7,15,[2 8],9,16,31,7,16
1,<environment.Job instance at 0x7f110d81c780>,13,12,[1 9],17,31,43,14,17
1,<environment.Job instance at 0x7f115158fe60>,27,17,[6 3],35,43,60,8,39
1,<environment.Job instance at 0x7f115146f5a0>,37,17,[2 8],50,60,77,10,57
1,<environment.Job instance at 0x7f115151d460>,39,16,[9 3],54,77,93,23,65
1,<environment.Job instance at 0x7f11511425f0>,54,23,[3 9],77,93,116,16,92
1,<environment.Job instance at 0x7f110d5cdbe0>,61,18,[5 9],90,116,134,26,105
1,<environment.Job instance at 0x7f115152b3c0>,76,16,[1 8],109,165,181,56,165
1,<environment.Job instance at 0x7fa331edd370>,4,13,[3 6],9,9,22,0,9
1,<environment.Job instance at 0x7fa331edd5a0>,6,15,[2 8],11,22,37,11,15
1,<environment.Job instance at 0x7fa331edd820>,9,19,[1 8],16,37,56,21,30
1,<environment.Job instance at 0x7fa331edf8c0>,28,26,[9 4],40,56,82,16,54
1,<environment.Job instance at 0x7fa331ee20f0>,36,18,[9 4],52,82,100,30,75
1,<environment.Job instance at 0x7fa331ee2730>,39,23,[4 7],57,100,123,43,97
1,<environment.Job instance at 0x7fa331ee2c80>,50,18,[7 1],72,124,142,52,124
1,<environment.Job instance at 0x7fa331ee65a0>,59,12,[5 8],91,161,173,70,161
1,<environment.Job instance at 0x7fa331ee6aa0>,62,14,[6 4],94,173,187,79,161
1,<environment.Job instance at 0x7fa331ee6fa0>,67,2,[9 3],101,187,189,86,175
1,<environment.Job instance at 0x7fa331ee84b0>,70,14,[10  1],105,189,203,84,179
1,<environment.Job instance at 0x7fa331fa5c80>,1,17,[7 1],4,4,21,0,4
1,<environment.Job instance at 0x7fa331ee8190>,2,2,[5 2],5,21,23,16,7
1,<environment.Job instance at 0x7fa339315460>,7,18,[5 5],17,21,39,4,19
1,<environment.Job instance at 0x7fa339456960>,12,17,[5 1],25,35,52,10,35
1,<environment.Job instance at 0x7fa339461b90>,31,2,[5 7],60,67,69,7,67
1,<environment.Job instance at 0x7fa339461a50>,30,16,[8 4],59,69,85,10,68
1,<environment.Job instance at 0x7fa3394613c0>,34,2,[5 9],65,85,87,20,71
1,<environment.Job instance at 0x7fa33945e4b0>,38,16,[5 3],70,87,103,17,76
1,<environment.Job instance at 0x7fa339460730>,44,15,[3 6],80,89,104,9,89
1,<environment.Job instance at 0x7fa339460370>,45,13,[5 5],82,104,117,22,89
1,<environment.Job instance at 0x7fa3394606e0>,48,14,[8 2],87,117,131,30,102
1,<environment.Job instance at 0x7fa339460960>,54,14,[5 9],94,131,145,37,121
1,<environment.Job instance at 0x7fa339467500>,62,17,[3 6],102,146,163,44,146
1,<environment.Job instance at 0x7fa339467730>,63,13,[2 5],103,163,176,60,150
1,<environment.Job instance at 0x7fa339467460>,67,16,[1 8],107,176,192,69,165
1,<environment.Job instance at 0x7fa339467050>,65,16,[5 6],105,192,208,87,183
1,<environment.Job instance at 0x7fa339457be0>,71,3,[4 8],111,208,211,97,187
1,<environment.Job instance at 0x7fa2ee5c5eb0>,0,24,[ 4 10],1,2,26,1,2
1,<environment.Job instance at 0x7fa2ee1765a0>,8,13,[8 4],11,26,39,15,15
1,<environment.Job instance at 0x7fa2ee1f6870>,14,12,[8 3],18,39,51,21,23
1,<environment.Job instance at 0x7fa2ee1f6e60>,15,1,[6 3],19,51,52,32,24
1,<environment.Job instance at 0x7fa3392ec690>,21,18,[1 7],28,39,57,11,28
1,<environment.Job instance at 0x7fa2ee17d4b0>,25,3,[4 5],33,57,60,24,50
1,<environment.Job instance at 0x7fa331d683c0>,26,16,[5 3],34,58,74,24,58
1,<environment.Job instance at 0x7fa331c507d0>,30,14,[8 2],39,74,88,35,59
1,<environment.Job instance at 0x7fa2ee12cfa0>,38,18,[5 6],48,88,106,40,79
1,<environment.Job instance at 0x7fa2ee182780>,45,15,[4 5],59,106,121,47,97
1,<environment.Job instance at 0x7fa2ee25e2d0>,53,13,[ 3 10],71,121,134,50,111
1,<environment.Job instance at 0x7fa2ee13db40>,59,17,[5 9],79,134,151,55,128
1,<environment.Job instance at 0x7fa331c8b0f0>,64,20,[6 2],86,151,171,65,146
1,<environment.Job instance at 0x7fa331c8baf0>,65,22,[5 8],87,171,193,84,165
1,<environment.Job instance at 0x7fa2ee1e5d20>,73,14,[1 9],101,193,207,92,178
1,<environment.Job instance at 0x7fa331fe0af0>,3,13,[7 4],6,7,20,1,7
1,<environment.Job instance at 0x7fa332661d20>,5,13,[4 8],9,20,33,11,9
1,<environment.Job instance at 0x7fa331fa6a50>,9,15,[3 9],16,33,48,17,19
1,<environment.Job instance at 0x7fa331f4beb0>,15,2,[5 6],28,48,50,20,28
1,<environment.Job instance at 0x7fa2ee6d3870>,16,28,[4 8],30,50,78,20,50
1,<environment.Job instance at 0x7fa2ee2be1e0>,37,14,[4 7],63,78,92,15,71
1,<environment.Job instance at 0x7fa2ee130b40>,43,13,[ 1 10],72,92,105,20,76
1,<environment.Job instance at 0x7fa332287d70>,50,16,[10  5],86,105,121,19,92
1,<environment.Job instance at 0x7fa2ee643550>,68,12,[7 5],108,143,155,35,143
1,<environment.Job instance at 0x7fa2ee6430f0>,69,14,[7 3],109,155,169,46,143
1,<environment.Job instance at 0x7fa2ee285d70>,80,17,[8 5],125,183,200,58,183
1,<environment.Job instance at 0x7fa2ee7ba690>,0,23,[6 1],1,1,24,0,1
1,<environment.Job instance at 0x7fa332350640>,7,28,[2 6],13,13,41,0,13
1,<environment.Job instance at 0x7fa2ee76e1e0>,17,16,[5 6],25,41,57,16,28
1,<environment.Job instance at 0x7fa2ee501690>,29,18,[2 8],40,64,82,24,64
1,<environment.Job instance at 0x7fa2ee501a50>,36,15,[ 3 10],47,82,97,35,72
1,<environment.Job instance at 0x7fa2ee521550>,39,15,[7 4],56,97,112,41,83
1,<environment.Job instance at 0x7fa2ee508d20>,47,18,[6 2],65,112,130,47,109
1,<environment.Job instance at 0x7fa33234d8c0>,60,16,[9 2],82,130,146,48,124
1,<environment.Job instance at 0x7fa332336780>,64,12,[6 3],88,147,159,59,147
1,<environment.Job instance at 0x7fa332337d20>,68,16,[ 5 10],96,168,184,72,168
1,<environment.Job instance at 0x7fa331cfd190>,73,17,[6 2],104,184,201,80,182
1,<environment.Job instance at 0x7fa332b98870>,3,27,[1 7],9,11,38,2,11
1,<environment.Job instance at 0x7fa332546730>,16,13,[8 1],30,30,43,0,30
1,<environment.Job instance at 0x7fa332546690>,18,17,[6 3],32,43,60,11,34
1,<environment.Job instance at 0x7fa332983640>,45,22,[4 5],73,88,110,15,88
1,<environment.Job instance at 0x7fa2ee29fe10>,58,26,[2 7],94,114,140,20,114
1,<environment.Job instance at 0x7fa3327db640>,64,21,[7 3],103,129,150,26,129
1,<environment.Job instance at 0x7fa331ff1230>,67,18,[2 7],108,140,158,32,139
1,<environment.Job instance at 0x7fa3327deb40>,70,14,[1 7],111,158,172,47,144
1,<environment.Job instance at 0x7fa33252caa0>,73,17,[2 8],117,172,189,55,162
1,<environment.Job instance at 0x7fa33252df00>,79,12,[6 5],127,189,201,62,182
1,<environment.Job instance at 0x7fa2ee1e2460>,6,26,[8 5],8,8,34,0,8
1,<environment.Job instance at 0x7fa2ee5c5a00>,12,2,[5 1],14,34,36,20,14
1,<environment.Job instance at 0x7fa2ee681960>,14,3,[ 5 10],19,36,39,17,19
1,<environment.Job instance at 0x7fa33202a050>,17,17,[3 6],25,39,56,14,27
1,<environment.Job instance at 0x7fa3322a1410>,19,1,[6 1],29,39,40,10,29
1,<environment.Job instance at 0x7fa2ee44a820>,16,12,[7 2],22,40,52,18,31
1,<environment.Job instance at 0x7fa2ee530f00>,18,13,[9 1],28,56,69,28,41
1,<environment.Job instance at 0x7fa332bbbaf0>,30,23,[1 5],43,56,79,13,54
1,<environment.Job instance at 0x7fa33249d4b0>,39,12,[4 5],54,69,81,15,69
1,<environment.Job instance at 0x7fa332781550>,42,17,[1 8],62,81,98,19,76
1,<environment.Job instance at 0x7fa332781500>,44,2,[2 8],64,98,100,34,79
1,<environment.Job instance at 0x7fa33206f730>,50,25,[7 5],71,100,125,29,98
1,<environment.Job instance at 0x7fa3324ef050>,58,15,[8 3],82,125,140,43,111
1,<environment.Job instance at 0x7fa2ee383140>,70,12,[9 3],102,140,152,38,131
1,<environment.Job instance at 0x7fa33249d0a0>,38,16,[5 6],53,172,188,119,172
1,<environment.Job instance at 0x7fa332246c30>,2,14,[5 2],5,5,19,0,5
1,<environment.Job instance at 0x7fa331e08cd0>,3,12,[8 1],7,19,31,12,7
1,<environment.Job instance at 0x7fa2ee3c3dc0>,5,21,[4 5],9,31,52,22,23
1,<environment.Job instance at 0x7fa2ee3bfbe0>,20,17,[10  4],28,52,69,24,41
1,<environment.Job instance at 0x7fa2ee3bfe60>,25,17,[5 9],33,69,86,36,58
1,<environment.Job instance at 0x7fa2ee3b4b90>,34,18,[4 8],49,86,104,37,76
1,<environment.Job instance at 0x7fa2ee3b4780>,33,28,[7 5],47,104,132,57,103
1,<environment.Job instance at 0x7fa2ee3b4e60>,39,21,[5 6],55,134,155,79,134
1,<environment.Job instance at 0x7fa2ee3df140>,58,13,[5 1],82,134,147,52,134
1,<environment.Job instance at 0x7fa2ee3d3b40>,53,22,[7 5],75,155,177,80,149
1,<environment.Job instance at 0x7fa2ee3df320>,63,2,[10  1],89,177,179,88,162
1,<environment.Job instance at 0x7fa2ee3df780>,68,2,[7 2],95,179,181,84,163
1,<environment.Job instance at 0x7fa2ee3df820>,69,14,[10  5],97,181,195,84,166
1,<environment.Job instance at 0x7fa331deba50>,2,21,[4 5],4,4,25,0,4
1,<environment.Job instance at 0x7fa3326c10a0>,5,14,[6 2],9,9,23,0,9
1,<environment.Job instance at 0x7fa331dcef50>,17,16,[9 5],30,31,47,1,31
1,<environment.Job instance at 0x7fa332a09550>,18,14,[8 1],32,47,61,15,32
1,<environment.Job instance at 0x7fa2ee358910>,26,18,[ 2 10],50,61,79,11,51
1,<environment.Job instance at 0x7fa2ee1858c0>,52,23,[5 9],87,147,170,60,147
1,<environment.Job instance at 0x7fa331ddf0a0>,61,17,[8 4],102,179,196,77,179
1,<environment.Job instance at 0x7fa2ee775b40>,2,18,[ 3 10],4,6,24,2,6
1,<environment.Job instance at 0x7fa331e61320>,15,27,[7 5],26,26,53,0,26
1,<environment.Job instance at 0x7fa2ee4b5820>,22,21,[8 4],34,53,74,19,46
1,<environment.Job instance at 0x7fa2ee442820>,34,18,[10  5],47,89,107,42,89
1,<environment.Job instance at 0x7fa2ee194550>,39,12,[10  4],56,113,125,57,113
1,<environment.Job instance at 0x7fa2ee194320>,40,12,[6 1],57,125,137,68,113
1,<environment.Job instance at 0x7fa2ee194870>,42,15,[1 7],60,125,140,65,113
1,<environment.Job instance at 0x7fa331e46dc0>,51,25,[8 3],73,137,162,64,137
1,<environment.Job instance at 0x7fa332379c30>,60,14,[6 3],90,163,177,73,163
1,<environment.Job instance at 0x7fa332379460>,61,15,[10  5],91,177,192,86,164
1,<environment.Job instance at 0x7fa2ee72c550>,0,16,[ 3 10],1,1,17,0,1
1,<environment.Job instance at 0x7fa331e88640>,2,18,[1 7],8,17,35,9,8
1,<environment.Job instance at 0x7fa3324fdc80>,7,14,[3 6],14,35,49,21,20
1,<environment.Job instance at 0x7fa3324e72d0>,26,23,[1 8],43,49,72,6,45
1,<environment.Job instance at 0x7fa3324e76e0>,30,22,[7 3],49,72,94,23,66
1,<environment.Job instance at 0x7fa3324ec0f0>,41,17,[3 9],63,94,111,31,90
1,<environment.Job instance at 0x7fa3324ec9b0>,48,18,[2 6],72,111,129,39,108
1,<environment.Job instance at 0x7fa3324ec640>,45,16,[1 8],68,129,145,61,116
1,<environment.Job instance at 0x7fa3324e4460>,60,22,[3 9],89,150,172,61,150
1,<environment.Job instance at 0x7fa3324e4af0>,70,18,[3 8],102,172,190,70,162
1,<environment.Job instance at 0x7fa3324e4f00>,74,18,[9 4],107,190,208,83,179
1,<environment.Job instance at 0x7fa3324ec410>,0,26,[5 4],1,3,29,2,3
1,<environment.Job instance at 0x7fa2ee2a7140>,2,20,[2 5],5,6,26,1,6
1,<environment.Job instance at 0x7fa33267e050>,6,16,[3 7],10,29,45,19,22
1,<environment.Job instance at 0x7fa2ee285d70>,15,3,[9 4],27,45,48,18,34
1,<environment.Job instance at 0x7fa2ee2855f0>,19,3,[2 5],32,48,51,16,34
1,<environment.Job instance at 0x7fa2ee285cd0>,12,15,[9 4],22,51,66,29,39
1,<environment.Job instance at 0x7fa2ee3821e0>,34,13,[1 7],49,70,83,21,70
1,<environment.Job instance at 0x7fa2ee382d20>,35,15,[4 5],50,83,98,33,71
1,<environment.Job instance at 0x7fa2ee382500>,38,18,[4 5],53,83,101,30,72
1,<environment.Job instance at 0x7fa3326189b0>,44,21,[9 5],63,106,127,43,106
1,<environment.Job instance at 0x7fa3323b49b0>,56,18,[9 2],77,150,168,73,150
1,<environment.Job instance at 0x7fa331de37d0>,61,16,[1 9],86,170,186,84,170
1,<environment.Job instance at 0x7fa331de3d20>,65,18,[8 4],90,186,204,96,175
1,<environment.Job instance at 0x7fa2ee5570f0>,0,16,[7 3],1,1,17,0,1
1,<environment.Job instance at 0x7fa2ee0dfb90>,5,15,[9 5],8,17,32,9,11
1,<environment.Job instance at 0x7fa332a66b40>,23,17,[ 2 10],30,32,49,2,30
1,<environment.Job instance at 0x7fa331d5bc30>,33,1,[ 5 10],42,49,50,7,45
1,<environment.Job instance at 0x7fa331d5be10>,34,13,[ 4 10],44,50,63,6,47
1,<environment.Job instance at 0x7fa3322a5a50>,50,16,[8 5],67,74,90,7,74
1,<environment.Job instance at 0x7fa2ee43ddc0>,0,15,[1 9],1,1,16,0,1
1,<environment.Job instance at 0x7fa332a74a50>,18,14,[6 2],31,39,53,8,39
1,<environment.Job instance at 0x7fa3323440f0>,24,24,[6 2],43,53,77,10,50
1,<environment.Job instance at 0x7fa33233baa0>,34,25,[ 4 10],53,77,102,24,73
1,<environment.Job instance at 0x7fa331c802d0>,48,17,[10  3],70,106,123,36,106
1,<environment.Job instance at 0x7fa331c80a50>,50,3,[6 5],72,123,126,51,109
1,<environment.Job instance at 0x7fa331c80cd0>,51,15,[3 6],73,126,141,53,115
1,<environment.Job instance at 0x7fa2ee87fa00>,59,17,[6 1],86,126,143,40,118
1,<environment.Job instance at 0x7fa2ee87fe60>,68,13,[5 5],98,143,156,45,136
1,<environment.Job instance at 0x7fa331c825f0>,72,14,[8 3],105,156,170,51,150
1,<environment.Job instance at 0x7fa2ee7af1e0>,7,17,[4 9],11,12,29,1,12
1,<environment.Job instance at 0x7fa2ee74e8c0>,10,17,[5 4],16,29,46,13,17
1,<environment.Job instance at 0x7fa331dee690>,12,3,[ 4 10],19,46,49,27,20
1,<environment.Job instance at 0x7fa2ee74e3c0>,11,16,[3 8],18,49,65,31,36
1,<environment.Job instance at 0x7fa2ee224730>,29,27,[3 8],47,66,93,19,66
1,<environment.Job instance at 0x7fa2ee5ab230>,45,12,[3 8],67,116,128,49,116
1,<environment.Job instance at 0x7fa2ee72ae10>,54,15,[5 5],77,130,145,53,130
1,<environment.Job instance at 0x7fa2ee289b40>,0,26,[5 3],1,1,27,0,1
1,<environment.Job instance at 0x7fa2edec3320>,2,19,[5 4],3,3,22,0,3
1,<environment.Job instance at 0x7fa331dd1960>,4,18,[4 6],5,22,40,17,11
1,<environment.Job instance at 0x7fa331dd1af0>,15,13,[5 6],22,44,57,22,44
1,<environment.Job instance at 0x7fa2edee4c30>,33,15,[8 5],44,85,100,41,85
1,<environment.Job instance at 0x7fa2edf51f50>,38,14,[9 5],50,103,117,53,103
1,<environment.Job instance at 0x7fa2edf51af0>,45,15,[5 8],59,122,137,63,122
1,<environment.Job instance at 0x7fa2ee83cf50>,1,15,[5 5],2,3,18,1,3
1,<environment.Job instance at 0x7fa2ee13d050>,4,17,[7 2],6,18,35,12,9
1,<environment.Job instance at 0x7fa2ee522410>,14,12,[ 1 10],22,35,47,13,27
1,<environment.Job instance at 0x7fa2ee12d550>,19,2,[ 2 10],29,47,49,18,30
1,<environment.Job instance at 0x7fa2ee13cb90>,13,14,[5 2],21,49,63,28,35
1,<environment.Job instance at 0x7fa2edf3bd20>,21,3,[8 5],33,63,66,30,37
1,<environment.Job instance at 0x7fa2ee13e7d0>,25,2,[5 7],41,49,51,8,42
1,<environment.Job instance at 0x7fa331f46550>,28,3,[ 5 10],44,66,69,22,51
1,<environment.Job instance at 0x7fa332219640>,9,25,[ 2 10],13,69,94,56,65
1,<environment.Job instance at 0x7fa331f28be0>,43,26,[3 7],64,116,142,52,116
1,<environment.Job instance at 0x7fa3325bd500>,54,1,[10  1],83,142,143,59,132
1,<environment.Job instance at 0x7fa331f4c140>,48,25,[3 6],72,143,168,71,140
1,<environment.Job instance at 0x7fa3326d5d70>,5,13,[5 9],10,10,23,0,10
1,<environment.Job instance at 0x7fa2ee14ac30>,9,18,[2 8],16,23,41,7,16
1,<environment.Job instance at 0x7fa331dd3e60>,26,14,[6 4],36,56,70,20,56
1,<environment.Job instance at 0x7fa331dd3d20>,27,27,[4 5],37,64,91,27,64
1,<environment.Job instance at 0x7fa3327e88c0>,41,15,[9 2],59,97,112,38,97
1,<environment.Job instance at 0x7fa2ee3745f0>,50,28,[2 9],72,128,156,56,128
1,<environment.Job instance at 0x7fa3327f1fa0>,66,14,[3 8],92,177,191,85,177
1,<environment.Job instance at 0x7fa2edee4370>,0,17,[6 2],1,1,18,0,1
1,<environment.Job instance at 0x7fa2edee4d70>,3,15,[7 1],4,18,33,14,4
1,<environment.Job instance at 0x7fa2ee4b5be0>,9,16,[7 1],12,33,49,21,21
1,<environment.Job instance at 0x7fa3323aa730>,18,3,[7 3],23,49,52,26,23
1,<environment.Job instance at 0x7fa3323aa6e0>,16,18,[1 6],21,35,53,14,35
1,<environment.Job instance at 0x7fa2ee1e9f50>,25,2,[1 5],33,53,55,20,39
1,<environment.Job instance at 0x7fa2ee084190>,29,3,[ 3 10],39,55,58,16,40
1,<environment.Job instance at 0x7fa2ee084640>,35,21,[1 6],48,63,84,15,63
1,<environment.Job instance at 0x7fa2ee084e10>,39,16,[9 3],54,71,87,17,71
1,<environment.Job instance at 0x7fa332bab820>,46,12,[7 4],62,87,99,25,74
1,<environment.Job instance at 0x7fa2ee6fe690>,49,18,[3 7],67,99,117,32,93
1,<environment.Job instance at 0x7fa2ee6feb40>,53,1,[5 1],75,104,105,29,104
1,<environment.Job instance at 0x7fa2ee6fe550>,51,28,[1 8],70,117,145,47,117
1,<environment.Job instance at 0x7fa3322e5460>,66,16,[9 3],96,145,161,49,136
1,<environment.Job instance at 0x7fa2ee554dc0>,76,16,[1 8],109,179,195,70,179
1,<environment.Job instance at 0x7fa2ee20c190>,77,16,[5 7],111,195,211,84,182
1,<environment.Job instance at 0x7fa332bc5730>,4,14,[10  3],6,6,20,0,6
1,<environment.Job instance at 0x7fa332302b40>,6,17,[3 6],10,20,37,10,10
1,<environment.Job instance at 0x7fa332302550>,10,17,[8 3],17,37,54,20,32
1,<environment.Job instance at 0x7fa2ee857c80>,24,14,[ 5 10],36,54,68,18,41
1,<environment.Job instance at 0x7fa3328e0370>,29,2,[2 5],44,68,70,24,57
1,<environment.Job instance at 0x7fa3328e0aa0>,30,13,[10  3],46,70,83,24,57
1,<environment.Job instance at 0x7fa3328d5190>,42,13,[10  5],58,83,96,25,74
1,<environment.Job instance at 0x7fa3328feb40>,47,12,[4 6],67,96,108,29,96
1,<environment.Job instance at 0x7fa3328febe0>,48,13,[5 6],68,108,121,40,96
1,<environment.Job instance at 0x7fa3328f2b40>,54,14,[1 6],76,129,143,53,129
1,<environment.Job instance at 0x7fa3328f2d20>,57,15,[9 5],79,144,159,65,144
1,<environment.Job instance at 0x7fa3328f58c0>,62,1,[1 5],94,149,150,55,149
1,<environment.Job instance at 0x7fa3328f5c30>,65,14,[1 7],99,160,174,61,160
1,<environment.Job instance at 0x7fa3328d7b40>,69,17,[2 5],105,174,191,69,162
1,<environment.Job instance at 0x7fa3328d7640>,80,17,[1 8],120,191,208,71,180
1,<environment.Job instance at 0x7fc8829185f0>,2,14,[5 5],5,5,19,0,5
1,<environment.Job instance at 0x7fc8829185a0>,4,17,[2 8],8,19,36,11,8
1,<environment.Job instance at 0x7fc8817c9140>,15,3,[1 6],21,36,39,15,24
1,<environment.Job instance at 0x7fc8817c94b0>,16,15,[7 3],22,36,51,14,25
1,<environment.Job instance at 0x7fc8817c9b40>,20,12,[8 5],27,51,63,24,42
1,<environment.Job instance at 0x7fc8817d05a0>,1,28,[8 2],3,4,32,1,4
1,<environment.Job instance at 0x7fc8828636e0>,18,22,[6 2],25,32,54,7,27
1,<environment.Job instance at 0x7fc882863050>,22,18,[9 4],30,54,72,24,46
1,<environment.Job instance at 0x7fc837843b40>,5,18,[6 5],7,7,25,0,7
1,<environment.Job instance at 0x7fc8378bf640>,9,3,[9 1],12,25,28,13,12
1,<environment.Job instance at 0x7fc8378bfdc0>,14,2,[2 7],20,28,30,8,20
1,<environment.Job instance at 0x7fc8378bf960>,13,13,[8 4],19,30,43,11,20
1,<environment.Job instance at 0x7fc8378ca280>,1,16,[8 1],3,3,19,0,3
1,<environment.Job instance at 0x7fc8377dae60>,4,17,[2 9],8,8,25,0,8
1,<environment.Job instance at 0x7fc8377da9b0>,11,24,[6 3],17,25,49,8,22
1,<environment.Job instance at 0x7fc83775c730>,25,17,[5 3],33,49,66,16,38
1,<environment.Job instance at 0x7fc837840550>,2,17,[3 5],3,4,21,1,4
1,<environment.Job instance at 0x7fc837ebbdc0>,5,13,[7 4],6,6,19,0,6
1,<environment.Job instance at 0x7fc837ebbe10>,6,17,[ 2 10],8,21,38,13,9
1,<environment.Job instance at 0x7fc837ec4f00>,21,1,[5 3],27,38,39,11,28
1,<environment.Job instance at 0x7fc837ec4910>,22,1,[4 5],28,38,39,10,28
1,<environment.Job instance at 0x7fc837e9c280>,23,3,[5 3],29,39,42,10,31
1,<environment.Job instance at 0x7fc837e9c320>,24,2,[ 2 10],30,42,44,12,31
1,<environment.Job instance at 0x7fc837ec40a0>,11,15,[9 4],14,44,59,30,32
1,<environment.Job instance at 0x7fc837e9cfa0>,35,1,[3 5],44,59,60,15,44
1,<environment.Job instance at 0x7fc837ed42d0>,37,1,[2 9],46,60,61,14,46
1,<environment.Job instance at 0x7fc837ed47d0>,1,14,[5 7],2,3,17,1,3
1,<environment.Job instance at 0x7fc8823fb870>,4,18,[6 2],5,17,35,12,7
1,<environment.Job instance at 0x7fc8815a31e0>,21,14,[9 3],28,47,61,19,47
1,<environment.Job instance at 0x7fc88174b6e0>,8,18,[9 2],14,14,32,0,14
1,<environment.Job instance at 0x7fc83796b6e0>,20,15,[5 5],28,32,47,4,30
1,<environment.Job instance at 0x7fc881b1bfa0>,24,1,[7 5],34,47,48,13,34
1,<environment.Job instance at 0x7fc837ac4cd0>,1,14,[8 2],4,4,18,0,4
1,<environment.Job instance at 0x7fc8820c8280>,2,27,[7 4],5,18,45,13,16
1,<environment.Job instance at 0x7fc837cc7320>,17,3,[ 3 10],28,45,48,17,28
1,<environment.Job instance at 0x7fc8376b1320>,12,18,[8 2],20,48,66,28,37
1,<environment.Job instance at 0x7fc881a258c0>,5,13,[5 6],6,8,21,2,8
1,<environment.Job instance at 0x7fc881a25a50>,12,13,[9 5],16,21,34,5,16
1,<environment.Job instance at 0x7fc8377c00f0>,21,23,[5 5],27,34,57,7,28
1,<environment.Job instance at 0x7fc882071f50>,12,13,[9 4],24,24,37,0,24
1,<environment.Job instance at 0x7fc8379d2640>,13,16,[5 9],25,37,53,12,26
1,<environment.Job instance at 0x7fc837c27eb0>,18,1,[9 1],33,53,54,20,35
1,<environment.Job instance at 0x7fc837c27550>,16,1,[6 5],29,54,55,25,36
1,<environment.Job instance at 0x7fc837c27370>,17,15,[7 5],30,55,70,25,42
1,<environment.Job instance at 0x7fc837621a50>,0,28,[ 5 10],2,11,39,9,11
1,<environment.Job instance at 0x7fc8375df370>,20,14,[1 8],33,39,53,6,39
1,<environment.Job instance at 0x7fc88286a9b0>,26,1,[7 1],42,44,45,2,44
1,<environment.Job instance at 0x7fc881744c80>,2,18,[10  1],5,7,25,2,7
1,<environment.Job instance at 0x7fc881ac6780>,12,12,[ 5 10],16,25,37,9,16
1,<environment.Job instance at 0x7fc881ac6af0>,15,18,[8 2],21,37,55,16,27
1,<environment.Job instance at 0x7fc881ad5370>,22,16,[5 7],31,55,71,24,42
1,<environment.Job instance at 0x7fc881ad52d0>,1,16,[ 3 10],2,2,18,0,2
1,<environment.Job instance at 0x7fc881814690>,7,12,[7 5],11,18,30,7,11
1,<environment.Job instance at 0x7fc881704190>,13,17,[4 7],17,30,47,13,18
1,<environment.Job instance at 0x7fc8815de190>,21,2,[8 2],29,47,49,18,32
1,<environment.Job instance at 0x7fc8815defa0>,22,3,[5 3],30,32,35,2,32
1,<environment.Job instance at 0x7fc8815deeb0>,23,1,[2 9],31,49,50,18,35
1,<environment.Job instance at 0x7fc8815de7d0>,24,2,[5 7],32,50,52,18,35
1,<environment.Job instance at 0x7fc881e09780>,26,16,[3 7],34,52,68,18,39
1,<environment.Job instance at 0x7fc8378ad050>,12,12,[1 6],20,20,32,0,20
1,<environment.Job instance at 0x7fc837e355a0>,6,13,[10  3],10,32,45,22,21
1,<environment.Job instance at 0x7fc8378ada00>,19,3,[8 1],31,45,48,14,38
1,<environment.Job instance at 0x7fc837689910>,20,3,[2 5],34,45,48,11,38
1,<environment.Job instance at 0x7fc837689780>,21,2,[5 3],35,48,50,13,38
1,<environment.Job instance at 0x7fc837689a50>,22,2,[6 1],37,50,52,13,38
1,<environment.Job instance at 0x7fc837689730>,23,12,[ 3 10],38,52,64,14,39
1,<environment.Job instance at 0x7fc837e35fa0>,2,17,[7 3],4,5,22,1,5
1,<environment.Job instance at 0x7fc8815c58c0>,4,13,[ 2 10],7,22,35,15,8
1,<environment.Job instance at 0x7fc881cf2690>,28,16,[1 9],39,42,58,3,42
1,<environment.Job instance at 0x7fc881cdf1e0>,30,12,[1 6],41,58,70,17,43
1,<environment.Job instance at 0x7fc881f259b0>,4,16,[3 5],6,7,23,1,7
1,<environment.Job instance at 0x7fc881f25d20>,6,15,[3 8],11,23,38,12,12
1,<environment.Job instance at 0x7fc881f25fa0>,15,2,[7 1],22,26,28,4,26
1,<environment.Job instance at 0x7fc881f25050>,17,17,[6 5],24,38,55,14,27
1,<environment.Job instance at 0x7fc881be20a0>,2,12,[2 5],3,3,15,0,3
1,<environment.Job instance at 0x7fc837e114b0>,4,17,[1 6],5,15,32,10,6
1,<environment.Job instance at 0x7fc88188d640>,16,13,[1 7],20,32,45,12,20
1,<environment.Job instance at 0x7fc8821a2be0>,25,1,[1 5],32,45,46,13,37
1,<environment.Job instance at 0x7fc8819540a0>,29,13,[5 1],40,45,58,5,45
1,<environment.Job instance at 0x7fc881954370>,31,18,[10  4],42,58,76,16,47
1,<environment.Job instance at 0x7fc837a2c5f0>,0,27,[8 1],1,2,29,1,2
1,<environment.Job instance at 0x7fc8817cbb90>,4,19,[3 8],5,29,48,24,19
1,<environment.Job instance at 0x7fc837a60230>,17,12,[2 5],29,48,60,19,31
1,<environment.Job instance at 0x7fc837a95410>,25,17,[5 2],44,46,63,2,46
1,<environment.Job instance at 0x7fc837a959b0>,2,18,[ 5 10],8,8,26,0,8
1,<environment.Job instance at 0x7fc837c7f5a0>,3,15,[8 2],10,26,41,16,18
1,<environment.Job instance at 0x7fc881cf90f0>,18,3,[5 6],32,41,44,9,36
1,<environment.Job instance at 0x7fc881cf9fa0>,20,14,[1 8],34,44,58,10,37
1,<environment.Job instance at 0x7fc881cf9730>,24,1,[1 5],39,58,59,19,42
1,<environment.Job instance at 0x7fc881cf98c0>,25,1,[3 6],40,59,60,19,42
1,<environment.Job instance at 0x7fc8376cf640>,11,28,[7 1],24,44,72,20,43
1,<environment.Job instance at 0x7fc837b64d70>,9,17,[5 2],15,15,32,0,15
1,<environment.Job instance at 0x7fc837b646e0>,10,24,[4 8],16,16,40,0,16
1,<environment.Job instance at 0x7fc881d98f50>,19,15,[ 5 10],27,40,55,13,27
1,<environment.Job instance at 0x7f52d5c981e0>,2,14,[5 5],5,5,19,0,5
1,<environment.Job instance at 0x7f52d5c98190>,4,17,[2 8],8,19,36,11,8
1,<environment.Job instance at 0x7f52d0895a00>,20,12,[8 5],27,40,52,13,40
1,<environment.Job instance at 0x7f52d0895be0>,23,15,[7 4],30,52,67,22,42
1,<environment.Job instance at 0x7f52d0895fa0>,28,18,[6 5],38,67,85,29,56
1,<environment.Job instance at 0x7f52d5be3af0>,7,13,[ 5 10],11,28,41,17,28
1,<environment.Job instance at 0x7f52d5be3a50>,10,16,[8 4],16,41,57,25,37
1,<environment.Job instance at 0x7f528ab23050>,2,17,[1 7],3,3,20,0,3
1,<environment.Job instance at 0x7f528ab23960>,5,25,[3 9],6,20,45,14,20
1,<environment.Job instance at 0x7f528abc0aa0>,23,2,[5 5],36,45,47,9,36
1,<environment.Job instance at 0x7f528ac01870>,21,16,[8 1],33,47,63,14,38
1,<environment.Job instance at 0x7f528acbe0f0>,11,22,[8 4],16,21,43,5,21
1,<environment.Job instance at 0x7f528af48d70>,18,3,[7 5],24,43,46,19,24
1,<environment.Job instance at 0x7f528af484b0>,13,15,[3 5],19,43,58,24,30
1,<environment.Job instance at 0x7f528b0192d0>,22,3,[ 5 10],29,58,61,29,36
1,<environment.Job instance at 0x7f528ac65370>,25,1,[2 9],32,61,62,29,38
1,<environment.Job instance at 0x7f528ac650f0>,31,15,[1 6],40,62,77,22,55
1,<environment.Job instance at 0x7f528ab573c0>,0,27,[ 3 10],1,7,34,6,7
1,<environment.Job instance at 0x7f528b231690>,16,1,[3 8],19,34,35,15,25
1,<environment.Job instance at 0x7f528b231320>,13,18,[6 2],15,34,52,19,29
1,<environment.Job instance at 0x7f528b231e10>,21,20,[4 6],26,35,55,9,30
1,<environment.Job instance at 0x7f528b231870>,18,1,[4 8],21,55,56,34,36
1,<environment.Job instance at 0x7f528b2326e0>,29,19,[4 9],37,56,75,19,46
1,<environment.Job instance at 0x7f528b232c30>,35,12,[8 2],46,75,87,29,58
1,<environment.Job instance at 0x7f52d0966140>,6,14,[1 6],11,12,26,1,12
1,<environment.Job instance at 0x7f52d0966b90>,8,18,[9 2],14,16,34,2,16
1,<environment.Job instance at 0x7f528afbdcd0>,11,13,[1 8],17,26,39,9,17
1,<environment.Job instance at 0x7f52d0ad1050>,17,13,[5 2],25,34,47,9,31
1,<environment.Job instance at 0x7f52d0d8b870>,21,3,[7 4],30,47,50,17,32
1,<environment.Job instance at 0x7f52d0d8b640>,24,1,[7 5],34,50,51,16,34
1,<environment.Job instance at 0x7f52d0d8bc30>,22,12,[5 7],32,51,63,19,36
1,<environment.Job instance at 0x7f52d0c73550>,33,13,[1 9],44,63,76,19,55
1,<environment.Job instance at 0x7f52d0ee03c0>,1,14,[ 4 10],2,3,17,1,3
1,<environment.Job instance at 0x7f528af44140>,6,3,[10  1],9,17,20,8,11
1,<environment.Job instance at 0x7f528af444b0>,7,18,[8 2],10,20,38,10,18
1,<environment.Job instance at 0x7f52d1006820>,14,14,[8 2],20,38,52,18,23
1,<environment.Job instance at 0x7f52d0986c30>,25,1,[3 7],37,52,53,15,46
1,<environment.Job instance at 0x7f52d0931140>,22,17,[8 3],33,53,70,20,51
1,<environment.Job instance at 0x7f52d06bbbe0>,0,16,[5 9],1,1,17,0,1
1,<environment.Job instance at 0x7f528aef5370>,5,23,[5 5],7,19,42,12,19
1,<environment.Job instance at 0x7f52d0cdb6e0>,21,23,[6 1],27,42,65,15,40
1,<environment.Job instance at 0x7f52d0d06410>,33,2,[9 2],46,65,67,19,54
1,<environment.Job instance at 0x7f52d0d09c30>,35,13,[9 4],54,67,80,13,55
1,<environment.Job instance at 0x7f528b111b40>,3,18,[7 3],8,8,26,0,8
1,<environment.Job instance at 0x7f528b111eb0>,4,15,[5 2],10,26,41,16,12
1,<environment.Job instance at 0x7f528b08a1e0>,17,13,[2 7],31,36,49,5,36
1,<environment.Job instance at 0x7f52d0bb9d20>,16,1,[5 7],28,49,50,21,36
1,<environment.Job instance at 0x7f528b08a320>,18,16,[1 5],32,50,66,18,41
1,<environment.Job instance at 0x7f52d0f338c0>,8,12,[1 8],11,11,23,0,11
1,<environment.Job instance at 0x7f52d0f334b0>,7,18,[8 3],9,23,41,14,16
1,<environment.Job instance at 0x7f528b254780>,19,14,[10  5],25,41,55,16,38
1,<environment.Job instance at 0x7f528b2543c0>,16,28,[6 5],22,56,84,34,56
1,<environment.Job instance at 0x7f528a91ebe0>,1,16,[ 3 10],2,2,18,0,2
1,<environment.Job instance at 0x7f52d0849690>,7,12,[7 5],11,18,30,7,12
1,<environment.Job instance at 0x7f528a978af0>,10,18,[1 8],14,30,48,16,19
1,<environment.Job instance at 0x7f52d0da8be0>,14,2,[5 7],18,48,50,30,25
1,<environment.Job instance at 0x7f528a9839b0>,7,12,[3 8],12,12,24,0,12
1,<environment.Job instance at 0x7f528a983aa0>,8,15,[2 8],13,24,39,11,15
1,<environment.Job instance at 0x7f528aa3f500>,18,3,[2 7],30,39,42,9,33
1,<environment.Job instance at 0x7f528aa3f370>,17,12,[3 9],29,42,54,13,42
1,<environment.Job instance at 0x7f528aa1e640>,34,2,[5 5],53,54,56,1,54
1,<environment.Job instance at 0x7f52d080faf0>,4,15,[10  2],6,6,21,0,6
1,<environment.Job instance at 0x7f52d0b18960>,15,12,[1 6],21,29,41,8,29
1,<environment.Job instance at 0x7f52d0b18230>,20,28,[8 4],29,30,58,1,30
1,<environment.Job instance at 0x7f52d0b185a0>,19,14,[5 7],26,58,72,32,53
1,<environment.Job instance at 0x7f528ac35640>,31,2,[1 7],47,72,74,25,53
1,<environment.Job instance at 0x7f52d0bb2d20>,0,15,[10  2],1,1,16,0,1
1,<environment.Job instance at 0x7f52d0ceed20>,4,13,[6 1],10,16,29,6,11
1,<environment.Job instance at 0x7f528ae2c780>,8,13,[2 8],16,18,31,2,18
1,<environment.Job instance at 0x7f528ae2c0a0>,13,3,[4 5],22,31,34,9,29
1,<environment.Job instance at 0x7f52d0add460>,24,1,[8 5],36,38,39,2,38
1,<environment.Job instance at 0x7f528afafcd0>,33,13,[3 9],47,59,72,12,59
1,<environment.Job instance at 0x7f528b156370>,3,24,[2 5],4,7,31,3,7
1,<environment.Job instance at 0x7f528b1ae050>,16,15,[3 8],24,31,46,7,25
1,<environment.Job instance at 0x7f528b1ae280>,18,15,[10  2],28,46,61,18,32
1,<environment.Job instance at 0x7f528b1aeaf0>,24,12,[2 5],39,61,73,22,48
1,<environment.Job instance at 0x7f52d09a3050>,0,16,[5 9],3,3,19,0,3
1,<environment.Job instance at 0x7f528b1c9550>,2,18,[ 5 10],8,19,37,11,9
1,<environment.Job instance at 0x7f528a9ea4b0>,16,22,[4 9],30,37,59,7,34
1,<environment.Job instance at 0x7f52d0b8ae60>,28,17,[5 5],44,59,76,15,47
1,<environment.Job instance at 0x7f52d0671d70>,5,24,[4 8],6,9,33,3,9
1,<environment.Job instance at 0x7f528b1a4a50>,17,3,[6 1],21,21,24,0,21
1,<environment.Job instance at 0x7f52d0ba50a0>,19,16,[3 6],23,33,49,10,23
1,<environment.Job instance at 0x7f52d0ba5a50>,20,16,[6 1],24,24,40,0,24
1,<environment.Job instance at 0x7f528a968c80>,21,2,[ 2 10],25,49,51,24,25
1,<environment.Job instance at 0x7f528aaf8460>,25,2,[6 2],31,40,42,9,35
1,<environment.Job instance at 0x7f52d0fe3960>,27,17,[7 3],34,51,68,17,48
1,<environment.Job instance at 0x7f52d086b9b0>,32,13,[1 8],42,68,81,26,52
1,<environment.Job instance at 0x7f52d065f960>,1,16,[7 3],3,3,19,0,3
1,<environment.Job instance at 0x7f528ac0c190>,14,14,[5 8],19,19,33,0,19
1,<environment.Job instance at 0x7f52d0ecd370>,2,26,[3 7],3,4,30,1,4
1,<environment.Job instance at 0x7f528a9fdaf0>,13,15,[1 7],24,30,45,6,24
1,<environment.Job instance at 0x7f52d0a83690>,27,14,[4 5],47,49,63,2,49
1,<environment.Job instance at 0x7f52d0a83960>,28,16,[5 3],48,50,66,2,50
1,<environment.Job instance at 0x7f52d0a83230>,29,13,[4 5],50,63,76,13,50
1,<environment.Job instance at 0x7f528b015320>,10,1,[10  4],14,14,15,0,14
1,<environment.Job instance at 0x7f528b015f00>,9,3,[8 3],13,18,21,5,18
1,<environment.Job instance at 0x7f528b015500>,19,15,[8 3],26,27,42,1,27
1,<environment.Job instance at 0x7f528b015370>,13,14,[7 5],18,49,63,31,49
1,<environment.Job instance at 0x7f52d142e3c0>,25,3,[5 1],35,63,66,28,51
1,<environment.Job instance at 0x7f52d1434e60>,26,17,[2 5],36,55,72,19,55
1,<environment.Job instance at 0x7f52d142e410>,27,18,[6 2],41,66,84,25,56
1,<environment.Job instance at 0x7f70c5577fa0>,1,15,[ 4 10],4,4,19,0,4
1,<environment.Job instance at 0x7f70c55780a0>,4,17,[2 8],8,19,36,11,8
1,<environment.Job instance at 0x7f70be16f910>,5,14,[8 5],9,36,50,27,23
1,<environment.Job instance at 0x7f70be172b40>,22,3,[5 6],29,50,53,21,40
1,<environment.Job instance at 0x7f70be1727d0>,19,18,[8 2],25,53,71,28,48
1,<environment.Job instance at 0x7f70c54c33c0>,0,13,[ 5 10],1,1,14,0,1
1,<environment.Job instance at 0x7f70c54c6960>,13,18,[6 3],22,25,43,3,25
1,<environment.Job instance at 0x7f70c54c6140>,18,13,[2 6],30,33,46,3,33
1,<environment.Job instance at 0x7f70c56f28c0>,20,1,[3 7],33,46,47,13,37
1,<environment.Job instance at 0x7f70c54c6370>,14,16,[5 8],23,47,63,24,37
1,<environment.Job instance at 0x7f707a3fbb40>,2,14,[8 2],6,7,21,1,7
1,<environment.Job instance at 0x7f707a3fb190>,5,14,[ 4 10],12,21,35,9,12
1,<environment.Job instance at 0x7f707a46f2d0>,19,12,[5 3],30,35,47,5,30
1,<environment.Job instance at 0x7f707a5048c0>,20,1,[ 1 10],31,47,48,16,34
1,<environment.Job instance at 0x7f707a504f50>,22,16,[3 5],33,48,64,15,43
1,<environment.Job instance at 0x7f707a504140>,26,2,[1 6],37,43,45,6,43
1,<environment.Job instance at 0x7f707a504b90>,23,14,[5 3],34,48,62,14,46
1,<environment.Job instance at 0x7f707a504e60>,28,2,[ 3 10],41,64,66,23,46
1,<environment.Job instance at 0x7f707a504fa0>,27,3,[2 8],39,66,69,27,50
1,<environment.Job instance at 0x7f707a471eb0>,35,18,[ 1 10],51,69,87,18,58
1,<environment.Job instance at 0x7f707a471f00>,2,15,[9 4],4,7,22,3,7
1,<environment.Job instance at 0x7f707a542d70>,11,15,[3 8],16,22,37,6,16
1,<environment.Job instance at 0x7f707a40ca50>,17,14,[5 8],22,37,51,15,22
1,<environment.Job instance at 0x7f707a543dc0>,28,1,[2 9],36,51,52,15,36
1,<environment.Job instance at 0x7f707a5433c0>,31,13,[5 5],40,52,65,12,40
1,<environment.Job instance at 0x7f707a8e7b90>,38,14,[3 5],47,64,78,17,64
1,<environment.Job instance at 0x7f707a976e10>,42,17,[6 2],52,67,84,15,67
1,<environment.Job instance at 0x7f707a976820>,44,20,[4 6],56,78,98,22,69
1,<environment.Job instance at 0x7f707a53aaa0>,4,12,[4 8],9,9,21,0,9
1,<environment.Job instance at 0x7f707ab2ed70>,11,23,[2 9],18,28,51,10,28
1,<environment.Job instance at 0x7f707ab318c0>,21,19,[5 1],32,37,56,5,37
1,<environment.Job instance at 0x7f707ab31aa0>,24,14,[5 5],36,51,65,15,40
1,<environment.Job instance at 0x7f707ab22190>,29,14,[7 3],41,65,79,24,56
1,<environment.Job instance at 0x7f707ab31a50>,1,14,[8 2],4,4,18,0,4
1,<environment.Job instance at 0x7f707a6da140>,2,27,[7 4],5,18,45,13,16
1,<environment.Job instance at 0x7f70be433aa0>,21,18,[6 4],33,45,63,12,40
1,<environment.Job instance at 0x7f70be4335f0>,29,1,[10  3],45,63,64,18,62
1,<environment.Job instance at 0x7f70be433cd0>,30,1,[3 7],47,64,65,17,62
1,<environment.Job instance at 0x7f70be433500>,32,16,[1 5],49,66,82,17,66
1,<environment.Job instance at 0x7f70be433b40>,33,16,[8 2],50,67,83,17,67
1,<environment.Job instance at 0x7f70be403780>,1,15,[3 8],2,2,17,0,2
1,<environment.Job instance at 0x7f70be551cd0>,5,23,[5 5],7,17,40,10,11
1,<environment.Job instance at 0x7f70be42ee10>,20,17,[ 4 10],26,40,57,14,28
1,<environment.Job instance at 0x7f707a47a8c0>,32,1,[5 9],43,57,58,14,55
1,<environment.Job instance at 0x7f707a47a190>,33,2,[9 2],46,58,60,12,55
1,<environment.Job instance at 0x7f70bdf159b0>,36,16,[5 9],55,63,79,8,63
1,<environment.Job instance at 0x7f70bdf150a0>,1,16,[9 5],3,3,19,0,3
1,<environment.Job instance at 0x7f707a4b8910>,12,13,[2 7],21,22,35,1,22
1,<environment.Job instance at 0x7f707a4e6820>,7,28,[ 5 10],12,35,63,23,35
1,<environment.Job instance at 0x7f707a4ded70>,28,18,[10  2],44,63,81,19,52
1,<environment.Job instance at 0x7f70be27d870>,0,28,[6 5],2,4,32,2,4
1,<environment.Job instance at 0x7f70be62c5f0>,14,16,[5 7],21,32,48,11,21
1,<environment.Job instance at 0x7f707a46fcd0>,25,13,[4 6],39,49,62,10,49
1,<environment.Job instance at 0x7f707a46fa50>,28,16,[ 3 10],42,62,78,20,51
1,<environment.Job instance at 0x7f707a957190>,36,2,[2 6],53,78,80,25,60
1,<environment.Job instance at 0x7f707a78acd0>,20,13,[10  4],32,41,54,9,41
1,<environment.Job instance at 0x7f707a243230>,24,12,[1 6],40,54,66,14,43
1,<environment.Job instance at 0x7f707a28caf0>,26,12,[3 8],42,66,78,24,50
1,<environment.Job instance at 0x7f70be570e60>,29,16,[9 2],48,78,94,30,67
1,<environment.Job instance at 0x7f70be570e60>,2,17,[7 3],4,5,22,1,5
1,<environment.Job instance at 0x7f70bdf90c80>,19,15,[10  2],26,26,41,0,26
1,<environment.Job instance at 0x7f70bdf90550>,20,17,[5 5],27,41,58,14,29
1,<environment.Job instance at 0x7f70bec38280>,30,12,[1 6],41,58,70,17,41
1,<environment.Job instance at 0x7f70be10e1e0>,3,17,[6 5],4,6,23,2,6
1,<environment.Job instance at 0x7f707a52d0f0>,12,14,[8 2],19,23,37,4,20
1,<environment.Job instance at 0x7f707a52d2d0>,13,13,[6 1],20,37,50,17,21
1,<environment.Job instance at 0x7f707a52d960>,17,13,[2 8],26,26,39,0,26
1,<environment.Job instance at 0x7f707a52d730>,18,1,[1 7],27,39,40,12,27
1,<environment.Job instance at 0x7f707a52df00>,22,3,[4 5],32,40,43,8,34
1,<environment.Job instance at 0x7f707a517960>,29,2,[1 7],42,45,47,3,45
1,<environment.Job instance at 0x7f70be8340f0>,3,24,[2 5],4,4,28,0,4
1,<environment.Job instance at 0x7f70be834820>,5,18,[5 3],6,6,24,0,6
1,<environment.Job instance at 0x7f707a243aa0>,21,18,[6 4],33,37,55,4,37
1,<environment.Job instance at 0x7f707a243230>,22,17,[2 8],34,55,72,21,43
1,<environment.Job instance at 0x7f70beb9baa0>,6,12,[8 2],13,13,25,0,13
1,<environment.Job instance at 0x7f707a8bb910>,17,18,[5 5],25,28,46,3,28
1,<environment.Job instance at 0x7f707a8bbc80>,19,16,[7 1],28,46,62,18,35
1,<environment.Job instance at 0x7f707a4dad70>,31,13,[5 5],44,62,75,18,46
1,<environment.Job instance at 0x7f707a4da5f0>,33,2,[10  5],48,75,77,27,49
1,<environment.Job instance at 0x7f707a4daf50>,36,2,[5 9],52,77,79,25,52
1,<environment.Job instance at 0x7f707a4e6b40>,46,2,[9 4],63,79,81,16,67
1,<environment.Job instance at 0x7f707a4e6410>,47,2,[1 9],65,81,83,16,67
1,<environment.Job instance at 0x7f707a4e62d0>,3,16,[6 1],4,4,20,0,4
1,<environment.Job instance at 0x7f707a86fb90>,5,13,[3 5],6,6,19,0,6
1,<environment.Job instance at 0x7f707a860280>,10,17,[7 3],14,20,37,6,14
1,<environment.Job instance at 0x7f707a8605f0>,15,13,[1 8],22,37,50,15,22
1,<environment.Job instance at 0x7f707aa590a0>,25,14,[4 8],35,50,64,15,47
1,<environment.Job instance at 0x7f707aa592d0>,26,14,[7 2],36,64,78,28,52
1,<environment.Job instance at 0x7f707aa59820>,32,16,[7 3],43,78,94,35,68
1,<environment.Job instance at 0x7f707aa59a50>,1,17,[10  4],3,3,20,0,3
1,<environment.Job instance at 0x7f70bed1ec30>,16,3,[2 9],26,32,35,6,32
1,<environment.Job instance at 0x7f70bed1e230>,10,15,[8 2],20,36,51,16,36
1,<environment.Job instance at 0x7f707aa17910>,24,14,[4 9],40,65,79,25,65
1,<environment.Job instance at 0x7f707aa17f50>,25,16,[9 4],44,79,95,35,67
1,<environment.Job instance at 0x7f70be4aa730>,0,18,[2 9],1,1,19,0,1
1,<environment.Job instance at 0x7f707aa17d70>,4,16,[5 3],8,19,35,11,8
1,<environment.Job instance at 0x7f70be0e5230>,30,16,[10  5],44,61,77,17,61
1,<environment.Job instance at 0x7f70be0e5be0>,31,15,[8 3],46,77,92,31,63
1,<environment.Job instance at 0x7f70be4cc8c0>,6,3,[6 5],8,9,12,1,9
1,<environment.Job instance at 0x7f70be4cc5a0>,12,14,[2 5],15,15,29,0,15
1,<environment.Job instance at 0x7f70beb2c1e0>,16,2,[9 4],23,29,31,6,25
1,<environment.Job instance at 0x7f70beb2fa00>,20,3,[6 4],27,31,34,4,27
1,<environment.Job instance at 0x7f70beb2c280>,17,12,[ 1 10],24,34,46,10,29
1,<environment.Job instance at 0x7f70beb2d4b0>,23,3,[3 8],31,46,49,15,31
1,<environment.Job instance at 0x7f70beb2ccd0>,15,14,[ 5 10],22,49,63,27,42
1,<environment.Job instance at 0x7f70beb2a1e0>,32,12,[5 4],40,63,75,23,56
1,<environment.Job instance at 0x7f70beb2aa50>,35,3,[ 5 10],47,75,78,28,60
1,<environment.Job instance at 0x7f707a24faf0>,0,15,[8 1],1,2,17,1,2
1,<environment.Job instance at 0x7f707a24fbe0>,4,26,[7 1],7,17,43,10,14
1,<environment.Job instance at 0x7f707aa81730>,19,1,[4 7],29,43,44,14,29
1,<environment.Job instance at 0x7f707aa81140>,23,2,[6 3],34,43,45,9,34
1,<environment.Job instance at 0x7f707aa02640>,13,14,[ 5 10],20,45,59,25,38
1,<environment.Job instance at 0x7f70be920280>,32,2,[2 6],49,59,61,10,52
1,<environment.Job instance at 0x7f70be920320>,34,17,[8 4],52,59,76,7,58
1,<environment.Job instance at 0x7f70be9205f0>,38,12,[2 7],57,76,88,19,59
1,<environment.Job instance at 0x7f707a3a1d70>,5,14,[5 5],6,6,20,0,6
1,<environment.Job instance at 0x7f707a3a1230>,6,18,[7 1],7,20,38,13,9
1,<environment.Job instance at 0x7f707a336aa0>,13,13,[1 7],19,20,33,1,19
1,<environment.Job instance at 0x7f707a45fc80>,18,15,[10  2],25,38,53,13,26
1,<environment.Job instance at 0x7f70be23b4b0>,26,16,[3 9],35,53,69,18,46
1,<environment.Job instance at 0x7f70be2e0640>,28,16,[5 1],37,53,69,16,46
1,<environment.Job instance at 0x7f4585dddd20>,4,17,[2 8],8,9,26,1,9
1,<environment.Job instance at 0x7f457e9d2d70>,9,3,[10  4],13,26,29,13,14
1,<environment.Job instance at 0x7f457e9d2c80>,6,18,[8 4],10,29,47,19,19
1,<environment.Job instance at 0x7f457e9d53c0>,15,3,[1 6],21,31,34,10,31
1,<environment.Job instance at 0x7f457e9d52d0>,16,15,[7 3],22,47,62,25,35
1,<environment.Job instance at 0x7f457e9d5af0>,25,16,[4 7],34,62,78,28,58
1,<environment.Job instance at 0x7f457e9d90f0>,32,17,[7 2],45,78,95,33,76
1,<environment.Job instance at 0x7f457e9d94b0>,2,18,[8 4],6,6,24,0,6
1,<environment.Job instance at 0x7f4585e0b780>,6,18,[6 3],12,24,42,12,15
1,<environment.Job instance at 0x7f4585f5d190>,17,18,[6 5],27,42,60,15,36
1,<environment.Job instance at 0x7f4585d296e0>,25,13,[8 4],39,60,73,21,44
1,<environment.Job instance at 0x7f4585f5c910>,33,1,[ 2 10],50,73,74,23,58
1,<environment.Job instance at 0x7f4585f5cf00>,36,13,[9 1],55,74,87,19,62
1,<environment.Job instance at 0x7f4585f4fa50>,39,2,[6 1],58,87,89,29,68
1,<environment.Job instance at 0x7f453adacc30>,6,12,[9 3],8,9,21,1,9
1,<environment.Job instance at 0x7f453adac0f0>,7,12,[ 4 10],9,21,33,12,14
1,<environment.Job instance at 0x7f453ad00460>,23,13,[10  4],27,33,46,6,29
1,<environment.Job instance at 0x7f453adac2d0>,12,14,[5 3],14,46,60,32,32
1,<environment.Job instance at 0x7f453ad16cd0>,33,16,[2 7],42,53,69,11,53
1,<environment.Job instance at 0x7f453ad16140>,34,17,[3 5],43,69,86,26,57
1,<environment.Job instance at 0x7f453adc14b0>,0,27,[ 3 10],1,6,33,5,6
1,<environment.Job instance at 0x7f453b1220f0>,14,3,[10  3],16,33,36,17,16
1,<environment.Job instance at 0x7f453b1222d0>,15,14,[3 5],17,36,50,19,27
1,<environment.Job instance at 0x7f453accc690>,18,1,[4 8],21,50,51,29,27
1,<environment.Job instance at 0x7f453accc4b0>,25,16,[1 6],32,51,67,19,39
1,<environment.Job instance at 0x7f4585f5c820>,34,12,[5 6],45,67,79,22,53
1,<environment.Job instance at 0x7f453ada7f00>,35,12,[8 2],46,55,67,9,55
1,<environment.Job instance at 0x7f453accc1e0>,1,18,[10  3],2,3,21,1,3
1,<environment.Job instance at 0x7f453accc730>,2,13,[5 2],5,21,34,16,5
1,<environment.Job instance at 0x7f453b0d5a00>,5,15,[5 5],8,21,36,13,8
1,<environment.Job instance at 0x7f453b0c12d0>,14,3,[9 5],19,36,39,17,22
1,<environment.Job instance at 0x7f453b0c1a50>,20,14,[7 3],29,39,53,10,33
1,<environment.Job instance at 0x7f453b0c1e60>,23,14,[8 2],34,53,67,19,38
1,<environment.Job instance at 0x7f453b0c1f50>,24,27,[7 4],35,67,94,32,65
1,<environment.Job instance at 0x7f4583656910>,0,16,[7 1],1,1,17,0,1
1,<environment.Job instance at 0x7f457ecb8370>,12,13,[9 5],16,20,33,4,20
1,<environment.Job instance at 0x7f45832d7aa0>,15,14,[5 9],19,33,47,14,20
1,<environment.Job instance at 0x7f453ada7b40>,23,1,[4 9],29,47,48,18,41
1,<environment.Job instance at 0x7f453ada79b0>,26,1,[7 5],32,48,49,16,41
1,<environment.Job instance at 0x7f453ada7320>,25,13,[7 1],31,49,62,18,41
1,<environment.Job instance at 0x7f453ada7140>,27,3,[5 3],33,62,65,29,41
1,<environment.Job instance at 0x7f457ec8f140>,33,1,[6 2],43,65,66,22,47
1,<environment.Job instance at 0x7f457e8187d0>,32,3,[9 2],42,66,69,24,47
1,<environment.Job instance at 0x7f453ada7960>,21,23,[5 5],27,69,92,42,64
1,<environment.Job instance at 0x7f4582fe5820>,1,12,[ 5 10],6,6,18,0,6
1,<environment.Job instance at 0x7f4582fe5a00>,4,15,[5 2],10,18,33,8,11
1,<environment.Job instance at 0x7f457ee6a4b0>,9,1,[5 5],17,20,21,3,20
1,<environment.Job instance at 0x7f4583522870>,6,16,[9 5],13,33,49,20,20
1,<environment.Job instance at 0x7f458300fd20>,20,15,[3 5],38,49,64,11,38
1,<environment.Job instance at 0x7f45830cbb90>,29,13,[9 4],49,64,77,15,55
1,<environment.Job instance at 0x7f457ec8f500>,0,28,[6 5],2,2,30,0,2
1,<environment.Job instance at 0x7f453b0382d0>,10,12,[ 1 10],14,30,42,16,14
1,<environment.Job instance at 0x7f453af1e7d0>,13,1,[1 8],19,42,43,23,21
1,<environment.Job instance at 0x7f453ab96cd0>,19,1,[5 1],30,42,43,12,30
1,<environment.Job instance at 0x7f453ab96190>,21,18,[ 3 10],32,43,61,11,33
1,<environment.Job instance at 0x7f453afcf780>,28,16,[ 3 10],42,61,77,19,48
1,<environment.Job instance at 0x7f453afb1320>,37,18,[1 8],54,77,95,23,69
1,<environment.Job instance at 0x7f457ea0dbe0>,5,14,[4 9],12,12,26,0,12
1,<environment.Job instance at 0x7f457ea0d690>,15,3,[4 8],29,30,33,1,30
1,<environment.Job instance at 0x7f457ea0df00>,16,12,[1 6],30,33,45,3,30
1,<environment.Job instance at 0x7f457ea0dfa0>,20,16,[4 8],36,45,61,9,41
1,<environment.Job instance at 0x7f458327e820>,24,3,[2 5],44,61,64,17,59
1,<environment.Job instance at 0x7f458327e5a0>,25,2,[5 3],45,61,63,16,61
1,<environment.Job instance at 0x7f45834065a0>,27,12,[ 3 10],48,64,76,16,61
1,<environment.Job instance at 0x7f453acc8910>,32,14,[8 5],54,76,90,22,63
1,<environment.Job instance at 0x7f4583557820>,37,15,[5 8],62,90,105,28,76
1,<environment.Job instance at 0x7f453b2d9280>,4,15,[10  2],6,6,21,0,6
1,<environment.Job instance at 0x7f453b2d93c0>,5,17,[5 5],7,21,38,14,10
1,<environment.Job instance at 0x7f4582f8ed70>,14,14,[9 4],20,38,52,18,24
1,<environment.Job instance at 0x7f453aa871e0>,15,12,[1 6],21,38,50,17,33
1,<environment.Job instance at 0x7f457e94a730>,30,18,[6 2],45,59,77,14,59
1,<environment.Job instance at 0x7f457e94a2d0>,35,19,[6 5],51,77,96,26,67
1,<environment.Job instance at 0x7f453b29ae60>,0,12,[5 9],1,1,13,0,1
1,<environment.Job instance at 0x7f453aaa4690>,4,17,[1 6],5,13,30,8,5
1,<environment.Job instance at 0x7f457eccad70>,10,13,[7 1],14,15,28,1,15
1,<environment.Job instance at 0x7f453b13b0a0>,14,19,[10  2],18,32,51,14,32
1,<environment.Job instance at 0x7f4583377d20>,28,17,[6 5],39,51,68,12,39
1,<environment.Job instance at 0x7f457ec53b40>,33,24,[2 5],44,55,79,11,55
1,<environment.Job instance at 0x7f457ec09a00>,37,27,[8 1],51,68,95,17,66
1,<environment.Job instance at 0x7f453acc8780>,4,2,[5 4],12,13,15,1,13
1,<environment.Job instance at 0x7f453aca25f0>,11,14,[8 3],20,21,35,1,21
1,<environment.Job instance at 0x7f453aca2870>,13,1,[5 9],25,35,36,10,25
1,<environment.Job instance at 0x7f453aca2640>,14,18,[ 5 10],28,41,59,13,41
1,<environment.Job instance at 0x7f453acac730>,26,2,[4 5],47,59,61,12,47
1,<environment.Job instance at 0x7f453aca2370>,12,16,[5 9],23,61,77,38,49
1,<environment.Job instance at 0x7f453acac960>,29,16,[9 1],51,77,93,26,70
1,<environment.Job instance at 0x7f45834f4fa0>,4,17,[5 2],5,5,22,0,5
1,<environment.Job instance at 0x7f45834f4f50>,9,18,[1 7],11,11,29,0,11
1,<environment.Job instance at 0x7f453ac19640>,17,3,[6 1],21,22,25,1,22
1,<environment.Job instance at 0x7f45833bb6e0>,25,2,[6 2],31,32,34,1,32
1,<environment.Job instance at 0x7f453b11fe60>,31,12,[8 3],40,44,56,4,44
1,<environment.Job instance at 0x7f453b11f140>,33,22,[7 4],43,56,78,13,49
1,<environment.Job instance at 0x7f453b11f5f0>,38,3,[6 3],48,78,81,30,65
1,<environment.Job instance at 0x7f453b11ff00>,40,15,[3 7],52,78,93,26,66
1,<environment.Job instance at 0x7f457ea53820>,4,12,[8 2],9,9,21,0,9
1,<environment.Job instance at 0x7f457ea532d0>,5,18,[9 2],10,21,39,11,11
1,<environment.Job instance at 0x7f4582faafa0>,15,18,[10  4],26,40,58,14,40
1,<environment.Job instance at 0x7f453abd9460>,30,14,[4 9],50,78,92,28,78
1,<environment.Job instance at 0x7f458341da50>,3,14,[4 5],7,15,29,8,15
1,<environment.Job instance at 0x7f453aab2c80>,28,16,[4 8],41,60,76,19,60
1,<environment.Job instance at 0x7f453aab2d20>,29,12,[1 7],42,76,88,34,60
1,<environment.Job instance at 0x7f453aab2f00>,31,15,[8 3],46,76,91,30,71
1,<environment.Job instance at 0x7f453aab2f00>,3,14,[2 5],5,5,19,0,5
1,<environment.Job instance at 0x7f457ea57410>,4,13,[ 2 10],8,19,32,11,8
1,<environment.Job instance at 0x7f453b22d280>,12,17,[5 4],18,32,49,14,26
1,<environment.Job instance at 0x7f453b22d9b0>,17,13,[5 7],24,49,62,25,33
1,<environment.Job instance at 0x7f453ab3f820>,28,1,[8 4],41,62,63,21,52
1,<environment.Job instance at 0x7f453ab3fa00>,30,16,[5 9],43,63,79,20,53
1,<environment.Job instance at 0x7f4583343be0>,36,2,[8 1],51,79,81,28,64
1,<environment.Job instance at 0x7f453ab3f4b0>,29,16,[8 3],42,81,97,39,68
1,<environment.Job instance at 0x7f453aabfd20>,5,1,[4 7],9,9,10,0,9
1,<environment.Job instance at 0x7f4583456140>,7,13,[8 2],11,11,24,0,11
1,<environment.Job instance at 0x7f45834be1e0>,10,18,[9 2],15,24,42,9,15
1,<environment.Job instance at 0x7f4585ddcf00>,24,12,[2 7],37,42,54,5,39
1,<environment.Job instance at 0x7f457ec76e60>,30,3,[1 7],46,54,57,8,48
1,<environment.Job instance at 0x7f457ec767d0>,28,17,[2 8],42,57,74,15,50
1,<environment.Job instance at 0x7f453af6f5f0>,37,14,[5 3],55,74,88,19,62
1,<environment.Job instance at 0x7f453abd9460>,40,3,[4 9],60,88,91,28,70
1,<environment.Job instance at 0x7f457e849820>,43,14,[3 7],66,74,88,8,70
1,<environment.Job instance at 0x7f453ae24280>,4,16,[3 9],5,8,24,3,8
1,<environment.Job instance at 0x7f453ae24140>,8,12,[4 5],9,24,36,15,10
1,<environment.Job instance at 0x7f453ae240a0>,11,14,[4 8],13,36,50,23,21
1,<environment.Job instance at 0x7f45830f9230>,21,18,[6 2],27,27,45,0,27
1,<environment.Job instance at 0x7f453b1a91e0>,28,2,[5 9],34,50,52,16,37
1,<environment.Job instance at 0x7f453b1a9f00>,27,3,[1 9],33,52,55,19,40
1,<environment.Job instance at 0x7f453b1a7e60>,31,1,[5 3],37,55,56,18,40
1,<environment.Job instance at 0x7f453b1a7fa0>,32,16,[6 3],38,56,72,18,44
1,<environment.Job instance at 0x7f453b1d1c30>,36,15,[5 5],47,72,87,25,59
1,<environment.Job instance at 0x7f453b1d1190>,41,28,[4 5],53,75,103,22,75
1,<environment.Job instance at 0x7f457ec47f00>,7,18,[7 3],12,12,30,0,12
1,<environment.Job instance at 0x7f4583703690>,13,12,[6 1],18,30,42,12,24
1,<environment.Job instance at 0x7f453b329e10>,18,22,[2 9],27,30,52,3,30
1,<environment.Job instance at 0x7f457ee93050>,23,18,[ 1 10],36,52,70,16,41
1,<environment.Job instance at 0x7f453b0d5d70>,34,2,[5 8],49,70,72,21,58
1,<environment.Job instance at 0x7f453b0d5410>,35,13,[2 7],50,72,85,22,58
1,<environment.Job instance at 0x7f457e9f6f50>,6,16,[9 1],10,10,26,0,10
1,<environment.Job instance at 0x7f453ab64c80>,11,13,[2 5],21,26,39,5,22
1,<environment.Job instance at 0x7f453b05e8c0>,12,14,[1 8],23,39,53,16,25
1,<environment.Job instance at 0x7f457eca4320>,20,21,[3 8],34,53,74,19,47
1,<environment.Job instance at 0x7f453ac1b730>,32,13,[10  2],49,74,87,25,59
1,<environment.Job instance at 0x7f095a63da50>,2,14,[5 5],5,5,19,0,5
1,<environment.Job instance at 0x7f095a63da00>,4,17,[2 8],8,19,36,11,8
1,<environment.Job instance at 0x7f095322f870>,12,19,[ 4 10],17,36,55,19,27
1,<environment.Job instance at 0x7f095322feb0>,20,12,[8 5],27,55,67,28,51
1,<environment.Job instance at 0x7f09532333c0>,24,18,[4 5],31,67,85,36,61
1,<environment.Job instance at 0x7f0953233780>,28,18,[6 5],38,67,85,29,63
1,<environment.Job instance at 0x7f0953233820>,29,24,[9 2],39,85,109,46,82
1,<environment.Job instance at 0x7f095a7b2c30>,2,16,[5 8],3,7,23,4,7
1,<environment.Job instance at 0x7f095a7b54b0>,18,15,[5 4],27,28,43,1,28
1,<environment.Job instance at 0x7f095a7b50f0>,20,13,[8 4],29,43,56,14,30
1,<environment.Job instance at 0x7f095a669f50>,26,15,[5 9],35,56,71,21,42
1,<environment.Job instance at 0x7f095a666fa0>,39,14,[8 2],56,71,85,15,70
1,<environment.Job instance at 0x7f095a7a6fa0>,42,14,[ 4 10],62,85,99,23,70
1,<environment.Job instance at 0x7f090f521690>,2,17,[5 3],3,3,20,0,3
1,<environment.Job instance at 0x7f090f5217d0>,7,18,[ 1 10],11,20,38,9,15
1,<environment.Job instance at 0x7f090f51a7d0>,13,15,[3 5],19,38,53,19,25
1,<environment.Job instance at 0x7f090f5a9050>,27,2,[6 4],35,38,40,3,37
1,<environment.Job instance at 0x7f090f56c500>,31,15,[1 6],40,53,68,13,53
1,<environment.Job instance at 0x7f090f56c690>,32,12,[1 9],41,68,80,27,53
1,<environment.Job instance at 0x7f090f5b7d20>,45,14,[5 6],57,80,94,23,67
1,<environment.Job instance at 0x7f090f5b76e0>,49,15,[6 4],63,94,109,31,86
1,<environment.Job instance at 0x7f090fa0e9b0>,0,18,[5 3],1,1,19,0,1
1,<environment.Job instance at 0x7f090fa0e690>,2,18,[6 2],3,19,37,16,8
1,<environment.Job instance at 0x7f090f50a820>,14,17,[6 2],22,37,54,15,29
1,<environment.Job instance at 0x7f090f99ceb0>,21,13,[4 6],30,43,56,13,43
1,<environment.Job instance at 0x7f090f99cdc0>,23,17,[4 7],33,56,73,23,44
1,<environment.Job instance at 0x7f090f9fd050>,32,14,[5 5],46,73,87,27,58
1,<environment.Job instance at 0x7f090f50a500>,1,14,[ 4 10],2,2,16,0,2
1,<environment.Job instance at 0x7f090fa0bd20>,2,27,[ 3 10],4,16,43,12,16
1,<environment.Job instance at 0x7f090fbe9dc0>,20,1,[6 2],31,43,44,12,32
1,<environment.Job instance at 0x7f090fbe9eb0>,21,19,[ 3 10],32,44,63,12,40
1,<environment.Job instance at 0x7f090fbd29b0>,34,13,[5 6],46,75,88,29,75
1,<environment.Job instance at 0x7f090fbd25f0>,36,17,[5 7],48,88,105,40,77
1,<environment.Job instance at 0x7f0955eb4410>,10,2,[9 2],16,17,19,1,17
1,<environment.Job instance at 0x7f09557c75a0>,15,18,[5 1],28,29,47,1,29
1,<environment.Job instance at 0x7f0953286460>,17,15,[7 5],30,47,62,17,33
1,<environment.Job instance at 0x7f095a660f50>,20,3,[5 7],37,37,40,0,37
1,<environment.Job instance at 0x7f0953268050>,19,12,[ 5 10],36,62,74,26,48
1,<environment.Job instance at 0x7f090f828910>,29,12,[2 8],49,74,86,25,59
1,<environment.Job instance at 0x7f090f828a50>,31,2,[10  2],54,86,88,32,73
1,<environment.Job instance at 0x7f090f8285a0>,35,13,[2 7],61,88,101,27,73
1,<environment.Job instance at 0x7f09559768c0>,6,14,[ 1 10],8,8,22,0,8
1,<environment.Job instance at 0x7f095a7ba730>,8,12,[1 8],11,22,34,11,11
1,<environment.Job instance at 0x7f090f9599b0>,13,14,[8 3],18,34,48,16,22
1,<environment.Job instance at 0x7f090f959e10>,14,18,[1 6],19,34,52,15,23
1,<environment.Job instance at 0x7f090f72d7d0>,23,18,[8 2],31,48,66,17,37
1,<environment.Job instance at 0x7f09559bd140>,24,13,[2 7],32,52,65,20,38
1,<environment.Job instance at 0x7f090f4d0a50>,28,12,[3 6],36,66,78,30,52
1,<environment.Job instance at 0x7f090f4d0780>,30,16,[5 7],41,78,94,37,65
1,<environment.Job instance at 0x7f095307abe0>,38,17,[2 7],53,94,111,41,85
1,<environment.Job instance at 0x7f090f3bb280>,4,28,[5 6],5,9,37,4,9
1,<environment.Job instance at 0x7f090f3bbb40>,13,14,[4 9],22,37,51,15,22
1,<environment.Job instance at 0x7f090f3bd7d0>,23,3,[4 8],39,51,54,12,39
1,<environment.Job instance at 0x7f090f3bd3c0>,19,15,[9 2],31,54,69,23,42
1,<environment.Job instance at 0x7f090f3e3550>,35,12,[ 3 10],58,69,81,11,58
1,<environment.Job instance at 0x7f090f3e35a0>,40,14,[8 5],64,81,95,17,70
1,<environment.Job instance at 0x7f090fadf0f0>,4,15,[10  2],6,6,21,0,6
1,<environment.Job instance at 0x7f090fadfa00>,5,17,[5 5],7,21,38,14,10
1,<environment.Job instance at 0x7f0953332690>,15,12,[1 6],21,38,50,17,24
1,<environment.Job instance at 0x7f090f4c3460>,19,14,[5 7],26,50,64,24,37
1,<environment.Job instance at 0x7f095337c8c0>,32,17,[6 2],48,67,84,19,67
1,<environment.Job instance at 0x7f0955d22e60>,35,19,[6 5],51,84,103,33,76
1,<environment.Job instance at 0x7f090f65f460>,3,12,[5 5],5,5,17,0,5
1,<environment.Job instance at 0x7f095302abe0>,6,19,[10  2],8,17,36,9,13
1,<environment.Job instance at 0x7f095301c9b0>,16,3,[8 2],20,36,39,16,21
1,<environment.Job instance at 0x7f095356d320>,21,13,[5 1],30,39,52,9,32
1,<environment.Job instance at 0x7f0953361b40>,25,24,[2 5],34,36,60,2,35
1,<environment.Job instance at 0x7f095337e230>,29,27,[8 1],41,52,79,11,50
1,<environment.Job instance at 0x7f095321fb90>,38,15,[3 8],54,79,94,25,65
1,<environment.Job instance at 0x7f090f8a9d70>,23,18,[10  4],32,94,112,62,84
1,<environment.Job instance at 0x7f0955a2cc80>,0,16,[5 9],3,3,19,0,3
1,<environment.Job instance at 0x7f09531382d0>,2,18,[ 5 10],8,19,37,11,10
1,<environment.Job instance at 0x7f095301ddc0>,20,14,[1 8],34,37,51,3,36
1,<environment.Job instance at 0x7f095304c320>,27,15,[7 5],42,51,66,9,42
1,<environment.Job instance at 0x7f095302f6e0>,31,24,[4 9],47,66,90,19,61
1,<environment.Job instance at 0x7f0955969780>,2,17,[7 3],4,4,21,0,4
1,<environment.Job instance at 0x7f0955969320>,8,22,[7 4],13,21,43,8,14
1,<environment.Job instance at 0x7f09535750f0>,20,18,[8 2],28,43,61,15,37
1,<environment.Job instance at 0x7f0953575b90>,24,16,[7 3],33,61,77,28,50
1,<environment.Job instance at 0x7f0953572780>,28,16,[6 5],38,77,93,39,64
1,<environment.Job instance at 0x7f09535720a0>,29,23,[2 9],40,93,116,53,87
1,<environment.Job instance at 0x7f0955e2f4b0>,2,26,[3 7],3,4,30,1,4
1,<environment.Job instance at 0x7f090f309230>,11,2,[8 4],20,30,32,10,20
1,<environment.Job instance at 0x7f0955b3ee60>,8,18,[7 2],16,32,50,16,22
1,<environment.Job instance at 0x7f090f280aa0>,22,18,[6 1],39,50,68,11,42
1,<environment.Job instance at 0x7f090fac4410>,29,13,[4 5],50,51,64,1,51
1,<environment.Job instance at 0x7f090f280500>,24,18,[2 9],41,73,91,32,73
1,<environment.Job instance at 0x7f090f2c99b0>,3,16,[5 7],4,4,20,0,4
1,<environment.Job instance at 0x7f0955992140>,13,13,[7 5],19,20,33,1,19
1,<environment.Job instance at 0x7f09557c72d0>,15,3,[1 7],22,33,36,11,25
1,<environment.Job instance at 0x7f09530a5c30>,18,16,[9 4],26,36,52,10,30
1,<environment.Job instance at 0x7f090f96e230>,27,13,[ 2 10],38,52,65,14,38
1,<environment.Job instance at 0x7f095305e820>,33,2,[2 8],46,65,67,19,54
1,<environment.Job instance at 0x7f095305ed70>,32,13,[7 1],45,65,78,20,55
1,<environment.Job instance at 0x7f090f822640>,40,13,[5 7],54,78,91,24,63
1,<environment.Job instance at 0x7f09530f5320>,46,12,[5 4],60,91,103,31,77
1,<environment.Job instance at 0x7f090fb58460>,0,15,[8 1],1,2,17,1,2
1,<environment.Job instance at 0x7f09535b9e10>,7,13,[3 6],11,17,30,6,12
1,<environment.Job instance at 0x7f095358e870>,8,18,[7 5],14,30,48,16,21
1,<environment.Job instance at 0x7f0955bd5140>,18,3,[1 6],28,48,51,20,35
1,<environment.Job instance at 0x7f0955bc9b40>,25,13,[5 5],38,51,64,13,39
1,<environment.Job instance at 0x7f0955bc1fa0>,30,12,[5 9],47,64,76,17,48
1,<environment.Job instance at 0x7f0955bacb40>,42,17,[2 8],62,76,93,14,64
1,<environment.Job instance at 0x7f0953071730>,46,15,[3 8],70,93,108,23,80
1,<environment.Job instance at 0x7f0955b6cc80>,53,18,[7 1],77,88,106,11,88
1,<environment.Job instance at 0x7f0953528370>,0,18,[8 2],1,2,20,1,2
1,<environment.Job instance at 0x7f0953528910>,5,14,[5 8],6,20,34,14,6
1,<environment.Job instance at 0x7f0955bdf2d0>,19,14,[4 8],23,34,48,11,26
1,<environment.Job instance at 0x7f0953126f00>,23,16,[6 4],30,48,64,18,35
1,<environment.Job instance at 0x7f0953126280>,34,15,[5 6],42,64,79,22,61
1,<environment.Job instance at 0x7f09559dde10>,40,16,[6 3],48,79,95,31,76
1,<environment.Job instance at 0x7f09536ea5a0>,4,14,[6 3],8,8,22,0,8
1,<environment.Job instance at 0x7f090f51ef00>,7,18,[7 3],12,22,40,10,12
1,<environment.Job instance at 0x7f0953143d70>,24,14,[3 5],37,37,51,0,37
1,<environment.Job instance at 0x7f090f784b90>,32,15,[3 5],47,52,67,5,52
1,<environment.Job instance at 0x7f090f784320>,33,16,[5 5],48,52,68,4,52
1,<environment.Job instance at 0x7f090f784eb0>,35,13,[2 7],50,68,81,18,54
1,<environment.Job instance at 0x7f090f797dc0>,47,19,[6 5],69,85,104,16,85
1,<environment.Job instance at 0x7f0955983fa0>,0,17,[10  2],1,1,18,0,1
1,<environment.Job instance at 0x7f090f566d20>,9,25,[8 1],18,18,43,0,18
1,<environment.Job instance at 0x7f09530fe3c0>,15,3,[7 5],26,43,46,17,33
1,<environment.Job instance at 0x7f0955c420f0>,17,2,[4 6],28,46,48,18,35
1,<environment.Job instance at 0x7f090f47fb40>,13,21,[3 8],24,48,69,24,45
1,<environment.Job instance at 0x7f0955c3d730>,24,1,[ 2 10],37,69,70,32,48
1,<environment.Job instance at 0x7f0955c3d370>,23,3,[5 8],36,70,73,34,51
1,<environment.Job instance at 0x7f0955c3dd70>,29,1,[5 5],44,73,74,29,59
1,<environment.Job instance at 0x7f0955c3d0a0>,30,13,[6 2],45,74,87,29,59
1,<environment.Job instance at 0x7f0955c45af0>,33,2,[3 6],49,74,76,25,65
1,<environment.Job instance at 0x7f0955c45b90>,35,1,[7 5],51,87,88,36,65
1,<environment.Job instance at 0x7f0955c3da50>,32,2,[7 4],48,88,90,40,67
1,<environment.Job instance at 0x7f0955c455a0>,37,17,[8 4],53,90,107,37,80
1,<environment.Job instance at 0x7f0955c45370>,40,3,[7 2],56,107,110,51,84
1,<environment.Job instance at 0x7f0955c28960>,1,14,[4 8],2,2,16,0,2
1,<environment.Job instance at 0x7f0955a25960>,2,13,[4 8],3,16,29,13,3
1,<environment.Job instance at 0x7f095a7b3370>,9,13,[5 4],14,29,42,15,14
1,<environment.Job instance at 0x7f0953572b40>,13,3,[5 1],19,20,23,1,20
1,<environment.Job instance at 0x7f0953572690>,18,1,[5 6],29,29,30,0,29
1,<environment.Job instance at 0x7f095a247af0>,19,12,[6 3],30,42,54,12,31
1,<environment.Job instance at 0x7f095a247730>,21,26,[8 2],32,54,80,22,52
1,<environment.Job instance at 0x7f090f727dc0>,8,22,[5 1],13,17,39,4,17
1,<environment.Job instance at 0x7f09558825f0>,16,3,[9 2],21,39,42,18,25
1,<environment.Job instance at 0x7f0955d77730>,17,18,[8 4],23,42,60,19,31
1,<environment.Job instance at 0x7f090fb82190>,30,1,[2 6],40,45,46,5,45
1,<environment.Job instance at 0x7f09531b50f0>,21,17,[5 2],27,60,77,33,59
1,<environment.Job instance at 0x7f090fb82dc0>,34,1,[8 2],48,77,78,29,60
1,<environment.Job instance at 0x7f09536b7cd0>,27,17,[8 2],36,78,95,42,66
1,<environment.Job instance at 0x7f0953544e60>,41,19,[2 5],58,72,91,14,72
1,<environment.Job instance at 0x7f19c5c2c0a0>,2,14,[5 5],5,5,19,0,5
1,<environment.Job instance at 0x7f19c5cb5dc0>,4,17,[2 8],8,19,36,11,8
1,<environment.Job instance at 0x7f19be81cb40>,17,15,[7 5],23,36,51,13,29
1,<environment.Job instance at 0x7f19be8200a0>,21,14,[6 2],28,51,65,23,39
1,<environment.Job instance at 0x7f19be820320>,23,15,[7 4],30,65,80,35,52
1,<environment.Job instance at 0x7f19be820e60>,32,17,[7 2],45,80,97,35,73
1,<environment.Job instance at 0x7f19be81d230>,37,28,[8 2],53,97,125,44,97
1,<environment.Job instance at 0x7f19c5da7370>,11,15,[5 4],17,17,32,0,17
1,<environment.Job instance at 0x7f19c5da2410>,13,13,[8 4],19,32,45,13,19
1,<environment.Job instance at 0x7f19c5d99550>,26,18,[ 5 10],37,45,63,8,37
1,<environment.Job instance at 0x7f19c5c53e10>,32,14,[8 2],46,63,77,17,48
1,<environment.Job instance at 0x7f19c5da6cd0>,48,12,[ 4 10],69,78,90,9,78
1,<environment.Job instance at 0x7f19c5da6e60>,49,12,[5 3],70,90,102,20,79
1,<environment.Job instance at 0x7f197ab0b9b0>,2,17,[3 5],3,3,20,0,3
1,<environment.Job instance at 0x7f19c5da6640>,5,13,[7 4],6,6,19,0,6
1,<environment.Job instance at 0x7f197ab0b910>,6,17,[ 2 10],8,20,37,12,8
1,<environment.Job instance at 0x7f197ab13d70>,20,15,[3 8],26,37,52,11,26
1,<environment.Job instance at 0x7f197ab10cd0>,28,2,[5 2],35,37,39,2,37
1,<environment.Job instance at 0x7f197ab17640>,14,14,[5 9],17,52,66,35,38
1,<environment.Job instance at 0x7f197aaf9af0>,37,1,[2 9],46,66,67,20,51
1,<environment.Job instance at 0x7f197aaf93c0>,39,15,[2 9],49,67,82,18,56
1,<environment.Job instance at 0x7f197ab085a0>,36,12,[5 6],45,82,94,37,66
1,<environment.Job instance at 0x7f197ab5f820>,45,18,[6 2],55,94,112,39,83
1,<environment.Job instance at 0x7f197abdc4b0>,53,20,[4 6],66,94,114,28,87
1,<environment.Job instance at 0x7f197abdc960>,55,13,[2 8],68,114,127,46,99
1,<environment.Job instance at 0x7f197abf51e0>,1,17,[4 7],3,3,20,0,3
1,<environment.Job instance at 0x7f197ac527d0>,7,19,[5 1],12,13,32,1,13
1,<environment.Job instance at 0x7f197ac520a0>,11,13,[1 8],17,20,33,3,19
1,<environment.Job instance at 0x7f197ac52fa0>,15,14,[7 3],21,33,47,12,21
1,<environment.Job instance at 0x7f197aed7050>,19,3,[7 3],27,47,50,20,28
1,<environment.Job instance at 0x7f197abdcd20>,26,14,[ 3 10],36,52,66,16,52
1,<environment.Job instance at 0x7f197abdc6e0>,30,15,[2 9],40,66,81,26,52
1,<environment.Job instance at 0x7f197afb99b0>,36,14,[9 4],50,81,95,31,68
1,<environment.Job instance at 0x7f197b137190>,41,12,[9 2],57,95,107,38,87
1,<environment.Job instance at 0x7f197b137370>,43,14,[ 4 10],62,107,121,45,95
1,<environment.Job instance at 0x7f197aedb0f0>,0,16,[7 1],1,1,17,0,1
1,<environment.Job instance at 0x7f197b1d3910>,11,13,[8 1],14,17,30,3,14
1,<environment.Job instance at 0x7f197b1d3a50>,12,13,[9 5],16,30,43,14,16
1,<environment.Job instance at 0x7f197b1c2690>,25,13,[7 1],31,43,56,12,38
1,<environment.Job instance at 0x7f197b1c2910>,29,15,[10  2],35,56,71,21,49
1,<environment.Job instance at 0x7f197b1ce230>,0,28,[ 5 10],2,7,35,5,7
1,<environment.Job instance at 0x7f19c350cc30>,8,15,[3 5],18,35,50,17,21
1,<environment.Job instance at 0x7f197ac23af0>,28,15,[7 4],45,52,67,7,52
1,<environment.Job instance at 0x7f19c350ca50>,10,17,[ 3 10],20,67,84,47,58
1,<environment.Job instance at 0x7f19be659d20>,37,25,[1 7],57,91,116,34,91
1,<environment.Job instance at 0x7f197adeaa50>,1,16,[ 3 10],2,2,18,0,2
1,<environment.Job instance at 0x7f19be5c9eb0>,7,12,[7 5],11,18,30,7,11
1,<environment.Job instance at 0x7f197add0cd0>,18,12,[1 6],26,31,43,5,31
1,<environment.Job instance at 0x7f197ac78c30>,11,27,[8 4],15,32,59,17,32
1,<environment.Job instance at 0x7f19be9302d0>,32,1,[ 5 10],44,64,65,20,64
1,<environment.Job instance at 0x7f19be9308c0>,34,2,[7 3],48,65,67,17,64
1,<environment.Job instance at 0x7f19be930a00>,35,2,[5 9],51,67,69,16,64
1,<environment.Job instance at 0x7f19be930370>,31,18,[5 5],41,69,87,28,65
1,<environment.Job instance at 0x7f19c2fd4050>,37,1,[5 9],53,87,88,34,67
1,<environment.Job instance at 0x7f197aed7960>,2,17,[7 3],4,5,22,1,5
1,<environment.Job instance at 0x7f197ae9aeb0>,13,2,[8 1],18,22,24,4,18
1,<environment.Job instance at 0x7f197ae9afa0>,15,18,[4 5],21,24,42,3,21
1,<environment.Job instance at 0x7f197ae912d0>,17,2,[5 1],24,24,26,0,24
1,<environment.Job instance at 0x7f197ae91c30>,24,16,[9 2],33,47,63,14,47
1,<environment.Job instance at 0x7f197ae89460>,35,28,[8 4],49,66,94,17,66
1,<environment.Job instance at 0x7f197ae6c5a0>,46,2,[1 7],67,94,96,27,75
1,<environment.Job instance at 0x7f197b0a5550>,2,12,[2 5],3,5,17,2,5
1,<environment.Job instance at 0x7f197b0a5870>,7,21,[3 6],9,17,38,8,9
1,<environment.Job instance at 0x7f19c3008280>,31,18,[10  4],42,45,63,3,45
1,<environment.Job instance at 0x7f19be7267d0>,35,18,[5 3],46,63,81,17,55
1,<environment.Job instance at 0x7f19be5cd190>,33,24,[2 5],44,65,89,21,65
1,<environment.Job instance at 0x7f19bec2e280>,41,19,[3 8],55,89,108,34,80
1,<environment.Job instance at 0x7f19bec8ea00>,50,2,[10  4],72,108,110,36,88
1,<environment.Job instance at 0x7f19be8ba0a0>,0,16,[5 9],3,3,19,0,3
1,<environment.Job instance at 0x7f19bebdce60>,2,18,[ 5 10],8,19,37,11,8
1,<environment.Job instance at 0x7f19c5b28190>,10,12,[8 2],23,37,49,14,23
1,<environment.Job instance at 0x7f19c32e7a00>,27,15,[7 5],42,49,64,7,45
1,<environment.Job instance at 0x7f19c2de0e60>,31,24,[4 9],47,64,88,17,59
1,<environment.Job instance at 0x7f19c2efe690>,44,24,[4 8],66,88,112,22,86
1,<environment.Job instance at 0x7f19c2e73d70>,1,22,[7 4],3,4,26,1,4
1,<environment.Job instance at 0x7f197adab7d0>,13,18,[8 2],18,26,44,8,24
1,<environment.Job instance at 0x7f197adab9b0>,17,16,[7 3],23,44,60,21,31
1,<environment.Job instance at 0x7f197ada55f0>,27,16,[9 4],35,60,76,25,47
1,<environment.Job instance at 0x7f197ada5730>,32,12,[3 8],42,76,88,34,63
1,<environment.Job instance at 0x7f197adc60f0>,39,17,[10  4],53,88,105,35,80
1,<environment.Job instance at 0x7f197ac61550>,1,15,[1 7],4,5,20,1,5
1,<environment.Job instance at 0x7f19c30cc7d0>,7,1,[6 1],12,13,14,1,13
1,<environment.Job instance at 0x7f19c30cc5f0>,8,2,[10  2],13,20,22,7,13
1,<environment.Job instance at 0x7f197aedb2d0>,18,15,[8 1],32,32,47,0,32
1,<environment.Job instance at 0x7f19becdfc30>,3,14,[2 5],5,7,21,2,7
1,<environment.Job instance at 0x7f197aac60f0>,6,14,[ 5 10],12,21,35,9,12
1,<environment.Job instance at 0x7f197a9a8dc0>,24,17,[8 3],35,43,60,8,43
1,<environment.Job instance at 0x7f197a9a8be0>,31,14,[4 8],44,76,90,32,76
1,<environment.Job instance at 0x7f197a9a85f0>,33,16,[6 1],46,76,92,30,76
1,<environment.Job instance at 0x7f19be952aa0>,18,17,[10  5],25,92,109,67,82
1,<environment.Job instance at 0x7f19c2e2caa0>,37,17,[2 9],52,109,126,57,97
1,<environment.Job instance at 0x7f19c32e7460>,0,28,[8 1],3,7,35,4,7
1,<environment.Job instance at 0x7f197ac9abe0>,14,17,[2 8],22,22,39,0,22
1,<environment.Job instance at 0x7f197ac9af00>,17,18,[7 1],27,35,53,8,27
1,<environment.Job instance at 0x7f197ac9ae10>,18,15,[3 8],30,39,54,9,31
1,<environment.Job instance at 0x7f197a9771e0>,27,14,[ 2 10],41,54,68,13,41
1,<environment.Job instance at 0x7f197a978c30>,29,14,[3 7],46,68,82,22,54
1,<environment.Job instance at 0x7f19c58291e0>,36,13,[9 5],54,82,95,28,66
1,<environment.Job instance at 0x7f197a9728c0>,41,15,[1 9],61,95,110,34,85
1,<environment.Job instance at 0x7f19be872eb0>,1,19,[9 3],6,7,26,1,7
1,<environment.Job instance at 0x7f19be68ce60>,10,18,[ 3 10],17,27,45,10,27
1,<environment.Job instance at 0x7f197b1446e0>,19,1,[4 8],29,45,46,16,29
1,<environment.Job instance at 0x7f19be826550>,21,1,[3 8],32,47,48,15,47
1,<environment.Job instance at 0x7f197ab70870>,22,2,[5 3],34,48,50,14,47
1,<environment.Job instance at 0x7f197ab70460>,27,2,[2 6],41,59,61,18,59
1,<environment.Job instance at 0x7f197ab70550>,28,1,[5 5],45,61,62,16,61
1,<environment.Job instance at 0x7f197ab70640>,29,2,[10  1],46,62,64,16,61
1,<environment.Job instance at 0x7f19be68cf50>,9,26,[3 5],16,64,90,48,63
1,<environment.Job instance at 0x7f19be6015f0>,38,14,[9 2],56,90,104,34,78
1,<environment.Job instance at 0x7f19be597af0>,44,2,[10  1],66,104,106,38,93
1,<environment.Job instance at 0x7f19c2fdb910>,1,28,[2 5],2,2,30,0,2
1,<environment.Job instance at 0x7f197a822c30>,7,19,[6 5],9,9,28,0,9
1,<environment.Job instance at 0x7f197a822370>,10,14,[2 7],14,30,44,16,26
1,<environment.Job instance at 0x7f197a95a5a0>,28,1,[3 6],44,49,50,5,49
1,<environment.Job instance at 0x7f197a86f280>,34,13,[4 6],52,74,87,22,74
1,<environment.Job instance at 0x7f197a86f0a0>,35,21,[3 8],54,87,108,33,80
1,<environment.Job instance at 0x7f197a86f1e0>,41,15,[8 2],61,108,123,47,95
1,<environment.Job instance at 0x7f19c3545140>,0,13,[7 1],1,1,14,0,1
1,<environment.Job instance at 0x7f19bebc8a50>,2,14,[5 9],3,14,28,11,3
1,<environment.Job instance at 0x7f197ad388c0>,8,14,[7 5],9,28,42,19,13
1,<environment.Job instance at 0x7f197ad2d140>,22,14,[2 7],26,42,56,16,27
1,<environment.Job instance at 0x7f197ade2aa0>,29,15,[7 2],38,53,68,15,53
1,<environment.Job instance at 0x7f197ad48640>,34,18,[9 3],45,68,86,23,57
1,<environment.Job instance at 0x7f19be6b1960>,54,19,[5 4],79,99,118,20,99
1,<environment.Job instance at 0x7f19bebcdeb0>,0,16,[7 3],2,2,18,0,2
1,<environment.Job instance at 0x7f19c5c50dc0>,16,22,[5 1],23,23,45,0,23
1,<environment.Job instance at 0x7f19c300d460>,19,16,[10  2],26,45,61,19,32
1,<environment.Job instance at 0x7f197ab4a6e0>,32,15,[3 9],41,61,76,20,48
1,<environment.Job instance at 0x7f197a95d370>,40,15,[9 5],55,76,91,21,62
1,<environment.Job instance at 0x7f197a89c370>,46,15,[5 5],63,91,106,28,77
1,<environment.Job instance at 0x7f197b0360f0>,53,18,[6 3],77,106,124,29,99
1,<environment.Job instance at 0x7f19c32f8e60>,1,15,[3 8],4,4,19,0,4
1,<environment.Job instance at 0x7f19bea26140>,10,28,[5 8],16,20,48,4,20
1,<environment.Job instance at 0x7f197af68cd0>,19,13,[ 4 10],30,48,61,18,32
1,<environment.Job instance at 0x7f197abb4690>,25,18,[5 5],41,61,79,20,55
1,<environment.Job instance at 0x7f197af730a0>,29,24,[2 6],45,79,103,34,74
1,<environment.Job instance at 0x7f197abbb820>,43,14,[5 5],65,103,117,38,96
1,<environment.Job instance at 0x7f19beafb280>,7,3,[1 8],13,13,16,0,13
1,<environment.Job instance at 0x7f19beafbdc0>,8,18,[5 7],14,16,34,2,16
1,<environment.Job instance at 0x7f197b13c640>,18,12,[8 5],28,34,46,6,33
1,<environment.Job instance at 0x7f197b13c2d0>,19,14,[7 4],29,46,60,17,40
1,<environment.Job instance at 0x7f197acde550>,38,19,[6 4],59,72,91,13,72
1,<environment.Job instance at 0x7f197acdeb90>,40,13,[9 1],63,91,104,28,77
1,<environment.Job instance at 0x7ff3d9952f00>,1,15,[ 4 10],4,4,19,0,4
1,<environment.Job instance at 0x7ff3d2543190>,5,14,[8 5],9,19,33,10,9
1,<environment.Job instance at 0x7ff3d2543550>,6,18,[8 4],10,33,51,23,24
1,<environment.Job instance at 0x7ff3d2544460>,24,18,[4 5],31,52,70,21,52
1,<environment.Job instance at 0x7ff3d25444b0>,26,15,[6 3],35,52,67,17,52
1,<environment.Job instance at 0x7ff3d25447d0>,27,12,[5 5],36,67,79,31,52
1,<environment.Job instance at 0x7ff3d25448c0>,32,17,[7 2],45,79,96,34,68
1,<environment.Job instance at 0x7ff3d2547550>,38,16,[4 8],54,96,112,42,84
1,<environment.Job instance at 0x7ff3d9ac9dc0>,5,13,[8 4],9,9,22,0,9
1,<environment.Job instance at 0x7ff3d9ac9a50>,7,18,[4 5],11,22,40,11,12
1,<environment.Job instance at 0x7ff3d9ac7be0>,14,2,[2 5],21,21,23,0,21
1,<environment.Job instance at 0x7ff3d9ac4140>,17,3,[ 3 10],26,40,43,14,27
1,<environment.Job instance at 0x7ff3d9ac41e0>,16,13,[9 1],25,43,56,18,27
1,<environment.Job instance at 0x7ff3d9abad20>,24,14,[8 2],36,56,70,20,41
1,<environment.Job instance at 0x7ff3d997a1e0>,38,24,[6 3],57,70,94,13,65
1,<environment.Job instance at 0x7ff3d997a690>,44,16,[3 5],63,75,91,12,75
1,<environment.Job instance at 0x7ff3d9ace2d0>,52,17,[5 3],73,94,111,21,90
1,<environment.Job instance at 0x7ff3d9ace8c0>,57,18,[ 1 10],81,111,129,30,100
1,<environment.Job instance at 0x7ff38e821690>,9,14,[5 8],12,12,26,0,12
1,<environment.Job instance at 0x7ff38e93ed70>,13,14,[5 6],17,26,40,9,17
1,<environment.Job instance at 0x7ff38e93ecd0>,14,18,[ 5 10],18,40,58,22,30
1,<environment.Job instance at 0x7ff38e8f6af0>,30,14,[3 5],37,58,72,21,43
1,<environment.Job instance at 0x7ff38e93d500>,40,16,[1 6],52,72,88,20,64
1,<environment.Job instance at 0x7ff38e93de10>,41,18,[6 2],53,64,82,11,64
1,<environment.Job instance at 0x7ff38e93daf0>,49,12,[5 6],65,88,100,23,78
1,<environment.Job instance at 0x7ff38eb151e0>,1,18,[3 9],3,3,21,0,3
1,<environment.Job instance at 0x7ff38e9c4640>,12,1,[1 8],17,21,22,4,17
1,<environment.Job instance at 0x7ff38e9c4690>,8,15,[2 9],10,22,37,12,20
1,<environment.Job instance at 0x7ff38ecd1190>,15,13,[5 8],22,37,50,15,23
1,<environment.Job instance at 0x7ff38ed54d20>,23,16,[1 6],35,50,66,15,40
1,<environment.Job instance at 0x7ff38ea003c0>,30,16,[1 6],44,66,82,22,59
1,<environment.Job instance at 0x7ff38ea00730>,32,3,[ 3 10],48,82,85,34,59
1,<environment.Job instance at 0x7ff38ea00b40>,27,18,[8 2],40,59,77,19,59
1,<environment.Job instance at 0x7ff38e8377d0>,38,15,[6 4],57,85,100,28,83
1,<environment.Job instance at 0x7ff38e837aa0>,40,1,[6 2],61,100,101,39,85
1,<environment.Job instance at 0x7ff38e837960>,39,28,[4 7],58,101,129,43,101
1,<environment.Job instance at 0x7ff38ec3a9b0>,6,12,[5 5],9,9,21,0,9
1,<environment.Job instance at 0x7ff38ec3af00>,13,18,[8 3],20,23,41,3,23
1,<environment.Job instance at 0x7ff38ec404b0>,21,15,[9 3],36,41,56,5,37
1,<environment.Job instance at 0x7ff38ec40b90>,24,15,[7 5],40,56,71,16,43
1,<environment.Job instance at 0x7ff38ec2b140>,28,18,[7 3],48,71,89,23,60
1,<environment.Job instance at 0x7ff38ec48460>,44,26,[2 9],74,89,115,15,87
1,<environment.Job instance at 0x7ff38ec48780>,2,18,[10  1],5,6,24,1,6
1,<environment.Job instance at 0x7ff38ebd6d20>,15,18,[8 2],21,28,46,7,28
1,<environment.Job instance at 0x7ff3d51d3550>,19,18,[8 4],25,46,64,21,38
1,<environment.Job instance at 0x7ff38e9c4b40>,29,18,[ 3 10],42,64,82,22,53
1,<environment.Job instance at 0x7ff3d5265410>,45,18,[1 8],64,97,115,33,97
1,<environment.Job instance at 0x7ff38eb113c0>,0,15,[9 2],1,2,17,1,2
1,<environment.Job instance at 0x7ff3d50c9e60>,8,15,[2 8],13,17,32,4,13
1,<environment.Job instance at 0x7ff3d50c9d20>,9,16,[4 8],16,32,48,16,22
1,<environment.Job instance at 0x7ff3d4bf4f00>,21,14,[8 5],34,48,62,14,34
1,<environment.Job instance at 0x7ff3d2621b40>,26,15,[5 8],42,62,77,20,49
1,<environment.Job instance at 0x7ff3d25f6fa0>,36,1,[2 5],55,61,62,6,61
1,<environment.Job instance at 0x7ff3d505db90>,46,2,[6 4],69,77,79,8,69
1,<environment.Job instance at 0x7ff3d4fe2190>,52,14,[9 1],77,79,93,2,78
1,<environment.Job instance at 0x7ff38e999be0>,59,14,[5 7],86,93,107,7,91
1,<environment.Job instance at 0x7ff3d5221870>,54,14,[9 4],80,107,121,27,95
1,<environment.Job instance at 0x7ff3d2698640>,61,2,[4 6],91,121,123,30,109
1,<environment.Job instance at 0x7ff3d260a320>,3,17,[6 5],4,4,21,0,4
1,<environment.Job instance at 0x7ff38e6b5a50>,4,14,[5 6],5,21,35,16,7
1,<environment.Job instance at 0x7ff38e6b8370>,14,1,[ 1 10],21,35,36,14,22
1,<environment.Job instance at 0x7ff38e6b5be0>,6,21,[6 4],7,36,57,29,33
1,<environment.Job instance at 0x7ff38e6b8b40>,21,12,[5 9],31,57,69,26,44
1,<environment.Job instance at 0x7ff38e6ba960>,32,12,[5 5],45,69,81,24,53
1,<environment.Job instance at 0x7ff38e6bcb90>,49,17,[6 5],69,105,122,36,105
1,<environment.Job instance at 0x7ff38e6bcbe0>,1,18,[5 8],5,5,23,0,5
1,<environment.Job instance at 0x7ff3d242eb40>,6,17,[5 2],14,14,31,0,14
1,<environment.Job instance at 0x7ff3d236ed70>,13,1,[5 9],25,31,32,6,25
1,<environment.Job instance at 0x7ff3d4ee4a50>,15,15,[8 2],30,32,47,2,30
1,<environment.Job instance at 0x7ff3d2860af0>,18,3,[1 5],34,34,37,0,34
1,<environment.Job instance at 0x7ff38e7e3910>,19,2,[3 9],35,47,49,12,35
1,<environment.Job instance at 0x7ff3d50328c0>,20,14,[1 8],38,49,63,11,39
1,<environment.Job instance at 0x7ff3d29e64b0>,23,28,[7 1],44,47,75,3,47
1,<environment.Job instance at 0x7ff3d29e6280>,26,2,[4 5],47,75,77,28,56
1,<environment.Job instance at 0x7ff3d4ee2c30>,30,3,[5 6],52,77,80,25,61
1,<environment.Job instance at 0x7ff3d2608e10>,34,2,[1 5],56,65,67,9,65
1,<environment.Job instance at 0x7ff3d99da500>,35,16,[7 1],58,80,96,22,70
1,<environment.Job instance at 0x7ff3d4ee2410>,31,27,[5 8],53,96,123,43,95
1,<environment.Job instance at 0x7ff3d23e3a00>,47,13,[5 5],74,123,136,49,108
1,<environment.Job instance at 0x7ff38ee25d70>,42,2,[4 5],66,123,125,57,109
1,<environment.Job instance at 0x7ff3d23e3b90>,51,2,[8 3],81,136,138,55,109
1,<environment.Job instance at 0x7ff3d5134b40>,7,13,[1 8],12,13,26,1,13
1,<environment.Job instance at 0x7ff3d296acd0>,9,14,[9 1],14,15,29,1,15
1,<environment.Job instance at 0x7ff3d24e76e0>,22,15,[10  4],30,42,57,12,42
1,<environment.Job instance at 0x7ff3d29f5fa0>,24,16,[7 3],33,57,73,24,45
1,<environment.Job instance at 0x7ff38ed03550>,34,16,[9 4],45,73,89,28,72
1,<environment.Job instance at 0x7ff3d4f7a1e0>,37,14,[5 8],49,89,103,40,75
1,<environment.Job instance at 0x7ff3d23fcbe0>,43,12,[8 2],59,103,115,44,94
1,<environment.Job instance at 0x7ff3d23fc690>,47,13,[ 2 10],65,115,128,50,105
1,<environment.Job instance at 0x7ff3d23fca50>,1,15,[1 7],4,4,19,0,4
1,<environment.Job instance at 0x7ff3d4fe2cd0>,2,12,[4 7],5,19,31,14,11
1,<environment.Job instance at 0x7ff38e8aa640>,8,2,[10  2],13,31,33,18,13
1,<environment.Job instance at 0x7ff38e8aab90>,14,12,[4 7],26,33,45,7,32
1,<environment.Job instance at 0x7ff38e8c9550>,20,18,[4 9],35,45,63,10,39
1,<environment.Job instance at 0x7ff38e8c44b0>,40,16,[4 8],61,84,100,23,84
1,<environment.Job instance at 0x7ff38e8c4c30>,43,15,[8 3],66,100,115,34,88
1,<environment.Job instance at 0x7ff38e8ca280>,48,16,[5 7],74,115,131,41,107
1,<environment.Job instance at 0x7ff38e88be60>,0,14,[ 5 10],2,2,16,0,2
1,<environment.Job instance at 0x7ff3d279ad20>,3,13,[7 1],5,16,29,11,5
1,<environment.Job instance at 0x7ff3d22c3d70>,10,17,[7 3],13,29,46,16,17
1,<environment.Job instance at 0x7ff3d2433b40>,27,16,[6 1],36,46,62,10,40
1,<environment.Job instance at 0x7ff3d4c5b230>,31,17,[2 9],42,46,63,4,44
1,<environment.Job instance at 0x7ff3d2a42320>,1,17,[2 8],2,2,19,0,2
1,<environment.Job instance at 0x7ff3d2679780>,13,3,[4 9],20,20,23,0,20
1,<environment.Job instance at 0x7ff3d4f57410>,6,3,[5 2],11,23,26,12,21
1,<environment.Job instance at 0x7ff3d2679410>,14,14,[ 2 10],21,26,40,5,24
1,<environment.Job instance at 0x7ff3d4f68cd0>,22,15,[ 5 10],33,40,55,7,36
1,<environment.Job instance at 0x7ff3d4f689b0>,24,15,[10  2],35,55,70,20,42
1,<environment.Job instance at 0x7ff3d4f68140>,26,1,[2 7],39,70,71,31,51
1,<environment.Job instance at 0x7ff38e6d4aa0>,2,22,[10  4],5,71,93,66,64
1,<environment.Job instance at 0x7ff3d4bd25f0>,39,14,[4 8],53,93,107,40,82
1,<environment.Job instance at 0x7ff3d4bd2870>,46,14,[8 3],63,107,121,44,92
1,<environment.Job instance at 0x7ff38ee7c140>,9,16,[3 6],17,18,34,1,18
1,<environment.Job instance at 0x7ff38eeef320>,16,1,[6 4],25,29,30,4,29
1,<environment.Job instance at 0x7ff38ee69a50>,13,18,[7 3],22,33,51,11,33
1,<environment.Job instance at 0x7ff38ee580f0>,20,14,[5 3],32,51,65,19,36
1,<environment.Job instance at 0x7ff38eed4e60>,30,14,[3 5],47,54,68,7,54
1,<environment.Job instance at 0x7ff3d2947640>,36,3,[5 8],55,68,71,13,58
1,<environment.Job instance at 0x7ff38e7ea140>,34,27,[7 5],52,71,98,19,69
1,<environment.Job instance at 0x7ff38eb53eb0>,50,3,[7 2],75,98,101,23,96
1,<environment.Job instance at 0x7ff38eb53230>,52,13,[10  2],78,101,114,23,96
1,<environment.Job instance at 0x7ff38eb53aa0>,1,14,[1 8],3,3,17,0,3
1,<environment.Job instance at 0x7ff38ea49d70>,6,14,[9 2],9,11,25,2,11
1,<environment.Job instance at 0x7ff3d4b865f0>,13,2,[4 6],18,25,27,7,18
1,<environment.Job instance at 0x7ff3d260b960>,14,24,[1 6],19,27,51,8,22
1,<environment.Job instance at 0x7ff38ee6f820>,15,15,[8 2],21,27,42,6,25
1,<environment.Job instance at 0x7ff38e97b0a0>,18,2,[5 1],25,25,27,0,25
1,<environment.Job instance at 0x7ff3d24d2d70>,19,3,[5 8],26,51,54,25,27
1,<environment.Job instance at 0x7ff3d2552500>,30,14,[3 9],40,54,68,14,47
1,<environment.Job instance at 0x7ff3d2552d70>,34,12,[1 6],44,68,80,24,52
1,<environment.Job instance at 0x7ff3d2552550>,37,13,[3 7],47,80,93,33,69
1,<environment.Job instance at 0x7ff3d4b7a3c0>,46,13,[7 1],61,93,106,32,93
1,<environment.Job instance at 0x7ff3d4b7ad20>,48,14,[5 9],63,106,120,43,98
1,<environment.Job instance at 0x7ff38e52bd20>,1,26,[8 2],2,4,30,2,4
1,<environment.Job instance at 0x7ff38e81bcd0>,13,12,[8 2],20,30,42,10,20
1,<environment.Job instance at 0x7ff38e81b230>,15,15,[2 5],25,26,41,1,26
1,<environment.Job instance at 0x7ff38e5238c0>,29,17,[10  5],43,43,60,0,43
1,<environment.Job instance at 0x7ff38e523a00>,30,25,[4 6],46,60,85,14,56
1,<environment.Job instance at 0x7ff38e544190>,34,16,[7 3],52,85,101,33,73
1,<environment.Job instance at 0x7ff38e5447d0>,44,1,[6 4],63,101,102,38,85
1,<environment.Job instance at 0x7ff38e544460>,47,2,[ 2 10],68,102,104,34,87
1,<environment.Job instance at 0x7ff38e5442d0>,43,27,[8 2],62,104,131,42,104
1,<environment.Job instance at 0x7ff38e52a5a0>,1,18,[9 2],2,8,26,6,8
1,<environment.Job instance at 0x7ff38eeed730>,7,12,[5 7],12,26,38,14,12
1,<environment.Job instance at 0x7ff3d4f53870>,23,3,[6 2],37,38,41,1,37
1,<environment.Job instance at 0x7ff38e999c30>,32,2,[1 6],51,59,61,8,59
1,<environment.Job instance at 0x7ff3d4ef9410>,38,13,[6 5],58,67,80,9,67
1,<environment.Job instance at 0x7ff38e9a9230>,40,3,[5 1],60,80,83,20,68
1,<environment.Job instance at 0x7ff3d4ef9a00>,39,18,[4 7],59,80,98,21,73
1,<environment.Job instance at 0x7ff3d4efc640>,44,13,[5 3],69,87,100,18,87
1,<environment.Job instance at 0x7ff3d4efceb0>,46,18,[2 5],71,98,116,27,87
1,<environment.Job instance at 0x7ff38ed0c690>,51,18,[5 5],81,102,120,21,102
1,<environment.Job instance at 0x7ff38e520550>,2,12,[4 7],6,7,19,1,7
1,<environment.Job instance at 0x7ff3d25b65a0>,4,25,[4 5],11,20,45,9,20
1,<environment.Job instance at 0x7ff3d26ea0a0>,16,1,[5 7],24,45,46,21,26
1,<environment.Job instance at 0x7ff3d26eab40>,18,13,[8 1],26,46,59,20,32
1,<environment.Job instance at 0x7ff38ed59dc0>,25,15,[9 4],35,62,77,27,62
1,<environment.Job instance at 0x7ff38ed59280>,27,15,[5 3],38,77,92,39,71
1,<environment.Job instance at 0x7ff38ed59e10>,31,18,[5 7],44,77,95,33,73
1,<environment.Job instance at 0x7ff38eb0eb90>,36,18,[6 3],50,97,115,47,97
1,<environment.Job instance at 0x7ff3d4fe15a0>,2,12,[9 1],4,4,16,0,4
1,<environment.Job instance at 0x7ff3d4c60960>,4,15,[4 8],7,20,35,13,20
1,<environment.Job instance at 0x7ff38e8bcb90>,19,12,[5 7],34,42,54,8,42
1,<environment.Job instance at 0x7ff38e8bccd0>,25,16,[2 5],43,61,77,18,61
1,<environment.Job instance at 0x7ff38e8bc780>,27,16,[5 3],45,61,77,16,61
1,<environment.Job instance at 0x7ff38e8bc460>,28,14,[5 9],47,77,91,30,62
1,<environment.Job instance at 0x7ff3d4ce62d0>,37,16,[7 4],58,91,107,33,79
1,<environment.Job instance at 0x7ff3d50c5730>,11,14,[ 1 10],16,107,121,91,97
1,<environment.Job instance at 0x7ff3d27ddaa0>,5,16,[7 3],10,10,26,0,10
1,<environment.Job instance at 0x7ff3d4d57d20>,11,3,[9 1],17,26,29,9,18
1,<environment.Job instance at 0x7ff38e50e550>,14,2,[5 2],20,29,31,9,20
1,<environment.Job instance at 0x7ff3d4d574b0>,10,17,[7 5],16,31,48,15,20
1,<environment.Job instance at 0x7ff38eaba690>,21,20,[1 5],31,45,65,14,45
1,<environment.Job instance at 0x7ff38eabacd0>,24,1,[4 7],36,65,66,29,51
1,<environment.Job instance at 0x7ff38eaba960>,23,15,[4 9],34,66,81,32,52
1,<environment.Job instance at 0x7ff3d4d2fc30>,41,16,[7 2],62,81,97,19,79
1,<environment.Job instance at 0x7f22ced3a0a0>,2,14,[5 5],5,5,19,0,5
1,<environment.Job instance at 0x7f22cedc3780>,4,17,[2 8],8,19,36,11,8
1,<environment.Job instance at 0x7f22c792aa50>,17,15,[7 5],23,38,53,15,38
1,<environment.Job instance at 0x7f22c792aeb0>,18,16,[5 6],24,53,69,29,40
1,<environment.Job instance at 0x7f22c792c4b0>,26,15,[6 3],35,69,84,34,56
1,<environment.Job instance at 0x7f22c792c190>,24,18,[4 5],31,69,87,38,61
1,<environment.Job instance at 0x7f22c792ccd0>,32,17,[7 2],45,87,104,42,75
1,<environment.Job instance at 0x7f22c792ca00>,34,12,[7 4],48,104,116,56,87
1,<environment.Job instance at 0x7f22c792f0f0>,2,17,[1 7],3,4,21,1,4
1,<environment.Job instance at 0x7f22ceeb5370>,9,13,[9 1],15,15,28,0,15
1,<environment.Job instance at 0x7f22ced61780>,37,16,[3 5],53,69,85,16,69
1,<environment.Job instance at 0x7f22ced61c80>,38,14,[5 3],54,70,84,16,70
1,<environment.Job instance at 0x7f22ced61f50>,48,13,[3 5],66,85,98,19,85
1,<environment.Job instance at 0x7f22ceeae9b0>,50,18,[ 1 10],71,98,116,27,89
1,<environment.Job instance at 0x7f2283b7e190>,5,1,[2 9],6,6,7,0,6
1,<environment.Job instance at 0x7f2283b7e3c0>,0,27,[ 3 10],1,9,36,8,9
1,<environment.Job instance at 0x7f2283c4c7d0>,15,14,[3 5],17,36,50,19,22
1,<environment.Job instance at 0x7f2283b8b190>,24,18,[5 3],31,46,64,15,46
1,<environment.Job instance at 0x7f2283b8b1e0>,26,18,[6 2],33,64,82,31,55
1,<environment.Job instance at 0x7f2283b8b5f0>,33,2,[2 9],44,82,84,38,64
1,<environment.Job instance at 0x7f2283b8b0a0>,35,12,[8 2],46,84,96,38,68
1,<environment.Job instance at 0x7f2283b8ba00>,25,16,[1 6],32,84,100,52,71
1,<environment.Job instance at 0x7f2283b7e9b0>,2,15,[6 4],3,105,120,102,105
1,<environment.Job instance at 0x7f2283c50190>,43,23,[2 9],58,120,143,62,114
1,<environment.Job instance at 0x7f2283c2d9b0>,53,19,[5 1],72,120,139,48,118
1,<environment.Job instance at 0x7f2283c289b0>,1,14,[ 4 10],2,2,16,0,2
1,<environment.Job instance at 0x7f2283fe9690>,7,18,[8 2],10,16,34,6,13
1,<environment.Job instance at 0x7f2283fe9230>,10,16,[1 6],14,17,33,3,17
1,<environment.Job instance at 0x7f2284131c30>,16,18,[6 4],23,34,52,11,30
1,<environment.Job instance at 0x7f2284119500>,20,1,[6 2],31,52,53,21,34
1,<environment.Job instance at 0x7f22841312d0>,19,28,[4 7],28,52,80,24,51
1,<environment.Job instance at 0x7f22840aa460>,30,2,[3 8],42,80,82,38,58
1,<environment.Job instance at 0x7f22840aa5a0>,31,1,[ 3 10],43,82,83,39,58
1,<environment.Job instance at 0x7f22840aa2d0>,36,17,[5 7],48,83,100,35,76
1,<environment.Job instance at 0x7f2283d05b40>,44,14,[5 9],59,100,114,41,96
1,<environment.Job instance at 0x7f2283d05780>,46,15,[3 8],62,114,129,52,102
1,<environment.Job instance at 0x7f2283bdb960>,3,18,[7 3],8,8,26,0,8
1,<environment.Job instance at 0x7f2283cb9a50>,4,15,[5 2],10,26,41,16,12
1,<environment.Job instance at 0x7f228402ce10>,8,12,[9 3],16,41,53,25,27
1,<environment.Job instance at 0x7f2284025550>,29,13,[9 4],49,53,66,4,53
1,<environment.Job instance at 0x7f2284025be0>,35,26,[3 9],56,67,93,11,67
1,<environment.Job instance at 0x7f22840238c0>,45,12,[1 8],71,116,128,45,116
1,<environment.Job instance at 0x7f22840238c0>,4,12,[7 2],6,6,18,0,6
1,<environment.Job instance at 0x7f22c77e5640>,8,28,[8 5],12,18,46,6,17
1,<environment.Job instance at 0x7f22ca2df230>,29,12,[6 5],39,56,68,17,56
1,<environment.Job instance at 0x7f22ca2dfaf0>,30,16,[6 2],40,68,84,28,56
1,<environment.Job instance at 0x7f22c9f14690>,47,12,[1 6],70,118,130,48,118
1,<environment.Job instance at 0x7f22c7c105f0>,4,15,[10  2],6,6,21,0,6
1,<environment.Job instance at 0x7f2283f2d410>,5,17,[5 5],7,21,38,14,9
1,<environment.Job instance at 0x7f2284091a50>,14,14,[9 4],20,38,52,18,23
1,<environment.Job instance at 0x7f22c7e55af0>,25,16,[3 5],36,52,68,16,41
1,<environment.Job instance at 0x7f22c78c8370>,32,17,[6 2],48,63,80,15,63
1,<environment.Job instance at 0x7f22c78c8d70>,34,1,[ 4 10],50,80,81,30,63
1,<environment.Job instance at 0x7f22c78c8140>,35,19,[6 5],51,81,100,30,71
1,<environment.Job instance at 0x7f22c7dd1780>,47,14,[8 2],69,103,117,34,103
1,<environment.Job instance at 0x7f22ca5e3e60>,53,1,[1 7],77,113,114,36,113
1,<environment.Job instance at 0x7f22ca5e3fa0>,56,12,[5 9],81,119,131,38,119
1,<environment.Job instance at 0x7f22ca29ab90>,59,3,[5 4],84,131,134,47,119
1,<environment.Job instance at 0x7f22c7903b40>,0,17,[9 5],1,1,18,0,1
1,<environment.Job instance at 0x7f22842ea690>,9,16,[6 3],13,18,34,5,16
1,<environment.Job instance at 0x7f22842eab40>,13,1,[8 4],21,34,35,13,25
1,<environment.Job instance at 0x7f22842eaf00>,17,17,[5 8],27,35,52,8,29
1,<environment.Job instance at 0x7f22842eac80>,16,15,[3 8],24,52,67,28,40
1,<environment.Job instance at 0x7f22842daf00>,33,15,[ 4 10],55,69,84,14,69
1,<environment.Job instance at 0x7f22842d53c0>,38,16,[5 9],63,84,100,21,82
1,<environment.Job instance at 0x7f22842cc0a0>,49,28,[7 1],84,100,128,16,100
1,<environment.Job instance at 0x7f22ca2291e0>,5,24,[4 8],6,9,33,3,9
1,<environment.Job instance at 0x7f2283be2e60>,13,3,[2 6],16,33,36,17,16
1,<environment.Job instance at 0x7f2283be2f00>,14,15,[ 5 10],17,36,51,19,23
1,<environment.Job instance at 0x7f2283f0bd20>,31,12,[8 3],40,51,63,11,50
1,<environment.Job instance at 0x7f2283d2bb40>,37,28,[5 4],47,66,94,19,66
1,<environment.Job instance at 0x7f2283f8f3c0>,41,18,[5 6],54,69,87,15,69
1,<environment.Job instance at 0x7f2283d1d7d0>,46,12,[5 6],59,88,100,29,88
1,<environment.Job instance at 0x7f2283a72fa0>,49,16,[7 3],63,100,116,37,88
1,<environment.Job instance at 0x7f2283b76f00>,53,16,[6 5],68,116,132,48,104
1,<environment.Job instance at 0x7f22ca066910>,2,26,[3 7],3,4,30,1,4
1,<environment.Job instance at 0x7f22c7b6a0f0>,10,13,[9 2],18,30,43,12,21
1,<environment.Job instance at 0x7f22c9fe0640>,5,14,[4 9],10,43,57,33,29
1,<environment.Job instance at 0x7f22c7bcb5a0>,19,1,[6 1],32,44,45,12,44
1,<environment.Job instance at 0x7f22ca657eb0>,25,2,[2 6],45,57,59,12,45
1,<environment.Job instance at 0x7f22c7a02aa0>,22,18,[6 1],39,45,63,6,45
1,<environment.Job instance at 0x7f2283eda5f0>,27,14,[4 5],47,59,73,12,52
1,<environment.Job instance at 0x7f22c7794230>,18,14,[5 3],31,63,77,32,62
1,<environment.Job instance at 0x7f2283eda960>,30,15,[8 1],52,81,96,29,81
1,<environment.Job instance at 0x7f22ca3eeaf0>,47,1,[4 7],76,99,100,23,99
1,<environment.Job instance at 0x7f2283ef34b0>,50,1,[1 9],79,113,114,34,113
1,<environment.Job instance at 0x7f2283ef3c80>,51,14,[1 8],80,118,132,38,118
1,<environment.Job instance at 0x7f22ca083690>,4,13,[ 2 10],8,8,21,0,8
1,<environment.Job instance at 0x7f22ca0834b0>,5,16,[4 8],10,21,37,11,10
1,<environment.Job instance at 0x7f22ca083aa0>,9,13,[7 1],15,37,50,22,25
1,<environment.Job instance at 0x7f22ca09f9b0>,25,25,[8 5],36,52,77,16,52
1,<environment.Job instance at 0x7f22ca09fcd0>,29,16,[8 3],42,77,93,35,64
1,<environment.Job instance at 0x7f22ca09c370>,37,17,[2 9],52,93,110,41,83
1,<environment.Job instance at 0x7f22ca09cb40>,44,15,[8 1],61,93,108,32,91
1,<environment.Job instance at 0x7f22ca09cd70>,48,26,[7 1],67,110,136,43,110
1,<environment.Job instance at 0x7f22ca076320>,2,22,[10  4],5,5,27,0,5
1,<environment.Job instance at 0x7f22c7947b40>,12,18,[7 1],17,27,45,10,19
1,<environment.Job instance at 0x7f22c7bb48c0>,16,14,[3 7],26,27,41,1,26
1,<environment.Job instance at 0x7f22c9ebda50>,24,15,[10  2],35,45,60,10,36
1,<environment.Job instance at 0x7f22c9ebd6e0>,27,18,[6 4],40,60,78,20,49
1,<environment.Job instance at 0x7f228408a690>,34,16,[5 1],47,78,94,31,72
1,<environment.Job instance at 0x7f228408afa0>,35,16,[4 9],48,78,94,30,72
1,<environment.Job instance at 0x7f22ca06e140>,39,14,[4 8],53,94,108,41,79
1,<environment.Job instance at 0x7f2283b72690>,44,2,[4 6],61,108,110,47,84
1,<environment.Job instance at 0x7f2283b72c30>,49,18,[6 2],67,94,112,27,93
1,<environment.Job instance at 0x7f22ca0e8140>,52,2,[4 8],70,110,112,40,104
1,<environment.Job instance at 0x7f22ca0e87d0>,54,15,[5 6],72,115,130,43,115
1,<environment.Job instance at 0x7f22c7dac820>,4,14,[6 3],8,8,22,0,8
1,<environment.Job instance at 0x7f22c7dacf50>,5,17,[7 3],9,22,39,13,10
1,<environment.Job instance at 0x7f22841e30f0>,20,16,[8 2],30,39,55,9,33
1,<environment.Job instance at 0x7f22842075f0>,25,3,[7 2],39,55,58,16,39
1,<environment.Job instance at 0x7f2284207f50>,24,14,[3 5],37,55,69,18,44
1,<environment.Job instance at 0x7f2284207c80>,28,27,[7 5],42,62,89,20,62
1,<environment.Job instance at 0x7f2283e8d640>,43,12,[10  4],64,89,101,25,81
1,<environment.Job instance at 0x7f22c79ff2d0>,38,2,[8 3],58,101,103,43,83
1,<environment.Job instance at 0x7f2283e8d2d0>,44,3,[7 2],65,103,106,38,84
1,<environment.Job instance at 0x7f22c79ffd20>,33,16,[5 5],48,106,122,58,94
1,<environment.Job instance at 0x7f22c7c2f320>,53,2,[7 5],79,122,124,43,99
1,<environment.Job instance at 0x7f22c7a9a370>,58,2,[9 2],87,124,126,37,105
1,<environment.Job instance at 0x7f22c79acd20>,2,13,[5 5],3,3,16,0,3
1,<environment.Job instance at 0x7f22c9fc7cd0>,6,13,[10  2],9,16,29,7,9
1,<environment.Job instance at 0x7f22c9fa8e60>,12,13,[9 1],16,29,42,13,18
1,<environment.Job instance at 0x7f22c9fd0410>,15,14,[3 9],20,42,56,22,30
1,<environment.Job instance at 0x7f22c7938be0>,30,12,[4 9],39,56,68,17,49
1,<environment.Job instance at 0x7f22c9f87f00>,39,14,[7 5],49,68,82,19,53
1,<environment.Job instance at 0x7f22ca49a870>,43,12,[ 3 10],55,82,94,27,72
1,<environment.Job instance at 0x7f22c7923500>,48,12,[5 6],61,94,106,33,81
1,<environment.Job instance at 0x7f22c7c70f50>,53,14,[2 7],66,106,120,40,95
1,<environment.Job instance at 0x7f22c7c90af0>,40,14,[9 5],50,120,134,70,108
1,<environment.Job instance at 0x7f2283e3d640>,10,1,[8 4],12,12,13,0,12
1,<environment.Job instance at 0x7f2284204780>,8,3,[10  5],10,17,20,7,17
1,<environment.Job instance at 0x7f22c77dffa0>,14,2,[10  5],18,20,22,2,18
1,<environment.Job instance at 0x7f22c77df550>,13,26,[2 9],17,23,49,6,23
1,<environment.Job instance at 0x7f22c7d2f0f0>,15,19,[7 5],19,49,68,30,44
1,<environment.Job instance at 0x7f22c771f5a0>,31,1,[6 5],40,68,69,28,55
1,<environment.Job instance at 0x7f2283c02cd0>,32,22,[5 1],43,69,91,26,63
1,<environment.Job instance at 0x7f228406dcd0>,38,2,[4 9],49,69,71,20,65
1,<environment.Job instance at 0x7f228406d8c0>,39,19,[5 7],50,71,90,21,68
1,<environment.Job instance at 0x7f22c792caf0>,46,2,[5 4],58,90,92,32,72
1,<environment.Job instance at 0x7f22cec364b0>,45,17,[5 2],57,91,108,34,79
1,<environment.Job instance at 0x7f22c78260f0>,51,17,[8 2],66,108,125,42,96
1,<environment.Job instance at 0x7f22ceeb4d20>,55,19,[5 8],72,125,144,53,118
1,<environment.Job instance at 0x7f2283c22780>,1,15,[3 8],4,4,19,0,4
1,<environment.Job instance at 0x7f2283a063c0>,10,28,[5 8],16,21,49,5,21
1,<environment.Job instance at 0x7f22838f9f00>,21,15,[2 6],33,49,64,16,39
1,<environment.Job instance at 0x7f22ca13e5a0>,23,1,[10  1],38,64,65,26,45
1,<environment.Job instance at 0x7f22c9f20050>,25,18,[5 5],41,65,83,24,54
1,<environment.Job instance at 0x7f22c7715b90>,31,3,[10  5],49,83,86,34,66
1,<environment.Job instance at 0x7f22c7715aa0>,34,3,[ 2 10],54,86,89,32,66
1,<environment.Job instance at 0x7f22ca2bf500>,43,14,[5 5],65,89,103,24,80
1,<environment.Job instance at 0x7f22ced621e0>,50,14,[5 8],72,103,117,31,95
1,<environment.Job instance at 0x7f22ca0591e0>,53,25,[4 5],81,117,142,36,114
1,<environment.Job instance at 0x7f2283954690>,0,26,[5 6],1,3,29,2,3
1,<environment.Job instance at 0x7f22c7e31d20>,8,16,[5 8],15,29,45,14,20
1,<environment.Job instance at 0x7f22c7e36190>,19,13,[10  5],33,45,58,12,33
1,<environment.Job instance at 0x7f22c79da410>,33,3,[1 5],54,58,61,4,54
1,<environment.Job instance at 0x7f22c7e31b40>,9,18,[3 8],16,61,79,45,57
1,<environment.Job instance at 0x7f2283a9ee10>,28,23,[8 5],46,79,102,33,74
1,<environment.Job instance at 0x7f2283a948c0>,47,20,[7 4],73,102,122,29,93
1,<environment.Job instance at 0x7f2283aa5c80>,51,2,[2 7],82,122,124,40,101
1,<environment.Job instance at 0x7f2283aa5c30>,50,18,[8 3],78,122,140,44,112
1,<environment.Job instance at 0x7f22ca3719b0>,1,25,[5 4],2,2,27,0,2
1,<environment.Job instance at 0x7f22c9f4d190>,9,17,[6 2],15,27,44,12,15
1,<environment.Job instance at 0x7f22ca384550>,14,16,[1 5],23,23,39,0,23
1,<environment.Job instance at 0x7f22c7bca140>,15,14,[7 4],25,44,58,19,35
1,<environment.Job instance at 0x7f22c7c700f0>,29,12,[5 4],49,65,77,16,65
1,<environment.Job instance at 0x7f22c9f8bb90>,34,16,[4 9],57,77,93,20,65
1,<environment.Job instance at 0x7f22ca2ffbe0>,41,3,[9 1],67,93,96,26,89
1,<environment.Job instance at 0x7f22ca2ff3c0>,42,13,[5 1],68,96,109,28,89
1,<environment.Job instance at 0x7f22ca2ffe60>,43,14,[ 4 10],69,109,123,40,98
1,<environment.Job instance at 0x7f228392a550>,52,15,[4 8],83,123,138,40,111
1,<environment.Job instance at 0x7f22ca044320>,0,14,[9 2],1,1,15,0,1
1,<environment.Job instance at 0x7f22c79f7aa0>,7,20,[ 1 10],10,15,35,5,10
1,<environment.Job instance at 0x7f2283d820a0>,14,18,[ 5 10],23,41,59,18,41
1,<environment.Job instance at 0x7f22c773c960>,29,15,[ 3 10],46,59,74,13,46
1,<environment.Job instance at 0x7f2283d199b0>,37,2,[2 5],57,74,76,17,61
1,<environment.Job instance at 0x7f2283d19be0>,38,3,[2 6],58,76,79,18,61
1,<environment.Job instance at 0x7f2283d197d0>,39,12,[4 9],60,79,91,19,62
1,<environment.Job instance at 0x7f2283d19aa0>,44,15,[3 6],67,91,106,24,77
1,<environment.Job instance at 0x7f2283d82e60>,19,17,[10  2],30,106,123,76,95
1,<environment.Job instance at 0x7f22c7ada320>,55,12,[10  5],80,123,135,43,115
1,<environment.Job instance at 0x7f22842cb3c0>,2,17,[10  2],3,3,20,0,3
1,<environment.Job instance at 0x7f22ca3f07d0>,8,13,[6 4],14,20,33,6,14
1,<environment.Job instance at 0x7f22c7d909b0>,9,18,[ 2 10],15,33,51,18,33
1,<environment.Job instance at 0x7f22c7ac69b0>,23,14,[4 7],31,51,65,20,36
1,<environment.Job instance at 0x7f22c7ab7af0>,28,16,[5 1],40,51,67,11,50
1,<environment.Job instance at 0x7f22c7ab7f50>,29,1,[1 6],42,65,66,23,50
1,<environment.Job instance at 0x7f22c7aae9b0>,34,2,[ 5 10],49,67,69,18,54
1,<environment.Job instance at 0x7f22c7ad7780>,37,2,[7 5],56,69,71,13,56
1,<environment.Job instance at 0x7f22c7ab16e0>,41,17,[5 5],60,71,88,11,64
1,<environment.Job instance at 0x7f22c7ab14b0>,43,15,[6 3],65,88,103,23,77
1,<environment.Job instance at 0x7f22c7b735f0>,25,24,[5 7],35,103,127,68,101
1,<environment.Job instance at 0x7fbe14ae92d0>,2,14,[5 5],5,5,19,0,5
1,<environment.Job instance at 0x7fbe0d6d9500>,6,18,[8 4],10,19,37,9,10
1,<environment.Job instance at 0x7fbe0d6d9e60>,17,15,[7 5],23,37,52,14,31
1,<environment.Job instance at 0x7fbe0d6dd280>,21,14,[6 2],28,52,66,24,39
1,<environment.Job instance at 0x7fbe0d6dd690>,25,16,[4 7],34,52,68,18,51
1,<environment.Job instance at 0x7fbe0d6ddf50>,33,14,[10  3],47,79,93,32,79
1,<environment.Job instance at 0x7fbe0d6ddc30>,34,12,[7 4],48,93,105,45,80
1,<environment.Job instance at 0x7fbe0d6df640>,41,18,[6 5],57,107,125,50,107
1,<environment.Job instance at 0x7fbe0d6dfcd0>,50,17,[9 2],69,126,143,57,126
1,<environment.Job instance at 0x7fbe0d6dfcd0>,2,13,[9 1],5,5,18,0,5
1,<environment.Job instance at 0x7fbe14c556e0>,4,18,[ 5 10],7,18,36,11,7
1,<environment.Job instance at 0x7fbe14c5ff50>,12,13,[5 1],19,36,49,17,20
1,<environment.Job instance at 0x7fbe14c56af0>,19,1,[7 5],31,49,50,18,31
1,<environment.Job instance at 0x7fbe14c566e0>,20,2,[5 2],32,36,38,4,33
1,<environment.Job instance at 0x7fbe14c50be0>,22,3,[6 5],34,50,53,16,34
1,<environment.Job instance at 0x7fbe14c5d190>,23,3,[9 1],35,53,56,18,35
1,<environment.Job instance at 0x7fbe14b10e60>,38,17,[5 3],53,61,78,8,61
1,<environment.Job instance at 0x7fbe14b10a00>,42,13,[10  4],57,78,91,21,63
1,<environment.Job instance at 0x7fbe14c645f0>,52,16,[2 7],72,93,109,21,93
1,<environment.Job instance at 0x7fbe14b70a50>,53,17,[3 5],73,109,126,36,97
1,<environment.Job instance at 0x7fbe14b706e0>,56,13,[7 4],76,109,122,33,97
1,<environment.Job instance at 0x7fbe14c63c80>,62,15,[9 4],84,126,141,42,116
1,<environment.Job instance at 0x7fbe14c63fa0>,65,14,[5 9],87,141,155,54,126
1,<environment.Job instance at 0x7fbe14c53730>,3,20,[4 6],6,7,27,1,7
1,<environment.Job instance at 0x7fbe0fc91960>,6,18,[5 3],11,11,29,0,11
1,<environment.Job instance at 0x7fbdc9a60410>,7,16,[1 6],12,27,43,15,16
1,<environment.Job instance at 0x7fbdc9a477d0>,8,18,[6 2],13,41,59,28,41
1,<environment.Job instance at 0x7fbdc99eb640>,34,14,[1 6],51,72,86,21,72
1,<environment.Job instance at 0x7fbdc9973870>,39,13,[1 8],57,86,99,29,84
1,<environment.Job instance at 0x7fbdc9973500>,40,13,[4 6],58,99,112,41,84
1,<environment.Job instance at 0x7fbdc9973eb0>,43,14,[7 3],61,112,126,51,97
1,<environment.Job instance at 0x7fbdc99efa00>,48,15,[5 5],68,126,141,58,112
1,<environment.Job instance at 0x7fbe0d713820>,1,19,[ 3 10],2,3,22,1,3
1,<environment.Job instance at 0x7fbe0d730910>,8,16,[8 2],10,22,38,12,11
1,<environment.Job instance at 0x7fbe0d764320>,21,13,[9 5],26,38,51,12,26
1,<environment.Job instance at 0x7fbe0d6c4d70>,25,16,[5 9],31,51,67,20,40
1,<environment.Job instance at 0x7fbdc9b091e0>,34,13,[7 1],41,67,80,26,64
1,<environment.Job instance at 0x7fbdc9af2be0>,45,17,[ 4 10],56,80,97,24,71
1,<environment.Job instance at 0x7fbdc9973280>,1,17,[9 3],3,7,24,4,7
1,<environment.Job instance at 0x7fbe0d4f11e0>,6,13,[9 4],9,24,37,15,9
1,<environment.Job instance at 0x7fbe0db463c0>,26,25,[1 7],37,46,71,9,46
1,<environment.Job instance at 0x7fbe0db48410>,37,18,[8 2],51,76,94,25,76
1,<environment.Job instance at 0x7fbe0db48910>,38,13,[2 7],52,76,89,24,76
1,<environment.Job instance at 0x7fbe0db48be0>,41,18,[8 4],55,94,112,39,90
1,<environment.Job instance at 0x7fbe0db16550>,45,14,[9 5],64,112,126,48,98
1,<environment.Job instance at 0x7fbe0db42280>,54,14,[ 2 10],78,126,140,48,122
1,<environment.Job instance at 0x7fbe0db1bdc0>,55,13,[4 6],79,140,153,61,126
1,<environment.Job instance at 0x7fbe0fd367d0>,4,2,[8 1],8,10,12,2,10
1,<environment.Job instance at 0x7fbe0db600a0>,7,15,[9 2],11,13,28,2,13
1,<environment.Job instance at 0x7fbe0db60e60>,12,12,[1 6],20,20,32,0,20
1,<environment.Job instance at 0x7fbe0db60b90>,14,12,[3 8],22,32,44,10,22
1,<environment.Job instance at 0x7fbe0d7d1320>,25,3,[2 7],40,44,47,4,43
1,<environment.Job instance at 0x7fbe0d7d1fa0>,27,3,[8 2],42,44,47,2,43
1,<environment.Job instance at 0x7fbe0d9f0960>,28,14,[8 5],44,47,61,3,47
1,<environment.Job instance at 0x7fbe0ffe8190>,52,17,[5 5],77,77,94,0,77
1,<environment.Job instance at 0x7fbdc9e14b40>,61,14,[9 4],90,97,111,7,97
1,<environment.Job instance at 0x7fbdc995cf50>,72,16,[3 5],106,127,143,21,127
1,<environment.Job instance at 0x7fbe1005da00>,74,15,[3 8],111,143,158,32,129
1,<environment.Job instance at 0x7fbdc9bf9730>,0,15,[10  2],1,1,16,0,1
1,<environment.Job instance at 0x7fbe0d7fefa0>,3,14,[8 2],9,16,30,7,10
1,<environment.Job instance at 0x7fbe0da06190>,8,13,[2 8],16,16,29,0,16
1,<environment.Job instance at 0x7fbe0d8d34b0>,15,3,[5 4],24,30,33,6,25
1,<environment.Job instance at 0x7fbe0d626870>,26,19,[10  2],38,42,61,4,42
1,<environment.Job instance at 0x7fbdca007c30>,36,3,[8 2],50,62,65,12,62
1,<environment.Job instance at 0x7fbe0dac6640>,40,17,[6 5],59,65,82,6,62
1,<environment.Job instance at 0x7fbe0d774e10>,45,24,[2 5],64,67,91,3,67
1,<environment.Job instance at 0x7fbe0d74f370>,47,18,[5 3],66,82,100,16,71
1,<environment.Job instance at 0x7fbe0d6b94b0>,57,1,[4 6],83,113,114,30,113
1,<environment.Job instance at 0x7fbe0d6b9c30>,58,15,[3 8],84,115,130,31,115
1,<environment.Job instance at 0x7fbe0d6b9b40>,59,17,[5 8],87,130,147,43,120
1,<environment.Job instance at 0x7fbe10256d20>,6,12,[8 2],13,13,25,0,13
1,<environment.Job instance at 0x7fbe102490a0>,24,17,[5 5],34,40,57,6,40
1,<environment.Job instance at 0x7fbe10249f50>,39,17,[5 2],55,62,79,7,62
1,<environment.Job instance at 0x7fbdc9bc6280>,40,24,[4 8],56,62,86,6,62
1,<environment.Job instance at 0x7fbdc9bc6eb0>,49,15,[ 5 10],67,86,101,19,82
1,<environment.Job instance at 0x7fbdc9bda230>,55,16,[6 1],74,101,117,27,92
1,<environment.Job instance at 0x7fbdc9f13e60>,4,12,[8 2],9,9,21,0,9
1,<environment.Job instance at 0x7fbe0d5b30f0>,5,18,[9 2],10,21,39,11,11
1,<environment.Job instance at 0x7fbe0fd8a6e0>,22,3,[2 9],36,45,48,9,45
1,<environment.Job instance at 0x7fbe0fcbedc0>,23,17,[6 4],38,73,90,35,73
1,<environment.Job instance at 0x7fbe0dbc7d70>,17,14,[4 6],31,73,87,42,73
1,<environment.Job instance at 0x7fbe0fe61af0>,38,15,[1 7],64,115,130,51,115
1,<environment.Job instance at 0x7fbe0fc5d5f0>,3,16,[5 7],4,9,25,5,9
1,<environment.Job instance at 0x7fbe0db98b90>,6,18,[6 2],11,25,43,14,17
1,<environment.Job instance at 0x7fbdc9dcbe60>,13,13,[7 5],19,43,56,24,27
1,<environment.Job instance at 0x7fbe14c63eb0>,26,14,[2 5],35,38,52,3,38
1,<environment.Job instance at 0x7fbdc9d71370>,28,16,[4 8],40,56,72,16,44
1,<environment.Job instance at 0x7fbe0d6500a0>,39,17,[7 3],53,72,89,19,65
1,<environment.Job instance at 0x7fbe0d650690>,42,13,[2 9],56,89,102,33,73
1,<environment.Job instance at 0x7fbe0dc01410>,47,17,[8 3],65,102,119,37,91
1,<environment.Job instance at 0x7fbe0d949550>,54,14,[4 8],74,119,133,45,104
1,<environment.Job instance at 0x7fbe0fed8140>,7,16,[7 5],13,23,39,10,23
1,<environment.Job instance at 0x7fbe0fed8a00>,15,22,[10  4],25,39,61,14,32
1,<environment.Job instance at 0x7fbe0fee6aa0>,28,16,[6 3],45,61,77,16,49
1,<environment.Job instance at 0x7fbe0fee6910>,29,14,[3 7],46,61,75,15,49
1,<environment.Job instance at 0x7fbe0fee6fa0>,34,13,[4 7],52,75,88,23,62
1,<environment.Job instance at 0x7fbe0fecb2d0>,38,14,[5 8],56,88,102,32,76
1,<environment.Job instance at 0x7fbe0fecb5a0>,40,18,[6 4],60,102,120,42,94
1,<environment.Job instance at 0x7fbe0fecbaf0>,49,12,[4 5],69,107,119,38,107
1,<environment.Job instance at 0x7fbe0fecbcd0>,50,14,[2 6],70,119,133,49,107
1,<environment.Job instance at 0x7fbe0fed67d0>,60,18,[9 1],85,133,151,48,127
1,<environment.Job instance at 0x7fbe0d891460>,14,1,[8 5],23,24,25,1,24
1,<environment.Job instance at 0x7fbe14b112d0>,17,14,[9 2],26,27,41,1,27
1,<environment.Job instance at 0x7fbe0d8919b0>,16,1,[6 4],25,41,42,16,28
1,<environment.Job instance at 0x7fbe0d891550>,15,2,[9 3],24,42,44,18,28
1,<environment.Job instance at 0x7fbe101c8f00>,19,12,[6 1],28,44,56,16,28
1,<environment.Job instance at 0x7fbdc9e79f50>,21,2,[5 6],34,56,58,22,35
1,<environment.Job instance at 0x7fbe0d4a0f50>,29,18,[ 1 10],46,58,76,12,47
1,<environment.Job instance at 0x7fbe0ffd69b0>,41,13,[2 7],60,76,89,16,70
1,<environment.Job instance at 0x7fbdc990ec30>,47,28,[2 5],72,94,122,22,94
1,<environment.Job instance at 0x7fbe0d8eda00>,56,14,[2 7],84,122,136,38,109
1,<environment.Job instance at 0x7fbe0d8edd20>,57,20,[8 1],85,111,131,26,111
1,<environment.Job instance at 0x7fbe0d7d3e10>,63,17,[7 3],95,131,148,36,119
1,<environment.Job instance at 0x7fbdc9a95eb0>,0,15,[8 2],1,2,17,1,2
1,<environment.Job instance at 0x7fbdc9917410>,6,13,[10  2],9,17,30,8,9
1,<environment.Job instance at 0x7fbe0db7c910>,18,17,[8 4],23,30,47,7,26
1,<environment.Job instance at 0x7fbe0db7cd70>,25,17,[1 9],30,47,64,17,39
1,<environment.Job instance at 0x7fbe0db7c870>,27,14,[3 8],35,64,78,29,49
1,<environment.Job instance at 0x7fbe0dbf1640>,39,14,[7 5],49,78,92,29,69
1,<environment.Job instance at 0x7fbe0da00aa0>,40,14,[9 5],50,92,106,42,81
1,<environment.Job instance at 0x7fbe0d51faa0>,48,12,[5 6],61,106,118,45,97
1,<environment.Job instance at 0x7fbe0d51fbe0>,50,13,[4 8],63,118,131,55,102
1,<environment.Job instance at 0x7fbe0d51ffa0>,53,14,[2 7],66,131,145,65,116
1,<environment.Job instance at 0x7fbe0d4a2cd0>,61,3,[5 1],79,118,121,39,118
1,<environment.Job instance at 0x7fbe0d4a2140>,60,15,[7 2],78,131,146,53,121
1,<environment.Job instance at 0x7fbe0d8d07d0>,66,1,[5 6],89,146,147,57,123
1,<environment.Job instance at 0x7fbdc97450a0>,3,25,[4 6],6,6,31,0,6
1,<environment.Job instance at 0x7fbdca031a50>,11,2,[2 6],17,31,33,14,17
1,<environment.Job instance at 0x7fbdca031820>,13,19,[6 1],19,21,40,2,21
1,<environment.Job instance at 0x7fbdca032be0>,17,1,[6 4],23,40,41,17,25
1,<environment.Job instance at 0x7fbdca036190>,18,13,[5 1],24,41,54,17,26
1,<environment.Job instance at 0x7fbe10066410>,28,3,[7 4],38,54,57,16,40
1,<environment.Job instance at 0x7fbdc9de6b90>,29,2,[4 9],39,41,43,2,41
1,<environment.Job instance at 0x7fbe0d5c4230>,33,1,[9 4],44,57,58,13,52
1,<environment.Job instance at 0x7fbdc9902370>,35,18,[1 9],46,58,76,12,53
1,<environment.Job instance at 0x7fbe0dbfe460>,42,17,[8 2],56,76,93,20,69
1,<environment.Job instance at 0x7fbdc96f97d0>,47,15,[9 5],65,93,108,28,85
1,<environment.Job instance at 0x7fbe0d8619b0>,52,18,[9 2],72,108,126,36,97
1,<environment.Job instance at 0x7fbdc9cea460>,60,18,[6 3],87,126,144,39,118
1,<environment.Job instance at 0x7fbdc9d4b820>,2,16,[9 3],5,6,22,1,6
1,<environment.Job instance at 0x7fbdc98f9870>,10,18,[5 5],21,26,44,5,26
1,<environment.Job instance at 0x7fbe0d6063c0>,24,1,[3 5],40,40,41,0,40
1,<environment.Job instance at 0x7fbdc9d6a9b0>,17,28,[ 1 10],31,45,73,14,45
1,<environment.Job instance at 0x7fbe0d606550>,31,22,[9 3],48,73,95,25,69
1,<environment.Job instance at 0x7fbe0d9636e0>,40,14,[4 7],63,95,109,32,90
1,<environment.Job instance at 0x7fbe0db83640>,45,17,[1 7],69,109,126,40,103
1,<environment.Job instance at 0x7fbdc9cc9c80>,48,3,[10  2],72,126,129,54,103
1,<environment.Job instance at 0x7fbe0fcae820>,47,13,[5 6],71,129,142,58,115
1,<environment.Job instance at 0x7fbdc96623c0>,6,18,[5 9],8,8,26,0,8
1,<environment.Job instance at 0x7fbdc97289b0>,19,13,[9 5],28,29,42,1,29
1,<environment.Job instance at 0x7fbdc9728140>,20,12,[6 3],30,42,54,12,31
1,<environment.Job instance at 0x7fbdc9728b90>,26,13,[2 5],38,42,55,4,38
1,<environment.Job instance at 0x7fbdc9728c30>,28,14,[10  4],40,55,69,15,41
1,<environment.Job instance at 0x7fbdc966e7d0>,30,20,[7 4],43,69,89,26,61
1,<environment.Job instance at 0x7fbdc96d4730>,45,24,[8 1],72,89,113,17,89
1,<environment.Job instance at 0x7fbdc96d4780>,46,16,[2 5],73,89,105,16,89
1,<environment.Job instance at 0x7fbdc96667d0>,54,14,[ 3 10],83,113,127,30,100
1,<environment.Job instance at 0x7fbdc96661e0>,52,18,[4 8],81,127,145,46,122
1,<environment.Job instance at 0x7fbe0d5b2e60>,63,12,[2 5],94,145,157,51,129
1,<environment.Job instance at 0x7fbdc9e6fc80>,17,3,[9 1],27,48,51,21,48
1,<environment.Job instance at 0x7fbdc9e6f500>,18,13,[5 1],28,52,65,24,52
1,<environment.Job instance at 0x7fbdc9e79280>,20,2,[5 2],30,52,54,22,52
1,<environment.Job instance at 0x7fbdc9e79e10>,21,16,[10  2],31,65,81,34,54
1,<environment.Job instance at 0x7fbdc9e98aa0>,28,15,[4 8],43,81,96,38,67
1,<environment.Job instance at 0x7fbe100af8c0>,33,13,[7 3],50,96,109,46,84
1,<environment.Job instance at 0x7fbdc9890fa0>,35,15,[5 9],54,109,124,55,97
1,<environment.Job instance at 0x7fbe10231280>,1,23,[1 7],3,4,27,1,4
1,<environment.Job instance at 0x7fbe1006e190>,6,12,[4 9],10,27,39,17,10
1,<environment.Job instance at 0x7fbdc99b9050>,15,3,[5 6],21,39,42,18,22
1,<environment.Job instance at 0x7fbe0d5fb6e0>,18,2,[4 8],25,42,44,17,25
1,<environment.Job instance at 0x7fbdc9b72640>,12,14,[3 7],18,44,58,26,29
1,<environment.Job instance at 0x7fbe0d467550>,26,2,[9 2],35,58,60,23,35
1,<environment.Job instance at 0x7fbe0d669230>,34,3,[ 2 10],46,60,63,14,48
1,<environment.Job instance at 0x7fbe0d669730>,36,2,[6 4],48,63,65,15,48
1,<environment.Job instance at 0x7fbe0d467960>,30,23,[9 3],40,65,88,25,62
1,<environment.Job instance at 0x7fbe102da050>,45,13,[8 2],59,88,101,29,84
1,<environment.Job instance at 0x7fbdc96f9fa0>,46,13,[5 1],60,101,114,41,86
1,<environment.Job instance at 0x7fbdc96f9aa0>,49,1,[4 7],64,101,102,37,97
1,<environment.Job instance at 0x7fbdc96f9460>,50,2,[7 3],65,114,116,49,97
1,<environment.Job instance at 0x7fbdc96f9910>,52,3,[8 5],67,116,119,49,102
1,<environment.Job instance at 0x7fbdc9a82780>,55,12,[10  2],70,119,131,49,103
1,<environment.Job instance at 0x7fbdc9c70550>,59,16,[ 5 10],75,131,147,56,118
1,<environment.Job instance at 0x7fbe0fcfdcd0>,1,15,[6 3],5,5,20,0,5
1,<environment.Job instance at 0x7fbdc9d21a00>,2,17,[9 1],7,20,37,13,11
1,<environment.Job instance at 0x7fbdc9815aa0>,14,16,[3 8],24,37,53,13,24
1,<environment.Job instance at 0x7fbdc98155a0>,16,3,[9 4],30,53,56,23,34
1,<environment.Job instance at 0x7fbe0d524f50>,18,1,[ 2 10],33,56,57,23,36
1,<environment.Job instance at 0x7fbe0d524aa0>,22,3,[9 2],37,57,60,20,38
1,<environment.Job instance at 0x7fbe0da53500>,39,2,[6 1],59,81,83,22,81
1,<environment.Job instance at 0x7fbe0da53d70>,40,14,[5 6],61,83,97,22,83
1,<environment.Job instance at 0x7fbe0da533c0>,42,15,[10  5],66,97,112,31,83
1,<environment.Job instance at 0x7fbdc9843f50>,54,2,[2 6],81,122,124,41,122
1,<environment.Job instance at 0x7fbdc9843d70>,55,2,[5 3],82,122,124,40,122
1,<environment.Job instance at 0x7fbdc98439b0>,56,3,[3 9],83,124,127,41,122
1,<environment.Job instance at 0x7fbe0d524eb0>,26,13,[ 1 10],42,127,140,85,123
1,<environment.Job instance at 0x7fbdc9843730>,58,2,[5 6],88,140,142,52,123
1,<environment.Job instance at 0x7fbdc9843640>,57,13,[9 5],87,142,155,55,126
1,<environment.Job instance at 0x7fbe0db7b4b0>,0,13,[7 2],1,1,14,0,1
1,<environment.Job instance at 0x7fbdc9e7ff00>,5,21,[5 5],9,14,35,5,13
1,<environment.Job instance at 0x7fbe0fee6b90>,15,17,[6 4],21,35,52,14,28
1,<environment.Job instance at 0x7fbe0daa1780>,22,3,[5 8],31,52,55,21,34
1,<environment.Job instance at 0x7fbe0fdb4b90>,23,1,[ 2 10],32,55,56,23,46
1,<environment.Job instance at 0x7fbdc9e76640>,26,1,[9 4],35,56,57,21,48
1,<environment.Job instance at 0x7fbdc9e76e10>,29,18,[4 9],40,57,75,17,55
1,<environment.Job instance at 0x7fbdc97f3730>,37,14,[9 2],53,77,91,24,77
1,<environment.Job instance at 0x7fbdc97f39b0>,39,16,[5 5],55,91,107,36,81
1,<environment.Job instance at 0x7fbdc97f3190>,44,26,[10  2],61,109,135,48,109
1,<environment.Job instance at 0x7fbe0d8c4280>,50,3,[4 7],67,135,138,68,122
1,<environment.Job instance at 0x7fbe0d8c45f0>,51,13,[ 4 10],68,138,151,70,124
1,<environment.Job instance at 0x7f7347cd0500>,6,18,[8 4],10,10,28,0,10
1,<environment.Job instance at 0x7f7347cd0730>,7,21,[3 6],11,28,49,17,21
1,<environment.Job instance at 0x7f7347cd42d0>,20,12,[8 5],27,49,61,22,42
1,<environment.Job instance at 0x7f7347cd4460>,23,15,[7 4],30,61,76,31,47
1,<environment.Job instance at 0x7f7347cd49b0>,29,24,[9 2],39,76,100,37,74
1,<environment.Job instance at 0x7f7347cd6230>,38,16,[4 8],54,100,116,46,89
1,<environment.Job instance at 0x7f7347cd6b90>,49,1,[ 4 10],68,125,126,57,125
1,<environment.Job instance at 0x7f734f252be0>,2,14,[8 2],6,7,21,1,7
1,<environment.Job instance at 0x7f734f2522d0>,4,13,[5 1],9,21,34,12,9
1,<environment.Job instance at 0x7f734f25ad70>,18,12,[ 4 10],29,46,58,17,46
1,<environment.Job instance at 0x7f734f255a50>,23,14,[5 3],34,58,72,24,51
1,<environment.Job instance at 0x7f734f255e10>,30,17,[5 3],43,58,75,15,54
1,<environment.Job instance at 0x7f734f2554b0>,22,16,[3 5],33,79,95,46,79
1,<environment.Job instance at 0x7f734f1062d0>,39,22,[8 4],56,95,117,39,88
1,<environment.Job instance at 0x7f734f2536e0>,50,3,[ 5 10],69,117,120,48,104
1,<environment.Job instance at 0x7f734f253230>,51,17,[8 5],70,120,137,50,108
1,<environment.Job instance at 0x7f734f2537d0>,57,14,[5 9],77,137,151,60,122
1,<environment.Job instance at 0x7f734f249230>,72,2,[5 3],96,151,153,55,138
1,<environment.Job instance at 0x7f734f249eb0>,73,14,[5 6],97,151,165,54,138
1,<environment.Job instance at 0x7f7303f1db40>,2,12,[5 6],5,8,20,3,8
1,<environment.Job instance at 0x7f730404cb90>,4,12,[4 8],9,20,32,11,10
1,<environment.Job instance at 0x7f73481cee60>,13,13,[4 6],20,32,45,12,21
1,<environment.Job instance at 0x7f7347ae4370>,14,3,[5 5],21,45,48,24,23
1,<environment.Job instance at 0x7f7303f69be0>,15,17,[4 7],23,48,65,25,44
1,<environment.Job instance at 0x7f7347b58aa0>,26,13,[4 6],38,65,78,27,62
1,<environment.Job instance at 0x7f7347b235a0>,24,14,[5 5],36,78,92,42,66
1,<environment.Job instance at 0x7f73040626e0>,34,15,[5 5],48,84,99,36,84
1,<environment.Job instance at 0x7f7304062aa0>,37,18,[3 9],53,99,117,46,90
1,<environment.Job instance at 0x7f7303f6db90>,44,15,[2 9],60,117,132,57,111
1,<environment.Job instance at 0x7f7303f6d1e0>,45,2,[8 1],61,117,119,56,111
1,<environment.Job instance at 0x7f7303fe4c30>,49,14,[7 3],69,132,146,63,118
1,<environment.Job instance at 0x7f7303fe4460>,52,14,[8 2],74,146,160,72,131
1,<environment.Job instance at 0x7f7303fe49b0>,1,15,[3 8],2,2,17,0,2
1,<environment.Job instance at 0x7f734e77a730>,5,23,[5 5],7,17,40,10,12
1,<environment.Job instance at 0x7f7347d3e500>,28,17,[2 6],38,96,113,58,96
1,<environment.Job instance at 0x7f7347cbb190>,22,12,[5 5],29,113,125,84,96
1,<environment.Job instance at 0x7f7304671730>,7,18,[8 2],11,11,29,0,11
1,<environment.Job instance at 0x7f730459bb90>,3,14,[10  5],5,29,43,24,15
1,<environment.Job instance at 0x7f734ea59550>,14,16,[5 7],21,43,59,22,30
1,<environment.Job instance at 0x7f7347b51640>,22,17,[2 7],33,59,76,26,47
1,<environment.Job instance at 0x7f73042d9c80>,34,12,[7 5],51,76,88,25,59
1,<environment.Job instance at 0x7f73042d9aa0>,40,17,[4 7],57,89,106,32,89
1,<environment.Job instance at 0x7f73046714b0>,10,12,[ 1 10],14,106,118,92,99
1,<environment.Job instance at 0x7f73042e5d70>,53,16,[3 7],74,118,134,44,118
1,<environment.Job instance at 0x7f730430d780>,58,18,[5 5],81,136,154,55,136
1,<environment.Job instance at 0x7f734e6773c0>,2,17,[7 3],4,4,21,0,4
1,<environment.Job instance at 0x7f734e6775f0>,4,13,[ 2 10],7,21,34,14,7
1,<environment.Job instance at 0x7f734e650d70>,19,15,[10  2],26,34,49,8,27
1,<environment.Job instance at 0x7f7304414640>,24,16,[9 2],33,49,65,16,37
1,<environment.Job instance at 0x7f7347b783c0>,33,12,[8 5],45,65,77,20,48
1,<environment.Job instance at 0x7f734e5e1230>,42,15,[3 8],61,77,92,16,65
1,<environment.Job instance at 0x7f734e6540a0>,52,2,[1 9],73,92,94,19,82
1,<environment.Job instance at 0x7f734e5e18c0>,47,17,[6 2],68,97,114,29,97
1,<environment.Job instance at 0x7f734e654640>,57,1,[10  3],79,114,115,35,101
1,<environment.Job instance at 0x7f734e6540f0>,54,14,[5 6],75,115,129,40,105
1,<environment.Job instance at 0x7f734ec221e0>,63,13,[6 1],90,129,142,39,128
1,<environment.Job instance at 0x7f734819c6e0>,67,13,[2 8],96,129,142,33,129
1,<environment.Job instance at 0x7f7347a9a0f0>,58,17,[10  2],80,142,159,62,139
1,<environment.Job instance at 0x7f730429ec80>,0,17,[9 5],1,1,18,0,1
1,<environment.Job instance at 0x7f734e592910>,14,12,[8 3],22,24,36,2,24
1,<environment.Job instance at 0x7f734e592e60>,16,15,[3 8],24,36,51,12,24
1,<environment.Job instance at 0x7f734801e3c0>,23,16,[10  3],38,52,68,14,52
1,<environment.Job instance at 0x7f7304384f50>,27,18,[5 8],45,68,86,23,60
1,<environment.Job instance at 0x7f73044d58c0>,33,15,[ 4 10],55,86,101,31,72
1,<environment.Job instance at 0x7f73044d5b90>,35,3,[5 5],58,101,104,43,82
1,<environment.Job instance at 0x7f73044d5b40>,34,12,[5 5],57,101,113,44,89
1,<environment.Job instance at 0x7f7347c49eb0>,45,2,[3 9],75,113,115,38,105
1,<environment.Job instance at 0x7f734eb76f00>,8,15,[10  3],12,115,130,103,105
1,<environment.Job instance at 0x7f7304186870>,50,3,[5 3],85,130,133,45,111
1,<environment.Job instance at 0x7f73041865f0>,51,3,[2 7],86,130,133,44,111
1,<environment.Job instance at 0x7f734eb17d70>,52,2,[4 5],87,133,135,46,112
1,<environment.Job instance at 0x7f734efe1d70>,3,16,[6 1],4,4,20,0,4
1,<environment.Job instance at 0x7f730433e6e0>,5,13,[3 5],6,6,19,0,6
1,<environment.Job instance at 0x7f730433ebe0>,8,2,[6 2],11,20,22,9,14
1,<environment.Job instance at 0x7f730434e4b0>,17,14,[9 1],24,24,38,0,24
1,<environment.Job instance at 0x7f730434e0a0>,15,13,[1 8],22,27,40,5,27
1,<environment.Job instance at 0x7f730434e910>,21,3,[6 3],28,40,43,12,31
1,<environment.Job instance at 0x7f730434e870>,19,2,[5 7],26,43,45,17,32
1,<environment.Job instance at 0x7f730434ecd0>,24,18,[5 6],34,45,63,11,38
1,<environment.Job instance at 0x7f73043560a0>,29,12,[5 6],39,63,75,24,54
1,<environment.Job instance at 0x7f73043563c0>,31,1,[2 8],42,75,76,33,61
1,<environment.Job instance at 0x7f7304356460>,32,16,[7 3],43,76,92,33,63
1,<environment.Job instance at 0x7f73043567d0>,37,23,[2 9],50,92,115,42,91
1,<environment.Job instance at 0x7f7304356f50>,45,14,[5 8],59,115,129,56,103
1,<environment.Job instance at 0x7f734e6a1280>,48,3,[1 6],63,129,132,66,111
1,<environment.Job instance at 0x7f734e6a1140>,49,3,[5 2],65,115,118,50,112
1,<environment.Job instance at 0x7f734e6a1320>,50,3,[5 5],66,132,135,66,112
1,<environment.Job instance at 0x7f734e6a19b0>,53,13,[3 8],71,135,148,64,128
1,<environment.Job instance at 0x7f7347cee320>,0,18,[2 9],1,1,19,0,1
1,<environment.Job instance at 0x7f7347cee8c0>,3,14,[4 5],7,19,33,12,7
1,<environment.Job instance at 0x7f7347cee9b0>,4,16,[5 3],8,19,35,11,8
1,<environment.Job instance at 0x7f734e834fa0>,24,2,[8 2],37,38,40,1,38
1,<environment.Job instance at 0x7f734ea2c820>,26,1,[1 9],39,47,48,8,47
1,<environment.Job instance at 0x7f7303f6f8c0>,29,12,[1 7],42,48,60,6,48
1,<environment.Job instance at 0x7f73045268c0>,27,14,[1 8],40,66,80,26,66
1,<environment.Job instance at 0x7f7304526960>,28,16,[4 8],41,80,96,39,68
1,<environment.Job instance at 0x7f7347b0f3c0>,43,25,[7 4],65,96,121,31,92
1,<environment.Job instance at 0x7f7347ee98c0>,50,3,[6 5],74,121,124,47,102
1,<environment.Job instance at 0x7f7347ee9690>,51,16,[9 4],76,124,140,48,112
1,<environment.Job instance at 0x7f7347ee9500>,61,16,[4 8],90,140,156,50,127
1,<environment.Job instance at 0x7f7348197e10>,0,15,[8 1],1,2,17,1,2
1,<environment.Job instance at 0x7f73045d8370>,5,1,[3 5],8,17,18,9,8
1,<environment.Job instance at 0x7f73480906e0>,27,14,[6 3],40,43,57,3,43
1,<environment.Job instance at 0x7f73045d8b90>,7,13,[3 6],11,43,56,32,43
1,<environment.Job instance at 0x7f734e593eb0>,29,3,[5 5],45,57,60,12,45
1,<environment.Job instance at 0x7f7348090640>,26,15,[9 3],39,60,75,21,50
1,<environment.Job instance at 0x7f7347e86280>,42,17,[2 8],62,75,92,13,71
1,<environment.Job instance at 0x7f734e5935a0>,28,28,[8 1],43,82,110,39,82
1,<environment.Job instance at 0x7f734ea79690>,52,14,[5 5],76,110,124,34,103
1,<environment.Job instance at 0x7f734e9b8960>,58,18,[9 4],87,124,142,37,115
1,<environment.Job instance at 0x7f734e96a370>,5,15,[3 6],11,11,26,0,11
1,<environment.Job instance at 0x7f734e96ae10>,18,13,[7 5],28,31,44,3,31
1,<environment.Job instance at 0x7f734e93ceb0>,34,18,[7 3],52,84,102,32,84
1,<environment.Job instance at 0x7f734e956a50>,45,22,[2 9],67,120,142,53,120
1,<environment.Job instance at 0x7f734e956cd0>,1,14,[1 8],3,3,17,0,3
1,<environment.Job instance at 0x7f73041efc80>,6,14,[9 2],9,13,27,4,13
1,<environment.Job instance at 0x7f73480b40a0>,8,13,[4 6],12,27,40,15,13
1,<environment.Job instance at 0x7f73480b4f50>,12,14,[8 5],17,40,54,23,25
1,<environment.Job instance at 0x7f7347aaf910>,24,14,[1 7],33,54,68,21,40
1,<environment.Job instance at 0x7f734ebe0230>,30,14,[3 9],40,68,82,28,62
1,<environment.Job instance at 0x7f7304128690>,37,13,[3 7],47,82,95,35,69
1,<environment.Job instance at 0x7f7304128a50>,41,1,[10  4],52,95,96,43,71
1,<environment.Job instance at 0x7f7304128b40>,44,2,[4 9],57,96,98,39,77
1,<environment.Job instance at 0x7f7304128460>,48,14,[5 9],63,98,112,35,91
1,<environment.Job instance at 0x7f73041280f0>,40,17,[1 9],50,112,129,62,102
1,<environment.Job instance at 0x7f7348174960>,60,15,[5 5],78,132,147,54,132
1,<environment.Job instance at 0x7f73045700f0>,63,12,[5 6],81,147,159,66,133
1,<environment.Job instance at 0x7f734e565050>,6,2,[9 2],8,10,12,2,10
1,<environment.Job instance at 0x7f73040f3eb0>,4,28,[2 8],6,12,40,6,11
1,<environment.Job instance at 0x7f7303f86fa0>,18,19,[7 5],24,40,59,16,30
1,<environment.Job instance at 0x7f7347c56c80>,31,1,[6 5],40,59,60,19,56
1,<environment.Job instance at 0x7f7347c561e0>,32,22,[5 1],43,60,82,17,58
1,<environment.Job instance at 0x7f734ec36910>,39,19,[5 7],50,60,79,10,59
1,<environment.Job instance at 0x7f734ec36820>,41,18,[8 4],53,82,100,29,71
1,<environment.Job instance at 0x7f734e77a7d0>,56,15,[9 5],75,107,122,32,107
1,<environment.Job instance at 0x7f73043c1c80>,68,17,[5 8],96,136,153,40,136
1,<environment.Job instance at 0x7f730ece4a00>,2,16,[9 3],5,5,21,0,5
1,<environment.Job instance at 0x7f730441bf50>,6,15,[2 6],13,21,36,8,14
1,<environment.Job instance at 0x7f730441baf0>,11,28,[6 2],22,24,52,2,24
1,<environment.Job instance at 0x7f730444b960>,14,24,[2 6],25,47,71,22,47
1,<environment.Job instance at 0x7f73040701e0>,30,22,[6 3],47,52,74,5,47
1,<environment.Job instance at 0x7f7303f7c780>,31,22,[9 3],48,74,96,26,68
1,<environment.Job instance at 0x7f7347d2c280>,43,15,[5 7],66,96,111,30,83
1,<environment.Job instance at 0x7f7347b08a00>,49,18,[7 4],73,111,129,38,103
1,<environment.Job instance at 0x7f73043ad280>,56,18,[4 7],80,129,147,49,127
1,<environment.Job instance at 0x7f73043add70>,59,15,[9 4],85,147,162,62,134
1,<environment.Job instance at 0x7f7304352c80>,0,13,[9 1],3,3,16,0,3
1,<environment.Job instance at 0x7f73043ad500>,2,23,[8 5],6,16,39,10,11
1,<environment.Job instance at 0x7f734e76c460>,13,17,[ 4 10],23,39,56,16,28
1,<environment.Job instance at 0x7f73046829b0>,23,14,[ 1 10],36,56,70,20,49
1,<environment.Job instance at 0x7f7347ddd9b0>,31,12,[5 7],54,70,82,16,57
1,<environment.Job instance at 0x7f7347dddbe0>,32,16,[10  4],56,82,98,26,72
1,<environment.Job instance at 0x7f734ee588c0>,42,17,[3 5],69,98,115,29,86
1,<environment.Job instance at 0x7f7347db63c0>,49,16,[7 4],78,98,114,20,92
1,<environment.Job instance at 0x7f73481171e0>,53,25,[5 4],82,114,139,32,114
1,<environment.Job instance at 0x7f7347eda0f0>,34,17,[4 5],58,130,147,72,130
1,<environment.Job instance at 0x7f7347d26500>,67,14,[7 4],105,147,161,42,133
1,<environment.Job instance at 0x7f734f01cd70>,5,3,[9 1],7,8,11,1,8
1,<environment.Job instance at 0x7f7304584dc0>,2,25,[4 9],3,11,36,8,9
1,<environment.Job instance at 0x7f7347aae690>,13,15,[6 1],18,18,33,0,18
1,<environment.Job instance at 0x7f7303e28550>,21,13,[7 3],30,36,49,6,30
1,<environment.Job instance at 0x7f7347c850a0>,23,15,[5 9],34,50,65,16,50
1,<environment.Job instance at 0x7f730436d960>,35,16,[7 2],52,65,81,13,59
1,<environment.Job instance at 0x7f7303e02b90>,45,21,[7 4],67,94,115,27,94
1,<environment.Job instance at 0x7f7303e02d20>,51,15,[9 4],77,115,130,38,107
1,<environment.Job instance at 0x7f7347bb01e0>,7,23,[9 3],10,12,35,2,12
1,<environment.Job instance at 0x7f734ea2eaf0>,22,13,[8 2],29,38,51,9,38
1,<environment.Job instance at 0x7f734ea210a0>,18,13,[4 7],24,51,64,27,49
1,<environment.Job instance at 0x7f734ea0a3c0>,28,12,[10  2],36,64,76,28,49
1,<environment.Job instance at 0x7f7303e747d0>,43,12,[5 1],56,79,91,23,79
1,<environment.Job instance at 0x7f7303e746e0>,42,18,[ 2 10],55,91,109,36,80
1,<environment.Job instance at 0x7f7303e790a0>,50,28,[9 2],64,109,137,45,108
1,<environment.Job instance at 0x7f734eadb3c0>,0,13,[ 1 10],2,2,15,0,2
1,<environment.Job instance at 0x7f7347ba21e0>,6,20,[ 4 10],10,16,36,6,16
1,<environment.Job instance at 0x7f734e90d410>,14,14,[5 6],21,36,50,15,28
1,<environment.Job instance at 0x7f7347ebc410>,31,13,[9 5],47,53,66,6,53
1,<environment.Job instance at 0x7f7347ee9230>,36,27,[9 5],55,67,94,12,67
1,<environment.Job instance at 0x7f73481d5050>,42,18,[5 2],65,98,116,33,98
1,<environment.Job instance at 0x7f734e804140>,45,17,[2 5],70,98,115,28,98
1,<environment.Job instance at 0x7f7347d2c190>,49,18,[3 8],76,115,133,39,111
1,<environment.Job instance at 0x7f7303dfae60>,57,20,[3 8],85,133,153,48,126
1,<environment.Job instance at 0x7f7303e3a690>,62,13,[7 2],91,130,143,39,130
1,<environment.Job instance at 0x7f73044a1b90>,0,14,[9 2],3,4,18,1,4
1,<environment.Job instance at 0x7f734e61d4b0>,19,22,[6 2],23,25,47,2,25
1,<environment.Job instance at 0x7f734e61db40>,20,13,[7 5],24,47,60,23,31
1,<environment.Job instance at 0x7f734e69ce60>,26,16,[2 6],34,60,76,26,48
1,<environment.Job instance at 0x7f734e69c5a0>,27,18,[9 4],35,76,94,41,66
1,<environment.Job instance at 0x7f7347b3df50>,41,18,[1 5],64,99,117,35,99
1,<environment.Job instance at 0x7f7303f9bf00>,2,15,[ 3 10],9,10,25,1,10
1,<environment.Job instance at 0x7f730409fd20>,6,16,[ 2 10],16,25,41,9,16
1,<environment.Job instance at 0x7f7304676c80>,10,14,[2 8],24,41,55,17,26
1,<environment.Job instance at 0x7f7347d5a9b0>,14,14,[10  2],33,55,69,22,46
1,<environment.Job instance at 0x7f734e636c30>,23,16,[1 5],45,69,85,24,56
1,<environment.Job instance at 0x7f7304491140>,29,16,[9 2],52,69,85,17,57
1,<environment.Job instance at 0x7f734e5e47d0>,41,15,[10  4],71,87,102,16,87
1,<environment.Job instance at 0x7f734e5e4910>,44,22,[7 5],74,102,124,28,97
1,<environment.Job instance at 0x7f734e5e42d0>,53,1,[1 7],87,137,138,50,137
1,<environment.Job instance at 0x7f74a96412d0>,3,1,[7 2],6,6,7,0,6
1,<environment.Job instance at 0x7f74aea510a0>,4,17,[2 8],8,9,26,1,9
1,<environment.Job instance at 0x7f74a9641500>,6,18,[8 4],10,26,44,16,18
1,<environment.Job instance at 0x7f74a9641730>,10,16,[5 6],14,48,64,34,48
1,<environment.Job instance at 0x7f74a9641e60>,20,12,[8 5],27,64,76,37,48
1,<environment.Job instance at 0x7f74a9641dc0>,19,18,[8 2],25,76,94,51,66
1,<environment.Job instance at 0x7f74a9645a50>,32,17,[7 2],45,94,111,49,85
1,<environment.Job instance at 0x7f74a9645c80>,37,28,[8 2],53,114,142,61,114
1,<environment.Job instance at 0x7f74a9648b90>,49,1,[ 4 10],68,142,143,74,131
1,<environment.Job instance at 0x7f74a96486e0>,1,16,[8 1],3,4,20,1,4
1,<environment.Job instance at 0x7f74aea786e0>,4,17,[2 9],8,8,25,0,8
1,<environment.Job instance at 0x7f74aebc7780>,11,24,[6 3],17,25,49,8,22
1,<environment.Job instance at 0x7f74aebc5230>,22,3,[2 8],29,49,52,20,31
1,<environment.Job instance at 0x7f74aebc2c30>,24,2,[8 3],32,52,54,20,34
1,<environment.Job instance at 0x7f74aebc27d0>,26,2,[5 3],34,54,56,20,34
1,<environment.Job instance at 0x7f74aebcc690>,27,1,[2 7],35,35,36,0,35
1,<environment.Job instance at 0x7f74aebc7dc0>,12,12,[9 3],18,56,68,38,42
1,<environment.Job instance at 0x7f74aebbe640>,39,16,[2 7],52,68,84,16,67
1,<environment.Job instance at 0x7f74a95570f0>,43,13,[7 4],56,84,97,28,73
1,<environment.Job instance at 0x7f74aebb8d20>,44,17,[ 2 10],58,97,114,39,92
1,<environment.Job instance at 0x7f74aebcb690>,52,14,[5 9],67,114,128,47,100
1,<environment.Job instance at 0x7f74aebbb4b0>,58,15,[3 8],76,128,143,52,114
1,<environment.Job instance at 0x7f74aead5eb0>,66,2,[5 2],85,128,130,43,117
1,<environment.Job instance at 0x7f74aead5aa0>,67,2,[5 3],86,143,145,57,117
1,<environment.Job instance at 0x7f74aead5f00>,68,14,[5 6],87,143,157,56,133
1,<environment.Job instance at 0x7f7463b02230>,77,15,[2 9],99,157,172,58,143
1,<environment.Job instance at 0x7f7463890dc0>,6,14,[1 6],11,11,25,0,11
1,<environment.Job instance at 0x7f7463890050>,7,19,[5 1],12,12,31,0,12
1,<environment.Job instance at 0x7f74638d8b40>,16,18,[10  3],22,31,49,9,25
1,<environment.Job instance at 0x7f74a94048c0>,19,3,[7 3],27,49,52,22,29
1,<environment.Job instance at 0x7f74a94228c0>,26,14,[ 3 10],36,52,66,16,50
1,<environment.Job instance at 0x7f74a9b05870>,23,18,[3 9],33,66,84,33,57
1,<environment.Job instance at 0x7f74638a40a0>,35,14,[7 3],49,84,98,35,72
1,<environment.Job instance at 0x7f74638a46e0>,41,12,[9 2],57,98,110,41,92
1,<environment.Job instance at 0x7f74638a4460>,42,12,[2 8],61,110,122,49,94
1,<environment.Job instance at 0x7f74639b2690>,45,16,[1 6],65,122,138,57,113
1,<environment.Job instance at 0x7f74639e1be0>,46,18,[7 4],66,122,140,56,115
1,<environment.Job instance at 0x7f74a9423550>,55,16,[5 5],79,140,156,61,127
1,<environment.Job instance at 0x7f74a93b49b0>,60,15,[6 4],87,156,171,69,142
1,<environment.Job instance at 0x7f74a9a95960>,10,2,[9 2],16,16,18,0,16
1,<environment.Job instance at 0x7f74a9635640>,15,18,[5 1],28,30,48,2,30
1,<environment.Job instance at 0x7f74a9792d70>,13,16,[5 9],25,37,53,12,37
1,<environment.Job instance at 0x7f7463b00d20>,23,13,[1 7],41,53,66,12,43
1,<environment.Job instance at 0x7f7463e24820>,29,12,[2 8],49,66,78,17,53
1,<environment.Job instance at 0x7f7463967460>,33,18,[ 4 10],57,78,96,21,67
1,<environment.Job instance at 0x7f74a9665780>,37,26,[2 9],64,96,122,32,95
1,<environment.Job instance at 0x7f74a9662b40>,43,3,[3 5],74,122,125,48,97
1,<environment.Job instance at 0x7f74638e4410>,46,1,[4 9],78,125,126,47,98
1,<environment.Job instance at 0x7f7463a68f50>,59,25,[6 5],96,136,161,40,136
1,<environment.Job instance at 0x7f74a94ab6e0>,3,1,[1 7],4,4,5,0,4
1,<environment.Job instance at 0x7f7463a6a960>,4,12,[7 2],6,10,22,4,10
1,<environment.Job instance at 0x7f7463d6ecd0>,15,14,[6 3],19,22,36,3,20
1,<environment.Job instance at 0x7f7463fe56e0>,18,12,[1 6],26,27,39,1,27
1,<environment.Job instance at 0x7f7463fe68c0>,22,3,[5 3],30,36,39,6,30
1,<environment.Job instance at 0x7f7463fe6460>,23,1,[2 9],31,39,40,8,31
1,<environment.Job instance at 0x7f7463fe55a0>,21,2,[8 2],29,40,42,11,31
1,<environment.Job instance at 0x7f7463fe6fa0>,25,2,[5 9],33,42,44,9,34
1,<environment.Job instance at 0x7f7463fdf9b0>,30,16,[6 2],40,50,66,10,50
1,<environment.Job instance at 0x7f7463fdfaf0>,33,15,[2 5],47,52,67,5,52
1,<environment.Job instance at 0x7f7464000b40>,36,14,[4 9],52,67,81,15,52
1,<environment.Job instance at 0x7f7463fd7cd0>,40,18,[7 3],59,81,99,22,72
1,<environment.Job instance at 0x7f74aa13deb0>,49,12,[3 8],72,99,111,27,94
1,<environment.Job instance at 0x7f74aa114e10>,51,16,[4 8],76,111,127,35,100
1,<environment.Job instance at 0x7f74aa1400a0>,60,3,[2 7],90,127,130,37,124
1,<environment.Job instance at 0x7f74aa128dc0>,61,1,[5 5],91,130,131,39,124
1,<environment.Job instance at 0x7f74aa128fa0>,62,3,[8 2],92,127,130,35,124
1,<environment.Job instance at 0x7f7463fdedc0>,63,14,[8 5],94,132,146,38,132
1,<environment.Job instance at 0x7f7463fde7d0>,68,15,[5 8],102,146,161,44,136
1,<environment.Job instance at 0x7f74a95060a0>,2,17,[4 6],3,3,20,0,3
1,<environment.Job instance at 0x7f74a9443be0>,4,16,[3 5],6,20,36,14,7
1,<environment.Job instance at 0x7f74aa0f8730>,11,17,[6 2],18,19,36,1,19
1,<environment.Job instance at 0x7f74aa0f8eb0>,14,19,[6 5],21,36,55,15,26
1,<environment.Job instance at 0x7f74aa0c5280>,27,13,[6 1],40,55,68,15,53
1,<environment.Job instance at 0x7f74a9c97e10>,30,12,[4 6],44,55,67,11,53
1,<environment.Job instance at 0x7f74a9c97d20>,35,12,[5 9],51,68,80,17,56
1,<environment.Job instance at 0x7f7463ce0820>,42,21,[3 6],59,80,101,21,72
1,<environment.Job instance at 0x7f74aa0f8870>,17,17,[6 5],24,101,118,77,91
1,<environment.Job instance at 0x7f7463cf1eb0>,58,1,[5 5],79,118,119,39,102
1,<environment.Job instance at 0x7f74a9ac6370>,59,3,[8 2],80,119,122,39,102
1,<environment.Job instance at 0x7f7463d72140>,60,1,[1 5],82,102,103,20,102
1,<environment.Job instance at 0x7f74a9520aa0>,61,1,[3 6],83,122,123,39,102
1,<environment.Job instance at 0x7f74aa0e28c0>,65,17,[9 5],91,123,140,32,113
1,<environment.Job instance at 0x7f74a9f55500>,71,18,[2 8],98,140,158,42,129
1,<environment.Job instance at 0x7f74aa0ee910>,72,27,[8 1],101,140,167,39,139
1,<environment.Job instance at 0x7f74a96dbd20>,2,18,[ 5 10],8,8,26,0,8
1,<environment.Job instance at 0x7f74a96dbbe0>,7,2,[3 9],15,26,28,11,18
1,<environment.Job instance at 0x7f74a96db6e0>,3,15,[8 2],10,28,43,18,23
1,<environment.Job instance at 0x7f74aa1f5f50>,21,18,[5 5],35,43,61,8,36
1,<environment.Job instance at 0x7f7463cff1e0>,24,1,[1 5],39,44,45,5,44
1,<environment.Job instance at 0x7f7463dffa00>,27,15,[7 5],42,61,76,19,47
1,<environment.Job instance at 0x7f74a96c79b0>,26,1,[6 1],41,76,77,35,61
1,<environment.Job instance at 0x7f74a9c05140>,38,3,[8 3],59,77,80,18,65
1,<environment.Job instance at 0x7f74a9c05e60>,39,2,[8 3],61,80,82,19,65
1,<environment.Job instance at 0x7f74a9c05690>,35,13,[5 5],54,82,95,28,67
1,<environment.Job instance at 0x7f7463cea230>,43,17,[5 2],65,82,99,17,71
1,<environment.Job instance at 0x7f74a9708870>,44,24,[4 8],66,95,119,29,95
1,<environment.Job instance at 0x7f74aa16eb40>,57,3,[5 6],82,119,122,37,96
1,<environment.Job instance at 0x7f74aa16e820>,58,16,[3 6],83,122,138,39,118
1,<environment.Job instance at 0x7f74aa16e7d0>,59,16,[6 1],84,125,141,41,125
1,<environment.Job instance at 0x7f74a97d3730>,71,13,[1 8],102,149,162,47,149
1,<environment.Job instance at 0x7f74a97d3730>,1,17,[10  4],3,3,20,0,3
1,<environment.Job instance at 0x7f74aa1b8f50>,2,13,[ 2 10],5,20,33,15,5
1,<environment.Job instance at 0x7f74aa1ba7d0>,12,12,[8 4],22,33,45,11,23
1,<environment.Job instance at 0x7f74aa1baf00>,19,14,[4 8],31,45,59,14,31
1,<environment.Job instance at 0x7f74aa1be460>,24,14,[4 9],40,59,73,19,46
1,<environment.Job instance at 0x7f74aa1be5a0>,25,16,[9 4],44,73,89,29,65
1,<environment.Job instance at 0x7f74aa1beb90>,29,13,[9 2],48,89,102,41,79
1,<environment.Job instance at 0x7f74aa1bedc0>,34,27,[ 4 10],56,102,129,46,101
1,<environment.Job instance at 0x7f74a9c2f690>,3,14,[2 5],5,5,19,0,5
1,<environment.Job instance at 0x7f74a9e251e0>,4,13,[ 2 10],8,19,32,11,9
1,<environment.Job instance at 0x7f74a9622820>,9,13,[7 1],15,32,45,17,18
1,<environment.Job instance at 0x7f7463e72140>,10,2,[2 8],16,32,34,16,23
1,<environment.Job instance at 0x7f74a9a15b40>,18,17,[10  5],25,52,69,27,52
1,<environment.Job instance at 0x7f7493a6ceb0>,19,13,[2 9],26,69,82,43,53
1,<environment.Job instance at 0x7f74aa3262d0>,34,1,[ 3 10],49,82,83,33,75
1,<environment.Job instance at 0x7f74aa326b40>,36,2,[8 1],51,75,77,24,75
1,<environment.Job instance at 0x7f74a9a05820>,38,1,[5 4],54,83,84,29,76
1,<environment.Job instance at 0x7f74a9a053c0>,39,2,[2 6],55,83,85,28,76
1,<environment.Job instance at 0x7f7463b1f820>,37,17,[2 9],52,85,102,33,77
1,<environment.Job instance at 0x7f74a9a05be0>,42,1,[4 7],59,102,103,43,77
1,<environment.Job instance at 0x7f74a9a05f50>,41,2,[7 4],58,103,105,45,77
1,<environment.Job instance at 0x7f74a9a33b40>,25,25,[8 5],36,105,130,69,101
1,<environment.Job instance at 0x7f74a9645d20>,58,13,[6 5],82,130,143,48,116
1,<environment.Job instance at 0x7f74a96450f0>,69,13,[5 5],98,143,156,45,127
1,<environment.Job instance at 0x7f7463f0f960>,2,15,[ 5 10],3,3,18,0,3
1,<environment.Job instance at 0x7f74a9cd47d0>,5,14,[5 8],6,18,32,12,6
1,<environment.Job instance at 0x7f74a9ab6550>,19,14,[4 8],23,32,46,9,30
1,<environment.Job instance at 0x7f74ae9538c0>,21,14,[8 2],25,59,73,34,59
1,<environment.Job instance at 0x7f74637f4960>,42,3,[7 4],51,89,92,38,89
1,<environment.Job instance at 0x7f7463b93550>,34,15,[5 6],42,92,107,50,89
1,<environment.Job instance at 0x7f74637f4e10>,45,1,[5 1],58,93,94,35,93
1,<environment.Job instance at 0x7f74aa2ece60>,46,1,[10  4],60,107,108,47,94
1,<environment.Job instance at 0x7f74637f4b40>,44,15,[5 5],57,108,123,51,94
1,<environment.Job instance at 0x7f74aa2ecbe0>,49,28,[4 5],63,109,137,46,109
1,<environment.Job instance at 0x7f74a942c320>,1,28,[2 5],2,2,30,0,2
1,<environment.Job instance at 0x7f7463f92d70>,10,14,[2 7],14,30,44,16,19
1,<environment.Job instance at 0x7f7463fa55a0>,17,17,[7 3],25,26,43,1,26
1,<environment.Job instance at 0x7f7463fa5f50>,25,16,[ 2 10],38,44,60,6,40
1,<environment.Job instance at 0x7f7463fa3280>,27,14,[1 8],43,60,74,17,45
1,<environment.Job instance at 0x7f7463fa33c0>,28,1,[3 6],44,74,75,30,48
1,<environment.Job instance at 0x7f7463fa39b0>,36,15,[8 5],55,75,90,20,70
1,<environment.Job instance at 0x7f7463fa3d70>,41,15,[8 2],61,90,105,29,76
1,<environment.Job instance at 0x7f7463f8c690>,49,2,[9 3],72,105,107,33,98
1,<environment.Job instance at 0x7f7463fa3f50>,43,13,[5 5],63,107,120,44,102
1,<environment.Job instance at 0x7f7463f8cdc0>,54,2,[7 4],78,120,122,42,105
1,<environment.Job instance at 0x7f7463f8c960>,50,14,[1 7],73,122,136,49,108
1,<environment.Job instance at 0x7f7463f8cb40>,57,1,[7 5],81,136,137,55,118
1,<environment.Job instance at 0x7f7463f8ceb0>,59,17,[8 4],83,137,154,54,128
1,<environment.Job instance at 0x7f7463fb3dc0>,1,26,[8 2],2,9,35,7,9
1,<environment.Job instance at 0x7f7463ac2050>,10,1,[2 7],16,16,17,0,16
1,<environment.Job instance at 0x7f74aa2da320>,7,3,[2 9],11,35,38,24,21
1,<environment.Job instance at 0x7f7463d782d0>,17,19,[5 4],29,38,57,9,29
1,<environment.Job instance at 0x7f74a9624a00>,28,1,[8 4],42,57,58,15,42
1,<environment.Job instance at 0x7f746398c1e0>,59,18,[8 4],83,147,165,64,147
1,<environment.Job instance at 0x7f746398cc30>,1,15,[3 8],4,5,20,1,5
1,<environment.Job instance at 0x7f7463b12410>,18,13,[5 3],29,33,46,4,33
1,<environment.Job instance at 0x7f74a9eefe10>,22,16,[10  4],36,46,62,10,39
1,<environment.Job instance at 0x7f74a9eef7d0>,25,18,[5 5],41,62,80,21,54
1,<environment.Job instance at 0x7f7463867e10>,33,1,[9 2],52,80,81,28,77
1,<environment.Job instance at 0x7f7463867780>,36,17,[7 1],56,81,98,25,79
1,<environment.Job instance at 0x7f74a9727280>,41,1,[5 4],63,98,99,35,81
1,<environment.Job instance at 0x7f74638670f0>,32,28,[ 1 10],51,99,127,48,98
1,<environment.Job instance at 0x7f74a9719780>,55,14,[4 7],83,127,141,44,123
1,<environment.Job instance at 0x7f7463f73c80>,60,17,[1 7],89,141,158,52,135
1,<environment.Job instance at 0x7f74a9719aa0>,61,16,[9 1],90,141,157,51,138
1,<environment.Job instance at 0x7f7463b25f50>,6,18,[5 9],8,8,26,0,8
1,<environment.Job instance at 0x7f7463b20550>,20,12,[6 3],30,34,46,4,34
1,<environment.Job instance at 0x7f74a9548f00>,22,17,[ 4 10],33,46,63,13,37
1,<environment.Job instance at 0x7f7463f5b780>,29,14,[8 1],41,63,77,22,50
1,<environment.Job instance at 0x7f74a9557c80>,35,17,[2 9],55,63,80,8,62
1,<environment.Job instance at 0x7f7463f685a0>,39,1,[9 4],61,80,81,19,66
1,<environment.Job instance at 0x7f7463f68eb0>,40,12,[5 7],64,81,93,17,71
1,<environment.Job instance at 0x7f74a9ddc9b0>,36,15,[8 4],56,93,108,37,79
1,<environment.Job instance at 0x7f7463991280>,49,14,[5 9],77,108,122,31,97
1,<environment.Job instance at 0x7f7463668460>,59,18,[1 9],89,122,140,33,122
1,<environment.Job instance at 0x7f7463668be0>,63,12,[2 5],94,140,152,46,126
1,<environment.Job instance at 0x7f7463668780>,62,25,[5 4],92,140,165,48,136
1,<environment.Job instance at 0x7f74a9ef5140>,2,25,[4 9],3,6,31,3,6
1,<environment.Job instance at 0x7f7463c56320>,11,17,[5 1],16,16,33,0,16
1,<environment.Job instance at 0x7f74a9c9f6e0>,13,15,[6 1],18,33,48,15,20
1,<environment.Job instance at 0x7f7463a20140>,15,20,[1 5],21,31,51,10,22
1,<environment.Job instance at 0x7f74a9c51190>,25,2,[9 5],37,48,50,11,45
1,<environment.Job instance at 0x7f74a9cad780>,22,27,[7 1],32,52,79,20,52
1,<environment.Job instance at 0x7f74a98bdcd0>,40,2,[8 5],60,79,81,19,67
1,<environment.Job instance at 0x7f7463eba820>,36,26,[9 1],53,81,107,28,78
1,<environment.Job instance at 0x7f7463b04910>,53,2,[6 3],80,107,109,27,99
1,<environment.Job instance at 0x7f7463b046e0>,56,3,[1 8],85,101,104,16,101
1,<environment.Job instance at 0x7f74a9d76af0>,57,17,[7 2],86,109,126,23,105
1,<environment.Job instance at 0x7f74a9d760f0>,59,1,[9 1],88,126,127,38,110
1,<environment.Job instance at 0x7f7463d351e0>,63,18,[2 8],93,127,145,34,124
1,<environment.Job instance at 0x7f746360cbe0>,4,14,[7 1],7,7,21,0,7
1,<environment.Job instance at 0x7f746360cb40>,8,3,[3 5],12,12,15,0,12
1,<environment.Job instance at 0x7f746360ce60>,3,3,[ 2 10],6,21,24,15,13
1,<environment.Job instance at 0x7f74a9a057d0>,9,12,[1 9],13,24,36,11,17
1,<environment.Job instance at 0x7f74a9a054b0>,13,2,[5 9],18,36,38,18,18
1,<environment.Job instance at 0x7f74a9a05e10>,12,3,[9 2],17,38,41,21,19
1,<environment.Job instance at 0x7f74a9a05f00>,17,16,[ 2 10],23,41,57,18,31
1,<environment.Job instance at 0x7f74a9a05b40>,20,12,[10  2],26,57,69,31,45
1,<environment.Job instance at 0x7f74a9a1aaf0>,33,13,[6 4],44,69,82,25,54
1,<environment.Job instance at 0x7f74a9a1ab40>,37,15,[8 2],48,82,97,34,72
1,<environment.Job instance at 0x7f746388fe10>,41,15,[2 5],53,80,95,27,80
1,<environment.Job instance at 0x7f74a9a1a870>,28,16,[ 5 10],35,97,113,62,90
1,<environment.Job instance at 0x7f746388f0a0>,48,14,[4 7],61,113,127,52,99
1,<environment.Job instance at 0x7f746388f190>,47,2,[5 3],60,113,115,53,100
1,<environment.Job instance at 0x7f74638bfaa0>,53,16,[5 1],70,115,131,45,106
1,<environment.Job instance at 0x7f74638b06e0>,60,16,[8 1],80,131,147,51,129
1,<environment.Job instance at 0x7f746389d9b0>,65,15,[4 7],89,147,162,58,135
1,<environment.Job instance at 0x7f74aa15a2d0>,2,15,[10  5],6,6,21,0,6
1,<environment.Job instance at 0x7f74a9f84f50>,7,13,[5 5],12,21,34,9,12
1,<environment.Job instance at 0x7f74a9f845f0>,11,1,[1 5],18,21,22,3,19
1,<environment.Job instance at 0x7f746362dbe0>,16,3,[3 9],23,34,37,11,25
1,<environment.Job instance at 0x7f74a9f83690>,22,27,[9 5],35,37,64,2,35
1,<environment.Job instance at 0x7f74a9f98230>,24,2,[8 5],37,64,66,27,42
1,<environment.Job instance at 0x7f7463ca0280>,31,17,[2 5],50,64,81,14,64
1,<environment.Job instance at 0x7f74639305a0>,33,15,[5 3],54,66,81,12,66
1,<environment.Job instance at 0x7f7463cac230>,36,2,[5 3],58,81,83,23,69
1,<environment.Job instance at 0x7f7463ae3780>,39,2,[5 3],61,81,83,20,74
1,<environment.Job instance at 0x7f74a978ceb0>,34,27,[4 8],55,83,110,28,81
1,<environment.Job instance at 0x7f7463aded70>,46,1,[5 5],69,110,111,41,89
1,<environment.Job instance at 0x7f7463ade370>,47,2,[4 7],70,111,113,41,89
1,<environment.Job instance at 0x7f7463adc4b0>,52,19,[3 9],78,113,132,35,104
1,<environment.Job instance at 0x7f7463adcaa0>,63,17,[6 4],91,132,149,41,120
1,<environment.Job instance at 0x7f7463b07910>,68,17,[6 5],99,149,166,50,141
1,<environment.Job instance at 0x7f74a97b04b0>,2,18,[9 4],5,7,25,2,7
1,<environment.Job instance at 0x7f74a976c050>,7,15,[9 3],16,25,40,9,16
1,<environment.Job instance at 0x7f74a9dd4b40>,19,2,[5 3],38,40,42,2,38
1,<environment.Job instance at 0x7f74a9586b90>,16,18,[1 5],34,40,58,6,40
1,<environment.Job instance at 0x7f7463b0cdc0>,20,16,[2 6],40,58,74,18,45
1,<environment.Job instance at 0x7f74aa3240f0>,29,16,[3 6],49,74,90,25,69
1,<environment.Job instance at 0x7f74aa324fa0>,30,14,[4 6],50,90,104,40,79
1,<environment.Job instance at 0x7f74aa324960>,40,25,[3 6],64,109,134,45,109
1,<environment.Job instance at 0x7f7463621780>,45,19,[2 5],70,134,153,64,125
1,<environment.Job instance at 0x7f74a9577be0>,51,3,[5 1],77,141,144,64,141
1,<environment.Job instance at 0x7f74a9577550>,50,12,[6 3],76,144,156,68,144
1,<environment.Job instance at 0x7f74638625f0>,56,16,[10  4],84,156,172,72,144
1,<environment.Job instance at 0x7f74a94c12d0>,3,16,[1 5],5,5,21,0,5
1,<environment.Job instance at 0x7f74a94c10a0>,9,16,[9 2],12,17,33,5,17
1,<environment.Job instance at 0x7f746382ccd0>,17,13,[6 5],27,33,46,6,30
1,<environment.Job instance at 0x7f746382cd20>,22,13,[3 6],32,46,59,14,34
1,<environment.Job instance at 0x7f74a9c441e0>,26,16,[6 2],36,49,65,13,49
1,<environment.Job instance at 0x7f74a95baa50>,39,22,[ 4 10],56,112,134,56,112
1,<environment.Job instance at 0x7f746382c410>,21,15,[10  4],31,134,149,103,132
1,<environment.Job instance at 0x7f74aa30f870>,52,1,[9 4],74,149,150,75,134
1,<environment.Job instance at 0x7f74aa30ff00>,46,18,[9 5],65,150,168,85,140
1,<environment.Job instance at 0x7f74a988f0f0>,0,13,[9 5],1,1,14,0,1
1,<environment.Job instance at 0x7f7463a31f50>,5,16,[ 3 10],13,14,30,1,14
1,<environment.Job instance at 0x7f7463a31fa0>,6,15,[7 4],15,30,45,15,19
1,<environment.Job instance at 0x7f7463a315f0>,11,14,[2 8],22,45,59,23,30
1,<environment.Job instance at 0x7f7463dd1500>,25,15,[7 3],45,59,74,14,51
1,<environment.Job instance at 0x7f7463a57be0>,34,2,[ 3 10],55,74,76,19,55
1,<environment.Job instance at 0x7f7463a57500>,35,2,[5 2],56,76,78,20,58
1,<environment.Job instance at 0x7f7463a56640>,46,18,[7 5],72,89,107,17,89
1,<environment.Job instance at 0x7f7463a52460>,54,1,[5 1],84,107,108,23,94
1,<environment.Job instance at 0x7f7463a52e60>,55,16,[6 1],85,108,124,23,97
1,<environment.Job instance at 0x7f7463a52550>,56,14,[2 6],86,107,121,21,97
1,<environment.Job instance at 0x7f7463a649b0>,69,14,[9 1],107,125,139,18,125
1,<environment.Job instance at 0x7f7463a6afa0>,71,15,[6 5],109,139,154,30,126
1,<environment.Job instance at 0x7f7463a86280>,78,13,[5 6],118,154,167,36,141
1,<environment.Job instance at 0x7fce54188f00>,1,15,[ 4 10],4,4,19,0,4
1,<environment.Job instance at 0x7fce4cd79190>,5,14,[8 5],9,19,33,10,10
1,<environment.Job instance at 0x7fce4cd79e60>,17,15,[7 5],23,33,48,10,23
1,<environment.Job instance at 0x7fce4cd7d3c0>,21,14,[6 2],28,48,62,20,43
1,<environment.Job instance at 0x7fce4cd7d550>,23,15,[7 4],30,62,77,32,49
1,<environment.Job instance at 0x7fce4cd7dd20>,35,14,[6 2],49,90,104,41,90
1,<environment.Job instance at 0x7fce4cd7b730>,41,18,[6 5],57,117,135,60,117
1,<environment.Job instance at 0x7fce4cd7bdc0>,50,17,[9 2],69,141,158,72,141
1,<environment.Job instance at 0x7fce542f2e10>,5,24,[6 3],7,7,31,0,7
1,<environment.Job instance at 0x7fce542ff410>,14,1,[10  3],16,31,32,15,16
1,<environment.Job instance at 0x7fce542ff730>,16,3,[2 8],19,32,35,13,19
1,<environment.Job instance at 0x7fce542ffdc0>,15,2,[1 6],17,21,23,4,21
1,<environment.Job instance at 0x7fce542f8870>,12,14,[5 3],14,35,49,21,23
1,<environment.Job instance at 0x7fce542f6550>,23,13,[10  4],27,49,62,22,40
1,<environment.Job instance at 0x7fce542fafa0>,29,18,[7 4],37,62,80,25,52
1,<environment.Job instance at 0x7fce542fa4b0>,30,15,[3 5],39,62,77,23,62
1,<environment.Job instance at 0x7fce543045f0>,38,17,[ 2 10],48,80,97,32,68
1,<environment.Job instance at 0x7fce54210500>,45,17,[ 1 10],56,97,114,41,86
1,<environment.Job instance at 0x7fce542f3a00>,58,14,[5 8],72,114,128,42,110
1,<environment.Job instance at 0x7fce0906f320>,63,18,[ 5 10],78,128,146,50,119
1,<environment.Job instance at 0x7fce0906f0a0>,64,27,[ 3 10],81,146,173,65,144
1,<environment.Job instance at 0x7fce0909f9b0>,1,18,[10  3],2,3,21,1,3
1,<environment.Job instance at 0x7fce090f7e10>,2,13,[5 2],5,21,34,16,5
1,<environment.Job instance at 0x7fce4cf7e7d0>,11,14,[ 3 10],16,34,48,18,24
1,<environment.Job instance at 0x7fce4cfde7d0>,21,14,[9 4],30,48,62,18,36
1,<environment.Job instance at 0x7fce4cb6d780>,25,3,[6 4],36,62,65,26,39
1,<environment.Job instance at 0x7fce4cbfd280>,27,12,[2 8],41,65,77,24,48
1,<environment.Job instance at 0x7fce090a4b40>,31,18,[7 4],46,77,95,31,67
1,<environment.Job instance at 0x7fce08fd6dc0>,39,3,[ 3 10],58,95,98,37,69
1,<environment.Job instance at 0x7fce08fc8a00>,44,2,[8 2],64,98,100,34,81
1,<environment.Job instance at 0x7fce08fc89b0>,45,15,[6 4],67,100,115,33,88
1,<environment.Job instance at 0x7fce0902bb90>,49,17,[8 3],73,115,132,42,106
1,<environment.Job instance at 0x7fce08fcad20>,54,16,[1 5],79,115,131,36,115
1,<environment.Job instance at 0x7fce09022be0>,61,13,[5 6],86,144,157,58,144
1,<environment.Job instance at 0x7fce4cdc3d20>,3,18,[7 3],8,8,26,0,8
1,<environment.Job instance at 0x7fce542fca50>,4,15,[5 2],10,26,41,16,12
1,<environment.Job instance at 0x7fce4d36fdc0>,14,3,[3 9],25,41,44,16,25
1,<environment.Job instance at 0x7fce4d90c910>,8,12,[9 3],16,44,56,28,29
1,<environment.Job instance at 0x7fce4d03ed20>,19,26,[2 9],34,56,82,22,53
1,<environment.Job instance at 0x7fce0942a7d0>,35,26,[3 9],56,82,108,26,79
1,<environment.Job instance at 0x7fce0923a4b0>,44,18,[8 3],69,108,126,39,105
1,<environment.Job instance at 0x7fce0923a6e0>,41,25,[6 5],66,126,151,60,123
1,<environment.Job instance at 0x7fce094e3cd0>,56,14,[10  5],85,151,165,66,151
1,<environment.Job instance at 0x7fce4ce04a00>,63,12,[ 1 10],94,165,177,71,159
1,<environment.Job instance at 0x7fce0966ce10>,2,15,[2 5],7,8,23,1,8
1,<environment.Job instance at 0x7fce4ccf1550>,5,14,[4 9],12,23,37,11,13
1,<environment.Job instance at 0x7fce093831e0>,14,2,[1 9],27,37,39,10,28
1,<environment.Job instance at 0x7fce4cbfbbe0>,16,12,[1 6],30,39,51,9,31
1,<environment.Job instance at 0x7fce093850a0>,20,16,[4 8],36,51,67,15,39
1,<environment.Job instance at 0x7fce09397f00>,29,3,[2 7],50,67,70,17,50
1,<environment.Job instance at 0x7fce0938f960>,41,2,[1 5],68,77,79,9,77
1,<environment.Job instance at 0x7fce0938f370>,43,2,[5 7],70,79,81,9,77
1,<environment.Job instance at 0x7fce093aa4b0>,45,2,[5 5],73,77,79,4,77
1,<environment.Job instance at 0x7fce093aa870>,47,1,[2 5],75,81,82,6,78
1,<environment.Job instance at 0x7fce09387910>,37,15,[5 8],62,82,97,20,80
1,<environment.Job instance at 0x7fce0938ea50>,61,2,[10  1],94,108,110,14,108
1,<environment.Job instance at 0x7fce0938e050>,60,16,[9 2],93,110,126,17,109
1,<environment.Job instance at 0x7fce0938eb90>,63,14,[9 1],97,126,140,29,112
1,<environment.Job instance at 0x7fce4cb9c140>,69,12,[8 5],105,140,152,35,123
1,<environment.Job instance at 0x7fce093ae370>,74,17,[4 6],113,153,170,40,153
1,<environment.Job instance at 0x7fce4d4702d0>,2,12,[2 5],3,3,15,0,3
1,<environment.Job instance at 0x7fce4d470550>,4,17,[1 6],5,15,32,10,6
1,<environment.Job instance at 0x7fce4da65500>,16,13,[1 7],20,32,45,12,23
1,<environment.Job instance at 0x7fce4cc4e370>,24,3,[8 2],30,31,34,1,31
1,<environment.Job instance at 0x7fce4cc4e500>,25,1,[1 5],32,45,46,13,32
1,<environment.Job instance at 0x7fce4cc4e410>,28,17,[6 5],39,45,62,6,41
1,<environment.Job instance at 0x7fce4cc4ea50>,32,1,[3 5],43,54,55,11,54
1,<environment.Job instance at 0x7fce4cc4e910>,33,24,[2 5],44,56,80,12,56
1,<environment.Job instance at 0x7fce4cc2a3c0>,41,19,[3 8],55,80,99,25,80
1,<environment.Job instance at 0x7fce4cc2aaa0>,47,17,[5 8],67,99,116,32,90
1,<environment.Job instance at 0x7fce094bebe0>,51,18,[6 4],73,116,134,43,107
1,<environment.Job instance at 0x7fce094be3c0>,54,12,[2 5],79,118,130,39,118
1,<environment.Job instance at 0x7fce094be550>,55,1,[9 1],80,134,135,54,119
1,<environment.Job instance at 0x7fce094640a0>,56,3,[7 2],83,135,138,52,119
1,<environment.Job instance at 0x7fce4da68b40>,62,17,[5 2],94,138,155,44,132
1,<environment.Job instance at 0x7fce4cc24eb0>,68,16,[5 9],103,155,171,52,149
1,<environment.Job instance at 0x7fce4d2036e0>,71,15,[8 2],110,171,186,61,158
1,<environment.Job instance at 0x7fce4cdef050>,5,24,[4 8],6,10,34,4,10
1,<environment.Job instance at 0x7fce4da30370>,19,16,[3 6],23,34,50,11,23
1,<environment.Job instance at 0x7fce4da309b0>,18,3,[5 6],22,50,53,28,25
1,<environment.Job instance at 0x7fce4ceddf00>,31,12,[8 3],40,54,66,14,54
1,<environment.Job instance at 0x7fce4cedda00>,34,14,[9 1],44,66,80,22,55
1,<environment.Job instance at 0x7fce4cf31550>,42,14,[4 8],55,84,98,29,84
1,<environment.Job instance at 0x7fce4cf314b0>,44,19,[6 4],57,98,117,41,88
1,<environment.Job instance at 0x7fce09429870>,53,16,[6 5],68,117,133,49,108
1,<environment.Job instance at 0x7fce0914d500>,59,16,[9 4],75,133,149,58,126
1,<environment.Job instance at 0x7fce093735f0>,68,12,[8 2],89,157,169,68,157
1,<environment.Job instance at 0x7fce4d565140>,0,18,[2 9],1,1,19,0,1
1,<environment.Job instance at 0x7fce4d57e0a0>,4,16,[5 3],8,19,35,11,8
1,<environment.Job instance at 0x7fce4d57e0f0>,6,15,[8 1],12,35,50,23,21
1,<environment.Job instance at 0x7fce4d57ef00>,19,15,[1 8],30,35,50,5,35
1,<environment.Job instance at 0x7fce4d579a50>,27,14,[1 8],40,50,64,10,41
1,<environment.Job instance at 0x7fce4d579e10>,32,23,[ 4 10],50,64,87,14,64
1,<environment.Job instance at 0x7fce4d56b320>,48,3,[1 7],72,98,101,26,98
1,<environment.Job instance at 0x7fce4d56b370>,51,16,[9 4],76,105,121,29,105
1,<environment.Job instance at 0x7fce4d56b500>,52,18,[5 5],77,121,139,44,112
1,<environment.Job instance at 0x7fce4d56beb0>,66,2,[2 8],96,139,141,43,129
1,<environment.Job instance at 0x7fce4d56a280>,68,17,[5 4],98,141,158,43,134
1,<environment.Job instance at 0x7fce4d56b7d0>,0,13,[6 5],2,2,15,0,2
1,<environment.Job instance at 0x7fce4d01fa50>,7,13,[8 2],11,15,28,4,13
1,<environment.Job instance at 0x7fce4d58caa0>,10,18,[9 2],15,28,46,13,17
1,<environment.Job instance at 0x7fce091a1050>,17,2,[10  2],28,46,48,18,29
1,<environment.Job instance at 0x7fce4d18d690>,27,3,[5 4],41,48,51,7,46
1,<environment.Job instance at 0x7fce4ccf1550>,30,3,[1 7],46,51,54,5,47
1,<environment.Job instance at 0x7fce4d2aff50>,25,12,[8 2],38,51,63,13,47
1,<environment.Job instance at 0x7fce4d22bbe0>,33,3,[5 2],51,63,66,12,52
1,<environment.Job instance at 0x7fce4d22b0f0>,34,2,[9 1],52,66,68,14,52
1,<environment.Job instance at 0x7fce4d22b5a0>,36,1,[7 3],54,68,69,14,54
1,<environment.Job instance at 0x7fce4d7995a0>,37,14,[5 3],55,69,83,14,56
1,<environment.Job instance at 0x7fce4d799dc0>,38,14,[5 5],56,69,83,13,56
1,<environment.Job instance at 0x7fce4d774960>,42,16,[6 3],65,83,99,18,72
1,<environment.Job instance at 0x7fce09102050>,48,13,[4 7],72,84,97,12,84
1,<environment.Job instance at 0x7fce09102e60>,49,15,[ 5 10],73,99,114,26,85
1,<environment.Job instance at 0x7fce4d371d70>,21,16,[7 5],33,114,130,81,107
1,<environment.Job instance at 0x7fce095075a0>,62,16,[4 9],88,130,146,42,117
1,<environment.Job instance at 0x7fce095076e0>,60,19,[6 5],86,146,165,60,136
1,<environment.Job instance at 0x7fce0962cbe0>,6,13,[2 6],11,12,25,1,12
1,<environment.Job instance at 0x7fce4d67a500>,11,14,[9 2],16,25,39,9,16
1,<environment.Job instance at 0x7fce5420deb0>,7,18,[7 3],12,39,57,27,29
1,<environment.Job instance at 0x7fce0905b4b0>,26,20,[7 1],40,57,77,17,49
1,<environment.Job instance at 0x7fce4cf305f0>,18,22,[2 9],27,57,79,30,53
1,<environment.Job instance at 0x7fce0941e780>,35,13,[2 7],50,79,92,29,63
1,<environment.Job instance at 0x7fce4cb80be0>,38,2,[8 3],58,79,81,21,75
1,<environment.Job instance at 0x7fce0943c960>,39,1,[6 4],60,92,93,32,75
1,<environment.Job instance at 0x7fce4cf09870>,50,14,[2 7],74,106,120,32,106
1,<environment.Job instance at 0x7fce092612d0>,57,17,[7 3],85,106,123,21,106
1,<environment.Job instance at 0x7fce093ea870>,62,17,[10  2],91,123,140,32,119
1,<environment.Job instance at 0x7fce4d210be0>,64,24,[ 4 10],94,140,164,46,137
1,<environment.Job instance at 0x7fce4d6c5230>,0,13,[7 1],1,1,14,0,1
1,<environment.Job instance at 0x7fce4cd2b690>,2,14,[5 9],3,14,28,11,3
1,<environment.Job instance at 0x7fce0969a1e0>,15,19,[10  3],19,28,47,9,25
1,<environment.Job instance at 0x7fce0969a8c0>,21,3,[10  2],25,47,50,22,34
1,<environment.Job instance at 0x7fce0969a910>,22,14,[2 7],26,50,64,24,37
1,<environment.Job instance at 0x7fce096833c0>,29,15,[7 2],38,54,69,16,54
1,<environment.Job instance at 0x7fce096834b0>,32,15,[5 3],42,69,84,27,55
1,<environment.Job instance at 0x7fce09683b40>,37,15,[1 8],51,84,99,33,70
1,<environment.Job instance at 0x7fce0969e140>,41,16,[2 9],56,99,115,43,98
1,<environment.Job instance at 0x7fce0969e9b0>,50,12,[8 2],70,115,127,45,99
1,<environment.Job instance at 0x7fce0969ef00>,55,24,[9 2],81,127,151,46,123
1,<environment.Job instance at 0x7fce09691870>,69,2,[10  5],98,151,153,53,147
1,<environment.Job instance at 0x7fce096916e0>,67,25,[4 6],96,153,178,57,150
1,<environment.Job instance at 0x7fce09695050>,1,18,[9 2],2,10,28,8,10
1,<environment.Job instance at 0x7fce4d02d8c0>,7,12,[5 7],12,28,40,16,12
1,<environment.Job instance at 0x7fce4d902410>,8,17,[5 8],16,40,57,24,31
1,<environment.Job instance at 0x7fce4d902cd0>,12,18,[3 6],20,57,75,37,48
1,<environment.Job instance at 0x7fce09632eb0>,41,3,[6 5],61,75,78,14,71
1,<environment.Job instance at 0x7fce4d8154b0>,50,18,[5 9],80,94,112,14,94
1,<environment.Job instance at 0x7fce09709370>,55,24,[2 6],85,112,136,27,110
1,<environment.Job instance at 0x7fce093858c0>,60,3,[ 2 10],94,136,139,42,132
1,<environment.Job instance at 0x7fce09081820>,63,3,[8 5],97,139,142,42,132
1,<environment.Job instance at 0x7fce09081690>,64,14,[4 7],99,142,156,43,132
1,<environment.Job instance at 0x7fce090815a0>,65,1,[3 5],100,156,157,56,132
1,<environment.Job instance at 0x7fce090818c0>,66,3,[5 7],102,157,160,55,132
1,<environment.Job instance at 0x7fce4d46e320>,4,12,[8 5],8,8,20,0,8
1,<environment.Job instance at 0x7fce4d4edf50>,5,14,[7 4],9,20,34,11,10
1,<environment.Job instance at 0x7fce093ea9b0>,14,3,[3 5],26,28,31,2,28
1,<environment.Job instance at 0x7fce4d210320>,18,1,[9 2],32,34,35,2,32
1,<environment.Job instance at 0x7fce4d210e60>,21,2,[9 5],35,35,37,0,35
1,<environment.Job instance at 0x7fce4d210b40>,22,3,[6 5],37,39,42,2,39
1,<environment.Job instance at 0x7fce4d210280>,23,18,[5 9],38,42,60,4,39
1,<environment.Job instance at 0x7fce08f63f00>,25,3,[9 5],40,60,63,20,40
1,<environment.Job instance at 0x7fce4d04eeb0>,29,2,[6 1],48,63,65,15,49
1,<environment.Job instance at 0x7fce4d04e3c0>,30,3,[ 3 10],49,65,68,16,49
1,<environment.Job instance at 0x7fce4d04e960>,33,3,[1 5],54,60,63,6,57
1,<environment.Job instance at 0x7fce092676e0>,37,12,[6 3],60,68,80,8,65
1,<environment.Job instance at 0x7fce095c3cd0>,41,14,[5 7],65,80,94,15,73
1,<environment.Job instance at 0x7fce095c3eb0>,44,2,[2 7],69,73,75,4,73
1,<environment.Job instance at 0x7fce095c3fa0>,46,14,[8 1],71,94,108,23,79
1,<environment.Job instance at 0x7fce095c39b0>,49,14,[ 1 10],76,108,122,32,96
1,<environment.Job instance at 0x7fce4cc65b40>,54,2,[5 6],87,122,124,35,107
1,<environment.Job instance at 0x7fce4cc65be0>,55,19,[7 2],90,124,143,34,114
1,<environment.Job instance at 0x7fce4d4b11e0>,66,14,[5 9],107,143,157,36,135
1,<environment.Job instance at 0x7fce53e8b780>,69,18,[4 8],111,157,175,46,146
1,<environment.Job instance at 0x7fce4d178460>,74,3,[10  1],117,175,178,58,149
1,<environment.Job instance at 0x7fce4cedd730>,4,14,[3 6],7,7,21,0,7
1,<environment.Job instance at 0x7fce4cee0a50>,14,25,[4 9],23,36,61,13,36
1,<environment.Job instance at 0x7fce4cee22d0>,17,3,[9 1],27,61,64,34,38
1,<environment.Job instance at 0x7fce4cee05a0>,16,17,[7 5],26,64,81,38,56
1,<environment.Job instance at 0x7fce091d4e60>,27,20,[1 5],41,64,84,23,64
1,<environment.Job instance at 0x7fce4cead0a0>,23,17,[5 1],36,81,98,45,70
1,<environment.Job instance at 0x7fce091f19b0>,29,15,[4 9],44,84,99,40,78
1,<environment.Job instance at 0x7fce091ba320>,21,16,[10  2],31,99,115,68,92
1,<environment.Job instance at 0x7fce4da030f0>,46,2,[4 9],71,115,117,44,92
1,<environment.Job instance at 0x7fce4d9fa190>,50,2,[3 8],76,117,119,41,99
1,<environment.Job instance at 0x7fce08fbd870>,60,20,[ 1 10],90,134,154,44,134
1,<environment.Job instance at 0x7fce4d277dc0>,62,13,[7 5],95,154,167,59,149
1,<environment.Job instance at 0x7fce4d277b40>,67,18,[ 5 10],103,167,185,64,158
1,<environment.Job instance at 0x7fce4daa2550>,7,23,[9 3],10,12,35,2,12
1,<environment.Job instance at 0x7fce4da30aa0>,17,12,[1 9],23,35,47,12,23
1,<environment.Job instance at 0x7fce096aa140>,35,17,[10  2],43,52,69,9,52
1,<environment.Job instance at 0x7fce096aaeb0>,36,16,[ 5 10],45,69,85,24,58
1,<environment.Job instance at 0x7fce0917ad20>,43,12,[5 1],56,85,97,29,71
1,<environment.Job instance at 0x7fce09017050>,48,15,[5 4],62,85,100,23,85
1,<environment.Job instance at 0x7fce096fe370>,2,15,[10  5],6,6,21,0,6
1,<environment.Job instance at 0x7fce08dfa6e0>,8,18,[ 1 10],14,21,39,7,14
1,<environment.Job instance at 0x7fce08ddb6e0>,22,27,[9 5],35,39,66,4,37
1,<environment.Job instance at 0x7fce08dfb500>,34,27,[4 8],55,66,93,11,64
1,<environment.Job instance at 0x7fce08d08fa0>,47,2,[4 7],70,93,95,23,90
1,<environment.Job instance at 0x7fce08d08cd0>,48,13,[7 2],71,95,108,24,90
1,<environment.Job instance at 0x7fce08d679b0>,53,21,[5 5],79,116,137,37,116
1,<environment.Job instance at 0x7fce08d67fa0>,64,16,[7 4],92,140,156,48,140
1,<environment.Job instance at 0x7fce08d67050>,68,17,[6 5],99,156,173,57,152
1,<environment.Job instance at 0x7fce4d3f3b90>,0,17,[ 2 10],1,2,19,1,2
1,<environment.Job instance at 0x7fce08debb40>,2,15,[9 3],6,19,34,13,7
1,<environment.Job instance at 0x7fce4ccf0280>,9,3,[8 3],21,34,37,13,21
1,<environment.Job instance at 0x7fce4d3599b0>,11,18,[1 5],24,24,42,0,24
1,<environment.Job instance at 0x7fce4ccece60>,14,2,[5 3],28,37,39,9,28
1,<environment.Job instance at 0x7fce4ccec410>,13,15,[4 7],27,42,57,15,28
1,<environment.Job instance at 0x7fce4cd135a0>,16,20,[4 7],31,57,77,26,48
1,<environment.Job instance at 0x7fce4cdc4960>,32,1,[5 8],50,77,78,27,69
1,<environment.Job instance at 0x7fce4cd12f50>,33,18,[ 1 10],51,78,96,27,69
1,<environment.Job instance at 0x7fce4d0c7960>,37,15,[6 5],57,96,111,39,82
1,<environment.Job instance at 0x7fce4ccf6550>,39,3,[5 6],59,111,114,52,89
1,<environment.Job instance at 0x7fce08ddd6e0>,2,17,[8 2],3,4,21,1,4
1,<environment.Job instance at 0x7fce4d73d2d0>,4,14,[ 3 10],5,21,35,16,7
1,<environment.Job instance at 0x7fce08d861e0>,15,3,[4 9],17,35,38,18,29
1,<environment.Job instance at 0x7fce08d86b90>,16,13,[8 3],18,38,51,20,38
1,<environment.Job instance at 0x7fce091f1230>,7,27,[3 9],9,51,78,42,49
1,<environment.Job instance at 0x7fce092f6f00>,28,2,[7 5],37,78,80,41,55
1,<environment.Job instance at 0x7fce4d4b4280>,29,1,[3 9],40,80,81,40,55
1,<environment.Job instance at 0x7fce4da146e0>,31,3,[10  5],42,81,84,39,57
1,<environment.Job instance at 0x7fce4cd086e0>,54,15,[10  4],75,133,148,58,133
1,<environment.Job instance at 0x7fce092a8500>,2,14,[1 7],5,5,19,0,5
1,<environment.Job instance at 0x7fce092a85f0>,9,15,[7 3],15,15,30,0,15
1,<environment.Job instance at 0x7fce08ed4820>,23,28,[6 3],34,34,62,0,34
1,<environment.Job instance at 0x7fce08ee57d0>,40,14,[2 6],56,62,76,6,62
1,<environment.Job instance at 0x7fce08ee5050>,42,14,[4 9],58,76,90,18,63
1,<environment.Job instance at 0x7fce4d846e10>,51,15,[5 9],74,90,105,16,79
1,<environment.Job instance at 0x7fce08e89fa0>,55,15,[6 5],79,105,120,26,92
1,<environment.Job instance at 0x7fce08e89550>,62,13,[5 6],88,120,133,32,104
1,<environment.Job instance at 0x7fce090af1e0>,70,15,[1 9],102,133,148,31,121
1,<environment.Job instance at 0x7fce4cd644b0>,78,16,[3 9],113,148,164,35,135
1,<environment.Job instance at 0x7fce09062190>,84,16,[4 9],122,164,180,42,157
1,<environment.Job instance at 0x7fce091d1460>,2,14,[7 3],4,4,18,0,4
1,<environment.Job instance at 0x7fce091d19b0>,5,16,[5 4],7,18,34,11,7
1,<environment.Job instance at 0x7fce091deaf0>,8,20,[5 2],11,18,38,7,11
1,<environment.Job instance at 0x7fce091dea00>,15,15,[ 3 10],21,38,53,17,24
1,<environment.Job instance at 0x7fce09200c80>,26,2,[6 5],35,53,55,18,35
1,<environment.Job instance at 0x7fce091eab90>,30,14,[5 1],42,55,69,13,49
1,<environment.Job instance at 0x7fce091ea2d0>,33,21,[4 9],48,55,76,7,51
1,<environment.Job instance at 0x7fce091c73c0>,38,13,[8 5],55,76,89,21,60
1,<environment.Job instance at 0x7fce091c7640>,43,3,[6 5],65,89,92,24,69
1,<environment.Job instance at 0x7fce4d3f5f50>,48,18,[3 5],73,89,107,16,80
1,<environment.Job instance at 0x7fce4d3f5190>,49,16,[7 1],75,92,108,17,81
1,<environment.Job instance at 0x7fce091eaaf0>,35,22,[5 8],51,109,131,58,109
1,<environment.Job instance at 0x7fce4d1e9aa0>,68,12,[1 8],99,131,143,32,117
1,<environment.Job instance at 0x7fce4cfffaf0>,70,14,[10  3],103,143,157,40,134
1,<environment.Job instance at 0x7f28ce480780>,4,17,[2 8],8,9,26,1,9
1,<environment.Job instance at 0x7f28cb2dd640>,7,21,[3 6],11,26,47,15,20
1,<environment.Job instance at 0x7f28cb2ddc80>,16,15,[7 3],22,33,48,11,33
1,<environment.Job instance at 0x7f28cb2dde60>,20,12,[8 5],27,48,60,21,36
1,<environment.Job instance at 0x7f28cb2df0a0>,23,15,[7 4],30,60,75,30,46
1,<environment.Job instance at 0x7f28cb2dfaf0>,29,24,[9 2],39,75,99,36,74
1,<environment.Job instance at 0x7f28cb2e23c0>,37,28,[8 2],53,100,128,47,100
1,<environment.Job instance at 0x7f28cb2e2af0>,50,17,[9 2],69,128,145,59,124
1,<environment.Job instance at 0x7f28cb2e2e10>,52,13,[ 5 10],71,145,158,74,140
1,<environment.Job instance at 0x7f28cb2e53c0>,58,18,[9 4],80,158,176,78,158
1,<environment.Job instance at 0x7f28cb2e5730>,61,18,[8 4],86,176,194,90,167
1,<environment.Job instance at 0x7f28ce5a5780>,9,2,[8 3],12,13,15,1,13
1,<environment.Job instance at 0x7f28ce5a5eb0>,11,2,[5 3],14,15,17,1,14
1,<environment.Job instance at 0x7f28ce5a5640>,12,1,[2 7],15,15,16,0,15
1,<environment.Job instance at 0x7f28ce5abd70>,13,13,[3 5],16,20,33,4,20
1,<environment.Job instance at 0x7f28ce5abe60>,15,18,[ 1 10],21,33,51,12,22
1,<environment.Job instance at 0x7f28ce5b07d0>,29,17,[ 2 10],38,51,68,13,45
1,<environment.Job instance at 0x7f28ce5b09b0>,34,15,[9 4],44,68,83,24,61
1,<environment.Job instance at 0x7f28ce5ad690>,39,15,[1 6],50,68,83,18,65
1,<environment.Job instance at 0x7f28ce5b71e0>,44,1,[5 3],57,83,84,26,78
1,<environment.Job instance at 0x7f28ce5b7190>,45,1,[4 5],58,83,84,25,78
1,<environment.Job instance at 0x7f28ce5a9a00>,24,16,[2 7],32,84,100,52,78
1,<environment.Job instance at 0x7f28ce5b7280>,48,2,[2 9],61,100,102,39,78
1,<environment.Job instance at 0x7f28ce5b72d0>,46,3,[5 3],59,84,87,25,78
1,<environment.Job instance at 0x7f28ce5b60a0>,52,2,[5 3],66,87,89,21,80
1,<environment.Job instance at 0x7f28ce5b7820>,43,15,[3 8],56,102,117,46,89
1,<environment.Job instance at 0x7f28ce41e320>,64,18,[2 6],81,117,135,36,113
1,<environment.Job instance at 0x7f28855e4c30>,79,18,[5 3],101,157,175,56,157
1,<environment.Job instance at 0x7f28855e4c80>,80,16,[1 6],102,162,178,60,162
1,<environment.Job instance at 0x7f28855e4be0>,81,18,[6 2],103,175,193,72,165
1,<environment.Job instance at 0x7f288552cb90>,1,13,[ 4 10],2,2,15,0,2
1,<environment.Job instance at 0x7f288552c8c0>,4,14,[7 3],9,15,29,6,13
1,<environment.Job instance at 0x7f2885539190>,7,14,[8 2],14,29,43,15,14
1,<environment.Job instance at 0x7f2885525960>,10,12,[9 2],17,43,55,26,27
1,<environment.Job instance at 0x7f28cb7811e0>,18,18,[8 2],30,55,73,25,49
1,<environment.Job instance at 0x7f288566a730>,32,19,[ 3 10],52,73,92,21,66
1,<environment.Job instance at 0x7f2885607a00>,39,16,[8 2],60,92,108,32,84
1,<environment.Job instance at 0x7f2885607410>,45,13,[5 6],66,108,121,42,102
1,<environment.Job instance at 0x7f288559d4b0>,51,13,[8 1],74,121,134,47,115
1,<environment.Job instance at 0x7f288559d690>,53,18,[8 4],77,134,152,57,125
1,<environment.Job instance at 0x7f28cb782320>,61,23,[5 5],87,152,175,65,146
1,<environment.Job instance at 0x7f28cb7822d0>,63,1,[4 9],89,175,176,86,154
1,<environment.Job instance at 0x7f28cb0a4640>,64,17,[5 3],90,154,171,64,154
1,<environment.Job instance at 0x7f2885ab2fa0>,1,16,[1 5],2,2,18,0,2
1,<environment.Job instance at 0x7f28cb488230>,2,26,[2 9],4,18,44,14,15
1,<environment.Job instance at 0x7f28cde78370>,17,1,[3 9],25,44,45,19,35
1,<environment.Job instance at 0x7f28cb488a00>,5,17,[ 3 10],10,45,62,35,36
1,<environment.Job instance at 0x7f28cb42ecd0>,19,1,[1 6],30,62,63,32,37
1,<environment.Job instance at 0x7f28cb3a8dc0>,20,3,[3 6],31,63,66,32,40
1,<environment.Job instance at 0x7f28857395a0>,28,12,[1 8],41,72,84,31,72
1,<environment.Job instance at 0x7f2885584c30>,30,18,[10  1],45,84,102,39,73
1,<environment.Job instance at 0x7f2885584e60>,35,18,[4 7],50,102,120,52,100
1,<environment.Job instance at 0x7f2885567190>,37,1,[3 5],53,120,121,67,106
1,<environment.Job instance at 0x7f28855c0230>,47,18,[8 4],65,134,152,69,134
1,<environment.Job instance at 0x7f2885525320>,48,12,[3 6],66,152,164,86,136
1,<environment.Job instance at 0x7f28cb3a5c80>,56,14,[9 1],81,164,178,83,152
1,<environment.Job instance at 0x7f28cdda1b40>,5,12,[3 9],9,9,21,0,9
1,<environment.Job instance at 0x7f28cdda1280>,7,1,[5 5],11,21,22,10,11
1,<environment.Job instance at 0x7f28cb72ee60>,9,14,[8 5],14,22,36,8,17
1,<environment.Job instance at 0x7f2885c6d460>,15,17,[7 3],24,36,53,12,24
1,<environment.Job instance at 0x7f2885c83050>,37,16,[9 2],53,53,69,0,53
1,<environment.Job instance at 0x7f2885c83eb0>,40,14,[9 1],57,69,83,12,57
1,<environment.Job instance at 0x7f2885c851e0>,45,14,[4 6],64,83,97,19,68
1,<environment.Job instance at 0x7f28858fe320>,55,15,[3 8],81,97,112,16,86
1,<environment.Job instance at 0x7f28cdda75f0>,58,18,[6 2],85,98,116,13,98
1,<environment.Job instance at 0x7f288590a870>,63,19,[6 5],91,116,135,25,106
1,<environment.Job instance at 0x7f2885c8ca00>,79,12,[4 6],114,154,166,40,154
1,<environment.Job instance at 0x7f28cb25cf00>,71,17,[10  2],100,169,186,69,169
1,<environment.Job instance at 0x7f28cddce870>,0,27,[8 1],1,2,29,1,2
1,<environment.Job instance at 0x7f2885a059b0>,12,24,[8 4],21,29,53,8,24
1,<environment.Job instance at 0x7f2885a055f0>,15,17,[2 8],24,53,70,29,42
1,<environment.Job instance at 0x7f28859f7a50>,26,15,[ 4 10],45,70,85,25,65
1,<environment.Job instance at 0x7f288598f820>,36,1,[1 8],63,85,86,22,77
1,<environment.Job instance at 0x7f288598f8c0>,37,3,[1 5],64,86,89,22,82
1,<environment.Job instance at 0x7f288598f7d0>,40,1,[6 3],71,86,87,15,83
1,<environment.Job instance at 0x7f28cdd02960>,42,28,[7 1],74,92,120,18,92
1,<environment.Job instance at 0x7f28cdd02a00>,50,27,[5 8],83,124,151,41,124
1,<environment.Job instance at 0x7f28cdf7cb40>,62,24,[4 9],97,152,176,55,152
1,<environment.Job instance at 0x7f28ce5a84b0>,74,17,[5 2],115,176,193,61,169
1,<environment.Job instance at 0x7f28cdfff0a0>,3,16,[4 8],6,9,25,3,9
1,<environment.Job instance at 0x7f28cdffff00>,9,2,[5 5],13,25,27,12,14
1,<environment.Job instance at 0x7f28cde63730>,8,2,[7 2],12,27,29,15,14
1,<environment.Job instance at 0x7f2885bbb730>,16,12,[3 8],22,27,39,5,22
1,<environment.Job instance at 0x7f28ce010af0>,17,3,[1 6],23,39,42,16,25
1,<environment.Job instance at 0x7f28cb3a4050>,30,14,[9 5],45,67,81,22,67
1,<environment.Job instance at 0x7f28cde8e550>,43,26,[3 7],63,103,129,40,103
1,<environment.Job instance at 0x7f2885705960>,56,27,[ 4 10],86,154,181,68,154
1,<environment.Job instance at 0x7f28cde91820>,1,3,[1 7],2,2,5,0,2
1,<environment.Job instance at 0x7f28857a8050>,5,18,[5 5],7,7,25,0,7
1,<environment.Job instance at 0x7f28857a8640>,9,12,[2 7],11,25,37,14,12
1,<environment.Job instance at 0x7f28857a8e10>,17,12,[ 1 10],24,37,49,13,26
1,<environment.Job instance at 0x7f28857d5e60>,32,12,[5 4],40,49,61,9,44
1,<environment.Job instance at 0x7f28857d2b40>,46,17,[2 9],62,103,120,41,103
1,<environment.Job instance at 0x7f28857cb0f0>,54,12,[5 8],72,120,132,48,106
1,<environment.Job instance at 0x7f28857cba00>,65,18,[1 7],89,168,186,79,168
1,<environment.Job instance at 0x7f28857af9b0>,0,15,[1 9],1,1,16,0,1
1,<environment.Job instance at 0x7f28cb7c2960>,4,16,[3 9],5,16,32,11,8
1,<environment.Job instance at 0x7f28cded30a0>,9,14,[2 6],10,32,46,22,17
1,<environment.Job instance at 0x7f28cb7c1c80>,15,16,[6 4],20,32,48,12,20
1,<environment.Job instance at 0x7f2885a7de60>,24,2,[4 8],30,48,50,18,35
1,<environment.Job instance at 0x7f28cb095870>,27,3,[1 9],33,50,53,17,36
1,<environment.Job instance at 0x7f28859ecaf0>,26,15,[5 6],32,68,83,36,68
1,<environment.Job instance at 0x7f28cde81500>,38,1,[10  4],50,83,84,33,68
1,<environment.Job instance at 0x7f2885a67780>,36,15,[5 5],47,84,99,37,77
1,<environment.Job instance at 0x7f2885b94af0>,43,26,[3 5],56,84,110,28,81
1,<environment.Job instance at 0x7f2885b94a50>,49,14,[5 3],64,99,113,35,96
1,<environment.Job instance at 0x7f2885b94be0>,47,16,[8 5],62,113,129,51,100
1,<environment.Job instance at 0x7f2885bad870>,58,16,[2 8],77,129,145,52,119
1,<environment.Job instance at 0x7f2885bad8c0>,66,17,[7 3],89,145,162,56,134
1,<environment.Job instance at 0x7f28cdb8bfa0>,74,12,[6 1],98,162,174,64,157
1,<environment.Job instance at 0x7f2885544dc0>,79,22,[2 9],107,162,184,55,162
1,<environment.Job instance at 0x7f2885b948c0>,50,14,[3 9],65,184,198,119,169
1,<environment.Job instance at 0x7f28cdc85b40>,0,17,[10  2],1,1,18,0,1
1,<environment.Job instance at 0x7f28cdc85cd0>,2,24,[ 4 10],4,18,42,14,13
1,<environment.Job instance at 0x7f28cd8d3820>,11,12,[5 5],20,42,54,22,27
1,<environment.Job instance at 0x7f28cd8d3aa0>,16,14,[8 5],27,54,68,27,43
1,<environment.Job instance at 0x7f28cdb9b8c0>,25,13,[10  2],39,68,81,29,53
1,<environment.Job instance at 0x7f28cdaec190>,29,1,[5 5],44,81,82,37,66
1,<environment.Job instance at 0x7f28cd8bc730>,28,14,[1 7],43,82,96,39,71
1,<environment.Job instance at 0x7f2885707410>,35,1,[7 5],51,96,97,45,76
1,<environment.Job instance at 0x7f2885707230>,37,17,[8 4],53,97,114,44,85
1,<environment.Job instance at 0x7f2885bb45f0>,49,12,[4 9],69,114,126,45,107
1,<environment.Job instance at 0x7f2885bb4190>,50,13,[7 1],71,126,139,55,110
1,<environment.Job instance at 0x7f2885833eb0>,51,14,[1 6],72,126,140,54,114
1,<environment.Job instance at 0x7f2885bba9b0>,58,14,[7 5],79,140,154,61,131
1,<environment.Job instance at 0x7f28858d3280>,62,12,[ 3 10],85,154,166,69,147
1,<environment.Job instance at 0x7f2885b94aa0>,66,3,[9 2],90,166,169,76,150
1,<environment.Job instance at 0x7f2885bbae10>,60,22,[8 5],81,169,191,88,164
1,<environment.Job instance at 0x7f28cb188c80>,1,12,[7 4],3,3,15,0,3
1,<environment.Job instance at 0x7f28cb04ae60>,2,19,[7 5],4,15,34,11,10
1,<environment.Job instance at 0x7f28cb3cafa0>,18,3,[5 6],25,34,37,9,27
1,<environment.Job instance at 0x7f28cb3cacd0>,16,22,[5 1],23,34,56,11,32
1,<environment.Job instance at 0x7f28cb3bfc80>,29,17,[5 2],37,42,59,5,42
1,<environment.Job instance at 0x7f28cb3bfa50>,28,18,[1 9],36,59,77,23,48
1,<environment.Job instance at 0x7f28cb3c9960>,40,15,[9 5],55,77,92,22,67
1,<environment.Job instance at 0x7f28cb3c9cd0>,46,15,[5 5],63,92,107,29,81
1,<environment.Job instance at 0x7f28cb3ae280>,52,17,[5 8],76,107,124,31,95
1,<environment.Job instance at 0x7f28cb291280>,77,2,[4 5],112,149,151,37,149
1,<environment.Job instance at 0x7f28cb3bd820>,69,15,[4 6],100,155,170,55,155
1,<environment.Job instance at 0x7f28cb2917d0>,86,1,[4 9],123,170,171,47,166
1,<environment.Job instance at 0x7f28cb2917d0>,2,12,[4 7],6,7,19,1,7
1,<environment.Job instance at 0x7f2885852870>,4,25,[4 5],11,19,44,8,16
1,<environment.Job instance at 0x7f28cb69d2d0>,12,16,[9 1],20,44,60,24,31
1,<environment.Job instance at 0x7f28cd9c2690>,19,18,[7 5],27,60,78,33,51
1,<environment.Job instance at 0x7f28cb1925a0>,26,16,[7 3],36,78,94,42,67
1,<environment.Job instance at 0x7f28854b6e60>,31,18,[5 7],44,94,112,50,83
1,<environment.Job instance at 0x7f28cb0f49b0>,45,16,[5 8],65,121,137,56,121
1,<environment.Job instance at 0x7f28856235f0>,60,18,[5 9],88,165,183,77,165
1,<environment.Job instance at 0x7f2885c8c820>,1,25,[5 4],2,3,28,1,3
1,<environment.Job instance at 0x7f28cb379b40>,4,1,[5 1],8,8,9,0,8
1,<environment.Job instance at 0x7f28cb76fbe0>,9,17,[6 2],15,28,45,13,16
1,<environment.Job instance at 0x7f28cb76fd20>,14,16,[1 5],23,23,39,0,23
1,<environment.Job instance at 0x7f28ce5ab5a0>,15,14,[7 4],25,45,59,20,31
1,<environment.Job instance at 0x7f28cb483c80>,28,14,[3 6],47,73,87,26,73
1,<environment.Job instance at 0x7f28cb4832d0>,29,12,[5 4],49,73,85,24,73
1,<environment.Job instance at 0x7f28cdac5230>,47,17,[5 1],76,100,117,24,100
1,<environment.Job instance at 0x7f28cb2170f0>,55,18,[1 6],87,129,147,42,129
1,<environment.Job instance at 0x7f28cb217a50>,59,15,[5 9],94,148,163,54,148
1,<environment.Job instance at 0x7f28855aa2d0>,72,26,[9 1],113,164,190,51,164
1,<environment.Job instance at 0x7f28cdc061e0>,0,17,[ 3 10],1,1,18,0,1
1,<environment.Job instance at 0x7f28cb377410>,2,14,[1 7],4,18,32,14,4
1,<environment.Job instance at 0x7f28856b8e10>,8,16,[5 5],14,32,48,18,20
1,<environment.Job instance at 0x7f28cb60b230>,18,2,[4 8],25,48,50,23,28
1,<environment.Job instance at 0x7f28cb5e1c30>,16,22,[8 5],23,50,72,27,44
1,<environment.Job instance at 0x7f28855e56e0>,58,17,[10  2],73,116,133,43,116
1,<environment.Job instance at 0x7f28855e5460>,65,18,[ 2 10],85,133,151,48,133
1,<environment.Job instance at 0x7f28855e54b0>,66,12,[5 1],86,151,163,65,134
1,<environment.Job instance at 0x7f28855e50a0>,70,2,[10  5],90,163,165,73,144
1,<environment.Job instance at 0x7f2885ac2dc0>,75,16,[2 7],96,166,182,70,166
1,<environment.Job instance at 0x7f2885a850a0>,16,15,[10  5],26,36,51,10,36
1,<environment.Job instance at 0x7f28cb291320>,14,14,[5 6],21,51,65,30,36
1,<environment.Job instance at 0x7f28cd9bae60>,20,1,[5 2],31,51,52,20,36
1,<environment.Job instance at 0x7f28cb6eb410>,26,15,[3 7],39,65,80,26,60
1,<environment.Job instance at 0x7f28cb72cd20>,30,3,[3 9],43,80,83,37,65
1,<environment.Job instance at 0x7f28854edaf0>,32,2,[5 6],48,83,85,35,68
1,<environment.Job instance at 0x7f28854ed780>,31,13,[9 5],47,85,98,38,69
1,<environment.Job instance at 0x7f28cdb5feb0>,47,15,[5 3],74,98,113,24,97
1,<environment.Job instance at 0x7f28cdb5f960>,48,27,[4 8],75,113,140,38,111
1,<environment.Job instance at 0x7f288573faf0>,62,13,[7 2],91,140,153,49,138
1,<environment.Job instance at 0x7f288573fc30>,63,16,[5 5],92,153,169,61,140
1,<environment.Job instance at 0x7f2885c93140>,2,18,[9 4],5,7,25,2,7
1,<environment.Job instance at 0x7f2885366320>,5,17,[ 2 10],11,25,42,14,15
1,<environment.Job instance at 0x7f28853668c0>,7,15,[9 3],16,42,57,26,31
1,<environment.Job instance at 0x7f288541a0f0>,22,3,[2 7],42,57,60,15,42
1,<environment.Job instance at 0x7f2885267a00>,23,12,[10  4],43,60,72,17,44
1,<environment.Job instance at 0x7f2885267230>,32,15,[5 7],52,79,94,27,79
1,<environment.Job instance at 0x7f2885267190>,26,16,[5 5],46,94,110,48,84
1,<environment.Job instance at 0x7f288526ac80>,43,18,[4 9],68,110,128,42,109
1,<environment.Job instance at 0x7f288526d910>,54,2,[10  5],81,130,132,49,130
1,<environment.Job instance at 0x7f28cb1886e0>,2,17,[8 2],3,4,21,1,4
1,<environment.Job instance at 0x7f28cda61fa0>,4,14,[ 3 10],5,21,35,16,6
1,<environment.Job instance at 0x7f28cda02b90>,13,12,[1 6],15,35,47,20,18
1,<environment.Job instance at 0x7f28cda028c0>,17,17,[9 1],21,35,52,14,31
1,<environment.Job instance at 0x7f28858e77d0>,47,12,[6 4],66,130,142,64,130
1,<environment.Job instance at 0x7f28858e7190>,48,22,[2 7],67,142,164,75,135
1,<environment.Job instance at 0x7f28cda02a00>,12,22,[7 5],14,166,188,152,166
1,<environment.Job instance at 0x7f288591afa0>,58,2,[7 3],80,188,190,108,166
1,<environment.Job instance at 0x7f28cb1ac910>,6,18,[1 6],10,12,30,2,12
1,<environment.Job instance at 0x7f28cb33c780>,13,12,[6 5],17,30,42,13,17
1,<environment.Job instance at 0x7f28ce374d20>,24,3,[2 8],33,42,45,9,37
1,<environment.Job instance at 0x7f28cda19dc0>,9,24,[9 3],13,45,69,32,42
1,<environment.Job instance at 0x7f288570f550>,31,1,[5 1],44,69,70,25,45
1,<environment.Job instance at 0x7f28cb2dde10>,34,1,[7 1],47,70,71,23,50
1,<environment.Job instance at 0x7f288570faa0>,32,16,[6 1],45,71,87,26,58
1,<environment.Job instance at 0x7f28cb2dddc0>,35,14,[4 9],48,71,85,23,69
1,<environment.Job instance at 0x7f28855ad410>,50,14,[4 6],73,85,99,12,77
1,<environment.Job instance at 0x7f28854a6aa0>,55,13,[5 6],78,99,112,21,87
1,<environment.Job instance at 0x7f28cd996c80>,61,12,[5 4],88,101,113,13,101
1,<environment.Job instance at 0x7f28cd996a50>,66,1,[10  1],96,113,114,17,113
1,<environment.Job instance at 0x7f28cd996d70>,68,3,[10  3],98,115,118,17,115
1,<environment.Job instance at 0x7f2885805e60>,70,2,[5 4],101,120,122,19,120
1,<environment.Job instance at 0x7f28cd996dc0>,64,27,[ 3 10],93,125,152,32,125
1,<environment.Job instance at 0x7f28858050f0>,75,18,[5 7],109,152,170,43,144
1,<environment.Job instance at 0x7f288530a230>,0,15,[ 3 10],1,2,17,1,2
1,<environment.Job instance at 0x7f2885325410>,3,13,[8 4],4,17,30,13,6
1,<environment.Job instance at 0x7f28853259b0>,13,16,[2 9],19,30,46,11,19
1,<environment.Job instance at 0x7f28852d4370>,23,13,[8 5],35,46,59,11,44
1,<environment.Job instance at 0x7f28852d4eb0>,28,3,[6 5],45,59,62,14,56
1,<environment.Job instance at 0x7f28852d40a0>,26,27,[3 8],38,62,89,24,61
1,<environment.Job instance at 0x7f28cdbdbd70>,34,16,[7 1],55,71,87,16,71
1,<environment.Job instance at 0x7f28cdbdb1e0>,36,1,[5 4],58,89,90,31,73
1,<environment.Job instance at 0x7f28cdbdbcd0>,39,15,[9 4],61,90,105,29,80
1,<environment.Job instance at 0x7f28853d9aa0>,44,13,[5 5],68,105,118,37,92
1,<environment.Job instance at 0x7f28853d9320>,47,17,[2 5],71,105,122,34,95
1,<environment.Job instance at 0x7f28853d97d0>,49,3,[2 7],74,122,125,48,97
1,<environment.Job instance at 0x7f28853d94b0>,51,1,[ 3 10],77,125,126,48,97
1,<environment.Job instance at 0x7f28853d95a0>,52,2,[1 6],78,100,102,22,100
1,<environment.Job instance at 0x7f28cb476780>,57,1,[3 7],87,126,127,39,123
1,<environment.Job instance at 0x7f28cb476b90>,58,1,[ 3 10],88,127,128,39,125
1,<environment.Job instance at 0x7f28cb476fa0>,55,14,[10  3],83,129,143,46,129
1,<environment.Job instance at 0x7f28cb476690>,61,17,[7 5],91,143,160,52,131
1,<environment.Job instance at 0x7f28cdd06910>,74,19,[2 8],114,160,179,46,151
1,<environment.Job instance at 0x7f28cb185b40>,2,26,[10  4],3,3,29,0,3
1,<environment.Job instance at 0x7f28855ac960>,23,18,[8 4],30,31,49,1,31
1,<environment.Job instance at 0x7f28855d4a50>,28,13,[7 4],38,49,62,11,41
1,<environment.Job instance at 0x7f28854f9280>,31,17,[4 8],42,62,79,20,52
1,<environment.Job instance at 0x7f28cb5a84b0>,40,12,[8 3],52,79,91,27,69
1,<environment.Job instance at 0x7f28858e61e0>,47,17,[4 7],63,91,108,28,87
1,<environment.Job instance at 0x7f2885508f50>,55,21,[7 3],76,111,132,35,111
1,<environment.Job instance at 0x7f28cb5fb4b0>,67,17,[5 9],93,140,157,47,140
1,<environment.Job instance at 0x7f98d9bb5780>,4,17,[2 8],8,13,30,5,13
1,<environment.Job instance at 0x7f98d2762190>,10,16,[5 6],14,30,46,16,18
1,<environment.Job instance at 0x7f98d2762be0>,16,15,[7 3],22,46,61,24,43
1,<environment.Job instance at 0x7f98d2762d70>,17,15,[7 5],23,61,76,38,47
1,<environment.Job instance at 0x7f98d2763410>,26,15,[6 3],35,76,91,41,69
1,<environment.Job instance at 0x7f98d27630f0>,29,24,[9 2],39,91,115,52,86
1,<environment.Job instance at 0x7f98d27684b0>,42,3,[1 9],58,116,119,58,116
1,<environment.Job instance at 0x7f98d2768410>,41,18,[6 5],57,119,137,62,117
1,<environment.Job instance at 0x7f98d2768690>,45,3,[7 2],61,137,140,76,117
1,<environment.Job instance at 0x7f98d2768550>,43,16,[10  5],59,151,167,92,151
1,<environment.Job instance at 0x7f98d27688c0>,50,17,[9 2],69,167,184,98,159
1,<environment.Job instance at 0x7f98d2767460>,61,18,[8 4],86,184,202,98,174
1,<environment.Job instance at 0x7f98d9ce2820>,2,17,[5 3],3,3,20,0,3
1,<environment.Job instance at 0x7f98d9ce4870>,7,18,[ 1 10],11,20,38,9,12
1,<environment.Job instance at 0x7f98d9ce00a0>,11,22,[8 4],16,39,61,23,39
1,<environment.Job instance at 0x7f98d9b99e10>,31,15,[1 6],40,49,64,9,49
1,<environment.Job instance at 0x7f98d9b99370>,35,15,[3 8],46,64,79,18,62
1,<environment.Job instance at 0x7f98d9b986e0>,43,2,[5 2],55,66,68,11,66
1,<environment.Job instance at 0x7f98d9b98820>,45,14,[5 6],57,79,93,22,67
1,<environment.Job instance at 0x7f98d2705050>,49,15,[6 4],63,93,108,30,89
1,<environment.Job instance at 0x7f98d9cebe60>,56,18,[2 6],71,95,113,24,95
1,<environment.Job instance at 0x7f988ea6c550>,82,12,[8 2],106,173,185,67,173
1,<environment.Job instance at 0x7f98d2534190>,0,12,[2 8],1,1,13,0,1
1,<environment.Job instance at 0x7f988ea3af00>,1,14,[ 4 10],2,13,27,11,2
1,<environment.Job instance at 0x7f988eb98d70>,4,18,[7 4],6,27,45,21,19
1,<environment.Job instance at 0x7f988e9ff370>,12,3,[ 3 10],18,45,48,27,21
1,<environment.Job instance at 0x7f98d29c3640>,27,16,[1 5],39,54,70,15,54
1,<environment.Job instance at 0x7f988ead7eb0>,33,18,[4 7],45,85,103,40,85
1,<environment.Job instance at 0x7f988e9fcd20>,40,13,[8 1],54,103,116,49,95
1,<environment.Job instance at 0x7f988eb0fcd0>,42,18,[8 4],57,116,134,59,107
1,<environment.Job instance at 0x7f988eb0f0f0>,46,15,[3 8],62,134,149,72,120
1,<environment.Job instance at 0x7f98d2530d70>,65,17,[ 4 10],86,156,173,70,156
1,<environment.Job instance at 0x7f98d96138c0>,7,18,[8 3],9,9,27,0,9
1,<environment.Job instance at 0x7f988eb0f500>,10,18,[10  1],15,27,45,12,18
1,<environment.Job instance at 0x7f98d9a96f50>,23,18,[8 2],31,45,63,14,45
1,<environment.Job instance at 0x7f98d28846e0>,27,18,[8 4],35,63,81,28,53
1,<environment.Job instance at 0x7f988eb7ce60>,31,14,[9 5],44,81,95,37,68
1,<environment.Job instance at 0x7f98d270c1e0>,40,14,[ 2 10],58,95,109,37,92
1,<environment.Job instance at 0x7f988ea54410>,44,16,[ 3 10],62,109,125,47,96
1,<environment.Job instance at 0x7f988eb06a50>,51,28,[8 5],72,125,153,53,124
1,<environment.Job instance at 0x7f98d28275a0>,62,2,[5 9],87,153,155,66,141
1,<environment.Job instance at 0x7f988ea05a00>,70,28,[5 6],95,172,200,77,172
1,<environment.Job instance at 0x7f98d94e42d0>,4,15,[10  2],6,6,21,0,6
1,<environment.Job instance at 0x7f98d94e4be0>,5,17,[5 5],7,21,38,14,9
1,<environment.Job instance at 0x7f98d94d65a0>,18,12,[8 5],25,38,50,13,25
1,<environment.Job instance at 0x7f98d94ecbe0>,25,16,[3 5],36,52,68,16,52
1,<environment.Job instance at 0x7f988eea3d20>,2,18,[ 5 10],8,9,27,1,9
1,<environment.Job instance at 0x7f98d9079b40>,11,28,[7 1],24,29,57,5,29
1,<environment.Job instance at 0x7f98d917fe10>,25,1,[3 6],40,40,41,0,40
1,<environment.Job instance at 0x7f98d917f910>,28,17,[5 5],44,57,74,13,50
1,<environment.Job instance at 0x7f98d9107910>,35,13,[5 5],54,61,74,7,61
1,<environment.Job instance at 0x7f98d9107f50>,38,3,[8 3],59,74,77,15,61
1,<environment.Job instance at 0x7f98d91070f0>,39,2,[8 3],61,77,79,16,61
1,<environment.Job instance at 0x7f98d93e1a00>,43,17,[5 2],65,79,96,14,67
1,<environment.Job instance at 0x7f988ee16500>,47,3,[1 5],70,77,80,7,77
1,<environment.Job instance at 0x7f98d93e12d0>,44,24,[4 8],66,80,104,14,77
1,<environment.Job instance at 0x7f98d9479370>,61,13,[3 5],86,104,117,18,97
1,<environment.Job instance at 0x7f98d254da00>,62,12,[5 8],88,117,129,29,100
1,<environment.Job instance at 0x7f988ee263c0>,72,22,[7 4],103,134,156,31,134
1,<environment.Job instance at 0x7f98d261c370>,79,15,[3 7],112,156,171,44,155
1,<environment.Job instance at 0x7f98d901fb90>,82,14,[7 2],116,159,173,43,159
1,<environment.Job instance at 0x7f98d93b2780>,85,12,[5 6],119,175,187,56,175
1,<environment.Job instance at 0x7f98d93b2b40>,86,15,[10  4],120,187,202,67,175
1,<environment.Job instance at 0x7f988ebdad70>,2,26,[3 7],3,5,31,2,5
1,<environment.Job instance at 0x7f98d28b1320>,11,2,[8 4],20,31,33,11,20
1,<environment.Job instance at 0x7f988ee19e60>,5,14,[4 9],10,33,47,23,31
1,<environment.Job instance at 0x7f988ef48eb0>,15,27,[ 4 10],26,47,74,21,45
1,<environment.Job instance at 0x7f98d2b5deb0>,32,18,[4 9],55,74,92,19,67
1,<environment.Job instance at 0x7f98d2919fa0>,42,14,[5 1],69,112,126,43,112
1,<environment.Job instance at 0x7f988eed92d0>,47,1,[4 7],76,113,114,37,113
1,<environment.Job instance at 0x7f98d9743460>,49,14,[7 5],78,126,140,48,116
1,<environment.Job instance at 0x7f98d2919410>,43,15,[1 8],70,140,155,70,129
1,<environment.Job instance at 0x7f98d2b220f0>,58,18,[3 7],92,155,173,63,148
1,<environment.Job instance at 0x7f98d9544fa0>,63,18,[6 2],101,154,172,53,154
1,<environment.Job instance at 0x7f98d8fe4410>,67,25,[7 4],105,173,198,68,170
1,<environment.Job instance at 0x7f98d2837370>,0,15,[8 1],1,2,17,1,2
1,<environment.Job instance at 0x7f98d26d1a50>,5,1,[3 5],8,17,18,9,14
1,<environment.Job instance at 0x7f98d26d1fa0>,11,3,[9 5],18,18,21,0,18
1,<environment.Job instance at 0x7f988efeb410>,14,13,[6 5],22,22,35,0,22
1,<environment.Job instance at 0x7f98d26d1cd0>,7,13,[3 6],11,35,48,24,23
1,<environment.Job instance at 0x7f988efeb690>,16,3,[10  3],25,48,51,23,25
1,<environment.Job instance at 0x7f988f0012d0>,25,13,[5 5],38,51,64,13,38
1,<environment.Job instance at 0x7f988f001c30>,34,17,[8 4],52,64,81,12,58
1,<environment.Job instance at 0x7f988f001f00>,38,12,[2 7],57,81,93,24,67
1,<environment.Job instance at 0x7f988f0248c0>,46,15,[3 8],70,93,108,23,79
1,<environment.Job instance at 0x7f988efea7d0>,57,14,[3 7],86,108,122,22,97
1,<environment.Job instance at 0x7f988efeaa00>,61,18,[8 2],91,122,140,31,111
1,<environment.Job instance at 0x7f988efea640>,66,14,[5 8],96,140,154,44,135
1,<environment.Job instance at 0x7f988f0234b0>,71,12,[2 8],103,154,166,51,139
1,<environment.Job instance at 0x7f988f023230>,74,19,[6 5],106,166,185,60,156
1,<environment.Job instance at 0x7f98d25092d0>,4,14,[6 3],8,8,22,0,8
1,<environment.Job instance at 0x7f988f032c30>,11,14,[9 2],16,22,36,6,16
1,<environment.Job instance at 0x7f988ec379b0>,16,3,[10  4],25,36,39,11,26
1,<environment.Job instance at 0x7f988effa8c0>,24,14,[3 5],37,39,53,2,37
1,<environment.Job instance at 0x7f98d2509550>,7,18,[7 3],12,39,57,27,38
1,<environment.Job instance at 0x7f98d9196500>,18,22,[2 9],27,57,79,30,50
1,<environment.Job instance at 0x7f98d91ec0a0>,40,1,[4 7],61,79,80,18,73
1,<environment.Job instance at 0x7f98d91ec4b0>,42,2,[3 8],63,80,82,17,76
1,<environment.Job instance at 0x7f988eb0c3c0>,43,12,[10  4],64,82,94,18,78
1,<environment.Job instance at 0x7f988eb0c6e0>,44,3,[7 2],65,94,97,29,79
1,<environment.Job instance at 0x7f988eb0c230>,45,3,[ 4 10],66,97,100,31,86
1,<environment.Job instance at 0x7f98d9225910>,48,14,[5 5],71,100,114,29,93
1,<environment.Job instance at 0x7f98d255bdc0>,53,2,[7 5],79,114,116,35,103
1,<environment.Job instance at 0x7f98d255b870>,54,1,[3 6],80,116,117,36,103
1,<environment.Job instance at 0x7f98d255b140>,52,2,[6 2],76,116,118,40,103
1,<environment.Job instance at 0x7f98d255bfa0>,55,2,[5 5],81,103,105,22,103
1,<environment.Job instance at 0x7f98d255baf0>,56,2,[1 8],83,117,119,34,104
1,<environment.Job instance at 0x7f98d255b190>,58,2,[9 2],87,118,120,31,104
1,<environment.Job instance at 0x7f98d255b780>,59,3,[4 8],88,120,123,32,104
1,<environment.Job instance at 0x7f98d255b4b0>,51,20,[8 1],75,123,143,48,118
1,<environment.Job instance at 0x7f988ef797d0>,66,13,[2 5],101,131,144,30,131
1,<environment.Job instance at 0x7f988ef79d20>,67,14,[1 8],103,144,158,41,131
1,<environment.Job instance at 0x7f98d255b640>,61,16,[9 1],90,144,160,54,139
1,<environment.Job instance at 0x7f98d26cdfa0>,73,12,[5 5],110,160,172,50,149
1,<environment.Job instance at 0x7f98d26cdb90>,78,14,[8 5],117,173,187,56,173
1,<environment.Job instance at 0x7f988edf4aa0>,1,14,[4 8],2,3,17,1,3
1,<environment.Job instance at 0x7f988eb6daf0>,5,14,[2 7],6,17,31,11,6
1,<environment.Job instance at 0x7f98d2bd0dc0>,8,15,[1 9],13,31,46,18,17
1,<environment.Job instance at 0x7f988edaab90>,15,15,[5 3],22,46,61,24,34
1,<environment.Job instance at 0x7f988eb37eb0>,25,18,[1 6],38,46,64,8,41
1,<environment.Job instance at 0x7f98d9a6dc30>,36,15,[6 2],56,61,76,5,56
1,<environment.Job instance at 0x7f98d2ba1f50>,21,26,[8 2],32,76,102,44,73
1,<environment.Job instance at 0x7f988ed85cd0>,42,28,[2 8],66,79,107,13,79
1,<environment.Job instance at 0x7f988eed4910>,53,19,[7 5],79,107,126,28,102
1,<environment.Job instance at 0x7f98d26ad9b0>,63,27,[8 2],92,126,153,34,125
1,<environment.Job instance at 0x7f988ea10690>,22,24,[8 3],33,175,199,142,175
1,<environment.Job instance at 0x7f98d26f37d0>,1,15,[3 8],4,4,19,0,4
1,<environment.Job instance at 0x7f988e9ffaa0>,15,3,[6 5],21,23,26,2,23
1,<environment.Job instance at 0x7f988ea080a0>,18,13,[5 3],29,36,49,7,36
1,<environment.Job instance at 0x7f988ea08460>,23,1,[10  1],38,49,50,11,39
1,<environment.Job instance at 0x7f988ea08960>,25,18,[5 5],41,50,68,9,41
1,<environment.Job instance at 0x7f988ea16190>,33,1,[9 2],52,68,69,16,61
1,<environment.Job instance at 0x7f988ea162d0>,35,1,[5 2],55,62,63,7,62
1,<environment.Job instance at 0x7f988ea16500>,36,17,[7 1],56,69,86,13,64
1,<environment.Job instance at 0x7f988ea16be0>,43,14,[5 5],65,86,100,21,73
1,<environment.Job instance at 0x7f988ea16f00>,46,22,[9 3],68,100,122,32,97
1,<environment.Job instance at 0x7f988ea05820>,54,19,[5 4],82,122,141,40,113
1,<environment.Job instance at 0x7f988ea055f0>,61,16,[9 1],90,141,157,51,135
1,<environment.Job instance at 0x7f988ea05cd0>,62,13,[5 6],91,157,170,66,141
1,<environment.Job instance at 0x7f988ea27550>,69,21,[4 5],98,170,191,72,166
1,<environment.Job instance at 0x7f988ea05640>,53,25,[4 5],81,173,198,92,173
1,<environment.Job instance at 0x7f98d26f3190>,2,12,[9 1],4,4,16,0,4
1,<environment.Job instance at 0x7f98d26f3b40>,9,20,[7 4],13,16,36,3,13
1,<environment.Job instance at 0x7f988ea05640>,4,15,[4 8],7,36,51,29,23
1,<environment.Job instance at 0x7f98d94bda00>,20,16,[10  4],36,51,67,15,44
1,<environment.Job instance at 0x7f988eaaadc0>,30,17,[3 5],49,67,84,18,56
1,<environment.Job instance at 0x7f988eaaa190>,34,2,[3 5],54,67,69,13,63
1,<environment.Job instance at 0x7f98d270caa0>,36,3,[10  1],57,84,87,27,64
1,<environment.Job instance at 0x7f988eaaab40>,31,18,[4 8],51,87,105,36,76
1,<environment.Job instance at 0x7f988ef5b730>,50,1,[ 2 10],76,105,106,29,92
1,<environment.Job instance at 0x7f98d270c190>,39,13,[2 9],60,106,119,46,92
1,<environment.Job instance at 0x7f98d960f640>,60,18,[ 3 10],96,119,137,23,113
1,<environment.Job instance at 0x7f98d960f5a0>,64,27,[10  5],102,137,164,35,135
1,<environment.Job instance at 0x7f988efa6780>,78,25,[4 9],123,164,189,41,162
1,<environment.Job instance at 0x7f988ecdaa50>,4,21,[7 4],7,8,29,1,8
1,<environment.Job instance at 0x7f988ecda780>,10,15,[9 4],17,29,44,12,17
1,<environment.Job instance at 0x7f98d9018050>,29,15,[ 3 10],46,46,61,0,46
1,<environment.Job instance at 0x7f988e9a8e10>,33,17,[ 3 10],51,61,78,10,51
1,<environment.Job instance at 0x7f988e9a8eb0>,36,12,[5 9],55,78,90,23,63
1,<environment.Job instance at 0x7f988e9a8f00>,44,15,[3 6],67,90,105,23,79
1,<environment.Job instance at 0x7f988e94f0f0>,51,2,[4 8],75,105,107,30,98
1,<environment.Job instance at 0x7f988e94f0a0>,52,2,[ 3 10],76,107,109,31,99
1,<environment.Job instance at 0x7f988ebfe8c0>,53,1,[6 3],78,99,100,21,99
1,<environment.Job instance at 0x7f988e94ff00>,49,22,[8 5],73,109,131,36,106
1,<environment.Job instance at 0x7f988ebfed70>,59,2,[9 2],85,131,133,46,109
1,<environment.Job instance at 0x7f98d2b641e0>,64,25,[4 8],92,133,158,41,131
1,<environment.Job instance at 0x7f98d2873820>,79,13,[5 1],110,171,184,61,171
1,<environment.Job instance at 0x7f988f082f50>,1,15,[6 3],5,5,20,0,5
1,<environment.Job instance at 0x7f98d25cf4b0>,2,17,[9 1],7,20,37,13,8
1,<environment.Job instance at 0x7f988ee78140>,14,16,[3 8],24,37,53,13,24
1,<environment.Job instance at 0x7f988ee6c5f0>,18,1,[ 2 10],33,53,54,20,34
1,<environment.Job instance at 0x7f988ee70a50>,23,1,[5 2],38,38,39,0,38
1,<environment.Job instance at 0x7f988eb8f0a0>,35,26,[5 4],53,68,94,15,68
1,<environment.Job instance at 0x7f98d91a43c0>,40,14,[5 6],61,69,83,8,69
1,<environment.Job instance at 0x7f98d2899be0>,45,16,[5 8],70,94,110,24,89
1,<environment.Job instance at 0x7f988e966320>,52,15,[3 7],79,110,125,31,108
1,<environment.Job instance at 0x7f988e966140>,54,2,[2 6],81,125,127,44,111
1,<environment.Job instance at 0x7f988e966640>,55,2,[5 3],82,112,114,30,112
1,<environment.Job instance at 0x7f988e9665a0>,56,3,[3 9],83,127,130,44,112
1,<environment.Job instance at 0x7f988eb0a370>,57,13,[9 5],87,130,143,43,116
1,<environment.Job instance at 0x7f988eb0ac30>,62,27,[9 5],95,146,173,51,146
1,<environment.Job instance at 0x7f988eec8960>,0,14,[9 2],3,5,19,2,5
1,<environment.Job instance at 0x7f98d28aae60>,5,22,[10  5],9,19,41,10,12
1,<environment.Job instance at 0x7f98d2784140>,16,18,[2 8],20,41,59,21,30
1,<environment.Job instance at 0x7f98d95ad7d0>,19,22,[6 2],23,41,63,18,36
1,<environment.Job instance at 0x7f98d95add20>,25,3,[10  3],33,63,66,30,42
1,<environment.Job instance at 0x7f98d95ad820>,24,22,[3 8],30,66,88,36,60
1,<environment.Job instance at 0x7f988edbe5f0>,37,12,[5 5],59,88,100,29,83
1,<environment.Job instance at 0x7f988f0ad910>,39,3,[8 3],61,100,103,39,83
1,<environment.Job instance at 0x7f98d27b30a0>,34,28,[9 4],52,103,131,51,102
1,<environment.Job instance at 0x7f988f03b960>,51,16,[5 5],76,131,147,55,118
1,<environment.Job instance at 0x7f988f03b370>,54,16,[3 6],79,147,163,68,134
1,<environment.Job instance at 0x7f98d27c1280>,57,15,[5 7],82,163,178,81,149
1,<environment.Job instance at 0x7f98d8f90370>,1,12,[7 5],3,3,15,0,3
1,<environment.Job instance at 0x7f98d903ad70>,3,16,[1 5],5,5,21,0,5
1,<environment.Job instance at 0x7f988ee3c410>,6,12,[5 2],8,15,27,7,8
1,<environment.Job instance at 0x7f988ee3ce10>,7,15,[4 6],9,21,36,12,9
1,<environment.Job instance at 0x7f98d902bc30>,20,3,[5 5],30,36,39,6,30
1,<environment.Job instance at 0x7f988ee3c640>,14,17,[8 2],23,39,56,16,31
1,<environment.Job instance at 0x7f98d902b410>,24,22,[7 5],34,56,78,22,49
1,<environment.Job instance at 0x7f988e825410>,33,1,[1 7],47,88,89,41,88
1,<environment.Job instance at 0x7f98d902b690>,25,12,[1 6],35,97,109,62,97
1,<environment.Job instance at 0x7f988e8a5d70>,40,2,[7 5],57,109,111,52,109
1,<environment.Job instance at 0x7f988e8a5960>,41,1,[3 9],60,111,112,51,109
1,<environment.Job instance at 0x7f988e8a55f0>,42,2,[7 3],61,112,114,51,110
1,<environment.Job instance at 0x7f988e8a5910>,43,3,[10  5],62,114,117,52,110
1,<environment.Job instance at 0x7f988e8a5aa0>,48,13,[9 4],67,135,148,68,135
1,<environment.Job instance at 0x7f988e88dc80>,58,18,[4 5],85,148,166,63,147
1,<environment.Job instance at 0x7f988e88d9b0>,60,22,[2 7],87,166,188,79,159
1,<environment.Job instance at 0x7f988ee49190>,2,14,[1 7],5,5,19,0,5
1,<environment.Job instance at 0x7f988ebf71e0>,13,18,[1 6],20,21,39,1,21
1,<environment.Job instance at 0x7f988ebf7fa0>,17,18,[2 9],24,39,57,15,28
1,<environment.Job instance at 0x7f988ec14140>,25,13,[4 6],36,57,70,21,43
1,<environment.Job instance at 0x7f988eabce10>,43,1,[10  3],59,70,71,11,65
1,<environment.Job instance at 0x7f988ef498c0>,38,1,[5 1],54,71,72,17,71
1,<environment.Job instance at 0x7f988eabc5f0>,45,3,[5 6],63,75,78,12,75
1,<environment.Job instance at 0x7f988eae1410>,50,1,[6 1],71,78,79,7,75
1,<environment.Job instance at 0x7f988e7b1050>,51,15,[5 9],74,79,94,5,78
1,<environment.Job instance at 0x7f988eaa9870>,53,14,[9 1],77,94,108,17,79
1,<environment.Job instance at 0x7f988eabe1e0>,65,12,[10  3],93,108,120,15,98
1,<environment.Job instance at 0x7f988eabe5a0>,71,27,[ 3 10],103,120,147,17,118
1,<environment.Job instance at 0x7f98d2b16e10>,79,20,[10  3],116,147,167,31,138
1,<environment.Job instance at 0x7f988ead34b0>,89,14,[3 7],129,167,181,38,157
1,<environment.Job instance at 0x7f98d9577370>,0,15,[ 3 10],1,1,16,0,1
1,<environment.Job instance at 0x7f98d96eeaa0>,3,13,[8 4],4,16,29,12,6
1,<environment.Job instance at 0x7f98d9b991e0>,15,14,[5 1],22,29,43,7,22
1,<environment.Job instance at 0x7f98d96eea00>,8,18,[7 4],12,43,61,31,34
1,<environment.Job instance at 0x7f98d2b95aa0>,22,15,[7 4],34,61,76,27,48
1,<environment.Job instance at 0x7f988ee9b5f0>,33,18,[3 5],53,53,71,0,53
1,<environment.Job instance at 0x7f98d27e5690>,37,18,[9 1],59,76,94,17,65
1,<environment.Job instance at 0x7f98d2783a00>,41,1,[10  3],64,94,95,30,69
1,<environment.Job instance at 0x7f98d2783be0>,40,3,[ 3 10],62,95,98,33,69
1,<environment.Job instance at 0x7f988e790be0>,46,14,[3 8],70,98,112,28,87
1,<environment.Job instance at 0x7f988e790780>,45,26,[ 4 10],69,112,138,43,109
1,<environment.Job instance at 0x7f988f0c4870>,50,17,[6 2],76,138,155,62,127
1,<environment.Job instance at 0x7f988ee1e7d0>,70,12,[2 6],108,150,162,42,150
1,<environment.Job instance at 0x7f98d91edd20>,56,28,[9 1],84,165,193,81,165
1,<environment.Job instance at 0x7f988efacc80>,0,12,[5 1],1,1,13,0,1
1,<environment.Job instance at 0x7f98d94abbe0>,4,16,[3 5],8,8,24,0,8
1,<environment.Job instance at 0x7f988e87e0a0>,9,14,[9 2],13,24,38,11,13
1,<environment.Job instance at 0x7f988f0231e0>,2,15,[ 4 10],4,38,53,34,27
1,<environment.Job instance at 0x7f98d267a9b0>,24,12,[8 5],33,53,65,20,39
1,<environment.Job instance at 0x7f98d267abe0>,27,18,[4 5],36,65,83,29,54
1,<environment.Job instance at 0x7f988ee67550>,32,12,[8 3],42,83,95,41,66
1,<environment.Job instance at 0x7f988ee678c0>,37,25,[9 3],49,95,120,46,92
1,<environment.Job instance at 0x7f988e9b4320>,55,3,[4 8],77,120,123,43,103
1,<environment.Job instance at 0x7f988e72b230>,47,21,[7 3],66,123,144,57,121
1,<environment.Job instance at 0x7f98d9584050>,66,12,[1 5],93,124,136,31,124
1,<environment.Job instance at 0x7f98d95840a0>,67,1,[7 2],95,144,145,49,124
1,<environment.Job instance at 0x7f98d9584280>,68,18,[1 6],96,136,154,40,126
1,<environment.Job instance at 0x7f98d2b94d70>,79,15,[7 4],114,153,168,39,153
1,<environment.Job instance at 0x7f98d2b947d0>,81,14,[8 1],116,168,182,52,157
1,<environment.Job instance at 0x7f98d2b944b0>,74,22,[5 6],104,182,204,78,177
1,<environment.Job instance at 0x7f988e95f910>,0,14,[5 9],2,2,16,0,2
1,<environment.Job instance at 0x7f98d2b418c0>,8,14,[1 6],17,17,31,0,17
1,<environment.Job instance at 0x7f98d9ab05a0>,11,18,[7 5],20,31,49,11,20
1,<environment.Job instance at 0x7f98d94e2fa0>,23,26,[6 4],38,49,75,11,46
1,<environment.Job instance at 0x7f988efae0f0>,31,2,[6 3],52,79,81,27,79
1,<environment.Job instance at 0x7f988efae140>,30,3,[3 8],50,81,84,31,79
1,<environment.Job instance at 0x7f988efae690>,32,22,[3 6],53,84,106,31,81
1,<environment.Job instance at 0x7f98d9532cd0>,44,18,[5 5],71,106,124,35,104
1,<environment.Job instance at 0x7f98d9532050>,48,12,[9 2],75,124,136,49,115
1,<environment.Job instance at 0x7f98d9301370>,53,18,[6 4],80,136,154,56,132
1,<environment.Job instance at 0x7f98d9301730>,55,17,[2 7],82,154,171,72,146
1,<environment.Job instance at 0x7f98d9329910>,64,18,[7 5],92,171,189,79,167
1,<environment.Job instance at 0x7f988eeb1af0>,69,16,[4 9],101,189,205,88,177
1,<environment.Job instance at 0x7f084da280a0>,2,14,[5 5],5,5,19,0,5
1,<environment.Job instance at 0x7f084da6c5a0>,4,17,[2 8],8,19,36,11,8
1,<environment.Job instance at 0x7f084661d0a0>,21,14,[6 2],28,38,52,10,38
1,<environment.Job instance at 0x7f084661d460>,23,15,[7 4],30,52,67,22,40
1,<environment.Job instance at 0x7f0846632050>,0,18,[ 1 10],1,3,21,2,3
1,<environment.Job instance at 0x7f084da4fe10>,9,16,[2 7],12,21,37,9,13
1,<environment.Job instance at 0x7f084db91f50>,14,17,[ 2 10],18,37,54,19,26
1,<environment.Job instance at 0x7f084db95500>,27,1,[8 1],34,54,55,20,41
1,<environment.Job instance at 0x7f084db95fa0>,28,15,[3 8],36,55,70,19,41
1,<environment.Job instance at 0x7f084dba36e0>,36,2,[5 2],45,55,57,10,46
1,<environment.Job instance at 0x7f084db970a0>,19,15,[9 4],24,70,85,46,56
1,<environment.Job instance at 0x7f084db99d70>,45,1,[2 9],56,85,86,29,61
1,<environment.Job instance at 0x7f084db9e690>,48,13,[5 5],60,86,99,26,74
1,<environment.Job instance at 0x7f084db9e320>,50,14,[5 7],62,99,113,37,85
1,<environment.Job instance at 0x7f084dba24b0>,57,2,[3 7],70,113,115,43,89
1,<environment.Job instance at 0x7f084dba2a50>,64,18,[5 3],81,114,132,33,114
1,<environment.Job instance at 0x7f084dba2050>,65,16,[1 6],82,115,131,33,114
1,<environment.Job instance at 0x7f084db92230>,67,2,[2 5],85,131,133,46,116
1,<environment.Job instance at 0x7f084db94910>,72,12,[7 3],91,132,144,41,129
1,<environment.Job instance at 0x7f080291d690>,78,17,[6 2],102,150,167,48,150
1,<environment.Job instance at 0x7f080298ca00>,85,13,[4 6],110,169,182,59,169
1,<environment.Job instance at 0x7f08029996e0>,87,17,[4 7],113,182,199,69,175
1,<environment.Job instance at 0x7f08028a1370>,5,1,[6 2],11,11,12,0,11
1,<environment.Job instance at 0x7f08464765a0>,7,17,[8 3],13,13,30,0,13
1,<environment.Job instance at 0x7f0846476230>,6,19,[ 3 10],12,30,49,18,20
1,<environment.Job instance at 0x7f0802a4fa00>,23,1,[10  2],30,49,50,19,40
1,<environment.Job instance at 0x7f0802a4fbe0>,24,2,[3 8],31,50,52,19,40
1,<environment.Job instance at 0x7f0802935500>,18,18,[4 7],25,52,70,27,43
1,<environment.Job instance at 0x7f08464a34b0>,27,18,[8 4],37,70,88,33,59
1,<environment.Job instance at 0x7f08028e1e60>,39,13,[7 1],51,88,101,37,81
1,<environment.Job instance at 0x7f08464a7cd0>,42,2,[1 8],54,88,90,34,81
1,<environment.Job instance at 0x7f080290d320>,47,1,[6 2],63,101,102,38,84
1,<environment.Job instance at 0x7f080291d550>,49,3,[ 4 10],65,102,105,37,87
1,<environment.Job instance at 0x7f0802a525f0>,43,15,[10  2],55,105,120,50,97
1,<environment.Job instance at 0x7f0802df1aa0>,0,18,[8 2],1,1,19,0,1
1,<environment.Job instance at 0x7f0802e19dc0>,1,13,[2 7],2,2,15,0,2
1,<environment.Job instance at 0x7f08466520a0>,8,14,[9 5],14,19,33,5,18
1,<environment.Job instance at 0x7f0846652460>,14,18,[ 3 10],22,33,51,11,22
1,<environment.Job instance at 0x7f0802a19e10>,28,28,[8 5],42,55,83,13,55
1,<environment.Job instance at 0x7f0802867550>,39,2,[5 9],57,83,85,26,81
1,<environment.Job instance at 0x7f0846776960>,18,13,[4 6],29,85,98,56,81
1,<environment.Job instance at 0x7f0802867af0>,41,2,[8 2],59,98,100,39,81
1,<environment.Job instance at 0x7f0802867280>,44,2,[5 7],62,100,102,38,81
1,<environment.Job instance at 0x7f08029add70>,31,27,[8 4],45,113,140,68,113
1,<environment.Job instance at 0x7f0802999cd0>,60,18,[7 3],89,140,158,51,129
1,<environment.Job instance at 0x7f084da51b40>,63,13,[10  4],92,158,171,66,142
1,<environment.Job instance at 0x7f0802d7f2d0>,70,15,[2 8],103,171,186,68,163
1,<environment.Job instance at 0x7f0802d7fc80>,72,16,[9 2],108,186,202,78,173
1,<environment.Job instance at 0x7f08028bdb90>,4,2,[1 7],7,10,12,3,10
1,<environment.Job instance at 0x7f08028bd0f0>,2,26,[10  2],4,12,38,8,11
1,<environment.Job instance at 0x7f08464b5be0>,20,14,[8 2],29,38,52,9,33
1,<environment.Job instance at 0x7f0846482140>,25,13,[2 8],36,38,51,2,37
1,<environment.Job instance at 0x7f08464829b0>,30,3,[4 5],42,52,55,10,42
1,<environment.Job instance at 0x7f0846497910>,31,12,[2 5],43,51,63,8,44
1,<environment.Job instance at 0x7f0846497140>,34,1,[7 1],46,55,56,9,49
1,<environment.Job instance at 0x7f08464a9c80>,42,2,[9 2],57,69,71,12,69
1,<environment.Job instance at 0x7f0846494050>,45,13,[1 7],60,80,93,20,80
1,<environment.Job instance at 0x7f0802c50820>,52,1,[5 5],69,112,113,43,112
1,<environment.Job instance at 0x7f0802c497d0>,58,13,[5 1],80,113,126,33,113
1,<environment.Job instance at 0x7f0802c5e820>,59,17,[9 5],81,126,143,45,117
1,<environment.Job instance at 0x7f0846409f00>,66,27,[8 1],91,143,170,52,141
1,<environment.Job instance at 0x7f08464be730>,73,12,[8 3],102,170,182,68,155
1,<environment.Job instance at 0x7f08464bef00>,78,24,[8 4],111,182,206,71,178
1,<environment.Job instance at 0x7f08464fbd70>,9,17,[5 2],15,15,32,0,15
1,<environment.Job instance at 0x7f08464fb6e0>,10,24,[4 8],16,17,41,1,17
1,<environment.Job instance at 0x7f084d58ae60>,28,12,[5 8],38,41,53,3,38
1,<environment.Job instance at 0x7f08464c97d0>,32,17,[7 3],44,53,70,9,44
1,<environment.Job instance at 0x7f08464c9370>,37,13,[1 8],52,70,83,18,54
1,<environment.Job instance at 0x7f084d44f6e0>,45,15,[3 7],62,83,98,21,78
1,<environment.Job instance at 0x7f0802970eb0>,48,14,[7 2],66,89,103,23,89
1,<environment.Job instance at 0x7f0802960870>,51,12,[5 6],69,103,115,34,89
1,<environment.Job instance at 0x7f084d3fb7d0>,54,16,[7 3],73,115,131,42,102
1,<environment.Job instance at 0x7f084d1e0500>,59,23,[2 9],80,131,154,51,125
1,<environment.Job instance at 0x7f0846814910>,67,14,[5 8],89,154,168,65,145
1,<environment.Job instance at 0x7f084d2970a0>,75,13,[3 8],101,168,181,67,153
1,<environment.Job instance at 0x7f0802d36a00>,79,15,[6 4],108,181,196,73,170
1,<environment.Job instance at 0x7f0846abc3c0>,84,18,[10  4],116,196,214,80,187
1,<environment.Job instance at 0x7f084669f960>,5,3,[7 4],8,9,12,1,9
1,<environment.Job instance at 0x7f084d46de60>,10,1,[10  4],14,17,18,3,17
1,<environment.Job instance at 0x7f0846a909b0>,14,1,[1 9],19,24,25,5,24
1,<environment.Job instance at 0x7f08466ee050>,17,12,[1 7],22,29,41,7,29
1,<environment.Job instance at 0x7f08466eedc0>,16,16,[4 8],21,41,57,20,29
1,<environment.Job instance at 0x7f084669ff00>,7,15,[1 8],10,57,72,47,53
1,<environment.Job instance at 0x7f0802a8e6e0>,27,18,[6 2],41,53,71,12,53
1,<environment.Job instance at 0x7f0802e0ebe0>,30,3,[9 5],44,72,75,28,53
1,<environment.Job instance at 0x7f08468e2aa0>,24,16,[5 7],34,75,91,41,67
1,<environment.Job instance at 0x7f0802a203c0>,39,16,[9 4],56,91,107,35,85
1,<environment.Job instance at 0x7f084673aa00>,49,16,[4 8],70,107,123,37,94
1,<environment.Job instance at 0x7f08465c0c80>,62,17,[10  5],85,134,151,49,134
1,<environment.Job instance at 0x7f084d919f00>,69,25,[8 5],96,156,181,60,156
1,<environment.Job instance at 0x7f084d070960>,75,14,[4 8],104,181,195,77,177
1,<environment.Job instance at 0x7f08028d7230>,6,18,[7 1],7,7,25,0,7
1,<environment.Job instance at 0x7f08028d70a0>,8,14,[ 2 10],11,25,39,14,11
1,<environment.Job instance at 0x7f08028d7c30>,14,18,[8 2],21,39,57,18,28
1,<environment.Job instance at 0x7f08028c75f0>,24,12,[2 8],33,41,53,8,41
1,<environment.Job instance at 0x7f08028c77d0>,27,19,[6 5],36,57,76,21,52
1,<environment.Job instance at 0x7f08028c7f00>,33,14,[4 8],43,76,90,33,66
1,<environment.Job instance at 0x7f08028c7e60>,35,14,[8 2],45,90,104,45,76
1,<environment.Job instance at 0x7f08028bc280>,53,1,[5 3],67,128,129,61,128
1,<environment.Job instance at 0x7f08028bc0a0>,54,16,[6 3],68,129,145,61,128
1,<environment.Job instance at 0x7f08028bcaf0>,65,26,[3 5],86,158,184,72,158
1,<environment.Job instance at 0x7f08028bcfa0>,68,15,[5 9],90,184,199,94,170
1,<environment.Job instance at 0x7f08028d1640>,75,1,[4 8],99,199,200,100,184
1,<environment.Job instance at 0x7f08028d16e0>,77,1,[3 8],102,200,201,98,185
1,<environment.Job instance at 0x7f08028bc5a0>,2,17,[7 3],5,5,22,0,5
1,<environment.Job instance at 0x7f0846858af0>,7,17,[10  2],11,22,39,11,11
1,<environment.Job instance at 0x7f0846467cd0>,13,1,[3 6],24,39,40,15,24
1,<environment.Job instance at 0x7f0802d4b9b0>,20,21,[3 8],34,58,79,24,58
1,<environment.Job instance at 0x7f0802ecce10>,23,14,[8 5],37,79,93,42,66
1,<environment.Job instance at 0x7f0802f606e0>,33,17,[ 5 10],51,93,110,42,89
1,<environment.Job instance at 0x7f084d92aa00>,38,13,[9 1],56,110,123,54,100
1,<environment.Job instance at 0x7f084d168190>,44,17,[8 4],63,123,140,60,111
1,<environment.Job instance at 0x7f08466d2690>,50,3,[5 5],69,140,143,71,122
1,<environment.Job instance at 0x7f08466d2640>,49,2,[3 6],68,143,145,75,123
1,<environment.Job instance at 0x7f084d168fa0>,46,17,[8 4],65,145,162,80,135
1,<environment.Job instance at 0x7f08466d2910>,48,13,[3 7],67,162,175,95,152
1,<environment.Job instance at 0x7f084d187780>,65,14,[7 5],89,175,189,86,161
1,<environment.Job instance at 0x7f08028e33c0>,72,19,[10  3],99,189,208,90,179
1,<environment.Job instance at 0x7f0802c83280>,19,2,[3 9],25,27,29,2,27
1,<environment.Job instance at 0x7f0802cc65a0>,20,18,[1 9],26,29,47,3,27
1,<environment.Job instance at 0x7f08469c4af0>,22,2,[5 4],28,47,49,19,35
1,<environment.Job instance at 0x7f0802dab5a0>,23,2,[1 9],30,49,51,19,35
1,<environment.Job instance at 0x7f0802b1f550>,17,18,[8 4],23,51,69,28,44
1,<environment.Job instance at 0x7f0802cb56e0>,29,14,[5 3],39,69,83,30,59
1,<environment.Job instance at 0x7f08469960f0>,33,14,[8 4],46,83,97,37,69
1,<environment.Job instance at 0x7f084679f410>,38,15,[5 5],53,97,112,44,83
1,<environment.Job instance at 0x7f08465885a0>,63,15,[3 8],94,154,169,60,154
1,<environment.Job instance at 0x7f084dba22d0>,31,19,[5 8],42,174,193,132,174
1,<environment.Job instance at 0x7f0802e240f0>,74,13,[6 5],108,193,206,85,184
1,<environment.Job instance at 0x7f0802c6a960>,5,14,[5 1],10,29,43,19,29
1,<environment.Job instance at 0x7f0802c70050>,16,1,[6 1],24,43,44,19,31
1,<environment.Job instance at 0x7f0802c701e0>,18,12,[8 5],28,44,56,16,40
1,<environment.Job instance at 0x7f0802c70370>,19,14,[7 4],29,56,70,27,41
1,<environment.Job instance at 0x7f080287cb90>,37,18,[5 9],58,70,88,12,64
1,<environment.Job instance at 0x7f080287ca50>,38,19,[6 4],59,88,107,29,78
1,<environment.Job instance at 0x7f0802889c80>,53,17,[ 4 10],83,110,127,27,110
1,<environment.Job instance at 0x7f0802889b90>,55,14,[5 7],85,127,141,42,113
1,<environment.Job instance at 0x7f08028607d0>,63,14,[ 1 10],96,141,155,45,134
1,<environment.Job instance at 0x7f0802860c80>,67,15,[8 4],106,155,170,49,148
1,<environment.Job instance at 0x7f08028972d0>,71,12,[5 7],114,170,182,56,154
1,<environment.Job instance at 0x7f08028978c0>,79,16,[5 3],125,179,195,54,179
1,<environment.Job instance at 0x7f0802897640>,80,14,[5 9],127,195,209,68,180
1,<environment.Job instance at 0x7f0846b24af0>,9,14,[7 2],14,18,32,4,18
1,<environment.Job instance at 0x7f0846b24140>,5,16,[7 3],10,32,48,22,19
1,<environment.Job instance at 0x7f08467c5be0>,21,20,[1 5],31,48,68,17,48
1,<environment.Job instance at 0x7f08467c5460>,22,15,[4 8],33,68,83,35,54
1,<environment.Job instance at 0x7f084d5b87d0>,27,13,[7 3],40,83,96,43,72
1,<environment.Job instance at 0x7f084d5b8730>,29,15,[5 9],44,96,111,52,84
1,<environment.Job instance at 0x7f08467c5780>,15,16,[10  2],21,111,127,90,108
1,<environment.Job instance at 0x7f084dba25f0>,49,3,[ 5 10],73,127,130,54,111
1,<environment.Job instance at 0x7f084dba2cd0>,52,15,[3 6],78,130,145,52,126
1,<environment.Job instance at 0x7f084679f410>,55,18,[4 6],84,145,163,61,135
1,<environment.Job instance at 0x7f084d081550>,67,14,[5 2],101,153,167,52,153
1,<environment.Job instance at 0x7f084644c370>,69,18,[2 8],103,163,181,60,153
1,<environment.Job instance at 0x7f0802b5d690>,80,17,[ 3 10],121,181,198,60,169
1,<environment.Job instance at 0x7f0802b5d3c0>,83,12,[5 9],125,198,210,73,183
1,<environment.Job instance at 0x7f0802f65910>,0,13,[4 6],1,1,14,0,1
1,<environment.Job instance at 0x7f0802f65f00>,3,16,[ 5 10],5,14,30,9,6
1,<environment.Job instance at 0x7f0802814870>,8,13,[6 4],14,30,43,16,14
1,<environment.Job instance at 0x7f080283f320>,14,2,[10  5],20,43,45,23,22
1,<environment.Job instance at 0x7f08027ba640>,23,14,[4 7],31,45,59,14,32
1,<environment.Job instance at 0x7f08469445a0>,31,1,[ 4 10],46,59,60,13,48
1,<environment.Job instance at 0x7f08469447d0>,32,1,[ 3 10],47,60,61,13,48
1,<environment.Job instance at 0x7f084646e1e0>,35,16,[8 1],50,61,77,11,60
1,<environment.Job instance at 0x7f084646ec30>,39,17,[5 6],58,77,94,19,66
1,<environment.Job instance at 0x7f084d370aa0>,46,16,[9 1],71,94,110,23,81
1,<environment.Job instance at 0x7f0846aea4b0>,55,18,[5 5],83,110,128,27,100
1,<environment.Job instance at 0x7f0846651f50>,64,3,[9 2],97,129,132,32,129
1,<environment.Job instance at 0x7f08466516e0>,65,1,[5 2],98,132,133,34,129
1,<environment.Job instance at 0x7f0846651cd0>,66,3,[8 2],99,133,136,34,130
1,<environment.Job instance at 0x7f08467a4370>,41,17,[5 5],60,136,153,76,132
1,<environment.Job instance at 0x7f08464085a0>,77,26,[5 4],113,159,185,46,159
1,<environment.Job instance at 0x7f084ce073c0>,86,18,[3 8],129,185,203,56,175
1,<environment.Job instance at 0x7f084d35fdc0>,89,13,[5 5],132,203,216,71,187
1,<environment.Job instance at 0x7f0802d4c190>,0,13,[7 2],1,1,14,0,1
1,<environment.Job instance at 0x7f0846b17eb0>,5,21,[5 5],9,14,35,5,9
1,<environment.Job instance at 0x7f0846b20050>,10,1,[4 7],14,35,36,21,20
1,<environment.Job instance at 0x7f0846b2bb40>,15,17,[6 4],21,37,54,16,37
1,<environment.Job instance at 0x7f084cee6780>,27,13,[9 4],36,54,67,18,49
1,<environment.Job instance at 0x7f08465668c0>,29,18,[4 9],40,67,85,27,59
1,<environment.Job instance at 0x7f084654c910>,33,14,[4 5],45,85,99,40,77
1,<environment.Job instance at 0x7f084d187af0>,40,2,[10  5],56,99,101,43,86
1,<environment.Job instance at 0x7f084d187a50>,42,22,[10  5],59,101,123,42,96
1,<environment.Job instance at 0x7f084d3d50a0>,50,3,[4 7],67,123,126,56,115
1,<environment.Job instance at 0x7f084d3d5eb0>,51,13,[ 4 10],68,126,139,58,115
1,<environment.Job instance at 0x7f0846b330a0>,28,14,[6 3],38,139,153,101,124
1,<environment.Job instance at 0x7f084d3d5f00>,53,18,[2 8],70,153,171,83,153
1,<environment.Job instance at 0x7f0802e9ef50>,64,18,[9 4],85,171,189,86,161
1,<environment.Job instance at 0x7f0802f87be0>,2,15,[ 3 10],9,9,24,0,9
1,<environment.Job instance at 0x7f08467c4870>,10,14,[2 8],24,26,40,2,26
1,<environment.Job instance at 0x7f0802f770f0>,13,16,[10  1],29,40,56,11,30
1,<environment.Job instance at 0x7f084d9190f0>,19,18,[9 3],40,56,74,16,45
1,<environment.Job instance at 0x7f08026c6820>,23,16,[1 5],45,56,72,11,47
1,<environment.Job instance at 0x7f0846857c80>,27,15,[4 6],49,74,89,25,61
1,<environment.Job instance at 0x7f08028cc4b0>,32,2,[10  4],61,89,91,28,62
1,<environment.Job instance at 0x7f08028cc140>,37,13,[6 5],67,91,104,24,79
1,<environment.Job instance at 0x7f08028cc6e0>,39,27,[3 9],69,104,131,35,103
1,<environment.Job instance at 0x7f0802da26e0>,52,16,[ 5 10],85,144,160,59,144
1,<environment.Job instance at 0x7f0802da2410>,59,22,[ 4 10],96,167,189,71,167
1,<environment.Job instance at 0x7f0802a43500>,66,18,[9 5],105,189,207,84,184
1,<environment.Job instance at 0x7f08027666e0>,0,13,[9 5],1,1,14,0,1
1,<environment.Job instance at 0x7f084cf542d0>,9,13,[5 2],19,19,32,0,19
1,<environment.Job instance at 0x7f084cf54780>,11,14,[2 8],22,22,36,0,22
1,<environment.Job instance at 0x7f084cf54550>,13,16,[6 5],27,36,52,9,29
1,<environment.Job instance at 0x7f0802fb3370>,18,14,[1 7],35,52,66,17,37
1,<environment.Job instance at 0x7f0802660e60>,36,12,[6 5],57,66,78,9,58
1,<environment.Job instance at 0x7f08026608c0>,39,28,[6 3],64,78,106,14,78
1,<environment.Job instance at 0x7f080268a190>,53,3,[7 4],83,106,109,23,90
1,<environment.Job instance at 0x7f080268aa50>,54,1,[5 1],84,109,110,25,91
1,<environment.Job instance at 0x7f080268a7d0>,55,16,[6 1],85,110,126,25,97
1,<environment.Job instance at 0x7f0802678140>,66,1,[6 1],101,126,127,25,106
1,<environment.Job instance at 0x7f080266ce60>,31,15,[4 8],52,109,124,57,109
1,<environment.Job instance at 0x7f0802678960>,70,2,[10  1],108,127,129,19,109
1,<environment.Job instance at 0x7f08026ba690>,72,3,[8 3],111,129,132,18,112
1,<environment.Job instance at 0x7f0802678370>,67,15,[5 9],104,132,147,28,118
1,<environment.Job instance at 0x7f0846453280>,74,14,[5 5],114,147,161,33,132
1,<environment.Job instance at 0x7f080269a0a0>,88,14,[10  3],135,161,175,26,151
1,<environment.Job instance at 0x7f08463e23c0>,94,16,[3 9],143,175,191,32,168
1,<environment.Job instance at 0x7f08025ff3c0>,2,14,[7 3],4,5,19,1,5
1,<environment.Job instance at 0x7f0802b7f960>,6,13,[9 1],8,19,32,11,9
1,<environment.Job instance at 0x7f0802b7e780>,13,21,[6 2],18,32,53,14,24
1,<environment.Job instance at 0x7f0802c47cd0>,25,3,[1 8],34,40,43,6,40
1,<environment.Job instance at 0x7f0802c5e640>,22,17,[5 5],30,53,70,23,42
1,<environment.Job instance at 0x7f0802c478c0>,27,1,[ 4 10],37,70,71,33,42
1,<environment.Job instance at 0x7f084d1f9370>,31,14,[7 1],46,71,85,25,56
1,<environment.Job instance at 0x7f0846a221e0>,38,13,[8 5],55,85,98,30,69
1,<environment.Job instance at 0x7f08028b3dc0>,50,23,[5 3],77,98,121,21,97
1,<environment.Job instance at 0x7f08028ddd20>,55,3,[ 3 10],82,121,124,39,99
1,<environment.Job instance at 0x7f08028da0a0>,61,14,[3 8],90,134,148,44,134
1,<environment.Job instance at 0x7f08028ab690>,66,1,[ 3 10],97,148,149,51,141
1,<environment.Job instance at 0x7f08028ca7d0>,67,2,[1 6],98,149,151,51,142
1,<environment.Job instance at 0x7f08028ca370>,70,14,[10  3],103,151,165,48,143
1,<environment.Job instance at 0x7f080268a870>,85,12,[2 6],128,176,188,48,176
1,<environment.Job instance at 0x7f08028d2690>,87,12,[5 5],131,188,200,57,176
1,<environment.Job instance at 0x7f084643f230>,2,26,[10  4],3,5,31,2,5
1,<environment.Job instance at 0x7f08026a6dc0>,15,14,[5 1],21,31,45,10,25
1,<environment.Job instance at 0x7f0846569690>,22,17,[1 6],29,31,48,2,29
1,<environment.Job instance at 0x7f08465692d0>,23,18,[8 4],30,45,63,15,45
1,<environment.Job instance at 0x7f0802e9e0f0>,30,15,[9 5],41,63,78,22,49
1,<environment.Job instance at 0x7f08463d1fa0>,38,18,[4 7],49,78,96,29,75
1,<environment.Job instance at 0x7f0802d76910>,9,26,[5 6],13,110,136,97,110
1,<environment.Job instance at 0x7f084d2bce60>,51,19,[5 4],68,110,129,42,110
1,<environment.Job instance at 0x7f084d504e10>,53,16,[7 3],71,136,152,65,123
1,<environment.Job instance at 0x7f0846ad35f0>,71,1,[6 2],98,158,159,60,158
1,<environment.Job instance at 0x7f0846ad3910>,74,12,[1 5],103,159,171,56,159
1,<environment.Job instance at 0x7f0846ad3dc0>,76,18,[1 6],106,171,189,65,160
1,<environment.Job instance at 0x7f08467b76e0>,2,14,[7 5],8,8,22,0,8
1,<environment.Job instance at 0x7f084d29ac30>,11,18,[7 5],20,22,40,2,22
1,<environment.Job instance at 0x7f084642f730>,23,26,[6 4],38,40,66,2,38
1,<environment.Job instance at 0x7f084642faf0>,29,12,[3 5],49,59,71,10,59
1,<environment.Job instance at 0x7f08468a2230>,32,22,[3 6],53,71,93,18,65
1,<environment.Job instance at 0x7f08468a2730>,35,15,[5 3],58,67,82,9,67
1,<environment.Job instance at 0x7f0802d38640>,47,15,[2 7],74,105,120,31,105
1,<environment.Job instance at 0x7f0802d69870>,51,17,[5 8],78,121,138,43,121
1,<environment.Job instance at 0x7f0802d69370>,56,15,[4 8],83,138,153,55,129
1,<environment.Job instance at 0x7f084d0a9c80>,69,16,[4 9],101,167,183,66,167
1,<environment.Job instance at 0x7f084d625640>,1,21,[5 3],2,2,23,0,2
1,<environment.Job instance at 0x7f08028b31e0>,18,3,[8 3],23,23,26,0,23
1,<environment.Job instance at 0x7f08469cbe60>,11,13,[3 5],14,26,39,12,25
1,<environment.Job instance at 0x7f08028b3370>,20,16,[1 7],26,39,55,13,26
1,<environment.Job instance at 0x7f0846b44af0>,29,1,[6 1],38,41,42,3,41
1,<environment.Job instance at 0x7f0846b44e60>,30,3,[7 2],41,42,45,1,42
1,<environment.Job instance at 0x7f084d31e8c0>,31,3,[10  5],42,55,58,13,43
1,<environment.Job instance at 0x7f084d31e960>,33,14,[ 1 10],47,58,72,11,47
1,<environment.Job instance at 0x7f084d311550>,39,13,[9 3],57,72,85,15,65
1,<environment.Job instance at 0x7f084d311f50>,43,18,[1 7],62,72,90,10,71
1,<environment.Job instance at 0x7f084d315320>,49,13,[10  3],70,90,103,20,79
1,<environment.Job instance at 0x7f084d32d5f0>,57,13,[3 7],79,103,116,24,100
1,<environment.Job instance at 0x7f084d32d7d0>,59,15,[1 7],81,116,131,35,107
1,<environment.Job instance at 0x7f084d304410>,66,13,[3 6],91,141,154,50,141
1,<environment.Job instance at 0x7f084d304cd0>,69,14,[8 3],94,154,168,60,142
1,<environment.Job instance at 0x7f084d302870>,78,14,[4 6],104,171,185,67,171
1,<environment.Job instance at 0x7f084d302c30>,83,18,[1 7],110,185,203,75,174
1,<environment.Job instance at 0x7f57a7371960>,0,18,[ 2 10],1,1,19,0,1
1,<environment.Job instance at 0x7f579ff720f0>,11,3,[6 3],15,19,22,4,16
1,<environment.Job instance at 0x7f579ff6dfa0>,9,17,[1 7],12,20,37,8,20
1,<environment.Job instance at 0x7f579ff72280>,13,2,[7 3],18,22,24,4,22
1,<environment.Job instance at 0x7f57a72c3af0>,2,14,[8 4],3,3,17,0,3
1,<environment.Job instance at 0x7f57a72c3140>,9,1,[5 8],12,17,18,5,13
1,<environment.Job instance at 0x7f57a72c37d0>,3,28,[6 4],4,18,46,14,17
1,<environment.Job instance at 0x7f57a72bbf00>,27,18,[5 5],43,46,64,3,45
1,<environment.Job instance at 0x7f575c6fcb90>,3,15,[9 2],5,10,25,5,10
1,<environment.Job instance at 0x7f575c337e10>,20,18,[ 2 10],29,34,52,5,34
1,<environment.Job instance at 0x7f575c341780>,28,13,[1 8],41,52,65,11,44
1,<environment.Job instance at 0x7f575c63f960>,8,15,[7 2],15,17,32,2,17
1,<environment.Job instance at 0x7f57a03ba9b0>,10,15,[8 5],18,32,47,14,18
1,<environment.Job instance at 0x7f579fd56500>,24,1,[ 5 10],35,47,48,12,42
1,<environment.Job instance at 0x7f579fd56640>,25,1,[5 1],38,48,49,10,42
1,<environment.Job instance at 0x7f579fd5ae60>,26,16,[7 5],42,49,65,7,42
1,<environment.Job instance at 0x7f579fd5a370>,27,1,[7 4],43,65,66,22,43
1,<environment.Job instance at 0x7f575c1d7410>,3,1,[9 1],10,10,11,0,10
1,<environment.Job instance at 0x7f57a6c072d0>,15,14,[3 9],24,38,52,14,38
1,<environment.Job instance at 0x7f575c781be0>,4,18,[10  3],7,7,25,0,7
1,<environment.Job instance at 0x7f579fd26b40>,8,23,[5 4],11,25,48,14,20
1,<environment.Job instance at 0x7f57a0259d20>,23,17,[2 6],34,35,52,1,35
1,<environment.Job instance at 0x7f575c2f4fa0>,27,23,[5 5],44,52,75,8,46
1,<environment.Job instance at 0x7f57a0405500>,5,14,[9 2],8,10,24,2,10
1,<environment.Job instance at 0x7f575c523e60>,13,22,[5 4],17,24,46,7,20
1,<environment.Job instance at 0x7f575c4f5e60>,18,13,[2 6],24,45,58,21,45
1,<environment.Job instance at 0x7f575c4f5d70>,20,14,[3 6],27,58,72,31,45
1,<environment.Job instance at 0x7f575c60f870>,0,15,[7 4],1,1,16,0,1
1,<environment.Job instance at 0x7f575c60f7d0>,2,16,[ 2 10],4,16,32,12,4
1,<environment.Job instance at 0x7f57a6907f50>,16,17,[7 1],21,32,49,11,27
1,<environment.Job instance at 0x7f57a6907370>,19,14,[ 3 10],24,49,63,25,35
1,<environment.Job instance at 0x7f57a6907910>,25,15,[6 2],31,63,78,32,49
1,<environment.Job instance at 0x7f57a6901960>,4,16,[5 7],7,7,23,0,7
1,<environment.Job instance at 0x7f579fef1f00>,6,14,[ 3 10],14,23,37,9,14
1,<environment.Job instance at 0x7f57a6b1de10>,21,14,[4 9],33,37,51,4,34
1,<environment.Job instance at 0x7f57a0325d20>,22,12,[8 2],34,51,63,17,43
1,<environment.Job instance at 0x7f57a02a31e0>,10,14,[6 1],16,16,30,0,16
1,<environment.Job instance at 0x7f579fd17640>,11,13,[4 9],17,17,30,0,17
1,<environment.Job instance at 0x7f575c7fd320>,13,16,[4 5],20,30,46,10,23
1,<environment.Job instance at 0x7f575c7b0af0>,17,13,[6 1],24,30,43,6,24
1,<environment.Job instance at 0x7f575c7fd550>,18,12,[5 4],25,43,55,18,27
1,<environment.Job instance at 0x7f57a0098a50>,25,27,[4 6],36,46,73,10,46
1,<environment.Job instance at 0x7f57a003a500>,2,12,[2 7],5,8,20,3,8
1,<environment.Job instance at 0x7f57a02ce3c0>,8,13,[3 9],12,20,33,8,12
1,<environment.Job instance at 0x7f57a02cec80>,15,18,[7 2],20,33,51,13,24
1,<environment.Job instance at 0x7f57a02ba730>,26,2,[ 4 10],33,51,53,18,38
1,<environment.Job instance at 0x7f57a02ba550>,24,16,[9 4],31,53,69,22,47
1,<environment.Job instance at 0x7f57a02ce190>,0,19,[5 3],1,1,20,0,1
1,<environment.Job instance at 0x7f575c853eb0>,9,16,[2 9],14,20,36,6,14
1,<environment.Job instance at 0x7f575c8694b0>,15,13,[8 1],22,22,35,0,22
1,<environment.Job instance at 0x7f57a68a7c80>,21,3,[5 6],30,36,39,6,30
1,<environment.Job instance at 0x7f57a68a7140>,23,2,[8 1],32,39,41,7,32
1,<environment.Job instance at 0x7f57a68a7be0>,25,2,[5 4],35,36,38,1,35
1,<environment.Job instance at 0x7f575c853780>,12,25,[1 7],17,40,65,23,40
1,<environment.Job instance at 0x7f575c0389b0>,6,18,[5 4],12,13,31,1,13
1,<environment.Job instance at 0x7f575c0384b0>,7,28,[4 6],15,16,44,1,16
1,<environment.Job instance at 0x7f575c038140>,8,17,[6 1],17,31,48,14,20
1,<environment.Job instance at 0x7f579fe033c0>,16,3,[3 6],28,44,47,16,28
1,<environment.Job instance at 0x7f579fe031e0>,10,12,[ 2 10],20,48,60,28,32
1,<environment.Job instance at 0x7f575c7cc7d0>,21,13,[5 7],35,60,73,25,45
1,<environment.Job instance at 0x7f575bff8d70>,0,12,[8 1],1,1,13,0,1
1,<environment.Job instance at 0x7f57a6758d70>,15,14,[3 6],19,21,35,2,21
1,<environment.Job instance at 0x7f57a6758690>,16,12,[7 4],20,22,34,2,22
1,<environment.Job instance at 0x7f57a677e870>,18,12,[ 1 10],22,35,47,13,23
1,<environment.Job instance at 0x7f57a0308820>,25,12,[ 2 10],30,47,59,17,31
1,<environment.Job instance at 0x7f57a0202b40>,6,12,[8 2],9,9,21,0,9
1,<environment.Job instance at 0x7f575c8450a0>,5,1,[6 5],7,7,8,0,7
1,<environment.Job instance at 0x7f575c845af0>,6,15,[5 3],8,9,24,1,9
1,<environment.Job instance at 0x7f575c7ee7d0>,9,18,[2 9],12,24,42,12,14
1,<environment.Job instance at 0x7f57a0173d20>,25,3,[7 4],29,42,45,13,30
1,<environment.Job instance at 0x7f57a6a254b0>,20,13,[1 8],23,45,58,22,32
1,<environment.Job instance at 0x7f57a0173be0>,27,2,[5 5],32,58,60,26,33
1,<environment.Job instance at 0x7f57a697c640>,2,13,[5 7],6,6,19,0,6
1,<environment.Job instance at 0x7f575c6c2f50>,4,24,[8 2],8,19,43,11,15
1,<environment.Job instance at 0x7f57a036e7d0>,19,13,[ 5 10],35,43,56,8,35
1,<environment.Job instance at 0x7f57a036e0f0>,23,1,[ 3 10],39,56,57,17,41
1,<environment.Job instance at 0x7f57a029a140>,25,18,[ 5 10],41,57,75,16,47
1,<environment.Job instance at 0x7f575c23ea50>,0,16,[7 5],1,1,17,0,1
1,<environment.Job instance at 0x7f57a00a4460>,8,14,[5 7],13,17,31,4,13
1,<environment.Job instance at 0x7f57a6db02d0>,15,12,[1 8],21,31,43,10,23
1,<environment.Job instance at 0x7f575c88a370>,26,1,[8 4],33,43,44,10,33
1,<environment.Job instance at 0x7f579ff43b40>,22,24,[4 7],28,44,68,16,39
1,<environment.Job instance at 0x7f57a0029b40>,10,15,[8 1],14,14,29,0,14
1,<environment.Job instance at 0x7f575c803b40>,13,21,[4 7],17,29,50,12,26
1,<environment.Job instance at 0x7f57a6da67d0>,30,3,[4 5],41,50,53,9,41
1,<environment.Job instance at 0x7f57a6da65a0>,31,18,[5 1],42,48,66,6,48
1,<environment.Job instance at 0x7f9beea27690>,0,18,[ 2 10],1,1,19,0,1
1,<environment.Job instance at 0x7f9be7621e10>,9,17,[1 7],12,19,36,7,13
1,<environment.Job instance at 0x7f9be7624780>,18,16,[4 9],24,36,52,12,24
1,<environment.Job instance at 0x7f9be7624a50>,21,3,[4 6],27,52,55,25,43
1,<environment.Job instance at 0x7f9be7624b40>,22,18,[7 4],28,55,73,27,44
1,<environment.Job instance at 0x7f9be7624a00>,28,13,[1 6],37,55,68,18,53
1,<environment.Job instance at 0x7f9bee9753c0>,3,15,[7 4],4,5,20,1,5
1,<environment.Job instance at 0x7f9bee9770a0>,12,13,[5 2],21,21,34,0,21
1,<environment.Job instance at 0x7f9bee978a00>,15,18,[1 7],25,26,44,1,26
1,<environment.Job instance at 0x7f9bee9785f0>,19,18,[5 5],33,44,62,11,34
1,<environment.Job instance at 0x7f9ba395d820>,2,16,[ 5 10],5,5,21,0,5
1,<environment.Job instance at 0x7f9ba395d550>,4,13,[2 8],7,21,34,14,7
1,<environment.Job instance at 0x7f9ba390cb40>,12,1,[5 8],21,34,35,13,23
1,<environment.Job instance at 0x7f9ba390ceb0>,13,2,[1 7],23,35,37,12,23
1,<environment.Job instance at 0x7f9ba3914320>,16,20,[5 7],28,44,64,16,44
1,<environment.Job instance at 0x7f9ba3914c30>,21,14,[9 1],34,64,78,30,50
1,<environment.Job instance at 0x7f9ba3914c30>,1,17,[5 6],4,4,21,0,4
1,<environment.Job instance at 0x7f9ba3a1dcd0>,2,3,[5 1],5,5,8,0,5
1,<environment.Job instance at 0x7f9ba3f687d0>,13,16,[6 2],29,33,49,4,33
1,<environment.Job instance at 0x7f9ba3e0d870>,14,1,[5 6],30,49,50,19,39
1,<environment.Job instance at 0x7f9ba3f4d0a0>,20,13,[3 7],40,50,63,10,42
1,<environment.Job instance at 0x7f9ba3ad97d0>,2,13,[ 4 10],4,4,17,0,4
1,<environment.Job instance at 0x7f9ba3ad9b90>,3,28,[4 8],7,17,45,10,17
1,<environment.Job instance at 0x7f9be7a79190>,16,3,[5 5],28,45,48,17,28
1,<environment.Job instance at 0x7f9be7a79e60>,18,20,[2 7],30,48,68,18,42
1,<environment.Job instance at 0x7f9be74b46e0>,23,2,[3 8],35,68,70,33,42
1,<environment.Job instance at 0x7f9be7a8cfa0>,27,17,[10  2],39,70,87,31,58
1,<environment.Job instance at 0x7f9bea005e10>,8,23,[5 4],11,14,37,3,14
1,<environment.Job instance at 0x7f9bea0057d0>,15,3,[4 9],23,37,40,14,23
1,<environment.Job instance at 0x7f9bea005780>,6,28,[6 5],9,43,71,34,43
1,<environment.Job instance at 0x7f9be9c47780>,0,26,[7 2],1,2,28,1,2
1,<environment.Job instance at 0x7f9ba3ec5f50>,7,14,[9 1],9,28,42,19,22
1,<environment.Job instance at 0x7f9be796e5f0>,18,16,[7 2],24,42,58,18,29
1,<environment.Job instance at 0x7f9ba3add730>,34,14,[9 4],46,58,72,12,57
1,<environment.Job instance at 0x7f9be9f27d20>,0,17,[7 1],1,3,20,2,3
1,<environment.Job instance at 0x7f9ba3ec5a00>,3,14,[ 3 10],4,20,34,16,5
1,<environment.Job instance at 0x7f9be7521a50>,13,15,[2 9],17,34,49,17,21
1,<environment.Job instance at 0x7f9ba3ebd6e0>,19,14,[ 1 10],27,49,63,22,34
1,<environment.Job instance at 0x7f9bee626e10>,3,12,[8 2],4,4,16,0,4
1,<environment.Job instance at 0x7f9bee626af0>,5,18,[8 1],6,16,34,10,6
1,<environment.Job instance at 0x7f9bee7315a0>,10,15,[10  5],16,34,49,18,29
1,<environment.Job instance at 0x7f9bea1cbd70>,19,1,[7 5],31,49,50,18,31
1,<environment.Job instance at 0x7f9bea1cbfa0>,20,2,[3 6],32,50,52,18,34
1,<environment.Job instance at 0x7f9be9ba2730>,28,12,[1 9],41,52,64,11,46
1,<environment.Job instance at 0x7f9be9e24640>,33,2,[3 6],46,64,66,18,56
1,<environment.Job instance at 0x7f9be9e24460>,37,1,[10  2],53,66,67,13,57
1,<environment.Job instance at 0x7f9be7533d20>,0,22,[1 9],1,1,23,0,1
1,<environment.Job instance at 0x7f9ba3d59c30>,12,1,[3 9],16,23,24,7,16
1,<environment.Job instance at 0x7f9ba3d59960>,9,26,[5 3],12,24,50,12,22
1,<environment.Job instance at 0x7f9ba3d8a140>,4,15,[5 1],5,23,38,18,23
1,<environment.Job instance at 0x7f9be74ff5f0>,18,1,[5 2],23,38,39,15,23
1,<environment.Job instance at 0x7f9be9fa3820>,28,18,[2 6],35,58,76,23,58
1,<environment.Job instance at 0x7f9be75217d0>,2,18,[10  3],6,6,24,0,6
1,<environment.Job instance at 0x7f9ba37c8cd0>,8,12,[3 9],13,24,36,11,13
1,<environment.Job instance at 0x7f9bea1c6f00>,15,13,[8 1],22,36,49,14,27
1,<environment.Job instance at 0x7f9ba3d5c050>,20,15,[2 7],29,36,51,7,30
1,<environment.Job instance at 0x7f9ba3d5caf0>,18,12,[3 8],27,51,63,24,39
1,<environment.Job instance at 0x7f9be7ac6550>,2,28,[4 6],5,10,38,5,10
1,<environment.Job instance at 0x7f9be7760d70>,12,3,[7 3],19,38,41,19,19
1,<environment.Job instance at 0x7f9be7760960>,8,14,[7 5],15,41,55,26,26
1,<environment.Job instance at 0x7f9be7789690>,20,12,[ 5 10],30,55,67,25,41
1,<environment.Job instance at 0x7f9be7789af0>,27,2,[6 1],40,67,69,27,50
1,<environment.Job instance at 0x7f9be7789c80>,28,12,[8 1],41,69,81,28,52
1,<environment.Job instance at 0x7f9beea52fa0>,0,12,[8 4],1,1,13,0,1
1,<environment.Job instance at 0x7f9be76af3c0>,5,3,[1 6],7,8,11,1,8
1,<environment.Job instance at 0x7f9be76afdc0>,11,16,[2 6],13,15,31,2,15
1,<environment.Job instance at 0x7f9ba3ce9780>,14,3,[8 5],18,31,34,13,22
1,<environment.Job instance at 0x7f9be76afc30>,12,18,[3 6],14,34,52,20,30
1,<environment.Job instance at 0x7f9ba3ce9d20>,17,18,[ 1 10],21,52,70,31,50
1,<environment.Job instance at 0x7f9ba39db5a0>,4,12,[5 5],6,6,18,0,6
1,<environment.Job instance at 0x7f9ba39dbc80>,7,3,[8 1],11,18,21,7,11
1,<environment.Job instance at 0x7f9ba39db0f0>,16,2,[ 4 10],22,47,49,25,47
1,<environment.Job instance at 0x7f9ba39dbb40>,17,3,[9 2],23,49,52,26,47
1,<environment.Job instance at 0x7f9ba39db050>,18,1,[1 5],24,49,50,25,48
1,<environment.Job instance at 0x7f9ba39c8780>,2,18,[8 3],3,4,22,1,4
1,<environment.Job instance at 0x7f9ba3e9fb40>,14,13,[5 8],20,24,37,4,24
1,<environment.Job instance at 0x7f9ba3e9faf0>,13,24,[8 2],18,37,61,19,35
1,<environment.Job instance at 0x7f9be75ab0f0>,6,13,[2 7],11,11,24,0,11
1,<environment.Job instance at 0x7f9be75ab370>,11,16,[3 6],17,24,40,7,18
1,<environment.Job instance at 0x7f9be73f7fa0>,24,13,[5 3],30,38,51,8,38
1,<environment.Job instance at 0x7f9ba3de85a0>,29,18,[5 7],36,42,60,6,42
1,<environment.Job instance at 0x7f9ba3de84b0>,30,15,[6 2],37,60,75,23,47
1,<environment.Job instance at 0x7f9ba3de8960>,2,15,[8 1],4,5,20,1,5
1,<environment.Job instance at 0x7f9be7782b90>,0,3,[2 6],1,1,4,0,1
1,<environment.Job instance at 0x7f9ba3ed80a0>,3,25,[10  4],6,7,32,1,7
1,<environment.Job instance at 0x7f9ba38eb5a0>,10,1,[9 4],16,32,33,16,16
1,<environment.Job instance at 0x7f9ba38ebc80>,11,12,[1 5],17,32,44,15,24
1,<environment.Job instance at 0x7f9ba3909370>,18,14,[4 7],26,44,58,18,29
1,<environment.Job instance at 0x7f9ba3905280>,25,1,[10  2],37,58,59,21,47
1,<environment.Job instance at 0x7f9be77b7dc0>,0,19,[6 5],1,1,20,0,1
1,<environment.Job instance at 0x7f9be77b7b90>,3,28,[10  4],5,21,49,16,21
1,<environment.Job instance at 0x7f9ba3f8a3c0>,16,2,[3 5],29,49,51,20,30
1,<environment.Job instance at 0x7f9bea112730>,20,2,[4 7],33,51,53,18,34
1,<environment.Job instance at 0x7f9ba394f7d0>,3,20,[7 4],4,4,24,0,4
1,<environment.Job instance at 0x7f9ba3cfbf50>,12,16,[8 4],17,24,40,7,19
1,<environment.Job instance at 0x7f9be74df8c0>,15,1,[5 5],21,40,41,19,23
1,<environment.Job instance at 0x7f9ba381e3c0>,17,15,[2 6],24,24,39,0,24
1,<environment.Job instance at 0x7f9be9e36eb0>,14,18,[8 3],19,41,59,22,30
1,<environment.Job instance at 0x7fbaca776910>,6,19,[1 7],8,9,28,1,9
1,<environment.Job instance at 0x7fbaca779820>,23,20,[ 5 10],30,57,77,27,57
1,<environment.Job instance at 0x7fbad1acb640>,5,17,[ 1 10],10,15,32,5,15
1,<environment.Job instance at 0x7fbad1acb460>,13,18,[5 5],23,32,50,9,23
1,<environment.Job instance at 0x7fbad1bafc80>,24,3,[10  1],38,50,53,12,44
1,<environment.Job instance at 0x7fbad1bafe60>,25,3,[9 2],39,53,56,14,44
1,<environment.Job instance at 0x7fbad1baf500>,21,13,[2 7],35,56,69,21,46
1,<environment.Job instance at 0x7fba86abc0f0>,4,20,[5 7],8,9,29,1,9
1,<environment.Job instance at 0x7fba86aa75f0>,9,14,[9 1],14,29,43,15,14
1,<environment.Job instance at 0x7fba86aa7eb0>,13,3,[10  5],22,43,46,21,25
1,<environment.Job instance at 0x7fba86a4f460>,16,1,[1 5],27,29,30,2,28
1,<environment.Job instance at 0x7fba86a4f230>,22,2,[1 7],34,35,37,1,35
1,<environment.Job instance at 0x7fba86a4f3c0>,18,15,[5 3],29,46,61,17,35
1,<environment.Job instance at 0x7fba86b2e0f0>,28,13,[4 7],40,46,59,6,44
1,<environment.Job instance at 0x7fba86b2eb40>,26,13,[10  2],38,61,74,23,49
1,<environment.Job instance at 0x7fba86aa0690>,1,15,[7 2],5,5,20,0,5
1,<environment.Job instance at 0x7fba86f27d70>,3,15,[8 5],8,20,35,12,8
1,<environment.Job instance at 0x7fba86f2d5a0>,6,22,[3 6],11,35,57,24,29
1,<environment.Job instance at 0x7fba86f2d5f0>,15,18,[10  1],23,57,75,34,53
1,<environment.Job instance at 0x7fba86ba23c0>,0,13,[5 1],1,1,14,0,1
1,<environment.Job instance at 0x7fba8711c5f0>,7,17,[3 9],13,14,31,1,14
1,<environment.Job instance at 0x7fba8711c690>,11,13,[5 7],18,31,44,13,18
1,<environment.Job instance at 0x7fbaca756320>,5,14,[9 2],8,8,22,0,8
1,<environment.Job instance at 0x7fbad0fbfc30>,14,14,[9 1],19,23,37,4,23
1,<environment.Job instance at 0x7fbad0fbf460>,20,14,[3 6],27,37,51,10,37
1,<environment.Job instance at 0x7fbaca6835f0>,23,14,[10  4],31,51,65,20,39
1,<environment.Job instance at 0x7fbaca5516e0>,29,13,[7 4],38,65,78,27,52
1,<environment.Job instance at 0x7fbad1622af0>,1,3,[5 1],2,2,5,0,2
1,<environment.Job instance at 0x7fba86c2ea00>,2,17,[4 8],3,4,21,1,4
1,<environment.Job instance at 0x7fba86be5370>,6,15,[7 4],7,21,36,14,7
1,<environment.Job instance at 0x7fba86be55f0>,8,20,[2 6],10,21,41,11,13
1,<environment.Job instance at 0x7fbaca706910>,11,2,[1 7],13,41,43,28,15
1,<environment.Job instance at 0x7fbaca51d230>,9,15,[6 2],11,36,51,25,24
1,<environment.Job instance at 0x7fbaca74faa0>,21,14,[5 9],30,51,65,21,38
1,<environment.Job instance at 0x7fbaca51ec30>,29,12,[2 6],45,65,77,20,51
1,<environment.Job instance at 0x7fbaca6d24b0>,17,14,[6 1],26,27,41,1,27
1,<environment.Job instance at 0x7fbaca6bde60>,27,18,[2 8],39,54,72,15,54
1,<environment.Job instance at 0x7fbaca6bde10>,30,1,[10  2],43,72,73,29,58
1,<environment.Job instance at 0x7fbaca6a5f50>,31,14,[5 1],45,58,72,13,58
1,<environment.Job instance at 0x7fbaca769690>,4,16,[10  5],5,5,21,0,5
1,<environment.Job instance at 0x7fbaca769960>,5,13,[8 4],6,21,34,15,6
1,<environment.Job instance at 0x7fbad0f7b500>,17,16,[9 4],21,34,50,13,21
1,<environment.Job instance at 0x7fba86f64280>,24,3,[1 8],33,50,53,17,34
1,<environment.Job instance at 0x7fba86f645a0>,28,12,[5 4],40,53,65,13,44
1,<environment.Job instance at 0x7fba86f64820>,23,24,[3 9],31,65,89,34,60
1,<environment.Job instance at 0x7fba86fb5cd0>,2,25,[7 3],3,6,31,3,6
1,<environment.Job instance at 0x7fbacaa90640>,14,27,[8 2],21,42,69,21,42
1,<environment.Job instance at 0x7fbacac090a0>,28,23,[10  4],46,69,92,23,64
1,<environment.Job instance at 0x7fbaca6dee60>,0,12,[8 1],1,1,13,0,1
1,<environment.Job instance at 0x7fbacaa90d20>,5,1,[2 8],8,8,9,0,8
1,<environment.Job instance at 0x7fbaca531960>,7,17,[5 1],10,13,30,3,11
1,<environment.Job instance at 0x7fbad11850a0>,17,12,[8 4],21,30,42,9,21
1,<environment.Job instance at 0x7fbaca5f6f00>,5,17,[3 7],11,11,28,0,11
1,<environment.Job instance at 0x7fbaca608370>,9,12,[5 5],16,28,40,12,17
1,<environment.Job instance at 0x7fbaca6086e0>,12,3,[8 1],21,40,43,19,21
1,<environment.Job instance at 0x7fbaca608730>,13,3,[5 9],22,43,46,21,22
1,<environment.Job instance at 0x7fbaca608af0>,17,27,[5 1],28,43,70,15,41
1,<environment.Job instance at 0x7fbaca608cd0>,23,1,[1 5],34,56,57,22,56
1,<environment.Job instance at 0x7fbaca608be0>,24,17,[8 5],36,70,87,34,58
1,<environment.Job instance at 0x7fbaca83cdc0>,7,13,[4 5],9,9,22,0,9
1,<environment.Job instance at 0x7fbaca83ce10>,3,18,[8 2],4,22,40,18,18
1,<environment.Job instance at 0x7fbad14d5690>,15,24,[8 4],21,40,64,19,35
1,<environment.Job instance at 0x7fba86b9ac30>,28,13,[ 5 10],45,64,77,19,58
1,<environment.Job instance at 0x7fba86b9a6e0>,31,15,[8 1],48,77,92,29,67
1,<environment.Job instance at 0x7fba86b9a0a0>,35,17,[2 9],52,77,94,25,67
1,<environment.Job instance at 0x7fbaca889690>,2,14,[5 7],3,3,17,0,3
1,<environment.Job instance at 0x7fbaca889140>,5,16,[3 6],7,17,33,10,7
1,<environment.Job instance at 0x7fba8705a190>,12,17,[5 1],14,14,31,0,14
1,<environment.Job instance at 0x7fba8705a0a0>,13,15,[ 1 10],15,33,48,18,19
1,<environment.Job instance at 0x7fba86b87410>,23,18,[5 7],26,48,66,22,40
1,<environment.Job instance at 0x7fbad1cf97d0>,30,18,[10  3],33,66,84,33,56
1,<environment.Job instance at 0x7fbad1cf97d0>,2,16,[4 5],4,4,20,0,4
1,<environment.Job instance at 0x7fbacaa214b0>,8,3,[4 5],11,12,15,1,12
1,<environment.Job instance at 0x7fbacaa21af0>,14,16,[6 2],23,23,39,0,23
1,<environment.Job instance at 0x7fbacaa17320>,20,27,[1 5],35,44,71,9,44
1,<environment.Job instance at 0x7fbacaa17c30>,33,18,[1 6],54,71,89,17,64
1,<environment.Job instance at 0x7fbaca5edd20>,6,16,[3 7],10,11,27,1,11
1,<environment.Job instance at 0x7fbaca5edaa0>,8,18,[9 5],12,27,45,15,17
1,<environment.Job instance at 0x7fbad1779a00>,18,1,[5 4],22,45,46,23,24
1,<environment.Job instance at 0x7fbad1bc9190>,23,19,[6 5],31,46,65,15,37
1,<environment.Job instance at 0x7fbaca77f050>,0,14,[9 2],1,1,15,0,1
1,<environment.Job instance at 0x7fba868cd6e0>,9,3,[6 3],12,15,18,3,12
1,<environment.Job instance at 0x7fbad1562140>,14,15,[9 4],17,37,52,20,37
1,<environment.Job instance at 0x7fbad12c2190>,26,17,[5 5],34,59,76,25,59
1,<environment.Job instance at 0x7fbad0f88410>,31,18,[8 3],39,76,94,37,67
1,<environment.Job instance at 0x7fbad0f889b0>,34,15,[2 6],44,76,91,32,69
1,<environment.Job instance at 0x7fbad157c0a0>,1,16,[5 9],2,2,18,0,2
1,<environment.Job instance at 0x7fbaca64a5f0>,6,14,[8 3],8,18,32,10,9
1,<environment.Job instance at 0x7fbad10f74b0>,22,2,[ 1 10],34,34,36,0,34
1,<environment.Job instance at 0x7fbaca51d7d0>,24,1,[5 1],36,36,37,0,36
1,<environment.Job instance at 0x7fbaca51d550>,25,16,[9 4],37,37,53,0,37
1,<environment.Job instance at 0x7fbaca64a1e0>,7,17,[1 8],9,62,79,53,62
1,<environment.Job instance at 0x7fbaca55b460>,35,1,[1 7],50,79,80,29,67
1,<environment.Job instance at 0x7fbaca55bd20>,1,12,[ 2 10],3,3,15,0,3
1,<environment.Job instance at 0x7fba87044be0>,13,13,[9 1],19,20,33,1,20
1,<environment.Job instance at 0x7fba870440f0>,16,13,[9 5],28,33,46,5,28
1,<environment.Job instance at 0x7fbad16199b0>,0,15,[5 2],1,1,16,0,1
1,<environment.Job instance at 0x7fbad1380e60>,11,17,[9 1],14,16,33,2,14
1,<environment.Job instance at 0x7fbaca588780>,16,1,[9 5],23,33,34,10,28
1,<environment.Job instance at 0x7fbad122a780>,18,14,[5 4],26,34,48,8,29
1,<environment.Job instance at 0x7fbad122a4b0>,21,16,[9 4],30,48,64,18,35
1,<environment.Job instance at 0x7fba86fe9640>,24,2,[4 8],33,64,66,31,39
1,<environment.Job instance at 0x7fbad1076b40>,26,13,[1 8],36,66,79,30,52
1,<environment.Job instance at 0x7fba86ed1aa0>,31,13,[6 2],44,66,79,22,66
1,<environment.Job instance at 0x7fbad118d6e0>,37,12,[4 6],56,79,91,23,66
1,<environment.Job instance at 0x7f7442d81aa0>,0,18,[ 2 10],1,1,19,0,1
1,<environment.Job instance at 0x7f743f977f00>,10,28,[3 9],14,28,56,14,28
1,<environment.Job instance at 0x7f743f97afa0>,29,28,[4 5],39,72,100,33,72
1,<environment.Job instance at 0x7f7442ef9b90>,0,13,[5 2],1,1,14,0,1
1,<environment.Job instance at 0x7f743f90ac80>,6,13,[7 2],12,14,27,2,12
1,<environment.Job instance at 0x7f7442d81230>,25,3,[2 8],38,59,62,21,59
1,<environment.Job instance at 0x7f7442d81140>,27,2,[4 9],40,62,64,22,62
1,<environment.Job instance at 0x7f7442daf370>,20,12,[3 5],30,64,76,34,64
1,<environment.Job instance at 0x7f73f7d36f00>,2,1,[10  1],5,5,6,0,5
1,<environment.Job instance at 0x7f73f7d36640>,4,15,[9 1],8,9,24,1,9
1,<environment.Job instance at 0x7f73f7cba190>,8,16,[7 1],12,24,40,12,12
1,<environment.Job instance at 0x7f73f7d418c0>,19,2,[6 1],26,40,42,14,27
1,<environment.Job instance at 0x7f73f7d415f0>,17,17,[5 6],24,42,59,18,31
1,<environment.Job instance at 0x7f73f7d29c80>,24,18,[3 6],42,59,77,17,49
1,<environment.Job instance at 0x7f73f7d29780>,37,22,[3 6],61,77,99,16,70
1,<environment.Job instance at 0x7f73f7d46370>,3,28,[4 8],7,8,36,1,8
1,<environment.Job instance at 0x7f73f7d41780>,7,3,[10  2],11,36,39,25,13
1,<environment.Job instance at 0x7f73f7da3e10>,20,15,[7 4],32,39,54,7,32
1,<environment.Job instance at 0x7f73f801eb40>,27,17,[10  2],39,54,71,15,53
1,<environment.Job instance at 0x7f73f7da54b0>,34,14,[10  5],50,74,88,24,74
1,<environment.Job instance at 0x7f73f7d35730>,35,12,[6 1],52,88,100,36,75
1,<environment.Job instance at 0x7f73f7d35730>,3,16,[9 4],5,7,23,2,7
1,<environment.Job instance at 0x7f73f8329960>,5,14,[5 7],9,23,37,14,10
1,<environment.Job instance at 0x7f73f8329eb0>,11,16,[10  4],19,37,53,18,24
1,<environment.Job instance at 0x7f73f831aaa0>,22,18,[3 6],34,53,71,19,42
1,<environment.Job instance at 0x7f73f8319190>,27,26,[7 2],41,53,79,12,52
1,<environment.Job instance at 0x7f73f83195a0>,31,16,[5 7],45,79,95,34,66
1,<environment.Job instance at 0x7f743faf82d0>,2,16,[ 2 10],4,6,22,2,6
1,<environment.Job instance at 0x7f743fa0f6e0>,16,17,[7 1],21,25,42,4,25
1,<environment.Job instance at 0x7f743fa0fb40>,19,14,[ 3 10],24,42,56,18,30
1,<environment.Job instance at 0x7f74425287d0>,21,2,[9 3],26,56,58,30,48
1,<environment.Job instance at 0x7f7442528780>,24,20,[2 6],30,58,78,28,51
1,<environment.Job instance at 0x7f7442528320>,23,18,[6 1],29,58,76,29,53
1,<environment.Job instance at 0x7f743f7b6140>,30,3,[8 3],38,76,79,38,68
1,<environment.Job instance at 0x7f743f7b66e0>,29,15,[2 9],37,79,94,42,70
1,<environment.Job instance at 0x7f743f7b6d70>,36,1,[3 7],48,94,95,46,72
1,<environment.Job instance at 0x7f743f8ec640>,3,12,[8 2],4,4,16,0,4
1,<environment.Job instance at 0x7f743f8ecaf0>,5,18,[8 1],6,16,34,10,6
1,<environment.Job instance at 0x7f743fb74e10>,20,2,[3 6],32,34,36,2,33
1,<environment.Job instance at 0x7f743f8a13c0>,21,2,[2 5],33,36,38,3,33
1,<environment.Job instance at 0x7f743faae3c0>,22,3,[3 5],34,36,39,2,35
1,<environment.Job instance at 0x7f743fa890f0>,23,1,[10  3],35,39,40,4,36
1,<environment.Job instance at 0x7f743f9b3c80>,31,13,[6 1],44,53,66,9,53
1,<environment.Job instance at 0x7f743f9b31e0>,32,12,[5 4],45,66,78,21,54
1,<environment.Job instance at 0x7f743fe17d20>,39,27,[4 6],56,65,92,9,65
1,<environment.Job instance at 0x7f74426437d0>,4,16,[10  5],5,5,21,0,5
1,<environment.Job instance at 0x7f73f8281d70>,5,13,[8 4],6,21,34,15,6
1,<environment.Job instance at 0x7f73f7e95d20>,12,18,[2 6],15,21,39,6,15
1,<environment.Job instance at 0x7f74425b4820>,15,1,[6 5],18,39,40,21,19
1,<environment.Job instance at 0x7f743f898050>,17,16,[9 4],21,40,56,19,34
1,<environment.Job instance at 0x7f743f877aa0>,23,24,[3 9],31,56,80,25,51
1,<environment.Job instance at 0x7f743f865280>,38,16,[2 9],54,80,96,26,67
1,<environment.Job instance at 0x7f743fa15960>,5,12,[ 1 10],10,10,22,0,10
1,<environment.Job instance at 0x7f743fa151e0>,12,18,[5 4],22,22,40,0,22
1,<environment.Job instance at 0x7f743f9d9730>,13,28,[4 6],25,26,54,1,26
1,<environment.Job instance at 0x7f743f9d90f0>,14,17,[6 1],27,40,57,13,28
1,<environment.Job instance at 0x7f743f9d9e60>,21,14,[3 8],37,54,68,17,39
1,<environment.Job instance at 0x7f73f7c12f50>,34,20,[9 1],55,68,88,13,59
1,<environment.Job instance at 0x7f743fe6ae10>,1,12,[ 1 10],2,2,14,0,2
1,<environment.Job instance at 0x7f73f8257dc0>,12,18,[3 6],14,28,46,14,28
1,<environment.Job instance at 0x7f73f8257960>,15,13,[5 2],19,37,50,18,37
1,<environment.Job instance at 0x7f743fa94be0>,19,12,[6 1],23,50,62,27,37
1,<environment.Job instance at 0x7f73f8153b90>,25,18,[10  3],31,62,80,31,54
1,<environment.Job instance at 0x7f74422584b0>,3,1,[1 5],4,4,5,0,4
1,<environment.Job instance at 0x7f74428616e0>,6,15,[5 3],8,8,23,0,8
1,<environment.Job instance at 0x7f7442959dc0>,7,15,[2 8],9,23,38,14,10
1,<environment.Job instance at 0x7f743fe24050>,22,12,[5 5],26,38,50,12,27
1,<environment.Job instance at 0x7f743fe285f0>,24,17,[ 1 10],28,50,67,22,38
1,<environment.Job instance at 0x7f743f7f6370>,40,23,[6 5],50,67,90,17,61
1,<environment.Job instance at 0x7f743fde7820>,0,24,[10  4],2,2,26,0,2
1,<environment.Job instance at 0x7f73f7baa5a0>,8,18,[ 5 10],11,26,44,15,21
1,<environment.Job instance at 0x7f73f7ba5410>,20,2,[9 4],26,44,46,18,31
1,<environment.Job instance at 0x7f73f7ba5050>,23,3,[10  2],32,46,49,14,33
1,<environment.Job instance at 0x7f73f7ba5960>,25,2,[4 5],34,49,51,15,34
1,<environment.Job instance at 0x7f73f7ba5f50>,31,12,[1 8],41,51,63,10,42
1,<environment.Job instance at 0x7f73f7bbd0f0>,33,16,[5 3],43,63,79,20,51
1,<environment.Job instance at 0x7f73f7ba5af0>,27,16,[3 6],37,63,79,26,55
1,<environment.Job instance at 0x7f73f7bbd7d0>,41,3,[5 2],51,56,59,5,56
1,<environment.Job instance at 0x7f73f7bbd550>,37,12,[7 2],47,79,91,32,63
1,<environment.Job instance at 0x7f73f7ba03c0>,48,2,[1 6],59,79,81,20,78
1,<environment.Job instance at 0x7f73f7ba00a0>,50,1,[6 2],61,91,92,30,78
1,<environment.Job instance at 0x7f73f7ba0370>,51,15,[6 5],62,92,107,30,78
1,<environment.Job instance at 0x7f743fe35460>,2,15,[8 1],4,5,20,1,5
1,<environment.Job instance at 0x7f743fe2b8c0>,5,21,[4 7],7,20,41,13,12
1,<environment.Job instance at 0x7f743f7523c0>,23,18,[5 1],32,33,51,1,33
1,<environment.Job instance at 0x7f743f752050>,25,15,[5 2],38,41,56,3,38
1,<environment.Job instance at 0x7f743f752320>,32,12,[9 1],48,56,68,8,53
1,<environment.Job instance at 0x7f743f752280>,33,2,[7 4],49,68,70,19,53
1,<environment.Job instance at 0x7f73f827cd20>,34,27,[1 5],55,57,84,2,57
1,<environment.Job instance at 0x7f73f7bada50>,0,22,[9 1],1,5,27,4,5
1,<environment.Job instance at 0x7f73f7aed050>,11,1,[10  2],17,27,28,10,17
1,<environment.Job instance at 0x7f73f7bad870>,7,18,[3 6],11,28,46,17,17
1,<environment.Job instance at 0x7f743f89f4b0>,18,13,[9 4],25,46,59,21,30
1,<environment.Job instance at 0x7f73f7aedd20>,14,25,[1 5],21,56,81,35,56
1,<environment.Job instance at 0x7f743f890190>,30,19,[6 5],41,59,78,18,57
1,<environment.Job instance at 0x7f743f6e15a0>,0,14,[9 2],1,4,18,3,4
1,<environment.Job instance at 0x7f73f7ce99b0>,17,12,[3 9],21,41,53,20,41
1,<environment.Job instance at 0x7f73f7ce9b90>,19,1,[3 5],23,53,54,30,43
1,<environment.Job instance at 0x7f73f7ce9aa0>,20,20,[7 4],24,53,73,29,49
1,<environment.Job instance at 0x7f73f7ce9f50>,27,17,[4 6],35,73,90,38,68
1,<environment.Job instance at 0x7f73f7cc8370>,30,17,[1 8],38,90,107,52,78
1,<environment.Job instance at 0x7f73f7cc8820>,1,14,[ 4 10],5,5,19,0,5
1,<environment.Job instance at 0x7f743fa14d20>,8,1,[7 1],13,19,20,6,15
1,<environment.Job instance at 0x7f743fa142d0>,10,1,[10  5],15,20,21,5,17
1,<environment.Job instance at 0x7f73f7cdac30>,6,23,[6 3],11,35,58,24,35
1,<environment.Job instance at 0x7f7442f01f50>,30,14,[3 7],43,46,60,3,46
1,<environment.Job instance at 0x7f743f757d20>,34,1,[2 5],49,71,72,22,71
1,<environment.Job instance at 0x7f743f7b0aa0>,37,2,[4 5],56,72,74,16,72
1,<environment.Job instance at 0x7f743f757b40>,33,17,[7 5],48,74,91,26,72
1,<environment.Job instance at 0x7f743f7b0640>,39,1,[9 1],59,91,92,32,75
1,<environment.Job instance at 0x7f743f7b00a0>,38,17,[1 9],57,91,108,34,79
1,<environment.Job instance at 0x7f743f7b0230>,3,21,[9 2],12,12,33,0,12
1,<environment.Job instance at 0x7f743f9904b0>,6,17,[2 6],17,33,50,16,22
1,<environment.Job instance at 0x7f74428affa0>,12,15,[5 2],27,33,48,6,30
1,<environment.Job instance at 0x7f74428afdc0>,15,16,[2 5],32,50,66,18,40
1,<environment.Job instance at 0x7f743fcec550>,24,1,[7 4],42,48,49,6,43
1,<environment.Job instance at 0x7f73f7cbaf50>,27,18,[1 5],45,50,68,5,46
1,<environment.Job instance at 0x7f73f7cba8c0>,31,2,[4 8],50,68,70,18,50
1,<environment.Job instance at 0x7f73f7cba3c0>,30,1,[2 7],49,70,71,21,50
1,<environment.Job instance at 0x7f73f7cbad20>,33,18,[ 1 10],52,71,89,19,64
1,<environment.Job instance at 0x7f7442665190>,3,18,[5 3],5,5,23,0,5
1,<environment.Job instance at 0x7f73f7dd7550>,4,13,[1 8],6,23,36,17,7
1,<environment.Job instance at 0x7f73f7dd73c0>,9,13,[6 2],14,23,36,9,14
1,<environment.Job instance at 0x7f743f7baf00>,16,17,[6 5],30,36,53,6,30
1,<environment.Job instance at 0x7f743fc11af0>,38,18,[8 4],66,67,85,1,67
1,<environment.Job instance at 0x7f73f8195dc0>,6,16,[5 4],12,14,30,2,14
1,<environment.Job instance at 0x7f73f81958c0>,10,21,[5 5],16,17,38,1,17
1,<environment.Job instance at 0x7f73f8195640>,11,1,[10  4],17,38,39,21,25
1,<environment.Job instance at 0x7f73f8195a00>,8,14,[4 9],14,39,53,25,36
1,<environment.Job instance at 0x7f73f8195d70>,15,13,[5 7],23,53,66,30,41
1,<environment.Job instance at 0x7f743f787910>,25,3,[8 1],34,66,69,32,46
1,<environment.Job instance at 0x7f743f787320>,27,18,[3 8],38,69,87,31,59
1,<environment.Job instance at 0x7f73f7c75370>,4,16,[7 4],7,13,29,6,13
1,<environment.Job instance at 0x7f73f82298c0>,14,16,[8 4],22,29,45,7,22
1,<environment.Job instance at 0x7f73f81d4140>,22,2,[3 9],30,45,47,15,44
1,<environment.Job instance at 0x7f73f7c95d70>,27,17,[6 2],38,68,85,30,68
1,<environment.Job instance at 0x7f3e19be2b90>,0,18,[ 2 10],1,1,19,0,1
1,<environment.Job instance at 0x7f3e19be29b0>,3,13,[3 8],5,19,32,14,5
1,<environment.Job instance at 0x7f3e127d4eb0>,23,20,[ 5 10],30,84,104,54,84
1,<environment.Job instance at 0x7f3e127dc460>,0,13,[7 2],2,2,15,0,2
1,<environment.Job instance at 0x7f3e19d55190>,3,14,[9 1],5,15,29,10,9
1,<environment.Job instance at 0x7f3e19d57d70>,9,13,[2 7],15,29,42,14,15
1,<environment.Job instance at 0x7f3e19c0df00>,19,3,[2 8],28,42,45,14,30
1,<environment.Job instance at 0x7f3e19c0dbe0>,23,1,[5 4],33,45,46,12,33
1,<environment.Job instance at 0x7f3e19c0d4b0>,25,17,[5 2],36,57,74,21,57
1,<environment.Job instance at 0x7f3dceb827d0>,6,13,[1 8],11,11,24,0,11
1,<environment.Job instance at 0x7f3dcebc1e10>,13,16,[6 2],29,29,45,0,29
1,<environment.Job instance at 0x7f3dcebc10f0>,16,15,[7 2],35,45,60,10,40
1,<environment.Job instance at 0x7f3dcebc1410>,21,22,[3 6],41,41,63,0,41
1,<environment.Job instance at 0x7f3dceb6feb0>,29,18,[1 6],52,63,81,11,52
1,<environment.Job instance at 0x7f3dceb6ffa0>,31,14,[5 3],54,61,75,7,61
1,<environment.Job instance at 0x7f3dceb6f780>,32,1,[ 5 10],55,81,82,26,66
1,<environment.Job instance at 0x7f3dceb7b690>,39,15,[ 1 10],69,82,97,13,74
1,<environment.Job instance at 0x7f3dceb7b1e0>,43,12,[5 7],73,97,109,24,82
1,<environment.Job instance at 0x7f3dceb1f230>,48,1,[9 1],86,109,110,23,86
1,<environment.Job instance at 0x7f3dceb94b90>,2,26,[3 8],3,4,30,1,4
1,<environment.Job instance at 0x7f3dcead0f50>,18,17,[2 8],24,31,48,7,31
1,<environment.Job instance at 0x7f3e127d4730>,29,17,[8 2],38,58,75,20,58
1,<environment.Job instance at 0x7f3dcec03410>,0,26,[7 2],1,2,28,1,2
1,<environment.Job instance at 0x7f3dceedaeb0>,12,13,[6 5],16,28,41,12,17
1,<environment.Job instance at 0x7f3dceeca370>,18,16,[7 2],24,41,57,17,31
1,<environment.Job instance at 0x7f3dceedab90>,9,15,[1 5],11,33,48,22,33
1,<environment.Job instance at 0x7f3dceeca5a0>,21,14,[5 7],27,57,71,30,43
1,<environment.Job instance at 0x7f3dceec0640>,33,3,[3 6],45,54,57,9,54
1,<environment.Job instance at 0x7f3dceec05f0>,30,15,[7 4],41,71,86,30,57
1,<environment.Job instance at 0x7f3dceec0be0>,38,3,[10  5],50,86,89,36,71
1,<environment.Job instance at 0x7f3dceec0b40>,37,14,[8 3],49,89,103,40,81
1,<environment.Job instance at 0x7f3e14ef2960>,4,16,[5 7],7,7,23,0,7
1,<environment.Job instance at 0x7f3e14ef2af0>,6,14,[ 3 10],14,23,37,9,14
1,<environment.Job instance at 0x7f3dcea508c0>,22,12,[8 2],34,37,49,3,35
1,<environment.Job instance at 0x7f3dcea502d0>,24,18,[8 1],36,49,67,13,38
1,<environment.Job instance at 0x7f3dcf06c410>,32,24,[3 6],49,67,91,18,64
1,<environment.Job instance at 0x7f3e1268a370>,43,14,[6 1],66,85,99,19,85
1,<environment.Job instance at 0x7f3e1268ac30>,44,13,[4 9],67,91,104,24,86
1,<environment.Job instance at 0x7f3dcee97d70>,0,22,[1 9],1,1,23,0,1
1,<environment.Job instance at 0x7f3e127316e0>,7,1,[3 7],8,23,24,15,10
1,<environment.Job instance at 0x7f3e1274faf0>,5,16,[3 9],6,24,40,18,11
1,<environment.Job instance at 0x7f3dcea62fa0>,24,18,[7 2],30,46,64,16,46
1,<environment.Job instance at 0x7f3e14f1ac30>,30,17,[2 7],37,58,75,21,58
1,<environment.Job instance at 0x7f3e12887690>,33,16,[9 4],41,75,91,34,63
1,<environment.Job instance at 0x7f3e12887e60>,39,24,[3 9],51,91,115,40,86
1,<environment.Job instance at 0x7f3dcebcf0f0>,2,25,[7 3],3,7,32,4,7
1,<environment.Job instance at 0x7f3dced90460>,18,3,[3 5],29,29,32,0,29
1,<environment.Job instance at 0x7f3dced906e0>,20,18,[5 4],32,34,52,2,34
1,<environment.Job instance at 0x7f3dced903c0>,21,28,[4 6],35,38,66,3,38
1,<environment.Job instance at 0x7f3dced8f3c0>,33,14,[4 7],53,66,80,13,53
1,<environment.Job instance at 0x7f3dced8fe10>,41,1,[2 5],64,80,81,16,77
1,<environment.Job instance at 0x7f3dced8fcd0>,42,20,[9 1],65,83,103,18,83
1,<environment.Job instance at 0x7f3e128feeb0>,13,28,[ 2 10],16,21,49,5,21
1,<environment.Job instance at 0x7f3e14d8d5f0>,16,3,[4 9],20,49,52,29,24
1,<environment.Job instance at 0x7f3dcf06b190>,18,14,[7 5],22,52,66,30,37
1,<environment.Job instance at 0x7f3dcf0bc140>,31,12,[8 2],39,66,78,27,58
1,<environment.Job instance at 0x7f3e12a26640>,35,1,[9 1],44,78,79,34,64
1,<environment.Job instance at 0x7f3e1999b730>,39,2,[10  3],52,83,85,31,83
1,<environment.Job instance at 0x7f3e1999b370>,38,3,[2 7],50,85,88,35,83
1,<environment.Job instance at 0x7f3e14f1f0f0>,1,18,[2 9],2,2,20,0,2
1,<environment.Job instance at 0x7f3e127eb0f0>,5,15,[2 5],6,20,35,14,6
1,<environment.Job instance at 0x7f3dcee8dd20>,14,12,[5 5],16,20,32,4,17
1,<environment.Job instance at 0x7f3e1529aa50>,17,3,[7 4],19,32,35,13,19
1,<environment.Job instance at 0x7f3e125c09b0>,18,2,[ 4 10],21,35,37,14,21
1,<environment.Job instance at 0x7f3e127ebc80>,7,16,[9 2],8,37,53,29,24
1,<environment.Job instance at 0x7f3e14ed0910>,31,13,[4 5],39,53,66,14,42
1,<environment.Job instance at 0x7f3e12c25820>,25,13,[3 7],32,66,79,34,52
1,<environment.Job instance at 0x7f3e14e3a410>,44,16,[2 7],59,79,95,20,70
1,<environment.Job instance at 0x7f3dceccefa0>,6,13,[2 7],11,13,26,2,13
1,<environment.Job instance at 0x7f3dcecd32d0>,12,14,[9 5],18,26,40,8,18
1,<environment.Job instance at 0x7f3dcecd3af0>,19,15,[ 1 10],25,40,55,15,31
1,<environment.Job instance at 0x7f3e14ef7410>,25,3,[5 2],31,55,58,24,31
1,<environment.Job instance at 0x7f3e14ef7cd0>,34,1,[6 2],41,58,59,17,43
1,<environment.Job instance at 0x7f3e14ef7d70>,35,15,[6 5],42,59,74,17,45
1,<environment.Job instance at 0x7f3e14efa460>,38,13,[9 4],46,74,87,28,58
1,<environment.Job instance at 0x7f3e14efae60>,52,15,[8 1],64,87,102,23,75
1,<environment.Job instance at 0x7f3e14efd280>,2,1,[9 2],6,6,7,0,6
1,<environment.Job instance at 0x7f3dcf0ff230>,3,15,[5 2],8,13,28,5,13
1,<environment.Job instance at 0x7f3e14ff12d0>,9,3,[5 9],17,28,31,11,18
1,<environment.Job instance at 0x7f3e1261cf50>,17,3,[2 6],31,31,34,0,31
1,<environment.Job instance at 0x7f3e14ff1780>,8,23,[9 5],16,34,57,18,33
1,<environment.Job instance at 0x7f3e150d25f0>,27,1,[9 4],46,57,58,11,52
1,<environment.Job instance at 0x7f3e150d2640>,28,12,[1 5],47,52,64,5,52
1,<environment.Job instance at 0x7f3e150d2eb0>,22,3,[8 4],39,58,61,19,53
1,<environment.Job instance at 0x7f3e199a0140>,30,12,[10  1],50,64,76,14,61
1,<environment.Job instance at 0x7f3e19c0acd0>,35,14,[4 7],56,76,90,20,74
1,<environment.Job instance at 0x7f3e19c0aaf0>,37,2,[7 1],59,90,92,31,75
1,<environment.Job instance at 0x7f3e19c0a0f0>,38,18,[3 6],61,90,108,29,83
1,<environment.Job instance at 0x7f3e125b4640>,3,28,[10  4],5,12,40,7,12
1,<environment.Job instance at 0x7f3e14d675f0>,16,2,[3 5],29,40,42,11,30
1,<environment.Job instance at 0x7f3e14d67460>,20,2,[4 7],33,42,44,9,33
1,<environment.Job instance at 0x7f3e14d67aa0>,12,17,[8 3],22,44,61,22,33
1,<environment.Job instance at 0x7f3e12925190>,26,2,[5 2],42,42,44,0,42
1,<environment.Job instance at 0x7f3e1529f870>,36,17,[7 3],54,88,105,34,88
1,<environment.Job instance at 0x7f3dce819910>,8,3,[1 8],12,12,15,0,12
1,<environment.Job instance at 0x7f3dce81b410>,18,13,[9 3],27,42,55,15,42
1,<environment.Job instance at 0x7f3dce81b870>,21,12,[3 7],34,55,67,21,43
1,<environment.Job instance at 0x7f3dce80c140>,24,22,[10  4],37,67,89,30,61
1,<environment.Job instance at 0x7f3dcecead70>,37,1,[5 1],56,89,90,33,78
1,<environment.Job instance at 0x7f3dce7e3f50>,27,23,[6 3],41,90,113,49,84
1,<environment.Job instance at 0x7f3e14f7ac30>,2,27,[3 5],4,5,32,1,5
1,<environment.Job instance at 0x7f3dceda2a00>,8,16,[1 7],12,32,48,20,20
1,<environment.Job instance at 0x7f3e129bfeb0>,14,23,[7 4],20,48,71,28,45
1,<environment.Job instance at 0x7f3e12925910>,21,17,[2 6],37,61,78,24,61
1,<environment.Job instance at 0x7f3dcecb4eb0>,18,21,[9 2],32,78,99,46,72
1,<environment.Job instance at 0x7f3e1295fd20>,36,3,[7 5],59,99,102,40,73
1,<environment.Job instance at 0x7f3e15161c30>,42,18,[1 5],65,87,105,22,87
1,<environment.Job instance at 0x7f3dce9b2be0>,5,16,[9 4],10,10,26,0,10
1,<environment.Job instance at 0x7f3dce8b05f0>,13,2,[2 8],21,26,28,5,22
1,<environment.Job instance at 0x7f3dce8b0370>,14,3,[4 7],23,28,31,5,27
1,<environment.Job instance at 0x7f3dce8b0140>,12,28,[6 1],19,29,57,10,29
1,<environment.Job instance at 0x7f3dce7a5fa0>,40,21,[ 4 10],68,69,90,1,69
1,<environment.Job instance at 0x7f3dcf160370>,44,18,[8 4],76,90,108,14,81
1,<environment.Job instance at 0x7f3e14f219b0>,5,14,[10  2],10,21,35,11,21
1,<environment.Job instance at 0x7f3e14f46820>,15,13,[5 7],23,35,48,12,26
1,<environment.Job instance at 0x7f3dcea226e0>,27,18,[3 8],38,55,73,17,55
1,<environment.Job instance at 0x7f3e14dcb550>,32,26,[ 3 10],45,73,99,28,70
1,<environment.Job instance at 0x7f3e128d7be0>,39,13,[1 5],59,99,112,40,89
1,<environment.Job instance at 0x7f3dce83bd70>,12,1,[7 4],17,17,18,0,17
1,<environment.Job instance at 0x7f3dce943aa0>,17,1,[8 1],22,31,32,9,31
1,<environment.Job instance at 0x7f3dcee4ea50>,19,16,[6 2],27,34,50,7,34
1,<environment.Job instance at 0x7f3dceec75f0>,24,17,[7 3],33,58,75,25,58
1,<environment.Job instance at 0x7f3dceb7f050>,27,15,[5 7],42,75,90,33,61
1,<environment.Job instance at 0x7f3dcec075a0>,31,2,[6 5],46,90,92,44,82
1,<environment.Job instance at 0x7f3e197f55a0>,0,18,[1 6],1,1,19,0,1
1,<environment.Job instance at 0x7f3e197dbe60>,3,13,[ 3 10],6,19,32,13,6
1,<environment.Job instance at 0x7f3e15413640>,12,2,[3 7],15,32,34,17,16
1,<environment.Job instance at 0x7f3e125f8c80>,11,17,[3 9],14,34,51,20,32
1,<environment.Job instance at 0x7f3dceb35a50>,22,2,[8 2],25,51,53,26,33
1,<environment.Job instance at 0x7f3dceb35780>,24,2,[6 1],27,33,35,6,33
1,<environment.Job instance at 0x7f3e19b21c30>,23,2,[5 4],26,53,55,27,36
1,<environment.Job instance at 0x7f3e14ecfcd0>,31,13,[3 8],35,55,68,20,53
1,<environment.Job instance at 0x7f3e15144d20>,21,21,[5 1],24,62,83,38,62
1,<environment.Job instance at 0x7f3e15086f50>,29,18,[5 5],32,68,86,36,63
1,<environment.Job instance at 0x7f3e1259d410>,43,16,[1 8],50,86,102,36,84
1,<environment.Job instance at 0x7f3e150d25a0>,4,14,[8 5],5,12,26,7,12
1,<environment.Job instance at 0x7f3e150d2d70>,12,18,[2 5],15,19,37,4,19
1,<environment.Job instance at 0x7f3e150d2870>,14,14,[7 5],18,26,40,8,25
1,<environment.Job instance at 0x7f3e150d22d0>,16,17,[5 7],20,40,57,20,28
1,<environment.Job instance at 0x7f3dceee2690>,24,1,[9 5],35,57,58,22,44
1,<environment.Job instance at 0x7f3dceee2be0>,22,18,[6 2],32,58,76,26,55
1,<environment.Job instance at 0x7f3dce9f6be0>,34,18,[6 5],49,76,94,27,68
1,<environment.Job instance at 0x7f3e125657d0>,40,13,[6 4],60,94,107,34,87
1,<environment.Job instance at 0x7f91213831e0>,0,18,[ 2 10],1,1,19,0,1
1,<environment.Job instance at 0x7f91213c7780>,3,13,[3 8],5,19,32,14,6
1,<environment.Job instance at 0x7f9119f77280>,22,18,[7 4],28,48,66,20,48
1,<environment.Job instance at 0x7f9119f775a0>,29,28,[4 5],39,68,96,29,68
1,<environment.Job instance at 0x7f91214eabe0>,18,13,[2 8],27,33,46,6,33
1,<environment.Job instance at 0x7f90d6225eb0>,9,13,[ 4 10],17,18,31,1,18
1,<environment.Job instance at 0x7f90d6225e10>,17,15,[6 2],26,45,60,19,45
1,<environment.Job instance at 0x7f90d6225730>,22,18,[10  1],33,60,78,27,54
1,<environment.Job instance at 0x7f90d6225140>,24,1,[ 5 10],35,78,79,43,56
1,<environment.Job instance at 0x7f90d62b30f0>,28,13,[ 4 10],44,79,92,35,63
1,<environment.Job instance at 0x7f90d62b36e0>,32,17,[4 9],50,93,110,43,93
1,<environment.Job instance at 0x7f90d62839b0>,40,1,[9 1],66,110,111,44,95
1,<environment.Job instance at 0x7f90d61c91e0>,5,17,[8 2],8,9,26,1,9
1,<environment.Job instance at 0x7f90d61c9fa0>,11,20,[5 2],17,26,46,9,17
1,<environment.Job instance at 0x7f90d61c9af0>,8,23,[5 4],11,26,49,15,21
1,<environment.Job instance at 0x7f90d6705f50>,23,17,[2 6],34,46,63,12,36
1,<environment.Job instance at 0x7f90d61c9b40>,18,28,[7 3],26,70,98,44,70
1,<environment.Job instance at 0x7f90d662ec30>,36,18,[3 6],54,78,96,24,78
1,<environment.Job instance at 0x7f90d662ef00>,39,14,[9 2],58,98,112,40,83
1,<environment.Job instance at 0x7f90d6262690>,2,16,[ 2 10],4,6,22,2,6
1,<environment.Job instance at 0x7f90d692a230>,5,17,[8 2],7,22,39,15,13
1,<environment.Job instance at 0x7f90d692abe0>,16,17,[7 1],21,39,56,18,29
1,<environment.Job instance at 0x7f90d692a9b0>,13,17,[5 8],17,56,73,39,55
1,<environment.Job instance at 0x7f90d6262190>,4,14,[9 4],6,73,87,67,58
1,<environment.Job instance at 0x7f90d6921d20>,36,1,[3 7],48,87,88,39,77
1,<environment.Job instance at 0x7f90d6921b90>,35,14,[ 1 10],47,88,102,41,81
1,<environment.Job instance at 0x7f90d69363c0>,41,2,[7 2],56,102,104,46,91
1,<environment.Job instance at 0x7f90d69210f0>,23,18,[6 1],29,104,122,75,94
1,<environment.Job instance at 0x7f90d6936320>,43,2,[5 6],61,122,124,61,96
1,<environment.Job instance at 0x7f90d6610fa0>,13,16,[4 5],20,20,36,0,20
1,<environment.Job instance at 0x7f90d6283280>,14,12,[1 9],21,36,48,15,22
1,<environment.Job instance at 0x7f9119d52640>,29,15,[2 8],43,52,67,9,52
1,<environment.Job instance at 0x7f911cc4b1e0>,31,15,[5 1],45,52,67,7,52
1,<environment.Job instance at 0x7f911cc4bd70>,32,16,[3 9],46,67,83,21,56
1,<environment.Job instance at 0x7f911c5b6e10>,39,1,[3 9],56,83,84,27,77
1,<environment.Job instance at 0x7f9119de8460>,40,21,[2 7],57,84,105,27,78
1,<environment.Job instance at 0x7f9119de8190>,42,2,[8 4],59,105,107,46,91
1,<environment.Job instance at 0x7f911a26ddc0>,2,18,[10  3],6,6,24,0,6
1,<environment.Job instance at 0x7f911a26d820>,3,1,[5 5],7,24,25,17,7
1,<environment.Job instance at 0x7f90d683d370>,11,14,[3 6],16,25,39,9,21
1,<environment.Job instance at 0x7f9119cee960>,15,13,[8 1],22,39,52,17,33
1,<environment.Job instance at 0x7f911a1d55a0>,32,1,[1 5],45,51,52,6,51
1,<environment.Job instance at 0x7f911a1d5be0>,33,1,[1 6],46,52,53,6,51
1,<environment.Job instance at 0x7f90d64415f0>,20,15,[2 7],29,53,68,24,53
1,<environment.Job instance at 0x7f911cb9bbe0>,35,12,[ 1 10],50,68,80,18,60
1,<environment.Job instance at 0x7f911cb9baa0>,38,28,[4 9],56,81,109,25,81
1,<environment.Job instance at 0x7f90d6633820>,0,12,[8 1],1,3,15,2,3
1,<environment.Job instance at 0x7f90d688a410>,5,1,[2 8],8,9,10,1,9
1,<environment.Job instance at 0x7f911a2cd870>,2,3,[9 2],3,15,18,12,10
1,<environment.Job instance at 0x7f90d688a910>,10,1,[8 3],13,18,19,5,13
1,<environment.Job instance at 0x7f90d688a6e0>,7,17,[5 1],10,19,36,9,17
1,<environment.Job instance at 0x7f90d688ae60>,16,12,[7 4],20,36,48,16,21
1,<environment.Job instance at 0x7f90d6895d20>,29,18,[3 6],34,49,67,15,49
1,<environment.Job instance at 0x7f90d68b2190>,36,12,[6 1],43,67,79,24,67
1,<environment.Job instance at 0x7f90d68b2370>,38,1,[1 5],46,68,69,22,68
1,<environment.Job instance at 0x7f90d68b25f0>,39,13,[6 2],48,79,92,31,72
1,<environment.Job instance at 0x7f90d68b2820>,41,1,[5 2],50,92,93,42,72
1,<environment.Job instance at 0x7f90d68b25a0>,43,2,[5 5],52,92,94,40,82
1,<environment.Job instance at 0x7f90d68b2af0>,44,1,[7 1],53,94,95,41,82
1,<environment.Job instance at 0x7f90d68b2b40>,47,1,[ 5 10],58,95,96,37,95
1,<environment.Job instance at 0x7f90d68b2cd0>,48,12,[8 2],59,97,109,38,97
1,<environment.Job instance at 0x7f91214fe230>,4,17,[8 5],6,6,23,0,6
1,<environment.Job instance at 0x7f911c530140>,7,15,[2 8],9,23,38,14,9
1,<environment.Job instance at 0x7f911c9882d0>,24,17,[ 1 10],28,38,55,10,28
1,<environment.Job instance at 0x7f911a071780>,25,3,[7 4],29,55,58,26,29
1,<environment.Job instance at 0x7f911c6557d0>,33,13,[3 7],42,58,71,16,44
1,<environment.Job instance at 0x7f911a04bbe0>,39,13,[4 5],49,71,84,22,62
1,<environment.Job instance at 0x7f911a04b0a0>,40,23,[6 5],50,71,94,21,65
1,<environment.Job instance at 0x7f911cc45280>,46,13,[5 8],60,94,107,34,79
1,<environment.Job instance at 0x7f9119f8e730>,52,16,[2 7],69,107,123,38,95
1,<environment.Job instance at 0x7f90d67fb0f0>,6,13,[2 7],11,12,25,1,12
1,<environment.Job instance at 0x7f90d67fb140>,8,14,[5 7],13,25,39,12,16
1,<environment.Job instance at 0x7f911c4b7230>,12,14,[9 5],18,39,53,21,25
1,<environment.Job instance at 0x7f90d67be8c0>,28,16,[5 4],35,53,69,18,49
1,<environment.Job instance at 0x7f90d67df910>,31,2,[10  4],38,69,71,31,49
1,<environment.Job instance at 0x7f90d67df0a0>,32,2,[1 6],39,53,55,14,49
1,<environment.Job instance at 0x7f9119f22280>,0,19,[9 4],1,1,20,0,1
1,<environment.Job instance at 0x7f911c872820>,3,23,[9 5],6,20,43,14,15
1,<environment.Job instance at 0x7f90d658aa00>,28,13,[1 7],44,59,72,15,59
1,<environment.Job instance at 0x7f90d658adc0>,30,14,[4 7],46,72,86,26,59
1,<environment.Job instance at 0x7f90d65ac820>,39,16,[3 7],60,90,106,30,90
1,<environment.Job instance at 0x7f90d65b6f50>,1,17,[8 3],2,3,20,1,3
1,<environment.Job instance at 0x7f90d61ef230>,3,26,[4 9],4,20,46,16,18
1,<environment.Job instance at 0x7f90d67f2370>,21,28,[6 1],30,36,64,6,36
1,<environment.Job instance at 0x7f90d67d8f00>,25,17,[7 3],34,64,81,30,54
1,<environment.Job instance at 0x7f9121383050>,1,14,[ 4 10],5,5,19,0,5
1,<environment.Job instance at 0x7f90d68740f0>,10,1,[10  5],15,19,20,4,15
1,<environment.Job instance at 0x7f911caf9960>,12,2,[3 8],21,22,24,1,22
1,<environment.Job instance at 0x7f911caf9910>,17,16,[9 4],27,27,43,0,27
1,<environment.Job instance at 0x7f90d6624870>,30,14,[3 7],43,44,58,1,44
1,<environment.Job instance at 0x7f90d6624550>,23,24,[7 2],35,60,84,25,60
1,<environment.Job instance at 0x7f911c664fa0>,35,12,[9 1],50,84,96,34,67
1,<environment.Job instance at 0x7f9119d38960>,45,15,[4 6],68,96,111,28,94
1,<environment.Job instance at 0x7f911cb2ca50>,3,15,[5 2],7,7,22,0,7
1,<environment.Job instance at 0x7f911a4a1b90>,8,18,[10  2],14,22,40,8,17
1,<environment.Job instance at 0x7f911a47d5f0>,18,18,[1 5],25,40,58,15,29
1,<environment.Job instance at 0x7f911a1f7730>,29,19,[9 4],38,41,60,3,41
1,<environment.Job instance at 0x7f90d669d050>,34,17,[9 1],44,60,77,16,54
1,<environment.Job instance at 0x7f9119d74190>,38,21,[9 3],49,77,98,28,69
1,<environment.Job instance at 0x7f9119fb2780>,48,18,[5 3],65,98,116,33,89
1,<environment.Job instance at 0x7f9119ddb3c0>,2,28,[9 4],3,5,33,2,5
1,<environment.Job instance at 0x7f90d6725e60>,11,13,[3 5],22,34,47,12,34
1,<environment.Job instance at 0x7f9119da5be0>,19,13,[2 8],34,47,60,13,34
1,<environment.Job instance at 0x7f911c605c80>,20,14,[8 1],36,47,61,11,39
1,<environment.Job instance at 0x7f911c771f00>,29,16,[3 9],53,64,80,11,64
1,<environment.Job instance at 0x7f911c771690>,30,14,[4 9],54,80,94,26,68
1,<environment.Job instance at 0x7f90d66eca50>,37,13,[5 7],63,94,107,31,82
1,<environment.Job instance at 0x7f911c67d230>,1,12,[8 4],3,5,17,2,5
1,<environment.Job instance at 0x7f90d5f4d9b0>,7,18,[5 5],9,17,35,8,9
1,<environment.Job instance at 0x7f90d6506230>,19,16,[7 4],27,35,51,8,28
1,<environment.Job instance at 0x7f90d5f4db90>,13,26,[7 5],18,58,84,40,58
1,<environment.Job instance at 0x7f90d5f75c30>,34,1,[7 4],47,84,85,37,72
1,<environment.Job instance at 0x7f90d5f75320>,38,2,[5 7],51,92,94,41,92
1,<environment.Job instance at 0x7f90d5f75410>,2,15,[8 2],3,7,22,4,7
1,<environment.Job instance at 0x7f90d61b0140>,9,13,[8 5],12,22,35,10,12
1,<environment.Job instance at 0x7f90d6182e10>,22,3,[ 3 10],27,35,38,8,31
1,<environment.Job instance at 0x7f90d61a48c0>,26,2,[2 7],31,38,40,7,36
1,<environment.Job instance at 0x7f90d61aeb90>,27,18,[8 1],32,39,57,7,39
1,<environment.Job instance at 0x7f90d627e410>,31,2,[5 2],36,57,59,21,53
1,<environment.Job instance at 0x7f90d629b5f0>,33,18,[3 5],38,57,75,19,53
1,<environment.Job instance at 0x7f911c5e78c0>,44,1,[7 3],49,72,73,23,72
1,<environment.Job instance at 0x7f90d61b0640>,16,27,[4 5],19,73,100,54,72
1,<environment.Job instance at 0x7f911c5e77d0>,45,2,[2 5],50,75,77,25,73
1,<environment.Job instance at 0x7f90d610f190>,39,21,[5 1],44,78,99,34,78
1,<environment.Job instance at 0x7f911c8eedc0>,0,28,[4 7],1,12,40,11,12
1,<environment.Job instance at 0x7f911cc25c80>,10,25,[ 4 10],21,40,65,19,37
1,<environment.Job instance at 0x7f911caa4370>,27,17,[5 9],46,67,84,21,67
1,<environment.Job instance at 0x7f911cb2c0a0>,38,13,[6 3],63,85,98,22,85
1,<environment.Job instance at 0x7f911cb2c2d0>,39,18,[2 8],64,98,116,34,90
1,<environment.Job instance at 0x7f90d6839320>,0,24,[5 6],1,3,27,2,3
1,<environment.Job instance at 0x7f9119ee8cd0>,4,14,[9 5],6,27,41,21,12
1,<environment.Job instance at 0x7f911c538910>,16,15,[ 4 10],26,41,56,15,27
1,<environment.Job instance at 0x7f90d6156c80>,24,16,[6 5],36,56,72,20,43
1,<environment.Job instance at 0x7f90d65e6140>,32,17,[5 1],51,72,89,21,63
1,<environment.Job instance at 0x7f911c938230>,33,17,[3 8],52,72,89,20,69
1,<environment.Job instance at 0x7f911a2ab410>,36,25,[3 6],58,89,114,31,87
1,<environment.Job instance at 0x7f91214f9a50>,3,18,[4 9],14,15,33,1,15
1,<environment.Job instance at 0x7f911a227e10>,10,19,[10  4],22,33,52,11,24
1,<environment.Job instance at 0x7f9119fac5f0>,23,15,[5 7],42,52,67,10,43
1,<environment.Job instance at 0x7f9119fac190>,27,16,[2 7],46,67,83,21,56
1,<environment.Job instance at 0x7f9119facbe0>,29,22,[5 2],49,56,78,7,56
1,<environment.Job instance at 0x7f911c6c8be0>,39,15,[4 8],63,91,106,28,91
1,<environment.Job instance at 0x7f4cdca611e0>,0,18,[ 2 10],1,1,19,0,1
1,<environment.Job instance at 0x7f4cdcae8690>,3,13,[3 8],5,19,32,14,13
1,<environment.Job instance at 0x7f4cd5655370>,20,22,[8 2],26,40,62,14,40
1,<environment.Job instance at 0x7f4cd5655320>,22,18,[7 4],28,62,80,34,60
1,<environment.Job instance at 0x7f4cd56556e0>,26,3,[4 6],35,80,83,45,61
1,<environment.Job instance at 0x7f4cd5655910>,28,13,[1 6],37,67,80,30,67
1,<environment.Job instance at 0x7f4cd5655640>,27,17,[5 9],36,83,100,47,71
1,<environment.Job instance at 0x7f4cd5655e60>,38,18,[5 8],50,100,118,50,89
1,<environment.Job instance at 0x7f4cdcbd2690>,28,14,[9 1],44,84,98,40,84
1,<environment.Job instance at 0x7f4cdcbd2eb0>,29,15,[9 2],45,98,113,53,86
1,<environment.Job instance at 0x7f4cdca88190>,35,1,[1 5],57,93,94,36,93
1,<environment.Job instance at 0x7f4c91a04aa0>,0,22,[3 6],1,1,23,0,1
1,<environment.Job instance at 0x7f4c91a04230>,4,15,[6 2],6,6,21,0,6
1,<environment.Job instance at 0x7f4c91a04730>,6,18,[ 4 10],8,23,41,15,14
1,<environment.Job instance at 0x7f4c91a4c5f0>,13,16,[7 5],22,41,57,19,29
1,<environment.Job instance at 0x7f4c91a4c690>,23,1,[9 1],40,57,58,17,40
1,<environment.Job instance at 0x7f4c91a4c960>,19,17,[4 9],30,58,75,28,50
1,<environment.Job instance at 0x7f4c919fd6e0>,35,14,[3 9],54,75,89,21,64
1,<environment.Job instance at 0x7f4c91a44c30>,41,17,[5 9],60,89,106,29,80
1,<environment.Job instance at 0x7f4c91a2bb90>,3,17,[2 6],4,5,22,1,5
1,<environment.Job instance at 0x7f4c91a44410>,4,18,[ 2 10],8,22,40,14,14
1,<environment.Job instance at 0x7f4c919fde60>,8,17,[5 3],15,40,57,25,30
1,<environment.Job instance at 0x7f4c91d110a0>,25,16,[5 7],35,51,67,16,51
1,<environment.Job instance at 0x7f4c91d112d0>,28,14,[9 1],39,67,81,28,55
1,<environment.Job instance at 0x7f4c91ad24b0>,32,13,[2 6],44,88,101,44,88
1,<environment.Job instance at 0x7f4c91ad2460>,37,14,[10  4],51,101,115,50,89
1,<environment.Job instance at 0x7f4c91e41d70>,46,18,[9 2],61,115,133,54,106
1,<environment.Job instance at 0x7f4c91a04960>,0,12,[7 1],3,3,15,0,3
1,<environment.Job instance at 0x7f4c91d4bbe0>,5,14,[5 9],10,15,29,5,10
1,<environment.Job instance at 0x7f4c91d4bd70>,7,15,[6 4],12,29,44,17,15
1,<environment.Job instance at 0x7f4c91d49500>,14,16,[8 5],26,44,60,18,32
1,<environment.Job instance at 0x7f4c91d41280>,28,12,[8 2],44,60,72,16,44
1,<environment.Job instance at 0x7f4c91d47050>,40,16,[4 9],63,90,106,27,90
1,<environment.Job instance at 0x7f4c91d477d0>,48,1,[10  3],75,106,107,31,103
1,<environment.Job instance at 0x7f4c91d478c0>,49,14,[6 1],76,107,121,31,103
1,<environment.Job instance at 0x7f4c91d47280>,41,18,[2 9],67,107,125,40,103
1,<environment.Job instance at 0x7f4cd81829b0>,6,2,[8 4],9,11,13,2,11
1,<environment.Job instance at 0x7f4cd8182370>,8,13,[3 9],12,18,31,6,18
1,<environment.Job instance at 0x7f4cd8182af0>,13,14,[9 1],17,31,45,14,23
1,<environment.Job instance at 0x7f4cd830a370>,24,16,[9 4],31,45,61,14,32
1,<environment.Job instance at 0x7f4cd8182500>,5,18,[ 5 10],8,61,79,53,59
1,<environment.Job instance at 0x7f4c91a83820>,32,12,[6 3],44,79,91,35,63
1,<environment.Job instance at 0x7f4cd53ccc80>,37,1,[2 8],55,91,92,36,75
1,<environment.Job instance at 0x7f4c91a83af0>,30,24,[3 9],41,92,116,51,89
1,<environment.Job instance at 0x7f4c9195b820>,1,18,[5 4],2,3,21,1,3
1,<environment.Job instance at 0x7f4c9195baa0>,2,28,[4 6],5,6,34,1,6
1,<environment.Job instance at 0x7f4cd557b910>,14,14,[4 7],23,34,48,11,23
1,<environment.Job instance at 0x7f4cd54c6820>,16,13,[5 7],25,48,61,23,32
1,<environment.Job instance at 0x7f4c9194e640>,28,12,[8 1],41,61,73,20,44
1,<environment.Job instance at 0x7f4c9194e7d0>,30,3,[9 2],43,73,76,30,49
1,<environment.Job instance at 0x7f4cd7cad7d0>,45,12,[8 4],61,89,101,28,89
1,<environment.Job instance at 0x7f4c91a9c2d0>,42,24,[8 5],58,101,125,43,98
1,<environment.Job instance at 0x7f4cd54de2d0>,11,12,[6 4],20,20,32,0,20
1,<environment.Job instance at 0x7f4cd54de7d0>,14,3,[4 5],24,24,27,0,24
1,<environment.Job instance at 0x7f4cd54dec30>,17,27,[5 1],28,39,66,11,39
1,<environment.Job instance at 0x7f4cd54deaf0>,19,12,[ 3 10],30,66,78,36,55
1,<environment.Job instance at 0x7f4cd54dee60>,22,3,[9 2],33,78,81,45,67
1,<environment.Job instance at 0x7f4cd54c7140>,26,15,[5 3],38,81,96,43,67
1,<environment.Job instance at 0x7f4cd54c7320>,29,18,[2 9],42,96,114,54,87
1,<environment.Job instance at 0x7f4cd54c7960>,37,15,[9 1],50,114,129,64,101
1,<environment.Job instance at 0x7f4cd54b9780>,0,24,[10  4],2,2,26,0,2
1,<environment.Job instance at 0x7f4cd563a140>,11,14,[7 5],14,26,40,12,14
1,<environment.Job instance at 0x7f4cd5b60aa0>,25,2,[4 5],34,40,42,6,34
1,<environment.Job instance at 0x7f4cd7cd4a50>,28,14,[9 5],38,42,56,4,39
1,<environment.Job instance at 0x7f4cd548ee10>,33,16,[5 3],43,56,72,13,44
1,<environment.Job instance at 0x7f4cd7c47aa0>,37,12,[7 2],47,72,84,25,55
1,<environment.Job instance at 0x7f4cd5456a50>,51,15,[6 5],62,98,113,36,98
1,<environment.Job instance at 0x7f4c91d160a0>,1,18,[5 1],2,2,20,0,2
1,<environment.Job instance at 0x7f4cd55eac80>,3,15,[5 2],8,8,23,0,8
1,<environment.Job instance at 0x7f4cd5a02a00>,5,19,[9 4],11,23,42,12,15
1,<environment.Job instance at 0x7f4c91ba5c30>,21,16,[3 9],38,42,58,4,39
1,<environment.Job instance at 0x7f4c91e34dc0>,28,12,[1 5],47,58,70,11,51
1,<environment.Job instance at 0x7f4cd54405a0>,34,12,[3 5],55,76,88,21,76
1,<environment.Job instance at 0x7f4cd5440140>,35,14,[4 7],56,88,102,32,80
1,<environment.Job instance at 0x7f4cd5440280>,40,2,[2 5],65,86,88,21,86
1,<environment.Job instance at 0x7f4c91e34a00>,30,12,[10  1],50,102,114,52,86
1,<environment.Job instance at 0x7f4c91be2500>,46,18,[9 5],72,114,132,42,104
1,<environment.Job instance at 0x7f4cd59b5cd0>,0,14,[10  3],1,1,15,0,1
1,<environment.Job instance at 0x7f4c91a4bc80>,3,26,[4 9],4,15,41,11,14
1,<environment.Job instance at 0x7f4c91d6ccd0>,21,28,[6 1],30,43,71,13,43
1,<environment.Job instance at 0x7f4c91d6c550>,26,12,[9 5],35,71,83,36,57
1,<environment.Job instance at 0x7f4c91d8fbe0>,31,12,[3 9],41,83,95,42,74
1,<environment.Job instance at 0x7f4c91d8f500>,34,20,[7 4],44,95,115,51,90
1,<environment.Job instance at 0x7f4c91d74820>,42,13,[3 8],56,115,128,59,102
1,<environment.Job instance at 0x7f4cd59501e0>,1,1,[1 8],2,5,6,3,5
1,<environment.Job instance at 0x7f4cd5950410>,8,2,[ 1 10],14,14,16,0,14
1,<environment.Job instance at 0x7f4cd5950a00>,10,1,[5 1],16,16,17,0,16
1,<environment.Job instance at 0x7f4cd59505a0>,11,16,[9 4],17,18,34,1,18
1,<environment.Job instance at 0x7f4cd7c966e0>,17,24,[7 2],25,34,58,9,34
1,<environment.Job instance at 0x7f4cd5a53eb0>,27,17,[7 5],38,58,75,20,47
1,<environment.Job instance at 0x7f4cd552b280>,39,15,[4 6],58,77,92,19,77
1,<environment.Job instance at 0x7f4cd5a53230>,37,27,[3 5],54,95,122,41,95
1,<environment.Job instance at 0x7f4cd552b640>,49,23,[7 4],70,99,122,29,99
1,<environment.Job instance at 0x7f4cd804b0a0>,0,18,[3 9],1,1,19,0,1
1,<environment.Job instance at 0x7f4cd54fa0a0>,6,17,[3 5],7,19,36,12,7
1,<environment.Job instance at 0x7f4cdcbd7d70>,18,2,[9 4],22,36,38,14,23
1,<environment.Job instance at 0x7f4c9177f0a0>,19,17,[9 3],23,38,55,15,26
1,<environment.Job instance at 0x7f4c916cb5a0>,22,2,[5 9],27,55,57,28,30
1,<environment.Job instance at 0x7f4cd7d8d500>,29,1,[5 5],39,57,58,18,50
1,<environment.Job instance at 0x7f4cd7d8d870>,27,14,[5 4],36,57,71,21,50
1,<environment.Job instance at 0x7f4cd7d8d5a0>,33,2,[4 8],43,71,73,28,56
1,<environment.Job instance at 0x7f4cd7d8d0a0>,30,16,[9 4],40,73,89,33,60
1,<environment.Job instance at 0x7f4c916f4c30>,42,1,[2 7],58,89,90,31,75
1,<environment.Job instance at 0x7f4c916f4410>,43,3,[4 8],59,90,93,31,77
1,<environment.Job instance at 0x7f4cd5497dc0>,45,3,[1 7],64,93,96,29,77
1,<environment.Job instance at 0x7f4cd7e05230>,37,28,[6 1],49,89,117,40,88
1,<environment.Job instance at 0x7f4cd8180a50>,9,1,[8 1],19,19,20,0,19
1,<environment.Job instance at 0x7f4c916dad20>,11,16,[5 4],22,22,38,0,22
1,<environment.Job instance at 0x7f4cd57fde10>,5,3,[10  4],13,38,41,25,23
1,<environment.Job instance at 0x7f4cd7c95c80>,20,13,[5 7],33,41,54,8,41
1,<environment.Job instance at 0x7f4cd7c95910>,21,12,[ 1 10],34,54,66,20,41
1,<environment.Job instance at 0x7f4c9187bb90>,4,15,[3 9],7,66,81,59,55
1,<environment.Job instance at 0x7f4c91c075a0>,35,18,[6 4],52,81,99,29,73
1,<environment.Job instance at 0x7f4cd810d2d0>,41,17,[3 6],64,101,118,37,101
1,<environment.Job instance at 0x7f4cd589b960>,0,16,[8 4],2,2,18,0,2
1,<environment.Job instance at 0x7f4cd7cd6500>,3,16,[2 9],5,18,34,13,9
1,<environment.Job instance at 0x7f4cd7d00690>,18,2,[6 5],26,38,40,12,38
1,<environment.Job instance at 0x7f4c9197f280>,19,1,[10  2],28,40,41,12,39
1,<environment.Job instance at 0x7f4cd7f9ca00>,20,15,[5 7],32,42,57,10,42
1,<environment.Job instance at 0x7f4cd58d7a50>,29,17,[8 4],44,63,80,19,63
1,<environment.Job instance at 0x7f4cd7fb1370>,34,13,[3 6],54,80,93,26,72
1,<environment.Job instance at 0x7f4cd58dbb40>,44,16,[7 3],69,108,124,39,108
1,<environment.Job instance at 0x7f4cd58db4b0>,1,18,[5 5],2,2,20,0,2
1,<environment.Job instance at 0x7f4c91d2f960>,3,13,[3 8],5,20,33,15,5
1,<environment.Job instance at 0x7f4cd57e5910>,14,1,[ 1 10],19,33,34,14,19
1,<environment.Job instance at 0x7f4c91d2f050>,4,28,[5 9],6,35,63,29,35
1,<environment.Job instance at 0x7f4c91e80b40>,27,1,[4 7],37,63,64,26,50
1,<environment.Job instance at 0x7f4c91e80b90>,29,14,[1 8],39,64,78,25,51
1,<environment.Job instance at 0x7f4cd57e57d0>,20,13,[9 1],26,64,77,38,57
1,<environment.Job instance at 0x7f4c91e80910>,33,2,[7 3],44,78,80,34,57
1,<environment.Job instance at 0x7f4cd59d9c30>,36,2,[5 7],47,80,82,33,68
1,<environment.Job instance at 0x7f4c91e80a50>,31,27,[5 7],42,82,109,40,81
1,<environment.Job instance at 0x7f4c91d99aa0>,46,14,[8 5],65,109,123,44,104
1,<environment.Job instance at 0x7f4cd7f4b190>,9,2,[3 5],17,17,19,0,17
1,<environment.Job instance at 0x7f4c91ab2e10>,16,17,[9 2],27,33,50,6,33
1,<environment.Job instance at 0x7f4c91ab2d20>,21,28,[8 1],33,50,78,17,49
1,<environment.Job instance at 0x7f4cd7d0a780>,29,24,[5 6],41,78,102,37,77
1,<environment.Job instance at 0x7f4cd7c96500>,43,15,[8 3],63,102,117,39,93
1,<environment.Job instance at 0x7f4cd7bc2780>,46,13,[2 8],68,117,130,49,101
1,<environment.Job instance at 0x7f4c91bc5230>,4,18,[ 4 10],5,5,23,0,5
1,<environment.Job instance at 0x7f4c91bc5780>,10,12,[8 1],13,23,35,10,13
1,<environment.Job instance at 0x7f4c91bc5a50>,13,3,[5 1],17,35,38,18,17
1,<environment.Job instance at 0x7f4c91bc55f0>,8,13,[6 2],9,38,51,29,28
1,<environment.Job instance at 0x7f4c91bd4af0>,27,1,[10  2],46,51,52,5,46
1,<environment.Job instance at 0x7f4c91bd4a00>,26,3,[8 4],45,52,55,7,47
1,<environment.Job instance at 0x7f4c91bd4d20>,29,2,[10  2],49,55,57,6,51
1,<environment.Job instance at 0x7f4cd8009cd0>,2,15,[ 1 10],4,4,19,0,4
1,<environment.Job instance at 0x7f4cd563ca00>,5,16,[10  2],9,19,35,10,11
1,<environment.Job instance at 0x7f4c91d80d70>,13,16,[9 5],20,35,51,15,26
1,<environment.Job instance at 0x7f4c91f5c4b0>,33,16,[5 5],46,51,67,5,46
1,<environment.Job instance at 0x7f4c9183af00>,38,18,[ 2 10],55,67,85,12,57
1,<environment.Job instance at 0x7f4c91f4d0f0>,49,28,[ 3 10],73,85,113,12,84
1,<environment.Job instance at 0x7f4cd588d5a0>,0,13,[8 4],1,1,14,0,1
1,<environment.Job instance at 0x7f4cd588d140>,1,13,[ 3 10],2,14,27,12,2
1,<environment.Job instance at 0x7f4c91f08e10>,16,1,[7 4],21,27,28,6,22
1,<environment.Job instance at 0x7f4c91e252d0>,21,3,[6 5],26,29,32,3,29
1,<environment.Job instance at 0x7f4c9187e910>,20,16,[3 8],25,32,48,7,30
1,<environment.Job instance at 0x7f4c91664d70>,25,1,[5 3],30,48,49,18,31
1,<environment.Job instance at 0x7f4c916d4640>,9,15,[1 7],14,48,63,34,36
1,<environment.Job instance at 0x7f4c91e34230>,30,12,[7 3],38,49,61,11,38
1,<environment.Job instance at 0x7f4c91db8c80>,37,18,[8 4],50,63,81,13,58
1,<environment.Job instance at 0x7f4cd57e2500>,35,18,[ 4 10],46,81,99,35,74
1,<environment.Job instance at 0x7f63da20c1e0>,0,18,[ 2 10],1,1,19,0,1
1,<environment.Job instance at 0x7f63da2505a0>,3,13,[3 8],5,19,32,14,5
1,<environment.Job instance at 0x7f63d2e01050>,18,16,[4 9],24,32,48,8,24
1,<environment.Job instance at 0x7f63d2e013c0>,22,18,[7 4],28,48,66,20,39
1,<environment.Job instance at 0x7f63d2e017d0>,27,17,[5 9],36,66,83,30,57
1,<environment.Job instance at 0x7f63d2e01dc0>,34,1,[10  1],45,83,84,38,72
1,<environment.Job instance at 0x7f63d2e01f00>,36,14,[5 5],48,84,98,36,72
1,<environment.Job instance at 0x7f63d2dff690>,41,14,[8 4],53,98,112,45,84
1,<environment.Job instance at 0x7f63d2dff870>,44,18,[3 7],58,112,130,54,101
1,<environment.Job instance at 0x7f63d2dffdc0>,2,16,[ 5 10],5,5,21,0,5
1,<environment.Job instance at 0x7f63da3756e0>,4,13,[2 8],7,21,34,14,7
1,<environment.Job instance at 0x7f63da234320>,11,15,[9 4],20,34,49,14,23
1,<environment.Job instance at 0x7f63da234690>,12,1,[5 8],21,49,50,28,25
1,<environment.Job instance at 0x7f63da382190>,21,14,[9 1],34,50,64,16,37
1,<environment.Job instance at 0x7f63da379640>,27,1,[10  1],45,64,65,19,48
1,<environment.Job instance at 0x7f63da380e60>,28,1,[1 5],47,50,51,3,49
1,<environment.Job instance at 0x7f63da380190>,29,15,[9 1],48,65,80,17,51
1,<environment.Job instance at 0x7f63da3870a0>,39,18,[ 2 10],59,80,98,21,71
1,<environment.Job instance at 0x7f63da37fa50>,49,18,[3 6],82,98,116,16,94
1,<environment.Job instance at 0x7f63da386d20>,57,15,[7 2],95,109,124,14,109
1,<environment.Job instance at 0x7f63da379e60>,24,13,[9 5],39,124,137,85,114
1,<environment.Job instance at 0x7f638f131aa0>,2,13,[ 4 10],4,5,18,1,5
1,<environment.Job instance at 0x7f63da379e60>,3,28,[4 8],7,20,48,13,20
1,<environment.Job instance at 0x7f638f199370>,23,2,[3 8],35,48,50,13,40
1,<environment.Job instance at 0x7f638f13d550>,29,13,[5 1],41,67,80,26,67
1,<environment.Job instance at 0x7f638f13deb0>,36,17,[3 9],53,89,106,36,89
1,<environment.Job instance at 0x7f638f13daa0>,37,17,[2 8],54,106,123,52,94
1,<environment.Job instance at 0x7f638f1f7500>,0,26,[7 2],1,1,27,0,1
1,<environment.Job instance at 0x7f638f547b90>,12,13,[6 5],16,27,40,11,26
1,<environment.Job instance at 0x7f638f547f00>,13,14,[3 6],17,40,54,23,29
1,<environment.Job instance at 0x7f638f5474b0>,8,18,[5 1],10,40,58,30,31
1,<environment.Job instance at 0x7f638f547b40>,20,2,[5 1],26,54,56,28,32
1,<environment.Job instance at 0x7f638f547410>,18,16,[7 2],24,58,74,34,47
1,<environment.Job instance at 0x7f638f22fdc0>,32,16,[ 2 10],44,74,90,30,67
1,<environment.Job instance at 0x7f638f5b8140>,36,23,[4 8],48,90,113,42,84
1,<environment.Job instance at 0x7f638f5b8780>,43,17,[5 8],57,113,130,56,111
1,<environment.Job instance at 0x7f638f4f3be0>,5,18,[8 1],6,6,24,0,6
1,<environment.Job instance at 0x7f638f4f3fa0>,12,2,[6 3],18,24,26,6,18
1,<environment.Job instance at 0x7f638f568a50>,6,16,[4 9],8,26,42,18,21
1,<environment.Job instance at 0x7f638f4f5460>,16,18,[2 9],27,42,60,15,31
1,<environment.Job instance at 0x7f638f5021e0>,26,3,[2 9],39,60,63,21,39
1,<environment.Job instance at 0x7f638f502c30>,35,2,[5 9],51,67,69,16,67
1,<environment.Job instance at 0x7f638f502e60>,37,1,[10  2],53,69,70,16,68
1,<environment.Job instance at 0x7f638f4f5410>,13,24,[3 6],19,70,94,51,68
1,<environment.Job instance at 0x7f638f4fe370>,45,15,[5 1],65,84,99,19,84
1,<environment.Job instance at 0x7f638f4fe410>,46,16,[3 9],66,94,110,28,84
1,<environment.Job instance at 0x7f638f4fec30>,49,18,[8 3],70,110,128,40,103
1,<environment.Job instance at 0x7f638f4fedc0>,52,12,[2 7],75,110,122,35,104
1,<environment.Job instance at 0x7f63d32ac5a0>,2,18,[10  3],6,6,24,0,6
1,<environment.Job instance at 0x7f63d2b6cd20>,12,25,[1 7],17,24,49,7,21
1,<environment.Job instance at 0x7f63d2b6ce10>,17,14,[2 9],24,49,63,25,34
1,<environment.Job instance at 0x7f63d2b6c2d0>,21,3,[5 6],30,63,66,33,37
1,<environment.Job instance at 0x7f63d973b230>,34,3,[4 8],48,66,69,18,64
1,<environment.Job instance at 0x7f63d2bc5c30>,42,18,[5 4],62,71,89,9,71
1,<environment.Job instance at 0x7f63d2bc5e60>,46,12,[ 2 10],70,93,105,23,93
1,<environment.Job instance at 0x7f63d2bc5690>,47,15,[9 2],71,105,120,34,93
1,<environment.Job instance at 0x7f63d2bc5d70>,50,23,[10  4],76,120,143,44,114
1,<environment.Job instance at 0x7f63d30c1b40>,7,3,[4 9],9,9,12,0,9
1,<environment.Job instance at 0x7f638f260230>,14,3,[8 5],18,24,27,6,24
1,<environment.Job instance at 0x7f638f260c80>,11,16,[2 6],13,27,43,14,27
1,<environment.Job instance at 0x7f63d966d3c0>,15,13,[5 2],19,35,48,16,35
1,<environment.Job instance at 0x7f63d3300640>,19,12,[6 1],23,48,60,25,35
1,<environment.Job instance at 0x7f63d966d640>,17,18,[ 1 10],21,60,78,39,51
1,<environment.Job instance at 0x7f63da236eb0>,31,12,[8 2],39,103,115,64,103
1,<environment.Job instance at 0x7f63d2d978c0>,42,17,[2 8],58,103,120,45,103
1,<environment.Job instance at 0x7f63d2d97cd0>,47,15,[4 9],65,120,135,55,106
1,<environment.Job instance at 0x7f63d9bd9500>,3,18,[8 2],4,4,22,0,4
1,<environment.Job instance at 0x7f63d2d97410>,5,3,[10  3],6,22,25,16,7
1,<environment.Job instance at 0x7f638f1a9d70>,15,24,[8 4],21,33,57,12,33
1,<environment.Job instance at 0x7f638f19a910>,26,24,[10  4],42,57,81,15,54
1,<environment.Job instance at 0x7f638f19adc0>,34,18,[ 5 10],51,81,99,30,72
1,<environment.Job instance at 0x7f638f184460>,39,12,[1 5],57,99,111,42,90
1,<environment.Job instance at 0x7f638f184640>,41,2,[3 5],59,99,101,40,93
1,<environment.Job instance at 0x7f638f184910>,42,16,[7 5],61,101,117,40,95
1,<environment.Job instance at 0x7f638f1ac2d0>,2,15,[8 1],4,5,20,1,5
1,<environment.Job instance at 0x7f63d30ce5f0>,10,2,[2 5],16,17,19,1,17
1,<environment.Job instance at 0x7f63d30ce730>,16,16,[4 5],24,33,49,9,33
1,<environment.Job instance at 0x7f63d2d61c30>,23,18,[5 1],32,35,53,3,35
1,<environment.Job instance at 0x7f63da235e10>,25,15,[5 2],38,49,64,11,43
1,<environment.Job instance at 0x7f63d97664b0>,36,14,[4 6],58,59,73,1,59
1,<environment.Job instance at 0x7f63d2e19f50>,43,16,[3 9],68,103,119,35,103
1,<environment.Job instance at 0x7f63d9ce8460>,3,28,[10  4],5,5,33,0,5
1,<environment.Job instance at 0x7f63d961b2d0>,12,17,[8 3],22,33,50,11,22
1,<environment.Job instance at 0x7f63d2da2c30>,20,2,[4 7],33,50,52,17,35
1,<environment.Job instance at 0x7f63d2e73780>,32,28,[6 1],50,77,105,27,77
1,<environment.Job instance at 0x7f63d2e73fa0>,35,26,[4 5],53,77,103,24,77
1,<environment.Job instance at 0x7f63d30e6e10>,45,20,[7 4],64,118,138,54,118
1,<environment.Job instance at 0x7f63d30e6e60>,1,14,[ 4 10],5,5,19,0,5
1,<environment.Job instance at 0x7f63d30e6fa0>,3,22,[10  4],7,19,41,12,12
1,<environment.Job instance at 0x7f63d98bb9b0>,18,13,[8 2],28,41,54,13,30
1,<environment.Job instance at 0x7f638f2b4dc0>,27,1,[1 7],40,41,42,1,40
1,<environment.Job instance at 0x7f638f2b4140>,26,3,[10  3],38,54,57,16,40
1,<environment.Job instance at 0x7f638f2af0f0>,29,1,[5 9],42,57,58,15,42
1,<environment.Job instance at 0x7f638f2942d0>,30,14,[3 7],43,58,72,15,46
1,<environment.Job instance at 0x7f638f294410>,34,1,[2 5],49,52,53,3,52
1,<environment.Job instance at 0x7f638f294e10>,37,2,[4 5],56,72,74,16,57
1,<environment.Job instance at 0x7f638f294c30>,38,17,[1 9],57,74,91,17,67
1,<environment.Job instance at 0x7f638f2a5370>,45,15,[4 6],68,91,106,23,80
1,<environment.Job instance at 0x7f638f2a5190>,52,2,[10  5],77,106,108,29,99
1,<environment.Job instance at 0x7f638f2a5f50>,50,12,[8 3],74,108,120,34,99
1,<environment.Job instance at 0x7f638f2b4c80>,23,24,[7 2],35,120,144,85,115
1,<environment.Job instance at 0x7f63d30cd730>,0,18,[3 9],1,1,19,0,1
1,<environment.Job instance at 0x7f63d2ec5a50>,5,13,[7 3],6,19,32,13,6
1,<environment.Job instance at 0x7f63d2ec59b0>,9,15,[5 2],11,32,47,21,18
1,<environment.Job instance at 0x7f63d968f690>,22,2,[5 9],27,47,49,20,28
1,<environment.Job instance at 0x7f63d968f2d0>,23,17,[2 5],28,28,45,0,28
1,<environment.Job instance at 0x7f63d32c4d20>,34,18,[5 3],45,64,82,19,64
1,<environment.Job instance at 0x7f638f44b5f0>,38,2,[2 8],51,82,84,31,64
1,<environment.Job instance at 0x7f638f44ba00>,39,3,[4 7],53,64,67,11,64
1,<environment.Job instance at 0x7f638f44b8c0>,40,13,[6 2],54,82,95,28,70
1,<environment.Job instance at 0x7f638f44bcd0>,45,3,[1 7],64,73,76,9,73
1,<environment.Job instance at 0x7f638f44bd70>,46,12,[4 6],66,84,96,18,73
1,<environment.Job instance at 0x7f63d989bf50>,49,18,[5 7],72,96,114,24,86
1,<environment.Job instance at 0x7f638f44bfa0>,37,28,[6 1],49,118,146,69,118
1,<environment.Job instance at 0x7f638f6aacd0>,5,14,[10  2],10,14,28,4,14
1,<environment.Job instance at 0x7f63d97e93c0>,11,1,[10  4],17,28,29,11,19
1,<environment.Job instance at 0x7f63d9671dc0>,19,25,[1 6],27,34,59,7,34
1,<environment.Job instance at 0x7f638ee71d20>,21,15,[6 2],29,38,53,9,38
1,<environment.Job instance at 0x7f638f6824b0>,26,12,[10  3],37,59,71,22,53
1,<environment.Job instance at 0x7f638f682230>,27,18,[3 8],38,71,89,33,62
1,<environment.Job instance at 0x7f63d2fada00>,31,12,[5 9],43,89,101,46,87
1,<environment.Job instance at 0x7f63d2fad0f0>,36,17,[3 6],54,101,118,47,92
1,<environment.Job instance at 0x7f638f221dc0>,49,15,[1 8],73,118,133,45,107
1,<environment.Job instance at 0x7f638f2045a0>,0,14,[1 8],2,2,16,0,2
1,<environment.Job instance at 0x7f638eff08c0>,4,15,[5 7],12,16,31,4,12
1,<environment.Job instance at 0x7f63d2c1c690>,11,13,[1 8],22,31,44,9,22
1,<environment.Job instance at 0x7f638ef88460>,12,13,[6 2],23,31,44,8,23
1,<environment.Job instance at 0x7f63d2d88640>,16,2,[4 9],32,44,46,12,33
1,<environment.Job instance at 0x7f638f13e9b0>,18,13,[3 6],34,46,59,12,34
1,<environment.Job instance at 0x7f63d2cd9cd0>,21,1,[7 4],40,46,47,6,40
1,<environment.Job instance at 0x7f638f104b90>,22,1,[3 7],41,59,60,18,42
1,<environment.Job instance at 0x7f63d2e61dc0>,26,13,[8 4],47,60,73,13,52
1,<environment.Job instance at 0x7f638ef9f910>,31,13,[8 5],52,73,86,21,66
1,<environment.Job instance at 0x7f63d2c43050>,36,3,[ 4 10],57,86,89,29,77
1,<environment.Job instance at 0x7f63d2c43c80>,37,3,[10  2],58,89,92,31,77
1,<environment.Job instance at 0x7f63d2c43870>,35,16,[5 4],56,92,108,36,81
1,<environment.Job instance at 0x7f638ef355a0>,45,26,[9 2],68,108,134,40,105
1,<environment.Job instance at 0x7f638f0d2b90>,2,18,[10  4],5,5,23,0,5
1,<environment.Job instance at 0x7f63d32bf550>,5,14,[1 8],9,23,37,14,9
1,<environment.Job instance at 0x7f63d30daa00>,17,1,[ 3 10],23,37,38,14,25
1,<environment.Job instance at 0x7f63d31a4730>,32,14,[7 5],48,105,119,57,105
1,<environment.Job instance at 0x7f63d31a45a0>,35,13,[9 2],53,119,132,66,109
1,<environment.Job instance at 0x7f63d31978c0>,2,18,[8 2],4,4,22,0,4
1,<environment.Job instance at 0x7f638f04a5a0>,4,14,[9 5],6,22,36,16,7
1,<environment.Job instance at 0x7f638f04a3c0>,5,14,[1 7],8,8,22,0,8
1,<environment.Job instance at 0x7f638f04ab40>,8,3,[6 1],13,36,39,23,18
1,<environment.Job instance at 0x7f63d979eeb0>,11,2,[ 4 10],18,39,41,21,19
1,<environment.Job instance at 0x7f63d979ec30>,15,1,[7 3],25,41,42,16,25
1,<environment.Job instance at 0x7f63d979e550>,12,2,[7 2],19,42,44,23,27
1,<environment.Job instance at 0x7f638f04ae10>,9,18,[5 5],16,44,62,28,33
1,<environment.Job instance at 0x7f638f361820>,29,18,[5 3],48,58,76,10,58
1,<environment.Job instance at 0x7f638f354640>,30,13,[1 5],49,62,75,13,58
1,<environment.Job instance at 0x7f638f354fa0>,35,14,[4 6],57,75,89,18,65
1,<environment.Job instance at 0x7f638f354d20>,40,25,[8 1],64,101,126,37,101
1,<environment.Job instance at 0x7f638f13ecd0>,1,19,[10  4],2,2,21,0,2
1,<environment.Job instance at 0x7f63d328e960>,5,3,[1 6],6,21,24,15,6
1,<environment.Job instance at 0x7f638f79c5f0>,10,2,[9 5],12,24,26,12,16
1,<environment.Job instance at 0x7f638f79caf0>,9,18,[8 5],11,26,44,15,24
1,<environment.Job instance at 0x7f63d971f820>,17,12,[8 1],25,44,56,19,31
1,<environment.Job instance at 0x7f63d3098870>,19,20,[1 5],28,31,51,3,31
1,<environment.Job instance at 0x7f63d96d14b0>,15,14,[1 6],23,51,65,28,39
1,<environment.Job instance at 0x7f638f43f690>,21,1,[6 4],30,56,57,26,39
1,<environment.Job instance at 0x7f63d2c1c460>,23,2,[10  2],32,65,67,33,40
1,<environment.Job instance at 0x7f63d31e19b0>,28,16,[6 4],41,67,83,26,54
1,<environment.Job instance at 0x7f63d31e1b40>,34,23,[4 6],49,67,90,18,67
1,<environment.Job instance at 0x7f638ef734b0>,41,15,[6 3],58,83,98,25,77
1,<environment.Job instance at 0x7f638f408b40>,47,16,[10  2],69,98,114,29,90
1,<environment.Job instance at 0x7f63d9a5f500>,55,16,[9 5],80,114,130,34,114
1,<environment.Job instance at 0x7f63d9a5f500>,1,18,[8 4],3,6,24,3,6
1,<environment.Job instance at 0x7f638f69c7d0>,5,14,[9 2],12,24,38,12,12
1,<environment.Job instance at 0x7f638f6c01e0>,16,3,[5 5],24,38,41,14,26
1,<environment.Job instance at 0x7f638f6c00a0>,17,16,[2 9],26,41,57,15,32
1,<environment.Job instance at 0x7f638f6c0820>,20,2,[9 4],31,57,59,26,42
1,<environment.Job instance at 0x7f638f6c0aa0>,25,3,[6 2],37,59,62,22,44
1,<environment.Job instance at 0x7f638f6c0d70>,27,1,[1 7],39,59,60,20,44
1,<environment.Job instance at 0x7f638f6c0e10>,28,2,[5 3],40,62,64,22,45
1,<environment.Job instance at 0x7f638f6c0dc0>,29,1,[4 7],41,60,61,19,45
1,<environment.Job instance at 0x7f638f6c0e60>,30,12,[6 4],42,64,76,22,48
1,<environment.Job instance at 0x7f638f688b90>,38,13,[8 4],51,94,107,43,94
1,<environment.Job instance at 0x7f638f688820>,41,16,[2 6],57,105,121,48,105
1,<environment.Job instance at 0x7f638f6b7140>,47,15,[1 7],64,121,136,57,107
1,<environment.Job instance at 0x7f638f6b7280>,48,17,[6 2],65,107,124,42,107
1,<environment.Job instance at 0x7f638f6b7500>,4,15,[5 5],10,15,30,5,15
1,<environment.Job instance at 0x7f63d2bc2780>,13,15,[5 7],28,31,46,3,31
1,<environment.Job instance at 0x7f639aaeee60>,19,12,[5 3],37,37,49,0,37
1,<environment.Job instance at 0x7f63d2bf6410>,20,15,[6 1],38,49,64,11,38
1,<environment.Job instance at 0x7f63d328fd20>,28,20,[4 9],49,49,69,0,49
1,<environment.Job instance at 0x7f638f2a25a0>,30,22,[2 9],51,69,91,18,62
1,<environment.Job instance at 0x7f63d2ca3af0>,35,28,[1 9],62,91,119,29,90
1,<environment.Job instance at 0x7f63d9822b90>,46,14,[8 1],79,113,127,34,113
1,<environment.Job instance at 0x7f63d9c5a050>,0,17,[7 1],1,1,18,0,1
1,<environment.Job instance at 0x7f638f199a50>,2,13,[5 8],3,18,31,15,3
1,<environment.Job instance at 0x7f638f122780>,9,16,[7 4],15,31,47,16,19
1,<environment.Job instance at 0x7f638f049410>,23,19,[1 8],35,50,69,15,50
1,<environment.Job instance at 0x7f638f049320>,27,17,[7 1],41,61,78,20,61
1,<environment.Job instance at 0x7f63d304d370>,37,18,[3 9],62,93,111,31,93
1,<environment.Job instance at 0x7f638f70d9b0>,48,21,[3 6],76,111,132,35,111
1,<environment.Job instance at 0x7fb69e8f04b0>,8,17,[10  5],11,19,36,8,19
1,<environment.Job instance at 0x7fb69e8f0a00>,13,2,[7 3],18,36,38,18,22
1,<environment.Job instance at 0x7fb69e8f0cd0>,16,3,[4 9],22,38,41,16,23
1,<environment.Job instance at 0x7fb69e8f4230>,22,18,[7 4],28,58,76,30,58
1,<environment.Job instance at 0x7fb69e8f48c0>,27,17,[5 9],36,76,93,40,66
1,<environment.Job instance at 0x7fb69e8f4c30>,34,1,[10  1],45,93,94,48,87
1,<environment.Job instance at 0x7fb69e8f4c80>,35,2,[5 1],46,87,89,41,87
1,<environment.Job instance at 0x7fb69e8f4d20>,36,14,[5 5],48,94,108,46,90
1,<environment.Job instance at 0x7fb69e8f10f0>,41,14,[8 4],53,108,122,55,97
1,<environment.Job instance at 0x7fb69e8f1230>,3,3,[2 9],5,5,8,0,5
1,<environment.Job instance at 0x7fb69fbc60f0>,9,18,[5 3],17,17,35,0,17
1,<environment.Job instance at 0x7fb69fbbb730>,16,15,[9 2],25,46,61,21,46
1,<environment.Job instance at 0x7fb69fbbb320>,24,15,[5 3],39,61,76,22,47
1,<environment.Job instance at 0x7fb69fbc0d70>,26,3,[1 8],41,52,55,11,52
1,<environment.Job instance at 0x7fb69fbc0fa0>,28,2,[1 7],44,55,57,11,55
1,<environment.Job instance at 0x7fb69fbc0eb0>,30,3,[7 3],46,76,79,30,56
1,<environment.Job instance at 0x7fb69fbc2550>,32,13,[10  2],48,79,92,31,64
1,<environment.Job instance at 0x7fb69fbbeb40>,36,17,[5 6],54,92,109,38,84
1,<environment.Job instance at 0x7fb69fa785f0>,47,16,[1 9],78,109,125,31,99
1,<environment.Job instance at 0x7fb69fbc2a50>,33,18,[ 2 10],49,125,143,76,114
1,<environment.Job instance at 0x7fb69fbbcfa0>,59,2,[10  3],95,143,145,48,128
1,<environment.Job instance at 0x7fb65496a3c0>,12,2,[3 8],15,24,26,9,24
1,<environment.Job instance at 0x7fb65496a140>,15,27,[5 3],18,28,55,10,28
1,<environment.Job instance at 0x7fb65491f280>,24,12,[6 1],32,63,75,31,63
1,<environment.Job instance at 0x7fb6549305a0>,26,17,[2 8],34,67,84,33,67
1,<environment.Job instance at 0x7fb6549309b0>,29,13,[5 7],38,84,97,46,80
1,<environment.Job instance at 0x7fb654982910>,37,17,[8 2],48,97,114,49,91
1,<environment.Job instance at 0x7fb654982410>,38,28,[6 5],49,115,143,66,115
1,<environment.Job instance at 0x7fb6549fbfa0>,0,18,[9 2],1,4,22,3,4
1,<environment.Job instance at 0x7fb654a6f500>,5,15,[7 4],11,22,37,11,11
1,<environment.Job instance at 0x7fb654a6fcd0>,11,23,[4 8],18,46,69,28,46
1,<environment.Job instance at 0x7fb6548dbdc0>,19,16,[8 2],28,69,85,41,56
1,<environment.Job instance at 0x7fb654df5af0>,29,20,[2 6],40,83,103,43,83
1,<environment.Job instance at 0x7fb654df54b0>,33,3,[8 4],44,96,99,52,96
1,<environment.Job instance at 0x7fb654df5c30>,32,2,[1 7],43,103,105,60,96
1,<environment.Job instance at 0x7fb654e22410>,35,3,[8 3],48,99,102,51,96
1,<environment.Job instance at 0x7fb654e227d0>,37,12,[7 1],53,102,114,49,100
1,<environment.Job instance at 0x7fb654e22d20>,34,15,[2 9],47,105,120,58,100
1,<environment.Job instance at 0x7fb654da56e0>,44,15,[6 4],62,120,135,58,110
1,<environment.Job instance at 0x7fb654ddceb0>,50,12,[2 6],75,120,132,45,116
1,<environment.Job instance at 0x7fb654ddc2d0>,51,16,[8 5],76,135,151,59,123
1,<environment.Job instance at 0x7fb654ddc0a0>,2,27,[10  3],3,4,31,1,4
1,<environment.Job instance at 0x7fb654d2d5a0>,10,14,[5 1],15,31,45,16,17
1,<environment.Job instance at 0x7fb654d32280>,13,22,[1 9],21,31,53,10,24
1,<environment.Job instance at 0x7fb654d32e10>,26,21,[2 7],37,53,74,16,45
1,<environment.Job instance at 0x7fb654d32fa0>,28,2,[8 4],39,74,76,35,54
1,<environment.Job instance at 0x7fb654d32eb0>,29,1,[10  1],41,76,77,35,54
1,<environment.Job instance at 0x7fb654d330a0>,30,13,[3 9],42,77,90,35,62
1,<environment.Job instance at 0x7fb654d33820>,36,21,[9 5],48,90,111,42,82
1,<environment.Job instance at 0x7fb654d33eb0>,45,2,[7 3],59,111,113,52,90
1,<environment.Job instance at 0x7fb654d36320>,47,2,[3 9],62,113,115,51,90
1,<environment.Job instance at 0x7fb654d36370>,49,1,[ 4 10],66,115,116,49,90
1,<environment.Job instance at 0x7fb654d36690>,50,2,[5 4],69,116,118,47,90
1,<environment.Job instance at 0x7fb654d36820>,53,3,[1 8],73,118,121,45,106
1,<environment.Job instance at 0x7fb654d36960>,54,12,[6 3],74,121,133,47,112
1,<environment.Job instance at 0x7fb69f08ad70>,6,18,[5 4],12,12,30,0,12
1,<environment.Job instance at 0x7fb69f08a370>,7,28,[4 6],15,16,44,1,16
1,<environment.Job instance at 0x7fb69f310e10>,19,14,[4 7],33,44,58,11,34
1,<environment.Job instance at 0x7fb69f310460>,24,16,[5 5],38,58,74,20,45
1,<environment.Job instance at 0x7fb69f310d20>,29,16,[9 4],46,74,90,28,66
1,<environment.Job instance at 0x7fb654cf3050>,38,1,[2 8],58,90,91,32,80
1,<environment.Job instance at 0x7fb654cf39b0>,39,2,[5 4],59,91,93,32,80
1,<environment.Job instance at 0x7fb654cd1280>,40,17,[5 1],60,90,107,30,86
1,<environment.Job instance at 0x7fb654cd1d70>,44,21,[5 5],64,93,114,29,89
1,<environment.Job instance at 0x7fb654cd14b0>,50,12,[8 4],71,114,126,43,107
1,<environment.Job instance at 0x7fb69e7cfbe0>,58,12,[ 2 10],80,129,141,49,129
1,<environment.Job instance at 0x7fb654f2bd70>,3,15,[4 9],5,5,20,0,5
1,<environment.Job instance at 0x7fb654f2b280>,4,12,[5 5],6,20,32,14,7
1,<environment.Job instance at 0x7fb654f2b500>,6,12,[6 4],10,32,44,22,15
1,<environment.Job instance at 0x7fb69f444b90>,13,16,[ 3 10],19,44,60,25,35
1,<environment.Job instance at 0x7fb69ee20b40>,24,18,[2 9],32,77,95,45,77
1,<environment.Job instance at 0x7fb69ecd3be0>,26,2,[6 4],34,95,97,61,78
1,<environment.Job instance at 0x7fb69f40abe0>,36,3,[10  4],44,97,100,53,89
1,<environment.Job instance at 0x7fb69f40adc0>,37,12,[5 5],46,100,112,54,89
1,<environment.Job instance at 0x7fb69ecb5f50>,39,17,[ 1 10],48,112,129,64,100
1,<environment.Job instance at 0x7fb69eb062d0>,48,13,[3 7],62,129,142,67,115
1,<environment.Job instance at 0x7fb69e817dc0>,54,13,[4 5],69,142,155,73,126
1,<environment.Job instance at 0x7fb69e817dc0>,2,14,[5 7],3,3,17,0,3
1,<environment.Job instance at 0x7fb654b1b960>,5,16,[3 6],7,17,33,10,7
1,<environment.Job instance at 0x7fb654b1bb40>,11,16,[5 3],13,13,29,0,13
1,<environment.Job instance at 0x7fb654b14320>,15,12,[7 2],17,29,41,12,20
1,<environment.Job instance at 0x7fb654b147d0>,20,1,[8 4],23,41,42,18,23
1,<environment.Job instance at 0x7fb654b14a00>,23,18,[5 7],26,42,60,16,34
1,<environment.Job instance at 0x7fb654b32190>,47,12,[4 8],55,79,91,24,79
1,<environment.Job instance at 0x7fb654b32410>,48,17,[10  4],56,91,108,35,79
1,<environment.Job instance at 0x7fb654b32870>,56,15,[8 1],68,122,137,54,122
1,<environment.Job instance at 0x7fb69e90f5a0>,4,14,[4 7],6,11,25,5,11
1,<environment.Job instance at 0x7fb654bf9aa0>,7,18,[3 6],11,25,43,14,21
1,<environment.Job instance at 0x7fb654f1a7d0>,18,13,[9 4],25,43,56,18,27
1,<environment.Job instance at 0x7fb654afdbe0>,14,25,[1 5],21,43,68,22,39
1,<environment.Job instance at 0x7fb69ecdbb90>,30,19,[6 5],41,58,77,17,58
1,<environment.Job instance at 0x7fb69f0c7e10>,42,17,[8 3],62,82,99,20,82
1,<environment.Job instance at 0x7fb69f0c7500>,44,26,[4 9],64,99,125,35,96
1,<environment.Job instance at 0x7fb69e746640>,21,12,[3 7],34,45,57,11,45
1,<environment.Job instance at 0x7fb69f4da9b0>,38,16,[9 4],57,107,123,50,107
1,<environment.Job instance at 0x7fb654f705f0>,4,15,[2 5],9,9,24,0,9
1,<environment.Job instance at 0x7fb654cdddc0>,8,18,[10  2],14,24,42,10,14
1,<environment.Job instance at 0x7fb654ce20f0>,11,15,[5 8],17,42,57,25,28
1,<environment.Job instance at 0x7fb654ce9c80>,37,17,[2 5],48,71,88,23,71
1,<environment.Job instance at 0x7fb654ce9fa0>,41,14,[5 4],56,71,85,15,71
1,<environment.Job instance at 0x7fb654ccc460>,44,16,[9 4],60,88,104,28,80
1,<environment.Job instance at 0x7fb654cc8550>,61,17,[6 5],90,113,130,23,113
1,<environment.Job instance at 0x7fb69f187500>,12,16,[3 9],23,32,48,9,32
1,<environment.Job instance at 0x7fb69f9706e0>,9,1,[8 1],19,48,49,29,33
1,<environment.Job instance at 0x7fb654e43190>,24,25,[1 6],37,57,82,20,57
1,<environment.Job instance at 0x7fb654e430a0>,26,15,[6 2],39,62,77,23,62
1,<environment.Job instance at 0x7fb69f0dc460>,32,18,[3 8],48,82,100,34,74
1,<environment.Job instance at 0x7fb69f0dc230>,35,18,[6 4],52,100,118,48,90
1,<environment.Job instance at 0x7fb654d82460>,42,3,[ 4 10],66,118,121,52,112
1,<environment.Job instance at 0x7fb654ac0af0>,45,16,[7 4],72,121,137,49,121
1,<environment.Job instance at 0x7fb69e80af50>,46,12,[8 4],73,137,149,64,121
1,<environment.Job instance at 0x7fb69ea25b40>,1,17,[7 3],3,3,20,0,3
1,<environment.Job instance at 0x7fb69ea15870>,4,15,[5 7],12,20,35,8,13
1,<environment.Job instance at 0x7fb69e859410>,10,15,[8 1],21,35,50,14,26
1,<environment.Job instance at 0x7fb69e859050>,14,14,[ 5 10],25,50,64,25,46
1,<environment.Job instance at 0x7fb69eaa6a00>,22,1,[3 7],41,64,65,23,48
1,<environment.Job instance at 0x7fb69eaa6f50>,25,12,[4 5],45,65,77,20,51
1,<environment.Job instance at 0x7fb69e73d370>,26,13,[8 4],47,77,90,30,62
1,<environment.Job instance at 0x7fb69ea37690>,37,3,[10  2],58,90,93,32,88
1,<environment.Job instance at 0x7fb69eee2280>,46,1,[ 2 10],69,108,109,39,108
1,<environment.Job instance at 0x7fb69ea374b0>,38,27,[4 5],59,110,137,51,110
1,<environment.Job instance at 0x7fb69eee2500>,50,15,[6 1],73,114,129,41,114
1,<environment.Job instance at 0x7fb69eee25a0>,53,2,[5 2],76,129,131,53,119
1,<environment.Job instance at 0x7fb69eee2410>,55,18,[3 5],78,131,149,53,121
1,<environment.Job instance at 0x7fb6549592d0>,9,28,[4 7],11,13,41,2,13
1,<environment.Job instance at 0x7fb65494be60>,15,14,[8 5],25,41,55,16,27
1,<environment.Job instance at 0x7fb65494bdc0>,16,15,[5 5],26,55,70,29,44
1,<environment.Job instance at 0x7fb654fe15f0>,26,2,[ 1 10],39,70,72,31,60
1,<environment.Job instance at 0x7fb654fe1960>,27,17,[5 7],40,72,89,32,61
1,<environment.Job instance at 0x7fb654c17f00>,32,13,[ 5 10],50,89,102,39,73
1,<environment.Job instance at 0x7fb65494bbe0>,13,18,[10  2],23,109,127,86,109
1,<environment.Job instance at 0x7fb69f351a00>,46,1,[5 4],70,127,128,57,110
1,<environment.Job instance at 0x7fb69eb5bdc0>,48,18,[2 8],74,128,146,54,117
1,<environment.Job instance at 0x7fb654ea7d70>,1,15,[8 3],3,3,18,0,3
1,<environment.Job instance at 0x7fb654b004b0>,7,17,[4 6],11,18,35,7,12
1,<environment.Job instance at 0x7fb69e80adc0>,13,15,[9 3],20,35,50,15,22
1,<environment.Job instance at 0x7fb69e73a5f0>,14,14,[ 1 10],21,50,64,29,40
1,<environment.Job instance at 0x7fb69edc7e60>,23,25,[3 6],38,64,89,26,61
1,<environment.Job instance at 0x7fb69ea54c30>,39,15,[ 3 10],57,89,104,32,77
1,<environment.Job instance at 0x7fb69ea545f0>,43,12,[8 1],63,104,116,41,88
1,<environment.Job instance at 0x7fb69eb48280>,48,13,[6 5],69,116,129,47,110
1,<environment.Job instance at 0x7fb69f48bf00>,52,16,[ 3 10],74,129,145,55,116
1,<environment.Job instance at 0x7fb69ef97190>,2,27,[3 6],4,5,32,1,5
1,<environment.Job instance at 0x7fb654fcf960>,20,14,[5 4],32,38,52,6,38
1,<environment.Job instance at 0x7fb654fcfeb0>,22,15,[ 1 10],34,52,67,18,38
1,<environment.Job instance at 0x7fb654fcfb90>,14,16,[10  1],21,67,83,46,60
1,<environment.Job instance at 0x7fb654812aa0>,36,14,[ 3 10],53,83,97,30,83
1,<environment.Job instance at 0x7fb654842dc0>,45,12,[2 5],64,97,109,33,90
1,<environment.Job instance at 0x7fb6545d2aa0>,51,12,[3 9],73,109,121,36,93
1,<environment.Job instance at 0x7fb654704500>,58,18,[ 2 10],85,121,139,36,111
1,<environment.Job instance at 0x7fb65474d410>,2,14,[7 5],4,4,18,0,4
1,<environment.Job instance at 0x7fb69ec454b0>,10,13,[ 3 10],12,18,31,6,13
1,<environment.Job instance at 0x7fb69ebf5b90>,9,13,[8 4],11,31,44,20,20
1,<environment.Job instance at 0x7fb69ec45aa0>,11,17,[1 7],15,44,61,29,34
1,<environment.Job instance at 0x7fb654bd4e10>,20,2,[8 2],26,44,46,18,34
1,<environment.Job instance at 0x7fb69f2eadc0>,25,1,[7 4],31,61,62,30,39
1,<environment.Job instance at 0x7fb69f2ea820>,28,13,[7 4],34,62,75,28,47
1,<environment.Job instance at 0x7fb69f2f48c0>,34,1,[5 3],40,75,76,35,61
1,<environment.Job instance at 0x7fb69ebfdeb0>,18,15,[1 7],24,75,90,51,62
1,<environment.Job instance at 0x7fb69f3cd460>,39,12,[7 3],48,76,88,28,63
1,<environment.Job instance at 0x7fb69f3e0cd0>,35,17,[5 7],41,90,107,49,78
1,<environment.Job instance at 0x7fb654b55370>,48,15,[2 7],67,107,122,40,99
1,<environment.Job instance at 0x7fb654b67a00>,53,17,[8 4],78,122,139,44,111
1,<environment.Job instance at 0x7fb69f220870>,0,22,[2 9],1,6,28,5,6
1,<environment.Job instance at 0x7fb69eb7c550>,16,14,[8 1],29,44,58,15,44
1,<environment.Job instance at 0x7fb6546691e0>,23,18,[6 3],38,66,84,28,66
1,<environment.Job instance at 0x7fb69e97a2d0>,28,16,[3 8],44,84,100,40,77
1,<environment.Job instance at 0x7fb69e97a8c0>,38,19,[5 9],56,102,121,46,102
1,<environment.Job instance at 0x7fb654bd2050>,42,14,[3 7],63,121,135,58,106
1,<environment.Job instance at 0x7fb654bd27d0>,45,15,[ 1 10],66,135,150,69,125
1,<environment.Job instance at 0x7fb654d0f500>,0,16,[ 2 10],1,1,17,0,1
1,<environment.Job instance at 0x7fb69eb16c80>,9,16,[5 2],13,17,33,4,13
1,<environment.Job instance at 0x7fb654731960>,18,15,[9 1],24,33,48,9,25
1,<environment.Job instance at 0x7fb69ed80910>,25,28,[7 2],36,48,76,12,47
1,<environment.Job instance at 0x7fb69f22caf0>,42,26,[8 4],56,96,122,40,96
1,<environment.Job instance at 0x7fb69f5dc0a0>,52,15,[8 4],67,122,137,55,119
1,<environment.Job instance at 0x7fb69f5dc320>,54,2,[ 1 10],71,137,139,66,119
1,<environment.Job instance at 0x7fb654b20b40>,1,17,[ 1 10],3,3,20,0,3
1,<environment.Job instance at 0x7fb654d09960>,11,21,[7 4],18,20,41,2,18
1,<environment.Job instance at 0x7fb69f5d4dc0>,16,2,[5 1],25,41,43,16,29
1,<environment.Job instance at 0x7fb654d1be60>,18,12,[8 1],27,43,55,16,33
1,<environment.Job instance at 0x7fb654b23f50>,23,1,[8 3],35,55,56,20,39
1,<environment.Job instance at 0x7fb654d1b1e0>,15,15,[8 2],23,56,71,33,42
1,<environment.Job instance at 0x7fb69f2ba780>,35,16,[7 3],50,71,87,21,65
1,<environment.Job instance at 0x7fb69f2ba9b0>,36,14,[10  3],51,87,101,36,81
1,<environment.Job instance at 0x7fb6547a1780>,38,27,[8 5],54,101,128,47,99
1,<environment.Job instance at 0x7fb69eaf5b40>,47,14,[9 5],66,128,142,62,115
1,<environment.Job instance at 0x7f2c5319f140>,0,18,[ 2 10],1,1,19,0,1
1,<environment.Job instance at 0x7f2c4dd8f500>,7,12,[7 2],9,19,31,10,9
1,<environment.Job instance at 0x7f2c4dd8f690>,12,13,[1 8],16,40,53,24,40
1,<environment.Job instance at 0x7f2c4dd8fbe0>,17,1,[5 3],23,53,54,30,43
1,<environment.Job instance at 0x7f2c4dd8faf0>,18,16,[4 9],24,54,70,30,43
1,<environment.Job instance at 0x7f2c4dd94230>,25,3,[9 3],34,70,73,36,56
1,<environment.Job instance at 0x7f2c4dd942d0>,26,3,[4 6],35,73,76,38,56
1,<environment.Job instance at 0x7f2c4dd94050>,24,1,[6 1],32,56,57,24,56
1,<environment.Job instance at 0x7f2c4dd94f50>,34,1,[10  1],45,92,93,47,92
1,<environment.Job instance at 0x7f2c4dd93050>,37,12,[3 6],49,93,105,44,92
1,<environment.Job instance at 0x7f2c4dd94b40>,38,18,[5 8],50,105,123,55,101
1,<environment.Job instance at 0x7f2c4dd93500>,44,18,[3 7],58,123,141,65,119
1,<environment.Job instance at 0x7f2c4dd93b40>,50,15,[7 4],64,141,156,77,131
1,<environment.Job instance at 0x7f2c531c7460>,4,20,[5 7],8,9,29,1,9
1,<environment.Job instance at 0x7f2c5330ea00>,12,13,[9 5],19,29,42,10,19
1,<environment.Job instance at 0x7f2c5330e8c0>,14,3,[5 7],24,42,45,18,24
1,<environment.Job instance at 0x7f2c5330e140>,10,15,[9 2],15,45,60,30,32
1,<environment.Job instance at 0x7f2c53313be0>,29,2,[9 1],41,60,62,19,42
1,<environment.Job instance at 0x7f2c53310eb0>,33,1,[5 5],47,62,63,15,50
1,<environment.Job instance at 0x7f2c53315e10>,20,3,[1 8],31,50,53,19,50
1,<environment.Job instance at 0x7f2c5331a230>,36,2,[7 1],53,63,65,10,53
1,<environment.Job instance at 0x7f2c53313280>,27,18,[ 2 10],39,65,83,26,63
1,<environment.Job instance at 0x7f2c533199b0>,47,15,[8 5],78,83,98,5,78
1,<environment.Job instance at 0x7f2c533c1320>,56,18,[ 4 10],88,107,125,19,107
1,<environment.Job instance at 0x7f2c08119a00>,66,28,[4 8],107,125,153,18,124
1,<environment.Job instance at 0x7f2c4df8f6e0>,3,13,[5 2],6,6,19,0,6
1,<environment.Job instance at 0x7f2c08030190>,9,12,[5 9],15,19,31,4,16
1,<environment.Job instance at 0x7f2c08054280>,13,2,[4 8],20,31,33,11,21
1,<environment.Job instance at 0x7f2c08030280>,11,13,[5 7],18,33,46,15,28
1,<environment.Job instance at 0x7f2c531ef9b0>,27,12,[2 6],40,59,71,19,59
1,<environment.Job instance at 0x7f2c4dbd8050>,29,3,[4 9],43,71,74,28,59
1,<environment.Job instance at 0x7f2c08017fa0>,31,16,[9 4],45,74,90,29,63
1,<environment.Job instance at 0x7f2c0818a320>,37,17,[2 6],54,90,107,36,80
1,<environment.Job instance at 0x7f2c08096e10>,50,18,[3 6],74,117,135,43,117
1,<environment.Job instance at 0x7f2c4e22d690>,0,17,[7 1],1,2,19,1,2
1,<environment.Job instance at 0x7f2c4e22d5a0>,3,14,[ 3 10],4,19,33,15,4
1,<environment.Job instance at 0x7f2c4dbd8280>,15,18,[2 8],19,33,51,14,26
1,<environment.Job instance at 0x7f2c4deff370>,9,15,[6 2],11,33,48,22,27
1,<environment.Job instance at 0x7f2c08663d70>,24,3,[8 4],33,51,54,18,34
1,<environment.Job instance at 0x7f2c084fff00>,17,2,[5 2],24,48,50,24,35
1,<environment.Job instance at 0x7f2c4dbdb690>,23,15,[6 4],32,54,69,22,41
1,<environment.Job instance at 0x7f2c07fe7320>,33,16,[6 5],49,69,85,20,56
1,<environment.Job instance at 0x7f2c0803c820>,37,2,[ 2 10],57,85,87,28,68
1,<environment.Job instance at 0x7f2c0803c550>,38,2,[7 3],58,87,89,29,68
1,<environment.Job instance at 0x7f2c0803ca00>,39,3,[5 5],59,89,92,30,68
1,<environment.Job instance at 0x7f2c08450870>,40,2,[5 4],60,89,91,29,68
1,<environment.Job instance at 0x7f2c08665d70>,43,14,[4 9],63,92,106,29,77
1,<environment.Job instance at 0x7f2c4e0c93c0>,58,3,[3 6],88,134,137,46,134
1,<environment.Job instance at 0x7f2c081aea50>,57,18,[2 9],87,137,155,50,134
1,<environment.Job instance at 0x7f2c4e0c9d70>,59,3,[ 5 10],90,155,158,65,135
1,<environment.Job instance at 0x7f2c0852dd20>,67,3,[2 9],99,158,161,59,136
1,<environment.Job instance at 0x7f2c0852d410>,1,13,[3 9],2,2,15,0,2
1,<environment.Job instance at 0x7f2c08729c30>,5,13,[8 4],6,15,28,9,6
1,<environment.Job instance at 0x7f2c0840b730>,8,18,[7 2],10,28,46,18,17
1,<environment.Job instance at 0x7f2c08734640>,21,2,[5 4],29,46,48,17,29
1,<environment.Job instance at 0x7f2c0872e320>,9,14,[8 2],11,48,62,37,37
1,<environment.Job instance at 0x7f2c0874e3c0>,24,3,[1 8],33,37,40,4,37
1,<environment.Job instance at 0x7f2c0874e8c0>,25,12,[6 3],34,62,74,28,46
1,<environment.Job instance at 0x7f2c08753460>,37,12,[3 9],53,74,86,21,62
1,<environment.Job instance at 0x7f2c08756960>,41,25,[1 7],57,86,111,29,83
1,<environment.Job instance at 0x7f2c083b7c30>,47,12,[3 8],67,111,123,44,94
1,<environment.Job instance at 0x7f2c08754b90>,58,14,[1 9],80,123,137,43,120
1,<environment.Job instance at 0x7f2c083c8460>,64,12,[ 1 10],90,137,149,47,123
1,<environment.Job instance at 0x7f2c50834e10>,0,12,[8 1],1,1,13,0,1
1,<environment.Job instance at 0x7f2c5046d780>,21,1,[5 7],26,26,27,0,26
1,<environment.Job instance at 0x7f2c5046d960>,25,12,[ 2 10],30,57,69,27,57
1,<environment.Job instance at 0x7f2c50a55870>,28,16,[2 6],33,69,85,36,63
1,<environment.Job instance at 0x7f2c50a55550>,30,28,[ 2 10],36,85,113,49,84
1,<environment.Job instance at 0x7f2c50763780>,48,12,[8 2],59,113,125,54,99
1,<environment.Job instance at 0x7f2c50486820>,53,2,[3 6],65,133,135,68,133
1,<environment.Job instance at 0x7f2c504865a0>,50,14,[8 1],62,135,149,73,135
1,<environment.Job instance at 0x7f2c50486910>,55,3,[2 7],70,137,140,67,137
1,<environment.Job instance at 0x7f2c504864b0>,56,2,[10  3],72,149,151,77,137
1,<environment.Job instance at 0x7f2c4e0a6550>,3,18,[8 2],4,9,27,5,9
1,<environment.Job instance at 0x7f2c4e0a6730>,8,23,[6 5],10,27,50,17,21
1,<environment.Job instance at 0x7f2c4deba5f0>,23,14,[10  2],33,50,64,17,48
1,<environment.Job instance at 0x7f2c4dd6eb40>,32,1,[ 3 10],49,69,70,20,69
1,<environment.Job instance at 0x7f2c4e0a65a0>,6,17,[1 9],8,70,87,62,70
1,<environment.Job instance at 0x7f2c4dd6e640>,34,18,[ 5 10],51,87,105,36,77
1,<environment.Job instance at 0x7f2c4e16d690>,50,14,[5 7],73,107,121,34,107
1,<environment.Job instance at 0x7f2c4e0b6aa0>,53,16,[3 6],77,121,137,44,108
1,<environment.Job instance at 0x7f2c4e1eda50>,17,3,[5 9],27,28,31,1,28
1,<environment.Job instance at 0x7f2c4e1eda00>,18,12,[9 1],28,32,44,4,32
1,<environment.Job instance at 0x7f2c4e1da230>,20,27,[1 5],35,36,63,1,36
1,<environment.Job instance at 0x7f2c4e1da780>,28,25,[10  4],46,63,88,17,59
1,<environment.Job instance at 0x7f2c4db62500>,41,13,[1 7],64,88,101,24,79
1,<environment.Job instance at 0x7f2c4db62910>,42,12,[3 5],65,101,113,36,84
1,<environment.Job instance at 0x7f2c4db62d70>,48,2,[2 5],75,101,103,26,99
1,<environment.Job instance at 0x7f2c4db62f50>,51,28,[6 4],78,119,147,41,119
1,<environment.Job instance at 0x7f2c4db41050>,53,25,[1 5],81,120,145,39,120
1,<environment.Job instance at 0x7f2c4db41be0>,0,14,[9 2],1,3,17,2,3
1,<environment.Job instance at 0x7f2c081235a0>,13,13,[4 6],16,17,30,1,16
1,<environment.Job instance at 0x7f2c08123b40>,12,12,[9 5],15,30,42,15,19
1,<environment.Job instance at 0x7f2c4dcbc550>,22,25,[6 3],30,53,78,23,53
1,<environment.Job instance at 0x7f2c08271730>,30,17,[1 8],38,81,98,43,81
1,<environment.Job instance at 0x7f2c4de1a690>,29,16,[8 4],37,98,114,61,87
1,<environment.Job instance at 0x7f2c504495a0>,34,15,[2 6],44,98,113,54,87
1,<environment.Job instance at 0x7f2c50449af0>,36,2,[5 4],48,114,116,66,87
1,<environment.Job instance at 0x7f2c4e079550>,54,14,[5 7],75,136,150,61,136
1,<environment.Job instance at 0x7f2c08694910>,2,27,[3 5],4,5,32,1,5
1,<environment.Job instance at 0x7f2c4dec5140>,6,17,[7 5],10,10,27,0,10
1,<environment.Job instance at 0x7f2c4dd15960>,14,23,[7 4],20,27,50,7,21
1,<environment.Job instance at 0x7f2c50a6b5a0>,28,15,[2 5],49,53,68,4,53
1,<environment.Job instance at 0x7f2c506a6be0>,30,16,[2 5],52,54,70,2,54
1,<environment.Job instance at 0x7f2c4e140fa0>,35,15,[5 8],57,70,85,13,67
1,<environment.Job instance at 0x7f2c4e1406e0>,38,18,[3 9],61,85,103,24,77
1,<environment.Job instance at 0x7f2c080c4be0>,53,19,[9 4],78,104,123,26,104
1,<environment.Job instance at 0x7f2c4de1a230>,55,16,[1 9],81,123,139,42,111
1,<environment.Job instance at 0x7f2c4e1dd280>,58,17,[9 1],84,123,140,39,111
1,<environment.Job instance at 0x7f2c4e1ddaa0>,2,28,[9 4],3,5,33,2,5
1,<environment.Job instance at 0x7f2c082bc460>,10,3,[7 5],19,33,36,14,20
1,<environment.Job instance at 0x7f2c082bc960>,16,3,[9 2],29,36,39,7,30
1,<environment.Job instance at 0x7f2c082bc500>,13,18,[8 4],26,39,57,13,36
1,<environment.Job instance at 0x7f2c082bcc80>,21,15,[3 9],37,57,72,20,49
1,<environment.Job instance at 0x7f2c082b1a00>,30,14,[4 9],54,72,86,18,60
1,<environment.Job instance at 0x7f2c082a8460>,40,15,[10  2],66,89,104,23,89
1,<environment.Job instance at 0x7f2c082a84b0>,43,15,[6 2],69,104,119,35,90
1,<environment.Job instance at 0x7f2c082a89b0>,49,18,[3 8],78,115,133,37,115
1,<environment.Job instance at 0x7f2c082a8e10>,52,18,[6 4],82,133,151,51,125
1,<environment.Job instance at 0x7f2c082b0640>,0,16,[8 4],2,2,18,0,2
1,<environment.Job instance at 0x7f2c0867b9b0>,6,14,[ 2 10],8,18,32,10,15
1,<environment.Job instance at 0x7f2c4df7cb90>,12,16,[6 2],17,32,48,15,20
1,<environment.Job instance at 0x7f2c4dc36780>,16,14,[1 8],22,32,46,10,24
1,<environment.Job instance at 0x7f2c4dc36640>,18,2,[6 5],26,48,50,22,41
1,<environment.Job instance at 0x7f2c4dc36c30>,20,15,[5 7],32,50,65,18,41
1,<environment.Job instance at 0x7f2c4dc360a0>,24,2,[6 5],36,65,67,29,41
1,<environment.Job instance at 0x7f2c4def3d20>,32,2,[4 9],52,78,80,26,78
1,<environment.Job instance at 0x7f2c4dc36370>,26,15,[8 1],41,80,95,39,78
1,<environment.Job instance at 0x7f2c4def3be0>,33,1,[6 3],53,95,96,42,78
1,<environment.Job instance at 0x7f2c4def3370>,35,12,[4 5],56,95,107,39,78
1,<environment.Job instance at 0x7f2c5073fc30>,37,1,[7 4],60,107,108,47,82
1,<environment.Job instance at 0x7f2c5073f5a0>,42,13,[8 4],67,108,121,41,95
1,<environment.Job instance at 0x7f2c5073f230>,48,13,[8 2],73,121,134,48,113
1,<environment.Job instance at 0x7f2c5073fe60>,2,18,[10  4],5,5,23,0,5
1,<environment.Job instance at 0x7f2c08251550>,5,14,[1 8],9,23,37,14,9
1,<environment.Job instance at 0x7f2c507d9140>,23,15,[5 5],36,37,52,1,36
1,<environment.Job instance at 0x7f2c08621280>,20,18,[10  2],33,52,70,19,50
1,<environment.Job instance at 0x7f2c507d9910>,27,12,[3 9],42,70,82,28,53
1,<environment.Job instance at 0x7f2c07e33730>,31,18,[ 3 10],47,82,100,35,73
1,<environment.Job instance at 0x7f2c07e33370>,34,17,[5 7],50,100,117,50,88
1,<environment.Job instance at 0x7f2c0827b820>,44,2,[5 5],67,117,119,50,109
1,<environment.Job instance at 0x7f2c530a1870>,45,1,[ 5 10],68,119,120,51,110
1,<environment.Job instance at 0x7f2c0855aa00>,51,1,[5 8],78,127,128,49,127
1,<environment.Job instance at 0x7f2c07dd28c0>,1,15,[8 3],3,3,18,0,3
1,<environment.Job instance at 0x7f2c07f67d70>,11,16,[6 5],16,28,44,12,28
1,<environment.Job instance at 0x7f2c07f96190>,17,13,[1 5],29,29,42,0,29
1,<environment.Job instance at 0x7f2c07f5b910>,21,2,[3 7],35,44,46,9,35
1,<environment.Job instance at 0x7f2c5059a870>,24,13,[5 8],39,60,73,21,60
1,<environment.Job instance at 0x7f2c5331a230>,2,15,[4 8],3,3,18,0,3
1,<environment.Job instance at 0x7f2c504eee10>,11,2,[6 5],15,18,20,3,15
1,<environment.Job instance at 0x7f2c50566320>,14,14,[5 4],22,23,37,1,23
1,<environment.Job instance at 0x7f2c4dfef2d0>,15,3,[4 8],23,37,40,14,23
1,<environment.Job instance at 0x7f2c4e054b40>,20,12,[3 5],30,40,52,10,30
1,<environment.Job instance at 0x7f2c0824a550>,24,25,[6 2],34,37,62,3,34
1,<environment.Job instance at 0x7f2c5070a0a0>,33,25,[5 5],46,67,92,21,67
1,<environment.Job instance at 0x7f2c5070a1e0>,39,12,[2 5],54,84,96,30,84
1,<environment.Job instance at 0x7f2c4dced870>,50,13,[ 4 10],73,96,109,23,85
1,<environment.Job instance at 0x7f2c50306d20>,57,15,[3 9],81,109,124,28,105
1,<environment.Job instance at 0x7f2c4e1d94b0>,59,16,[5 1],84,109,125,25,109
1,<environment.Job instance at 0x7f2c508f7b90>,62,14,[9 2],92,125,139,33,111
1,<environment.Job instance at 0x7f2c07e09e60>,3,15,[1 7],4,4,19,0,4
1,<environment.Job instance at 0x7f2c07e098c0>,4,17,[6 2],5,5,22,0,5
1,<environment.Job instance at 0x7f2c07e09730>,6,14,[6 2],7,22,36,15,7
1,<environment.Job instance at 0x7f2c07ddb7d0>,19,1,[5 3],20,36,37,16,22
1,<environment.Job instance at 0x7f2c07e86f00>,23,12,[4 5],27,29,41,2,29
1,<environment.Job instance at 0x7f2c07e86d70>,22,18,[1 6],24,41,59,17,34
1,<environment.Job instance at 0x7f2c07e86dc0>,31,18,[8 4],40,45,63,5,45
1,<environment.Job instance at 0x7f2c07d17e10>,42,18,[9 5],66,76,94,10,76
1,<environment.Job instance at 0x7f2c07d6b050>,48,2,[ 2 10],78,94,96,16,93
1,<environment.Job instance at 0x7f2c07d6b5f0>,53,15,[5 7],88,109,124,21,109
1,<environment.Job instance at 0x7f2c07d6b320>,57,18,[4 8],94,124,142,30,118
1,<environment.Job instance at 0x7f2c07d1ac30>,62,17,[7 2],101,142,159,41,130
1,<environment.Job instance at 0x7f2c50409aa0>,10,16,[3 8],14,14,30,0,14
1,<environment.Job instance at 0x7f2c503e4c80>,16,16,[9 1],22,30,46,8,29
1,<environment.Job instance at 0x7f2c503e2e10>,20,19,[5 9],26,46,65,20,37
1,<environment.Job instance at 0x7f2c503fa960>,37,16,[3 9],49,82,98,33,82
1,<environment.Job instance at 0x7f2c07e86d20>,13,26,[8 4],16,31,57,15,31
1,<environment.Job instance at 0x7f2c07d79870>,16,15,[7 1],19,57,72,38,43
1,<environment.Job instance at 0x7f2c0813bd20>,27,3,[10  2],33,72,75,39,51
1,<environment.Job instance at 0x7f2c4db47d20>,32,16,[3 8],39,75,91,36,72
1,<environment.Job instance at 0x7f2c50643320>,43,16,[ 4 10],58,92,108,34,92
1,<environment.Job instance at 0x7f2c50643190>,44,26,[2 5],59,108,134,49,107
1,<environment.Job instance at 0x7f2c4e270c80>,51,12,[5 5],68,122,134,54,122
1,<environment.Job instance at 0x7f2c4e2704b0>,53,18,[8 2],72,134,152,62,123
1,<environment.Job instance at 0x7f2c08166690>,1,12,[7 1],3,3,15,0,3
1,<environment.Job instance at 0x7f2c50306aa0>,13,2,[4 9],18,18,20,0,18
1,<environment.Job instance at 0x7f2c07fb1410>,2,27,[8 5],4,20,47,16,19
1,<environment.Job instance at 0x7f2c07e40e60>,35,13,[9 3],55,83,96,28,83
1,<environment.Job instance at 0x7f2c07e403c0>,36,16,[5 7],57,96,112,39,83
1,<environment.Job instance at 0x7f2c50a121e0>,41,16,[5 4],63,112,128,49,100
1,<environment.Job instance at 0x7f2c50a12a50>,49,15,[8 1],73,128,143,55,124
1,<environment.Job instance at 0x7f2c082d2a00>,55,12,[8 5],87,143,155,56,130
1,<environment.Job instance at 0x7f2c0873c140>,5,16,[5 5],11,11,27,0,11
1,<environment.Job instance at 0x7f2c07d5e0a0>,9,14,[6 3],16,27,41,11,16
1,<environment.Job instance at 0x7f2c07cd4230>,17,14,[5 3],26,41,55,15,26
1,<environment.Job instance at 0x7f2c4dc8a5f0>,19,12,[9 4],28,55,67,27,48
1,<environment.Job instance at 0x7f2c4dc8ac80>,27,3,[6 1],38,67,70,29,48
1,<environment.Job instance at 0x7f2c4dc8acd0>,22,18,[6 4],31,70,88,39,60
1,<environment.Job instance at 0x7f2c5072e7d0>,38,13,[9 4],58,88,101,30,74
1,<environment.Job instance at 0x7f2c4dc8a320>,20,14,[5 9],29,101,115,72,95
1,<environment.Job instance at 0x7f74cbf8b0a0>,3,13,[3 8],5,5,18,0,5
1,<environment.Job instance at 0x7f74c4b7b6e0>,8,17,[10  5],11,18,35,7,11
1,<environment.Job instance at 0x7f74c4b7f190>,22,18,[7 4],28,44,62,16,44
1,<environment.Job instance at 0x7f74c4b7f690>,23,20,[ 5 10],30,62,82,32,53
1,<environment.Job instance at 0x7f74c4b7f9b0>,31,16,[9 3],41,82,98,41,74
1,<environment.Job instance at 0x7f74c4b7feb0>,38,18,[5 8],50,98,116,48,88
1,<environment.Job instance at 0x7f74c4b80960>,44,18,[3 7],58,120,138,62,120
1,<environment.Job instance at 0x7f74c4b80aa0>,48,1,[5 8],62,138,139,76,122
1,<environment.Job instance at 0x7f74c4b809b0>,46,2,[2 6],60,139,141,79,124
1,<environment.Job instance at 0x7f74c4b80820>,45,23,[4 8],59,141,164,82,135
1,<environment.Job instance at 0x7f74c4b84f00>,1,14,[10  1],3,3,17,0,3
1,<environment.Job instance at 0x7f74cc101e10>,10,15,[9 1],18,18,33,0,18
1,<environment.Job instance at 0x7f74cc0ffa00>,19,13,[10  2],28,33,46,5,28
1,<environment.Job instance at 0x7f74cbfb25a0>,30,18,[3 6],52,53,71,1,53
1,<environment.Job instance at 0x7f74cbfb27d0>,34,16,[1 9],58,71,87,13,58
1,<environment.Job instance at 0x7f74cc1060f0>,41,16,[3 6],69,87,103,18,85
1,<environment.Job instance at 0x7f74cc105500>,51,18,[1 6],82,103,121,21,93
1,<environment.Job instance at 0x7f7480e7c320>,61,15,[ 1 10],99,123,138,24,123
1,<environment.Job instance at 0x7f7480fb3230>,4,18,[10  3],7,7,25,0,7
1,<environment.Job instance at 0x7f7480efa910>,13,12,[2 6],20,25,37,5,23
1,<environment.Job instance at 0x7f7480dd8e60>,21,12,[5 9],32,37,49,5,37
1,<environment.Job instance at 0x7f7480dd8960>,22,3,[6 4],33,49,52,16,37
1,<environment.Job instance at 0x7f74c4de4d20>,23,17,[2 6],34,49,66,15,40
1,<environment.Job instance at 0x7f74c49ce690>,36,18,[3 6],54,76,94,22,76
1,<environment.Job instance at 0x7f74c48e2370>,44,17,[7 5],64,109,126,45,109
1,<environment.Job instance at 0x7f7480f4c2d0>,45,16,[5 7],65,126,142,61,113
1,<environment.Job instance at 0x7f7480f4c910>,1,15,[6 4],2,3,18,1,3
1,<environment.Job instance at 0x7f74c716cf50>,4,16,[5 7],7,18,34,11,7
1,<environment.Job instance at 0x7f7480e1ff50>,10,14,[5 8],18,34,48,16,24
1,<environment.Job instance at 0x7f74c4c9c0a0>,20,1,[10  4],32,48,49,16,32
1,<environment.Job instance at 0x7f74c4c88190>,21,14,[4 9],33,49,63,16,34
1,<environment.Job instance at 0x7f74c4ec3190>,12,18,[4 7],21,63,81,42,54
1,<environment.Job instance at 0x7f74c4cdff00>,34,16,[4 9],53,81,97,28,68
1,<environment.Job instance at 0x7f74c7709640>,49,27,[10  3],73,97,124,24,95
1,<environment.Job instance at 0x7f74cbfb4140>,60,22,[1 9],91,124,146,33,121
1,<environment.Job instance at 0x7f74cbfcd500>,68,18,[8 3],100,146,164,46,138
1,<environment.Job instance at 0x7f7481500aa0>,71,12,[2 7],105,149,161,44,149
1,<environment.Job instance at 0x7f7480dd8230>,2,18,[10  3],6,8,26,2,8
1,<environment.Job instance at 0x7f748125b870>,8,12,[3 9],13,26,38,13,13
1,<environment.Job instance at 0x7f74c71fc320>,13,1,[3 6],18,38,39,20,26
1,<environment.Job instance at 0x7f748153d0f0>,19,3,[6 3],28,38,41,10,28
1,<environment.Job instance at 0x7f74c4aff550>,17,14,[2 9],24,41,55,17,33
1,<environment.Job instance at 0x7f748153db90>,18,12,[3 8],27,55,67,28,44
1,<environment.Job instance at 0x7f748150aaa0>,26,23,[9 3],37,80,103,43,80
1,<environment.Job instance at 0x7f74c496ccd0>,55,14,[4 7],83,119,133,36,119
1,<environment.Job instance at 0x7f74c4995b40>,60,16,[5 5],88,133,149,45,124
1,<environment.Job instance at 0x7f7481253870>,67,18,[4 9],99,149,167,50,146
1,<environment.Job instance at 0x7f74c4f79370>,6,12,[8 2],9,9,21,0,9
1,<environment.Job instance at 0x7f74c72f61e0>,16,14,[9 2],26,26,40,0,26
1,<environment.Job instance at 0x7f74c72f6140>,19,17,[3 7],31,41,58,10,41
1,<environment.Job instance at 0x7f74c72f65f0>,23,12,[5 5],36,58,70,22,42
1,<environment.Job instance at 0x7f74c760bf00>,32,16,[ 3 10],49,95,111,46,95
1,<environment.Job instance at 0x7f74c760b4b0>,37,1,[1 5],54,111,112,57,95
1,<environment.Job instance at 0x7f74c760b910>,38,17,[8 5],56,111,128,55,99
1,<environment.Job instance at 0x7f74c7239a50>,47,15,[2 5],66,119,134,53,119
1,<environment.Job instance at 0x7f74c7239b90>,49,16,[9 2],68,134,150,66,121
1,<environment.Job instance at 0x7f74c72395a0>,54,13,[1 8],73,134,147,61,127
1,<environment.Job instance at 0x7f74812135f0>,63,22,[9 1],88,150,172,62,143
1,<environment.Job instance at 0x7f7481349b90>,6,13,[2 7],11,11,24,0,11
1,<environment.Job instance at 0x7f74c7704280>,8,14,[5 7],13,24,38,11,13
1,<environment.Job instance at 0x7f74c508afa0>,12,14,[9 5],18,38,52,20,23
1,<environment.Job instance at 0x7f74c4e75410>,24,13,[5 3],30,52,65,22,37
1,<environment.Job instance at 0x7f7480eb1690>,38,13,[9 4],46,65,78,19,55
1,<environment.Job instance at 0x7f74c50ac870>,40,3,[8 3],48,78,81,30,59
1,<environment.Job instance at 0x7f74812893c0>,46,14,[1 6],57,78,92,21,78
1,<environment.Job instance at 0x7f74c7692e60>,50,13,[4 7],61,92,105,31,78
1,<environment.Job instance at 0x7f7480ecbc30>,55,21,[4 7],67,105,126,38,98
1,<environment.Job instance at 0x7f7480ecba50>,57,18,[5 2],71,103,121,32,103
1,<environment.Job instance at 0x7f74c7150b40>,62,15,[8 1],78,126,141,48,112
1,<environment.Job instance at 0x7f7481103500>,65,12,[5 8],82,141,153,59,126
1,<environment.Job instance at 0x7f74c4abde10>,75,15,[5 2],98,144,159,46,144
1,<environment.Job instance at 0x7f74c4fe8960>,17,16,[8 3],21,38,54,17,38
1,<environment.Job instance at 0x7f74c4fe8dc0>,22,3,[7 3],30,54,57,24,50
1,<environment.Job instance at 0x7f74c4fe8fa0>,23,19,[6 5],31,57,76,26,52
1,<environment.Job instance at 0x7f7481056dc0>,35,17,[8 3],52,93,110,41,93
1,<environment.Job instance at 0x7f7481059190>,41,21,[5 1],61,110,131,49,104
1,<environment.Job instance at 0x7f7481059640>,43,2,[4 7],63,110,112,47,104
1,<environment.Job instance at 0x7f7481059be0>,1,14,[ 4 10],5,5,19,0,5
1,<environment.Job instance at 0x7f74c720b870>,3,22,[10  4],7,19,41,12,13
1,<environment.Job instance at 0x7f748130ca00>,14,2,[ 1 10],24,41,43,17,24
1,<environment.Job instance at 0x7f74c4c530f0>,16,1,[5 1],26,43,44,17,26
1,<environment.Job instance at 0x7f74c741f4b0>,17,16,[9 4],27,44,60,17,31
1,<environment.Job instance at 0x7f74c4b2ce60>,32,18,[ 3 10],47,62,80,15,62
1,<environment.Job instance at 0x7f74c76c00a0>,36,18,[4 8],54,80,98,26,69
1,<environment.Job instance at 0x7f74c76c0320>,38,17,[1 9],57,98,115,41,88
1,<environment.Job instance at 0x7f74c4dcdc80>,51,18,[1 6],75,115,133,40,108
1,<environment.Job instance at 0x7f74c4dcd050>,54,13,[9 1],79,110,123,31,110
1,<environment.Job instance at 0x7f7480d67730>,57,13,[9 5],88,133,146,45,129
1,<environment.Job instance at 0x7f7480d67550>,68,15,[5 2],107,149,164,42,149
1,<environment.Job instance at 0x7f7480f260a0>,69,15,[2 5],109,149,164,40,149
1,<environment.Job instance at 0x7f74811447d0>,16,1,[8 5],25,25,26,0,25
1,<environment.Job instance at 0x7f748102d3c0>,17,1,[2 7],28,28,29,0,28
1,<environment.Job instance at 0x7f74811e4b90>,18,3,[4 8],29,29,32,0,29
1,<environment.Job instance at 0x7f74c4f96910>,12,28,[6 1],19,31,59,12,31
1,<environment.Job instance at 0x7f74c7134c80>,23,2,[4 7],41,41,43,0,41
1,<environment.Job instance at 0x7f74811440f0>,15,13,[6 2],24,59,72,35,43
1,<environment.Job instance at 0x7f7481289af0>,41,3,[7 5],69,75,78,6,75
1,<environment.Job instance at 0x7f7481289780>,40,21,[ 4 10],68,79,100,11,79
1,<environment.Job instance at 0x7f74c78a4a00>,44,18,[8 4],76,100,118,24,90
1,<environment.Job instance at 0x7f7481350a50>,50,13,[2 8],84,118,131,34,105
1,<environment.Job instance at 0x7f7481350730>,51,14,[8 1],86,118,132,32,105
1,<environment.Job instance at 0x7f74c73fde10>,63,21,[5 5],106,140,161,34,140
1,<environment.Job instance at 0x7f7481463dc0>,66,2,[8 3],111,161,163,50,140
1,<environment.Job instance at 0x7f7481463fa0>,65,2,[3 6],108,163,165,55,140
1,<environment.Job instance at 0x7f748114b9b0>,1,12,[8 4],3,3,15,0,3
1,<environment.Job instance at 0x7f74c75e2dc0>,4,17,[2 5],6,6,23,0,6
1,<environment.Job instance at 0x7f74c75e7190>,7,18,[5 5],9,15,33,6,10
1,<environment.Job instance at 0x7f74c75e76e0>,14,15,[3 6],19,33,48,14,23
1,<environment.Job instance at 0x7f74c75d1500>,25,13,[2 6],35,48,61,13,44
1,<environment.Job instance at 0x7f74c75d1370>,28,17,[3 7],39,61,78,22,50
1,<environment.Job instance at 0x7f74c75d15f0>,30,3,[1 5],43,78,81,35,61
1,<environment.Job instance at 0x7f74c75d1730>,31,23,[6 3],44,68,91,24,68
1,<environment.Job instance at 0x7f74c75e7fa0>,20,18,[6 5],28,91,109,63,82
1,<environment.Job instance at 0x7f74c75d19b0>,38,2,[5 7],51,109,111,58,85
1,<environment.Job instance at 0x7f74c75d50a0>,40,3,[9 5],53,111,114,58,86
1,<environment.Job instance at 0x7f74c75d56e0>,45,14,[1 8],62,114,128,52,102
1,<environment.Job instance at 0x7f74c7692910>,0,16,[4 9],1,1,17,0,1
1,<environment.Job instance at 0x7f74c75d5960>,3,13,[3 8],5,17,30,12,5
1,<environment.Job instance at 0x7f74c4ac2410>,8,2,[8 1],12,30,32,18,20
1,<environment.Job instance at 0x7f74c4ac2190>,13,2,[5 8],18,32,34,14,20
1,<environment.Job instance at 0x7f74c4ac25f0>,12,2,[2 7],16,30,32,14,24
1,<environment.Job instance at 0x7f74c4ac20a0>,15,16,[1 8],20,34,50,14,25
1,<environment.Job instance at 0x7f74c4ac23c0>,18,12,[5 4],24,50,62,26,44
1,<environment.Job instance at 0x7f74c4903460>,22,1,[9 3],29,62,63,33,44
1,<environment.Job instance at 0x7f7481459190>,29,14,[1 8],39,63,77,24,52
1,<environment.Job instance at 0x7f74814594b0>,30,1,[7 2],40,63,64,23,52
1,<environment.Job instance at 0x7f7481459230>,33,2,[7 3],44,77,79,33,61
1,<environment.Job instance at 0x7f7481459a00>,31,27,[5 7],42,79,106,37,77
1,<environment.Job instance at 0x7f7480d64870>,50,25,[ 4 10],71,124,149,53,124
1,<environment.Job instance at 0x7f7480d64690>,55,18,[ 3 10],77,149,167,72,144
1,<environment.Job instance at 0x7f7480cdd190>,0,24,[5 6],1,3,27,2,3
1,<environment.Job instance at 0x7f74c718e500>,9,18,[5 5],16,27,45,11,16
1,<environment.Job instance at 0x7f74c718eb40>,14,15,[8 3],23,45,60,22,32
1,<environment.Job instance at 0x7f74c722a190>,28,2,[4 8],47,60,62,13,56
1,<environment.Job instance at 0x7f74c722a140>,29,18,[5 3],48,62,80,14,58
1,<environment.Job instance at 0x7f74c70cdb90>,32,17,[5 1],51,60,77,9,59
1,<environment.Job instance at 0x7f74c50a69b0>,39,3,[2 8],61,93,96,32,93
1,<environment.Job instance at 0x7f74812df140>,20,17,[4 6],31,96,113,65,94
1,<environment.Job instance at 0x7f74c71c36e0>,52,15,[ 3 10],77,127,142,50,127
1,<environment.Job instance at 0x7f74c71c35a0>,54,13,[6 2],79,142,155,63,129
1,<environment.Job instance at 0x7f74c50a60a0>,42,16,[1 5],66,142,158,76,133
1,<environment.Job instance at 0x7f74cbe85cd0>,63,12,[5 6],91,158,170,67,141
1,<environment.Job instance at 0x7f74cbe7c280>,0,13,[7 4],1,1,14,0,1
1,<environment.Job instance at 0x7f7480da0be0>,2,27,[3 6],4,6,33,2,6
1,<environment.Job instance at 0x7f7480b9d820>,12,23,[4 6],19,33,56,14,30
1,<environment.Job instance at 0x7f748110b870>,21,3,[4 8],33,56,59,23,33
1,<environment.Job instance at 0x7f74c4a53320>,26,12,[3 5],40,59,71,19,47
1,<environment.Job instance at 0x7f74c72c8cd0>,27,3,[7 5],41,59,62,18,48
1,<environment.Job instance at 0x7f74c4a4d5f0>,31,16,[4 8],47,71,87,24,60
1,<environment.Job instance at 0x7f7480f01460>,35,16,[5 5],52,87,103,35,75
1,<environment.Job instance at 0x7f7481102d20>,39,25,[5 5],56,87,112,31,83
1,<environment.Job instance at 0x7f74c4b834b0>,53,16,[5 5],76,103,119,27,92
1,<environment.Job instance at 0x7f74810f13c0>,58,18,[ 2 10],85,119,137,34,109
1,<environment.Job instance at 0x7f74810f11e0>,64,18,[8 4],93,137,155,44,126
1,<environment.Job instance at 0x7f74c71b6910>,3,15,[1 7],4,4,19,0,4
1,<environment.Job instance at 0x7f7480f65320>,4,17,[6 2],5,5,22,0,5
1,<environment.Job instance at 0x7f74c4fffd20>,6,14,[6 2],7,22,36,15,9
1,<environment.Job instance at 0x7f74c4ae8b90>,15,3,[6 5],16,36,39,20,17
1,<environment.Job instance at 0x7f74c7643d70>,17,2,[6 3],18,39,41,21,18
1,<environment.Job instance at 0x7f7481226140>,19,1,[5 3],20,41,42,21,23
1,<environment.Job instance at 0x7f74c781a5a0>,23,12,[4 5],27,27,39,0,27
1,<environment.Job instance at 0x7f74c781a9b0>,26,18,[6 1],30,42,60,12,32
1,<environment.Job instance at 0x7f74c4e6faf0>,35,1,[6 4],54,60,61,6,57
1,<environment.Job instance at 0x7f7480d62280>,31,18,[8 4],40,63,81,23,63
1,<environment.Job instance at 0x7f74c71c8640>,39,18,[1 6],60,63,81,3,63
1,<environment.Job instance at 0x7f74c71c88c0>,38,17,[8 4],58,81,98,23,70
1,<environment.Job instance at 0x7f7481257500>,43,3,[1 8],68,98,101,30,73
1,<environment.Job instance at 0x7f74c7673e10>,51,2,[6 5],85,101,103,16,86
1,<environment.Job instance at 0x7f74c4b66c30>,53,15,[5 7],88,103,118,15,90
1,<environment.Job instance at 0x7f74c4b66cd0>,54,13,[2 5],89,118,131,29,105
1,<environment.Job instance at 0x7f74811dd7d0>,61,3,[8 3],100,118,121,18,113
1,<environment.Job instance at 0x7f748143ff50>,62,17,[7 2],101,124,141,23,124
1,<environment.Job instance at 0x7f7480df73c0>,70,22,[2 9],111,141,163,30,135
1,<environment.Job instance at 0x7f7480df7fa0>,74,13,[5 6],118,163,176,45,149
1,<environment.Job instance at 0x7f7480df7f50>,1,20,[9 1],3,4,24,1,4
1,<environment.Job instance at 0x7f7480b7f0a0>,13,16,[5 5],17,24,40,7,18
1,<environment.Job instance at 0x7f7480b7f780>,19,15,[ 1 10],26,40,55,14,32
1,<environment.Job instance at 0x7f7480b7f730>,23,17,[7 1],31,55,72,24,45
1,<environment.Job instance at 0x7f7480b520f0>,25,13,[5 8],33,72,85,39,60
1,<environment.Job instance at 0x7f7480b52370>,32,16,[7 4],45,85,101,40,72
1,<environment.Job instance at 0x7f7480b4c190>,44,16,[8 4],63,115,131,52,115
1,<environment.Job instance at 0x7f7480bdc410>,47,12,[ 3 10],67,131,143,64,119
1,<environment.Job instance at 0x7f7480bdc870>,51,3,[3 9],75,143,146,68,126
1,<environment.Job instance at 0x7f7480bdc230>,57,12,[2 5],88,148,160,60,148
1,<environment.Job instance at 0x7f7480bdcaf0>,58,17,[1 6],90,160,177,70,148
1,<environment.Job instance at 0x7f74c727ed70>,0,20,[ 1 10],1,1,21,0,1
1,<environment.Job instance at 0x7f74c7381fa0>,6,15,[8 4],7,21,36,14,7
1,<environment.Job instance at 0x7f74c737b050>,18,3,[6 3],23,36,39,13,23
1,<environment.Job instance at 0x7f74c736e9b0>,24,1,[ 2 10],33,39,40,6,33
1,<environment.Job instance at 0x7f74c73672d0>,9,25,[1 8],12,42,67,30,42
1,<environment.Job instance at 0x7f74c4bcb780>,34,12,[5 5],48,67,79,19,59
1,<environment.Job instance at 0x7f74c4bcb410>,35,2,[3 8],50,79,81,29,59
1,<environment.Job instance at 0x7f74c4a232d0>,46,16,[7 1],67,90,106,23,90
1,<environment.Job instance at 0x7f74c4a239b0>,47,14,[8 1],68,106,120,38,91
1,<environment.Job instance at 0x7f74c4a27730>,56,17,[3 6],81,122,139,41,122
1,<environment.Job instance at 0x7f74c4a27f00>,58,13,[1 7],86,139,152,53,125
1,<environment.Job instance at 0x7f74c4a2baa0>,66,18,[4 9],96,152,170,56,142
1,<environment.Job instance at 0x7f74c4a9a960>,8,18,[3 5],13,13,31,0,13
1,<environment.Job instance at 0x7f7480cb49b0>,20,16,[5 4],33,35,51,2,35
1,<environment.Job instance at 0x7f74c4affd70>,22,2,[ 3 10],36,51,53,15,36
1,<environment.Job instance at 0x7f7480d16b90>,13,17,[7 1],24,53,70,29,41
1,<environment.Job instance at 0x7f74c4d32f00>,29,2,[6 1],45,70,72,25,50
1,<environment.Job instance at 0x7f74c4d32050>,31,17,[5 1],49,72,89,23,60
1,<environment.Job instance at 0x7f748131c8c0>,41,1,[3 8],70,71,72,1,71
1,<environment.Job instance at 0x7f74c4b83e60>,42,2,[7 1],71,89,91,18,71
1,<environment.Job instance at 0x7f748131cb90>,39,15,[8 4],68,91,106,23,77
1,<environment.Job instance at 0x7f7480b8cb90>,48,16,[10  1],79,106,122,27,101
1,<environment.Job instance at 0x7f74c4ca68c0>,60,3,[10  5],92,128,131,36,128
1,<environment.Job instance at 0x7f74c4ca62d0>,61,2,[8 2],93,131,133,38,128
1,<environment.Job instance at 0x7f74c4ca6e10>,62,12,[1 8],95,131,143,36,128
1,<environment.Job instance at 0x7f74c762fe10>,64,14,[ 2 10],97,143,157,46,131
1,<environment.Job instance at 0x7f748151ca50>,70,16,[9 5],106,157,173,51,147
1,<environment.Job instance at 0x7f748151cd70>,77,2,[3 5],120,173,175,53,147
1,<environment.Job instance at 0x7f7480cfc370>,6,14,[6 2],15,15,29,0,15
1,<environment.Job instance at 0x7f7480cfc820>,9,18,[1 8],19,19,37,0,19
1,<environment.Job instance at 0x7f7480cfcaa0>,10,13,[3 7],20,37,50,17,22
1,<environment.Job instance at 0x7f7480e799b0>,14,16,[5 7],24,50,66,26,38
1,<environment.Job instance at 0x7f7480e79eb0>,23,3,[1 6],35,66,69,31,53
1,<environment.Job instance at 0x7f74c4c3b550>,35,18,[2 9],53,97,115,44,97
1,<environment.Job instance at 0x7f74c4c15cd0>,43,20,[9 1],63,131,151,68,131
1,<environment.Job instance at 0x7f74c4c15f50>,46,18,[7 1],66,151,169,85,145
1,<environment.Job instance at 0x7f7480f089b0>,3,15,[6 1],6,6,21,0,6
1,<environment.Job instance at 0x7f7480f08820>,5,17,[5 4],9,21,38,12,9
1,<environment.Job instance at 0x7f7480c62fa0>,20,17,[8 3],31,38,55,7,37
1,<environment.Job instance at 0x7f7481052a50>,31,25,[8 2],46,60,85,14,60
1,<environment.Job instance at 0x7f7481069870>,45,17,[6 1],68,105,122,37,105
1,<environment.Job instance at 0x7f748104ed20>,49,12,[9 4],72,123,135,51,123
1,<environment.Job instance at 0x7f748104ec30>,50,12,[3 8],73,135,147,62,123
1,<environment.Job instance at 0x7f748104e870>,61,17,[10  5],95,149,166,54,149
1,<environment.Job instance at 0x7f705279e960>,10,28,[3 9],14,26,54,12,26
1,<environment.Job instance at 0x7f705279e5f0>,8,17,[10  5],11,54,71,43,53
1,<environment.Job instance at 0x7f70527a35a0>,24,1,[6 1],32,71,72,39,54
1,<environment.Job instance at 0x7f70527a3500>,25,3,[9 3],34,72,75,38,54
1,<environment.Job instance at 0x7f70527a3640>,26,3,[4 6],35,75,78,40,56
1,<environment.Job instance at 0x7f70527a3c80>,36,14,[5 5],48,82,96,34,82
1,<environment.Job instance at 0x7f70527a3e10>,37,12,[3 6],49,96,108,47,82
1,<environment.Job instance at 0x7f70527a4780>,45,23,[4 8],59,135,158,76,135
1,<environment.Job instance at 0x7f70527a48c0>,51,23,[1 8],65,158,181,93,157
1,<environment.Job instance at 0x7f7059d21a50>,4,15,[9 1],8,9,24,1,9
1,<environment.Job instance at 0x7f7059d155f0>,8,16,[7 1],12,24,40,12,12
1,<environment.Job instance at 0x7f7059d1fd70>,23,2,[7 1],33,40,42,7,34
1,<environment.Job instance at 0x7f7059d1f690>,29,16,[6 2],49,51,67,2,51
1,<environment.Job instance at 0x7f7059d1b6e0>,32,15,[7 2],55,67,82,12,55
1,<environment.Job instance at 0x7f7059bd55a0>,36,13,[3 7],60,72,85,12,72
1,<environment.Job instance at 0x7f7059d22a50>,43,18,[ 4 10],68,85,103,17,81
1,<environment.Job instance at 0x7f7059d28410>,53,28,[4 8],87,105,133,18,105
1,<environment.Job instance at 0x7f7059d28c30>,59,12,[5 7],93,133,145,40,120
1,<environment.Job instance at 0x7f7059bd7d70>,66,3,[5 5],108,145,148,37,133
1,<environment.Job instance at 0x7f705273e640>,45,18,[1 6],72,148,166,76,137
1,<environment.Job instance at 0x7f7059b905a0>,75,14,[9 2],117,156,170,39,156
1,<environment.Job instance at 0x7f7059c32aa0>,3,16,[9 4],5,8,24,3,8
1,<environment.Job instance at 0x7f700eb15d70>,5,14,[5 7],9,24,38,15,9
1,<environment.Job instance at 0x7f700ea4f0f0>,10,18,[ 2 10],18,38,56,20,27
1,<environment.Job instance at 0x7f7052507050>,22,18,[3 6],34,56,74,22,45
1,<environment.Job instance at 0x7f7052514320>,27,26,[7 2],41,59,85,18,59
1,<environment.Job instance at 0x7f7052623410>,31,16,[5 7],45,85,101,40,80
1,<environment.Job instance at 0x7f700eb37e10>,42,1,[4 6],60,101,102,41,94
1,<environment.Job instance at 0x7f700ea53500>,43,14,[10  4],61,102,116,41,94
1,<environment.Job instance at 0x7f700eb1c690>,45,16,[7 2],64,116,132,52,104
1,<environment.Job instance at 0x7f7052580be0>,57,15,[7 4],81,132,147,51,124
1,<environment.Job instance at 0x7f700ea3ee60>,52,18,[9 2],71,147,165,76,136
1,<environment.Job instance at 0x7f7052c16140>,66,18,[9 1],92,165,183,73,155
1,<environment.Job instance at 0x7f700eb27780>,3,12,[8 2],4,4,16,0,4
1,<environment.Job instance at 0x7f70528ef5a0>,5,18,[8 1],6,16,34,10,7
1,<environment.Job instance at 0x7f700ea94a50>,18,3,[ 5 10],30,34,37,4,31
1,<environment.Job instance at 0x7f705261c8c0>,19,1,[7 5],31,37,38,6,32
1,<environment.Job instance at 0x7f7059c32f00>,20,2,[3 6],32,38,40,6,32
1,<environment.Job instance at 0x7f7056ebed70>,21,2,[2 5],33,40,42,7,33
1,<environment.Job instance at 0x7f705274a0a0>,22,3,[3 5],34,40,43,6,34
1,<environment.Job instance at 0x7f7059d21d70>,23,1,[10  3],35,43,44,8,37
1,<environment.Job instance at 0x7f700edc8320>,27,16,[4 5],40,44,60,4,40
1,<environment.Job instance at 0x7f7056e81910>,13,24,[3 6],19,60,84,41,55
1,<environment.Job instance at 0x7f700ea3ec80>,46,16,[3 9],66,95,111,29,95
1,<environment.Job instance at 0x7f700ef3a3c0>,54,21,[2 7],77,113,134,36,113
1,<environment.Job instance at 0x7f700ef3ae60>,55,18,[ 5 10],78,134,152,56,124
1,<environment.Job instance at 0x7f700eb4e4b0>,63,14,[9 1],87,152,166,65,144
1,<environment.Job instance at 0x7f7052587500>,5,12,[ 1 10],10,10,22,0,10
1,<environment.Job instance at 0x7f700edbd7d0>,13,28,[4 6],25,25,53,0,25
1,<environment.Job instance at 0x7f700edb8550>,20,23,[10  4],36,53,76,17,48
1,<environment.Job instance at 0x7f700edb8280>,21,14,[3 8],37,76,90,39,65
1,<environment.Job instance at 0x7f700eddec80>,37,18,[4 9],59,90,108,31,80
1,<environment.Job instance at 0x7f700edbebe0>,53,24,[8 5],78,133,157,55,133
1,<environment.Job instance at 0x7f705746f870>,4,17,[8 5],6,6,23,0,6
1,<environment.Job instance at 0x7f705746b870>,7,15,[2 8],9,23,38,14,11
1,<environment.Job instance at 0x7f7052c4baa0>,18,1,[3 6],21,38,39,17,26
1,<environment.Job instance at 0x7f7052c4b8c0>,23,2,[9 4],27,39,41,12,27
1,<environment.Job instance at 0x7f7052c4bf00>,24,17,[ 1 10],28,41,58,13,29
1,<environment.Job instance at 0x7f7052c4b5f0>,27,2,[5 5],32,58,60,26,33
1,<environment.Job instance at 0x7f705746b7d0>,15,16,[9 2],18,60,76,42,47
1,<environment.Job instance at 0x7f705267ca50>,39,13,[4 5],49,76,89,27,64
1,<environment.Job instance at 0x7f705267c690>,40,23,[6 5],50,82,105,32,82
1,<environment.Job instance at 0x7f700ee38050>,50,25,[4 9],65,105,130,40,101
1,<environment.Job instance at 0x7f70526b7050>,60,13,[ 5 10],85,130,143,45,116
1,<environment.Job instance at 0x7f700ed34e60>,66,18,[ 5 10],91,143,161,52,135
1,<environment.Job instance at 0x7f705267caa0>,47,24,[8 4],61,161,185,100,157
1,<environment.Job instance at 0x7f700f06c050>,2,15,[8 1],4,4,19,0,4
1,<environment.Job instance at 0x7f7052a15c30>,5,21,[4 7],7,19,40,12,12
1,<environment.Job instance at 0x7f7052a66d70>,23,18,[5 1],32,32,50,0,32
1,<environment.Job instance at 0x7f7052a66be0>,25,15,[5 2],38,40,55,2,40
1,<environment.Job instance at 0x7f700ec144b0>,28,16,[6 2],43,55,71,12,43
1,<environment.Job instance at 0x7f700f03be60>,47,18,[1 6],74,106,124,32,106
1,<environment.Job instance at 0x7f700eba7b40>,55,13,[1 7],84,143,156,59,143
1,<environment.Job instance at 0x7f700efebbe0>,60,18,[3 6],91,156,174,65,154
1,<environment.Job instance at 0x7f700ee5f4b0>,0,14,[9 2],1,1,15,0,1
1,<environment.Job instance at 0x7f7056f99af0>,17,12,[3 9],21,30,42,9,30
1,<environment.Job instance at 0x7f7056f99cd0>,19,1,[3 5],23,42,43,19,30
1,<environment.Job instance at 0x7f7056f99c30>,18,3,[5 7],22,43,46,21,31
1,<environment.Job instance at 0x7f7056f8f5f0>,25,17,[5 7],33,60,77,27,60
1,<environment.Job instance at 0x7f7056f8f6e0>,29,16,[8 4],37,84,100,47,84
1,<environment.Job instance at 0x7f7056f8f640>,31,18,[8 3],39,100,118,61,90
1,<environment.Job instance at 0x7f7056f8fc30>,34,15,[2 6],44,91,106,47,91
1,<environment.Job instance at 0x7f7056f8fb40>,36,2,[5 4],48,118,120,70,108
1,<environment.Job instance at 0x7f7056f8f8c0>,30,17,[1 8],38,120,137,82,114
1,<environment.Job instance at 0x7f7056f8a7d0>,48,2,[7 5],64,137,139,73,114
1,<environment.Job instance at 0x7f7056f8a280>,46,3,[1 8],62,139,142,77,116
1,<environment.Job instance at 0x7f7056f8a9b0>,54,14,[5 7],75,142,156,67,136
1,<environment.Job instance at 0x7f7056f8abe0>,56,13,[9 3],77,156,169,79,145
1,<environment.Job instance at 0x7f7056f8acd0>,57,14,[8 3],78,169,183,91,154
1,<environment.Job instance at 0x7f7059d1d820>,6,17,[2 6],17,19,36,2,19
1,<environment.Job instance at 0x7f70572d3dc0>,11,2,[6 1],26,34,36,8,34
1,<environment.Job instance at 0x7f7052ccd7d0>,23,18,[3 9],41,44,62,3,44
1,<environment.Job instance at 0x7f70528b2f50>,32,15,[5 2],51,62,77,11,54
1,<environment.Job instance at 0x7f705281be10>,15,16,[2 5],32,75,91,43,75
1,<environment.Job instance at 0x7f70572ea0a0>,38,19,[9 4],58,91,110,33,83
1,<environment.Job instance at 0x7f7052867c80>,50,14,[5 4],76,114,128,38,114
1,<environment.Job instance at 0x7f7052867410>,53,16,[9 4],80,128,144,48,116
1,<environment.Job instance at 0x7f700efa1820>,70,17,[6 5],110,145,162,35,145
1,<environment.Job instance at 0x7f70574c6870>,7,16,[3 9],13,13,29,0,13
1,<environment.Job instance at 0x7f700eeb3c80>,14,16,[4 8],22,29,45,7,26
1,<environment.Job instance at 0x7f700edc5e60>,20,1,[5 5],28,45,46,17,28
1,<environment.Job instance at 0x7f700f0d50f0>,21,15,[6 2],29,46,61,17,32
1,<environment.Job instance at 0x7f700ee4d8c0>,30,18,[6 4],42,61,79,19,55
1,<environment.Job instance at 0x7f700ee4dd20>,32,26,[ 3 10],45,80,106,35,80
1,<environment.Job instance at 0x7f7052889e60>,49,15,[1 8],73,118,133,45,118
1,<environment.Job instance at 0x7f7052889f00>,51,27,[6 5],75,133,160,58,132
1,<environment.Job instance at 0x7f7056ebb3c0>,62,13,[4 6],91,160,173,69,151
1,<environment.Job instance at 0x7f7056ebb3c0>,2,15,[8 2],3,5,20,2,5
1,<environment.Job instance at 0x7f705722e690>,4,13,[8 4],7,20,33,13,8
1,<environment.Job instance at 0x7f7057244370>,18,18,[1 6],21,22,40,1,22
1,<environment.Job instance at 0x7f7057244910>,23,26,[9 2],28,33,59,5,33
1,<environment.Job instance at 0x7f700ed2e690>,36,14,[5 7],41,59,73,18,54
1,<environment.Job instance at 0x7f7057244dc0>,27,18,[8 1],32,73,91,41,62
1,<environment.Job instance at 0x7f700ed2eaa0>,41,2,[5 4],46,91,93,45,72
1,<environment.Job instance at 0x7f700ed2ec80>,43,12,[1 9],48,73,85,25,72
1,<environment.Job instance at 0x7f700ed2eaf0>,42,2,[6 1],47,93,95,46,72
1,<environment.Job instance at 0x7f700ed2ed20>,44,1,[7 3],49,95,96,46,73
1,<environment.Job instance at 0x7f700ed2e780>,38,21,[9 4],43,96,117,53,90
1,<environment.Job instance at 0x7f700ed4d870>,55,18,[3 6],63,124,142,61,124
1,<environment.Job instance at 0x7f700ed4d730>,58,2,[2 7],66,142,144,76,126
1,<environment.Job instance at 0x7f700ed4dfa0>,61,16,[1 8],70,144,160,74,132
1,<environment.Job instance at 0x7f700ed2a820>,69,15,[5 2],80,155,170,75,155
1,<environment.Job instance at 0x7f700ed2a8c0>,1,18,[2 8],4,4,22,0,4
1,<environment.Job instance at 0x7f700f151780>,11,3,[10  1],19,22,25,3,19
1,<environment.Job instance at 0x7f7059a9cf00>,12,2,[7 4],21,25,27,4,25
1,<environment.Job instance at 0x7f700ed57f00>,17,16,[8 4],28,29,45,1,29
1,<environment.Job instance at 0x7f700ee90730>,20,2,[5 7],31,45,47,14,34
1,<environment.Job instance at 0x7f700ed97550>,24,1,[1 8],36,49,50,13,49
1,<environment.Job instance at 0x7f7052c09c30>,27,16,[1 5],39,54,70,15,54
1,<environment.Job instance at 0x7f7052991b40>,29,24,[5 6],41,70,94,29,65
1,<environment.Job instance at 0x7f705746c4b0>,36,17,[9 1],52,94,111,42,82
1,<environment.Job instance at 0x7f70526acd70>,50,14,[1 5],72,103,117,31,103
1,<environment.Job instance at 0x7f70526acd20>,51,13,[5 8],73,117,130,44,108
1,<environment.Job instance at 0x7f700e991a50>,57,2,[4 8],87,130,132,43,120
1,<environment.Job instance at 0x7f700e991140>,58,18,[5 3],88,132,150,44,123
1,<environment.Job instance at 0x7f700e991550>,59,13,[1 5],89,132,145,43,123
1,<environment.Job instance at 0x7f700e991190>,62,17,[3 8],92,150,167,58,138
1,<environment.Job instance at 0x7f7056ced730>,1,19,[10  4],2,2,21,0,2
1,<environment.Job instance at 0x7f7059bd6e10>,3,16,[5 7],4,21,37,17,10
1,<environment.Job instance at 0x7f7056db78c0>,16,13,[6 3],24,37,50,13,25
1,<environment.Job instance at 0x7f7056db7550>,15,14,[1 6],23,37,51,14,27
1,<environment.Job instance at 0x7f7052690d20>,12,16,[2 6],17,37,53,20,37
1,<environment.Job instance at 0x7f70526bceb0>,18,15,[1 7],24,53,68,29,40
1,<environment.Job instance at 0x7f700eb5d0f0>,33,15,[5 5],39,75,90,36,75
1,<environment.Job instance at 0x7f70527662d0>,37,18,[1 6],44,90,108,46,79
1,<environment.Job instance at 0x7f70526bc4b0>,16,12,[5 9],22,108,120,86,94
1,<environment.Job instance at 0x7f700ef3c910>,53,17,[8 4],78,139,156,61,139
1,<environment.Job instance at 0x7f700ef30230>,59,15,[5 5],90,156,171,66,153
1,<environment.Job instance at 0x7f7052568dc0>,8,18,[1 8],12,12,30,0,12
1,<environment.Job instance at 0x7f700ea28190>,9,20,[9 1],13,13,33,0,13
1,<environment.Job instance at 0x7f7052c367d0>,14,16,[2 8],20,33,49,13,21
1,<environment.Job instance at 0x7f700ef38d20>,23,15,[5 8],29,49,64,20,44
1,<environment.Job instance at 0x7f7057247190>,25,16,[ 5 10],34,64,80,30,51
1,<environment.Job instance at 0x7f700ea634b0>,30,1,[10  1],39,80,81,41,64
1,<environment.Job instance at 0x7f700ea3cf50>,33,13,[5 8],43,81,94,38,65
1,<environment.Job instance at 0x7f70526f2690>,40,16,[7 4],55,94,110,39,82
1,<environment.Job instance at 0x7f7052642c30>,54,19,[1 8],75,116,135,41,116
1,<environment.Job instance at 0x7f70526423c0>,56,16,[3 9],79,135,151,56,127
1,<environment.Job instance at 0x7f7052580230>,0,20,[ 1 10],1,2,22,1,2
1,<environment.Job instance at 0x7f700e7345f0>,6,15,[8 4],7,22,37,15,9
1,<environment.Job instance at 0x7f700e72dd70>,27,26,[2 5],39,39,65,0,39
1,<environment.Job instance at 0x7f700e72d780>,31,17,[8 4],44,48,65,4,48
1,<environment.Job instance at 0x7f700e72d870>,34,12,[5 5],48,65,77,17,48
1,<environment.Job instance at 0x7f700e76fc30>,40,3,[5 5],57,68,71,11,68
1,<environment.Job instance at 0x7f700e76f690>,37,24,[9 1],53,77,101,24,72
1,<environment.Job instance at 0x7f700e8eab90>,54,18,[7 2],78,108,126,30,108
1,<environment.Job instance at 0x7f700e8eac80>,60,21,[7 4],88,126,147,38,124
1,<environment.Job instance at 0x7f70527095f0>,67,12,[8 1],97,147,159,50,138
1,<environment.Job instance at 0x7f70527098c0>,75,17,[9 2],109,159,176,50,149
1,<environment.Job instance at 0x7f700e72ceb0>,3,17,[6 1],10,10,27,0,10
1,<environment.Job instance at 0x7f700edbbe10>,5,16,[2 7],13,14,30,1,14
1,<environment.Job instance at 0x7f7052b83a50>,7,13,[9 3],15,30,43,15,15
1,<environment.Job instance at 0x7f70527f9af0>,18,26,[1 7],29,31,57,2,31
1,<environment.Job instance at 0x7f705280faf0>,17,1,[5 6],28,57,58,29,35
1,<environment.Job instance at 0x7f7052b85f50>,21,15,[8 1],33,58,73,25,47
1,<environment.Job instance at 0x7f70525e59b0>,30,13,[2 7],54,58,71,4,55
1,<environment.Job instance at 0x7f700eef0640>,38,15,[4 9],65,73,88,8,67
1,<environment.Job instance at 0x7f700eef0460>,39,16,[4 5],66,88,104,22,75
1,<environment.Job instance at 0x7f700eefc0a0>,44,14,[5 5],72,90,104,18,90
1,<environment.Job instance at 0x7f700eefc960>,46,15,[6 2],75,104,119,29,90
1,<environment.Job instance at 0x7f700eefce10>,49,1,[10  4],78,119,120,41,91
1,<environment.Job instance at 0x7f700f0a3d20>,51,18,[6 2],80,120,138,40,111
1,<environment.Job instance at 0x7f700f098eb0>,58,3,[5 7],88,138,141,50,114
1,<environment.Job instance at 0x7f700f0a2960>,61,15,[3 5],91,120,135,29,120
1,<environment.Job instance at 0x7f700ec8ec80>,63,16,[9 5],96,141,157,45,129
1,<environment.Job instance at 0x7f700ec8a9b0>,76,18,[1 9],117,157,175,40,148
1,<environment.Job instance at 0x7f700e768b40>,2,12,[10  3],3,3,15,0,3
1,<environment.Job instance at 0x7f700e814a00>,6,15,[1 9],7,15,30,8,7
1,<environment.Job instance at 0x7f700e814190>,7,18,[10  4],8,30,48,22,19
1,<environment.Job instance at 0x7f7057266370>,27,28,[10  5],37,48,76,11,47
1,<environment.Job instance at 0x7f70528314b0>,9,20,[5 9],11,126,146,115,126
1,<environment.Job instance at 0x7f700ee05cd0>,48,3,[5 5],66,146,149,80,126
1,<environment.Job instance at 0x7f70572f3820>,56,16,[6 5],75,149,165,74,147
1,<environment.Job instance at 0x7f700f029be0>,11,25,[8 2],16,17,42,1,17
1,<environment.Job instance at 0x7f700f029370>,14,1,[5 5],19,42,43,23,31
1,<environment.Job instance at 0x7f700f029140>,16,1,[6 4],22,43,44,21,33
1,<environment.Job instance at 0x7f700f029550>,17,16,[8 3],24,44,60,20,35
1,<environment.Job instance at 0x7f7057143410>,18,3,[3 5],25,60,63,35,36
1,<environment.Job instance at 0x7f7057143280>,23,13,[10  4],36,63,76,27,49
1,<environment.Job instance at 0x7f7052c992d0>,33,18,[4 8],54,76,94,22,72
1,<environment.Job instance at 0x7f7052c99a00>,34,22,[10  5],55,94,116,39,88
1,<environment.Job instance at 0x7f700e8ac500>,49,18,[2 5],74,127,145,53,127
1,<environment.Job instance at 0x7f700e8ac640>,51,16,[9 4],77,145,161,68,135
1,<environment.Job instance at 0x7f7052bfdcd0>,60,17,[3 6],90,161,178,71,159
1,<environment.Job instance at 0x7f70572d04b0>,2,25,[1 8],4,5,30,1,5
1,<environment.Job instance at 0x7f70572d00f0>,8,28,[4 7],15,30,58,15,30
1,<environment.Job instance at 0x7f7056df76e0>,15,14,[2 6],32,58,72,26,44
1,<environment.Job instance at 0x7f7056de59b0>,19,13,[3 8],39,72,85,33,56
1,<environment.Job instance at 0x7fb5bac920f0>,0,18,[ 2 10],1,1,19,0,1
1,<environment.Job instance at 0x7fb5bacd65a0>,3,13,[3 8],5,19,32,14,6
1,<environment.Job instance at 0x7fb5b3883320>,20,22,[8 2],26,32,54,6,28
1,<environment.Job instance at 0x7fb5b3883960>,29,28,[4 5],39,65,93,26,65
1,<environment.Job instance at 0x7fb5b38869b0>,45,23,[4 8],59,124,147,65,124
1,<environment.Job instance at 0x7fb5b388baa0>,62,18,[1 7],85,151,169,66,151
1,<environment.Job instance at 0x7fb5b388bf50>,65,13,[7 2],92,151,164,59,151
1,<environment.Job instance at 0x7fb5b388e050>,1,16,[7 1],2,2,18,0,2
1,<environment.Job instance at 0x7fb5bae0d5f0>,10,17,[5 6],14,18,35,4,15
1,<environment.Job instance at 0x7fb5bae03190>,29,13,[3 7],50,54,67,4,54
1,<environment.Job instance at 0x7fb5badffe60>,32,13,[4 5],53,67,80,14,54
1,<environment.Job instance at 0x7fb5bacb98c0>,34,15,[6 2],56,57,72,1,57
1,<environment.Job instance at 0x7fb5bacb9fa0>,36,18,[ 4 10],58,80,98,22,70
1,<environment.Job instance at 0x7fb5bae06be0>,46,28,[4 8],77,102,130,25,102
1,<environment.Job instance at 0x7fb5bae0c460>,64,26,[3 8],103,135,161,32,135
1,<environment.Job instance at 0x7fb5bacbbd70>,1,23,[5 5],4,5,28,1,5
1,<environment.Job instance at 0x7fb5b36c7910>,9,12,[1 8],12,28,40,16,13
1,<environment.Job instance at 0x7fb5b36097d0>,19,16,[5 7],25,40,56,15,27
1,<environment.Job instance at 0x7fb56fc03870>,23,18,[5 1],30,43,61,13,43
1,<environment.Job instance at 0x7fb56fc03960>,27,13,[6 5],36,61,74,25,56
1,<environment.Job instance at 0x7fb56fcb9870>,28,14,[3 6],37,74,88,37,59
1,<environment.Job instance at 0x7fb56fad2c30>,37,13,[7 4],48,77,90,29,77
1,<environment.Job instance at 0x7fb56fb1d3c0>,43,15,[8 5],59,90,105,31,90
1,<environment.Job instance at 0x7fb5b3643230>,47,16,[ 2 10],64,105,121,41,99
1,<environment.Job instance at 0x7fb5b3651910>,52,14,[8 3],69,121,135,52,116
1,<environment.Job instance at 0x7fb56fad81e0>,56,17,[10  2],74,135,152,61,123
1,<environment.Job instance at 0x7fb56fb437d0>,59,16,[8 2],78,152,168,74,142
1,<environment.Job instance at 0x7fb56fb43820>,64,14,[ 3 10],84,168,182,84,153
1,<environment.Job instance at 0x7fb56fb77dc0>,5,14,[6 1],6,6,20,0,6
1,<environment.Job instance at 0x7fb56fb38e60>,8,16,[4 5],10,10,26,0,10
1,<environment.Job instance at 0x7fb56fad2dc0>,22,22,[1 9],31,34,56,3,34
1,<environment.Job instance at 0x7fb5b39e61e0>,17,16,[4 9],22,56,72,34,46
1,<environment.Job instance at 0x7fb5b84781e0>,33,12,[2 7],45,72,84,27,55
1,<environment.Job instance at 0x7fb56ffe0640>,42,16,[10  5],55,84,100,29,72
1,<environment.Job instance at 0x7fb5b39a7280>,45,21,[9 5],58,100,121,42,94
1,<environment.Job instance at 0x7fb56ffca140>,55,16,[9 4],71,121,137,50,111
1,<environment.Job instance at 0x7fb56fc542d0>,63,12,[6 3],84,137,149,53,129
1,<environment.Job instance at 0x7fb56fc54dc0>,64,17,[5 9],86,149,166,63,137
1,<environment.Job instance at 0x7fb5b3992af0>,70,1,[5 5],97,166,167,69,149
1,<environment.Job instance at 0x7fb5b3826e10>,73,2,[6 5],100,167,169,67,149
1,<environment.Job instance at 0x7fb56fc7d0f0>,74,3,[8 5],101,169,172,68,150
1,<environment.Job instance at 0x7fb56fc7db90>,75,12,[3 9],103,172,184,69,158
1,<environment.Job instance at 0x7fb56fc25d70>,3,13,[5 7],5,5,18,0,5
1,<environment.Job instance at 0x7fb5b7f1cf50>,6,16,[5 5],8,18,34,10,8
1,<environment.Job instance at 0x7fb5b7f07640>,13,18,[4 9],19,34,52,15,23
1,<environment.Job instance at 0x7fb5b7f27320>,20,1,[2 8],28,52,53,24,29
1,<environment.Job instance at 0x7fb5b7f271e0>,22,17,[5 1],30,32,49,2,32
1,<environment.Job instance at 0x7fb5b7f31e10>,32,12,[8 4],41,53,65,12,43
1,<environment.Job instance at 0x7fb5b7f1d550>,36,1,[5 7],46,65,66,19,48
1,<environment.Job instance at 0x7fb5b7f1ddc0>,37,3,[1 6],47,53,56,6,49
1,<environment.Job instance at 0x7fb5b3d1cd20>,4,24,[8 2],8,11,35,3,11
1,<environment.Job instance at 0x7fb5b823a0a0>,13,1,[7 4],22,35,36,13,22
1,<environment.Job instance at 0x7fb5b823a7d0>,14,14,[10  2],23,36,50,13,24
1,<environment.Job instance at 0x7fb57014eaa0>,20,18,[2 6],36,50,68,14,40
1,<environment.Job instance at 0x7fb5b82ef5a0>,33,16,[7 5],51,68,84,17,60
1,<environment.Job instance at 0x7fb5b36d9e10>,50,16,[5 3],73,89,105,16,89
1,<environment.Job instance at 0x7fb5b36d92d0>,51,17,[5 1],74,89,106,15,89
1,<environment.Job instance at 0x7fb5b36d9f50>,52,15,[ 1 10],75,106,121,31,92
1,<environment.Job instance at 0x7fb5b805c3c0>,62,18,[5 7],86,129,147,43,129
1,<environment.Job instance at 0x7fb56fb7ddc0>,4,16,[3 9],8,8,24,0,8
1,<environment.Job instance at 0x7fb5b38cc190>,10,1,[9 4],16,24,25,8,16
1,<environment.Job instance at 0x7fb5b38cc5f0>,8,18,[1 6],14,24,42,10,16
1,<environment.Job instance at 0x7fb5700d2be0>,14,22,[9 1],21,25,47,4,21
1,<environment.Job instance at 0x7fb5b8410910>,19,13,[8 5],28,47,60,19,31
1,<environment.Job instance at 0x7fb5b85b5500>,21,18,[3 6],31,60,78,29,49
1,<environment.Job instance at 0x7fb5b7e03140>,27,16,[3 7],40,78,94,38,65
1,<environment.Job instance at 0x7fb56fe89690>,34,16,[2 7],47,94,110,47,83
1,<environment.Job instance at 0x7fb56fe89d20>,38,16,[8 3],51,94,110,43,94
1,<environment.Job instance at 0x7fb5b3bd1c80>,43,3,[7 3],60,110,113,50,99
1,<environment.Job instance at 0x7fb5b3bd10f0>,44,19,[6 5],61,113,132,52,103
1,<environment.Job instance at 0x7fb5b37a2c30>,55,14,[10  3],81,132,146,51,128
1,<environment.Job instance at 0x7fb5b3a35be0>,58,26,[4 9],84,146,172,62,143
1,<environment.Job instance at 0x7fb5b85b3dc0>,3,14,[5 7],5,5,19,0,5
1,<environment.Job instance at 0x7fb56fac9730>,6,14,[8 3],8,19,33,11,9
1,<environment.Job instance at 0x7fb56fac9cd0>,12,2,[7 2],18,33,35,15,18
1,<environment.Job instance at 0x7fb56fac9f50>,15,1,[1 8],22,33,34,11,23
1,<environment.Job instance at 0x7fb56fac9870>,9,14,[ 4 10],15,35,49,20,34
1,<environment.Job instance at 0x7fb56fac5730>,22,2,[ 1 10],34,49,51,15,35
1,<environment.Job instance at 0x7fb56fac5910>,23,2,[9 3],35,51,53,16,35
1,<environment.Job instance at 0x7fb56fac5b40>,24,1,[5 1],36,53,54,17,38
1,<environment.Job instance at 0x7fb56fac99b0>,8,12,[3 7],14,53,65,39,41
1,<environment.Job instance at 0x7fb56fabd230>,31,24,[7 2],45,54,78,9,53
1,<environment.Job instance at 0x7fb56fabd780>,35,1,[1 7],50,65,66,15,54
1,<environment.Job instance at 0x7fb56fabd730>,37,1,[5 9],52,78,79,26,54
1,<environment.Job instance at 0x7fb56fac2280>,42,1,[2 5],59,79,80,20,79
1,<environment.Job instance at 0x7fb56fac2320>,43,12,[9 1],60,84,96,24,84
1,<environment.Job instance at 0x7fb56fac23c0>,45,2,[4 5],66,96,98,30,86
1,<environment.Job instance at 0x7fb56fac2190>,44,18,[4 8],64,98,116,34,89
1,<environment.Job instance at 0x7fb56fac2c80>,55,17,[7 5],80,116,133,36,109
1,<environment.Job instance at 0x7fb56fa8e550>,63,23,[7 4],90,136,159,46,136
1,<environment.Job instance at 0x7fb56fa8e5f0>,67,21,[9 2],102,159,180,57,153
1,<environment.Job instance at 0x7fb5b7e6b780>,0,12,[10  1],1,1,13,0,1
1,<environment.Job instance at 0x7fb5b3661280>,3,18,[5 3],5,13,31,8,5
1,<environment.Job instance at 0x7fb5b38063c0>,16,17,[6 5],30,31,48,1,31
1,<environment.Job instance at 0x7fb5b362e5a0>,20,1,[6 5],34,48,49,14,38
1,<environment.Job instance at 0x7fb5b3a96780>,24,13,[3 9],40,49,62,9,41
1,<environment.Job instance at 0x7fb5b800a140>,32,1,[5 9],54,62,63,8,55
1,<environment.Job instance at 0x7fb5b800a050>,33,3,[5 5],56,63,66,7,59
1,<environment.Job instance at 0x7fb5b800a3c0>,35,3,[7 5],59,66,69,7,59
1,<environment.Job instance at 0x7fb5701325f0>,28,17,[3 6],45,69,86,24,59
1,<environment.Job instance at 0x7fb5b7fb8190>,39,12,[5 5],67,86,98,19,69
1,<environment.Job instance at 0x7fb5b7fb8aa0>,38,18,[8 4],66,98,116,32,88
1,<environment.Job instance at 0x7fb5b7f3b780>,54,16,[3 9],93,120,136,27,120
1,<environment.Job instance at 0x7fb5b7f3b690>,55,14,[4 9],94,136,150,42,127
1,<environment.Job instance at 0x7fb570159870>,66,25,[1 6],107,166,191,59,166
1,<environment.Job instance at 0x7fb570159870>,1,25,[8 1],3,19,44,16,19
1,<environment.Job instance at 0x7fb5b7fe1820>,20,17,[6 2],28,45,62,17,45
1,<environment.Job instance at 0x7fb56fdab6e0>,23,14,[1 8],32,65,79,33,65
1,<environment.Job instance at 0x7fb5b7fe1a50>,22,13,[5 6],30,79,92,49,65
1,<environment.Job instance at 0x7fb5b7de5e60>,26,1,[10  2],38,92,93,54,65
1,<environment.Job instance at 0x7fb5700ee640>,36,17,[8 4],54,100,117,46,100
1,<environment.Job instance at 0x7fb570099d20>,45,1,[3 7],71,126,127,55,126
1,<environment.Job instance at 0x7fb570099550>,46,17,[3 5],72,130,147,58,130
1,<environment.Job instance at 0x7fb57015edc0>,49,13,[8 4],77,147,160,70,136
1,<environment.Job instance at 0x7fb5b85af870>,54,13,[8 5],82,160,173,78,148
1,<environment.Job instance at 0x7fb56fdb6a00>,0,28,[4 7],1,1,29,0,1
1,<environment.Job instance at 0x7fb56fe7c8c0>,11,12,[3 9],22,29,41,7,22
1,<environment.Job instance at 0x7fb56fe76140>,16,14,[7 5],28,41,55,13,33
1,<environment.Job instance at 0x7fb56fe76960>,23,13,[ 5 10],40,55,68,15,50
1,<environment.Job instance at 0x7fb56fe805f0>,38,13,[6 3],63,90,103,27,90
1,<environment.Job instance at 0x7fb56fe5d500>,51,23,[9 4],83,130,153,47,130
1,<environment.Job instance at 0x7fb56fe5ddc0>,59,28,[8 1],93,161,189,68,161
1,<environment.Job instance at 0x7fb5b8040eb0>,4,18,[ 4 10],5,5,23,0,5
1,<environment.Job instance at 0x7fb56ffe00f0>,20,17,[5 8],25,25,42,0,25
1,<environment.Job instance at 0x7fb56ffe05a0>,19,16,[ 3 10],24,42,58,18,30
1,<environment.Job instance at 0x7fb56fe54550>,28,1,[6 1],47,58,59,11,47
1,<environment.Job instance at 0x7fb56ffe03c0>,24,18,[5 5],42,59,77,17,54
1,<environment.Job instance at 0x7fb5ba8a11e0>,40,18,[8 5],61,77,95,16,66
1,<environment.Job instance at 0x7fb5b364d1e0>,46,14,[1 6],73,95,109,22,81
1,<environment.Job instance at 0x7fb5b37f6640>,53,13,[7 4],81,102,115,21,102
1,<environment.Job instance at 0x7fb5b37f6aa0>,55,27,[3 6],84,110,137,26,110
1,<environment.Job instance at 0x7fb56fa4f1e0>,59,16,[6 4],91,117,133,26,117
1,<environment.Job instance at 0x7fb5b36664b0>,68,13,[ 4 10],103,145,158,42,145
1,<environment.Job instance at 0x7fb5b3666320>,69,17,[4 6],104,158,175,54,148
1,<environment.Job instance at 0x7fb5b3666eb0>,72,15,[6 3],108,158,173,50,154
1,<environment.Job instance at 0x7fb56fa2a730>,75,15,[ 1 10],114,175,190,61,161
1,<environment.Job instance at 0x7fb56fa2ae10>,1,18,[8 4],3,14,32,11,14
1,<environment.Job instance at 0x7fb5b7e92820>,13,3,[5 7],21,32,35,11,21
1,<environment.Job instance at 0x7fb5b7e92140>,14,1,[7 4],22,35,36,13,23
1,<environment.Job instance at 0x7fb5b8096370>,12,3,[7 3],19,36,39,17,23
1,<environment.Job instance at 0x7fb5b7e92a50>,16,3,[5 5],24,39,42,15,24
1,<environment.Job instance at 0x7fb5b7e92f00>,15,3,[9 3],23,42,45,19,25
1,<environment.Job instance at 0x7fb5b8096410>,10,12,[6 5],17,45,57,28,28
1,<environment.Job instance at 0x7fb5b85118c0>,29,1,[4 7],41,57,58,16,41
1,<environment.Job instance at 0x7fb5b85113c0>,31,14,[7 5],44,58,72,14,44
1,<environment.Job instance at 0x7fb5b7e92960>,17,16,[2 9],26,72,88,46,63
1,<environment.Job instance at 0x7fb56fbdaaa0>,40,17,[1 7],55,88,105,33,79
1,<environment.Job instance at 0x7fb5bae06280>,47,15,[1 7],64,105,120,41,91
1,<environment.Job instance at 0x7fb5b7f67f50>,57,13,[7 4],74,120,133,46,109
1,<environment.Job instance at 0x7fb5b3cd7be0>,59,3,[6 5],76,133,136,57,112
1,<environment.Job instance at 0x7fb5b3cd7d20>,60,1,[2 8],77,136,137,59,113
1,<environment.Job instance at 0x7fb5b3cd75f0>,61,2,[6 3],78,113,115,35,113
1,<environment.Job instance at 0x7fb5702077d0>,65,3,[7 1],82,136,139,54,121
1,<environment.Job instance at 0x7fb5b8307500>,67,12,[4 5],87,139,151,52,126
1,<environment.Job instance at 0x7fb5b7f67230>,55,14,[ 5 10],72,151,165,79,136
1,<environment.Job instance at 0x7fb5b837e8c0>,74,18,[8 3],98,165,183,67,154
1,<environment.Job instance at 0x7fb5b837e0a0>,77,15,[2 7],107,165,180,58,158
1,<environment.Job instance at 0x7fb5b3da0d20>,0,22,[2 9],1,1,23,0,1
1,<environment.Job instance at 0x7fb5b3b25a00>,6,14,[7 3],13,23,37,10,14
1,<environment.Job instance at 0x7fb5b3b25b90>,9,26,[2 5],20,23,49,3,21
1,<environment.Job instance at 0x7fb5b3afe910>,16,14,[8 1],29,37,51,8,35
1,<environment.Job instance at 0x7fb5b3b21eb0>,21,12,[7 3],35,51,63,16,35
1,<environment.Job instance at 0x7fb56fb65af0>,26,18,[1 8],42,63,81,21,60
1,<environment.Job instance at 0x7fb56f898870>,39,16,[5 5],57,95,111,38,95
1,<environment.Job instance at 0x7fb57000f1e0>,49,17,[7 1],71,131,148,60,131
1,<environment.Job instance at 0x7fb57000f190>,51,13,[5 8],73,148,161,75,132
1,<environment.Job instance at 0x7fb57000a7d0>,61,18,[10  5],91,161,179,70,157
1,<environment.Job instance at 0x7fb57000a690>,1,26,[9 1],2,4,30,2,4
1,<environment.Job instance at 0x7fb5b8436d70>,18,1,[ 4 10],22,30,31,8,28
1,<environment.Job instance at 0x7fb5b8436aa0>,19,2,[3 6],23,31,33,8,28
1,<environment.Job instance at 0x7fb5b7e9b2d0>,20,3,[2 5],24,33,36,9,29
1,<environment.Job instance at 0x7fb570066780>,3,21,[10  5],4,36,57,32,30
1,<environment.Job instance at 0x7fb56fddbaa0>,25,2,[ 1 10],31,57,59,26,50
1,<environment.Job instance at 0x7fb5b7e9bcd0>,21,1,[8 3],25,59,60,34,52
1,<environment.Job instance at 0x7fb56fddb4b0>,27,3,[10  2],33,60,63,27,53
1,<environment.Job instance at 0x7fb5b3b9cb90>,41,1,[ 2 10],53,99,100,46,99
1,<environment.Job instance at 0x7fb5b7e611e0>,42,1,[3 9],54,100,101,46,99
1,<environment.Job instance at 0x7fb5b7e612d0>,44,26,[2 5],59,101,127,42,99
1,<environment.Job instance at 0x7fb5b8023e60>,52,2,[3 8],70,133,135,63,133
1,<environment.Job instance at 0x7fb5b8023820>,53,18,[8 2],72,137,155,65,137
1,<environment.Job instance at 0x7fb5b3c7a550>,54,24,[9 1],73,155,179,82,150
1,<environment.Job instance at 0x7fb5b85466e0>,64,14,[8 1],88,179,193,91,164
1,<environment.Job instance at 0x7fb56f886230>,2,3,[6 3],4,4,7,0,4
1,<environment.Job instance at 0x7fb56f8865f0>,8,18,[3 5],13,13,31,0,13
1,<environment.Job instance at 0x7fb5b38860f0>,10,17,[6 1],20,20,37,0,20
1,<environment.Job instance at 0x7fb5b38868c0>,12,16,[2 7],23,31,47,8,23
1,<environment.Job instance at 0x7fb5b38862d0>,13,17,[7 1],24,37,54,13,25
1,<environment.Job instance at 0x7fb5b3835cd0>,28,15,[8 1],43,54,69,11,49
1,<environment.Job instance at 0x7fb5b389faa0>,34,12,[8 5],57,69,81,12,57
1,<environment.Job instance at 0x7fb5b389f410>,37,13,[2 7],64,81,94,17,69
1,<environment.Job instance at 0x7fb56f8fc640>,45,15,[4 9],75,94,109,19,80
1,<environment.Job instance at 0x7fb56f8fc370>,51,14,[5 5],82,109,123,27,98
1,<environment.Job instance at 0x7fb5b389f730>,39,15,[8 4],68,123,138,55,109
1,<environment.Job instance at 0x7fb56f8fc230>,55,16,[8 5],87,138,154,51,125
1,<environment.Job instance at 0x7fb56f93aa50>,70,16,[9 5],106,154,170,48,153
1,<environment.Job instance at 0x7fb56f93af00>,78,16,[5 5],121,170,186,49,163
1,<environment.Job instance at 0x7fb56f9edc30>,3,16,[5 7],4,7,23,3,7
1,<environment.Job instance at 0x7fb56fcc0280>,8,14,[ 4 10],9,23,37,14,10
1,<environment.Job instance at 0x7fb56f8ea820>,9,20,[5 9],11,37,57,26,28
1,<environment.Job instance at 0x7fb56fcab5a0>,23,3,[6 3],32,57,60,25,48
1,<environment.Job instance at 0x7fb5b372d410>,24,18,[2 9],33,60,78,27,49
1,<environment.Job instance at 0x7fb56fcbc5f0>,31,12,[3 6],42,82,94,40,82
1,<environment.Job instance at 0x7fb5b3734280>,33,17,[2 8],44,94,111,50,94
1,<environment.Job instance at 0x7fb56fc94500>,35,18,[7 1],46,94,112,48,94
1,<environment.Job instance at 0x7fb56fff8e10>,40,12,[4 6],53,112,124,59,100
1,<environment.Job instance at 0x7fb56fc941e0>,34,13,[1 6],45,124,137,79,109
1,<environment.Job instance at 0x7fb5b7ee03c0>,47,16,[6 4],65,121,137,56,121
1,<environment.Job instance at 0x7fb5b7ed3cd0>,53,2,[7 3],72,137,139,65,126
1,<environment.Job instance at 0x7fb56fcc8f50>,22,12,[10  5],30,139,151,109,126
1,<environment.Job instance at 0x7fb5b7ed3280>,52,18,[5 6],71,151,169,80,147
1,<environment.Job instance at 0x7fb5b7ecd140>,65,15,[4 7],86,169,184,83,159
1,<environment.Job instance at 0x7fb5b7dcbe10>,1,18,[10  1],4,5,23,1,5
1,<environment.Job instance at 0x7fb5b7ed3b90>,3,25,[8 2],6,23,48,17,19
1,<environment.Job instance at 0x7fb56f811a00>,21,12,[9 4],32,48,60,16,36
1,<environment.Job instance at 0x7fb57016a7d0>,18,22,[5 7],29,60,82,31,58
1,<environment.Job instance at 0x7fb5b7f4f410>,35,2,[9 2],57,82,84,25,65
1,<environment.Job instance at 0x7fb56fcb24b0>,42,13,[2 9],65,88,101,23,88
1,<environment.Job instance at 0x7fb56fcb2d70>,44,16,[5 5],68,101,117,33,88
1,<environment.Job instance at 0x7fb5b7f4f190>,25,18,[4 8],44,117,135,73,108
1,<environment.Job instance at 0x7fb56f918640>,54,18,[7 5],82,135,153,53,130
1,<environment.Job instance at 0x7fb56f9180a0>,56,14,[6 3],84,153,167,69,139
1,<environment.Job instance at 0x7fb5701b8690>,65,15,[10  4],99,167,182,68,155
1,<environment.Job instance at 0x7fb56f9a7be0>,1,14,[8 4],7,7,21,0,7
1,<environment.Job instance at 0x7fb57015a6e0>,2,12,[9 3],9,21,33,12,9
1,<environment.Job instance at 0x7fb5b39ba910>,13,16,[5 2],25,33,49,8,25
1,<environment.Job instance at 0x7fb5b39ba640>,14,1,[8 4],26,49,50,23,28
1,<environment.Job instance at 0x7fb56f972460>,8,13,[3 8],19,50,63,31,37
1,<environment.Job instance at 0x7fb5b83a5280>,23,15,[8 4],40,63,78,23,49
1,<environment.Job instance at 0x7fb56f9c0dc0>,31,18,[3 8],54,78,96,24,70
1,<environment.Job instance at 0x7fb56f9c0aa0>,34,3,[8 2],58,96,99,38,71
1,<environment.Job instance at 0x7fb56f9c9500>,41,16,[8 3],70,99,115,29,92
1,<environment.Job instance at 0x7fb56f9c9230>,48,21,[4 8],78,115,136,37,115
1,<environment.Job instance at 0x7fb5b38356e0>,54,16,[6 3],84,138,154,54,138
1,<environment.Job instance at 0x7fb5b3835e60>,57,14,[7 5],87,154,168,67,139
1,<environment.Job instance at 0x7fb56f7f9910>,7,25,[10  2],15,20,45,5,20
1,<environment.Job instance at 0x7fb5700fda00>,17,15,[1 8],35,45,60,10,38
1,<environment.Job instance at 0x7fb5700fdc30>,15,23,[8 2],33,45,68,12,39
1,<environment.Job instance at 0x7fb5b3746fa0>,26,14,[2 8],46,60,74,14,48
1,<environment.Job instance at 0x7fb5702180a0>,42,18,[1 5],68,80,98,12,80
1,<environment.Job instance at 0x7fb56f7b6500>,27,24,[8 4],47,82,106,35,82
1,<environment.Job instance at 0x7fb5b39fea00>,54,15,[9 5],86,121,136,35,121
1,<environment.Job instance at 0x7fb5b39fe1e0>,60,16,[ 3 10],94,138,154,44,138
1,<environment.Job instance at 0x7fb5b39fe370>,61,18,[5 7],95,154,172,59,145
1,<environment.Job instance at 0x7fb5b39fe050>,63,12,[8 4],98,172,184,74,157
1,<environment.Job instance at 0x7f3c9f090320>,22,18,[7 4],28,48,66,20,48
1,<environment.Job instance at 0x7f3c9f0906e0>,27,17,[5 9],36,68,85,32,68
1,<environment.Job instance at 0x7f3c9f090f00>,36,14,[5 5],48,85,99,37,83
1,<environment.Job instance at 0x7f3c9f091050>,38,18,[5 8],50,99,117,49,88
1,<environment.Job instance at 0x7f3c9f0915f0>,45,23,[4 8],59,122,145,63,122
1,<environment.Job instance at 0x7f3c9f091780>,50,15,[7 4],64,145,160,81,132
1,<environment.Job instance at 0x7f3c9f095280>,59,13,[5 2],81,160,173,79,144
1,<environment.Job instance at 0x7f3c9f0942d0>,72,2,[1 9],100,174,176,74,174
1,<environment.Job instance at 0x7f3ca6603be0>,3,2,[6 1],6,6,8,0,6
1,<environment.Job instance at 0x7f3ca64c4e10>,6,13,[1 8],11,11,24,0,11
1,<environment.Job instance at 0x7f3ca660dcd0>,21,22,[3 6],41,41,63,0,41
1,<environment.Job instance at 0x7f3ca660d7d0>,23,13,[4 5],43,63,76,20,47
1,<environment.Job instance at 0x7f3ca66096e0>,28,3,[2 8],49,76,79,27,58
1,<environment.Job instance at 0x7f3ca64c3e60>,31,14,[5 3],54,79,93,25,66
1,<environment.Job instance at 0x7f3ca6612690>,18,15,[8 5],38,93,108,55,79
1,<environment.Job instance at 0x7f3ca66160f0>,55,26,[3 8],93,135,161,42,135
1,<environment.Job instance at 0x7f3c5b331fa0>,66,13,[5 2],106,171,184,65,171
1,<environment.Job instance at 0x7f3c5b3a1280>,0,26,[7 2],1,2,28,1,2
1,<environment.Job instance at 0x7f3c5b3435a0>,9,15,[1 5],11,14,29,3,14
1,<environment.Job instance at 0x7f3c5b2deeb0>,13,14,[3 6],17,29,43,12,18
1,<environment.Job instance at 0x7f3ca1644b40>,15,1,[4 6],20,43,44,23,20
1,<environment.Job instance at 0x7f3c9eed25f0>,27,3,[6 5],37,44,47,7,40
1,<environment.Job instance at 0x7f3c9f273d20>,28,15,[8 5],39,47,62,8,44
1,<environment.Job instance at 0x7f3c5b34c5a0>,25,18,[9 2],31,62,80,31,51
1,<environment.Job instance at 0x7f3c5b322460>,34,14,[9 4],46,80,94,34,75
1,<environment.Job instance at 0x7f3c9f51e0f0>,46,17,[7 1],61,113,130,52,113
1,<environment.Job instance at 0x7f3c9f51e730>,48,17,[4 8],63,130,147,67,122
1,<environment.Job instance at 0x7f3c5b3affa0>,43,17,[5 8],57,147,164,90,136
1,<environment.Job instance at 0x7f3c9edf8500>,61,18,[2 8],79,164,182,85,161
1,<environment.Job instance at 0x7f3c5b42b230>,67,14,[5 9],90,182,196,92,167
1,<environment.Job instance at 0x7f3c5b6d6500>,0,22,[1 9],1,1,23,0,1
1,<environment.Job instance at 0x7f3c5b7fa190>,4,15,[5 1],5,5,20,0,5
1,<environment.Job instance at 0x7f3ca1844410>,5,16,[3 9],6,23,39,17,10
1,<environment.Job instance at 0x7f3c9f1fc640>,7,1,[3 7],8,39,40,31,22
1,<environment.Job instance at 0x7f3ca171c140>,14,18,[ 5 10],18,40,58,22,30
1,<environment.Job instance at 0x7f3c5b344780>,24,18,[7 2],30,58,76,28,52
1,<environment.Job instance at 0x7f3c9f1b7870>,33,16,[9 4],41,76,92,35,67
1,<environment.Job instance at 0x7f3c5b862910>,39,24,[3 9],51,92,116,41,89
1,<environment.Job instance at 0x7f3c5b42f500>,20,16,[10  5],25,133,149,108,133
1,<environment.Job instance at 0x7f3c5b462410>,59,15,[ 5 10],79,149,164,70,135
1,<environment.Job instance at 0x7f3c5b2edaa0>,64,3,[6 3],88,164,167,76,153
1,<environment.Job instance at 0x7f3c5b2eddc0>,65,15,[2 7],89,164,179,75,154
1,<environment.Job instance at 0x7f3c5b2edf00>,66,3,[5 6],90,179,182,89,156
1,<environment.Job instance at 0x7f3c5b85d3c0>,67,3,[7 5],91,182,185,91,156
1,<environment.Job instance at 0x7f3c9f33ba50>,1,12,[ 1 10],2,2,14,0,2
1,<environment.Job instance at 0x7f3c9ee723c0>,9,2,[10  3],11,14,16,3,13
1,<environment.Job instance at 0x7f3c9eef9af0>,15,13,[5 2],19,30,43,11,30
1,<environment.Job instance at 0x7f3c5b70c460>,16,3,[4 9],20,43,46,23,30
1,<environment.Job instance at 0x7f3c5b70cc30>,17,18,[ 1 10],21,46,64,25,37
1,<environment.Job instance at 0x7f3c9ef08280>,24,1,[5 2],30,38,39,8,38
1,<environment.Job instance at 0x7f3c9ef0c910>,31,12,[8 2],39,64,76,25,53
1,<environment.Job instance at 0x7f3c9ef1b9b0>,37,14,[3 5],46,76,90,30,62
1,<environment.Job instance at 0x7f3c9eefd910>,44,17,[3 7],61,90,107,29,78
1,<environment.Job instance at 0x7f3c5b6d35f0>,48,12,[5 5],66,107,119,41,100
1,<environment.Job instance at 0x7f3c9ef02be0>,47,15,[4 9],65,119,134,54,105
1,<environment.Job instance at 0x7f3c5b6a6190>,56,27,[5 1],78,118,145,40,118
1,<environment.Job instance at 0x7f3c5b6b9050>,65,15,[5 3],88,145,160,57,145
1,<environment.Job instance at 0x7f3c9eead8c0>,66,15,[2 8],89,160,175,71,146
1,<environment.Job instance at 0x7f3c9eeadd70>,73,14,[4 8],97,175,189,78,165
1,<environment.Job instance at 0x7f3c9ef05f50>,78,13,[6 1],102,169,182,67,169
1,<environment.Job instance at 0x7f3c9ef06a00>,82,2,[9 4],107,189,191,82,178
1,<environment.Job instance at 0x7f3c5b7386e0>,8,14,[5 7],13,13,27,0,13
1,<environment.Job instance at 0x7f3ca17f1dc0>,11,16,[3 6],17,27,43,10,17
1,<environment.Job instance at 0x7f3ca1d5a460>,23,12,[4 6],29,43,55,14,29
1,<environment.Job instance at 0x7f3ca1d5a140>,25,3,[5 2],31,33,36,2,33
1,<environment.Job instance at 0x7f3ca60ab690>,22,24,[4 7],28,55,79,27,50
1,<environment.Job instance at 0x7f3ca64c2320>,41,14,[10  5],50,80,94,30,80
1,<environment.Job instance at 0x7f3c9f334b40>,50,13,[4 7],61,94,107,33,80
1,<environment.Job instance at 0x7f3c5b8dac30>,3,28,[10  4],5,12,40,7,12
1,<environment.Job instance at 0x7f3c5b4e9f00>,15,1,[6 5],25,40,41,15,25
1,<environment.Job instance at 0x7f3c5b903be0>,13,16,[2 5],23,40,56,17,27
1,<environment.Job instance at 0x7f3c5b751a00>,38,13,[4 6],56,90,103,34,90
1,<environment.Job instance at 0x7f3ca17580f0>,39,15,[9 4],57,103,118,46,93
1,<environment.Job instance at 0x7f3ca1745460>,53,13,[3 8],76,136,149,60,136
1,<environment.Job instance at 0x7f3c5b46d820>,54,16,[8 4],77,149,165,72,141
1,<environment.Job instance at 0x7f3c9f2c8820>,1,12,[ 2 10],3,3,15,0,3
1,<environment.Job instance at 0x7f3ca1774d70>,8,16,[1 7],12,15,31,3,12
1,<environment.Job instance at 0x7f3ca17865f0>,16,13,[9 5],28,31,44,3,28
1,<environment.Job instance at 0x7f3ca1786730>,17,17,[10  4],29,44,61,15,33
1,<environment.Job instance at 0x7f3ca1774be0>,6,17,[7 5],10,61,78,51,52
1,<environment.Job instance at 0x7f3ca175c870>,33,3,[5 6],55,78,81,23,71
1,<environment.Job instance at 0x7f3ca175c960>,34,1,[2 6],56,81,82,25,71
1,<environment.Job instance at 0x7f3ca175c4b0>,28,15,[2 5],49,82,97,33,71
1,<environment.Job instance at 0x7f3ca175c280>,27,15,[5 2],47,79,94,32,79
1,<environment.Job instance at 0x7f3ca175c8c0>,35,15,[5 8],57,97,112,40,83
1,<environment.Job instance at 0x7f3ca1778b90>,51,2,[4 9],76,112,114,36,92
1,<environment.Job instance at 0x7f3ca1763230>,55,16,[1 9],81,114,130,33,109
1,<environment.Job instance at 0x7f3ca1763370>,58,17,[9 1],84,125,142,41,125
1,<environment.Job instance at 0x7f3ca1763870>,62,21,[9 3],89,142,163,53,135
1,<environment.Job instance at 0x7f3ca1763e60>,69,12,[10  1],101,163,175,62,148
1,<environment.Job instance at 0x7f3c5b2a5fa0>,85,17,[6 5],130,177,194,47,177
1,<environment.Job instance at 0x7f3c9efa6cd0>,9,1,[1 9],15,15,16,0,15
1,<environment.Job instance at 0x7f3c5b2905f0>,13,2,[8 3],21,21,23,0,21
1,<environment.Job instance at 0x7f3c5b290a00>,15,13,[5 7],23,29,42,6,29
1,<environment.Job instance at 0x7f3c9ee6cb40>,23,15,[ 4 10],32,42,57,10,42
1,<environment.Job instance at 0x7f3ca177ffa0>,22,3,[ 1 10],30,57,60,27,42
1,<environment.Job instance at 0x7f3c5b59e320>,25,3,[8 1],34,60,63,26,42
1,<environment.Job instance at 0x7f3c9f0b00a0>,19,25,[1 6],27,65,90,38,65
1,<environment.Job instance at 0x7f3c5b770870>,36,17,[3 6],54,95,112,41,95
1,<environment.Job instance at 0x7f3c5b684e60>,39,13,[1 5],59,112,125,53,96
1,<environment.Job instance at 0x7f3ca1650fa0>,44,17,[2 5],66,112,129,46,106
1,<environment.Job instance at 0x7f3ca1d7b730>,47,18,[5 5],69,125,143,56,114
1,<environment.Job instance at 0x7f3c9f0e4550>,55,16,[4 5],81,138,154,57,138
1,<environment.Job instance at 0x7f3ca177d230>,60,18,[6 5],88,149,167,61,149
1,<environment.Job instance at 0x7f3c5b74ec30>,13,2,[5 2],16,17,19,1,17
1,<environment.Job instance at 0x7f3c5b4ac640>,17,1,[5 5],20,20,21,0,20
1,<environment.Job instance at 0x7f3c5b599a00>,19,16,[9 2],22,22,38,0,22
1,<environment.Job instance at 0x7f3ca193aeb0>,25,12,[1 9],28,41,53,13,41
1,<environment.Job instance at 0x7f3c5b978a50>,28,16,[4 9],31,54,70,23,54
1,<environment.Job instance at 0x7f3c9f3e6fa0>,36,2,[8 1],42,72,74,30,72
1,<environment.Job instance at 0x7f3c5b6d5500>,33,17,[ 5 10],37,74,91,37,74
1,<environment.Job instance at 0x7f3c9f3e6870>,37,18,[3 6],43,91,109,48,82
1,<environment.Job instance at 0x7f3ca1743be0>,44,27,[ 3 10],51,109,136,58,107
1,<environment.Job instance at 0x7f3ca15db730>,56,2,[5 2],68,136,138,68,120
1,<environment.Job instance at 0x7f3ca192beb0>,62,12,[2 8],75,138,150,63,138
1,<environment.Job instance at 0x7f3ca17cf4b0>,59,27,[5 7],72,150,177,78,148
1,<environment.Job instance at 0x7f3ca15ca050>,72,18,[10  2],93,179,197,86,179
1,<environment.Job instance at 0x7f3ca15ca3c0>,2,18,[8 2],4,10,28,6,10
1,<environment.Job instance at 0x7f3c5b8ad190>,12,2,[7 2],19,28,30,9,19
1,<environment.Job instance at 0x7f3c5b8ad4b0>,7,17,[9 1],12,30,47,18,27
1,<environment.Job instance at 0x7f3c5b8c4960>,21,14,[1 5],32,44,58,12,44
1,<environment.Job instance at 0x7f3c5b8c4a00>,22,13,[5 8],33,58,71,25,44
1,<environment.Job instance at 0x7f3c5b9839b0>,4,14,[9 5],6,71,85,65,63
1,<environment.Job instance at 0x7f3c5b8c4b40>,26,15,[9 3],40,85,100,45,71
1,<environment.Job instance at 0x7f3c5b8c3c30>,40,25,[8 1],64,100,125,36,99
1,<environment.Job instance at 0x7f3c5b8c3cd0>,45,19,[2 5],69,103,122,34,103
1,<environment.Job instance at 0x7f3c5b8c3fa0>,46,3,[5 1],71,125,128,54,103
1,<environment.Job instance at 0x7f3c5b89d960>,54,13,[6 2],79,132,145,53,132
1,<environment.Job instance at 0x7f3c5b89df50>,64,2,[1 7],92,163,165,71,163
1,<environment.Job instance at 0x7f3c5b898190>,66,17,[5 8],95,166,183,71,166
1,<environment.Job instance at 0x7f3c5b898d20>,70,18,[5 5],112,183,201,71,179
1,<environment.Job instance at 0x7f3c9f10e320>,2,15,[ 1 10],4,4,19,0,4
1,<environment.Job instance at 0x7f3c9f10e7d0>,4,14,[10  5],8,19,33,11,9
1,<environment.Job instance at 0x7f3ca1b7bf50>,15,16,[5 5],22,33,49,11,28
1,<environment.Job instance at 0x7f3ca1b7bf00>,21,1,[1 7],28,49,50,21,28
1,<environment.Job instance at 0x7f3c9efd80a0>,12,23,[3 5],19,50,73,31,45
1,<environment.Job instance at 0x7f3c5b6897d0>,33,16,[5 5],46,50,66,4,47
1,<environment.Job instance at 0x7f3c5b23deb0>,39,18,[7 2],56,66,84,10,64
1,<environment.Job instance at 0x7f3c5b23d820>,42,14,[9 1],60,84,98,24,76
1,<environment.Job instance at 0x7f3c5b23d910>,44,18,[8 4],63,98,116,35,94
1,<environment.Job instance at 0x7f3c5b8561e0>,55,3,[7 3],79,116,119,37,99
1,<environment.Job instance at 0x7f3c5b866500>,59,3,[5 5],84,119,122,35,100
1,<environment.Job instance at 0x7f3c5b866c80>,61,12,[9 2],88,122,134,34,107
1,<environment.Job instance at 0x7f3ca6228d20>,74,14,[7 5],104,134,148,30,122
1,<environment.Job instance at 0x7f3ca62280f0>,78,17,[5 5],108,149,166,41,149
1,<environment.Job instance at 0x7f3c5b866780>,62,22,[2 5],90,159,181,69,159
1,<environment.Job instance at 0x7f3ca63d0050>,81,13,[8 4],111,166,179,55,162
1,<environment.Job instance at 0x7f3ca63a20a0>,85,3,[7 1],118,179,182,61,168
1,<environment.Job instance at 0x7f3ca1ceaf00>,87,3,[ 3 10],121,182,185,61,168
1,<environment.Job instance at 0x7f3c9ee14910>,86,1,[2 7],119,181,182,62,169
1,<environment.Job instance at 0x7f3c9f0e36e0>,88,12,[5 9],122,185,197,63,169
1,<environment.Job instance at 0x7f3c9f0e3dc0>,2,18,[9 5],6,9,27,3,9
1,<environment.Job instance at 0x7f3c5b4e9190>,6,15,[6 2],15,27,42,12,15
1,<environment.Job instance at 0x7f3c5b762eb0>,16,3,[8 2],33,42,45,9,33
1,<environment.Job instance at 0x7f3c5b762280>,17,18,[4 8],34,45,63,11,34
1,<environment.Job instance at 0x7f3c9f35ca00>,25,3,[6 3],45,63,66,18,46
1,<environment.Job instance at 0x7f3c9f35c2d0>,28,20,[4 9],49,66,86,17,61
1,<environment.Job instance at 0x7f3c9f35c140>,33,24,[ 1 10],57,86,110,29,81
1,<environment.Job instance at 0x7f3c5b42f5f0>,51,12,[7 3],85,122,134,37,122
1,<environment.Job instance at 0x7f3c5b54f3c0>,52,15,[9 4],87,134,149,47,123
1,<environment.Job instance at 0x7f3c9f003c30>,62,16,[2 8],100,149,165,49,147
1,<environment.Job instance at 0x7f3c5b8e90a0>,0,16,[ 2 10],1,1,17,0,1
1,<environment.Job instance at 0x7f3c9ef666e0>,2,15,[5 5],3,17,32,14,3
1,<environment.Job instance at 0x7f3c5b582af0>,9,16,[5 2],13,17,33,4,13
1,<environment.Job instance at 0x7f3c5b55ecd0>,11,1,[5 2],15,32,33,17,15
1,<environment.Job instance at 0x7f3c5b55e5f0>,16,15,[1 8],22,33,48,11,22
1,<environment.Job instance at 0x7f3c9f1e4640>,25,28,[7 2],36,36,64,0,36
1,<environment.Job instance at 0x7f3c9f320960>,28,13,[3 7],40,48,61,8,41
1,<environment.Job instance at 0x7f3c9f1c98c0>,33,17,[9 3],45,64,81,19,53
1,<environment.Job instance at 0x7f3ca1a1b230>,42,26,[8 4],56,92,118,36,92
1,<environment.Job instance at 0x7f3ca16b7550>,52,15,[8 4],67,118,133,51,108
1,<environment.Job instance at 0x7f3ca16a5320>,58,17,[ 2 10],75,133,150,58,121
1,<environment.Job instance at 0x7f3c9f35e820>,70,1,[ 2 10],93,150,151,57,149
1,<environment.Job instance at 0x7f3c9f35ea50>,71,1,[3 9],94,151,152,57,149
1,<environment.Job instance at 0x7f3c9f35ebe0>,72,16,[ 4 10],98,152,168,54,149
1,<environment.Job instance at 0x7f3c9f35e4b0>,73,26,[2 5],99,168,194,69,165
1,<environment.Job instance at 0x7f3ca15d6be0>,7,16,[1 7],10,10,26,0,10
1,<environment.Job instance at 0x7f3ca15d61e0>,6,3,[10  4],9,26,29,17,12
1,<environment.Job instance at 0x7f3c5b11f370>,12,13,[10  1],17,29,42,12,17
1,<environment.Job instance at 0x7f3ca1687870>,17,15,[4 7],23,42,57,19,28
1,<environment.Job instance at 0x7f3c5b27d870>,20,16,[9 3],30,57,73,27,47
1,<environment.Job instance at 0x7f3ca1bb2a50>,33,16,[2 7],53,73,89,20,72
1,<environment.Job instance at 0x7f3ca1bb2c30>,34,17,[7 1],54,73,90,19,72
1,<environment.Job instance at 0x7f3ca1bb2b40>,35,13,[9 3],55,90,103,35,74
1,<environment.Job instance at 0x7f3ca1bb2370>,41,16,[5 4],63,103,119,40,97
1,<environment.Job instance at 0x7f3ca1b74dc0>,44,17,[8 5],67,119,136,52,107
1,<environment.Job instance at 0x7f3c9f3683c0>,55,12,[8 5],87,136,148,49,130
1,<environment.Job instance at 0x7f3ca1b919b0>,60,15,[8 4],98,148,163,50,134
1,<environment.Job instance at 0x7f3c9ef58af0>,67,16,[4 5],106,163,179,57,152
1,<environment.Job instance at 0x7f3c5b5818c0>,74,15,[6 2],115,163,178,48,160
1,<environment.Job instance at 0x7f3ca63d9eb0>,76,16,[8 5],117,179,195,62,166
1,<environment.Job instance at 0x7f3c5b327a00>,13,12,[10  3],23,23,35,0,23
1,<environment.Job instance at 0x7f3c5b076a00>,9,18,[1 8],19,35,53,16,27
1,<environment.Job instance at 0x7f3ca1be5050>,19,14,[ 4 10],29,53,67,24,44
1,<environment.Job instance at 0x7f3ca1be5f50>,29,15,[2 8],45,67,82,22,61
1,<environment.Job instance at 0x7f3c5b1d1140>,35,18,[2 9],53,82,100,29,79
1,<environment.Job instance at 0x7f3c5b1d1e10>,44,17,[2 8],64,141,158,77,141
1,<environment.Job instance at 0x7f3c5b1d1410>,46,18,[7 1],66,143,161,77,143
1,<environment.Job instance at 0x7f3c5b017be0>,52,13,[9 4],74,161,174,87,154
1,<environment.Job instance at 0x7f3c9efb45f0>,0,17,[8 3],1,1,18,0,1
1,<environment.Job instance at 0x7f3c9f1906e0>,13,17,[4 9],18,25,42,7,25
1,<environment.Job instance at 0x7f3c9f1900f0>,17,16,[8 3],24,42,58,18,30
1,<environment.Job instance at 0x7f3c9f0ce9b0>,23,13,[10  4],36,58,71,22,42
1,<environment.Job instance at 0x7f3c5b89e140>,31,18,[7 1],49,71,89,22,64
1,<environment.Job instance at 0x7f3c5b4638c0>,38,16,[7 2],60,89,105,29,80
1,<environment.Job instance at 0x7f3c5b5a8e60>,44,27,[10  5],69,106,133,37,106
1,<environment.Job instance at 0x7f3c5b461870>,54,14,[1 9],80,133,147,53,121
1,<environment.Job instance at 0x7f3c5b48b690>,56,17,[5 6],83,147,164,64,135
1,<environment.Job instance at 0x7f3c5b485fa0>,64,14,[6 3],94,164,178,70,154
1,<environment.Job instance at 0x7f3c5b4853c0>,65,13,[2 7],95,164,177,69,155
1,<environment.Job instance at 0x7f3c9f07e050>,72,1,[6 3],108,178,179,70,168
1,<environment.Job instance at 0x7f3c9f0a8230>,74,26,[5 7],110,179,205,69,177
1,<environment.Job instance at 0x7f3c9f0a8d20>,1,14,[8 4],7,7,21,0,7
1,<environment.Job instance at 0x7f3c9f0a8460>,2,12,[9 3],9,21,33,12,10
1,<environment.Job instance at 0x7f3c5b9bdaa0>,4,14,[2 6],12,33,47,21,18
1,<environment.Job instance at 0x7f3c5b0b32d0>,13,16,[5 2],25,33,49,8,25
1,<environment.Job instance at 0x7f3c5b09faf0>,23,15,[8 4],40,49,64,9,40
1,<environment.Job instance at 0x7f3c9f1c98c0>,31,18,[3 8],54,64,82,10,60
1,<environment.Job instance at 0x7f3c9f317f50>,45,25,[5 7],74,97,122,23,97
1,<environment.Job instance at 0x7f3c5b1a3460>,0,13,[7 1],3,3,16,0,3
1,<environment.Job instance at 0x7f3c9f2a4be0>,9,2,[3 6],22,30,32,8,30
1,<environment.Job instance at 0x7f3ca1dae050>,28,15,[7 3],44,85,100,41,85
1,<environment.Job instance at 0x7f3ca1daef50>,29,15,[5 8],46,100,115,54,86
1,<environment.Job instance at 0x7f3ca1dae910>,36,13,[4 8],57,115,128,58,107
1,<environment.Job instance at 0x7f3c5b96cc30>,41,19,[5 6],65,128,147,63,121
1,<environment.Job instance at 0x7f3c5b96cd20>,46,17,[8 4],72,147,164,75,136
1,<environment.Job instance at 0x7f3c5af592d0>,11,1,[1 7],21,22,23,1,22
1,<environment.Job instance at 0x7f3c5b389d70>,24,12,[3 5],43,62,74,19,62
1,<environment.Job instance at 0x7f3c5b389af0>,25,13,[1 5],44,65,78,21,65
1,<environment.Job instance at 0x7f3c5b3895a0>,26,15,[10  5],46,78,93,32,65
1,<environment.Job instance at 0x7f3c5b251140>,39,25,[7 4],60,102,127,42,102
1,<environment.Job instance at 0x7f3c5b5d6370>,50,17,[3 7],77,127,144,50,124
1,<environment.Job instance at 0x7f3c5b5d62d0>,56,17,[1 9],83,164,181,81,164
1,<environment.Job instance at 0x7f3c5b606e60>,60,16,[8 3],89,181,197,92,171
1,<environment.Job instance at 0x7ff9323e4140>,0,18,[ 2 10],1,1,19,0,1
1,<environment.Job instance at 0x7ff931285eb0>,23,20,[ 5 10],30,68,88,38,68
1,<environment.Job instance at 0x7ff931287640>,27,17,[5 9],36,88,105,52,77
1,<environment.Job instance at 0x7ff931287960>,36,14,[5 5],48,105,119,57,94
1,<environment.Job instance at 0x7ff93128c1e0>,45,23,[4 8],59,149,172,90,149
1,<environment.Job instance at 0x7ff93128c6e0>,51,23,[1 8],65,172,195,107,169
1,<environment.Job instance at 0x7ff93128a230>,59,13,[5 2],81,171,184,90,171
1,<environment.Job instance at 0x7ff9312872d0>,2,18,[3 6],12,12,30,0,12
1,<environment.Job instance at 0x7ff932558690>,14,13,[3 7],30,30,43,0,30
1,<environment.Job instance at 0x7ff932558fa0>,16,1,[5 2],32,32,33,0,32
1,<environment.Job instance at 0x7ff932558b90>,17,13,[4 5],33,43,56,10,34
1,<environment.Job instance at 0x7ff932558370>,18,2,[10  3],35,56,58,21,36
1,<environment.Job instance at 0x7ff93255f910>,31,28,[4 8],57,78,106,21,78
1,<environment.Job instance at 0x7ff93255edc0>,48,15,[7 4],82,156,171,74,156
1,<environment.Job instance at 0x7ff93255ef50>,49,26,[3 8],83,171,197,88,171
1,<environment.Job instance at 0x7ff8e731b820>,2,16,[7 2],4,4,20,0,4
1,<environment.Job instance at 0x7ff8e73480a0>,5,14,[5 7],7,20,34,13,7
1,<environment.Job instance at 0x7ff8e7348e10>,10,16,[1 5],14,34,50,20,24
1,<environment.Job instance at 0x7ff8e7226690>,18,14,[9 4],26,34,48,8,26
1,<environment.Job instance at 0x7ff931110af0>,24,1,[4 8],33,50,51,17,33
1,<environment.Job instance at 0x7ff8e728b820>,38,20,[2 6],50,89,109,39,89
1,<environment.Job instance at 0x7ff8e72f7550>,51,14,[5 9],70,129,143,59,129
1,<environment.Job instance at 0x7ff8e7234500>,61,26,[8 5],87,164,190,77,164
1,<environment.Job instance at 0x7ff931f30690>,3,18,[2 6],5,6,24,1,6
1,<environment.Job instance at 0x7ff93137be60>,19,12,[5 4],30,32,44,2,32
1,<environment.Job instance at 0x7ff93137baa0>,20,19,[5 3],31,36,55,5,36
1,<environment.Job instance at 0x7ff8e7223a00>,24,3,[10  3],38,55,58,17,39
1,<environment.Job instance at 0x7ff8e744f640>,25,1,[6 4],39,58,59,19,41
1,<environment.Job instance at 0x7ff8e72231e0>,22,18,[10  3],36,59,77,23,49
1,<environment.Job instance at 0x7ff93181d4b0>,35,13,[8 1],52,77,90,25,69
1,<environment.Job instance at 0x7ff8e77ac730>,40,15,[2 7],59,97,112,38,97
1,<environment.Job instance at 0x7ff9313f5410>,44,25,[7 3],63,98,123,35,98
1,<environment.Job instance at 0x7ff9315f9d20>,52,1,[1 5],75,116,117,41,116
1,<environment.Job instance at 0x7ff8e7778af0>,55,12,[ 1 10],80,123,135,43,118
1,<environment.Job instance at 0x7ff8e72ba910>,63,28,[4 6],95,141,169,46,141
1,<environment.Job instance at 0x7ff8e73918c0>,70,23,[10  4],106,169,192,63,167
1,<environment.Job instance at 0x7ff8e78c57d0>,0,14,[8 1],2,2,16,0,2
1,<environment.Job instance at 0x7ff8e76b5410>,4,14,[3 5],6,16,30,10,6
1,<environment.Job instance at 0x7ff9316d2af0>,11,17,[3 7],21,30,47,9,21
1,<environment.Job instance at 0x7ff931d591e0>,23,27,[5 1],38,46,73,8,46
1,<environment.Job instance at 0x7ff931d5efa0>,32,15,[5 3],48,73,88,25,73
1,<environment.Job instance at 0x7ff931d5e8c0>,33,15,[2 8],49,88,103,39,75
1,<environment.Job instance at 0x7ff931d7b230>,41,16,[9 2],58,103,119,45,91
1,<environment.Job instance at 0x7ff931d7bf00>,46,13,[1 8],63,103,116,40,97
1,<environment.Job instance at 0x7ff931d58be0>,59,13,[3 7],82,125,138,43,125
1,<environment.Job instance at 0x7ff8e75f0b90>,60,18,[8 3],83,138,156,55,127
1,<environment.Job instance at 0x7ff8e76a1b40>,71,24,[8 2],98,166,190,68,166
1,<environment.Job instance at 0x7ff8e76cd5a0>,1,1,[5 1],2,2,3,0,2
1,<environment.Job instance at 0x7ff931193500>,8,13,[4 7],11,12,25,1,12
1,<environment.Job instance at 0x7ff931193a00>,10,15,[8 1],14,25,40,11,15
1,<environment.Job instance at 0x7ff93120ddc0>,22,2,[8 5],31,40,42,9,33
1,<environment.Job instance at 0x7ff8e78724b0>,21,24,[9 4],29,42,66,13,42
1,<environment.Job instance at 0x7ff93120dc30>,30,3,[4 5],41,66,69,25,42
1,<environment.Job instance at 0x7ff931e0b5f0>,40,12,[9 1],58,71,83,13,71
1,<environment.Job instance at 0x7ff931e0b460>,42,27,[1 5],65,73,100,8,73
1,<environment.Job instance at 0x7ff931e0bb40>,43,2,[1 6],67,100,102,33,73
1,<environment.Job instance at 0x7ff9315eb550>,47,3,[2 6],71,102,105,31,99
1,<environment.Job instance at 0x7ff9315eb960>,48,18,[9 1],73,105,123,32,104
1,<environment.Job instance at 0x7ff9318bd410>,58,12,[1 5],87,119,131,32,119
1,<environment.Job instance at 0x7ff9318bdaf0>,61,22,[9 1],91,135,157,44,135
1,<environment.Job instance at 0x7ff931e0b550>,38,23,[9 5],56,165,188,109,165
1,<environment.Job instance at 0x7ff8e7767be0>,3,20,[7 4],4,4,24,0,4
1,<environment.Job instance at 0x7ff931511960>,8,17,[5 7],13,24,41,11,14
1,<environment.Job instance at 0x7ff9318dc640>,14,18,[8 3],19,41,59,22,32
1,<environment.Job instance at 0x7ff931350a50>,41,17,[1 8],59,105,122,46,105
1,<environment.Job instance at 0x7ff931350410>,47,15,[2 8],69,129,144,60,129
1,<environment.Job instance at 0x7ff9314c6730>,51,18,[5 2],74,131,149,57,131
1,<environment.Job instance at 0x7ff931302960>,0,15,[5 2],1,1,16,0,1
1,<environment.Job instance at 0x7ff8e74a6fa0>,6,19,[9 4],8,16,35,8,9
1,<environment.Job instance at 0x7ff8e74b1960>,18,14,[5 4],26,35,49,9,34
1,<environment.Job instance at 0x7ff8e74b1c80>,23,17,[1 9],32,49,66,17,46
1,<environment.Job instance at 0x7ff8e74c6be0>,38,17,[6 5],60,98,115,38,98
1,<environment.Job instance at 0x7ff8e74b17d0>,14,17,[2 5],18,99,116,81,99
1,<environment.Job instance at 0x7ff8e74d12d0>,44,2,[10  1],67,116,118,49,99
1,<environment.Job instance at 0x7ff8e74c6f50>,40,18,[5 7],62,118,136,56,107
1,<environment.Job instance at 0x7ff8e74d1730>,52,15,[3 9],80,136,151,56,129
1,<environment.Job instance at 0x7ff8e74cf4b0>,60,18,[8 4],96,152,170,56,152
1,<environment.Job instance at 0x7ff9312731e0>,1,13,[2 7],2,2,15,0,2
1,<environment.Job instance at 0x7ff93108b550>,4,16,[7 4],7,15,31,8,8
1,<environment.Job instance at 0x7ff8e7883460>,16,23,[6 3],24,31,54,7,28
1,<environment.Job instance at 0x7ff931334690>,22,2,[3 9],30,54,56,24,41
1,<environment.Job instance at 0x7ff93192d3c0>,23,2,[5 7],31,56,58,25,41
1,<environment.Job instance at 0x7ff931a975a0>,26,16,[6 2],37,58,74,21,46
1,<environment.Job instance at 0x7ff93116dc80>,31,17,[7 3],43,74,91,31,62
1,<environment.Job instance at 0x7ff8e73b94b0>,38,2,[6 5],56,91,93,35,84
1,<environment.Job instance at 0x7ff8e7551a50>,40,15,[8 1],61,93,108,32,85
1,<environment.Job instance at 0x7ff8e72a05f0>,43,17,[8 4],64,120,137,56,120
1,<environment.Job instance at 0x7ff8e72a0230>,44,14,[ 5 10],65,137,151,72,122
1,<environment.Job instance at 0x7ff931307820>,53,17,[3 5],82,151,168,69,141
1,<environment.Job instance at 0x7ff931307eb0>,61,13,[8 5],92,168,181,76,152
1,<environment.Job instance at 0x7ff931307910>,58,16,[7 3],89,181,197,92,168
1,<environment.Job instance at 0x7ff8e744f730>,2,18,[10  2],3,3,21,0,3
1,<environment.Job instance at 0x7ff8e798b1e0>,12,18,[2 5],15,21,39,6,15
1,<environment.Job instance at 0x7ff9317213c0>,15,2,[ 1 10],19,39,41,20,21
1,<environment.Job instance at 0x7ff931721780>,14,14,[7 5],18,21,35,3,21
1,<environment.Job instance at 0x7ff9317d4050>,16,17,[5 7],20,41,58,21,31
1,<environment.Job instance at 0x7ff8e78bdb90>,24,1,[9 5],35,58,59,23,38
1,<environment.Job instance at 0x7ff8e78bd2d0>,22,18,[6 2],32,59,77,27,48
1,<environment.Job instance at 0x7ff93149edc0>,29,2,[5 5],42,77,79,35,52
1,<environment.Job instance at 0x7ff9319720a0>,42,17,[5 7],64,89,106,25,89
1,<environment.Job instance at 0x7ff8e75415f0>,52,17,[9 2],77,106,123,29,99
1,<environment.Job instance at 0x7ff8e7421b90>,65,24,[5 6],91,135,159,44,135
1,<environment.Job instance at 0x7ff8e74b5140>,72,17,[9 1],102,159,176,57,155
1,<environment.Job instance at 0x7ff8e7682370>,82,13,[2 8],118,176,189,58,172
1,<environment.Job instance at 0x7ff931c64af0>,0,1,[6 5],9,9,10,0,9
1,<environment.Job instance at 0x7ff8e7682370>,1,18,[ 3 10],11,12,30,1,12
1,<environment.Job instance at 0x7ff9310d6eb0>,11,15,[1 7],23,30,45,7,23
1,<environment.Job instance at 0x7ff9310d6b40>,12,16,[5 7],24,45,61,21,32
1,<environment.Job instance at 0x7ff931222c80>,24,14,[1 6],43,61,75,18,46
1,<environment.Job instance at 0x7ff931222e60>,25,13,[6 3],44,61,74,17,46
1,<environment.Job instance at 0x7ff93120b410>,29,22,[5 2],49,74,96,25,67
1,<environment.Job instance at 0x7ff93120b5a0>,33,27,[3 6],54,78,105,24,78
1,<environment.Job instance at 0x7ff93120bdc0>,42,3,[5 2],68,96,99,28,81
1,<environment.Job instance at 0x7ff93121b550>,47,17,[4 6],74,105,122,31,103
1,<environment.Job instance at 0x7ff93121baf0>,51,14,[5 4],82,116,130,34,116
1,<environment.Job instance at 0x7ff93121ba00>,53,15,[ 1 10],84,130,145,46,116
1,<environment.Job instance at 0x7ff93121bfa0>,56,16,[10  2],89,145,161,56,140
1,<environment.Job instance at 0x7ff931229550>,64,16,[9 5],100,161,177,61,148
1,<environment.Job instance at 0x7ff931229c30>,71,13,[9 3],107,177,190,70,163
1,<environment.Job instance at 0x7ff931229f50>,77,3,[1 9],116,190,193,74,186
1,<environment.Job instance at 0x7ff9311ec5a0>,79,3,[10  5],118,193,196,75,186
1,<environment.Job instance at 0x7ff9311ec730>,83,2,[ 5 10],125,196,198,71,186
1,<environment.Job instance at 0x7ff9311ec7d0>,84,16,[5 5],126,198,214,72,186
1,<environment.Job instance at 0x7ff9311ec6e0>,81,1,[5 6],120,214,215,94,186
1,<environment.Job instance at 0x7ff9311eca00>,86,2,[5 9],128,215,217,87,188
1,<environment.Job instance at 0x7ff9311ecd70>,2,17,[1 7],5,5,22,0,5
1,<environment.Job instance at 0x7ff931507230>,3,16,[2 6],7,22,38,15,9
1,<environment.Job instance at 0x7ff931728230>,10,17,[6 2],15,15,32,0,15
1,<environment.Job instance at 0x7ff931728820>,12,14,[6 2],17,32,46,15,17
1,<environment.Job instance at 0x7ff931728aa0>,16,1,[7 4],21,46,47,25,24
1,<environment.Job instance at 0x7ff8e71b95a0>,21,3,[6 5],26,47,50,21,26
1,<environment.Job instance at 0x7ff8e71b9dc0>,22,1,[2 8],27,38,39,11,28
1,<environment.Job instance at 0x7ff8e71b9a00>,23,2,[6 3],28,50,52,22,29
1,<environment.Job instance at 0x7ff931a186e0>,35,18,[ 4 10],46,54,72,8,54
1,<environment.Job instance at 0x7ff8e790de60>,40,15,[1 6],63,84,99,21,84
1,<environment.Job instance at 0x7ff931553460>,45,18,[1 6],70,99,117,29,90
1,<environment.Job instance at 0x7ff93120ffa0>,57,2,[6 5],95,122,124,27,122
1,<environment.Job instance at 0x7ff93120f3c0>,58,18,[7 1],96,124,142,28,123
1,<environment.Job instance at 0x7ff8e75d10a0>,63,18,[4 8],104,152,170,48,152
1,<environment.Job instance at 0x7ff931545320>,0,17,[7 1],1,1,18,0,1
1,<environment.Job instance at 0x7ff931545af0>,4,13,[2 6],7,7,20,0,7
1,<environment.Job instance at 0x7ff931545230>,6,16,[3 9],9,20,36,11,9
1,<environment.Job instance at 0x7ff93184ad70>,20,18,[8 2],32,36,54,4,32
1,<environment.Job instance at 0x7ff931b86d70>,25,16,[3 9],39,54,70,15,41
1,<environment.Job instance at 0x7ff931eadb40>,37,18,[3 9],62,70,88,8,69
1,<environment.Job instance at 0x7ff931a6eb40>,45,16,[5 2],73,88,104,15,75
1,<environment.Job instance at 0x7ff931a6ec30>,48,21,[3 6],76,88,109,12,80
1,<environment.Job instance at 0x7ff8e7842780>,61,28,[7 2],96,121,149,25,121
1,<environment.Job instance at 0x7ff9312e4e10>,71,20,[10  2],107,155,175,48,155
1,<environment.Job instance at 0x7ff9312e4230>,78,26,[8 4],116,175,201,59,175
1,<environment.Job instance at 0x7ff8e763a960>,1,17,[ 1 10],3,3,20,0,3
1,<environment.Job instance at 0x7ff9312954b0>,18,12,[8 1],27,39,51,12,39
1,<environment.Job instance at 0x7ff931295230>,22,2,[5 5],34,51,53,17,41
1,<environment.Job instance at 0x7ff93129bdc0>,15,15,[8 2],23,53,68,30,41
1,<environment.Job instance at 0x7ff93129f0a0>,21,3,[ 3 10],31,68,71,37,42
1,<environment.Job instance at 0x7ff8e78ef370>,24,3,[1 6],36,45,48,9,45
1,<environment.Job instance at 0x7ff8e7914e10>,32,3,[3 9],46,71,74,25,58
1,<environment.Job instance at 0x7ff8e7914820>,33,13,[ 5 10],47,74,87,27,61
1,<environment.Job instance at 0x7ff93134c320>,37,12,[7 1],53,87,99,34,70
1,<environment.Job instance at 0x7ff8e7909dc0>,26,17,[9 2],39,99,116,60,99
1,<environment.Job instance at 0x7ff8e7897f00>,46,12,[7 4],65,116,128,51,102
1,<environment.Job instance at 0x7ff8e71d56e0>,45,21,[6 4],63,131,152,68,131
1,<environment.Job instance at 0x7ff8e71d0f50>,54,12,[10  1],74,152,164,78,146
1,<environment.Job instance at 0x7ff8e7883280>,52,27,[4 8],71,168,195,97,168
1,<environment.Job instance at 0x7ff8e7725be0>,71,13,[9 3],105,195,208,90,187
1,<environment.Job instance at 0x7ff931fb6140>,6,12,[2 7],13,13,25,0,13
1,<environment.Job instance at 0x7ff931739870>,9,14,[6 3],16,16,30,0,16
1,<environment.Job instance at 0x7ff931739be0>,10,18,[1 9],17,30,48,13,19
1,<environment.Job instance at 0x7ff8e736c910>,20,14,[5 9],29,48,62,19,33
1,<environment.Job instance at 0x7ff931967b40>,32,1,[6 2],45,62,63,17,50
1,<environment.Job instance at 0x7ff931967910>,33,14,[3 5],48,62,76,14,51
1,<environment.Job instance at 0x7ff8e74cf500>,37,23,[5 5],56,68,91,12,68
1,<environment.Job instance at 0x7ff8e74a6910>,44,16,[5 7],64,96,112,32,96
1,<environment.Job instance at 0x7ff8e7680140>,47,15,[1 9],67,112,127,45,100
1,<environment.Job instance at 0x7ff931770be0>,57,14,[5 1],82,135,149,53,135
1,<environment.Job instance at 0x7ff931770c30>,59,15,[2 8],85,137,152,52,137
1,<environment.Job instance at 0x7ff8e71b0e60>,64,3,[6 3],92,152,155,60,150
1,<environment.Job instance at 0x7ff931818190>,66,3,[2 6],94,152,155,58,151
1,<environment.Job instance at 0x7ff931818d20>,67,2,[7 4],96,155,157,59,151
1,<environment.Job instance at 0x7ff9318184b0>,65,18,[2 9],93,157,175,64,152
1,<environment.Job instance at 0x7ff8e71b0cd0>,2,13,[1 7],5,5,18,0,5
1,<environment.Job instance at 0x7ff8e7030cd0>,3,15,[6 1],6,6,21,0,6
1,<environment.Job instance at 0x7ff8e7030500>,9,21,[ 4 10],14,21,42,7,16
1,<environment.Job instance at 0x7ff8e6fc48c0>,17,15,[8 2],28,42,57,14,31
1,<environment.Job instance at 0x7ff8e6f66730>,30,1,[5 8],45,57,58,12,50
1,<environment.Job instance at 0x7ff8e6f66e60>,29,18,[10  1],44,58,76,14,51
1,<environment.Job instance at 0x7ff8e6f66460>,32,15,[9 3],47,76,91,29,64
1,<environment.Job instance at 0x7ff8e7638a00>,45,17,[6 1],68,91,108,23,90
1,<environment.Job instance at 0x7ff8e7638d20>,49,12,[9 4],72,108,120,36,97
1,<environment.Job instance at 0x7ff8e76594b0>,58,16,[7 2],90,120,136,30,118
1,<environment.Job instance at 0x7ff8e7659730>,62,23,[1 5],96,126,149,30,126
1,<environment.Job instance at 0x7ff8e76dd3c0>,71,16,[9 4],107,157,173,50,157
1,<environment.Job instance at 0x7ff8e76dd2d0>,74,14,[1 9],110,173,187,63,173
1,<environment.Job instance at 0x7ff8e76ddaa0>,76,17,[5 6],113,187,204,74,175
1,<environment.Job instance at 0x7ff9311cfaf0>,5,15,[5 2],7,7,22,0,7
1,<environment.Job instance at 0x7ff9311cffa0>,8,28,[4 7],15,15,43,0,15
1,<environment.Job instance at 0x7ff9311b7960>,14,17,[6 2],30,31,48,1,31
1,<environment.Job instance at 0x7ff9311b7460>,15,14,[2 6],32,43,57,11,34
1,<environment.Job instance at 0x7ff9311b7b40>,20,12,[8 2],41,48,60,7,42
1,<environment.Job instance at 0x7ff9311b5af0>,24,16,[5 2],45,60,76,15,49
1,<environment.Job instance at 0x7ff9311df8c0>,12,14,[8 4],27,76,90,49,75
1,<environment.Job instance at 0x7ff931149320>,35,17,[7 3],62,90,107,28,89
1,<environment.Job instance at 0x7ff9317d5550>,42,18,[3 8],74,110,128,36,110
1,<environment.Job instance at 0x7ff8e77dd1e0>,49,1,[1 8],82,128,129,46,118
1,<environment.Job instance at 0x7ff8e77ee140>,51,18,[4 6],84,129,147,45,127
1,<environment.Job instance at 0x7ff9313a9e10>,55,13,[5 6],93,147,160,54,131
1,<environment.Job instance at 0x7ff8e77dc5f0>,59,21,[4 8],98,160,181,62,153
1,<environment.Job instance at 0x7ff93137db90>,68,14,[7 5],107,181,195,74,169
1,<environment.Job instance at 0x7ff8e7211c80>,7,25,[10  2],15,20,45,5,20
1,<environment.Job instance at 0x7ff8e76863c0>,18,1,[1 5],36,45,46,9,36
1,<environment.Job instance at 0x7ff931584730>,20,3,[5 5],38,45,48,7,38
1,<environment.Job instance at 0x7ff8e77acd20>,15,23,[8 2],33,48,71,15,44
1,<environment.Job instance at 0x7ff8e78dffa0>,27,24,[8 4],47,71,95,24,67
1,<environment.Job instance at 0x7ff93143b370>,40,12,[7 4],66,95,107,29,87
1,<environment.Job instance at 0x7ff9317bb6e0>,50,15,[4 8],81,122,137,41,122
1,<environment.Job instance at 0x7ff8e740e190>,54,15,[9 5],86,137,152,51,126
1,<environment.Job instance at 0x7ff9317bb640>,52,17,[2 9],83,153,170,70,153
1,<environment.Job instance at 0x7ff8e78df0a0>,31,14,[5 5],52,170,184,118,162
1,<environment.Job instance at 0x7ff93255ee60>,61,18,[5 7],95,184,202,89,174
1,<environment.Job instance at 0x7ff93255e820>,64,15,[3 7],99,202,217,103,189
1,<environment.Job instance at 0x7ff8e78ab190>,12,27,[10  4],24,32,59,8,32
1,<environment.Job instance at 0x7ff93104af00>,32,17,[7 2],53,87,104,34,87
1,<environment.Job instance at 0x7ff932557e60>,39,25,[7 4],60,106,131,46,106
1,<environment.Job instance at 0x7ff8e7534aa0>,48,19,[9 2],73,131,150,58,123
1,<environment.Job instance at 0x7ff8e74be370>,56,17,[1 9],83,150,167,67,146
1,<environment.Job instance at 0x7ff8e74be500>,60,16,[8 3],89,167,183,78,161
1,<environment.Job instance at 0x7ff9319ed320>,66,16,[1 6],101,183,199,82,183
1,<environment.Job instance at 0x7ff8e7074550>,4,15,[1 8],7,9,24,2,9
1,<environment.Job instance at 0x7ff8e7074230>,8,17,[5 6],13,24,41,11,13
1,<environment.Job instance at 0x7ff8e70714b0>,21,3,[5 3],31,32,35,1,32
1,<environment.Job instance at 0x7ff8e7071190>,17,18,[3 7],26,41,59,15,38
1,<environment.Job instance at 0x7ff8e705da50>,27,17,[6 4],38,59,76,21,47
1,<environment.Job instance at 0x7ff8e705df00>,32,18,[9 1],47,76,94,29,71
1,<environment.Job instance at 0x7ff8e706b5f0>,44,3,[8 5],62,94,97,32,86
1,<environment.Job instance at 0x7ff8e706b910>,45,12,[10  1],63,97,109,34,87
1,<environment.Job instance at 0x7ff9313ba0a0>,52,14,[8 4],71,109,123,38,101
1,<environment.Job instance at 0x7ff8e709bd20>,63,1,[5 6],85,139,140,54,139
1,<environment.Job instance at 0x7ff8e70845f0>,64,1,[ 2 10],87,140,141,53,139
1,<environment.Job instance at 0x7ff8e7084b40>,68,15,[6 3],91,145,160,54,145
1,<environment.Job instance at 0x7ff8e7084d70>,66,15,[4 9],89,160,175,71,148
1,<environment.Job instance at 0x7ff8e708fdc0>,74,18,[7 3],99,175,193,76,164
