iteration,job object,job ID,job Length,job ressource requirement,job enter time,job start time,job finish time,job waiting time,current time
1,<environment.Job instance at 0x7f0ce9bc2730>,9,18,[3 9],15,27,45,12,27
1,<environment.Job instance at 0x7f0ce9bc2eb0>,16,28,[4 7],28,46,74,18,46
1,<environment.Job instance at 0x7f0ce9bc6e60>,28,2,[5 5],47,74,76,27,48
1,<environment.Job instance at 0x7f0ce9bc4230>,31,1,[5 8],54,76,77,22,54
1,<environment.Job instance at 0x7f0ce9bc4050>,32,14,[8 4],55,77,91,22,62
1,<environment.Job instance at 0x7f0ce9bc4640>,38,1,[2 6],62,77,78,15,71
1,<environment.Job instance at 0x7f0ce9bc6a50>,27,17,[1 6],44,78,95,34,71
1,<environment.Job instance at 0x7f0ce9bc4aa0>,41,13,[6 5],67,95,108,28,79
1,<environment.Job instance at 0x7f0ce9bca0f0>,45,17,[7 5],76,108,125,32,99
1,<environment.Job instance at 0x7f0ce9bcaa50>,55,23,[1 5],91,109,132,18,109
1,<environment.Job instance at 0x7f0ce9bca8c0>,54,13,[6 3],90,125,138,35,114
1,<environment.Job instance at 0x7f0ce9bce460>,65,2,[4 6],102,132,134,30,119
1,<environment.Job instance at 0x7f0ce9bce7d0>,66,12,[5 5],103,138,150,35,123
1,<environment.Job instance at 0x7f0ce9bce640>,68,14,[5 1],106,138,152,32,133
1,<environment.Job instance at 0x7f0ce9bc6c80>,0,15,[2 6],2,2,17,0,2
1,<environment.Job instance at 0x7f0ceae8e280>,3,12,[7 5],5,17,29,12,5
1,<environment.Job instance at 0x7f0ceae93d70>,14,18,[9 1],18,29,47,11,18
1,<environment.Job instance at 0x7f0ceae937d0>,15,14,[4 7],19,47,61,28,32
1,<environment.Job instance at 0x7f0ceae8e910>,13,1,[8 1],17,61,62,44,34
1,<environment.Job instance at 0x7f0cead49690>,22,2,[4 9],32,62,64,30,35
1,<environment.Job instance at 0x7f0ceae9d230>,27,3,[6 4],37,64,67,27,47
1,<environment.Job instance at 0x7f0ceae93cd0>,17,13,[5 7],24,67,80,43,60
1,<environment.Job instance at 0x7f0ceae9d9b0>,36,18,[6 5],46,80,98,34,71
1,<environment.Job instance at 0x7f0ceae8ffa0>,47,15,[1 5],63,82,97,19,82
1,<environment.Job instance at 0x7f0ceae8fa50>,49,1,[2 9],65,98,99,33,82
1,<environment.Job instance at 0x7f0ceae8f550>,50,14,[8 2],67,99,113,32,85
1,<environment.Job instance at 0x7f0ceae98780>,40,18,[1 6],52,99,117,47,97
1,<environment.Job instance at 0x7f0cead48910>,55,12,[1 7],74,117,129,43,100
1,<environment.Job instance at 0x7f0ceae98e10>,41,17,[8 2],53,113,130,60,103
1,<environment.Job instance at 0x7f0ceae969b0>,61,13,[10  5],82,130,143,48,114
1,<environment.Job instance at 0x7f0ceae9bb40>,0,18,[9 4],2,4,22,2,4
1,<environment.Job instance at 0x7f0cabfbcd20>,7,14,[10  1],13,22,36,9,13
1,<environment.Job instance at 0x7f0cabfbc410>,15,13,[5 2],24,36,49,12,26
1,<environment.Job instance at 0x7f0cabfbcf00>,20,17,[3 6],33,36,53,3,33
1,<environment.Job instance at 0x7f0cabf6d6e0>,23,13,[4 6],38,53,66,15,38
1,<environment.Job instance at 0x7f0cabf6d320>,29,2,[1 8],48,66,68,18,49
1,<environment.Job instance at 0x7f0cabf6d550>,30,28,[6 1],49,52,80,3,52
1,<environment.Job instance at 0x7f0cabf6d0f0>,34,13,[9 5],56,80,93,24,67
1,<environment.Job instance at 0x7f0cabfa0b90>,39,19,[4 9],63,93,112,30,83
1,<environment.Job instance at 0x7f0cabe82550>,1,17,[2 5],4,112,129,108,103
1,<environment.Job instance at 0x7f0cabfa0a00>,47,1,[4 5],72,114,115,42,114
1,<environment.Job instance at 0x7f0cabfa0050>,48,1,[2 9],73,129,130,56,114
1,<environment.Job instance at 0x7f0cabfa0870>,43,24,[10  5],68,130,154,62,125
1,<environment.Job instance at 0x7f0cac1baaf0>,5,17,[5 6],9,9,26,0,9
1,<environment.Job instance at 0x7f0cac321500>,7,13,[4 6],12,26,39,14,12
1,<environment.Job instance at 0x7f0cac3216e0>,12,1,[4 7],21,39,40,18,21
1,<environment.Job instance at 0x7f0cac321f00>,22,13,[5 6],36,40,53,4,36
1,<environment.Job instance at 0x7f0cac3210a0>,19,16,[10  4],32,53,69,21,43
1,<environment.Job instance at 0x7f0cac390910>,33,12,[1 7],52,69,81,17,52
1,<environment.Job instance at 0x7f0cabf8fe60>,39,15,[3 5],59,81,96,22,68
1,<environment.Job instance at 0x7f0cabf96960>,43,12,[9 2],67,96,108,29,86
1,<environment.Job instance at 0x7f0cabf96eb0>,46,16,[6 2],70,108,124,38,95
1,<environment.Job instance at 0x7f0cabf5e2d0>,51,13,[6 4],77,124,137,47,108
1,<environment.Job instance at 0x7f0cabf5e190>,53,3,[3 6],80,111,114,31,111
1,<environment.Job instance at 0x7f0cac27cdc0>,57,13,[7 1],85,137,150,52,132
1,<environment.Job instance at 0x7f0cac27cd70>,58,16,[3 6],86,132,148,46,132
1,<environment.Job instance at 0x7f0cac27c870>,59,16,[3 6],87,148,164,61,135
1,<environment.Job instance at 0x7f0cabf9dd70>,1,14,[2 9],2,2,16,0,2
1,<environment.Job instance at 0x7f0cabf8f280>,3,18,[2 6],4,16,34,12,5
1,<environment.Job instance at 0x7f0cabf8f410>,6,18,[5 1],7,22,40,15,22
1,<environment.Job instance at 0x7f0cac2a80a0>,19,13,[2 5],27,34,47,7,27
1,<environment.Job instance at 0x7f0cac1ba690>,10,18,[8 3],12,40,58,28,36
1,<environment.Job instance at 0x7f0cac2a8dc0>,32,13,[6 5],43,58,71,15,44
1,<environment.Job instance at 0x7f0cabdc2690>,40,12,[9 4],53,71,83,18,55
1,<environment.Job instance at 0x7f0cabdc2230>,41,17,[5 5],54,83,100,29,71
1,<environment.Job instance at 0x7f0cac2a8e60>,33,16,[4 5],44,83,99,39,76
1,<environment.Job instance at 0x7f0cac2a8780>,26,13,[ 2 10],36,100,113,64,88
1,<environment.Job instance at 0x7f0cabdc2f00>,53,18,[1 5],72,113,131,41,104
1,<environment.Job instance at 0x7f0cabdc5f00>,65,16,[5 5],89,115,131,26,115
1,<environment.Job instance at 0x7f0cabdc5140>,55,1,[8 1],76,131,132,55,116
1,<environment.Job instance at 0x7f0cabdc5e60>,66,15,[3 8],91,132,147,41,119
1,<environment.Job instance at 0x7f0cabdc62d0>,73,2,[10  5],102,147,149,45,128
1,<environment.Job instance at 0x7f0cabdc6730>,0,14,[6 4],1,1,15,0,1
1,<environment.Job instance at 0x7f0cac27ca00>,8,13,[3 6],10,12,25,2,12
1,<environment.Job instance at 0x7f0cac27c410>,7,15,[5 2],9,18,33,9,18
1,<environment.Job instance at 0x7f0cabf94140>,15,13,[10  5],17,33,46,16,23
1,<environment.Job instance at 0x7f0cac27ce10>,6,13,[10  5],8,46,59,38,31
1,<environment.Job instance at 0x7f0cea10d410>,23,14,[4 7],27,59,73,32,48
1,<environment.Job instance at 0x7f0cea10d6e0>,28,17,[4 5],33,73,90,40,69
1,<environment.Job instance at 0x7f0cac1baa00>,29,18,[ 1 10],34,90,108,56,83
1,<environment.Job instance at 0x7f0cac321af0>,36,14,[8 1],45,108,122,63,93
1,<environment.Job instance at 0x7f0cea10d4b0>,22,15,[9 5],26,124,139,98,124
1,<environment.Job instance at 0x7f0cac321050>,40,17,[5 8],49,139,156,90,131
1,<environment.Job instance at 0x7f0cac321eb0>,48,14,[8 5],64,156,170,92,143
1,<environment.Job instance at 0x7f0ceaa71be0>,0,2,[6 3],1,1,3,0,1
1,<environment.Job instance at 0x7f0ce9cc9c30>,3,14,[2 8],4,4,18,0,4
1,<environment.Job instance at 0x7f0ce9cc9a50>,11,17,[9 3],13,18,35,5,14
1,<environment.Job instance at 0x7f0ce9f86140>,19,1,[4 8],22,35,36,13,22
1,<environment.Job instance at 0x7f0ce9e60af0>,13,2,[8 3],15,36,38,21,24
1,<environment.Job instance at 0x7f0cac336500>,21,2,[7 2],24,38,40,14,24
1,<environment.Job instance at 0x7f0cac48a2d0>,22,18,[5 8],30,40,58,10,30
1,<environment.Job instance at 0x7f0cea7c21e0>,25,3,[3 7],33,58,61,25,40
1,<environment.Job instance at 0x7f0cac010410>,29,2,[7 3],40,58,60,18,41
1,<environment.Job instance at 0x7f0ce99fe320>,31,16,[8 3],47,61,77,14,48
1,<environment.Job instance at 0x7f0cea087a50>,39,12,[6 1],63,77,89,14,67
1,<environment.Job instance at 0x7f0cea37c5a0>,49,17,[3 6],76,77,94,1,76
1,<environment.Job instance at 0x7f0ce9dd81e0>,53,12,[5 5],84,94,106,10,84
1,<environment.Job instance at 0x7f0cac454c30>,14,15,[5 6],16,106,121,90,95
1,<environment.Job instance at 0x7f0cac1210f0>,59,17,[8 1],98,121,138,23,112
1,<environment.Job instance at 0x7f0ce9dd84b0>,56,15,[1 7],88,121,136,33,117
1,<environment.Job instance at 0x7f0ce9eb9320>,69,13,[6 4],110,138,151,28,122
1,<environment.Job instance at 0x7f0ce997a410>,0,16,[4 9],2,2,18,0,2
1,<environment.Job instance at 0x7f0cabea4a50>,27,14,[5 3],43,64,78,21,64
1,<environment.Job instance at 0x7f0cabea4730>,22,18,[10  1],38,78,96,40,69
1,<environment.Job instance at 0x7f0cabe89230>,40,15,[ 4 10],58,96,111,38,85
1,<environment.Job instance at 0x7f0cabea49b0>,32,19,[9 3],49,111,130,62,102
1,<environment.Job instance at 0x7f0cabe89be0>,52,18,[5 5],80,130,148,50,119
1,<environment.Job instance at 0x7f0cabe9e0f0>,53,17,[5 1],81,130,147,49,121
1,<environment.Job instance at 0x7f0cabe9e2d0>,55,2,[9 5],83,148,150,65,124
1,<environment.Job instance at 0x7f0cabe9ec80>,64,14,[ 3 10],98,150,164,52,136
1,<environment.Job instance at 0x7f0cabe9ef00>,1,18,[5 5],3,3,21,0,3
1,<environment.Job instance at 0x7f0cea69c2d0>,7,3,[5 9],13,21,24,8,13
1,<environment.Job instance at 0x7f0cea066730>,15,16,[3 5],26,28,44,2,28
1,<environment.Job instance at 0x7f0cea13f690>,21,13,[2 6],34,44,57,10,34
1,<environment.Job instance at 0x7f0ce9ce7e10>,23,12,[6 2],37,37,49,0,37
1,<environment.Job instance at 0x7f0cea066e60>,13,15,[5 1],24,49,64,25,40
1,<environment.Job instance at 0x7f0ce9a7b5f0>,31,15,[1 9],45,58,73,13,58
1,<environment.Job instance at 0x7f0cac1770f0>,33,12,[9 5],47,73,85,26,66
1,<environment.Job instance at 0x7f0ceaf6d2d0>,41,17,[2 9],58,85,102,27,75
1,<environment.Job instance at 0x7f0cea05e730>,51,15,[7 4],74,104,119,30,104
1,<environment.Job instance at 0x7f0cac356eb0>,58,17,[10  5],89,119,136,30,114
1,<environment.Job instance at 0x7f0cac356960>,60,14,[4 5],92,136,150,44,124
1,<environment.Job instance at 0x7f0cea34a320>,61,3,[2 5],93,136,139,43,126
1,<environment.Job instance at 0x7f0cea34a050>,63,2,[3 9],97,150,152,53,130
1,<environment.Job instance at 0x7f0cac040730>,0,16,[1 8],3,3,19,0,3
1,<environment.Job instance at 0x7f0cea6b4eb0>,4,26,[6 2],7,15,41,8,15
1,<environment.Job instance at 0x7f0cac20c3c0>,14,12,[2 5],23,25,37,2,25
1,<environment.Job instance at 0x7f0ce9fc0fa0>,17,12,[3 7],27,37,49,10,29
1,<environment.Job instance at 0x7f0cea1acaf0>,16,14,[1 6],25,49,63,24,34
1,<environment.Job instance at 0x7f0cac20c140>,15,16,[9 3],24,49,65,25,37
1,<environment.Job instance at 0x7f0cac23ed20>,29,19,[ 5 10],48,65,84,17,55
1,<environment.Job instance at 0x7f0ce99b9960>,26,14,[7 3],43,84,98,41,70
1,<environment.Job instance at 0x7f0ce9f2b0a0>,38,13,[6 3],60,98,111,38,83
1,<environment.Job instance at 0x7f0ce9f2b730>,39,13,[3 8],61,111,124,50,102
1,<environment.Job instance at 0x7f0ce9e876e0>,54,2,[10  3],82,124,126,42,111
1,<environment.Job instance at 0x7f0ce9d0a410>,55,1,[5 2],83,111,112,28,111
1,<environment.Job instance at 0x7f0cea34a640>,49,15,[9 3],77,126,141,49,114
1,<environment.Job instance at 0x7f0ce9c22e60>,61,18,[ 4 10],90,141,159,51,131
1,<environment.Job instance at 0x7f0ce9c22230>,63,2,[5 6],92,159,161,67,135
1,<environment.Job instance at 0x7f0cac47feb0>,0,18,[3 6],2,2,20,0,2
1,<environment.Job instance at 0x7f0cac0933c0>,6,2,[9 1],9,20,22,11,9
1,<environment.Job instance at 0x7f0ce9b332d0>,8,15,[9 3],11,22,37,11,11
1,<environment.Job instance at 0x7f0cac05a870>,15,14,[1 9],21,37,51,16,23
1,<environment.Job instance at 0x7f0cac05abe0>,21,12,[2 8],29,51,63,22,44
1,<environment.Job instance at 0x7f0cac05af50>,24,16,[7 4],35,63,79,28,58
1,<environment.Job instance at 0x7f0ce9cd37d0>,12,16,[6 3],17,79,95,62,67
1,<environment.Job instance at 0x7f0cac076e10>,39,13,[7 5],54,95,108,41,82
1,<environment.Job instance at 0x7f0cac044050>,44,15,[8 4],61,108,123,47,95
1,<environment.Job instance at 0x7f0cac044fa0>,58,14,[2 9],81,123,137,42,109
1,<environment.Job instance at 0x7f0cac04e3c0>,60,3,[1 9],84,137,140,53,120
1,<environment.Job instance at 0x7f0cac04e460>,61,17,[5 5],85,140,157,55,128
1,<environment.Job instance at 0x7f0cea34ad70>,0,14,[5 5],1,1,15,0,1
1,<environment.Job instance at 0x7f0cac093370>,11,13,[7 5],16,16,29,0,16
1,<environment.Job instance at 0x7f0cac093280>,13,14,[1 8],18,29,43,11,18
1,<environment.Job instance at 0x7f0cead4a370>,19,16,[3 9],26,43,59,17,30
1,<environment.Job instance at 0x7f0cea66bb90>,28,13,[8 5],38,59,72,21,43
1,<environment.Job instance at 0x7f0cea66b9b0>,31,1,[5 3],42,72,73,30,50
1,<environment.Job instance at 0x7f0cea66b280>,32,2,[ 4 10],43,73,75,30,50
1,<environment.Job instance at 0x7f0cabe8c5a0>,33,3,[1 8],44,75,78,31,50
1,<environment.Job instance at 0x7f0cea3c0c80>,38,13,[9 5],56,78,91,22,65
1,<environment.Job instance at 0x7f0cea4e2820>,46,14,[1 7],67,91,105,24,84
1,<environment.Job instance at 0x7f0cea4e25f0>,48,13,[10  4],69,105,118,36,96
1,<environment.Job instance at 0x7f0cea66b5f0>,27,13,[ 4 10],37,118,131,81,102
1,<environment.Job instance at 0x7f0cac1e56e0>,63,2,[1 5],88,131,133,43,119
1,<environment.Job instance at 0x7f0cac1e5af0>,64,16,[3 5],89,131,147,42,119
1,<environment.Job instance at 0x7f0cac2ea460>,0,16,[ 2 10],1,1,17,0,1
1,<environment.Job instance at 0x7f0cea21e2d0>,3,15,[3 9],6,17,32,11,7
1,<environment.Job instance at 0x7f0ce9ec0730>,19,17,[3 8],33,35,52,2,35
1,<environment.Job instance at 0x7f0ce9932aa0>,23,23,[7 5],38,67,90,29,67
1,<environment.Job instance at 0x7f0cea6f4d70>,29,14,[3 8],47,90,104,43,82
1,<environment.Job instance at 0x7f0cea6f40f0>,37,16,[8 5],57,104,120,47,93
1,<environment.Job instance at 0x7f0cea6f4be0>,41,12,[9 4],62,120,132,58,103
1,<environment.Job instance at 0x7f0cac229dc0>,49,14,[8 5],72,132,146,60,123
1,<environment.Job instance at 0x7f0cac2297d0>,51,18,[6 1],74,146,164,72,138
1,<environment.Job instance at 0x7f0ce9bba0a0>,2,14,[1 6],3,3,17,0,3
1,<environment.Job instance at 0x7f0cac27c190>,7,14,[2 6],13,17,31,4,13
1,<environment.Job instance at 0x7f0cac00b2d0>,11,3,[1 6],18,32,35,14,32
1,<environment.Job instance at 0x7f0cabe8f780>,23,3,[9 1],33,33,36,0,33
1,<environment.Job instance at 0x7f0cabe8d5a0>,24,13,[2 6],34,36,49,2,35
1,<environment.Job instance at 0x7f0cabeb19b0>,27,12,[4 7],43,49,61,6,43
1,<environment.Job instance at 0x7f0cabe8fa50>,33,14,[9 3],51,61,75,10,51
1,<environment.Job instance at 0x7f0cac486b90>,37,3,[5 7],56,75,78,19,57
1,<environment.Job instance at 0x7f0cac3fe7d0>,39,2,[1 6],58,61,63,3,61
1,<environment.Job instance at 0x7f0cea1dc640>,40,12,[10  3],59,78,90,19,63
1,<environment.Job instance at 0x7f0cabeb1460>,29,13,[4 6],45,90,103,45,75
1,<environment.Job instance at 0x7f0cabfb4280>,48,22,[10  3],73,103,125,30,96
1,<environment.Job instance at 0x7f0cac1bb2d0>,58,24,[10  2],84,125,149,41,120
1,<environment.Job instance at 0x7f0cac1bb870>,60,1,[2 6],86,149,150,63,132
1,<environment.Job instance at 0x7f0cac1bb6e0>,61,12,[1 5],87,150,162,63,133
1,<environment.Job instance at 0x7f0cac19ccd0>,66,3,[9 1],95,150,153,55,135
1,<environment.Job instance at 0x7f0cabeb1c30>,1,16,[7 1],2,2,18,0,2
1,<environment.Job instance at 0x7f0cac2c15f0>,6,13,[7 1],10,18,31,8,10
1,<environment.Job instance at 0x7f0cabd46690>,12,1,[6 3],17,31,32,14,17
1,<environment.Job instance at 0x7f0cea775c30>,3,13,[9 3],7,32,45,25,20
1,<environment.Job instance at 0x7f0cac3f5e60>,14,2,[6 4],19,45,47,26,20
1,<environment.Job instance at 0x7f0ce9bbaa50>,15,2,[5 3],22,47,49,25,22
1,<environment.Job instance at 0x7f0ce9c8baa0>,17,16,[5 2],24,47,63,23,38
1,<environment.Job instance at 0x7f0cac3d95f0>,24,19,[8 4],33,63,82,30,59
1,<environment.Job instance at 0x7f0cea6b6dc0>,34,12,[4 8],52,82,94,30,75
1,<environment.Job instance at 0x7f0cea6b62d0>,39,13,[1 5],60,94,107,34,78
1,<environment.Job instance at 0x7f0cea6b6780>,41,15,[3 8],62,107,122,45,94
1,<environment.Job instance at 0x7f0cea3aed70>,49,17,[10  4],75,122,139,47,119
1,<environment.Job instance at 0x7f0cea3ae870>,54,12,[7 5],80,139,151,59,135
1,<environment.Job instance at 0x7f0cea3ae640>,46,15,[3 9],70,151,166,81,147
1,<environment.Job instance at 0x7fdebfc3f0a0>,2,22,[4 8],3,4,26,1,4
1,<environment.Job instance at 0x7fdeb25c35a0>,7,1,[5 4],8,26,27,18,8
1,<environment.Job instance at 0x7fdeb25c3690>,8,13,[5 5],9,26,39,17,10
1,<environment.Job instance at 0x7fdeb25c3eb0>,19,14,[3 5],20,27,41,7,25
1,<environment.Job instance at 0x7fdeb25c39b0>,14,13,[7 3],15,39,52,24,25
1,<environment.Job instance at 0x7fdeb25c49b0>,27,15,[8 4],28,52,67,24,40
1,<environment.Job instance at 0x7fdeb25c4eb0>,34,24,[1 8],35,67,91,32,66
1,<environment.Job instance at 0x7fdeb25c7690>,43,18,[5 5],44,91,109,47,80
1,<environment.Job instance at 0x7fdeb25c4910>,25,12,[ 5 10],26,109,121,83,96
1,<environment.Job instance at 0x7fdeb25c7b90>,55,2,[ 3 10],56,121,123,65,109
1,<environment.Job instance at 0x7fdeb25ca190>,57,18,[2 8],58,123,141,65,112
1,<environment.Job instance at 0x7fdeb25c7fa0>,53,17,[5 7],54,141,158,87,129
1,<environment.Job instance at 0x7fdebfc68690>,1,17,[10  2],2,2,19,0,2
1,<environment.Job instance at 0x7fdebfdb0140>,6,14,[5 5],7,19,33,12,7
1,<environment.Job instance at 0x7fdebfdb05a0>,9,2,[9 4],10,33,35,23,10
1,<environment.Job instance at 0x7fdebfdb5230>,17,1,[2 8],18,35,36,17,18
1,<environment.Job instance at 0x7fdebfdb2e60>,19,2,[10  4],20,36,38,16,20
1,<environment.Job instance at 0x7fdebfdb21e0>,20,3,[5 6],21,38,41,17,21
1,<environment.Job instance at 0x7fdebfdb24b0>,23,2,[5 6],24,41,43,17,24
1,<environment.Job instance at 0x7fdebfdb5fa0>,16,3,[2 8],17,43,46,26,28
1,<environment.Job instance at 0x7fdebfdb2820>,24,16,[7 2],25,43,59,18,33
1,<environment.Job instance at 0x7fdebfdb5b90>,15,14,[10  2],16,59,73,43,49
1,<environment.Job instance at 0x7fdebfdbcd70>,30,18,[4 5],31,73,91,42,62
1,<environment.Job instance at 0x7fdebfdb4e60>,48,18,[6 3],49,73,91,24,67
1,<environment.Job instance at 0x7fdebfdaefa0>,56,16,[7 4],57,91,107,34,80
1,<environment.Job instance at 0x7fdebfdb4780>,50,24,[ 1 10],51,107,131,56,102
1,<environment.Job instance at 0x7fdebfdae730>,53,24,[7 4],54,131,155,77,128
1,<environment.Job instance at 0x7fdeb25d2b40>,0,14,[7 5],1,1,15,0,1
1,<environment.Job instance at 0x7fde7684e8c0>,8,14,[7 5],9,15,29,6,9
1,<environment.Job instance at 0x7fde7684e730>,16,12,[8 3],17,29,41,12,18
1,<environment.Job instance at 0x7fde7684e5f0>,21,17,[2 6],22,38,55,16,38
1,<environment.Job instance at 0x7fdeb25bb4b0>,30,18,[3 5],31,55,73,24,44
1,<environment.Job instance at 0x7fde768ba460>,38,14,[4 6],39,73,87,34,58
1,<environment.Job instance at 0x7fde768bab40>,40,13,[5 6],41,87,100,46,73
1,<environment.Job instance at 0x7fde768ba4b0>,41,12,[5 5],42,100,112,58,83
1,<environment.Job instance at 0x7fde769a3e60>,51,13,[4 5],52,100,113,48,85
1,<environment.Job instance at 0x7fde7684e3c0>,22,19,[8 2],23,113,132,90,103
1,<environment.Job instance at 0x7fde768fc320>,65,2,[5 5],66,132,134,66,127
1,<environment.Job instance at 0x7fde768fc0f0>,67,3,[3 5],68,132,135,64,130
1,<environment.Job instance at 0x7fde768fc410>,63,14,[2 7],64,135,149,71,130
1,<environment.Job instance at 0x7fdebfdbc2d0>,0,15,[1 6],1,1,16,0,1
1,<environment.Job instance at 0x7fde76956640>,1,14,[10  4],2,16,30,14,2
1,<environment.Job instance at 0x7fde7699e370>,11,28,[2 8],12,40,68,28,40
1,<environment.Job instance at 0x7fde76c70af0>,28,1,[6 3],29,68,69,39,47
1,<environment.Job instance at 0x7fde76c74690>,35,3,[8 5],36,69,72,33,67
1,<environment.Job instance at 0x7fde76c043c0>,39,3,[5 1],40,72,75,32,72
1,<environment.Job instance at 0x7fde76c04a50>,40,14,[6 4],41,75,89,34,72
1,<environment.Job instance at 0x7fde76c041e0>,43,3,[6 2],44,89,92,45,72
1,<environment.Job instance at 0x7fde76c04230>,44,15,[9 1],45,92,107,47,81
1,<environment.Job instance at 0x7fde76c70b40>,29,17,[1 5],30,84,101,54,84
1,<environment.Job instance at 0x7fde76996dc0>,48,17,[5 5],49,107,124,58,102
1,<environment.Job instance at 0x7fde76c07e60>,61,2,[5 1],62,107,109,45,102
1,<environment.Job instance at 0x7fde76c07fa0>,62,14,[6 5],63,124,138,61,110
1,<environment.Job instance at 0x7fde769a2af0>,66,21,[6 5],67,138,159,71,130
1,<environment.Job instance at 0x7fde769a2190>,68,1,[ 3 10],69,159,160,90,131
1,<environment.Job instance at 0x7fde769a2870>,1,18,[4 8],2,2,20,0,2
1,<environment.Job instance at 0x7fde76956190>,7,2,[6 4],8,20,22,12,8
1,<environment.Job instance at 0x7fdeb26c6410>,9,14,[9 5],10,22,36,12,11
1,<environment.Job instance at 0x7fde767c6910>,21,16,[ 4 10],22,36,52,14,25
1,<environment.Job instance at 0x7fde767c6d20>,25,16,[4 6],26,52,68,26,39
1,<environment.Job instance at 0x7fde767c6e60>,29,16,[2 8],30,68,84,38,55
1,<environment.Job instance at 0x7fde767c7280>,35,17,[7 4],36,84,101,48,73
1,<environment.Job instance at 0x7fde767c7820>,43,17,[10  5],44,101,118,57,89
1,<environment.Job instance at 0x7fde767c7a50>,47,16,[1 5],48,118,134,70,106
1,<environment.Job instance at 0x7fde767c7e10>,53,13,[6 5],54,118,131,64,110
1,<environment.Job instance at 0x7fde767cb3c0>,55,15,[9 1],56,131,146,75,120
1,<environment.Job instance at 0x7fde767cb780>,63,17,[6 4],64,146,163,82,136
1,<environment.Job instance at 0x7fde767cb870>,65,16,[1 6],66,138,154,72,138
1,<environment.Job instance at 0x7fde76956140>,3,3,[1 6],4,4,7,0,4
1,<environment.Job instance at 0x7fdeb2f9e960>,6,3,[6 2],7,7,10,0,7
1,<environment.Job instance at 0x7fdeb2f9e550>,8,19,[7 1],9,10,29,1,9
1,<environment.Job instance at 0x7fdeb32f47d0>,19,18,[1 5],20,20,38,0,20
1,<environment.Job instance at 0x7fdeb2f9e050>,14,12,[7 4],15,29,41,14,25
1,<environment.Job instance at 0x7fdeb1b812d0>,23,15,[4 8],24,41,56,17,33
1,<environment.Job instance at 0x7fdeb1c128c0>,29,13,[7 5],30,56,69,26,48
1,<environment.Job instance at 0x7fde76aa23c0>,36,2,[8 3],37,79,81,42,79
1,<environment.Job instance at 0x7fde76aa2be0>,37,3,[2 8],38,81,84,43,80
1,<environment.Job instance at 0x7fde76aa2e60>,39,15,[8 5],40,84,99,44,84
1,<environment.Job instance at 0x7fde76aa2410>,41,13,[9 4],42,99,112,57,84
1,<environment.Job instance at 0x7fde76aa24b0>,42,16,[1 7],43,112,128,69,99
1,<environment.Job instance at 0x7fdebfb7e2d0>,57,22,[6 1],58,112,134,54,110
1,<environment.Job instance at 0x7fdeb1b98af0>,59,14,[3 8],60,128,142,68,122
1,<environment.Job instance at 0x7fdeb1b98fa0>,65,17,[10  3],66,142,159,76,130
1,<environment.Job instance at 0x7fde76a090f0>,1,14,[1 5],2,2,16,0,2
1,<environment.Job instance at 0x7fdeb2676be0>,7,17,[5 5],8,8,25,0,8
1,<environment.Job instance at 0x7fdeb29add20>,12,17,[1 5],13,16,33,3,13
1,<environment.Job instance at 0x7fde76a7ea50>,20,18,[5 4],21,32,50,11,32
1,<environment.Job instance at 0x7fdeb26a94b0>,23,3,[1 6],24,45,48,21,45
1,<environment.Job instance at 0x7fdeb3279c80>,24,16,[8 1],25,50,66,25,47
1,<environment.Job instance at 0x7fde769d1aa0>,28,19,[2 7],29,50,69,21,50
1,<environment.Job instance at 0x7fde76dc7820>,30,12,[2 6],31,69,81,38,52
1,<environment.Job instance at 0x7fde76a7e2d0>,21,14,[8 4],22,69,83,47,63
1,<environment.Job instance at 0x7fdebf8474b0>,35,13,[5 5],36,83,96,47,67
1,<environment.Job instance at 0x7fde76e3abe0>,36,18,[1 5],37,81,99,44,71
1,<environment.Job instance at 0x7fdebfb39c30>,42,15,[2 5],43,96,111,53,82
1,<environment.Job instance at 0x7fdeb2ffa640>,6,18,[ 2 10],7,111,129,104,108
1,<environment.Job instance at 0x7fdeb298d6e0>,50,18,[4 5],51,129,147,78,122
1,<environment.Job instance at 0x7fdeb1c86c80>,55,14,[ 3 10],56,147,161,91,132
1,<environment.Job instance at 0x7fdeb2ae6870>,0,24,[10  5],1,1,25,0,1
1,<environment.Job instance at 0x7fde768b3780>,15,1,[5 2],16,25,26,9,16
1,<environment.Job instance at 0x7fde768b3870>,16,15,[4 7],17,25,40,8,21
1,<environment.Job instance at 0x7fdeb29ad370>,3,18,[6 3],4,26,44,22,26
1,<environment.Job instance at 0x7fde768b3c30>,21,3,[7 4],22,44,47,22,26
1,<environment.Job instance at 0x7fde768b3960>,20,3,[5 7],21,47,50,26,26
1,<environment.Job instance at 0x7fde768b3fa0>,23,2,[5 6],24,50,52,26,27
1,<environment.Job instance at 0x7fde7688e2d0>,28,1,[1 5],29,52,53,23,47
1,<environment.Job instance at 0x7fde7688e780>,30,17,[5 9],31,53,70,22,49
1,<environment.Job instance at 0x7fde7688ea00>,34,14,[9 5],35,70,84,35,56
1,<environment.Job instance at 0x7fde768b3dc0>,25,13,[3 7],26,84,97,58,74
1,<environment.Job instance at 0x7fde7688ec30>,40,13,[7 3],41,84,97,43,79
1,<environment.Job instance at 0x7fde7688eaf0>,38,15,[1 8],39,97,112,58,84
1,<environment.Job instance at 0x7fde7688e4b0>,46,18,[ 2 10],47,112,130,65,101
1,<environment.Job instance at 0x7fde76899a00>,55,13,[2 7],56,130,143,74,115
1,<environment.Job instance at 0x7fde76899230>,47,18,[5 9],48,143,161,95,134
1,<environment.Job instance at 0x7fde76c70a00>,1,1,[5 1],2,2,3,0,2
1,<environment.Job instance at 0x7fdeb32e0820>,2,2,[5 7],3,3,5,0,3
1,<environment.Job instance at 0x7fde76a06960>,3,1,[5 6],4,5,6,1,4
1,<environment.Job instance at 0x7fdeb2d81460>,5,14,[10  1],6,6,20,0,6
1,<environment.Job instance at 0x7fdeb2689410>,13,26,[2 9],14,20,46,6,17
1,<environment.Job instance at 0x7fdeb1d13690>,23,18,[1 8],24,46,64,22,35
1,<environment.Job instance at 0x7fdeb2b1adc0>,25,3,[5 5],26,64,67,38,47
1,<environment.Job instance at 0x7fdeb1d13280>,27,12,[2 5],28,64,76,36,47
1,<environment.Job instance at 0x7fde76c08eb0>,34,16,[5 3],35,67,83,32,59
1,<environment.Job instance at 0x7fde767e3870>,42,18,[7 3],43,83,101,40,72
1,<environment.Job instance at 0x7fdeb311db40>,35,13,[2 6],36,83,96,47,83
1,<environment.Job instance at 0x7fde767e3dc0>,44,2,[7 3],45,101,103,56,83
1,<environment.Job instance at 0x7fdeb26890a0>,11,16,[2 6],12,96,112,84,84
1,<environment.Job instance at 0x7fde76ed4230>,50,17,[8 3],51,103,120,52,92
1,<environment.Job instance at 0x7fde76d857d0>,56,15,[1 5],57,112,127,55,105
1,<environment.Job instance at 0x7fde76899230>,9,17,[8 4],10,120,137,110,108
1,<environment.Job instance at 0x7fdeb25b1190>,69,15,[8 4],70,137,152,67,123
1,<environment.Job instance at 0x7fdeb2ba04b0>,3,2,[9 4],4,4,6,0,4
1,<environment.Job instance at 0x7fdeb311daf0>,4,18,[3 8],5,6,24,1,6
1,<environment.Job instance at 0x7fdeb29eb820>,10,14,[5 5],11,24,38,13,11
1,<environment.Job instance at 0x7fdeb2a9b190>,16,12,[9 1],17,38,50,21,25
1,<environment.Job instance at 0x7fdeb29ebb40>,12,1,[5 8],13,50,51,37,26
1,<environment.Job instance at 0x7fdeb2a9b0f0>,21,1,[6 1],22,51,52,29,26
1,<environment.Job instance at 0x7fdeb29b3230>,22,2,[ 4 10],23,52,54,29,26
1,<environment.Job instance at 0x7fdeb2a9bb90>,23,2,[4 7],24,54,56,30,27
1,<environment.Job instance at 0x7fdeb2a9bf00>,19,1,[6 1],20,54,55,34,34
1,<environment.Job instance at 0x7fdeb311d190>,8,13,[5 9],9,56,69,47,41
1,<environment.Job instance at 0x7fdeb3060f00>,35,15,[9 5],36,69,84,33,65
1,<environment.Job instance at 0x7fdeb2a960f0>,28,25,[ 5 10],29,87,112,58,87
1,<environment.Job instance at 0x7fdeb304c8c0>,53,20,[5 2],54,112,132,58,104
1,<environment.Job instance at 0x7fde769a1b40>,59,14,[8 5],60,132,146,72,117
1,<environment.Job instance at 0x7fdeb2a96c80>,1,24,[2 6],2,2,26,0,2
1,<environment.Job instance at 0x7fdeb29a6dc0>,12,1,[2 8],13,26,27,13,14
1,<environment.Job instance at 0x7fdeb2f470a0>,17,2,[10  5],18,27,29,9,22
1,<environment.Job instance at 0x7fdeb1b81050>,3,13,[7 3],4,29,42,25,23
1,<environment.Job instance at 0x7fdeb2f47280>,18,3,[10  4],19,42,45,23,23
1,<environment.Job instance at 0x7fdeb2f473c0>,20,2,[1 8],21,45,47,24,24
1,<environment.Job instance at 0x7fdeb2f47050>,23,1,[ 4 10],24,47,48,23,31
1,<environment.Job instance at 0x7fdeb2f47320>,19,14,[5 9],20,48,62,28,37
1,<environment.Job instance at 0x7fdeb2f47af0>,29,12,[1 5],30,62,74,32,52
1,<environment.Job instance at 0x7fdeb2f47dc0>,33,17,[7 2],34,62,79,28,56
1,<environment.Job instance at 0x7fdeb3176960>,13,21,[5 4],14,79,100,65,71
1,<environment.Job instance at 0x7fdeb2f47e60>,36,23,[9 5],37,100,123,63,94
1,<environment.Job instance at 0x7fdeb2cae0f0>,41,3,[10  5],42,123,126,81,102
1,<environment.Job instance at 0x7fdeb2caeeb0>,54,2,[5 3],55,126,128,71,115
1,<environment.Job instance at 0x7fdeb2861af0>,3,3,[ 3 10],4,4,7,0,4
1,<environment.Job instance at 0x7fdeb2861c30>,6,2,[4 9],7,7,9,0,7
1,<environment.Job instance at 0x7fde76e650a0>,8,13,[5 4],9,9,22,0,9
1,<environment.Job instance at 0x7fde76ad2500>,10,1,[6 1],11,22,23,11,11
1,<environment.Job instance at 0x7fde76ad2190>,11,15,[5 1],12,23,38,11,17
1,<environment.Job instance at 0x7fde76ad2410>,13,1,[7 1],14,38,39,24,17
1,<environment.Job instance at 0x7fde76dc1f00>,23,14,[5 4],24,24,38,0,24
1,<environment.Job instance at 0x7fde76a04b40>,24,15,[7 5],25,39,54,14,26
1,<environment.Job instance at 0x7fde76a04fa0>,28,12,[3 7],29,54,66,25,37
1,<environment.Job instance at 0x7fde76a04e60>,32,16,[2 8],33,66,82,33,53
1,<environment.Job instance at 0x7fde76a04dc0>,41,12,[6 3],42,82,94,40,67
1,<environment.Job instance at 0x7fdeb2ba0050>,15,17,[4 6],16,82,99,66,74
1,<environment.Job instance at 0x7fdeb26f9050>,51,14,[ 5 10],52,99,113,47,92
1,<environment.Job instance at 0x7fdebf9b8280>,53,14,[5 7],54,113,127,59,99
1,<environment.Job instance at 0x7fdeb2bad8c0>,43,15,[9 4],44,127,142,83,117
1,<environment.Job instance at 0x7fdeb2a47a50>,63,1,[6 1],64,142,143,78,128
1,<environment.Job instance at 0x7fdeb2861230>,0,18,[3 7],1,1,19,0,1
1,<environment.Job instance at 0x7fdeb32aa730>,12,18,[1 5],13,19,37,6,17
1,<environment.Job instance at 0x7fdeb2c01230>,7,14,[4 9],8,37,51,29,23
1,<environment.Job instance at 0x7fdeb2a47c80>,3,13,[8 4],4,51,64,47,41
1,<environment.Job instance at 0x7fdeb2d21eb0>,21,3,[7 4],22,64,67,42,42
1,<environment.Job instance at 0x7fdeb2d21370>,27,15,[4 6],28,67,82,39,56
1,<environment.Job instance at 0x7fdeb2d21050>,29,18,[1 9],30,82,100,52,71
1,<environment.Job instance at 0x7fdeb3064cd0>,32,13,[5 1],33,71,84,38,71
1,<environment.Job instance at 0x7fdeb3064190>,41,12,[6 4],42,100,112,58,83
1,<environment.Job instance at 0x7fdeb277bdc0>,48,14,[7 1],49,112,126,63,100
1,<environment.Job instance at 0x7fdeb277b0a0>,49,18,[6 3],50,126,144,76,116
1,<environment.Job instance at 0x7fde7675d1e0>,57,13,[5 6],58,144,157,86,128
1,<environment.Job instance at 0x7fdeb2721d20>,1,2,[2 5],2,2,4,0,2
1,<environment.Job instance at 0x7fdeb1cd6550>,2,2,[3 9],3,4,6,1,3
1,<environment.Job instance at 0x7fde7675d140>,8,18,[5 5],9,9,27,0,9
1,<environment.Job instance at 0x7fde7675d0a0>,10,1,[6 3],11,27,28,16,16
1,<environment.Job instance at 0x7fde76d275a0>,14,2,[1 7],15,27,29,12,24
1,<environment.Job instance at 0x7fdeb311a8c0>,15,14,[5 5],16,29,43,13,24
1,<environment.Job instance at 0x7fdeb311abe0>,17,17,[2 5],18,29,46,11,29
1,<environment.Job instance at 0x7fdeb313a0f0>,21,16,[5 1],22,43,59,21,31
1,<environment.Job instance at 0x7fdeb31211e0>,24,1,[3 6],25,46,47,21,32
1,<environment.Job instance at 0x7fdeb31217d0>,27,14,[6 2],28,59,73,31,44
1,<environment.Job instance at 0x7fde76966c30>,33,28,[10  4],34,80,108,46,80
1,<environment.Job instance at 0x7fde76b53c80>,39,14,[ 1 10],40,108,122,68,96
1,<environment.Job instance at 0x7fde76b745a0>,46,18,[10  3],47,122,140,75,111
1,<environment.Job instance at 0x7fde76e7b050>,50,14,[5 6],51,140,154,89,125
1,<environment.Job instance at 0x7fdeb26268c0>,58,2,[1 9],59,154,156,95,136
1,<environment.Job instance at 0x7fdeb2ef6eb0>,60,13,[ 2 10],61,156,169,95,140
1,<environment.Job instance at 0x7fdeb1b43960>,3,1,[5 3],4,8,9,4,8
1,<environment.Job instance at 0x7fdeb2b7c780>,10,1,[ 5 10],11,13,14,2,13
1,<environment.Job instance at 0x7fdeb2ed09b0>,12,15,[6 1],13,14,29,1,13
1,<environment.Job instance at 0x7fdebfdba550>,13,13,[6 3],14,29,42,15,14
1,<environment.Job instance at 0x7fde76801050>,14,13,[2 9],15,16,29,1,16
1,<environment.Job instance at 0x7fdeb2f01af0>,4,2,[2 7],5,43,45,38,43
1,<environment.Job instance at 0x7fdeb31731e0>,21,17,[4 8],22,45,62,23,43
1,<environment.Job instance at 0x7fde7675deb0>,9,12,[7 5],10,62,74,52,45
1,<environment.Job instance at 0x7fde76f31c80>,26,13,[5 1],27,48,61,21,48
1,<environment.Job instance at 0x7fdeb1cd6eb0>,33,24,[10  4],34,74,98,40,69
1,<environment.Job instance at 0x7fdeb289aaa0>,43,14,[7 2],44,98,112,54,83
1,<environment.Job instance at 0x7fdeb2bad640>,47,14,[9 4],48,112,126,64,99
1,<environment.Job instance at 0x7fdeb2ec4be0>,55,25,[8 3],56,126,151,70,122
1,<environment.Job instance at 0x7f183d8f40a0>,2,22,[4 8],3,4,26,1,4
1,<environment.Job instance at 0x7f18364e65a0>,7,1,[5 4],8,26,27,18,8
1,<environment.Job instance at 0x7f18364e6690>,8,13,[5 5],9,26,39,17,10
1,<environment.Job instance at 0x7f18364e6eb0>,19,14,[3 5],20,27,41,7,25
1,<environment.Job instance at 0x7f18364e69b0>,14,13,[7 3],15,39,52,24,25
1,<environment.Job instance at 0x7f18364e79b0>,27,15,[8 4],28,52,67,24,40
1,<environment.Job instance at 0x7f18364e7eb0>,34,24,[1 8],35,67,91,32,66
1,<environment.Job instance at 0x7f18364ea690>,43,18,[5 5],44,91,109,47,80
1,<environment.Job instance at 0x7f18364e7910>,25,12,[ 5 10],26,109,121,83,96
1,<environment.Job instance at 0x7f18364eab90>,55,2,[ 3 10],56,121,123,65,109
1,<environment.Job instance at 0x7f18364ed190>,57,18,[2 8],58,123,141,65,112
1,<environment.Job instance at 0x7f18364eafa0>,53,17,[5 7],54,141,158,87,129
1,<environment.Job instance at 0x7f18364ed870>,1,17,[10  2],2,2,19,0,2
1,<environment.Job instance at 0x7f183da5f410>,6,14,[5 5],7,19,33,12,7
1,<environment.Job instance at 0x7f183d91cc80>,9,2,[9 4],10,33,35,23,10
1,<environment.Job instance at 0x7f183d91c1e0>,17,1,[2 8],18,35,36,17,18
1,<environment.Job instance at 0x7f183d91ca50>,19,2,[10  4],20,36,38,16,20
1,<environment.Job instance at 0x7f183d91c960>,20,3,[5 6],21,38,41,17,21
1,<environment.Job instance at 0x7f183da6a640>,23,2,[5 6],24,41,43,17,24
1,<environment.Job instance at 0x7f183d91c910>,16,3,[2 8],17,43,46,26,28
1,<environment.Job instance at 0x7f183da6a2d0>,24,16,[7 2],25,43,59,18,33
1,<environment.Job instance at 0x7f183d91cd20>,15,14,[10  2],16,59,73,43,49
1,<environment.Job instance at 0x7f183da6a6e0>,30,18,[4 5],31,73,91,42,62
1,<environment.Job instance at 0x7f183da6c690>,48,18,[6 3],49,73,91,24,67
1,<environment.Job instance at 0x7f183da63a00>,56,16,[7 4],57,91,107,34,80
1,<environment.Job instance at 0x7f183da67eb0>,50,24,[ 1 10],51,107,131,56,102
1,<environment.Job instance at 0x7f183da63e60>,53,24,[7 4],54,131,155,77,128
1,<environment.Job instance at 0x7f18364f52d0>,0,14,[7 5],1,1,15,0,1
1,<environment.Job instance at 0x7f17f28e9230>,8,14,[7 5],9,15,29,6,9
1,<environment.Job instance at 0x7f17f28e9f00>,16,12,[8 3],17,29,41,12,18
1,<environment.Job instance at 0x7f17f28e95a0>,21,17,[2 6],22,38,55,16,38
1,<environment.Job instance at 0x7f17f2897780>,30,18,[3 5],31,55,73,24,44
1,<environment.Job instance at 0x7f17f2897370>,38,14,[4 6],39,73,87,34,58
1,<environment.Job instance at 0x7f17f2897a50>,40,13,[5 6],41,87,100,46,73
1,<environment.Job instance at 0x7f17f2924c80>,41,12,[5 5],42,100,112,58,83
1,<environment.Job instance at 0x7f17f29245a0>,51,13,[4 5],52,100,113,48,85
1,<environment.Job instance at 0x7f17f28e9b40>,22,19,[8 2],23,113,132,90,103
1,<environment.Job instance at 0x7f17f28ceaa0>,65,2,[5 5],66,132,134,66,127
1,<environment.Job instance at 0x7f17f28ceeb0>,67,3,[3 5],68,132,135,64,130
1,<environment.Job instance at 0x7f17f28ce550>,63,14,[2 7],64,135,149,71,130
1,<environment.Job instance at 0x7f17f289d1e0>,0,15,[1 6],1,1,16,0,1
1,<environment.Job instance at 0x7f17f28ce5f0>,1,14,[10  4],2,16,30,14,2
1,<environment.Job instance at 0x7f17f2b31870>,11,28,[2 8],12,40,68,28,40
1,<environment.Job instance at 0x7f17f2b98eb0>,28,1,[6 3],29,68,69,39,47
1,<environment.Job instance at 0x7f17f2b98e10>,35,3,[8 5],36,69,72,33,67
1,<environment.Job instance at 0x7f17f2ac0500>,39,3,[5 1],40,72,75,32,72
1,<environment.Job instance at 0x7f17f2ac0e10>,40,14,[6 4],41,75,89,34,72
1,<environment.Job instance at 0x7f17f2ac05a0>,43,3,[6 2],44,89,92,45,72
1,<environment.Job instance at 0x7f17f2ac07d0>,44,15,[9 1],45,92,107,47,81
1,<environment.Job instance at 0x7f17f2b98c30>,29,17,[1 5],30,84,101,54,84
1,<environment.Job instance at 0x7f17f2ac0eb0>,48,17,[5 5],49,107,124,58,102
1,<environment.Job instance at 0x7f17f2922280>,61,2,[5 1],62,107,109,45,102
1,<environment.Job instance at 0x7f17f2922cd0>,62,14,[6 5],63,124,138,61,110
1,<environment.Job instance at 0x7f17f2922dc0>,66,21,[6 5],67,138,159,71,130
1,<environment.Job instance at 0x7f17f2922d20>,68,1,[ 3 10],69,159,160,90,131
1,<environment.Job instance at 0x7f17f29220a0>,1,18,[4 8],2,2,20,0,2
1,<environment.Job instance at 0x7f183677ebe0>,7,2,[6 4],8,20,22,12,8
1,<environment.Job instance at 0x7f18364cff00>,9,14,[9 5],10,22,36,12,11
1,<environment.Job instance at 0x7f17f26ef2d0>,21,16,[ 4 10],22,36,52,14,25
1,<environment.Job instance at 0x7f17f26ef730>,25,16,[4 6],26,52,68,26,39
1,<environment.Job instance at 0x7f17f26ef870>,29,16,[2 8],30,68,84,38,55
1,<environment.Job instance at 0x7f17f26efc30>,35,17,[7 4],36,84,101,48,73
1,<environment.Job instance at 0x7f17f26f1230>,43,17,[10  5],44,101,118,57,89
1,<environment.Job instance at 0x7f17f26f1460>,47,16,[1 5],48,118,134,70,106
1,<environment.Job instance at 0x7f17f26f1820>,53,13,[6 5],54,118,131,64,110
1,<environment.Job instance at 0x7f17f26f1c80>,55,15,[9 1],56,131,146,75,120
1,<environment.Job instance at 0x7f17f26f4190>,63,17,[6 4],64,146,163,82,136
1,<environment.Job instance at 0x7f17f26f4280>,65,16,[1 6],66,138,154,72,138
1,<environment.Job instance at 0x7f17f2886a50>,3,3,[1 6],4,4,7,0,4
1,<environment.Job instance at 0x7f17f2886eb0>,6,3,[6 2],7,7,10,0,7
1,<environment.Job instance at 0x7f17f28866e0>,8,19,[7 1],9,10,29,1,9
1,<environment.Job instance at 0x7f1836329c30>,19,18,[1 5],20,20,38,0,20
1,<environment.Job instance at 0x7f1836329500>,14,12,[7 4],15,29,41,14,25
1,<environment.Job instance at 0x7f1836329aa0>,23,15,[4 8],24,41,56,17,33
1,<environment.Job instance at 0x7f18369a4550>,29,13,[7 5],30,56,69,26,48
1,<environment.Job instance at 0x7f18369a4870>,36,2,[8 3],37,79,81,42,79
1,<environment.Job instance at 0x7f18369a4820>,37,3,[2 8],38,81,84,43,80
1,<environment.Job instance at 0x7f18369a44b0>,39,15,[8 5],40,84,99,44,84
1,<environment.Job instance at 0x7f17f2a76280>,41,13,[9 4],42,99,112,57,84
1,<environment.Job instance at 0x7f17f2a76cd0>,42,16,[1 7],43,112,128,69,99
1,<environment.Job instance at 0x7f183cce5b40>,57,22,[6 1],58,112,134,54,110
1,<environment.Job instance at 0x7f183cce56e0>,59,14,[3 8],60,128,142,68,122
1,<environment.Job instance at 0x7f183cce52d0>,65,17,[10  3],66,142,159,76,130
1,<environment.Job instance at 0x7f183661c190>,1,14,[1 5],2,2,16,0,2
1,<environment.Job instance at 0x7f183ce241e0>,7,17,[5 5],8,8,25,0,8
1,<environment.Job instance at 0x7f183ce24140>,12,17,[1 5],13,16,33,3,13
1,<environment.Job instance at 0x7f183cdf20f0>,20,18,[5 4],21,32,50,11,32
1,<environment.Job instance at 0x7f183cf94a50>,23,3,[1 6],24,45,48,21,45
1,<environment.Job instance at 0x7f183cda3a00>,24,16,[8 1],25,50,66,25,47
1,<environment.Job instance at 0x7f17f28189b0>,28,19,[2 7],29,50,69,21,50
1,<environment.Job instance at 0x7f17f2ae82d0>,30,12,[2 6],31,69,81,38,52
1,<environment.Job instance at 0x7f183ce7bd20>,21,14,[8 4],22,69,83,47,63
1,<environment.Job instance at 0x7f183d22a690>,35,13,[5 5],36,83,96,47,67
1,<environment.Job instance at 0x7f18367212d0>,36,18,[1 5],37,81,99,44,71
1,<environment.Job instance at 0x7f183d04c870>,42,15,[2 5],43,96,111,53,82
1,<environment.Job instance at 0x7f183d4c0320>,6,18,[ 2 10],7,111,129,104,108
1,<environment.Job instance at 0x7f183d02dc30>,50,18,[4 5],51,129,147,78,122
1,<environment.Job instance at 0x7f183d02d9b0>,55,14,[ 3 10],56,147,161,91,132
1,<environment.Job instance at 0x7f183d3460f0>,0,24,[10  5],1,1,25,0,1
1,<environment.Job instance at 0x7f17f284f780>,15,1,[5 2],16,25,26,9,16
1,<environment.Job instance at 0x7f17f284f870>,16,15,[4 7],17,25,40,8,21
1,<environment.Job instance at 0x7f18367f36e0>,3,18,[6 3],4,26,44,22,26
1,<environment.Job instance at 0x7f17f284fc30>,21,3,[7 4],22,44,47,22,26
1,<environment.Job instance at 0x7f17f284f960>,20,3,[5 7],21,47,50,26,26
1,<environment.Job instance at 0x7f17f284ffa0>,23,2,[5 6],24,50,52,26,27
1,<environment.Job instance at 0x7f17f28352d0>,28,1,[1 5],29,52,53,23,47
1,<environment.Job instance at 0x7f17f2835780>,30,17,[5 9],31,53,70,22,49
1,<environment.Job instance at 0x7f17f2835a00>,34,14,[9 5],35,70,84,35,56
1,<environment.Job instance at 0x7f17f284fdc0>,25,13,[3 7],26,84,97,58,74
1,<environment.Job instance at 0x7f17f2835c30>,40,13,[7 3],41,84,97,43,79
1,<environment.Job instance at 0x7f17f2835af0>,38,15,[1 8],39,97,112,58,84
1,<environment.Job instance at 0x7f17f28354b0>,46,18,[ 2 10],47,112,130,65,101
1,<environment.Job instance at 0x7f17f2847a00>,55,13,[2 7],56,130,143,74,115
1,<environment.Job instance at 0x7f17f2847230>,47,18,[5 9],48,143,161,95,134
1,<environment.Job instance at 0x7f17f2847370>,1,1,[5 1],2,2,3,0,2
1,<environment.Job instance at 0x7f1836520f00>,2,2,[5 7],3,3,5,0,3
1,<environment.Job instance at 0x7f17f2847230>,3,1,[5 6],4,5,6,1,4
1,<environment.Job instance at 0x7f183d91e640>,5,14,[10  1],6,6,20,0,6
1,<environment.Job instance at 0x7f1836906730>,13,26,[2 9],14,20,46,6,17
1,<environment.Job instance at 0x7f183ce74140>,23,18,[1 8],24,46,64,22,35
1,<environment.Job instance at 0x7f183ce74050>,25,3,[5 5],26,64,67,38,47
1,<environment.Job instance at 0x7f17f2b7dbe0>,27,12,[2 5],28,64,76,36,47
1,<environment.Job instance at 0x7f17f2a2ee60>,34,16,[5 3],35,67,83,32,59
1,<environment.Job instance at 0x7f183cf1e8c0>,42,18,[7 3],43,83,101,40,72
1,<environment.Job instance at 0x7f183cfa2050>,35,13,[2 6],36,83,96,47,83
1,<environment.Job instance at 0x7f183cec9410>,44,2,[7 3],45,101,103,56,83
1,<environment.Job instance at 0x7f1836906410>,11,16,[2 6],12,96,112,84,84
1,<environment.Job instance at 0x7f183cdc5230>,50,17,[8 3],51,103,120,52,92
1,<environment.Job instance at 0x7f183ccfacd0>,56,15,[1 5],57,112,127,55,105
1,<environment.Job instance at 0x7f17f2d2a190>,9,17,[8 4],10,120,137,110,108
1,<environment.Job instance at 0x7f17f2ba3eb0>,69,15,[8 4],70,137,152,67,123
1,<environment.Job instance at 0x7f183d91e5a0>,3,2,[9 4],4,4,6,0,4
1,<environment.Job instance at 0x7f183645a320>,4,18,[3 8],5,6,24,1,6
1,<environment.Job instance at 0x7f17f2918910>,10,14,[5 5],11,24,38,13,11
1,<environment.Job instance at 0x7f18366ff0a0>,16,12,[9 1],17,38,50,21,25
1,<environment.Job instance at 0x7f183cee0140>,12,1,[5 8],13,50,51,37,26
1,<environment.Job instance at 0x7f17f2d6b190>,21,1,[6 1],22,51,52,29,26
1,<environment.Job instance at 0x7f17f2915050>,22,2,[ 4 10],23,52,54,29,26
1,<environment.Job instance at 0x7f17f2d6b550>,23,2,[4 7],24,54,56,30,27
1,<environment.Job instance at 0x7f18365be960>,19,1,[6 1],20,54,55,34,34
1,<environment.Job instance at 0x7f17f2ae2500>,8,13,[5 9],9,56,69,47,41
1,<environment.Job instance at 0x7f183cda9e60>,35,15,[9 5],36,69,84,33,65
1,<environment.Job instance at 0x7f17f2b3db90>,28,25,[ 5 10],29,87,112,58,87
1,<environment.Job instance at 0x7f183695d870>,53,20,[5 2],54,112,132,58,104
1,<environment.Job instance at 0x7f183cf943c0>,59,14,[8 5],60,132,146,72,117
1,<environment.Job instance at 0x7f1836457f00>,1,24,[2 6],2,2,26,0,2
1,<environment.Job instance at 0x7f183cdbaeb0>,12,1,[2 8],13,26,27,13,14
1,<environment.Job instance at 0x7f17f66d7280>,17,2,[10  5],18,27,29,9,22
1,<environment.Job instance at 0x7f18365d1730>,3,13,[7 3],4,29,42,25,23
1,<environment.Job instance at 0x7f183688d140>,18,3,[10  4],19,42,45,23,23
1,<environment.Job instance at 0x7f17f2c92cd0>,20,2,[1 8],21,45,47,24,24
1,<environment.Job instance at 0x7f18368635f0>,23,1,[ 4 10],24,47,48,23,31
1,<environment.Job instance at 0x7f17f66d73c0>,19,14,[5 9],20,48,62,28,37
1,<environment.Job instance at 0x7f18368165a0>,29,12,[1 5],30,62,74,32,52
1,<environment.Job instance at 0x7f1836816730>,33,17,[7 2],34,62,79,28,56
1,<environment.Job instance at 0x7f183ce7b8c0>,13,21,[5 4],14,79,100,65,71
1,<environment.Job instance at 0x7f18368168c0>,36,23,[9 5],37,100,123,63,94
1,<environment.Job instance at 0x7f1836815c30>,41,3,[10  5],42,123,126,81,102
1,<environment.Job instance at 0x7f1836807280>,54,2,[5 3],55,126,128,71,115
1,<environment.Job instance at 0x7f17f2722cd0>,3,3,[ 3 10],4,4,7,0,4
1,<environment.Job instance at 0x7f17f2722d20>,6,2,[4 9],7,7,9,0,7
1,<environment.Job instance at 0x7f17f2722eb0>,8,13,[5 4],9,9,22,0,9
1,<environment.Job instance at 0x7f183cdba0a0>,10,1,[6 1],11,22,23,11,11
1,<environment.Job instance at 0x7f17f2702a00>,11,15,[5 1],12,23,38,11,17
1,<environment.Job instance at 0x7f17f2702dc0>,13,1,[7 1],14,38,39,24,17
1,<environment.Job instance at 0x7f17f26edb40>,23,14,[5 4],24,24,38,0,24
1,<environment.Job instance at 0x7f17f26ed780>,24,15,[7 5],25,39,54,14,26
1,<environment.Job instance at 0x7f17f26ed5f0>,28,12,[3 7],29,54,66,25,37
1,<environment.Job instance at 0x7f17f2d9e280>,32,16,[2 8],33,66,82,33,53
1,<environment.Job instance at 0x7f183cf576e0>,41,12,[6 3],42,82,94,40,67
1,<environment.Job instance at 0x7f17f27025f0>,15,17,[4 6],16,82,99,66,74
1,<environment.Job instance at 0x7f183cf575f0>,51,14,[ 5 10],52,99,113,47,92
1,<environment.Job instance at 0x7f183cf57aa0>,53,14,[5 7],54,113,127,59,99
1,<environment.Job instance at 0x7f183cf57870>,43,15,[9 4],44,127,142,83,117
1,<environment.Job instance at 0x7f17f27be960>,63,1,[6 1],64,142,143,78,128
1,<environment.Job instance at 0x7f17f2791910>,0,18,[3 7],1,1,19,0,1
1,<environment.Job instance at 0x7f17f27841e0>,12,18,[1 5],13,19,37,6,17
1,<environment.Job instance at 0x7f17f2a73be0>,7,14,[4 9],8,37,51,29,23
1,<environment.Job instance at 0x7f17f2dea370>,3,13,[8 4],4,51,64,47,41
1,<environment.Job instance at 0x7f18366f8d70>,21,3,[7 4],22,64,67,42,42
1,<environment.Job instance at 0x7f17f2d77410>,27,15,[4 6],28,67,82,39,56
1,<environment.Job instance at 0x7f17f2b24960>,29,18,[1 9],30,82,100,52,71
1,<environment.Job instance at 0x7f17f2d6ec30>,32,13,[5 1],33,71,84,38,71
1,<environment.Job instance at 0x7f183cfa0aa0>,41,12,[6 4],42,100,112,58,83
1,<environment.Job instance at 0x7f183cfa02d0>,48,14,[7 1],49,112,126,63,100
1,<environment.Job instance at 0x7f183cfa0410>,49,18,[6 3],50,126,144,76,116
1,<environment.Job instance at 0x7f1836655820>,57,13,[5 6],58,144,157,86,128
1,<environment.Job instance at 0x7f17f2825190>,1,2,[2 5],2,2,4,0,2
1,<environment.Job instance at 0x7f183d2c0870>,2,2,[3 9],3,4,6,1,3
1,<environment.Job instance at 0x7f17f2598230>,8,18,[5 5],9,9,27,0,9
1,<environment.Job instance at 0x7f18368a2e60>,10,1,[6 3],11,27,28,16,16
1,<environment.Job instance at 0x7f17f27e0280>,14,2,[1 7],15,27,29,12,24
1,<environment.Job instance at 0x7f17f66cabe0>,15,14,[5 5],16,29,43,13,24
1,<environment.Job instance at 0x7f17f27e0910>,17,17,[2 5],18,29,46,11,29
1,<environment.Job instance at 0x7f17f278be10>,21,16,[5 1],22,43,59,21,31
1,<environment.Job instance at 0x7f17f278b0a0>,24,1,[3 6],25,46,47,21,32
1,<environment.Job instance at 0x7f17f26effa0>,27,14,[6 2],28,59,73,31,44
1,<environment.Job instance at 0x7f18366f4b90>,33,28,[10  4],34,80,108,46,80
1,<environment.Job instance at 0x7f17f2b86a50>,39,14,[ 1 10],40,108,122,68,96
1,<environment.Job instance at 0x7f17f25ff5a0>,46,18,[10  3],47,122,140,75,111
1,<environment.Job instance at 0x7f17f25ff8c0>,50,14,[5 6],51,140,154,89,125
1,<environment.Job instance at 0x7f18368a9410>,58,2,[1 9],59,154,156,95,136
1,<environment.Job instance at 0x7f183ce26b40>,60,13,[ 2 10],61,156,169,95,140
1,<environment.Job instance at 0x7f18366f45a0>,3,1,[5 3],4,8,9,4,8
1,<environment.Job instance at 0x7f17f25f7640>,10,1,[ 5 10],11,13,14,2,13
1,<environment.Job instance at 0x7f17f25f4e10>,12,15,[6 1],13,14,29,1,13
1,<environment.Job instance at 0x7f17f2b56e10>,13,13,[6 3],14,29,42,15,14
1,<environment.Job instance at 0x7f17f25f4fa0>,14,13,[2 9],15,16,29,1,16
1,<environment.Job instance at 0x7f183662e690>,4,2,[2 7],5,43,45,38,43
1,<environment.Job instance at 0x7f17f283ef00>,21,17,[4 8],22,45,62,23,43
1,<environment.Job instance at 0x7f18367cbb40>,9,12,[7 5],10,62,74,52,45
1,<environment.Job instance at 0x7f18366645a0>,26,13,[5 1],27,48,61,21,48
1,<environment.Job instance at 0x7f17f2863eb0>,33,24,[10  4],34,74,98,40,69
1,<environment.Job instance at 0x7f1836719960>,43,14,[7 2],44,98,112,54,83
1,<environment.Job instance at 0x7f1836719af0>,47,14,[9 4],48,112,126,64,99
1,<environment.Job instance at 0x7f1836755f50>,55,25,[8 3],56,126,151,70,122
1,<environment.Job instance at 0x7f57f50080a0>,2,22,[4 8],3,4,26,1,4
1,<environment.Job instance at 0x7f57f3ea9640>,7,1,[5 4],8,26,27,18,8
1,<environment.Job instance at 0x7f57f3ea9730>,8,13,[5 5],9,26,39,17,10
1,<environment.Job instance at 0x7f57f3ea9e60>,19,14,[3 5],20,27,41,7,25
1,<environment.Job instance at 0x7f57f3ea9a50>,14,13,[7 3],15,39,52,24,25
1,<environment.Job instance at 0x7f57f3eaaa50>,27,15,[8 4],28,52,67,24,40
1,<environment.Job instance at 0x7f57f3eaaf50>,34,24,[1 8],35,67,91,32,66
1,<environment.Job instance at 0x7f57f3ead730>,43,18,[5 5],44,91,109,47,80
1,<environment.Job instance at 0x7f57f3eaa9b0>,25,12,[ 5 10],26,109,121,83,96
1,<environment.Job instance at 0x7f57f3eadf00>,55,2,[ 3 10],56,121,123,65,109
1,<environment.Job instance at 0x7f57f3eb0230>,57,18,[2 8],58,123,141,65,112
1,<environment.Job instance at 0x7f57f3eadc30>,53,17,[5 7],54,141,158,87,129
1,<environment.Job instance at 0x7f5fb44070a0>,2,22,[4 8],3,4,26,1,4
1,<environment.Job instance at 0x7f5fb32a8690>,7,1,[5 4],8,26,27,18,8
1,<environment.Job instance at 0x7f5fb32a8780>,8,13,[5 5],9,26,39,17,10
1,<environment.Job instance at 0x7f5fb32a8cd0>,19,14,[3 5],20,27,41,7,25
1,<environment.Job instance at 0x7f5fb32a8aa0>,14,13,[7 3],15,39,52,24,25
1,<environment.Job instance at 0x7f5fb32a9aa0>,27,15,[8 4],28,52,67,24,40
1,<environment.Job instance at 0x7f5fb32a9f50>,34,24,[1 8],35,67,91,32,66
1,<environment.Job instance at 0x7f5fb32ac780>,43,18,[5 5],44,91,109,47,80
1,<environment.Job instance at 0x7f5fb32a9a00>,25,12,[ 5 10],26,109,121,83,96
1,<environment.Job instance at 0x7f5fb32af230>,55,2,[ 3 10],56,121,123,65,109
1,<environment.Job instance at 0x7f5fb32af280>,57,18,[2 8],58,123,141,65,112
1,<environment.Job instance at 0x7f5fb32acf50>,53,17,[5 7],54,141,158,87,129
1,<environment.Job instance at 0x7f5fb32a8550>,1,17,[10  2],2,2,19,0,2
1,<environment.Job instance at 0x7f5fb32b7d20>,6,14,[5 5],7,19,33,12,7
1,<environment.Job instance at 0x7f5fb4578190>,9,2,[9 4],10,33,35,23,10
1,<environment.Job instance at 0x7f5fb4576820>,17,1,[2 8],18,35,36,17,18
1,<environment.Job instance at 0x7f5fb4576e10>,19,2,[10  4],20,36,38,16,20
1,<environment.Job instance at 0x7f5fb45768c0>,20,3,[5 6],21,38,41,17,21
1,<environment.Job instance at 0x7f5fb457d730>,23,2,[5 6],24,41,43,17,24
1,<environment.Job instance at 0x7f5fb4576910>,16,3,[2 8],17,43,46,26,28
1,<environment.Job instance at 0x7f5fb457d4b0>,24,16,[7 2],25,43,59,18,33
1,<environment.Job instance at 0x7f5fb45769b0>,15,14,[10  2],16,59,73,43,49
1,<environment.Job instance at 0x7f5fb457d320>,30,18,[4 5],31,73,91,42,62
1,<environment.Job instance at 0x7f5fb442fdc0>,48,18,[6 3],49,73,91,24,67
1,<environment.Job instance at 0x7f5fb442ee10>,56,16,[7 4],57,91,107,34,80
1,<environment.Job instance at 0x7f5fb442e3c0>,50,24,[ 1 10],51,107,131,56,102
1,<environment.Job instance at 0x7f5fb442e7d0>,53,24,[7 4],54,131,155,77,128
1,<environment.Job instance at 0x7f5f69386370>,0,14,[7 5],1,1,15,0,1
1,<environment.Job instance at 0x7f5f693441e0>,8,14,[7 5],9,15,29,6,9
1,<environment.Job instance at 0x7f5f693445f0>,16,12,[8 3],17,29,41,12,18
1,<environment.Job instance at 0x7f5f693a17d0>,21,17,[2 6],22,38,55,16,38
1,<environment.Job instance at 0x7f5f693a1af0>,30,18,[3 5],31,55,73,24,44
1,<environment.Job instance at 0x7f5f693e0730>,38,14,[4 6],39,73,87,34,58
1,<environment.Job instance at 0x7f5f693e02d0>,40,13,[5 6],41,87,100,46,73
1,<environment.Job instance at 0x7f5f693e0cd0>,41,12,[5 5],42,100,112,58,83
1,<environment.Job instance at 0x7f5f693e0410>,51,13,[4 5],52,100,113,48,85
1,<environment.Job instance at 0x7f5f693a1c30>,22,19,[8 2],23,113,132,90,103
1,<environment.Job instance at 0x7f5f69435d20>,65,2,[5 5],66,132,134,66,127
1,<environment.Job instance at 0x7f5f69435140>,67,3,[3 5],68,132,135,64,130
1,<environment.Job instance at 0x7f5f69435b90>,63,14,[2 7],64,135,149,71,130
1,<environment.Job instance at 0x7f5fb457d500>,0,15,[1 6],1,1,16,0,1
1,<environment.Job instance at 0x7f5fb4578c30>,1,14,[10  4],2,16,30,14,2
1,<environment.Job instance at 0x7f5f696435a0>,11,28,[2 8],12,40,68,28,40
1,<environment.Job instance at 0x7f5f69436640>,28,1,[6 3],29,68,69,39,47
1,<environment.Job instance at 0x7f5f69432af0>,35,3,[8 5],36,69,72,33,67
1,<environment.Job instance at 0x7f5f69432f50>,39,3,[5 1],40,72,75,32,72
1,<environment.Job instance at 0x7f5f69432d70>,40,14,[6 4],41,75,89,34,72
1,<environment.Job instance at 0x7f5f69432a50>,43,3,[6 2],44,89,92,45,72
1,<environment.Job instance at 0x7f5f69432960>,44,15,[9 1],45,92,107,47,81
1,<environment.Job instance at 0x7f5f69436f00>,29,17,[1 5],30,84,101,54,84
1,<environment.Job instance at 0x7f5f69406690>,48,17,[5 5],49,107,124,58,102
1,<environment.Job instance at 0x7f5f696aff50>,61,2,[5 1],62,107,109,45,102
1,<environment.Job instance at 0x7f5f696afc30>,62,14,[6 5],63,124,138,61,110
1,<environment.Job instance at 0x7f5f696af9b0>,66,21,[6 5],67,138,159,71,130
1,<environment.Job instance at 0x7f5f696af5a0>,68,1,[ 3 10],69,159,160,90,131
1,<environment.Job instance at 0x7f5f692f9c30>,1,18,[4 8],2,2,20,0,2
1,<environment.Job instance at 0x7f5f696af5a0>,7,2,[6 4],8,20,22,12,8
1,<environment.Job instance at 0x7f5fb3316730>,9,14,[9 5],10,22,36,12,11
1,<environment.Job instance at 0x7f5f69201a00>,21,16,[ 4 10],22,36,52,14,25
1,<environment.Job instance at 0x7f5f69201e10>,25,16,[4 6],26,52,68,26,39
1,<environment.Job instance at 0x7f5f69201f50>,29,16,[2 8],30,68,84,38,55
1,<environment.Job instance at 0x7f5f69202370>,35,17,[7 4],36,84,101,48,73
1,<environment.Job instance at 0x7f5f69202910>,43,17,[10  5],44,101,118,57,89
1,<environment.Job instance at 0x7f5f69202b40>,47,16,[1 5],48,118,134,70,106
1,<environment.Job instance at 0x7f5f69202fa0>,53,13,[6 5],54,118,131,64,110
1,<environment.Job instance at 0x7f5f692063c0>,55,15,[9 1],56,131,146,75,120
1,<environment.Job instance at 0x7f5f69206870>,63,17,[6 4],64,146,163,82,136
1,<environment.Job instance at 0x7f5f69206960>,65,16,[1 6],66,138,154,72,138
1,<environment.Job instance at 0x7f5f696a8b40>,3,3,[1 6],4,4,7,0,4
1,<environment.Job instance at 0x7f5fb3dd0500>,6,3,[6 2],7,7,10,0,7
1,<environment.Job instance at 0x7f5fb3dd0690>,8,19,[7 1],9,10,29,1,9
1,<environment.Job instance at 0x7f5f692f9a50>,19,18,[1 5],20,20,38,0,20
1,<environment.Job instance at 0x7f5fb3dd0cd0>,14,12,[7 4],15,29,41,14,25
1,<environment.Job instance at 0x7f5f692f9910>,23,15,[4 8],24,41,56,17,33
1,<environment.Job instance at 0x7f5f692f9190>,29,13,[7 5],30,56,69,26,48
1,<environment.Job instance at 0x7f5fb302e5a0>,36,2,[8 3],37,79,81,42,79
1,<environment.Job instance at 0x7f5fb302e6e0>,37,3,[2 8],38,81,84,43,80
1,<environment.Job instance at 0x7f5fb302e730>,39,15,[8 5],40,84,99,44,84
1,<environment.Job instance at 0x7f5fb302ef50>,41,13,[9 4],42,99,112,57,84
1,<environment.Job instance at 0x7f5fb302eeb0>,42,16,[1 7],43,112,128,69,99
1,<environment.Job instance at 0x7f5fb3e4ccd0>,57,22,[6 1],58,112,134,54,110
1,<environment.Job instance at 0x7f5fb3e4c7d0>,59,14,[3 8],60,128,142,68,122
1,<environment.Job instance at 0x7f5fb3e4c3c0>,65,17,[10  3],66,142,159,76,130
1,<environment.Job instance at 0x7f5f6d1c70f0>,1,14,[1 5],2,2,16,0,2
1,<environment.Job instance at 0x7f5fb38fa500>,7,17,[5 5],8,8,25,0,8
1,<environment.Job instance at 0x7f5fb3104fa0>,12,17,[1 5],13,16,33,3,13
1,<environment.Job instance at 0x7f5fb36870a0>,20,18,[5 4],21,32,50,11,32
1,<environment.Job instance at 0x7f5fb39e4af0>,23,3,[1 6],24,45,48,21,45
1,<environment.Job instance at 0x7f5fb36873c0>,24,16,[8 1],25,50,66,25,47
1,<environment.Job instance at 0x7f5fb34afb90>,28,19,[2 7],29,50,69,21,50
1,<environment.Job instance at 0x7f5fb355ccd0>,30,12,[2 6],31,69,81,38,52
1,<environment.Job instance at 0x7f5fb3687780>,21,14,[8 4],22,69,83,47,63
1,<environment.Job instance at 0x7f5f692f1870>,35,13,[5 5],36,83,96,47,67
1,<environment.Job instance at 0x7f5f693d6910>,36,18,[1 5],37,81,99,44,71
1,<environment.Job instance at 0x7f5fb3b568c0>,42,15,[2 5],43,96,111,53,82
1,<environment.Job instance at 0x7f5f6946e870>,6,18,[ 2 10],7,111,129,104,108
1,<environment.Job instance at 0x7f5f69935730>,50,18,[4 5],51,129,147,78,122
1,<environment.Job instance at 0x7f5fb3dd6eb0>,55,14,[ 3 10],56,147,161,91,132
1,<environment.Job instance at 0x7f5fb366d780>,0,24,[10  5],1,1,25,0,1
1,<environment.Job instance at 0x7f5f697bc870>,15,1,[5 2],16,25,26,9,16
1,<environment.Job instance at 0x7f5f697bc960>,16,15,[4 7],17,25,40,8,21
1,<environment.Job instance at 0x7f5fb3dd6e60>,3,18,[6 3],4,26,44,22,26
1,<environment.Job instance at 0x7f5f697bce10>,21,3,[7 4],22,44,47,22,26
1,<environment.Job instance at 0x7f5f697bca50>,20,3,[5 7],21,47,50,26,26
1,<environment.Job instance at 0x7f5f697bcdc0>,23,2,[5 6],24,50,52,26,27
1,<environment.Job instance at 0x7f5f6979d3c0>,28,1,[1 5],29,52,53,23,47
1,<environment.Job instance at 0x7f5f6979d870>,30,17,[5 9],31,53,70,22,49
1,<environment.Job instance at 0x7f5f6979daf0>,34,14,[9 5],35,70,84,35,56
1,<environment.Job instance at 0x7f5f6979d0f0>,25,13,[3 7],26,84,97,58,74
1,<environment.Job instance at 0x7f5f6979dd20>,40,13,[7 3],41,84,97,43,79
1,<environment.Job instance at 0x7f5f6979dbe0>,38,15,[1 8],39,97,112,58,84
1,<environment.Job instance at 0x7f5f697ac140>,46,18,[ 2 10],47,112,130,65,101
1,<environment.Job instance at 0x7f5f697acaf0>,55,13,[2 7],56,130,143,74,115
1,<environment.Job instance at 0x7f5f697ac320>,47,18,[5 9],48,143,161,95,134
1,<environment.Job instance at 0x7f5f697ac460>,1,1,[5 1],2,2,3,0,2
1,<environment.Job instance at 0x7f5f695f5eb0>,2,2,[5 7],3,3,5,0,3
1,<environment.Job instance at 0x7f5f693a9eb0>,3,1,[5 6],4,5,6,1,4
1,<environment.Job instance at 0x7f5fb3d2f780>,5,14,[10  1],6,6,20,0,6
1,<environment.Job instance at 0x7f5f694545f0>,13,26,[2 9],14,20,46,6,17
1,<environment.Job instance at 0x7f5fb3a128c0>,23,18,[1 8],24,46,64,22,35
1,<environment.Job instance at 0x7f5f692e2a00>,25,3,[5 5],26,64,67,38,47
1,<environment.Job instance at 0x7f5f692a22d0>,27,12,[2 5],28,64,76,36,47
1,<environment.Job instance at 0x7f5f6920e0a0>,34,16,[5 3],35,67,83,32,59
1,<environment.Job instance at 0x7f5fb31bbd70>,42,18,[7 3],43,83,101,40,72
1,<environment.Job instance at 0x7f5fb3640aa0>,35,13,[2 6],36,83,96,47,83
1,<environment.Job instance at 0x7f5f6922faf0>,44,2,[7 3],45,101,103,56,83
1,<environment.Job instance at 0x7f5fb331b640>,11,16,[2 6],12,96,112,84,84
1,<environment.Job instance at 0x7f5fb342e6e0>,50,17,[8 3],51,103,120,52,92
1,<environment.Job instance at 0x7f5f698483c0>,56,15,[1 5],57,112,127,55,105
1,<environment.Job instance at 0x7f5f693bb4b0>,9,17,[8 4],10,120,137,110,108
1,<environment.Job instance at 0x7f5fb356d7d0>,69,15,[8 4],70,137,152,67,123
1,<environment.Job instance at 0x7f5f698823c0>,3,2,[9 4],4,4,6,0,4
1,<environment.Job instance at 0x7f5fb3d75140>,4,18,[3 8],5,6,24,1,6
1,<environment.Job instance at 0x7f5f6d1e2730>,10,14,[5 5],11,24,38,13,11
1,<environment.Job instance at 0x7f5f6d1f75f0>,16,12,[9 1],17,38,50,21,25
1,<environment.Job instance at 0x7f5f6d1e20a0>,12,1,[5 8],13,50,51,37,26
1,<environment.Job instance at 0x7f5f6967ec80>,21,1,[6 1],22,51,52,29,26
1,<environment.Job instance at 0x7f5fb322d0a0>,22,2,[ 4 10],23,52,54,29,26
1,<environment.Job instance at 0x7f5f6967e500>,23,2,[4 7],24,54,56,30,27
1,<environment.Job instance at 0x7f5fb32178c0>,19,1,[6 1],20,54,55,34,34
1,<environment.Job instance at 0x7f5f6d1e23c0>,8,13,[5 9],9,56,69,47,41
1,<environment.Job instance at 0x7f5fb32b0b40>,35,15,[9 5],36,69,84,33,65
1,<environment.Job instance at 0x7f5f69962690>,28,25,[ 5 10],29,87,112,58,87
1,<environment.Job instance at 0x7f5fb3dc8a50>,53,20,[5 2],54,112,132,58,104
1,<environment.Job instance at 0x7f5fb31d15a0>,59,14,[8 5],60,132,146,72,117
1,<environment.Job instance at 0x7f5f6994e0a0>,1,24,[2 6],2,2,26,0,2
1,<environment.Job instance at 0x7f5fb3740b90>,12,1,[2 8],13,26,27,13,14
1,<environment.Job instance at 0x7f5fb3e02190>,17,2,[10  5],18,27,29,9,22
1,<environment.Job instance at 0x7f5fb3d52d20>,3,13,[7 3],4,29,42,25,23
1,<environment.Job instance at 0x7f5fb3e02370>,18,3,[10  4],19,42,45,23,23
1,<environment.Job instance at 0x7f5fb3e024b0>,20,2,[1 8],21,45,47,24,24
1,<environment.Job instance at 0x7f5fb3e021e0>,23,1,[ 4 10],24,47,48,23,31
1,<environment.Job instance at 0x7f5fb3e02410>,19,14,[5 9],20,48,62,28,37
1,<environment.Job instance at 0x7f5fb3e02be0>,29,12,[1 5],30,62,74,32,52
1,<environment.Job instance at 0x7f5fb3e02f50>,33,17,[7 2],34,62,79,28,56
1,<environment.Job instance at 0x7f5fb35652d0>,13,21,[5 4],14,79,100,65,71
1,<environment.Job instance at 0x7f5fb3e1f190>,36,23,[9 5],37,100,123,63,94
1,<environment.Job instance at 0x7f5fb3e1f2d0>,41,3,[10  5],42,123,126,81,102
1,<environment.Job instance at 0x7f5fb3e1fc30>,54,2,[5 3],55,126,128,71,115
1,<environment.Job instance at 0x7f5fb37546e0>,3,3,[ 3 10],4,4,7,0,4
1,<environment.Job instance at 0x7f5f69641af0>,6,2,[4 9],7,7,9,0,7
1,<environment.Job instance at 0x7f5f69641a00>,8,13,[5 4],9,9,22,0,9
1,<environment.Job instance at 0x7f5f69641460>,10,1,[6 1],11,22,23,11,11
1,<environment.Job instance at 0x7f5f696415f0>,11,15,[5 1],12,23,38,11,17
1,<environment.Job instance at 0x7f5f696411e0>,13,1,[7 1],14,38,39,24,17
1,<environment.Job instance at 0x7f5fb383b500>,23,14,[5 4],24,24,38,0,24
1,<environment.Job instance at 0x7f5fb3607f50>,24,15,[7 5],25,39,54,14,26
1,<environment.Job instance at 0x7f5fb3607a50>,28,12,[3 7],29,54,66,25,37
1,<environment.Job instance at 0x7f5fb3607190>,32,16,[2 8],33,66,82,33,53
1,<environment.Job instance at 0x7f5f69512e10>,41,12,[6 3],42,82,94,40,67
1,<environment.Job instance at 0x7f5f696415a0>,15,17,[4 6],16,82,99,66,74
1,<environment.Job instance at 0x7f5f69692190>,51,14,[ 5 10],52,99,113,47,92
1,<environment.Job instance at 0x7f5f69692410>,53,14,[5 7],54,113,127,59,99
1,<environment.Job instance at 0x7f5f69512b40>,43,15,[9 4],44,127,142,83,117
1,<environment.Job instance at 0x7f5fb3205d20>,63,1,[6 1],64,142,143,78,128
1,<environment.Job instance at 0x7f5fb3b3ea50>,0,18,[3 7],1,1,19,0,1
1,<environment.Job instance at 0x7f5fb3234550>,12,18,[1 5],13,19,37,6,17
1,<environment.Job instance at 0x7f5fb3740cd0>,7,14,[4 9],8,37,51,29,23
1,<environment.Job instance at 0x7f5f69641500>,3,13,[8 4],4,51,64,47,41
1,<environment.Job instance at 0x7f5f693d6d20>,21,3,[7 4],22,64,67,42,42
1,<environment.Job instance at 0x7f5f6929f500>,27,15,[4 6],28,67,82,39,56
1,<environment.Job instance at 0x7f5f6929f0a0>,29,18,[1 9],30,82,100,52,71
1,<environment.Job instance at 0x7f5f6929f780>,32,13,[5 1],33,71,84,38,71
1,<environment.Job instance at 0x7f5fb3393cd0>,41,12,[6 4],42,100,112,58,83
1,<environment.Job instance at 0x7f5fb3393690>,48,14,[7 1],49,112,126,63,100
1,<environment.Job instance at 0x7f5fb31d6370>,49,18,[6 3],50,126,144,76,116
1,<environment.Job instance at 0x7f5fb31d65a0>,57,13,[5 6],58,144,157,86,128
1,<environment.Job instance at 0x7f5fb3f774b0>,1,2,[2 5],2,2,4,0,2
1,<environment.Job instance at 0x7f5fb33bbaf0>,2,2,[3 9],3,4,6,1,3
1,<environment.Job instance at 0x7f5fb3575e10>,8,18,[5 5],9,9,27,0,9
1,<environment.Job instance at 0x7f5fb383bb90>,10,1,[6 3],11,27,28,16,16
1,<environment.Job instance at 0x7f5fb30aabe0>,14,2,[1 7],15,27,29,12,24
1,<environment.Job instance at 0x7f5f696e3640>,15,14,[5 5],16,29,43,13,24
1,<environment.Job instance at 0x7f5f696e3f00>,17,17,[2 5],18,29,46,11,29
1,<environment.Job instance at 0x7f5f696e36e0>,21,16,[5 1],22,43,59,21,31
1,<environment.Job instance at 0x7f5f696f5820>,24,1,[3 6],25,46,47,21,32
1,<environment.Job instance at 0x7f5f696f56e0>,27,14,[6 2],28,59,73,31,44
1,<environment.Job instance at 0x7f5f696f5050>,33,28,[10  4],34,80,108,46,80
1,<environment.Job instance at 0x7f5fb3908410>,39,14,[ 1 10],40,108,122,68,96
1,<environment.Job instance at 0x7f5fb38f8500>,46,18,[10  3],47,122,140,75,111
1,<environment.Job instance at 0x7f5fb365a0f0>,50,14,[5 6],51,140,154,89,125
1,<environment.Job instance at 0x7f5f6937b140>,58,2,[1 9],59,154,156,95,136
1,<environment.Job instance at 0x7f5fb390a280>,60,13,[ 2 10],61,156,169,95,140
1,<environment.Job instance at 0x7f5fb390ab90>,3,1,[5 3],4,8,9,4,8
1,<environment.Job instance at 0x7f5fb30be870>,10,1,[ 5 10],11,13,14,2,13
1,<environment.Job instance at 0x7f5f692c2910>,12,15,[6 1],13,14,29,1,13
1,<environment.Job instance at 0x7f5f697fbfa0>,13,13,[6 3],14,29,42,15,14
1,<environment.Job instance at 0x7f5fb34be870>,14,13,[2 9],15,16,29,1,16
1,<environment.Job instance at 0x7f5fb390a050>,4,2,[2 7],5,43,45,38,43
1,<environment.Job instance at 0x7f5fb34bee10>,21,17,[4 8],22,45,62,23,43
1,<environment.Job instance at 0x7f5fb3f99d20>,9,12,[7 5],10,62,74,52,45
1,<environment.Job instance at 0x7f5fb3740910>,26,13,[5 1],27,48,61,21,48
1,<environment.Job instance at 0x7f5fb3aa4b40>,33,24,[10  4],34,74,98,40,69
1,<environment.Job instance at 0x7f5f694ecd20>,43,14,[7 2],44,98,112,54,83
1,<environment.Job instance at 0x7f5f694ec960>,47,14,[9 4],48,112,126,64,99
1,<environment.Job instance at 0x7f5f69698370>,55,25,[8 3],56,126,151,70,122
1,<environment.Job instance at 0x7f786398c5a0>,2,22,[4 8],3,3,25,0,3
1,<environment.Job instance at 0x7f7862834d20>,8,13,[5 5],9,25,38,16,9
1,<environment.Job instance at 0x7f7862837690>,17,3,[4 9],18,38,41,20,27
1,<environment.Job instance at 0x7f78628377d0>,19,14,[3 5],20,41,55,21,27
1,<environment.Job instance at 0x7f78628374b0>,14,13,[7 3],15,41,54,26,38
1,<environment.Job instance at 0x7f7863b0ef00>,5,2,[ 3 10],6,6,8,0,6
1,<environment.Job instance at 0x7f7863b0efa0>,6,17,[8 5],7,8,25,1,7
1,<environment.Job instance at 0x7f7863b099b0>,11,2,[4 5],12,25,27,13,12
1,<environment.Job instance at 0x7f7863b061e0>,13,3,[5 9],14,27,30,13,15
1,<environment.Job instance at 0x7f7863b09050>,12,22,[6 4],13,30,52,17,23
1,<environment.Job instance at 0x7f7863b093c0>,9,17,[1 6],10,38,55,28,38
1,<environment.Job instance at 0x7f7863b071e0>,24,14,[5 1],25,52,66,27,38
1,<environment.Job instance at 0x7f78188b39b0>,0,18,[2 7],1,1,19,0,1
1,<environment.Job instance at 0x7f78188b3820>,3,16,[1 6],4,19,35,15,6
1,<environment.Job instance at 0x7f7818870050>,14,14,[2 5],15,35,49,20,22
1,<environment.Job instance at 0x7f781887f9b0>,15,16,[7 5],16,35,51,19,28
1,<environment.Job instance at 0x7f78188b37d0>,4,15,[1 9],5,51,66,46,37
1,<environment.Job instance at 0x7f78189a42d0>,0,2,[3 8],1,1,3,0,1
1,<environment.Job instance at 0x7f78189a41e0>,2,14,[1 8],3,3,17,0,3
1,<environment.Job instance at 0x7f7818e53500>,27,21,[ 3 10],28,31,52,3,31
1,<environment.Job instance at 0x7f7863b06140>,31,13,[8 5],32,52,65,20,37
1,<environment.Job instance at 0x7f781897f4b0>,0,13,[10  5],1,1,14,0,1
1,<environment.Job instance at 0x7f781897fc80>,3,14,[7 5],4,21,35,17,21
1,<environment.Job instance at 0x7f7818f2c780>,25,1,[3 8],26,35,36,9,26
1,<environment.Job instance at 0x7f7818f2cc80>,26,14,[10  1],27,36,50,9,27
1,<environment.Job instance at 0x7f7818f2ce60>,29,13,[6 3],30,50,63,20,36
1,<environment.Job instance at 0x7f7818f3f690>,36,19,[2 7],37,50,69,13,42
1,<environment.Job instance at 0x7f78629cadc0>,2,26,[8 4],3,23,49,20,23
1,<environment.Job instance at 0x7f7863511e10>,14,12,[7 2],15,49,61,34,35
1,<environment.Job instance at 0x7f7863511cd0>,20,17,[2 6],21,42,59,21,42
1,<environment.Job instance at 0x7f7818901e60>,5,13,[6 4],6,6,19,0,6
1,<environment.Job instance at 0x7f78628cc500>,8,17,[3 6],9,9,26,0,9
1,<environment.Job instance at 0x7f78628cc550>,11,14,[8 2],12,26,40,14,12
1,<environment.Job instance at 0x7f7862b6fdc0>,20,12,[9 2],21,40,52,19,25
1,<environment.Job instance at 0x7f7862956fa0>,29,15,[ 3 10],30,52,67,22,40
1,<environment.Job instance at 0x7f7862da4690>,0,14,[8 3],1,1,15,0,1
1,<environment.Job instance at 0x7f7818a5a550>,14,15,[4 6],15,15,30,0,15
1,<environment.Job instance at 0x7f78626357d0>,18,18,[1 5],19,30,48,11,28
1,<environment.Job instance at 0x7f786263a780>,30,14,[7 5],31,33,47,2,33
1,<environment.Job instance at 0x7f78627f1280>,35,16,[10  4],36,48,64,12,44
1,<environment.Job instance at 0x7f78626535f0>,1,17,[2 6],2,2,19,0,2
1,<environment.Job instance at 0x7f7863881a50>,18,14,[4 6],19,35,49,16,35
1,<environment.Job instance at 0x7f781895b730>,23,13,[4 9],24,49,62,25,38
1,<environment.Job instance at 0x7f781895b050>,31,13,[4 5],32,62,75,30,46
1,<environment.Job instance at 0x7f78638814b0>,21,12,[5 5],22,62,74,40,47
1,<environment.Job instance at 0x7f7862abef00>,0,1,[5 1],1,1,2,0,1
1,<environment.Job instance at 0x7f7862abeaa0>,3,3,[8 4],4,4,7,0,4
1,<environment.Job instance at 0x7f7862fc6c80>,10,12,[8 5],11,17,29,6,17
1,<environment.Job instance at 0x7f7862fc6af0>,12,18,[6 3],13,29,47,16,22
1,<environment.Job instance at 0x7f7818ce9cd0>,6,18,[4 6],7,29,47,22,25
1,<environment.Job instance at 0x7f786260ea50>,19,27,[9 3],20,47,74,27,47
1,<environment.Job instance at 0x7f78632d94b0>,1,13,[5 3],2,2,15,0,2
1,<environment.Job instance at 0x7f7818c90eb0>,9,19,[9 1],10,15,34,5,10
1,<environment.Job instance at 0x7f781865d190>,13,27,[1 8],14,15,42,1,14
1,<environment.Job instance at 0x7f7863028820>,24,17,[3 9],25,42,59,17,30
1,<environment.Job instance at 0x7f7862a70f50>,20,3,[1 7],21,59,62,38,34
1,<environment.Job instance at 0x7f78186fd910>,0,1,[6 3],1,1,2,0,1
1,<environment.Job instance at 0x7f7862ab1b90>,3,2,[5 6],4,4,6,0,4
1,<environment.Job instance at 0x7f7818e15140>,2,18,[5 1],3,5,23,2,5
1,<environment.Job instance at 0x7f7862ab1b40>,5,3,[6 5],6,23,26,17,6
1,<environment.Job instance at 0x7f78187e4910>,19,14,[10  1],20,26,40,6,26
1,<environment.Job instance at 0x7f78187e4b90>,20,15,[1 6],21,40,55,19,26
1,<environment.Job instance at 0x7f78187e4be0>,22,18,[5 5],23,55,73,32,44
1,<environment.Job instance at 0x7f78187e4960>,1,13,[1 7],2,2,15,0,2
1,<environment.Job instance at 0x7f78634bcbe0>,18,17,[5 5],19,22,39,3,22
1,<environment.Job instance at 0x7f78634bc910>,19,14,[3 7],20,39,53,19,24
1,<environment.Job instance at 0x7f78627dfd70>,29,1,[ 2 10],30,53,54,23,31
1,<environment.Job instance at 0x7f78626e00f0>,31,2,[5 1],32,34,36,2,34
1,<environment.Job instance at 0x7f78626e0a50>,33,1,[7 2],34,45,46,11,45
1,<environment.Job instance at 0x7f78626e0d70>,34,15,[10  3],35,54,69,19,45
1,<environment.Job instance at 0x7f78187f0d70>,3,12,[4 6],4,4,16,0,4
1,<environment.Job instance at 0x7f78187f0af0>,5,13,[2 6],6,16,29,10,6
1,<environment.Job instance at 0x7f78628f3aa0>,4,18,[4 7],5,5,23,0,5
1,<environment.Job instance at 0x7f78628f9320>,12,17,[1 6],13,23,40,10,19
1,<environment.Job instance at 0x7f78628f9a00>,19,18,[9 5],20,40,58,20,29
1,<environment.Job instance at 0x7f7862660140>,0,15,[ 4 10],1,1,16,0,1
1,<environment.Job instance at 0x7f78638d47d0>,11,18,[4 8],12,16,34,4,12
1,<environment.Job instance at 0x7f78638d4d20>,15,13,[1 5],16,34,47,18,18
1,<environment.Job instance at 0x7f78638d42d0>,19,14,[9 5],20,34,48,14,23
1,<environment.Job instance at 0x7f7862966c30>,22,18,[9 4],23,48,66,25,40
1,<environment.Job instance at 0x7f78638d4500>,17,2,[6 4],18,66,68,48,49
1,<environment.Job instance at 0x7f7863b09dc0>,0,2,[2 7],1,1,3,0,1
1,<environment.Job instance at 0x7f7863b09780>,2,3,[3 8],3,3,6,0,3
1,<environment.Job instance at 0x7f78633554b0>,4,17,[3 6],5,6,23,1,5
1,<environment.Job instance at 0x7f7863044690>,11,16,[2 7],12,23,39,11,15
1,<environment.Job instance at 0x7f7818c498c0>,23,17,[6 4],24,39,56,15,31
1,<environment.Job instance at 0x7f7863044500>,12,15,[3 8],13,56,71,43,42
1,<environment.Job instance at 0x7f7818b5c870>,0,16,[5 9],1,1,17,0,1
1,<environment.Job instance at 0x7f78189fd4b0>,7,12,[5 4],8,17,29,9,9
1,<environment.Job instance at 0x7f7862eed6e0>,11,17,[3 7],12,29,46,17,17
1,<environment.Job instance at 0x7f7818d31050>,21,15,[7 5],22,46,61,24,32
1,<environment.Job instance at 0x7f7818d24910>,1,18,[3 7],2,2,20,0,2
1,<environment.Job instance at 0x7f78634bd9b0>,3,14,[5 5],4,20,34,16,5
1,<environment.Job instance at 0x7f786358e050>,14,14,[10  4],15,34,48,19,19
1,<environment.Job instance at 0x7f7862e94f00>,13,15,[4 9],14,48,63,34,34
1,<environment.Job instance at 0x7f786358e820>,1,16,[5 3],2,2,18,0,2
1,<environment.Job instance at 0x7f7818bdc3c0>,10,18,[9 2],11,18,36,7,11
1,<environment.Job instance at 0x7f786276bd70>,19,18,[1 5],20,20,38,0,20
1,<environment.Job instance at 0x7f781892d0f0>,22,16,[10  2],23,38,54,15,25
1,<environment.Job instance at 0x7f7818637230>,26,13,[9 5],27,54,67,27,41
1,<environment.Job instance at 0x7efdc96715a0>,2,22,[4 8],3,3,25,0,3
1,<environment.Job instance at 0x7efdc8521d70>,8,13,[5 5],9,25,38,16,11
1,<environment.Job instance at 0x7efdc8524500>,15,18,[2 8],16,38,56,22,27
1,<environment.Job instance at 0x7efdc8524be0>,1,14,[2 5],2,2,16,0,2
1,<environment.Job instance at 0x7efdc95c2dc0>,10,15,[10  3],11,16,31,5,11
1,<environment.Job instance at 0x7efdc95c6230>,18,15,[10  1],19,31,46,12,19
1,<environment.Job instance at 0x7efd7e56e140>,2,22,[6 4],3,3,25,0,3
1,<environment.Job instance at 0x7efd7e4f9fa0>,13,13,[6 3],14,25,38,11,16
1,<environment.Job instance at 0x7efd7e63daf0>,20,14,[2 6],21,25,39,4,25
1,<environment.Job instance at 0x7efd7e63dd70>,21,15,[5 9],22,39,54,17,25
1,<environment.Job instance at 0x7efd7e4f9050>,1,3,[1 8],2,2,5,0,2
1,<environment.Job instance at 0x7efd7eb99cd0>,3,2,[6 1],4,4,6,0,4
1,<environment.Job instance at 0x7efd7eb992d0>,5,15,[5 7],6,6,21,0,6
1,<environment.Job instance at 0x7efd7ea38640>,10,18,[2 7],11,21,39,10,17
1,<environment.Job instance at 0x7efd7e927af0>,22,2,[6 2],23,23,25,0,23
1,<environment.Job instance at 0x7efd7e923820>,23,15,[6 1],24,25,40,1,24
1,<environment.Job instance at 0x7efd7e9235a0>,24,14,[2 5],25,39,53,14,25
1,<environment.Job instance at 0x7efd7e923aa0>,25,16,[7 5],26,40,56,14,28
1,<environment.Job instance at 0x7efd7e62ddc0>,0,2,[7 2],1,1,3,0,1
1,<environment.Job instance at 0x7efdc8bc2d70>,4,1,[8 4],5,5,6,0,5
1,<environment.Job instance at 0x7efd7e946aa0>,5,21,[4 5],6,6,27,0,6
1,<environment.Job instance at 0x7efd7e8aa5a0>,10,15,[8 3],11,27,42,16,16
1,<environment.Job instance at 0x7efd7e9af500>,15,14,[ 2 10],16,42,56,26,27
1,<environment.Job instance at 0x7efd7e4eedc0>,1,15,[10  4],2,2,17,0,2
1,<environment.Job instance at 0x7efdc84cf190>,8,14,[9 5],9,17,31,8,12
1,<environment.Job instance at 0x7efdc8f6b780>,23,18,[6 5],24,31,49,7,25
1,<environment.Job instance at 0x7efdc852e7d0>,0,1,[5 8],1,1,2,0,1
1,<environment.Job instance at 0x7efdc852ecd0>,1,13,[8 5],2,2,15,0,2
1,<environment.Job instance at 0x7efdc880c370>,11,17,[10  2],12,15,32,3,12
1,<environment.Job instance at 0x7efdc87f8b40>,13,2,[8 3],14,32,34,18,14
1,<environment.Job instance at 0x7efd7e816aa0>,14,12,[3 8],15,34,46,19,17
1,<environment.Job instance at 0x7efdc835f780>,4,16,[7 2],5,5,21,0,5
1,<environment.Job instance at 0x7efd7eada820>,18,15,[7 5],19,21,36,2,20
1,<environment.Job instance at 0x7efd7eb2c190>,12,26,[8 4],13,15,41,2,15
1,<environment.Job instance at 0x7efd7e8c5c80>,0,17,[2 6],1,1,18,0,1
1,<environment.Job instance at 0x7efd7e8c5a50>,5,1,[8 1],6,6,7,0,6
1,<environment.Job instance at 0x7efdc8a276e0>,6,28,[6 5],7,18,46,11,17
1,<environment.Job instance at 0x7efdc8b47870>,0,15,[8 2],1,5,20,4,5
1,<environment.Job instance at 0x7efd7e34fa50>,5,13,[6 4],6,20,33,14,6
1,<environment.Job instance at 0x7efdc842fa50>,12,1,[5 9],13,33,34,20,13
1,<environment.Job instance at 0x7efd7e33aaa0>,11,14,[8 2],12,34,48,22,22
1,<environment.Job instance at 0x7efdc8837af0>,15,3,[5 2],16,48,51,32,22
1,<environment.Job instance at 0x7efdc8885960>,2,3,[7 1],3,4,7,1,4
1,<environment.Job instance at 0x7efdc88bf280>,10,15,[7 1],11,12,27,1,12
1,<environment.Job instance at 0x7efdc88bf320>,11,17,[10  3],12,27,44,15,16
1,<environment.Job instance at 0x7efdc88c8e10>,7,1,[4 5],8,44,45,36,26
1,<environment.Job instance at 0x7fd64b85d5a0>,2,22,[4 8],3,3,25,0,3
1,<environment.Job instance at 0x7fd64a701d20>,8,13,[5 5],9,25,38,16,9
1,<environment.Job instance at 0x7fd64a7044b0>,14,13,[7 3],15,38,51,23,25
1,<environment.Job instance at 0x7fd64a704a50>,23,27,[1 6],24,38,65,14,37
1,<environment.Job instance at 0x7fd64a704d70>,27,15,[8 4],28,51,66,23,51
1,<environment.Job instance at 0x7fd64a704f00>,31,14,[2 5],32,65,79,33,53
1,<environment.Job instance at 0x7fd64a707640>,33,14,[5 5],34,66,80,32,54
1,<environment.Job instance at 0x7fd64a7074b0>,1,2,[4 5],2,2,4,0,2
1,<environment.Job instance at 0x7fd64b9d4280>,3,3,[5 9],4,4,7,0,4
1,<environment.Job instance at 0x7fd64b9d1820>,19,13,[9 4],20,26,39,6,26
1,<environment.Job instance at 0x7fd64b9d1f00>,20,14,[2 6],21,39,53,18,27
1,<environment.Job instance at 0x7fd64b9d1230>,17,13,[8 5],18,53,66,35,38
1,<environment.Job instance at 0x7fd64b88aa50>,28,2,[7 4],29,66,68,37,55
1,<environment.Job instance at 0x7fd64b88a9b0>,29,14,[5 3],30,68,82,38,56
1,<environment.Job instance at 0x7fd64b88a960>,33,2,[6 1],34,82,84,48,58
1,<environment.Job instance at 0x7fd64b88a500>,34,3,[4 5],35,68,71,33,58
1,<environment.Job instance at 0x7fd600747c30>,4,1,[8 4],5,5,6,0,5
1,<environment.Job instance at 0x7fd600747fa0>,5,21,[4 5],6,6,27,0,6
1,<environment.Job instance at 0x7fd600747d20>,12,13,[ 5 10],13,27,40,14,17
1,<environment.Job instance at 0x7fd60073cf00>,22,3,[4 7],23,40,43,17,38
1,<environment.Job instance at 0x7fd60073c280>,24,2,[2 7],25,54,56,29,54
1,<environment.Job instance at 0x7fd60084b960>,1,13,[8 5],2,2,15,0,2
1,<environment.Job instance at 0x7fd64b9cf8c0>,11,17,[10  2],12,15,32,3,12
1,<environment.Job instance at 0x7fd600afa230>,21,14,[1 6],22,32,46,10,25
1,<environment.Job instance at 0x7fd6007055f0>,25,14,[10  2],26,46,60,20,33
1,<environment.Job instance at 0x7fd600afad70>,20,13,[10  5],21,60,73,39,44
1,<environment.Job instance at 0x7fd600c4db90>,4,16,[7 5],5,16,32,11,16
1,<environment.Job instance at 0x7fd600e0c190>,13,12,[9 1],14,32,44,18,22
1,<environment.Job instance at 0x7fd600e0c230>,14,14,[5 5],15,44,58,29,30
1,<environment.Job instance at 0x7fd600e045a0>,31,15,[8 4],32,58,73,26,44
1,<environment.Job instance at 0x7fd64a673f50>,0,15,[8 2],1,8,23,7,8
1,<environment.Job instance at 0x7fd64a6730f0>,7,13,[1 9],8,23,36,15,12
1,<environment.Job instance at 0x7fd64a6dd870>,14,15,[5 1],15,23,38,8,17
1,<environment.Job instance at 0x7fd64ade8a00>,20,12,[9 2],21,38,50,17,21
1,<environment.Job instance at 0x7fd64b0cfe10>,23,3,[2 5],24,50,53,26,24
1,<environment.Job instance at 0x7fd64b0cf690>,29,15,[ 3 10],30,53,68,23,41
1,<environment.Job instance at 0x7fd64a6ddcd0>,9,15,[ 5 10],10,68,83,58,58
1,<environment.Job instance at 0x7fd6009a0370>,14,1,[3 8],15,15,16,0,15
1,<environment.Job instance at 0x7fd600a1d230>,15,13,[5 5],16,16,29,0,16
1,<environment.Job instance at 0x7fd64b430280>,8,18,[1 5],9,21,39,12,21
1,<environment.Job instance at 0x7fd64a63ddc0>,21,3,[1 6],22,39,42,17,22
1,<environment.Job instance at 0x7fd64b1a30a0>,20,14,[7 5],21,42,56,21,27
1,<environment.Job instance at 0x7fd64b1a9870>,29,3,[5 5],30,33,36,3,33
1,<environment.Job instance at 0x7fd64b296140>,7,15,[5 3],8,56,71,48,43
1,<environment.Job instance at 0x7fd64b1a9b90>,37,15,[2 9],38,71,86,33,59
1,<environment.Job instance at 0x7fd64a4ecb40>,0,13,[5 6],1,1,14,0,1
1,<environment.Job instance at 0x7fd64a52de60>,3,13,[4 9],4,14,27,10,6
1,<environment.Job instance at 0x7fd6005f1140>,15,12,[ 1 10],16,27,39,11,17
1,<environment.Job instance at 0x7fd600da3c80>,14,21,[7 2],15,39,60,24,38
1,<environment.Job instance at 0x7fd600dd3190>,30,1,[5 1],31,60,61,29,38
1,<environment.Job instance at 0x7fd600dd3f50>,31,3,[9 3],32,61,64,29,38
1,<environment.Job instance at 0x7fd600dd5820>,32,3,[ 4 10],33,64,67,31,38
1,<environment.Job instance at 0x7fd64b3f2140>,20,18,[4 7],21,67,85,46,59
1,<environment.Job instance at 0x7fd64b9d60a0>,0,19,[6 3],1,1,20,0,1
1,<environment.Job instance at 0x7fd60073c370>,5,3,[1 5],6,6,9,0,6
1,<environment.Job instance at 0x7fd60073c0a0>,6,3,[9 3],7,20,23,13,7
1,<environment.Job instance at 0x7fd60073c640>,7,13,[6 4],8,23,36,15,9
1,<environment.Job instance at 0x7fd64aa35f00>,18,3,[5 8],19,36,39,17,21
1,<environment.Job instance at 0x7fd64aa35550>,22,15,[5 1],23,36,51,13,25
1,<environment.Job instance at 0x7fd64aa35e10>,21,13,[5 3],22,39,52,17,27
1,<environment.Job instance at 0x7fd64ae63e60>,28,14,[5 9],29,52,66,23,38
1,<environment.Job instance at 0x7fd64a80ff00>,35,12,[2 9],36,66,78,30,56
1,<environment.Job instance at 0x7fd6009384b0>,1,14,[5 8],2,2,16,0,2
1,<environment.Job instance at 0x7fd64ab01640>,5,18,[7 5],6,16,34,10,10
1,<environment.Job instance at 0x7fd600d2b960>,12,18,[5 1],13,34,52,21,24
1,<environment.Job instance at 0x7fd64ae90be0>,22,15,[1 6],23,34,49,11,24
1,<environment.Job instance at 0x7fd6007534b0>,30,15,[1 6],31,49,64,18,48
1,<environment.Job instance at 0x7fd600753960>,31,14,[10  4],32,64,78,32,49
1,<environment.Job instance at 0x7fd64a90fa50>,1,13,[1 7],2,2,15,0,2
1,<environment.Job instance at 0x7fd6006f3d70>,2,13,[4 8],3,15,28,12,3
1,<environment.Job instance at 0x7fd600d206e0>,19,14,[3 7],20,28,42,8,21
1,<environment.Job instance at 0x7fd64b55fc80>,29,1,[ 2 10],30,42,43,12,35
1,<environment.Job instance at 0x7fd64a610f00>,31,2,[5 1],32,35,37,3,35
1,<environment.Job instance at 0x7fd64a610c80>,33,1,[7 2],34,41,42,7,41
1,<environment.Job instance at 0x7fd64a610eb0>,32,14,[6 5],33,43,57,10,41
1,<environment.Job instance at 0x7fd64a610280>,36,21,[6 5],37,57,78,20,49
1,<environment.Job instance at 0x7fd64a610f50>,40,15,[4 5],41,50,65,9,50
1,<environment.Job instance at 0x7fd64a6cc960>,1,1,[4 6],2,2,3,0,2
1,<environment.Job instance at 0x7fd600b0ac80>,3,16,[6 5],4,4,20,0,4
1,<environment.Job instance at 0x7fd64b20d550>,7,17,[5 2],8,20,37,12,9
1,<environment.Job instance at 0x7fd64b20db40>,15,16,[5 3],16,20,36,4,16
1,<environment.Job instance at 0x7fd64b20d410>,11,2,[9 5],12,37,39,25,20
1,<environment.Job instance at 0x7fd64b21d370>,20,26,[6 3],21,39,65,18,36
1,<environment.Job instance at 0x7fd64b21db40>,30,3,[2 7],31,39,42,8,37
1,<environment.Job instance at 0x7fd64b21dc80>,32,14,[3 9],33,65,79,32,50
1,<environment.Job instance at 0x7fd64b21d6e0>,1,2,[2 6],2,2,4,0,2
1,<environment.Job instance at 0x7fd64a707050>,7,16,[ 5 10],8,14,30,6,14
1,<environment.Job instance at 0x7fd60080ffa0>,11,14,[7 1],12,30,44,18,15
1,<environment.Job instance at 0x7fd60080fe60>,15,3,[1 5],16,30,33,14,26
1,<environment.Job instance at 0x7fd60080f7d0>,17,14,[4 7],18,44,58,26,29
1,<environment.Job instance at 0x7fd60080faf0>,23,18,[ 1 10],24,58,76,34,47
1,<environment.Job instance at 0x7fd600d25c30>,4,15,[ 2 10],5,5,20,0,5
1,<environment.Job instance at 0x7fd64b119910>,9,16,[2 8],10,20,36,10,17
1,<environment.Job instance at 0x7fd64b1197d0>,12,18,[5 1],13,21,39,8,21
1,<environment.Job instance at 0x7fd64b119730>,13,18,[ 5 10],14,39,57,25,28
1,<environment.Job instance at 0x7fd6009efe10>,23,17,[10  5],24,57,74,33,45
1,<environment.Job instance at 0x7fd600e04460>,0,3,[7 3],1,1,4,0,1
1,<environment.Job instance at 0x7fd6009ef140>,1,13,[ 3 10],2,4,17,2,2
1,<environment.Job instance at 0x7fd600540c80>,17,12,[5 4],18,18,30,0,18
1,<environment.Job instance at 0x7fd6005406e0>,11,15,[9 5],12,30,45,18,20
1,<environment.Job instance at 0x7fd60053a280>,24,14,[10  1],25,45,59,20,38
1,<environment.Job instance at 0x7fd600540820>,12,14,[9 1],13,59,73,46,44
1,<environment.Job instance at 0x7fd60053ac30>,1,18,[3 7],2,2,20,0,2
1,<environment.Job instance at 0x7fd6006e75f0>,4,22,[9 5],5,20,42,15,13
1,<environment.Job instance at 0x7fd60053ac80>,3,14,[5 5],4,42,56,38,33
1,<environment.Job instance at 0x7fd64b207b40>,3,14,[5 5],4,4,18,0,4
1,<environment.Job instance at 0x7fd64a6b6960>,14,12,[1 8],15,21,33,6,21
1,<environment.Job instance at 0x7fd600d5edc0>,16,13,[9 5],17,33,46,16,21
1,<environment.Job instance at 0x7fd64a640cd0>,18,14,[ 4 10],19,46,60,27,33
1,<environment.Job instance at 0x7fd64b01e320>,21,14,[9 5],22,60,74,38,49
1,<environment.Job instance at 0x7fd60090a780>,0,17,[8 4],1,2,19,1,2
1,<environment.Job instance at 0x7fd600aad2d0>,5,1,[7 1],6,19,20,13,10
1,<environment.Job instance at 0x7fd64a4be0f0>,11,13,[5 2],12,20,33,8,12
1,<environment.Job instance at 0x7fd64a5a7370>,13,17,[6 4],14,33,50,19,21
1,<environment.Job instance at 0x7fd6009b3550>,17,14,[2 6],18,32,46,14,32
1,<environment.Job instance at 0x7fd6009ac690>,23,3,[1 6],24,46,49,22,34
1,<environment.Job instance at 0x7fd6009acc30>,24,15,[8 1],25,50,65,25,37
1,<environment.Job instance at 0x7fd6009ac9b0>,28,15,[ 4 10],29,65,80,36,53
1,<environment.Job instance at 0x7fd6009ceaf0>,1,16,[6 5],2,2,18,0,2
1,<environment.Job instance at 0x7fd64abb3730>,7,18,[9 4],8,18,36,10,8
1,<environment.Job instance at 0x7fd64b0204b0>,18,14,[7 2],19,36,50,17,26
1,<environment.Job instance at 0x7fd64ab893c0>,24,17,[3 7],25,37,54,12,37
1,<environment.Job instance at 0x7fd64af17b90>,36,12,[8 3],37,54,66,17,50
1,<environment.Job instance at 0x7fd64af17fa0>,37,3,[9 4],38,66,69,28,50
1,<environment.Job instance at 0x7fd64af17190>,34,16,[7 5],35,69,85,34,56
1,<environment.Job instance at 0x7fd600d56b90>,1,14,[1 5],2,2,16,0,2
1,<environment.Job instance at 0x7fd64abff2d0>,6,18,[ 2 10],7,16,34,9,8
1,<environment.Job instance at 0x7fd600655230>,15,1,[ 1 10],16,34,35,18,18
1,<environment.Job instance at 0x7fd600a28eb0>,16,13,[5 9],17,35,48,18,19
1,<environment.Job instance at 0x7fd64aba40a0>,20,18,[5 4],21,48,66,27,37
1,<environment.Job instance at 0x7fd6006343c0>,29,3,[6 1],30,66,69,36,50
1,<environment.Job instance at 0x7fd600634be0>,30,12,[2 6],31,52,64,21,52
1,<environment.Job instance at 0x7fcbee03f5a0>,2,22,[4 8],3,3,25,0,3
1,<environment.Job instance at 0x7fcbe4c37d20>,8,13,[5 5],9,25,38,16,9
1,<environment.Job instance at 0x7fcbe4c3a690>,17,3,[4 9],18,38,41,20,27
1,<environment.Job instance at 0x7fcbe4c3a7d0>,19,14,[3 5],20,41,55,21,27
1,<environment.Job instance at 0x7fcbe4c3a4b0>,14,13,[7 3],15,41,54,26,38
1,<environment.Job instance at 0x7fcbedf8da00>,5,2,[ 3 10],6,6,8,0,6
1,<environment.Job instance at 0x7fcbedf8d1e0>,6,17,[8 5],7,8,25,1,7
1,<environment.Job instance at 0x7fcbee1c1820>,11,2,[4 5],12,25,27,13,12
1,<environment.Job instance at 0x7fcbee1c18c0>,13,3,[5 9],14,27,30,13,15
1,<environment.Job instance at 0x7fcbee1c1190>,12,22,[6 4],13,30,52,17,23
1,<environment.Job instance at 0x7fcbee1c1050>,9,17,[1 6],10,38,55,28,38
1,<environment.Job instance at 0x7fcbee03ed20>,24,14,[5 1],25,52,66,27,38
1,<environment.Job instance at 0x7fcba2f20e60>,0,18,[2 7],1,1,19,0,1
1,<environment.Job instance at 0x7fcba2f20b90>,3,16,[1 6],4,19,35,15,6
1,<environment.Job instance at 0x7fcba2f660a0>,14,14,[2 5],15,35,49,20,22
1,<environment.Job instance at 0x7fcba2f66820>,15,16,[7 5],16,35,51,19,28
1,<environment.Job instance at 0x7fcba2f20eb0>,4,15,[1 9],5,51,66,46,37
1,<environment.Job instance at 0x7fcba2fe68c0>,0,2,[3 8],1,1,3,0,1
1,<environment.Job instance at 0x7fcba32f1960>,2,14,[1 8],3,3,17,0,3
1,<environment.Job instance at 0x7fcba30b2460>,27,21,[ 3 10],28,31,52,3,31
1,<environment.Job instance at 0x7fcba30a81e0>,31,13,[8 5],32,52,65,20,37
1,<environment.Job instance at 0x7fcba2f2d640>,0,13,[10  5],1,1,14,0,1
1,<environment.Job instance at 0x7fcba2f2d370>,3,14,[7 5],4,21,35,17,21
1,<environment.Job instance at 0x7fcba3319730>,25,1,[3 8],26,35,36,9,26
1,<environment.Job instance at 0x7fcba3319c30>,26,14,[10  1],27,36,50,9,27
1,<environment.Job instance at 0x7fcba3319e10>,29,13,[6 3],30,50,63,20,36
1,<environment.Job instance at 0x7fcba332c640>,36,19,[2 7],37,50,69,13,42
1,<environment.Job instance at 0x7fcba331e5f0>,2,26,[8 4],3,23,49,20,23
1,<environment.Job instance at 0x7fcbed9eebe0>,14,12,[7 2],15,49,61,34,35
1,<environment.Job instance at 0x7fcbed9ee320>,20,17,[2 6],21,42,59,21,42
1,<environment.Job instance at 0x7fcbe50c9230>,5,13,[6 4],6,6,19,0,6
1,<environment.Job instance at 0x7fcbe50c9460>,8,17,[3 6],9,9,26,0,9
1,<environment.Job instance at 0x7fcbe4e57870>,11,14,[8 2],12,26,40,14,12
1,<environment.Job instance at 0x7fcbed80d9b0>,20,12,[9 2],21,40,52,19,25
1,<environment.Job instance at 0x7fcbe50fc5f0>,29,15,[ 3 10],30,52,67,22,40
1,<environment.Job instance at 0x7fcbe4d3ffa0>,0,14,[8 3],1,1,15,0,1
1,<environment.Job instance at 0x7fcbe4beeeb0>,14,15,[4 6],15,15,30,0,15
1,<environment.Job instance at 0x7fcba34fe6e0>,18,18,[1 5],19,30,48,11,28
1,<environment.Job instance at 0x7fcba351a6e0>,30,14,[7 5],31,33,47,2,33
1,<environment.Job instance at 0x7fcba3526aa0>,35,16,[10  4],36,48,64,12,44
1,<environment.Job instance at 0x7fcba351aaf0>,1,17,[2 6],2,2,19,0,2
1,<environment.Job instance at 0x7fcba357aa50>,18,14,[4 6],19,35,49,16,35
1,<environment.Job instance at 0x7fcba357aa00>,23,13,[4 9],24,49,62,25,38
1,<environment.Job instance at 0x7fcba357a0a0>,31,13,[4 5],32,62,75,30,46
1,<environment.Job instance at 0x7fcba357aaf0>,21,12,[5 5],22,62,74,40,47
1,<environment.Job instance at 0x7fcba3302410>,0,1,[5 1],1,1,2,0,1
1,<environment.Job instance at 0x7fcbe50c6370>,3,3,[8 4],4,4,7,0,4
1,<environment.Job instance at 0x7fcbe4bae050>,10,12,[8 5],11,17,29,6,17
1,<environment.Job instance at 0x7fcbe4bae8c0>,12,18,[6 3],13,29,47,16,22
1,<environment.Job instance at 0x7fcba33552d0>,6,18,[4 6],7,29,47,22,25
1,<environment.Job instance at 0x7fcba3248aa0>,19,27,[9 3],20,47,74,27,47
1,<environment.Job instance at 0x7fcbe4bb7dc0>,1,13,[5 3],2,2,15,0,2
1,<environment.Job instance at 0x7fcba34eb0a0>,9,19,[9 1],10,15,34,5,10
1,<environment.Job instance at 0x7fcba34eb5a0>,13,27,[1 8],14,15,42,1,14
1,<environment.Job instance at 0x7fcba3469be0>,24,17,[3 9],25,42,59,17,30
1,<environment.Job instance at 0x7fcba34a34b0>,20,3,[1 7],21,59,62,38,34
1,<environment.Job instance at 0x7fcbe4f02f50>,0,1,[6 3],1,1,2,0,1
1,<environment.Job instance at 0x7fcba35610a0>,3,2,[5 6],4,4,6,0,4
1,<environment.Job instance at 0x7fcba2d10730>,2,18,[5 1],3,5,23,2,5
1,<environment.Job instance at 0x7fcba35618c0>,5,3,[6 5],6,23,26,17,6
1,<environment.Job instance at 0x7fcba2fd7910>,19,14,[10  1],20,26,40,6,26
1,<environment.Job instance at 0x7fcba2fd7b90>,20,15,[1 6],21,40,55,19,26
1,<environment.Job instance at 0x7fcba2fd7be0>,22,18,[5 5],23,55,73,32,44
1,<environment.Job instance at 0x7fcba2fd7960>,1,13,[1 7],2,2,15,0,2
1,<environment.Job instance at 0x7fcbed869e60>,18,17,[5 5],19,22,39,3,22
1,<environment.Job instance at 0x7fcbed869190>,19,14,[3 7],20,39,53,19,24
1,<environment.Job instance at 0x7fcbe4a1f2d0>,29,1,[ 2 10],30,53,54,23,31
1,<environment.Job instance at 0x7fcbe4a1f870>,31,2,[5 1],32,34,36,2,34
1,<environment.Job instance at 0x7fcbe4a1f730>,33,1,[7 2],34,45,46,11,45
1,<environment.Job instance at 0x7fcbe4a1fe60>,34,15,[10  3],35,54,69,19,45
1,<environment.Job instance at 0x7fcbed985230>,3,12,[4 6],4,4,16,0,4
1,<environment.Job instance at 0x7fcbed9854b0>,5,13,[2 6],6,16,29,10,6
1,<environment.Job instance at 0x7fcbe4ab6a50>,4,18,[4 7],5,5,23,0,5
1,<environment.Job instance at 0x7fcbe4ace320>,12,17,[1 6],13,23,40,10,19
1,<environment.Job instance at 0x7fcbe4acea00>,19,18,[9 5],20,40,58,20,29
1,<environment.Job instance at 0x7fcba2e9aa50>,0,15,[ 4 10],1,1,16,0,1
1,<environment.Job instance at 0x7fcbed5cc460>,11,18,[4 8],12,16,34,4,12
1,<environment.Job instance at 0x7fcbed5cc3c0>,15,13,[1 5],16,34,47,18,18
1,<environment.Job instance at 0x7fcbe4a26d70>,19,14,[9 5],20,34,48,14,23
1,<environment.Job instance at 0x7fcbe4a26c30>,22,18,[9 4],23,48,66,25,40
1,<environment.Job instance at 0x7fcbed5cc780>,17,2,[6 4],18,66,68,48,49
1,<environment.Job instance at 0x7fcbe4ce1190>,0,2,[2 7],1,1,3,0,1
1,<environment.Job instance at 0x7fcbe4ce1cd0>,2,3,[3 8],3,3,6,0,3
1,<environment.Job instance at 0x7fcba2cc41e0>,4,17,[3 6],5,6,23,1,5
1,<environment.Job instance at 0x7fcba32095a0>,11,16,[2 7],12,23,39,11,15
1,<environment.Job instance at 0x7fcba2ecbcd0>,23,17,[6 4],24,39,56,15,31
1,<environment.Job instance at 0x7fcba3209280>,12,15,[3 8],13,56,71,43,42
1,<environment.Job instance at 0x7fcbed494be0>,0,16,[5 9],1,1,17,0,1
1,<environment.Job instance at 0x7fcba34ee1e0>,7,12,[5 4],8,17,29,9,9
1,<environment.Job instance at 0x7fcba33945a0>,11,17,[3 7],12,29,46,17,17
1,<environment.Job instance at 0x7fcbe4cae6e0>,21,15,[7 5],22,46,61,24,32
1,<environment.Job instance at 0x7fcbe4ccc4b0>,1,18,[3 7],2,2,20,0,2
1,<environment.Job instance at 0x7fcbe4bdfaa0>,3,14,[5 5],4,20,34,16,5
1,<environment.Job instance at 0x7fcbedc416e0>,14,14,[10  4],15,34,48,19,19
1,<environment.Job instance at 0x7fcbedc41550>,13,15,[4 9],14,48,63,34,34
1,<environment.Job instance at 0x7fcbe4bb9820>,1,16,[5 3],2,2,18,0,2
1,<environment.Job instance at 0x7fcba2de7f50>,10,18,[9 2],11,18,36,7,11
1,<environment.Job instance at 0x7fcbed676500>,19,18,[1 5],20,20,38,0,20
1,<environment.Job instance at 0x7fcbe4edc730>,22,16,[10  2],23,38,54,15,25
1,<environment.Job instance at 0x7fcba2df34b0>,26,13,[9 5],27,54,67,27,41
1,<environment.Job instance at 0x7ff84de66230>,3,3,[4 8],4,4,7,0,4
1,<environment.Job instance at 0x7ff84de664b0>,6,20,[6 1],7,7,27,0,7
1,<environment.Job instance at 0x7ff84de66a00>,11,15,[4 8],12,16,31,4,16
1,<environment.Job instance at 0x7ff84de66be0>,14,13,[7 3],15,31,44,16,19
1,<environment.Job instance at 0x7ff84de68370>,22,1,[2 7],23,33,34,10,33
1,<environment.Job instance at 0x7ff84de68460>,24,18,[2 6],25,34,52,9,33
1,<environment.Job instance at 0x7ff84de683c0>,25,12,[ 5 10],26,52,64,26,40
1,<environment.Job instance at 0x7ff84de68b90>,31,14,[2 5],32,64,78,32,56
1,<environment.Job instance at 0x7ff84de68780>,27,15,[8 4],28,64,79,36,57
1,<environment.Job instance at 0x7ff84f12e960>,3,13,[6 3],4,4,17,0,4
1,<environment.Job instance at 0x7ff84f13c190>,10,14,[2 6],11,11,25,0,11
1,<environment.Job instance at 0x7ff84f12ca00>,11,15,[5 9],12,25,40,13,12
1,<environment.Job instance at 0x7ff84f140050>,17,3,[10  5],18,40,43,22,25
1,<environment.Job instance at 0x7ff84f140f00>,16,18,[9 2],17,43,61,26,34
1,<environment.Job instance at 0x7ff84f140730>,22,20,[1 5],23,51,71,28,51
1,<environment.Job instance at 0x7ff84f136280>,34,15,[1 9],35,71,86,36,57
1,<environment.Job instance at 0x7ff803f4e960>,0,16,[2 8],1,1,17,0,1
1,<environment.Job instance at 0x7ff803eafe60>,6,17,[1 7],7,17,34,10,7
1,<environment.Job instance at 0x7ff803eaad20>,24,3,[6 4],25,34,37,9,30
1,<environment.Job instance at 0x7ff803eaac80>,26,2,[8 1],27,30,32,3,30
1,<environment.Job instance at 0x7ff803ea11e0>,28,19,[6 4],29,37,56,8,30
1,<environment.Job instance at 0x7ff803ea16e0>,29,14,[3 6],30,34,48,4,30
1,<environment.Job instance at 0x7ff803e92af0>,35,16,[ 2 10],36,56,72,20,46
1,<environment.Job instance at 0x7ff803e92550>,41,13,[8 5],42,72,85,30,56
1,<environment.Job instance at 0x7ff803e10410>,3,2,[5 6],4,4,6,0,4
1,<environment.Job instance at 0x7ff803e10b90>,6,12,[ 3 10],7,7,19,0,7
1,<environment.Job instance at 0x7ff803e10c80>,14,16,[9 4],15,19,35,4,15
1,<environment.Job instance at 0x7ff804387730>,19,13,[6 3],20,35,48,15,21
1,<environment.Job instance at 0x7ff803e05d70>,28,18,[6 3],29,48,66,19,37
1,<environment.Job instance at 0x7ff803e05370>,22,20,[1 7],23,37,57,14,37
1,<environment.Job instance at 0x7ff80430c780>,41,27,[4 7],42,57,84,15,56
1,<environment.Job instance at 0x7ff8042a8460>,7,3,[6 3],8,11,14,3,11
1,<environment.Job instance at 0x7ff804272820>,6,1,[2 7],7,11,12,4,11
1,<environment.Job instance at 0x7ff8042a80a0>,4,15,[10  4],5,16,31,11,16
1,<environment.Job instance at 0x7ff8042a8d70>,19,16,[9 4],20,38,54,18,38
1,<environment.Job instance at 0x7ff8042a61e0>,24,17,[9 4],25,54,71,29,42
1,<environment.Job instance at 0x7ff8042a6730>,31,14,[8 2],32,71,85,39,56
1,<environment.Job instance at 0x7ff84dffac30>,0,14,[8 3],1,1,15,0,1
1,<environment.Job instance at 0x7ff84dbcebe0>,16,25,[ 5 10],17,37,62,20,37
1,<environment.Job instance at 0x7ff84eaf6050>,30,14,[7 5],31,62,76,31,48
1,<environment.Job instance at 0x7ff84e01c0f0>,38,14,[7 5],39,76,90,37,63
1,<environment.Job instance at 0x7ff84e259dc0>,0,13,[5 6],1,1,14,0,1
1,<environment.Job instance at 0x7ff84e377f50>,1,12,[5 5],2,14,26,12,2
1,<environment.Job instance at 0x7ff84e0eb820>,15,12,[ 1 10],16,26,38,10,17
1,<environment.Job instance at 0x7ff804383c80>,19,14,[5 7],20,38,52,18,23
1,<environment.Job instance at 0x7ff84e5badc0>,27,3,[3 5],28,52,55,24,38
1,<environment.Job instance at 0x7ff804383500>,20,18,[4 7],21,55,73,34,45
1,<environment.Job instance at 0x7ff80429fdc0>,28,15,[8 5],29,73,88,44,62
1,<environment.Job instance at 0x7ff84e9115f0>,0,19,[1 5],1,1,20,0,1
1,<environment.Job instance at 0x7ff8041a2be0>,9,15,[9 5],10,12,27,2,12
1,<environment.Job instance at 0x7ff80419a1e0>,16,1,[7 2],17,27,28,10,17
1,<environment.Job instance at 0x7ff80419a320>,17,2,[2 6],18,27,29,9,18
1,<environment.Job instance at 0x7ff8041a2b40>,13,18,[5 9],14,29,47,15,19
1,<environment.Job instance at 0x7ff80419adc0>,29,13,[5 9],30,47,60,17,44
1,<environment.Job instance at 0x7ff80418f730>,35,13,[10  4],36,60,73,24,48
1,<environment.Job instance at 0x7ff80418f7d0>,36,16,[5 5],37,73,89,36,63
1,<environment.Job instance at 0x7ff80419d9b0>,0,14,[3 6],1,1,15,0,1
1,<environment.Job instance at 0x7ff80418fd70>,4,12,[4 6],5,15,27,10,5
1,<environment.Job instance at 0x7ff84e561b40>,10,15,[1 6],11,27,42,16,15
1,<environment.Job instance at 0x7ff804451640>,19,17,[7 2],20,27,44,7,25
1,<environment.Job instance at 0x7ff84e476d20>,3,1,[7 2],4,4,5,0,4
1,<environment.Job instance at 0x7ff8042c4910>,4,15,[10  3],5,5,20,0,5
1,<environment.Job instance at 0x7ff84dd1f140>,10,15,[4 5],11,20,35,9,11
1,<environment.Job instance at 0x7ff84e4763c0>,2,14,[6 5],3,20,34,17,17
1,<environment.Job instance at 0x7ff84e217410>,14,3,[6 1],15,34,37,19,18
1,<environment.Job instance at 0x7ff84e3896e0>,12,21,[1 6],13,35,56,22,27
1,<environment.Job instance at 0x7ff84df6aa00>,18,16,[ 5 10],19,56,72,37,43
1,<environment.Job instance at 0x7ff84e3090a0>,21,19,[10  1],22,72,91,50,62
1,<environment.Job instance at 0x7ff84df1f140>,4,18,[4 7],5,5,23,0,5
1,<environment.Job instance at 0x7ff84de82c80>,13,16,[4 9],14,23,39,9,14
1,<environment.Job instance at 0x7ff84e7c4eb0>,17,3,[6 4],18,39,42,21,23
1,<environment.Job instance at 0x7ff84eb23e60>,18,15,[3 6],19,39,54,20,27
1,<environment.Job instance at 0x7ff84e3bf410>,24,17,[6 5],25,54,71,29,43
1,<environment.Job instance at 0x7ff84e4a54b0>,2,18,[9 4],3,3,21,0,3
1,<environment.Job instance at 0x7ff84e4cef00>,12,3,[5 2],13,21,24,8,13
1,<environment.Job instance at 0x7ff84e4cefa0>,7,15,[ 5 10],8,24,39,16,15
1,<environment.Job instance at 0x7ff84e4ceeb0>,16,18,[9 4],17,39,57,22,28
1,<environment.Job instance at 0x7ff84e4cec80>,14,15,[ 2 10],15,57,72,42,43
1,<environment.Job instance at 0x7ff8044a3e60>,27,14,[5 5],28,72,86,44,57
1,<environment.Job instance at 0x7ff8044a3a00>,32,3,[3 8],33,86,89,53,67
1,<environment.Job instance at 0x7ff84eec1730>,1,13,[ 3 10],2,2,15,0,2
1,<environment.Job instance at 0x7ff803c2e4b0>,3,13,[1 7],4,15,28,11,4
1,<environment.Job instance at 0x7ff84e9328c0>,14,3,[8 2],15,15,18,0,15
1,<environment.Job instance at 0x7ff84e9325f0>,9,2,[3 6],10,28,30,18,16
1,<environment.Job instance at 0x7ff8044f9320>,16,3,[8 5],17,30,33,13,17
1,<environment.Job instance at 0x7ff803c0c7d0>,17,12,[5 4],18,33,45,15,18
1,<environment.Job instance at 0x7ff84e932c30>,11,15,[9 5],12,45,60,33,31
1,<environment.Job instance at 0x7ff84eee6500>,31,15,[7 5],32,60,75,28,49
1,<environment.Job instance at 0x7ff84e0902d0>,35,3,[5 1],36,75,78,39,59
1,<environment.Job instance at 0x7ff84e41e910>,39,15,[5 6],40,75,90,35,62
1,<environment.Job instance at 0x7ff80427cbe0>,2,3,[10  5],3,3,6,0,3
1,<environment.Job instance at 0x7ff803cac5f0>,3,15,[4 9],4,9,24,5,9
1,<environment.Job instance at 0x7ff84dc0fe60>,13,2,[8 4],14,24,26,10,15
1,<environment.Job instance at 0x7ff803d38500>,15,12,[5 9],16,26,38,10,16
1,<environment.Job instance at 0x7ff80454da50>,4,14,[10  4],5,38,52,33,25
1,<environment.Job instance at 0x7ff803caca00>,5,12,[ 3 10],6,52,64,46,35
1,<environment.Job instance at 0x7ff84e1daaa0>,27,16,[3 5],28,64,80,36,51
1,<environment.Job instance at 0x7ff84dc45730>,30,13,[6 4],31,64,77,33,51
1,<environment.Job instance at 0x7ff803f378c0>,37,17,[7 4],38,77,94,39,65
1,<environment.Job instance at 0x7ff84e1c72d0>,12,16,[1 7],13,20,36,7,20
1,<environment.Job instance at 0x7ff84e1b2fa0>,9,15,[8 5],10,37,52,27,37
1,<environment.Job instance at 0x7ff84e1c7f00>,27,22,[6 1],28,52,74,24,46
1,<environment.Job instance at 0x7ff84e1c7a50>,26,16,[4 9],27,52,68,25,50
1,<environment.Job instance at 0x7ff84e611320>,0,18,[5 4],1,1,19,0,1
1,<environment.Job instance at 0x7ff804283370>,10,14,[2 6],11,13,27,2,13
1,<environment.Job instance at 0x7ff84e6110a0>,2,19,[6 2],3,19,38,16,14
1,<environment.Job instance at 0x7ff8042831e0>,13,16,[3 8],14,27,43,13,18
1,<environment.Job instance at 0x7ff80428b8c0>,19,3,[2 9],20,43,46,23,28
1,<environment.Job instance at 0x7ff80428b1e0>,23,18,[4 5],24,46,64,22,36
1,<environment.Job instance at 0x7ff804283f00>,17,18,[5 5],18,46,64,28,37
1,<environment.Job instance at 0x7ff80428b2d0>,26,18,[3 9],27,64,82,37,53
1,<environment.Job instance at 0x7ff803db9190>,2,3,[5 8],3,3,6,0,3
1,<environment.Job instance at 0x7ff803e51320>,13,3,[9 5],14,19,22,5,19
1,<environment.Job instance at 0x7ff84dd63370>,17,23,[6 1],18,22,45,4,20
1,<environment.Job instance at 0x7ff84e878050>,27,17,[5 5],28,45,62,17,34
1,<environment.Job instance at 0x7ff84e8fcd70>,4,15,[10  2],5,62,77,57,48
1,<environment.Job instance at 0x7ff84e1c71e0>,0,18,[4 5],1,1,19,0,1
1,<environment.Job instance at 0x7ff84e331d70>,6,14,[5 4],7,9,23,2,9
1,<environment.Job instance at 0x7ff84e33a2d0>,14,22,[1 8],15,23,45,8,16
1,<environment.Job instance at 0x7ff84e33a820>,15,18,[ 2 10],16,45,63,29,35
1,<environment.Job instance at 0x7ff84e33e280>,31,12,[8 2],32,63,75,31,49
1,<environment.Job instance at 0x7ff803ffdbe0>,0,18,[3 6],1,1,19,0,1
1,<environment.Job instance at 0x7ff804124aa0>,7,13,[7 1],8,8,21,0,8
1,<environment.Job instance at 0x7ff84e165dc0>,15,15,[1 6],16,31,46,15,31
1,<environment.Job instance at 0x7ff84ddc67d0>,25,17,[ 5 10],26,46,63,20,37
1,<environment.Job instance at 0x7ff84e7a05a0>,32,16,[5 3],33,63,79,30,52
1,<environment.Job instance at 0x7ff84dd8b870>,39,16,[6 2],40,79,95,39,66
1,<environment.Job instance at 0x7ff803d59500>,43,14,[1 6],44,67,81,23,67
1,<environment.Job instance at 0x7ff803e40aa0>,0,24,[10  5],1,1,25,0,1
1,<environment.Job instance at 0x7ff84dbedd70>,4,17,[10  3],5,25,42,20,13
1,<environment.Job instance at 0x7ff84dd91c80>,17,2,[5 5],18,42,44,24,21
1,<environment.Job instance at 0x7ff84dd1ef00>,18,27,[1 7],19,44,71,25,43
1,<environment.Job instance at 0x7ff84e3bf500>,31,17,[9 4],32,71,88,39,59
1,<environment.Job instance at 0x7f07e01c90a0>,2,22,[4 8],3,4,26,1,4
1,<environment.Job instance at 0x7f07d6dba690>,7,1,[5 4],8,26,27,18,8
1,<environment.Job instance at 0x7f07d6dba780>,8,13,[5 5],9,26,39,17,10
1,<environment.Job instance at 0x7f07d6dbaf00>,19,14,[3 5],20,27,41,7,25
1,<environment.Job instance at 0x7f07d6dbabe0>,14,13,[7 3],15,39,52,24,25
1,<environment.Job instance at 0x7f07d6dbb370>,23,27,[1 6],24,41,68,17,39
1,<environment.Job instance at 0x7f07d6dbbd70>,29,12,[5 4],30,52,64,22,43
1,<environment.Job instance at 0x7f07d6dbbeb0>,31,14,[2 5],32,68,82,36,53
1,<environment.Job instance at 0x7f07d6dbbc80>,35,15,[9 5],36,82,97,46,68
1,<environment.Job instance at 0x7f07e03389b0>,0,14,[2 6],1,1,15,0,1
1,<environment.Job instance at 0x7f07e03400f0>,6,18,[9 2],7,15,33,8,8
1,<environment.Job instance at 0x7f07e033f690>,20,18,[2 7],21,33,51,12,22
1,<environment.Job instance at 0x7f07d6dbe3c0>,3,20,[7 1],4,34,54,30,34
1,<environment.Job instance at 0x7f07e033f3c0>,23,16,[1 6],24,51,67,27,38
1,<environment.Job instance at 0x7f07e033af00>,27,17,[9 3],28,54,71,26,45
1,<environment.Job instance at 0x7f07e033a4b0>,28,3,[10  4],29,71,74,42,47
1,<environment.Job instance at 0x7f07e03367d0>,33,15,[6 1],34,74,89,40,60
1,<environment.Job instance at 0x7f07e0336050>,34,14,[2 5],35,74,88,39,60
1,<environment.Job instance at 0x7f07e0336a50>,39,20,[2 6],40,88,108,48,79
1,<environment.Job instance at 0x7f07e01f0780>,1,15,[1 7],2,2,17,0,2
1,<environment.Job instance at 0x7f07950b2d20>,6,2,[8 1],7,7,9,0,7
1,<environment.Job instance at 0x7f07950b2dc0>,9,14,[3 6],10,17,31,7,10
1,<environment.Job instance at 0x7f07950fd910>,17,21,[ 3 10],18,31,52,13,26
1,<environment.Job instance at 0x7f07950fd500>,15,16,[ 2 10],16,52,68,36,40
1,<environment.Job instance at 0x7f07950f0460>,29,12,[9 3],30,68,80,38,51
1,<environment.Job instance at 0x7f07950f0af0>,41,14,[1 6],42,68,82,26,61
1,<environment.Job instance at 0x7f07950b61e0>,45,14,[10  2],46,82,96,36,71
1,<environment.Job instance at 0x7f07950b4870>,4,16,[7 5],5,5,21,0,5
1,<environment.Job instance at 0x7f079556c2d0>,14,14,[5 5],15,21,35,6,16
1,<environment.Job instance at 0x7f079556c5a0>,16,3,[9 1],17,35,38,18,25
1,<environment.Job instance at 0x7f079556c0f0>,17,17,[5 2],18,38,55,20,27
1,<environment.Job instance at 0x7f079556c190>,8,18,[4 6],9,38,56,29,28
1,<environment.Job instance at 0x7f0795506c30>,25,2,[1 5],26,56,58,30,46
1,<environment.Job instance at 0x7f0795506d20>,26,3,[8 4],27,56,59,29,49
1,<environment.Job instance at 0x7f0795683320>,28,15,[3 6],29,59,74,30,50
1,<environment.Job instance at 0x7f0795683910>,31,15,[8 4],32,74,89,42,60
1,<environment.Job instance at 0x7f0795479690>,39,2,[10  2],40,89,91,49,74
1,<environment.Job instance at 0x7f07950bd5f0>,1,2,[1 7],2,2,4,0,2
1,<environment.Job instance at 0x7f07951cfe10>,3,3,[2 5],4,4,7,0,4
1,<environment.Job instance at 0x7f07954ac780>,4,12,[5 9],5,7,19,2,5
1,<environment.Job instance at 0x7f07954ac820>,6,15,[2 7],7,19,34,12,7
1,<environment.Job instance at 0x7f07954b12d0>,19,13,[4 6],20,34,47,14,34
1,<environment.Job instance at 0x7f07954b1370>,20,15,[7 1],21,47,62,26,34
1,<environment.Job instance at 0x7f07954b15f0>,24,14,[1 5],25,51,65,26,51
1,<environment.Job instance at 0x7f07954799b0>,9,15,[ 3 10],10,65,80,55,52
1,<environment.Job instance at 0x7f07954b1870>,28,2,[5 7],29,80,82,51,60
1,<environment.Job instance at 0x7f07954b19b0>,30,14,[8 3],31,82,96,51,67
1,<environment.Job instance at 0x7f07954b1b90>,33,1,[1 7],34,82,83,48,67
1,<environment.Job instance at 0x7f07954b1d20>,1,17,[2 6],2,2,19,0,2
1,<environment.Job instance at 0x7f07d6f4a280>,10,18,[3 5],11,19,37,8,12
1,<environment.Job instance at 0x7f07d6bf9b40>,13,1,[1 7],14,37,38,23,14
1,<environment.Job instance at 0x7f07d6bf6f50>,15,13,[ 1 10],16,38,51,22,22
1,<environment.Job instance at 0x7f07d6bf6d20>,25,14,[7 4],26,51,65,25,41
1,<environment.Job instance at 0x7f079518a5f0>,38,16,[6 3],39,65,81,26,52
1,<environment.Job instance at 0x7f079518a370>,39,14,[5 7],40,81,95,41,71
1,<environment.Job instance at 0x7f079541ddc0>,0,19,[6 3],1,1,20,0,1
1,<environment.Job instance at 0x7f07d719a550>,3,12,[1 8],4,20,32,16,5
1,<environment.Job instance at 0x7f079541d730>,5,3,[1 5],6,6,9,0,6
1,<environment.Job instance at 0x7f079534adc0>,9,1,[10  3],10,32,33,22,18
1,<environment.Job instance at 0x7f079522ac80>,14,2,[7 5],15,33,35,18,20
1,<environment.Job instance at 0x7f0795405140>,18,3,[5 8],19,35,38,16,25
1,<environment.Job instance at 0x7f07d7089a50>,21,13,[5 3],22,38,51,16,29
1,<environment.Job instance at 0x7f0795217140>,24,12,[6 4],25,51,63,26,34
1,<environment.Job instance at 0x7f079522a1e0>,13,13,[6 5],14,63,76,49,47
1,<environment.Job instance at 0x7f07d6d10640>,39,13,[5 9],40,76,89,36,64
1,<environment.Job instance at 0x7f07d6d10c30>,36,14,[3 9],37,89,103,52,75
1,<environment.Job instance at 0x7f07dfb990f0>,0,14,[3 6],1,1,15,0,1
1,<environment.Job instance at 0x7f07956fe190>,11,14,[10  4],12,15,29,3,12
1,<environment.Job instance at 0x7f07956fe4b0>,12,18,[5 5],13,29,47,16,18
1,<environment.Job instance at 0x7f07956fe820>,15,15,[7 4],16,47,62,31,36
1,<environment.Job instance at 0x7f07956feaa0>,17,14,[6 2],18,62,76,44,52
1,<environment.Job instance at 0x7f07956ff3c0>,30,3,[4 8],31,62,65,31,56
1,<environment.Job instance at 0x7f07956ff190>,35,1,[8 2],36,76,77,40,60
1,<environment.Job instance at 0x7f07956ff140>,26,28,[1 7],27,69,97,42,69
1,<environment.Job instance at 0x7f07956d8500>,0,15,[4 5],1,1,16,0,1
1,<environment.Job instance at 0x7f079501a9b0>,5,16,[4 5],6,7,23,1,7
1,<environment.Job instance at 0x7f079501a550>,8,16,[ 5 10],9,23,39,14,10
1,<environment.Job instance at 0x7f0794f17050>,17,1,[3 6],18,39,40,21,22
1,<environment.Job instance at 0x7f0794f17460>,20,1,[4 6],21,40,41,19,23
1,<environment.Job instance at 0x7f0794f173c0>,21,1,[4 6],22,41,42,19,23
1,<environment.Job instance at 0x7f0795044460>,11,19,[10  1],12,42,61,30,36
1,<environment.Job instance at 0x7f07df998eb0>,24,2,[ 2 10],25,61,63,36,37
1,<environment.Job instance at 0x7f07e00baaa0>,26,1,[2 6],27,63,64,36,37
1,<environment.Job instance at 0x7f07d6eca550>,30,15,[3 9],31,64,79,33,50
1,<environment.Job instance at 0x7f07953980a0>,38,14,[9 4],39,79,93,40,65
1,<environment.Job instance at 0x7f07953cab40>,1,2,[2 6],2,2,4,0,2
1,<environment.Job instance at 0x7f07d6b80190>,9,15,[5 2],10,13,28,3,13
1,<environment.Job instance at 0x7f07d6c2b050>,7,16,[ 5 10],8,28,44,20,16
1,<environment.Job instance at 0x7f07956bee60>,19,1,[10  3],20,44,45,24,43
1,<environment.Job instance at 0x7f07956be460>,21,16,[ 2 10],22,45,61,23,45
1,<environment.Job instance at 0x7f07956be5f0>,23,18,[ 1 10],24,61,79,37,50
1,<environment.Job instance at 0x7f07956bedc0>,27,18,[10  5],28,79,97,51,68
1,<environment.Job instance at 0x7f07955a9640>,28,3,[7 1],29,97,100,68,79
1,<environment.Job instance at 0x7f07952db910>,3,17,[10  5],4,4,21,0,4
1,<environment.Job instance at 0x7f07df7d8a50>,9,1,[5 6],10,21,22,11,10
1,<environment.Job instance at 0x7f07df7d8b40>,10,13,[9 3],11,22,35,11,11
1,<environment.Job instance at 0x7f07df7d8820>,7,16,[1 5],8,22,38,14,11
1,<environment.Job instance at 0x7f07df7d8f00>,15,15,[9 1],16,35,50,19,30
1,<environment.Job instance at 0x7f07df7bf4b0>,22,17,[1 7],23,38,55,15,35
1,<environment.Job instance at 0x7f07df7bf5f0>,24,1,[8 1],25,50,51,25,36
1,<environment.Job instance at 0x7f07df7bf690>,25,16,[1 6],26,55,71,29,44
1,<environment.Job instance at 0x7f07df7bf910>,29,2,[9 5],30,71,73,41,58
1,<environment.Job instance at 0x7f07df7bf9b0>,32,2,[5 7],33,73,75,40,62
1,<environment.Job instance at 0x7f07df7bfcd0>,33,12,[4 9],34,75,87,41,62
1,<environment.Job instance at 0x7f07df7d8c30>,13,13,[6 5],14,87,100,73,72
1,<environment.Job instance at 0x7f07d6c8c5a0>,3,16,[ 4 10],4,5,21,1,5
1,<environment.Job instance at 0x7f07d6ffae60>,10,20,[9 5],11,21,41,10,13
1,<environment.Job instance at 0x7f07d6df3410>,15,2,[10  5],16,41,43,25,17
1,<environment.Job instance at 0x7f07d6df3550>,17,15,[ 1 10],18,43,58,25,30
1,<environment.Job instance at 0x7f0794ffa820>,26,13,[3 7],27,58,71,31,47
1,<environment.Job instance at 0x7f0794ffa8c0>,27,16,[5 8],28,71,87,43,58
1,<environment.Job instance at 0x7f07d6f49f00>,36,12,[9 4],37,87,99,50,72
1,<environment.Job instance at 0x7f07954055f0>,6,1,[2 5],7,7,8,0,7
1,<environment.Job instance at 0x7f0795405910>,11,12,[6 3],12,25,37,13,25
1,<environment.Job instance at 0x7f0795405320>,9,18,[1 5],10,25,43,15,25
1,<environment.Job instance at 0x7f07952b5e60>,16,13,[9 5],17,37,50,20,27
1,<environment.Job instance at 0x7f07952b5190>,19,13,[7 5],20,50,63,30,39
1,<environment.Job instance at 0x7f07952b5050>,13,15,[4 8],14,63,78,49,52
1,<environment.Job instance at 0x7f07952b5eb0>,24,19,[9 1],25,78,97,53,69
1,<environment.Job instance at 0x7f07956c1d20>,3,3,[1 6],4,4,7,0,4
1,<environment.Job instance at 0x7f07954ea870>,6,1,[ 3 10],7,7,8,0,7
1,<environment.Job instance at 0x7f07954ea6e0>,7,15,[3 9],8,8,23,0,8
1,<environment.Job instance at 0x7f07954eab90>,10,18,[5 4],11,23,41,12,13
1,<environment.Job instance at 0x7f07954e4730>,20,14,[2 6],21,23,37,2,21
1,<environment.Job instance at 0x7f0795500140>,23,16,[3 8],24,41,57,17,28
1,<environment.Job instance at 0x7f07dfbabaa0>,12,19,[6 2],13,41,60,28,39
1,<environment.Job instance at 0x7f07954e7780>,26,18,[3 6],27,57,75,30,46
1,<environment.Job instance at 0x7f0795536140>,31,3,[2 9],32,75,78,43,59
1,<environment.Job instance at 0x7f0795068b90>,36,18,[3 9],37,78,96,41,70
1,<environment.Job instance at 0x7f0795233280>,43,1,[5 5],44,96,97,52,72
1,<environment.Job instance at 0x7f07dfd4a280>,5,20,[10  3],6,6,26,0,6
1,<environment.Job instance at 0x7f07d6c810a0>,21,14,[1 5],22,26,40,4,22
1,<environment.Job instance at 0x7f0794ea7b40>,22,17,[5 1],23,26,43,3,23
1,<environment.Job instance at 0x7f07dfceaa50>,25,12,[8 3],26,43,55,17,26
1,<environment.Job instance at 0x7f07d6cc7c30>,31,15,[7 3],32,55,70,23,41
1,<environment.Job instance at 0x7f07d6eccc30>,34,28,[ 5 10],35,79,107,44,79
1,<environment.Job instance at 0x7f07d6c3bf00>,0,2,[2 6],1,1,3,0,1
1,<environment.Job instance at 0x7f0794fa2140>,3,23,[1 7],4,5,28,1,5
1,<environment.Job instance at 0x7f0794d9d550>,10,16,[4 8],11,28,44,17,15
1,<environment.Job instance at 0x7f0794d9d870>,17,12,[9 2],18,44,56,26,27
1,<environment.Job instance at 0x7f0794d9d460>,25,1,[8 5],26,56,57,30,44
1,<environment.Job instance at 0x7f0794d9d910>,26,3,[2 5],27,56,59,29,44
1,<environment.Job instance at 0x7f0794d9d5f0>,13,17,[ 4 10],14,59,76,45,48
1,<environment.Job instance at 0x7f0794da0a00>,30,12,[ 5 10],31,76,88,45,63
1,<environment.Job instance at 0x7f0794da0e60>,34,13,[1 9],35,88,101,53,74
1,<environment.Job instance at 0x7f0794e27c80>,0,14,[3 5],1,1,15,0,1
1,<environment.Job instance at 0x7f07d6dbed20>,5,17,[ 5 10],6,15,32,9,6
1,<environment.Job instance at 0x7f07d6db80a0>,14,16,[8 5],15,32,48,17,20
1,<environment.Job instance at 0x7f07df6c3f50>,28,13,[5 7],29,48,61,19,37
1,<environment.Job instance at 0x7f07d6db8140>,12,16,[5 3],13,48,64,35,45
1,<environment.Job instance at 0x7f07d6b80820>,35,18,[10  4],36,72,90,36,72
1,<environment.Job instance at 0x7f0794e11cd0>,37,15,[7 2],38,90,105,52,76
1,<environment.Job instance at 0x7f0794ea08c0>,0,17,[5 9],1,1,18,0,1
1,<environment.Job instance at 0x7f07950163c0>,5,14,[6 1],6,18,32,12,6
1,<environment.Job instance at 0x7f07e01ec8c0>,14,18,[ 2 10],15,32,50,17,21
1,<environment.Job instance at 0x7f07d711d6e0>,18,3,[6 2],19,50,53,31,33
1,<environment.Job instance at 0x7f07df825780>,21,14,[4 9],22,53,67,31,39
1,<environment.Job instance at 0x7f07d7240230>,4,1,[2 5],5,5,6,0,5
1,<environment.Job instance at 0x7f0794ef4730>,7,13,[5 5],8,8,21,0,8
1,<environment.Job instance at 0x7f07d7240870>,3,12,[5 8],4,21,33,17,13
1,<environment.Job instance at 0x7f0794ef4910>,16,16,[ 5 10],17,33,49,16,21
1,<environment.Job instance at 0x7f07d7097e60>,26,1,[5 5],27,49,50,22,28
1,<environment.Job instance at 0x7f07d7097550>,24,12,[3 9],25,50,62,25,39
1,<environment.Job instance at 0x7f07d70973c0>,33,15,[8 4],34,62,77,28,49
1,<environment.Job instance at 0x7f07e00f9230>,42,1,[5 5],43,77,78,34,64
1,<environment.Job instance at 0x7f07955351e0>,43,21,[5 7],44,78,99,34,72
1,<environment.Job instance at 0x7f07953f35f0>,1,1,[5 1],2,2,3,0,2
1,<environment.Job instance at 0x7f07953f3190>,2,2,[5 7],3,3,5,0,3
1,<environment.Job instance at 0x7f07953f3050>,4,13,[10  5],5,5,18,0,5
1,<environment.Job instance at 0x7f07d6c7ae60>,7,17,[1 7],8,18,35,10,8
1,<environment.Job instance at 0x7f0794fc2730>,18,14,[1 6],19,35,49,16,20
1,<environment.Job instance at 0x7f0794fec5f0>,22,18,[6 4],23,35,53,12,35
1,<environment.Job instance at 0x7f0794fec190>,27,12,[2 5],28,49,61,21,38
1,<environment.Job instance at 0x7f0794feacd0>,34,16,[5 3],35,53,69,18,41
1,<environment.Job instance at 0x7f0794fddaa0>,42,18,[7 3],43,69,87,26,58
1,<environment.Job instance at 0x7f0794fc7370>,44,2,[7 3],45,87,89,42,60
1,<environment.Job instance at 0x7f079556c280>,47,16,[3 5],48,69,85,21,69
1,<environment.Job instance at 0x7f59f03482d0>,2,22,[4 8],3,3,25,0,3
1,<environment.Job instance at 0x7f59f038cd70>,5,2,[1 5],6,25,27,19,8
1,<environment.Job instance at 0x7f59eaf399b0>,10,12,[3 7],11,27,39,16,18
1,<environment.Job instance at 0x7f59eaf39b90>,13,18,[ 4 10],14,39,57,25,28
1,<environment.Job instance at 0x7f59eaf39d70>,16,16,[3 5],17,57,73,40,44
1,<environment.Job instance at 0x7f59eaf3da50>,30,14,[5 2],31,57,71,26,51
1,<environment.Job instance at 0x7f59eaf3dcd0>,33,14,[5 5],34,71,85,37,57
1,<environment.Job instance at 0x7f59eaf3dc80>,37,2,[2 6],38,85,87,47,83
1,<environment.Job instance at 0x7f59eaf3f1e0>,39,2,[5 6],40,87,89,47,83
1,<environment.Job instance at 0x7f59eaf3f3c0>,42,2,[4 6],43,89,91,46,83
1,<environment.Job instance at 0x7f59eaf3f320>,41,1,[5 2],42,83,84,41,83
1,<environment.Job instance at 0x7f59eaf3f870>,44,3,[5 5],45,91,94,46,83
1,<environment.Job instance at 0x7f59eaf3f410>,43,18,[5 5],44,91,109,47,84
1,<environment.Job instance at 0x7f59eaf3f370>,1,3,[1 8],2,2,5,0,2
1,<environment.Job instance at 0x7f59f036f870>,4,3,[4 5],5,6,9,1,6
1,<environment.Job instance at 0x7f59f0370e60>,12,16,[3 9],13,13,29,0,13
1,<environment.Job instance at 0x7f59f0370eb0>,13,16,[1 6],14,29,45,15,16
1,<environment.Job instance at 0x7f59f04b7820>,20,3,[6 5],21,45,48,24,35
1,<environment.Job instance at 0x7f59f0370cd0>,11,18,[ 1 10],12,48,66,36,38
1,<environment.Job instance at 0x7f59f04b7e10>,25,16,[7 5],26,66,82,40,55
1,<environment.Job instance at 0x7f59f04bcb90>,43,16,[ 3 10],44,88,104,44,88
1,<environment.Job instance at 0x7f59a5311d70>,2,14,[2 9],3,3,17,0,3
1,<environment.Job instance at 0x7f59a5318230>,14,12,[3 8],15,17,29,2,15
1,<environment.Job instance at 0x7f59a527be10>,21,14,[1 6],22,29,43,7,22
1,<environment.Job instance at 0x7f59a5236320>,22,14,[2 7],23,43,57,20,28
1,<environment.Job instance at 0x7f59a5236c30>,26,3,[2 8],27,57,60,30,31
1,<environment.Job instance at 0x7f59a52365a0>,30,3,[5 6],31,60,63,29,34
1,<environment.Job instance at 0x7f59a5233550>,34,16,[7 2],35,35,51,0,35
1,<environment.Job instance at 0x7f59a52336e0>,37,3,[1 5],38,63,66,25,38
1,<environment.Job instance at 0x7f59a52369b0>,23,14,[7 5],24,63,77,39,49
1,<environment.Job instance at 0x7f59a522faa0>,44,16,[9 4],45,77,93,32,65
1,<environment.Job instance at 0x7f59f04bcb90>,9,12,[9 3],10,93,105,83,77
1,<environment.Job instance at 0x7f59a52287d0>,49,13,[6 3],50,105,118,55,89
1,<environment.Job instance at 0x7f59a52f00f0>,0,17,[2 6],1,1,18,0,1
1,<environment.Job instance at 0x7f59a536caf0>,14,15,[10  4],15,18,33,3,15
1,<environment.Job instance at 0x7f59a536cc30>,18,13,[8 5],19,33,46,14,25
1,<environment.Job instance at 0x7f59a58b7af0>,22,18,[8 2],23,46,64,23,35
1,<environment.Job instance at 0x7f59a5852500>,28,1,[2 7],29,46,47,17,36
1,<environment.Job instance at 0x7f59a58525f0>,33,2,[5 1],34,64,66,30,54
1,<environment.Job instance at 0x7f59a5852d70>,34,17,[9 4],35,66,83,31,54
1,<environment.Job instance at 0x7f59a535e280>,38,17,[3 6],39,83,100,44,71
1,<environment.Job instance at 0x7f59a535e6e0>,42,1,[5 9],43,100,101,57,80
1,<environment.Job instance at 0x7f59a58bb550>,47,1,[8 5],48,101,102,53,84
1,<environment.Job instance at 0x7f59eaf42e60>,48,2,[2 6],49,102,104,53,84
1,<environment.Job instance at 0x7f59f04c2960>,0,27,[ 5 10],1,7,34,6,7
1,<environment.Job instance at 0x7f59a5635d20>,20,14,[7 5],21,34,48,13,23
1,<environment.Job instance at 0x7f59a5629a00>,30,18,[9 5],31,48,66,17,44
1,<environment.Job instance at 0x7f59a5629f00>,36,12,[8 3],37,66,78,29,49
1,<environment.Job instance at 0x7f59a5635fa0>,21,3,[1 6],22,66,69,44,53
1,<environment.Job instance at 0x7f59a563e2d0>,40,2,[10  2],41,78,80,37,66
1,<environment.Job instance at 0x7f59f04c2dc0>,2,12,[3 8],3,80,92,77,72
1,<environment.Job instance at 0x7f59a563e8c0>,48,14,[ 2 10],49,92,106,43,81
1,<environment.Job instance at 0x7f59eb1a8550>,0,1,[5 1],1,1,2,0,1
1,<environment.Job instance at 0x7f59eadbc0f0>,4,3,[6 1],5,5,8,0,5
1,<environment.Job instance at 0x7f59eadbcfa0>,6,18,[4 6],7,7,25,0,7
1,<environment.Job instance at 0x7f59efd35690>,16,25,[3 8],17,25,50,8,25
1,<environment.Job instance at 0x7f59efd352d0>,22,24,[ 3 10],23,50,74,27,49
1,<environment.Job instance at 0x7f59efd35460>,24,17,[8 5],25,74,91,49,62
1,<environment.Job instance at 0x7f59ef75a2d0>,34,16,[10  3],35,91,107,56,80
1,<environment.Job instance at 0x7f59a553ffa0>,1,14,[5 8],2,2,16,0,2
1,<environment.Job instance at 0x7f59eaf83dc0>,14,2,[2 5],15,16,18,1,15
1,<environment.Job instance at 0x7f59eb049af0>,18,20,[6 2],19,27,47,8,27
1,<environment.Job instance at 0x7f59eb450190>,27,18,[1 7],28,45,63,17,45
1,<environment.Job instance at 0x7f59eb292410>,30,15,[1 6],31,63,78,32,58
1,<environment.Job instance at 0x7f59ef991550>,32,18,[5 5],33,78,96,45,67
1,<environment.Job instance at 0x7f59eafac6e0>,29,14,[10  1],30,96,110,66,82
1,<environment.Job instance at 0x7f59efcceaf0>,12,21,[1 6],13,15,36,2,15
1,<environment.Job instance at 0x7f59efcce9b0>,11,27,[5 1],12,15,42,3,15
1,<environment.Job instance at 0x7f59efcce8c0>,9,17,[5 9],10,36,53,26,25
1,<environment.Job instance at 0x7f59efce4050>,19,18,[7 3],20,53,71,33,42
1,<environment.Job instance at 0x7f59efce4730>,25,13,[2 6],26,53,66,27,51
1,<environment.Job instance at 0x7f59efccea00>,13,17,[8 5],14,71,88,57,59
1,<environment.Job instance at 0x7f59efce4d70>,38,18,[1 9],39,88,106,49,78
1,<environment.Job instance at 0x7f59efbbfbe0>,8,1,[6 1],9,9,10,0,9
1,<environment.Job instance at 0x7f59efbbf2d0>,7,16,[ 5 10],8,10,26,2,9
1,<environment.Job instance at 0x7f59a574b0a0>,12,16,[9 4],13,26,42,13,15
1,<environment.Job instance at 0x7f59efbf1690>,21,16,[ 2 10],22,42,58,20,40
1,<environment.Job instance at 0x7f59a5424d70>,22,17,[4 5],23,58,75,35,47
1,<environment.Job instance at 0x7f59ef7e1500>,28,3,[7 1],29,76,79,47,76
1,<environment.Job instance at 0x7f59ef956dc0>,29,1,[7 3],30,79,80,49,76
1,<environment.Job instance at 0x7f59ef852690>,30,15,[ 4 10],31,80,95,49,76
1,<environment.Job instance at 0x7f59a55e5d20>,38,14,[1 7],39,95,109,56,83
1,<environment.Job instance at 0x7f59eb0247d0>,1,16,[2 7],2,2,18,0,2
1,<environment.Job instance at 0x7f59a56562d0>,3,13,[6 5],4,18,31,14,4
1,<environment.Job instance at 0x7f59efebee60>,10,16,[2 8],11,31,47,20,19
1,<environment.Job instance at 0x7f59efebe5a0>,13,17,[6 4],14,47,64,33,36
1,<environment.Job instance at 0x7f59efda2410>,28,16,[2 7],29,64,80,35,59
1,<environment.Job instance at 0x7f59efda21e0>,33,13,[1 7],34,80,93,46,69
1,<environment.Job instance at 0x7f59eaec7690>,36,16,[6 1],37,73,89,36,73
1,<environment.Job instance at 0x7f59eb2320a0>,41,15,[9 5],42,93,108,51,79
1,<environment.Job instance at 0x7f59a52b75f0>,1,18,[3 7],2,2,20,0,2
1,<environment.Job instance at 0x7f59eb3f6cd0>,7,16,[5 8],8,20,36,12,11
1,<environment.Job instance at 0x7f59eb3ec230>,13,15,[4 9],14,36,51,22,24
1,<environment.Job instance at 0x7f59eb3ec910>,20,16,[9 2],21,51,67,30,39
1,<environment.Job instance at 0x7f59eb3ece10>,25,12,[5 9],26,67,79,41,51
1,<environment.Job instance at 0x7f59eb400410>,32,15,[2 9],33,79,94,46,65
1,<environment.Job instance at 0x7f59eb400820>,37,16,[3 5],38,94,110,56,85
1,<environment.Job instance at 0x7f59eaeb9a00>,2,16,[1 7],3,3,19,0,3
1,<environment.Job instance at 0x7f59eb463dc0>,17,22,[6 1],18,18,40,0,18
1,<environment.Job instance at 0x7f59eb463c30>,19,14,[3 8],20,20,34,0,20
1,<environment.Job instance at 0x7f59a57fbdc0>,14,1,[9 2],15,40,41,25,21
1,<environment.Job instance at 0x7f59efaa2280>,27,16,[8 4],28,41,57,13,28
1,<environment.Job instance at 0x7f59a5547cd0>,33,13,[8 3],34,57,70,23,46
1,<environment.Job instance at 0x7f59efaa2550>,28,14,[6 3],29,70,84,41,58
1,<environment.Job instance at 0x7f59f032a0f0>,41,13,[5 2],42,84,97,42,71
1,<environment.Job instance at 0x7f59eb09d640>,47,14,[2 6],48,86,100,38,86
1,<environment.Job instance at 0x7f59eb299af0>,1,16,[6 5],2,2,18,0,2
1,<environment.Job instance at 0x7f59ead75550>,5,16,[6 5],6,18,34,12,7
1,<environment.Job instance at 0x7f59eaff16e0>,23,14,[4 8],24,34,48,10,24
1,<environment.Job instance at 0x7f59eaff1d20>,21,14,[6 1],22,34,48,12,29
1,<environment.Job instance at 0x7f59eb1e00a0>,18,14,[7 2],19,48,62,29,33
1,<environment.Job instance at 0x7f59a57be820>,34,16,[7 5],35,62,78,27,50
1,<environment.Job instance at 0x7f59a52a65a0>,44,15,[10  2],45,78,93,33,64
1,<environment.Job instance at 0x7f59eb1e01e0>,19,18,[1 9],20,93,111,73,82
1,<environment.Job instance at 0x7f59ef74e550>,0,12,[2 6],1,1,13,0,1
1,<environment.Job instance at 0x7f59eaf0d370>,9,13,[4 8],10,13,26,3,12
1,<environment.Job instance at 0x7f59eaf0d410>,11,16,[2 5],12,26,42,14,13
1,<environment.Job instance at 0x7f59eaf0db90>,15,15,[5 4],16,26,41,10,17
1,<environment.Job instance at 0x7f59eaeea1e0>,21,18,[4 9],22,42,60,20,31
1,<environment.Job instance at 0x7f59eae40190>,26,14,[5 4],27,60,74,33,46
1,<environment.Job instance at 0x7f59eae4d910>,35,18,[ 2 10],36,74,92,38,67
1,<environment.Job instance at 0x7f59eae3ebe0>,39,17,[9 1],40,92,109,52,80
1,<environment.Job instance at 0x7f59ef9d7c80>,42,26,[1 5],43,92,118,49,89
1,<environment.Job instance at 0x7f59ef878e10>,0,18,[3 6],1,1,19,0,1
1,<environment.Job instance at 0x7f59efbc3d20>,3,13,[6 4],4,4,17,0,4
1,<environment.Job instance at 0x7f59efa99230>,6,16,[2 7],7,19,35,12,7
1,<environment.Job instance at 0x7f59eb06df00>,13,3,[ 2 10],14,35,38,21,14
1,<environment.Job instance at 0x7f59a58ea960>,11,2,[5 4],12,17,19,5,16
1,<environment.Job instance at 0x7f59ef9492d0>,20,14,[3 5],21,38,52,17,24
1,<environment.Job instance at 0x7f59eaf1ef00>,23,3,[5 4],24,38,41,14,26
1,<environment.Job instance at 0x7f59eb450f50>,26,12,[5 6],27,52,64,25,35
1,<environment.Job instance at 0x7f59a58eaa00>,12,12,[1 7],13,64,76,51,47
1,<environment.Job instance at 0x7f59a58bc7d0>,42,16,[9 3],43,64,80,21,55
1,<environment.Job instance at 0x7f59efc33870>,45,22,[5 2],46,80,102,34,73
1,<environment.Job instance at 0x7f59eb152460>,2,3,[1 5],3,3,6,0,3
1,<environment.Job instance at 0x7f59eacb87d0>,5,13,[3 7],6,6,19,0,6
1,<environment.Job instance at 0x7f59a4f0c5a0>,13,2,[ 3 10],14,19,21,5,17
1,<environment.Job instance at 0x7f59a4f0ccd0>,15,14,[6 1],16,21,35,5,18
1,<environment.Job instance at 0x7f59a4f0c190>,16,16,[3 8],17,21,37,4,18
1,<environment.Job instance at 0x7f59a4f0c0a0>,17,18,[ 5 10],18,37,55,19,26
1,<environment.Job instance at 0x7f59eacb8f50>,9,13,[4 5],10,55,68,45,45
1,<environment.Job instance at 0x7f59a4f21d70>,28,3,[6 2],29,55,58,26,48
1,<environment.Job instance at 0x7f59a4f21b90>,32,16,[6 2],33,58,74,25,48
1,<environment.Job instance at 0x7f59a4f0c9b0>,18,15,[1 8],19,68,83,49,54
1,<environment.Job instance at 0x7f59a4f21370>,42,13,[3 7],43,88,101,45,88
1,<environment.Job instance at 0x7f59a4f21b40>,31,14,[4 9],32,101,115,69,88
1,<environment.Job instance at 0x7f59a4ec22d0>,3,12,[5 8],4,4,16,0,4
1,<environment.Job instance at 0x7f59eb000aa0>,15,3,[4 8],16,16,19,0,16
1,<environment.Job instance at 0x7f59eb3c1550>,16,16,[ 5 10],17,19,35,2,17
1,<environment.Job instance at 0x7f59eb000640>,18,3,[2 8],19,35,38,16,23
1,<environment.Job instance at 0x7f59eaff1be0>,10,12,[10  4],11,38,50,27,24
1,<environment.Job instance at 0x7f59efe22f00>,5,3,[10  1],6,50,53,44,27
1,<environment.Job instance at 0x7f59efc42d70>,23,14,[1 8],24,53,67,29,41
1,<environment.Job instance at 0x7f59eb41bfa0>,35,13,[5 1],36,53,66,17,52
1,<environment.Job instance at 0x7f59eb4283c0>,40,16,[6 2],41,66,82,25,56
1,<environment.Job instance at 0x7f59eb416820>,43,21,[5 7],44,82,103,38,77
1,<environment.Job instance at 0x7f59eafaf640>,1,16,[2 6],2,2,18,0,2
1,<environment.Job instance at 0x7f59a543afa0>,4,13,[2 5],5,18,31,13,5
1,<environment.Job instance at 0x7f59ef89a0a0>,12,18,[6 4],13,17,35,4,17
1,<environment.Job instance at 0x7f59eb2080a0>,16,1,[5 3],17,35,36,18,23
1,<environment.Job instance at 0x7f59eace1820>,20,1,[1 7],21,35,36,14,25
1,<environment.Job instance at 0x7f59eace1d20>,21,12,[5 1],22,36,48,14,25
1,<environment.Job instance at 0x7f59eace1550>,23,2,[6 3],24,48,50,24,25
1,<environment.Job instance at 0x7f59eff06f00>,25,13,[2 6],26,36,49,10,35
1,<environment.Job instance at 0x7f59eace18c0>,24,16,[5 3],25,50,66,25,38
1,<environment.Job instance at 0x7f59a55626e0>,35,16,[5 7],36,51,67,15,51
1,<environment.Job instance at 0x7f59a5562910>,31,12,[7 4],32,67,79,35,53
1,<environment.Job instance at 0x7f59eff1c190>,43,13,[10  3],44,79,92,35,67
1,<environment.Job instance at 0x7f59eae40050>,52,17,[3 8],53,92,109,39,83
1,<environment.Job instance at 0x7f59ef9e7f00>,0,2,[2 6],1,1,3,0,1
1,<environment.Job instance at 0x7f59a501f870>,2,2,[2 8],3,3,5,0,3
1,<environment.Job instance at 0x7f59a501fe10>,3,18,[4 9],4,5,23,1,4
1,<environment.Job instance at 0x7f59a4f14dc0>,14,17,[10  4],15,23,40,8,15
1,<environment.Job instance at 0x7f59a501f500>,9,12,[9 3],10,40,52,30,27
1,<environment.Job instance at 0x7f59efc26820>,30,17,[2 8],31,52,69,21,43
1,<environment.Job instance at 0x7f59efc260a0>,37,18,[7 1],38,52,70,14,51
1,<environment.Job instance at 0x7f59efc264b0>,34,16,[6 3],35,70,86,35,57
1,<environment.Job instance at 0x7f59a5664550>,43,16,[4 9],44,86,102,42,76
1,<environment.Job instance at 0x7f59a550c780>,51,12,[1 7],52,102,114,50,87
1,<environment.Job instance at 0x7f59a57b0140>,1,12,[7 5],2,2,14,0,2
1,<environment.Job instance at 0x7f59a575b4b0>,4,18,[3 8],5,14,32,9,5
1,<environment.Job instance at 0x7f59ef81a050>,21,1,[6 1],22,22,23,0,22
1,<environment.Job instance at 0x7f59a5606a50>,23,2,[4 7],24,32,34,8,24
1,<environment.Job instance at 0x7f59efd30d20>,11,17,[2 9],12,34,51,22,25
1,<environment.Job instance at 0x7f59ef81a780>,20,12,[3 8],21,51,63,30,34
1,<environment.Job instance at 0x7f59a4f835a0>,33,17,[5 1],34,51,68,17,51
1,<environment.Job instance at 0x7f59a4f83640>,35,15,[9 5],36,68,83,32,54
1,<environment.Job instance at 0x7f59a4fab410>,41,16,[8 5],42,83,99,41,75
1,<environment.Job instance at 0x7f57b0e721e0>,4,14,[1 6],5,8,22,3,8
1,<environment.Job instance at 0x7f57b0e728c0>,10,12,[3 7],11,22,34,11,12
1,<environment.Job instance at 0x7f57b0e72410>,6,20,[6 1],7,15,35,8,15
1,<environment.Job instance at 0x7f57b0e72b90>,14,13,[7 3],15,35,48,20,22
1,<environment.Job instance at 0x7f57b0e72d70>,19,14,[3 5],20,34,48,14,27
1,<environment.Job instance at 0x7f57b0e72d20>,16,16,[3 5],17,48,64,31,37
1,<environment.Job instance at 0x7f57b0e765f0>,26,3,[3 7],27,64,67,37,53
1,<environment.Job instance at 0x7f57b0e76c30>,29,12,[5 4],30,67,79,37,62
1,<environment.Job instance at 0x7f57b0e76e10>,34,24,[1 8],35,79,103,44,76
1,<environment.Job instance at 0x7f57b0e764b0>,24,18,[2 6],25,103,121,78,92
1,<environment.Job instance at 0x7f57ba3fc6e0>,0,18,[2 7],1,1,19,0,1
1,<environment.Job instance at 0x7f57ba2a9eb0>,8,3,[10  4],9,19,22,10,10
1,<environment.Job instance at 0x7f57ba2a9370>,9,1,[10  4],10,22,23,12,11
1,<environment.Job instance at 0x7f57ba3f8640>,2,16,[3 9],3,23,39,20,17
1,<environment.Job instance at 0x7f57ba3f2eb0>,15,16,[7 5],16,39,55,23,28
1,<environment.Job instance at 0x7f57ba3ee500>,31,1,[3 9],32,55,56,23,46
1,<environment.Job instance at 0x7f57ba3ee410>,32,13,[ 5 10],33,56,69,23,46
1,<environment.Job instance at 0x7f57ba2a8230>,35,14,[ 2 10],36,69,83,33,59
1,<environment.Job instance at 0x7f57ba3f7c30>,27,22,[4 5],28,83,105,55,82
1,<environment.Job instance at 0x7f576f205320>,0,13,[10  5],1,1,14,0,1
1,<environment.Job instance at 0x7f576f205960>,7,1,[2 8],8,14,15,6,8
1,<environment.Job instance at 0x7f576f205f50>,9,2,[10  4],10,15,17,5,10
1,<environment.Job instance at 0x7f576f26de10>,14,16,[7 2],15,17,33,2,15
1,<environment.Job instance at 0x7f576f26d960>,25,1,[3 8],26,26,27,0,26
1,<environment.Job instance at 0x7f576f21ce60>,26,14,[10  1],27,33,47,6,28
1,<environment.Job instance at 0x7f576f21c730>,30,13,[7 4],31,47,60,16,32
1,<environment.Job instance at 0x7f576f21c6e0>,38,18,[6 3],39,60,78,21,50
1,<environment.Job instance at 0x7f576f2740a0>,44,16,[7 5],45,78,94,33,65
1,<environment.Job instance at 0x7f576f26d4b0>,20,18,[4 5],21,94,112,73,91
1,<environment.Job instance at 0x7f576f643aa0>,8,17,[3 6],9,9,26,0,9
1,<environment.Job instance at 0x7f576f677a00>,11,14,[8 2],12,26,40,14,15
1,<environment.Job instance at 0x7f576f645e60>,26,15,[2 7],27,28,43,1,28
1,<environment.Job instance at 0x7f576f645780>,25,12,[2 6],26,43,55,17,28
1,<environment.Job instance at 0x7f576f73d640>,27,1,[9 3],28,55,56,27,32
1,<environment.Job instance at 0x7f576f73d870>,28,15,[7 5],29,56,71,27,45
1,<environment.Job instance at 0x7f576f5c5280>,34,23,[10  2],35,71,94,36,65
1,<environment.Job instance at 0x7f576f5ea2d0>,29,15,[ 3 10],30,94,109,64,82
1,<environment.Job instance at 0x7f576f645640>,24,12,[5 9],25,109,121,84,95
1,<environment.Job instance at 0x7f576f5c5d70>,1,17,[2 6],2,2,19,0,2
1,<environment.Job instance at 0x7f576f56a6e0>,8,14,[ 2 10],9,19,33,10,15
1,<environment.Job instance at 0x7f576f56a870>,15,13,[ 1 10],16,33,46,17,17
1,<environment.Job instance at 0x7f576f56e820>,24,2,[2 5],25,46,48,21,31
1,<environment.Job instance at 0x7f576f56e8c0>,25,14,[7 4],26,46,60,20,31
1,<environment.Job instance at 0x7f576f56e870>,26,1,[3 8],27,60,61,33,32
1,<environment.Job instance at 0x7f576f56eeb0>,29,1,[ 3 10],30,61,62,31,34
1,<environment.Job instance at 0x7f576f575140>,32,1,[ 5 10],33,62,63,29,44
1,<environment.Job instance at 0x7f576f575690>,35,12,[ 1 10],36,63,75,27,52
1,<environment.Job instance at 0x7f576f56ed20>,31,13,[4 5],32,75,88,43,59
1,<environment.Job instance at 0x7f576f56a9b0>,10,18,[3 5],11,75,93,64,70
1,<environment.Job instance at 0x7f576f575fa0>,48,15,[8 5],49,93,108,44,79
1,<environment.Job instance at 0x7f576f55a780>,58,17,[7 4],59,108,125,49,99
1,<environment.Job instance at 0x7f57b0c51aa0>,0,1,[6 3],1,1,2,0,1
1,<environment.Job instance at 0x7f576f55a8c0>,1,13,[5 3],2,2,15,0,2
1,<environment.Job instance at 0x7f576f532780>,5,21,[2 5],6,9,30,3,9
1,<environment.Job instance at 0x7f576f532230>,15,12,[2 9],16,30,42,14,21
1,<environment.Job instance at 0x7f576f5325f0>,14,1,[5 8],15,42,43,27,22
1,<environment.Job instance at 0x7f57b9d18500>,22,3,[ 1 10],23,43,46,20,23
1,<environment.Job instance at 0x7f57b9d18c30>,24,17,[3 9],25,46,63,21,34
1,<environment.Job instance at 0x7f57b1028960>,30,14,[6 4],31,63,77,32,48
1,<environment.Job instance at 0x7f576f5329b0>,10,12,[2 5],11,63,75,52,59
1,<environment.Job instance at 0x7f57b1028460>,25,13,[10  4],26,77,90,51,61
1,<environment.Job instance at 0x7f57b10289b0>,41,14,[5 8],42,90,104,48,75
1,<environment.Job instance at 0x7f57b0fe25f0>,47,3,[7 1],48,104,107,56,88
1,<environment.Job instance at 0x7f57b10c0f00>,50,1,[6 3],51,107,108,56,92
1,<environment.Job instance at 0x7f57b1028280>,36,2,[5 1],37,95,97,58,95
1,<environment.Job instance at 0x7f57b10c0d20>,52,18,[5 1],53,108,126,55,97
1,<environment.Job instance at 0x7f57b10c0190>,1,13,[1 7],2,2,15,0,2
1,<environment.Job instance at 0x7f57b0d8b0f0>,17,1,[9 4],18,20,21,2,20
1,<environment.Job instance at 0x7f57b0f10b90>,20,15,[9 4],21,21,36,0,21
1,<environment.Job instance at 0x7f57b0d1da50>,22,13,[1 5],23,23,36,0,23
1,<environment.Job instance at 0x7f57b0f37140>,23,20,[5 4],24,36,56,12,27
1,<environment.Job instance at 0x7f57b0fe39b0>,14,15,[9 1],15,56,71,41,49
1,<environment.Job instance at 0x7f57b97d3960>,38,1,[ 3 10],39,71,72,32,57
1,<environment.Job instance at 0x7f57b97d3aa0>,39,17,[5 9],40,72,89,32,60
1,<environment.Job instance at 0x7f57b97d34b0>,43,17,[8 5],44,89,106,45,80
1,<environment.Job instance at 0x7f57b980daf0>,4,18,[4 7],5,5,23,0,5
1,<environment.Job instance at 0x7f57b980dbe0>,5,12,[5 6],6,23,35,17,6
1,<environment.Job instance at 0x7f57b97ff8c0>,17,3,[6 4],18,35,38,17,22
1,<environment.Job instance at 0x7f57b97ffaf0>,19,18,[9 5],20,38,56,18,31
1,<environment.Job instance at 0x7f57b98091e0>,27,16,[ 5 10],28,56,72,28,46
1,<environment.Job instance at 0x7f57b9809410>,32,16,[9 4],33,72,88,39,63
1,<environment.Job instance at 0x7f57b9809c80>,39,1,[10  3],40,95,96,55,95
1,<environment.Job instance at 0x7f57b9809d70>,40,16,[5 1],41,96,112,55,95
1,<environment.Job instance at 0x7f57b9809a00>,42,17,[4 5],43,98,115,55,98
1,<environment.Job instance at 0x7f57b0defd70>,0,2,[2 7],1,1,3,0,1
1,<environment.Job instance at 0x7f57b0defe10>,2,3,[3 8],3,3,6,0,3
1,<environment.Job instance at 0x7f57b0def140>,4,17,[3 6],5,6,23,1,6
1,<environment.Job instance at 0x7f57b1005a50>,12,15,[3 8],13,23,38,10,13
1,<environment.Job instance at 0x7f576f7a5b90>,20,16,[2 8],21,38,54,17,27
1,<environment.Job instance at 0x7f576f46aa50>,28,14,[5 4],29,54,68,25,53
1,<environment.Job instance at 0x7f57b1157be0>,35,3,[1 6],36,69,72,33,69
1,<environment.Job instance at 0x7f57b9aa7050>,38,16,[2 7],39,72,88,33,69
1,<environment.Job instance at 0x7f57b0def4b0>,15,15,[9 1],16,88,103,72,81
1,<environment.Job instance at 0x7f576f44db90>,43,13,[1 7],44,88,101,44,85
1,<environment.Job instance at 0x7f57b101f2d0>,46,16,[6 1],47,103,119,56,96
1,<environment.Job instance at 0x7f57ba2a4730>,1,18,[3 7],2,2,20,0,2
1,<environment.Job instance at 0x7f57b9813f50>,3,14,[5 5],4,20,34,16,5
1,<environment.Job instance at 0x7f576f3aca50>,15,12,[ 3 10],16,34,46,18,21
1,<environment.Job instance at 0x7f576f3ac460>,14,14,[10  4],15,46,60,31,35
1,<environment.Job instance at 0x7f57b113b230>,26,12,[6 4],27,60,72,33,49
1,<environment.Job instance at 0x7f57b113be60>,28,17,[1 6],29,60,77,31,53
1,<environment.Job instance at 0x7f57b0c57370>,31,1,[9 4],32,72,73,40,56
1,<environment.Job instance at 0x7f57b0ef8820>,34,2,[1 6],35,77,79,42,58
1,<environment.Job instance at 0x7f57b0ef8e60>,36,3,[9 2],37,73,76,36,65
1,<environment.Job instance at 0x7f57b0ef87d0>,37,16,[3 5],38,79,95,41,66
1,<environment.Job instance at 0x7f57b0e4f870>,44,17,[8 3],45,95,112,50,83
1,<environment.Job instance at 0x7f57b9a9d0a0>,20,16,[9 2],21,112,128,91,99
1,<environment.Job instance at 0x7f57b0c62690>,2,14,[9 3],3,3,17,0,3
1,<environment.Job instance at 0x7f57b10f8460>,6,16,[4 9],7,17,33,10,7
1,<environment.Job instance at 0x7f57b10f8550>,7,22,[6 1],8,28,50,20,28
1,<environment.Job instance at 0x7f57b110a0f0>,20,17,[8 4],21,50,67,29,38
1,<environment.Job instance at 0x7f57b110a910>,34,17,[4 7],35,67,84,32,64
1,<environment.Job instance at 0x7f57b110afa0>,37,14,[2 6],38,84,98,46,69
1,<environment.Job instance at 0x7f57b110ae60>,33,17,[6 4],34,84,101,50,74
1,<environment.Job instance at 0x7f57b110d870>,45,14,[5 7],46,101,115,55,86
1,<environment.Job instance at 0x7f57b110dcd0>,49,2,[3 7],50,115,117,65,97
1,<environment.Job instance at 0x7f57b1098b90>,2,2,[1 5],3,3,5,0,3
1,<environment.Job instance at 0x7f57b1098aa0>,3,14,[4 8],4,5,19,1,4
1,<environment.Job instance at 0x7f57b1098640>,10,18,[5 5],11,19,37,8,11
1,<environment.Job instance at 0x7f576f1efeb0>,13,18,[5 2],14,14,32,0,14
1,<environment.Job instance at 0x7f57b0d32500>,24,15,[10  2],25,37,52,12,25
1,<environment.Job instance at 0x7f57ba2abf00>,32,18,[9 2],33,52,70,19,45
1,<environment.Job instance at 0x7f57ba2ab690>,35,14,[6 3],36,70,84,34,55
1,<environment.Job instance at 0x7f576f702aa0>,41,14,[1 5],42,64,78,22,64
1,<environment.Job instance at 0x7f576f702e60>,45,12,[8 3],46,84,96,38,67
1,<environment.Job instance at 0x7f57b1098be0>,9,18,[2 9],10,96,114,86,90
1,<environment.Job instance at 0x7f57b1232c80>,0,2,[2 6],1,1,3,0,1
1,<environment.Job instance at 0x7f57b1232e60>,2,3,[6 1],3,3,6,0,3
1,<environment.Job instance at 0x7f576f19c640>,4,22,[1 8],5,5,27,0,5
1,<environment.Job instance at 0x7f576f19c870>,14,15,[5 3],15,27,42,12,15
1,<environment.Job instance at 0x7f576f0d69b0>,17,12,[9 2],18,42,54,24,27
1,<environment.Job instance at 0x7f576f0d6e10>,24,15,[4 7],25,54,69,29,40
1,<environment.Job instance at 0x7f57b9a9d190>,30,12,[ 5 10],31,69,81,38,59
1,<environment.Job instance at 0x7f57b9a9d640>,31,16,[4 9],32,81,97,49,69
1,<environment.Job instance at 0x7f57b0cc2320>,46,16,[9 3],47,97,113,50,97
1,<environment.Job instance at 0x7f57b0cc2d70>,1,12,[2 5],2,2,14,0,2
1,<environment.Job instance at 0x7f57b11d99b0>,2,16,[9 3],3,14,30,11,4
1,<environment.Job instance at 0x7f57b11bc0a0>,9,3,[7 2],10,30,33,20,17
1,<environment.Job instance at 0x7f57b11e3e10>,17,15,[7 2],18,33,48,15,19
1,<environment.Job instance at 0x7f57b11a4820>,22,18,[3 6],23,30,48,7,27
1,<environment.Job instance at 0x7f57b11e3b40>,14,26,[7 1],15,48,74,33,47
1,<environment.Job instance at 0x7f576f1a80f0>,34,17,[10  3],35,74,91,39,62
1,<environment.Job instance at 0x7f576f105f00>,28,18,[8 3],29,91,109,62,88
1,<environment.Job instance at 0x7f57b98b5190>,48,27,[1 7],49,98,125,49,98
1,<environment.Job instance at 0x7f57b98b5640>,1,2,[1 8],2,2,4,0,2
1,<environment.Job instance at 0x7f576f04af50>,2,18,[5 6],3,4,22,1,4
1,<environment.Job instance at 0x7f57b122f050>,6,1,[6 4],7,22,23,15,9
1,<environment.Job instance at 0x7f57b122fcd0>,5,17,[3 9],6,23,40,17,17
1,<environment.Job instance at 0x7f576f728550>,17,3,[6 1],18,23,26,5,18
1,<environment.Job instance at 0x7f576f13e5f0>,21,1,[5 5],22,40,41,18,29
1,<environment.Job instance at 0x7f576f2431e0>,13,2,[8 3],14,41,43,27,39
1,<environment.Job instance at 0x7f57b98b5190>,3,14,[4 8],4,43,57,39,41
1,<environment.Job instance at 0x7f576f467c30>,24,15,[3 7],25,57,72,32,45
1,<environment.Job instance at 0x7f57b12ddaa0>,30,15,[1 6],31,72,87,41,58
1,<environment.Job instance at 0x7f576f467820>,23,14,[9 2],24,72,86,48,70
1,<environment.Job instance at 0x7f57b0ee8410>,40,2,[7 1],41,86,88,45,73
1,<environment.Job instance at 0x7f57b0ee8f00>,44,1,[2 5],45,87,88,42,75
1,<environment.Job instance at 0x7f57b0ee8be0>,45,3,[10  1],46,88,91,42,75
1,<environment.Job instance at 0x7f57b0ee8320>,46,3,[2 5],47,91,94,44,75
1,<environment.Job instance at 0x7f57b0ee8550>,47,13,[5 5],48,91,104,43,77
1,<environment.Job instance at 0x7f576f01a7d0>,27,3,[3 6],28,104,107,76,92
1,<environment.Job instance at 0x7f576f5301e0>,51,12,[4 5],52,107,119,55,93
1,<environment.Job instance at 0x7f576ee3f960>,2,3,[5 1],3,3,6,0,3
1,<environment.Job instance at 0x7f576ee3faa0>,3,18,[10  5],4,6,24,2,4
1,<environment.Job instance at 0x7f576ee449b0>,6,16,[5 2],7,24,40,17,11
1,<environment.Job instance at 0x7f576ee444b0>,9,14,[3 5],10,24,38,14,23
1,<environment.Job instance at 0x7f576edfc190>,20,22,[1 9],21,40,62,19,34
1,<environment.Job instance at 0x7f576edfcf50>,24,13,[10  5],25,62,75,37,46
1,<environment.Job instance at 0x7f576ef92140>,32,17,[8 1],33,75,92,42,64
1,<environment.Job instance at 0x7f576ef92af0>,38,14,[1 6],39,79,93,40,79
1,<environment.Job instance at 0x7f57b9a8e9b0>,42,18,[6 4],43,92,110,49,82
1,<environment.Job instance at 0x7f57b9a8e190>,47,12,[2 5],48,94,106,46,94
1,<environment.Job instance at 0x7f57b9a8e320>,51,12,[5 1],52,110,122,58,98
1,<environment.Job instance at 0x7f57b9a8e8c0>,57,1,[5 4],58,110,111,52,98
1,<environment.Job instance at 0x7f57b9a2ad20>,0,2,[4 6],1,1,3,0,1
1,<environment.Job instance at 0x7f576ee3f370>,3,22,[5 4],4,4,26,0,4
1,<environment.Job instance at 0x7f576f4998c0>,14,2,[1 7],15,26,28,11,15
1,<environment.Job instance at 0x7f576f499c80>,10,16,[1 5],11,28,44,17,16
1,<environment.Job instance at 0x7f576f48adc0>,15,1,[2 5],16,25,26,9,25
1,<environment.Job instance at 0x7f57b0f8e500>,29,12,[9 3],30,33,45,3,33
1,<environment.Job instance at 0x7f576f4bf7d0>,34,17,[10  4],35,45,62,10,35
1,<environment.Job instance at 0x7f576f431dc0>,40,13,[8 3],41,62,75,21,48
1,<environment.Job instance at 0x7f576f431a50>,43,1,[7 3],44,75,76,31,62
1,<environment.Job instance at 0x7f576f4311e0>,49,15,[6 1],50,83,98,33,83
1,<environment.Job instance at 0x7f576f4315a0>,47,19,[4 7],48,85,104,37,85
1,<environment.Job instance at 0x7f576f78ce60>,57,18,[7 1],58,104,122,46,93
1,<environment.Job instance at 0x7f576f428370>,56,12,[1 9],57,104,116,47,99
1,<environment.Job instance at 0x7f57b125a230>,0,20,[5 8],1,1,21,0,1
1,<environment.Job instance at 0x7f576ef4c5f0>,7,14,[8 3],8,21,35,13,9
1,<environment.Job instance at 0x7f57b9b6c780>,18,13,[5 9],19,35,48,16,19
1,<environment.Job instance at 0x7f57b99a8cd0>,26,12,[9 1],27,48,60,21,32
1,<environment.Job instance at 0x7f576f12caf0>,31,1,[6 1],32,60,61,28,43
1,<environment.Job instance at 0x7f576f12c4b0>,33,2,[4 7],34,60,62,26,43
1,<environment.Job instance at 0x7f576f12c370>,35,23,[7 4],36,62,85,26,56
1,<environment.Job instance at 0x7f576ee99140>,43,17,[5 1],44,85,102,41,75
1,<environment.Job instance at 0x7f576ee99960>,44,1,[9 2],45,102,103,57,75
1,<environment.Job instance at 0x7f576f0bc550>,11,12,[7 5],12,103,115,91,87
1,<environment.Job instance at 0x7f576f7081e0>,0,17,[4 8],1,1,18,0,1
1,<environment.Job instance at 0x7f57b112a370>,9,18,[5 5],10,18,36,8,10
1,<environment.Job instance at 0x7f57b100a8c0>,11,18,[5 5],12,18,36,6,13
1,<environment.Job instance at 0x7f57b100a0f0>,20,14,[7 4],21,36,50,15,25
1,<environment.Job instance at 0x7f57b100a820>,21,17,[ 4 10],22,50,67,28,39
1,<environment.Job instance at 0x7f576ef75c30>,40,28,[1 5],41,68,96,27,68
1,<environment.Job instance at 0x7f57b1023a00>,29,13,[6 1],30,78,91,48,78
1,<environment.Job instance at 0x7f5779e65d70>,46,22,[7 4],47,91,113,44,88
1,<environment.Job instance at 0x7f576ef75960>,38,26,[2 5],39,98,124,59,98
1,<environment.Job instance at 0x7f57b127edc0>,1,24,[2 6],2,2,26,0,2
1,<environment.Job instance at 0x7f576f036190>,16,12,[10  3],17,26,38,9,21
1,<environment.Job instance at 0x7f57b0c65960>,6,15,[6 4],7,38,53,31,24
1,<environment.Job instance at 0x7f57b0fa2d20>,21,12,[4 6],22,38,50,16,30
1,<environment.Job instance at 0x7f57b0fa2eb0>,23,1,[ 4 10],24,53,54,29,30
1,<environment.Job instance at 0x7f57b0fa2dc0>,19,14,[5 9],20,54,68,34,51
1,<environment.Job instance at 0x7f576f61a550>,34,18,[1 8],35,68,86,33,64
1,<environment.Job instance at 0x7f576f61ab90>,42,18,[1 6],43,86,104,43,75
1,<environment.Job instance at 0x7f576f60d3c0>,52,17,[6 3],53,86,103,33,85
1,<environment.Job instance at 0x7f576f60d280>,43,17,[10  3],44,104,121,60,92
1,<environment.Job instance at 0x7fb0006e12d0>,2,22,[4 8],3,3,25,0,3
1,<environment.Job instance at 0x7faffd2d2a00>,11,15,[4 8],12,25,40,13,18
1,<environment.Job instance at 0x7faffd2d2960>,10,12,[3 7],11,40,52,29,24
1,<environment.Job instance at 0x7faffd2d2500>,6,20,[6 1],7,37,57,30,37
1,<environment.Job instance at 0x7faffd2d2dc0>,17,3,[4 9],18,52,55,34,42
1,<environment.Job instance at 0x7faffd2d65f0>,26,3,[3 7],27,55,58,28,42
1,<environment.Job instance at 0x7faffd2d6460>,25,12,[ 5 10],26,58,70,32,44
1,<environment.Job instance at 0x7faffd2d67d0>,29,12,[5 4],30,70,82,40,61
1,<environment.Job instance at 0x7faffd2d6910>,31,14,[2 5],32,70,84,38,64
1,<environment.Job instance at 0x7faffd2d69b0>,32,3,[5 1],33,82,85,49,70
1,<environment.Job instance at 0x7faffd2d6b90>,35,15,[9 5],36,85,100,49,73
1,<environment.Job instance at 0x7faffd2d4a00>,47,2,[6 5],48,100,102,52,97
1,<environment.Job instance at 0x7faffd2d4aa0>,48,15,[10  1],49,102,117,53,97
1,<environment.Job instance at 0x7faffd2d4c80>,51,3,[1 5],52,117,120,65,108
1,<environment.Job instance at 0x7faffd2d4d20>,52,1,[8 5],53,117,118,64,108
1,<environment.Job instance at 0x7faffd2d4dc0>,53,17,[5 7],54,120,137,66,108
1,<environment.Job instance at 0x7fb0008509b0>,0,3,[6 5],1,1,4,0,1
1,<environment.Job instance at 0x7fb000709dc0>,17,22,[4 5],18,34,56,16,34
1,<environment.Job instance at 0x7fb0008573c0>,23,16,[ 3 10],24,56,72,32,45
1,<environment.Job instance at 0x7fb00084d280>,25,14,[ 2 10],26,72,86,46,65
1,<environment.Job instance at 0x7fb00084da50>,27,20,[9 2],28,86,106,58,77
1,<environment.Job instance at 0x7fb00084d960>,31,13,[5 6],32,106,119,74,90
1,<environment.Job instance at 0x7fb000852370>,40,2,[3 8],41,119,121,78,101
1,<environment.Job instance at 0x7fb00084eaf0>,44,14,[8 4],45,121,135,76,106
1,<environment.Job instance at 0x7fafb56a5a00>,0,18,[4 5],1,1,19,0,1
1,<environment.Job instance at 0x7fafb56a5d20>,4,16,[9 4],5,19,35,14,10
1,<environment.Job instance at 0x7fafb568c370>,18,18,[6 3],19,35,53,16,25
1,<environment.Job instance at 0x7fafb56880a0>,26,16,[7 4],27,53,69,26,40
1,<environment.Job instance at 0x7fafb568ca50>,20,24,[ 1 10],21,69,93,48,66
1,<environment.Job instance at 0x7fafb56887d0>,38,18,[4 5],39,93,111,54,82
1,<environment.Job instance at 0x7fafb56abbe0>,0,24,[2 8],1,2,26,1,2
1,<environment.Job instance at 0x7fafb5aa7a00>,11,17,[10  3],12,26,43,14,15
1,<environment.Job instance at 0x7fafb5aa7a50>,9,13,[4 6],10,43,56,33,40
1,<environment.Job instance at 0x7fafb5ac4730>,19,16,[5 4],20,45,61,25,45
1,<environment.Job instance at 0x7fafb555cb90>,24,18,[3 6],25,56,74,31,50
1,<environment.Job instance at 0x7fafb555c910>,34,15,[4 6],35,74,89,39,69
1,<environment.Job instance at 0x7fafb555c690>,27,16,[9 4],28,89,105,61,80
1,<environment.Job instance at 0x7fafb56aeb40>,50,14,[7 5],51,105,119,54,99
1,<environment.Job instance at 0x7faffd323be0>,0,18,[4 7],1,1,19,0,1
1,<environment.Job instance at 0x7fafb56ae370>,3,14,[2 7],4,19,33,15,6
1,<environment.Job instance at 0x7fafb59beaa0>,20,12,[8 5],21,33,45,12,24
1,<environment.Job instance at 0x7fafb59be8c0>,18,17,[7 4],19,45,62,26,34
1,<environment.Job instance at 0x7fafb59cd640>,32,24,[ 3 10],33,62,86,29,57
1,<environment.Job instance at 0x7fafb59cddc0>,40,19,[6 3],41,86,105,45,82
1,<environment.Job instance at 0x7fafb59cc1e0>,47,13,[6 4],48,105,118,57,96
1,<environment.Job instance at 0x7fafb59c33c0>,9,27,[1 5],10,97,124,87,97
1,<environment.Job instance at 0x7fafb555c410>,7,13,[7 3],8,8,21,0,8
1,<environment.Job instance at 0x7fafb556d0f0>,10,14,[3 6],11,11,25,0,11
1,<environment.Job instance at 0x7fafb556daf0>,12,15,[1 6],13,25,40,12,13
1,<environment.Job instance at 0x7faffd6b0550>,21,14,[10  4],22,40,54,18,28
1,<environment.Job instance at 0x7faffd6b0640>,19,14,[10  1],20,54,68,34,43
1,<environment.Job instance at 0x7fafffc2b5a0>,28,21,[5 8],29,68,89,39,60
1,<environment.Job instance at 0x7fafb5c056e0>,31,28,[2 8],32,89,117,57,89
1,<environment.Job instance at 0x7faffd50cf00>,0,1,[4 6],1,1,2,0,1
1,<environment.Job instance at 0x7faffd15e500>,3,16,[6 5],4,4,20,0,4
1,<environment.Job instance at 0x7faffd15e8c0>,4,2,[ 2 10],5,20,22,15,5
1,<environment.Job instance at 0x7fafffe3dcd0>,6,1,[2 6],7,22,23,15,7
1,<environment.Job instance at 0x7fafffe3d370>,7,17,[5 2],8,22,39,14,10
1,<environment.Job instance at 0x7fafb5a5cf50>,15,16,[5 3],16,23,39,7,16
1,<environment.Job instance at 0x7fafb58cc730>,18,14,[9 4],19,39,53,20,24
1,<environment.Job instance at 0x7fafb57825f0>,19,13,[3 6],20,53,66,33,37
1,<environment.Job instance at 0x7faffd28e320>,29,14,[6 1],30,53,67,23,45
1,<environment.Job instance at 0x7fafffe3d550>,8,18,[1 9],9,66,84,57,56
1,<environment.Job instance at 0x7fafb5c8ad70>,41,3,[8 4],42,85,88,43,85
1,<environment.Job instance at 0x7fafb5c8a320>,44,18,[4 7],45,88,106,43,87
1,<environment.Job instance at 0x7faffd0f16e0>,45,12,[5 6],46,106,118,60,89
1,<environment.Job instance at 0x7faffd76e460>,2,18,[9 4],3,3,21,0,3
1,<environment.Job instance at 0x7fafffd77a00>,14,15,[ 2 10],15,21,36,6,15
1,<environment.Job instance at 0x7fafffd77aa0>,15,16,[4 6],16,36,52,20,23
1,<environment.Job instance at 0x7fafffd77dc0>,21,13,[2 8],22,52,65,30,40
1,<environment.Job instance at 0x7fafffd67cd0>,33,17,[10  5],34,65,82,31,57
1,<environment.Job instance at 0x7fafb5735500>,1,13,[5 8],2,82,95,80,70
1,<environment.Job instance at 0x7fafffd67690>,25,17,[7 4],26,95,112,69,83
1,<environment.Job instance at 0x7fafffd776e0>,11,16,[ 4 10],12,112,128,100,101
1,<environment.Job instance at 0x7fb00002c320>,0,15,[9 1],1,2,17,1,2
1,<environment.Job instance at 0x7faffd2db050>,7,15,[6 1],8,17,32,9,9
1,<environment.Job instance at 0x7fb00002cf50>,4,18,[1 8],5,21,39,16,21
1,<environment.Job instance at 0x7faffd1eae60>,15,2,[10  5],16,39,41,23,26
1,<environment.Job instance at 0x7faffd7c1320>,16,2,[6 4],17,41,43,24,26
1,<environment.Job instance at 0x7fafb5a323c0>,18,3,[2 7],19,43,46,24,26
1,<environment.Job instance at 0x7faffd269eb0>,19,2,[10  2],20,46,48,26,26
1,<environment.Job instance at 0x7fafb5a32e10>,20,1,[8 1],21,32,33,11,26
1,<environment.Job instance at 0x7faffd1eaa00>,13,3,[10  1],14,48,51,34,31
1,<environment.Job instance at 0x7faffd296410>,22,17,[1 9],23,51,68,28,40
1,<environment.Job instance at 0x7faffd77ecd0>,33,15,[4 9],34,76,91,42,76
1,<environment.Job instance at 0x7faffd6c8d70>,36,12,[9 4],37,91,103,54,77
1,<environment.Job instance at 0x7fafb581e870>,40,16,[9 2],41,103,119,62,90
1,<environment.Job instance at 0x7faffd1c2c30>,46,12,[6 4],47,119,131,72,102
1,<environment.Job instance at 0x7fb000248f00>,0,1,[2 6],1,1,2,0,1
1,<environment.Job instance at 0x7fb000248a50>,2,16,[1 7],3,3,19,0,3
1,<environment.Job instance at 0x7faffd1c2c30>,4,15,[6 4],5,19,34,14,5
1,<environment.Job instance at 0x7fafffae1f50>,12,14,[9 3],13,34,48,21,21
1,<environment.Job instance at 0x7fafb56651e0>,26,12,[7 5],27,48,60,21,31
1,<environment.Job instance at 0x7faffd3a12d0>,22,2,[8 2],23,60,62,37,39
1,<environment.Job instance at 0x7faffd1af640>,30,17,[8 4],31,62,79,31,51
1,<environment.Job instance at 0x7fafb5bd0690>,34,17,[8 5],35,79,96,44,69
1,<environment.Job instance at 0x7faffd691910>,43,17,[6 4],44,96,113,52,85
1,<environment.Job instance at 0x7faffd694fa0>,54,15,[8 1],55,113,128,58,100
1,<environment.Job instance at 0x7fafb5bd04b0>,1,14,[6 1],2,2,16,0,2
1,<environment.Job instance at 0x7fafb561ccd0>,9,18,[2 9],10,11,29,1,11
1,<environment.Job instance at 0x7fafb561cd20>,13,18,[5 2],14,29,47,15,18
1,<environment.Job instance at 0x7fafb561ce10>,10,18,[5 5],11,29,47,18,26
1,<environment.Job instance at 0x7fafb5645c30>,22,3,[5 8],23,47,50,24,28
1,<environment.Job instance at 0x7fafb5645f50>,25,20,[10  3],26,50,70,24,42
1,<environment.Job instance at 0x7fafb5643f00>,41,14,[1 5],42,70,84,28,55
1,<environment.Job instance at 0x7fafb564f460>,45,12,[8 3],46,70,82,24,63
1,<environment.Job instance at 0x7fafb564f500>,46,18,[ 2 10],47,84,102,37,75
1,<environment.Job instance at 0x7fafb564f730>,51,15,[7 3],52,102,117,50,88
1,<environment.Job instance at 0x7fafb5a25b40>,0,16,[4 8],1,1,17,0,1
1,<environment.Job instance at 0x7fafb564ff00>,4,15,[5 3],5,17,32,12,5
1,<environment.Job instance at 0x7faffd4413c0>,18,2,[5 7],19,19,21,0,19
1,<environment.Job instance at 0x7faffd124cd0>,11,12,[8 2],12,32,44,20,21
1,<environment.Job instance at 0x7faffd441690>,17,24,[2 8],18,32,56,14,32
1,<environment.Job instance at 0x7faffd27bdc0>,21,16,[4 9],22,56,72,34,50
1,<environment.Job instance at 0x7faffd323dc0>,34,14,[2 7],35,72,86,37,63
1,<environment.Job instance at 0x7faffd323500>,40,17,[4 7],41,86,103,45,74
1,<environment.Job instance at 0x7faffd124c30>,12,22,[5 3],13,85,107,72,85
1,<environment.Job instance at 0x7fafffd1c690>,50,18,[3 6],51,103,121,52,92
1,<environment.Job instance at 0x7fb000617af0>,60,14,[1 9],61,121,135,60,108
1,<environment.Job instance at 0x7fafb55b5b40>,0,2,[1 9],1,1,3,0,1
1,<environment.Job instance at 0x7fafb55b5820>,1,18,[4 9],2,3,21,1,2
1,<environment.Job instance at 0x7fafb593f500>,13,18,[6 3],14,24,42,10,24
1,<environment.Job instance at 0x7fb000702dc0>,12,15,[ 2 10],13,42,57,29,31
1,<environment.Job instance at 0x7fafb593f780>,9,15,[6 5],10,57,72,47,47
1,<environment.Job instance at 0x7fafb55c9140>,26,15,[4 7],27,72,87,45,58
1,<environment.Job instance at 0x7fafb55e8820>,35,13,[3 7],36,87,100,51,74
1,<environment.Job instance at 0x7fafb55e8fa0>,41,17,[9 4],42,100,117,58,88
1,<environment.Job instance at 0x7fafb55e8730>,40,17,[5 9],41,117,134,76,105
1,<environment.Job instance at 0x7faffd5d6eb0>,0,15,[1 6],1,1,16,0,1
1,<environment.Job instance at 0x7fafb59d4280>,9,18,[7 2],10,10,28,0,10
1,<environment.Job instance at 0x7fafffec80a0>,13,12,[5 8],14,28,40,14,14
1,<environment.Job instance at 0x7fafffec5500>,23,3,[6 1],24,40,43,16,31
1,<environment.Job instance at 0x7fafb5932d70>,27,12,[6 2],28,43,55,15,32
1,<environment.Job instance at 0x7fafb596cd70>,28,3,[2 8],29,40,43,11,32
1,<environment.Job instance at 0x7fafb596c050>,26,16,[ 5 10],27,55,71,28,42
1,<environment.Job instance at 0x7fafb5a6b730>,45,13,[5 1],46,71,84,25,57
1,<environment.Job instance at 0x7faffd19f550>,53,21,[5 7],54,71,92,17,71
1,<environment.Job instance at 0x7faffd19fb40>,54,14,[10  4],55,92,106,37,79
1,<environment.Job instance at 0x7fafb5a6b500>,46,20,[4 9],47,106,126,59,99
1,<environment.Job instance at 0x7fafffe2afa0>,0,3,[2 6],1,1,4,0,1
1,<environment.Job instance at 0x7fafb5acdc80>,3,18,[1 8],4,4,22,0,4
1,<environment.Job instance at 0x7faffd140050>,10,1,[1 7],11,22,23,11,11
1,<environment.Job instance at 0x7faffd140a00>,12,2,[1 9],13,23,25,10,13
1,<environment.Job instance at 0x7faffd140af0>,16,1,[6 3],17,22,23,5,17
1,<environment.Job instance at 0x7fafb5acddc0>,6,1,[5 3],7,25,26,18,17
1,<environment.Job instance at 0x7fafffe1d460>,14,16,[5 3],15,25,41,10,17
1,<environment.Job instance at 0x7fafb56cc5f0>,15,13,[2 6],16,26,39,10,20
1,<environment.Job instance at 0x7fafb544c190>,25,16,[5 7],26,39,55,13,26
1,<environment.Job instance at 0x7faffd2a5d70>,23,13,[4 7],24,55,68,31,43
1,<environment.Job instance at 0x7faffd47d140>,32,12,[5 4],33,68,80,35,57
1,<environment.Job instance at 0x7faffd47d960>,29,23,[5 5],30,68,91,38,66
1,<environment.Job instance at 0x7fafb58d6a50>,40,14,[6 1],41,91,105,50,76
1,<environment.Job instance at 0x7fafb5a905f0>,51,15,[3 9],52,91,106,39,77
1,<environment.Job instance at 0x7fafb58d6550>,42,17,[3 8],43,106,123,63,94
1,<environment.Job instance at 0x7fafb53a8500>,0,17,[2 8],1,1,18,0,1
1,<environment.Job instance at 0x7fafb5adda50>,5,1,[5 7],6,18,19,12,6
1,<environment.Job instance at 0x7fafb538f0a0>,7,18,[7 1],8,19,37,11,9
1,<environment.Job instance at 0x7fafb52bc550>,21,12,[1 7],22,22,34,0,22
1,<environment.Job instance at 0x7fafb52bcd20>,15,1,[9 4],16,37,38,21,23
1,<environment.Job instance at 0x7faffd2aaf50>,22,17,[1 6],23,34,51,11,23
1,<environment.Job instance at 0x7faffd2aa500>,24,2,[ 4 10],25,51,53,26,26
1,<environment.Job instance at 0x7fafb52bc1e0>,14,23,[6 5],15,53,76,38,49
1,<environment.Job instance at 0x7fafb53ed1e0>,33,15,[10  1],34,76,91,42,65
1,<environment.Job instance at 0x7fafb52bca00>,13,16,[4 9],14,91,107,77,87
1,<environment.Job instance at 0x7fafb5415d70>,46,2,[5 6],47,107,109,60,93
1,<environment.Job instance at 0x7fafb5415730>,47,12,[4 7],48,109,121,61,93
1,<environment.Job instance at 0x7fafb52bcb90>,12,22,[6 2],13,109,131,96,103
1,<environment.Job instance at 0x7fafb5ba27d0>,4,12,[ 4 10],5,5,17,0,5
1,<environment.Job instance at 0x7fafffd94050>,5,15,[8 2],6,17,32,11,6
1,<environment.Job instance at 0x7faffd5b8f50>,16,12,[3 5],17,32,44,15,18
1,<environment.Job instance at 0x7faffd5ac280>,20,25,[8 3],21,44,69,23,43
1,<environment.Job instance at 0x7fafb5b79b40>,36,14,[10  1],37,69,83,32,58
1,<environment.Job instance at 0x7fafb5565d20>,40,17,[4 8],41,83,100,42,72
1,<environment.Job instance at 0x7faffd5b8aa0>,14,12,[9 4],15,100,112,85,88
1,<environment.Job instance at 0x7faffd5b8550>,13,14,[2 9],14,112,126,98,99
1,<environment.Job instance at 0x7fafb555d550>,54,17,[6 1],55,112,129,57,101
1,<environment.Job instance at 0x7fafffec50a0>,2,13,[1 7],3,3,16,0,3
1,<environment.Job instance at 0x7faffd4f3500>,4,13,[6 5],5,16,29,11,5
1,<environment.Job instance at 0x7fafb544a190>,20,16,[8 2],21,29,45,8,26
1,<environment.Job instance at 0x7fafb5641d20>,21,12,[9 4],22,45,57,23,28
1,<environment.Job instance at 0x7fb0000b3c30>,28,2,[ 2 10],29,57,59,28,36
1,<environment.Job instance at 0x7fb000007fa0>,39,16,[ 1 10],40,59,75,19,46
1,<environment.Job instance at 0x7fb0000b3e10>,29,15,[10  5],30,75,90,45,61
1,<environment.Job instance at 0x7fafffec5280>,6,20,[10  4],7,90,110,83,86
1,<environment.Job instance at 0x7fafb58d0870>,32,15,[4 9],33,110,125,77,101
1,<environment.Job instance at 0x7fafb53c7690>,0,16,[10  3],1,1,17,0,1
1,<environment.Job instance at 0x7fafb52d6780>,5,3,[2 6],6,17,20,11,6
1,<environment.Job instance at 0x7fafb52d6be0>,9,13,[4 9],10,20,33,10,10
1,<environment.Job instance at 0x7fafb52d65f0>,16,2,[9 4],17,33,35,16,17
1,<environment.Job instance at 0x7fb0000f58c0>,18,14,[10  3],19,35,49,16,20
1,<environment.Job instance at 0x7fb0000f5640>,20,24,[9 4],21,49,73,28,44
1,<environment.Job instance at 0x7fafb5a0d2d0>,34,13,[7 1],35,73,86,38,59
1,<environment.Job instance at 0x7fafb52d6c80>,12,17,[3 8],13,73,90,60,65
1,<environment.Job instance at 0x7fafb5a0d370>,38,12,[3 9],39,90,102,51,82
1,<environment.Job instance at 0x7fafffd77690>,46,16,[2 9],47,102,118,55,90
1,<environment.Job instance at 0x7fafffd77aa0>,48,21,[7 1],49,101,122,52,101
1,<environment.Job instance at 0x7fb0005e3fa0>,59,13,[3 8],60,118,131,58,102
1,<environment.Job instance at 0x7faffd2bf8c0>,0,13,[1 8],1,1,14,0,1
1,<environment.Job instance at 0x7faffd2bf910>,1,13,[8 2],2,3,16,1,3
1,<environment.Job instance at 0x7fb000852d70>,9,17,[4 6],10,16,33,6,10
1,<environment.Job instance at 0x7faffd3bd0a0>,15,17,[4 6],16,33,50,17,21
1,<environment.Job instance at 0x7faffd3bde10>,17,1,[3 6],18,50,51,32,26
1,<environment.Job instance at 0x7faffd276140>,25,15,[7 1],26,50,65,24,38
1,<environment.Job instance at 0x7faffd2ba230>,32,16,[2 8],33,51,67,18,50
1,<environment.Job instance at 0x7faffd2ba280>,33,12,[3 6],34,67,79,33,50
1,<environment.Job instance at 0x7faffd2ba910>,38,3,[9 4],39,79,82,40,59
1,<environment.Job instance at 0x7faffd2bc4b0>,40,16,[1 9],41,82,98,41,69
1,<environment.Job instance at 0x7faffd2bcf50>,39,20,[7 2],40,98,118,58,89
1,<environment.Job instance at 0x7faffd2bcb90>,43,15,[9 4],44,118,133,74,104
1,<environment.Job instance at 0x7fd8d5310230>,3,3,[4 8],4,4,7,0,4
1,<environment.Job instance at 0x7fd8d5310280>,4,14,[1 6],5,7,21,2,5
1,<environment.Job instance at 0x7fd8d5310410>,5,2,[1 5],6,21,23,15,6
1,<environment.Job instance at 0x7fd8d53103c0>,6,20,[6 1],7,7,27,0,7
1,<environment.Job instance at 0x7fd8d53107d0>,10,12,[3 7],11,23,35,12,12
1,<environment.Job instance at 0x7fd8d5310870>,11,15,[4 8],12,35,50,23,21
1,<environment.Job instance at 0x7fd8d5315410>,23,27,[1 6],24,50,77,26,49
1,<environment.Job instance at 0x7fd8d5315b40>,29,12,[5 4],30,51,63,21,51
1,<environment.Job instance at 0x7fd8d5315d20>,30,14,[5 2],31,63,77,32,54
1,<environment.Job instance at 0x7fd8d5315be0>,35,15,[9 5],36,77,92,41,67
1,<environment.Job instance at 0x7fd8d53120f0>,40,15,[10  3],41,92,107,51,78
1,<environment.Job instance at 0x7fd8d5312aa0>,48,15,[10  1],49,107,122,58,102
1,<environment.Job instance at 0x7fd8d5312dc0>,51,3,[1 5],52,122,125,70,118
1,<environment.Job instance at 0x7fd8d5312f50>,52,1,[8 5],53,122,123,69,118
1,<environment.Job instance at 0x7fd8d5312eb0>,1,1,[2 6],2,2,3,0,2
1,<environment.Job instance at 0x7fd8da89a2d0>,4,1,[8 4],5,5,6,0,5
1,<environment.Job instance at 0x7fd8da89a140>,5,21,[4 5],6,6,27,0,6
1,<environment.Job instance at 0x7fd8da886af0>,20,16,[2 8],21,35,51,14,35
1,<environment.Job instance at 0x7fd8da88cfa0>,31,15,[10  4],32,69,84,37,69
1,<environment.Job instance at 0x7fd8da88cb40>,32,14,[1 8],33,84,98,51,70
1,<environment.Job instance at 0x7fd8da7465a0>,38,14,[9 5],39,98,112,59,85
1,<environment.Job instance at 0x7fd8da746910>,43,15,[5 2],44,112,127,68,101
1,<environment.Job instance at 0x7fd8da746aa0>,49,14,[3 6],50,117,131,67,117
1,<environment.Job instance at 0x7fd8da893b90>,54,19,[6 1],55,127,146,72,119
1,<environment.Job instance at 0x7fd8da893b90>,4,16,[7 5],5,5,21,0,5
1,<environment.Job instance at 0x7fd8d51204b0>,6,16,[7 4],7,21,37,14,8
1,<environment.Job instance at 0x7fd88f5c9460>,16,3,[9 1],17,37,40,20,21
1,<environment.Job instance at 0x7fd8d5543820>,17,17,[5 2],18,40,57,22,29
1,<environment.Job instance at 0x7fd8d50e17d0>,24,12,[7 2],25,57,69,32,42
1,<environment.Job instance at 0x7fd8d550b0a0>,28,15,[3 6],29,55,70,26,55
1,<environment.Job instance at 0x7fd88f635320>,31,15,[8 4],32,70,85,38,58
1,<environment.Job instance at 0x7fd8d50f5e10>,30,17,[2 6],31,71,88,40,71
1,<environment.Job instance at 0x7fd88f5c1fa0>,40,2,[ 5 10],41,88,90,47,75
1,<environment.Job instance at 0x7fd88f5c1460>,42,2,[2 6],43,90,92,47,76
1,<environment.Job instance at 0x7fd88f5c1c30>,44,15,[10  4],45,92,107,47,88
1,<environment.Job instance at 0x7fd88f5c1aa0>,47,3,[6 3],48,107,110,59,106
1,<environment.Job instance at 0x7fd8d50bc280>,48,13,[8 5],49,110,123,61,106
1,<environment.Job instance at 0x7fd8d9cfce60>,2,12,[3 8],3,3,15,0,3
1,<environment.Job instance at 0x7fd8d9d5ae10>,4,15,[4 6],5,15,30,10,5
1,<environment.Job instance at 0x7fd88f60d820>,25,16,[10  4],26,32,48,6,32
1,<environment.Job instance at 0x7fd88f5c1af0>,36,12,[8 3],37,48,60,11,48
1,<environment.Job instance at 0x7fd88fa6deb0>,37,15,[2 9],38,60,75,22,49
1,<environment.Job instance at 0x7fd88fac8640>,30,18,[9 5],31,75,93,44,73
1,<environment.Job instance at 0x7fd8d5309820>,49,17,[9 1],50,93,110,43,84
1,<environment.Job instance at 0x7fd88fa80410>,62,12,[5 5],63,110,122,47,108
1,<environment.Job instance at 0x7fd8d53c92d0>,64,2,[2 5],65,110,112,45,110
1,<environment.Job instance at 0x7fd8d56e8e60>,63,13,[4 9],64,122,135,58,112
1,<environment.Job instance at 0x7fd88fbeb370>,0,19,[6 3],1,1,20,0,1
1,<environment.Job instance at 0x7fd8d512dbe0>,7,13,[6 4],8,20,33,12,8
1,<environment.Job instance at 0x7fd88fca0320>,19,15,[9 5],20,33,48,13,21
1,<environment.Job instance at 0x7fd88fcc51e0>,28,14,[5 9],29,48,62,19,36
1,<environment.Job instance at 0x7fd8d512da50>,11,18,[2 9],12,62,80,50,53
1,<environment.Job instance at 0x7fd88fcb7be0>,39,13,[5 9],40,80,93,40,64
1,<environment.Job instance at 0x7fd88fcb6960>,48,2,[5 7],49,93,95,44,85
1,<environment.Job instance at 0x7fd88fcb6af0>,49,15,[7 1],50,95,110,45,85
1,<environment.Job instance at 0x7fd88fcb6c30>,44,17,[3 9],45,95,112,50,93
1,<environment.Job instance at 0x7fd88fc97c80>,59,18,[7 5],60,112,130,52,107
1,<environment.Job instance at 0x7fd88fc97e60>,61,14,[5 8],62,130,144,68,119
1,<environment.Job instance at 0x7fd8d9f7be60>,1,13,[1 7],2,2,15,0,2
1,<environment.Job instance at 0x7fd8d9f7b460>,2,13,[4 8],3,15,28,12,3
1,<environment.Job instance at 0x7fd8da0f91e0>,18,17,[5 5],19,28,45,9,20
1,<environment.Job instance at 0x7fd88fbf92d0>,28,3,[10  4],29,45,48,16,29
1,<environment.Job instance at 0x7fd88fbf9fa0>,31,2,[5 1],32,40,42,8,40
1,<environment.Job instance at 0x7fd88fbf9820>,32,14,[6 5],33,48,62,15,40
1,<environment.Job instance at 0x7fd88fbf9b40>,37,13,[9 4],38,62,75,24,52
1,<environment.Job instance at 0x7fd88fc13f50>,39,17,[5 9],40,75,92,35,63
1,<environment.Job instance at 0x7fd88fc13fa0>,45,16,[4 5],46,92,108,46,79
1,<environment.Job instance at 0x7fd88fc139b0>,48,16,[ 5 10],49,108,124,59,98
1,<environment.Job instance at 0x7fd88fa4aa50>,51,19,[10  1],52,124,143,72,114
1,<environment.Job instance at 0x7fd8d9c12fa0>,1,2,[2 6],2,2,4,0,2
1,<environment.Job instance at 0x7fd8d56b4cd0>,5,23,[5 3],6,11,34,5,11
1,<environment.Job instance at 0x7fd8d56b4690>,12,16,[9 4],13,34,50,21,21
1,<environment.Job instance at 0x7fd8d5446460>,16,15,[9 5],17,50,65,33,37
1,<environment.Job instance at 0x7fd8d9b95fa0>,23,18,[ 1 10],24,65,83,41,54
1,<environment.Job instance at 0x7fd8d51d5140>,28,3,[7 1],29,83,86,54,66
1,<environment.Job instance at 0x7fd8d51ea910>,29,1,[7 3],30,86,87,56,66
1,<environment.Job instance at 0x7fd8d51fc280>,30,15,[ 4 10],31,87,102,56,73
1,<environment.Job instance at 0x7fd8d526ef50>,39,17,[9 4],40,102,119,62,90
1,<environment.Job instance at 0x7fd8d563bd20>,48,14,[8 3],49,119,133,70,108
1,<environment.Job instance at 0x7fd88f795d70>,2,18,[5 8],3,3,21,0,3
1,<environment.Job instance at 0x7fd88fa0df00>,12,14,[9 1],13,21,35,8,13
1,<environment.Job instance at 0x7fd88fa13640>,20,18,[5 8],21,35,53,14,25
1,<environment.Job instance at 0x7fd88fa13e10>,26,1,[9 4],27,53,54,26,49
1,<environment.Job instance at 0x7fd88fa13dc0>,27,3,[3 8],28,54,57,26,49
1,<environment.Job instance at 0x7fd88fa13f00>,29,13,[ 2 10],30,57,70,27,51
1,<environment.Job instance at 0x7fd88fa162d0>,33,16,[8 2],34,70,86,36,57
1,<environment.Job instance at 0x7fd88fa16640>,39,15,[5 6],40,86,101,46,73
1,<environment.Job instance at 0x7fd88fa16a00>,43,16,[ 4 10],44,101,117,57,88
1,<environment.Job instance at 0x7fd88fa16c80>,47,15,[6 1],48,117,132,69,103
1,<environment.Job instance at 0x7fd88fa16b40>,45,13,[4 7],46,117,130,71,103
1,<environment.Job instance at 0x7fd8d5292870>,58,3,[2 7],59,130,133,71,114
1,<environment.Job instance at 0x7fd8da0d7c80>,9,18,[1 5],10,10,28,0,10
1,<environment.Job instance at 0x7fd88f6f0690>,10,27,[7 4],11,11,38,0,11
1,<environment.Job instance at 0x7fd88fb11f00>,16,13,[9 5],17,38,51,21,26
1,<environment.Job instance at 0x7fd8d54a4e10>,29,15,[8 5],30,51,66,21,48
1,<environment.Job instance at 0x7fd88fcb2b90>,32,16,[1 7],33,66,82,33,58
1,<environment.Job instance at 0x7fd88fcb25f0>,37,16,[7 2],38,66,82,28,59
1,<environment.Job instance at 0x7fd8d52a6230>,34,15,[6 4],35,82,97,47,69
1,<environment.Job instance at 0x7fd8da2e36e0>,48,15,[7 1],49,97,112,48,83
1,<environment.Job instance at 0x7fd8d50fa640>,42,14,[9 3],43,112,126,69,101
1,<environment.Job instance at 0x7fd8d53d9780>,1,16,[6 5],2,2,18,0,2
1,<environment.Job instance at 0x7fd8d5095910>,5,16,[6 5],6,18,34,12,6
1,<environment.Job instance at 0x7fd8da745690>,10,15,[5 1],11,34,49,23,24
1,<environment.Job instance at 0x7fd8d57a2a00>,19,18,[1 9],20,34,52,14,26
1,<environment.Job instance at 0x7fd8d55cc3c0>,33,18,[5 2],34,52,70,18,41
1,<environment.Job instance at 0x7fd88f99f960>,35,1,[5 6],36,52,53,16,42
1,<environment.Job instance at 0x7fd88f99f500>,37,3,[9 4],38,70,73,32,46
1,<environment.Job instance at 0x7fd88f81ae10>,31,14,[ 1 10],32,73,87,41,62
1,<environment.Job instance at 0x7fd8d55ccaf0>,34,16,[7 5],35,87,103,52,76
1,<environment.Job instance at 0x7fd8da1ee5a0>,29,18,[2 9],30,103,121,73,93
1,<environment.Job instance at 0x7fd8d54805a0>,62,17,[5 1],63,109,126,46,109
1,<environment.Job instance at 0x7fd88fa89fa0>,55,14,[6 3],56,126,140,70,113
1,<environment.Job instance at 0x7fd8d9c3d0f0>,3,23,[1 7],4,5,28,1,5
1,<environment.Job instance at 0x7fd8d54670a0>,7,2,[3 8],8,28,30,20,8
1,<environment.Job instance at 0x7fd8d54673c0>,9,17,[9 1],10,10,27,0,10
1,<environment.Job instance at 0x7fd8d5467d70>,20,13,[10  5],21,30,43,9,22
1,<environment.Job instance at 0x7fd8d5467af0>,17,12,[9 2],18,43,55,25,31
1,<environment.Job instance at 0x7fd8d5476370>,24,15,[4 7],25,55,70,30,42
1,<environment.Job instance at 0x7fd8d54760a0>,22,22,[5 3],23,55,77,32,54
1,<environment.Job instance at 0x7fd8d5476870>,31,16,[4 9],32,77,93,45,64
1,<environment.Job instance at 0x7fd8d5476e10>,36,18,[7 1],37,93,111,56,82
1,<environment.Job instance at 0x7fd8d5471550>,44,14,[2 7],45,95,109,50,95
1,<environment.Job instance at 0x7fd8d54713c0>,46,16,[9 3],47,111,127,64,99
1,<environment.Job instance at 0x7fd8d5471c80>,57,17,[4 6],58,127,144,69,115
1,<environment.Job instance at 0x7fd8d5476a50>,0,2,[1 9],1,1,3,0,1
1,<environment.Job instance at 0x7fd8d54711e0>,2,18,[3 6],3,3,21,0,3
1,<environment.Job instance at 0x7fd8d9c0de10>,9,15,[6 5],10,21,36,11,10
1,<environment.Job instance at 0x7fd8d9c0dd20>,14,17,[10  3],15,36,53,21,25
1,<environment.Job instance at 0x7fd8da2d8f50>,28,27,[1 7],29,53,80,24,53
1,<environment.Job instance at 0x7fd8d5431280>,18,27,[5 1],19,60,87,41,60
1,<environment.Job instance at 0x7fd88f758410>,35,13,[3 7],36,80,93,44,68
1,<environment.Job instance at 0x7fd8d9f70cd0>,41,17,[9 4],42,93,110,51,91
1,<environment.Job instance at 0x7fd8d9f70c30>,45,14,[6 1],46,110,124,64,99
1,<environment.Job instance at 0x7fd8da2d8b90>,26,15,[4 7],27,110,125,83,99
1,<environment.Job instance at 0x7fd8d9dd3b90>,50,13,[7 3],51,125,138,74,114
1,<environment.Job instance at 0x7fd8d9cabe10>,2,1,[ 3 10],3,3,4,0,3
1,<environment.Job instance at 0x7fd8d9cabb40>,3,12,[5 8],4,4,16,0,4
1,<environment.Job instance at 0x7fd8d51b62d0>,15,3,[4 8],16,16,19,0,16
1,<environment.Job instance at 0x7fd8d51b6aa0>,18,3,[2 8],19,23,26,4,23
1,<environment.Job instance at 0x7fd88f93de60>,20,1,[7 1],21,23,24,2,23
1,<environment.Job instance at 0x7fd88f93d0f0>,21,2,[2 6],22,26,28,4,23
1,<environment.Job instance at 0x7fd8d51b6b90>,11,12,[4 5],12,28,40,16,23
1,<environment.Job instance at 0x7fd88f93d690>,22,20,[5 2],23,25,45,2,25
1,<environment.Job instance at 0x7fd88fb4d320>,28,3,[2 5],29,40,43,11,31
1,<environment.Job instance at 0x7fd88fb4d8c0>,29,1,[5 1],30,43,44,13,33
1,<environment.Job instance at 0x7fd88fb4ddc0>,30,2,[10  1],31,45,47,14,35
1,<environment.Job instance at 0x7fd88fb4d2d0>,31,3,[2 9],32,47,50,15,37
1,<environment.Job instance at 0x7fd8da0475f0>,36,20,[4 9],37,50,70,13,47
1,<environment.Job instance at 0x7fd8da047140>,39,1,[6 3],40,70,71,30,56
1,<environment.Job instance at 0x7fd8da047640>,35,13,[5 1],36,56,69,20,56
1,<environment.Job instance at 0x7fd8da047280>,40,16,[6 2],41,71,87,30,59
1,<environment.Job instance at 0x7fd8d56c6be0>,47,13,[7 4],48,87,100,39,71
1,<environment.Job instance at 0x7fd8da047500>,43,21,[5 7],44,100,121,56,93
1,<environment.Job instance at 0x7fd8d9d19b90>,57,18,[4 7],58,121,139,63,111
1,<environment.Job instance at 0x7fd8d9d19f50>,1,12,[7 4],2,2,14,0,2
1,<environment.Job instance at 0x7fd8d52a7690>,3,13,[4 7],4,14,27,10,4
1,<environment.Job instance at 0x7fd88f553a50>,8,2,[1 6],9,27,29,18,13
1,<environment.Job instance at 0x7fd8d56ec1e0>,11,12,[7 5],12,29,41,17,21
1,<environment.Job instance at 0x7fd8d56eca50>,14,17,[5 6],15,41,58,26,29
1,<environment.Job instance at 0x7fd8da020b40>,27,14,[9 3],28,58,72,30,43
1,<environment.Job instance at 0x7fd8d9d191e0>,6,12,[4 6],7,72,84,65,57
1,<environment.Job instance at 0x7fd8d9c99b90>,37,15,[6 1],38,72,87,34,66
1,<environment.Job instance at 0x7fd88f553b40>,7,16,[3 5],8,84,100,76,77
1,<environment.Job instance at 0x7fd88f5c85f0>,43,22,[5 4],44,87,109,43,83
1,<environment.Job instance at 0x7fd8d56ec7d0>,15,24,[7 5],16,109,133,93,107
1,<environment.Job instance at 0x7fd88facf910>,50,16,[1 5],51,109,125,58,109
1,<environment.Job instance at 0x7fd88f646640>,66,2,[5 5],67,133,135,66,113
1,<environment.Job instance at 0x7fd88f5b2500>,57,3,[9 2],58,135,138,77,115
1,<environment.Job instance at 0x7fd8d9cdab40>,2,2,[7 5],3,3,5,0,3
1,<environment.Job instance at 0x7fd88f7dabe0>,4,20,[5 9],5,5,25,0,5
1,<environment.Job instance at 0x7fd8d52c1c30>,7,15,[1 7],8,25,40,17,11
1,<environment.Job instance at 0x7fd8d5774cd0>,13,28,[3 5],14,40,68,26,39
1,<environment.Job instance at 0x7fd88f740140>,18,1,[9 2],19,68,69,49,43
1,<environment.Job instance at 0x7fd88fab4a50>,23,2,[3 6],24,69,71,45,59
1,<environment.Job instance at 0x7fd8da657e60>,24,1,[1 7],25,68,69,43,59
1,<environment.Job instance at 0x7fd88fab4320>,25,2,[1 8],26,71,73,45,59
1,<environment.Job instance at 0x7fd8d5566780>,26,18,[3 5],27,73,91,46,62
1,<environment.Job instance at 0x7fd88f6b4af0>,30,21,[5 2],31,72,93,41,72
1,<environment.Job instance at 0x7fd88f6b4a50>,31,12,[7 5],32,93,105,61,76
1,<environment.Job instance at 0x7fd88fca4820>,14,16,[5 6],15,105,121,90,96
1,<environment.Job instance at 0x7fd88f8f9640>,1,16,[ 2 10],2,121,137,119,108
1,<environment.Job instance at 0x7fd88f6b4a00>,37,2,[8 3],38,137,139,99,119
1,<environment.Job instance at 0x7fd88fad93c0>,0,17,[4 8],1,1,18,0,1
1,<environment.Job instance at 0x7fd8d9ba5870>,9,18,[5 5],10,18,36,8,10
1,<environment.Job instance at 0x7fd8d9ba5550>,10,16,[5 4],11,18,34,7,12
1,<environment.Job instance at 0x7fd8d9ba54b0>,15,3,[8 5],16,36,39,20,23
1,<environment.Job instance at 0x7fd88f46c640>,17,1,[6 2],18,39,40,21,27
1,<environment.Job instance at 0x7fd88f46c1e0>,20,14,[7 4],21,40,54,19,27
1,<environment.Job instance at 0x7fd8d57dc960>,27,15,[5 1],28,54,69,26,41
1,<environment.Job instance at 0x7fd8d57dcf50>,32,16,[9 2],33,69,85,36,56
1,<environment.Job instance at 0x7fd8d57dc870>,40,28,[1 5],41,77,105,36,77
1,<environment.Job instance at 0x7fd88f47d730>,46,22,[7 4],47,85,107,38,84
1,<environment.Job instance at 0x7fd88f47da50>,48,18,[5 5],49,107,125,58,96
1,<environment.Job instance at 0x7fd8d9ba5730>,11,18,[5 5],12,107,125,95,106
1,<environment.Job instance at 0x7fd88f3d5f50>,62,18,[7 2],63,125,143,62,114
1,<environment.Job instance at 0x7fd88fbee3c0>,0,2,[1 8],1,1,3,0,1
1,<environment.Job instance at 0x7fd88f2ea5a0>,1,12,[4 6],2,3,15,1,2
1,<environment.Job instance at 0x7fd8d565a730>,4,24,[5 8],5,18,42,13,18
1,<environment.Job instance at 0x7fd88f4085a0>,25,16,[7 4],26,42,58,16,29
1,<environment.Job instance at 0x7fd8d53d34b0>,30,1,[4 5],31,58,59,27,32
1,<environment.Job instance at 0x7fd8d53d3870>,31,2,[4 7],32,59,61,27,32
1,<environment.Job instance at 0x7fd88f99c1e0>,32,17,[6 3],33,58,75,25,46
1,<environment.Job instance at 0x7fd88f3eda50>,40,3,[7 1],41,75,78,34,61
1,<environment.Job instance at 0x7fd88f3edaa0>,41,12,[10  1],42,78,90,36,63
1,<environment.Job instance at 0x7fd88f3ede10>,47,18,[4 5],48,90,108,42,79
1,<environment.Job instance at 0x7fd88f3ed3c0>,48,15,[5 4],49,90,105,41,79
1,<environment.Job instance at 0x7fd88f7a9320>,51,15,[4 9],52,108,123,56,94
1,<environment.Job instance at 0x7fd88f7a9a50>,54,17,[3 6],55,123,140,68,113
1,<environment.Job instance at 0x7fd8d5666e60>,13,17,[7 2],14,123,140,109,119
1,<environment.Job instance at 0x7fd8d54a1550>,1,2,[2 7],2,2,4,0,2
1,<environment.Job instance at 0x7fd8da01cdc0>,2,13,[2 6],3,4,17,1,3
1,<environment.Job instance at 0x7fd8d52b1a50>,6,21,[10  2],7,17,38,10,14
1,<environment.Job instance at 0x7fd88f51a5f0>,25,18,[2 9],26,38,56,12,29
1,<environment.Job instance at 0x7fd88f51adc0>,28,13,[5 2],29,56,69,27,46
1,<environment.Job instance at 0x7fd88f51a0a0>,29,17,[1 5],30,56,73,26,48
1,<environment.Job instance at 0x7fd88f51ae60>,34,16,[2 8],35,73,89,38,62
1,<environment.Job instance at 0x7fd88facf500>,37,17,[ 5 10],38,89,106,51,77
1,<environment.Job instance at 0x7fd88f51aaf0>,32,1,[3 7],33,106,107,73,84
1,<environment.Job instance at 0x7fd88facfd20>,42,2,[5 5],43,107,109,64,86
1,<environment.Job instance at 0x7fd88facf460>,43,1,[3 5],44,107,108,63,89
1,<environment.Job instance at 0x7fd8da16ca00>,50,13,[1 8],51,109,122,58,99
1,<environment.Job instance at 0x7fd8da16cb90>,51,13,[8 2],52,109,122,57,99
1,<environment.Job instance at 0x7fd88f5ce140>,54,1,[10  2],55,122,123,67,99
1,<environment.Job instance at 0x7fd88f5ce0f0>,55,18,[7 4],56,123,141,67,113
1,<environment.Job instance at 0x7fd8da6210f0>,1,16,[1 7],2,2,18,0,2
1,<environment.Job instance at 0x7fd8d519f3c0>,6,12,[3 9],7,18,30,11,7
1,<environment.Job instance at 0x7fd88f31d690>,14,14,[ 3 10],15,30,44,15,16
1,<environment.Job instance at 0x7fd88fbb8640>,23,17,[6 1],24,44,61,20,32
1,<environment.Job instance at 0x7fd88f31d5f0>,15,15,[2 6],16,44,59,28,32
1,<environment.Job instance at 0x7fd8d532ceb0>,31,16,[5 5],32,61,77,29,53
1,<environment.Job instance at 0x7fd8d532caa0>,37,17,[4 9],38,77,94,39,65
1,<environment.Job instance at 0x7fd88f2985f0>,42,17,[ 5 10],43,94,111,51,82
1,<environment.Job instance at 0x7fd88f298d70>,48,15,[8 2],49,111,126,62,97
1,<environment.Job instance at 0x7fd88f44e280>,59,1,[2 5],60,113,114,53,113
1,<environment.Job instance at 0x7fd88f44ed20>,60,18,[6 1],61,126,144,65,115
1,<environment.Job instance at 0x7fd88f44e5a0>,62,16,[1 7],63,115,131,52,115
1,<environment.Job instance at 0x7fd8d563e370>,0,18,[3 7],1,1,19,0,1
1,<environment.Job instance at 0x7fd88f31c960>,7,14,[4 9],8,19,33,11,8
1,<environment.Job instance at 0x7fd88fcbb9b0>,8,15,[5 4],9,33,48,24,19
1,<environment.Job instance at 0x7fd8d9d59140>,14,22,[7 4],15,48,70,33,41
1,<environment.Job instance at 0x7fd8d9ee2b40>,25,3,[10  3],26,70,73,44,47
1,<environment.Job instance at 0x7fd8d9ee27d0>,26,2,[1 9],27,73,75,46,47
1,<environment.Job instance at 0x7fd8d9ee2af0>,27,15,[4 6],28,75,90,47,61
1,<environment.Job instance at 0x7fd8d55bcdc0>,44,16,[9 1],45,90,106,45,77
1,<environment.Job instance at 0x7fd8d55b1d20>,48,14,[7 1],49,106,120,57,91
1,<environment.Job instance at 0x7fd8d55b1500>,54,21,[1 8],55,101,122,46,101
1,<environment.Job instance at 0x7fd8d55b1230>,52,17,[9 3],53,122,139,69,111
1,<environment.Job instance at 0x7f757e2762d0>,2,22,[4 8],3,3,25,0,3
1,<environment.Job instance at 0x7f7578e661e0>,3,3,[4 8],4,25,28,21,4
1,<environment.Job instance at 0x7f7578e66460>,5,2,[1 5],6,28,30,22,6
1,<environment.Job instance at 0x7f7578e666e0>,8,13,[5 5],9,28,41,19,12
1,<environment.Job instance at 0x7f7578e66910>,11,15,[4 8],12,41,56,29,36
1,<environment.Job instance at 0x7f7578e66e60>,16,16,[3 5],17,56,72,39,43
1,<environment.Job instance at 0x7f7578e6a5f0>,27,15,[8 4],28,72,87,44,59
1,<environment.Job instance at 0x7f7578e6a370>,23,27,[1 6],24,108,135,84,108
1,<environment.Job instance at 0x7f7578e6da00>,47,2,[6 5],48,135,137,87,115
1,<environment.Job instance at 0x7f7578e6dc30>,51,3,[1 5],52,135,138,83,117
1,<environment.Job instance at 0x7f7578e6dbe0>,52,1,[8 5],53,137,138,84,122
1,<environment.Job instance at 0x7f7578e6db90>,1,1,[3 9],2,2,3,0,2
1,<environment.Job instance at 0x7f757e3ddd20>,2,13,[ 5 10],3,3,16,0,3
1,<environment.Job instance at 0x7f757e29ee60>,5,14,[ 2 10],6,16,30,10,6
1,<environment.Job instance at 0x7f757e3f1230>,14,2,[2 7],15,30,32,15,18
1,<environment.Job instance at 0x7f757e3f1910>,11,13,[5 6],12,32,45,20,18
1,<environment.Job instance at 0x7f757e3ecc80>,19,12,[4 9],20,45,57,25,28
1,<environment.Job instance at 0x7f757e3e3500>,31,15,[1 7],32,57,72,25,44
1,<environment.Job instance at 0x7f757e29dc30>,33,15,[5 2],34,57,72,23,44
1,<environment.Job instance at 0x7f757e29d320>,37,2,[10  2],38,72,74,34,50
1,<environment.Job instance at 0x7f757e29d6e0>,39,14,[3 6],40,74,88,34,60
1,<environment.Job instance at 0x7f757e3e3960>,28,14,[9 5],29,88,102,59,77
1,<environment.Job instance at 0x7f757e2fd1e0>,50,1,[5 8],51,102,103,51,90
1,<environment.Job instance at 0x7f757e2fd140>,49,14,[2 6],50,103,117,53,90
1,<environment.Job instance at 0x7f757e3f0780>,58,21,[9 4],59,117,138,58,109
1,<environment.Job instance at 0x7f757e3f0dc0>,52,14,[2 9],53,138,152,85,124
1,<environment.Job instance at 0x7f75331dd1e0>,0,25,[ 3 10],1,26,51,25,26
1,<environment.Job instance at 0x7f75330ae5a0>,28,13,[8 5],29,51,64,22,37
1,<environment.Job instance at 0x7f753318b5f0>,35,17,[4 6],36,64,81,28,53
1,<environment.Job instance at 0x7f753318b1e0>,39,16,[9 4],40,81,97,41,68
1,<environment.Job instance at 0x7f753318b230>,45,13,[6 4],46,97,110,51,81
1,<environment.Job instance at 0x7f7533126eb0>,53,20,[2 6],54,97,117,43,94
1,<environment.Job instance at 0x7f7578bd3af0>,60,12,[9 2],61,117,129,56,112
1,<environment.Job instance at 0x7f7578c2a3c0>,65,12,[2 6],66,129,141,63,117
1,<environment.Job instance at 0x7f7578cec460>,68,15,[7 5],69,141,156,72,128
1,<environment.Job instance at 0x7f7578f77c80>,2,1,[7 4],3,3,4,0,3
1,<environment.Job instance at 0x7f757bac6370>,4,17,[7 2],5,7,24,2,7
1,<environment.Job instance at 0x7f7578e60a00>,10,2,[10  2],11,24,26,13,11
1,<environment.Job instance at 0x7f7578e60500>,11,17,[2 6],12,26,43,14,14
1,<environment.Job instance at 0x7f7578e5f5a0>,23,1,[1 7],24,43,44,19,33
1,<environment.Job instance at 0x7f7578fd5460>,25,13,[ 1 10],26,44,57,18,34
1,<environment.Job instance at 0x7f7578fd59b0>,30,13,[5 6],31,57,70,26,43
1,<environment.Job instance at 0x7f753362daa0>,33,13,[4 9],34,70,83,36,54
1,<environment.Job instance at 0x7f753310e4b0>,44,21,[7 2],45,83,104,38,75
1,<environment.Job instance at 0x7f7533267a00>,47,2,[10  4],48,104,106,56,81
1,<environment.Job instance at 0x7f7533267c30>,50,18,[4 7],51,106,124,55,95
1,<environment.Job instance at 0x7f753320a4b0>,58,15,[8 5],59,124,139,65,110
1,<environment.Job instance at 0x7f7579107820>,3,3,[7 3],4,4,7,0,4
1,<environment.Job instance at 0x7f7533498730>,4,17,[3 9],5,7,24,2,5
1,<environment.Job instance at 0x7f75334ef050>,9,15,[7 1],10,11,26,1,11
1,<environment.Job instance at 0x7f75792b7f50>,12,1,[9 3],13,26,27,13,13
1,<environment.Job instance at 0x7f75792d1960>,14,14,[7 1],15,27,41,12,15
1,<environment.Job instance at 0x7f753382bb40>,11,18,[3 6],12,27,45,15,21
1,<environment.Job instance at 0x7f75792a14b0>,26,2,[2 9],27,45,47,18,37
1,<environment.Job instance at 0x7f75792d23c0>,27,3,[7 1],28,41,44,13,37
1,<environment.Job instance at 0x7f75792c3500>,21,14,[5 8],22,47,61,25,37
1,<environment.Job instance at 0x7f75792d2730>,28,17,[10  3],29,61,78,32,49
1,<environment.Job instance at 0x7f75792cc050>,37,13,[7 3],38,78,91,40,62
1,<environment.Job instance at 0x7f75792cc190>,41,1,[8 5],42,91,92,49,71
1,<environment.Job instance at 0x7f75792cc910>,44,12,[4 6],45,92,104,47,75
1,<environment.Job instance at 0x7f75792c9230>,47,18,[1 7],48,104,122,56,93
1,<environment.Job instance at 0x7f75792c98c0>,51,14,[10  4],52,122,136,70,108
1,<environment.Job instance at 0x7f753346eb40>,55,15,[7 4],56,136,151,80,122
1,<environment.Job instance at 0x7f75337555a0>,3,12,[4 6],4,4,16,0,4
1,<environment.Job instance at 0x7f7533755870>,6,25,[ 5 10],7,16,41,9,13
1,<environment.Job instance at 0x7f7533595b40>,23,12,[6 2],24,41,53,17,28
1,<environment.Job instance at 0x7f7533595fa0>,20,15,[3 9],21,53,68,32,39
1,<environment.Job instance at 0x7f75335957d0>,14,2,[ 2 10],15,68,70,53,47
1,<environment.Job instance at 0x7f7578d3f230>,33,2,[6 3],34,70,72,36,49
1,<environment.Job instance at 0x7f7578d3f960>,35,23,[7 1],36,72,95,36,68
1,<environment.Job instance at 0x7f7578d3f4b0>,36,1,[4 9],37,95,96,58,68
1,<environment.Job instance at 0x7f7533595f00>,18,18,[1 9],19,72,90,53,72
1,<environment.Job instance at 0x7f753358be60>,45,18,[10  3],46,96,114,50,87
1,<environment.Job instance at 0x7f757b828b40>,55,12,[5 6],56,114,126,58,104
1,<environment.Job instance at 0x7f757b828780>,56,17,[5 5],57,126,143,69,114
1,<environment.Job instance at 0x7f75332101e0>,1,16,[ 4 10],2,2,18,0,2
1,<environment.Job instance at 0x7f7533321c30>,11,13,[2 8],12,18,31,6,14
1,<environment.Job instance at 0x7f7533321780>,12,18,[5 1],13,18,36,5,18
1,<environment.Job instance at 0x7f7578e51910>,16,18,[4 6],17,31,49,14,24
1,<environment.Job instance at 0x7f7533783500>,7,3,[8 5],8,49,52,41,28
1,<environment.Job instance at 0x7f7578f02690>,20,2,[2 7],21,52,54,31,31
1,<environment.Job instance at 0x7f757b555910>,27,16,[1 5],28,54,70,26,48
1,<environment.Job instance at 0x7f75333219b0>,14,20,[9 5],15,54,74,39,54
1,<environment.Job instance at 0x7f7578df70a0>,33,13,[6 5],34,74,87,40,59
1,<environment.Job instance at 0x7f7578df7320>,35,15,[9 1],36,87,102,51,73
1,<environment.Job instance at 0x7f7533304dc0>,42,17,[1 7],43,91,108,48,91
1,<environment.Job instance at 0x7f7578df7af0>,32,15,[3 8],33,108,123,75,97
1,<environment.Job instance at 0x7f757b989780>,48,14,[5 4],49,123,137,74,108
1,<environment.Job instance at 0x7f757b989910>,45,16,[1 6],46,123,139,77,111
1,<environment.Job instance at 0x7f7533304be0>,43,17,[6 4],44,137,154,93,128
1,<environment.Job instance at 0x7f757baa1d70>,2,3,[10  5],3,3,6,0,3
1,<environment.Job instance at 0x7f753334feb0>,5,12,[ 3 10],6,6,18,0,6
1,<environment.Job instance at 0x7f753333d050>,7,2,[3 7],8,18,20,10,8
1,<environment.Job instance at 0x7f753333d140>,8,12,[10  1],9,20,32,11,9
1,<environment.Job instance at 0x7f753333d690>,16,12,[6 4],17,32,44,15,20
1,<environment.Job instance at 0x7f753333daf0>,20,2,[8 1],21,44,46,23,30
1,<environment.Job instance at 0x7f753333dd20>,21,1,[9 4],22,46,47,24,31
1,<environment.Job instance at 0x7f753333db90>,22,15,[2 9],23,47,62,24,33
1,<environment.Job instance at 0x7f753333dcd0>,23,2,[1 7],24,44,46,20,33
1,<environment.Job instance at 0x7f753333dfa0>,24,2,[1 6],25,33,35,8,33
1,<environment.Job instance at 0x7f7533362140>,26,3,[9 2],27,62,65,35,36
1,<environment.Job instance at 0x7f753334fe10>,10,16,[9 2],11,65,81,54,52
1,<environment.Job instance at 0x7f7533367140>,40,1,[4 5],41,81,82,40,81
1,<environment.Job instance at 0x7f75333671e0>,41,16,[5 3],42,81,97,39,81
1,<environment.Job instance at 0x7f7533367500>,46,3,[6 2],47,97,100,50,81
1,<environment.Job instance at 0x7f753333d730>,17,17,[8 2],18,100,117,82,88
1,<environment.Job instance at 0x7f7533367e60>,53,14,[5 5],54,117,131,63,102
1,<environment.Job instance at 0x7f7533367af0>,50,18,[9 2],51,131,149,80,124
1,<environment.Job instance at 0x7f7578ebe9b0>,2,14,[10  1],3,4,18,1,4
1,<environment.Job instance at 0x7f7578ebe870>,8,15,[ 4 10],9,18,33,9,9
1,<environment.Job instance at 0x7f7578e3a190>,19,13,[7 2],20,33,46,13,26
1,<environment.Job instance at 0x7f75336dccd0>,23,16,[3 8],24,33,49,9,29
1,<environment.Job instance at 0x7f75336dc870>,24,16,[9 2],25,49,65,24,38
1,<environment.Job instance at 0x7f757926b640>,26,18,[3 6],27,65,83,38,54
1,<environment.Job instance at 0x7f757b3eafa0>,34,15,[3 5],35,83,98,48,70
1,<environment.Job instance at 0x7f757b3ea8c0>,33,18,[4 5],34,83,101,49,81
1,<environment.Job instance at 0x7f7578d6e780>,45,16,[6 5],46,100,116,54,100
1,<environment.Job instance at 0x7f757b9c1140>,48,15,[1 8],49,116,131,67,114
1,<environment.Job instance at 0x7f757b9c1190>,51,13,[5 2],52,120,133,68,120
1,<environment.Job instance at 0x7f757b580c80>,54,1,[10  4],55,133,134,78,122
1,<environment.Job instance at 0x7f757b580190>,55,3,[5 7],56,134,137,78,122
1,<environment.Job instance at 0x7f757b4380f0>,58,14,[7 2],59,137,151,78,122
1,<environment.Job instance at 0x7f757907e280>,64,17,[3 7],65,137,154,72,129
1,<environment.Job instance at 0x7f7578f015a0>,0,12,[2 6],1,1,13,0,1
1,<environment.Job instance at 0x7f7578defeb0>,5,13,[5 5],6,13,26,7,6
1,<environment.Job instance at 0x7f753345e870>,9,13,[4 8],10,26,39,16,12
1,<environment.Job instance at 0x7f757b664820>,20,18,[4 5],21,39,57,18,33
1,<environment.Job instance at 0x7f75330f35f0>,22,3,[1 7],23,57,60,34,33
1,<environment.Job instance at 0x7f75790c8e60>,23,13,[9 3],24,57,70,33,43
1,<environment.Job instance at 0x7f7579229dc0>,25,14,[ 3 10],26,70,84,44,57
1,<environment.Job instance at 0x7f7578f016e0>,4,13,[5 8],5,84,97,79,70
1,<environment.Job instance at 0x7f757b986cd0>,21,18,[4 9],22,97,115,75,88
1,<environment.Job instance at 0x7f757b5cec80>,46,1,[9 3],47,115,116,68,95
1,<environment.Job instance at 0x7f757b5ce690>,47,12,[9 2],48,116,128,68,101
1,<environment.Job instance at 0x7f75334c0640>,34,22,[1 8],35,116,138,81,109
1,<environment.Job instance at 0x7f7578c1dd70>,56,3,[2 5],57,138,141,81,112
1,<environment.Job instance at 0x7f757b5ce0f0>,45,15,[8 3],46,138,153,92,128
1,<environment.Job instance at 0x7f7578dd8fa0>,0,2,[5 4],1,1,3,0,1
1,<environment.Job instance at 0x7f7533686500>,1,12,[2 5],2,2,14,0,2
1,<environment.Job instance at 0x7f7533249a50>,3,14,[1 6],4,14,28,10,8
1,<environment.Job instance at 0x7f75330d6cd0>,14,26,[7 1],15,19,45,4,19
1,<environment.Job instance at 0x7f75330e0690>,25,16,[2 7],26,36,52,10,36
1,<environment.Job instance at 0x7f75330e0eb0>,28,18,[8 3],29,45,63,16,38
1,<environment.Job instance at 0x7f75330c4050>,32,15,[ 2 10],33,63,78,30,50
1,<environment.Job instance at 0x7f75330c4550>,37,18,[6 4],38,78,96,40,72
1,<environment.Job instance at 0x7f75330c45f0>,43,12,[4 8],44,99,111,55,99
1,<environment.Job instance at 0x7f75330c4be0>,46,15,[4 7],47,111,126,64,100
1,<environment.Job instance at 0x7f75330c2230>,52,3,[1 5],53,126,129,73,115
1,<environment.Job instance at 0x7f75330c22d0>,54,1,[2 5],55,126,127,71,116
1,<environment.Job instance at 0x7f7533713be0>,0,15,[1 6],1,1,16,0,1
1,<environment.Job instance at 0x7f757b531280>,9,18,[7 2],10,10,28,0,10
1,<environment.Job instance at 0x7f7578d7e6e0>,17,13,[5 5],18,28,41,10,18
1,<environment.Job instance at 0x7f753302e870>,33,14,[1 8],34,41,55,7,41
1,<environment.Job instance at 0x7f753302ed70>,34,12,[3 9],35,55,67,20,43
1,<environment.Job instance at 0x7f753302e320>,35,15,[5 1],36,46,61,10,46
1,<environment.Job instance at 0x7f7579217690>,43,15,[8 4],44,67,82,23,54
1,<environment.Job instance at 0x7f7533046550>,36,1,[5 5],37,82,83,45,65
1,<environment.Job instance at 0x7f75792173c0>,47,2,[5 7],48,83,85,35,66
1,<environment.Job instance at 0x7f7579217af0>,46,20,[4 9],47,85,105,38,76
1,<environment.Job instance at 0x7f753334d2d0>,60,13,[10  1],61,105,118,44,101
1,<environment.Job instance at 0x7f7578dcceb0>,26,16,[ 5 10],27,118,134,91,107
1,<environment.Job instance at 0x7f753334daf0>,61,16,[5 7],62,134,150,72,123
1,<environment.Job instance at 0x7f7578d2bdc0>,1,12,[7 4],2,2,14,0,2
1,<environment.Job instance at 0x7f7578eecdc0>,5,16,[5 7],6,14,30,8,6
1,<environment.Job instance at 0x7f7578eec960>,12,12,[5 4],13,30,42,17,14
1,<environment.Job instance at 0x7f7578eecb90>,11,12,[7 5],12,42,54,30,26
1,<environment.Job instance at 0x7f7578c5c0a0>,26,13,[ 1 10],27,54,67,27,40
1,<environment.Job instance at 0x7f757b8ff9b0>,32,16,[6 3],33,67,83,34,58
1,<environment.Job instance at 0x7f757b8ff320>,37,15,[6 1],38,83,98,45,72
1,<environment.Job instance at 0x7f7532ffc960>,46,3,[1 8],47,92,95,45,92
1,<environment.Job instance at 0x7f757912e0a0>,48,2,[5 7],49,98,100,49,92
1,<environment.Job instance at 0x7f757912e910>,50,16,[1 5],51,100,116,49,92
1,<environment.Job instance at 0x7f757912e820>,51,17,[6 5],52,100,117,48,94
1,<environment.Job instance at 0x7f7578c745a0>,63,18,[4 9],64,117,135,53,113
1,<environment.Job instance at 0x7f757b975cd0>,69,12,[9 3],70,135,147,65,120
1,<environment.Job instance at 0x7f757b50bb90>,10,20,[5 8],11,11,31,0,11
1,<environment.Job instance at 0x7f757b50a690>,16,18,[3 5],17,31,49,14,20
1,<environment.Job instance at 0x7f757b4fc050>,18,14,[7 5],19,31,45,12,27
1,<environment.Job instance at 0x7f757b4e9b40>,23,2,[9 4],24,49,51,25,41
1,<environment.Job instance at 0x7f757924d280>,25,2,[ 5 10],26,51,53,25,42
1,<environment.Job instance at 0x7f757b50b2d0>,5,16,[10  2],6,53,69,47,42
1,<environment.Job instance at 0x7f757924deb0>,28,13,[5 9],29,69,82,40,54
1,<environment.Job instance at 0x7f7578f7fb90>,45,23,[7 4],46,82,105,36,77
1,<environment.Job instance at 0x7f7578c38280>,47,16,[2 6],48,82,98,34,77
1,<environment.Job instance at 0x7f7532e8c280>,44,18,[6 3],45,105,123,60,94
1,<environment.Job instance at 0x7f7578f5efa0>,55,15,[9 5],56,123,138,67,110
1,<environment.Job instance at 0x7f75335a6eb0>,4,16,[5 6],5,138,154,133,128
1,<environment.Job instance at 0x7f757b9f41e0>,0,14,[7 4],1,1,15,0,1
1,<environment.Job instance at 0x7f757906b0a0>,18,26,[2 5],19,26,52,7,26
1,<environment.Job instance at 0x7f753de7b410>,20,28,[1 5],21,30,58,9,30
1,<environment.Job instance at 0x7f75336a5aa0>,26,22,[7 4],27,52,74,25,45
1,<environment.Job instance at 0x7f757b7162d0>,38,14,[9 3],39,74,88,35,62
1,<environment.Job instance at 0x7f7533347870>,47,12,[10  4],48,88,100,40,80
1,<environment.Job instance at 0x7f7533347e60>,48,12,[3 8],49,100,112,51,85
1,<environment.Job instance at 0x7f7578ec5230>,55,13,[6 1],56,100,113,44,96
1,<environment.Job instance at 0x7f75335b9870>,49,16,[ 3 10],50,113,129,63,104
1,<environment.Job instance at 0x7f75792d8a50>,63,2,[1 9],64,129,131,65,115
1,<environment.Job instance at 0x7f757b477e10>,64,2,[2 7],65,131,133,66,115
1,<environment.Job instance at 0x7f75336ca5f0>,62,2,[2 5],63,133,135,70,117
1,<environment.Job instance at 0x7f757e002fa0>,66,1,[10  4],67,135,136,68,121
1,<environment.Job instance at 0x7f757e0020f0>,67,2,[7 3],68,131,133,63,123
1,<environment.Job instance at 0x7f757b716960>,44,16,[5 8],45,136,152,91,124
1,<environment.Job instance at 0x7f75330151e0>,0,1,[4 5],1,1,2,0,1
1,<environment.Job instance at 0x7f7533015230>,2,17,[6 3],3,3,20,0,3
1,<environment.Job instance at 0x7f7532df24b0>,12,16,[7 1],13,20,36,7,17
1,<environment.Job instance at 0x7f7532df25a0>,13,13,[6 5],14,36,49,22,22
1,<environment.Job instance at 0x7f7532e64780>,21,15,[4 9],22,49,64,27,39
1,<environment.Job instance at 0x7f7532e64b40>,22,13,[1 8],23,64,77,41,56
1,<environment.Job instance at 0x7f7532df7d70>,28,12,[4 8],29,77,89,48,64
1,<environment.Job instance at 0x7f7532df7640>,39,13,[4 9],40,89,102,49,76
1,<environment.Job instance at 0x7f7532e643c0>,26,15,[8 5],27,102,117,75,89
1,<environment.Job instance at 0x7f7532ecbe10>,41,13,[ 1 10],42,117,130,75,106
1,<environment.Job instance at 0x7f7532ecb320>,45,13,[ 3 10],46,130,143,84,118
1,<environment.Job instance at 0x7f7578ee39b0>,0,17,[6 1],1,2,19,1,2
1,<environment.Job instance at 0x7f753325fdc0>,7,3,[1 7],8,8,11,0,8
1,<environment.Job instance at 0x7f753325ff50>,8,2,[3 7],9,11,13,2,9
1,<environment.Job instance at 0x7f753324a0f0>,12,3,[5 5],13,19,22,6,13
1,<environment.Job instance at 0x7f753324a960>,15,18,[7 4],16,22,40,6,16
1,<environment.Job instance at 0x7f7533236140>,18,13,[5 4],19,40,53,21,24
1,<environment.Job instance at 0x7f7533234460>,25,17,[4 6],26,40,57,14,28
1,<environment.Job instance at 0x7f75792370f0>,33,14,[5 4],34,53,67,19,43
1,<environment.Job instance at 0x7f753324a3c0>,19,17,[4 6],20,57,74,37,45
1,<environment.Job instance at 0x7f7532f49cd0>,1,14,[4 8],2,74,88,72,60
1,<environment.Job instance at 0x7f7533053eb0>,44,14,[7 2],45,88,102,43,73
1,<environment.Job instance at 0x7f753376eaf0>,42,16,[2 8],43,90,106,47,90
1,<environment.Job instance at 0x7f7533053320>,51,12,[6 3],52,106,118,54,91
1,<environment.Job instance at 0x7f75337ab870>,37,17,[9 4],38,118,135,80,109
1,<environment.Job instance at 0x7f753303c8c0>,59,12,[7 5],60,135,147,75,120
1,<environment.Job instance at 0x7f7578db34b0>,0,12,[8 3],1,1,13,0,1
1,<environment.Job instance at 0x7f757bb115a0>,7,2,[ 1 10],8,13,15,5,8
1,<environment.Job instance at 0x7f75330375f0>,2,14,[ 3 10],3,15,29,12,9
1,<environment.Job instance at 0x7f7532f44230>,14,18,[2 5],15,29,47,14,18
1,<environment.Job instance at 0x7f757b7bf190>,25,17,[8 3],26,34,51,8,34
1,<environment.Job instance at 0x7f75338006e0>,35,14,[8 2],36,51,65,15,37
1,<environment.Job instance at 0x7f757b557140>,43,13,[3 7],44,65,78,21,49
1,<environment.Job instance at 0x7f7578f227d0>,50,17,[6 4],51,78,95,27,66
1,<environment.Job instance at 0x7f7532f9c0a0>,56,15,[7 3],57,95,110,38,90
1,<environment.Job instance at 0x7f75336bbb90>,61,12,[7 5],62,110,122,48,94
1,<environment.Job instance at 0x7f757b5d30f0>,66,12,[5 9],67,122,134,55,117
1,<environment.Job instance at 0x7f75336e44b0>,2,2,[7 5],3,3,5,0,3
1,<environment.Job instance at 0x7f7532f53cd0>,4,1,[3 8],5,5,6,0,5
1,<environment.Job instance at 0x7f7533660500>,5,2,[4 7],6,6,8,0,6
1,<environment.Job instance at 0x7f7533660050>,6,14,[4 9],7,8,22,1,7
1,<environment.Job instance at 0x7f7579372370>,10,16,[ 1 10],11,22,38,11,11
1,<environment.Job instance at 0x7f757b49bd70>,26,3,[6 3],27,38,41,11,27
1,<environment.Job instance at 0x7f757b49baa0>,19,17,[10  1],20,41,58,21,29
1,<environment.Job instance at 0x7f75335a15f0>,31,17,[9 4],32,58,75,26,46
1,<environment.Job instance at 0x7f757b49b690>,17,13,[5 5],18,75,88,57,59
1,<environment.Job instance at 0x7f75335a18c0>,37,18,[10  3],38,88,106,50,81
1,<environment.Job instance at 0x7f7533660f00>,13,23,[5 6],14,106,129,92,105
1,<environment.Job instance at 0x7f7532fa7d70>,55,14,[ 2 10],56,129,143,73,118
1,<environment.Job instance at 0x7f757b96c460>,2,2,[3 9],3,3,5,0,3
1,<environment.Job instance at 0x7f7533346370>,4,1,[3 7],5,5,6,0,5
1,<environment.Job instance at 0x7f75337544b0>,6,1,[6 2],7,7,8,0,7
1,<environment.Job instance at 0x7f753312cfa0>,7,17,[2 8],8,8,25,0,8
1,<environment.Job instance at 0x7f7578d3db90>,8,18,[5 5],9,25,43,16,15
1,<environment.Job instance at 0x7f753375b780>,17,17,[2 5],18,25,42,7,20
1,<environment.Job instance at 0x7f7532f07230>,20,15,[10  4],21,43,58,22,30
1,<environment.Job instance at 0x7f753375b0f0>,11,18,[8 2],12,58,76,46,51
1,<environment.Job instance at 0x7f7533708550>,39,14,[ 1 10],40,88,102,48,88
1,<environment.Job instance at 0x7f757b9834b0>,43,15,[5 6],44,102,117,58,97
1,<environment.Job instance at 0x7f757b3e42d0>,47,1,[1 5],48,117,118,69,98
1,<environment.Job instance at 0x7f757b973fa0>,49,12,[8 1],50,117,129,67,101
1,<environment.Job instance at 0x7f753310e7d0>,53,1,[2 5],54,118,119,64,111
1,<environment.Job instance at 0x7f753310e0f0>,54,2,[2 7],55,119,121,64,111
1,<environment.Job instance at 0x7f75792260f0>,55,3,[6 5],56,129,132,73,111
1,<environment.Job instance at 0x7f757b9733c0>,48,12,[1 5],49,121,133,72,116
1,<environment.Job instance at 0x7f75792265a0>,59,17,[2 5],60,132,149,72,120
1,<environment.Job instance at 0x7fced07574b0>,8,13,[5 5],9,20,33,11,20
1,<environment.Job instance at 0x7fced0757a50>,11,15,[4 8],12,33,48,21,23
1,<environment.Job instance at 0x7fced0757e60>,18,3,[4 7],19,48,51,29,30
1,<environment.Job instance at 0x7fced0757f00>,19,14,[3 5],20,51,65,31,36
1,<environment.Job instance at 0x7fced0757d20>,16,16,[3 5],17,51,67,34,42
1,<environment.Job instance at 0x7fced075c2d0>,26,3,[3 7],27,67,70,40,63
1,<environment.Job instance at 0x7fced075c7d0>,29,12,[5 4],30,70,82,40,66
1,<environment.Job instance at 0x7fced075c910>,30,14,[5 2],31,74,88,43,74
1,<environment.Job instance at 0x7fced075cc30>,33,14,[5 5],34,82,96,48,82
1,<environment.Job instance at 0x7fced075cd70>,35,15,[9 5],36,96,111,60,82
1,<environment.Job instance at 0x7fced075ca00>,31,14,[2 5],32,111,125,79,96
1,<environment.Job instance at 0x7fced075d5f0>,43,18,[5 5],44,111,129,67,110
1,<environment.Job instance at 0x7fced075d730>,45,13,[6 5],46,129,142,83,115
1,<environment.Job instance at 0x7fced07702d0>,0,16,[2 8],1,1,17,0,1
1,<environment.Job instance at 0x7fced1a2cc30>,9,12,[4 9],10,17,29,7,14
1,<environment.Job instance at 0x7fced1a2cc80>,12,14,[1 8],13,29,43,16,14
1,<environment.Job instance at 0x7fced1a23550>,14,14,[8 4],15,43,57,28,32
1,<environment.Job instance at 0x7fced1a31780>,34,19,[6 1],35,57,76,22,48
1,<environment.Job instance at 0x7fced1a305a0>,39,14,[2 6],40,50,64,10,50
1,<environment.Job instance at 0x7fced1a30410>,42,14,[2 9],43,64,78,21,52
1,<environment.Job instance at 0x7fced1a30cd0>,48,21,[9 4],49,78,99,29,70
1,<environment.Job instance at 0x7fce867a0d20>,52,3,[10  2],53,99,102,46,88
1,<environment.Job instance at 0x7fce867a0190>,54,12,[3 8],55,102,114,47,89
1,<environment.Job instance at 0x7fce866faaf0>,60,13,[10  5],61,114,127,53,104
1,<environment.Job instance at 0x7fce86740780>,66,3,[2 8],67,127,130,60,121
1,<environment.Job instance at 0x7fce8681bc30>,69,2,[10  4],70,130,132,60,123
1,<environment.Job instance at 0x7fce8681ba00>,70,3,[5 6],71,132,135,61,123
1,<environment.Job instance at 0x7fced1a31140>,33,18,[6 5],34,135,153,101,126
1,<environment.Job instance at 0x7fce8675ff50>,8,13,[8 5],9,9,22,0,9
1,<environment.Job instance at 0x7fced0597c80>,6,1,[2 7],7,22,23,15,10
1,<environment.Job instance at 0x7fce8675f410>,7,3,[6 3],8,22,25,14,10
1,<environment.Job instance at 0x7fce8675feb0>,10,18,[6 1],11,25,43,14,14
1,<environment.Job instance at 0x7fced0bd4140>,15,17,[4 6],16,23,40,7,17
1,<environment.Job instance at 0x7fced0c2e320>,24,17,[9 4],25,43,60,18,39
1,<environment.Job instance at 0x7fce866f4730>,12,18,[8 2],13,60,78,47,49
1,<environment.Job instance at 0x7fce86864960>,33,20,[2 6],34,60,80,26,55
1,<environment.Job instance at 0x7fce86864a00>,38,2,[2 6],39,80,82,41,55
1,<environment.Job instance at 0x7fce86854050>,40,12,[9 2],41,82,94,41,67
1,<environment.Job instance at 0x7fce86854910>,48,15,[7 5],49,94,109,45,81
1,<environment.Job instance at 0x7fce86854870>,49,15,[ 3 10],50,109,124,59,95
1,<environment.Job instance at 0x7fce866fb190>,57,1,[4 5],58,124,125,66,108
1,<environment.Job instance at 0x7fce866fb1e0>,58,1,[2 9],59,125,126,66,108
1,<environment.Job instance at 0x7fce866fb780>,59,13,[4 6],60,126,139,66,110
1,<environment.Job instance at 0x7fced05afe10>,64,14,[1 5],65,139,153,74,125
1,<environment.Job instance at 0x7fce86c4b370>,1,12,[5 5],2,2,14,0,2
1,<environment.Job instance at 0x7fced07af9b0>,5,14,[7 4],6,14,28,8,6
1,<environment.Job instance at 0x7fced0869b40>,15,12,[ 1 10],16,28,40,12,19
1,<environment.Job instance at 0x7fce868e1e60>,28,15,[8 5],29,40,55,11,29
1,<environment.Job instance at 0x7fced05b0eb0>,18,16,[6 3],19,55,71,36,50
1,<environment.Job instance at 0x7fce8684bb90>,36,18,[4 6],37,55,73,18,51
1,<environment.Job instance at 0x7fced082f780>,10,16,[10  2],11,73,89,62,62
1,<environment.Job instance at 0x7fce86c9fbe0>,40,12,[8 5],41,89,101,48,75
1,<environment.Job instance at 0x7fce86884d70>,47,2,[2 8],48,101,103,53,85
1,<environment.Job instance at 0x7fced18dd870>,51,3,[ 4 10],52,103,106,51,95
1,<environment.Job instance at 0x7fced05b0910>,20,18,[4 7],21,106,124,85,101
1,<environment.Job instance at 0x7fced18dda00>,55,2,[6 3],56,108,110,52,108
1,<environment.Job instance at 0x7fce86c5e5a0>,56,2,[3 8],57,124,126,67,108
1,<environment.Job instance at 0x7fce866fbd20>,59,13,[1 9],60,129,142,69,129
1,<environment.Job instance at 0x7fced099ad70>,0,14,[3 6],1,1,15,0,1
1,<environment.Job instance at 0x7fced055f230>,7,18,[1 7],8,15,33,7,12
1,<environment.Job instance at 0x7fced06d0190>,12,18,[5 5],13,33,51,20,22
1,<environment.Job instance at 0x7fced1253d70>,19,17,[7 2],20,51,68,31,45
1,<environment.Job instance at 0x7fced12535a0>,21,28,[2 8],22,54,82,32,54
1,<environment.Job instance at 0x7fced1253460>,18,21,[5 8],19,82,103,63,74
1,<environment.Job instance at 0x7fced123ad20>,49,3,[5 1],50,90,93,40,90
1,<environment.Job instance at 0x7fced12583c0>,51,1,[10  4],52,103,104,51,90
1,<environment.Job instance at 0x7fced1258050>,52,3,[6 4],53,104,107,51,93
1,<environment.Job instance at 0x7fced1258d20>,54,15,[9 1],55,107,122,52,104
1,<environment.Job instance at 0x7fced122eaa0>,59,14,[3 7],60,122,136,62,109
1,<environment.Job instance at 0x7fced122edc0>,60,15,[9 4],61,136,151,75,123
1,<environment.Job instance at 0x7fced06177d0>,0,1,[5 9],1,1,2,0,1
1,<environment.Job instance at 0x7fced0617280>,4,18,[4 7],5,5,23,0,5
1,<environment.Job instance at 0x7fced11f7050>,12,17,[1 6],13,23,40,10,14
1,<environment.Job instance at 0x7fced11f75f0>,18,15,[3 6],19,40,55,21,26
1,<environment.Job instance at 0x7fced11f7640>,25,23,[5 3],26,38,61,12,38
1,<environment.Job instance at 0x7fced11f71e0>,13,16,[4 9],14,61,77,47,49
1,<environment.Job instance at 0x7fced14433c0>,35,3,[1 5],36,77,80,41,74
1,<environment.Job instance at 0x7fced0e3f0a0>,27,16,[ 5 10],28,80,96,52,74
1,<environment.Job instance at 0x7fced1443280>,40,16,[5 1],41,97,113,56,97
1,<environment.Job instance at 0x7fced0dccaa0>,42,17,[4 5],43,105,122,62,105
1,<environment.Job instance at 0x7fced0dcc6e0>,45,12,[8 1],46,122,134,76,107
1,<environment.Job instance at 0x7fced14435a0>,37,14,[4 7],38,134,148,96,121
1,<environment.Job instance at 0x7fced0dcc460>,58,14,[1 7],59,148,162,89,138
1,<environment.Job instance at 0x7fced0c50aa0>,1,13,[ 3 10],2,2,15,0,2
1,<environment.Job instance at 0x7fced07476e0>,3,13,[1 7],4,15,28,11,4
1,<environment.Job instance at 0x7fced07bbdc0>,12,14,[9 1],13,15,29,2,15
1,<environment.Job instance at 0x7fced0e24190>,17,12,[5 4],18,29,41,11,27
1,<environment.Job instance at 0x7fce86ad10f0>,19,16,[ 4 10],20,41,57,21,28
1,<environment.Job instance at 0x7fce86b69050>,31,15,[7 5],32,57,72,25,47
1,<environment.Job instance at 0x7fced12ea140>,20,18,[5 8],21,72,90,51,61
1,<environment.Job instance at 0x7fce86c42640>,40,15,[9 1],41,90,105,49,82
1,<environment.Job instance at 0x7fce86b6d870>,50,20,[9 5],51,105,125,54,103
1,<environment.Job instance at 0x7fce86d85d20>,61,18,[3 7],62,125,143,63,115
1,<environment.Job instance at 0x7fce86bb15a0>,22,23,[7 1],23,130,153,107,130
1,<environment.Job instance at 0x7fce866c6cd0>,14,15,[6 4],15,47,62,32,47
1,<environment.Job instance at 0x7fce866c3dc0>,32,2,[8 2],33,62,64,29,50
1,<environment.Job instance at 0x7fce866c3d20>,33,2,[8 1],34,64,66,30,50
1,<environment.Job instance at 0x7fce866db0a0>,35,17,[10  3],36,66,83,30,55
1,<environment.Job instance at 0x7fce866c3af0>,31,18,[5 9],32,83,101,51,78
1,<environment.Job instance at 0x7fce866db820>,42,19,[8 3],43,101,120,58,91
1,<environment.Job instance at 0x7fce866dbd70>,49,25,[7 3],50,137,162,87,137
1,<environment.Job instance at 0x7fce86c7c460>,0,1,[4 8],1,1,2,0,1
1,<environment.Job instance at 0x7fced0806af0>,11,1,[3 8],12,19,20,7,19
1,<environment.Job instance at 0x7fce86badb40>,18,3,[9 2],19,29,32,10,29
1,<environment.Job instance at 0x7fce86aeffa0>,20,1,[10  3],21,32,33,11,29
1,<environment.Job instance at 0x7fced0c0c960>,21,14,[1 5],22,33,47,11,29
1,<environment.Job instance at 0x7fced0c0cc30>,22,17,[5 1],23,33,50,10,29
1,<environment.Job instance at 0x7fce86cd9e60>,25,12,[8 3],26,50,62,24,33
1,<environment.Job instance at 0x7fced04c3690>,14,14,[5 9],15,62,76,47,47
1,<environment.Job instance at 0x7fce86b7d5a0>,31,15,[7 3],32,76,91,44,64
1,<environment.Job instance at 0x7fced07180f0>,36,13,[5 9],37,91,104,54,77
1,<environment.Job instance at 0x7fced0d3ce60>,40,18,[5 4],41,104,122,63,93
1,<environment.Job instance at 0x7fce86c7f370>,50,12,[2 6],51,112,124,61,112
1,<environment.Job instance at 0x7fce86c0e230>,5,20,[10  3],6,124,144,118,120
1,<environment.Job instance at 0x7fce86749af0>,53,3,[7 2],54,144,147,90,123
1,<environment.Job instance at 0x7fced0ceaaf0>,54,13,[5 8],55,147,160,92,133
1,<environment.Job instance at 0x7fced0596690>,0,18,[3 6],1,1,19,0,1
1,<environment.Job instance at 0x7fced0596a00>,4,12,[10  3],5,19,31,14,5
1,<environment.Job instance at 0x7fced0707960>,16,2,[ 2 10],17,31,33,14,17
1,<environment.Job instance at 0x7fce86a7bfa0>,15,15,[1 6],16,33,48,17,24
1,<environment.Job instance at 0x7fce86b59460>,22,3,[3 7],23,48,51,25,32
1,<environment.Job instance at 0x7fce868ac460>,23,3,[5 4],24,36,39,12,36
1,<environment.Job instance at 0x7fce86b305f0>,20,14,[3 5],21,51,65,30,37
1,<environment.Job instance at 0x7fced090f820>,24,12,[7 2],25,39,51,14,38
1,<environment.Job instance at 0x7fced1a2a3c0>,27,1,[ 5 10],28,65,66,37,39
1,<environment.Job instance at 0x7fced0e0e280>,28,12,[6 1],29,51,63,22,40
1,<environment.Job instance at 0x7fce86e51320>,34,16,[8 5],35,66,82,31,53
1,<environment.Job instance at 0x7fce86a197d0>,43,14,[1 6],44,82,96,38,69
1,<environment.Job instance at 0x7fced0568b90>,48,13,[5 7],49,96,109,47,82
1,<environment.Job instance at 0x7fce86a00050>,52,14,[6 1],53,109,123,56,95
1,<environment.Job instance at 0x7fce86b7f410>,55,18,[10  4],56,123,141,67,119
1,<environment.Job instance at 0x7fce86c2a320>,1,2,[1 8],2,2,4,0,2
1,<environment.Job instance at 0x7fced06ac5f0>,2,18,[5 6],3,4,22,1,3
1,<environment.Job instance at 0x7fce86a89e60>,8,12,[10  5],9,22,34,13,17
1,<environment.Job instance at 0x7fce86a6ec30>,20,14,[ 3 10],21,34,48,13,21
1,<environment.Job instance at 0x7fce86a6eeb0>,23,14,[9 2],24,48,62,24,38
1,<environment.Job instance at 0x7fce86a89d20>,5,17,[3 9],6,62,79,56,50
1,<environment.Job instance at 0x7fce86aacb40>,39,18,[7 2],40,79,97,39,68
1,<environment.Job instance at 0x7fce86aacfa0>,42,1,[ 3 10],43,97,98,54,69
1,<environment.Job instance at 0x7fce86a986e0>,49,2,[1 8],50,95,97,45,95
1,<environment.Job instance at 0x7fce86a988c0>,51,12,[4 5],52,98,110,46,95
1,<environment.Job instance at 0x7fce86aac8c0>,35,16,[8 5],36,110,126,74,98
1,<environment.Job instance at 0x7fce86a98c30>,57,12,[6 2],58,126,138,68,110
1,<environment.Job instance at 0x7fce86a735a0>,64,12,[3 9],65,138,150,73,123
1,<environment.Job instance at 0x7fced055f050>,0,3,[2 6],1,1,4,0,1
1,<environment.Job instance at 0x7fced055fe10>,4,13,[2 8],5,5,18,0,5
1,<environment.Job instance at 0x7fced055fcd0>,3,18,[1 8],4,18,36,14,10
1,<environment.Job instance at 0x7fced120eaa0>,19,1,[3 5],20,36,37,16,20
1,<environment.Job instance at 0x7fced1a2c410>,21,12,[7 4],22,36,48,14,22
1,<environment.Job instance at 0x7fced06f9d70>,9,15,[8 4],10,48,63,38,37
1,<environment.Job instance at 0x7fced06077d0>,33,13,[10  3],34,63,76,29,49
1,<environment.Job instance at 0x7fced1a2cb40>,23,13,[4 7],24,76,89,52,61
1,<environment.Job instance at 0x7fced07ad0a0>,47,14,[9 3],48,89,103,41,74
1,<environment.Job instance at 0x7fced06070a0>,36,15,[1 5],37,89,104,52,80
1,<environment.Job instance at 0x7fced06a2230>,55,19,[8 1],56,103,122,47,94
1,<environment.Job instance at 0x7fced0bff640>,61,23,[7 5],62,122,145,60,117
1,<environment.Job instance at 0x7fce86a2f0f0>,0,26,[5 7],1,2,28,1,2
1,<environment.Job instance at 0x7fced06f5500>,14,16,[5 6],15,28,44,13,21
1,<environment.Job instance at 0x7fced06f5a50>,20,20,[5 8],21,44,64,23,37
1,<environment.Job instance at 0x7fced0638960>,28,14,[7 5],29,64,78,35,49
1,<environment.Job instance at 0x7fced0b83f00>,33,2,[9 4],34,78,80,44,71
1,<environment.Job instance at 0x7fced06f5640>,9,27,[5 9],10,80,107,70,78
1,<environment.Job instance at 0x7fced0b833c0>,34,18,[3 8],35,107,125,72,96
1,<environment.Job instance at 0x7fced0b83690>,36,14,[3 9],37,125,139,88,110
1,<environment.Job instance at 0x7fced12806e0>,55,23,[7 4],56,139,162,83,133
1,<environment.Job instance at 0x7fce865ef690>,0,14,[7 4],1,1,15,0,1
1,<environment.Job instance at 0x7fce86dbcb90>,7,15,[5 1],8,15,30,7,15
1,<environment.Job instance at 0x7fce86db51e0>,13,15,[5 8],14,32,47,18,32
1,<environment.Job instance at 0x7fce86db5140>,20,28,[1 5],21,57,85,36,57
1,<environment.Job instance at 0x7fced0b66730>,38,14,[9 3],39,70,84,31,70
1,<environment.Job instance at 0x7fced0f60230>,42,18,[7 2],43,84,102,41,74
1,<environment.Job instance at 0x7fce86630730>,45,16,[2 7],46,85,101,39,74
1,<environment.Job instance at 0x7fced0f54c30>,48,12,[3 8],49,101,113,52,85
1,<environment.Job instance at 0x7fce86959460>,54,13,[6 5],55,113,126,58,97
1,<environment.Job instance at 0x7fce86959550>,57,2,[10  1],58,126,128,68,115
1,<environment.Job instance at 0x7fce869591e0>,58,1,[2 8],59,128,129,69,115
1,<environment.Job instance at 0x7fce86959f50>,59,13,[3 6],60,129,142,69,116
1,<environment.Job instance at 0x7fce869cdbe0>,60,1,[ 2 10],61,142,143,81,116
1,<environment.Job instance at 0x7fce869cd6e0>,63,2,[1 9],64,143,145,79,116
1,<environment.Job instance at 0x7fce8694afa0>,64,2,[2 7],65,145,147,80,118
1,<environment.Job instance at 0x7fce8694af50>,67,2,[7 3],68,129,131,61,128
1,<environment.Job instance at 0x7fce8692e780>,69,2,[5 5],70,147,149,77,128
1,<environment.Job instance at 0x7fce8692e050>,71,12,[9 4],72,149,161,77,132
1,<environment.Job instance at 0x7fced0d17a50>,2,16,[7 1],3,3,19,0,3
1,<environment.Job instance at 0x7fced1079050>,4,27,[3 8],5,11,38,6,11
1,<environment.Job instance at 0x7fce869da5f0>,14,17,[3 6],15,38,55,23,31
1,<environment.Job instance at 0x7fced09eddc0>,22,1,[5 5],23,55,56,32,36
1,<environment.Job instance at 0x7fced09ed190>,23,12,[9 4],24,56,68,32,40
1,<environment.Job instance at 0x7fce86759500>,32,17,[3 8],33,68,85,35,56
1,<environment.Job instance at 0x7fce866d9550>,9,17,[7 5],10,85,102,75,76
1,<environment.Job instance at 0x7fced04c6910>,38,14,[10  3],39,102,116,63,90
1,<environment.Job instance at 0x7fced06791e0>,44,14,[3 7],45,116,130,71,101
1,<environment.Job instance at 0x7fced12840f0>,49,15,[ 4 10],50,130,145,80,116
1,<environment.Job instance at 0x7fced11eb190>,54,13,[7 1],55,145,158,90,133
1,<environment.Job instance at 0x7fce86519140>,2,1,[1 5],3,3,4,0,3
1,<environment.Job instance at 0x7fce86519550>,5,17,[4 6],6,6,23,0,6
1,<environment.Job instance at 0x7fced0665e10>,7,1,[3 6],8,23,24,15,8
1,<environment.Job instance at 0x7fced1169a00>,12,17,[ 1 10],13,24,41,11,17
1,<environment.Job instance at 0x7fced11690a0>,20,18,[2 9],21,41,59,20,30
1,<environment.Job instance at 0x7fced1169690>,15,15,[7 1],16,41,56,25,41
1,<environment.Job instance at 0x7fced11699b0>,16,15,[5 5],17,59,74,42,46
1,<environment.Job instance at 0x7fce86498aa0>,32,16,[5 3],33,59,75,26,50
1,<environment.Job instance at 0x7fce86498c30>,33,15,[9 4],34,75,90,41,63
1,<environment.Job instance at 0x7fced1183190>,42,17,[5 8],43,90,107,47,80
1,<environment.Job instance at 0x7fced11837d0>,43,14,[5 7],44,107,121,63,92
1,<environment.Job instance at 0x7fce86498910>,37,12,[ 2 10],38,121,133,83,110
1,<environment.Job instance at 0x7fced11830a0>,55,15,[4 9],56,133,148,77,122
1,<environment.Job instance at 0x7fced11fe730>,0,1,[2 9],1,1,2,0,1
1,<environment.Job instance at 0x7fced119bdc0>,11,16,[4 9],12,12,28,0,12
1,<environment.Job instance at 0x7fced11a53c0>,14,1,[8 1],15,28,29,13,17
1,<environment.Job instance at 0x7fced119b410>,12,15,[9 5],13,29,44,16,17
1,<environment.Job instance at 0x7fced11a5280>,20,17,[6 4],21,44,61,23,33
1,<environment.Job instance at 0x7fced087e8c0>,31,12,[7 5],32,61,73,29,44
1,<environment.Job instance at 0x7fce8660cd70>,36,12,[5 9],37,73,85,36,59
1,<environment.Job instance at 0x7fced11a58c0>,18,18,[10  5],19,86,104,67,86
1,<environment.Job instance at 0x7fce86c5bdc0>,29,15,[ 5 10],30,104,119,74,93
1,<environment.Job instance at 0x7fced12d3370>,47,14,[4 9],48,119,133,71,105
1,<environment.Job instance at 0x7fced12b1a50>,51,2,[5 5],52,133,135,81,109
1,<environment.Job instance at 0x7fced12b1730>,54,22,[7 4],55,135,157,80,128
1,<environment.Job instance at 0x7fce864a78c0>,1,16,[1 7],2,2,18,0,2
1,<environment.Job instance at 0x7fced0ccee60>,7,18,[3 6],8,18,36,10,8
1,<environment.Job instance at 0x7fced12ae820>,3,1,[5 6],4,36,37,32,10
1,<environment.Job instance at 0x7fced13d2e10>,11,16,[6 2],12,52,68,40,52
1,<environment.Job instance at 0x7fce867e3370>,16,17,[9 4],17,68,85,51,60
1,<environment.Job instance at 0x7fced140e280>,5,12,[4 8],6,85,97,79,77
1,<environment.Job instance at 0x7fced0ce6dc0>,22,17,[10  4],23,97,114,74,89
1,<environment.Job instance at 0x7fce8656fcd0>,28,18,[4 7],29,114,132,85,108
1,<environment.Job instance at 0x7fced1005690>,33,18,[ 4 10],34,132,150,98,121
1,<environment.Job instance at 0x7fced0668dc0>,15,14,[ 2 10],16,150,164,134,135
1,<environment.Job instance at 0x7fced0c68460>,0,14,[5 6],1,1,15,0,1
1,<environment.Job instance at 0x7fced0586b40>,9,17,[2 5],10,15,32,5,10
1,<environment.Job instance at 0x7fce86ce4aa0>,18,12,[2 6],19,32,44,13,19
1,<environment.Job instance at 0x7fce86ce4dc0>,17,2,[2 8],18,44,46,26,20
1,<environment.Job instance at 0x7fce86ce4910>,22,14,[4 6],23,46,60,23,34
1,<environment.Job instance at 0x7fce86ce4230>,25,18,[1 6],26,60,78,34,50
1,<environment.Job instance at 0x7fce86ce4e10>,31,18,[9 3],32,60,78,28,50
1,<environment.Job instance at 0x7fce86bcc780>,43,18,[2 6],44,78,96,34,78
1,<environment.Job instance at 0x7fced104bd20>,44,13,[1 6],45,96,109,51,83
1,<environment.Job instance at 0x7fced104b640>,52,19,[1 5],53,109,128,56,104
1,<environment.Job instance at 0x7fce8696da00>,57,12,[1 7],58,128,140,70,113
1,<environment.Job instance at 0x7fced0a17690>,2,17,[7 2],3,3,20,0,3
1,<environment.Job instance at 0x7fced09f8460>,4,2,[2 7],5,5,7,0,5
1,<environment.Job instance at 0x7fced1674a50>,6,13,[3 5],7,7,20,0,7
1,<environment.Job instance at 0x7fced0f3f230>,7,2,[8 4],8,20,22,12,8
1,<environment.Job instance at 0x7fced0da13c0>,9,12,[7 5],10,22,34,12,10
1,<environment.Job instance at 0x7fce86dc1870>,13,13,[6 3],14,34,47,20,24
1,<environment.Job instance at 0x7fced05336e0>,27,15,[1 9],28,47,62,19,39
1,<environment.Job instance at 0x7fce86da4a50>,14,13,[2 9],15,62,75,47,50
1,<environment.Job instance at 0x7fced0f5d050>,42,17,[7 2],43,75,92,32,63
1,<environment.Job instance at 0x7fced0f45aa0>,49,16,[ 4 10],50,94,110,44,94
1,<environment.Job instance at 0x7fced05a2730>,21,17,[4 8],22,110,127,88,101
1,<environment.Job instance at 0x7fced06df6e0>,52,18,[3 8],53,127,145,74,121
1,<environment.Job instance at 0x7f17d8cbf280>,4,14,[1 6],5,5,19,0,5
1,<environment.Job instance at 0x7f17d8cbf690>,8,13,[5 5],9,19,32,10,9
1,<environment.Job instance at 0x7f17d8cbfc30>,15,18,[2 8],16,32,50,16,23
1,<environment.Job instance at 0x7f17d8cbfbe0>,16,16,[3 5],17,50,66,33,38
1,<environment.Job instance at 0x7f17d8cc3cd0>,30,14,[5 2],31,57,71,26,57
1,<environment.Job instance at 0x7f17d8cc3eb0>,33,14,[5 5],34,66,80,32,57
1,<environment.Job instance at 0x7f17d8cc35f0>,24,18,[2 6],25,80,98,55,70
1,<environment.Job instance at 0x7f17d8cc45f0>,43,18,[5 5],44,98,116,54,88
1,<environment.Job instance at 0x7f17d8cc3780>,29,12,[5 4],30,100,112,70,100
1,<environment.Job instance at 0x7f17d8cc4b90>,47,2,[6 5],48,116,118,68,100
1,<environment.Job instance at 0x7f17d8cc3fa0>,35,15,[9 5],36,118,133,82,104
1,<environment.Job instance at 0x7f17d8cc4f50>,53,17,[5 7],54,133,150,79,129
1,<environment.Job instance at 0x7f17d8cd8b40>,0,2,[3 8],1,1,3,0,1
1,<environment.Job instance at 0x7f17d8d87a00>,2,14,[1 8],3,3,17,0,3
1,<environment.Job instance at 0x7f17d9e45190>,8,14,[9 5],9,17,31,8,9
1,<environment.Job instance at 0x7f17d9f8d1e0>,11,15,[1 7],12,31,46,19,17
1,<environment.Job instance at 0x7f17999fcc80>,24,19,[6 1],25,31,50,6,29
1,<environment.Job instance at 0x7f17d9f8fd70>,36,1,[5 9],37,50,51,13,37
1,<environment.Job instance at 0x7f17d9f8ba00>,23,18,[6 5],24,51,69,27,44
1,<environment.Job instance at 0x7f17d9f94690>,19,14,[3 6],20,69,83,49,55
1,<environment.Job instance at 0x7f17d9ea53c0>,46,14,[5 5],47,83,97,36,70
1,<environment.Job instance at 0x7f17d9ea51e0>,49,2,[9 4],50,97,99,47,74
1,<environment.Job instance at 0x7f17d9f980f0>,51,14,[1 6],52,97,111,45,82
1,<environment.Job instance at 0x7f17d9f980a0>,53,14,[7 5],54,111,125,57,96
1,<environment.Job instance at 0x7f17d9f99230>,39,12,[9 3],40,125,137,85,112
1,<environment.Job instance at 0x7f17d9f88be0>,65,2,[5 5],66,137,139,71,115
1,<environment.Job instance at 0x7f17d9f8af00>,71,18,[2 8],72,139,157,67,128
1,<environment.Job instance at 0x7f17d9f8aa50>,5,13,[6 4],6,8,21,2,8
1,<environment.Job instance at 0x7f178ed1cf50>,8,17,[3 6],9,12,29,3,12
1,<environment.Job instance at 0x7f178ec7a870>,11,14,[8 2],12,29,43,17,20
1,<environment.Job instance at 0x7f178ecc75f0>,28,15,[7 5],29,43,58,14,43
1,<environment.Job instance at 0x7f178ec68f50>,31,24,[9 1],32,58,82,26,53
1,<environment.Job instance at 0x7f178ed37b90>,42,13,[1 6],43,81,94,38,81
1,<environment.Job instance at 0x7f178ed37190>,44,14,[1 5],45,94,108,49,81
1,<environment.Job instance at 0x7f178ed37550>,41,17,[10  3],42,108,125,66,106
1,<environment.Job instance at 0x7f17d8a79eb0>,52,12,[8 1],53,125,137,72,111
1,<environment.Job instance at 0x7f178ecc8910>,56,16,[9 2],57,137,153,80,124
1,<environment.Job instance at 0x7f17d90f9be0>,2,3,[ 4 10],3,3,6,0,3
1,<environment.Job instance at 0x7f17d8f7ca00>,8,17,[7 4],9,10,27,1,10
1,<environment.Job instance at 0x7f17d9e60c30>,6,18,[4 6],7,27,45,20,23
1,<environment.Job instance at 0x7f17d8d29280>,20,15,[7 5],21,45,60,24,38
1,<environment.Job instance at 0x7f17d9f8bfa0>,30,19,[6 3],31,60,79,29,50
1,<environment.Job instance at 0x7f17d9f92780>,35,3,[1 5],36,65,68,29,65
1,<environment.Job instance at 0x7f17d9f92fa0>,36,3,[9 3],37,79,82,42,65
1,<environment.Job instance at 0x7f17d9f8bc30>,29,13,[1 9],30,82,95,52,68
1,<environment.Job instance at 0x7f17d938ce10>,40,19,[1 5],41,95,114,54,85
1,<environment.Job instance at 0x7f178f1b48c0>,24,17,[8 5],25,95,112,70,93
1,<environment.Job instance at 0x7f178ecb1aa0>,49,15,[9 5],50,112,127,62,106
1,<environment.Job instance at 0x7f17d8d86500>,46,3,[2 7],47,127,130,80,114
1,<environment.Job instance at 0x7f17d95e95f0>,59,19,[9 1],60,130,149,70,121
1,<environment.Job instance at 0x7f178f198280>,1,13,[1 7],2,2,15,0,2
1,<environment.Job instance at 0x7f17d8b5f140>,18,17,[5 5],19,19,36,0,19
1,<environment.Job instance at 0x7f17d8b5c820>,22,13,[1 5],23,23,36,0,23
1,<environment.Job instance at 0x7f178f2c2320>,10,14,[6 4],11,36,50,25,25
1,<environment.Job instance at 0x7f17d8b5b370>,33,1,[7 2],34,50,51,16,34
1,<environment.Job instance at 0x7f17d8b5cb40>,23,20,[5 4],24,51,71,27,42
1,<environment.Job instance at 0x7f17d8b3fd20>,37,13,[9 4],38,71,84,33,55
1,<environment.Job instance at 0x7f17d8b3f140>,43,17,[8 5],44,84,101,40,72
1,<environment.Job instance at 0x7f17d8b42dc0>,48,16,[ 5 10],49,101,117,52,90
1,<environment.Job instance at 0x7f17d8b5b5a0>,32,14,[6 5],33,117,131,84,104
1,<environment.Job instance at 0x7f17d8ab1f50>,52,2,[5 8],53,131,133,78,127
1,<environment.Job instance at 0x7f17d8ab19b0>,53,12,[4 6],54,133,145,79,127
1,<environment.Job instance at 0x7f178f0d6500>,62,18,[5 9],63,145,163,82,134
1,<environment.Job instance at 0x7f178f134690>,6,1,[5 7],7,7,8,0,7
1,<environment.Job instance at 0x7f178f1342d0>,8,14,[1 7],9,9,23,0,9
1,<environment.Job instance at 0x7f178f108460>,9,17,[9 4],10,23,40,13,17
1,<environment.Job instance at 0x7f17d8b6af00>,19,14,[9 5],20,40,54,20,25
1,<environment.Job instance at 0x7f17d9709820>,27,15,[ 5 10],28,54,69,26,40
1,<environment.Job instance at 0x7f17d9709780>,31,16,[ 4 10],32,69,85,37,56
1,<environment.Job instance at 0x7f178eef3dc0>,39,16,[2 8],40,85,101,45,72
1,<environment.Job instance at 0x7f178eef3690>,42,18,[5 1],43,85,103,42,74
1,<environment.Job instance at 0x7f178eef3730>,46,18,[4 6],47,101,119,54,90
1,<environment.Job instance at 0x7f178f136aa0>,49,12,[5 7],50,119,131,69,102
1,<environment.Job instance at 0x7f178f136c80>,56,1,[5 7],57,131,132,74,120
1,<environment.Job instance at 0x7f178f1369b0>,57,16,[1 5],58,132,148,74,120
1,<environment.Job instance at 0x7f178f1361e0>,60,13,[9 3],61,132,145,71,122
1,<environment.Job instance at 0x7f178eef3370>,45,17,[7 4],46,145,162,99,134
1,<environment.Job instance at 0x7f178ee56460>,1,18,[3 7],2,2,20,0,2
1,<environment.Job instance at 0x7f178efe9aa0>,4,22,[9 5],5,20,42,15,13
1,<environment.Job instance at 0x7f178efc5cd0>,14,14,[10  4],15,42,56,27,27
1,<environment.Job instance at 0x7f17d8fc4c30>,17,2,[3 7],18,56,58,38,41
1,<environment.Job instance at 0x7f17d8be69b0>,25,12,[5 9],26,58,70,32,51
1,<environment.Job instance at 0x7f178ef63b90>,26,12,[6 4],27,70,82,43,57
1,<environment.Job instance at 0x7f17d9d20410>,8,16,[1 6],9,70,86,61,61
1,<environment.Job instance at 0x7f17d8e72b90>,36,3,[9 2],37,86,89,49,86
1,<environment.Job instance at 0x7f17d8e72370>,37,16,[3 5],38,89,105,51,86
1,<environment.Job instance at 0x7f17d8e72d20>,40,13,[6 4],41,89,102,48,87
1,<environment.Job instance at 0x7f17d8e722d0>,44,17,[8 3],45,105,122,60,93
1,<environment.Job instance at 0x7f17d8e72640>,49,16,[10  5],50,122,138,72,111
1,<environment.Job instance at 0x7f17d8d10140>,53,3,[1 6],54,111,114,57,111
1,<environment.Job instance at 0x7f17d9086550>,54,1,[5 4],55,138,139,83,111
1,<environment.Job instance at 0x7f178f0ff870>,3,14,[5 5],4,138,152,134,124
1,<environment.Job instance at 0x7f17d8bb79b0>,0,18,[5 4],1,1,19,0,1
1,<environment.Job instance at 0x7f17d93e9b40>,10,14,[2 6],11,11,25,0,11
1,<environment.Job instance at 0x7f17d93e9fa0>,14,16,[9 2],15,25,41,10,15
1,<environment.Job instance at 0x7f17d93ec9b0>,24,15,[3 5],25,41,56,16,36
1,<environment.Job instance at 0x7f17d93ecb90>,27,1,[9 1],28,56,57,28,47
1,<environment.Job instance at 0x7f17d93eca50>,25,18,[5 8],26,57,75,31,48
1,<environment.Job instance at 0x7f17d93e9dc0>,13,16,[3 8],14,75,91,61,67
1,<environment.Job instance at 0x7f17d93da500>,36,12,[ 1 10],37,91,103,54,75
1,<environment.Job instance at 0x7f17d93d1280>,49,18,[1 9],50,103,121,53,103
1,<environment.Job instance at 0x7f17d93d15f0>,53,14,[4 8],54,121,135,67,106
1,<environment.Job instance at 0x7f17d93d1870>,57,2,[9 1],58,108,110,50,108
1,<environment.Job instance at 0x7f17d93d1910>,58,2,[ 2 10],59,135,137,76,112
1,<environment.Job instance at 0x7f17d93d1cd0>,64,16,[7 5],65,137,153,72,124
1,<environment.Job instance at 0x7f17d8e4f820>,0,2,[2 6],1,1,3,0,1
1,<environment.Job instance at 0x7f17d8d16960>,4,22,[1 8],5,5,27,0,5
1,<environment.Job instance at 0x7f17d8c2ba50>,10,16,[4 8],11,27,43,16,15
1,<environment.Job instance at 0x7f178edbc1e0>,21,12,[8 2],22,43,55,21,29
1,<environment.Job instance at 0x7f17d8c2bc80>,7,2,[3 8],8,55,57,47,31
1,<environment.Job instance at 0x7f178f1df5a0>,26,3,[2 5],27,43,46,16,40
1,<environment.Job instance at 0x7f17d8c2beb0>,9,17,[9 1],10,57,74,47,48
1,<environment.Job instance at 0x7f178f1762d0>,32,15,[1 6],33,63,78,30,63
1,<environment.Job instance at 0x7f178f2ce6e0>,36,18,[7 1],37,74,92,37,67
1,<environment.Job instance at 0x7f178ef621e0>,33,26,[1 8],34,79,105,45,79
1,<environment.Job instance at 0x7f17d8cc70a0>,48,16,[5 1],49,96,112,47,96
1,<environment.Job instance at 0x7f178f2cf460>,50,17,[4 7],51,105,122,54,97
1,<environment.Job instance at 0x7f17d9446dc0>,56,3,[ 1 10],57,122,125,65,113
1,<environment.Job instance at 0x7f17d9446e10>,57,17,[4 6],58,125,142,67,113
1,<environment.Job instance at 0x7f178ef2d5f0>,62,16,[1 9],63,142,158,79,129
1,<environment.Job instance at 0x7f17d8b65910>,4,1,[2 5],5,5,6,0,5
1,<environment.Job instance at 0x7f17d999fd20>,5,13,[3 7],6,6,19,0,6
1,<environment.Job instance at 0x7f17d984d550>,12,2,[3 7],13,19,21,6,18
1,<environment.Job instance at 0x7f178efeab40>,15,14,[6 1],16,18,32,2,18
1,<environment.Job instance at 0x7f17d984d910>,17,18,[ 5 10],18,32,50,14,21
1,<environment.Job instance at 0x7f17d91b8cd0>,26,18,[ 2 10],27,50,68,23,40
1,<environment.Job instance at 0x7f17d8f2aeb0>,27,18,[5 9],28,68,86,40,57
1,<environment.Job instance at 0x7f17d9769a00>,32,16,[6 2],33,86,102,53,76
1,<environment.Job instance at 0x7f178f008550>,43,12,[1 8],44,86,98,42,86
1,<environment.Job instance at 0x7f178f008dc0>,45,14,[5 9],46,102,116,56,99
1,<environment.Job instance at 0x7f178f008f00>,46,15,[2 7],47,116,131,69,102
1,<environment.Job instance at 0x7f178f30a550>,48,17,[2 7],49,131,148,82,119
1,<environment.Job instance at 0x7f17d9556a00>,54,18,[10  2],55,148,166,93,137
1,<environment.Job instance at 0x7f17d9013640>,3,18,[10  5],4,4,22,0,4
1,<environment.Job instance at 0x7f17d8f63be0>,15,14,[2 9],16,22,36,6,18
1,<environment.Job instance at 0x7f17d8f63b40>,17,12,[ 3 10],18,36,48,18,23
1,<environment.Job instance at 0x7f17d8f47370>,25,14,[10  1],26,48,62,22,35
1,<environment.Job instance at 0x7f17d8f479b0>,29,17,[8 4],30,62,79,32,50
1,<environment.Job instance at 0x7f17d8f47c80>,35,17,[1 8],36,79,96,43,67
1,<environment.Job instance at 0x7f17d8f400f0>,38,14,[1 6],39,96,110,57,82
1,<environment.Job instance at 0x7f17d8f404b0>,42,18,[6 4],43,96,114,53,85
1,<environment.Job instance at 0x7f17d8f407d0>,47,12,[2 5],48,110,122,62,93
1,<environment.Job instance at 0x7f17d8f40dc0>,54,16,[5 3],55,114,130,59,101
1,<environment.Job instance at 0x7f17d8ee0a50>,9,14,[3 5],10,122,136,112,110
1,<environment.Job instance at 0x7f17d8f665f0>,63,13,[4 7],64,136,149,72,120
1,<environment.Job instance at 0x7f17d8f667d0>,66,12,[4 6],67,149,161,82,134
1,<environment.Job instance at 0x7f178f20e500>,0,17,[2 8],1,1,18,0,1
1,<environment.Job instance at 0x7f178f20e640>,6,12,[1 9],7,18,30,11,7
1,<environment.Job instance at 0x7f17d9d4ec80>,13,16,[4 9],14,30,46,16,20
1,<environment.Job instance at 0x7f178ebea8c0>,22,17,[1 6],23,46,63,23,35
1,<environment.Job instance at 0x7f178ebea3c0>,23,21,[7 4],24,46,67,22,41
1,<environment.Job instance at 0x7f178f1fcaf0>,30,26,[5 7],31,67,93,36,66
1,<environment.Job instance at 0x7f17d9863820>,37,15,[1 7],38,93,108,55,82
1,<environment.Job instance at 0x7f17d8dd3fa0>,46,2,[5 6],47,108,110,61,95
1,<environment.Job instance at 0x7f17d8dd3050>,44,16,[5 6],45,110,126,65,97
1,<environment.Job instance at 0x7f17d8dd3d20>,49,12,[ 5 10],50,126,138,76,111
1,<environment.Job instance at 0x7f17d8f66910>,8,16,[10  3],9,138,154,129,128
1,<environment.Job instance at 0x7f17d8f40460>,0,17,[4 8],1,1,18,0,1
1,<environment.Job instance at 0x7f178ee6af50>,9,18,[5 5],10,18,36,8,14
1,<environment.Job instance at 0x7f17d9e44500>,14,17,[6 1],15,36,53,21,24
1,<environment.Job instance at 0x7f17d9a1b820>,30,12,[ 4 10],31,53,65,22,46
1,<environment.Job instance at 0x7f17d9a1ba50>,33,15,[5 8],34,65,80,31,51
1,<environment.Job instance at 0x7f178ee6a5a0>,11,18,[5 5],12,80,98,68,72
1,<environment.Job instance at 0x7f17d90bfc80>,38,26,[2 5],39,80,106,41,80
1,<environment.Job instance at 0x7f17d90bf0f0>,49,15,[3 6],50,106,121,56,92
1,<environment.Job instance at 0x7f17d90bf870>,46,22,[7 4],47,98,120,51,94
1,<environment.Job instance at 0x7f17d9997b40>,63,3,[9 5],64,121,124,57,102
1,<environment.Job instance at 0x7f17d9997af0>,66,1,[5 1],67,120,121,53,109
1,<environment.Job instance at 0x7f178eeb4370>,67,12,[10  4],68,124,136,56,109
1,<environment.Job instance at 0x7f178eeb43c0>,72,13,[1 7],73,136,149,63,121
1,<environment.Job instance at 0x7f17d8b83550>,2,17,[6 3],3,3,20,0,3
1,<environment.Job instance at 0x7f178ee83b90>,13,13,[6 5],14,20,33,6,14
1,<environment.Job instance at 0x7f178ee834b0>,18,15,[5 4],19,33,48,14,20
1,<environment.Job instance at 0x7f178f0fee60>,19,17,[7 5],20,48,65,28,39
1,<environment.Job instance at 0x7f178ee84780>,11,12,[10  1],12,65,77,53,55
1,<environment.Job instance at 0x7f178ec221e0>,27,1,[1 7],28,77,78,49,63
1,<environment.Job instance at 0x7f17d8f92a00>,28,12,[4 8],29,78,90,49,63
1,<environment.Job instance at 0x7f178ea193c0>,30,16,[10  3],31,90,106,59,77
1,<environment.Job instance at 0x7f178f27e2d0>,42,17,[3 8],43,106,123,63,95
1,<environment.Job instance at 0x7f178ee838c0>,12,16,[7 1],13,109,125,96,109
1,<environment.Job instance at 0x7f17d8f92690>,24,17,[3 6],25,123,140,98,112
1,<environment.Job instance at 0x7f178edc2320>,46,2,[9 4],47,140,142,93,129
1,<environment.Job instance at 0x7f17d8d3a190>,50,24,[9 4],51,142,166,91,137
1,<environment.Job instance at 0x7f17d937e820>,1,15,[5 1],2,2,17,0,2
1,<environment.Job instance at 0x7f17d92e2d70>,14,15,[7 5],15,17,32,2,16
1,<environment.Job instance at 0x7f17d9746280>,15,15,[7 1],16,32,47,16,20
1,<environment.Job instance at 0x7f178ee1a2d0>,20,18,[2 9],21,32,50,11,28
1,<environment.Job instance at 0x7f178ec2c820>,26,13,[10  2],27,50,63,23,34
1,<environment.Job instance at 0x7f17d8a2b0a0>,16,15,[5 5],17,63,78,46,54
1,<environment.Job instance at 0x7f17d94bd7d0>,12,17,[ 1 10],13,78,95,65,71
1,<environment.Job instance at 0x7f17d9300870>,39,12,[7 5],40,95,107,55,83
1,<environment.Job instance at 0x7f17d9300aa0>,42,17,[5 8],43,107,124,64,95
1,<environment.Job instance at 0x7f178ec35be0>,43,14,[5 7],44,124,138,80,111
1,<environment.Job instance at 0x7f178ec2c2d0>,30,16,[1 9],31,138,154,107,131
1,<environment.Job instance at 0x7f178f0d3320>,0,15,[8 2],1,2,17,1,2
1,<environment.Job instance at 0x7f178f0d3fa0>,8,18,[10  5],9,17,35,8,9
1,<environment.Job instance at 0x7f178ec28eb0>,12,1,[ 3 10],13,35,36,22,13
1,<environment.Job instance at 0x7f178ec28550>,14,2,[2 5],15,36,38,21,19
1,<environment.Job instance at 0x7f178ec28500>,21,12,[7 5],22,36,48,14,32
1,<environment.Job instance at 0x7f178f0d3370>,1,16,[4 9],2,48,64,46,43
1,<environment.Job instance at 0x7f178eb9f230>,28,2,[4 9],29,64,66,35,47
1,<environment.Job instance at 0x7f178ec28f50>,16,15,[7 3],17,66,81,49,56
1,<environment.Job instance at 0x7f178ec28e10>,24,14,[5 5],25,81,95,56,67
1,<environment.Job instance at 0x7f17d9669a00>,7,13,[10  3],8,95,108,87,88
1,<environment.Job instance at 0x7f178ec17190>,42,18,[1 5],43,108,126,65,98
1,<environment.Job instance at 0x7f178ec178c0>,45,3,[7 1],46,108,111,62,98
1,<environment.Job instance at 0x7f178ec17910>,40,17,[10  2],41,126,143,85,114
1,<environment.Job instance at 0x7f178eb9f7d0>,37,14,[4 9],38,143,157,105,140
1,<environment.Job instance at 0x7f178eeb45f0>,1,16,[4 7],2,2,18,0,2
1,<environment.Job instance at 0x7f178eeb4960>,3,13,[ 4 10],4,18,31,14,7
1,<environment.Job instance at 0x7f17d8c6ef00>,14,15,[3 5],15,31,46,16,21
1,<environment.Job instance at 0x7f17d8c82a00>,19,13,[4 7],20,46,59,26,33
1,<environment.Job instance at 0x7f17d8c82460>,25,18,[ 3 10],26,59,77,33,50
1,<environment.Job instance at 0x7f178edc1eb0>,37,17,[8 4],38,77,94,39,65
1,<environment.Job instance at 0x7f17d9089cd0>,52,13,[8 1],53,94,107,41,82
1,<environment.Job instance at 0x7f17d8c67e60>,9,15,[7 2],10,107,122,97,97
1,<environment.Job instance at 0x7f17d9090140>,60,14,[9 4],61,122,136,61,107
1,<environment.Job instance at 0x7f17d9090f50>,64,12,[4 9],65,136,148,71,122
1,<environment.Job instance at 0x7f17d96bdfa0>,67,13,[2 7],68,148,161,80,132
1,<environment.Job instance at 0x7f178e99dfa0>,2,17,[4 8],3,3,20,0,3
1,<environment.Job instance at 0x7f178f24e4b0>,9,12,[1 7],10,20,32,10,10
1,<environment.Job instance at 0x7f178f2bb5a0>,15,1,[8 2],16,20,21,4,16
1,<environment.Job instance at 0x7f178edacd70>,16,1,[2 8],17,32,33,15,17
1,<environment.Job instance at 0x7f17d99ec460>,18,13,[5 2],19,21,34,2,20
1,<environment.Job instance at 0x7f17d9f88050>,19,15,[10  3],20,34,49,14,22
1,<environment.Job instance at 0x7f178efb2d70>,23,2,[1 7],24,49,51,25,25
1,<environment.Job instance at 0x7f178f26c230>,14,13,[1 6],15,51,64,36,37
1,<environment.Job instance at 0x7f17d8b512d0>,28,16,[8 1],29,49,65,20,40
1,<environment.Job instance at 0x7f178efb20a0>,24,13,[2 5],25,64,77,39,53
1,<environment.Job instance at 0x7f178ec70a00>,34,15,[5 2],35,65,80,30,59
1,<environment.Job instance at 0x7f178ec70fa0>,37,12,[6 5],38,80,92,42,63
1,<environment.Job instance at 0x7f178efb25a0>,22,19,[1 5],23,77,96,54,69
1,<environment.Job instance at 0x7f178ec700f0>,40,13,[2 9],41,96,109,55,87
1,<environment.Job instance at 0x7f178f26c410>,13,18,[2 6],14,109,127,95,99
1,<environment.Job instance at 0x7f178ec70050>,33,23,[5 6],34,127,150,93,122
1,<environment.Job instance at 0x7f178f22fdc0>,0,2,[1 7],1,1,3,0,1
1,<environment.Job instance at 0x7f17d97ebbe0>,1,21,[2 7],2,3,24,1,2
1,<environment.Job instance at 0x7f178ecb8960>,7,14,[9 4],8,24,38,16,13
1,<environment.Job instance at 0x7f178ecb8370>,8,18,[8 3],9,41,59,32,41
1,<environment.Job instance at 0x7f178f223be0>,27,17,[6 2],28,59,76,31,47
1,<environment.Job instance at 0x7f17d9563550>,34,3,[7 2],35,76,79,41,60
1,<environment.Job instance at 0x7f17d9563640>,35,3,[1 8],36,60,63,24,60
1,<environment.Job instance at 0x7f17d9563280>,38,12,[9 5],39,79,91,40,62
1,<environment.Job instance at 0x7f17d961b8c0>,41,12,[7 5],42,91,103,49,80
1,<environment.Job instance at 0x7f17d961bc80>,44,14,[3 5],45,91,105,46,80
1,<environment.Job instance at 0x7f17d9e6eaf0>,46,16,[ 5 10],47,105,121,58,93
1,<environment.Job instance at 0x7f17d9613050>,49,12,[6 2],50,121,133,71,104
1,<environment.Job instance at 0x7f178f223e10>,26,19,[4 6],27,121,140,94,111
1,<environment.Job instance at 0x7f17d93a2af0>,58,22,[5 8],59,140,162,81,135
1,<environment.Job instance at 0x7f178eccdbe0>,0,16,[7 5],1,1,17,0,1
1,<environment.Job instance at 0x7f178eb1bfa0>,12,1,[4 5],13,17,18,4,14
1,<environment.Job instance at 0x7f17d97487d0>,15,15,[3 5],16,18,33,2,18
1,<environment.Job instance at 0x7f178eccdaf0>,4,3,[5 5],5,21,24,16,21
1,<environment.Job instance at 0x7f17d97484b0>,14,2,[7 1],15,24,26,9,22
1,<environment.Job instance at 0x7f178e9862d0>,22,13,[4 8],23,33,46,10,24
1,<environment.Job instance at 0x7f178e986cd0>,25,13,[8 2],26,46,59,20,30
1,<environment.Job instance at 0x7f178f232a50>,21,3,[5 9],22,59,62,37,34
1,<environment.Job instance at 0x7f17d93a75a0>,30,3,[4 8],31,62,65,31,48
1,<environment.Job instance at 0x7f17d93a71e0>,36,14,[2 9],37,65,79,28,52
1,<environment.Job instance at 0x7f178e986c30>,23,18,[2 9],24,79,97,55,73
1,<environment.Job instance at 0x7f17d93967d0>,41,14,[5 4],42,97,111,55,82
1,<environment.Job instance at 0x7f17d93965f0>,43,20,[1 7],44,111,131,67,107
1,<environment.Job instance at 0x7f17d93a5e60>,55,16,[7 4],56,131,147,75,118
1,<environment.Job instance at 0x7f17d9394d20>,62,16,[1 7],63,147,163,84,141
1,<environment.Job instance at 0x7f787e170230>,3,3,[4 8],4,4,7,0,4
1,<environment.Job instance at 0x7f787e170280>,4,14,[1 6],5,7,21,2,5
1,<environment.Job instance at 0x7f787e170410>,5,2,[1 5],6,21,23,15,6
1,<environment.Job instance at 0x7f787e1703c0>,6,20,[6 1],7,8,28,1,8
1,<environment.Job instance at 0x7f787e170960>,11,15,[4 8],12,23,38,11,12
1,<environment.Job instance at 0x7f787e170b40>,19,14,[3 5],20,38,52,18,29
1,<environment.Job instance at 0x7f787e172230>,20,1,[7 5],21,38,39,17,29
1,<environment.Job instance at 0x7f787e1722d0>,21,1,[6 5],22,39,40,17,29
1,<environment.Job instance at 0x7f787e1724b0>,24,18,[2 6],25,52,70,27,46
1,<environment.Job instance at 0x7f787e1729b0>,29,12,[5 4],30,62,74,32,62
1,<environment.Job instance at 0x7f787e172c30>,31,14,[2 5],32,70,84,38,62
1,<environment.Job instance at 0x7f787e172dc0>,33,14,[5 5],34,74,88,40,62
1,<environment.Job instance at 0x7f787e172fa0>,35,15,[9 5],36,88,103,52,74
1,<environment.Job instance at 0x7f787e176280>,40,15,[10  3],41,103,118,62,89
1,<environment.Job instance at 0x7f787e1767d0>,48,15,[10  1],49,118,133,69,107
1,<environment.Job instance at 0x7f787e176960>,51,3,[1 5],52,133,136,81,120
1,<environment.Job instance at 0x7f787e176a00>,52,1,[8 5],53,133,134,80,121
1,<environment.Job instance at 0x7f787e176c80>,56,17,[8 5],57,134,151,77,134
1,<environment.Job instance at 0x7f787e176f00>,57,18,[2 8],58,151,169,93,140
1,<environment.Job instance at 0x7f787e176f50>,1,15,[1 7],2,2,17,0,2
1,<environment.Job instance at 0x7f78836fa0f0>,6,2,[8 1],7,8,10,1,8
1,<environment.Job instance at 0x7f78836f65f0>,15,16,[ 2 10],16,17,33,1,17
1,<environment.Job instance at 0x7f78836f0c30>,28,21,[9 4],29,33,54,4,30
1,<environment.Job instance at 0x7f78836e6f50>,17,21,[ 3 10],18,54,75,36,46
1,<environment.Job instance at 0x7f78835a6690>,41,14,[1 6],42,75,89,33,60
1,<environment.Job instance at 0x7f78835a6c30>,34,12,[3 8],35,89,101,54,73
1,<environment.Job instance at 0x7f78836066e0>,53,2,[5 6],54,101,103,47,77
1,<environment.Job instance at 0x7f78836f9410>,56,12,[ 3 10],57,103,115,46,86
1,<environment.Job instance at 0x7f78836f9a50>,64,16,[9 4],65,115,131,50,103
1,<environment.Job instance at 0x7f78836f9460>,65,1,[3 8],66,131,132,65,116
1,<environment.Job instance at 0x7f78836ec280>,30,18,[10  3],31,132,150,101,121
1,<environment.Job instance at 0x7f78385ab5f0>,3,3,[2 5],4,4,7,0,4
1,<environment.Job instance at 0x7f78385aaa50>,5,12,[2 6],6,7,19,1,6
1,<environment.Job instance at 0x7f78385aab90>,6,15,[2 7],7,19,34,12,7
1,<environment.Job instance at 0x7f787dfb1be0>,12,3,[7 1],13,13,16,0,13
1,<environment.Job instance at 0x7f78384af9b0>,17,1,[4 5],18,34,35,16,31
1,<environment.Job instance at 0x7f78384afaa0>,18,1,[2 9],19,35,36,16,31
1,<environment.Job instance at 0x7f787dffdf00>,19,13,[4 6],20,36,49,16,31
1,<environment.Job instance at 0x7f787e3d1140>,20,15,[7 1],21,49,64,28,35
1,<environment.Job instance at 0x7f787df43d20>,24,14,[1 5],25,49,63,24,48
1,<environment.Job instance at 0x7f787df431e0>,29,16,[5 4],30,64,80,34,63
1,<environment.Job instance at 0x7f787dff8050>,32,12,[8 1],33,80,92,47,65
1,<environment.Job instance at 0x7f78383dba50>,34,18,[3 6],35,92,110,57,81
1,<environment.Job instance at 0x7f78383db190>,41,17,[7 5],42,110,127,68,103
1,<environment.Job instance at 0x7f78383db4b0>,44,15,[4 6],45,127,142,82,117
1,<environment.Job instance at 0x7f783841b5a0>,47,15,[5 3],48,127,142,79,120
1,<environment.Job instance at 0x7f787e000500>,55,13,[5 5],56,142,155,86,128
1,<environment.Job instance at 0x7f78383bc780>,61,3,[1 6],62,155,158,93,130
1,<environment.Job instance at 0x7f78387a9d70>,0,19,[6 3],1,1,20,0,1
1,<environment.Job instance at 0x7f7838948d20>,5,3,[1 5],6,6,9,0,6
1,<environment.Job instance at 0x7f7882f7beb0>,7,13,[6 4],8,20,33,12,8
1,<environment.Job instance at 0x7f78388e2eb0>,10,19,[1 5],11,12,31,1,12
1,<environment.Job instance at 0x7f787e239730>,16,3,[2 7],17,33,36,16,19
1,<environment.Job instance at 0x7f7838aa75a0>,13,13,[6 5],14,36,49,22,20
1,<environment.Job instance at 0x7f787e0020a0>,25,21,[2 5],26,36,57,10,29
1,<environment.Job instance at 0x7f787e360b90>,4,16,[10  3],5,57,73,52,46
1,<environment.Job instance at 0x7f783892a410>,32,1,[2 9],33,73,74,40,49
1,<environment.Job instance at 0x7f7838910140>,34,1,[5 8],35,74,75,39,51
1,<environment.Job instance at 0x7f7838910dc0>,36,14,[3 9],37,75,89,38,60
1,<environment.Job instance at 0x7f7838a42690>,42,3,[ 1 10],43,89,92,46,72
1,<environment.Job instance at 0x7f7838a42780>,45,13,[10  4],46,92,105,46,77
1,<environment.Job instance at 0x7f78387a9910>,3,12,[1 8],4,105,117,101,92
1,<environment.Job instance at 0x7f787e169a50>,54,14,[7 1],55,105,119,50,95
1,<environment.Job instance at 0x7f78388e6140>,58,16,[8 5],59,119,135,60,106
1,<environment.Job instance at 0x7f78836f0140>,62,16,[9 2],63,135,151,72,122
1,<environment.Job instance at 0x7f78836ec550>,0,15,[4 5],1,1,16,0,1
1,<environment.Job instance at 0x7f78836ec500>,3,17,[8 5],4,16,33,12,4
1,<environment.Job instance at 0x7f787e5c96e0>,15,13,[2 6],16,33,46,17,17
1,<environment.Job instance at 0x7f787e5c5b40>,28,18,[1 9],29,51,69,22,51
1,<environment.Job instance at 0x7f787e5c4dc0>,34,17,[9 5],35,69,86,34,63
1,<environment.Job instance at 0x7f787e5ba0f0>,16,25,[ 5 10],17,86,111,69,82
1,<environment.Job instance at 0x7f787e5dd960>,51,17,[10  4],52,111,128,59,109
1,<environment.Job instance at 0x7f78387850a0>,57,18,[3 6],58,128,146,70,127
1,<environment.Job instance at 0x7f783877d870>,59,2,[5 6],60,146,148,86,138
1,<environment.Job instance at 0x7f783877d7d0>,60,1,[5 9],61,148,149,87,138
1,<environment.Job instance at 0x7f783879b820>,63,3,[9 2],64,149,152,85,138
1,<environment.Job instance at 0x7f787df84550>,0,2,[2 7],1,1,3,0,1
1,<environment.Job instance at 0x7f7882f49d70>,4,17,[3 6],5,5,22,0,5
1,<environment.Job instance at 0x7f7882f49730>,9,1,[5 6],10,22,23,12,10
1,<environment.Job instance at 0x7f78830da460>,12,15,[3 8],13,23,38,10,13
1,<environment.Job instance at 0x7f78830da5a0>,15,15,[9 1],16,38,53,22,29
1,<environment.Job instance at 0x7f78830da370>,22,17,[1 7],23,50,67,27,50
1,<environment.Job instance at 0x7f787e563d20>,29,2,[9 5],30,67,69,37,58
1,<environment.Job instance at 0x7f787e563b40>,30,1,[8 5],31,69,70,38,58
1,<environment.Job instance at 0x7f787e563870>,32,2,[5 7],33,70,72,37,59
1,<environment.Job instance at 0x7f787e5635f0>,33,12,[4 9],34,72,84,38,59
1,<environment.Job instance at 0x7f78830daf50>,23,17,[6 4],24,84,101,60,72
1,<environment.Job instance at 0x7f787e563a00>,42,18,[5 8],43,101,119,58,91
1,<environment.Job instance at 0x7f78830eeb40>,46,16,[6 1],47,119,135,72,106
1,<environment.Job instance at 0x7f787e5636e0>,38,16,[2 7],39,119,135,80,107
1,<environment.Job instance at 0x7f78830ee1e0>,54,3,[8 2],55,135,138,80,117
1,<environment.Job instance at 0x7f78830ee370>,56,3,[8 5],57,138,141,81,120
1,<environment.Job instance at 0x7f7882a8ab90>,58,14,[8 1],59,141,155,82,127
1,<environment.Job instance at 0x7f787e563550>,25,16,[1 6],26,141,157,115,141
1,<environment.Job instance at 0x7f787e1a8690>,0,18,[9 2],1,4,22,3,4
1,<environment.Job instance at 0x7f787e187f00>,12,16,[10  2],13,22,38,9,16
1,<environment.Job instance at 0x7f787e15eb90>,18,14,[ 4 10],19,38,52,19,23
1,<environment.Job instance at 0x7f787e187820>,14,12,[1 8],15,52,64,37,49
1,<environment.Job instance at 0x7f7838aa4280>,21,14,[9 5],22,64,78,42,49
1,<environment.Job instance at 0x7f7882b10140>,22,15,[7 3],23,78,93,55,64
1,<environment.Job instance at 0x7f78831530f0>,42,14,[9 3],43,93,107,50,78
1,<environment.Job instance at 0x7f787e0a9730>,49,14,[3 8],50,107,121,57,95
1,<environment.Job instance at 0x7f7883143050>,54,1,[ 3 10],55,121,122,66,110
1,<environment.Job instance at 0x7f7883143a00>,55,17,[10  3],56,122,139,66,110
1,<environment.Job instance at 0x7f7883143910>,57,16,[8 4],58,139,155,81,126
1,<environment.Job instance at 0x7f787e099140>,0,1,[4 8],1,1,2,0,1
1,<environment.Job instance at 0x7f788301d410>,2,3,[5 8],3,3,6,0,3
1,<environment.Job instance at 0x7f783867b960>,5,20,[10  3],6,6,26,0,6
1,<environment.Job instance at 0x7f783867bfa0>,12,18,[9 2],13,27,45,14,27
1,<environment.Job instance at 0x7f78386a6280>,15,14,[6 3],16,45,59,29,32
1,<environment.Job instance at 0x7f78386a55a0>,31,15,[7 3],32,59,74,27,45
1,<environment.Job instance at 0x7f78386a5370>,30,25,[9 4],31,74,99,43,71
1,<environment.Job instance at 0x7f783869f280>,47,3,[5 6],48,105,108,57,105
1,<environment.Job instance at 0x7f78386a5b40>,37,27,[2 9],38,108,135,70,106
1,<environment.Job instance at 0x7f783869f870>,54,13,[5 8],55,135,148,80,119
1,<environment.Job instance at 0x7f783869fe10>,60,17,[10  1],61,148,165,87,137
1,<environment.Job instance at 0x7f787dede960>,0,14,[3 5],1,1,15,0,1
1,<environment.Job instance at 0x7f78830d6af0>,6,12,[5 6],7,15,27,8,7
1,<environment.Job instance at 0x7f7838a2d5a0>,12,16,[5 3],13,13,29,0,13
1,<environment.Job instance at 0x7f7838a2d460>,16,3,[10  3],17,29,32,12,18
1,<environment.Job instance at 0x7f787e496370>,17,14,[ 5 10],18,32,46,14,19
1,<environment.Job instance at 0x7f787def4370>,22,16,[9 3],23,46,62,23,33
1,<environment.Job instance at 0x7f787def4be0>,23,14,[1 6],24,55,69,31,55
1,<environment.Job instance at 0x7f78388a7a00>,32,14,[6 1],33,62,76,29,55
1,<environment.Job instance at 0x7f787e66a0f0>,37,15,[7 2],38,76,91,38,62
1,<environment.Job instance at 0x7f78388a0320>,42,18,[3 6],43,79,97,36,79
1,<environment.Job instance at 0x7f787df58910>,28,13,[5 7],29,97,110,68,87
1,<environment.Job instance at 0x7f78388a0e60>,48,18,[8 3],49,110,128,61,99
1,<environment.Job instance at 0x7f7838338f50>,57,18,[6 4],58,128,146,70,118
1,<environment.Job instance at 0x7f78388a0280>,49,15,[6 5],50,146,161,96,132
1,<environment.Job instance at 0x7f787e61c0a0>,2,1,[ 3 10],3,3,4,0,3
1,<environment.Job instance at 0x7f787e61c4b0>,3,12,[5 8],4,4,16,0,4
1,<environment.Job instance at 0x7f7882b5b960>,15,3,[4 8],16,17,20,1,17
1,<environment.Job instance at 0x7f7883011550>,17,12,[6 2],18,19,31,1,19
1,<environment.Job instance at 0x7f7882ad01e0>,24,12,[3 9],25,31,43,6,25
1,<environment.Job instance at 0x7f7882ad07d0>,28,3,[2 5],29,43,46,14,31
1,<environment.Job instance at 0x7f7882ad0550>,29,1,[5 1],30,31,32,1,31
1,<environment.Job instance at 0x7f787dffd820>,30,2,[10  1],31,46,48,15,31
1,<environment.Job instance at 0x7f78387915f0>,31,3,[2 9],32,48,51,16,32
1,<environment.Job instance at 0x7f7838791550>,32,3,[10  3],33,51,54,18,33
1,<environment.Job instance at 0x7f7838791050>,35,13,[5 1],36,54,67,18,41
1,<environment.Job instance at 0x7f7838791230>,36,20,[4 9],37,54,74,17,46
1,<environment.Job instance at 0x7f787e323fa0>,38,12,[1 6],39,74,86,35,57
1,<environment.Job instance at 0x7f7882ca6320>,47,13,[7 4],48,74,87,26,68
1,<environment.Job instance at 0x7f787e0f1c30>,52,19,[4 7],53,98,117,45,98
1,<environment.Job instance at 0x7f787e4b19b0>,54,1,[6 5],55,117,118,62,98
1,<environment.Job instance at 0x7f787e4be780>,55,13,[6 4],56,118,131,62,102
1,<environment.Job instance at 0x7f787dfed460>,16,16,[ 5 10],17,131,147,114,119
1,<environment.Job instance at 0x7f787e0dcfa0>,62,3,[5 1],63,147,150,84,126
1,<environment.Job instance at 0x7f7838a40960>,64,1,[7 2],65,150,151,85,132
1,<environment.Job instance at 0x7f787df03e10>,10,16,[1 5],11,22,38,11,22
1,<environment.Job instance at 0x7f787dedc0f0>,14,2,[1 7],15,38,40,23,24
1,<environment.Job instance at 0x7f787dedc230>,17,3,[9 2],18,24,27,6,24
1,<environment.Job instance at 0x7f787dedc730>,23,18,[4 9],24,40,58,16,30
1,<environment.Job instance at 0x7f787defaa00>,34,17,[10  4],35,58,75,23,46
1,<environment.Job instance at 0x7f787dedcb90>,24,26,[7 4],25,82,108,57,82
1,<environment.Job instance at 0x7f787def9d20>,54,16,[6 3],55,108,124,53,95
1,<environment.Job instance at 0x7f787def9a50>,52,12,[10  3],53,124,136,71,108
1,<environment.Job instance at 0x7f787df0e9b0>,71,12,[1 7],72,136,148,64,124
1,<environment.Job instance at 0x7f7882cdb0a0>,0,12,[6 1],1,1,13,0,1
1,<environment.Job instance at 0x7f783890a9b0>,15,3,[1 7],16,16,19,0,16
1,<environment.Job instance at 0x7f7882d60a50>,16,12,[3 5],17,19,31,2,17
1,<environment.Job instance at 0x7f7882f3f370>,14,12,[9 4],15,31,43,16,18
1,<environment.Job instance at 0x7f78388110a0>,18,12,[3 5],19,43,55,24,30
1,<environment.Job instance at 0x7f7882aa1640>,29,18,[5 2],30,43,61,13,38
1,<environment.Job instance at 0x7f783879df50>,32,13,[9 4],33,61,74,28,47
1,<environment.Job instance at 0x7f7838441c80>,38,14,[3 7],39,74,88,35,66
1,<environment.Job instance at 0x7f7838441280>,41,17,[3 6],42,88,105,46,76
1,<environment.Job instance at 0x7f787e29b050>,54,17,[6 1],55,90,107,35,90
1,<environment.Job instance at 0x7f78389dd730>,56,17,[3 7],57,105,122,48,96
1,<environment.Job instance at 0x7f7838340960>,49,18,[5 5],50,122,140,72,111
1,<environment.Job instance at 0x7f78389dd190>,70,12,[ 4 10],71,140,152,69,127
1,<environment.Job instance at 0x7f7882aa6d70>,1,12,[4 6],2,2,14,0,2
1,<environment.Job instance at 0x7f7882aa6230>,2,18,[10  3],3,14,32,11,3
1,<environment.Job instance at 0x7f787e42f370>,22,18,[1 6],23,37,55,14,37
1,<environment.Job instance at 0x7f787e42f9b0>,25,16,[7 4],26,42,58,16,42
1,<environment.Job instance at 0x7f787e42fd70>,32,17,[6 3],33,58,75,25,46
1,<environment.Job instance at 0x7f787e099190>,47,18,[4 5],48,112,130,64,112
1,<environment.Job instance at 0x7f787e099c30>,48,15,[5 4],49,117,132,68,117
1,<environment.Job instance at 0x7f787e0995a0>,49,17,[7 5],50,132,149,82,120
1,<environment.Job instance at 0x7f787e0dac80>,6,24,[10  2],7,149,173,142,146
1,<environment.Job instance at 0x7f783886d870>,1,14,[4 8],2,2,16,0,2
1,<environment.Job instance at 0x7f787df38370>,4,2,[6 5],5,16,18,11,5
1,<environment.Job instance at 0x7f787df38910>,7,3,[1 7],8,18,21,10,8
1,<environment.Job instance at 0x7f787e0dac80>,8,2,[3 7],9,21,23,12,9
1,<environment.Job instance at 0x7f787df33140>,12,3,[5 5],13,23,26,10,13
1,<environment.Job instance at 0x7f787df336e0>,15,18,[7 4],16,26,44,10,16
1,<environment.Job instance at 0x7f787df17910>,20,1,[6 1],21,44,45,23,24
1,<environment.Job instance at 0x7f787df17c30>,18,13,[5 4],19,45,58,26,30
1,<environment.Job instance at 0x7f7882aa0370>,27,1,[3 6],28,30,31,2,30
1,<environment.Job instance at 0x7f787e62bd20>,28,2,[7 1],29,58,60,29,31
1,<environment.Job instance at 0x7f7882aa0190>,29,2,[5 1],30,45,47,15,31
1,<environment.Job instance at 0x7f78388c1820>,32,17,[ 1 10],33,60,77,27,48
1,<environment.Job instance at 0x7f78830d7320>,11,13,[8 2],12,77,90,65,64
1,<environment.Job instance at 0x7f78387005f0>,43,12,[3 6],44,90,102,46,76
1,<environment.Job instance at 0x7f783896aaa0>,37,17,[9 4],38,102,119,64,90
1,<environment.Job instance at 0x7f7882d52d70>,52,16,[5 3],53,119,135,66,106
1,<environment.Job instance at 0x7f787df334b0>,19,17,[4 6],20,119,136,99,107
1,<environment.Job instance at 0x7f7838700960>,44,14,[7 2],45,136,150,91,122
1,<environment.Job instance at 0x7f7838691370>,42,16,[2 8],43,136,152,93,131
1,<environment.Job instance at 0x7f7838714f50>,65,12,[ 4 10],66,152,164,86,135
1,<environment.Job instance at 0x7f7883176b40>,0,1,[2 9],1,1,2,0,1
1,<environment.Job instance at 0x7f7883176dc0>,2,18,[7 3],3,3,21,0,3
1,<environment.Job instance at 0x7f787e1dc870>,11,16,[4 9],12,21,37,9,12
1,<environment.Job instance at 0x7f78387e2320>,14,1,[8 1],15,37,38,22,15
1,<environment.Job instance at 0x7f78387e2190>,15,1,[10  4],16,38,39,22,16
1,<environment.Job instance at 0x7f787e11e820>,13,13,[3 7],14,39,52,25,28
1,<environment.Job instance at 0x7f7838783960>,17,13,[10  3],18,52,65,34,43
1,<environment.Job instance at 0x7f7838580af0>,26,15,[7 3],27,65,80,38,51
1,<environment.Job instance at 0x7f787e667aa0>,38,2,[4 9],39,80,82,41,63
1,<environment.Job instance at 0x7f7838580d20>,31,12,[7 5],32,82,94,50,73
1,<environment.Job instance at 0x7f7882c1d0f0>,18,18,[10  5],19,94,112,75,84
1,<environment.Job instance at 0x7f78834851e0>,44,3,[7 5],45,112,115,67,104
1,<environment.Job instance at 0x7f787e295370>,40,18,[3 7],41,115,133,74,114
1,<environment.Job instance at 0x7f7838a1f730>,51,2,[5 5],52,133,135,81,119
1,<environment.Job instance at 0x7f7838a1f4b0>,52,18,[1 5],53,133,151,80,122
1,<environment.Job instance at 0x7f7882aa8e60>,1,16,[4 7],2,2,18,0,2
1,<environment.Job instance at 0x7f7838843eb0>,9,15,[7 2],10,18,33,8,11
1,<environment.Job instance at 0x7f78388435a0>,11,3,[8 3],12,33,36,21,16
1,<environment.Job instance at 0x7f78382a0500>,14,15,[3 5],15,36,51,21,22
1,<environment.Job instance at 0x7f78382a0820>,21,14,[6 4],22,36,50,14,27
1,<environment.Job instance at 0x7f78381d5e60>,24,17,[3 5],25,50,67,25,38
1,<environment.Job instance at 0x7f78383d70a0>,41,16,[1 8],42,67,83,25,57
1,<environment.Job instance at 0x7f78383d7a00>,43,24,[5 1],44,66,90,22,66
1,<environment.Job instance at 0x7f7882aa8370>,3,13,[ 4 10],4,90,103,86,76
1,<environment.Job instance at 0x7f783815d410>,52,13,[8 1],53,103,116,50,87
1,<environment.Job instance at 0x7f783815ddc0>,59,14,[8 1],60,116,130,56,116
1,<environment.Job instance at 0x7f783815dc30>,60,14,[9 4],61,130,144,69,121
1,<environment.Job instance at 0x7f7838875280>,1,14,[1 7],2,2,16,0,2
1,<environment.Job instance at 0x7f787e5f3c30>,3,18,[2 6],4,16,34,12,5
1,<environment.Job instance at 0x7f78387fd190>,17,12,[1 7],18,34,46,16,20
1,<environment.Job instance at 0x7f78387fdf00>,18,16,[8 1],19,22,38,3,22
1,<environment.Job instance at 0x7f78387fda00>,13,2,[1 7],14,46,48,32,27
1,<environment.Job instance at 0x7f78388752d0>,4,13,[1 6],5,48,61,43,34
1,<environment.Job instance at 0x7f78387f7320>,24,15,[5 2],25,41,56,16,41
1,<environment.Job instance at 0x7f78387f7d20>,25,14,[1 5],26,61,75,35,51
1,<environment.Job instance at 0x7f783881b6e0>,26,2,[10  5],27,75,77,48,52
1,<environment.Job instance at 0x7f783882d460>,34,28,[8 5],35,77,105,42,77
1,<environment.Job instance at 0x7f7838826a50>,22,12,[2 8],23,105,117,82,93
1,<environment.Job instance at 0x7f787e0597d0>,37,24,[2 9],38,117,141,79,112
1,<environment.Job instance at 0x7f7882a13410>,44,20,[1 9],45,141,161,96,141
1,<environment.Job instance at 0x7f7882a134b0>,45,16,[6 3],46,161,177,115,149
1,<environment.Job instance at 0x7f7882a13500>,2,1,[2 7],3,3,4,0,3
1,<environment.Job instance at 0x7f78386b1910>,4,1,[5 4],5,5,6,0,5
1,<environment.Job instance at 0x7f7882cdebe0>,6,19,[4 6],7,7,26,0,7
1,<environment.Job instance at 0x7f783886d370>,15,3,[1 8],16,26,29,10,18
1,<environment.Job instance at 0x7f783886d0a0>,13,21,[5 5],14,29,50,15,21
1,<environment.Job instance at 0x7f787e17d3c0>,11,18,[1 9],12,50,68,38,43
1,<environment.Job instance at 0x7f78829a7af0>,28,14,[5 1],29,45,59,16,45
1,<environment.Job instance at 0x7f7882f40550>,35,13,[6 4],36,68,81,32,53
1,<environment.Job instance at 0x7f7882f40690>,36,16,[4 8],37,81,97,44,68
1,<environment.Job instance at 0x7f7882f40870>,40,18,[7 4],41,97,115,56,86
1,<environment.Job instance at 0x7f787e368be0>,47,18,[7 1],48,116,134,68,116
1,<environment.Job instance at 0x7f787e368f50>,52,14,[10  1],53,134,148,81,122
1,<environment.Job instance at 0x7f787e49c690>,58,14,[6 1],59,148,162,89,136
1,<environment.Job instance at 0x7f78829f5460>,1,1,[8 1],2,2,3,0,2
1,<environment.Job instance at 0x7f7882cc46e0>,4,16,[1 7],5,5,21,0,5
1,<environment.Job instance at 0x7f7882cc4a50>,13,20,[1 7],14,21,41,7,19
1,<environment.Job instance at 0x7f78387b8280>,17,15,[3 7],18,41,56,23,35
1,<environment.Job instance at 0x7f78387b8c80>,20,14,[6 3],21,36,50,15,36
1,<environment.Job instance at 0x7f78387b8910>,25,16,[7 4],26,56,72,30,43
1,<environment.Job instance at 0x7f78387b8730>,21,16,[9 2],22,72,88,50,59
1,<environment.Job instance at 0x7f78387b88c0>,32,16,[1 7],33,73,89,40,73
1,<environment.Job instance at 0x7f7882bcaf50>,9,13,[3 7],10,89,102,79,78
1,<environment.Job instance at 0x7f78387b8cd0>,33,15,[7 1],34,90,105,56,90
1,<environment.Job instance at 0x7f7882f66b90>,46,17,[9 2],47,105,122,58,100
1,<environment.Job instance at 0x7f7882dbe7d0>,54,12,[ 2 10],55,122,134,67,116
1,<environment.Job instance at 0x7f7882dbeaf0>,57,18,[10  1],58,134,152,76,123
1,<environment.Job instance at 0x7f7882dbef00>,63,14,[7 3],64,152,166,88,139
1,<environment.Job instance at 0x7f7882dbe4b0>,64,1,[1 8],65,166,167,101,139
1,<environment.Job instance at 0x7f7882dbea00>,1,18,[2 8],2,2,20,0,2
1,<environment.Job instance at 0x7f7883306500>,8,24,[7 5],9,20,44,11,20
1,<environment.Job instance at 0x7f7838808b40>,26,17,[10  3],27,44,61,17,39
1,<environment.Job instance at 0x7f7838a01c80>,29,12,[2 8],30,61,73,31,48
1,<environment.Job instance at 0x7f7838a5d7d0>,35,15,[5 2],36,61,76,25,50
1,<environment.Job instance at 0x7f7838a3b2d0>,39,1,[3 8],40,73,74,33,63
1,<environment.Job instance at 0x7f7838a3b960>,40,16,[6 1],41,76,92,35,63
1,<environment.Job instance at 0x7f7838a3b9b0>,42,17,[5 8],43,92,109,49,80
1,<environment.Job instance at 0x7f7838a310f0>,13,18,[5 6],14,111,129,97,111
1,<environment.Job instance at 0x7f7838a53140>,56,1,[9 5],57,129,130,72,120
1,<environment.Job instance at 0x7f7838a53e60>,57,18,[3 8],58,130,148,72,121
1,<environment.Job instance at 0x7f7838a53b40>,60,18,[5 4],61,148,166,87,137
1,<environment.Job instance at 0x7f4f410610a0>,2,22,[4 8],3,3,25,0,3
1,<environment.Job instance at 0x7f4f3dc526e0>,8,13,[5 5],9,25,38,16,10
1,<environment.Job instance at 0x7f4f3dc529b0>,13,18,[ 4 10],14,38,56,24,27
1,<environment.Job instance at 0x7f4f3dc54370>,22,1,[2 7],23,56,57,33,28
1,<environment.Job instance at 0x7f4f3dc54550>,25,12,[ 5 10],26,57,69,31,46
1,<environment.Job instance at 0x7f4f3dc54be0>,29,12,[5 4],30,69,81,39,59
1,<environment.Job instance at 0x7f4f3dc54cd0>,31,14,[2 5],32,69,83,37,60
1,<environment.Job instance at 0x7f4f3dc590a0>,37,2,[2 6],38,83,85,45,74
1,<environment.Job instance at 0x7f4f3dc59140>,38,2,[ 1 10],39,85,87,46,76
1,<environment.Job instance at 0x7f4f3dc591e0>,39,2,[5 6],40,87,89,47,76
1,<environment.Job instance at 0x7f4f3dc59280>,40,15,[10  3],41,89,104,48,76
1,<environment.Job instance at 0x7f4f3dc52b90>,15,18,[2 8],16,104,122,88,97
1,<environment.Job instance at 0x7f4f3dc59b40>,49,16,[2 5],50,122,138,72,109
1,<environment.Job instance at 0x7f4f3dc59c80>,51,3,[1 5],52,122,125,70,121
1,<environment.Job instance at 0x7f4f3dc59dc0>,53,17,[5 7],54,138,155,84,134
1,<environment.Job instance at 0x7f4f3dc5a140>,58,14,[2 7],59,155,169,96,142
1,<environment.Job instance at 0x7f4f3dc5a500>,1,2,[5 5],2,2,4,0,2
1,<environment.Job instance at 0x7f4f411d4a50>,3,18,[6 5],4,4,22,0,4
1,<environment.Job instance at 0x7f4f411d42d0>,5,16,[ 2 10],6,22,38,16,18
1,<environment.Job instance at 0x7f4f411d8640>,18,21,[9 4],19,38,59,19,31
1,<environment.Job instance at 0x7f4f411d2cd0>,29,2,[9 4],30,59,61,29,32
1,<environment.Job instance at 0x7f4f411ce7d0>,31,14,[1 6],32,39,53,7,39
1,<environment.Job instance at 0x7f4f411ce500>,32,14,[2 7],33,61,75,28,46
1,<environment.Job instance at 0x7f4f410882d0>,36,3,[2 8],37,75,78,38,54
1,<environment.Job instance at 0x7f4f41088e60>,37,1,[2 8],38,78,79,40,54
1,<environment.Job instance at 0x7f4f411d5a00>,48,1,[10  5],49,79,80,30,62
1,<environment.Job instance at 0x7f4f411d2fa0>,26,14,[5 5],27,80,94,53,72
1,<environment.Job instance at 0x7f4f411d5a50>,50,18,[4 5],51,80,98,29,78
1,<environment.Job instance at 0x7f4f410e82d0>,56,14,[10  1],57,98,112,41,87
1,<environment.Job instance at 0x7f4f410435a0>,68,18,[6 3],69,112,130,43,111
1,<environment.Job instance at 0x7f4f411db190>,59,13,[6 3],60,130,143,70,117
1,<environment.Job instance at 0x7f4ef5f6b730>,1,17,[10  3],2,2,19,0,2
1,<environment.Job instance at 0x7f4ef5f05960>,4,14,[1 5],5,19,33,14,5
1,<environment.Job instance at 0x7f4f3d9bd280>,19,3,[ 2 10],20,33,36,13,20
1,<environment.Job instance at 0x7f4f3da24550>,17,16,[9 4],18,36,52,18,23
1,<environment.Job instance at 0x7f4f3de59820>,22,12,[3 8],23,52,64,29,35
1,<environment.Job instance at 0x7f4f3d9fb500>,28,18,[1 5],29,64,82,35,53
1,<environment.Job instance at 0x7f4f3da24820>,16,16,[9 2],17,64,80,47,53
1,<environment.Job instance at 0x7f4ef6029550>,45,16,[10  4],46,82,98,36,69
1,<environment.Job instance at 0x7f4f3dae56e0>,50,18,[9 5],51,98,116,47,87
1,<environment.Job instance at 0x7f4ef6029410>,40,14,[7 5],41,116,130,75,102
1,<environment.Job instance at 0x7f4ef5ebdfa0>,69,17,[9 1],70,130,147,60,122
1,<environment.Job instance at 0x7f4f40ab6f00>,0,12,[2 5],1,1,13,0,1
1,<environment.Job instance at 0x7f4f3dd5f410>,10,3,[1 7],11,13,16,2,13
1,<environment.Job instance at 0x7f4f3dd5fd70>,11,18,[8 4],12,16,34,4,13
1,<environment.Job instance at 0x7f4f3dcb1050>,5,12,[2 9],6,34,46,28,18
1,<environment.Job instance at 0x7f4f3dc4b370>,16,16,[5 5],17,46,62,29,34
1,<environment.Job instance at 0x7f4f3dd63910>,22,1,[9 3],23,62,63,39,36
1,<environment.Job instance at 0x7f4ef6417140>,28,16,[8 5],29,63,79,34,53
1,<environment.Job instance at 0x7f4f3e0110f0>,33,15,[6 3],34,79,94,45,65
1,<environment.Job instance at 0x7f4ef63f2550>,35,18,[7 5],36,94,112,58,83
1,<environment.Job instance at 0x7f4f3dcaa230>,15,13,[10  4],16,112,125,96,105
1,<environment.Job instance at 0x7f4ef640d140>,55,17,[7 1],56,125,142,69,121
1,<environment.Job instance at 0x7f4ef5f9dbe0>,59,14,[10  1],60,142,156,82,132
1,<environment.Job instance at 0x7f4ef658daa0>,60,15,[1 6],61,156,171,95,142
1,<environment.Job instance at 0x7f4ef5eb1960>,1,14,[4 6],2,2,16,0,2
1,<environment.Job instance at 0x7f4f40a00370>,12,14,[3 9],13,16,30,3,13
1,<environment.Job instance at 0x7f4f40a00a50>,10,3,[2 7],11,30,33,19,13
1,<environment.Job instance at 0x7f4f3e0b0cd0>,9,14,[6 1],10,17,31,7,17
1,<environment.Job instance at 0x7f4ef64ea690>,7,17,[4 9],8,33,50,25,22
1,<environment.Job instance at 0x7f4f409f0320>,19,2,[5 6],20,50,52,30,33
1,<environment.Job instance at 0x7f4f409f06e0>,20,1,[5 9],21,52,53,31,33
1,<environment.Job instance at 0x7f4f409ec960>,25,12,[5 6],26,53,65,27,38
1,<environment.Job instance at 0x7f4f409ec820>,33,16,[4 9],34,65,81,31,65
1,<environment.Job instance at 0x7f4f40a004b0>,14,14,[7 4],15,81,95,66,79
1,<environment.Job instance at 0x7f4f409fd1e0>,38,15,[3 6],39,81,96,42,80
1,<environment.Job instance at 0x7f4f409fd3c0>,40,28,[5 6],41,96,124,55,96
1,<environment.Job instance at 0x7f4f409fd410>,41,2,[2 6],42,124,126,82,97
1,<environment.Job instance at 0x7f4f409e4410>,42,3,[9 1],43,126,129,83,100
1,<environment.Job instance at 0x7f4f409e4be0>,44,17,[6 5],45,129,146,84,117
1,<environment.Job instance at 0x7f4f409e45f0>,47,16,[ 5 10],48,146,162,98,133
1,<environment.Job instance at 0x7f4f409ee8c0>,51,14,[7 1],52,162,176,110,150
1,<environment.Job instance at 0x7f4ef634bbe0>,1,15,[9 5],2,2,17,0,2
1,<environment.Job instance at 0x7f4f40bca0f0>,10,18,[5 8],11,17,35,6,12
1,<environment.Job instance at 0x7f4f40bca3c0>,8,14,[8 1],9,35,49,26,20
1,<environment.Job instance at 0x7f4f40bca2d0>,11,17,[3 7],12,49,66,37,38
1,<environment.Job instance at 0x7f4f3e05b820>,32,13,[6 5],33,74,87,41,74
1,<environment.Job instance at 0x7f4f3dcbf6e0>,26,17,[9 3],27,87,104,60,78
1,<environment.Job instance at 0x7f4f3e05b500>,36,2,[7 2],37,104,106,67,84
1,<environment.Job instance at 0x7f4f3e05b9b0>,37,15,[6 1],38,106,121,68,94
1,<environment.Job instance at 0x7f4f3db19d20>,47,15,[ 1 10],48,121,136,73,107
1,<environment.Job instance at 0x7f4f3db29820>,56,13,[3 7],57,136,149,79,129
1,<environment.Job instance at 0x7f4f41088c80>,0,17,[8 4],1,2,19,1,2
1,<environment.Job instance at 0x7f4f3dc17e60>,7,1,[2 6],8,9,10,1,9
1,<environment.Job instance at 0x7f4f3dcee910>,11,13,[5 2],12,19,32,7,12
1,<environment.Job instance at 0x7f4f40c689b0>,13,17,[6 4],14,32,49,18,22
1,<environment.Job instance at 0x7f4f3dbfdaf0>,17,14,[2 6],18,22,36,4,22
1,<environment.Job instance at 0x7f4ef5f837d0>,23,3,[1 6],24,36,39,12,31
1,<environment.Job instance at 0x7f4f40bb87d0>,24,15,[8 1],25,49,64,24,35
1,<environment.Job instance at 0x7f4f3dccf780>,28,15,[ 4 10],29,64,79,35,50
1,<environment.Job instance at 0x7f4f3def9fa0>,33,3,[1 8],34,53,56,19,53
1,<environment.Job instance at 0x7f4f3def90a0>,34,1,[1 7],35,56,57,21,54
1,<environment.Job instance at 0x7f4f4055db40>,14,17,[4 7],15,79,96,64,69
1,<environment.Job instance at 0x7f4f40a95820>,40,14,[2 6],41,96,110,55,90
1,<environment.Job instance at 0x7f4f40a95140>,42,2,[6 3],43,90,92,47,90
1,<environment.Job instance at 0x7f4f40a95be0>,45,3,[3 9],46,110,113,64,97
1,<environment.Job instance at 0x7f4f40a95050>,43,16,[3 8],44,113,129,69,101
1,<environment.Job instance at 0x7f4f40aa6730>,49,3,[2 9],50,129,132,79,107
1,<environment.Job instance at 0x7f4f40aa6cd0>,51,3,[2 9],52,132,135,80,108
1,<environment.Job instance at 0x7f4f40aa6370>,52,3,[10  3],53,135,138,82,109
1,<environment.Job instance at 0x7f4f40aa6af0>,47,18,[5 5],48,138,156,90,127
1,<environment.Job instance at 0x7f4f40bb9e60>,0,18,[4 5],1,1,19,0,1
1,<environment.Job instance at 0x7f4ef5e74b90>,6,14,[5 4],7,7,21,0,7
1,<environment.Job instance at 0x7f4ef5e748c0>,11,2,[7 1],12,21,23,9,12
1,<environment.Job instance at 0x7f4ef5e730a0>,12,3,[6 1],13,23,26,10,13
1,<environment.Job instance at 0x7f4ef5e732d0>,13,23,[1 7],14,21,44,7,16
1,<environment.Job instance at 0x7f4ef5e73d70>,23,17,[ 4 10],24,44,61,20,32
1,<environment.Job instance at 0x7f4ef5e73f00>,27,12,[9 2],28,61,73,33,47
1,<environment.Job instance at 0x7f4ef5e77140>,33,1,[8 4],34,73,74,39,64
1,<environment.Job instance at 0x7f4ef5e73320>,15,18,[ 2 10],16,74,92,58,64
1,<environment.Job instance at 0x7f4ef5e73be0>,22,26,[1 5],23,92,118,69,89
1,<environment.Job instance at 0x7f4f40bb9dc0>,4,19,[2 5],5,100,119,95,100
1,<environment.Job instance at 0x7f4ef5e77be0>,42,15,[1 6],43,119,134,76,106
1,<environment.Job instance at 0x7f4ef5e77d20>,45,12,[5 2],46,118,130,72,106
1,<environment.Job instance at 0x7f4ef5e77c80>,44,13,[1 9],45,134,147,89,121
1,<environment.Job instance at 0x7f4ef5e77dc0>,46,18,[7 1],47,130,148,83,121
1,<environment.Job instance at 0x7f4ef5e809b0>,56,16,[9 3],57,148,164,91,141
1,<environment.Job instance at 0x7f4f3da008c0>,0,17,[5 9],1,1,18,0,1
1,<environment.Job instance at 0x7f4f40bb85f0>,12,12,[10  2],13,18,30,5,13
1,<environment.Job instance at 0x7f4f405c0f00>,13,1,[5 5],14,30,31,16,15
1,<environment.Job instance at 0x7f4f405c0a00>,15,14,[8 4],16,31,45,15,16
1,<environment.Job instance at 0x7f4f3df925a0>,21,14,[4 9],22,45,59,23,30
1,<environment.Job instance at 0x7f4f405c01e0>,16,18,[ 2 10],17,59,77,42,49
1,<environment.Job instance at 0x7f4ef5ffcb90>,33,12,[1 8],34,77,89,43,66
1,<environment.Job instance at 0x7f4f40495d70>,34,14,[7 4],35,89,103,54,76
1,<environment.Job instance at 0x7f4f4099f0a0>,38,17,[2 7],39,103,120,64,91
1,<environment.Job instance at 0x7f4ef6003b90>,41,2,[1 8],42,120,122,78,103
1,<environment.Job instance at 0x7f4ef6003550>,42,18,[5 6],43,122,140,79,111
1,<environment.Job instance at 0x7f4f40b30190>,49,2,[2 5],50,140,142,90,132
1,<environment.Job instance at 0x7f4f40b30aa0>,50,3,[7 5],51,140,143,89,133
1,<environment.Job instance at 0x7f4f40b30640>,51,2,[5 4],52,133,135,81,133
1,<environment.Job instance at 0x7f4f405db3c0>,6,16,[3 8],7,143,159,136,136
1,<environment.Job instance at 0x7f4f3de598c0>,53,2,[8 3],54,159,161,105,139
1,<environment.Job instance at 0x7f4f40e22370>,1,16,[2 6],2,2,18,0,2
1,<environment.Job instance at 0x7f4f40f99af0>,5,17,[1 8],6,18,35,12,7
1,<environment.Job instance at 0x7f4ef63d0d70>,14,13,[2 8],15,35,48,20,22
1,<environment.Job instance at 0x7f4ef6541500>,13,18,[1 8],14,48,66,34,37
1,<environment.Job instance at 0x7f4ef62f16e0>,32,18,[7 3],33,66,84,33,59
1,<environment.Job instance at 0x7f4f40489a00>,42,12,[5 4],43,84,96,41,67
1,<environment.Job instance at 0x7f4f408ae500>,44,17,[5 6],45,84,101,39,75
1,<environment.Job instance at 0x7f4ef652e0f0>,50,14,[6 1],51,101,115,50,90
1,<environment.Job instance at 0x7f4ef62f1b90>,33,13,[4 7],34,101,114,67,90
1,<environment.Job instance at 0x7f4f3dd88370>,58,3,[10  1],59,115,118,56,102
1,<environment.Job instance at 0x7f4f3dd88140>,59,15,[8 4],60,118,133,58,106
1,<environment.Job instance at 0x7f4f405f3500>,68,3,[2 6],69,124,127,55,124
1,<environment.Job instance at 0x7f4f40489fa0>,40,17,[8 3],41,133,150,92,124
1,<environment.Job instance at 0x7f4ef6028d20>,3,2,[3 6],4,4,6,0,4
1,<environment.Job instance at 0x7f4ef6359870>,5,2,[1 8],6,6,8,0,6
1,<environment.Job instance at 0x7f4ef6531b90>,6,18,[3 5],7,8,26,1,7
1,<environment.Job instance at 0x7f4f3db1b550>,16,14,[3 9],17,26,40,9,23
1,<environment.Job instance at 0x7f4f3de64f50>,11,12,[7 5],12,40,52,28,27
1,<environment.Job instance at 0x7f4f3db1b910>,22,1,[5 8],23,52,53,29,30
1,<environment.Job instance at 0x7f4f3db1beb0>,27,3,[10  1],28,53,56,25,31
1,<environment.Job instance at 0x7f4f3db070f0>,30,12,[3 8],31,56,68,25,39
1,<environment.Job instance at 0x7f4f3db07910>,37,16,[2 6],38,68,84,30,57
1,<environment.Job instance at 0x7f4f3db07d70>,42,18,[9 5],43,84,102,41,74
1,<environment.Job instance at 0x7f4f3db07fa0>,45,15,[9 5],46,102,117,56,88
1,<environment.Job instance at 0x7f4ef5f670f0>,51,16,[8 5],52,117,133,65,104
1,<environment.Job instance at 0x7f4ef5f67690>,56,1,[5 8],57,133,134,76,113
1,<environment.Job instance at 0x7f4ef5f677d0>,57,3,[9 3],58,134,137,76,113
1,<environment.Job instance at 0x7f4ef5f67960>,61,2,[1 9],62,137,139,75,120
1,<environment.Job instance at 0x7f4ef5f67be0>,62,1,[7 2],63,139,140,76,120
1,<environment.Job instance at 0x7f4ef5f67e60>,65,15,[8 2],66,140,155,74,126
1,<environment.Job instance at 0x7f4ef5f67fa0>,1,2,[5 2],2,2,4,0,2
1,<environment.Job instance at 0x7f4ef6541a00>,2,13,[1 7],3,4,17,1,4
1,<environment.Job instance at 0x7f4f405eea50>,5,13,[6 1],6,6,19,0,6
1,<environment.Job instance at 0x7f4f405bb5f0>,9,13,[3 6],10,17,30,7,10
1,<environment.Job instance at 0x7f4f40f4ff00>,18,12,[6 2],19,23,35,4,23
1,<environment.Job instance at 0x7f4f405bbd70>,15,17,[5 8],16,35,52,19,25
1,<environment.Job instance at 0x7f4ef652e140>,29,15,[10  5],30,52,67,22,38
1,<environment.Job instance at 0x7f4f406ff190>,24,13,[6 5],25,67,80,42,51
1,<environment.Job instance at 0x7f4f4049a6e0>,33,13,[7 3],34,80,93,46,78
1,<environment.Job instance at 0x7f4f3e054320>,52,18,[10  3],53,93,111,40,86
1,<environment.Job instance at 0x7f4ef62f1230>,57,18,[3 8],58,111,129,53,101
1,<environment.Job instance at 0x7f4f406ffcd0>,20,16,[8 2],21,129,145,108,123
1,<environment.Job instance at 0x7f4f40b62780>,67,18,[1 8],68,129,147,61,129
1,<environment.Job instance at 0x7f4f408ae910>,1,2,[2 7],2,2,4,0,2
1,<environment.Job instance at 0x7f4ef654e870>,2,13,[2 6],3,4,17,1,3
1,<environment.Job instance at 0x7f4f3de8e780>,4,2,[2 5],5,17,19,12,5
1,<environment.Job instance at 0x7f4f3de8e9b0>,5,3,[ 4 10],6,19,22,13,6
1,<environment.Job instance at 0x7f4f3de8ec80>,14,16,[8 4],15,22,38,7,15
1,<environment.Job instance at 0x7f4f3de8e550>,10,13,[1 5],11,22,35,11,20
1,<environment.Job instance at 0x7f4f404c6780>,22,14,[7 5],23,38,52,15,28
1,<environment.Job instance at 0x7f4f404c6870>,25,18,[2 9],26,52,70,26,41
1,<environment.Job instance at 0x7f4ef624d500>,29,17,[1 5],30,70,87,40,58
1,<environment.Job instance at 0x7f4ef624d0f0>,34,16,[2 8],35,87,103,52,75
1,<environment.Job instance at 0x7f4f3dafcb90>,41,14,[4 8],42,103,117,61,89
1,<environment.Job instance at 0x7f4f3de8ee10>,12,15,[3 8],13,117,132,104,103
1,<environment.Job instance at 0x7f4ef6147410>,55,18,[7 4],56,132,150,76,121
1,<environment.Job instance at 0x7f4f3dcede60>,60,1,[6 1],61,130,131,69,130
1,<environment.Job instance at 0x7f4ef60340a0>,2,14,[ 3 10],3,3,17,0,3
1,<environment.Job instance at 0x7f4ef6378460>,7,2,[ 1 10],8,17,19,9,8
1,<environment.Job instance at 0x7f4ef6378b90>,8,1,[7 4],9,19,20,10,9
1,<environment.Job instance at 0x7f4ef6378640>,9,1,[2 5],10,19,20,9,10
1,<environment.Job instance at 0x7f4ef6378e10>,10,18,[6 1],11,20,38,9,16
1,<environment.Job instance at 0x7f4ef6378eb0>,12,16,[1 7],13,20,36,7,20
1,<environment.Job instance at 0x7f4ef63921e0>,14,18,[2 5],15,36,54,21,27
1,<environment.Job instance at 0x7f4f3e09cfa0>,41,16,[4 9],42,54,70,12,44
1,<environment.Job instance at 0x7f4f3e09ca50>,42,15,[9 5],43,70,85,27,57
1,<environment.Job instance at 0x7f4f3e09c730>,40,15,[8 2],41,85,100,44,79
1,<environment.Job instance at 0x7f4f3dff0b90>,56,15,[7 3],57,100,115,43,87
1,<environment.Job instance at 0x7f4f3dfec0f0>,61,12,[7 5],62,115,127,53,103
1,<environment.Job instance at 0x7f4f3dfec910>,64,14,[5 5],65,127,141,62,115
1,<environment.Job instance at 0x7f4f3dfec370>,67,12,[ 4 10],68,141,153,73,130
1,<environment.Job instance at 0x7f4f3dfecb40>,1,16,[1 7],2,2,18,0,2
1,<environment.Job instance at 0x7f4f3db67370>,5,12,[4 8],6,18,30,12,6
1,<environment.Job instance at 0x7f4ef5e9f2d0>,8,14,[10  1],9,30,44,21,19
1,<environment.Job instance at 0x7f4ef5e67a50>,16,17,[9 4],17,44,61,27,35
1,<environment.Job instance at 0x7f4f3dc1bc30>,20,13,[ 4 10],21,61,74,40,45
1,<environment.Job instance at 0x7f4ef5e348c0>,21,16,[4 7],22,74,90,52,61
1,<environment.Job instance at 0x7f4f4060c5a0>,30,21,[9 2],31,90,111,59,82
1,<environment.Job instance at 0x7f4f3da0d050>,34,15,[3 5],35,111,126,76,97
1,<environment.Job instance at 0x7f4f406dc2d0>,11,16,[6 2],12,111,127,99,103
1,<environment.Job instance at 0x7f4f3da0d410>,44,17,[3 5],45,126,143,81,114
1,<environment.Job instance at 0x7f4f3e0bc820>,50,1,[5 5],51,127,128,76,119
1,<environment.Job instance at 0x7f4f3e0bc550>,51,2,[2 5],52,128,130,76,119
1,<environment.Job instance at 0x7f4f3e0bc0a0>,52,13,[9 5],53,143,156,90,127
1,<environment.Job instance at 0x7f4f3de4a230>,0,3,[5 6],1,1,4,0,1
1,<environment.Job instance at 0x7f4ef5d52410>,4,2,[6 2],5,5,7,0,5
1,<environment.Job instance at 0x7f4ef5d52d20>,5,15,[2 7],6,6,21,0,6
1,<environment.Job instance at 0x7f4ef5d38550>,14,13,[1 6],15,21,34,6,15
1,<environment.Job instance at 0x7f4ef5c450a0>,19,15,[10  3],20,34,49,14,20
1,<environment.Job instance at 0x7f4ef64bfe10>,2,17,[4 8],3,49,66,46,38
1,<environment.Job instance at 0x7f4ef5c450f0>,31,14,[7 4],32,66,80,34,52
1,<environment.Job instance at 0x7f4ef5d38410>,13,18,[2 6],14,70,88,56,70
1,<environment.Job instance at 0x7f4f3dba0e60>,34,15,[5 2],35,80,95,45,71
1,<environment.Job instance at 0x7f4f3dba0f50>,39,16,[ 5 10],40,95,111,55,87
1,<environment.Job instance at 0x7f4f3dba0550>,45,1,[10  5],46,111,112,65,87
1,<environment.Job instance at 0x7f4f3dba01e0>,46,23,[3 7],47,112,135,65,108
1,<environment.Job instance at 0x7f4f3dba0500>,51,2,[2 8],52,135,137,83,122
1,<environment.Job instance at 0x7f4ef5d44a50>,54,20,[1 9],55,141,161,86,141
1,<environment.Job instance at 0x7f4f3df444b0>,2,1,[2 7],3,3,4,0,3
1,<environment.Job instance at 0x7f4ef618caf0>,3,1,[4 8],4,4,5,0,4
1,<environment.Job instance at 0x7f4f3dac49b0>,6,19,[4 6],7,7,26,0,7
1,<environment.Job instance at 0x7f4f3dad5320>,14,3,[7 2],15,26,29,11,16
1,<environment.Job instance at 0x7f4f3dabf8c0>,16,1,[5 8],17,29,30,12,18
1,<environment.Job instance at 0x7f4f3dabff50>,17,16,[6 5],18,30,46,12,19
1,<environment.Job instance at 0x7f4f3dad40a0>,21,12,[7 5],22,46,58,24,29
1,<environment.Job instance at 0x7f4ef619bd20>,33,13,[8 5],34,58,71,24,42
1,<environment.Job instance at 0x7f4f3daf5960>,25,17,[10  2],26,71,88,45,64
1,<environment.Job instance at 0x7f4f40a781e0>,39,15,[8 3],40,88,103,48,74
1,<environment.Job instance at 0x7f4ef6155be0>,45,18,[5 9],46,103,121,57,92
1,<environment.Job instance at 0x7f4f3daf5690>,26,16,[ 5 10],27,121,137,94,109
1,<environment.Job instance at 0x7f4ef6178460>,53,12,[ 1 10],54,137,149,83,122
1,<environment.Job instance at 0x7f4ef5f55280>,63,1,[3 7],64,149,150,85,132
1,<environment.Job instance at 0x7f4ef6174230>,65,12,[6 2],66,149,161,83,134
1,<environment.Job instance at 0x7f4ef61965f0>,1,14,[5 4],2,2,16,0,2
1,<environment.Job instance at 0x7f4f3ded0fa0>,10,14,[6 3],11,16,30,5,11
1,<environment.Job instance at 0x7f4f3e086b90>,8,3,[8 3],9,30,33,21,11
1,<environment.Job instance at 0x7f4ef65c6140>,15,16,[7 4],16,33,49,17,20
1,<environment.Job instance at 0x7f4ef5bd9b90>,7,15,[3 7],8,49,64,41,37
1,<environment.Job instance at 0x7f4f3dd7c4b0>,23,15,[7 1],24,49,64,25,37
1,<environment.Job instance at 0x7f4f3dd7cb40>,27,2,[2 8],28,64,66,36,44
1,<environment.Job instance at 0x7f4f3dd7c8c0>,28,26,[5 7],29,66,92,37,63
1,<environment.Job instance at 0x7f4f40b30e10>,36,17,[9 2],37,92,109,55,80
1,<environment.Job instance at 0x7f4f3defd910>,43,1,[7 2],44,109,110,65,98
1,<environment.Job instance at 0x7f4f40b3bfa0>,48,14,[9 1],49,110,124,61,103
1,<environment.Job instance at 0x7f4f40b3b6e0>,49,17,[2 7],50,124,141,74,112
1,<environment.Job instance at 0x7f4ef6335d20>,52,13,[5 1],53,124,137,71,121
1,<environment.Job instance at 0x7f4ef63351e0>,53,14,[7 3],54,137,151,83,122
1,<environment.Job instance at 0x7f4f40de8500>,57,13,[6 5],58,151,164,93,135
1,<environment.Job instance at 0x7f4ef6205910>,0,18,[ 4 10],1,1,19,0,1
1,<environment.Job instance at 0x7f4ef6205c80>,4,13,[8 4],5,19,32,14,5
1,<environment.Job instance at 0x7f4ef62baf50>,16,16,[ 1 10],17,32,48,15,19
1,<environment.Job instance at 0x7f4ef5f4aaa0>,8,17,[ 2 10],9,48,65,39,40
1,<environment.Job instance at 0x7f4ef62b22d0>,31,12,[3 5],32,65,77,33,51
1,<environment.Job instance at 0x7f4ef62b2aa0>,34,23,[ 5 10],35,77,100,42,71
1,<environment.Job instance at 0x7f4ef5cc1460>,41,15,[7 5],42,100,115,58,86
1,<environment.Job instance at 0x7f4ef651b550>,22,17,[5 8],23,115,132,92,114
1,<environment.Job instance at 0x7f4ef5cc1cd0>,51,18,[5 5],52,132,150,80,121
1,<environment.Job instance at 0x7f4f410612d0>,26,15,[6 2],27,150,165,123,136
1,<environment.Job instance at 0x7f4ef5d7e550>,1,1,[5 3],2,2,3,0,2
1,<environment.Job instance at 0x7f4f3dbf5b90>,2,17,[2 8],3,3,20,0,3
1,<environment.Job instance at 0x7f4ef6045230>,8,17,[5 1],9,9,26,0,9
1,<environment.Job instance at 0x7f4f40a73e60>,24,17,[4 7],25,26,43,1,26
1,<environment.Job instance at 0x7f4f3dad5e60>,23,12,[10  4],24,43,55,19,28
1,<environment.Job instance at 0x7f4f3de59be0>,29,16,[7 4],30,55,71,25,43
1,<environment.Job instance at 0x7f4f3dca15f0>,34,18,[10  3],35,71,89,36,60
1,<environment.Job instance at 0x7f4f3df87f00>,40,15,[ 4 10],41,89,104,48,76
1,<environment.Job instance at 0x7f4ef64fc780>,46,19,[4 8],47,104,123,57,94
1,<environment.Job instance at 0x7f4ef64e65a0>,59,17,[8 2],60,123,140,63,111
1,<environment.Job instance at 0x7f4ef650b0f0>,68,15,[5 6],69,140,155,71,131
1,<environment.Job instance at 0x7eff6db61140>,0,13,[9 3],1,1,14,0,1
1,<environment.Job instance at 0x7eff6ca026e0>,8,13,[5 5],9,14,27,5,9
1,<environment.Job instance at 0x7eff6ca02af0>,13,18,[ 4 10],14,27,45,13,25
1,<environment.Job instance at 0x7eff6ca02910>,10,12,[3 7],11,45,57,34,29
1,<environment.Job instance at 0x7eff6db612d0>,5,2,[1 5],6,57,59,51,38
1,<environment.Job instance at 0x7eff6ca02cd0>,16,16,[3 5],17,57,73,40,45
1,<environment.Job instance at 0x7eff6ca03410>,25,12,[ 5 10],26,73,85,47,56
1,<environment.Job instance at 0x7eff6ca03230>,24,18,[2 6],25,85,103,60,76
1,<environment.Job instance at 0x7eff6ca07500>,43,18,[5 5],44,103,121,59,92
1,<environment.Job instance at 0x7eff6ca07960>,49,16,[2 5],50,116,132,66,116
1,<environment.Job instance at 0x7eff6dbead70>,2,22,[4 8],3,132,154,129,130
1,<environment.Job instance at 0x7eff6ca07be0>,55,2,[ 3 10],56,154,156,98,143
1,<environment.Job instance at 0x7eff6ca07e10>,57,18,[2 8],58,156,174,98,145
1,<environment.Job instance at 0x7eff6ca02050>,1,13,[8 5],2,2,15,0,2
1,<environment.Job instance at 0x7eff6dcc85f0>,10,18,[10  3],11,15,33,4,15
1,<environment.Job instance at 0x7eff6dcd7780>,20,13,[10  5],21,33,46,12,22
1,<environment.Job instance at 0x7eff6dcd7d70>,25,14,[10  2],26,46,60,20,31
1,<environment.Job instance at 0x7eff6dcceb40>,41,18,[2 8],42,60,78,18,56
1,<environment.Job instance at 0x7eff6db88460>,46,14,[10  1],47,78,92,31,66
1,<environment.Job instance at 0x7eff6db88d20>,50,13,[7 4],51,92,105,41,77
1,<environment.Job instance at 0x7eff6dcd7b40>,21,14,[1 6],22,92,106,70,83
1,<environment.Job instance at 0x7eff6db88aa0>,56,19,[2 7],57,106,125,49,96
1,<environment.Job instance at 0x7eff6c92bdc0>,64,16,[7 5],65,125,141,60,113
1,<environment.Job instance at 0x7eff229fc460>,0,27,[ 5 10],1,16,43,15,16
1,<environment.Job instance at 0x7eff229dc280>,21,3,[1 6],22,43,46,21,25
1,<environment.Job instance at 0x7eff229dc460>,23,2,[5 5],24,46,48,22,27
1,<environment.Job instance at 0x7eff229dc1e0>,24,1,[7 4],25,43,44,18,27
1,<environment.Job instance at 0x7eff229dcaf0>,27,12,[5 8],28,48,60,20,31
1,<environment.Job instance at 0x7eff22a56320>,34,17,[7 2],35,60,77,25,48
1,<environment.Job instance at 0x7eff22a56690>,38,1,[2 6],39,60,61,21,52
1,<environment.Job instance at 0x7eff22a53d20>,39,17,[8 1],40,77,94,37,66
1,<environment.Job instance at 0x7eff22a532d0>,41,17,[2 6],42,66,83,24,66
1,<environment.Job instance at 0x7eff22a53820>,45,3,[2 5],46,84,87,38,84
1,<environment.Job instance at 0x7eff6dcd7dc0>,1,17,[7 5],2,94,111,92,85
1,<environment.Job instance at 0x7eff229dc960>,25,16,[10  4],26,111,127,85,98
1,<environment.Job instance at 0x7eff22a4b8c0>,58,14,[4 6],59,127,141,68,112
1,<environment.Job instance at 0x7eff22a1f870>,62,12,[5 5],63,141,153,78,124
1,<environment.Job instance at 0x7eff22a27460>,68,1,[2 8],69,153,154,84,134
1,<environment.Job instance at 0x7eff6dccd0a0>,1,14,[5 8],2,2,16,0,2
1,<environment.Job instance at 0x7eff22d99190>,5,18,[7 5],6,16,34,10,9
1,<environment.Job instance at 0x7eff22d994b0>,9,27,[ 5 10],10,38,65,28,38
1,<environment.Job instance at 0x7eff22ee8050>,29,14,[10  1],30,65,79,35,51
1,<environment.Job instance at 0x7eff22ee8f50>,35,15,[7 4],36,79,94,43,65
1,<environment.Job instance at 0x7eff22ee8d20>,32,18,[5 5],33,94,112,61,84
1,<environment.Job instance at 0x7eff6cc87be0>,45,2,[4 7],46,112,114,66,98
1,<environment.Job instance at 0x7eff22ef8e10>,38,21,[5 8],39,114,135,75,108
1,<environment.Job instance at 0x7eff22f108c0>,62,13,[4 8],63,135,148,72,131
1,<environment.Job instance at 0x7eff22f10190>,63,1,[6 2],64,135,136,71,135
1,<environment.Job instance at 0x7eff22f106e0>,64,2,[4 6],65,148,150,83,136
1,<environment.Job instance at 0x7eff6cc875f0>,0,28,[5 6],1,1,29,0,1
1,<environment.Job instance at 0x7eff22b137d0>,5,23,[5 3],6,11,34,5,11
1,<environment.Job instance at 0x7eff22e44c80>,16,15,[9 5],17,34,49,17,20
1,<environment.Job instance at 0x7eff22b13910>,7,16,[ 5 10],8,49,65,41,42
1,<environment.Job instance at 0x7eff2295c410>,22,17,[4 5],23,65,82,42,53
1,<environment.Job instance at 0x7eff22f107d0>,4,17,[6 5],5,65,82,60,56
1,<environment.Job instance at 0x7eff2295c730>,27,18,[10  5],28,82,100,54,71
1,<environment.Job instance at 0x7eff2295ca00>,33,15,[7 2],34,100,115,66,87
1,<environment.Job instance at 0x7eff2295ce60>,43,15,[10  4],44,115,130,71,101
1,<environment.Job instance at 0x7eff2295e320>,48,14,[8 3],49,130,144,81,118
1,<environment.Job instance at 0x7eff2295ebe0>,57,15,[ 5 10],58,144,159,86,131
1,<environment.Job instance at 0x7eff2295ee60>,1,18,[3 7],2,2,20,0,2
1,<environment.Job instance at 0x7eff6c9df320>,7,16,[5 8],8,20,36,12,13
1,<environment.Job instance at 0x7eff6c9dfd20>,16,12,[9 4],17,36,48,19,19
1,<environment.Job instance at 0x7eff2295ef50>,4,22,[9 5],5,56,78,51,56
1,<environment.Job instance at 0x7eff6d0f3190>,28,17,[1 6],29,78,95,49,66
1,<environment.Job instance at 0x7eff6d0f3550>,26,12,[6 4],27,78,90,51,78
1,<environment.Job instance at 0x7eff6c7d45a0>,39,3,[2 6],40,95,98,55,83
1,<environment.Job instance at 0x7eff6c7d40f0>,40,13,[6 4],41,90,103,49,84
1,<environment.Job instance at 0x7eff6d0bbd20>,36,3,[9 2],37,103,106,66,84
1,<environment.Job instance at 0x7eff6c7d4b40>,47,17,[7 4],48,106,123,58,94
1,<environment.Job instance at 0x7eff6c7d4e10>,51,16,[5 3],52,123,139,71,110
1,<environment.Job instance at 0x7eff6cf0b140>,62,2,[4 5],63,123,125,60,117
1,<environment.Job instance at 0x7eff6d725280>,63,14,[5 5],64,125,139,61,117
1,<environment.Job instance at 0x7eff6c7c8550>,1,16,[6 5],2,2,18,0,2
1,<environment.Job instance at 0x7eff6d0ee6e0>,3,1,[5 5],4,18,19,14,4
1,<environment.Job instance at 0x7eff6d8e8dc0>,7,18,[9 4],8,19,37,11,9
1,<environment.Job instance at 0x7eff6d0b9550>,21,14,[6 1],22,37,51,15,27
1,<environment.Job instance at 0x7eff6d215b90>,26,14,[7 5],27,51,65,24,36
1,<environment.Job instance at 0x7eff22a6e820>,24,17,[3 7],25,65,82,40,54
1,<environment.Job instance at 0x7eff6d4967d0>,34,16,[7 5],35,82,98,47,69
1,<environment.Job instance at 0x7eff22d680f0>,45,20,[10  3],46,98,118,52,91
1,<environment.Job instance at 0x7eff6d4cc2d0>,57,23,[6 1],58,118,141,60,112
1,<environment.Job instance at 0x7eff6ca59190>,29,18,[2 9],30,121,139,91,121
1,<environment.Job instance at 0x7eff22f75320>,67,17,[5 5],68,141,158,73,129
1,<environment.Job instance at 0x7eff6c85f690>,0,18,[3 6],1,1,19,0,1
1,<environment.Job instance at 0x7eff2295e190>,4,12,[10  3],5,19,31,14,5
1,<environment.Job instance at 0x7eff6da8d640>,15,15,[1 6],16,31,46,15,18
1,<environment.Job instance at 0x7eff22984c30>,26,12,[5 6],27,46,58,19,35
1,<environment.Job instance at 0x7eff22984410>,16,2,[ 2 10],17,58,60,41,43
1,<environment.Job instance at 0x7eff22962280>,32,16,[5 3],33,60,76,27,48
1,<environment.Job instance at 0x7eff229628c0>,39,16,[6 2],40,76,92,36,64
1,<environment.Job instance at 0x7eff22962910>,41,12,[2 5],42,64,76,22,64
1,<environment.Job instance at 0x7eff22962a50>,43,14,[1 6],44,79,93,35,79
1,<environment.Job instance at 0x7eff22962eb0>,47,2,[2 6],48,93,95,45,87
1,<environment.Job instance at 0x7eff22962fa0>,48,13,[5 7],49,95,108,46,87
1,<environment.Job instance at 0x7eff6d6305f0>,9,12,[4 8],10,108,120,98,99
1,<environment.Job instance at 0x7eff6c966370>,10,14,[1 9],11,120,134,109,110
1,<environment.Job instance at 0x7eff2295a050>,52,14,[6 1],53,123,137,70,123
1,<environment.Job instance at 0x7eff2295a730>,57,15,[7 2],58,137,152,79,125
1,<environment.Job instance at 0x7eff2295a9b0>,62,18,[3 6],63,134,152,71,125
1,<environment.Job instance at 0x7eff22984f00>,3,12,[5 8],4,4,16,0,4
1,<environment.Job instance at 0x7eff6ca53f50>,7,13,[5 5],8,16,29,8,8
1,<environment.Job instance at 0x7eff6ca53780>,11,12,[4 5],12,20,32,8,20
1,<environment.Job instance at 0x7eff6cbb6690>,16,16,[ 5 10],17,32,48,15,20
1,<environment.Job instance at 0x7eff6db845a0>,25,15,[5 1],26,48,63,22,45
1,<environment.Job instance at 0x7eff22d51af0>,36,20,[4 9],37,48,68,11,46
1,<environment.Job instance at 0x7eff22d51be0>,35,13,[5 1],36,63,76,27,49
1,<environment.Job instance at 0x7eff22d28730>,44,14,[10  4],45,76,90,31,65
1,<environment.Job instance at 0x7eff6cb92c80>,51,16,[5 7],52,95,111,43,95
1,<environment.Job instance at 0x7eff6cb92870>,52,19,[4 7],53,111,130,58,101
1,<environment.Job instance at 0x7eff22dec780>,22,20,[5 2],23,108,128,85,108
1,<environment.Job instance at 0x7eff22f60a00>,23,14,[1 8],24,130,144,106,126
1,<environment.Job instance at 0x7eff6c8f65f0>,63,18,[10  5],64,144,162,80,139
1,<environment.Job instance at 0x7eff6d4f1190>,0,2,[2 6],1,1,3,0,1
1,<environment.Job instance at 0x7eff6d6bb820>,2,2,[2 8],3,3,5,0,3
1,<environment.Job instance at 0x7eff6c871cd0>,4,26,[7 4],5,9,35,4,9
1,<environment.Job instance at 0x7eff230e24b0>,21,16,[8 1],22,35,51,13,22
1,<environment.Job instance at 0x7eff230ab7d0>,30,17,[2 8],31,36,53,5,36
1,<environment.Job instance at 0x7eff230ab4b0>,33,13,[5 1],34,51,64,17,36
1,<environment.Job instance at 0x7eff230ab730>,32,12,[10  3],33,64,76,31,48
1,<environment.Job instance at 0x7eff6d18a820>,38,16,[10  3],39,76,92,37,64
1,<environment.Job instance at 0x7eff6d0b9a50>,49,3,[8 1],50,92,95,42,77
1,<environment.Job instance at 0x7eff6d0b9af0>,50,2,[2 7],51,92,94,41,77
1,<environment.Job instance at 0x7eff6cae03c0>,51,12,[1 7],52,94,106,42,77
1,<environment.Job instance at 0x7eff6d0b9230>,42,22,[6 2],43,95,117,52,89
1,<environment.Job instance at 0x7eff6dccbbe0>,64,20,[5 9],65,117,137,52,116
1,<environment.Job instance at 0x7eff6cb13e10>,61,16,[ 2 10],62,137,153,75,127
1,<environment.Job instance at 0x7eff6ceb52d0>,0,17,[4 8],1,1,18,0,1
1,<environment.Job instance at 0x7eff6d4f1640>,9,18,[5 5],10,18,36,8,10
1,<environment.Job instance at 0x7eff229a4370>,12,28,[5 1],13,25,53,12,25
1,<environment.Job instance at 0x7eff6c81a640>,16,17,[3 7],17,36,53,19,27
1,<environment.Job instance at 0x7eff6c81ac80>,24,23,[2 9],25,53,76,28,47
1,<environment.Job instance at 0x7eff6c808550>,32,16,[9 2],33,76,92,43,63
1,<environment.Job instance at 0x7eff6c808cd0>,40,28,[1 5],41,78,106,37,78
1,<environment.Job instance at 0x7eff6c821280>,48,18,[5 5],49,92,110,43,82
1,<environment.Job instance at 0x7eff6c821820>,58,14,[9 3],59,110,124,51,95
1,<environment.Job instance at 0x7eff6c821d20>,62,18,[7 2],63,124,142,61,113
1,<environment.Job instance at 0x7eff6c7f4370>,71,2,[5 2],72,142,144,70,125
1,<environment.Job instance at 0x7eff6c7f41e0>,72,13,[1 7],73,125,138,52,125
1,<environment.Job instance at 0x7eff6c7f42d0>,73,15,[3 5],74,138,153,64,125
1,<environment.Job instance at 0x7eff6d1f7230>,0,16,[10  3],1,1,17,0,1
1,<environment.Job instance at 0x7eff6d2a6460>,9,13,[4 9],10,17,30,7,10
1,<environment.Job instance at 0x7eff6c98dcd0>,13,14,[4 9],14,30,44,16,16
1,<environment.Job instance at 0x7eff6c98d690>,15,13,[ 3 10],16,44,57,28,37
1,<environment.Job instance at 0x7eff6cb13280>,28,16,[7 1],29,57,73,28,44
1,<environment.Job instance at 0x7eff6cb13c30>,22,2,[ 3 10],23,73,75,50,48
1,<environment.Job instance at 0x7eff6cb13eb0>,32,1,[7 3],33,75,76,42,69
1,<environment.Job instance at 0x7eff6cb13870>,34,13,[7 1],35,76,89,41,69
1,<environment.Job instance at 0x7eff23003730>,12,17,[3 8],13,76,93,63,70
1,<environment.Job instance at 0x7eff6dccbaa0>,21,17,[5 4],22,93,110,71,81
1,<environment.Job instance at 0x7eff6cf4c5f0>,43,17,[10  3],44,110,127,66,98
1,<environment.Job instance at 0x7eff22ef8960>,50,1,[7 3],51,127,128,76,101
1,<environment.Job instance at 0x7eff229a4320>,54,15,[4 8],55,128,143,73,115
1,<environment.Job instance at 0x7eff6d0b9fa0>,62,13,[2 6],63,143,156,80,130
1,<environment.Job instance at 0x7eff22a86640>,1,16,[1 7],2,2,18,0,2
1,<environment.Job instance at 0x7eff6d75e5f0>,8,12,[7 2],9,10,22,1,10
1,<environment.Job instance at 0x7eff2290f230>,6,12,[3 9],7,22,34,15,12
1,<environment.Job instance at 0x7eff6dccb5f0>,17,18,[1 8],18,34,52,16,27
1,<environment.Job instance at 0x7eff6cac0dc0>,19,1,[10  2],20,52,53,32,30
1,<environment.Job instance at 0x7eff6cac06e0>,22,1,[1 9],23,53,54,30,32
1,<environment.Job instance at 0x7eff6cac0500>,23,17,[6 1],24,32,49,8,32
1,<environment.Job instance at 0x7eff6cac0c80>,21,3,[10  1],22,54,57,32,35
1,<environment.Job instance at 0x7eff6d75e7d0>,7,14,[5 6],8,57,71,49,51
1,<environment.Job instance at 0x7eff6d75e910>,9,18,[5 3],10,57,75,47,53
1,<environment.Job instance at 0x7eff6cac0d20>,30,13,[4 7],31,71,84,40,58
1,<environment.Job instance at 0x7eff6c7710f0>,41,12,[8 5],42,84,96,42,74
1,<environment.Job instance at 0x7eff6c7715f0>,42,17,[ 5 10],43,96,113,53,84
1,<environment.Job instance at 0x7eff22b55aa0>,48,15,[8 2],49,113,128,64,99
1,<environment.Job instance at 0x7eff6d75e2d0>,14,14,[ 3 10],15,128,142,113,113
1,<environment.Job instance at 0x7eff6cabe820>,60,18,[6 1],61,142,160,81,134
1,<environment.Job instance at 0x7eff6cabe0a0>,64,18,[2 5],65,142,160,77,135
1,<environment.Job instance at 0x7eff2290f190>,2,2,[7 5],3,3,5,0,3
1,<environment.Job instance at 0x7eff6c9b1280>,5,2,[4 7],6,6,8,0,6
1,<environment.Job instance at 0x7eff22a49cd0>,7,17,[10  4],8,8,25,0,8
1,<environment.Job instance at 0x7eff6d388b40>,17,13,[5 5],18,25,38,7,18
1,<environment.Job instance at 0x7eff6d379d70>,28,15,[5 3],29,29,44,0,29
1,<environment.Job instance at 0x7eff6c8327d0>,29,15,[4 9],30,44,59,14,31
1,<environment.Job instance at 0x7eff6d3a98c0>,37,18,[10  3],38,59,77,21,50
1,<environment.Job instance at 0x7eff6cabaaa0>,44,24,[4 8],45,77,101,32,74
1,<environment.Job instance at 0x7eff6d379eb0>,22,14,[9 2],23,101,115,78,88
1,<environment.Job instance at 0x7eff6d489960>,47,18,[3 6],48,115,133,67,110
1,<environment.Job instance at 0x7eff6cd33690>,57,2,[2 5],58,133,135,75,119
1,<environment.Job instance at 0x7eff6cd33320>,58,14,[ 1 10],59,135,149,76,124
1,<environment.Job instance at 0x7eff6cfde050>,63,13,[ 4 10],64,149,162,85,135
1,<environment.Job instance at 0x7eff6cfde7d0>,64,2,[3 9],65,162,164,97,135
1,<environment.Job instance at 0x7eff22be8960>,0,14,[5 6],1,1,15,0,1
1,<environment.Job instance at 0x7eff6d372b90>,11,18,[4 5],12,15,33,3,12
1,<environment.Job instance at 0x7eff6cd56b40>,12,13,[5 5],13,15,28,2,15
1,<environment.Job instance at 0x7eff22801190>,17,2,[2 8],18,33,35,15,20
1,<environment.Job instance at 0x7eff22a86d20>,9,17,[2 5],10,35,52,25,24
1,<environment.Job instance at 0x7eff6c7cd0a0>,19,18,[6 5],20,36,54,16,36
1,<environment.Job instance at 0x7eff228a05f0>,32,17,[4 8],33,54,71,21,48
1,<environment.Job instance at 0x7eff6c85e4b0>,47,18,[3 8],48,75,93,27,75
1,<environment.Job instance at 0x7eff22f9cbe0>,51,17,[9 5],52,93,110,41,81
1,<environment.Job instance at 0x7eff6d735dc0>,55,16,[ 4 10],56,110,126,54,103
1,<environment.Job instance at 0x7eff6d11c320>,67,12,[6 5],68,126,138,58,121
1,<environment.Job instance at 0x7eff22795aa0>,0,2,[1 7],1,1,3,0,1
1,<environment.Job instance at 0x7eff6c85e0a0>,1,21,[2 7],2,3,24,1,2
1,<environment.Job instance at 0x7eff6d02fe60>,6,12,[ 4 10],7,24,36,17,7
1,<environment.Job instance at 0x7eff226e0870>,10,1,[5 9],11,36,37,25,11
1,<environment.Job instance at 0x7eff226e0cd0>,11,1,[2 5],12,37,38,25,12
1,<environment.Job instance at 0x7eff226e02d0>,14,12,[7 2],15,37,49,22,20
1,<environment.Job instance at 0x7eff226e0d70>,19,1,[7 1],20,49,50,29,29
1,<environment.Job instance at 0x7eff22a86780>,4,13,[2 8],5,38,51,33,35
1,<environment.Job instance at 0x7eff226e35f0>,20,16,[5 1],21,50,66,29,39
1,<environment.Job instance at 0x7eff226e33c0>,26,19,[4 6],27,51,70,24,41
1,<environment.Job instance at 0x7eff226e3690>,33,21,[5 5],34,70,91,36,63
1,<environment.Job instance at 0x7eff22745960>,41,12,[7 5],42,91,103,49,77
1,<environment.Job instance at 0x7eff22745b90>,45,17,[10  2],46,103,120,57,92
1,<environment.Job instance at 0x7eff226e7c80>,55,13,[6 4],56,120,133,64,105
1,<environment.Job instance at 0x7eff226e7460>,56,16,[4 8],57,133,149,76,120
1,<environment.Job instance at 0x7eff226e7230>,60,18,[7 4],61,149,167,88,138
1,<environment.Job instance at 0x7eff6cde27d0>,0,3,[4 8],1,1,4,0,1
1,<environment.Job instance at 0x7eff6d4cc050>,3,19,[5 5],4,4,23,0,4
1,<environment.Job instance at 0x7eff6ceac460>,8,15,[4 7],9,23,38,14,9
1,<environment.Job instance at 0x7eff22c451e0>,14,14,[9 2],15,38,52,23,23
1,<environment.Job instance at 0x7eff22a6c960>,11,14,[5 4],12,52,66,40,39
1,<environment.Job instance at 0x7eff22c25c80>,28,3,[7 4],29,66,69,37,59
1,<environment.Job instance at 0x7eff22c25b90>,29,18,[7 3],30,69,87,39,59
1,<environment.Job instance at 0x7eff22c45d70>,17,15,[3 7],18,69,84,51,59
1,<environment.Job instance at 0x7eff22c26500>,34,13,[5 9],35,87,100,52,74
1,<environment.Job instance at 0x7eff6c9497d0>,40,13,[5 2],41,100,113,59,85
1,<environment.Job instance at 0x7eff23049730>,46,17,[9 2],47,113,130,66,102
1,<environment.Job instance at 0x7eff22c378c0>,52,14,[5 8],53,130,144,77,117
1,<environment.Job instance at 0x7eff6c92e5a0>,59,17,[2 7],60,144,161,84,133
1,<environment.Job instance at 0x7eff6cd6c9b0>,63,14,[7 3],64,144,158,80,136
1,<environment.Job instance at 0x7eff6cd6ca00>,0,18,[ 4 10],1,1,19,0,1
1,<environment.Job instance at 0x7eff6ca58410>,9,12,[2 8],10,19,31,9,10
1,<environment.Job instance at 0x7eff6ca58f00>,15,15,[5 2],16,19,34,3,16
1,<environment.Job instance at 0x7eff6dcdc730>,18,3,[10  1],19,34,37,15,20
1,<environment.Job instance at 0x7eff6dcdc9b0>,19,1,[3 8],20,31,32,11,21
1,<environment.Job instance at 0x7eff6cc86050>,16,16,[ 1 10],17,37,53,20,24
1,<environment.Job instance at 0x7eff6d6de730>,26,15,[6 2],27,53,68,26,39
1,<environment.Job instance at 0x7eff6c81b370>,29,1,[3 7],30,53,54,23,39
1,<environment.Job instance at 0x7eff6c7cd460>,30,2,[1 7],31,54,56,23,39
1,<environment.Job instance at 0x7eff6c7cdb90>,31,12,[3 5],32,56,68,24,39
1,<environment.Job instance at 0x7eff6da8d190>,20,16,[6 1],21,68,84,47,59
1,<environment.Job instance at 0x7eff6c8afbe0>,37,18,[3 8],38,68,86,30,59
1,<environment.Job instance at 0x7eff22990be0>,44,13,[2 9],45,94,107,49,94
1,<environment.Job instance at 0x7eff229905a0>,45,28,[1 7],46,107,135,61,106
1,<environment.Job instance at 0x7eff6cc6d370>,51,18,[5 5],52,135,153,83,124
1,<environment.Job instance at 0x7eff2c3fef50>,53,18,[5 4],54,135,153,81,126
1,<environment.Job instance at 0x7eff6ca7a0f0>,56,18,[3 7],57,153,171,96,142
1,<environment.Job instance at 0x7eff22769a00>,2,3,[8 5],3,3,6,0,3
1,<environment.Job instance at 0x7eff6d06eaa0>,5,14,[1 8],6,6,20,0,6
1,<environment.Job instance at 0x7eff6d58b2d0>,8,3,[2 7],9,20,23,11,10
1,<environment.Job instance at 0x7eff6d022370>,13,12,[10  4],14,23,35,9,14
1,<environment.Job instance at 0x7eff6d022c30>,14,17,[4 7],15,35,52,20,23
1,<environment.Job instance at 0x7eff6d022460>,23,14,[2 9],24,52,66,28,38
1,<environment.Job instance at 0x7eff227d3780>,36,19,[4 8],37,66,85,29,56
1,<environment.Job instance at 0x7eff6cdaaa00>,46,27,[6 1],47,67,94,20,67
1,<environment.Job instance at 0x7eff6cdaa460>,50,16,[6 5],51,94,110,43,81
1,<environment.Job instance at 0x7eff6cdaaaf0>,56,13,[1 5],57,93,106,36,93
1,<environment.Job instance at 0x7eff6cdaa410>,58,15,[5 6],59,110,125,51,96
1,<environment.Job instance at 0x7eff227d3fa0>,27,15,[2 8],28,125,140,97,117
1,<environment.Job instance at 0x7eff227cab40>,69,13,[2 5],70,140,153,70,131
1,<environment.Job instance at 0x7eff23071640>,1,1,[2 7],2,2,3,0,2
1,<environment.Job instance at 0x7eff6ca53960>,2,1,[2 8],3,3,4,0,3
1,<environment.Job instance at 0x7eff227ca690>,3,3,[4 8],4,4,7,0,4
1,<environment.Job instance at 0x7eff6c9aa9b0>,4,14,[7 3],5,7,21,2,6
1,<environment.Job instance at 0x7eff6c9aa5f0>,6,24,[1 8],7,22,46,15,22
1,<environment.Job instance at 0x7eff22c14870>,18,1,[5 3],19,46,47,27,22
1,<environment.Job instance at 0x7eff6cbee780>,16,15,[4 6],17,46,61,29,34
1,<environment.Job instance at 0x7eff6cbb8a00>,28,18,[5 7],29,61,79,32,52
1,<environment.Job instance at 0x7eff6d155050>,33,16,[ 2 10],34,79,95,45,79
1,<environment.Job instance at 0x7eff22974aa0>,41,13,[7 1],42,97,110,55,97
1,<environment.Job instance at 0x7eff22974af0>,42,2,[3 5],43,97,99,54,97
1,<environment.Job instance at 0x7eff23069d70>,43,13,[8 3],44,110,123,66,97
1,<environment.Job instance at 0x7eff6c9b4be0>,40,12,[5 4],41,123,135,82,115
1,<environment.Job instance at 0x7eff23069eb0>,52,16,[7 3],53,135,151,82,131
1,<environment.Job instance at 0x7eff230696e0>,53,12,[1 6],54,131,143,77,131
1,<environment.Job instance at 0x7eff2306d500>,57,1,[5 9],58,151,152,93,134
1,<environment.Job instance at 0x7eff2306d640>,58,12,[2 6],59,152,164,93,135
1,<environment.Job instance at 0x7f750ad3b280>,4,14,[1 6],5,5,19,0,5
1,<environment.Job instance at 0x7f750ad3b690>,8,13,[5 5],9,19,32,10,9
1,<environment.Job instance at 0x7f750ad3b910>,10,12,[3 7],11,32,44,21,17
1,<environment.Job instance at 0x7f750ad3bd70>,16,16,[3 5],17,44,60,27,31
1,<environment.Job instance at 0x7f750ad3be60>,19,14,[3 5],20,44,58,24,31
1,<environment.Job instance at 0x7f750ad3d0f0>,23,27,[1 6],24,60,87,36,58
1,<environment.Job instance at 0x7f750ad3d640>,30,14,[5 2],31,58,72,27,58
1,<environment.Job instance at 0x7f750ad3d320>,27,15,[8 4],28,72,87,44,72
1,<environment.Job instance at 0x7f750ad40230>,37,2,[2 6],38,87,89,49,75
1,<environment.Job instance at 0x7f750ad40320>,40,15,[10  3],41,89,104,48,76
1,<environment.Job instance at 0x7f750ad40a00>,48,15,[10  1],49,105,120,56,105
1,<environment.Job instance at 0x7f750bede4b0>,2,22,[4 8],3,120,142,117,120
1,<environment.Job instance at 0x7f750ad40c30>,56,17,[8 5],57,142,159,85,133
1,<environment.Job instance at 0x7f750ad3b050>,1,17,[10  2],2,2,19,0,2
1,<environment.Job instance at 0x7f750bec2e60>,9,2,[9 4],10,19,21,9,10
1,<environment.Job instance at 0x7f750bec21e0>,10,13,[10  5],11,21,34,10,12
1,<environment.Job instance at 0x7f750c003640>,16,3,[2 8],17,34,37,17,18
1,<environment.Job instance at 0x7f750c0099b0>,24,16,[7 2],25,34,50,9,25
1,<environment.Job instance at 0x7f750c003960>,17,1,[2 8],18,37,38,19,27
1,<environment.Job instance at 0x7f750c010500>,27,3,[1 5],28,38,41,10,29
1,<environment.Job instance at 0x7f750c010320>,31,18,[2 8],32,41,59,9,32
1,<environment.Job instance at 0x7f750c0036e0>,28,1,[10  5],29,59,60,30,40
1,<environment.Job instance at 0x7f750c007960>,35,1,[3 8],36,60,61,24,47
1,<environment.Job instance at 0x7f750bec2eb0>,13,14,[7 5],14,61,75,47,47
1,<environment.Job instance at 0x7f750c003500>,15,14,[10  2],16,75,89,59,62
1,<environment.Job instance at 0x7f750c00e370>,48,18,[6 3],49,89,107,40,78
1,<environment.Job instance at 0x7f750c00e780>,46,19,[2 7],47,93,112,46,93
1,<environment.Job instance at 0x7f750c015d70>,59,3,[5 1],60,107,110,47,98
1,<environment.Job instance at 0x7f750c00be10>,54,16,[7 5],55,112,128,57,107
1,<environment.Job instance at 0x7f750bec2cd0>,11,14,[1 6],12,128,142,116,114
1,<environment.Job instance at 0x7f750c00d960>,68,18,[4 5],69,142,160,73,131
1,<environment.Job instance at 0x7f750c00dd70>,1,3,[1 6],2,2,5,0,2
1,<environment.Job instance at 0x7f74c0d847d0>,4,1,[7 4],5,5,6,0,5
1,<environment.Job instance at 0x7f74c0d84a50>,5,16,[10  4],6,6,22,0,6
1,<environment.Job instance at 0x7f74c0d6bb40>,14,17,[7 2],15,22,39,7,15
1,<environment.Job instance at 0x7f74c0d843c0>,11,3,[9 4],12,39,42,27,24
1,<environment.Job instance at 0x7f74c0d6bb90>,21,17,[2 6],22,42,59,20,34
1,<environment.Job instance at 0x7f74c0e915a0>,31,3,[7 3],32,46,49,14,46
1,<environment.Job instance at 0x7f74c0d6b7d0>,22,19,[8 2],23,49,68,26,46
1,<environment.Job instance at 0x7f74c0e91b90>,35,13,[ 1 10],36,68,81,32,52
1,<environment.Job instance at 0x7f74c0e91cd0>,38,14,[4 6],39,81,95,42,66
1,<environment.Job instance at 0x7f74c0e91460>,45,14,[7 4],46,95,109,49,80
1,<environment.Job instance at 0x7f74c0e91780>,30,18,[3 5],31,95,113,64,90
1,<environment.Job instance at 0x7f74c0e8e320>,55,12,[ 1 10],56,113,125,57,96
1,<environment.Job instance at 0x7f74c0e74370>,68,15,[8 5],69,125,140,56,121
1,<environment.Job instance at 0x7f74c0e742d0>,69,27,[1 5],70,127,154,57,127
1,<environment.Job instance at 0x7f74c0e74a00>,74,3,[6 1],75,140,143,65,128
1,<environment.Job instance at 0x7f74c0e91f00>,0,15,[1 6],1,1,16,0,1
1,<environment.Job instance at 0x7f74c0de5a50>,4,12,[8 4],5,5,17,0,5
1,<environment.Job instance at 0x7f74c0de5190>,6,3,[8 1],7,17,20,10,11
1,<environment.Job instance at 0x7f74c11f0b90>,10,12,[8 1],11,20,32,9,12
1,<environment.Job instance at 0x7f74c11f0c80>,11,28,[2 8],12,21,49,9,21
1,<environment.Job instance at 0x7f74c0dd9f00>,9,17,[7 2],10,32,49,22,28
1,<environment.Job instance at 0x7f74c11d3cd0>,31,13,[1 7],32,49,62,17,41
1,<environment.Job instance at 0x7f74c10d4dc0>,33,1,[6 2],34,49,50,15,45
1,<environment.Job instance at 0x7f74c10d4320>,36,12,[7 1],37,50,62,13,48
1,<environment.Job instance at 0x7f74c10d4410>,32,13,[4 8],33,62,75,29,50
1,<environment.Job instance at 0x7f74c10d4af0>,39,3,[5 1],40,62,65,22,61
1,<environment.Job instance at 0x7f74c11a69b0>,40,14,[6 4],41,75,89,34,64
1,<environment.Job instance at 0x7f74c0e93960>,48,17,[5 5],49,89,106,40,85
1,<environment.Job instance at 0x7f74c0e93b40>,50,15,[9 4],51,106,121,55,97
1,<environment.Job instance at 0x7f74c0d884b0>,61,2,[5 1],62,99,101,37,99
1,<environment.Job instance at 0x7f74c0d880f0>,66,21,[6 5],67,121,142,54,115
1,<environment.Job instance at 0x7f74c10d6050>,70,15,[4 5],71,121,136,50,118
1,<environment.Job instance at 0x7f74c10d6870>,69,17,[5 9],70,142,159,72,130
1,<environment.Job instance at 0x7f74c11d3a50>,0,1,[5 4],1,1,2,0,1
1,<environment.Job instance at 0x7f74c10d6190>,1,18,[4 8],2,2,20,0,2
1,<environment.Job instance at 0x7f750b0a1dc0>,7,2,[6 4],8,20,22,12,8
1,<environment.Job instance at 0x7f750b1e0af0>,9,14,[9 5],10,22,36,12,10
1,<environment.Job instance at 0x7f74c0c943c0>,18,17,[5 7],19,36,53,17,24
1,<environment.Job instance at 0x7f750b27f6e0>,13,18,[ 4 10],14,53,71,39,42
1,<environment.Job instance at 0x7f74c0c94f50>,31,13,[2 8],32,71,84,39,55
1,<environment.Job instance at 0x7f74c0c975a0>,37,14,[5 5],38,84,98,46,69
1,<environment.Job instance at 0x7f74c0c97550>,39,12,[5 7],40,98,110,58,81
1,<environment.Job instance at 0x7f74c0c977d0>,47,16,[1 5],48,110,126,62,102
1,<environment.Job instance at 0x7f74c0c972d0>,34,20,[9 5],35,110,130,75,104
1,<environment.Job instance at 0x7f74c0c97b40>,53,13,[6 5],54,130,143,76,114
1,<environment.Job instance at 0x7f74c0c995f0>,60,16,[2 8],61,143,159,82,132
1,<environment.Job instance at 0x7f74c0c9d730>,0,1,[4 5],1,1,2,0,1
1,<environment.Job instance at 0x7f74c0e9f910>,1,16,[5 3],2,2,18,0,2
1,<environment.Job instance at 0x7f750ae90140>,21,12,[6 3],22,22,34,0,22
1,<environment.Job instance at 0x7f750ae90550>,23,15,[4 8],24,34,49,10,25
1,<environment.Job instance at 0x7f750ae90640>,26,13,[9 5],27,49,62,22,41
1,<environment.Job instance at 0x7f750ae904b0>,20,27,[7 4],21,62,89,41,62
1,<environment.Job instance at 0x7f750ae70c80>,43,13,[3 7],44,89,102,45,88
1,<environment.Job instance at 0x7f74c0d88d70>,47,16,[7 2],48,89,105,41,89
1,<environment.Job instance at 0x7f74c0d88f00>,52,14,[9 3],53,105,119,52,93
1,<environment.Job instance at 0x7f750ae70b90>,42,16,[1 7],43,102,118,59,97
1,<environment.Job instance at 0x7f74c0d88050>,58,15,[7 1],59,119,134,60,108
1,<environment.Job instance at 0x7f74c0d844b0>,65,17,[10  3],66,134,151,68,125
1,<environment.Job instance at 0x7f74c0d84460>,1,14,[1 5],2,2,16,0,2
1,<environment.Job instance at 0x7f750adf4280>,6,18,[ 2 10],7,16,34,9,7
1,<environment.Job instance at 0x7f750b4553c0>,16,13,[5 9],17,34,47,17,18
1,<environment.Job instance at 0x7f750b0bee10>,18,26,[4 9],19,47,73,28,46
1,<environment.Job instance at 0x7f74c120a910>,40,17,[10  1],41,79,96,38,79
1,<environment.Job instance at 0x7f750b867c30>,17,27,[2 9],18,96,123,78,94
1,<environment.Job instance at 0x7f750abed280>,49,16,[5 6],50,123,139,73,110
1,<environment.Job instance at 0x7f74c11c3d20>,20,18,[5 4],21,125,143,104,125
1,<environment.Job instance at 0x7f750ad92b90>,55,14,[ 3 10],56,143,157,87,129
1,<environment.Job instance at 0x7f750b4add70>,4,17,[10  3],5,5,22,0,5
1,<environment.Job instance at 0x7f750ae4c730>,2,15,[ 2 10],3,22,37,19,10
1,<environment.Job instance at 0x7f74c1339960>,17,2,[5 5],18,37,39,19,23
1,<environment.Job instance at 0x7f74c1339d20>,20,3,[5 7],21,39,42,18,26
1,<environment.Job instance at 0x7f74c1339cd0>,21,3,[7 4],22,42,45,20,26
1,<environment.Job instance at 0x7f74c1339e60>,22,3,[1 5],23,42,45,19,33
1,<environment.Job instance at 0x7f74c1339fa0>,23,2,[5 6],24,45,47,21,33
1,<environment.Job instance at 0x7f74c1339eb0>,24,1,[2 5],25,47,48,22,39
1,<environment.Job instance at 0x7f750b86d820>,8,27,[5 1],9,45,72,36,44
1,<environment.Job instance at 0x7f74c132f4b0>,30,17,[5 9],31,53,70,22,53
1,<environment.Job instance at 0x7f74c132f690>,35,14,[6 1],36,72,86,36,57
1,<environment.Job instance at 0x7f74c132f5a0>,36,16,[3 8],37,70,86,33,58
1,<environment.Job instance at 0x7f74c132f910>,37,18,[ 5 10],38,86,104,48,75
1,<environment.Job instance at 0x7f74c131e550>,51,14,[4 9],52,104,118,52,89
1,<environment.Job instance at 0x7f74c132f550>,31,17,[9 4],32,118,135,86,107
1,<environment.Job instance at 0x7f74c131ef00>,64,14,[7 4],65,135,149,70,129
1,<environment.Job instance at 0x7f74c131efa0>,65,14,[5 9],66,149,163,83,134
1,<environment.Job instance at 0x7f74c1329190>,1,1,[5 1],2,2,3,0,2
1,<environment.Job instance at 0x7f750add6910>,2,2,[5 7],3,3,5,0,3
1,<environment.Job instance at 0x7f750add6460>,4,13,[10  5],5,5,18,0,5
1,<environment.Job instance at 0x7f750aafa230>,11,16,[2 6],12,18,34,6,12
1,<environment.Job instance at 0x7f750aafa870>,12,17,[8 1],13,18,35,5,13
1,<environment.Job instance at 0x7f750aaa9960>,9,17,[8 4],10,35,52,25,30
1,<environment.Job instance at 0x7f74c0d49640>,29,15,[8 4],30,57,72,27,57
1,<environment.Job instance at 0x7f74c0fa5460>,31,12,[5 1],32,72,84,40,57
1,<environment.Job instance at 0x7f74c13680f0>,34,16,[5 3],35,72,88,37,59
1,<environment.Job instance at 0x7f74c0d39460>,42,18,[7 3],43,88,106,45,77
1,<environment.Job instance at 0x7f74c115a230>,49,23,[5 5],50,106,129,56,101
1,<environment.Job instance at 0x7f750b104820>,52,12,[5 4],53,106,118,53,103
1,<environment.Job instance at 0x7f74c11f06e0>,23,18,[1 8],24,129,147,105,123
1,<environment.Job instance at 0x7f750b6cfdc0>,67,14,[9 3],68,147,161,79,133
1,<environment.Job instance at 0x7f74c1131aa0>,1,12,[7 5],2,2,14,0,2
1,<environment.Job instance at 0x7f750b6d0820>,8,13,[5 9],9,14,27,5,12
1,<environment.Job instance at 0x7f750afe1a00>,13,1,[6 3],14,27,28,13,14
1,<environment.Job instance at 0x7f750b02ad70>,3,2,[9 4],4,28,30,24,15
1,<environment.Job instance at 0x7f750ab3a230>,16,12,[9 1],17,30,42,13,17
1,<environment.Job instance at 0x7f750ab3a050>,20,12,[3 8],21,42,54,21,25
1,<environment.Job instance at 0x7f750accff50>,27,16,[2 6],28,54,70,26,41
1,<environment.Job instance at 0x7f750abe8190>,32,18,[9 5],33,70,88,37,65
1,<environment.Job instance at 0x7f750ab06230>,30,17,[6 4],31,88,105,57,84
1,<environment.Job instance at 0x7f74c122bd20>,41,16,[8 5],42,105,121,63,92
1,<environment.Job instance at 0x7f750b527a50>,35,15,[9 5],36,121,136,85,107
1,<environment.Job instance at 0x7f750b455910>,55,15,[8 2],56,136,151,80,126
1,<environment.Job instance at 0x7f750b9c4a50>,1,24,[2 6],2,2,26,0,2
1,<environment.Job instance at 0x7f74c11316e0>,6,15,[6 4],7,10,25,3,10
1,<environment.Job instance at 0x7f74c0d276e0>,9,16,[ 1 10],10,26,42,16,25
1,<environment.Job instance at 0x7f74c0f98370>,19,14,[5 9],20,42,56,22,29
1,<environment.Job instance at 0x7f74c0f98550>,22,18,[10  3],23,56,74,33,45
1,<environment.Job instance at 0x7f74c0f98b90>,32,13,[3 6],33,74,87,41,61
1,<environment.Job instance at 0x7f74c0f98cd0>,33,17,[7 2],34,74,91,40,68
1,<environment.Job instance at 0x7f74c0fb5500>,42,18,[1 6],43,87,105,44,78
1,<environment.Job instance at 0x7f74c0fb55a0>,43,17,[10  3],44,105,122,61,93
1,<environment.Job instance at 0x7f74c0fb5f00>,52,17,[6 3],53,122,139,69,114
1,<environment.Job instance at 0x7f74c0fb50a0>,37,18,[1 8],38,139,157,101,132
1,<environment.Job instance at 0x7f750ab8e550>,0,13,[1 8],1,1,14,0,1
1,<environment.Job instance at 0x7f74c122bfa0>,8,13,[5 4],9,14,27,5,9
1,<environment.Job instance at 0x7f74c0f976e0>,9,17,[4 6],10,14,31,4,10
1,<environment.Job instance at 0x7f750b1fbdc0>,23,14,[5 4],24,27,41,3,24
1,<environment.Job instance at 0x7f750b1fb0a0>,24,15,[7 5],25,41,56,16,27
1,<environment.Job instance at 0x7f750b1fbaf0>,25,15,[7 1],26,56,71,30,45
1,<environment.Job instance at 0x7f74c0c1f190>,31,2,[10  3],32,71,73,39,46
1,<environment.Job instance at 0x7f750abc8500>,33,12,[3 6],34,56,68,22,50
1,<environment.Job instance at 0x7f750abc8820>,38,3,[9 4],39,73,76,34,55
1,<environment.Job instance at 0x7f750b180320>,16,15,[10  5],17,76,91,59,62
1,<environment.Job instance at 0x7f750abc84b0>,40,16,[1 9],41,91,107,50,78
1,<environment.Job instance at 0x7f750acf77d0>,47,12,[ 2 10],48,107,119,59,94
1,<environment.Job instance at 0x7f74c0c1f2d0>,32,16,[2 8],33,119,135,86,109
1,<environment.Job instance at 0x7f750b18d820>,59,16,[1 8],60,135,151,75,123
1,<environment.Job instance at 0x7f750b4555f0>,52,17,[5 8],53,151,168,98,141
1,<environment.Job instance at 0x7f750ad916e0>,0,18,[3 7],1,1,19,0,1
1,<environment.Job instance at 0x7f750b9d4550>,7,14,[4 9],8,19,33,11,14
1,<environment.Job instance at 0x7f750b8135f0>,14,22,[7 4],15,33,55,18,31
1,<environment.Job instance at 0x7f750b813410>,12,18,[1 5],13,41,59,28,41
1,<environment.Job instance at 0x7f750abf25f0>,27,15,[4 6],28,59,74,31,49
1,<environment.Job instance at 0x7f750ae4b910>,29,18,[1 9],30,74,92,44,63
1,<environment.Job instance at 0x7f750ac6e7d0>,44,16,[9 1],45,90,106,45,90
1,<environment.Job instance at 0x7f750ac6e3c0>,47,2,[5 6],48,106,108,58,92
1,<environment.Job instance at 0x7f750ac6ee60>,48,14,[7 1],49,108,122,59,93
1,<environment.Job instance at 0x7f750aab40a0>,54,21,[1 8],55,113,134,58,113
1,<environment.Job instance at 0x7f750aab4640>,60,1,[7 5],61,134,135,73,121
1,<environment.Job instance at 0x7f750aab4370>,64,1,[3 8],65,135,136,70,122
1,<environment.Job instance at 0x7f74c132b140>,67,17,[10  4],68,136,153,68,124
1,<environment.Job instance at 0x7f750b813190>,1,2,[2 5],2,2,4,0,2
1,<environment.Job instance at 0x7f750b7008c0>,4,1,[3 7],5,5,6,0,5
1,<environment.Job instance at 0x7f750b455910>,5,27,[4 6],6,8,35,2,8
1,<environment.Job instance at 0x7f750abe4dc0>,19,17,[9 4],20,35,52,15,24
1,<environment.Job instance at 0x7f750abe4be0>,15,14,[5 5],16,52,66,36,37
1,<environment.Job instance at 0x7f750b4e1050>,31,23,[5 2],32,52,75,20,49
1,<environment.Job instance at 0x7f750afa21e0>,11,18,[8 2],12,75,93,63,64
1,<environment.Job instance at 0x7f750b4e18c0>,23,17,[7 4],24,93,110,69,81
1,<environment.Job instance at 0x7f750b687320>,44,16,[10  5],45,110,126,65,97
1,<environment.Job instance at 0x7f74c0e5b550>,50,14,[5 6],51,126,140,75,111
1,<environment.Job instance at 0x7f74c0e0c3c0>,59,17,[2 5],60,140,157,80,128
1,<environment.Job instance at 0x7f74c0e0cc30>,61,18,[4 5],62,140,158,78,132
1,<environment.Job instance at 0x7f750abf0960>,0,27,[7 2],1,2,29,1,2
1,<environment.Job instance at 0x7f74c0aa0be0>,13,13,[6 3],14,29,42,15,18
1,<environment.Job instance at 0x7f74c0f7f7d0>,6,13,[3 5],7,27,40,20,27
1,<environment.Job instance at 0x7f750b3cbcd0>,22,17,[9 5],23,42,59,19,32
1,<environment.Job instance at 0x7f750b7daa50>,27,15,[1 9],28,59,74,31,51
1,<environment.Job instance at 0x7f74c127dd20>,34,3,[10  3],35,74,77,39,54
1,<environment.Job instance at 0x7f74c0b25190>,42,17,[7 2],43,77,94,34,66
1,<environment.Job instance at 0x7f74c0b25410>,48,18,[8 3],49,94,112,45,83
1,<environment.Job instance at 0x7f74c127d2d0>,35,2,[6 3],36,112,114,76,104
1,<environment.Job instance at 0x7f750b43e410>,52,18,[3 8],53,114,132,61,105
1,<environment.Job instance at 0x7f750b012870>,65,3,[7 4],66,132,135,66,117
1,<environment.Job instance at 0x7f750b2d36e0>,67,17,[6 2],68,135,152,67,124
1,<environment.Job instance at 0x7f750bec1500>,0,16,[7 5],1,1,17,0,1
1,<environment.Job instance at 0x7f74c11f0320>,16,2,[ 3 10],17,29,31,12,29
1,<environment.Job instance at 0x7f750b7e6e60>,17,1,[4 7],18,35,36,17,35
1,<environment.Job instance at 0x7f750b7e65f0>,26,13,[4 5],27,43,56,16,43
1,<environment.Job instance at 0x7f750b7e6dc0>,27,17,[7 5],28,56,73,28,44
1,<environment.Job instance at 0x7f750b32c6e0>,37,13,[4 7],38,73,86,35,61
1,<environment.Job instance at 0x7f750b32c050>,38,15,[4 7],39,86,101,47,72
1,<environment.Job instance at 0x7f750bdbff50>,41,14,[5 4],42,101,115,59,86
1,<environment.Job instance at 0x7f750ab6c870>,46,28,[2 6],47,101,129,54,101
1,<environment.Job instance at 0x7f750ab6c5f0>,50,14,[6 3],51,115,129,64,115
1,<environment.Job instance at 0x7f750ab6ce10>,52,14,[2 8],53,129,143,76,115
1,<environment.Job instance at 0x7f750ab6cc30>,58,3,[7 4],59,143,146,84,136
1,<environment.Job instance at 0x7f750ab6c500>,59,18,[7 3],60,146,164,86,136
1,<environment.Job instance at 0x7f750b11cf50>,1,18,[2 8],2,2,20,0,2
1,<environment.Job instance at 0x7f750b11cb90>,3,12,[6 3],4,20,32,16,8
1,<environment.Job instance at 0x7f74c0cd1c30>,27,25,[4 6],28,31,56,3,31
1,<environment.Job instance at 0x7f750ac4c320>,29,12,[2 8],30,56,68,26,43
1,<environment.Job instance at 0x7f750ac4cdc0>,32,14,[5 8],33,68,82,35,54
1,<environment.Job instance at 0x7f750ac31a00>,42,17,[5 8],43,82,99,39,70
1,<environment.Job instance at 0x7f750ac520f0>,36,16,[ 1 10],37,99,115,62,92
1,<environment.Job instance at 0x7f750ac54460>,54,23,[ 5 10],55,115,138,60,110
1,<environment.Job instance at 0x7f750ad8f140>,61,15,[7 5],62,138,153,76,127
1,<environment.Job instance at 0x7f74c0cd1b40>,1,1,[5 3],2,2,3,0,2
1,<environment.Job instance at 0x7f74c0b71910>,2,17,[2 8],3,3,20,0,3
1,<environment.Job instance at 0x7f750b34ec30>,5,15,[9 2],6,20,35,14,9
1,<environment.Job instance at 0x7f74c12a3f50>,20,18,[5 8],21,35,53,14,33
1,<environment.Job instance at 0x7f74c12ffe60>,26,14,[3 5],27,53,67,26,38
1,<environment.Job instance at 0x7f74c12d2550>,8,17,[5 1],9,39,56,30,39
1,<environment.Job instance at 0x7f74c0b58e10>,25,1,[5 5],26,56,57,30,49
1,<environment.Job instance at 0x7f74c0b63f00>,24,17,[4 7],25,67,84,42,56
1,<environment.Job instance at 0x7f74c0a1de10>,33,14,[2 9],34,84,98,50,72
1,<environment.Job instance at 0x7f750b373aa0>,43,3,[10  5],44,98,101,54,72
1,<environment.Job instance at 0x7f750b373050>,45,3,[5 6],46,101,104,55,76
1,<environment.Job instance at 0x7f750ace9780>,49,17,[4 9],50,104,121,54,93
1,<environment.Job instance at 0x7f750b373820>,37,15,[2 8],38,121,136,83,107
1,<environment.Job instance at 0x7f750b0dc550>,59,17,[8 2],60,121,138,61,112
1,<environment.Job instance at 0x7f750b7512d0>,28,19,[5 8],29,138,157,109,131
1,<environment.Job instance at 0x7f750ac82af0>,4,14,[7 3],5,5,19,0,5
1,<environment.Job instance at 0x7f750adc5a00>,18,1,[5 3],19,19,20,0,19
1,<environment.Job instance at 0x7f750af2b4b0>,11,14,[ 2 10],12,20,34,8,20
1,<environment.Job instance at 0x7f750adc57d0>,19,27,[10  2],20,34,61,14,32
1,<environment.Job instance at 0x7f750adc5e60>,14,13,[ 2 10],15,61,74,46,52
1,<environment.Job instance at 0x7f74c1440a50>,33,16,[ 2 10],34,74,90,40,62
1,<environment.Job instance at 0x7f74c1440730>,35,14,[6 3],36,90,104,54,76
1,<environment.Job instance at 0x7f74c0ea4690>,47,17,[10  3],48,104,121,56,94
1,<environment.Job instance at 0x7f74c0ea4fa0>,49,1,[5 4],50,121,122,71,115
1,<environment.Job instance at 0x7f74c0ea4c80>,50,1,[7 1],51,122,123,71,115
1,<environment.Job instance at 0x7f74c0ea45a0>,51,17,[4 8],52,123,140,71,115
1,<environment.Job instance at 0x7f74c0ea4e10>,44,13,[6 4],45,140,153,95,125
1,<environment.Job instance at 0x7f74c11d03c0>,3,18,[5 6],4,4,22,0,4
1,<environment.Job instance at 0x7f74c13bc0a0>,13,16,[4 9],14,22,38,8,14
1,<environment.Job instance at 0x7f750b03a730>,22,26,[5 3],23,54,80,31,54
1,<environment.Job instance at 0x7f750b03a140>,30,14,[6 5],31,80,94,49,66
1,<environment.Job instance at 0x7f750b03afa0>,34,12,[10  4],35,94,106,59,79
1,<environment.Job instance at 0x7f750ad0ed70>,41,17,[5 2],42,106,123,64,94
1,<environment.Job instance at 0x7f74c1197500>,47,16,[5 1],48,106,122,58,106
1,<environment.Job instance at 0x7f74c1197e60>,51,27,[8 3],52,123,150,71,121
1,<environment.Job instance at 0x7f24906404b0>,0,18,[9 3],1,3,21,2,3
1,<environment.Job instance at 0x7f248b236c30>,7,16,[5 8],8,21,37,13,8
1,<environment.Job instance at 0x7f248b23b3c0>,15,16,[5 5],16,37,53,21,24
1,<environment.Job instance at 0x7f248b23d140>,29,18,[5 1],30,45,63,15,45
1,<environment.Job instance at 0x7f248b23d320>,31,15,[5 5],32,53,68,21,45
1,<environment.Job instance at 0x7f249058a5a0>,0,15,[4 7],1,1,16,0,1
1,<environment.Job instance at 0x7f249058a4b0>,5,18,[8 4],6,19,37,13,19
1,<environment.Job instance at 0x7f24907c1910>,21,3,[10  2],22,37,40,15,25
1,<environment.Job instance at 0x7f249058cb90>,18,16,[9 5],19,40,56,21,28
1,<environment.Job instance at 0x7f24907b8960>,30,19,[9 2],31,56,75,25,48
1,<environment.Job instance at 0x7f2445557500>,0,3,[1 7],1,1,4,0,1
1,<environment.Job instance at 0x7f24457e5050>,2,21,[1 8],3,4,25,1,4
1,<environment.Job instance at 0x7f2445576460>,7,17,[10  2],8,25,42,17,14
1,<environment.Job instance at 0x7f2445566140>,16,1,[8 4],17,42,43,25,17
1,<environment.Job instance at 0x7f24455665f0>,17,3,[4 8],18,43,46,25,18
1,<environment.Job instance at 0x7f2445576c80>,8,12,[ 1 10],9,46,58,37,30
1,<environment.Job instance at 0x7f2445566e60>,24,1,[10  1],25,58,59,33,36
1,<environment.Job instance at 0x7f24455736e0>,28,2,[7 2],29,59,61,30,36
1,<environment.Job instance at 0x7f2445523460>,30,1,[4 7],31,61,62,30,36
1,<environment.Job instance at 0x7f24459a0140>,0,12,[4 8],1,1,13,0,1
1,<environment.Job instance at 0x7f248b32be60>,9,17,[7 3],10,14,31,4,14
1,<environment.Job instance at 0x7f248b32b8c0>,13,12,[ 2 10],14,31,43,17,19
1,<environment.Job instance at 0x7f249058cb40>,22,18,[9 2],23,43,61,20,37
1,<environment.Job instance at 0x7f248b361820>,17,15,[2 5],18,61,76,43,48
1,<environment.Job instance at 0x7f2445983b90>,0,2,[1 9],1,1,3,0,1
1,<environment.Job instance at 0x7f248b3a9050>,1,17,[7 5],2,3,20,1,2
1,<environment.Job instance at 0x7f248fb98230>,15,13,[1 7],16,20,33,4,16
1,<environment.Job instance at 0x7f248fb98140>,14,13,[5 9],15,33,46,18,18
1,<environment.Job instance at 0x7f248fb98a00>,21,16,[9 3],22,46,62,24,37
1,<environment.Job instance at 0x7f248b2360a0>,0,13,[ 3 10],1,1,14,0,1
1,<environment.Job instance at 0x7f248b236f50>,12,16,[2 9],13,14,30,1,13
1,<environment.Job instance at 0x7f248b236050>,11,14,[2 5],12,30,44,18,18
1,<environment.Job instance at 0x7f248fea4aa0>,19,12,[4 6],20,44,56,24,27
1,<environment.Job instance at 0x7f248fea4320>,27,19,[5 4],28,37,56,9,37
1,<environment.Job instance at 0x7f248fea45a0>,20,14,[4 9],21,56,70,35,41
1,<environment.Job instance at 0x7f248fbe0aa0>,1,12,[3 5],2,2,14,0,2
1,<environment.Job instance at 0x7f248ff246e0>,2,23,[6 3],3,4,27,1,4
1,<environment.Job instance at 0x7f2445690870>,4,13,[4 5],5,14,27,9,13
1,<environment.Job instance at 0x7f244576fb40>,10,14,[5 4],11,27,41,16,17
1,<environment.Job instance at 0x7f248b666d20>,15,3,[6 3],16,41,44,25,24
1,<environment.Job instance at 0x7f2445686dc0>,16,25,[2 7],17,41,66,24,38
1,<environment.Job instance at 0x7f248aff2e10>,0,27,[3 7],1,2,29,1,2
1,<environment.Job instance at 0x7f2445917230>,4,14,[6 3],5,5,19,0,5
1,<environment.Job instance at 0x7f2445908b40>,16,3,[5 4],17,29,32,12,28
1,<environment.Job instance at 0x7f248b632c80>,12,18,[ 4 10],13,32,50,19,28
1,<environment.Job instance at 0x7f248b127910>,19,14,[3 5],20,50,64,30,35
1,<environment.Job instance at 0x7f248b6327d0>,13,17,[5 5],14,50,67,36,43
1,<environment.Job instance at 0x7f244587b050>,0,1,[3 5],1,1,2,0,1
1,<environment.Job instance at 0x7f244587b4b0>,1,3,[2 5],2,2,5,0,2
1,<environment.Job instance at 0x7f248fca9140>,8,26,[3 8],9,9,35,0,9
1,<environment.Job instance at 0x7f248fca9f50>,5,1,[4 9],6,35,36,29,15
1,<environment.Job instance at 0x7f248fca9640>,14,15,[2 9],15,36,51,21,22
1,<environment.Job instance at 0x7f248b651640>,3,3,[8 2],4,51,54,47,32
1,<environment.Job instance at 0x7f248fbcf820>,19,16,[1 7],20,51,67,31,40
1,<environment.Job instance at 0x7f248fbcf780>,20,17,[8 3],21,54,71,33,42
1,<environment.Job instance at 0x7f248ffb78c0>,0,16,[4 6],1,1,17,0,1
1,<environment.Job instance at 0x7f244587a0f0>,9,17,[5 3],10,11,28,1,11
1,<environment.Job instance at 0x7f248b34adc0>,16,21,[5 1],17,21,42,4,21
1,<environment.Job instance at 0x7f244583a870>,23,15,[2 9],24,28,43,4,24
1,<environment.Job instance at 0x7f2445354af0>,21,12,[5 1],22,42,54,20,28
1,<environment.Job instance at 0x7f248ff0b5f0>,28,2,[3 7],29,43,45,14,30
1,<environment.Job instance at 0x7f244531f5a0>,30,18,[1 8],31,45,63,14,34
1,<environment.Job instance at 0x7f248b2b8690>,34,13,[5 2],35,54,67,19,44
1,<environment.Job instance at 0x7f248b0a79b0>,1,13,[8 5],2,2,15,0,2
1,<environment.Job instance at 0x7f248b2103c0>,15,2,[2 6],16,17,19,1,17
1,<environment.Job instance at 0x7f24457b6820>,17,17,[5 7],18,22,39,4,22
1,<environment.Job instance at 0x7f24453a8460>,18,15,[2 7],19,39,54,20,27
1,<environment.Job instance at 0x7f2445b470f0>,28,3,[5 2],29,33,36,4,33
1,<environment.Job instance at 0x7f2445842d70>,27,3,[1 9],28,54,57,26,40
1,<environment.Job instance at 0x7f248fec48c0>,3,14,[ 5 10],4,4,18,0,4
1,<environment.Job instance at 0x7f24457332d0>,13,17,[5 3],14,18,35,4,18
1,<environment.Job instance at 0x7f24456fe820>,10,16,[2 6],11,18,34,7,18
1,<environment.Job instance at 0x7f2445733320>,15,13,[1 8],16,35,48,19,21
1,<environment.Job instance at 0x7f2445733af0>,21,16,[7 2],22,35,51,13,28
1,<environment.Job instance at 0x7f2445733c30>,22,15,[5 9],23,51,66,28,37
1,<environment.Job instance at 0x7f2445733d20>,1,3,[ 4 10],2,2,5,0,2
1,<environment.Job instance at 0x7f248b675500>,3,12,[5 8],4,5,17,1,4
1,<environment.Job instance at 0x7f248b675460>,4,14,[3 6],5,17,31,12,5
1,<environment.Job instance at 0x7f244547f3c0>,8,14,[10  5],9,31,45,22,17
1,<environment.Job instance at 0x7f244547f870>,14,15,[9 5],15,45,60,30,31
1,<environment.Job instance at 0x7f2445af0dc0>,1,17,[7 2],2,2,19,0,2
1,<environment.Job instance at 0x7f244539df00>,3,3,[2 6],4,4,7,0,4
1,<environment.Job instance at 0x7f244539d500>,4,15,[3 7],5,13,28,8,13
1,<environment.Job instance at 0x7f24458e44b0>,15,17,[5 8],16,28,45,12,16
1,<environment.Job instance at 0x7f244582e280>,26,16,[3 7],27,45,61,18,45
1,<environment.Job instance at 0x7f24458e4730>,18,12,[9 5],19,61,73,42,46
1,<environment.Job instance at 0x7f248ff29dc0>,3,3,[3 6],4,4,7,0,4
1,<environment.Job instance at 0x7f248fe88b90>,5,17,[3 7],6,7,24,1,7
1,<environment.Job instance at 0x7f248fe88f00>,10,13,[ 5 10],11,24,37,13,11
1,<environment.Job instance at 0x7f248fe5e5a0>,16,13,[7 3],17,37,50,20,24
1,<environment.Job instance at 0x7f248fe5e910>,20,13,[9 4],21,50,63,29,35
1,<environment.Job instance at 0x7f248b03db40>,0,13,[3 6],1,1,14,0,1
1,<environment.Job instance at 0x7f248b522a00>,15,18,[9 1],16,16,34,0,16
1,<environment.Job instance at 0x7f248b522be0>,20,13,[9 3],21,34,47,13,22
1,<environment.Job instance at 0x7f248fffbeb0>,14,18,[10  4],15,47,65,32,36
1,<environment.Job instance at 0x7f248b4bc4b0>,3,13,[3 8],4,4,17,0,4
1,<environment.Job instance at 0x7f248b700730>,8,2,[2 7],9,17,19,8,9
1,<environment.Job instance at 0x7f244585fd70>,5,12,[ 2 10],6,19,31,13,9
1,<environment.Job instance at 0x7f248fbfc140>,10,12,[8 2],11,31,43,20,17
1,<environment.Job instance at 0x7f248fb985f0>,17,15,[5 9],18,43,58,25,43
1,<environment.Job instance at 0x7f248fb985f0>,2,17,[7 2],3,4,21,1,4
1,<environment.Job instance at 0x7f248ffab410>,6,24,[3 5],7,7,31,0,7
1,<environment.Job instance at 0x7f248b5422d0>,10,17,[1 5],11,21,38,10,15
1,<environment.Job instance at 0x7f2445951050>,14,15,[5 8],15,38,53,23,24
1,<environment.Job instance at 0x7f24903d05f0>,1,15,[7 5],2,2,17,0,2
1,<environment.Job instance at 0x7f244577e230>,12,14,[10  5],13,17,31,4,13
1,<environment.Job instance at 0x7f244577e690>,7,14,[9 5],8,31,45,23,25
1,<environment.Job instance at 0x7f248b240b40>,21,16,[ 3 10],22,45,61,23,35
1,<environment.Job instance at 0x7f2445ba9f50>,28,13,[6 5],29,61,74,32,45
1,<environment.Job instance at 0x7f248b0bc0f0>,0,16,[4 8],1,1,17,0,1
1,<environment.Job instance at 0x7f2445b018c0>,9,12,[6 2],10,10,22,0,10
1,<environment.Job instance at 0x7f2445a6acd0>,10,1,[5 1],11,22,23,11,13
1,<environment.Job instance at 0x7f248b641460>,6,14,[7 5],7,23,37,16,14
1,<environment.Job instance at 0x7f248b4b24b0>,18,2,[6 4],19,37,39,18,29
1,<environment.Job instance at 0x7f2490586cd0>,14,18,[3 8],15,39,57,24,29
1,<environment.Job instance at 0x7f244538e730>,22,3,[4 6],23,57,60,34,37
1,<environment.Job instance at 0x7fcb7671bd70>,7,16,[5 8],8,13,29,5,13
1,<environment.Job instance at 0x7fcb7671e370>,13,15,[7 4],14,29,44,15,17
1,<environment.Job instance at 0x7fcb7671e3c0>,14,18,[1 6],15,29,47,14,28
1,<environment.Job instance at 0x7fcb7671e8c0>,20,14,[4 8],21,47,61,26,32
1,<environment.Job instance at 0x7fcb76721280>,29,18,[5 1],30,49,67,19,49
1,<environment.Job instance at 0x7fcb76721820>,33,15,[5 3],34,61,76,27,51
1,<environment.Job instance at 0x7fcb76721aa0>,38,12,[5 4],39,67,79,28,53
1,<environment.Job instance at 0x7fcb76721640>,39,1,[2 7],40,79,80,39,53
1,<environment.Job instance at 0x7fcb779eea50>,0,16,[3 7],1,1,17,0,1
1,<environment.Job instance at 0x7fcb779ed5a0>,15,13,[ 4 10],16,17,30,1,16
1,<environment.Job instance at 0x7fcb779f0c80>,8,16,[9 5],9,30,46,21,22
1,<environment.Job instance at 0x7fcb779f5280>,27,18,[6 5],28,46,64,18,35
1,<environment.Job instance at 0x7fcb778a4eb0>,33,1,[9 2],34,64,65,30,52
1,<environment.Job instance at 0x7fcb778a4190>,35,3,[5 7],36,65,68,29,53
1,<environment.Job instance at 0x7fcb778a49b0>,36,1,[3 8],37,68,69,31,53
1,<environment.Job instance at 0x7fcb778a4550>,37,12,[10  4],38,69,81,31,53
1,<environment.Job instance at 0x7fcb2c89b500>,3,2,[1 7],4,4,6,0,4
1,<environment.Job instance at 0x7fcb2c89ba50>,4,1,[10  1],5,6,7,1,5
1,<environment.Job instance at 0x7fcb2c89b460>,5,12,[2 8],6,7,19,1,6
1,<environment.Job instance at 0x7fcb2c89b2d0>,6,13,[6 2],7,7,20,0,7
1,<environment.Job instance at 0x7fcb2c89b0f0>,7,14,[4 5],8,19,33,11,8
1,<environment.Job instance at 0x7fcb2c89b640>,11,17,[5 9],12,33,50,21,25
1,<environment.Job instance at 0x7fcb2c766c80>,22,1,[2 7],23,50,51,27,29
1,<environment.Job instance at 0x7fcb2c766e60>,23,18,[8 2],24,50,68,26,39
1,<environment.Job instance at 0x7fcb2c747190>,15,23,[1 5],16,51,74,35,50
1,<environment.Job instance at 0x7fcb7688d190>,0,13,[4 9],1,1,14,0,1
1,<environment.Job instance at 0x7fcb76800be0>,8,17,[6 1],9,9,26,0,9
1,<environment.Job instance at 0x7fcb76800d70>,13,1,[9 3],14,26,27,12,17
1,<environment.Job instance at 0x7fcb2c766960>,7,12,[4 8],8,27,39,19,22
1,<environment.Job instance at 0x7fcb7688c460>,18,1,[6 5],19,39,40,20,23
1,<environment.Job instance at 0x7fcb76a0cf00>,19,2,[5 4],20,40,42,20,25
1,<environment.Job instance at 0x7fcb76759a00>,20,2,[1 9],21,42,44,21,25
1,<environment.Job instance at 0x7fcb778a3370>,25,15,[5 6],26,44,59,18,31
1,<environment.Job instance at 0x7fcb2cb223c0>,29,27,[5 4],30,47,74,17,47
1,<environment.Job instance at 0x7fcb779ebfa0>,1,15,[6 4],2,2,17,0,2
1,<environment.Job instance at 0x7fcb76b92190>,6,1,[1 5],7,7,8,0,7
1,<environment.Job instance at 0x7fcb76b926e0>,16,22,[10  4],17,17,39,0,17
1,<environment.Job instance at 0x7fcb76b92690>,13,1,[2 6],14,39,40,25,29
1,<environment.Job instance at 0x7fcb76b762d0>,22,16,[2 9],23,40,56,17,34
1,<environment.Job instance at 0x7fcb76b76550>,26,1,[6 1],27,39,40,12,34
1,<environment.Job instance at 0x7fcb76b765f0>,27,14,[4 9],28,56,70,28,44
1,<environment.Job instance at 0x7fcb76b76230>,28,14,[10  4],29,70,84,41,56
1,<environment.Job instance at 0x7fcb76b768c0>,33,2,[5 2],34,84,86,50,57
1,<environment.Job instance at 0x7fcb7718cd70>,0,3,[ 3 10],1,1,4,0,1
1,<environment.Job instance at 0x7fcb7718c870>,2,23,[6 3],3,4,27,1,4
1,<environment.Job instance at 0x7fcb7718ccd0>,9,14,[5 2],10,27,41,17,15
1,<environment.Job instance at 0x7fcb7718c550>,8,12,[5 5],9,27,39,18,15
1,<environment.Job instance at 0x7fcb771ce960>,12,15,[2 9],13,41,56,28,30
1,<environment.Job instance at 0x7fcb2cb0d3c0>,23,13,[9 4],24,56,69,32,40
1,<environment.Job instance at 0x7fcb771bcf00>,37,2,[2 8],38,69,71,31,56
1,<environment.Job instance at 0x7fcb2cd54640>,0,13,[4 8],1,1,14,0,1
1,<environment.Job instance at 0x7fcb2c926190>,3,17,[5 5],4,14,31,10,6
1,<environment.Job instance at 0x7fcb76dc9e10>,15,3,[8 1],16,31,34,15,18
1,<environment.Job instance at 0x7fcb2cb1a1e0>,5,15,[2 7],6,31,46,25,21
1,<environment.Job instance at 0x7fcb76dc9370>,17,16,[5 1],18,34,50,16,32
1,<environment.Job instance at 0x7fcb769d0140>,13,20,[ 5 10],14,50,70,36,41
1,<environment.Job instance at 0x7fcb767e7820>,35,17,[2 5],36,70,87,34,58
1,<environment.Job instance at 0x7fcb773ed5f0>,3,3,[1 5],4,4,7,0,4
1,<environment.Job instance at 0x7fcb76d786e0>,4,15,[1 8],5,7,22,2,5
1,<environment.Job instance at 0x7fcb76d780f0>,7,1,[3 7],8,22,23,14,8
1,<environment.Job instance at 0x7fcb764d8910>,8,19,[7 1],9,9,28,0,9
1,<environment.Job instance at 0x7fcb2caa9c80>,13,15,[ 1 10],14,28,43,14,20
1,<environment.Job instance at 0x7fcb2ca9ddc0>,17,14,[7 4],18,43,57,25,28
1,<environment.Job instance at 0x7fcb76e4ab40>,21,15,[1 5],22,43,58,21,29
1,<environment.Job instance at 0x7fcb7676e910>,22,1,[5 3],23,57,58,34,35
1,<environment.Job instance at 0x7fcb2c87aa50>,26,1,[2 5],27,58,59,31,43
1,<environment.Job instance at 0x7fcb2c87a5f0>,27,15,[3 7],28,59,74,31,45
1,<environment.Job instance at 0x7fcb2c969050>,0,18,[1 8],1,1,19,0,1
1,<environment.Job instance at 0x7fcb76723f00>,14,2,[ 3 10],15,19,21,4,18
1,<environment.Job instance at 0x7fcb76723a00>,15,17,[5 8],16,21,38,5,18
1,<environment.Job instance at 0x7fcb7742ecd0>,21,13,[8 5],22,38,51,16,25
1,<environment.Job instance at 0x7fcb2cad31e0>,26,17,[7 3],27,51,68,24,51
1,<environment.Job instance at 0x7fcb2cad39b0>,31,17,[3 8],32,68,85,36,56
1,<environment.Job instance at 0x7fcb2cad3640>,33,16,[5 1],34,68,84,34,57
1,<environment.Job instance at 0x7fcb76bb0d70>,2,1,[4 6],3,3,4,0,3
1,<environment.Job instance at 0x7fcb76dea8c0>,7,12,[1 8],8,8,20,0,8
1,<environment.Job instance at 0x7fcb2c88be60>,15,17,[3 5],16,20,37,4,17
1,<environment.Job instance at 0x7fcb2cc78b40>,14,2,[ 3 10],15,37,39,22,24
1,<environment.Job instance at 0x7fcb76830b90>,20,16,[2 6],21,39,55,18,26
1,<environment.Job instance at 0x7fcb76da3820>,26,16,[10  3],27,55,71,28,43
1,<environment.Job instance at 0x7fcb2cb5f780>,29,17,[9 4],30,71,88,41,59
1,<environment.Job instance at 0x7fcb76cedb90>,3,12,[5 8],4,4,16,0,4
1,<environment.Job instance at 0x7fcb778a3e60>,7,17,[7 4],8,16,33,8,15
1,<environment.Job instance at 0x7fcb778a3fa0>,10,18,[1 6],11,17,35,6,17
1,<environment.Job instance at 0x7fcb77212a50>,6,13,[3 7],7,35,48,28,21
1,<environment.Job instance at 0x7fcb767c9960>,20,14,[9 5],21,48,62,27,35
1,<environment.Job instance at 0x7fcb77134c80>,2,18,[1 5],3,3,21,0,3
1,<environment.Job instance at 0x7fcb766e2500>,7,15,[2 6],8,21,36,13,8
1,<environment.Job instance at 0x7fcb766e2730>,9,3,[9 3],10,10,13,0,10
1,<environment.Job instance at 0x7fcb766e2eb0>,17,14,[1 6],18,36,50,18,21
1,<environment.Job instance at 0x7fcb766e2780>,13,13,[7 1],14,32,45,18,32
1,<environment.Job instance at 0x7fcb766e1370>,22,3,[5 5],23,50,53,27,37
1,<environment.Job instance at 0x7fcb766e2870>,12,13,[10  4],13,53,66,40,38
1,<environment.Job instance at 0x7fcb766e1870>,31,2,[1 6],32,66,68,34,48
1,<environment.Job instance at 0x7fcb766e1c80>,32,1,[5 9],33,68,69,35,48
1,<environment.Job instance at 0x7fcb766e2d20>,0,13,[9 4],1,1,14,0,1
1,<environment.Job instance at 0x7fcb778a1e60>,23,3,[2 6],24,31,34,7,31
1,<environment.Job instance at 0x7fcb772b4af0>,7,23,[3 7],8,34,57,26,31
1,<environment.Job instance at 0x7fcb76d83820>,27,2,[10  2],28,57,59,29,42
1,<environment.Job instance at 0x7fcb778a1230>,22,18,[8 5],23,59,77,36,53
1,<environment.Job instance at 0x7fcb76e5c140>,1,12,[2 9],2,2,14,0,2
1,<environment.Job instance at 0x7fcb2c4fadc0>,3,21,[2 8],4,14,35,10,9
1,<environment.Job instance at 0x7fcb7677c230>,17,27,[1 7],18,35,62,17,33
1,<environment.Job instance at 0x7fcb777a9780>,24,18,[1 6],25,62,80,37,56
1,<environment.Job instance at 0x7fcb7683dd70>,3,13,[4 6],4,4,17,0,4
1,<environment.Job instance at 0x7fcb2c549cd0>,16,24,[3 5],17,18,42,1,18
1,<environment.Job instance at 0x7fcb2c549870>,12,17,[7 2],13,24,41,11,24
1,<environment.Job instance at 0x7fcb2c54b050>,21,13,[4 8],22,42,55,20,27
1,<environment.Job instance at 0x7fcb2c54b5a0>,24,15,[5 8],25,55,70,30,42
1,<environment.Job instance at 0x7fcb7695d0a0>,0,2,[4 7],1,1,3,0,1
1,<environment.Job instance at 0x7fcb7695d0f0>,2,20,[5 6],3,3,23,0,3
1,<environment.Job instance at 0x7fcb2cb4f460>,7,14,[9 5],8,23,37,15,8
1,<environment.Job instance at 0x7fcb2cb4f960>,10,13,[4 7],11,37,50,26,21
1,<environment.Job instance at 0x7fcb76e62b90>,19,16,[3 5],20,50,66,30,37
1,<environment.Job instance at 0x7fcb76e62f50>,30,18,[6 1],31,40,58,9,40
1,<environment.Job instance at 0x7fcb76e62960>,23,16,[7 4],24,58,74,34,51
1,<environment.Job instance at 0x7fcb7650d140>,34,17,[2 5],35,66,83,31,57
1,<environment.Job instance at 0x7fcb2cd60c80>,0,1,[5 1],1,1,2,0,1
1,<environment.Job instance at 0x7fcb7650d3c0>,1,16,[9 1],2,2,18,0,2
1,<environment.Job instance at 0x7fcb76802140>,11,24,[1 7],12,12,36,0,12
1,<environment.Job instance at 0x7fcb76b0af50>,17,16,[9 4],18,36,52,18,23
1,<environment.Job instance at 0x7fcb2cb34a00>,23,22,[ 3 10],24,52,74,28,52
1,<environment.Job instance at 0x7fcb2c7ae3c0>,3,3,[4 5],4,4,7,0,4
1,<environment.Job instance at 0x7fcb2cb87cd0>,8,17,[8 3],9,9,26,0,9
1,<environment.Job instance at 0x7fcb2c8a19b0>,12,14,[7 2],13,26,40,13,20
1,<environment.Job instance at 0x7fcb773fb780>,19,20,[2 8],20,26,46,6,23
1,<environment.Job instance at 0x7fcb771bcc30>,17,14,[3 9],18,46,60,28,31
1,<environment.Job instance at 0x7fcb771d1050>,26,16,[9 2],27,60,76,33,47
1,<environment.Job instance at 0x7fcb771d14b0>,32,1,[2 8],33,76,77,43,52
1,<environment.Job instance at 0x7fcb7665d910>,3,2,[ 4 10],4,8,10,4,8
1,<environment.Job instance at 0x7fcb2c95ea50>,8,13,[6 3],9,10,23,1,9
1,<environment.Job instance at 0x7fcb773ca230>,5,3,[7 3],6,23,26,17,9
1,<environment.Job instance at 0x7fcb2c95e910>,11,2,[ 3 10],12,26,28,14,12
1,<environment.Job instance at 0x7fcb2c95e190>,7,3,[4 5],8,16,19,8,16
1,<environment.Job instance at 0x7fcb76d73140>,16,17,[5 2],17,28,45,11,17
1,<environment.Job instance at 0x7fcb2c95e5f0>,15,15,[4 5],16,28,43,12,17
1,<environment.Job instance at 0x7fcb773ca780>,6,16,[5 6],7,43,59,36,34
1,<environment.Job instance at 0x7fcb773ca3c0>,4,14,[10  1],5,59,73,54,44
1,<environment.Job instance at 0x7fcb76a79f00>,0,16,[5 9],1,1,17,0,1
1,<environment.Job instance at 0x7fcb76686f50>,10,21,[7 2],11,20,41,9,20
1,<environment.Job instance at 0x7fcb76a460a0>,26,24,[7 5],27,41,65,14,41
1,<environment.Job instance at 0x7fcb2c52e9b0>,28,15,[5 7],29,65,80,36,55
1,<environment.Job instance at 0x7f0b426f6140>,0,18,[9 3],1,3,21,2,3
1,<environment.Job instance at 0x7f0b3b2e79b0>,11,3,[5 5],12,21,24,9,12
1,<environment.Job instance at 0x7f0b3b2e7500>,14,18,[1 6],15,24,42,9,15
1,<environment.Job instance at 0x7f0b3b2e7190>,5,12,[1 7],6,42,54,36,25
1,<environment.Job instance at 0x7f0b3b2e7b40>,13,15,[7 4],14,26,41,12,26
1,<environment.Job instance at 0x7f0b3b2eb320>,25,1,[9 2],26,41,42,15,40
1,<environment.Job instance at 0x7f0b3b2eba00>,29,18,[5 1],30,43,61,13,43
1,<environment.Job instance at 0x7f0b3b2e7cd0>,15,16,[5 5],16,54,70,38,43
1,<environment.Job instance at 0x7f0b3b2eb8c0>,31,15,[5 5],32,61,76,29,52
1,<environment.Job instance at 0x7f0b3b2ebd20>,33,15,[5 3],34,70,85,36,58
1,<environment.Job instance at 0x7f0b4286d1e0>,4,16,[3 5],5,5,21,0,5
1,<environment.Job instance at 0x7f0b4285daf0>,7,17,[1 9],8,21,38,13,9
1,<environment.Job instance at 0x7f0b4286c780>,18,16,[ 5 10],19,38,54,19,27
1,<environment.Job instance at 0x7f0b4271f7d0>,27,12,[10  4],28,54,66,26,37
1,<environment.Job instance at 0x7f0b4271f820>,30,3,[1 7],31,66,69,35,50
1,<environment.Job instance at 0x7f0b4271f9b0>,31,16,[6 3],32,66,82,34,53
1,<environment.Job instance at 0x7f0b4286ce60>,16,13,[1 6],17,69,82,52,69
1,<environment.Job instance at 0x7f0b4286cf00>,1,1,[7 3],2,2,3,0,2
1,<environment.Job instance at 0x7f0af75f9140>,2,1,[2 7],3,3,4,0,3
1,<environment.Job instance at 0x7f0af75f9af0>,3,18,[8 2],4,4,22,0,4
1,<environment.Job instance at 0x7f0af75f94b0>,4,3,[7 1],5,22,25,17,5
1,<environment.Job instance at 0x7f0af75f9550>,5,1,[10  4],6,25,26,19,6
1,<environment.Job instance at 0x7f0af75d6b40>,14,18,[9 2],15,26,44,11,15
1,<environment.Job instance at 0x7f0af75d6550>,16,2,[5 8],17,44,46,27,18
1,<environment.Job instance at 0x7f0af75e1af0>,23,12,[ 2 10],24,46,58,22,29
1,<environment.Job instance at 0x7f0af75e1500>,22,1,[5 2],23,58,59,35,52
1,<environment.Job instance at 0x7f0af75e15f0>,28,18,[7 3],29,59,77,30,55
1,<environment.Job instance at 0x7f0af75deb40>,33,16,[2 8],34,77,93,43,65
1,<environment.Job instance at 0x7f0af7a6fc30>,2,20,[1 8],3,3,23,0,3
1,<environment.Job instance at 0x7f0af7a98410>,5,13,[1 7],6,23,36,17,7
1,<environment.Job instance at 0x7f0af7a98dc0>,12,16,[3 7],13,36,52,23,23
1,<environment.Job instance at 0x7f0b42862c80>,14,1,[10  1],15,52,53,37,32
1,<environment.Job instance at 0x7f0b42862eb0>,18,3,[5 3],19,35,38,16,35
1,<environment.Job instance at 0x7f0b42862fa0>,19,2,[2 8],20,53,55,33,37
1,<environment.Job instance at 0x7f0b42862460>,22,17,[7 4],23,55,72,32,43
1,<environment.Job instance at 0x7f0af7a54550>,31,15,[6 4],32,72,87,40,58
1,<environment.Job instance at 0x7f0af79e7fa0>,2,16,[ 4 10],3,3,19,0,3
1,<environment.Job instance at 0x7f0af79d20a0>,4,16,[4 9],5,19,35,14,9
1,<environment.Job instance at 0x7f0af79d2e60>,17,12,[5 9],18,35,47,17,24
1,<environment.Job instance at 0x7f0af79d2e10>,18,26,[7 2],19,47,73,28,44
1,<environment.Job instance at 0x7f0af79d7690>,27,1,[8 3],28,73,74,45,65
1,<environment.Job instance at 0x7f0af79d7730>,28,12,[5 5],29,74,86,45,65
1,<environment.Job instance at 0x7f0b42862be0>,2,1,[8 3],3,3,4,0,3
1,<environment.Job instance at 0x7f0b41fde910>,6,12,[4 6],7,7,19,0,7
1,<environment.Job instance at 0x7f0b41fde870>,8,17,[6 5],9,22,39,13,22
1,<environment.Job instance at 0x7f0b3b613640>,16,3,[5 4],17,39,42,22,33
1,<environment.Job instance at 0x7f0b3b6130f0>,15,15,[2 7],16,42,57,26,33
1,<environment.Job instance at 0x7f0b3b613c30>,22,14,[8 2],23,42,56,19,39
1,<environment.Job instance at 0x7f0b3b613460>,18,16,[5 6],19,57,73,38,44
1,<environment.Job instance at 0x7f0b3b613320>,27,16,[5 1],28,56,72,28,53
1,<environment.Job instance at 0x7f0b41af1f00>,13,17,[5 5],14,73,90,59,61
1,<environment.Job instance at 0x7f0b3b10cc80>,1,13,[7 2],2,2,15,0,2
1,<environment.Job instance at 0x7f0b3b372140>,7,1,[3 7],8,8,9,0,8
1,<environment.Job instance at 0x7f0af7a4b910>,8,19,[7 1],9,15,34,6,9
1,<environment.Job instance at 0x7f0af7af7730>,13,15,[ 1 10],14,34,49,20,20
1,<environment.Job instance at 0x7f0b3b55d0f0>,20,3,[9 1],21,49,52,28,29
1,<environment.Job instance at 0x7f0b41d1ea00>,22,1,[5 3],23,52,53,29,34
1,<environment.Job instance at 0x7f0af77a8730>,25,22,[2 7],26,52,74,26,45
1,<environment.Job instance at 0x7f0b3b3750a0>,28,18,[ 5 10],29,74,92,45,64
1,<environment.Job instance at 0x7f0af79ac870>,1,25,[9 2],2,4,29,2,4
1,<environment.Job instance at 0x7f0b3b1cd050>,5,17,[5 8],6,29,46,23,17
1,<environment.Job instance at 0x7f0b3b1cde60>,6,14,[9 2],7,46,60,39,31
1,<environment.Job instance at 0x7f0af788c4b0>,16,17,[7 3],17,60,77,43,54
1,<environment.Job instance at 0x7f0af7573a50>,39,13,[9 2],40,77,90,37,67
1,<environment.Job instance at 0x7f0b3b409c80>,0,16,[2 6],1,1,17,0,1
1,<environment.Job instance at 0x7f0b3b409410>,8,16,[5 9],9,17,33,8,10
1,<environment.Job instance at 0x7f0b3b409a50>,3,17,[5 3],4,33,50,29,28
1,<environment.Job instance at 0x7f0af7a54a00>,20,22,[4 7],21,67,89,46,67
1,<environment.Job instance at 0x7f0b3b252a50>,4,15,[8 3],5,5,20,0,5
1,<environment.Job instance at 0x7f0b41e985f0>,7,21,[5 1],8,20,41,12,15
1,<environment.Job instance at 0x7f0b3b252410>,8,16,[5 4],9,20,36,11,19
1,<environment.Job instance at 0x7f0b42719c80>,12,20,[5 7],13,36,56,23,27
1,<environment.Job instance at 0x7f0b3b796e10>,24,15,[3 7],25,56,71,31,42
1,<environment.Job instance at 0x7f0b41fd4500>,29,3,[9 4],30,71,74,41,65
1,<environment.Job instance at 0x7f0b41fd46e0>,30,12,[8 1],31,74,86,43,65
1,<environment.Job instance at 0x7f0af79284b0>,32,18,[1 5],33,71,89,38,68
1,<environment.Job instance at 0x7f0b3b0f60a0>,1,1,[2 6],2,2,3,0,2
1,<environment.Job instance at 0x7f0b3b3ac9b0>,3,3,[3 6],4,4,7,0,4
1,<environment.Job instance at 0x7f0af7530a50>,4,14,[4 5],5,7,21,2,5
1,<environment.Job instance at 0x7f0af770a550>,9,16,[3 5],10,11,27,1,11
1,<environment.Job instance at 0x7f0af74040f0>,17,2,[2 9],18,27,29,9,24
1,<environment.Job instance at 0x7f0af7404140>,18,3,[3 5],19,24,27,5,24
1,<environment.Job instance at 0x7f0b41c1daf0>,14,15,[9 5],15,29,44,14,26
1,<environment.Job instance at 0x7f0af7404820>,21,14,[ 1 10],22,44,58,22,36
1,<environment.Job instance at 0x7f0b42086640>,33,12,[4 6],34,58,70,24,57
1,<environment.Job instance at 0x7f0b42086c30>,34,17,[6 1],35,58,75,23,57
1,<environment.Job instance at 0x7f0b41fc2230>,38,12,[7 3],39,75,87,36,59
1,<environment.Job instance at 0x7f0af75f9fa0>,27,23,[3 7],28,70,93,42,69
1,<environment.Job instance at 0x7f0b41fc24b0>,2,2,[10  5],3,3,5,0,3
1,<environment.Job instance at 0x7f0af757faf0>,3,14,[5 8],4,5,19,1,4
1,<environment.Job instance at 0x7f0b3b24c820>,4,14,[4 8],5,19,33,14,5
1,<environment.Job instance at 0x7f0b3b24ce10>,11,12,[2 9],12,33,45,21,16
1,<environment.Job instance at 0x7f0b3b21b460>,17,1,[5 4],18,45,46,27,23
1,<environment.Job instance at 0x7f0b3b24cbe0>,9,3,[2 6],10,45,48,35,24
1,<environment.Job instance at 0x7f0b3b21bc80>,25,13,[1 5],26,48,61,22,32
1,<environment.Job instance at 0x7f0b3b21bb90>,26,21,[7 5],27,48,69,21,40
1,<environment.Job instance at 0x7f0b3b231230>,30,2,[9 2],31,69,71,38,58
1,<environment.Job instance at 0x7f0b3b2315a0>,32,18,[8 5],33,71,89,38,64
1,<environment.Job instance at 0x7f0b41e97c30>,3,13,[4 6],4,4,17,0,4
1,<environment.Job instance at 0x7f0b3b727d70>,7,18,[7 4],8,17,35,9,8
1,<environment.Job instance at 0x7f0b3b7a9780>,18,18,[2 6],19,20,38,1,20
1,<environment.Job instance at 0x7f0b3b7a9be0>,21,13,[4 8],22,38,51,16,26
1,<environment.Job instance at 0x7f0b3b7a9e60>,24,15,[5 8],25,51,66,26,39
1,<environment.Job instance at 0x7f0b3b727a00>,16,24,[3 5],17,66,90,49,63
1,<environment.Job instance at 0x7f0b41ef3320>,0,13,[4 7],1,1,14,0,1
1,<environment.Job instance at 0x7f0af76c2820>,3,2,[8 4],4,14,16,10,4
1,<environment.Job instance at 0x7f0af76c2870>,7,3,[8 1],8,16,19,8,9
1,<environment.Job instance at 0x7f0af76c29b0>,12,2,[ 2 10],13,19,21,6,13
1,<environment.Job instance at 0x7f0b425f0f00>,11,16,[ 3 10],12,21,37,9,14
1,<environment.Job instance at 0x7f0b425f0410>,21,18,[8 1],22,37,55,15,37
1,<environment.Job instance at 0x7f0b41ae6870>,24,17,[2 5],25,42,59,17,42
1,<environment.Job instance at 0x7f0b41ae6d20>,28,17,[2 5],29,55,72,26,45
1,<environment.Job instance at 0x7f0af7a24690>,0,13,[7 2],1,2,15,1,2
1,<environment.Job instance at 0x7f0af75e98c0>,7,14,[7 3],8,15,29,7,11
1,<environment.Job instance at 0x7f0af75e9f50>,16,17,[10  1],17,29,46,12,19
1,<environment.Job instance at 0x7f0b3b27bd70>,4,2,[6 2],5,46,48,41,25
1,<environment.Job instance at 0x7f0af75e9af0>,12,18,[7 3],13,48,66,35,39
1,<environment.Job instance at 0x7f0af75da8c0>,27,16,[9 1],28,66,82,38,55
1,<environment.Job instance at 0x7f0b41adb640>,0,2,[4 8],1,1,3,0,1
1,<environment.Job instance at 0x7f0b41adb7d0>,2,1,[2 8],3,3,4,0,3
1,<environment.Job instance at 0x7f0b41adbaa0>,3,1,[7 2],4,4,5,0,4
1,<environment.Job instance at 0x7f0b41adb780>,7,18,[4 9],8,13,31,5,13
1,<environment.Job instance at 0x7f0b3b397a50>,13,13,[4 9],14,31,44,17,17
1,<environment.Job instance at 0x7f0b3b397910>,17,18,[5 1],18,18,36,0,18
1,<environment.Job instance at 0x7f0b3b2a4dc0>,24,13,[6 2],25,44,57,19,31
1,<environment.Job instance at 0x7f0b3b397d20>,15,17,[2 8],16,44,61,28,34
1,<environment.Job instance at 0x7f0b41d9d190>,3,28,[2 8],4,4,32,0,4
1,<environment.Job instance at 0x7f0af799a870>,13,2,[6 4],14,32,34,18,14
1,<environment.Job instance at 0x7f0b3b0626e0>,17,14,[2 6],18,32,46,14,18
1,<environment.Job instance at 0x7f0b41d9d870>,8,3,[ 4 10],9,46,49,37,23
1,<environment.Job instance at 0x7f0af7c1d960>,27,3,[1 9],28,49,52,21,35
1,<environment.Job instance at 0x7f0b3b38ed20>,25,1,[10  5],26,52,53,26,35
1,<environment.Job instance at 0x7f0b42119d70>,28,16,[ 5 10],29,53,69,24,40
1,<environment.Job instance at 0x7f0b3b6c6780>,37,1,[2 6],38,69,70,31,56
1,<environment.Job instance at 0x7f0b3b466780>,20,16,[5 9],21,70,86,49,60
1,<environment.Job instance at 0x7f0af78d8b90>,0,12,[2 5],1,1,13,0,1
1,<environment.Job instance at 0x7f0af7aea230>,10,25,[10  4],11,13,38,2,11
1,<environment.Job instance at 0x7f0af7aeabe0>,19,13,[ 5 10],20,38,51,18,26
1,<environment.Job instance at 0x7f0af7aba550>,0,16,[5 5],1,1,17,0,1
1,<environment.Job instance at 0x7f0b3b6a9500>,7,17,[1 8],8,17,34,9,8
1,<environment.Job instance at 0x7f0b3b611230>,5,14,[8 1],6,23,37,17,23
1,<environment.Job instance at 0x7f0b3b19d460>,19,1,[2 6],20,34,35,14,23
1,<environment.Job instance at 0x7f0b3b323640>,17,2,[5 9],18,37,39,19,23
1,<environment.Job instance at 0x7f0af782acd0>,23,1,[ 1 10],24,39,40,15,24
1,<environment.Job instance at 0x7f0b3b19ddc0>,20,12,[3 5],21,40,52,19,26
1,<environment.Job instance at 0x7f0af764a0a0>,31,16,[6 5],32,40,56,8,39
1,<environment.Job instance at 0x7f0af7bae320>,24,16,[4 9],25,56,72,31,43
1,<environment.Job instance at 0x7f0b4225c140>,42,22,[7 2],43,72,94,29,66
1,<environment.Job instance at 0x7f0b42041be0>,0,16,[4 6],1,1,17,0,1
1,<environment.Job instance at 0x7f0b3b356910>,17,18,[4 9],18,30,48,12,30
1,<environment.Job instance at 0x7f0b4225c2d0>,19,16,[5 8],20,48,64,28,35
1,<environment.Job instance at 0x7f0b3b051460>,21,24,[2 7],22,64,88,42,61
1,<environment.Job instance at 0x7fb5ff53b4b0>,3,17,[ 5 10],4,4,21,0,4
1,<environment.Job instance at 0x7fb5fa0e7230>,8,16,[1 8],9,21,37,12,13
1,<environment.Job instance at 0x7fb5fa0e7c80>,15,16,[5 5],16,37,53,21,24
1,<environment.Job instance at 0x7fb5fa0e7be0>,14,18,[1 6],15,53,71,38,43
1,<environment.Job instance at 0x7fb5fa0e9a50>,29,18,[5 1],30,48,66,18,48
1,<environment.Job instance at 0x7fb5fa0e9870>,26,16,[9 1],27,66,82,39,56
1,<environment.Job instance at 0x7fb5fa0e9cd0>,33,15,[5 3],34,82,97,48,68
1,<environment.Job instance at 0x7fb5ff660fa0>,0,19,[9 2],1,2,21,1,2
1,<environment.Job instance at 0x7fb5bf0d5c80>,8,16,[ 5 10],9,21,37,12,11
1,<environment.Job instance at 0x7fb5ff66d0f0>,10,14,[10  4],11,37,51,26,24
1,<environment.Job instance at 0x7fb5ff51efa0>,25,12,[10  3],26,51,63,25,35
1,<environment.Job instance at 0x7fb5ff51eb40>,31,18,[5 5],32,63,81,31,52
1,<environment.Job instance at 0x7fb5ff672460>,35,12,[2 6],36,81,93,45,69
1,<environment.Job instance at 0x7fb5ff672190>,37,3,[4 8],38,93,96,55,71
1,<environment.Job instance at 0x7fb5ff672fa0>,36,1,[8 4],37,81,82,44,72
1,<environment.Job instance at 0x7fb5b47305f0>,1,2,[ 2 10],2,2,4,0,2
1,<environment.Job instance at 0x7fb5b441b780>,3,12,[ 2 10],4,4,16,0,4
1,<environment.Job instance at 0x7fb5b441b870>,4,15,[4 8],5,16,31,11,5
1,<environment.Job instance at 0x7fb5b4478140>,19,13,[2 7],20,31,44,11,28
1,<environment.Job instance at 0x7fb5b441b730>,15,17,[1 5],16,44,61,28,32
1,<environment.Job instance at 0x7fb5b44781e0>,28,17,[6 1],29,44,61,15,44
1,<environment.Job instance at 0x7fb5b4478af0>,20,13,[4 9],21,61,74,40,47
1,<environment.Job instance at 0x7fb5b4478870>,32,18,[ 3 10],33,74,92,41,66
1,<environment.Job instance at 0x7fb5b437d820>,1,15,[6 4],2,2,17,0,2
1,<environment.Job instance at 0x7fb5b47f9730>,20,25,[2 7],21,21,46,0,21
1,<environment.Job instance at 0x7fb5b4a17050>,28,14,[10  4],29,46,60,17,32
1,<environment.Job instance at 0x7fb5b4a17a00>,30,14,[4 9],31,60,74,29,45
1,<environment.Job instance at 0x7fb5b4381be0>,36,12,[8 4],37,74,86,37,60
1,<environment.Job instance at 0x7fb5b43811e0>,40,13,[5 1],41,86,99,45,70
1,<environment.Job instance at 0x7fb5b48e8870>,2,12,[6 4],3,3,15,0,3
1,<environment.Job instance at 0x7fb5b44782d0>,5,18,[5 9],6,15,33,9,11
1,<environment.Job instance at 0x7fb5b47d97d0>,20,14,[8 5],21,33,47,12,21
1,<environment.Job instance at 0x7fb5b47d9190>,15,1,[9 1],16,47,48,31,27
1,<environment.Job instance at 0x7fb5b47d9eb0>,28,24,[5 8],29,48,72,19,43
1,<environment.Job instance at 0x7fb5b47d0780>,38,17,[6 5],39,72,89,33,61
1,<environment.Job instance at 0x7fb5b47d0a50>,42,18,[ 4 10],43,89,107,46,78
1,<environment.Job instance at 0x7fb5b47d0be0>,1,3,[2 5],2,2,5,0,2
1,<environment.Job instance at 0x7fb5f9faa1e0>,10,12,[6 2],11,17,29,6,17
1,<environment.Job instance at 0x7fb5f9faa780>,11,23,[9 3],12,29,52,17,23
1,<environment.Job instance at 0x7fb5f9faa5a0>,14,15,[2 9],15,52,67,37,40
1,<environment.Job instance at 0x7fb5f9faa190>,23,3,[1 5],24,67,70,43,54
1,<environment.Job instance at 0x7fb5f9faaa50>,25,15,[ 1 10],26,70,85,44,56
1,<environment.Job instance at 0x7fb5b47975f0>,29,18,[8 3],30,85,103,55,74
1,<environment.Job instance at 0x7fb5fce0a460>,0,18,[1 8],1,1,19,0,1
1,<environment.Job instance at 0x7fb5b4485b90>,3,15,[1 7],4,19,34,15,6
1,<environment.Job instance at 0x7fb5fa500320>,11,25,[9 2],12,14,39,2,14
1,<environment.Job instance at 0x7fb5fc8e2eb0>,9,14,[8 3],10,39,53,29,26
1,<environment.Job instance at 0x7fb5f9ef44b0>,32,26,[5 5],33,53,79,20,50
1,<environment.Job instance at 0x7fb5fa016b90>,33,16,[5 1],34,54,70,20,54
1,<environment.Job instance at 0x7fb5fa016370>,37,17,[5 7],38,79,96,41,68
1,<environment.Job instance at 0x7fb5fa593fa0>,0,16,[2 6],1,1,17,0,1
1,<environment.Job instance at 0x7fb5fc776320>,5,13,[1 8],6,17,30,11,8
1,<environment.Job instance at 0x7fb5fc7764b0>,7,3,[8 4],8,8,11,0,8
1,<environment.Job instance at 0x7fb5fc782320>,11,16,[7 2],12,17,33,5,17
1,<environment.Job instance at 0x7fb5fc782230>,12,15,[5 9],13,33,48,20,19
1,<environment.Job instance at 0x7fb5fc782be0>,22,2,[5 1],23,63,65,40,63
1,<environment.Job instance at 0x7fb5fc782b90>,20,22,[4 7],21,63,85,42,63
1,<environment.Job instance at 0x7fb5fc7f1a00>,1,1,[10  2],2,2,3,0,2
1,<environment.Job instance at 0x7fb5fa182050>,2,20,[5 7],3,3,23,0,3
1,<environment.Job instance at 0x7fb5b4897fa0>,13,3,[2 6],14,23,26,9,14
1,<environment.Job instance at 0x7fb5b4897820>,14,15,[3 7],15,26,41,11,15
1,<environment.Job instance at 0x7fb5b456c370>,20,12,[8 1],21,41,53,20,24
1,<environment.Job instance at 0x7fb5b436c3c0>,24,3,[2 5],25,41,44,16,26
1,<environment.Job instance at 0x7fb5b448a460>,27,15,[2 6],28,44,59,16,34
1,<environment.Job instance at 0x7fb5b468bcd0>,29,3,[9 3],30,59,62,29,35
1,<environment.Job instance at 0x7fb5f9f7b1e0>,33,13,[7 1],34,62,75,28,48
1,<environment.Job instance at 0x7fb5b442c140>,38,17,[10  5],39,75,92,36,63
1,<environment.Job instance at 0x7fb5fc636be0>,1,14,[ 1 10],2,2,16,0,2
1,<environment.Job instance at 0x7fb5b4829af0>,8,13,[5 5],9,16,29,7,9
1,<environment.Job instance at 0x7fb5f9f90550>,13,12,[4 6],14,29,41,15,17
1,<environment.Job instance at 0x7fb5f9f90cd0>,14,17,[6 1],15,29,46,14,19
1,<environment.Job instance at 0x7fb5b49b5050>,9,14,[3 7],10,41,55,31,31
1,<environment.Job instance at 0x7fb5fa06b4b0>,19,13,[8 4],20,55,68,35,50
1,<environment.Job instance at 0x7fb5b465b550>,31,13,[2 6],32,78,91,46,78
1,<environment.Job instance at 0x7fb5b48ca5f0>,2,18,[8 5],3,4,22,1,4
1,<environment.Job instance at 0x7fb5b4812190>,22,15,[4 7],23,27,42,4,27
1,<environment.Job instance at 0x7fb5b48147d0>,28,3,[10  1],29,42,45,13,41
1,<environment.Job instance at 0x7fb5fa077eb0>,16,25,[5 8],17,45,70,28,41
1,<environment.Job instance at 0x7fb5fc9ffeb0>,20,18,[7 2],21,70,88,49,62
1,<environment.Job instance at 0x7fb5b49e6eb0>,3,15,[7 5],4,4,19,0,4
1,<environment.Job instance at 0x7fb5b454e7d0>,5,14,[3 6],6,19,33,13,6
1,<environment.Job instance at 0x7fb5b4aa2c30>,18,14,[9 5],19,33,47,14,20
1,<environment.Job instance at 0x7fb5b4aa2d20>,20,2,[4 7],21,47,49,26,21
1,<environment.Job instance at 0x7fb5b4aa25a0>,24,13,[ 2 10],25,49,62,24,33
1,<environment.Job instance at 0x7fb5b4aa86e0>,29,12,[1 7],30,62,74,32,45
1,<environment.Job instance at 0x7fb5b4aa8b90>,31,1,[2 8],32,74,75,42,51
1,<environment.Job instance at 0x7fb5b4aa2230>,16,15,[3 7],17,75,90,58,75
1,<environment.Job instance at 0x7fb5b4aa2b40>,1,16,[9 1],2,5,21,3,5
1,<environment.Job instance at 0x7fb5b4891c80>,8,2,[6 4],9,21,23,12,9
1,<environment.Job instance at 0x7fb5b4891d20>,9,12,[5 5],10,23,35,13,10
1,<environment.Job instance at 0x7fb5b47f94b0>,16,18,[5 3],17,23,41,6,21
1,<environment.Job instance at 0x7fb5fa5373c0>,18,2,[2 6],19,35,37,16,25
1,<environment.Job instance at 0x7fb5fa537500>,21,16,[5 8],22,41,57,19,28
1,<environment.Job instance at 0x7fb5b420a5a0>,25,17,[5 4],26,57,74,31,45
1,<environment.Job instance at 0x7fb5fa1550a0>,28,14,[9 3],29,74,88,45,59
1,<environment.Job instance at 0x7fb5f9f66e60>,36,17,[10  1],37,88,105,51,77
1,<environment.Job instance at 0x7fb5fcb40af0>,0,18,[4 7],1,1,19,0,1
1,<environment.Job instance at 0x7fb5b42ae730>,27,18,[5 1],28,43,61,15,43
1,<environment.Job instance at 0x7fb5fa0f3190>,28,26,[2 7],29,45,71,16,45
1,<environment.Job instance at 0x7fb5b4326870>,30,13,[5 8],31,71,84,40,55
1,<environment.Job instance at 0x7fb5fa209230>,22,16,[3 6],23,84,100,61,75
1,<environment.Job instance at 0x7fb5fa339af0>,39,1,[5 9],40,100,101,60,77
1,<environment.Job instance at 0x7fb5fcdb1460>,43,2,[ 4 10],44,101,103,57,77
1,<environment.Job instance at 0x7fb5fcdb1fa0>,1,1,[4 5],2,2,3,0,2
1,<environment.Job instance at 0x7fb5b4a8de10>,18,12,[2 9],19,22,34,3,22
1,<environment.Job instance at 0x7fb5b4a82f50>,20,16,[5 9],21,34,50,13,22
1,<environment.Job instance at 0x7fb5fa389460>,22,18,[6 5],23,50,68,27,39
1,<environment.Job instance at 0x7fb5b4a8ab90>,29,15,[10  3],30,68,83,38,63
1,<environment.Job instance at 0x7fb5b47f5230>,0,25,[10  4],1,4,29,3,4
1,<environment.Job instance at 0x7fb5b47f5f50>,3,18,[7 5],4,29,47,25,18
1,<environment.Job instance at 0x7fb5b49fa9b0>,21,3,[ 5 10],22,47,50,25,22
1,<environment.Job instance at 0x7fb5fc844460>,29,16,[2 7],30,50,66,20,44
1,<environment.Job instance at 0x7fb5b47f59b0>,5,15,[10  3],6,66,81,60,52
1,<environment.Job instance at 0x7fb5b49faeb0>,23,15,[7 3],24,81,96,57,69
1,<environment.Job instance at 0x7fb5fca7c280>,0,12,[3 5],1,1,13,0,1
1,<environment.Job instance at 0x7fb5fc8e4960>,5,18,[9 4],6,13,31,7,12
1,<environment.Job instance at 0x7fb5b42d4f00>,16,2,[7 3],17,31,33,14,18
1,<environment.Job instance at 0x7fb5fc7698c0>,14,15,[5 6],15,33,48,18,21
1,<environment.Job instance at 0x7fb5b42d4870>,18,2,[8 3],19,48,50,29,27
1,<environment.Job instance at 0x7fb5fc769fa0>,12,18,[9 5],13,50,68,37,40
1,<environment.Job instance at 0x7fb5b48c6550>,31,2,[6 1],32,68,70,36,49
1,<environment.Job instance at 0x7fb5b48c6f50>,32,16,[1 6],33,68,84,35,55
1,<environment.Job instance at 0x7fb5fca49f00>,39,28,[6 1],40,70,98,30,69
1,<environment.Job instance at 0x7fb5fca49230>,41,2,[1 9],42,84,86,42,69
1,<environment.Job instance at 0x7fb5b49cf190>,0,14,[10  5],1,1,15,0,1
1,<environment.Job instance at 0x7fb5fa11e280>,5,13,[8 4],6,15,28,9,6
1,<environment.Job instance at 0x7fb5fa11ee60>,18,17,[5 9],19,28,45,9,19
1,<environment.Job instance at 0x7fb5fa11ea50>,13,15,[6 5],14,45,60,31,34
1,<environment.Job instance at 0x7fb5fa12ed70>,35,17,[2 5],36,45,62,9,45
1,<environment.Job instance at 0x7fb5fa12eb90>,33,18,[7 2],34,60,78,26,49
1,<environment.Job instance at 0x7fb5fa1260a0>,37,12,[3 7],38,66,78,28,66
1,<environment.Job instance at 0x7fb5fa126aa0>,41,3,[10  4],42,78,81,36,66
1,<environment.Job instance at 0x7fb5fa126960>,42,14,[10  4],43,81,95,38,67
1,<environment.Job instance at 0x7fb5fa126a50>,43,2,[4 7],44,95,97,51,68
1,<environment.Job instance at 0x7fb5fa12bb90>,0,12,[3 7],1,1,13,0,1
1,<environment.Job instance at 0x7fb5fc9fc780>,25,15,[9 4],26,31,46,5,31
1,<environment.Job instance at 0x7fb5fcbbb320>,26,14,[10  3],27,46,60,19,36
1,<environment.Job instance at 0x7fb5fc85aa00>,28,15,[8 5],29,60,75,31,56
1,<environment.Job instance at 0x7fb5fa35e140>,36,15,[8 5],37,75,90,38,64
1,<environment.Job instance at 0x7fb5fa217b40>,0,18,[2 7],1,1,19,0,1
1,<environment.Job instance at 0x7fb5fa5ffeb0>,11,17,[3 9],12,19,36,7,12
1,<environment.Job instance at 0x7fb5fc823550>,21,13,[5 5],22,36,49,14,24
1,<environment.Job instance at 0x7fb5b49e6be0>,25,12,[3 9],26,49,61,23,32
1,<environment.Job instance at 0x7fb5b4a65050>,29,14,[10  4],30,61,75,31,46
1,<environment.Job instance at 0x7fb5fa2d2a00>,38,18,[6 3],39,75,93,36,70
1,<environment.Job instance at 0x7f8543dc1780>,1,1,[3 7],2,2,3,0,2
1,<environment.Job instance at 0x7f8543d7d2d0>,2,13,[10  1],3,3,16,0,3
1,<environment.Job instance at 0x7f853e96d280>,3,17,[ 5 10],4,16,33,12,6
1,<environment.Job instance at 0x7f853e96d640>,7,16,[5 8],8,33,49,25,21
1,<environment.Job instance at 0x7f853e96f140>,20,14,[4 8],21,49,63,28,35
1,<environment.Job instance at 0x7f853e96fc80>,34,19,[3 7],35,65,84,30,65
1,<environment.Job instance at 0x7f853e96f960>,29,18,[5 1],30,71,89,41,71
1,<environment.Job instance at 0x7f853e974460>,39,1,[2 7],40,84,85,44,75
1,<environment.Job instance at 0x7f853e9746e0>,46,18,[2 7],47,85,103,38,85
1,<environment.Job instance at 0x7f853e96d780>,10,12,[5 5],11,103,115,92,88
1,<environment.Job instance at 0x7f853e96d7d0>,1,20,[5 2],2,2,22,0,2
1,<environment.Job instance at 0x7f8543ee60f0>,11,16,[6 3],12,22,38,10,13
1,<environment.Job instance at 0x7f8543eeccd0>,15,12,[10  3],16,38,50,22,25
1,<environment.Job instance at 0x7f8543eece60>,16,1,[ 4 10],17,50,51,33,25
1,<environment.Job instance at 0x7f8543ef3780>,32,19,[5 8],33,53,72,20,53
1,<environment.Job instance at 0x7f8543eeafa0>,41,17,[5 9],42,72,89,30,64
1,<environment.Job instance at 0x7f8543ef1e60>,44,17,[5 3],45,89,106,44,80
1,<environment.Job instance at 0x7f84f8c6aa00>,0,13,[4 9],1,1,14,0,1
1,<environment.Job instance at 0x7f8543eee1e0>,5,2,[6 4],6,14,16,8,8
1,<environment.Job instance at 0x7f84f8c6a140>,8,17,[6 1],9,16,33,7,9
1,<environment.Job instance at 0x7f84f8c380f0>,22,13,[9 4],23,33,46,10,25
1,<environment.Job instance at 0x7f84f8c67dc0>,17,17,[2 8],18,46,63,28,35
1,<environment.Job instance at 0x7f84f8c5c190>,31,17,[7 2],32,46,63,14,46
1,<environment.Job instance at 0x7f84f8c38140>,21,17,[7 5],22,63,80,41,51
1,<environment.Job instance at 0x7f84f8c5c4b0>,35,13,[1 7],36,80,93,44,64
1,<environment.Job instance at 0x7f84f8cb1d70>,40,22,[5 5],41,93,115,52,86
1,<environment.Job instance at 0x7f853ee15820>,0,14,[4 9],1,1,15,0,1
1,<environment.Job instance at 0x7f84f90ff7d0>,6,12,[8 4],7,15,27,8,7
1,<environment.Job instance at 0x7f84f911dc30>,12,16,[ 4 10],13,27,43,14,15
1,<environment.Job instance at 0x7f84f90ffe60>,8,12,[1 5],9,43,55,34,29
1,<environment.Job instance at 0x7f84f911deb0>,13,18,[1 9],14,55,73,41,44
1,<environment.Job instance at 0x7f84f8c63640>,27,12,[5 9],28,73,85,45,56
1,<environment.Job instance at 0x7f84f8c63cd0>,26,12,[2 9],27,85,97,58,68
1,<environment.Job instance at 0x7f84f90b7aa0>,0,13,[4 8],1,1,14,0,1
1,<environment.Job instance at 0x7f84f905e640>,13,20,[ 5 10],14,14,34,0,14
1,<environment.Job instance at 0x7f84f905e230>,9,14,[3 5],10,34,48,24,19
1,<environment.Job instance at 0x7f84f905eb90>,17,16,[5 1],18,34,50,16,23
1,<environment.Job instance at 0x7f84f905ec30>,18,1,[5 3],19,48,49,29,24
1,<environment.Job instance at 0x7f84f905e910>,16,18,[8 4],17,50,68,33,39
1,<environment.Job instance at 0x7f84f9068690>,25,17,[2 5],26,49,66,23,40
1,<environment.Job instance at 0x7f84f9068af0>,29,13,[1 9],30,68,81,38,56
1,<environment.Job instance at 0x7f84f9071780>,44,12,[ 5 10],45,81,93,36,69
1,<environment.Job instance at 0x7f84f9068f00>,35,17,[2 5],36,93,110,57,83
1,<environment.Job instance at 0x7f853ed31f50>,0,16,[4 6],1,1,17,0,1
1,<environment.Job instance at 0x7f853ed31730>,3,27,[4 8],4,26,53,22,26
1,<environment.Job instance at 0x7f853ed35320>,30,18,[1 8],31,53,71,22,43
1,<environment.Job instance at 0x7f853ee1ce60>,34,13,[5 2],35,53,66,18,53
1,<environment.Job instance at 0x7f853ee1cd70>,33,15,[1 7],34,71,86,37,58
1,<environment.Job instance at 0x7f853ee1cb40>,40,15,[5 3],41,71,86,30,64
1,<environment.Job instance at 0x7f853ee1c230>,38,16,[9 4],39,86,102,47,78
1,<environment.Job instance at 0x7f84f8e062d0>,2,1,[4 6],3,3,4,0,3
1,<environment.Job instance at 0x7f853eababe0>,3,12,[7 1],4,4,16,0,4
1,<environment.Job instance at 0x7f84f8ec5c30>,9,24,[10  4],10,16,40,6,15
1,<environment.Job instance at 0x7f84f9032320>,18,13,[4 5],19,40,53,21,25
1,<environment.Job instance at 0x7f853ea0bb40>,24,22,[6 5],25,40,62,15,39
1,<environment.Job instance at 0x7f84f8e0c230>,26,16,[10  3],27,62,78,35,50
1,<environment.Job instance at 0x7f853e9cc320>,31,16,[7 2],32,78,94,46,68
1,<environment.Job instance at 0x7f84f8c5b4b0>,4,15,[8 3],5,5,20,0,5
1,<environment.Job instance at 0x7f84f8c5b640>,6,17,[4 8],7,20,37,13,9
1,<environment.Job instance at 0x7f84f8c5b460>,8,16,[5 4],9,37,53,28,29
1,<environment.Job instance at 0x7f84f8c640f0>,19,3,[1 6],20,42,45,22,42
1,<environment.Job instance at 0x7f84f8c5bf50>,18,18,[5 9],19,53,71,34,42
1,<environment.Job instance at 0x7f84f8c645f0>,24,15,[3 7],25,71,86,46,59
1,<environment.Job instance at 0x7f84f8c64a50>,29,3,[9 4],30,86,89,56,86
1,<environment.Job instance at 0x7f84f8c64b90>,32,18,[1 5],33,88,106,55,88
1,<environment.Job instance at 0x7f84f8c64280>,21,17,[7 2],22,89,106,67,88
1,<environment.Job instance at 0x7f853ea8e640>,0,13,[9 4],1,2,15,1,2
1,<environment.Job instance at 0x7f84f9141730>,7,23,[3 7],8,15,38,7,11
1,<environment.Job instance at 0x7f84f8ba0d70>,22,18,[8 5],23,38,56,15,28
1,<environment.Job instance at 0x7f853f068500>,25,21,[3 8],26,56,77,30,48
1,<environment.Job instance at 0x7f853ee71d70>,1,14,[ 1 10],2,77,91,75,76
1,<environment.Job instance at 0x7f853e75f550>,3,12,[5 5],4,4,16,0,4
1,<environment.Job instance at 0x7f853e75f9b0>,6,25,[5 8],7,17,42,10,17
1,<environment.Job instance at 0x7f84f8dc72d0>,23,17,[7 5],24,42,59,18,33
1,<environment.Job instance at 0x7f84f8dc7d70>,25,13,[6 3],26,59,72,33,44
1,<environment.Job instance at 0x7f853ee245a0>,31,15,[ 3 10],32,72,87,40,72
1,<environment.Job instance at 0x7f84f8fd4780>,27,23,[ 1 10],28,87,110,59,82
1,<environment.Job instance at 0x7f84f9084960>,1,15,[7 5],2,2,17,0,2
1,<environment.Job instance at 0x7f853ed6afa0>,11,1,[2 8],12,17,18,5,12
1,<environment.Job instance at 0x7f853ed862d0>,12,14,[10  5],13,18,32,5,13
1,<environment.Job instance at 0x7f853ed86500>,13,2,[8 4],14,32,34,18,14
1,<environment.Job instance at 0x7f853ed860a0>,10,13,[4 7],11,34,47,23,18
1,<environment.Job instance at 0x7f853ed86e10>,22,2,[ 2 10],23,47,49,24,32
1,<environment.Job instance at 0x7f853ed86b40>,24,12,[5 3],25,34,46,9,34
1,<environment.Job instance at 0x7f853ed9b0f0>,27,15,[10  2],28,49,64,21,35
1,<environment.Job instance at 0x7f853ed9b2d0>,31,18,[8 1],32,64,82,32,55
1,<environment.Job instance at 0x7f853ed9ba50>,34,17,[2 5],35,64,81,29,58
1,<environment.Job instance at 0x7f853ed9bc30>,38,17,[2 5],39,81,98,42,69
1,<environment.Job instance at 0x7f853ed9e320>,46,1,[7 1],47,88,89,41,88
1,<environment.Job instance at 0x7f84f8e2a870>,2,18,[7 3],3,3,21,0,3
1,<environment.Job instance at 0x7f84f8e2ad20>,8,21,[1 8],9,21,42,12,16
1,<environment.Job instance at 0x7f84f90844b0>,17,16,[9 1],18,21,37,3,18
1,<environment.Job instance at 0x7f84f9084050>,22,17,[9 1],23,37,54,14,30
1,<environment.Job instance at 0x7f84f8d65af0>,27,17,[9 4],28,54,71,26,43
1,<environment.Job instance at 0x7f84f8b60af0>,38,17,[8 3],39,73,90,34,73
1,<environment.Job instance at 0x7f84f8b600f0>,40,15,[6 5],41,90,105,49,82
1,<environment.Job instance at 0x7f84f8b60320>,43,3,[8 2],44,105,108,61,84
1,<environment.Job instance at 0x7f853e87d8c0>,0,22,[7 3],1,2,24,1,2
1,<environment.Job instance at 0x7f853f5110a0>,12,15,[2 5],13,18,33,5,18
1,<environment.Job instance at 0x7f853ef2d9b0>,15,15,[4 5],16,24,39,8,23
1,<environment.Job instance at 0x7f853eaf8d20>,19,19,[5 5],20,38,57,18,38
1,<environment.Job instance at 0x7f853eaf8fa0>,25,14,[5 5],26,41,55,15,41
1,<environment.Job instance at 0x7f853eaf8640>,26,16,[8 1],27,57,73,30,44
1,<environment.Job instance at 0x7f853eaf8780>,31,17,[1 9],32,57,74,25,49
1,<environment.Job instance at 0x7f853e6ecfa0>,37,16,[1 6],38,74,90,36,61
1,<environment.Job instance at 0x7f853e6ec690>,43,28,[2 8],44,90,118,46,89
1,<environment.Job instance at 0x7f84f8e77cd0>,0,12,[2 5],1,1,13,0,1
1,<environment.Job instance at 0x7f84f8be5230>,4,14,[8 3],5,6,20,1,6
1,<environment.Job instance at 0x7f853f39fe60>,8,15,[2 6],9,13,28,4,9
1,<environment.Job instance at 0x7f84f8be5aa0>,7,1,[6 4],8,20,21,12,15
1,<environment.Job instance at 0x7f84f8bbbb90>,18,13,[6 1],19,21,34,2,20
1,<environment.Job instance at 0x7f84f8bbb4b0>,21,2,[3 6],22,28,30,6,23
1,<environment.Job instance at 0x7f84f8bbb9b0>,16,14,[9 3],17,34,48,17,25
1,<environment.Job instance at 0x7f853ecb9b90>,23,17,[6 2],24,48,65,24,44
1,<environment.Job instance at 0x7f853ecbb460>,31,3,[3 7],32,48,51,16,44
1,<environment.Job instance at 0x7f853ed731e0>,5,24,[2 7],6,51,75,45,46
1,<environment.Job instance at 0x7f853eb74640>,41,3,[6 4],42,75,78,33,57
1,<environment.Job instance at 0x7f853f3b72d0>,42,20,[6 5],43,78,98,35,69
1,<environment.Job instance at 0x7f84f8f9e320>,43,3,[5 6],44,98,101,54,72
1,<environment.Job instance at 0x7f853f105320>,53,15,[7 3],54,101,116,47,88
1,<environment.Job instance at 0x7f853f49d140>,0,16,[5 5],1,1,17,0,1
1,<environment.Job instance at 0x7f853f16c8c0>,6,15,[9 4],7,17,32,10,7
1,<environment.Job instance at 0x7f84f91878c0>,18,12,[4 8],19,32,44,13,19
1,<environment.Job instance at 0x7f853ee2acd0>,22,20,[9 3],23,44,64,21,35
1,<environment.Job instance at 0x7f853ebafbe0>,33,17,[9 3],34,64,81,30,52
1,<environment.Job instance at 0x7f853ebaf1e0>,34,15,[5 6],35,81,96,46,77
1,<environment.Job instance at 0x7f853f0501e0>,44,12,[2 6],45,96,108,51,79
1,<environment.Job instance at 0x7f84f88f5690>,7,26,[8 5],8,13,39,5,13
1,<environment.Job instance at 0x7f84f88f5dc0>,11,16,[9 3],12,39,55,27,26
1,<environment.Job instance at 0x7f84f8a1f870>,23,15,[6 5],24,55,70,31,42
1,<environment.Job instance at 0x7f84f8a1f460>,25,2,[1 8],26,70,72,44,58
1,<environment.Job instance at 0x7f84f8a1faa0>,26,13,[ 1 10],27,72,85,45,60
1,<environment.Job instance at 0x7f84f8a1f320>,28,17,[5 9],29,85,102,56,74
1,<environment.Job instance at 0x7f84f8a53190>,37,12,[5 3],38,102,114,64,88
1,<environment.Job instance at 0x7f84f8a537d0>,40,2,[5 8],41,114,116,73,88
1,<environment.Job instance at 0x7f84f8a53c80>,41,3,[2 7],42,102,105,60,88
1,<environment.Job instance at 0x7f84f8a6e230>,0,12,[3 7],1,1,13,0,1
1,<environment.Job instance at 0x7f853ee55050>,13,15,[8 3],14,21,36,7,21
1,<environment.Job instance at 0x7f853ee28f50>,23,18,[5 8],24,36,54,12,25
1,<environment.Job instance at 0x7f84f8fb8410>,27,18,[10  1],28,54,72,26,43
1,<environment.Job instance at 0x7f853ee42140>,5,18,[6 4],6,72,90,66,66
1,<environment.Job instance at 0x7f853ed2d640>,37,17,[10  5],38,90,107,52,79
1,<environment.Job instance at 0x7f8543b09e60>,1,17,[3 9],2,2,19,0,2
1,<environment.Job instance at 0x7f853f417d70>,13,1,[ 5 10],14,19,20,5,14
1,<environment.Job instance at 0x7f8543da3500>,14,2,[2 5],15,20,22,5,15
1,<environment.Job instance at 0x7f853f69eb90>,15,12,[3 9],16,22,34,6,16
1,<environment.Job instance at 0x7f84f921a640>,16,13,[2 9],17,34,47,17,18
1,<environment.Job instance at 0x7f853f43ac80>,12,17,[8 5],13,47,64,34,38
1,<environment.Job instance at 0x7f84f92230a0>,17,22,[7 5],18,64,86,46,57
1,<environment.Job instance at 0x7f853e7bc870>,3,12,[8 3],4,4,16,0,4
1,<environment.Job instance at 0x7f8543da0140>,6,16,[1 7],7,11,27,4,11
1,<environment.Job instance at 0x7f8543da0e10>,13,12,[5 4],14,27,39,13,14
1,<environment.Job instance at 0x7f8543da0730>,14,17,[2 6],15,27,44,12,15
1,<environment.Job instance at 0x7f84f8be6dc0>,18,2,[3 8],19,44,46,25,19
1,<environment.Job instance at 0x7f84f8be6550>,20,3,[5 3],21,21,24,0,21
1,<environment.Job instance at 0x7f8543da0910>,9,14,[ 3 10],10,46,60,36,32
1,<environment.Job instance at 0x7f84f8eed500>,2,19,[5 6],3,60,79,57,50
1,<environment.Job instance at 0x7f853ee465a0>,29,15,[5 4],30,60,75,30,54
1,<environment.Job instance at 0x7f853ee46c80>,30,17,[5 2],31,75,92,44,64
1,<environment.Job instance at 0x7f8543da0dc0>,7,12,[1 8],8,79,91,71,65
1,<environment.Job instance at 0x7f853ee46aa0>,34,18,[2 8],35,91,109,56,82
1,<environment.Job instance at 0x7f853ef33a50>,0,13,[8 5],1,1,14,0,1
1,<environment.Job instance at 0x7f84f8bba870>,7,14,[10  5],8,14,28,6,8
1,<environment.Job instance at 0x7f84f8da57d0>,13,1,[5 6],14,28,29,14,15
1,<environment.Job instance at 0x7f84f8bba5f0>,14,3,[8 4],15,29,32,14,15
1,<environment.Job instance at 0x7f84f8da5d20>,15,2,[9 3],16,32,34,16,16
1,<environment.Job instance at 0x7f853f31e370>,16,2,[4 6],17,34,36,17,17
1,<environment.Job instance at 0x7f84f8daea50>,22,12,[10  1],23,36,48,13,24
1,<environment.Job instance at 0x7f853e7c0dc0>,29,14,[3 7],30,48,62,18,33
1,<environment.Job instance at 0x7f84f8a0fc80>,39,14,[6 4],40,62,76,22,48
1,<environment.Job instance at 0x7f84f8a1e690>,25,17,[9 2],26,76,93,50,67
1,<environment.Job instance at 0x7f0959d3d140>,0,18,[9 3],1,3,21,2,3
1,<environment.Job instance at 0x7f0952bdd690>,7,16,[5 8],8,21,37,13,8
1,<environment.Job instance at 0x7f0952bdd910>,14,18,[1 6],15,37,55,22,26
1,<environment.Job instance at 0x7f0952bdd960>,13,15,[7 4],14,37,52,23,29
1,<environment.Job instance at 0x7f0952be1460>,25,1,[9 2],26,52,53,26,40
1,<environment.Job instance at 0x7f0952bddd70>,18,12,[1 8],19,55,67,36,41
1,<environment.Job instance at 0x7f0952be1550>,29,18,[5 1],30,53,71,23,44
1,<environment.Job instance at 0x7f0952be1eb0>,34,19,[3 7],35,67,86,32,59
1,<environment.Job instance at 0x7f0952be3640>,42,15,[7 4],43,86,101,43,72
1,<environment.Job instance at 0x7f0952be3be0>,47,1,[1 7],48,101,102,53,86
1,<environment.Job instance at 0x7f0952be3d20>,49,15,[3 9],50,102,117,52,88
1,<environment.Job instance at 0x7f0959d65dc0>,0,3,[1 7],1,1,4,0,1
1,<environment.Job instance at 0x7f0952be5230>,1,16,[6 3],2,2,18,0,2
1,<environment.Job instance at 0x7f0959eac410>,15,12,[2 6],16,18,30,2,18
1,<environment.Job instance at 0x7f0959eac5a0>,18,13,[1 5],19,30,43,11,19
1,<environment.Job instance at 0x7f0959ea9c30>,10,17,[5 3],11,20,37,9,20
1,<environment.Job instance at 0x7f0959eb35f0>,20,16,[5 2],21,37,53,16,24
1,<environment.Job instance at 0x7f0959d664b0>,27,14,[4 5],28,43,57,15,36
1,<environment.Job instance at 0x7f0959eaa050>,34,17,[5 3],35,53,70,18,44
1,<environment.Job instance at 0x7f0959ea90a0>,12,26,[2 7],13,57,83,44,55
1,<environment.Job instance at 0x7f0952be5140>,3,12,[9 2],4,83,95,79,67
1,<environment.Job instance at 0x7f0959d66230>,22,19,[5 8],23,95,114,72,91
1,<environment.Job instance at 0x7f0917065320>,0,2,[1 9],1,1,3,0,1
1,<environment.Job instance at 0x7f0917065f00>,2,13,[9 4],3,3,16,0,3
1,<environment.Job instance at 0x7f0916eb7640>,8,14,[5 5],9,16,30,7,9
1,<environment.Job instance at 0x7f0916f1a550>,15,13,[1 7],16,30,43,14,18
1,<environment.Job instance at 0x7f0916eb7c80>,13,12,[1 9],14,43,55,29,35
1,<environment.Job instance at 0x7f0916f1aeb0>,14,13,[5 9],15,55,68,40,39
1,<environment.Job instance at 0x7f0916f100a0>,28,3,[5 3],29,68,71,39,54
1,<environment.Job instance at 0x7f0916f10140>,27,16,[5 6],28,68,84,40,60
1,<environment.Job instance at 0x7f0916ea5f50>,36,1,[5 5],37,84,85,47,67
1,<environment.Job instance at 0x7f0916ea51e0>,37,12,[5 8],38,85,97,47,70
1,<environment.Job instance at 0x7f0916efd9b0>,40,2,[7 2],41,97,99,56,80
1,<environment.Job instance at 0x7f0916efd050>,45,16,[3 7],46,97,113,51,84
1,<environment.Job instance at 0x7f0916efdf00>,48,15,[9 1],49,113,128,64,99
1,<environment.Job instance at 0x7f0916fb6af0>,0,3,[ 3 10],1,1,4,0,1
1,<environment.Job instance at 0x7f0959eb8f00>,10,14,[5 4],11,11,25,0,11
1,<environment.Job instance at 0x7f0959eb81e0>,9,14,[5 2],10,16,30,6,16
1,<environment.Job instance at 0x7f0959eb86e0>,14,2,[8 4],15,30,32,15,20
1,<environment.Job instance at 0x7f0959eb8910>,15,3,[6 3],16,32,35,16,20
1,<environment.Job instance at 0x7f0917331280>,19,14,[ 3 10],20,35,49,15,21
1,<environment.Job instance at 0x7f0917241550>,4,13,[4 5],5,49,62,44,39
1,<environment.Job instance at 0x7f0917336640>,32,17,[6 1],33,49,66,16,48
1,<environment.Job instance at 0x7f0959eb8d70>,12,15,[2 9],13,62,77,49,50
1,<environment.Job instance at 0x7f0917508140>,39,13,[10  3],40,77,90,37,61
1,<environment.Job instance at 0x7f0917508870>,43,27,[9 5],44,90,117,46,90
1,<environment.Job instance at 0x7f0953234370>,0,1,[3 5],1,1,2,0,1
1,<environment.Job instance at 0x7f09172d16e0>,7,19,[5 3],8,8,27,0,8
1,<environment.Job instance at 0x7f0916e6feb0>,9,3,[5 2],10,13,16,3,13
1,<environment.Job instance at 0x7f09172d1410>,4,12,[ 5 10],5,27,39,22,15
1,<environment.Job instance at 0x7f09172d1b90>,12,17,[2 9],13,39,56,26,28
1,<environment.Job instance at 0x7f09172d0050>,20,17,[8 3],21,56,73,35,44
1,<environment.Job instance at 0x7f09172d04b0>,25,15,[ 1 10],26,73,88,47,59
1,<environment.Job instance at 0x7f09172d1f00>,16,1,[6 3],17,88,89,71,62
1,<environment.Job instance at 0x7f09172d0d70>,37,14,[7 4],38,90,104,52,90
1,<environment.Job instance at 0x7f09172d0e10>,38,16,[3 8],39,104,120,65,92
1,<environment.Job instance at 0x7f09172d4230>,1,13,[8 5],2,2,15,0,2
1,<environment.Job instance at 0x7f0951a1e640>,10,18,[8 1],11,20,38,9,20
1,<environment.Job instance at 0x7f09530d6550>,18,15,[2 7],19,22,37,3,22
1,<environment.Job instance at 0x7f0952fbd640>,24,1,[5 4],25,38,39,13,25
1,<environment.Job instance at 0x7f09530d6e10>,19,18,[1 8],20,39,57,19,30
1,<environment.Job instance at 0x7f0952fbdb40>,29,13,[9 2],30,55,68,25,55
1,<environment.Job instance at 0x7f09530f1c30>,35,19,[9 5],36,68,87,32,58
1,<environment.Job instance at 0x7f095386da50>,43,12,[7 1],44,87,99,43,77
1,<environment.Job instance at 0x7f0951a5f4b0>,49,24,[10  4],50,99,123,49,94
1,<environment.Job instance at 0x7f09170add20>,1,3,[ 4 10],2,2,5,0,2
1,<environment.Job instance at 0x7f0917098e60>,2,3,[2 9],3,5,8,2,3
1,<environment.Job instance at 0x7f095376beb0>,6,13,[3 7],7,8,21,1,8
1,<environment.Job instance at 0x7f09171ddaf0>,11,14,[8 1],12,21,35,9,12
1,<environment.Job instance at 0x7f091721ad20>,17,1,[9 5],18,35,36,17,23
1,<environment.Job instance at 0x7f091721a3c0>,18,13,[1 9],19,36,49,17,23
1,<environment.Job instance at 0x7f09172c83c0>,20,14,[9 5],21,49,63,28,37
1,<environment.Job instance at 0x7f0917111af0>,25,18,[2 5],26,63,81,37,52
1,<environment.Job instance at 0x7f091727f460>,27,17,[7 2],28,63,80,35,52
1,<environment.Job instance at 0x7f0916ecec80>,7,17,[7 4],8,80,97,72,68
1,<environment.Job instance at 0x7f0917030140>,4,14,[3 6],5,81,95,76,81
1,<environment.Job instance at 0x7f0916ffe3c0>,14,15,[9 5],15,97,112,82,87
1,<environment.Job instance at 0x7f0951b1a320>,0,1,[5 6],1,1,2,0,1
1,<environment.Job instance at 0x7f0959c37e60>,1,1,[2 6],2,2,3,0,2
1,<environment.Job instance at 0x7f0951b1aaf0>,3,3,[3 6],4,4,7,0,4
1,<environment.Job instance at 0x7f0917560be0>,5,17,[3 7],6,7,24,1,7
1,<environment.Job instance at 0x7f091759b320>,13,1,[6 4],14,24,25,10,14
1,<environment.Job instance at 0x7f091759b6e0>,17,2,[2 9],18,25,27,7,19
1,<environment.Job instance at 0x7f091759b780>,18,3,[3 5],19,27,30,8,25
1,<environment.Job instance at 0x7f091759b3c0>,16,13,[7 3],17,27,40,10,26
1,<environment.Job instance at 0x7f091759be60>,25,18,[10  2],26,40,58,14,30
1,<environment.Job instance at 0x7f0917576280>,28,13,[5 5],29,58,71,29,54
1,<environment.Job instance at 0x7f091759b960>,20,13,[9 4],21,71,84,50,55
1,<environment.Job instance at 0x7f0917576aa0>,38,12,[7 3],39,84,96,45,67
1,<environment.Job instance at 0x7f091746caf0>,2,18,[8 5],3,4,22,1,4
1,<environment.Job instance at 0x7f09530c1d20>,8,2,[2 7],9,22,24,13,10
1,<environment.Job instance at 0x7f091746c3c0>,6,15,[5 5],7,24,39,17,10
1,<environment.Job instance at 0x7f09530c1140>,9,13,[1 8],10,39,52,29,24
1,<environment.Job instance at 0x7f09534f20a0>,20,18,[7 2],21,39,57,18,34
1,<environment.Job instance at 0x7f0953319190>,27,13,[2 5],28,52,65,24,47
1,<environment.Job instance at 0x7f0953708500>,17,15,[5 9],18,65,80,47,51
1,<environment.Job instance at 0x7f091751d410>,31,16,[5 6],32,80,96,48,72
1,<environment.Job instance at 0x7f09531ede10>,30,21,[5 3],31,90,111,59,90
1,<environment.Job instance at 0x7f091746c9b0>,7,16,[6 1],8,111,127,103,98
1,<environment.Job instance at 0x7f09532aa730>,0,2,[4 7],1,1,3,0,1
1,<environment.Job instance at 0x7f09532aabe0>,1,15,[7 5],2,3,18,1,2
1,<environment.Job instance at 0x7f0916cb2f50>,5,17,[2 6],6,18,35,12,7
1,<environment.Job instance at 0x7f091730a5f0>,17,3,[8 1],18,34,37,16,34
1,<environment.Job instance at 0x7f09534ed550>,19,16,[3 5],20,37,53,17,37
1,<environment.Job instance at 0x7f0917291280>,23,16,[7 4],24,37,53,13,37
1,<environment.Job instance at 0x7f095377ddc0>,24,12,[5 3],25,53,65,28,37
1,<environment.Job instance at 0x7f09171aaf50>,30,18,[6 1],31,65,83,34,57
1,<environment.Job instance at 0x7f091747f870>,14,25,[2 8],15,65,90,50,61
1,<environment.Job instance at 0x7f09533dae60>,41,25,[8 1],42,83,108,41,79
1,<environment.Job instance at 0x7f0952cff370>,5,14,[4 9],6,6,20,0,6
1,<environment.Job instance at 0x7f0952cff820>,10,13,[3 8],11,20,33,9,11
1,<environment.Job instance at 0x7f0952cffd20>,15,16,[1 5],16,33,49,17,24
1,<environment.Job instance at 0x7f0952cff960>,12,17,[9 1],13,33,50,20,25
1,<environment.Job instance at 0x7f0952cdfc30>,28,17,[8 3],29,50,67,21,41
1,<environment.Job instance at 0x7f0952cdfb90>,29,22,[9 3],30,67,89,37,62
1,<environment.Job instance at 0x7f0952d0e190>,36,22,[ 2 10],37,89,111,52,82
1,<environment.Job instance at 0x7f0916ffc6e0>,0,1,[6 3],1,1,2,0,1
1,<environment.Job instance at 0x7f0952d0eaa0>,1,13,[3 5],2,2,15,0,2
1,<environment.Job instance at 0x7f09173ec2d0>,4,1,[10  1],5,15,16,10,5
1,<environment.Job instance at 0x7f09173ec0a0>,5,14,[5 5],6,16,30,10,6
1,<environment.Job instance at 0x7f09173ec370>,6,16,[8 1],7,30,46,23,18
1,<environment.Job instance at 0x7f09173cc960>,18,3,[9 3],19,46,49,27,20
1,<environment.Job instance at 0x7f09173cc5f0>,21,1,[4 5],22,22,23,0,22
1,<environment.Job instance at 0x7f09171cfb90>,29,19,[3 7],30,49,68,19,39
1,<environment.Job instance at 0x7f09531af640>,39,14,[ 3 10],40,68,82,28,62
1,<environment.Job instance at 0x7f09174b7b40>,38,12,[2 9],39,82,94,43,66
1,<environment.Job instance at 0x7f0916c82d20>,48,16,[ 5 10],49,94,110,45,81
1,<environment.Job instance at 0x7f09173ec460>,12,12,[3 6],13,110,122,97,97
1,<environment.Job instance at 0x7f0951b39cd0>,3,18,[7 5],4,4,22,0,4
1,<environment.Job instance at 0x7f0952d95c30>,17,14,[1 6],18,22,36,4,20
1,<environment.Job instance at 0x7f0952d95960>,19,20,[9 2],20,22,42,2,22
1,<environment.Job instance at 0x7f09171f2a00>,23,15,[7 3],24,42,57,18,28
1,<environment.Job instance at 0x7f09171f2370>,26,2,[6 2],27,57,59,30,38
1,<environment.Job instance at 0x7f0952cb52d0>,31,17,[2 7],32,59,76,27,59
1,<environment.Job instance at 0x7f0952cb53c0>,34,15,[4 9],35,76,91,41,65
1,<environment.Job instance at 0x7f09536d8640>,39,12,[10  4],40,91,103,51,75
1,<environment.Job instance at 0x7f09536d8fa0>,40,13,[6 4],41,103,116,62,87
1,<environment.Job instance at 0x7f0951b8d2d0>,44,1,[1 7],45,116,117,71,91
1,<environment.Job instance at 0x7f0953299140>,50,2,[2 7],51,117,119,66,92
1,<environment.Job instance at 0x7f0953299af0>,1,1,[1 6],2,2,3,0,2
1,<environment.Job instance at 0x7f0953299140>,2,22,[7 2],3,3,25,0,3
1,<environment.Job instance at 0x7f0951ad1b90>,16,18,[2 5],17,20,38,3,20
1,<environment.Job instance at 0x7f0951adaa00>,12,16,[1 6],13,38,54,25,29
1,<environment.Job instance at 0x7f0951ad1d70>,21,2,[1 9],22,54,56,32,29
1,<environment.Job instance at 0x7f0951ad14b0>,18,1,[5 8],19,56,57,37,35
1,<environment.Job instance at 0x7f0951ace370>,25,16,[8 4],26,57,73,31,48
1,<environment.Job instance at 0x7f0917146cd0>,30,16,[4 6],31,73,89,42,61
1,<environment.Job instance at 0x7f0953614c30>,36,13,[3 5],37,89,102,52,77
1,<environment.Job instance at 0x7f091700ff50>,40,13,[3 8],41,102,115,61,87
1,<environment.Job instance at 0x7f0951991cd0>,5,18,[7 3],6,10,28,4,10
1,<environment.Job instance at 0x7f0952e9ce10>,14,15,[6 3],15,28,43,13,15
1,<environment.Job instance at 0x7f0916f1e1e0>,20,18,[3 6],21,27,45,6,27
1,<environment.Job instance at 0x7f09531af870>,8,16,[10  5],9,45,61,36,34
1,<environment.Job instance at 0x7f09172ce460>,6,16,[4 5],7,61,77,54,48
1,<environment.Job instance at 0x7f0951af8820>,41,17,[2 6],42,77,94,35,66
1,<environment.Job instance at 0x7f0951af8870>,45,18,[6 4],46,83,101,37,83
1,<environment.Job instance at 0x7f095309a050>,25,18,[9 5],26,101,119,75,93
1,<environment.Job instance at 0x7f09171832d0>,2,15,[9 4],3,3,18,0,3
1,<environment.Job instance at 0x7f0916b5f640>,8,12,[6 4],9,18,30,9,15
1,<environment.Job instance at 0x7f0916b5fd20>,12,12,[7 1],13,30,42,17,24
1,<environment.Job instance at 0x7f0916b5f320>,6,16,[2 7],7,30,46,23,30
1,<environment.Job instance at 0x7f0916b5ffa0>,14,1,[10  1],15,46,47,31,33
1,<environment.Job instance at 0x7f0916b5f550>,13,17,[9 3],14,47,64,33,36
1,<environment.Job instance at 0x7f0916b62230>,26,12,[2 5],27,64,76,37,52
1,<environment.Job instance at 0x7f0916b5f820>,15,12,[ 3 10],16,76,88,60,59
1,<environment.Job instance at 0x7f0916ba35a0>,36,15,[2 6],37,88,103,51,76
1,<environment.Job instance at 0x7f0916ba31e0>,37,18,[ 4 10],38,103,121,65,92
1,<environment.Job instance at 0x7f0916d24b40>,0,12,[10  5],1,1,13,0,1
1,<environment.Job instance at 0x7f0916df6d70>,12,13,[5 6],13,13,26,0,13
1,<environment.Job instance at 0x7f0916df6e60>,13,13,[7 5],14,26,39,12,17
1,<environment.Job instance at 0x7f0916e1a1e0>,18,18,[2 8],19,39,57,20,28
1,<environment.Job instance at 0x7f09172823c0>,24,16,[5 5],25,57,73,32,44
1,<environment.Job instance at 0x7f0917282910>,25,15,[3 5],26,57,72,31,51
1,<environment.Job instance at 0x7f0917275cd0>,29,14,[ 3 10],30,73,87,43,58
1,<environment.Job instance at 0x7f0916d09410>,41,14,[8 3],42,87,101,45,80
1,<environment.Job instance at 0x7f091716cc30>,44,18,[ 2 10],45,101,119,56,93
1,<environment.Job instance at 0x7f091717b2d0>,1,18,[1 7],2,2,20,0,2
1,<environment.Job instance at 0x7f0916be1fa0>,9,12,[3 8],10,20,32,10,12
1,<environment.Job instance at 0x7f0952fac910>,7,3,[3 7],8,32,35,24,18
1,<environment.Job instance at 0x7f09535043c0>,15,2,[5 5],16,35,37,19,19
1,<environment.Job instance at 0x7f09533cbc80>,10,13,[8 5],11,37,50,26,24
1,<environment.Job instance at 0x7f09533cb0a0>,13,1,[2 5],14,35,36,21,28
1,<environment.Job instance at 0x7f095307e780>,11,18,[2 9],12,50,68,38,43
1,<environment.Job instance at 0x7f0952bcb190>,21,17,[9 2],22,68,85,46,57
1,<environment.Job instance at 0x7f09530ced20>,43,1,[9 3],44,85,86,41,74
1,<environment.Job instance at 0x7f095334c0f0>,45,18,[9 3],46,86,104,40,75
1,<environment.Job instance at 0x7f0916f0d500>,5,16,[5 1],6,7,23,1,7
1,<environment.Job instance at 0x7f0916f0d0f0>,8,12,[3 9],9,9,21,0,9
1,<environment.Job instance at 0x7f0916f0d960>,12,15,[5 4],13,21,36,8,19
1,<environment.Job instance at 0x7f09534ced20>,20,2,[1 9],21,36,38,15,25
1,<environment.Job instance at 0x7f09534ceaf0>,22,3,[10  3],23,38,41,15,27
1,<environment.Job instance at 0x7f09534ce870>,21,18,[7 2],22,41,59,19,31
1,<environment.Job instance at 0x7f0916f0d8c0>,16,15,[1 8],17,45,60,28,45
1,<environment.Job instance at 0x7f0952e996e0>,34,15,[10  3],35,60,75,25,49
1,<environment.Job instance at 0x7f0952e99230>,35,18,[1 8],36,75,93,39,64
1,<environment.Job instance at 0x7f0952e99c80>,37,15,[4 8],38,93,108,55,82
1,<environment.Job instance at 0x7f09174c2a50>,48,15,[3 6],49,108,123,59,94
1,<environment.Job instance at 0x7f0916de85f0>,1,21,[6 1],2,2,23,0,2
1,<environment.Job instance at 0x7f0917575410>,8,1,[7 3],9,23,24,14,13
1,<environment.Job instance at 0x7f09533810f0>,13,18,[5 2],14,24,42,10,16
1,<environment.Job instance at 0x7f0916cb59b0>,20,13,[5 9],21,42,55,21,26
1,<environment.Job instance at 0x7f0952ef9e10>,25,14,[4 7],26,55,69,29,44
1,<environment.Job instance at 0x7f09171d07d0>,15,21,[6 1],16,55,76,39,47
1,<environment.Job instance at 0x7f091712b460>,11,12,[7 2],12,76,88,64,64
1,<environment.Job instance at 0x7f0952c2b780>,33,12,[3 7],34,75,87,41,75
1,<environment.Job instance at 0x7f09172c2410>,18,17,[6 5],19,88,105,69,76
1,<environment.Job instance at 0x7f0952c2ba00>,35,16,[6 3],36,105,121,69,94
1,<environment.Job instance at 0x7f413366e190>,3,17,[ 5 10],4,4,21,0,4
1,<environment.Job instance at 0x7f413050ea50>,12,17,[1 8],13,21,38,8,13
1,<environment.Job instance at 0x7f413366e0f0>,2,13,[10  1],3,38,51,35,22
1,<environment.Job instance at 0x7f413050eb90>,14,18,[1 6],15,51,69,36,40
1,<environment.Job instance at 0x7f4130512a00>,28,2,[ 3 10],29,69,71,40,49
1,<environment.Job instance at 0x7f4130512aa0>,30,3,[6 5],31,71,74,40,55
1,<environment.Job instance at 0x7f4130512d70>,33,15,[5 3],34,74,89,40,60
1,<environment.Job instance at 0x7f413050e6e0>,10,12,[5 5],11,74,86,63,63
1,<environment.Job instance at 0x7f41305102d0>,42,15,[7 4],43,89,104,46,82
1,<environment.Job instance at 0x7f4130510b90>,49,15,[3 9],50,104,119,54,92
1,<environment.Job instance at 0x7f4130510d70>,51,2,[5 4],52,119,121,67,104
1,<environment.Job instance at 0x7f41337d5be0>,0,17,[5 3],1,1,18,0,1
1,<environment.Job instance at 0x7f41337e91e0>,10,16,[5 2],11,11,27,0,11
1,<environment.Job instance at 0x7f41337e9460>,11,1,[1 9],12,27,28,15,12
1,<environment.Job instance at 0x7f41337dbb40>,23,12,[5 1],24,24,36,0,24
1,<environment.Job instance at 0x7f41337dbfa0>,24,17,[5 3],25,28,45,3,25
1,<environment.Job instance at 0x7f41337db640>,25,23,[1 5],26,36,59,10,34
1,<environment.Job instance at 0x7f41337dba50>,28,27,[8 5],29,45,72,16,44
1,<environment.Job instance at 0x7f4133695280>,31,1,[7 3],32,72,73,40,63
1,<environment.Job instance at 0x7f41336951e0>,32,1,[2 7],33,72,73,39,63
1,<environment.Job instance at 0x7f4133695230>,34,3,[7 1],35,73,76,38,63
1,<environment.Job instance at 0x7f41337dbe60>,26,17,[5 8],27,76,93,49,65
1,<environment.Job instance at 0x7f4133695960>,40,12,[4 8],41,93,105,52,80
1,<environment.Job instance at 0x7f41337e27d0>,42,15,[6 4],43,105,120,62,92
1,<environment.Job instance at 0x7f41336957d0>,38,18,[4 6],39,105,123,66,102
1,<environment.Job instance at 0x7f41336953c0>,1,16,[9 3],2,2,18,0,2
1,<environment.Job instance at 0x7f40f27648c0>,6,3,[4 6],7,18,21,11,8
1,<environment.Job instance at 0x7f40f27640f0>,10,23,[ 3 10],11,21,44,10,18
1,<environment.Job instance at 0x7f40f280f730>,21,15,[6 4],22,44,59,22,33
1,<environment.Job instance at 0x7f40f280fb90>,22,2,[9 4],23,59,61,36,34
1,<environment.Job instance at 0x7f40f2764780>,4,1,[10  1],5,61,62,56,34
1,<environment.Job instance at 0x7f40f280f910>,24,3,[5 1],25,62,65,37,36
1,<environment.Job instance at 0x7f40f280f140>,26,1,[1 5],27,44,45,17,36
1,<environment.Job instance at 0x7f40f280f960>,28,15,[9 1],29,65,80,36,51
1,<environment.Job instance at 0x7f40f280f690>,25,16,[3 7],26,80,96,54,73
1,<environment.Job instance at 0x7f40f2827960>,37,3,[5 5],38,96,99,58,87
1,<environment.Job instance at 0x7f40f2827c30>,41,14,[2 5],42,96,110,54,87
1,<environment.Job instance at 0x7f40f27642d0>,7,16,[5 6],8,110,126,102,97
1,<environment.Job instance at 0x7f40f2b57370>,0,3,[1 7],1,1,4,0,1
1,<environment.Job instance at 0x7f40f2b572d0>,3,17,[5 5],4,4,21,0,4
1,<environment.Job instance at 0x7f40f2b57690>,7,2,[2 8],8,21,23,13,8
1,<environment.Job instance at 0x7f40f2b57a00>,11,3,[1 5],12,32,35,20,32
1,<environment.Job instance at 0x7f40f2cc1f00>,13,27,[9 5],14,42,69,28,42
1,<environment.Job instance at 0x7f40f2b575f0>,9,13,[10  3],10,69,82,59,56
1,<environment.Job instance at 0x7f40f2c67820>,29,2,[2 7],30,82,84,52,61
1,<environment.Job instance at 0x7f40f28db6e0>,33,17,[5 5],34,84,101,50,72
1,<environment.Job instance at 0x7f40f28db280>,38,16,[5 6],39,101,117,62,88
1,<environment.Job instance at 0x7f40f28dbdc0>,44,13,[10  4],45,117,130,72,104
1,<environment.Job instance at 0x7f40f2ca51e0>,1,15,[1 5],2,2,17,0,2
1,<environment.Job instance at 0x7f40f2c00af0>,4,27,[7 2],5,6,33,1,6
1,<environment.Job instance at 0x7f40f2bfb190>,12,18,[8 1],13,33,51,20,22
1,<environment.Job instance at 0x7f40f2bfb730>,19,17,[5 3],20,51,68,31,39
1,<environment.Job instance at 0x7f40f2bfba00>,24,12,[5 5],25,51,63,26,39
1,<environment.Job instance at 0x7f40f2bfbe60>,31,12,[5 1],32,63,75,31,52
1,<environment.Job instance at 0x7f40f2c00a00>,11,15,[4 8],12,68,83,56,55
1,<environment.Job instance at 0x7f40f2bf3190>,37,17,[8 4],38,83,100,45,71
1,<environment.Job instance at 0x7f40f2bf3d20>,43,15,[1 7],44,100,115,56,86
1,<environment.Job instance at 0x7f40f2bf3dc0>,44,13,[5 2],45,100,113,55,87
1,<environment.Job instance at 0x7f4130396190>,3,14,[ 5 10],4,4,18,0,4
1,<environment.Job instance at 0x7f4130396b40>,5,17,[3 5],6,18,35,12,6
1,<environment.Job instance at 0x7f4130c62550>,8,13,[4 5],9,18,31,9,9
1,<environment.Job instance at 0x7f40f2a36550>,15,13,[1 8],16,35,48,19,20
1,<environment.Job instance at 0x7f40f2a364b0>,19,17,[9 4],20,48,65,28,36
1,<environment.Job instance at 0x7f40f2a36690>,21,16,[7 2],22,65,81,43,52
1,<environment.Job instance at 0x7f4130aff0a0>,29,2,[1 8],30,100,102,70,100
1,<environment.Job instance at 0x7f4130aff8c0>,30,22,[4 7],31,102,124,71,100
1,<environment.Job instance at 0x7f4130affd70>,1,3,[8 5],2,2,5,0,2
1,<environment.Job instance at 0x7f4130a0ac30>,3,12,[9 5],4,5,17,1,4
1,<environment.Job instance at 0x7f4130afffa0>,6,16,[9 2],7,17,33,10,13
1,<environment.Job instance at 0x7f40f2b53550>,13,13,[7 1],14,33,46,19,19
1,<environment.Job instance at 0x7f4130392be0>,16,16,[3 7],17,33,49,16,28
1,<environment.Job instance at 0x7f4130c28d20>,26,13,[9 1],27,49,62,22,34
1,<environment.Job instance at 0x7f4130783190>,28,3,[6 3],29,62,65,33,48
1,<environment.Job instance at 0x7f40f27b9820>,30,22,[5 4],31,65,87,34,58
1,<environment.Job instance at 0x7f4130b60e10>,34,26,[2 5],35,62,88,27,59
1,<environment.Job instance at 0x7f4130b60eb0>,37,1,[4 6],38,88,89,50,65
1,<environment.Job instance at 0x7f4130b60f50>,38,3,[8 1],39,89,92,50,65
1,<environment.Job instance at 0x7f4130b60910>,40,1,[5 6],41,92,93,51,65
1,<environment.Job instance at 0x7f4130b217d0>,43,3,[3 6],44,93,96,49,67
1,<environment.Job instance at 0x7f4130b21cd0>,44,14,[4 5],45,96,110,51,81
1,<environment.Job instance at 0x7f4130644730>,17,14,[1 6],18,110,124,92,95
1,<environment.Job instance at 0x7f41302b58c0>,53,1,[6 4],54,105,106,51,105
1,<environment.Job instance at 0x7f40f2ad85f0>,56,13,[7 3],57,110,123,53,107
1,<environment.Job instance at 0x7f4130275820>,60,13,[9 4],61,123,136,62,109
1,<environment.Job instance at 0x7f41302750a0>,1,13,[5 1],2,2,15,0,2
1,<environment.Job instance at 0x7f4130c4a780>,3,14,[5 8],4,5,19,1,5
1,<environment.Job instance at 0x7f40f28ab730>,10,17,[ 4 10],11,19,36,8,11
1,<environment.Job instance at 0x7f40f28ab780>,15,2,[5 7],16,36,38,20,20
1,<environment.Job instance at 0x7f40f28abc80>,17,1,[5 4],18,38,39,20,25
1,<environment.Job instance at 0x7f40f28abd20>,18,2,[3 6],19,38,40,19,26
1,<environment.Job instance at 0x7f40f28abdc0>,19,13,[2 7],20,40,53,20,27
1,<environment.Job instance at 0x7f40f28abaa0>,16,17,[7 5],17,53,70,36,46
1,<environment.Job instance at 0x7f40f28b5690>,28,12,[4 8],29,70,82,41,55
1,<environment.Job instance at 0x7f40f28b5aa0>,32,18,[8 5],33,82,100,49,71
1,<environment.Job instance at 0x7f40f28b5f00>,38,2,[2 7],39,100,102,61,87
1,<environment.Job instance at 0x7f40f28981e0>,40,12,[8 2],41,100,112,59,87
1,<environment.Job instance at 0x7f40f28983c0>,43,12,[5 5],44,112,124,68,96
1,<environment.Job instance at 0x7f40f2898500>,1,1,[2 5],2,2,3,0,2
1,<environment.Job instance at 0x7f40f2c62be0>,2,12,[1 7],3,3,15,0,3
1,<environment.Job instance at 0x7f40f2c62e60>,5,14,[3 6],6,15,29,9,6
1,<environment.Job instance at 0x7f40f2b23d20>,16,15,[3 7],17,29,44,12,21
1,<environment.Job instance at 0x7f4130445dc0>,12,15,[6 3],13,28,43,15,28
1,<environment.Job instance at 0x7f41303fafa0>,23,3,[ 4 10],24,44,47,20,33
1,<environment.Job instance at 0x7f41303fa410>,25,17,[2 6],26,47,64,21,37
1,<environment.Job instance at 0x7f4130cfabe0>,30,13,[4 7],31,64,77,33,48
1,<environment.Job instance at 0x7f4130f075a0>,24,13,[ 2 10],25,91,104,66,91
1,<environment.Job instance at 0x7f40f2b237d0>,22,20,[5 6],23,104,124,81,95
1,<environment.Job instance at 0x7f40f2a3fbe0>,2,18,[7 3],3,3,21,0,3
1,<environment.Job instance at 0x7f40f2b84460>,18,2,[1 8],19,21,23,2,19
1,<environment.Job instance at 0x7f40f2b61d70>,21,12,[2 5],22,30,42,8,30
1,<environment.Job instance at 0x7f4130b31a50>,22,17,[9 1],23,42,59,19,30
1,<environment.Job instance at 0x7f41311a7eb0>,8,21,[1 8],9,42,63,33,34
1,<environment.Job instance at 0x7f40f2d9e9b0>,27,17,[9 4],28,67,84,39,67
1,<environment.Job instance at 0x7f40f2bbe820>,30,3,[7 1],31,84,87,53,67
1,<environment.Job instance at 0x7f41303441e0>,25,16,[1 5],26,69,85,43,69
1,<environment.Job instance at 0x7f40f29abcd0>,38,17,[8 3],39,87,104,48,75
1,<environment.Job instance at 0x7f40f2d0d910>,46,22,[ 2 10],47,104,126,57,97
1,<environment.Job instance at 0x7f41306a2730>,1,13,[3 5],2,2,15,0,2
1,<environment.Job instance at 0x7f4130a078c0>,3,15,[7 4],4,6,21,2,6
1,<environment.Job instance at 0x7f40f275d960>,5,14,[5 5],6,21,35,15,9
1,<environment.Job instance at 0x7f40f275de60>,11,17,[1 9],12,35,52,23,23
1,<environment.Job instance at 0x7f40f275c8c0>,19,14,[9 2],20,52,66,32,40
1,<environment.Job instance at 0x7f40f27e3550>,36,13,[2 9],37,66,79,29,50
1,<environment.Job instance at 0x7f40f275dd70>,12,12,[3 6],13,79,91,66,62
1,<environment.Job instance at 0x7f40f275ceb0>,27,18,[5 8],28,91,109,63,82
1,<environment.Job instance at 0x7f40f27dd640>,48,16,[ 5 10],49,109,125,60,97
1,<environment.Job instance at 0x7f40f27dd780>,51,1,[8 1],52,125,126,73,108
1,<environment.Job instance at 0x7f40f27ddaa0>,54,1,[10  2],55,126,127,71,108
1,<environment.Job instance at 0x7f40f29abaa0>,2,20,[6 5],3,3,23,0,3
1,<environment.Job instance at 0x7f40f2bbeaf0>,13,15,[7 3],14,23,38,9,16
1,<environment.Job instance at 0x7f4131038b40>,21,17,[2 7],22,23,40,1,23
1,<environment.Job instance at 0x7f41308a6fa0>,25,14,[3 7],26,40,54,14,27
1,<environment.Job instance at 0x7f41305e3f00>,28,16,[10  5],29,54,70,25,41
1,<environment.Job instance at 0x7f4131038690>,19,16,[2 7],20,70,86,50,57
1,<environment.Job instance at 0x7f40f2ac80a0>,39,1,[6 3],40,70,71,30,64
1,<environment.Job instance at 0x7f40f2ac83c0>,40,2,[2 7],41,86,88,45,64
1,<environment.Job instance at 0x7f40f2ac81e0>,34,1,[1 7],35,88,89,53,65
1,<environment.Job instance at 0x7f41310f2e10>,42,1,[ 3 10],43,89,90,46,70
1,<environment.Job instance at 0x7f41310f2c30>,41,16,[9 2],42,90,106,48,77
1,<environment.Job instance at 0x7f41310f2dc0>,48,18,[3 9],49,106,124,57,97
1,<environment.Job instance at 0x7f40f2e70aa0>,2,3,[5 8],3,3,6,0,3
1,<environment.Job instance at 0x7f4130f93370>,5,16,[8 4],6,6,22,0,6
1,<environment.Job instance at 0x7f4130f93690>,9,13,[8 5],10,22,35,12,10
1,<environment.Job instance at 0x7f4130f936e0>,11,13,[8 5],12,35,48,23,23
1,<environment.Job instance at 0x7f40f2b6ed70>,23,1,[4 7],24,48,49,24,24
1,<environment.Job instance at 0x7f40f2b6e410>,24,2,[5 8],25,49,51,24,25
1,<environment.Job instance at 0x7f41310386e0>,25,3,[ 1 10],26,51,54,25,26
1,<environment.Job instance at 0x7f40f2b6ec80>,21,16,[1 6],22,54,70,32,42
1,<environment.Job instance at 0x7f4130334820>,35,17,[10  1],36,70,87,34,61
1,<environment.Job instance at 0x7f4130f930f0>,13,18,[9 5],14,87,105,73,77
1,<environment.Job instance at 0x7f4130334dc0>,38,1,[5 5],39,105,106,66,82
1,<environment.Job instance at 0x7f41303342d0>,44,2,[10  1],45,106,108,61,91
1,<environment.Job instance at 0x7f4130334aa0>,45,13,[8 4],46,108,121,62,94
1,<environment.Job instance at 0x7f40f2a055a0>,0,12,[10  1],1,1,13,0,1
1,<environment.Job instance at 0x7f4130b29140>,7,15,[4 6],8,13,28,5,8
1,<environment.Job instance at 0x7f4130b29af0>,12,3,[5 2],13,23,26,10,23
1,<environment.Job instance at 0x7f4130b32f00>,15,18,[6 4],16,26,44,10,23
1,<environment.Job instance at 0x7f4130b29c80>,11,17,[2 6],12,35,52,23,35
1,<environment.Job instance at 0x7f4130cfffa0>,19,15,[7 1],20,44,59,24,35
1,<environment.Job instance at 0x7f4130b25280>,23,15,[8 3],24,59,74,35,46
1,<environment.Job instance at 0x7f40f2affeb0>,37,18,[10  1],38,74,92,36,64
1,<environment.Job instance at 0x7f40f29eb5f0>,39,15,[5 7],40,92,107,52,78
1,<environment.Job instance at 0x7f40f29eb230>,44,18,[5 1],45,92,110,47,81
1,<environment.Job instance at 0x7f40f29ebd20>,40,13,[3 5],41,107,120,66,95
1,<environment.Job instance at 0x7f40f25d8e10>,0,1,[5 6],1,1,2,0,1
1,<environment.Job instance at 0x7f41305fcb90>,3,1,[ 5 10],4,4,5,0,4
1,<environment.Job instance at 0x7f41305fc410>,4,2,[2 5],5,5,7,0,5
1,<environment.Job instance at 0x7f41305fcaa0>,5,12,[3 9],6,7,19,1,6
1,<environment.Job instance at 0x7f4131002e60>,11,2,[3 8],12,19,21,7,12
1,<environment.Job instance at 0x7f413076af50>,12,28,[7 1],13,14,42,1,14
1,<environment.Job instance at 0x7f40f2d89140>,7,22,[7 5],8,42,64,34,35
1,<environment.Job instance at 0x7f40f29eca50>,33,14,[2 9],34,64,78,30,49
1,<environment.Job instance at 0x7f40f259d280>,37,19,[7 4],38,78,97,40,69
1,<environment.Job instance at 0x7f40f259d2d0>,39,18,[8 4],40,97,115,57,86
1,<environment.Job instance at 0x7f40f293dd20>,45,16,[4 7],46,115,131,69,104
1,<environment.Job instance at 0x7f40f2db7870>,2,2,[2 8],3,3,5,0,3
1,<environment.Job instance at 0x7f40f24de910>,3,13,[ 3 10],4,5,18,1,4
1,<environment.Job instance at 0x7f40f250edc0>,16,26,[ 3 10],17,18,44,1,17
1,<environment.Job instance at 0x7f40f26efeb0>,19,3,[9 2],20,44,47,24,20
1,<environment.Job instance at 0x7f40f26ef640>,22,2,[6 2],23,47,49,24,23
1,<environment.Job instance at 0x7f40f26ef1e0>,26,19,[4 5],27,47,66,20,39
1,<environment.Job instance at 0x7f40f24de820>,13,16,[6 5],14,49,65,35,49
1,<environment.Job instance at 0x7f40f26ef730>,29,12,[6 4],30,65,77,35,50
1,<environment.Job instance at 0x7f40f26ef820>,33,16,[1 5],34,67,83,33,67
1,<environment.Job instance at 0x7f40f26ef5a0>,31,18,[6 2],32,77,95,45,70
1,<environment.Job instance at 0x7f40f2e2a640>,38,12,[3 6],39,83,95,44,80
1,<environment.Job instance at 0x7f40f2e2ae10>,39,17,[7 3],40,95,112,55,83
1,<environment.Job instance at 0x7f40f2e2a780>,48,12,[5 2],49,112,124,63,95
1,<environment.Job instance at 0x7f40f2e2acd0>,51,18,[1 7],52,104,122,52,104
1,<environment.Job instance at 0x7f40f2702eb0>,3,16,[6 4],4,4,20,0,4
1,<environment.Job instance at 0x7f40f2e2acd0>,2,14,[7 2],3,20,34,17,10
1,<environment.Job instance at 0x7f40f2dd2140>,15,13,[8 5],16,34,47,18,18
1,<environment.Job instance at 0x7f40f261b320>,26,19,[5 4],27,47,66,20,37
1,<environment.Job instance at 0x7f40f2dcf640>,22,18,[5 5],23,47,65,24,42
1,<environment.Job instance at 0x7f413091fb40>,31,13,[10  1],32,66,79,34,57
1,<environment.Job instance at 0x7f413051f5f0>,39,17,[5 5],40,79,96,39,68
1,<environment.Job instance at 0x7f413082af00>,45,16,[5 1],46,79,95,33,78
1,<environment.Job instance at 0x7f413061a410>,47,13,[2 8],48,96,109,48,80
1,<environment.Job instance at 0x7f413061a730>,51,12,[8 2],52,106,118,54,106
1,<environment.Job instance at 0x7f413061a0a0>,52,15,[5 4],53,118,133,65,106
1,<environment.Job instance at 0x7f40f2e21190>,0,21,[4 6],1,1,22,0,1
1,<environment.Job instance at 0x7f41310c2c80>,7,15,[4 5],8,22,37,14,8
1,<environment.Job instance at 0x7f41311045f0>,10,12,[6 3],11,19,31,8,19
1,<environment.Job instance at 0x7f40f2e23f00>,17,13,[2 6],18,37,50,19,22
1,<environment.Job instance at 0x7f4130614cd0>,20,3,[7 4],21,40,43,19,40
1,<environment.Job instance at 0x7f4130614410>,21,18,[5 3],22,43,61,21,43
1,<environment.Job instance at 0x7f4130dccb90>,25,14,[3 9],26,61,75,35,46
1,<environment.Job instance at 0x7f4130dcc910>,27,16,[6 1],28,61,77,33,48
1,<environment.Job instance at 0x7f4130a0ed70>,32,12,[5 4],33,77,89,44,67
1,<environment.Job instance at 0x7f4130a0e7d0>,38,1,[7 3],39,89,90,50,80
1,<environment.Job instance at 0x7f4130a0eb40>,39,1,[ 4 10],40,90,91,50,80
1,<environment.Job instance at 0x7f4130a0e820>,40,13,[10  4],41,91,104,50,80
1,<environment.Job instance at 0x7f4130a0ef00>,43,18,[5 2],44,104,122,60,94
1,<environment.Job instance at 0x7f41304e4b90>,0,15,[6 4],1,1,16,0,1
1,<environment.Job instance at 0x7f40f24f2f00>,10,13,[3 6],11,11,24,0,11
1,<environment.Job instance at 0x7f40f24f2aa0>,12,3,[4 6],13,24,27,11,13
1,<environment.Job instance at 0x7f40f2c047d0>,14,12,[5 7],15,27,39,12,15
1,<environment.Job instance at 0x7f40f2c04960>,16,1,[6 4],17,18,19,1,18
1,<environment.Job instance at 0x7f40f2c04730>,17,27,[2 6],18,39,66,21,37
1,<environment.Job instance at 0x7f40f2c049b0>,22,14,[8 4],23,39,53,16,39
1,<environment.Job instance at 0x7f4130644b90>,30,18,[9 5],31,66,84,35,57
1,<environment.Job instance at 0x7f4130644410>,33,18,[7 1],34,84,102,50,73
1,<environment.Job instance at 0x7f41306444b0>,36,12,[2 7],37,94,106,57,94
1,<environment.Job instance at 0x7f4130644140>,38,12,[8 1],39,102,114,63,95
1,<environment.Job instance at 0x7f40f2cb54b0>,40,1,[5 6],41,114,115,73,109
1,<environment.Job instance at 0x7f40f2d07550>,2,2,[4 6],3,3,5,0,3
1,<environment.Job instance at 0x7f40f2d07d70>,4,3,[1 9],5,5,8,0,5
1,<environment.Job instance at 0x7f4130cbb640>,7,24,[4 7],8,8,32,0,8
1,<environment.Job instance at 0x7f41303b7460>,10,1,[7 3],11,32,33,21,16
1,<environment.Job instance at 0x7f40f2b0ee10>,15,13,[5 6],16,33,46,17,17
1,<environment.Job instance at 0x7f413078bfa0>,25,12,[2 7],26,46,58,20,37
1,<environment.Job instance at 0x7f40f2d96730>,29,14,[ 5 10],30,58,72,28,43
1,<environment.Job instance at 0x7f40f264c730>,37,13,[7 5],38,72,85,34,56
1,<environment.Job instance at 0x7f40f264cf00>,34,13,[2 7],35,85,98,50,72
1,<environment.Job instance at 0x7f40f264c230>,41,13,[6 3],42,85,98,43,81
1,<environment.Job instance at 0x7f40f264c0a0>,45,13,[3 9],46,98,111,52,82
1,<environment.Job instance at 0x7f40f264c190>,43,12,[8 1],44,111,123,67,102
1,<environment.Job instance at 0x7f81cd91d410>,8,16,[1 8],9,10,26,1,10
1,<environment.Job instance at 0x7f81cd91d3c0>,7,16,[5 8],8,26,42,18,13
1,<environment.Job instance at 0x7f81cd91df00>,18,12,[1 8],19,42,54,23,25
1,<environment.Job instance at 0x7f81cd920780>,25,1,[9 2],26,42,43,16,41
1,<environment.Job instance at 0x7f81cd91d910>,12,17,[1 8],13,54,71,41,43
1,<environment.Job instance at 0x7f81cd9208c0>,29,18,[5 1],30,52,70,22,52
1,<environment.Job instance at 0x7f81cd920be0>,33,15,[5 3],34,71,86,37,57
1,<environment.Job instance at 0x7f81cd920cd0>,34,19,[3 7],35,71,90,36,63
1,<environment.Job instance at 0x7f81cd9238c0>,44,14,[7 1],45,86,100,41,71
1,<environment.Job instance at 0x7f81cd923b40>,46,18,[2 7],47,90,108,43,79
1,<environment.Job instance at 0x7f81cd91d640>,9,16,[4 5],10,108,124,98,95
1,<environment.Job instance at 0x7f81cd926640>,58,17,[5 4],59,108,125,49,106
1,<environment.Job instance at 0x7f81cd926a00>,64,12,[6 1],65,125,137,60,115
1,<environment.Job instance at 0x7f81d2d54a50>,1,1,[1 9],2,2,3,0,2
1,<environment.Job instance at 0x7f81cd9204b0>,2,19,[5 8],3,3,22,0,3
1,<environment.Job instance at 0x7f81d2d55410>,7,14,[4 5],8,22,36,14,8
1,<environment.Job instance at 0x7f81d2e9c5a0>,16,17,[5 8],17,36,53,19,34
1,<environment.Job instance at 0x7f81d2e9ca00>,17,18,[7 1],18,53,71,35,48
1,<environment.Job instance at 0x7f81d2e9c2d0>,13,12,[5 1],14,71,83,57,55
1,<environment.Job instance at 0x7f81d2e9cd70>,12,28,[3 7],13,67,95,54,67
1,<environment.Job instance at 0x7f81d2e9ed70>,43,12,[ 2 10],44,95,107,51,87
1,<environment.Job instance at 0x7f81d2e9e140>,44,15,[4 8],45,107,122,62,93
1,<environment.Job instance at 0x7f81cd8f55f0>,53,16,[2 8],54,122,138,68,116
1,<environment.Job instance at 0x7f8187b6fe10>,1,15,[6 4],2,2,17,0,2
1,<environment.Job instance at 0x7f8187bdf500>,5,16,[3 7],6,17,33,11,6
1,<environment.Job instance at 0x7f81cd7a19b0>,22,16,[2 9],23,33,49,10,23
1,<environment.Job instance at 0x7f8187bdf050>,10,13,[ 3 10],11,49,62,38,37
1,<environment.Job instance at 0x7f8187b6ecd0>,24,25,[4 7],25,62,87,37,62
1,<environment.Job instance at 0x7f81cdb5f910>,29,12,[4 6],30,87,99,57,70
1,<environment.Job instance at 0x7f8187b87050>,40,13,[5 1],41,72,85,31,72
1,<environment.Job instance at 0x7f8187b87190>,37,19,[5 4],38,87,106,49,77
1,<environment.Job instance at 0x7f8187b70730>,44,16,[4 9],45,106,122,61,103
1,<environment.Job instance at 0x7f81cd687960>,55,2,[2 5],56,122,124,66,110
1,<environment.Job instance at 0x7f81cdb84500>,56,12,[2 9],57,124,136,67,110
1,<environment.Job instance at 0x7f8187fcab40>,0,13,[4 8],1,1,14,0,1
1,<environment.Job instance at 0x7f8187b70230>,5,15,[2 7],6,14,29,8,6
1,<environment.Job instance at 0x7f81cd926b40>,14,13,[10  4],15,29,42,14,18
1,<environment.Job instance at 0x7f81d2e96410>,25,17,[2 5],26,42,59,16,31
1,<environment.Job instance at 0x7f81ce059b90>,17,16,[5 1],18,42,58,24,33
1,<environment.Job instance at 0x7f8187bb4a50>,31,17,[ 1 10],32,59,76,27,47
1,<environment.Job instance at 0x7f81d2e99d70>,39,3,[2 6],40,76,79,36,54
1,<environment.Job instance at 0x7f81d2e99870>,40,1,[3 5],41,58,59,17,54
1,<environment.Job instance at 0x7f81d2e99730>,41,3,[2 5],42,79,82,37,54
1,<environment.Job instance at 0x7f81cdd70820>,26,17,[4 8],27,82,99,55,70
1,<environment.Job instance at 0x7f81d2ea19b0>,47,19,[5 3],48,99,118,51,97
1,<environment.Job instance at 0x7f8187c281e0>,53,12,[2 9],54,118,130,64,102
1,<environment.Job instance at 0x7f81d2ea3af0>,57,12,[7 5],58,130,142,72,118
1,<environment.Job instance at 0x7f81d2ea3640>,1,15,[5 2],2,2,17,0,2
1,<environment.Job instance at 0x7f8187f33910>,4,13,[5 2],5,5,18,0,5
1,<environment.Job instance at 0x7f8188016320>,3,15,[1 7],4,17,32,13,9
1,<environment.Job instance at 0x7f81ce3f67d0>,10,15,[5 3],11,18,33,7,17
1,<environment.Job instance at 0x7f81cd73b7d0>,19,3,[3 6],20,32,35,12,27
1,<environment.Job instance at 0x7f81cd7337d0>,20,3,[1 6],21,35,38,14,27
1,<environment.Job instance at 0x7f81882c10f0>,22,2,[7 3],23,33,35,10,28
1,<environment.Job instance at 0x7f81cd733320>,24,15,[4 8],25,38,53,13,28
1,<environment.Job instance at 0x7f81cdf9ec80>,25,16,[4 9],26,53,69,27,40
1,<environment.Job instance at 0x7f81cd73b870>,15,17,[5 8],16,69,86,53,58
1,<environment.Job instance at 0x7f81cd73f460>,39,18,[1 8],40,86,104,46,83
1,<environment.Job instance at 0x7f81cd732960>,46,26,[5 4],47,114,140,67,114
1,<environment.Job instance at 0x7f8187f2f140>,1,3,[ 4 10],2,2,5,0,2
1,<environment.Job instance at 0x7f81ce45b140>,3,12,[5 8],4,5,17,1,4
1,<environment.Job instance at 0x7f81ce45b690>,4,14,[3 6],5,17,31,12,6
1,<environment.Job instance at 0x7f81ce43cc80>,14,15,[9 5],15,31,46,16,17
1,<environment.Job instance at 0x7f81ce45bdc0>,8,14,[10  5],9,46,60,37,31
1,<environment.Job instance at 0x7f81ce5d60a0>,25,18,[2 5],26,60,78,34,53
1,<environment.Job instance at 0x7f81ce45b4b0>,7,17,[7 4],8,60,77,52,56
1,<environment.Job instance at 0x7f81ce5d6c30>,29,15,[8 5],30,77,92,47,63
1,<environment.Job instance at 0x7f81ce5d6820>,35,17,[10  5],36,92,109,56,80
1,<environment.Job instance at 0x7f81cd7f4690>,40,20,[ 3 10],41,112,132,71,112
1,<environment.Job instance at 0x7f81cd7f4190>,43,14,[5 1],44,132,146,88,117
1,<environment.Job instance at 0x7f8187dc0820>,1,14,[ 1 10],2,2,16,0,2
1,<environment.Job instance at 0x7f81ce44b5f0>,7,23,[3 7],8,16,39,8,16
1,<environment.Job instance at 0x7f8187daadc0>,23,3,[2 6],24,39,42,15,24
1,<environment.Job instance at 0x7f81cdce3dc0>,19,13,[8 4],20,39,52,19,25
1,<environment.Job instance at 0x7f81cde4d690>,29,14,[7 5],30,67,81,37,67
1,<environment.Job instance at 0x7f81cde4d550>,31,13,[2 6],32,81,94,49,71
1,<environment.Job instance at 0x7f8187cfdfa0>,39,3,[7 5],40,94,97,54,91
1,<environment.Job instance at 0x7f8187cfd370>,41,3,[1 7],42,97,100,55,94
1,<environment.Job instance at 0x7f8187cfd1e0>,42,3,[1 9],43,100,103,57,94
1,<environment.Job instance at 0x7f8187cfd410>,44,18,[10  4],45,103,121,58,102
1,<environment.Job instance at 0x7f8187cfd230>,46,24,[4 5],47,121,145,74,116
1,<environment.Job instance at 0x7f8187cfda50>,2,2,[3 6],3,3,5,0,3
1,<environment.Job instance at 0x7f81cdeefe60>,3,13,[4 6],4,5,18,1,4
1,<environment.Job instance at 0x7f8187bc4aa0>,9,16,[ 4 10],10,18,34,8,10
1,<environment.Job instance at 0x7f8187bc4f50>,12,17,[7 2],13,34,51,21,22
1,<environment.Job instance at 0x7f8187bd1690>,20,17,[1 5],21,34,51,13,34
1,<environment.Job instance at 0x7f8187bd1410>,21,13,[4 8],22,51,64,29,35
1,<environment.Job instance at 0x7f8187bd1820>,22,17,[8 5],23,64,81,41,52
1,<environment.Job instance at 0x7f81d2e9ca00>,1,15,[ 3 10],2,81,96,79,74
1,<environment.Job instance at 0x7f81cd8a9410>,36,17,[5 1],37,96,113,59,84
1,<environment.Job instance at 0x7f81cd8a9690>,38,15,[4 5],39,96,111,57,84
1,<environment.Job instance at 0x7f81cd8a9960>,45,14,[3 6],46,111,125,65,96
1,<environment.Job instance at 0x7f81cd8a9d20>,49,17,[ 2 10],50,125,142,75,113
1,<environment.Job instance at 0x7f81cd836a50>,4,18,[3 8],5,5,23,0,5
1,<environment.Job instance at 0x7f81ce0fd640>,13,24,[5 9],14,29,53,15,29
1,<environment.Job instance at 0x7f818809e460>,20,13,[7 2],21,53,66,32,37
1,<environment.Job instance at 0x7f81ce0cd820>,28,14,[9 3],29,66,80,37,51
1,<environment.Job instance at 0x7f81cda9c460>,35,12,[3 6],36,80,92,44,70
1,<environment.Job instance at 0x7f81ce001cd0>,37,17,[5 3],38,80,97,42,78
1,<environment.Job instance at 0x7f81ce001aa0>,39,2,[5 6],40,92,94,52,85
1,<environment.Job instance at 0x7f81cdbda410>,40,2,[8 2],41,97,99,56,85
1,<environment.Job instance at 0x7f81cdbdaa00>,41,2,[9 4],42,99,101,57,85
1,<environment.Job instance at 0x7f81cdbdacd0>,42,1,[4 8],43,101,102,58,86
1,<environment.Job instance at 0x7f81cdb60870>,43,3,[5 3],44,94,97,50,88
1,<environment.Job instance at 0x7f81cdb60460>,44,3,[6 2],45,101,104,56,88
1,<environment.Job instance at 0x7f81cdfb00f0>,32,18,[7 3],33,104,122,71,94
1,<environment.Job instance at 0x7f81cdce0b90>,51,12,[2 5],52,109,121,57,109
1,<environment.Job instance at 0x7f81cdba9c80>,52,17,[9 1],53,122,139,69,111
1,<environment.Job instance at 0x7f8187fd5a50>,0,22,[7 3],1,2,24,1,2
1,<environment.Job instance at 0x7f8187f8b6e0>,12,15,[2 5],13,14,29,1,14
1,<environment.Job instance at 0x7f8187ef0050>,17,16,[2 5],18,24,40,6,19
1,<environment.Job instance at 0x7f81cdfa0640>,19,19,[5 5],20,29,48,9,20
1,<environment.Job instance at 0x7f81ce5f5e60>,23,15,[7 4],24,48,63,24,37
1,<environment.Job instance at 0x7f81cdc08780>,32,12,[3 6],33,54,66,21,54
1,<environment.Job instance at 0x7f81cdc08aa0>,33,13,[2 8],34,66,79,32,54
1,<environment.Job instance at 0x7f8188017280>,16,17,[5 2],17,63,80,46,60
1,<environment.Job instance at 0x7f8187de8a00>,47,18,[5 8],48,91,109,43,91
1,<environment.Job instance at 0x7f81cd737d70>,54,3,[ 4 10],55,109,112,54,99
1,<environment.Job instance at 0x7f81cd737a00>,56,13,[2 9],57,112,125,55,99
1,<environment.Job instance at 0x7f81cd737640>,59,14,[ 3 10],60,125,139,65,117
1,<environment.Job instance at 0x7f81cd906640>,2,1,[ 3 10],3,3,4,0,3
1,<environment.Job instance at 0x7f8187fbfeb0>,3,18,[7 5],4,4,22,0,4
1,<environment.Job instance at 0x7f81881c6af0>,17,14,[1 6],18,22,36,4,20
1,<environment.Job instance at 0x7f81881c6d20>,18,1,[5 5],19,36,37,17,21
1,<environment.Job instance at 0x7f81881c66e0>,12,20,[6 5],13,37,57,24,28
1,<environment.Job instance at 0x7f81881bb5a0>,29,16,[2 7],30,57,73,27,45
1,<environment.Job instance at 0x7f81881b9dc0>,5,15,[10  3],6,73,88,67,60
1,<environment.Job instance at 0x7f81881bbe60>,35,14,[3 7],36,88,102,52,81
1,<environment.Job instance at 0x7f81881bbfa0>,37,17,[1 9],38,102,119,64,90
1,<environment.Job instance at 0x7f81cdd539b0>,52,1,[ 3 10],53,119,120,66,105
1,<environment.Job instance at 0x7f81cdd53910>,51,16,[9 2],52,120,136,68,107
1,<environment.Job instance at 0x7f81cdf791e0>,3,1,[7 1],4,4,5,0,4
1,<environment.Job instance at 0x7f81cdf79be0>,5,16,[8 4],6,6,22,0,6
1,<environment.Job instance at 0x7f81cdf79af0>,9,13,[8 5],10,22,35,12,10
1,<environment.Job instance at 0x7f8187bc10f0>,11,13,[8 5],12,35,48,23,30
1,<environment.Job instance at 0x7f8187d4ec80>,20,13,[3 8],21,48,61,27,47
1,<environment.Job instance at 0x7f8187be7410>,29,16,[5 8],30,61,77,31,50
1,<environment.Job instance at 0x7f8187be7640>,31,24,[2 7],32,83,107,51,83
1,<environment.Job instance at 0x7f81ce312820>,42,16,[ 3 10],43,109,125,66,109
1,<environment.Job instance at 0x7f81cda3e960>,46,1,[ 2 10],47,125,126,78,109
1,<environment.Job instance at 0x7f81cda3e690>,47,1,[7 4],48,126,127,78,109
1,<environment.Job instance at 0x7f8187ef6a00>,40,14,[10  5],41,127,141,86,116
1,<environment.Job instance at 0x7f81cd9d06e0>,0,12,[3 7],1,1,13,0,1
1,<environment.Job instance at 0x7f81cd99a550>,13,15,[8 3],14,20,35,6,20
1,<environment.Job instance at 0x7f8187fc9780>,22,16,[4 6],23,35,51,12,26
1,<environment.Job instance at 0x7f8187b0faa0>,32,18,[7 1],33,70,88,37,70
1,<environment.Job instance at 0x7f81ce5079b0>,37,17,[10  5],38,88,105,50,76
1,<environment.Job instance at 0x7f81cd9d9960>,44,19,[8 5],45,105,124,60,105
1,<environment.Job instance at 0x7f81cd833eb0>,1,13,[5 7],2,2,15,0,2
1,<environment.Job instance at 0x7f8187b523c0>,13,14,[2 9],14,15,29,1,14
1,<environment.Job instance at 0x7f8187b5ab40>,15,13,[1 9],16,29,42,13,16
1,<environment.Job instance at 0x7f81cd91c280>,22,12,[1 6],23,42,54,19,27
1,<environment.Job instance at 0x7f81ce27c320>,23,2,[10  1],24,54,56,30,28
1,<environment.Job instance at 0x7f8187d635f0>,29,13,[9 1],30,33,46,3,33
1,<environment.Job instance at 0x7f8187f80280>,33,14,[6 4],34,56,70,22,42
1,<environment.Job instance at 0x7f8187e5f410>,40,12,[10  5],41,70,82,29,53
1,<environment.Job instance at 0x7f8187cdd550>,43,13,[6 4],44,82,95,38,68
1,<environment.Job instance at 0x7f8188051280>,49,15,[7 1],50,95,110,45,81
1,<environment.Job instance at 0x7f8187e38410>,55,16,[ 4 10],56,110,126,54,97
1,<environment.Job instance at 0x7f8187e38230>,59,2,[5 8],60,126,128,66,111
1,<environment.Job instance at 0x7f8187e38870>,60,2,[5 7],61,128,130,67,111
1,<environment.Job instance at 0x7f8187b5a050>,18,14,[6 2],19,130,144,111,118
1,<environment.Job instance at 0x7f81ce4c9d20>,0,12,[10  5],1,1,13,0,1
1,<environment.Job instance at 0x7f81ce5f9780>,2,22,[5 5],3,13,35,10,6
1,<environment.Job instance at 0x7f8187b5a050>,3,16,[1 5],4,13,29,9,11
1,<environment.Job instance at 0x7f81ce5e4d20>,11,3,[6 2],12,35,38,23,12
1,<environment.Job instance at 0x7f818802fb40>,15,3,[10  2],16,38,41,22,20
1,<environment.Job instance at 0x7f818825cc30>,14,3,[7 1],15,41,44,26,22
1,<environment.Job instance at 0x7f81cd7153c0>,22,18,[2 9],23,41,59,18,30
1,<environment.Job instance at 0x7f818811b410>,30,13,[8 5],31,59,72,28,44
1,<environment.Job instance at 0x7f818811b730>,31,18,[2 9],32,72,90,40,61
1,<environment.Job instance at 0x7f81cd6934b0>,20,12,[9 4],21,90,102,69,80
1,<environment.Job instance at 0x7f81cd6f4820>,10,14,[2 8],11,102,116,91,90
1,<environment.Job instance at 0x7f81880b1640>,52,12,[10  1],53,116,128,63,99
1,<environment.Job instance at 0x7f81879a42d0>,0,3,[3 5],1,1,4,0,1
1,<environment.Job instance at 0x7f81879a4f50>,3,20,[8 5],4,6,26,2,6
1,<environment.Job instance at 0x7f81878acbe0>,24,14,[ 1 10],25,26,40,1,25
1,<environment.Job instance at 0x7f818790b0a0>,16,15,[1 8],17,40,55,23,26
1,<environment.Job instance at 0x7f81878adaa0>,31,18,[3 9],32,55,73,23,46
1,<environment.Job instance at 0x7f81878ad3c0>,36,3,[1 5],37,73,76,36,59
1,<environment.Job instance at 0x7f81878ad500>,38,18,[3 9],39,76,94,37,66
1,<environment.Job instance at 0x7f81878aedc0>,42,17,[10  2],43,94,111,51,82
1,<environment.Job instance at 0x7f81878aea50>,48,15,[3 6],49,111,126,62,97
1,<environment.Job instance at 0x7f8187a00960>,53,13,[10  4],54,126,139,72,111
1,<environment.Job instance at 0x7f81ce4460f0>,0,13,[5 9],1,1,14,0,1
1,<environment.Job instance at 0x7f81ce477eb0>,8,21,[1 8],9,14,35,5,9
1,<environment.Job instance at 0x7f81ce476690>,13,12,[3 7],14,35,47,21,18
1,<environment.Job instance at 0x7f81ce49bcd0>,5,14,[4 7],6,47,61,41,35
1,<environment.Job instance at 0x7f81ce476050>,15,16,[6 3],16,52,68,36,52
1,<environment.Job instance at 0x7f8187b72870>,11,16,[2 8],12,68,84,56,55
1,<environment.Job instance at 0x7f8187efcc30>,34,1,[5 5],35,84,85,49,75
1,<environment.Job instance at 0x7f8187eec2d0>,36,3,[7 4],37,85,88,48,75
1,<environment.Job instance at 0x7f8187c6f500>,37,1,[3 7],38,88,89,50,75
1,<environment.Job instance at 0x7f8187ca1460>,38,1,[2 5],39,84,85,45,76
1,<environment.Job instance at 0x7f8187da5dc0>,39,2,[2 6],40,85,87,45,76
1,<environment.Job instance at 0x7f81ce49bb90>,9,14,[10  5],10,89,103,79,78
1,<environment.Job instance at 0x7f8187eef690>,45,18,[2 9],46,103,121,57,92
1,<environment.Job instance at 0x7f8187dc3910>,56,14,[9 2],57,121,135,64,106
1,<environment.Job instance at 0x7f81ce0525f0>,0,1,[5 4],1,1,2,0,1
1,<environment.Job instance at 0x7f8187dc3320>,1,18,[5 8],2,2,20,0,2
1,<environment.Job instance at 0x7f81ce25dfa0>,7,3,[3 8],8,20,23,12,8
1,<environment.Job instance at 0x7f8187f79cd0>,6,15,[3 5],7,23,38,16,19
1,<environment.Job instance at 0x7f81cd9abb40>,16,13,[7 3],17,23,36,6,20
1,<environment.Job instance at 0x7f81cdb5e0f0>,13,15,[10  5],14,38,53,24,25
1,<environment.Job instance at 0x7f8187b43c30>,19,14,[1 5],20,53,67,33,38
1,<environment.Job instance at 0x7f8187fbfa50>,24,12,[1 8],25,67,79,42,67
1,<environment.Job instance at 0x7f8187b43370>,18,3,[4 6],19,79,82,60,67
1,<environment.Job instance at 0x7f81cdad3c80>,21,16,[7 3],22,82,98,60,80
1,<environment.Job instance at 0x7f81ce12cd20>,38,12,[4 9],39,98,110,59,91
1,<environment.Job instance at 0x7f818798f7d0>,29,12,[9 5],30,110,122,80,102
1,<environment.Job instance at 0x7f8188060a00>,33,14,[2 9],34,122,136,88,111
1,<environment.Job instance at 0x7f81ce0c20f0>,48,12,[2 7],49,136,148,87,119
1,<environment.Job instance at 0x7f81879705f0>,6,1,[7 4],7,7,8,0,7
1,<environment.Job instance at 0x7f8187a6d690>,8,3,[8 2],9,9,12,0,9
1,<environment.Job instance at 0x7f8187970280>,5,12,[10  2],6,12,24,6,9
1,<environment.Job instance at 0x7f8187a6dc30>,13,16,[3 5],14,24,40,10,14
1,<environment.Job instance at 0x7f8187f26eb0>,19,15,[3 8],20,40,55,20,26
1,<environment.Job instance at 0x7f8187f26730>,18,13,[7 4],19,55,68,36,41
1,<environment.Job instance at 0x7f81ce5ac870>,30,12,[9 2],31,68,80,37,53
1,<environment.Job instance at 0x7f81ce57dc80>,34,2,[7 5],35,80,82,45,63
1,<environment.Job instance at 0x7f81ce54b1e0>,38,15,[9 2],39,82,97,43,68
1,<environment.Job instance at 0x7f81ce54b8c0>,39,3,[2 6],40,97,100,57,76
1,<environment.Job instance at 0x7f81cdb79050>,46,14,[4 7],47,100,114,53,85
1,<environment.Job instance at 0x7f81d2d4ec30>,56,17,[4 5],57,114,131,57,102
1,<environment.Job instance at 0x7f8187e14550>,57,16,[4 9],58,131,147,73,118
1,<environment.Job instance at 0x7f81cddae460>,0,28,[7 5],1,2,30,1,2
1,<environment.Job instance at 0x7f81cd9bc7d0>,13,2,[6 1],14,30,32,16,15
1,<environment.Job instance at 0x7f81ce1d6e10>,15,15,[5 1],16,32,47,16,25
1,<environment.Job instance at 0x7f81ce1d6960>,16,23,[6 3],17,47,70,30,41
1,<environment.Job instance at 0x7f81ce545fa0>,25,1,[6 4],26,70,71,44,43
1,<environment.Job instance at 0x7f81cd9bc460>,14,13,[10  1],15,71,84,56,57
1,<environment.Job instance at 0x7f81cdd83a50>,5,20,[10  5],6,84,104,78,76
1,<environment.Job instance at 0x7f81cddae8c0>,1,16,[1 7],2,104,120,102,99
1,<environment.Job instance at 0x7f81cddaff00>,42,2,[10  5],43,120,122,77,106
1,<environment.Job instance at 0x7f81cdda4410>,46,16,[3 9],47,122,138,75,113
1,<environment.Job instance at 0x7f7e8d5c01e0>,0,18,[9 3],1,2,20,1,2
1,<environment.Job instance at 0x7f7e8c461730>,8,16,[1 8],9,20,36,11,9
1,<environment.Job instance at 0x7f7e8c461be0>,15,16,[5 5],16,36,52,20,23
1,<environment.Job instance at 0x7f7e8c4630f0>,21,1,[6 4],22,52,53,30,33
1,<environment.Job instance at 0x7f7e8c461eb0>,20,14,[4 8],21,53,67,32,40
1,<environment.Job instance at 0x7f7e8c463410>,25,1,[9 2],26,67,68,41,40
1,<environment.Job instance at 0x7f7e8c463b40>,31,15,[5 5],32,68,83,36,55
1,<environment.Job instance at 0x7f7e8c463cd0>,33,15,[5 3],34,68,83,34,55
1,<environment.Job instance at 0x7f7e8c467730>,40,12,[10  2],41,83,95,42,66
1,<environment.Job instance at 0x7f7e8c467a50>,45,2,[9 3],46,95,97,49,75
1,<environment.Job instance at 0x7f7e8c467b90>,47,1,[1 7],48,95,96,47,80
1,<environment.Job instance at 0x7f7e8c467c30>,48,17,[1 9],49,97,114,48,85
1,<environment.Job instance at 0x7f7e8d5c0190>,3,17,[ 5 10],4,114,131,110,105
1,<environment.Job instance at 0x7f7e8c467870>,42,15,[7 4],43,131,146,88,123
1,<environment.Job instance at 0x7f7e8c469fa0>,1,17,[5 9],2,3,20,1,3
1,<environment.Job instance at 0x7f7e8d72f820>,6,17,[5 8],7,20,37,13,8
1,<environment.Job instance at 0x7f7e8d736d70>,12,1,[2 7],13,37,38,24,20
1,<environment.Job instance at 0x7f7e8d7361e0>,13,18,[8 2],14,37,55,23,26
1,<environment.Job instance at 0x7f7e8d72d820>,20,12,[4 8],21,55,67,34,41
1,<environment.Job instance at 0x7f7e8d72d6e0>,22,15,[6 4],23,67,82,44,53
1,<environment.Job instance at 0x7f7e8d731690>,29,17,[7 3],30,82,99,52,71
1,<environment.Job instance at 0x7f7e8d731e60>,27,2,[2 8],28,99,101,71,82
1,<environment.Job instance at 0x7f7e8d5e7460>,42,18,[9 2],43,101,119,58,90
1,<environment.Job instance at 0x7f7e8d5e7d20>,49,13,[2 7],50,119,132,69,108
1,<environment.Job instance at 0x7f7e8d734eb0>,56,14,[6 1],57,119,133,62,116
1,<environment.Job instance at 0x7f7e8d734a50>,57,12,[4 8],58,132,144,74,119
1,<environment.Job instance at 0x7f7e424686e0>,2,16,[2 9],3,3,19,0,3
1,<environment.Job instance at 0x7f7e42527dc0>,6,1,[6 1],7,9,10,2,9
1,<environment.Job instance at 0x7f7e42468e10>,1,14,[2 5],2,19,33,17,9
1,<environment.Job instance at 0x7f7e42533e60>,10,14,[4 9],11,33,47,22,18
1,<environment.Job instance at 0x7f7e42405550>,15,14,[4 8],16,47,61,31,34
1,<environment.Job instance at 0x7f7e42533820>,8,14,[10  4],9,61,75,52,46
1,<environment.Job instance at 0x7f7e424049b0>,9,12,[4 6],10,75,87,65,58
1,<environment.Job instance at 0x7f7e8c1ccd70>,28,15,[ 4 10],29,87,102,58,76
1,<environment.Job instance at 0x7f7e4243d1e0>,34,15,[8 3],35,102,117,67,88
1,<environment.Job instance at 0x7f7e425940a0>,39,2,[5 5],40,117,119,77,102
1,<environment.Job instance at 0x7f7e42594dc0>,42,23,[6 3],43,119,142,76,114
1,<environment.Job instance at 0x7f7e42594be0>,44,13,[4 5],45,117,130,72,115
1,<environment.Job instance at 0x7f7e42594b40>,47,1,[8 3],48,142,143,94,124
1,<environment.Job instance at 0x7f7e42ae7730>,0,2,[5 2],1,1,3,0,1
1,<environment.Job instance at 0x7f7e42ae7230>,2,1,[1 6],3,3,4,0,3
1,<environment.Job instance at 0x7f7e8c4b9500>,3,17,[5 1],4,4,21,0,4
1,<environment.Job instance at 0x7f7e8c4b9f00>,4,18,[3 6],5,5,23,0,5
1,<environment.Job instance at 0x7f7e8c5974b0>,13,3,[8 2],14,23,26,9,21
1,<environment.Job instance at 0x7f7e425569b0>,6,17,[8 2],7,26,43,19,22
1,<environment.Job instance at 0x7f7e8c4c0640>,20,12,[6 2],21,43,55,22,29
1,<environment.Job instance at 0x7f7e8c49a4b0>,24,15,[2 9],25,55,70,30,42
1,<environment.Job instance at 0x7f7e8cf915a0>,29,16,[1 7],30,70,86,40,57
1,<environment.Job instance at 0x7f7e8c2ad2d0>,30,17,[8 3],31,70,87,39,59
1,<environment.Job instance at 0x7f7e425b20a0>,34,15,[1 8],35,87,102,52,73
1,<environment.Job instance at 0x7f7e8c4c04b0>,18,26,[3 8],19,102,128,83,101
1,<environment.Job instance at 0x7f7e42988f50>,47,14,[7 4],48,128,142,80,117
1,<environment.Job instance at 0x7f7e42988050>,53,18,[1 6],54,128,146,74,123
1,<environment.Job instance at 0x7f7e425db0f0>,0,13,[4 5],1,1,14,0,1
1,<environment.Job instance at 0x7f7e42ab6dc0>,17,15,[6 1],18,34,49,16,34
1,<environment.Job instance at 0x7f7e42ab6320>,14,12,[2 7],15,36,48,21,36
1,<environment.Job instance at 0x7f7e42ab3230>,18,14,[ 3 10],19,49,63,30,37
1,<environment.Job instance at 0x7f7e42ab3550>,19,13,[1 8],20,63,76,43,47
1,<environment.Job instance at 0x7f7e8cb11320>,26,15,[6 3],27,76,91,49,64
1,<environment.Job instance at 0x7f7e8cae26e0>,37,2,[1 8],38,91,93,53,80
1,<environment.Job instance at 0x7f7e8cae2af0>,38,13,[4 5],39,93,106,54,80
1,<environment.Job instance at 0x7f7e8cae19b0>,41,16,[9 5],42,106,122,64,95
1,<environment.Job instance at 0x7f7e8cae2eb0>,40,16,[2 6],41,122,138,81,114
1,<environment.Job instance at 0x7f7e8cae1280>,48,16,[5 9],49,138,154,89,125
1,<environment.Job instance at 0x7f7e8ce29500>,1,17,[7 2],2,4,21,2,4
1,<environment.Job instance at 0x7f7e428be4b0>,12,18,[1 5],13,13,31,0,13
1,<environment.Job instance at 0x7f7e8ce292d0>,6,2,[3 5],7,21,23,14,18
1,<environment.Job instance at 0x7f7e428be0a0>,15,17,[5 8],16,31,48,15,19
1,<environment.Job instance at 0x7f7e8d133be0>,26,16,[3 7],27,56,72,29,56
1,<environment.Job instance at 0x7f7e8d133f00>,29,17,[4 6],30,72,89,42,60
1,<environment.Job instance at 0x7f7e8d1334b0>,35,16,[9 3],36,89,105,53,77
1,<environment.Job instance at 0x7f7e8cf6f3c0>,38,3,[6 3],39,105,108,66,87
1,<environment.Job instance at 0x7f7e8ce29a00>,5,17,[9 3],6,108,125,102,101
1,<environment.Job instance at 0x7f7e8cf6f8c0>,45,14,[1 9],46,125,139,79,119
1,<environment.Job instance at 0x7f7e8cf6f5f0>,41,2,[1 6],42,139,141,97,126
1,<environment.Job instance at 0x7f7e8d057b40>,1,12,[2 9],2,2,14,0,2
1,<environment.Job instance at 0x7f7e426b5730>,5,2,[5 7],6,14,16,8,6
1,<environment.Job instance at 0x7f7e8c702be0>,4,12,[3 8],5,16,28,11,11
1,<environment.Job instance at 0x7f7e8c509c80>,11,18,[4 6],12,28,46,16,18
1,<environment.Job instance at 0x7f7e8c730370>,20,2,[9 2],21,46,48,25,35
1,<environment.Job instance at 0x7f7e8c4fcb40>,17,27,[1 7],18,46,73,28,44
1,<environment.Job instance at 0x7f7e42784e10>,27,16,[6 1],28,51,67,23,51
1,<environment.Job instance at 0x7f7e8cb18fa0>,33,12,[5 5],34,73,85,39,59
1,<environment.Job instance at 0x7f7e42726dc0>,38,13,[8 5],39,85,98,46,78
1,<environment.Job instance at 0x7f7e8d1176e0>,49,27,[8 1],50,108,135,58,108
1,<environment.Job instance at 0x7f7e8c8455a0>,52,14,[ 1 10],53,135,149,82,124
1,<environment.Job instance at 0x7f7e8c783960>,0,13,[4 7],1,1,14,0,1
1,<environment.Job instance at 0x7f7e8c870d70>,4,25,[2 8],5,23,48,18,23
1,<environment.Job instance at 0x7f7e8c85bb40>,21,18,[8 1],22,44,62,22,44
1,<environment.Job instance at 0x7f7e8c887550>,27,13,[6 1],28,62,75,34,49
1,<environment.Job instance at 0x7f7e8c8877d0>,31,25,[8 1],32,75,100,43,74
1,<environment.Job instance at 0x7f7e8c88b280>,46,14,[7 5],47,100,114,53,88
1,<environment.Job instance at 0x7f7e8c88bb40>,54,18,[3 8],55,114,132,59,103
1,<environment.Job instance at 0x7f7e8c88bfa0>,56,21,[7 2],57,114,135,57,108
1,<environment.Job instance at 0x7f7e42a8f730>,0,18,[4 7],1,1,19,0,1
1,<environment.Job instance at 0x7f7e8c2a3eb0>,15,2,[10  2],16,19,21,3,16
1,<environment.Job instance at 0x7f7e8c3286e0>,16,3,[3 7],17,21,24,4,17
1,<environment.Job instance at 0x7f7e8c328eb0>,17,18,[4 9],18,24,42,6,20
1,<environment.Job instance at 0x7f7e8cfe7320>,25,17,[2 8],26,42,59,16,31
1,<environment.Job instance at 0x7f7e8c2918c0>,32,1,[9 3],33,59,60,26,53
1,<environment.Job instance at 0x7f7e8c57de10>,33,3,[ 3 10],34,60,63,26,53
1,<environment.Job instance at 0x7f7e8cb0aa50>,34,13,[6 2],35,63,76,28,53
1,<environment.Job instance at 0x7f7e42913b90>,30,13,[5 8],31,76,89,45,60
1,<environment.Job instance at 0x7f7e8ccf8280>,45,3,[7 3],46,89,92,43,76
1,<environment.Job instance at 0x7f7e8c3aeb40>,48,13,[6 3],49,92,105,43,79
1,<environment.Job instance at 0x7f7e8c3c9960>,28,26,[2 7],29,91,117,62,91
1,<environment.Job instance at 0x7f7e8c1ce5f0>,55,15,[4 5],56,117,132,61,103
1,<environment.Job instance at 0x7f7e8c1ce500>,63,15,[7 4],64,132,147,68,127
1,<environment.Job instance at 0x7f7e8d0faf00>,4,14,[8 3],5,6,20,1,6
1,<environment.Job instance at 0x7f7e8d0fa320>,6,17,[5 6],7,20,37,13,8
1,<environment.Job instance at 0x7f7e8c827050>,20,12,[2 5],21,37,49,16,27
1,<environment.Job instance at 0x7f7e8c68be10>,19,3,[5 3],20,28,31,8,28
1,<environment.Job instance at 0x7f7e8c5f2870>,23,17,[6 2],24,37,54,13,37
1,<environment.Job instance at 0x7f7e8c827460>,24,1,[6 4],25,54,55,29,45
1,<environment.Job instance at 0x7f7e8c82aa50>,28,17,[ 1 10],29,55,72,26,48
1,<environment.Job instance at 0x7f7e42a77a00>,5,24,[2 7],6,72,96,66,67
1,<environment.Job instance at 0x7f7e8c659370>,31,3,[3 7],32,96,99,64,71
1,<environment.Job instance at 0x7f7e427ee370>,40,12,[ 5 10],41,99,111,58,83
1,<environment.Job instance at 0x7f7e8c89be60>,49,20,[9 2],50,111,131,61,102
1,<environment.Job instance at 0x7f7e42988280>,54,2,[1 9],55,131,133,76,124
1,<environment.Job instance at 0x7f7e8c618c80>,58,3,[6 4],59,133,136,74,125
1,<environment.Job instance at 0x7f7e42596370>,60,21,[10  4],61,136,157,75,128
1,<environment.Job instance at 0x7f7e8c2ee550>,4,12,[2 6],5,5,17,0,5
1,<environment.Job instance at 0x7f7e8c2eefa0>,16,18,[2 5],17,17,35,0,17
1,<environment.Job instance at 0x7f7e8c2ed460>,19,28,[6 1],20,21,49,1,21
1,<environment.Job instance at 0x7f7e8c2edf00>,29,13,[8 5],30,49,62,19,33
1,<environment.Job instance at 0x7f7e426fa460>,7,18,[2 8],8,62,80,54,59
1,<environment.Job instance at 0x7f7e8c2ee910>,9,24,[5 8],10,104,128,94,104
1,<environment.Job instance at 0x7f7e8c2dbe10>,49,16,[5 8],50,128,144,78,116
1,<environment.Job instance at 0x7f7e8c2f6b40>,1,3,[7 5],2,2,5,0,2
1,<environment.Job instance at 0x7f7e42a902d0>,2,1,[7 2],3,5,6,2,3
1,<environment.Job instance at 0x7f7e42a90280>,6,3,[4 7],7,7,10,0,7
1,<environment.Job instance at 0x7f7e42a90500>,7,15,[4 6],8,10,25,2,8
1,<environment.Job instance at 0x7f7e42a90dc0>,10,12,[3 7],11,25,37,14,11
1,<environment.Job instance at 0x7f7e8d01a910>,12,3,[5 2],13,13,16,0,13
1,<environment.Job instance at 0x7f7e428749b0>,16,1,[3 9],17,37,38,20,21
1,<environment.Job instance at 0x7f7e42874550>,18,1,[10  3],19,38,39,19,27
1,<environment.Job instance at 0x7f7e8d01a190>,15,18,[6 4],16,39,57,23,28
1,<environment.Job instance at 0x7f7e8c2ef780>,30,3,[4 8],31,57,60,26,40
1,<environment.Job instance at 0x7f7e8c461280>,32,16,[4 6],33,40,56,7,40
1,<environment.Job instance at 0x7f7e8c461d20>,33,18,[5 8],34,60,78,26,49
1,<environment.Job instance at 0x7f7e8c461910>,38,15,[8 5],39,78,93,39,66
1,<environment.Job instance at 0x7f7e8c231c80>,46,15,[8 5],47,93,108,46,79
1,<environment.Job instance at 0x7f7e8c3a7f50>,48,26,[ 1 10],49,108,134,59,108
1,<environment.Job instance at 0x7f7e42401780>,57,15,[10  4],58,134,149,76,124
1,<environment.Job instance at 0x7f7e424016e0>,58,2,[2 5],59,149,151,90,124
1,<environment.Job instance at 0x7f7e8c6e0910>,0,1,[8 4],1,1,2,0,1
1,<environment.Job instance at 0x7f7e42401f00>,1,13,[5 7],2,2,15,0,2
1,<environment.Job instance at 0x7f7e4281d2d0>,5,14,[5 9],6,15,29,9,6
1,<environment.Job instance at 0x7f7e8c5cd5a0>,16,17,[2 5],17,29,46,12,17
1,<environment.Job instance at 0x7f7e8c3fdb90>,21,3,[3 8],22,46,49,24,24
1,<environment.Job instance at 0x7f7e8c3fd5f0>,23,2,[10  1],24,49,51,25,25
1,<environment.Job instance at 0x7f7e8c5cd690>,18,14,[6 2],19,29,43,10,26
1,<environment.Job instance at 0x7f7e8cb6bf50>,28,12,[5 2],29,51,63,22,35
1,<environment.Job instance at 0x7f7e8cb6b4b0>,29,13,[9 1],30,63,76,33,49
1,<environment.Job instance at 0x7f7e8c6518c0>,39,15,[4 8],40,76,91,36,62
1,<environment.Job instance at 0x7f7e8c78d370>,44,3,[6 5],45,91,94,46,75
1,<environment.Job instance at 0x7f7e8c651190>,37,14,[8 5],38,94,108,56,80
1,<environment.Job instance at 0x7f7e8cc5d0f0>,53,13,[7 5],54,108,121,54,92
1,<environment.Job instance at 0x7f7e8cc5d820>,60,2,[5 7],61,121,123,60,114
1,<environment.Job instance at 0x7f7e8c78d410>,50,21,[8 5],51,123,144,72,115
1,<environment.Job instance at 0x7f7e4258f9b0>,0,14,[2 8],1,1,15,0,1
1,<environment.Job instance at 0x7f7e42554eb0>,8,12,[5 2],9,9,21,0,9
1,<environment.Job instance at 0x7f7e8c856f50>,11,18,[1 7],12,15,33,3,13
1,<environment.Job instance at 0x7f7e4255b050>,15,17,[5 6],16,33,50,17,21
1,<environment.Job instance at 0x7f7e8cb0faa0>,27,14,[10  5],28,50,64,22,37
1,<environment.Job instance at 0x7f7e422c1af0>,3,13,[3 9],4,64,77,60,48
1,<environment.Job instance at 0x7f7e8c592370>,40,12,[5 9],41,77,89,36,62
1,<environment.Job instance at 0x7f7e8ccf8780>,43,12,[9 1],44,89,101,45,80
1,<environment.Job instance at 0x7f7e8c6cc9b0>,45,17,[9 2],46,101,118,55,90
1,<environment.Job instance at 0x7f7e8c78e870>,52,17,[10  2],53,118,135,65,106
1,<environment.Job instance at 0x7f7e8cddfb90>,64,13,[5 2],65,135,148,70,123
1,<environment.Job instance at 0x7f7e42929190>,1,18,[7 2],2,3,21,1,3
1,<environment.Job instance at 0x7f7e8c4ef730>,12,2,[3 7],13,13,15,0,13
1,<environment.Job instance at 0x7f7e8c4ef910>,13,2,[4 9],14,21,23,7,14
1,<environment.Job instance at 0x7f7e8cb2c1e0>,14,15,[10  3],15,23,38,8,15
1,<environment.Job instance at 0x7f7e8c4ef0a0>,11,18,[3 9],12,38,56,26,28
1,<environment.Job instance at 0x7f7e8c701190>,21,13,[8 5],22,56,69,34,42
1,<environment.Job instance at 0x7f7e8c2ef230>,29,18,[5 8],30,69,87,39,58
1,<environment.Job instance at 0x7f7e42b18b90>,34,2,[1 7],35,87,89,52,72
1,<environment.Job instance at 0x7f7e42b18f00>,36,17,[5 4],37,89,106,52,77
1,<environment.Job instance at 0x7f7e42b18870>,37,17,[4 5],38,89,106,51,77
1,<environment.Job instance at 0x7f7e42b180f0>,39,18,[10  5],40,106,124,66,95
1,<environment.Job instance at 0x7f7e8cfa73c0>,50,21,[4 6],51,127,148,76,127
1,<environment.Job instance at 0x7f7e8cfa7d20>,51,3,[9 3],52,148,151,96,127
1,<environment.Job instance at 0x7f7e8c7a0dc0>,1,13,[2 5],2,2,15,0,2
1,<environment.Job instance at 0x7f7e42142230>,14,15,[4 7],15,15,30,0,15
1,<environment.Job instance at 0x7f7e42142370>,16,13,[2 8],17,30,43,13,17
1,<environment.Job instance at 0x7f7e421424b0>,19,3,[1 5],20,43,46,23,20
1,<environment.Job instance at 0x7f7e421410a0>,31,17,[5 1],32,35,52,3,35
1,<environment.Job instance at 0x7f7e42141c80>,30,15,[6 4],31,52,67,21,41
1,<environment.Job instance at 0x7f7e42149050>,38,13,[5 4],39,67,80,28,56
1,<environment.Job instance at 0x7f7e42149190>,39,24,[5 5],40,67,91,27,62
1,<environment.Job instance at 0x7f7e422acdc0>,45,18,[9 5],46,91,109,45,86
1,<environment.Job instance at 0x7f7e42141fa0>,29,17,[3 9],30,109,126,79,103
1,<environment.Job instance at 0x7f7e422ac640>,50,18,[1 5],51,126,144,75,115
1,<environment.Job instance at 0x7f7e8cafa780>,3,2,[4 9],4,4,6,0,4
1,<environment.Job instance at 0x7f7e42666e10>,5,16,[ 3 10],6,6,22,0,6
1,<environment.Job instance at 0x7f7e42666fa0>,8,12,[2 7],9,22,34,13,9
1,<environment.Job instance at 0x7f7e42649be0>,23,25,[2 8],24,53,78,29,53
1,<environment.Job instance at 0x7f7e42942730>,35,12,[2 7],36,78,90,42,61
1,<environment.Job instance at 0x7f7e429ff960>,43,3,[1 7],44,90,93,46,75
1,<environment.Job instance at 0x7f7e42a19500>,45,13,[3 6],46,93,106,47,77
1,<environment.Job instance at 0x7f7e42a19cd0>,46,13,[1 5],47,106,119,59,90
1,<environment.Job instance at 0x7f7e429399b0>,33,14,[9 4],34,106,120,72,105
1,<environment.Job instance at 0x7f7e4258dc80>,41,17,[ 1 10],42,120,137,78,109
1,<environment.Job instance at 0x7f7e426a2280>,55,13,[3 9],56,137,150,81,121
1,<environment.Job instance at 0x7f7e8c79cf00>,6,17,[4 5],7,7,24,0,7
1,<environment.Job instance at 0x7f7e4254df50>,7,16,[4 9],8,24,40,16,11
1,<environment.Job instance at 0x7f7e8c2fda50>,3,2,[2 9],4,40,42,36,26
1,<environment.Job instance at 0x7f7e42372d70>,26,16,[7 4],27,42,58,15,29
1,<environment.Job instance at 0x7f7e8c79c780>,5,15,[2 8],6,58,73,52,44
1,<environment.Job instance at 0x7f7e428dae10>,32,15,[3 5],33,73,88,40,60
1,<environment.Job instance at 0x7f7e8caf0280>,46,2,[4 9],47,88,90,41,79
1,<environment.Job instance at 0x7f7e4254d320>,8,15,[ 5 10],9,90,105,81,80
1,<environment.Job instance at 0x7f7e8c3085f0>,53,17,[ 5 10],54,105,122,51,93
1,<environment.Job instance at 0x7f7e8c308d70>,55,3,[6 4],56,122,125,66,99
1,<environment.Job instance at 0x7f7e8c69ebe0>,63,16,[8 2],64,125,141,61,114
1,<environment.Job instance at 0x7f7e428d71e0>,2,12,[6 1],3,3,15,0,3
1,<environment.Job instance at 0x7f7e428d7d70>,3,17,[5 9],4,15,32,11,4
1,<environment.Job instance at 0x7f7e8cff4460>,15,17,[2 7],16,32,49,16,24
1,<environment.Job instance at 0x7f7e8cff4370>,20,13,[1 8],21,49,62,28,33
1,<environment.Job instance at 0x7f7e8cff4cd0>,23,18,[5 2],24,33,51,9,33
1,<environment.Job instance at 0x7f7e8cff4a50>,29,1,[3 6],30,62,63,32,44
1,<environment.Job instance at 0x7f7e8cff4550>,17,16,[2 5],18,63,79,45,54
1,<environment.Job instance at 0x7f7e428d73c0>,13,12,[9 4],14,79,91,65,65
1,<environment.Job instance at 0x7f7e4219b500>,38,1,[1 9],39,91,92,52,74
1,<environment.Job instance at 0x7f7e4219bcd0>,37,3,[7 2],38,75,78,37,75
1,<environment.Job instance at 0x7f7e4219b410>,36,15,[2 7],37,92,107,55,79
1,<environment.Job instance at 0x7f7e4219bd70>,44,12,[8 3],45,97,109,52,97
1,<environment.Job instance at 0x7f7e4219bc80>,40,15,[10  3],41,109,124,68,98
1,<environment.Job instance at 0x7f7e42295be0>,56,14,[3 7],57,124,138,67,109
1,<environment.Job instance at 0x7f7e8d13d960>,2,15,[7 4],3,3,18,0,3
1,<environment.Job instance at 0x7f7e425e4b90>,4,17,[10  5],5,18,35,13,6
1,<environment.Job instance at 0x7f7e42707e60>,10,14,[6 1],11,35,49,24,20
1,<environment.Job instance at 0x7f7e8cf33370>,13,1,[1 5],14,35,36,21,24
1,<environment.Job instance at 0x7f7e8c359320>,14,13,[2 7],15,36,49,21,25
1,<environment.Job instance at 0x7f7e425ecaf0>,22,17,[5 9],23,49,66,26,37
1,<environment.Job instance at 0x7f7e8c4d5be0>,27,15,[5 5],28,66,81,38,52
1,<environment.Job instance at 0x7f7e8c4d5af0>,28,3,[5 5],29,66,69,37,58
1,<environment.Job instance at 0x7f7e8c4dce10>,33,2,[6 4],34,81,83,47,73
1,<environment.Job instance at 0x7f7e8c4dc460>,34,16,[7 5],35,83,99,48,73
1,<environment.Job instance at 0x7f7e8c4dcf50>,38,16,[5 9],39,99,115,60,89
1,<environment.Job instance at 0x7f7e8c507af0>,44,16,[1 8],45,115,131,70,110
1,<environment.Job instance at 0x7f7e8cf5c230>,47,1,[6 5],48,131,132,83,110
1,<environment.Job instance at 0x7f7e8cf5c140>,49,13,[6 4],50,132,145,82,120
1,<environment.Job instance at 0x7fea0b4e60a0>,2,13,[10  1],3,3,16,0,3
1,<environment.Job instance at 0x7fea0a387640>,7,16,[5 8],8,16,32,8,8
1,<environment.Job instance at 0x7fea0a387820>,10,12,[5 5],11,32,44,21,18
1,<environment.Job instance at 0x7fea0a387c30>,15,16,[5 5],16,32,48,16,23
1,<environment.Job instance at 0x7fea0a387460>,5,12,[1 7],6,48,60,42,37
1,<environment.Job instance at 0x7fea0a389960>,29,18,[5 1],30,49,67,19,49
1,<environment.Job instance at 0x7fea0a3895f0>,31,15,[5 5],32,60,75,28,49
1,<environment.Job instance at 0x7fea0a389aa0>,34,19,[3 7],35,75,94,40,65
1,<environment.Job instance at 0x7fea0a38d3c0>,43,20,[5 2],44,77,97,33,77
1,<environment.Job instance at 0x7fea0a38d500>,46,18,[2 7],47,94,112,47,84
1,<environment.Job instance at 0x7fea0a38dfa0>,50,15,[4 7],51,112,127,61,98
1,<environment.Job instance at 0x7fea0a3878c0>,12,17,[1 8],13,127,144,114,117
1,<environment.Job instance at 0x7fea0a390780>,62,3,[4 7],63,144,147,81,132
1,<environment.Job instance at 0x7fea0a390050>,64,12,[6 1],65,132,144,67,132
1,<environment.Job instance at 0x7fea0a3908c0>,1,1,[7 3],2,2,3,0,2
1,<environment.Job instance at 0x7fea0b50d280>,2,1,[2 7],3,3,4,0,3
1,<environment.Job instance at 0x7fea0b50d1e0>,3,18,[8 2],4,4,22,0,4
1,<environment.Job instance at 0x7fea0b65d640>,15,15,[5 4],16,23,38,7,23
1,<environment.Job instance at 0x7fea0b653280>,22,1,[5 2],23,27,28,4,27
1,<environment.Job instance at 0x7fea0b653320>,24,15,[4 8],25,38,53,13,28
1,<environment.Job instance at 0x7fea0b65ad70>,28,18,[7 3],29,53,71,24,45
1,<environment.Job instance at 0x7fea0b65aeb0>,27,15,[2 5],28,59,74,31,59
1,<environment.Job instance at 0x7fea0b6611e0>,35,17,[1 5],36,71,88,35,59
1,<environment.Job instance at 0x7fea0b6616e0>,36,21,[5 2],37,74,95,37,66
1,<environment.Job instance at 0x7fea0b655c80>,42,2,[6 1],43,95,97,52,73
1,<environment.Job instance at 0x7fea0b6618c0>,41,16,[6 4],42,97,113,55,85
1,<environment.Job instance at 0x7fea0b657f00>,52,18,[ 3 10],53,113,131,60,102
1,<environment.Job instance at 0x7fea0b655820>,48,17,[6 1],49,131,148,82,120
1,<environment.Job instance at 0x7fea0a2f2d20>,62,13,[9 4],63,148,161,85,132
1,<environment.Job instance at 0x7fea0b660e60>,1,2,[5 8],2,2,4,0,2
1,<environment.Job instance at 0x7fe9c0370460>,3,18,[1 9],4,4,22,0,4
1,<environment.Job instance at 0x7fe9c0370fa0>,8,15,[ 4 10],9,22,37,13,9
1,<environment.Job instance at 0x7fe9c0395c80>,16,12,[2 9],17,37,49,20,26
1,<environment.Job instance at 0x7fea0a20b2d0>,22,23,[6 3],23,61,84,38,61
1,<environment.Job instance at 0x7fea0a5c9280>,26,16,[9 1],27,84,100,57,75
1,<environment.Job instance at 0x7fe9c03e57d0>,36,25,[2 7],37,100,125,63,96
1,<environment.Job instance at 0x7fe9c03e5050>,43,13,[9 4],44,125,138,81,109
1,<environment.Job instance at 0x7fe9c04736e0>,54,12,[1 8],55,138,150,83,121
1,<environment.Job instance at 0x7fe9c03e23c0>,59,13,[10  3],60,150,163,90,135
1,<environment.Job instance at 0x7fe9c0844f00>,3,3,[1 5],4,4,7,0,4
1,<environment.Job instance at 0x7fea0a1d7e10>,4,15,[1 8],5,7,22,2,5
1,<environment.Job instance at 0x7fea0a6ae5a0>,8,19,[7 1],9,9,28,0,9
1,<environment.Job instance at 0x7fea0a3de0a0>,17,14,[7 4],18,28,42,10,19
1,<environment.Job instance at 0x7fea0a3ebd70>,9,18,[8 3],10,42,60,32,31
1,<environment.Job instance at 0x7fe9c08e2460>,28,18,[ 5 10],29,60,78,31,50
1,<environment.Job instance at 0x7fe9c09b32d0>,33,27,[4 8],34,109,136,75,109
1,<environment.Job instance at 0x7fe9c038b0f0>,61,15,[5 2],62,122,137,60,122
1,<environment.Job instance at 0x7fe9c03958c0>,52,16,[9 1],53,137,153,84,125
1,<environment.Job instance at 0x7fea0b655cd0>,0,16,[2 6],1,1,17,0,1
1,<environment.Job instance at 0x7fe9c07ce870>,6,16,[10  3],7,17,33,10,8
1,<environment.Job instance at 0x7fe9c09a8640>,3,17,[5 3],4,40,57,36,40
1,<environment.Job instance at 0x7fe9c07d6960>,20,22,[4 7],21,46,68,25,46
1,<environment.Job instance at 0x7fe9c07d6aa0>,21,13,[5 7],22,68,81,46,52
1,<environment.Job instance at 0x7fe9c02de4b0>,32,14,[5 8],33,81,95,48,70
1,<environment.Job instance at 0x7fe9c02de730>,39,16,[10  2],40,95,111,55,82
1,<environment.Job instance at 0x7fe9c07d6190>,9,17,[9 4],10,111,128,101,102
1,<environment.Job instance at 0x7fe9c02e01e0>,50,18,[1 6],51,116,134,65,116
1,<environment.Job instance at 0x7fe9c02e0460>,52,16,[7 2],53,128,144,75,119
1,<environment.Job instance at 0x7fe9c0740d70>,3,3,[3 6],4,4,7,0,4
1,<environment.Job instance at 0x7fea0a362e10>,9,16,[3 5],10,10,26,0,10
1,<environment.Job instance at 0x7fea0a362a00>,13,1,[6 4],14,17,18,3,17
1,<environment.Job instance at 0x7fea0a362c30>,14,15,[9 5],15,26,41,11,17
1,<environment.Job instance at 0x7fea0aa5b0a0>,21,14,[ 1 10],22,41,55,19,32
1,<environment.Job instance at 0x7fea0a35ab40>,28,13,[5 5],29,55,68,26,39
1,<environment.Job instance at 0x7fea0aa5bf00>,25,18,[10  2],26,68,86,42,61
1,<environment.Job instance at 0x7fea0a35ae10>,38,12,[7 3],39,86,98,47,70
1,<environment.Job instance at 0x7fe9c02e0b40>,5,17,[3 7],6,86,103,80,74
1,<environment.Job instance at 0x7fea0afb53c0>,47,2,[10  2],48,103,105,55,85
1,<environment.Job instance at 0x7fea0afb55a0>,49,14,[7 5],50,105,119,55,102
1,<environment.Job instance at 0x7fea0afb5a00>,50,13,[3 6],51,119,132,68,104
1,<environment.Job instance at 0x7fea0a96c190>,59,3,[7 5],60,132,135,72,130
1,<environment.Job instance at 0x7fea0a35aaf0>,39,13,[8 4],40,139,152,99,139
1,<environment.Job instance at 0x7fe9c0537a50>,3,13,[4 6],4,4,17,0,4
1,<environment.Job instance at 0x7fea0a436c80>,7,18,[7 4],8,17,35,9,8
1,<environment.Job instance at 0x7fea0a5c9140>,14,1,[4 6],15,35,36,20,17
1,<environment.Job instance at 0x7fea0aaa7d70>,1,15,[ 3 10],2,36,51,34,22
1,<environment.Job instance at 0x7fe9c0917aa0>,22,17,[8 5],23,51,68,28,40
1,<environment.Job instance at 0x7fe9c052c690>,15,26,[2 8],16,70,96,54,70
1,<environment.Job instance at 0x7fea0a4520f0>,17,28,[7 2],18,89,117,71,89
1,<environment.Job instance at 0x7fe9c056c6e0>,38,15,[4 5],39,117,132,78,104
1,<environment.Job instance at 0x7fea0a8a1730>,43,15,[7 5],44,132,147,88,118
1,<environment.Job instance at 0x7fe9c056c460>,35,12,[10  5],36,147,159,111,135
1,<environment.Job instance at 0x7fe9c057b550>,2,14,[4 5],3,3,17,0,3
1,<environment.Job instance at 0x7fe9c09f6410>,4,2,[6 2],5,5,7,0,5
1,<environment.Job instance at 0x7fe9c09f6960>,11,24,[5 4],12,14,38,2,14
1,<environment.Job instance at 0x7fe9c09f6b90>,17,17,[5 3],18,18,35,0,18
1,<environment.Job instance at 0x7fe9c09fb230>,19,2,[5 6],20,35,37,15,22
1,<environment.Job instance at 0x7fe9c09fb3c0>,21,2,[9 4],22,38,40,16,24
1,<environment.Job instance at 0x7fe9c09fb6e0>,22,1,[4 8],23,40,41,17,25
1,<environment.Job instance at 0x7fe9c09fb820>,23,3,[5 3],24,41,44,17,25
1,<environment.Job instance at 0x7fe9c09fbb40>,25,14,[4 9],26,44,58,18,31
1,<environment.Job instance at 0x7fe9c09f6640>,8,14,[9 3],9,58,72,49,44
1,<environment.Job instance at 0x7fe9c09fbf50>,30,13,[3 8],31,72,85,41,59
1,<environment.Job instance at 0x7fe9c09f9730>,38,3,[1 8],39,85,88,46,69
1,<environment.Job instance at 0x7fe9c09f6730>,7,14,[7 3],8,88,102,80,74
1,<environment.Job instance at 0x7fe9c09f9e10>,50,15,[6 5],51,107,122,56,107
1,<environment.Job instance at 0x7fe9c09f72d0>,52,14,[7 2],53,122,136,69,109
1,<environment.Job instance at 0x7fe9c09f75f0>,57,14,[3 9],58,136,150,78,124
1,<environment.Job instance at 0x7fea0b03c460>,3,28,[2 8],4,5,33,1,5
1,<environment.Job instance at 0x7fea0a2f3640>,18,12,[2 9],19,33,45,14,25
1,<environment.Job instance at 0x7fea0a1d3640>,14,3,[ 4 10],15,45,48,30,28
1,<environment.Job instance at 0x7fe9c0360be0>,21,18,[2 6],22,48,66,26,48
1,<environment.Job instance at 0x7fea0a9ded20>,34,1,[10  2],35,66,67,31,49
1,<environment.Job instance at 0x7fea0a5eb690>,35,2,[5 8],36,67,69,31,50
1,<environment.Job instance at 0x7fe9c04d5870>,37,1,[2 6],38,69,70,31,50
1,<environment.Job instance at 0x7fea0a7987d0>,43,26,[1 9],44,70,96,26,68
1,<environment.Job instance at 0x7fe9c0994820>,48,15,[5 7],49,96,111,47,87
1,<environment.Job instance at 0x7fea0a798c30>,46,24,[7 5],47,112,136,65,112
1,<environment.Job instance at 0x7fea0a3c1410>,2,26,[10  2],3,6,32,3,6
1,<environment.Job instance at 0x7fea0acaea00>,20,12,[3 5],21,32,44,11,24
1,<environment.Job instance at 0x7fea0a76aeb0>,6,15,[9 4],7,44,59,37,30
1,<environment.Job instance at 0x7fe9c0770730>,18,12,[4 8],19,59,71,40,44
1,<environment.Job instance at 0x7fe9c0707140>,35,18,[1 7],36,71,89,35,61
1,<environment.Job instance at 0x7fe9c07077d0>,36,2,[7 3],37,71,73,34,61
1,<environment.Job instance at 0x7fea0a76cb40>,22,20,[9 3],23,73,93,50,65
1,<environment.Job instance at 0x7fea0b6610f0>,44,12,[2 6],45,93,105,48,81
1,<environment.Job instance at 0x7fe9c0a10190>,45,3,[7 5],46,105,108,59,84
1,<environment.Job instance at 0x7fea0a3c15f0>,4,14,[ 5 10],5,108,122,103,94
1,<environment.Job instance at 0x7fe9c068f9b0>,57,13,[8 3],58,122,135,64,106
1,<environment.Job instance at 0x7fea0a7a7aa0>,65,16,[8 4],66,135,151,69,124
1,<environment.Job instance at 0x7fea0ac1e820>,2,14,[10  4],3,8,22,5,8
1,<environment.Job instance at 0x7fea0a8d9f00>,4,14,[6 4],5,22,36,17,9
1,<environment.Job instance at 0x7fe9c06fd3c0>,13,1,[7 2],14,36,37,22,14
1,<environment.Job instance at 0x7fe9c06fd370>,15,13,[3 7],16,36,49,20,20
1,<environment.Job instance at 0x7fe9c06fd7d0>,19,17,[10  3],20,49,66,29,37
1,<environment.Job instance at 0x7fe9c06f2b40>,6,16,[4 5],7,66,82,59,53
1,<environment.Job instance at 0x7fe9c06fdeb0>,29,1,[ 2 10],30,82,83,52,69
1,<environment.Job instance at 0x7fe9c06fdf50>,30,12,[10  1],31,83,95,52,76
1,<environment.Job instance at 0x7fe9c071c2d0>,35,18,[5 5],36,95,113,59,84
1,<environment.Job instance at 0x7fe9c071ca50>,41,17,[2 6],42,113,130,71,101
1,<environment.Job instance at 0x7fe9c071caf0>,42,3,[5 2],43,101,104,58,101
1,<environment.Job instance at 0x7fe9c06fdcd0>,26,3,[10  3],27,130,133,103,106
1,<environment.Job instance at 0x7fea0a88e320>,49,15,[7 1],50,133,148,83,125
1,<environment.Job instance at 0x7fea0a88e5f0>,1,13,[5 5],2,2,15,0,2
1,<environment.Job instance at 0x7fe9c03a00f0>,10,1,[7 3],11,15,16,4,12
1,<environment.Job instance at 0x7fe9c03a01e0>,12,28,[7 1],13,16,44,3,15
1,<environment.Job instance at 0x7fea0a9e5730>,5,12,[3 9],6,21,33,15,21
1,<environment.Job instance at 0x7fea0aa507d0>,21,13,[5 7],22,44,57,22,28
1,<environment.Job instance at 0x7fe9c08cca00>,30,12,[5 5],31,57,69,26,40
1,<environment.Job instance at 0x7fea0a31bd70>,31,15,[5 5],32,57,72,25,45
1,<environment.Job instance at 0x7fea0a31b320>,35,13,[1 9],36,72,85,36,57
1,<environment.Job instance at 0x7fea0a31b370>,37,19,[7 4],38,85,104,47,75
1,<environment.Job instance at 0x7fe9c02a6a00>,17,17,[7 4],18,104,121,86,92
1,<environment.Job instance at 0x7fea0b657730>,42,12,[1 6],43,98,110,55,98
1,<environment.Job instance at 0x7fe9c0261460>,49,13,[9 1],50,121,134,71,105
1,<environment.Job instance at 0x7fe9c029de10>,57,14,[8 5],58,134,148,76,121
1,<environment.Job instance at 0x7fe9c029d190>,59,15,[4 8],60,148,163,88,134
1,<environment.Job instance at 0x7fe9c029d8c0>,1,18,[6 2],2,2,20,0,2
1,<environment.Job instance at 0x7fe9c06abbe0>,3,16,[1 5],4,4,20,0,4
1,<environment.Job instance at 0x7fea0a228c30>,20,12,[9 4],21,25,37,4,25
1,<environment.Job instance at 0x7fea0a228280>,19,15,[8 4],20,37,52,17,25
1,<environment.Job instance at 0x7fe9c06abf00>,6,14,[3 9],7,52,66,45,38
1,<environment.Job instance at 0x7fe9c029ddc0>,5,12,[3 9],6,66,78,60,50
1,<environment.Job instance at 0x7fea0b510910>,28,3,[1 9],29,78,81,49,58
1,<environment.Job instance at 0x7fea0b5100a0>,33,1,[2 5],34,81,82,47,58
1,<environment.Job instance at 0x7fea0b510c80>,35,2,[5 5],36,81,83,45,58
1,<environment.Job instance at 0x7fea0ae0f140>,37,14,[10  5],38,83,97,45,68
1,<environment.Job instance at 0x7fea0ae0fe10>,41,17,[9 2],42,97,114,55,85
1,<environment.Job instance at 0x7fe9c0987a50>,52,12,[10  1],53,114,126,61,101
1,<environment.Job instance at 0x7fe9c0987d70>,54,18,[7 3],55,126,144,71,116
1,<environment.Job instance at 0x7fe9c06afc80>,61,18,[10  1],62,144,162,82,133
1,<environment.Job instance at 0x7fe9c02c2d70>,4,14,[ 1 10],5,5,19,0,5
1,<environment.Job instance at 0x7fea0a1c3dc0>,9,3,[5 8],10,19,22,9,11
1,<environment.Job instance at 0x7fea0a1c3af0>,8,1,[9 2],9,22,23,13,13
1,<environment.Job instance at 0x7fea0a1d2550>,12,2,[3 7],13,23,25,10,14
1,<environment.Job instance at 0x7fea0a1d2870>,11,18,[3 9],12,25,43,13,15
1,<environment.Job instance at 0x7fea0a1d2a50>,20,13,[ 3 10],21,43,56,22,33
1,<environment.Job instance at 0x7fea0a1d9190>,21,13,[8 5],22,56,69,34,40
1,<environment.Job instance at 0x7fea0a1ca4b0>,25,14,[5 3],26,69,83,43,54
1,<environment.Job instance at 0x7fea0ae75dc0>,31,14,[3 7],32,69,83,37,62
1,<environment.Job instance at 0x7fe9c03839b0>,33,13,[10  4],34,83,96,49,67
1,<environment.Job instance at 0x7fea0ae75d70>,36,17,[5 4],37,96,113,59,84
1,<environment.Job instance at 0x7fea0a19b9b0>,44,13,[1 5],45,114,127,69,114
1,<environment.Job instance at 0x7fea0a77c640>,45,1,[8 2],46,114,115,68,114
1,<environment.Job instance at 0x7fea0a77c4b0>,46,14,[7 1],47,115,129,68,114
1,<environment.Job instance at 0x7fea0a77c820>,48,2,[6 1],49,129,131,80,114
1,<environment.Job instance at 0x7fea0a750f00>,52,2,[8 5],53,131,133,78,127
1,<environment.Job instance at 0x7fea0a1924b0>,18,18,[3 9],19,133,151,114,130
1,<environment.Job instance at 0x7fe9c06120a0>,2,18,[6 5],3,3,21,0,3
1,<environment.Job instance at 0x7fe9c06127d0>,4,15,[4 7],5,21,36,16,9
1,<environment.Job instance at 0x7fe9c0828be0>,19,17,[3 9],20,36,53,16,24
1,<environment.Job instance at 0x7fea0a874500>,26,3,[5 2],27,53,56,26,38
1,<environment.Job instance at 0x7fe9c0272320>,27,2,[10  3],28,56,58,28,39
1,<environment.Job instance at 0x7fe9c0272a00>,29,24,[5 5],30,58,82,28,53
1,<environment.Job instance at 0x7fe9c043c5f0>,23,16,[6 5],24,82,98,58,69
1,<environment.Job instance at 0x7fe9c02a1a50>,48,3,[7 2],49,100,103,51,100
1,<environment.Job instance at 0x7fe9c02a1500>,49,3,[10  5],50,103,106,53,100
1,<environment.Job instance at 0x7fea0a8742d0>,25,15,[5 5],26,106,121,80,100
1,<environment.Job instance at 0x7fe9c0272c30>,28,13,[5 4],29,106,119,77,106
1,<environment.Job instance at 0x7fe9c02a18c0>,50,18,[9 5],51,121,139,70,113
1,<environment.Job instance at 0x7fe9c0631d20>,1,16,[9 1],2,3,19,1,3
1,<environment.Job instance at 0x7fe9c00dc5f0>,7,17,[2 6],8,19,36,11,10
1,<environment.Job instance at 0x7fe9c00dceb0>,13,14,[9 4],14,36,50,22,22
1,<environment.Job instance at 0x7fe9c00dc9b0>,15,12,[2 7],16,50,62,34,34
1,<environment.Job instance at 0x7fe9c00dcfa0>,21,17,[ 1 10],22,62,79,40,53
1,<environment.Job instance at 0x7fe9c00c7f00>,35,13,[3 9],36,79,92,43,66
1,<environment.Job instance at 0x7fe9c00c7960>,41,17,[5 6],42,92,109,50,80
1,<environment.Job instance at 0x7fe9c00c7d20>,32,23,[ 3 10],33,109,132,76,104
1,<environment.Job instance at 0x7fe9c00667d0>,53,22,[7 1],54,132,154,78,125
1,<environment.Job instance at 0x7fe9c0066730>,50,2,[3 8],51,132,134,81,125
1,<environment.Job instance at 0x7fe9c00669b0>,58,13,[1 7],59,135,148,76,135
1,<environment.Job instance at 0x7fe9c00a43c0>,1,15,[3 6],2,2,17,0,2
1,<environment.Job instance at 0x7fe9c00a4a00>,2,15,[3 5],3,17,32,14,3
1,<environment.Job instance at 0x7fea0a234c30>,10,24,[5 2],11,17,41,6,17
1,<environment.Job instance at 0x7fea0a23ddc0>,15,12,[1 8],16,32,44,16,25
1,<environment.Job instance at 0x7fea0a23d460>,14,13,[5 4],15,44,57,29,33
1,<environment.Job instance at 0x7fea0ab2d320>,27,17,[1 5],28,44,61,16,37
1,<environment.Job instance at 0x7fea0a246690>,26,12,[ 1 10],27,61,73,34,45
1,<environment.Job instance at 0x7fe9c07a2780>,28,12,[1 5],29,73,85,44,56
1,<environment.Job instance at 0x7fe9c07d4550>,31,14,[3 7],32,85,99,53,74
1,<environment.Job instance at 0x7fe9c03ac730>,34,12,[5 2],35,80,92,45,80
1,<environment.Job instance at 0x7fe9c080e370>,42,15,[6 3],43,92,107,49,84
1,<environment.Job instance at 0x7fe9c03c7500>,47,19,[8 5],48,107,126,59,97
1,<environment.Job instance at 0x7fe9c07d5370>,35,19,[4 7],36,126,145,90,118
1,<environment.Job instance at 0x7fe9c080e5f0>,43,13,[7 1],44,145,158,101,137
1,<environment.Job instance at 0x7fe9c011fdc0>,0,15,[10  3],1,1,16,0,1
1,<environment.Job instance at 0x7fea0a3e3460>,11,25,[10  4],12,25,50,13,25
1,<environment.Job instance at 0x7fea0a2c1050>,18,12,[6 5],19,50,62,31,33
1,<environment.Job instance at 0x7fea0ae10500>,26,13,[8 5],27,62,75,35,47
1,<environment.Job instance at 0x7fe9c05d0500>,22,16,[4 7],23,75,91,52,62
1,<environment.Job instance at 0x7fe9c05a1910>,33,12,[8 3],34,91,103,57,77
1,<environment.Job instance at 0x7fea0a88c910>,41,2,[4 7],42,103,105,61,94
1,<environment.Job instance at 0x7fea0a88ceb0>,42,1,[ 3 10],43,105,106,62,94
1,<environment.Job instance at 0x7fea0a88ce10>,43,2,[7 5],44,106,108,62,94
1,<environment.Job instance at 0x7fea0a88c0a0>,45,16,[6 1],46,108,124,62,95
1,<environment.Job instance at 0x7fea0a88ccd0>,47,1,[4 8],48,108,109,60,95
1,<environment.Job instance at 0x7fea0a6a3be0>,50,21,[2 6],51,109,130,58,109
1,<environment.Job instance at 0x7fe9c05a15f0>,37,23,[2 9],38,130,153,92,129
1,<environment.Job instance at 0x7fea0a2431e0>,62,14,[10  2],63,153,167,90,138
1,<environment.Job instance at 0x7fea0b650be0>,0,14,[2 7],1,1,15,0,1
1,<environment.Job instance at 0x7fe9c06314b0>,3,15,[2 5],4,15,30,11,4
1,<environment.Job instance at 0x7fe9c06319b0>,7,15,[5 6],8,30,45,22,19
1,<environment.Job instance at 0x7fea0a582050>,22,13,[ 1 10],23,45,58,22,29
1,<environment.Job instance at 0x7fea0a4f8af0>,25,17,[1 5],26,58,75,32,46
1,<environment.Job instance at 0x7fea0a4f85a0>,28,13,[5 4],29,58,71,29,46
1,<environment.Job instance at 0x7fea0a4f81e0>,32,3,[3 6],33,75,78,42,55
1,<environment.Job instance at 0x7fea0a4f8b40>,34,18,[2 5],35,78,96,43,67
1,<environment.Job instance at 0x7fea0a4f8230>,35,16,[5 9],36,96,112,60,83
1,<environment.Job instance at 0x7fea0a1ff8c0>,40,17,[5 1],41,83,100,42,83
1,<environment.Job instance at 0x7fea0a1ff2d0>,52,14,[5 9],53,112,126,59,102
1,<environment.Job instance at 0x7fea0a1ffb40>,44,17,[ 3 10],45,126,143,81,119
1,<environment.Job instance at 0x7fe9c07d7d20>,0,2,[1 9],1,1,3,0,1
1,<environment.Job instance at 0x7fe9c07d46e0>,2,3,[1 9],3,3,6,0,3
1,<environment.Job instance at 0x7fe9bfff7230>,5,3,[9 2],6,7,10,1,7
1,<environment.Job instance at 0x7fe9bfff7c80>,7,14,[3 7],8,10,24,2,10
1,<environment.Job instance at 0x7fea0a379280>,19,25,[5 2],20,21,46,1,21
1,<environment.Job instance at 0x7fe9c070c0f0>,16,12,[5 9],17,46,58,29,34
1,<environment.Job instance at 0x7fea0adc8c80>,27,1,[5 7],28,40,41,12,40
1,<environment.Job instance at 0x7fea0a8cad20>,9,12,[3 8],10,58,70,48,42
1,<environment.Job instance at 0x7fe9c0505c30>,38,13,[5 1],39,42,55,3,42
1,<environment.Job instance at 0x7fe9c04e30f0>,39,1,[1 5],40,70,71,30,46
1,<environment.Job instance at 0x7fe9c04e3a50>,40,12,[3 9],41,71,83,30,55
1,<environment.Job instance at 0x7fe9c05a7be0>,17,17,[ 5 10],18,83,100,65,76
1,<environment.Job instance at 0x7fe9c04e1870>,51,2,[2 9],52,100,102,48,86
1,<environment.Job instance at 0x7fe9c04e19b0>,53,17,[10  3],54,102,119,48,90
1,<environment.Job instance at 0x7fe9c04f6500>,56,14,[6 5],57,119,133,62,105
1,<environment.Job instance at 0x7fe9c04f63c0>,62,15,[5 2],63,133,148,70,119
1,<environment.Job instance at 0x7fe9c04f6d70>,67,1,[ 1 10],68,148,149,80,131
1,<environment.Job instance at 0x7fe9c04f6910>,68,2,[6 2],69,149,151,80,131
1,<environment.Job instance at 0x7f219bb070f0>,1,1,[3 7],2,2,3,0,2
1,<environment.Job instance at 0x7f219a9a8280>,3,17,[ 5 10],4,4,21,0,4
1,<environment.Job instance at 0x7f219a9a8500>,7,16,[5 8],8,21,37,13,8
1,<environment.Job instance at 0x7f219a9a8870>,11,3,[5 5],12,37,40,25,20
1,<environment.Job instance at 0x7f219a9a8e60>,18,12,[1 8],19,40,52,21,27
1,<environment.Job instance at 0x7f219bb4b5a0>,9,16,[4 5],10,52,68,42,42
1,<environment.Job instance at 0x7f219a9aa370>,24,2,[6 5],25,52,54,27,52
1,<environment.Job instance at 0x7f219a9aab40>,31,15,[5 5],32,54,69,22,53
1,<environment.Job instance at 0x7f219a9aa7d0>,30,3,[6 5],31,69,72,38,58
1,<environment.Job instance at 0x7f219a9aadc0>,35,1,[9 1],36,72,73,36,61
1,<environment.Job instance at 0x7f219a9aad20>,34,19,[3 7],35,73,92,38,63
1,<environment.Job instance at 0x7f219a9ae1e0>,41,23,[10  4],42,92,115,50,86
1,<environment.Job instance at 0x7f219a9aaf00>,36,13,[7 1],37,115,128,78,107
1,<environment.Job instance at 0x7f219a9ae320>,42,15,[7 4],43,128,143,85,114
1,<environment.Job instance at 0x7f219a9afcd0>,64,12,[6 1],65,143,155,78,126
1,<environment.Job instance at 0x7f219a9af6e0>,60,16,[3 7],61,143,159,82,131
1,<environment.Job instance at 0x7f219a9c4780>,0,12,[4 8],1,1,13,0,1
1,<environment.Job instance at 0x7f219bc7a2d0>,9,17,[7 3],10,13,30,3,10
1,<environment.Job instance at 0x7f219bb2feb0>,15,3,[ 1 10],16,30,33,14,18
1,<environment.Job instance at 0x7f219bb2f460>,13,12,[ 2 10],14,33,45,19,21
1,<environment.Job instance at 0x7f219bb304b0>,19,15,[3 7],20,45,60,25,31
1,<environment.Job instance at 0x7f219bb30780>,21,16,[9 1],22,60,76,38,47
1,<environment.Job instance at 0x7f219bc82050>,31,16,[6 4],32,76,92,44,63
1,<environment.Job instance at 0x7f219bc7d780>,42,18,[ 3 10],43,92,110,49,82
1,<environment.Job instance at 0x7f219bc73be0>,49,2,[5 4],50,110,112,60,91
1,<environment.Job instance at 0x7f219bc736e0>,52,13,[9 4],53,112,125,59,96
1,<environment.Job instance at 0x7f219bb30d20>,22,18,[9 2],23,125,143,102,120
1,<environment.Job instance at 0x7f219bb2e5a0>,63,12,[1 9],64,143,155,79,126
1,<environment.Job instance at 0x7f215099dfa0>,8,12,[5 5],9,26,38,17,26
1,<environment.Job instance at 0x7f219a7c54b0>,12,15,[2 9],13,38,53,25,27
1,<environment.Job instance at 0x7f2150a7cb40>,19,14,[ 3 10],20,53,67,33,46
1,<environment.Job instance at 0x7f219abd2a00>,23,13,[9 4],24,67,80,43,51
1,<environment.Job instance at 0x7f219a83b050>,34,12,[1 8],35,80,92,45,65
1,<environment.Job instance at 0x7f2150a14e60>,40,14,[8 5],41,92,106,51,79
1,<environment.Job instance at 0x7f215099ddc0>,9,14,[5 2],10,106,120,96,91
1,<environment.Job instance at 0x7f21509638c0>,33,17,[5 5],34,106,123,72,96
1,<environment.Job instance at 0x7f2150a14410>,44,14,[10  1],45,123,137,78,116
1,<environment.Job instance at 0x7f21509b1e10>,58,17,[6 5],59,137,154,78,136
1,<environment.Job instance at 0x7f21509b1cd0>,60,13,[4 8],61,154,167,93,138
1,<environment.Job instance at 0x7f219ab0c050>,0,16,[4 6],1,1,17,0,1
1,<environment.Job instance at 0x7f219aade8c0>,9,17,[5 3],10,10,27,0,10
1,<environment.Job instance at 0x7f219a998f00>,15,3,[5 4],16,18,21,2,18
1,<environment.Job instance at 0x7f2150e5fa50>,22,16,[9 1],23,27,43,4,23
1,<environment.Job instance at 0x7f21509f0af0>,23,15,[2 9],24,43,58,19,33
1,<environment.Job instance at 0x7f2150e6a690>,31,15,[5 2],32,58,73,26,45
1,<environment.Job instance at 0x7f2150e6a230>,33,15,[1 7],34,58,73,24,50
1,<environment.Job instance at 0x7f2150e6a910>,34,13,[5 2],35,73,86,38,59
1,<environment.Job instance at 0x7f215099c3c0>,42,1,[3 9],43,86,87,43,61
1,<environment.Job instance at 0x7f21509b0410>,45,17,[5 8],46,87,104,41,76
1,<environment.Job instance at 0x7f2150d40410>,49,3,[3 6],50,104,107,54,91
1,<environment.Job instance at 0x7f2150d40a50>,50,3,[1 6],51,107,110,56,91
1,<environment.Job instance at 0x7f2150d40a00>,52,2,[7 3],53,104,106,51,94
1,<environment.Job instance at 0x7f2150999aa0>,54,15,[4 8],55,110,125,55,96
1,<environment.Job instance at 0x7f219a82cf00>,60,18,[8 1],61,125,143,64,114
1,<environment.Job instance at 0x7f219aa6daa0>,64,3,[5 1],65,143,146,78,125
1,<environment.Job instance at 0x7f2150e56be0>,65,2,[2 6],66,125,127,59,125
1,<environment.Job instance at 0x7f219aa6de10>,67,17,[5 7],68,143,160,75,132
1,<environment.Job instance at 0x7f2150985eb0>,1,3,[ 4 10],2,2,5,0,2
1,<environment.Job instance at 0x7f2150e9ec80>,2,3,[2 9],3,5,8,2,3
1,<environment.Job instance at 0x7f2150e9eb40>,3,12,[5 8],4,8,20,4,5
1,<environment.Job instance at 0x7f219b027460>,6,13,[3 7],7,20,33,13,7
1,<environment.Job instance at 0x7f219b4848c0>,18,13,[1 9],19,33,46,14,22
1,<environment.Job instance at 0x7f219b4843c0>,22,18,[9 4],23,46,64,23,35
1,<environment.Job instance at 0x7f219b484280>,20,14,[9 5],21,64,78,43,54
1,<environment.Job instance at 0x7f219b4850a0>,31,1,[4 8],32,78,79,46,63
1,<environment.Job instance at 0x7f219b485460>,32,1,[2 5],33,79,80,46,64
1,<environment.Job instance at 0x7f2150ffbd20>,12,16,[7 2],13,79,95,66,67
1,<environment.Job instance at 0x7f219b49bb40>,38,16,[5 4],39,95,111,56,82
1,<environment.Job instance at 0x7f219b49b460>,41,1,[10  2],42,111,112,69,97
1,<environment.Job instance at 0x7f219b4855a0>,33,17,[9 3],34,112,129,78,104
1,<environment.Job instance at 0x7f219b4a95f0>,48,18,[5 9],49,129,147,80,118
1,<environment.Job instance at 0x7f219b667050>,0,13,[3 6],1,1,14,0,1
1,<environment.Job instance at 0x7f219ae2cd20>,15,18,[9 1],16,30,48,14,30
1,<environment.Job instance at 0x7f219b66d870>,21,13,[5 1],22,48,61,26,36
1,<environment.Job instance at 0x7f219ae2c960>,16,24,[4 5],17,48,72,31,43
1,<environment.Job instance at 0x7f219b66d320>,19,16,[8 1],20,72,88,52,59
1,<environment.Job instance at 0x7f219b66d190>,31,12,[2 9],32,72,84,40,61
1,<environment.Job instance at 0x7f219a8501e0>,36,17,[7 5],37,88,105,51,76
1,<environment.Job instance at 0x7f219a850460>,45,13,[1 5],46,105,118,59,105
1,<environment.Job instance at 0x7f219b43bdc0>,46,21,[7 5],47,105,126,58,105
1,<environment.Job instance at 0x7f219a850370>,33,21,[2 8],34,126,147,92,118
1,<environment.Job instance at 0x7f219a84f2d0>,54,18,[1 6],55,147,165,92,143
1,<environment.Job instance at 0x7f219a9170f0>,0,2,[4 7],1,1,3,0,1
1,<environment.Job instance at 0x7f219ab3a320>,1,15,[7 5],2,3,18,1,2
1,<environment.Job instance at 0x7f219a7a6230>,4,13,[ 2 10],5,18,31,13,5
1,<environment.Job instance at 0x7f219ad07910>,9,12,[1 7],10,31,43,21,17
1,<environment.Job instance at 0x7f219ad07640>,10,13,[4 7],11,43,56,32,27
1,<environment.Job instance at 0x7f219b09be60>,19,16,[3 5],20,56,72,36,43
1,<environment.Job instance at 0x7f219ad6e9b0>,30,18,[6 1],31,56,74,25,56
1,<environment.Job instance at 0x7f219ad6eb40>,28,13,[6 5],29,74,87,45,59
1,<environment.Job instance at 0x7f219b55c910>,21,16,[ 3 10],22,87,103,65,83
1,<environment.Job instance at 0x7f219af68dc0>,41,25,[8 1],42,103,128,61,100
1,<environment.Job instance at 0x7f219af6cd70>,57,15,[ 1 10],58,128,143,70,116
1,<environment.Job instance at 0x7f219af68640>,50,16,[4 8],51,143,159,92,133
1,<environment.Job instance at 0x7f2150b7f320>,0,2,[4 8],1,1,3,0,1
1,<environment.Job instance at 0x7f219aaba500>,2,1,[2 8],3,3,4,0,3
1,<environment.Job instance at 0x7f2150da8780>,3,1,[7 2],4,4,5,0,4
1,<environment.Job instance at 0x7f215106eaa0>,9,3,[7 3],10,10,13,0,10
1,<environment.Job instance at 0x7f215106ec30>,8,12,[5 2],9,13,25,4,11
1,<environment.Job instance at 0x7f215106ebe0>,11,1,[1 6],12,13,14,1,13
1,<environment.Job instance at 0x7f215106e820>,6,3,[3 7],7,14,17,7,13
1,<environment.Job instance at 0x7f219a9a9190>,14,12,[9 4],15,25,37,10,15
1,<environment.Job instance at 0x7f219a9a99b0>,20,13,[5 8],21,37,50,16,24
1,<environment.Job instance at 0x7f219a9a9eb0>,26,24,[5 3],27,50,74,23,45
1,<environment.Job instance at 0x7f219a9a9500>,16,17,[1 7],17,60,77,43,60
1,<environment.Job instance at 0x7f219a9a9d20>,30,22,[7 3],31,74,96,43,69
1,<environment.Job instance at 0x7f215104ddc0>,45,15,[4 5],46,96,111,50,85
1,<environment.Job instance at 0x7f215104dc80>,47,16,[2 5],48,92,108,44,92
1,<environment.Job instance at 0x7f215104e1e0>,50,1,[6 3],51,108,109,57,94
1,<environment.Job instance at 0x7f215104e370>,51,13,[3 5],52,109,122,57,96
1,<environment.Job instance at 0x7f215104e500>,53,15,[7 4],54,111,126,57,103
1,<environment.Job instance at 0x7f215104eaf0>,61,17,[1 9],62,126,143,64,114
1,<environment.Job instance at 0x7f215104ee60>,67,16,[1 6],68,143,159,75,130
1,<environment.Job instance at 0x7f219a8bf4b0>,3,18,[7 5],4,4,22,0,4
1,<environment.Job instance at 0x7f219acdeb90>,17,14,[1 6],18,22,36,4,18
1,<environment.Job instance at 0x7f219acde0f0>,19,20,[9 2],20,22,42,2,21
1,<environment.Job instance at 0x7f219b112fa0>,23,15,[7 3],24,45,60,21,45
1,<environment.Job instance at 0x7f219b12f140>,29,16,[2 7],30,46,62,16,46
1,<environment.Job instance at 0x7f219b2d2a50>,34,15,[4 9],35,62,77,27,51
1,<environment.Job instance at 0x7f219a824c80>,39,12,[10  4],40,77,89,37,67
1,<environment.Job instance at 0x7f219a8d0dc0>,31,17,[2 7],32,89,106,57,82
1,<environment.Job instance at 0x7f219a824e60>,43,12,[6 2],44,89,101,45,82
1,<environment.Job instance at 0x7f21508e9820>,50,2,[2 7],51,106,108,55,90
1,<environment.Job instance at 0x7f219a8244b0>,45,15,[ 2 10],46,108,123,62,98
1,<environment.Job instance at 0x7f21508e9460>,58,18,[3 9],59,123,141,64,114
1,<environment.Job instance at 0x7f219a9b4140>,63,2,[3 5],64,141,143,77,134
1,<environment.Job instance at 0x7f219a9b44b0>,64,14,[ 5 10],65,143,157,78,134
1,<environment.Job instance at 0x7f219b8c5230>,7,26,[8 5],8,8,34,0,8
1,<environment.Job instance at 0x7f2150ee5410>,5,17,[10  1],6,34,51,28,22
1,<environment.Job instance at 0x7f219a717140>,14,2,[10  1],15,51,53,36,24
1,<environment.Job instance at 0x7f219b4ee140>,16,1,[ 2 10],17,53,54,36,33
1,<environment.Job instance at 0x7f219b12fc30>,17,1,[7 4],18,54,55,36,34
1,<environment.Job instance at 0x7f219b12f230>,19,2,[9 2],20,55,57,35,35
1,<environment.Job instance at 0x7f219b167050>,15,13,[8 4],16,57,70,41,41
1,<environment.Job instance at 0x7f2150b445f0>,21,27,[2 5],22,57,84,35,55
1,<environment.Job instance at 0x7f2150c39730>,23,15,[6 5],24,70,85,46,59
1,<environment.Job instance at 0x7f2150c4c6e0>,30,12,[2 5],31,84,96,53,70
1,<environment.Job instance at 0x7f219b369690>,43,18,[7 2],44,85,103,41,85
1,<environment.Job instance at 0x7f219b698230>,35,12,[6 1],36,103,115,67,86
1,<environment.Job instance at 0x7f219b3690f0>,49,15,[8 1],50,115,130,65,101
1,<environment.Job instance at 0x7f219b369370>,45,17,[2 5],46,101,118,55,101
1,<environment.Job instance at 0x7f219a811370>,55,18,[7 3],56,130,148,74,119
1,<environment.Job instance at 0x7f2150da31e0>,3,25,[9 5],4,4,29,0,4
1,<environment.Job instance at 0x7f2150a869b0>,14,1,[10  1],15,29,30,14,23
1,<environment.Job instance at 0x7f2150a86d70>,19,3,[1 6],20,30,33,10,30
1,<environment.Job instance at 0x7f2150a86e10>,20,18,[2 7],21,33,51,12,30
1,<environment.Job instance at 0x7f2150a86a00>,13,17,[9 3],14,51,68,37,40
1,<environment.Job instance at 0x7f2150aadbe0>,31,17,[3 9],32,68,85,36,57
1,<environment.Job instance at 0x7f2150aa2690>,41,13,[5 5],42,85,98,43,75
1,<environment.Job instance at 0x7f2150aa2960>,43,1,[ 5 10],44,98,99,54,78
1,<environment.Job instance at 0x7f2150aa2550>,44,2,[2 5],45,85,87,40,78
1,<environment.Job instance at 0x7f2150aa2aa0>,45,12,[3 9],46,99,111,53,83
1,<environment.Job instance at 0x7f2150aad910>,30,18,[10  1],31,111,129,80,100
1,<environment.Job instance at 0x7f2150aa2d20>,49,14,[10  4],50,129,143,79,114
1,<environment.Job instance at 0x7f2150aa2640>,56,15,[10  5],57,143,158,86,134
1,<environment.Job instance at 0x7f2150aa28c0>,54,1,[6 2],55,158,159,103,134
1,<environment.Job instance at 0x7f2150a8e870>,63,2,[5 5],64,159,161,95,135
1,<environment.Job instance at 0x7f219b70e910>,0,17,[5 2],1,1,18,0,1
1,<environment.Job instance at 0x7f219b70ebe0>,4,18,[2 8],5,6,24,1,6
1,<environment.Job instance at 0x7f2150a8eaa0>,5,18,[3 5],6,24,42,18,21
1,<environment.Job instance at 0x7f219a717280>,17,17,[5 2],18,27,44,9,27
1,<environment.Job instance at 0x7f219a717550>,20,3,[5 7],21,42,45,21,36
1,<environment.Job instance at 0x7f219a717690>,23,17,[4 7],24,45,62,21,36
1,<environment.Job instance at 0x7f219a88ae10>,21,2,[2 5],22,62,64,40,44
1,<environment.Job instance at 0x7f219aaf5af0>,30,12,[10  5],31,64,76,33,53
1,<environment.Job instance at 0x7f219aaf5dc0>,31,18,[6 2],32,76,94,44,65
1,<environment.Job instance at 0x7f219aaf5410>,33,16,[1 5],34,76,92,42,66
1,<environment.Job instance at 0x7f2150b2a5a0>,36,14,[3 9],37,94,108,57,79
1,<environment.Job instance at 0x7f219b35d0a0>,42,15,[8 2],43,108,123,65,94
1,<environment.Job instance at 0x7f219b35d910>,49,15,[8 4],50,123,138,73,109
1,<environment.Job instance at 0x7f2150f7e050>,52,18,[2 9],53,138,156,85,127
1,<environment.Job instance at 0x7f219aa57500>,59,12,[3 8],60,156,168,96,139
1,<environment.Job instance at 0x7f219a8f77d0>,0,3,[3 5],1,1,4,0,1
1,<environment.Job instance at 0x7f219a8f7500>,4,3,[5 8],5,5,8,0,5
1,<environment.Job instance at 0x7f219a8f7d70>,6,17,[1 5],7,8,25,1,7
1,<environment.Job instance at 0x7f219a8f7be0>,5,16,[5 1],6,8,24,2,8
1,<environment.Job instance at 0x7f219a8f74b0>,13,1,[9 1],14,24,25,10,14
1,<environment.Job instance at 0x7f219aa259b0>,14,2,[3 7],15,25,27,10,15
1,<environment.Job instance at 0x7f219aa251e0>,21,18,[7 2],22,25,43,3,25
1,<environment.Job instance at 0x7f2150a659b0>,28,1,[9 2],29,47,48,18,47
1,<environment.Job instance at 0x7f219aa255f0>,19,25,[10  3],20,48,73,28,47
1,<environment.Job instance at 0x7f2150df64b0>,34,15,[10  3],35,73,88,38,63
1,<environment.Job instance at 0x7f2150df6870>,37,15,[4 8],38,88,103,50,77
1,<environment.Job instance at 0x7f2150df6050>,40,13,[ 3 10],41,103,116,62,87
1,<environment.Job instance at 0x7f219a8f7fa0>,7,13,[2 8],8,116,129,108,104
1,<environment.Job instance at 0x7f219b49bc30>,53,13,[10  4],54,129,142,75,114
1,<environment.Job instance at 0x7f2150dc04b0>,1,13,[2 5],2,2,15,0,2
1,<environment.Job instance at 0x7f2150725fa0>,14,15,[4 7],15,15,30,0,15
1,<environment.Job instance at 0x7f21507254b0>,16,13,[2 8],17,30,43,13,17
1,<environment.Job instance at 0x7f2151017fa0>,25,2,[3 9],26,43,45,17,27
1,<environment.Job instance at 0x7f219aa7d6e0>,13,14,[8 4],14,45,59,31,33
1,<environment.Job instance at 0x7f219aa95f00>,34,14,[10  4],35,59,73,24,45
1,<environment.Job instance at 0x7f2150cd82d0>,44,12,[5 7],45,73,85,28,71
1,<environment.Job instance at 0x7f219ad9da00>,47,27,[2 6],48,85,112,37,83
1,<environment.Job instance at 0x7f219ad9d1e0>,49,14,[4 8],50,112,126,62,98
1,<environment.Job instance at 0x7f219b528050>,60,18,[9 5],61,126,144,65,123
1,<environment.Job instance at 0x7f219b528aa0>,62,20,[5 3],63,144,164,81,135
1,<environment.Job instance at 0x7f2150f59fa0>,3,25,[2 8],4,4,29,0,4
1,<environment.Job instance at 0x7f219b0948c0>,16,13,[5 1],17,17,30,0,17
1,<environment.Job instance at 0x7f2150e0ca00>,10,3,[5 5],11,29,32,18,21
1,<environment.Job instance at 0x7f219abce0f0>,9,16,[2 8],10,32,48,22,21
1,<environment.Job instance at 0x7f21508b1780>,24,13,[2 7],25,48,61,23,35
1,<environment.Job instance at 0x7f21508b1370>,25,13,[3 6],26,61,74,35,54
1,<environment.Job instance at 0x7f21508b16e0>,31,13,[6 3],32,65,78,33,65
1,<environment.Job instance at 0x7f21508b19b0>,34,12,[ 3 10],35,78,90,43,66
1,<environment.Job instance at 0x7f219aad3690>,41,17,[5 6],42,90,107,48,78
1,<environment.Job instance at 0x7f219b528aa0>,2,16,[10  5],3,107,123,104,95
1,<environment.Job instance at 0x7f219a779eb0>,46,1,[4 7],47,123,124,76,107
1,<environment.Job instance at 0x7f215109ed20>,54,14,[7 3],55,125,139,70,125
1,<environment.Job instance at 0x7f2150b87230>,15,12,[2 7],16,125,137,109,125
1,<environment.Job instance at 0x7f219a714910>,57,3,[5 3],58,139,142,81,128
1,<environment.Job instance at 0x7f2150fd8730>,62,17,[4 7],63,139,156,76,132
1,<environment.Job instance at 0x7f215090c320>,1,15,[1 9],2,2,17,0,2
1,<environment.Job instance at 0x7f2150afa550>,3,16,[2 6],4,17,33,13,4
1,<environment.Job instance at 0x7f2150683dc0>,16,12,[ 1 10],17,33,45,16,21
1,<environment.Job instance at 0x7f2150683a50>,14,1,[5 9],15,45,46,30,30
1,<environment.Job instance at 0x7f219b348460>,9,2,[3 5],10,46,48,36,37
1,<environment.Job instance at 0x7f2150687870>,25,19,[4 7],26,48,67,22,38
1,<environment.Job instance at 0x7f2150687c80>,27,1,[10  2],28,67,68,39,47
1,<environment.Job instance at 0x7f2150687370>,32,15,[6 3],33,68,83,35,58
1,<environment.Job instance at 0x7f2150687f50>,38,15,[2 5],39,81,96,42,81
1,<environment.Job instance at 0x7f21506871e0>,34,18,[ 5 10],35,96,114,61,85
1,<environment.Job instance at 0x7f2150853320>,45,15,[5 1],46,114,129,68,104
1,<environment.Job instance at 0x7f21506cf4b0>,49,15,[5 5],50,114,129,64,112
1,<environment.Job instance at 0x7f2150687820>,33,13,[7 1],34,129,142,95,113
1,<environment.Job instance at 0x7f2150687050>,35,20,[10  5],36,142,162,106,134
1,<environment.Job instance at 0x7f2150acf910>,0,17,[ 5 10],1,1,18,0,1
1,<environment.Job instance at 0x7f219b0c3140>,5,16,[2 7],6,18,34,12,6
1,<environment.Job instance at 0x7f219b0c3cd0>,10,1,[3 8],11,34,35,23,11
1,<environment.Job instance at 0x7f219b0c9640>,15,22,[1 8],16,35,57,19,28
1,<environment.Job instance at 0x7f219b0c3a50>,11,1,[9 2],12,35,36,23,29
1,<environment.Job instance at 0x7f219b0b6f00>,18,2,[5 6],19,57,59,38,30
1,<environment.Job instance at 0x7f219b0b65a0>,21,2,[4 7],22,59,61,37,43
1,<environment.Job instance at 0x7f219b0b6370>,22,1,[ 3 10],23,61,62,38,43
1,<environment.Job instance at 0x7f219b0b6b40>,23,2,[7 5],24,62,64,38,43
1,<environment.Job instance at 0x7f219b0b7280>,24,3,[3 8],25,64,67,39,43
1,<environment.Job instance at 0x7f219b0e59b0>,26,2,[2 9],27,67,69,40,46
1,<environment.Job instance at 0x7f219b0e5d70>,27,1,[4 8],28,69,70,41,46
1,<environment.Job instance at 0x7f219b0e6500>,31,2,[10  5],32,70,72,38,57
1,<environment.Job instance at 0x7f21509bf280>,33,3,[5 5],34,72,75,38,59
1,<environment.Job instance at 0x7f219aa03af0>,34,2,[2 5],35,62,64,27,59
1,<environment.Job instance at 0x7f219b0b6640>,19,15,[10  5],20,75,90,55,62
1,<environment.Job instance at 0x7f21509bfe10>,38,13,[2 8],39,90,103,51,86
1,<environment.Job instance at 0x7f21509e5be0>,39,12,[4 8],40,103,115,63,88
1,<environment.Job instance at 0x7f219af02e60>,46,3,[ 2 10],47,115,118,68,94
1,<environment.Job instance at 0x7f219af02d20>,47,14,[5 5],48,118,132,70,103
1,<environment.Job instance at 0x7f219af021e0>,49,1,[4 5],50,118,119,68,103
1,<environment.Job instance at 0x7f219af02460>,52,3,[7 2],53,132,135,79,109
1,<environment.Job instance at 0x7f219af020f0>,53,3,[5 5],54,119,122,65,109
1,<environment.Job instance at 0x7f219a9900f0>,45,12,[7 4],46,135,147,89,119
1,<environment.Job instance at 0x7f219af14d20>,58,12,[5 8],59,147,159,88,131
1,<environment.Job instance at 0x7f219b536d20>,0,15,[ 5 10],1,2,17,1,2
1,<environment.Job instance at 0x7f219bb4bdc0>,7,3,[3 5],8,17,20,9,8
1,<environment.Job instance at 0x7f219af6ca50>,9,13,[8 2],10,20,33,10,11
1,<environment.Job instance at 0x7f219b188370>,15,12,[4 5],16,33,45,17,16
1,<environment.Job instance at 0x7f2150f590f0>,24,12,[5 8],25,45,57,20,32
1,<environment.Job instance at 0x7f219a811230>,28,15,[2 7],29,57,72,28,46
1,<environment.Job instance at 0x7f215070ceb0>,5,16,[5 9],6,72,88,66,61
1,<environment.Job instance at 0x7f219ab5fe10>,39,16,[3 9],40,88,104,48,75
1,<environment.Job instance at 0x7f219b536c30>,1,14,[ 4 10],2,104,118,102,96
1,<environment.Job instance at 0x7f219a725370>,45,1,[7 1],46,96,97,50,96
1,<environment.Job instance at 0x7f219aa2a960>,22,14,[5 9],23,118,132,95,104
1,<environment.Job instance at 0x7f2150fa23c0>,48,18,[10  5],49,132,150,83,125
1,<environment.Job instance at 0x7f219aa6aa50>,58,1,[3 5],59,150,151,91,125
1,<environment.Job instance at 0x7f219af869b0>,60,12,[5 4],61,150,162,89,133
1,<environment.Job instance at 0x7f219a923550>,0,12,[3 9],1,1,13,0,1
1,<environment.Job instance at 0x7f2150e6e2d0>,10,15,[2 8],11,13,28,2,11
1,<environment.Job instance at 0x7f2150e6ed20>,11,2,[2 9],12,28,30,16,12
1,<environment.Job instance at 0x7f2150e6e0f0>,12,17,[7 1],13,13,30,0,13
1,<environment.Job instance at 0x7f219a9235a0>,8,15,[8 1],9,30,45,21,16
1,<environment.Job instance at 0x7f21507951e0>,21,13,[1 9],22,31,44,9,31
1,<environment.Job instance at 0x7f2150e6e050>,16,14,[6 5],17,45,59,28,41
1,<environment.Job instance at 0x7f2150795be0>,26,16,[7 5],27,59,75,32,47
1,<environment.Job instance at 0x7f219aec5550>,33,27,[5 5],34,75,102,41,75
1,<environment.Job instance at 0x7f219b4c8e10>,6,22,[2 9],7,104,126,97,104
1,<environment.Job instance at 0x7f219aec5f50>,34,20,[5 1],35,114,134,79,114
1,<environment.Job instance at 0x7f219acc44b0>,48,14,[3 5],49,141,155,92,141
1,<environment.Job instance at 0x7f219aec5780>,38,2,[9 4],39,155,157,116,146
1,<environment.Job instance at 0x7f219ae3cd20>,0,17,[2 9],1,1,18,0,1
1,<environment.Job instance at 0x7f219a8e74b0>,5,17,[5 7],6,18,35,12,12
1,<environment.Job instance at 0x7f2150a863c0>,7,2,[7 4],8,35,37,27,14
1,<environment.Job instance at 0x7f2150789b90>,17,3,[7 4],18,37,40,19,25
1,<environment.Job instance at 0x7f219ac6a370>,4,14,[7 4],5,40,54,35,32
1,<environment.Job instance at 0x7f21507896e0>,22,22,[1 5],23,35,57,12,33
1,<environment.Job instance at 0x7f2150663230>,27,21,[9 3],28,54,75,26,48
1,<environment.Job instance at 0x7f2150789eb0>,23,14,[9 2],24,75,89,51,61
1,<environment.Job instance at 0x7f2150ce8050>,40,16,[1 8],41,75,91,34,73
1,<environment.Job instance at 0x7f2150ce82d0>,45,18,[6 1],46,89,107,43,78
1,<environment.Job instance at 0x7f21506635a0>,30,20,[4 7],31,91,111,60,87
1,<environment.Job instance at 0x7f2150cf1730>,51,17,[5 2],52,107,124,55,96
1,<environment.Job instance at 0x7f2150cf3e10>,61,17,[3 9],62,124,141,62,116
1,<environment.Job instance at 0x7f2150cf35f0>,64,17,[9 4],65,141,158,76,129
1,<environment.Job instance at 0x7f79e67b21e0>,0,18,[9 3],1,1,19,0,1
1,<environment.Job instance at 0x7f79e67b1fa0>,3,17,[ 5 10],4,19,36,15,9
1,<environment.Job instance at 0x7f79e13a2b40>,15,16,[5 5],16,36,52,20,23
1,<environment.Job instance at 0x7f79e13a2fa0>,20,14,[4 8],21,52,66,31,39
1,<environment.Job instance at 0x7f79e13a4a50>,29,18,[5 1],30,52,70,22,52
1,<environment.Job instance at 0x7f79e13a4cd0>,33,15,[5 3],34,66,81,32,53
1,<environment.Job instance at 0x7f79e13a6410>,40,12,[10  2],41,81,93,40,71
1,<environment.Job instance at 0x7f79e13a2730>,12,17,[1 8],13,93,110,80,82
1,<environment.Job instance at 0x7f79e13a6910>,43,20,[5 2],44,93,113,49,91
1,<environment.Job instance at 0x7f79e13a6d70>,50,15,[4 7],51,110,125,59,97
1,<environment.Job instance at 0x7f79e13a6c30>,48,17,[1 9],49,125,142,76,113
1,<environment.Job instance at 0x7f79e13ab780>,66,3,[1 9],67,142,145,75,130
1,<environment.Job instance at 0x7f79e13abdc0>,67,1,[10  4],68,145,146,77,131
1,<environment.Job instance at 0x7f79e13bedc0>,1,2,[ 2 10],2,2,4,0,2
1,<environment.Job instance at 0x7f79e67dadc0>,4,15,[4 8],5,5,20,0,5
1,<environment.Job instance at 0x7f79e692df00>,7,15,[2 5],8,20,35,12,8
1,<environment.Job instance at 0x7f79e6923820>,17,1,[3 7],18,35,36,17,21
1,<environment.Job instance at 0x7f79e69237d0>,18,12,[5 5],19,21,33,2,21
1,<environment.Job instance at 0x7f79e6923690>,19,13,[2 7],20,36,49,16,21
1,<environment.Job instance at 0x7f79e6923d70>,16,21,[5 2],17,33,54,16,33
1,<environment.Job instance at 0x7f79e6921820>,22,2,[6 1],23,54,56,31,35
1,<environment.Job instance at 0x7f79e6928410>,25,2,[6 4],26,56,58,30,37
1,<environment.Job instance at 0x7f79e692d140>,9,15,[3 7],10,58,73,48,44
1,<environment.Job instance at 0x7f79e6923190>,15,17,[1 5],16,73,90,57,61
1,<environment.Job instance at 0x7f79e67db640>,43,1,[3 6],44,90,91,46,74
1,<environment.Job instance at 0x7f79e691fa50>,45,15,[5 6],46,91,106,45,78
1,<environment.Job instance at 0x7f79e67dbbe0>,40,2,[1 9],41,106,108,65,83
1,<environment.Job instance at 0x7f79e67db910>,37,17,[2 8],38,108,125,70,96
1,<environment.Job instance at 0x7f79e67d9910>,55,13,[1 7],56,125,138,69,110
1,<environment.Job instance at 0x7f79e67d9230>,54,13,[5 9],55,138,151,83,131
1,<environment.Job instance at 0x7f79e6926780>,62,16,[3 7],63,151,167,88,138
1,<environment.Job instance at 0x7f799b70e870>,2,12,[6 4],3,3,15,0,3
1,<environment.Job instance at 0x7f799b65c4b0>,4,18,[2 6],5,6,24,1,6
1,<environment.Job instance at 0x7f79e11117d0>,17,2,[2 8],18,24,26,6,20
1,<environment.Job instance at 0x7f799b6d4f00>,19,13,[10  3],20,26,39,6,21
1,<environment.Job instance at 0x7f799b666910>,28,24,[5 8],29,39,63,10,34
1,<environment.Job instance at 0x7f799b7ddb40>,13,17,[5 5],14,63,80,49,58
1,<environment.Job instance at 0x7f799b5f8960>,40,13,[4 8],41,80,93,39,65
1,<environment.Job instance at 0x7f799b71f280>,45,15,[2 7],46,93,108,47,79
1,<environment.Job instance at 0x7f79e1169eb0>,53,20,[ 5 10],54,108,128,54,99
1,<environment.Job instance at 0x7f79e152d550>,58,1,[5 3],59,128,129,69,117
1,<environment.Job instance at 0x7f79e152d730>,59,2,[6 1],60,129,131,69,117
1,<environment.Job instance at 0x7f79e11711e0>,60,3,[4 6],61,128,131,67,117
1,<environment.Job instance at 0x7f79e1230500>,62,2,[4 9],63,131,133,68,119
1,<environment.Job instance at 0x7f799b63ccd0>,57,16,[5 1],58,131,147,73,119
1,<environment.Job instance at 0x7f79e1230550>,64,3,[5 5],65,133,136,68,124
1,<environment.Job instance at 0x7f79e122bb40>,65,17,[2 5],66,136,153,70,127
1,<environment.Job instance at 0x7f79e3b2a3c0>,0,18,[1 8],1,1,19,0,1
1,<environment.Job instance at 0x7f79e15318c0>,10,15,[5 3],11,19,34,8,12
1,<environment.Job instance at 0x7f79e1531aa0>,8,16,[9 4],9,34,50,25,22
1,<environment.Job instance at 0x7f79e11f55a0>,16,14,[9 2],17,50,64,33,35
1,<environment.Job instance at 0x7f79e13b0780>,31,17,[3 8],32,64,81,32,54
1,<environment.Job instance at 0x7f79e13b0500>,33,16,[5 1],34,64,80,30,63
1,<environment.Job instance at 0x7f79e15319b0>,15,17,[5 8],16,81,98,65,70
1,<environment.Job instance at 0x7f799b7da460>,40,13,[4 5],41,98,111,57,83
1,<environment.Job instance at 0x7f79e1498730>,49,13,[9 2],50,111,124,61,100
1,<environment.Job instance at 0x7f799ba646e0>,26,17,[7 3],27,141,158,114,141
1,<environment.Job instance at 0x7f79e134f8c0>,0,20,[ 3 10],1,2,22,1,2
1,<environment.Job instance at 0x7f799baa5730>,9,3,[1 6],10,22,25,12,13
1,<environment.Job instance at 0x7f799baa56e0>,8,18,[5 9],9,25,43,16,14
1,<environment.Job instance at 0x7f799b5aa730>,23,12,[9 5],24,43,55,19,26
1,<environment.Job instance at 0x7f799b5aabe0>,27,15,[2 6],28,55,70,27,43
1,<environment.Job instance at 0x7f799b5aaf50>,32,13,[10  4],33,70,83,37,54
1,<environment.Job instance at 0x7f799b5ab370>,38,17,[10  5],39,83,100,44,72
1,<environment.Job instance at 0x7f799b5ab140>,37,14,[1 6],38,100,114,62,85
1,<environment.Job instance at 0x7f799b5abaa0>,46,13,[9 1],47,105,118,58,105
1,<environment.Job instance at 0x7f799b5b00a0>,53,26,[10  2],54,118,144,64,115
1,<environment.Job instance at 0x7f799baa5a50>,11,17,[7 2],12,144,161,132,134
1,<environment.Job instance at 0x7f79e39e7280>,2,18,[8 5],3,4,22,1,4
1,<environment.Job instance at 0x7f79e39e7b40>,7,16,[6 1],8,22,38,14,9
1,<environment.Job instance at 0x7f79e39e7730>,8,2,[2 7],9,22,24,13,15
1,<environment.Job instance at 0x7f79e136e0a0>,18,13,[8 5],19,38,51,19,22
1,<environment.Job instance at 0x7f79e39f3c80>,27,13,[2 5],28,42,55,14,42
1,<environment.Job instance at 0x7f79e136e0f0>,21,3,[5 7],22,55,58,33,43
1,<environment.Job instance at 0x7f799b5b0d20>,3,13,[3 8],4,58,71,54,44
1,<environment.Job instance at 0x7f79e39f31e0>,31,16,[5 6],32,71,87,39,61
1,<environment.Job instance at 0x7f799ba5d280>,35,13,[6 3],36,87,100,51,72
1,<environment.Job instance at 0x7f79e136eeb0>,17,15,[5 9],18,100,115,82,89
1,<environment.Job instance at 0x7f799ba5d820>,41,15,[ 3 10],42,115,130,73,106
1,<environment.Job instance at 0x7f79e3926e60>,49,16,[ 4 10],50,130,146,80,119
1,<environment.Job instance at 0x7f799b73d910>,4,18,[3 8],5,5,23,0,5
1,<environment.Job instance at 0x7f799b857690>,9,12,[5 5],10,23,35,13,14
1,<environment.Job instance at 0x7f79e3b9d2d0>,21,16,[5 8],22,35,51,13,30
1,<environment.Job instance at 0x7f799b7c6d70>,32,18,[7 3],33,74,92,41,74
1,<environment.Job instance at 0x7f79e3b60aa0>,35,12,[3 6],36,83,95,47,83
1,<environment.Job instance at 0x7f79e3b60780>,36,17,[10  1],37,95,112,58,83
1,<environment.Job instance at 0x7f799b8ea3c0>,13,24,[5 9],14,112,136,98,110
1,<environment.Job instance at 0x7f79e3e2b690>,46,26,[3 5],47,136,162,89,135
1,<environment.Job instance at 0x7f79e3e2b6e0>,53,26,[5 4],54,136,162,82,136
1,<environment.Job instance at 0x7f79e1248b40>,1,1,[4 5],2,2,3,0,2
1,<environment.Job instance at 0x7f799b641780>,3,28,[2 8],4,5,33,1,5
1,<environment.Job instance at 0x7f799ba4a870>,18,12,[2 9],19,33,45,14,19
1,<environment.Job instance at 0x7f799ba4af00>,24,14,[1 7],25,45,59,20,32
1,<environment.Job instance at 0x7f799ba5f320>,30,21,[7 2],31,45,66,14,39
1,<environment.Job instance at 0x7f799ba4abe0>,21,18,[2 6],22,60,78,38,60
1,<environment.Job instance at 0x7f799ba4a6e0>,16,13,[2 9],17,78,91,61,62
1,<environment.Job instance at 0x7f799ba42410>,44,3,[9 2],45,91,94,46,76
1,<environment.Job instance at 0x7f799ba425f0>,47,3,[4 8],48,96,99,48,96
1,<environment.Job instance at 0x7f799ba42550>,46,24,[7 5],47,99,123,52,99
1,<environment.Job instance at 0x7f799ba429b0>,53,17,[5 2],54,123,140,69,111
1,<environment.Job instance at 0x7f799ba42cd0>,58,15,[2 6],59,123,138,64,117
1,<environment.Job instance at 0x7f799ba42f50>,61,16,[3 6],62,138,154,76,125
1,<environment.Job instance at 0x7f79e3dec280>,0,12,[3 5],1,1,13,0,1
1,<environment.Job instance at 0x7f79e3deca50>,2,20,[9 3],3,13,33,10,5
1,<environment.Job instance at 0x7f799b5fa370>,15,18,[1 7],16,20,38,4,20
1,<environment.Job instance at 0x7f799b5ef5f0>,13,17,[9 3],14,33,50,19,24
1,<environment.Job instance at 0x7f79e12efaf0>,24,12,[2 6],25,50,62,25,33
1,<environment.Job instance at 0x7f79e12e0aa0>,22,22,[7 2],23,50,72,27,44
1,<environment.Job instance at 0x7f79e1174fa0>,32,16,[1 6],33,62,78,29,49
1,<environment.Job instance at 0x7f799b9d9190>,38,1,[5 8],39,78,79,39,61
1,<environment.Job instance at 0x7f799b5be820>,26,15,[10  3],27,79,94,52,71
1,<environment.Job instance at 0x7f79e3e91960>,50,16,[4 6],51,94,110,43,88
1,<environment.Job instance at 0x7f79e3e916e0>,51,13,[8 5],52,110,123,58,98
1,<environment.Job instance at 0x7f79e3c41be0>,54,13,[2 6],55,123,136,68,115
1,<environment.Job instance at 0x7f79e3c411e0>,55,16,[7 1],56,123,139,67,115
1,<environment.Job instance at 0x7f79e3c410a0>,57,17,[3 7],58,136,153,78,127
1,<environment.Job instance at 0x7f79e3c41d20>,61,16,[1 6],62,153,169,91,140
1,<environment.Job instance at 0x7f79e3e29fa0>,0,12,[3 7],1,1,13,0,1
1,<environment.Job instance at 0x7f79e3e293c0>,1,17,[2 6],2,13,30,11,2
1,<environment.Job instance at 0x7f799b7f8640>,23,18,[5 8],24,30,48,6,25
1,<environment.Job instance at 0x7f79e1531460>,27,18,[10  1],28,56,74,28,56
1,<environment.Job instance at 0x7f79e3da4500>,36,15,[8 5],37,74,89,37,61
1,<environment.Job instance at 0x7f79e3da4f00>,37,17,[10  5],38,89,106,51,82
1,<environment.Job instance at 0x7f79e3da4870>,44,19,[8 5],45,107,126,62,107
1,<environment.Job instance at 0x7f799b8d2960>,46,18,[8 1],47,126,144,79,117
1,<environment.Job instance at 0x7f799bb76c30>,55,13,[6 1],56,144,157,88,128
1,<environment.Job instance at 0x7f799bb76140>,53,17,[5 5],54,157,174,103,145
1,<environment.Job instance at 0x7f79e16120a0>,0,12,[10  5],1,1,13,0,1
1,<environment.Job instance at 0x7f79e3ce06e0>,10,21,[8 5],11,13,34,2,11
1,<environment.Job instance at 0x7f79e3ce05a0>,7,18,[3 7],8,34,52,26,24
1,<environment.Job instance at 0x7f79e3cdd280>,19,2,[5 8],20,52,54,32,25
1,<environment.Job instance at 0x7f79e3cdd500>,23,12,[8 3],24,54,66,30,37
1,<environment.Job instance at 0x7f79e3cdd5f0>,27,12,[1 8],28,66,78,38,49
1,<environment.Job instance at 0x7f79e3cdd9b0>,29,14,[ 3 10],30,78,92,48,66
1,<environment.Job instance at 0x7f79e3cddcd0>,34,17,[2 6],35,92,109,57,80
1,<environment.Job instance at 0x7f79e3cd3370>,43,13,[3 9],44,109,122,65,94
1,<environment.Job instance at 0x7f79e3cd39b0>,48,19,[9 3],49,122,141,73,113
1,<environment.Job instance at 0x7f79e3cd3a50>,55,18,[3 5],56,141,159,85,140
1,<environment.Job instance at 0x7f79e3cba9b0>,2,14,[7 2],3,3,17,0,3
1,<environment.Job instance at 0x7f79e3cbae60>,3,16,[6 4],4,17,33,13,5
1,<environment.Job instance at 0x7f79e1531370>,12,17,[7 3],13,33,50,20,21
1,<environment.Job instance at 0x7f79e1531a50>,20,1,[6 4],21,50,51,29,25
1,<environment.Job instance at 0x7f79e1302820>,21,2,[2 6],22,26,28,4,26
1,<environment.Job instance at 0x7f79e3c522d0>,27,18,[4 6],28,50,68,22,39
1,<environment.Job instance at 0x7f79e15318c0>,15,13,[8 5],16,68,81,52,52
1,<environment.Job instance at 0x7f79e3c52eb0>,32,18,[9 2],33,81,99,48,70
1,<environment.Job instance at 0x7f799b6d0870>,43,20,[8 5],44,99,119,55,91
1,<environment.Job instance at 0x7f79e14af320>,48,12,[3 9],49,119,131,70,107
1,<environment.Job instance at 0x7f79e165f6e0>,52,15,[5 4],53,131,146,78,118
1,<environment.Job instance at 0x7f79e12e7280>,62,3,[10  3],63,146,149,83,130
1,<environment.Job instance at 0x7f799ba76e10>,0,13,[5 9],1,1,14,0,1
1,<environment.Job instance at 0x7f799b6f8b40>,2,18,[5 3],3,14,32,11,3
1,<environment.Job instance at 0x7f799b6f8690>,9,14,[10  5],10,32,46,22,17
1,<environment.Job instance at 0x7f799ba43f00>,15,16,[6 3],16,46,62,30,33
1,<environment.Job instance at 0x7f799ba43140>,19,2,[1 6],20,52,54,32,52
1,<environment.Job instance at 0x7f799ba43e10>,20,17,[ 1 10],21,62,79,41,52
1,<environment.Job instance at 0x7f799ba43cd0>,22,3,[1 5],23,54,57,31,52
1,<environment.Job instance at 0x7f799b8ca870>,23,1,[5 2],24,79,80,55,52
1,<environment.Job instance at 0x7f79e3f35460>,5,14,[4 7],6,79,93,73,66
1,<environment.Job instance at 0x7f799ba437d0>,12,1,[9 4],13,93,94,80,69
1,<environment.Job instance at 0x7f799b8cae60>,29,3,[8 4],30,94,97,64,69
1,<environment.Job instance at 0x7f79e180ba00>,33,21,[3 8],34,97,118,63,89
1,<environment.Job instance at 0x7f799b745a50>,44,15,[4 7],45,118,133,73,104
1,<environment.Job instance at 0x7f79e3a4bd20>,55,2,[3 9],56,133,135,77,120
1,<environment.Job instance at 0x7f79e3a4b870>,56,14,[9 2],57,135,149,78,120
1,<environment.Job instance at 0x7f79e150ed20>,64,14,[10  4],65,149,163,84,136
1,<environment.Job instance at 0x7f79e16c10a0>,8,12,[2 7],9,9,21,0,9
1,<environment.Job instance at 0x7f79e16c1fa0>,7,18,[10  2],8,21,39,13,11
1,<environment.Job instance at 0x7f79e18a7eb0>,25,13,[5 6],26,39,52,13,32
1,<environment.Job instance at 0x7f799b61f050>,26,12,[1 8],27,52,64,25,42
1,<environment.Job instance at 0x7f79e16ac460>,28,2,[7 5],29,64,66,35,45
1,<environment.Job instance at 0x7f79e16ac1e0>,30,3,[5 5],31,66,69,35,49
1,<environment.Job instance at 0x7f79e16acbe0>,34,15,[8 4],35,69,84,34,55
1,<environment.Job instance at 0x7f79e3f49e10>,19,18,[8 1],20,84,102,64,82
1,<environment.Job instance at 0x7f79e167ff00>,45,13,[3 6],46,102,115,56,86
1,<environment.Job instance at 0x7f79e3f31370>,51,13,[6 3],52,106,119,54,106
1,<environment.Job instance at 0x7f79e3f528c0>,21,16,[9 1],22,119,135,97,108
1,<environment.Job instance at 0x7f799b7af320>,59,12,[4 7],60,135,147,75,128
1,<environment.Job instance at 0x7f799b7af690>,61,17,[5 6],62,147,164,85,135
1,<environment.Job instance at 0x7f79e12e75f0>,0,17,[5 7],1,1,18,0,1
1,<environment.Job instance at 0x7f799b5f9be0>,6,15,[3 7],7,18,33,11,7
1,<environment.Job instance at 0x7f799bb8b690>,12,15,[9 3],13,33,48,20,19
1,<environment.Job instance at 0x7f79e3a253c0>,28,12,[1 5],29,36,48,7,36
1,<environment.Job instance at 0x7f79e3a252d0>,31,14,[3 7],32,48,62,16,39
1,<environment.Job instance at 0x7f79e113b4b0>,22,21,[6 2],23,51,72,28,51
1,<environment.Job instance at 0x7f799bae0cd0>,38,21,[8 5],39,72,93,33,64
1,<environment.Job instance at 0x7f79e3c39280>,46,1,[8 3],47,93,94,46,89
1,<environment.Job instance at 0x7f79e691bc80>,47,19,[8 5],48,94,113,46,89
1,<environment.Job instance at 0x7f79e691bcd0>,48,15,[2 5],49,89,104,40,89
1,<environment.Job instance at 0x7f799b7e01e0>,37,1,[10  2],38,113,114,75,91
1,<environment.Job instance at 0x7f799b91a500>,53,2,[6 1],54,114,116,60,107
1,<environment.Job instance at 0x7f799b44c370>,54,13,[10  1],55,116,129,61,108
1,<environment.Job instance at 0x7f79e3a259b0>,23,17,[ 5 10],24,129,146,105,123
1,<environment.Job instance at 0x7f799b44c550>,60,14,[9 5],61,146,160,85,132
1,<environment.Job instance at 0x7f799b3d7370>,2,16,[4 7],3,3,19,0,3
1,<environment.Job instance at 0x7f799b3d7dc0>,5,16,[2 7],6,19,35,13,7
1,<environment.Job instance at 0x7f79e3a6fa00>,16,2,[3 9],17,35,37,18,21
1,<environment.Job instance at 0x7f79e3a6f140>,12,18,[4 7],13,37,55,24,30
1,<environment.Job instance at 0x7f79e3a6fb40>,21,2,[4 7],22,55,57,33,36
1,<environment.Job instance at 0x7f799b3e2b90>,22,1,[ 3 10],23,57,58,34,36
1,<environment.Job instance at 0x7f799b3e2960>,23,2,[7 5],24,58,60,34,36
1,<environment.Job instance at 0x7f799b3e22d0>,24,3,[3 8],25,60,63,35,36
1,<environment.Job instance at 0x7f799b3e2d20>,25,16,[6 1],26,37,53,11,37
1,<environment.Job instance at 0x7f799b3e27d0>,26,2,[2 9],27,63,65,36,39
1,<environment.Job instance at 0x7f799b3e2a50>,27,1,[4 8],28,65,66,37,39
1,<environment.Job instance at 0x7f799b3e2140>,30,21,[2 6],31,66,87,35,58
1,<environment.Job instance at 0x7f79e3f30410>,37,18,[4 5],38,87,105,49,78
1,<environment.Job instance at 0x7f79e3f30b40>,42,14,[10  2],43,105,119,62,90
1,<environment.Job instance at 0x7f79e11e6b40>,45,12,[7 4],46,119,131,73,102
1,<environment.Job instance at 0x7f79e3a6f5a0>,19,15,[10  5],20,131,146,111,118
1,<environment.Job instance at 0x7f799bb97e10>,59,16,[6 1],60,146,162,86,133
1,<environment.Job instance at 0x7f799bb975a0>,60,16,[1 8],61,146,162,85,133
1,<environment.Job instance at 0x7f799bb346e0>,2,3,[5 1],3,3,6,0,3
1,<environment.Job instance at 0x7f799bb97c80>,4,17,[ 3 10],5,6,23,1,5
1,<environment.Job instance at 0x7f79e134bb40>,5,12,[4 5],6,23,35,17,6
1,<environment.Job instance at 0x7f79e134b0f0>,12,14,[5 9],13,35,49,22,20
1,<environment.Job instance at 0x7f79e134c0a0>,14,12,[5 8],15,49,61,34,32
1,<environment.Job instance at 0x7f79e11dfc30>,29,16,[3 9],30,61,77,31,48
1,<environment.Job instance at 0x7f79e134cfa0>,18,15,[2 7],19,77,92,58,63
1,<environment.Job instance at 0x7f79e18c15f0>,36,26,[6 2],37,77,103,40,76
1,<environment.Job instance at 0x7f79e134c550>,21,18,[10  5],22,103,121,81,96
1,<environment.Job instance at 0x7f799b8b8190>,47,17,[1 7],48,121,138,73,110
1,<environment.Job instance at 0x7f799b630460>,44,17,[8 2],45,126,143,81,126
1,<environment.Job instance at 0x7f799b65ab90>,56,13,[7 2],57,143,156,86,127
1,<environment.Job instance at 0x7f799b65af00>,57,14,[3 7],58,143,157,85,135
1,<environment.Job instance at 0x7f799b65a4b0>,1,13,[1 9],2,2,15,0,2
1,<environment.Job instance at 0x7f799b4ef140>,15,12,[10  4],16,19,31,3,19
1,<environment.Job instance at 0x7f79e11c7b90>,13,27,[5 5],14,34,61,20,34
1,<environment.Job instance at 0x7f799b855730>,14,20,[5 1],15,45,65,30,45
1,<environment.Job instance at 0x7f799bd36500>,23,2,[3 9],24,61,63,37,49
1,<environment.Job instance at 0x7f799bd36f50>,22,1,[ 2 10],23,65,66,42,49
1,<environment.Job instance at 0x7f79e3addf50>,26,1,[1 9],27,63,64,36,50
1,<environment.Job instance at 0x7f79e3a34780>,10,16,[ 4 10],11,66,82,55,55
1,<environment.Job instance at 0x7f799b842c30>,31,23,[8 1],32,82,105,50,79
1,<environment.Job instance at 0x7f799bc357d0>,38,2,[1 8],39,89,91,50,89
1,<environment.Job instance at 0x7f799b842640>,32,20,[ 2 10],33,105,125,72,96
1,<environment.Job instance at 0x7f799bc35a50>,43,12,[10  3],44,125,137,81,112
1,<environment.Job instance at 0x7f799bcaa2d0>,47,12,[9 4],48,137,149,89,120
1,<environment.Job instance at 0x7f799bbb4230>,57,15,[7 1],58,149,164,91,145
1,<environment.Job instance at 0x7f79e13ab280>,0,20,[4 7],1,1,21,0,1
1,<environment.Job instance at 0x7f799b9f07d0>,7,1,[2 7],8,21,22,13,8
1,<environment.Job instance at 0x7f799b9f0c30>,11,1,[10  4],12,22,23,10,12
1,<environment.Job instance at 0x7f799b9f0cd0>,12,3,[10  1],13,23,26,10,13
1,<environment.Job instance at 0x7f799b9f0910>,15,18,[6 1],16,26,44,10,16
1,<environment.Job instance at 0x7f799b9f0320>,10,16,[1 8],11,27,43,16,27
1,<environment.Job instance at 0x7f799b972fa0>,26,16,[1 8],27,43,59,16,30
1,<environment.Job instance at 0x7f799b4eeb40>,30,13,[ 5 10],31,59,72,28,51
1,<environment.Job instance at 0x7f799b3a2f50>,35,15,[8 4],36,72,87,36,58
1,<environment.Job instance at 0x7f799b9727d0>,22,14,[2 5],23,72,86,49,59
1,<environment.Job instance at 0x7f799b946500>,46,15,[1 6],47,86,101,39,72
1,<environment.Job instance at 0x7f799b946140>,47,17,[5 4],48,87,104,39,87
1,<environment.Job instance at 0x7f799b946050>,53,15,[10  1],54,104,119,50,91
1,<environment.Job instance at 0x7f799b3a2dc0>,34,17,[9 4],35,119,136,84,107
1,<environment.Job instance at 0x7f79e3a3b4b0>,74,14,[4 9],75,136,150,61,123
1,<environment.Job instance at 0x7f79e3c5dc30>,1,16,[ 2 10],2,2,18,0,2
1,<environment.Job instance at 0x7f799bc61d70>,6,2,[6 5],7,18,20,11,7
1,<environment.Job instance at 0x7f799bc8eeb0>,7,14,[6 3],8,20,34,12,8
1,<environment.Job instance at 0x7f799b431af0>,15,16,[1 8],16,34,50,18,21
1,<environment.Job instance at 0x7f799b312640>,23,2,[8 1],24,41,43,17,41
1,<environment.Job instance at 0x7f799b3123c0>,20,1,[ 1 10],21,50,51,29,42
1,<environment.Job instance at 0x7f799b312370>,24,15,[7 5],25,51,66,26,43
1,<environment.Job instance at 0x7f799b8a7af0>,31,13,[10  2],32,66,79,34,66
1,<environment.Job instance at 0x7f799b8a75a0>,32,14,[10  5],33,79,93,46,67
1,<environment.Job instance at 0x7f799ba63140>,35,18,[6 3],36,93,111,57,82
1,<environment.Job instance at 0x7f79e14a1550>,47,14,[3 9],48,111,125,63,97
1,<environment.Job instance at 0x7f79e3cf26e0>,4,12,[5 8],5,125,137,120,108
1,<environment.Job instance at 0x7f799b312050>,25,22,[6 5],26,137,159,111,130
1,<environment.Job instance at 0x7f79e14a1500>,55,27,[4 5],56,137,164,81,136
1,<environment.Job instance at 0x7f6c47cae280>,3,17,[ 5 10],4,4,21,0,4
1,<environment.Job instance at 0x7f6c47cae500>,7,16,[5 8],8,21,37,13,8
1,<environment.Job instance at 0x7f6c47caeb90>,15,16,[5 5],16,37,53,21,25
1,<environment.Job instance at 0x7f6c47caef50>,21,1,[6 4],22,53,54,31,45
1,<environment.Job instance at 0x7f6c47cb2280>,24,2,[6 5],25,54,56,29,45
1,<environment.Job instance at 0x7f6c48e96780>,9,16,[4 5],10,48,64,38,48
1,<environment.Job instance at 0x7f6c47cae5f0>,12,17,[1 8],13,64,81,51,53
1,<environment.Job instance at 0x7f6c47cb29b0>,36,13,[7 1],37,67,80,30,67
1,<environment.Job instance at 0x7f6c47cb2e10>,37,2,[8 4],38,81,83,43,67
1,<environment.Job instance at 0x7f6c47cae690>,10,12,[5 5],11,83,95,72,68
1,<environment.Job instance at 0x7f6c47cb2b40>,31,15,[5 5],32,83,98,51,76
1,<environment.Job instance at 0x7f6c47cb3820>,48,17,[1 9],49,98,115,49,86
1,<environment.Job instance at 0x7f6c47cb3c30>,50,15,[4 7],51,115,130,64,103
1,<environment.Job instance at 0x7f6c47cb7500>,58,17,[5 4],59,130,147,71,118
1,<environment.Job instance at 0x7f6c47cb3320>,43,20,[5 2],44,120,140,76,120
1,<environment.Job instance at 0x7f6c47cb78c0>,64,12,[6 1],65,147,159,82,131
1,<environment.Job instance at 0x7f6c47cb7a00>,66,3,[1 9],67,147,150,80,133
1,<environment.Job instance at 0x7f6c48e35410>,6,21,[5 2],7,7,28,0,7
1,<environment.Job instance at 0x7f6c47cc7050>,5,17,[1 5],6,10,27,4,10
1,<environment.Job instance at 0x7f6c48f88690>,9,13,[2 7],10,27,40,17,13
1,<environment.Job instance at 0x7f6c48f83370>,16,14,[6 1],17,28,42,11,17
1,<environment.Job instance at 0x7f6c48f88780>,11,16,[6 4],12,42,58,30,30
1,<environment.Job instance at 0x7f6c48f7a820>,29,2,[5 4],30,58,60,28,44
1,<environment.Job instance at 0x7f6c48f7a550>,30,2,[1 9],31,60,62,29,44
1,<environment.Job instance at 0x7f6c48f88d70>,10,13,[4 9],11,62,75,51,48
1,<environment.Job instance at 0x7f6c48e34d20>,38,14,[5 5],39,75,89,36,62
1,<environment.Job instance at 0x7f6c48e34d70>,43,12,[1 9],44,89,101,45,78
1,<environment.Job instance at 0x7f6c48f81d70>,49,25,[10  1],50,101,126,51,97
1,<environment.Job instance at 0x7f6c47d66320>,1,16,[9 1],2,126,142,124,115
1,<environment.Job instance at 0x7f6c48e941e0>,55,18,[5 8],56,142,160,86,131
1,<environment.Job instance at 0x7f6bfdcb0d70>,0,14,[8 5],1,1,15,0,1
1,<environment.Job instance at 0x7f6c48f87c30>,4,14,[10  1],5,15,29,10,13
1,<environment.Job instance at 0x7f6bfdca5190>,14,14,[6 3],15,29,43,14,19
1,<environment.Job instance at 0x7f6c4821cb40>,22,18,[ 4 10],23,43,61,20,33
1,<environment.Job instance at 0x7f6c47a19af0>,27,12,[5 7],28,61,73,33,59
1,<environment.Job instance at 0x7f6c47af6fa0>,28,16,[5 6],29,73,89,44,60
1,<environment.Job instance at 0x7f6bfddaf3c0>,29,14,[3 5],30,89,103,59,75
1,<environment.Job instance at 0x7f6bfddaf230>,35,3,[8 1],36,103,106,67,77
1,<environment.Job instance at 0x7f6bfdc97550>,37,16,[5 1],38,79,95,41,79
1,<environment.Job instance at 0x7f6bfdc977d0>,38,1,[5 3],39,95,96,56,79
1,<environment.Job instance at 0x7f6bfdc97f50>,39,2,[6 1],40,96,98,56,79
1,<environment.Job instance at 0x7f6bfdc975a0>,42,2,[4 9],43,106,108,63,79
1,<environment.Job instance at 0x7f6bfdc97780>,44,3,[5 5],45,98,101,53,88
1,<environment.Job instance at 0x7f6bfdc97910>,47,2,[5 4],48,101,103,53,99
1,<environment.Job instance at 0x7f6c47e29050>,49,13,[1 9],50,108,121,58,99
1,<environment.Job instance at 0x7f6bfdc54f50>,50,2,[5 2],51,121,123,70,99
1,<environment.Job instance at 0x7f6bfdc548c0>,53,17,[5 1],54,106,123,52,99
1,<environment.Job instance at 0x7f6bfdd2b190>,54,18,[3 6],55,123,141,68,112
1,<environment.Job instance at 0x7f6c4849a640>,0,18,[8 1],1,2,20,1,2
1,<environment.Job instance at 0x7f6bfe010820>,8,15,[2 7],9,9,24,0,9
1,<environment.Job instance at 0x7f6c47e1d230>,12,2,[6 2],13,20,22,7,16
1,<environment.Job instance at 0x7f6c47e1dfa0>,13,2,[1 8],14,24,26,10,18
1,<environment.Job instance at 0x7f6bfdd01910>,1,17,[3 8],2,26,43,24,21
1,<environment.Job instance at 0x7f6c481c8e10>,11,28,[6 2],12,22,50,10,21
1,<environment.Job instance at 0x7f6c47e59d20>,28,14,[ 3 10],29,50,64,21,45
1,<environment.Job instance at 0x7f6c48f88d20>,29,13,[1 8],30,64,77,34,48
1,<environment.Job instance at 0x7f6c482417d0>,33,12,[7 1],34,64,76,30,62
1,<environment.Job instance at 0x7f6c48f83370>,30,3,[5 4],31,77,80,46,62
1,<environment.Job instance at 0x7f6c47cbb960>,36,15,[6 3],37,80,95,43,66
1,<environment.Job instance at 0x7f6bfde3ebe0>,45,17,[3 5],46,85,102,39,85
1,<environment.Job instance at 0x7f6c47cbb8c0>,37,12,[1 8],38,102,114,64,96
1,<environment.Job instance at 0x7f6bfde3e280>,48,13,[4 5],49,114,127,65,100
1,<environment.Job instance at 0x7f6bfde3eeb0>,53,17,[5 3],54,114,131,60,114
1,<environment.Job instance at 0x7f6bfdd3d140>,56,16,[10  3],57,131,147,74,124
1,<environment.Job instance at 0x7f6bfde3e780>,51,16,[9 5],52,147,163,95,134
1,<environment.Job instance at 0x7f6bfde35f00>,0,17,[8 1],1,2,19,1,2
1,<environment.Job instance at 0x7f6c47acfd70>,4,16,[1 6],5,5,21,0,5
1,<environment.Job instance at 0x7f6c48f83c30>,9,18,[7 1],10,19,37,9,10
1,<environment.Job instance at 0x7f6bfe15e640>,15,14,[1 9],16,23,37,7,23
1,<environment.Job instance at 0x7f6c47a9dc80>,24,14,[4 5],25,37,51,12,27
1,<environment.Job instance at 0x7f6bfe0b3410>,14,26,[2 5],15,37,63,22,36
1,<environment.Job instance at 0x7f6bfe170a00>,16,14,[4 9],17,63,77,46,54
1,<environment.Job instance at 0x7f6c487a5b40>,45,18,[10  2],46,77,95,31,77
1,<environment.Job instance at 0x7f6bfe2bcb90>,34,15,[9 5],35,97,112,62,97
1,<environment.Job instance at 0x7f6c487a9280>,62,18,[8 5],63,129,147,66,129
1,<environment.Job instance at 0x7f6c487a9dc0>,59,13,[8 4],60,147,160,87,137
1,<environment.Job instance at 0x7f6c485ad730>,3,15,[3 6],4,4,19,0,4
1,<environment.Job instance at 0x7f6c485ade10>,7,28,[7 2],8,8,36,0,8
1,<environment.Job instance at 0x7f6c485ad7d0>,8,18,[2 6],9,19,37,10,19
1,<environment.Job instance at 0x7f6c485ad190>,14,15,[5 8],15,37,52,22,26
1,<environment.Job instance at 0x7f6c485ad320>,12,17,[8 5],13,52,69,39,43
1,<environment.Job instance at 0x7f6c487defa0>,22,14,[3 6],23,69,83,46,60
1,<environment.Job instance at 0x7f6bfe170640>,6,24,[3 5],7,83,107,76,79
1,<environment.Job instance at 0x7f6c485ad500>,9,17,[5 4],10,82,99,72,82
1,<environment.Job instance at 0x7f6c489729b0>,33,15,[7 5],34,99,114,65,89
1,<environment.Job instance at 0x7f6c489724b0>,35,14,[3 6],36,114,128,78,100
1,<environment.Job instance at 0x7f6c48972410>,38,13,[4 8],39,128,141,89,114
1,<environment.Job instance at 0x7f6c48972d70>,40,3,[4 8],41,141,144,100,117
1,<environment.Job instance at 0x7f6c48972c80>,41,2,[2 6],42,144,146,102,120
1,<environment.Job instance at 0x7f6c48972320>,43,3,[5 4],44,144,147,100,127
1,<environment.Job instance at 0x7f6c487de230>,27,12,[3 5],28,146,158,118,142
1,<environment.Job instance at 0x7f6bfe170c80>,4,1,[3 6],5,5,6,0,5
1,<environment.Job instance at 0x7f6c48cfe730>,8,17,[8 3],9,9,26,0,9
1,<environment.Job instance at 0x7f6c4801bc30>,14,16,[5 1],15,26,42,11,15
1,<environment.Job instance at 0x7f6c4801be60>,13,3,[8 2],14,42,45,28,22
1,<environment.Job instance at 0x7f6bfe1150a0>,12,14,[7 2],13,45,59,32,32
1,<environment.Job instance at 0x7f6c4801bb40>,18,17,[9 1],19,59,76,40,49
1,<environment.Job instance at 0x7f6bfdce5dc0>,10,15,[6 5],11,76,91,65,62
1,<environment.Job instance at 0x7f6c48077690>,36,3,[3 7],37,91,94,54,78
1,<environment.Job instance at 0x7f6bfe045320>,38,12,[5 2],39,91,103,52,79
1,<environment.Job instance at 0x7f6c47b71c80>,39,3,[7 3],40,103,106,63,80
1,<environment.Job instance at 0x7f6c47b71410>,41,1,[1 6],42,94,95,52,80
1,<environment.Job instance at 0x7f6c47c18910>,42,16,[3 6],43,95,111,52,86
1,<environment.Job instance at 0x7f6c47de4820>,45,17,[2 8],46,111,128,65,99
1,<environment.Job instance at 0x7f6c47fa5140>,54,13,[6 2],55,113,126,58,113
1,<environment.Job instance at 0x7f6c47fa59b0>,56,24,[5 3],57,128,152,71,123
1,<environment.Job instance at 0x7f6c47e428c0>,20,18,[4 7],21,132,150,111,132
1,<environment.Job instance at 0x7f6c4885ad20>,64,14,[10  1],65,152,166,87,137
1,<environment.Job instance at 0x7f6c47c370f0>,0,12,[2 5],1,1,13,0,1
1,<environment.Job instance at 0x7f6bfe132c30>,8,17,[ 1 10],9,13,30,4,10
1,<environment.Job instance at 0x7f6bfe132960>,4,1,[6 4],5,30,31,25,21
1,<environment.Job instance at 0x7f6bfe132cd0>,14,14,[5 5],15,31,45,16,22
1,<environment.Job instance at 0x7f6bfe140460>,19,13,[ 5 10],20,45,58,25,29
1,<environment.Job instance at 0x7f6bfe140f50>,29,20,[9 2],30,58,78,28,50
1,<environment.Job instance at 0x7f6bfe1400a0>,13,18,[7 5],14,78,96,64,73
1,<environment.Job instance at 0x7f6bfddeed20>,41,17,[2 7],42,97,114,55,97
1,<environment.Job instance at 0x7f6bfddee870>,39,16,[2 7],40,114,130,74,105
1,<environment.Job instance at 0x7f6bfddeeb40>,45,14,[3 7],46,130,144,84,115
1,<environment.Job instance at 0x7f6bfdde0500>,50,13,[6 4],51,144,157,93,131
1,<environment.Job instance at 0x7f6bfe0e8780>,0,14,[10  5],1,1,15,0,1
1,<environment.Job instance at 0x7f6c48d133c0>,5,13,[8 4],6,15,28,9,6
1,<environment.Job instance at 0x7f6bfe1d9230>,11,27,[2 5],12,15,42,3,13
1,<environment.Job instance at 0x7f6bfe1d9d20>,14,18,[8 5],15,28,46,13,25
1,<environment.Job instance at 0x7f6c47bed870>,12,1,[2 8],13,46,47,33,28
1,<environment.Job instance at 0x7f6c47bade10>,23,1,[2 6],24,47,48,23,30
1,<environment.Job instance at 0x7f6c48291550>,25,12,[6 1],26,46,58,20,31
1,<environment.Job instance at 0x7f6c48235690>,32,2,[5 4],33,58,60,25,46
1,<environment.Job instance at 0x7f6bfe1d9fa0>,16,13,[ 1 10],17,60,73,43,47
1,<environment.Job instance at 0x7f6c47a7b190>,37,12,[3 7],38,73,85,35,56
1,<environment.Job instance at 0x7f6bfe25b6e0>,44,14,[6 4],45,85,99,40,70
1,<environment.Job instance at 0x7f6c47cff730>,48,16,[10  5],49,99,115,50,88
1,<environment.Job instance at 0x7f6bfdc97820>,57,28,[5 3],58,115,143,57,114
1,<environment.Job instance at 0x7f6bfdc97dc0>,60,18,[3 6],61,115,133,54,114
1,<environment.Job instance at 0x7f6c483f2230>,64,16,[3 6],65,133,149,68,120
1,<environment.Job instance at 0x7f6c47cff280>,54,15,[6 3],55,143,158,88,134
1,<environment.Job instance at 0x7f6c486d3e60>,1,17,[3 9],2,2,19,0,2
1,<environment.Job instance at 0x7f6bfde53230>,11,13,[5 5],12,19,32,7,12
1,<environment.Job instance at 0x7f6c48014320>,14,2,[2 5],15,19,21,4,16
1,<environment.Job instance at 0x7f6bfde53140>,16,13,[2 9],17,32,45,15,17
1,<environment.Job instance at 0x7f6c47f05aa0>,17,22,[7 5],18,45,67,27,38
1,<environment.Job instance at 0x7f6bfdd98550>,36,2,[3 8],37,67,69,30,61
1,<environment.Job instance at 0x7f6c47bc1af0>,26,15,[10  5],27,69,84,42,63
1,<environment.Job instance at 0x7f6bfe0a2190>,42,12,[ 3 10],43,84,96,41,70
1,<environment.Job instance at 0x7f6bfe0a2c30>,46,17,[2 5],47,96,113,49,85
1,<environment.Job instance at 0x7f6bfe28f4b0>,58,12,[5 2],59,104,116,45,104
1,<environment.Job instance at 0x7f6c47b48280>,59,13,[9 1],60,116,129,56,104
1,<environment.Job instance at 0x7f6c489d1550>,63,14,[6 4],64,129,143,65,114
1,<environment.Job instance at 0x7f6bfdcf4640>,68,15,[8 4],69,143,158,74,130
1,<environment.Job instance at 0x7f6bfdcf4eb0>,1,18,[1 7],2,2,20,0,2
1,<environment.Job instance at 0x7f6c47b6feb0>,5,17,[5 6],6,20,37,14,9
1,<environment.Job instance at 0x7f6bfdcf4640>,3,12,[7 1],4,37,49,33,21
1,<environment.Job instance at 0x7f6c47b83af0>,19,2,[3 7],20,37,39,17,22
1,<environment.Job instance at 0x7f6c47b83dc0>,20,17,[2 9],21,39,56,18,27
1,<environment.Job instance at 0x7f6c47b83550>,11,18,[2 9],12,56,74,44,45
1,<environment.Job instance at 0x7f6c47b74960>,34,18,[7 3],35,75,93,40,75
1,<environment.Job instance at 0x7f6bfdfd1230>,39,14,[3 7],40,78,92,38,78
1,<environment.Job instance at 0x7f6c47b74b90>,33,12,[9 1],34,93,105,59,88
1,<environment.Job instance at 0x7f6bfdfd15a0>,46,2,[4 8],47,105,107,58,105
1,<environment.Job instance at 0x7f6bfdfd1730>,47,1,[8 4],48,107,108,59,105
1,<environment.Job instance at 0x7f6bfdfd1870>,48,3,[ 3 10],49,108,111,59,105
1,<environment.Job instance at 0x7f6c47b74a00>,32,12,[10  1],33,111,123,78,105
1,<environment.Job instance at 0x7f6bfdfd1c30>,55,15,[10  2],56,123,138,67,113
1,<environment.Job instance at 0x7f6bfdfd18c0>,45,18,[9 3],46,138,156,92,131
1,<environment.Job instance at 0x7f6bfdffe640>,1,3,[9 3],2,2,5,0,2
1,<environment.Job instance at 0x7f6bfe0830f0>,2,2,[8 5],3,5,7,2,3
1,<environment.Job instance at 0x7f6bfe083a50>,8,15,[1 5],9,9,24,0,9
1,<environment.Job instance at 0x7f6bfe083370>,7,15,[4 5],8,9,24,1,9
1,<environment.Job instance at 0x7f6c47adf190>,15,17,[9 5],16,24,41,8,24
1,<environment.Job instance at 0x7f6c47adf140>,16,18,[ 4 10],17,41,59,24,30
1,<environment.Job instance at 0x7f6c47d05e10>,23,13,[5 9],24,59,72,35,43
1,<environment.Job instance at 0x7f6c48d07460>,30,17,[ 4 10],31,72,89,41,60
1,<environment.Job instance at 0x7f6bfdf02d20>,35,16,[9 2],36,89,105,53,76
1,<environment.Job instance at 0x7f6bfdf026e0>,41,12,[7 2],42,105,117,63,92
1,<environment.Job instance at 0x7f6bfe083c30>,5,17,[5 6],6,117,134,111,109
1,<environment.Job instance at 0x7f6bfdeef7d0>,43,18,[5 2],44,119,137,75,119
1,<environment.Job instance at 0x7f6bfdeef960>,52,18,[5 3],53,134,152,81,123
1,<environment.Job instance at 0x7f6bfdeef500>,51,17,[5 6],52,137,154,85,134
1,<environment.Job instance at 0x7f6c488299b0>,0,1,[5 4],1,1,2,0,1
1,<environment.Job instance at 0x7f6c47d94f00>,1,18,[5 8],2,2,20,0,2
1,<environment.Job instance at 0x7f6bfdffe320>,2,24,[3 7],3,20,44,17,20
1,<environment.Job instance at 0x7f6bfdfdaaa0>,17,28,[6 2],18,40,68,22,40
1,<environment.Job instance at 0x7f6bfdfda820>,23,13,[ 1 10],24,68,81,44,52
1,<environment.Job instance at 0x7f6c47e61690>,30,13,[9 4],31,81,94,50,68
1,<environment.Job instance at 0x7f6bfdfdaa50>,14,18,[9 2],15,94,112,79,92
1,<environment.Job instance at 0x7f6c48ae20f0>,35,15,[4 9],36,112,127,76,98
1,<environment.Job instance at 0x7f6c47bd6e60>,47,18,[10  2],48,127,145,79,116
1,<environment.Job instance at 0x7f6c47bd6050>,52,2,[4 6],53,145,147,92,141
1,<environment.Job instance at 0x7f6c480ce410>,13,15,[10  5],14,147,162,133,141
1,<environment.Job instance at 0x7f6bfe2dc870>,54,3,[1 9],55,162,165,107,141
1,<environment.Job instance at 0x7f6bfe2dcb40>,53,2,[5 2],54,145,147,91,141
1,<environment.Job instance at 0x7f6bfe2dcd20>,56,1,[7 2],57,165,166,108,141
1,<environment.Job instance at 0x7f6bfe2dc690>,55,1,[5 2],56,166,167,110,141
1,<environment.Job instance at 0x7f6bfe2dc6e0>,58,3,[ 5 10],59,167,170,108,144
1,<environment.Job instance at 0x7f6bfdeef4b0>,2,2,[5 3],3,3,5,0,3
1,<environment.Job instance at 0x7f6bfe0832d0>,6,17,[4 5],7,7,24,0,7
1,<environment.Job instance at 0x7f6bfdaf4230>,12,1,[9 4],13,24,25,11,13
1,<environment.Job instance at 0x7f6bfe19a320>,25,12,[4 8],26,26,38,0,26
1,<environment.Job instance at 0x7f6bfe19a050>,26,16,[7 4],27,38,54,11,27
1,<environment.Job instance at 0x7f6bfe1c20a0>,34,16,[2 6],35,40,56,5,40
1,<environment.Job instance at 0x7f6c481b4eb0>,38,3,[3 9],39,56,59,17,42
1,<environment.Job instance at 0x7f6bfe1b6b90>,36,15,[3 7],37,59,74,22,47
1,<environment.Job instance at 0x7f6c481dff50>,40,24,[5 2],41,59,83,18,54
1,<environment.Job instance at 0x7f6c4808a0a0>,44,13,[5 4],45,74,87,29,72
1,<environment.Job instance at 0x7f6c483b7730>,47,18,[10  3],48,87,105,39,76
1,<environment.Job instance at 0x7f6bfe35fd20>,56,12,[ 1 10],57,105,117,48,91
1,<environment.Job instance at 0x7f6bfe35f410>,65,19,[4 7],66,117,136,51,107
1,<environment.Job instance at 0x7f6bfe1900a0>,17,14,[9 5],18,136,150,118,126
1,<environment.Job instance at 0x7f6bfe1707d0>,0,15,[10  3],1,1,16,0,1
1,<environment.Job instance at 0x7f6bfe2e5280>,20,17,[ 5 10],21,28,45,7,28
1,<environment.Job instance at 0x7f6c481ecb40>,28,26,[1 9],29,52,78,23,52
1,<environment.Job instance at 0x7f6c47dc0b90>,37,23,[2 9],38,78,101,40,76
1,<environment.Job instance at 0x7f6c47dc0a50>,39,15,[10  5],40,101,116,61,90
1,<environment.Job instance at 0x7f6c47c6d500>,57,18,[4 5],58,116,134,58,111
1,<environment.Job instance at 0x7f6c481531e0>,64,15,[6 3],65,136,151,71,136
1,<environment.Job instance at 0x7f6c48153aa0>,1,14,[ 4 10],2,2,16,0,2
1,<environment.Job instance at 0x7f6bfd9e6820>,3,17,[10  1],4,16,33,12,4
1,<environment.Job instance at 0x7f6bfe0d0f50>,15,12,[4 5],16,33,45,17,16
1,<environment.Job instance at 0x7f6bfe0e12d0>,26,17,[10  1],27,45,62,18,42
1,<environment.Job instance at 0x7f6bfe0e1640>,32,18,[2 9],33,62,80,29,59
1,<environment.Job instance at 0x7f6bfe0e1870>,33,1,[1 9],34,80,81,46,59
1,<environment.Job instance at 0x7f6bfd9e6320>,11,14,[5 1],12,64,78,52,64
1,<environment.Job instance at 0x7f6bfe0e1dc0>,35,3,[5 1],36,78,81,42,67
1,<environment.Job instance at 0x7f6bfe0e1b90>,36,16,[2 9],37,81,97,44,68
1,<environment.Job instance at 0x7f6bfd9880f0>,42,13,[6 1],43,81,94,38,77
1,<environment.Job instance at 0x7f6c48153550>,5,16,[5 9],6,97,113,91,89
1,<environment.Job instance at 0x7f6bfd988320>,50,17,[8 5],51,113,130,62,101
1,<environment.Job instance at 0x7f6bfe0e1fa0>,31,18,[10  5],32,130,148,98,122
1,<environment.Job instance at 0x7f6bfde9ea50>,58,1,[3 5],59,148,149,89,136
1,<environment.Job instance at 0x7f6bfde9e8c0>,59,21,[10  2],60,149,170,89,141
1,<environment.Job instance at 0x7f6c47de0f50>,1,13,[1 9],2,2,15,0,2
1,<environment.Job instance at 0x7f6c47f8b0a0>,10,16,[ 4 10],11,15,31,4,11
1,<environment.Job instance at 0x7f6c47f74820>,14,20,[5 1],15,31,51,16,22
1,<environment.Job instance at 0x7f6c47f74b90>,12,12,[7 4],13,51,63,38,36
1,<environment.Job instance at 0x7f6c47f74be0>,20,17,[2 9],21,63,80,42,56
1,<environment.Job instance at 0x7f6bfde80be0>,28,14,[3 5],29,80,94,51,70
1,<environment.Job instance at 0x7f6c47d22820>,32,20,[ 2 10],33,96,116,63,96
1,<environment.Job instance at 0x7f6c48303f50>,41,17,[9 5],42,116,133,74,106
1,<environment.Job instance at 0x7f6c48303500>,42,16,[10  2],43,133,149,90,120
1,<environment.Job instance at 0x7f6c48212910>,39,18,[8 4],40,149,167,109,139
1,<environment.Job instance at 0x7f6c48e34230>,0,16,[1 8],1,1,17,0,1
1,<environment.Job instance at 0x7f6bfe1900f0>,9,1,[3 8],10,17,18,7,10
1,<environment.Job instance at 0x7f6bfe1900a0>,10,12,[5 2],11,12,24,1,12
1,<environment.Job instance at 0x7f6c47d5bf50>,4,13,[4 9],5,24,37,19,19
1,<environment.Job instance at 0x7f6bfe190b90>,16,16,[1 8],17,37,53,20,31
1,<environment.Job instance at 0x7f6c48447780>,28,15,[9 2],29,37,52,8,34
1,<environment.Job instance at 0x7f6c485bae60>,33,15,[7 3],34,53,68,19,39
1,<environment.Job instance at 0x7f6bfe2fbdc0>,38,18,[3 7],39,53,71,14,49
1,<environment.Job instance at 0x7f6bfe2b76e0>,20,13,[ 5 10],21,71,84,50,55
1,<environment.Job instance at 0x7f6bfe0ed690>,49,16,[2 8],50,84,100,34,72
1,<environment.Job instance at 0x7f6bfe2fb4b0>,44,13,[3 5],45,100,113,55,93
1,<environment.Job instance at 0x7f6c47a22780>,64,14,[4 9],65,113,127,48,99
1,<environment.Job instance at 0x7f6c47db5370>,59,26,[8 3],60,127,153,67,124
1,<environment.Job instance at 0x7f6c4831a280>,0,1,[ 1 10],1,1,2,0,1
1,<environment.Job instance at 0x7f6c47b74e60>,9,15,[9 4],10,12,27,2,12
1,<environment.Job instance at 0x7f6c47b74730>,12,14,[10  5],13,27,41,14,20
1,<environment.Job instance at 0x7f6c47b74d70>,14,12,[8 1],15,41,53,26,26
1,<environment.Job instance at 0x7f6bfe0df820>,21,16,[ 3 10],22,53,69,31,41
1,<environment.Job instance at 0x7f6bfe0df280>,25,17,[8 4],26,69,86,43,58
1,<environment.Job instance at 0x7f6bfe0dfeb0>,33,13,[5 4],34,86,99,52,73
1,<environment.Job instance at 0x7f6bfdd218c0>,34,15,[8 3],35,99,114,64,85
1,<environment.Job instance at 0x7f6bfdae7a00>,42,14,[4 7],43,114,128,71,102
1,<environment.Job instance at 0x7f6bfdae7c30>,44,3,[5 2],45,114,117,69,113
1,<environment.Job instance at 0x7f6bfdae7870>,45,3,[2 9],46,128,131,82,113
1,<environment.Job instance at 0x7f6bfdae7dc0>,46,1,[6 3],47,117,118,70,113
1,<environment.Job instance at 0x7f6bfdae7640>,47,1,[9 1],48,131,132,83,113
1,<environment.Job instance at 0x7f6bfdae7b40>,48,16,[1 9],49,131,147,82,118
1,<environment.Job instance at 0x7f6bfe2fa3c0>,54,15,[3 6],55,147,162,92,133
1,<environment.Job instance at 0x7f6bfe2fa910>,57,2,[2 8],58,162,164,104,136
1,<environment.Job instance at 0x7f6c482d1d70>,1,13,[6 2],2,2,15,0,2
1,<environment.Job instance at 0x7f6bfdf10500>,5,17,[10  3],6,15,32,9,6
1,<environment.Job instance at 0x7f6bfdadcaf0>,15,17,[4 9],16,32,49,16,20
1,<environment.Job instance at 0x7f6bfe1afb40>,10,14,[1 7],11,49,63,38,35
1,<environment.Job instance at 0x7f6bfdafbcd0>,25,17,[5 4],26,63,80,37,51
1,<environment.Job instance at 0x7f6bfdaea690>,33,15,[10  4],34,80,95,46,66
1,<environment.Job instance at 0x7f6bfdadca50>,13,16,[6 4],14,95,111,81,83
1,<environment.Job instance at 0x7f6bfde397d0>,39,14,[10  5],40,111,125,71,100
1,<environment.Job instance at 0x7f6bfe1a4c80>,56,14,[ 5 10],57,125,139,68,113
1,<environment.Job instance at 0x7f6bfdad85a0>,59,18,[2 8],60,139,157,79,128
1,<environment.Job instance at 0x7fdee212d140>,0,18,[9 3],1,3,21,2,3
1,<environment.Job instance at 0x7fded8d1e3c0>,5,12,[1 7],6,6,18,0,6
1,<environment.Job instance at 0x7fded8d1e690>,7,16,[5 8],8,21,37,13,9
1,<environment.Job instance at 0x7fded8d1eaa0>,12,17,[1 8],13,37,54,24,25
1,<environment.Job instance at 0x7fded8d22730>,26,16,[9 1],27,39,55,12,39
1,<environment.Job instance at 0x7fded8d22a00>,28,2,[ 3 10],29,55,57,26,39
1,<environment.Job instance at 0x7fded8d22aa0>,30,3,[6 5],31,57,60,26,40
1,<environment.Job instance at 0x7fded8d22c80>,33,15,[5 3],34,60,75,26,46
1,<environment.Job instance at 0x7fded8d1e780>,10,12,[5 5],11,60,72,49,47
1,<environment.Job instance at 0x7fded8d246e0>,40,12,[10  2],41,75,87,34,62
1,<environment.Job instance at 0x7fded8d22dc0>,35,1,[9 1],36,87,88,51,77
1,<environment.Job instance at 0x7fded8d24b40>,44,14,[7 1],45,88,102,43,77
1,<environment.Job instance at 0x7fded8d1eaf0>,14,18,[1 6],15,87,105,72,83
1,<environment.Job instance at 0x7fded8d24e10>,50,15,[4 7],51,105,120,54,91
1,<environment.Job instance at 0x7fded8d253c0>,55,18,[8 4],56,120,138,64,109
1,<environment.Job instance at 0x7fded8d25e60>,66,3,[1 9],67,138,141,71,137
1,<environment.Job instance at 0x7fded8d2b8c0>,0,13,[4 9],1,1,14,0,1
1,<environment.Job instance at 0x7fdee22a8fa0>,7,12,[4 8],8,14,26,6,8
1,<environment.Job instance at 0x7fdee2299960>,21,17,[7 5],22,26,43,4,26
1,<environment.Job instance at 0x7fdee229e690>,28,14,[5 5],29,43,57,14,40
1,<environment.Job instance at 0x7fdee229e190>,29,27,[5 4],30,47,74,17,47
1,<environment.Job instance at 0x7fdee229c5a0>,39,25,[10  1],40,74,99,34,70
1,<environment.Job instance at 0x7fdee22a3f00>,41,16,[9 3],42,99,115,57,88
1,<environment.Job instance at 0x7fdee22a33c0>,47,16,[5 6],48,115,131,67,107
1,<environment.Job instance at 0x7fdee21545a0>,61,15,[6 4],62,133,148,71,133
1,<environment.Job instance at 0x7fdee22a3af0>,0,13,[4 8],1,1,14,0,1
1,<environment.Job instance at 0x7fded8d2bd20>,2,18,[ 4 10],3,14,32,11,3
1,<environment.Job instance at 0x7fde972bb730>,14,13,[10  4],15,32,45,17,18
1,<environment.Job instance at 0x7fded8d2bb90>,3,17,[5 5],4,45,62,41,33
1,<environment.Job instance at 0x7fde97035140>,29,13,[1 9],30,62,75,32,46
1,<environment.Job instance at 0x7fde97035050>,35,17,[2 5],36,75,92,39,63
1,<environment.Job instance at 0x7fde97035690>,25,17,[2 5],26,75,92,49,74
1,<environment.Job instance at 0x7fde970355a0>,43,3,[8 2],44,92,95,48,78
1,<environment.Job instance at 0x7fde970357d0>,31,17,[ 1 10],32,95,112,63,94
1,<environment.Job instance at 0x7fde96fb0b90>,51,23,[9 3],52,112,135,60,107
1,<environment.Job instance at 0x7fde96faabe0>,59,16,[1 7],60,118,134,58,118
1,<environment.Job instance at 0x7fde96fb08c0>,54,15,[2 9],55,135,150,80,123
1,<environment.Job instance at 0x7fde96faa460>,66,3,[5 8],67,150,153,83,134
1,<environment.Job instance at 0x7fde973e2cd0>,2,1,[4 6],3,3,4,0,3
1,<environment.Job instance at 0x7fde973e24b0>,3,12,[7 1],4,4,16,0,4
1,<environment.Job instance at 0x7fde97103870>,4,1,[7 3],5,16,17,11,5
1,<environment.Job instance at 0x7fde97103410>,7,12,[1 8],8,17,29,9,8
1,<environment.Job instance at 0x7fde97105e10>,15,17,[3 5],16,29,46,13,17
1,<environment.Job instance at 0x7fde97105460>,23,17,[5 3],24,40,57,16,40
1,<environment.Job instance at 0x7fde97105a50>,21,16,[9 5],22,57,73,35,44
1,<environment.Job instance at 0x7fde97105eb0>,29,17,[9 4],30,73,90,43,61
1,<environment.Job instance at 0x7fde97365690>,33,15,[5 2],34,90,105,56,76
1,<environment.Job instance at 0x7fde97105c30>,20,16,[2 6],21,90,106,69,87
1,<environment.Job instance at 0x7fde971058c0>,16,27,[1 8],17,114,141,97,114
1,<environment.Job instance at 0x7fde973dea50>,49,17,[ 1 10],50,141,158,91,134
1,<environment.Job instance at 0x7fde973e2910>,0,13,[9 4],1,1,14,0,1
1,<environment.Job instance at 0x7fde97017820>,8,13,[5 5],9,14,27,5,12
1,<environment.Job instance at 0x7fde97410910>,13,12,[4 6],14,27,39,13,14
1,<environment.Job instance at 0x7fde97410d20>,17,2,[8 4],18,39,41,21,18
1,<environment.Job instance at 0x7fde97410e10>,18,12,[7 3],19,41,53,22,25
1,<environment.Job instance at 0x7fde970178c0>,9,14,[3 7],10,41,55,31,29
1,<environment.Job instance at 0x7fde96f26500>,25,21,[3 8],26,55,76,29,47
1,<environment.Job instance at 0x7fde96f26690>,29,14,[7 5],30,76,90,46,64
1,<environment.Job instance at 0x7fde96f26910>,31,13,[2 6],32,90,103,58,74
1,<environment.Job instance at 0x7fde96f26aa0>,35,15,[5 2],36,90,105,54,76
1,<environment.Job instance at 0x7fde96f26e60>,41,3,[1 7],42,103,106,61,83
1,<environment.Job instance at 0x7fde96f280a0>,44,18,[10  4],45,106,124,61,99
1,<environment.Job instance at 0x7fded8d60d20>,19,13,[8 4],20,124,137,104,118
1,<environment.Job instance at 0x7fde96f28410>,49,16,[8 1],50,137,153,87,134
1,<environment.Job instance at 0x7fde96f28320>,50,13,[9 3],51,153,166,102,137
1,<environment.Job instance at 0x7fded8a8c820>,0,2,[4 7],1,1,3,0,1
1,<environment.Job instance at 0x7fde9760e820>,2,20,[5 6],3,4,24,1,4
1,<environment.Job instance at 0x7fde9760eaf0>,8,3,[3 9],9,24,27,15,9
1,<environment.Job instance at 0x7fde97378320>,12,14,[10  5],13,27,41,14,14
1,<environment.Job instance at 0x7fde97386730>,21,16,[ 3 10],22,41,57,19,28
1,<environment.Job instance at 0x7fde973864b0>,28,13,[6 5],29,57,70,28,42
1,<environment.Job instance at 0x7fde973866e0>,34,17,[2 5],35,57,74,22,47
1,<environment.Job instance at 0x7fde973861e0>,27,15,[10  2],28,74,89,46,61
1,<environment.Job instance at 0x7fde973995f0>,41,25,[8 1],42,89,114,47,88
1,<environment.Job instance at 0x7fde973998c0>,51,14,[5 6],52,114,128,62,100
1,<environment.Job instance at 0x7fde9739f0a0>,57,15,[ 1 10],58,128,143,70,114
1,<environment.Job instance at 0x7fde97399410>,49,15,[3 5],50,143,158,93,132
1,<environment.Job instance at 0x7fded8f944b0>,7,3,[4 5],8,10,13,2,10
1,<environment.Job instance at 0x7fde971a56e0>,6,16,[5 6],7,13,29,6,10
1,<environment.Job instance at 0x7fdee1a0b0f0>,5,3,[7 3],6,29,32,23,10
1,<environment.Job instance at 0x7fded8de70f0>,11,2,[ 3 10],12,32,34,20,12
1,<environment.Job instance at 0x7fded8de7460>,10,1,[3 6],11,29,30,18,26
1,<environment.Job instance at 0x7fded8f940f0>,9,17,[4 9],10,34,51,24,26
1,<environment.Job instance at 0x7fded8de7eb0>,15,15,[4 5],16,51,66,35,37
1,<environment.Job instance at 0x7fded90dbc80>,21,13,[3 5],22,51,64,29,38
1,<environment.Job instance at 0x7fde97216f50>,25,14,[5 5],26,64,78,38,53
1,<environment.Job instance at 0x7fde96f8d230>,39,14,[9 2],40,78,92,38,63
1,<environment.Job instance at 0x7fdee162a640>,37,16,[1 6],38,78,94,40,65
1,<environment.Job instance at 0x7fded8a8cd20>,49,19,[3 7],50,94,113,44,92
1,<environment.Job instance at 0x7fde97017f00>,57,14,[2 6],58,113,127,55,99
1,<environment.Job instance at 0x7fdee1b22190>,62,18,[6 5],63,127,145,64,126
1,<environment.Job instance at 0x7fde971a55a0>,0,16,[5 5],1,1,17,0,1
1,<environment.Job instance at 0x7fded8f44aa0>,6,15,[9 4],7,17,32,10,7
1,<environment.Job instance at 0x7fde96fffa50>,18,12,[4 8],19,32,44,13,20
1,<environment.Job instance at 0x7fde96fffd70>,22,20,[9 3],23,44,64,21,35
1,<environment.Job instance at 0x7fde96fea410>,33,17,[9 3],34,64,81,30,54
1,<environment.Job instance at 0x7fde96fff5f0>,25,18,[9 4],26,81,99,55,72
1,<environment.Job instance at 0x7fde96feafa0>,46,15,[10  3],47,99,114,52,90
1,<environment.Job instance at 0x7fde970197d0>,56,18,[2 5],57,114,132,57,103
1,<environment.Job instance at 0x7fde97019d70>,64,18,[ 4 10],65,132,150,67,121
1,<environment.Job instance at 0x7fdee173ba00>,0,12,[3 7],1,1,13,0,1
1,<environment.Job instance at 0x7fde97024140>,1,17,[2 6],2,13,30,11,4
1,<environment.Job instance at 0x7fded8be2aa0>,23,18,[5 8],24,31,49,7,31
1,<environment.Job instance at 0x7fded90b96e0>,26,14,[10  3],27,49,63,22,36
1,<environment.Job instance at 0x7fded8bc70a0>,28,15,[8 5],29,63,78,34,55
1,<environment.Job instance at 0x7fde97049500>,29,15,[5 7],30,78,93,48,69
1,<environment.Job instance at 0x7fde97628370>,37,17,[10  5],38,93,110,55,82
1,<environment.Job instance at 0x7fded90b94b0>,25,15,[9 4],26,110,125,84,104
1,<environment.Job instance at 0x7fdee15b1280>,47,15,[10  4],48,125,140,77,111
1,<environment.Job instance at 0x7fde96fc4e10>,55,13,[6 1],56,140,153,84,124
1,<environment.Job instance at 0x7fde96fc4b90>,56,18,[2 9],57,140,158,83,131
1,<environment.Job instance at 0x7fded8cce410>,0,2,[5 7],1,1,3,0,1
1,<environment.Job instance at 0x7fdee21b1d20>,3,12,[8 3],4,4,16,0,4
1,<environment.Job instance at 0x7fdee1a8b640>,7,12,[1 8],8,16,28,8,9
1,<environment.Job instance at 0x7fded8f3f640>,10,1,[1 5],11,11,12,0,11
1,<environment.Job instance at 0x7fde97053fa0>,12,3,[8 2],13,16,19,3,13
1,<environment.Job instance at 0x7fded8c0a870>,13,12,[5 4],14,28,40,14,14
1,<environment.Job instance at 0x7fde970bc460>,14,17,[2 6],15,28,45,13,16
1,<environment.Job instance at 0x7fded908c690>,18,2,[3 8],19,45,47,26,20
1,<environment.Job instance at 0x7fde970bcd70>,15,12,[5 3],16,47,59,31,31
1,<environment.Job instance at 0x7fdee1a8bc80>,6,16,[1 7],7,47,63,40,45
1,<environment.Job instance at 0x7fde976de730>,30,17,[5 2],31,59,76,28,48
1,<environment.Job instance at 0x7fdee1ac3870>,29,15,[5 4],30,63,78,33,57
1,<environment.Job instance at 0x7fdee1ac3e60>,34,18,[2 8],35,78,96,43,68
1,<environment.Job instance at 0x7fded9049e10>,42,23,[2 8],43,96,119,53,92
1,<environment.Job instance at 0x7fde970fd690>,54,26,[2 9],55,119,145,64,119
1,<environment.Job instance at 0x7fded8b380f0>,53,17,[4 7],54,145,162,91,135
1,<environment.Job instance at 0x7fde973605f0>,0,3,[3 5],1,1,4,0,1
1,<environment.Job instance at 0x7fded8ed4230>,4,3,[5 8],5,5,8,0,5
1,<environment.Job instance at 0x7fded8b380f0>,7,13,[2 8],8,8,21,0,8
1,<environment.Job instance at 0x7fde97416690>,12,15,[5 4],13,21,36,8,13
1,<environment.Job instance at 0x7fde96f36190>,20,2,[1 9],21,36,38,15,29
1,<environment.Job instance at 0x7fded917e910>,22,3,[10  3],23,38,41,15,37
1,<environment.Job instance at 0x7fdee15cbfa0>,24,14,[ 1 10],25,41,55,16,37
1,<environment.Job instance at 0x7fde96f4fe10>,26,20,[5 4],27,59,79,32,59
1,<environment.Job instance at 0x7fded8e3b9b0>,28,1,[9 2],29,79,80,50,59
1,<environment.Job instance at 0x7fdee1c86870>,29,3,[5 8],30,80,83,50,61
1,<environment.Job instance at 0x7fdee18def00>,11,12,[8 2],12,83,95,71,81
1,<environment.Job instance at 0x7fded91851e0>,35,18,[1 8],36,86,104,50,86
1,<environment.Job instance at 0x7fded9189fa0>,38,18,[3 9],39,104,122,65,93
1,<environment.Job instance at 0x7fded9189820>,40,13,[ 3 10],41,122,135,81,106
1,<environment.Job instance at 0x7fded9189460>,45,14,[5 3],46,135,149,89,120
1,<environment.Job instance at 0x7fded9160780>,48,15,[3 6],49,135,150,86,121
1,<environment.Job instance at 0x7fded91893c0>,43,3,[9 1],44,150,153,106,124
1,<environment.Job instance at 0x7fded9160460>,54,2,[1 7],55,150,152,95,132
1,<environment.Job instance at 0x7fded9160e60>,57,17,[4 5],58,153,170,95,141
1,<environment.Job instance at 0x7fdee18de5f0>,0,15,[6 4],1,1,16,0,1
1,<environment.Job instance at 0x7fdee17311e0>,7,2,[10  3],8,16,18,8,11
1,<environment.Job instance at 0x7fdee1731500>,10,13,[3 6],11,18,31,7,12
1,<environment.Job instance at 0x7fdee15dcc80>,15,18,[9 5],16,31,49,15,21
1,<environment.Job instance at 0x7fdee15dcaf0>,20,18,[1 5],21,31,49,10,24
1,<environment.Job instance at 0x7fdee15dcfa0>,27,1,[6 2],28,49,50,21,38
1,<environment.Job instance at 0x7fdee15dce60>,17,27,[2 6],18,49,76,31,47
1,<environment.Job instance at 0x7fdee164e910>,32,20,[5 3],33,54,74,21,54
1,<environment.Job instance at 0x7fdee164e5f0>,36,12,[2 7],37,79,91,42,79
1,<environment.Job instance at 0x7fdee15dc640>,18,27,[9 4],19,91,118,72,90
1,<environment.Job instance at 0x7fdee164e280>,44,12,[10  4],45,118,130,73,106
1,<environment.Job instance at 0x7fdee15d2af0>,50,18,[9 4],51,130,148,79,120
1,<environment.Job instance at 0x7fded8d58dc0>,7,14,[5 9],8,11,25,3,11
1,<environment.Job instance at 0x7fded8d58370>,10,24,[2 5],11,25,49,14,21
1,<environment.Job instance at 0x7fdee16e3a00>,20,15,[ 1 10],21,49,64,28,42
1,<environment.Job instance at 0x7fde97303aa0>,24,3,[5 6],25,64,67,39,52
1,<environment.Job instance at 0x7fde96d873c0>,25,1,[4 5],26,67,68,41,52
1,<environment.Job instance at 0x7fde96d80820>,26,3,[2 7],27,68,71,41,52
1,<environment.Job instance at 0x7fde96d87190>,27,1,[10  1],28,71,72,43,52
1,<environment.Job instance at 0x7fde96da4460>,30,12,[9 2],31,72,84,41,64
1,<environment.Job instance at 0x7fde96da4a50>,31,3,[10  1],32,84,87,52,64
1,<environment.Job instance at 0x7fde975de910>,5,12,[10  2],6,87,99,81,70
1,<environment.Job instance at 0x7fded8b1f7d0>,42,12,[2 7],43,99,111,56,82
1,<environment.Job instance at 0x7fded8b1f190>,47,13,[10  1],48,111,124,63,95
1,<environment.Job instance at 0x7fde975fd190>,52,2,[5 3],53,124,126,71,113
1,<environment.Job instance at 0x7fde973240f0>,53,2,[2 9],54,126,128,72,113
1,<environment.Job instance at 0x7fde973dad70>,56,17,[4 5],57,136,153,79,136
1,<environment.Job instance at 0x7fde97324aa0>,55,15,[2 8],56,153,168,97,140
1,<environment.Job instance at 0x7fde974167d0>,2,12,[6 1],3,3,15,0,3
1,<environment.Job instance at 0x7fde975b9dc0>,13,12,[9 4],14,15,27,1,15
1,<environment.Job instance at 0x7fded8ad3f50>,15,17,[2 7],16,27,44,11,16
1,<environment.Job instance at 0x7fde96f62cd0>,16,15,[7 3],17,27,42,10,17
1,<environment.Job instance at 0x7fde96e4fe60>,9,14,[4 9],10,44,58,34,30
1,<environment.Job instance at 0x7fdee1c09e60>,27,15,[ 2 10],28,58,73,30,44
1,<environment.Job instance at 0x7fde96f622d0>,18,17,[3 9],19,73,90,54,61
1,<environment.Job instance at 0x7fde970acb40>,34,23,[5 6],35,90,113,55,85
1,<environment.Job instance at 0x7fde975cfe60>,41,3,[5 9],42,113,116,71,100
1,<environment.Job instance at 0x7fde96e320f0>,51,25,[10  4],52,116,141,64,112
1,<environment.Job instance at 0x7fde96e4f5f0>,0,14,[2 7],1,1,15,0,1
1,<environment.Job instance at 0x7fde96e4f870>,3,15,[2 5],4,15,30,11,4
1,<environment.Job instance at 0x7fded8a97c30>,12,13,[6 1],13,13,26,0,13
1,<environment.Job instance at 0x7fde971ad230>,20,14,[8 2],21,26,40,5,21
1,<environment.Job instance at 0x7fded9152d70>,7,15,[5 6],8,40,55,32,27
1,<environment.Job instance at 0x7fded9231b40>,18,16,[4 5],19,55,71,36,42
1,<environment.Job instance at 0x7fde9739d6e0>,29,19,[6 3],30,55,74,25,53
1,<environment.Job instance at 0x7fded9226780>,22,13,[ 1 10],23,74,87,51,60
1,<environment.Job instance at 0x7fde9739d460>,31,14,[ 4 10],32,87,101,55,72
1,<environment.Job instance at 0x7fde9739d8c0>,34,18,[2 5],35,101,119,66,90
1,<environment.Job instance at 0x7fde97367f00>,45,12,[4 5],46,101,113,55,90
1,<environment.Job instance at 0x7fde973678c0>,48,2,[8 1],49,113,115,64,90
1,<environment.Job instance at 0x7fde973a0d20>,50,1,[9 4],51,119,120,68,91
1,<environment.Job instance at 0x7fde973a05f0>,54,12,[5 8],55,120,132,65,104
1,<environment.Job instance at 0x7fde9738fd70>,59,1,[1 8],60,132,133,72,127
1,<environment.Job instance at 0x7fde9738fdc0>,60,16,[1 6],61,133,149,72,128
1,<environment.Job instance at 0x7fde9738f870>,61,18,[10  5],62,149,167,87,138
1,<environment.Job instance at 0x7fde971a59b0>,0,12,[3 9],1,1,13,0,1
1,<environment.Job instance at 0x7fdee1617960>,12,17,[7 1],13,13,30,0,13
1,<environment.Job instance at 0x7fde971a58c0>,6,22,[2 9],7,16,38,9,16
1,<environment.Job instance at 0x7fde971a52d0>,8,15,[8 1],9,30,45,21,18
1,<environment.Job instance at 0x7fde971a53c0>,14,18,[5 9],15,45,63,30,34
1,<environment.Job instance at 0x7fdee16176e0>,29,18,[9 2],30,63,81,33,55
1,<environment.Job instance at 0x7fdee16177d0>,15,26,[10  1],16,81,107,65,78
1,<environment.Job instance at 0x7fdee1cbedc0>,35,12,[10  4],36,107,119,71,92
1,<environment.Job instance at 0x7fdee1cbe960>,33,27,[5 5],34,121,148,87,121
1,<environment.Job instance at 0x7fdee1617cd0>,22,15,[5 2],23,138,153,115,138
1,<environment.Job instance at 0x7fded913c190>,0,20,[4 7],1,1,21,0,1
1,<environment.Job instance at 0x7fde9758e820>,12,3,[10  1],13,21,24,8,13
1,<environment.Job instance at 0x7fde9758e410>,13,12,[6 2],14,24,36,10,14
1,<environment.Job instance at 0x7fdee1722c30>,20,12,[5 2],21,36,48,15,22
1,<environment.Job instance at 0x7fded917d280>,11,1,[10  4],12,48,49,36,32
1,<environment.Job instance at 0x7fded8c98960>,22,14,[2 5],23,32,46,9,32
1,<environment.Job instance at 0x7fdee178ecd0>,30,13,[ 5 10],31,49,62,18,35
1,<environment.Job instance at 0x7fdee178e1e0>,31,17,[3 9],32,62,79,30,50
1,<environment.Job instance at 0x7fde96f4f910>,43,15,[7 3],44,79,94,35,65
1,<environment.Job instance at 0x7fde96f4f690>,46,15,[1 6],47,79,94,32,79
1,<environment.Job instance at 0x7fded90ff550>,16,17,[7 4],17,94,111,77,82
1,<environment.Job instance at 0x7fded8b48fa0>,50,12,[2 6],51,94,106,43,88
1,<environment.Job instance at 0x7fded91beb40>,63,12,[4 6],64,111,123,47,97
1,<environment.Job instance at 0x7fde9769e0f0>,65,3,[1 6],66,107,110,41,107
1,<environment.Job instance at 0x7fde9769e0a0>,66,3,[2 5],67,123,126,56,107
1,<environment.Job instance at 0x7fde9769e320>,64,2,[7 5],65,123,125,58,108
1,<environment.Job instance at 0x7fdee1709fa0>,70,3,[5 2],71,125,128,54,125
1,<environment.Job instance at 0x7fdee17098c0>,71,3,[8 5],72,128,131,56,125
1,<environment.Job instance at 0x7fde9740e960>,6,16,[3 7],7,131,147,124,125
1,<environment.Job instance at 0x7fded91895a0>,12,14,[10  5],13,31,45,18,31
1,<environment.Job instance at 0x7fde970dd780>,14,12,[8 1],15,45,57,30,33
1,<environment.Job instance at 0x7fded9047640>,27,14,[3 9],28,57,71,29,57
1,<environment.Job instance at 0x7fde96f10b90>,9,15,[9 4],10,71,86,61,68
1,<environment.Job instance at 0x7fde97372960>,4,15,[7 5],5,86,101,81,77
1,<environment.Job instance at 0x7fded9047c30>,33,13,[5 4],34,101,114,67,85
1,<environment.Job instance at 0x7fded9047fa0>,36,15,[2 8],37,114,129,77,100
1,<environment.Job instance at 0x7fded903a0f0>,49,13,[10  4],50,129,142,79,128
1,<environment.Job instance at 0x7fded903ad70>,54,15,[3 6],55,142,157,87,129
1,<environment.Job instance at 0x7fded903abe0>,56,14,[7 5],57,157,171,100,142
1,<environment.Job instance at 0x7fde970dd410>,0,14,[1 7],1,1,15,0,1
1,<environment.Job instance at 0x7fded903abe0>,6,12,[6 4],7,15,27,8,11
1,<environment.Job instance at 0x7fdee173c690>,13,2,[10  4],14,27,29,13,15
1,<environment.Job instance at 0x7fded8b96be0>,16,3,[9 4],17,29,32,12,19
1,<environment.Job instance at 0x7fded8b960a0>,17,15,[8 1],18,32,47,14,28
1,<environment.Job instance at 0x7fdee173c910>,14,16,[9 5],15,47,63,32,35
1,<environment.Job instance at 0x7fde9727f730>,29,14,[10  5],30,63,77,33,49
1,<environment.Job instance at 0x7fded906c320>,31,3,[1 7],32,77,80,45,51
1,<environment.Job instance at 0x7fde97298d70>,32,18,[5 3],33,77,95,44,66
1,<environment.Job instance at 0x7fdee201bcd0>,44,12,[8 4],45,95,107,50,80
1,<environment.Job instance at 0x7fded8d80780>,47,16,[5 3],48,107,123,59,95
1,<environment.Job instance at 0x7fde96f34e10>,50,18,[1 9],51,123,141,72,112
1,<environment.Job instance at 0x7fde96f34280>,54,17,[9 1],55,123,140,68,116
1,<environment.Job instance at 0x7fdee1a79280>,61,15,[2 5],62,141,156,79,127
1,<environment.Job instance at 0x7fded8ba78c0>,15,17,[5 4],16,141,158,125,130
1,<environment.Job instance at 0x7fde96f101e0>,0,16,[3 6],1,1,17,0,1
1,<environment.Job instance at 0x7fdee16f53c0>,2,2,[4 9],3,17,19,14,3
1,<environment.Job instance at 0x7fded8e509b0>,3,16,[5 6],4,19,35,15,10
1,<environment.Job instance at 0x7fdee1740e60>,21,2,[ 2 10],22,35,37,13,22
1,<environment.Job instance at 0x7fdee165ca00>,15,14,[2 8],16,37,51,21,23
1,<environment.Job instance at 0x7fded8e65550>,27,13,[8 4],28,51,64,23,35
1,<environment.Job instance at 0x7fde975e2280>,32,17,[6 4],33,64,81,31,57
1,<environment.Job instance at 0x7fdee1b14c80>,41,14,[10  5],42,81,95,39,69
1,<environment.Job instance at 0x7fde96ea9690>,48,14,[8 4],49,95,109,46,89
1,<environment.Job instance at 0x7fded903f410>,57,12,[3 6],58,109,121,51,105
1,<environment.Job instance at 0x7fded903fdc0>,58,15,[10  2],59,121,136,62,108
1,<environment.Job instance at 0x7fde973d88c0>,61,17,[2 5],62,136,153,74,124
1,<environment.Job instance at 0x7f5b12f196e0>,8,16,[1 8],9,9,25,0,9
1,<environment.Job instance at 0x7f5b12f19820>,12,17,[1 8],13,25,42,12,14
1,<environment.Job instance at 0x7f5b12f19e10>,15,16,[5 5],16,50,66,34,50
1,<environment.Job instance at 0x7f5b12f19d20>,20,14,[4 8],21,66,80,45,53
1,<environment.Job instance at 0x7f5b12f1d730>,29,18,[5 1],30,57,75,27,57
1,<environment.Job instance at 0x7f5b12f1d4b0>,25,1,[9 2],26,80,81,54,65
1,<environment.Job instance at 0x7f5b12f1d960>,33,15,[5 3],34,81,96,47,67
1,<environment.Job instance at 0x7f5b12f1dbe0>,37,2,[8 4],38,96,98,58,69
1,<environment.Job instance at 0x7f5b12f1dc80>,38,12,[5 4],39,81,93,42,69
1,<environment.Job instance at 0x7f5b12f1dd70>,39,1,[2 7],40,93,94,53,69
1,<environment.Job instance at 0x7f5b12f1e050>,44,14,[7 1],45,98,112,53,83
1,<environment.Job instance at 0x7f5b12f1e550>,48,17,[1 9],49,98,115,49,98
1,<environment.Job instance at 0x7f5b12f1ea00>,53,21,[5 4],54,115,136,61,112
1,<environment.Job instance at 0x7f5b12f22280>,57,13,[6 4],58,136,149,78,120
1,<environment.Job instance at 0x7f5b12f22230>,58,17,[5 4],59,149,166,90,137
1,<environment.Job instance at 0x7f5b12fe1140>,2,18,[ 3 10],3,3,21,0,3
1,<environment.Job instance at 0x7f5b12f32500>,5,3,[3 9],6,21,24,15,6
1,<environment.Job instance at 0x7f5b1a49ff00>,15,15,[5 6],16,24,39,8,19
1,<environment.Job instance at 0x7f5b1a49f690>,19,27,[5 4],20,24,51,4,24
1,<environment.Job instance at 0x7f5b1a496050>,23,12,[1 9],24,51,63,27,36
1,<environment.Job instance at 0x7f5b1a496730>,30,22,[5 5],31,63,85,32,58
1,<environment.Job instance at 0x7f5b1a49d3c0>,37,16,[5 6],38,85,101,47,72
1,<environment.Job instance at 0x7f5b1a49af00>,47,12,[5 8],48,101,113,53,91
1,<environment.Job instance at 0x7f5b12f27960>,7,17,[2 8],8,113,130,105,104
1,<environment.Job instance at 0x7f5b1a350af0>,55,16,[3 7],56,130,146,74,117
1,<environment.Job instance at 0x7f5b1a350690>,61,2,[10  5],62,146,148,84,120
1,<environment.Job instance at 0x7f5b1a3506e0>,63,1,[2 6],64,148,149,84,120
1,<environment.Job instance at 0x7f5b1a350b40>,65,3,[4 5],66,149,152,83,123
1,<environment.Job instance at 0x7f5b1a496960>,0,3,[4 6],1,1,4,0,1
1,<environment.Job instance at 0x7f5acf2398c0>,11,17,[ 1 10],12,12,29,0,12
1,<environment.Job instance at 0x7f5acf239cd0>,16,17,[8 2],17,29,46,12,18
1,<environment.Job instance at 0x7f5acf239dc0>,19,3,[2 6],20,29,32,9,26
1,<environment.Job instance at 0x7f5acf216af0>,23,3,[8 2],24,46,49,22,27
1,<environment.Job instance at 0x7f5acf2161e0>,25,1,[4 9],26,49,50,23,28
1,<environment.Job instance at 0x7f5b12f27be0>,5,17,[2 5],6,50,67,44,43
1,<environment.Job instance at 0x7f5acf216190>,27,19,[5 3],28,50,69,22,45
1,<environment.Job instance at 0x7f5acf239d70>,9,13,[1 9],10,69,82,59,61
1,<environment.Job instance at 0x7f5acf2c3be0>,34,15,[2 9],35,82,97,47,68
1,<environment.Job instance at 0x7f5acf2c33c0>,40,17,[8 3],41,97,114,56,85
1,<environment.Job instance at 0x7f5acf2c3cd0>,44,15,[1 8],45,114,129,69,100
1,<environment.Job instance at 0x7f5acf1a18c0>,48,19,[7 1],49,114,133,65,114
1,<environment.Job instance at 0x7f5acf1a1dc0>,49,18,[8 3],50,133,151,83,122
1,<environment.Job instance at 0x7f5acf1a1d70>,58,16,[3 8],59,151,167,92,138
1,<environment.Job instance at 0x7f5acf2d6b40>,1,16,[7 2],2,2,18,0,2
1,<environment.Job instance at 0x7f5acf6f55f0>,9,2,[1 8],10,10,12,0,10
1,<environment.Job instance at 0x7f5acf6f5730>,10,22,[4 7],11,18,40,7,11
1,<environment.Job instance at 0x7f5acf667be0>,16,2,[8 2],17,40,42,23,19
1,<environment.Job instance at 0x7f5acf667870>,13,12,[5 5],14,42,54,28,25
1,<environment.Job instance at 0x7f5acf667230>,20,1,[8 2],21,54,55,33,34
1,<environment.Job instance at 0x7f5acf667a50>,21,2,[3 6],22,55,57,33,34
1,<environment.Job instance at 0x7f5acf667af0>,23,2,[2 5],24,40,42,16,35
1,<environment.Job instance at 0x7f5acf667e60>,25,2,[6 2],26,36,38,10,36
1,<environment.Job instance at 0x7f5acf667280>,18,13,[8 3],19,57,70,38,51
1,<environment.Job instance at 0x7f5acf667b40>,19,17,[ 1 10],20,70,87,50,58
1,<environment.Job instance at 0x7f5acf6676e0>,15,12,[ 2 10],16,87,99,71,74
1,<environment.Job instance at 0x7f5acf3276e0>,40,18,[1 6],41,99,117,58,88
1,<environment.Job instance at 0x7f5acf327820>,41,14,[8 1],42,99,113,57,88
1,<environment.Job instance at 0x7f5acf327730>,48,13,[1 9],49,117,130,68,101
1,<environment.Job instance at 0x7f5acf3271e0>,38,14,[10  5],39,130,144,91,117
1,<environment.Job instance at 0x7f5acf6313c0>,53,12,[8 4],54,144,156,90,127
1,<environment.Job instance at 0x7f5acf1ab460>,1,3,[1 7],2,2,5,0,2
1,<environment.Job instance at 0x7f5b12e662d0>,12,2,[10  5],13,16,18,3,16
1,<environment.Job instance at 0x7f5acf2e0280>,13,14,[5 8],14,18,32,4,16
1,<environment.Job instance at 0x7f5b155d2a50>,9,16,[8 1],10,32,48,22,20
1,<environment.Job instance at 0x7f5acf123780>,18,12,[1 7],19,32,44,13,29
1,<environment.Job instance at 0x7f5acf123a00>,23,21,[2 8],24,48,69,24,48
1,<environment.Job instance at 0x7f5acf123e60>,28,2,[3 6],29,69,71,40,56
1,<environment.Job instance at 0x7f5acf123c80>,26,17,[7 5],27,71,88,44,59
1,<environment.Job instance at 0x7f5acf126370>,36,21,[7 5],37,88,109,51,81
1,<environment.Job instance at 0x7f5acf126a50>,42,18,[8 5],43,109,127,66,98
1,<environment.Job instance at 0x7f5acf126500>,38,12,[4 8],39,127,139,88,121
1,<environment.Job instance at 0x7f5acf126be0>,46,15,[5 5],47,139,154,92,126
1,<environment.Job instance at 0x7f5acf567500>,0,16,[4 8],1,1,17,0,1
1,<environment.Job instance at 0x7f5acf129320>,1,14,[5 6],2,17,31,15,2
1,<environment.Job instance at 0x7f5b12eb9730>,15,2,[9 4],16,31,33,15,24
1,<environment.Job instance at 0x7f5b12eb9be0>,16,21,[7 2],17,33,54,16,25
1,<environment.Job instance at 0x7f5b154fcc80>,21,24,[1 7],22,36,60,14,36
1,<environment.Job instance at 0x7f5acf567dc0>,6,14,[7 5],7,60,74,53,47
1,<environment.Job instance at 0x7f5acf2e0a00>,19,12,[5 5],20,74,86,54,61
1,<environment.Job instance at 0x7f5b154fc960>,23,24,[5 9],24,86,110,62,82
1,<environment.Job instance at 0x7f5b12daee10>,38,14,[9 3],39,110,124,71,98
1,<environment.Job instance at 0x7f5b15ab0370>,46,17,[10  1],47,124,141,77,115
1,<environment.Job instance at 0x7f5b15c46230>,49,2,[5 6],50,141,143,91,128
1,<environment.Job instance at 0x7f5b15ab01e0>,51,2,[9 4],52,143,145,91,129
1,<environment.Job instance at 0x7f5b15c46410>,52,1,[4 8],53,145,146,92,129
1,<environment.Job instance at 0x7f5b15c46550>,54,3,[6 2],55,145,148,90,132
1,<environment.Job instance at 0x7f5b15ab06e0>,42,18,[7 3],43,148,166,105,139
1,<environment.Job instance at 0x7f5b154dd4b0>,0,16,[5 9],1,1,17,0,1
1,<environment.Job instance at 0x7f5b132db960>,11,1,[8 1],12,17,18,5,12
1,<environment.Job instance at 0x7f5acf5cbb90>,13,26,[6 1],14,24,50,10,24
1,<environment.Job instance at 0x7f5acf37aa00>,20,12,[8 4],21,50,62,29,33
1,<environment.Job instance at 0x7f5b154a8fa0>,28,15,[5 7],29,62,77,33,54
1,<environment.Job instance at 0x7f5b15636c30>,33,17,[5 2],34,62,79,28,56
1,<environment.Job instance at 0x7f5acf1bf500>,38,15,[2 6],39,77,92,38,71
1,<environment.Job instance at 0x7f5acf1c9910>,22,13,[5 7],23,92,105,69,78
1,<environment.Job instance at 0x7f5b15672640>,46,14,[9 3],47,105,119,58,90
1,<environment.Job instance at 0x7f5b159e3aa0>,53,17,[6 2],54,119,136,65,117
1,<environment.Job instance at 0x7f5b12ff7190>,57,28,[7 4],58,139,167,81,139
1,<environment.Job instance at 0x7f5acf729c30>,59,2,[7 3],60,167,169,107,140
1,<environment.Job instance at 0x7f5b15672b90>,42,17,[3 5],43,143,160,100,143
1,<environment.Job instance at 0x7f5acf1c9be0>,0,16,[4 6],1,1,17,0,1
1,<environment.Job instance at 0x7f5b1a0a9f00>,7,17,[3 7],8,17,34,9,8
1,<environment.Job instance at 0x7f5acf2e0460>,10,13,[3 8],11,34,47,23,19
1,<environment.Job instance at 0x7f5acf64df50>,23,18,[4 5],24,47,65,23,42
1,<environment.Job instance at 0x7f5acf3833c0>,4,13,[2 6],5,65,78,60,51
1,<environment.Job instance at 0x7f5acf6575f0>,31,16,[9 3],32,78,94,46,69
1,<environment.Job instance at 0x7f5acf657050>,35,13,[8 4],36,94,107,58,81
1,<environment.Job instance at 0x7f5acf657f50>,42,1,[2 8],43,107,108,64,88
1,<environment.Job instance at 0x7f5acf657c80>,44,18,[8 5],45,108,126,63,97
1,<environment.Job instance at 0x7f5acf632320>,48,17,[5 9],49,126,143,77,116
1,<environment.Job instance at 0x7f5acf632460>,50,12,[2 5],51,143,155,92,126
1,<environment.Job instance at 0x7f5acf632be0>,60,2,[5 8],61,155,157,94,131
1,<environment.Job instance at 0x7f5acf2f6c30>,0,18,[2 7],1,1,19,0,1
1,<environment.Job instance at 0x7f5b12f3ecd0>,5,12,[8 5],6,19,31,13,10
1,<environment.Job instance at 0x7f5b13190370>,14,1,[6 1],15,15,16,0,15
1,<environment.Job instance at 0x7f5b13190fa0>,15,1,[8 2],16,16,17,0,16
1,<environment.Job instance at 0x7f5b13190c30>,16,15,[2 6],17,31,46,14,17
1,<environment.Job instance at 0x7f5acf4bec80>,21,13,[5 5],22,46,59,24,30
1,<environment.Job instance at 0x7f5b1572c460>,20,1,[5 6],21,59,60,38,31
1,<environment.Job instance at 0x7f5b1572d320>,30,1,[7 3],31,60,61,29,51
1,<environment.Job instance at 0x7f5acf734550>,31,2,[3 8],32,61,63,29,51
1,<environment.Job instance at 0x7f5acf4becd0>,22,17,[8 5],23,63,80,40,52
1,<environment.Job instance at 0x7f5acf4a5b40>,36,15,[10  5],37,80,95,43,70
1,<environment.Job instance at 0x7f5acf4dbd70>,37,17,[7 4],38,95,112,57,83
1,<environment.Job instance at 0x7f5acf4c4af0>,45,14,[5 9],46,112,126,66,99
1,<environment.Job instance at 0x7f5acf662c30>,11,17,[3 9],12,126,143,114,114
1,<environment.Job instance at 0x7f5acf2a84b0>,56,17,[2 5],57,143,160,86,131
1,<environment.Job instance at 0x7f5b159630a0>,1,18,[2 9],2,2,20,0,2
1,<environment.Job instance at 0x7f5acf5189b0>,8,17,[10  4],9,20,37,11,10
1,<environment.Job instance at 0x7f5acf0be500>,22,12,[10  1],23,37,49,14,26
1,<environment.Job instance at 0x7f5acf8073c0>,29,14,[3 7],30,49,63,19,36
1,<environment.Job instance at 0x7f5b12f02d70>,24,18,[7 3],25,49,67,24,48
1,<environment.Job instance at 0x7f5b132d6d70>,32,17,[10  2],33,67,84,34,56
1,<environment.Job instance at 0x7f5acf520aa0>,39,14,[6 4],40,84,98,44,72
1,<environment.Job instance at 0x7f5b132feb40>,52,14,[7 2],53,98,112,45,83
1,<environment.Job instance at 0x7f5b132fee60>,55,13,[ 2 10],56,112,125,56,98
1,<environment.Job instance at 0x7f5b132fe7d0>,45,15,[10  2],46,125,140,79,111
1,<environment.Job instance at 0x7f5b1581cf00>,68,12,[ 4 10],69,140,152,71,127
1,<environment.Job instance at 0x7f5b13397d20>,73,2,[9 4],74,152,154,78,127
1,<environment.Job instance at 0x7f5b132137d0>,0,17,[ 4 10],1,1,18,0,1
1,<environment.Job instance at 0x7f5b12fac690>,13,18,[5 2],14,18,36,4,14
1,<environment.Job instance at 0x7f5b12fac820>,16,13,[7 2],17,36,49,19,20
1,<environment.Job instance at 0x7f5b12ec7e60>,6,19,[2 7],7,22,41,15,22
1,<environment.Job instance at 0x7f5b12facd20>,21,17,[5 6],22,49,66,27,38
1,<environment.Job instance at 0x7f5b12facf00>,23,3,[8 1],24,66,69,42,45
1,<environment.Job instance at 0x7f5b12fac4b0>,12,21,[5 9],13,69,90,56,61
1,<environment.Job instance at 0x7f5b131a38c0>,10,13,[10  4],11,90,103,79,75
1,<environment.Job instance at 0x7f5b12fa92d0>,29,14,[10  5],30,103,117,73,92
1,<environment.Job instance at 0x7f5b12fa9af0>,38,3,[1 6],39,117,120,78,96
1,<environment.Job instance at 0x7f5b12fa9c80>,41,2,[ 4 10],42,120,122,78,103
1,<environment.Job instance at 0x7f5b12fa91e0>,28,21,[1 8],29,122,143,93,114
1,<environment.Job instance at 0x7f5b12f99640>,54,1,[5 5],55,143,144,88,122
1,<environment.Job instance at 0x7f5b12f996e0>,55,1,[7 4],56,144,145,88,122
1,<environment.Job instance at 0x7f5b12f99780>,56,3,[7 4],57,145,148,88,122
1,<environment.Job instance at 0x7f5b12f998c0>,58,1,[2 5],59,143,144,84,123
1,<environment.Job instance at 0x7f5b12f992d0>,59,2,[2 6],60,144,146,84,123
1,<environment.Job instance at 0x7f5b12f99870>,60,3,[9 5],61,148,151,87,123
1,<environment.Job instance at 0x7f5b12f99b40>,61,1,[8 2],62,123,124,61,123
1,<environment.Job instance at 0x7f5acf6115f0>,13,25,[2 8],14,14,39,0,14
1,<environment.Job instance at 0x7f5acf611b40>,16,12,[1 8],17,39,51,22,22
1,<environment.Job instance at 0x7f5acf611640>,8,3,[ 5 10],9,51,54,42,25
1,<environment.Job instance at 0x7f5b12c87640>,24,15,[8 4],25,54,69,29,41
1,<environment.Job instance at 0x7f5acf171140>,18,2,[7 5],19,69,71,50,54
1,<environment.Job instance at 0x7f5acf562c30>,34,13,[2 7],35,71,84,36,58
1,<environment.Job instance at 0x7f5acf5622d0>,37,13,[7 5],38,84,97,46,68
1,<environment.Job instance at 0x7f5b131ba0f0>,40,23,[2 5],41,84,107,43,78
1,<environment.Job instance at 0x7f5b131890f0>,44,12,[ 3 10],45,107,119,62,94
1,<environment.Job instance at 0x7f5b1315c820>,51,17,[5 6],52,119,136,67,107
1,<environment.Job instance at 0x7f5acf611280>,11,16,[9 1],12,136,152,124,127
1,<environment.Job instance at 0x7f5b131575f0>,0,28,[7 5],1,2,30,1,2
1,<environment.Job instance at 0x7f5b131a3370>,1,16,[1 7],2,30,46,28,22
1,<environment.Job instance at 0x7f5b132beeb0>,13,2,[6 1],14,30,32,16,30
1,<environment.Job instance at 0x7f5b132be870>,16,23,[6 3],17,36,59,19,36
1,<environment.Job instance at 0x7f5acf1f9460>,8,15,[2 5],9,46,61,37,37
1,<environment.Job instance at 0x7f5b15636a50>,19,15,[5 5],20,59,74,39,47
1,<environment.Job instance at 0x7f5b15636aa0>,20,14,[9 5],21,74,88,53,60
1,<environment.Job instance at 0x7f5b132beb90>,15,15,[5 1],16,88,103,72,78
1,<environment.Job instance at 0x7f5b155a8b40>,24,24,[2 5],25,88,112,63,86
1,<environment.Job instance at 0x7f5b155a86e0>,37,1,[2 8],38,112,113,74,102
1,<environment.Job instance at 0x7f5b15bb2af0>,45,22,[10  4],46,113,135,67,106
1,<environment.Job instance at 0x7f5b15bb2aa0>,46,16,[3 9],47,135,151,88,122
1,<environment.Job instance at 0x7f5b12dac190>,62,12,[6 1],63,141,153,78,141
1,<environment.Job instance at 0x7f5b132be370>,2,15,[7 4],3,3,18,0,3
1,<environment.Job instance at 0x7f5b13098500>,7,15,[9 1],8,18,33,10,8
1,<environment.Job instance at 0x7f5b1568dc80>,17,2,[5 3],18,33,35,15,18
1,<environment.Job instance at 0x7f5b12f99a00>,14,13,[2 7],15,33,46,18,20
1,<environment.Job instance at 0x7f5b1565e1e0>,22,17,[5 9],23,46,63,23,43
1,<environment.Job instance at 0x7f5b1566b370>,31,17,[1 6],32,80,97,48,80
1,<environment.Job instance at 0x7f5b15669140>,32,13,[2 9],33,97,110,64,83
1,<environment.Job instance at 0x7f5b15663460>,34,16,[7 5],35,110,126,75,97
1,<environment.Job instance at 0x7f5acf674fa0>,42,18,[5 9],43,126,144,83,116
1,<environment.Job instance at 0x7f5b1a2ae5f0>,4,17,[10  5],5,144,161,139,132
1,<environment.Job instance at 0x7f5b1566b230>,0,2,[1 9],1,1,3,0,1
1,<environment.Job instance at 0x7f5b131a3b40>,2,3,[1 9],3,3,6,0,3
1,<environment.Job instance at 0x7f5b12d3a640>,4,14,[5 5],5,6,20,1,5
1,<environment.Job instance at 0x7f5acef534b0>,7,14,[3 7],8,20,34,12,8
1,<environment.Job instance at 0x7f5b12e0e3c0>,16,12,[5 9],17,34,46,17,18
1,<environment.Job instance at 0x7f5acf5a5500>,30,3,[1 6],31,46,49,15,36
1,<environment.Job instance at 0x7f5acf5a5550>,31,15,[10  2],32,49,64,17,38
1,<environment.Job instance at 0x7f5b12e995f0>,25,2,[6 1],26,46,48,20,44
1,<environment.Job instance at 0x7f5b12fd8aa0>,35,13,[5 3],36,64,77,28,49
1,<environment.Job instance at 0x7f5acf80beb0>,44,15,[5 8],45,77,92,32,63
1,<environment.Job instance at 0x7f5b13245870>,17,17,[ 5 10],18,92,109,74,82
1,<environment.Job instance at 0x7f5b12fd8af0>,36,3,[10  2],37,109,112,72,93
1,<environment.Job instance at 0x7f5b156fd640>,51,2,[2 9],52,112,114,60,94
1,<environment.Job instance at 0x7f5b15ba9960>,53,17,[10  3],54,114,131,60,102
1,<environment.Job instance at 0x7f5b15a414b0>,62,15,[5 2],63,131,146,68,126
1,<environment.Job instance at 0x7f5b12fd8190>,0,17,[2 9],1,1,18,0,1
1,<environment.Job instance at 0x7f5acef076e0>,5,17,[5 7],6,18,35,12,6
1,<environment.Job instance at 0x7f5aceef9230>,20,24,[8 2],21,35,59,14,30
1,<environment.Job instance at 0x7f5aceef9a50>,29,12,[4 5],30,59,71,29,46
1,<environment.Job instance at 0x7f5aceef9050>,26,15,[8 4],27,71,86,44,58
1,<environment.Job instance at 0x7f5acef0af50>,40,16,[1 8],41,86,102,45,76
1,<environment.Job instance at 0x7f5b159c5280>,36,16,[3 7],37,102,118,65,89
1,<environment.Job instance at 0x7f5acef0a0f0>,50,12,[5 2],51,102,114,51,102
1,<environment.Job instance at 0x7f5acef0a7d0>,51,17,[5 2],52,114,131,62,105
1,<environment.Job instance at 0x7f5aceea9690>,0,17,[1 6],1,1,18,0,1
1,<environment.Job instance at 0x7f5b159377d0>,8,12,[8 1],9,12,24,3,12
1,<environment.Job instance at 0x7f5b158c1050>,10,28,[8 5],11,24,52,13,23
1,<environment.Job instance at 0x7f5b132c70f0>,24,15,[7 5],25,52,67,27,44
1,<environment.Job instance at 0x7f5b1329da50>,29,15,[9 4],30,67,82,37,53
1,<environment.Job instance at 0x7f5b132a13c0>,37,3,[3 8],38,89,92,51,89
1,<environment.Job instance at 0x7f5acf624e60>,41,16,[ 3 10],42,92,108,50,92
1,<environment.Job instance at 0x7f5b132b9910>,47,14,[3 9],48,108,122,60,97
1,<environment.Job instance at 0x7f5b12e17dc0>,49,20,[3 5],50,122,142,72,113
1,<environment.Job instance at 0x7f5acf3435a0>,52,16,[1 9],53,142,158,89,131
1,<environment.Job instance at 0x7f5b132a1e10>,0,16,[6 3],1,1,17,0,1
1,<environment.Job instance at 0x7f5acf7e8cd0>,5,17,[10  3],6,17,34,11,11
1,<environment.Job instance at 0x7f5aceea4be0>,6,12,[ 5 10],7,34,46,27,25
1,<environment.Job instance at 0x7f5b12cd24b0>,21,12,[10  4],22,46,58,24,33
1,<environment.Job instance at 0x7f5acef1aeb0>,19,1,[4 9],20,58,59,38,48
1,<environment.Job instance at 0x7f5acf4033c0>,25,17,[5 4],26,59,76,33,48
1,<environment.Job instance at 0x7f5acf136fa0>,31,18,[ 1 10],32,76,94,44,65
1,<environment.Job instance at 0x7f5acf136230>,34,2,[6 2],35,94,96,59,67
1,<environment.Job instance at 0x7f5acf136dc0>,37,14,[2 8],38,94,108,56,82
1,<environment.Job instance at 0x7f5b156467d0>,26,3,[9 4],27,108,111,81,96
1,<environment.Job instance at 0x7f5b1a223820>,44,2,[2 7],45,111,113,66,96
1,<environment.Job instance at 0x7f5b1a223aa0>,45,16,[6 1],46,111,127,65,98
1,<environment.Job instance at 0x7f5b1a223d20>,43,1,[3 8],44,113,114,69,106
1,<environment.Job instance at 0x7f5acf669e10>,50,3,[9 1],51,127,130,76,106
1,<environment.Job instance at 0x7f5b155de320>,51,3,[9 3],52,130,133,78,107
1,<environment.Job instance at 0x7f5acf3ba550>,54,12,[8 4],55,133,145,78,120
1,<environment.Job instance at 0x7f5b1565b690>,57,16,[5 3],58,145,161,87,132
1,<environment.Job instance at 0x7f5b1560c050>,0,16,[3 6],1,1,17,0,1
1,<environment.Job instance at 0x7f5acf4e26e0>,12,12,[10  5],13,17,29,4,13
1,<environment.Job instance at 0x7f5b12fc9550>,17,1,[5 5],18,29,30,11,18
1,<environment.Job instance at 0x7f5acf4e22d0>,11,1,[5 2],12,29,30,17,19
1,<environment.Job instance at 0x7f5b12fc9820>,21,2,[ 2 10],22,30,32,8,22
1,<environment.Job instance at 0x7f5b12fc9140>,25,25,[5 2],26,32,57,6,29
1,<environment.Job instance at 0x7f5b12ffab40>,34,27,[2 5],35,42,69,7,42
1,<environment.Job instance at 0x7f5b12ffa230>,27,13,[8 4],28,57,70,29,56
1,<environment.Job instance at 0x7f5b12ffa910>,38,16,[9 5],39,70,86,31,58
1,<environment.Job instance at 0x7f5b12ff4870>,50,26,[3 6],51,101,127,50,101
1,<environment.Job instance at 0x7f5b12ff4910>,61,17,[2 5],62,127,144,65,118
1,<environment.Job instance at 0x7f5b156f4dc0>,69,17,[5 6],70,144,161,74,132
1,<environment.Job instance at 0x7f5b12ff43c0>,1,12,[10  2],2,2,14,0,2
1,<environment.Job instance at 0x7f5b1316be60>,5,13,[2 6],6,14,27,8,14
1,<environment.Job instance at 0x7f5b12ce3690>,9,3,[6 3],10,14,17,4,14
1,<environment.Job instance at 0x7f5acf24b320>,10,14,[3 8],11,27,41,16,14
1,<environment.Job instance at 0x7f5acefef8c0>,23,20,[3 7],24,41,61,17,32
1,<environment.Job instance at 0x7f5acefef5f0>,27,18,[6 1],28,43,61,15,43
1,<environment.Job instance at 0x7f5b12cce690>,11,12,[3 9],12,61,73,49,46
1,<environment.Job instance at 0x7f5acf7f4cd0>,31,15,[8 2],32,73,88,41,59
1,<environment.Job instance at 0x7f5acee87690>,35,18,[4 6],36,88,106,52,81
1,<environment.Job instance at 0x7f5acee871e0>,40,12,[5 3],41,88,100,47,81
1,<environment.Job instance at 0x7f5acee87460>,42,18,[5 5],43,106,124,63,97
1,<environment.Job instance at 0x7f5acee87f00>,44,15,[10  4],45,124,139,79,110
1,<environment.Job instance at 0x7f5acf7c80a0>,49,13,[4 7],50,139,152,89,123
1,<environment.Job instance at 0x7f5acf7b34b0>,60,12,[4 6],61,152,164,91,136
1,<environment.Job instance at 0x7f9a359363c0>,1,3,[ 2 10],2,2,5,0,2
1,<environment.Job instance at 0x7f9a3052ba00>,3,22,[2 5],4,5,27,1,4
1,<environment.Job instance at 0x7f9a3052bc80>,7,14,[7 5],8,8,22,0,8
1,<environment.Job instance at 0x7f9a3052bd70>,11,3,[4 9],12,27,30,15,13
1,<environment.Job instance at 0x7f9a359362d0>,9,12,[8 2],10,30,42,20,14
1,<environment.Job instance at 0x7f9a30530780>,19,25,[5 9],20,47,72,27,47
1,<environment.Job instance at 0x7f9a30530e10>,25,2,[5 7],26,72,74,46,47
1,<environment.Job instance at 0x7f9a35967e60>,5,12,[2 6],6,6,18,0,6
1,<environment.Job instance at 0x7f9a35967230>,8,17,[3 7],9,18,35,9,9
1,<environment.Job instance at 0x7f9a35967140>,10,2,[2 6],11,35,37,24,11
1,<environment.Job instance at 0x7f9a35ab7f50>,22,18,[3 5],23,37,55,14,26
1,<environment.Job instance at 0x7f9a35882640>,18,14,[6 4],19,35,49,16,26
1,<environment.Job instance at 0x7f9a35aae140>,28,14,[6 1],29,49,63,20,41
1,<environment.Job instance at 0x7f99ea828960>,35,15,[1 7],36,55,70,19,48
1,<environment.Job instance at 0x7f99ea7bea50>,1,15,[2 7],2,2,17,0,2
1,<environment.Job instance at 0x7f99ea7be500>,5,16,[7 5],6,17,33,11,6
1,<environment.Job instance at 0x7f99ea89ce60>,12,12,[1 6],13,33,45,20,20
1,<environment.Job instance at 0x7f99ea82db40>,18,16,[5 2],19,33,49,14,25
1,<environment.Job instance at 0x7f99ea82df50>,22,18,[7 5],23,49,67,26,38
1,<environment.Job instance at 0x7f99eac795f0>,0,12,[5 1],1,1,13,0,1
1,<environment.Job instance at 0x7f99eac79690>,10,24,[1 5],11,13,37,2,13
1,<environment.Job instance at 0x7f99eae56d70>,18,2,[8 1],19,23,25,4,23
1,<environment.Job instance at 0x7f99eac79140>,7,21,[10  4],8,37,58,29,29
1,<environment.Job instance at 0x7f99eae56870>,21,13,[5 7],22,58,71,36,42
1,<environment.Job instance at 0x7f99ea7745a0>,1,14,[ 1 10],2,2,16,0,2
1,<environment.Job instance at 0x7f99eabe1500>,3,14,[5 9],4,16,30,12,4
1,<environment.Job instance at 0x7f99eaee6b40>,13,1,[4 8],14,30,31,16,17
1,<environment.Job instance at 0x7f99eaee67d0>,11,17,[3 6],12,31,48,19,19
1,<environment.Job instance at 0x7f99eaee6e10>,15,21,[1 6],16,48,69,32,46
1,<environment.Job instance at 0x7f99eaeee370>,22,15,[8 2],23,48,63,25,46
1,<environment.Job instance at 0x7f9a32a81f50>,0,13,[3 5],1,1,14,0,1
1,<environment.Job instance at 0x7f9a302e7b40>,16,15,[6 5],17,17,32,0,17
1,<environment.Job instance at 0x7f9a308eb320>,10,2,[4 5],11,21,23,10,21
1,<environment.Job instance at 0x7f9a308eba00>,11,17,[10  2],12,32,49,20,21
1,<environment.Job instance at 0x7f9a3073c370>,28,20,[5 2],29,49,69,20,40
1,<environment.Job instance at 0x7f9a302e77d0>,13,26,[5 3],14,49,75,35,46
1,<environment.Job instance at 0x7f9a3073cfa0>,3,17,[7 4],4,4,21,0,4
1,<environment.Job instance at 0x7f99ea8f6190>,14,15,[2 6],15,19,34,4,19
1,<environment.Job instance at 0x7f9a30793320>,7,16,[5 3],8,23,39,15,23
1,<environment.Job instance at 0x7f9a30907eb0>,16,1,[9 2],17,39,40,22,24
1,<environment.Job instance at 0x7f9a30907a50>,15,16,[7 5],16,40,56,24,28
1,<environment.Job instance at 0x7f9a3067e140>,0,14,[2 9],1,1,15,0,1
1,<environment.Job instance at 0x7f9a30359370>,20,12,[3 8],21,24,36,3,24
1,<environment.Job instance at 0x7f9a30359be0>,22,14,[2 8],23,36,50,13,28
1,<environment.Job instance at 0x7f9a30360e10>,27,13,[ 5 10],28,50,63,22,36
1,<environment.Job instance at 0x7f9a30520dc0>,1,16,[4 5],2,2,18,0,2
1,<environment.Job instance at 0x7f9a307c8be0>,7,16,[7 4],8,18,34,10,9
1,<environment.Job instance at 0x7f9a307c8960>,6,27,[2 6],7,18,45,11,17
1,<environment.Job instance at 0x7f9a30601690>,19,3,[2 7],20,45,48,25,20
1,<environment.Job instance at 0x7f9a30601140>,22,16,[6 4],23,48,64,25,35
1,<environment.Job instance at 0x7f9a307c8640>,11,16,[4 5],12,48,64,36,42
1,<environment.Job instance at 0x7f9a309c0e60>,0,13,[5 5],1,1,14,0,1
1,<environment.Job instance at 0x7f99eab2bb40>,8,15,[2 9],9,14,29,5,11
1,<environment.Job instance at 0x7f9a302a2b90>,13,15,[6 4],14,29,44,15,17
1,<environment.Job instance at 0x7f9a32ac6460>,29,2,[1 9],30,44,46,14,30
1,<environment.Job instance at 0x7f9a32ac6230>,30,13,[5 5],31,46,59,15,31
1,<environment.Job instance at 0x7f9a307a42d0>,23,12,[2 7],24,59,71,35,46
1,<environment.Job instance at 0x7f9a32c266e0>,0,1,[4 8],1,1,2,0,1
1,<environment.Job instance at 0x7f99ea609e60>,2,16,[10  4],3,3,19,0,3
1,<environment.Job instance at 0x7f9a306cf370>,9,18,[5 8],10,19,37,9,17
1,<environment.Job instance at 0x7f9a306cf5f0>,14,16,[6 1],15,37,53,22,24
1,<environment.Job instance at 0x7f9a306cf730>,12,13,[1 5],13,37,50,24,24
1,<environment.Job instance at 0x7f99ead1c500>,28,15,[2 8],29,50,65,21,36
1,<environment.Job instance at 0x7f9a32d3da50>,30,14,[7 2],31,53,67,22,44
1,<environment.Job instance at 0x7f9a359cf280>,1,12,[2 6],2,2,14,0,2
1,<environment.Job instance at 0x7f99ea7010a0>,10,26,[3 7],11,14,40,3,12
1,<environment.Job instance at 0x7f99eab1d870>,5,15,[5 9],6,40,55,34,32
1,<environment.Job instance at 0x7f99ea701d20>,23,14,[6 5],24,55,69,31,44
1,<environment.Job instance at 0x7f9a32cbbd70>,2,14,[5 1],3,3,17,0,3
1,<environment.Job instance at 0x7f99eac09820>,10,14,[5 8],11,17,31,6,17
1,<environment.Job instance at 0x7f99eac090f0>,12,18,[6 2],13,31,49,18,20
1,<environment.Job instance at 0x7f9a32c19d70>,23,1,[1 6],24,35,36,11,35
1,<environment.Job instance at 0x7f9a32c19cd0>,22,27,[5 7],23,49,76,26,48
1,<environment.Job instance at 0x7f9a30920780>,2,12,[7 2],3,3,15,0,3
1,<environment.Job instance at 0x7f9a30920690>,4,14,[ 1 10],5,15,29,10,5
1,<environment.Job instance at 0x7f9a304a7910>,6,3,[4 9],7,29,32,22,7
1,<environment.Job instance at 0x7f9a304a7f50>,11,15,[8 1],12,32,47,20,18
1,<environment.Job instance at 0x7f9a304a7820>,10,12,[2 9],11,32,44,21,20
1,<environment.Job instance at 0x7f9a32bf9690>,21,17,[ 4 10],22,47,64,25,40
1,<environment.Job instance at 0x7f99eab4e960>,0,2,[2 7],1,1,3,0,1
1,<environment.Job instance at 0x7f99eab4e050>,3,18,[6 4],4,4,22,0,4
1,<environment.Job instance at 0x7f9a308520f0>,11,3,[3 5],12,12,15,0,12
1,<environment.Job instance at 0x7f9a308522d0>,12,12,[4 7],13,22,34,9,13
1,<environment.Job instance at 0x7f9a30852320>,13,15,[6 2],14,22,37,8,16
1,<environment.Job instance at 0x7f9a30852d20>,21,16,[1 6],22,34,50,12,22
1,<environment.Job instance at 0x7f9a3084c1e0>,26,12,[4 8],27,50,62,23,42
1,<environment.Job instance at 0x7f9a3084cb90>,33,12,[9 3],34,62,74,28,45
1,<environment.Job instance at 0x7f9a3084caa0>,35,14,[5 2],36,45,59,9,45
1,<environment.Job instance at 0x7f9a3084cd20>,1,18,[4 8],2,2,20,0,2
1,<environment.Job instance at 0x7f99ead41910>,7,13,[4 7],8,20,33,12,9
1,<environment.Job instance at 0x7f99ea61cb40>,16,13,[8 5],17,33,46,16,17
1,<environment.Job instance at 0x7f9a32b4fc80>,8,13,[ 3 10],9,46,59,37,31
1,<environment.Job instance at 0x7f9a359667d0>,26,1,[2 8],27,59,60,32,32
1,<environment.Job instance at 0x7f99ea61c9b0>,20,3,[ 1 10],21,60,63,39,39
1,<environment.Job instance at 0x7f99eaec7190>,32,14,[8 5],33,63,77,30,49
1,<environment.Job instance at 0x7f9a30812cd0>,0,15,[3 8],1,1,16,0,1
1,<environment.Job instance at 0x7f99ea838e60>,3,27,[8 5],4,16,43,12,16
1,<environment.Job instance at 0x7f99ea694cd0>,18,15,[5 5],19,43,58,24,31
1,<environment.Job instance at 0x7f9a307feb90>,28,12,[1 8],29,58,70,29,42
1,<environment.Job instance at 0x7f99eabe4d70>,0,17,[5 8],1,1,18,0,1
1,<environment.Job instance at 0x7f99ead553c0>,4,16,[2 7],5,18,34,13,12
1,<environment.Job instance at 0x7f9a304f75a0>,5,17,[6 3],6,18,35,12,16
1,<environment.Job instance at 0x7f9a32e69820>,20,20,[3 8],21,35,55,14,32
1,<environment.Job instance at 0x7f9a32edd190>,1,1,[3 5],2,2,3,0,2
1,<environment.Job instance at 0x7f9a307698c0>,2,3,[7 4],3,3,6,0,3
1,<environment.Job instance at 0x7f9a32b41eb0>,3,15,[4 8],4,6,21,2,4
1,<environment.Job instance at 0x7f9a32b41190>,8,13,[5 5],9,21,34,12,9
1,<environment.Job instance at 0x7f9a32c22460>,14,2,[7 1],15,34,36,19,19
1,<environment.Job instance at 0x7f9a32c22910>,15,3,[2 6],16,34,37,18,21
1,<environment.Job instance at 0x7f9a32c22370>,16,1,[1 6],17,37,38,20,21
1,<environment.Job instance at 0x7f9a32be1640>,22,17,[3 5],23,38,55,15,36
1,<environment.Job instance at 0x7f9a32be13c0>,23,16,[5 2],24,36,52,12,36
1,<environment.Job instance at 0x7f9a32be11e0>,25,13,[10  5],26,55,68,29,39
1,<environment.Job instance at 0x7f99ead252d0>,1,15,[5 5],2,2,17,0,2
1,<environment.Job instance at 0x7f9a3306d280>,4,12,[7 1],5,17,29,12,7
1,<environment.Job instance at 0x7f9a35aaeb90>,19,12,[1 6],20,24,36,4,24
1,<environment.Job instance at 0x7f9a302f77d0>,20,18,[6 4],21,29,47,8,24
1,<environment.Job instance at 0x7f9a3061b230>,26,16,[7 5],27,47,63,20,34
1,<environment.Job instance at 0x7f1255bb64b0>,0,17,[6 1],1,1,18,0,1
1,<environment.Job instance at 0x7f12507aaa00>,3,22,[2 5],4,5,27,1,5
1,<environment.Job instance at 0x7f12507ad0f0>,12,23,[6 4],13,18,41,5,13
1,<environment.Job instance at 0x7f12507ad460>,19,25,[5 9],20,41,66,21,37
1,<environment.Job instance at 0x7f12507adf00>,27,17,[4 6],28,66,83,38,54
1,<environment.Job instance at 0x7f12507ad500>,17,12,[5 1],18,56,68,38,56
1,<environment.Job instance at 0x7f1255d2c870>,2,14,[4 9],3,3,17,0,3
1,<environment.Job instance at 0x7f1255be23c0>,8,14,[6 4],9,17,31,8,9
1,<environment.Job instance at 0x7f1255d33cd0>,19,19,[10  3],20,31,50,11,21
1,<environment.Job instance at 0x7f1255d2a7d0>,28,16,[4 9],29,50,66,21,37
1,<environment.Job instance at 0x7f1255d28550>,32,12,[5 5],33,66,78,33,50
1,<environment.Job instance at 0x7f120aa5eb90>,16,1,[9 5],17,25,26,8,25
1,<environment.Job instance at 0x7f120aa5e190>,17,28,[ 2 10],18,26,54,8,26
1,<environment.Job instance at 0x7f120aa5eeb0>,19,1,[5 5],20,54,55,34,26
1,<environment.Job instance at 0x7f120a9f44b0>,26,13,[10  5],27,57,70,30,57
1,<environment.Job instance at 0x7f120aa5e5a0>,10,17,[9 5],11,70,87,59,58
1,<environment.Job instance at 0x7f1255d2db90>,0,17,[3 5],1,1,18,0,1
1,<environment.Job instance at 0x7f120aba0370>,4,19,[6 2],5,13,32,8,13
1,<environment.Job instance at 0x7f120aba0f00>,15,15,[5 3],16,32,47,16,19
1,<environment.Job instance at 0x7f120aa39cd0>,18,21,[2 7],19,19,40,0,19
1,<environment.Job instance at 0x7f120aa39fa0>,21,14,[ 1 10],22,47,61,25,32
1,<environment.Job instance at 0x7f120ae61500>,29,15,[5 5],30,61,76,31,50
1,<environment.Job instance at 0x7f120ae610a0>,32,13,[2 5],33,61,74,28,53
1,<environment.Job instance at 0x7f120ae61c80>,2,12,[ 5 10],3,3,15,0,3
1,<environment.Job instance at 0x7f120afa6b90>,3,13,[9 2],4,15,28,11,4
1,<environment.Job instance at 0x7f120b16a2d0>,17,14,[10  5],18,28,42,10,18
1,<environment.Job instance at 0x7f120b15bc30>,6,1,[4 7],7,42,43,35,20
1,<environment.Job instance at 0x7f120b16ab90>,20,2,[4 5],21,43,45,22,21
1,<environment.Job instance at 0x7f120b16acd0>,22,1,[1 5],23,25,26,2,25
1,<environment.Job instance at 0x7f120b15bd70>,8,3,[5 1],9,42,45,33,26
1,<environment.Job instance at 0x7f120b16e230>,26,15,[6 5],27,45,60,18,31
1,<environment.Job instance at 0x7f120b15bf50>,11,16,[5 8],12,60,76,48,47
1,<environment.Job instance at 0x7f120aa39dc0>,3,17,[7 4],4,4,21,0,4
1,<environment.Job instance at 0x7f120aa58910>,7,16,[5 3],8,21,37,13,9
1,<environment.Job instance at 0x7f1254feda00>,17,2,[1 8],18,37,39,19,20
1,<environment.Job instance at 0x7f1254fed4b0>,14,15,[2 6],15,39,54,24,31
1,<environment.Job instance at 0x7f1254fed690>,15,16,[7 5],16,54,70,38,41
1,<environment.Job instance at 0x7f1250c3d9b0>,26,2,[1 8],27,70,72,43,47
1,<environment.Job instance at 0x7f120ac646e0>,7,3,[10  5],8,8,11,0,8
1,<environment.Job instance at 0x7f1254ffec80>,8,16,[5 2],9,11,27,2,9
1,<environment.Job instance at 0x7f1254ffe550>,9,2,[5 3],10,12,14,2,12
1,<environment.Job instance at 0x7f12555694b0>,13,2,[10  2],14,27,29,13,14
1,<environment.Job instance at 0x7f12555696e0>,12,14,[2 8],13,29,43,16,14
1,<environment.Job instance at 0x7f120aff1820>,19,18,[5 2],20,29,47,9,25
1,<environment.Job instance at 0x7f12551d0820>,21,15,[5 7],22,43,58,21,31
1,<environment.Job instance at 0x7f1255773320>,22,17,[8 2],23,58,75,35,46
1,<environment.Job instance at 0x7f125572cf50>,31,13,[1 7],32,59,72,27,59
1,<environment.Job instance at 0x7f120ad52c80>,1,3,[3 8],2,2,5,0,2
1,<environment.Job instance at 0x7f120a91d4b0>,4,14,[3 6],5,5,19,0,5
1,<environment.Job instance at 0x7f120a91d690>,5,13,[7 4],6,6,19,0,6
1,<environment.Job instance at 0x7f125511d3c0>,15,17,[ 5 10],16,19,36,3,18
1,<environment.Job instance at 0x7f12506ee870>,7,23,[2 8],8,36,59,28,30
1,<environment.Job instance at 0x7f12555250f0>,25,3,[8 5],26,59,62,33,53
1,<environment.Job instance at 0x7f120af77d20>,15,17,[8 2],16,19,36,3,19
1,<environment.Job instance at 0x7f12505f6640>,17,16,[7 2],18,36,52,18,23
1,<environment.Job instance at 0x7f12505f6050>,22,16,[10  4],23,52,68,29,39
1,<environment.Job instance at 0x7f120af77870>,13,14,[9 3],14,68,82,54,56
1,<environment.Job instance at 0x7f120af77a00>,1,12,[1 6],2,2,14,0,2
1,<environment.Job instance at 0x7f125552ed20>,6,18,[9 3],7,7,25,0,7
1,<environment.Job instance at 0x7f120af78640>,15,15,[5 9],16,25,40,9,22
1,<environment.Job instance at 0x7f120b08cbe0>,14,16,[ 5 10],15,40,56,25,31
1,<environment.Job instance at 0x7f12508f5500>,22,12,[2 9],23,56,68,33,39
1,<environment.Job instance at 0x7f125538b050>,30,13,[10  1],31,68,81,37,54
1,<environment.Job instance at 0x7f1250b08230>,0,17,[10  2],1,1,18,0,1
1,<environment.Job instance at 0x7f120a8f7c80>,7,14,[9 2],8,18,32,10,18
1,<environment.Job instance at 0x7f120af61be0>,18,13,[1 5],19,20,33,1,20
1,<environment.Job instance at 0x7f125552ad70>,15,19,[6 3],16,32,51,16,23
1,<environment.Job instance at 0x7f125089d460>,27,15,[9 1],28,51,66,23,39
1,<environment.Job instance at 0x7f120acc44b0>,29,17,[5 2],30,66,83,36,54
1,<environment.Job instance at 0x7f1255ae0a50>,0,12,[2 9],1,1,13,0,1
1,<environment.Job instance at 0x7f1250b755f0>,8,20,[3 9],9,13,33,4,9
1,<environment.Job instance at 0x7f1250b752d0>,5,15,[5 6],6,33,48,27,19
1,<environment.Job instance at 0x7f1250b75730>,10,16,[5 4],11,33,49,22,26
1,<environment.Job instance at 0x7f1250b79050>,22,14,[2 6],23,48,62,25,33
1,<environment.Job instance at 0x7f1250b793c0>,24,18,[6 4],25,49,67,24,38
1,<environment.Job instance at 0x7f1250b795f0>,27,17,[8 4],28,67,84,39,55
1,<environment.Job instance at 0x7f120aef5870>,0,12,[2 5],1,1,13,0,1
1,<environment.Job instance at 0x7f1250a11190>,8,12,[7 5],9,10,22,1,10
1,<environment.Job instance at 0x7f120a838140>,17,17,[2 6],18,24,41,6,24
1,<environment.Job instance at 0x7f125511b6e0>,22,12,[8 3],23,26,38,3,26
1,<environment.Job instance at 0x7f125511baa0>,24,1,[4 7],25,41,42,16,26
1,<environment.Job instance at 0x7f120a8387d0>,18,17,[5 4],19,42,59,23,30
1,<environment.Job instance at 0x7f125511bf50>,23,13,[5 6],24,42,55,18,42
1,<environment.Job instance at 0x7f125511b9b0>,31,18,[4 8],32,59,77,27,48
1,<environment.Job instance at 0x7f12505dfe60>,0,18,[1 7],1,1,19,0,1
1,<environment.Job instance at 0x7f1250b0a280>,13,18,[ 2 10],14,19,37,5,15
1,<environment.Job instance at 0x7f1250b0aeb0>,14,13,[7 3],15,37,50,22,22
1,<environment.Job instance at 0x7f120ad0ecd0>,21,12,[3 9],22,50,62,28,33
1,<environment.Job instance at 0x7f120ad0e050>,30,12,[3 6],31,62,74,31,54
1,<environment.Job instance at 0x7f120adac0f0>,2,2,[3 6],3,3,5,0,3
1,<environment.Job instance at 0x7f1250ac91e0>,5,2,[2 9],6,6,8,0,6
1,<environment.Job instance at 0x7f1250ac9370>,6,26,[8 5],7,8,34,1,7
1,<environment.Job instance at 0x7f1250ac9af0>,16,14,[10  1],17,34,48,17,21
1,<environment.Job instance at 0x7f1250ac9be0>,18,2,[2 5],19,21,23,2,21
1,<environment.Job instance at 0x7f1250ac9780>,14,16,[2 7],15,48,64,33,35
1,<environment.Job instance at 0x7f1250ac9960>,13,20,[5 3],14,56,76,42,56
1,<environment.Job instance at 0x7f1250ac9a50>,1,1,[3 5],2,2,3,0,2
1,<environment.Job instance at 0x7f120aa8b370>,3,15,[4 8],4,4,19,0,4
1,<environment.Job instance at 0x7f120ad01be0>,7,13,[5 8],8,19,32,11,8
1,<environment.Job instance at 0x7f120ad014b0>,14,2,[7 1],15,32,34,17,15
1,<environment.Job instance at 0x7f120ad01b40>,15,3,[2 6],16,32,35,16,16
1,<environment.Job instance at 0x7f120ad01370>,16,1,[1 6],17,35,36,18,17
1,<environment.Job instance at 0x7f120ad01e10>,12,15,[3 9],13,36,51,23,22
1,<environment.Job instance at 0x7f1250a5c370>,24,1,[5 2],25,34,35,9,34
1,<environment.Job instance at 0x7f1250a5ce60>,22,17,[3 5],23,51,68,28,42
1,<environment.Job instance at 0x7f1250a5c280>,26,17,[7 3],27,51,68,24,50
1,<environment.Job instance at 0x7f1250a5c460>,28,13,[8 3],29,68,81,39,53
1,<environment.Job instance at 0x7f1250a5c4b0>,1,3,[5 9],2,2,5,0,2
1,<environment.Job instance at 0x7f125081dbe0>,4,13,[5 7],5,5,18,0,5
1,<environment.Job instance at 0x7f125081d190>,5,17,[8 5],6,19,36,13,19
1,<environment.Job instance at 0x7f125525bdc0>,19,14,[5 3],20,36,50,16,22
1,<environment.Job instance at 0x7f120aaad410>,16,16,[7 5],17,50,66,33,38
1,<environment.Job instance at 0x7f125502b320>,1,1,[2 8],2,2,3,0,2
1,<environment.Job instance at 0x7f120aa80e60>,2,14,[3 8],3,3,17,0,3
1,<environment.Job instance at 0x7f120a9f6050>,7,18,[2 6],8,17,35,9,8
1,<environment.Job instance at 0x7f120b0b0910>,19,13,[5 8],20,35,48,15,21
1,<environment.Job instance at 0x7f120b0b0c30>,17,13,[5 1],18,33,46,15,33
1,<environment.Job instance at 0x7f120b0b0eb0>,24,15,[5 5],25,48,63,23,37
1,<environment.Job instance at 0x7f120b0780a0>,34,18,[9 1],35,63,81,28,52
1,<environment.Job instance at 0x7f120b078230>,1,17,[7 4],2,2,19,0,2
1,<environment.Job instance at 0x7f125082f910>,7,28,[4 9],8,19,47,11,18
1,<environment.Job instance at 0x7f125082fd70>,10,1,[3 6],11,47,48,36,31
1,<environment.Job instance at 0x7f12556dd550>,33,14,[5 7],34,48,62,14,38
1,<environment.Job instance at 0x7f1250b74050>,35,18,[9 1],36,62,80,26,51
1,<environment.Job instance at 0x7f120b052780>,0,15,[4 8],1,1,16,0,1
1,<environment.Job instance at 0x7f1255020eb0>,11,14,[1 5],12,16,30,4,12
1,<environment.Job instance at 0x7f125552ae60>,14,12,[9 4],15,17,29,2,17
1,<environment.Job instance at 0x7f120ac437d0>,20,16,[3 7],21,30,46,9,26
1,<environment.Job instance at 0x7f1250553af0>,5,15,[9 1],6,46,61,40,35
1,<environment.Job instance at 0x7f1250c7d1e0>,24,16,[4 7],25,61,77,36,48
1,<environment.Job instance at 0x7fae708516e0>,1,3,[ 2 10],2,2,5,0,2
1,<environment.Job instance at 0x7fae6f669320>,4,13,[3 6],5,5,18,0,5
1,<environment.Job instance at 0x7fae6f669780>,10,22,[8 1],11,18,40,7,11
1,<environment.Job instance at 0x7fae6f669640>,7,14,[7 5],8,40,54,32,25
1,<environment.Job instance at 0x7fae6f66d550>,23,16,[6 2],24,54,70,30,48
1,<environment.Job instance at 0x7fae70851d70>,3,22,[2 5],4,55,77,51,55
1,<environment.Job instance at 0x7fae6f669f50>,18,26,[7 4],19,70,96,51,68
1,<environment.Job instance at 0x7fae6f731500>,1,2,[5 1],2,2,4,0,2
1,<environment.Job instance at 0x7fae6f66fb90>,2,18,[3 5],3,3,21,0,3
1,<environment.Job instance at 0x7fae707f0e10>,9,19,[10  3],10,21,40,11,11
1,<environment.Job instance at 0x7fae709375a0>,14,1,[5 5],15,20,21,5,20
1,<environment.Job instance at 0x7fae7093ef50>,20,3,[6 1],21,40,43,19,29
1,<environment.Job instance at 0x7fae707f0320>,8,14,[6 1],9,43,57,34,31
1,<environment.Job instance at 0x7fae70937870>,15,15,[1 7],16,40,55,24,34
1,<environment.Job instance at 0x7fae7093ec80>,22,12,[5 5],23,57,69,34,46
1,<environment.Job instance at 0x7fae7093eaf0>,21,18,[5 4],22,57,75,35,46
1,<environment.Job instance at 0x7fae7093cbe0>,35,16,[7 5],36,75,91,39,62
1,<environment.Job instance at 0x7fae70939cd0>,1,14,[ 3 10],2,2,16,0,2
1,<environment.Job instance at 0x7fae33a102d0>,6,13,[10  5],7,16,29,9,7
1,<environment.Job instance at 0x7fae33a10190>,14,1,[8 3],15,29,30,14,16
1,<environment.Job instance at 0x7fae7093cb90>,3,1,[2 7],4,29,30,25,18
1,<environment.Job instance at 0x7fae33a10aa0>,18,2,[9 1],19,30,32,11,19
1,<environment.Job instance at 0x7fae33a37870>,21,12,[5 4],22,32,44,10,24
1,<environment.Job instance at 0x7fae33a373c0>,20,24,[1 5],21,32,56,11,32
1,<environment.Job instance at 0x7fae3393d0a0>,30,17,[4 7],31,56,73,25,44
1,<environment.Job instance at 0x7fae3393da00>,33,24,[3 7],34,73,97,39,68
1,<environment.Job instance at 0x7fae33a30280>,1,17,[3 6],2,2,19,0,2
1,<environment.Job instance at 0x7fae338b1c30>,12,15,[8 2],13,19,34,6,18
1,<environment.Job instance at 0x7fae338bc640>,16,2,[10  2],17,34,36,17,19
1,<environment.Job instance at 0x7fae338bc9b0>,17,12,[4 8],18,36,48,18,21
1,<environment.Job instance at 0x7fae338b1b90>,13,18,[5 1],14,36,54,22,29
1,<environment.Job instance at 0x7fae33a30a00>,6,16,[1 8],7,48,64,41,35
1,<environment.Job instance at 0x7fae338bca00>,19,13,[4 5],20,64,77,44,49
1,<environment.Job instance at 0x7fae70934910>,28,13,[2 7],29,77,90,48,63
1,<environment.Job instance at 0x7fae33f361e0>,0,15,[5 8],1,1,16,0,1
1,<environment.Job instance at 0x7fae33a1ae10>,2,15,[9 2],3,16,31,13,16
1,<environment.Job instance at 0x7fae3400c6e0>,13,15,[7 2],14,31,46,17,18
1,<environment.Job instance at 0x7fae3400c730>,14,12,[8 3],15,57,69,42,57
1,<environment.Job instance at 0x7fae6e561050>,0,14,[2 9],1,1,15,0,1
1,<environment.Job instance at 0x7fae6f8203c0>,15,13,[9 1],16,21,34,5,21
1,<environment.Job instance at 0x7fae6fc82e60>,18,16,[5 2],19,34,50,15,25
1,<environment.Job instance at 0x7fae6f7044b0>,27,13,[ 5 10],28,50,63,22,36
1,<environment.Job instance at 0x7fae6fb69c30>,30,16,[ 4 10],31,63,79,32,50
1,<environment.Job instance at 0x7fae6fb69960>,41,13,[1 7],42,79,92,37,64
1,<environment.Job instance at 0x7fae6e5c8fa0>,0,12,[10  5],1,1,13,0,1
1,<environment.Job instance at 0x7fae6fd1ae10>,11,3,[7 4],12,13,16,1,13
1,<environment.Job instance at 0x7fae70349140>,10,13,[6 2],11,18,31,7,18
1,<environment.Job instance at 0x7fae6fcc0280>,12,12,[7 5],13,31,43,18,25
1,<environment.Job instance at 0x7fae6fbfc3c0>,16,14,[9 4],17,43,57,26,35
1,<environment.Job instance at 0x7fae339f2640>,20,25,[6 4],21,57,82,36,57
1,<environment.Job instance at 0x7fae3393efa0>,35,14,[3 8],36,82,96,46,68
1,<environment.Job instance at 0x7fae6fa5c1e0>,0,15,[2 5],1,1,16,0,1
1,<environment.Job instance at 0x7fae6fc822d0>,2,17,[4 5],3,3,20,0,3
1,<environment.Job instance at 0x7fae6fd7c2d0>,5,17,[8 2],6,20,37,14,10
1,<environment.Job instance at 0x7fae6fd2cf50>,16,22,[1 8],17,20,42,3,18
1,<environment.Job instance at 0x7fae6fd2c910>,21,15,[8 1],22,37,52,15,27
1,<environment.Job instance at 0x7fae6fd2caf0>,25,3,[4 6],26,52,55,26,34
1,<environment.Job instance at 0x7fae33921370>,12,16,[10  4],13,55,71,42,42
1,<environment.Job instance at 0x7fae6f7415f0>,5,18,[4 9],6,6,24,0,6
1,<environment.Job instance at 0x7fae6f7412d0>,2,12,[2 9],3,24,36,21,11
1,<environment.Job instance at 0x7fae6f7418c0>,8,13,[5 5],9,36,49,27,23
1,<environment.Job instance at 0x7fae6fae6c30>,12,24,[1 9],13,56,80,43,56
1,<environment.Job instance at 0x7fae6f6572d0>,30,16,[10  1],31,80,96,49,67
1,<environment.Job instance at 0x7fae33d6bd70>,0,13,[5 4],1,1,14,0,1
1,<environment.Job instance at 0x7fae33c524b0>,2,3,[9 5],3,14,17,11,3
1,<environment.Job instance at 0x7fae33c52050>,3,3,[1 8],4,17,20,13,4
1,<environment.Job instance at 0x7fae33c52f00>,4,2,[9 2],5,17,19,12,5
1,<environment.Job instance at 0x7fae33c52370>,6,2,[10  2],7,20,22,13,7
1,<environment.Job instance at 0x7fae7008f190>,8,2,[2 7],9,22,24,13,9
1,<environment.Job instance at 0x7fae33d96050>,10,17,[5 2],11,22,39,11,11
1,<environment.Job instance at 0x7fae701200a0>,13,1,[1 5],14,28,29,14,28
1,<environment.Job instance at 0x7fae6f757820>,18,14,[8 5],19,39,53,20,33
1,<environment.Job instance at 0x7fae70323190>,25,13,[5 7],26,53,66,27,37
1,<environment.Job instance at 0x7fae33c677d0>,30,12,[2 9],31,66,78,35,53
1,<environment.Job instance at 0x7fae6fc7bc80>,31,15,[8 1],32,66,81,34,54
1,<environment.Job instance at 0x7fae33b8e640>,4,1,[2 5],5,5,6,0,5
1,<environment.Job instance at 0x7fae6fb729b0>,10,13,[5 8],11,11,24,0,11
1,<environment.Job instance at 0x7fae6fc57960>,3,18,[6 4],4,24,42,20,18
1,<environment.Job instance at 0x7fae6facbfa0>,23,27,[3 5],24,28,55,4,28
1,<environment.Job instance at 0x7fae6fe65140>,28,12,[7 5],29,42,54,13,35
1,<environment.Job instance at 0x7fae33ab05f0>,29,12,[1 9],30,55,67,25,38
1,<environment.Job instance at 0x7fae70328410>,30,3,[8 5],31,67,70,36,43
1,<environment.Job instance at 0x7fae703281e0>,31,2,[4 5],32,70,72,38,43
1,<environment.Job instance at 0x7fae6f680be0>,40,16,[9 4],41,72,88,31,66
1,<environment.Job instance at 0x7fae6f680af0>,1,2,[ 2 10],2,2,4,0,2
1,<environment.Job instance at 0x7fae33a62b40>,2,3,[5 7],3,4,7,1,3
1,<environment.Job instance at 0x7fae33bdd8c0>,4,12,[3 7],5,7,19,2,5
1,<environment.Job instance at 0x7fae33bdd780>,7,16,[2 7],8,19,35,11,8
1,<environment.Job instance at 0x7fae33bd55f0>,18,16,[8 4],19,35,51,16,22
1,<environment.Job instance at 0x7fae33bd5230>,14,2,[2 7],15,51,53,36,26
1,<environment.Job instance at 0x7fae33bd5c80>,24,13,[7 3],25,51,64,26,35
1,<environment.Job instance at 0x7fae33bd5e60>,26,12,[5 9],27,64,76,37,47
1,<environment.Job instance at 0x7fae6e4535a0>,0,1,[1 7],1,1,2,0,1
1,<environment.Job instance at 0x7fae6e453780>,5,2,[2 9],6,6,8,0,6
1,<environment.Job instance at 0x7fae33bc40f0>,4,18,[3 6],5,8,26,3,6
1,<environment.Job instance at 0x7fae338105f0>,19,12,[7 5],20,26,38,6,23
1,<environment.Job instance at 0x7fae33810820>,20,18,[5 6],21,38,56,17,34
1,<environment.Job instance at 0x7fae706f8a00>,23,3,[10  2],24,56,59,32,36
1,<environment.Job instance at 0x7fae706f8500>,24,12,[10  2],25,59,71,34,46
1,<environment.Job instance at 0x7fae33810fa0>,27,22,[10  1],28,71,93,43,65
1,<environment.Job instance at 0x7fae70120be0>,0,14,[6 3],1,1,15,0,1
1,<environment.Job instance at 0x7fae701200f0>,4,2,[7 1],5,15,17,10,6
1,<environment.Job instance at 0x7fae70120230>,7,27,[8 5],8,18,45,10,18
1,<environment.Job instance at 0x7fae6f73e910>,13,16,[5 2],14,45,61,31,33
1,<environment.Job instance at 0x7fae6fd4baa0>,22,24,[4 6],23,48,72,25,48
1,<environment.Job instance at 0x7fae6fd650f0>,31,18,[7 2],32,72,90,40,62
1,<environment.Job instance at 0x7fae6fd65a50>,4,14,[5 8],5,5,19,0,5
1,<environment.Job instance at 0x7fae33a57960>,9,14,[7 5],10,19,33,9,10
1,<environment.Job instance at 0x7fae33a604b0>,18,13,[2 7],19,33,46,14,32
1,<environment.Job instance at 0x7fae33a60780>,22,17,[5 9],23,46,63,23,34
1,<environment.Job instance at 0x7fae33a60870>,23,18,[5 5],24,63,81,39,52
1,<environment.Job instance at 0x7fae33a60b40>,27,18,[5 5],28,63,81,35,56
1,<environment.Job instance at 0x7fae6fabe5a0>,0,13,[7 3],1,1,14,0,1
1,<environment.Job instance at 0x7fae6fb720a0>,13,18,[5 3],14,14,32,0,14
1,<environment.Job instance at 0x7fae70077280>,17,26,[3 7],18,21,47,3,21
1,<environment.Job instance at 0x7fae6fbacf50>,24,17,[5 1],25,32,49,7,26
1,<environment.Job instance at 0x7fae6fbacc80>,30,17,[7 1],31,50,67,19,50
1,<environment.Job instance at 0x7fae6fbac1e0>,32,15,[3 6],33,52,67,19,52
1,<environment.Job instance at 0x7fae6fbac190>,35,18,[8 2],36,67,85,31,64
1,<environment.Job instance at 0x7fae70313f50>,1,2,[4 7],2,2,4,0,2
1,<environment.Job instance at 0x7fae6e50b280>,2,12,[5 5],3,4,16,1,3
1,<environment.Job instance at 0x7fae6f794730>,11,12,[ 1 10],12,22,34,10,22
1,<environment.Job instance at 0x7fae6e4860f0>,4,21,[8 1],5,34,55,29,26
1,<environment.Job instance at 0x7fae6e4077d0>,22,3,[8 1],23,55,58,32,29
1,<environment.Job instance at 0x7fae70010780>,26,3,[1 7],27,34,37,7,33
1,<environment.Job instance at 0x7fae70010b40>,27,1,[6 5],28,58,59,30,33
1,<environment.Job instance at 0x7fae33f72cd0>,29,1,[8 2],30,59,60,29,43
1,<environment.Job instance at 0x7fae6f776eb0>,33,14,[4 9],34,60,74,26,48
1,<environment.Job instance at 0x7fae6fd5ba00>,16,15,[4 7],17,74,89,57,68
1,<environment.Job instance at 0x7fae6f9a8eb0>,0,14,[2 8],1,1,15,0,1
1,<environment.Job instance at 0x7fae6fb3b0f0>,4,1,[1 9],5,15,16,10,6
1,<environment.Job instance at 0x7fae33ac6d70>,5,14,[5 1],6,7,21,1,7
1,<environment.Job instance at 0x7fae33ac6eb0>,6,1,[2 5],7,16,17,9,9
1,<environment.Job instance at 0x7fae33aac140>,8,16,[9 2],9,21,37,12,10
1,<environment.Job instance at 0x7fae33aaccd0>,18,13,[ 5 10],19,37,50,18,21
1,<environment.Job instance at 0x7fae33ad9230>,24,13,[4 6],25,50,63,25,36
1,<environment.Job instance at 0x7fae33ad93c0>,26,13,[5 6],27,63,76,36,51
1,<environment.Job instance at 0x7fae33ad9550>,29,15,[5 9],30,76,91,46,62
1,<environment.Job instance at 0x7fae33ad96e0>,1,1,[4 6],2,2,3,0,2
1,<environment.Job instance at 0x7fae3393efa0>,2,18,[4 7],3,3,21,0,3
1,<environment.Job instance at 0x7fae6f700aa0>,16,2,[2 8],17,21,23,4,17
1,<environment.Job instance at 0x7fae6fae6550>,24,17,[5 9],25,27,44,2,27
1,<environment.Job instance at 0x7fae6fae6fa0>,25,17,[5 9],26,44,61,18,32
1,<environment.Job instance at 0x7fae33af25a0>,32,18,[10  5],33,61,79,28,50
1,<environment.Job instance at 0x7fae33f9d910>,27,15,[5 5],28,79,94,51,68
1,<environment.Job instance at 0x7fae6f97fc30>,2,1,[4 6],3,3,4,0,3
1,<environment.Job instance at 0x7fae6f97f9b0>,3,18,[ 3 10],4,5,23,1,5
1,<environment.Job instance at 0x7fae33753d70>,8,12,[10  2],9,23,35,14,9
1,<environment.Job instance at 0x7fae33c91aa0>,21,17,[5 6],22,35,52,13,23
1,<environment.Job instance at 0x7fae337b3c80>,29,18,[3 8],30,60,78,30,60
1,<environment.Job instance at 0x7fae6fcf98c0>,32,15,[1 7],33,78,93,45,65
1,<environment.Job instance at 0x7fdea41990a0>,2,14,[ 2 10],3,3,17,0,3
1,<environment.Job instance at 0x7fdea303a500>,7,14,[7 5],8,17,31,9,8
1,<environment.Job instance at 0x7fdea303a410>,6,15,[2 8],7,31,46,24,18
1,<environment.Job instance at 0x7fdea303c3c0>,22,12,[3 8],23,46,58,23,41
1,<environment.Job instance at 0x7fdea303c550>,23,16,[6 2],24,45,61,21,45
1,<environment.Job instance at 0x7fdea303c820>,27,17,[4 6],28,58,75,30,47
1,<environment.Job instance at 0x7fdea303aeb0>,18,26,[7 4],19,75,101,56,72
1,<environment.Job instance at 0x7fdea303cd70>,33,26,[3 6],34,75,101,41,72
1,<environment.Job instance at 0x7fdea303cf50>,1,14,[8 5],2,2,16,0,2
1,<environment.Job instance at 0x7fdea4314fa0>,3,18,[ 3 10],4,16,34,12,9
1,<environment.Job instance at 0x7fdea430fa50>,12,12,[5 5],13,34,46,21,23
1,<environment.Job instance at 0x7fdea430fc80>,17,2,[6 2],18,46,48,28,31
1,<environment.Job instance at 0x7fdea430f690>,16,18,[2 6],17,46,64,29,36
1,<environment.Job instance at 0x7fdea430a820>,25,16,[7 5],26,64,80,38,51
1,<environment.Job instance at 0x7fdea430a7d0>,23,16,[1 9],24,80,96,56,69
1,<environment.Job instance at 0x7fdea41c0910>,35,2,[1 6],36,96,98,60,71
1,<environment.Job instance at 0x7fde5907e410>,0,24,[1 5],1,1,25,0,1
1,<environment.Job instance at 0x7fde590780a0>,10,17,[4 7],11,25,42,14,13
1,<environment.Job instance at 0x7fde590cb550>,15,17,[5 1],16,25,42,9,25
1,<environment.Job instance at 0x7fde590cb960>,17,16,[8 4],18,42,58,24,30
1,<environment.Job instance at 0x7fde590cb910>,14,19,[3 8],15,58,77,43,54
1,<environment.Job instance at 0x7fde59136eb0>,34,26,[3 9],35,78,104,43,78
1,<environment.Job instance at 0x7fde59141af0>,0,13,[5 9],1,1,14,0,1
1,<environment.Job instance at 0x7fde594dd140>,3,13,[9 2],4,14,27,10,4
1,<environment.Job instance at 0x7fdea4313e10>,17,14,[10  5],18,27,41,9,18
1,<environment.Job instance at 0x7fdea4313730>,20,2,[4 5],21,41,43,20,28
1,<environment.Job instance at 0x7fdea4313460>,21,17,[10  2],22,43,60,21,31
1,<environment.Job instance at 0x7fde59447910>,31,3,[5 9],32,60,63,28,36
1,<environment.Job instance at 0x7fde594f2960>,7,14,[10  3],8,63,77,55,49
1,<environment.Job instance at 0x7fde59447690>,36,17,[8 4],37,77,94,40,65
1,<environment.Job instance at 0x7fde590900a0>,3,16,[ 4 10],4,4,20,0,4
1,<environment.Job instance at 0x7fde594726e0>,5,27,[4 5],6,23,50,17,23
1,<environment.Job instance at 0x7fde59474640>,34,16,[5 2],35,48,64,13,48
1,<environment.Job instance at 0x7fde59479b40>,22,17,[5 9],23,64,81,41,54
1,<environment.Job instance at 0x7fde59428be0>,0,16,[8 5],1,2,18,1,2
1,<environment.Job instance at 0x7fde5941b910>,8,16,[9 2],9,18,34,9,9
1,<environment.Job instance at 0x7fde5941b0f0>,14,12,[8 1],15,34,46,19,20
1,<environment.Job instance at 0x7fde5941bb90>,15,14,[6 1],16,46,60,30,33
1,<environment.Job instance at 0x7fdea3d57c30>,27,23,[2 8],28,45,68,17,45
1,<environment.Job instance at 0x7fdea3bc0190>,30,13,[6 2],31,60,73,29,57
1,<environment.Job instance at 0x7fde59131d70>,20,12,[10  5],21,73,85,52,57
1,<environment.Job instance at 0x7fdea3bc0c30>,38,14,[8 2],39,85,99,46,71
1,<environment.Job instance at 0x7fdea3cca780>,0,13,[5 5],1,1,14,0,1
1,<environment.Job instance at 0x7fdea30b79b0>,13,14,[9 3],14,19,33,5,19
1,<environment.Job instance at 0x7fdea30b74b0>,16,16,[1 9],17,33,49,16,24
1,<environment.Job instance at 0x7fdea30b7fa0>,17,16,[7 2],18,49,65,31,36
1,<environment.Job instance at 0x7fde59209a50>,31,15,[8 1],32,65,80,33,53
1,<environment.Job instance at 0x7fde592096e0>,32,13,[1 5],33,53,66,20,53
1,<environment.Job instance at 0x7fde592095f0>,35,3,[4 6],36,80,83,44,66
1,<environment.Job instance at 0x7fdea31a9190>,36,18,[ 5 10],37,83,101,46,72
1,<environment.Job instance at 0x7fdea4198be0>,3,12,[8 2],4,4,16,0,4
1,<environment.Job instance at 0x7fdea2f83be0>,4,16,[1 5],5,5,21,0,5
1,<environment.Job instance at 0x7fde5969ee60>,5,18,[4 9],6,21,39,15,10
1,<environment.Job instance at 0x7fde596a3460>,15,1,[1 8],16,39,40,23,16
1,<environment.Job instance at 0x7fde596a3910>,17,2,[3 7],18,40,42,22,23
1,<environment.Job instance at 0x7fde596a3690>,18,2,[1 6],19,42,44,23,23
1,<environment.Job instance at 0x7fde596a3730>,19,3,[7 2],20,39,42,19,23
1,<environment.Job instance at 0x7fde596a3aa0>,20,17,[5 6],21,44,61,23,32
1,<environment.Job instance at 0x7fde596b81e0>,26,15,[10  2],27,61,76,34,47
1,<environment.Job instance at 0x7fde5969edc0>,8,13,[5 5],9,76,89,67,68
1,<environment.Job instance at 0x7fde596b8690>,1,18,[4 9],2,2,20,0,2
1,<environment.Job instance at 0x7fde590d5cd0>,5,16,[6 2],6,20,36,14,7
1,<environment.Job instance at 0x7fdea30a4eb0>,14,14,[ 1 10],15,36,50,21,21
1,<environment.Job instance at 0x7fdea2e7b5a0>,6,16,[8 2],7,50,66,43,41
1,<environment.Job instance at 0x7fdea38f3d20>,28,20,[3 9],29,67,87,38,67
1,<environment.Job instance at 0x7fdea38f3c80>,29,1,[5 5],30,87,88,57,67
1,<environment.Job instance at 0x7fdea38f3640>,27,14,[7 2],28,88,102,60,73
1,<environment.Job instance at 0x7fde5937c5f0>,32,3,[3 7],33,88,91,55,74
1,<environment.Job instance at 0x7fde58fb8690>,34,17,[3 5],35,91,108,56,79
1,<environment.Job instance at 0x7fdea3ace190>,0,12,[2 5],1,1,13,0,1
1,<environment.Job instance at 0x7fdea337d960>,3,27,[3 5],4,7,34,3,7
1,<environment.Job instance at 0x7fdea367c6e0>,17,17,[2 6],18,34,51,16,22
1,<environment.Job instance at 0x7fdea330fa50>,23,13,[5 6],24,51,64,27,35
1,<environment.Job instance at 0x7fde592280f0>,33,3,[ 1 10],34,64,67,30,56
1,<environment.Job instance at 0x7fde590c0a00>,25,18,[3 9],26,67,85,41,60
1,<environment.Job instance at 0x7fdea35f6a00>,37,13,[4 7],38,85,98,47,71
1,<environment.Job instance at 0x7fde596a70a0>,0,15,[3 8],1,1,16,0,1
1,<environment.Job instance at 0x7fde596a74b0>,3,27,[8 5],4,18,45,14,18
1,<environment.Job instance at 0x7fdea31dd690>,20,15,[6 3],21,45,60,24,31
1,<environment.Job instance at 0x7fde594f7eb0>,16,15,[3 6],17,45,60,28,31
1,<environment.Job instance at 0x7fdea31ddeb0>,31,15,[6 3],32,60,75,28,48
1,<environment.Job instance at 0x7fdea31ddd20>,33,13,[5 2],34,75,88,41,59
1,<environment.Job instance at 0x7fdea31c71e0>,34,23,[4 5],35,60,83,25,59
1,<environment.Job instance at 0x7fdea31c7640>,38,12,[5 5],39,83,95,44,70
1,<environment.Job instance at 0x7fdea31c75f0>,40,1,[1 7],41,95,96,54,78
1,<environment.Job instance at 0x7fdea31b5f50>,0,1,[10  4],1,1,2,0,1
1,<environment.Job instance at 0x7fdea31b5e60>,2,13,[ 3 10],3,3,16,0,3
1,<environment.Job instance at 0x7fdea31cb190>,9,22,[7 3],10,16,38,6,13
1,<environment.Job instance at 0x7fde59184050>,19,13,[ 1 10],20,38,51,18,33
1,<environment.Job instance at 0x7fde59184aa0>,22,3,[7 4],23,51,54,28,33
1,<environment.Job instance at 0x7fdea30f3aa0>,24,1,[6 4],25,54,55,29,34
1,<environment.Job instance at 0x7fdea30f30f0>,26,18,[5 8],27,55,73,28,45
1,<environment.Job instance at 0x7fdea30f3e10>,30,14,[6 3],31,73,87,42,60
1,<environment.Job instance at 0x7fdea30f3f50>,32,15,[3 9],33,87,102,54,73
1,<environment.Job instance at 0x7fdea305e6e0>,3,2,[7 5],4,4,6,0,4
1,<environment.Job instance at 0x7fdea3ae3af0>,4,13,[5 7],5,6,19,1,5
1,<environment.Job instance at 0x7fdea2e46550>,10,18,[6 4],11,19,37,8,11
1,<environment.Job instance at 0x7fdea2e465a0>,15,15,[7 1],16,37,52,21,23
1,<environment.Job instance at 0x7fde591e5190>,25,2,[ 3 10],26,52,54,26,35
1,<environment.Job instance at 0x7fdea367bd70>,28,17,[9 2],29,54,71,25,42
1,<environment.Job instance at 0x7fdea367b320>,29,14,[7 5],30,71,85,41,56
1,<environment.Job instance at 0x7fde58ed30f0>,3,27,[5 1],4,4,31,0,4
1,<environment.Job instance at 0x7fdea375ef50>,13,18,[6 4],14,31,49,17,20
1,<environment.Job instance at 0x7fdea375eb90>,16,14,[5 7],17,49,63,32,34
1,<environment.Job instance at 0x7fdea37651e0>,18,16,[1 7],19,63,79,44,51
1,<environment.Job instance at 0x7fde592d6050>,23,18,[5 3],24,53,71,29,53
1,<environment.Job instance at 0x7fde59200370>,28,13,[2 9],29,79,92,50,63
1,<environment.Job instance at 0x7fdea315fd70>,0,15,[5 8],1,1,16,0,1
1,<environment.Job instance at 0x7fdea315f730>,2,12,[5 5],3,16,28,13,3
1,<environment.Job instance at 0x7fde596db3c0>,14,17,[5 4],15,16,33,1,15
1,<environment.Job instance at 0x7fdea342d050>,11,12,[ 1 10],12,33,45,21,17
1,<environment.Job instance at 0x7fdea33db690>,15,15,[9 4],16,45,60,29,34
1,<environment.Job instance at 0x7fdea365efa0>,28,16,[6 5],29,60,76,31,47
1,<environment.Job instance at 0x7fdea365eaf0>,30,15,[7 2],31,76,91,45,64
1,<environment.Job instance at 0x7fdea3253320>,34,12,[9 4],35,91,103,56,74
1,<environment.Job instance at 0x7fde58d8a5f0>,0,26,[4 8],1,2,28,1,2
1,<environment.Job instance at 0x7fde58d665a0>,8,13,[ 5 10],9,28,41,19,12
1,<environment.Job instance at 0x7fde595f9780>,18,17,[10  4],19,41,58,22,29
1,<environment.Job instance at 0x7fde595f90a0>,27,3,[ 5 10],28,58,61,30,48
1,<environment.Job instance at 0x7fde58d663c0>,13,18,[8 1],14,61,79,47,57
1,<environment.Job instance at 0x7fdea37cc820>,36,12,[4 7],37,79,91,42,71
1,<environment.Job instance at 0x7fde58d8ac30>,5,18,[6 2],6,79,97,73,78
1,<environment.Job instance at 0x7fde597180f0>,4,17,[5 9],5,10,27,5,10
1,<environment.Job instance at 0x7fdea3a44780>,7,15,[5 5],8,27,42,19,13
1,<environment.Job instance at 0x7fdea3a44f00>,8,17,[4 9],9,42,59,33,30
1,<environment.Job instance at 0x7fdea3a535f0>,18,12,[6 1],19,42,54,23,40
1,<environment.Job instance at 0x7fdea3a53230>,21,17,[7 2],22,59,76,37,48
1,<environment.Job instance at 0x7fdea3a40140>,22,1,[2 7],23,59,60,36,48
1,<environment.Job instance at 0x7fdea3a40500>,26,14,[1 5],27,60,74,33,58
1,<environment.Job instance at 0x7fdea3a44dc0>,9,18,[9 5],10,76,94,66,65
1,<environment.Job instance at 0x7fdea30530f0>,1,18,[4 6],2,2,20,0,2
1,<environment.Job instance at 0x7fde59356be0>,15,1,[9 3],16,20,21,4,16
1,<environment.Job instance at 0x7fde59356fa0>,13,12,[5 9],14,21,33,7,19
1,<environment.Job instance at 0x7fdea37f89b0>,8,15,[8 2],9,33,48,24,28
1,<environment.Job instance at 0x7fdea3249a00>,19,20,[2 8],20,33,53,13,30
1,<environment.Job instance at 0x7fde58d589b0>,21,19,[5 5],22,53,72,31,48
1,<environment.Job instance at 0x7fde58efbb90>,33,14,[5 6],34,72,86,38,61
1,<environment.Job instance at 0x7fdea3816190>,1,1,[4 8],2,2,3,0,2
1,<environment.Job instance at 0x7fdea32c92d0>,2,17,[5 9],3,3,20,0,3
1,<environment.Job instance at 0x7fde59430140>,7,17,[3 7],8,20,37,12,8
1,<environment.Job instance at 0x7fde59230690>,22,15,[ 5 10],23,37,52,14,23
1,<environment.Job instance at 0x7fde59230a00>,27,14,[6 2],28,52,66,24,43
1,<environment.Job instance at 0x7fde596e20a0>,37,3,[6 4],38,66,69,28,51
1,<environment.Job instance at 0x7fde596e2780>,36,12,[3 8],37,54,66,17,54
1,<environment.Job instance at 0x7fde596e24b0>,39,12,[ 5 10],40,69,81,29,54
1,<environment.Job instance at 0x7fde59230500>,20,13,[5 8],21,81,94,60,65
1,<environment.Job instance at 0x7fde5924a460>,45,2,[1 6],46,66,68,20,66
1,<environment.Job instance at 0x7fde5924a730>,47,1,[9 4],48,94,95,46,74
1,<environment.Job instance at 0x7fde596e26e0>,41,12,[ 4 10],42,95,107,53,79
1,<environment.Job instance at 0x7fdea4305730>,0,15,[2 8],1,1,16,0,1
1,<environment.Job instance at 0x7fdea4305910>,3,14,[4 6],4,16,30,12,8
1,<environment.Job instance at 0x7fde590393c0>,7,3,[2 5],8,30,33,22,8
1,<environment.Job instance at 0x7fdea41bc140>,12,14,[9 2],13,33,47,20,23
1,<environment.Job instance at 0x7fdea36825a0>,13,14,[9 2],14,47,61,33,32
1,<environment.Job instance at 0x7fde59358f50>,22,14,[7 1],23,61,75,38,46
1,<environment.Job instance at 0x7fdea39b6a00>,31,16,[9 2],32,75,91,43,64
1,<environment.Job instance at 0x7fa1be0392d0>,2,14,[ 2 10],3,3,17,0,3
1,<environment.Job instance at 0x7fa1be07dd70>,7,14,[7 5],8,17,31,9,8
1,<environment.Job instance at 0x7fa1b8c2ac80>,16,18,[7 3],17,31,49,14,20
1,<environment.Job instance at 0x7fa1b8c2e410>,21,18,[9 4],22,49,67,27,40
1,<environment.Job instance at 0x7fa1b8c2e5f0>,24,2,[4 6],25,67,69,42,45
1,<environment.Job instance at 0x7fa1b8c2e730>,26,12,[8 5],27,69,81,42,52
1,<environment.Job instance at 0x7fa1b8c2ac30>,13,18,[5 9],14,81,99,67,70
1,<environment.Job instance at 0x7fa1be1b0280>,0,3,[6 1],1,1,4,0,1
1,<environment.Job instance at 0x7fa1be1a0a00>,2,12,[5 5],3,4,16,1,3
1,<environment.Job instance at 0x7fa1be1a0f50>,3,25,[ 1 10],4,18,43,14,18
1,<environment.Job instance at 0x7fa1be1a8410>,39,13,[5 5],40,71,84,31,71
1,<environment.Job instance at 0x7fa1be1afe60>,40,17,[9 5],41,84,101,43,72
1,<environment.Job instance at 0x7fa172eb1a00>,0,17,[3 5],1,1,18,0,1
1,<environment.Job instance at 0x7fa172eb12d0>,9,1,[5 3],10,11,12,1,11
1,<environment.Job instance at 0x7fa172eb1870>,4,19,[6 2],5,12,31,7,11
1,<environment.Job instance at 0x7fa172f408c0>,15,15,[5 3],16,31,46,15,19
1,<environment.Job instance at 0x7fa172f405a0>,18,21,[2 7],19,22,43,3,22
1,<environment.Job instance at 0x7fa172f0a820>,23,14,[5 9],24,46,60,22,31
1,<environment.Job instance at 0x7fa172eb17d0>,6,17,[9 1],7,60,77,53,48
1,<environment.Job instance at 0x7fa172f0ae60>,27,2,[10  3],28,77,79,49,50
1,<environment.Job instance at 0x7fa172f1d6e0>,34,16,[5 6],35,79,95,44,68
1,<environment.Job instance at 0x7fa172f40230>,20,23,[4 7],21,95,118,74,89
1,<environment.Job instance at 0x7fa173549aa0>,2,18,[3 8],3,3,21,0,3
1,<environment.Job instance at 0x7fa1733bca50>,7,15,[3 6],8,21,36,13,8
1,<environment.Job instance at 0x7fa172fbf370>,13,2,[7 3],14,21,23,7,18
1,<environment.Job instance at 0x7fa172fbf8c0>,14,16,[7 5],15,36,52,21,23
1,<environment.Job instance at 0x7fa172fbf1e0>,21,3,[9 4],22,52,55,30,33
1,<environment.Job instance at 0x7fa172fbf2d0>,22,2,[2 9],23,55,57,32,33
1,<environment.Job instance at 0x7fa172fbf460>,23,15,[7 2],24,57,72,33,44
1,<environment.Job instance at 0x7fa172fbf690>,28,12,[5 5],29,72,84,43,55
1,<environment.Job instance at 0x7fa1733bcaf0>,11,20,[ 4 10],12,84,104,72,78
1,<environment.Job instance at 0x7fa17331cc80>,6,18,[8 3],7,7,25,0,7
1,<environment.Job instance at 0x7fa17331cb40>,12,14,[2 8],13,25,39,12,22
1,<environment.Job instance at 0x7fa173321e10>,22,17,[8 2],23,25,42,2,23
1,<environment.Job instance at 0x7fa173321c30>,21,15,[5 7],22,42,57,20,28
1,<environment.Job instance at 0x7fa173321cd0>,19,18,[5 2],20,44,62,24,44
1,<environment.Job instance at 0x7fa173312640>,31,13,[1 7],32,57,70,25,48
1,<environment.Job instance at 0x7fa173312b40>,34,18,[10  5],35,70,88,35,59
1,<environment.Job instance at 0x7fa1733124b0>,40,16,[8 5],41,88,104,47,75
1,<environment.Job instance at 0x7fa172f97820>,0,13,[5 5],1,1,14,0,1
1,<environment.Job instance at 0x7fa1bd962640>,7,13,[3 7],8,14,27,6,8
1,<environment.Job instance at 0x7fa1732745f0>,8,15,[2 9],9,27,42,18,17
1,<environment.Job instance at 0x7fa1b9013690>,18,13,[8 3],19,42,55,23,34
1,<environment.Job instance at 0x7fa1b8eeea50>,25,20,[7 5],26,55,75,29,50
1,<environment.Job instance at 0x7fa1b8f1b5f0>,37,18,[8 2],38,75,93,37,64
1,<environment.Job instance at 0x7fa1b8f1b870>,40,15,[2 5],41,64,79,23,64
1,<environment.Job instance at 0x7fa1b90dfc30>,48,2,[9 3],49,93,95,44,81
1,<environment.Job instance at 0x7fa1b90dfb40>,49,3,[4 7],50,95,98,45,81
1,<environment.Job instance at 0x7fa1b90df140>,50,1,[4 8],51,98,99,47,81
1,<environment.Job instance at 0x7fa1b90dfdc0>,51,1,[8 1],52,99,100,47,81
1,<environment.Job instance at 0x7fa1b8f1b8c0>,35,12,[4 5],36,100,112,64,84
1,<environment.Job instance at 0x7fa1b8f563c0>,1,12,[1 6],2,2,14,0,2
1,<environment.Job instance at 0x7fa1733aa190>,5,16,[4 7],6,14,30,8,7
1,<environment.Job instance at 0x7fa1734f4370>,12,3,[6 5],13,30,33,17,14
1,<environment.Job instance at 0x7fa1730c8e60>,17,1,[5 1],18,20,21,2,20
1,<environment.Job instance at 0x7fa1731dae10>,19,2,[4 7],20,33,35,13,20
1,<environment.Job instance at 0x7fa1b90079b0>,15,15,[5 9],16,35,50,19,27
1,<environment.Job instance at 0x7fa1730c8280>,22,12,[2 9],23,50,62,27,38
1,<environment.Job instance at 0x7fa1731dc190>,8,16,[1 7],9,62,78,53,50
1,<environment.Job instance at 0x7fa1bd5694b0>,33,14,[6 5],34,78,92,44,65
1,<environment.Job instance at 0x7fa1bd5699b0>,35,1,[1 8],36,92,93,56,73
1,<environment.Job instance at 0x7fa1bd569e10>,36,12,[10  1],37,93,105,56,76
1,<environment.Job instance at 0x7fa1bd568140>,3,3,[1 8],4,4,7,0,4
1,<environment.Job instance at 0x7fa172e095a0>,5,15,[6 2],6,12,27,6,12
1,<environment.Job instance at 0x7fa172e09aa0>,13,1,[1 5],14,15,16,1,15
1,<environment.Job instance at 0x7fa172df2230>,18,14,[8 5],19,27,41,8,20
1,<environment.Job instance at 0x7fa172df2280>,21,18,[ 3 10],22,41,59,19,30
1,<environment.Job instance at 0x7fa172df2640>,25,13,[5 7],26,59,72,33,46
1,<environment.Job instance at 0x7fa172df2d20>,30,12,[2 9],31,72,84,41,55
1,<environment.Job instance at 0x7fa172df2fa0>,35,15,[5 6],36,84,99,48,70
1,<environment.Job instance at 0x7fa172df4410>,37,14,[7 2],38,99,113,61,84
1,<environment.Job instance at 0x7fa1b8e80460>,0,12,[2 5],1,1,13,0,1
1,<environment.Job instance at 0x7fa172df4370>,1,16,[1 6],2,13,29,11,2
1,<environment.Job instance at 0x7fa172ede0f0>,3,27,[3 5],4,29,56,25,28
1,<environment.Job instance at 0x7fa1bd6335a0>,21,3,[5 4],22,28,31,6,28
1,<environment.Job instance at 0x7fa1bd6325a0>,16,12,[6 4],17,47,59,30,47
1,<environment.Job instance at 0x7fa172ed7d70>,27,1,[5 6],28,59,60,31,56
1,<environment.Job instance at 0x7fa1bd5f4f50>,31,18,[4 8],32,60,78,28,60
1,<environment.Job instance at 0x7fa173134dc0>,20,16,[9 4],21,78,94,57,70
1,<environment.Job instance at 0x7fa1b8bd0280>,28,14,[4 5],29,94,108,65,80
1,<environment.Job instance at 0x7fa1b8fe7730>,0,12,[3 6],1,1,13,0,1
1,<environment.Job instance at 0x7fa1bda0f730>,4,14,[4 6],5,13,27,8,5
1,<environment.Job instance at 0x7fa1b8bd0dc0>,9,1,[6 2],10,10,11,0,10
1,<environment.Job instance at 0x7fa1b8bd02d0>,10,15,[6 3],11,12,27,1,12
1,<environment.Job instance at 0x7fa1b908d6e0>,13,18,[3 7],14,27,45,13,16
1,<environment.Job instance at 0x7fa1bd961c80>,19,1,[4 5],20,45,46,25,22
1,<environment.Job instance at 0x7fa17350dcd0>,16,15,[5 1],17,27,42,10,24
1,<environment.Job instance at 0x7fa1b8bb97d0>,21,15,[6 3],22,42,57,20,32
1,<environment.Job instance at 0x7fa1733aa550>,23,13,[5 2],24,57,70,33,43
1,<environment.Job instance at 0x7fa1bda0f500>,6,15,[3 6],7,49,64,42,49
1,<environment.Job instance at 0x7fa1bddf70f0>,29,18,[7 4],30,70,88,40,59
1,<environment.Job instance at 0x7fa1bdadb0f0>,37,2,[4 6],38,88,90,50,75
1,<environment.Job instance at 0x7fa1b8fe7dc0>,8,15,[5 5],9,90,105,81,79
1,<environment.Job instance at 0x7fa1bd592be0>,1,1,[3 5],2,2,3,0,2
1,<environment.Job instance at 0x7fa1bd592730>,2,3,[7 4],3,3,6,0,3
1,<environment.Job instance at 0x7fa172f4ed20>,6,18,[5 8],7,7,25,0,7
1,<environment.Job instance at 0x7fa172f352d0>,12,15,[3 9],13,25,40,12,14
1,<environment.Job instance at 0x7fa172f35af0>,20,13,[3 8],21,40,53,19,24
1,<environment.Job instance at 0x7fa172f4eeb0>,10,14,[6 3],11,53,67,42,39
1,<environment.Job instance at 0x7fa172f1b500>,31,17,[9 4],32,67,84,35,55
1,<environment.Job instance at 0x7fa172f35910>,19,17,[1 5],20,66,83,46,66
1,<environment.Job instance at 0x7fa172f350f0>,13,20,[8 4],14,84,104,70,82
1,<environment.Job instance at 0x7fa1b905d960>,9,15,[4 7],10,31,46,21,31
1,<environment.Job instance at 0x7fa1b905da50>,8,13,[2 7],9,46,59,37,31
1,<environment.Job instance at 0x7fa1b905dd20>,12,17,[5 9],13,59,76,46,47
1,<environment.Job instance at 0x7fa1b905d140>,14,15,[8 2],15,76,91,61,62
1,<environment.Job instance at 0x7fa1b905d910>,24,16,[2 5],25,87,103,62,87
1,<environment.Job instance at 0x7fa173134960>,26,3,[3 9],27,103,106,76,87
1,<environment.Job instance at 0x7fa173134320>,27,3,[5 6],28,106,109,78,87
1,<environment.Job instance at 0x7fa1bd6d4230>,1,17,[7 4],2,2,19,0,2
1,<environment.Job instance at 0x7fa1733fb2d0>,7,28,[4 9],8,23,51,15,23
1,<environment.Job instance at 0x7fa1bd5ee1e0>,29,18,[8 2],30,51,69,21,40
1,<environment.Job instance at 0x7fa1bd5ee190>,30,18,[2 8],31,51,69,20,40
1,<environment.Job instance at 0x7fa1bd461a50>,40,15,[5 8],41,69,84,28,65
1,<environment.Job instance at 0x7fa1bd461050>,44,21,[8 1],45,84,105,39,77
1,<environment.Job instance at 0x7fa1731053c0>,2,14,[4 9],3,3,17,0,3
1,<environment.Job instance at 0x7fa172c47b40>,8,1,[1 6],9,17,18,8,9
1,<environment.Job instance at 0x7fa172c47230>,9,14,[5 4],10,17,31,7,15
1,<environment.Job instance at 0x7fa172da4730>,15,16,[5 5],16,18,34,2,16
1,<environment.Job instance at 0x7fa172da4d70>,14,2,[1 6],15,34,36,19,20
1,<environment.Job instance at 0x7fa172d724b0>,19,2,[8 4],20,34,36,14,20
1,<environment.Job instance at 0x7fa172c37960>,18,17,[10  4],19,36,53,17,24
1,<environment.Job instance at 0x7fa1bd543d70>,28,16,[9 2],29,53,69,24,42
1,<environment.Job instance at 0x7fa1bd52ed20>,34,15,[3 8],35,69,84,34,55
1,<environment.Job instance at 0x7fa1b8b36320>,38,13,[ 5 10],39,84,97,45,69
1,<environment.Job instance at 0x7fa1b8b2faf0>,41,1,[10  4],42,97,98,55,73
1,<environment.Job instance at 0x7fa1734e5820>,44,13,[4 6],45,98,111,53,88
1,<environment.Job instance at 0x7fa1bda00640>,2,18,[4 7],3,3,21,0,3
1,<environment.Job instance at 0x7fa173515780>,11,12,[10  4],12,21,33,9,16
1,<environment.Job instance at 0x7fa1732b08c0>,9,15,[5 5],10,33,48,23,22
1,<environment.Job instance at 0x7fa1b907fa50>,28,17,[4 9],29,48,65,19,39
1,<environment.Job instance at 0x7fa1b90a0280>,36,14,[4 7],37,65,79,28,52
1,<environment.Job instance at 0x7fa1b8d8ca00>,31,17,[8 2],32,79,96,47,68
1,<environment.Job instance at 0x7fa1731965a0>,1,17,[5 6],2,2,19,0,2
1,<environment.Job instance at 0x7fa172e25140>,4,12,[4 9],5,19,31,14,6
1,<environment.Job instance at 0x7fa172bfddc0>,11,18,[4 6],12,31,49,19,21
1,<environment.Job instance at 0x7fa172bfd7d0>,19,3,[5 6],20,49,52,29,24
1,<environment.Job instance at 0x7fa172bfd9b0>,17,12,[ 3 10],18,52,64,34,37
1,<environment.Job instance at 0x7fa17359a230>,24,16,[1 8],25,64,80,39,52
1,<environment.Job instance at 0x7fa17359a4b0>,35,12,[10  3],36,80,92,44,64
1,<environment.Job instance at 0x7fa172bb2370>,39,12,[7 1],40,66,78,26,66
1,<environment.Job instance at 0x7fa172bb2730>,40,18,[5 7],41,92,110,51,81
1,<environment.Job instance at 0x7fa17359a320>,1,1,[4 8],2,2,3,0,2
1,<environment.Job instance at 0x7fa17359af50>,2,17,[5 9],3,3,20,0,3
1,<environment.Job instance at 0x7fa173240aa0>,7,17,[3 7],8,20,37,12,9
1,<environment.Job instance at 0x7fa173260d20>,17,2,[10  1],18,37,39,19,19
1,<environment.Job instance at 0x7fa173243f50>,16,1,[1 5],17,39,40,22,25
1,<environment.Job instance at 0x7fa1b8b36d70>,20,13,[5 8],21,40,53,19,27
1,<environment.Job instance at 0x7fa173260c30>,23,16,[5 8],24,53,69,29,40
1,<environment.Job instance at 0x7fa172fedeb0>,36,12,[3 8],37,69,81,32,59
1,<environment.Job instance at 0x7fa172fed280>,39,12,[ 5 10],40,81,93,41,66
1,<environment.Job instance at 0x7fa172fda460>,40,18,[9 4],41,93,111,52,82
1,<environment.Job instance at 0x7fa1b8e3cc80>,5,16,[5 1],6,8,24,2,8
1,<environment.Job instance at 0x7fa172d87cd0>,6,3,[2 7],7,12,15,5,12
1,<environment.Job instance at 0x7fa1b8e3c410>,13,17,[3 7],14,17,34,3,17
1,<environment.Job instance at 0x7fa1bd5ee550>,10,20,[7 1],11,28,48,17,28
1,<environment.Job instance at 0x7fa1b90da460>,12,14,[7 1],13,48,62,35,33
1,<environment.Job instance at 0x7fa1bd4b8be0>,21,16,[9 2],22,62,78,40,49
1,<environment.Job instance at 0x7fa172f306e0>,28,1,[7 4],29,78,79,49,63
1,<environment.Job instance at 0x7fa172f30d20>,29,2,[3 9],30,79,81,49,63
1,<environment.Job instance at 0x7fa172c36a00>,31,1,[9 5],32,81,82,49,67
1,<environment.Job instance at 0x7fa172c36cd0>,32,13,[ 4 10],33,82,95,49,67
1,<environment.Job instance at 0x7fa172c360f0>,36,14,[9 1],37,95,109,58,88
1,<environment.Job instance at 0x7fa172d17fa0>,4,18,[3 9],5,10,28,5,10
1,<environment.Job instance at 0x7fa172d17f00>,11,17,[10  2],12,28,45,16,16
1,<environment.Job instance at 0x7fa172d17dc0>,15,13,[ 5 10],16,45,58,29,29
1,<environment.Job instance at 0x7fa1b8ee62d0>,22,16,[6 5],23,58,74,35,46
1,<environment.Job instance at 0x7fa172bb2280>,32,12,[7 5],33,74,86,41,57
1,<environment.Job instance at 0x7fa172c36aa0>,5,15,[6 1],6,86,101,80,74
1,<environment.Job instance at 0x7fa172bb2190>,42,14,[7 1],43,101,115,58,86
1,<environment.Job instance at 0x7fa1bd949b40>,0,12,[4 8],1,1,13,0,1
1,<environment.Job instance at 0x7fa1b906bc80>,13,1,[9 2],14,20,21,6,20
1,<environment.Job instance at 0x7fa1b8f09140>,3,18,[3 7],4,23,41,19,23
1,<environment.Job instance at 0x7fa1b90179b0>,17,15,[8 4],18,41,56,23,28
1,<environment.Job instance at 0x7fa1b8d530f0>,20,17,[2 7],21,56,73,35,44
1,<environment.Job instance at 0x7fa1b9064410>,27,14,[4 5],28,73,87,45,66
1,<environment.Job instance at 0x7f3181f28fa0>,1,3,[ 2 10],2,2,5,0,2
1,<environment.Job instance at 0x7f3180dca280>,3,22,[2 5],4,5,27,1,5
1,<environment.Job instance at 0x7f3181f28f00>,4,13,[3 6],5,27,40,22,11
1,<environment.Job instance at 0x7f3180dcaaf0>,12,23,[6 4],13,21,44,8,21
1,<environment.Job instance at 0x7f3180dcac80>,17,12,[5 1],18,44,56,26,28
1,<environment.Job instance at 0x7f3180dcf3c0>,22,12,[3 8],23,46,58,23,46
1,<environment.Job instance at 0x7f3180dcf730>,27,17,[4 6],28,58,75,30,46
1,<environment.Job instance at 0x7f3180dcfa00>,32,21,[5 9],33,75,96,42,70
1,<environment.Job instance at 0x7f3180dca7d0>,9,12,[8 2],10,96,108,86,81
1,<environment.Job instance at 0x7f3180dd0320>,44,3,[5 1],45,108,111,63,96
1,<environment.Job instance at 0x7f3180dd03c0>,45,15,[7 5],46,111,126,65,97
1,<environment.Job instance at 0x7f3180dd0a00>,1,15,[2 7],2,2,17,0,2
1,<environment.Job instance at 0x7f3181f51dc0>,8,3,[5 5],9,17,20,8,9
1,<environment.Job instance at 0x7f3181f51e10>,7,18,[5 5],8,17,35,9,9
1,<environment.Job instance at 0x7f318209a230>,22,18,[7 5],23,35,53,12,28
1,<environment.Job instance at 0x7f31820962d0>,30,17,[9 5],31,53,70,22,43
1,<environment.Job instance at 0x7f3181f501e0>,38,3,[4 6],39,70,73,31,66
1,<environment.Job instance at 0x7f3181f50870>,39,1,[5 5],40,73,74,33,66
1,<environment.Job instance at 0x7f3181f50cd0>,40,2,[7 5],41,74,76,33,66
1,<environment.Job instance at 0x7f3181f507d0>,41,14,[ 3 10],42,76,90,34,66
1,<environment.Job instance at 0x7f318209de10>,47,2,[3 8],48,90,92,42,87
1,<environment.Job instance at 0x7f318209d370>,48,3,[4 8],49,92,95,43,87
1,<environment.Job instance at 0x7f318209d9b0>,49,17,[5 7],50,95,112,45,87
1,<environment.Job instance at 0x7f318209dbe0>,50,12,[5 1],51,90,102,39,88
1,<environment.Job instance at 0x7f3136e5f690>,1,14,[ 1 10],2,2,16,0,2
1,<environment.Job instance at 0x7f3136eb5aa0>,3,14,[5 9],4,16,30,12,4
1,<environment.Job instance at 0x7f3136eb5140>,14,16,[5 6],15,30,46,15,17
1,<environment.Job instance at 0x7f3136eb57d0>,13,1,[4 8],14,46,47,32,19
1,<environment.Job instance at 0x7f3136eb5e10>,18,23,[1 9],19,47,70,28,45
1,<environment.Job instance at 0x7f3136ebe320>,22,15,[8 2],23,70,85,47,56
1,<environment.Job instance at 0x7f3136eb5fa0>,12,13,[2 5],13,70,83,57,64
1,<environment.Job instance at 0x7f3136ebe4b0>,28,19,[4 7],29,85,104,56,75
1,<environment.Job instance at 0x7f3136ebe640>,31,1,[ 5 10],32,104,105,72,87
1,<environment.Job instance at 0x7f3136ebec80>,32,2,[10  4],33,105,107,72,87
1,<environment.Job instance at 0x7f3136ec9b90>,42,12,[ 5 10],43,107,119,64,96
1,<environment.Job instance at 0x7f3136e0d5a0>,6,3,[4 5],7,7,10,0,7
1,<environment.Job instance at 0x7f3136e0d2d0>,7,16,[5 3],8,9,25,1,9
1,<environment.Job instance at 0x7f31373e4870>,8,14,[7 1],9,25,39,16,15
1,<environment.Job instance at 0x7f3136e0d960>,14,15,[2 6],15,21,36,6,21
1,<environment.Job instance at 0x7f3136e0da50>,19,18,[5 6],20,39,57,19,28
1,<environment.Job instance at 0x7f3136e0de10>,15,16,[7 5],16,57,73,41,47
1,<environment.Job instance at 0x7f3136eb5b90>,3,17,[7 4],4,73,90,69,63
1,<environment.Job instance at 0x7f313726db90>,38,3,[10  2],39,90,93,51,71
1,<environment.Job instance at 0x7f3136f4d730>,42,17,[5 9],43,93,110,50,85
1,<environment.Job instance at 0x7f3136f4dcd0>,46,13,[2 5],47,110,123,63,95
1,<environment.Job instance at 0x7f3182f589b0>,0,16,[8 5],1,2,18,1,2
1,<environment.Job instance at 0x7f31372086e0>,7,16,[7 4],8,18,34,10,8
1,<environment.Job instance at 0x7f3137208b90>,11,16,[4 5],12,34,50,22,22
1,<environment.Job instance at 0x7f3137208910>,15,14,[6 1],16,34,48,18,32
1,<environment.Job instance at 0x7f3137208aa0>,20,12,[10  5],21,50,62,29,43
1,<environment.Job instance at 0x7f3137220320>,22,16,[6 4],23,62,78,39,50
1,<environment.Job instance at 0x7f3137204280>,36,14,[9 4],37,78,92,41,68
1,<environment.Job instance at 0x7f3137204870>,43,13,[ 4 10],44,92,105,48,82
1,<environment.Job instance at 0x7f3181426500>,0,1,[4 8],1,1,2,0,1
1,<environment.Job instance at 0x7f31810d4870>,3,16,[6 5],4,4,20,0,4
1,<environment.Job instance at 0x7f3180cac2d0>,11,15,[8 1],12,20,35,8,15
1,<environment.Job instance at 0x7f3180cac3c0>,13,2,[5 9],14,35,37,21,15
1,<environment.Job instance at 0x7f3180cacd70>,15,3,[4 6],16,37,40,21,17
1,<environment.Job instance at 0x7f3180cac730>,9,18,[5 8],10,40,58,30,35
1,<environment.Job instance at 0x7f31371c0aa0>,28,15,[2 8],29,58,73,29,44
1,<environment.Job instance at 0x7f31371c0640>,32,17,[8 1],33,58,75,25,54
1,<environment.Job instance at 0x7f31371c0910>,35,18,[4 6],36,75,93,39,64
1,<environment.Job instance at 0x7f313722ef50>,41,12,[1 6],42,93,105,51,81
1,<environment.Job instance at 0x7f313722efa0>,40,22,[7 1],41,93,115,52,88
1,<environment.Job instance at 0x7f313722ec80>,48,16,[1 7],49,105,121,56,99
1,<environment.Job instance at 0x7f3181396dc0>,2,14,[5 1],3,3,17,0,3
1,<environment.Job instance at 0x7f31810f6960>,3,24,[2 6],4,5,29,1,5
1,<environment.Job instance at 0x7f31810985a0>,17,15,[6 1],18,18,33,0,18
1,<environment.Job instance at 0x7f318127bdc0>,21,14,[3 6],22,29,43,7,22
1,<environment.Job instance at 0x7f3136fa8e60>,14,18,[6 2],15,33,51,18,25
1,<environment.Job instance at 0x7f318139cc80>,27,15,[9 1],28,51,66,23,45
1,<environment.Job instance at 0x7f3136fa8c30>,12,18,[6 2],13,66,84,53,60
1,<environment.Job instance at 0x7f3182175640>,30,13,[5 4],31,84,97,53,77
1,<environment.Job instance at 0x7f31373b1140>,41,18,[4 9],42,97,115,55,86
1,<environment.Job instance at 0x7f3180e3db90>,0,2,[2 7],1,1,3,0,1
1,<environment.Job instance at 0x7f3180e3d370>,3,18,[6 4],4,4,22,0,4
1,<environment.Job instance at 0x7f3136f414b0>,15,21,[9 5],16,22,43,6,16
1,<environment.Job instance at 0x7f3136f41320>,14,1,[6 4],15,43,44,28,18
1,<environment.Job instance at 0x7f3136f41aa0>,20,12,[2 5],21,43,55,22,26
1,<environment.Job instance at 0x7f3136f35280>,28,12,[7 5],29,44,56,15,38
1,<environment.Job instance at 0x7f3136f35870>,33,12,[9 3],34,56,68,22,42
1,<environment.Job instance at 0x7f3136f356e0>,35,14,[5 2],36,68,82,32,53
1,<environment.Job instance at 0x7f3136f35a00>,37,17,[2 6],38,68,85,30,56
1,<environment.Job instance at 0x7f3136f59230>,42,12,[8 3],43,82,94,39,65
1,<environment.Job instance at 0x7f3136f2cb90>,10,13,[5 8],11,94,107,83,80
1,<environment.Job instance at 0x7f3136f59730>,47,1,[5 6],48,107,108,59,81
1,<environment.Job instance at 0x7f318125d910>,0,15,[3 8],1,1,16,0,1
1,<environment.Job instance at 0x7f318152aeb0>,18,15,[5 5],19,25,40,6,25
1,<environment.Job instance at 0x7f318152a9b0>,21,18,[5 9],22,40,58,18,38
1,<environment.Job instance at 0x7f3137334aa0>,30,18,[2 7],31,58,76,27,47
1,<environment.Job instance at 0x7f3136c83b40>,34,23,[4 5],35,76,99,41,71
1,<environment.Job instance at 0x7f31811d2370>,46,26,[8 5],47,99,125,52,96
1,<environment.Job instance at 0x7f3181111a00>,1,1,[3 5],2,2,3,0,2
1,<environment.Job instance at 0x7f31811119b0>,2,3,[7 4],3,3,6,0,3
1,<environment.Job instance at 0x7f31811113c0>,3,15,[4 8],4,6,21,2,4
1,<environment.Job instance at 0x7f31811117d0>,8,13,[5 5],9,21,34,12,9
1,<environment.Job instance at 0x7f3180c43910>,14,2,[7 1],15,34,36,19,18
1,<environment.Job instance at 0x7f3180c43f00>,15,3,[2 6],16,34,37,18,19
1,<environment.Job instance at 0x7f3136f398c0>,11,18,[8 1],12,36,54,24,25
1,<environment.Job instance at 0x7f3180e66e10>,21,15,[2 7],22,37,52,15,26
1,<environment.Job instance at 0x7f3180c1d820>,26,17,[7 3],27,54,71,27,43
1,<environment.Job instance at 0x7f3137380c80>,30,13,[1 9],31,71,84,40,55
1,<environment.Job instance at 0x7f3137380d70>,38,1,[1 9],39,84,85,45,84
1,<environment.Job instance at 0x7f31811bafa0>,39,1,[3 6],40,85,86,45,84
1,<environment.Job instance at 0x7f3137380190>,36,12,[9 5],37,86,98,49,84
1,<environment.Job instance at 0x7f318104fcd0>,42,12,[5 2],43,98,110,55,85
1,<environment.Job instance at 0x7f318104f140>,45,3,[5 3],46,98,101,52,91
1,<environment.Job instance at 0x7f318104fe10>,41,18,[7 2],42,110,128,68,99
1,<environment.Job instance at 0x7f3181b26500>,3,18,[5 5],4,4,22,0,4
1,<environment.Job instance at 0x7f3180e417d0>,10,27,[5 4],11,11,38,0,11
1,<environment.Job instance at 0x7f3180e41aa0>,14,16,[2 5],15,22,38,7,20
1,<environment.Job instance at 0x7f3180e41af0>,17,3,[5 6],18,38,41,20,20
1,<environment.Job instance at 0x7f3180e4a230>,20,3,[10  2],21,41,44,20,28
1,<environment.Job instance at 0x7f3180e4a140>,21,1,[2 8],22,44,45,22,28
1,<environment.Job instance at 0x7f3180e4a1e0>,22,14,[3 8],23,45,59,22,30
1,<environment.Job instance at 0x7f3180e4a8c0>,28,15,[3 9],29,59,74,30,45
1,<environment.Job instance at 0x7f3180e4ac30>,33,19,[7 1],34,49,68,15,49
1,<environment.Job instance at 0x7f3180e41730>,9,13,[8 4],10,74,87,64,63
1,<environment.Job instance at 0x7f3180e4e320>,37,13,[5 1],38,87,100,49,77
1,<environment.Job instance at 0x7f3180e4e0a0>,39,13,[5 8],40,87,100,47,78
1,<environment.Job instance at 0x7f3180f59140>,2,17,[5 9],3,100,117,97,93
1,<environment.Job instance at 0x7f31811378c0>,0,14,[10  4],1,1,15,0,1
1,<environment.Job instance at 0x7f3181137f00>,9,18,[8 2],10,15,33,5,15
1,<environment.Job instance at 0x7f3136cb6c30>,15,18,[9 1],16,33,51,17,33
1,<environment.Job instance at 0x7f3180c09050>,35,15,[9 4],36,51,66,15,41
1,<environment.Job instance at 0x7f3180c092d0>,34,17,[5 4],35,66,83,31,56
1,<environment.Job instance at 0x7f3180c09280>,40,15,[4 8],41,83,98,42,73
1,<environment.Job instance at 0x7f313701c6e0>,52,18,[ 2 10],53,98,116,45,87
1,<environment.Job instance at 0x7f31373362d0>,4,15,[3 8],5,5,20,0,5
1,<environment.Job instance at 0x7f31370e3d70>,1,16,[2 7],2,20,36,18,9
1,<environment.Job instance at 0x7f3180baea50>,13,18,[8 1],14,22,40,8,22
1,<environment.Job instance at 0x7f3180bae1e0>,14,13,[4 6],15,40,53,25,26
1,<environment.Job instance at 0x7f3180baeb90>,18,17,[10  4],19,53,70,34,48
1,<environment.Job instance at 0x7f3137143aa0>,37,15,[6 4],38,70,85,32,59
1,<environment.Job instance at 0x7f3137143f50>,36,12,[4 7],37,85,97,48,71
1,<environment.Job instance at 0x7f3137143be0>,42,3,[5 9],43,97,100,54,80
1,<environment.Job instance at 0x7f3137143190>,43,18,[9 2],44,100,118,56,89
1,<environment.Job instance at 0x7f3137239960>,1,17,[7 2],2,2,19,0,2
1,<environment.Job instance at 0x7f3181424370>,14,18,[8 2],15,19,37,4,18
1,<environment.Job instance at 0x7f3181424050>,18,17,[3 5],19,37,54,18,25
1,<environment.Job instance at 0x7f318101b640>,27,1,[8 2],28,54,55,26,42
1,<environment.Job instance at 0x7f31372140f0>,30,2,[8 2],31,55,57,24,45
1,<environment.Job instance at 0x7f318141faf0>,19,13,[4 7],20,57,70,37,46
1,<environment.Job instance at 0x7f31370b3af0>,39,2,[10  1],40,70,72,30,59
1,<environment.Job instance at 0x7f3181b38870>,40,3,[8 2],41,72,75,31,59
1,<environment.Job instance at 0x7f31370cd410>,42,14,[ 1 10],43,75,89,32,62
1,<environment.Job instance at 0x7f318140e2d0>,32,1,[4 6],33,89,90,56,70
1,<environment.Job instance at 0x7f3181587230>,47,15,[ 3 10],48,90,105,42,76
1,<environment.Job instance at 0x7f318141feb0>,21,15,[10  5],22,105,120,83,93
1,<environment.Job instance at 0x7f31818a6b90>,0,2,[6 3],1,1,3,0,1
1,<environment.Job instance at 0x7f31818a6f50>,1,26,[7 2],2,4,30,2,4
1,<environment.Job instance at 0x7f31819505f0>,31,15,[10  1],32,45,60,13,45
1,<environment.Job instance at 0x7f3181950640>,26,17,[2 7],27,60,77,33,54
1,<environment.Job instance at 0x7f3180cb05f0>,9,14,[8 2],10,60,74,50,57
1,<environment.Job instance at 0x7f31819bb5a0>,47,17,[3 7],48,90,107,42,90
1,<environment.Job instance at 0x7f31819bb9b0>,48,16,[8 5],49,107,123,58,96
1,<environment.Job instance at 0x7f3137109a00>,0,14,[5 7],1,1,15,0,1
1,<environment.Job instance at 0x7f31816dad20>,5,2,[4 6],6,15,17,9,10
1,<environment.Job instance at 0x7f3136b19fa0>,10,15,[9 2],11,17,32,6,11
1,<environment.Job instance at 0x7f3136b19640>,15,12,[9 2],16,32,44,16,18
1,<environment.Job instance at 0x7f3136aad820>,17,27,[1 8],18,27,54,9,27
1,<environment.Job instance at 0x7f3136aad5a0>,23,14,[4 6],24,54,68,30,39
1,<environment.Job instance at 0x7f3136afcbe0>,30,26,[2 8],31,69,95,38,69
1,<environment.Job instance at 0x7f3136aa4e60>,38,12,[9 4],39,95,107,56,79
1,<environment.Job instance at 0x7f3136aa4c80>,41,14,[9 4],42,107,121,65,95
1,<environment.Job instance at 0x7f3180debeb0>,0,1,[5 1],1,1,2,0,1
1,<environment.Job instance at 0x7f31374338c0>,2,15,[ 1 10],3,5,20,2,5
1,<environment.Job instance at 0x7f3181589a50>,5,18,[10  4],6,20,38,14,9
1,<environment.Job instance at 0x7f31815561e0>,12,12,[4 6],13,38,50,25,25
1,<environment.Job instance at 0x7f31815560f0>,21,13,[ 5 10],22,50,63,28,39
1,<environment.Job instance at 0x7f318155f0a0>,11,17,[8 2],12,63,80,51,51
1,<environment.Job instance at 0x7f31818bdb90>,29,1,[5 6],30,80,81,50,73
1,<environment.Job instance at 0x7f31818bdaa0>,33,13,[4 6],34,81,94,47,73
1,<environment.Job instance at 0x7f31818bd960>,32,12,[3 7],33,94,106,61,79
1,<environment.Job instance at 0x7f3180eb7c80>,39,16,[6 3],40,85,101,45,85
1,<environment.Job instance at 0x7f3180eb3280>,35,13,[ 5 10],36,106,119,70,96
1,<environment.Job instance at 0x7f3180e88d70>,1,3,[4 9],2,2,5,0,2
1,<environment.Job instance at 0x7f3136b19c80>,2,3,[1 8],3,5,8,2,3
1,<environment.Job instance at 0x7f3181493370>,7,16,[2 6],8,8,24,0,8
1,<environment.Job instance at 0x7f3181493230>,8,17,[7 4],9,15,32,6,15
1,<environment.Job instance at 0x7f31810c59b0>,13,18,[3 7],14,32,50,18,24
1,<environment.Job instance at 0x7f3181650320>,18,17,[2 5],19,50,67,31,39
1,<environment.Job instance at 0x7f31814ab5f0>,28,22,[10  5],29,67,89,38,62
1,<environment.Job instance at 0x7f3136e0caf0>,36,2,[5 5],37,89,91,52,70
1,<environment.Job instance at 0x7f3136e0c910>,37,14,[4 5],38,89,103,51,74
1,<environment.Job instance at 0x7f3181a60780>,44,17,[6 3],45,99,116,54,99
1,<environment.Job instance at 0x7f3181a60370>,1,2,[8 3],2,2,4,0,2
1,<environment.Job instance at 0x7f3180eda140>,2,13,[3 9],3,4,17,1,3
1,<environment.Job instance at 0x7f3181356a00>,11,16,[5 4],12,17,33,5,13
1,<environment.Job instance at 0x7f31813562d0>,19,13,[3 8],20,33,46,13,20
1,<environment.Job instance at 0x7f3181a60a50>,8,1,[2 8],9,46,47,37,31
1,<environment.Job instance at 0x7f31810f90a0>,27,3,[5 5],28,47,50,19,31
1,<environment.Job instance at 0x7f31810f9d20>,26,16,[5 6],27,50,66,23,37
1,<environment.Job instance at 0x7f3181b20a50>,34,18,[ 3 10],35,66,84,31,55
1,<environment.Job instance at 0x7f31812dc730>,41,13,[6 3],42,84,97,42,72
1,<environment.Job instance at 0x7f31812dcd20>,46,18,[1 8],47,97,115,50,87
1,<environment.Job instance at 0x7f318187d190>,0,16,[6 4],1,1,17,0,1
1,<environment.Job instance at 0x7f31818be9b0>,4,3,[3 8],5,17,20,12,5
1,<environment.Job instance at 0x7f3136b0aa50>,15,12,[5 7],16,20,32,4,16
1,<environment.Job instance at 0x7f31811b4500>,20,17,[10  5],21,32,49,11,21
1,<environment.Job instance at 0x7f31371dc320>,23,14,[8 3],24,49,63,25,34
1,<environment.Job instance at 0x7f31818574b0>,32,18,[3 6],33,63,81,30,52
1,<environment.Job instance at 0x7f31818675a0>,38,18,[2 8],39,81,99,42,70
1,<environment.Job instance at 0x7f3181867dc0>,42,17,[5 3],43,99,116,56,87
1,<environment.Job instance at 0x7f31818f8af0>,45,14,[1 5],46,99,113,53,98
1,<environment.Job instance at 0x7f2d720180f0>,1,3,[ 2 10],2,2,5,0,2
1,<environment.Job instance at 0x7f2d70eb9280>,3,22,[2 5],4,5,27,1,4
1,<environment.Job instance at 0x7f2d7209f690>,5,2,[1 6],6,27,29,21,7
1,<environment.Job instance at 0x7f2d70eb9500>,7,14,[7 5],8,8,22,0,8
1,<environment.Job instance at 0x7f2d70eb9820>,9,12,[8 2],10,22,34,12,13
1,<environment.Job instance at 0x7f2d70eb9f00>,18,26,[7 4],19,34,60,15,31
1,<environment.Job instance at 0x7f2d70ebb730>,26,12,[8 5],27,60,72,33,44
1,<environment.Job instance at 0x7f2d70ebb910>,29,2,[4 7],30,72,74,42,59
1,<environment.Job instance at 0x7f2d70ebb1e0>,21,18,[9 4],22,74,92,52,66
1,<environment.Job instance at 0x7f2d70ebbeb0>,35,16,[1 9],36,92,108,56,81
1,<environment.Job instance at 0x7f2d70eb9be0>,14,21,[8 1],15,92,113,77,84
1,<environment.Job instance at 0x7f2d70ec0730>,43,12,[4 5],44,113,125,69,101
1,<environment.Job instance at 0x7f2d7218e730>,5,2,[1 6],6,6,8,0,6
1,<environment.Job instance at 0x7f2d7218edc0>,6,12,[8 4],7,7,19,0,7
1,<environment.Job instance at 0x7f2d7218c230>,19,13,[5 5],20,21,34,1,21
1,<environment.Job instance at 0x7f2d72189f00>,20,17,[9 5],21,34,51,13,22
1,<environment.Job instance at 0x7f2d7203fa00>,27,28,[ 2 10],28,51,79,23,50
1,<environment.Job instance at 0x7f2d72193410>,39,17,[5 7],40,79,96,39,67
1,<environment.Job instance at 0x7f2d72187410>,1,17,[6 4],2,96,113,94,87
1,<environment.Job instance at 0x7f2d70e8ce10>,49,2,[ 4 10],50,113,115,63,99
1,<environment.Job instance at 0x7f2d70da3320>,51,12,[5 4],52,115,127,63,106
1,<environment.Job instance at 0x7f2d26fad230>,2,15,[8 2],3,5,20,2,5
1,<environment.Job instance at 0x7f2d26fad8c0>,7,12,[4 8],8,20,32,12,10
1,<environment.Job instance at 0x7f2d26fad3c0>,9,13,[4 5],10,32,45,22,16
1,<environment.Job instance at 0x7f2d26fadf50>,15,18,[5 4],16,32,50,16,32
1,<environment.Job instance at 0x7f2d2700abe0>,20,13,[5 9],21,50,63,29,36
1,<environment.Job instance at 0x7f2d2700aeb0>,23,13,[9 2],24,63,76,39,48
1,<environment.Job instance at 0x7f2d2700aa00>,30,13,[3 5],31,76,89,45,63
1,<environment.Job instance at 0x7f2d26fad190>,6,2,[10  2],7,89,91,82,63
1,<environment.Job instance at 0x7f2d26fbe280>,36,1,[2 6],37,91,92,54,68
1,<environment.Job instance at 0x7f2d26fbe780>,40,2,[4 5],41,76,78,35,71
1,<environment.Job instance at 0x7f2d26fad0a0>,4,15,[8 5],5,92,107,87,79
1,<environment.Job instance at 0x7f2d26fbeaf0>,42,1,[1 5],43,81,82,38,81
1,<environment.Job instance at 0x7f2d26fbe550>,44,3,[5 4],45,83,86,38,83
1,<environment.Job instance at 0x7f2d26fbed20>,46,15,[6 5],47,107,122,60,93
1,<environment.Job instance at 0x7f2d27004370>,1,2,[2 9],2,2,4,0,2
1,<environment.Job instance at 0x7f2d272cd190>,2,20,[4 9],3,4,24,1,3
1,<environment.Job instance at 0x7f2d273f5280>,12,17,[5 9],13,24,41,11,13
1,<environment.Job instance at 0x7f2d273bf8c0>,22,1,[ 4 10],23,41,42,18,33
1,<environment.Job instance at 0x7f2d273dbf50>,28,12,[6 4],29,42,54,13,41
1,<environment.Job instance at 0x7f2d272bffa0>,35,13,[9 1],36,54,67,18,46
1,<environment.Job instance at 0x7f2d272bfdc0>,38,16,[5 2],39,67,83,28,55
1,<environment.Job instance at 0x7f2d2753d7d0>,45,15,[1 5],46,63,78,17,63
1,<environment.Job instance at 0x7f2d2753d730>,41,18,[5 8],42,78,96,36,67
1,<environment.Job instance at 0x7f2d272cb910>,51,15,[5 7],52,96,111,44,82
1,<environment.Job instance at 0x7f2d272cb4b0>,52,17,[8 2],53,111,128,58,102
1,<environment.Job instance at 0x7f2d272cef00>,61,13,[1 7],62,111,124,49,107
1,<environment.Job instance at 0x7f2d2738ce60>,62,1,[10  4],63,128,129,65,107
1,<environment.Job instance at 0x7f2d70f84550>,0,25,[6 4],1,4,29,3,4
1,<environment.Job instance at 0x7f2d273076e0>,17,13,[3 7],18,29,42,11,23
1,<environment.Job instance at 0x7f2d27307730>,18,15,[2 9],19,42,57,23,29
1,<environment.Job instance at 0x7f2d27307a50>,24,3,[2 8],25,57,60,32,31
1,<environment.Job instance at 0x7f2d27307cd0>,23,15,[6 4],24,60,75,36,49
1,<environment.Job instance at 0x7f2d27305410>,33,12,[2 7],34,75,87,41,60
1,<environment.Job instance at 0x7f2d273059b0>,40,13,[5 5],41,87,100,46,80
1,<environment.Job instance at 0x7f2d27305910>,39,2,[1 9],40,100,102,60,87
1,<environment.Job instance at 0x7f2d273054b0>,34,22,[7 3],35,102,124,67,95
1,<environment.Job instance at 0x7f2d272f48c0>,1,12,[2 6],2,2,14,0,2
1,<environment.Job instance at 0x7f2d7162b910>,3,17,[4 7],4,14,31,10,5
1,<environment.Job instance at 0x7f2d71861b40>,15,18,[4 9],16,31,49,15,20
1,<environment.Job instance at 0x7f2d70d94dc0>,31,27,[7 1],32,57,84,25,57
1,<environment.Job instance at 0x7f2d70d94c80>,36,15,[10  2],37,84,99,47,70
1,<environment.Job instance at 0x7f2d70d6a8c0>,39,13,[4 7],40,99,112,59,83
1,<environment.Job instance at 0x7f2d70d6a9b0>,46,12,[6 4],47,112,124,65,102
1,<environment.Job instance at 0x7f2d26f62f00>,0,12,[2 9],1,1,13,0,1
1,<environment.Job instance at 0x7f2d7154aeb0>,2,16,[5 4],3,13,29,10,4
1,<environment.Job instance at 0x7f2d71a1a4b0>,7,14,[7 2],8,29,43,21,14
1,<environment.Job instance at 0x7f2d70c7fb40>,14,17,[3 5],15,15,32,0,15
1,<environment.Job instance at 0x7f2d70c2d4b0>,11,17,[ 4 10],12,43,60,31,33
1,<environment.Job instance at 0x7f2d71365780>,21,13,[2 5],22,60,73,38,48
1,<environment.Job instance at 0x7f2d712c7c30>,24,18,[6 4],25,60,78,35,52
1,<environment.Job instance at 0x7f2d274d3c80>,26,12,[1 7],27,78,90,51,63
1,<environment.Job instance at 0x7f2d26f0e730>,42,1,[5 9],43,90,91,47,75
1,<environment.Job instance at 0x7f2d71617050>,27,17,[8 4],28,91,108,63,79
1,<environment.Job instance at 0x7f2d26f0e050>,39,12,[5 2],40,108,120,68,92
1,<environment.Job instance at 0x7f2d70c21050>,57,14,[1 9],58,120,134,62,108
1,<environment.Job instance at 0x7f2d70c21820>,1,2,[ 2 10],2,2,4,0,2
1,<environment.Job instance at 0x7f2d712fe190>,4,12,[3 7],5,5,17,0,5
1,<environment.Job instance at 0x7f2d712fe280>,5,12,[3 7],6,17,29,11,6
1,<environment.Job instance at 0x7f2d712fe690>,11,14,[1 7],12,29,43,17,19
1,<environment.Job instance at 0x7f2d712fe5f0>,10,18,[1 7],11,43,61,32,32
1,<environment.Job instance at 0x7f2d713212d0>,24,13,[7 3],25,44,57,19,44
1,<environment.Job instance at 0x7f2d712fef50>,21,21,[5 5],22,66,87,44,66
1,<environment.Job instance at 0x7f2d71321690>,30,15,[3 8],31,87,102,56,79
1,<environment.Job instance at 0x7f2d7131d370>,43,24,[3 5],44,102,126,58,100
1,<environment.Job instance at 0x7f2d7131d690>,1,2,[2 6],2,2,4,0,2
1,<environment.Job instance at 0x7f2d272b4730>,3,16,[6 3],4,4,20,0,4
1,<environment.Job instance at 0x7f2d716bcdc0>,12,25,[7 5],13,20,45,7,19
1,<environment.Job instance at 0x7f2d272b4a50>,6,2,[2 8],7,45,47,38,27
1,<environment.Job instance at 0x7f2d716a59b0>,26,18,[5 8],27,47,65,20,36
1,<environment.Job instance at 0x7f2d271dc410>,30,14,[6 3],31,65,79,34,51
1,<environment.Job instance at 0x7f2d7131d3c0>,5,13,[4 7],6,65,78,59,56
1,<environment.Job instance at 0x7f2d26fdfaf0>,34,2,[7 1],35,79,81,44,67
1,<environment.Job instance at 0x7f2d716a5aa0>,27,13,[5 8],28,81,94,53,78
1,<environment.Job instance at 0x7f2d716c9550>,40,13,[3 8],41,94,107,53,86
1,<environment.Job instance at 0x7f2d26f88b40>,43,16,[5 2],44,92,108,48,92
1,<environment.Job instance at 0x7f2d26f88c80>,45,13,[10  5],46,108,121,62,96
1,<environment.Job instance at 0x7f2d26f886e0>,48,13,[8 3],49,121,134,72,108
1,<environment.Job instance at 0x7f2d272a8280>,4,18,[6 3],5,6,24,1,6
1,<environment.Job instance at 0x7f2d7148e410>,9,15,[4 7],10,14,29,4,14
1,<environment.Job instance at 0x7f2d7148e690>,12,17,[5 9],13,29,46,16,17
1,<environment.Job instance at 0x7f2d71f1ab40>,16,17,[1 6],17,46,63,29,34
1,<environment.Job instance at 0x7f2d71f1a1e0>,20,27,[5 4],21,49,76,28,49
1,<environment.Job instance at 0x7f2d272a80a0>,2,18,[5 3],3,63,81,60,59
1,<environment.Job instance at 0x7f2d272a6a50>,24,16,[2 5],25,76,92,51,68
1,<environment.Job instance at 0x7f2d70e546e0>,22,1,[4 8],23,92,93,69,71
1,<environment.Job instance at 0x7f2d70c60370>,25,13,[ 5 10],26,93,106,67,77
1,<environment.Job instance at 0x7f2d7136ab40>,26,3,[3 9],27,106,109,79,84
1,<environment.Job instance at 0x7f2d70fee0f0>,31,1,[2 8],32,109,110,77,84
1,<environment.Job instance at 0x7f2d70fee7d0>,35,2,[7 1],36,86,88,50,86
1,<environment.Job instance at 0x7f2d71b7fb90>,40,13,[7 1],41,106,119,65,96
1,<environment.Job instance at 0x7f2d71b7f640>,42,1,[7 1],43,119,120,76,100
1,<environment.Job instance at 0x7f2d71b7ffa0>,44,15,[10  1],45,120,135,75,108
1,<environment.Job instance at 0x7f2d71109e10>,1,15,[7 2],2,2,17,0,2
1,<environment.Job instance at 0x7f2d26d7b3c0>,16,3,[4 7],17,17,20,0,17
1,<environment.Job instance at 0x7f2d26e57a00>,10,18,[2 8],11,20,38,9,17
1,<environment.Job instance at 0x7f2d26d7b230>,15,18,[9 1],16,38,56,22,27
1,<environment.Job instance at 0x7f2d26d82820>,31,12,[ 1 10],32,56,68,24,39
1,<environment.Job instance at 0x7f2d26d82a00>,35,15,[9 4],36,68,83,32,54
1,<environment.Job instance at 0x7f2d26d76410>,45,15,[9 1],46,83,98,37,71
1,<environment.Job instance at 0x7f2d26d76910>,53,14,[4 9],54,98,112,44,84
1,<environment.Job instance at 0x7f2d70e5da00>,2,18,[4 5],3,3,21,0,3
1,<environment.Job instance at 0x7f2d70f68fa0>,8,17,[10  4],9,21,38,12,10
1,<environment.Job instance at 0x7f2d712ba190>,23,17,[10  3],24,38,55,14,26
1,<environment.Job instance at 0x7f2d712ba960>,27,15,[6 4],28,55,70,27,42
1,<environment.Job instance at 0x7f2d70e5d820>,4,13,[4 6],5,55,68,50,45
1,<environment.Job instance at 0x7f2d26dd2870>,31,17,[ 2 10],32,70,87,38,58
1,<environment.Job instance at 0x7f2d71962550>,36,1,[3 9],37,87,88,50,72
1,<environment.Job instance at 0x7f2d71962410>,38,3,[1 9],39,88,91,49,75
1,<environment.Job instance at 0x7f2d71962fa0>,39,15,[6 5],40,91,106,51,77
1,<environment.Job instance at 0x7f2d70f68230>,6,13,[5 6],7,106,119,99,90
1,<environment.Job instance at 0x7f2d26dd2e10>,33,18,[9 2],34,119,137,85,109
1,<environment.Job instance at 0x7f2d70ddd280>,0,14,[6 3],1,1,15,0,1
1,<environment.Job instance at 0x7f2d2721cbe0>,13,18,[ 3 10],14,21,39,7,21
1,<environment.Job instance at 0x7f2d70f7efa0>,25,15,[10  1],26,39,54,13,27
1,<environment.Job instance at 0x7f2d2721ce60>,15,3,[7 3],16,54,57,38,28
1,<environment.Job instance at 0x7f2d71541f00>,31,17,[5 6],32,57,74,25,45
1,<environment.Job instance at 0x7f2d71541960>,35,12,[7 2],36,74,86,38,62
1,<environment.Job instance at 0x7f2d71541af0>,40,2,[4 9],41,86,88,45,77
1,<environment.Job instance at 0x7f2d71660870>,41,18,[4 6],42,88,106,46,77
1,<environment.Job instance at 0x7f2d716604b0>,43,17,[6 1],44,86,103,42,78
1,<environment.Job instance at 0x7f2d274030f0>,48,15,[8 2],49,106,121,57,92
1,<environment.Job instance at 0x7f2d70dd5af0>,1,15,[10  1],2,2,17,0,2
1,<environment.Job instance at 0x7f2d272cd320>,13,18,[6 1],14,17,35,3,16
1,<environment.Job instance at 0x7f2d716b9140>,15,15,[4 9],16,20,35,4,20
1,<environment.Job instance at 0x7f2d272cfd20>,17,17,[3 7],18,35,52,17,23
1,<environment.Job instance at 0x7f2d272cffa0>,19,16,[5 1],20,38,54,18,38
1,<environment.Job instance at 0x7f2d711ee820>,30,13,[5 8],31,52,65,21,44
1,<environment.Job instance at 0x7f2d711ee7d0>,32,15,[ 5 10],33,65,80,32,52
1,<environment.Job instance at 0x7f2d27225910>,36,22,[3 8],37,80,102,43,76
1,<environment.Job instance at 0x7f2d71655730>,51,12,[ 4 10],52,102,114,50,88
1,<environment.Job instance at 0x7f2d716555f0>,53,14,[ 1 10],54,114,128,60,99
1,<environment.Job instance at 0x7f2d26dd2230>,1,14,[9 4],2,3,17,1,3
1,<environment.Job instance at 0x7f2d26e65050>,14,1,[8 3],15,19,20,4,19
1,<environment.Job instance at 0x7f2d275a89b0>,10,14,[6 3],11,20,34,9,19
1,<environment.Job instance at 0x7f2d26e650a0>,15,13,[10  4],16,34,47,18,20
1,<environment.Job instance at 0x7f2d7189e690>,12,16,[6 1],13,47,63,34,36
1,<environment.Job instance at 0x7f2d71ba9d20>,27,15,[2 5],28,53,68,25,53
1,<environment.Job instance at 0x7f2d26ea9500>,32,2,[7 4],33,63,65,30,53
1,<environment.Job instance at 0x7f2d26ea9820>,33,18,[8 3],34,65,83,31,55
1,<environment.Job instance at 0x7f2d711665a0>,22,13,[ 4 10],23,83,96,60,70
1,<environment.Job instance at 0x7f2d716b6500>,26,14,[9 1],27,96,110,69,83
1,<environment.Job instance at 0x7f2d2734d9b0>,47,17,[8 3],48,110,127,62,98
1,<environment.Job instance at 0x7f2d71876c30>,0,3,[1 5],1,1,4,0,1
1,<environment.Job instance at 0x7f2d271e6370>,4,16,[7 2],5,18,34,13,18
1,<environment.Job instance at 0x7f2d271e56e0>,17,16,[10  4],18,34,50,16,24
1,<environment.Job instance at 0x7f2d271e54b0>,21,3,[5 9],22,50,53,28,38
1,<environment.Job instance at 0x7f2d271e57d0>,19,17,[4 5],20,53,70,33,46
1,<environment.Job instance at 0x7f2d271e6500>,13,28,[6 1],14,53,81,39,52
1,<environment.Job instance at 0x7f2d71245dc0>,38,3,[1 7],39,80,83,41,80
1,<environment.Job instance at 0x7f2d71245460>,39,14,[3 7],40,83,97,43,81
1,<environment.Job instance at 0x7f2d271e51e0>,30,18,[7 1],31,84,102,53,84
1,<environment.Job instance at 0x7f2d71245a50>,41,14,[9 4],42,102,116,60,89
1,<environment.Job instance at 0x7f2d71245140>,40,17,[9 5],41,116,133,75,105
1,<environment.Job instance at 0x7f2d712458c0>,2,17,[9 5],3,3,20,0,3
1,<environment.Job instance at 0x7f2d26ea2280>,11,2,[7 1],12,20,22,8,12
1,<environment.Job instance at 0x7f2d26ea2410>,13,18,[10  5],14,22,40,8,15
1,<environment.Job instance at 0x7f2d26ea4460>,22,2,[6 2],23,40,42,17,33
1,<environment.Job instance at 0x7f2d26eb7230>,23,2,[ 5 10],24,42,44,18,33
1,<environment.Job instance at 0x7f2d26ea4280>,24,13,[3 6],25,44,57,19,34
1,<environment.Job instance at 0x7f2d26eb7140>,25,17,[4 6],26,57,74,31,45
1,<environment.Job instance at 0x7f2d71876050>,1,14,[8 1],2,74,88,72,60
1,<environment.Job instance at 0x7f2d711fc910>,35,17,[2 7],36,74,91,38,62
1,<environment.Job instance at 0x7f2d271e5690>,42,13,[3 9],43,96,109,53,96
1,<environment.Job instance at 0x7f2d27368f00>,43,12,[5 8],44,109,121,65,97
1,<environment.Job instance at 0x7f2d27384280>,48,1,[2 8],49,121,122,72,103
1,<environment.Job instance at 0x7f2d27373230>,2,27,[8 4],3,7,34,4,7
1,<environment.Job instance at 0x7f2d716a7a50>,22,17,[4 5],23,34,51,11,33
1,<environment.Job instance at 0x7f2d70fcb3c0>,30,16,[6 4],31,46,62,15,46
1,<environment.Job instance at 0x7f2d70fcbaf0>,29,22,[3 7],30,62,84,32,62
1,<environment.Job instance at 0x7f2d2724b780>,39,2,[1 5],40,84,86,44,62
1,<environment.Job instance at 0x7f2d26e61cd0>,41,13,[6 3],42,66,79,24,66
1,<environment.Job instance at 0x7f2d2724be10>,36,20,[5 3],37,79,99,42,70
1,<environment.Job instance at 0x7f2d26d9a960>,46,16,[5 8],47,99,115,52,86
1,<environment.Job instance at 0x7f2d26e610a0>,42,18,[9 2],43,115,133,72,106
1,<environment.Job instance at 0x7f2d716b0820>,2,3,[2 8],3,4,7,1,4
1,<environment.Job instance at 0x7f2d26bd5fa0>,4,14,[ 1 10],5,7,21,2,6
1,<environment.Job instance at 0x7f2d272fc640>,11,15,[4 5],12,21,36,9,18
1,<environment.Job instance at 0x7f2d272fc3c0>,14,13,[6 3],15,21,34,6,18
1,<environment.Job instance at 0x7f2d26bd5dc0>,6,2,[5 9],7,36,38,29,18
1,<environment.Job instance at 0x7f2d272fcfa0>,12,16,[10  5],13,38,54,25,28
1,<environment.Job instance at 0x7f2d272fcbe0>,16,12,[3 9],17,54,66,37,39
1,<environment.Job instance at 0x7f2d719f83c0>,20,14,[3 9],21,66,80,45,51
1,<environment.Job instance at 0x7f2d272fc9b0>,9,12,[7 5],10,80,92,70,63
1,<environment.Job instance at 0x7f2d71282f00>,46,13,[7 5],47,92,105,45,77
1,<environment.Job instance at 0x7f2d714ef8c0>,54,17,[5 2],55,105,122,50,102
1,<environment.Job instance at 0x7f2d714ef1e0>,60,12,[3 8],61,105,117,44,104
1,<environment.Job instance at 0x7f2d714ef960>,61,2,[9 4],62,122,124,60,106
1,<environment.Job instance at 0x7f2d714ef6e0>,62,3,[10  3],63,124,127,61,107
1,<environment.Job instance at 0x7f2d70fdf5a0>,1,16,[5 9],2,2,18,0,2
1,<environment.Job instance at 0x7f2d70fdf4b0>,3,14,[2 7],4,18,32,14,5
1,<environment.Job instance at 0x7f2d70fdfe60>,4,12,[4 7],5,32,44,27,15
1,<environment.Job instance at 0x7f2d70d4cfa0>,16,15,[4 7],17,44,59,27,32
1,<environment.Job instance at 0x7f2d70d4c5f0>,15,18,[6 1],16,35,53,19,35
1,<environment.Job instance at 0x7f2d26ea20a0>,21,3,[8 5],22,59,62,37,37
1,<environment.Job instance at 0x7f2d70f2b1e0>,23,15,[7 2],24,62,77,38,51
1,<environment.Job instance at 0x7f2d26dddd20>,28,17,[3 6],29,62,79,33,62
1,<environment.Job instance at 0x7f2d710f8fa0>,32,15,[4 7],33,79,94,46,68
1,<environment.Job instance at 0x7f2d26b95690>,27,18,[6 1],28,80,98,52,80
1,<environment.Job instance at 0x7f2d70d4ceb0>,18,17,[9 3],19,98,115,79,86
1,<environment.Job instance at 0x7f2d7112a960>,44,14,[1 7],45,94,108,49,93
1,<environment.Job instance at 0x7f2d7112ab40>,49,13,[8 2],50,115,128,65,99
1,<environment.Job instance at 0x7f2d7112ac30>,47,17,[1 8],48,115,132,67,107
1,<environment.Job instance at 0x7f85e71540f0>,0,17,[6 1],1,1,18,0,1
1,<environment.Job instance at 0x7f85dbff4280>,3,22,[2 5],4,5,27,1,5
1,<environment.Job instance at 0x7f85dbff4cd0>,14,21,[8 1],15,18,39,3,17
1,<environment.Job instance at 0x7f85dbff4e60>,17,12,[5 1],18,39,51,21,24
1,<environment.Job instance at 0x7f85dbff4f50>,19,25,[5 9],20,39,64,19,37
1,<environment.Job instance at 0x7f85dbff4780>,13,18,[5 9],14,64,82,50,53
1,<environment.Job instance at 0x7f85dbff59b0>,27,17,[4 6],28,82,99,54,71
1,<environment.Job instance at 0x7f85dbff5d20>,35,16,[1 9],36,99,115,63,88
1,<environment.Job instance at 0x7f85dbffb7d0>,43,12,[4 5],44,115,127,71,102
1,<environment.Job instance at 0x7f85e72cf410>,8,1,[7 1],9,10,11,1,10
1,<environment.Job instance at 0x7f85e72cf2d0>,11,13,[3 8],12,12,25,0,12
1,<environment.Job instance at 0x7f85dbffba00>,4,1,[6 1],5,14,15,9,14
1,<environment.Job instance at 0x7f85e72cf9b0>,13,2,[ 5 10],14,25,27,11,16
1,<environment.Job instance at 0x7f85e72c3c80>,14,12,[5 4],15,27,39,12,16
1,<environment.Job instance at 0x7f85dbff5140>,1,3,[1 6],2,27,30,25,19
1,<environment.Job instance at 0x7f85e72c3b40>,15,15,[8 3],16,39,54,23,28
1,<environment.Job instance at 0x7f85e72c1410>,26,13,[10  5],27,54,67,27,42
1,<environment.Job instance at 0x7f85e717b1e0>,29,17,[5 7],30,67,84,37,55
1,<environment.Job instance at 0x7f85e717c460>,2,18,[7 5],3,84,102,81,77
1,<environment.Job instance at 0x7f85e72c7370>,47,3,[5 6],48,102,105,54,91
1,<environment.Job instance at 0x7f85e72c5820>,45,2,[5 6],46,105,107,59,92
1,<environment.Job instance at 0x7f85e72c78c0>,51,13,[5 7],52,107,120,55,97
1,<environment.Job instance at 0x7f85e72c7be0>,49,14,[ 5 10],50,120,134,70,110
1,<environment.Job instance at 0x7f85a0425be0>,0,13,[5 9],1,1,14,0,1
1,<environment.Job instance at 0x7f85a0244370>,10,13,[3 5],11,14,27,3,12
1,<environment.Job instance at 0x7f85a02447d0>,11,16,[5 8],12,27,43,15,18
1,<environment.Job instance at 0x7f85a02575a0>,4,13,[4 5],5,43,56,38,29
1,<environment.Job instance at 0x7f85a02e4640>,27,1,[4 6],28,56,57,28,32
1,<environment.Job instance at 0x7f85a0334550>,29,18,[5 2],30,40,58,10,40
1,<environment.Job instance at 0x7f85a0334640>,33,13,[8 3],34,58,71,24,43
1,<environment.Job instance at 0x7f85a03341e0>,36,17,[8 4],37,71,88,34,59
1,<environment.Job instance at 0x7f85a02f4410>,25,18,[ 1 10],26,88,106,62,77
1,<environment.Job instance at 0x7f85dbe47820>,51,3,[9 4],52,106,109,54,98
1,<environment.Job instance at 0x7f85dbd79e60>,21,17,[10  2],22,109,126,87,98
1,<environment.Job instance at 0x7f85dc89c140>,0,26,[8 3],1,5,31,4,5
1,<environment.Job instance at 0x7f85dcb1ccd0>,4,14,[3 8],5,31,45,26,16
1,<environment.Job instance at 0x7f85dc35a3c0>,19,18,[5 2],20,31,49,11,25
1,<environment.Job instance at 0x7f85dca7b820>,12,14,[2 8],13,45,59,32,31
1,<environment.Job instance at 0x7f85dc0530a0>,13,2,[10  2],14,59,61,45,39
1,<environment.Job instance at 0x7f85e7045a00>,11,18,[5 8],12,61,79,49,51
1,<environment.Job instance at 0x7f85a08bdfa0>,35,3,[8 3],36,79,82,43,68
1,<environment.Job instance at 0x7f85a08bd6e0>,36,16,[2 9],37,82,98,45,70
1,<environment.Job instance at 0x7f85a028c1e0>,27,2,[9 3],28,98,100,70,83
1,<environment.Job instance at 0x7f85a0284f50>,40,16,[8 5],41,100,116,59,87
1,<environment.Job instance at 0x7f85a08bd2d0>,34,18,[10  5],35,116,134,81,112
1,<environment.Job instance at 0x7f85e717e050>,0,13,[5 5],1,1,14,0,1
1,<environment.Job instance at 0x7f85dc43e0a0>,10,15,[2 5],11,12,27,1,12
1,<environment.Job instance at 0x7f85dbe70aa0>,15,17,[8 2],16,19,36,3,19
1,<environment.Job instance at 0x7f85dbf7c5a0>,17,16,[7 2],18,36,52,18,24
1,<environment.Job instance at 0x7f85dcad75f0>,16,16,[1 9],17,52,68,35,43
1,<environment.Job instance at 0x7f85dcac8280>,29,18,[5 8],30,68,86,38,57
1,<environment.Job instance at 0x7f85dcad18c0>,41,14,[9 2],42,86,100,44,85
1,<environment.Job instance at 0x7f85dcad1500>,42,26,[5 8],43,100,126,57,100
1,<environment.Job instance at 0x7f85dcb2b8c0>,2,14,[5 1],3,3,17,0,3
1,<environment.Job instance at 0x7f85dcb2bcd0>,3,24,[2 6],4,5,29,1,5
1,<environment.Job instance at 0x7f85dc481dc0>,10,14,[5 8],11,29,43,18,16
1,<environment.Job instance at 0x7f85dcb0d550>,23,1,[1 6],24,43,44,19,24
1,<environment.Job instance at 0x7f85dc0fc9b0>,25,16,[9 2],26,43,59,17,39
1,<environment.Job instance at 0x7f85dc47cb40>,14,18,[6 2],15,69,87,54,69
1,<environment.Job instance at 0x7f85dc47c5f0>,12,18,[6 2],13,87,105,74,86
1,<environment.Job instance at 0x7f85a08b9370>,39,17,[6 2],40,105,122,65,94
1,<environment.Job instance at 0x7f85dc0fc370>,30,13,[5 4],31,122,135,91,107
1,<environment.Job instance at 0x7f85dc3d7460>,0,12,[2 5],1,1,13,0,1
1,<environment.Job instance at 0x7f85dc368960>,1,16,[1 6],2,13,29,11,2
1,<environment.Job instance at 0x7f85dcb7d3c0>,11,2,[4 5],12,29,31,17,12
1,<environment.Job instance at 0x7f85dcb7dd20>,16,12,[6 4],17,17,29,0,17
1,<environment.Job instance at 0x7f85dcb87aa0>,14,12,[1 5],15,29,41,14,18
1,<environment.Job instance at 0x7f85dcbf1eb0>,18,17,[5 4],19,31,48,12,19
1,<environment.Job instance at 0x7f85a07580f0>,21,3,[5 4],22,41,44,19,23
1,<environment.Job instance at 0x7f85a0758280>,22,12,[8 3],23,48,60,25,31
1,<environment.Job instance at 0x7f85a05bef50>,8,12,[7 5],9,60,72,51,43
1,<environment.Job instance at 0x7f85dc650c30>,33,3,[ 1 10],34,72,75,38,56
1,<environment.Job instance at 0x7f85dc650f00>,36,17,[2 9],37,75,92,38,65
1,<environment.Job instance at 0x7f85dcba0d70>,39,14,[4 7],40,92,106,52,77
1,<environment.Job instance at 0x7f85dcba0960>,43,17,[6 1],44,92,109,48,92
1,<environment.Job instance at 0x7f85a07024b0>,49,18,[5 2],50,109,127,59,100
1,<environment.Job instance at 0x7f85dbea5a50>,57,16,[2 7],58,112,128,54,112
1,<environment.Job instance at 0x7f85dbea5910>,58,15,[6 2],59,127,142,68,113
1,<environment.Job instance at 0x7f85dbf92550>,0,1,[1 7],1,1,2,0,1
1,<environment.Job instance at 0x7f85dbea51e0>,2,2,[3 6],3,3,5,0,3
1,<environment.Job instance at 0x7f85dc6eb500>,4,18,[3 6],5,5,23,0,5
1,<environment.Job instance at 0x7f85dc9e0fa0>,7,2,[4 6],8,23,25,15,13
1,<environment.Job instance at 0x7f85dc6ebc80>,13,20,[5 3],14,14,34,0,14
1,<environment.Job instance at 0x7f85dc6eb9b0>,10,17,[5 8],11,34,51,23,23
1,<environment.Job instance at 0x7f85dc6c4be0>,26,13,[9 1],27,51,64,24,45
1,<environment.Job instance at 0x7f85dc6c4c80>,29,14,[5 1],30,77,91,47,77
1,<environment.Job instance at 0x7f85dc6c4d70>,30,20,[3 8],31,77,97,46,77
1,<environment.Job instance at 0x7f85dc6c45a0>,21,17,[2 9],22,97,114,75,88
1,<environment.Job instance at 0x7f85dc6b07d0>,43,16,[6 3],44,114,130,70,102
1,<environment.Job instance at 0x7f85dc6b0550>,45,13,[4 7],46,114,127,68,106
1,<environment.Job instance at 0x7f85dc6b0550>,2,3,[7 1],3,3,6,0,3
1,<environment.Job instance at 0x7f85a06a4aa0>,3,2,[7 5],4,6,8,2,4
1,<environment.Job instance at 0x7f85a06a4fa0>,4,13,[5 7],5,8,21,3,5
1,<environment.Job instance at 0x7f85a02d0690>,10,18,[6 4],11,21,39,10,11
1,<environment.Job instance at 0x7f85dbecd6e0>,14,2,[8 1],15,39,41,24,22
1,<environment.Job instance at 0x7f85dbecd460>,20,3,[9 1],21,41,44,20,26
1,<environment.Job instance at 0x7f85a094dc80>,12,15,[4 9],13,44,59,31,34
1,<environment.Job instance at 0x7f85a0778a00>,28,17,[9 2],29,59,76,30,49
1,<environment.Job instance at 0x7f85dc7f5230>,29,14,[7 5],30,76,90,46,62
1,<environment.Job instance at 0x7f85dbecdd20>,15,15,[7 1],16,90,105,74,76
1,<environment.Job instance at 0x7f85dc809c80>,34,18,[6 3],35,105,123,70,94
1,<environment.Job instance at 0x7f85dc7cb910>,32,18,[5 3],33,123,141,90,112
1,<environment.Job instance at 0x7f85a05efbe0>,1,17,[7 4],2,2,19,0,2
1,<environment.Job instance at 0x7f85dbd665a0>,5,18,[8 2],6,19,37,13,8
1,<environment.Job instance at 0x7f85dc2be9b0>,17,2,[4 9],18,37,39,19,18
1,<environment.Job instance at 0x7f85dbdd8050>,20,14,[10  4],21,39,53,18,37
1,<environment.Job instance at 0x7f85dc44ad70>,21,15,[7 2],22,53,68,31,39
1,<environment.Job instance at 0x7f85dc42c3c0>,30,18,[2 8],31,53,71,22,45
1,<environment.Job instance at 0x7f85dca9bb90>,16,15,[10  2],17,71,86,54,57
1,<environment.Job instance at 0x7f85dc08ebe0>,12,13,[9 3],13,86,99,73,75
1,<environment.Job instance at 0x7f85a0702730>,51,12,[ 1 10],52,99,111,47,86
1,<environment.Job instance at 0x7f85dccdc280>,40,15,[5 8],41,111,126,70,97
1,<environment.Job instance at 0x7f85a0284960>,60,15,[4 8],61,126,141,65,112
1,<environment.Job instance at 0x7f85a0284d70>,2,3,[7 5],3,3,6,0,3
1,<environment.Job instance at 0x7f85dc3eddc0>,4,15,[3 8],5,6,21,1,5
1,<environment.Job instance at 0x7f85dc3edf50>,5,18,[6 2],6,6,24,0,6
1,<environment.Job instance at 0x7f85dc424140>,7,13,[ 5 10],8,24,37,16,8
1,<environment.Job instance at 0x7f85dc424eb0>,20,2,[3 9],21,37,39,16,22
1,<environment.Job instance at 0x7f85dc424f50>,21,2,[9 4],22,39,41,17,22
1,<environment.Job instance at 0x7f85dc427230>,22,16,[3 5],23,41,57,18,29
1,<environment.Job instance at 0x7f85dc4272d0>,24,1,[6 2],25,41,42,16,29
1,<environment.Job instance at 0x7f85dc427a00>,30,18,[7 3],31,61,79,30,61
1,<environment.Job instance at 0x7f85dc427c80>,34,2,[7 4],35,79,81,44,62
1,<environment.Job instance at 0x7f85dc427e60>,37,15,[6 4],38,81,96,43,70
1,<environment.Job instance at 0x7f85dc424d70>,18,17,[10  4],19,96,113,77,85
1,<environment.Job instance at 0x7f85dc3f83c0>,42,3,[5 9],43,113,116,70,90
1,<environment.Job instance at 0x7f85dc3f8230>,41,17,[ 2 10],42,116,133,74,104
1,<environment.Job instance at 0x7f85dc3f86e0>,46,1,[3 9],47,133,134,86,113
1,<environment.Job instance at 0x7f85dc3f8820>,48,3,[1 9],49,134,137,85,113
1,<environment.Job instance at 0x7f85dc427690>,0,14,[6 3],1,1,15,0,1
1,<environment.Job instance at 0x7f85a02349b0>,5,12,[5 9],6,15,27,9,9
1,<environment.Job instance at 0x7f85dc4866e0>,13,18,[ 3 10],14,27,45,13,24
1,<environment.Job instance at 0x7f85dc019550>,27,15,[ 3 10],28,45,60,17,32
1,<environment.Job instance at 0x7f85a04b0410>,30,3,[10  4],31,60,63,29,50
1,<environment.Job instance at 0x7f85a065ac80>,21,15,[9 5],22,63,78,41,50
1,<environment.Job instance at 0x7f85a06c7730>,38,15,[10  2],39,78,93,39,65
1,<environment.Job instance at 0x7f85a06c7f00>,42,15,[1 7],43,93,108,50,83
1,<environment.Job instance at 0x7f85a06c71e0>,45,12,[1 9],46,108,120,62,91
1,<environment.Job instance at 0x7f85a01d65f0>,52,27,[9 1],53,110,137,57,110
1,<environment.Job instance at 0x7f85a0027870>,1,1,[4 8],2,2,3,0,2
1,<environment.Job instance at 0x7f85a071d460>,2,17,[5 9],3,3,20,0,3
1,<environment.Job instance at 0x7f85dc0c9500>,7,17,[3 7],8,20,37,12,8
1,<environment.Job instance at 0x7f85a08ccaf0>,21,12,[10  5],22,37,49,15,22
1,<environment.Job instance at 0x7f85a08cc0f0>,25,12,[3 5],26,49,61,23,38
1,<environment.Job instance at 0x7f85dc0c9be0>,5,15,[4 9],6,61,76,55,48
1,<environment.Job instance at 0x7f85a08cc870>,26,22,[3 8],27,76,98,49,69
1,<environment.Job instance at 0x7f85a0772f50>,43,14,[ 1 10],44,98,112,54,83
1,<environment.Job instance at 0x7f85a0772640>,46,13,[2 9],47,112,125,65,96
1,<environment.Job instance at 0x7f85a01c8cd0>,13,18,[8 3],14,15,33,1,15
1,<environment.Job instance at 0x7f85dca27c30>,6,14,[9 1],7,33,47,26,33
1,<environment.Job instance at 0x7f85a01e3b40>,19,18,[ 1 10],20,47,65,27,37
1,<environment.Job instance at 0x7f85dc3d69b0>,30,17,[8 5],31,65,82,34,53
1,<environment.Job instance at 0x7f85a0524f50>,31,15,[3 7],32,82,97,50,70
1,<environment.Job instance at 0x7f85a0002140>,44,18,[9 2],45,97,115,52,86
1,<environment.Job instance at 0x7f85dc3cf6e0>,32,21,[9 5],33,115,136,82,107
1,<environment.Job instance at 0x7f85dcb20c80>,2,18,[6 5],3,3,21,0,3
1,<environment.Job instance at 0x7f85dc076550>,8,3,[1 7],9,21,24,12,9
1,<environment.Job instance at 0x7f85dc7ee910>,7,21,[5 3],8,21,42,13,13
1,<environment.Job instance at 0x7f85dc24b0a0>,11,14,[9 4],12,42,56,30,33
1,<environment.Job instance at 0x7f85dc24b500>,9,14,[3 7],10,56,70,46,42
1,<environment.Job instance at 0x7f85dca5c3c0>,27,16,[2 6],28,70,86,42,62
1,<environment.Job instance at 0x7f85a0707e10>,28,17,[7 4],29,70,87,41,62
1,<environment.Job instance at 0x7f85a0634d20>,31,16,[6 2],32,87,103,55,74
1,<environment.Job instance at 0x7f85a063e370>,36,18,[3 6],37,86,104,49,83
1,<environment.Job instance at 0x7f85a063e230>,38,17,[2 5],39,104,121,65,100
1,<environment.Job instance at 0x7f85a063e640>,44,18,[2 9],45,121,139,76,110
1,<environment.Job instance at 0x7f85dcb47cd0>,2,13,[3 9],3,3,16,0,3
1,<environment.Job instance at 0x7f859ffd8910>,11,16,[5 4],12,16,32,4,12
1,<environment.Job instance at 0x7f859ffd84b0>,14,3,[6 5],15,32,35,17,16
1,<environment.Job instance at 0x7f859ff7a5a0>,18,1,[1 5],19,19,20,0,19
1,<environment.Job instance at 0x7f859ff7a0a0>,19,13,[3 8],20,35,48,15,22
1,<environment.Job instance at 0x7f859ff7a280>,24,16,[10  2],25,48,64,23,36
1,<environment.Job instance at 0x7f859ff7aaf0>,26,16,[5 6],27,64,80,37,51
1,<environment.Job instance at 0x7f859ff7abe0>,33,12,[9 5],34,80,92,46,63
1,<environment.Job instance at 0x7f859ff79320>,38,16,[7 5],39,92,108,53,79
1,<environment.Job instance at 0x7f859fff0a50>,53,13,[7 4],54,108,121,54,95
1,<environment.Job instance at 0x7f859fff0cd0>,55,15,[7 2],56,121,136,65,108
1,<environment.Job instance at 0x7f85dcb22a00>,0,17,[10  5],1,1,18,0,1
1,<environment.Job instance at 0x7f85a07eaeb0>,6,16,[10  4],7,18,34,11,7
1,<environment.Job instance at 0x7f85a07b6820>,18,18,[2 8],19,34,52,15,24
1,<environment.Job instance at 0x7f85a07db2d0>,10,12,[1 9],11,52,64,41,39
1,<environment.Job instance at 0x7f85a095e500>,30,16,[7 5],31,64,80,33,51
1,<environment.Job instance at 0x7f85dbff2f00>,38,14,[3 7],39,80,94,41,66
1,<environment.Job instance at 0x7f85dbdc0e10>,42,14,[1 7],43,94,108,51,81
1,<environment.Job instance at 0x7f85a07efa00>,29,14,[ 5 10],30,108,122,78,96
1,<environment.Job instance at 0x7f85dbdd9320>,53,13,[10  4],54,122,135,68,111
1,<environment.Job instance at 0x7f85a03807d0>,0,12,[3 8],1,1,13,0,1
1,<environment.Job instance at 0x7f85a0554820>,11,18,[5 9],12,13,31,1,12
1,<environment.Job instance at 0x7f85dc683d20>,13,17,[8 4],14,31,48,17,19
1,<environment.Job instance at 0x7f85a09960f0>,19,17,[7 1],20,48,65,28,44
1,<environment.Job instance at 0x7f85dbdd8820>,26,12,[10  1],27,65,77,38,56
1,<environment.Job instance at 0x7f85dc472230>,34,15,[4 9],35,77,92,42,63
1,<environment.Job instance at 0x7f85a0011af0>,45,12,[8 3],46,92,104,46,79
1,<environment.Job instance at 0x7f85a024fbe0>,32,24,[8 2],33,104,128,71,99
1,<environment.Job instance at 0x7f85dc8f37d0>,49,25,[1 7],50,115,140,65,115
1,<environment.Job instance at 0x7f85a030c320>,57,14,[7 2],58,128,142,70,116
1,<environment.Job instance at 0x7f85dc473640>,0,3,[5 9],1,1,4,0,1
1,<environment.Job instance at 0x7f85dc4735a0>,4,1,[5 2],5,5,6,0,5
1,<environment.Job instance at 0x7f85dc43ad20>,5,14,[ 2 10],6,6,20,0,6
1,<environment.Job instance at 0x7f85dc43a730>,9,15,[8 5],10,20,35,10,13
1,<environment.Job instance at 0x7f85e713c6e0>,19,14,[6 4],20,35,49,15,28
1,<environment.Job instance at 0x7f85dc43a410>,21,14,[5 5],22,49,63,27,35
1,<environment.Job instance at 0x7f85dc43ae60>,11,28,[1 5],12,36,64,24,36
1,<environment.Job instance at 0x7f85a0058870>,23,15,[3 8],24,64,79,40,50
1,<environment.Job instance at 0x7f85a08c8960>,34,17,[7 2],35,66,83,31,66
1,<environment.Job instance at 0x7f85a08c8320>,37,16,[6 5],38,83,99,45,82
1,<environment.Job instance at 0x7f85dc5c40a0>,28,14,[5 9],29,99,113,70,90
1,<environment.Job instance at 0x7f85a08c89b0>,42,12,[8 1],43,113,125,70,100
1,<environment.Job instance at 0x7f85a08c8820>,45,16,[1 9],46,113,129,67,100
1,<environment.Job instance at 0x7f85dcac3cd0>,50,2,[8 4],51,129,131,78,118
1,<environment.Job instance at 0x7f85dbf31e60>,0,13,[4 5],1,1,14,0,1
1,<environment.Job instance at 0x7f85dc6eb870>,12,15,[9 5],13,14,29,1,13
1,<environment.Job instance at 0x7f85dc6eb780>,11,12,[ 5 10],12,29,41,17,18
1,<environment.Job instance at 0x7f85dc602910>,26,2,[6 4],27,41,43,14,27
1,<environment.Job instance at 0x7f85dc69aeb0>,24,14,[2 5],25,41,55,16,29
1,<environment.Job instance at 0x7f85dc62d730>,33,17,[6 1],34,43,60,9,36
1,<environment.Job instance at 0x7f85dc602e60>,27,18,[3 6],28,55,73,27,44
1,<environment.Job instance at 0x7f85dc61f8c0>,44,18,[2 6],45,73,91,28,65
1,<environment.Job instance at 0x7f85dc61f230>,46,17,[3 9],47,91,108,44,80
1,<environment.Job instance at 0x7f85dc69a910>,23,22,[2 8],24,108,130,84,101
1,<environment.Job instance at 0x7fdbd8c830f0>,1,3,[ 2 10],2,2,5,0,2
1,<environment.Job instance at 0x7fdbd7b24280>,3,22,[2 5],4,5,27,1,4
1,<environment.Job instance at 0x7fdbd8d0cdc0>,7,14,[7 5],8,11,25,3,11
1,<environment.Job instance at 0x7fdbd7b24820>,11,3,[4 9],12,27,30,15,12
1,<environment.Job instance at 0x7fdbd7b24730>,9,12,[8 2],10,30,42,20,21
1,<environment.Job instance at 0x7fdbd7b24d20>,17,12,[5 1],18,42,54,24,26
1,<environment.Job instance at 0x7fdbd7b260f0>,22,12,[3 8],23,42,54,19,40
1,<environment.Job instance at 0x7fdbd7b263c0>,23,16,[6 2],24,54,70,30,41
1,<environment.Job instance at 0x7fdbd7b243c0>,8,17,[1 8],9,54,71,45,45
1,<environment.Job instance at 0x7fdbd7b267d0>,27,17,[4 6],28,71,88,43,62
1,<environment.Job instance at 0x7fdbd7b24c80>,16,18,[7 3],17,88,106,71,78
1,<environment.Job instance at 0x7fdbd7b2a280>,40,26,[ 1 10],41,108,134,67,108
1,<environment.Job instance at 0x7fdbd7b2aeb0>,54,18,[7 1],55,134,152,79,125
1,<environment.Job instance at 0x7fdbd8df29b0>,0,17,[9 5],1,2,19,1,2
1,<environment.Job instance at 0x7fdbd8df6a50>,11,14,[ 3 10],12,19,33,7,13
1,<environment.Job instance at 0x7fdbd8df9f00>,16,13,[10  5],17,33,46,16,21
1,<environment.Job instance at 0x7fdbd8df9b40>,17,2,[3 8],18,46,48,28,24
1,<environment.Job instance at 0x7fdbd8df9e10>,20,12,[5 1],21,46,58,25,29
1,<environment.Job instance at 0x7fdbd8df4820>,26,12,[1 6],27,48,60,21,40
1,<environment.Job instance at 0x7fdbd8df7690>,32,20,[10  5],33,60,80,27,53
1,<environment.Job instance at 0x7fdbd8df7190>,40,17,[4 7],41,80,97,39,72
1,<environment.Job instance at 0x7fdbd8df0b40>,27,21,[10  4],28,101,122,73,101
1,<environment.Job instance at 0x7fdbd8cace60>,47,16,[8 4],48,122,138,74,109
1,<environment.Job instance at 0x7fdb8db9e0a0>,2,1,[1 5],3,3,4,0,3
1,<environment.Job instance at 0x7fdb8db9ecd0>,3,26,[5 3],4,6,32,2,6
1,<environment.Job instance at 0x7fdbd7980370>,16,17,[8 4],17,32,49,15,20
1,<environment.Job instance at 0x7fdbd7fcf780>,20,15,[5 8],21,49,64,28,35
1,<environment.Job instance at 0x7fdbd7d41550>,13,13,[8 3],14,64,77,50,51
1,<environment.Job instance at 0x7fdb8db9e050>,5,18,[ 1 10],6,77,95,71,73
1,<environment.Job instance at 0x7fdbd78966e0>,37,1,[1 5],38,95,96,57,78
1,<environment.Job instance at 0x7fdbd7890e10>,38,12,[5 5],39,95,107,56,78
1,<environment.Job instance at 0x7fdbd80e0320>,19,26,[2 8],20,107,133,87,107
1,<environment.Job instance at 0x7fdbd7c6bf50>,1,13,[1 7],2,2,15,0,2
1,<environment.Job instance at 0x7fdbd7e71780>,6,16,[2 9],7,15,31,8,7
1,<environment.Job instance at 0x7fdbd791c780>,4,18,[10  5],5,31,49,26,22
1,<environment.Job instance at 0x7fdb8df36730>,17,16,[7 4],18,49,65,31,38
1,<environment.Job instance at 0x7fdb8db186e0>,24,12,[8 1],25,65,77,40,54
1,<environment.Job instance at 0x7fdb8db78780>,31,3,[3 8],32,77,80,45,54
1,<environment.Job instance at 0x7fdb8dce4d20>,34,14,[3 6],35,80,94,45,65
1,<environment.Job instance at 0x7fdb8dce4d70>,35,13,[7 4],36,80,93,44,65
1,<environment.Job instance at 0x7fdb8db788c0>,30,12,[10  5],31,94,106,63,80
1,<environment.Job instance at 0x7fdb8dadb0a0>,40,13,[6 2],41,106,119,65,90
1,<environment.Job instance at 0x7fdbd8857550>,45,17,[ 5 10],46,119,136,73,107
1,<environment.Job instance at 0x7fdbd7d65a50>,53,13,[ 4 10],54,136,149,82,128
1,<environment.Job instance at 0x7fdbd8df0550>,0,3,[2 9],1,1,4,0,1
1,<environment.Job instance at 0x7fdb8ded2fa0>,8,15,[2 8],9,9,24,0,9
1,<environment.Job instance at 0x7fdbd8626410>,14,12,[3 9],15,24,36,9,16
1,<environment.Job instance at 0x7fdb8dedacd0>,16,3,[6 3],17,36,39,19,24
1,<environment.Job instance at 0x7fdbd86065a0>,19,18,[3 8],20,39,57,19,28
1,<environment.Job instance at 0x7fdbd8626870>,15,18,[4 6],16,57,75,41,46
1,<environment.Job instance at 0x7fdbd8604550>,28,16,[1 7],29,75,91,46,63
1,<environment.Job instance at 0x7fdbd8604910>,34,16,[ 5 10],35,91,107,56,81
1,<environment.Job instance at 0x7fdbd8604af0>,33,17,[4 7],34,107,124,73,95
1,<environment.Job instance at 0x7fdbd8625280>,43,12,[8 2],44,124,136,80,107
1,<environment.Job instance at 0x7fdbd8609dc0>,50,13,[10  1],51,136,149,85,120
1,<environment.Job instance at 0x7fdbd79e4190>,2,12,[7 2],3,3,15,0,3
1,<environment.Job instance at 0x7fdbd79e4d20>,3,24,[8 5],4,15,39,11,14
1,<environment.Job instance at 0x7fdbd79e41e0>,10,12,[2 9],11,39,51,28,24
1,<environment.Job instance at 0x7fdbd818fbe0>,15,15,[5 6],16,51,66,35,38
1,<environment.Job instance at 0x7fdbd818f730>,20,16,[5 4],21,51,67,30,38
1,<environment.Job instance at 0x7fdb8df864b0>,26,14,[6 5],27,67,81,40,55
1,<environment.Job instance at 0x7fdb8df86370>,31,13,[2 5],32,70,83,38,70
1,<environment.Job instance at 0x7fdb8df86230>,32,14,[2 6],33,83,97,50,70
1,<environment.Job instance at 0x7fdb8df86320>,34,18,[6 4],35,81,99,46,74
1,<environment.Job instance at 0x7fdbd817e0f0>,38,16,[1 7],39,99,115,60,87
1,<environment.Job instance at 0x7fdbd84d2370>,50,2,[2 7],51,115,117,64,106
1,<environment.Job instance at 0x7fdbd84d2820>,51,16,[8 4],52,117,133,65,106
1,<environment.Job instance at 0x7fdbd84d2960>,53,18,[6 4],54,133,151,79,122
1,<environment.Job instance at 0x7fdbd818f5f0>,24,17,[3 5],25,133,150,108,123
1,<environment.Job instance at 0x7fdbd84262d0>,0,18,[1 7],1,1,19,0,1
1,<environment.Job instance at 0x7fdbd7b498c0>,16,12,[5 9],17,24,36,7,24
1,<environment.Job instance at 0x7fdbd7c4f820>,17,22,[5 8],18,36,58,18,31
1,<environment.Job instance at 0x7fdbd86aa870>,20,15,[3 8],21,58,73,37,50
1,<environment.Job instance at 0x7fdb8dcd1dc0>,33,24,[3 5],34,74,98,40,74
1,<environment.Job instance at 0x7fdb8dcd11e0>,35,14,[10  1],36,98,112,62,83
1,<environment.Job instance at 0x7fdb8dcd7960>,38,15,[5 5],39,112,127,73,98
1,<environment.Job instance at 0x7fdbd870eeb0>,46,15,[5 1],47,116,131,69,116
1,<environment.Job instance at 0x7fdb8dcd1820>,37,17,[2 7],38,127,144,89,116
1,<environment.Job instance at 0x7fdbd870e780>,51,15,[6 3],52,131,146,79,119
1,<environment.Job instance at 0x7fdbd870eaa0>,52,12,[6 2],53,146,158,93,129
1,<environment.Job instance at 0x7fdb8dfe7c30>,1,18,[8 1],2,3,21,1,3
1,<environment.Job instance at 0x7fdb8db142d0>,10,13,[3 8],11,21,34,10,11
1,<environment.Job instance at 0x7fdb8db14320>,13,16,[5 2],14,21,37,7,18
1,<environment.Job instance at 0x7fdb8db14870>,17,3,[10  5],18,37,40,19,19
1,<environment.Job instance at 0x7fdb8db14460>,11,15,[2 7],12,40,55,28,26
1,<environment.Job instance at 0x7fdb8db14f50>,20,13,[1 9],21,55,68,34,39
1,<environment.Job instance at 0x7fdb8db093c0>,26,12,[9 5],27,68,80,41,51
1,<environment.Job instance at 0x7fdb8db14f00>,21,17,[9 4],22,80,97,58,71
1,<environment.Job instance at 0x7fdb8db09d70>,41,15,[5 5],42,97,112,55,96
1,<environment.Job instance at 0x7fdb8db000f0>,43,16,[6 1],44,112,128,68,99
1,<environment.Job instance at 0x7fdb8db09f00>,42,19,[2 5],43,104,123,61,104
1,<environment.Job instance at 0x7fdb8db00280>,47,17,[6 2],48,128,145,80,118
1,<environment.Job instance at 0x7fdb8db009b0>,1,3,[10  5],2,2,5,0,2
1,<environment.Job instance at 0x7fdb8dba46e0>,2,14,[4 6],3,5,19,2,3
1,<environment.Job instance at 0x7fdb8db00a00>,4,15,[5 5],5,19,34,14,7
1,<environment.Job instance at 0x7fdbd8016a00>,14,18,[9 1],15,34,52,19,26
1,<environment.Job instance at 0x7fdbd8016690>,12,1,[6 5],13,52,53,39,41
1,<environment.Job instance at 0x7fdb8dde2640>,23,18,[5 3],24,53,71,29,42
1,<environment.Job instance at 0x7fdb8db82870>,36,18,[5 4],37,62,80,25,62
1,<environment.Job instance at 0x7fdb8dd47cd0>,41,17,[7 4],42,80,97,38,69
1,<environment.Job instance at 0x7fdbd8019550>,48,1,[3 8],49,97,98,48,92
1,<environment.Job instance at 0x7fdbd8725500>,45,18,[8 2],46,98,116,52,95
1,<environment.Job instance at 0x7fdbd80193c0>,49,1,[10  3],50,116,117,66,103
1,<environment.Job instance at 0x7fdbd8df6a00>,54,13,[5 5],55,117,130,62,108
1,<environment.Job instance at 0x7fdb8db8b0f0>,34,17,[5 1],35,117,134,82,116
1,<environment.Job instance at 0x7fdbd8df61e0>,60,14,[10  4],61,134,148,73,120
1,<environment.Job instance at 0x7fdb8e1221e0>,2,14,[4 9],3,3,17,0,3
1,<environment.Job instance at 0x7fdb8e122fa0>,3,1,[6 5],4,17,18,13,4
1,<environment.Job instance at 0x7fdbd7a5feb0>,17,1,[4 7],18,19,20,1,19
1,<environment.Job instance at 0x7fdbd7a5f190>,13,24,[3 5],14,21,45,7,21
1,<environment.Job instance at 0x7fdbd86529b0>,18,17,[10  4],19,45,62,26,33
1,<environment.Job instance at 0x7fdb8e150a00>,24,1,[1 9],25,62,63,37,38
1,<environment.Job instance at 0x7fdb8e150370>,28,16,[9 2],29,63,79,34,50
1,<environment.Job instance at 0x7fdbd82971e0>,35,18,[6 2],36,79,97,43,68
1,<environment.Job instance at 0x7fdbd7b5e4b0>,20,14,[2 8],21,79,93,58,71
1,<environment.Job instance at 0x7fdbd79e9e60>,41,1,[10  4],42,97,98,55,78
1,<environment.Job instance at 0x7fdb8dcd1c80>,12,15,[ 1 10],13,98,113,85,84
1,<environment.Job instance at 0x7fdbd79e9230>,44,13,[4 6],45,113,126,68,97
1,<environment.Job instance at 0x7fdb8ddc38c0>,21,17,[4 7],22,126,143,104,116
1,<environment.Job instance at 0x7fdb8db69dc0>,0,12,[2 9],1,1,13,0,1
1,<environment.Job instance at 0x7fdbd832c5a0>,5,13,[ 3 10],6,13,26,7,10
1,<environment.Job instance at 0x7fdbd832c640>,6,14,[1 5],7,26,40,19,14
1,<environment.Job instance at 0x7fdbd832ca00>,10,2,[5 5],11,26,28,15,14
1,<environment.Job instance at 0x7fdbd832ca50>,17,18,[5 2],18,28,46,10,22
1,<environment.Job instance at 0x7fdbd832c6e0>,11,17,[3 7],12,40,57,28,29
1,<environment.Job instance at 0x7fdbd82fecd0>,29,1,[ 3 10],30,57,58,27,45
1,<environment.Job instance at 0x7fdbd82fec30>,30,2,[8 2],31,58,60,27,46
1,<environment.Job instance at 0x7fdbd82fee10>,31,18,[7 1],32,60,78,28,49
1,<environment.Job instance at 0x7fdbd8321820>,42,14,[ 1 10],43,78,92,35,64
1,<environment.Job instance at 0x7fdbd8321e10>,46,21,[3 7],47,92,113,45,84
1,<environment.Job instance at 0x7fdbd83253c0>,52,16,[10  1],53,113,129,60,100
1,<environment.Job instance at 0x7fdbd83255a0>,55,12,[7 2],56,129,141,73,112
1,<environment.Job instance at 0x7fdb8de4daa0>,0,3,[4 8],1,1,4,0,1
1,<environment.Job instance at 0x7fdb8de4db90>,3,27,[9 4],4,21,48,17,21
1,<environment.Job instance at 0x7fdb8e0e9640>,22,2,[5 7],23,48,50,25,35
1,<environment.Job instance at 0x7fdb8e0e9050>,18,16,[8 5],19,50,66,31,38
1,<environment.Job instance at 0x7fdb8de83870>,32,15,[ 5 10],33,66,81,33,52
1,<environment.Job instance at 0x7fdb8de83fa0>,33,16,[5 8],34,81,97,47,68
1,<environment.Job instance at 0x7fdb8de4d050>,6,18,[7 2],7,97,115,90,86
1,<environment.Job instance at 0x7fdb8e0699b0>,46,12,[3 8],47,97,109,50,87
1,<environment.Job instance at 0x7fdbd8137d20>,51,12,[ 4 10],52,115,127,63,99
1,<environment.Job instance at 0x7fdb8dabb320>,58,24,[8 2],59,127,151,68,122
1,<environment.Job instance at 0x7fdbd8b85280>,13,18,[8 3],14,22,40,8,22
1,<environment.Job instance at 0x7fdbd8b85780>,11,14,[ 2 10],12,40,54,28,31
1,<environment.Job instance at 0x7fdbd7ee9550>,22,15,[4 5],23,54,69,31,45
1,<environment.Job instance at 0x7fdbd7ee97d0>,28,14,[9 3],29,69,83,40,56
1,<environment.Job instance at 0x7fdbd7ee9780>,27,17,[8 3],28,83,100,55,73
1,<environment.Job instance at 0x7fdbd84344b0>,36,15,[3 5],37,100,115,63,95
1,<environment.Job instance at 0x7fdbd8434a50>,38,2,[10  3],39,115,117,76,95
1,<environment.Job instance at 0x7fdbd7c35280>,40,1,[5 1],41,100,101,59,95
1,<environment.Job instance at 0x7fdbd7c35460>,41,18,[5 5],42,117,135,75,106
1,<environment.Job instance at 0x7fdbd7c35d20>,46,17,[3 5],47,117,134,70,114
1,<environment.Job instance at 0x7fdbd7ee9230>,30,17,[8 5],31,135,152,104,124
1,<environment.Job instance at 0x7fdbd7e0fe60>,3,12,[2 8],4,4,16,0,4
1,<environment.Job instance at 0x7fdb8d8b29b0>,9,21,[10  5],10,16,37,6,10
1,<environment.Job instance at 0x7fdb8d8b28c0>,7,1,[1 8],8,37,38,29,18
1,<environment.Job instance at 0x7fdb8d88ed20>,17,16,[2 6],18,38,54,20,25
1,<environment.Job instance at 0x7fdb8d8b2eb0>,6,28,[7 3],7,39,67,32,39
1,<environment.Job instance at 0x7fdb8dd914b0>,26,18,[3 6],27,54,72,27,52
1,<environment.Job instance at 0x7fdbd7e16c80>,34,18,[2 9],35,72,90,37,61
1,<environment.Job instance at 0x7fdb8d897b40>,28,17,[2 5],29,90,107,61,84
1,<environment.Job instance at 0x7fdb8dda5910>,41,1,[10  4],42,107,108,65,85
1,<environment.Job instance at 0x7fdbd7ec8eb0>,42,2,[6 2],43,90,92,47,86
1,<environment.Job instance at 0x7fdbd87bac30>,44,25,[9 4],45,108,133,63,104
1,<environment.Job instance at 0x7fdb8da6db90>,0,2,[3 7],1,1,3,0,1
1,<environment.Job instance at 0x7fdbd79fc460>,5,13,[4 8],6,8,21,2,8
1,<environment.Job instance at 0x7fdb8dbfccd0>,6,16,[5 6],7,21,37,14,8
1,<environment.Job instance at 0x7fdbd7de9af0>,9,13,[4 7],10,37,50,27,21
1,<environment.Job instance at 0x7fdb8e1730a0>,17,17,[3 7],18,50,67,32,39
1,<environment.Job instance at 0x7fdbd7f010a0>,21,13,[6 3],22,42,55,20,42
1,<environment.Job instance at 0x7fdbd7bf95f0>,25,15,[1 9],26,67,82,41,54
1,<environment.Job instance at 0x7fdbd827dd70>,33,13,[7 4],34,82,95,48,66
1,<environment.Job instance at 0x7fdbd827d910>,38,15,[8 5],39,95,110,56,84
1,<environment.Job instance at 0x7fdb8dcaefa0>,3,18,[5 5],4,110,128,106,109
1,<environment.Job instance at 0x7fdbd827d320>,43,3,[ 3 10],44,128,131,84,112
1,<environment.Job instance at 0x7fdbd87cfe10>,45,2,[5 3],46,114,116,68,114
1,<environment.Job instance at 0x7fdbd87cf910>,47,3,[3 5],48,116,119,68,115
1,<environment.Job instance at 0x7fdb8e187780>,49,2,[7 2],50,131,133,81,115
1,<environment.Job instance at 0x7fdbd87cfaa0>,50,22,[9 5],51,133,155,82,126
1,<environment.Job instance at 0x7fdb8dd00960>,0,16,[7 5],1,1,17,0,1
1,<environment.Job instance at 0x7fdb8d859320>,12,14,[1 7],13,17,31,4,13
1,<environment.Job instance at 0x7fdb8d859fa0>,8,14,[3 7],9,31,45,22,16
1,<environment.Job instance at 0x7fdb8d842690>,19,2,[1 8],20,45,47,25,20
1,<environment.Job instance at 0x7fdb8d842500>,20,21,[6 2],21,21,42,0,21
1,<environment.Job instance at 0x7fdb8e19ff00>,6,15,[6 4],7,47,62,40,43
1,<environment.Job instance at 0x7fdb8d859b90>,11,21,[4 8],12,62,83,50,54
1,<environment.Job instance at 0x7fdb8d862780>,39,12,[7 5],40,83,95,43,69
1,<environment.Job instance at 0x7fdb8d862a50>,42,16,[10  5],43,95,111,52,82
1,<environment.Job instance at 0x7fdb8d8620f0>,49,17,[6 4],50,111,128,61,99
1,<environment.Job instance at 0x7fdb8d859eb0>,9,18,[1 5],10,111,129,101,110
1,<environment.Job instance at 0x7fdb8d864410>,53,1,[ 4 10],54,129,130,75,111
1,<environment.Job instance at 0x7fdb8d864460>,58,17,[ 1 10],59,130,147,71,118
1,<environment.Job instance at 0x7fdb8deb0820>,5,12,[8 3],6,6,18,0,6
1,<environment.Job instance at 0x7fdb8dead0a0>,12,17,[7 4],13,18,35,5,14
1,<environment.Job instance at 0x7fdb8deadf00>,14,12,[4 7],15,35,47,20,19
1,<environment.Job instance at 0x7fdbd8501460>,22,18,[ 1 10],23,47,65,24,36
1,<environment.Job instance at 0x7fdbd84e0820>,29,2,[2 5],30,65,67,35,53
1,<environment.Job instance at 0x7fdbd84e9fa0>,30,14,[10  1],31,67,81,36,53
1,<environment.Job instance at 0x7fdbd85010a0>,20,14,[2 6],21,81,95,60,67
1,<environment.Job instance at 0x7fdbd7ca9b40>,36,13,[4 6],37,95,108,58,79
1,<environment.Job instance at 0x7fdb8dcdfbe0>,42,15,[4 7],43,108,123,65,94
1,<environment.Job instance at 0x7fdbd7f84fa0>,48,1,[4 7],49,123,124,74,101
1,<environment.Job instance at 0x7fdb8deb0d20>,11,16,[5 9],12,124,140,112,112
1,<environment.Job instance at 0x7fdb8e19af00>,59,13,[8 2],60,140,153,80,124
1,<environment.Job instance at 0x7fdb8e19a960>,61,3,[5 4],62,153,156,91,127
1,<environment.Job instance at 0x7fdb8def60f0>,4,3,[2 8],5,5,8,0,5
1,<environment.Job instance at 0x7fdb8de83fa0>,9,15,[8 4],10,10,25,0,10
1,<environment.Job instance at 0x7fdbd8134aa0>,17,13,[7 4],18,25,38,7,18
1,<environment.Job instance at 0x7fdb8e19a960>,2,12,[ 4 10],3,38,50,35,32
1,<environment.Job instance at 0x7fdbd85cf690>,25,3,[7 1],26,50,53,24,41
1,<environment.Job instance at 0x7fdbd79469b0>,36,15,[9 4],37,53,68,16,41
1,<environment.Job instance at 0x7fdbd7c4d0a0>,44,12,[6 3],45,68,80,23,53
1,<environment.Job instance at 0x7fdbd7f98aa0>,47,16,[2 5],48,68,84,20,56
1,<environment.Job instance at 0x7fdb8dedfc80>,40,17,[8 5],41,80,97,39,69
1,<environment.Job instance at 0x7fdb8db46aa0>,57,15,[3 8],58,97,112,39,88
1,<environment.Job instance at 0x7fdbd8152fa0>,61,18,[3 7],62,112,130,50,102
1,<environment.Job instance at 0x7fdb8db46a50>,56,21,[10  4],57,130,151,73,122
1,<environment.Job instance at 0x7fdbd7be3cd0>,0,3,[2 7],1,1,4,0,1
1,<environment.Job instance at 0x7fdb8dfac910>,3,1,[7 3],4,4,5,0,4
1,<environment.Job instance at 0x7fdb8dfaceb0>,5,13,[4 8],6,6,19,0,6
1,<environment.Job instance at 0x7fdb8d9382d0>,14,1,[3 8],15,19,20,4,15
1,<environment.Job instance at 0x7fdb8d938e10>,15,1,[1 7],16,20,21,4,16
1,<environment.Job instance at 0x7fdb8d9381e0>,16,13,[6 4],17,21,34,4,17
1,<environment.Job instance at 0x7fdb8d97c3c0>,20,12,[5 2],21,34,46,13,23
1,<environment.Job instance at 0x7fdb8d97c550>,24,13,[9 1],25,46,59,21,30
1,<environment.Job instance at 0x7fdb8d97c320>,28,3,[ 1 10],29,59,62,30,40
1,<environment.Job instance at 0x7fdb8d97cb40>,29,1,[10  3],30,62,63,32,40
1,<environment.Job instance at 0x7fdb8d97cdc0>,30,19,[5 1],31,63,82,32,53
1,<environment.Job instance at 0x7fdbd7fe46e0>,35,12,[5 4],36,63,75,27,57
1,<environment.Job instance at 0x7fdbd7fe4b40>,38,18,[7 1],39,82,100,43,71
1,<environment.Job instance at 0x7fdbd7fe4e60>,40,12,[8 1],41,100,112,59,83
1,<environment.Job instance at 0x7fdbd7fe4c80>,43,12,[6 4],44,112,124,68,95
1,<environment.Job instance at 0x7fdbd79664b0>,52,15,[4 8],53,124,139,71,115
1,<environment.Job instance at 0x7fdbd7966780>,50,18,[6 2],51,126,144,75,126
1,<environment.Job instance at 0x7fdbd7df3460>,0,16,[4 9],1,1,17,0,1
1,<environment.Job instance at 0x7fdb8d8ecdc0>,6,15,[2 9],7,17,32,10,7
1,<environment.Job instance at 0x7fdbd79acdc0>,15,1,[3 6],16,32,33,16,17
1,<environment.Job instance at 0x7fdbd86bd5f0>,18,18,[5 3],19,32,50,13,21
1,<environment.Job instance at 0x7fdbd7ea1dc0>,14,13,[5 9],15,50,63,35,34
1,<environment.Job instance at 0x7fdbd829cd70>,23,15,[10  2],24,63,78,39,49
1,<environment.Job instance at 0x7fdbd7dfbf00>,30,2,[6 1],31,78,80,47,61
1,<environment.Job instance at 0x7fdbd81b7af0>,32,17,[9 3],33,80,97,47,68
1,<environment.Job instance at 0x7fdbd81b7410>,37,15,[10  2],38,97,112,59,85
1,<environment.Job instance at 0x7fdbd81b9780>,44,1,[4 9],45,112,113,67,96
1,<environment.Job instance at 0x7fdbd81affa0>,49,13,[3 6],50,113,126,63,97
1,<environment.Job instance at 0x7fdbd81b9410>,41,14,[10  4],42,126,140,84,112
1,<environment.Job instance at 0x7fdbd8211320>,60,18,[7 5],61,140,158,79,129
1,<environment.Job instance at 0x7ffb1f6dd780>,1,3,[ 2 10],2,2,5,0,2
1,<environment.Job instance at 0x7ffb1c53a280>,3,22,[2 5],4,5,27,1,4
1,<environment.Job instance at 0x7ffb1c53a780>,9,12,[8 2],10,10,22,0,10
1,<environment.Job instance at 0x7ffb1f6ddd70>,7,14,[7 5],8,22,36,14,10
1,<environment.Job instance at 0x7ffb1c53aa50>,11,3,[4 9],12,36,39,24,12
1,<environment.Job instance at 0x7ffb1c53acd0>,14,21,[8 1],15,39,60,24,33
1,<environment.Job instance at 0x7ffb1c53e2d0>,21,18,[9 4],22,60,78,38,49
1,<environment.Job instance at 0x7ffb1c53eaf0>,32,21,[5 9],33,78,99,45,74
1,<environment.Job instance at 0x7ffb1c53e550>,23,16,[6 2],24,99,115,75,90
1,<environment.Job instance at 0x7ffb1c53a3c0>,8,17,[1 8],9,99,116,90,99
1,<environment.Job instance at 0x7ffb1c53efa0>,35,16,[1 9],36,116,132,80,103
1,<environment.Job instance at 0x7ffb1c5407d0>,47,13,[ 3 10],48,132,145,84,116
1,<environment.Job instance at 0x7ffb1c540dc0>,54,18,[7 1],55,145,163,90,134
1,<environment.Job instance at 0x7ffb1c5430a0>,58,17,[3 7],59,145,162,86,138
1,<environment.Job instance at 0x7ffb1c553230>,1,14,[ 3 10],2,2,16,0,2
1,<environment.Job instance at 0x7ffb1f808c80>,3,1,[2 7],4,16,17,12,4
1,<environment.Job instance at 0x7ffb1f808820>,9,17,[5 7],10,17,34,7,10
1,<environment.Job instance at 0x7ffb1f808a00>,6,13,[10  5],7,34,47,27,25
1,<environment.Job instance at 0x7ffb1f814730>,24,14,[10  5],25,47,61,22,36
1,<environment.Job instance at 0x7ffb1f80f500>,29,14,[ 5 10],30,61,75,31,47
1,<environment.Job instance at 0x7ffb1f80f3c0>,34,19,[3 8],35,75,94,40,65
1,<environment.Job instance at 0x7ffb1f806a00>,41,18,[6 2],42,75,93,33,75
1,<environment.Job instance at 0x7ffb1f6c02d0>,44,19,[6 2],45,93,112,48,83
1,<environment.Job instance at 0x7ffb1f6c0960>,55,15,[5 3],56,137,152,81,137
1,<environment.Job instance at 0x7ffb1f80d690>,58,21,[2 7],59,137,158,78,137
1,<environment.Job instance at 0x7ffae0786c30>,0,15,[5 8],1,1,16,0,1
1,<environment.Job instance at 0x7ffae0786dc0>,2,15,[9 2],3,16,31,13,5
1,<environment.Job instance at 0x7ffae0798cd0>,7,27,[9 5],8,31,58,23,29
1,<environment.Job instance at 0x7ffae083e780>,16,13,[8 2],17,58,71,41,48
1,<environment.Job instance at 0x7ffae07875f0>,19,15,[6 5],20,71,86,51,57
1,<environment.Job instance at 0x7ffae08418c0>,39,18,[5 6],40,86,104,46,76
1,<environment.Job instance at 0x7ffae0850550>,40,16,[8 3],41,104,120,63,91
1,<environment.Job instance at 0x7ffb1c741140>,49,2,[7 4],50,120,122,70,117
1,<environment.Job instance at 0x7ffae0850a50>,51,2,[2 9],52,122,124,70,117
1,<environment.Job instance at 0x7ffae0850780>,45,27,[4 5],46,124,151,78,122
1,<environment.Job instance at 0x7ffae0850f50>,43,16,[ 4 10],44,151,167,107,139
1,<environment.Job instance at 0x7ffb1ecfae60>,0,12,[10  5],1,1,13,0,1
1,<environment.Job instance at 0x7ffb1ec8eaa0>,7,23,[2 8],8,13,36,5,13
1,<environment.Job instance at 0x7ffae0c3dd70>,15,17,[ 5 10],16,40,57,24,40
1,<environment.Job instance at 0x7ffae0c7d730>,29,15,[9 5],30,57,72,27,57
1,<environment.Job instance at 0x7ffb1f80d9b0>,30,13,[5 5],31,72,85,41,63
1,<environment.Job instance at 0x7ffb1c38b550>,31,17,[7 5],32,85,102,53,73
1,<environment.Job instance at 0x7ffb1ec75730>,45,13,[6 3],46,102,115,56,98
1,<environment.Job instance at 0x7ffb1ec75370>,46,12,[10  2],47,115,127,68,98
1,<environment.Job instance at 0x7ffb1f6c2780>,52,14,[5 3],53,127,141,74,113
1,<environment.Job instance at 0x7ffae0c91f50>,58,1,[6 5],59,141,142,82,132
1,<environment.Job instance at 0x7ffb1f6c21e0>,59,2,[1 9],60,142,144,82,133
1,<environment.Job instance at 0x7ffb1f6c2cd0>,60,13,[5 5],61,144,157,83,133
1,<environment.Job instance at 0x7ffae07c0730>,2,12,[2 9],3,3,15,0,3
1,<environment.Job instance at 0x7ffb1c3317d0>,4,16,[1 5],5,15,31,10,5
1,<environment.Job instance at 0x7ffb1c331780>,8,13,[5 5],9,15,28,6,9
1,<environment.Job instance at 0x7ffae0ef76e0>,13,14,[6 5],14,28,42,14,14
1,<environment.Job instance at 0x7ffae0edbdc0>,16,12,[10  1],17,42,54,25,31
1,<environment.Job instance at 0x7ffb1c331370>,7,18,[10  5],8,54,72,46,51
1,<environment.Job instance at 0x7ffb1f02f280>,29,13,[4 7],30,72,85,42,58
1,<environment.Job instance at 0x7ffb1f02fd20>,35,2,[4 7],36,114,116,78,114
1,<environment.Job instance at 0x7ffb1f0379b0>,39,15,[ 3 10],40,116,131,76,116
1,<environment.Job instance at 0x7ffb1f037370>,42,14,[5 1],43,131,145,88,124
1,<environment.Job instance at 0x7ffb1f0375a0>,43,24,[2 6],44,131,155,87,126
1,<environment.Job instance at 0x7ffb1c3269b0>,0,2,[2 7],1,1,3,0,1
1,<environment.Job instance at 0x7ffb1eefff00>,11,3,[3 5],12,12,15,0,12
1,<environment.Job instance at 0x7ffae0c72500>,9,1,[ 2 10],10,15,16,5,14
1,<environment.Job instance at 0x7ffb1eeffbe0>,14,1,[6 4],15,16,17,1,15
1,<environment.Job instance at 0x7ffb1eeff9b0>,15,21,[9 5],16,17,38,1,16
1,<environment.Job instance at 0x7ffb1eeff320>,10,13,[5 8],11,38,51,27,22
1,<environment.Job instance at 0x7ffae0b8c460>,19,2,[4 7],20,51,53,31,33
1,<environment.Job instance at 0x7ffae0b8c230>,28,12,[7 5],29,53,65,24,41
1,<environment.Job instance at 0x7ffb1f21f280>,36,12,[6 4],37,65,77,28,52
1,<environment.Job instance at 0x7ffae0b8cd70>,23,27,[3 5],24,60,87,36,60
1,<environment.Job instance at 0x7ffb1f21fa50>,38,17,[5 4],39,77,94,38,67
1,<environment.Job instance at 0x7ffae0b8c780>,21,16,[1 6],22,87,103,65,77
1,<environment.Job instance at 0x7ffb1f202d70>,51,18,[4 8],52,103,121,51,92
1,<environment.Job instance at 0x7ffb1c3f8aa0>,55,2,[ 2 10],56,121,123,65,110
1,<environment.Job instance at 0x7ffb1c3f8050>,56,17,[2 9],57,123,140,66,111
1,<environment.Job instance at 0x7ffb1c3f8e60>,61,17,[10  5],62,140,157,78,128
1,<environment.Job instance at 0x7ffb1c3ee280>,0,1,[1 7],1,1,2,0,1
1,<environment.Job instance at 0x7ffb1ee4a1e0>,5,2,[2 9],6,6,8,0,6
1,<environment.Job instance at 0x7ffb1eb950f0>,6,26,[8 5],7,8,34,1,7
1,<environment.Job instance at 0x7ffb1ecae320>,12,2,[5 1],13,34,36,21,16
1,<environment.Job instance at 0x7ffb1f6c10f0>,16,14,[10  1],17,36,50,19,21
1,<environment.Job instance at 0x7ffb1eb95190>,10,17,[5 8],11,50,67,39,39
1,<environment.Job instance at 0x7ffb1c6cc910>,29,14,[5 1],30,63,77,33,63
1,<environment.Job instance at 0x7ffb1c6ccf00>,26,13,[9 1],27,77,90,50,63
1,<environment.Job instance at 0x7ffb1c401f00>,32,13,[9 2],33,90,103,57,85
1,<environment.Job instance at 0x7ffae09f8be0>,43,16,[6 3],44,103,119,59,95
1,<environment.Job instance at 0x7ffae0cf0c30>,39,13,[8 5],40,119,132,79,110
1,<environment.Job instance at 0x7ffb1c440690>,51,12,[7 1],52,132,144,80,120
1,<environment.Job instance at 0x7ffb1c4404b0>,4,14,[5 8],5,5,19,0,5
1,<environment.Job instance at 0x7ffae0a1faa0>,12,18,[5 3],13,19,37,6,13
1,<environment.Job instance at 0x7ffae0a1fa00>,11,13,[5 2],12,14,27,2,14
1,<environment.Job instance at 0x7ffae0a1fbe0>,13,27,[1 7],14,27,54,13,25
1,<environment.Job instance at 0x7ffae0a1fe10>,14,18,[6 3],15,37,55,22,26
1,<environment.Job instance at 0x7ffae0a24690>,23,18,[5 5],24,55,73,31,44
1,<environment.Job instance at 0x7ffae0a1f640>,9,14,[7 5],10,73,87,63,60
1,<environment.Job instance at 0x7ffae0a24be0>,29,13,[8 4],30,87,100,57,74
1,<environment.Job instance at 0x7ffae0a24d20>,32,1,[4 8],33,100,101,67,85
1,<environment.Job instance at 0x7ffae0a24e60>,34,16,[2 5],35,101,117,66,88
1,<environment.Job instance at 0x7ffae0a24a00>,36,3,[3 9],37,117,120,80,91
1,<environment.Job instance at 0x7ffae0a2c140>,38,17,[5 3],39,120,137,81,108
1,<environment.Job instance at 0x7ffae0a2c550>,41,1,[2 8],42,137,138,95,109
1,<environment.Job instance at 0x7ffae0a2c690>,43,16,[7 2],44,137,153,93,124
1,<environment.Job instance at 0x7ffae0a2caa0>,50,13,[7 1],51,153,166,102,137
1,<environment.Job instance at 0x7ffb1ed11870>,0,15,[5 8],1,1,16,0,1
1,<environment.Job instance at 0x7ffae0c47320>,6,2,[7 3],7,16,18,9,7
1,<environment.Job instance at 0x7ffb1c53b9b0>,16,15,[4 7],17,24,39,7,24
1,<environment.Job instance at 0x7ffb1ec7d5f0>,17,23,[9 2],18,39,62,21,34
1,<environment.Job instance at 0x7ffae0c687d0>,27,1,[6 5],28,62,63,34,39
1,<environment.Job instance at 0x7ffb1ef7fbe0>,22,3,[8 1],23,63,66,40,42
1,<environment.Job instance at 0x7ffae0d52190>,29,1,[8 2],30,66,67,36,47
1,<environment.Job instance at 0x7ffb1c93f370>,30,15,[7 2],31,67,82,36,55
1,<environment.Job instance at 0x7ffb1f6bdb40>,34,12,[9 4],35,82,94,47,65
1,<environment.Job instance at 0x7ffb1ca4ed20>,37,15,[1 6],38,66,81,28,66
1,<environment.Job instance at 0x7ffae0c47aa0>,11,12,[ 1 10],12,94,106,82,78
1,<environment.Job instance at 0x7ffb1f0953c0>,41,18,[5 5],42,106,124,64,97
1,<environment.Job instance at 0x7ffb1ef7faa0>,23,17,[7 4],24,127,144,103,127
1,<environment.Job instance at 0x7ffb1c7f9fa0>,58,1,[1 6],59,138,139,79,138
1,<environment.Job instance at 0x7ffb1c7f93c0>,59,14,[5 4],60,144,158,84,138
1,<environment.Job instance at 0x7ffb1c7f95a0>,60,15,[5 3],61,144,159,83,138
1,<environment.Job instance at 0x7ffb1f051460>,2,18,[4 7],3,3,21,0,3
1,<environment.Job instance at 0x7ffae0e0b870>,9,15,[5 5],10,21,36,11,10
1,<environment.Job instance at 0x7ffb1f21a960>,25,17,[5 9],26,36,53,10,27
1,<environment.Job instance at 0x7ffb1f814d70>,31,17,[8 2],32,53,70,21,41
1,<environment.Job instance at 0x7ffb1f296140>,22,13,[7 3],23,70,83,47,57
1,<environment.Job instance at 0x7ffae0ae2500>,40,12,[2 9],41,83,95,42,70
1,<environment.Job instance at 0x7ffb1ca38f50>,45,13,[ 3 10],46,95,108,49,83
1,<environment.Job instance at 0x7ffb1c3f6910>,44,13,[10  1],45,108,121,63,100
1,<environment.Job instance at 0x7ffb1eac6640>,54,18,[8 2],55,121,139,66,110
1,<environment.Job instance at 0x7ffb1ee907d0>,60,14,[6 3],61,139,153,78,124
1,<environment.Job instance at 0x7ffb1c5d4960>,51,17,[3 7],52,139,156,87,132
1,<environment.Job instance at 0x7ffb1c8d8aa0>,4,14,[10  5],5,5,19,0,5
1,<environment.Job instance at 0x7ffb1edbd6e0>,9,14,[8 2],10,19,33,9,12
1,<environment.Job instance at 0x7ffb1c8df820>,16,3,[8 4],17,33,36,16,19
1,<environment.Job instance at 0x7ffb1c8df5f0>,17,1,[1 8],18,20,21,2,20
1,<environment.Job instance at 0x7ffb1c8dfeb0>,24,23,[8 3],25,36,59,11,34
1,<environment.Job instance at 0x7ffb1c8dffa0>,26,17,[2 7],27,36,53,9,36
1,<environment.Job instance at 0x7ffb1edbd2d0>,3,16,[ 3 10],4,59,75,55,50
1,<environment.Job instance at 0x7ffb1c8bcbe0>,34,25,[8 2],35,75,100,40,71
1,<environment.Job instance at 0x7ffb1c8e2c30>,55,22,[9 4],56,100,122,44,93
1,<environment.Job instance at 0x7ffb1c8c8cd0>,1,14,[9 4],2,2,16,0,2
1,<environment.Job instance at 0x7ffb1c397be0>,4,21,[6 1],5,16,37,11,11
1,<environment.Job instance at 0x7ffae0e30af0>,9,1,[2 6],10,16,17,6,11
1,<environment.Job instance at 0x7ffb1c4853c0>,15,13,[10  4],16,37,50,21,22
1,<environment.Job instance at 0x7ffae0d81140>,23,17,[7 2],24,50,67,26,38
1,<environment.Job instance at 0x7ffb1ee90a50>,26,14,[9 1],27,67,81,40,52
1,<environment.Job instance at 0x7ffae0c91280>,33,18,[8 3],34,81,99,47,70
1,<environment.Job instance at 0x7ffae0c91960>,31,14,[ 2 10],32,99,113,67,84
1,<environment.Job instance at 0x7ffb1c4b58c0>,49,3,[3 8],50,113,116,63,102
1,<environment.Job instance at 0x7ffb1c4b5910>,51,15,[3 7],52,116,131,64,105
1,<environment.Job instance at 0x7ffb1c697aa0>,61,18,[5 5],62,131,149,69,122
1,<environment.Job instance at 0x7ffb1c697fa0>,65,18,[10  4],66,149,167,83,138
1,<environment.Job instance at 0x7ffb1f22a2d0>,7,21,[5 3],8,8,29,0,8
1,<environment.Job instance at 0x7ffb1f22ae10>,6,22,[3 7],7,9,31,2,9
1,<environment.Job instance at 0x7ffb1eaf3410>,14,18,[6 5],15,31,49,16,20
1,<environment.Job instance at 0x7ffae09939b0>,1,3,[8 2],2,49,52,47,30
1,<environment.Job instance at 0x7ffb1eaf3870>,20,15,[4 9],21,52,67,31,44
1,<environment.Job instance at 0x7ffb1f0c0c30>,27,16,[2 6],28,67,83,39,54
1,<environment.Job instance at 0x7ffb1f0c0a50>,31,16,[6 2],32,67,83,35,63
1,<environment.Job instance at 0x7ffb1f0c07d0>,28,17,[7 4],29,83,100,54,72
1,<environment.Job instance at 0x7ffb1f067fa0>,38,17,[2 5],39,106,123,67,106
1,<environment.Job instance at 0x7ffb1f0674b0>,44,18,[2 9],45,123,141,78,112
1,<environment.Job instance at 0x7ffb1f0c08c0>,33,18,[3 7],34,141,159,107,135
1,<environment.Job instance at 0x7ffb1f212500>,0,2,[3 7],1,1,3,0,1
1,<environment.Job instance at 0x7ffb1c7f8af0>,6,16,[5 6],7,10,26,3,10
1,<environment.Job instance at 0x7ffb1c817050>,10,2,[6 2],11,26,28,15,11
1,<environment.Job instance at 0x7ffb1c817690>,11,2,[10  5],12,28,30,16,12
1,<environment.Job instance at 0x7ffb1c7f8cd0>,13,12,[9 5],14,30,42,16,14
1,<environment.Job instance at 0x7ffb1c7f8dc0>,9,13,[4 7],10,42,55,32,31
1,<environment.Job instance at 0x7ffae0c24460>,25,15,[1 9],26,55,70,29,43
1,<environment.Job instance at 0x7ffae0c1d690>,28,1,[3 9],29,70,71,41,46
1,<environment.Job instance at 0x7ffae0c1d550>,29,1,[5 1],30,46,47,16,46
1,<environment.Job instance at 0x7ffb1f212280>,5,13,[4 8],6,71,84,65,55
1,<environment.Job instance at 0x7ffae0c245f0>,26,18,[1 8],27,84,102,57,78
1,<environment.Job instance at 0x7ffae0c1d460>,32,2,[10  3],33,102,104,69,96
1,<environment.Job instance at 0x7ffb1ed14050>,38,15,[8 5],39,104,119,65,98
1,<environment.Job instance at 0x7ffae0b59b40>,42,16,[5 6],43,119,135,76,108
1,<environment.Job instance at 0x7ffae0540af0>,49,2,[7 2],50,135,137,85,112
1,<environment.Job instance at 0x7ffae0540e60>,47,3,[3 5],48,135,138,87,114
1,<environment.Job instance at 0x7ffae0540280>,51,17,[6 1],52,137,154,85,127
1,<environment.Job instance at 0x7ffb1ef016e0>,1,21,[4 8],2,2,23,0,2
1,<environment.Job instance at 0x7ffae0b7a2d0>,3,16,[10  5],4,23,39,19,10
1,<environment.Job instance at 0x7ffae0cc5370>,22,3,[2 8],23,39,42,16,25
1,<environment.Job instance at 0x7ffb1c6c9af0>,18,22,[4 8],19,42,64,23,36
1,<environment.Job instance at 0x7ffb1c592820>,33,13,[5 1],34,50,63,16,50
1,<environment.Job instance at 0x7ffb1c592280>,34,13,[6 3],35,64,77,29,51
1,<environment.Job instance at 0x7ffb1c592550>,36,12,[3 9],37,77,89,40,60
1,<environment.Job instance at 0x7ffb1c5f95f0>,24,14,[ 1 10],25,89,103,64,76
1,<environment.Job instance at 0x7ffae07e1d20>,41,16,[ 4 10],42,103,119,61,90
1,<environment.Job instance at 0x7ffb1c5b71e0>,47,13,[5 5],48,119,132,71,103
1,<environment.Job instance at 0x7ffb1f029a50>,50,1,[4 9],51,132,133,81,110
1,<environment.Job instance at 0x7ffb1f029870>,51,3,[7 5],52,133,136,81,110
1,<environment.Job instance at 0x7ffb1f029f50>,53,2,[5 7],54,136,138,82,110
1,<environment.Job instance at 0x7ffae0907960>,56,1,[ 1 10],57,138,139,81,113
1,<environment.Job instance at 0x7ffae0907780>,58,2,[4 5],59,119,121,60,113
1,<environment.Job instance at 0x7ffb1c6e10a0>,65,17,[ 5 10],66,139,156,73,127
1,<environment.Job instance at 0x7ffae09d7f50>,68,2,[6 4],69,156,158,87,130
1,<environment.Job instance at 0x7ffb1ee42fa0>,0,14,[2 6],1,1,15,0,1
1,<environment.Job instance at 0x7ffae04c1280>,10,14,[10  1],11,15,29,4,13
1,<environment.Job instance at 0x7ffae04c1c30>,13,15,[7 2],14,29,44,15,17
1,<environment.Job instance at 0x7ffae094d4b0>,14,27,[1 7],15,29,56,14,29
1,<environment.Job instance at 0x7ffb1ee425f0>,4,12,[9 4],5,56,68,51,40
1,<environment.Job instance at 0x7ffae04c3910>,34,14,[1 7],35,68,82,33,55
1,<environment.Job instance at 0x7ffae04c3aa0>,37,17,[1 8],38,82,99,44,70
1,<environment.Job instance at 0x7ffae04be870>,44,15,[9 3],45,99,114,54,85
1,<environment.Job instance at 0x7ffae04c32d0>,31,18,[4 6],32,114,132,82,110
1,<environment.Job instance at 0x7ffae04be1e0>,50,2,[5 6],51,132,134,81,111
1,<environment.Job instance at 0x7ffae094d690>,26,16,[1 9],27,134,150,107,126
1,<environment.Job instance at 0x7ffae050ceb0>,54,14,[5 8],55,150,164,95,135
1,<environment.Job instance at 0x7ffae050cbe0>,57,3,[5 5],58,164,167,106,138
1,<environment.Job instance at 0x7ffae0c73870>,4,15,[2 8],5,5,20,0,5
1,<environment.Job instance at 0x7ffae0c5b820>,11,3,[2 5],12,20,23,8,12
1,<environment.Job instance at 0x7ffae0c5bb40>,10,17,[8 5],11,20,37,9,15
1,<environment.Job instance at 0x7ffae05a0410>,22,20,[3 6],23,37,57,14,32
1,<environment.Job instance at 0x7ffae0c54640>,26,21,[10  4],27,57,78,30,49
1,<environment.Job instance at 0x7ffae05a0640>,23,17,[10  4],24,78,95,54,66
1,<environment.Job instance at 0x7ffae0838e60>,41,15,[5 5],42,95,110,53,81
1,<environment.Job instance at 0x7ffb1eb5a320>,50,2,[6 2],51,110,112,59,110
1,<environment.Job instance at 0x7ffb1eb5a370>,51,12,[ 5 10],52,112,124,60,110
1,<environment.Job instance at 0x7ffb1eb5eaa0>,57,17,[3 5],58,124,141,66,112
1,<environment.Job instance at 0x7ffb1c401230>,61,20,[5 5],62,124,144,62,115
1,<environment.Job instance at 0x7ffb1c401f50>,64,14,[2 5],65,141,155,76,126
1,<environment.Job instance at 0x7ffb1eb674b0>,39,15,[8 4],40,144,159,104,133
1,<environment.Job instance at 0x7ffb1c4ad910>,3,12,[6 4],4,4,16,0,4
1,<environment.Job instance at 0x7ffb1f06a960>,4,2,[5 2],5,16,18,11,5
1,<environment.Job instance at 0x7ffb1f06a190>,6,2,[5 3],7,16,18,9,7
1,<environment.Job instance at 0x7ffb1c3345a0>,7,16,[6 1],8,18,34,10,8
1,<environment.Job instance at 0x7ffb1ed3e910>,12,15,[4 8],13,18,33,5,15
1,<environment.Job instance at 0x7ffb1c401460>,2,15,[5 7],3,34,49,31,20
1,<environment.Job instance at 0x7ffb1f05d320>,21,2,[6 1],22,49,51,27,22
1,<environment.Job instance at 0x7ffb1ed48c30>,28,2,[7 1],29,51,53,22,40
1,<environment.Job instance at 0x7ffb1ed48cd0>,29,1,[4 9],30,49,50,19,40
1,<environment.Job instance at 0x7ffb1ed39820>,30,21,[5 7],31,53,74,22,45
1,<environment.Job instance at 0x7ffb1ed392d0>,32,17,[5 3],33,53,70,20,45
1,<environment.Job instance at 0x7ffb1eb1df50>,14,18,[ 3 10],15,74,92,59,64
1,<environment.Job instance at 0x7ffae055ccd0>,47,14,[ 4 10],48,92,106,44,80
1,<environment.Job instance at 0x7ffb1ef75820>,56,12,[8 5],57,106,118,49,91
1,<environment.Job instance at 0x7ffb1ef759b0>,58,3,[ 5 10],59,118,121,59,104
1,<environment.Job instance at 0x7ffb1c4a9820>,59,15,[10  1],60,121,136,61,107
1,<environment.Job instance at 0x7ffae06c68c0>,68,15,[7 3],69,136,151,67,133
1,<environment.Job instance at 0x7ffb1eb36dc0>,2,13,[2 5],3,3,16,0,3
1,<environment.Job instance at 0x7ffae04cdc30>,6,16,[ 1 10],7,16,32,9,7
1,<environment.Job instance at 0x7ffae04cdb90>,15,19,[5 1],16,32,51,16,26
1,<environment.Job instance at 0x7ffae04cdbe0>,19,3,[5 5],20,32,35,12,26
1,<environment.Job instance at 0x7ffae04cd500>,20,16,[1 7],21,35,51,14,26
1,<environment.Job instance at 0x7ffae04cdb40>,17,13,[2 9],18,51,64,33,39
1,<environment.Job instance at 0x7ffae04cd780>,18,13,[7 3],19,64,77,45,49
1,<environment.Job instance at 0x7ffb1c3e5780>,33,18,[2 7],34,64,82,30,59
1,<environment.Job instance at 0x7ffb1c3e5c30>,35,15,[10  1],36,82,97,46,73
1,<environment.Job instance at 0x7ffae0525a50>,24,28,[10  4],25,111,139,86,111
1,<environment.Job instance at 0x7ffb1c3e5960>,47,13,[3 5],48,139,152,91,126
1,<environment.Job instance at 0x7ffae0bfb410>,3,15,[ 5 10],4,4,19,0,4
1,<environment.Job instance at 0x7ffb1c8fcc80>,9,14,[ 5 10],10,19,33,9,10
1,<environment.Job instance at 0x7ffae0a3ca00>,11,13,[ 3 10],12,33,46,21,18
1,<environment.Job instance at 0x7ffb1ed36730>,26,17,[10  5],27,46,63,19,34
1,<environment.Job instance at 0x7ffae0caa0f0>,7,12,[10  3],8,63,75,55,50
1,<environment.Job instance at 0x7ffb1c52cbe0>,30,12,[4 7],31,75,87,44,58
1,<environment.Job instance at 0x7ffb1c9ac0a0>,36,3,[7 5],37,87,90,50,62
1,<environment.Job instance at 0x7ffae0e64b40>,44,15,[5 9],45,90,105,45,77
1,<environment.Job instance at 0x7ffae0e74690>,51,1,[8 1],52,105,106,53,93
1,<environment.Job instance at 0x7ffae0e74c80>,53,17,[2 7],54,105,122,51,93
1,<environment.Job instance at 0x7ffae0e74e60>,60,14,[7 4],61,122,136,61,108
1,<environment.Job instance at 0x7ffae0e6a960>,65,14,[5 5],66,136,150,70,125
1,<environment.Job instance at 0x7ffae0e6afa0>,67,20,[5 5],68,136,156,68,136
1,<environment.Job instance at 0x7f4745d930f0>,1,3,[ 2 10],2,2,5,0,2
1,<environment.Job instance at 0x7f4742984280>,3,22,[2 5],4,5,27,1,4
1,<environment.Job instance at 0x7f4742984190>,7,14,[7 5],8,8,22,0,8
1,<environment.Job instance at 0x7f47429846e0>,8,17,[1 8],9,27,44,18,15
1,<environment.Job instance at 0x7f4742984640>,10,22,[8 1],11,26,48,15,26
1,<environment.Job instance at 0x7f4742986410>,21,18,[9 4],22,48,66,26,40
1,<environment.Job instance at 0x7f47429867d0>,26,12,[8 5],27,66,78,39,49
1,<environment.Job instance at 0x7f4742984fa0>,18,26,[7 4],19,81,107,62,81
1,<environment.Job instance at 0x7f4742986fa0>,38,2,[6 1],39,107,109,68,81
1,<environment.Job instance at 0x7f4742986d70>,33,26,[3 6],34,81,107,47,81
1,<environment.Job instance at 0x7f4742989870>,44,3,[5 1],45,109,112,64,93
1,<environment.Job instance at 0x7f4742986d20>,35,16,[1 9],36,107,123,71,103
1,<environment.Job instance at 0x7f47429899b0>,45,15,[7 5],46,123,138,77,120
1,<environment.Job instance at 0x7f474298c730>,62,14,[4 9],63,138,152,75,133
1,<environment.Job instance at 0x7f4745f0a190>,8,2,[9 1],9,14,16,5,14
1,<environment.Job instance at 0x7f4745f09b40>,13,2,[9 4],14,16,18,2,16
1,<environment.Job instance at 0x7f4745f093c0>,15,2,[5 6],16,18,20,2,16
1,<environment.Job instance at 0x7f4745f09c80>,14,14,[10  5],15,20,34,5,16
1,<environment.Job instance at 0x7f4745f00a00>,20,17,[4 7],21,34,51,13,22
1,<environment.Job instance at 0x7f4745f00410>,24,19,[3 8],25,51,70,26,43
1,<environment.Job instance at 0x7f4745dbbdc0>,36,17,[9 1],37,70,87,33,59
1,<environment.Job instance at 0x7f4745dba5a0>,40,17,[9 5],41,87,104,46,76
1,<environment.Job instance at 0x7f4745dbacd0>,48,21,[2 7],49,115,136,66,115
1,<environment.Job instance at 0x7f4745f0e050>,50,23,[4 7],51,139,162,88,139
1,<environment.Job instance at 0x7f46fac8f3c0>,6,3,[4 5],7,7,10,0,7
1,<environment.Job instance at 0x7f46fac8fa50>,9,12,[6 3],10,13,25,3,13
1,<environment.Job instance at 0x7f46fac8f4b0>,7,16,[5 3],8,25,41,17,13
1,<environment.Job instance at 0x7f46fac8fe60>,10,3,[5 2],11,25,28,14,18
1,<environment.Job instance at 0x7f46fabd0690>,13,16,[4 5],14,28,44,14,18
1,<environment.Job instance at 0x7f46fabd0d20>,16,1,[9 2],17,44,45,27,21
1,<environment.Job instance at 0x7f46fabd0a00>,17,2,[1 8],18,44,46,26,21
1,<environment.Job instance at 0x7f4742b30960>,18,14,[9 4],19,46,60,27,31
1,<environment.Job instance at 0x7f4742756f00>,20,16,[8 3],21,60,76,39,53
1,<environment.Job instance at 0x7f47426fbd20>,29,2,[7 4],30,78,80,48,78
1,<environment.Job instance at 0x7f46facacf50>,30,3,[10  4],31,80,83,49,78
1,<environment.Job instance at 0x7f47426fb640>,31,2,[2 9],32,83,85,51,78
1,<environment.Job instance at 0x7f46fad308c0>,23,16,[ 4 10],24,85,101,61,80
1,<environment.Job instance at 0x7f46fabdd640>,40,3,[6 2],41,101,104,60,87
1,<environment.Job instance at 0x7f46facf9f50>,41,1,[5 8],42,104,105,62,87
1,<environment.Job instance at 0x7f46fabddcd0>,33,12,[2 7],34,105,117,71,90
1,<environment.Job instance at 0x7f46fabdd9b0>,39,15,[ 2 10],40,117,132,77,104
1,<environment.Job instance at 0x7f46fac22780>,51,2,[4 5],52,132,134,80,121
1,<environment.Job instance at 0x7f4742e20460>,55,2,[6 3],56,132,134,76,123
1,<environment.Job instance at 0x7f46facf9aa0>,44,21,[4 9],45,134,155,89,127
1,<environment.Job instance at 0x7f4742ba1aa0>,59,2,[8 2],60,155,157,95,138
1,<environment.Job instance at 0x7f4742a91690>,0,13,[5 5],1,1,14,0,1
1,<environment.Job instance at 0x7f4745301d20>,7,13,[3 7],8,14,27,6,8
1,<environment.Job instance at 0x7f4742af0dc0>,22,14,[5 3],23,23,37,0,23
1,<environment.Job instance at 0x7f46fb2bca50>,23,12,[2 7],24,27,39,3,24
1,<environment.Job instance at 0x7f4742a62b40>,16,12,[10  2],17,39,51,22,25
1,<environment.Job instance at 0x7f46fb149780>,20,12,[3 7],21,51,63,30,44
1,<environment.Job instance at 0x7f46fac81500>,35,12,[4 5],36,63,75,27,47
1,<environment.Job instance at 0x7f46fac81780>,40,15,[2 5],41,63,78,22,62
1,<environment.Job instance at 0x7f46fac81050>,37,18,[8 2],38,75,93,37,66
1,<environment.Job instance at 0x7f46fb13ef00>,47,16,[7 2],48,93,109,45,80
1,<environment.Job instance at 0x7f46fac29460>,56,22,[1 8],57,97,119,40,97
1,<environment.Job instance at 0x7f46fb13ed70>,45,17,[8 2],46,110,127,64,110
1,<environment.Job instance at 0x7f47426f6370>,61,15,[8 1],62,127,142,65,114
1,<environment.Job instance at 0x7f46fadbbf00>,65,3,[4 6],66,142,145,76,129
1,<environment.Job instance at 0x7f46fadbb5f0>,1,13,[10  2],2,2,15,0,2
1,<environment.Job instance at 0x7f46fb045f00>,3,24,[2 6],4,15,39,11,13
1,<environment.Job instance at 0x7f46fb215af0>,12,18,[6 2],13,15,33,2,15
1,<environment.Job instance at 0x7f47427ec0a0>,21,14,[3 6],22,39,53,17,24
1,<environment.Job instance at 0x7f46fb32ed70>,23,1,[1 6],24,53,54,29,25
1,<environment.Job instance at 0x7f4742dcf2d0>,17,15,[6 1],18,33,48,15,26
1,<environment.Job instance at 0x7f4742df3fa0>,27,15,[9 1],28,53,68,25,40
1,<environment.Job instance at 0x7f4742df3140>,29,17,[5 2],30,68,85,38,56
1,<environment.Job instance at 0x7f474278a960>,10,14,[5 8],11,68,82,57,56
1,<environment.Job instance at 0x7f4742de03c0>,39,17,[6 2],40,85,102,45,73
1,<environment.Job instance at 0x7f4742de0140>,46,16,[8 2],47,102,118,55,90
1,<environment.Job instance at 0x7f4742df3aa0>,25,16,[9 2],26,118,134,92,105
1,<environment.Job instance at 0x7f4742de3a00>,52,12,[7 2],53,134,146,81,118
1,<environment.Job instance at 0x7f4742dddd20>,59,15,[1 6],60,136,151,76,136
1,<environment.Job instance at 0x7f4742ddd7d0>,60,12,[2 9],61,151,163,90,137
1,<environment.Job instance at 0x7f4742ddda50>,61,15,[8 1],62,146,161,84,137
1,<environment.Job instance at 0x7f4742798190>,1,18,[4 8],2,2,20,0,2
1,<environment.Job instance at 0x7f4745902c80>,8,13,[ 3 10],9,20,33,11,10
1,<environment.Job instance at 0x7f4745902690>,13,17,[6 1],14,33,50,19,21
1,<environment.Job instance at 0x7f4745902460>,9,14,[4 7],10,33,47,23,21
1,<environment.Job instance at 0x7f47456da7d0>,25,12,[3 7],26,47,59,21,35
1,<environment.Job instance at 0x7f47456daaa0>,19,18,[5 2],20,50,68,30,42
1,<environment.Job instance at 0x7f47459028c0>,7,13,[4 7],8,59,72,51,52
1,<environment.Job instance at 0x7f474532ceb0>,36,20,[4 8],37,72,92,35,64
1,<environment.Job instance at 0x7f474591eb40>,43,18,[ 2 10],44,92,110,48,81
1,<environment.Job instance at 0x7f474591e230>,51,12,[3 9],52,118,130,66,118
1,<environment.Job instance at 0x7f46faeab960>,0,16,[ 2 10],1,1,17,0,1
1,<environment.Job instance at 0x7f46fb1695f0>,8,13,[5 5],9,17,30,8,12
1,<environment.Job instance at 0x7f46fb1f9820>,11,18,[8 1],12,30,48,18,19
1,<environment.Job instance at 0x7f46fb102370>,20,13,[3 8],21,48,61,27,32
1,<environment.Job instance at 0x7f46fae460a0>,21,15,[2 7],22,32,47,10,32
1,<environment.Job instance at 0x7f46fb102b90>,23,16,[5 2],24,48,64,24,42
1,<environment.Job instance at 0x7f4742905a00>,28,13,[8 3],29,64,77,35,48
1,<environment.Job instance at 0x7f47428ef3c0>,12,15,[3 9],13,77,92,64,69
1,<environment.Job instance at 0x7f47459574b0>,7,13,[5 8],8,92,105,84,77
1,<environment.Job instance at 0x7f47454261e0>,41,18,[7 2],42,105,123,63,95
1,<environment.Job instance at 0x7f4742a590f0>,9,17,[ 2 10],10,123,140,113,116
1,<environment.Job instance at 0x7f4742ca51e0>,47,12,[7 2],48,140,152,92,123
1,<environment.Job instance at 0x7f4742cd25a0>,51,15,[5 5],52,152,167,100,141
1,<environment.Job instance at 0x7f47457c28c0>,0,13,[7 3],1,1,14,0,1
1,<environment.Job instance at 0x7f46faba6820>,8,16,[1 7],9,9,25,0,9
1,<environment.Job instance at 0x7f46fabafeb0>,26,18,[5 4],27,41,59,14,41
1,<environment.Job instance at 0x7f46faba80f0>,30,17,[7 1],31,59,76,28,50
1,<environment.Job instance at 0x7f46fabaf4b0>,17,26,[3 7],18,65,91,47,65
1,<environment.Job instance at 0x7f46faba8b40>,42,13,[9 3],43,91,104,48,77
1,<environment.Job instance at 0x7f46faba8a00>,46,15,[10  2],47,104,119,57,99
1,<environment.Job instance at 0x7f46fabb03c0>,50,14,[10  4],51,119,133,68,105
1,<environment.Job instance at 0x7f46fabb0b90>,58,16,[10  1],59,133,149,74,121
1,<environment.Job instance at 0x7f46fabb0820>,64,15,[7 2],65,149,164,84,138
1,<environment.Job instance at 0x7f46fb11f780>,0,26,[4 8],1,2,28,1,2
1,<environment.Job instance at 0x7f46fb11f500>,4,15,[3 8],5,28,43,23,16
1,<environment.Job instance at 0x7f46fb11f140>,1,16,[2 7],2,43,59,41,30
1,<environment.Job instance at 0x7f4742a1f870>,13,18,[8 1],14,43,61,29,43
1,<environment.Job instance at 0x7f4745356050>,26,14,[6 1],27,61,75,34,47
1,<environment.Job instance at 0x7f4742a1f820>,12,18,[4 5],13,61,79,48,51
1,<environment.Job instance at 0x7f47453479b0>,37,15,[6 4],38,75,90,37,66
1,<environment.Job instance at 0x7f4745347870>,38,17,[3 8],39,90,107,51,78
1,<environment.Job instance at 0x7f46fae5c780>,33,17,[10  3],34,107,124,73,97
1,<environment.Job instance at 0x7f4742957f50>,53,26,[7 5],54,124,150,70,121
1,<environment.Job instance at 0x7f47429576e0>,56,20,[3 6],57,150,170,93,141
1,<environment.Job instance at 0x7f4742957460>,1,17,[5 6],2,2,19,0,2
1,<environment.Job instance at 0x7f47457c70f0>,10,2,[4 9],11,19,21,8,17
1,<environment.Job instance at 0x7f46faf82910>,13,17,[6 1],14,19,36,5,19
1,<environment.Job instance at 0x7f46faf82c30>,15,12,[1 9],16,28,40,12,28
1,<environment.Job instance at 0x7f4745358780>,17,12,[ 3 10],18,40,52,22,28
1,<environment.Job instance at 0x7f4742e295a0>,4,12,[4 9],5,52,64,47,38
1,<environment.Job instance at 0x7f46fae4f500>,12,15,[1 7],13,64,79,51,50
1,<environment.Job instance at 0x7f4742e344b0>,31,19,[5 5],32,79,98,47,76
1,<environment.Job instance at 0x7f47453ecc30>,37,3,[5 7],38,98,101,60,98
1,<environment.Job instance at 0x7f474285f460>,39,12,[7 1],40,101,113,61,100
1,<environment.Job instance at 0x7f474285faa0>,40,18,[5 7],41,113,131,72,102
1,<environment.Job instance at 0x7f474285f5f0>,41,23,[5 9],42,131,154,89,125
1,<environment.Job instance at 0x7f4742c6d550>,55,2,[1 8],56,154,156,98,137
1,<environment.Job instance at 0x7f46fb010a00>,23,12,[5 9],24,156,168,132,145
1,<environment.Job instance at 0x7f46fb2bac80>,0,14,[5 7],1,1,15,0,1
1,<environment.Job instance at 0x7f47428f4640>,11,12,[7 1],12,15,27,3,14
1,<environment.Job instance at 0x7f47428f41e0>,7,1,[9 3],8,27,28,19,16
1,<environment.Job instance at 0x7f47428f4af0>,16,17,[1 8],17,28,45,11,17
1,<environment.Job instance at 0x7f47428f4a50>,15,12,[9 2],16,28,40,12,25
1,<environment.Job instance at 0x7f47428f49b0>,14,13,[1 9],15,45,58,30,30
1,<environment.Job instance at 0x7f47428f48c0>,19,13,[9 5],20,58,71,38,42
1,<environment.Job instance at 0x7f47429125f0>,28,1,[7 2],29,71,72,42,47
1,<environment.Job instance at 0x7f47429120a0>,23,14,[4 6],24,72,86,48,58
1,<environment.Job instance at 0x7f4742912a00>,31,13,[5 2],32,72,85,40,65
1,<environment.Job instance at 0x7f4742912eb0>,40,20,[7 1],41,86,106,45,79
1,<environment.Job instance at 0x7f47428f4f00>,20,15,[2 8],21,86,101,65,81
1,<environment.Job instance at 0x7f4742912af0>,35,16,[5 1],36,106,122,70,96
1,<environment.Job instance at 0x7f47428ff9b0>,50,14,[6 3],51,122,136,71,114
1,<environment.Job instance at 0x7f47428ffaf0>,52,16,[6 1],53,136,152,83,124
1,<environment.Job instance at 0x7f47428fffa0>,58,1,[7 4],59,152,153,93,136
1,<environment.Job instance at 0x7f47428fff50>,59,2,[3 9],60,136,138,76,136
1,<environment.Job instance at 0x7f4742912d70>,42,14,[7 1],43,153,167,110,138
1,<environment.Job instance at 0x7f47428ef2d0>,1,16,[3 9],2,2,18,0,2
1,<environment.Job instance at 0x7f46fb16dcd0>,13,28,[6 1],14,14,42,0,14
1,<environment.Job instance at 0x7f46fad404b0>,19,17,[4 5],20,26,43,6,26
1,<environment.Job instance at 0x7f46fad40140>,22,14,[4 6],23,43,57,20,28
1,<environment.Job instance at 0x7f46fad40320>,27,19,[6 3],28,44,63,16,44
1,<environment.Job instance at 0x7f46faeafbe0>,32,18,[6 5],33,63,81,30,52
1,<environment.Job instance at 0x7f46faeaf320>,38,3,[1 7],39,81,84,42,66
1,<environment.Job instance at 0x7f46faeaf910>,30,18,[7 1],31,81,99,50,73
1,<environment.Job instance at 0x7f47454dc690>,43,12,[2 8],44,84,96,40,83
1,<environment.Job instance at 0x7f47429572d0>,47,1,[1 8],48,98,99,50,98
1,<environment.Job instance at 0x7f47429573c0>,48,18,[1 8],49,99,117,50,98
1,<environment.Job instance at 0x7f4742957b40>,54,13,[3 8],55,117,130,62,104
1,<environment.Job instance at 0x7f46faeafc80>,36,22,[3 7],37,130,152,93,125
1,<environment.Job instance at 0x7f47452c0e60>,59,1,[5 9],60,152,153,92,127
1,<environment.Job instance at 0x7f47452c0780>,60,12,[4 8],61,153,165,92,136
1,<environment.Job instance at 0x7f47428f3230>,15,13,[6 3],16,19,32,3,19
1,<environment.Job instance at 0x7f47428f3e60>,20,2,[3 7],21,25,27,4,25
1,<environment.Job instance at 0x7f46fab700f0>,23,18,[5 5],24,32,50,8,26
1,<environment.Job instance at 0x7f46fab70820>,25,13,[4 8],26,50,63,24,34
1,<environment.Job instance at 0x7f46fab70b90>,22,2,[8 4],23,63,65,40,36
1,<environment.Job instance at 0x7f46fab703c0>,27,3,[5 5],28,36,39,8,36
1,<environment.Job instance at 0x7f46fab73410>,33,12,[9 5],34,65,77,31,48
1,<environment.Job instance at 0x7f47452a4820>,37,17,[3 7],38,77,94,39,66
1,<environment.Job instance at 0x7f46fb339050>,45,15,[1 9],46,94,109,48,80
1,<environment.Job instance at 0x7f46fb339a00>,53,13,[7 4],54,109,122,55,93
1,<environment.Job instance at 0x7f46fb2b8960>,12,18,[2 9],13,135,153,122,135
1,<environment.Job instance at 0x7f4742c950f0>,0,16,[7 5],1,1,17,0,1
1,<environment.Job instance at 0x7f4742a7f500>,14,2,[4 5],15,17,19,2,16
1,<environment.Job instance at 0x7f4742a7f8c0>,13,16,[10  5],14,19,35,5,17
1,<environment.Job instance at 0x7f4742a90230>,20,21,[6 2],21,35,56,14,35
1,<environment.Job instance at 0x7f46fafaf050>,28,22,[4 8],29,40,62,11,40
1,<environment.Job instance at 0x7f46fb19fa50>,30,28,[4 7],31,62,90,31,61
1,<environment.Job instance at 0x7f4742aa45f0>,11,21,[4 8],12,90,111,78,82
1,<environment.Job instance at 0x7f46fb297a50>,39,12,[7 5],40,111,123,71,95
1,<environment.Job instance at 0x7f46fb0f7870>,57,13,[5 5],58,123,136,65,115
1,<environment.Job instance at 0x7f4742c0a2d0>,60,1,[4 9],61,136,137,75,122
1,<environment.Job instance at 0x7f4742c060a0>,61,3,[7 5],62,137,140,75,123
1,<environment.Job instance at 0x7f4742c06be0>,62,1,[5 4],63,123,124,60,123
1,<environment.Job instance at 0x7f4742c063c0>,63,2,[5 7],64,140,142,76,123
1,<environment.Job instance at 0x7f4742c06c80>,70,14,[3 8],71,142,156,71,129
1,<environment.Job instance at 0x7f46fab45cd0>,0,14,[2 6],1,1,15,0,1
1,<environment.Job instance at 0x7f46fb1ccb90>,3,15,[1 5],4,15,30,11,5
1,<environment.Job instance at 0x7f46fb1ccb40>,4,12,[9 4],5,18,30,13,18
1,<environment.Job instance at 0x7f4745211190>,12,18,[10  1],13,30,48,17,19
1,<environment.Job instance at 0x7f47452140a0>,23,14,[9 2],24,48,62,24,33
1,<environment.Job instance at 0x7f46fad885f0>,33,12,[5 5],34,62,74,28,46
1,<environment.Job instance at 0x7f46fad880f0>,34,14,[1 7],35,48,62,13,47
1,<environment.Job instance at 0x7f46fad88780>,36,19,[5 4],37,62,81,25,52
1,<environment.Job instance at 0x7f47454269b0>,43,18,[10  1],44,81,99,37,76
1,<environment.Job instance at 0x7f4745426640>,38,18,[4 6],39,99,117,60,88
1,<environment.Job instance at 0x7f47428ffc80>,22,15,[4 7],23,117,132,94,104
1,<environment.Job instance at 0x7f46fb270e10>,54,14,[5 8],55,132,146,77,124
1,<environment.Job instance at 0x7f47427dd230>,59,23,[9 3],60,146,169,86,141
1,<environment.Job instance at 0x7f46fabbf6e0>,1,3,[2 5],2,2,5,0,2
1,<environment.Job instance at 0x7f46fa920be0>,4,12,[6 3],5,5,17,0,5
1,<environment.Job instance at 0x7f46fa974a00>,5,14,[7 2],6,17,31,11,6
1,<environment.Job instance at 0x7f46fa974820>,12,20,[3 6],13,19,39,6,19
1,<environment.Job instance at 0x7f46fa971a00>,21,18,[3 7],22,39,57,17,28
1,<environment.Job instance at 0x7f46fa974780>,16,21,[10  4],17,57,78,40,49
1,<environment.Job instance at 0x7f46fa971370>,31,15,[5 5],32,78,93,46,64
1,<environment.Job instance at 0x7f46fa9151e0>,47,17,[3 5],48,85,102,37,85
1,<environment.Job instance at 0x7f46fa915a50>,51,20,[5 5],52,93,113,41,90
1,<environment.Job instance at 0x7f46fa915c30>,41,12,[ 5 10],42,113,125,71,97
1,<environment.Job instance at 0x7f46fa911370>,62,20,[ 1 10],63,125,145,62,117
1,<environment.Job instance at 0x7f46fa9539b0>,69,2,[ 5 10],70,145,147,75,131
1,<environment.Job instance at 0x7f46faf592d0>,0,13,[10  5],1,1,14,0,1
1,<environment.Job instance at 0x7f46fac8f820>,25,15,[3 7],26,31,46,5,31
1,<environment.Job instance at 0x7f46facbe500>,23,26,[7 3],24,40,66,16,40
1,<environment.Job instance at 0x7f46facad280>,29,16,[3 7],30,46,62,16,46
1,<environment.Job instance at 0x7f46fad6b7d0>,33,13,[5 5],34,66,79,32,51
1,<environment.Job instance at 0x7f46fb124f50>,38,3,[ 5 10],39,79,82,40,67
1,<environment.Job instance at 0x7f46fb124410>,39,15,[10  1],40,82,97,42,68
1,<environment.Job instance at 0x7f46fad6d410>,48,15,[7 3],49,97,112,48,83
1,<environment.Job instance at 0x7f46fac996e0>,6,27,[5 8],7,118,145,111,118
1,<environment.Job instance at 0x7f47457db910>,55,20,[5 6],56,145,165,89,138
1,<environment.Job instance at 0x7f46fadb9870>,0,2,[2 7],1,1,3,0,1
1,<environment.Job instance at 0x7f46fa9adaa0>,3,18,[2 7],4,4,22,0,4
1,<environment.Job instance at 0x7f46fa9ad0a0>,5,15,[10  1],6,22,37,16,10
1,<environment.Job instance at 0x7f4745757b40>,20,15,[ 4 10],21,37,52,16,23
1,<environment.Job instance at 0x7f46fadbd960>,28,2,[9 3],29,52,54,23,40
1,<environment.Job instance at 0x7f4742d844b0>,32,1,[1 6],33,52,53,19,40
1,<environment.Job instance at 0x7f4742d84fa0>,34,12,[10  4],35,54,66,19,40
1,<environment.Job instance at 0x7f47428d2280>,15,15,[6 2],16,66,81,50,52
1,<environment.Job instance at 0x7f4742d843c0>,37,16,[2 5],38,66,82,28,58
1,<environment.Job instance at 0x7f4742ae6460>,41,2,[4 6],42,82,84,40,61
1,<environment.Job instance at 0x7f47427ce960>,49,12,[6 4],50,81,93,31,67
1,<environment.Job instance at 0x7f46fae9ffa0>,44,1,[10  1],45,93,94,48,83
1,<environment.Job instance at 0x7f4742b93d70>,55,20,[5 4],56,94,114,38,86
1,<environment.Job instance at 0x7f46fb34aa00>,14,19,[3 6],15,94,113,79,90
1,<environment.Job instance at 0x7f4745db7820>,13,17,[ 1 10],14,114,131,100,103
1,<environment.Job instance at 0x7f4745605460>,62,3,[1 9],63,131,134,68,111
1,<environment.Job instance at 0x7f4742859640>,70,17,[2 8],71,134,151,63,126
1,<environment.Job instance at 0x7f474585e780>,2,17,[5 5],3,3,20,0,3
1,<environment.Job instance at 0x7f4742acec80>,5,13,[1 9],6,20,33,14,6
1,<environment.Job instance at 0x7f4742ace5a0>,13,17,[2 7],14,33,50,19,21
1,<environment.Job instance at 0x7f46fa9b5b90>,21,13,[6 4],22,50,63,28,34
1,<environment.Job instance at 0x7f4742acebe0>,14,3,[7 3],15,46,49,31,46
1,<environment.Job instance at 0x7f46fa9b5190>,28,20,[6 2],29,63,83,34,54
1,<environment.Job instance at 0x7f46fabaaaa0>,37,14,[5 4],38,83,97,45,68
1,<environment.Job instance at 0x7f46fa9b5d20>,27,20,[5 5],28,83,103,55,81
1,<environment.Job instance at 0x7f46fabaa1e0>,44,17,[5 1],45,97,114,52,88
1,<environment.Job instance at 0x7f4742ab86e0>,47,23,[2 9],48,103,126,55,97
1,<environment.Job instance at 0x7f4742ab8e60>,49,16,[7 1],50,114,130,64,101
1,<environment.Job instance at 0x7f46fa9b5320>,17,16,[3 9],18,126,142,108,116
1,<environment.Job instance at 0x7f46fa960dc0>,62,13,[4 8],63,142,155,79,129
1,<environment.Job instance at 0x7f46fa960c80>,65,3,[3 7],66,155,158,89,131
1,<environment.Job instance at 0x7f46fa960c30>,66,1,[6 3],67,155,156,88,133
1,<environment.Job instance at 0x7f46fab8baf0>,1,1,[4 8],2,2,3,0,2
1,<environment.Job instance at 0x7f46fac1d0f0>,3,17,[5 3],4,4,21,0,4
1,<environment.Job instance at 0x7f4742cdb5a0>,11,18,[7 5],12,21,39,9,15
1,<environment.Job instance at 0x7f46fa984b40>,21,14,[5 2],22,39,53,17,30
1,<environment.Job instance at 0x7f4742d52af0>,14,13,[ 2 10],15,53,66,38,37
1,<environment.Job instance at 0x7f46fa984e10>,26,23,[ 4 10],27,66,89,39,61
1,<environment.Job instance at 0x7f4742a64e60>,38,12,[9 2],39,89,101,50,72
1,<environment.Job instance at 0x7f4742a64500>,40,3,[9 5],41,101,104,60,87
1,<environment.Job instance at 0x7f4742a64640>,43,1,[2 9],44,104,105,60,87
1,<environment.Job instance at 0x7f4742a644b0>,45,2,[10  4],46,105,107,59,89
1,<environment.Job instance at 0x7f4742a3aa00>,47,1,[8 1],48,104,105,56,89
1,<environment.Job instance at 0x7f4742a3af00>,48,17,[6 1],49,107,124,58,97
1,<environment.Job instance at 0x7f4742a3aaf0>,55,16,[3 7],56,108,124,52,108
1,<environment.Job instance at 0x7f4742a3a140>,57,14,[5 3],58,124,138,66,109
1,<environment.Job instance at 0x7f4742a73e60>,61,14,[8 4],62,138,152,76,124
1,<environment.Job instance at 0x7f676e9170f0>,1,3,[ 2 10],2,2,5,0,2
1,<environment.Job instance at 0x7f6769508280>,3,22,[2 5],4,5,27,1,4
1,<environment.Job instance at 0x7f6769508550>,6,15,[2 8],7,27,42,20,14
1,<environment.Job instance at 0x7f67695087d0>,10,22,[8 1],11,22,44,11,22
1,<environment.Job instance at 0x7f6769508be0>,18,26,[7 4],19,44,70,25,42
1,<environment.Job instance at 0x7f676950c780>,27,17,[4 6],28,70,87,42,58
1,<environment.Job instance at 0x7f676950cc30>,33,26,[3 6],34,87,113,53,86
1,<environment.Job instance at 0x7f676950ce60>,39,14,[9 4],40,113,127,73,98
1,<environment.Job instance at 0x7f676950d5a0>,46,2,[3 5],47,127,129,80,117
1,<environment.Job instance at 0x7f676950d780>,48,12,[9 2],49,129,141,80,123
1,<environment.Job instance at 0x7f676e916fa0>,7,14,[7 5],8,141,155,133,126
1,<environment.Job instance at 0x7f676950dfa0>,56,3,[8 4],57,155,158,98,137
1,<environment.Job instance at 0x7f67695104b0>,60,2,[2 6],61,155,157,94,140
1,<environment.Job instance at 0x7f6769510140>,61,1,[7 5],62,158,159,96,140
1,<environment.Job instance at 0x7f6769510320>,2,20,[10  5],3,3,23,0,3
1,<environment.Job instance at 0x7f676ea8d730>,11,13,[5 7],12,23,36,11,13
1,<environment.Job instance at 0x7f676ea8d690>,15,17,[5 1],16,28,45,12,28
1,<environment.Job instance at 0x7f676ea88230>,21,18,[6 2],22,45,63,23,39
1,<environment.Job instance at 0x7f676ea88820>,26,17,[9 1],27,63,80,36,56
1,<environment.Job instance at 0x7f676ea8d370>,10,17,[4 7],11,95,112,84,95
1,<environment.Job instance at 0x7f67695d0b40>,1,12,[5 4],2,112,124,110,102
1,<environment.Job instance at 0x7f676ea886e0>,24,19,[6 2],25,124,143,99,116
1,<environment.Job instance at 0x7f676e93ec80>,40,23,[4 7],41,124,147,83,121
1,<environment.Job instance at 0x7f676e93ed70>,47,2,[10  3],48,147,149,99,128
1,<environment.Job instance at 0x7f676e93e410>,46,16,[6 5],47,149,165,102,136
1,<environment.Job instance at 0x7f67237c1910>,5,27,[4 5],6,12,39,6,12
1,<environment.Job instance at 0x7f6769280780>,20,3,[6 2],21,21,24,0,21
1,<environment.Job instance at 0x7f67237cb050>,19,15,[ 2 10],20,39,54,19,25
1,<environment.Job instance at 0x7f676934e280>,26,13,[2 5],27,54,67,27,39
1,<environment.Job instance at 0x7f67237c00a0>,34,16,[5 2],35,54,70,19,53
1,<environment.Job instance at 0x7f67237cbbe0>,23,17,[7 1],24,70,87,46,58
1,<environment.Job instance at 0x7f6769725910>,44,14,[3 8],45,74,88,29,74
1,<environment.Job instance at 0x7f672375d820>,46,18,[8 3],47,88,106,41,78
1,<environment.Job instance at 0x7f6723753280>,55,15,[1 5],56,89,104,33,89
1,<environment.Job instance at 0x7f676927bf00>,60,16,[ 4 10],61,106,122,45,93
1,<environment.Job instance at 0x7f67692728c0>,50,12,[3 8],51,122,134,71,106
1,<environment.Job instance at 0x7f6769717870>,69,18,[10  4],70,134,152,64,124
1,<environment.Job instance at 0x7f6723da5410>,0,13,[5 5],1,1,14,0,1
1,<environment.Job instance at 0x7f67695ee550>,10,15,[2 5],11,14,29,3,14
1,<environment.Job instance at 0x7f67695728c0>,16,16,[1 9],17,29,45,12,19
1,<environment.Job instance at 0x7f672376ca50>,22,16,[10  4],23,45,61,22,33
1,<environment.Job instance at 0x7f67237abb40>,31,15,[8 1],32,61,76,29,56
1,<environment.Job instance at 0x7f676ea91fa0>,34,16,[6 1],35,76,92,41,63
1,<environment.Job instance at 0x7f67237abd20>,26,22,[1 8],27,72,94,45,72
1,<environment.Job instance at 0x7f67238055a0>,45,1,[5 4],46,94,95,48,79
1,<environment.Job instance at 0x7f676deac500>,49,18,[1 7],50,95,113,45,85
1,<environment.Job instance at 0x7f676deac140>,50,14,[7 2],51,95,109,44,91
1,<environment.Job instance at 0x7f67694b4b90>,53,22,[3 5],54,113,135,59,106
1,<environment.Job instance at 0x7f67237efd20>,59,18,[3 8],60,135,153,75,134
1,<environment.Job instance at 0x7f67237ef7d0>,61,12,[1 6],62,153,165,91,136
1,<environment.Job instance at 0x7f6723951050>,1,18,[4 9],2,2,20,0,2
1,<environment.Job instance at 0x7f6723b21050>,8,14,[8 5],9,20,34,11,10
1,<environment.Job instance at 0x7f6723b42eb0>,14,14,[ 1 10],15,34,48,19,25
1,<environment.Job instance at 0x7f67694787d0>,15,13,[5 7],16,48,61,32,32
1,<environment.Job instance at 0x7f6723b14d20>,21,15,[8 1],22,61,76,39,47
1,<environment.Job instance at 0x7f6723b12460>,30,16,[5 4],31,76,92,45,64
1,<environment.Job instance at 0x7f6723b19820>,34,17,[3 5],35,76,93,41,76
1,<environment.Job instance at 0x7f6723b19550>,38,23,[3 9],39,93,116,54,87
1,<environment.Job instance at 0x7f6723b19910>,42,14,[2 6],43,116,130,73,101
1,<environment.Job instance at 0x7f6723b104b0>,46,12,[1 7],47,130,142,83,118
1,<environment.Job instance at 0x7f6723b100f0>,49,15,[ 2 10],50,142,157,92,128
1,<environment.Job instance at 0x7f6723c03500>,0,15,[3 8],1,1,16,0,1
1,<environment.Job instance at 0x7f6723ea8dc0>,15,14,[10  1],16,24,38,8,24
1,<environment.Job instance at 0x7f6723ea80f0>,17,17,[2 7],18,38,55,20,31
1,<environment.Job instance at 0x7f676e2cbdc0>,26,15,[5 1],27,39,54,12,39
1,<environment.Job instance at 0x7f676e2cb460>,31,15,[6 3],32,54,69,22,54
1,<environment.Job instance at 0x7f676e2cb140>,32,12,[6 2],33,69,81,36,58
1,<environment.Job instance at 0x7f676e2c3e60>,36,13,[6 5],37,81,94,44,65
1,<environment.Job instance at 0x7f676e2c38c0>,34,23,[4 5],35,75,98,40,75
1,<environment.Job instance at 0x7f676e2c30f0>,42,2,[3 6],43,98,100,55,77
1,<environment.Job instance at 0x7f676e2c35a0>,39,18,[7 4],40,98,116,58,89
1,<environment.Job instance at 0x7f676e2cba00>,30,18,[2 7],31,116,134,85,109
1,<environment.Job instance at 0x7f676e265370>,49,20,[6 3],50,116,136,66,111
1,<environment.Job instance at 0x7f676e265f50>,56,14,[10  1],57,136,150,79,124
1,<environment.Job instance at 0x7f676e265a00>,58,2,[2 5],59,134,136,75,124
1,<environment.Job instance at 0x7f676e265eb0>,59,12,[7 5],60,150,162,90,133
1,<environment.Job instance at 0x7f676de00370>,2,3,[7 1],3,3,6,0,3
1,<environment.Job instance at 0x7f672399d5f0>,4,13,[5 7],5,6,19,1,6
1,<environment.Job instance at 0x7f6723a65140>,9,12,[1 6],10,19,31,9,10
1,<environment.Job instance at 0x7f6723cfc320>,7,1,[5 4],8,19,20,11,16
1,<environment.Job instance at 0x7f6769446640>,15,15,[7 1],16,20,35,4,17
1,<environment.Job instance at 0x7f6723d7c7d0>,12,15,[4 9],13,35,50,22,25
1,<environment.Job instance at 0x7f67237fe960>,19,14,[5 3],20,50,64,30,39
1,<environment.Job instance at 0x7f67695d1280>,5,17,[8 5],6,64,81,58,53
1,<environment.Job instance at 0x7f6723e3f730>,28,17,[9 2],29,89,106,60,89
1,<environment.Job instance at 0x7f67693c6190>,41,25,[9 1],42,111,136,69,111
1,<environment.Job instance at 0x7f6769422fa0>,45,17,[6 4],46,136,153,90,129
1,<environment.Job instance at 0x7f6769422550>,47,18,[5 5],48,153,171,105,144
1,<environment.Job instance at 0x7f6723955f00>,50,27,[5 4],51,153,180,102,152
1,<environment.Job instance at 0x7f67698f2d20>,0,15,[5 8],1,1,16,0,1
1,<environment.Job instance at 0x7f672373c5a0>,17,23,[9 2],18,22,45,4,22
1,<environment.Job instance at 0x7f672373c6e0>,19,3,[1 9],20,45,48,25,22
1,<environment.Job instance at 0x7f672373c640>,18,3,[6 1],19,45,48,26,26
1,<environment.Job instance at 0x7f672373c2d0>,20,15,[4 8],21,48,63,27,34
1,<environment.Job instance at 0x7f67237499b0>,34,12,[9 4],35,63,75,28,50
1,<environment.Job instance at 0x7f6723749050>,33,14,[4 9],34,75,89,41,66
1,<environment.Job instance at 0x7f6723749d20>,41,18,[5 5],42,89,107,47,78
1,<environment.Job instance at 0x7f672374a1e0>,44,16,[4 7],45,107,123,62,94
1,<environment.Job instance at 0x7f67237495f0>,32,18,[ 2 10],33,123,141,90,112
1,<environment.Job instance at 0x7f672374abe0>,59,14,[5 4],60,141,155,81,130
1,<environment.Job instance at 0x7f6723a72910>,3,2,[9 4],4,4,6,0,4
1,<environment.Job instance at 0x7f6723e4b1e0>,5,17,[5 9],6,6,23,0,6
1,<environment.Job instance at 0x7f6723c9e3c0>,8,17,[4 9],9,23,40,14,14
1,<environment.Job instance at 0x7f6723c9e7d0>,11,17,[8 2],12,40,57,28,29
1,<environment.Job instance at 0x7f67693f2f50>,21,17,[7 2],22,57,74,35,45
1,<environment.Job instance at 0x7f676e2e7f00>,26,14,[1 5],27,53,67,26,53
1,<environment.Job instance at 0x7f6723a7b230>,15,16,[3 8],16,67,83,51,60
1,<environment.Job instance at 0x7f67695a4050>,16,14,[4 7],17,83,97,66,68
1,<environment.Job instance at 0x7f67697bf6e0>,36,17,[1 6],37,97,114,60,85
1,<environment.Job instance at 0x7f676df3fc80>,17,18,[5 4],18,97,115,79,92
1,<environment.Job instance at 0x7f6723c55230>,39,13,[4 7],40,115,128,75,100
1,<environment.Job instance at 0x7f676935fb40>,51,18,[7 1],52,128,146,76,117
1,<environment.Job instance at 0x7f676e2e17d0>,45,12,[5 9],46,146,158,100,129
1,<environment.Job instance at 0x7f676deabe60>,1,1,[4 8],2,2,3,0,2
1,<environment.Job instance at 0x7f6769999a00>,2,17,[5 9],3,3,20,0,3
1,<environment.Job instance at 0x7f6769501b90>,7,17,[3 7],8,20,37,12,8
1,<environment.Job instance at 0x7f6723adcaf0>,21,12,[10  5],22,37,49,15,37
1,<environment.Job instance at 0x7f67697a3190>,25,12,[3 5],26,49,61,23,37
1,<environment.Job instance at 0x7f6723945b90>,27,14,[6 2],28,49,63,21,46
1,<environment.Job instance at 0x7f6723dde730>,20,13,[5 8],21,63,76,42,48
1,<environment.Job instance at 0x7f6769922960>,33,1,[5 2],34,63,64,29,49
1,<environment.Job instance at 0x7f672393ab40>,39,12,[ 5 10],40,76,88,36,65
1,<environment.Job instance at 0x7f6723daf460>,41,12,[ 4 10],42,88,100,46,72
1,<environment.Job instance at 0x7f6723daf2d0>,45,2,[1 6],46,100,102,54,84
1,<environment.Job instance at 0x7f6723dde960>,18,14,[3 7],19,102,116,83,92
1,<environment.Job instance at 0x7f672393a5f0>,38,17,[3 7],39,116,133,77,105
1,<environment.Job instance at 0x7f6723dcf460>,53,17,[6 3],54,116,133,62,116
1,<environment.Job instance at 0x7f676de9ddc0>,57,13,[ 2 10],58,133,146,75,119
1,<environment.Job instance at 0x7f6723c55f50>,1,18,[5 5],2,2,20,0,2
1,<environment.Job instance at 0x7f676e0d5640>,10,15,[10  5],11,20,35,9,11
1,<environment.Job instance at 0x7f676e0d5730>,11,17,[8 2],12,35,52,23,33
1,<environment.Job instance at 0x7f676e0d5c80>,17,17,[2 7],18,35,52,17,33
1,<environment.Job instance at 0x7f676e0d5e10>,19,14,[6 4],20,52,66,32,38
1,<environment.Job instance at 0x7f676e0c72d0>,26,12,[6 4],27,66,78,39,52
1,<environment.Job instance at 0x7f676e0c77d0>,30,17,[1 5],31,57,74,26,57
1,<environment.Job instance at 0x7f676e0c75f0>,31,17,[10  2],32,78,95,46,66
1,<environment.Job instance at 0x7f676e0c7d70>,36,1,[4 9],37,95,96,58,69
1,<environment.Job instance at 0x7f676e0c7820>,32,12,[3 7],33,96,108,63,84
1,<environment.Job instance at 0x7f676e0d72d0>,47,2,[5 7],48,108,110,60,99
1,<environment.Job instance at 0x7f676e0d7730>,48,3,[6 5],49,110,113,61,99
1,<environment.Job instance at 0x7f676e0d77d0>,49,3,[2 6],50,113,116,63,99
1,<environment.Job instance at 0x7f676e0d5f50>,21,13,[ 5 10],22,116,129,94,100
1,<environment.Job instance at 0x7f676e0d7870>,50,3,[1 5],51,110,113,59,100
1,<environment.Job instance at 0x7f676e0d7fa0>,55,14,[6 4],56,129,143,73,114
1,<environment.Job instance at 0x7f676e0d7640>,46,14,[8 4],47,143,157,96,129
1,<environment.Job instance at 0x7f676999efa0>,0,15,[9 4],1,2,17,1,2
1,<environment.Job instance at 0x7f67694b4e60>,13,18,[10  5],14,30,48,16,30
1,<environment.Job instance at 0x7f67694b42d0>,15,12,[9 4],16,48,60,32,33
1,<environment.Job instance at 0x7f67694b4690>,18,16,[8 2],19,60,76,41,52
1,<environment.Job instance at 0x7f676999ecd0>,4,18,[6 4],5,76,94,71,66
1,<environment.Job instance at 0x7f67236e5aa0>,40,22,[ 3 10],41,94,116,53,87
1,<environment.Job instance at 0x7f6723e013c0>,52,18,[2 9],53,116,134,63,105
1,<environment.Job instance at 0x7f676e2a7140>,58,1,[1 5],59,134,135,75,120
1,<environment.Job instance at 0x7f676e2a71e0>,60,2,[3 7],61,135,137,74,120
1,<environment.Job instance at 0x7f67236e5cd0>,35,17,[2 7],36,137,154,101,129
1,<environment.Job instance at 0x7f676e174780>,0,17,[10  5],1,1,18,0,1
1,<environment.Job instance at 0x7f676ddbde60>,12,18,[3 6],13,18,36,5,15
1,<environment.Job instance at 0x7f67698ac690>,19,3,[7 2],20,21,24,1,21
1,<environment.Job instance at 0x7f676ddbdf50>,10,12,[1 9],11,36,48,25,22
1,<environment.Job instance at 0x7f676ddbd7d0>,15,3,[2 5],16,48,51,32,27
1,<environment.Job instance at 0x7f67698ac550>,22,17,[5 3],23,48,65,25,36
1,<environment.Job instance at 0x7f67694add20>,30,16,[7 5],31,65,81,34,52
1,<environment.Job instance at 0x7f6723c9f960>,38,14,[3 7],39,81,95,42,69
1,<environment.Job instance at 0x7f6723c9f050>,43,16,[10  5],44,95,111,51,82
1,<environment.Job instance at 0x7f6723703730>,51,1,[5 3],52,93,94,41,93
1,<environment.Job instance at 0x7f6723703af0>,52,3,[3 6],53,111,114,58,93
1,<environment.Job instance at 0x7f676e811910>,54,1,[1 9],55,114,115,59,98
1,<environment.Job instance at 0x7f676e811dc0>,55,2,[ 3 10],56,115,117,59,98
1,<environment.Job instance at 0x7f676949c8c0>,56,1,[10  1],57,117,118,60,98
1,<environment.Job instance at 0x7f676949c280>,58,22,[4 8],59,118,140,59,111
1,<environment.Job instance at 0x7f6723703e60>,50,21,[6 2],51,118,139,67,116
1,<environment.Job instance at 0x7f676e84d5f0>,6,16,[10  4],7,140,156,133,129
1,<environment.Job instance at 0x7f6769903280>,1,12,[7 4],2,2,14,0,2
1,<environment.Job instance at 0x7f676945feb0>,11,16,[5 9],12,14,30,2,12
1,<environment.Job instance at 0x7f676945fa50>,12,17,[7 4],13,30,47,17,18
1,<environment.Job instance at 0x7f676deaf1e0>,25,18,[6 1],26,47,65,21,36
1,<environment.Job instance at 0x7f676991c410>,20,14,[2 6],21,36,50,15,36
1,<environment.Job instance at 0x7f67238ad6e0>,33,15,[7 2],34,65,80,31,54
1,<environment.Job instance at 0x7f67695eab90>,34,27,[1 7],35,55,82,20,55
1,<environment.Job instance at 0x7f676de85dc0>,38,17,[3 6],39,82,99,43,70
1,<environment.Job instance at 0x7f676dfbf730>,44,2,[10  4],45,99,101,54,72
1,<environment.Job instance at 0x7f676dfbfe10>,45,2,[6 1],46,80,82,34,72
1,<environment.Job instance at 0x7f676dfbfbe0>,50,13,[4 7],51,101,114,50,85
1,<environment.Job instance at 0x7f676dfbfaa0>,52,1,[ 4 10],53,114,115,61,86
1,<environment.Job instance at 0x7f676dfab960>,55,13,[10  4],56,115,128,59,99
1,<environment.Job instance at 0x7f67698ffb40>,22,18,[ 1 10],23,128,146,105,117
1,<environment.Job instance at 0x7f6769919910>,30,14,[10  1],31,146,160,115,131
1,<environment.Job instance at 0x7f676dfc0af0>,68,3,[9 1],69,160,163,91,134
1,<environment.Job instance at 0x7f6723c8d190>,4,15,[2 8],5,5,20,0,5
1,<environment.Job instance at 0x7f67698ac5a0>,7,18,[5 9],8,20,38,12,9
1,<environment.Job instance at 0x7f67697d6d70>,23,17,[10  4],24,38,55,14,26
1,<environment.Job instance at 0x7f6723af6870>,30,16,[10  1],31,58,74,27,58
1,<environment.Job instance at 0x7f6723af6550>,33,13,[5 5],34,74,87,40,61
1,<environment.Job instance at 0x7f67697d61e0>,22,20,[3 6],23,87,107,64,79
1,<environment.Job instance at 0x7f6723a722d0>,40,13,[4 5],41,107,120,66,91
1,<environment.Job instance at 0x7f6723a72fa0>,41,15,[5 5],42,107,122,65,93
1,<environment.Job instance at 0x7f67237a8910>,52,15,[9 5],53,122,137,69,115
1,<environment.Job instance at 0x7f67238ea0a0>,57,17,[3 5],58,137,154,79,125
1,<environment.Job instance at 0x7f6723af6c80>,38,17,[7 2],39,137,154,98,135
1,<environment.Job instance at 0x7f6723906af0>,0,13,[10  5],1,1,14,0,1
1,<environment.Job instance at 0x7f67235701e0>,9,1,[4 9],10,14,15,4,10
1,<environment.Job instance at 0x7f6723e38820>,22,12,[2 7],23,24,36,1,24
1,<environment.Job instance at 0x7f67234f0b40>,23,26,[7 3],24,25,51,1,25
1,<environment.Job instance at 0x7f6723e10f50>,27,14,[ 4 10],28,51,65,23,39
1,<environment.Job instance at 0x7f6723e109b0>,32,13,[4 9],33,65,78,32,50
1,<environment.Job instance at 0x7f672352dbe0>,36,12,[8 5],37,78,90,41,62
1,<environment.Job instance at 0x7f67234f0190>,25,15,[3 7],26,90,105,64,76
1,<environment.Job instance at 0x7f672352d640>,45,12,[5 5],46,105,117,59,93
1,<environment.Job instance at 0x7f67234f5d70>,52,14,[6 4],53,117,131,64,112
1,<environment.Job instance at 0x7f67234f5be0>,53,27,[4 5],54,112,139,58,112
1,<environment.Job instance at 0x7f67234f5820>,55,20,[5 6],56,139,159,83,130
1,<environment.Job instance at 0x7f67234f57d0>,1,14,[2 5],2,2,16,0,2
1,<environment.Job instance at 0x7f6723cf3fa0>,5,15,[6 2],6,6,21,0,6
1,<environment.Job instance at 0x7f6723cf3690>,7,13,[3 5],8,16,29,8,8
1,<environment.Job instance at 0x7f6723cebbe0>,10,15,[ 4 10],11,29,44,18,15
1,<environment.Job instance at 0x7f67692cbd70>,24,12,[10  4],25,44,56,19,27
1,<environment.Job instance at 0x7f67692e7f00>,31,2,[4 6],32,56,58,24,45
1,<environment.Job instance at 0x7f67692ce050>,32,3,[10  2],33,58,61,25,46
1,<environment.Job instance at 0x7f67692e80a0>,33,12,[9 4],34,61,73,27,47
1,<environment.Job instance at 0x7f6723639500>,41,3,[6 4],42,73,76,31,59
1,<environment.Job instance at 0x7f67692b3b40>,26,15,[8 4],27,76,91,49,63
1,<environment.Job instance at 0x7f676dd1a870>,48,2,[1 8],49,91,93,42,79
1,<environment.Job instance at 0x7f676dd1a640>,50,15,[3 9],51,93,108,42,79
1,<environment.Job instance at 0x7f67234f58c0>,3,17,[ 1 10],4,108,125,104,96
1,<environment.Job instance at 0x7f676dd04e10>,56,13,[9 4],57,125,138,68,112
1,<environment.Job instance at 0x7f676dd04460>,58,21,[1 6],59,125,146,66,117
1,<environment.Job instance at 0x7f676dd04a50>,62,3,[8 5],63,146,149,83,120
1,<environment.Job instance at 0x7f6723d64910>,65,16,[7 5],66,149,165,83,136
1,<environment.Job instance at 0x7f672352dc80>,2,1,[2 7],3,3,4,0,3
1,<environment.Job instance at 0x7f6723ddd690>,3,18,[5 3],4,4,22,0,4
1,<environment.Job instance at 0x7f6723ddde60>,4,14,[7 5],5,22,36,17,7
1,<environment.Job instance at 0x7f67692eda00>,12,15,[6 5],13,36,51,23,23
1,<environment.Job instance at 0x7f6723ddb1e0>,22,12,[10  2],23,51,63,28,37
1,<environment.Job instance at 0x7f676e4a7640>,34,17,[5 5],35,63,80,28,55
1,<environment.Job instance at 0x7f676e4a7f00>,37,15,[5 3],38,64,79,26,64
1,<environment.Job instance at 0x7f67238a8500>,24,17,[5 1],25,79,96,54,72
1,<environment.Job instance at 0x7f672388b9b0>,44,13,[5 5],45,80,93,35,79
1,<environment.Job instance at 0x7f672388b280>,45,3,[3 7],46,93,96,47,79
1,<environment.Job instance at 0x7f672388b870>,47,3,[8 2],48,96,99,48,79
1,<environment.Job instance at 0x7f676e2e1a50>,50,13,[10  5],51,99,112,48,84
1,<environment.Job instance at 0x7f67695ea2d0>,42,13,[4 8],43,112,125,69,102
1,<environment.Job instance at 0x7f676df71be0>,60,12,[1 7],61,125,137,64,114
1,<environment.Job instance at 0x7f6723cbb280>,61,15,[4 5],62,137,152,75,123
1,<environment.Job instance at 0x7f67699c5af0>,65,1,[5 1],66,138,139,72,138
1,<environment.Job instance at 0x7f676948fe60>,1,28,[9 4],2,32,60,30,32
1,<environment.Job instance at 0x7f6723555dc0>,22,1,[2 8],23,60,61,37,32
1,<environment.Job instance at 0x7f6723555d70>,30,1,[10  2],31,61,62,30,45
1,<environment.Job instance at 0x7f6723555050>,31,14,[8 4],32,62,76,30,47
1,<environment.Job instance at 0x7f67698345a0>,35,27,[1 5],36,70,97,34,70
1,<environment.Job instance at 0x7f6723924dc0>,21,18,[9 3],22,78,96,56,78
1,<environment.Job instance at 0x7f676934a280>,49,15,[9 4],50,96,111,46,86
1,<environment.Job instance at 0x7f67696a9410>,56,13,[ 3 10],57,111,124,54,98
1,<environment.Job instance at 0x7f67692e7730>,3,16,[6 3],4,4,20,0,4
1,<environment.Job instance at 0x7f6723dcfaa0>,14,20,[ 1 10],15,20,40,5,15
1,<environment.Job instance at 0x7f67239e5550>,17,18,[6 1],18,40,58,22,37
1,<environment.Job instance at 0x7f6723412280>,24,15,[4 7],25,40,55,15,38
1,<environment.Job instance at 0x7f67234120a0>,26,12,[5 2],27,58,70,31,49
1,<environment.Job instance at 0x7f67235601e0>,36,15,[7 3],37,70,85,33,56
1,<environment.Job instance at 0x7f67235600f0>,34,16,[6 1],35,85,101,50,72
1,<environment.Job instance at 0x7f672356c960>,41,2,[8 5],42,101,103,59,74
1,<environment.Job instance at 0x7f672356cc30>,44,15,[10  3],45,103,118,58,93
1,<environment.Job instance at 0x7f6723576af0>,50,15,[1 5],51,118,133,67,118
1,<environment.Job instance at 0x7f6723576500>,51,1,[6 1],52,118,119,66,118
1,<environment.Job instance at 0x7f672356c1e0>,48,15,[10  5],49,133,148,84,120
1,<environment.Job instance at 0x7f672356a550>,58,18,[5 3],59,148,166,89,137
1,<environment.Job instance at 0x7f67235761e0>,54,14,[2 5],55,148,162,93,137
1,<environment.Job instance at 0x7f672356ac80>,60,3,[5 4],61,162,165,101,138
1,<environment.Job instance at 0x7f672356a2d0>,62,2,[5 1],63,165,167,102,140
1,<environment.Job instance at 0x7ffaff35e0a0>,2,14,[ 2 10],3,3,17,0,3
1,<environment.Job instance at 0x7ffafe1ff230>,4,13,[3 6],5,17,30,12,5
1,<environment.Job instance at 0x7ffafe1ffa00>,12,23,[6 4],13,17,40,4,13
1,<environment.Job instance at 0x7ffafe1ff410>,8,17,[1 8],9,40,57,31,29
1,<environment.Job instance at 0x7ffafe2014b0>,22,12,[3 8],23,57,69,34,40
1,<environment.Job instance at 0x7ffafe201550>,23,16,[6 2],24,42,58,18,42
1,<environment.Job instance at 0x7ffafe201730>,26,12,[8 5],27,69,81,42,53
1,<environment.Job instance at 0x7ffaff3e7d70>,7,14,[7 5],8,81,95,73,73
1,<environment.Job instance at 0x7ffafe201eb0>,34,14,[1 9],35,95,109,60,84
1,<environment.Job instance at 0x7ffafe201e60>,37,14,[5 8],38,109,123,71,98
1,<environment.Job instance at 0x7ffafe203230>,39,14,[9 4],40,123,137,83,108
1,<environment.Job instance at 0x7ffafe203690>,44,3,[5 1],45,108,111,63,108
1,<environment.Job instance at 0x7ffafe203780>,45,15,[7 5],46,137,152,91,123
1,<environment.Job instance at 0x7ffafe203a50>,50,2,[5 6],51,152,154,101,127
1,<environment.Job instance at 0x7ffafe203c30>,51,2,[5 3],52,152,154,100,127
1,<environment.Job instance at 0x7ffafe203e10>,53,3,[2 9],54,154,157,100,128
1,<environment.Job instance at 0x7ffafe203dc0>,54,18,[7 1],55,154,172,99,143
1,<environment.Job instance at 0x7ffafe21b370>,0,17,[4 7],1,1,18,0,1
1,<environment.Job instance at 0x7ffaff385d20>,5,17,[5 1],6,6,23,0,6
1,<environment.Job instance at 0x7ffaff4d4c80>,21,3,[9 5],22,28,31,6,28
1,<environment.Job instance at 0x7ffaff4cdd70>,11,18,[6 2],12,38,56,26,38
1,<environment.Job instance at 0x7ffaff4d45f0>,20,17,[9 5],21,56,73,35,46
1,<environment.Job instance at 0x7ffaff4cb730>,24,26,[3 9],25,73,99,48,70
1,<environment.Job instance at 0x7ffaff4cfd70>,38,20,[ 2 10],39,99,119,60,90
1,<environment.Job instance at 0x7ffaff4cf7d0>,46,16,[1 8],47,119,135,72,106
1,<environment.Job instance at 0x7ffaff4d2e60>,33,14,[5 9],34,135,149,101,129
1,<environment.Job instance at 0x7ffaff4d9910>,48,23,[1 9],49,149,172,100,143
1,<environment.Job instance at 0x7ffaff4d9550>,1,1,[5 8],2,2,3,0,2
1,<environment.Job instance at 0x7ffab430c2d0>,2,17,[5 9],3,3,20,0,3
1,<environment.Job instance at 0x7ffabdbfbe60>,15,2,[6 3],16,20,22,4,16
1,<environment.Job instance at 0x7ffab4212a50>,14,16,[5 2],15,22,38,7,20
1,<environment.Job instance at 0x7ffafe46dd70>,16,25,[2 8],17,22,47,5,22
1,<environment.Job instance at 0x7ffab41aefa0>,24,14,[3 8],25,47,61,22,34
1,<environment.Job instance at 0x7ffab41aec30>,25,13,[9 1],26,61,74,35,48
1,<environment.Job instance at 0x7ffafdf6c6e0>,17,14,[3 6],18,74,88,56,60
1,<environment.Job instance at 0x7ffab41ae370>,32,14,[2 8],33,88,102,55,75
1,<environment.Job instance at 0x7ffafe5ded70>,44,17,[6 1],45,83,100,38,83
1,<environment.Job instance at 0x7ffab41f7e10>,46,17,[7 4],47,102,119,55,90
1,<environment.Job instance at 0x7ffab42f19b0>,52,1,[10  4],53,119,120,66,102
1,<environment.Job instance at 0x7ffab41a5960>,41,15,[5 7],42,120,135,78,106
1,<environment.Job instance at 0x7ffafe091dc0>,60,16,[8 5],61,135,151,74,125
1,<environment.Job instance at 0x7ffac7a79870>,1,15,[8 1],2,2,17,0,2
1,<environment.Job instance at 0x7ffab4886c30>,2,13,[1 5],3,3,16,0,3
1,<environment.Job instance at 0x7ffafe6b3230>,4,16,[6 1],5,17,33,12,5
1,<environment.Job instance at 0x7ffafe6b3c30>,6,18,[ 5 10],7,33,51,26,27
1,<environment.Job instance at 0x7ffafe363d20>,18,15,[2 8],19,51,66,32,38
1,<environment.Job instance at 0x7ffafef22c30>,30,22,[7 1],31,52,74,21,52
1,<environment.Job instance at 0x7ffab469d730>,23,22,[3 5],24,66,88,42,65
1,<environment.Job instance at 0x7ffab41f6460>,38,16,[1 7],39,88,104,49,75
1,<environment.Job instance at 0x7ffafef65aa0>,44,16,[ 5 10],45,104,120,59,91
1,<environment.Job instance at 0x7ffab41f6230>,36,18,[9 3],37,120,138,83,110
1,<environment.Job instance at 0x7ffafe263c30>,54,16,[1 5],55,120,136,65,113
1,<environment.Job instance at 0x7ffafe263c80>,52,12,[2 9],53,138,150,85,121
1,<environment.Job instance at 0x7ffab47413c0>,60,13,[10  1],61,150,163,89,137
1,<environment.Job instance at 0x7ffafe2ca3c0>,1,13,[2 5],2,2,15,0,2
1,<environment.Job instance at 0x7ffafecdd4b0>,4,18,[6 4],5,6,24,1,6
1,<environment.Job instance at 0x7ffab47de910>,7,17,[8 4],8,24,41,16,17
1,<environment.Job instance at 0x7ffab45810a0>,19,12,[5 2],20,41,53,21,24
1,<environment.Job instance at 0x7ffab4570dc0>,32,12,[4 7],33,41,53,8,37
1,<environment.Job instance at 0x7ffab4584280>,23,18,[6 4],24,53,71,29,47
1,<environment.Job instance at 0x7ffab456fd70>,40,12,[2 5],41,53,65,12,49
1,<environment.Job instance at 0x7ffab456fb40>,41,16,[1 6],42,65,81,23,54
1,<environment.Job instance at 0x7ffab4570780>,30,13,[5 8],31,81,94,50,68
1,<environment.Job instance at 0x7ffab4558f00>,47,17,[5 7],48,94,111,46,82
1,<environment.Job instance at 0x7ffafe63eaa0>,51,2,[4 5],52,111,113,59,85
1,<environment.Job instance at 0x7ffafe65efa0>,55,14,[5 2],56,93,107,37,93
1,<environment.Job instance at 0x7ffafe6505a0>,56,12,[6 4],57,111,123,54,96
1,<environment.Job instance at 0x7ffafe008af0>,60,16,[9 4],61,123,139,62,110
1,<environment.Job instance at 0x7ffafe643370>,66,27,[10  4],67,139,166,72,137
1,<environment.Job instance at 0x7ffafdfe5690>,0,17,[5 8],1,1,18,0,1
1,<environment.Job instance at 0x7ffafe83dc80>,14,12,[10  2],15,18,30,3,15
1,<environment.Job instance at 0x7ffafe83d2d0>,15,2,[10  1],16,30,32,14,18
1,<environment.Job instance at 0x7ffafe83d3c0>,10,18,[5 6],11,32,50,21,21
1,<environment.Job instance at 0x7ffafed41960>,19,14,[5 1],20,32,46,12,21
1,<environment.Job instance at 0x7ffafed41eb0>,23,1,[5 7],24,50,51,26,24
1,<environment.Job instance at 0x7ffafed41280>,24,1,[ 1 10],25,51,52,26,25
1,<environment.Job instance at 0x7ffafed414b0>,25,1,[9 5],26,52,53,26,26
1,<environment.Job instance at 0x7ffafe8d3fa0>,30,1,[10  4],31,53,54,22,50
1,<environment.Job instance at 0x7ffafe8d3e10>,31,2,[2 6],32,54,56,22,50
1,<environment.Job instance at 0x7ffafe8d3a50>,32,13,[ 3 10],33,56,69,23,50
1,<environment.Job instance at 0x7ffafe83d0f0>,6,14,[10  1],7,69,83,62,58
1,<environment.Job instance at 0x7ffafe8cfdc0>,41,12,[7 1],42,83,95,41,72
1,<environment.Job instance at 0x7ffafe8cf7d0>,47,13,[5 3],48,95,108,47,88
1,<environment.Job instance at 0x7ffafe8cf190>,48,12,[10  2],49,108,120,59,91
1,<environment.Job instance at 0x7ffafe8cf870>,49,13,[ 1 10],50,120,133,70,104
1,<environment.Job instance at 0x7ffafe878a50>,56,18,[5 8],57,133,151,76,126
1,<environment.Job instance at 0x7ffafe848eb0>,60,14,[6 3],61,151,165,90,136
1,<environment.Job instance at 0x7ffafe054640>,1,1,[2 8],2,2,3,0,2
1,<environment.Job instance at 0x7ffafe0548c0>,2,14,[3 8],3,3,17,0,3
1,<environment.Job instance at 0x7ffaff033320>,7,18,[2 6],8,17,35,9,9
1,<environment.Job instance at 0x7ffab426b230>,15,18,[7 4],16,19,37,3,19
1,<environment.Job instance at 0x7ffab476fcd0>,19,13,[5 8],20,37,50,17,22
1,<environment.Job instance at 0x7ffab46e1960>,21,3,[10  5],22,50,53,28,27
1,<environment.Job instance at 0x7ffab46c1c30>,24,15,[5 5],25,53,68,28,39
1,<environment.Job instance at 0x7ffab4245c80>,8,15,[3 9],9,68,83,59,56
1,<environment.Job instance at 0x7ffafdfd4640>,37,12,[3 8],38,83,95,45,70
1,<environment.Job instance at 0x7ffafee955a0>,43,18,[5 3],44,95,113,51,85
1,<environment.Job instance at 0x7ffab41e8b90>,22,14,[4 6],23,95,109,72,86
1,<environment.Job instance at 0x7ffafe9fbeb0>,54,17,[5 1],55,109,126,54,104
1,<environment.Job instance at 0x7ffafef30b90>,58,12,[5 5],59,113,125,54,108
1,<environment.Job instance at 0x7ffab4598960>,67,28,[4 9],68,128,156,60,128
1,<environment.Job instance at 0x7ffab42f5f00>,0,14,[2 8],1,1,15,0,1
1,<environment.Job instance at 0x7ffab41f7370>,2,15,[2 7],3,15,30,12,4
1,<environment.Job instance at 0x7ffafe19beb0>,11,16,[2 7],12,30,46,18,23
1,<environment.Job instance at 0x7ffafe1899b0>,17,13,[ 5 10],18,46,59,28,35
1,<environment.Job instance at 0x7ffafe189cd0>,22,18,[4 5],23,59,77,36,48
1,<environment.Job instance at 0x7ffafe189f00>,26,13,[5 6],27,77,90,50,61
1,<environment.Job instance at 0x7ffafe19d230>,29,15,[5 9],30,90,105,60,76
1,<environment.Job instance at 0x7ffafe1896e0>,14,15,[3 8],15,105,120,90,91
1,<environment.Job instance at 0x7ffafe19d730>,36,14,[6 1],37,105,119,68,93
1,<environment.Job instance at 0x7ffafe19d6e0>,35,22,[1 9],36,120,142,84,113
1,<environment.Job instance at 0x7ffafe19dbe0>,43,17,[10  3],44,142,159,98,134
1,<environment.Job instance at 0x7ffafe19deb0>,47,15,[6 4],48,159,174,111,145
1,<environment.Job instance at 0x7ffafe186190>,1,18,[4 6],2,2,20,0,2
1,<environment.Job instance at 0x7ffab432f4b0>,13,12,[5 9],14,24,36,10,24
1,<environment.Job instance at 0x7ffab432f500>,14,16,[1 8],15,36,52,21,26
1,<environment.Job instance at 0x7ffab47fb3c0>,21,19,[5 5],22,54,73,32,54
1,<environment.Job instance at 0x7ffafe86de10>,30,18,[5 7],31,73,91,42,73
1,<environment.Job instance at 0x7ffafe76d5f0>,43,16,[ 3 10],44,99,115,55,99
1,<environment.Job instance at 0x7ffafe7deaa0>,52,13,[5 2],53,131,144,78,131
1,<environment.Job instance at 0x7ffafe7decd0>,53,12,[9 4],54,144,156,90,131
1,<environment.Job instance at 0x7ffafee880f0>,61,1,[5 7],62,139,140,77,139
1,<environment.Job instance at 0x7ffafeafe0a0>,63,1,[7 1],64,156,157,92,140
1,<environment.Job instance at 0x7ffafe042c30>,1,13,[5 2],2,2,15,0,2
1,<environment.Job instance at 0x7ffafe1abfa0>,4,3,[2 7],5,5,8,0,5
1,<environment.Job instance at 0x7ffafe335820>,3,14,[9 2],4,15,29,11,5
1,<environment.Job instance at 0x7ffafe786640>,11,14,[9 4],12,29,43,17,14
1,<environment.Job instance at 0x7ffab45c2af0>,22,16,[6 1],23,43,59,20,35
1,<environment.Job instance at 0x7ffab4558730>,25,13,[10  4],26,59,72,33,45
1,<environment.Job instance at 0x7ffafef30870>,43,18,[8 3],44,107,125,63,107
1,<environment.Job instance at 0x7ffafea85a00>,52,15,[4 5],53,125,140,72,119
1,<environment.Job instance at 0x7ffab45b34b0>,56,26,[10  2],57,143,169,86,143
1,<environment.Job instance at 0x7ffab47eaa00>,0,15,[4 9],1,1,16,0,1
1,<environment.Job instance at 0x7ffafe92d7d0>,11,16,[6 2],12,16,32,4,14
1,<environment.Job instance at 0x7ffafe92dfa0>,18,17,[2 5],19,20,37,1,20
1,<environment.Job instance at 0x7ffafe9215f0>,24,18,[2 9],25,37,55,12,31
1,<environment.Job instance at 0x7ffafe921b40>,28,22,[10  5],29,55,77,26,50
1,<environment.Job instance at 0x7ffafe91b5a0>,40,25,[9 5],41,77,102,36,75
1,<environment.Job instance at 0x7ffafe91b960>,46,15,[7 3],47,102,117,55,88
1,<environment.Job instance at 0x7ffafe91bbe0>,52,22,[2 7],53,108,130,55,108
1,<environment.Job instance at 0x7ffafe920500>,55,16,[10  3],56,130,146,74,120
1,<environment.Job instance at 0x7ffafe920780>,59,17,[1 9],60,146,163,86,138
1,<environment.Job instance at 0x7ffafe920af0>,63,1,[9 4],64,163,164,99,140
1,<environment.Job instance at 0x7ffafe983550>,0,22,[9 5],1,7,29,6,7
1,<environment.Job instance at 0x7ffafe1af500>,9,18,[2 5],10,29,47,19,25
1,<environment.Job instance at 0x7ffafe1af870>,6,14,[8 5],7,29,43,22,25
1,<environment.Job instance at 0x7ffafe896cd0>,23,19,[8 5],24,43,62,19,42
1,<environment.Job instance at 0x7ffafe121370>,35,16,[5 5],36,62,78,26,50
1,<environment.Job instance at 0x7ffaff35e410>,40,21,[5 4],41,63,84,22,63
1,<environment.Job instance at 0x7ffaff4ca050>,42,18,[9 2],43,84,102,41,73
1,<environment.Job instance at 0x7ffab45574b0>,46,16,[5 8],47,102,118,55,94
1,<environment.Job instance at 0x7ffab40e1960>,0,12,[3 8],1,1,13,0,1
1,<environment.Job instance at 0x7ffab40e1f50>,5,14,[3 5],6,13,27,7,6
1,<environment.Job instance at 0x7ffafe16d8c0>,12,14,[9 2],13,27,41,14,15
1,<environment.Job instance at 0x7ffab43b5820>,19,17,[7 1],20,41,58,21,36
1,<environment.Job instance at 0x7ffab43b5370>,29,16,[10  3],30,58,74,28,53
1,<environment.Job instance at 0x7ffafeb77780>,34,15,[4 9],35,74,89,39,65
1,<environment.Job instance at 0x7ffafe058b40>,41,12,[7 4],42,89,101,47,82
1,<environment.Job instance at 0x7ffab43b58c0>,16,25,[6 2],17,101,126,84,98
1,<environment.Job instance at 0x7ffafe058320>,49,25,[1 7],50,110,135,60,110
1,<environment.Job instance at 0x7ffab43a2050>,53,14,[2 7],54,135,149,81,121
1,<environment.Job instance at 0x7ffafe16daa0>,14,24,[8 1],15,135,159,120,135
1,<environment.Job instance at 0x7ffab43a2b90>,60,14,[2 6],61,149,163,88,136
1,<environment.Job instance at 0x7ffafe5c88c0>,3,3,[2 7],4,4,7,0,4
1,<environment.Job instance at 0x7ffafe3216e0>,9,15,[8 4],10,10,25,0,10
1,<environment.Job instance at 0x7ffafe2f4460>,12,14,[6 3],13,25,39,12,13
1,<environment.Job instance at 0x7ffafe10fa50>,21,1,[10  2],22,39,40,17,29
1,<environment.Job instance at 0x7ffab42c4fa0>,29,2,[8 1],30,40,42,10,30
1,<environment.Job instance at 0x7ffafe0827d0>,30,3,[4 7],31,31,34,0,31
1,<environment.Job instance at 0x7ffafe6b7cd0>,38,25,[3 6],39,51,76,12,51
1,<environment.Job instance at 0x7ffab42a9a50>,43,12,[5 7],44,76,88,32,60
1,<environment.Job instance at 0x7ffafeabd8c0>,48,15,[5 5],49,88,103,39,75
1,<environment.Job instance at 0x7ffab441fcd0>,55,2,[2 9],56,103,105,47,86
1,<environment.Job instance at 0x7ffab441fd70>,56,21,[10  4],57,105,126,48,97
1,<environment.Job instance at 0x7ffab441f280>,63,13,[5 5],64,126,139,62,112
1,<environment.Job instance at 0x7ffab441fc30>,69,15,[8 4],70,139,154,69,125
1,<environment.Job instance at 0x7ffab441f8c0>,70,13,[4 5],71,126,139,55,126
1,<environment.Job instance at 0x7ffafeabac80>,3,12,[6 4],4,4,16,0,4
1,<environment.Job instance at 0x7ffafe285a50>,4,2,[5 2],5,16,18,11,5
1,<environment.Job instance at 0x7ffafe8f5730>,7,16,[6 1],8,18,34,10,8
1,<environment.Job instance at 0x7ffab41f68c0>,11,15,[4 5],12,15,30,3,15
1,<environment.Job instance at 0x7ffaff35d410>,19,2,[5 2],20,34,36,14,20
1,<environment.Job instance at 0x7ffab4019f00>,20,13,[10  5],21,36,49,15,21
1,<environment.Job instance at 0x7ffafe5a6140>,26,27,[5 8],27,49,76,22,47
1,<environment.Job instance at 0x7ffafe41c320>,37,2,[5 2],38,53,55,15,53
1,<environment.Job instance at 0x7ffab41f6be0>,12,15,[4 8],13,76,91,63,63
1,<environment.Job instance at 0x7ffafe089050>,14,18,[ 3 10],15,91,109,76,80
1,<environment.Job instance at 0x7ffafed27910>,49,16,[3 7],50,109,125,59,96
1,<environment.Job instance at 0x7ffafdf6cbe0>,56,12,[8 5],57,125,137,68,108
1,<environment.Job instance at 0x7ffafe46d500>,59,15,[10  1],60,137,152,77,123
1,<environment.Job instance at 0x7ffafe9bd5a0>,65,12,[5 5],66,152,164,86,135
1,<environment.Job instance at 0x7ffafdfc0230>,0,2,[2 7],1,1,3,0,1
1,<environment.Job instance at 0x7ffafdfc0870>,2,2,[10  1],3,3,5,0,3
1,<environment.Job instance at 0x7ffafe66c280>,3,18,[2 7],4,5,23,1,4
1,<environment.Job instance at 0x7ffafe66ca50>,9,14,[8 2],10,15,29,5,15
1,<environment.Job instance at 0x7ffafeafff00>,15,15,[6 2],16,29,44,13,16
1,<environment.Job instance at 0x7ffafeaff820>,13,17,[ 1 10],14,44,61,30,33
1,<environment.Job instance at 0x7ffafe56ca00>,34,12,[10  4],35,61,73,26,50
1,<environment.Job instance at 0x7ffafe56c1e0>,36,15,[8 4],37,73,88,36,59
1,<environment.Job instance at 0x7ffab3f635a0>,52,16,[4 9],53,88,104,35,75
1,<environment.Job instance at 0x7ffab3f63f00>,55,20,[5 4],56,104,124,48,99
1,<environment.Job instance at 0x7ffafdf7d2d0>,61,17,[5 8],62,124,141,62,112
1,<environment.Job instance at 0x7ffab4733f00>,0,14,[7 4],1,1,15,0,1
1,<environment.Job instance at 0x7ffafe20ceb0>,8,20,[6 2],9,15,35,6,10
1,<environment.Job instance at 0x7ffafe20c140>,7,20,[5 5],8,35,55,27,26
1,<environment.Job instance at 0x7ffafeb83820>,30,15,[4 6],31,55,70,24,49
1,<environment.Job instance at 0x7ffafe20cd20>,12,15,[6 5],13,70,85,57,57
1,<environment.Job instance at 0x7ffafef2cf00>,35,2,[6 3],36,67,69,31,67
1,<environment.Job instance at 0x7ffab43cffa0>,37,15,[5 3],38,85,100,47,71
1,<environment.Job instance at 0x7ffafeb803c0>,42,13,[4 8],43,100,113,57,85
1,<environment.Job instance at 0x7ffab48fc500>,53,17,[6 2],54,106,123,52,106
1,<environment.Job instance at 0x7ffab48fc410>,49,12,[10  1],50,123,135,73,110
1,<environment.Job instance at 0x7ffab48ffc80>,58,18,[1 6],59,135,153,76,124
1,<environment.Job instance at 0x7ffafe31f820>,43,16,[6 1],44,135,151,91,130
1,<environment.Job instance at 0x7ffab48fc230>,56,15,[3 6],57,153,168,96,139
1,<environment.Job instance at 0x7ffafec32f00>,2,1,[ 5 10],3,3,4,0,3
1,<environment.Job instance at 0x7ffafe8915f0>,8,17,[6 1],9,9,26,0,9
1,<environment.Job instance at 0x7ffab413e960>,18,14,[7 2],19,26,40,7,19
1,<environment.Job instance at 0x7ffab4603870>,11,18,[9 3],12,40,58,28,31
1,<environment.Job instance at 0x7ffafecd52d0>,29,14,[4 8],30,58,72,28,43
1,<environment.Job instance at 0x7ffab4737dc0>,39,15,[9 4],40,72,87,32,60
1,<environment.Job instance at 0x7ffafe29a6e0>,46,13,[ 3 10],47,87,100,40,79
1,<environment.Job instance at 0x7ffafef2c6e0>,48,16,[6 3],49,100,116,51,87
1,<environment.Job instance at 0x7ffafe5f2e10>,54,13,[7 1],55,116,129,61,100
1,<environment.Job instance at 0x7ffafe5f2960>,55,3,[6 5],56,129,132,73,104
1,<environment.Job instance at 0x7ffab42c43c0>,59,3,[4 5],60,113,116,53,113
1,<environment.Job instance at 0x7ffab457d0f0>,65,12,[5 6],66,132,144,66,119
1,<environment.Job instance at 0x7ffab420f140>,68,2,[7 2],69,144,146,75,127
1,<environment.Job instance at 0x7ffab420d3c0>,69,2,[6 2],70,146,148,76,128
1,<environment.Job instance at 0x7ffafe7f5dc0>,72,3,[4 8],73,146,149,73,129
1,<environment.Job instance at 0x7ffafecf06e0>,73,2,[9 2],74,149,151,75,129
1,<environment.Job instance at 0x7ffafe70c5a0>,0,1,[4 9],1,1,2,0,1
1,<environment.Job instance at 0x7ffafe43c2d0>,4,15,[4 7],5,5,20,0,5
1,<environment.Job instance at 0x7ffab41e5d70>,7,13,[7 2],8,20,33,12,8
1,<environment.Job instance at 0x7ffafe86a550>,17,21,[1 8],18,20,41,2,18
1,<environment.Job instance at 0x7ffafe86a320>,19,15,[8 1],20,33,48,13,29
1,<environment.Job instance at 0x7ffab3f1fcd0>,23,25,[6 2],24,48,73,24,48
1,<environment.Job instance at 0x7ffab3f1fbe0>,29,13,[10  1],30,73,86,43,57
1,<environment.Job instance at 0x7ffab3f1f0f0>,30,15,[1 5],31,57,72,26,57
1,<environment.Job instance at 0x7ffab3f1f190>,31,1,[6 1],32,86,87,54,58
1,<environment.Job instance at 0x7ffab3f1f820>,32,1,[1 8],33,72,73,39,58
1,<environment.Job instance at 0x7ffab3f1f640>,36,15,[8 3],37,87,102,50,73
1,<environment.Job instance at 0x7ffafdf90c30>,42,2,[5 1],43,102,104,59,97
1,<environment.Job instance at 0x7ffafdf90550>,43,17,[10  5],44,104,121,60,97
1,<environment.Job instance at 0x7ffafdf90b40>,48,14,[10  4],49,121,135,72,107
1,<environment.Job instance at 0x7ffab4524eb0>,52,16,[8 4],53,135,151,82,123
1,<environment.Job instance at 0x7ffab40e8c80>,0,17,[5 6],1,1,18,0,1
1,<environment.Job instance at 0x7ffab44a53c0>,7,2,[1 7],8,18,20,10,8
1,<environment.Job instance at 0x7ffafdfbfb90>,17,18,[9 5],18,24,42,6,24
1,<environment.Job instance at 0x7ffaff4d95f0>,13,14,[10  5],14,42,56,28,28
1,<environment.Job instance at 0x7ffab4305820>,23,18,[6 2],24,56,74,32,45
1,<environment.Job instance at 0x7ffafe43c6e0>,31,21,[2 6],32,56,77,24,51
1,<environment.Job instance at 0x7ffafe43c780>,30,1,[ 5 10],31,77,78,46,51
1,<environment.Job instance at 0x7ffafe236c30>,38,17,[1 7],39,78,95,39,66
1,<environment.Job instance at 0x7ffafe236690>,49,3,[5 5],50,95,98,45,72
1,<environment.Job instance at 0x7ffafe23d1e0>,54,17,[6 2],55,78,95,23,75
1,<environment.Job instance at 0x7ffafe236280>,36,14,[6 2],37,98,112,61,85
1,<environment.Job instance at 0x7ffafe250280>,60,14,[4 9],61,112,126,51,99
1,<environment.Job instance at 0x7ffafe250870>,63,18,[6 3],64,126,144,62,115
1,<environment.Job instance at 0x7fa05e4ad140>,0,17,[6 1],1,1,18,0,1
1,<environment.Job instance at 0x7fa05909e280>,3,22,[2 5],4,5,27,1,5
1,<environment.Job instance at 0x7fa05909e640>,7,14,[7 5],8,18,32,10,9
1,<environment.Job instance at 0x7fa05909ed20>,15,3,[2 8],16,32,35,16,19
1,<environment.Job instance at 0x7fa05909ee10>,17,12,[5 1],18,32,44,14,24
1,<environment.Job instance at 0x7fa05e536d70>,4,13,[3 6],5,35,48,30,27
1,<environment.Job instance at 0x7fa05909ebe0>,14,21,[8 1],15,48,69,33,40
1,<environment.Job instance at 0x7fa0590a20a0>,21,18,[9 4],22,69,87,47,62
1,<environment.Job instance at 0x7fa0590a2aa0>,32,21,[5 9],33,87,108,54,79
1,<environment.Job instance at 0x7fa0590a2cd0>,34,14,[1 9],35,108,122,73,93
1,<environment.Job instance at 0x7fa0590a2dc0>,37,14,[5 8],38,122,136,84,107
1,<environment.Job instance at 0x7fa0590a5dc0>,54,18,[7 1],55,139,157,84,139
1,<environment.Job instance at 0x7fa0590a7140>,59,19,[1 7],60,143,162,83,143
1,<environment.Job instance at 0x7fa059156fa0>,0,17,[3 5],1,1,18,0,1
1,<environment.Job instance at 0x7fa05e6287d0>,6,17,[9 1],7,18,35,11,11
1,<environment.Job instance at 0x7fa05e4d5460>,15,15,[5 3],16,35,50,19,25
1,<environment.Job instance at 0x7fa05e4d5e60>,18,21,[2 7],19,35,56,16,35
1,<environment.Job instance at 0x7fa05e619640>,23,14,[5 9],24,56,70,32,41
1,<environment.Job instance at 0x7fa05e619780>,28,20,[ 2 10],29,70,90,41,61
1,<environment.Job instance at 0x7fa05e61e4b0>,32,13,[2 5],33,90,103,57,74
1,<environment.Job instance at 0x7fa05e61e7d0>,36,16,[1 8],37,103,119,66,90
1,<environment.Job instance at 0x7fa05e61eeb0>,39,17,[8 5],40,119,136,79,107
1,<environment.Job instance at 0x7fa05e623dc0>,47,12,[4 8],48,136,148,88,128
1,<environment.Job instance at 0x7fa05e623d70>,49,13,[4 5],50,148,161,98,132
1,<environment.Job instance at 0x7fa05e6289b0>,7,13,[9 5],8,161,174,153,145
1,<environment.Job instance at 0x7fa0134316e0>,6,18,[8 3],7,7,25,0,7
1,<environment.Job instance at 0x7fa013431320>,12,14,[2 8],13,25,39,12,14
1,<environment.Job instance at 0x7fa013464eb0>,15,15,[1 5],16,39,54,23,26
1,<environment.Job instance at 0x7fa0134645a0>,19,18,[5 2],20,26,44,6,26
1,<environment.Job instance at 0x7fa013464550>,22,17,[8 2],23,44,61,21,33
1,<environment.Job instance at 0x7fa0134987d0>,30,15,[1 9],31,61,76,30,52
1,<environment.Job instance at 0x7fa013498500>,33,14,[5 6],34,76,90,42,62
1,<environment.Job instance at 0x7fa013498460>,39,2,[2 7],40,90,92,50,74
1,<environment.Job instance at 0x7fa0134317d0>,5,13,[9 1],6,92,105,86,79
1,<environment.Job instance at 0x7fa0134981e0>,43,18,[1 6],44,92,110,48,81
1,<environment.Job instance at 0x7fa013453960>,47,16,[7 4],48,105,121,57,99
1,<environment.Job instance at 0x7fa0134980f0>,29,18,[10  4],30,121,139,91,111
1,<environment.Job instance at 0x7fa013453fa0>,60,12,[10  5],61,139,151,78,123
1,<environment.Job instance at 0x7fa0134a3d20>,64,14,[3 6],65,151,165,86,136
1,<environment.Job instance at 0x7fa01339a410>,2,21,[5 7],3,3,24,0,3
1,<environment.Job instance at 0x7fa013325140>,11,12,[2 6],12,24,36,12,12
1,<environment.Job instance at 0x7fa0133255a0>,16,2,[2 6],17,36,38,19,17
1,<environment.Job instance at 0x7fa013325370>,9,18,[8 2],10,24,42,14,21
1,<environment.Job instance at 0x7fa013346190>,24,16,[1 5],25,44,60,19,44
1,<environment.Job instance at 0x7fa0133465a0>,27,18,[10  5],28,60,78,32,49
1,<environment.Job instance at 0x7fa01370feb0>,6,18,[9 3],7,78,96,71,68
1,<environment.Job instance at 0x7fa013346b90>,37,2,[3 7],38,96,98,58,81
1,<environment.Job instance at 0x7fa0133468c0>,38,2,[1 6],39,81,83,42,81
1,<environment.Job instance at 0x7fa013346e60>,39,3,[7 2],40,96,99,56,83
1,<environment.Job instance at 0x7fa013464af0>,1,12,[1 6],2,98,110,96,94
1,<environment.Job instance at 0x7fa013346320>,41,27,[7 1],42,99,126,57,99
1,<environment.Job instance at 0x7fa013564b40>,50,16,[10  1],51,126,142,75,119
1,<environment.Job instance at 0x7fa013346460>,34,12,[9 3],35,142,154,107,132
1,<environment.Job instance at 0x7fa0133435f0>,56,12,[6 4],57,154,166,97,147
1,<environment.Job instance at 0x7fa0137122d0>,0,12,[2 5],1,1,13,0,1
1,<environment.Job instance at 0x7fa01370ff00>,9,12,[1 9],10,13,25,3,10
1,<environment.Job instance at 0x7fa0132a8280>,24,1,[4 7],25,28,29,3,28
1,<environment.Job instance at 0x7fa0132a8410>,25,18,[3 9],26,30,48,4,30
1,<environment.Job instance at 0x7fa058eafe60>,20,16,[9 4],21,48,64,27,35
1,<environment.Job instance at 0x7fa0132a81e0>,26,27,[10  4],27,64,91,37,62
1,<environment.Job instance at 0x7fa0132a89b0>,39,14,[4 7],40,91,105,51,80
1,<environment.Job instance at 0x7fa058eaff50>,23,13,[5 6],24,105,118,81,91
1,<environment.Job instance at 0x7fa0132aa640>,46,13,[8 5],47,118,131,71,102
1,<environment.Job instance at 0x7fa0132aae10>,59,14,[7 2],60,131,145,71,116
1,<environment.Job instance at 0x7fa0132aad70>,58,15,[6 2],59,145,160,86,131
1,<environment.Job instance at 0x7fa01389ad20>,0,16,[ 2 10],1,1,17,0,1
1,<environment.Job instance at 0x7fa05dd03190>,8,13,[5 5],9,17,30,8,9
1,<environment.Job instance at 0x7fa05dd031e0>,11,18,[8 1],12,30,48,18,22
1,<environment.Job instance at 0x7fa05dd03b90>,15,3,[2 6],16,31,34,15,31
1,<environment.Job instance at 0x7fa05dd03eb0>,18,1,[6 5],19,48,49,29,34
1,<environment.Job instance at 0x7fa05dd03e60>,19,17,[1 5],20,35,52,15,35
1,<environment.Job instance at 0x7fa05dd03dc0>,20,13,[3 8],21,52,65,31,39
1,<environment.Job instance at 0x7fa0139d8af0>,30,13,[1 9],31,65,78,34,49
1,<environment.Job instance at 0x7fa0139d8c80>,34,18,[5 2],35,78,96,43,69
1,<environment.Job instance at 0x7fa05dd030f0>,28,13,[8 3],29,96,109,67,80
1,<environment.Job instance at 0x7fa0139d8aa0>,39,1,[3 6],40,90,91,50,90
1,<environment.Job instance at 0x7fa0139d8820>,38,1,[1 9],39,109,110,70,92
1,<environment.Job instance at 0x7fa0139d85f0>,42,12,[5 2],43,110,122,67,94
1,<environment.Job instance at 0x7fa0139d8870>,32,24,[4 6],33,110,134,77,105
1,<environment.Job instance at 0x7fa01370f780>,6,18,[5 8],7,134,152,127,123
1,<environment.Job instance at 0x7fa05e1820f0>,56,13,[8 4],57,152,165,95,138
1,<environment.Job instance at 0x7fa05e432a00>,1,17,[7 4],2,2,19,0,2
1,<environment.Job instance at 0x7fa0133e0b40>,14,13,[5 5],15,19,32,4,15
1,<environment.Job instance at 0x7fa05da1b140>,17,2,[4 9],18,32,34,14,18
1,<environment.Job instance at 0x7fa01362d550>,4,12,[1 5],5,20,32,15,20
1,<environment.Job instance at 0x7fa05922eb40>,20,14,[10  4],21,34,48,13,21
1,<environment.Job instance at 0x7fa05d8b1be0>,29,18,[8 2],30,48,66,18,37
1,<environment.Job instance at 0x7fa0591898c0>,37,12,[9 1],38,66,78,28,51
1,<environment.Job instance at 0x7fa05de4ab90>,44,21,[8 1],45,78,99,33,70
1,<environment.Job instance at 0x7fa05de4a820>,51,12,[ 1 10],52,99,111,47,92
1,<environment.Job instance at 0x7fa05de4a5f0>,54,17,[5 4],55,111,128,56,99
1,<environment.Job instance at 0x7fa013444a50>,60,15,[4 8],61,128,143,67,114
1,<environment.Job instance at 0x7fa058e73690>,68,16,[6 5],69,143,159,74,133
1,<environment.Job instance at 0x7fa05db36fa0>,2,18,[4 7],3,3,21,0,3
1,<environment.Job instance at 0x7fa058ecdeb0>,16,2,[2 8],17,21,23,4,17
1,<environment.Job instance at 0x7fa058ecdfa0>,17,3,[1 6],18,23,26,5,18
1,<environment.Job instance at 0x7fa058ed0370>,23,2,[9 4],24,24,26,0,24
1,<environment.Job instance at 0x7fa058ed0640>,25,17,[5 9],26,28,45,2,28
1,<environment.Job instance at 0x7fa058ed0820>,27,15,[5 5],28,45,60,17,31
1,<environment.Job instance at 0x7fa058ed0d70>,36,14,[4 7],37,60,74,23,60
1,<environment.Job instance at 0x7fa058ed0be0>,37,18,[5 4],38,74,92,36,64
1,<environment.Job instance at 0x7fa058ee7050>,39,12,[5 9],40,92,104,52,78
1,<environment.Job instance at 0x7fa058ee7190>,41,17,[7 2],42,104,121,62,92
1,<environment.Job instance at 0x7fa058ee7be0>,53,18,[2 6],54,106,124,52,106
1,<environment.Job instance at 0x7fa058ee7910>,54,18,[8 2],55,121,139,66,110
1,<environment.Job instance at 0x7fa058ee7f00>,56,17,[1 6],57,125,142,68,125
1,<environment.Job instance at 0x7fa058ee79b0>,61,15,[10  5],62,142,157,80,129
1,<environment.Job instance at 0x7fa058f01460>,1,1,[4 8],2,2,3,0,2
1,<environment.Job instance at 0x7fa013971640>,2,17,[5 9],3,3,20,0,3
1,<environment.Job instance at 0x7fa0138c1d70>,5,15,[4 9],6,20,35,14,8
1,<environment.Job instance at 0x7fa0591c5d20>,17,2,[10  1],18,35,37,17,25
1,<environment.Job instance at 0x7fa0591c54b0>,15,22,[9 4],16,37,59,21,30
1,<environment.Job instance at 0x7fa0593aff00>,21,12,[10  5],22,59,71,37,50
1,<environment.Job instance at 0x7fa0590a7780>,36,12,[3 8],37,71,83,34,59
1,<environment.Job instance at 0x7fa05e4d47d0>,27,14,[6 2],28,71,85,43,60
1,<environment.Job instance at 0x7fa0590a7eb0>,40,18,[9 4],41,85,103,44,74
1,<environment.Job instance at 0x7fa01363f320>,46,13,[2 9],47,103,116,56,93
1,<environment.Job instance at 0x7fa013630f50>,51,15,[10  3],52,116,131,64,102
1,<environment.Job instance at 0x7fa05d9314b0>,39,12,[ 5 10],40,131,143,91,114
1,<environment.Job instance at 0x7fa05da84780>,57,13,[ 2 10],58,143,156,85,130
1,<environment.Job instance at 0x7fa0138f43c0>,61,1,[7 1],62,156,157,94,141
1,<environment.Job instance at 0x7fa05e066c30>,1,13,[ 5 10],2,2,15,0,2
1,<environment.Job instance at 0x7fa013587a00>,11,17,[10  2],12,15,32,3,12
1,<environment.Job instance at 0x7fa05de65e10>,19,16,[6 3],20,32,48,12,22
1,<environment.Job instance at 0x7fa0590149b0>,22,16,[6 5],23,48,64,25,35
1,<environment.Job instance at 0x7fa058f003c0>,32,12,[7 5],33,64,76,31,49
1,<environment.Job instance at 0x7fa0593c40a0>,35,14,[6 4],36,76,90,40,61
1,<environment.Job instance at 0x7fa05da960f0>,31,16,[3 9],32,90,106,58,77
1,<environment.Job instance at 0x7fa05da31280>,43,28,[6 1],44,94,122,50,94
1,<environment.Job instance at 0x7fa05dd93640>,49,17,[4 5],50,106,123,56,101
1,<environment.Job instance at 0x7fa05dd93730>,47,16,[10  4],48,123,139,75,111
1,<environment.Job instance at 0x7fa0136e0d20>,62,18,[6 5],63,139,157,76,128
1,<environment.Job instance at 0x7fa05ddd3d20>,0,22,[ 3 10],1,12,34,11,12
1,<environment.Job instance at 0x7fa058f0d690>,20,2,[3 7],21,34,36,13,21
1,<environment.Job instance at 0x7fa01377bf00>,13,14,[3 7],14,36,50,22,24
1,<environment.Job instance at 0x7fa058f0d780>,25,13,[4 8],26,50,63,24,34
1,<environment.Job instance at 0x7fa058f0dbe0>,33,12,[9 5],34,63,75,29,48
1,<environment.Job instance at 0x7fa058f0d9b0>,32,15,[5 5],33,75,90,42,62
1,<environment.Job instance at 0x7fa058f1d280>,36,14,[5 5],37,75,89,38,69
1,<environment.Job instance at 0x7fa058f1d730>,43,2,[3 8],44,90,92,46,72
1,<environment.Job instance at 0x7fa058f1d870>,45,15,[1 9],46,92,107,46,78
1,<environment.Job instance at 0x7fa058f322d0>,55,15,[7 2],56,107,122,51,94
1,<environment.Job instance at 0x7fa058f32050>,57,28,[8 2],58,126,154,68,126
1,<environment.Job instance at 0x7fa058f324b0>,2,3,[2 8],3,3,6,0,3
1,<environment.Job instance at 0x7fa0137120a0>,5,14,[4 5],6,6,20,0,6
1,<environment.Job instance at 0x7fa013712870>,7,3,[6 2],8,8,11,0,8
1,<environment.Job instance at 0x7fa0137129b0>,8,2,[6 5],9,11,13,2,9
1,<environment.Job instance at 0x7fa0136e0be0>,9,12,[7 5],10,20,32,10,10
1,<environment.Job instance at 0x7fa0136e0f00>,11,15,[4 5],12,32,47,20,18
1,<environment.Job instance at 0x7fa0136e0550>,18,18,[2 9],19,47,65,28,44
1,<environment.Job instance at 0x7fa0136e07d0>,21,16,[ 4 10],22,65,81,43,52
1,<environment.Job instance at 0x7fa013879be0>,29,15,[7 2],30,81,96,51,73
1,<environment.Job instance at 0x7fa013506820>,36,1,[ 1 10],37,96,97,59,73
1,<environment.Job instance at 0x7fa0138799b0>,30,1,[4 9],31,97,98,66,73
1,<environment.Job instance at 0x7fa013506280>,37,2,[5 2],38,98,100,60,73
1,<environment.Job instance at 0x7fa013506230>,38,2,[4 5],39,98,100,59,73
1,<environment.Job instance at 0x7fa05de4a320>,40,14,[3 8],41,81,95,40,79
1,<environment.Job instance at 0x7fa058fc7780>,47,3,[5 6],48,100,103,52,86
1,<environment.Job instance at 0x7fa058fc7d70>,49,18,[9 4],50,103,121,53,92
1,<environment.Job instance at 0x7fa05de4ae60>,41,16,[6 5],42,121,137,79,109
1,<environment.Job instance at 0x7fa05945caa0>,60,12,[3 8],61,137,149,76,121
1,<environment.Job instance at 0x7fa05921d8c0>,1,15,[7 4],2,2,17,0,2
1,<environment.Job instance at 0x7fa0139963c0>,4,1,[5 2],5,17,18,12,12
1,<environment.Job instance at 0x7fa0590efa00>,5,14,[ 2 10],6,18,32,12,12
1,<environment.Job instance at 0x7fa05de7a690>,14,15,[7 5],15,32,47,17,18
1,<environment.Job instance at 0x7fa0135ff6e0>,19,14,[6 4],20,47,61,27,40
1,<environment.Job instance at 0x7fa0135ff320>,22,3,[4 7],23,61,64,38,44
1,<environment.Job instance at 0x7fa0135ffc30>,23,15,[3 8],24,64,79,40,50
1,<environment.Job instance at 0x7fa0135ffa00>,29,18,[5 9],30,79,97,49,70
1,<environment.Job instance at 0x7fa058e6de60>,30,18,[4 5],31,97,115,66,87
1,<environment.Job instance at 0x7fa058e6d8c0>,37,16,[6 5],38,99,115,61,99
1,<environment.Job instance at 0x7fa05921de10>,10,22,[9 3],11,115,137,104,109
1,<environment.Job instance at 0x7fa05db3af00>,45,16,[1 9],46,137,153,91,128
1,<environment.Job instance at 0x7fa05d927aa0>,52,12,[ 4 10],53,153,165,100,140
1,<environment.Job instance at 0x7fa05daf6fa0>,0,3,[2 7],1,1,4,0,1
1,<environment.Job instance at 0x7fa013506a00>,5,13,[4 8],6,6,19,0,6
1,<environment.Job instance at 0x7fa05dfdd4b0>,11,13,[8 5],12,19,32,7,12
1,<environment.Job instance at 0x7fa059567870>,15,1,[1 7],16,32,33,16,16
1,<environment.Job instance at 0x7fa0130b8550>,14,1,[3 8],15,33,34,18,16
1,<environment.Job instance at 0x7fa059567b90>,19,1,[8 1],20,32,33,12,20
1,<environment.Job instance at 0x7fa0595679b0>,18,2,[3 6],19,34,36,15,23
1,<environment.Job instance at 0x7fa059567a50>,20,12,[5 2],21,33,45,12,23
1,<environment.Job instance at 0x7fa013773280>,25,21,[3 8],26,36,57,10,30
1,<environment.Job instance at 0x7fa01379bb40>,33,13,[3 6],34,63,76,29,63
1,<environment.Job instance at 0x7fa01376d500>,35,12,[5 4],36,64,76,28,64
1,<environment.Job instance at 0x7fa013797cd0>,34,17,[10  1],35,76,93,41,64
1,<environment.Job instance at 0x7fa059567780>,21,16,[ 5 10],22,93,109,71,88
1,<environment.Job instance at 0x7fa01398f9b0>,48,14,[5 4],49,109,123,60,96
1,<environment.Job instance at 0x7fa05da8c0a0>,54,18,[ 3 10],55,123,141,68,115
1,<environment.Job instance at 0x7fa05de712d0>,55,2,[2 9],56,141,143,85,127
1,<environment.Job instance at 0x7fa05da8c0f0>,58,16,[10  5],59,143,159,84,131
1,<environment.Job instance at 0x7fa0130b8d20>,0,13,[9 1],1,2,15,1,2
1,<environment.Job instance at 0x7fa05e4d5820>,6,16,[ 1 10],7,15,31,8,7
1,<environment.Job instance at 0x7fa058f38410>,14,12,[ 5 10],15,31,43,16,15
1,<environment.Job instance at 0x7fa05948a410>,18,13,[7 3],19,43,56,24,30
1,<environment.Job instance at 0x7fa05e4d7910>,20,16,[1 7],21,43,59,22,32
1,<environment.Job instance at 0x7fa05dc09550>,12,13,[5 5],13,59,72,46,43
1,<environment.Job instance at 0x7fa05db47b40>,30,2,[2 7],31,72,74,41,57
1,<environment.Job instance at 0x7fa059229320>,35,15,[10  1],36,74,89,38,61
1,<environment.Job instance at 0x7fa05ddf70f0>,40,2,[5 1],41,66,68,25,66
1,<environment.Job instance at 0x7fa0138144b0>,44,19,[3 6],45,89,108,44,79
1,<environment.Job instance at 0x7fa013814d70>,47,13,[3 5],48,108,121,60,100
1,<environment.Job instance at 0x7fa0138140a0>,50,15,[ 4 10],51,121,136,70,112
1,<environment.Job instance at 0x7fa05da6b730>,56,18,[6 5],57,136,154,79,126
1,<environment.Job instance at 0x7fa013737c80>,62,1,[1 6],63,154,155,91,126
1,<environment.Job instance at 0x7fa05931af00>,1,2,[4 7],2,2,4,0,2
1,<environment.Job instance at 0x7fa0136d9230>,2,17,[5 5],3,4,21,1,3
1,<environment.Job instance at 0x7fa01311f500>,9,16,[9 2],10,21,37,11,10
1,<environment.Job instance at 0x7fa0132805f0>,13,17,[2 7],14,37,54,23,25
1,<environment.Job instance at 0x7fa013280af0>,19,16,[6 3],20,37,53,17,25
1,<environment.Job instance at 0x7fa0132808c0>,24,14,[7 5],25,54,68,29,39
1,<environment.Job instance at 0x7fa013280f50>,29,14,[ 2 10],30,68,82,38,53
1,<environment.Job instance at 0x7fa05dd07550>,39,13,[7 2],40,82,95,42,67
1,<environment.Job instance at 0x7fa013280280>,18,14,[3 5],19,82,96,63,68
1,<environment.Job instance at 0x7fa05dd071e0>,37,14,[5 4],38,95,109,57,81
1,<environment.Job instance at 0x7fa05dd07aa0>,44,17,[5 1],45,96,113,51,85
1,<environment.Job instance at 0x7fa013709aa0>,56,15,[10  3],57,113,128,56,102
1,<environment.Job instance at 0x7fa013709d20>,57,15,[5 3],58,128,143,70,114
1,<environment.Job instance at 0x7fa013280d20>,1,28,[9 4],2,10,38,8,10
1,<environment.Job instance at 0x7fa013678b90>,6,16,[7 3],7,38,54,31,28
1,<environment.Job instance at 0x7fa05d8ab5f0>,28,14,[7 2],29,54,68,25,39
1,<environment.Job instance at 0x7fa05d8ab690>,32,24,[3 5],33,50,74,17,50
1,<environment.Job instance at 0x7fa05d8bd5a0>,34,16,[5 5],35,68,84,33,55
1,<environment.Job instance at 0x7fa01340f1e0>,36,15,[4 5],37,74,89,37,67
1,<environment.Job instance at 0x7fa013461af0>,44,17,[3 7],45,89,106,44,77
1,<environment.Job instance at 0x7fa05d8a2a50>,24,12,[1 8],25,106,118,81,92
1,<environment.Job instance at 0x7fa05dce6be0>,53,1,[5 9],54,118,119,64,93
1,<environment.Job instance at 0x7fa0133ff640>,55,2,[5 5],56,119,121,63,98
1,<environment.Job instance at 0x7fa0133ff410>,57,18,[1 6],58,121,139,63,110
1,<environment.Job instance at 0x7fa013525730>,59,15,[6 3],60,121,136,61,110
1,<environment.Job instance at 0x7fa05dcd37d0>,62,16,[8 5],63,139,155,76,126
1,<environment.Job instance at 0x7fa0130b4af0>,6,12,[5 2],7,7,19,0,7
1,<environment.Job instance at 0x7fa05d995910>,7,13,[7 2],8,19,32,11,8
1,<environment.Job instance at 0x7fa013389af0>,16,15,[7 3],17,32,47,15,18
1,<environment.Job instance at 0x7fa059567f00>,23,25,[6 2],24,47,72,23,43
1,<environment.Job instance at 0x7fa05d938870>,29,13,[10  1],30,72,85,42,57
1,<environment.Job instance at 0x7fa05d938190>,32,1,[1 8],33,57,58,24,57
1,<environment.Job instance at 0x7fa05d9386e0>,34,14,[2 5],35,85,99,50,71
1,<environment.Job instance at 0x7fa05d938690>,39,16,[5 4],40,85,101,45,80
1,<environment.Job instance at 0x7fa0591023c0>,43,17,[10  5],44,101,118,57,97
1,<environment.Job instance at 0x7fa059102c80>,46,2,[7 3],47,118,120,71,115
1,<environment.Job instance at 0x7fa0133e5d70>,4,15,[4 7],5,120,135,115,115
1,<environment.Job instance at 0x7fa059102cd0>,51,17,[1 7],52,135,152,83,123
1,<environment.Job instance at 0x7fa0136f7960>,57,14,[5 3],58,145,159,87,145
1,<environment.Job instance at 0x7fa059090910>,4,3,[8 5],5,5,8,0,5
1,<environment.Job instance at 0x7fa059090320>,7,18,[9 5],8,8,26,0,8
1,<environment.Job instance at 0x7fa059090730>,14,25,[9 4],15,26,51,11,24
1,<environment.Job instance at 0x7fa013286640>,19,18,[8 4],20,51,69,31,51
1,<environment.Job instance at 0x7fa013a1aa00>,41,14,[7 4],42,69,83,27,57
1,<environment.Job instance at 0x7fa059589140>,26,14,[6 2],27,83,97,56,69
1,<environment.Job instance at 0x7fa013068be0>,55,18,[6 5],56,97,115,41,88
1,<environment.Job instance at 0x7fa0130cf410>,66,17,[10  4],67,115,132,48,111
1,<environment.Job instance at 0x7fa0130cf0f0>,69,13,[6 3],70,132,145,62,116
1,<environment.Job instance at 0x7fa0134ab690>,1,17,[8 2],2,4,21,2,4
1,<environment.Job instance at 0x7fa05d8983c0>,15,3,[2 7],16,16,19,0,16
1,<environment.Job instance at 0x7fa0590a80f0>,16,17,[4 8],17,21,38,4,17
1,<environment.Job instance at 0x7fa05909b550>,22,13,[1 9],23,38,51,15,27
1,<environment.Job instance at 0x7fa05909b050>,25,12,[7 1],26,38,50,12,38
1,<environment.Job instance at 0x7fa05909b960>,26,16,[7 5],27,51,67,24,42
1,<environment.Job instance at 0x7fa012fb6cd0>,34,18,[ 5 10],35,67,85,32,57
1,<environment.Job instance at 0x7fa05df89870>,39,12,[10  1],40,85,97,45,80
1,<environment.Job instance at 0x7fa0130c95f0>,44,15,[9 1],45,97,112,52,90
1,<environment.Job instance at 0x7fa05d9fd0f0>,48,16,[2 9],49,112,128,63,108
1,<environment.Job instance at 0x7fa05d9fd0a0>,52,2,[8 5],53,128,130,75,117
1,<environment.Job instance at 0x7fa05d9fd230>,49,17,[ 4 10],50,130,147,80,118
1,<environment.Job instance at 0x7fa05d9fdd20>,55,12,[2 6],56,147,159,91,130
1,<environment.Job instance at 0x7f0aeba55280>,3,22,[2 5],4,4,26,0,4
1,<environment.Job instance at 0x7f0af2ea94b0>,5,2,[1 6],6,26,28,20,6
1,<environment.Job instance at 0x7f0aeba55230>,4,13,[3 6],5,28,41,23,12
1,<environment.Job instance at 0x7f0aeba55eb0>,17,12,[5 1],18,25,37,7,25
1,<environment.Job instance at 0x7f0aeba55b40>,13,18,[5 9],14,41,59,27,33
1,<environment.Job instance at 0x7f0aeba552d0>,6,15,[2 8],7,59,74,52,49
1,<environment.Job instance at 0x7f0aeba59960>,32,21,[5 9],33,74,95,41,70
1,<environment.Job instance at 0x7f0aeba555f0>,7,14,[7 5],8,95,109,87,80
1,<environment.Job instance at 0x7f0aeba59eb0>,37,14,[5 8],38,109,123,71,94
1,<environment.Job instance at 0x7f0aeba573c0>,42,2,[4 7],43,123,125,80,110
1,<environment.Job instance at 0x7f0aeba595f0>,34,14,[1 9],35,125,139,90,111
1,<environment.Job instance at 0x7f0aeba57730>,48,12,[9 2],49,139,151,90,122
1,<environment.Job instance at 0x7f0aeba57870>,51,2,[5 3],52,151,153,99,124
1,<environment.Job instance at 0x7f0aeba5e0a0>,58,17,[3 7],59,151,168,92,144
1,<environment.Job instance at 0x7f0aeba610a0>,3,12,[1 9],4,6,18,2,6
1,<environment.Job instance at 0x7f0aeba5e0a0>,5,15,[5 3],6,18,33,12,6
1,<environment.Job instance at 0x7f0af2fccf00>,15,19,[ 1 10],16,33,52,17,23
1,<environment.Job instance at 0x7f0af2fd1fa0>,21,17,[3 6],22,52,69,30,40
1,<environment.Job instance at 0x7f0af2fcc5f0>,11,14,[ 1 10],12,69,83,57,54
1,<environment.Job instance at 0x7f0af2fcca00>,13,14,[5 9],14,83,97,69,72
1,<environment.Job instance at 0x7f0af2fd16e0>,26,16,[1 8],27,97,113,70,85
1,<environment.Job instance at 0x7f0af2e8f0f0>,33,18,[5 1],34,93,111,59,93
1,<environment.Job instance at 0x7f0af2e8f230>,37,12,[4 8],38,113,125,75,96
1,<environment.Job instance at 0x7f0af2e8f500>,41,1,[ 5 10],42,125,126,83,120
1,<environment.Job instance at 0x7f0af2e8ffa0>,43,22,[9 1],44,126,148,82,120
1,<environment.Job instance at 0x7f0af2fd4e10>,50,13,[5 9],51,148,161,97,132
1,<environment.Job instance at 0x7f0af2fdb410>,1,15,[5 7],2,2,17,0,2
1,<environment.Job instance at 0x7f0aa7d87eb0>,4,17,[6 1],5,17,34,12,6
1,<environment.Job instance at 0x7f0aa7d11500>,11,13,[1 7],12,21,34,9,21
1,<environment.Job instance at 0x7f0aa7d117d0>,14,18,[10  5],15,34,52,19,23
1,<environment.Job instance at 0x7f0aa7d11910>,10,15,[1 9],11,52,67,41,38
1,<environment.Job instance at 0x7f0aa7d118c0>,23,18,[1 6],24,67,85,43,60
1,<environment.Job instance at 0x7f0aa7d11190>,22,27,[8 3],23,67,94,44,67
1,<environment.Job instance at 0x7f0aa7d15fa0>,38,3,[2 9],39,94,97,55,79
1,<environment.Job instance at 0x7f0aa7d155a0>,39,3,[2 7],40,85,88,45,79
1,<environment.Job instance at 0x7f0aa7d153c0>,41,3,[3 8],42,97,100,55,81
1,<environment.Job instance at 0x7f0aa7d15aa0>,35,14,[6 1],36,94,108,58,81
1,<environment.Job instance at 0x7f0aa7d15370>,31,16,[4 5],32,100,116,68,90
1,<environment.Job instance at 0x7f0aa7d11dc0>,21,16,[4 5],22,108,124,86,100
1,<environment.Job instance at 0x7f0aa7ce7460>,44,14,[3 6],45,124,138,79,109
1,<environment.Job instance at 0x7f0aa7e353c0>,57,1,[7 2],58,124,125,66,124
1,<environment.Job instance at 0x7f0aa7e35eb0>,58,14,[8 2],59,138,152,79,124
1,<environment.Job instance at 0x7f0aa7e352d0>,1,3,[5 1],2,2,5,0,2
1,<environment.Job instance at 0x7f0aa7cffc30>,2,24,[1 9],3,4,28,1,4
1,<environment.Job instance at 0x7f0aa7cfffa0>,8,2,[1 6],9,28,30,19,9
1,<environment.Job instance at 0x7f0aa7ea1460>,15,21,[ 2 10],16,30,51,14,22
1,<environment.Job instance at 0x7f0aa7ea1500>,16,15,[10  2],17,51,66,34,42
1,<environment.Job instance at 0x7f0aa7ca6410>,24,2,[7 1],25,66,68,41,52
1,<environment.Job instance at 0x7f0aa7ca6730>,25,2,[4 7],26,68,70,42,52
1,<environment.Job instance at 0x7f0aa7ca6cd0>,26,12,[6 4],27,70,82,43,54
1,<environment.Job instance at 0x7f0aa7ca6a50>,31,13,[10  2],32,82,95,50,72
1,<environment.Job instance at 0x7f0aa7ca62d0>,37,14,[9 2],38,95,109,57,84
1,<environment.Job instance at 0x7f0aa7da2af0>,43,1,[5 5],44,109,110,65,98
1,<environment.Job instance at 0x7f0aa7da2140>,44,18,[6 2],45,110,128,65,99
1,<environment.Job instance at 0x7f0aa7da2be0>,48,13,[1 5],49,106,119,57,106
1,<environment.Job instance at 0x7f0aa7d73050>,49,1,[2 8],50,119,120,69,106
1,<environment.Job instance at 0x7f0aa7d73e60>,50,3,[1 9],51,128,131,77,106
1,<environment.Job instance at 0x7f0aa82338c0>,19,13,[4 7],20,131,144,111,127
1,<environment.Job instance at 0x7f0aa7d730f0>,1,17,[10  5],2,2,19,0,2
1,<environment.Job instance at 0x7f0aebac3640>,9,18,[5 2],10,19,37,9,19
1,<environment.Job instance at 0x7f0aa7c5f9b0>,19,14,[7 2],20,37,51,17,22
1,<environment.Job instance at 0x7f0aa7c5fcd0>,26,20,[4 8],27,51,71,24,42
1,<environment.Job instance at 0x7f0aa7c5fd70>,22,14,[8 5],23,71,85,48,56
1,<environment.Job instance at 0x7f0aa7c60690>,33,18,[ 2 10],34,85,103,51,74
1,<environment.Job instance at 0x7f0aa7c60c80>,42,2,[10  4],43,103,105,60,85
1,<environment.Job instance at 0x7f0aa7c60730>,38,1,[6 4],39,105,106,66,87
1,<environment.Job instance at 0x7f0aa7c604b0>,35,25,[5 7],36,106,131,70,102
1,<environment.Job instance at 0x7f0aa7c64cd0>,64,27,[1 8],65,139,166,74,139
1,<environment.Job instance at 0x7f0aa7c64af0>,1,15,[5 5],2,2,17,0,2
1,<environment.Job instance at 0x7f0aa80c05a0>,4,12,[7 1],5,17,29,12,5
1,<environment.Job instance at 0x7f0aa83f53c0>,19,12,[1 6],20,20,32,0,20
1,<environment.Job instance at 0x7f0aa83f5050>,20,18,[6 4],21,29,47,8,22
1,<environment.Job instance at 0x7f0aa83f5c30>,23,18,[8 3],24,47,65,23,36
1,<environment.Job instance at 0x7f0aee41dd70>,29,14,[5 3],30,65,79,35,50
1,<environment.Job instance at 0x7f0aa83f51e0>,14,13,[5 7],15,65,78,50,55
1,<environment.Job instance at 0x7f0aee41d0a0>,36,20,[10  4],37,79,99,42,70
1,<environment.Job instance at 0x7f0aee41df50>,39,14,[7 5],40,99,113,59,84
1,<environment.Job instance at 0x7f0aee41d140>,42,18,[5 3],43,113,131,70,105
1,<environment.Job instance at 0x7f0aa80d6780>,48,13,[2 7],49,113,126,64,112
1,<environment.Job instance at 0x7f0aa80d6960>,49,15,[4 7],50,126,141,76,112
1,<environment.Job instance at 0x7f0aee41dd20>,41,13,[5 2],42,131,144,89,122
1,<environment.Job instance at 0x7f0aa80d61e0>,54,15,[8 2],55,144,159,89,130
1,<environment.Job instance at 0x7f0aebd97230>,0,15,[4 8],1,1,16,0,1
1,<environment.Job instance at 0x7f0aa7eef0a0>,10,15,[7 2],11,16,31,5,11
1,<environment.Job instance at 0x7f0aa7eef190>,14,12,[9 4],15,31,43,16,15
1,<environment.Job instance at 0x7f0aebbe0320>,18,1,[3 8],19,43,44,24,33
1,<environment.Job instance at 0x7f0aebbe07d0>,20,16,[3 7],21,44,60,23,34
1,<environment.Job instance at 0x7f0aa7ef9d20>,28,23,[ 4 10],29,60,83,31,54
1,<environment.Job instance at 0x7f0aedf99eb0>,37,18,[3 9],38,83,101,45,75
1,<environment.Job instance at 0x7f0aee310e10>,42,15,[ 1 10],43,101,116,58,87
1,<environment.Job instance at 0x7f0aee3105f0>,46,1,[3 7],47,116,117,69,103
1,<environment.Job instance at 0x7f0aee3109b0>,48,17,[10  4],49,117,134,68,105
1,<environment.Job instance at 0x7f0aeb982640>,53,17,[4 9],54,134,151,80,124
1,<environment.Job instance at 0x7f0aee2151e0>,24,16,[4 7],25,151,167,126,141
1,<environment.Job instance at 0x7f0aa80a4410>,3,18,[ 3 10],4,6,24,2,6
1,<environment.Job instance at 0x7f0aa8391640>,11,15,[9 5],12,24,39,12,13
1,<environment.Job instance at 0x7f0aa806af50>,22,16,[10  1],23,39,55,16,31
1,<environment.Job instance at 0x7f0aa806d230>,25,12,[7 2],26,55,67,29,38
1,<environment.Job instance at 0x7f0aa8391d70>,16,21,[3 7],17,55,76,38,52
1,<environment.Job instance at 0x7f0aa806d5a0>,30,2,[4 9],31,76,78,45,52
1,<environment.Job instance at 0x7f0aa806d7d0>,33,17,[6 1],34,67,84,33,56
1,<environment.Job instance at 0x7f0aa806adc0>,19,20,[1 9],20,78,98,58,73
1,<environment.Job instance at 0x7f0aa806daa0>,43,12,[5 9],44,98,110,54,81
1,<environment.Job instance at 0x7f0aa806df50>,45,1,[9 3],46,110,111,64,98
1,<environment.Job instance at 0x7f0aa806d640>,31,18,[4 6],32,111,129,79,101
1,<environment.Job instance at 0x7f0aa806ae60>,21,17,[5 6],22,129,146,107,120
1,<environment.Job instance at 0x7f0aa806db40>,44,16,[1 8],45,146,162,101,135
1,<environment.Job instance at 0x7f0aee0f8230>,0,15,[2 8],1,1,16,0,1
1,<environment.Job instance at 0x7f0aeb822a00>,6,12,[5 8],7,16,28,9,7
1,<environment.Job instance at 0x7f0aedfac460>,13,14,[9 2],14,28,42,14,23
1,<environment.Job instance at 0x7f0aebcce8c0>,18,12,[9 4],19,42,54,23,27
1,<environment.Job instance at 0x7f0aebccef50>,20,20,[7 1],21,54,74,33,45
1,<environment.Job instance at 0x7f0aee4fd410>,29,1,[2 6],30,68,69,38,68
1,<environment.Job instance at 0x7f0aee2490a0>,30,14,[6 3],31,74,88,43,68
1,<environment.Job instance at 0x7f0aa7d95500>,33,14,[ 4 10],34,88,102,54,74
1,<environment.Job instance at 0x7f0aebc01280>,37,17,[9 1],38,102,119,64,90
1,<environment.Job instance at 0x7f0af2a625a0>,42,13,[ 4 10],43,119,132,76,107
1,<environment.Job instance at 0x7f0aebea2370>,21,14,[9 4],22,132,146,110,121
1,<environment.Job instance at 0x7f0aa8291be0>,50,12,[8 4],51,146,158,95,131
1,<environment.Job instance at 0x7f0aa7d23dc0>,52,2,[7 4],53,158,160,105,137
1,<environment.Job instance at 0x7f0aeb8036e0>,54,12,[7 5],55,160,172,105,146
1,<environment.Job instance at 0x7f0aebafd190>,0,12,[4 8],1,1,13,0,1
1,<environment.Job instance at 0x7f0aeb9ff3c0>,8,17,[2 5],9,13,30,4,9
1,<environment.Job instance at 0x7f0aebf0be60>,10,2,[10  3],11,30,32,19,11
1,<environment.Job instance at 0x7f0aebb11aa0>,4,1,[10  5],5,32,33,27,11
1,<environment.Job instance at 0x7f0aebf6a910>,11,3,[1 9],12,33,36,21,13
1,<environment.Job instance at 0x7f0aa8106820>,5,3,[4 7],6,36,39,30,23
1,<environment.Job instance at 0x7f0aebf0b370>,14,18,[2 9],15,39,57,24,28
1,<environment.Job instance at 0x7f0aee5a1e10>,21,1,[10  4],22,57,58,35,39
1,<environment.Job instance at 0x7f0aa81065a0>,6,18,[3 6],7,58,76,51,48
1,<environment.Job instance at 0x7f0aebca00f0>,35,22,[6 4],36,72,94,36,72
1,<environment.Job instance at 0x7f0aa80a30f0>,39,14,[ 1 10],40,94,108,54,81
1,<environment.Job instance at 0x7f0aebb80370>,41,16,[ 2 10],42,108,124,66,97
1,<environment.Job instance at 0x7f0aebb80f00>,45,16,[10  3],46,124,140,78,112
1,<environment.Job instance at 0x7f0aee111f00>,27,14,[4 5],28,140,154,112,130
1,<environment.Job instance at 0x7f0aebf0baf0>,15,26,[5 5],16,147,173,131,147
1,<environment.Job instance at 0x7f0aeb9dee10>,0,16,[6 4],1,1,17,0,1
1,<environment.Job instance at 0x7f0aee70a9b0>,9,2,[1 5],10,13,15,3,13
1,<environment.Job instance at 0x7f0aeb9f3a50>,10,21,[5 4],11,17,38,6,14
1,<environment.Job instance at 0x7f0aebba6960>,12,18,[9 2],13,38,56,25,28
1,<environment.Job instance at 0x7f0aeb9e26e0>,24,13,[10  2],25,56,69,31,40
1,<environment.Job instance at 0x7f0aeb9e2a00>,31,12,[3 5],32,69,81,37,56
1,<environment.Job instance at 0x7f0aeb9db3c0>,40,15,[5 9],41,81,96,40,67
1,<environment.Job instance at 0x7f0aeb9db5a0>,43,18,[4 6],44,96,114,52,85
1,<environment.Job instance at 0x7f0aeb9db230>,45,14,[1 5],46,114,128,68,102
1,<environment.Job instance at 0x7f0aeb9e2cd0>,33,16,[5 8],34,128,144,94,115
1,<environment.Job instance at 0x7f0aeb9ed5a0>,63,16,[10  5],64,144,160,80,133
1,<environment.Job instance at 0x7f0aeb9f34b0>,0,1,[7 1],1,1,2,0,1
1,<environment.Job instance at 0x7f0aebbb9cd0>,3,14,[2 7],4,4,18,0,4
1,<environment.Job instance at 0x7f0aa7e953c0>,4,12,[4 7],5,18,30,13,7
1,<environment.Job instance at 0x7f0aee57ef00>,5,13,[1 5],6,30,43,24,16
1,<environment.Job instance at 0x7f0aa7e95050>,11,3,[7 5],12,30,33,18,16
1,<environment.Job instance at 0x7f0aa7e95e10>,15,18,[6 1],16,33,51,17,23
1,<environment.Job instance at 0x7f0aeb8a1500>,22,18,[10  1],23,51,69,28,47
1,<environment.Job instance at 0x7f0aebb1d730>,27,18,[6 1],28,69,87,41,59
1,<environment.Job instance at 0x7f0aa7e95f00>,13,15,[1 5],14,69,84,55,60
1,<environment.Job instance at 0x7f0aebb1d640>,28,17,[3 6],29,84,101,55,73
1,<environment.Job instance at 0x7f0aeb9ed820>,2,17,[7 4],3,87,104,84,76
1,<environment.Job instance at 0x7f0af2ea9aa0>,41,18,[4 6],42,104,122,62,93
1,<environment.Job instance at 0x7f0aebed95f0>,46,19,[5 4],47,107,126,60,107
1,<environment.Job instance at 0x7f0aa83ecf00>,53,18,[10  1],54,126,144,72,115
1,<environment.Job instance at 0x7f0aa83ec7d0>,56,17,[ 2 10],57,144,161,87,132
1,<environment.Job instance at 0x7f0aebed90a0>,0,13,[4 5],1,1,14,0,1
1,<environment.Job instance at 0x7f0aeb855a00>,7,14,[3 8],8,14,28,6,8
1,<environment.Job instance at 0x7f0aebaab5f0>,20,13,[4 7],21,28,41,7,21
1,<environment.Job instance at 0x7f0aa7ba6e60>,25,3,[ 1 10],26,41,44,15,28
1,<environment.Job instance at 0x7f0aa7ba6d20>,26,2,[6 4],27,44,46,17,28
1,<environment.Job instance at 0x7f0aa7ba6230>,27,18,[3 6],28,44,62,16,33
1,<environment.Job instance at 0x7f0aebe95230>,33,17,[6 1],34,46,63,12,34
1,<environment.Job instance at 0x7f0aebe95be0>,36,16,[ 2 10],37,63,79,26,50
1,<environment.Job instance at 0x7f0aeb846aa0>,42,21,[9 2],43,79,100,36,71
1,<environment.Job instance at 0x7f0aebbc6f50>,51,19,[6 5],52,100,119,48,97
1,<environment.Job instance at 0x7f0aeb826e60>,67,16,[8 2],68,119,135,51,106
1,<environment.Job instance at 0x7f0aeb8265f0>,72,18,[ 5 10],73,135,153,62,124
1,<environment.Job instance at 0x7f0aebd5ff50>,0,16,[4 9],1,1,17,0,1
1,<environment.Job instance at 0x7f0aebe6ee10>,5,2,[5 9],6,17,19,11,6
1,<environment.Job instance at 0x7f0aee786410>,6,15,[2 9],7,19,34,12,7
1,<environment.Job instance at 0x7f0aeb9e28c0>,11,14,[5 7],12,34,48,22,22
1,<environment.Job instance at 0x7f0aa7f8deb0>,18,18,[5 3],19,34,52,15,34
1,<environment.Job instance at 0x7f0aa7f75370>,19,18,[8 4],20,52,70,32,41
1,<environment.Job instance at 0x7f0aa7f75a00>,23,15,[10  2],24,70,85,46,58
1,<environment.Job instance at 0x7f0aa7f645f0>,27,14,[3 8],28,85,99,57,71
1,<environment.Job instance at 0x7f0aa7f730a0>,33,12,[6 1],34,85,97,51,71
1,<environment.Job instance at 0x7f0aa7f73500>,37,15,[10  2],38,99,114,61,85
1,<environment.Job instance at 0x7f0aee2577d0>,40,2,[3 9],41,114,116,73,87
1,<environment.Job instance at 0x7f0aa7eede60>,42,3,[8 5],43,116,119,73,97
1,<environment.Job instance at 0x7f0aee1411e0>,44,1,[4 9],45,119,120,74,98
1,<environment.Job instance at 0x7f0aee11f500>,45,1,[4 9],46,120,121,74,98
1,<environment.Job instance at 0x7f0aa7f06190>,46,3,[9 3],47,121,124,74,98
1,<environment.Job instance at 0x7f0aa8122640>,53,17,[ 4 10],54,124,141,70,113
1,<environment.Job instance at 0x7f0aa7f8df00>,16,15,[8 4],17,141,156,124,128
1,<environment.Job instance at 0x7f0aee303f00>,1,1,[7 1],2,2,3,0,2
1,<environment.Job instance at 0x7f0aebe16c80>,4,18,[8 1],5,5,23,0,5
1,<environment.Job instance at 0x7f0aa7f25f50>,12,18,[6 5],13,23,41,10,15
1,<environment.Job instance at 0x7f0aa82f4a50>,25,3,[4 5],26,28,31,2,28
1,<environment.Job instance at 0x7f0aebb679b0>,21,16,[7 1],22,41,57,19,28
1,<environment.Job instance at 0x7f0aeb846140>,29,21,[7 5],30,57,78,27,49
1,<environment.Job instance at 0x7f0aa7c5f5a0>,32,3,[6 3],33,78,81,45,56
1,<environment.Job instance at 0x7f0aa7c5f960>,33,2,[2 9],34,81,83,47,56
1,<environment.Job instance at 0x7f0aa7c5feb0>,36,3,[7 5],37,83,86,46,62
1,<environment.Job instance at 0x7f0aa7c5f550>,40,1,[5 6],41,86,87,45,73
1,<environment.Job instance at 0x7f0aa7c5fd20>,41,2,[4 7],42,78,80,36,73
1,<environment.Job instance at 0x7f0aa7c5f1e0>,43,12,[1 5],44,87,99,43,75
1,<environment.Job instance at 0x7f0aee039a50>,44,15,[5 9],45,99,114,54,85
1,<environment.Job instance at 0x7f0aa7b310f0>,53,17,[2 7],54,114,131,60,107
1,<environment.Job instance at 0x7f0aa7fadb40>,10,18,[5 7],11,131,149,120,120
1,<environment.Job instance at 0x7f0aa83dd410>,63,18,[5 3],64,134,152,70,134
1,<environment.Job instance at 0x7f0aa7c38c30>,64,14,[7 5],65,152,166,87,137
1,<environment.Job instance at 0x7f0af2fd45a0>,1,1,[4 8],2,2,3,0,2
1,<environment.Job instance at 0x7f0aeb8e7730>,3,17,[5 3],4,4,21,0,4
1,<environment.Job instance at 0x7f0aa7a9e370>,10,3,[6 2],11,21,24,10,11
1,<environment.Job instance at 0x7f0aa7a9eeb0>,11,18,[7 5],12,24,42,12,15
1,<environment.Job instance at 0x7f0aa7a9e0a0>,18,13,[10  3],19,42,55,23,28
1,<environment.Job instance at 0x7f0aa7a47870>,28,2,[9 2],29,55,57,26,52
1,<environment.Job instance at 0x7f0aa7a47aa0>,30,3,[6 3],31,57,60,26,54
1,<environment.Job instance at 0x7f0aa7a472d0>,24,17,[9 4],25,60,77,35,55
1,<environment.Job instance at 0x7f0aa7a47410>,33,18,[6 3],34,77,95,43,68
1,<environment.Job instance at 0x7f0aa7b34500>,44,25,[1 6],45,88,113,43,88
1,<environment.Job instance at 0x7f0aa7b345f0>,46,18,[7 1],47,104,122,57,104
1,<environment.Job instance at 0x7f0aa7b34eb0>,54,12,[1 8],55,127,139,72,127
1,<environment.Job instance at 0x7f0aa7b34140>,56,13,[ 1 10],57,139,152,82,127
1,<environment.Job instance at 0x7f0aa7a477d0>,21,14,[5 2],22,152,166,130,137
1,<environment.Job instance at 0x7f0aa7a46eb0>,0,13,[8 2],1,2,15,1,2
1,<environment.Job instance at 0x7f0aee578f00>,7,2,[9 2],8,15,17,7,8
1,<environment.Job instance at 0x7f0aeb8e7a00>,11,12,[5 4],12,21,33,9,21
1,<environment.Job instance at 0x7f0aebf67d70>,17,18,[6 1],18,33,51,15,23
1,<environment.Job instance at 0x7f0aebf67dc0>,20,1,[4 9],21,34,35,13,34
1,<environment.Job instance at 0x7f0aebf67aa0>,16,15,[5 3],17,51,66,34,39
1,<environment.Job instance at 0x7f0aebf72c30>,30,17,[1 6],31,61,78,30,61
1,<environment.Job instance at 0x7f0aebf72370>,25,16,[7 4],26,66,82,40,63
1,<environment.Job instance at 0x7f0aebf727d0>,31,24,[10  2],32,82,106,50,77
1,<environment.Job instance at 0x7f0aee0dffa0>,41,2,[8 5],42,106,108,64,91
1,<environment.Job instance at 0x7f0aebe083c0>,43,25,[6 2],44,108,133,64,106
1,<environment.Job instance at 0x7f0aee0e2460>,37,21,[1 8],38,108,129,70,108
1,<environment.Job instance at 0x7f0aebf787d0>,47,14,[6 5],48,133,147,85,119
1,<environment.Job instance at 0x7f0aeb8b1190>,54,14,[2 5],55,129,143,74,120
1,<environment.Job instance at 0x7f0aeb89fcd0>,59,16,[5 4],60,147,163,87,134
1,<environment.Job instance at 0x7f0aa7db6eb0>,0,17,[5 6],1,1,18,0,1
1,<environment.Job instance at 0x7f0aebe260f0>,4,13,[3 8],5,18,31,13,6
1,<environment.Job instance at 0x7f0aa8317230>,15,15,[1 7],16,31,46,15,18
1,<environment.Job instance at 0x7f0aa80845f0>,5,24,[5 2],6,33,57,27,33
1,<environment.Job instance at 0x7f0aebf49410>,25,3,[1 7],26,46,49,20,37
1,<environment.Job instance at 0x7f0aee6d0050>,28,3,[ 1 10],29,57,60,28,51
1,<environment.Job instance at 0x7f0aee55ca00>,31,21,[2 6],32,60,81,28,52
1,<environment.Job instance at 0x7f0aa7eb4280>,36,14,[6 2],37,60,74,23,54
1,<environment.Job instance at 0x7f0aee6d05a0>,29,18,[8 4],30,74,92,44,69
1,<environment.Job instance at 0x7f0aee4fe690>,54,17,[6 2],55,92,109,37,80
1,<environment.Job instance at 0x7f0aebd104b0>,17,18,[9 5],18,109,127,91,99
1,<environment.Job instance at 0x7f0af2b67d20>,68,14,[5 1],69,127,141,58,112
1,<environment.Job instance at 0x7f0aedfd3be0>,71,13,[3 7],72,130,143,58,130
1,<environment.Job instance at 0x7f0aa7a98b40>,3,15,[ 1 10],4,5,20,1,5
1,<environment.Job instance at 0x7f0aa7ae0280>,6,18,[5 5],7,20,38,13,9
1,<environment.Job instance at 0x7f0aa79e7640>,21,1,[2 9],22,38,39,16,27
1,<environment.Job instance at 0x7f0aa79e79b0>,19,17,[8 1],20,38,55,18,27
1,<environment.Job instance at 0x7f0aa79e7d20>,22,13,[1 9],23,39,52,16,27
1,<environment.Job instance at 0x7f0aa79e72d0>,25,12,[7 1],26,55,67,29,41
1,<environment.Job instance at 0x7f0af2fddf00>,32,12,[5 5],33,67,79,34,55
1,<environment.Job instance at 0x7f0af2d990f0>,37,26,[9 1],38,82,108,44,82
1,<environment.Job instance at 0x7f0aa7e46320>,43,14,[5 3],44,108,122,64,93
1,<environment.Job instance at 0x7f0aeb9400a0>,48,16,[2 9],49,122,138,73,117
1,<environment.Job instance at 0x7f0aebaf53c0>,51,18,[10  3],52,138,156,86,129
1,<environment.Job instance at 0x7f0aebaf5460>,58,15,[2 5],59,156,171,97,142
1,<environment.Job instance at 0x7f0aa7a98cd0>,0,1,[2 7],1,1,2,0,1
1,<environment.Job instance at 0x7f0aa7a985f0>,1,13,[10  5],2,2,15,0,2
1,<environment.Job instance at 0x7f0aee4d8dc0>,4,13,[2 9],5,15,28,10,5
1,<environment.Job instance at 0x7f0aee4e8cd0>,14,3,[5 4],15,28,31,13,19
1,<environment.Job instance at 0x7f0aee4e8be0>,15,3,[6 5],16,31,34,15,19
1,<environment.Job instance at 0x7f0aee4e8eb0>,16,14,[5 7],17,34,48,17,19
1,<environment.Job instance at 0x7f0aee4e8b40>,21,18,[1 7],22,48,66,26,37
1,<environment.Job instance at 0x7f0aee5032d0>,26,3,[5 9],27,66,69,39,51
1,<environment.Job instance at 0x7f0aee4e8910>,19,17,[5 9],20,69,86,49,63
1,<environment.Job instance at 0x7f0aee503410>,30,16,[6 4],31,86,102,55,81
1,<environment.Job instance at 0x7f0aee503820>,29,12,[4 7],30,102,114,72,88
1,<environment.Job instance at 0x7f0aee503320>,32,15,[7 5],33,114,129,81,101
1,<environment.Job instance at 0x7f0aa7da72d0>,43,3,[8 5],44,129,132,85,112
1,<environment.Job instance at 0x7f0aee503c80>,41,18,[3 9],42,132,150,90,122
1,<environment.Job instance at 0x7f0aa7da7e10>,42,17,[2 6],43,150,167,107,140
1,<environment.Job instance at 0x7f55bdf623c0>,1,18,[4 6],2,2,20,0,2
1,<environment.Job instance at 0x7f55bce08f00>,11,1,[3 9],12,20,21,8,12
1,<environment.Job instance at 0x7f55bce0d0a0>,12,1,[7 2],13,21,22,8,13
1,<environment.Job instance at 0x7f55bce0d2d0>,13,3,[10  3],14,22,25,8,14
1,<environment.Job instance at 0x7f55bce0d410>,14,1,[2 8],15,21,22,6,15
1,<environment.Job instance at 0x7f55bce0d460>,15,16,[9 1],16,25,41,9,16
1,<environment.Job instance at 0x7f55bce0de60>,24,17,[5 4],25,41,58,16,30
1,<environment.Job instance at 0x7f55bce08d70>,10,16,[5 6],11,41,57,30,38
1,<environment.Job instance at 0x7f55bce0f6e0>,30,17,[2 5],31,57,74,26,45
1,<environment.Job instance at 0x7f55bdeae0f0>,5,13,[ 5 10],6,6,19,0,6
1,<environment.Job instance at 0x7f55be0e3190>,17,17,[5 4],18,19,36,1,18
1,<environment.Job instance at 0x7f55be0e35a0>,15,14,[1 8],16,36,50,20,21
1,<environment.Job instance at 0x7f55be0dcb90>,25,16,[2 5],26,50,66,24,48
1,<environment.Job instance at 0x7f5572f307d0>,3,18,[ 5 10],4,4,22,0,4
1,<environment.Job instance at 0x7f5572f30cd0>,9,15,[5 6],10,22,37,12,11
1,<environment.Job instance at 0x7f5572e797d0>,27,14,[10  1],28,37,51,9,36
1,<environment.Job instance at 0x7f5572e79f50>,28,14,[5 5],29,51,65,22,39
1,<environment.Job instance at 0x7f5572f15a50>,0,16,[1 6],1,1,17,0,1
1,<environment.Job instance at 0x7f55733076e0>,3,16,[2 7],4,17,33,13,4
1,<environment.Job instance at 0x7f5573307730>,11,18,[5 5],12,33,51,21,22
1,<environment.Job instance at 0x7f5573341fa0>,19,18,[5 5],20,37,55,17,37
1,<environment.Job instance at 0x7f557330af00>,2,14,[3 5],3,3,17,0,3
1,<environment.Job instance at 0x7f55734f7640>,7,21,[5 8],8,17,38,9,9
1,<environment.Job instance at 0x7f5573307230>,8,3,[6 2],9,11,14,2,11
1,<environment.Job instance at 0x7f55734f7dc0>,15,3,[5 6],16,38,41,22,19
1,<environment.Job instance at 0x7f55734f7d70>,18,1,[2 6],19,41,42,22,19
1,<environment.Job instance at 0x7f5573511550>,20,3,[5 7],21,42,45,21,26
1,<environment.Job instance at 0x7f55734f7e60>,16,13,[7 5],17,45,58,28,43
1,<environment.Job instance at 0x7f5573511780>,27,16,[2 8],28,58,74,30,47
1,<environment.Job instance at 0x7f55bcdbe410>,2,18,[10  3],3,3,21,0,3
1,<environment.Job instance at 0x7f5573511780>,5,12,[10  3],6,21,33,15,9
1,<environment.Job instance at 0x7f55bd8699b0>,18,2,[8 1],19,33,35,14,21
1,<environment.Job instance at 0x7f55bd869c80>,19,13,[ 4 10],20,35,48,15,23
1,<environment.Job instance at 0x7f55bd398370>,21,15,[6 5],22,48,63,26,41
1,<environment.Job instance at 0x7f55bd398e10>,27,3,[4 7],28,63,66,35,44
1,<environment.Job instance at 0x7f55bd398c30>,29,12,[9 5],30,66,78,36,49
1,<environment.Job instance at 0x7f557314f1e0>,4,18,[5 9],5,5,23,0,5
1,<environment.Job instance at 0x7f557314fb90>,11,16,[1 5],12,23,39,11,12
1,<environment.Job instance at 0x7f557314f960>,13,16,[7 1],14,23,39,9,15
1,<environment.Job instance at 0x7f5573424f50>,20,17,[5 7],21,39,56,18,28
1,<environment.Job instance at 0x7f55bcf0c0a0>,17,18,[4 7],18,56,74,38,47
1,<environment.Job instance at 0x7f55bd086320>,1,17,[ 4 10],2,2,19,0,2
1,<environment.Job instance at 0x7f55733e6be0>,6,1,[7 1],7,19,20,12,7
1,<environment.Job instance at 0x7f5572f6aa00>,9,16,[7 1],10,20,36,10,11
1,<environment.Job instance at 0x7f55bd787370>,19,16,[5 9],20,36,52,16,24
1,<environment.Job instance at 0x7f55bd787910>,21,16,[10  1],22,52,68,30,42
1,<environment.Job instance at 0x7f55bd7a6870>,1,16,[3 9],2,2,18,0,2
1,<environment.Job instance at 0x7f55bd611dc0>,13,16,[4 8],14,18,34,4,14
1,<environment.Job instance at 0x7f55bcf17280>,18,15,[7 4],19,34,49,15,29
1,<environment.Job instance at 0x7f55bcf17a50>,21,14,[ 1 10],22,49,63,27,36
1,<environment.Job instance at 0x7f55bd0be280>,32,13,[6 3],33,63,76,30,47
1,<environment.Job instance at 0x7f5572feca50>,1,19,[4 9],2,2,21,0,2
1,<environment.Job instance at 0x7f55bdf93af0>,7,1,[7 3],8,21,22,13,9
1,<environment.Job instance at 0x7f55bcdecbe0>,13,25,[5 7],14,22,47,8,18
1,<environment.Job instance at 0x7f55bd2a7280>,17,18,[2 8],18,47,65,29,37
1,<environment.Job instance at 0x7f55bd5f39b0>,33,14,[7 2],34,48,62,14,48
1,<environment.Job instance at 0x7f55bd8dab40>,1,1,[5 9],2,2,3,0,2
1,<environment.Job instance at 0x7f55bd722a00>,6,17,[7 4],7,7,24,0,7
1,<environment.Job instance at 0x7f5572c37140>,8,13,[10  4],9,24,37,15,10
1,<environment.Job instance at 0x7f55bcb6f550>,9,18,[4 8],10,37,55,27,26
1,<environment.Job instance at 0x7f55bcc7cfa0>,15,15,[9 4],16,55,70,39,43
1,<environment.Job instance at 0x7f55bcd9b3c0>,1,14,[6 1],2,2,16,0,2
1,<environment.Job instance at 0x7f55bcba7be0>,4,17,[5 5],5,16,33,11,6
1,<environment.Job instance at 0x7f55bcb82820>,16,16,[5 5],17,20,36,3,20
1,<environment.Job instance at 0x7f55bcb82cd0>,21,16,[2 5],22,33,49,11,22
1,<environment.Job instance at 0x7f55bcb82e10>,22,17,[1 6],23,49,66,26,37
1,<environment.Job instance at 0x7f5573492d70>,2,1,[ 1 10],3,3,4,0,3
1,<environment.Job instance at 0x7f5573492f50>,4,1,[4 6],5,5,6,0,5
1,<environment.Job instance at 0x7f55734920f0>,5,18,[7 2],6,7,25,1,7
1,<environment.Job instance at 0x7f55bcd56410>,10,3,[4 5],11,25,28,14,11
1,<environment.Job instance at 0x7f55bcd565f0>,11,12,[2 5],12,12,24,0,12
1,<environment.Job instance at 0x7f5572fabe60>,22,19,[6 5],23,25,44,2,23
1,<environment.Job instance at 0x7f5572faba50>,24,17,[ 3 10],25,44,61,19,32
1,<environment.Job instance at 0x7f55bcb82af0>,6,12,[1 7],7,61,73,54,48
1,<environment.Job instance at 0x7f55bd8d18c0>,0,14,[3 5],1,1,15,0,1
1,<environment.Job instance at 0x7f55bde97d20>,6,14,[1 7],7,15,29,8,11
1,<environment.Job instance at 0x7f557328aa00>,8,15,[4 7],9,29,44,20,15
1,<environment.Job instance at 0x7f557328a5f0>,12,13,[1 6],13,44,57,31,30
1,<environment.Job instance at 0x7f55731ded20>,18,1,[9 1],19,44,45,25,31
1,<environment.Job instance at 0x7f557328a870>,13,14,[9 4],14,45,59,31,35
1,<environment.Job instance at 0x7f5572f549b0>,26,17,[5 2],27,59,76,32,48
1,<environment.Job instance at 0x7f5572cff410>,0,17,[4 9],1,1,18,0,1
1,<environment.Job instance at 0x7f5572d4c640>,16,24,[4 9],17,18,42,1,18
1,<environment.Job instance at 0x7f5572d4c370>,14,19,[6 1],15,23,42,8,23
1,<environment.Job instance at 0x7f5572d4c910>,19,16,[10  2],20,42,58,22,38
1,<environment.Job instance at 0x7f5572d25fa0>,12,18,[3 9],13,58,76,45,49
1,<environment.Job instance at 0x7f55bd847320>,2,3,[2 9],3,3,6,0,3
1,<environment.Job instance at 0x7f55bd847550>,7,12,[8 3],8,8,20,0,8
1,<environment.Job instance at 0x7f55bd847a00>,8,3,[5 3],9,20,23,11,9
1,<environment.Job instance at 0x7f55bd847460>,6,16,[3 9],7,23,39,16,11
1,<environment.Job instance at 0x7f55bd57a870>,14,2,[1 8],15,39,41,24,31
1,<environment.Job instance at 0x7f55bd57a690>,12,12,[4 6],13,41,53,28,31
1,<environment.Job instance at 0x7f55733a6730>,30,2,[5 7],31,53,55,22,36
1,<environment.Job instance at 0x7f55bd93b870>,1,15,[5 5],2,2,17,0,2
1,<environment.Job instance at 0x7f55bd93bf50>,8,2,[2 7],9,17,19,8,12
1,<environment.Job instance at 0x7f55bdb34a50>,10,13,[2 9],11,19,32,8,13
1,<environment.Job instance at 0x7f55bdb34730>,6,2,[2 9],7,32,34,25,16
1,<environment.Job instance at 0x7f55bd929dc0>,16,1,[4 5],17,34,35,17,19
1,<environment.Job instance at 0x7f5572db6b40>,17,3,[2 9],18,35,38,17,19
1,<environment.Job instance at 0x7f55bd01b2d0>,23,14,[5 8],24,38,52,14,38
1,<environment.Job instance at 0x7f55bd7ab6e0>,25,16,[8 5],26,52,68,26,39
1,<environment.Job instance at 0x7f55bdb634b0>,32,18,[2 5],33,52,70,19,41
1,<environment.Job instance at 0x7f557349dc30>,0,1,[4 5],1,1,2,0,1
1,<environment.Job instance at 0x7f557349db40>,1,16,[5 1],2,2,18,0,2
1,<environment.Job instance at 0x7f55732da910>,6,22,[4 8],7,12,34,5,12
1,<environment.Job instance at 0x7f55bd126280>,15,12,[4 7],16,34,46,18,20
1,<environment.Job instance at 0x7f5572fe85f0>,18,2,[7 4],19,46,48,27,30
1,<environment.Job instance at 0x7f5572d1bdc0>,21,14,[10  3],22,48,62,26,34
1,<environment.Job instance at 0x7f5573518af0>,22,2,[5 6],23,62,64,39,35
1,<environment.Job instance at 0x7f5572e47500>,23,2,[3 8],24,64,66,40,37
1,<environment.Job instance at 0x7f55bd972f50>,29,1,[10  5],30,66,67,36,49
1,<environment.Job instance at 0x7f55bd9722d0>,30,2,[4 7],31,67,69,36,49
1,<environment.Job instance at 0x7f55bd972050>,1,3,[3 7],2,2,5,0,2
1,<environment.Job instance at 0x7f55bd1fd320>,7,12,[2 7],8,8,20,0,8
1,<environment.Job instance at 0x7f5572f1c1e0>,15,2,[9 4],16,20,22,4,16
1,<environment.Job instance at 0x7f5572f1ccd0>,18,2,[2 8],19,22,24,3,19
1,<environment.Job instance at 0x7f5572f1cd70>,20,17,[5 4],21,24,41,3,21
1,<environment.Job instance at 0x7f55bcd5a410>,30,3,[3 5],31,34,37,3,34
1,<environment.Job instance at 0x7f55bdb22550>,32,16,[7 2],33,41,57,8,36
1,<environment.Job instance at 0x7f55bdb22be0>,35,1,[7 4],36,57,58,21,36
1,<environment.Job instance at 0x7f55bdb22eb0>,38,16,[8 3],39,58,74,19,45
1,<environment.Job instance at 0x7f55bd51d3c0>,1,15,[5 5],2,2,17,0,2
1,<environment.Job instance at 0x7f55bcc4f050>,14,13,[1 6],15,17,30,2,15
1,<environment.Job instance at 0x7f55bcc4f5f0>,16,15,[9 5],17,30,45,13,19
1,<environment.Job instance at 0x7f55731e8b90>,23,18,[7 4],24,45,63,21,35
1,<environment.Job instance at 0x7fa02ffeb3c0>,1,18,[4 6],2,2,20,0,2
1,<environment.Job instance at 0x7fa02ee92500>,15,16,[9 1],16,20,36,4,16
1,<environment.Job instance at 0x7fa02ee952d0>,26,3,[8 1],27,36,39,9,29
1,<environment.Job instance at 0x7fa02ee95500>,27,14,[ 1 10],28,39,53,11,29
1,<environment.Job instance at 0x7fa02ee95870>,32,16,[9 1],33,53,69,20,40
1,<environment.Job instance at 0x7fa02ee95a00>,34,16,[7 5],35,69,85,34,58
1,<environment.Job instance at 0x7fa02ee97050>,1,1,[1 5],2,2,3,0,2
1,<environment.Job instance at 0x7fa030164e60>,4,2,[7 5],5,5,7,0,5
1,<environment.Job instance at 0x7fa030164dc0>,5,14,[1 8],6,7,21,1,6
1,<environment.Job instance at 0x7fa030161780>,7,17,[5 4],8,21,38,13,10
1,<environment.Job instance at 0x7fa030017be0>,16,16,[3 5],17,21,37,4,20
1,<environment.Job instance at 0x7fa030017910>,14,14,[9 5],15,38,52,23,24
1,<environment.Job instance at 0x7fa030018640>,26,16,[4 7],27,52,68,25,39
1,<environment.Job instance at 0x7fa03015d550>,35,15,[5 9],36,68,83,32,55
1,<environment.Job instance at 0x7fa03015dd20>,1,14,[2 8],2,2,16,0,2
1,<environment.Job instance at 0x7f9fe4ef76e0>,9,12,[2 5],10,16,28,6,13
1,<environment.Job instance at 0x7f9fe4ef70f0>,18,14,[1 8],19,28,42,9,24
1,<environment.Job instance at 0x7f9fe4f1dbe0>,22,13,[10  4],23,42,55,19,33
1,<environment.Job instance at 0x7f9fe4ece9b0>,24,18,[6 4],25,55,73,30,44
1,<environment.Job instance at 0x7f9fe4ece230>,1,19,[2 5],2,2,21,0,2
1,<environment.Job instance at 0x7f9fe4edec80>,4,14,[5 6],5,21,35,16,7
1,<environment.Job instance at 0x7f9fe4ee1e60>,17,14,[9 5],18,35,49,17,21
1,<environment.Job instance at 0x7f9fe4ee1730>,11,16,[4 9],12,49,65,37,41
1,<environment.Job instance at 0x7f9fe5587d70>,8,13,[8 2],9,21,34,12,21
1,<environment.Job instance at 0x7f9fe557d370>,13,15,[2 7],14,21,36,7,21
1,<environment.Job instance at 0x7f9fe557d3c0>,14,18,[5 4],15,36,54,21,27
1,<environment.Job instance at 0x7fa02f328730>,6,14,[2 8],7,8,22,1,8
1,<environment.Job instance at 0x7f9fe4ee1c30>,8,17,[10  3],9,22,39,13,12
1,<environment.Job instance at 0x7f9fe4ee10a0>,10,1,[2 8],11,39,40,28,20
1,<environment.Job instance at 0x7f9fe4ee14b0>,13,16,[7 1],14,39,55,25,27
1,<environment.Job instance at 0x7fa02f199b40>,20,17,[5 7],21,55,72,34,44
1,<environment.Job instance at 0x7f9fe50d6910>,0,14,[5 3],1,1,15,0,1
1,<environment.Job instance at 0x7f9fe5035640>,1,15,[5 2],2,4,19,2,4
1,<environment.Job instance at 0x7f9fe52965f0>,13,2,[3 9],14,19,21,5,17
1,<environment.Job instance at 0x7f9fe5296eb0>,14,16,[4 9],15,21,37,6,17
1,<environment.Job instance at 0x7fa02ee6dfa0>,20,15,[9 1],21,37,52,16,25
1,<environment.Job instance at 0x7f9fe52a0aa0>,26,12,[2 8],27,52,64,25,38
1,<environment.Job instance at 0x7f9fe50358c0>,9,16,[5 9],10,64,80,54,54
1,<environment.Job instance at 0x7fa02f153500>,2,18,[8 3],3,3,21,0,3
1,<environment.Job instance at 0x7fa02fb6bd70>,10,13,[4 5],11,21,34,10,11
1,<environment.Job instance at 0x7fa02ee30190>,21,1,[3 6],22,34,35,12,24
1,<environment.Job instance at 0x7fa02ee10be0>,25,15,[2 8],26,35,50,9,28
1,<environment.Job instance at 0x7fa02f623050>,16,16,[3 7],17,50,66,33,40
1,<environment.Job instance at 0x7fa02ee2e3c0>,33,21,[9 1],34,66,87,32,58
1,<environment.Job instance at 0x7fa02f022af0>,0,1,[2 7],1,1,2,0,1
1,<environment.Job instance at 0x7fa02f022b90>,3,14,[7 2],4,4,18,0,4
1,<environment.Job instance at 0x7fa02f0225f0>,10,24,[9 2],11,21,45,10,21
1,<environment.Job instance at 0x7f9fe53702d0>,21,1,[5 9],22,45,46,23,22
1,<environment.Job instance at 0x7f9fe53704b0>,20,3,[8 5],21,46,49,25,29
1,<environment.Job instance at 0x7fa02f123be0>,23,15,[7 2],24,49,64,25,35
1,<environment.Job instance at 0x7fa02f1230f0>,24,15,[5 2],25,64,79,39,52
1,<environment.Job instance at 0x7fa02ed61c30>,0,1,[2 5],1,1,2,0,1
1,<environment.Job instance at 0x7f9fe4d05370>,17,18,[3 6],18,19,37,1,19
1,<environment.Job instance at 0x7f9fe528a550>,20,16,[9 2],21,37,53,16,34
1,<environment.Job instance at 0x7f9fe4ff0c80>,26,16,[5 5],27,53,69,26,45
1,<environment.Job instance at 0x7fa02f841690>,28,12,[3 8],29,69,81,40,57
1,<environment.Job instance at 0x7fa02f161910>,2,1,[ 1 10],3,3,4,0,3
1,<environment.Job instance at 0x7fa02f1611e0>,5,18,[7 2],6,7,25,1,7
1,<environment.Job instance at 0x7fa02f161640>,6,12,[1 7],7,12,24,5,12
1,<environment.Job instance at 0x7f9fe4cb49b0>,16,1,[6 3],17,25,26,8,17
1,<environment.Job instance at 0x7fa02f2c9190>,21,12,[10  1],22,26,38,4,22
1,<environment.Job instance at 0x7fa02f6230f0>,20,12,[10  1],21,38,50,17,31
1,<environment.Job instance at 0x7fa02f133c80>,25,14,[1 6],26,50,64,24,45
1,<environment.Job instance at 0x7fa02f4c25a0>,31,28,[5 4],32,55,83,23,55
1,<environment.Job instance at 0x7fa02f4d8d20>,1,13,[5 5],2,2,15,0,2
1,<environment.Job instance at 0x7fa02ed7a3c0>,7,12,[2 5],8,8,20,0,8
1,<environment.Job instance at 0x7fa02ed7a4b0>,9,15,[9 1],10,20,35,10,10
1,<environment.Job instance at 0x7fa02ed7af00>,16,17,[5 2],17,35,52,18,25
1,<environment.Job instance at 0x7fa02edb33c0>,22,16,[2 9],23,52,68,29,40
1,<environment.Job instance at 0x7fa02ed7aeb0>,17,15,[ 4 10],18,68,83,50,54
1,<environment.Job instance at 0x7fa02ed7a0f0>,0,3,[2 6],1,1,4,0,1
1,<environment.Job instance at 0x7fa02ed7af50>,2,1,[5 5],3,4,5,1,3
1,<environment.Job instance at 0x7fa02ec6b500>,4,2,[3 8],5,5,7,0,5
1,<environment.Job instance at 0x7fa02f3fa5a0>,6,2,[5 9],7,7,9,0,7
1,<environment.Job instance at 0x7fa02f3fa370>,9,17,[5 2],10,10,27,0,10
1,<environment.Job instance at 0x7fa02f79faa0>,17,19,[5 1],18,18,37,0,18
1,<environment.Job instance at 0x7fa02f79f910>,13,3,[1 5],14,27,30,13,20
1,<environment.Job instance at 0x7fa02f79fe60>,14,18,[1 7],15,30,48,15,21
1,<environment.Job instance at 0x7fa02f23f8c0>,21,15,[8 4],22,48,63,26,35
1,<environment.Job instance at 0x7fa02f23f960>,23,12,[9 2],24,63,75,39,54
1,<environment.Job instance at 0x7fa02f040dc0>,1,13,[6 4],2,2,15,0,2
1,<environment.Job instance at 0x7fa02f9573c0>,8,24,[10  5],9,15,39,6,10
1,<environment.Job instance at 0x7fa02ecf3d20>,17,16,[1 5],18,39,55,21,27
1,<environment.Job instance at 0x7fa02ecf3af0>,21,15,[5 5],22,39,54,17,30
1,<environment.Job instance at 0x7fa02f319190>,27,17,[10  3],28,55,72,27,44
1,<environment.Job instance at 0x7fa02edbf280>,0,16,[3 7],1,1,17,0,1
1,<environment.Job instance at 0x7f9fe5456140>,3,13,[6 3],4,6,19,2,6
1,<environment.Job instance at 0x7fa02ec2b4b0>,7,18,[2 9],8,19,37,11,9
1,<environment.Job instance at 0x7fa02ec2b5f0>,8,14,[ 4 10],9,37,51,28,22
1,<environment.Job instance at 0x7fa02ec02280>,23,18,[4 7],24,51,69,27,40
1,<environment.Job instance at 0x7fa02ec02690>,26,23,[6 2],27,51,74,24,49
1,<environment.Job instance at 0x7fa02ec0f960>,0,2,[7 3],1,1,3,0,1
1,<environment.Job instance at 0x7fa02fb6a230>,2,3,[4 8],3,3,6,0,3
1,<environment.Job instance at 0x7f9fe4fb6c80>,7,12,[2 7],8,8,20,0,8
1,<environment.Job instance at 0x7fa02ee31550>,13,15,[3 7],14,20,35,6,14
1,<environment.Job instance at 0x7f9fe5158050>,29,13,[ 1 10],30,35,48,5,30
1,<environment.Job instance at 0x7f9fe5158320>,30,3,[3 5],31,48,51,17,31
1,<environment.Job instance at 0x7f9fe5158550>,32,16,[7 2],33,48,64,15,35
1,<environment.Job instance at 0x7fa02edc8fa0>,38,16,[8 3],39,64,80,25,51
1,<environment.Job instance at 0x7fa02edc8140>,41,2,[5 6],42,80,82,38,59
1,<environment.Job instance at 0x7fa02f019c80>,4,13,[1 6],5,9,22,4,9
1,<environment.Job instance at 0x7f9fe5235640>,8,14,[ 5 10],9,22,36,13,10
1,<environment.Job instance at 0x7f9fe5051dc0>,12,14,[7 5],13,36,50,23,21
1,<environment.Job instance at 0x7fa02f469a50>,17,13,[8 2],18,50,63,32,35
1,<environment.Job instance at 0x7fa02f58ba50>,20,13,[5 9],21,63,76,42,52
1,<environment.Job instance at 0x7fa02f58b050>,22,1,[10  4],23,76,77,53,52
1,<environment.Job instance at 0x7fa02f58baa0>,23,3,[5 3],24,77,80,53,52
1,<environment.Job instance at 0x7f9fe4f89a50>,2,2,[8 2],3,3,5,0,3
1,<environment.Job instance at 0x7fa02ee96780>,4,18,[4 6],5,5,23,0,5
1,<environment.Job instance at 0x7fa02ec7bd70>,10,17,[5 5],11,23,40,12,14
1,<environment.Job instance at 0x7f9fe55a34b0>,18,16,[4 9],19,40,56,21,27
1,<environment.Job instance at 0x7f9fe55a37d0>,14,17,[6 3],15,56,73,41,48
1,<environment.Job instance at 0x7f9fe55846e0>,32,26,[2 7],33,56,82,23,55
1,<environment.Job instance at 0x7fa02f9b8dc0>,1,14,[4 8],2,2,16,0,2
1,<environment.Job instance at 0x7fa02f9b8050>,6,17,[5 4],7,16,33,9,8
1,<environment.Job instance at 0x7fa02fa13280>,17,1,[ 5 10],18,33,34,15,19
1,<environment.Job instance at 0x7fa02fa130f0>,16,16,[9 5],17,34,50,17,21
1,<environment.Job instance at 0x7f9fe4f37780>,28,13,[6 3],29,50,63,21,34
1,<environment.Job instance at 0x7fa02f56b280>,32,17,[10  1],33,63,80,30,58
1,<environment.Job instance at 0x7fa02efad230>,4,20,[ 4 10],5,5,25,0,5
1,<environment.Job instance at 0x7fa02f731190>,16,14,[1 8],17,25,39,8,22
1,<environment.Job instance at 0x7f3ba11cb3c0>,1,18,[4 6],2,2,20,0,2
1,<environment.Job instance at 0x7f3b9e076140>,11,1,[3 9],12,20,21,8,12
1,<environment.Job instance at 0x7f3b9e0762d0>,14,1,[2 8],15,21,22,6,15
1,<environment.Job instance at 0x7f3b9e076d70>,22,26,[7 2],23,23,49,0,23
1,<environment.Job instance at 0x7f3b9e0795f0>,27,14,[ 1 10],28,49,63,21,38
1,<environment.Job instance at 0x7f3b9e0796e0>,31,13,[6 4],32,63,76,31,48
1,<environment.Job instance at 0x7f3ba134d910>,5,13,[ 5 10],6,6,19,0,6
1,<environment.Job instance at 0x7f3ba1346be0>,18,1,[9 5],19,19,20,0,19
1,<environment.Job instance at 0x7f3ba13462d0>,19,15,[10  3],20,20,35,0,20
1,<environment.Job instance at 0x7f3b9e518730>,21,15,[2 7],22,35,50,13,22
1,<environment.Job instance at 0x7f3b9e003b40>,3,17,[9 2],4,50,67,46,38
1,<environment.Job instance at 0x7f3ba1345a50>,15,14,[1 8],16,50,64,34,48
1,<environment.Job instance at 0x7f3b60400d20>,3,18,[ 5 10],4,4,22,0,4
1,<environment.Job instance at 0x7f3b6041af00>,17,15,[5 4],18,22,37,4,18
1,<environment.Job instance at 0x7f3b6040e8c0>,19,15,[6 3],20,37,52,17,23
1,<environment.Job instance at 0x7f3b6040ebe0>,24,27,[3 5],25,36,63,11,36
1,<environment.Job instance at 0x7f3b604e8230>,0,16,[1 6],1,1,17,0,1
1,<environment.Job instance at 0x7f3b604e84b0>,3,16,[2 7],4,17,33,13,4
1,<environment.Job instance at 0x7f3b60996910>,8,1,[4 6],9,33,34,24,9
1,<environment.Job instance at 0x7f3b607180a0>,17,13,[ 4 10],18,34,47,16,19
1,<environment.Job instance at 0x7f3b607b3af0>,22,13,[1 5],23,47,60,24,31
1,<environment.Job instance at 0x7f3b60996a50>,15,2,[6 2],16,31,33,15,31
1,<environment.Job instance at 0x7f3b607d0e10>,26,12,[7 1],27,47,59,20,32
1,<environment.Job instance at 0x7f3b607d0730>,29,13,[8 3],30,59,72,29,43
1,<environment.Job instance at 0x7f3b607d0730>,2,14,[3 5],3,3,17,0,3
1,<environment.Job instance at 0x7f3b60a2d5f0>,7,21,[5 8],8,17,38,9,9
1,<environment.Job instance at 0x7f3b6045b6e0>,8,3,[6 2],9,11,14,2,11
1,<environment.Job instance at 0x7f3b60a2dfa0>,15,3,[5 6],16,38,41,22,18
1,<environment.Job instance at 0x7f3b60a2b370>,21,3,[9 1],22,41,44,19,27
1,<environment.Job instance at 0x7f3b60a2df50>,16,13,[7 5],17,44,57,27,31
1,<environment.Job instance at 0x7f3b60a2b780>,26,19,[7 5],27,57,76,30,47
1,<environment.Job instance at 0x7f3b9deeb140>,1,14,[7 3],2,2,16,0,2
1,<environment.Job instance at 0x7f3b60a2b780>,3,15,[2 7],4,4,19,0,4
1,<environment.Job instance at 0x7f3ba0d8f5a0>,10,26,[3 9],11,21,47,10,21
1,<environment.Job instance at 0x7f3ba1343690>,22,12,[4 6],23,47,59,24,31
1,<environment.Job instance at 0x7f3b604bad20>,31,17,[5 7],32,59,76,27,47
1,<environment.Job instance at 0x7f3ba0bb8320>,6,14,[2 8],7,7,21,0,7
1,<environment.Job instance at 0x7f3ba0bb8460>,4,18,[5 9],5,21,39,16,11
1,<environment.Job instance at 0x7f3ba0da17d0>,8,17,[10  3],9,39,56,30,27
1,<environment.Job instance at 0x7f3b9e36ad20>,2,15,[6 1],3,56,71,53,43
1,<environment.Job instance at 0x7f3b9e3d1190>,17,18,[4 7],18,56,74,38,46
1,<environment.Job instance at 0x7f3b6072d500>,1,17,[ 4 10],2,2,19,0,2
1,<environment.Job instance at 0x7f3b603a9d20>,11,15,[5 2],12,19,34,7,12
1,<environment.Job instance at 0x7f3b601ebe10>,18,17,[5 8],19,22,39,3,22
1,<environment.Job instance at 0x7f3b603ac9b0>,19,16,[5 9],20,39,55,19,26
1,<environment.Job instance at 0x7f3b6037f0a0>,27,12,[8 3],28,55,67,27,42
1,<environment.Job instance at 0x7f3b603179b0>,0,3,[8 2],1,1,4,0,1
1,<environment.Job instance at 0x7f3b60317d70>,2,1,[9 1],3,4,5,1,3
1,<environment.Job instance at 0x7f3b60317960>,4,2,[9 1],5,5,7,0,5
1,<environment.Job instance at 0x7f3b60319410>,11,1,[3 9],12,12,13,0,12
1,<environment.Job instance at 0x7f3b603177d0>,9,14,[1 8],10,17,31,7,17
1,<environment.Job instance at 0x7f3b603191e0>,15,15,[6 5],16,31,46,15,21
1,<environment.Job instance at 0x7f3b60305b40>,21,14,[ 1 10],22,46,60,24,36
1,<environment.Job instance at 0x7f3b60319e60>,13,16,[4 8],14,60,76,46,48
1,<environment.Job instance at 0x7f3ba0b39f50>,1,19,[4 9],2,2,21,0,2
1,<environment.Job instance at 0x7f3ba0cf06e0>,17,18,[2 8],18,21,39,3,18
1,<environment.Job instance at 0x7f3b6070e960>,5,17,[2 7],6,39,56,33,38
1,<environment.Job instance at 0x7f3b9e415e10>,26,13,[7 3],27,43,56,16,43
1,<environment.Job instance at 0x7f3ba077a140>,25,15,[10  4],26,56,71,30,43
1,<environment.Job instance at 0x7f3b6077ef50>,1,1,[5 9],2,2,3,0,2
1,<environment.Job instance at 0x7f3b60924aa0>,4,15,[5 2],5,5,20,0,5
1,<environment.Job instance at 0x7f3b60924c80>,5,17,[10  1],6,20,37,14,8
1,<environment.Job instance at 0x7f3b6014fd20>,12,13,[8 5],13,37,50,24,35
1,<environment.Job instance at 0x7f3b6049e140>,10,14,[4 7],11,50,64,39,39
1,<environment.Job instance at 0x7f3b60913f50>,0,23,[6 4],1,1,24,0,1
1,<environment.Job instance at 0x7f3b6048eb90>,5,17,[4 9],6,24,41,18,12
1,<environment.Job instance at 0x7f3b6048ef00>,9,12,[2 8],10,41,53,31,27
1,<environment.Job instance at 0x7f3b60314460>,28,14,[8 5],29,53,67,24,42
1,<environment.Job instance at 0x7f3b60314500>,1,13,[6 1],2,2,15,0,2
1,<environment.Job instance at 0x7f3b60314640>,6,12,[1 7],7,10,22,3,10
1,<environment.Job instance at 0x7f3b9e187550>,11,12,[2 5],12,22,34,10,12
1,<environment.Job instance at 0x7f3b9e187b90>,20,12,[10  1],21,34,46,13,22
1,<environment.Job instance at 0x7f3ba0c2f910>,22,19,[6 5],23,46,65,23,36
1,<environment.Job instance at 0x7f3ba0c2f960>,34,13,[9 5],35,65,78,30,49
1,<environment.Job instance at 0x7f3b606469b0>,0,14,[3 5],1,1,15,0,1
1,<environment.Job instance at 0x7f3b9ddd9550>,6,14,[1 7],7,15,29,8,7
1,<environment.Job instance at 0x7f3ba0713a50>,11,13,[5 5],12,29,42,17,13
1,<environment.Job instance at 0x7f3b9ddd9f00>,12,13,[1 6],13,42,55,29,26
1,<environment.Job instance at 0x7f3ba0713140>,19,15,[9 1],20,42,57,22,30
1,<environment.Job instance at 0x7f3b60658cd0>,0,17,[4 9],1,1,18,0,1
1,<environment.Job instance at 0x7f3b60158190>,6,18,[5 5],7,18,36,11,7
1,<environment.Job instance at 0x7f3b601665f0>,16,24,[4 9],17,36,60,19,33
1,<environment.Job instance at 0x7f3b6016f5f0>,0,3,[5 6],1,1,4,0,1
1,<environment.Job instance at 0x7f3ba05f3e60>,7,12,[8 3],8,8,20,0,8
1,<environment.Job instance at 0x7f3ba05f33c0>,8,3,[5 3],9,20,23,11,9
1,<environment.Job instance at 0x7f3ba06d5690>,17,15,[3 7],18,29,44,11,29
1,<environment.Job instance at 0x7f3ba06d51e0>,18,1,[1 7],19,44,45,25,29
1,<environment.Job instance at 0x7f3b9ddeef00>,6,16,[3 9],7,45,61,38,32
1,<environment.Job instance at 0x7f3ba06d5410>,21,14,[6 2],22,61,75,39,46
1,<environment.Job instance at 0x7f3b6039b870>,1,15,[5 5],2,2,17,0,2
1,<environment.Job instance at 0x7f3b9e4cf4b0>,23,14,[5 8],24,33,47,9,33
1,<environment.Job instance at 0x7f3b606b1eb0>,24,13,[9 1],25,47,60,22,36
1,<environment.Job instance at 0x7f3b605dadc0>,0,1,[4 5],1,1,2,0,1
1,<environment.Job instance at 0x7f3b9e1200a0>,3,14,[1 5],4,4,18,0,4
1,<environment.Job instance at 0x7f3b603808c0>,11,15,[5 4],12,13,28,1,13
1,<environment.Job instance at 0x7f3b60594640>,9,14,[5 7],10,28,42,18,16
1,<environment.Job instance at 0x7f3b6097a280>,17,17,[8 2],18,42,59,24,30
1,<environment.Job instance at 0x7f3b9e5767d0>,27,16,[4 8],28,59,75,31,46
1,<environment.Job instance at 0x7f3b9e5765f0>,1,3,[3 7],2,2,5,0,2
1,<environment.Job instance at 0x7f3b9df22320>,7,12,[2 7],8,8,20,0,8
1,<environment.Job instance at 0x7f3b9df22190>,11,1,[2 5],12,20,21,8,12
1,<environment.Job instance at 0x7f3b9e158c80>,20,17,[5 4],21,21,38,0,21
1,<environment.Job instance at 0x7f3b9e158280>,22,1,[4 7],23,38,39,15,23
1,<environment.Job instance at 0x7f3b9e158640>,23,3,[5 8],24,39,42,15,24
1,<environment.Job instance at 0x7f3ba0867e10>,17,13,[7 1],18,42,55,24,26
1,<environment.Job instance at 0x7f3ba0b75f50>,33,15,[5 7],34,55,70,21,41
1,<environment.Job instance at 0x7f3b9e54e370>,1,15,[5 5],2,2,17,0,2
1,<environment.Job instance at 0x7f3b6019aaa0>,17,18,[1 7],18,21,39,3,21
1,<environment.Job instance at 0x7f3b9e47d460>,16,15,[9 5],17,39,54,22,25
1,<environment.Job instance at 0x7f3b60176aa0>,14,13,[1 6],15,54,67,39,40
1,<environment.Job instance at 0x7fd92381c3c0>,1,18,[4 6],2,2,20,0,2
1,<environment.Job instance at 0x7fd9226c3500>,15,16,[9 1],16,20,36,4,16
1,<environment.Job instance at 0x7fd9226c38c0>,18,16,[5 6],19,36,52,17,28
1,<environment.Job instance at 0x7fd9226c67d0>,30,17,[2 5],31,52,69,21,41
1,<environment.Job instance at 0x7fd9226c6870>,31,13,[6 4],32,52,65,20,41
1,<environment.Job instance at 0x7fd9226c6140>,24,17,[5 4],25,65,82,40,54
1,<environment.Job instance at 0x7fd923990a50>,5,14,[1 8],6,6,20,0,6
1,<environment.Job instance at 0x7fd9239904b0>,7,17,[5 4],8,20,37,12,8
1,<environment.Job instance at 0x7fd923849c30>,21,19,[5 5],22,26,45,4,26
1,<environment.Job instance at 0x7fd9238491e0>,22,14,[5 1],23,37,51,14,29
1,<environment.Job instance at 0x7fd923849870>,23,13,[5 2],24,45,58,21,29
1,<environment.Job instance at 0x7fd9238497d0>,26,16,[4 7],27,51,67,24,38
1,<environment.Job instance at 0x7fd9239953c0>,10,14,[2 9],11,67,81,56,58
1,<environment.Job instance at 0x7fd8d86e22d0>,0,1,[5 7],1,1,2,0,1
1,<environment.Job instance at 0x7fd8d86e2eb0>,2,2,[2 6],3,3,5,0,3
1,<environment.Job instance at 0x7fd923995f50>,3,12,[6 5],4,5,17,1,4
1,<environment.Job instance at 0x7fd8d8804f50>,17,18,[1 8],18,18,36,0,18
1,<environment.Job instance at 0x7fd8d87bddc0>,18,14,[1 8],19,36,50,17,21
1,<environment.Job instance at 0x7fd8d8804be0>,16,17,[6 1],17,22,39,5,22
1,<environment.Job instance at 0x7fd8d87bda50>,27,17,[4 9],28,50,67,22,39
1,<environment.Job instance at 0x7fd8d87bd550>,29,18,[ 4 10],30,67,85,37,57
1,<environment.Job instance at 0x7fd8d879ad70>,0,22,[6 5],1,1,23,0,1
1,<environment.Job instance at 0x7fd8d8806640>,1,19,[2 5],2,11,30,9,11
1,<environment.Job instance at 0x7fd8d8890280>,9,17,[4 5],10,23,40,13,14
1,<environment.Job instance at 0x7fd8d87c7280>,17,14,[9 5],18,40,54,22,33
1,<environment.Job instance at 0x7fd8d8bdb820>,20,18,[6 2],21,54,72,33,43
1,<environment.Job instance at 0x7fd8d8bdba00>,22,14,[3 5],23,54,68,31,46
1,<environment.Job instance at 0x7fd8d8bd6370>,29,13,[7 5],30,72,85,42,56
1,<environment.Job instance at 0x7fd8d8dc40a0>,12,18,[10  3],13,42,60,29,42
1,<environment.Job instance at 0x7fd9229926e0>,7,2,[ 4 10],8,8,10,0,8
1,<environment.Job instance at 0x7fd9229920a0>,9,18,[1 7],10,10,28,0,10
1,<environment.Job instance at 0x7fd922992870>,13,16,[7 1],14,14,30,0,14
1,<environment.Job instance at 0x7fd9229925f0>,12,16,[8 2],13,30,46,17,17
1,<environment.Job instance at 0x7fd8d874c3c0>,27,2,[2 9],28,28,30,0,28
1,<environment.Job instance at 0x7fd8d874c0a0>,29,16,[7 2],30,46,62,16,33
1,<environment.Job instance at 0x7fd92303f370>,18,13,[5 6],19,62,75,43,47
1,<environment.Job instance at 0x7fd8d8affc30>,0,14,[5 3],1,1,15,0,1
1,<environment.Job instance at 0x7fd8d86a5280>,4,16,[9 4],5,15,31,10,13
1,<environment.Job instance at 0x7fd8d8abd140>,5,2,[9 2],6,31,33,25,13
1,<environment.Job instance at 0x7fd92273a9b0>,20,15,[9 1],21,33,48,12,21
1,<environment.Job instance at 0x7fd922bbe230>,10,15,[9 3],11,48,63,37,34
1,<environment.Job instance at 0x7fd9229b8fa0>,11,16,[10  1],12,63,79,51,52
1,<environment.Job instance at 0x7fd922dc83c0>,0,1,[2 7],1,1,2,0,1
1,<environment.Job instance at 0x7fd9229017d0>,2,18,[8 3],3,3,21,0,3
1,<environment.Job instance at 0x7fd8d8a893c0>,12,13,[6 3],13,21,34,8,13
1,<environment.Job instance at 0x7fd8d8cbb640>,18,22,[1 7],19,23,45,4,23
1,<environment.Job instance at 0x7fd92260c8c0>,21,1,[3 6],22,45,46,23,23
1,<environment.Job instance at 0x7fd8d858f410>,24,14,[2 7],25,46,60,21,34
1,<environment.Job instance at 0x7fd8d8588960>,33,21,[9 1],34,60,81,26,53
1,<environment.Job instance at 0x7fd923242c30>,5,21,[9 1],6,8,29,2,8
1,<environment.Job instance at 0x7fd923242eb0>,12,15,[1 7],13,24,39,11,24
1,<environment.Job instance at 0x7fd8d8b8bbe0>,24,15,[5 2],25,29,44,4,25
1,<environment.Job instance at 0x7fd8d8b8b140>,25,17,[10  1],26,44,61,18,32
1,<environment.Job instance at 0x7fd8d8b8b4b0>,23,15,[7 2],24,61,76,37,54
1,<environment.Job instance at 0x7fd9227f6f50>,0,1,[2 5],1,1,2,0,1
1,<environment.Job instance at 0x7fd8d8a70780>,16,1,[3 6],17,18,19,1,18
1,<environment.Job instance at 0x7fd9237594b0>,15,17,[4 9],16,20,37,4,20
1,<environment.Job instance at 0x7fd9226d7820>,17,18,[3 6],18,37,55,19,26
1,<environment.Job instance at 0x7fd8d8cb3af0>,27,12,[2 7],28,55,67,27,49
1,<environment.Job instance at 0x7fd8d84f6dc0>,1,13,[6 1],2,2,15,0,2
1,<environment.Job instance at 0x7fd8d8bdb690>,6,12,[1 7],7,7,19,0,7
1,<environment.Job instance at 0x7fd8d84f4e10>,11,12,[2 5],12,19,31,7,13
1,<environment.Job instance at 0x7fd922e67d20>,18,17,[9 2],19,31,48,12,22
1,<environment.Job instance at 0x7fd8d8bde230>,26,12,[7 3],27,48,60,21,34
1,<environment.Job instance at 0x7fd92272d6e0>,33,16,[9 3],34,60,76,26,48
1,<environment.Job instance at 0x7fd8d8a012d0>,1,13,[5 5],2,2,15,0,2
1,<environment.Job instance at 0x7fd922a264b0>,7,12,[2 5],8,8,20,0,8
1,<environment.Job instance at 0x7fd922a26780>,10,17,[3 8],11,20,37,9,14
1,<environment.Job instance at 0x7fd922a26af0>,14,2,[5 4],15,15,17,0,15
1,<environment.Job instance at 0x7fd922a26e60>,16,17,[5 2],17,19,36,2,19
1,<environment.Job instance at 0x7fd922a26cd0>,19,16,[10  5],20,37,53,17,24
1,<environment.Job instance at 0x7fd922a04550>,25,20,[8 3],26,53,73,27,53
1,<environment.Job instance at 0x7fd922a046e0>,27,12,[2 7],28,53,65,25,53
1,<environment.Job instance at 0x7fd922a26eb0>,0,3,[2 6],1,1,4,0,1
1,<environment.Job instance at 0x7fd8d89d8b90>,6,2,[5 9],7,7,9,0,7
1,<environment.Job instance at 0x7fd8d89d8690>,8,1,[7 4],9,9,10,0,9
1,<environment.Job instance at 0x7fd8d89d8960>,9,17,[5 2],10,10,27,0,10
1,<environment.Job instance at 0x7fd922854320>,14,18,[1 7],15,15,33,0,15
1,<environment.Job instance at 0x7fd922854e10>,17,19,[5 1],18,27,46,9,18
1,<environment.Job instance at 0x7fd923365a50>,22,3,[1 6],23,33,36,10,25
1,<environment.Job instance at 0x7fd923365fa0>,21,15,[8 4],22,46,61,24,36
1,<environment.Job instance at 0x7fd923759230>,36,16,[3 9],37,61,77,24,48
1,<environment.Job instance at 0x7fd92260f910>,1,13,[6 4],2,2,15,0,2
1,<environment.Job instance at 0x7fd92260faa0>,7,16,[9 4],8,15,31,7,10
1,<environment.Job instance at 0x7fd922cfdd70>,19,2,[8 2],20,31,33,11,22
1,<environment.Job instance at 0x7fd922cfd280>,18,15,[ 1 10],19,33,48,14,22
1,<environment.Job instance at 0x7fd8d8834b90>,27,17,[10  3],28,48,65,20,38
1,<environment.Job instance at 0x7fd8d84e5370>,0,16,[3 7],1,1,17,0,1
1,<environment.Job instance at 0x7fd8d84e5280>,4,18,[6 4],5,17,35,12,7
1,<environment.Job instance at 0x7fd8d8d2afa0>,19,14,[5 7],20,35,49,15,22
1,<environment.Job instance at 0x7fd8d8d2a5a0>,11,16,[5 1],12,35,51,23,28
1,<environment.Job instance at 0x7fd8d8d304b0>,24,17,[9 4],25,51,68,26,40
1,<environment.Job instance at 0x7fd8d8d30be0>,31,14,[10  3],32,68,82,36,56
1,<environment.Job instance at 0x7fd922c64410>,0,2,[7 3],1,1,3,0,1
1,<environment.Job instance at 0x7fd922c64e60>,4,3,[6 5],5,5,8,0,5
1,<environment.Job instance at 0x7fd922b88cd0>,7,12,[2 7],8,8,20,0,8
1,<environment.Job instance at 0x7fd922b88320>,13,15,[3 7],14,20,35,6,19
1,<environment.Job instance at 0x7fd922b88910>,16,12,[ 1 10],17,35,47,18,25
1,<environment.Job instance at 0x7fd922f62190>,28,2,[10  1],29,47,49,18,29
1,<environment.Job instance at 0x7fd922b85730>,31,12,[5 4],32,49,61,17,33
1,<environment.Job instance at 0x7fd922b85a00>,38,16,[8 3],39,61,77,22,55
1,<environment.Job instance at 0x7fd8d87a1aa0>,6,15,[9 5],7,9,24,2,9
1,<environment.Job instance at 0x7fd922a741e0>,11,17,[7 5],12,24,41,12,13
1,<environment.Job instance at 0x7fd922eba230>,15,16,[5 5],16,41,57,25,28
1,<environment.Job instance at 0x7fd8d8bc1640>,20,13,[5 9],21,57,70,36,45
1,<environment.Job instance at 0x7fd8d8dd1e60>,6,18,[2 5],7,9,27,2,9
1,<environment.Job instance at 0x7fd922b34cd0>,10,17,[5 5],11,18,35,7,18
1,<environment.Job instance at 0x7fd8d8dd1500>,5,1,[2 8],6,35,36,29,20
1,<environment.Job instance at 0x7fd922451730>,7,13,[ 3 10],8,36,49,28,20
1,<environment.Job instance at 0x7fd922aa9050>,18,16,[4 9],19,49,65,30,36
1,<environment.Job instance at 0x7fd922ab5870>,1,14,[4 8],2,2,16,0,2
1,<environment.Job instance at 0x7fd9229300f0>,7,15,[5 9],8,16,31,8,12
1,<environment.Job instance at 0x7fd922930550>,14,12,[6 2],15,31,43,16,16
1,<environment.Job instance at 0x7fd922c45550>,22,1,[8 5],23,43,44,20,23
1,<environment.Job instance at 0x7fd922c45640>,25,14,[9 2],26,44,58,18,29
1,<environment.Job instance at 0x7fd92284fb90>,30,17,[7 2],31,58,75,27,46
1,<environment.Job instance at 0x7fd8d8abccd0>,1,12,[10  4],2,2,14,0,2
1,<environment.Job instance at 0x7fd8d8abc730>,2,3,[7 2],3,14,17,11,3
1,<environment.Job instance at 0x7fd922d4f1e0>,5,13,[3 7],6,14,27,8,6
1,<environment.Job instance at 0x7fd922b3e0f0>,26,17,[6 1],27,42,59,15,42
1,<environment.Job instance at 0x7fd8d8850aa0>,27,13,[8 4],28,59,72,31,43
1,<environment.Job instance at 0x7fd8d8850dc0>,28,13,[5 5],29,72,85,43,56
1,<environment.Job instance at 0x7fd8d88501e0>,34,1,[4 9],35,57,58,22,57
1,<environment.Job instance at 0x7fcc81c7f6e0>,1,18,[4 6],2,2,20,0,2
1,<environment.Job instance at 0x7fcc81bf62d0>,2,3,[9 2],3,20,23,17,3
1,<environment.Job instance at 0x7fcc7a7e71e0>,3,3,[1 5],4,20,23,16,4
1,<environment.Job instance at 0x7fcc7a7e75f0>,6,3,[8 4],7,23,26,16,13
1,<environment.Job instance at 0x7fcc7a7e7dc0>,15,16,[9 1],16,27,43,11,27
1,<environment.Job instance at 0x7fcc7a7eb8c0>,24,17,[5 4],25,43,60,18,38
1,<environment.Job instance at 0x7fcc7a7ebe60>,30,17,[2 5],31,51,68,20,51
1,<environment.Job instance at 0x7fcc7a7ebf00>,31,13,[6 4],32,60,73,28,51
1,<environment.Job instance at 0x7fcc7a7e8050>,34,16,[7 5],35,73,89,38,60
1,<environment.Job instance at 0x7fcc81d5ffa0>,0,14,[2 9],1,1,15,0,1
1,<environment.Job instance at 0x7fcc81d5ff50>,5,16,[2 5],6,15,31,9,6
1,<environment.Job instance at 0x7fcc81d6d5f0>,11,19,[5 5],12,15,34,3,13
1,<environment.Job instance at 0x7fcc81c1e690>,16,16,[4 7],17,34,50,17,21
1,<environment.Job instance at 0x7fcc81d65b40>,18,1,[4 7],19,50,51,31,29
1,<environment.Job instance at 0x7fcc7a7e8140>,3,17,[9 2],4,51,68,47,39
1,<environment.Job instance at 0x7fcc81d651e0>,20,15,[3 8],21,68,83,47,55
1,<environment.Job instance at 0x7fcc81d62910>,7,13,[4 9],8,83,96,75,68
1,<environment.Job instance at 0x7fcc7a7e7320>,2,13,[10  4],3,3,16,0,3
1,<environment.Job instance at 0x7fcc36ae59b0>,3,17,[4 6],4,16,33,12,9
1,<environment.Job instance at 0x7fcc36ae5aa0>,8,15,[4 9],9,33,48,24,19
1,<environment.Job instance at 0x7fcc36ae5910>,14,17,[3 5],15,48,65,33,36
1,<environment.Job instance at 0x7fcc36b0fc30>,27,13,[ 4 10],28,65,78,37,50
1,<environment.Job instance at 0x7fcc36b0f690>,28,18,[3 8],29,78,96,49,67
1,<environment.Job instance at 0x7fcc36ea3500>,0,18,[2 9],1,1,19,0,1
1,<environment.Job instance at 0x7fcc37164b40>,17,16,[2 8],18,24,40,6,24
1,<environment.Job instance at 0x7fcc37164460>,18,14,[4 8],19,40,54,21,27
1,<environment.Job instance at 0x7fcc37164be0>,19,12,[4 7],20,54,66,34,44
1,<environment.Job instance at 0x7fcc37040910>,26,2,[7 5],27,66,68,39,52
1,<environment.Job instance at 0x7fcc36ca2500>,28,3,[ 4 10],29,68,71,39,52
1,<environment.Job instance at 0x7fcc37164500>,23,17,[8 4],24,71,88,47,65
1,<environment.Job instance at 0x7fcc37164410>,1,17,[5 7],2,2,19,0,2
1,<environment.Job instance at 0x7fcc36ed4f00>,18,14,[2 8],19,19,33,0,19
1,<environment.Job instance at 0x7fcc36eed4b0>,21,16,[8 1],22,25,41,3,25
1,<environment.Job instance at 0x7fcc36ed4cd0>,17,14,[8 2],18,41,55,23,28
1,<environment.Job instance at 0x7fcc36eed9b0>,26,14,[2 8],27,44,58,17,44
1,<environment.Job instance at 0x7fcc36eedbe0>,30,1,[2 8],31,58,59,27,46
1,<environment.Job instance at 0x7fcc36eedaf0>,31,16,[1 5],32,59,75,27,46
1,<environment.Job instance at 0x7fcc36eedb40>,37,18,[4 7],38,75,93,37,64
1,<environment.Job instance at 0x7fcc36eeb050>,1,17,[ 4 10],2,2,19,0,2
1,<environment.Job instance at 0x7fcc7ab39500>,3,3,[1 9],4,19,22,15,4
1,<environment.Job instance at 0x7fcc7ab393c0>,8,14,[7 2],9,22,36,13,10
1,<environment.Job instance at 0x7fcc36cb9dc0>,13,17,[9 5],14,36,53,22,31
1,<environment.Job instance at 0x7fcc36cb9910>,24,16,[4 9],25,53,69,28,41
1,<environment.Job instance at 0x7fcc36cb93c0>,16,15,[10  4],17,69,84,52,55
1,<environment.Job instance at 0x7fcc7ad0e280>,38,2,[2 8],39,84,86,45,69
1,<environment.Job instance at 0x7fcc7aaae280>,0,1,[2 7],1,1,2,0,1
1,<environment.Job instance at 0x7fcc8152ba50>,2,18,[8 3],3,3,21,0,3
1,<environment.Job instance at 0x7fcc36ca12d0>,3,12,[1 5],4,4,16,0,4
1,<environment.Job instance at 0x7fcc7ac97d70>,16,16,[3 7],17,33,49,16,33
1,<environment.Job instance at 0x7fcc810f3230>,18,22,[1 7],19,49,71,30,42
1,<environment.Job instance at 0x7fcc7a77dcd0>,33,21,[9 1],34,60,81,26,60
1,<environment.Job instance at 0x7fcc7a77d7d0>,36,18,[1 8],37,71,89,34,67
1,<environment.Job instance at 0x7fcc370afcd0>,3,23,[7 5],4,4,27,0,4
1,<environment.Job instance at 0x7fcc81258230>,15,17,[10  1],16,27,44,11,16
1,<environment.Job instance at 0x7fcc812586e0>,20,14,[4 7],21,44,58,23,31
1,<environment.Job instance at 0x7fcc812589b0>,3,3,[2 9],4,4,7,0,4
1,<environment.Job instance at 0x7fcc7ac7b640>,6,16,[5 5],7,7,23,0,7
1,<environment.Job instance at 0x7fcc7ac6c550>,11,16,[2 5],12,12,28,0,12
1,<environment.Job instance at 0x7fcc7a68de10>,20,1,[4 5],21,23,24,2,23
1,<environment.Job instance at 0x7fcc81074eb0>,21,18,[ 2 10],22,28,46,6,24
1,<environment.Job instance at 0x7fcc81c20e10>,19,24,[8 1],20,46,70,26,44
1,<environment.Job instance at 0x7fcc36e77f50>,28,16,[2 6],29,50,66,21,50
1,<environment.Job instance at 0x7fcc810dee60>,22,17,[10  2],23,70,87,47,60
1,<environment.Job instance at 0x7fcc36a5e0a0>,35,3,[6 5],36,87,90,51,61
1,<environment.Job instance at 0x7fcc815c2190>,4,13,[9 5],5,5,18,0,5
1,<environment.Job instance at 0x7fcc370d0870>,3,16,[9 3],4,18,34,14,10
1,<environment.Job instance at 0x7fcc36aa0280>,12,1,[3 5],13,34,35,21,20
1,<environment.Job instance at 0x7fcc7a6b36e0>,18,18,[ 1 10],19,35,53,16,24
1,<environment.Job instance at 0x7fcc7a6315a0>,25,13,[3 6],26,58,71,32,58
1,<environment.Job instance at 0x7fcc370a2730>,0,17,[4 9],1,1,18,0,1
1,<environment.Job instance at 0x7fcc36c91280>,6,18,[5 5],7,18,36,11,7
1,<environment.Job instance at 0x7fcc815947d0>,22,1,[5 5],23,44,45,21,44
1,<environment.Job instance at 0x7fcc81594a50>,24,2,[3 8],25,45,47,20,44
1,<environment.Job instance at 0x7fcc815945f0>,25,2,[8 3],26,47,49,21,44
1,<environment.Job instance at 0x7fcc815949b0>,26,2,[5 9],27,49,51,22,44
1,<environment.Job instance at 0x7fcc8158ef50>,28,1,[7 4],29,51,52,22,47
1,<environment.Job instance at 0x7fcc36e40410>,12,18,[3 9],13,52,70,39,47
1,<environment.Job instance at 0x7fcc36e5b320>,11,15,[10  2],12,70,85,58,61
1,<environment.Job instance at 0x7fcc81593f50>,1,14,[6 2],2,2,16,0,2
1,<environment.Job instance at 0x7fcc81524410>,5,14,[9 3],6,16,30,10,7
1,<environment.Job instance at 0x7fcc813eec30>,17,16,[9 4],18,30,46,12,20
1,<environment.Job instance at 0x7fcc7a6e50a0>,27,16,[1 5],28,37,53,9,37
1,<environment.Job instance at 0x7fcc813ee1e0>,19,17,[6 3],20,46,63,26,43
1,<environment.Job instance at 0x7fcc7acea0f0>,33,1,[3 6],34,53,54,19,46
1,<environment.Job instance at 0x7fcc36be7280>,37,17,[10  3],38,63,80,25,56
1,<environment.Job instance at 0x7fcc36be7140>,38,2,[2 7],39,56,58,17,56
1,<environment.Job instance at 0x7fcc36980d20>,0,16,[3 7],1,1,17,0,1
1,<environment.Job instance at 0x7fcc81272c80>,7,18,[2 9],8,18,36,10,18
1,<environment.Job instance at 0x7fcc3685a550>,21,15,[5 4],22,36,51,14,24
1,<environment.Job instance at 0x7fcc36830370>,19,14,[5 7],20,51,65,31,36
1,<environment.Job instance at 0x7fcc811bc0f0>,28,2,[7 4],29,65,67,36,53
1,<environment.Job instance at 0x7fcc811bcdc0>,29,3,[4 7],30,67,70,37,53
1,<environment.Job instance at 0x7fcc7aa32690>,30,1,[10  4],31,70,71,39,53
1,<environment.Job instance at 0x7fcc7aa329b0>,31,14,[10  3],32,71,85,39,56
1,<environment.Job instance at 0x7fcc81120c30>,1,1,[2 5],2,2,3,0,2
1,<environment.Job instance at 0x7fcc8156bf50>,3,15,[3 7],4,4,19,0,4
1,<environment.Job instance at 0x7fcc368546e0>,16,17,[10  5],17,20,37,3,20
1,<environment.Job instance at 0x7fcc7ab19870>,18,2,[10  1],19,37,39,18,25
1,<environment.Job instance at 0x7fcc36887b40>,23,15,[5 7],24,39,54,15,25
1,<environment.Job instance at 0x7fcc3688c640>,28,16,[8 3],29,54,70,25,42
1,<environment.Job instance at 0x7fcc3688cd20>,34,14,[3 8],35,70,84,35,56
1,<environment.Job instance at 0x7fcc3688c550>,1,18,[8 2],2,6,24,4,6
1,<environment.Job instance at 0x7fcc7a8e8fa0>,8,1,[2 5],9,21,22,12,21
1,<environment.Job instance at 0x7fcc7a90e320>,15,3,[5 8],16,28,31,12,28
1,<environment.Job instance at 0x7fcc7a90e4b0>,16,12,[2 7],17,31,43,14,28
1,<environment.Job instance at 0x7fcc7a90e550>,17,12,[8 2],18,31,43,13,29
1,<environment.Job instance at 0x7fcc7a90e690>,19,1,[5 3],20,43,44,23,31
1,<environment.Job instance at 0x7fcc7a90e730>,20,1,[4 9],21,44,45,23,32
1,<environment.Job instance at 0x7fcc7a90e910>,21,15,[2 5],22,45,60,23,32
1,<environment.Job instance at 0x7fcc7a90e9b0>,23,2,[7 2],24,45,47,21,39
1,<environment.Job instance at 0x7fcc7a90e960>,24,25,[5 4],25,47,72,22,45
1,<environment.Job instance at 0x7fcc7a8e7190>,29,16,[4 8],30,72,88,42,61
1,<environment.Job instance at 0x7fcc8127f9b0>,3,20,[4 7],4,4,24,0,4
1,<environment.Job instance at 0x7fcc8127f050>,4,16,[5 9],5,24,40,19,11
1,<environment.Job instance at 0x7fcc7acc1410>,16,1,[5 6],17,40,41,23,19
1,<environment.Job instance at 0x7fcc7acc1230>,18,15,[5 5],19,41,56,22,28
1,<environment.Job instance at 0x7fcc8127f500>,8,2,[6 1],9,56,58,47,35
1,<environment.Job instance at 0x7fcc7aa3d050>,24,17,[8 2],25,58,75,33,46
1,<environment.Job instance at 0x7fcc810635f0>,40,13,[5 6],41,75,88,34,60
1,<environment.Job instance at 0x7fcc36e1ad70>,2,3,[10  1],3,3,6,0,3
1,<environment.Job instance at 0x7fcc8117a6e0>,3,17,[8 5],4,6,23,2,5
1,<environment.Job instance at 0x7fcc817fde10>,11,13,[2 7],12,23,36,11,12
1,<environment.Job instance at 0x7fcc7abc2820>,14,12,[8 4],15,36,48,21,19
1,<environment.Job instance at 0x7fcc7a6b3230>,18,13,[1 8],19,48,61,29,32
1,<environment.Job instance at 0x7fcc815c0410>,17,13,[2 6],18,61,74,43,45
1,<environment.Job instance at 0x7fcc7a774370>,27,12,[6 4],28,61,73,33,52
1,<environment.Job instance at 0x7fcc7a8e7050>,33,1,[3 6],34,74,75,40,53
1,<environment.Job instance at 0x7fcc7a8e7aa0>,35,17,[5 4],36,73,90,37,61
1,<environment.Job instance at 0x7fcc36a1a050>,0,15,[7 5],1,1,16,0,1
1,<environment.Job instance at 0x7fcc36f8b780>,15,13,[3 7],16,16,29,0,16
1,<environment.Job instance at 0x7fcc36f8b5f0>,13,17,[8 4],14,29,46,15,17
1,<environment.Job instance at 0x7fcc36faa3c0>,24,15,[9 1],25,46,61,21,36
1,<environment.Job instance at 0x7fcc36faab90>,35,22,[8 5],36,61,83,25,54
1,<environment.Job instance at 0x7fcc36f7a910>,44,2,[6 2],45,83,85,38,69
1,<environment.Job instance at 0x7fcc36f7aaa0>,46,12,[5 7],47,85,97,38,69
1,<environment.Job instance at 0x7fcc7a7bbb40>,0,18,[1 6],1,1,19,0,1
1,<environment.Job instance at 0x7fcc7aa386e0>,5,15,[2 9],6,19,34,13,9
1,<environment.Job instance at 0x7fcc8197dd70>,18,1,[4 8],19,34,35,15,20
1,<environment.Job instance at 0x7fcc811534b0>,19,17,[9 1],20,35,52,15,23
1,<environment.Job instance at 0x7fcc3689d870>,28,17,[10  5],29,52,69,23,45
1,<environment.Job instance at 0x7fcc36f4aa50>,8,15,[5 8],9,69,84,60,58
1,<environment.Job instance at 0x7fcc36b6afa0>,0,18,[2 6],1,1,19,0,1
1,<environment.Job instance at 0x7fcc36d13690>,7,17,[10  4],8,19,36,11,8
1,<environment.Job instance at 0x7fcc810ba870>,8,13,[2 6],9,36,49,27,21
1,<environment.Job instance at 0x7fcc36f53910>,18,14,[5 3],19,36,50,17,24
1,<environment.Job instance at 0x7fcc36862640>,26,12,[9 2],27,50,62,23,33
1,<environment.Job instance at 0x7fcc8158aeb0>,37,3,[6 4],38,63,66,25,63
1,<environment.Job instance at 0x7fcc371766e0>,38,15,[3 8],39,66,81,27,63
1,<environment.Job instance at 0x7fcc7ab47dc0>,25,13,[ 3 10],26,81,94,55,67
1,<environment.Job instance at 0x7fbb73dc25a0>,1,18,[4 6],2,2,20,0,2
1,<environment.Job instance at 0x7fbb6c96e8c0>,10,16,[5 6],11,20,36,9,16
1,<environment.Job instance at 0x7fbb6c972780>,24,17,[5 4],25,32,49,7,32
1,<environment.Job instance at 0x7fbb6c972e10>,31,13,[6 4],32,49,62,17,40
1,<environment.Job instance at 0x7fbb6c972f00>,32,16,[9 1],33,62,78,29,50
1,<environment.Job instance at 0x7fbb6c9729b0>,27,14,[ 1 10],28,78,92,50,69
1,<environment.Job instance at 0x7fbb6c9730a0>,1,19,[5 5],2,2,21,0,2
1,<environment.Job instance at 0x7fbb73ef4370>,9,16,[5 7],10,21,37,11,10
1,<environment.Job instance at 0x7fbb73ee5f00>,15,15,[5 9],16,37,52,21,27
1,<environment.Job instance at 0x7fbb73eef320>,19,14,[2 7],20,52,66,32,37
1,<environment.Job instance at 0x7fbb73eebb40>,26,3,[5 7],27,66,69,39,45
1,<environment.Job instance at 0x7fbb73eeba00>,27,16,[ 4 10],28,69,85,41,56
1,<environment.Job instance at 0x7fbb73eebaf0>,28,1,[6 1],29,57,58,28,57
1,<environment.Job instance at 0x7fbb73eeb820>,30,19,[6 4],31,85,104,54,76
1,<environment.Job instance at 0x7fbb73da5910>,1,18,[5 5],2,2,20,0,2
1,<environment.Job instance at 0x7fbb28c5c320>,9,18,[5 5],10,10,28,0,10
1,<environment.Job instance at 0x7fbb28caf0a0>,17,14,[2 8],18,28,42,10,18
1,<environment.Job instance at 0x7fbb28caf5a0>,16,12,[7 1],17,28,40,11,23
1,<environment.Job instance at 0x7fbb28cafe10>,20,22,[6 5],21,42,64,21,35
1,<environment.Job instance at 0x7fbb28cafbe0>,21,19,[2 5],22,42,61,20,36
1,<environment.Job instance at 0x7fbb28cb1960>,27,24,[ 2 10],28,65,89,37,65
1,<environment.Job instance at 0x7fbb28cb1a50>,31,16,[4 9],32,89,105,57,76
1,<environment.Job instance at 0x7fbb291250a0>,12,18,[10  3],13,29,47,16,29
1,<environment.Job instance at 0x7fbb29125190>,15,12,[10  3],16,47,59,31,33
1,<environment.Job instance at 0x7fbb292442d0>,16,14,[5 4],17,59,73,42,50
1,<environment.Job instance at 0x7fbb29244a50>,21,1,[7 5],22,73,74,51,54
1,<environment.Job instance at 0x7fbb290db640>,24,13,[4 7],25,74,87,49,61
1,<environment.Job instance at 0x7fbb290dbc30>,26,3,[9 5],27,87,90,60,61
1,<environment.Job instance at 0x7fbb290db780>,31,15,[6 5],32,90,105,58,76
1,<environment.Job instance at 0x7fbb290dbcd0>,1,1,[4 9],2,2,3,0,2
1,<environment.Job instance at 0x7fbb2929d0a0>,3,2,[3 8],4,4,6,0,4
1,<environment.Job instance at 0x7fbb29057e10>,5,1,[1 6],6,6,7,0,6
1,<environment.Job instance at 0x7fbb29057c80>,6,1,[7 3],7,7,8,0,7
1,<environment.Job instance at 0x7fbb290575a0>,7,2,[2 9],8,8,10,0,8
1,<environment.Job instance at 0x7fbb29057370>,9,16,[7 2],10,10,26,0,10
1,<environment.Job instance at 0x7fbb29057460>,12,14,[ 2 10],13,26,40,13,13
1,<environment.Job instance at 0x7fbb29075b40>,35,3,[9 3],36,40,43,4,36
1,<environment.Job instance at 0x7fbb29075be0>,36,1,[7 1],37,43,44,6,38
1,<environment.Job instance at 0x7fbb29069820>,19,13,[7 1],20,44,57,24,39
1,<environment.Job instance at 0x7fbb29075e10>,38,14,[7 2],39,57,71,18,48
1,<environment.Job instance at 0x7fbb29075fa0>,40,14,[5 3],41,71,85,30,63
1,<environment.Job instance at 0x7fbb29069fa0>,27,14,[2 9],28,85,99,57,75
1,<environment.Job instance at 0x7fbb290724b0>,1,16,[3 9],2,2,18,0,2
1,<environment.Job instance at 0x7fbb6c7f0280>,8,2,[5 9],9,18,20,9,9
1,<environment.Job instance at 0x7fbb6c7f01e0>,10,18,[10  2],11,20,38,9,11
1,<environment.Job instance at 0x7fbb6eef5af0>,21,14,[ 1 10],22,38,52,16,26
1,<environment.Job instance at 0x7fbb6c7e6190>,30,13,[4 5],31,52,65,21,48
1,<environment.Job instance at 0x7fbb6f4070f0>,34,2,[7 5],35,65,67,30,51
1,<environment.Job instance at 0x7fbb6f407d20>,35,17,[5 2],36,67,84,31,61
1,<environment.Job instance at 0x7fbb28bce2d0>,38,22,[1 7],39,68,90,29,68
1,<environment.Job instance at 0x7fbb6cbaab90>,0,1,[2 7],1,1,2,0,1
1,<environment.Job instance at 0x7fbb6cafd960>,3,14,[7 2],4,5,19,1,5
1,<environment.Job instance at 0x7fbb6cd31a50>,6,16,[ 4 10],7,19,35,12,9
1,<environment.Job instance at 0x7fbb2910b550>,20,3,[8 5],21,35,38,14,25
1,<environment.Job instance at 0x7fbb291c35a0>,19,18,[4 9],20,38,56,18,32
1,<environment.Job instance at 0x7fbb28f40eb0>,27,3,[9 2],28,56,59,28,42
1,<environment.Job instance at 0x7fbb73d9ff50>,29,18,[4 8],30,59,77,29,48
1,<environment.Job instance at 0x7fbb6cd31280>,10,24,[9 2],11,77,101,66,75
1,<environment.Job instance at 0x7fbb6cd31280>,3,3,[2 9],4,4,7,0,4
1,<environment.Job instance at 0x7fbb6ca9ce10>,4,15,[5 9],5,7,22,2,5
1,<environment.Job instance at 0x7fbb28c0e0f0>,8,12,[3 8],9,22,34,13,9
1,<environment.Job instance at 0x7fbb28c0ecd0>,19,24,[8 1],20,34,58,14,30
1,<environment.Job instance at 0x7fbb28bfb500>,28,16,[2 6],29,42,58,13,42
1,<environment.Job instance at 0x7fbb28c0edc0>,22,17,[10  2],23,58,75,35,46
1,<environment.Job instance at 0x7fbb28bfbe10>,36,12,[ 2 10],37,75,87,38,74
1,<environment.Job instance at 0x7fbb28c2f9b0>,0,12,[5 1],1,1,13,0,1
1,<environment.Job instance at 0x7fbb6c9770a0>,13,17,[8 5],14,17,34,3,17
1,<environment.Job instance at 0x7fbb6c977af0>,15,13,[3 6],16,34,47,18,21
1,<environment.Job instance at 0x7fbb6c977460>,18,15,[4 7],19,47,62,28,41
1,<environment.Job instance at 0x7fbb6ef9f410>,25,16,[9 5],26,62,78,36,50
1,<environment.Job instance at 0x7fbb28ec8410>,27,12,[2 5],28,78,90,50,69
1,<environment.Job instance at 0x7fbb2902d230>,30,17,[3 8],31,90,107,59,78
1,<environment.Job instance at 0x7fbb6f0217d0>,0,3,[2 6],1,1,4,0,1
1,<environment.Job instance at 0x7fbb6c887fa0>,4,2,[3 8],5,5,7,0,5
1,<environment.Job instance at 0x7fbb6cbd4af0>,9,17,[5 2],10,10,27,0,10
1,<environment.Job instance at 0x7fbb6ef4d230>,13,3,[1 5],14,14,17,0,14
1,<environment.Job instance at 0x7fbb6ef47a50>,14,18,[1 7],15,17,35,2,15
1,<environment.Job instance at 0x7fbb6f0b1870>,22,3,[1 6],23,35,38,12,25
1,<environment.Job instance at 0x7fbb28f77eb0>,32,3,[2 9],33,38,41,5,33
1,<environment.Job instance at 0x7fbb6cbd4d20>,12,21,[9 5],13,44,65,31,44
1,<environment.Job instance at 0x7fbb6cb7f3c0>,42,12,[4 6],43,78,90,35,78
1,<environment.Job instance at 0x7fbb6f019280>,0,15,[6 4],1,1,16,0,1
1,<environment.Job instance at 0x7fbb28ced910>,8,2,[2 7],9,16,18,7,9
1,<environment.Job instance at 0x7fbb28ceda00>,9,26,[ 1 10],10,31,57,21,31
1,<environment.Job instance at 0x7fbb28cf5c30>,30,14,[3 7],31,57,71,26,52
1,<environment.Job instance at 0x7fbb6c9d70f0>,33,16,[7 2],34,57,73,23,54
1,<environment.Job instance at 0x7fbb6c9d7460>,36,12,[4 7],37,73,85,36,60
1,<environment.Job instance at 0x7fbb6c9d75f0>,40,16,[3 7],41,85,101,44,73
1,<environment.Job instance at 0x7fbb6c9c9dc0>,0,2,[4 7],1,1,3,0,1
1,<environment.Job instance at 0x7fbb6c9c9cd0>,2,17,[1 9],3,4,21,1,4
1,<environment.Job instance at 0x7fbb29062b90>,8,17,[2 5],9,21,38,12,10
1,<environment.Job instance at 0x7fbb6f41b370>,16,21,[6 3],17,21,42,4,17
1,<environment.Job instance at 0x7fbb29062cd0>,14,14,[5 5],15,42,56,27,32
1,<environment.Job instance at 0x7fbb6ca816e0>,33,15,[3 7],34,56,71,22,42
1,<environment.Job instance at 0x7fbb6c72b3c0>,37,13,[7 1],38,56,69,18,47
1,<environment.Job instance at 0x7fbb6f41b6e0>,27,12,[2 7],28,71,83,43,54
1,<environment.Job instance at 0x7fbb6cc14280>,45,15,[5 1],46,69,84,23,65
1,<environment.Job instance at 0x7fbb6cc14c80>,51,12,[5 4],52,83,95,31,76
1,<environment.Job instance at 0x7fbb6eeb8e60>,8,14,[ 5 10],9,10,24,1,10
1,<environment.Job instance at 0x7fbb6eeb8b90>,6,15,[9 5],7,24,39,17,12
1,<environment.Job instance at 0x7fbb6eeb8640>,7,18,[1 7],8,39,57,31,28
1,<environment.Job instance at 0x7fbb6ce9fa00>,5,25,[6 2],6,43,68,37,43
1,<environment.Job instance at 0x7fbb6cbf0e60>,24,3,[5 9],25,68,71,43,47
1,<environment.Job instance at 0x7fbb6cbf0640>,21,18,[8 2],22,71,89,49,60
1,<environment.Job instance at 0x7fbb6f418a00>,0,14,[2 6],1,1,15,0,1
1,<environment.Job instance at 0x7fbb2921d870>,13,20,[4 7],14,19,39,5,19
1,<environment.Job instance at 0x7fbb29231050>,19,2,[5 9],20,39,41,19,20
1,<environment.Job instance at 0x7fbb2922d410>,20,1,[9 1],21,41,42,20,21
1,<environment.Job instance at 0x7fbb291f9280>,21,12,[4 9],22,42,54,20,27
1,<environment.Job instance at 0x7fbb28c316e0>,32,13,[2 6],33,54,67,21,42
1,<environment.Job instance at 0x7fbb6c75ed20>,34,17,[8 2],35,55,72,20,55
1,<environment.Job instance at 0x7fbb6ca2a0f0>,36,18,[ 3 10],37,72,90,35,62
1,<environment.Job instance at 0x7fbb28c002d0>,3,17,[8 5],4,4,21,0,4
1,<environment.Job instance at 0x7fbb28a38820>,8,15,[3 5],9,21,36,12,9
1,<environment.Job instance at 0x7fbb28ba6b40>,13,14,[6 5],14,21,35,7,15
1,<environment.Job instance at 0x7fbb6cdcf050>,17,13,[2 6],18,36,49,18,20
1,<environment.Job instance at 0x7fbb28ba6140>,14,12,[8 4],15,36,48,21,23
1,<environment.Job instance at 0x7fbb28a38aa0>,11,13,[2 7],12,49,62,37,35
1,<environment.Job instance at 0x7fbb29057f00>,27,12,[6 4],28,62,74,34,52
1,<environment.Job instance at 0x7fbb290578c0>,28,1,[5 9],29,74,75,45,53
1,<environment.Job instance at 0x7fbb29057870>,30,1,[4 8],31,75,76,44,53
1,<environment.Job instance at 0x7fbb290575f0>,32,13,[7 5],33,76,89,43,60
1,<environment.Job instance at 0x7fbb6c9b19b0>,1,2,[4 8],2,2,4,0,2
1,<environment.Job instance at 0x7fbb6ef32410>,2,12,[1 6],3,4,16,1,4
1,<environment.Job instance at 0x7fbb29294500>,14,15,[9 1],15,15,30,0,15
1,<environment.Job instance at 0x7fbb28a76a50>,10,16,[6 4],11,30,46,19,19
1,<environment.Job instance at 0x7fbb28a81f00>,20,18,[6 1],21,46,64,25,35
1,<environment.Job instance at 0x7fbb28a81d20>,32,25,[4 5],33,48,73,15,48
1,<environment.Job instance at 0x7fbb28975910>,38,14,[4 9],39,73,87,34,62
1,<environment.Job instance at 0x7fbb28a81190>,23,14,[7 5],24,87,101,63,74
1,<environment.Job instance at 0x7fbb289751e0>,1,13,[4 7],2,2,15,0,2
1,<environment.Job instance at 0x7fbb6f26e960>,3,18,[5 6],4,15,33,11,4
1,<environment.Job instance at 0x7fbb6c91c280>,12,16,[3 5],13,33,49,20,20
1,<environment.Job instance at 0x7fbb6c934f00>,18,2,[2 6],19,49,51,30,22
1,<environment.Job instance at 0x7fbb6c9349b0>,20,19,[6 1],21,33,52,12,23
1,<environment.Job instance at 0x7fbb6ce93eb0>,27,16,[10  4],28,52,68,24,51
1,<environment.Job instance at 0x7fbb6efaa640>,28,18,[3 8],29,68,86,39,57
1,<environment.Job instance at 0x7fbb6c91c6e0>,10,13,[9 2],11,86,99,75,71
1,<environment.Job instance at 0x7fbb6cb7b6e0>,3,3,[3 7],4,4,7,0,4
1,<environment.Job instance at 0x7fbb6cb7b500>,5,3,[6 2],6,6,9,0,6
1,<environment.Job instance at 0x7fbb6f28f460>,12,18,[1 6],13,13,31,0,13
1,<environment.Job instance at 0x7fbb6f28f820>,13,17,[3 7],14,31,48,17,19
1,<environment.Job instance at 0x7fbb6f208870>,19,14,[6 2],20,33,47,13,33
1,<environment.Job instance at 0x7fbb2919e9b0>,21,19,[5 2],22,47,66,25,37
1,<environment.Job instance at 0x7fbb6f1689b0>,8,15,[3 8],9,48,63,39,38
1,<environment.Job instance at 0x7fbb6f063a00>,34,13,[9 1],35,66,79,31,61
1,<environment.Job instance at 0x7fbb6cd99050>,37,22,[10  2],38,79,101,41,79
1,<environment.Job instance at 0x7fbb6cd99c30>,1,18,[7 5],2,2,20,0,2
1,<environment.Job instance at 0x7fbb73d60820>,8,17,[6 5],9,20,37,11,9
1,<environment.Job instance at 0x7fbb28b36dc0>,19,14,[2 6],20,37,51,17,27
1,<environment.Job instance at 0x7fbb6cc38910>,23,12,[5 6],24,51,63,27,38
1,<environment.Job instance at 0x7fbb6cc38190>,29,14,[9 1],30,63,77,33,56
1,<environment.Job instance at 0x7fbb6f3f7410>,4,18,[4 7],5,77,95,72,77
1,<environment.Job instance at 0x7fbb6ce4ea00>,0,16,[4 9],1,1,17,0,1
1,<environment.Job instance at 0x7fbb6c704280>,9,12,[1 9],10,17,29,7,10
1,<environment.Job instance at 0x7fbb6c9b4e10>,13,3,[ 2 10],14,29,32,15,23
1,<environment.Job instance at 0x7fbb6c7040f0>,8,14,[10  4],9,32,46,23,27
1,<environment.Job instance at 0x7fbb28f7f780>,20,18,[7 3],21,46,64,25,39
1,<environment.Job instance at 0x7fbb28f7f280>,21,18,[1 7],22,46,64,24,40
1,<environment.Job instance at 0x7fbb28f7f410>,26,15,[4 6],27,64,79,37,50
1,<environment.Job instance at 0x7fbb6c9b4dc0>,14,16,[5 3],15,64,80,49,59
1,<environment.Job instance at 0x7fbb28f95b40>,34,16,[7 1],35,80,96,45,71
1,<environment.Job instance at 0x7fa3feb8e780>,1,18,[4 6],2,2,20,0,2
1,<environment.Job instance at 0x7fa3f773a870>,10,16,[5 6],11,20,36,9,18
1,<environment.Job instance at 0x7fa3f773aa50>,12,1,[7 2],13,36,37,23,25
1,<environment.Job instance at 0x7fa3f773ea50>,28,24,[3 7],29,36,60,7,34
1,<environment.Job instance at 0x7fa3f773ef00>,32,16,[9 1],33,60,76,27,59
1,<environment.Job instance at 0x7fa3f773ad20>,15,16,[9 1],16,76,92,60,76
1,<environment.Job instance at 0x7fa3f773c460>,38,2,[5 2],39,92,94,53,79
1,<environment.Job instance at 0x7fa3f773c730>,39,3,[6 1],40,94,97,54,79
1,<environment.Job instance at 0x7fa3f773c690>,41,3,[7 1],42,97,100,55,80
1,<environment.Job instance at 0x7fa3f773c9b0>,42,1,[5 5],43,92,93,49,80
1,<environment.Job instance at 0x7fa3f773c3c0>,36,15,[3 7],37,93,108,56,80
1,<environment.Job instance at 0x7fa3fecb9a00>,0,15,[3 8],1,1,16,0,1
1,<environment.Job instance at 0x7fa3fecc0a50>,10,23,[7 2],11,11,34,0,11
1,<environment.Job instance at 0x7fa3fecb6280>,16,3,[5 7],17,34,37,17,20
1,<environment.Job instance at 0x7fa3fecc0e60>,9,14,[2 7],10,37,51,27,24
1,<environment.Job instance at 0x7fa3fecb63c0>,18,1,[6 1],19,37,38,18,24
1,<environment.Job instance at 0x7fa3fecb6640>,17,16,[ 4 10],18,51,67,33,38
1,<environment.Job instance at 0x7fa3fecb7a00>,29,15,[6 3],30,67,82,37,53
1,<environment.Job instance at 0x7fa3fecb7af0>,34,27,[3 5],35,67,94,32,67
1,<environment.Job instance at 0x7fa3fecbee60>,38,14,[5 5],39,82,96,43,78
1,<environment.Job instance at 0x7fa3b3a4cc30>,0,22,[6 5],1,1,23,0,1
1,<environment.Job instance at 0x7fa3b3a41d70>,8,1,[4 5],9,13,14,4,13
1,<environment.Job instance at 0x7fa3b3a41460>,10,2,[6 5],11,23,25,12,13
1,<environment.Job instance at 0x7fa3b3a41c30>,12,3,[5 4],13,25,28,12,17
1,<environment.Job instance at 0x7fa3b3a4c690>,5,18,[ 5 10],6,28,46,22,18
1,<environment.Job instance at 0x7fa3b3a41e60>,11,16,[4 9],12,46,62,34,35
1,<environment.Job instance at 0x7fa3b3a0f9b0>,25,16,[ 4 10],26,62,78,36,49
1,<environment.Job instance at 0x7fa3b3a47a00>,33,16,[1 6],34,78,94,44,68
1,<environment.Job instance at 0x7fa3b3a471e0>,34,18,[6 2],35,78,96,43,70
1,<environment.Job instance at 0x7fa3b3a476e0>,39,18,[ 4 10],40,96,114,56,88
1,<environment.Job instance at 0x7fa3b3999af0>,1,15,[6 5],2,2,17,0,2
1,<environment.Job instance at 0x7fa3b3eb1d20>,11,17,[5 7],12,17,34,5,13
1,<environment.Job instance at 0x7fa3b3ab46e0>,23,14,[4 6],24,34,48,10,29
1,<environment.Job instance at 0x7fa3b3ea1c30>,25,3,[10  5],26,48,51,22,37
1,<environment.Job instance at 0x7fa3b3ea1370>,32,15,[6 1],33,51,66,18,45
1,<environment.Job instance at 0x7fa3b3e9a550>,36,14,[2 8],37,64,78,27,64
1,<environment.Job instance at 0x7fa3b3ea1b40>,27,14,[8 2],28,67,81,39,67
1,<environment.Job instance at 0x7fa3b3ea1d70>,26,17,[5 5],27,81,98,54,70
1,<environment.Job instance at 0x7fa3b406ba00>,47,18,[4 7],48,98,116,50,87
1,<environment.Job instance at 0x7fa3b3ecd8c0>,0,14,[5 3],1,1,15,0,1
1,<environment.Job instance at 0x7fa3b3dfba50>,4,16,[9 4],5,15,31,10,5
1,<environment.Job instance at 0x7fa3b3e31aa0>,18,3,[10  3],19,31,34,12,24
1,<environment.Job instance at 0x7fa3b3e2afa0>,8,17,[5 8],9,34,51,25,24
1,<environment.Job instance at 0x7fa3b3e31870>,17,12,[8 3],18,51,63,33,34
1,<environment.Job instance at 0x7fa3b3e232d0>,24,1,[5 5],25,63,64,38,40
1,<environment.Job instance at 0x7fa3b3e23500>,28,2,[2 8],29,64,66,35,45
1,<environment.Job instance at 0x7fa3b3e31690>,14,16,[4 9],15,66,82,51,53
1,<environment.Job instance at 0x7fa3b3e23be0>,38,16,[5 4],39,82,98,43,72
1,<environment.Job instance at 0x7fa3b3e23e60>,42,1,[9 1],43,98,99,55,79
1,<environment.Job instance at 0x7fa3b3e360f0>,43,3,[5 1],44,79,82,35,79
1,<environment.Job instance at 0x7fa3b3e36050>,44,2,[9 1],45,99,101,54,80
1,<environment.Job instance at 0x7fa3b3e36550>,45,1,[5 6],46,82,83,36,80
1,<environment.Job instance at 0x7fa3b3e23a00>,35,15,[ 3 10],36,101,116,65,87
1,<environment.Job instance at 0x7fa3f74f6e60>,2,17,[5 7],3,3,20,0,3
1,<environment.Job instance at 0x7fa3f7aff870>,5,17,[2 7],6,20,37,14,12
1,<environment.Job instance at 0x7fa3f7927910>,16,1,[ 3 10],17,37,38,20,18
1,<environment.Job instance at 0x7fa3f79270f0>,18,1,[5 3],19,20,21,1,20
1,<environment.Job instance at 0x7fa3f79273c0>,20,1,[2 6],21,38,39,17,21
1,<environment.Job instance at 0x7fa3f7927820>,21,13,[10  4],22,39,52,17,23
1,<environment.Job instance at 0x7fa3b39d8230>,33,14,[7 2],34,52,66,18,48
1,<environment.Job instance at 0x7fa3b39d8730>,39,14,[3 5],40,52,66,12,51
1,<environment.Job instance at 0x7fa3f79271e0>,17,18,[2 8],18,66,84,48,56
1,<environment.Job instance at 0x7fa3f9cc1870>,25,15,[10  4],26,84,99,58,74
1,<environment.Job instance at 0x7fa3f7aa90a0>,49,18,[4 9],50,99,117,49,88
1,<environment.Job instance at 0x7fa3f7b24550>,6,2,[ 1 10],7,27,29,20,27
1,<environment.Job instance at 0x7fa3f77e2cd0>,20,16,[9 2],21,36,52,15,36
1,<environment.Job instance at 0x7fa3f9e8ef00>,23,3,[2 9],24,52,55,28,36
1,<environment.Job instance at 0x7fa3f77b0e10>,24,15,[5 9],25,55,70,30,42
1,<environment.Job instance at 0x7fa3f9ecde60>,32,17,[1 6],33,70,87,37,58
1,<environment.Job instance at 0x7fa3b3b6ddc0>,35,2,[2 5],36,87,89,51,71
1,<environment.Job instance at 0x7fa3f77e29b0>,19,12,[2 8],20,89,101,69,73
1,<environment.Job instance at 0x7fa3b3ab8c80>,3,16,[9 3],4,4,20,0,4
1,<environment.Job instance at 0x7fa3b39414b0>,5,14,[1 7],6,6,20,0,6
1,<environment.Job instance at 0x7fa3b3941b40>,13,24,[2 5],14,24,48,10,24
1,<environment.Job instance at 0x7fa3b3941a00>,12,1,[3 5],13,44,45,31,44
1,<environment.Job instance at 0x7fa3b3941e10>,21,1,[10  1],22,48,49,26,44
1,<environment.Job instance at 0x7fa3b3941eb0>,20,14,[3 5],21,49,63,28,45
1,<environment.Job instance at 0x7fa3b3911500>,26,14,[1 7],27,67,81,40,67
1,<environment.Job instance at 0x7fa3b39117d0>,28,15,[4 7],29,81,96,52,79
1,<environment.Job instance at 0x7fa3b3911b90>,34,1,[10  3],35,96,97,61,82
1,<environment.Job instance at 0x7fa3b3911c30>,35,16,[9 5],36,97,113,61,84
1,<environment.Job instance at 0x7fa3b3fff7d0>,0,3,[2 6],1,1,4,0,1
1,<environment.Job instance at 0x7fa3fa06a320>,2,1,[5 5],3,4,5,1,3
1,<environment.Job instance at 0x7fa3b3b74870>,4,2,[3 8],5,5,7,0,5
1,<environment.Job instance at 0x7fa3b3a7e9b0>,6,2,[5 9],7,7,9,0,7
1,<environment.Job instance at 0x7fa3b3a7ed20>,8,1,[7 4],9,9,10,0,9
1,<environment.Job instance at 0x7fa3b3a7e190>,9,17,[5 2],10,10,27,0,10
1,<environment.Job instance at 0x7fa3f761f690>,16,2,[9 4],17,27,29,10,20
1,<environment.Job instance at 0x7fa3f761f1e0>,14,18,[1 7],15,29,47,14,20
1,<environment.Job instance at 0x7fa3fa3efeb0>,19,14,[10  5],20,47,61,27,32
1,<environment.Job instance at 0x7fa3f9fd46e0>,42,12,[4 6],43,63,75,20,63
1,<environment.Job instance at 0x7fa3f9d673c0>,43,16,[2 6],44,75,91,31,63
1,<environment.Job instance at 0x7fa3b38ccf00>,17,19,[5 1],18,76,95,58,76
1,<environment.Job instance at 0x7fa3b3a34a50>,47,15,[3 7],48,91,106,43,77
1,<environment.Job instance at 0x7fa3f76e1e10>,0,13,[2 9],1,1,14,0,1
1,<environment.Job instance at 0x7fa3b398c280>,5,18,[10  2],6,14,32,8,6
1,<environment.Job instance at 0x7fa3b3a7ee60>,13,14,[5 8],14,32,46,18,17
1,<environment.Job instance at 0x7fa3fa1ffaa0>,18,3,[ 4 10],19,46,49,27,37
1,<environment.Job instance at 0x7fa3f76c5640>,33,13,[6 3],34,67,80,33,67
1,<environment.Job instance at 0x7fa3f76c57d0>,34,18,[6 4],35,80,98,45,69
1,<environment.Job instance at 0x7fa3f76c55f0>,32,12,[1 6],33,74,86,41,74
1,<environment.Job instance at 0x7fa3fa0fe8c0>,44,15,[5 6],45,98,113,53,84
1,<environment.Job instance at 0x7fa3fea448c0>,3,3,[1 9],4,4,7,0,4
1,<environment.Job instance at 0x7fa3b3e59d70>,7,12,[2 7],8,8,20,0,8
1,<environment.Job instance at 0x7fa3b3e5baf0>,18,2,[2 8],19,20,22,1,19
1,<environment.Job instance at 0x7fa3b3e5b9b0>,19,3,[6 4],20,22,25,2,20
1,<environment.Job instance at 0x7fa3b3e5be10>,20,17,[5 4],21,25,42,4,21
1,<environment.Job instance at 0x7fa3b3e76cd0>,34,20,[5 8],35,42,62,7,37
1,<environment.Job instance at 0x7fa3b3e76fa0>,35,1,[7 4],36,62,63,26,37
1,<environment.Job instance at 0x7fa3b3e76b40>,31,12,[5 4],32,63,75,31,47
1,<environment.Job instance at 0x7fa3b3e430f0>,40,14,[4 8],41,75,89,34,60
1,<environment.Job instance at 0x7fa3b3e43a50>,47,16,[1 8],48,89,105,41,76
1,<environment.Job instance at 0x7fa3b3e76c30>,32,16,[7 2],33,89,105,56,77
1,<environment.Job instance at 0x7fa3fa02d460>,8,25,[ 2 10],9,22,47,13,22
1,<environment.Job instance at 0x7fa3f9dccf50>,19,16,[4 8],20,47,63,27,41
1,<environment.Job instance at 0x7fa3f7758d70>,26,13,[5 9],27,63,76,36,48
1,<environment.Job instance at 0x7fa3b393a9b0>,29,13,[2 5],30,76,89,46,60
1,<environment.Job instance at 0x7fa3f7758870>,27,13,[8 2],28,86,99,58,86
1,<environment.Job instance at 0x7fa3b393aa50>,35,1,[2 8],36,89,90,53,89
1,<environment.Job instance at 0x7fa3b3e60690>,1,14,[4 8],2,2,16,0,2
1,<environment.Job instance at 0x7fa3b3e60f00>,4,3,[2 9],5,16,19,11,5
1,<environment.Job instance at 0x7fa3f9ee05f0>,7,15,[5 9],8,19,34,11,8
1,<environment.Job instance at 0x7fa3fa1c3c80>,17,1,[ 5 10],18,34,35,16,20
1,<environment.Job instance at 0x7fa3f9ee0640>,10,13,[5 6],11,35,48,24,20
1,<environment.Job instance at 0x7fa3f9ee00a0>,11,16,[2 8],12,48,64,36,38
1,<environment.Job instance at 0x7fa3f76b6dc0>,30,17,[7 2],31,48,65,17,41
1,<environment.Job instance at 0x7fa3f76b6c80>,31,17,[4 7],32,65,82,33,53
1,<environment.Job instance at 0x7fa3fa1c3410>,18,18,[6 2],19,67,85,48,67
1,<environment.Job instance at 0x7fa3b3da1e60>,38,3,[7 1],39,85,88,46,68
1,<environment.Job instance at 0x7fa3b3f54aa0>,41,3,[3 6],42,82,85,40,68
1,<environment.Job instance at 0x7fa3f773f370>,3,2,[ 1 10],4,4,6,0,4
1,<environment.Job instance at 0x7fa3f79b8050>,4,1,[4 9],5,6,7,1,5
1,<environment.Job instance at 0x7fa3f79b8320>,5,21,[6 4],6,7,28,1,7
1,<environment.Job instance at 0x7fa3f79def50>,15,1,[5 3],16,28,29,12,16
1,<environment.Job instance at 0x7fa3f79deeb0>,16,16,[5 5],17,28,44,11,17
1,<environment.Job instance at 0x7fa3f79de140>,20,15,[7 5],21,44,59,23,30
1,<environment.Job instance at 0x7fa3b3b0b960>,37,3,[5 5],38,59,62,21,45
1,<environment.Job instance at 0x7fa3b3b0bc30>,38,17,[1 9],39,62,79,23,51
1,<environment.Job instance at 0x7fa3fa23c5a0>,47,14,[5 9],48,79,93,31,64
1,<environment.Job instance at 0x7fa3b39da0a0>,53,14,[7 5],54,93,107,39,79
1,<environment.Job instance at 0x7fa3fa1ffaa0>,0,18,[1 6],1,1,19,0,1
1,<environment.Job instance at 0x7fa3f7535870>,8,15,[5 8],9,19,34,10,9
1,<environment.Job instance at 0x7fa3b3d093c0>,14,2,[ 2 10],15,34,36,19,17
1,<environment.Job instance at 0x7fa3b3d4d690>,17,2,[5 2],18,20,22,2,20
1,<environment.Job instance at 0x7fa3fa419b40>,3,12,[5 8],4,36,48,32,23
1,<environment.Job instance at 0x7fa3b3d09a00>,15,19,[5 4],16,48,67,32,40
1,<environment.Job instance at 0x7fa3fa40c910>,22,26,[3 6],23,48,74,25,45
1,<environment.Job instance at 0x7fa3b3db32d0>,36,16,[5 6],37,74,90,37,65
1,<environment.Job instance at 0x7fa3fa1a2280>,39,1,[9 2],40,90,91,50,66
1,<environment.Job instance at 0x7fa3fa1a2b40>,42,2,[10  3],43,91,93,48,76
1,<environment.Job instance at 0x7fa3f7a0b410>,44,1,[6 4],45,93,94,48,84
1,<environment.Job instance at 0x7fa3b3869d20>,45,13,[5 1],46,94,107,48,84
1,<environment.Job instance at 0x7fa3b38695a0>,48,18,[3 8],49,94,112,45,88
1,<environment.Job instance at 0x7fa3b37efbe0>,0,14,[2 7],1,1,15,0,1
1,<environment.Job instance at 0x7fa3b37efb40>,3,18,[3 6],4,15,33,11,4
1,<environment.Job instance at 0x7fa3b37cc460>,14,2,[ 4 10],15,33,35,18,15
1,<environment.Job instance at 0x7fa3f78f1370>,19,13,[5 8],20,35,48,15,32
1,<environment.Job instance at 0x7fa3f78f1af0>,20,2,[5 7],21,48,50,27,33
1,<environment.Job instance at 0x7fa3f78f10f0>,22,18,[1 6],23,50,68,27,39
1,<environment.Job instance at 0x7fa3f9da2550>,6,12,[9 2],7,50,62,43,43
1,<environment.Job instance at 0x7fa3b37ef690>,7,13,[10  5],8,68,81,60,62
1,<environment.Job instance at 0x7fa3f78f1230>,31,19,[5 2],32,81,100,49,75
1,<environment.Job instance at 0x7fa3f78f1d70>,33,21,[5 1],34,83,104,49,83
1,<environment.Job instance at 0x7fa3b371e4b0>,1,18,[7 5],2,2,20,0,2
1,<environment.Job instance at 0x7fa3b4084f50>,8,17,[6 5],9,20,37,11,9
1,<environment.Job instance at 0x7fa3f9ef2500>,17,3,[1 5],18,27,30,9,27
1,<environment.Job instance at 0x7fa3f9ee8f50>,12,14,[1 7],13,37,51,24,27
1,<environment.Job instance at 0x7fa3f9ef2f00>,18,1,[1 6],19,51,52,32,28
1,<environment.Job instance at 0x7fa3f9ec9640>,27,15,[ 1 10],28,54,69,26,54
1,<environment.Job instance at 0x7fa3f9e3f280>,30,24,[10  4],31,69,93,38,69
1,<environment.Job instance at 0x7fa3f9ef25a0>,14,18,[5 7],15,93,111,78,85
1,<environment.Job instance at 0x7fa3f7650d70>,2,16,[2 5],3,3,19,0,3
1,<environment.Job instance at 0x7fa3b3c5f8c0>,11,18,[1 7],12,19,37,7,12
1,<environment.Job instance at 0x7fa3fe89af00>,10,18,[7 3],11,16,34,5,16
1,<environment.Job instance at 0x7fa3b3c5fdc0>,12,13,[4 5],13,37,50,24,22
1,<environment.Job instance at 0x7fa3b36c39b0>,21,16,[2 5],22,37,53,15,25
1,<environment.Job instance at 0x7fa3b3c52780>,19,14,[5 5],20,50,64,30,37
1,<environment.Job instance at 0x7fa3f9de9550>,24,16,[7 1],25,64,80,39,54
1,<environment.Job instance at 0x7fa3f7930820>,30,14,[6 1],31,80,94,49,65
1,<environment.Job instance at 0x7fa3f7930370>,32,22,[3 9],33,76,98,43,76
1,<environment.Job instance at 0x7fa3f7930c30>,34,18,[7 1],35,94,112,59,83
1,<environment.Job instance at 0x7fa3f7a14cd0>,0,17,[3 6],1,1,18,0,1
1,<environment.Job instance at 0x7fa3b3ba3aa0>,7,2,[3 8],8,18,20,10,9
1,<environment.Job instance at 0x7fa3f7a140a0>,2,19,[1 9],3,20,39,17,10
1,<environment.Job instance at 0x7fa3b3ba3f50>,10,13,[3 9],11,39,52,28,28
1,<environment.Job instance at 0x7fa3b3bae320>,23,13,[5 8],24,52,65,28,36
1,<environment.Job instance at 0x7fa3f79a39b0>,29,17,[7 2],30,65,82,35,53
1,<environment.Job instance at 0x7fa3b3b406e0>,34,1,[ 3 10],35,82,83,47,78
1,<environment.Job instance at 0x7fa3b3b40870>,35,18,[2 8],36,83,101,47,78
1,<environment.Job instance at 0x7fa3b3b40230>,36,3,[6 2],37,83,86,46,79
1,<environment.Job instance at 0x7fa3b3b40e60>,38,2,[5 6],39,101,103,62,79
1,<environment.Job instance at 0x7fa3f77374b0>,39,2,[4 9],40,103,105,63,79
1,<environment.Job instance at 0x7fa3f7737a50>,40,2,[2 7],41,79,81,38,79
1,<environment.Job instance at 0x7fa3f7737780>,41,3,[1 5],42,105,108,63,79
1,<environment.Job instance at 0x7fa3f7737640>,42,2,[4 5],43,105,107,62,79
1,<environment.Job instance at 0x7fa3f7775870>,0,16,[5 8],1,1,17,0,1
1,<environment.Job instance at 0x7fa3b37f9960>,7,3,[3 5],8,17,20,9,8
1,<environment.Job instance at 0x7fa3febceaa0>,8,17,[7 3],9,18,35,9,18
1,<environment.Job instance at 0x7fa3fa3c9870>,17,1,[9 4],18,35,36,17,18
1,<environment.Job instance at 0x7fa3f751cc80>,18,1,[3 5],19,20,21,1,20
1,<environment.Job instance at 0x7fa3f751c9b0>,20,18,[1 6],21,33,51,12,33
1,<environment.Job instance at 0x7fa3f751ca00>,23,16,[6 2],24,36,52,12,36
1,<environment.Job instance at 0x7fa3f9ed1410>,11,1,[4 6],12,51,52,39,36
1,<environment.Job instance at 0x7fa3f74eff50>,27,17,[9 4],28,52,69,24,40
1,<environment.Job instance at 0x7fa3f74ef9b0>,29,15,[8 3],30,69,84,39,55
1,<environment.Job instance at 0x7fa3f74e3870>,41,12,[1 6],42,65,77,23,65
1,<environment.Job instance at 0x7fa3f751e2d0>,48,17,[5 8],49,84,101,35,73
1,<environment.Job instance at 0x7fa3b3ec8fa0>,54,12,[6 5],55,101,113,46,85
1,<environment.Job instance at 0x7f81e3d89fa0>,1,18,[4 6],2,2,20,0,2
1,<environment.Job instance at 0x7f81dc97a7d0>,10,16,[5 6],11,20,36,9,20
1,<environment.Job instance at 0x7f81dc97af50>,17,2,[3 9],18,36,38,18,22
1,<environment.Job instance at 0x7f81dc97b230>,19,18,[8 2],20,38,56,18,29
1,<environment.Job instance at 0x7f81dc97bfa0>,30,17,[2 5],31,39,56,8,39
1,<environment.Job instance at 0x7f81dc97e140>,32,16,[9 1],33,56,72,23,43
1,<environment.Job instance at 0x7f81dc97e230>,34,16,[7 5],35,72,88,37,63
1,<environment.Job instance at 0x7f81dc97eaa0>,44,14,[1 9],45,88,102,43,73
1,<environment.Job instance at 0x7f81dc97ebe0>,47,3,[7 2],48,102,105,54,87
1,<environment.Job instance at 0x7f81dc97b280>,18,16,[5 6],19,105,121,86,96
1,<environment.Job instance at 0x7f81e3efd550>,10,19,[6 4],11,11,30,0,11
1,<environment.Job instance at 0x7f81e3db2460>,3,18,[ 5 10],4,30,48,26,21
1,<environment.Job instance at 0x7f81e3f056e0>,23,12,[6 5],24,48,60,24,32
1,<environment.Job instance at 0x7f81e3f00730>,28,14,[5 5],29,60,74,31,48
1,<environment.Job instance at 0x7f81e3f05fa0>,17,15,[5 4],18,61,76,43,61
1,<environment.Job instance at 0x7f81e3efd910>,9,15,[5 6],10,74,89,64,61
1,<environment.Job instance at 0x7f81e3efbeb0>,33,1,[10  3],34,89,90,55,67
1,<environment.Job instance at 0x7f81e3ef7690>,39,1,[9 3],40,90,91,50,73
1,<environment.Job instance at 0x7f81e3efd780>,7,16,[ 4 10],8,91,107,83,78
1,<environment.Job instance at 0x7f81e3ef7410>,41,3,[6 3],42,107,110,65,82
1,<environment.Job instance at 0x7f81e3db1280>,46,18,[3 6],47,107,125,60,96
1,<environment.Job instance at 0x7f81e3efb690>,35,18,[6 2],36,110,128,74,99
1,<environment.Job instance at 0x7f8198d1f690>,4,3,[8 3],5,5,8,0,5
1,<environment.Job instance at 0x7f8198d4f3c0>,9,13,[7 5],10,10,23,0,10
1,<environment.Job instance at 0x7f8198d1f7d0>,2,14,[3 5],3,12,26,9,12
1,<environment.Job instance at 0x7f8198d4fcd0>,12,18,[5 3],13,23,41,10,13
1,<environment.Job instance at 0x7f8198d4ff00>,13,16,[1 6],14,26,42,12,14
1,<environment.Job instance at 0x7f8198d57190>,22,15,[1 8],23,42,57,19,28
1,<environment.Job instance at 0x7f8198d4fe10>,19,18,[ 4 10],20,57,75,37,46
1,<environment.Job instance at 0x7f8198c594b0>,32,16,[3 7],33,75,91,42,63
1,<environment.Job instance at 0x7f8198c59d20>,35,3,[7 1],36,78,81,42,78
1,<environment.Job instance at 0x7f8198c59cd0>,36,2,[7 5],37,91,93,54,78
1,<environment.Job instance at 0x7f8198c59f00>,37,18,[3 5],38,91,109,53,80
1,<environment.Job instance at 0x7f8198c592d0>,27,16,[2 8],28,109,125,81,97
1,<environment.Job instance at 0x7f81dcd1fb40>,2,15,[6 1],3,4,19,1,4
1,<environment.Job instance at 0x7f8198c75d70>,6,14,[2 8],7,7,21,0,7
1,<environment.Job instance at 0x7f8198c757d0>,12,16,[8 2],13,19,35,6,13
1,<environment.Job instance at 0x7f81992458c0>,20,17,[5 7],21,35,52,14,23
1,<environment.Job instance at 0x7f8199029280>,17,18,[4 7],18,52,70,34,45
1,<environment.Job instance at 0x7f8199107640>,36,17,[9 4],37,70,87,33,62
1,<environment.Job instance at 0x7f8198d3d8c0>,51,17,[ 4 10],52,87,104,35,76
1,<environment.Job instance at 0x7f8198d19190>,1,16,[3 9],2,2,18,0,2
1,<environment.Job instance at 0x7f8199069dc0>,15,15,[6 5],16,18,33,2,17
1,<environment.Job instance at 0x7f8199069af0>,13,16,[4 8],14,33,49,19,22
1,<environment.Job instance at 0x7f8199080820>,23,12,[1 5],24,49,61,25,35
1,<environment.Job instance at 0x7f81990807d0>,24,13,[7 3],25,49,62,24,35
1,<environment.Job instance at 0x7f8199080f00>,33,18,[9 1],34,62,80,28,51
1,<environment.Job instance at 0x7f8199064960>,39,18,[6 4],40,80,98,40,72
1,<environment.Job instance at 0x7f8199064d20>,44,14,[2 7],45,98,112,53,83
1,<environment.Job instance at 0x7f819900b960>,4,15,[5 2],5,5,20,0,5
1,<environment.Job instance at 0x7f819900bdc0>,5,17,[10  1],6,20,37,14,8
1,<environment.Job instance at 0x7f81992113c0>,15,15,[9 4],16,37,52,21,33
1,<environment.Job instance at 0x7f81dc7c54b0>,21,17,[7 2],22,52,69,30,44
1,<environment.Job instance at 0x7f81dc7c5370>,25,14,[2 7],26,52,66,26,47
1,<environment.Job instance at 0x7f81e0ecc6e0>,13,19,[2 6],14,66,85,52,56
1,<environment.Job instance at 0x7f819900baa0>,6,17,[7 4],7,69,86,62,66
1,<environment.Job instance at 0x7f81dc7c5140>,29,18,[2 7],30,86,104,56,75
1,<environment.Job instance at 0x7f81dcbb8d70>,37,17,[7 3],38,86,103,48,86
1,<environment.Job instance at 0x7f8198f73050>,43,1,[7 5],44,104,105,60,95
1,<environment.Job instance at 0x7f8198f731e0>,42,12,[6 5],43,105,117,62,98
1,<environment.Job instance at 0x7f8198f738c0>,44,3,[3 9],45,117,120,72,99
1,<environment.Job instance at 0x7f81dcb2de10>,1,13,[6 1],2,2,15,0,2
1,<environment.Job instance at 0x7f81e1610b90>,6,12,[1 7],7,11,23,4,11
1,<environment.Job instance at 0x7f8199228640>,11,12,[2 5],12,23,35,11,12
1,<environment.Job instance at 0x7f81dc7cee60>,26,12,[7 3],27,28,40,1,28
1,<environment.Job instance at 0x7f8199233410>,21,12,[10  1],22,40,52,18,33
1,<environment.Job instance at 0x7f81e1046e10>,24,17,[ 3 10],25,52,69,27,51
1,<environment.Job instance at 0x7f81dca877d0>,35,14,[1 7],36,69,83,33,55
1,<environment.Job instance at 0x7f8198c14550>,36,15,[10  3],37,83,98,46,80
1,<environment.Job instance at 0x7f81991e9910>,34,13,[9 5],35,98,111,63,86
1,<environment.Job instance at 0x7f81dc76d2d0>,42,1,[3 5],43,111,112,68,98
1,<environment.Job instance at 0x7f81e116fa00>,1,17,[9 5],2,2,19,0,2
1,<environment.Job instance at 0x7f81dc803dc0>,11,15,[10  2],12,19,34,7,12
1,<environment.Job instance at 0x7f81dca8a230>,3,16,[ 3 10],4,34,50,30,30
1,<environment.Job instance at 0x7f81dc814a00>,35,3,[6 4],36,58,61,22,58
1,<environment.Job instance at 0x7f81dc814be0>,37,19,[5 1],38,61,80,23,59
1,<environment.Job instance at 0x7f81dc814870>,34,18,[1 7],35,61,79,26,59
1,<environment.Job instance at 0x7f81dc814a50>,40,3,[9 3],41,80,83,39,64
1,<environment.Job instance at 0x7f81dc814d20>,39,14,[10  5],40,83,97,43,72
1,<environment.Job instance at 0x7f81dc7e4370>,48,18,[3 7],49,97,115,48,86
1,<environment.Job instance at 0x7f81dc7ee050>,1,15,[5 5],2,2,17,0,2
1,<environment.Job instance at 0x7f819917d500>,26,17,[6 4],27,41,58,14,41
1,<environment.Job instance at 0x7f81dc842460>,30,14,[3 7],31,58,72,27,45
1,<environment.Job instance at 0x7f8198b875a0>,10,13,[2 9],11,72,85,61,61
1,<environment.Job instance at 0x7f81dc838190>,36,12,[4 7],37,87,99,50,87
1,<environment.Job instance at 0x7f8198dbd550>,43,13,[6 3],44,87,100,43,87
1,<environment.Job instance at 0x7f81dc9599b0>,25,16,[8 5],26,100,116,74,88
1,<environment.Job instance at 0x7f81dc917230>,42,12,[1 6],43,116,128,73,99
1,<environment.Job instance at 0x7f81dc7ec960>,1,3,[3 7],2,2,5,0,2
1,<environment.Job instance at 0x7f819926e0f0>,4,3,[6 5],5,5,8,0,5
1,<environment.Job instance at 0x7f81dc802d20>,7,12,[2 7],8,8,20,0,8
1,<environment.Job instance at 0x7f81e102a640>,11,1,[2 5],12,20,21,8,12
1,<environment.Job instance at 0x7f8198fc3dc0>,17,13,[7 1],18,18,31,0,18
1,<environment.Job instance at 0x7f8199095aa0>,20,17,[5 4],21,31,48,10,21
1,<environment.Job instance at 0x7f8198f4b640>,32,16,[7 2],33,48,64,15,37
1,<environment.Job instance at 0x7f81dc7e1640>,44,14,[3 8],45,62,76,17,62
1,<environment.Job instance at 0x7f81e15b5e60>,45,17,[10  1],46,76,93,30,67
1,<environment.Job instance at 0x7f8199232c30>,38,16,[8 3],39,93,109,54,84
1,<environment.Job instance at 0x7f81e10fd820>,1,15,[2 5],2,2,17,0,2
1,<environment.Job instance at 0x7f8198f08280>,5,23,[ 4 10],6,18,41,12,18
1,<environment.Job instance at 0x7f8198f08e10>,17,13,[8 2],18,41,54,23,28
1,<environment.Job instance at 0x7f8198f2c8c0>,28,3,[10  2],29,54,57,25,47
1,<environment.Job instance at 0x7f8198f2c5f0>,26,18,[2 5],27,57,75,30,49
1,<environment.Job instance at 0x7f8198f2cb90>,30,17,[5 5],31,57,74,26,57
1,<environment.Job instance at 0x7f8198f2cc80>,31,14,[5 8],32,75,89,43,60
1,<environment.Job instance at 0x7f8198f38230>,37,16,[5 1],38,74,90,36,74
1,<environment.Job instance at 0x7f8198f380f0>,38,16,[4 9],39,89,105,50,76
1,<environment.Job instance at 0x7f8198f38c30>,50,14,[8 3],51,105,119,54,99
1,<environment.Job instance at 0x7f8198f05780>,0,12,[2 6],1,1,13,0,1
1,<environment.Job instance at 0x7f81e10c4dc0>,10,17,[7 2],11,11,28,0,11
1,<environment.Job instance at 0x7f81e10c4730>,11,17,[4 7],12,28,45,16,16
1,<environment.Job instance at 0x7f81dca7d780>,23,17,[8 5],24,45,62,21,33
1,<environment.Job instance at 0x7f8198ffc500>,6,16,[10  3],7,62,78,55,49
1,<environment.Job instance at 0x7f81dca7d050>,28,15,[3 5],29,78,93,49,70
1,<environment.Job instance at 0x7f8198d03a50>,36,18,[3 5],37,78,96,41,70
1,<environment.Job instance at 0x7f8198d035f0>,37,13,[2 6],38,96,109,58,80
1,<environment.Job instance at 0x7f81c8118b40>,2,12,[1 6],3,3,15,0,3
1,<environment.Job instance at 0x7f81e0f3a7d0>,8,17,[1 9],9,15,32,6,9
1,<environment.Job instance at 0x7f81e0f3a460>,11,17,[8 3],12,32,49,20,20
1,<environment.Job instance at 0x7f81dcd59a50>,26,12,[5 2],27,49,61,22,35
1,<environment.Job instance at 0x7f81dcd59aa0>,27,14,[3 9],28,61,75,33,46
1,<environment.Job instance at 0x7f81e1533320>,35,16,[2 9],36,75,91,39,66
1,<environment.Job instance at 0x7f81e127beb0>,38,14,[4 9],39,91,105,52,76
1,<environment.Job instance at 0x7f81e127b820>,42,13,[5 4],43,105,118,62,95
1,<environment.Job instance at 0x7f8198d84050>,2,2,[10  3],3,3,5,0,3
1,<environment.Job instance at 0x7f819899be10>,18,16,[7 3],19,25,41,6,25
1,<environment.Job instance at 0x7f8198d337d0>,23,13,[5 5],24,41,54,17,27
1,<environment.Job instance at 0x7f8198d09be0>,27,14,[ 3 10],28,54,68,26,40
1,<environment.Job instance at 0x7f8198d16230>,30,18,[2 6],31,68,86,37,57
1,<environment.Job instance at 0x7f81e0fe2b40>,37,17,[10  4],38,86,103,48,74
1,<environment.Job instance at 0x7f81e1014190>,46,14,[5 7],47,103,117,56,90
1,<environment.Job instance at 0x7f81e10143c0>,3,14,[5 3],4,4,18,0,4
1,<environment.Job instance at 0x7f8198a84190>,8,14,[10  4],9,18,32,9,12
1,<environment.Job instance at 0x7f81e10145f0>,6,3,[5 7],7,32,35,25,17
1,<environment.Job instance at 0x7f8198def3c0>,12,3,[5 7],13,35,38,22,22
1,<environment.Job instance at 0x7f8198defdc0>,15,14,[5 5],16,38,52,22,24
1,<environment.Job instance at 0x7f81e16a90f0>,2,18,[10  5],3,52,70,49,45
1,<environment.Job instance at 0x7f8198d03280>,22,14,[5 8],23,70,84,47,58
1,<environment.Job instance at 0x7f8198e9a500>,1,18,[5 1],2,70,88,68,60
1,<environment.Job instance at 0x7f81dc85c960>,30,16,[4 7],31,84,100,53,71
1,<environment.Job instance at 0x7f8198e31b40>,37,18,[7 4],38,100,118,62,92
1,<environment.Job instance at 0x7f8198947780>,3,3,[3 9],4,4,7,0,4
1,<environment.Job instance at 0x7f81989474b0>,5,18,[3 9],6,7,25,1,7
1,<environment.Job instance at 0x7f8198947230>,8,15,[4 8],9,25,40,16,14
1,<environment.Job instance at 0x7f8198947b40>,12,14,[8 1],13,40,54,27,26
1,<environment.Job instance at 0x7f81e12c5e10>,24,1,[9 4],25,54,55,29,36
1,<environment.Job instance at 0x7f81e12c50a0>,19,16,[2 9],20,55,71,35,42
1,<environment.Job instance at 0x7f81e0fa8eb0>,31,24,[8 1],32,58,82,26,58
1,<environment.Job instance at 0x7f81e0fa8460>,37,1,[10  4],38,82,83,44,67
1,<environment.Job instance at 0x7f8198947f00>,15,13,[5 7],16,83,96,67,68
1,<environment.Job instance at 0x7f81e0fa8b40>,42,13,[4 5],43,96,109,53,80
1,<environment.Job instance at 0x7f81e0fa8dc0>,46,15,[4 6],47,109,124,62,97
1,<environment.Job instance at 0x7f8198b442d0>,1,1,[2 6],2,2,3,0,2
1,<environment.Job instance at 0x7f8198e775f0>,3,18,[8 4],4,4,22,0,4
1,<environment.Job instance at 0x7f81dce595a0>,6,22,[2 5],7,7,29,0,7
1,<environment.Job instance at 0x7f81dce591e0>,11,19,[8 1],12,22,41,10,14
1,<environment.Job instance at 0x7f81dce43140>,22,19,[1 9],23,38,57,15,38
1,<environment.Job instance at 0x7f8198e81460>,24,3,[6 3],25,57,60,32,43
1,<environment.Job instance at 0x7f8198e4ca00>,31,14,[8 2],32,60,74,28,47
1,<environment.Job instance at 0x7f81dce6b5f0>,33,17,[ 1 10],34,74,91,40,63
1,<environment.Job instance at 0x7f81989667d0>,46,15,[8 4],47,91,106,44,88
1,<environment.Job instance at 0x7f8198d689b0>,39,13,[4 9],40,106,119,66,97
1,<environment.Job instance at 0x7f81dcad7a00>,0,16,[4 5],1,1,17,0,1
1,<environment.Job instance at 0x7f8198f5c730>,5,23,[1 7],6,17,40,11,17
1,<environment.Job instance at 0x7f8198d16730>,14,1,[4 5],15,40,41,25,17
1,<environment.Job instance at 0x7f81e1424aa0>,15,12,[3 9],16,41,53,25,24
1,<environment.Job instance at 0x7f8198cbb9b0>,13,13,[6 2],14,25,38,11,25
1,<environment.Job instance at 0x7f8198fa2550>,25,2,[5 6],26,53,55,27,38
1,<environment.Job instance at 0x7f8198fa2eb0>,26,17,[10  2],27,55,72,28,43
1,<environment.Job instance at 0x7f8198f5c7d0>,10,16,[5 8],11,74,90,63,74
1,<environment.Job instance at 0x7f81dcae65a0>,38,16,[1 7],39,90,106,51,82
1,<environment.Job instance at 0x7f8198bbe5a0>,43,21,[8 2],44,90,111,46,90
1,<environment.Job instance at 0x7f81dc8450a0>,50,14,[5 8],51,111,125,60,99
1,<environment.Job instance at 0x7f8198a8e7d0>,2,14,[1 7],3,3,17,0,3
1,<environment.Job instance at 0x7f8198a8e370>,3,16,[4 6],4,17,33,13,5
1,<environment.Job instance at 0x7f8198c7cf50>,11,3,[10  5],12,33,36,21,13
1,<environment.Job instance at 0x7f8198c7c140>,13,1,[1 7],14,36,37,22,18
1,<environment.Job instance at 0x7f8198c7c870>,14,14,[7 1],15,36,50,21,21
1,<environment.Job instance at 0x7f81e155eaf0>,4,17,[2 6],5,37,54,32,26
1,<environment.Job instance at 0x7f8198f49280>,24,3,[2 9],25,54,57,29,33
1,<environment.Job instance at 0x7f8198f498c0>,30,14,[6 2],31,57,71,26,42
1,<environment.Job instance at 0x7f81e3ef7550>,38,13,[5 8],39,71,84,32,56
1,<environment.Job instance at 0x7f819895a0a0>,42,15,[7 1],43,84,99,41,71
1,<environment.Job instance at 0x7f819895a500>,47,1,[2 6],48,86,87,38,86
1,<environment.Job instance at 0x7f819895afa0>,49,2,[5 1],50,99,101,49,86
1,<environment.Job instance at 0x7f81e3f06050>,50,12,[4 7],51,99,111,48,89
1,<environment.Job instance at 0x7f8198c7c3c0>,12,17,[10  1],13,111,128,98,99
1,<environment.Job instance at 0x7f81e12fd870>,1,1,[5 2],2,2,3,0,2
1,<environment.Job instance at 0x7f8198b7a640>,3,1,[10  3],4,4,5,0,4
1,<environment.Job instance at 0x7f8198894410>,4,16,[9 1],5,5,21,0,5
1,<environment.Job instance at 0x7f8198f6fcd0>,8,16,[5 5],9,21,37,12,14
1,<environment.Job instance at 0x7f8198c2cdc0>,23,18,[2 8],24,37,55,13,28
1,<environment.Job instance at 0x7f8198c2ceb0>,26,22,[6 2],27,37,59,10,30
1,<environment.Job instance at 0x7f81dcd9e550>,10,2,[8 1],11,59,61,48,37
1,<environment.Job instance at 0x7f8198c2c820>,32,27,[7 3],33,61,88,28,59
1,<environment.Job instance at 0x7f8198b97780>,41,15,[9 3],42,88,103,46,76
1,<environment.Job instance at 0x7f8198b971e0>,43,17,[5 5],44,103,120,59,91
1,<environment.Job instance at 0x7fe1624360f0>,1,18,[4 6],2,2,20,0,2
1,<environment.Job instance at 0x7fe15b028a50>,25,15,[9 2],26,31,46,5,31
1,<environment.Job instance at 0x7fe15b0286e0>,27,14,[ 1 10],28,46,60,18,43
1,<environment.Job instance at 0x7fe15b028f00>,31,13,[6 4],32,60,73,28,45
1,<environment.Job instance at 0x7fe15b02b1e0>,34,16,[7 5],35,73,89,38,66
1,<environment.Job instance at 0x7fe15b02bd70>,46,3,[10  3],47,89,92,42,85
1,<environment.Job instance at 0x7fe15b02bc80>,47,3,[7 2],48,92,95,44,85
1,<environment.Job instance at 0x7fe15b028fa0>,32,16,[9 1],33,95,111,62,87
1,<environment.Job instance at 0x7fe15b02bf00>,51,18,[9 2],52,111,129,59,100
1,<environment.Job instance at 0x7fe15b02c230>,1,2,[1 9],2,2,4,0,2
1,<environment.Job instance at 0x7fe16259f960>,7,15,[5 4],8,8,23,0,8
1,<environment.Job instance at 0x7fe16245eeb0>,12,2,[2 6],13,15,17,2,15
1,<environment.Job instance at 0x7fe16245edc0>,13,12,[6 5],14,23,35,9,15
1,<environment.Job instance at 0x7fe1625a50a0>,16,2,[9 4],17,35,37,18,20
1,<environment.Job instance at 0x7fe1625ac780>,21,1,[7 3],22,37,38,15,22
1,<environment.Job instance at 0x7fe1625ace10>,23,1,[10  3],24,38,39,14,28
1,<environment.Job instance at 0x7fe1625acaf0>,24,2,[1 6],25,35,37,10,28
1,<environment.Job instance at 0x7fe1625a5a00>,19,12,[2 5],20,39,51,19,35
1,<environment.Job instance at 0x7fe1625a3b40>,26,17,[6 1],27,39,56,12,36
1,<environment.Job instance at 0x7fe1625a3fa0>,28,14,[1 8],29,51,65,22,39
1,<environment.Job instance at 0x7fe1625a3320>,29,1,[9 3],30,65,66,35,39
1,<environment.Job instance at 0x7fe1625aa9b0>,32,13,[10  4],33,66,79,33,53
1,<environment.Job instance at 0x7fe1625aab90>,36,18,[3 6],37,79,97,42,70
1,<environment.Job instance at 0x7fe1625a7140>,40,16,[1 6],41,97,113,56,84
1,<environment.Job instance at 0x7fe1625a7f00>,43,16,[2 7],44,113,129,69,102
1,<environment.Job instance at 0x7fe1172d8140>,0,3,[5 7],1,1,4,0,1
1,<environment.Job instance at 0x7fe1172d81e0>,2,15,[1 8],3,4,19,1,3
1,<environment.Job instance at 0x7fe1172d80a0>,8,14,[4 8],9,19,33,10,9
1,<environment.Job instance at 0x7fe1625b1fa0>,4,13,[4 6],5,33,46,28,21
1,<environment.Job instance at 0x7fe1172d8aa0>,10,12,[5 1],11,29,41,18,29
1,<environment.Job instance at 0x7fe11739d370>,17,18,[3 5],18,46,64,28,38
1,<environment.Job instance at 0x7fe11739db40>,15,3,[7 1],16,46,49,30,39
1,<environment.Job instance at 0x7fe11739de10>,13,17,[8 4],14,64,81,50,52
1,<environment.Job instance at 0x7fe11745c410>,26,13,[2 5],27,62,75,35,62
1,<environment.Job instance at 0x7fe11745c0f0>,27,14,[4 5],28,81,95,53,66
1,<environment.Job instance at 0x7fe11745c2d0>,31,14,[7 3],32,95,109,63,86
1,<environment.Job instance at 0x7fe1172d8730>,7,16,[2 8],8,109,125,101,103
1,<environment.Job instance at 0x7fe1176e6690>,1,1,[8 3],2,2,3,0,2
1,<environment.Job instance at 0x7fe1176e6230>,2,14,[ 2 10],3,3,17,0,3
1,<environment.Job instance at 0x7fe1176e6f00>,8,17,[5 3],9,17,34,8,9
1,<environment.Job instance at 0x7fe11795b5a0>,17,14,[2 9],18,34,48,16,23
1,<environment.Job instance at 0x7fe1177eacd0>,22,23,[6 1],23,34,57,11,33
1,<environment.Job instance at 0x7fe11779f780>,28,14,[7 2],29,57,71,28,43
1,<environment.Job instance at 0x7fe117275b90>,32,3,[10  4],33,71,74,38,49
1,<environment.Job instance at 0x7fe1172755a0>,38,17,[5 8],39,74,91,35,62
1,<environment.Job instance at 0x7fe1172750a0>,41,16,[10  1],42,91,107,49,78
1,<environment.Job instance at 0x7fe11795da00>,52,17,[10  5],53,107,124,54,95
1,<environment.Job instance at 0x7fe117712aa0>,4,14,[2 7],5,5,19,0,5
1,<environment.Job instance at 0x7fe117724280>,12,17,[5 7],13,19,36,6,13
1,<environment.Job instance at 0x7fe1177244b0>,14,18,[ 3 10],15,36,54,21,25
1,<environment.Job instance at 0x7fe117725410>,31,13,[10  4],32,54,67,22,40
1,<environment.Job instance at 0x7fe117725cd0>,39,13,[10  5],40,67,80,27,59
1,<environment.Job instance at 0x7fe117711870>,47,3,[3 7],48,80,83,32,73
1,<environment.Job instance at 0x7fe117711910>,49,14,[3 5],50,83,97,33,75
1,<environment.Job instance at 0x7fe117711af0>,52,15,[1 7],53,97,112,44,92
1,<environment.Job instance at 0x7fe117711cd0>,55,16,[7 1],56,95,111,39,95
1,<environment.Job instance at 0x7fe11722e280>,59,18,[4 9],60,112,130,52,101
1,<environment.Job instance at 0x7fe117725870>,0,23,[6 4],1,1,24,0,1
1,<environment.Job instance at 0x7fe1172758c0>,6,1,[3 6],7,10,11,3,10
1,<environment.Job instance at 0x7fe161da33c0>,9,12,[2 8],10,24,36,14,11
1,<environment.Job instance at 0x7fe1173fae10>,17,12,[2 7],18,36,48,18,19
1,<environment.Job instance at 0x7fe11795bf00>,19,2,[5 5],20,48,50,28,25
1,<environment.Job instance at 0x7fe11795b3c0>,24,14,[1 8],25,50,64,25,36
1,<environment.Job instance at 0x7fe161f725a0>,28,14,[8 5],29,64,78,35,49
1,<environment.Job instance at 0x7fe161f72640>,33,13,[3 5],34,78,91,44,65
1,<environment.Job instance at 0x7fe15ad92910>,37,2,[1 5],38,76,78,38,76
1,<environment.Job instance at 0x7fe15ad92280>,39,24,[9 3],40,91,115,51,90
1,<environment.Job instance at 0x7fe161a37d70>,0,17,[ 2 10],1,1,18,0,1
1,<environment.Job instance at 0x7fe15b2626e0>,8,1,[9 1],9,18,19,9,9
1,<environment.Job instance at 0x7fe15b262190>,5,16,[9 5],6,19,35,13,11
1,<environment.Job instance at 0x7fe15b262d70>,9,15,[9 1],10,35,50,25,22
1,<environment.Job instance at 0x7fe15b134640>,6,16,[10  3],7,50,66,43,37
1,<environment.Job instance at 0x7fe1174c8dc0>,25,20,[8 3],26,66,86,40,60
1,<environment.Job instance at 0x7fe1178c09b0>,38,12,[4 6],39,86,98,47,73
1,<environment.Job instance at 0x7fe15af5eb40>,41,17,[9 5],42,98,115,56,86
1,<environment.Job instance at 0x7fe15af5ee60>,1,14,[6 2],2,2,16,0,2
1,<environment.Job instance at 0x7fe15af5ef00>,6,17,[2 6],7,8,25,1,8
1,<environment.Job instance at 0x7fe1175e5190>,8,16,[4 5],9,25,41,16,13
1,<environment.Job instance at 0x7fe1175e5d70>,19,17,[6 3],20,30,47,10,30
1,<environment.Job instance at 0x7fe1175cb230>,27,16,[1 5],28,41,57,13,40
1,<environment.Job instance at 0x7fe1175cb8c0>,30,15,[6 4],31,47,62,16,42
1,<environment.Job instance at 0x7fe1175cb2d0>,28,15,[ 1 10],29,62,77,33,49
1,<environment.Job instance at 0x7fe1175cbeb0>,37,17,[10  3],38,77,94,39,67
1,<environment.Job instance at 0x7fe1175b2690>,45,18,[10  2],46,94,112,48,83
1,<environment.Job instance at 0x7fe1175b2f50>,54,13,[9 1],55,112,125,57,96
1,<environment.Job instance at 0x7fe15b1a1780>,1,13,[2 9],2,2,15,0,2
1,<environment.Job instance at 0x7fe11793f460>,3,16,[6 1],4,4,20,0,4
1,<environment.Job instance at 0x7fe11745d230>,11,19,[7 5],12,20,39,8,15
1,<environment.Job instance at 0x7fe11745dcd0>,14,14,[5 5],15,39,53,24,24
1,<environment.Job instance at 0x7fe11761e8c0>,33,15,[3 7],34,53,68,19,40
1,<environment.Job instance at 0x7fe161cb8550>,36,12,[ 1 10],37,68,80,31,51
1,<environment.Job instance at 0x7fe161cb8af0>,37,13,[7 1],38,53,66,15,51
1,<environment.Job instance at 0x7fe161949640>,48,2,[10  1],49,80,82,31,65
1,<environment.Job instance at 0x7fe15b3e3d20>,51,12,[5 4],52,82,94,30,67
1,<environment.Job instance at 0x7fe15b3e3c30>,52,16,[7 2],53,94,110,41,81
1,<environment.Job instance at 0x7fe117876550>,58,16,[8 3],59,110,126,51,100
1,<environment.Job instance at 0x7fe117276f00>,12,15,[9 1],13,23,38,10,23
1,<environment.Job instance at 0x7fe1176b4eb0>,28,14,[8 3],29,54,68,25,54
1,<environment.Job instance at 0x7fe15b4a7a50>,25,14,[ 2 10],26,68,82,42,54
1,<environment.Job instance at 0x7fe1174ed190>,32,2,[8 2],33,82,84,49,76
1,<environment.Job instance at 0x7fe1174ed500>,35,1,[2 8],36,82,83,46,79
1,<environment.Job instance at 0x7fe1176e98c0>,36,18,[2 5],37,83,101,46,79
1,<environment.Job instance at 0x7fe1176e9eb0>,39,21,[ 2 10],40,101,122,61,94
1,<environment.Job instance at 0x7fe117525aa0>,24,14,[4 9],25,122,136,97,108
1,<environment.Job instance at 0x7fe1173dc960>,0,12,[2 6],1,1,13,0,1
1,<environment.Job instance at 0x7fe16198bd70>,10,17,[7 2],11,12,29,1,12
1,<environment.Job instance at 0x7fe161958140>,14,1,[6 3],15,29,30,14,15
1,<environment.Job instance at 0x7fe161958280>,15,3,[5 8],16,30,33,14,16
1,<environment.Job instance at 0x7fe1619581e0>,16,18,[5 2],17,30,48,13,19
1,<environment.Job instance at 0x7fe1619589b0>,23,17,[8 5],24,48,65,24,38
1,<environment.Job instance at 0x7fe161968140>,31,13,[2 7],32,65,78,33,50
1,<environment.Job instance at 0x7fe161968320>,33,14,[6 5],34,78,92,44,66
1,<environment.Job instance at 0x7fe161958e60>,29,16,[5 5],30,92,108,62,79
1,<environment.Job instance at 0x7fe161968410>,36,18,[3 5],37,88,106,51,88
1,<environment.Job instance at 0x7fe161968e10>,44,20,[ 4 10],45,108,128,63,99
1,<environment.Job instance at 0x7fe15aeed320>,0,16,[6 4],1,1,17,0,1
1,<environment.Job instance at 0x7fe15b441c30>,10,18,[6 1],11,17,35,6,11
1,<environment.Job instance at 0x7fe15b441b90>,13,14,[7 5],14,35,49,21,20
1,<environment.Job instance at 0x7fe117779500>,6,14,[1 6],7,20,34,13,20
1,<environment.Job instance at 0x7fe161c00fa0>,19,18,[8 2],20,49,67,29,38
1,<environment.Job instance at 0x7fe15b3d2f50>,28,14,[4 9],29,67,81,38,53
1,<environment.Job instance at 0x7fe15b3d2870>,36,2,[9 1],37,81,83,44,68
1,<environment.Job instance at 0x7fe161d6d960>,39,14,[1 9],40,81,95,41,71
1,<environment.Job instance at 0x7fe15b3d2370>,37,18,[5 6],38,95,113,57,84
1,<environment.Job instance at 0x7fe15aee7fa0>,49,12,[9 3],50,113,125,63,96
1,<environment.Job instance at 0x7fe11751aa50>,50,18,[1 6],51,113,131,62,108
1,<environment.Job instance at 0x7fe11751a550>,1,17,[10  4],2,2,19,0,2
1,<environment.Job instance at 0x7fe15b348280>,10,18,[2 6],11,19,37,8,18
1,<environment.Job instance at 0x7fe15b348a50>,15,1,[9 2],16,37,38,21,20
1,<environment.Job instance at 0x7fe15b3480f0>,19,1,[5 4],20,21,22,1,21
1,<environment.Job instance at 0x7fe161912aa0>,21,17,[9 4],22,38,55,16,26
1,<environment.Job instance at 0x7fe1619120f0>,23,1,[1 7],24,37,38,13,26
1,<environment.Job instance at 0x7fe161912f00>,25,1,[5 2],26,27,28,1,27
1,<environment.Job instance at 0x7fe15b348af0>,20,2,[1 8],21,55,57,34,34
1,<environment.Job instance at 0x7fe1619123c0>,26,14,[5 7],27,57,71,30,42
1,<environment.Job instance at 0x7fe1619933c0>,37,13,[10  5],38,72,85,34,72
1,<environment.Job instance at 0x7fe161993f00>,43,3,[3 7],44,99,102,55,99
1,<environment.Job instance at 0x7fe11779a0a0>,0,16,[4 7],1,1,17,0,1
1,<environment.Job instance at 0x7fe15aecd7d0>,5,13,[5 6],6,17,30,11,6
1,<environment.Job instance at 0x7fe15aef9230>,16,15,[8 4],17,30,45,13,17
1,<environment.Job instance at 0x7fe15aed7cd0>,18,17,[6 5],19,45,62,26,33
1,<environment.Job instance at 0x7fe15aee0370>,27,3,[1 5],28,51,54,23,51
1,<environment.Job instance at 0x7fe15b490960>,28,1,[1 6],29,62,63,33,51
1,<environment.Job instance at 0x7fe15aee03c0>,29,14,[2 6],30,63,77,33,51
1,<environment.Job instance at 0x7fe1179a65a0>,37,15,[ 1 10],38,77,92,39,72
1,<environment.Job instance at 0x7fe15b491050>,40,24,[10  4],41,92,116,51,87
1,<environment.Job instance at 0x7fe161e09dc0>,0,18,[7 3],1,1,19,0,1
1,<environment.Job instance at 0x7fe117635d20>,7,14,[1 6],8,8,22,0,8
1,<environment.Job instance at 0x7fe15b019d70>,11,16,[2 5],12,22,38,10,12
1,<environment.Job instance at 0x7fe15b50f3c0>,13,24,[7 1],14,21,45,7,21
1,<environment.Job instance at 0x7fe117494fa0>,20,14,[6 1],21,45,59,24,35
1,<environment.Job instance at 0x7fe117504870>,21,18,[4 6],22,45,63,23,37
1,<environment.Job instance at 0x7fe117504eb0>,23,12,[8 5],24,63,75,39,50
1,<environment.Job instance at 0x7fe15b1a9370>,27,22,[9 3],28,75,97,47,68
1,<environment.Job instance at 0x7fe117843320>,37,13,[1 8],38,97,110,59,93
1,<environment.Job instance at 0x7fe117843460>,40,17,[6 2],41,97,114,56,93
1,<environment.Job instance at 0x7fe161e09f50>,6,15,[4 6],7,110,125,103,98
1,<environment.Job instance at 0x7fe1170753c0>,18,17,[2 6],19,21,38,2,21
1,<environment.Job instance at 0x7fe117009cd0>,21,23,[9 3],22,38,61,16,38
1,<environment.Job instance at 0x7fe161ce4c80>,29,15,[3 6],30,64,79,34,64
1,<environment.Job instance at 0x7fe161ce4280>,33,3,[5 6],34,79,82,45,79
1,<environment.Job instance at 0x7fe161ce40f0>,35,1,[8 1],36,82,83,46,79
1,<environment.Job instance at 0x7fe161ce4320>,36,21,[3 8],37,90,111,53,90
1,<environment.Job instance at 0x7fe161ce45a0>,47,3,[3 6],48,111,114,63,92
1,<environment.Job instance at 0x7fe1177144b0>,50,16,[4 5],51,114,130,63,102
1,<environment.Job instance at 0x7fe117714b90>,51,21,[6 3],52,111,132,59,103
1,<environment.Job instance at 0x7fe161e08dc0>,0,20,[7 3],1,1,21,0,1
1,<environment.Job instance at 0x7fe1176cda00>,17,21,[2 5],18,21,42,3,21
1,<environment.Job instance at 0x7fe117091d20>,16,15,[5 2],17,22,37,5,22
1,<environment.Job instance at 0x7fe1176cd640>,14,16,[10  3],15,42,58,27,31
1,<environment.Job instance at 0x7fe1176b63c0>,23,12,[5 6],24,67,79,43,67
1,<environment.Job instance at 0x7fe15b1e0c80>,32,23,[5 4],33,67,90,34,67
1,<environment.Job instance at 0x7fe1176bf140>,40,3,[7 1],41,90,93,49,67
1,<environment.Job instance at 0x7fe1174391e0>,42,14,[1 7],43,90,104,47,79
1,<environment.Job instance at 0x7fe11755caf0>,39,13,[9 3],40,93,106,53,80
1,<environment.Job instance at 0x7fe1619b3b90>,46,18,[3 5],47,106,124,59,95
1,<environment.Job instance at 0x7fe1619b37d0>,54,14,[7 1],55,109,123,54,109
1,<environment.Job instance at 0x7fe116fb09b0>,0,12,[7 4],1,1,13,0,1
1,<environment.Job instance at 0x7fe1619b34b0>,1,17,[8 3],2,13,30,11,3
1,<environment.Job instance at 0x7fe117024550>,15,14,[8 2],16,30,44,14,22
1,<environment.Job instance at 0x7fe1177f9640>,7,12,[6 4],8,44,56,36,28
1,<environment.Job instance at 0x7fe117024960>,18,14,[ 5 10],19,56,70,37,41
1,<environment.Job instance at 0x7fe161b5b820>,25,15,[3 7],26,70,85,44,58
1,<environment.Job instance at 0x7fe1623bbb40>,36,14,[9 2],37,85,99,48,70
1,<environment.Job instance at 0x7fe1170a2910>,50,3,[4 7],51,99,102,48,99
1,<environment.Job instance at 0x7fe1623bb5f0>,34,16,[9 1],35,102,118,67,101
1,<environment.Job instance at 0x7fe117456e10>,55,13,[6 3],56,118,131,62,105
1,<environment.Job instance at 0x7fe1173dc3c0>,3,14,[6 3],4,4,18,0,4
1,<environment.Job instance at 0x7fe1176297d0>,14,17,[2 5],15,45,62,30,45
1,<environment.Job instance at 0x7fe117629a00>,16,14,[5 2],17,45,59,28,45
1,<environment.Job instance at 0x7fe1176291e0>,21,1,[7 4],22,59,60,37,46
1,<environment.Job instance at 0x7fe117629960>,22,14,[5 5],23,60,74,37,46
1,<environment.Job instance at 0x7fe117629fa0>,17,18,[9 4],18,74,92,56,70
1,<environment.Job instance at 0x7fe117629910>,13,23,[8 4],14,92,115,78,87
1,<environment.Job instance at 0x7fe15adeea00>,37,14,[5 6],38,115,129,77,101
1,<environment.Job instance at 0x7fe117190f00>,1,17,[5 1],2,2,19,0,2
1,<environment.Job instance at 0x7fe1176e9050>,4,12,[1 5],5,5,17,0,5
1,<environment.Job instance at 0x7fe1619b50a0>,6,16,[2 8],7,17,33,10,7
1,<environment.Job instance at 0x7fe116f8fbe0>,17,2,[5 8],18,33,35,15,19
1,<environment.Job instance at 0x7fe15ae91c30>,20,12,[8 5],21,35,47,14,22
1,<environment.Job instance at 0x7fe15ae915f0>,23,1,[6 2],24,25,26,1,25
1,<environment.Job instance at 0x7fe15ae91b40>,27,15,[7 1],28,47,62,19,34
1,<environment.Job instance at 0x7fe15afacf00>,14,22,[2 7],15,47,69,32,46
1,<environment.Job instance at 0x7fe15afaca50>,15,16,[7 3],16,62,78,46,51
1,<environment.Job instance at 0x7fe161e52320>,39,12,[ 5 10],40,78,90,38,65
1,<environment.Job instance at 0x7fe161e28f50>,48,12,[8 5],49,90,102,41,79
1,<environment.Job instance at 0x7fe161e285a0>,43,18,[1 5],44,90,108,46,82
1,<environment.Job instance at 0x7fe161e2a370>,51,19,[4 5],52,102,121,50,93
1,<environment.Job instance at 0x7fe161e2a5a0>,52,3,[8 5],53,121,124,68,97
1,<environment.Job instance at 0x7f0cf9011780>,1,18,[4 6],2,2,20,0,2
1,<environment.Job instance at 0x7f0cf1b781e0>,3,3,[1 5],4,20,23,16,4
1,<environment.Job instance at 0x7f0cf1b78500>,7,21,[3 6],8,24,45,16,24
1,<environment.Job instance at 0x7f0cf1b7c960>,24,17,[5 4],25,25,42,0,25
1,<environment.Job instance at 0x7f0cf1b7ccd0>,26,3,[8 1],27,45,48,18,37
1,<environment.Job instance at 0x7f0cf1b7c2d0>,19,18,[8 2],20,48,66,28,41
1,<environment.Job instance at 0x7f0cf1b7cbe0>,27,14,[ 1 10],28,66,80,38,51
1,<environment.Job instance at 0x7f0cf1b7d140>,35,3,[8 1],36,80,83,44,66
1,<environment.Job instance at 0x7f0cf1b7d500>,38,2,[5 2],39,83,85,44,69
1,<environment.Job instance at 0x7f0cf1b7d3c0>,39,3,[6 1],40,85,88,45,69
1,<environment.Job instance at 0x7f0cf1b7d730>,40,3,[8 1],41,88,91,47,69
1,<environment.Job instance at 0x7f0cf1b7d690>,41,3,[7 1],42,91,94,49,69
1,<environment.Job instance at 0x7f0cf1b7d960>,44,14,[1 9],45,85,99,40,71
1,<environment.Job instance at 0x7f0cf1b7d050>,34,16,[7 5],35,99,115,64,89
1,<environment.Job instance at 0x7f0cf1b7ddc0>,50,14,[9 4],51,115,129,64,103
1,<environment.Job instance at 0x7f0cf1b802d0>,1,14,[2 8],2,2,16,0,2
1,<environment.Job instance at 0x7f0cf90fb640>,7,14,[10  1],8,16,30,8,8
1,<environment.Job instance at 0x7f0cf91039b0>,17,18,[1 8],18,30,48,12,23
1,<environment.Job instance at 0x7f0cf90fe780>,21,3,[6 3],22,48,51,26,33
1,<environment.Job instance at 0x7f0cf91033c0>,18,14,[1 8],19,51,65,32,37
1,<environment.Job instance at 0x7f0cf90efb90>,28,15,[4 9],29,65,80,36,53
1,<environment.Job instance at 0x7f0cf90f9cd0>,30,16,[1 6],31,80,96,49,67
1,<environment.Job instance at 0x7f0cf91037d0>,16,17,[6 1],17,73,90,56,73
1,<environment.Job instance at 0x7f0cf90f5050>,37,13,[7 4],38,90,103,52,81
1,<environment.Job instance at 0x7f0cf90f56e0>,40,17,[8 5],41,103,120,62,91
1,<environment.Job instance at 0x7f0cf90fea50>,24,18,[6 4],25,120,138,95,109
1,<environment.Job instance at 0x7f0cf90f9c30>,34,17,[3 5],35,120,137,85,118
1,<environment.Job instance at 0x7f0cade21870>,11,14,[7 3],12,26,40,14,26
1,<environment.Job instance at 0x7f0cade21500>,13,15,[2 7],14,28,43,14,28
1,<environment.Job instance at 0x7f0caddd4dc0>,15,12,[10  3],16,43,55,27,43
1,<environment.Job instance at 0x7f0caddd4f00>,16,14,[5 4],17,55,69,38,43
1,<environment.Job instance at 0x7f0caddd4190>,17,1,[ 2 10],18,69,70,51,43
1,<environment.Job instance at 0x7f0cf19cff50>,18,3,[5 5],19,55,58,36,44
1,<environment.Job instance at 0x7f0caddd45a0>,19,2,[8 1],20,70,72,50,44
1,<environment.Job instance at 0x7f0caddd4460>,23,14,[ 3 10],24,72,86,48,57
1,<environment.Job instance at 0x7f0cf204a960>,31,15,[6 5],32,86,101,54,85
1,<environment.Job instance at 0x7f0cf193fe10>,32,12,[4 6],33,101,113,68,86
1,<environment.Job instance at 0x7f0cade80fa0>,8,13,[8 2],9,113,126,104,103
1,<environment.Job instance at 0x7f0caddc8910>,36,24,[2 7],37,113,137,76,108
1,<environment.Job instance at 0x7f0cade13aa0>,44,13,[6 3],45,126,139,81,112
1,<environment.Job instance at 0x7f0cae1452d0>,0,14,[5 3],1,1,15,0,1
1,<environment.Job instance at 0x7f0cf60b6690>,3,17,[9 5],4,15,32,11,5
1,<environment.Job instance at 0x7f0cadf54500>,4,16,[9 4],5,32,48,27,20
1,<environment.Job instance at 0x7f0cf1d07280>,16,2,[3 6],17,48,50,31,21
1,<environment.Job instance at 0x7f0cf1d2e370>,18,3,[10  3],19,50,53,31,24
1,<environment.Job instance at 0x7f0cadf58910>,29,16,[3 9],30,53,69,23,46
1,<environment.Job instance at 0x7f0cadf9a870>,35,15,[ 3 10],36,69,84,33,55
1,<environment.Job instance at 0x7f0cf1bb0960>,9,16,[5 9],10,84,100,74,71
1,<environment.Job instance at 0x7f0cadf00870>,45,1,[5 6],46,100,101,54,87
1,<environment.Job instance at 0x7f0cf1d08320>,10,15,[9 3],11,101,116,90,87
1,<environment.Job instance at 0x7f0cade5c640>,49,14,[1 8],50,116,130,66,101
1,<environment.Job instance at 0x7f0cae31be60>,0,1,[2 7],1,1,2,0,1
1,<environment.Job instance at 0x7f0cae31b500>,3,14,[7 2],4,4,18,0,4
1,<environment.Job instance at 0x7f0cf19f74b0>,12,15,[1 7],13,13,28,0,13
1,<environment.Job instance at 0x7f0cae528410>,20,3,[8 5],21,28,31,7,21
1,<environment.Job instance at 0x7f0cf1cc75a0>,6,16,[ 4 10],7,31,47,24,24
1,<environment.Job instance at 0x7f0cae42ff00>,23,15,[7 2],24,47,62,23,33
1,<environment.Job instance at 0x7f0cf1a153c0>,29,18,[4 8],30,62,80,32,51
1,<environment.Job instance at 0x7f0cf1a15500>,32,13,[8 5],33,80,93,47,68
1,<environment.Job instance at 0x7f0cf1a11640>,35,15,[9 4],36,93,108,57,80
1,<environment.Job instance at 0x7f0cf19f2280>,45,14,[2 7],46,108,122,62,99
1,<environment.Job instance at 0x7f0cf19ea190>,49,18,[2 7],50,122,140,72,111
1,<environment.Job instance at 0x7f0cf19eaa00>,1,13,[6 1],2,2,15,0,2
1,<environment.Job instance at 0x7f0cae45a410>,9,14,[10  5],10,15,29,5,10
1,<environment.Job instance at 0x7f0cf6623a50>,6,12,[1 7],7,29,41,22,22
1,<environment.Job instance at 0x7f0cf66ad140>,21,12,[10  1],22,41,53,19,26
1,<environment.Job instance at 0x7f0cf6609960>,33,16,[9 3],34,53,69,19,42
1,<environment.Job instance at 0x7f0cf6609b40>,35,14,[1 7],36,53,67,17,43
1,<environment.Job instance at 0x7f0cf660bb40>,37,19,[ 4 10],38,69,88,31,59
1,<environment.Job instance at 0x7f0cf660bc80>,40,12,[5 1],41,88,100,47,81
1,<environment.Job instance at 0x7f0cf66090f0>,27,28,[5 5],28,91,119,63,91
1,<environment.Job instance at 0x7f0cf652b820>,46,1,[ 1 10],47,119,120,72,111
1,<environment.Job instance at 0x7f0cf652b730>,48,18,[ 1 10],49,120,138,71,111
1,<environment.Job instance at 0x7f0cf8d0f1e0>,0,3,[2 6],1,1,4,0,1
1,<environment.Job instance at 0x7f0cf1e9a500>,3,2,[9 2],4,4,6,0,4
1,<environment.Job instance at 0x7f0cf1e9acd0>,4,2,[3 8],5,6,8,1,5
1,<environment.Job instance at 0x7f0cf9103140>,8,1,[7 4],9,9,10,0,9
1,<environment.Job instance at 0x7f0cf91037d0>,9,17,[5 2],10,10,27,0,10
1,<environment.Job instance at 0x7f0cf6762050>,13,3,[1 5],14,14,17,0,14
1,<environment.Job instance at 0x7f0cf1e95b90>,14,18,[1 7],15,17,35,2,15
1,<environment.Job instance at 0x7f0cf636d8c0>,15,3,[6 4],16,35,38,19,16
1,<environment.Job instance at 0x7f0cf206cdc0>,19,14,[10  5],20,38,52,18,23
1,<environment.Job instance at 0x7f0cf62b46e0>,37,12,[8 3],38,52,64,14,45
1,<environment.Job instance at 0x7f0cf1b17d70>,42,12,[4 6],43,64,76,21,53
1,<environment.Job instance at 0x7f0cf1ad26e0>,21,15,[8 4],22,76,91,54,65
1,<environment.Job instance at 0x7f0cf1bba5a0>,51,14,[6 2],52,91,105,39,76
1,<environment.Job instance at 0x7f0cae2aed20>,44,2,[1 8],45,91,93,46,81
1,<environment.Job instance at 0x7f0cf1b1e190>,53,3,[5 4],54,105,108,51,86
1,<environment.Job instance at 0x7f0cf1aea190>,56,17,[2 6],57,93,110,36,86
1,<environment.Job instance at 0x7f0cade7e2d0>,61,13,[6 4],62,108,121,46,94
1,<environment.Job instance at 0x7f0cf1aea910>,57,14,[8 3],58,121,135,63,106
1,<environment.Job instance at 0x7f0cf671c780>,0,16,[3 7],1,1,17,0,1
1,<environment.Job instance at 0x7f0cae15f730>,4,18,[6 4],5,17,35,12,6
1,<environment.Job instance at 0x7f0cae15fcd0>,12,3,[7 4],13,35,38,22,14
1,<environment.Job instance at 0x7f0cae15faa0>,7,18,[2 9],8,38,56,30,27
1,<environment.Job instance at 0x7f0cae171500>,18,18,[7 1],19,38,56,19,28
1,<environment.Job instance at 0x7f0cae171b90>,25,12,[4 7],26,56,68,30,39
1,<environment.Job instance at 0x7f0cae1715a0>,17,17,[4 9],18,68,85,50,62
1,<environment.Job instance at 0x7f0cae1527d0>,38,12,[1 7],39,85,97,46,68
1,<environment.Job instance at 0x7f0cae152960>,41,13,[2 9],42,97,110,55,91
1,<environment.Job instance at 0x7f0cae17c230>,48,17,[2 5],49,110,127,61,98
1,<environment.Job instance at 0x7f0cae17c460>,51,19,[7 5],52,110,129,58,109
1,<environment.Job instance at 0x7f0cae17c6e0>,54,14,[5 5],55,129,143,74,116
1,<environment.Job instance at 0x7f0cae17c780>,55,3,[5 4],56,129,132,73,116
1,<environment.Job instance at 0x7f0cf1ab2870>,4,13,[1 6],5,8,21,3,8
1,<environment.Job instance at 0x7f0cf1ab2aa0>,5,25,[6 2],6,8,33,2,8
1,<environment.Job instance at 0x7f0cf1ab25a0>,7,18,[1 7],8,21,39,13,11
1,<environment.Job instance at 0x7f0cf68087d0>,10,1,[7 5],11,39,40,28,18
1,<environment.Job instance at 0x7f0cae46fd20>,15,16,[5 5],16,40,56,24,30
1,<environment.Job instance at 0x7f0cae46cb40>,21,18,[8 2],22,56,74,34,47
1,<environment.Job instance at 0x7f0cf1f0b050>,25,19,[1 7],26,56,75,30,56
1,<environment.Job instance at 0x7f0cf1ab2dc0>,11,17,[7 5],12,75,92,63,63
1,<environment.Job instance at 0x7f0cf1ab20a0>,8,14,[ 5 10],9,92,106,83,80
1,<environment.Job instance at 0x7f0cade0f7d0>,36,12,[2 7],37,106,118,69,91
1,<environment.Job instance at 0x7f0cae457820>,41,15,[2 5],42,118,133,76,108
1,<environment.Job instance at 0x7f0cf1ae9780>,1,14,[4 8],2,2,16,0,2
1,<environment.Job instance at 0x7f0cadfcdc30>,8,15,[4 5],9,16,31,7,9
1,<environment.Job instance at 0x7f0cf1a0f410>,18,18,[6 2],19,20,38,1,20
1,<environment.Job instance at 0x7f0cf620ba00>,20,12,[2 6],21,31,43,10,23
1,<environment.Job instance at 0x7f0cae2b76e0>,14,12,[6 2],15,38,50,23,28
1,<environment.Job instance at 0x7f0cf638b960>,25,14,[9 2],26,50,64,24,35
1,<environment.Job instance at 0x7f0cae147a00>,31,17,[4 7],32,64,81,32,52
1,<environment.Job instance at 0x7f0cf66563c0>,7,15,[5 9],8,81,96,73,72
1,<environment.Job instance at 0x7f0cf8c8ac30>,41,3,[3 6],42,96,99,54,74
1,<environment.Job instance at 0x7f0cf6268730>,45,17,[4 9],46,100,117,54,100
1,<environment.Job instance at 0x7f0cf6268e10>,48,15,[3 5],49,117,132,68,104
1,<environment.Job instance at 0x7f0cf6268b40>,49,16,[5 5],50,117,133,67,105
1,<environment.Job instance at 0x7f0cf625cc80>,2,12,[1 6],3,3,15,0,3
1,<environment.Job instance at 0x7f0cf6559e60>,5,13,[3 7],6,15,28,9,6
1,<environment.Job instance at 0x7f0cf6552870>,16,14,[1 6],17,28,42,11,17
1,<environment.Job instance at 0x7f0cf65528c0>,15,2,[7 1],16,24,26,8,24
1,<environment.Job instance at 0x7f0cf6552b40>,17,14,[5 9],18,42,56,24,28
1,<environment.Job instance at 0x7f0cf652c1e0>,27,14,[3 9],28,56,70,28,41
1,<environment.Job instance at 0x7f0cf652c960>,31,2,[3 7],32,70,72,38,57
1,<environment.Job instance at 0x7f0cf65524b0>,10,16,[6 4],11,72,88,61,65
1,<environment.Job instance at 0x7f0cf652cf00>,36,12,[5 7],37,88,100,51,73
1,<environment.Job instance at 0x7f0cf652d410>,44,15,[7 4],45,100,115,55,87
1,<environment.Job instance at 0x7f0cf652d190>,42,13,[5 4],43,115,128,72,112
1,<environment.Job instance at 0x7f0cf652d870>,51,15,[9 3],52,128,143,76,115
1,<environment.Job instance at 0x7f0cf65b5e60>,2,15,[2 8],3,3,18,0,3
1,<environment.Job instance at 0x7f0cf65b53c0>,3,13,[5 5],4,18,31,14,4
1,<environment.Job instance at 0x7f0cf62fbe10>,19,1,[5 4],20,21,22,1,21
1,<environment.Job instance at 0x7f0cae22ec30>,18,13,[2 6],19,31,44,12,21
1,<environment.Job instance at 0x7f0cf1bc25a0>,26,14,[5 7],27,44,58,17,29
1,<environment.Job instance at 0x7f0cf1bc2fa0>,28,14,[5 3],29,36,50,7,36
1,<environment.Job instance at 0x7f0cf1a0fdc0>,30,14,[2 7],31,58,72,27,44
1,<environment.Job instance at 0x7f0cf62d6c30>,16,14,[10  4],17,72,86,55,60
1,<environment.Job instance at 0x7f0cf8c8aaa0>,43,3,[3 7],44,86,89,42,82
1,<environment.Job instance at 0x7f0cf66a65f0>,45,3,[6 2],46,86,89,40,82
1,<environment.Job instance at 0x7f0cf206caa0>,48,15,[3 8],49,105,120,56,105
1,<environment.Job instance at 0x7f0cf206c640>,52,18,[1 6],53,120,138,67,115
1,<environment.Job instance at 0x7f0cf66fe280>,2,21,[4 5],3,3,24,0,3
1,<environment.Job instance at 0x7f0cf66fe870>,6,15,[8 4],7,24,39,17,10
1,<environment.Job instance at 0x7f0cf200a9b0>,12,14,[1 7],13,39,53,26,24
1,<environment.Job instance at 0x7f0cf200af50>,10,18,[6 2],11,39,57,28,36
1,<environment.Job instance at 0x7f0cf1a1f050>,27,15,[ 1 10],28,57,72,29,51
1,<environment.Job instance at 0x7f0cf1a1f4b0>,26,3,[ 2 10],27,72,75,45,59
1,<environment.Job instance at 0x7f0cf1a1f2d0>,28,13,[ 5 10],29,75,88,46,61
1,<environment.Job instance at 0x7f0cf622fbe0>,39,18,[5 7],40,102,120,62,102
1,<environment.Job instance at 0x7f0cf622f910>,1,18,[4 6],2,2,20,0,2
1,<environment.Job instance at 0x7f0cf194fdc0>,6,15,[4 9],7,20,35,13,7
1,<environment.Job instance at 0x7f0cf19480f0>,22,23,[5 7],23,35,58,12,30
1,<environment.Job instance at 0x7f0cadba3960>,25,18,[1 9],26,58,76,32,47
1,<environment.Job instance at 0x7f0cf60d2640>,30,15,[5 3],31,76,91,45,63
1,<environment.Job instance at 0x7f0cf6501c30>,35,15,[5 5],36,76,91,40,66
1,<environment.Job instance at 0x7f0cf1948b40>,20,17,[6 2],21,91,108,70,81
1,<environment.Job instance at 0x7f0cf193b3c0>,16,26,[4 6],17,93,119,76,93
1,<environment.Job instance at 0x7f0cf685f7d0>,48,20,[7 3],49,119,139,70,110
1,<environment.Job instance at 0x7f0cadc93f50>,0,14,[3 7],1,1,15,0,1
1,<environment.Job instance at 0x7f0cf1dda5a0>,4,13,[5 8],5,15,28,10,5
1,<environment.Job instance at 0x7f0cf1ea4d70>,13,12,[6 1],14,28,40,14,18
1,<environment.Job instance at 0x7f0cae450280>,20,16,[4 5],21,28,44,7,28
1,<environment.Job instance at 0x7f0cae450d70>,21,21,[6 3],22,40,61,18,32
1,<environment.Job instance at 0x7f0cf1e1f690>,25,23,[1 7],26,46,69,20,46
1,<environment.Job instance at 0x7f0cf1b25140>,10,12,[10  5],11,69,81,58,54
1,<environment.Job instance at 0x7f0cf1dbd410>,46,17,[10  2],47,81,98,34,72
1,<environment.Job instance at 0x7f0cf196fd20>,50,18,[1 6],51,98,116,47,87
1,<environment.Job instance at 0x7f0cf62e5eb0>,55,12,[2 6],56,116,128,60,102
1,<environment.Job instance at 0x7f0cf62e5d70>,58,16,[1 7],59,128,144,69,116
1,<environment.Job instance at 0x7f0cf62923c0>,2,14,[1 7],3,3,17,0,3
1,<environment.Job instance at 0x7f0cf1f52140>,4,17,[2 6],5,17,34,12,7
1,<environment.Job instance at 0x7f0cadb7ba00>,14,14,[7 1],15,22,36,7,22
1,<environment.Job instance at 0x7f0cadb7b320>,17,17,[5 9],18,36,53,18,25
1,<environment.Job instance at 0x7f0cf1b78fa0>,21,17,[6 5],22,53,70,31,41
1,<environment.Job instance at 0x7f0cadbf75a0>,38,13,[5 8],39,70,83,31,70
1,<environment.Job instance at 0x7f0cadbf71e0>,40,16,[9 1],41,83,99,42,83
1,<environment.Job instance at 0x7f0cadb75d20>,46,18,[9 5],47,99,117,52,93
1,<environment.Job instance at 0x7f0cadbe7370>,55,3,[5 7],56,117,120,61,116
1,<environment.Job instance at 0x7f0cadbe7be0>,59,12,[3 9],60,120,132,60,117
1,<environment.Job instance at 0x7f0cadbe7fa0>,1,13,[ 4 10],2,2,15,0,2
1,<environment.Job instance at 0x7f0cadba49b0>,6,22,[6 2],7,15,37,8,8
1,<environment.Job instance at 0x7f0cae3d6d70>,15,17,[4 7],16,22,39,6,22
1,<environment.Job instance at 0x7f0cae3d8460>,21,15,[9 3],22,39,54,17,25
1,<environment.Job instance at 0x7f0cae3d1640>,23,17,[5 5],24,54,71,30,42
1,<environment.Job instance at 0x7f0cae3fdd70>,27,12,[5 5],28,54,66,26,42
1,<environment.Job instance at 0x7f0cae358c30>,34,15,[4 7],35,71,86,36,60
1,<environment.Job instance at 0x7f0cae362e10>,39,14,[2 5],40,86,100,46,71
1,<environment.Job instance at 0x7f0cae378b40>,44,2,[6 4],45,86,88,41,84
1,<environment.Job instance at 0x7f0cae3ba730>,25,25,[3 5],26,88,113,62,86
1,<environment.Job instance at 0x7f0cae378a50>,49,1,[9 4],50,113,114,63,94
1,<environment.Job instance at 0x7f0cf1bae280>,55,18,[4 5],56,114,132,58,108
1,<environment.Job instance at 0x7f0cae348500>,59,13,[8 2],60,132,145,72,116
1,<environment.Job instance at 0x7f0cadc5a960>,3,12,[1 9],4,4,16,0,4
1,<environment.Job instance at 0x7f0cf66004b0>,8,3,[1 9],9,16,19,7,12
1,<environment.Job instance at 0x7f0cadc5a640>,4,26,[3 6],5,19,45,14,16
1,<environment.Job instance at 0x7f0cf6520550>,16,3,[5 1],17,27,30,10,27
1,<environment.Job instance at 0x7f0cf1b86280>,18,3,[7 1],19,39,42,20,39
1,<environment.Job instance at 0x7f0cf61ba190>,19,14,[8 3],20,45,59,25,39
1,<environment.Job instance at 0x7f0cf61ba460>,20,1,[4 7],21,59,60,38,39
1,<environment.Job instance at 0x7f0cadc5ba50>,21,13,[10  5],22,60,73,38,48
1,<environment.Job instance at 0x7f0cf6600370>,9,16,[2 8],10,73,89,63,63
1,<environment.Job instance at 0x7f0cadf7e8c0>,27,16,[6 2],28,73,89,45,64
1,<environment.Job instance at 0x7f0cf1b77690>,32,15,[9 2],33,89,104,56,75
1,<environment.Job instance at 0x7f0cf6586b90>,29,13,[8 3],30,104,117,74,92
1,<environment.Job instance at 0x7f0cadc067d0>,46,13,[4 7],47,117,130,70,102
1,<environment.Job instance at 0x7f0cadd52410>,53,14,[4 8],54,130,144,76,115
1,<environment.Job instance at 0x7f0cadd52640>,55,1,[2 9],56,144,145,88,119
1,<environment.Job instance at 0x7f0cadd5e1e0>,1,15,[6 5],2,2,17,0,2
1,<environment.Job instance at 0x7f0cade4d640>,8,18,[3 6],9,17,35,8,9
1,<environment.Job instance at 0x7f0cade4df00>,16,12,[1 7],17,35,47,18,21
1,<environment.Job instance at 0x7f0cf62340a0>,21,13,[5 2],22,28,41,6,28
1,<environment.Job instance at 0x7f0cf6234d20>,26,12,[9 4],27,47,59,20,32
1,<environment.Job instance at 0x7f0cf6234dc0>,27,2,[2 8],28,59,61,31,32
1,<environment.Job instance at 0x7f0cf6234fa0>,34,12,[6 5],35,61,73,26,46
1,<environment.Job instance at 0x7f0cae02e370>,44,17,[8 4],45,73,90,28,61
1,<environment.Job instance at 0x7f0cf20a07d0>,51,21,[6 2],52,104,125,52,104
1,<environment.Job instance at 0x7f0cae1f4500>,59,1,[10  3],60,125,126,65,110
1,<environment.Job instance at 0x7f0cae1f4eb0>,61,3,[5 9],62,126,129,64,115
1,<environment.Job instance at 0x7f0cae1f42d0>,64,13,[3 9],65,129,142,64,116
1,<environment.Job instance at 0x7f0cf8b8f500>,0,15,[10  2],1,1,16,0,1
1,<environment.Job instance at 0x7f0cae4ccdc0>,20,12,[ 5 10],21,23,35,2,23
1,<environment.Job instance at 0x7f0cae4ccc80>,22,1,[4 9],23,35,36,12,33
1,<environment.Job instance at 0x7f0cf1cb57d0>,23,15,[5 6],24,36,51,12,33
1,<environment.Job instance at 0x7f0cae4cc780>,18,12,[10  5],19,51,63,32,48
1,<environment.Job instance at 0x7f0cf2055410>,28,18,[4 6],29,63,81,34,54
1,<environment.Job instance at 0x7f0cf2055d70>,32,18,[6 2],33,63,81,30,60
1,<environment.Job instance at 0x7f0cf1aa3190>,35,14,[9 3],36,81,95,45,68
1,<environment.Job instance at 0x7f0cf1aa3730>,38,17,[5 6],39,95,112,56,83
1,<environment.Job instance at 0x7f0cf1912a50>,4,13,[9 5],5,112,125,107,107
1,<environment.Job instance at 0x7f0cf20554b0>,27,18,[5 3],28,125,143,97,119
1,<environment.Job instance at 0x7fb33ecb20f0>,1,18,[4 6],2,2,20,0,2
1,<environment.Job instance at 0x7fb3378a28c0>,11,1,[3 9],12,20,21,8,12
1,<environment.Job instance at 0x7fb3378a2dc0>,15,16,[9 1],16,21,37,5,16
1,<environment.Job instance at 0x7fb3378a6c30>,27,14,[ 1 10],28,37,51,9,28
1,<environment.Job instance at 0x7fb3378a6820>,25,15,[9 2],26,51,66,25,38
1,<environment.Job instance at 0x7fb3378a6190>,19,18,[8 2],20,66,84,46,62
1,<environment.Job instance at 0x7fb3378a3730>,42,1,[5 5],43,84,85,41,72
1,<environment.Job instance at 0x7fb3378a3960>,43,14,[5 6],44,85,99,41,72
1,<environment.Job instance at 0x7fb3378a3c80>,51,18,[9 2],52,100,118,48,100
1,<environment.Job instance at 0x7fb3378a9370>,55,13,[ 5 10],56,118,131,62,118
1,<environment.Job instance at 0x7fb3378a9410>,56,12,[9 5],57,131,143,74,118
1,<environment.Job instance at 0x7fb3378a9500>,1,1,[7 3],2,2,3,0,2
1,<environment.Job instance at 0x7fb33ee21e10>,7,18,[1 8],8,8,26,0,8
1,<environment.Job instance at 0x7fb33ee28dc0>,12,13,[10  4],13,26,39,13,16
1,<environment.Job instance at 0x7fb33ee1f730>,18,15,[4 9],19,39,54,20,26
1,<environment.Job instance at 0x7fb33ee26780>,23,16,[2 7],24,54,70,30,50
1,<environment.Job instance at 0x7fb33ee26be0>,27,13,[7 4],28,70,83,42,56
1,<environment.Job instance at 0x7fb33ecdb9b0>,34,2,[4 6],35,83,85,48,66
1,<environment.Job instance at 0x7fb33ecdb0f0>,35,2,[6 2],36,66,68,30,66
1,<environment.Job instance at 0x7fb33ecdb140>,36,1,[4 8],37,85,86,48,67
1,<environment.Job instance at 0x7fb33ecdb5f0>,37,13,[ 4 10],38,86,99,48,70
1,<environment.Job instance at 0x7fb33ecdbe60>,40,12,[8 4],41,99,111,58,86
1,<environment.Job instance at 0x7fb33ecdb370>,45,17,[10  3],46,111,128,65,100
1,<environment.Job instance at 0x7fb33ee23eb0>,5,18,[6 2],6,128,146,122,117
1,<environment.Job instance at 0x7fb2f3c38cd0>,0,26,[3 9],1,28,54,27,28
1,<environment.Job instance at 0x7fb2f3bcc410>,17,3,[4 7],18,54,57,36,28
1,<environment.Job instance at 0x7fb337672b40>,24,13,[6 3],25,54,67,29,39
1,<environment.Job instance at 0x7fb2f3be9190>,33,14,[4 6],34,57,71,23,49
1,<environment.Job instance at 0x7fb337609b40>,29,1,[7 3],30,71,72,41,57
1,<environment.Job instance at 0x7fb337674fa0>,36,17,[5 5],37,72,89,35,61
1,<environment.Job instance at 0x7fb2f3b37cd0>,14,14,[9 4],15,89,103,74,85
1,<environment.Job instance at 0x7fb2f3ba3910>,46,14,[2 8],47,103,117,56,88
1,<environment.Job instance at 0x7fb2f3ba7cd0>,51,16,[1 5],52,117,133,65,104
1,<environment.Job instance at 0x7fb337b0be60>,52,16,[8 2],53,104,120,51,104
1,<environment.Job instance at 0x7fb33c08ad20>,0,17,[10  5],1,1,18,0,1
1,<environment.Job instance at 0x7fb33789b2d0>,16,18,[8 1],17,18,36,1,17
1,<environment.Job instance at 0x7fb3378db550>,18,2,[5 9],19,36,38,17,19
1,<environment.Job instance at 0x7fb3379b3370>,19,14,[1 8],20,21,35,1,21
1,<environment.Job instance at 0x7fb2f417bb40>,23,16,[4 8],24,38,54,14,36
1,<environment.Job instance at 0x7fb337b2cb90>,9,17,[9 5],10,54,71,44,45
1,<environment.Job instance at 0x7fb2f3c81870>,29,25,[6 5],30,71,96,41,67
1,<environment.Job instance at 0x7fb2f3bccdc0>,32,18,[8 3],33,96,114,63,87
1,<environment.Job instance at 0x7fb2f407cf50>,55,15,[2 8],56,125,140,69,125
1,<environment.Job instance at 0x7fb2f3c83e60>,59,16,[8 4],60,140,156,80,127
1,<environment.Job instance at 0x7fb2f3c83780>,1,17,[7 2],2,2,19,0,2
1,<environment.Job instance at 0x7fb33768f190>,4,15,[2 9],5,19,34,14,6
1,<environment.Job instance at 0x7fb2f403b500>,10,14,[8 5],11,34,48,23,22
1,<environment.Job instance at 0x7fb3377184b0>,30,23,[6 4],31,48,71,17,43
1,<environment.Job instance at 0x7fb3377189b0>,32,3,[6 1],33,71,74,38,47
1,<environment.Job instance at 0x7fb337718c80>,34,17,[5 5],35,74,91,39,62
1,<environment.Job instance at 0x7fb3377220a0>,43,3,[2 9],44,91,94,47,76
1,<environment.Job instance at 0x7fb337722e60>,44,15,[5 9],45,94,109,49,80
1,<environment.Job instance at 0x7fb337722960>,47,12,[2 7],48,109,121,61,95
1,<environment.Job instance at 0x7fb33770e050>,52,17,[1 6],53,121,138,68,109
1,<environment.Job instance at 0x7fb33772ad20>,54,14,[1 8],55,138,152,83,123
1,<environment.Job instance at 0x7fb33c25ceb0>,0,14,[3 5],1,1,15,0,1
1,<environment.Job instance at 0x7fb33c340d20>,3,17,[8 5],4,15,32,11,11
1,<environment.Job instance at 0x7fb337760410>,12,13,[1 6],13,32,45,19,16
1,<environment.Job instance at 0x7fb337760500>,18,1,[9 1],19,32,33,13,29
1,<environment.Job instance at 0x7fb337760eb0>,16,16,[10  3],17,45,61,28,33
1,<environment.Job instance at 0x7fb2f3fe2690>,26,17,[5 2],27,61,78,34,55
1,<environment.Job instance at 0x7fb33c3409b0>,10,17,[ 2 10],11,78,95,67,71
1,<environment.Job instance at 0x7fb2f3fe2eb0>,34,22,[5 2],35,95,117,60,89
1,<environment.Job instance at 0x7fb33c340eb0>,8,15,[4 7],9,105,120,96,105
1,<environment.Job instance at 0x7fb2f3fe2960>,32,16,[2 9],33,120,136,87,110
1,<environment.Job instance at 0x7fb2f3fe2280>,40,18,[7 4],41,136,154,95,125
1,<environment.Job instance at 0x7fb33792d3c0>,1,13,[6 4],2,2,15,0,2
1,<environment.Job instance at 0x7fb337cbbc80>,7,16,[9 4],8,15,31,7,9
1,<environment.Job instance at 0x7fb337bfc1e0>,17,16,[1 5],18,19,35,1,19
1,<environment.Job instance at 0x7fb337b67fa0>,14,18,[8 4],15,31,49,16,21
1,<environment.Job instance at 0x7fb3377da7d0>,28,2,[2 7],29,49,51,20,41
1,<environment.Job instance at 0x7fb3377daaa0>,30,13,[2 9],31,67,80,36,67
1,<environment.Job instance at 0x7fb337bfc5f0>,18,15,[ 1 10],19,80,95,61,70
1,<environment.Job instance at 0x7fb33becacd0>,43,14,[5 8],44,95,109,51,88
1,<environment.Job instance at 0x7fb33bf5ed20>,45,16,[8 5],46,109,125,63,101
1,<environment.Job instance at 0x7fb337b6cc80>,50,14,[3 7],51,127,141,76,127
1,<environment.Job instance at 0x7fb3377c5140>,1,1,[2 5],2,2,3,0,2
1,<environment.Job instance at 0x7fb3377cf2d0>,3,15,[3 7],4,4,19,0,4
1,<environment.Job instance at 0x7fb337683280>,10,17,[5 4],11,19,36,8,18
1,<environment.Job instance at 0x7fb337683c30>,19,13,[ 1 10],20,36,49,16,20
1,<environment.Job instance at 0x7fb3376865f0>,27,1,[8 4],28,49,50,21,35
1,<environment.Job instance at 0x7fb337686370>,24,20,[5 8],25,50,70,25,44
1,<environment.Job instance at 0x7fb337686460>,30,14,[4 8],31,70,84,39,55
1,<environment.Job instance at 0x7fb337686dc0>,37,16,[1 8],38,84,100,46,71
1,<environment.Job instance at 0x7fb33767b050>,40,19,[6 1],41,84,103,43,84
1,<environment.Job instance at 0x7fb33767b0a0>,41,15,[5 5],42,103,118,61,91
1,<environment.Job instance at 0x7fb33767bd20>,56,15,[9 5],57,118,133,61,113
1,<environment.Job instance at 0x7fb33767be60>,58,14,[ 5 10],59,133,147,74,118
1,<environment.Job instance at 0x7fb2f3c7f1e0>,0,14,[2 6],1,1,15,0,1
1,<environment.Job instance at 0x7fb3377d4fa0>,14,16,[5 9],15,15,31,0,15
1,<environment.Job instance at 0x7fb3377d4cd0>,17,18,[8 5],18,33,51,15,33
1,<environment.Job instance at 0x7fb33c52b460>,26,1,[5 6],27,51,52,24,38
1,<environment.Job instance at 0x7fb2f3f5b0a0>,31,2,[3 6],32,52,54,20,40
1,<environment.Job instance at 0x7fb33c5bf870>,27,19,[9 3],28,54,73,26,44
1,<environment.Job instance at 0x7fb33be87460>,41,14,[4 8],42,73,87,31,61
1,<environment.Job instance at 0x7fb2f3f0f6e0>,47,15,[5 9],48,87,102,39,74
1,<environment.Job instance at 0x7fb337c06280>,48,15,[4 5],49,102,117,53,88
1,<environment.Job instance at 0x7fb33c5bf3c0>,28,15,[5 5],29,102,117,73,93
1,<environment.Job instance at 0x7fb3379c3230>,52,12,[5 4],53,117,129,64,102
1,<environment.Job instance at 0x7fb3379c3d70>,62,1,[8 5],63,129,130,66,107
1,<environment.Job instance at 0x7fb33c156dc0>,63,2,[9 3],64,130,132,66,112
1,<environment.Job instance at 0x7fb33c1564b0>,69,2,[5 5],70,123,125,53,123
1,<environment.Job instance at 0x7fb33c156640>,70,17,[7 2],71,132,149,61,123
1,<environment.Job instance at 0x7fb33ea32f00>,3,2,[ 1 10],4,4,6,0,4
1,<environment.Job instance at 0x7fb2f40898c0>,5,21,[6 4],6,6,27,0,6
1,<environment.Job instance at 0x7fb2f405e500>,11,16,[ 1 10],12,27,43,15,17
1,<environment.Job instance at 0x7fb2f4089e60>,7,18,[8 2],8,43,61,35,34
1,<environment.Job instance at 0x7fb33bf2e8c0>,32,12,[1 6],33,50,62,17,50
1,<environment.Job instance at 0x7fb2f4175e60>,34,3,[7 2],35,61,64,26,55
1,<environment.Job instance at 0x7fb33bf2e410>,33,17,[8 4],34,64,81,30,55
1,<environment.Job instance at 0x7fb3377673c0>,46,14,[1 6],47,66,80,19,66
1,<environment.Job instance at 0x7fb2f3ef1af0>,17,17,[5 8],18,81,98,63,70
1,<environment.Job instance at 0x7fb337d58d70>,54,14,[9 5],55,98,112,43,83
1,<environment.Job instance at 0x7fb337b74a00>,63,1,[5 7],64,113,114,49,113
1,<environment.Job instance at 0x7fb337b742d0>,65,16,[2 9],66,114,130,48,113
1,<environment.Job instance at 0x7fb2f3d49aa0>,66,12,[5 7],67,130,142,63,119
1,<environment.Job instance at 0x7fb337822f00>,2,2,[10  3],3,3,5,0,3
1,<environment.Job instance at 0x7fb33c0b6910>,3,27,[8 2],4,8,35,4,8
1,<environment.Job instance at 0x7fb337bda1e0>,17,28,[1 5],18,18,46,0,18
1,<environment.Job instance at 0x7fb337bda4b0>,19,13,[8 1],20,35,48,15,24
1,<environment.Job instance at 0x7fb337bdaeb0>,28,14,[10  2],29,48,62,19,33
1,<environment.Job instance at 0x7fb337bda9b0>,23,13,[5 5],24,62,75,38,48
1,<environment.Job instance at 0x7fb337be7aa0>,41,17,[9 4],42,75,92,33,63
1,<environment.Job instance at 0x7fb337beb460>,48,14,[5 3],49,92,106,43,77
1,<environment.Job instance at 0x7fb337be75a0>,38,13,[2 6],39,92,105,53,79
1,<environment.Job instance at 0x7fb337beb550>,52,2,[ 4 10],53,106,108,53,89
1,<environment.Job instance at 0x7fb337beb5f0>,53,18,[3 6],54,108,126,54,97
1,<environment.Job instance at 0x7fb337bebc30>,60,1,[3 9],61,126,127,65,115
1,<environment.Job instance at 0x7fb337bebcd0>,61,1,[6 3],62,115,116,53,115
1,<environment.Job instance at 0x7fb337beb9b0>,63,3,[3 7],64,127,130,63,127
1,<environment.Job instance at 0x7fb337bebfa0>,65,3,[6 2],66,127,130,61,127
1,<environment.Job instance at 0x7fb337c0eaa0>,0,16,[4 7],1,1,17,0,1
1,<environment.Job instance at 0x7fb33784c0f0>,5,13,[5 6],6,17,30,11,6
1,<environment.Job instance at 0x7fb2f414ef50>,14,18,[4 7],15,30,48,15,19
1,<environment.Job instance at 0x7fb3376a2870>,9,15,[ 3 10],10,48,63,38,36
1,<environment.Job instance at 0x7fb337c5ff00>,21,12,[1 9],22,63,75,41,48
1,<environment.Job instance at 0x7fb2f4175be0>,29,14,[2 6],30,75,89,45,60
1,<environment.Job instance at 0x7fb2f3cd9320>,19,14,[1 9],20,89,103,69,80
1,<environment.Job instance at 0x7fb33c446230>,37,15,[ 1 10],38,103,118,65,90
1,<environment.Job instance at 0x7fb33c00cbe0>,42,17,[6 4],43,118,135,75,108
1,<environment.Job instance at 0x7fb337c9ec80>,52,15,[9 4],53,135,150,82,125
1,<environment.Job instance at 0x7fb337c9efa0>,1,18,[4 6],2,2,20,0,2
1,<environment.Job instance at 0x7fb33c39e5f0>,6,15,[4 9],7,20,35,13,7
1,<environment.Job instance at 0x7fb337ceb280>,15,1,[3 9],16,35,36,19,16
1,<environment.Job instance at 0x7fb337ceb460>,14,17,[1 5],15,36,53,21,27
1,<environment.Job instance at 0x7fb2f3c85050>,20,17,[6 2],21,36,53,15,27
1,<environment.Job instance at 0x7fb2f3c85280>,23,14,[1 9],24,53,67,29,39
1,<environment.Job instance at 0x7fb33ebae820>,30,15,[5 3],31,67,82,36,53
1,<environment.Job instance at 0x7fb337b72820>,35,15,[5 5],36,67,82,31,53
1,<environment.Job instance at 0x7fb2f3d2daf0>,38,17,[5 1],39,82,99,43,70
1,<environment.Job instance at 0x7fb2f3c85640>,25,18,[1 9],26,82,100,56,75
1,<environment.Job instance at 0x7fb2f3d2d410>,45,18,[6 1],46,99,117,53,88
1,<environment.Job instance at 0x7fb2f3d2df50>,40,15,[6 1],41,117,132,76,114
1,<environment.Job instance at 0x7fb2f3f694b0>,60,17,[3 6],61,117,134,56,117
1,<environment.Job instance at 0x7fb2f3c85aa0>,24,20,[9 4],25,134,154,109,126
1,<environment.Job instance at 0x7fb33c1d8190>,3,12,[6 1],4,4,16,0,4
1,<environment.Job instance at 0x7fb33c5901e0>,12,2,[6 5],13,16,18,3,14
1,<environment.Job instance at 0x7fb33c56fb40>,16,3,[1 6],17,18,21,1,17
1,<environment.Job instance at 0x7fb33c590690>,10,16,[4 5],11,21,37,10,17
1,<environment.Job instance at 0x7fb33c589050>,17,25,[7 3],18,37,62,19,33
1,<environment.Job instance at 0x7fb337637910>,24,1,[4 5],25,62,63,37,38
1,<environment.Job instance at 0x7fb33762d7d0>,30,3,[8 5],31,63,66,32,48
1,<environment.Job instance at 0x7fb2f3db9b40>,33,12,[10  2],34,66,78,32,55
1,<environment.Job instance at 0x7fb3377de910>,34,13,[4 6],35,78,91,43,62
1,<environment.Job instance at 0x7fb3377de0a0>,38,1,[3 5],39,91,92,52,68
1,<environment.Job instance at 0x7fb33c082780>,40,18,[1 6],41,92,110,51,81
1,<environment.Job instance at 0x7fb33c590410>,11,21,[6 3],12,95,116,83,95
1,<environment.Job instance at 0x7fb33c160dc0>,45,12,[2 6],46,110,122,64,101
1,<environment.Job instance at 0x7fb3376fd0f0>,49,15,[8 3],50,116,131,66,102
1,<environment.Job instance at 0x7fb33c590050>,15,23,[1 7],16,122,145,106,118
1,<environment.Job instance at 0x7fb2f3f4b0f0>,59,1,[4 8],60,145,146,85,128
1,<environment.Job instance at 0x7fb2f3974b40>,0,17,[4 8],1,1,18,0,1
1,<environment.Job instance at 0x7fb2f3d03910>,18,13,[5 8],19,20,33,1,20
1,<environment.Job instance at 0x7fb33c3c2f00>,20,16,[9 1],21,33,49,12,23
1,<environment.Job instance at 0x7fb3379909b0>,21,3,[1 9],22,33,36,11,26
1,<environment.Job instance at 0x7fb33c1b9f00>,14,14,[1 9],15,36,50,21,28
1,<environment.Job instance at 0x7fb2f3c2da50>,28,3,[3 8],29,50,53,21,39
1,<environment.Job instance at 0x7fb2f3c2d0f0>,29,2,[5 1],30,49,51,19,39
1,<environment.Job instance at 0x7fb2f3c2d9b0>,30,12,[4 7],31,53,65,22,39
1,<environment.Job instance at 0x7fb33bfdceb0>,39,12,[3 9],40,65,77,25,53
1,<environment.Job instance at 0x7fb337ccd5a0>,22,15,[7 1],23,65,80,42,56
1,<environment.Job instance at 0x7fb337cbd870>,46,1,[2 7],47,77,78,30,68
1,<environment.Job instance at 0x7fb337cbdf50>,47,2,[5 5],48,80,82,32,68
1,<environment.Job instance at 0x7fb3378f9050>,49,18,[ 4 10],50,82,100,32,72
1,<environment.Job instance at 0x7fb33c024e60>,19,17,[8 5],20,100,117,80,88
1,<environment.Job instance at 0x7fb33c1fcd70>,42,14,[7 2],43,117,131,74,113
1,<environment.Job instance at 0x7fb33bfdcdc0>,41,20,[3 8],42,117,137,75,116
1,<environment.Job instance at 0x7fb2f4152aa0>,66,13,[3 7],67,137,150,70,128
1,<environment.Job instance at 0x7fb337ca7e10>,0,3,[1 7],1,1,4,0,1
1,<environment.Job instance at 0x7fb337ca7550>,2,12,[6 5],3,4,16,1,3
1,<environment.Job instance at 0x7fb2f38f2f00>,9,14,[2 5],10,10,24,0,10
1,<environment.Job instance at 0x7fb2f38f2320>,16,14,[2 7],17,24,38,7,20
1,<environment.Job instance at 0x7fb2f38f26e0>,17,2,[5 8],18,38,40,20,24
1,<environment.Job instance at 0x7fb2f3c88eb0>,23,17,[8 1],24,40,57,16,28
1,<environment.Job instance at 0x7fb2f3c88b90>,25,18,[4 5],26,57,75,31,46
1,<environment.Job instance at 0x7fb2f3c882d0>,28,15,[7 5],29,75,90,46,61
1,<environment.Job instance at 0x7fb2f3c88280>,35,21,[9 2],36,90,111,54,82
1,<environment.Job instance at 0x7fb2f3c88780>,41,13,[1 8],42,102,115,60,102
1,<environment.Job instance at 0x7fb2f3833640>,42,14,[8 3],43,115,129,72,102
1,<environment.Job instance at 0x7fb2f38f2050>,18,16,[8 1],19,129,145,110,116
1,<environment.Job instance at 0x7fb33bfc1370>,1,12,[5 4],2,2,14,0,2
1,<environment.Job instance at 0x7fb2f3c3ff00>,6,13,[4 7],7,14,27,7,9
1,<environment.Job instance at 0x7fb2f3c2ffa0>,13,14,[4 8],14,27,41,13,14
1,<environment.Job instance at 0x7fb2f3c2ebe0>,23,12,[6 4],24,41,53,17,28
1,<environment.Job instance at 0x7fb2f3c5a5a0>,8,18,[9 5],9,53,71,44,50
1,<environment.Job instance at 0x7fb2f3e22d20>,29,2,[10  4],30,71,73,41,60
1,<environment.Job instance at 0x7fb2f3f2c3c0>,35,1,[7 2],36,73,74,37,60
1,<environment.Job instance at 0x7fb2f403acd0>,37,15,[7 1],38,74,89,36,63
1,<environment.Job instance at 0x7fb2f3833870>,36,3,[ 1 10],37,89,92,52,65
1,<environment.Job instance at 0x7fb33c2f8aa0>,41,13,[5 8],42,92,105,50,76
1,<environment.Job instance at 0x7fb33c2f8500>,44,12,[5 4],45,105,117,60,88
1,<environment.Job instance at 0x7fb33c2f46e0>,51,22,[4 5],52,105,127,53,100
1,<environment.Job instance at 0x7fb337756140>,53,18,[1 5],54,117,135,63,107
1,<environment.Job instance at 0x7fb337756280>,58,12,[8 5],59,127,139,68,110
1,<environment.Job instance at 0x7fb337756a00>,59,19,[9 5],60,139,158,79,129
1,<environment.Job instance at 0x7fb3378f9a00>,0,3,[2 7],1,1,4,0,1
1,<environment.Job instance at 0x7fb33c247e60>,2,2,[8 5],3,4,6,1,3
1,<environment.Job instance at 0x7fb2f3a64410>,3,12,[6 1],4,6,18,2,6
1,<environment.Job instance at 0x7fb337cbd870>,12,12,[2 8],13,13,25,0,13
1,<environment.Job instance at 0x7fb2f3ef75f0>,14,13,[3 9],15,25,38,10,15
1,<environment.Job instance at 0x7fb2f4171a00>,19,1,[ 4 10],20,38,39,18,25
1,<environment.Job instance at 0x7fb33c23c230>,23,16,[2 8],24,39,55,15,26
1,<environment.Job instance at 0x7fb2f40020f0>,27,12,[4 6],28,55,67,27,39
1,<environment.Job instance at 0x7fb2f4171140>,18,15,[5 9],19,67,82,48,54
1,<environment.Job instance at 0x7fb33c5578c0>,37,12,[5 4],38,82,94,44,65
1,<environment.Job instance at 0x7fb2f4002640>,26,18,[5 5],27,82,100,55,79
1,<environment.Job instance at 0x7fb33c53b5a0>,49,13,[1 5],50,98,111,48,98
1,<environment.Job instance at 0x7fb33c53b9b0>,43,2,[1 7],44,111,113,67,99
1,<environment.Job instance at 0x7fb33bf734b0>,53,13,[9 3],54,100,113,46,99
1,<environment.Job instance at 0x7fb33bf10be0>,55,16,[4 9],56,113,129,57,100
1,<environment.Job instance at 0x7fb2f383c500>,59,16,[5 3],60,129,145,69,119
1,<environment.Job instance at 0x7fb33bf985f0>,65,15,[5 3],66,129,144,63,127
1,<environment.Job instance at 0x7fb2f3832050>,0,13,[5 9],1,1,14,0,1
1,<environment.Job instance at 0x7fb2f3832dc0>,3,17,[3 6],4,14,31,10,6
1,<environment.Job instance at 0x7fb2f3da7500>,15,18,[6 3],16,23,41,7,23
1,<environment.Job instance at 0x7fb2f3da7d20>,10,18,[9 1],11,41,59,30,30
1,<environment.Job instance at 0x7fb2f41a6af0>,26,2,[10  1],27,59,61,32,33
1,<environment.Job instance at 0x7fb2f41a6fa0>,29,2,[7 4],30,61,63,31,47
1,<environment.Job instance at 0x7fb2f41a6960>,20,14,[4 7],21,63,77,42,48
1,<environment.Job instance at 0x7fb2f3ada8c0>,37,17,[1 8],38,77,94,39,69
1,<environment.Job instance at 0x7fb2f3da7dc0>,12,15,[9 4],13,94,109,81,84
1,<environment.Job instance at 0x7fb33bde0690>,55,15,[3 8],56,109,124,53,99
1,<environment.Job instance at 0x7fb33bde0190>,62,14,[6 1],63,116,130,53,116
1,<environment.Job instance at 0x7fb2f4198e60>,1,1,[7 5],2,2,3,0,2
1,<environment.Job instance at 0x7fb33c463820>,4,2,[ 5 10],5,5,7,0,5
1,<environment.Job instance at 0x7fb2f3b11780>,7,2,[2 6],8,8,10,0,8
1,<environment.Job instance at 0x7fb2f3b11b40>,8,13,[ 2 10],9,10,23,1,9
1,<environment.Job instance at 0x7fb2f3ef8f50>,11,17,[10  5],12,23,40,11,16
1,<environment.Job instance at 0x7fb2f3b11dc0>,15,14,[2 5],16,40,54,24,28
1,<environment.Job instance at 0x7fb2f3b118c0>,13,12,[3 8],14,54,66,40,38
1,<environment.Job instance at 0x7fb2f3afdeb0>,24,17,[8 3],25,66,83,41,58
1,<environment.Job instance at 0x7fb2f37b8550>,28,20,[7 1],29,83,103,54,81
1,<environment.Job instance at 0x7fb2f37d31e0>,32,28,[1 5],33,95,123,62,95
1,<environment.Job instance at 0x7fb2f4002aa0>,41,15,[8 4],42,110,125,68,110
1,<environment.Job instance at 0x7fb2f37d3f50>,31,16,[8 2],32,125,141,93,114
1,<environment.Job instance at 0x7f3efb494780>,1,18,[4 6],2,2,20,0,2
1,<environment.Job instance at 0x7f3ef4041460>,5,2,[3 6],6,20,22,14,6
1,<environment.Job instance at 0x7f3ef4041dc0>,15,16,[9 1],16,22,38,6,20
1,<environment.Job instance at 0x7f3ef4045460>,21,2,[10  2],22,38,40,16,29
1,<environment.Job instance at 0x7f3ef4045050>,18,16,[5 6],19,40,56,21,30
1,<environment.Job instance at 0x7f3ef40456e0>,23,1,[8 3],24,56,57,32,45
1,<environment.Job instance at 0x7f3ef4045b40>,31,13,[6 4],32,57,70,25,45
1,<environment.Job instance at 0x7f3ef4045fa0>,32,16,[9 1],33,70,86,37,58
1,<environment.Job instance at 0x7f3ef4046280>,37,20,[6 3],38,86,106,48,77
1,<environment.Job instance at 0x7f3ef4046c30>,47,3,[7 2],48,106,109,58,86
1,<environment.Job instance at 0x7f3ef4045be0>,30,17,[2 5],31,98,115,67,98
1,<environment.Job instance at 0x7f3ef4046f50>,53,17,[9 2],54,115,132,61,104
1,<environment.Job instance at 0x7f3ef4046d20>,50,14,[9 4],51,132,146,81,118
1,<environment.Job instance at 0x7f3ef40595f0>,1,3,[6 3],2,2,5,0,2
1,<environment.Job instance at 0x7f3efb5b9c80>,4,18,[6 4],5,5,23,0,5
1,<environment.Job instance at 0x7f3efb5c7190>,6,18,[3 6],7,9,27,2,9
1,<environment.Job instance at 0x7f3efb5b7be0>,9,18,[ 4 10],10,27,45,17,16
1,<environment.Job instance at 0x7f3efb5c6370>,20,17,[8 5],21,45,62,24,33
1,<environment.Job instance at 0x7f3efb5bda00>,28,18,[3 8],29,62,80,33,54
1,<environment.Job instance at 0x7f3efb5c6e60>,19,14,[ 5 10],20,80,94,60,65
1,<environment.Job instance at 0x7f3efb5c1b40>,39,13,[8 3],40,94,107,54,78
1,<environment.Job instance at 0x7f3efb5c1320>,42,12,[ 1 10],43,107,119,64,95
1,<environment.Job instance at 0x7f3efb5c1e60>,40,22,[6 5],41,119,141,78,117
1,<environment.Job instance at 0x7f3efb5c17d0>,45,18,[ 5 10],46,141,159,95,135
1,<environment.Job instance at 0x7f3eb0292050>,1,17,[5 7],2,2,19,0,2
1,<environment.Job instance at 0x7f3eb02e6cd0>,13,14,[4 6],14,19,33,5,17
1,<environment.Job instance at 0x7f3ef427c3c0>,22,15,[6 1],23,23,38,0,23
1,<environment.Job instance at 0x7f3eb02f90a0>,26,14,[2 8],27,33,47,6,30
1,<environment.Job instance at 0x7f3ef3ed4be0>,24,18,[5 9],25,47,65,22,36
1,<environment.Job instance at 0x7f3ef423c0a0>,16,17,[5 5],17,65,82,48,56
1,<environment.Job instance at 0x7f3eb02a5730>,40,17,[5 7],41,82,99,41,70
1,<environment.Job instance at 0x7f3eb02a54b0>,38,13,[5 6],39,99,112,60,83
1,<environment.Job instance at 0x7f3eb047a050>,21,16,[8 1],22,112,128,90,102
1,<environment.Job instance at 0x7f3ef3ea18c0>,66,14,[5 5],67,128,142,61,113
1,<environment.Job instance at 0x7f3ef3e15be0>,62,2,[1 8],63,122,124,59,122
1,<environment.Job instance at 0x7f3eb0445960>,73,3,[1 9],74,142,145,68,126
1,<environment.Job instance at 0x7f3eb04455f0>,1,14,[ 1 10],2,2,16,0,2
1,<environment.Job instance at 0x7f3ef402c460>,10,13,[4 5],11,16,29,5,11
1,<environment.Job instance at 0x7f3ef407a640>,12,13,[6 3],13,16,29,3,13
1,<environment.Job instance at 0x7f3ef4162dc0>,13,18,[9 1],14,29,47,15,20
1,<environment.Job instance at 0x7f3ef3e91280>,26,2,[8 4],27,47,49,20,33
1,<environment.Job instance at 0x7f3ef3e91f00>,27,1,[7 2],28,49,50,21,33
1,<environment.Job instance at 0x7f3eb041d9b0>,24,14,[2 7],25,49,63,24,41
1,<environment.Job instance at 0x7f3ef3e91230>,31,19,[4 9],32,63,82,31,53
1,<environment.Job instance at 0x7f3eb078b050>,38,2,[6 2],39,82,84,43,62
1,<environment.Job instance at 0x7f3eb078b780>,39,3,[ 1 10],40,84,87,44,62
1,<environment.Job instance at 0x7f3eb078b3c0>,40,1,[9 2],41,87,88,46,62
1,<environment.Job instance at 0x7f3eb091dd70>,41,1,[1 9],42,88,89,46,62
1,<environment.Job instance at 0x7f3eb081c410>,32,17,[5 7],33,89,106,56,77
1,<environment.Job instance at 0x7f3eb02cd410>,55,15,[10  4],56,106,121,50,97
1,<environment.Job instance at 0x7f3eb02cd0f0>,56,13,[7 3],57,121,134,64,105
1,<environment.Job instance at 0x7f3eb03ed820>,65,21,[9 1],66,134,155,68,130
1,<environment.Job instance at 0x7f3eb029f9b0>,4,15,[5 9],5,5,20,0,5
1,<environment.Job instance at 0x7f3ef3e66cd0>,6,16,[5 5],7,20,36,13,7
1,<environment.Job instance at 0x7f3ef3e4f140>,10,2,[6 4],11,36,38,25,12
1,<environment.Job instance at 0x7f3ef3e4fdc0>,21,18,[ 2 10],22,38,56,16,30
1,<environment.Job instance at 0x7f3ef3e3a280>,29,24,[9 3],30,56,80,26,52
1,<environment.Job instance at 0x7f3ef3e3ab40>,35,3,[6 5],36,80,83,44,65
1,<environment.Job instance at 0x7f3ef3e3ad20>,36,12,[ 2 10],37,83,95,46,66
1,<environment.Job instance at 0x7f3ef3e3a0f0>,25,13,[3 9],26,95,108,69,79
1,<environment.Job instance at 0x7f3eb024a5a0>,49,14,[10  5],50,108,122,58,93
1,<environment.Job instance at 0x7f3eb024c140>,62,19,[6 5],63,127,146,64,127
1,<environment.Job instance at 0x7f3ef43e1c80>,0,17,[4 9],1,1,18,0,1
1,<environment.Job instance at 0x7f3efa8723c0>,10,12,[8 3],11,18,30,7,11
1,<environment.Job instance at 0x7f3eb024c730>,2,2,[4 5],3,30,32,27,13
1,<environment.Job instance at 0x7f3efa8725a0>,15,2,[4 5],16,30,32,14,18
1,<environment.Job instance at 0x7f3ef43e1d20>,6,18,[5 5],7,32,50,25,22
1,<environment.Job instance at 0x7f3ef3ea0e60>,29,17,[5 2],30,32,49,2,30
1,<environment.Job instance at 0x7f3ef3ea1870>,12,18,[3 9],13,50,68,37,42
1,<environment.Job instance at 0x7f3ef4190500>,37,19,[5 1],38,57,76,19,57
1,<environment.Job instance at 0x7f3efb047d70>,34,18,[1 7],35,68,86,33,60
1,<environment.Job instance at 0x7f3ef40c7a50>,43,12,[9 2],44,76,88,32,66
1,<environment.Job instance at 0x7f3ef40c7460>,48,18,[3 7],49,88,106,39,77
1,<environment.Job instance at 0x7f3efa86fbe0>,57,12,[8 3],58,106,118,48,89
1,<environment.Job instance at 0x7f3efb047dc0>,32,21,[9 5],33,118,139,85,110
1,<environment.Job instance at 0x7f3ef410c1e0>,0,16,[3 7],1,1,17,0,1
1,<environment.Job instance at 0x7f3ef3e11690>,3,13,[6 3],4,4,17,0,4
1,<environment.Job instance at 0x7f3efb352af0>,7,18,[2 9],8,17,35,9,8
1,<environment.Job instance at 0x7f3eb06ff410>,15,2,[2 8],16,35,37,19,21
1,<environment.Job instance at 0x7f3eb0612b40>,18,18,[7 1],19,28,46,9,28
1,<environment.Job instance at 0x7f3eb06eef50>,13,14,[1 5],14,37,51,23,30
1,<environment.Job instance at 0x7f3eb04cce60>,22,19,[9 4],23,46,65,23,36
1,<environment.Job instance at 0x7f3eb05cd640>,31,14,[10  3],32,65,79,33,53
1,<environment.Job instance at 0x7f3eb04fd9b0>,38,12,[1 7],39,79,91,40,62
1,<environment.Job instance at 0x7f3eb04fd230>,43,16,[6 1],44,79,95,35,78
1,<environment.Job instance at 0x7f3eb06194b0>,23,18,[4 7],24,91,109,67,83
1,<environment.Job instance at 0x7f3efb341fa0>,46,16,[5 7],47,109,125,62,96
1,<environment.Job instance at 0x7f3eb0917730>,16,22,[4 8],17,125,147,108,119
1,<environment.Job instance at 0x7f3ef3f67f00>,54,14,[5 5],55,147,161,92,138
1,<environment.Job instance at 0x7f3efad76c80>,0,13,[5 9],1,1,14,0,1
1,<environment.Job instance at 0x7f3eb03e5500>,7,18,[4 5],8,14,32,6,8
1,<environment.Job instance at 0x7f3eb03ec320>,22,15,[9 1],23,33,48,10,33
1,<environment.Job instance at 0x7f3eb03ec7d0>,25,23,[ 4 10],26,48,71,22,43
1,<environment.Job instance at 0x7f3eb03ecdc0>,32,12,[7 3],33,71,83,38,56
1,<environment.Job instance at 0x7f3eb0404050>,37,13,[8 2],38,83,96,45,69
1,<environment.Job instance at 0x7f3eb04043c0>,39,13,[2 5],40,80,93,40,80
1,<environment.Job instance at 0x7f3eb04049b0>,43,3,[5 4],44,114,117,70,114
1,<environment.Job instance at 0x7f3eb04040a0>,44,18,[4 6],45,114,132,69,114
1,<environment.Job instance at 0x7f3eb03ecaa0>,29,16,[4 8],30,132,148,102,119
1,<environment.Job instance at 0x7f3eb0404e60>,52,12,[5 5],53,148,160,95,133
1,<environment.Job instance at 0x7f3eb03f9500>,1,3,[3 6],2,2,5,0,2
1,<environment.Job instance at 0x7f3ef4147e10>,3,17,[8 5],4,5,22,1,5
1,<environment.Job instance at 0x7f3ef4147cd0>,5,17,[4 9],6,22,39,16,13
1,<environment.Job instance at 0x7f3ef415e550>,13,14,[6 5],14,39,53,25,24
1,<environment.Job instance at 0x7f3ef4147550>,9,16,[5 5],10,53,69,43,46
1,<environment.Job instance at 0x7f3eb081b690>,12,15,[8 5],13,69,84,56,59
1,<environment.Job instance at 0x7f3efadb95a0>,35,17,[5 4],36,84,101,48,75
1,<environment.Job instance at 0x7f3ef3ef6c30>,42,3,[ 4 10],43,101,104,58,81
1,<environment.Job instance at 0x7f3ef3ef6fa0>,46,17,[6 1],47,104,121,57,97
1,<environment.Job instance at 0x7f3ef4141fa0>,51,3,[7 1],52,128,131,76,128
1,<environment.Job instance at 0x7f3efaafd550>,52,20,[7 4],53,131,151,78,128
1,<environment.Job instance at 0x7f3ef4188320>,0,18,[1 6],1,1,19,0,1
1,<environment.Job instance at 0x7f3ef4158a00>,7,15,[1 8],8,19,34,11,9
1,<environment.Job instance at 0x7f3efafa7b90>,3,12,[5 8],4,34,46,30,21
1,<environment.Job instance at 0x7f3efa8509b0>,28,17,[10  5],29,46,63,17,37
1,<environment.Job instance at 0x7f3efa84b550>,10,16,[5 6],11,63,79,52,52
1,<environment.Job instance at 0x7f3efa9143c0>,15,19,[5 4],16,67,86,51,67
1,<environment.Job instance at 0x7f3ef40f0550>,36,16,[5 6],37,79,95,42,69
1,<environment.Job instance at 0x7f3eb0495280>,19,17,[9 1],20,95,112,75,84
1,<environment.Job instance at 0x7f3ef3f90d70>,49,1,[4 9],50,112,113,62,110
1,<environment.Job instance at 0x7f3ef3f904b0>,50,1,[3 5],51,113,114,62,110
1,<environment.Job instance at 0x7f3ef3f818c0>,52,3,[6 3],53,121,124,68,121
1,<environment.Job instance at 0x7f3ef3f815f0>,54,13,[4 5],55,121,134,66,121
1,<environment.Job instance at 0x7f3ef3dfb730>,55,1,[4 5],56,124,125,68,121
1,<environment.Job instance at 0x7f3ef3dfb3c0>,56,2,[4 8],57,134,136,77,121
1,<environment.Job instance at 0x7f3eb08f65a0>,37,15,[5 7],38,136,151,98,122
1,<environment.Job instance at 0x7f3eb08f6eb0>,3,14,[5 3],4,4,18,0,4
1,<environment.Job instance at 0x7f3ef3f2c230>,4,27,[9 2],5,30,57,25,30
1,<environment.Job instance at 0x7f3ef3ee69b0>,22,14,[5 8],23,57,71,34,42
1,<environment.Job instance at 0x7f3ef3ee6fa0>,27,12,[8 2],28,71,83,43,56
1,<environment.Job instance at 0x7f3ef3ee6a50>,23,16,[1 8],24,71,87,47,58
1,<environment.Job instance at 0x7f3ef3edf870>,37,18,[7 4],38,87,105,49,78
1,<environment.Job instance at 0x7f3ef3edf6e0>,41,18,[7 5],42,105,123,63,94
1,<environment.Job instance at 0x7f3ef3edf550>,34,15,[10  1],35,123,138,88,112
1,<environment.Job instance at 0x7f3ef3ed0280>,49,14,[1 9],50,138,152,88,130
1,<environment.Job instance at 0x7f3ef3ed04b0>,52,14,[1 7],53,152,166,99,139
1,<environment.Job instance at 0x7f3ef3ed0640>,1,18,[1 7],2,2,20,0,2
1,<environment.Job instance at 0x7f3eb08d6eb0>,7,14,[1 6],8,20,34,12,9
1,<environment.Job instance at 0x7f3eb08d6f00>,10,2,[10  3],11,34,36,23,14
1,<environment.Job instance at 0x7f3eb08d6690>,14,16,[7 1],15,36,52,21,23
1,<environment.Job instance at 0x7f3efb5bc640>,19,14,[6 1],20,52,66,32,39
1,<environment.Job instance at 0x7f3efb5bca50>,23,12,[8 5],24,66,78,42,49
1,<environment.Job instance at 0x7f3eb07d3690>,26,15,[4 9],27,78,93,51,64
1,<environment.Job instance at 0x7f3eb07d38c0>,35,1,[3 9],36,93,94,57,80
1,<environment.Job instance at 0x7f3eb07d3d70>,37,13,[1 8],38,94,107,56,90
1,<environment.Job instance at 0x7f3ef429c3c0>,41,18,[5 5],42,107,125,65,96
1,<environment.Job instance at 0x7f3ef3eac0a0>,6,15,[4 6],7,125,140,118,112
1,<environment.Job instance at 0x7f3ef429ce60>,49,18,[8 3],50,140,158,90,129
1,<environment.Job instance at 0x7f3eb0736140>,0,14,[3 7],1,1,15,0,1
1,<environment.Job instance at 0x7f3eb0736d20>,3,3,[5 6],4,15,18,11,4
1,<environment.Job instance at 0x7f3eb0736af0>,4,13,[5 8],5,18,31,13,5
1,<environment.Job instance at 0x7f3eb0736f50>,6,21,[3 8],7,31,52,24,25
1,<environment.Job instance at 0x7f3efaa845a0>,26,3,[1 6],27,52,55,25,36
1,<environment.Job instance at 0x7f3efaa84aa0>,27,25,[7 3],28,52,77,24,48
1,<environment.Job instance at 0x7f3efab90cd0>,37,3,[3 5],38,77,80,39,77
1,<environment.Job instance at 0x7f3efab90d20>,38,17,[7 3],39,77,94,38,77
1,<environment.Job instance at 0x7f3efab90eb0>,39,12,[10  2],40,94,106,54,78
1,<environment.Job instance at 0x7f3efab90e10>,41,1,[4 6],42,106,107,64,79
1,<environment.Job instance at 0x7f3efaa842d0>,20,16,[4 5],21,107,123,86,101
1,<environment.Job instance at 0x7f3efb01aaa0>,51,17,[8 5],52,123,140,71,113
1,<environment.Job instance at 0x7f3efb01aa00>,56,1,[7 4],57,140,141,83,129
1,<environment.Job instance at 0x7f3efb01a410>,57,17,[9 4],58,141,158,83,129
1,<environment.Job instance at 0x7f3efaccca00>,0,17,[4 8],1,1,18,0,1
1,<environment.Job instance at 0x7f3eb044b1e0>,2,1,[6 1],3,9,10,6,9
1,<environment.Job instance at 0x7f3ef3e437d0>,10,14,[6 2],11,11,25,0,11
1,<environment.Job instance at 0x7f3ef3e43d70>,14,14,[1 9],15,25,39,10,16
1,<environment.Job instance at 0x7f3ef3e2d1e0>,20,16,[9 1],21,25,41,4,22
1,<environment.Job instance at 0x7f3efadf2140>,22,15,[7 1],23,41,56,18,27
1,<environment.Job instance at 0x7f3ef3fe0af0>,31,25,[3 8],32,42,67,10,42
1,<environment.Job instance at 0x7f3eb09a8e60>,39,12,[3 9],40,67,79,27,53
1,<environment.Job instance at 0x7f3ef3fce7d0>,49,18,[ 4 10],50,79,97,29,71
1,<environment.Job instance at 0x7f3ef3fce0a0>,51,17,[8 3],52,97,114,45,86
1,<environment.Job instance at 0x7f3ef3e43870>,15,13,[3 6],16,114,127,98,104
1,<environment.Job instance at 0x7f3eb09c5230>,58,13,[6 3],59,114,127,55,111
1,<environment.Job instance at 0x7f3eb09c5aa0>,61,13,[5 1],62,127,140,65,115
1,<environment.Job instance at 0x7f3eb054e960>,63,3,[5 5],64,127,130,63,121
1,<environment.Job instance at 0x7f3eb054ed20>,67,16,[9 1],68,140,156,72,130
1,<environment.Job instance at 0x7f3efaa0b7d0>,2,1,[9 4],3,3,4,0,3
1,<environment.Job instance at 0x7f3eb01dff50>,3,2,[6 1],4,4,6,0,4
1,<environment.Job instance at 0x7f3eb0708af0>,5,2,[9 3],6,6,8,0,6
1,<environment.Job instance at 0x7f3eb01dfd70>,6,14,[2 7],7,8,22,1,7
1,<environment.Job instance at 0x7f3eb04ebd70>,8,16,[8 1],9,13,29,4,13
1,<environment.Job instance at 0x7f3eb08dd320>,15,18,[4 5],16,29,47,13,21
1,<environment.Job instance at 0x7f3eb0247aa0>,20,2,[9 4],21,47,49,26,21
1,<environment.Job instance at 0x7f3ef3e71500>,22,17,[6 2],23,29,46,6,23
1,<environment.Job instance at 0x7f3efadf8280>,29,14,[9 3],30,49,63,19,36
1,<environment.Job instance at 0x7f3efadf8050>,32,14,[8 3],33,63,77,30,51
1,<environment.Job instance at 0x7f3eb0247140>,18,15,[7 5],19,77,92,58,69
1,<environment.Job instance at 0x7f3ef4176e60>,38,14,[3 5],39,77,91,38,76
1,<environment.Job instance at 0x7f3ef4176d70>,40,15,[10  5],41,103,118,62,103
1,<environment.Job instance at 0x7f3efae7fbe0>,1,2,[4 7],2,2,4,0,2
1,<environment.Job instance at 0x7f3eb0327fa0>,2,18,[4 5],3,4,22,1,3
1,<environment.Job instance at 0x7f3eb0027230>,10,12,[8 5],11,22,34,11,12
1,<environment.Job instance at 0x7f3eb0027280>,9,2,[10  4],10,34,36,24,13
1,<environment.Job instance at 0x7f3eb002a4b0>,13,1,[6 2],14,14,15,0,14
1,<environment.Job instance at 0x7f3eb002ae10>,15,1,[7 2],16,36,37,20,18
1,<environment.Job instance at 0x7f3eb002ad70>,16,3,[ 1 10],17,37,40,20,21
1,<environment.Job instance at 0x7f3ef4438b40>,20,15,[5 6],21,40,55,19,28
1,<environment.Job instance at 0x7f3ef4438320>,28,13,[2 8],29,55,68,26,43
1,<environment.Job instance at 0x7f3ef4438280>,32,14,[6 1],33,58,72,25,58
1,<environment.Job instance at 0x7f3ef4438c80>,33,18,[1 5],34,68,86,34,59
1,<environment.Job instance at 0x7f3eb002ac80>,12,15,[6 5],13,72,87,59,59
1,<environment.Job instance at 0x7f3ef4465a00>,43,17,[5 9],44,87,104,43,76
1,<environment.Job instance at 0x7f3ef4465fa0>,51,13,[5 5],52,104,117,52,91
1,<environment.Job instance at 0x7f3ef3f6ffa0>,38,12,[8 5],39,117,129,78,108
1,<environment.Job instance at 0x7f3ef44656e0>,57,16,[8 1],58,129,145,71,119
1,<environment.Job instance at 0x7f3ef44ea0a0>,68,18,[3 6],69,145,163,76,134
1,<environment.Job instance at 0x7f3ef3f784b0>,0,13,[5 6],1,1,14,0,1
1,<environment.Job instance at 0x7f3ef3f78230>,5,15,[1 6],6,14,29,8,6
1,<environment.Job instance at 0x7f3ef3dbe5f0>,8,3,[3 9],9,29,32,20,9
1,<environment.Job instance at 0x7f3ef3e56c30>,9,2,[1 6],10,32,34,22,10
1,<environment.Job instance at 0x7f3ef3dbedc0>,11,3,[5 7],12,34,37,22,17
1,<environment.Job instance at 0x7f3ef3dbed20>,7,12,[5 4],8,37,49,29,28
1,<environment.Job instance at 0x7f3ef3dd8640>,19,13,[1 5],20,37,50,17,31
1,<environment.Job instance at 0x7f3ef3dd83c0>,21,14,[5 6],22,50,64,28,35
1,<environment.Job instance at 0x7f3ef3dd8050>,24,2,[8 1],25,64,66,39,40
1,<environment.Job instance at 0x7f3eb0033910>,2,16,[4 5],3,66,82,63,55
1,<environment.Job instance at 0x7f3ef3da94b0>,23,13,[9 3],24,82,95,58,69
1,<environment.Job instance at 0x7f3ef3dd8460>,20,14,[ 3 10],21,95,109,74,83
1,<environment.Job instance at 0x7f3efaa49640>,43,1,[2 5],44,109,110,65,99
1,<environment.Job instance at 0x7f3efaa49370>,44,13,[9 5],45,110,123,65,99
1,<environment.Job instance at 0x7f3efaa34e60>,47,13,[10  4],48,123,136,75,110
1,<environment.Job instance at 0x7f3eb0044a00>,4,1,[1 8],5,5,6,0,5
1,<environment.Job instance at 0x7f3efb473d70>,6,2,[1 9],7,7,9,0,7
1,<environment.Job instance at 0x7f3eb0015eb0>,7,2,[6 5],8,9,11,1,8
1,<environment.Job instance at 0x7f3ef41fa370>,10,2,[3 5],11,11,13,0,11
1,<environment.Job instance at 0x7f3efb4765f0>,12,13,[1 5],13,13,26,0,13
1,<environment.Job instance at 0x7f3eb0051690>,14,15,[9 3],15,15,30,0,15
1,<environment.Job instance at 0x7f3eb078b5a0>,20,15,[4 6],21,30,45,9,22
1,<environment.Job instance at 0x7f3ef430ad70>,25,16,[4 8],26,45,61,19,41
1,<environment.Job instance at 0x7f3ef430a0a0>,27,22,[5 9],28,61,83,33,54
1,<environment.Job instance at 0x7f3eb0730d20>,2,13,[10  5],3,83,96,80,67
1,<environment.Job instance at 0x7f3eb0570910>,41,12,[8 5],42,96,108,54,84
1,<environment.Job instance at 0x7f3eb0570500>,43,13,[8 4],44,108,121,64,96
1,<environment.Job instance at 0x7f3eb0056140>,56,16,[5 9],57,121,137,64,110
1,<environment.Job instance at 0x7f3eb022afa0>,63,1,[5 9],64,137,138,73,126
1,<environment.Job instance at 0x7f3eb022a5a0>,64,12,[6 1],65,138,150,73,127
1,<environment.Job instance at 0x7f3eb00566e0>,55,18,[3 9],56,138,156,82,127
1,<environment.Job instance at 0x7f3ef3ef9960>,0,18,[5 1],1,1,19,0,1
1,<environment.Job instance at 0x7f3eb034ceb0>,7,15,[9 1],8,19,34,11,9
1,<environment.Job instance at 0x7f3eb0275960>,17,17,[1 6],18,21,38,3,21
1,<environment.Job instance at 0x7f3eb0275dc0>,18,3,[3 7],19,38,41,19,21
1,<environment.Job instance at 0x7f3eb0275640>,20,17,[8 2],21,41,58,20,29
1,<environment.Job instance at 0x7f3efa97dd20>,32,13,[1 9],33,79,92,46,79
1,<environment.Job instance at 0x7f3ef3fa4be0>,34,16,[1 8],35,92,108,57,79
1,<environment.Job instance at 0x7f3eb034c320>,8,15,[5 6],9,108,123,99,97
1,<environment.Job instance at 0x7f3efaa2d460>,42,26,[5 4],43,117,143,74,117
1,<environment.Job instance at 0x7f3efaa2df50>,40,13,[8 5],41,143,156,102,137
1,<environment.Job instance at 0x7f3ef41e2e10>,3,16,[3 9],4,4,20,0,4
1,<environment.Job instance at 0x7f3eb05c00f0>,6,28,[1 9],7,23,51,16,23
1,<environment.Job instance at 0x7f3eaffaee10>,17,1,[9 4],18,51,52,33,32
1,<environment.Job instance at 0x7f3eb00d1dc0>,29,13,[2 7],30,52,65,22,36
1,<environment.Job instance at 0x7f3efae03c30>,33,12,[2 7],34,65,77,31,52
1,<environment.Job instance at 0x7f3eb022a870>,9,16,[5 1],10,58,74,48,58
1,<environment.Job instance at 0x7f3efae03320>,38,14,[6 2],39,74,88,35,59
1,<environment.Job instance at 0x7f3efae2ef50>,43,13,[5 7],44,88,101,44,74
1,<environment.Job instance at 0x7f3efae2ed20>,51,15,[2 9],52,101,116,49,87
1,<environment.Job instance at 0x7f3efae29c80>,59,13,[3 5],60,116,129,56,101
1,<environment.Job instance at 0x7f3efae26230>,67,3,[8 3],68,129,132,61,111
1,<environment.Job instance at 0x7f3efae26af0>,66,1,[3 9],67,132,133,65,115
1,<environment.Job instance at 0x7f3efae1a3c0>,70,1,[4 6],71,133,134,62,115
1,<environment.Job instance at 0x7f3efae1a320>,69,14,[8 5],70,134,148,64,120
1,<environment.Job instance at 0x7f2fed0040f0>,1,18,[4 6],2,2,20,0,2
1,<environment.Job instance at 0x7f2fe5bf57d0>,11,1,[3 9],12,20,21,8,16
1,<environment.Job instance at 0x7f2fe5bf5dc0>,15,16,[9 1],16,21,37,5,16
1,<environment.Job instance at 0x7f2fe5bf5b40>,14,1,[2 8],15,37,38,22,23
1,<environment.Job instance at 0x7f2fe5bf9500>,23,1,[8 3],24,38,39,14,25
1,<environment.Job instance at 0x7f2fe5bf9b40>,27,14,[ 1 10],28,39,53,11,28
1,<environment.Job instance at 0x7f2fe5bf9f00>,30,17,[2 5],31,53,70,22,41
1,<environment.Job instance at 0x7f2fe5bf9780>,24,17,[5 4],25,53,70,28,50
1,<environment.Job instance at 0x7f2fe5bf9140>,19,18,[8 2],20,70,88,50,65
1,<environment.Job instance at 0x7f2fe5bf6b90>,45,16,[10  5],46,88,104,42,79
1,<environment.Job instance at 0x7f2fe5bf6fa0>,50,14,[9 4],51,109,123,58,109
1,<environment.Job instance at 0x7f2fe5bf6960>,44,14,[1 9],45,123,137,78,110
1,<environment.Job instance at 0x7f2fe5bfe050>,55,13,[ 5 10],56,137,150,81,125
1,<environment.Job instance at 0x7f2fe5c0dd70>,0,16,[1 6],1,1,17,0,1
1,<environment.Job instance at 0x7f2fed02b1e0>,4,17,[3 5],5,17,34,12,5
1,<environment.Job instance at 0x7f2fed02bcd0>,7,13,[7 4],8,8,21,0,8
1,<environment.Job instance at 0x7f2fed02b190>,8,1,[4 6],9,34,35,25,9
1,<environment.Job instance at 0x7f2fed16dc80>,15,2,[6 2],16,21,23,5,21
1,<environment.Job instance at 0x7f2fed02ce60>,10,17,[8 5],11,35,52,24,23
1,<environment.Job instance at 0x7f2fed173b40>,22,13,[1 5],23,35,48,12,27
1,<environment.Job instance at 0x7f2fed173870>,23,18,[1 7],24,52,70,28,41
1,<environment.Job instance at 0x7f2fed02d0f0>,29,13,[8 3],30,55,68,25,55
1,<environment.Job instance at 0x7f2fed173140>,17,13,[ 4 10],18,70,83,52,56
1,<environment.Job instance at 0x7f2fed173820>,18,18,[3 8],19,83,101,64,72
1,<environment.Job instance at 0x7f2fe5bfe7d0>,3,16,[2 7],4,101,117,97,89
1,<environment.Job instance at 0x7f2fed02d820>,35,18,[ 5 10],36,117,135,81,106
1,<environment.Job instance at 0x7f2fed171550>,47,14,[9 5],48,135,149,87,122
1,<environment.Job instance at 0x7f2fed175f00>,59,13,[7 5],60,149,162,89,142
1,<environment.Job instance at 0x7f2fa1e965a0>,4,18,[5 9],5,6,24,1,6
1,<environment.Job instance at 0x7f2fe5a893c0>,9,18,[1 7],10,24,42,14,13
1,<environment.Job instance at 0x7f2fa1e96460>,10,1,[2 8],11,42,43,31,15
1,<environment.Job instance at 0x7f2fa1eacc80>,17,18,[4 7],18,43,61,25,32
1,<environment.Job instance at 0x7f2fed175f00>,2,15,[6 1],3,34,49,31,34
1,<environment.Job instance at 0x7f2fa1e5f7d0>,29,16,[7 2],30,61,77,31,48
1,<environment.Job instance at 0x7f2fa1f23af0>,37,1,[4 9],38,77,78,39,57
1,<environment.Job instance at 0x7f2fa1f230f0>,42,2,[1 8],43,61,63,18,61
1,<environment.Job instance at 0x7f2fe5a81c80>,43,15,[10  2],44,78,93,34,64
1,<environment.Job instance at 0x7f2fa1f23140>,46,14,[5 5],47,93,107,46,78
1,<environment.Job instance at 0x7f2fe5968e60>,55,3,[9 3],56,107,110,51,93
1,<environment.Job instance at 0x7f2fa1e407d0>,58,14,[7 2],59,110,124,51,110
1,<environment.Job instance at 0x7f2fa1e40d70>,60,14,[5 3],61,124,138,63,112
1,<environment.Job instance at 0x7f2fe59a6280>,61,15,[5 2],62,124,139,62,112
1,<environment.Job instance at 0x7f2fe5a7ef50>,66,15,[10  4],67,139,154,72,131
1,<environment.Job instance at 0x7f2fe5d52500>,1,19,[4 9],2,2,21,0,2
1,<environment.Job instance at 0x7f2fe5a4e280>,2,17,[5 7],3,21,38,18,9
1,<environment.Job instance at 0x7f2fe5ed5c80>,17,18,[2 8],18,38,56,20,27
1,<environment.Job instance at 0x7f2fa202e910>,33,14,[7 2],34,42,56,8,42
1,<environment.Job instance at 0x7f2fa23549b0>,25,15,[10  4],26,56,71,30,50
1,<environment.Job instance at 0x7f2fa213ac80>,3,21,[9 1],4,71,92,67,64
1,<environment.Job instance at 0x7f2fa23b0dc0>,46,2,[5 3],47,92,94,45,80
1,<environment.Job instance at 0x7f2fa1e9f960>,45,16,[7 1],46,94,110,48,81
1,<environment.Job instance at 0x7f2fa1f01500>,54,15,[5 2],55,110,125,55,101
1,<environment.Job instance at 0x7f2fa1f01b40>,56,17,[7 4],57,125,142,68,113
1,<environment.Job instance at 0x7f2fa24d0f00>,60,14,[4 7],61,142,156,81,134
1,<environment.Job instance at 0x7f2fec74db40>,2,1,[ 1 10],3,3,4,0,3
1,<environment.Job instance at 0x7f2fec96c640>,6,12,[1 7],7,7,19,0,7
1,<environment.Job instance at 0x7f2fe5a5bdc0>,9,14,[10  5],10,19,33,9,10
1,<environment.Job instance at 0x7f2fec979640>,22,19,[6 5],23,33,52,10,23
1,<environment.Job instance at 0x7f2fec979780>,20,12,[10  1],21,52,64,31,42
1,<environment.Job instance at 0x7f2fec9790f0>,26,12,[7 3],27,64,76,37,48
1,<environment.Job instance at 0x7f2fec97ebe0>,33,16,[9 3],34,76,92,42,63
1,<environment.Job instance at 0x7f2fec97e820>,34,13,[9 5],35,92,105,57,82
1,<environment.Job instance at 0x7f2fec996be0>,40,12,[5 1],41,105,117,64,93
1,<environment.Job instance at 0x7f2fec9960f0>,43,24,[2 5],44,105,129,61,100
1,<environment.Job instance at 0x7f2fec978e60>,45,18,[5 3],46,117,135,71,106
1,<environment.Job instance at 0x7f2fa22c4190>,49,1,[7 2],50,135,136,85,107
1,<environment.Job instance at 0x7f2fec98b960>,51,1,[10  1],52,136,137,84,108
1,<environment.Job instance at 0x7f2fec97e370>,35,14,[1 7],36,137,151,101,125
1,<environment.Job instance at 0x7f2fa22d1dc0>,60,17,[ 2 10],61,151,168,90,139
1,<environment.Job instance at 0x7f2fe5b5d780>,2,3,[2 9],3,3,6,0,3
1,<environment.Job instance at 0x7f2fa2334910>,8,3,[5 3],9,9,12,0,9
1,<environment.Job instance at 0x7f2fa2334730>,7,12,[8 3],8,12,24,4,12
1,<environment.Job instance at 0x7f2fa2334c80>,6,16,[3 9],7,24,40,17,12
1,<environment.Job instance at 0x7f2fa2334500>,17,15,[3 7],18,40,55,22,29
1,<environment.Job instance at 0x7f2fa2316780>,26,17,[2 6],27,55,72,28,46
1,<environment.Job instance at 0x7f2fa2331fa0>,39,17,[6 3],40,59,76,19,59
1,<environment.Job instance at 0x7f2fa2331690>,42,17,[5 4],43,76,93,33,68
1,<environment.Job instance at 0x7f2fe5fd5280>,47,16,[1 5],48,72,88,24,70
1,<environment.Job instance at 0x7f2fe5fd5f50>,50,15,[6 4],51,93,108,42,80
1,<environment.Job instance at 0x7f2fa23155f0>,53,1,[3 6],54,101,102,47,101
1,<environment.Job instance at 0x7f2fa23152d0>,54,1,[ 2 10],55,108,109,53,101
1,<environment.Job instance at 0x7f2fa23158c0>,55,1,[3 8],56,109,110,53,102
1,<environment.Job instance at 0x7f2fa2315280>,57,17,[10  3],58,110,127,52,102
1,<environment.Job instance at 0x7f2fa2304190>,61,1,[4 6],62,127,128,65,110
1,<environment.Job instance at 0x7f2fa23046e0>,62,14,[4 6],63,128,142,65,113
1,<environment.Job instance at 0x7f2fec90e2d0>,66,1,[4 5],67,142,143,75,133
1,<environment.Job instance at 0x7f2fa21af7d0>,68,12,[9 2],69,143,155,74,133
1,<environment.Job instance at 0x7f2fe5fe2960>,2,3,[4 8],3,3,6,0,3
1,<environment.Job instance at 0x7f2fe5c9d1e0>,7,12,[2 7],8,8,20,0,8
1,<environment.Job instance at 0x7f2fe5f58a50>,17,13,[7 1],18,18,31,0,18
1,<environment.Job instance at 0x7f2fec572820>,19,3,[6 4],20,31,34,11,20
1,<environment.Job instance at 0x7f2fe5fd0690>,20,17,[5 4],21,34,51,13,22
1,<environment.Job instance at 0x7f2fa2048fa0>,29,13,[ 1 10],30,51,64,21,37
1,<environment.Job instance at 0x7f2fec6b8140>,40,14,[4 8],41,64,78,23,50
1,<environment.Job instance at 0x7f2fa25140a0>,44,14,[3 8],45,78,92,33,68
1,<environment.Job instance at 0x7f2fa21af5f0>,48,12,[ 3 10],49,92,104,43,78
1,<environment.Job instance at 0x7f2fa223c500>,51,15,[5 5],52,104,119,52,90
1,<environment.Job instance at 0x7f2fa2067be0>,62,3,[ 4 10],63,131,134,68,131
1,<environment.Job instance at 0x7f2fa2067320>,64,13,[1 6],65,134,147,69,133
1,<environment.Job instance at 0x7f2fa23d00f0>,65,25,[6 2],66,135,160,69,135
1,<environment.Job instance at 0x7f2fa2244dc0>,0,14,[8 3],1,1,15,0,1
1,<environment.Job instance at 0x7f2fe5af7aa0>,4,16,[5 9],5,15,31,10,5
1,<environment.Job instance at 0x7f2fe5af7f00>,11,12,[4 9],12,31,43,19,17
1,<environment.Job instance at 0x7f2fec4008c0>,17,19,[9 3],18,43,62,25,34
1,<environment.Job instance at 0x7f2fe5ae53c0>,32,2,[6 1],33,62,64,29,50
1,<environment.Job instance at 0x7f2fe5ae5460>,33,1,[10  2],34,64,65,30,50
1,<environment.Job instance at 0x7f2fe5ae57d0>,34,3,[2 9],35,65,68,30,51
1,<environment.Job instance at 0x7f2fe5ae5690>,35,16,[5 2],36,68,84,32,55
1,<environment.Job instance at 0x7f2fe5ae5320>,31,14,[4 8],32,68,82,36,55
1,<environment.Job instance at 0x7f2fe5ae5a00>,40,13,[5 6],41,82,95,41,68
1,<environment.Job instance at 0x7f2fe5af4370>,46,16,[9 5],47,95,111,48,90
1,<environment.Job instance at 0x7f2fe5af4460>,50,12,[2 6],51,111,123,60,95
1,<environment.Job instance at 0x7f2fe5af4a50>,52,1,[8 5],53,123,124,70,98
1,<environment.Job instance at 0x7f2fe5af47d0>,53,2,[9 3],54,124,126,70,98
1,<environment.Job instance at 0x7f2fe5af48c0>,54,1,[6 4],55,111,112,56,98
1,<environment.Job instance at 0x7f2fe5af4cd0>,56,16,[10  3],57,126,142,69,115
1,<environment.Job instance at 0x7f2fec5c8af0>,3,20,[4 7],4,142,162,138,133
1,<environment.Job instance at 0x7f2fe5aed230>,1,2,[4 8],2,2,4,0,2
1,<environment.Job instance at 0x7f2fa2401230>,3,17,[8 4],4,6,23,2,6
1,<environment.Job instance at 0x7f2fa1fc1d20>,11,17,[8 3],12,23,40,11,23
1,<environment.Job instance at 0x7f2fa230a0f0>,23,14,[7 5],24,40,54,16,25
1,<environment.Job instance at 0x7f2fec931730>,29,18,[8 2],30,54,72,24,44
1,<environment.Job instance at 0x7f2fa21cb870>,35,16,[2 9],36,72,88,36,59
1,<environment.Job instance at 0x7f2fe5dacc80>,38,14,[4 9],39,88,102,49,73
1,<environment.Job instance at 0x7f2fe5dac6e0>,42,13,[5 4],43,102,115,59,89
1,<environment.Job instance at 0x7f2fa1fcb960>,50,17,[5 2],51,102,119,51,95
1,<environment.Job instance at 0x7f2fa1fcb4b0>,51,15,[9 3],52,119,134,67,105
1,<environment.Job instance at 0x7f2fed0484b0>,17,14,[5 9],18,134,148,116,119
1,<environment.Job instance at 0x7f2fa2401050>,5,13,[3 7],6,148,161,142,132
1,<environment.Job instance at 0x7f2fec851140>,0,14,[2 7],1,1,15,0,1
1,<environment.Job instance at 0x7f2fec7cb820>,3,18,[3 6],4,15,33,11,4
1,<environment.Job instance at 0x7f2fa25b46e0>,19,13,[5 8],20,33,46,13,22
1,<environment.Job instance at 0x7f2fec69ff00>,18,15,[3 8],19,50,65,31,50
1,<environment.Job instance at 0x7f2fe5a79c80>,29,14,[6 2],30,50,64,20,50
1,<environment.Job instance at 0x7f2fe5a79dc0>,30,15,[3 8],31,65,80,34,53
1,<environment.Job instance at 0x7f2fe609b0f0>,37,17,[ 4 10],38,80,97,42,70
1,<environment.Job instance at 0x7f2fec638e60>,45,12,[9 4],46,97,109,51,83
1,<environment.Job instance at 0x7f2fa2277230>,44,13,[9 1],45,109,122,64,93
1,<environment.Job instance at 0x7f2fec638a00>,46,13,[10  5],47,122,135,75,106
1,<environment.Job instance at 0x7f2fa2157820>,58,14,[10  4],59,135,149,76,135
1,<environment.Job instance at 0x7f2fa1f8e8c0>,2,18,[7 4],3,3,21,0,3
1,<environment.Job instance at 0x7f2fa1f5b320>,6,13,[5 3],7,21,34,14,7
1,<environment.Job instance at 0x7f2fa1f5b9b0>,12,14,[8 1],13,34,48,21,19
1,<environment.Job instance at 0x7f2fa1f5bf00>,17,2,[4 6],18,21,23,3,19
1,<environment.Job instance at 0x7f2fa1f5bfa0>,18,3,[2 7],19,23,26,4,19
1,<environment.Job instance at 0x7f2fa1f44190>,19,16,[2 9],20,34,50,14,21
1,<environment.Job instance at 0x7f2fa1f5bb40>,13,2,[7 3],14,50,52,36,23
1,<environment.Job instance at 0x7f2fa1f5bd20>,15,13,[5 7],16,52,65,36,41
1,<environment.Job instance at 0x7f2fa1f44730>,30,18,[9 2],31,65,83,34,54
1,<environment.Job instance at 0x7f2fa1f449b0>,32,16,[2 5],33,83,99,50,70
1,<environment.Job instance at 0x7f2fa1f44af0>,34,16,[5 3],35,83,99,48,70
1,<environment.Job instance at 0x7f2fa1f44e60>,40,18,[7 3],41,99,117,58,88
1,<environment.Job instance at 0x7f2fa1f750a0>,41,18,[1 7],42,99,117,57,88
1,<environment.Job instance at 0x7f2fa1f75a50>,47,14,[1 6],48,117,131,69,102
1,<environment.Job instance at 0x7f2fa1f75f00>,53,24,[7 1],54,117,141,63,116
1,<environment.Job instance at 0x7f2fa1f75af0>,56,16,[5 2],57,141,157,84,139
1,<environment.Job instance at 0x7f2fe5c63640>,23,2,[2 6],24,27,29,3,27
1,<environment.Job instance at 0x7f2fe5c63910>,22,15,[5 3],23,49,64,26,49
1,<environment.Job instance at 0x7f2fec48bb90>,28,13,[3 8],29,64,77,35,49
1,<environment.Job instance at 0x7f2fec48b9b0>,30,14,[3 7],31,49,63,18,49
1,<environment.Job instance at 0x7f2fa237e320>,33,3,[5 6],34,77,80,43,55
1,<environment.Job instance at 0x7f2fa237e190>,34,13,[5 8],35,80,93,45,64
1,<environment.Job instance at 0x7f2fa23e2c30>,50,16,[4 5],51,93,109,42,92
1,<environment.Job instance at 0x7f2fe600f780>,54,23,[4 8],55,119,142,64,119
1,<environment.Job instance at 0x7f2fec48b190>,27,13,[ 3 10],28,142,155,114,126
1,<environment.Job instance at 0x7f2fec4e71e0>,2,14,[1 7],3,3,17,0,3
1,<environment.Job instance at 0x7f2fec4e7280>,3,16,[4 6],4,17,33,13,5
1,<environment.Job instance at 0x7f2fe5a8aaa0>,14,14,[7 1],15,33,47,18,25
1,<environment.Job instance at 0x7f2fe5a8a0f0>,9,25,[1 7],10,33,58,23,29
1,<environment.Job instance at 0x7f2fec533960>,27,12,[2 6],28,58,70,30,42
1,<environment.Job instance at 0x7f2fe60a21e0>,34,14,[1 9],35,70,84,35,55
1,<environment.Job instance at 0x7f2fec533b90>,20,17,[4 8],21,84,101,63,72
1,<environment.Job instance at 0x7f2fe60a2c30>,40,16,[9 1],41,101,117,60,92
1,<environment.Job instance at 0x7f2feca49870>,47,1,[2 6],48,117,118,69,102
1,<environment.Job instance at 0x7f2feca49820>,48,3,[3 8],49,118,121,69,102
1,<environment.Job instance at 0x7f2fe5a8a8c0>,17,17,[5 9],18,121,138,103,110
1,<environment.Job instance at 0x7f2fec9cf8c0>,62,14,[7 2],63,138,152,75,125
1,<environment.Job instance at 0x7f2fa2261230>,1,19,[6 1],2,2,21,0,2
1,<environment.Job instance at 0x7f2fa24da190>,9,14,[2 5],10,10,24,0,10
1,<environment.Job instance at 0x7f2fa24bcdc0>,12,1,[9 4],13,24,25,11,13
1,<environment.Job instance at 0x7f2fa21f1dc0>,4,15,[4 7],5,25,40,20,13
1,<environment.Job instance at 0x7f2fa24bcfa0>,16,14,[2 7],17,40,54,23,25
1,<environment.Job instance at 0x7f2fa24da0f0>,8,21,[8 2],9,48,69,39,48
1,<environment.Job instance at 0x7f2fec974af0>,29,13,[8 2],30,69,82,39,57
1,<environment.Job instance at 0x7f2fa2343500>,41,13,[1 8],42,77,90,35,77
1,<environment.Job instance at 0x7f2fe5aa83c0>,39,14,[9 3],40,90,104,50,78
1,<environment.Job instance at 0x7f2fa24fd320>,46,14,[5 2],47,117,131,70,117
1,<environment.Job instance at 0x7f2fa23539b0>,48,14,[3 5],49,117,131,68,117
1,<environment.Job instance at 0x7f2fe5cbd820>,50,15,[10  5],51,132,147,81,132
1,<environment.Job instance at 0x7f2fe5a9ddc0>,55,1,[5 9],56,147,148,91,137
1,<environment.Job instance at 0x7f2fe5eb01e0>,35,21,[9 2],36,148,169,112,140
1,<environment.Job instance at 0x7f2fed02c4b0>,2,18,[4 5],3,3,21,0,3
1,<environment.Job instance at 0x7f2fa254a140>,8,18,[10  1],9,21,39,12,13
1,<environment.Job instance at 0x7f2fa254a550>,9,2,[10  4],10,39,41,29,13
1,<environment.Job instance at 0x7f2fa1c56500>,13,1,[6 2],14,16,17,2,16
1,<environment.Job instance at 0x7f2fa1c568c0>,15,1,[7 2],16,41,42,25,20
1,<environment.Job instance at 0x7f2fa2349d20>,20,15,[5 6],21,42,57,21,28
1,<environment.Job instance at 0x7f2fa2360a50>,16,3,[ 1 10],17,57,60,40,36
1,<environment.Job instance at 0x7f2fa23325f0>,25,1,[3 9],26,60,61,34,45
1,<environment.Job instance at 0x7f2fa1c09be0>,26,3,[1 9],27,61,64,34,45
1,<environment.Job instance at 0x7f2fec4f2190>,29,12,[ 5 10],30,64,76,34,47
1,<environment.Job instance at 0x7f2fe5977550>,5,16,[7 3],6,76,92,70,64
1,<environment.Job instance at 0x7f2fa1fb60f0>,41,19,[4 5],42,92,111,50,83
1,<environment.Job instance at 0x7f2fe5a84b40>,47,14,[8 2],48,111,125,63,97
1,<environment.Job instance at 0x7f2fa1d2f1e0>,56,18,[8 2],57,125,143,68,116
1,<environment.Job instance at 0x7f2fa1d2f140>,58,18,[9 4],59,143,161,84,132
1,<environment.Job instance at 0x7f2fa1be4370>,0,26,[5 4],1,3,29,2,3
1,<environment.Job instance at 0x7f2fa1bd90a0>,13,13,[9 3],14,29,42,15,14
1,<environment.Job instance at 0x7f2fa1d2df00>,25,15,[5 3],26,42,57,16,32
1,<environment.Job instance at 0x7f2fa1bd98c0>,15,16,[4 9],16,57,73,41,48
1,<environment.Job instance at 0x7f2fa1be4d70>,10,14,[ 3 10],11,73,87,62,64
1,<environment.Job instance at 0x7f2fa1d2d460>,38,2,[7 2],39,87,89,48,85
1,<environment.Job instance at 0x7f2fa1d2da50>,39,1,[5 1],40,89,90,49,85
1,<environment.Job instance at 0x7f2fa1be59b0>,41,1,[4 5],42,89,90,47,85
1,<environment.Job instance at 0x7f2fa1be56e0>,43,2,[8 5],44,90,92,46,85
1,<environment.Job instance at 0x7f2fa1be5aa0>,44,2,[5 4],45,92,94,47,85
1,<environment.Job instance at 0x7f2fa1be53c0>,45,13,[10  3],46,94,107,48,86
1,<environment.Job instance at 0x7f2fa1be5d20>,48,12,[10  5],49,107,119,58,107
1,<environment.Job instance at 0x7f2fa1be5550>,52,1,[4 9],53,128,129,75,128
1,<environment.Job instance at 0x7f2fa1be5460>,53,15,[5 6],54,129,144,75,128
1,<environment.Job instance at 0x7f2fa1b854b0>,57,18,[5 3],58,129,147,71,128
1,<environment.Job instance at 0x7f2fa1b853c0>,60,15,[ 3 10],61,147,162,86,136
1,<environment.Job instance at 0x7f2fe5e16870>,0,15,[4 6],1,1,16,0,1
1,<environment.Job instance at 0x7f2fe607feb0>,7,22,[5 9],8,17,39,9,17
1,<environment.Job instance at 0x7f2fe609e370>,17,14,[3 6],18,39,53,21,24
1,<environment.Job instance at 0x7f2fe5e16230>,6,19,[10  3],7,54,73,47,54
1,<environment.Job instance at 0x7f2fe5d33280>,33,26,[6 2],34,73,99,39,70
1,<environment.Job instance at 0x7f2fe5c29c30>,38,22,[5 4],39,99,121,60,93
1,<environment.Job instance at 0x7f2fe6089b90>,28,14,[1 6],29,110,124,81,110
1,<environment.Job instance at 0x7f2fe609ed20>,14,14,[6 3],15,121,135,106,111
1,<environment.Job instance at 0x7f2fe5d4f410>,44,12,[6 1],45,135,147,90,119
1,<environment.Job instance at 0x7f2fe5d686e0>,43,1,[5 9],44,147,148,103,120
1,<environment.Job instance at 0x7f2fe5d58190>,49,2,[7 5],50,148,150,98,125
1,<environment.Job instance at 0x7f2fe5d58370>,55,13,[5 4],56,150,163,94,141
1,<environment.Job instance at 0x7f2fa2265eb0>,4,16,[1 8],5,5,21,0,5
1,<environment.Job instance at 0x7f2fa1cbe140>,9,1,[9 5],10,21,22,11,14
1,<environment.Job instance at 0x7f2fa1cbe410>,8,21,[8 4],9,22,43,13,16
1,<environment.Job instance at 0x7f2fec94f370>,19,15,[2 7],20,43,58,23,32
1,<environment.Job instance at 0x7f2fec58a230>,22,12,[4 9],23,58,70,35,43
1,<environment.Job instance at 0x7f2fe5d27b90>,25,20,[5 3],26,70,90,44,61
1,<environment.Job instance at 0x7f2fa1bf8f50>,30,18,[7 5],31,90,108,59,79
1,<environment.Job instance at 0x7f2fa24bcaa0>,40,22,[5 3],41,108,130,67,101
1,<environment.Job instance at 0x7f2fa24bcdc0>,47,17,[5 8],48,134,151,86,134
1,<environment.Job instance at 0x7f2fec998e10>,50,17,[4 5],51,151,168,100,139
1,<environment.Job instance at 0x7f2fec868780>,1,3,[1 9],2,2,5,0,2
1,<environment.Job instance at 0x7f2fec8687d0>,3,13,[5 7],4,5,18,1,4
1,<environment.Job instance at 0x7f2fec868a00>,7,13,[5 1],8,8,21,0,8
1,<environment.Job instance at 0x7f2fe6041be0>,11,15,[2 9],12,18,33,6,12
1,<environment.Job instance at 0x7f2fec5b61e0>,23,2,[3 6],24,33,35,9,24
1,<environment.Job instance at 0x7f2fec873e10>,32,3,[ 2 10],33,35,38,2,34
1,<environment.Job instance at 0x7f2fec5b63c0>,28,17,[ 3 10],29,38,55,9,36
1,<environment.Job instance at 0x7f2fec873fa0>,40,15,[3 9],41,55,70,14,42
1,<environment.Job instance at 0x7f2fe5a227d0>,48,18,[1 8],49,70,88,21,60
1,<environment.Job instance at 0x7f2fe5a222d0>,50,1,[6 1],51,63,64,12,63
1,<environment.Job instance at 0x7f2fa1b7f550>,52,20,[7 1],53,68,88,15,68
1,<environment.Job instance at 0x7f2fa1d27370>,55,18,[1 7],56,88,106,32,77
1,<environment.Job instance at 0x7f2fa1d27690>,60,15,[1 8],61,111,126,50,111
1,<environment.Job instance at 0x7f2fa1d270f0>,62,17,[5 5],63,126,143,63,114
1,<environment.Job instance at 0x7f2fa1d27820>,68,12,[7 2],69,143,155,74,131
1,<environment.Job instance at 0x7f2feca19730>,0,1,[3 8],1,1,2,0,1
1,<environment.Job instance at 0x7f2fa21175f0>,4,12,[1 9],5,5,17,0,5
1,<environment.Job instance at 0x7f2fa2117aa0>,5,28,[8 3],6,24,52,18,24
1,<environment.Job instance at 0x7f2fa23f4a50>,31,18,[10  5],32,57,75,25,57
1,<environment.Job instance at 0x7f2fa1f2cc30>,34,23,[6 3],35,75,98,40,69
1,<environment.Job instance at 0x7f2fe5fe2e10>,41,17,[4 7],42,75,92,33,69
1,<environment.Job instance at 0x7f2fa2055690>,17,18,[5 3],18,98,116,80,89
1,<environment.Job instance at 0x7f2fa23f4e60>,27,18,[7 1],28,116,134,88,113
1,<environment.Job instance at 0x7f2fe5fe2be0>,53,16,[2 5],54,130,146,76,130
1,<environment.Job instance at 0x7f2fe5fe24b0>,56,14,[3 8],57,146,160,89,142
1,<environment.Job instance at 0x7f78ea7960f0>,1,18,[4 6],2,2,20,0,2
1,<environment.Job instance at 0x7f78e33868c0>,10,16,[5 6],11,20,36,9,18
1,<environment.Job instance at 0x7f78e3386c30>,15,16,[9 1],16,36,52,20,25
1,<environment.Job instance at 0x7f78e338a190>,18,16,[5 6],19,52,68,33,39
1,<environment.Job instance at 0x7f78e338acd0>,27,14,[ 1 10],28,68,82,40,53
1,<environment.Job instance at 0x7f78e3387aa0>,45,16,[10  5],46,82,98,36,73
1,<environment.Job instance at 0x7f78e338e320>,53,17,[9 2],54,102,119,48,102
1,<environment.Job instance at 0x7f78e338a230>,19,18,[8 2],20,119,137,99,112
1,<environment.Job instance at 0x7f78e338e6e0>,58,2,[9 5],59,140,142,81,140
1,<environment.Job instance at 0x7f78e338e730>,59,3,[3 8],60,142,145,82,140
1,<environment.Job instance at 0x7f78e339edc0>,0,17,[8 5],1,1,18,0,1
1,<environment.Job instance at 0x7f78ea907fa0>,9,18,[5 5],10,18,36,8,15
1,<environment.Job instance at 0x7f78ea90a9b0>,19,13,[8 3],20,36,49,16,21
1,<environment.Job instance at 0x7f78ea7bedc0>,25,18,[ 5 10],26,58,76,32,58
1,<environment.Job instance at 0x7f78ea7bee60>,27,24,[ 2 10],28,76,100,48,71
1,<environment.Job instance at 0x7f78ea7bd1e0>,32,3,[5 4],33,100,103,67,77
1,<environment.Job instance at 0x7f78ea7bd2d0>,34,2,[9 3],35,103,105,68,78
1,<environment.Job instance at 0x7f78ea7bdd70>,36,20,[9 3],37,105,125,68,96
1,<environment.Job instance at 0x7f78ea911fa0>,45,16,[ 4 10],46,132,148,86,132
1,<environment.Job instance at 0x7f78ea911820>,47,21,[5 8],48,148,169,100,141
1,<environment.Job instance at 0x7f789f5e5f00>,0,17,[5 7],1,1,18,0,1
1,<environment.Job instance at 0x7f789f62d280>,13,3,[2 6],14,18,21,4,17
1,<environment.Job instance at 0x7f789f892a50>,21,3,[5 3],22,22,25,0,22
1,<environment.Job instance at 0x7f78e30f2550>,23,15,[10  2],24,25,40,1,24
1,<environment.Job instance at 0x7f789f6b7f00>,17,1,[4 9],18,40,41,22,27
1,<environment.Job instance at 0x7f78e30f9870>,27,14,[2 9],28,41,55,13,28
1,<environment.Job instance at 0x7f789f5d9cd0>,33,3,[1 9],34,55,58,21,36
1,<environment.Job instance at 0x7f789f5d90f0>,34,2,[10  4],35,58,60,23,37
1,<environment.Job instance at 0x7f789f5d9190>,35,3,[9 3],36,60,63,24,37
1,<environment.Job instance at 0x7f789f6a2960>,38,14,[7 2],39,63,77,24,51
1,<environment.Job instance at 0x7f789f6a2d20>,43,17,[9 5],44,77,94,33,66
1,<environment.Job instance at 0x7f789f6a2410>,49,16,[5 9],50,94,110,44,82
1,<environment.Job instance at 0x7f789f63e6e0>,55,3,[10  3],56,110,113,54,98
1,<environment.Job instance at 0x7f789f63e870>,56,2,[3 6],57,113,115,56,99
1,<environment.Job instance at 0x7f789f63ea50>,57,12,[8 3],58,115,127,57,101
1,<environment.Job instance at 0x7f789f7320f0>,62,17,[10  5],63,127,144,64,115
1,<environment.Job instance at 0x7f78e30f6500>,70,17,[10  5],71,144,161,73,132
1,<environment.Job instance at 0x7f78e34641e0>,0,1,[2 7],1,1,2,0,1
1,<environment.Job instance at 0x7f78e3481c80>,3,14,[7 2],4,4,18,0,4
1,<environment.Job instance at 0x7f78e31d92d0>,16,2,[5 3],17,18,20,1,17
1,<environment.Job instance at 0x7f78e39e16e0>,15,16,[7 1],16,20,36,4,18
1,<environment.Job instance at 0x7f78e33ea640>,21,1,[5 9],22,36,37,14,22
1,<environment.Job instance at 0x7f78e30f6730>,6,16,[ 4 10],7,37,53,30,30
1,<environment.Job instance at 0x7f789fafc0f0>,23,15,[7 2],24,53,68,29,45
1,<environment.Job instance at 0x7f789fb1fd20>,29,18,[4 8],30,68,86,38,58
1,<environment.Job instance at 0x7f789fb2a410>,33,19,[2 6],34,88,107,54,88
1,<environment.Job instance at 0x7f789fa4d2d0>,35,15,[9 4],36,107,122,71,93
1,<environment.Job instance at 0x7f789fa4d320>,41,17,[7 2],42,122,139,80,110
1,<environment.Job instance at 0x7f789fae3fa0>,47,17,[2 5],48,127,144,79,127
1,<environment.Job instance at 0x7f789fb2ad20>,32,13,[8 5],33,139,152,106,132
1,<environment.Job instance at 0x7f789f5f17d0>,55,14,[6 4],56,152,166,96,140
1,<environment.Job instance at 0x7f789f98e050>,10,14,[3 5],11,14,28,3,14
1,<environment.Job instance at 0x7f78e37e9a50>,8,18,[ 1 10],9,28,46,19,17
1,<environment.Job instance at 0x7f789f9a6be0>,13,17,[8 5],14,46,63,32,41
1,<environment.Job instance at 0x7f789f9b9e60>,15,13,[3 6],16,63,76,47,51
1,<environment.Job instance at 0x7f789f9a41e0>,25,16,[9 5],26,76,92,50,63
1,<environment.Job instance at 0x7f789f9bb050>,30,17,[3 8],31,92,109,61,81
1,<environment.Job instance at 0x7f789f9a5aa0>,39,16,[10  5],40,109,125,69,96
1,<environment.Job instance at 0x7f789f9a5dc0>,43,3,[7 3],44,125,128,81,122
1,<environment.Job instance at 0x7f789f9a5320>,45,20,[8 3],46,128,148,82,122
1,<environment.Job instance at 0x7f789f9a5050>,47,12,[2 7],48,125,137,77,124
1,<environment.Job instance at 0x7f789f9a43c0>,21,13,[5 5],22,148,161,126,134
1,<environment.Job instance at 0x7f789f9a5500>,49,12,[3 6],50,161,173,111,146
1,<environment.Job instance at 0x7f78e3d640a0>,1,15,[5 5],2,2,17,0,2
1,<environment.Job instance at 0x7f78e3e09f50>,3,1,[3 6],4,17,18,13,5
1,<environment.Job instance at 0x7f78e3e09eb0>,5,1,[3 8],6,18,19,12,6
1,<environment.Job instance at 0x7f78e3e09b90>,8,2,[2 7],9,19,21,10,9
1,<environment.Job instance at 0x7f78e32683c0>,15,18,[10  2],16,21,39,5,19
1,<environment.Job instance at 0x7f78e3e09280>,11,1,[4 6],12,39,40,27,19
1,<environment.Job instance at 0x7f78e3268f50>,23,14,[5 8],24,40,54,16,25
1,<environment.Job instance at 0x7f78e3eb8640>,30,14,[3 7],31,54,68,23,42
1,<environment.Job instance at 0x7f78e3eb8af0>,33,16,[7 2],34,54,70,20,43
1,<environment.Job instance at 0x7f78e3e097d0>,12,14,[4 6],13,70,84,57,64
1,<environment.Job instance at 0x7f78e3eb8e10>,38,1,[ 5 10],39,84,85,45,68
1,<environment.Job instance at 0x7f78e3e09a00>,10,13,[2 9],11,85,98,74,76
1,<environment.Job instance at 0x7f78e3eb8d70>,40,16,[3 7],41,98,114,57,86
1,<environment.Job instance at 0x7f78e3812870>,48,14,[ 4 10],49,114,128,65,99
1,<environment.Job instance at 0x7f78e3812280>,44,18,[6 4],45,128,146,83,120
1,<environment.Job instance at 0x7f78e3825550>,60,3,[10  5],61,146,149,85,130
1,<environment.Job instance at 0x7f78e3825870>,61,15,[5 4],62,149,164,87,135
1,<environment.Job instance at 0x7f78e3812c30>,41,14,[5 5],42,149,163,107,139
1,<environment.Job instance at 0x7f78e3489a50>,9,2,[2 6],10,13,15,3,13
1,<environment.Job instance at 0x7f78e3489050>,10,1,[7 5],11,15,16,4,13
1,<environment.Job instance at 0x7f78e34891e0>,12,14,[7 5],13,16,30,3,13
1,<environment.Job instance at 0x7f78e34899b0>,8,14,[ 5 10],9,30,44,21,15
1,<environment.Job instance at 0x7f78e3a6b460>,20,13,[5 9],21,54,67,33,54
1,<environment.Job instance at 0x7f78e3471050>,7,18,[1 7],8,67,85,59,56
1,<environment.Job instance at 0x7f78e33bebe0>,5,25,[6 2],6,67,92,61,63
1,<environment.Job instance at 0x7f78e39894b0>,6,15,[9 5],7,92,107,85,86
1,<environment.Job instance at 0x7f78e3996f50>,36,12,[2 7],37,107,119,70,101
1,<environment.Job instance at 0x7f78e3996cd0>,37,12,[8 2],38,107,119,69,102
1,<environment.Job instance at 0x7f789f67c0a0>,44,25,[5 4],45,119,144,74,115
1,<environment.Job instance at 0x7f789fa40d70>,52,12,[7 3],53,144,156,91,127
1,<environment.Job instance at 0x7f789f8da910>,56,13,[5 9],57,156,169,99,140
1,<environment.Job instance at 0x7f789f8da640>,3,17,[8 5],4,4,21,0,4
1,<environment.Job instance at 0x7f789f77e0f0>,8,15,[3 5],9,21,36,12,15
1,<environment.Job instance at 0x7f789f77e370>,13,14,[6 5],14,21,35,7,17
1,<environment.Job instance at 0x7f789f77e730>,16,18,[3 5],17,35,53,18,25
1,<environment.Job instance at 0x7f789f775190>,25,13,[3 7],26,53,66,27,38
1,<environment.Job instance at 0x7f789f775410>,27,12,[6 4],28,66,78,38,52
1,<environment.Job instance at 0x7f789f775b40>,36,14,[1 8],37,78,92,41,64
1,<environment.Job instance at 0x7f789f77e5a0>,12,15,[8 5],13,92,107,79,89
1,<environment.Job instance at 0x7f789f776280>,46,17,[6 1],47,107,124,60,103
1,<environment.Job instance at 0x7f789f776320>,47,13,[8 4],48,124,137,76,114
1,<environment.Job instance at 0x7f789f7765a0>,51,3,[7 1],52,137,140,85,134
1,<environment.Job instance at 0x7f789f776910>,52,20,[7 4],53,140,160,87,134
1,<environment.Job instance at 0x7f789f776af0>,53,2,[ 1 10],54,160,162,106,134
1,<environment.Job instance at 0x7f789f776960>,54,1,[4 9],55,162,163,107,134
1,<environment.Job instance at 0x7f78e3a5b730>,1,13,[4 7],2,2,15,0,2
1,<environment.Job instance at 0x7f789f8daa50>,3,18,[5 6],4,15,33,11,4
1,<environment.Job instance at 0x7f78e33ddb90>,14,14,[10  2],15,33,47,18,21
1,<environment.Job instance at 0x7f78ea6ccb40>,23,27,[8 2],24,47,74,23,45
1,<environment.Job instance at 0x7f78e390dcd0>,32,3,[6 3],33,74,77,41,62
1,<environment.Job instance at 0x7f789fa4b5a0>,37,28,[1 5],38,66,94,28,66
1,<environment.Job instance at 0x7f78e3411be0>,38,16,[7 3],39,77,93,38,66
1,<environment.Job instance at 0x7f78ea71bbe0>,42,15,[2 8],43,94,109,51,83
1,<environment.Job instance at 0x7f789fba2690>,47,14,[ 3 10],48,109,123,61,94
1,<environment.Job instance at 0x7f78e3c34730>,54,1,[9 3],55,123,124,68,108
1,<environment.Job instance at 0x7f78e3c34f00>,55,1,[9 2],56,124,125,68,110
1,<environment.Job instance at 0x7f78e3c34050>,56,14,[10  4],57,125,139,68,110
1,<environment.Job instance at 0x7f78e3c34280>,62,16,[10  3],63,139,155,76,127
1,<environment.Job instance at 0x7f78e33dd730>,1,18,[7 5],2,2,20,0,2
1,<environment.Job instance at 0x7f789fa9ce10>,8,17,[6 5],9,20,37,11,9
1,<environment.Job instance at 0x7f78e31e5820>,17,3,[1 5],18,33,36,15,33
1,<environment.Job instance at 0x7f789f863230>,18,1,[1 6],19,37,38,18,33
1,<environment.Job instance at 0x7f78e30f3f50>,10,18,[6 2],11,37,55,26,34
1,<environment.Job instance at 0x7f789f8d21e0>,27,15,[ 1 10],28,55,70,27,41
1,<environment.Job instance at 0x7f789fb2c3c0>,35,14,[2 5],36,70,84,34,65
1,<environment.Job instance at 0x7f789f8b5190>,37,2,[10  3],38,84,86,46,68
1,<environment.Job instance at 0x7f789f8b52d0>,39,18,[5 7],40,86,104,46,75
1,<environment.Job instance at 0x7f78e31e1820>,14,18,[5 7],15,104,122,89,93
1,<environment.Job instance at 0x7f78e3808640>,52,1,[4 6],53,122,123,69,102
1,<environment.Job instance at 0x7f78e3808d70>,54,14,[8 2],55,123,137,68,109
1,<environment.Job instance at 0x7f78e33d7820>,62,18,[7 4],63,137,155,74,127
1,<environment.Job instance at 0x7f78e35ccd70>,1,1,[2 6],2,2,3,0,2
1,<environment.Job instance at 0x7f78e3d40a00>,3,18,[8 4],4,5,23,1,5
1,<environment.Job instance at 0x7f78e3622870>,11,19,[8 1],12,29,48,17,29
1,<environment.Job instance at 0x7f78e363b730>,26,1,[10  2],27,48,49,21,34
1,<environment.Job instance at 0x7f78e363bb40>,29,18,[8 5],30,49,67,19,49
1,<environment.Job instance at 0x7f78e36183c0>,37,18,[3 9],38,67,85,29,66
1,<environment.Job instance at 0x7f78e36185a0>,40,2,[2 6],41,85,87,44,74
1,<environment.Job instance at 0x7f78e3618640>,41,1,[6 3],42,85,86,43,74
1,<environment.Job instance at 0x7f78e3618500>,39,13,[4 9],40,87,100,47,76
1,<environment.Job instance at 0x7f78e36188c0>,45,15,[ 5 10],46,100,115,54,87
1,<environment.Job instance at 0x7f78e363b370>,20,17,[3 6],21,115,132,94,104
1,<environment.Job instance at 0x7f78e36052d0>,55,18,[2 8],56,132,150,76,125
1,<environment.Job instance at 0x7f789f95df00>,2,1,[ 4 10],3,3,4,0,3
1,<environment.Job instance at 0x7f789f5a0640>,4,12,[6 5],5,5,17,0,5
1,<environment.Job instance at 0x7f789f5a0870>,6,17,[3 7],7,17,34,10,7
1,<environment.Job instance at 0x7f789fd2b550>,21,1,[9 2],22,34,35,12,22
1,<environment.Job instance at 0x7f789fd2b4b0>,20,15,[10  1],21,35,50,14,32
1,<environment.Job instance at 0x7f78e3803d70>,32,23,[5 4],33,51,74,18,51
1,<environment.Job instance at 0x7f789fd2ba00>,16,15,[5 2],17,62,77,45,62
1,<environment.Job instance at 0x7f78e3421190>,42,14,[1 7],43,74,88,31,67
1,<environment.Job instance at 0x7f78e3421c30>,39,13,[9 3],40,77,90,37,70
1,<environment.Job instance at 0x7f78e3421230>,44,17,[2 6],45,90,107,45,79
1,<environment.Job instance at 0x7f78e34214b0>,50,2,[3 5],51,107,109,56,103
1,<environment.Job instance at 0x7f789f5773c0>,53,1,[1 7],54,109,110,55,103
1,<environment.Job instance at 0x7f789f5776e0>,54,14,[7 1],55,103,117,48,103
1,<environment.Job instance at 0x7f78e3695c30>,29,17,[8 1],30,117,134,87,107
1,<environment.Job instance at 0x7f789f577fa0>,56,15,[4 6],57,134,149,77,120
1,<environment.Job instance at 0x7f789fb01aa0>,67,12,[2 6],68,149,161,81,134
1,<environment.Job instance at 0x7f789f970820>,2,3,[5 1],3,3,6,0,3
1,<environment.Job instance at 0x7f78e361c460>,5,13,[6 3],6,6,19,0,6
1,<environment.Job instance at 0x7f78e361ce60>,10,14,[9 2],11,19,33,8,13
1,<environment.Job instance at 0x7f78e31f6b90>,18,14,[4 6],19,33,47,14,19
1,<environment.Job instance at 0x7f78e3598c30>,20,13,[5 5],21,47,60,26,33
1,<environment.Job instance at 0x7f78e3598e10>,23,17,[5 5],24,48,65,24,48
1,<environment.Job instance at 0x7f78e35985a0>,21,15,[9 3],22,65,80,43,51
1,<environment.Job instance at 0x7f78e3598dc0>,28,16,[5 4],29,80,96,51,67
1,<environment.Job instance at 0x7f78e3598870>,33,27,[1 6],34,84,111,50,84
1,<environment.Job instance at 0x7f78e3517370>,39,14,[2 5],40,111,125,71,96
1,<environment.Job instance at 0x7f78e35175f0>,43,2,[6 1],44,98,100,54,98
1,<environment.Job instance at 0x7f78e361cd70>,12,27,[7 3],13,100,127,87,98
1,<environment.Job instance at 0x7f789fc6a870>,52,17,[10  4],53,127,144,74,115
1,<environment.Job instance at 0x7f789fc6a050>,55,18,[4 5],56,144,162,88,133
1,<environment.Job instance at 0x7f78e3c420a0>,60,2,[9 4],61,162,164,101,141
1,<environment.Job instance at 0x7f789f9ac820>,1,12,[5 4],2,2,14,0,2
1,<environment.Job instance at 0x7f78e31d3eb0>,3,15,[1 6],4,4,19,0,4
1,<environment.Job instance at 0x7f78e3992820>,8,18,[9 5],9,19,37,10,13
1,<environment.Job instance at 0x7f78e37ba1e0>,23,12,[6 4],24,37,49,13,25
1,<environment.Job instance at 0x7f78e37badc0>,22,18,[4 5],23,37,55,14,26
1,<environment.Job instance at 0x7f789f7c9780>,31,17,[1 8],32,55,72,23,43
1,<environment.Job instance at 0x7f78e3992cd0>,17,16,[9 1],18,55,71,37,44
1,<environment.Job instance at 0x7f789f830320>,39,18,[2 6],40,72,90,32,62
1,<environment.Job instance at 0x7f789f88f960>,26,16,[7 3],27,74,90,47,74
1,<environment.Job instance at 0x7f78e3334870>,48,13,[2 8],49,90,103,41,76
1,<environment.Job instance at 0x7f78e3362780>,54,18,[8 4],55,103,121,48,96
1,<environment.Job instance at 0x7f789f895fa0>,49,12,[ 5 10],50,121,133,71,110
1,<environment.Job instance at 0x7f78e3b629b0>,66,3,[5 4],67,133,136,66,120
1,<environment.Job instance at 0x7f78e3b62410>,67,14,[8 2],68,136,150,68,121
1,<environment.Job instance at 0x7f78e3b624b0>,60,2,[5 7],61,150,152,89,127
1,<environment.Job instance at 0x7f78e3f37730>,0,13,[5 6],1,1,14,0,1
1,<environment.Job instance at 0x7f789f42d640>,5,15,[1 6],6,14,29,8,6
1,<environment.Job instance at 0x7f789fb92190>,9,2,[1 6],10,29,31,19,10
1,<environment.Job instance at 0x7f78e3de35f0>,10,26,[5 4],11,14,40,3,14
1,<environment.Job instance at 0x7f78e3ddd320>,16,1,[2 7],17,40,41,23,17
1,<environment.Job instance at 0x7f78e3c08410>,23,13,[9 3],24,41,54,17,26
1,<environment.Job instance at 0x7f78e3c08c30>,26,3,[3 6],27,35,38,8,35
1,<environment.Job instance at 0x7f78e3c08820>,27,16,[10  1],28,54,70,26,41
1,<environment.Job instance at 0x7f78e3a425f0>,34,13,[4 6],35,70,83,35,54
1,<environment.Job instance at 0x7f78e3b94fa0>,37,23,[6 1],38,70,93,32,65
1,<environment.Job instance at 0x7f78e3b624b0>,2,16,[4 5],3,83,99,80,72
1,<environment.Job instance at 0x7f78e35ff0f0>,20,14,[ 3 10],21,99,113,78,85
1,<environment.Job instance at 0x7f789fb45820>,55,13,[10  3],56,113,126,57,107
1,<environment.Job instance at 0x7f789fc44e60>,0,15,[4 6],1,1,16,0,1
1,<environment.Job instance at 0x7f789f6f1050>,2,14,[6 1],3,3,17,0,3
1,<environment.Job instance at 0x7f78e3c42d70>,8,12,[1 5],9,16,28,7,11
1,<environment.Job instance at 0x7f789f57eaa0>,12,16,[2 8],13,28,44,15,19
1,<environment.Job instance at 0x7f78e37e1780>,13,13,[5 2],14,19,32,5,19
1,<environment.Job instance at 0x7f78e37e1be0>,15,17,[5 2],16,32,49,16,20
1,<environment.Job instance at 0x7f78e37e1cd0>,16,12,[9 5],17,49,61,32,35
1,<environment.Job instance at 0x7f78e367e2d0>,23,13,[8 4],24,61,74,37,45
1,<environment.Job instance at 0x7f78e367eeb0>,36,16,[5 9],37,74,90,37,62
1,<environment.Job instance at 0x7f78e367ea00>,35,18,[3 9],36,90,108,54,84
1,<environment.Job instance at 0x7f78e36f2f50>,41,28,[7 1],42,93,121,51,93
1,<environment.Job instance at 0x7f78e36f26e0>,52,16,[1 6],53,108,124,55,106
1,<environment.Job instance at 0x7f78e3e761e0>,54,3,[10  2],55,124,127,69,112
1,<environment.Job instance at 0x7f78e3e76d70>,55,13,[5 4],56,127,140,71,112
1,<environment.Job instance at 0x7f78e3e76050>,57,3,[7 2],58,121,124,63,112
1,<environment.Job instance at 0x7f78e3e762d0>,62,1,[6 4],63,140,141,77,118
1,<environment.Job instance at 0x7f78e3e763c0>,63,1,[4 7],64,141,142,77,118
1,<environment.Job instance at 0x7f78e3e76e60>,64,3,[8 1],65,142,145,77,118
1,<environment.Job instance at 0x7f78e3e764b0>,67,17,[3 8],68,145,162,77,133
1,<environment.Job instance at 0x7f78e3886eb0>,2,26,[5 4],3,7,33,4,7
1,<environment.Job instance at 0x7f78e3b30eb0>,20,18,[7 5],21,33,51,12,22
1,<environment.Job instance at 0x7f78e3b14870>,23,2,[7 4],24,51,53,27,38
1,<environment.Job instance at 0x7f78e3b37690>,26,18,[7 2],27,53,71,26,47
1,<environment.Job instance at 0x7f78e3ab5140>,29,1,[1 5],30,47,48,17,47
1,<environment.Job instance at 0x7f78e3256a00>,31,3,[10  3],32,71,74,39,60
1,<environment.Job instance at 0x7f78e3b372d0>,34,26,[5 3],35,74,100,39,71
1,<environment.Job instance at 0x7f789f4cd370>,36,3,[10  3],37,100,103,63,74
1,<environment.Job instance at 0x7f78e3a9e050>,39,16,[1 7],40,79,95,39,79
1,<environment.Job instance at 0x7f78e3a9e140>,40,17,[4 5],41,103,120,62,91
1,<environment.Job instance at 0x7f78e3174370>,47,18,[3 8],48,120,138,72,110
1,<environment.Job instance at 0x7f78e319f2d0>,53,12,[2 8],54,138,150,84,125
1,<environment.Job instance at 0x7f78e319fd70>,55,12,[7 2],56,128,140,72,128
1,<environment.Job instance at 0x7f78e319f9b0>,56,17,[1 9],57,150,167,93,138
1,<environment.Job instance at 0x7f789f3a1d70>,1,1,[6 2],2,2,3,0,2
1,<environment.Job instance at 0x7f78e3c36d70>,5,2,[7 2],6,6,8,0,6
1,<environment.Job instance at 0x7f78e3c1d7d0>,6,1,[3 9],7,8,9,1,7
1,<environment.Job instance at 0x7f78e3c1dbe0>,8,17,[ 3 10],9,9,26,0,9
1,<environment.Job instance at 0x7f78ea690730>,17,18,[7 1],18,26,44,8,25
1,<environment.Job instance at 0x7f789f888190>,28,18,[1 8],29,29,47,0,29
1,<environment.Job instance at 0x7f789f3fee10>,31,14,[ 4 10],32,47,61,15,34
1,<environment.Job instance at 0x7f789fae3a50>,22,2,[8 3],23,61,63,38,37
1,<environment.Job instance at 0x7f789f3fe7d0>,33,14,[7 2],34,63,77,29,49
1,<environment.Job instance at 0x7f789f7eccd0>,43,17,[2 7],44,64,81,20,64
1,<environment.Job instance at 0x7f78e3c441e0>,24,14,[ 1 10],25,81,95,56,72
1,<environment.Job instance at 0x7f789f7e3140>,53,12,[8 3],54,95,107,41,82
1,<environment.Job instance at 0x7f78e36250f0>,49,13,[3 7],50,107,120,57,92
1,<environment.Job instance at 0x7f78e39d3140>,64,16,[1 9],65,120,136,55,115
1,<environment.Job instance at 0x7f78e3b6ed20>,69,17,[8 3],70,136,153,66,124
1,<environment.Job instance at 0x7f78e38d8c30>,1,18,[10  5],2,2,20,0,2
1,<environment.Job instance at 0x7f789fb97eb0>,9,2,[10  2],10,20,22,10,13
1,<environment.Job instance at 0x7f78e3cc8730>,8,12,[5 8],9,22,34,13,14
1,<environment.Job instance at 0x7f789fb97aa0>,11,17,[4 7],12,34,51,22,22
1,<environment.Job instance at 0x7f78e3cfa140>,20,13,[6 2],21,34,47,13,34
1,<environment.Job instance at 0x7f78e3cfad20>,17,15,[10  3],18,51,66,33,39
1,<environment.Job instance at 0x7f78e35dc1e0>,32,1,[ 1 10],33,66,67,33,57
1,<environment.Job instance at 0x7f78e35dc140>,34,2,[2 8],35,67,69,32,57
1,<environment.Job instance at 0x7f78e35dc5f0>,35,3,[5 6],36,69,72,33,57
1,<environment.Job instance at 0x7f78e35dc690>,36,12,[10  4],37,72,84,35,59
1,<environment.Job instance at 0x7f789fbbea50>,41,13,[3 9],42,84,97,42,69
1,<environment.Job instance at 0x7f789fbbe730>,43,15,[4 7],44,97,112,53,83
1,<environment.Job instance at 0x7f78e38fcdc0>,47,15,[5 2],48,97,112,49,88
1,<environment.Job instance at 0x7f78e38fc5f0>,51,17,[10  4],52,112,129,60,100
1,<environment.Job instance at 0x7f78e35dc410>,26,14,[3 8],27,129,143,102,116
1,<environment.Job instance at 0x7f78e3250730>,65,1,[3 7],66,143,144,77,136
1,<environment.Job instance at 0x7f78e32503c0>,66,1,[2 5],67,144,145,77,136
1,<environment.Job instance at 0x7f78e3250370>,1,15,[6 3],2,2,17,0,2
1,<environment.Job instance at 0x7f78e31df500>,4,1,[2 8],5,17,18,12,5
1,<environment.Job instance at 0x7f789f433e60>,7,2,[9 4],8,18,20,10,8
1,<environment.Job instance at 0x7f789f9b60f0>,8,2,[8 1],9,20,22,11,9
1,<environment.Job instance at 0x7f78e3da2640>,9,1,[2 9],10,20,21,10,10
1,<environment.Job instance at 0x7f78e404c0f0>,11,18,[5 5],12,22,40,10,12
1,<environment.Job instance at 0x7f78e40774b0>,22,28,[1 8],23,40,68,17,40
1,<environment.Job instance at 0x7f789f9a83c0>,39,24,[7 2],40,81,105,41,81
1,<environment.Job instance at 0x7f78e3c80190>,41,14,[6 2],42,105,119,63,105
1,<environment.Job instance at 0x7f78e3c808c0>,43,16,[2 8],44,105,121,61,105
1,<environment.Job instance at 0x7f78e40791e0>,48,16,[10  1],49,121,137,72,118
1,<environment.Job instance at 0x7f78e36c15f0>,52,12,[1 5],53,137,149,84,120
1,<environment.Job instance at 0x7fc6b96296e0>,1,18,[4 6],2,2,20,0,2
1,<environment.Job instance at 0x7fc6b21901e0>,3,3,[1 5],4,20,23,16,4
1,<environment.Job instance at 0x7fc6b2190500>,6,3,[8 4],7,20,23,13,7
1,<environment.Job instance at 0x7fc6b2190820>,11,1,[3 9],12,23,24,11,15
1,<environment.Job instance at 0x7fc6b2190fa0>,17,2,[3 9],18,24,26,6,22
1,<environment.Job instance at 0x7fc6b2194780>,23,1,[8 3],24,26,27,2,24
1,<environment.Job instance at 0x7fc6b21946e0>,24,17,[5 4],25,27,44,2,25
1,<environment.Job instance at 0x7fc6b2194910>,25,15,[9 2],26,44,59,18,30
1,<environment.Job instance at 0x7fc6b2194b40>,27,14,[ 1 10],28,59,73,31,47
1,<environment.Job instance at 0x7fc6b21915f0>,37,20,[6 3],38,73,93,35,64
1,<environment.Job instance at 0x7fc6b2194be0>,28,24,[3 7],29,75,99,46,75
1,<environment.Job instance at 0x7fc6b2194280>,19,18,[8 2],20,99,117,79,90
1,<environment.Job instance at 0x7fc6b21981e0>,55,13,[ 5 10],56,117,130,61,106
1,<environment.Job instance at 0x7fc6b21989b0>,61,1,[1 5],62,130,131,68,127
1,<environment.Job instance at 0x7fc6b2198820>,62,3,[9 3],63,130,133,67,127
1,<environment.Job instance at 0x7fc6b2198af0>,64,2,[7 5],65,133,135,68,132
1,<environment.Job instance at 0x7fc6b2198f50>,66,15,[ 4 10],67,135,150,68,133
1,<environment.Job instance at 0x7fc6b2198e10>,1,3,[4 5],2,2,5,0,2
1,<environment.Job instance at 0x7fc6b95c81e0>,2,13,[1 5],3,3,16,0,3
1,<environment.Job instance at 0x7fc6b95c8dc0>,5,17,[10  3],6,16,33,10,6
1,<environment.Job instance at 0x7fc6b971b370>,12,12,[ 1 10],13,33,45,20,24
1,<environment.Job instance at 0x7fc6b95c8320>,3,18,[1 7],4,45,63,41,34
1,<environment.Job instance at 0x7fc6b9711320>,14,14,[5 6],15,63,77,48,51
1,<environment.Job instance at 0x7fc6b9713410>,29,25,[10  1],30,77,102,47,73
1,<environment.Job instance at 0x7fc6b9716a50>,40,18,[2 9],41,102,120,61,93
1,<environment.Job instance at 0x7fc6b970d2d0>,42,18,[5 3],43,120,138,77,109
1,<environment.Job instance at 0x7fc6b95c7280>,54,13,[4 6],55,124,137,69,124
1,<environment.Job instance at 0x7fc6b9713870>,27,14,[9 5],28,138,152,110,125
1,<environment.Job instance at 0x7fc6b95c7910>,57,16,[2 8],58,152,168,94,146
1,<environment.Job instance at 0x7fc6b95c7190>,1,3,[5 3],2,2,5,0,2
1,<environment.Job instance at 0x7fc6b959f0a0>,4,2,[5 1],5,5,7,0,5
1,<environment.Job instance at 0x7fc66e3e4230>,5,12,[7 3],6,7,19,1,6
1,<environment.Job instance at 0x7fc66e593d20>,11,17,[ 4 10],12,19,36,7,12
1,<environment.Job instance at 0x7fc6b1f4af00>,18,14,[7 2],19,36,50,17,23
1,<environment.Job instance at 0x7fc6b2608fa0>,21,15,[5 2],22,50,65,28,36
1,<environment.Job instance at 0x7fc6b1f1bc80>,25,2,[9 2],26,65,67,39,39
1,<environment.Job instance at 0x7fc66e49e460>,26,15,[10  4],27,67,82,40,53
1,<environment.Job instance at 0x7fc66e4b6730>,37,12,[8 3],38,82,94,44,67
1,<environment.Job instance at 0x7fc6b201c1e0>,44,1,[5 5],45,94,95,49,78
1,<environment.Job instance at 0x7fc6b1f60910>,48,2,[2 8],49,95,97,46,83
1,<environment.Job instance at 0x7fc6b1f60e10>,49,16,[3 9],50,97,113,47,89
1,<environment.Job instance at 0x7fc6b1ff20f0>,55,15,[ 3 10],56,113,128,57,100
1,<environment.Job instance at 0x7fc66e43afa0>,58,16,[5 4],59,131,147,72,131
1,<environment.Job instance at 0x7fc66e4386e0>,59,17,[9 5],60,147,164,87,135
1,<environment.Job instance at 0x7fc6b970d410>,0,14,[4 7],1,1,15,0,1
1,<environment.Job instance at 0x7fc66e4ace60>,2,13,[8 5],3,15,28,12,3
1,<environment.Job instance at 0x7fc6b2243e60>,16,2,[5 9],17,34,36,17,34
1,<environment.Job instance at 0x7fc6b2243370>,17,17,[2 5],18,36,53,18,34
1,<environment.Job instance at 0x7fc6b22e5640>,18,16,[1 7],19,53,69,34,40
1,<environment.Job instance at 0x7fc6b67503c0>,21,1,[4 9],22,69,70,47,49
1,<environment.Job instance at 0x7fc66e3e4870>,24,27,[7 4],25,70,97,45,68
1,<environment.Job instance at 0x7fc6b222c500>,14,15,[2 9],15,97,112,82,91
1,<environment.Job instance at 0x7fc6b2535b90>,37,16,[4 5],38,112,128,74,106
1,<environment.Job instance at 0x7fc6b2535460>,45,17,[4 9],46,128,145,82,118
1,<environment.Job instance at 0x7fc66e3e5320>,56,16,[5 5],57,145,161,88,142
1,<environment.Job instance at 0x7fc6b20fdc80>,4,22,[5 2],5,5,27,0,5
1,<environment.Job instance at 0x7fc6b6c57730>,16,12,[1 6],17,24,36,7,24
1,<environment.Job instance at 0x7fc6b6c91280>,18,12,[4 6],19,36,48,17,24
1,<environment.Job instance at 0x7fc6b6c57910>,14,26,[6 4],15,27,53,12,24
1,<environment.Job instance at 0x7fc6b6c91820>,20,17,[4 9],21,53,70,32,41
1,<environment.Job instance at 0x7fc66ea27280>,10,18,[7 4],11,70,88,59,59
1,<environment.Job instance at 0x7fc6b6c85b40>,39,16,[10  2],40,88,104,48,77
1,<environment.Job instance at 0x7fc6b6c8b910>,49,17,[5 2],50,104,121,54,94
1,<environment.Job instance at 0x7fc6b6c8d960>,25,14,[1 8],26,104,118,78,94
1,<environment.Job instance at 0x7fc66e7b8eb0>,54,18,[1 7],55,118,136,63,107
1,<environment.Job instance at 0x7fc6b1f85be0>,61,15,[8 4],62,136,151,74,128
1,<environment.Job instance at 0x7fc66e7b7960>,63,12,[9 2],64,151,163,87,140
1,<environment.Job instance at 0x7fc6b6b54dc0>,1,16,[5 1],2,3,19,1,3
1,<environment.Job instance at 0x7fc6b6b6d320>,8,18,[7 1],9,19,37,10,9
1,<environment.Job instance at 0x7fc6b6877c80>,16,23,[6 2],17,37,60,20,31
1,<environment.Job instance at 0x7fc6b68773c0>,25,1,[ 3 10],26,60,61,34,44
1,<environment.Job instance at 0x7fc6b6877460>,26,3,[4 6],27,44,47,17,44
1,<environment.Job instance at 0x7fc6b6877370>,27,16,[4 8],28,61,77,33,48
1,<environment.Job instance at 0x7fc6b6b6d4b0>,11,15,[5 4],12,77,92,65,63
1,<environment.Job instance at 0x7fc6b2555f50>,35,24,[3 5],36,77,101,41,74
1,<environment.Job instance at 0x7fc6b2555870>,38,17,[2 5],39,92,109,53,84
1,<environment.Job instance at 0x7fc6b25554b0>,42,3,[9 5],43,109,112,66,91
1,<environment.Job instance at 0x7fc6b2555a00>,46,21,[6 3],47,112,133,65,104
1,<environment.Job instance at 0x7fc6b6b585a0>,48,26,[4 6],49,114,140,65,114
1,<environment.Job instance at 0x7fc6b6856b90>,66,12,[ 1 10],67,140,152,73,123
1,<environment.Job instance at 0x7fc6b68866e0>,2,2,[8 2],3,3,5,0,3
1,<environment.Job instance at 0x7fc6b6bd7f00>,3,3,[5 4],4,5,8,1,4
1,<environment.Job instance at 0x7fc6b220dd70>,4,18,[4 6],5,5,23,0,5
1,<environment.Job instance at 0x7fc6b220de10>,5,1,[2 8],6,23,24,17,6
1,<environment.Job instance at 0x7fc6b20f5eb0>,9,21,[ 2 10],10,24,45,14,16
1,<environment.Job instance at 0x7fc6b20a1460>,20,14,[2 6],21,45,59,24,30
1,<environment.Job instance at 0x7fc6b69a4780>,14,17,[6 3],15,45,62,30,34
1,<environment.Job instance at 0x7fc6b226e460>,30,14,[8 3],31,62,76,31,52
1,<environment.Job instance at 0x7fc66e487cd0>,26,26,[1 5],27,59,85,32,56
1,<environment.Job instance at 0x7fc6b67958c0>,33,20,[4 7],34,85,105,51,81
1,<environment.Job instance at 0x7fc6b6765320>,47,19,[9 3],48,105,124,57,95
1,<environment.Job instance at 0x7fc66e6dc370>,55,26,[3 5],56,124,150,68,121
1,<environment.Job instance at 0x7fc6b919da50>,65,16,[5 2],66,125,141,59,125
1,<environment.Job instance at 0x7fc6b2455e60>,66,17,[5 4],67,141,158,74,131
1,<environment.Job instance at 0x7fc6b2216870>,0,15,[7 5],1,1,16,0,1
1,<environment.Job instance at 0x7fc6b68c82d0>,12,12,[1 6],13,16,28,3,13
1,<environment.Job instance at 0x7fc6b68c8780>,16,2,[3 6],17,28,30,11,19
1,<environment.Job instance at 0x7fc6b68c8dc0>,20,16,[6 4],21,21,37,0,21
1,<environment.Job instance at 0x7fc6b68c1be0>,30,18,[6 1],31,37,55,6,33
1,<environment.Job instance at 0x7fc6b68c1f00>,35,22,[8 5],36,55,77,19,53
1,<environment.Job instance at 0x7fc6b68c1fa0>,36,12,[5 2],37,77,89,40,67
1,<environment.Job instance at 0x7fc6b689d870>,44,2,[6 2],45,89,91,44,76
1,<environment.Job instance at 0x7fc6b689da50>,47,2,[7 5],48,91,93,43,77
1,<environment.Job instance at 0x7fc6b689d9b0>,46,12,[5 7],47,93,105,46,78
1,<environment.Job instance at 0x7fc6b689ddc0>,56,2,[9 1],57,105,107,48,95
1,<environment.Job instance at 0x7fc6b689daf0>,48,14,[4 9],49,107,121,58,97
1,<environment.Job instance at 0x7fc6b68ac3c0>,58,3,[4 8],59,121,124,62,105
1,<environment.Job instance at 0x7fc6b68ac500>,59,14,[1 9],60,124,138,64,111
1,<environment.Job instance at 0x7fc6b68ac6e0>,64,13,[5 5],65,138,151,73,125
1,<environment.Job instance at 0x7fc6b6723410>,0,1,[3 9],1,1,2,0,1
1,<environment.Job instance at 0x7fc6b68acb90>,1,1,[6 3],2,2,3,0,2
1,<environment.Job instance at 0x7fc6b67f5730>,9,13,[5 8],10,10,23,0,10
1,<environment.Job instance at 0x7fc6b687f460>,8,15,[3 8],9,23,38,14,10
1,<environment.Job instance at 0x7fc6b696c5f0>,15,16,[10  2],16,38,54,22,28
1,<environment.Job instance at 0x7fc6b2030780>,25,2,[6 4],26,54,56,28,32
1,<environment.Job instance at 0x7fc66e598870>,24,3,[6 5],25,56,59,31,33
1,<environment.Job instance at 0x7fc6b2593f00>,26,3,[9 4],27,59,62,32,33
1,<environment.Job instance at 0x7fc6b6cb65a0>,28,13,[5 3],29,62,75,33,46
1,<environment.Job instance at 0x7fc66e9ce280>,21,19,[5 2],22,62,81,40,53
1,<environment.Job instance at 0x7fc6b66e8d20>,38,18,[8 1],39,81,99,42,81
1,<environment.Job instance at 0x7fc6b66e8f00>,35,12,[9 4],36,99,111,63,86
1,<environment.Job instance at 0x7fc66e420370>,48,14,[10  4],49,113,127,64,113
1,<environment.Job instance at 0x7fc6b25c3370>,52,3,[5 7],53,127,130,74,118
1,<environment.Job instance at 0x7fc6b25c3280>,53,1,[5 4],54,130,131,76,118
1,<environment.Job instance at 0x7fc6b25c3640>,54,13,[6 1],55,131,144,76,118
1,<environment.Job instance at 0x7fc6b25c3af0>,57,22,[6 3],58,144,166,86,140
1,<environment.Job instance at 0x7fc6b23df820>,0,18,[9 2],1,9,27,8,9
1,<environment.Job instance at 0x7fc6b68246e0>,11,18,[1 7],12,12,30,0,12
1,<environment.Job instance at 0x7fc66e39f6e0>,17,14,[1 6],18,30,44,12,18
1,<environment.Job instance at 0x7fc6b23cd500>,22,13,[10  5],23,44,57,21,29
1,<environment.Job instance at 0x7fc6b6824140>,13,16,[ 2 10],14,57,73,43,44
1,<environment.Job instance at 0x7fc6b2120dc0>,30,14,[6 1],31,73,87,42,61
1,<environment.Job instance at 0x7fc6b21045f0>,31,18,[4 6],32,73,91,41,63
1,<environment.Job instance at 0x7fc66ea71d20>,29,14,[6 1],30,87,101,57,76
1,<environment.Job instance at 0x7fc6b68365f0>,36,15,[4 9],37,91,106,54,77
1,<environment.Job instance at 0x7fc6b6820c30>,43,12,[5 5],44,106,118,62,90
1,<environment.Job instance at 0x7fc6b25415a0>,49,12,[1 5],50,111,123,61,111
1,<environment.Job instance at 0x7fc6b2541c30>,50,17,[6 2],51,118,135,67,112
1,<environment.Job instance at 0x7fc6b25418c0>,52,23,[5 7],53,135,158,82,129
1,<environment.Job instance at 0x7fc66ea22320>,0,16,[4 5],1,1,17,0,1
1,<environment.Job instance at 0x7fc66e503320>,6,3,[1 6],7,17,20,10,8
1,<environment.Job instance at 0x7fc66e5034b0>,8,12,[8 2],9,17,29,8,9
1,<environment.Job instance at 0x7fc66e5032d0>,14,1,[4 5],15,15,16,0,15
1,<environment.Job instance at 0x7fc66e503870>,15,12,[3 9],16,29,41,13,16
1,<environment.Job instance at 0x7fc66e503eb0>,18,17,[7 3],19,41,58,22,29
1,<environment.Job instance at 0x7fc66e503280>,7,25,[7 3],8,58,83,50,54
1,<environment.Job instance at 0x7fc66e503780>,11,16,[2 9],12,83,99,71,71
1,<environment.Job instance at 0x7fc66e4fbcd0>,36,1,[7 4],37,99,100,62,85
1,<environment.Job instance at 0x7fc66e4e0190>,39,15,[8 3],40,100,115,60,86
1,<environment.Job instance at 0x7fc66e4e0550>,45,18,[7 5],46,115,133,69,110
1,<environment.Job instance at 0x7fc66e4e0af0>,51,12,[1 6],52,133,145,81,116
1,<environment.Job instance at 0x7fc66e4e0410>,43,21,[8 2],44,133,154,89,128
1,<environment.Job instance at 0x7fc66eb303c0>,0,12,[7 4],1,1,13,0,1
1,<environment.Job instance at 0x7fc66e7e1410>,13,3,[5 5],14,22,25,8,22
1,<environment.Job instance at 0x7fc6b6836a50>,8,13,[6 3],9,25,38,16,22
1,<environment.Job instance at 0x7fc66eb30320>,7,12,[6 4],8,38,50,30,22
1,<environment.Job instance at 0x7fc66e7e1d70>,20,15,[5 5],21,50,65,29,37
1,<environment.Job instance at 0x7fc66e7e1910>,25,15,[3 7],26,65,80,39,51
1,<environment.Job instance at 0x7fc6b95ca820>,28,2,[5 8],29,80,82,51,53
1,<environment.Job instance at 0x7fc6b95ca870>,34,16,[9 1],35,82,98,47,69
1,<environment.Job instance at 0x7fc6b6a3e550>,38,16,[5 5],39,98,114,59,88
1,<environment.Job instance at 0x7fc66e361780>,48,2,[7 2],49,114,116,65,108
1,<environment.Job instance at 0x7fc66e7e1140>,16,13,[3 7],17,114,127,97,109
1,<environment.Job instance at 0x7fc66e361f00>,51,13,[ 4 10],52,127,140,75,114
1,<environment.Job instance at 0x7fc66e361b40>,53,18,[2 8],54,140,158,86,135
1,<environment.Job instance at 0x7fc6b2653f00>,1,16,[8 4],2,2,18,0,2
1,<environment.Job instance at 0x7fc6b2653a50>,3,12,[1 9],4,18,30,14,4
1,<environment.Job instance at 0x7fc6b26bbe10>,15,15,[2 7],16,30,45,14,18
1,<environment.Job instance at 0x7fc6b239dd20>,18,3,[7 1],19,34,37,15,34
1,<environment.Job instance at 0x7fc6b239daa0>,21,13,[10  5],22,45,58,23,38
1,<environment.Job instance at 0x7fc6b2653c80>,9,16,[2 8],10,58,74,48,45
1,<environment.Job instance at 0x7fc6b239dcd0>,26,12,[1 6],27,74,86,47,60
1,<environment.Job instance at 0x7fc6b239d410>,24,17,[1 8],25,86,103,61,77
1,<environment.Job instance at 0x7fc6b2086d70>,35,12,[5 2],36,77,89,41,77
1,<environment.Job instance at 0x7fc6b20868c0>,39,1,[6 5],40,103,104,63,88
1,<environment.Job instance at 0x7fc6b2086c80>,41,12,[5 4],42,104,116,62,88
1,<environment.Job instance at 0x7fc6b231bdc0>,43,15,[1 6],44,104,119,60,90
1,<environment.Job instance at 0x7fc6b231bb40>,45,3,[3 7],46,119,122,73,94
1,<environment.Job instance at 0x7fc6b2086960>,33,13,[9 3],34,122,135,88,108
1,<environment.Job instance at 0x7fc6b20f10a0>,54,12,[1 5],55,122,134,67,119
1,<environment.Job instance at 0x7fc6b20f1370>,56,16,[2 8],57,135,151,78,122
1,<environment.Job instance at 0x7fc6b227b9b0>,62,18,[4 5],63,151,169,88,140
1,<environment.Job instance at 0x7fc6b227b500>,2,2,[8 5],3,3,5,0,3
1,<environment.Job instance at 0x7fc6b6858a00>,6,2,[6 2],7,7,9,0,7
1,<environment.Job instance at 0x7fc6b67e7780>,8,14,[4 9],9,9,23,0,9
1,<environment.Job instance at 0x7fc6b6858e10>,5,1,[1 7],6,23,24,17,11
1,<environment.Job instance at 0x7fc6b6876a00>,13,2,[9 5],14,24,26,10,15
1,<environment.Job instance at 0x7fc6b6876640>,15,16,[2 5],16,26,42,10,17
1,<environment.Job instance at 0x7fc66e32c410>,24,15,[10  2],25,42,57,17,28
1,<environment.Job instance at 0x7fc66e7cf460>,29,3,[4 6],30,57,60,27,32
1,<environment.Job instance at 0x7fc66e7afdc0>,32,16,[4 5],33,60,76,27,48
1,<environment.Job instance at 0x7fc6b2665af0>,37,12,[5 4],38,62,74,24,62
1,<environment.Job instance at 0x7fc66e32c820>,23,16,[2 8],24,76,92,52,65
1,<environment.Job instance at 0x7fc6b21ca820>,48,2,[1 6],49,92,94,43,78
1,<environment.Job instance at 0x7fc6b21ca730>,49,13,[1 5],50,94,107,44,78
1,<environment.Job instance at 0x7fc66e7b0cd0>,34,22,[9 2],35,92,114,57,85
1,<environment.Job instance at 0x7fc66e9b7d70>,57,16,[10  1],58,114,130,56,101
1,<environment.Job instance at 0x7fc6b256f0f0>,60,1,[10  3],61,130,131,69,107
1,<environment.Job instance at 0x7fc6b256f5f0>,61,3,[9 5],62,131,134,69,107
1,<environment.Job instance at 0x7fc6b2578a50>,66,17,[10  1],67,134,151,67,125
1,<environment.Job instance at 0x7fc6b222e460>,0,3,[1 9],1,1,4,0,1
1,<environment.Job instance at 0x7fc6b2578c30>,2,13,[10  5],3,4,17,1,3
1,<environment.Job instance at 0x7fc66e763500>,6,2,[1 9],7,17,19,10,7
1,<environment.Job instance at 0x7fc66e763b40>,7,2,[6 5],8,19,21,11,8
1,<environment.Job instance at 0x7fc66e763af0>,8,28,[1 6],9,29,57,20,29
1,<environment.Job instance at 0x7fc66e8b6190>,22,14,[6 1],23,31,45,8,31
1,<environment.Job instance at 0x7fc6b20dc7d0>,25,16,[4 8],26,57,73,31,44
1,<environment.Job instance at 0x7fc66e6970a0>,31,19,[6 2],32,54,73,22,54
1,<environment.Job instance at 0x7fc66e697140>,34,14,[6 3],35,73,87,38,61
1,<environment.Job instance at 0x7fc66e67b6e0>,37,14,[3 6],38,73,87,35,63
1,<environment.Job instance at 0x7fc6b25a6e60>,26,19,[10  3],27,87,106,60,78
1,<environment.Job instance at 0x7fc66e8014b0>,55,18,[3 9],56,117,135,61,117
1,<environment.Job instance at 0x7fc66e25b9b0>,4,16,[1 8],5,5,21,0,5
1,<environment.Job instance at 0x7fc66e2d8a50>,10,13,[8 5],11,21,34,10,11
1,<environment.Job instance at 0x7fc6b68d2820>,2,13,[1 9],3,34,47,31,19
1,<environment.Job instance at 0x7fc66e2d88c0>,19,15,[2 7],20,47,62,27,45
1,<environment.Job instance at 0x7fc66e2d8fa0>,23,12,[4 5],24,75,87,51,75
1,<environment.Job instance at 0x7fc66e2d8550>,25,20,[5 3],26,77,97,51,77
1,<environment.Job instance at 0x7fc66e16d190>,30,18,[7 5],31,97,115,66,87
1,<environment.Job instance at 0x7fc66e2d8f50>,8,21,[8 4],9,115,136,106,108
1,<environment.Job instance at 0x7fc66e16d7d0>,43,26,[6 4],44,136,162,92,133
1,<environment.Job instance at 0x7fc66e716780>,5,2,[7 2],6,6,8,0,6
1,<environment.Job instance at 0x7fc66e716820>,6,1,[3 9],7,8,9,1,7
1,<environment.Job instance at 0x7fc66e716dc0>,8,17,[ 3 10],9,9,26,0,9
1,<environment.Job instance at 0x7fc66e6e9e60>,15,16,[1 6],16,26,42,10,16
1,<environment.Job instance at 0x7fc66e6e9500>,17,18,[7 1],18,26,44,8,24
1,<environment.Job instance at 0x7fc6b2136e10>,28,18,[1 8],29,42,60,13,32
1,<environment.Job instance at 0x7fc6b2001320>,32,20,[7 1],33,44,64,11,36
1,<environment.Job instance at 0x7fc66e295910>,30,1,[6 1],31,64,65,33,40
1,<environment.Job instance at 0x7fc66e2955f0>,34,1,[ 4 10],35,65,66,30,42
1,<environment.Job instance at 0x7fc6b2035910>,37,13,[9 1],38,66,79,28,50
1,<environment.Job instance at 0x7fc6b1ff9870>,40,15,[1 8],41,66,81,25,65
1,<environment.Job instance at 0x7fc66e2337d0>,31,14,[ 4 10],32,81,95,49,67
1,<environment.Job instance at 0x7fc6b24927d0>,48,12,[7 2],49,95,107,46,85
1,<environment.Job instance at 0x7fc6b2492780>,51,15,[1 7],52,95,110,43,85
1,<environment.Job instance at 0x7fc6b24844b0>,53,12,[8 3],54,107,119,53,92
1,<environment.Job instance at 0x7fc6b2484910>,60,17,[7 5],61,119,136,58,109
1,<environment.Job instance at 0x7fc66e7dfa00>,43,17,[2 7],44,136,153,92,127
1,<environment.Job instance at 0x7fc66e811550>,69,17,[8 3],70,136,153,66,132
1,<environment.Job instance at 0x7fc6b239a910>,1,17,[4 7],2,2,19,0,2
1,<environment.Job instance at 0x7fc66e3ccd70>,7,15,[10  3],8,19,34,11,8
1,<environment.Job instance at 0x7fc6b237dc80>,16,14,[3 8],17,34,48,17,23
1,<environment.Job instance at 0x7fc66e3054b0>,18,18,[7 5],19,48,66,29,37
1,<environment.Job instance at 0x7fc66eacb230>,19,23,[2 5],20,48,71,28,43
1,<environment.Job instance at 0x7fc66e807eb0>,30,12,[1 8],31,71,83,40,54
1,<environment.Job instance at 0x7fc6b1f0e910>,36,12,[8 2],37,66,78,29,63
1,<environment.Job instance at 0x7fc6b1f0e4b0>,37,15,[5 2],38,78,93,40,64
1,<environment.Job instance at 0x7fc6b6832b90>,14,12,[5 4],15,83,95,68,76
1,<environment.Job instance at 0x7fc6b684b690>,45,17,[5 7],46,95,112,49,90
1,<environment.Job instance at 0x7fc66eacc820>,50,2,[8 4],51,112,114,61,94
1,<environment.Job instance at 0x7fc66eaccfa0>,51,14,[ 5 10],52,114,128,62,99
1,<environment.Job instance at 0x7fc6b686cbe0>,57,12,[2 5],58,128,140,70,112
1,<environment.Job instance at 0x7fc6b686c3c0>,59,17,[8 3],60,128,145,68,116
1,<environment.Job instance at 0x7fc6b21db230>,62,18,[5 6],63,145,163,82,134
1,<environment.Job instance at 0x7fc66e1a48c0>,1,16,[3 8],2,2,18,0,2
1,<environment.Job instance at 0x7fc66e4e0370>,5,1,[ 5 10],6,18,19,12,10
1,<environment.Job instance at 0x7fc6b6a14410>,3,12,[5 4],4,19,31,15,11
1,<environment.Job instance at 0x7fc66e4e0af0>,11,14,[4 6],12,19,33,7,13
1,<environment.Job instance at 0x7fc6b68390a0>,19,24,[7 2],20,39,63,19,39
1,<environment.Job instance at 0x7fc6b68390f0>,21,14,[6 2],22,63,77,41,60
1,<environment.Job instance at 0x7fc6b6839550>,23,16,[2 8],24,60,76,36,60
1,<environment.Job instance at 0x7fc6b68398c0>,27,17,[8 1],28,77,94,49,65
1,<environment.Job instance at 0x7fc6b6839460>,17,1,[5 7],18,94,95,76,91
1,<environment.Job instance at 0x7fc66e316eb0>,37,24,[7 3],38,95,119,57,92
1,<environment.Job instance at 0x7fc66e3161e0>,44,15,[9 1],45,119,134,74,111
1,<environment.Job instance at 0x7fc66e316c30>,46,16,[2 9],47,134,150,87,126
1,<environment.Job instance at 0x7fc6b1f6dc80>,53,2,[2 9],54,150,152,96,142
1,<environment.Job instance at 0x7fc6b1f6deb0>,54,15,[4 7],55,152,167,97,142
1,<environment.Job instance at 0x7fc6b6e70320>,0,12,[3 8],1,1,13,0,1
1,<environment.Job instance at 0x7fc6b6e70b40>,2,1,[3 9],3,13,14,10,3
1,<environment.Job instance at 0x7fc66e7fce10>,8,12,[3 7],9,14,26,5,10
1,<environment.Job instance at 0x7fc6b2136730>,16,21,[7 1],17,18,39,1,18
1,<environment.Job instance at 0x7fc66e732870>,23,15,[5 9],24,39,54,15,25
1,<environment.Job instance at 0x7fc6b67d8fa0>,26,15,[7 1],27,54,69,27,40
1,<environment.Job instance at 0x7fc6b6a9fe10>,34,18,[4 8],35,69,87,34,58
1,<environment.Job instance at 0x7fc6b24a6a50>,41,14,[4 7],42,87,101,45,75
1,<environment.Job instance at 0x7fc66e9693c0>,43,14,[ 5 10],44,101,115,57,87
1,<environment.Job instance at 0x7fc6b6be96e0>,52,2,[5 3],53,115,117,62,106
1,<environment.Job instance at 0x7fc6b6be95f0>,53,17,[1 7],54,115,132,61,106
1,<environment.Job instance at 0x7fc6b6be9870>,55,14,[9 3],56,117,131,61,110
1,<environment.Job instance at 0x7fc66e45deb0>,62,17,[5 5],63,132,149,69,130
1,<environment.Job instance at 0x7f4c3f5476e0>,1,18,[4 6],2,2,20,0,2
1,<environment.Job instance at 0x7f4c380ae1e0>,3,3,[1 5],4,20,23,16,4
1,<environment.Job instance at 0x7f4c380ae460>,6,3,[8 4],7,20,23,13,7
1,<environment.Job instance at 0x7f4c380ae960>,10,16,[5 6],11,23,39,12,14
1,<environment.Job instance at 0x7f4c380b0690>,24,17,[5 4],25,30,47,5,30
1,<environment.Job instance at 0x7f4c380aeb40>,15,16,[9 1],16,48,64,32,48
1,<environment.Job instance at 0x7f4c380b0f00>,31,13,[6 4],32,64,77,32,53
1,<environment.Job instance at 0x7f4c380b06e0>,22,26,[7 2],23,77,103,54,74
1,<environment.Job instance at 0x7f4c380b0c30>,28,24,[3 7],29,93,117,64,93
1,<environment.Job instance at 0x7f4c380b2550>,37,20,[6 3],38,103,123,65,98
1,<environment.Job instance at 0x7f4c380b61e0>,55,13,[ 5 10],56,123,136,67,120
1,<environment.Job instance at 0x7f4c380b2eb0>,50,14,[9 4],51,136,150,85,127
1,<environment.Job instance at 0x7f4c380b6780>,65,14,[1 8],66,150,164,84,137
1,<environment.Job instance at 0x7f4c380ae140>,1,19,[2 5],2,2,21,0,2
1,<environment.Job instance at 0x7f4c3f62d870>,9,17,[4 5],10,11,28,1,11
1,<environment.Job instance at 0x7f4c3f62d5a0>,10,2,[6 5],11,21,23,10,14
1,<environment.Job instance at 0x7f4c3f62d280>,12,3,[5 4],13,23,26,10,14
1,<environment.Job instance at 0x7f4c3f631910>,15,3,[5 1],16,26,29,10,16
1,<environment.Job instance at 0x7f4c3f6312d0>,16,20,[9 3],17,29,49,12,20
1,<environment.Job instance at 0x7f4c3f6315a0>,20,18,[6 2],21,49,67,28,39
1,<environment.Job instance at 0x7f4c3f4e6dc0>,26,3,[ 2 10],27,67,70,40,46
1,<environment.Job instance at 0x7f4c3f4e6e60>,29,13,[7 5],30,70,83,40,58
1,<environment.Job instance at 0x7f4c3f625b90>,32,18,[5 3],33,83,101,50,72
1,<environment.Job instance at 0x7f4c3f625be0>,33,16,[1 6],34,83,99,49,72
1,<environment.Job instance at 0x7f4c3f639140>,42,15,[1 8],43,101,116,58,90
1,<environment.Job instance at 0x7f4c3f6392d0>,44,13,[4 6],45,116,129,71,105
1,<environment.Job instance at 0x7f4c3f6390f0>,46,19,[7 5],47,129,148,82,119
1,<environment.Job instance at 0x7f4c3f634a50>,52,16,[3 7],53,148,164,95,140
1,<environment.Job instance at 0x7f4c3f6316e0>,0,14,[5 3],1,1,15,0,1
1,<environment.Job instance at 0x7f4bf43abe10>,3,17,[9 5],4,15,32,11,4
1,<environment.Job instance at 0x7f4bf43ca870>,16,2,[3 6],17,32,34,15,18
1,<environment.Job instance at 0x7f4bf43cab90>,17,12,[8 3],18,34,46,16,19
1,<environment.Job instance at 0x7f4bf43cae60>,15,3,[10  3],16,46,49,30,28
1,<environment.Job instance at 0x7f4bf4336be0>,23,16,[5 7],24,49,65,25,36
1,<environment.Job instance at 0x7f4bf43ca050>,21,3,[5 9],22,65,68,43,48
1,<environment.Job instance at 0x7f4bf43ca960>,10,15,[9 3],11,68,83,57,54
1,<environment.Job instance at 0x7f4bf43b28c0>,38,16,[5 4],39,83,99,44,70
1,<environment.Job instance at 0x7f4bf43b20f0>,41,16,[3 9],42,99,115,57,86
1,<environment.Job instance at 0x7f4bf43b2aa0>,35,15,[ 3 10],36,115,130,79,108
1,<environment.Job instance at 0x7f4bf43af960>,50,18,[10  2],51,130,148,79,126
1,<environment.Job instance at 0x7f4bf44b3d70>,0,1,[2 5],1,1,2,0,1
1,<environment.Job instance at 0x7f4bf4489e10>,14,17,[5 5],15,24,41,9,24
1,<environment.Job instance at 0x7f4bf4489500>,17,18,[3 6],18,41,59,23,35
1,<environment.Job instance at 0x7f4bf49e7780>,28,12,[3 8],29,59,71,30,56
1,<environment.Job instance at 0x7f4bf49e7b40>,32,17,[1 6],33,71,88,38,60
1,<environment.Job instance at 0x7f4bf49e74b0>,31,16,[2 5],32,96,112,64,96
1,<environment.Job instance at 0x7f4bf49e7910>,41,18,[ 2 10],42,112,130,70,102
1,<environment.Job instance at 0x7f4bf49e7960>,39,24,[8 1],40,130,154,90,128
1,<environment.Job instance at 0x7f4bf4813730>,0,3,[2 6],1,1,4,0,1
1,<environment.Job instance at 0x7f4bf4497690>,4,2,[3 8],5,5,7,0,5
1,<environment.Job instance at 0x7f4bf44b4fa0>,6,2,[5 9],7,7,9,0,7
1,<environment.Job instance at 0x7f4c3f639500>,8,1,[7 4],9,9,10,0,9
1,<environment.Job instance at 0x7f4bf44b4690>,9,17,[5 2],10,10,27,0,10
1,<environment.Job instance at 0x7f4bf42b80a0>,13,3,[1 5],14,14,17,0,14
1,<environment.Job instance at 0x7f4bf42b8190>,14,18,[1 7],15,20,38,5,20
1,<environment.Job instance at 0x7f4bf42b8b40>,26,3,[4 7],27,38,41,11,28
1,<environment.Job instance at 0x7f4bf42b8f00>,28,18,[3 7],29,41,59,12,30
1,<environment.Job instance at 0x7f4bf42bb550>,36,16,[3 9],37,59,75,22,46
1,<environment.Job instance at 0x7f4bf42bb9b0>,43,16,[2 6],44,75,91,31,62
1,<environment.Job instance at 0x7f4bf42bbc30>,47,15,[3 7],48,91,106,43,80
1,<environment.Job instance at 0x7f4bf42bd050>,51,14,[6 2],52,80,94,28,80
1,<environment.Job instance at 0x7f4bf42bd5f0>,56,17,[2 6],57,106,123,49,94
1,<environment.Job instance at 0x7f4bf42bd7d0>,61,13,[6 4],62,106,119,44,104
1,<environment.Job instance at 0x7f4bf42bde10>,67,16,[9 4],68,123,139,55,114
1,<environment.Job instance at 0x7f4bf42bddc0>,1,3,[3 7],2,2,5,0,2
1,<environment.Job instance at 0x7f4bf44ebb40>,7,12,[2 7],8,8,20,0,8
1,<environment.Job instance at 0x7f4c384d57d0>,17,13,[7 1],18,18,31,0,18
1,<environment.Job instance at 0x7f4c384d56e0>,18,2,[2 8],19,20,22,1,19
1,<environment.Job instance at 0x7f4c384d54b0>,20,17,[5 4],21,31,48,10,21
1,<environment.Job instance at 0x7f4c37e79190>,27,17,[3 9],28,48,65,20,36
1,<environment.Job instance at 0x7f4c37e79460>,39,16,[5 9],40,65,81,25,55
1,<environment.Job instance at 0x7f4c37e1d0a0>,44,14,[3 8],45,81,95,36,66
1,<environment.Job instance at 0x7f4c37e1d5a0>,46,12,[2 9],47,95,107,48,80
1,<environment.Job instance at 0x7f4c37e1dc30>,50,19,[6 1],51,90,109,39,90
1,<environment.Job instance at 0x7f4c37e797d0>,31,12,[5 4],32,109,121,77,92
1,<environment.Job instance at 0x7f4c37e1dc80>,48,12,[ 3 10],49,122,134,73,122
1,<environment.Job instance at 0x7f4c37e1b820>,64,13,[1 6],65,134,147,69,126
1,<environment.Job instance at 0x7f4c3c5fd690>,65,25,[6 2],66,134,159,68,131
1,<environment.Job instance at 0x7f4c3caebaa0>,1,14,[4 8],2,2,16,0,2
1,<environment.Job instance at 0x7f4c3cbc59b0>,10,13,[5 6],11,16,29,5,11
1,<environment.Job instance at 0x7f4c3cb42140>,15,16,[9 1],16,29,45,13,19
1,<environment.Job instance at 0x7f4bf476e0f0>,25,14,[9 2],26,45,59,19,33
1,<environment.Job instance at 0x7f4bf4900c80>,27,12,[6 1],28,59,71,31,44
1,<environment.Job instance at 0x7f4c3cbbcc30>,33,22,[2 9],34,59,81,25,53
1,<environment.Job instance at 0x7f4c3cc09730>,43,17,[8 5],44,81,98,37,69
1,<environment.Job instance at 0x7f4c37f65eb0>,45,17,[4 9],46,98,115,52,86
1,<environment.Job instance at 0x7f4c3c77b230>,53,14,[6 5],54,115,129,61,101
1,<environment.Job instance at 0x7f4bf433bd20>,32,17,[10  1],33,129,146,96,119
1,<environment.Job instance at 0x7f4c3846f140>,30,17,[7 2],31,146,163,115,134
1,<environment.Job instance at 0x7f4c37e849b0>,56,18,[3 5],57,146,164,89,138
1,<environment.Job instance at 0x7f4bf4601370>,0,18,[1 6],1,1,19,0,1
1,<environment.Job instance at 0x7f4c3caebeb0>,7,15,[1 8],8,19,34,11,9
1,<environment.Job instance at 0x7f4c3c832d20>,10,16,[5 6],11,34,50,23,23
1,<environment.Job instance at 0x7f4c37fb30a0>,15,19,[5 4],16,34,53,18,28
1,<environment.Job instance at 0x7f4c37e849b0>,3,12,[5 8],4,53,65,49,47
1,<environment.Job instance at 0x7f4c37fb3b90>,30,13,[9 2],31,65,78,34,58
1,<environment.Job instance at 0x7f4c37fd24b0>,36,16,[5 6],37,78,94,41,65
1,<environment.Job instance at 0x7f4c37fd2190>,34,14,[10  2],35,94,108,59,83
1,<environment.Job instance at 0x7f4c37fca050>,54,13,[4 5],55,114,127,59,114
1,<environment.Job instance at 0x7f4c37fca460>,57,28,[1 5],58,114,142,56,114
1,<environment.Job instance at 0x7f4c37fca5f0>,62,15,[2 8],63,142,157,79,128
1,<environment.Job instance at 0x7f4c37fcaa50>,1,18,[7 5],2,2,20,0,2
1,<environment.Job instance at 0x7f4c37f990a0>,7,17,[9 4],8,20,37,12,8
1,<environment.Job instance at 0x7f4c3ca57370>,19,14,[2 6],20,37,51,17,28
1,<environment.Job instance at 0x7f4bf444c280>,12,14,[1 7],13,51,65,38,41
1,<environment.Job instance at 0x7f4c3ca57230>,22,1,[4 9],23,65,66,42,48
1,<environment.Job instance at 0x7f4c3ca571e0>,23,12,[5 6],24,66,78,42,51
1,<environment.Job instance at 0x7f4c3c7eadc0>,32,17,[6 4],33,78,95,45,70
1,<environment.Job instance at 0x7f4c37f38aa0>,27,15,[ 1 10],28,95,110,67,90
1,<environment.Job instance at 0x7f4bf438d2d0>,38,18,[7 5],39,129,147,90,129
1,<environment.Job instance at 0x7f4c3c74f6e0>,46,15,[ 4 10],47,147,162,100,135
1,<environment.Job instance at 0x7f4c3f4a0140>,0,17,[3 6],1,1,18,0,1
1,<environment.Job instance at 0x7f4c38317f50>,8,28,[10  1],9,18,46,9,17
1,<environment.Job instance at 0x7f4bf49e7910>,19,13,[4 9],20,46,59,26,34
1,<environment.Job instance at 0x7f4c3c72f320>,23,13,[5 8],24,59,72,35,46
1,<environment.Job instance at 0x7f4c38124b40>,29,17,[7 2],30,72,89,42,61
1,<environment.Job instance at 0x7f4c3cb71e10>,26,15,[8 4],27,89,104,62,81
1,<environment.Job instance at 0x7f4c37e1fc80>,36,3,[6 2],37,104,107,67,94
1,<environment.Job instance at 0x7f4c382c2dc0>,35,18,[2 8],36,104,122,68,96
1,<environment.Job instance at 0x7f4bf48690f0>,52,15,[5 3],53,122,137,69,111
1,<environment.Job instance at 0x7f4bf4869af0>,57,13,[ 3 10],58,137,150,79,133
1,<environment.Job instance at 0x7f4bf4845730>,59,15,[3 6],60,150,165,90,137
1,<environment.Job instance at 0x7f4bf4845d20>,1,16,[ 4 10],2,2,18,0,2
1,<environment.Job instance at 0x7f4c3846f550>,6,18,[3 5],7,18,36,11,7
1,<environment.Job instance at 0x7f4c37eaff00>,5,13,[5 5],6,18,31,12,7
1,<environment.Job instance at 0x7f4c3804ad70>,14,14,[7 1],15,31,45,16,16
1,<environment.Job instance at 0x7f4bf457f910>,13,1,[1 7],14,36,37,22,27
1,<environment.Job instance at 0x7f4bf457fd20>,19,20,[9 2],20,45,65,25,36
1,<environment.Job instance at 0x7f4bf457d190>,27,12,[2 6],28,65,77,37,48
1,<environment.Job instance at 0x7f4bf457d410>,30,14,[6 2],31,65,79,34,52
1,<environment.Job instance at 0x7f4bf457daf0>,38,13,[5 8],39,79,92,40,75
1,<environment.Job instance at 0x7f4bf457dd70>,42,15,[7 1],43,92,107,49,90
1,<environment.Job instance at 0x7f4bf457f730>,12,17,[10  1],13,107,124,94,96
1,<environment.Job instance at 0x7f4bf4584730>,52,14,[6 1],53,124,138,71,112
1,<environment.Job instance at 0x7f4bf457f9b0>,20,17,[4 8],21,124,141,103,114
1,<environment.Job instance at 0x7f4bf4584dc0>,60,13,[7 1],61,141,154,80,126
1,<environment.Job instance at 0x7f4c3c793a00>,5,21,[9 2],6,6,27,0,6
1,<environment.Job instance at 0x7f4bf45f9230>,13,23,[8 4],14,27,50,13,21
1,<environment.Job instance at 0x7f4c3f3b5e60>,20,15,[10  5],21,50,65,29,44
1,<environment.Job instance at 0x7f4bf4311370>,22,14,[5 5],23,65,79,42,54
1,<environment.Job instance at 0x7f4c3f5454b0>,14,17,[2 5],15,67,84,52,67
1,<environment.Job instance at 0x7f4bf45f99b0>,12,14,[8 3],13,79,93,66,77
1,<environment.Job instance at 0x7f4bf4311be0>,28,12,[ 5 10],29,93,105,64,85
1,<environment.Job instance at 0x7f4bf43110a0>,33,14,[9 2],34,105,119,71,93
1,<environment.Job instance at 0x7f4bf43111e0>,39,15,[10  5],40,119,134,79,118
1,<environment.Job instance at 0x7f4bf4386960>,46,18,[9 5],47,146,164,99,146
1,<environment.Job instance at 0x7f4bf4845910>,1,15,[6 5],2,2,17,0,2
1,<environment.Job instance at 0x7f4c380a87d0>,21,13,[5 2],22,22,35,0,22
1,<environment.Job instance at 0x7f4c380a83c0>,15,15,[9 2],16,35,50,19,24
1,<environment.Job instance at 0x7f4c380a8870>,16,12,[1 7],17,31,43,14,31
1,<environment.Job instance at 0x7f4c3c777dc0>,27,2,[2 8],28,50,52,22,31
1,<environment.Job instance at 0x7f4c3854e3c0>,32,2,[10  3],33,52,54,19,42
1,<environment.Job instance at 0x7f4c3c7773c0>,33,2,[5 2],34,50,52,16,42
1,<environment.Job instance at 0x7f4c3c777500>,34,12,[6 5],35,54,66,19,46
1,<environment.Job instance at 0x7f4c3801cf50>,42,16,[5 3],43,66,82,23,55
1,<environment.Job instance at 0x7f4c3c777460>,28,19,[5 7],29,66,85,37,57
1,<environment.Job instance at 0x7f4c3c7930f0>,12,25,[10  4],13,113,138,100,113
1,<environment.Job instance at 0x7f4c38139c80>,61,3,[5 9],62,138,141,76,118
1,<environment.Job instance at 0x7f4c38139a50>,65,16,[2 5],66,141,157,75,129
1,<environment.Job instance at 0x7f4c3f3f6960>,0,13,[5 9],1,1,14,0,1
1,<environment.Job instance at 0x7f4c3c793730>,8,14,[7 3],9,14,28,5,10
1,<environment.Job instance at 0x7f4bf46a6230>,11,15,[2 6],12,14,29,2,14
1,<environment.Job instance at 0x7f4bf450e690>,14,1,[5 3],15,28,29,13,16
1,<environment.Job instance at 0x7f4c3c62cd70>,12,15,[9 4],13,29,44,16,17
1,<environment.Job instance at 0x7f4bf4516fa0>,23,18,[3 8],24,44,62,20,33
1,<environment.Job instance at 0x7f4bf4516460>,31,22,[1 8],32,62,84,30,55
1,<environment.Job instance at 0x7f4bf450e3c0>,19,17,[2 8],20,84,101,64,72
1,<environment.Job instance at 0x7f4bf47a3be0>,48,28,[1 6],49,103,131,54,103
1,<environment.Job instance at 0x7f4c37f8e4b0>,56,2,[3 5],57,131,133,74,104
1,<environment.Job instance at 0x7f4bf486ac80>,54,15,[9 3],55,133,148,78,123
1,<environment.Job instance at 0x7f4c3841da50>,9,14,[4 5],10,10,24,0,10
1,<environment.Job instance at 0x7f4c3841d5f0>,10,18,[5 6],11,24,42,13,13
1,<environment.Job instance at 0x7f4bf496fa50>,21,14,[5 1],22,28,42,6,28
1,<environment.Job instance at 0x7f4bf496fd70>,22,18,[10  3],23,42,60,19,31
1,<environment.Job instance at 0x7f4c380e6410>,30,1,[10  3],31,60,61,29,47
1,<environment.Job instance at 0x7f4c380a8eb0>,7,15,[9 1],8,61,76,53,47
1,<environment.Job instance at 0x7f4c3c61cbe0>,33,24,[1 8],34,80,104,46,80
1,<environment.Job instance at 0x7f4c3c61ce10>,40,13,[8 5],41,104,117,63,93
1,<environment.Job instance at 0x7f4bf496f820>,20,17,[8 2],21,117,134,96,105
1,<environment.Job instance at 0x7f4c3800b730>,47,2,[2 8],48,129,131,81,129
1,<environment.Job instance at 0x7f4c3800bf00>,49,15,[2 7],50,131,146,81,130
1,<environment.Job instance at 0x7f4c3c61c370>,35,17,[2 9],36,147,164,111,147
1,<environment.Job instance at 0x7f4c382a4320>,1,3,[1 9],2,2,5,0,2
1,<environment.Job instance at 0x7f4c3800bb90>,4,16,[5 4],5,5,21,0,5
1,<environment.Job instance at 0x7f4c384f2820>,13,16,[5 8],14,21,37,7,19
1,<environment.Job instance at 0x7f4c384f2050>,18,2,[6 5],19,37,39,18,23
1,<environment.Job instance at 0x7f4c384f2280>,23,2,[3 6],24,39,41,15,24
1,<environment.Job instance at 0x7f4bf43f4550>,28,17,[ 3 10],29,41,58,12,30
1,<environment.Job instance at 0x7f4bf41860a0>,37,18,[7 1],38,58,76,20,48
1,<environment.Job instance at 0x7f4bf4186190>,48,18,[1 8],49,58,76,9,52
1,<environment.Job instance at 0x7f4bf4186500>,49,13,[ 5 10],50,76,89,26,61
1,<environment.Job instance at 0x7f4c38585fa0>,56,17,[8 4],57,89,106,32,77
1,<environment.Job instance at 0x7f4c38585500>,60,15,[1 8],61,106,121,45,98
1,<environment.Job instance at 0x7f4c38585820>,61,1,[3 5],62,121,122,59,98
1,<environment.Job instance at 0x7f4bf4186820>,43,14,[10  5],44,122,136,78,107
1,<environment.Job instance at 0x7f4c38582e10>,68,12,[7 2],69,107,119,38,107
1,<environment.Job instance at 0x7f4c38582780>,66,16,[10  1],67,136,152,69,123
1,<environment.Job instance at 0x7f4c38584190>,1,18,[10  5],2,2,20,0,2
1,<environment.Job instance at 0x7f4bf4127500>,13,16,[7 2],14,20,36,6,15
1,<environment.Job instance at 0x7f4c384f23c0>,5,13,[7 2],6,36,49,30,24
1,<environment.Job instance at 0x7f4c385af780>,23,16,[2 5],24,33,49,9,33
1,<environment.Job instance at 0x7f4c385ba050>,17,15,[10  3],18,49,64,31,44
1,<environment.Job instance at 0x7f4c385c37d0>,37,2,[7 2],38,64,66,26,57
1,<environment.Job instance at 0x7f4c385c3e10>,38,17,[5 9],39,66,83,27,57
1,<environment.Job instance at 0x7f4c385c0d70>,41,13,[3 9],42,83,96,41,68
1,<environment.Job instance at 0x7f4bf48ea5f0>,47,15,[5 2],48,96,111,48,84
1,<environment.Job instance at 0x7f4c385af960>,29,23,[2 5],30,96,119,66,93
1,<environment.Job instance at 0x7f4c381e3a50>,57,3,[5 6],58,119,122,61,111
1,<environment.Job instance at 0x7f4bf482c960>,58,23,[5 9],59,122,145,63,116
1,<environment.Job instance at 0x7f4c381e4190>,65,1,[3 7],66,145,146,79,124
1,<environment.Job instance at 0x7f4bf41efd70>,1,16,[3 8],2,2,18,0,2
1,<environment.Job instance at 0x7f4bf40e4eb0>,10,15,[5 5],11,18,33,7,11
1,<environment.Job instance at 0x7f4bf43f4aa0>,9,3,[3 5],10,18,21,8,14
1,<environment.Job instance at 0x7f4c38063460>,15,14,[5 5],16,21,35,5,16
1,<environment.Job instance at 0x7f4c3cd3de10>,22,3,[5 5],23,41,44,18,41
1,<environment.Job instance at 0x7f4c385962d0>,23,16,[2 8],24,44,60,20,41
1,<environment.Job instance at 0x7f4bf4128230>,24,2,[7 2],25,44,46,19,41
1,<environment.Job instance at 0x7f4c380636e0>,25,3,[9 3],26,60,63,34,41
1,<environment.Job instance at 0x7f4c38520500>,27,17,[8 1],28,63,80,35,54
1,<environment.Job instance at 0x7f4c3c687a50>,29,1,[2 8],30,63,64,33,56
1,<environment.Job instance at 0x7f4c3c687550>,30,1,[2 6],31,64,65,33,56
1,<environment.Job instance at 0x7f4bf48a10f0>,32,12,[1 5],33,65,77,32,58
1,<environment.Job instance at 0x7f4bf48a1c30>,33,1,[5 9],34,80,81,46,58
1,<environment.Job instance at 0x7f4c3846e550>,36,15,[2 6],37,81,96,44,67
1,<environment.Job instance at 0x7f4c3f4e5dc0>,37,24,[7 3],38,81,105,43,76
1,<environment.Job instance at 0x7f4c3ca29730>,45,18,[1 9],46,105,123,59,94
1,<environment.Job instance at 0x7f4c3ca29c80>,53,2,[2 9],54,123,125,69,106
1,<environment.Job instance at 0x7f4c381b3be0>,54,15,[4 7],55,125,140,70,111
1,<environment.Job instance at 0x7f4bf4a0a230>,21,14,[6 2],22,125,139,103,125
1,<environment.Job instance at 0x7f4c3c671690>,60,2,[5 7],61,140,142,79,134
1,<environment.Job instance at 0x7f4c3c671fa0>,63,19,[2 6],64,142,161,78,137
1,<environment.Job instance at 0x7f4c3c671b40>,64,1,[6 3],65,139,140,74,137
1,<environment.Job instance at 0x7f4c3ca29af0>,0,2,[1 6],1,1,3,0,1
1,<environment.Job instance at 0x7f4c3ca42c80>,5,15,[1 8],6,6,21,0,6
1,<environment.Job instance at 0x7f4c3ca42140>,7,16,[5 1],8,14,30,6,14
1,<environment.Job instance at 0x7f4bf4410550>,14,12,[6 2],15,30,42,15,15
1,<environment.Job instance at 0x7f4bf44107d0>,24,18,[4 8],25,36,54,11,36
1,<environment.Job instance at 0x7f4bf4410af0>,26,12,[ 1 10],27,54,66,27,40
1,<environment.Job instance at 0x7f4bf4410640>,31,14,[4 7],32,66,80,34,51
1,<environment.Job instance at 0x7f4bf404baa0>,34,18,[1 9],35,80,98,45,69
1,<environment.Job instance at 0x7f4bf404b410>,39,13,[9 5],40,98,111,58,82
1,<environment.Job instance at 0x7f4bf409dc80>,48,1,[10  3],49,111,112,62,101
1,<environment.Job instance at 0x7f4bf409d0a0>,49,16,[10  1],50,112,128,62,103
1,<environment.Job instance at 0x7f4c3ca42cd0>,12,13,[8 4],13,128,141,115,128
1,<environment.Job instance at 0x7f4bf409dd20>,56,15,[9 1],57,147,162,90,147
1,<environment.Job instance at 0x7f4c38595690>,7,15,[3 9],8,10,25,2,10
1,<environment.Job instance at 0x7f4c38562a50>,29,16,[10  4],30,47,63,17,47
1,<environment.Job instance at 0x7f4c38562c30>,32,18,[9 2],33,63,81,30,61
1,<environment.Job instance at 0x7f4c38562050>,33,18,[1 7],34,63,81,29,63
1,<environment.Job instance at 0x7f4c38562870>,38,15,[2 5],39,81,96,42,78
1,<environment.Job instance at 0x7f4c385a0a50>,43,2,[7 5],44,100,102,56,100
1,<environment.Job instance at 0x7f4c385a09b0>,44,12,[5 7],45,102,114,57,100
1,<environment.Job instance at 0x7f4c385a0b40>,45,2,[7 5],46,114,116,68,101
1,<environment.Job instance at 0x7f4c385a0d70>,47,13,[5 6],48,116,129,68,101
1,<environment.Job instance at 0x7f4c38580a50>,52,14,[1 5],53,129,143,76,123
1,<environment.Job instance at 0x7f03f6453780>,1,18,[4 6],2,2,20,0,2
1,<environment.Job instance at 0x7f03f10001e0>,3,3,[1 5],4,20,23,16,4
1,<environment.Job instance at 0x7f03f1000460>,5,2,[3 6],6,23,25,17,7
1,<environment.Job instance at 0x7f03f10005f0>,7,21,[3 6],8,25,46,17,25
1,<environment.Job instance at 0x7f03f1001aa0>,28,24,[3 7],29,46,70,17,46
1,<environment.Job instance at 0x7f03f1001e60>,30,17,[2 5],31,70,87,39,61
1,<environment.Job instance at 0x7f03f1005280>,34,16,[7 5],35,70,86,35,68
1,<environment.Job instance at 0x7f03f10059b0>,43,14,[5 6],44,87,101,43,75
1,<environment.Job instance at 0x7f03f1005410>,35,3,[8 1],36,101,104,65,76
1,<environment.Job instance at 0x7f03f1005d20>,47,3,[7 2],48,104,107,56,78
1,<environment.Job instance at 0x7f03f10054b0>,36,15,[3 7],37,104,119,67,95
1,<environment.Job instance at 0x7f03f1005f00>,50,14,[9 4],51,119,133,68,106
1,<environment.Job instance at 0x7f03f1001140>,19,18,[8 2],20,133,151,113,129
1,<environment.Job instance at 0x7f03f1007a50>,65,14,[1 8],66,133,147,67,133
1,<environment.Job instance at 0x7f03f1006f50>,1,16,[4 9],2,2,18,0,2
1,<environment.Job instance at 0x7f03f658a730>,10,18,[6 2],11,18,36,7,11
1,<environment.Job instance at 0x7f03f658a550>,13,2,[ 1 10],14,36,38,22,15
1,<environment.Job instance at 0x7f03f658a6e0>,12,14,[3 5],13,18,32,5,16
1,<environment.Job instance at 0x7f03f658a0a0>,7,14,[9 5],8,38,52,30,24
1,<environment.Job instance at 0x7f03f6437690>,24,18,[6 2],25,52,70,27,41
1,<environment.Job instance at 0x7f03f658a050>,8,18,[3 5],9,53,71,44,53
1,<environment.Job instance at 0x7f03f6437cd0>,22,18,[5 3],23,70,88,47,61
1,<environment.Job instance at 0x7f03f6580820>,34,13,[4 6],35,71,84,36,62
1,<environment.Job instance at 0x7f03f6580cd0>,36,19,[7 5],37,88,107,51,79
1,<environment.Job instance at 0x7f03f658a820>,6,20,[9 3],7,107,127,100,100
1,<environment.Job instance at 0x7f03f657ecd0>,39,12,[4 7],40,127,139,87,117
1,<environment.Job instance at 0x7f03f657e280>,44,15,[3 8],45,139,154,94,133
1,<environment.Job instance at 0x7f03f657c690>,56,13,[2 5],57,154,167,97,141
1,<environment.Job instance at 0x7f03f657e140>,0,15,[9 1],1,3,18,2,3
1,<environment.Job instance at 0x7f03ab334690>,16,17,[8 4],17,18,35,1,18
1,<environment.Job instance at 0x7f03ab334460>,15,15,[ 3 10],16,35,50,19,26
1,<environment.Job instance at 0x7f03ab2d42d0>,21,16,[3 9],22,50,66,28,37
1,<environment.Job instance at 0x7f03ab2d4730>,19,17,[9 5],20,66,83,46,59
1,<environment.Job instance at 0x7f03ab404910>,35,15,[6 5],36,83,98,47,69
1,<environment.Job instance at 0x7f03ab404550>,33,16,[4 8],34,98,114,64,85
1,<environment.Job instance at 0x7f03ab404820>,44,13,[7 3],45,114,127,69,107
1,<environment.Job instance at 0x7f03ab38d320>,52,13,[6 3],53,127,140,74,115
1,<environment.Job instance at 0x7f03ab404500>,43,12,[1 5],44,115,127,71,115
1,<environment.Job instance at 0x7f03ab38d5a0>,58,22,[1 7],59,127,149,68,127
1,<environment.Job instance at 0x7f03ab4045f0>,42,18,[8 3],43,140,158,97,129
1,<environment.Job instance at 0x7f03f658a3c0>,1,16,[2 5],2,2,18,0,2
1,<environment.Job instance at 0x7f03ab38d7d0>,5,2,[2 5],6,6,8,0,6
1,<environment.Job instance at 0x7f03ab938cd0>,8,14,[8 5],9,15,29,6,15
1,<environment.Job instance at 0x7f03ab8d20f0>,10,1,[4 5],11,29,30,18,16
1,<environment.Job instance at 0x7f03ab8d25a0>,13,13,[3 5],14,29,42,15,16
1,<environment.Job instance at 0x7f03ab8d2690>,14,3,[2 6],15,42,45,27,17
1,<environment.Job instance at 0x7f03ab8d2aa0>,20,2,[6 5],21,30,32,9,29
1,<environment.Job instance at 0x7f03ab8d2730>,11,18,[ 2 10],12,45,63,33,35
1,<environment.Job instance at 0x7f03ab8d24b0>,12,17,[10  2],13,63,80,50,53
1,<environment.Job instance at 0x7f03ab3e25a0>,36,12,[1 7],37,80,92,43,66
1,<environment.Job instance at 0x7f03ab3e2640>,35,18,[7 2],36,80,98,44,69
1,<environment.Job instance at 0x7f03ab764c80>,43,17,[1 6],44,92,109,48,88
1,<environment.Job instance at 0x7f03ab764b40>,48,17,[9 2],49,98,115,49,92
1,<environment.Job instance at 0x7f03ab7647d0>,51,12,[10  1],52,115,127,63,104
1,<environment.Job instance at 0x7f03ab7c1960>,60,2,[6 2],61,127,129,66,121
1,<environment.Job instance at 0x7f03ab709eb0>,9,24,[8 1],10,129,153,119,124
1,<environment.Job instance at 0x7f03ab7c1190>,63,16,[9 3],64,153,169,89,140
1,<environment.Job instance at 0x7f03ab3e2e10>,4,2,[1 8],5,5,7,0,5
1,<environment.Job instance at 0x7f03ab7f8820>,6,1,[10  3],7,7,8,0,7
1,<environment.Job instance at 0x7f03ab3e8140>,7,15,[3 7],8,8,23,0,8
1,<environment.Job instance at 0x7f03ab38d0a0>,8,1,[1 7],9,23,24,14,9
1,<environment.Job instance at 0x7f03f58d8550>,11,14,[6 2],12,12,26,0,12
1,<environment.Job instance at 0x7f03ab209730>,21,13,[6 4],22,26,39,4,22
1,<environment.Job instance at 0x7f03ab209820>,22,23,[2 9],23,39,62,16,34
1,<environment.Job instance at 0x7f03ab6f2eb0>,16,17,[2 6],17,62,79,45,50
1,<environment.Job instance at 0x7f03ab209dc0>,32,17,[5 4],33,62,79,29,60
1,<environment.Job instance at 0x7f03ab20b280>,37,16,[1 5],38,79,95,41,66
1,<environment.Job instance at 0x7f03ab20b3c0>,40,15,[6 4],41,79,94,38,69
1,<environment.Job instance at 0x7f03ab209cd0>,30,17,[9 5],31,94,111,63,82
1,<environment.Job instance at 0x7f03ab20baf0>,52,14,[4 6],53,111,125,58,97
1,<environment.Job instance at 0x7f03ab7095f0>,3,16,[2 6],4,125,141,121,114
1,<environment.Job instance at 0x7f03ab20d460>,63,14,[5 8],64,141,155,77,127
1,<environment.Job instance at 0x7f03ab20d690>,1,15,[5 5],2,4,19,2,4
1,<environment.Job instance at 0x7f03f0e90d20>,17,18,[1 7],18,19,37,1,18
1,<environment.Job instance at 0x7f03f0e90eb0>,18,14,[ 5 10],19,37,51,18,22
1,<environment.Job instance at 0x7f03f0e90820>,29,25,[10  2],30,51,76,21,48
1,<environment.Job instance at 0x7f03ab3ddc80>,38,1,[2 5],39,76,77,37,65
1,<environment.Job instance at 0x7f03f0e90c80>,31,18,[8 2],32,76,94,44,67
1,<environment.Job instance at 0x7f03f5907690>,45,3,[5 8],46,94,97,48,87
1,<environment.Job instance at 0x7f03f5907e60>,47,12,[8 2],48,97,109,49,91
1,<environment.Job instance at 0x7f03f131c640>,51,15,[2 5],52,113,128,61,113
1,<environment.Job instance at 0x7f03f131c230>,53,2,[7 2],54,113,115,59,113
1,<environment.Job instance at 0x7f03ab993140>,54,25,[5 4],55,115,140,60,113
1,<environment.Job instance at 0x7f03ab9931e0>,59,16,[4 8],60,140,156,80,127
1,<environment.Job instance at 0x7f03f114f6e0>,5,13,[3 7],6,6,19,0,6
1,<environment.Job instance at 0x7f03f1111a50>,12,13,[7 5],13,19,32,6,15
1,<environment.Job instance at 0x7f03f14d15a0>,15,17,[5 4],16,32,49,16,22
1,<environment.Job instance at 0x7f03ab4802d0>,35,21,[6 4],36,92,113,56,92
1,<environment.Job instance at 0x7f03f5f76690>,39,27,[9 4],40,113,140,73,113
1,<environment.Job instance at 0x7f03ab80a0f0>,48,1,[ 2 10],49,140,141,91,129
1,<environment.Job instance at 0x7f03ab80a5a0>,50,15,[7 5],51,141,156,90,129
1,<environment.Job instance at 0x7f03f5f67fa0>,0,18,[2 6],1,1,19,0,1
1,<environment.Job instance at 0x7f03f5e544b0>,9,1,[5 4],10,10,11,0,10
1,<environment.Job instance at 0x7f03f0e00410>,10,2,[1 8],11,19,21,8,11
1,<environment.Job instance at 0x7f03f11b3190>,11,17,[9 4],12,21,38,9,12
1,<environment.Job instance at 0x7f03ab302dc0>,20,14,[2 7],21,38,52,17,23
1,<environment.Job instance at 0x7f03ab302c80>,16,14,[5 7],17,52,66,35,40
1,<environment.Job instance at 0x7f03ab2d8a00>,30,1,[3 9],31,66,67,35,54
1,<environment.Job instance at 0x7f03ab2d8c30>,37,3,[6 4],38,67,70,29,55
1,<environment.Job instance at 0x7f03ab2d8d70>,39,13,[5 8],40,70,83,30,68
1,<environment.Job instance at 0x7f03ab2d8e10>,42,18,[1 6],43,83,101,40,74
1,<environment.Job instance at 0x7f03ab2d04b0>,49,14,[6 2],50,111,125,61,111
1,<environment.Job instance at 0x7f03ab302f50>,19,13,[8 3],20,125,138,105,111
1,<environment.Job instance at 0x7f03ab2d0c30>,58,13,[5 3],59,138,151,79,124
1,<environment.Job instance at 0x7f03ab2d0fa0>,60,18,[2 5],61,130,148,69,130
1,<environment.Job instance at 0x7f03ab3050a0>,64,13,[9 1],65,151,164,86,136
1,<environment.Job instance at 0x7f03ab2f5690>,0,16,[4 9],1,1,17,0,1
1,<environment.Job instance at 0x7f03f5dd3be0>,2,18,[3 8],3,17,35,14,7
1,<environment.Job instance at 0x7f03ab238230>,14,16,[5 3],15,35,51,20,23
1,<environment.Job instance at 0x7f03ab238410>,18,18,[ 3 10],19,51,69,32,40
1,<environment.Job instance at 0x7f03f12e1c30>,25,2,[1 5],26,43,45,17,43
1,<environment.Job instance at 0x7f03f10404b0>,26,15,[4 6],27,69,84,42,55
1,<environment.Job instance at 0x7f03ab8009b0>,33,24,[7 1],34,84,108,50,79
1,<environment.Job instance at 0x7f03f0f8c870>,41,18,[4 6],42,108,126,66,107
1,<environment.Job instance at 0x7f03f5e64a00>,44,18,[7 1],45,127,145,82,127
1,<environment.Job instance at 0x7f03ab2b7960>,46,15,[4 9],47,145,160,98,131
1,<environment.Job instance at 0x7f03f65769b0>,0,16,[5 8],1,1,17,0,1
1,<environment.Job instance at 0x7f03f5bbf780>,8,17,[7 3],9,17,34,8,9
1,<environment.Job instance at 0x7f03f0f805f0>,20,18,[1 6],21,33,51,12,33
1,<environment.Job instance at 0x7f03f1309cd0>,26,1,[7 4],27,36,37,9,36
1,<environment.Job instance at 0x7f03ab7dbfa0>,6,15,[10  5],7,51,66,44,37
1,<environment.Job instance at 0x7f03f0d6d7d0>,28,16,[1 7],29,66,82,37,53
1,<environment.Job instance at 0x7f03ab6b6820>,32,1,[8 2],33,66,67,33,53
1,<environment.Job instance at 0x7f03f0d6dcd0>,29,15,[8 3],30,67,82,37,60
1,<environment.Job instance at 0x7f03f1367af0>,40,14,[5 8],41,82,96,41,68
1,<environment.Job instance at 0x7f03f12c94b0>,54,12,[6 5],55,96,108,41,82
1,<environment.Job instance at 0x7f03f12c99b0>,56,17,[3 7],57,108,125,51,96
1,<environment.Job instance at 0x7f03ab4ab0f0>,64,16,[10  3],65,125,141,60,116
1,<environment.Job instance at 0x7f03f0f357d0>,2,12,[9 5],3,3,15,0,3
1,<environment.Job instance at 0x7f03f6433cd0>,5,12,[ 4 10],6,15,27,9,13
1,<environment.Job instance at 0x7f03f5985d70>,15,15,[1 9],16,27,42,11,17
1,<environment.Job instance at 0x7f03f59a88c0>,27,13,[7 5],28,42,55,14,29
1,<environment.Job instance at 0x7f03f59a8690>,23,18,[2 8],24,55,73,31,50
1,<environment.Job instance at 0x7f03f5998280>,38,14,[4 6],39,73,87,34,60
1,<environment.Job instance at 0x7f03f59985a0>,43,17,[5 5],44,87,104,43,79
1,<environment.Job instance at 0x7f03f59988c0>,48,16,[5 4],49,93,109,44,93
1,<environment.Job instance at 0x7f03f5998cd0>,52,12,[6 5],53,109,121,56,97
1,<environment.Job instance at 0x7f03f59987d0>,45,25,[3 5],46,104,129,58,102
1,<environment.Job instance at 0x7f03f59a8be0>,35,17,[4 7],36,129,146,93,119
1,<environment.Job instance at 0x7f03f5996370>,60,2,[7 1],61,146,148,85,131
1,<environment.Job instance at 0x7f03f5996730>,67,2,[5 8],68,148,150,80,131
1,<environment.Job instance at 0x7f03f5996690>,66,14,[2 7],67,150,164,83,135
1,<environment.Job instance at 0x7f03f5dd4460>,2,2,[3 7],3,3,5,0,3
1,<environment.Job instance at 0x7f03f147cc80>,3,14,[4 8],4,5,19,1,4
1,<environment.Job instance at 0x7f03f0dcb910>,13,12,[6 4],14,19,31,5,14
1,<environment.Job instance at 0x7f03f0e9f870>,7,16,[9 1],8,31,47,23,18
1,<environment.Job instance at 0x7f03f0d71e60>,22,15,[6 5],23,47,62,24,34
1,<environment.Job instance at 0x7f03f0dcbb90>,12,18,[4 5],13,47,65,34,43
1,<environment.Job instance at 0x7f03f0d714b0>,29,18,[2 6],30,65,83,35,57
1,<environment.Job instance at 0x7f03f633b6e0>,33,12,[9 4],34,83,95,49,71
1,<environment.Job instance at 0x7f03f5e94a00>,36,3,[1 9],37,95,98,58,71
1,<environment.Job instance at 0x7f03f0dcb550>,14,22,[2 7],15,98,120,83,91
1,<environment.Job instance at 0x7f03f5e94d70>,42,14,[6 1],43,95,109,52,92
1,<environment.Job instance at 0x7f03ab65baa0>,49,19,[9 5],50,120,139,70,110
1,<environment.Job instance at 0x7f03f0d6e5f0>,57,14,[8 2],58,139,153,81,124
1,<environment.Job instance at 0x7f03f0d6e9b0>,60,2,[9 2],61,153,155,92,126
1,<environment.Job instance at 0x7f03f0d6e640>,63,3,[3 7],64,155,158,91,138
1,<environment.Job instance at 0x7f03f0d6ebe0>,64,2,[ 1 10],65,158,160,93,139
1,<environment.Job instance at 0x7f03ab14a4b0>,0,15,[10  2],1,1,16,0,1
1,<environment.Job instance at 0x7f03f0f52eb0>,3,1,[2 5],4,16,17,12,4
1,<environment.Job instance at 0x7f03f0f52d20>,4,13,[9 5],5,17,30,12,5
1,<environment.Job instance at 0x7f03f6438d20>,20,12,[ 5 10],21,30,42,9,28
1,<environment.Job instance at 0x7f03ab300c30>,29,15,[9 3],30,42,57,12,35
1,<environment.Job instance at 0x7f03ab8c6b40>,32,18,[6 2],33,57,75,24,46
1,<environment.Job instance at 0x7f03f6438b90>,23,15,[5 6],24,75,90,51,62
1,<environment.Job instance at 0x7f03ab8c6230>,42,16,[5 5],43,90,106,47,78
1,<environment.Job instance at 0x7f03f1125e60>,50,1,[2 7],51,106,107,55,88
1,<environment.Job instance at 0x7f03f1125d70>,46,16,[5 4],47,89,105,42,89
1,<environment.Job instance at 0x7f03f11256e0>,52,18,[5 7],53,107,125,54,97
1,<environment.Job instance at 0x7f03f0d712d0>,58,16,[5 1],59,105,121,46,101
1,<environment.Job instance at 0x7f03f64384b0>,18,12,[10  5],19,125,137,106,108
1,<environment.Job instance at 0x7f03f10d8500>,62,16,[4 9],63,137,153,74,124
1,<environment.Job instance at 0x7f03f64385a0>,0,15,[7 5],1,3,18,2,3
1,<environment.Job instance at 0x7f03f0dcb230>,10,14,[5 9],11,18,32,7,13
1,<environment.Job instance at 0x7f03f0eca050>,15,14,[2 5],16,32,46,16,17
1,<environment.Job instance at 0x7f03f0f49050>,21,16,[8 1],22,36,52,14,36
1,<environment.Job instance at 0x7f03f0f49f00>,19,1,[5 4],20,52,53,32,41
1,<environment.Job instance at 0x7f03f0f4daa0>,25,3,[9 2],26,53,56,27,44
1,<environment.Job instance at 0x7f03f0f4da00>,26,3,[4 8],27,56,59,29,44
1,<environment.Job instance at 0x7f03f0f4dcd0>,27,21,[ 5 10],28,59,80,31,51
1,<environment.Job instance at 0x7f03f0f4d960>,32,28,[1 5],33,80,108,47,79
1,<environment.Job instance at 0x7f03f0f2c730>,39,12,[5 4],40,87,99,47,87
1,<environment.Job instance at 0x7f03ab010f50>,43,16,[8 5],44,99,115,55,97
1,<environment.Job instance at 0x7f03f0fceeb0>,45,18,[3 7],46,115,133,69,104
1,<environment.Job instance at 0x7f03f0f49a00>,20,18,[8 3],21,133,151,112,128
1,<environment.Job instance at 0x7f03ab012af0>,55,15,[5 1],56,151,166,95,138
1,<environment.Job instance at 0x7f03ab012aa0>,54,14,[5 1],55,151,165,96,141
1,<environment.Job instance at 0x7f03f5e25d70>,1,27,[6 5],2,2,29,0,2
1,<environment.Job instance at 0x7f03ab257190>,12,1,[ 2 10],13,29,30,16,13
1,<environment.Job instance at 0x7f03f59f7f00>,10,13,[10  4],11,30,43,19,15
1,<environment.Job instance at 0x7f03f5f9f820>,17,1,[9 4],18,43,44,25,18
1,<environment.Job instance at 0x7f03ab0ec5a0>,14,3,[4 5],15,22,25,7,22
1,<environment.Job instance at 0x7f03f59ff3c0>,23,3,[7 4],24,44,47,20,26
1,<environment.Job instance at 0x7f03f14e1460>,26,3,[2 8],27,47,50,20,27
1,<environment.Job instance at 0x7f03f5993a00>,28,15,[5 5],29,50,65,21,36
1,<environment.Job instance at 0x7f03ab3e9c80>,33,12,[2 7],34,65,77,31,52
1,<environment.Job instance at 0x7f03ab3e95f0>,37,18,[5 7],38,77,95,39,66
1,<environment.Job instance at 0x7f03ab2cdcd0>,45,13,[5 6],46,95,108,49,81
1,<environment.Job instance at 0x7f03f5885230>,51,15,[2 9],52,108,123,56,94
1,<environment.Job instance at 0x7f03f582eaf0>,59,13,[3 5],60,123,136,63,107
1,<environment.Job instance at 0x7f03ab5d8780>,68,17,[ 3 10],69,136,153,67,124
1,<environment.Job instance at 0x7f03f59a8f50>,2,14,[6 3],3,3,17,0,3
1,<environment.Job instance at 0x7f03ab3d5140>,5,28,[8 3],6,21,49,15,21
1,<environment.Job instance at 0x7f03aaff1e60>,17,18,[5 3],18,49,67,31,38
1,<environment.Job instance at 0x7f03ab31e5f0>,35,13,[7 2],36,67,80,31,61
1,<environment.Job instance at 0x7f03ab31ecd0>,37,17,[7 4],38,80,97,42,69
1,<environment.Job instance at 0x7f03ab063190>,41,17,[4 7],42,97,114,55,85
1,<environment.Job instance at 0x7f03ab0635f0>,42,13,[7 1],43,118,131,75,118
1,<environment.Job instance at 0x7f03ab31e1e0>,31,18,[10  5],32,131,149,99,122
1,<environment.Job instance at 0x7f03aaf878c0>,56,14,[3 8],57,149,163,92,134
1,<environment.Job instance at 0x7f03ab0637d0>,1,15,[6 3],2,2,17,0,2
1,<environment.Job instance at 0x7f03f5a080a0>,23,12,[5 4],24,42,54,18,42
1,<environment.Job instance at 0x7f03f5a140a0>,21,16,[3 8],22,54,70,32,46
1,<environment.Job instance at 0x7f03f5a08cd0>,29,3,[3 5],30,70,73,40,53
1,<environment.Job instance at 0x7f03f5a089b0>,33,13,[4 6],34,73,86,39,57
1,<environment.Job instance at 0x7f03ab5dd280>,39,24,[7 2],40,103,127,63,103
1,<environment.Job instance at 0x7f03ab5dd7d0>,41,14,[6 2],42,127,141,85,116
1,<environment.Job instance at 0x7f03ab5df7d0>,46,23,[3 5],47,116,139,69,116
1,<environment.Job instance at 0x7f03f0ec1c80>,48,16,[10  1],49,141,157,92,130
1,<environment.Job instance at 0x7f03f640e690>,0,12,[3 8],1,1,13,0,1
1,<environment.Job instance at 0x7f03ab8c64b0>,7,2,[7 3],8,13,15,5,8
1,<environment.Job instance at 0x7f03ab99cb90>,8,12,[3 7],9,13,25,4,9
1,<environment.Job instance at 0x7f03f1256c80>,11,2,[8 1],12,25,27,13,19
1,<environment.Job instance at 0x7f03f12569b0>,14,2,[5 6],15,27,29,12,20
1,<environment.Job instance at 0x7f03ab5f7640>,4,15,[10  1],5,29,44,24,20
1,<environment.Job instance at 0x7f03f0f3ad20>,20,16,[ 3 10],21,44,60,23,31
1,<environment.Job instance at 0x7f03f0f3a410>,23,15,[5 9],24,60,75,36,48
1,<environment.Job instance at 0x7f03f108e1e0>,33,14,[5 2],34,75,89,41,60
1,<environment.Job instance at 0x7f03ab80f640>,38,2,[ 5 10],39,89,91,50,75
1,<environment.Job instance at 0x7f03ab1c55f0>,41,14,[4 7],42,91,105,49,78
1,<environment.Job instance at 0x7f03f5cea5f0>,43,14,[ 5 10],44,105,119,61,91
1,<environment.Job instance at 0x7f03f58015f0>,48,12,[5 2],49,119,131,70,102
1,<environment.Job instance at 0x7f03f5801d70>,53,17,[1 7],54,119,136,65,110
1,<environment.Job instance at 0x7f03f1256460>,16,21,[7 1],17,131,152,114,128
1,<environment.Job instance at 0x7f03f581f960>,6,2,[1 7],7,7,9,0,7
1,<environment.Job instance at 0x7f03f5bb1870>,7,15,[3 9],8,9,24,1,8
1,<environment.Job instance at 0x7f03f581f9b0>,10,14,[9 5],11,24,38,13,13
1,<environment.Job instance at 0x7f03f5bc9870>,28,18,[4 7],29,38,56,9,29
1,<environment.Job instance at 0x7f03ab81dd70>,33,18,[1 7],34,56,74,22,50
1,<environment.Job instance at 0x7f03ab81d960>,34,2,[ 1 10],35,74,76,39,50
1,<environment.Job instance at 0x7f03ab81d7d0>,35,12,[4 8],36,76,88,40,59
1,<environment.Job instance at 0x7f03ab81daf0>,41,3,[9 4],42,88,91,46,83
1,<environment.Job instance at 0x7f03ab81dcd0>,44,12,[5 7],45,91,103,46,85
1,<environment.Job instance at 0x7f03ab81d460>,47,13,[5 6],48,103,116,55,90
1,<environment.Job instance at 0x7f03ab81dbe0>,51,2,[ 1 10],52,116,118,64,112
1,<environment.Job instance at 0x7f03ab39faa0>,52,14,[1 5],53,118,132,65,112
1,<environment.Job instance at 0x7f03ab577690>,61,22,[7 5],62,122,144,60,122
1,<environment.Job instance at 0x7f03ab577730>,66,15,[8 5],67,144,159,77,131
1,<environment.Job instance at 0x7f03ab5841e0>,1,14,[3 5],2,2,16,0,2
1,<environment.Job instance at 0x7f03f0fc2e60>,4,1,[2 5],5,5,6,0,5
1,<environment.Job instance at 0x7f03f0e0aa00>,5,1,[1 7],6,16,17,10,6
1,<environment.Job instance at 0x7f03ab4e57d0>,7,17,[ 4 10],8,17,34,9,17
1,<environment.Job instance at 0x7f03ab661190>,15,13,[1 5],16,34,47,18,18
1,<environment.Job instance at 0x7f03f11ac460>,29,16,[6 3],30,34,50,4,33
1,<environment.Job instance at 0x7f03ab105230>,31,15,[5 9],32,50,65,18,37
1,<environment.Job instance at 0x7f03f127f9b0>,34,18,[1 8],35,65,83,30,54
1,<environment.Job instance at 0x7f03ab105320>,33,16,[8 2],34,65,81,31,54
1,<environment.Job instance at 0x7f03f0fbf140>,49,19,[8 3],50,83,102,33,73
1,<environment.Job instance at 0x7f03f0fa67d0>,56,18,[10  4],57,102,120,45,95
1,<environment.Job instance at 0x7f03f0fbf500>,42,17,[5 9],43,120,137,77,110
1,<environment.Job instance at 0x7f03f0fae820>,69,18,[8 4],70,137,155,67,127
1,<environment.Job instance at 0x7f84610fd4b0>,0,18,[ 2 10],1,2,20,1,2
1,<environment.Job instance at 0x7f845dcf3b40>,7,14,[5 1],8,20,34,12,8
1,<environment.Job instance at 0x7f845dcf6050>,12,3,[6 3],13,34,37,21,14
1,<environment.Job instance at 0x7f845dcf3eb0>,13,13,[1 8],14,20,33,6,15
1,<environment.Job instance at 0x7f845dcf6370>,14,12,[3 7],15,33,45,18,16
1,<environment.Job instance at 0x7f845dcf6dc0>,23,18,[5 2],24,37,55,13,29
1,<environment.Job instance at 0x7f845dcfa4b0>,29,13,[1 6],30,45,58,15,33
1,<environment.Job instance at 0x7f845dcfa500>,32,17,[9 3],33,55,72,22,43
1,<environment.Job instance at 0x7f846127e280>,5,17,[4 7],6,6,23,0,6
1,<environment.Job instance at 0x7f846127e2d0>,7,3,[8 4],8,23,26,15,11
1,<environment.Job instance at 0x7f846127e8c0>,9,14,[ 2 10],10,26,40,16,16
1,<environment.Job instance at 0x7f84612790f0>,12,20,[9 1],13,40,60,27,31
1,<environment.Job instance at 0x7f846127e320>,4,14,[1 7],5,40,54,35,33
1,<environment.Job instance at 0x7f84610fcaf0>,23,3,[10  4],24,60,63,36,44
1,<environment.Job instance at 0x7f8415fe8820>,0,18,[7 5],1,1,19,0,1
1,<environment.Job instance at 0x7f8415fe8d70>,8,20,[5 7],9,19,39,10,12
1,<environment.Job instance at 0x7f841648d910>,0,13,[2 6],1,1,14,0,1
1,<environment.Job instance at 0x7f84164c1550>,7,17,[3 8],8,14,31,6,8
1,<environment.Job instance at 0x7f8415f8b4b0>,17,18,[5 2],18,21,39,3,21
1,<environment.Job instance at 0x7f8415f8b190>,21,14,[5 3],22,31,45,9,22
1,<environment.Job instance at 0x7f8415f8b230>,13,15,[4 8],14,45,60,31,44
1,<environment.Job instance at 0x7f841611eaf0>,28,14,[4 7],29,60,74,31,49
1,<environment.Job instance at 0x7f841639a730>,0,2,[3 8],1,1,3,0,1
1,<environment.Job instance at 0x7f841639a370>,3,27,[5 3],4,5,32,1,5
1,<environment.Job instance at 0x7f84166a3d20>,14,13,[5 9],15,32,45,17,16
1,<environment.Job instance at 0x7f841611eaf0>,4,17,[10  2],5,45,62,40,38
1,<environment.Job instance at 0x7f84166930a0>,19,1,[9 2],20,62,63,42,46
1,<environment.Job instance at 0x7f8416699640>,0,18,[8 5],1,3,21,2,3
1,<environment.Job instance at 0x7f845deef5f0>,9,12,[1 8],10,21,33,11,10
1,<environment.Job instance at 0x7f845e1a4eb0>,16,22,[6 1],17,24,46,7,24
1,<environment.Job instance at 0x7f845e1a4f00>,17,14,[3 5],18,33,47,15,26
1,<environment.Job instance at 0x7f8460cd2690>,22,17,[8 2],23,47,64,24,40
1,<environment.Job instance at 0x7f8461032050>,0,17,[4 5],1,1,18,0,1
1,<environment.Job instance at 0x7f845e191fa0>,14,16,[8 3],15,18,34,3,18
1,<environment.Job instance at 0x7f845dfbfd20>,20,14,[ 3 10],21,34,48,13,26
1,<environment.Job instance at 0x7f8460712870>,0,1,[2 5],1,1,2,0,1
1,<environment.Job instance at 0x7f84607125f0>,1,14,[3 6],2,2,16,0,2
1,<environment.Job instance at 0x7f84162bf0a0>,4,12,[2 9],5,16,28,11,5
1,<environment.Job instance at 0x7f84162bef50>,0,16,[1 9],1,1,17,0,1
1,<environment.Job instance at 0x7f8460943cd0>,9,17,[5 1],10,10,27,0,10
1,<environment.Job instance at 0x7f8460943370>,12,13,[8 1],13,27,40,14,14
1,<environment.Job instance at 0x7f8460943b90>,8,14,[2 7],9,21,35,12,21
1,<environment.Job instance at 0x7f8460943960>,17,14,[10  3],18,40,54,22,26
1,<environment.Job instance at 0x7f84609437d0>,14,3,[2 5],15,35,38,20,30
1,<environment.Job instance at 0x7f846094d7d0>,25,16,[10  5],26,54,70,28,44
1,<environment.Job instance at 0x7f845e11a5f0>,2,17,[10  3],3,3,20,0,3
1,<environment.Job instance at 0x7f845e11abe0>,4,15,[ 1 10],5,20,35,15,9
1,<environment.Job instance at 0x7f84608ab0a0>,21,14,[1 9],22,35,49,13,25
1,<environment.Job instance at 0x7f8415e156e0>,22,12,[4 9],23,49,61,26,32
1,<environment.Job instance at 0x7f84609a6a00>,0,19,[2 7],1,1,20,0,1
1,<environment.Job instance at 0x7f84161be5f0>,6,14,[7 5],7,20,34,13,20
1,<environment.Job instance at 0x7f8415fefa50>,3,15,[6 5],4,34,49,30,23
1,<environment.Job instance at 0x7f84163ddb90>,20,18,[4 6],21,49,67,28,38
1,<environment.Job instance at 0x7f841658ce60>,2,3,[4 9],3,3,6,0,3
1,<environment.Job instance at 0x7f84605f67d0>,3,12,[ 2 10],4,6,18,2,4
1,<environment.Job instance at 0x7f84163bea00>,4,2,[10  3],5,18,20,13,5
1,<environment.Job instance at 0x7f8460aa18c0>,8,14,[6 4],9,20,34,11,15
1,<environment.Job instance at 0x7f84163f3730>,16,2,[ 3 10],17,34,36,17,18
1,<environment.Job instance at 0x7f84163f35a0>,14,14,[7 5],15,36,50,21,22
1,<environment.Job instance at 0x7f84163f24b0>,28,16,[9 2],29,50,66,21,39
1,<environment.Job instance at 0x7f84163f2550>,29,28,[1 8],30,50,78,20,49
1,<environment.Job instance at 0x7f84163f25f0>,30,12,[7 2],31,66,78,35,49
1,<environment.Job instance at 0x7f84163d8960>,1,3,[5 9],2,2,5,0,2
1,<environment.Job instance at 0x7f8416282550>,5,13,[3 9],6,6,19,0,6
1,<environment.Job instance at 0x7f8416282370>,6,18,[9 4],7,19,37,12,8
1,<environment.Job instance at 0x7f845dd5b370>,15,13,[8 5],16,37,50,21,23
1,<environment.Job instance at 0x7f8416282fa0>,8,17,[2 6],9,50,67,41,38
1,<environment.Job instance at 0x7f8416572e60>,28,13,[6 1],29,50,63,21,39
1,<environment.Job instance at 0x7f846078f3c0>,0,17,[2 6],1,1,18,0,1
1,<environment.Job instance at 0x7f846078f9b0>,2,1,[4 6],3,18,19,15,3
1,<environment.Job instance at 0x7f8416091f00>,13,13,[7 5],14,19,32,5,14
1,<environment.Job instance at 0x7f84160917d0>,14,13,[1 8],15,32,45,17,17
1,<environment.Job instance at 0x7f8416091190>,15,3,[10  4],16,45,48,29,32
1,<environment.Job instance at 0x7f8415dddcd0>,21,2,[2 6],22,48,50,26,37
1,<environment.Job instance at 0x7f8416091780>,12,15,[10  1],13,50,65,37,38
1,<environment.Job instance at 0x7f845dd44fa0>,0,2,[2 7],1,1,3,0,1
1,<environment.Job instance at 0x7f8415ddd960>,1,12,[1 8],2,3,15,1,2
1,<environment.Job instance at 0x7f8415dd5a50>,5,15,[ 1 10],6,15,30,9,8
1,<environment.Job instance at 0x7f8415dd5b40>,9,12,[4 6],10,30,42,20,18
1,<environment.Job instance at 0x7f8415df4f50>,24,16,[4 5],25,42,58,17,34
1,<environment.Job instance at 0x7f8415def460>,30,12,[1 7],31,58,70,27,41
1,<environment.Job instance at 0x7f841642a5a0>,0,15,[10  4],1,1,16,0,1
1,<environment.Job instance at 0x7f841642a910>,7,14,[ 4 10],8,16,30,8,8
1,<environment.Job instance at 0x7f845db3d690>,12,16,[3 8],13,30,46,17,17
1,<environment.Job instance at 0x7f845db3d780>,11,12,[5 5],12,46,58,34,33
1,<environment.Job instance at 0x7f8460a28960>,23,13,[5 5],24,46,59,22,39
1,<environment.Job instance at 0x7f8460a28a00>,20,16,[ 3 10],21,59,75,38,46
1,<environment.Job instance at 0x7f84606f75f0>,0,14,[ 2 10],1,1,15,0,1
1,<environment.Job instance at 0x7f845deef370>,5,17,[ 3 10],6,15,32,9,8
1,<environment.Job instance at 0x7f84608dd500>,14,16,[2 7],15,32,48,17,19
1,<environment.Job instance at 0x7f8416003460>,18,16,[8 3],19,32,48,13,21
1,<environment.Job instance at 0x7f84164af910>,23,1,[10  1],24,48,49,24,41
1,<environment.Job instance at 0x7f84164af370>,21,21,[8 2],22,49,70,27,41
1,<environment.Job instance at 0x7f845dcc8280>,0,14,[1 5],1,1,15,0,1
1,<environment.Job instance at 0x7f841605efa0>,8,14,[1 7],9,17,31,8,17
1,<environment.Job instance at 0x7f84606413c0>,9,18,[6 4],10,31,49,21,20
1,<environment.Job instance at 0x7f84161159b0>,12,14,[3 9],13,49,63,36,41
1,<environment.Job instance at 0x7f8416637a50>,2,2,[3 6],3,3,5,0,3
1,<environment.Job instance at 0x7f8416637780>,4,3,[4 5],5,5,8,0,5
1,<environment.Job instance at 0x7f8416637e60>,5,18,[9 2],6,8,26,2,8
1,<environment.Job instance at 0x7f8460c5baa0>,19,18,[6 1],20,26,44,6,20
1,<environment.Job instance at 0x7f84165fa1e0>,26,1,[7 4],27,44,45,17,35
1,<environment.Job instance at 0x7f84165fa230>,27,16,[1 7],28,45,61,17,35
1,<environment.Job instance at 0x7f84165fac80>,30,15,[4 7],31,61,76,30,47
1,<environment.Job instance at 0x7f84165fa0f0>,1,18,[3 8],2,2,20,0,2
1,<environment.Job instance at 0x7f8460a62870>,11,28,[5 1],12,12,40,0,12
1,<environment.Job instance at 0x7f84607ba0a0>,15,15,[3 5],16,25,40,9,25
1,<environment.Job instance at 0x7f845e204640>,25,12,[2 8],26,40,52,14,26
1,<environment.Job instance at 0x7f845df78d70>,24,13,[4 8],25,52,65,27,36
1,<environment.Job instance at 0x7fc41802e370>,2,12,[5 4],3,3,15,0,3
1,<environment.Job instance at 0x7fc410c21a00>,3,18,[ 3 10],4,15,33,11,4
1,<environment.Job instance at 0x7fc41802e2d0>,5,13,[5 9],6,33,46,27,24
1,<environment.Job instance at 0x7fc410c240f0>,13,13,[1 8],14,46,59,32,30
1,<environment.Job instance at 0x7fc410c24910>,26,22,[2 9],27,59,81,32,52
1,<environment.Job instance at 0x7fc410c28820>,4,12,[6 1],5,5,17,0,5
1,<environment.Job instance at 0x7fc4181abfa0>,5,13,[3 5],6,6,19,0,6
1,<environment.Job instance at 0x7fc4181abcd0>,9,13,[7 2],10,17,30,7,10
1,<environment.Job instance at 0x7fc4181a7f50>,13,3,[10  4],14,30,33,16,16
1,<environment.Job instance at 0x7fc4181a7500>,12,14,[9 1],13,33,47,20,18
1,<environment.Job instance at 0x7fc4181a2fa0>,24,12,[3 5],25,47,59,22,30
1,<environment.Job instance at 0x7fc4181a21e0>,26,3,[5 6],27,59,62,32,50
1,<environment.Job instance at 0x7fc4181a26e0>,27,2,[ 4 10],28,62,64,34,50
1,<environment.Job instance at 0x7fc4181a2cd0>,28,12,[3 5],29,64,76,35,50
1,<environment.Job instance at 0x7fc4181ac410>,30,3,[7 2],31,50,53,19,50
1,<environment.Job instance at 0x7fc3ccfdfb90>,0,2,[5 6],1,1,3,0,1
1,<environment.Job instance at 0x7fc3ccfdf460>,3,3,[1 5],4,4,7,0,4
1,<environment.Job instance at 0x7fc3ccfdf190>,4,15,[9 1],5,5,20,0,5
1,<environment.Job instance at 0x7fc3ccfbcb90>,8,16,[7 1],9,20,36,11,9
1,<environment.Job instance at 0x7fc3ccfbc7d0>,16,18,[1 6],17,35,53,18,35
1,<environment.Job instance at 0x7fc3ccfbc5f0>,14,15,[10  5],15,53,68,38,39
1,<environment.Job instance at 0x7fc3ccfca280>,28,12,[3 9],29,68,80,39,56
1,<environment.Job instance at 0x7fc3cd3793c0>,0,12,[2 5],1,1,13,0,1
1,<environment.Job instance at 0x7fc3cceb4320>,5,17,[10  5],6,13,30,7,6
1,<environment.Job instance at 0x7fc3cceb4c80>,13,3,[5 4],14,30,33,16,23
1,<environment.Job instance at 0x7fc3cceb7cd0>,17,3,[4 9],18,33,36,15,26
1,<environment.Job instance at 0x7fc3cceb4b40>,14,17,[10  5],15,36,53,21,27
1,<environment.Job instance at 0x7fc3cceb7910>,25,17,[5 9],26,53,70,27,52
1,<environment.Job instance at 0x7fc3cd087c80>,30,17,[2 9],31,70,87,39,58
1,<environment.Job instance at 0x7fc3cd4250a0>,0,28,[7 3],1,2,30,1,2
1,<environment.Job instance at 0x7fc3cd328c30>,6,17,[2 6],7,11,28,4,11
1,<environment.Job instance at 0x7fc3cd315280>,13,14,[3 5],14,28,42,14,14
1,<environment.Job instance at 0x7fc3cd328b90>,7,16,[2 8],8,42,58,34,29
1,<environment.Job instance at 0x7fc410d58190>,0,17,[4 5],1,1,18,0,1
1,<environment.Job instance at 0x7fc4109e0870>,17,14,[7 1],18,25,39,7,25
1,<environment.Job instance at 0x7fc4109e09b0>,20,14,[ 3 10],21,39,53,18,39
1,<environment.Job instance at 0x7fc4109fa8c0>,23,15,[7 4],24,53,68,29,46
1,<environment.Job instance at 0x7fc410b61690>,30,13,[ 4 10],31,68,81,37,57
1,<environment.Job instance at 0x7fc3cd25cc80>,0,1,[5 1],1,1,2,0,1
1,<environment.Job instance at 0x7fc410dd4cd0>,2,2,[1 5],3,3,5,0,3
1,<environment.Job instance at 0x7fc410db55f0>,3,12,[8 5],4,4,16,0,4
1,<environment.Job instance at 0x7fc3cd2683c0>,4,22,[1 9],5,16,38,11,11
1,<environment.Job instance at 0x7fc3cd1a8960>,16,15,[4 9],17,38,53,21,24
1,<environment.Job instance at 0x7fc3cd0dc0a0>,7,13,[ 1 10],8,53,66,45,37
1,<environment.Job instance at 0x7fc3ccfa64b0>,30,12,[1 5],31,66,78,35,49
1,<environment.Job instance at 0x7fc4109fc280>,33,18,[8 1],34,66,84,32,55
1,<environment.Job instance at 0x7fc4109fc410>,2,13,[3 9],3,3,16,0,3
1,<environment.Job instance at 0x7fc413743460>,5,16,[10  5],6,16,32,10,6
1,<environment.Job instance at 0x7fc3ccd90fa0>,17,16,[2 6],18,32,48,14,20
1,<environment.Job instance at 0x7fc3ccd8a9b0>,20,3,[9 1],21,48,51,27,27
1,<environment.Job instance at 0x7fc3ccda4f50>,26,17,[9 1],27,51,68,24,46
1,<environment.Job instance at 0x7fc41341b640>,2,3,[1 7],3,3,6,0,3
1,<environment.Job instance at 0x7fc41341b730>,5,19,[7 5],6,6,25,0,6
1,<environment.Job instance at 0x7fc410f68c80>,13,14,[8 2],14,25,39,11,14
1,<environment.Job instance at 0x7fc410f681e0>,20,19,[2 7],21,29,48,8,29
1,<environment.Job instance at 0x7fc410f68b90>,16,18,[8 2],17,39,57,22,34
1,<environment.Job instance at 0x7fc3cd11d2d0>,28,14,[3 8],29,57,71,28,42
1,<environment.Job instance at 0x7fc4133c0730>,35,16,[4 5],36,71,87,35,58
1,<environment.Job instance at 0x7fc410b91e10>,1,12,[5 9],2,2,14,0,2
1,<environment.Job instance at 0x7fc410b91550>,6,14,[10  4],7,14,28,7,7
1,<environment.Job instance at 0x7fc410c83dc0>,17,18,[3 6],18,28,46,10,18
1,<environment.Job instance at 0x7fc3cd3d4460>,18,14,[6 4],19,28,42,9,19
1,<environment.Job instance at 0x7fc3cd1d3500>,22,3,[4 9],23,46,49,23,26
1,<environment.Job instance at 0x7fc410ac66e0>,25,12,[6 1],26,42,54,16,27
1,<environment.Job instance at 0x7fc410ac6460>,26,2,[ 3 10],27,54,56,27,27
1,<environment.Job instance at 0x7fc413381a50>,29,14,[9 5],30,56,70,26,47
1,<environment.Job instance at 0x7fc413381820>,35,17,[ 5 10],36,70,87,34,58
1,<environment.Job instance at 0x7fc413381500>,5,13,[3 9],6,6,19,0,6
1,<environment.Job instance at 0x7fc3cccf2460>,12,15,[10  1],13,19,34,6,14
1,<environment.Job instance at 0x7fc3cccf26e0>,16,13,[3 9],17,34,47,17,19
1,<environment.Job instance at 0x7fc3cd217b40>,24,16,[9 2],25,47,63,22,34
1,<environment.Job instance at 0x7fc3ccf2b460>,0,27,[6 4],1,3,30,2,3
1,<environment.Job instance at 0x7fc3ccfa3960>,14,16,[9 4],15,30,46,15,18
1,<environment.Job instance at 0x7fc3ccfa3fa0>,20,14,[1 8],21,46,60,25,34
1,<environment.Job instance at 0x7fc3ccf98280>,21,12,[5 6],22,60,72,38,43
1,<environment.Job instance at 0x7fc3ccf983c0>,23,13,[5 1],24,46,59,22,43
1,<environment.Job instance at 0x7fc3ccf98af0>,34,3,[3 6],35,72,75,37,55
1,<environment.Job instance at 0x7fc3cccf66e0>,0,20,[4 6],1,1,21,0,1
1,<environment.Job instance at 0x7fc410aa2dc0>,16,13,[4 7],17,21,34,4,17
1,<environment.Job instance at 0x7fc3ccf98b40>,4,16,[4 5],5,34,50,29,22
1,<environment.Job instance at 0x7fc3ccefd0a0>,19,13,[7 4],20,50,63,30,39
1,<environment.Job instance at 0x7fc413173960>,25,2,[4 7],26,63,65,37,42
1,<environment.Job instance at 0x7fc413173460>,23,15,[4 9],24,65,80,41,53
1,<environment.Job instance at 0x7fc3cd58faf0>,4,13,[5 3],5,5,18,0,5
1,<environment.Job instance at 0x7fc3cd58f0f0>,6,14,[6 4],7,18,32,11,10
1,<environment.Job instance at 0x7fc3ccd8f820>,17,2,[7 2],18,32,34,14,18
1,<environment.Job instance at 0x7fc3cd0ed5a0>,20,14,[ 2 10],21,34,48,13,22
1,<environment.Job instance at 0x7fc3cd0edd20>,26,13,[3 9],27,48,61,21,33
1,<environment.Job instance at 0x7fc3cd0edb90>,25,17,[ 3 10],26,61,78,35,51
1,<environment.Job instance at 0x7fc413270e60>,0,26,[4 9],1,7,33,6,7
1,<environment.Job instance at 0x7fc3cd101aa0>,5,18,[1 8],6,42,60,36,42
1,<environment.Job instance at 0x7fc41104a8c0>,14,13,[2 6],15,60,73,45,47
1,<environment.Job instance at 0x7fc41104ac80>,22,14,[3 9],23,73,87,50,59
1,<environment.Job instance at 0x7fc41101c640>,0,1,[8 1],1,1,2,0,1
1,<environment.Job instance at 0x7fc41102e140>,1,18,[10  5],2,2,20,0,2
1,<environment.Job instance at 0x7fc4136a4fa0>,5,18,[9 2],6,20,38,14,9
1,<environment.Job instance at 0x7fc3cd4344b0>,16,12,[3 9],17,38,50,21,22
1,<environment.Job instance at 0x7fc4131ec5a0>,11,21,[4 9],12,50,71,38,42
1,<environment.Job instance at 0x7fc3cd065460>,30,15,[4 7],31,71,86,40,57
1,<environment.Job instance at 0x7fc4110c64b0>,13,23,[7 4],14,17,40,3,17
1,<environment.Job instance at 0x7fc4131734b0>,16,12,[9 5],17,40,52,23,24
1,<environment.Job instance at 0x7fc4133565f0>,19,15,[2 6],20,52,67,32,50
1,<environment.Job instance at 0x7fc410bb34b0>,21,14,[9 4],22,67,81,45,53
1,<environment.Job instance at 0x7fc410d100a0>,1,15,[5 4],2,2,17,0,2
1,<environment.Job instance at 0x7fc41318c9b0>,3,17,[5 9],4,17,34,13,5
1,<environment.Job instance at 0x7fc3cd01ce10>,15,2,[4 8],16,34,36,18,16
1,<environment.Job instance at 0x7fc3cd002c80>,11,1,[5 5],12,36,37,24,19
1,<environment.Job instance at 0x7fc3cd01cf50>,17,2,[1 8],18,37,39,19,22
1,<environment.Job instance at 0x7fc3cd01ceb0>,14,17,[1 9],15,39,56,24,29
1,<environment.Job instance at 0x7fc3cd01caf0>,21,13,[7 4],22,56,69,34,48
1,<environment.Job instance at 0x7fc3cd0024b0>,12,16,[9 4],13,69,85,56,56
1,<environment.Job instance at 0x7fc41366b1e0>,0,12,[7 4],1,1,13,0,1
1,<environment.Job instance at 0x7fc417c2c690>,8,17,[9 5],9,13,30,4,9
1,<environment.Job instance at 0x7fc41366b2d0>,11,18,[4 7],12,30,48,18,20
1,<environment.Job instance at 0x7fc4138aac80>,20,15,[5 5],21,48,63,27,36
1,<environment.Job instance at 0x7fc4138aab40>,26,1,[5 5],27,50,51,23,50
1,<environment.Job instance at 0x7fc3cd057730>,1,15,[8 4],2,2,17,0,2
1,<environment.Job instance at 0x7fc410b81d20>,5,17,[5 3],6,17,34,11,6
1,<environment.Job instance at 0x7fc410bedeb0>,13,18,[4 6],14,17,35,3,16
1,<environment.Job instance at 0x7fc410b75960>,17,12,[1 6],18,35,47,17,19
1,<environment.Job instance at 0x7fc410b75910>,20,2,[4 6],21,47,49,26,22
1,<environment.Job instance at 0x7fc410bff460>,22,18,[7 4],23,49,67,26,38
1,<environment.Job instance at 0x7fc410f8eaa0>,29,15,[3 9],30,67,82,37,53
1,<environment.Job instance at 0x7f01fc4d3140>,0,18,[ 2 10],1,1,19,0,1
1,<environment.Job instance at 0x7f01f50c4230>,5,13,[5 9],6,19,32,13,6
1,<environment.Job instance at 0x7f01f50c4c30>,14,12,[3 7],15,32,44,17,19
1,<environment.Job instance at 0x7f01f50c49b0>,15,3,[10  2],16,44,47,28,19
1,<environment.Job instance at 0x7f01f50c4af0>,13,13,[1 8],14,47,60,33,31
1,<environment.Job instance at 0x7f01f50c5af0>,31,17,[4 9],32,60,77,28,49
1,<environment.Job instance at 0x7f01f50c4370>,8,17,[ 2 10],9,77,94,68,65
1,<environment.Job instance at 0x7f01fc64e4b0>,0,18,[5 5],1,1,19,0,1
1,<environment.Job instance at 0x7f01fc64e370>,6,13,[1 5],7,7,20,0,7
1,<environment.Job instance at 0x7f01fc6444b0>,9,17,[2 7],10,20,37,10,10
1,<environment.Job instance at 0x7f01fc6441e0>,8,19,[8 4],9,37,56,28,27
1,<environment.Job instance at 0x7f01fc640280>,23,12,[4 9],24,56,68,32,40
1,<environment.Job instance at 0x7f01fc4fa690>,35,1,[3 6],36,68,69,32,56
1,<environment.Job instance at 0x7f01fc4fad20>,36,12,[2 6],37,69,81,32,56
1,<environment.Job instance at 0x7f01b13be550>,0,17,[3 8],1,1,18,0,1
1,<environment.Job instance at 0x7f01b13ba960>,14,2,[8 5],15,18,20,3,16
1,<environment.Job instance at 0x7f01b13be500>,5,15,[6 2],6,20,35,14,16
1,<environment.Job instance at 0x7f01b13ba190>,15,14,[3 8],16,20,34,4,17
1,<environment.Job instance at 0x7f01b13bae10>,17,17,[3 8],18,34,51,16,25
1,<environment.Job instance at 0x7f01b13ba6e0>,12,16,[6 2],13,35,51,22,34
1,<environment.Job instance at 0x7f01b13afcd0>,27,18,[5 2],28,51,69,23,40
1,<environment.Job instance at 0x7f01b13b8b90>,23,15,[4 8],24,51,66,27,40
1,<environment.Job instance at 0x7f01b13a0820>,38,14,[4 7],39,66,80,27,53
1,<environment.Job instance at 0x7f01b149f870>,0,17,[2 9],1,1,18,0,1
1,<environment.Job instance at 0x7f01b1491cd0>,3,12,[5 1],4,4,16,0,4
1,<environment.Job instance at 0x7f01b1491730>,6,16,[7 2],7,18,34,11,8
1,<environment.Job instance at 0x7f01b1853820>,15,17,[3 5],16,19,36,3,19
1,<environment.Job instance at 0x7f01b1491050>,5,17,[8 1],6,36,53,30,35
1,<environment.Job instance at 0x7f01b18539b0>,20,15,[7 4],21,53,68,32,39
1,<environment.Job instance at 0x7f01b1875a00>,25,12,[2 6],26,47,59,21,47
1,<environment.Job instance at 0x7f01b1892500>,28,18,[3 8],29,68,86,39,58
1,<environment.Job instance at 0x7f01b1892cd0>,1,16,[6 2],2,2,18,0,2
1,<environment.Job instance at 0x7f01b17b90f0>,6,13,[3 6],7,7,20,0,7
1,<environment.Job instance at 0x7f01b17b95f0>,11,3,[3 6],12,20,23,8,15
1,<environment.Job instance at 0x7f01b17b99b0>,14,18,[ 5 10],15,23,41,8,15
1,<environment.Job instance at 0x7f01b17b9820>,13,18,[9 2],14,41,59,27,38
1,<environment.Job instance at 0x7f01b17b8a50>,31,15,[10  3],32,59,74,27,53
1,<environment.Job instance at 0x7f01b17b8e60>,34,16,[8 3],35,74,90,39,69
1,<environment.Job instance at 0x7f01f53b7cd0>,0,1,[2 5],1,1,2,0,1
1,<environment.Job instance at 0x7f01b17b83c0>,1,14,[3 6],2,2,16,0,2
1,<environment.Job instance at 0x7f01fbe08550>,6,15,[10  5],7,16,31,9,7
1,<environment.Job instance at 0x7f01f5211460>,20,17,[7 1],21,31,48,10,24
1,<environment.Job instance at 0x7f01f52114b0>,21,18,[3 8],22,31,49,9,28
1,<environment.Job instance at 0x7f01fbe080f0>,8,16,[3 6],9,49,65,40,41
1,<environment.Job instance at 0x7f01f5211f00>,26,15,[4 9],27,65,80,38,54
1,<environment.Job instance at 0x7f01f4f3f370>,29,3,[9 2],30,80,83,50,56
1,<environment.Job instance at 0x7f01f5487b90>,2,13,[3 9],3,3,16,0,3
1,<environment.Job instance at 0x7f01b15fb9b0>,15,15,[5 7],16,16,31,0,16
1,<environment.Job instance at 0x7f01fbafc7d0>,17,16,[2 6],18,31,47,13,18
1,<environment.Job instance at 0x7f01b1894730>,23,17,[1 8],24,47,64,23,35
1,<environment.Job instance at 0x7f01b1895280>,26,17,[9 1],27,47,64,20,38
1,<environment.Job instance at 0x7f01b1895640>,33,13,[9 5],34,64,77,30,48
1,<environment.Job instance at 0x7f01b16c52d0>,39,3,[8 5],40,77,80,37,51
1,<environment.Job instance at 0x7f01b16c5d20>,2,17,[2 5],3,3,20,0,3
1,<environment.Job instance at 0x7f01b14b5870>,7,18,[6 2],8,12,30,4,12
1,<environment.Job instance at 0x7f01b14a13c0>,17,23,[10  4],18,30,53,12,24
1,<environment.Job instance at 0x7f01b14b5e10>,14,1,[2 5],15,26,27,11,26
1,<environment.Job instance at 0x7f01b14a15a0>,19,3,[3 6],20,27,30,7,27
1,<environment.Job instance at 0x7f01b14a1640>,20,3,[7 3],21,53,56,32,30
1,<environment.Job instance at 0x7f01b14b5aa0>,10,19,[2 7],11,53,72,42,46
1,<environment.Job instance at 0x7f01b14a72d0>,31,15,[3 5],32,72,87,40,60
1,<environment.Job instance at 0x7f01b14a71e0>,33,1,[8 5],34,87,88,53,62
1,<environment.Job instance at 0x7f01b14a74b0>,1,3,[1 6],2,2,5,0,2
1,<environment.Job instance at 0x7f01b14f6140>,3,18,[ 1 10],4,5,23,1,5
1,<environment.Job instance at 0x7f01f52027d0>,16,17,[ 1 10],17,25,42,8,25
1,<environment.Job instance at 0x7f01fb9c65f0>,20,12,[7 2],21,42,54,21,28
1,<environment.Job instance at 0x7f01b1a31190>,23,2,[6 5],24,54,56,30,35
1,<environment.Job instance at 0x7f01b1722dc0>,24,1,[7 3],25,56,57,31,35
1,<environment.Job instance at 0x7f01fbafcb40>,27,17,[3 8],28,57,74,29,45
1,<environment.Job instance at 0x7f01b164c140>,31,15,[1 9],32,74,89,42,64
1,<environment.Job instance at 0x7f01b1700780>,1,13,[6 5],2,2,15,0,2
1,<environment.Job instance at 0x7f01f51f9690>,8,17,[7 2],9,18,35,9,18
1,<environment.Job instance at 0x7f01b1555e60>,16,14,[5 4],17,35,49,18,22
1,<environment.Job instance at 0x7f01f51f90a0>,13,3,[8 1],14,49,52,35,25
1,<environment.Job instance at 0x7f01f51c0be0>,20,17,[2 6],21,31,48,10,31
1,<environment.Job instance at 0x7f01b19caaf0>,32,15,[10  1],33,52,67,19,39
1,<environment.Job instance at 0x7f01f5480be0>,42,24,[1 6],43,67,91,24,64
1,<environment.Job instance at 0x7f01b19b5a50>,0,2,[2 7],1,1,3,0,1
1,<environment.Job instance at 0x7f01f5480c30>,1,12,[1 8],2,3,15,1,2
1,<environment.Job instance at 0x7f01b18215f0>,3,16,[5 3],4,15,31,11,4
1,<environment.Job instance at 0x7f01fbe45320>,9,12,[4 6],10,15,27,5,10
1,<environment.Job instance at 0x7f01fbe455a0>,11,3,[5 2],12,27,30,15,13
1,<environment.Job instance at 0x7f01fbe45a50>,17,15,[4 6],18,30,45,12,18
1,<environment.Job instance at 0x7f01b141b500>,24,16,[4 5],25,45,61,20,32
1,<environment.Job instance at 0x7f01b141b960>,1,16,[5 7],2,2,18,0,2
1,<environment.Job instance at 0x7f01fbab7d70>,5,14,[4 6],6,20,34,14,20
1,<environment.Job instance at 0x7f01fb930aa0>,20,13,[5 3],21,21,34,0,21
1,<environment.Job instance at 0x7f01fb9300f0>,21,17,[2 7],22,34,51,12,22
1,<environment.Job instance at 0x7f01f527dcd0>,19,1,[8 2],20,34,35,14,24
1,<environment.Job instance at 0x7f01f52b4410>,24,3,[ 3 10],25,51,54,26,26
1,<environment.Job instance at 0x7f01f52b4f50>,23,12,[7 4],24,54,66,30,38
1,<environment.Job instance at 0x7f01b15d8d20>,35,17,[ 3 10],36,66,83,30,54
1,<environment.Job instance at 0x7f01f514ae60>,42,13,[9 4],43,83,96,40,67
1,<environment.Job instance at 0x7f01b1782b90>,3,14,[3 6],4,4,18,0,4
1,<environment.Job instance at 0x7f01b1782690>,5,18,[1 8],6,18,36,12,7
1,<environment.Job instance at 0x7f01b1782730>,7,23,[5 3],8,36,59,28,30
1,<environment.Job instance at 0x7f01b1287e10>,16,18,[7 4],17,60,78,43,60
1,<environment.Job instance at 0x7f01b1287dc0>,18,14,[1 7],19,78,92,59,63
1,<environment.Job instance at 0x7f01b1287a00>,21,13,[6 3],22,78,91,56,66
1,<environment.Job instance at 0x7f01b17569b0>,3,16,[8 1],4,5,21,1,5
1,<environment.Job instance at 0x7f01b1a4ae60>,8,16,[4 8],9,21,37,12,11
1,<environment.Job instance at 0x7f01b1a31280>,15,16,[10  5],16,37,53,21,24
1,<environment.Job instance at 0x7f01b1370280>,25,1,[6 4],26,53,54,27,38
1,<environment.Job instance at 0x7f01f4ff0eb0>,27,1,[5 1],28,54,55,26,38
1,<environment.Job instance at 0x7f01b1a3c280>,28,13,[2 5],29,53,66,24,38
1,<environment.Job instance at 0x7f01b1a3c5f0>,30,24,[7 2],31,55,79,24,51
1,<environment.Job instance at 0x7f01b1a3c6e0>,31,12,[3 7],32,66,78,34,52
1,<environment.Job instance at 0x7f01b198cbe0>,2,13,[2 9],3,3,16,0,3
1,<environment.Job instance at 0x7f01f5412820>,5,18,[7 5],6,21,39,15,21
1,<environment.Job instance at 0x7f01fbea5780>,19,17,[2 6],20,39,56,19,27
1,<environment.Job instance at 0x7f01fbea5550>,21,2,[1 5],22,27,29,5,27
1,<environment.Job instance at 0x7f01f50251e0>,26,17,[3 5],27,56,73,29,44
1,<environment.Job instance at 0x7f01f5025c80>,32,12,[10  4],33,73,85,40,56
1,<environment.Job instance at 0x7f01f5025f00>,33,2,[5 1],34,56,58,22,56
1,<environment.Job instance at 0x7f01fc25a190>,0,13,[2 6],1,1,14,0,1
1,<environment.Job instance at 0x7f01b155f7d0>,3,24,[5 3],4,5,29,1,5
1,<environment.Job instance at 0x7f01b155feb0>,6,17,[2 5],7,14,31,7,7
1,<environment.Job instance at 0x7f01b1121730>,20,17,[10  1],21,31,48,10,31
1,<environment.Job instance at 0x7f01b1121140>,21,14,[5 8],22,48,62,26,33
1,<environment.Job instance at 0x7f01b158f8c0>,27,3,[1 9],28,62,65,34,52
1,<environment.Job instance at 0x7f01b158fe10>,28,13,[4 6],29,65,78,36,52
1,<environment.Job instance at 0x7f01b158f5f0>,34,16,[7 4],35,78,94,43,65
1,<environment.Job instance at 0x7f01b109c9b0>,0,12,[5 6],1,1,13,0,1
1,<environment.Job instance at 0x7f01f5376780>,9,3,[1 7],10,13,16,3,12
1,<environment.Job instance at 0x7f01b158f870>,6,18,[6 4],7,16,34,9,13
1,<environment.Job instance at 0x7f01fbe6d9b0>,17,16,[1 8],18,34,50,16,21
1,<environment.Job instance at 0x7f01fbe562d0>,21,15,[8 4],22,50,65,28,41
1,<environment.Job instance at 0x7f01fbe6df50>,12,14,[ 4 10],13,65,79,52,50
1,<environment.Job instance at 0x7f01fbe6caf0>,25,17,[5 3],26,79,96,53,67
1,<environment.Job instance at 0x7f01fbe9e190>,0,12,[4 8],1,1,13,0,1
1,<environment.Job instance at 0x7f01fbe9e820>,8,18,[5 9],9,19,37,10,19
1,<environment.Job instance at 0x7f01b10e75a0>,17,13,[10  4],18,37,50,19,25
1,<environment.Job instance at 0x7f01b10e70f0>,15,16,[7 3],16,50,66,34,41
1,<environment.Job instance at 0x7f01fbc7bdc0>,2,18,[3 7],3,3,21,0,3
1,<environment.Job instance at 0x7f01fb8c5500>,10,25,[5 3],11,11,36,0,11
1,<environment.Job instance at 0x7f01fc039870>,13,13,[5 6],14,21,34,7,14
1,<environment.Job instance at 0x7f01b1042c30>,20,3,[ 4 10],21,36,39,15,23
1,<environment.Job instance at 0x7f01b0fd6e10>,23,3,[8 1],24,39,42,15,24
1,<environment.Job instance at 0x7f01f557e230>,18,16,[10  3],19,42,58,23,29
1,<environment.Job instance at 0x7f01b1518730>,28,17,[6 5],29,58,75,29,46
1,<environment.Job instance at 0x7f01fc64d460>,33,1,[5 4],34,75,76,41,61
1,<environment.Job instance at 0x7f01b16090a0>,34,3,[8 2],35,76,79,41,61
1,<environment.Job instance at 0x7f01fc035960>,35,1,[1 8],36,76,77,40,61
1,<environment.Job instance at 0x7f01fba03dc0>,1,16,[4 6],2,2,18,0,2
1,<environment.Job instance at 0x7f01b114c820>,10,13,[1 5],11,18,31,7,11
1,<environment.Job instance at 0x7f01b114ca50>,13,3,[10  4],14,31,34,17,19
1,<environment.Job instance at 0x7f01b114c6e0>,15,13,[5 4],16,34,47,18,20
1,<environment.Job instance at 0x7f01f4ec6a50>,21,1,[10  1],22,47,48,25,28
1,<environment.Job instance at 0x7f01b114c5f0>,18,18,[ 5 10],19,48,66,29,37
1,<environment.Job instance at 0x7f01b114c870>,16,27,[2 9],17,66,93,49,65
1,<environment.Job instance at 0x7fce0bf430f0>,0,18,[ 2 10],1,2,20,1,2
1,<environment.Job instance at 0x7fce0bf430a0>,5,13,[5 9],6,20,33,14,8
1,<environment.Job instance at 0x7fce04b34c80>,14,12,[3 7],15,33,45,18,22
1,<environment.Job instance at 0x7fce04b38230>,20,1,[3 7],21,45,46,24,22
1,<environment.Job instance at 0x7fce04b384b0>,21,3,[ 2 10],22,46,49,24,22
1,<environment.Job instance at 0x7fce04b388c0>,25,3,[1 6],26,49,52,23,36
1,<environment.Job instance at 0x7fce04b38c30>,29,13,[1 6],30,52,65,22,43
1,<environment.Job instance at 0x7fce04b38d70>,31,17,[4 9],32,65,82,33,53
1,<environment.Job instance at 0x7fce04b38f00>,35,16,[8 1],36,82,98,46,70
1,<environment.Job instance at 0x7fce0c0b2cd0>,2,3,[10  1],3,3,6,0,3
1,<environment.Job instance at 0x7fce0c0b2550>,3,3,[9 2],4,6,9,2,4
1,<environment.Job instance at 0x7fce0c0b7e10>,20,18,[7 5],21,23,41,2,23
1,<environment.Job instance at 0x7fce0c0b0280>,11,16,[5 8],12,41,57,29,30
1,<environment.Job instance at 0x7fce0bf6a870>,28,20,[5 7],29,67,87,38,67
1,<environment.Job instance at 0x7fcdc0e77fa0>,0,12,[6 3],1,1,13,0,1
1,<environment.Job instance at 0x7fcdc0ed54b0>,7,18,[5 2],8,13,31,5,8
1,<environment.Job instance at 0x7fcdc0ed5640>,8,18,[4 6],9,9,27,0,9
1,<environment.Job instance at 0x7fcdc0ed5c80>,18,14,[4 7],19,27,41,8,24
1,<environment.Job instance at 0x7fcdc0ee6dc0>,20,12,[2 5],21,41,53,20,24
1,<environment.Job instance at 0x7fcdc0ee6e10>,23,1,[3 9],24,53,54,29,31
1,<environment.Job instance at 0x7fcdc0ee61e0>,30,18,[5 1],31,40,58,9,40
1,<environment.Job instance at 0x7fcdc0ee6140>,32,14,[8 4],33,58,72,25,44
1,<environment.Job instance at 0x7fcdc0f10050>,36,23,[5 8],37,72,95,35,67
1,<environment.Job instance at 0x7fcdc0f10640>,40,2,[3 8],41,95,97,54,68
1,<environment.Job instance at 0x7fcdc1293c30>,0,28,[7 3],1,2,30,1,2
1,<environment.Job instance at 0x7fcdc1462c30>,14,17,[1 9],15,30,47,15,18
1,<environment.Job instance at 0x7fcdc1462f00>,12,13,[2 5],13,47,60,34,33
1,<environment.Job instance at 0x7fcdc11e4730>,26,22,[6 1],27,60,82,33,60
1,<environment.Job instance at 0x7fcdc11e4370>,27,14,[3 5],28,60,74,32,60
1,<environment.Job instance at 0x7fcdc11e4cd0>,28,21,[5 1],29,82,103,53,74
1,<environment.Job instance at 0x7fcdc1465c80>,3,15,[7 4],4,4,19,0,4
1,<environment.Job instance at 0x7fcdc14f7fa0>,13,13,[2 5],14,14,27,0,14
1,<environment.Job instance at 0x7fcdc14f7be0>,10,13,[ 4 10],11,27,40,16,17
1,<environment.Job instance at 0x7fcdc14f4b90>,23,1,[2 8],24,40,41,16,26
1,<environment.Job instance at 0x7fcdc14f4c80>,24,12,[3 5],25,41,53,16,26
1,<environment.Job instance at 0x7fcdc14f4a50>,21,15,[3 5],22,41,56,19,29
1,<environment.Job instance at 0x7fcdc14d8690>,35,16,[2 6],36,56,72,20,43
1,<environment.Job instance at 0x7fcdc14f4f00>,26,20,[6 2],27,60,80,33,60
1,<environment.Job instance at 0x7fcdc14d8280>,40,1,[5 1],41,80,81,39,63
1,<environment.Job instance at 0x7fcdc14d8a00>,39,22,[1 6],40,72,94,32,65
1,<environment.Job instance at 0x7fcdc14f6280>,45,12,[2 5],46,94,106,48,77
1,<environment.Job instance at 0x7fcdc14f6370>,1,3,[3 7],2,2,5,0,2
1,<environment.Job instance at 0x7fce0b6e6140>,5,12,[4 7],6,6,18,0,6
1,<environment.Job instance at 0x7fce0b6e6dc0>,6,13,[8 3],7,18,31,11,7
1,<environment.Job instance at 0x7fce0b6e6fa0>,8,14,[2 7],9,18,32,9,9
1,<environment.Job instance at 0x7fce0497a8c0>,13,16,[3 5],14,32,48,18,20
1,<environment.Job instance at 0x7fce0497ac80>,17,14,[10  3],18,48,62,30,35
1,<environment.Job instance at 0x7fce04f50370>,30,17,[9 4],31,62,79,31,56
1,<environment.Job instance at 0x7fce04dee960>,35,15,[5 7],36,79,94,43,66
1,<environment.Job instance at 0x7fce04d33af0>,6,14,[8 1],7,7,21,0,7
1,<environment.Job instance at 0x7fcdc0fa5410>,7,12,[10  4],8,21,33,13,8
1,<environment.Job instance at 0x7fcdc13fceb0>,10,14,[ 4 10],11,33,47,22,18
1,<environment.Job instance at 0x7fce0b5f8410>,27,23,[10  4],28,47,70,19,41
1,<environment.Job instance at 0x7fcdc1099dc0>,34,13,[1 9],35,70,83,35,55
1,<environment.Job instance at 0x7fcdc1099820>,35,16,[4 5],36,83,99,47,70
1,<environment.Job instance at 0x7fcdc11f0550>,23,15,[6 5],24,83,98,59,76
1,<environment.Job instance at 0x7fcdc11f0500>,3,18,[ 1 10],4,6,24,2,6
1,<environment.Job instance at 0x7fcdc11aa280>,9,14,[9 5],10,24,38,14,12
1,<environment.Job instance at 0x7fcdc11b5f50>,5,12,[6 1],6,38,50,32,30
1,<environment.Job instance at 0x7fcdc11b5e60>,10,1,[5 1],11,50,51,39,30
1,<environment.Job instance at 0x7fcdc11aae60>,21,13,[1 9],22,38,51,16,31
1,<environment.Job instance at 0x7fcdc11b7050>,26,14,[9 2],27,51,65,24,36
1,<environment.Job instance at 0x7fcdc11b75a0>,30,13,[10  4],31,65,78,34,65
1,<environment.Job instance at 0x7fcdc11aac80>,20,12,[7 2],21,78,90,57,67
1,<environment.Job instance at 0x7fcdc11b7f00>,38,17,[2 7],39,78,95,39,74
1,<environment.Job instance at 0x7fcdc119c0f0>,0,15,[5 6],1,1,16,0,1
1,<environment.Job instance at 0x7fce0b87d140>,5,12,[10  3],6,16,28,10,6
1,<environment.Job instance at 0x7fce04afe780>,14,12,[3 5],15,28,40,13,20
1,<environment.Job instance at 0x7fce04afecd0>,12,1,[4 6],13,40,41,27,24
1,<environment.Job instance at 0x7fce0b56ea50>,24,13,[1 8],25,41,54,16,25
1,<environment.Job instance at 0x7fce04e8dfa0>,23,13,[7 5],24,54,67,30,42
1,<environment.Job instance at 0x7fcdc0f49af0>,36,15,[10  4],37,67,82,30,53
1,<environment.Job instance at 0x7fce0b58fd20>,38,17,[3 9],39,82,99,43,70
1,<environment.Job instance at 0x7fcdc126b320>,0,20,[4 6],1,1,21,0,1
1,<environment.Job instance at 0x7fcdc1432640>,4,16,[4 5],5,21,37,16,11
1,<environment.Job instance at 0x7fce04abfe10>,17,3,[8 1],18,37,40,19,21
1,<environment.Job instance at 0x7fce04abf960>,16,13,[4 7],17,40,53,23,27
1,<environment.Job instance at 0x7fcdc0bd6c30>,10,12,[1 7],11,53,65,42,43
1,<environment.Job instance at 0x7fce0bf6a8c0>,23,15,[4 9],24,65,80,41,53
1,<environment.Job instance at 0x7fce04ef7730>,32,15,[4 8],33,80,95,47,68
1,<environment.Job instance at 0x7fce0b4c7be0>,0,14,[ 2 10],1,1,15,0,1
1,<environment.Job instance at 0x7fce0b4c70a0>,3,18,[5 5],4,15,33,11,4
1,<environment.Job instance at 0x7fcdc0d4ad70>,15,1,[5 8],16,33,34,17,16
1,<environment.Job instance at 0x7fcdc0d4afa0>,16,13,[5 5],17,18,31,1,18
1,<environment.Job instance at 0x7fcdc0d4a9b0>,14,16,[2 7],15,34,50,19,21
1,<environment.Job instance at 0x7fcdc0d44370>,19,1,[5 4],20,31,32,11,21
1,<environment.Job instance at 0x7fcdc0d442d0>,18,16,[8 3],19,34,50,15,22
1,<environment.Job instance at 0x7fcdc0d44c30>,28,28,[10  4],29,50,78,21,49
1,<environment.Job instance at 0x7fcdc13142d0>,36,18,[8 3],37,78,96,41,71
1,<environment.Job instance at 0x7fcdc13146e0>,1,2,[1 6],2,2,4,0,2
1,<environment.Job instance at 0x7fce04c98a50>,3,2,[3 5],4,4,6,0,4
1,<environment.Job instance at 0x7fce04c98140>,4,14,[6 4],5,5,19,0,5
1,<environment.Job instance at 0x7fce04c988c0>,6,25,[6 3],7,19,44,12,19
1,<environment.Job instance at 0x7fce04fd3500>,31,21,[4 9],32,44,65,12,44
1,<environment.Job instance at 0x7fce04fd3960>,36,12,[3 9],37,65,77,28,48
1,<environment.Job instance at 0x7fcdc0edf870>,45,16,[10  5],46,77,93,31,74
1,<environment.Job instance at 0x7fce04e5a5a0>,12,13,[9 1],13,28,41,15,28
1,<environment.Job instance at 0x7fce04981410>,19,15,[2 6],20,43,58,23,43
1,<environment.Job instance at 0x7fce04981e60>,20,2,[5 5],21,58,60,37,43
1,<environment.Job instance at 0x7fcdc12b4780>,22,13,[2 9],23,60,73,37,45
1,<environment.Job instance at 0x7fce04bc23c0>,25,18,[7 5],26,73,91,47,62
1,<environment.Job instance at 0x7fce04b02320>,0,3,[2 8],1,1,4,0,1
1,<environment.Job instance at 0x7fcdc0cf7f50>,4,18,[5 5],5,5,23,0,5
1,<environment.Job instance at 0x7fcdc0cdeb90>,11,13,[10  4],12,23,36,11,12
1,<environment.Job instance at 0x7fcdc0cc41e0>,16,17,[2 5],17,36,53,19,24
1,<environment.Job instance at 0x7fcdc0cde190>,13,24,[5 3],14,36,60,22,32
1,<environment.Job instance at 0x7fce0b7def00>,27,17,[1 9],28,60,77,32,48
1,<environment.Job instance at 0x7fcdc1471b90>,24,12,[9 1],25,63,75,38,63
1,<environment.Job instance at 0x7fcdc0cdea00>,14,15,[5 6],15,77,92,62,66
1,<environment.Job instance at 0x7fce05051190>,0,12,[5 6],1,1,13,0,1
1,<environment.Job instance at 0x7fcdc123be60>,5,17,[10  3],6,13,30,7,6
1,<environment.Job instance at 0x7fce04fda550>,16,12,[8 4],17,30,42,13,25
1,<environment.Job instance at 0x7fce04ecf9b0>,8,14,[6 4],9,42,56,33,31
1,<environment.Job instance at 0x7fce04a9cc80>,22,14,[9 2],23,56,70,33,42
1,<environment.Job instance at 0x7fcdc12a7a50>,31,1,[5 4],32,70,71,38,57
1,<environment.Job instance at 0x7fcdc12a7e60>,32,16,[9 2],33,71,87,38,59
1,<environment.Job instance at 0x7fce0bf6a9b0>,36,17,[3 7],37,87,104,50,75
1,<environment.Job instance at 0x7fce0bf6aa00>,37,12,[1 6],38,75,87,37,75
1,<environment.Job instance at 0x7fcdc0c3fe60>,0,18,[6 4],1,1,19,0,1
1,<environment.Job instance at 0x7fce048c0d70>,8,13,[8 5],9,19,32,10,9
1,<environment.Job instance at 0x7fce048c0500>,17,18,[1 6],18,32,50,14,21
1,<environment.Job instance at 0x7fce048c0dc0>,20,17,[9 2],21,32,49,11,30
1,<environment.Job instance at 0x7fcdc0c27960>,35,14,[5 7],36,52,66,16,52
1,<environment.Job instance at 0x7fcdc0c27500>,36,16,[9 2],37,66,82,29,54
1,<environment.Job instance at 0x7fcdc0c27460>,1,2,[2 9],2,2,4,0,2
1,<environment.Job instance at 0x7fcdc0dfcdc0>,3,3,[8 1],4,4,7,0,4
1,<environment.Job instance at 0x7fcdc1094c30>,4,17,[2 7],5,5,22,0,5
1,<environment.Job instance at 0x7fcdc10974b0>,7,16,[5 4],8,22,38,14,9
1,<environment.Job instance at 0x7fcdc1097370>,9,18,[5 1],10,10,28,0,10
1,<environment.Job instance at 0x7fce0b6fa190>,16,15,[5 6],17,28,43,11,18
1,<environment.Job instance at 0x7fcdc101fcd0>,28,1,[1 9],29,43,44,14,39
1,<environment.Job instance at 0x7fcdc11a7050>,30,2,[5 2],31,39,41,8,39
1,<environment.Job instance at 0x7fcdc10a5be0>,22,18,[2 5],23,44,62,21,41
1,<environment.Job instance at 0x7fcdc1099a50>,12,17,[6 4],13,45,62,32,45
1,<environment.Job instance at 0x7fcdc0dd1be0>,35,16,[10  3],36,62,78,26,49
1,<environment.Job instance at 0x7fce0492dd70>,52,15,[5 1],53,78,93,25,74
1,<environment.Job instance at 0x7fce0492d870>,53,3,[2 7],54,78,81,24,74
1,<environment.Job instance at 0x7fce04a4b820>,1,27,[8 5],2,5,32,3,5
1,<environment.Job instance at 0x7fce0b336460>,15,18,[5 6],16,32,50,16,21
1,<environment.Job instance at 0x7fce04c63370>,21,2,[3 8],22,50,52,28,32
1,<environment.Job instance at 0x7fce0b77b5a0>,24,15,[2 7],25,52,67,27,39
1,<environment.Job instance at 0x7fce0bb0c3c0>,38,15,[3 8],39,67,82,28,53
1,<environment.Job instance at 0x7fce0b6946e0>,13,26,[7 1],14,70,96,56,70
1,<environment.Job instance at 0x7fce0bb0c500>,1,1,[ 3 10],2,2,3,0,2
1,<environment.Job instance at 0x7fce0b8bac80>,2,16,[6 1],3,3,19,0,3
1,<environment.Job instance at 0x7fce0b8baf00>,3,14,[ 4 10],4,19,33,15,4
1,<environment.Job instance at 0x7fcdc0d09b90>,26,17,[1 6],27,33,50,6,32
1,<environment.Job instance at 0x7fcdc0d09be0>,27,13,[9 4],28,33,46,5,32
1,<environment.Job instance at 0x7fcdc0d09140>,28,13,[4 8],29,50,63,21,34
1,<environment.Job instance at 0x7fcdc0d9ef00>,16,16,[4 9],17,63,79,46,51
1,<environment.Job instance at 0x7fce04a522d0>,37,15,[4 8],38,79,94,41,66
1,<environment.Job instance at 0x7fce04a52050>,41,12,[5 6],42,94,106,52,79
1,<environment.Job instance at 0x7fce04ae1820>,1,17,[ 2 10],2,2,19,0,2
1,<environment.Job instance at 0x7fcdc130e8c0>,3,12,[3 9],4,19,31,15,9
1,<environment.Job instance at 0x7fcdc1313730>,7,2,[10  2],8,31,33,23,18
1,<environment.Job instance at 0x7fce0ba44690>,12,13,[5 3],13,33,46,20,19
1,<environment.Job instance at 0x7fce04d2ca50>,20,13,[8 3],21,46,59,25,30
1,<environment.Job instance at 0x7fce0ba44370>,11,12,[8 1],12,59,71,47,42
1,<environment.Job instance at 0x7fce0b3700a0>,27,12,[6 5],28,71,83,43,56
1,<environment.Job instance at 0x7fce0b370d20>,26,13,[ 2 10],27,83,96,56,74
1,<environment.Job instance at 0x7f77d47e32d0>,2,12,[5 4],3,3,15,0,3
1,<environment.Job instance at 0x7f77cf3d35f0>,7,14,[5 1],8,9,23,1,9
1,<environment.Job instance at 0x7f77cf3d3a00>,12,3,[6 3],13,23,26,10,13
1,<environment.Job instance at 0x7f77cf3d3af0>,13,13,[1 8],14,26,39,12,14
1,<environment.Job instance at 0x7f77cf3d3be0>,14,12,[3 7],15,39,51,24,22
1,<environment.Job instance at 0x7f77cf3d3f00>,20,1,[3 7],21,51,52,30,28
1,<environment.Job instance at 0x7f77cf3d3fa0>,21,3,[ 2 10],22,52,55,30,28
1,<environment.Job instance at 0x7f77cf3d4320>,23,18,[5 2],24,33,51,9,33
1,<environment.Job instance at 0x7f77d4827d70>,4,18,[10  4],5,55,73,50,47
1,<environment.Job instance at 0x7f77cf3d4e60>,33,2,[5 3],34,73,75,39,54
1,<environment.Job instance at 0x7f77cf3d4fa0>,34,3,[9 5],35,75,78,40,57
1,<environment.Job instance at 0x7f77cf3d8370>,37,14,[5 5],38,78,92,40,63
1,<environment.Job instance at 0x7f77cf3d3230>,8,17,[ 2 10],9,92,109,83,81
1,<environment.Job instance at 0x7f77d480a190>,1,16,[5 8],2,2,18,0,2
1,<environment.Job instance at 0x7f77d480b460>,5,23,[3 7],6,18,41,12,14
1,<environment.Job instance at 0x7f77d480b370>,6,2,[4 8],7,41,43,34,19
1,<environment.Job instance at 0x7f77d480daf0>,25,14,[9 1],26,43,57,17,30
1,<environment.Job instance at 0x7f77d4952870>,33,3,[1 5],34,75,78,41,75
1,<environment.Job instance at 0x7f77d49594b0>,34,15,[9 1],35,75,90,40,75
1,<environment.Job instance at 0x7f77d4959e60>,35,15,[5 3],36,90,105,54,76
1,<environment.Job instance at 0x7f7789784410>,0,12,[2 5],1,1,13,0,1
1,<environment.Job instance at 0x7f778978d8c0>,5,17,[10  5],6,13,30,7,6
1,<environment.Job instance at 0x7f778978d3c0>,17,3,[4 9],18,30,33,12,27
1,<environment.Job instance at 0x7f778978d780>,14,17,[10  5],15,33,50,18,27
1,<environment.Job instance at 0x7f778978d730>,8,14,[8 5],9,50,64,41,35
1,<environment.Job instance at 0x7f77897b0dc0>,30,17,[2 9],31,64,81,33,52
1,<environment.Job instance at 0x7f77897c3d70>,36,16,[7 2],37,81,97,44,73
1,<environment.Job instance at 0x7f77897b0a00>,32,17,[10  4],33,97,114,64,85
1,<environment.Job instance at 0x7f7789805960>,3,18,[7 5],4,4,22,0,4
1,<environment.Job instance at 0x7f7789805fa0>,9,13,[5 7],10,22,35,12,10
1,<environment.Job instance at 0x7f7789bbe500>,20,13,[7 4],21,35,48,14,22
1,<environment.Job instance at 0x7f77896b0e60>,16,13,[3 6],17,35,48,18,25
1,<environment.Job instance at 0x7f7789ab8140>,28,15,[2 5],29,48,63,19,35
1,<environment.Job instance at 0x7f7789ab8690>,30,17,[4 5],31,48,65,17,41
1,<environment.Job instance at 0x7f7789d546e0>,33,13,[8 3],34,65,78,31,58
1,<environment.Job instance at 0x7f7789d54d70>,36,15,[7 3],37,78,93,41,69
1,<environment.Job instance at 0x7f77897ce410>,0,1,[5 1],1,1,2,0,1
1,<environment.Job instance at 0x7f77897ceaa0>,4,22,[1 9],5,5,27,0,5
1,<environment.Job instance at 0x7f7789ac3280>,9,18,[ 2 10],10,27,45,17,17
1,<environment.Job instance at 0x7f7789ac3be0>,20,18,[4 8],21,45,63,24,34
1,<environment.Job instance at 0x7f7789ac8050>,27,13,[4 9],28,63,76,35,49
1,<environment.Job instance at 0x7f7789ac8640>,31,2,[7 4],32,76,78,44,50
1,<environment.Job instance at 0x7f7789ac36e0>,18,14,[3 6],19,76,90,57,65
1,<environment.Job instance at 0x7f7789ac8e60>,39,17,[2 6],40,90,107,50,82
1,<environment.Job instance at 0x7f7789ac8d20>,37,20,[5 2],38,83,103,45,83
1,<environment.Job instance at 0x7f7789c72820>,0,1,[2 9],1,1,2,0,1
1,<environment.Job instance at 0x7f7789c72d70>,2,17,[10  3],3,3,20,0,3
1,<environment.Job instance at 0x7f77cf2b00a0>,13,14,[3 6],14,20,34,6,17
1,<environment.Job instance at 0x7f77cf2b0320>,15,1,[3 6],16,34,35,18,17
1,<environment.Job instance at 0x7f77cf2b0d70>,17,13,[6 5],18,35,48,17,22
1,<environment.Job instance at 0x7f77cf2b09b0>,21,14,[1 9],22,48,62,26,33
1,<environment.Job instance at 0x7f77cf2ab0f0>,24,17,[7 4],25,62,79,37,51
1,<environment.Job instance at 0x7f77cf2ab780>,28,12,[5 6],29,79,91,50,62
1,<environment.Job instance at 0x7f77cf9037d0>,39,3,[4 8],40,91,94,51,85
1,<environment.Job instance at 0x7f77cf903550>,40,14,[ 4 10],41,94,108,53,88
1,<environment.Job instance at 0x7f77899c8e10>,1,12,[5 9],2,2,14,0,2
1,<environment.Job instance at 0x7f77cf850b90>,3,18,[6 1],4,14,32,10,4
1,<environment.Job instance at 0x7f77cf7b98c0>,4,12,[4 7],5,14,26,9,5
1,<environment.Job instance at 0x7f77cf5bf190>,12,3,[4 9],13,26,29,13,13
1,<environment.Job instance at 0x7f7789cf2b90>,14,2,[10  3],15,32,34,17,15
1,<environment.Job instance at 0x7f77cfdff140>,16,16,[2 6],17,34,50,17,21
1,<environment.Job instance at 0x7f7789759a50>,29,14,[9 5],30,50,64,20,35
1,<environment.Job instance at 0x7f77897598c0>,30,1,[5 1],31,35,36,4,35
1,<environment.Job instance at 0x7f77cfbbfa50>,19,1,[8 3],20,45,46,25,45
1,<environment.Job instance at 0x7f77896c5a00>,33,1,[7 1],34,48,49,14,48
1,<environment.Job instance at 0x7f77cfe9da00>,35,17,[ 5 10],36,64,81,28,53
1,<environment.Job instance at 0x7f77cf58c140>,40,12,[7 2],41,81,93,40,68
1,<environment.Job instance at 0x7f77cf36e690>,17,18,[3 6],18,81,99,63,73
1,<environment.Job instance at 0x7f77cf62f5f0>,47,17,[3 8],48,99,116,51,87
1,<environment.Job instance at 0x7f77cfcd15f0>,1,13,[6 5],2,2,15,0,2
1,<environment.Job instance at 0x7f77cf78f6e0>,9,16,[10  2],10,15,31,5,15
1,<environment.Job instance at 0x7f77cfde1a00>,13,3,[8 1],14,31,34,17,17
1,<environment.Job instance at 0x7f77cfde1e60>,14,15,[7 3],15,34,49,19,23
1,<environment.Job instance at 0x7f77cfde35a0>,21,2,[5 7],22,49,51,27,25
1,<environment.Job instance at 0x7f77cfde34b0>,20,17,[2 6],21,51,68,30,43
1,<environment.Job instance at 0x7f77cfdc6320>,33,13,[7 5],34,68,81,34,52
1,<environment.Job instance at 0x7f77cfde1fa0>,16,14,[5 4],17,81,95,64,72
1,<environment.Job instance at 0x7f77cfdc6280>,32,15,[10  1],33,95,110,62,81
1,<environment.Job instance at 0x7f77cfdc6410>,1,2,[8 4],2,2,4,0,2
1,<environment.Job instance at 0x7f7789a539b0>,12,17,[ 2 10],13,24,41,11,24
1,<environment.Job instance at 0x7f77cf3824b0>,16,13,[4 7],17,41,54,24,29
1,<environment.Job instance at 0x7f7789b49500>,23,15,[4 9],24,54,69,30,41
1,<environment.Job instance at 0x7f77cfa314b0>,19,13,[7 4],20,69,82,49,55
1,<environment.Job instance at 0x7f77cf3142d0>,35,12,[10  1],36,82,94,46,65
1,<environment.Job instance at 0x7f77d470f6e0>,41,12,[5 5],42,94,106,52,83
1,<environment.Job instance at 0x7f77cf95a3c0>,1,3,[1 9],2,2,5,0,2
1,<environment.Job instance at 0x7f77cfb8baf0>,5,1,[5 8],6,6,7,0,6
1,<environment.Job instance at 0x7f77cf65f230>,6,13,[5 5],7,7,20,0,7
1,<environment.Job instance at 0x7f77cf2114b0>,9,1,[5 4],10,19,20,9,19
1,<environment.Job instance at 0x7f7789d6ec80>,12,21,[5 7],13,20,41,7,20
1,<environment.Job instance at 0x7f7789d6ed70>,13,1,[10  1],14,41,42,27,22
1,<environment.Job instance at 0x7f77899588c0>,17,2,[10  3],18,42,44,24,23
1,<environment.Job instance at 0x7f7789ba52d0>,3,12,[2 6],4,44,56,40,29
1,<environment.Job instance at 0x7f7789a7c230>,20,3,[5 7],21,56,59,35,35
1,<environment.Job instance at 0x7f7789a83d20>,26,18,[8 3],27,59,77,32,48
1,<environment.Job instance at 0x7f77cfcf4640>,11,21,[8 2],12,77,98,65,69
1,<environment.Job instance at 0x7f77cfb457d0>,36,13,[9 3],37,98,111,61,82
1,<environment.Job instance at 0x7f77cfb45320>,1,18,[10  5],2,2,20,0,2
1,<environment.Job instance at 0x7f77898695a0>,18,16,[4 8],19,20,36,1,19
1,<environment.Job instance at 0x7f7789869d70>,21,3,[2 6],22,36,39,14,22
1,<environment.Job instance at 0x7f7789869e60>,22,12,[6 1],23,23,35,0,23
1,<environment.Job instance at 0x7f77898693c0>,13,16,[8 1],14,36,52,22,24
1,<environment.Job instance at 0x7f7789867410>,27,16,[1 7],28,39,55,11,28
1,<environment.Job instance at 0x7f7789867960>,30,15,[4 7],31,55,70,24,41
1,<environment.Job instance at 0x7f7789867870>,33,16,[9 4],34,70,86,36,61
1,<environment.Job instance at 0x7f77898890f0>,42,15,[ 2 10],43,86,101,43,73
1,<environment.Job instance at 0x7f77898893c0>,1,1,[8 4],2,2,3,0,2
1,<environment.Job instance at 0x7f77cfc8cdc0>,4,18,[10  2],5,7,25,2,7
1,<environment.Job instance at 0x7f77cfc8cb90>,11,2,[1 5],12,25,27,13,13
1,<environment.Job instance at 0x7f7789609320>,13,14,[ 5 10],14,27,41,13,25
1,<environment.Job instance at 0x7f7789609870>,20,13,[5 6],21,41,54,20,26
1,<environment.Job instance at 0x7f77cfcd40f0>,31,15,[5 4],32,43,58,11,43
1,<environment.Job instance at 0x7f77cfcd4910>,33,17,[5 9],34,58,75,24,46
1,<environment.Job instance at 0x7f77cfcd4a00>,30,16,[7 5],31,75,91,44,63
1,<environment.Job instance at 0x7f77cf1c2fa0>,44,17,[1 9],45,91,108,46,88
1,<environment.Job instance at 0x7f77cf1c2230>,46,18,[8 1],47,91,109,44,88
1,<environment.Job instance at 0x7f7789d66820>,0,12,[7 4],1,1,13,0,1
1,<environment.Job instance at 0x7f77cf8881e0>,10,15,[5 3],11,13,28,2,11
1,<environment.Job instance at 0x7f77cf888d70>,11,18,[4 7],12,15,33,3,15
1,<environment.Job instance at 0x7f77cf8885f0>,20,15,[5 5],21,33,48,12,24
1,<environment.Job instance at 0x7f77cf888190>,12,14,[4 6],13,48,62,35,35
1,<environment.Job instance at 0x7f77cf7273c0>,26,1,[5 5],27,41,42,14,41
1,<environment.Job instance at 0x7f7789d66fa0>,8,17,[9 5],9,62,79,53,51
1,<environment.Job instance at 0x7f77cf34ecd0>,34,12,[9 1],35,79,91,44,67
1,<environment.Job instance at 0x7f77cf34ec80>,36,14,[6 4],37,91,105,54,76
1,<environment.Job instance at 0x7f77cf9e5550>,1,2,[3 9],2,2,4,0,2
1,<environment.Job instance at 0x7f77cf333460>,3,16,[3 8],4,4,20,0,4
1,<environment.Job instance at 0x7f7789a74690>,4,13,[10  5],5,20,33,15,5
1,<environment.Job instance at 0x7f7789a95500>,10,18,[9 2],11,33,51,22,29
1,<environment.Job instance at 0x7f7789a95d70>,20,12,[4 8],21,51,63,30,35
1,<environment.Job instance at 0x7f7789a74500>,8,16,[3 8],9,63,79,54,56
1,<environment.Job instance at 0x7f77cfb2fbe0>,23,24,[10  2],24,79,103,55,75
1,<environment.Job instance at 0x7f7789c17190>,24,2,[3 6],25,103,105,78,86
1,<environment.Job instance at 0x7f77cfcc61e0>,0,2,[6 1],1,1,3,0,1
1,<environment.Job instance at 0x7f77896e4910>,2,18,[3 7],3,3,21,0,3
1,<environment.Job instance at 0x7f7789c89640>,10,25,[5 3],11,11,36,0,11
1,<environment.Job instance at 0x7f77895cd910>,21,2,[2 9],22,36,38,14,28
1,<environment.Job instance at 0x7f77cf19a0a0>,16,13,[8 1],17,36,49,19,28
1,<environment.Job instance at 0x7f7789b6ec30>,23,3,[8 1],24,49,52,25,28
1,<environment.Job instance at 0x7f7789b6eeb0>,24,17,[2 7],25,38,55,13,31
1,<environment.Job instance at 0x7f7789cc8fa0>,28,17,[6 5],29,55,72,26,43
1,<environment.Job instance at 0x7f77cf564370>,34,3,[8 2],35,72,75,37,58
1,<environment.Job instance at 0x7f77cf5641e0>,35,1,[1 8],36,72,73,36,59
1,<environment.Job instance at 0x7f77cf564320>,32,17,[6 4],33,75,92,42,63
1,<environment.Job instance at 0x7f77cff94910>,41,16,[5 5],42,92,108,50,79
1,<environment.Job instance at 0x7f77cff943c0>,42,18,[2 5],43,79,97,36,79
1,<environment.Job instance at 0x7f77d008d190>,0,13,[2 8],1,1,14,0,1
1,<environment.Job instance at 0x7f77893a8370>,15,14,[1 7],16,16,30,0,16
1,<environment.Job instance at 0x7f77893a8c30>,17,18,[1 9],18,30,48,12,19
1,<environment.Job instance at 0x7f77893a8fa0>,22,18,[10  5],23,48,66,25,37
1,<environment.Job instance at 0x7f77893a84b0>,25,18,[5 6],26,68,86,42,68
1,<environment.Job instance at 0x7f77893667d0>,31,2,[3 8],32,86,88,54,71
1,<environment.Job instance at 0x7f7789366c30>,34,15,[2 7],35,88,103,53,76
1,<environment.Job instance at 0x7f77894e3140>,1,1,[ 3 10],2,2,3,0,2
1,<environment.Job instance at 0x7f77893bca50>,2,16,[6 1],3,3,19,0,3
1,<environment.Job instance at 0x7f77894ad0f0>,3,14,[ 4 10],4,19,33,15,4
1,<environment.Job instance at 0x7f77cf86b690>,26,17,[1 6],27,33,50,6,32
1,<environment.Job instance at 0x7f77cf857320>,27,13,[9 4],28,37,50,9,37
1,<environment.Job instance at 0x7f77897c0af0>,28,13,[4 8],29,50,63,21,45
1,<environment.Job instance at 0x7f7789568cd0>,36,16,[4 8],37,63,79,26,51
1,<environment.Job instance at 0x7f778979e410>,37,15,[4 8],38,79,94,41,69
1,<environment.Job instance at 0x7f77897d9c80>,48,18,[10  1],49,94,112,45,87
1,<environment.Job instance at 0x7f77897d9870>,2,13,[5 3],3,3,16,0,3
1,<environment.Job instance at 0x7f7789a74410>,4,19,[ 5 10],5,16,35,11,7
1,<environment.Job instance at 0x7f77cfb933c0>,20,20,[8 5],21,35,55,14,26
1,<environment.Job instance at 0x7f77d48045f0>,7,27,[8 5],8,55,82,47,53
1,<environment.Job instance at 0x7f77cf368e10>,27,3,[2 7],28,82,85,54,56
1,<environment.Job instance at 0x7f77d008a190>,46,13,[6 4],47,85,98,38,71
1,<environment.Job instance at 0x7f77cf86f1e0>,49,12,[5 8],50,98,110,48,87
1,<environment.Job instance at 0x7f7789d5acd0>,0,15,[3 7],1,1,16,0,1
1,<environment.Job instance at 0x7f77cf543320>,16,14,[6 2],17,26,40,9,26
1,<environment.Job instance at 0x7f77895002d0>,19,14,[7 3],20,40,54,20,28
1,<environment.Job instance at 0x7f77cf543c30>,15,16,[3 5],16,41,57,25,41
1,<environment.Job instance at 0x7f77cf543aa0>,12,15,[6 2],13,54,69,41,42
1,<environment.Job instance at 0x7f7789500280>,29,13,[4 7],30,57,70,27,53
1,<environment.Job instance at 0x7f7789500140>,27,15,[6 1],28,69,84,41,56
1,<environment.Job instance at 0x7f7789500960>,22,17,[1 5],23,70,87,47,65
1,<environment.Job instance at 0x7f77cfe79870>,40,13,[5 8],41,87,100,46,72
1,<environment.Job instance at 0x7f7789500af0>,32,14,[5 2],33,84,98,51,80
1,<environment.Job instance at 0x7f778998a9b0>,1,13,[5 8],2,2,15,0,2
1,<environment.Job instance at 0x7f77cf74ab90>,7,18,[ 1 10],8,15,33,7,8
1,<environment.Job instance at 0x7f77cfd59820>,13,16,[9 5],14,33,49,19,20
1,<environment.Job instance at 0x7f77896ad8c0>,27,3,[6 1],28,49,52,21,39
1,<environment.Job instance at 0x7f77896adc30>,28,12,[ 1 10],29,52,64,23,39
1,<environment.Job instance at 0x7f7789d68550>,35,20,[5 5],36,64,84,28,55
1,<environment.Job instance at 0x7f7789d71460>,38,18,[1 5],39,77,95,38,77
1,<environment.Job instance at 0x7f7789d80190>,21,17,[9 3],22,84,101,62,78
1,<environment.Job instance at 0x7fc78c5482d0>,2,12,[5 4],3,3,15,0,3
1,<environment.Job instance at 0x7fc78c547f00>,4,18,[10  4],5,15,33,10,10
1,<environment.Job instance at 0x7fc787138730>,9,17,[ 4 10],10,33,50,23,23
1,<environment.Job instance at 0x7fc7871389b0>,13,13,[1 8],14,50,63,36,36
1,<environment.Job instance at 0x7fc787138320>,7,14,[5 1],8,50,64,42,44
1,<environment.Job instance at 0x7fc78713b500>,27,2,[6 4],28,64,66,36,45
1,<environment.Job instance at 0x7fc78713b6e0>,29,13,[1 6],30,63,76,33,48
1,<environment.Job instance at 0x7fc78713b780>,30,1,[5 5],31,76,77,45,49
1,<environment.Job instance at 0x7fc78713b8c0>,37,14,[5 5],38,76,90,38,64
1,<environment.Job instance at 0x7fc78713f550>,42,14,[8 4],43,90,104,47,76
1,<environment.Job instance at 0x7fc78c6bb500>,0,18,[7 5],1,1,19,0,1
1,<environment.Job instance at 0x7fc78c6afb90>,12,2,[4 8],13,24,26,11,24
1,<environment.Job instance at 0x7fc78c6bb0a0>,4,17,[5 4],5,32,49,27,32
1,<environment.Job instance at 0x7fc78c6bea50>,16,15,[9 2],17,49,64,32,35
1,<environment.Job instance at 0x7fc78c6bec80>,23,3,[1 5],24,55,58,31,55
1,<environment.Job instance at 0x7fc78c6b9d70>,24,15,[9 1],25,64,79,39,55
1,<environment.Job instance at 0x7fc78c6b9820>,27,3,[1 8],28,63,66,35,63
1,<environment.Job instance at 0x7fc78c6b5b40>,29,14,[8 1],30,79,93,49,65
1,<environment.Job instance at 0x7fc78c6b56e0>,34,15,[10  5],35,93,108,58,79
1,<environment.Job instance at 0x7fc78c6bc370>,38,14,[5 1],39,108,122,69,94
1,<environment.Job instance at 0x7fc78c6bc640>,41,16,[5 4],42,108,124,66,98
1,<environment.Job instance at 0x7fc741433be0>,0,2,[3 8],1,1,3,0,1
1,<environment.Job instance at 0x7fc741433e60>,3,27,[5 3],4,5,32,1,5
1,<environment.Job instance at 0x7fc741427500>,14,13,[5 9],15,32,45,17,19
1,<environment.Job instance at 0x7fc741427dc0>,19,1,[9 2],20,45,46,25,34
1,<environment.Job instance at 0x7fc741427d20>,20,2,[4 5],21,46,48,25,34
1,<environment.Job instance at 0x7fc741427eb0>,21,1,[8 3],22,48,49,26,35
1,<environment.Job instance at 0x7fc741418d20>,22,1,[3 8],23,49,50,26,36
1,<environment.Job instance at 0x7fc74142fc30>,12,17,[10  4],13,50,67,37,38
1,<environment.Job instance at 0x7fc741418be0>,25,17,[3 5],26,67,84,41,61
1,<environment.Job instance at 0x7fc7414186e0>,32,16,[8 5],33,84,100,51,73
1,<environment.Job instance at 0x7fc741427a00>,15,17,[8 1],16,100,117,84,93
1,<environment.Job instance at 0x7fc7414dd460>,0,17,[4 5],1,1,18,0,1
1,<environment.Job instance at 0x7fc741a0e1e0>,10,14,[2 8],11,18,32,7,11
1,<environment.Job instance at 0x7fc7417f80f0>,14,16,[8 3],15,32,48,17,20
1,<environment.Job instance at 0x7fc7413f4320>,6,15,[7 3],7,48,63,41,35
1,<environment.Job instance at 0x7fc741a6c870>,24,3,[5 8],25,63,66,38,42
1,<environment.Job instance at 0x7fc741a6cbe0>,25,2,[2 6],26,43,45,17,43
1,<environment.Job instance at 0x7fc741a6c1e0>,28,2,[1 7],29,60,62,31,60
1,<environment.Job instance at 0x7fc7413f40a0>,7,17,[7 5],8,66,83,58,60
1,<environment.Job instance at 0x7fc741a6ce10>,33,13,[2 5],34,74,87,40,74
1,<environment.Job instance at 0x7fc741a6cd20>,31,16,[2 8],32,87,103,55,83
1,<environment.Job instance at 0x7fc741a6c7d0>,23,15,[7 4],24,103,118,79,94
1,<environment.Job instance at 0x7fc7417ec910>,44,12,[3 5],45,103,115,58,96
1,<environment.Job instance at 0x7fc7417ec320>,43,1,[2 8],44,118,119,74,96
1,<environment.Job instance at 0x7fc787197d70>,0,16,[1 9],1,1,17,0,1
1,<environment.Job instance at 0x7fc7418315f0>,6,13,[8 3],7,17,30,10,7
1,<environment.Job instance at 0x7fc741831aa0>,13,16,[3 5],14,30,46,16,18
1,<environment.Job instance at 0x7fc7418353c0>,22,13,[3 9],23,46,59,23,30
1,<environment.Job instance at 0x7fc741835910>,27,14,[9 1],28,59,73,31,47
1,<environment.Job instance at 0x7fc741835dc0>,30,17,[9 4],31,73,90,42,61
1,<environment.Job instance at 0x7fc741833140>,35,15,[5 7],36,90,105,54,76
1,<environment.Job instance at 0x7fc741833410>,40,3,[9 1],41,105,108,64,95
1,<environment.Job instance at 0x7fc741835500>,25,16,[10  5],26,108,124,82,97
1,<environment.Job instance at 0x7fc7874fe460>,0,19,[2 7],1,1,20,0,1
1,<environment.Job instance at 0x7fc7874fe9b0>,8,14,[3 8],9,20,34,11,9
1,<environment.Job instance at 0x7fc7875cf910>,18,1,[5 3],19,34,35,15,26
1,<environment.Job instance at 0x7fc7875cfc30>,19,17,[ 5 10],20,35,52,15,26
1,<environment.Job instance at 0x7fc7875cfeb0>,20,18,[4 6],21,52,70,31,41
1,<environment.Job instance at 0x7fc7874695f0>,26,14,[ 5 10],27,70,84,43,55
1,<environment.Job instance at 0x7fc7874feeb0>,12,12,[3 8],13,84,96,71,81
1,<environment.Job instance at 0x7fc787469c80>,37,12,[5 5],38,96,108,58,94
1,<environment.Job instance at 0x7fc787469820>,38,15,[5 9],39,108,123,69,94
1,<environment.Job instance at 0x7fc78737e730>,3,3,[5 5],4,4,7,0,4
1,<environment.Job instance at 0x7fc7419ef6e0>,5,13,[3 9],6,7,20,1,6
1,<environment.Job instance at 0x7fc78c6c21e0>,10,1,[9 5],11,20,21,9,11
1,<environment.Job instance at 0x7fc74191f280>,18,16,[6 5],19,23,39,4,23
1,<environment.Job instance at 0x7fc741667960>,26,15,[9 1],27,39,54,12,38
1,<environment.Job instance at 0x7fc78749e870>,12,15,[10  1],13,54,69,41,40
1,<environment.Job instance at 0x7fc7878f7fa0>,28,13,[6 1],29,69,82,40,55
1,<environment.Job instance at 0x7fc787936370>,29,13,[1 8],30,69,82,39,68
1,<environment.Job instance at 0x7fc7877f1500>,43,3,[8 1],44,82,85,38,71
1,<environment.Job instance at 0x7fc7877f1280>,45,12,[10  3],46,85,97,39,71
1,<environment.Job instance at 0x7fc7877f1690>,46,14,[5 4],47,97,111,50,87
1,<environment.Job instance at 0x7fc7877f12d0>,50,17,[2 6],51,97,114,46,94
1,<environment.Job instance at 0x7fc7870966e0>,1,12,[1 8],2,2,14,0,2
1,<environment.Job instance at 0x7fc786f454b0>,3,16,[5 3],4,14,30,10,4
1,<environment.Job instance at 0x7fc7878d5eb0>,8,24,[4 7],9,31,55,22,31
1,<environment.Job instance at 0x7fc7878be5f0>,32,17,[ 2 10],33,55,72,22,55
1,<environment.Job instance at 0x7fc7878be730>,34,12,[9 1],35,72,84,37,58
1,<environment.Job instance at 0x7fc7878be550>,39,13,[7 4],40,84,97,44,69
1,<environment.Job instance at 0x7fc7878beb40>,41,21,[4 7],42,97,118,55,89
1,<environment.Job instance at 0x7fc7878bed70>,1,3,[3 9],2,2,5,0,2
1,<environment.Job instance at 0x7fc787189460>,3,18,[5 5],4,5,23,1,4
1,<environment.Job instance at 0x7fc787189f00>,6,13,[3 9],7,23,36,16,10
1,<environment.Job instance at 0x7fc7875e64b0>,18,16,[8 3],19,36,52,17,23
1,<environment.Job instance at 0x7fc78724cdc0>,13,12,[2 6],14,36,48,22,26
1,<environment.Job instance at 0x7fc78c145690>,24,17,[9 2],25,52,69,27,42
1,<environment.Job instance at 0x7fc78724cc30>,14,16,[2 7],15,69,85,54,62
1,<environment.Job instance at 0x7fc787a37be0>,21,21,[8 2],22,69,90,47,63
1,<environment.Job instance at 0x7fc787ba5af0>,39,1,[2 5],40,91,92,51,91
1,<environment.Job instance at 0x7fc787ba5050>,40,26,[4 9],41,94,120,53,94
1,<environment.Job instance at 0x7fc7877da550>,2,2,[3 6],3,3,5,0,3
1,<environment.Job instance at 0x7fc78705a0f0>,4,3,[4 5],5,5,8,0,5
1,<environment.Job instance at 0x7fc7877da190>,5,18,[9 2],6,8,26,2,8
1,<environment.Job instance at 0x7fc741849050>,7,20,[1 8],8,15,35,7,15
1,<environment.Job instance at 0x7fc7877f1690>,19,18,[6 1],20,26,44,6,25
1,<environment.Job instance at 0x7fc787ac9230>,22,12,[6 1],23,44,56,21,27
1,<environment.Job instance at 0x7fc741751870>,16,12,[3 9],17,43,55,26,43
1,<environment.Job instance at 0x7fc7875d4af0>,25,16,[10  5],26,56,72,30,44
1,<environment.Job instance at 0x7fc786f8ceb0>,32,1,[5 1],33,72,73,39,63
1,<environment.Job instance at 0x7fc7877f1820>,20,15,[2 8],21,72,87,51,65
1,<environment.Job instance at 0x7fc7870f1500>,40,24,[7 2],41,73,97,32,68
1,<environment.Job instance at 0x7fc7870f1910>,41,12,[3 7],42,87,99,45,73
1,<environment.Job instance at 0x7fc786f8c2d0>,33,16,[9 4],34,99,115,65,87
1,<environment.Job instance at 0x7fc7417e51e0>,1,2,[1 5],2,2,4,0,2
1,<environment.Job instance at 0x7fc787949280>,4,28,[4 5],5,5,33,0,5
1,<environment.Job instance at 0x7fc787949140>,6,17,[3 5],7,7,24,0,7
1,<environment.Job instance at 0x7fc787949aa0>,15,15,[8 1],16,33,48,17,19
1,<environment.Job instance at 0x7fc7879373c0>,21,15,[5 4],22,48,63,26,37
1,<environment.Job instance at 0x7fc7879375f0>,24,17,[2 5],25,37,54,12,37
1,<environment.Job instance at 0x7fc787937a50>,28,2,[7 5],29,63,65,34,42
1,<environment.Job instance at 0x7fc787937780>,26,15,[3 5],27,54,69,27,43
1,<environment.Job instance at 0x7fc787937c30>,34,17,[1 9],35,69,86,34,65
1,<environment.Job instance at 0x7fc787949eb0>,18,18,[5 5],19,86,104,67,75
1,<environment.Job instance at 0x7fc787946a00>,43,1,[8 5],44,104,105,60,99
1,<environment.Job instance at 0x7fc7875e30a0>,2,12,[ 1 10],3,3,15,0,3
1,<environment.Job instance at 0x7fc786fd4d20>,5,25,[1 6],6,20,45,14,20
1,<environment.Job instance at 0x7fc78c572be0>,16,14,[6 4],17,30,44,13,30
1,<environment.Job instance at 0x7fc787c02c80>,25,17,[10  3],26,45,62,19,41
1,<environment.Job instance at 0x7fc787c02c30>,26,18,[6 4],27,62,80,35,52
1,<environment.Job instance at 0x7fc786fd8280>,35,16,[7 3],36,80,96,44,67
1,<environment.Job instance at 0x7fc786fd8730>,41,15,[8 4],42,96,111,54,83
1,<environment.Job instance at 0x7fc7418aca00>,0,18,[6 4],1,1,19,0,1
1,<environment.Job instance at 0x7fc787406870>,8,13,[8 5],9,19,32,10,14
1,<environment.Job instance at 0x7fc741387410>,15,27,[4 5],16,32,59,16,30
1,<environment.Job instance at 0x7fc787b999b0>,29,18,[6 2],30,42,60,12,42
1,<environment.Job instance at 0x7fc787b99730>,33,14,[ 4 10],34,60,74,26,54
1,<environment.Job instance at 0x7fc7413870a0>,22,14,[7 3],23,74,88,51,67
1,<environment.Job instance at 0x7fc78782d370>,45,16,[4 9],46,88,104,42,76
1,<environment.Job instance at 0x7fc741616aa0>,50,17,[ 5 10],51,104,121,53,94
1,<environment.Job instance at 0x7fc78785f320>,0,15,[1 8],1,1,16,0,1
1,<environment.Job instance at 0x7fc787587b90>,17,2,[10  2],18,36,38,18,36
1,<environment.Job instance at 0x7fc787397b90>,25,15,[1 5],26,38,53,12,36
1,<environment.Job instance at 0x7fc787a7d870>,28,13,[8 2],29,38,51,9,37
1,<environment.Job instance at 0x7fc7873761e0>,31,16,[4 6],32,53,69,21,41
1,<environment.Job instance at 0x7fc7872aaf50>,37,15,[10  4],38,69,84,31,55
1,<environment.Job instance at 0x7fc7875750f0>,20,13,[10  1],21,84,97,63,75
1,<environment.Job instance at 0x7fc741391550>,47,15,[2 6],48,97,112,49,83
1,<environment.Job instance at 0x7fc78c43fb90>,0,13,[5 8],1,1,14,0,1
1,<environment.Job instance at 0x7fc7878735f0>,5,17,[1 7],6,14,31,8,6
1,<environment.Job instance at 0x7fc7411a6f00>,13,1,[5 5],14,31,32,17,19
1,<environment.Job instance at 0x7fc7411a6c80>,14,18,[ 4 10],15,32,50,17,22
1,<environment.Job instance at 0x7fc741927690>,21,12,[5 8],22,50,62,28,37
1,<environment.Job instance at 0x7fc7418504b0>,33,14,[3 6],34,62,76,28,60
1,<environment.Job instance at 0x7fc78c6bce60>,36,14,[4 7],37,76,90,39,70
1,<environment.Job instance at 0x7fc787c5ee10>,42,16,[6 1],43,87,103,44,87
1,<environment.Job instance at 0x7fc741540f50>,45,14,[5 4],46,103,117,57,88
1,<environment.Job instance at 0x7fc741540f00>,46,24,[4 5],47,95,119,48,95
1,<environment.Job instance at 0x7fc787c126e0>,1,17,[9 4],2,4,21,2,4
1,<environment.Job instance at 0x7fc7411e7b40>,8,18,[10  4],9,21,39,12,10
1,<environment.Job instance at 0x7fc7411e7fa0>,12,1,[1 7],13,39,40,26,20
1,<environment.Job instance at 0x7fc7411cb3c0>,22,16,[2 8],23,40,56,17,27
1,<environment.Job instance at 0x7fc7411cbe60>,26,15,[5 9],27,56,71,29,42
1,<environment.Job instance at 0x7fc7411a81e0>,30,15,[8 4],31,71,86,40,57
1,<environment.Job instance at 0x7fc7411a8370>,32,13,[5 3],33,86,99,53,70
1,<environment.Job instance at 0x7fc7411a80a0>,38,12,[5 4],39,92,104,53,92
1,<environment.Job instance at 0x7fc7411a8780>,40,13,[8 3],41,104,117,63,98
1,<environment.Job instance at 0x7fc7412255f0>,0,15,[5 5],1,1,16,0,1
1,<environment.Job instance at 0x7fc787205be0>,8,12,[7 5],9,16,28,7,11
1,<environment.Job instance at 0x7fc78720fe60>,18,16,[8 4],19,28,44,9,21
1,<environment.Job instance at 0x7fc78720fc80>,23,3,[4 7],24,44,47,20,37
1,<environment.Job instance at 0x7fc7872105f0>,24,13,[10  1],25,47,60,22,38
1,<environment.Job instance at 0x7fc787052c30>,30,12,[3 8],31,60,72,29,44
1,<environment.Job instance at 0x7fc78720f780>,17,14,[5 6],18,72,86,54,64
1,<environment.Job instance at 0x7fc7870b1d70>,40,14,[8 2],41,86,100,45,72
1,<environment.Job instance at 0x7fc7414c85f0>,47,15,[6 1],48,100,115,52,86
1,<environment.Job instance at 0x7fc7877fc870>,57,22,[2 9],58,100,122,42,97
1,<environment.Job instance at 0x7fc741905b90>,0,12,[9 4],1,1,13,0,1
1,<environment.Job instance at 0x7fc741905aa0>,3,16,[ 5 10],4,13,29,9,4
1,<environment.Job instance at 0x7fc78747d8c0>,13,13,[6 5],14,29,42,15,15
1,<environment.Job instance at 0x7fc7877fca00>,2,14,[3 7],3,42,56,39,28
1,<environment.Job instance at 0x7fc74146d320>,28,2,[7 1],29,42,44,13,41
1,<environment.Job instance at 0x7fc74146daa0>,29,17,[5 2],30,44,61,14,41
1,<environment.Job instance at 0x7fc74146d870>,30,14,[6 1],31,61,75,30,49
1,<environment.Job instance at 0x7fc74146d780>,35,3,[9 3],36,75,78,39,61
1,<environment.Job instance at 0x7fc7417e51e0>,11,13,[5 8],12,78,91,66,65
1,<environment.Job instance at 0x7fc74146df00>,37,3,[6 1],38,91,94,53,73
1,<environment.Job instance at 0x7fc7875e4dc0>,43,20,[4 5],44,91,111,47,82
1,<environment.Job instance at 0x7fc787a37500>,0,15,[2 8],1,1,16,0,1
1,<environment.Job instance at 0x7fc787440910>,6,14,[2 6],7,16,30,9,7
1,<environment.Job instance at 0x7fc7875e4780>,5,15,[8 4],6,16,31,10,14
1,<environment.Job instance at 0x7fc7412eb820>,15,16,[3 8],16,31,47,15,24
1,<environment.Job instance at 0x7fc7874408c0>,10,16,[1 6],11,47,63,36,36
1,<environment.Job instance at 0x7fc7874407d0>,9,17,[5 4],10,47,64,37,44
1,<environment.Job instance at 0x7fc7874f0280>,27,17,[ 5 10],28,64,81,36,53
1,<environment.Job instance at 0x7fc787c976e0>,41,18,[9 3],42,81,99,39,76
1,<environment.Job instance at 0x7fc7874f01e0>,30,15,[3 7],31,99,114,68,85
1,<environment.Job instance at 0x7fc78781ab40>,3,3,[1 8],4,4,7,0,4
1,<environment.Job instance at 0x7fc741329820>,2,14,[10  5],3,7,21,4,4
1,<environment.Job instance at 0x7fc741565fa0>,10,15,[8 5],11,21,36,10,14
1,<environment.Job instance at 0x7fc787019c80>,13,15,[5 3],14,36,51,22,22
1,<environment.Job instance at 0x7fc74189e690>,19,1,[1 5],20,27,28,7,27
1,<environment.Job instance at 0x7fc74157c140>,22,15,[9 5],23,51,66,28,44
1,<environment.Job instance at 0x7fc74157cc30>,21,17,[7 1],22,66,83,44,59
1,<environment.Job instance at 0x7fc741a8c140>,34,13,[8 1],35,83,96,48,72
1,<environment.Job instance at 0x7fc74125baf0>,37,2,[7 1],38,96,98,58,76
1,<environment.Job instance at 0x7fc74125b870>,39,17,[3 5],40,96,113,56,84
1,<environment.Job instance at 0x7fc787c912d0>,47,13,[6 1],48,98,111,50,95
1,<environment.Job instance at 0x7fc787c91640>,49,16,[5 5],50,111,127,61,98
1,<environment.Job instance at 0x7f29280b10a0>,2,12,[5 4],3,3,15,0,3
1,<environment.Job instance at 0x7f2920ca2410>,6,19,[1 7],8,15,34,7,9
1,<environment.Job instance at 0x7f2920ca2500>,11,3,[6 3],15,17,20,2,17
1,<environment.Job instance at 0x7f2920ca29b0>,12,13,[1 8],16,34,47,18,19
1,<environment.Job instance at 0x7f2920ca2be0>,14,2,[2 7],19,47,49,28,20
1,<environment.Job instance at 0x7f2920ca2d70>,15,1,[7 3],21,21,22,0,21
1,<environment.Job instance at 0x7f2920ca2aa0>,17,1,[5 3],23,23,24,0,23
1,<environment.Job instance at 0x7f2920ca6050>,18,16,[4 9],24,49,65,25,36
1,<environment.Job instance at 0x7f2920ca6230>,21,3,[4 6],27,65,68,38,40
1,<environment.Job instance at 0x7f2920ca25f0>,8,17,[10  5],11,68,85,57,57
1,<environment.Job instance at 0x7f2920ca6a00>,31,16,[9 3],41,85,101,44,72
1,<environment.Job instance at 0x7f2920ca6780>,30,14,[8 3],40,101,115,61,87
1,<environment.Job instance at 0x7f2920ca92d0>,39,1,[1 8],51,115,116,64,87
1,<environment.Job instance at 0x7f2928228190>,11,13,[2 8],17,24,37,7,24
1,<environment.Job instance at 0x7f292822c3c0>,7,3,[5 1],11,30,33,19,30
1,<environment.Job instance at 0x7f29280d9320>,14,13,[7 3],23,37,50,14,31
1,<environment.Job instance at 0x7f29282221e0>,16,3,[2 9],25,50,53,25,47
1,<environment.Job instance at 0x7f2928222fa0>,17,13,[6 5],29,53,66,24,47
1,<environment.Job instance at 0x7f2928222cd0>,18,15,[9 4],30,66,81,36,52
1,<environment.Job instance at 0x7f29282240a0>,22,18,[5 3],37,81,99,44,70
1,<environment.Job instance at 0x7f2928224780>,23,20,[5 7],38,81,101,43,72
1,<environment.Job instance at 0x7f2928220140>,30,2,[1 7],48,101,103,53,86
1,<environment.Job instance at 0x7f2928220e10>,31,13,[9 5],49,103,116,54,89
1,<environment.Job instance at 0x7f29282270f0>,40,16,[7 1],62,116,132,54,103
1,<environment.Job instance at 0x7f28dcfcf730>,2,13,[4 5],3,3,16,0,3
1,<environment.Job instance at 0x7f28dcfcfb40>,8,18,[1 6],12,16,34,4,13
1,<environment.Job instance at 0x7f28dd06f5f0>,17,2,[4 8],28,34,36,6,29
1,<environment.Job instance at 0x7f28dd06f8c0>,22,12,[5 7],33,36,48,3,33
1,<environment.Job instance at 0x7f28dcfcf960>,10,14,[5 3],14,36,50,22,34
1,<environment.Job instance at 0x7f28dcfcf870>,9,18,[10  1],13,50,68,37,39
1,<environment.Job instance at 0x7f28dcfe8a00>,27,1,[9 1],46,68,69,22,47
1,<environment.Job instance at 0x7f28dd070c80>,31,20,[2 7],50,69,89,19,61
1,<environment.Job instance at 0x7f28dd070dc0>,36,2,[3 8],55,89,91,34,64
1,<environment.Job instance at 0x7f28dd0707d0>,38,14,[9 2],57,91,105,34,76
1,<environment.Job instance at 0x7f28dcfe5140>,45,13,[5 2],66,105,118,39,89
1,<environment.Job instance at 0x7f28dcfe55f0>,47,14,[10  5],70,118,132,48,106
1,<environment.Job instance at 0x7f28dd054f00>,0,1,[2 8],1,1,2,0,1
1,<environment.Job instance at 0x7f28dcf8d0a0>,1,12,[5 9],2,2,14,0,2
1,<environment.Job instance at 0x7f28dd401c30>,5,16,[10  4],9,14,30,5,9
1,<environment.Job instance at 0x7f28dd43f4b0>,15,12,[1 8],22,30,42,8,22
1,<environment.Job instance at 0x7f28dcfa4280>,21,26,[7 2],31,39,65,8,39
1,<environment.Job instance at 0x7f28dd43f1e0>,10,17,[1 9],17,65,82,48,55
1,<environment.Job instance at 0x7f28dcfa4b90>,30,15,[1 5],41,82,97,41,72
1,<environment.Job instance at 0x7f28dd076eb0>,33,13,[6 5],46,88,101,42,88
1,<environment.Job instance at 0x7f28dd0760f0>,34,14,[3 6],47,101,115,54,89
1,<environment.Job instance at 0x7f28dd04d320>,39,16,[7 2],54,101,117,47,101
1,<environment.Job instance at 0x7f28dd04d0f0>,42,14,[5 7],57,117,131,60,104
1,<environment.Job instance at 0x7f28dd4181e0>,29,18,[5 1],40,117,135,77,109
1,<environment.Job instance at 0x7f28dcff0870>,1,2,[5 2],4,4,6,0,4
1,<environment.Job instance at 0x7f28dd4181e0>,3,14,[ 1 10],7,7,21,0,7
1,<environment.Job instance at 0x7f28dd39be60>,10,16,[5 7],17,21,37,4,17
1,<environment.Job instance at 0x7f28dd3993c0>,12,14,[ 3 10],24,37,51,13,25
1,<environment.Job instance at 0x7f28dd38d1e0>,27,14,[4 9],43,51,65,8,43
1,<environment.Job instance at 0x7f28dd38d780>,31,16,[4 9],48,65,81,17,52
1,<environment.Job instance at 0x7f28dd399870>,18,18,[4 7],31,81,99,50,71
1,<environment.Job instance at 0x7f28dd38deb0>,38,24,[3 6],59,99,123,40,95
1,<environment.Job instance at 0x7f28dcea9730>,0,26,[5 3],2,3,29,1,3
1,<environment.Job instance at 0x7f2927fabbe0>,12,13,[8 4],16,29,42,13,16
1,<environment.Job instance at 0x7f28dcfe8fa0>,16,14,[8 2],21,42,56,21,27
1,<environment.Job instance at 0x7f28dcfe8820>,19,18,[2 6],25,30,48,5,30
1,<environment.Job instance at 0x7f2927fab500>,11,16,[10  5],15,59,75,44,59
1,<environment.Job instance at 0x7f29210be640>,33,17,[5 9],46,75,92,29,63
1,<environment.Job instance at 0x7f29210be910>,34,13,[ 1 10],49,92,105,43,76
1,<environment.Job instance at 0x7f28dd349410>,47,14,[3 6],66,105,119,39,94
1,<environment.Job instance at 0x7f2920a1f910>,44,12,[3 9],63,119,131,56,105
1,<environment.Job instance at 0x7f2920d9deb0>,0,3,[4 7],1,1,4,0,1
1,<environment.Job instance at 0x7f2927642be0>,3,17,[6 1],7,7,24,0,7
1,<environment.Job instance at 0x7f2920fc3a00>,10,14,[3 8],17,17,31,0,17
1,<environment.Job instance at 0x7f2920a7f410>,8,14,[7 5],15,31,45,16,18
1,<environment.Job instance at 0x7f28dd1ec5f0>,23,20,[9 1],35,45,65,10,41
1,<environment.Job instance at 0x7f2921198cd0>,20,12,[ 5 10],30,65,77,35,49
1,<environment.Job instance at 0x7f2927a46a50>,37,14,[2 7],52,77,91,25,64
1,<environment.Job instance at 0x7f2920fc3e10>,9,23,[10  4],16,91,114,75,86
1,<environment.Job instance at 0x7f2920d90140>,50,3,[1 6],67,114,117,47,105
1,<environment.Job instance at 0x7f28dd612fa0>,2,14,[9 2],6,14,28,8,14
1,<environment.Job instance at 0x7f2920bb2d70>,4,3,[8 2],10,28,31,18,14
1,<environment.Job instance at 0x7f28dd6004b0>,9,12,[5 5],16,31,43,15,16
1,<environment.Job instance at 0x7f28dd600820>,12,3,[8 1],21,43,46,22,21
1,<environment.Job instance at 0x7f2920bb2fa0>,7,20,[ 4 10],14,46,66,32,39
1,<environment.Job instance at 0x7f28dd600dc0>,21,2,[ 4 10],32,67,69,35,67
1,<environment.Job instance at 0x7f28dd600460>,8,15,[4 9],15,69,84,54,67
1,<environment.Job instance at 0x7f28dd6242d0>,27,15,[2 8],39,84,99,45,71
1,<environment.Job instance at 0x7f28dd6245a0>,28,15,[5 2],41,84,99,43,72
1,<environment.Job instance at 0x7f2920bb2410>,3,17,[2 8],8,99,116,91,87
1,<environment.Job instance at 0x7f28dd624fa0>,42,12,[5 5],56,116,128,60,102
1,<environment.Job instance at 0x7f28dd624e10>,1,3,[10  3],3,3,6,0,3
1,<environment.Job instance at 0x7f28dd624eb0>,2,13,[ 5 10],5,6,19,1,5
1,<environment.Job instance at 0x7f2920d57320>,5,15,[8 1],8,19,34,11,11
1,<environment.Job instance at 0x7f2927fd2af0>,16,16,[7 5],21,34,50,13,21
1,<environment.Job instance at 0x7f2927878140>,24,14,[5 7],33,50,64,17,38
1,<environment.Job instance at 0x7f28dd1b8280>,35,15,[ 1 10],45,64,79,19,51
1,<environment.Job instance at 0x7f2920a81be0>,8,18,[ 5 10],11,79,97,68,71
1,<environment.Job instance at 0x7f29278784b0>,27,16,[3 6],37,97,113,60,95
1,<environment.Job instance at 0x7f29210bc780>,39,12,[4 6],49,113,125,64,96
1,<environment.Job instance at 0x7f28dd38cd20>,44,16,[5 4],55,97,113,42,97
1,<environment.Job instance at 0x7f292107f500>,46,15,[6 2],57,113,128,56,106
1,<environment.Job instance at 0x7f2920ae2f50>,8,23,[9 5],16,16,39,0,16
1,<environment.Job instance at 0x7f28dd5a8320>,14,14,[4 6],28,39,53,11,28
1,<environment.Job instance at 0x7f2920d4acd0>,31,22,[9 1],51,75,97,24,75
1,<environment.Job instance at 0x7f2920d4a0f0>,32,2,[7 4],52,97,99,45,75
1,<environment.Job instance at 0x7f2920d4ae10>,33,13,[1 7],54,75,88,21,75
1,<environment.Job instance at 0x7f2927fb38c0>,36,13,[8 5],58,99,112,41,85
1,<environment.Job instance at 0x7f2920d60aa0>,45,25,[1 5],71,100,125,29,100
1,<environment.Job instance at 0x7f2920d60910>,1,17,[8 3],2,2,19,0,2
1,<environment.Job instance at 0x7f28dcfd7eb0>,2,16,[2 5],3,3,19,0,3
1,<environment.Job instance at 0x7f29276a22d0>,10,14,[9 2],14,38,52,24,38
1,<environment.Job instance at 0x7f2920e13a50>,22,18,[6 1],31,52,70,21,43
1,<environment.Job instance at 0x7f2920e13910>,23,3,[6 3],32,70,73,38,44
1,<environment.Job instance at 0x7f2920e13780>,24,26,[4 5],33,52,78,19,51
1,<environment.Job instance at 0x7f2920e13690>,28,15,[9 4],37,78,93,41,64
1,<environment.Job instance at 0x7f28dcffe230>,14,14,[9 2],21,93,107,72,78
1,<environment.Job instance at 0x7f2920dee8c0>,39,17,[5 7],53,107,124,54,95
1,<environment.Job instance at 0x7f28dd65e4b0>,0,23,[6 3],1,1,24,0,1
1,<environment.Job instance at 0x7f28dd1bf230>,15,25,[2 5],23,24,49,1,24
1,<environment.Job instance at 0x7f28dd1bff50>,19,15,[ 2 10],27,49,64,22,42
1,<environment.Job instance at 0x7f28dd1bf640>,21,1,[1 7],30,64,65,34,46
1,<environment.Job instance at 0x7f2920b8ba00>,32,17,[1 9],47,65,82,18,53
1,<environment.Job instance at 0x7f2920b8b960>,30,18,[4 8],44,83,101,39,83
1,<environment.Job instance at 0x7f2920b8bf00>,29,12,[9 1],40,101,113,61,87
1,<environment.Job instance at 0x7f292751e6e0>,43,16,[1 7],62,101,117,39,94
1,<environment.Job instance at 0x7f28dd4fcaf0>,1,1,[7 4],2,2,3,0,2
1,<environment.Job instance at 0x7f2921195730>,2,1,[7 5],3,3,4,0,3
1,<environment.Job instance at 0x7f28dd4fc5f0>,3,1,[3 8],4,4,5,0,4
1,<environment.Job instance at 0x7f28dcf5b640>,4,18,[1 5],5,5,23,0,5
1,<environment.Job instance at 0x7f28dcd41b40>,5,13,[7 3],6,6,19,0,6
1,<environment.Job instance at 0x7f29210b36e0>,9,15,[5 2],11,19,34,8,11
1,<environment.Job instance at 0x7f28dcd1f960>,17,16,[1 9],21,34,50,13,23
1,<environment.Job instance at 0x7f28dd38d190>,20,17,[9 1],24,34,51,10,34
1,<environment.Job instance at 0x7f28dccfc6e0>,16,15,[5 2],19,51,66,32,43
1,<environment.Job instance at 0x7f28dce6f3c0>,23,17,[2 5],28,51,68,23,48
1,<environment.Job instance at 0x7f2927729820>,31,12,[10  1],41,68,80,27,55
1,<environment.Job instance at 0x7f292770a7d0>,34,18,[5 3],45,80,98,35,75
1,<environment.Job instance at 0x7f28dcd18b90>,46,12,[4 6],66,81,93,15,81
1,<environment.Job instance at 0x7f292770ad70>,40,13,[6 2],54,98,111,44,84
1,<environment.Job instance at 0x7f29210b3230>,12,17,[ 2 10],14,111,128,97,105
1,<environment.Job instance at 0x7f28dd57af00>,13,14,[4 9],24,28,42,4,28
1,<environment.Job instance at 0x7f29210f6960>,14,1,[1 9],25,42,43,17,36
1,<environment.Job instance at 0x7f2920c23140>,16,1,[10  4],27,43,44,16,41
1,<environment.Job instance at 0x7f2920eb1e60>,17,2,[3 6],28,44,46,16,41
1,<environment.Job instance at 0x7f2920eb1f50>,19,16,[4 8],32,46,62,14,41
1,<environment.Job instance at 0x7f2927b4f9b0>,15,21,[5 5],26,62,83,36,55
1,<environment.Job instance at 0x7f2920edcf50>,32,18,[3 8],48,83,101,35,72
1,<environment.Job instance at 0x7f28dd470370>,38,1,[6 1],56,100,101,44,100
1,<environment.Job instance at 0x7f28dd4f6a50>,39,18,[5 5],57,101,119,44,100
1,<environment.Job instance at 0x7f28dd4f6730>,42,3,[ 4 10],66,119,122,53,101
1,<environment.Job instance at 0x7f28dcdf3c80>,1,3,[1 5],3,3,6,0,3
1,<environment.Job instance at 0x7f28dd5a20a0>,2,23,[6 3],4,4,27,0,4
1,<environment.Job instance at 0x7f2920cd6320>,5,1,[7 4],7,27,28,20,13
1,<environment.Job instance at 0x7f2920cd6410>,6,14,[ 2 10],8,28,42,20,21
1,<environment.Job instance at 0x7f28dd3330a0>,17,17,[7 3],23,42,59,19,33
1,<environment.Job instance at 0x7f28dd187140>,22,18,[5 1],34,59,77,25,48
1,<environment.Job instance at 0x7f28dd180a50>,16,14,[1 8],22,59,73,37,51
1,<environment.Job instance at 0x7f28dd187820>,27,13,[1 8],42,73,86,31,58
1,<environment.Job instance at 0x7f28dd1871e0>,28,13,[6 2],43,77,90,34,63
1,<environment.Job instance at 0x7f28dd1876e0>,31,15,[4 5],46,86,101,40,72
1,<environment.Job instance at 0x7f28dd1a77d0>,37,1,[7 4],60,101,102,41,89
1,<environment.Job instance at 0x7f28dd1a70a0>,38,1,[3 7],61,102,103,41,90
1,<environment.Job instance at 0x7f28dd1a7190>,39,17,[3 5],62,103,120,41,91
1,<environment.Job instance at 0x7f28dd1a7eb0>,41,12,[4 5],65,104,116,39,104
1,<environment.Job instance at 0x7f28dd198230>,42,13,[8 4],67,120,133,53,104
1,<environment.Job instance at 0x7f28dd0b91e0>,0,16,[4 9],1,1,17,0,1
1,<environment.Job instance at 0x7f28dd0b9640>,10,18,[8 5],14,17,35,3,14
1,<environment.Job instance at 0x7f2927a04550>,15,16,[1 8],20,35,51,15,22
1,<environment.Job instance at 0x7f29279e6d70>,23,15,[5 2],30,37,52,7,37
1,<environment.Job instance at 0x7f29279e6280>,24,17,[10  4],32,52,69,20,40
1,<environment.Job instance at 0x7f2927a04820>,16,27,[ 3 10],21,69,96,48,68
1,<environment.Job instance at 0x7f28dd0b9be0>,5,17,[ 5 10],7,96,113,89,86
1,<environment.Job instance at 0x7f2927872320>,45,1,[4 9],64,113,114,49,101
1,<environment.Job instance at 0x7f2927843c80>,37,17,[ 4 10],48,114,131,66,102
1,<environment.Job instance at 0x7f2927636230>,0,13,[6 3],3,3,16,0,3
1,<environment.Job instance at 0x7f2920f07640>,1,18,[2 8],4,16,34,12,5
1,<environment.Job instance at 0x7f2921005730>,12,2,[7 4],21,34,36,13,32
1,<environment.Job instance at 0x7f28dce2b050>,17,16,[8 4],28,36,52,8,36
1,<environment.Job instance at 0x7f28dce2baa0>,14,1,[4 8],24,52,53,28,49
1,<environment.Job instance at 0x7f28dd45c050>,22,3,[ 2 10],34,76,79,42,76
1,<environment.Job instance at 0x7f29279d9140>,27,16,[1 5],39,79,95,40,76
1,<environment.Job instance at 0x7f2927fab870>,33,14,[9 5],46,79,93,33,78
1,<environment.Job instance at 0x7f2927fab640>,35,12,[6 5],50,93,105,43,79
1,<environment.Job instance at 0x7f2927bfd190>,36,17,[9 1],52,105,122,53,93
1,<environment.Job instance at 0x7f2920f011e0>,2,3,[4 6],3,3,6,0,3
1,<environment.Job instance at 0x7f29210d88c0>,11,3,[ 3 10],15,15,18,0,15
1,<environment.Job instance at 0x7f29210d8910>,12,2,[3 7],16,18,20,2,16
1,<environment.Job instance at 0x7f29210f4280>,32,19,[10  4],52,53,72,1,53
1,<environment.Job instance at 0x7f29210f40a0>,34,16,[5 7],54,72,88,18,60
1,<environment.Job instance at 0x7f2921102780>,23,18,[ 3 10],41,104,122,63,104
1,<environment.Job instance at 0x7f29210d4c80>,0,14,[5 4],2,2,16,0,2
1,<environment.Job instance at 0x7f28dd365cd0>,4,14,[10  5],8,16,30,8,8
1,<environment.Job instance at 0x7f2920a25780>,19,25,[5 5],26,30,55,4,26
1,<environment.Job instance at 0x7f29211c4b40>,17,2,[5 4],24,35,37,11,35
1,<environment.Job instance at 0x7f29278f1e10>,21,1,[1 7],28,55,56,27,35
1,<environment.Job instance at 0x7f2920a466e0>,24,2,[4 8],32,56,58,24,35
1,<environment.Job instance at 0x7f29278cc910>,25,12,[2 5],34,41,53,7,41
1,<environment.Job instance at 0x7f28dcf74c80>,31,12,[3 9],43,58,70,15,43
1,<environment.Job instance at 0x7f28dce8a820>,39,18,[7 2],56,70,88,14,59
1,<environment.Job instance at 0x7f2920fceb40>,45,16,[5 1],64,88,104,24,75
1,<environment.Job instance at 0x7f2920b068c0>,43,15,[3 9],61,88,103,27,88
1,<environment.Job instance at 0x7f28dcd36320>,53,12,[6 5],77,104,116,27,90
1,<environment.Job instance at 0x7f28dcd362d0>,62,22,[2 5],90,108,130,18,108
1,<environment.Job instance at 0x7f28dcd362d0>,2,17,[1 7],5,5,22,0,5
1,<environment.Job instance at 0x7f28dd5f67d0>,3,16,[2 6],7,22,38,15,9
1,<environment.Job instance at 0x7f28dce69e60>,19,13,[7 4],24,25,38,1,25
1,<environment.Job instance at 0x7f28dd409960>,26,17,[5 7],31,38,55,7,31
1,<environment.Job instance at 0x7f28dd4096e0>,29,12,[4 5],37,55,67,18,38
1,<environment.Job instance at 0x7f28dd53aaa0>,15,17,[7 4],20,67,84,47,58
1,<environment.Job instance at 0x7f28dd61e640>,40,15,[1 6],63,70,85,7,70
1,<environment.Job instance at 0x7f28dd61eeb0>,39,15,[2 7],57,85,100,28,73
1,<environment.Job instance at 0x7f2927bde5f0>,48,18,[9 5],76,100,118,24,90
1,<environment.Job instance at 0x7f2ca9dba0a0>,2,12,[5 4],3,3,15,0,3
1,<environment.Job instance at 0x7f2ca29aa550>,8,17,[10  5],11,15,32,4,12
1,<environment.Job instance at 0x7f2ca29aa6e0>,9,17,[1 7],12,32,49,20,20
1,<environment.Job instance at 0x7f2ca29ae230>,20,22,[8 2],26,39,61,13,39
1,<environment.Job instance at 0x7f2ca29ae460>,23,20,[ 5 10],30,61,81,31,52
1,<environment.Job instance at 0x7f2ca29aaaa0>,12,13,[1 8],16,81,94,65,72
1,<environment.Job instance at 0x7f2ca29ac0a0>,37,12,[3 6],49,94,106,45,77
1,<environment.Job instance at 0x7f2ca29ac410>,42,28,[6 4],54,94,122,40,93
1,<environment.Job instance at 0x7f2ca9f35910>,3,17,[5 2],6,6,23,0,6
1,<environment.Job instance at 0x7f2ca9f358c0>,7,13,[7 3],13,23,36,10,13
1,<environment.Job instance at 0x7f2ca9f291e0>,15,18,[5 3],27,36,54,9,28
1,<environment.Job instance at 0x7f2ca9f2bfa0>,10,13,[6 5],19,54,67,35,39
1,<environment.Job instance at 0x7f2ca9de3730>,30,15,[5 3],49,67,82,18,55
1,<environment.Job instance at 0x7f2ca9f27e60>,38,13,[10  2],58,82,95,24,69
1,<environment.Job instance at 0x7f2ca9f27500>,40,13,[4 7],60,95,108,35,79
1,<environment.Job instance at 0x7f2ca9de17d0>,47,13,[1 8],71,108,121,37,94
1,<environment.Job instance at 0x7f2ca9f2efa0>,54,16,[6 2],89,106,122,17,106
1,<environment.Job instance at 0x7f2ca9f2eb90>,55,1,[5 6],90,122,123,32,106
1,<environment.Job instance at 0x7f2ca9f2ebe0>,56,2,[8 5],91,123,125,32,109
1,<environment.Job instance at 0x7f2ca9f34910>,58,13,[ 4 10],97,125,138,28,110
1,<environment.Job instance at 0x7f2c5ef189b0>,0,16,[7 5],2,2,18,0,2
1,<environment.Job instance at 0x7f2c5eca4500>,4,2,[4 8],8,20,22,12,20
1,<environment.Job instance at 0x7f2c5eca0960>,6,17,[4 9],10,23,40,13,23
1,<environment.Job instance at 0x7f2c5ec99550>,20,15,[7 4],32,40,55,8,38
1,<environment.Job instance at 0x7f2c5ec99320>,21,26,[3 8],33,57,83,24,57
1,<environment.Job instance at 0x7f2c5eceeaf0>,32,13,[5 2],46,70,83,24,70
1,<environment.Job instance at 0x7f2c5eceec30>,34,14,[10  5],50,85,99,35,85
1,<environment.Job instance at 0x7f2c5ecee9b0>,35,12,[6 1],52,99,111,47,85
1,<environment.Job instance at 0x7f2c5eceb640>,38,12,[5 9],55,111,123,56,95
1,<environment.Job instance at 0x7f2c5eceb550>,41,15,[5 9],59,123,138,64,112
1,<environment.Job instance at 0x7f2c5f2dbc80>,1,13,[ 2 10],2,2,15,0,2
1,<environment.Job instance at 0x7f2c5f2dbaa0>,3,17,[7 5],4,15,32,11,5
1,<environment.Job instance at 0x7f2c5f2db140>,11,13,[2 6],14,32,45,18,26
1,<environment.Job instance at 0x7f2c5f27b780>,17,3,[1 7],22,45,48,23,29
1,<environment.Job instance at 0x7f2c5ec0a280>,21,14,[5 7],27,48,62,21,36
1,<environment.Job instance at 0x7f2c5ec0a820>,22,13,[7 4],28,62,75,34,47
1,<environment.Job instance at 0x7f2c5ec0a500>,25,18,[9 2],31,75,93,44,64
1,<environment.Job instance at 0x7f2c5f110d70>,34,14,[9 4],46,93,107,47,79
1,<environment.Job instance at 0x7f2c5f135190>,41,17,[10  2],54,107,124,53,101
1,<environment.Job instance at 0x7f2c5f27baa0>,16,14,[10  4],21,124,138,103,110
1,<environment.Job instance at 0x7f2c5f161320>,2,14,[4 9],3,4,18,1,4
1,<environment.Job instance at 0x7f2c5ecdcfa0>,3,12,[8 2],4,18,30,14,6
1,<environment.Job instance at 0x7f2c5f0a5730>,15,16,[4 9],23,30,46,7,24
1,<environment.Job instance at 0x7f2c5f09f4b0>,27,16,[4 5],40,46,62,6,40
1,<environment.Job instance at 0x7f2c5f09f9b0>,32,12,[5 4],45,66,78,21,66
1,<environment.Job instance at 0x7f2c5f09f640>,31,13,[6 1],44,78,91,34,67
1,<environment.Job instance at 0x7f2c5f09fbe0>,34,18,[2 8],49,78,96,29,68
1,<environment.Job instance at 0x7f2c5f09fe10>,40,12,[7 5],58,96,108,38,79
1,<environment.Job instance at 0x7f2c5f0922d0>,41,22,[1 9],61,108,130,47,103
1,<environment.Job instance at 0x7f2c5f092dc0>,53,1,[3 9],76,130,131,54,104
1,<environment.Job instance at 0x7f2ca565c460>,0,19,[5 3],1,1,20,0,1
1,<environment.Job instance at 0x7f2ca565c190>,8,12,[3 9],13,20,32,7,13
1,<environment.Job instance at 0x7f2ca563a5f0>,15,13,[8 1],22,32,45,10,22
1,<environment.Job instance at 0x7f2ca563a500>,20,15,[2 7],29,40,55,11,40
1,<environment.Job instance at 0x7f2ca2881280>,32,1,[1 5],45,55,56,10,52
1,<environment.Job instance at 0x7f2ca2881b40>,33,1,[1 6],46,59,60,13,59
1,<environment.Job instance at 0x7f2ca28819b0>,38,28,[4 9],56,68,96,12,68
1,<environment.Job instance at 0x7f2c5f048b40>,49,14,[7 5],75,96,110,21,96
1,<environment.Job instance at 0x7f2ca2881500>,44,17,[6 1],67,110,127,43,99
1,<environment.Job instance at 0x7f2c5f0482d0>,51,14,[3 8],77,110,124,33,104
1,<environment.Job instance at 0x7f2ca50a0640>,0,12,[8 4],1,1,13,0,1
1,<environment.Job instance at 0x7f2c5ee6bb40>,8,12,[ 2 10],10,23,35,13,23
1,<environment.Job instance at 0x7f2ca2afffa0>,12,18,[3 6],14,35,53,21,34
1,<environment.Job instance at 0x7f2c5f05daa0>,20,2,[1 8],25,53,55,28,35
1,<environment.Job instance at 0x7f2c5eda8820>,21,1,[1 5],26,55,56,29,35
1,<environment.Job instance at 0x7f2c5ef5ba50>,22,13,[6 2],28,36,49,8,36
1,<environment.Job instance at 0x7f2c5ef1d960>,18,14,[7 5],22,55,69,33,42
1,<environment.Job instance at 0x7f2ca53dc500>,30,1,[ 5 10],38,69,70,31,53
1,<environment.Job instance at 0x7f2ca53dcdc0>,33,14,[8 1],42,70,84,28,58
1,<environment.Job instance at 0x7f2ca28ba5a0>,37,14,[3 5],46,84,98,38,76
1,<environment.Job instance at 0x7f2ca28bac80>,41,14,[9 2],56,98,112,42,96
1,<environment.Job instance at 0x7f2ca2adf9b0>,46,20,[ 4 10],64,112,132,48,104
1,<environment.Job instance at 0x7f2ca4f04730>,50,12,[6 4],70,132,144,62,119
1,<environment.Job instance at 0x7f2ca4f04be0>,2,18,[8 3],3,3,21,0,3
1,<environment.Job instance at 0x7f2ca29474b0>,4,18,[5 9],5,21,39,16,11
1,<environment.Job instance at 0x7f2ca2947aa0>,14,13,[5 8],20,39,52,19,28
1,<environment.Job instance at 0x7f2ca2947500>,7,13,[4 5],9,52,65,43,37
1,<environment.Job instance at 0x7f2ca29300f0>,19,2,[8 4],26,65,67,39,49
1,<environment.Job instance at 0x7f2ca29303c0>,23,14,[10  2],33,67,81,34,54
1,<environment.Job instance at 0x7f2ca2930aa0>,29,18,[2 6],46,81,99,35,71
1,<environment.Job instance at 0x7f2ca2930b40>,32,1,[ 3 10],49,99,100,50,71
1,<environment.Job instance at 0x7f2ca2930fa0>,36,18,[10  1],53,100,118,47,89
1,<environment.Job instance at 0x7f2ca292c780>,48,13,[2 7],71,118,131,47,102
1,<environment.Job instance at 0x7f2ca2919a50>,0,13,[4 7],1,1,14,0,1
1,<environment.Job instance at 0x7f2c5eea48c0>,5,21,[4 7],7,14,35,7,8
1,<environment.Job instance at 0x7f2ca29ac0f0>,12,15,[8 1],18,35,50,17,28
1,<environment.Job instance at 0x7f2ca54430a0>,27,19,[9 4],41,50,69,9,47
1,<environment.Job instance at 0x7f2ca50f2e60>,32,12,[9 1],48,69,81,21,58
1,<environment.Job instance at 0x7f2c5ee91d70>,34,27,[1 5],55,59,86,4,59
1,<environment.Job instance at 0x7f2c5ef835a0>,42,25,[10  4],66,98,123,32,98
1,<environment.Job instance at 0x7f2ca52b50f0>,47,18,[1 6],74,123,141,49,113
1,<environment.Job instance at 0x7f2c5f2afe10>,0,19,[6 5],1,1,20,0,1
1,<environment.Job instance at 0x7f2ca5643f00>,11,14,[10  3],21,21,35,0,21
1,<environment.Job instance at 0x7f2ca2dfb8c0>,14,26,[4 9],24,39,65,15,39
1,<environment.Job instance at 0x7f2ca4f769b0>,31,17,[7 2],48,73,90,25,73
1,<environment.Job instance at 0x7f2ca51a7f00>,17,16,[3 9],30,90,106,60,77
1,<environment.Job instance at 0x7f2ca4f76500>,33,18,[6 1],51,95,113,44,95
1,<environment.Job instance at 0x7f2c5f1df0f0>,38,13,[4 6],56,106,119,50,96
1,<environment.Job instance at 0x7f2ca2b3e140>,42,12,[3 9],61,119,131,58,114
1,<environment.Job instance at 0x7f2ca2987370>,0,12,[3 7],4,4,16,0,4
1,<environment.Job instance at 0x7f2c5ebccdc0>,10,1,[10  5],15,16,17,1,15
1,<environment.Job instance at 0x7f2c5ebcceb0>,11,1,[7 4],16,17,18,1,16
1,<environment.Job instance at 0x7f2c5ebccfa0>,12,2,[3 8],21,21,23,0,21
1,<environment.Job instance at 0x7f2c5ebe5370>,14,2,[ 1 10],24,29,31,5,29
1,<environment.Job instance at 0x7f2c5ebe5640>,19,1,[6 4],29,31,32,2,30
1,<environment.Job instance at 0x7f2c5ebe53c0>,20,3,[5 7],31,32,35,1,31
1,<environment.Job instance at 0x7f2c5ebe5c30>,21,25,[2 5],33,35,60,2,33
1,<environment.Job instance at 0x7f2c5ebcc9b0>,6,23,[6 3],11,35,58,24,34
1,<environment.Job instance at 0x7f2c5ebe5e60>,25,15,[ 2 10],37,60,75,23,52
1,<environment.Job instance at 0x7f2c5ebe28c0>,33,17,[7 5],48,75,92,27,65
1,<environment.Job instance at 0x7f2c5ebf1320>,42,12,[ 2 10],63,92,104,29,80
1,<environment.Job instance at 0x7f2c5ebf1820>,47,17,[7 5],70,104,121,34,94
1,<environment.Job instance at 0x7f2c5ebf1be0>,54,13,[9 1],79,121,134,42,110
1,<environment.Job instance at 0x7f2c5ebdb320>,1,1,[7 4],2,2,3,0,2
1,<environment.Job instance at 0x7f2ca2baaaa0>,2,1,[7 5],3,3,4,0,3
1,<environment.Job instance at 0x7f2ca2baa5f0>,3,1,[3 8],4,4,5,0,4
1,<environment.Job instance at 0x7f2ca2baa960>,4,18,[1 5],5,5,23,0,5
1,<environment.Job instance at 0x7f2ca506fa00>,6,17,[3 5],7,7,24,0,7
1,<environment.Job instance at 0x7f2ca2b630a0>,12,17,[ 2 10],14,24,41,10,18
1,<environment.Job instance at 0x7f2c5ebf8190>,16,15,[5 2],19,41,56,22,28
1,<environment.Job instance at 0x7f2ca4fbc3c0>,27,14,[5 4],36,41,55,5,39
1,<environment.Job instance at 0x7f2ca283ba00>,30,16,[9 4],40,56,72,16,49
1,<environment.Job instance at 0x7f2ca283b690>,33,2,[4 8],43,72,74,29,61
1,<environment.Job instance at 0x7f2ca4fbc780>,20,17,[9 1],24,74,91,50,63
1,<environment.Job instance at 0x7f2ca283b190>,42,1,[2 7],58,91,92,33,72
1,<environment.Job instance at 0x7f2c5f366550>,47,17,[6 5],70,92,109,22,80
1,<environment.Job instance at 0x7f2ca516acd0>,58,28,[9 4],83,109,137,26,108
1,<environment.Job instance at 0x7f2ca2b2c320>,14,16,[4 8],22,25,41,3,25
1,<environment.Job instance at 0x7f2ca5001550>,16,12,[ 1 10],24,41,53,17,31
1,<environment.Job instance at 0x7f2ca5001cd0>,22,3,[ 1 10],30,53,56,23,40
1,<environment.Job instance at 0x7f2ca2b2ce60>,15,13,[5 7],23,56,69,33,42
1,<environment.Job instance at 0x7f2ca2b55f50>,28,13,[5 4],40,69,82,29,56
1,<environment.Job instance at 0x7f2ca2b2c1e0>,10,21,[5 5],16,69,90,53,62
1,<environment.Job instance at 0x7f2ca2b553c0>,23,15,[ 4 10],32,90,105,58,87
1,<environment.Job instance at 0x7f2ca2ab7e10>,39,13,[1 5],59,105,118,46,92
1,<environment.Job instance at 0x7f2ca2ab7370>,41,12,[8 4],63,105,117,42,92
1,<environment.Job instance at 0x7f2ca51090f0>,47,18,[5 5],69,117,135,48,106
1,<environment.Job instance at 0x7f2ca5109500>,50,12,[3 5],74,118,130,44,108
1,<environment.Job instance at 0x7f2ca4f31910>,1,17,[7 3],3,3,20,0,3
1,<environment.Job instance at 0x7f2ca29f3190>,6,18,[5 1],14,21,39,7,21
1,<environment.Job instance at 0x7f2ca2a084b0>,13,17,[8 4],24,39,56,15,39
1,<environment.Job instance at 0x7f2c5eddf370>,24,15,[8 2],43,59,74,16,59
1,<environment.Job instance at 0x7f2c5e9f0050>,25,12,[4 5],45,74,86,29,59
1,<environment.Job instance at 0x7f2c5ef74be0>,38,27,[4 5],59,78,105,19,78
1,<environment.Job instance at 0x7f2c5ede6280>,41,2,[1 9],62,105,107,43,81
1,<environment.Job instance at 0x7f2c5ede61e0>,42,3,[7 1],65,105,108,40,81
1,<environment.Job instance at 0x7f2c5ede7370>,32,13,[8 2],53,108,121,55,97
1,<environment.Job instance at 0x7f2c5edf5a50>,40,18,[1 6],61,107,125,46,105
1,<environment.Job instance at 0x7f2ca5370870>,55,18,[3 5],78,125,143,47,114
1,<environment.Job instance at 0x7f2c5f06b190>,0,17,[10  4],2,2,19,0,2
1,<environment.Job instance at 0x7f2ca54c7b90>,7,27,[5 7],12,19,46,7,17
1,<environment.Job instance at 0x7f2c5eed9e10>,22,14,[8 5],35,46,60,11,46
1,<environment.Job instance at 0x7f2ca2d96f00>,25,13,[9 1],39,61,74,22,61
1,<environment.Job instance at 0x7f2ca5063a00>,10,12,[2 8],15,74,86,59,73
1,<environment.Job instance at 0x7f2c5ecb0500>,28,15,[1 8],43,86,101,43,86
1,<environment.Job instance at 0x7f2ca56406e0>,30,18,[2 5],45,101,119,56,90
1,<environment.Job instance at 0x7f2ca2b30730>,34,17,[5 7],50,119,136,69,107
1,<environment.Job instance at 0x7f2ca2b35aa0>,0,24,[5 6],1,3,27,2,3
1,<environment.Job instance at 0x7f2ca2b354b0>,3,3,[5 5],5,27,30,22,5
1,<environment.Job instance at 0x7f2ca2790640>,6,12,[6 5],10,30,42,20,13
1,<environment.Job instance at 0x7f2c5e98e730>,22,13,[5 8],33,42,55,9,33
1,<environment.Job instance at 0x7f2c5e98ee60>,19,1,[7 5],30,55,56,25,34
1,<environment.Job instance at 0x7f2c5e98e140>,23,17,[2 7],34,56,73,22,44
1,<environment.Job instance at 0x7f2c5e98ef00>,28,2,[4 8],47,73,75,26,56
1,<environment.Job instance at 0x7f2c5e98abe0>,17,13,[2 8],28,75,88,47,61
1,<environment.Job instance at 0x7f2ca53ab7d0>,32,17,[5 1],51,64,81,13,64
1,<environment.Job instance at 0x7f2c5e98e9b0>,24,16,[6 5],36,88,104,52,76
1,<environment.Job instance at 0x7f2c5e9878c0>,42,16,[1 5],66,101,117,35,101
1,<environment.Job instance at 0x7f2c5e987b90>,44,13,[10  4],68,117,130,49,101
1,<environment.Job instance at 0x7f2c5e987820>,48,3,[4 6],73,130,133,57,116
1,<environment.Job instance at 0x7f2c5e987a50>,49,1,[5 5],74,116,117,42,116
1,<environment.Job instance at 0x7f2c5e933780>,2,15,[1 7],3,3,18,0,3
1,<environment.Job instance at 0x7f2c5e9e0cd0>,3,16,[5 7],4,18,34,14,7
1,<environment.Job instance at 0x7f2ca52f2cd0>,16,13,[6 3],24,34,47,10,24
1,<environment.Job instance at 0x7f2ca52f25f0>,18,16,[2 7],26,34,50,8,34
1,<environment.Job instance at 0x7f2c5f01a410>,25,18,[6 5],35,50,68,15,48
1,<environment.Job instance at 0x7f2ca52f2af0>,22,13,[7 4],31,68,81,37,54
1,<environment.Job instance at 0x7f2ca550cf00>,29,1,[4 8],42,81,82,39,54
1,<environment.Job instance at 0x7f2ca54f7fa0>,31,2,[7 3],45,82,84,37,66
1,<environment.Job instance at 0x7f2ca551a4b0>,38,17,[4 6],54,84,101,30,72
1,<environment.Job instance at 0x7f2c5f22f8c0>,42,14,[5 4],62,84,98,22,81
1,<environment.Job instance at 0x7f2ca52f2410>,14,15,[5 7],22,101,116,79,88
1,<environment.Job instance at 0x7f2ca2db2410>,49,3,[7 5],71,116,119,45,90
1,<environment.Job instance at 0x7f2ca2db2050>,50,1,[5 6],72,119,120,47,91
1,<environment.Job instance at 0x7f2ca4ee7b90>,51,1,[3 8],73,120,121,47,92
1,<environment.Job instance at 0x7f2ca4ee7780>,53,16,[4 8],77,121,137,44,108
1,<environment.Job instance at 0x7f2ca2b9d730>,0,15,[3 9],1,1,16,0,1
1,<environment.Job instance at 0x7f2ca2829780>,6,28,[ 3 10],13,56,84,43,56
1,<environment.Job instance at 0x7f2ca5433e10>,34,15,[9 4],47,84,99,37,75
1,<environment.Job instance at 0x7f2ca5433dc0>,35,17,[5 5],48,99,116,51,87
1,<environment.Job instance at 0x7f2ca5639f50>,19,22,[2 5],30,99,121,69,98
1,<environment.Job instance at 0x7f2c5eda8aa0>,44,3,[ 3 10],61,121,124,60,105
1,<environment.Job instance at 0x7f2ca519cf50>,45,12,[5 9],62,124,136,62,107
1,<environment.Job instance at 0x7f2c5ea20460>,2,18,[9 5],6,8,26,2,8
1,<environment.Job instance at 0x7f2ca282e780>,5,12,[3 5],14,26,38,12,18
1,<environment.Job instance at 0x7f2ca5699640>,12,18,[7 1],26,28,46,2,28
1,<environment.Job instance at 0x7f2c5ebd6f50>,16,3,[8 2],33,46,49,13,34
1,<environment.Job instance at 0x7f2ca282ea00>,6,15,[6 2],15,49,64,34,35
1,<environment.Job instance at 0x7f2c5e94e1e0>,10,16,[4 8],22,49,65,27,38
1,<environment.Job instance at 0x7f2ca4f1e050>,27,15,[1 8],48,65,80,17,57
1,<environment.Job instance at 0x7f2ca2805e10>,31,1,[5 3],52,80,81,28,73
1,<environment.Job instance at 0x7f2c5ecdfcd0>,33,24,[ 1 10],57,81,105,24,76
1,<environment.Job instance at 0x7f2ca296e8c0>,42,3,[1 5],73,105,108,32,94
1,<environment.Job instance at 0x7f2ca297f0f0>,45,1,[4 5],78,112,113,34,112
1,<environment.Job instance at 0x7f2c5ecef4b0>,47,2,[5 5],80,113,115,33,113
1,<environment.Job instance at 0x7f2c5ecef230>,48,3,[9 1],81,115,118,34,113
1,<environment.Job instance at 0x7f2c5ecdf0a0>,37,23,[2 9],68,118,141,50,116
1,<environment.Job instance at 0x7f2ca2e23eb0>,1,3,[ 2 10],2,2,5,0,2
1,<environment.Job instance at 0x7f2ca2e23870>,3,2,[1 7],6,6,8,0,6
1,<environment.Job instance at 0x7f2ca2954460>,4,13,[2 6],7,8,21,1,7
1,<environment.Job instance at 0x7f2ca2954dc0>,5,1,[9 4],8,21,22,13,8
1,<environment.Job instance at 0x7f2ca2954870>,6,16,[3 9],9,22,38,13,9
1,<environment.Job instance at 0x7f2ca29540a0>,8,3,[5 5],12,38,41,26,12
1,<environment.Job instance at 0x7f2ca2954050>,16,1,[6 5],27,41,42,14,27
1,<environment.Job instance at 0x7f2c5ed5a280>,18,12,[ 5 10],30,42,54,12,30
1,<environment.Job instance at 0x7f2c5ed5a410>,24,12,[ 3 10],37,54,66,17,50
1,<environment.Job instance at 0x7f2c5ed5aaf0>,25,16,[3 9],39,66,82,27,53
1,<environment.Job instance at 0x7f2c5ed5a550>,26,1,[5 5],40,82,83,42,54
1,<environment.Job instance at 0x7f2c5ed5a7d0>,28,3,[3 9],45,83,86,38,61
1,<environment.Job instance at 0x7f2c5ed5af50>,33,16,[7 4],52,88,104,36,88
1,<environment.Job instance at 0x7f2c5ed5a2d0>,22,2,[2 7],34,104,106,70,88
1,<environment.Job instance at 0x7f2ca2862d70>,36,16,[ 2 10],61,106,122,45,93
1,<environment.Job instance at 0x7f2c5ea6e230>,45,16,[5 2],73,122,138,49,109
1,<environment.Job instance at 0x7f9a94f81140>,0,18,[ 2 10],1,1,19,0,1
1,<environment.Job instance at 0x7f9a8db713c0>,6,19,[1 7],8,19,38,11,16
1,<environment.Job instance at 0x7f9a8db71d70>,18,16,[4 9],24,38,54,14,28
1,<environment.Job instance at 0x7f9a8db750a0>,21,3,[4 6],27,58,61,31,58
1,<environment.Job instance at 0x7f9a8db753c0>,23,20,[ 5 10],30,61,81,31,58
1,<environment.Job instance at 0x7f9a8db759b0>,28,13,[1 6],37,81,94,44,68
1,<environment.Job instance at 0x7f9a8db751e0>,20,22,[8 2],26,86,108,60,86
1,<environment.Job instance at 0x7f9a8db75e60>,38,18,[5 8],50,108,126,58,97
1,<environment.Job instance at 0x7f9a94fa8b40>,5,15,[9 4],10,10,25,0,10
1,<environment.Job instance at 0x7f9a950f05a0>,19,3,[10  5],32,46,49,14,46
1,<environment.Job instance at 0x7f9a950f7500>,20,3,[5 7],34,49,52,15,46
1,<environment.Job instance at 0x7f9a950f7dc0>,21,1,[10  1],35,52,53,17,46
1,<environment.Job instance at 0x7f9a950f7730>,22,1,[1 5],37,53,54,16,46
1,<environment.Job instance at 0x7f9a950f7370>,23,15,[9 1],38,55,70,17,55
1,<environment.Job instance at 0x7f9a94faa0f0>,29,3,[7 5],45,70,73,25,56
1,<environment.Job instance at 0x7f9a950f7320>,27,16,[7 1],42,73,89,31,63
1,<environment.Job instance at 0x7f9a94faae10>,34,13,[4 7],50,89,102,39,74
1,<environment.Job instance at 0x7f9a950f2b40>,45,2,[5 3],75,98,100,23,98
1,<environment.Job instance at 0x7f9a950f2d70>,46,1,[2 5],77,102,103,25,98
1,<environment.Job instance at 0x7f9a950f53c0>,43,18,[3 6],72,103,121,31,98
1,<environment.Job instance at 0x7f9a950fc8c0>,51,15,[7 2],85,102,117,17,99
1,<environment.Job instance at 0x7f9a950fc280>,55,13,[3 7],90,122,135,32,122
1,<environment.Job instance at 0x7f9a950f2690>,48,16,[6 2],79,124,140,45,124
1,<environment.Job instance at 0x7f9a950fc140>,56,22,[3 6],91,135,157,44,128
1,<environment.Job instance at 0x7f9a49f23eb0>,3,1,[9 1],6,6,7,0,6
1,<environment.Job instance at 0x7f9a49f233c0>,7,20,[2 7],10,13,33,3,13
1,<environment.Job instance at 0x7f9a49f231e0>,11,14,[3 9],14,33,47,19,28
1,<environment.Job instance at 0x7f9a49f69550>,16,17,[10  2],19,47,64,28,35
1,<environment.Job instance at 0x7f9a49f69460>,19,1,[6 5],23,64,65,41,36
1,<environment.Job instance at 0x7f9a49f698c0>,20,1,[8 3],25,65,66,40,37
1,<environment.Job instance at 0x7f9a49f695f0>,23,14,[10  5],30,66,80,36,55
1,<environment.Job instance at 0x7f9a49f69820>,27,12,[5 9],35,80,92,45,67
1,<environment.Job instance at 0x7f9a49ec3be0>,31,2,[4 8],40,92,94,52,80
1,<environment.Job instance at 0x7f9a49ec3f00>,32,3,[7 2],42,94,97,52,80
1,<environment.Job instance at 0x7f9a49ec3500>,34,2,[5 6],44,97,99,53,87
1,<environment.Job instance at 0x7f9a49ec3320>,35,3,[5 3],46,97,100,51,87
1,<environment.Job instance at 0x7f9a49ec3eb0>,36,18,[10  3],47,100,118,53,89
1,<environment.Job instance at 0x7f9a49f690a0>,17,17,[5 9],20,118,135,98,109
1,<environment.Job instance at 0x7f9a49f6cb90>,45,12,[2 6],60,135,147,75,124
1,<environment.Job instance at 0x7f9a49dbd500>,3,15,[8 5],9,9,24,0,9
1,<environment.Job instance at 0x7f9a49dbde60>,7,16,[ 2 10],14,24,40,10,23
1,<environment.Job instance at 0x7f9a4a3299b0>,18,17,[5 8],27,43,60,16,43
1,<environment.Job instance at 0x7f9a49dbd6e0>,9,14,[9 4],16,60,74,44,47
1,<environment.Job instance at 0x7f9a4a329a50>,14,18,[9 1],22,74,92,52,69
1,<environment.Job instance at 0x7f9a4a2d7140>,30,15,[6 2],41,92,107,51,83
1,<environment.Job instance at 0x7f9a4a329280>,21,17,[7 1],31,107,124,76,96
1,<environment.Job instance at 0x7f9a49e737d0>,36,18,[2 8],49,108,126,59,108
1,<environment.Job instance at 0x7f9a49e73eb0>,47,16,[5 7],67,126,142,59,113
1,<environment.Job instance at 0x7f9a4a22c640>,53,14,[5 8],78,142,156,64,128
1,<environment.Job instance at 0x7f9a8d953a50>,0,12,[1 9],1,1,13,0,1
1,<environment.Job instance at 0x7f9a49f96870>,4,12,[5 4],5,13,25,8,5
1,<environment.Job instance at 0x7f9a4a26b280>,8,16,[4 9],12,25,41,13,14
1,<environment.Job instance at 0x7f9a4a26baa0>,17,15,[5 1],25,25,40,0,25
1,<environment.Job instance at 0x7f9a4a26b870>,16,2,[1 6],24,41,43,17,29
1,<environment.Job instance at 0x7f9a4a26bf00>,20,1,[3 7],28,43,44,15,29
1,<environment.Job instance at 0x7f9a4a26bc30>,19,18,[7 5],27,44,62,17,33
1,<environment.Job instance at 0x7f9a4a26d140>,24,12,[2 7],35,62,74,27,45
1,<environment.Job instance at 0x7f9a4a26bd70>,22,26,[5 3],32,62,88,30,60
1,<environment.Job instance at 0x7f9a4a26b460>,11,27,[4 6],16,75,102,59,75
1,<environment.Job instance at 0x7f9a4a2695a0>,44,1,[6 5],58,102,103,44,89
1,<environment.Job instance at 0x7f9a4a26b9b0>,15,15,[2 8],23,103,118,80,89
1,<environment.Job instance at 0x7f9a4a26d8c0>,33,16,[10  5],45,118,134,73,106
1,<environment.Job instance at 0x7f9a4a259b40>,0,27,[8 2],1,6,33,5,6
1,<environment.Job instance at 0x7f9a4a136af0>,15,14,[3 8],27,33,47,6,27
1,<environment.Job instance at 0x7f9a4a136410>,21,13,[5 7],35,47,60,12,39
1,<environment.Job instance at 0x7f9a8dd5c280>,25,12,[ 5 10],40,60,72,20,52
1,<environment.Job instance at 0x7f9a4a136780>,13,14,[7 5],25,72,86,47,60
1,<environment.Job instance at 0x7f9a9088e230>,34,18,[9 4],52,86,104,34,75
1,<environment.Job instance at 0x7f9a900e6aa0>,42,14,[2 7],62,104,118,42,89
1,<environment.Job instance at 0x7f9a900e6d20>,43,1,[8 3],63,104,105,41,89
1,<environment.Job instance at 0x7f9a902625f0>,48,14,[3 6],69,118,132,49,105
1,<environment.Job instance at 0x7f9a90262d70>,49,12,[7 4],70,118,130,48,105
1,<environment.Job instance at 0x7f9a90262e60>,54,1,[5 7],76,132,133,56,119
1,<environment.Job instance at 0x7f9a8dd1c690>,31,18,[4 9],49,133,151,84,122
1,<environment.Job instance at 0x7f9a4a164e10>,0,17,[3 7],1,1,18,0,1
1,<environment.Job instance at 0x7f9a8dbe75a0>,19,17,[8 5],26,49,66,23,49
1,<environment.Job instance at 0x7f9a8de3a4b0>,21,15,[5 3],28,66,81,38,58
1,<environment.Job instance at 0x7f9a4a071320>,25,3,[5 9],33,81,84,48,76
1,<environment.Job instance at 0x7f9a8df83230>,22,15,[2 8],29,84,99,55,77
1,<environment.Job instance at 0x7f9a901cf8c0>,29,14,[4 8],37,99,113,62,84
1,<environment.Job instance at 0x7f9a8d985140>,35,13,[1 8],43,113,126,70,99
1,<environment.Job instance at 0x7f9a9032a370>,40,3,[7 4],49,126,129,77,104
1,<environment.Job instance at 0x7f9a4a4a5a50>,42,2,[5 5],52,129,131,77,106
1,<environment.Job instance at 0x7f9a4a1970a0>,23,15,[5 2],31,111,126,80,111
1,<environment.Job instance at 0x7f9a8da5a140>,51,18,[5 9],65,131,149,66,120
1,<environment.Job instance at 0x7f9a94e7b0a0>,0,13,[2 7],1,1,14,0,1
1,<environment.Job instance at 0x7f9a90382e10>,10,1,[6 3],12,12,13,0,12
1,<environment.Job instance at 0x7f9a90382a50>,6,14,[9 5],8,14,28,6,12
1,<environment.Job instance at 0x7f9a9034d190>,13,15,[ 1 10],15,28,43,13,26
1,<environment.Job instance at 0x7f9a9034d460>,17,12,[4 6],19,43,55,24,27
1,<environment.Job instance at 0x7f9a9034d9b0>,22,16,[5 4],25,44,60,19,44
1,<environment.Job instance at 0x7f9a9036a410>,29,15,[6 5],32,60,75,28,50
1,<environment.Job instance at 0x7f9a9036aaa0>,37,1,[5 1],42,75,76,33,75
1,<environment.Job instance at 0x7f9a9036ae60>,40,14,[1 6],47,78,92,31,78
1,<environment.Job instance at 0x7f9a90374230>,44,13,[4 7],51,92,105,41,78
1,<environment.Job instance at 0x7f9a90374690>,51,18,[5 2],61,119,137,58,119
1,<environment.Job instance at 0x7f9a90374640>,53,14,[8 3],63,137,151,74,122
1,<environment.Job instance at 0x7f9a904c80a0>,3,12,[3 5],5,5,17,0,5
1,<environment.Job instance at 0x7f9a903749b0>,2,13,[1 7],4,17,30,13,13
1,<environment.Job instance at 0x7f9a904af0f0>,6,2,[7 1],9,14,16,5,14
1,<environment.Job instance at 0x7f9a4a173320>,13,16,[3 7],20,30,46,10,20
1,<environment.Job instance at 0x7f9a8d958410>,19,12,[2 6],26,46,58,20,34
1,<environment.Job instance at 0x7f9a4a31e2d0>,24,16,[8 3],31,46,62,15,40
1,<environment.Job instance at 0x7f9a49d80af0>,27,20,[6 3],36,62,82,26,53
1,<environment.Job instance at 0x7f9a8de2c280>,29,3,[7 3],40,82,85,42,56
1,<environment.Job instance at 0x7f9a8dab48c0>,20,16,[2 7],27,58,74,31,58
1,<environment.Job instance at 0x7f9a901ca0a0>,37,1,[10  3],53,85,86,32,71
1,<environment.Job instance at 0x7f9a8db8e0a0>,38,1,[5 4],55,86,87,31,71
1,<environment.Job instance at 0x7f9a901d9c30>,41,14,[10  3],61,87,101,26,82
1,<environment.Job instance at 0x7f9a8df72550>,47,16,[3 9],70,101,117,31,96
1,<environment.Job instance at 0x7f9a90514370>,49,1,[ 5 10],72,117,118,45,96
1,<environment.Job instance at 0x7f9a90514d70>,51,14,[9 2],74,118,132,44,103
1,<environment.Job instance at 0x7f9a4a205050>,13,2,[ 2 10],21,21,23,0,21
1,<environment.Job instance at 0x7f9a4a43db40>,14,16,[5 9],22,23,39,1,22
1,<environment.Job instance at 0x7f9a94ebe9b0>,19,14,[8 3],28,42,56,14,42
1,<environment.Job instance at 0x7f9a8d9ea050>,20,17,[1 8],29,56,73,27,44
1,<environment.Job instance at 0x7f9a4a20dd20>,24,22,[10  4],37,73,95,36,73
1,<environment.Job instance at 0x7f9a906a04b0>,26,15,[2 8],39,95,110,56,81
1,<environment.Job instance at 0x7f9a8df16820>,39,13,[8 2],58,110,123,52,110
1,<environment.Job instance at 0x7f9a4a421a00>,42,25,[2 5],63,110,135,47,110
1,<environment.Job instance at 0x7f9a49f23d70>,3,15,[5 2],7,7,22,0,7
1,<environment.Job instance at 0x7f9a49fb8af0>,6,16,[2 5],12,12,28,0,12
1,<environment.Job instance at 0x7f9a49faa4b0>,15,1,[7 4],22,23,24,1,23
1,<environment.Job instance at 0x7f9a49faa7d0>,19,13,[7 3],26,27,40,1,27
1,<environment.Job instance at 0x7f9a49faa5f0>,18,18,[1 5],25,28,46,3,28
1,<environment.Job instance at 0x7f9a49faa3c0>,14,18,[3 9],21,46,64,25,35
1,<environment.Job instance at 0x7f9a49fa7050>,27,2,[4 9],36,64,66,28,43
1,<environment.Job instance at 0x7f9a49fa7820>,31,16,[1 9],41,66,82,25,53
1,<environment.Job instance at 0x7f9a49fa79b0>,34,17,[9 1],44,66,83,22,56
1,<environment.Job instance at 0x7f9a49fa7780>,30,15,[5 2],39,83,98,44,71
1,<environment.Job instance at 0x7f9a49faa9b0>,20,17,[3 5],27,83,100,56,80
1,<environment.Job instance at 0x7f9a49f802d0>,48,18,[5 3],65,98,116,33,87
1,<environment.Job instance at 0x7f9a49f80cd0>,54,13,[6 2],74,116,129,42,112
1,<environment.Job instance at 0x7f9a49fb6640>,63,18,[5 7],92,129,147,37,119
1,<environment.Job instance at 0x7f9a8e01f8c0>,15,21,[5 5],26,40,61,14,40
1,<environment.Job instance at 0x7f9a8e01f550>,21,12,[ 1 10],34,61,73,27,54
1,<environment.Job instance at 0x7f9a950fc690>,25,1,[5 5],38,57,58,19,57
1,<environment.Job instance at 0x7f9a8e01fdc0>,13,14,[4 9],24,73,87,49,58
1,<environment.Job instance at 0x7f9a902f53c0>,31,12,[10  3],47,87,99,40,71
1,<environment.Job instance at 0x7f9a8e01f280>,20,13,[5 7],33,99,112,66,85
1,<environment.Job instance at 0x7f9a8e01f3c0>,19,16,[4 8],32,112,128,80,111
1,<environment.Job instance at 0x7f9a49d13640>,41,17,[3 6],64,128,145,64,116
1,<environment.Job instance at 0x7f9a8da59640>,0,14,[1 8],2,2,16,0,2
1,<environment.Job instance at 0x7f9a8dbf7cd0>,6,18,[5 1],14,15,33,1,15
1,<environment.Job instance at 0x7f9a94e7b0a0>,15,15,[4 5],26,27,42,1,27
1,<environment.Job instance at 0x7f9a8dbd5320>,11,13,[1 8],22,42,55,20,31
1,<environment.Job instance at 0x7f9a94e7b820>,18,13,[3 6],34,55,68,21,42
1,<environment.Job instance at 0x7f9a4a050eb0>,23,17,[3 5],42,68,85,26,56
1,<environment.Job instance at 0x7f9a4a050d20>,28,16,[7 3],49,59,75,10,59
1,<environment.Job instance at 0x7f9a906a09b0>,32,13,[8 2],53,85,98,32,72
1,<environment.Job instance at 0x7f9a94e7baf0>,13,17,[8 4],24,98,115,74,87
1,<environment.Job instance at 0x7f9a49e58be0>,43,13,[ 3 10],66,115,128,49,101
1,<environment.Job instance at 0x7f9a49e58870>,47,16,[7 4],70,128,144,58,116
1,<environment.Job instance at 0x7f9a8dcec5a0>,58,14,[5 7],81,144,158,63,129
1,<environment.Job instance at 0x7f9a4a01e140>,0,27,[5 7],2,5,32,3,5
1,<environment.Job instance at 0x7f9a49b95a50>,4,14,[10  4],6,32,46,26,17
1,<environment.Job instance at 0x7f9a8dcef640>,18,13,[9 1],29,46,59,17,30
1,<environment.Job instance at 0x7f9a49b8d370>,20,12,[3 9],32,59,71,27,44
1,<environment.Job instance at 0x7f9a9015a370>,23,18,[2 5],35,71,89,36,60
1,<environment.Job instance at 0x7f9a49bb52d0>,25,14,[7 5],38,73,87,35,73
1,<environment.Job instance at 0x7f9a90163640>,30,2,[5 2],46,87,89,41,73
1,<environment.Job instance at 0x7f9a9013b320>,31,2,[6 3],49,89,91,40,73
1,<environment.Job instance at 0x7f9a8df95be0>,34,2,[10  3],53,91,93,38,80
1,<environment.Job instance at 0x7f9a9055ef00>,36,17,[5 9],56,93,110,37,82
1,<environment.Job instance at 0x7f9a49e32370>,44,1,[5 8],68,110,111,42,109
1,<environment.Job instance at 0x7f9a4a2f3a50>,47,13,[6 3],73,111,124,38,111
1,<environment.Job instance at 0x7f9a8ddd5370>,45,18,[6 5],69,126,144,57,126
1,<environment.Job instance at 0x7f9a8dbd5140>,3,15,[ 4 10],6,6,21,0,6
1,<environment.Job instance at 0x7f9a49cfa780>,10,17,[2 7],14,21,38,7,16
1,<environment.Job instance at 0x7f9a907ad320>,17,13,[1 5],29,38,51,9,29
1,<environment.Job instance at 0x7f9a904c6dc0>,22,14,[4 6],37,51,65,14,38
1,<environment.Job instance at 0x7f9a90146f50>,24,13,[5 8],39,65,78,26,54
1,<environment.Job instance at 0x7f9a90591280>,36,1,[5 5],54,78,79,24,75
1,<environment.Job instance at 0x7f9a905911e0>,37,18,[ 4 10],55,79,97,24,75
1,<environment.Job instance at 0x7f9a905912d0>,41,13,[6 2],59,97,110,38,81
1,<environment.Job instance at 0x7f9a8dfbf0a0>,27,25,[8 1],44,110,135,66,108
1,<environment.Job instance at 0x7f9a4a3a99b0>,51,2,[1 7],72,110,112,38,110
1,<environment.Job instance at 0x7f9a4a3a9370>,53,17,[5 8],75,135,152,60,123
1,<environment.Job instance at 0x7f9a8d9c1a50>,0,13,[7 4],1,1,14,0,1
1,<environment.Job instance at 0x7f9a4a260690>,3,18,[6 5],5,14,32,9,7
1,<environment.Job instance at 0x7f9a49e7bb40>,12,23,[4 6],19,32,55,13,26
1,<environment.Job instance at 0x7f9a49e7b820>,19,15,[6 3],28,38,53,10,38
1,<environment.Job instance at 0x7f9a49e7b550>,13,3,[8 3],20,55,58,35,38
1,<environment.Job instance at 0x7f9a49e7beb0>,24,14,[10  5],38,58,72,20,45
1,<environment.Job instance at 0x7f9a49c754b0>,27,3,[7 5],41,72,75,31,57
1,<environment.Job instance at 0x7f9a49e7b5a0>,15,13,[ 4 10],23,75,88,52,59
1,<environment.Job instance at 0x7f9a49c75dc0>,35,16,[5 5],52,88,104,36,78
1,<environment.Job instance at 0x7f9a4a089280>,39,25,[5 5],56,88,113,32,88
1,<environment.Job instance at 0x7f9a49c66550>,53,16,[5 5],76,104,120,28,93
1,<environment.Job instance at 0x7f9a49c75f00>,32,23,[3 5],49,113,136,64,110
1,<environment.Job instance at 0x7f9a4a0a3b40>,63,15,[3 9],91,136,151,45,122
1,<environment.Job instance at 0x7f9a49bef910>,0,1,[4 7],1,1,2,0,1
1,<environment.Job instance at 0x7f9a49be6d20>,1,12,[6 4],2,2,14,0,2
1,<environment.Job instance at 0x7f9a49beffa0>,3,19,[2 8],5,20,39,15,20
1,<environment.Job instance at 0x7f9a8dcdbe60>,16,12,[5 9],22,39,51,17,25
1,<environment.Job instance at 0x7f9a8dcd20f0>,24,17,[7 4],30,51,68,21,44
1,<environment.Job instance at 0x7f9a8d99c050>,33,15,[5 5],39,68,83,29,60
1,<environment.Job instance at 0x7f9a8da183c0>,42,15,[ 1 10],53,83,98,30,70
1,<environment.Job instance at 0x7f9a90538460>,46,18,[8 4],60,98,116,38,92
1,<environment.Job instance at 0x7f9a9053df00>,49,15,[1 6],73,100,115,27,100
1,<environment.Job instance at 0x7f9a8d9997d0>,29,16,[3 8],35,116,132,81,104
1,<environment.Job instance at 0x7f9a9054a140>,59,15,[5 5],90,132,147,42,118
1,<environment.Job instance at 0x7f9a905352d0>,60,12,[3 5],94,132,144,38,118
1,<environment.Job instance at 0x7f9a90268f00>,3,24,[ 1 10],7,8,32,1,8
1,<environment.Job instance at 0x7f9a49c79d20>,11,15,[10  5],22,32,47,10,23
1,<environment.Job instance at 0x7f9a8d9350f0>,20,16,[5 5],34,47,63,13,46
1,<environment.Job instance at 0x7f9a49c799b0>,9,26,[2 5],20,59,85,39,59
1,<environment.Job instance at 0x7f9a906c1f00>,21,12,[7 3],35,69,81,34,69
1,<environment.Job instance at 0x7f9a90828870>,26,18,[1 8],42,85,103,43,75
1,<environment.Job instance at 0x7f9a8dc41280>,39,16,[5 5],57,103,119,46,102
1,<environment.Job instance at 0x7f9a8dc41b90>,41,15,[5 8],59,119,134,60,105
1,<environment.Job instance at 0x7f9a8dc41910>,44,17,[3 5],65,134,151,69,122
1,<environment.Job instance at 0x7f9a8dc6aaf0>,1,18,[3 9],2,4,22,2,4
1,<environment.Job instance at 0x7f9a906612d0>,13,1,[2 7],17,22,23,5,18
1,<environment.Job instance at 0x7f9a90661370>,12,21,[3 6],16,23,44,7,18
1,<environment.Job instance at 0x7f9a90661640>,3,15,[1 5],4,44,59,40,30
1,<environment.Job instance at 0x7f9a49e8bf50>,19,12,[10  4],25,59,71,34,44
1,<environment.Job instance at 0x7f9a49e8b9b0>,26,3,[4 5],37,71,74,34,57
1,<environment.Job instance at 0x7f9a9063f4b0>,31,2,[4 9],43,74,76,31,57
1,<environment.Job instance at 0x7f9a9063f910>,33,17,[9 3],45,76,93,31,64
1,<environment.Job instance at 0x7f9a4a346cd0>,40,3,[6 1],54,96,99,42,96
1,<environment.Job instance at 0x7f9a4a346550>,41,1,[4 6],55,96,97,41,96
1,<environment.Job instance at 0x7f9a906616e0>,14,12,[ 4 10],18,99,111,81,96
1,<environment.Job instance at 0x7f9a4a346b40>,45,15,[7 1],59,111,126,52,106
1,<environment.Job instance at 0x7f9a90672870>,46,20,[ 1 10],61,126,146,65,118
1,<environment.Job instance at 0x7f9a8dfa0550>,2,3,[4 7],4,4,7,0,4
1,<environment.Job instance at 0x7f9a8df8fbe0>,9,13,[1 7],16,17,30,1,17
1,<environment.Job instance at 0x7f9a8e023a00>,10,3,[9 3],17,17,20,0,17
1,<environment.Job instance at 0x7f9a4a4a8960>,12,16,[2 8],20,30,46,10,20
1,<environment.Job instance at 0x7f9a8df71b90>,14,1,[2 7],22,46,47,24,22
1,<environment.Job instance at 0x7f9a8d96f550>,8,15,[6 1],15,24,39,9,24
1,<environment.Job instance at 0x7f9a4a260c80>,25,14,[8 4],37,47,61,10,42
1,<environment.Job instance at 0x7f9a4a260460>,26,17,[9 2],39,61,78,22,51
1,<environment.Job instance at 0x7f9a8e0a2870>,17,18,[4 9],26,78,96,52,73
1,<environment.Job instance at 0x7f9a908610a0>,43,16,[1 7],60,99,115,39,99
1,<environment.Job instance at 0x7f9a9082c320>,48,13,[10  1],67,116,129,49,116
1,<environment.Job instance at 0x7f9a8dd1c370>,4,18,[8 1],6,129,147,123,119
1,<environment.Job instance at 0x7f2281cb82d0>,2,12,[5 4],3,3,15,0,3
1,<environment.Job instance at 0x7f2281d41780>,3,13,[3 8],5,15,28,10,5
1,<environment.Job instance at 0x7f227cb59410>,5,18,[7 5],7,28,46,21,27
1,<environment.Job instance at 0x7f227cb59870>,13,2,[7 3],18,46,48,28,40
1,<environment.Job instance at 0x7f227cb595a0>,14,2,[2 7],19,46,48,27,42
1,<environment.Job instance at 0x7f227cb59a50>,15,1,[7 3],21,48,49,27,42
1,<environment.Job instance at 0x7f227cb59c30>,20,22,[8 2],26,49,71,23,43
1,<environment.Job instance at 0x7f227cb59640>,9,17,[1 7],12,56,73,44,56
1,<environment.Job instance at 0x7f227cb5e280>,27,17,[5 9],36,73,90,37,66
1,<environment.Job instance at 0x7f227cb5e870>,32,2,[5 3],42,90,92,48,90
1,<environment.Job instance at 0x7f227cb5ea00>,33,3,[9 5],43,92,95,49,92
1,<environment.Job instance at 0x7f227cb5e730>,31,16,[9 3],41,95,111,54,92
1,<environment.Job instance at 0x7f227cb5d230>,39,1,[1 8],51,111,112,60,101
1,<environment.Job instance at 0x7f227cb5d140>,40,14,[6 1],52,111,125,59,101
1,<environment.Job instance at 0x7f227cb5eeb0>,36,14,[5 5],48,125,139,77,110
1,<environment.Job instance at 0x7f227cb5e1e0>,29,28,[4 5],39,124,152,85,124
1,<environment.Job instance at 0x7f227cb5db40>,1,2,[1 7],3,3,5,0,3
1,<environment.Job instance at 0x7f2281ce0e10>,3,18,[5 3],7,7,25,0,7
1,<environment.Job instance at 0x7f2281e27140>,9,14,[9 1],14,25,39,11,14
1,<environment.Job instance at 0x7f2281e2e690>,17,15,[9 1],28,39,54,11,36
1,<environment.Job instance at 0x7f2281e25af0>,21,16,[7 1],32,54,70,22,42
1,<environment.Job instance at 0x7f2281d3f1e0>,40,1,[2 5],67,67,68,0,67
1,<environment.Job instance at 0x7f2281d3f320>,41,16,[1 9],68,69,85,1,69
1,<environment.Job instance at 0x7f2281e32e60>,45,15,[7 2],75,85,100,10,75
1,<environment.Job instance at 0x7f2281e32050>,48,16,[3 6],79,85,101,6,81
1,<environment.Job instance at 0x7f227c967280>,51,1,[5 2],82,100,101,18,88
1,<environment.Job instance at 0x7f2281d3cfa0>,52,13,[4 5],83,101,114,18,94
1,<environment.Job instance at 0x7f2281d3ceb0>,53,2,[10  3],85,114,116,29,94
1,<environment.Job instance at 0x7f2281e29140>,30,17,[5 6],44,116,133,72,104
1,<environment.Job instance at 0x7f2238e5a690>,60,14,[5 3],94,117,131,23,117
1,<environment.Job instance at 0x7f2238e4a1e0>,63,16,[7 5],102,133,149,31,120
1,<environment.Job instance at 0x7f2238e0a050>,69,17,[4 9],110,149,166,39,137
1,<environment.Job instance at 0x7f2238e6b0f0>,0,13,[5 1],1,1,14,0,1
1,<environment.Job instance at 0x7f2238db0820>,6,12,[6 1],12,14,26,2,12
1,<environment.Job instance at 0x7f2238db0c30>,7,17,[3 9],13,14,31,1,14
1,<environment.Job instance at 0x7f2238db01e0>,10,14,[2 9],16,31,45,15,18
1,<environment.Job instance at 0x7f2238e0abe0>,17,3,[5 3],26,45,48,19,29
1,<environment.Job instance at 0x7f2238e6d820>,19,17,[8 2],28,48,65,20,36
1,<environment.Job instance at 0x7f2238e0d550>,25,20,[5 2],37,65,85,28,57
1,<environment.Job instance at 0x7f227c9e1230>,30,18,[3 8],44,65,83,21,62
1,<environment.Job instance at 0x7f2238de0af0>,33,14,[5 7],49,83,97,34,80
1,<environment.Job instance at 0x7f2238e6b140>,5,14,[10  5],10,97,111,87,83
1,<environment.Job instance at 0x7f2238f37b90>,41,23,[5 5],64,111,134,47,105
1,<environment.Job instance at 0x7f2238db6e10>,49,12,[1 8],72,134,146,62,117
1,<environment.Job instance at 0x7f2238da61e0>,53,14,[9 2],78,134,148,56,127
1,<environment.Job instance at 0x7f2238da61e0>,2,17,[4 8],3,3,20,0,3
1,<environment.Job instance at 0x7f22394785f0>,5,2,[9 3],6,20,22,14,6
1,<environment.Job instance at 0x7f2238ef9c30>,6,15,[7 4],7,22,37,15,8
1,<environment.Job instance at 0x7f2239422370>,11,2,[1 7],13,20,22,7,14
1,<environment.Job instance at 0x7f2239422eb0>,12,3,[8 4],14,37,40,23,15
1,<environment.Job instance at 0x7f2238ef9aa0>,8,20,[2 6],10,26,46,16,26
1,<environment.Job instance at 0x7f2238f31f00>,18,3,[6 2],25,40,43,15,32
1,<environment.Job instance at 0x7f2239200b90>,25,2,[7 2],36,43,45,7,41
1,<environment.Job instance at 0x7f2238da4550>,28,14,[ 3 10],44,46,60,2,44
1,<environment.Job instance at 0x7f22392b2690>,29,12,[2 6],45,60,72,15,45
1,<environment.Job instance at 0x7f227cf998c0>,34,18,[4 7],51,72,90,21,62
1,<environment.Job instance at 0x7f2239310a00>,46,18,[8 1],66,90,108,24,85
1,<environment.Job instance at 0x7f2238f1afa0>,47,16,[4 9],68,108,124,40,95
1,<environment.Job instance at 0x7f2239200f50>,26,16,[5 7],37,124,140,87,123
1,<environment.Job instance at 0x7f2281e2be60>,56,16,[4 9],83,140,156,57,134
1,<environment.Job instance at 0x7f227cb9bc30>,2,1,[5 2],3,3,4,0,3
1,<environment.Job instance at 0x7f227c971190>,4,16,[10  5],5,5,21,0,5
1,<environment.Job instance at 0x7f227cac5870>,12,18,[2 6],15,21,39,6,15
1,<environment.Job instance at 0x7f227cf91c80>,14,17,[2 7],17,39,56,22,27
1,<environment.Job instance at 0x7f227c973be0>,27,13,[ 1 10],39,56,69,17,41
1,<environment.Job instance at 0x7f227c973b40>,29,19,[5 3],41,69,88,28,59
1,<environment.Job instance at 0x7f227c95e8c0>,28,12,[5 4],40,69,81,29,64
1,<environment.Job instance at 0x7f227c95f7d0>,40,14,[3 6],56,81,95,25,70
1,<environment.Job instance at 0x7f227c95feb0>,43,15,[ 5 10],59,95,110,36,83
1,<environment.Job instance at 0x7f2239166460>,49,15,[2 7],69,110,125,41,96
1,<environment.Job instance at 0x7f223918a140>,53,25,[7 3],73,110,135,37,108
1,<environment.Job instance at 0x7f2239518140>,57,14,[5 1],79,135,149,56,120
1,<environment.Job instance at 0x7f22394f6a50>,61,1,[1 5],85,125,126,40,121
1,<environment.Job instance at 0x7f22394f6d20>,62,1,[1 6],86,126,127,40,121
1,<environment.Job instance at 0x7f22394f6730>,63,3,[4 8],88,135,138,47,121
1,<environment.Job instance at 0x7f227c973e60>,26,17,[5 9],36,138,155,102,131
1,<environment.Job instance at 0x7f2281532d70>,1,18,[9 4],2,2,20,0,2
1,<environment.Job instance at 0x7f2281532910>,10,1,[8 3],13,20,21,7,18
1,<environment.Job instance at 0x7f2281532410>,12,12,[4 7],15,21,33,6,20
1,<environment.Job instance at 0x7f223920e6e0>,16,12,[7 4],20,33,45,13,25
1,<environment.Job instance at 0x7f22391e6b90>,29,18,[3 6],34,66,84,32,66
1,<environment.Job instance at 0x7f22391e6e60>,32,13,[5 2],39,67,80,28,67
1,<environment.Job instance at 0x7f22391e66e0>,34,18,[ 1 10],41,84,102,43,81
1,<environment.Job instance at 0x7f22815f7d20>,41,1,[5 2],50,102,103,52,87
1,<environment.Job instance at 0x7f2281607c30>,42,18,[10  3],51,103,121,52,92
1,<environment.Job instance at 0x7f22391e6dc0>,35,14,[7 5],42,121,135,79,115
1,<environment.Job instance at 0x7f227d020be0>,2,18,[8 3],3,3,21,0,3
1,<environment.Job instance at 0x7f22391a2410>,9,17,[2 6],11,12,29,1,12
1,<environment.Job instance at 0x7f22392f6960>,7,13,[4 5],9,29,42,20,20
1,<environment.Job instance at 0x7f227cce96e0>,11,13,[5 7],16,42,55,26,27
1,<environment.Job instance at 0x7f22816a5d70>,20,16,[2 7],29,55,71,26,45
1,<environment.Job instance at 0x7f2239331550>,26,24,[10  4],42,71,95,29,66
1,<environment.Job instance at 0x7f22390290a0>,36,18,[10  1],53,95,113,42,84
1,<environment.Job instance at 0x7f22392bde60>,41,2,[3 5],59,113,115,54,91
1,<environment.Job instance at 0x7f22392bdbe0>,42,16,[7 5],61,113,129,52,101
1,<environment.Job instance at 0x7f2239212190>,54,14,[9 5],78,129,143,51,117
1,<environment.Job instance at 0x7f2238fb10f0>,56,2,[2 7],80,143,145,63,117
1,<environment.Job instance at 0x7f2238fb1e60>,58,1,[6 3],82,143,144,61,123
1,<environment.Job instance at 0x7f2238fb1f00>,59,16,[5 3],83,144,160,61,131
1,<environment.Job instance at 0x7f2238fd5a00>,1,12,[5 8],2,2,14,0,2
1,<environment.Job instance at 0x7f2238fd5be0>,2,16,[4 5],4,14,30,10,4
1,<environment.Job instance at 0x7f2238df2410>,14,16,[6 2],23,29,45,6,29
1,<environment.Job instance at 0x7f2238e0b5f0>,26,18,[9 1],43,45,63,2,43
1,<environment.Job instance at 0x7f2238e0b230>,23,1,[5 1],39,63,64,24,56
1,<environment.Job instance at 0x7f2238df2640>,13,19,[9 4],21,64,83,43,57
1,<environment.Job instance at 0x7f2238e0ba00>,31,18,[1 5],50,59,77,9,59
1,<environment.Job instance at 0x7f2238e0bd20>,35,1,[9 4],56,83,84,27,63
1,<environment.Job instance at 0x7f2238e0baa0>,32,1,[3 9],52,84,85,32,75
1,<environment.Job instance at 0x7f2238e173c0>,39,22,[9 1],61,85,107,24,78
1,<environment.Job instance at 0x7f2238e17730>,43,14,[4 7],66,107,121,41,92
1,<environment.Job instance at 0x7f2238e17e10>,52,16,[3 7],80,121,137,41,120
1,<environment.Job instance at 0x7f2238e171e0>,38,12,[10  1],60,137,149,77,122
1,<environment.Job instance at 0x7f2238e1e050>,54,18,[9 5],82,149,167,67,138
1,<environment.Job instance at 0x7f2238e1e3c0>,3,14,[ 1 10],4,4,18,0,4
1,<environment.Job instance at 0x7f227caa60a0>,16,12,[9 5],19,30,42,11,30
1,<environment.Job instance at 0x7f227caa67d0>,14,15,[9 4],17,42,57,25,32
1,<environment.Job instance at 0x7f227ce1d8c0>,25,17,[5 7],33,58,75,25,58
1,<environment.Job instance at 0x7f2281151820>,26,17,[5 5],34,75,92,41,63
1,<environment.Job instance at 0x7f22816682d0>,24,15,[6 1],32,92,107,60,81
1,<environment.Job instance at 0x7f2281222140>,31,18,[8 3],39,107,125,68,96
1,<environment.Job instance at 0x7f2281345aa0>,42,2,[7 1],56,125,127,69,98
1,<environment.Job instance at 0x7f228147f280>,27,17,[4 6],35,127,144,92,123
1,<environment.Job instance at 0x7f227cabaf50>,51,2,[ 2 10],71,144,146,73,127
1,<environment.Job instance at 0x7f227caba320>,52,16,[5 9],72,146,162,74,133
1,<environment.Job instance at 0x7f227d00ef00>,0,18,[2 7],1,1,19,0,1
1,<environment.Job instance at 0x7f2281660c80>,4,15,[4 6],8,19,34,11,8
1,<environment.Job instance at 0x7f227cce9370>,13,13,[9 1],19,34,47,15,21
1,<environment.Job instance at 0x7f223901afa0>,21,17,[2 6],37,47,64,10,43
1,<environment.Job instance at 0x7f227cf8db40>,23,2,[6 5],39,64,66,25,43
1,<environment.Job instance at 0x7f2239266cd0>,26,2,[6 1],46,49,51,3,49
1,<environment.Job instance at 0x7f223915dfa0>,27,15,[5 2],47,66,81,19,52
1,<environment.Job instance at 0x7f223915d690>,34,1,[2 6],56,66,67,10,66
1,<environment.Job instance at 0x7f223915d7d0>,36,3,[7 5],59,81,84,22,67
1,<environment.Job instance at 0x7f227cfb6370>,20,16,[1 9],36,84,100,48,73
1,<environment.Job instance at 0x7f227c9d1eb0>,16,13,[9 5],28,100,113,72,86
1,<environment.Job instance at 0x7f22393f6910>,42,18,[1 5],65,100,118,35,92
1,<environment.Job instance at 0x7f227ceab820>,54,15,[5 2],79,113,128,34,104
1,<environment.Job instance at 0x7f228173dcd0>,57,17,[9 3],83,128,145,45,116
1,<environment.Job instance at 0x7f2238da1f50>,4,17,[9 1],9,9,26,0,9
1,<environment.Job instance at 0x7f2238daa3c0>,9,21,[ 4 10],18,26,47,8,23
1,<environment.Job instance at 0x7f2238daaaa0>,19,13,[2 8],34,47,60,13,36
1,<environment.Job instance at 0x7f2238daadc0>,20,14,[8 1],36,47,61,11,36
1,<environment.Job instance at 0x7f2238dc5550>,25,16,[ 4 10],48,61,77,13,54
1,<environment.Job instance at 0x7f2238dc5b40>,31,1,[1 9],55,60,61,5,60
1,<environment.Job instance at 0x7f2238dc5b90>,32,21,[5 5],56,77,98,21,69
1,<environment.Job instance at 0x7f2238da30f0>,37,13,[5 7],63,98,111,35,82
1,<environment.Job instance at 0x7f2238da3190>,45,15,[ 4 10],72,111,126,39,97
1,<environment.Job instance at 0x7f2238da3c30>,50,13,[5 4],80,126,139,46,115
1,<environment.Job instance at 0x7f2238da3c80>,53,12,[5 9],83,139,151,56,136
1,<environment.Job instance at 0x7f227cb9bf50>,2,23,[6 3],4,4,27,0,4
1,<environment.Job instance at 0x7f227cb9b140>,3,16,[2 9],5,27,43,22,16
1,<environment.Job instance at 0x7f22815181e0>,17,17,[7 3],23,43,60,20,31
1,<environment.Job instance at 0x7f2239518870>,30,14,[ 5 10],45,78,92,33,78
1,<environment.Job instance at 0x7f2239518410>,34,13,[3 6],54,92,105,38,80
1,<environment.Job instance at 0x7f2239518050>,31,15,[4 5],46,105,120,59,91
1,<environment.Job instance at 0x7f2239518c30>,39,17,[3 5],62,105,122,43,99
1,<environment.Job instance at 0x7f2239223c80>,46,13,[10  4],71,134,147,63,134
1,<environment.Job instance at 0x7f2238cada00>,0,17,[10  4],2,2,19,0,2
1,<environment.Job instance at 0x7f2281689780>,3,1,[4 7],7,19,20,12,7
1,<environment.Job instance at 0x7f227ca41e60>,10,12,[2 8],15,20,32,5,16
1,<environment.Job instance at 0x7f227ca41aa0>,13,17,[ 4 10],18,32,49,14,23
1,<environment.Job instance at 0x7f2238d41910>,21,1,[4 9],34,49,50,15,34
1,<environment.Job instance at 0x7f2238d41b90>,22,14,[8 5],35,50,64,15,35
1,<environment.Job instance at 0x7f2238d41f00>,25,13,[9 1],39,64,77,25,48
1,<environment.Job instance at 0x7f2238ce6a50>,29,16,[5 5],44,77,93,33,73
1,<environment.Job instance at 0x7f2238ce6640>,32,14,[7 5],48,93,107,45,78
1,<environment.Job instance at 0x7f2238d2eeb0>,39,13,[ 5 10],60,107,120,47,95
1,<environment.Job instance at 0x7f2238d2e640>,40,18,[6 2],62,120,138,58,109
1,<environment.Job instance at 0x7f2238d41050>,28,15,[1 8],43,120,135,77,116
1,<environment.Job instance at 0x7f227cb646e0>,47,2,[5 5],72,138,140,66,122
1,<environment.Job instance at 0x7f227cb64d20>,52,18,[6 5],79,140,158,61,131
1,<environment.Job instance at 0x7f22392f6370>,3,15,[ 4 10],6,6,21,0,6
1,<environment.Job instance at 0x7f227cb64dc0>,4,13,[2 8],8,21,34,13,8
1,<environment.Job instance at 0x7f2281190460>,14,14,[ 1 10],21,34,48,13,22
1,<environment.Job instance at 0x7f2281157d20>,20,17,[3 8],32,48,65,16,40
1,<environment.Job instance at 0x7f228117b640>,22,14,[4 6],37,65,79,28,58
1,<environment.Job instance at 0x7f22816caa50>,29,16,[1 5],46,98,114,52,98
1,<environment.Job instance at 0x7f223922d140>,33,3,[5 1],51,111,114,60,111
1,<environment.Job instance at 0x7f2238d97af0>,37,18,[ 4 10],55,123,141,68,123
1,<environment.Job instance at 0x7f2281482550>,39,15,[ 3 10],57,141,156,84,127
1,<environment.Job instance at 0x7f2281bb4be0>,0,16,[6 4],1,1,17,0,1
1,<environment.Job instance at 0x7f2281448c80>,6,23,[4 6],9,28,51,19,28
1,<environment.Job instance at 0x7f2239026780>,25,16,[4 8],37,51,67,14,39
1,<environment.Job instance at 0x7f22390262d0>,30,14,[ 3 10],43,67,81,24,54
1,<environment.Job instance at 0x7f227cc2f6e0>,12,18,[10  1],16,81,99,65,72
1,<environment.Job instance at 0x7f2281294190>,47,16,[5 5],66,99,115,33,88
1,<environment.Job instance at 0x7f22391be1e0>,56,14,[9 1],80,115,129,35,105
1,<environment.Job instance at 0x7f223915f960>,18,14,[10  5],28,129,143,101,118
1,<environment.Job instance at 0x7f22392aeeb0>,66,13,[ 2 10],96,143,156,47,134
1,<environment.Job instance at 0x7f22390abc30>,1,12,[5 9],2,2,14,0,2
1,<environment.Job instance at 0x7f2239082960>,8,12,[2 5],9,14,26,5,9
1,<environment.Job instance at 0x7f22390822d0>,9,17,[7 4],10,14,31,4,10
1,<environment.Job instance at 0x7f2239082c80>,14,16,[3 8],15,31,47,16,19
1,<environment.Job instance at 0x7f2238b41410>,20,17,[5 7],21,47,64,26,40
1,<environment.Job instance at 0x7f2238b41d20>,24,12,[7 3],28,64,76,36,52
1,<environment.Job instance at 0x7f2238b41b40>,27,15,[ 1 10],33,76,91,43,62
1,<environment.Job instance at 0x7f2238ae2b40>,44,15,[5 5],70,91,106,21,78
1,<environment.Job instance at 0x7f2238ae2eb0>,45,12,[3 5],74,91,103,17,83
1,<environment.Job instance at 0x7f2238b40870>,39,18,[1 6],60,106,124,46,99
1,<environment.Job instance at 0x7f2238b5dd20>,52,18,[7 1],86,106,124,20,104
1,<environment.Job instance at 0x7f2238b5da50>,54,13,[2 5],89,124,137,35,109
1,<environment.Job instance at 0x7f2238b5d6e0>,59,12,[5 3],97,124,136,27,120
1,<environment.Job instance at 0x7f2238b5d4b0>,50,16,[4 8],82,137,153,55,124
1,<environment.Job instance at 0x7f2238aebb40>,3,12,[7 3],5,12,24,7,12
1,<environment.Job instance at 0x7f227cc53b40>,8,18,[1 8],12,24,42,12,13
1,<environment.Job instance at 0x7f227cc53aa0>,9,20,[9 1],13,27,47,14,27
1,<environment.Job instance at 0x7f2238ce6eb0>,2,16,[5 5],4,47,63,43,38
1,<environment.Job instance at 0x7f2281157730>,22,1,[10  1],28,63,64,35,38
1,<environment.Job instance at 0x7f227cc65f50>,15,1,[ 2 10],21,64,65,43,43
1,<environment.Job instance at 0x7f227cc8c550>,21,16,[5 5],27,47,63,20,43
1,<environment.Job instance at 0x7f2281157e10>,23,15,[5 8],29,65,80,36,52
1,<environment.Job instance at 0x7f227cc60e10>,26,17,[3 5],35,80,97,45,68
1,<environment.Job instance at 0x7f2238ebb230>,35,13,[2 6],47,97,110,50,81
1,<environment.Job instance at 0x7f2238ea6230>,40,16,[7 4],55,85,101,30,85
1,<environment.Job instance at 0x7f2238ce6690>,4,15,[9 4],7,110,125,103,97
1,<environment.Job instance at 0x7f2238b3d230>,45,2,[1 7],65,125,127,60,100
1,<environment.Job instance at 0x7f227cdaa050>,0,1,[7 2],1,1,2,0,1
1,<environment.Job instance at 0x7f228158b230>,4,17,[9 3],5,5,22,0,5
1,<environment.Job instance at 0x7f2281606e60>,11,3,[6 1],14,31,34,17,31
1,<environment.Job instance at 0x7f2238ce6dc0>,14,17,[3 5],17,31,48,14,31
1,<environment.Job instance at 0x7f227cb5e820>,7,14,[1 9],8,48,62,40,35
1,<environment.Job instance at 0x7f228158bf00>,8,12,[5 1],9,36,48,27,36
1,<environment.Job instance at 0x7f22390bd2d0>,22,15,[10  1],26,62,77,36,50
1,<environment.Job instance at 0x7f2281671af0>,28,14,[8 2],34,77,91,43,69
1,<environment.Job instance at 0x7f227ca9b320>,39,3,[6 1],50,91,94,41,91
1,<environment.Job instance at 0x7f227ca9b9b0>,40,14,[5 6],51,94,108,43,91
1,<environment.Job instance at 0x7f2281671d70>,29,17,[ 2 10],35,108,125,73,98
1,<environment.Job instance at 0x7f227cf80190>,45,14,[2 8],61,125,139,64,110
1,<environment.Job instance at 0x7f227cf52320>,52,2,[3 8],70,139,141,69,122
1,<environment.Job instance at 0x7f227cb6eaa0>,0,14,[10  3],1,1,15,0,1
1,<environment.Job instance at 0x7f2238c49190>,9,21,[6 4],13,15,36,2,15
1,<environment.Job instance at 0x7f2238c49640>,12,13,[10  1],17,36,49,19,20
1,<environment.Job instance at 0x7f22817435f0>,17,15,[4 7],23,49,64,26,37
1,<environment.Job instance at 0x7f2281743af0>,19,14,[5 7],26,64,78,38,51
1,<environment.Job instance at 0x7f22817432d0>,24,1,[10  5],36,78,79,42,59
1,<environment.Job instance at 0x7f2281743410>,27,19,[5 5],40,79,98,39,70
1,<environment.Job instance at 0x7f227cf39370>,29,18,[3 5],43,79,97,36,71
1,<environment.Job instance at 0x7f2281456af0>,37,12,[2 6],58,98,110,40,83
1,<environment.Job instance at 0x7f22814567d0>,39,16,[8 1],60,98,114,38,85
1,<environment.Job instance at 0x7f2238c49f50>,7,16,[1 7],10,110,126,100,100
1,<environment.Job instance at 0x7f2238ba86e0>,42,16,[7 2],65,114,130,49,106
1,<environment.Job instance at 0x7f2238ba8dc0>,46,26,[1 7],69,126,152,57,123
1,<environment.Job instance at 0x7f2238ba8910>,52,17,[5 1],79,130,147,51,124
1,<environment.Job instance at 0x7f2238ba1230>,58,13,[2 7],94,152,165,58,139
1,<environment.Job instance at 0x7f2238e34dc0>,2,2,[2 7],6,6,8,0,6
1,<environment.Job instance at 0x7f227cf90e60>,4,2,[3 5],10,10,12,0,10
1,<environment.Job instance at 0x7f223912fd20>,6,12,[2 7],13,13,25,0,13
1,<environment.Job instance at 0x7f22811f2be0>,10,18,[1 9],17,25,43,8,25
1,<environment.Job instance at 0x7f2238ff5d70>,16,17,[ 1 10],25,43,60,18,36
1,<environment.Job instance at 0x7f227ce1fe10>,26,12,[8 3],37,60,72,23,48
1,<environment.Job instance at 0x7f227ce1f5f0>,24,15,[2 8],34,72,87,38,58
1,<environment.Job instance at 0x7f227ce1f690>,29,15,[ 5 10],40,87,102,47,74
1,<environment.Job instance at 0x7f2238c71690>,30,16,[5 5],42,102,118,60,93
1,<environment.Job instance at 0x7f227ce1e7d0>,45,13,[3 8],65,118,131,53,102
1,<environment.Job instance at 0x7f227ce1ef00>,49,14,[ 4 10],69,131,145,62,117
1,<environment.Job instance at 0x7f32614ed0f0>,0,18,[ 2 10],1,1,19,0,1
1,<environment.Job instance at 0x7f325a0deaf0>,18,16,[4 9],24,29,45,5,29
1,<environment.Job instance at 0x7f325a0e21e0>,20,22,[8 2],26,45,67,19,42
1,<environment.Job instance at 0x7f325a0e25f0>,27,17,[5 9],36,67,84,31,55
1,<environment.Job instance at 0x7f325a0e28c0>,30,14,[8 3],40,84,98,44,74
1,<environment.Job instance at 0x7f325a0de410>,6,19,[1 7],8,84,103,76,80
1,<environment.Job instance at 0x7f325a0de640>,10,28,[3 9],14,103,131,89,103
1,<environment.Job instance at 0x7f325a0e3b40>,50,15,[7 4],64,131,146,67,131
1,<environment.Job instance at 0x7f325a0e75f0>,56,14,[6 3],77,146,160,69,134
1,<environment.Job instance at 0x7f325a0e7780>,60,2,[1 5],83,137,139,54,137
1,<environment.Job instance at 0x7f325a0de550>,9,17,[1 7],12,146,163,134,137
1,<environment.Job instance at 0x7f325a0e7a50>,61,2,[7 2],84,160,162,76,137
1,<environment.Job instance at 0x7f325a0e7a00>,63,2,[2 7],87,163,165,76,137
1,<environment.Job instance at 0x7f3261654b90>,0,3,[1 6],1,1,4,0,1
1,<environment.Job instance at 0x7f3261654f00>,2,14,[9 1],4,4,18,0,4
1,<environment.Job instance at 0x7f3261516dc0>,11,15,[5 3],19,19,34,0,19
1,<environment.Job instance at 0x7f3261668e10>,20,18,[ 2 10],29,34,52,5,34
1,<environment.Job instance at 0x7f3261663410>,22,2,[9 1],31,52,54,21,34
1,<environment.Job instance at 0x7f3261663d70>,21,13,[4 7],30,54,67,24,38
1,<environment.Job instance at 0x7f32615143c0>,38,15,[7 2],65,67,82,2,65
1,<environment.Job instance at 0x7f3261514e10>,40,15,[8 5],68,82,97,14,68
1,<environment.Job instance at 0x7f3261663f00>,23,17,[5 6],34,97,114,63,85
1,<environment.Job instance at 0x7f32616670a0>,53,14,[5 3],84,97,111,13,95
1,<environment.Job instance at 0x7f32616670f0>,56,16,[7 5],92,114,130,22,101
1,<environment.Job instance at 0x7f3261657be0>,62,17,[4 9],100,130,147,30,123
1,<environment.Job instance at 0x7f3261660b90>,70,1,[9 1],116,147,148,31,134
1,<environment.Job instance at 0x7f3261661230>,49,18,[ 4 10],78,148,166,70,141
1,<environment.Job instance at 0x7f3216606320>,0,3,[7 2],2,2,5,0,2
1,<environment.Job instance at 0x7f3259f34230>,5,17,[8 2],8,8,25,0,8
1,<environment.Job instance at 0x7f3216337190>,8,23,[5 4],11,25,48,14,25
1,<environment.Job instance at 0x7f3216513f00>,16,18,[3 8],24,48,66,24,37
1,<environment.Job instance at 0x7f32163fe0a0>,28,17,[5 3],45,66,83,21,57
1,<environment.Job instance at 0x7f32163feaa0>,32,2,[5 1],49,74,76,25,74
1,<environment.Job instance at 0x7f32163fe5a0>,35,12,[1 8],52,83,95,31,74
1,<environment.Job instance at 0x7f3259f646e0>,39,14,[9 2],58,87,101,29,87
1,<environment.Job instance at 0x7f3216379410>,41,26,[7 2],61,109,135,48,109
1,<environment.Job instance at 0x7f321633a6e0>,46,16,[6 2],66,135,151,69,122
1,<environment.Job instance at 0x7f32163a15a0>,50,15,[1 5],71,139,154,68,139
1,<environment.Job instance at 0x7f325a225230>,0,3,[5 6],1,1,4,0,1
1,<environment.Job instance at 0x7f325a225eb0>,3,2,[7 2],6,6,8,0,6
1,<environment.Job instance at 0x7f3260a7d0a0>,5,2,[5 6],11,11,13,0,11
1,<environment.Job instance at 0x7f321687ed20>,6,14,[ 3 10],14,14,28,0,14
1,<environment.Job instance at 0x7f325a3ae5a0>,8,16,[8 5],16,28,44,12,25
1,<environment.Job instance at 0x7f32163bf690>,15,2,[ 2 10],27,44,46,17,27
1,<environment.Job instance at 0x7f325a08fa00>,17,3,[5 5],29,46,49,17,29
1,<environment.Job instance at 0x7f325a08fe10>,16,2,[7 3],28,49,51,21,29
1,<environment.Job instance at 0x7f325a134230>,18,2,[5 4],30,46,48,16,31
1,<environment.Job instance at 0x7f325a0e74b0>,25,16,[4 9],38,51,67,13,39
1,<environment.Job instance at 0x7f32163eaa00>,31,2,[6 3],48,67,69,19,54
1,<environment.Job instance at 0x7f325a101c80>,32,24,[3 6],49,67,91,18,66
1,<environment.Job instance at 0x7f3216505640>,39,2,[3 6],62,91,93,29,73
1,<environment.Job instance at 0x7f3216379460>,40,2,[2 5],63,93,95,30,73
1,<environment.Job instance at 0x7f3216379230>,43,14,[6 1],66,76,90,10,76
1,<environment.Job instance at 0x7f32163790a0>,44,13,[4 9],67,95,108,28,79
1,<environment.Job instance at 0x7f32163796e0>,46,16,[4 5],70,108,124,38,95
1,<environment.Job instance at 0x7f3216509910>,56,1,[10  2],83,124,125,41,110
1,<environment.Job instance at 0x7f3216509e60>,57,14,[5 1],85,110,124,25,110
1,<environment.Job instance at 0x7f321659e780>,51,12,[5 4],75,125,137,50,115
1,<environment.Job instance at 0x7f321632e230>,62,15,[2 8],93,137,152,44,123
1,<environment.Job instance at 0x7f321637f230>,66,18,[7 5],97,152,170,55,146
1,<environment.Job instance at 0x7f325a0882d0>,0,19,[5 3],1,1,20,0,1
1,<environment.Job instance at 0x7f3216a9deb0>,9,16,[2 9],14,20,36,6,15
1,<environment.Job instance at 0x7f3260a11af0>,14,15,[ 5 10],19,36,51,17,24
1,<environment.Job instance at 0x7f3260e638c0>,20,15,[2 7],29,51,66,22,43
1,<environment.Job instance at 0x7f3260e63460>,24,25,[7 3],33,53,78,20,53
1,<environment.Job instance at 0x7f3260e7afa0>,36,27,[8 2],51,78,105,27,76
1,<environment.Job instance at 0x7f3260e62c30>,46,12,[ 2 10],70,105,117,35,98
1,<environment.Job instance at 0x7f3216719e60>,50,23,[10  4],76,117,140,41,112
1,<environment.Job instance at 0x7f321671e1e0>,57,13,[5 7],85,140,153,55,124
1,<environment.Job instance at 0x7f3260e7f910>,47,15,[9 2],71,153,168,82,141
1,<environment.Job instance at 0x7f3260d3b190>,0,18,[10  3],1,1,19,0,1
1,<environment.Job instance at 0x7f3260d58af0>,17,17,[2 8],28,30,47,2,30
1,<environment.Job instance at 0x7f3260d2d550>,21,20,[ 4 10],34,47,67,13,38
1,<environment.Job instance at 0x7f3260d2dfa0>,22,15,[4 9],35,67,82,32,53
1,<environment.Job instance at 0x7f3260d2d280>,31,27,[5 1],48,85,112,37,85
1,<environment.Job instance at 0x7f3260d2dc30>,25,12,[6 4],40,112,124,72,99
1,<environment.Job instance at 0x7f3259f93050>,43,18,[2 9],62,124,142,62,113
1,<environment.Job instance at 0x7f3260d58320>,8,14,[8 1],12,127,141,115,127
1,<environment.Job instance at 0x7f325a1dd050>,56,12,[5 5],76,142,154,66,127
1,<environment.Job instance at 0x7f3259f930f0>,48,14,[4 8],67,154,168,87,141
1,<environment.Job instance at 0x7f321647f730>,0,16,[7 5],1,1,17,0,1
1,<environment.Job instance at 0x7f325a13d690>,11,16,[3 6],17,17,33,0,17
1,<environment.Job instance at 0x7f325a169aa0>,18,17,[5 1],24,26,43,2,26
1,<environment.Job instance at 0x7f3260a709b0>,17,16,[5 3],23,33,49,10,28
1,<environment.Job instance at 0x7f325a60ed20>,23,12,[4 6],29,43,55,14,30
1,<environment.Job instance at 0x7f3260978410>,30,15,[6 2],37,49,64,12,37
1,<environment.Job instance at 0x7f32168b4f50>,32,2,[1 6],39,55,57,16,39
1,<environment.Job instance at 0x7f3260a845f0>,35,15,[6 5],42,64,79,22,50
1,<environment.Job instance at 0x7f3260a84370>,39,28,[6 1],47,79,107,32,78
1,<environment.Job instance at 0x7f325a1a3320>,54,17,[10  4],66,107,124,41,95
1,<environment.Job instance at 0x7f325a197aa0>,59,14,[8 3],73,124,138,51,109
1,<environment.Job instance at 0x7f3259fe5af0>,68,3,[5 8],87,143,146,56,143
1,<environment.Job instance at 0x7f3259fe5460>,69,3,[7 5],88,146,149,58,143
1,<environment.Job instance at 0x7f3259fe5780>,70,2,[10  2],89,149,151,60,143
1,<environment.Job instance at 0x7f3260a84a50>,41,14,[10  5],50,151,165,101,143
1,<environment.Job instance at 0x7f32164b5eb0>,72,3,[4 5],91,165,168,74,143
1,<environment.Job instance at 0x7f32164b54b0>,74,1,[9 2],96,168,169,72,144
1,<environment.Job instance at 0x7f32167a39b0>,0,18,[3 6],1,1,19,0,1
1,<environment.Job instance at 0x7f32165da550>,11,13,[9 4],15,25,38,10,25
1,<environment.Job instance at 0x7f32165da640>,12,12,[2 6],16,38,50,22,27
1,<environment.Job instance at 0x7f32165da6e0>,13,16,[2 7],17,50,66,33,37
1,<environment.Job instance at 0x7f32165dabe0>,20,20,[6 3],26,45,65,19,45
1,<environment.Job instance at 0x7f32165da4b0>,6,16,[3 7],10,66,82,56,61
1,<environment.Job instance at 0x7f32165cdb40>,32,27,[5 3],47,78,105,31,78
1,<environment.Job instance at 0x7f32165da370>,7,25,[1 5],11,93,118,82,93
1,<environment.Job instance at 0x7f32165da500>,8,18,[9 5],12,105,123,93,100
1,<environment.Job instance at 0x7f32165d9050>,0,12,[3 7],4,4,16,0,4
1,<environment.Job instance at 0x7f32168c9f00>,9,18,[5 2],14,24,42,10,24
1,<environment.Job instance at 0x7f3216873140>,24,12,[3 7],36,41,53,5,41
1,<environment.Job instance at 0x7f325a26e9b0>,30,14,[3 7],43,53,67,10,43
1,<environment.Job instance at 0x7f325a347be0>,33,17,[7 5],48,67,84,19,62
1,<environment.Job instance at 0x7f325a0425a0>,20,3,[5 7],31,84,87,53,70
1,<environment.Job instance at 0x7f32168aaaf0>,39,1,[9 1],59,87,88,28,70
1,<environment.Job instance at 0x7f321637aaf0>,25,15,[ 2 10],37,88,103,51,77
1,<environment.Job instance at 0x7f3216818e60>,46,1,[5 1],69,103,104,34,88
1,<environment.Job instance at 0x7f3216818f00>,47,17,[7 5],70,104,121,34,93
1,<environment.Job instance at 0x7f3261425a50>,50,12,[8 3],74,121,133,47,106
1,<environment.Job instance at 0x7f325a31fdc0>,41,18,[2 7],61,121,139,60,114
1,<environment.Job instance at 0x7f325a2ce960>,58,17,[10  4],89,140,157,51,140
1,<environment.Job instance at 0x7f325a2cee60>,59,21,[9 2],92,157,178,65,149
1,<environment.Job instance at 0x7f32163ab960>,2,14,[5 4],6,6,20,0,6
1,<environment.Job instance at 0x7f32169bdf50>,5,16,[9 4],10,20,36,10,11
1,<environment.Job instance at 0x7f32169bd5a0>,7,17,[1 9],12,43,60,31,43
1,<environment.Job instance at 0x7f3261656640>,26,1,[6 5],44,60,61,16,44
1,<environment.Job instance at 0x7f32168c4870>,27,1,[5 8],45,61,62,16,45
1,<environment.Job instance at 0x7f3260a70fa0>,28,2,[10  1],47,62,64,15,47
1,<environment.Job instance at 0x7f3260a70500>,30,13,[3 9],50,64,77,14,50
1,<environment.Job instance at 0x7f32166ac190>,24,18,[5 7],42,77,95,35,66
1,<environment.Job instance at 0x7f325a42c780>,43,13,[10  3],73,95,108,22,79
1,<environment.Job instance at 0x7f32164b9be0>,45,12,[5 5],77,108,120,31,91
1,<environment.Job instance at 0x7f3216570e60>,52,15,[3 9],87,120,135,33,106
1,<environment.Job instance at 0x7f32169250f0>,56,16,[ 4 10],98,135,151,37,123
1,<environment.Job instance at 0x7f3216868960>,60,16,[3 9],103,151,167,48,139
1,<environment.Job instance at 0x7f325a0c2910>,0,16,[7 4],2,2,18,0,2
1,<environment.Job instance at 0x7f3260d9d460>,9,15,[1 8],13,18,33,5,13
1,<environment.Job instance at 0x7f3260d9d780>,13,26,[7 5],18,33,59,15,30
1,<environment.Job instance at 0x7f3260da7050>,24,12,[6 1],34,59,71,25,44
1,<environment.Job instance at 0x7f3260da76e0>,29,16,[8 4],42,71,87,29,59
1,<environment.Job instance at 0x7f3260da7be0>,32,16,[2 9],45,87,103,42,79
1,<environment.Job instance at 0x7f3260d9ddc0>,21,25,[9 3],30,103,128,73,100
1,<environment.Job instance at 0x7f321699c5a0>,44,13,[5 6],60,128,141,68,118
1,<environment.Job instance at 0x7f321699cb40>,50,1,[2 6],73,141,142,68,131
1,<environment.Job instance at 0x7f321699caa0>,51,18,[5 1],74,135,153,61,135
1,<environment.Job instance at 0x7f321699ca50>,49,15,[5 7],72,142,157,70,137
1,<environment.Job instance at 0x7f321699cc80>,1,18,[5 5],2,2,20,0,2
1,<environment.Job instance at 0x7f3216962730>,10,18,[8 5],14,20,38,6,19
1,<environment.Job instance at 0x7f32167264b0>,21,1,[5 7],27,44,45,17,44
1,<environment.Job instance at 0x7f325a063fa0>,17,19,[8 3],22,45,64,23,44
1,<environment.Job instance at 0x7f3216726c80>,24,17,[10  4],32,64,81,32,52
1,<environment.Job instance at 0x7f325a5227d0>,26,18,[10  4],35,81,99,46,71
1,<environment.Job instance at 0x7f321698d780>,35,14,[10  4],46,99,113,53,84
1,<environment.Job instance at 0x7f321698ddc0>,34,12,[2 8],45,113,125,68,98
1,<environment.Job instance at 0x7f3216962500>,5,17,[ 5 10],7,125,142,118,118
1,<environment.Job instance at 0x7f321680b370>,51,12,[3 9],72,142,154,70,127
1,<environment.Job instance at 0x7f321680bcd0>,49,13,[9 1],69,154,167,85,143
1,<environment.Job instance at 0x7f321623f410>,2,18,[8 2],4,4,22,0,4
1,<environment.Job instance at 0x7f32162b8e10>,4,14,[9 5],6,22,36,16,12
1,<environment.Job instance at 0x7f32162b8280>,5,14,[1 7],8,36,50,28,22
1,<environment.Job instance at 0x7f32162c60f0>,15,1,[7 3],25,36,37,11,35
1,<environment.Job instance at 0x7f32162c6820>,22,13,[5 8],33,50,63,17,36
1,<environment.Job instance at 0x7f32162ac3c0>,26,15,[9 3],40,63,78,23,49
1,<environment.Job instance at 0x7f32162acd70>,30,13,[1 5],49,63,76,14,59
1,<environment.Job instance at 0x7f32162acd20>,25,12,[10  4],37,78,90,41,67
1,<environment.Job instance at 0x7f325a015820>,34,2,[3 7],55,90,92,35,69
1,<environment.Job instance at 0x7f325a015550>,37,13,[5 8],59,92,105,33,77
1,<environment.Job instance at 0x7f325a015050>,35,14,[4 6],57,105,119,48,105
1,<environment.Job instance at 0x7f325a0154b0>,44,13,[10  4],68,119,132,51,111
1,<environment.Job instance at 0x7f3259f145f0>,50,18,[ 4 10],75,132,150,57,126
1,<environment.Job instance at 0x7f3260a218c0>,56,12,[8 1],83,150,162,67,139
1,<environment.Job instance at 0x7f3260d56a50>,8,15,[4 8],13,29,44,16,29
1,<environment.Job instance at 0x7f3260d55e60>,15,13,[ 4 10],23,44,57,21,30
1,<environment.Job instance at 0x7f3216645e10>,24,14,[10  5],38,57,71,19,44
1,<environment.Job instance at 0x7f321662ab40>,29,1,[3 8],43,71,72,28,54
1,<environment.Job instance at 0x7f321662a9b0>,25,16,[10  2],39,72,88,33,59
1,<environment.Job instance at 0x7f3260d55780>,14,16,[10  1],21,88,104,67,75
1,<environment.Job instance at 0x7f32164c15f0>,51,12,[3 9],73,104,116,31,92
1,<environment.Job instance at 0x7f32162a4b40>,56,13,[ 4 10],83,116,129,33,102
1,<environment.Job instance at 0x7f3216291b90>,62,14,[9 1],90,129,143,39,115
1,<environment.Job instance at 0x7f325a3e92d0>,30,25,[6 2],44,143,168,99,142
1,<environment.Job instance at 0x7f325a3e9b40>,1,12,[5 9],2,2,14,0,2
1,<environment.Job instance at 0x7f3259f2dfa0>,13,13,[7 4],14,15,28,1,15
1,<environment.Job instance at 0x7f321685d2d0>,20,17,[5 7],21,28,45,7,21
1,<environment.Job instance at 0x7f3260d42550>,22,18,[1 6],24,45,63,21,37
1,<environment.Job instance at 0x7f321637e1e0>,9,17,[7 4],10,45,62,35,40
1,<environment.Job instance at 0x7f3260d42780>,27,15,[ 1 10],33,63,78,30,51
1,<environment.Job instance at 0x7f321659f5a0>,29,18,[ 4 10],36,78,96,42,69
1,<environment.Job instance at 0x7f32162e7aa0>,42,18,[9 5],66,96,114,30,85
1,<environment.Job instance at 0x7f325a0c1230>,58,3,[9 4],96,114,117,18,105
1,<environment.Job instance at 0x7f325a0c1550>,60,15,[6 1],98,117,132,19,112
1,<environment.Job instance at 0x7f325a0c1690>,57,18,[4 8],94,117,135,23,113
1,<environment.Job instance at 0x7f32164a5190>,50,16,[4 8],82,135,151,53,122
1,<environment.Job instance at 0x7f321681e410>,71,1,[5 3],112,151,152,39,135
1,<environment.Job instance at 0x7f321681e4b0>,72,3,[ 4 10],113,152,155,39,135
1,<environment.Job instance at 0x7f325a5eccd0>,0,18,[1 8],2,2,20,0,2
1,<environment.Job instance at 0x7f3216143e10>,8,16,[9 1],12,12,28,0,12
1,<environment.Job instance at 0x7f32160e1e60>,16,14,[3 7],23,28,42,5,23
1,<environment.Job instance at 0x7f32166910f0>,12,19,[5 9],16,42,61,26,32
1,<environment.Job instance at 0x7f32160e1af0>,17,16,[ 5 10],24,61,77,37,50
1,<environment.Job instance at 0x7f3216691820>,15,15,[5 8],19,77,92,58,63
1,<environment.Job instance at 0x7f32160c5be0>,39,1,[6 5],57,92,93,35,90
1,<environment.Job instance at 0x7f32160c5960>,41,12,[ 5 10],60,114,126,54,114
1,<environment.Job instance at 0x7f3216645b40>,42,1,[1 7],61,126,127,65,114
1,<environment.Job instance at 0x7f3216645910>,43,18,[8 2],62,126,144,64,115
1,<environment.Job instance at 0x7f32160c5dc0>,34,24,[2 5],49,127,151,78,122
1,<environment.Job instance at 0x7f3216157dc0>,52,17,[8 1],76,144,161,68,132
1,<environment.Job instance at 0x7f32161574b0>,56,16,[7 4],82,161,177,79,148
1,<environment.Job instance at 0x7f3216157870>,1,1,[ 4 10],2,2,3,0,2
1,<environment.Job instance at 0x7f32162e5e10>,2,2,[3 6],3,3,5,0,3
1,<environment.Job instance at 0x7f325a19a960>,3,3,[2 5],4,5,8,1,4
1,<environment.Job instance at 0x7f325a079820>,5,15,[10  1],6,8,23,2,6
1,<environment.Job instance at 0x7f325a19a320>,7,12,[2 8],9,23,35,14,9
1,<environment.Job instance at 0x7f325a0600f0>,23,14,[5 6],31,35,49,4,31
1,<environment.Job instance at 0x7f32166454b0>,29,3,[ 2 10],42,49,52,7,42
1,<environment.Job instance at 0x7f32161b5280>,28,14,[2 8],41,52,66,11,45
1,<environment.Job instance at 0x7f3260b89e60>,31,17,[8 4],44,66,83,22,58
1,<environment.Job instance at 0x7f325a34ba50>,27,26,[2 5],39,69,95,30,69
1,<environment.Job instance at 0x7f325a019cd0>,38,15,[5 1],54,83,98,29,69
1,<environment.Job instance at 0x7f32161d25f0>,40,3,[5 5],57,95,98,38,84
1,<environment.Job instance at 0x7f321682b140>,41,3,[3 6],58,98,101,40,84
1,<environment.Job instance at 0x7f325a032910>,45,16,[5 3],66,98,114,32,89
1,<environment.Job instance at 0x7f325a032b90>,53,18,[8 1],76,114,132,38,110
1,<environment.Job instance at 0x7f3260e4a9b0>,54,18,[7 2],78,132,150,54,122
1,<environment.Job instance at 0x7f325a0163c0>,61,16,[2 8],90,137,153,47,137
1,<environment.Job instance at 0x7f325a00d3c0>,64,15,[8 2],93,150,165,57,140
1,<environment.Job instance at 0x7f325a00d730>,1,3,[10  5],3,3,6,0,3
1,<environment.Job instance at 0x7f32160acaa0>,2,3,[6 3],4,6,9,2,4
1,<environment.Job instance at 0x7f32162019b0>,5,2,[ 1 10],9,9,11,0,9
1,<environment.Job instance at 0x7f321686c3c0>,6,19,[5 5],10,11,30,1,10
1,<environment.Job instance at 0x7f325a3e1190>,10,17,[6 1],20,30,47,10,23
1,<environment.Job instance at 0x7f32167d0d70>,26,21,[8 3],40,47,68,7,41
1,<environment.Job instance at 0x7f32167d05f0>,25,26,[1 7],39,50,76,11,50
1,<environment.Job instance at 0x7f32160691e0>,34,12,[8 5],57,76,88,19,62
1,<environment.Job instance at 0x7f3216069b40>,36,17,[3 5],63,88,105,25,76
1,<environment.Job instance at 0x7f3260eba5a0>,23,17,[8 5],37,105,122,68,99
1,<environment.Job instance at 0x7f3216803c30>,47,16,[1 6],78,122,138,44,111
1,<environment.Job instance at 0x7f32165dc6e0>,53,15,[6 2],85,122,137,37,120
1,<environment.Job instance at 0x7f3260d2a370>,59,13,[2 8],91,138,151,47,133
1,<environment.Job instance at 0x7f3259f1f9b0>,69,23,[8 2],102,137,160,35,135
1,<environment.Job instance at 0x7f32167c7dc0>,63,16,[4 9],96,160,176,64,147
1,<environment.Job instance at 0x7f325a2d03c0>,0,16,[5 5],2,2,18,0,2
1,<environment.Job instance at 0x7f325a2d0aa0>,3,14,[3 5],8,8,22,0,8
1,<environment.Job instance at 0x7f325a2d04b0>,7,23,[5 5],16,18,41,2,18
1,<environment.Job instance at 0x7f3261659a00>,8,13,[9 4],18,41,54,23,25
1,<environment.Job instance at 0x7f32162ca0a0>,19,14,[ 4 10],29,54,68,25,41
1,<environment.Job instance at 0x7f32162ca500>,15,13,[3 8],25,68,81,43,52
1,<environment.Job instance at 0x7f3260dd4190>,29,15,[2 8],45,81,96,36,67
1,<environment.Job instance at 0x7f3260dd4280>,32,17,[ 3 10],49,96,113,47,87
1,<environment.Job instance at 0x7f321622da50>,38,28,[10  5],57,113,141,56,112
1,<environment.Job instance at 0x7f321622de10>,42,12,[3 6],62,141,153,79,125
1,<environment.Job instance at 0x7f3260dd4690>,25,18,[1 9],38,153,171,115,142
1,<environment.Job instance at 0x7f32608f7410>,2,13,[1 7],5,5,18,0,5
1,<environment.Job instance at 0x7f3260e57fa0>,9,21,[ 4 10],14,19,40,5,19
1,<environment.Job instance at 0x7f3260ca5320>,17,15,[8 2],28,40,55,12,38
1,<environment.Job instance at 0x7f32161e3690>,25,1,[7 2],38,55,56,17,47
1,<environment.Job instance at 0x7f32161e3f50>,29,18,[10  1],44,58,76,14,58
1,<environment.Job instance at 0x7f3260ca5140>,21,2,[1 6],34,76,78,42,61
1,<environment.Job instance at 0x7f3260dd6140>,35,14,[8 1],51,76,90,25,61
1,<environment.Job instance at 0x7f3260ca50f0>,18,2,[1 7],29,78,80,49,78
1,<environment.Job instance at 0x7f3260df06e0>,42,17,[3 7],65,100,117,35,100
1,<environment.Job instance at 0x7f3260df0230>,43,13,[10  4],66,117,130,51,105
1,<environment.Job instance at 0x7f32169bb050>,52,3,[2 6],82,130,133,48,123
1,<environment.Job instance at 0x7f32169bb320>,53,18,[4 8],84,133,151,49,123
1,<environment.Job instance at 0x7f32169bbaf0>,55,1,[3 7],86,151,152,65,144
1,<environment.Job instance at 0x7f325a004e10>,58,16,[7 2],90,151,167,61,147
1,<environment.Job instance at 0x7fa6199b1140>,0,18,[ 2 10],1,2,20,1,2
1,<environment.Job instance at 0x7fa6145a14b0>,7,12,[7 2],9,20,32,11,12
1,<environment.Job instance at 0x7fa6145a15a0>,9,17,[1 7],12,21,38,9,21
1,<environment.Job instance at 0x7fa6145a1870>,18,16,[4 9],24,38,54,14,29
1,<environment.Job instance at 0x7fa6145a1c30>,20,22,[8 2],26,54,76,28,50
1,<environment.Job instance at 0x7fa6145a60a0>,22,18,[7 4],28,76,94,48,65
1,<environment.Job instance at 0x7fa6145a6320>,28,13,[1 6],37,65,78,28,65
1,<environment.Job instance at 0x7fa6145a6960>,31,16,[9 3],41,94,110,53,81
1,<environment.Job instance at 0x7fa6145a70f0>,41,14,[8 4],53,110,124,57,95
1,<environment.Job instance at 0x7fa6145a65f0>,23,20,[ 5 10],30,124,144,94,116
1,<environment.Job instance at 0x7fa6145a7b90>,49,16,[10  3],63,144,160,81,136
1,<environment.Job instance at 0x7fa6145a1190>,5,18,[7 5],7,160,178,153,149
1,<environment.Job instance at 0x7fa6145a78c0>,1,3,[5 7],4,4,7,0,4
1,<environment.Job instance at 0x7fa619b1acd0>,3,1,[1 5],7,7,8,0,7
1,<environment.Job instance at 0x7fa619b20cd0>,9,2,[1 7],14,14,16,0,14
1,<environment.Job instance at 0x7fa619b27730>,13,13,[10  2],18,18,31,0,18
1,<environment.Job instance at 0x7fa619b1a500>,5,15,[5 3],9,31,46,22,18
1,<environment.Job instance at 0x7fa619b273c0>,14,18,[ 2 10],19,46,64,27,42
1,<environment.Job instance at 0x7fa619b22c30>,30,1,[5 6],50,64,65,14,51
1,<environment.Job instance at 0x7fa619b22370>,31,2,[8 5],51,65,67,14,51
1,<environment.Job instance at 0x7fa619b2c730>,33,13,[ 4 10],57,67,80,10,57
1,<environment.Job instance at 0x7fa619b22190>,27,1,[2 5],47,65,66,18,63
1,<environment.Job instance at 0x7fa619b2c190>,34,15,[8 5],58,80,95,22,66
1,<environment.Job instance at 0x7fa61436ebe0>,46,18,[10  1],73,95,113,22,84
1,<environment.Job instance at 0x7fa619b2be10>,50,16,[7 5],82,113,129,31,100
1,<environment.Job instance at 0x7fa619b2b050>,56,17,[4 9],90,129,146,39,117
1,<environment.Job instance at 0x7fa619b24500>,41,15,[6 2],66,146,161,80,132
1,<environment.Job instance at 0x7fa5ce912a50>,68,20,[2 7],110,146,166,36,138
1,<environment.Job instance at 0x7fa619b22fa0>,28,16,[1 9],48,166,182,118,156
1,<environment.Job instance at 0x7fa5ce8c7780>,0,2,[9 4],2,2,4,0,2
1,<environment.Job instance at 0x7fa5ce84a230>,2,18,[3 8],4,4,22,0,4
1,<environment.Job instance at 0x7fa5ce84a4b0>,9,17,[2 6],14,22,39,8,15
1,<environment.Job instance at 0x7fa5ce804730>,19,1,[1 7],30,39,40,9,30
1,<environment.Job instance at 0x7fa61434f410>,21,12,[1 8],32,40,52,8,32
1,<environment.Job instance at 0x7fa5ce8564b0>,26,24,[10  3],39,52,76,13,49
1,<environment.Job instance at 0x7fa5ce8ac7d0>,30,17,[7 5],44,76,93,32,66
1,<environment.Job instance at 0x7fa5ce8ac230>,36,15,[1 5],51,85,100,34,85
1,<environment.Job instance at 0x7fa5ce8ac4b0>,33,22,[5 4],47,93,115,46,86
1,<environment.Job instance at 0x7fa5ce8acd20>,38,13,[2 6],54,100,113,46,89
1,<environment.Job instance at 0x7fa5ce8bb6e0>,40,14,[3 6],57,113,127,56,99
1,<environment.Job instance at 0x7fa5ce8ac5f0>,39,13,[6 5],56,127,140,71,115
1,<environment.Job instance at 0x7fa5ce7f7af0>,53,16,[1 5],74,127,143,53,120
1,<environment.Job instance at 0x7fa5ce7f7eb0>,55,15,[8 5],79,140,155,61,129
1,<environment.Job instance at 0x7fa614426140>,64,14,[8 3],89,155,169,66,147
1,<environment.Job instance at 0x7fa6143d9370>,61,14,[9 4],86,169,183,83,156
1,<environment.Job instance at 0x7fa6145eb4b0>,2,14,[4 9],3,3,17,0,3
1,<environment.Job instance at 0x7fa614c6cb90>,6,16,[4 9],8,17,33,9,8
1,<environment.Job instance at 0x7fa5ced564b0>,15,16,[4 9],23,33,49,10,23
1,<environment.Job instance at 0x7fa614990690>,25,13,[4 9],37,49,62,12,41
1,<environment.Job instance at 0x7fa5ce8b7f50>,34,18,[2 8],49,62,80,13,51
1,<environment.Job instance at 0x7fa5ce8b7140>,36,16,[4 9],52,80,96,28,74
1,<environment.Job instance at 0x7fa5ced78460>,10,15,[10  5],16,96,111,80,88
1,<environment.Job instance at 0x7fa5ce8425f0>,44,2,[1 6],64,111,113,47,95
1,<environment.Job instance at 0x7fa5ce842730>,43,15,[2 8],63,113,128,50,99
1,<environment.Job instance at 0x7fa5ced59320>,51,13,[3 9],73,128,141,55,115
1,<environment.Job instance at 0x7fa5ce842e60>,47,18,[7 5],67,141,159,74,133
1,<environment.Job instance at 0x7fa5ce856190>,58,13,[3 9],82,159,172,77,150
1,<environment.Job instance at 0x7fa5ce841500>,2,1,[1 5],5,5,6,0,5
1,<environment.Job instance at 0x7fa614533190>,10,3,[3 5],19,19,22,0,19
1,<environment.Job instance at 0x7fa61439df00>,11,3,[4 7],21,22,25,1,21
1,<environment.Job instance at 0x7fa61507d690>,12,18,[5 4],22,25,43,3,22
1,<environment.Job instance at 0x7fa61440f640>,14,17,[6 1],27,43,60,16,31
1,<environment.Job instance at 0x7fa6149de640>,16,12,[ 2 10],30,60,72,30,44
1,<environment.Job instance at 0x7fa5cebe66e0>,19,14,[7 5],35,72,86,37,58
1,<environment.Job instance at 0x7fa61507d190>,7,12,[8 4],15,86,98,71,73
1,<environment.Job instance at 0x7fa5cebd6dc0>,36,3,[7 5],57,98,101,41,79
1,<environment.Job instance at 0x7fa5cebc3230>,39,12,[8 1],61,101,113,40,84
1,<environment.Job instance at 0x7fa5cebc3c80>,41,3,[9 2],63,113,116,50,97
1,<environment.Job instance at 0x7fa5cebc00f0>,46,17,[5 1],70,116,133,46,112
1,<environment.Job instance at 0x7fa5cebc0460>,48,14,[2 7],72,116,130,44,112
1,<environment.Job instance at 0x7fa5cebc0370>,51,12,[4 7],75,133,145,58,133
1,<environment.Job instance at 0x7fa5cebac410>,56,12,[8 4],81,145,157,64,134
1,<environment.Job instance at 0x7fa614bf7140>,3,1,[1 5],4,4,5,0,4
1,<environment.Job instance at 0x7fa614bf7050>,5,1,[6 5],7,7,8,0,7
1,<environment.Job instance at 0x7fa614be9050>,6,15,[5 3],8,8,23,0,8
1,<environment.Job instance at 0x7fa614bf7460>,8,15,[5 2],11,12,27,1,12
1,<environment.Job instance at 0x7fa614be90f0>,13,15,[2 5],16,23,38,7,17
1,<environment.Job instance at 0x7fa614be8550>,19,13,[6 1],22,27,40,5,24
1,<environment.Job instance at 0x7fa614be8690>,20,13,[1 8],23,38,51,15,24
1,<environment.Job instance at 0x7fa614448b40>,33,13,[3 7],42,51,64,9,47
1,<environment.Job instance at 0x7fa6144481e0>,30,2,[8 2],39,48,50,9,48
1,<environment.Job instance at 0x7fa614448140>,28,1,[10  3],33,64,65,31,60
1,<environment.Job instance at 0x7fa614448280>,38,17,[1 9],48,65,82,17,64
1,<environment.Job instance at 0x7fa6144484b0>,41,17,[2 6],51,82,99,31,79
1,<environment.Job instance at 0x7fa61447b820>,45,24,[8 2],58,82,106,24,82
1,<environment.Job instance at 0x7fa61447b870>,48,3,[3 9],62,106,109,44,82
1,<environment.Job instance at 0x7fa6144483c0>,36,18,[5 9],45,109,127,64,101
1,<environment.Job instance at 0x7fa614a2caf0>,56,2,[3 6],77,127,129,50,103
1,<environment.Job instance at 0x7fa614f19780>,57,13,[5 5],79,129,142,50,113
1,<environment.Job instance at 0x7fa614f19640>,59,3,[10  3],83,142,145,59,116
1,<environment.Job instance at 0x7fa614311370>,61,18,[2 6],86,145,163,59,134
1,<environment.Job instance at 0x7fa614e9e280>,69,14,[7 5],94,163,177,69,148
1,<environment.Job instance at 0x7fa5cecb2b90>,0,13,[4 7],1,1,14,0,1
1,<environment.Job instance at 0x7fa5ce9a00a0>,7,18,[5 2],11,11,29,0,11
1,<environment.Job instance at 0x7fa5ce9a0500>,9,14,[8 3],13,29,43,16,14
1,<environment.Job instance at 0x7fa6148c88c0>,27,19,[9 4],41,43,62,2,42
1,<environment.Job instance at 0x7fa614bfd140>,31,3,[5 9],47,62,65,15,52
1,<environment.Job instance at 0x7fa614507230>,36,14,[4 6],58,65,79,7,58
1,<environment.Job instance at 0x7fa614bfd910>,32,12,[9 1],48,79,91,31,73
1,<environment.Job instance at 0x7fa614507410>,43,16,[3 9],68,101,117,33,101
1,<environment.Job instance at 0x7fa614507960>,45,18,[1 5],70,117,135,47,106
1,<environment.Job instance at 0x7fa6148c3aa0>,49,1,[9 4],76,119,120,43,119
1,<environment.Job instance at 0x7fa5cea26190>,50,12,[1 5],77,120,132,43,119
1,<environment.Job instance at 0x7fa615127410>,52,12,[10  1],80,135,147,55,134
1,<environment.Job instance at 0x7fa614d253c0>,53,22,[9 1],81,147,169,66,143
1,<environment.Job instance at 0x7fa614bf8320>,57,14,[4 7],86,169,183,83,154
1,<environment.Job instance at 0x7fa5ce834f50>,2,2,[6 2],3,3,5,0,3
1,<environment.Job instance at 0x7fa61462c140>,4,1,[6 2],6,6,7,0,6
1,<environment.Job instance at 0x7fa5ce847410>,8,18,[6 1],11,19,37,8,19
1,<environment.Job instance at 0x7fa5ce8476e0>,11,17,[7 3],14,37,54,23,28
1,<environment.Job instance at 0x7fa5ce847730>,14,15,[9 4],17,54,69,37,50
1,<environment.Job instance at 0x7fa5ce848460>,24,15,[6 1],32,69,84,37,60
1,<environment.Job instance at 0x7fa5ce848690>,26,17,[5 5],34,84,101,50,72
1,<environment.Job instance at 0x7fa5ce848230>,23,18,[1 6],31,101,119,70,90
1,<environment.Job instance at 0x7fa5ce847f00>,22,25,[6 3],30,114,139,84,114
1,<environment.Job instance at 0x7fa5ce863960>,52,16,[5 9],72,139,155,67,129
1,<environment.Job instance at 0x7fa5ce863780>,50,14,[10  2],69,155,169,86,149
1,<environment.Job instance at 0x7fa5ce863f00>,3,21,[9 2],12,12,33,0,12
1,<environment.Job instance at 0x7fa5cebd9910>,7,3,[9 1],18,33,36,15,19
1,<environment.Job instance at 0x7fa5cec4b190>,1,13,[9 5],8,36,49,28,24
1,<environment.Job instance at 0x7fa5cebd95a0>,5,16,[1 9],16,49,65,33,36
1,<environment.Job instance at 0x7fa615155fa0>,27,18,[1 5],45,65,83,20,54
1,<environment.Job instance at 0x7fa61442fe60>,29,17,[3 5],47,65,82,18,54
1,<environment.Job instance at 0x7fa6144f3690>,35,17,[ 2 10],54,83,100,29,71
1,<environment.Job instance at 0x7fa5cecfc960>,41,2,[9 4],62,100,102,38,83
1,<environment.Job instance at 0x7fa5cecfc870>,43,17,[9 1],64,102,119,38,90
1,<environment.Job instance at 0x7fa5cecfc730>,40,16,[1 9],61,102,118,41,92
1,<environment.Job instance at 0x7fa61459b2d0>,20,15,[5 8],37,119,134,82,113
1,<environment.Job instance at 0x7fa6148e35a0>,55,17,[1 9],82,134,151,52,122
1,<environment.Job instance at 0x7fa6148d94b0>,60,28,[6 1],89,136,164,47,136
1,<environment.Job instance at 0x7fa6148d9190>,65,1,[2 7],98,151,152,53,137
1,<environment.Job instance at 0x7fa6148d9910>,69,12,[4 6],106,152,164,46,137
1,<environment.Job instance at 0x7fa6148d9820>,72,18,[5 7],112,164,182,52,153
1,<environment.Job instance at 0x7fa6152ceaa0>,15,13,[5 7],23,26,39,3,26
1,<environment.Job instance at 0x7fa614d34640>,23,15,[ 4 10],32,39,54,7,39
1,<environment.Job instance at 0x7fa6144ba730>,26,12,[10  3],37,54,66,17,43
1,<environment.Job instance at 0x7fa5ced85be0>,28,13,[5 4],40,66,79,26,54
1,<environment.Job instance at 0x7fa5ced852d0>,31,12,[5 9],43,79,91,36,62
1,<environment.Job instance at 0x7fa5ced854b0>,34,18,[5 5],47,91,109,44,81
1,<environment.Job instance at 0x7fa6149575f0>,38,17,[4 6],57,109,126,52,97
1,<environment.Job instance at 0x7fa6149d85f0>,42,2,[5 8],64,126,128,62,109
1,<environment.Job instance at 0x7fa5cecce5a0>,44,17,[2 5],66,128,145,62,116
1,<environment.Job instance at 0x7fa6152d4050>,47,18,[5 5],69,128,146,59,117
1,<environment.Job instance at 0x7fa5cea46690>,55,16,[4 5],81,145,161,64,132
1,<environment.Job instance at 0x7fa614a695f0>,59,16,[7 4],87,161,177,74,148
1,<environment.Job instance at 0x7fa5cee393c0>,1,17,[3 5],2,2,19,0,2
1,<environment.Job instance at 0x7fa614bc76e0>,6,16,[7 3],9,11,27,2,11
1,<environment.Job instance at 0x7fa614bc7c80>,10,13,[8 2],13,27,40,14,16
1,<environment.Job instance at 0x7fa614b9eaa0>,22,3,[ 3 10],27,40,43,13,27
1,<environment.Job instance at 0x7fa614b9eb40>,24,1,[ 2 10],29,43,44,14,33
1,<environment.Job instance at 0x7fa614b9ea50>,25,16,[7 4],30,44,60,14,33
1,<environment.Job instance at 0x7fa614b9ed70>,28,15,[6 1],33,60,75,27,46
1,<environment.Job instance at 0x7fa614bb5190>,29,17,[3 9],34,60,77,26,51
1,<environment.Job instance at 0x7fa614bb53c0>,34,14,[ 4 10],39,77,91,38,65
1,<environment.Job instance at 0x7fa614bb5e60>,46,16,[4 9],51,91,107,40,80
1,<environment.Job instance at 0x7fa614ba2910>,56,18,[8 5],64,124,142,60,124
1,<environment.Job instance at 0x7fa614ba2410>,49,13,[3 8],55,142,155,87,132
1,<environment.Job instance at 0x7fa614bbe3c0>,64,12,[5 4],74,155,167,81,145
1,<environment.Job instance at 0x7fa614bbe0a0>,66,13,[9 1],76,167,180,91,155
1,<environment.Job instance at 0x7fa614d5bd70>,0,13,[6 3],3,3,16,0,3
1,<environment.Job instance at 0x7fa61506c460>,13,23,[9 4],23,25,48,2,25
1,<environment.Job instance at 0x7fa615273280>,23,25,[2 6],35,48,73,13,46
1,<environment.Job instance at 0x7fa5ce9813c0>,21,28,[8 1],33,60,88,27,60
1,<environment.Job instance at 0x7fa5ce77cd20>,33,14,[9 5],46,88,102,42,76
1,<environment.Job instance at 0x7fa5ce7c1410>,46,13,[2 8],68,102,115,34,89
1,<environment.Job instance at 0x7fa5cedf5c80>,43,15,[8 3],63,115,130,52,103
1,<environment.Job instance at 0x7fa5ce7c14b0>,52,17,[2 7],74,115,132,41,112
1,<environment.Job instance at 0x7fa6199b0690>,53,16,[6 5],76,132,148,56,119
1,<environment.Job instance at 0x7fa614bfe0f0>,54,12,[10  4],77,148,160,71,135
1,<environment.Job instance at 0x7fa6148633c0>,63,2,[3 7],95,160,162,65,146
1,<environment.Job instance at 0x7fa6148634b0>,66,13,[5 8],99,162,175,63,146
1,<environment.Job instance at 0x7fa614b9e140>,2,15,[1 7],3,3,18,0,3
1,<environment.Job instance at 0x7fa6145085a0>,17,12,[8 1],25,28,40,3,28
1,<environment.Job instance at 0x7fa614508910>,14,15,[5 7],22,40,55,18,29
1,<environment.Job instance at 0x7fa614c58690>,9,18,[8 5],11,55,73,44,44
1,<environment.Job instance at 0x7fa6147e1910>,19,20,[1 5],28,55,75,27,46
1,<environment.Job instance at 0x7fa5cee3cd20>,30,15,[4 8],43,75,90,32,61
1,<environment.Job instance at 0x7fa61514d9b0>,37,13,[ 4 10],53,90,103,37,83
1,<environment.Job instance at 0x7fa61514d3c0>,38,17,[4 6],54,103,120,49,92
1,<environment.Job instance at 0x7fa61514d910>,41,15,[6 3],58,108,123,50,108
1,<environment.Job instance at 0x7fa614837690>,47,16,[10  2],69,123,139,54,114
1,<environment.Job instance at 0x7fa614837370>,52,25,[6 2],74,139,164,65,135
1,<environment.Job instance at 0x7fa615287dc0>,54,23,[3 5],79,139,162,60,138
1,<environment.Job instance at 0x7fa614b86190>,0,1,[4 7],1,1,2,0,1
1,<environment.Job instance at 0x7fa614863dc0>,1,12,[6 4],2,2,14,0,2
1,<environment.Job instance at 0x7fa5ced0f050>,9,13,[8 4],11,17,30,6,17
1,<environment.Job instance at 0x7fa5ced0fa50>,10,13,[ 3 10],12,30,43,18,19
1,<environment.Job instance at 0x7fa5ced0f690>,6,17,[5 5],8,43,60,35,31
1,<environment.Job instance at 0x7fa5cecee730>,21,14,[6 2],27,60,74,33,46
1,<environment.Job instance at 0x7fa5ceced0f0>,28,13,[7 4],34,74,87,40,58
1,<environment.Job instance at 0x7fa5ce928be0>,35,17,[5 7],41,87,104,46,75
1,<environment.Job instance at 0x7fa5ceeb8e60>,42,15,[ 1 10],53,104,119,51,90
1,<environment.Job instance at 0x7fa5ceabbcd0>,5,15,[9 4],7,119,134,112,108
1,<environment.Job instance at 0x7fa61458eaa0>,48,15,[2 7],67,134,149,67,129
1,<environment.Job instance at 0x7fa61458e0f0>,49,15,[1 6],73,149,164,76,139
1,<environment.Job instance at 0x7fa5ce8fd550>,45,18,[8 3],58,139,157,81,139
1,<environment.Job instance at 0x7fa61459b730>,57,18,[9 5],86,164,182,78,153
1,<environment.Job instance at 0x7fa614d9ed70>,6,2,[9 1],9,9,11,0,9
1,<environment.Job instance at 0x7fa614d9e870>,4,15,[9 4],7,12,27,5,12
1,<environment.Job instance at 0x7fa6145084b0>,10,16,[3 8],14,27,43,13,14
1,<environment.Job instance at 0x7fa5ce7753c0>,15,1,[ 2 10],21,43,44,22,33
1,<environment.Job instance at 0x7fa6147b3c30>,2,16,[5 5],4,44,60,40,33
1,<environment.Job instance at 0x7fa614eed460>,24,14,[3 7],33,60,74,27,45
1,<environment.Job instance at 0x7fa6145b1fa0>,3,12,[7 3],5,60,72,55,57
1,<environment.Job instance at 0x7fa5ceca6320>,32,3,[ 2 10],42,74,77,32,64
1,<environment.Job instance at 0x7fa5ceca67d0>,35,13,[2 6],47,77,90,30,68
1,<environment.Job instance at 0x7fa5cecc4c80>,37,16,[3 9],49,90,106,41,77
1,<environment.Job instance at 0x7fa614312050>,31,17,[7 1],41,82,99,41,82
1,<environment.Job instance at 0x7fa5cecc4f50>,41,2,[9 5],57,106,108,49,86
1,<environment.Job instance at 0x7fa614d9e320>,5,18,[6 3],8,108,126,100,105
1,<environment.Job instance at 0x7fa5ce770eb0>,52,16,[8 4],73,126,142,53,116
1,<environment.Job instance at 0x7fa614a49f00>,58,17,[7 1],81,142,159,61,131
1,<environment.Job instance at 0x7fa5ce9388c0>,62,1,[10  2],89,159,160,70,138
1,<environment.Job instance at 0x7fa614b92b90>,64,16,[7 4],92,160,176,68,155
1,<environment.Job instance at 0x7fa614b92d70>,65,12,[2 5],98,160,172,62,155
1,<environment.Job instance at 0x7fa614b92d70>,2,2,[3 6],3,3,5,0,3
1,<environment.Job instance at 0x7fa5ce6c6190>,5,15,[10  1],6,6,21,0,6
1,<environment.Job instance at 0x7fa614b92140>,7,12,[2 8],9,21,33,12,19
1,<environment.Job instance at 0x7fa5ce6c6be0>,11,14,[8 2],14,21,35,7,19
1,<environment.Job instance at 0x7fa5cef20c30>,18,3,[6 3],23,35,38,12,23
1,<environment.Job instance at 0x7fa5cef20190>,13,3,[2 9],16,38,41,22,23
1,<environment.Job instance at 0x7fa5ceef3320>,22,3,[6 1],30,38,41,8,31
1,<environment.Job instance at 0x7fa5ceef3be0>,24,1,[ 2 10],33,41,42,8,34
1,<environment.Job instance at 0x7fa5ce585fa0>,25,1,[3 9],34,42,43,8,34
1,<environment.Job instance at 0x7fa5cef20f00>,15,16,[3 8],19,43,59,24,38
1,<environment.Job instance at 0x7fa5ce585b40>,26,16,[ 4 10],38,59,75,21,46
1,<environment.Job instance at 0x7fa5ceef3b90>,23,14,[5 6],31,75,89,44,66
1,<environment.Job instance at 0x7fa6144d4280>,45,16,[5 3],66,75,91,9,70
1,<environment.Job instance at 0x7fa6144d4640>,47,14,[8 1],68,91,105,23,76
1,<environment.Job instance at 0x7fa6144d4410>,53,18,[8 1],76,105,123,29,102
1,<environment.Job instance at 0x7fa5ce5a3a50>,55,2,[5 3],79,123,125,44,108
1,<environment.Job instance at 0x7fa5ce5a36e0>,56,17,[3 6],81,123,140,42,111
1,<environment.Job instance at 0x7fa5ce5a3780>,57,15,[6 1],85,125,140,40,113
1,<environment.Job instance at 0x7fa5ce5a3820>,64,15,[8 2],93,140,155,47,127
1,<environment.Job instance at 0x7fa5ce589f00>,74,14,[8 4],107,155,169,48,142
1,<environment.Job instance at 0x7fa5ce589410>,1,18,[3 5],3,3,21,0,3
1,<environment.Job instance at 0x7fa6145f8e60>,8,16,[5 7],17,21,37,4,20
1,<environment.Job instance at 0x7fa61463c910>,20,13,[6 2],32,37,50,5,37
1,<environment.Job instance at 0x7fa614646230>,13,16,[5 4],23,50,66,27,39
1,<environment.Job instance at 0x7fa61463ce60>,22,2,[6 1],35,66,68,31,40
1,<environment.Job instance at 0x7fa614627910>,23,1,[5 5],36,50,51,14,49
1,<environment.Job instance at 0x7fa6146adf50>,27,12,[8 5],47,68,80,21,54
1,<environment.Job instance at 0x7fa6143c7c30>,29,17,[3 5],53,80,97,27,68
1,<environment.Job instance at 0x7fa6146b7eb0>,42,21,[10  4],70,97,118,27,90
1,<environment.Job instance at 0x7fa5ce98e460>,52,13,[2 8],81,118,131,37,111
1,<environment.Job instance at 0x7fa6146462d0>,14,16,[7 2],25,118,134,93,113
1,<environment.Job instance at 0x7fa5ce96b280>,55,12,[1 8],85,131,143,46,114
1,<environment.Job instance at 0x7fa5ce96be10>,60,2,[7 1],90,134,136,44,117
1,<environment.Job instance at 0x7fa5ce96a6e0>,65,12,[8 2],100,136,148,36,130
1,<environment.Job instance at 0x7fa5ce96aeb0>,66,3,[5 4],101,148,151,47,130
1,<environment.Job instance at 0x7fa5ce9960f0>,71,16,[5 5],111,148,164,37,135
1,<environment.Job instance at 0x7fa614e967d0>,3,16,[5 7],4,5,21,1,5
1,<environment.Job instance at 0x7fa6145390a0>,10,12,[5 1],12,12,24,0,12
1,<environment.Job instance at 0x7fa614e96eb0>,4,13,[3 8],5,21,34,16,12
1,<environment.Job instance at 0x7fa5ce9ebaf0>,16,14,[5 1],22,24,38,2,22
1,<environment.Job instance at 0x7fa614408320>,12,3,[1 6],15,34,37,19,23
1,<environment.Job instance at 0x7fa6147e4190>,18,15,[2 8],25,37,52,12,25
1,<environment.Job instance at 0x7fa6197380a0>,21,17,[ 3 10],29,52,69,23,44
1,<environment.Job instance at 0x7fa619738a00>,25,3,[2 6],34,69,72,35,46
1,<environment.Job instance at 0x7fa614807b90>,31,12,[3 6],42,72,84,30,66
1,<environment.Job instance at 0x7fa614807f00>,32,20,[9 1],43,84,104,41,80
1,<environment.Job instance at 0x7fa614807140>,38,18,[5 5],51,104,122,53,93
1,<environment.Job instance at 0x7fa5cedd89b0>,42,18,[7 2],56,122,140,66,112
1,<environment.Job instance at 0x7fa6197389b0>,22,12,[10  5],30,140,152,110,126
1,<environment.Job instance at 0x7fa614793820>,55,14,[ 4 10],74,152,166,78,146
1,<environment.Job instance at 0x7fa6198ee9b0>,60,14,[2 7],79,166,180,87,153
1,<environment.Job instance at 0x7fa5cecf8af0>,50,18,[8 3],69,166,184,97,159
1,<environment.Job instance at 0x7fa6146c3f00>,0,17,[8 3],1,1,18,0,1
1,<environment.Job instance at 0x7fa5ce52d190>,20,24,[9 1],31,41,65,10,41
1,<environment.Job instance at 0x7fa6199935f0>,29,12,[9 4],42,69,81,27,69
1,<environment.Job instance at 0x7fa5ce7ade10>,30,12,[3 8],43,81,93,38,70
1,<environment.Job instance at 0x7fa5ce52dc80>,15,14,[8 1],21,93,107,72,79
1,<environment.Job instance at 0x7fa614b80460>,46,17,[1 9],71,119,136,48,119
1,<environment.Job instance at 0x7fa614b805f0>,48,2,[10  4],73,136,138,63,122
1,<environment.Job instance at 0x7fa5ce52d280>,22,17,[3 7],35,138,155,103,128
1,<environment.Job instance at 0x7fa5ce7ad3c0>,38,16,[7 2],60,139,155,79,139
1,<environment.Job instance at 0x7fa5ce6292d0>,55,15,[4 8],82,155,170,73,142
1,<environment.Job instance at 0x7fa5ce629c30>,58,18,[2 6],88,170,188,82,159
1,<environment.Job instance at 0x7fa614a83910>,5,15,[5 2],7,7,22,0,7
1,<environment.Job instance at 0x7fa5ce6296e0>,3,17,[8 3],5,22,39,17,14
1,<environment.Job instance at 0x7fa614a869b0>,10,14,[1 9],18,39,53,21,32
1,<environment.Job instance at 0x7fa614a86d70>,13,12,[9 3],29,53,65,24,38
1,<environment.Job instance at 0x7fa614a86aa0>,16,1,[6 2],34,65,66,31,47
1,<environment.Job instance at 0x7fa6147567d0>,22,16,[9 2],43,66,82,23,56
1,<environment.Job instance at 0x7fa614744370>,41,17,[1 5],73,137,154,64,137
1,<environment.Job instance at 0x7fa614744be0>,42,18,[3 8],74,154,172,80,144
1,<environment.Job instance at 0x7fa614732d20>,47,2,[5 9],80,172,174,92,159
1,<environment.Job instance at 0x7f02022f40a0>,2,12,[5 4],3,3,15,0,3
1,<environment.Job instance at 0x7f01faee4410>,5,18,[7 5],7,15,33,8,8
1,<environment.Job instance at 0x7f01faee4dc0>,17,1,[5 3],23,33,34,10,23
1,<environment.Job instance at 0x7f01faee4320>,9,17,[1 7],12,33,50,21,24
1,<environment.Job instance at 0x7f01faee5730>,23,20,[ 5 10],30,50,70,20,41
1,<environment.Job instance at 0x7f01faee44b0>,6,19,[1 7],8,70,89,62,64
1,<environment.Job instance at 0x7f01faee82d0>,37,12,[3 6],49,89,101,40,73
1,<environment.Job instance at 0x7f01faee85a0>,41,14,[8 4],53,101,115,48,86
1,<environment.Job instance at 0x7f01faee8870>,44,18,[3 7],58,124,142,66,124
1,<environment.Job instance at 0x7f01faee8b40>,50,15,[7 4],64,142,157,78,130
1,<environment.Job instance at 0x7f01faeed870>,58,17,[ 1 10],80,157,174,77,150
1,<environment.Job instance at 0x7f01faeed820>,60,2,[1 5],83,150,152,67,150
1,<environment.Job instance at 0x7f01faeedeb0>,66,18,[5 5],93,174,192,81,164
1,<environment.Job instance at 0x7f020246b5f0>,0,3,[1 8],1,1,4,0,1
1,<environment.Job instance at 0x7f020231ccd0>,6,13,[10  2],8,8,21,0,8
1,<environment.Job instance at 0x7f020246f870>,7,18,[ 2 10],9,21,39,12,10
1,<environment.Job instance at 0x7f020246f190>,11,3,[5 1],15,39,42,24,20
1,<environment.Job instance at 0x7f020246a690>,27,15,[8 5],48,52,67,4,52
1,<environment.Job instance at 0x7f0202463a00>,22,16,[6 2],39,67,83,28,54
1,<environment.Job instance at 0x7f020231b410>,38,18,[1 6],62,70,88,8,70
1,<environment.Job instance at 0x7f020246a5f0>,25,15,[7 2],45,83,98,38,76
1,<environment.Job instance at 0x7f020231ba50>,42,1,[5 1],68,98,99,30,76
1,<environment.Job instance at 0x7f020231b190>,39,18,[10  1],63,99,117,36,88
1,<environment.Job instance at 0x7f02024686e0>,44,1,[7 4],73,117,118,44,102
1,<environment.Job instance at 0x7f0202468640>,43,16,[7 5],72,118,134,46,106
1,<environment.Job instance at 0x7f020246e3c0>,57,1,[9 1],96,134,135,38,119
1,<environment.Job instance at 0x7f020246ee60>,61,20,[2 7],100,135,155,35,133
1,<environment.Job instance at 0x7f020246e640>,65,14,[3 9],104,155,169,51,140
1,<environment.Job instance at 0x7f01b71ea5a0>,71,17,[5 9],110,169,186,59,166
1,<environment.Job instance at 0x7f01b71eae60>,72,13,[5 1],111,168,181,57,168
1,<environment.Job instance at 0x7f01b720ea50>,4,17,[1 9],7,7,24,0,7
1,<environment.Job instance at 0x7f01b71a59b0>,16,13,[ 2 10],22,24,37,2,22
1,<environment.Job instance at 0x7f01fb127320>,18,17,[7 5],24,37,54,13,26
1,<environment.Job instance at 0x7f01b719d5f0>,22,14,[9 1],29,54,68,25,43
1,<environment.Job instance at 0x7f01fac51870>,26,13,[2 6],34,68,81,34,56
1,<environment.Job instance at 0x7f01b7147640>,33,16,[7 2],44,69,85,25,69
1,<environment.Job instance at 0x7f01b7147aa0>,36,14,[5 7],47,85,99,38,71
1,<environment.Job instance at 0x7f01b7147dc0>,41,16,[1 5],54,99,115,45,90
1,<environment.Job instance at 0x7f01b7195cd0>,45,15,[7 4],61,99,114,38,90
1,<environment.Job instance at 0x7f01b71951e0>,49,14,[9 4],66,114,128,48,102
1,<environment.Job instance at 0x7f01b712eeb0>,54,18,[9 1],72,128,146,56,123
1,<environment.Job instance at 0x7f01facb35f0>,58,17,[5 8],77,146,163,69,134
1,<environment.Job instance at 0x7f01fad6f0f0>,61,17,[7 1],81,163,180,82,151
1,<environment.Job instance at 0x7f01fafaf4b0>,1,2,[3 6],2,2,4,0,2
1,<environment.Job instance at 0x7f01fd97de60>,3,3,[3 5],4,4,7,0,4
1,<environment.Job instance at 0x7f01fb054e60>,6,13,[4 9],7,7,20,0,7
1,<environment.Job instance at 0x7f01fb180370>,11,27,[10  3],13,20,47,7,19
1,<environment.Job instance at 0x7f01b75a3780>,24,15,[2 8],33,47,62,14,33
1,<environment.Job instance at 0x7f01fd5d3280>,32,13,[3 9],43,62,75,19,53
1,<environment.Job instance at 0x7f01b7648640>,26,15,[5 1],35,58,73,23,58
1,<environment.Job instance at 0x7f01b71d71e0>,35,21,[2 7],47,75,96,28,67
1,<environment.Job instance at 0x7f01b71d7500>,40,1,[5 2],53,75,76,22,67
1,<environment.Job instance at 0x7f020231d550>,43,13,[8 4],56,96,109,40,82
1,<environment.Job instance at 0x7f01b76a70a0>,46,18,[7 2],60,109,127,49,100
1,<environment.Job instance at 0x7f01fafbc190>,53,1,[6 5],68,127,128,59,108
1,<environment.Job instance at 0x7f01b7185370>,54,2,[7 3],69,128,130,59,109
1,<environment.Job instance at 0x7f020231e910>,58,1,[ 4 10],76,130,131,54,113
1,<environment.Job instance at 0x7f020231e690>,59,2,[5 4],79,131,133,52,113
1,<environment.Job instance at 0x7f01fb090460>,61,24,[3 9],81,133,157,52,128
1,<environment.Job instance at 0x7f01faf97e60>,67,19,[5 3],91,157,176,66,147
1,<environment.Job instance at 0x7f01faf7f7d0>,20,27,[4 6],26,157,184,131,155
1,<environment.Job instance at 0x7f01b77c0f00>,1,14,[4 7],3,3,17,0,3
1,<environment.Job instance at 0x7f01fd9db730>,5,1,[5 8],7,17,18,10,7
1,<environment.Job instance at 0x7f01fad561e0>,8,2,[5 8],13,18,20,5,13
1,<environment.Job instance at 0x7f01fad4e3c0>,11,16,[9 4],16,20,36,4,17
1,<environment.Job instance at 0x7f01fad7a230>,17,3,[9 2],23,36,39,13,23
1,<environment.Job instance at 0x7f01fad7a500>,15,12,[8 1],21,39,51,18,27
1,<environment.Job instance at 0x7f01fad71b90>,27,12,[4 7],35,51,63,16,39
1,<environment.Job instance at 0x7f01fad71230>,28,1,[5 4],36,63,64,27,41
1,<environment.Job instance at 0x7f01fad71e10>,30,14,[3 6],39,63,77,24,48
1,<environment.Job instance at 0x7f01fad61730>,43,16,[2 6],53,89,105,36,89
1,<environment.Job instance at 0x7f01fad61b90>,44,18,[3 6],54,105,123,51,96
1,<environment.Job instance at 0x7f01fad54870>,49,18,[ 1 10],61,123,141,62,120
1,<environment.Job instance at 0x7f01fad54a50>,50,14,[7 5],62,141,155,79,126
1,<environment.Job instance at 0x7f01face7050>,0,17,[2 6],1,1,18,0,1
1,<environment.Job instance at 0x7f01fd5b8910>,2,13,[5 7],6,18,31,12,6
1,<environment.Job instance at 0x7f01fb233910>,10,2,[8 4],16,16,18,0,16
1,<environment.Job instance at 0x7f01fb233b90>,11,16,[2 7],19,31,47,12,20
1,<environment.Job instance at 0x7f01fd5c2a00>,22,15,[8 1],38,39,54,1,39
1,<environment.Job instance at 0x7f01fd5c21e0>,23,1,[ 3 10],39,54,55,15,44
1,<environment.Job instance at 0x7f01fd8cd5a0>,25,18,[ 5 10],41,55,73,14,45
1,<environment.Job instance at 0x7f01fd8cde10>,28,14,[7 5],44,73,87,29,58
1,<environment.Job instance at 0x7f01fd5d2550>,44,16,[3 6],67,87,103,20,81
1,<environment.Job instance at 0x7f01fd5d29b0>,45,14,[9 5],68,103,117,35,88
1,<environment.Job instance at 0x7f01fdbc5410>,55,24,[4 7],78,117,141,39,112
1,<environment.Job instance at 0x7f01fdbc5a50>,57,13,[5 3],80,117,130,37,116
1,<environment.Job instance at 0x7f01fb161690>,61,16,[5 4],85,141,157,56,128
1,<environment.Job instance at 0x7f01b74f4870>,68,15,[6 5],92,157,172,65,144
1,<environment.Job instance at 0x7f01fd507b40>,71,13,[9 4],96,172,185,76,164
1,<environment.Job instance at 0x7f01faf1d460>,0,3,[2 6],1,1,4,0,1
1,<environment.Job instance at 0x7f01fd507b40>,1,18,[9 1],3,4,22,1,4
1,<environment.Job instance at 0x7f01b76cb2d0>,6,18,[1 5],10,10,28,0,10
1,<environment.Job instance at 0x7f01b76cb730>,11,12,[1 5],17,22,34,5,17
1,<environment.Job instance at 0x7f01fb3d8500>,16,13,[1 7],24,34,47,10,24
1,<environment.Job instance at 0x7f01fb3d8af0>,13,12,[10  1],20,47,59,27,35
1,<environment.Job instance at 0x7f01b726c500>,26,28,[6 4],38,59,87,21,58
1,<environment.Job instance at 0x7f01fad96230>,29,18,[9 5],42,87,105,45,77
1,<environment.Job instance at 0x7f01b752e8c0>,37,2,[9 3],50,105,107,55,83
1,<environment.Job instance at 0x7f01b7339690>,41,20,[6 3],56,107,127,51,98
1,<environment.Job instance at 0x7f01b77aa500>,18,14,[4 7],26,107,121,81,101
1,<environment.Job instance at 0x7f01b74b1c30>,53,27,[5 3],77,127,154,50,125
1,<environment.Job instance at 0x7f01fadf9730>,57,16,[2 5],83,138,154,55,138
1,<environment.Job instance at 0x7f01fb055b90>,65,14,[9 2],94,154,168,60,150
1,<environment.Job instance at 0x7f01fb055aa0>,1,16,[5 9],2,2,18,0,2
1,<environment.Job instance at 0x7f01b785c870>,5,13,[9 3],7,18,31,11,7
1,<environment.Job instance at 0x7f01b785cd70>,13,15,[2 8],19,31,46,12,19
1,<environment.Job instance at 0x7f01b785cb90>,11,22,[10  4],17,46,68,29,41
1,<environment.Job instance at 0x7f01b78414b0>,30,1,[8 1],44,68,69,24,48
1,<environment.Job instance at 0x7f01b78416e0>,36,3,[4 5],51,69,72,18,54
1,<environment.Job instance at 0x7f01b78415f0>,33,15,[ 2 10],47,72,87,25,67
1,<environment.Job instance at 0x7f01b784ddc0>,25,16,[9 4],37,87,103,50,86
1,<environment.Job instance at 0x7f01b786a5a0>,48,2,[ 2 10],70,103,105,33,89
1,<environment.Job instance at 0x7f01b786a050>,40,18,[ 3 10],57,105,123,48,95
1,<environment.Job instance at 0x7f01b786a8c0>,53,15,[4 6],78,123,138,45,109
1,<environment.Job instance at 0x7f01b786ae60>,58,12,[8 3],84,138,150,54,121
1,<environment.Job instance at 0x7f01b786adc0>,59,18,[1 6],85,138,156,53,127
1,<environment.Job instance at 0x7f01b784a8c0>,65,13,[9 5],98,156,169,58,140
1,<environment.Job instance at 0x7f01b784adc0>,70,17,[2 6],107,169,186,62,157
1,<environment.Job instance at 0x7f01b78484b0>,76,15,[5 2],117,169,184,52,158
1,<environment.Job instance at 0x7f01b78483c0>,1,17,[1 9],2,2,19,0,2
1,<environment.Job instance at 0x7f01fd768e10>,4,13,[1 8],6,26,39,20,26
1,<environment.Job instance at 0x7f01faf3c0f0>,7,2,[2 8],11,39,41,28,28
1,<environment.Job instance at 0x7f01fae7ad70>,18,18,[5 7],32,43,61,11,43
1,<environment.Job instance at 0x7f01fd6d0d70>,31,14,[3 5],52,61,75,9,52
1,<environment.Job instance at 0x7f01fb15b140>,36,13,[3 5],62,62,75,0,62
1,<environment.Job instance at 0x7f01faf6faa0>,34,21,[ 4 10],58,75,96,17,67
1,<environment.Job instance at 0x7f01fd465910>,44,13,[2 8],74,96,109,22,90
1,<environment.Job instance at 0x7f01b7693aa0>,27,28,[9 4],43,116,144,73,116
1,<environment.Job instance at 0x7f01faea30a0>,62,13,[5 7],103,144,157,41,136
1,<environment.Job instance at 0x7f01faea33c0>,65,15,[10  2],106,160,175,54,160
1,<environment.Job instance at 0x7f01faea35a0>,63,12,[ 1 10],104,175,187,71,162
1,<environment.Job instance at 0x7f01b74fde10>,0,13,[4 6],1,1,14,0,1
1,<environment.Job instance at 0x7f0202231690>,12,1,[7 4],17,19,20,2,19
1,<environment.Job instance at 0x7f02022315f0>,13,14,[ 2 10],18,20,34,2,19
1,<environment.Job instance at 0x7f01fd675be0>,16,2,[5 7],21,39,41,18,39
1,<environment.Job instance at 0x7f01faf80780>,19,16,[6 2],27,41,57,14,41
1,<environment.Job instance at 0x7f02024671e0>,10,16,[2 9],15,59,75,44,59
1,<environment.Job instance at 0x7f01b75108c0>,27,15,[5 7],42,75,90,33,74
1,<environment.Job instance at 0x7f01b74ba7d0>,33,15,[8 1],51,98,113,47,98
1,<environment.Job instance at 0x7f01b74bac80>,34,13,[1 8],52,98,111,46,98
1,<environment.Job instance at 0x7f01b74bac30>,35,13,[6 2],53,113,126,60,99
1,<environment.Job instance at 0x7f01b74ba230>,38,15,[4 5],56,114,129,58,114
1,<environment.Job instance at 0x7f01fd5a0410>,42,12,[4 5],66,126,138,60,114
1,<environment.Job instance at 0x7f01b746ee10>,44,1,[7 4],70,138,139,68,125
1,<environment.Job instance at 0x7f01b746efa0>,47,15,[8 2],73,139,154,66,133
1,<environment.Job instance at 0x7f01b74ba690>,41,13,[3 6],64,154,167,90,139
1,<environment.Job instance at 0x7f01fb210eb0>,51,16,[7 3],79,154,170,75,142
1,<environment.Job instance at 0x7f01faf4e690>,55,13,[8 2],83,170,183,87,165
1,<environment.Job instance at 0x7f01facb06e0>,1,1,[ 3 10],3,3,4,0,3
1,<environment.Job instance at 0x7f01fd5aa500>,4,18,[10  2],13,15,33,2,15
1,<environment.Job instance at 0x7f01fd5aac30>,13,16,[5 5],24,33,49,9,24
1,<environment.Job instance at 0x7f01fd5b4280>,17,2,[ 1 10],29,49,51,20,33
1,<environment.Job instance at 0x7f01fd5aadc0>,12,15,[1 8],23,51,66,28,39
1,<environment.Job instance at 0x7f01fd5b4370>,19,13,[9 2],33,51,64,18,39
1,<environment.Job instance at 0x7f01fd5b4b40>,27,17,[5 9],46,66,83,20,57
1,<environment.Job instance at 0x7f01fd5aaf00>,15,18,[ 3 10],27,83,101,56,74
1,<environment.Job instance at 0x7f01fd5baa00>,39,18,[2 8],64,101,119,37,91
1,<environment.Job instance at 0x7f01fd5aab40>,9,13,[9 1],19,119,132,100,113
1,<environment.Job instance at 0x7f01fd5bae10>,44,17,[5 7],74,132,149,58,122
1,<environment.Job instance at 0x7f01fd5baaf0>,42,13,[6 4],70,149,162,79,135
1,<environment.Job instance at 0x7f01fd5d9be0>,58,2,[5 7],91,162,164,71,148
1,<environment.Job instance at 0x7f01fd5d9820>,55,16,[8 4],88,164,180,76,161
1,<environment.Job instance at 0x7f01b75b67d0>,0,3,[5 1],1,1,4,0,1
1,<environment.Job instance at 0x7f01fd5b4e60>,2,3,[4 6],3,3,6,0,3
1,<environment.Job instance at 0x7f02022f2fa0>,3,1,[5 5],4,6,7,2,4
1,<environment.Job instance at 0x7f01faee57d0>,10,12,[8 1],13,22,34,9,22
1,<environment.Job instance at 0x7f01fb3b1410>,22,1,[6 5],39,39,40,0,39
1,<environment.Job instance at 0x7f01fb3b18c0>,23,18,[ 3 10],41,41,59,0,41
1,<environment.Job instance at 0x7f01b75a8640>,15,13,[6 5],19,59,72,40,44
1,<environment.Job instance at 0x7f01b75a3af0>,36,3,[1 6],56,72,75,16,56
1,<environment.Job instance at 0x7f01b75a3190>,38,2,[1 9],58,75,77,17,58
1,<environment.Job instance at 0x7f01b75a3910>,33,15,[1 7],53,77,92,24,64
1,<environment.Job instance at 0x7f01b7688370>,45,15,[5 7],72,92,107,20,80
1,<environment.Job instance at 0x7f01b7688190>,48,12,[8 1],75,107,119,32,91
1,<environment.Job instance at 0x7f02021f05a0>,32,19,[10  4],52,119,138,67,109
1,<environment.Job instance at 0x7f01b70b7eb0>,61,15,[4 8],93,138,153,45,126
1,<environment.Job instance at 0x7f01b73a3dc0>,56,18,[6 5],85,153,171,68,144
1,<environment.Job instance at 0x7f01b70b7aa0>,66,3,[8 3],100,171,174,71,147
1,<environment.Job instance at 0x7f01face60f0>,70,2,[6 5],105,174,176,69,161
1,<environment.Job instance at 0x7f01fb0f1d20>,78,16,[10  2],119,176,192,57,163
1,<environment.Job instance at 0x7f01b767b460>,0,15,[3 9],1,1,16,0,1
1,<environment.Job instance at 0x7f01b767b190>,5,14,[9 2],12,16,30,4,14
1,<environment.Job instance at 0x7f01b758ffa0>,18,12,[9 2],28,30,42,2,28
1,<environment.Job instance at 0x7f01b75f8550>,20,2,[9 4],31,42,44,11,32
1,<environment.Job instance at 0x7f01b75f83c0>,19,22,[2 5],30,44,66,14,37
1,<environment.Job instance at 0x7f01fd66bc80>,23,2,[1 7],35,66,68,31,51
1,<environment.Job instance at 0x7f01b7726410>,35,17,[5 5],48,68,85,20,59
1,<environment.Job instance at 0x7f01fb1aed20>,39,13,[ 3 10],52,85,98,33,79
1,<environment.Job instance at 0x7f01fb1aeb40>,41,16,[2 6],57,98,114,41,85
1,<environment.Job instance at 0x7f01fadf1960>,50,14,[6 2],67,98,112,31,93
1,<environment.Job instance at 0x7f01fadf18c0>,52,12,[2 5],69,114,126,45,97
1,<environment.Job instance at 0x7f01fadf1550>,53,17,[7 4],70,112,129,42,102
1,<environment.Job instance at 0x7f01b77260f0>,34,15,[9 4],47,129,144,82,115
1,<environment.Job instance at 0x7f01fd5f1b90>,68,12,[7 3],88,144,156,56,132
1,<environment.Job instance at 0x7f01b731f5a0>,73,18,[ 4 10],96,156,174,60,145
1,<environment.Job instance at 0x7f01fd8ac280>,78,15,[1 6],113,174,189,61,161
1,<environment.Job instance at 0x7f01fd8ac550>,79,1,[6 4],114,174,175,60,161
1,<environment.Job instance at 0x7f01fd8aca00>,81,2,[2 9],117,189,191,72,162
1,<environment.Job instance at 0x7f01b76cb0a0>,1,1,[5 3],2,2,3,0,2
1,<environment.Job instance at 0x7f01fd8aca00>,2,3,[ 4 10],3,3,6,0,3
1,<environment.Job instance at 0x7f01b6f56e60>,3,24,[ 1 10],7,22,46,15,22
1,<environment.Job instance at 0x7f01fd54dcd0>,12,3,[1 5],23,46,49,23,23
1,<environment.Job instance at 0x7f01fd55b5a0>,10,1,[9 3],21,46,47,25,26
1,<environment.Job instance at 0x7f01fd5466e0>,20,16,[5 5],34,47,63,13,37
1,<environment.Job instance at 0x7f01fd546fa0>,22,15,[9 4],37,63,78,26,49
1,<environment.Job instance at 0x7f01fd69d3c0>,32,16,[2 8],50,78,94,28,66
1,<environment.Job instance at 0x7f01fd657eb0>,35,1,[2 8],53,94,95,41,75
1,<environment.Job instance at 0x7f01fd691c80>,38,19,[5 9],56,95,114,39,90
1,<environment.Job instance at 0x7f01fb161dc0>,41,15,[5 8],59,114,129,55,101
1,<environment.Job instance at 0x7f01fdc15690>,43,16,[ 5 10],64,129,145,65,117
1,<environment.Job instance at 0x7f01faef4c80>,47,1,[7 5],68,145,146,77,131
1,<environment.Job instance at 0x7f01faef4d70>,48,1,[10  1],69,146,147,77,131
1,<environment.Job instance at 0x7f01faef41e0>,50,3,[ 2 10],72,147,150,75,131
1,<environment.Job instance at 0x7f01fd62a910>,53,13,[2 6],77,150,163,73,135
1,<environment.Job instance at 0x7f01fd62a8c0>,55,16,[3 9],79,163,179,84,150
1,<environment.Job instance at 0x7f01fd4c7be0>,0,1,[7 2],1,1,2,0,1
1,<environment.Job instance at 0x7f01fb3875a0>,4,17,[9 3],5,5,22,0,5
1,<environment.Job instance at 0x7f01b70def00>,14,17,[3 5],17,23,40,6,23
1,<environment.Job instance at 0x7f01b7550f50>,26,25,[1 8],32,64,89,32,64
1,<environment.Job instance at 0x7f01fd60f640>,34,17,[5 2],42,78,95,36,78
1,<environment.Job instance at 0x7f01fd60f780>,33,24,[6 3],41,95,119,54,95
1,<environment.Job instance at 0x7f01b78495a0>,43,16,[ 4 10],58,119,135,61,108
1,<environment.Job instance at 0x7f01b7849eb0>,46,3,[ 2 10],62,135,138,73,109
1,<environment.Job instance at 0x7f02022f4140>,48,17,[8 4],64,138,155,74,128
1,<environment.Job instance at 0x7f01b7849cd0>,40,14,[5 6],51,155,169,104,150
1,<environment.Job instance at 0x7f01b73e0dc0>,63,16,[7 1],87,169,185,82,161
1,<environment.Job instance at 0x7f01fac5e5f0>,5,2,[ 1 10],9,9,11,0,9
1,<environment.Job instance at 0x7f01fac5edc0>,6,19,[5 5],10,11,30,1,10
1,<environment.Job instance at 0x7f01fac5ecd0>,15,16,[5 7],27,30,46,3,27
1,<environment.Job instance at 0x7f01b7288a50>,20,16,[5 4],33,46,62,13,36
1,<environment.Job instance at 0x7f01b7288230>,27,13,[6 2],42,62,75,20,49
1,<environment.Job instance at 0x7f01b72884b0>,29,2,[6 1],45,75,77,30,49
1,<environment.Job instance at 0x7f01b6eccbe0>,36,17,[3 5],63,63,80,0,63
1,<environment.Job instance at 0x7f01b7288820>,21,16,[7 2],35,77,93,42,64
1,<environment.Job instance at 0x7f01b6ec7230>,47,16,[1 6],78,80,96,2,80
1,<environment.Job instance at 0x7f01b6ec73c0>,49,21,[10  4],80,96,117,16,93
1,<environment.Job instance at 0x7f01b6ec7690>,53,15,[6 2],85,117,132,32,103
1,<environment.Job instance at 0x7f01b6fdb320>,46,16,[4 5],76,117,133,41,107
1,<environment.Job instance at 0x7f01b6f4d9b0>,59,13,[2 8],91,133,146,42,117
1,<environment.Job instance at 0x7f01b6f4dbe0>,68,15,[3 5],101,146,161,45,132
1,<environment.Job instance at 0x7f01b6f4deb0>,63,16,[4 9],96,161,177,65,150
1,<environment.Job instance at 0x7f01b6e6d550>,71,14,[ 4 10],107,177,191,70,162
1,<environment.Job instance at 0x7f01b72007d0>,5,1,[4 8],6,8,9,2,8
1,<environment.Job instance at 0x7f01b7200960>,7,18,[10  4],8,9,27,1,8
1,<environment.Job instance at 0x7f01b6eae500>,2,12,[10  3],3,27,39,24,13
1,<environment.Job instance at 0x7f01b7200a00>,10,12,[5 1],12,39,51,27,22
1,<environment.Job instance at 0x7f01b7200af0>,6,15,[1 9],7,39,54,32,26
1,<environment.Job instance at 0x7f01b7203eb0>,16,14,[5 1],22,51,65,29,41
1,<environment.Job instance at 0x7f01fd8768c0>,27,28,[10  5],37,65,93,28,64
1,<environment.Job instance at 0x7f01b721de10>,18,15,[2 8],25,93,108,68,79
1,<environment.Job instance at 0x7f01fd876b90>,36,2,[5 3],47,108,110,61,94
1,<environment.Job instance at 0x7f01fd865410>,38,18,[5 5],51,108,126,57,100
1,<environment.Job instance at 0x7f01b770f550>,42,18,[7 2],56,126,144,70,115
1,<environment.Job instance at 0x7f01b7717410>,49,18,[2 8],67,126,144,59,121
1,<environment.Job instance at 0x7f01b7717eb0>,55,14,[ 4 10],74,144,158,70,129
1,<environment.Job instance at 0x7f01b7717d20>,56,16,[6 5],75,158,174,83,146
1,<environment.Job instance at 0x7f01b76ef0f0>,67,18,[5 2],89,174,192,85,169
1,<environment.Job instance at 0x7f01b7717230>,58,18,[3 8],77,174,192,97,169
1,<environment.Job instance at 0x7f01fd79d230>,8,1,[6 4],12,17,18,5,17
1,<environment.Job instance at 0x7f020246e550>,12,24,[9 1],21,21,45,0,21
1,<environment.Job instance at 0x7f01b6eccb90>,9,16,[8 3],14,45,61,31,35
1,<environment.Job instance at 0x7f01fb1365a0>,4,15,[9 3],7,61,76,54,50
1,<environment.Job instance at 0x7f01b7555d20>,32,1,[5 7],53,76,77,23,62
1,<environment.Job instance at 0x7f01b7555280>,33,17,[10  5],55,77,94,22,65
1,<environment.Job instance at 0x7f01fdb5ebe0>,41,18,[2 5],64,94,112,30,84
1,<environment.Job instance at 0x7f01b6e7c3c0>,23,18,[7 1],39,94,112,55,86
1,<environment.Job instance at 0x7f01faf32730>,46,14,[1 9],70,112,126,42,100
1,<environment.Job instance at 0x7f020231c4b0>,48,17,[5 6],73,126,143,53,114
1,<environment.Job instance at 0x7f01fdb86dc0>,53,12,[3 9],81,143,155,62,130
1,<environment.Job instance at 0x7f01fda72820>,58,3,[1 5],86,155,158,69,139
1,<environment.Job instance at 0x7f01fdbd56e0>,59,3,[3 6],89,158,161,69,139
1,<environment.Job instance at 0x7f01fdbd5b40>,60,17,[5 4],90,155,172,65,144
1,<environment.Job instance at 0x7f01fb0cf780>,62,14,[5 3],96,161,175,65,146
1,<environment.Job instance at 0x7f01fb0cfb40>,64,1,[6 3],98,175,176,77,154
1,<environment.Job instance at 0x7f01fb0cff00>,67,3,[2 9],102,176,179,74,161
1,<environment.Job instance at 0x7f01fb0cf1e0>,69,17,[2 5],104,179,196,75,168
1,<environment.Job instance at 0x7f01fd5e9230>,0,15,[4 8],3,3,18,0,3
1,<environment.Job instance at 0x7f01b741c190>,3,17,[6 2],10,10,27,0,10
1,<environment.Job instance at 0x7f01b741cb90>,4,14,[2 6],12,18,32,6,12
1,<environment.Job instance at 0x7f01b741cf50>,11,16,[9 2],23,47,63,24,47
1,<environment.Job instance at 0x7f01fadf1af0>,25,19,[1 9],46,63,82,17,53
1,<environment.Job instance at 0x7f01b730f320>,20,13,[7 1],36,63,76,27,54
1,<environment.Job instance at 0x7f01fadf1370>,30,17,[1 5],53,82,99,29,70
1,<environment.Job instance at 0x7f01b730f960>,24,17,[7 3],42,82,99,40,73
1,<environment.Job instance at 0x7f01fda07910>,40,18,[4 6],64,99,117,35,89
1,<environment.Job instance at 0x7f01fda07190>,46,18,[3 9],76,117,135,41,115
1,<environment.Job instance at 0x7f01fadf1b90>,37,16,[ 3 10],61,135,151,74,124
1,<environment.Job instance at 0x7f01fd792730>,51,12,[6 3],81,151,163,70,134
1,<environment.Job instance at 0x7f01fd6bf370>,64,14,[3 8],96,164,178,68,164
1,<environment.Job instance at 0x7f01b7273640>,65,18,[7 3],97,178,196,81,169
1,<environment.Job instance at 0x7f01fae721e0>,0,3,[5 5],1,2,5,1,2
1,<environment.Job instance at 0x7f01fda14140>,2,14,[1 5],8,8,22,0,8
1,<environment.Job instance at 0x7f01fd620140>,5,13,[7 1],13,13,26,0,13
1,<environment.Job instance at 0x7f01b73b9d20>,11,18,[3 7],23,23,41,0,23
1,<environment.Job instance at 0x7f01fd54c780>,24,27,[6 1],43,47,74,4,47
1,<environment.Job instance at 0x7f01fb07c1e0>,8,16,[4 7],20,50,66,30,50
1,<environment.Job instance at 0x7f01fd54caa0>,23,18,[4 6],42,66,84,24,55
1,<environment.Job instance at 0x7f01faeae370>,33,15,[7 3],54,84,99,30,70
1,<environment.Job instance at 0x7f01fae97e10>,45,12,[10  3],73,99,111,26,84
1,<environment.Job instance at 0x7f01faea2910>,48,17,[ 4 10],78,111,128,33,103
1,<environment.Job instance at 0x7f01faea2d20>,51,17,[8 4],82,128,145,46,116
1,<environment.Job instance at 0x7f01fae90780>,59,20,[10  5],92,145,165,53,136
1,<environment.Job instance at 0x7f01fae97eb0>,43,16,[ 5 10],69,165,181,96,152
1,<environment.Job instance at 0x7f7fd07ee1e0>,0,18,[ 2 10],1,2,20,1,2
1,<environment.Job instance at 0x7f7fcb3de5f0>,8,17,[10  5],11,20,37,9,19
1,<environment.Job instance at 0x7f7fcb3dee60>,18,16,[4 9],24,37,53,13,27
1,<environment.Job instance at 0x7f7fcb3e21e0>,20,22,[8 2],26,53,75,27,46
1,<environment.Job instance at 0x7f7fcb3e27d0>,28,13,[1 6],37,69,82,32,69
1,<environment.Job instance at 0x7f7fcb3e28c0>,30,14,[8 3],40,75,89,35,75
1,<environment.Job instance at 0x7f7fcb3e29b0>,31,16,[9 3],41,89,105,48,82
1,<environment.Job instance at 0x7f7fcb3e31e0>,41,14,[8 4],53,105,119,52,95
1,<environment.Job instance at 0x7f7fcb3e3500>,44,18,[3 7],58,119,137,61,119
1,<environment.Job instance at 0x7f7fcb3de690>,9,17,[1 7],12,137,154,125,126
1,<environment.Job instance at 0x7f7fcb3e3aa0>,52,2,[3 6],66,154,156,88,132
1,<environment.Job instance at 0x7f7fcb3e3d70>,53,1,[ 1 10],73,156,157,83,133
1,<environment.Job instance at 0x7f7fcb3e3e60>,54,1,[7 5],74,157,158,83,133
1,<environment.Job instance at 0x7f7fcb3e70a0>,55,1,[9 5],76,158,159,82,133
1,<environment.Job instance at 0x7f7fcb3e72d0>,56,14,[6 3],77,133,147,56,133
1,<environment.Job instance at 0x7f7fcb3e7a00>,62,18,[1 7],85,159,177,74,148
1,<environment.Job instance at 0x7f7fcb3e7e60>,68,14,[9 1],95,159,173,64,154
1,<environment.Job instance at 0x7f7fcb3e65a0>,74,13,[2 7],105,177,190,72,176
1,<environment.Job instance at 0x7f7fcb496d20>,1,17,[5 6],4,4,21,0,4
1,<environment.Job instance at 0x7f7fd09695f0>,8,18,[3 6],22,22,40,0,22
1,<environment.Job instance at 0x7f7fd09645f0>,16,15,[7 2],35,39,54,4,39
1,<environment.Job instance at 0x7f7fd0964f50>,20,13,[3 7],40,42,55,2,42
1,<environment.Job instance at 0x7f7fd095f6e0>,22,1,[5 2],42,54,55,12,42
1,<environment.Job instance at 0x7f7fd0964e10>,19,16,[3 6],39,55,71,16,44
1,<environment.Job instance at 0x7f7fd095b640>,29,18,[1 6],52,71,89,19,65
1,<environment.Job instance at 0x7f7fd08152d0>,33,1,[5 1],58,67,68,9,67
1,<environment.Job instance at 0x7f7fd095b410>,30,18,[10  1],53,89,107,36,79
1,<environment.Job instance at 0x7f7fd09622d0>,39,15,[ 1 10],69,107,122,38,102
1,<environment.Job instance at 0x7f7fd09683c0>,52,20,[2 7],90,129,149,39,129
1,<environment.Job instance at 0x7f7fd0968190>,54,15,[7 4],92,149,164,57,135
1,<environment.Job instance at 0x7f7fd0968730>,60,27,[5 3],98,164,191,66,162
1,<environment.Job instance at 0x7f7fd09685f0>,63,13,[5 1],101,170,183,69,170
1,<environment.Job instance at 0x7f7fd0958050>,64,1,[6 5],103,191,192,88,171
1,<environment.Job instance at 0x7fe2244be2d0>,2,12,[5 4],3,3,15,0,3
1,<environment.Job instance at 0x7fe2245476e0>,3,13,[3 8],5,15,28,10,5
1,<environment.Job instance at 0x7fe21f0ae5f0>,10,28,[3 9],14,33,61,19,33
1,<environment.Job instance at 0x7fe21f0ae410>,5,18,[7 5],7,61,79,54,54
1,<environment.Job instance at 0x7fe21f0aee10>,22,18,[7 4],28,79,97,51,68
1,<environment.Job instance at 0x7fe21f0aec30>,20,22,[8 2],26,97,119,71,92
1,<environment.Job instance at 0x7fe21f0b0dc0>,38,18,[5 8],50,119,137,69,108
1,<environment.Job instance at 0x7fe21f0b5190>,44,18,[3 7],58,149,167,91,149
1,<environment.Job instance at 0x7fe21f0b5640>,50,15,[7 4],64,167,182,103,153
1,<environment.Job instance at 0x7fe21f0b0190>,28,13,[1 6],37,167,180,130,155
1,<environment.Job instance at 0x7fe21f0b0820>,30,14,[8 3],40,182,196,142,169
1,<environment.Job instance at 0x7fe21f0b5f50>,54,1,[7 5],74,196,197,122,169
1,<environment.Job instance at 0x7fe21f0b5eb0>,53,1,[ 1 10],73,197,198,124,170
1,<environment.Job instance at 0x7fe21f0b3370>,60,2,[1 5],83,180,182,97,171
1,<environment.Job instance at 0x7fe21f0b3550>,63,2,[2 7],87,182,184,95,172
1,<environment.Job instance at 0x7fe21f0b36e0>,65,13,[7 2],92,198,211,106,182
1,<environment.Job instance at 0x7fe21f0c27d0>,0,13,[1 8],1,1,14,0,1
1,<environment.Job instance at 0x7fe2246393c0>,23,18,[1 6],42,58,76,16,58
1,<environment.Job instance at 0x7fe2246392d0>,25,14,[5 3],44,76,90,32,76
1,<environment.Job instance at 0x7fe224634370>,28,16,[7 5],52,90,106,38,77
1,<environment.Job instance at 0x7fe22462fcd0>,34,17,[4 9],60,106,123,46,95
1,<environment.Job instance at 0x7fe2244e51e0>,46,20,[2 7],80,150,170,70,150
1,<environment.Job instance at 0x7fe2246316e0>,6,16,[1 9],18,170,186,152,163
1,<environment.Job instance at 0x7fe2244e53c0>,50,14,[3 9],84,186,200,102,171
1,<environment.Job instance at 0x7fe1d9301aa0>,0,14,[10  4],1,1,15,0,1
1,<environment.Job instance at 0x7fe1d9374f00>,6,13,[7 4],8,15,28,7,11
1,<environment.Job instance at 0x7fe1d93747d0>,12,15,[8 5],19,28,43,9,21
1,<environment.Job instance at 0x7fe1d93b8140>,19,17,[8 2],27,43,60,16,31
1,<environment.Job instance at 0x7fe1d93159b0>,27,17,[5 8],37,60,77,23,48
1,<environment.Job instance at 0x7fe1d9315370>,30,17,[7 1],41,77,94,36,65
1,<environment.Job instance at 0x7fe1d9315f00>,36,15,[7 4],47,94,109,47,88
1,<environment.Job instance at 0x7fe1d93c7d70>,39,15,[6 2],51,109,124,58,95
1,<environment.Job instance at 0x7fe1d93c7c30>,43,15,[2 9],57,124,139,67,110
1,<environment.Job instance at 0x7fe1d93c7910>,45,18,[2 8],59,139,157,80,128
1,<environment.Job instance at 0x7fe1d9353050>,53,15,[6 4],72,157,172,85,143
1,<environment.Job instance at 0x7fe1d934cf50>,59,12,[2 6],85,157,169,72,155
1,<environment.Job instance at 0x7fe1d934c370>,60,16,[8 5],86,172,188,86,159
1,<environment.Job instance at 0x7fe1d936c960>,66,12,[2 9],94,188,200,94,185
1,<environment.Job instance at 0x7fe21ee7fc30>,71,1,[10  2],101,200,201,99,188
1,<environment.Job instance at 0x7fe21f7f1af0>,0,14,[8 2],1,1,15,0,1
1,<environment.Job instance at 0x7fe21f1bf190>,5,17,[2 7],7,20,37,13,20
1,<environment.Job instance at 0x7fe1d9870730>,30,16,[5 5],45,48,64,3,48
1,<environment.Job instance at 0x7fe1d9870e10>,31,14,[3 6],46,64,78,18,51
1,<environment.Job instance at 0x7fe1d980cbe0>,32,25,[1 7],47,89,114,42,89
1,<environment.Job instance at 0x7fe1d9886280>,39,3,[6 3],58,97,100,39,97
1,<environment.Job instance at 0x7fe1d98869b0>,41,3,[5 6],60,114,117,54,98
1,<environment.Job instance at 0x7fe1d9886f00>,42,3,[7 5],61,117,120,56,98
1,<environment.Job instance at 0x7fe1d99883c0>,43,2,[8 1],62,100,102,38,98
1,<environment.Job instance at 0x7fe1d9886320>,45,2,[5 4],65,114,116,49,98
1,<environment.Job instance at 0x7fe1d975d3c0>,48,14,[5 1],69,120,134,51,111
1,<environment.Job instance at 0x7fe1d9770c80>,17,17,[5 9],26,120,137,94,115
1,<environment.Job instance at 0x7fe1d97726e0>,54,3,[4 8],78,137,140,59,121
1,<environment.Job instance at 0x7fe1d9825be0>,57,12,[8 4],85,140,152,55,128
1,<environment.Job instance at 0x7fe1d980cc80>,34,15,[ 5 10],49,152,167,103,141
1,<environment.Job instance at 0x7fe21f097eb0>,66,12,[ 2 10],100,167,179,67,151
1,<environment.Job instance at 0x7fe21f0a7780>,69,14,[7 5],105,179,193,74,167
1,<environment.Job instance at 0x7fe21f0a7be0>,71,14,[3 8],107,193,207,86,185
1,<environment.Job instance at 0x7fe1d930e2d0>,64,17,[6 1],97,193,210,96,186
1,<environment.Job instance at 0x7f6f055a84b0>,0,18,[ 2 10],1,2,20,1,2
1,<environment.Job instance at 0x7f6efe1a0b40>,7,14,[5 1],8,20,34,12,8
1,<environment.Job instance at 0x7f6efe1a30f0>,12,3,[6 3],13,34,37,21,14
1,<environment.Job instance at 0x7f6efe1a0eb0>,13,13,[1 8],14,20,33,6,15
1,<environment.Job instance at 0x7f6efe1a3370>,14,12,[3 7],15,33,45,18,16
1,<environment.Job instance at 0x7f6efe1a3dc0>,23,18,[5 2],24,37,55,13,29
1,<environment.Job instance at 0x7f6efe1a64b0>,29,13,[1 6],30,45,58,15,33
1,<environment.Job instance at 0x7f6efe1a6500>,32,17,[9 3],33,55,72,22,43
1,<environment.Job instance at 0x7f6f054f5820>,5,17,[4 7],6,6,23,0,6
1,<environment.Job instance at 0x7f6f054f5230>,7,3,[8 4],8,23,26,15,11
1,<environment.Job instance at 0x7f6f054f5870>,9,14,[ 2 10],10,26,40,16,16
1,<environment.Job instance at 0x7f6f055d9500>,12,20,[9 1],13,40,60,27,31
1,<environment.Job instance at 0x7f6f054f5e10>,4,14,[1 7],5,40,54,35,33
1,<environment.Job instance at 0x7f6f0572a730>,23,3,[10  4],24,60,63,36,44
1,<environment.Job instance at 0x7f6eba44a1e0>,0,18,[7 5],1,1,19,0,1
1,<environment.Job instance at 0x7f6eba44a910>,8,20,[5 7],9,19,39,10,12
1,<environment.Job instance at 0x7f6eba542a50>,0,13,[2 6],1,1,14,0,1
1,<environment.Job instance at 0x7f6eba3f1e10>,7,17,[3 8],8,14,31,6,8
1,<environment.Job instance at 0x7f6eba84c230>,17,18,[5 2],18,21,39,3,21
1,<environment.Job instance at 0x7f6eba8572d0>,21,14,[5 3],22,31,45,9,22
1,<environment.Job instance at 0x7f6eba84cc30>,13,15,[4 8],14,45,60,31,44
1,<environment.Job instance at 0x7f6eba857a50>,28,14,[4 7],29,60,74,31,49
1,<environment.Job instance at 0x7f6eba96eb90>,0,2,[3 8],1,1,3,0,1
1,<environment.Job instance at 0x7f6eba938780>,3,27,[5 3],4,5,32,1,5
1,<environment.Job instance at 0x7f6ebab48d20>,14,13,[5 9],15,32,45,17,16
1,<environment.Job instance at 0x7f6eba857a50>,4,17,[10  2],5,45,62,40,38
1,<environment.Job instance at 0x7f6ebab640a0>,19,1,[9 2],20,62,63,42,46
1,<environment.Job instance at 0x7f6ebab52640>,0,18,[8 5],1,3,21,2,3
1,<environment.Job instance at 0x7f6efe01a230>,9,12,[1 8],10,21,33,11,10
1,<environment.Job instance at 0x7f6efe59bcd0>,16,22,[6 1],17,24,46,7,24
1,<environment.Job instance at 0x7f6efe59b6e0>,17,14,[3 5],18,33,47,15,26
1,<environment.Job instance at 0x7f6f04afe6e0>,22,17,[8 2],23,47,64,24,40
1,<environment.Job instance at 0x7f6eba702be0>,0,17,[4 5],1,1,18,0,1
1,<environment.Job instance at 0x7f6eba926410>,14,16,[8 3],15,18,34,3,18
1,<environment.Job instance at 0x7f6eba926280>,20,14,[ 3 10],21,34,48,13,26
1,<environment.Job instance at 0x7f6eba6695a0>,0,1,[2 5],1,1,2,0,1
1,<environment.Job instance at 0x7f6eba9580a0>,1,14,[3 6],2,2,16,0,2
1,<environment.Job instance at 0x7f6eba78eaa0>,4,12,[2 9],5,16,28,11,5
1,<environment.Job instance at 0x7f6f04a8c870>,0,16,[1 9],1,1,17,0,1
1,<environment.Job instance at 0x7f6f0517f190>,9,17,[5 1],10,10,27,0,10
1,<environment.Job instance at 0x7f6f0517f9b0>,12,13,[8 1],13,27,40,14,14
1,<environment.Job instance at 0x7f6f0517f8c0>,8,14,[2 7],9,21,35,12,21
1,<environment.Job instance at 0x7f6eba70e730>,17,14,[10  3],18,40,54,22,26
1,<environment.Job instance at 0x7f6f0517f230>,14,3,[2 5],15,35,38,20,30
1,<environment.Job instance at 0x7f6efe2c3280>,25,16,[10  5],26,54,70,28,44
1,<environment.Job instance at 0x7f6efe23d370>,2,17,[10  3],3,3,20,0,3
1,<environment.Job instance at 0x7f6efe54e7d0>,4,15,[ 1 10],5,20,35,15,9
1,<environment.Job instance at 0x7f6efe0f9cd0>,21,14,[1 9],22,35,49,13,25
1,<environment.Job instance at 0x7f6efdfea410>,22,12,[4 9],23,49,61,26,32
1,<environment.Job instance at 0x7f6eba731a00>,0,19,[2 7],1,1,20,0,1
1,<environment.Job instance at 0x7f6f05048690>,6,14,[7 5],7,20,34,13,20
1,<environment.Job instance at 0x7f6eba277140>,3,15,[6 5],4,34,49,30,23
1,<environment.Job instance at 0x7f6efe0d3eb0>,20,18,[4 6],21,49,67,28,38
1,<environment.Job instance at 0x7f6efe212a50>,2,3,[4 9],3,3,6,0,3
1,<environment.Job instance at 0x7f6efe2c3eb0>,3,12,[ 2 10],4,6,18,2,4
1,<environment.Job instance at 0x7f6efe66ebe0>,4,2,[10  3],5,18,20,13,5
1,<environment.Job instance at 0x7f6efe636640>,8,14,[6 4],9,20,34,11,15
1,<environment.Job instance at 0x7f6efe669730>,16,2,[ 3 10],17,34,36,17,18
1,<environment.Job instance at 0x7f6efe6695a0>,14,14,[7 5],15,36,50,21,22
1,<environment.Job instance at 0x7f6efe68b4b0>,28,16,[9 2],29,50,66,21,39
1,<environment.Job instance at 0x7f6efe68b550>,29,28,[1 8],30,50,78,20,49
1,<environment.Job instance at 0x7f6efe68b5f0>,30,12,[7 2],31,66,78,35,49
1,<environment.Job instance at 0x7f6efe68b5a0>,1,3,[5 9],2,2,5,0,2
1,<environment.Job instance at 0x7f6eba5a7870>,5,13,[3 9],6,6,19,0,6
1,<environment.Job instance at 0x7f6eba5a72d0>,6,18,[9 4],7,19,37,12,8
1,<environment.Job instance at 0x7f6eba910d70>,15,13,[8 5],16,37,50,21,23
1,<environment.Job instance at 0x7f6eba5a7af0>,8,17,[2 6],9,50,67,41,38
1,<environment.Job instance at 0x7f6eba28b3c0>,28,13,[6 1],29,50,63,21,39
1,<environment.Job instance at 0x7f6f04ba9140>,0,17,[2 6],1,1,18,0,1
1,<environment.Job instance at 0x7f6f04ba93c0>,2,1,[4 6],3,18,19,15,3
1,<environment.Job instance at 0x7f6f04ba9cd0>,13,13,[7 5],14,19,32,5,14
1,<environment.Job instance at 0x7f6f05011f50>,14,13,[1 8],15,32,45,17,17
1,<environment.Job instance at 0x7f6f05011b90>,15,3,[10  4],16,45,48,29,32
1,<environment.Job instance at 0x7f6f05011c80>,21,2,[2 6],22,48,50,26,37
1,<environment.Job instance at 0x7f6f04ba9410>,12,15,[10  1],13,50,65,37,38
1,<environment.Job instance at 0x7f6efdf7caa0>,0,2,[2 7],1,1,3,0,1
1,<environment.Job instance at 0x7f6efdf7cc80>,1,12,[1 8],2,3,15,1,2
1,<environment.Job instance at 0x7f6f04af9370>,5,15,[ 1 10],6,15,30,9,8
1,<environment.Job instance at 0x7f6f04af9190>,9,12,[4 6],10,30,42,20,18
1,<environment.Job instance at 0x7f6f04b01e60>,24,16,[4 5],25,42,58,17,34
1,<environment.Job instance at 0x7f6f04af34b0>,30,12,[1 7],31,58,70,27,41
1,<environment.Job instance at 0x7f6f04b029b0>,0,15,[10  4],1,1,16,0,1
1,<environment.Job instance at 0x7f6efe02dbe0>,7,14,[ 4 10],8,16,30,8,8
1,<environment.Job instance at 0x7f6eba5c96e0>,12,16,[3 8],13,30,46,17,17
1,<environment.Job instance at 0x7f6eba5c9960>,11,12,[5 5],12,46,58,34,33
1,<environment.Job instance at 0x7f6efe55ce60>,23,13,[5 5],24,46,59,22,39
1,<environment.Job instance at 0x7f6ebaa6ceb0>,20,16,[ 3 10],21,59,75,38,46
1,<environment.Job instance at 0x7f6efe64e2d0>,0,14,[ 2 10],1,1,15,0,1
1,<environment.Job instance at 0x7f6efe4f8af0>,5,17,[ 3 10],6,15,32,9,8
1,<environment.Job instance at 0x7f6f04f9e3c0>,14,16,[2 7],15,32,48,17,19
1,<environment.Job instance at 0x7f6eba96e7d0>,18,16,[8 3],19,32,48,13,21
1,<environment.Job instance at 0x7f6efe60d550>,23,1,[10  1],24,48,49,24,41
1,<environment.Job instance at 0x7f6f050cd870>,21,21,[8 2],22,49,70,27,41
1,<environment.Job instance at 0x7f6f04d5f0a0>,0,14,[1 5],1,1,15,0,1
1,<environment.Job instance at 0x7f6efe434fa0>,8,14,[1 7],9,17,31,8,17
1,<environment.Job instance at 0x7f6efe0457d0>,9,18,[6 4],10,31,49,21,20
1,<environment.Job instance at 0x7f6eba9ccaf0>,12,14,[3 9],13,49,63,36,41
1,<environment.Job instance at 0x7f6eba8561e0>,2,2,[3 6],3,3,5,0,3
1,<environment.Job instance at 0x7f6eba6108c0>,4,3,[4 5],5,5,8,0,5
1,<environment.Job instance at 0x7f6efe312f50>,5,18,[9 2],6,8,26,2,8
1,<environment.Job instance at 0x7f6f04b6ef00>,19,18,[6 1],20,26,44,6,20
1,<environment.Job instance at 0x7f6f04a83b40>,26,1,[7 4],27,44,45,17,35
1,<environment.Job instance at 0x7f6f04a834b0>,27,16,[1 7],28,45,61,17,35
1,<environment.Job instance at 0x7f6f04a835a0>,30,15,[4 7],31,61,76,30,47
1,<environment.Job instance at 0x7f6efe477050>,1,18,[3 8],2,2,20,0,2
1,<environment.Job instance at 0x7f6eba558a00>,11,28,[5 1],12,12,40,0,12
1,<environment.Job instance at 0x7f6eba593870>,15,15,[3 5],16,25,40,9,25
1,<environment.Job instance at 0x7f6eba485500>,25,12,[2 8],26,40,52,14,26
1,<environment.Job instance at 0x7f6efe238dc0>,24,13,[4 8],25,52,65,27,36
1,<environment.Job instance at 0x7f813ab03370>,2,12,[5 4],3,3,15,0,3
1,<environment.Job instance at 0x7f81356f6a00>,3,18,[ 3 10],4,15,33,11,4
1,<environment.Job instance at 0x7f813ab032d0>,5,13,[5 9],6,33,46,27,24
1,<environment.Job instance at 0x7f81356f90f0>,13,13,[1 8],14,46,59,32,30
1,<environment.Job instance at 0x7f81356f9910>,26,22,[2 9],27,59,81,32,52
1,<environment.Job instance at 0x7f813aae8460>,4,12,[6 1],5,5,17,0,5
1,<environment.Job instance at 0x7f813ac7ce10>,5,13,[3 5],6,6,19,0,6
1,<environment.Job instance at 0x7f813ac80e10>,9,13,[7 2],10,17,30,7,10
1,<environment.Job instance at 0x7f813ab30640>,13,3,[10  4],14,30,33,16,16
1,<environment.Job instance at 0x7f813ab30be0>,12,14,[9 1],13,33,47,20,18
1,<environment.Job instance at 0x7f813ac753c0>,24,12,[3 5],25,47,59,22,30
1,<environment.Job instance at 0x7f813ac75320>,26,3,[5 6],27,59,62,32,50
1,<environment.Job instance at 0x7f813ac77b40>,27,2,[ 4 10],28,62,64,34,50
1,<environment.Job instance at 0x7f813ac77370>,28,12,[3 5],29,64,76,35,50
1,<environment.Job instance at 0x7f813ac776e0>,30,3,[7 2],31,50,53,19,50
1,<environment.Job instance at 0x7f80ef948c30>,0,2,[5 6],1,1,3,0,1
1,<environment.Job instance at 0x7f80ef948050>,3,3,[1 5],4,4,7,0,4
1,<environment.Job instance at 0x7f80ef948780>,4,15,[9 1],5,5,20,0,5
1,<environment.Job instance at 0x7f80ef9483c0>,8,16,[7 1],9,20,36,11,9
1,<environment.Job instance at 0x7f80ef9f50a0>,16,18,[1 6],17,35,53,18,35
1,<environment.Job instance at 0x7f80ef9f5410>,14,15,[10  5],15,53,68,38,39
1,<environment.Job instance at 0x7f80efbb2f50>,28,12,[3 9],29,68,80,39,56
1,<environment.Job instance at 0x7f80f00229b0>,0,12,[2 5],1,1,13,0,1
1,<environment.Job instance at 0x7f80f0022e60>,5,17,[10  5],6,13,30,7,6
1,<environment.Job instance at 0x7f80f00227d0>,13,3,[5 4],14,30,33,16,23
1,<environment.Job instance at 0x7f80efe49c30>,17,3,[4 9],18,33,36,15,26
1,<environment.Job instance at 0x7f80f00223c0>,14,17,[10  5],15,36,53,21,27
1,<environment.Job instance at 0x7f80efa46500>,25,17,[5 9],26,53,70,27,52
1,<environment.Job instance at 0x7f80efe46be0>,30,17,[2 9],31,70,87,39,58
1,<environment.Job instance at 0x7f80efacd460>,0,28,[7 3],1,2,30,1,2
1,<environment.Job instance at 0x7f80f00a9c30>,6,17,[2 6],7,11,28,4,11
1,<environment.Job instance at 0x7f80f0099280>,13,14,[3 5],14,28,42,14,14
1,<environment.Job instance at 0x7f80f00a9b90>,7,16,[2 8],8,42,58,34,29
1,<environment.Job instance at 0x7f8135cf1640>,0,17,[4 5],1,1,18,0,1
1,<environment.Job instance at 0x7f8135c5c780>,17,14,[7 1],18,25,39,7,25
1,<environment.Job instance at 0x7f8135c5caa0>,20,14,[ 3 10],21,39,53,18,39
1,<environment.Job instance at 0x7f8135c5c230>,23,15,[7 4],24,53,68,29,46
1,<environment.Job instance at 0x7f813628fb40>,30,13,[ 4 10],31,68,81,37,57
1,<environment.Job instance at 0x7f8135a54e10>,0,1,[5 1],1,1,2,0,1
1,<environment.Job instance at 0x7f8135a540a0>,2,2,[1 5],3,3,5,0,3
1,<environment.Job instance at 0x7f8135794af0>,3,12,[8 5],4,4,16,0,4
1,<environment.Job instance at 0x7f8135794320>,4,22,[1 9],5,16,38,11,11
1,<environment.Job instance at 0x7f80efdd95a0>,16,15,[4 9],17,38,53,21,24
1,<environment.Job instance at 0x7f8135794500>,7,13,[ 1 10],8,53,66,45,37
1,<environment.Job instance at 0x7f813562d320>,30,12,[1 5],31,66,78,35,49
1,<environment.Job instance at 0x7f8135526550>,33,18,[8 1],34,66,84,32,55
1,<environment.Job instance at 0x7f813580a1e0>,2,13,[3 9],3,3,16,0,3
1,<environment.Job instance at 0x7f8136072640>,5,16,[10  5],6,16,32,10,6
1,<environment.Job instance at 0x7f80f001e500>,17,16,[2 6],18,32,48,14,20
1,<environment.Job instance at 0x7f8135502050>,20,3,[9 1],21,48,51,27,27
1,<environment.Job instance at 0x7f80f001c0f0>,26,17,[9 1],27,51,68,24,46
1,<environment.Job instance at 0x7f80eff2eb40>,2,3,[1 7],3,3,6,0,3
1,<environment.Job instance at 0x7f80eff2ee10>,5,19,[7 5],6,6,25,0,6
1,<environment.Job instance at 0x7f813577baa0>,13,14,[8 2],14,25,39,11,14
1,<environment.Job instance at 0x7f8136413910>,20,19,[2 7],21,29,48,8,29
1,<environment.Job instance at 0x7f813577bf00>,16,18,[8 2],17,39,57,22,34
1,<environment.Job instance at 0x7f81363c9b90>,28,14,[3 8],29,57,71,28,42
1,<environment.Job instance at 0x7f80ef9400a0>,35,16,[4 5],36,71,87,35,58
1,<environment.Job instance at 0x7f813619ab90>,1,12,[5 9],2,2,14,0,2
1,<environment.Job instance at 0x7f813564b820>,6,14,[10  4],7,14,28,7,7
1,<environment.Job instance at 0x7f8135a9aaf0>,17,18,[3 6],18,28,46,10,18
1,<environment.Job instance at 0x7f80ef7e36e0>,18,14,[6 4],19,28,42,9,19
1,<environment.Job instance at 0x7f8135a62e10>,22,3,[4 9],23,46,49,23,26
1,<environment.Job instance at 0x7f8135f85370>,25,12,[6 1],26,42,54,16,27
1,<environment.Job instance at 0x7f8135f85aa0>,26,2,[ 3 10],27,54,56,27,27
1,<environment.Job instance at 0x7f8135873820>,29,14,[9 5],30,56,70,26,47
1,<environment.Job instance at 0x7f80efd280a0>,35,17,[ 5 10],36,70,87,34,58
1,<environment.Job instance at 0x7f81359e1550>,5,13,[3 9],6,6,19,0,6
1,<environment.Job instance at 0x7f8135d0e5a0>,12,15,[10  1],13,19,34,6,14
1,<environment.Job instance at 0x7f80efc0e9b0>,16,13,[3 9],17,34,47,17,19
1,<environment.Job instance at 0x7f813607fe60>,24,16,[9 2],25,47,63,22,34
1,<environment.Job instance at 0x7f8135ee0d20>,0,27,[6 4],1,3,30,2,3
1,<environment.Job instance at 0x7f80efca6960>,14,16,[9 4],15,30,46,15,18
1,<environment.Job instance at 0x7f80efca6fa0>,20,14,[1 8],21,46,60,25,34
1,<environment.Job instance at 0x7f80efc8a280>,21,12,[5 6],22,60,72,38,43
1,<environment.Job instance at 0x7f80efc8a3c0>,23,13,[5 1],24,46,59,22,43
1,<environment.Job instance at 0x7f80efc8aaf0>,34,3,[3 6],35,72,75,37,55
1,<environment.Job instance at 0x7f813629aaf0>,0,20,[4 6],1,1,21,0,1
1,<environment.Job instance at 0x7f80effbec30>,16,13,[4 7],17,21,34,4,17
1,<environment.Job instance at 0x7f80efc8ab40>,4,16,[4 5],5,34,50,29,22
1,<environment.Job instance at 0x7f80effbe3c0>,19,13,[7 4],20,50,63,30,39
1,<environment.Job instance at 0x7f8135b8ed70>,25,2,[4 7],26,63,65,37,42
1,<environment.Job instance at 0x7f8135b8e960>,23,15,[4 9],24,65,80,41,53
1,<environment.Job instance at 0x7f813574d1e0>,4,13,[5 3],5,5,18,0,5
1,<environment.Job instance at 0x7f80efc8a9b0>,6,14,[6 4],7,18,32,11,10
1,<environment.Job instance at 0x7f80efd48410>,17,2,[7 2],18,32,34,14,18
1,<environment.Job instance at 0x7f80efd48a50>,20,14,[ 2 10],21,34,48,13,22
1,<environment.Job instance at 0x7f80efda56e0>,26,13,[3 9],27,48,61,21,33
1,<environment.Job instance at 0x7f80efda5dc0>,25,17,[ 3 10],26,61,78,35,51
1,<environment.Job instance at 0x7f813582ecd0>,0,26,[4 9],1,7,33,6,7
1,<environment.Job instance at 0x7f80ef7e76e0>,5,18,[1 8],6,42,60,36,42
1,<environment.Job instance at 0x7f8135e08910>,14,13,[2 6],15,60,73,45,47
1,<environment.Job instance at 0x7f8135e08cd0>,22,14,[3 9],23,73,87,50,59
1,<environment.Job instance at 0x7f8135e10690>,0,1,[8 1],1,1,2,0,1
1,<environment.Job instance at 0x7f8135e170f0>,1,18,[10  5],2,2,20,0,2
1,<environment.Job instance at 0x7f80ef9f99b0>,5,18,[9 2],6,20,38,14,9
1,<environment.Job instance at 0x7f813573ca00>,16,12,[3 9],17,38,50,21,22
1,<environment.Job instance at 0x7f80ef9f9c30>,11,21,[4 9],12,50,71,38,42
1,<environment.Job instance at 0x7f813612faa0>,30,15,[4 7],31,71,86,40,57
1,<environment.Job instance at 0x7f81359beaa0>,13,23,[7 4],14,17,40,3,17
1,<environment.Job instance at 0x7f8135951230>,16,12,[9 5],17,40,52,23,24
1,<environment.Job instance at 0x7f81364250f0>,19,15,[2 6],20,52,67,32,50
1,<environment.Job instance at 0x7f8135570910>,21,14,[9 4],22,67,81,45,53
1,<environment.Job instance at 0x7f81359a25a0>,1,15,[5 4],2,2,17,0,2
1,<environment.Job instance at 0x7f81363c9eb0>,3,17,[5 9],4,17,34,13,5
1,<environment.Job instance at 0x7f813625b0f0>,15,2,[4 8],16,34,36,18,16
1,<environment.Job instance at 0x7f80ef9f7fa0>,11,1,[5 5],12,36,37,24,19
1,<environment.Job instance at 0x7f80f00a26e0>,17,2,[1 8],18,37,39,19,22
1,<environment.Job instance at 0x7f80f00a2e10>,14,17,[1 9],15,39,56,24,29
1,<environment.Job instance at 0x7f8136256550>,21,13,[7 4],22,56,69,34,48
1,<environment.Job instance at 0x7f81362749b0>,12,16,[9 4],13,69,85,56,56
1,<environment.Job instance at 0x7f80efad95a0>,0,12,[7 4],1,1,13,0,1
1,<environment.Job instance at 0x7f80efad98c0>,8,17,[9 5],9,13,30,4,9
1,<environment.Job instance at 0x7f80efda44b0>,11,18,[4 7],12,30,48,18,20
1,<environment.Job instance at 0x7f813550be60>,20,15,[5 5],21,48,63,27,36
1,<environment.Job instance at 0x7f8135d74190>,26,1,[5 5],27,50,51,23,50
1,<environment.Job instance at 0x7f8135909e10>,1,15,[8 4],2,2,17,0,2
1,<environment.Job instance at 0x7f8135f8d0f0>,5,17,[5 3],6,17,34,11,6
1,<environment.Job instance at 0x7f8135b86dc0>,13,18,[4 6],14,17,35,3,16
1,<environment.Job instance at 0x7f80efe5a910>,17,12,[1 6],18,35,47,17,19
1,<environment.Job instance at 0x7f8135c5a5a0>,20,2,[4 6],21,47,49,26,22
1,<environment.Job instance at 0x7f80efa83320>,22,18,[7 4],23,49,67,26,38
1,<environment.Job instance at 0x7f8135892aa0>,29,15,[3 9],30,67,82,37,53
1,<environment.Job instance at 0x7f05082d7140>,0,18,[ 2 10],1,1,19,0,1
1,<environment.Job instance at 0x7f0500ec7230>,5,13,[5 9],6,19,32,13,6
1,<environment.Job instance at 0x7f0500ec7c30>,14,12,[3 7],15,32,44,17,19
1,<environment.Job instance at 0x7f0500ec79b0>,15,3,[10  2],16,44,47,28,19
1,<environment.Job instance at 0x7f0500ec7af0>,13,13,[1 8],14,47,60,33,31
1,<environment.Job instance at 0x7f0500ec8af0>,31,17,[4 9],32,60,77,28,49
1,<environment.Job instance at 0x7f0500ec7370>,8,17,[ 2 10],9,77,94,68,65
1,<environment.Job instance at 0x7f05082ffe60>,0,18,[5 5],1,1,19,0,1
1,<environment.Job instance at 0x7f0508440be0>,6,13,[1 5],7,7,20,0,7
1,<environment.Job instance at 0x7f0508443640>,9,17,[2 7],10,20,37,10,10
1,<environment.Job instance at 0x7f0508443280>,8,19,[8 4],9,37,56,28,27
1,<environment.Job instance at 0x7f0508444960>,23,12,[4 9],24,56,68,32,40
1,<environment.Job instance at 0x7f0508452410>,35,1,[3 6],36,68,69,32,56
1,<environment.Job instance at 0x7f0508452fa0>,36,12,[2 6],37,69,81,32,56
1,<environment.Job instance at 0x7f04bd288910>,0,17,[3 8],1,1,18,0,1
1,<environment.Job instance at 0x7f04bd2a1190>,14,2,[8 5],15,18,20,3,16
1,<environment.Job instance at 0x7f04bd288a50>,5,15,[6 2],6,20,35,14,16
1,<environment.Job instance at 0x7f04bd2a1eb0>,15,14,[3 8],16,20,34,4,17
1,<environment.Job instance at 0x7f04bd18f370>,17,17,[3 8],18,34,51,16,25
1,<environment.Job instance at 0x7f04bd2885a0>,12,16,[6 2],13,35,51,22,34
1,<environment.Job instance at 0x7f04bd285690>,27,18,[5 2],28,51,69,23,40
1,<environment.Job instance at 0x7f04bd285d20>,23,15,[4 8],24,51,66,27,40
1,<environment.Job instance at 0x7f04bd280eb0>,38,14,[4 7],39,66,80,27,53
1,<environment.Job instance at 0x7f04bd29e7d0>,0,17,[2 9],1,1,18,0,1
1,<environment.Job instance at 0x7f04bd29e640>,3,12,[5 1],4,4,16,0,4
1,<environment.Job instance at 0x7f04bd122910>,6,16,[7 2],7,18,34,11,8
1,<environment.Job instance at 0x7f04bd1228c0>,15,17,[3 5],16,19,36,3,19
1,<environment.Job instance at 0x7f04bd57f3c0>,5,17,[8 1],6,36,53,30,35
1,<environment.Job instance at 0x7f04bd5845a0>,20,15,[7 4],21,53,68,32,39
1,<environment.Job instance at 0x7f04bd5840a0>,25,12,[2 6],26,47,59,21,47
1,<environment.Job instance at 0x7f04bd69a870>,28,18,[3 8],29,68,86,39,58
1,<environment.Job instance at 0x7f04bd69a050>,1,16,[6 2],2,2,18,0,2
1,<environment.Job instance at 0x7f04bd86e1e0>,6,13,[3 6],7,7,20,0,7
1,<environment.Job instance at 0x7f04bd86e640>,11,3,[3 6],12,20,23,8,15
1,<environment.Job instance at 0x7f04bd86ea00>,14,18,[ 5 10],15,23,41,8,15
1,<environment.Job instance at 0x7f04bd86e870>,13,18,[9 2],14,41,59,27,38
1,<environment.Job instance at 0x7f04bd88baa0>,31,15,[10  3],32,59,74,27,53
1,<environment.Job instance at 0x7f04bd88bfa0>,34,16,[8 3],35,74,90,39,69
1,<environment.Job instance at 0x7f04bd7ab230>,0,1,[2 5],1,1,2,0,1
1,<environment.Job instance at 0x7f04bd88b410>,1,14,[3 6],2,2,16,0,2
1,<environment.Job instance at 0x7f04bd564a50>,6,15,[10  5],7,16,31,9,7
1,<environment.Job instance at 0x7f0503aabfa0>,20,17,[7 1],21,31,48,10,24
1,<environment.Job instance at 0x7f0500fad820>,21,18,[3 8],22,31,49,9,28
1,<environment.Job instance at 0x7f04bd7ab5f0>,8,16,[3 6],9,49,65,40,41
1,<environment.Job instance at 0x7f0503b950a0>,26,15,[4 9],27,65,80,38,54
1,<environment.Job instance at 0x7f0503b95e10>,29,3,[9 2],30,80,83,50,56
1,<environment.Job instance at 0x7f04bd86e910>,2,13,[3 9],3,3,16,0,3
1,<environment.Job instance at 0x7f04bd650e10>,15,15,[5 7],16,16,31,0,16
1,<environment.Job instance at 0x7f04bd779aa0>,17,16,[2 6],18,31,47,13,18
1,<environment.Job instance at 0x7f050127e820>,23,17,[1 8],24,47,64,23,35
1,<environment.Job instance at 0x7f050127e6e0>,26,17,[9 1],27,47,64,20,38
1,<environment.Job instance at 0x7f05012a2910>,33,13,[9 5],34,64,77,30,48
1,<environment.Job instance at 0x7f0500f49eb0>,39,3,[8 5],40,77,80,37,51
1,<environment.Job instance at 0x7f0500f49550>,2,17,[2 5],3,3,20,0,3
1,<environment.Job instance at 0x7f04bd5ad0a0>,7,18,[6 2],8,12,30,4,12
1,<environment.Job instance at 0x7f04bd5c53c0>,17,23,[10  4],18,30,53,12,24
1,<environment.Job instance at 0x7f04bd5adbe0>,14,1,[2 5],15,26,27,11,26
1,<environment.Job instance at 0x7f04bd5c55a0>,19,3,[3 6],20,27,30,7,27
1,<environment.Job instance at 0x7f04bd5c5640>,20,3,[7 3],21,53,56,32,30
1,<environment.Job instance at 0x7f04bd5adfa0>,10,19,[2 7],11,53,72,42,46
1,<environment.Job instance at 0x7f04bd5b22d0>,31,15,[3 5],32,72,87,40,60
1,<environment.Job instance at 0x7f04bd5b21e0>,33,1,[8 5],34,87,88,53,62
1,<environment.Job instance at 0x7f04bd5b24b0>,1,3,[1 6],2,2,5,0,2
1,<environment.Job instance at 0x7f04bd199280>,3,18,[ 1 10],4,5,23,1,5
1,<environment.Job instance at 0x7f050341da00>,16,17,[ 1 10],17,25,42,8,25
1,<environment.Job instance at 0x7f04bd3ff960>,20,12,[7 2],21,42,54,21,28
1,<environment.Job instance at 0x7f04bd780370>,23,2,[6 5],24,54,56,30,35
1,<environment.Job instance at 0x7f04bd45f0f0>,24,1,[7 3],25,56,57,31,35
1,<environment.Job instance at 0x7f0500e41f00>,27,17,[3 8],28,57,74,29,45
1,<environment.Job instance at 0x7f0503421320>,31,15,[1 9],32,74,89,42,64
1,<environment.Job instance at 0x7f050347f0a0>,1,13,[6 5],2,2,15,0,2
1,<environment.Job instance at 0x7f05034d9d20>,8,17,[7 2],9,18,35,9,18
1,<environment.Job instance at 0x7f04bd380370>,16,14,[5 4],17,35,49,18,22
1,<environment.Job instance at 0x7f0500cb02d0>,13,3,[8 1],14,49,52,35,25
1,<environment.Job instance at 0x7f05081f85f0>,20,17,[2 6],21,31,48,10,31
1,<environment.Job instance at 0x7f04bd3a3fa0>,32,15,[10  1],33,52,67,19,39
1,<environment.Job instance at 0x7f0500d764b0>,42,24,[1 6],43,67,91,24,64
1,<environment.Job instance at 0x7f0500d97050>,0,2,[2 7],1,1,3,0,1
1,<environment.Job instance at 0x7f0500d76cd0>,1,12,[1 8],2,3,15,1,2
1,<environment.Job instance at 0x7f0500fcb500>,3,16,[5 3],4,15,31,11,4
1,<environment.Job instance at 0x7f04bd837320>,9,12,[4 6],10,15,27,5,10
1,<environment.Job instance at 0x7f04bd8375a0>,11,3,[5 2],12,27,30,15,13
1,<environment.Job instance at 0x7f04bd837a50>,17,15,[4 6],18,30,45,12,18
1,<environment.Job instance at 0x7f04bd835500>,24,16,[4 5],25,45,61,20,32
1,<environment.Job instance at 0x7f04bd835960>,1,16,[5 7],2,2,18,0,2
1,<environment.Job instance at 0x7f04bd51c640>,5,14,[4 6],6,20,34,14,20
1,<environment.Job instance at 0x7f05011295f0>,20,13,[5 3],21,21,34,0,21
1,<environment.Job instance at 0x7f05010c7f50>,21,17,[2 7],22,34,51,12,22
1,<environment.Job instance at 0x7f05011294b0>,19,1,[8 2],20,34,35,14,24
1,<environment.Job instance at 0x7f05010c7c30>,24,3,[ 3 10],25,51,54,26,26
1,<environment.Job instance at 0x7f05010c7460>,23,12,[7 4],24,54,66,30,38
1,<environment.Job instance at 0x7f0500ca12d0>,35,17,[ 3 10],36,66,83,30,54
1,<environment.Job instance at 0x7f0503435f00>,42,13,[9 4],43,83,96,40,67
1,<environment.Job instance at 0x7f05034a0af0>,3,14,[3 6],4,4,18,0,4
1,<environment.Job instance at 0x7f05034a0eb0>,5,18,[1 8],6,18,36,12,7
1,<environment.Job instance at 0x7f05034a0690>,7,23,[5 3],8,36,59,28,30
1,<environment.Job instance at 0x7f0503992190>,16,18,[7 4],17,60,78,43,60
1,<environment.Job instance at 0x7f0503992d70>,18,14,[1 7],19,78,92,59,63
1,<environment.Job instance at 0x7f0503992cd0>,21,13,[6 3],22,78,91,56,66
1,<environment.Job instance at 0x7f0500f7a8c0>,3,16,[8 1],4,5,21,1,5
1,<environment.Job instance at 0x7f04bd744cd0>,8,16,[4 8],9,21,37,12,11
1,<environment.Job instance at 0x7f04bd74d7d0>,15,16,[10  5],16,37,53,21,24
1,<environment.Job instance at 0x7f04bd21a8c0>,25,1,[6 4],26,53,54,27,38
1,<environment.Job instance at 0x7f0503576b40>,27,1,[5 1],28,54,55,26,38
1,<environment.Job instance at 0x7f04bd21bcd0>,28,13,[2 5],29,53,66,24,38
1,<environment.Job instance at 0x7f050100b1e0>,30,24,[7 2],31,55,79,24,51
1,<environment.Job instance at 0x7f050100b460>,31,12,[3 7],32,66,78,34,52
1,<environment.Job instance at 0x7f05034a08c0>,2,13,[2 9],3,3,16,0,3
1,<environment.Job instance at 0x7f0503761e10>,5,18,[7 5],6,21,39,15,21
1,<environment.Job instance at 0x7f04bd82b050>,19,17,[2 6],20,39,56,19,27
1,<environment.Job instance at 0x7f04bd1d91e0>,21,2,[1 5],22,27,29,5,27
1,<environment.Job instance at 0x7f04bd3222d0>,26,17,[3 5],27,56,73,29,44
1,<environment.Job instance at 0x7f050357e0a0>,32,12,[10  4],33,73,85,40,56
1,<environment.Job instance at 0x7f050357e820>,33,2,[5 1],34,56,58,22,56
1,<environment.Job instance at 0x7f04bd6be320>,0,13,[2 6],1,1,14,0,1
1,<environment.Job instance at 0x7f04bd0a3a00>,3,24,[5 3],4,5,29,1,5
1,<environment.Job instance at 0x7f04bcffa6e0>,6,17,[2 5],7,14,31,7,7
1,<environment.Job instance at 0x7f04bd099f50>,20,17,[10  1],21,31,48,10,31
1,<environment.Job instance at 0x7f04bd099500>,21,14,[5 8],22,48,62,26,33
1,<environment.Job instance at 0x7f04bcea3410>,27,3,[1 9],28,62,65,34,52
1,<environment.Job instance at 0x7f04bcea3e10>,28,13,[4 6],29,65,78,36,52
1,<environment.Job instance at 0x7f04bceade10>,34,16,[7 4],35,78,94,43,65
1,<environment.Job instance at 0x7f04bd0a11e0>,0,12,[5 6],1,1,13,0,1
1,<environment.Job instance at 0x7f04bd6a6190>,9,3,[1 7],10,13,16,3,12
1,<environment.Job instance at 0x7f04bd6bfcd0>,6,18,[6 4],7,16,34,9,13
1,<environment.Job instance at 0x7f04bd18faa0>,17,16,[1 8],18,34,50,16,21
1,<environment.Job instance at 0x7f04bd190fa0>,21,15,[8 4],22,50,65,28,41
1,<environment.Job instance at 0x7f04bd6a67d0>,12,14,[ 4 10],13,65,79,52,50
1,<environment.Job instance at 0x7f05035a8e60>,25,17,[5 3],26,79,96,53,67
1,<environment.Job instance at 0x7f04bcffa230>,0,12,[4 8],1,1,13,0,1
1,<environment.Job instance at 0x7f05036bc6e0>,8,18,[5 9],9,19,37,10,19
1,<environment.Job instance at 0x7f05036bcd20>,17,13,[10  4],18,37,50,19,25
1,<environment.Job instance at 0x7f05036bcaa0>,15,16,[7 3],16,50,66,34,41
1,<environment.Job instance at 0x7f0500c30be0>,2,18,[3 7],3,3,21,0,3
1,<environment.Job instance at 0x7f04bcff6b40>,10,25,[5 3],11,11,36,0,11
1,<environment.Job instance at 0x7f0503859be0>,13,13,[5 6],14,21,34,7,14
1,<environment.Job instance at 0x7f0500f520f0>,20,3,[ 4 10],21,36,39,15,23
1,<environment.Job instance at 0x7f04bd628be0>,23,3,[8 1],24,39,42,15,24
1,<environment.Job instance at 0x7f0500ec8be0>,18,16,[10  3],19,42,58,23,29
1,<environment.Job instance at 0x7f0501019fa0>,28,17,[6 5],29,58,75,29,46
1,<environment.Job instance at 0x7f05013c8460>,33,1,[5 4],34,75,76,41,61
1,<environment.Job instance at 0x7f05013ea7d0>,34,3,[8 2],35,76,79,41,61
1,<environment.Job instance at 0x7f0500d14230>,35,1,[1 8],36,76,77,40,61
1,<environment.Job instance at 0x7f05036dbcd0>,1,16,[4 6],2,2,18,0,2
1,<environment.Job instance at 0x7f04bd4700f0>,10,13,[1 5],11,18,31,7,11
1,<environment.Job instance at 0x7f04bd470460>,13,3,[10  4],14,31,34,17,19
1,<environment.Job instance at 0x7f04bd83fc80>,15,13,[5 4],16,34,47,18,20
1,<environment.Job instance at 0x7f05035a76e0>,21,1,[10  1],22,47,48,25,28
1,<environment.Job instance at 0x7f04bd83f960>,18,18,[ 5 10],19,48,66,29,37
1,<environment.Job instance at 0x7f04bd83f3c0>,16,27,[2 9],17,66,93,49,65
1,<environment.Job instance at 0x7f535c7a50f0>,0,18,[ 2 10],1,2,20,1,2
1,<environment.Job instance at 0x7f535c7a50a0>,5,13,[5 9],6,20,33,14,8
1,<environment.Job instance at 0x7f5355396c80>,14,12,[3 7],15,33,45,18,22
1,<environment.Job instance at 0x7f535539a230>,20,1,[3 7],21,45,46,24,22
1,<environment.Job instance at 0x7f535539a4b0>,21,3,[ 2 10],22,46,49,24,22
1,<environment.Job instance at 0x7f535539a8c0>,25,3,[1 6],26,49,52,23,36
1,<environment.Job instance at 0x7f535539ac30>,29,13,[1 6],30,52,65,22,43
1,<environment.Job instance at 0x7f535539ad70>,31,17,[4 9],32,65,82,33,53
1,<environment.Job instance at 0x7f535539af00>,35,16,[8 1],36,82,98,46,70
1,<environment.Job instance at 0x7f535c7cd690>,2,3,[10  1],3,3,6,0,3
1,<environment.Job instance at 0x7f53553987d0>,3,3,[9 2],4,6,9,2,4
1,<environment.Job instance at 0x7f535c911780>,20,18,[7 5],21,23,41,2,23
1,<environment.Job instance at 0x7f535c920550>,11,16,[5 8],12,41,57,29,30
1,<environment.Job instance at 0x7f535c916e10>,28,20,[5 7],29,67,87,38,67
1,<environment.Job instance at 0x7f5311673640>,0,12,[6 3],1,1,13,0,1
1,<environment.Job instance at 0x7f531173c9b0>,7,18,[5 2],8,13,31,5,8
1,<environment.Job instance at 0x7f531173cfa0>,8,18,[4 6],9,9,27,0,9
1,<environment.Job instance at 0x7f531173c730>,18,14,[4 7],19,27,41,8,24
1,<environment.Job instance at 0x7f5311733c80>,20,12,[2 5],21,41,53,20,24
1,<environment.Job instance at 0x7f5311733190>,23,1,[3 9],24,53,54,29,31
1,<environment.Job instance at 0x7f5311733230>,30,18,[5 1],31,40,58,9,40
1,<environment.Job instance at 0x7f5311733d20>,32,14,[8 4],33,58,72,25,44
1,<environment.Job instance at 0x7f531174c640>,36,23,[5 8],37,72,95,35,67
1,<environment.Job instance at 0x7f531174cc30>,40,2,[3 8],41,95,97,54,68
1,<environment.Job instance at 0x7f53117686e0>,0,28,[7 3],1,2,30,1,2
1,<environment.Job instance at 0x7f5311633730>,14,17,[1 9],15,30,47,15,18
1,<environment.Job instance at 0x7f5311a503c0>,12,13,[2 5],13,47,60,34,33
1,<environment.Job instance at 0x7f5311a52b40>,26,22,[6 1],27,60,82,33,60
1,<environment.Job instance at 0x7f5311a523c0>,27,14,[3 5],28,60,74,32,60
1,<environment.Job instance at 0x7f5311a52500>,28,21,[5 1],29,82,103,53,74
1,<environment.Job instance at 0x7f5311b223c0>,3,15,[7 4],4,4,19,0,4
1,<environment.Job instance at 0x7f531199df50>,13,13,[2 5],14,14,27,0,14
1,<environment.Job instance at 0x7f531199db90>,10,13,[ 4 10],11,27,40,16,17
1,<environment.Job instance at 0x7f53119a9b40>,23,1,[2 8],24,40,41,16,26
1,<environment.Job instance at 0x7f53119a9c30>,24,12,[3 5],25,41,53,16,26
1,<environment.Job instance at 0x7f53119a9a00>,21,15,[3 5],22,41,56,19,29
1,<environment.Job instance at 0x7f53119b0640>,35,16,[2 6],36,56,72,20,43
1,<environment.Job instance at 0x7f53119a9dc0>,26,20,[6 2],27,60,80,33,60
1,<environment.Job instance at 0x7f53119b0190>,40,1,[5 1],41,80,81,39,63
1,<environment.Job instance at 0x7f53119b09b0>,39,22,[1 6],40,72,94,32,65
1,<environment.Job instance at 0x7f53119b8230>,45,12,[2 5],46,94,106,48,77
1,<environment.Job instance at 0x7f53119b8320>,1,3,[3 7],2,2,5,0,2
1,<environment.Job instance at 0x7f5311926c80>,5,12,[4 7],6,6,18,0,6
1,<environment.Job instance at 0x7f53119263c0>,6,13,[8 3],7,18,31,11,7
1,<environment.Job instance at 0x7f5311926550>,8,14,[2 7],9,18,32,9,9
1,<environment.Job instance at 0x7f5311926050>,13,16,[3 5],14,32,48,18,20
1,<environment.Job instance at 0x7f5311926190>,17,14,[10  3],18,48,62,30,35
1,<environment.Job instance at 0x7f53556c15f0>,30,17,[9 4],31,62,79,31,56
1,<environment.Job instance at 0x7f535515caf0>,35,15,[5 7],36,79,94,43,66
1,<environment.Job instance at 0x7f5355842eb0>,6,14,[8 1],7,7,21,0,7
1,<environment.Job instance at 0x7f53554e3280>,7,12,[10  4],8,21,33,13,8
1,<environment.Job instance at 0x7f5311b60dc0>,10,14,[ 4 10],11,33,47,22,18
1,<environment.Job instance at 0x7f5355753690>,27,23,[10  4],28,47,70,19,41
1,<environment.Job instance at 0x7f535c31ed70>,34,13,[1 9],35,70,83,35,55
1,<environment.Job instance at 0x7f535c31ed20>,35,16,[4 5],36,83,99,47,70
1,<environment.Job instance at 0x7f535533a0f0>,23,15,[6 5],24,83,98,59,76
1,<environment.Job instance at 0x7f535533ad70>,3,18,[ 1 10],4,6,24,2,6
1,<environment.Job instance at 0x7f53554f1c30>,9,14,[9 5],10,24,38,14,12
1,<environment.Job instance at 0x7f53554f1d20>,5,12,[6 1],6,38,50,32,30
1,<environment.Job instance at 0x7f53554f1eb0>,10,1,[5 1],11,50,51,39,30
1,<environment.Job instance at 0x7f5311587c30>,21,13,[1 9],22,38,51,16,31
1,<environment.Job instance at 0x7f5311587e10>,26,14,[9 2],27,51,65,24,36
1,<environment.Job instance at 0x7f531157e370>,30,13,[10  4],31,65,78,34,65
1,<environment.Job instance at 0x7f5311587a50>,20,12,[7 2],21,78,90,57,67
1,<environment.Job instance at 0x7f531157edc0>,38,17,[2 7],39,78,95,39,74
1,<environment.Job instance at 0x7f535be2ea00>,0,15,[5 6],1,1,16,0,1
1,<environment.Job instance at 0x7f535be2ee60>,5,12,[10  3],6,16,28,10,6
1,<environment.Job instance at 0x7f53119ee7d0>,14,12,[3 5],15,28,40,13,20
1,<environment.Job instance at 0x7f535bbaff00>,12,1,[4 6],13,40,41,27,24
1,<environment.Job instance at 0x7f53551e8b90>,24,13,[1 8],25,41,54,16,25
1,<environment.Job instance at 0x7f535bbbdcd0>,23,13,[7 5],24,54,67,30,42
1,<environment.Job instance at 0x7f535580cbe0>,36,15,[10  4],37,67,82,30,53
1,<environment.Job instance at 0x7f5311a5b820>,38,17,[3 9],39,82,99,43,70
1,<environment.Job instance at 0x7f5311bd1f00>,0,20,[4 6],1,1,21,0,1
1,<environment.Job instance at 0x7f535be40140>,4,16,[4 5],5,21,37,16,11
1,<environment.Job instance at 0x7f5311606410>,17,3,[8 1],18,37,40,19,21
1,<environment.Job instance at 0x7f53116064b0>,16,13,[4 7],17,40,53,23,27
1,<environment.Job instance at 0x7f535be40190>,10,12,[1 7],11,53,65,42,43
1,<environment.Job instance at 0x7f5311c72140>,23,15,[4 9],24,65,80,41,53
1,<environment.Job instance at 0x7f5311b60a50>,32,15,[4 8],33,80,95,47,68
1,<environment.Job instance at 0x7f5311c5ddc0>,0,14,[ 2 10],1,1,15,0,1
1,<environment.Job instance at 0x7f5311c5db90>,3,18,[5 5],4,15,33,11,4
1,<environment.Job instance at 0x7f53553fcd70>,15,1,[5 8],16,33,34,17,16
1,<environment.Job instance at 0x7f53553fcfa0>,16,13,[5 5],17,18,31,1,18
1,<environment.Job instance at 0x7f53553fc9b0>,14,16,[2 7],15,34,50,19,21
1,<environment.Job instance at 0x7f53553cb370>,19,1,[5 4],20,31,32,11,21
1,<environment.Job instance at 0x7f53553cb2d0>,18,16,[8 3],19,34,50,15,22
1,<environment.Job instance at 0x7f53553cbc30>,28,28,[10  4],29,50,78,21,49
1,<environment.Job instance at 0x7f53553e32d0>,36,18,[8 3],37,78,96,41,71
1,<environment.Job instance at 0x7f53553e36e0>,1,2,[1 6],2,2,4,0,2
1,<environment.Job instance at 0x7f53553e3640>,3,2,[3 5],4,4,6,0,4
1,<environment.Job instance at 0x7f531160d230>,4,14,[6 4],5,5,19,0,5
1,<environment.Job instance at 0x7f53553d6910>,6,25,[6 3],7,19,44,12,19
1,<environment.Job instance at 0x7f535c6ab0a0>,31,21,[4 9],32,44,65,12,44
1,<environment.Job instance at 0x7f531b05e230>,36,12,[3 9],37,65,77,28,48
1,<environment.Job instance at 0x7f535bc12960>,45,16,[10  5],46,77,93,31,74
1,<environment.Job instance at 0x7f535bf44050>,12,13,[9 1],13,28,41,15,28
1,<environment.Job instance at 0x7f535bf44410>,19,15,[2 6],20,43,58,23,43
1,<environment.Job instance at 0x7f535bf444b0>,20,2,[5 5],21,58,60,37,43
1,<environment.Job instance at 0x7f5311b33a50>,22,13,[2 9],23,60,73,37,45
1,<environment.Job instance at 0x7f5311b33550>,25,18,[7 5],26,73,91,47,62
1,<environment.Job instance at 0x7f5311ab6aa0>,0,3,[2 8],1,1,4,0,1
1,<environment.Job instance at 0x7f53557ca320>,4,18,[5 5],5,5,23,0,5
1,<environment.Job instance at 0x7f53557faf00>,11,13,[10  4],12,23,36,11,12
1,<environment.Job instance at 0x7f5355800730>,16,17,[2 5],17,36,53,19,24
1,<environment.Job instance at 0x7f53557fa190>,13,24,[5 3],14,36,60,22,32
1,<environment.Job instance at 0x7f535553bdc0>,27,17,[1 9],28,60,77,32,48
1,<environment.Job instance at 0x7f53555290f0>,24,12,[9 1],25,63,75,38,63
1,<environment.Job instance at 0x7f53557fab90>,14,15,[5 6],15,77,92,62,66
1,<environment.Job instance at 0x7f53555415f0>,0,12,[5 6],1,1,13,0,1
1,<environment.Job instance at 0x7f53557f2780>,5,17,[10  3],6,13,30,7,6
1,<environment.Job instance at 0x7f535bfe9d70>,16,12,[8 4],17,30,42,13,25
1,<environment.Job instance at 0x7f531190b730>,8,14,[6 4],9,42,56,33,31
1,<environment.Job instance at 0x7f535bbde4b0>,22,14,[9 2],23,56,70,33,42
1,<environment.Job instance at 0x7f5311b33c30>,31,1,[5 4],32,70,71,38,57
1,<environment.Job instance at 0x7f5311b33d70>,32,16,[9 2],33,71,87,38,59
1,<environment.Job instance at 0x7f5355104410>,36,17,[3 7],37,87,104,50,75
1,<environment.Job instance at 0x7f5355104870>,37,12,[1 6],38,75,87,37,75
1,<environment.Job instance at 0x7f535583e280>,0,18,[6 4],1,1,19,0,1
1,<environment.Job instance at 0x7f5311453af0>,8,13,[8 5],9,19,32,10,9
1,<environment.Job instance at 0x7f531137c140>,17,18,[1 6],18,32,50,14,21
1,<environment.Job instance at 0x7f531137c500>,20,17,[9 2],21,32,49,11,30
1,<environment.Job instance at 0x7f531189a910>,35,14,[5 7],36,52,66,16,52
1,<environment.Job instance at 0x7f531189a7d0>,36,16,[9 2],37,66,82,29,54
1,<environment.Job instance at 0x7f531189a2d0>,1,2,[2 9],2,2,4,0,2
1,<environment.Job instance at 0x7f53113715f0>,3,3,[8 1],4,4,7,0,4
1,<environment.Job instance at 0x7f5311c47aa0>,4,17,[2 7],5,5,22,0,5
1,<environment.Job instance at 0x7f5311c47960>,7,16,[5 4],8,22,38,14,9
1,<environment.Job instance at 0x7f5311c47d20>,9,18,[5 1],10,10,28,0,10
1,<environment.Job instance at 0x7f5311c2e690>,16,15,[5 6],17,28,43,11,18
1,<environment.Job instance at 0x7f5311c4b140>,28,1,[1 9],29,43,44,14,39
1,<environment.Job instance at 0x7f5311c4ba50>,30,2,[5 2],31,39,41,8,39
1,<environment.Job instance at 0x7f5311648550>,22,18,[2 5],23,44,62,21,41
1,<environment.Job instance at 0x7f5311c2e500>,12,17,[6 4],13,45,62,32,45
1,<environment.Job instance at 0x7f531159fa00>,35,16,[10  3],36,62,78,26,49
1,<environment.Job instance at 0x7f535bbb5fa0>,52,15,[5 1],53,78,93,25,74
1,<environment.Job instance at 0x7f535529d780>,53,3,[2 7],54,78,81,24,74
1,<environment.Job instance at 0x7f53552adb90>,1,27,[8 5],2,5,32,3,5
1,<environment.Job instance at 0x7f535bf85730>,15,18,[5 6],16,32,50,16,21
1,<environment.Job instance at 0x7f53552a9a00>,21,2,[3 8],22,50,52,28,32
1,<environment.Job instance at 0x7f53114a9f50>,24,15,[2 7],25,52,67,27,39
1,<environment.Job instance at 0x7f535bc8ba50>,38,15,[3 8],39,67,82,28,53
1,<environment.Job instance at 0x7f535bf858c0>,13,26,[7 1],14,70,96,56,70
1,<environment.Job instance at 0x7f5311bc0dc0>,1,1,[ 3 10],2,2,3,0,2
1,<environment.Job instance at 0x7f535bd825a0>,2,16,[6 1],3,3,19,0,3
1,<environment.Job instance at 0x7f535bd82d70>,3,14,[ 4 10],4,19,33,15,4
1,<environment.Job instance at 0x7f531147a320>,26,17,[1 6],27,33,50,6,32
1,<environment.Job instance at 0x7f535c373190>,27,13,[9 4],28,33,46,5,32
1,<environment.Job instance at 0x7f535c373780>,28,13,[4 8],29,50,63,21,34
1,<environment.Job instance at 0x7f5311a0b960>,16,16,[4 9],17,63,79,46,51
1,<environment.Job instance at 0x7f535c373410>,37,15,[4 8],38,79,94,41,66
1,<environment.Job instance at 0x7f53115b2fa0>,41,12,[5 6],42,94,106,52,79
1,<environment.Job instance at 0x7f5311ab86e0>,1,17,[ 2 10],2,2,19,0,2
1,<environment.Job instance at 0x7f535566ccd0>,3,12,[3 9],4,19,31,15,9
1,<environment.Job instance at 0x7f53551ca320>,7,2,[10  2],8,31,33,23,18
1,<environment.Job instance at 0x7f53551d5d70>,12,13,[5 3],13,33,46,20,19
1,<environment.Job instance at 0x7f5311673aa0>,20,13,[8 3],21,46,59,25,30
1,<environment.Job instance at 0x7f53551d5690>,11,12,[8 1],12,59,71,47,42
1,<environment.Job instance at 0x7f53116734b0>,27,12,[6 5],28,71,83,43,56
1,<environment.Job instance at 0x7f53551efbe0>,26,13,[ 2 10],27,83,96,56,74
1,<environment.Job instance at 0x7fa71bd062d0>,2,12,[5 4],3,3,15,0,3
1,<environment.Job instance at 0x7fa7148f65f0>,7,14,[5 1],8,9,23,1,9
1,<environment.Job instance at 0x7fa7148f6a00>,12,3,[6 3],13,23,26,10,13
1,<environment.Job instance at 0x7fa7148f6af0>,13,13,[1 8],14,26,39,12,14
1,<environment.Job instance at 0x7fa7148f6be0>,14,12,[3 7],15,39,51,24,22
1,<environment.Job instance at 0x7fa7148f6f00>,20,1,[3 7],21,51,52,30,28
1,<environment.Job instance at 0x7fa7148f6fa0>,21,3,[ 2 10],22,52,55,30,28
1,<environment.Job instance at 0x7fa7148f7320>,23,18,[5 2],24,33,51,9,33
1,<environment.Job instance at 0x7fa71bd4ad70>,4,18,[10  4],5,55,73,50,47
1,<environment.Job instance at 0x7fa7148f7e60>,33,2,[5 3],34,73,75,39,54
1,<environment.Job instance at 0x7fa7148f7fa0>,34,3,[9 5],35,75,78,40,57
1,<environment.Job instance at 0x7fa7148fb370>,37,14,[5 5],38,78,92,40,63
1,<environment.Job instance at 0x7fa7148f6230>,8,17,[ 2 10],9,92,109,83,81
1,<environment.Job instance at 0x7fa7148f6320>,1,16,[5 8],2,2,18,0,2
1,<environment.Job instance at 0x7fa71bd2eeb0>,5,23,[3 7],6,18,41,12,14
1,<environment.Job instance at 0x7fa71bd2e460>,6,2,[4 8],7,41,43,34,19
1,<environment.Job instance at 0x7fa71be77e10>,25,14,[9 1],26,43,57,17,30
1,<environment.Job instance at 0x7fa71bd2dc30>,33,3,[1 5],34,75,78,41,75
1,<environment.Job instance at 0x7fa71bd2d5a0>,34,15,[9 1],35,75,90,40,75
1,<environment.Job instance at 0x7fa71bd2d280>,35,15,[5 3],36,90,105,54,76
1,<environment.Job instance at 0x7fa6d0bf3b90>,0,12,[2 5],1,1,13,0,1
1,<environment.Job instance at 0x7fa6d0bf35a0>,5,17,[10  5],6,13,30,7,6
1,<environment.Job instance at 0x7fa6d0befdc0>,17,3,[4 9],18,30,33,12,27
1,<environment.Job instance at 0x7fa6d0befeb0>,14,17,[10  5],15,33,50,18,27
1,<environment.Job instance at 0x7fa6d0bef3c0>,8,14,[8 5],9,50,64,41,35
1,<environment.Job instance at 0x7fa6d0be49b0>,30,17,[2 9],31,64,81,33,52
1,<environment.Job instance at 0x7fa6d0be4e10>,36,16,[7 2],37,81,97,44,73
1,<environment.Job instance at 0x7fa6d0be4190>,32,17,[10  4],33,97,114,64,85
1,<environment.Job instance at 0x7fa716e6baa0>,3,18,[7 5],4,4,22,0,4
1,<environment.Job instance at 0x7fa717032370>,9,13,[5 7],10,22,35,12,10
1,<environment.Job instance at 0x7fa714c74230>,20,13,[7 4],21,35,48,14,22
1,<environment.Job instance at 0x7fa714c74a50>,16,13,[3 6],17,35,48,18,25
1,<environment.Job instance at 0x7fa71494d230>,28,15,[2 5],29,48,63,19,35
1,<environment.Job instance at 0x7fa714748e60>,30,17,[4 5],31,48,65,17,41
1,<environment.Job instance at 0x7fa6d0db2690>,33,13,[8 3],34,65,78,31,58
1,<environment.Job instance at 0x7fa6d0f9dc80>,36,15,[7 3],37,78,93,41,69
1,<environment.Job instance at 0x7fa6d1225c80>,0,1,[5 1],1,1,2,0,1
1,<environment.Job instance at 0x7fa6d1225550>,4,22,[1 9],5,5,27,0,5
1,<environment.Job instance at 0x7fa6d0f36230>,9,18,[ 2 10],10,27,45,17,17
1,<environment.Job instance at 0x7fa7173c8dc0>,20,18,[4 8],21,45,63,24,34
1,<environment.Job instance at 0x7fa7173bf2d0>,27,13,[4 9],28,63,76,35,49
1,<environment.Job instance at 0x7fa6d12a8500>,31,2,[7 4],32,76,78,44,50
1,<environment.Job instance at 0x7fa7147624b0>,18,14,[3 6],19,76,90,57,65
1,<environment.Job instance at 0x7fa6d129e0f0>,39,17,[2 6],40,90,107,50,82
1,<environment.Job instance at 0x7fa6d12a8d20>,37,20,[5 2],38,83,103,45,83
1,<environment.Job instance at 0x7fa71742de10>,0,1,[2 9],1,1,2,0,1
1,<environment.Job instance at 0x7fa71742d730>,2,17,[10  3],3,3,20,0,3
1,<environment.Job instance at 0x7fa716fdb0a0>,13,14,[3 6],14,20,34,6,17
1,<environment.Job instance at 0x7fa716fdbfa0>,15,1,[3 6],16,34,35,18,17
1,<environment.Job instance at 0x7fa716fdbf00>,17,13,[6 5],18,35,48,17,22
1,<environment.Job instance at 0x7fa716fdb690>,21,14,[1 9],22,48,62,26,33
1,<environment.Job instance at 0x7fa6d0b6a8c0>,24,17,[7 4],25,62,79,37,51
1,<environment.Job instance at 0x7fa6d0b6a550>,28,12,[5 6],29,79,91,50,62
1,<environment.Job instance at 0x7fa71731d5f0>,39,3,[4 8],40,91,94,51,85
1,<environment.Job instance at 0x7fa71731df00>,40,14,[ 4 10],41,94,108,53,88
1,<environment.Job instance at 0x7fa7173633c0>,1,12,[5 9],2,2,14,0,2
1,<environment.Job instance at 0x7fa716eba410>,3,18,[6 1],4,14,32,10,4
1,<environment.Job instance at 0x7fa716ebab90>,4,12,[4 7],5,14,26,9,5
1,<environment.Job instance at 0x7fa6d0fa1870>,12,3,[4 9],13,26,29,13,13
1,<environment.Job instance at 0x7fa714aa9280>,14,2,[10  3],15,32,34,17,15
1,<environment.Job instance at 0x7fa6d1082780>,16,16,[2 6],17,34,50,17,21
1,<environment.Job instance at 0x7fa6d10c4820>,29,14,[9 5],30,50,64,20,35
1,<environment.Job instance at 0x7fa7173a2960>,30,1,[5 1],31,35,36,4,35
1,<environment.Job instance at 0x7fa6d1082870>,19,1,[8 3],20,45,46,25,45
1,<environment.Job instance at 0x7fa6d11b80a0>,33,1,[7 1],34,48,49,14,48
1,<environment.Job instance at 0x7fa6d11b81e0>,35,17,[ 5 10],36,64,81,28,53
1,<environment.Job instance at 0x7fa714b52e10>,40,12,[7 2],41,81,93,40,68
1,<environment.Job instance at 0x7fa6d0cf0e60>,17,18,[3 6],18,81,99,63,73
1,<environment.Job instance at 0x7fa6d0efa910>,47,17,[3 8],48,99,116,51,87
1,<environment.Job instance at 0x7fa6d0e34af0>,1,13,[6 5],2,2,15,0,2
1,<environment.Job instance at 0x7fa7175d4be0>,9,16,[10  2],10,15,31,5,15
1,<environment.Job instance at 0x7fa6d0eea7d0>,13,3,[8 1],14,31,34,17,17
1,<environment.Job instance at 0x7fa6d0eeac30>,14,15,[7 3],15,34,49,19,23
1,<environment.Job instance at 0x7fa6d0edb370>,21,2,[5 7],22,49,51,27,25
1,<environment.Job instance at 0x7fa6d0edb280>,20,17,[2 6],21,51,68,30,43
1,<environment.Job instance at 0x7fa6d0ebf0f0>,33,13,[7 5],34,68,81,34,52
1,<environment.Job instance at 0x7fa6d0eead70>,16,14,[5 4],17,81,95,64,72
1,<environment.Job instance at 0x7fa6d0edbe60>,32,15,[10  1],33,95,110,62,81
1,<environment.Job instance at 0x7fa6d0ebf0a0>,1,2,[8 4],2,2,4,0,2
1,<environment.Job instance at 0x7fa71722a5f0>,12,17,[ 2 10],13,24,41,11,24
1,<environment.Job instance at 0x7fa6d0f42140>,16,13,[4 7],17,41,54,24,29
1,<environment.Job instance at 0x7fa71bc45460>,23,15,[4 9],24,54,69,30,41
1,<environment.Job instance at 0x7fa7174240f0>,19,13,[7 4],20,69,82,49,55
1,<environment.Job instance at 0x7fa6d0fac7d0>,35,12,[10  1],36,82,94,46,65
1,<environment.Job instance at 0x7fa6d0f4b6e0>,41,12,[5 5],42,94,106,52,83
1,<environment.Job instance at 0x7fa717425460>,1,3,[1 9],2,2,5,0,2
1,<environment.Job instance at 0x7fa6d0b8fe60>,5,1,[5 8],6,6,7,0,6
1,<environment.Job instance at 0x7fa6d0b8ff00>,6,13,[5 5],7,7,20,0,7
1,<environment.Job instance at 0x7fa6d0b8f2d0>,9,1,[5 4],10,19,20,9,19
1,<environment.Job instance at 0x7fa714a53280>,12,21,[5 7],13,20,41,7,20
1,<environment.Job instance at 0x7fa716f76410>,13,1,[10  1],14,41,42,27,22
1,<environment.Job instance at 0x7fa714871320>,17,2,[10  3],18,42,44,24,23
1,<environment.Job instance at 0x7fa6d0f4b6e0>,3,12,[2 6],4,44,56,40,29
1,<environment.Job instance at 0x7fa714871dc0>,20,3,[5 7],21,56,59,35,35
1,<environment.Job instance at 0x7fa6d0b8d690>,26,18,[8 3],27,59,77,32,48
1,<environment.Job instance at 0x7fa714a539b0>,11,21,[8 2],12,77,98,65,69
1,<environment.Job instance at 0x7fa7146f0be0>,36,13,[9 3],37,98,111,61,82
1,<environment.Job instance at 0x7fa714d0fa50>,1,18,[10  5],2,2,20,0,2
1,<environment.Job instance at 0x7fa6d112c5a0>,18,16,[4 8],19,20,36,1,19
1,<environment.Job instance at 0x7fa6d112cd70>,21,3,[2 6],22,36,39,14,22
1,<environment.Job instance at 0x7fa6d112ce60>,22,12,[6 1],23,23,35,0,23
1,<environment.Job instance at 0x7fa6d112c3c0>,13,16,[8 1],14,36,52,22,24
1,<environment.Job instance at 0x7fa6d1127410>,27,16,[1 7],28,39,55,11,28
1,<environment.Job instance at 0x7fa6d1127960>,30,15,[4 7],31,55,70,24,41
1,<environment.Job instance at 0x7fa6d1127870>,33,16,[9 4],34,70,86,36,61
1,<environment.Job instance at 0x7fa6d11150f0>,42,15,[ 2 10],43,86,101,43,73
1,<environment.Job instance at 0x7fa6d11153c0>,1,1,[8 4],2,2,3,0,2
1,<environment.Job instance at 0x7fa714a86320>,4,18,[10  2],5,7,25,2,7
1,<environment.Job instance at 0x7fa714a86b40>,11,2,[1 5],12,25,27,13,13
1,<environment.Job instance at 0x7fa714b338c0>,13,14,[ 5 10],14,27,41,13,25
1,<environment.Job instance at 0x7fa714b33780>,20,13,[5 6],21,41,54,20,26
1,<environment.Job instance at 0x7fa7148f7a00>,31,15,[5 4],32,43,58,11,43
1,<environment.Job instance at 0x7fa7148f6730>,33,17,[5 9],34,58,75,24,46
1,<environment.Job instance at 0x7fa7148f7e10>,30,16,[7 5],31,75,91,44,63
1,<environment.Job instance at 0x7fa6d1044c30>,44,17,[1 9],45,91,108,46,88
1,<environment.Job instance at 0x7fa6d1044d70>,46,18,[8 1],47,91,109,44,88
1,<environment.Job instance at 0x7fa71bd2a230>,0,12,[7 4],1,1,13,0,1
1,<environment.Job instance at 0x7fa714a08140>,10,15,[5 3],11,13,28,2,11
1,<environment.Job instance at 0x7fa714a08320>,11,18,[4 7],12,15,33,3,15
1,<environment.Job instance at 0x7fa717195e60>,20,15,[5 5],21,33,48,12,24
1,<environment.Job instance at 0x7fa714a080a0>,12,14,[4 6],13,48,62,35,35
1,<environment.Job instance at 0x7fa716e4c370>,26,1,[5 5],27,41,42,14,41
1,<environment.Job instance at 0x7fa714a089b0>,8,17,[9 5],9,62,79,53,51
1,<environment.Job instance at 0x7fa716e4cc80>,34,12,[9 1],35,79,91,44,67
1,<environment.Job instance at 0x7fa716fd7be0>,36,14,[6 4],37,91,105,54,76
1,<environment.Job instance at 0x7fa716fd76e0>,1,2,[3 9],2,2,4,0,2
1,<environment.Job instance at 0x7fa7170eb4b0>,3,16,[3 8],4,4,20,0,4
1,<environment.Job instance at 0x7fa6d11eb820>,4,13,[10  5],5,20,33,15,5
1,<environment.Job instance at 0x7fa6d11d25f0>,10,18,[9 2],11,33,51,22,29
1,<environment.Job instance at 0x7fa6d11d2e10>,20,12,[4 8],21,51,63,30,35
1,<environment.Job instance at 0x7fa6d11ebdc0>,8,16,[3 8],9,63,79,54,56
1,<environment.Job instance at 0x7fa6d11f4190>,23,24,[10  2],24,79,103,55,75
1,<environment.Job instance at 0x7fa6d11d37d0>,24,2,[3 6],25,103,105,78,86
1,<environment.Job instance at 0x7fa714739af0>,0,2,[6 1],1,1,3,0,1
1,<environment.Job instance at 0x7fa714b5c6e0>,2,18,[3 7],3,3,21,0,3
1,<environment.Job instance at 0x7fa714984c30>,10,25,[5 3],11,11,36,0,11
1,<environment.Job instance at 0x7fa6d0fe8a00>,21,2,[2 9],22,36,38,14,28
1,<environment.Job instance at 0x7fa71be816e0>,16,13,[8 1],17,36,49,19,28
1,<environment.Job instance at 0x7fa6d0fe85f0>,23,3,[8 1],24,49,52,25,28
1,<environment.Job instance at 0x7fa6d0ffa280>,24,17,[2 7],25,38,55,13,31
1,<environment.Job instance at 0x7fa6d0cd8050>,28,17,[6 5],29,55,72,26,43
1,<environment.Job instance at 0x7fa71735fe10>,34,3,[8 2],35,72,75,37,58
1,<environment.Job instance at 0x7fa71735f870>,35,1,[1 8],36,72,73,36,59
1,<environment.Job instance at 0x7fa71735f230>,32,17,[6 4],33,75,92,42,63
1,<environment.Job instance at 0x7fa71735f4b0>,41,16,[5 5],42,92,108,50,79
1,<environment.Job instance at 0x7fa71735faa0>,42,18,[2 5],43,79,97,36,79
1,<environment.Job instance at 0x7fa7147349b0>,0,13,[2 8],1,1,14,0,1
1,<environment.Job instance at 0x7fa6d08fc230>,15,14,[1 7],16,16,30,0,16
1,<environment.Job instance at 0x7fa6d08fcc30>,17,18,[1 9],18,30,48,12,19
1,<environment.Job instance at 0x7fa6d08dedc0>,22,18,[10  5],23,48,66,25,37
1,<environment.Job instance at 0x7fa6d08de050>,25,18,[5 6],26,68,86,42,68
1,<environment.Job instance at 0x7fa6d08de550>,31,2,[3 8],32,86,88,54,71
1,<environment.Job instance at 0x7fa6d08de460>,34,15,[2 7],35,88,103,53,76
1,<environment.Job instance at 0x7fa6d08df0f0>,1,1,[ 3 10],2,2,3,0,2
1,<environment.Job instance at 0x7fa6d08df190>,2,16,[6 1],3,3,19,0,3
1,<environment.Job instance at 0x7fa6d0a1f0a0>,3,14,[ 4 10],4,19,33,15,4
1,<environment.Job instance at 0x7fa714678dc0>,26,17,[1 6],27,33,50,6,32
1,<environment.Job instance at 0x7fa7147c8e10>,27,13,[9 4],28,37,50,9,37
1,<environment.Job instance at 0x7fa7147b8460>,28,13,[4 8],29,50,63,21,45
1,<environment.Job instance at 0x7fa6d0dd6960>,36,16,[4 8],37,63,79,26,51
1,<environment.Job instance at 0x7fa716f21cd0>,37,15,[4 8],38,79,94,41,69
1,<environment.Job instance at 0x7fa716f0e500>,48,18,[10  1],49,94,112,45,87
1,<environment.Job instance at 0x7fa716f0e780>,2,13,[5 3],3,3,16,0,3
1,<environment.Job instance at 0x7fa6d0fa6be0>,4,19,[ 5 10],5,16,35,11,7
1,<environment.Job instance at 0x7fa6d0f2cdc0>,20,20,[8 5],21,35,55,14,26
1,<environment.Job instance at 0x7fa6d0ed3640>,7,27,[8 5],8,55,82,47,53
1,<environment.Job instance at 0x7fa717290fa0>,27,3,[2 7],28,82,85,54,56
1,<environment.Job instance at 0x7fa71732da00>,46,13,[6 4],47,85,98,38,71
1,<environment.Job instance at 0x7fa6d1064f50>,49,12,[5 8],50,98,110,48,87
1,<environment.Job instance at 0x7fa71471b5a0>,0,15,[3 7],1,1,16,0,1
1,<environment.Job instance at 0x7fa6d0b16c30>,16,14,[6 2],17,26,40,9,26
1,<environment.Job instance at 0x7fa6d0b16050>,19,14,[7 3],20,40,54,20,28
1,<environment.Job instance at 0x7fa6d0b16b40>,15,16,[3 5],16,41,57,25,41
1,<environment.Job instance at 0x7fa6d0b16aa0>,12,15,[6 2],13,54,69,41,42
1,<environment.Job instance at 0x7fa6d0a3db40>,29,13,[4 7],30,57,70,27,53
1,<environment.Job instance at 0x7fa6d0a3d4b0>,27,15,[6 1],28,69,84,41,56
1,<environment.Job instance at 0x7fa6d0b16d20>,22,17,[1 5],23,70,87,47,65
1,<environment.Job instance at 0x7fa6d0a3d5f0>,40,13,[5 8],41,87,100,46,72
1,<environment.Job instance at 0x7fa6d0a3d500>,32,14,[5 2],33,84,98,51,80
1,<environment.Job instance at 0x7fa7146b30f0>,1,13,[5 8],2,2,15,0,2
1,<environment.Job instance at 0x7fa714d77690>,7,18,[ 1 10],8,15,33,7,8
1,<environment.Job instance at 0x7fa71479fdc0>,13,16,[9 5],14,33,49,19,20
1,<environment.Job instance at 0x7fa6d0cf30a0>,27,3,[6 1],28,49,52,21,39
1,<environment.Job instance at 0x7fa6d0cf3460>,28,12,[ 1 10],29,52,64,23,39
1,<environment.Job instance at 0x7fa6d128c9b0>,35,20,[5 5],36,64,84,28,55
1,<environment.Job instance at 0x7fa6d128ce60>,38,18,[1 5],39,77,95,38,77
1,<environment.Job instance at 0x7fa6d0860a50>,21,17,[9 3],22,84,101,62,78
1,<environment.Job instance at 0x7fd2afad02d0>,2,12,[5 4],3,3,15,0,3
1,<environment.Job instance at 0x7fd2afacff00>,4,18,[10  4],5,15,33,10,10
1,<environment.Job instance at 0x7fd2a86c0730>,9,17,[ 4 10],10,33,50,23,23
1,<environment.Job instance at 0x7fd2a86c09b0>,13,13,[1 8],14,50,63,36,36
1,<environment.Job instance at 0x7fd2a86c0320>,7,14,[5 1],8,50,64,42,44
1,<environment.Job instance at 0x7fd2a86c3500>,27,2,[6 4],28,64,66,36,45
1,<environment.Job instance at 0x7fd2a86c36e0>,29,13,[1 6],30,63,76,33,48
1,<environment.Job instance at 0x7fd2a86c3780>,30,1,[5 5],31,76,77,45,49
1,<environment.Job instance at 0x7fd2a86c38c0>,37,14,[5 5],38,76,90,38,64
1,<environment.Job instance at 0x7fd2a86c7550>,42,14,[8 4],43,90,104,47,76
1,<environment.Job instance at 0x7fd2afc4bf00>,0,18,[7 5],1,1,19,0,1
1,<environment.Job instance at 0x7fd2afc46d70>,12,2,[4 8],13,24,26,11,24
1,<environment.Job instance at 0x7fd2afc4b050>,4,17,[5 4],5,32,49,27,32
1,<environment.Job instance at 0x7fd2afc46c80>,16,15,[9 2],17,49,64,32,35
1,<environment.Job instance at 0x7fd2afc37be0>,23,3,[1 5],24,55,58,31,55
1,<environment.Job instance at 0x7fd2afc411e0>,24,15,[9 1],25,64,79,39,55
1,<environment.Job instance at 0x7fd2afc41820>,27,3,[1 8],28,63,66,35,63
1,<environment.Job instance at 0x7fd2afc41eb0>,29,14,[8 1],30,79,93,49,65
1,<environment.Job instance at 0x7fd2afc3d500>,34,15,[10  5],35,93,108,58,79
1,<environment.Job instance at 0x7fd2afaf7d70>,38,14,[5 1],39,108,122,69,94
1,<environment.Job instance at 0x7fd2afaf73c0>,41,16,[5 4],42,108,124,66,98
1,<environment.Job instance at 0x7fd264a953c0>,0,2,[3 8],1,1,3,0,1
1,<environment.Job instance at 0x7fd264a959b0>,3,27,[5 3],4,5,32,1,5
1,<environment.Job instance at 0x7fd264a95f00>,14,13,[5 9],15,32,45,17,19
1,<environment.Job instance at 0x7fd264ab7780>,19,1,[9 2],20,45,46,25,34
1,<environment.Job instance at 0x7fd264ab7af0>,20,2,[4 5],21,46,48,25,34
1,<environment.Job instance at 0x7fd264ab70f0>,21,1,[8 3],22,48,49,26,35
1,<environment.Job instance at 0x7fd264ab74b0>,22,1,[3 8],23,49,50,26,36
1,<environment.Job instance at 0x7fd264a95050>,12,17,[10  4],13,50,67,37,38
1,<environment.Job instance at 0x7fd264ab7a00>,25,17,[3 5],26,67,84,41,61
1,<environment.Job instance at 0x7fd264ab7fa0>,32,16,[8 5],33,84,100,51,73
1,<environment.Job instance at 0x7fd264a95fa0>,15,17,[8 1],16,100,117,84,93
1,<environment.Job instance at 0x7fd2a8485c80>,0,17,[4 5],1,1,18,0,1
1,<environment.Job instance at 0x7fd264a9c820>,10,14,[2 8],11,18,32,7,11
1,<environment.Job instance at 0x7fd264ff5c30>,14,16,[8 3],15,32,48,17,20
1,<environment.Job instance at 0x7fd264964320>,6,15,[7 3],7,48,63,41,35
1,<environment.Job instance at 0x7fd264d803c0>,24,3,[5 8],25,63,66,38,42
1,<environment.Job instance at 0x7fd264d807d0>,25,2,[2 6],26,43,45,17,43
1,<environment.Job instance at 0x7fd264d80500>,28,2,[1 7],29,60,62,31,60
1,<environment.Job instance at 0x7fd264a9ca00>,7,17,[7 5],8,66,83,58,60
1,<environment.Job instance at 0x7fd264d80d70>,33,13,[2 5],34,74,87,40,74
1,<environment.Job instance at 0x7fd264d80820>,31,16,[2 8],32,87,103,55,83
1,<environment.Job instance at 0x7fd264d80280>,23,15,[7 4],24,103,118,79,94
1,<environment.Job instance at 0x7fd264972050>,44,12,[3 5],45,103,115,58,96
1,<environment.Job instance at 0x7fd264972b40>,43,1,[2 8],44,118,119,74,96
1,<environment.Job instance at 0x7fd2afc431e0>,0,16,[1 9],1,1,17,0,1
1,<environment.Job instance at 0x7fd264dad640>,6,13,[8 3],7,17,30,10,7
1,<environment.Job instance at 0x7fd264dadaf0>,13,16,[3 5],14,30,46,16,18
1,<environment.Job instance at 0x7fd264dbc410>,22,13,[3 9],23,46,59,23,30
1,<environment.Job instance at 0x7fd264dbc960>,27,14,[9 1],28,59,73,31,47
1,<environment.Job instance at 0x7fd264dbce10>,30,17,[9 4],31,73,90,42,61
1,<environment.Job instance at 0x7fd264dc7050>,35,15,[5 7],36,90,105,54,76
1,<environment.Job instance at 0x7fd264dc7460>,40,3,[9 1],41,105,108,64,95
1,<environment.Job instance at 0x7fd264dbc550>,25,16,[10  5],26,108,124,82,97
1,<environment.Job instance at 0x7fd2a859efa0>,0,19,[2 7],1,1,20,0,1
1,<environment.Job instance at 0x7fd2a859e5a0>,8,14,[3 8],9,20,34,11,9
1,<environment.Job instance at 0x7fd264dd4140>,18,1,[5 3],19,34,35,15,26
1,<environment.Job instance at 0x7fd264dd4190>,19,17,[ 5 10],20,35,52,15,26
1,<environment.Job instance at 0x7fd264dd4a00>,20,18,[4 6],21,52,70,31,41
1,<environment.Job instance at 0x7fd264e75960>,26,14,[ 5 10],27,70,84,43,55
1,<environment.Job instance at 0x7fd2a859e6e0>,12,12,[3 8],13,84,96,71,81
1,<environment.Job instance at 0x7fd2a8a9e9b0>,37,12,[5 5],38,96,108,58,94
1,<environment.Job instance at 0x7fd2a8a9e550>,38,15,[5 9],39,108,123,69,94
1,<environment.Job instance at 0x7fd264f8e280>,3,3,[5 5],4,4,7,0,4
1,<environment.Job instance at 0x7fd2a8bbfc30>,5,13,[3 9],6,7,20,1,6
1,<environment.Job instance at 0x7fd264f99dc0>,10,1,[9 5],11,20,21,9,11
1,<environment.Job instance at 0x7fd264cb7410>,18,16,[6 5],19,23,39,4,23
1,<environment.Job instance at 0x7fd2afc44a50>,26,15,[9 1],27,39,54,12,38
1,<environment.Job instance at 0x7fd2a89dd820>,12,15,[10  1],13,54,69,41,40
1,<environment.Job instance at 0x7fd2afc44190>,28,13,[6 1],29,69,82,40,55
1,<environment.Job instance at 0x7fd2af6cd2d0>,29,13,[1 8],30,69,82,39,68
1,<environment.Job instance at 0x7fd2aafc08c0>,43,3,[8 1],44,82,85,38,71
1,<environment.Job instance at 0x7fd2aafc00a0>,45,12,[10  3],46,85,97,39,71
1,<environment.Job instance at 0x7fd2aafc02d0>,46,14,[5 4],47,97,111,50,87
1,<environment.Job instance at 0x7fd2a8876820>,50,17,[2 6],51,97,114,46,94
1,<environment.Job instance at 0x7fd2aac8c780>,1,12,[1 8],2,2,14,0,2
1,<environment.Job instance at 0x7fd2aae7f1e0>,3,16,[5 3],4,14,30,10,4
1,<environment.Job instance at 0x7fd2a86a3eb0>,8,24,[4 7],9,31,55,22,31
1,<environment.Job instance at 0x7fd2a868f5f0>,32,17,[ 2 10],33,55,72,22,55
1,<environment.Job instance at 0x7fd2a868f730>,34,12,[9 1],35,72,84,37,58
1,<environment.Job instance at 0x7fd2a868f550>,39,13,[7 4],40,84,97,44,69
1,<environment.Job instance at 0x7fd2a868fb40>,41,21,[4 7],42,97,118,55,89
1,<environment.Job instance at 0x7fd2a868fd70>,1,3,[3 9],2,2,5,0,2
1,<environment.Job instance at 0x7fd2649be050>,3,18,[5 5],4,5,23,1,4
1,<environment.Job instance at 0x7fd2a868fb90>,6,13,[3 9],7,23,36,16,10
1,<environment.Job instance at 0x7fd2ab18d640>,18,16,[8 3],19,36,52,17,23
1,<environment.Job instance at 0x7fd2649a0190>,13,12,[2 6],14,36,48,22,26
1,<environment.Job instance at 0x7fd2a87be500>,24,17,[9 2],25,52,69,27,42
1,<environment.Job instance at 0x7fd2a87efb90>,14,16,[2 7],15,69,85,54,62
1,<environment.Job instance at 0x7fd264decbe0>,21,21,[8 2],22,69,90,47,63
1,<environment.Job instance at 0x7fd264f46c30>,39,1,[2 5],40,91,92,51,91
1,<environment.Job instance at 0x7fd2a87b9d20>,40,26,[4 9],41,94,120,53,94
1,<environment.Job instance at 0x7fd2a8717280>,2,2,[3 6],3,3,5,0,3
1,<environment.Job instance at 0x7fd2a8733a00>,4,3,[4 5],5,5,8,0,5
1,<environment.Job instance at 0x7fd2a8733b90>,5,18,[9 2],6,8,26,2,8
1,<environment.Job instance at 0x7fd2aae44460>,7,20,[1 8],8,15,35,7,15
1,<environment.Job instance at 0x7fd2ab1de4b0>,19,18,[6 1],20,26,44,6,25
1,<environment.Job instance at 0x7fd2aafdb500>,22,12,[6 1],23,44,56,21,27
1,<environment.Job instance at 0x7fd2aadf6820>,16,12,[3 9],17,43,55,26,43
1,<environment.Job instance at 0x7fd2a8b60780>,25,16,[10  5],26,56,72,30,44
1,<environment.Job instance at 0x7fd264e13050>,32,1,[5 1],33,72,73,39,63
1,<environment.Job instance at 0x7fd2aafdb730>,20,15,[2 8],21,72,87,51,65
1,<environment.Job instance at 0x7fd264e13cd0>,40,24,[7 2],41,73,97,32,68
1,<environment.Job instance at 0x7fd264e13960>,41,12,[3 7],42,87,99,45,73
1,<environment.Job instance at 0x7fd264e13fa0>,33,16,[9 4],34,99,115,65,87
1,<environment.Job instance at 0x7fd2a87ab910>,1,2,[1 5],2,2,4,0,2
1,<environment.Job instance at 0x7fd264838280>,4,28,[4 5],5,5,33,0,5
1,<environment.Job instance at 0x7fd264838140>,6,17,[3 5],7,7,24,0,7
1,<environment.Job instance at 0x7fd264838aa0>,15,15,[8 1],16,33,48,17,19
1,<environment.Job instance at 0x7fd26483f3c0>,21,15,[5 4],22,48,63,26,37
1,<environment.Job instance at 0x7fd26483f5f0>,24,17,[2 5],25,37,54,12,37
1,<environment.Job instance at 0x7fd26483fa50>,28,2,[7 5],29,63,65,34,42
1,<environment.Job instance at 0x7fd26483f780>,26,15,[3 5],27,54,69,27,43
1,<environment.Job instance at 0x7fd26483fc30>,34,17,[1 9],35,69,86,34,65
1,<environment.Job instance at 0x7fd264838eb0>,18,18,[5 5],19,86,104,67,75
1,<environment.Job instance at 0x7fd26483aa00>,43,1,[8 5],44,104,105,60,99
1,<environment.Job instance at 0x7fd2a845e370>,2,12,[ 1 10],3,3,15,0,3
1,<environment.Job instance at 0x7fd2a845e730>,5,25,[1 6],6,20,45,14,20
1,<environment.Job instance at 0x7fd2aaebdaa0>,16,14,[6 4],17,30,44,13,30
1,<environment.Job instance at 0x7fd2a84b5e10>,25,17,[10  3],26,45,62,19,41
1,<environment.Job instance at 0x7fd2a84b5aa0>,26,18,[6 4],27,62,80,35,52
1,<environment.Job instance at 0x7fd2aae44370>,35,16,[7 3],36,80,96,44,67
1,<environment.Job instance at 0x7fd2ab3d8be0>,41,15,[8 4],42,96,111,54,83
1,<environment.Job instance at 0x7fd2ab147730>,0,18,[6 4],1,1,19,0,1
1,<environment.Job instance at 0x7fd2a86a32d0>,8,13,[8 5],9,19,32,10,14
1,<environment.Job instance at 0x7fd2a85eccd0>,15,27,[4 5],16,32,59,16,30
1,<environment.Job instance at 0x7fd2a8541500>,29,18,[6 2],30,42,60,12,42
1,<environment.Job instance at 0x7fd2a8ac1f50>,33,14,[ 4 10],34,60,74,26,54
1,<environment.Job instance at 0x7fd2a85411e0>,22,14,[7 3],23,74,88,51,67
1,<environment.Job instance at 0x7fd2a8646230>,45,16,[4 9],46,88,104,42,76
1,<environment.Job instance at 0x7fd2a85141e0>,50,17,[ 5 10],51,104,121,53,94
1,<environment.Job instance at 0x7fd2649f64b0>,0,15,[1 8],1,1,16,0,1
1,<environment.Job instance at 0x7fd2a8a5d140>,17,2,[10  2],18,36,38,18,36
1,<environment.Job instance at 0x7fd2aad3ddc0>,25,15,[1 5],26,38,53,12,36
1,<environment.Job instance at 0x7fd2a8afdfa0>,28,13,[8 2],29,38,51,9,37
1,<environment.Job instance at 0x7fd2a8a716e0>,31,16,[4 6],32,53,69,21,41
1,<environment.Job instance at 0x7fd2a8a5f960>,37,15,[10  4],38,69,84,31,55
1,<environment.Job instance at 0x7fd2aad3d050>,20,13,[10  1],21,84,97,63,75
1,<environment.Job instance at 0x7fd2a85d1f50>,47,15,[2 6],48,97,112,49,83
1,<environment.Job instance at 0x7fd2a89a7370>,0,13,[5 8],1,1,14,0,1
1,<environment.Job instance at 0x7fd2ab107c80>,5,17,[1 7],6,14,31,8,6
1,<environment.Job instance at 0x7fd2ab1ce500>,13,1,[5 5],14,31,32,17,19
1,<environment.Job instance at 0x7fd264ee4d70>,14,18,[ 4 10],15,32,50,17,22
1,<environment.Job instance at 0x7fd2648c4780>,21,12,[5 8],22,50,62,28,37
1,<environment.Job instance at 0x7fd2a84ff6e0>,33,14,[3 6],34,62,76,28,60
1,<environment.Job instance at 0x7fd2a84ffe10>,36,14,[4 7],37,76,90,39,70
1,<environment.Job instance at 0x7fd2a8b03af0>,42,16,[6 1],43,87,103,44,87
1,<environment.Job instance at 0x7fd264de28c0>,45,14,[5 4],46,103,117,57,88
1,<environment.Job instance at 0x7fd264de2780>,46,24,[4 5],47,95,119,48,95
1,<environment.Job instance at 0x7fd26464abe0>,1,17,[9 4],2,4,21,2,4
1,<environment.Job instance at 0x7fd2646543c0>,8,18,[10  4],9,21,39,12,10
1,<environment.Job instance at 0x7fd264654780>,12,1,[1 7],13,39,40,26,20
1,<environment.Job instance at 0x7fd26476e410>,22,16,[2 8],23,40,56,17,27
1,<environment.Job instance at 0x7fd26476e050>,26,15,[5 9],27,56,71,29,42
1,<environment.Job instance at 0x7fd26476edc0>,30,15,[8 4],31,71,86,40,57
1,<environment.Job instance at 0x7fd26476ebe0>,32,13,[5 3],33,86,99,53,70
1,<environment.Job instance at 0x7fd26476e320>,38,12,[5 4],39,92,104,53,92
1,<environment.Job instance at 0x7fd2a871a230>,40,13,[8 3],41,104,117,63,98
1,<environment.Job instance at 0x7fd2a8be86e0>,0,15,[5 5],1,1,16,0,1
1,<environment.Job instance at 0x7fd264fb0d20>,8,12,[7 5],9,16,28,7,11
1,<environment.Job instance at 0x7fd264fa60a0>,18,16,[8 4],19,28,44,9,21
1,<environment.Job instance at 0x7fd264fb3410>,23,3,[4 7],24,44,47,20,37
1,<environment.Job instance at 0x7fd264fb48c0>,24,13,[10  1],25,47,60,22,38
1,<environment.Job instance at 0x7fd2a8950140>,30,12,[3 8],31,60,72,29,44
1,<environment.Job instance at 0x7fd264fa6d20>,17,14,[5 6],18,72,86,54,64
1,<environment.Job instance at 0x7fd2a8addd20>,40,14,[8 2],41,86,100,45,72
1,<environment.Job instance at 0x7fd2a85530f0>,47,15,[6 1],48,100,115,52,86
1,<environment.Job instance at 0x7fd2a8af03c0>,57,22,[2 9],58,100,122,42,97
1,<environment.Job instance at 0x7fd2aacc48c0>,0,12,[9 4],1,1,13,0,1
1,<environment.Job instance at 0x7fd2646ac2d0>,3,16,[ 5 10],4,13,29,9,4
1,<environment.Job instance at 0x7fd2a8990cd0>,13,13,[6 5],14,29,42,15,15
1,<environment.Job instance at 0x7fd2a8af0e10>,2,14,[3 7],3,42,56,39,28
1,<environment.Job instance at 0x7fd2648c0be0>,28,2,[7 1],29,42,44,13,41
1,<environment.Job instance at 0x7fd265055d20>,29,17,[5 2],30,44,61,14,41
1,<environment.Job instance at 0x7fd2650556e0>,30,14,[6 1],31,61,75,30,49
1,<environment.Job instance at 0x7fd265055be0>,35,3,[9 3],36,75,78,39,61
1,<environment.Job instance at 0x7fd264f17a00>,11,13,[5 8],12,78,91,66,65
1,<environment.Job instance at 0x7fd2650550f0>,37,3,[6 1],38,91,94,53,73
1,<environment.Job instance at 0x7fd264bd73c0>,43,20,[4 5],44,91,111,47,82
1,<environment.Job instance at 0x7fd2ab062500>,0,15,[2 8],1,1,16,0,1
1,<environment.Job instance at 0x7fd2af7a51e0>,6,14,[2 6],7,16,30,9,7
1,<environment.Job instance at 0x7fd264bd7870>,5,15,[8 4],6,16,31,10,14
1,<environment.Job instance at 0x7fd2a8627870>,15,16,[3 8],16,31,47,15,24
1,<environment.Job instance at 0x7fd2a8627550>,10,16,[1 6],11,47,63,36,36
1,<environment.Job instance at 0x7fd2af7a5280>,9,17,[5 4],10,47,64,37,44
1,<environment.Job instance at 0x7fd264d1bb90>,27,17,[ 5 10],28,64,81,36,53
1,<environment.Job instance at 0x7fd2a87c2f50>,41,18,[9 3],42,81,99,39,76
1,<environment.Job instance at 0x7fd264d1bd20>,30,15,[3 7],31,99,114,68,85
1,<environment.Job instance at 0x7fd2648b8cd0>,3,3,[1 8],4,4,7,0,4
1,<environment.Job instance at 0x7fd264f574b0>,2,14,[10  5],3,7,21,4,4
1,<environment.Job instance at 0x7fd264b2d730>,10,15,[8 5],11,21,36,10,14
1,<environment.Job instance at 0x7fd2646f20a0>,13,15,[5 3],14,36,51,22,22
1,<environment.Job instance at 0x7fd264837e60>,19,1,[1 5],20,27,28,7,27
1,<environment.Job instance at 0x7fd2a869d370>,22,15,[9 5],23,51,66,28,44
1,<environment.Job instance at 0x7fd264837690>,21,17,[7 1],22,66,83,44,59
1,<environment.Job instance at 0x7fd2a866c500>,34,13,[8 1],35,83,96,48,72
1,<environment.Job instance at 0x7fd2a8acd4b0>,37,2,[7 1],38,96,98,58,76
1,<environment.Job instance at 0x7fd264b79b40>,39,17,[3 5],40,96,113,56,84
1,<environment.Job instance at 0x7fd26491edc0>,47,13,[6 1],48,98,111,50,95
1,<environment.Job instance at 0x7fd26491e2d0>,49,16,[5 5],50,111,127,61,98
1,<environment.Job instance at 0x7f958d0161e0>,0,18,[ 2 10],1,2,20,1,2
1,<environment.Job instance at 0x7f9585c062d0>,8,17,[ 2 10],9,20,37,11,9
1,<environment.Job instance at 0x7f9585c06550>,10,1,[7 3],11,37,38,26,11
1,<environment.Job instance at 0x7f9585c065a0>,14,12,[3 7],15,37,49,22,20
1,<environment.Job instance at 0x7f9585c06fa0>,20,1,[3 7],21,49,50,28,28
1,<environment.Job instance at 0x7f9585c08050>,21,3,[ 2 10],22,50,53,28,28
1,<environment.Job instance at 0x7f9585c08460>,23,18,[5 2],24,53,71,29,42
1,<environment.Job instance at 0x7f9585c08dc0>,32,17,[9 3],33,71,88,38,59
1,<environment.Job instance at 0x7f9585c065f0>,7,14,[5 1],8,88,102,80,74
1,<environment.Job instance at 0x7f9585c0c370>,40,1,[1 8],41,88,89,47,74
1,<environment.Job instance at 0x7f9585c0c460>,42,14,[8 4],43,102,116,59,87
1,<environment.Job instance at 0x7f9585c0ca50>,48,13,[6 1],49,116,129,67,106
1,<environment.Job instance at 0x7f958d17fc80>,0,20,[5 7],1,1,21,0,1
1,<environment.Job instance at 0x7f958d1855a0>,8,3,[2 7],9,21,24,12,9
1,<environment.Job instance at 0x7f958d185550>,5,14,[9 1],6,24,38,18,18
1,<environment.Job instance at 0x7f958d18d140>,10,2,[5 6],11,38,40,27,18
1,<environment.Job instance at 0x7f958d17dbe0>,13,3,[1 5],14,30,33,16,30
1,<environment.Job instance at 0x7f958d17d9b0>,14,15,[9 1],15,40,55,25,30
1,<environment.Job instance at 0x7f958d18d190>,9,16,[1 8],10,40,56,30,31
1,<environment.Job instance at 0x7f958d03f4b0>,20,16,[9 3],21,56,72,35,45
1,<environment.Job instance at 0x7f958d03f140>,28,14,[5 1],29,77,91,48,77
1,<environment.Job instance at 0x7f958d03fe60>,29,3,[1 7],30,77,80,47,77
1,<environment.Job instance at 0x7f958d03fe10>,30,17,[3 8],31,80,97,49,77
1,<environment.Job instance at 0x7f958d191d70>,35,15,[6 2],36,91,106,55,83
1,<environment.Job instance at 0x7f958d191e10>,36,15,[6 2],37,106,121,69,92
1,<environment.Job instance at 0x7f958d18cf00>,43,1,[5 6],44,121,122,77,108
1,<environment.Job instance at 0x7f958d18ce10>,45,14,[3 8],46,122,136,76,108
1,<environment.Job instance at 0x7f954203c230>,3,15,[5 6],4,4,19,0,4
1,<environment.Job instance at 0x7f954203cd70>,11,13,[3 6],12,19,32,7,14
1,<environment.Job instance at 0x7f9541eba320>,13,12,[3 8],14,32,44,18,15
1,<environment.Job instance at 0x7f954203c690>,9,12,[5 4],10,44,56,34,27
1,<environment.Job instance at 0x7f9541ebad70>,21,16,[7 4],22,56,72,34,52
1,<environment.Job instance at 0x7f958d18c0f0>,5,17,[3 5],6,57,74,51,57
1,<environment.Job instance at 0x7f9541e5ed70>,27,16,[2 8],28,74,90,46,61
1,<environment.Job instance at 0x7f9541e5e7d0>,31,3,[1 8],32,90,93,58,72
1,<environment.Job instance at 0x7f9541e5eaa0>,32,13,[2 5],33,93,106,60,82
1,<environment.Job instance at 0x7f9541e5efa0>,39,12,[1 8],40,106,118,66,97
1,<environment.Job instance at 0x7f9541e5e370>,1,16,[2 8],2,2,18,0,2
1,<environment.Job instance at 0x7f954203a7d0>,11,15,[3 5],12,18,33,6,13
1,<environment.Job instance at 0x7f954203aa50>,12,20,[7 3],13,18,38,5,13
1,<environment.Job instance at 0x7f9541fe5140>,23,1,[2 8],24,38,39,14,24
1,<environment.Job instance at 0x7f9541fe5370>,22,15,[7 3],23,39,54,16,25
1,<environment.Job instance at 0x7f954200ecd0>,18,17,[2 8],19,54,71,35,42
1,<environment.Job instance at 0x7f9541fc50a0>,36,3,[2 7],37,71,74,34,63
1,<environment.Job instance at 0x7f9541fc5d20>,37,13,[ 1 10],38,74,87,36,63
1,<environment.Job instance at 0x7f9541fd8b40>,29,22,[1 6],30,87,109,57,81
1,<environment.Job instance at 0x7f95423dc410>,48,14,[3 6],49,109,123,60,105
1,<environment.Job instance at 0x7f958d03daf0>,2,2,[3 5],3,3,5,0,3
1,<environment.Job instance at 0x7f9542301b90>,5,24,[3 9],6,7,31,1,7
1,<environment.Job instance at 0x7f9542301f50>,9,16,[1 8],10,31,47,21,18
1,<environment.Job instance at 0x7f954230c2d0>,13,13,[9 5],14,47,60,33,34
1,<environment.Job instance at 0x7f954230cf50>,26,15,[ 5 10],27,60,75,33,46
1,<environment.Job instance at 0x7f954230d410>,33,18,[4 8],34,75,93,41,64
1,<environment.Job instance at 0x7f954230c140>,14,15,[ 1 10],15,93,108,78,79
1,<environment.Job instance at 0x7f954230d230>,31,14,[1 9],32,108,122,76,94
1,<environment.Job instance at 0x7f95422f00a0>,47,12,[10  4],48,122,134,74,105
1,<environment.Job instance at 0x7f9541e0eaf0>,0,3,[1 6],1,1,4,0,1
1,<environment.Job instance at 0x7f9585ece4b0>,2,3,[4 9],3,4,7,1,3
1,<environment.Job instance at 0x7f958609be60>,3,12,[ 2 10],4,7,19,3,4
1,<environment.Job instance at 0x7f958609bd20>,9,1,[8 3],10,19,20,9,11
1,<environment.Job instance at 0x7f958609b1e0>,10,18,[5 9],11,20,38,9,14
1,<environment.Job instance at 0x7f9585ab7910>,17,3,[5 1],18,20,23,2,18
1,<environment.Job instance at 0x7f9585ab7f00>,19,14,[9 5],20,38,52,18,23
1,<environment.Job instance at 0x7f958a6961e0>,26,17,[ 1 10],27,52,69,25,43
1,<environment.Job instance at 0x7f958a6969b0>,30,12,[7 2],31,69,81,38,57
1,<environment.Job instance at 0x7f9586082be0>,36,14,[9 2],37,81,95,44,66
1,<environment.Job instance at 0x7f9586082870>,44,3,[5 2],45,95,98,50,81
1,<environment.Job instance at 0x7f9586082c30>,37,17,[3 8],38,95,112,57,87
1,<environment.Job instance at 0x7f9586082960>,51,3,[5 9],52,112,115,60,98
1,<environment.Job instance at 0x7f958a8c6230>,52,2,[7 4],53,115,117,62,98
1,<environment.Job instance at 0x7f958a8c6050>,53,3,[5 5],54,117,120,63,98
1,<environment.Job instance at 0x7f958a8c6f50>,54,2,[9 2],55,120,122,65,98
1,<environment.Job instance at 0x7f958a8c64b0>,55,13,[3 9],56,122,135,66,106
1,<environment.Job instance at 0x7f958a199e10>,0,27,[6 4],1,2,29,1,2
1,<environment.Job instance at 0x7f958a939af0>,7,2,[ 2 10],8,29,31,21,13
1,<environment.Job instance at 0x7f9585fc6780>,14,16,[9 4],15,31,47,16,18
1,<environment.Job instance at 0x7f958d1900f0>,8,22,[7 5],9,47,69,38,40
1,<environment.Job instance at 0x7f958a6d02d0>,28,14,[9 1],29,69,83,40,62
1,<environment.Job instance at 0x7f958a6d0320>,29,17,[1 9],30,69,86,39,62
1,<environment.Job instance at 0x7f9585a57d70>,37,27,[9 3],38,86,113,48,84
1,<environment.Job instance at 0x7f9542538780>,44,17,[5 1],45,113,130,68,101
1,<environment.Job instance at 0x7f9542538a00>,48,24,[4 7],49,113,137,64,109
1,<environment.Job instance at 0x7f958a366d70>,1,16,[5 7],2,2,18,0,2
1,<environment.Job instance at 0x7f95421f78c0>,30,14,[ 2 10],31,44,58,13,44
1,<environment.Job instance at 0x7f95421f73c0>,21,17,[2 7],22,58,75,36,48
1,<environment.Job instance at 0x7f95421f7c80>,34,16,[5 5],35,75,91,40,63
1,<environment.Job instance at 0x7f95421ee3c0>,40,19,[4 5],41,75,94,34,68
1,<environment.Job instance at 0x7f95421eea00>,44,16,[2 7],45,94,110,49,81
1,<environment.Job instance at 0x7f95421eec80>,48,16,[8 3],49,94,110,45,90
1,<environment.Job instance at 0x7f95421eee60>,51,21,[8 2],52,110,131,58,102
1,<environment.Job instance at 0x7f958a3f5aa0>,0,16,[ 2 10],1,1,17,0,1
1,<environment.Job instance at 0x7f9585ab3aa0>,5,18,[ 5 10],6,17,35,11,6
1,<environment.Job instance at 0x7f9585a116e0>,20,1,[8 1],21,35,36,14,22
1,<environment.Job instance at 0x7f958a413be0>,25,18,[9 2],26,36,54,10,26
1,<environment.Job instance at 0x7f9541ebf9b0>,35,23,[8 4],36,54,77,18,51
1,<environment.Job instance at 0x7f9541ebfcd0>,40,15,[2 8],41,77,92,36,63
1,<environment.Job instance at 0x7f9542422050>,48,3,[2 7],49,92,95,43,74
1,<environment.Job instance at 0x7f9541ebf050>,36,12,[3 9],37,95,107,58,78
1,<environment.Job instance at 0x7f954234e960>,50,15,[4 7],51,107,122,56,97
1,<environment.Job instance at 0x7f95859bec30>,2,1,[2 5],3,3,4,0,3
1,<environment.Job instance at 0x7f958a184730>,3,2,[ 4 10],4,4,6,0,4
1,<environment.Job instance at 0x7f9585cb90a0>,9,17,[2 6],10,11,28,1,11
1,<environment.Job instance at 0x7f958a6b1550>,20,13,[5 6],21,28,41,7,21
1,<environment.Job instance at 0x7f954204f5a0>,16,17,[3 5],17,41,58,24,38
1,<environment.Job instance at 0x7f9585fbdc30>,22,12,[10  4],23,58,70,35,43
1,<environment.Job instance at 0x7f958596deb0>,30,16,[7 5],31,70,86,39,57
1,<environment.Job instance at 0x7f958a79df50>,8,18,[5 8],9,86,104,77,75
1,<environment.Job instance at 0x7f95424cecd0>,46,18,[8 1],47,104,122,57,95
1,<environment.Job instance at 0x7f9541eb7fa0>,43,12,[10  1],44,122,134,78,108
1,<environment.Job instance at 0x7f9585baa410>,0,15,[5 5],1,1,16,0,1
1,<environment.Job instance at 0x7f9585a0d820>,4,15,[10  2],5,16,31,11,6
1,<environment.Job instance at 0x7f9542548690>,19,2,[1 9],20,31,33,11,23
1,<environment.Job instance at 0x7f9542548640>,20,12,[5 6],21,33,45,12,23
1,<environment.Job instance at 0x7f95425488c0>,21,16,[3 9],22,45,61,23,32
1,<environment.Job instance at 0x7f9542548500>,18,2,[6 3],19,61,63,42,51
1,<environment.Job instance at 0x7f954252e500>,32,14,[ 4 10],33,63,77,30,63
1,<environment.Job instance at 0x7f954252e6e0>,35,16,[7 3],36,77,93,41,64
1,<environment.Job instance at 0x7f954252ea00>,39,26,[2 6],40,77,103,37,75
1,<environment.Job instance at 0x7f954252e5f0>,41,15,[8 4],42,94,109,52,94
1,<environment.Job instance at 0x7f9542548eb0>,28,14,[6 4],29,109,123,80,94
1,<environment.Job instance at 0x7f954252e870>,43,16,[2 6],44,103,119,59,94
1,<environment.Job instance at 0x7f9585bb9500>,9,14,[5 1],10,13,27,3,13
1,<environment.Job instance at 0x7f9585e10690>,8,2,[1 9],9,17,19,8,17
1,<environment.Job instance at 0x7f9585e10b90>,10,17,[9 2],11,27,44,16,20
1,<environment.Job instance at 0x7f958a1fe640>,22,13,[ 3 10],23,44,57,21,33
1,<environment.Job instance at 0x7f958a1fe960>,23,14,[ 4 10],24,57,71,33,51
1,<environment.Job instance at 0x7f958a8b1dc0>,27,21,[9 4],28,71,92,43,65
1,<environment.Job instance at 0x7f9585bb9550>,7,18,[1 6],8,79,97,71,79
1,<environment.Job instance at 0x7f9542243280>,41,14,[10  1],42,97,111,55,85
1,<environment.Job instance at 0x7f95424ae690>,48,12,[3 9],49,111,123,62,102
1,<environment.Job instance at 0x7f9585bb0f00>,53,12,[5 4],54,123,135,69,109
1,<environment.Job instance at 0x7f9585e17d20>,57,15,[3 6],58,123,138,65,109
1,<environment.Job instance at 0x7f9586021d20>,5,15,[1 5],6,6,21,0,6
1,<environment.Job instance at 0x7f9586021e60>,3,18,[4 5],4,10,28,6,10
1,<environment.Job instance at 0x7f9585b1f690>,19,3,[6 2],20,21,24,1,21
1,<environment.Job instance at 0x7f9585b1f050>,20,13,[1 5],21,24,37,3,23
1,<environment.Job instance at 0x7f9585b1f910>,21,1,[6 3],22,28,29,6,23
1,<environment.Job instance at 0x7f9585b1fb90>,22,14,[3 7],23,37,51,14,23
1,<environment.Job instance at 0x7f9585b1f870>,18,16,[ 5 10],19,51,67,32,40
1,<environment.Job instance at 0x7f9585b4cd70>,38,16,[9 1],39,69,85,30,69
1,<environment.Job instance at 0x7f958a8e6dc0>,26,27,[2 9],27,85,112,58,83
1,<environment.Job instance at 0x7f9541d57e60>,45,14,[1 7],46,112,126,66,98
1,<environment.Job instance at 0x7f958a1c6640>,1,17,[5 8],2,2,19,0,2
1,<environment.Job instance at 0x7f9541d77d70>,8,12,[10  3],9,19,31,10,9
1,<environment.Job instance at 0x7f958a21ddc0>,10,20,[ 4 10],11,31,51,20,23
1,<environment.Job instance at 0x7f9542422a00>,17,24,[4 8],18,51,75,33,50
1,<environment.Job instance at 0x7f95424288c0>,32,23,[6 2],33,59,82,26,59
1,<environment.Job instance at 0x7f9542422dc0>,13,14,[ 4 10],14,82,96,68,67
1,<environment.Job instance at 0x7f9585aa2fa0>,46,16,[4 8],47,96,112,49,83
1,<environment.Job instance at 0x7f9585a76c80>,54,17,[1 6],55,112,129,57,102
1,<environment.Job instance at 0x7f958a5c1730>,2,1,[1 8],3,3,4,0,3
1,<environment.Job instance at 0x7f9541fea1e0>,6,13,[ 2 10],7,7,20,0,7
1,<environment.Job instance at 0x7f9541fea370>,7,12,[6 5],8,20,32,12,8
1,<environment.Job instance at 0x7f95859b9690>,10,20,[8 5],11,34,54,23,34
1,<environment.Job instance at 0x7f958a3bb5a0>,28,12,[6 4],29,54,66,25,39
1,<environment.Job instance at 0x7f958a3bbf50>,32,18,[4 8],33,66,84,33,55
1,<environment.Job instance at 0x7f958a1bff00>,52,1,[7 4],53,84,85,31,66
1,<environment.Job instance at 0x7f9541f07f00>,55,13,[7 4],56,85,98,29,69
1,<environment.Job instance at 0x7f958a2f34b0>,50,12,[2 5],51,84,96,33,78
1,<environment.Job instance at 0x7f9541e01f00>,63,3,[7 1],64,98,101,34,82
1,<environment.Job instance at 0x7f9541ebafa0>,65,3,[ 1 10],66,101,104,35,82
1,<environment.Job instance at 0x7f9585f7c820>,57,3,[6 5],58,104,107,46,83
1,<environment.Job instance at 0x7f9542511640>,68,12,[7 5],69,107,119,38,91
1,<environment.Job instance at 0x7f95425118c0>,1,23,[5 9],2,8,31,6,8
1,<environment.Job instance at 0x7f9541b92be0>,14,12,[7 5],15,31,43,16,16
1,<environment.Job instance at 0x7f9541b92460>,13,15,[ 3 10],14,43,58,29,29
1,<environment.Job instance at 0x7f9541bed320>,18,26,[2 5],19,58,84,39,56
1,<environment.Job instance at 0x7f9541beda00>,20,15,[10  5],21,84,99,63,70
1,<environment.Job instance at 0x7f9541b932d0>,42,2,[2 8],43,99,101,56,76
1,<environment.Job instance at 0x7f9541b93b40>,43,13,[10  3],44,101,114,57,85
1,<environment.Job instance at 0x7f9541beda50>,22,12,[8 2],23,114,126,91,99
1,<environment.Job instance at 0x7f9541d7f960>,3,26,[10  4],4,4,30,0,4
1,<environment.Job instance at 0x7f9586073b90>,9,15,[9 1],10,30,45,20,18
1,<environment.Job instance at 0x7f9586073f50>,7,15,[1 8],8,30,45,22,27
1,<environment.Job instance at 0x7f95860430f0>,20,13,[3 7],21,45,58,24,33
1,<environment.Job instance at 0x7f958a59b500>,5,24,[4 7],6,58,82,52,53
1,<environment.Job instance at 0x7f9586049e60>,28,14,[1 9],29,82,96,53,73
1,<environment.Job instance at 0x7f9542155460>,31,13,[7 4],32,96,109,64,85
1,<environment.Job instance at 0x7f958cd9daf0>,42,18,[2 5],43,102,120,59,102
1,<environment.Job instance at 0x7f958a5d1eb0>,38,3,[6 2],39,109,112,70,107
1,<environment.Job instance at 0x7f95424b5320>,44,15,[10  1],45,120,135,75,108
1,<environment.Job instance at 0x7f954210ca50>,1,21,[1 7],2,2,23,0,2
1,<environment.Job instance at 0x7f958a63e460>,6,16,[1 7],7,23,39,16,10
1,<environment.Job instance at 0x7f9541b9cfa0>,9,14,[2 5],10,39,53,29,25
1,<environment.Job instance at 0x7f9585df3af0>,25,1,[3 5],26,39,40,13,26
1,<environment.Job instance at 0x7f95424fd910>,26,3,[8 4],27,40,43,13,27
1,<environment.Job instance at 0x7f9585aa2690>,18,16,[6 5],19,43,59,24,39
1,<environment.Job instance at 0x7f95424fd2d0>,34,17,[4 9],35,59,76,24,52
1,<environment.Job instance at 0x7f95424fd9b0>,32,14,[10  5],33,76,90,43,62
1,<environment.Job instance at 0x7f9542074d70>,43,15,[5 3],44,90,105,46,76
1,<environment.Job instance at 0x7f95423ec780>,51,17,[7 1],52,105,122,53,94
1,<environment.Job instance at 0x7f9542070c80>,58,2,[7 3],59,122,124,63,108
1,<environment.Job instance at 0x7f9542070cd0>,60,12,[2 6],61,108,120,47,108
1,<environment.Job instance at 0x7f95420703c0>,61,3,[5 2],62,124,127,62,108
1,<environment.Job instance at 0x7f958a626780>,1,16,[1 7],2,2,18,0,2
1,<environment.Job instance at 0x7f9541c71b90>,3,3,[5 2],4,5,8,1,5
1,<environment.Job instance at 0x7f9541c71a50>,5,1,[8 4],6,18,19,12,6
1,<environment.Job instance at 0x7f9541c71af0>,8,18,[5 9],9,19,37,10,13
1,<environment.Job instance at 0x7f9541c713c0>,13,16,[5 9],14,37,53,23,24
1,<environment.Job instance at 0x7f9541effd70>,32,12,[9 4],33,53,65,20,40
1,<environment.Job instance at 0x7f9541eff320>,35,18,[6 4],36,65,83,29,58
1,<environment.Job instance at 0x7f9541effcd0>,37,22,[6 4],38,83,105,45,76
1,<environment.Job instance at 0x7f95860acaa0>,53,12,[ 4 10],54,105,117,51,95
1,<environment.Job instance at 0x7f9541eff410>,41,12,[4 6],42,117,129,75,106
1,<environment.Job instance at 0x7f95424a17d0>,1,18,[5 6],2,2,20,0,2
1,<environment.Job instance at 0x7f958a2a1fa0>,5,16,[6 5],6,20,36,14,7
1,<environment.Job instance at 0x7f958a286780>,11,3,[6 4],12,36,39,24,22
1,<environment.Job instance at 0x7f958603bf50>,6,15,[1 6],7,36,51,29,26
1,<environment.Job instance at 0x7f958a508280>,13,15,[9 4],14,39,54,25,31
1,<environment.Job instance at 0x7f9541f8c460>,23,12,[10  2],24,54,66,30,41
1,<environment.Job instance at 0x7f954200bcd0>,27,2,[ 1 10],28,66,68,38,41
1,<environment.Job instance at 0x7f954200b140>,28,1,[4 7],29,68,69,39,42
1,<environment.Job instance at 0x7f9585a890f0>,35,12,[8 1],36,69,81,33,52
1,<environment.Job instance at 0x7f9585aa6af0>,41,21,[8 4],42,81,102,39,73
1,<environment.Job instance at 0x7f9585a894b0>,38,12,[10  1],39,102,114,63,87
1,<environment.Job instance at 0x7f9585a9ff50>,48,12,[1 5],49,114,126,65,105
1,<environment.Job instance at 0x7f9585aa8960>,57,2,[ 4 10],58,126,128,68,107
1,<environment.Job instance at 0x7f018a519230>,3,18,[ 3 10],4,4,22,0,4
1,<environment.Job instance at 0x7f01919b1dc0>,2,12,[5 4],3,22,34,19,10
1,<environment.Job instance at 0x7f018a519af0>,13,13,[1 8],14,34,47,20,19
1,<environment.Job instance at 0x7f018a51b280>,20,1,[3 7],21,47,48,26,32
1,<environment.Job instance at 0x7f018a51b320>,21,3,[ 2 10],22,48,51,26,32
1,<environment.Job instance at 0x7f018a519460>,7,14,[5 1],8,51,65,43,36
1,<environment.Job instance at 0x7f018a51b4b0>,23,18,[5 2],24,51,69,27,43
1,<environment.Job instance at 0x7f018a51b8c0>,30,1,[5 5],31,65,66,34,46
1,<environment.Job instance at 0x7f018a5193c0>,8,17,[ 2 10],9,69,86,60,57
1,<environment.Job instance at 0x7f018a51f2d0>,39,18,[5 8],40,86,104,46,75
1,<environment.Job instance at 0x7f018a51f910>,45,16,[6 2],46,104,120,58,91
1,<environment.Job instance at 0x7f01919280a0>,5,13,[5 9],6,120,133,114,107
1,<environment.Job instance at 0x7f0191a975a0>,7,3,[1 8],8,8,11,0,8
1,<environment.Job instance at 0x7f0191a95280>,10,16,[9 3],11,11,27,0,11
1,<environment.Job instance at 0x7f0191a979b0>,3,3,[1 5],4,18,21,14,18
1,<environment.Job instance at 0x7f0191a9b730>,19,3,[1 7],20,29,32,9,29
1,<environment.Job instance at 0x7f0191a9b1e0>,21,16,[5 4],22,32,48,10,29
1,<environment.Job instance at 0x7f0191a9b280>,23,16,[6 4],24,48,64,24,35
1,<environment.Job instance at 0x7f0191a95690>,9,14,[8 1],10,64,78,54,53
1,<environment.Job instance at 0x7f0191a9ef00>,32,16,[6 2],33,78,94,45,65
1,<environment.Job instance at 0x7f0191a9e190>,35,14,[3 8],36,78,92,42,74
1,<environment.Job instance at 0x7f0191a9ec30>,37,17,[3 8],38,92,109,54,83
1,<environment.Job instance at 0x7f0191aa3910>,54,1,[9 4],55,109,110,54,94
1,<environment.Job instance at 0x7f0191aa3d70>,57,13,[ 4 10],58,110,123,52,107
1,<environment.Job instance at 0x7f0191aa3e10>,58,14,[4 7],59,123,137,64,115
1,<environment.Job instance at 0x7f0191aa32d0>,2,3,[3 9],3,3,6,0,3
1,<environment.Job instance at 0x7f01467d1aa0>,4,15,[9 5],5,6,21,1,5
1,<environment.Job instance at 0x7f01467d1b90>,7,16,[2 8],8,21,37,13,9
1,<environment.Job instance at 0x7f018a2e3e60>,14,17,[1 9],15,37,54,22,25
1,<environment.Job instance at 0x7f018a2fd280>,26,22,[6 1],27,43,65,16,43
1,<environment.Job instance at 0x7f018a289550>,27,14,[3 5],28,54,68,26,43
1,<environment.Job instance at 0x7f01467814b0>,28,21,[5 1],29,65,86,36,58
1,<environment.Job instance at 0x7f018a3a3910>,19,12,[1 8],20,72,84,52,72
1,<environment.Job instance at 0x7f01467812d0>,36,14,[5 4],37,84,98,47,80
1,<environment.Job instance at 0x7f01467baeb0>,44,2,[1 7],45,98,100,53,85
1,<environment.Job instance at 0x7f01467ba690>,45,1,[ 4 10],46,100,101,54,90
1,<environment.Job instance at 0x7f01467ba910>,46,13,[3 6],47,101,114,54,90
1,<environment.Job instance at 0x7f018a367be0>,47,1,[9 4],48,114,115,66,101
1,<environment.Job instance at 0x7f01467baf50>,49,14,[5 7],50,115,129,65,101
1,<environment.Job instance at 0x7f0146b69b40>,0,1,[5 1],1,1,2,0,1
1,<environment.Job instance at 0x7f01467b91e0>,4,22,[1 9],5,5,27,0,5
1,<environment.Job instance at 0x7f01468bb690>,15,20,[3 8],16,27,47,11,18
1,<environment.Job instance at 0x7f018a587c80>,18,14,[3 6],19,47,61,28,32
1,<environment.Job instance at 0x7f0146831cd0>,26,21,[6 1],27,49,70,22,49
1,<environment.Job instance at 0x7f0146bdcaa0>,30,12,[1 5],31,61,73,30,50
1,<environment.Job instance at 0x7f0146c888c0>,32,17,[9 1],33,70,87,37,61
1,<environment.Job instance at 0x7f0146df4b40>,37,20,[5 2],38,87,107,49,80
1,<environment.Job instance at 0x7f0146d79f00>,11,18,[3 8],12,87,105,75,82
1,<environment.Job instance at 0x7f018a5ff870>,41,3,[3 7],42,105,108,63,94
1,<environment.Job instance at 0x7f018a587190>,20,18,[4 8],21,108,126,87,98
1,<environment.Job instance at 0x7f0146bc38c0>,2,3,[1 7],3,3,6,0,3
1,<environment.Job instance at 0x7f0146b2d780>,4,2,[4 8],5,6,8,1,5
1,<environment.Job instance at 0x7f0146b2ddc0>,5,19,[7 5],6,8,27,2,7
1,<environment.Job instance at 0x7f018a498cd0>,14,2,[4 9],15,27,29,12,15
1,<environment.Job instance at 0x7f019128f4b0>,15,2,[7 5],16,29,31,13,16
1,<environment.Job instance at 0x7f01912b6410>,18,3,[9 1],19,31,34,12,20
1,<environment.Job instance at 0x7f019128f870>,17,18,[6 2],18,34,52,16,23
1,<environment.Job instance at 0x7f018a4921e0>,12,17,[2 5],13,34,51,21,32
1,<environment.Job instance at 0x7f019129c0a0>,27,23,[10  4],28,52,75,24,46
1,<environment.Job instance at 0x7f019129c500>,34,13,[1 9],35,75,88,40,59
1,<environment.Job instance at 0x7f01912a1be0>,38,1,[5 3],39,88,89,49,77
1,<environment.Job instance at 0x7f01912a1820>,39,17,[ 5 10],40,89,106,49,77
1,<environment.Job instance at 0x7f01912a12d0>,44,15,[5 7],45,106,121,61,92
1,<environment.Job instance at 0x7f019129cbe0>,28,14,[3 8],29,121,135,92,111
1,<environment.Job instance at 0x7f019129cbe0>,3,3,[5 5],4,4,7,0,4
1,<environment.Job instance at 0x7f0146c5a730>,6,18,[9 4],7,7,25,0,7
1,<environment.Job instance at 0x7f0146c5ad70>,12,15,[10  1],13,25,40,12,16
1,<environment.Job instance at 0x7f0146c5a8c0>,18,16,[6 5],19,40,56,21,27
1,<environment.Job instance at 0x7f0146c5a6e0>,14,24,[4 5],15,40,64,25,39
1,<environment.Job instance at 0x7f0146e159b0>,33,15,[6 1],34,56,71,22,50
1,<environment.Job instance at 0x7f0146e15550>,38,17,[7 2],39,71,88,32,59
1,<environment.Job instance at 0x7f0146e15320>,46,14,[5 4],47,88,102,41,77
1,<environment.Job instance at 0x7f0146e15c80>,44,15,[7 3],45,102,117,57,92
1,<environment.Job instance at 0x7f0146e1f410>,54,12,[3 5],55,92,104,37,92
1,<environment.Job instance at 0x7f0146e1fdc0>,56,2,[8 4],57,117,119,60,97
1,<environment.Job instance at 0x7f0146e1f640>,50,17,[2 6],51,104,121,53,98
1,<environment.Job instance at 0x7f018aa1c320>,62,15,[10  1],63,121,136,58,108
1,<environment.Job instance at 0x7f01911499b0>,1,2,[8 4],2,2,4,0,2
1,<environment.Job instance at 0x7f0191a95c30>,10,12,[1 7],11,19,31,8,19
1,<environment.Job instance at 0x7f018a3a3e10>,9,1,[5 1],10,19,20,9,19
1,<environment.Job instance at 0x7f0190da6a50>,11,3,[6 4],12,31,34,19,19
1,<environment.Job instance at 0x7f01467b3e60>,15,2,[6 3],16,21,23,5,21
1,<environment.Job instance at 0x7f0190da69b0>,13,15,[5 5],14,34,49,20,21
1,<environment.Job instance at 0x7f0190d58140>,23,15,[4 9],24,49,64,25,49
1,<environment.Job instance at 0x7f01911493c0>,4,16,[4 5],5,64,80,59,51
1,<environment.Job instance at 0x7f0191480780>,29,19,[5 5],30,64,83,34,60
1,<environment.Job instance at 0x7f018a9bdbe0>,32,15,[4 8],33,83,98,50,70
1,<environment.Job instance at 0x7f01469d7230>,41,12,[5 5],42,98,110,56,86
1,<environment.Job instance at 0x7f01467b34b0>,16,13,[4 7],17,110,123,93,96
1,<environment.Job instance at 0x7f01469d7f50>,43,13,[7 4],44,123,136,79,107
1,<environment.Job instance at 0x7f018aa36780>,3,14,[3 6],4,4,18,0,4
1,<environment.Job instance at 0x7f018a6c6780>,6,13,[9 3],7,18,31,11,11
1,<environment.Job instance at 0x7f018a6c6b90>,10,14,[1 5],11,18,32,7,11
1,<environment.Job instance at 0x7f018a6c6820>,8,16,[9 4],9,31,47,22,18
1,<environment.Job instance at 0x7f018a6bb190>,17,19,[1 5],18,49,68,31,49
1,<environment.Job instance at 0x7f018a6bb410>,21,13,[6 3],22,58,71,36,58
1,<environment.Job instance at 0x7f018a6bb5a0>,22,14,[3 9],23,71,85,48,60
1,<environment.Job instance at 0x7f0146c59c80>,17,17,[10  4],18,21,38,3,21
1,<environment.Job instance at 0x7f018a9ee780>,19,15,[2 6],20,44,59,24,44
1,<environment.Job instance at 0x7f01913457d0>,21,14,[9 4],22,59,73,37,46
1,<environment.Job instance at 0x7f0190f36280>,24,3,[4 5],25,73,76,48,57
1,<environment.Job instance at 0x7f0191345d20>,15,12,[2 8],16,76,88,60,59
1,<environment.Job instance at 0x7f0190f367d0>,26,27,[5 2],27,73,100,46,71
1,<environment.Job instance at 0x7f0146c65eb0>,32,1,[2 5],33,88,89,55,79
1,<environment.Job instance at 0x7f0191272fa0>,37,15,[5 8],38,89,104,51,82
1,<environment.Job instance at 0x7f0146781690>,39,17,[2 6],40,104,121,64,93
1,<environment.Job instance at 0x7f018a53b5a0>,46,17,[3 5],47,121,138,74,111
1,<environment.Job instance at 0x7f0190f36140>,28,13,[1 5],29,121,134,92,115
1,<environment.Job instance at 0x7f0146aa1d70>,0,12,[7 4],1,1,13,0,1
1,<environment.Job instance at 0x7f01910d0870>,8,17,[9 5],9,13,30,4,9
1,<environment.Job instance at 0x7f018a53baa0>,4,16,[7 4],5,30,46,25,18
1,<environment.Job instance at 0x7f0190e24960>,24,15,[10  2],25,46,61,21,33
1,<environment.Job instance at 0x7f01910d00f0>,11,18,[4 7],12,64,82,52,64
1,<environment.Job instance at 0x7f018a363280>,33,3,[3 8],34,82,85,48,67
1,<environment.Job instance at 0x7f018a3633c0>,36,14,[6 4],37,85,99,48,76
1,<environment.Job instance at 0x7f019129d370>,12,14,[4 6],13,85,99,72,78
1,<environment.Job instance at 0x7f018a4bdbe0>,41,16,[3 9],42,99,115,57,88
1,<environment.Job instance at 0x7f0146819d20>,19,15,[3 9],20,115,130,95,110
1,<environment.Job instance at 0x7f0146a3c370>,1,2,[1 9],2,2,4,0,2
1,<environment.Job instance at 0x7f0190db78c0>,3,13,[8 4],4,4,17,0,4
1,<environment.Job instance at 0x7f0146a87370>,8,13,[8 5],9,17,30,8,9
1,<environment.Job instance at 0x7f0146a875f0>,12,16,[5 4],13,30,46,17,20
1,<environment.Job instance at 0x7f0146a87870>,19,14,[5 1],20,30,44,10,24
1,<environment.Job instance at 0x7f0146a78370>,23,3,[6 2],24,46,49,22,30
1,<environment.Job instance at 0x7f0146a784b0>,24,1,[7 4],25,49,50,24,33
1,<environment.Job instance at 0x7f0146a78820>,29,18,[6 2],30,50,68,20,41
1,<environment.Job instance at 0x7f0146a78c80>,35,14,[5 7],36,68,82,32,53
1,<environment.Job instance at 0x7f0146a78e10>,37,21,[9 4],38,82,103,44,74
1,<environment.Job instance at 0x7f0146a7ed20>,50,17,[ 5 10],51,103,120,52,92
1,<environment.Job instance at 0x7f0146a6d4b0>,62,18,[3 7],63,120,138,57,109
1,<environment.Job instance at 0x7f019132a910>,4,1,[6 1],5,5,6,0,5
1,<environment.Job instance at 0x7f019132a780>,5,15,[1 5],6,6,21,0,6
1,<environment.Job instance at 0x7f0191a9c370>,8,13,[8 2],9,11,24,2,11
1,<environment.Job instance at 0x7f0146c445f0>,7,3,[9 4],8,24,27,16,11
1,<environment.Job instance at 0x7f0191382050>,13,3,[2 7],14,21,24,7,15
1,<environment.Job instance at 0x7f018a83afa0>,21,1,[6 3],22,28,29,6,28
1,<environment.Job instance at 0x7f0146866320>,22,14,[3 7],23,28,42,5,28
1,<environment.Job instance at 0x7f0146866cd0>,23,3,[10  4],24,42,45,18,28
1,<environment.Job instance at 0x7f0146866f00>,24,1,[4 8],25,45,46,20,28
1,<environment.Job instance at 0x7f01468665a0>,25,13,[5 4],26,46,59,20,32
1,<environment.Job instance at 0x7f019117b0f0>,12,15,[5 1],13,45,60,32,34
1,<environment.Job instance at 0x7f0191a8f9b0>,27,15,[2 6],28,59,74,31,46
1,<environment.Job instance at 0x7f018a83a820>,20,13,[1 5],21,74,87,53,58
1,<environment.Job instance at 0x7f0146c44190>,3,18,[4 5],4,74,92,70,74
1,<environment.Job instance at 0x7f014675e2d0>,45,14,[1 7],46,92,106,46,89
1,<environment.Job instance at 0x7f014675e1e0>,46,3,[8 2],47,92,95,45,89
1,<environment.Job instance at 0x7f014675e0f0>,47,18,[1 9],48,106,124,58,95
1,<environment.Job instance at 0x7f014675e9b0>,52,18,[10  5],53,124,142,71,113
1,<environment.Job instance at 0x7f018a2e9cd0>,1,1,[ 3 10],2,2,3,0,2
1,<environment.Job instance at 0x7f0146ead8c0>,2,16,[6 1],3,3,19,0,3
1,<environment.Job instance at 0x7f0190f297d0>,16,16,[4 9],17,17,33,0,17
1,<environment.Job instance at 0x7f014671c190>,19,15,[6 4],20,33,48,13,20
1,<environment.Job instance at 0x7f018a6cff00>,28,13,[4 8],29,48,61,19,32
1,<environment.Job instance at 0x7f0146cf1960>,31,1,[3 6],32,33,34,1,32
1,<environment.Job instance at 0x7f018a6cfdc0>,27,13,[9 4],28,61,74,33,56
1,<environment.Job instance at 0x7f018a6cf370>,26,17,[1 6],27,61,78,34,56
1,<environment.Job instance at 0x7f0146740dc0>,37,15,[4 8],38,78,93,40,73
1,<environment.Job instance at 0x7f0146740f00>,38,15,[1 6],39,93,108,54,79
1,<environment.Job instance at 0x7f0191357b90>,45,14,[3 8],46,108,122,62,96
1,<environment.Job instance at 0x7f0191357dc0>,51,1,[6 2],52,106,107,54,106
1,<environment.Job instance at 0x7f0191357b40>,52,17,[ 1 10],53,122,139,69,111
1,<environment.Job instance at 0x7f0190ea22d0>,0,18,[3 5],1,1,19,0,1
1,<environment.Job instance at 0x7f01912e4190>,8,12,[6 4],9,14,26,5,14
1,<environment.Job instance at 0x7f01912df910>,16,13,[6 4],17,26,39,9,18
1,<environment.Job instance at 0x7f01913081e0>,11,13,[3 5],12,21,34,9,21
1,<environment.Job instance at 0x7f01912df140>,19,12,[5 8],20,39,51,19,22
1,<environment.Job instance at 0x7f01912dfa50>,20,2,[5 4],21,51,53,30,32
1,<environment.Job instance at 0x7f0146532eb0>,37,3,[6 5],38,53,56,15,38
1,<environment.Job instance at 0x7f0146935cd0>,40,15,[5 5],41,56,71,15,42
1,<environment.Job instance at 0x7f018a344460>,41,1,[5 3],42,51,52,9,42
1,<environment.Job instance at 0x7f0191308280>,13,15,[ 2 10],14,71,86,57,59
1,<environment.Job instance at 0x7f018a34ee60>,51,17,[9 4],52,86,103,34,74
1,<environment.Job instance at 0x7f018a34e0f0>,59,17,[5 6],60,103,120,43,91
1,<environment.Job instance at 0x7f018a35fc80>,66,15,[4 6],67,120,135,53,109
1,<environment.Job instance at 0x7f018a35fb90>,70,12,[3 8],71,135,147,64,118
1,<environment.Job instance at 0x7f0191aa29b0>,3,12,[6 5],4,4,16,0,4
1,<environment.Job instance at 0x7f01469cc410>,7,16,[8 4],8,16,32,8,10
1,<environment.Job instance at 0x7f0146dcd780>,14,14,[5 3],15,32,46,17,17
1,<environment.Job instance at 0x7f018a69f960>,24,17,[3 5],25,32,49,7,29
1,<environment.Job instance at 0x7f0191487870>,32,14,[6 2],33,46,60,13,34
1,<environment.Job instance at 0x7f018a69f730>,23,16,[ 5 10],24,60,76,36,48
1,<environment.Job instance at 0x7f0191181eb0>,41,3,[4 5],42,76,79,34,61
1,<environment.Job instance at 0x7f01911819b0>,43,16,[9 5],44,79,95,35,66
1,<environment.Job instance at 0x7f018a6b03c0>,49,17,[5 2],50,95,112,45,84
1,<environment.Job instance at 0x7f01469f2aa0>,53,15,[2 7],54,95,110,41,92
1,<environment.Job instance at 0x7f018a9ec050>,56,17,[8 4],57,112,129,55,100
1,<environment.Job instance at 0x7f018a9ec230>,60,13,[8 4],61,129,142,68,113
1,<environment.Job instance at 0x7f01465039b0>,0,15,[2 8],1,1,16,0,1
1,<environment.Job instance at 0x7f0146503230>,7,15,[6 2],8,8,23,0,8
1,<environment.Job instance at 0x7f0146503910>,9,17,[5 4],10,23,40,13,20
1,<environment.Job instance at 0x7f0146507320>,13,2,[1 7],14,21,23,7,21
1,<environment.Job instance at 0x7f0146507410>,17,3,[8 3],18,40,43,22,22
1,<environment.Job instance at 0x7f01465079b0>,10,16,[1 6],11,23,39,12,23
1,<environment.Job instance at 0x7f0146507e60>,20,14,[1 7],21,40,54,19,25
1,<environment.Job instance at 0x7f0146507f50>,23,3,[6 1],24,43,46,19,26
1,<environment.Job instance at 0x7f0146507d70>,18,2,[1 7],19,54,56,35,27
1,<environment.Job instance at 0x7f0146507c80>,16,14,[6 2],17,46,60,29,39
1,<environment.Job instance at 0x7f0146507870>,15,16,[3 8],16,56,72,40,45
1,<environment.Job instance at 0x7f01464a8320>,35,2,[5 2],36,66,68,30,66
1,<environment.Job instance at 0x7f01464a8730>,27,17,[ 5 10],28,72,89,44,69
1,<environment.Job instance at 0x7f01464a88c0>,39,1,[5 1],40,89,90,49,74
1,<environment.Job instance at 0x7f01464a8af0>,30,15,[3 7],31,89,104,58,75
1,<environment.Job instance at 0x7f01464a01e0>,49,14,[1 8],50,104,118,54,91
1,<environment.Job instance at 0x7f01464a08c0>,53,13,[10  4],54,118,131,64,103
1,<environment.Job instance at 0x7f01464a73c0>,57,15,[8 5],58,131,146,73,117
1,<environment.Job instance at 0x7f01464a04b0>,2,15,[9 5],3,3,18,0,3
1,<environment.Job instance at 0x7f01469ee500>,10,12,[2 6],11,18,30,7,12
1,<environment.Job instance at 0x7f018a895820>,14,13,[8 1],15,18,31,3,15
1,<environment.Job instance at 0x7f018a89c0f0>,19,17,[3 5],20,31,48,11,22
1,<environment.Job instance at 0x7f018a895af0>,21,14,[7 5],22,31,45,9,25
1,<environment.Job instance at 0x7f018a7b1140>,32,17,[3 5],33,45,62,12,35
1,<environment.Job instance at 0x7f0146b51fa0>,29,16,[5 5],30,48,64,18,36
1,<environment.Job instance at 0x7f018a88da00>,24,18,[6 5],25,64,82,39,53
1,<environment.Job instance at 0x7f01467a7cd0>,43,18,[6 1],44,82,100,38,71
1,<environment.Job instance at 0x7f01468fcc80>,53,15,[8 2],54,100,115,46,91
1,<environment.Job instance at 0x7f01467d2f00>,59,22,[9 1],60,115,137,55,108
1,<environment.Job instance at 0x7f01467b5eb0>,66,12,[1 9],67,115,127,48,108
1,<environment.Job instance at 0x7f0146b936e0>,0,2,[4 7],1,1,3,0,1
1,<environment.Job instance at 0x7f01467b5dc0>,1,17,[8 4],2,3,20,1,3
1,<environment.Job instance at 0x7f0190d895a0>,8,3,[9 1],9,20,23,11,9
1,<environment.Job instance at 0x7f01912f2aa0>,9,13,[6 5],10,23,36,13,17
1,<environment.Job instance at 0x7f0190d89aa0>,10,16,[10  2],11,36,52,25,29
1,<environment.Job instance at 0x7f01912e0190>,22,15,[6 2],23,52,67,29,38
1,<environment.Job instance at 0x7f01912984b0>,20,17,[1 7],21,52,69,31,45
1,<environment.Job instance at 0x7f0190f63d20>,26,12,[7 4],27,69,81,42,55
1,<environment.Job instance at 0x7f0190f11fa0>,15,15,[2 8],16,81,96,65,75
1,<environment.Job instance at 0x7f018a82d690>,39,13,[9 4],40,96,109,56,87
1,<environment.Job instance at 0x7f0190d89f00>,11,16,[ 2 10],12,109,125,97,104
1,<environment.Job instance at 0x7f018a72f960>,53,2,[8 4],54,125,127,71,108
1,<environment.Job instance at 0x7f018a72f730>,54,14,[ 4 10],55,127,141,72,112
1,<environment.Job instance at 0x7f0146a3c910>,3,2,[2 8],4,4,6,0,4
1,<environment.Job instance at 0x7f0146a3c410>,5,1,[4 8],6,6,7,0,6
1,<environment.Job instance at 0x7f018a282780>,14,24,[7 3],15,15,39,0,15
1,<environment.Job instance at 0x7f018a282230>,20,12,[10  5],21,39,51,18,27
1,<environment.Job instance at 0x7f018a282050>,16,21,[5 3],17,51,72,34,48
1,<environment.Job instance at 0x7f018a282e10>,18,16,[1 7],19,51,67,32,51
1,<environment.Job instance at 0x7f018a2828c0>,17,22,[1 9],18,72,94,54,68
1,<environment.Job instance at 0x7f018a8e55a0>,42,18,[ 3 10],43,94,112,51,85
1,<environment.Job instance at 0x7f018a282dc0>,12,17,[4 9],13,119,136,106,119
1,<environment.Job instance at 0x7f0146b7ac30>,0,12,[5 7],1,1,13,0,1
1,<environment.Job instance at 0x7f018a8ca960>,12,13,[5 8],13,13,26,0,13
1,<environment.Job instance at 0x7f018a2bb0f0>,24,18,[ 4 10],25,27,45,2,27
1,<environment.Job instance at 0x7f0146dc8be0>,27,1,[10  4],28,45,46,17,28
1,<environment.Job instance at 0x7f0146dc85f0>,29,12,[3 8],30,46,58,16,31
1,<environment.Job instance at 0x7f0146e14cd0>,40,16,[8 3],41,58,74,17,50
1,<environment.Job instance at 0x7f0146e14e60>,45,1,[1 9],46,74,75,28,62
1,<environment.Job instance at 0x7f0146e14f50>,46,2,[1 9],47,75,77,28,67
1,<environment.Job instance at 0x7f0146e141e0>,47,13,[5 6],48,77,90,29,68
1,<environment.Job instance at 0x7f0146dc8aa0>,34,18,[3 8],35,90,108,55,79
1,<environment.Job instance at 0x7f0146df80f0>,61,14,[8 5],62,108,122,46,94
1,<environment.Job instance at 0x7ff04dcfb0a0>,2,12,[5 4],3,3,15,0,3
1,<environment.Job instance at 0x7ff0468ec280>,3,18,[ 3 10],4,15,33,11,5
1,<environment.Job instance at 0x7ff0468ec730>,10,1,[7 3],11,33,34,22,11
1,<environment.Job instance at 0x7ff0468ec9b0>,14,12,[3 7],15,33,45,18,16
1,<environment.Job instance at 0x7ff0468f0320>,23,18,[5 2],24,39,57,15,39
1,<environment.Job instance at 0x7ff0468f0820>,29,13,[1 6],30,55,68,25,55
1,<environment.Job instance at 0x7ff0468f0960>,31,17,[4 9],32,68,85,36,57
1,<environment.Job instance at 0x7ff0468f0d20>,37,14,[5 5],38,85,99,47,71
1,<environment.Job instance at 0x7ff0468f3870>,42,14,[8 4],43,99,113,56,85
1,<environment.Job instance at 0x7ff0468f3a00>,47,1,[2 6],48,119,120,71,119
1,<environment.Job instance at 0x7ff0468f3aa0>,48,13,[6 1],49,119,132,70,119
1,<environment.Job instance at 0x7ff0468f0460>,2,3,[8 5],3,3,6,0,3
1,<environment.Job instance at 0x7ff04de62f00>,4,15,[10  5],5,6,21,1,5
1,<environment.Job instance at 0x7ff04de714b0>,16,15,[6 2],17,21,36,4,19
1,<environment.Job instance at 0x7ff04de76e10>,13,16,[6 4],14,36,52,22,23
1,<environment.Job instance at 0x7ff04de71af0>,20,13,[2 6],21,25,38,4,25
1,<environment.Job instance at 0x7ff04de71780>,18,12,[3 9],19,52,64,33,36
1,<environment.Job instance at 0x7ff04dd22e60>,33,15,[4 8],34,64,79,30,50
1,<environment.Job instance at 0x7ff04de6c230>,22,16,[6 2],23,64,80,41,57
1,<environment.Job instance at 0x7ff04dd22820>,39,16,[3 5],40,79,95,39,67
1,<environment.Job instance at 0x7ff04de6fd70>,48,14,[4 7],49,95,109,46,81
1,<environment.Job instance at 0x7ff04dd822d0>,50,12,[2 5],51,109,121,58,93
1,<environment.Job instance at 0x7ff04de75190>,57,2,[9 3],58,121,123,63,98
1,<environment.Job instance at 0x7ff04de75b40>,59,17,[9 2],60,123,140,63,111
1,<environment.Job instance at 0x7ff04de65050>,65,16,[ 3 10],66,140,156,74,127
1,<environment.Job instance at 0x7ff002b909b0>,7,14,[3 5],8,8,22,0,8
1,<environment.Job instance at 0x7ff002b90d20>,8,21,[5 1],9,9,30,0,9
1,<environment.Job instance at 0x7ff002b80c80>,12,17,[8 2],13,30,47,17,23
1,<environment.Job instance at 0x7ff002c0f280>,14,1,[3 7],15,25,26,10,25
1,<environment.Job instance at 0x7ff002c81cd0>,21,16,[6 2],22,47,63,25,34
1,<environment.Job instance at 0x7ff00327c1e0>,29,14,[5 7],30,63,77,33,53
1,<environment.Job instance at 0x7ff002be60f0>,36,16,[5 7],37,77,93,40,70
1,<environment.Job instance at 0x7ff002be6be0>,40,17,[4 5],41,93,110,52,81
1,<environment.Job instance at 0x7ff002c0f640>,16,14,[5 4],17,93,107,76,81
1,<environment.Job instance at 0x7ff002becb90>,43,13,[8 3],44,110,123,66,99
1,<environment.Job instance at 0x7ff002bec4b0>,46,15,[7 3],47,123,138,76,112
1,<environment.Job instance at 0x7ff04dd233c0>,57,14,[7 1],58,138,152,80,125
1,<environment.Job instance at 0x7ff04d2f0f00>,0,12,[1 5],1,1,13,0,1
1,<environment.Job instance at 0x7ff046b90640>,5,27,[5 5],6,9,36,3,9
1,<environment.Job instance at 0x7ff0030d5460>,7,20,[5 2],8,14,34,6,14
1,<environment.Job instance at 0x7ff002fb1910>,16,13,[8 3],17,36,49,19,25
1,<environment.Job instance at 0x7ff046b02d20>,18,14,[2 7],19,36,50,17,33
1,<environment.Job instance at 0x7ff04692e1e0>,19,17,[5 1],20,49,66,29,39
1,<environment.Job instance at 0x7ff046925460>,23,16,[3 5],24,50,66,26,47
1,<environment.Job instance at 0x7ff00303da50>,26,13,[1 6],27,66,79,39,65
1,<environment.Job instance at 0x7ff002c996e0>,3,18,[8 1],4,66,84,62,66
1,<environment.Job instance at 0x7ff0468a56e0>,35,16,[10  5],36,84,100,48,78
1,<environment.Job instance at 0x7ff046857280>,38,21,[9 5],39,105,126,66,105
1,<environment.Job instance at 0x7ff002bffa00>,40,17,[9 4],41,126,143,85,122
1,<environment.Job instance at 0x7ff002ca8780>,0,18,[4 6],1,1,19,0,1
1,<environment.Job instance at 0x7ff002ca8640>,4,15,[5 7],5,19,34,14,7
1,<environment.Job instance at 0x7ff04d24d280>,11,14,[5 4],12,34,48,22,20
1,<environment.Job instance at 0x7ff002f61140>,8,19,[1 6],9,34,53,25,34
1,<environment.Job instance at 0x7ff002f71230>,18,15,[5 9],19,53,68,34,40
1,<environment.Job instance at 0x7ff04d231b40>,24,12,[4 7],25,68,80,43,53
1,<environment.Job instance at 0x7ff04d231a00>,27,2,[2 6],28,80,82,52,63
1,<environment.Job instance at 0x7ff04d2400a0>,28,2,[5 5],29,82,84,53,63
1,<environment.Job instance at 0x7ff04d2401e0>,29,1,[5 7],30,84,85,54,63
1,<environment.Job instance at 0x7ff04d2406e0>,30,3,[1 6],31,85,88,54,63
1,<environment.Job instance at 0x7ff04d240910>,32,3,[4 9],33,88,91,55,63
1,<environment.Job instance at 0x7ff04d240a50>,34,2,[10  3],35,91,93,56,64
1,<environment.Job instance at 0x7ff04d240e60>,36,16,[2 6],37,93,109,56,80
1,<environment.Job instance at 0x7ff04d237140>,44,14,[7 5],45,109,123,64,99
1,<environment.Job instance at 0x7ff04d2198c0>,48,2,[5 4],49,104,106,55,104
1,<environment.Job instance at 0x7ff04d219c80>,49,14,[9 5],50,123,137,73,108
1,<environment.Job instance at 0x7ff04d244190>,52,2,[5 5],53,137,139,84,116
1,<environment.Job instance at 0x7ff04d244f00>,53,1,[7 1],54,139,140,85,116
1,<environment.Job instance at 0x7ff04d231c80>,19,12,[9 1],20,140,152,120,126
1,<environment.Job instance at 0x7ff04d5a47d0>,0,17,[2 6],1,1,18,0,1
1,<environment.Job instance at 0x7ff04d2c0460>,14,13,[1 8],15,18,31,3,15
1,<environment.Job instance at 0x7ff04d270c30>,20,18,[ 5 10],21,31,49,10,21
1,<environment.Job instance at 0x7ff04d270b40>,26,15,[10  4],27,49,64,22,36
1,<environment.Job instance at 0x7ff046d68b90>,31,12,[5 6],32,64,76,32,49
1,<environment.Job instance at 0x7ff046d6f550>,39,17,[1 9],40,76,93,36,64
1,<environment.Job instance at 0x7ff04d2707d0>,23,16,[8 5],24,93,109,69,86
1,<environment.Job instance at 0x7ff04d550820>,48,18,[6 5],49,109,127,60,99
1,<environment.Job instance at 0x7ff003023c30>,53,16,[5 3],54,127,143,73,119
1,<environment.Job instance at 0x7ff04d270c80>,19,16,[5 3],20,127,143,107,124
1,<environment.Job instance at 0x7ff046a0ea00>,67,15,[4 6],68,143,158,75,129
1,<environment.Job instance at 0x7ff0469ca1e0>,0,2,[3 9],1,1,3,0,1
1,<environment.Job instance at 0x7ff046bcd460>,4,13,[5 3],5,5,18,0,5
1,<environment.Job instance at 0x7ff04d8c5dc0>,6,14,[6 4],7,18,32,11,7
1,<environment.Job instance at 0x7ff046bdf500>,14,3,[ 3 10],15,32,35,17,15
1,<environment.Job instance at 0x7ff046bdfc80>,15,1,[7 3],16,35,36,19,16
1,<environment.Job instance at 0x7ff046bdf0f0>,13,12,[7 4],14,36,48,22,26
1,<environment.Job instance at 0x7ff003088550>,22,16,[ 3 10],23,48,64,25,35
1,<environment.Job instance at 0x7ff002ccd960>,30,19,[4 5],31,64,83,33,54
1,<environment.Job instance at 0x7ff002ccdf00>,33,12,[2 6],34,83,95,49,66
1,<environment.Job instance at 0x7ff002ccdb90>,34,16,[2 7],35,95,111,60,82
1,<environment.Job instance at 0x7ff046bbb140>,39,1,[5 4],40,82,83,42,82
1,<environment.Job instance at 0x7ff046bbb690>,41,21,[8 2],42,97,118,55,97
1,<environment.Job instance at 0x7ff04d8c52d0>,11,17,[2 7],12,111,128,99,103
1,<environment.Job instance at 0x7ff002fff320>,25,17,[ 3 10],26,128,145,102,116
1,<environment.Job instance at 0x7ff003066910>,2,3,[5 9],3,3,6,0,3
1,<environment.Job instance at 0x7ff04d57bf00>,3,16,[8 1],4,6,22,2,4
1,<environment.Job instance at 0x7ff0467d6190>,10,15,[2 8],11,15,30,4,15
1,<environment.Job instance at 0x7ff0467d68c0>,15,16,[10  5],16,30,46,14,19
1,<environment.Job instance at 0x7ff002ddb4b0>,28,13,[2 5],29,51,64,22,51
1,<environment.Job instance at 0x7ff002ddb5f0>,30,24,[7 2],31,51,75,20,51
1,<environment.Job instance at 0x7ff002ddb0a0>,31,12,[3 7],32,64,76,32,61
1,<environment.Job instance at 0x7ff002ddb6e0>,32,15,[ 2 10],33,76,91,43,65
1,<environment.Job instance at 0x7ff002ddb820>,36,19,[2 9],37,91,110,54,81
1,<environment.Job instance at 0x7ff002ddbbe0>,42,2,[5 7],43,110,112,67,93
1,<environment.Job instance at 0x7ff002ddbdc0>,45,1,[ 2 10],46,112,113,66,95
1,<environment.Job instance at 0x7ff002ddbf00>,46,16,[1 6],47,113,129,66,100
1,<environment.Job instance at 0x7ff002ddbfa0>,47,15,[7 4],48,113,128,65,102
1,<environment.Job instance at 0x7ff04699b5f0>,0,3,[2 8],1,1,4,0,1
1,<environment.Job instance at 0x7ff003138c30>,6,17,[2 6],7,7,24,0,7
1,<environment.Job instance at 0x7ff003138fa0>,8,18,[5 3],9,9,27,0,9
1,<environment.Job instance at 0x7ff002ad9460>,16,17,[2 5],17,24,41,7,23
1,<environment.Job instance at 0x7ff04d837500>,4,18,[5 5],5,27,45,22,27
1,<environment.Job instance at 0x7ff04d50a8c0>,25,15,[3 9],26,45,60,19,40
1,<environment.Job instance at 0x7ff046c4f280>,30,17,[10  1],31,60,77,29,52
1,<environment.Job instance at 0x7ff002f40f50>,34,17,[7 2],35,77,94,42,65
1,<environment.Job instance at 0x7ff04d514e10>,40,12,[7 4],41,94,106,53,81
1,<environment.Job instance at 0x7ff003210f50>,48,17,[9 5],49,106,123,57,105
1,<environment.Job instance at 0x7ff002b895a0>,53,17,[9 1],54,123,140,69,113
1,<environment.Job instance at 0x7ff04d2cf280>,1,2,[3 9],2,2,4,0,2
1,<environment.Job instance at 0x7ff046827730>,3,16,[3 8],4,4,20,0,4
1,<environment.Job instance at 0x7ff002f55050>,8,16,[3 8],9,20,36,11,9
1,<environment.Job instance at 0x7ff046664500>,17,12,[1 6],18,36,48,18,19
1,<environment.Job instance at 0x7ff0467a1640>,12,17,[9 4],13,36,53,23,36
1,<environment.Job instance at 0x7ff0467a1780>,15,14,[4 8],16,53,67,37,46
1,<environment.Job instance at 0x7ff0031a36e0>,33,13,[8 4],34,67,80,33,51
1,<environment.Job instance at 0x7ff046a0d230>,36,1,[5 2],37,64,65,27,64
1,<environment.Job instance at 0x7ff046a0df00>,37,13,[10  4],38,80,93,42,64
1,<environment.Job instance at 0x7ff04d2cf230>,6,13,[5 7],7,93,106,86,83
1,<environment.Job instance at 0x7ff04d17b190>,47,18,[1 6],48,106,124,58,97
1,<environment.Job instance at 0x7ff04d204f50>,50,17,[9 2],51,112,129,61,112
1,<environment.Job instance at 0x7ff0031caf00>,52,14,[7 3],53,129,143,76,118
1,<environment.Job instance at 0x7ff046cd60f0>,0,15,[1 8],1,1,16,0,1
1,<environment.Job instance at 0x7ff002da8be0>,11,15,[5 2],12,12,27,0,12
1,<environment.Job instance at 0x7ff002d87460>,20,13,[10  1],21,27,40,6,21
1,<environment.Job instance at 0x7ff002d87730>,22,2,[5 3],23,40,42,17,27
1,<environment.Job instance at 0x7ff002d874b0>,19,17,[9 4],20,43,60,23,43
1,<environment.Job instance at 0x7ff002dab3c0>,32,15,[5 1],33,60,75,27,46
1,<environment.Job instance at 0x7ff002d87910>,23,18,[4 5],24,60,78,36,50
1,<environment.Job instance at 0x7ff002dabc80>,42,14,[3 7],43,78,92,35,63
1,<environment.Job instance at 0x7ff002d85050>,49,18,[10  2],50,92,110,42,81
1,<environment.Job instance at 0x7ff002d85230>,46,27,[2 9],47,110,137,63,110
1,<environment.Job instance at 0x7ff002d85500>,1,17,[5 8],2,2,19,0,2
1,<environment.Job instance at 0x7ff002d85e10>,3,14,[3 6],4,19,33,15,5
1,<environment.Job instance at 0x7ff046a77460>,7,2,[9 4],8,33,35,25,18
1,<environment.Job instance at 0x7ff04d7809b0>,15,14,[5 4],16,35,49,19,21
1,<environment.Job instance at 0x7ff0030c04b0>,11,1,[ 3 10],12,49,50,37,25
1,<environment.Job instance at 0x7ff0030c0d20>,12,16,[6 1],13,50,66,37,37
1,<environment.Job instance at 0x7ff046956f00>,29,15,[6 4],30,66,81,36,52
1,<environment.Job instance at 0x7ff002ac1fa0>,36,17,[1 6],37,76,93,39,76
1,<environment.Job instance at 0x7ff002ac1a00>,37,13,[9 4],38,81,94,43,76
1,<environment.Job instance at 0x7ff002ac1b40>,39,3,[4 5],40,94,97,54,76
1,<environment.Job instance at 0x7ff04df476e0>,40,2,[1 5],41,93,95,52,76
1,<environment.Job instance at 0x7ff00307fcd0>,41,1,[3 6],42,97,98,55,76
1,<environment.Job instance at 0x7ff046956f50>,25,2,[9 5],26,98,100,72,81
1,<environment.Job instance at 0x7ff046956550>,26,16,[4 9],27,100,116,73,87
1,<environment.Job instance at 0x7ff0469569b0>,27,18,[6 1],28,100,118,72,97
1,<environment.Job instance at 0x7ff046aa31e0>,54,17,[1 6],55,116,133,61,108
1,<environment.Job instance at 0x7ff046aa3500>,56,17,[4 6],57,133,150,76,121
1,<environment.Job instance at 0x7ff0029a0e60>,0,18,[3 5],1,1,19,0,1
1,<environment.Job instance at 0x7ff0467b39b0>,12,18,[4 8],13,19,37,6,14
1,<environment.Job instance at 0x7ff002db0cd0>,36,16,[3 8],37,38,54,1,38
1,<environment.Job instance at 0x7ff002db0d70>,40,15,[5 5],41,54,69,13,44
1,<environment.Job instance at 0x7ff002e60dc0>,48,12,[7 5],49,69,81,20,58
1,<environment.Job instance at 0x7ff002e60cd0>,51,17,[9 4],52,81,98,29,69
1,<environment.Job instance at 0x7ff002e604b0>,57,14,[5 6],58,98,112,40,83
1,<environment.Job instance at 0x7ff002fc7280>,33,14,[ 5 10],34,112,126,78,109
1,<environment.Job instance at 0x7ff04d5e60a0>,69,3,[4 8],70,126,129,56,113
1,<environment.Job instance at 0x7ff002db05a0>,44,12,[7 1],45,129,141,84,113
1,<environment.Job instance at 0x7ff04d5e6820>,70,12,[3 8],71,129,141,58,113
1,<environment.Job instance at 0x7ff04d6bc140>,1,2,[6 3],2,2,4,0,2
1,<environment.Job instance at 0x7ff002d4e6e0>,3,13,[10  3],4,4,17,0,4
1,<environment.Job instance at 0x7ff04d6bc050>,8,1,[3 6],9,17,18,8,9
1,<environment.Job instance at 0x7ff002f23be0>,10,12,[9 4],11,18,30,7,11
1,<environment.Job instance at 0x7ff04d1fc9b0>,22,14,[6 2],23,30,44,7,23
1,<environment.Job instance at 0x7ff002f23aa0>,14,17,[3 5],15,30,47,15,24
1,<environment.Job instance at 0x7ff04d2656e0>,27,18,[ 1 10],28,47,65,19,37
1,<environment.Job instance at 0x7ff002a9b280>,39,17,[5 2],40,65,82,25,62
1,<environment.Job instance at 0x7ff04dbf2e60>,42,3,[8 4],43,82,85,39,70
1,<environment.Job instance at 0x7ff046b09690>,44,19,[1 8],45,85,104,40,79
1,<environment.Job instance at 0x7ff046b09c80>,45,3,[9 3],46,104,107,58,79
1,<environment.Job instance at 0x7ff0030a9dc0>,51,3,[10  1],52,107,110,55,86
1,<environment.Job instance at 0x7ff0030a9cd0>,53,20,[4 5],54,110,130,56,102
1,<environment.Job instance at 0x7ff0466917d0>,55,20,[5 5],56,110,130,54,102
1,<environment.Job instance at 0x7ff0466f9320>,61,18,[3 9],62,130,148,68,120
1,<environment.Job instance at 0x7ff046a00140>,1,1,[3 9],2,2,3,0,2
1,<environment.Job instance at 0x7ff00302e0a0>,3,3,[6 1],4,4,7,0,4
1,<environment.Job instance at 0x7ff0466f99b0>,6,1,[3 9],7,11,12,4,11
1,<environment.Job instance at 0x7ff00302e140>,8,21,[2 5],9,12,33,3,11
1,<environment.Job instance at 0x7ff04d87aa00>,11,13,[1 7],12,33,46,21,23
1,<environment.Job instance at 0x7ff04d4d8af0>,24,13,[4 7],25,46,59,21,38
1,<environment.Job instance at 0x7ff003130370>,29,14,[1 8],30,59,73,29,44
1,<environment.Job instance at 0x7ff0031305a0>,28,18,[7 1],29,59,77,30,56
1,<environment.Job instance at 0x7ff003130c80>,37,15,[8 5],38,77,92,39,64
1,<environment.Job instance at 0x7ff002f51d70>,43,14,[6 1],44,92,106,48,91
1,<environment.Job instance at 0x7ff002af3960>,48,2,[6 1],49,106,108,57,104
1,<environment.Job instance at 0x7ff00302e7d0>,7,17,[ 5 10],8,108,125,100,104
1,<environment.Job instance at 0x7ff00301dcd0>,53,14,[6 4],54,125,139,71,114
1,<environment.Job instance at 0x7ff0466fad70>,59,14,[2 5],60,127,141,67,127
1,<environment.Job instance at 0x7ff04d874050>,62,18,[1 5],63,139,157,76,129
1,<environment.Job instance at 0x7ff04d0eef00>,1,1,[2 5],2,2,3,0,2
1,<environment.Job instance at 0x7ff002b550f0>,2,17,[3 5],3,3,20,0,3
1,<environment.Job instance at 0x7ff0466fc460>,4,2,[7 3],5,7,9,2,7
1,<environment.Job instance at 0x7ff002b55af0>,8,18,[6 5],9,9,27,0,9
1,<environment.Job instance at 0x7ff0028b7fa0>,18,14,[5 5],19,27,41,8,21
1,<environment.Job instance at 0x7ff0028739b0>,23,15,[8 2],24,41,56,17,28
1,<environment.Job instance at 0x7ff002873460>,27,20,[8 3],28,56,76,28,47
1,<environment.Job instance at 0x7ff0028dc9b0>,36,12,[1 9],37,76,88,39,63
1,<environment.Job instance at 0x7ff0028732d0>,29,22,[9 1],30,76,98,46,71
1,<environment.Job instance at 0x7ff0029a4690>,51,12,[7 5],52,98,110,46,82
1,<environment.Job instance at 0x7ff0028dc780>,42,16,[4 7],43,110,126,67,100
1,<environment.Job instance at 0x7ff0029a4410>,60,14,[5 3],61,112,126,51,112
1,<environment.Job instance at 0x7ff0029a4aa0>,63,14,[5 9],64,126,140,62,112
1,<environment.Job instance at 0x7ff002877550>,70,15,[4 9],71,140,155,69,128
1,<environment.Job instance at 0x7ff0031c7b40>,0,2,[1 7],1,1,3,0,1
1,<environment.Job instance at 0x7ff002877aa0>,2,24,[7 2],3,4,28,1,4
1,<environment.Job instance at 0x7ff00329ef50>,16,15,[1 6],17,19,34,2,19
1,<environment.Job instance at 0x7ff0032b1690>,14,14,[ 4 10],15,34,48,19,21
1,<environment.Job instance at 0x7ff00327d8c0>,23,15,[9 4],24,48,63,24,34
1,<environment.Job instance at 0x7ff0028dc140>,35,27,[1 5],36,48,75,12,46
1,<environment.Job instance at 0x7ff04d4ec280>,37,2,[ 1 10],38,75,77,37,52
1,<environment.Job instance at 0x7ff04d4ec870>,38,1,[4 7],39,77,78,38,54
1,<environment.Job instance at 0x7ff04d1652d0>,42,17,[1 7],43,78,95,35,66
1,<environment.Job instance at 0x7ff00316eaa0>,43,14,[7 2],44,78,92,34,66
1,<environment.Job instance at 0x7ff002903b40>,51,21,[8 4],52,95,116,43,87
1,<environment.Job instance at 0x7ff04d504aa0>,55,18,[4 5],56,116,134,60,105
1,<environment.Job instance at 0x7ff04d0eb910>,66,2,[4 7],67,134,136,67,115
1,<environment.Job instance at 0x7ff002f41460>,68,3,[8 2],69,136,139,67,116
1,<environment.Job instance at 0x7ff04d2d7190>,15,14,[6 3],16,37,51,21,37
1,<environment.Job instance at 0x7ff04d22d230>,21,2,[ 1 10],22,51,53,29,41
1,<environment.Job instance at 0x7ff04d22daa0>,24,1,[6 3],25,53,54,28,41
1,<environment.Job instance at 0x7ff04d4bd870>,25,15,[10  4],26,54,69,28,41
1,<environment.Job instance at 0x7ff04d4bd320>,20,18,[5 6],21,69,87,48,58
1,<environment.Job instance at 0x7ff04d44a8c0>,40,16,[4 9],41,87,103,46,77
1,<environment.Job instance at 0x7ff04de65050>,23,13,[10  5],24,103,116,79,87
1,<environment.Job instance at 0x7ff002ef9500>,51,17,[7 4],52,116,133,64,104
1,<environment.Job instance at 0x7ff04d88ae60>,62,13,[6 1],63,133,146,70,119
1,<environment.Job instance at 0x7ff04d44a0a0>,39,20,[3 9],40,133,153,93,129
1,<environment.Job instance at 0x7ff002c01be0>,0,14,[7 5],1,1,15,0,1
1,<environment.Job instance at 0x7ff002db04b0>,7,28,[6 3],8,15,43,7,15
1,<environment.Job instance at 0x7ff002a1cb40>,18,1,[5 2],19,43,44,24,19
1,<environment.Job instance at 0x7ff046a6e500>,8,2,[10  3],9,44,46,35,21
1,<environment.Job instance at 0x7ff002db0fa0>,13,13,[1 7],14,22,35,8,22
1,<environment.Job instance at 0x7ff002a1ca50>,20,1,[3 6],21,35,36,14,23
1,<environment.Job instance at 0x7ff002a171e0>,22,16,[5 5],23,46,62,23,33
1,<environment.Job instance at 0x7ff002a179b0>,27,12,[5 6],28,63,75,35,63
1,<environment.Job instance at 0x7ff00294deb0>,30,13,[1 6],31,75,88,44,64
1,<environment.Job instance at 0x7ff00294dfa0>,36,13,[5 7],37,88,101,51,87
1,<environment.Job instance at 0x7ff00294d8c0>,38,16,[6 1],39,101,117,62,88
1,<environment.Job instance at 0x7ff00294d140>,31,1,[1 6],32,101,102,69,100
1,<environment.Job instance at 0x7ff04687e690>,46,15,[3 5],47,116,131,69,116
1,<environment.Job instance at 0x7ff04687e5f0>,47,14,[9 1],48,131,145,83,119
1,<environment.Job instance at 0x7ff002db0a50>,14,18,[1 9],15,131,149,116,126
1,<environment.Job instance at 0x7ff04d856960>,0,19,[3 8],1,1,20,0,1
1,<environment.Job instance at 0x7ff04d87a4b0>,8,13,[9 1],9,20,33,11,10
1,<environment.Job instance at 0x7ff046dd2640>,3,28,[10  5],4,33,61,29,32
1,<environment.Job instance at 0x7ff00287ca00>,25,25,[2 7],26,61,86,35,57
1,<environment.Job instance at 0x7ff04d22ac80>,14,17,[5 2],15,75,92,60,75
1,<environment.Job instance at 0x7ff0469a5eb0>,35,1,[7 1],36,92,93,56,80
1,<environment.Job instance at 0x7ff046a38730>,36,1,[6 4],37,93,94,56,81
1,<environment.Job instance at 0x7ff046a38910>,37,12,[7 2],38,94,106,56,83
1,<environment.Job instance at 0x7ff046a23a50>,39,3,[ 1 10],40,106,109,66,83
1,<environment.Job instance at 0x7ff046a23690>,41,1,[5 8],42,91,92,49,91
1,<environment.Job instance at 0x7ff046a23230>,42,2,[8 4],43,109,111,66,91
1,<environment.Job instance at 0x7ff046a379b0>,46,1,[5 9],47,111,112,64,91
1,<environment.Job instance at 0x7ff046a37a00>,48,3,[9 4],49,112,115,63,92
1,<environment.Job instance at 0x7ff046a37b40>,50,13,[2 8],51,115,128,64,103
1,<environment.Job instance at 0x7ff046a378c0>,53,17,[10  5],54,128,145,74,116
1,<environment.Job instance at 0x7fd4c1b600f0>,0,18,[ 2 10],1,2,20,1,2
1,<environment.Job instance at 0x7fd4c1ba45a0>,2,12,[5 4],3,20,32,17,3
1,<environment.Job instance at 0x7fd4bc751a00>,14,12,[3 7],15,32,44,17,16
1,<environment.Job instance at 0x7fd4bc751a50>,13,13,[1 8],14,44,57,30,31
1,<environment.Job instance at 0x7fd4bc7525a0>,27,2,[6 4],28,57,59,29,38
1,<environment.Job instance at 0x7fd4bc7528c0>,30,1,[5 5],31,59,60,28,43
1,<environment.Job instance at 0x7fd4bc7529b0>,31,17,[4 9],32,60,77,28,48
1,<environment.Job instance at 0x7fd4bc7570f0>,37,14,[5 5],38,77,91,39,62
1,<environment.Job instance at 0x7fd4bc7576e0>,42,14,[8 4],43,91,105,48,79
1,<environment.Job instance at 0x7fd4bc757e10>,48,13,[6 1],49,116,129,67,116
1,<environment.Job instance at 0x7fd4bc757c80>,51,2,[4 9],52,127,129,75,127
1,<environment.Job instance at 0x7fd4bc7592d0>,54,14,[1 7],55,139,153,84,139
1,<environment.Job instance at 0x7fd4bc76a5a0>,0,17,[3 8],1,1,18,0,1
1,<environment.Job instance at 0x7fd4c1b87cd0>,6,15,[6 2],7,7,22,0,7
1,<environment.Job instance at 0x7fd4c1cd7140>,9,3,[5 5],10,22,25,12,10
1,<environment.Job instance at 0x7fd4c1b88690>,11,16,[1 9],12,25,41,13,12
1,<environment.Job instance at 0x7fd4c1cd6c30>,22,1,[10  1],23,41,42,18,24
1,<environment.Job instance at 0x7fd4c1cd6190>,20,12,[6 3],21,42,54,21,25
1,<environment.Job instance at 0x7fd4c1cd4230>,28,18,[4 6],29,42,60,13,35
1,<environment.Job instance at 0x7fd48173ec80>,21,3,[1 5],22,60,63,38,38
1,<environment.Job instance at 0x7fd4c1cd1c30>,32,1,[ 5 10],33,63,64,30,41
1,<environment.Job instance at 0x7fd4c1cdbd70>,36,1,[7 4],37,60,61,23,42
1,<environment.Job instance at 0x7fd4c1cd6f50>,18,16,[3 9],19,64,80,45,51
1,<environment.Job instance at 0x7fd4c1cdb7d0>,40,12,[2 5],41,80,92,39,67
1,<environment.Job instance at 0x7fd4c1ccd6e0>,46,26,[9 1],47,92,118,45,89
1,<environment.Job instance at 0x7fd4c1cc7f00>,51,3,[8 2],52,118,121,66,96
1,<environment.Job instance at 0x7fd4c1be71e0>,54,17,[10  5],55,121,138,66,109
1,<environment.Job instance at 0x7fd4c1ccd820>,45,17,[10  5],46,138,155,92,134
1,<environment.Job instance at 0x7fd4c1cda1e0>,1,16,[6 2],2,2,18,0,2
1,<environment.Job instance at 0x7fd4769afcd0>,10,13,[7 4],11,18,31,7,11
1,<environment.Job instance at 0x7fd4c1489dc0>,19,15,[7 4],20,31,46,11,22
1,<environment.Job instance at 0x7fd4769ee9b0>,27,17,[7 5],28,46,63,18,44
1,<environment.Job instance at 0x7fd4769ee410>,30,14,[2 8],31,63,77,32,48
1,<environment.Job instance at 0x7fd4769f3730>,39,17,[4 8],40,77,94,37,67
1,<environment.Job instance at 0x7fd476a14b90>,46,15,[6 2],47,112,127,65,112
1,<environment.Job instance at 0x7fd4bc5de640>,53,13,[2 5],54,117,130,63,117
1,<environment.Job instance at 0x7fd4bc522640>,55,1,[5 7],56,130,131,74,128
1,<environment.Job instance at 0x7fd4bc522e10>,56,2,[3 5],57,128,130,71,128
1,<environment.Job instance at 0x7fd4bc5264b0>,58,14,[10  4],59,131,145,72,128
1,<environment.Job instance at 0x7fd4bc5de960>,52,2,[6 1],53,145,147,92,133
1,<environment.Job instance at 0x7fd4bc5265a0>,59,16,[1 7],60,145,161,85,133
1,<environment.Job instance at 0x7fd4bc7b5af0>,5,16,[10  5],6,6,22,0,6
1,<environment.Job instance at 0x7fd4bc8a0d70>,10,17,[9 4],11,22,39,11,16
1,<environment.Job instance at 0x7fd4bcb12910>,15,15,[5 7],16,39,54,23,31
1,<environment.Job instance at 0x7fd4bc6fdd20>,12,12,[8 5],13,54,66,41,40
1,<environment.Job instance at 0x7fd476a79870>,33,13,[9 5],34,66,79,32,54
1,<environment.Job instance at 0x7fd4bc7a8230>,28,12,[ 2 10],29,79,91,50,62
1,<environment.Job instance at 0x7fd476b317d0>,46,15,[ 5 10],47,91,106,44,89
1,<environment.Job instance at 0x7fd476b31a00>,47,13,[6 5],48,106,119,58,92
1,<environment.Job instance at 0x7fd476a09fa0>,53,18,[4 8],54,119,137,65,111
1,<environment.Job instance at 0x7fd4bc5ae320>,26,17,[9 1],27,137,154,110,129
1,<environment.Job instance at 0x7fd476b2dc80>,59,1,[ 4 10],60,154,155,94,139
1,<environment.Job instance at 0x7fd476b2daa0>,60,1,[10  3],61,155,156,94,139
1,<environment.Job instance at 0x7fd4bc907aa0>,0,18,[5 9],1,1,19,0,1
1,<environment.Job instance at 0x7fd4770883c0>,4,14,[7 5],5,19,33,14,5
1,<environment.Job instance at 0x7fd4bc9070f0>,3,18,[ 1 10],4,33,51,29,22
1,<environment.Job instance at 0x7fd477106d20>,26,14,[9 2],27,51,65,24,37
1,<environment.Job instance at 0x7fd4bc5cedc0>,19,28,[1 8],20,51,79,31,50
1,<environment.Job instance at 0x7fd476d8e910>,9,14,[9 5],10,79,93,69,64
1,<environment.Job instance at 0x7fd4bc5c9eb0>,45,13,[3 9],46,93,106,47,82
1,<environment.Job instance at 0x7fd4bc5bd4b0>,47,17,[3 5],48,106,123,58,94
1,<environment.Job instance at 0x7fd4bc5bdeb0>,53,17,[5 3],54,110,127,56,110
1,<environment.Job instance at 0x7fd4bc5f60a0>,54,24,[4 5],55,123,147,68,121
1,<environment.Job instance at 0x7fd4bc5f6a50>,63,14,[4 8],64,147,161,83,133
1,<environment.Job instance at 0x7fd4bc5631e0>,1,12,[1 8],2,2,14,0,2
1,<environment.Job instance at 0x7fd477044960>,9,12,[4 6],10,14,26,4,12
1,<environment.Job instance at 0x7fd4bcbdf0f0>,15,16,[9 4],16,26,42,10,16
1,<environment.Job instance at 0x7fd4bcbef550>,21,2,[8 4],22,42,44,20,26
1,<environment.Job instance at 0x7fd4bcbef5a0>,17,15,[4 6],18,44,59,26,31
1,<environment.Job instance at 0x7fd4c1047050>,33,15,[5 5],34,59,74,25,45
1,<environment.Job instance at 0x7fd4bcbef960>,24,16,[4 5],25,59,75,34,47
1,<environment.Job instance at 0x7fd4c1358d20>,40,24,[10  4],41,75,99,34,70
1,<environment.Job instance at 0x7fd4c1358cd0>,43,15,[4 9],44,99,114,55,85
1,<environment.Job instance at 0x7fd476de3be0>,52,15,[4 8],53,114,129,61,103
1,<environment.Job instance at 0x7fd476de3d70>,57,14,[ 4 10],58,129,143,71,116
1,<environment.Job instance at 0x7fd4c13be0f0>,63,13,[7 4],64,143,156,79,132
1,<environment.Job instance at 0x7fd4c13be5f0>,65,2,[4 5],66,156,158,90,132
1,<environment.Job instance at 0x7fd4c0fe0230>,0,26,[4 9],1,11,37,10,11
1,<environment.Job instance at 0x7fd4bc984050>,15,14,[ 1 10],16,37,51,21,26
1,<environment.Job instance at 0x7fd476b25a00>,19,18,[6 4],20,51,69,31,41
1,<environment.Job instance at 0x7fd4c15b2e10>,21,13,[6 3],22,69,82,47,53
1,<environment.Job instance at 0x7fd4c0fc1550>,28,15,[7 3],29,82,97,53,72
1,<environment.Job instance at 0x7fd4c158fc80>,35,17,[3 6],36,83,100,47,83
1,<environment.Job instance at 0x7fd4bcb3bd20>,37,13,[4 5],38,100,113,62,84
1,<environment.Job instance at 0x7fd4c175d550>,22,14,[3 9],23,113,127,90,99
1,<environment.Job instance at 0x7fd4bc639dc0>,43,2,[3 5],44,100,102,56,99
1,<environment.Job instance at 0x7fd4770465a0>,49,12,[9 4],50,127,139,77,110
1,<environment.Job instance at 0x7fd477046690>,51,2,[3 8],52,139,141,87,112
1,<environment.Job instance at 0x7fd4bcb9ff00>,56,2,[7 1],57,123,125,66,123
1,<environment.Job instance at 0x7fd4c15add70>,58,16,[7 2],59,139,155,80,129
1,<environment.Job instance at 0x7fd4bc7dc230>,1,14,[9 4],2,2,16,0,2
1,<environment.Job instance at 0x7fd4c14299b0>,9,18,[ 2 10],10,19,37,9,19
1,<environment.Job instance at 0x7fd4c1429af0>,11,1,[8 4],12,37,38,25,24
1,<environment.Job instance at 0x7fd4bc9b65f0>,8,13,[1 5],9,37,50,28,25
1,<environment.Job instance at 0x7fd4c140a370>,20,1,[ 2 10],21,50,51,29,35
1,<environment.Job instance at 0x7fd4c1429a50>,10,22,[2 5],11,51,73,40,44
1,<environment.Job instance at 0x7fd4c140a0f0>,25,3,[9 2],26,47,50,21,47
1,<environment.Job instance at 0x7fd4c140a4b0>,21,2,[1 5],22,51,53,29,47
1,<environment.Job instance at 0x7fd4c140a9b0>,26,17,[3 5],27,59,76,32,59
1,<environment.Job instance at 0x7fd4c140ab90>,29,1,[4 5],30,73,74,43,60
1,<environment.Job instance at 0x7fd4c140aeb0>,34,13,[ 5 10],35,76,89,41,62
1,<environment.Job instance at 0x7fd4c13fb370>,39,15,[6 2],40,89,104,49,75
1,<environment.Job instance at 0x7fd4c140a320>,19,17,[2 6],20,89,106,69,77
1,<environment.Job instance at 0x7fd4c1429eb0>,17,15,[5 8],18,106,121,88,92
1,<environment.Job instance at 0x7fd4c13fba50>,47,25,[9 4],48,121,146,73,117
1,<environment.Job instance at 0x7fd4c13fbfa0>,56,18,[8 1],57,146,164,89,135
1,<environment.Job instance at 0x7fd4c15087d0>,0,12,[5 6],1,1,13,0,1
1,<environment.Job instance at 0x7fd476f43910>,6,18,[6 4],7,13,31,6,7
1,<environment.Job instance at 0x7fd4bc8e1870>,12,14,[ 4 10],13,31,45,18,19
1,<environment.Job instance at 0x7fd4bc7c7b40>,17,16,[1 8],18,45,61,27,32
1,<environment.Job instance at 0x7fd4bcc505a0>,25,17,[5 3],26,61,78,35,49
1,<environment.Job instance at 0x7fd4c12b11e0>,32,16,[9 2],33,78,94,45,65
1,<environment.Job instance at 0x7fd477020780>,19,26,[2 6],20,94,120,74,93
1,<environment.Job instance at 0x7fd4c148aeb0>,8,14,[6 4],9,98,112,89,98
1,<environment.Job instance at 0x7fd4bcb33280>,36,17,[3 7],37,120,137,83,108
1,<environment.Job instance at 0x7fd476ef0dc0>,52,14,[ 2 10],53,137,151,84,122
1,<environment.Job instance at 0x7fd476c45370>,56,13,[5 7],57,151,164,94,135
1,<environment.Job instance at 0x7fd4c1a5c050>,2,18,[3 7],3,3,21,0,3
1,<environment.Job instance at 0x7fd4bc864320>,10,25,[5 3],11,11,36,0,11
1,<environment.Job instance at 0x7fd476d92960>,21,2,[2 9],22,36,38,14,26
1,<environment.Job instance at 0x7fd476bb6230>,18,16,[10  3],19,38,54,19,27
1,<environment.Job instance at 0x7fd476b25410>,25,14,[7 2],26,54,68,28,49
1,<environment.Job instance at 0x7fd476e16550>,22,23,[3 7],23,54,77,31,49
1,<environment.Job instance at 0x7fd476e08870>,24,17,[2 7],25,77,94,52,65
1,<environment.Job instance at 0x7fd4bc6cbcd0>,35,1,[1 8],36,94,95,58,68
1,<environment.Job instance at 0x7fd4bc6cb0a0>,33,1,[5 4],34,95,96,61,80
1,<environment.Job instance at 0x7fd4bcab1690>,40,15,[1 8],41,96,111,55,82
1,<environment.Job instance at 0x7fd476d4fd70>,51,15,[5 2],52,102,117,50,102
1,<environment.Job instance at 0x7fd476cff960>,56,1,[5 9],57,124,125,67,124
1,<environment.Job instance at 0x7fd476cff7d0>,57,2,[10  2],58,125,127,67,124
1,<environment.Job instance at 0x7fd476e08b90>,27,16,[5 4],28,127,143,99,124
1,<environment.Job instance at 0x7fd4bca20280>,60,13,[10  1],61,143,156,82,127
1,<environment.Job instance at 0x7fd476d83230>,0,13,[5 8],1,1,14,0,1
1,<environment.Job instance at 0x7fd4c175daa0>,2,3,[2 8],3,14,17,11,3
1,<environment.Job instance at 0x7fd4c112caf0>,6,16,[1 5],7,17,33,10,9
1,<environment.Job instance at 0x7fd4c112cf50>,13,1,[5 5],14,19,20,5,19
1,<environment.Job instance at 0x7fd4c1140460>,14,18,[ 4 10],15,33,51,18,24
1,<environment.Job instance at 0x7fd4c1140960>,19,12,[7 5],20,51,63,31,35
1,<environment.Job instance at 0x7fd4c1140e10>,25,2,[9 1],26,63,65,37,45
1,<environment.Job instance at 0x7fd4c1140a50>,23,18,[9 2],24,65,83,41,58
1,<environment.Job instance at 0x7fd4c1127320>,29,2,[1 7],30,63,65,33,58
1,<environment.Job instance at 0x7fd4c1127410>,33,14,[3 6],34,83,97,49,69
1,<environment.Job instance at 0x7fd4c1127640>,34,16,[8 2],35,97,113,62,88
1,<environment.Job instance at 0x7fd4c1127e10>,44,2,[1 9],45,113,115,68,99
1,<environment.Job instance at 0x7fd4c1127af0>,41,1,[ 3 10],42,115,116,73,102
1,<environment.Job instance at 0x7fd4bc859190>,45,14,[5 4],46,116,130,70,103
1,<environment.Job instance at 0x7fd4bc8597d0>,57,18,[6 1],58,130,148,72,121
1,<environment.Job instance at 0x7fd4bc859050>,47,24,[4 8],48,134,158,86,134
1,<environment.Job instance at 0x7fd4bc874050>,1,1,[2 7],2,2,3,0,2
1,<environment.Job instance at 0x7fd4bca44f00>,6,13,[ 2 10],7,7,20,0,7
1,<environment.Job instance at 0x7fd4bca44c80>,9,3,[7 3],10,20,23,10,10
1,<environment.Job instance at 0x7fd4c16cd140>,20,18,[3 5],21,21,39,0,21
1,<environment.Job instance at 0x7fd476a1cbe0>,25,1,[1 7],26,39,40,13,28
1,<environment.Job instance at 0x7fd4bc5bb460>,32,18,[4 8],33,40,58,7,33
1,<environment.Job instance at 0x7fd4bcc73b40>,36,13,[6 4],37,58,71,21,52
1,<environment.Job instance at 0x7fd4bcc735a0>,38,12,[10  4],39,71,83,32,55
1,<environment.Job instance at 0x7fd4bcc73f50>,42,1,[2 6],43,58,59,15,56
1,<environment.Job instance at 0x7fd4bc97baa0>,50,12,[2 5],51,59,71,8,58
1,<environment.Job instance at 0x7fd47701ae10>,56,16,[3 8],57,83,99,26,71
1,<environment.Job instance at 0x7fd47701abe0>,60,15,[5 5],61,99,114,38,85
1,<environment.Job instance at 0x7fd4bc9b0870>,14,16,[5 8],15,114,130,99,102
1,<environment.Job instance at 0x7fd476bf4320>,72,2,[8 5],73,130,132,57,109
1,<environment.Job instance at 0x7fd4c1521f00>,55,13,[7 4],56,132,145,76,121
1,<environment.Job instance at 0x7fd4bc5900f0>,0,1,[1 9],1,1,2,0,1
1,<environment.Job instance at 0x7fd4bc590410>,2,1,[1 5],3,3,4,0,3
1,<environment.Job instance at 0x7fd4bc5908c0>,3,12,[6 5],4,4,16,0,4
1,<environment.Job instance at 0x7fd4bc590c80>,7,16,[8 4],8,32,48,24,32
1,<environment.Job instance at 0x7fd4bc8ccb40>,22,14,[3 7],23,48,62,25,33
1,<environment.Job instance at 0x7fd4bc8cc730>,24,17,[3 5],25,62,79,37,55
1,<environment.Job instance at 0x7fd4c12bf820>,31,13,[5 8],32,79,92,47,63
1,<environment.Job instance at 0x7fd4c12bfa00>,32,14,[6 2],33,92,106,59,83
1,<environment.Job instance at 0x7fd4bc8cc4b0>,21,23,[1 8],22,94,117,72,94
1,<environment.Job instance at 0x7fd476a8cf00>,54,19,[1 8],55,117,136,62,107
1,<environment.Job instance at 0x7fd4c12bf7d0>,36,25,[8 1],37,111,136,74,111
1,<environment.Job instance at 0x7fd4bc611640>,61,3,[10  1],62,136,139,74,123
1,<environment.Job instance at 0x7fd4bc611be0>,64,2,[6 5],65,139,141,74,123
1,<environment.Job instance at 0x7fd4bc611aa0>,63,20,[4 5],64,139,159,75,130
1,<environment.Job instance at 0x7fd476dec0f0>,0,14,[1 7],1,2,16,1,2
1,<environment.Job instance at 0x7fd4bc611af0>,3,3,[6 1],4,4,7,0,4
1,<environment.Job instance at 0x7fd4c11f1af0>,8,21,[2 5],9,16,37,7,9
1,<environment.Job instance at 0x7fd4c11f1500>,12,2,[5 3],13,13,15,0,13
1,<environment.Job instance at 0x7fd4c120ea50>,14,14,[5 3],15,23,37,8,23
1,<environment.Job instance at 0x7fd4c120ef50>,17,19,[ 2 10],18,37,56,19,27
1,<environment.Job instance at 0x7fd4c120e4b0>,21,18,[9 3],22,56,74,34,45
1,<environment.Job instance at 0x7fd4c156e870>,31,12,[4 6],32,74,86,42,61
1,<environment.Job instance at 0x7fd4c11f1dc0>,10,15,[3 7],11,86,101,75,78
1,<environment.Job instance at 0x7fd4bc8d86e0>,29,14,[1 8],30,101,115,71,86
1,<environment.Job instance at 0x7fd4c120e3c0>,22,14,[5 5],23,115,129,92,102
1,<environment.Job instance at 0x7fd476a85280>,55,12,[10  3],56,129,141,73,113
1,<environment.Job instance at 0x7fd476eab320>,2,1,[2 9],3,3,4,0,3
1,<environment.Job instance at 0x7fd4c16d2500>,4,16,[1 6],5,5,21,0,5
1,<environment.Job instance at 0x7fd476a45f00>,8,14,[5 5],9,21,35,12,9
1,<environment.Job instance at 0x7fd4bc8a22d0>,18,1,[9 5],19,35,36,16,21
1,<environment.Job instance at 0x7fd476ff0140>,20,2,[9 2],21,36,38,15,23
1,<environment.Job instance at 0x7fd476c5f870>,24,12,[ 1 10],25,41,53,16,41
1,<environment.Job instance at 0x7fd476c5f140>,26,12,[1 9],27,53,65,26,45
1,<environment.Job instance at 0x7fd4c16d6fa0>,28,18,[5 9],29,65,83,36,54
1,<environment.Job instance at 0x7fd4c16d6410>,36,12,[1 5],37,83,95,46,66
1,<environment.Job instance at 0x7fd476d47f00>,41,12,[7 5],42,83,95,41,66
1,<environment.Job instance at 0x7fd4bc87c730>,45,15,[8 3],46,95,110,49,95
1,<environment.Job instance at 0x7fd4770bbf00>,50,14,[5 3],51,111,125,60,111
1,<environment.Job instance at 0x7fd476eb75a0>,55,18,[6 4],56,125,143,69,123
1,<environment.Job instance at 0x7fd4c16d6190>,32,16,[4 7],33,143,159,110,130
1,<environment.Job instance at 0x7fd476a0d140>,1,3,[6 4],2,2,5,0,2
1,<environment.Job instance at 0x7fd476c44a00>,3,15,[9 4],4,6,21,2,6
1,<environment.Job instance at 0x7fd476c44d70>,11,14,[1 8],12,21,35,9,12
1,<environment.Job instance at 0x7fd4bc809320>,20,15,[8 4],21,35,50,14,22
1,<environment.Job instance at 0x7fd476767730>,25,12,[8 1],26,50,62,24,39
1,<environment.Job instance at 0x7fd476c44140>,7,18,[2 8],8,50,68,42,41
1,<environment.Job instance at 0x7fd4767670f0>,28,12,[10  1],29,68,80,39,53
1,<environment.Job instance at 0x7fd4767674b0>,38,12,[1 5],39,80,92,41,64
1,<environment.Job instance at 0x7fd476767b40>,39,1,[1 7],40,92,93,52,66
1,<environment.Job instance at 0x7fd476767370>,40,15,[6 1],41,80,95,39,66
1,<environment.Job instance at 0x7fd476e01be0>,51,2,[5 3],52,95,97,43,78
1,<environment.Job instance at 0x7fd476e01500>,52,2,[5 5],53,95,97,42,78
1,<environment.Job instance at 0x7fd476e01eb0>,54,12,[9 5],55,97,109,42,80
1,<environment.Job instance at 0x7fd476e01690>,63,2,[2 8],64,93,95,29,88
1,<environment.Job instance at 0x7fd4767bfd20>,68,12,[ 4 10],69,110,122,41,110
1,<environment.Job instance at 0x7fd4767bfd70>,71,15,[9 3],72,122,137,50,111
1,<environment.Job instance at 0x7fd476a00960>,2,13,[6 3],3,3,16,0,3
1,<environment.Job instance at 0x7fd4bc87d0a0>,4,14,[5 2],5,16,30,11,5
1,<environment.Job instance at 0x7fd4bc5f1eb0>,8,12,[5 3],9,16,28,7,9
1,<environment.Job instance at 0x7fd476a49320>,25,27,[6 2],26,37,64,11,37
1,<environment.Job instance at 0x7fd4bc5ffd70>,33,15,[5 2],34,64,79,30,50
1,<environment.Job instance at 0x7fd4bc62b5f0>,40,12,[5 7],41,64,76,23,58
1,<environment.Job instance at 0x7fd4bc62b870>,46,3,[6 5],47,79,82,32,63
1,<environment.Job instance at 0x7fd4bc5fbe10>,48,2,[2 7],49,76,78,27,63
1,<environment.Job instance at 0x7fd4bc5fb6e0>,51,1,[4 6],52,78,79,26,67
1,<environment.Job instance at 0x7fd4bc5fb4b0>,52,13,[5 8],53,82,95,29,67
1,<environment.Job instance at 0x7fd4bc5fb550>,53,2,[2 7],54,95,97,41,68
1,<environment.Job instance at 0x7fd4bc818410>,57,1,[10  4],58,97,98,39,80
1,<environment.Job instance at 0x7fd4c140f4b0>,58,1,[2 9],59,98,99,39,80
1,<environment.Job instance at 0x7fd4bc80fcd0>,60,12,[9 3],61,99,111,38,90
1,<environment.Job instance at 0x7fd4bcc4ae10>,30,17,[8 2],31,111,128,80,101
1,<environment.Job instance at 0x7fd4bc819a00>,69,12,[3 8],70,128,140,58,111
1,<environment.Job instance at 0x7fd4bc8192d0>,1,28,[1 5],2,2,30,0,2
1,<environment.Job instance at 0x7fd4c1547050>,9,2,[4 6],10,30,32,20,15
1,<environment.Job instance at 0x7fd4c0f90e60>,6,15,[3 5],7,15,30,8,15
1,<environment.Job instance at 0x7fd476fc6fa0>,12,12,[7 2],13,32,44,19,15
1,<environment.Job instance at 0x7fd4bc523d70>,17,13,[7 4],18,44,57,26,29
1,<environment.Job instance at 0x7fd476d2b960>,27,3,[6 5],28,57,60,29,36
1,<environment.Job instance at 0x7fd476abe7d0>,23,12,[6 3],24,60,72,36,48
1,<environment.Job instance at 0x7fd476d2ba00>,31,17,[ 3 10],32,72,89,40,60
1,<environment.Job instance at 0x7fd4c1358c30>,41,13,[ 3 10],42,89,102,47,86
1,<environment.Job instance at 0x7fd4c15470f0>,8,14,[4 7],9,102,116,93,87
1,<environment.Job instance at 0x7fd4c14a0500>,44,18,[7 5],45,116,134,71,105
1,<environment.Job instance at 0x7fd4c14a0230>,50,2,[ 4 10],51,134,136,83,134
1,<environment.Job instance at 0x7fd4c1099dc0>,51,17,[ 3 10],52,136,153,84,134
1,<environment.Job instance at 0x7fd47696d820>,56,15,[9 4],57,153,168,96,139
1,<environment.Job instance at 0x7fd476cdba50>,0,13,[2 8],1,1,14,0,1
1,<environment.Job instance at 0x7fd476ac3050>,4,1,[5 7],5,14,15,9,5
1,<environment.Job instance at 0x7fd476ac3230>,5,3,[2 5],6,15,18,9,6
1,<environment.Job instance at 0x7fd476ac3500>,6,17,[10  5],7,18,35,11,7
1,<environment.Job instance at 0x7fd4c11a8c30>,17,17,[5 5],18,35,52,17,23
1,<environment.Job instance at 0x7fd4c11a8d20>,18,24,[7 4],19,63,87,44,63
1,<environment.Job instance at 0x7fd476e449b0>,39,13,[3 8],40,87,100,47,75
1,<environment.Job instance at 0x7fd4bc55b870>,42,17,[4 7],43,100,117,57,96
1,<environment.Job instance at 0x7fd4bc55b8c0>,49,17,[7 1],50,122,139,72,122
1,<environment.Job instance at 0x7fd4bc55b910>,50,13,[1 5],51,123,136,72,123
1,<environment.Job instance at 0x7fd4bc55b190>,52,14,[5 6],53,139,153,86,126
1,<environment.Job instance at 0x7fd4767c6b40>,0,3,[2 8],1,1,4,0,1
1,<environment.Job instance at 0x7fd4767c6140>,2,13,[8 4],3,4,17,1,4
1,<environment.Job instance at 0x7fd476d729b0>,7,12,[5 5],8,17,29,9,12
1,<environment.Job instance at 0x7fd47678a0f0>,10,12,[4 6],11,29,41,18,16
1,<environment.Job instance at 0x7fd476b98050>,21,12,[5 6],22,41,53,19,31
1,<environment.Job instance at 0x7fd47678aa50>,9,14,[8 1],10,53,67,43,43
1,<environment.Job instance at 0x7fd4769b0d70>,24,17,[2 6],25,53,70,28,44
1,<environment.Job instance at 0x7fd476679690>,32,16,[5 8],33,70,86,37,57
1,<environment.Job instance at 0x7fd476679a50>,31,12,[10  5],32,86,98,54,71
1,<environment.Job instance at 0x7fd4bcb857d0>,38,3,[ 3 10],39,98,101,59,76
1,<environment.Job instance at 0x7fd4bcb855a0>,40,13,[9 4],41,101,114,60,85
1,<environment.Job instance at 0x7fd4bc9023c0>,47,16,[5 7],48,114,130,66,101
1,<environment.Job instance at 0x7fd4bcba4a00>,53,3,[5 5],54,130,133,76,113
1,<environment.Job instance at 0x7fd4bcba4b90>,54,13,[7 4],55,133,146,78,117
1,<environment.Job instance at 0x7fd4bcba4410>,55,1,[5 5],56,130,131,74,117
1,<environment.Job instance at 0x7fd4bcba4f00>,58,16,[7 3],59,146,162,87,133
1,<environment.Job instance at 0x7fd4bcba44b0>,60,2,[7 1],61,162,164,101,135
1,<environment.Job instance at 0x7fd4bcba4e10>,62,1,[ 1 10],63,164,165,101,138
1,<environment.Job instance at 0x7fd4bcba4550>,63,2,[ 4 10],64,165,167,101,138
1,<environment.Job instance at 0x7fbd6197f5a0>,2,12,[5 4],3,3,15,0,3
1,<environment.Job instance at 0x7fbd6193b0a0>,5,13,[5 9],6,15,28,9,7
1,<environment.Job instance at 0x7fbd5a52b8c0>,11,2,[3 9],12,28,30,16,16
1,<environment.Job instance at 0x7fbd5a52b9b0>,12,3,[6 3],13,30,33,17,17
1,<environment.Job instance at 0x7fbd5a52bb40>,14,12,[3 7],15,30,42,15,18
1,<environment.Job instance at 0x7fbd5a52ba50>,15,3,[10  2],16,42,45,26,18
1,<environment.Job instance at 0x7fbd5a52beb0>,17,3,[10  3],18,45,48,27,19
1,<environment.Job instance at 0x7fbd5a52d4b0>,23,18,[5 2],24,48,66,24,37
1,<environment.Job instance at 0x7fbd5a52d9b0>,31,17,[4 9],32,66,83,34,57
1,<environment.Job instance at 0x7fbd5a531410>,38,12,[3 6],39,83,95,44,66
1,<environment.Job instance at 0x7fbd5a52b690>,7,14,[5 1],8,71,85,63,71
1,<environment.Job instance at 0x7fbd5a531870>,45,16,[6 2],46,99,115,53,99
1,<environment.Job instance at 0x7fbd5a52b460>,8,17,[ 2 10],9,115,132,106,108
1,<environment.Job instance at 0x7fbd5a534870>,59,14,[ 2 10],60,132,146,72,120
1,<environment.Job instance at 0x7fbd5a534af0>,63,15,[1 5],64,146,161,82,137
1,<environment.Job instance at 0x7fbd5a534c30>,65,13,[3 5],66,146,159,80,137
1,<environment.Job instance at 0x7fbd5a542f00>,0,13,[2 6],1,1,14,0,1
1,<environment.Job instance at 0x7fbd61aa46e0>,4,2,[8 5],5,14,16,9,8
1,<environment.Job instance at 0x7fbd61aaa0a0>,8,16,[3 9],9,16,32,7,9
1,<environment.Job instance at 0x7fbd61ab1320>,14,13,[1 9],15,32,45,17,20
1,<environment.Job instance at 0x7fbd61ab1af0>,18,18,[4 6],19,45,63,26,35
1,<environment.Job instance at 0x7fbd61aaf2d0>,38,14,[8 5],39,63,77,24,60
1,<environment.Job instance at 0x7fbd61aacd70>,40,18,[5 1],41,77,95,36,77
1,<environment.Job instance at 0x7fbd61b0d410>,34,12,[5 7],35,88,100,53,88
1,<environment.Job instance at 0x7fbd61964730>,29,23,[2 8],30,100,123,70,94
1,<environment.Job instance at 0x7fbd61aac140>,43,3,[5 4],44,123,126,79,113
1,<environment.Job instance at 0x7fbd61ab6460>,47,3,[4 9],48,126,129,78,113
1,<environment.Job instance at 0x7fbd61ab6730>,49,1,[10  3],50,129,130,79,113
1,<environment.Job instance at 0x7fbd61ab62d0>,52,14,[9 2],53,130,144,77,121
1,<environment.Job instance at 0x7fbd61ab6550>,55,17,[5 9],56,144,161,88,142
1,<environment.Job instance at 0x7fbd5aa275a0>,0,17,[4 5],1,1,18,0,1
1,<environment.Job instance at 0x7fbd5a790dc0>,19,17,[4 8],20,27,44,7,27
1,<environment.Job instance at 0x7fbd5a6b6d20>,20,14,[ 3 10],21,44,58,23,37
1,<environment.Job instance at 0x7fbd5aa75960>,14,16,[8 3],15,58,74,43,53
1,<environment.Job instance at 0x7fbd167cd5f0>,35,1,[5 7],36,74,75,38,66
1,<environment.Job instance at 0x7fbd167cd050>,36,2,[3 5],37,75,77,38,66
1,<environment.Job instance at 0x7fbd167cd690>,38,14,[10  4],39,77,91,38,69
1,<environment.Job instance at 0x7fbd167d1230>,42,20,[7 3],43,91,111,48,86
1,<environment.Job instance at 0x7fbd167d1870>,43,1,[2 8],44,111,112,67,86
1,<environment.Job instance at 0x7fbd5a381c80>,47,2,[5 9],48,112,114,64,99
1,<environment.Job instance at 0x7fbd1683ff00>,48,17,[2 8],49,114,131,65,103
1,<environment.Job instance at 0x7fbd16968730>,52,15,[7 3],53,131,146,78,117
1,<environment.Job instance at 0x7fbd5a384f50>,59,22,[1 6],60,133,155,73,133
1,<environment.Job instance at 0x7fbd5a6ba460>,30,13,[ 4 10],31,155,168,124,139
1,<environment.Job instance at 0x7fbd61ab1c80>,2,17,[10  3],3,3,20,0,3
1,<environment.Job instance at 0x7fbd61ab15f0>,4,15,[ 1 10],5,20,35,15,8
1,<environment.Job instance at 0x7fbd16825550>,19,14,[2 6],20,35,49,15,20
1,<environment.Job instance at 0x7fbd5a514820>,23,18,[4 8],24,49,67,25,38
1,<environment.Job instance at 0x7fbd169a8be0>,29,1,[ 4 10],30,67,68,37,42
1,<environment.Job instance at 0x7fbd61aa5af0>,31,24,[4 8],32,68,92,36,63
1,<environment.Job instance at 0x7fbd5a7c9aa0>,46,18,[8 2],47,92,110,45,81
1,<environment.Job instance at 0x7fbd5a6bf7d0>,14,25,[1 7],15,92,117,77,92
1,<environment.Job instance at 0x7fbd16965dc0>,53,15,[6 5],54,117,132,63,104
1,<environment.Job instance at 0x7fbd16965460>,61,17,[5 7],62,132,149,70,122
1,<environment.Job instance at 0x7fbd16cd1960>,62,12,[3 8],63,149,161,86,132
1,<environment.Job instance at 0x7fbd168dbcd0>,0,18,[8 1],1,13,31,12,13
1,<environment.Job instance at 0x7fbd5a987d20>,15,13,[8 5],16,31,44,15,16
1,<environment.Job instance at 0x7fbd5a987b40>,22,15,[2 5],23,25,40,2,25
1,<environment.Job instance at 0x7fbd5a993550>,29,13,[1 8],30,44,57,14,31
1,<environment.Job instance at 0x7fbd5a987050>,23,14,[4 8],24,57,71,33,47
1,<environment.Job instance at 0x7fbd5a9a1eb0>,33,15,[6 1],34,56,71,22,56
1,<environment.Job instance at 0x7fbd5a9a15f0>,37,1,[10  3],38,71,72,33,57
1,<environment.Job instance at 0x7fbd5a9a1be0>,39,16,[10  2],40,72,88,32,60
1,<environment.Job instance at 0x7fbd5a9a1050>,38,17,[7 2],39,88,105,49,77
1,<environment.Job instance at 0x7fbd5a98e820>,50,17,[2 6],51,88,105,37,77
1,<environment.Job instance at 0x7fbd5a98fd20>,40,15,[5 6],41,105,120,64,95
1,<environment.Job instance at 0x7fbd5a323690>,66,14,[1 7],67,120,134,53,109
1,<environment.Job instance at 0x7fbd5a3237d0>,70,18,[ 5 10],71,134,152,63,124
1,<environment.Job instance at 0x7fbd5a9bb4b0>,0,15,[10  4],1,1,16,0,1
1,<environment.Job instance at 0x7fbd5a9b2fa0>,8,18,[4 6],9,16,34,7,15
1,<environment.Job instance at 0x7fbd5a9b29b0>,13,13,[7 4],14,34,47,20,19
1,<environment.Job instance at 0x7fbd5af60640>,23,13,[5 5],24,47,60,23,36
1,<environment.Job instance at 0x7fbd5a9b2370>,18,17,[9 5],19,60,77,41,51
1,<environment.Job instance at 0x7fbd5ac01410>,38,17,[3 7],39,77,94,38,75
1,<environment.Job instance at 0x7fbd5ac01910>,36,14,[6 4],37,94,108,57,81
1,<environment.Job instance at 0x7fbd5af60500>,20,16,[ 3 10],21,108,124,87,98
1,<environment.Job instance at 0x7fbd5afe8be0>,59,18,[9 5],60,124,142,64,122
1,<environment.Job instance at 0x7fbd5afe8af0>,62,13,[9 4],63,142,155,79,127
1,<environment.Job instance at 0x7fbd5aab2eb0>,2,2,[3 6],3,3,5,0,3
1,<environment.Job instance at 0x7fbd16cbf140>,4,3,[4 5],5,5,8,0,5
1,<environment.Job instance at 0x7fbd16cbf870>,5,18,[9 2],6,8,26,2,8
1,<environment.Job instance at 0x7fbd16cbf690>,7,20,[1 8],8,18,38,10,18
1,<environment.Job instance at 0x7fbd5aab75a0>,19,18,[6 1],20,26,44,6,23
1,<environment.Job instance at 0x7fbd5aab7640>,18,16,[4 8],19,38,54,19,30
1,<environment.Job instance at 0x7fbd5a63c2d0>,30,15,[4 7],31,54,69,23,41
1,<environment.Job instance at 0x7fbd5a63ca50>,34,13,[8 2],35,69,82,34,57
1,<environment.Job instance at 0x7fbd5a63caa0>,35,1,[6 4],36,82,83,46,57
1,<environment.Job instance at 0x7fbd5a63c050>,36,3,[6 1],37,57,60,20,57
1,<environment.Job instance at 0x7fbd16b6f690>,37,1,[5 1],38,60,61,22,57
1,<environment.Job instance at 0x7fbd16b6fb40>,38,13,[2 5],39,69,82,30,57
1,<environment.Job instance at 0x7fbd5a3b4190>,42,15,[ 2 10],43,83,98,40,69
1,<environment.Job instance at 0x7fbd5a6035a0>,47,1,[7 3],48,98,99,50,83
1,<environment.Job instance at 0x7fbd5a3b4be0>,48,20,[ 1 10],49,99,119,50,90
1,<environment.Job instance at 0x7fbd5a63d370>,27,16,[1 7],28,119,135,91,107
1,<environment.Job instance at 0x7fbd5a85c5a0>,20,15,[2 8],21,135,150,114,122
1,<environment.Job instance at 0x7fbd5a2eceb0>,54,15,[4 8],55,150,165,95,136
1,<environment.Job instance at 0x7fbd5adaf0f0>,0,13,[2 6],1,1,14,0,1
1,<environment.Job instance at 0x7fbd5adaf640>,3,24,[5 3],4,5,29,1,5
1,<environment.Job instance at 0x7fbd16a7fa50>,19,18,[7 5],20,29,47,9,23
1,<environment.Job instance at 0x7fbd16a7f370>,15,15,[3 9],16,47,62,31,34
1,<environment.Job instance at 0x7fbd16a7ff00>,28,13,[4 6],29,62,75,33,48
1,<environment.Job instance at 0x7fbd16a7b280>,33,15,[3 9],34,75,90,41,61
1,<environment.Job instance at 0x7fbd16a7b730>,38,17,[9 5],39,90,107,51,80
1,<environment.Job instance at 0x7fbd16a7b960>,40,15,[5 3],41,107,122,66,93
1,<environment.Job instance at 0x7fbd16a7b7d0>,45,1,[1 9],46,122,123,76,107
1,<environment.Job instance at 0x7fbd16a7bfa0>,46,21,[5 5],47,123,144,76,115
1,<environment.Job instance at 0x7fbd16a89910>,54,15,[10  2],55,144,159,89,130
1,<environment.Job instance at 0x7fbd5a63c460>,0,18,[6 4],1,1,19,0,1
1,<environment.Job instance at 0x7fbd5acd17d0>,9,13,[8 2],10,19,32,9,10
1,<environment.Job instance at 0x7fbd5a6dc3c0>,19,14,[5 1],20,32,46,12,24
1,<environment.Job instance at 0x7fbd5acd13c0>,13,3,[ 4 10],14,46,49,32,25
1,<environment.Job instance at 0x7fbd5a531780>,27,3,[8 1],28,49,52,21,48
1,<environment.Job instance at 0x7fbd5a659c80>,29,18,[6 2],30,52,70,22,48
1,<environment.Job instance at 0x7fbd5a992d70>,15,27,[4 5],16,57,84,41,57
1,<environment.Job instance at 0x7fbd5ac2e9b0>,38,21,[5 1],39,71,92,32,71
1,<environment.Job instance at 0x7fbd5a524b90>,45,16,[4 9],46,84,100,38,72
1,<environment.Job instance at 0x7fbd5adc5aa0>,32,13,[ 3 10],33,100,113,67,84
1,<environment.Job instance at 0x7fbd5ac4b320>,52,18,[3 8],53,113,131,60,102
1,<environment.Job instance at 0x7fbd16ccc4b0>,7,13,[10  4],8,131,144,123,118
1,<environment.Job instance at 0x7fbd16c3ff50>,68,14,[ 1 10],69,144,158,75,129
1,<environment.Job instance at 0x7fbd16b86050>,0,13,[2 8],1,1,14,0,1
1,<environment.Job instance at 0x7fbd5abda050>,13,1,[1 7],14,16,17,2,16
1,<environment.Job instance at 0x7fbd16a97230>,15,14,[1 7],16,17,31,1,16
1,<environment.Job instance at 0x7fbd5a4667d0>,8,16,[9 1],9,16,32,7,16
1,<environment.Job instance at 0x7fbd5ade7be0>,19,14,[2 8],20,32,46,12,21
1,<environment.Job instance at 0x7fbd169582d0>,23,26,[7 1],24,36,62,12,36
1,<environment.Job instance at 0x7fbd16e1ed20>,27,15,[ 4 10],28,62,77,34,48
1,<environment.Job instance at 0x7fbd5ac1e320>,33,13,[3 9],34,77,90,43,66
1,<environment.Job instance at 0x7fbd5ac1e050>,39,12,[5 8],40,90,102,50,73
1,<environment.Job instance at 0x7fbd16e06f00>,44,18,[7 1],45,102,120,57,91
1,<environment.Job instance at 0x7fbd5a2ecc80>,48,15,[3 8],49,102,117,53,92
1,<environment.Job instance at 0x7fbd1690e960>,54,17,[8 5],55,129,146,74,129
1,<environment.Job instance at 0x7fbd1690eb40>,55,17,[1 7],56,146,163,90,134
1,<environment.Job instance at 0x7fbd5a4b0a50>,0,25,[6 2],1,2,27,1,2
1,<environment.Job instance at 0x7fbd5a63cc80>,6,12,[9 1],7,27,39,20,13
1,<environment.Job instance at 0x7fbd5a3e5550>,16,16,[ 1 10],17,39,55,22,27
1,<environment.Job instance at 0x7fbd5a3d80a0>,23,12,[3 9],24,55,67,31,46
1,<environment.Job instance at 0x7fbd5a3d8050>,22,16,[2 8],23,67,83,44,56
1,<environment.Job instance at 0x7fbd5a4d60a0>,1,17,[9 4],2,83,100,81,72
1,<environment.Job instance at 0x7fbd5a3d89b0>,36,15,[3 9],37,100,115,63,91
1,<environment.Job instance at 0x7fbd5a3da0a0>,41,1,[2 7],42,115,116,73,99
1,<environment.Job instance at 0x7fbd5a3d8eb0>,38,12,[5 4],39,116,128,77,105
1,<environment.Job instance at 0x7fbd5a3da910>,49,3,[7 3],50,128,131,78,111
1,<environment.Job instance at 0x7fbd5a3daaf0>,50,20,[8 5],51,131,151,80,122
1,<environment.Job instance at 0x7fbd5a3dacd0>,54,16,[5 8],55,151,167,96,138
1,<environment.Job instance at 0x7fbd5b041c30>,8,1,[5 3],9,9,10,0,9
1,<environment.Job instance at 0x7fbd16962190>,9,3,[ 4 10],10,10,13,0,10
1,<environment.Job instance at 0x7fbd16962780>,10,13,[5 8],11,13,26,2,11
1,<environment.Job instance at 0x7fbd5a78c3c0>,14,12,[7 5],15,26,38,11,16
1,<environment.Job instance at 0x7fbd5a78c7d0>,17,16,[8 4],18,38,54,20,33
1,<environment.Job instance at 0x7fbd5a78c730>,31,16,[8 4],32,70,86,38,70
1,<environment.Job instance at 0x7fbd5b0410f0>,7,22,[2 9],8,86,108,78,82
1,<environment.Job instance at 0x7fbd16b035a0>,47,14,[4 7],48,108,122,60,93
1,<environment.Job instance at 0x7fbd5a76c230>,37,16,[8 4],38,122,138,84,109
1,<environment.Job instance at 0x7fbd16b03690>,50,12,[9 4],51,138,150,87,121
1,<environment.Job instance at 0x7fbd5a5b6140>,61,13,[5 8],62,150,163,88,138
1,<environment.Job instance at 0x7fbd5a385870>,0,15,[2 8],1,1,16,0,1
1,<environment.Job instance at 0x7fbd16ca9690>,6,14,[2 6],7,16,30,9,7
1,<environment.Job instance at 0x7fbd5a603f50>,13,2,[1 7],14,30,32,16,17
1,<environment.Job instance at 0x7fbd16ca99b0>,10,16,[1 6],11,32,48,21,19
1,<environment.Job instance at 0x7fbd5a385d20>,5,15,[8 4],6,32,47,26,19
1,<environment.Job instance at 0x7fbd616c22d0>,20,14,[1 7],21,48,62,27,33
1,<environment.Job instance at 0x7fbd616c2b90>,15,16,[3 8],16,62,78,46,52
1,<environment.Job instance at 0x7fbd5b086a00>,31,13,[1 7],32,78,91,46,62
1,<environment.Job instance at 0x7fbd5b086730>,34,14,[5 3],35,80,94,45,80
1,<environment.Job instance at 0x7fbd5a6bbfa0>,41,18,[9 3],42,94,112,52,83
1,<environment.Job instance at 0x7fbd5a5b9c80>,46,14,[9 3],47,112,126,65,101
1,<environment.Job instance at 0x7fbd5a5b99b0>,49,14,[1 8],50,126,140,76,112
1,<environment.Job instance at 0x7fbd5aaea910>,59,21,[7 2],60,126,147,66,122
1,<environment.Job instance at 0x7fbd5b086aa0>,30,15,[3 7],31,140,155,109,129
1,<environment.Job instance at 0x7fbd5aaeac80>,61,3,[ 1 10],62,155,158,93,132
1,<environment.Job instance at 0x7fbd5aa7d1e0>,1,1,[2 5],2,2,3,0,2
1,<environment.Job instance at 0x7fbd5aaeacd0>,2,17,[3 5],3,3,20,0,3
1,<environment.Job instance at 0x7fbd5a579e10>,15,16,[10  1],16,20,36,4,16
1,<environment.Job instance at 0x7fbd5abaa5f0>,26,2,[ 2 10],27,36,38,9,30
1,<environment.Job instance at 0x7fbd5a481c80>,27,20,[8 3],28,38,58,10,32
1,<environment.Job instance at 0x7fbd16c4fb40>,31,16,[1 7],32,46,62,14,46
1,<environment.Job instance at 0x7fbd5abd40f0>,18,14,[5 5],19,62,76,43,47
1,<environment.Job instance at 0x7fbd16d5f910>,39,16,[8 4],40,76,92,36,63
1,<environment.Job instance at 0x7fbd16841730>,46,12,[1 5],47,78,90,31,78
1,<environment.Job instance at 0x7fbd16c68780>,48,3,[7 1],49,92,95,43,78
1,<environment.Job instance at 0x7fbd5a8254b0>,50,1,[5 8],51,95,96,44,78
1,<environment.Job instance at 0x7fbd16864af0>,51,12,[7 5],52,96,108,44,83
1,<environment.Job instance at 0x7fbd5a5d3690>,60,14,[5 3],61,119,133,58,119
1,<environment.Job instance at 0x7fbd5a5d3f50>,64,2,[ 4 10],65,133,135,68,131
1,<environment.Job instance at 0x7fbd5a5d3cd0>,65,18,[6 4],66,135,153,69,132
1,<environment.Job instance at 0x7fbd5abbd8c0>,2,16,[3 7],3,3,19,0,3
1,<environment.Job instance at 0x7fbd5b0c66e0>,7,18,[2 8],8,19,37,11,8
1,<environment.Job instance at 0x7fbd168ab5a0>,22,17,[1 7],23,37,54,14,25
1,<environment.Job instance at 0x7fbd5a9a19b0>,25,12,[8 1],26,26,38,0,26
1,<environment.Job instance at 0x7fbd1675e6e0>,13,12,[10  2],14,54,66,40,40
1,<environment.Job instance at 0x7fbd16d04960>,36,12,[2 8],37,66,78,29,56
1,<environment.Job instance at 0x7fbd5a6bf730>,12,16,[6 4],13,78,94,65,66
1,<environment.Job instance at 0x7fbd16dc4320>,42,3,[10  5],43,94,97,51,70
1,<environment.Job instance at 0x7fbd16d04780>,38,12,[1 5],39,78,90,39,70
1,<environment.Job instance at 0x7fbd5ac58910>,49,13,[2 6],50,97,110,47,81
1,<environment.Job instance at 0x7fbd5a68f5f0>,53,19,[7 1],54,101,120,47,101
1,<environment.Job instance at 0x7fbd5a68fb90>,54,12,[9 5],55,120,132,65,109
1,<environment.Job instance at 0x7fbd5ac60910>,16,18,[ 2 10],17,132,150,115,126
1,<environment.Job instance at 0x7fbd1651d550>,22,13,[6 1],23,33,46,10,33
1,<environment.Job instance at 0x7fbd1651d3c0>,23,15,[5 2],24,46,61,22,33
1,<environment.Job instance at 0x7fbd1651df00>,19,18,[5 2],20,46,64,26,40
1,<environment.Job instance at 0x7fbd1651d190>,31,18,[1 7],32,61,79,29,50
1,<environment.Job instance at 0x7fbd16d8fb40>,33,1,[6 2],34,64,65,30,50
1,<environment.Job instance at 0x7fbd165a9e10>,37,3,[1 9],38,79,82,41,55
1,<environment.Job instance at 0x7fbd165a90a0>,40,1,[3 7],41,82,83,41,56
1,<environment.Job instance at 0x7fbd165a90f0>,41,1,[4 6],42,83,84,41,56
1,<environment.Job instance at 0x7fbd165a9500>,44,18,[7 1],45,65,83,20,58
1,<environment.Job instance at 0x7fbd1651dcd0>,28,18,[5 3],29,83,101,54,72
1,<environment.Job instance at 0x7fbd16511550>,59,12,[3 8],60,101,113,41,101
1,<environment.Job instance at 0x7fbd1650a1e0>,15,27,[6 2],16,101,128,85,101
1,<environment.Job instance at 0x7fbd16511eb0>,62,3,[4 6],63,113,116,50,101
1,<environment.Job instance at 0x7fbd165113c0>,63,2,[1 5],64,116,118,52,101
1,<environment.Job instance at 0x7fbd16511050>,55,12,[10  4],56,128,140,72,114
1,<environment.Job instance at 0x7fbd164bad20>,2,1,[9 3],3,3,4,0,3
1,<environment.Job instance at 0x7fbd5a565230>,3,12,[6 3],4,4,16,0,4
1,<environment.Job instance at 0x7fbd16b65960>,6,14,[8 2],7,16,30,9,10
1,<environment.Job instance at 0x7fbd16b44a00>,12,12,[3 6],13,30,42,17,13
1,<environment.Job instance at 0x7fbd16b446e0>,15,13,[3 7],16,42,55,26,26
1,<environment.Job instance at 0x7fbd16b6d3c0>,23,16,[5 5],24,55,71,31,50
1,<environment.Job instance at 0x7fbd5ac975a0>,27,16,[7 4],28,71,87,43,60
1,<environment.Job instance at 0x7fbd16a49a50>,37,17,[8 2],38,87,104,49,75
1,<environment.Job instance at 0x7fbd5ac85b40>,45,16,[ 5 10],46,104,120,58,91
1,<environment.Job instance at 0x7fbd5a36d550>,49,12,[10  3],50,120,132,70,107
1,<environment.Job instance at 0x7fbd5a3e75a0>,51,2,[8 5],52,132,134,80,107
1,<environment.Job instance at 0x7fbd5a3e7aa0>,53,16,[1 8],54,134,150,80,121
1,<environment.Job instance at 0x7fbd5a3f0d20>,64,12,[5 5],65,150,162,85,134
1,<environment.Job instance at 0x7fbd5a723c80>,0,14,[2 7],1,1,15,0,1
1,<environment.Job instance at 0x7fbd167575a0>,17,12,[3 5],18,42,54,24,42
1,<environment.Job instance at 0x7fbd5a57f7d0>,19,17,[7 1],20,44,61,24,44
1,<environment.Job instance at 0x7fbd5a9b0190>,20,13,[1 5],21,54,67,33,45
1,<environment.Job instance at 0x7fbd1676a0a0>,22,14,[5 6],23,67,81,44,52
1,<environment.Job instance at 0x7fbd5ad3be60>,13,18,[2 9],14,81,99,67,73
1,<environment.Job instance at 0x7fbd5a381230>,12,17,[4 7],13,99,116,86,88
1,<environment.Job instance at 0x7fbd166fbaf0>,38,19,[2 5],39,116,135,77,114
1,<environment.Job instance at 0x7fbd1676ab40>,34,25,[7 4],35,120,145,85,120
1,<environment.Job instance at 0x7fbd166fb910>,45,14,[7 2],46,145,159,99,131
1,<environment.Job instance at 0x7fbd16821460>,1,3,[5 3],2,2,5,0,2
1,<environment.Job instance at 0x7fbd16616c80>,2,24,[2 9],3,8,32,5,8
1,<environment.Job instance at 0x7fbd16635c80>,11,3,[7 1],12,12,15,0,12
1,<environment.Job instance at 0x7fbd16635640>,12,17,[8 1],13,15,32,2,13
1,<environment.Job instance at 0x7fbd16635960>,14,13,[7 4],15,32,45,17,18
1,<environment.Job instance at 0x7fbd16e3a2d0>,20,2,[7 1],21,45,47,24,25
1,<environment.Job instance at 0x7fbd16e3a550>,21,17,[4 6],22,47,64,25,35
1,<environment.Job instance at 0x7fbd16e3a910>,27,3,[3 5],28,37,40,9,37
1,<environment.Job instance at 0x7fbd16c19d70>,29,3,[3 5],30,40,43,10,37
1,<environment.Job instance at 0x7fbd16c19a00>,31,1,[2 7],32,45,46,13,37
1,<environment.Job instance at 0x7fbd16c198c0>,33,14,[8 4],34,64,78,30,49
1,<environment.Job instance at 0x7fbd166985f0>,39,12,[1 5],40,64,76,24,64
1,<environment.Job instance at 0x7fbd166355f0>,7,16,[5 7],8,78,94,70,65
1,<environment.Job instance at 0x7fbd616b4640>,45,12,[9 4],46,94,106,48,80
1,<environment.Job instance at 0x7fbd616b4320>,47,17,[4 8],48,106,123,58,95
1,<environment.Job instance at 0x7fbd5a4d5fa0>,59,18,[3 7],60,123,141,63,112
1,<environment.Job instance at 0x7fbd16e3ab90>,16,15,[5 5],17,141,156,124,130
1,<environment.Job instance at 0x7fbd16aacbe0>,0,13,[6 4],1,1,14,0,1
1,<environment.Job instance at 0x7fbd5abe4730>,3,17,[10  2],4,14,31,10,5
1,<environment.Job instance at 0x7fbd5ad3c460>,12,22,[8 5],13,31,53,18,25
1,<environment.Job instance at 0x7fbd5ae78820>,20,26,[4 5],21,53,79,32,50
1,<environment.Job instance at 0x7fbd16ec4870>,28,15,[7 5],29,79,94,50,72
1,<environment.Job instance at 0x7fbd16ec4050>,31,2,[8 5],32,94,96,62,90
1,<environment.Job instance at 0x7fbd16ec4780>,34,17,[7 5],35,96,113,61,90
1,<environment.Job instance at 0x7fbd16b654b0>,37,1,[9 1],38,113,114,75,91
1,<environment.Job instance at 0x7fbd5af618c0>,40,3,[8 1],41,114,117,73,92
1,<environment.Job instance at 0x7fbd5af61820>,41,2,[1 6],42,113,115,71,92
1,<environment.Job instance at 0x7fbd5af61640>,42,16,[2 9],43,115,131,72,102
1,<environment.Job instance at 0x7fbd5af61500>,47,25,[9 5],48,131,156,83,127
1,<environment.Job instance at 0x7f0b76b9b0a0>,2,12,[5 4],3,3,15,0,3
1,<environment.Job instance at 0x7f0b7178b5f0>,7,14,[5 1],8,8,22,0,8
1,<environment.Job instance at 0x7f0b7178b780>,9,17,[ 4 10],10,22,39,12,11
1,<environment.Job instance at 0x7f0b7178b820>,10,1,[7 3],11,39,40,28,14
1,<environment.Job instance at 0x7f0b7178bc30>,14,12,[3 7],15,39,51,24,22
1,<environment.Job instance at 0x7f0b7178bdc0>,18,16,[8 5],19,51,67,32,42
1,<environment.Job instance at 0x7f0b717900a0>,35,16,[8 1],36,67,83,31,59
1,<environment.Job instance at 0x7f0b717904b0>,39,18,[5 8],40,83,101,43,72
1,<environment.Job instance at 0x7f0b71790910>,42,14,[8 4],43,101,115,58,87
1,<environment.Job instance at 0x7f0b71790c30>,46,3,[5 4],47,115,118,68,101
1,<environment.Job instance at 0x7f0b71790cd0>,47,1,[2 6],48,101,102,53,101
1,<environment.Job instance at 0x7f0b71790d70>,48,13,[6 1],49,118,131,69,102
1,<environment.Job instance at 0x7f0b71790780>,54,14,[1 7],55,121,135,66,121
1,<environment.Job instance at 0x7f0b71793370>,56,18,[4 5],57,135,153,78,124
1,<environment.Job instance at 0x7f0b717a6370>,0,12,[6 3],1,1,13,0,1
1,<environment.Job instance at 0x7f0b76d0aa00>,3,15,[4 8],4,13,28,9,4
1,<environment.Job instance at 0x7f0b76d113c0>,10,3,[9 1],11,28,31,17,14
1,<environment.Job instance at 0x7f0b76d11af0>,11,14,[5 3],12,31,45,19,17
1,<environment.Job instance at 0x7f0b76d0f7d0>,20,12,[2 5],21,31,43,10,29
1,<environment.Job instance at 0x7f0b76d02be0>,18,14,[4 7],19,43,57,24,29
1,<environment.Job instance at 0x7f0b76d0f2d0>,28,14,[8 5],29,57,71,28,43
1,<environment.Job instance at 0x7f0b76d16230>,34,17,[10  5],35,71,88,36,60
1,<environment.Job instance at 0x7f0b76d160a0>,32,14,[8 4],33,88,102,55,77
1,<environment.Job instance at 0x7f0b76c22aa0>,43,27,[5 3],44,102,129,58,101
1,<environment.Job instance at 0x7f0b76d11c30>,7,18,[5 2],8,115,133,107,115
1,<environment.Job instance at 0x7f0b76d153c0>,52,17,[10  4],53,133,150,80,123
1,<environment.Job instance at 0x7f0b76d155f0>,57,18,[ 1 10],58,150,168,92,140
1,<environment.Job instance at 0x7f0b2ba95be0>,0,14,[ 3 10],1,1,15,0,1
1,<environment.Job instance at 0x7f0b2ba9e550>,10,13,[ 4 10],11,36,49,25,36
1,<environment.Job instance at 0x7f0b2b9dfb40>,19,16,[1 7],20,49,65,29,37
1,<environment.Job instance at 0x7f0b71986f00>,26,20,[6 2],27,55,75,28,55
1,<environment.Job instance at 0x7f0b2ba305a0>,31,14,[3 6],32,65,79,33,55
1,<environment.Job instance at 0x7f0b2b9d5a50>,35,16,[2 6],36,79,95,43,66
1,<environment.Job instance at 0x7f0b714fa230>,22,20,[7 3],23,75,95,52,71
1,<environment.Job instance at 0x7f0b2bb0fb40>,39,22,[1 6],40,95,117,55,88
1,<environment.Job instance at 0x7f0b71c30230>,24,12,[3 5],25,117,129,92,113
1,<environment.Job instance at 0x7f0b2bab1780>,37,16,[ 3 10],38,129,145,91,120
1,<environment.Job instance at 0x7f0b2ba35d20>,55,20,[3 8],56,145,165,89,136
1,<environment.Job instance at 0x7f0b718f7dc0>,1,24,[4 8],2,5,29,3,5
1,<environment.Job instance at 0x7f0b715e30a0>,18,3,[9 1],19,29,32,10,19
1,<environment.Job instance at 0x7f0b2b9d56e0>,7,12,[10  4],8,32,44,24,19
1,<environment.Job instance at 0x7f0b71e42190>,6,14,[8 1],7,44,58,37,33
1,<environment.Job instance at 0x7f0b2bf74690>,16,18,[8 2],17,58,76,41,49
1,<environment.Job instance at 0x7f0b2bed42d0>,34,13,[1 9],35,76,89,41,61
1,<environment.Job instance at 0x7f0b2b9eddc0>,31,17,[5 7],32,89,106,57,77
1,<environment.Job instance at 0x7f0b2bed4820>,44,15,[5 7],45,106,121,61,92
1,<environment.Job instance at 0x7f0b2bb62aa0>,26,14,[7 5],27,121,135,94,107
1,<environment.Job instance at 0x7f0b2ba43460>,48,19,[1 6],49,135,154,86,126
1,<environment.Job instance at 0x7f0b2ba8e230>,0,15,[5 6],1,1,16,0,1
1,<environment.Job instance at 0x7f0b72273550>,5,12,[10  3],6,16,28,10,6
1,<environment.Job instance at 0x7f0b72285230>,9,23,[6 5],10,28,51,18,23
1,<environment.Job instance at 0x7f0b7227c050>,24,13,[1 8],25,51,64,26,36
1,<environment.Job instance at 0x7f0b72265690>,33,16,[8 5],34,64,80,30,54
1,<environment.Job instance at 0x7f0b72265dc0>,40,14,[1 8],41,80,94,39,66
1,<environment.Job instance at 0x7f0b2bd9a4b0>,46,12,[1 5],47,94,106,47,78
1,<environment.Job instance at 0x7f0b72270eb0>,43,13,[5 1],44,81,94,37,81
1,<environment.Job instance at 0x7f0b722657d0>,34,16,[9 4],35,94,110,59,83
1,<environment.Job instance at 0x7f0b71587d70>,58,18,[6 5],59,110,128,51,102
1,<environment.Job instance at 0x7f0b715a7230>,65,15,[ 1 10],66,128,143,62,116
1,<environment.Job instance at 0x7f0b7215fb90>,1,3,[3 9],2,2,5,0,2
1,<environment.Job instance at 0x7f0b71e70960>,3,18,[5 5],4,5,23,1,4
1,<environment.Job instance at 0x7f0b71e709b0>,4,16,[5 5],5,5,21,0,5
1,<environment.Job instance at 0x7f0b71e70190>,6,13,[3 9],7,23,36,16,10
1,<environment.Job instance at 0x7f0b71e70be0>,13,12,[2 6],14,36,48,22,22
1,<environment.Job instance at 0x7f0b72106780>,21,21,[8 2],22,36,57,14,31
1,<environment.Job instance at 0x7f0b71e70c30>,14,16,[2 7],15,48,64,33,40
1,<environment.Job instance at 0x7f0b721064b0>,29,14,[5 1],30,57,71,27,50
1,<environment.Job instance at 0x7f0b72106050>,25,18,[5 5],26,64,82,38,53
1,<environment.Job instance at 0x7f0b71c1a5a0>,36,18,[8 3],37,82,100,45,71
1,<environment.Job instance at 0x7f0b71c1a5f0>,39,1,[2 5],40,88,89,48,88
1,<environment.Job instance at 0x7f0b71c1a370>,41,1,[6 5],42,100,101,58,90
1,<environment.Job instance at 0x7f0b71c1a730>,43,14,[3 6],44,104,118,60,104
1,<environment.Job instance at 0x7f0b71c1acd0>,44,2,[9 3],45,118,120,73,104
1,<environment.Job instance at 0x7f0b71c1a500>,45,18,[1 8],46,120,138,74,109
1,<environment.Job instance at 0x7f0b71c1abe0>,48,16,[9 4],49,138,154,89,127
1,<environment.Job instance at 0x7f0b71a7a870>,16,12,[9 5],17,22,34,5,22
1,<environment.Job instance at 0x7f0b2bb92be0>,19,15,[2 6],20,34,49,14,23
1,<environment.Job instance at 0x7f0b71d60370>,22,13,[2 9],23,49,62,26,42
1,<environment.Job instance at 0x7f0b717c50f0>,24,3,[4 5],25,62,65,37,45
1,<environment.Job instance at 0x7f0b2bb92280>,21,14,[9 4],22,65,79,43,54
1,<environment.Job instance at 0x7f0b717270f0>,28,13,[1 5],29,65,78,36,65
1,<environment.Job instance at 0x7f0b76d0a280>,30,22,[2 5],31,79,101,48,73
1,<environment.Job instance at 0x7f0b7188ecd0>,39,17,[2 6],40,101,118,61,90
1,<environment.Job instance at 0x7f0b71aad4b0>,26,27,[5 2],27,97,124,70,97
1,<environment.Job instance at 0x7f0b71652eb0>,48,15,[5 8],49,118,133,69,115
1,<environment.Job instance at 0x7f0b71d90690>,52,12,[10  4],53,133,145,80,121
1,<environment.Job instance at 0x7f0b71e1dd70>,55,15,[8 1],56,145,160,89,131
1,<environment.Job instance at 0x7f0b71e6ee60>,0,12,[5 6],1,1,13,0,1
1,<environment.Job instance at 0x7f0b2bd20a00>,4,13,[2 7],5,13,26,8,5
1,<environment.Job instance at 0x7f0b2bd20be0>,6,18,[6 4],7,26,44,19,15
1,<environment.Job instance at 0x7f0b2bd20d20>,12,14,[ 4 10],13,44,58,31,29
1,<environment.Job instance at 0x7f0b2bd387d0>,21,15,[8 4],22,58,73,36,45
1,<environment.Job instance at 0x7f0b2bd38870>,23,16,[2 6],24,58,74,34,48
1,<environment.Job instance at 0x7f0b2bd140f0>,30,13,[4 6],31,74,87,43,61
1,<environment.Job instance at 0x7f0b2bf96e60>,7,24,[5 9],8,87,111,79,86
1,<environment.Job instance at 0x7f0b2bd14640>,36,17,[3 7],37,111,128,74,99
1,<environment.Job instance at 0x7f0b2bd142d0>,32,16,[9 2],33,128,144,95,119
1,<environment.Job instance at 0x7f0b2bd364b0>,51,2,[3 9],52,144,146,92,141
1,<environment.Job instance at 0x7f0b2bd36820>,55,19,[1 5],56,146,165,90,141
1,<environment.Job instance at 0x7f0b2bd36870>,1,2,[2 9],2,2,4,0,2
1,<environment.Job instance at 0x7f0b719420f0>,4,17,[2 7],5,5,22,0,5
1,<environment.Job instance at 0x7f0b2bf81640>,7,16,[5 4],8,22,38,14,9
1,<environment.Job instance at 0x7f0b2bf817d0>,9,18,[5 1],10,26,44,16,26
1,<environment.Job instance at 0x7f0b2bf30aa0>,21,16,[5 5],22,38,54,16,26
1,<environment.Job instance at 0x7f0b71d69af0>,25,1,[6 1],26,54,55,28,33
1,<environment.Job instance at 0x7f0b2bf4c8c0>,28,1,[1 9],29,54,55,25,35
1,<environment.Job instance at 0x7f0b718c5820>,30,2,[5 2],31,44,46,13,36
1,<environment.Job instance at 0x7f0b7208a190>,32,1,[2 9],33,55,56,22,37
1,<environment.Job instance at 0x7f0b2bf5b1e0>,20,15,[1 8],21,56,71,35,49
1,<environment.Job instance at 0x7f0b723758c0>,43,18,[4 5],44,71,89,27,64
1,<environment.Job instance at 0x7f0b723750a0>,39,17,[9 4],40,89,106,49,77
1,<environment.Job instance at 0x7f0b72375eb0>,45,15,[1 5],46,80,95,34,80
1,<environment.Job instance at 0x7f0b2bf81320>,16,15,[5 6],17,106,121,89,93
1,<environment.Job instance at 0x7f0b722b1910>,62,14,[3 7],63,121,135,58,107
1,<environment.Job instance at 0x7f0b2c06b0a0>,52,15,[5 1],53,120,135,67,120
1,<environment.Job instance at 0x7f0b722b1dc0>,72,22,[8 1],73,135,157,62,128
1,<environment.Job instance at 0x7f0b71b73f00>,1,1,[ 3 10],2,2,3,0,2
1,<environment.Job instance at 0x7f0b2babb280>,2,16,[6 1],3,3,19,0,3
1,<environment.Job instance at 0x7f0b71f49820>,16,16,[4 9],17,19,35,2,19
1,<environment.Job instance at 0x7f0b2bdfdf50>,22,23,[6 2],23,35,58,12,34
1,<environment.Job instance at 0x7f0b2b91bbe0>,26,17,[1 6],27,35,52,8,35
1,<environment.Job instance at 0x7f0b2ba3cb40>,34,14,[ 5 10],35,58,72,23,52
1,<environment.Job instance at 0x7f0b2ba3cfa0>,37,15,[4 8],38,72,87,34,61
1,<environment.Job instance at 0x7f0b2ba3c910>,32,18,[6 5],33,87,105,54,80
1,<environment.Job instance at 0x7f0b71b7b5a0>,45,14,[3 8],46,105,119,59,93
1,<environment.Job instance at 0x7f0b719c8eb0>,54,13,[1 9],55,119,132,64,103
1,<environment.Job instance at 0x7f0b71cd51e0>,56,12,[3 5],57,132,144,75,116
1,<environment.Job instance at 0x7f0b2c075230>,0,15,[5 5],1,1,16,0,1
1,<environment.Job instance at 0x7f0b71a9f370>,16,17,[4 8],17,17,34,0,17
1,<environment.Job instance at 0x7f0b71a9f5f0>,18,16,[8 4],19,34,50,15,22
1,<environment.Job instance at 0x7f0b71a9fd70>,27,13,[7 1],28,50,63,22,34
1,<environment.Job instance at 0x7f0b71aa51e0>,30,12,[3 8],31,50,62,19,43
1,<environment.Job instance at 0x7f0b71aa55a0>,32,15,[6 2],33,63,78,30,50
1,<environment.Job instance at 0x7f0b71aa5910>,36,14,[6 2],37,78,92,41,63
1,<environment.Job instance at 0x7f0b71aa5b90>,42,17,[1 5],43,96,113,53,96
1,<environment.Job instance at 0x7f0b71aa5cd0>,46,12,[5 3],47,99,111,52,99
1,<environment.Job instance at 0x7f0b71aa5eb0>,47,15,[6 1],48,111,126,63,99
1,<environment.Job instance at 0x7f0b71aa1320>,49,13,[4 7],50,114,127,64,114
1,<environment.Job instance at 0x7f0b71aa1730>,52,14,[5 2],53,126,140,73,116
1,<environment.Job instance at 0x7f0b71aa1b40>,57,22,[2 9],58,140,162,82,135
1,<environment.Job instance at 0x7f0b2b9c7c30>,3,26,[10  4],4,4,30,0,4
1,<environment.Job instance at 0x7f0b71b3c230>,10,12,[10  4],11,30,42,19,15
1,<environment.Job instance at 0x7f0b2bde3e60>,16,14,[9 2],17,42,56,25,37
1,<environment.Job instance at 0x7f0b2bde3190>,20,13,[3 7],21,56,69,35,41
1,<environment.Job instance at 0x7f0b2bde3be0>,27,20,[10  2],28,69,89,41,60
1,<environment.Job instance at 0x7f0b2b961050>,36,14,[8 3],37,89,103,52,78
1,<environment.Job instance at 0x7f0b2b961dc0>,38,3,[6 2],39,103,106,64,98
1,<environment.Job instance at 0x7f0b2b961230>,39,15,[5 5],40,106,121,66,98
1,<environment.Job instance at 0x7f0b71b5f410>,45,15,[8 4],46,121,136,75,108
1,<environment.Job instance at 0x7f0b2bfa73c0>,49,17,[5 4],50,136,153,86,126
1,<environment.Job instance at 0x7f0b76beb190>,54,18,[9 3],55,153,171,98,142
1,<environment.Job instance at 0x7f0b2bc0a640>,1,17,[7 1],2,3,20,1,3
1,<environment.Job instance at 0x7f0b71be0eb0>,7,18,[5 3],8,20,38,12,9
1,<environment.Job instance at 0x7f0b71937050>,19,17,[3 5],20,22,39,2,22
1,<environment.Job instance at 0x7f0b71be0c30>,12,16,[8 1],13,39,55,26,29
1,<environment.Job instance at 0x7f0b2bc91500>,35,18,[4 9],36,55,73,19,45
1,<environment.Job instance at 0x7f0b2bc91b40>,42,1,[2 9],43,52,53,9,52
1,<environment.Job instance at 0x7f0b2bc916e0>,43,18,[6 1],44,55,73,11,52
1,<environment.Job instance at 0x7f0b2bc910a0>,45,16,[10  1],46,73,89,27,60
1,<environment.Job instance at 0x7f0b2bb6b910>,48,14,[5 5],49,89,103,40,85
1,<environment.Job instance at 0x7f0b2bb6bf50>,53,15,[8 2],54,103,118,49,89
1,<environment.Job instance at 0x7f0b71937a50>,20,17,[5 8],21,118,135,97,109
1,<environment.Job instance at 0x7f0b2ba8c230>,64,12,[ 1 10],65,135,147,70,124
1,<environment.Job instance at 0x7f0b2bfb0d70>,0,2,[1 7],1,1,3,0,1
1,<environment.Job instance at 0x7f0b717015f0>,2,24,[7 2],3,3,27,0,3
1,<environment.Job instance at 0x7f0b2bee5be0>,14,14,[ 4 10],15,27,41,12,18
1,<environment.Job instance at 0x7f0b2bee55a0>,16,15,[1 6],17,41,56,24,27
1,<environment.Job instance at 0x7f0b7152d6e0>,29,1,[8 3],30,41,42,11,39
1,<environment.Job instance at 0x7f0b71a2abe0>,30,3,[8 1],31,42,45,11,39
1,<environment.Job instance at 0x7f0b718091e0>,31,14,[1 8],32,56,70,24,43
1,<environment.Job instance at 0x7f0b716ee320>,34,1,[10  2],35,70,71,35,60
1,<environment.Job instance at 0x7f0b716dc3c0>,35,27,[1 5],36,71,98,35,69
1,<environment.Job instance at 0x7f0b71a2aa50>,26,14,[7 3],27,74,88,47,74
1,<environment.Job instance at 0x7f0b718203c0>,45,12,[8 1],46,88,100,42,77
1,<environment.Job instance at 0x7f0b718209b0>,43,14,[7 2],44,100,114,56,87
1,<environment.Job instance at 0x7f0b7152daf0>,27,18,[2 8],28,98,116,70,87
1,<environment.Job instance at 0x7f0b71871aa0>,50,17,[5 2],51,114,131,63,103
1,<environment.Job instance at 0x7f0b71871af0>,52,16,[1 7],53,116,132,63,104
1,<environment.Job instance at 0x7f0b7180e870>,60,15,[6 1],61,131,146,70,118
1,<environment.Job instance at 0x7f0b7180e5f0>,65,14,[4 9],66,132,146,66,127
1,<environment.Job instance at 0x7f0b7180e730>,71,2,[5 3],72,146,148,74,127
1,<environment.Job instance at 0x7f0b719b1dc0>,0,1,[7 3],1,1,2,0,1
1,<environment.Job instance at 0x7f0b719acb40>,2,13,[6 3],3,3,16,0,3
1,<environment.Job instance at 0x7f0b2bec3910>,12,17,[3 6],13,13,30,0,13
1,<environment.Job instance at 0x7f0b2b7c8780>,8,12,[5 3],9,19,31,10,19
1,<environment.Job instance at 0x7f0b2c09e870>,21,17,[7 4],22,31,48,9,23
1,<environment.Job instance at 0x7f0b2bb0ea00>,24,3,[ 3 10],25,48,51,23,30
1,<environment.Job instance at 0x7f0b2bb0e370>,26,2,[9 1],27,51,53,24,35
1,<environment.Job instance at 0x7f0b72256140>,33,15,[5 2],34,53,68,19,49
1,<environment.Job instance at 0x7f0b72256b90>,38,18,[5 3],39,56,74,17,56
1,<environment.Job instance at 0x7f0b2c0b6eb0>,39,12,[9 5],40,74,86,34,63
1,<environment.Job instance at 0x7f0b72256aa0>,32,13,[6 1],33,86,99,53,73
1,<environment.Job instance at 0x7f0b2ba6f960>,10,16,[4 9],11,86,102,75,74
1,<environment.Job instance at 0x7f0b2b9ac500>,55,2,[10  4],56,102,104,46,85
1,<environment.Job instance at 0x7f0b2be900a0>,57,1,[10  4],58,104,105,46,87
1,<environment.Job instance at 0x7f0b2be905a0>,58,1,[2 9],59,105,106,46,92
1,<environment.Job instance at 0x7f0b2b9acb90>,52,13,[5 8],53,106,119,53,93
1,<environment.Job instance at 0x7f0b2bb0cfa0>,65,12,[10  4],66,119,131,53,118
1,<environment.Job instance at 0x7f0b2bae2730>,60,12,[9 3],61,131,143,70,121
1,<environment.Job instance at 0x7f0b2b873af0>,3,12,[6 3],4,4,16,0,4
1,<environment.Job instance at 0x7f0b2b8731e0>,6,14,[8 2],7,16,30,9,10
1,<environment.Job instance at 0x7f0b2b8dfa50>,12,12,[3 6],13,30,42,17,13
1,<environment.Job instance at 0x7f0b2b8df2d0>,22,28,[1 7],23,44,72,21,44
1,<environment.Job instance at 0x7f0b2ba165f0>,32,14,[1 7],33,72,86,39,57
1,<environment.Job instance at 0x7f0b2ba16c80>,36,15,[9 4],37,86,101,49,75
1,<environment.Job instance at 0x7f0b2ba164b0>,43,16,[9 3],44,101,117,57,90
1,<environment.Job instance at 0x7f0b2be3daf0>,48,19,[5 8],49,117,136,68,107
1,<environment.Job instance at 0x7f0b2be3df00>,54,17,[6 4],55,136,153,81,124
1,<environment.Job instance at 0x7f0b2be3d780>,58,13,[8 3],59,153,166,94,139
1,<environment.Job instance at 0x7f0b2b71d960>,2,17,[4 7],3,3,20,0,3
1,<environment.Job instance at 0x7f0b71d795a0>,8,3,[6 2],9,9,12,0,9
1,<environment.Job instance at 0x7f0b71d79be0>,9,17,[7 1],10,20,37,10,10
1,<environment.Job instance at 0x7f0b71d79e60>,5,3,[3 8],6,20,23,14,12
1,<environment.Job instance at 0x7f0b71d79aa0>,6,26,[ 4 10],7,37,63,30,35
1,<environment.Job instance at 0x7f0b2b7c3190>,27,3,[7 1],28,63,66,35,55
1,<environment.Job instance at 0x7f0b7192c1e0>,28,19,[2 5],29,63,82,34,56
1,<environment.Job instance at 0x7f0b2bca0370>,31,21,[7 2],32,70,91,38,70
1,<environment.Job instance at 0x7f0b71e534b0>,37,16,[3 9],38,91,107,53,80
1,<environment.Job instance at 0x7f0b71d5acd0>,44,17,[10  1],45,107,124,62,102
1,<environment.Job instance at 0x7f0b2b7bf370>,46,16,[9 3],47,124,140,77,112
1,<environment.Job instance at 0x7f0b2b772eb0>,51,13,[3 5],52,140,153,88,124
1,<environment.Job instance at 0x7f0b2b7a54b0>,55,19,[3 8],56,153,172,97,143
1,<environment.Job instance at 0x7f0b2bae82d0>,0,2,[7 1],1,1,3,0,1
1,<environment.Job instance at 0x7f0b2b7a5be0>,1,17,[4 6],2,3,20,1,2
1,<environment.Job instance at 0x7f0b71d0f4b0>,14,18,[2 6],15,20,38,5,16
1,<environment.Job instance at 0x7f0b2b9b9690>,7,3,[3 5],8,38,41,30,21
1,<environment.Job instance at 0x7f0b2b89b1e0>,16,1,[8 5],17,41,42,24,23
1,<environment.Job instance at 0x7f0b2b89ba00>,17,18,[3 5],18,42,60,24,32
1,<environment.Job instance at 0x7f0b71d0f140>,13,14,[8 4],14,60,74,46,46
1,<environment.Job instance at 0x7f0b71863fa0>,28,2,[1 6],29,60,62,31,47
1,<environment.Job instance at 0x7f0b71863460>,29,3,[9 2],30,74,77,44,56
1,<environment.Job instance at 0x7f0b2b9edfa0>,32,3,[9 1],33,77,80,44,62
1,<environment.Job instance at 0x7f0b2b9ed0a0>,34,16,[10  1],35,80,96,45,67
1,<environment.Job instance at 0x7f0b7184c960>,45,18,[6 3],46,103,121,57,103
1,<environment.Job instance at 0x7f0b718639b0>,27,17,[4 8],28,121,138,93,109
1,<environment.Job instance at 0x7f0b71633640>,51,18,[10  3],52,138,156,86,127
1,<environment.Job instance at 0x7f0b2b7e7140>,2,3,[3 5],3,3,6,0,3
1,<environment.Job instance at 0x7f0b2b80a8c0>,4,17,[7 5],5,5,22,0,5
1,<environment.Job instance at 0x7f0b2b80ae10>,12,16,[2 9],13,22,38,9,13
1,<environment.Job instance at 0x7f0b724249b0>,20,15,[2 9],21,38,53,17,24
1,<environment.Job instance at 0x7f0b2b7e7aa0>,9,13,[6 2],10,53,66,43,37
1,<environment.Job instance at 0x7f0b2b80a140>,15,15,[4 8],16,53,68,37,50
1,<environment.Job instance at 0x7f0b718fc820>,32,13,[8 3],33,68,81,35,53
1,<environment.Job instance at 0x7f0b718fc780>,33,15,[4 9],34,81,96,47,70
1,<environment.Job instance at 0x7f0b718fc0f0>,31,14,[9 1],32,96,110,64,83
1,<environment.Job instance at 0x7f0b71d70410>,55,18,[5 8],56,110,128,54,99
1,<environment.Job instance at 0x7f0b2b80ad70>,17,25,[9 5],18,128,153,110,124
1,<environment.Job instance at 0x7f0b71d70e10>,1,3,[5 4],2,2,5,0,2
1,<environment.Job instance at 0x7f0b71d4f820>,3,12,[3 7],4,5,17,1,4
1,<environment.Job instance at 0x7f0b2ba91be0>,4,3,[1 6],5,17,20,12,5
1,<environment.Job instance at 0x7f0b2bf06780>,7,17,[2 8],8,20,37,12,8
1,<environment.Job instance at 0x7f0b71d821e0>,16,15,[7 1],17,21,36,4,21
1,<environment.Job instance at 0x7f0b2bae29b0>,22,15,[4 5],23,37,52,14,27
1,<environment.Job instance at 0x7f0b2b71c5a0>,30,2,[2 5],31,53,55,22,53
1,<environment.Job instance at 0x7f0b71861500>,31,16,[1 8],32,55,71,23,53
1,<environment.Job instance at 0x7f0b71861b90>,32,16,[ 5 10],33,71,87,38,68
1,<environment.Job instance at 0x7f0b718616e0>,40,14,[10  2],41,91,105,50,91
1,<environment.Job instance at 0x7f0b71872c30>,44,19,[3 6],45,108,127,63,108
1,<environment.Job instance at 0x7f0b71872a50>,45,17,[5 3],46,116,133,70,116
1,<environment.Job instance at 0x7f0b71872eb0>,47,13,[2 9],48,133,146,85,118
1,<environment.Job instance at 0x7f0b718725f0>,56,16,[6 2],57,146,162,89,138
1,<environment.Job instance at 0x7fa5c57950f0>,0,18,[ 2 10],1,2,20,1,2
1,<environment.Job instance at 0x7fa5be3855a0>,7,14,[5 1],8,20,34,12,8
1,<environment.Job instance at 0x7fa5be3856e0>,8,17,[ 2 10],9,34,51,25,25
1,<environment.Job instance at 0x7fa5be385a00>,17,3,[10  3],18,51,54,33,34
1,<environment.Job instance at 0x7fa5be385cd0>,16,12,[1 8],17,54,66,37,37
1,<environment.Job instance at 0x7fa5be389370>,23,18,[5 2],24,54,72,30,43
1,<environment.Job instance at 0x7fa5be389730>,25,3,[1 6],26,66,69,40,47
1,<environment.Job instance at 0x7fa5be389f50>,36,2,[5 1],37,69,71,32,61
1,<environment.Job instance at 0x7fa5be385dc0>,18,16,[8 5],19,72,88,53,61
1,<environment.Job instance at 0x7fa5be38c690>,42,14,[8 4],43,88,102,45,76
1,<environment.Job instance at 0x7fa5be38c4b0>,39,18,[5 8],40,102,120,62,91
1,<environment.Job instance at 0x7fa5be38d550>,57,3,[8 4],58,120,123,62,108
1,<environment.Job instance at 0x7fa5be38d5a0>,59,14,[ 2 10],60,123,137,63,108
1,<environment.Job instance at 0x7fa5be38dd70>,63,15,[1 5],64,137,152,73,127
1,<environment.Job instance at 0x7fa5c57bd460>,1,14,[5 3],2,2,16,0,2
1,<environment.Job instance at 0x7fa5c57be460>,15,17,[10  5],16,19,36,3,19
1,<environment.Job instance at 0x7fa5c57beb90>,20,18,[5 1],21,36,54,15,26
1,<environment.Job instance at 0x7fa5c57bee10>,25,16,[ 3 10],26,54,70,28,42
1,<environment.Job instance at 0x7fa5c57bef00>,24,17,[10  5],25,70,87,45,61
1,<environment.Job instance at 0x7fa5c5909be0>,40,17,[2 9],41,87,104,46,81
1,<environment.Job instance at 0x7fa5c5910d70>,45,17,[8 1],46,87,104,41,86
1,<environment.Job instance at 0x7fa5c5910190>,47,18,[ 1 10],48,104,122,56,93
1,<environment.Job instance at 0x7fa5c5910370>,53,15,[5 6],54,122,137,68,110
1,<environment.Job instance at 0x7fa5c5902690>,59,12,[5 4],60,130,142,70,130
1,<environment.Job instance at 0x7fa5c59027d0>,61,13,[3 6],62,137,150,75,130
1,<environment.Job instance at 0x7fa5c5902410>,63,12,[3 8],64,150,162,86,139
1,<environment.Job instance at 0x7fa5c58fcaf0>,5,17,[6 3],6,6,23,0,6
1,<environment.Job instance at 0x7fa57a5d9a50>,12,15,[7 3],13,23,38,10,13
1,<environment.Job instance at 0x7fa57a62f140>,4,12,[3 5],5,18,30,13,18
1,<environment.Job instance at 0x7fa57a5d9910>,9,1,[4 6],10,38,39,28,20
1,<environment.Job instance at 0x7fa57a628eb0>,16,15,[10  5],17,39,54,22,25
1,<environment.Job instance at 0x7fa5c59042d0>,1,15,[3 5],2,54,69,52,45
1,<environment.Job instance at 0x7fa57a640d70>,27,13,[ 1 10],28,69,82,41,56
1,<environment.Job instance at 0x7fa57a693640>,31,18,[3 8],32,82,100,50,71
1,<environment.Job instance at 0x7fa57a62ac30>,38,14,[3 6],39,100,114,61,99
1,<environment.Job instance at 0x7fa57a62aa00>,40,18,[4 8],41,114,132,73,103
1,<environment.Job instance at 0x7fa57a5da280>,50,12,[1 5],51,132,144,81,115
1,<environment.Job instance at 0x7fa5be158b40>,25,12,[2 5],26,132,144,106,118
1,<environment.Job instance at 0x7fa5be38eb40>,2,20,[7 3],3,144,164,141,135
1,<environment.Job instance at 0x7fa5be5c6be0>,18,16,[3 6],19,144,160,125,142
1,<environment.Job instance at 0x7fa57a9b2a50>,1,17,[5 7],2,2,19,0,2
1,<environment.Job instance at 0x7fa5be36edc0>,5,16,[4 5],6,19,35,13,6
1,<environment.Job instance at 0x7fa5be497f00>,17,18,[1 7],18,35,53,17,32
1,<environment.Job instance at 0x7fa5be470aa0>,13,1,[8 5],14,53,54,39,35
1,<environment.Job instance at 0x7fa5be6d4af0>,14,15,[5 7],15,54,69,39,46
1,<environment.Job instance at 0x7fa5be4e2c30>,20,1,[6 5],21,69,70,48,53
1,<environment.Job instance at 0x7fa5be1d0960>,26,27,[4 5],27,70,97,43,70
1,<environment.Job instance at 0x7fa5be72a050>,30,14,[8 4],31,97,111,66,82
1,<environment.Job instance at 0x7fa57ab0acd0>,33,18,[6 1],34,111,129,77,102
1,<environment.Job instance at 0x7fa57a7694b0>,37,2,[2 6],38,109,111,71,109
1,<environment.Job instance at 0x7fa57ab2a910>,39,1,[5 7],40,129,130,89,109
1,<environment.Job instance at 0x7fa57ab2a280>,40,3,[1 6],41,111,114,70,109
1,<environment.Job instance at 0x7fa57aada4b0>,42,3,[4 9],43,114,117,71,114
1,<environment.Job instance at 0x7fa57aada190>,43,12,[ 2 10],44,130,142,86,115
1,<environment.Job instance at 0x7fa57ab60870>,49,1,[8 3],50,142,143,92,128
1,<environment.Job instance at 0x7fa57ab60be0>,50,18,[5 9],51,143,161,92,132
1,<environment.Job instance at 0x7fa57ab2c9b0>,54,14,[7 5],55,161,175,106,146
1,<environment.Job instance at 0x7fa57a788870>,1,12,[5 6],2,2,14,0,2
1,<environment.Job instance at 0x7fa5be2038c0>,12,15,[6 2],13,17,32,4,17
1,<environment.Job instance at 0x7fa5c2e5b6e0>,19,18,[ 5 10],20,32,50,12,23
1,<environment.Job instance at 0x7fa5be222190>,27,12,[7 2],28,50,62,22,46
1,<environment.Job instance at 0x7fa5be226050>,31,3,[5 2],32,62,65,30,48
1,<environment.Job instance at 0x7fa5be2225a0>,25,15,[ 1 10],26,65,80,39,54
1,<environment.Job instance at 0x7fa5be226fa0>,37,15,[4 6],38,80,95,42,67
1,<environment.Job instance at 0x7fa5be222e60>,30,13,[5 3],31,80,93,49,80
1,<environment.Job instance at 0x7fa5be1f71e0>,51,3,[6 4],52,93,96,41,93
1,<environment.Job instance at 0x7fa5be222280>,28,24,[4 7],29,96,120,67,93
1,<environment.Job instance at 0x7fa5be7c9f50>,59,13,[7 4],60,120,133,60,105
1,<environment.Job instance at 0x7fa5be185f00>,63,15,[4 9],64,133,148,69,119
1,<environment.Job instance at 0x7fa5c2a60cd0>,0,14,[1 5],1,1,15,0,1
1,<environment.Job instance at 0x7fa5c2a60410>,8,14,[1 7],9,15,29,6,11
1,<environment.Job instance at 0x7fa5c2a601e0>,9,18,[6 4],10,29,47,19,29
1,<environment.Job instance at 0x7fa57aa0ab40>,18,15,[7 3],19,47,62,28,36
1,<environment.Job instance at 0x7fa57aa0a6e0>,19,17,[9 2],20,62,79,42,52
1,<environment.Job instance at 0x7fa57aa0a9b0>,24,18,[5 6],25,79,97,54,70
1,<environment.Job instance at 0x7fa5c2a608c0>,14,14,[5 3],15,79,93,64,70
1,<environment.Job instance at 0x7fa57aa0a690>,25,17,[3 6],26,97,114,71,92
1,<environment.Job instance at 0x7fa57a9e7c80>,38,2,[2 8],39,114,116,75,92
1,<environment.Job instance at 0x7fa57a9e75f0>,37,2,[6 3],38,97,99,59,96
1,<environment.Job instance at 0x7fa5be42d870>,48,16,[7 2],49,99,115,50,97
1,<environment.Job instance at 0x7fa5be5ee730>,55,18,[9 2],56,116,134,60,108
1,<environment.Job instance at 0x7fa5be5eea00>,57,20,[1 8],58,116,136,58,115
1,<environment.Job instance at 0x7fa5be5ee910>,64,3,[2 7],65,136,139,71,126
1,<environment.Job instance at 0x7fa57a9e7910>,32,15,[5 9],33,139,154,106,127
1,<environment.Job instance at 0x7fa5c2c9cfa0>,0,16,[7 5],1,1,17,0,1
1,<environment.Job instance at 0x7fa57a80e230>,6,15,[3 5],7,7,22,0,7
1,<environment.Job instance at 0x7fa5be382640>,9,14,[5 4],10,17,31,7,10
1,<environment.Job instance at 0x7fa5be656960>,13,12,[10  1],14,31,43,17,19
1,<environment.Job instance at 0x7fa5be3827d0>,11,1,[5 5],12,22,23,10,20
1,<environment.Job instance at 0x7fa5be6b1870>,16,18,[8 1],17,43,61,26,32
1,<environment.Job instance at 0x7fa5be3d6190>,24,18,[5 5],25,61,79,36,52
1,<environment.Job instance at 0x7fa5be423460>,30,13,[2 6],31,79,92,48,64
1,<environment.Job instance at 0x7fa5be4231e0>,32,15,[8 4],33,79,94,46,68
1,<environment.Job instance at 0x7fa5be26b2d0>,36,17,[2 5],37,92,109,55,80
1,<environment.Job instance at 0x7fa57a6e1410>,39,13,[6 4],40,94,107,54,92
1,<environment.Job instance at 0x7fa57a6e1a00>,41,28,[9 4],42,109,137,67,109
1,<environment.Job instance at 0x7fa5be8230a0>,49,18,[7 5],50,149,167,99,149
1,<environment.Job instance at 0x7fa5be343b40>,4,17,[2 5],5,149,166,144,149
1,<environment.Job instance at 0x7fa5be13f640>,0,12,[4 8],1,1,13,0,1
1,<environment.Job instance at 0x7fa5be15d6e0>,17,13,[10  4],18,27,40,9,27
1,<environment.Job instance at 0x7fa5be15d190>,10,18,[6 4],11,40,58,29,29
1,<environment.Job instance at 0x7fa5be15d8c0>,19,13,[8 2],20,58,71,38,46
1,<environment.Job instance at 0x7fa5be15d550>,15,16,[7 3],16,71,87,55,65
1,<environment.Job instance at 0x7fa5be1500f0>,27,18,[1 6],28,68,86,40,68
1,<environment.Job instance at 0x7fa5be150280>,32,14,[7 3],33,87,101,54,75
1,<environment.Job instance at 0x7fa5be15d7d0>,18,13,[8 5],19,101,114,82,86
1,<environment.Job instance at 0x7fa5be150730>,36,25,[7 3],37,114,139,77,110
1,<environment.Job instance at 0x7fa5be150dc0>,47,21,[9 4],48,139,160,91,135
1,<environment.Job instance at 0x7fa5be311140>,5,14,[1 7],6,6,20,0,6
1,<environment.Job instance at 0x7fa57a77acd0>,7,18,[1 9],8,20,38,12,9
1,<environment.Job instance at 0x7fa57a724fa0>,12,18,[10  5],13,38,56,25,28
1,<environment.Job instance at 0x7fa5be2b2870>,23,13,[3 9],24,56,69,32,40
1,<environment.Job instance at 0x7fa57ab90820>,30,12,[4 6],31,69,81,38,56
1,<environment.Job instance at 0x7fa5be45a500>,34,18,[7 1],35,81,99,46,72
1,<environment.Job instance at 0x7fa57a7241e0>,14,17,[10  5],15,106,123,91,106
1,<environment.Job instance at 0x7fa5c2e193c0>,15,18,[5 6],16,123,141,107,114
1,<environment.Job instance at 0x7fa5be364fa0>,49,19,[2 5],50,141,160,91,131
1,<environment.Job instance at 0x7fa57ad28be0>,0,15,[8 4],1,1,16,0,1
1,<environment.Job instance at 0x7fa57ad36e10>,6,15,[3 9],7,16,31,9,7
1,<environment.Job instance at 0x7fa5be1b0550>,8,12,[5 4],9,31,43,22,16
1,<environment.Job instance at 0x7fa5be510fa0>,24,16,[5 8],25,43,59,18,30
1,<environment.Job instance at 0x7fa5be184500>,31,15,[3 7],32,59,74,27,45
1,<environment.Job instance at 0x7fa5be2c5b40>,33,14,[6 2],34,59,73,25,45
1,<environment.Job instance at 0x7fa57ab0fd20>,46,13,[6 4],47,74,87,27,63
1,<environment.Job instance at 0x7fa5be184be0>,30,18,[3 5],31,74,92,43,66
1,<environment.Job instance at 0x7fa57a7ee5f0>,61,17,[7 4],62,87,104,25,86
1,<environment.Job instance at 0x7fa57a9974b0>,66,16,[3 8],67,104,120,37,95
1,<environment.Job instance at 0x7fa5be32fc30>,78,12,[7 5],79,120,132,41,106
1,<environment.Job instance at 0x7fa5c2e9f820>,74,12,[7 1],75,132,144,57,115
1,<environment.Job instance at 0x7fa5c2e9f730>,9,3,[3 5],10,13,16,3,13
1,<environment.Job instance at 0x7fa5be7640a0>,10,3,[ 2 10],11,16,19,5,14
1,<environment.Job instance at 0x7fa5c2ca09b0>,11,13,[5 8],12,19,32,7,14
1,<environment.Job instance at 0x7fa57ad28aa0>,5,15,[ 1 10],6,32,47,26,18
1,<environment.Job instance at 0x7fa5be848c30>,2,14,[3 7],3,47,61,44,32
1,<environment.Job instance at 0x7fa57a89daa0>,29,17,[5 2],30,47,64,17,41
1,<environment.Job instance at 0x7fa57a89dfa0>,30,14,[6 1],31,64,78,33,49
1,<environment.Job instance at 0x7fa57a527230>,33,15,[2 7],34,61,76,27,57
1,<environment.Job instance at 0x7fa57a5275a0>,36,17,[8 4],37,78,95,41,67
1,<environment.Job instance at 0x7fa57a527af0>,42,12,[7 3],43,95,107,52,79
1,<environment.Job instance at 0x7fa57a527eb0>,48,18,[1 5],49,98,116,49,98
1,<environment.Job instance at 0x7fa57a527910>,40,13,[8 4],41,107,120,66,100
1,<environment.Job instance at 0x7fa57a527a50>,52,15,[5 5],53,120,135,67,117
1,<environment.Job instance at 0x7fa57a546320>,55,3,[5 2],56,120,123,64,119
1,<environment.Job instance at 0x7fa57a5464b0>,58,13,[8 5],59,135,148,76,122
1,<environment.Job instance at 0x7fa5be6d8aa0>,0,13,[6 3],1,1,14,0,1
1,<environment.Job instance at 0x7fa5be6d80f0>,3,14,[6 4],4,14,28,10,11
1,<environment.Job instance at 0x7fa57a9fc8c0>,11,16,[1 5],12,12,28,0,12
1,<environment.Job instance at 0x7fa57a9fc820>,13,15,[2 8],14,28,43,14,14
1,<environment.Job instance at 0x7fa57a599640>,20,25,[6 2],21,38,63,17,38
1,<environment.Job instance at 0x7fa57ac8c280>,28,3,[7 1],29,63,66,34,39
1,<environment.Job instance at 0x7fa5be32fbe0>,33,3,[1 8],34,43,46,9,40
1,<environment.Job instance at 0x7fa5be32fb40>,36,18,[1 8],37,57,75,20,57
1,<environment.Job instance at 0x7fa5be32f050>,34,17,[4 9],35,75,92,40,69
1,<environment.Job instance at 0x7fa5be32fc30>,41,3,[9 2],42,92,95,50,79
1,<environment.Job instance at 0x7fa5be32f370>,42,1,[5 5],43,95,96,52,79
1,<environment.Job instance at 0x7fa5c577d6e0>,43,15,[5 3],44,95,110,51,82
1,<environment.Job instance at 0x7fa57a64f8c0>,51,17,[7 1],52,110,127,58,102
1,<environment.Job instance at 0x7fa5be32faf0>,39,12,[10  1],40,127,139,87,112
1,<environment.Job instance at 0x7fa5be8480a0>,60,12,[2 6],61,114,126,53,114
1,<environment.Job instance at 0x7fa5be848730>,61,3,[5 2],62,139,142,77,114
1,<environment.Job instance at 0x7fa5be848190>,64,13,[8 1],65,142,155,77,132
1,<environment.Job instance at 0x7fa57aa18a50>,0,2,[4 7],1,1,3,0,1
1,<environment.Job instance at 0x7fa57aa180f0>,2,15,[1 9],3,3,18,0,3
1,<environment.Job instance at 0x7fa5c2ae5140>,10,16,[10  2],11,18,34,7,11
1,<environment.Job instance at 0x7fa5c2ae5d70>,12,3,[3 8],13,34,37,21,16
1,<environment.Job instance at 0x7fa5c3015b40>,18,13,[7 4],19,37,50,18,23
1,<environment.Job instance at 0x7fa5c30158c0>,20,17,[1 7],21,50,67,29,41
1,<environment.Job instance at 0x7fa5c2ae5af0>,7,20,[5 3],8,50,70,42,46
1,<environment.Job instance at 0x7fa57ac1cd20>,27,3,[6 1],28,70,73,42,46
1,<environment.Job instance at 0x7fa57ac1c0a0>,28,1,[1 6],29,46,47,17,46
1,<environment.Job instance at 0x7fa57ac1c230>,30,1,[9 2],31,73,74,42,57
1,<environment.Job instance at 0x7fa57ac1ceb0>,31,2,[1 9],32,70,72,38,57
1,<environment.Job instance at 0x7fa57ac3fd70>,4,14,[ 4 10],5,74,88,69,69
1,<environment.Job instance at 0x7fa5c2a27f50>,37,24,[1 8],38,88,112,50,83
1,<environment.Job instance at 0x7fa5c2a27a50>,36,12,[9 1],37,94,106,57,94
1,<environment.Job instance at 0x7fa5c2a271e0>,40,2,[1 7],41,112,114,71,95
1,<environment.Job instance at 0x7fa5c5906820>,41,15,[6 1],42,106,121,64,100
1,<environment.Job instance at 0x7fa57ac1c280>,26,12,[7 4],27,121,133,94,106
1,<environment.Job instance at 0x7fa5be2d5460>,54,14,[ 4 10],55,133,147,78,118
1,<environment.Job instance at 0x7fa5be2d55f0>,56,15,[1 6],57,147,162,90,133
1,<environment.Job instance at 0x7fa5c2e62410>,11,1,[6 4],12,12,13,0,12
1,<environment.Job instance at 0x7fa5c2e62b90>,14,12,[2 9],15,18,30,3,18
1,<environment.Job instance at 0x7fa5c2e628c0>,13,3,[7 5],14,30,33,16,25
1,<environment.Job instance at 0x7fa5c2b63f00>,18,14,[2 8],19,33,47,14,26
1,<environment.Job instance at 0x7fa5c2e62190>,19,12,[7 4],20,47,59,27,30
1,<environment.Job instance at 0x7fa5c2e62e10>,16,13,[2 7],17,59,72,42,43
1,<environment.Job instance at 0x7fa5c2e54190>,32,13,[6 3],33,59,72,26,53
1,<environment.Job instance at 0x7fa5c2b8f0a0>,23,13,[10  5],24,72,85,48,57
1,<environment.Job instance at 0x7fa5c2e3f1e0>,42,17,[3 6],43,85,102,42,73
1,<environment.Job instance at 0x7fa5c2e29dc0>,34,14,[5 2],35,85,99,50,83
1,<environment.Job instance at 0x7fa57a90b550>,51,17,[7 4],52,99,116,47,87
1,<environment.Job instance at 0x7fa5be6e6b90>,57,15,[10  5],58,116,131,58,102
1,<environment.Job instance at 0x7fa5be6cd8c0>,62,13,[6 1],63,131,144,68,119
1,<environment.Job instance at 0x7fa5be6cda00>,66,12,[7 2],67,144,156,77,131
1,<environment.Job instance at 0x7fa5be6cd0f0>,1,28,[1 5],2,2,30,0,2
1,<environment.Job instance at 0x7fa57a8fe5f0>,7,14,[9 1],8,14,28,6,14
1,<environment.Job instance at 0x7fa57a738410>,15,18,[4 5],16,28,46,12,23
1,<environment.Job instance at 0x7fa5be330e60>,31,17,[ 3 10],32,53,70,21,53
1,<environment.Job instance at 0x7fa5be330a00>,33,2,[7 2],34,70,72,36,53
1,<environment.Job instance at 0x7fa5be330d70>,37,1,[10  1],38,72,73,34,54
1,<environment.Job instance at 0x7fa5be330b90>,39,1,[3 8],40,70,71,30,54
1,<environment.Job instance at 0x7fa5c29d7910>,26,14,[8 2],27,73,87,46,63
1,<environment.Job instance at 0x7fa5be330690>,29,16,[1 8],30,83,99,53,83
1,<environment.Job instance at 0x7fa5c2d39320>,44,18,[7 5],45,99,117,54,89
1,<environment.Job instance at 0x7fa57aae4af0>,20,20,[7 1],21,117,137,96,109
1,<environment.Job instance at 0x7fa5be305370>,54,27,[3 7],55,117,144,62,116
1,<environment.Job instance at 0x7fa57a5639b0>,65,16,[ 5 10],66,144,160,78,131
1,<environment.Job instance at 0x7fa5c56c1320>,0,14,[2 7],1,1,15,0,1
1,<environment.Job instance at 0x7fa57a760870>,12,17,[4 7],13,19,36,6,19
1,<environment.Job instance at 0x7fa57a7600a0>,13,18,[2 9],14,36,54,22,27
1,<environment.Job instance at 0x7fa57ab466e0>,9,13,[3 8],10,54,67,44,39
1,<environment.Job instance at 0x7fa57a36baa0>,23,13,[2 7],24,67,80,43,57
1,<environment.Job instance at 0x7fa57a36b050>,28,1,[2 8],29,83,84,54,83
1,<environment.Job instance at 0x7fa57a36bb90>,32,1,[1 9],33,86,87,53,86
1,<environment.Job instance at 0x7fa57a36bbe0>,34,25,[7 4],35,87,112,52,86
1,<environment.Job instance at 0x7fa57a36bdc0>,36,28,[6 2],37,112,140,75,111
1,<environment.Job instance at 0x7fa57a784320>,45,14,[7 2],46,140,154,94,132
1,<environment.Job instance at 0x7fa57a784e60>,47,16,[3 9],48,154,170,106,150
1,<environment.Job instance at 0x7fa57a7844b0>,1,17,[4 6],2,2,19,0,2
1,<environment.Job instance at 0x7fa5be3f1870>,13,14,[8 4],14,19,33,5,18
1,<environment.Job instance at 0x7fa5be3f7d70>,16,1,[8 5],17,33,34,16,20
1,<environment.Job instance at 0x7fa5be3f7f50>,17,18,[3 5],18,34,52,16,24
1,<environment.Job instance at 0x7fa57aae5fa0>,19,12,[1 5],20,26,38,6,26
1,<environment.Job instance at 0x7fa5be3c2280>,22,1,[10  2],23,52,53,29,28
1,<environment.Job instance at 0x7fa5be3c2e10>,25,12,[9 4],26,53,65,27,36
1,<environment.Job instance at 0x7fa5be1edb90>,26,2,[5 2],27,38,40,11,36
1,<environment.Job instance at 0x7fa5be1eda50>,28,2,[1 6],29,53,55,24,38
1,<environment.Job instance at 0x7fa5be3e0280>,33,24,[3 7],34,65,89,31,60
1,<environment.Job instance at 0x7fa5be1f9eb0>,44,1,[10  5],45,89,90,44,77
1,<environment.Job instance at 0x7fa5be3f7be0>,15,18,[4 6],16,90,108,74,79
1,<environment.Job instance at 0x7fa5be1ece10>,23,17,[6 4],24,90,107,66,80
1,<environment.Job instance at 0x7fa57ac87e60>,51,18,[10  3],52,108,126,56,97
1,<environment.Job instance at 0x7fa57ac876e0>,57,14,[10  2],58,126,140,68,118
1,<environment.Job instance at 0x7fa57ac86fa0>,60,1,[10  3],61,141,142,80,141
1,<environment.Job instance at 0x7fa57ac87370>,58,15,[4 6],59,142,157,83,141
1,<environment.Job instance at 0x7fa57a5b5b40>,2,16,[2 9],3,3,19,0,3
1,<environment.Job instance at 0x7fa5c300e4b0>,17,12,[5 6],18,26,38,8,26
1,<environment.Job instance at 0x7fa5c300e6e0>,14,13,[5 6],15,38,51,23,31
1,<environment.Job instance at 0x7fa57a4a5190>,22,13,[8 3],23,51,64,28,51
1,<environment.Job instance at 0x7fa5c293dcd0>,24,2,[6 5],25,64,66,39,51
1,<environment.Job instance at 0x7fa5c293d500>,25,14,[6 2],26,66,80,40,51
1,<environment.Job instance at 0x7fa5c293d780>,26,18,[2 5],27,61,79,34,61
1,<environment.Job instance at 0x7fa57aa3e640>,38,13,[4 6],39,79,92,40,63
1,<environment.Job instance at 0x7fa5be46b460>,43,14,[8 5],44,92,106,48,79
1,<environment.Job instance at 0x7fa57ab520f0>,10,15,[2 9],11,106,121,95,93
1,<environment.Job instance at 0x7fa57ab8af50>,51,15,[2 9],52,121,136,69,110
1,<environment.Job instance at 0x7fa57a651280>,56,16,[4 6],57,136,152,79,124
1,<environment.Job instance at 0x7fa5c3053eb0>,61,2,[1 5],62,152,154,90,132
1,<environment.Job instance at 0x7fa5be6590a0>,64,1,[4 5],65,152,153,87,136
1,<environment.Job instance at 0x7fa57aa74230>,2,15,[4 5],3,3,18,0,3
1,<environment.Job instance at 0x7fa5be2b8c80>,14,3,[5 3],15,16,19,1,16
1,<environment.Job instance at 0x7fa5be2b8500>,15,1,[5 5],16,18,19,2,16
1,<environment.Job instance at 0x7fa57a4cbf00>,7,14,[5 1],8,19,33,11,16
1,<environment.Job instance at 0x7fa57a4cb280>,11,16,[1 8],12,19,35,7,16
1,<environment.Job instance at 0x7fa5be2b8be0>,17,18,[7 4],18,35,53,17,24
1,<environment.Job instance at 0x7fa5be2b8190>,24,19,[3 6],25,35,54,10,30
1,<environment.Job instance at 0x7fa57a3f19b0>,29,17,[8 4],30,54,71,24,47
1,<environment.Job instance at 0x7fa57a3f1550>,31,16,[3 6],32,71,87,39,58
1,<environment.Job instance at 0x7fa57a3f1320>,34,3,[5 4],35,71,74,36,58
1,<environment.Job instance at 0x7fa57a3f1280>,35,13,[5 1],36,74,87,38,58
1,<environment.Job instance at 0x7fa57a3f10f0>,42,16,[3 5],43,87,103,44,74
1,<environment.Job instance at 0x7fa57ab72d70>,48,15,[7 4],49,87,102,38,78
1,<environment.Job instance at 0x7fa57ab72550>,49,12,[3 5],50,102,114,52,87
1,<environment.Job instance at 0x7fa57ab72a00>,50,15,[2 7],51,114,129,63,100
1,<environment.Job instance at 0x7fa57a417870>,65,16,[9 5],66,129,145,63,128
1,<environment.Job instance at 0x7fa57a417d70>,67,17,[8 3],68,145,162,77,136
1,<environment.Job instance at 0x7fa57aa74dc0>,0,14,[ 1 10],1,1,15,0,1
1,<environment.Job instance at 0x7fa5be3e0870>,9,16,[3 8],10,15,31,5,10
1,<environment.Job instance at 0x7fa5c2eed4b0>,21,14,[4 7],22,31,45,9,24
1,<environment.Job instance at 0x7fa5c2eedd20>,24,17,[5 4],25,45,62,20,36
1,<environment.Job instance at 0x7fa5be25ae60>,15,14,[4 7],16,62,76,46,51
1,<environment.Job instance at 0x7fa5be4a4f50>,35,16,[7 2],36,76,92,40,63
1,<environment.Job instance at 0x7fa5be4a4780>,38,14,[ 5 10],39,92,106,53,85
1,<environment.Job instance at 0x7fa5be1ccb40>,43,15,[5 5],44,106,121,62,92
1,<environment.Job instance at 0x7fa5c2ec0190>,46,18,[5 5],47,106,124,59,105
1,<environment.Job instance at 0x7f2fae6282d0>,2,12,[5 4],3,3,15,0,3
1,<environment.Job instance at 0x7f2fa72185f0>,7,14,[5 1],8,8,22,0,8
1,<environment.Job instance at 0x7f2fa7218280>,3,18,[ 3 10],4,22,40,18,13
1,<environment.Job instance at 0x7f2fa7218460>,8,17,[ 2 10],9,40,57,31,29
1,<environment.Job instance at 0x7f2fa721b4b0>,23,18,[5 2],24,57,75,33,49
1,<environment.Job instance at 0x7f2fa7218230>,5,13,[5 9],6,75,88,69,65
1,<environment.Job instance at 0x7f2fa721c230>,35,16,[8 1],36,88,104,52,75
1,<environment.Job instance at 0x7f2fa721c550>,40,1,[1 8],41,88,89,47,75
1,<environment.Job instance at 0x7f2fa721c410>,38,12,[3 6],39,104,116,65,99
1,<environment.Job instance at 0x7f2fae6b1d70>,4,18,[10  4],5,116,134,111,110
1,<environment.Job instance at 0x7f2fa7221140>,54,14,[1 7],55,136,150,81,136
1,<environment.Job instance at 0x7f2fa7221410>,58,1,[5 7],59,150,151,91,136
1,<environment.Job instance at 0x7f2fa7221500>,59,14,[ 2 10],60,151,165,91,136
1,<environment.Job instance at 0x7f2fa72e0820>,0,12,[2 5],1,1,13,0,1
1,<environment.Job instance at 0x7f2fae78ff00>,8,14,[8 5],9,9,23,0,9
1,<environment.Job instance at 0x7f2fae794a50>,13,3,[5 4],14,23,26,9,15
1,<environment.Job instance at 0x7f2fae794280>,10,18,[5 1],11,23,41,12,15
1,<environment.Job instance at 0x7f2fae799b40>,17,3,[4 9],18,26,29,8,18
1,<environment.Job instance at 0x7f2fae799cd0>,18,2,[ 3 10],19,41,43,22,19
1,<environment.Job instance at 0x7f2fae7944b0>,20,2,[3 8],21,29,31,8,21
1,<environment.Job instance at 0x7f2fae7997d0>,24,17,[10  2],25,43,60,18,32
1,<environment.Job instance at 0x7f2fae79b280>,30,17,[2 9],31,60,77,29,48
1,<environment.Job instance at 0x7f2fae79ba50>,34,13,[5 9],35,77,90,42,62
1,<environment.Job instance at 0x7f2fae79b640>,35,17,[8 1],36,90,107,54,79
1,<environment.Job instance at 0x7f2fae797e60>,45,17,[3 5],46,107,124,61,100
1,<environment.Job instance at 0x7f2fae79edc0>,47,1,[7 2],48,107,108,59,100
1,<environment.Job instance at 0x7f2fae797280>,43,15,[5 6],44,124,139,80,115
1,<environment.Job instance at 0x7f2fae79ec80>,51,13,[3 6],52,139,152,87,130
1,<environment.Job instance at 0x7f2fae79e190>,52,16,[8 5],53,152,168,99,139
1,<environment.Job instance at 0x7f2fa7226cd0>,4,22,[1 9],5,5,27,0,5
1,<environment.Job instance at 0x7f2fa72269b0>,5,12,[2 5],6,27,39,21,10
1,<environment.Job instance at 0x7f2f634f7a00>,7,13,[ 1 10],8,39,52,31,27
1,<environment.Job instance at 0x7f2f6355a9b0>,19,3,[9 2],20,52,55,32,40
1,<environment.Job instance at 0x7f2f6355aa00>,25,18,[ 3 10],26,55,73,29,46
1,<environment.Job instance at 0x7f2f6355a460>,30,12,[1 5],31,73,85,42,57
1,<environment.Job instance at 0x7f2f635abb90>,32,17,[9 1],33,73,90,40,61
1,<environment.Job instance at 0x7f2f634ed910>,11,18,[3 8],12,90,108,78,79
1,<environment.Job instance at 0x7f2f635ab6e0>,42,17,[4 6],43,108,125,65,96
1,<environment.Job instance at 0x7f2f635ab9b0>,39,17,[2 6],40,125,142,85,113
1,<environment.Job instance at 0x7f2f635be050>,49,17,[5 1],50,115,132,65,115
1,<environment.Job instance at 0x7f2f635bedc0>,51,18,[5 7],52,142,160,90,131
1,<environment.Job instance at 0x7f2f635beaf0>,58,13,[8 2],59,160,173,101,144
1,<environment.Job instance at 0x7f2fa75fb5a0>,1,12,[5 9],2,2,14,0,2
1,<environment.Job instance at 0x7f2f635f20f0>,3,18,[6 1],4,14,32,10,4
1,<environment.Job instance at 0x7f2f639b7190>,14,2,[10  3],15,32,34,17,17
1,<environment.Job instance at 0x7f2f639ea320>,18,14,[6 4],19,34,48,15,20
1,<environment.Job instance at 0x7f2f639b7a00>,10,3,[1 6],11,24,27,13,24
1,<environment.Job instance at 0x7f2f63961af0>,26,2,[ 3 10],27,48,50,21,37
1,<environment.Job instance at 0x7f2f639eae10>,24,14,[7 5],25,50,64,25,41
1,<environment.Job instance at 0x7f2f639614b0>,36,17,[ 1 10],37,70,87,33,70
1,<environment.Job instance at 0x7f2f639617d0>,29,14,[9 5],30,87,101,57,74
1,<environment.Job instance at 0x7f2f63b3b7d0>,40,12,[7 2],41,101,113,60,87
1,<environment.Job instance at 0x7f2f63620be0>,47,17,[3 8],48,101,118,53,96
1,<environment.Job instance at 0x7f2f639eaa50>,23,18,[ 1 10],24,118,136,94,110
1,<environment.Job instance at 0x7f2f6392f690>,56,1,[4 7],57,136,137,79,112
1,<environment.Job instance at 0x7f2f63b55b40>,57,1,[7 4],58,137,138,79,113
1,<environment.Job instance at 0x7f2f63b55fa0>,61,3,[5 9],62,138,141,76,123
1,<environment.Job instance at 0x7f2f63b55d20>,63,3,[5 5],64,141,144,77,124
1,<environment.Job instance at 0x7f2f63b55410>,64,2,[9 2],65,144,146,79,124
1,<environment.Job instance at 0x7f2f63b55be0>,65,13,[3 9],66,146,159,80,130
1,<environment.Job instance at 0x7f2f636206e0>,0,20,[4 6],1,1,21,0,1
1,<environment.Job instance at 0x7f2fa72dfdc0>,12,17,[ 2 10],13,21,38,8,20
1,<environment.Job instance at 0x7f2f63421be0>,19,13,[7 4],20,38,51,18,23
1,<environment.Job instance at 0x7f2fa7387460>,13,15,[5 5],14,51,66,37,38
1,<environment.Job instance at 0x7f2f63423280>,25,2,[4 7],26,66,68,40,39
1,<environment.Job instance at 0x7f2f634230a0>,27,1,[2 6],28,41,42,13,41
1,<environment.Job instance at 0x7f2f63423320>,28,3,[8 3],29,68,71,39,42
1,<environment.Job instance at 0x7f2f634236e0>,32,15,[4 8],33,71,86,38,60
1,<environment.Job instance at 0x7f2f63423b90>,37,14,[ 4 10],38,86,100,48,71
1,<environment.Job instance at 0x7f2f63423f50>,41,12,[5 5],42,100,112,58,83
1,<environment.Job instance at 0x7f2f634271e0>,45,2,[4 5],46,100,102,54,87
1,<environment.Job instance at 0x7f2f63427500>,47,2,[7 4],48,112,114,64,93
1,<environment.Job instance at 0x7f2f634275f0>,49,16,[7 2],50,114,130,64,101
1,<environment.Job instance at 0x7f2f63421a50>,16,13,[4 7],17,130,143,113,114
1,<environment.Job instance at 0x7f2f63427fa0>,61,2,[7 1],62,143,145,81,132
1,<environment.Job instance at 0x7f2fa7226af0>,1,18,[10  5],2,2,20,0,2
1,<environment.Job instance at 0x7f2fa9e09af0>,11,21,[4 9],12,20,41,8,12
1,<environment.Job instance at 0x7f2fa7375e60>,25,16,[10  5],26,41,57,15,28
1,<environment.Job instance at 0x7f2fa97fdd70>,29,18,[2 7],30,57,75,27,46
1,<environment.Job instance at 0x7f2fa99d0f50>,33,16,[9 4],34,75,91,41,62
1,<environment.Job instance at 0x7f2fa76c4050>,42,15,[ 2 10],43,91,106,48,80
1,<environment.Job instance at 0x7f2fa706c5f0>,48,20,[ 1 10],49,106,126,57,98
1,<environment.Job instance at 0x7f2fa76c4f00>,41,12,[3 7],42,126,138,84,113
1,<environment.Job instance at 0x7f2fa98fd2d0>,59,17,[ 1 10],60,138,155,78,127
1,<environment.Job instance at 0x7f2fa72265a0>,0,12,[7 4],1,1,13,0,1
1,<environment.Job instance at 0x7f2fa75faeb0>,4,16,[7 4],5,13,29,8,5
1,<environment.Job instance at 0x7f2fa719c320>,17,1,[10  4],18,29,30,11,18
1,<environment.Job instance at 0x7f2fa75d8fa0>,18,2,[3 6],19,19,21,0,19
1,<environment.Job instance at 0x7f2f6381a780>,12,14,[4 6],13,30,44,17,20
1,<environment.Job instance at 0x7f2fa7189140>,22,12,[ 1 10],23,44,56,21,27
1,<environment.Job instance at 0x7f2fa737cb90>,27,15,[6 2],28,56,71,28,43
1,<environment.Job instance at 0x7f2fa9ecec30>,32,20,[ 5 10],33,71,91,38,71
1,<environment.Job instance at 0x7f2f63480280>,35,24,[8 3],36,91,115,55,87
1,<environment.Job instance at 0x7f2f634aa140>,44,13,[2 7],45,98,111,53,98
1,<environment.Job instance at 0x7f2f634aa8c0>,45,17,[10  3],46,115,132,69,105
1,<environment.Job instance at 0x7f2f634aabe0>,43,1,[2 6],44,132,133,88,121
1,<environment.Job instance at 0x7f2fa734a0f0>,13,17,[9 1],14,133,150,119,122
1,<environment.Job instance at 0x7f2f63ab85f0>,60,20,[9 3],61,150,170,89,143
1,<environment.Job instance at 0x7f2fa74741e0>,2,18,[3 7],3,3,21,0,3
1,<environment.Job instance at 0x7f2fa73250a0>,10,25,[5 3],11,11,36,0,11
1,<environment.Job instance at 0x7f2f6370ff50>,13,13,[5 6],14,21,34,7,14
1,<environment.Job instance at 0x7f2fa9e09550>,12,2,[3 7],13,34,36,21,14
1,<environment.Job instance at 0x7f2f63715960>,28,17,[6 5],29,43,60,14,43
1,<environment.Job instance at 0x7f2f63715140>,16,13,[8 1],17,60,73,43,49
1,<environment.Job instance at 0x7f2f6371e4b0>,40,15,[1 8],41,60,75,19,55
1,<environment.Job instance at 0x7f2f6371e280>,41,16,[5 5],42,75,91,33,65
1,<environment.Job instance at 0x7f2f6371e9b0>,48,1,[1 9],49,97,98,48,97
1,<environment.Job instance at 0x7f2f6371ec30>,50,2,[5 2],51,99,101,48,99
1,<environment.Job instance at 0x7f2f636e51e0>,52,1,[2 9],53,101,102,48,99
1,<environment.Job instance at 0x7f2f63715e10>,32,17,[6 4],33,103,120,70,103
1,<environment.Job instance at 0x7f2f636e5960>,64,1,[6 1],65,128,129,63,128
1,<environment.Job instance at 0x7f2f636e5eb0>,66,16,[5 6],67,132,148,65,132
1,<environment.Job instance at 0x7f2f636e5dc0>,67,3,[9 4],68,148,151,80,132
1,<environment.Job instance at 0x7f2f636e5d20>,1,1,[ 3 10],2,2,3,0,2
1,<environment.Job instance at 0x7f2fa986f870>,2,16,[6 1],3,3,19,0,3
1,<environment.Job instance at 0x7f2fa7325640>,7,24,[4 8],8,12,36,4,12
1,<environment.Job instance at 0x7f2fa994ee10>,11,12,[3 5],12,36,48,24,21
1,<environment.Job instance at 0x7f2f63a39aa0>,22,23,[6 2],23,24,47,1,24
1,<environment.Job instance at 0x7f2fa9953870>,28,13,[4 8],29,48,61,19,33
1,<environment.Job instance at 0x7f2fa76c65f0>,34,14,[ 5 10],35,61,75,26,48
1,<environment.Job instance at 0x7f2fae64fc80>,38,15,[1 6],39,75,90,36,61
1,<environment.Job instance at 0x7f2fa7405550>,46,17,[4 6],47,90,107,43,79
1,<environment.Job instance at 0x7f2f63a281e0>,50,15,[4 7],51,107,122,56,93
1,<environment.Job instance at 0x7f2f63af8a50>,55,24,[5 2],56,104,128,48,104
1,<environment.Job instance at 0x7f2f63af87d0>,58,1,[5 6],59,122,123,63,105
1,<environment.Job instance at 0x7f2fa7405f00>,45,14,[3 8],46,123,137,77,115
1,<environment.Job instance at 0x7f2fa9d6ca50>,65,14,[4 8],66,137,151,71,123
1,<environment.Job instance at 0x7f2fa9a9ac30>,0,15,[3 7],1,1,16,0,1
1,<environment.Job instance at 0x7f2fa753ad20>,7,13,[7 1],8,11,24,3,11
1,<environment.Job instance at 0x7f2fa9d79690>,14,2,[10  2],15,24,26,9,17
1,<environment.Job instance at 0x7f2f63bd3370>,12,15,[6 2],13,26,41,13,17
1,<environment.Job instance at 0x7f2fa9c0de10>,20,14,[8 2],21,41,55,20,27
1,<environment.Job instance at 0x7f2f634218c0>,27,15,[6 1],28,55,70,27,48
1,<environment.Job instance at 0x7f2fa9d6c280>,4,13,[10  1],5,70,83,65,58
1,<environment.Job instance at 0x7f2f63681190>,38,1,[5 3],39,83,84,44,78
1,<environment.Job instance at 0x7f2f63681550>,39,3,[ 4 10],40,84,87,44,81
1,<environment.Job instance at 0x7f2f634a0230>,40,13,[5 8],41,87,100,46,81
1,<environment.Job instance at 0x7f2fa753a370>,6,15,[4 6],7,100,115,93,89
1,<environment.Job instance at 0x7f2f634a09b0>,41,16,[5 2],42,93,109,51,93
1,<environment.Job instance at 0x7f2fa7430aa0>,44,12,[7 5],45,115,127,70,103
1,<environment.Job instance at 0x7f2fa74307d0>,48,26,[2 5],49,118,144,69,118
1,<environment.Job instance at 0x7f2fa7343780>,32,14,[5 2],33,134,148,101,134
1,<environment.Job instance at 0x7f2f63979780>,1,3,[2 9],2,2,5,0,2
1,<environment.Job instance at 0x7f2fa70aff50>,2,18,[2 5],3,5,23,2,3
1,<environment.Job instance at 0x7f2fa71907d0>,9,17,[5 4],10,11,28,1,11
1,<environment.Job instance at 0x7f2f636f3d70>,10,16,[1 6],11,23,39,12,16
1,<environment.Job instance at 0x7f2f6359a190>,20,14,[1 7],21,39,53,18,25
1,<environment.Job instance at 0x7f2f6359a4b0>,27,17,[ 5 10],28,53,70,25,41
1,<environment.Job instance at 0x7f2f6359acd0>,33,25,[ 1 10],34,70,95,36,67
1,<environment.Job instance at 0x7f2f6358e2d0>,42,14,[5 5],43,95,109,52,81
1,<environment.Job instance at 0x7f2f6358e640>,48,18,[7 1],49,109,127,60,102
1,<environment.Job instance at 0x7f2f6359ae10>,37,19,[ 2 10],38,127,146,89,121
1,<environment.Job instance at 0x7f2f63599320>,63,14,[6 1],64,146,160,82,134
1,<environment.Job instance at 0x7f2fae3dd910>,0,2,[9 2],1,1,3,0,1
1,<environment.Job instance at 0x7f2fa9ed1730>,5,1,[8 4],6,6,7,0,6
1,<environment.Job instance at 0x7f2fa9ed1320>,6,12,[1 9],7,7,19,0,7
1,<environment.Job instance at 0x7f2fa72b30f0>,4,12,[ 1 10],5,19,31,14,7
1,<environment.Job instance at 0x7f2fa9ed1b90>,9,16,[8 4],10,31,47,21,19
1,<environment.Job instance at 0x7f2fa9ed1280>,8,18,[5 9],9,47,65,38,37
1,<environment.Job instance at 0x7f2fa98c9050>,32,12,[9 4],33,65,77,32,51
1,<environment.Job instance at 0x7f2fa9c62500>,38,13,[7 2],39,77,90,38,63
1,<environment.Job instance at 0x7f2f63afeaf0>,46,12,[9 2],47,90,102,43,73
1,<environment.Job instance at 0x7f2f63afee60>,47,18,[3 7],48,102,120,54,91
1,<environment.Job instance at 0x7f2fa9960c80>,61,17,[8 4],62,120,137,58,115
1,<environment.Job instance at 0x7f2fa9960c30>,62,15,[1 9],63,137,152,74,123
1,<environment.Job instance at 0x7f2fa99092d0>,0,3,[3 7],1,1,4,0,1
1,<environment.Job instance at 0x7f2fa7190d20>,4,3,[5 3],5,5,8,0,5
1,<environment.Job instance at 0x7f2f633dd1e0>,5,1,[4 8],6,8,9,2,6
1,<environment.Job instance at 0x7f2f633dd410>,14,24,[7 3],15,17,41,2,17
1,<environment.Job instance at 0x7f2f633ddbe0>,11,15,[9 3],12,41,56,29,27
1,<environment.Job instance at 0x7f2f63566140>,23,17,[8 3],24,56,73,32,45
1,<environment.Job instance at 0x7f2f633dd960>,12,17,[4 9],13,73,90,60,62
1,<environment.Job instance at 0x7f2f633dd870>,17,22,[1 9],18,90,112,72,85
1,<environment.Job instance at 0x7f2fa6f8aaf0>,43,16,[8 1],44,92,108,48,92
1,<environment.Job instance at 0x7f2f633ddf50>,8,12,[ 4 10],9,112,124,103,97
1,<environment.Job instance at 0x7f2f6386cbe0>,57,17,[5 6],58,124,141,66,112
1,<environment.Job instance at 0x7f2f6386caf0>,60,2,[3 9],61,141,143,80,125
1,<environment.Job instance at 0x7f2f6386cfa0>,61,1,[6 4],62,143,144,81,125
1,<environment.Job instance at 0x7f2f6386c640>,62,15,[8 3],63,144,159,81,130
1,<environment.Job instance at 0x7f2fa99098c0>,0,14,[7 5],1,1,15,0,1
1,<environment.Job instance at 0x7f2fa76250a0>,22,16,[5 5],23,33,49,10,33
1,<environment.Job instance at 0x7f2fa7625a00>,21,19,[3 9],22,51,70,29,51
1,<environment.Job instance at 0x7f2fa760f140>,32,25,[2 8],33,70,95,37,66
1,<environment.Job instance at 0x7f2fa76300f0>,27,12,[5 6],28,95,107,67,82
1,<environment.Job instance at 0x7f2fa75a81e0>,43,16,[10  1],44,107,123,63,107
1,<environment.Job instance at 0x7f2f63963e10>,39,13,[5 2],40,123,136,83,109
1,<environment.Job instance at 0x7f2fa7614b40>,44,17,[4 8],45,123,140,78,119
1,<environment.Job instance at 0x7f2fa720e230>,46,15,[3 5],47,140,155,93,130
1,<environment.Job instance at 0x7f2fa99532d0>,55,18,[4 5],56,140,158,84,138
1,<environment.Job instance at 0x7f2fa75b9be0>,0,13,[2 8],1,1,14,0,1
1,<environment.Job instance at 0x7f2f6324d960>,6,17,[10  5],7,14,31,7,7
1,<environment.Job instance at 0x7f2f63535be0>,17,17,[5 5],18,31,48,13,27
1,<environment.Job instance at 0x7f2fae32a8c0>,10,14,[5 1],11,31,45,20,28
1,<environment.Job instance at 0x7f2fa714a6e0>,18,24,[7 4],19,69,93,50,69
1,<environment.Job instance at 0x7f2f639a3d20>,19,18,[1 5],20,75,93,55,75
1,<environment.Job instance at 0x7f2f63a29b90>,39,13,[3 8],40,93,106,53,78
1,<environment.Job instance at 0x7f2fa97f6d20>,34,3,[10  1],35,106,109,71,85
1,<environment.Job instance at 0x7f2f63a29c80>,43,18,[2 9],44,109,127,65,98
1,<environment.Job instance at 0x7f2fa7017280>,52,14,[5 6],53,127,141,74,115
1,<environment.Job instance at 0x7f2fa98a6280>,12,17,[4 9],13,143,160,130,143
1,<environment.Job instance at 0x7f2fa98d4b90>,10,16,[9 3],11,11,27,0,11
1,<environment.Job instance at 0x7f2fa98d4230>,11,3,[7 1],12,27,30,15,12
1,<environment.Job instance at 0x7f2fa98d4460>,14,13,[7 4],15,30,43,15,15
1,<environment.Job instance at 0x7f2fa98d47d0>,13,3,[5 5],14,43,46,29,19
1,<environment.Job instance at 0x7f2fa98d4aa0>,9,18,[1 9],10,46,64,36,36
1,<environment.Job instance at 0x7f2fa98d48c0>,17,16,[5 9],18,64,80,46,52
1,<environment.Job instance at 0x7f2fa99d7aa0>,36,1,[8 5],37,80,81,43,58
1,<environment.Job instance at 0x7f2fa99d7dc0>,37,18,[3 5],38,81,99,43,70
1,<environment.Job instance at 0x7f2fa99d7730>,39,12,[1 5],40,80,92,40,75
1,<environment.Job instance at 0x7f2fa9c509b0>,19,20,[5 3],20,92,112,72,84
1,<environment.Job instance at 0x7f2fa983b0f0>,51,13,[ 5 10],52,112,125,60,98
1,<environment.Job instance at 0x7f2fa983b640>,54,16,[10  1],55,125,141,70,115
1,<environment.Job instance at 0x7f2f63b94d20>,2,3,[3 5],3,3,6,0,3
1,<environment.Job instance at 0x7f2fa73bdb40>,5,13,[7 1],6,6,19,0,6
1,<environment.Job instance at 0x7f2f6393b7d0>,9,13,[6 2],10,19,32,9,12
1,<environment.Job instance at 0x7f2f6378b870>,20,15,[2 9],21,32,47,11,21
1,<environment.Job instance at 0x7f2f63768d70>,21,1,[2 5],22,22,23,0,22
1,<environment.Job instance at 0x7f2f63784c80>,23,1,[6 3],24,47,48,23,24
1,<environment.Job instance at 0x7f2f6378b910>,16,1,[7 2],17,48,49,31,26
1,<environment.Job instance at 0x7f2f63784fa0>,27,12,[5 6],28,49,61,21,32
1,<environment.Job instance at 0x7f2f63784f00>,33,15,[4 9],34,61,76,27,48
1,<environment.Job instance at 0x7f2fa9c9d640>,13,16,[1 8],14,76,92,62,66
1,<environment.Job instance at 0x7f2fa999a780>,48,13,[4 6],49,92,105,43,77
1,<environment.Job instance at 0x7f2f6378bb90>,15,15,[4 8],16,105,120,89,92
1,<environment.Job instance at 0x7f2fa6fd4870>,63,27,[2 5],64,126,153,62,126
1,<environment.Job instance at 0x7f2fa6fd4320>,64,1,[3 5],65,127,128,62,127
1,<environment.Job instance at 0x7f2fa76a2320>,3,26,[9 5],4,9,35,5,9
1,<environment.Job instance at 0x7f2fa9ac02d0>,12,16,[ 5 10],13,35,51,22,29
1,<environment.Job instance at 0x7f2fa9b33c80>,23,1,[9 4],24,51,52,27,34
1,<environment.Job instance at 0x7f2f639a3e60>,25,17,[5 3],26,52,69,26,40
1,<environment.Job instance at 0x7f2fa6f8a2d0>,30,15,[4 8],31,69,84,38,55
1,<environment.Job instance at 0x7f2fa7034500>,34,3,[5 4],35,61,64,26,61
1,<environment.Job instance at 0x7f2fa70344b0>,36,16,[6 2],37,69,85,32,67
1,<environment.Job instance at 0x7f2fa70342d0>,39,12,[3 8],40,84,96,44,68
1,<environment.Job instance at 0x7f2fa70af0f0>,46,14,[6 5],47,96,110,49,85
1,<environment.Job instance at 0x7f2fa70af5a0>,48,15,[7 4],49,110,125,61,96
1,<environment.Job instance at 0x7f2fa9ac05f0>,11,16,[1 8],12,125,141,113,118
1,<environment.Job instance at 0x7f2fa747e5f0>,67,17,[8 3],68,141,158,73,135
1,<environment.Job instance at 0x7f2fa7034320>,1,18,[4 9],2,2,20,0,2
1,<environment.Job instance at 0x7f2f633019b0>,5,14,[4 7],6,20,34,14,6
1,<environment.Job instance at 0x7f2fa9cbe370>,17,14,[10  5],18,34,48,16,25
1,<environment.Job instance at 0x7f2fa9cbe550>,27,12,[4 6],28,50,62,22,50
1,<environment.Job instance at 0x7f2f633683c0>,28,14,[ 5 10],29,62,76,33,54
1,<environment.Job instance at 0x7f2f633685f0>,34,13,[ 2 10],35,76,89,41,66
1,<environment.Job instance at 0x7f2f63368730>,37,18,[9 5],38,89,107,51,78
1,<environment.Job instance at 0x7f2f63b6cc80>,40,14,[7 3],41,107,121,66,92
1,<environment.Job instance at 0x7f2f63b6c960>,44,18,[9 3],45,121,139,76,110
1,<environment.Job instance at 0x7f2f63368a50>,33,15,[5 5],34,139,154,105,138
1,<environment.Job instance at 0x7f2f63b6c730>,2,14,[ 1 10],3,3,17,0,3
1,<environment.Job instance at 0x7f2f63316dc0>,3,15,[3 5],4,17,32,13,4
1,<environment.Job instance at 0x7f2f6322b2d0>,12,16,[4 9],13,32,48,19,20
1,<environment.Job instance at 0x7f2f6323d1e0>,20,14,[6 2],21,48,62,27,36
1,<environment.Job instance at 0x7f2f6323d0f0>,24,18,[1 6],25,48,66,23,47
1,<environment.Job instance at 0x7f2f6324fc30>,28,16,[6 3],29,62,78,33,55
1,<environment.Job instance at 0x7f2f6324fd70>,31,18,[3 7],32,66,84,34,62
1,<environment.Job instance at 0x7f2f6384a6e0>,37,15,[5 2],38,84,99,46,84
1,<environment.Job instance at 0x7f2f6324f910>,33,14,[5 1],34,84,98,50,84
1,<environment.Job instance at 0x7f2f6384a5f0>,38,15,[3 7],39,98,113,59,85
1,<environment.Job instance at 0x7f2f6324f690>,29,18,[4 9],30,113,131,83,102
1,<environment.Job instance at 0x7f2f6324ae60>,48,12,[5 3],49,131,143,82,120
1,<environment.Job instance at 0x7f2f6324a140>,55,14,[ 3 10],56,143,157,87,128
1,<environment.Job instance at 0x7f2f6324a460>,50,15,[7 1],51,157,172,106,144
1,<environment.Job instance at 0x7f33f66ff0a0>,2,12,[5 4],3,3,15,0,3
1,<environment.Job instance at 0x7f33ef2f0730>,9,17,[ 4 10],10,15,32,5,10
1,<environment.Job instance at 0x7f33ef2f0af0>,13,13,[1 8],14,32,45,18,16
1,<environment.Job instance at 0x7f33ef2f05f0>,7,14,[5 1],8,32,46,24,17
1,<environment.Job instance at 0x7f33ef2f13c0>,20,1,[3 7],21,45,46,24,21
1,<environment.Job instance at 0x7f33ef2f1370>,21,3,[ 2 10],22,46,49,24,22
1,<environment.Job instance at 0x7f33f67434b0>,4,18,[10  4],5,49,67,44,42
1,<environment.Job instance at 0x7f33ef2f1af0>,27,2,[6 4],28,67,69,39,53
1,<environment.Job instance at 0x7f33ef2f1d70>,31,17,[4 9],32,69,86,37,57
1,<environment.Job instance at 0x7f33ef2f45f0>,41,14,[6 1],42,76,90,34,76
1,<environment.Job instance at 0x7f33ef2f4640>,42,14,[8 4],43,90,104,47,76
1,<environment.Job instance at 0x7f33ef2f4dc0>,50,27,[9 1],51,124,151,73,124
1,<environment.Job instance at 0x7f33ef2f0fa0>,18,16,[8 5],19,151,167,132,138
1,<environment.Job instance at 0x7f33ef2f63c0>,57,3,[8 4],58,167,170,109,141
1,<environment.Job instance at 0x7f33ef2f65a0>,58,1,[5 7],59,170,171,111,142
1,<environment.Job instance at 0x7f33ef2f65a0>,2,14,[8 4],3,5,19,2,5
1,<environment.Job instance at 0x7f33f687a780>,10,2,[3 8],11,19,21,8,11
1,<environment.Job instance at 0x7f33f687a9b0>,14,17,[10  2],15,21,38,6,15
1,<environment.Job instance at 0x7f33f687af00>,4,17,[10  5],5,38,55,33,29
1,<environment.Job instance at 0x7f33f6876640>,26,16,[7 2],27,55,71,28,52
1,<environment.Job instance at 0x7f33f6727370>,34,28,[9 1],35,71,99,36,70
1,<environment.Job instance at 0x7f33f6870f00>,39,12,[5 4],40,99,111,59,86
1,<environment.Job instance at 0x7f33f6727320>,33,15,[5 6],34,99,114,65,94
1,<environment.Job instance at 0x7f33f686c7d0>,48,18,[3 8],49,114,132,65,104
1,<environment.Job instance at 0x7f33f686cf00>,49,16,[9 4],50,132,148,82,119
1,<environment.Job instance at 0x7f33f6870e10>,44,14,[8 5],45,148,162,103,134
1,<environment.Job instance at 0x7f33ef300cd0>,0,18,[4 8],1,1,19,0,1
1,<environment.Job instance at 0x7f33f686ca50>,6,21,[6 1],7,8,29,1,8
1,<environment.Job instance at 0x7f33ab5e89b0>,16,22,[2 8],17,19,41,2,19
1,<environment.Job instance at 0x7f33ab5e8d70>,20,16,[1 9],21,41,57,20,29
1,<environment.Job instance at 0x7f33ab5d9410>,26,13,[8 3],27,57,70,30,52
1,<environment.Job instance at 0x7f33ab5d9780>,31,18,[5 7],32,70,88,38,59
1,<environment.Job instance at 0x7f33ab5ced70>,36,13,[1 6],37,88,101,51,72
1,<environment.Job instance at 0x7f33ab5bccd0>,43,1,[5 2],44,74,75,30,74
1,<environment.Job instance at 0x7f33ab5bc410>,45,16,[10  5],46,101,117,55,90
1,<environment.Job instance at 0x7f33ab5bc4b0>,50,17,[9 4],51,117,134,66,107
1,<environment.Job instance at 0x7f33ab682dc0>,57,16,[2 6],58,134,150,76,126
1,<environment.Job instance at 0x7f33ab682730>,62,2,[3 5],63,150,152,87,134
1,<environment.Job instance at 0x7f33ab63d910>,5,17,[ 5 10],6,9,26,3,9
1,<environment.Job instance at 0x7f33aba8e0a0>,10,12,[7 2],11,26,38,15,12
1,<environment.Job instance at 0x7f33ab6c9870>,13,2,[6 5],14,38,40,24,14
1,<environment.Job instance at 0x7f33ab6c9640>,14,1,[7 3],15,40,41,25,15
1,<environment.Job instance at 0x7f33ab6c9fa0>,19,3,[4 9],20,41,44,21,38
1,<environment.Job instance at 0x7f33aba8ecd0>,8,16,[9 2],9,44,60,35,38
1,<environment.Job instance at 0x7f33ab6c95f0>,22,17,[2 5],23,60,77,37,48
1,<environment.Job instance at 0x7f33ab6c9190>,11,13,[1 9],12,77,90,65,67
1,<environment.Job instance at 0x7f33ab941140>,36,18,[9 4],37,90,108,53,84
1,<environment.Job instance at 0x7f33ab941f00>,42,15,[10  1],43,108,123,65,97
1,<environment.Job instance at 0x7f33ab6c94b0>,21,15,[1 9],22,123,138,101,111
1,<environment.Job instance at 0x7f33ab6d6d20>,53,14,[4 8],54,138,152,84,124
1,<environment.Job instance at 0x7f33ab6d6730>,54,16,[9 2],55,152,168,97,139
1,<environment.Job instance at 0x7f33ab6d6280>,57,1,[3 6],58,168,169,110,140
1,<environment.Job instance at 0x7f33ab6d65f0>,59,13,[1 8],60,152,165,92,140
1,<environment.Job instance at 0x7f33ab941be0>,1,12,[5 5],2,2,14,0,2
1,<environment.Job instance at 0x7f33aba8e4b0>,2,16,[3 8],3,14,30,11,3
1,<environment.Job instance at 0x7f33ef415be0>,14,2,[1 6],15,30,32,15,15
1,<environment.Job instance at 0x7f33ef347140>,12,3,[4 8],13,32,35,19,18
1,<environment.Job instance at 0x7f33ab9f3d20>,15,14,[4 6],16,35,49,19,20
1,<environment.Job instance at 0x7f33ab4f9af0>,30,13,[5 3],31,45,58,14,45
1,<environment.Job instance at 0x7f33f5c8f820>,11,16,[5 7],12,50,66,38,50
1,<environment.Job instance at 0x7f33ab4f9c80>,33,12,[7 4],34,66,78,32,57
1,<environment.Job instance at 0x7f33ab4f9fa0>,38,12,[ 4 10],39,78,90,39,70
1,<environment.Job instance at 0x7f33ab4fa280>,42,16,[ 3 10],43,90,106,47,78
1,<environment.Job instance at 0x7f33ab4fa5a0>,45,17,[ 3 10],46,106,123,60,94
1,<environment.Job instance at 0x7f33ab4faa00>,52,13,[9 4],53,123,136,70,108
1,<environment.Job instance at 0x7f33ab4faf00>,58,16,[8 3],59,136,152,77,123
1,<environment.Job instance at 0x7f33ab4fe410>,1,18,[3 8],2,2,20,0,2
1,<environment.Job instance at 0x7f33abc96f50>,6,16,[1 6],7,20,36,13,8
1,<environment.Job instance at 0x7f33f5f6c050>,11,28,[5 1],12,12,40,0,12
1,<environment.Job instance at 0x7f33f5f876e0>,19,2,[5 1],20,36,38,16,22
1,<environment.Job instance at 0x7f33f5f87aa0>,17,13,[9 1],18,40,53,22,31
1,<environment.Job instance at 0x7f33f5f873c0>,27,17,[10  4],28,53,70,25,41
1,<environment.Job instance at 0x7f33f5f68b90>,32,13,[2 9],33,70,83,37,54
1,<environment.Job instance at 0x7f33f5f87410>,26,12,[9 5],27,83,95,56,70
1,<environment.Job instance at 0x7f33f5f68870>,31,14,[9 4],32,95,109,63,80
1,<environment.Job instance at 0x7f33f5f68aa0>,39,18,[ 2 10],40,109,127,69,98
1,<environment.Job instance at 0x7f33f5c0b140>,46,1,[2 6],47,127,128,80,99
1,<environment.Job instance at 0x7f33f5c0b690>,48,18,[5 8],49,128,146,79,117
1,<environment.Job instance at 0x7f33f5f68fa0>,36,27,[5 2],37,132,159,95,132
1,<environment.Job instance at 0x7f33f5f8b870>,59,1,[4 5],60,146,147,86,134
1,<environment.Job instance at 0x7f33f5f8b190>,60,13,[5 6],61,147,160,86,135
1,<environment.Job instance at 0x7f33f5fd9b90>,0,20,[9 3],1,2,22,1,2
1,<environment.Job instance at 0x7f33f62c94b0>,5,17,[5 3],6,22,39,16,11
1,<environment.Job instance at 0x7f33f60e6e60>,13,18,[4 6],14,22,40,8,20
1,<environment.Job instance at 0x7f33ef4fa230>,23,14,[ 2 10],24,40,54,16,30
1,<environment.Job instance at 0x7f33ef52c8c0>,29,15,[3 9],30,54,69,24,40
1,<environment.Job instance at 0x7f33ab60ea00>,35,19,[1 5],36,69,88,33,60
1,<environment.Job instance at 0x7f33ab59eaf0>,40,18,[9 2],41,69,87,28,67
1,<environment.Job instance at 0x7f33ef79c820>,22,18,[7 4],23,87,105,64,80
1,<environment.Job instance at 0x7f33ab59e500>,48,3,[3 8],49,105,108,56,97
1,<environment.Job instance at 0x7f33ab59e820>,49,16,[10  5],50,108,124,58,97
1,<environment.Job instance at 0x7f33ab59e410>,50,12,[4 8],51,124,136,73,108
1,<environment.Job instance at 0x7f33ef6d9c80>,53,24,[10  2],54,136,160,82,134
1,<environment.Job instance at 0x7f33f5ec9a50>,1,16,[4 6],2,2,18,0,2
1,<environment.Job instance at 0x7f33f60cd820>,9,3,[6 2],10,10,13,0,10
1,<environment.Job instance at 0x7f33ab8cbf00>,7,15,[10  4],8,18,33,10,10
1,<environment.Job instance at 0x7f33ef066320>,13,3,[10  4],14,33,36,19,19
1,<environment.Job instance at 0x7f33aba1dbe0>,19,18,[10  2],20,36,54,16,25
1,<environment.Job instance at 0x7f33aba1deb0>,24,13,[5 8],25,54,67,29,38
1,<environment.Job instance at 0x7f33aba1d960>,16,27,[2 9],17,71,98,54,71
1,<environment.Job instance at 0x7f33aba05690>,35,14,[1 7],36,98,112,62,87
1,<environment.Job instance at 0x7f33aba05af0>,40,1,[5 2],41,98,99,57,91
1,<environment.Job instance at 0x7f33aba05050>,28,16,[9 1],29,99,115,70,97
1,<environment.Job instance at 0x7f33aba05a50>,39,14,[2 8],40,115,129,75,107
1,<environment.Job instance at 0x7f33aba05c80>,48,12,[ 1 10],49,129,141,80,116
1,<environment.Job instance at 0x7f33aba1d870>,17,15,[2 6],18,141,156,123,128
1,<environment.Job instance at 0x7f33aba186e0>,60,12,[4 6],61,156,168,95,141
1,<environment.Job instance at 0x7f33ef6d9500>,2,16,[2 8],3,3,19,0,3
1,<environment.Job instance at 0x7f33aba18b40>,6,15,[5 9],7,19,34,12,7
1,<environment.Job instance at 0x7f33aba38f50>,10,15,[8 4],11,34,49,23,23
1,<environment.Job instance at 0x7f33abb68c30>,25,15,[10  1],26,49,64,23,40
1,<environment.Job instance at 0x7f33ab5963c0>,18,12,[5 4],19,64,76,45,54
1,<environment.Job instance at 0x7f33aba79500>,31,12,[5 3],32,64,76,32,62
1,<environment.Job instance at 0x7f33ef7fed70>,36,2,[ 1 10],37,76,78,39,68
1,<environment.Job instance at 0x7f33ef1e52d0>,40,18,[3 5],41,78,96,37,68
1,<environment.Job instance at 0x7f33abad90a0>,47,1,[4 7],48,96,97,48,70
1,<environment.Job instance at 0x7f33ef48ed70>,48,12,[6 4],49,78,90,29,70
1,<environment.Job instance at 0x7f33f6624fa0>,51,13,[3 5],52,97,110,45,81
1,<environment.Job instance at 0x7f33ef3ec870>,56,13,[6 4],57,106,119,49,106
1,<environment.Job instance at 0x7f33f606bdc0>,41,15,[3 7],42,119,134,77,107
1,<environment.Job instance at 0x7f33ef3ecf50>,58,12,[10  4],59,134,146,75,123
1,<environment.Job instance at 0x7f33ab599910>,1,13,[5 8],2,2,15,0,2
1,<environment.Job instance at 0x7f33ef1563c0>,6,25,[8 1],7,15,40,8,15
1,<environment.Job instance at 0x7f33ab99b960>,21,17,[9 3],22,40,57,18,34
1,<environment.Job instance at 0x7f33f606c2d0>,26,17,[8 4],27,57,74,30,45
1,<environment.Job instance at 0x7f33ab7f8c80>,32,12,[7 3],33,74,86,41,59
1,<environment.Job instance at 0x7f33ef3c59b0>,36,18,[7 3],37,86,104,49,76
1,<environment.Job instance at 0x7f33aba7d690>,41,18,[3 9],42,104,122,62,93
1,<environment.Job instance at 0x7f33ef78c910>,35,20,[5 5],36,122,142,86,114
1,<environment.Job instance at 0x7f33f5e8f0f0>,56,12,[6 2],57,142,154,85,131
1,<environment.Job instance at 0x7f33ef59e140>,24,19,[1 8],25,142,161,117,136
1,<environment.Job instance at 0x7f33f6401d70>,3,3,[1 8],4,4,7,0,4
1,<environment.Job instance at 0x7f33abac6fa0>,4,17,[4 9],5,7,24,2,5
1,<environment.Job instance at 0x7f33f60d1e10>,9,12,[10  1],10,24,36,14,10
1,<environment.Job instance at 0x7f33ef237640>,12,1,[5 5],13,36,37,23,13
1,<environment.Job instance at 0x7f33ef237870>,13,15,[5 3],14,36,51,22,22
1,<environment.Job instance at 0x7f33f5d848c0>,2,14,[10  5],3,51,65,48,37
1,<environment.Job instance at 0x7f33f5d53d20>,32,16,[8 1],33,65,81,32,53
1,<environment.Job instance at 0x7f33f5b0b050>,36,16,[2 7],37,68,84,31,68
1,<environment.Job instance at 0x7f33f5af1370>,39,17,[3 5],40,84,101,44,72
1,<environment.Job instance at 0x7f33f5af1e10>,41,14,[7 5],42,84,98,42,75
1,<environment.Job instance at 0x7f33f5aea280>,47,13,[6 1],48,98,111,50,86
1,<environment.Job instance at 0x7f33f5aeb190>,53,13,[2 7],54,101,114,47,91
1,<environment.Job instance at 0x7f33f5aeb320>,55,18,[4 9],56,114,132,58,103
1,<environment.Job instance at 0x7f33f5aeb4b0>,64,16,[1 6],65,132,148,67,119
1,<environment.Job instance at 0x7f33ef0f2d70>,5,16,[6 5],6,6,22,0,6
1,<environment.Job instance at 0x7f33ef0f2780>,9,14,[2 7],10,22,36,12,11
1,<environment.Job instance at 0x7f33ab49de60>,18,3,[ 2 10],19,36,39,17,25
1,<environment.Job instance at 0x7f33ab49d500>,21,14,[1 8],22,39,53,17,26
1,<environment.Job instance at 0x7f33ab49ddc0>,31,18,[7 3],32,53,71,21,43
1,<environment.Job instance at 0x7f33ab49d690>,32,17,[1 7],33,53,70,20,46
1,<environment.Job instance at 0x7f33ab8039b0>,36,1,[10  1],37,71,72,34,55
1,<environment.Job instance at 0x7f33ab803dc0>,33,14,[7 2],34,72,86,38,58
1,<environment.Job instance at 0x7f33ab803c30>,38,12,[10  1],39,86,98,47,71
1,<environment.Job instance at 0x7f33ab803fa0>,37,15,[ 3 10],38,98,113,60,85
1,<environment.Job instance at 0x7f33f62c2f00>,54,20,[8 2],55,113,133,58,104
1,<environment.Job instance at 0x7f33f62c2690>,57,2,[ 4 10],58,133,135,75,106
1,<environment.Job instance at 0x7f33f62c2230>,59,13,[2 6],60,113,126,53,107
1,<environment.Job instance at 0x7f33f6401aa0>,63,19,[7 1],64,135,154,71,125
1,<environment.Job instance at 0x7f33f5cf9870>,0,12,[5 7],1,1,13,0,1
1,<environment.Job instance at 0x7f33ef38a370>,12,13,[5 8],13,13,26,0,13
1,<environment.Job instance at 0x7f33ab9de320>,23,3,[4 6],24,26,29,2,24
1,<environment.Job instance at 0x7f33ab9dee60>,24,18,[ 4 10],25,29,47,4,25
1,<environment.Job instance at 0x7f33ab3577d0>,21,1,[ 5 10],22,47,48,25,28
1,<environment.Job instance at 0x7f33ab6d4f50>,26,13,[7 3],27,48,61,21,39
1,<environment.Job instance at 0x7f33ab9f50f0>,29,12,[3 8],30,61,73,31,52
1,<environment.Job instance at 0x7f33ab9f5c80>,31,21,[5 8],32,73,94,41,65
1,<environment.Job instance at 0x7f33ef5cbd70>,47,13,[5 6],48,94,107,46,84
1,<environment.Job instance at 0x7f33ef5cb820>,51,14,[4 6],52,107,121,55,98
1,<environment.Job instance at 0x7f33ab35baf0>,61,14,[8 5],62,121,135,59,110
1,<environment.Job instance at 0x7f33ab33da00>,70,18,[5 5],71,135,153,64,130
1,<environment.Job instance at 0x7f33ab995b40>,0,19,[3 8],1,1,20,0,1
1,<environment.Job instance at 0x7f33ef5b3820>,5,15,[5 5],6,20,35,14,8
1,<environment.Job instance at 0x7f33ab5d2b40>,14,17,[5 2],15,20,37,5,20
1,<environment.Job instance at 0x7f33ab435730>,12,16,[7 5],13,44,60,31,44
1,<environment.Job instance at 0x7f33ab4bda00>,26,15,[9 2],27,60,75,33,49
1,<environment.Job instance at 0x7f33ab75df50>,25,25,[2 7],26,75,100,49,72
1,<environment.Job instance at 0x7f33ab5bf7d0>,37,12,[7 2],38,83,95,45,83
1,<environment.Job instance at 0x7f33ef4dc7d0>,49,12,[2 9],50,100,112,50,93
1,<environment.Job instance at 0x7f33ef4dc820>,50,13,[2 8],51,112,125,61,99
1,<environment.Job instance at 0x7f33ab5b6d70>,52,12,[7 5],53,125,137,72,109
1,<environment.Job instance at 0x7f33ab3bcdc0>,31,14,[ 2 10],32,137,151,105,133
1,<environment.Job instance at 0x7f33f5ea2eb0>,0,3,[2 8],1,1,4,0,1
1,<environment.Job instance at 0x7f33f5ea2d70>,3,16,[5 2],4,4,20,0,4
1,<environment.Job instance at 0x7f33ef5b38c0>,7,12,[5 5],8,8,20,0,8
1,<environment.Job instance at 0x7f33ef54f550>,13,14,[2 7],14,20,34,6,17
1,<environment.Job instance at 0x7f33f5ea2a00>,9,14,[8 1],10,20,34,10,20
1,<environment.Job instance at 0x7f33f686b280>,8,16,[5 9],9,34,50,25,22
1,<environment.Job instance at 0x7f33ab480aa0>,23,17,[2 5],24,50,67,26,38
1,<environment.Job instance at 0x7f33abc82230>,30,15,[ 3 10],31,67,82,36,53
1,<environment.Job instance at 0x7f33abc822d0>,31,12,[10  5],32,82,94,50,65
1,<environment.Job instance at 0x7f33abc82370>,37,18,[3 7],38,94,112,56,83
1,<environment.Job instance at 0x7f33abcb12d0>,41,3,[5 3],42,94,97,52,83
1,<environment.Job instance at 0x7f33abcb1910>,45,2,[8 5],46,112,114,66,87
1,<environment.Job instance at 0x7f33abcb1c30>,46,1,[5 3],47,97,98,50,87
1,<environment.Job instance at 0x7f33abcb1eb0>,47,16,[5 7],48,114,130,66,101
1,<environment.Job instance at 0x7f33abc92410>,56,15,[5 5],57,130,145,73,116
1,<environment.Job instance at 0x7f33abcaee60>,59,20,[5 3],60,128,148,68,128
1,<environment.Job instance at 0x7f33abc8ab90>,64,14,[10  2],65,148,162,83,133
1,<environment.Job instance at 0x7f33ef2f8d20>,0,13,[6 4],1,1,14,0,1
1,<environment.Job instance at 0x7f33ef2f8550>,4,13,[1 5],5,5,18,0,5
1,<environment.Job instance at 0x7f33ab6efeb0>,12,22,[8 5],13,14,36,1,13
1,<environment.Job instance at 0x7f33ab6efaf0>,14,3,[5 6],15,36,39,21,22
1,<environment.Job instance at 0x7f33ab6efd20>,17,15,[7 3],18,53,68,35,53
1,<environment.Job instance at 0x7f33ab6ef8c0>,19,14,[9 3],20,68,82,48,67
1,<environment.Job instance at 0x7f33ab6ef230>,23,17,[9 1],24,82,99,58,70
1,<environment.Job instance at 0x7f33ef295230>,28,15,[7 5],29,99,114,70,85
1,<environment.Job instance at 0x7f33ab5bc500>,34,17,[7 5],35,114,131,79,107
1,<environment.Job instance at 0x7f33ab6defa0>,42,16,[2 9],43,131,147,88,121
1,<environment.Job instance at 0x7f33ab6deb90>,50,15,[2 9],51,147,162,96,142
1,<environment.Job instance at 0x7f33ab531780>,0,18,[6 2],1,2,20,1,2
1,<environment.Job instance at 0x7f33f62fcb40>,7,17,[2 8],8,9,26,1,9
1,<environment.Job instance at 0x7f33ef6af910>,11,16,[10  2],12,26,42,14,13
1,<environment.Job instance at 0x7f33abc3a910>,23,26,[9 5],24,42,68,18,42
1,<environment.Job instance at 0x7f33ef29cbe0>,37,18,[7 4],38,68,86,30,63
1,<environment.Job instance at 0x7f33ef6af0f0>,10,13,[9 1],11,86,99,75,80
1,<environment.Job instance at 0x7f33f611fa00>,43,1,[9 4],44,99,100,55,85
1,<environment.Job instance at 0x7f33f611f550>,46,3,[3 5],47,100,103,53,87
1,<environment.Job instance at 0x7f33ab480dc0>,47,13,[2 9],48,103,116,55,87
1,<environment.Job instance at 0x7f33ab577f50>,54,3,[5 4],55,100,103,45,100
1,<environment.Job instance at 0x7f33aba59a00>,31,16,[1 8],32,116,132,84,104
1,<environment.Job instance at 0x7f33ab577870>,56,16,[6 2],57,116,132,59,111
1,<environment.Job instance at 0x7f33ab577f00>,57,2,[6 3],58,132,134,74,113
1,<environment.Job instance at 0x7f33ef273c80>,61,15,[5 5],62,134,149,72,120
1,<environment.Job instance at 0x7f33ef346820>,62,16,[3 5],63,132,148,69,124
1,<environment.Job instance at 0x7f33f6727410>,4,16,[10  5],5,5,21,0,5
1,<environment.Job instance at 0x7f33f5ea1d20>,7,12,[5 4],8,21,33,13,8
1,<environment.Job instance at 0x7f33ab8ac910>,8,13,[1 5],9,21,34,12,9
1,<environment.Job instance at 0x7f33ab6dfeb0>,12,1,[5 6],13,34,35,21,13
1,<environment.Job instance at 0x7f33ab8a0960>,18,13,[9 1],19,35,48,16,24
1,<environment.Job instance at 0x7f33ab8a0dc0>,21,14,[4 7],22,48,62,26,36
1,<environment.Job instance at 0x7f33ab8a2460>,30,13,[1 7],31,62,75,31,46
1,<environment.Job instance at 0x7f33ab8a24b0>,33,22,[7 2],34,62,84,28,57
1,<environment.Job instance at 0x7f33ab8a29b0>,37,12,[4 6],38,84,96,46,67
1,<environment.Job instance at 0x7f33ab8a2c80>,43,15,[5 5],44,96,111,52,83
1,<environment.Job instance at 0x7f33abb255a0>,15,14,[4 7],16,111,125,95,98
1,<environment.Job instance at 0x7f33ab8aa3c0>,51,16,[2 9],52,134,150,82,134
1,<environment.Job instance at 0x7f33ab8aa5a0>,52,16,[5 4],53,150,166,97,140
1,<environment.Job instance at 0x7f33f5db4050>,2,14,[ 1 10],3,3,17,0,3
1,<environment.Job instance at 0x7f33abac15a0>,3,15,[3 5],4,17,32,13,4
1,<environment.Job instance at 0x7f33f6034370>,10,1,[ 4 10],11,32,33,21,11
1,<environment.Job instance at 0x7f33f6034c80>,13,12,[5 7],14,33,45,19,16
1,<environment.Job instance at 0x7f33f5c480f0>,9,17,[1 9],10,45,62,35,34
1,<environment.Job instance at 0x7f33f61dbb40>,22,16,[6 1],23,45,61,22,42
1,<environment.Job instance at 0x7f33f61dbd20>,27,13,[4 5],28,62,75,34,48
1,<environment.Job instance at 0x7f33ab6390a0>,17,15,[6 4],18,62,77,44,61
1,<environment.Job instance at 0x7f33ab6fb460>,30,3,[4 6],31,75,78,44,61
1,<environment.Job instance at 0x7f33ab3a11e0>,1,15,[9 1],2,78,93,76,66
1,<environment.Job instance at 0x7f33f5c81c80>,37,15,[5 2],38,93,108,55,79
1,<environment.Job instance at 0x7f33ef26bc80>,38,15,[3 7],39,93,108,54,79
1,<environment.Job instance at 0x7f33abc99280>,44,2,[9 3],45,108,110,63,101
1,<environment.Job instance at 0x7f33abc991e0>,46,13,[9 1],47,110,123,63,102
1,<environment.Job instance at 0x7f33ab61a9b0>,48,12,[5 3],49,123,135,74,113
1,<environment.Job instance at 0x7f33ab6fbf00>,31,18,[3 7],32,123,141,91,116
1,<environment.Job instance at 0x7f33ef0b9d20>,50,15,[7 1],51,135,150,84,124
1,<environment.Job instance at 0x7f33abb86eb0>,58,1,[10  5],59,150,151,91,130
1,<environment.Job instance at 0x7f33ef49cf00>,12,27,[6 2],13,46,73,33,46
1,<environment.Job instance at 0x7f33f6620410>,18,16,[2 8],19,64,80,45,64
1,<environment.Job instance at 0x7f33f5f8b960>,5,14,[9 5],6,80,94,74,66
1,<environment.Job instance at 0x7f33ef49caa0>,7,18,[8 5],8,94,112,86,86
1,<environment.Job instance at 0x7f33f5d0d780>,30,12,[2 8],31,112,124,81,96
1,<environment.Job instance at 0x7f33ab91ee10>,32,15,[1 6],33,124,139,91,113
1,<environment.Job instance at 0x7f33ef1e8cd0>,25,22,[6 3],26,128,150,102,128
1,<environment.Job instance at 0x7f33ab3695f0>,34,17,[1 7],35,139,156,104,134
1,<environment.Job instance at 0x7f33f5b83780>,46,13,[ 2 10],47,156,169,109,147
1,<environment.Job instance at 0x7fe7156b1780>,3,22,[5 7],5,5,27,0,5
1,<environment.Job instance at 0x7fe71255daa0>,4,2,[7 1],6,27,29,21,6
1,<environment.Job instance at 0x7fe71255dcd0>,7,3,[7 3],13,29,32,16,13
1,<environment.Job instance at 0x7fe71255de60>,8,2,[6 3],14,32,34,18,14
1,<environment.Job instance at 0x7fe7125620f0>,14,15,[7 4],22,34,49,12,22
1,<environment.Job instance at 0x7fe712562af0>,21,27,[1 6],33,33,60,0,33
1,<environment.Job instance at 0x7fe712562be0>,24,3,[3 7],36,60,63,24,36
1,<environment.Job instance at 0x7fe7125643c0>,26,1,[5 4],42,49,50,7,42
1,<environment.Job instance at 0x7fe71255dc30>,6,18,[6 2],12,50,68,38,43
1,<environment.Job instance at 0x7fe712568140>,0,13,[4 7],1,1,14,0,1
1,<environment.Job instance at 0x7fe715600960>,7,13,[9 5],11,14,27,3,11
1,<environment.Job instance at 0x7fe712564460>,3,12,[ 2 10],6,27,39,21,14
1,<environment.Job instance at 0x7fe715602aa0>,14,22,[4 6],24,39,61,15,39
1,<environment.Job instance at 0x7fe7155fbbe0>,26,3,[5 5],42,61,64,19,45
1,<environment.Job instance at 0x7fe7155fb870>,1,2,[4 6],2,2,4,0,2
1,<environment.Job instance at 0x7fe6d68fd870>,2,12,[5 5],3,4,16,1,4
1,<environment.Job instance at 0x7fe6d68fdfa0>,7,15,[3 8],11,16,31,5,14
1,<environment.Job instance at 0x7fe6d68fd780>,14,18,[3 7],19,31,49,12,20
1,<environment.Job instance at 0x7fe6d68fd9b0>,13,20,[7 1],18,27,47,9,27
1,<environment.Job instance at 0x7fe6d694ef00>,21,14,[1 5],32,49,63,17,34
1,<environment.Job instance at 0x7fe6d694e640>,19,12,[7 3],26,47,59,21,34
1,<environment.Job instance at 0x7fe6d692da00>,1,13,[7 3],3,3,16,0,3
1,<environment.Job instance at 0x7fe6d6d9a730>,7,24,[6 1],11,16,40,5,11
1,<environment.Job instance at 0x7fe6d69267d0>,17,21,[4 5],25,25,46,0,25
1,<environment.Job instance at 0x7fe6d69269b0>,9,24,[3 5],15,42,66,27,42
1,<environment.Job instance at 0x7fe6d6c10af0>,0,15,[7 3],1,1,16,0,1
1,<environment.Job instance at 0x7fe712963be0>,9,15,[2 7],13,14,29,1,14
1,<environment.Job instance at 0x7fe6d6e4f690>,10,13,[5 7],14,29,42,15,14
1,<environment.Job instance at 0x7fe711b58fa0>,26,2,[9 5],33,42,44,9,38
1,<environment.Job instance at 0x7fe711b58550>,27,2,[5 5],34,44,46,10,38
1,<environment.Job instance at 0x7fe711b587d0>,25,14,[3 6],32,46,60,14,38
1,<environment.Job instance at 0x7fe711b580f0>,28,1,[6 4],35,46,47,11,38
1,<environment.Job instance at 0x7fe711b54280>,32,14,[9 4],40,60,74,20,46
1,<environment.Job instance at 0x7fe7155b9730>,1,15,[1 5],3,3,18,0,3
1,<environment.Job instance at 0x7fe714f0cf00>,7,17,[3 8],12,18,35,6,12
1,<environment.Job instance at 0x7fe714f0cdc0>,14,2,[9 4],21,35,37,14,23
1,<environment.Job instance at 0x7fe714f0ceb0>,17,13,[9 3],27,37,50,10,27
1,<environment.Job instance at 0x7fe6d67dbf50>,21,3,[1 7],31,37,40,6,31
1,<environment.Job instance at 0x7fe6d67db140>,20,15,[6 5],30,50,65,20,38
1,<environment.Job instance at 0x7fe7128c4910>,0,20,[2 5],1,1,21,0,1
1,<environment.Job instance at 0x7fe715159230>,9,1,[8 3],12,14,15,2,14
1,<environment.Job instance at 0x7fe715159c80>,4,25,[2 8],6,21,46,15,19
1,<environment.Job instance at 0x7fe7152b29b0>,25,2,[4 5],30,46,48,16,36
1,<environment.Job instance at 0x7fe6d6b47500>,22,16,[7 5],27,48,64,21,37
1,<environment.Job instance at 0x7fe6d6cc19b0>,3,13,[5 4],5,5,18,0,5
1,<environment.Job instance at 0x7fe6d6eafaa0>,6,13,[4 5],8,8,21,0,8
1,<environment.Job instance at 0x7fe6d6eafaf0>,9,18,[3 8],14,21,39,7,14
1,<environment.Job instance at 0x7fe712980960>,21,14,[4 6],35,39,53,4,38
1,<environment.Job instance at 0x7fe6d6dfa910>,17,13,[7 3],29,53,66,24,41
1,<environment.Job instance at 0x7fe714c22b90>,0,3,[4 6],1,1,4,0,1
1,<environment.Job instance at 0x7fe714c22cd0>,2,13,[5 2],4,4,17,0,4
1,<environment.Job instance at 0x7fe6d6d68b40>,10,13,[4 6],18,18,31,0,18
1,<environment.Job instance at 0x7fe6d6d68910>,7,17,[3 6],13,31,48,18,19
1,<environment.Job instance at 0x7fe6d6dff320>,18,23,[6 3],30,35,58,5,35
1,<environment.Job instance at 0x7fe6d6dffeb0>,19,1,[7 2],31,58,59,27,35
1,<environment.Job instance at 0x7fe6d6dffcd0>,22,12,[2 6],37,48,60,11,37
1,<environment.Job instance at 0x7fe71521a050>,27,17,[2 8],45,60,77,15,48
1,<environment.Job instance at 0x7fe712965a00>,2,1,[2 9],3,3,4,0,3
1,<environment.Job instance at 0x7fe7125fb5f0>,0,3,[7 1],1,1,4,0,1
1,<environment.Job instance at 0x7fe71520ea00>,4,2,[6 3],5,5,7,0,5
1,<environment.Job instance at 0x7fe6d6636a00>,6,14,[7 5],7,7,21,0,7
1,<environment.Job instance at 0x7fe714af18c0>,10,15,[9 4],13,21,36,8,13
1,<environment.Job instance at 0x7fe711d0ee60>,26,19,[8 2],32,36,55,4,32
1,<environment.Job instance at 0x7fe711ba1230>,24,2,[10  2],30,55,57,25,36
1,<environment.Job instance at 0x7fe712633be0>,29,2,[1 8],36,36,38,0,36
1,<environment.Job instance at 0x7fe7151f5be0>,0,12,[6 3],2,2,14,0,2
1,<environment.Job instance at 0x7fe7126b36e0>,7,2,[2 5],11,11,13,0,11
1,<environment.Job instance at 0x7fe7126b38c0>,8,14,[7 4],12,14,28,2,12
1,<environment.Job instance at 0x7fe7126b3820>,11,1,[2 8],16,28,29,12,16
1,<environment.Job instance at 0x7fe7126b3b40>,12,1,[ 3 10],17,29,30,12,17
1,<environment.Job instance at 0x7fe7126b3c80>,13,16,[10  2],18,30,46,12,18
1,<environment.Job instance at 0x7fe7126cfaf0>,23,14,[1 5],36,46,60,10,37
1,<environment.Job instance at 0x7fe7126b63c0>,1,16,[10  4],2,2,18,0,2
1,<environment.Job instance at 0x7fe714c28460>,7,17,[7 4],9,18,35,9,9
1,<environment.Job instance at 0x7fe714c28780>,8,23,[1 5],13,18,41,5,13
1,<environment.Job instance at 0x7fe6d6bf8d20>,16,16,[5 5],23,35,51,12,23
1,<environment.Job instance at 0x7fe7151f54b0>,28,16,[6 2],40,51,67,11,47
1,<environment.Job instance at 0x7fe6d6a7ed70>,8,13,[9 5],10,14,27,4,14
1,<environment.Job instance at 0x7fe6d67eaf50>,13,3,[8 5],17,27,30,10,17
1,<environment.Job instance at 0x7fe6d6a7e960>,4,16,[3 6],6,30,46,24,18
1,<environment.Job instance at 0x7fe6d6d62dc0>,18,12,[9 1],24,46,58,22,29
1,<environment.Job instance at 0x7fe6d6d628c0>,21,17,[ 5 10],29,58,75,29,46
1,<environment.Job instance at 0x7fe6d665d4b0>,1,17,[10  3],5,5,22,0,5
1,<environment.Job instance at 0x7fe6d695d960>,10,14,[5 8],15,22,36,7,16
1,<environment.Job instance at 0x7fe6d695df50>,17,17,[10  3],23,36,53,13,25
1,<environment.Job instance at 0x7fe6d695dcd0>,14,18,[7 5],20,53,71,33,43
1,<environment.Job instance at 0x7fe6d695d230>,0,15,[10  5],2,2,17,0,2
1,<environment.Job instance at 0x7fe7129a52d0>,6,19,[5 3],8,17,36,9,8
1,<environment.Job instance at 0x7fe6d6a50eb0>,10,18,[2 6],14,17,35,3,14
1,<environment.Job instance at 0x7fe71522faa0>,22,3,[9 1],31,39,42,8,39
1,<environment.Job instance at 0x7fe71296e780>,27,18,[ 4 10],38,42,60,4,39
1,<environment.Job instance at 0x7fe71296e6e0>,32,18,[1 6],45,60,78,15,49
1,<environment.Job instance at 0x7fe6d6c09c80>,6,15,[9 1],8,12,27,4,12
1,<environment.Job instance at 0x7fe6d6c09280>,3,1,[10  4],5,27,28,22,17
1,<environment.Job instance at 0x7fe711c442d0>,11,14,[1 9],16,28,42,12,18
1,<environment.Job instance at 0x7fe714be5460>,18,3,[5 7],25,42,45,17,39
1,<environment.Job instance at 0x7fe71266b640>,19,12,[2 6],26,45,57,19,39
1,<environment.Job instance at 0x7fe71266be60>,21,3,[5 9],30,57,60,27,39
1,<environment.Job instance at 0x7fe714af4eb0>,27,3,[7 5],39,60,63,21,49
1,<environment.Job instance at 0x7fe6d6c09910>,1,13,[6 5],3,63,76,60,49
1,<environment.Job instance at 0x7fe7127aba50>,0,15,[3 8],1,1,16,0,1
1,<environment.Job instance at 0x7fe6d6793aa0>,8,13,[7 4],13,16,29,3,15
1,<environment.Job instance at 0x7fe6d6cdfb90>,14,2,[1 6],25,25,27,0,25
1,<environment.Job instance at 0x7fe6d6cdf870>,15,1,[4 6],27,29,30,2,27
1,<environment.Job instance at 0x7fe6d6cdff50>,16,18,[5 9],28,30,48,2,28
1,<environment.Job instance at 0x7fe6d6cdfeb0>,17,16,[6 5],29,48,64,19,36
1,<environment.Job instance at 0x7fe714ed9c30>,3,13,[7 2],10,10,23,0,10
1,<environment.Job instance at 0x7fe714ed9460>,8,1,[1 5],18,18,19,0,18
1,<environment.Job instance at 0x7fe714c0a370>,14,12,[2 7],26,26,38,0,26
1,<environment.Job instance at 0x7fe71501ddc0>,20,18,[5 9],34,38,56,4,34
1,<environment.Job instance at 0x7fe714c0a910>,15,15,[4 9],27,56,71,29,42
1,<environment.Job instance at 0x7fe6d694d3c0>,0,14,[6 4],1,1,15,0,1
1,<environment.Job instance at 0x7fe711ccc050>,7,15,[5 2],9,15,30,6,11
1,<environment.Job instance at 0x7fe71286aa00>,10,12,[3 6],12,18,30,6,18
1,<environment.Job instance at 0x7fe711c69370>,16,1,[7 1],19,30,31,11,20
1,<environment.Job instance at 0x7fe71286aa50>,12,13,[7 4],14,31,44,17,22
1,<environment.Job instance at 0x7fe711ccce60>,8,13,[3 6],10,30,43,20,22
1,<environment.Job instance at 0x7fe6d6794870>,20,18,[9 1],24,44,62,20,33
1,<environment.Job instance at 0x7effa9e2c280>,0,13,[9 3],1,1,14,0,1
1,<environment.Job instance at 0x7effa2a27aa0>,4,2,[7 1],6,14,16,8,6
1,<environment.Job instance at 0x7effa2a27b40>,6,18,[6 2],12,16,34,4,12
1,<environment.Job instance at 0x7effa2a2a3c0>,13,13,[7 3],20,34,47,14,20
1,<environment.Job instance at 0x7effa2a2a050>,12,2,[ 4 10],19,47,49,28,23
1,<environment.Job instance at 0x7effa2a2a460>,14,15,[7 4],22,49,64,27,38
1,<environment.Job instance at 0x7effa2a2ab90>,21,27,[1 6],33,49,76,16,47
1,<environment.Job instance at 0x7effa2a2aeb0>,23,12,[ 5 10],35,76,88,41,59
1,<environment.Job instance at 0x7effa2a33af0>,1,1,[2 6],2,2,3,0,2
1,<environment.Job instance at 0x7effa2a2dfa0>,2,2,[6 5],3,3,5,0,3
1,<environment.Job instance at 0x7effa9d7c0f0>,4,13,[6 5],7,7,20,0,7
1,<environment.Job instance at 0x7effa9d7c7d0>,6,23,[6 4],12,20,43,8,20
1,<environment.Job instance at 0x7effa9d77cd0>,25,27,[ 1 10],38,43,70,5,43
1,<environment.Job instance at 0x7effa9fac3c0>,31,14,[5 1],46,70,84,24,57
1,<environment.Job instance at 0x7effa9facd70>,33,2,[4 8],49,70,72,21,58
1,<environment.Job instance at 0x7eff5ed126e0>,0,18,[9 2],1,3,21,2,3
1,<environment.Job instance at 0x7eff5ee54410>,10,25,[10  2],21,21,46,0,21
1,<environment.Job instance at 0x7eff5ee54320>,19,13,[7 3],33,57,70,24,57
1,<environment.Job instance at 0x7eff5ee54b40>,14,3,[8 5],27,70,73,43,57
1,<environment.Job instance at 0x7eff5ed62be0>,22,2,[5 9],38,73,75,35,58
1,<environment.Job instance at 0x7eff5f0e0870>,0,15,[5 4],2,2,17,0,2
1,<environment.Job instance at 0x7eff5f0c6190>,11,1,[2 7],20,20,21,0,20
1,<environment.Job instance at 0x7eff5f0c6320>,12,15,[7 3],21,21,36,0,21
1,<environment.Job instance at 0x7eff5f0d5e60>,19,18,[9 1],28,36,54,8,33
1,<environment.Job instance at 0x7eff5f0c6aa0>,17,27,[1 6],26,35,62,9,35
1,<environment.Job instance at 0x7eff5edefcd0>,23,16,[1 9],35,62,78,27,51
1,<environment.Job instance at 0x7eff5ed16410>,0,18,[1 6],2,2,20,0,2
1,<environment.Job instance at 0x7eff5f3cd410>,7,15,[1 5],13,20,35,7,13
1,<environment.Job instance at 0x7eff5f3cd550>,10,14,[8 2],17,21,35,4,21
1,<environment.Job instance at 0x7eff5f3cdaa0>,14,13,[2 8],23,35,48,12,23
1,<environment.Job instance at 0x7eff5f3e53c0>,22,2,[5 2],34,36,38,2,36
1,<environment.Job instance at 0x7eff5f3e57d0>,23,13,[9 3],37,48,61,11,37
1,<environment.Job instance at 0x7eff5f3e5c30>,28,13,[3 7],42,61,74,19,45
1,<environment.Job instance at 0x7eff5f3d5870>,38,14,[5 7],55,74,88,19,59
1,<environment.Job instance at 0x7eff5f3d5dc0>,0,20,[2 5],1,1,21,0,1
1,<environment.Job instance at 0x7effa2805410>,16,18,[6 3],20,30,48,10,30
1,<environment.Job instance at 0x7effa2805320>,22,16,[7 5],27,48,64,21,36
1,<environment.Job instance at 0x7effa2805640>,27,14,[1 5],33,43,57,10,43
1,<environment.Job instance at 0x7effa2d19960>,28,1,[3 7],34,64,65,30,43
1,<environment.Job instance at 0x7effa9715410>,2,1,[8 1],5,5,6,0,5
1,<environment.Job instance at 0x7effa9715320>,3,28,[2 6],7,7,35,0,7
1,<environment.Job instance at 0x7effa92a95a0>,8,2,[2 6],17,35,37,18,17
1,<environment.Job instance at 0x7effa97da5a0>,9,13,[7 3],19,19,32,0,19
1,<environment.Job instance at 0x7effa9715280>,1,18,[3 8],4,37,55,33,30
1,<environment.Job instance at 0x7effa95dda00>,11,18,[9 4],22,55,73,33,47
1,<environment.Job instance at 0x7effa985c2d0>,26,13,[5 2],44,73,86,29,59
1,<environment.Job instance at 0x7eff5eedd5f0>,1,3,[5 2],3,3,6,0,3
1,<environment.Job instance at 0x7eff5eed0820>,7,1,[7 2],11,11,12,0,11
1,<environment.Job instance at 0x7eff5eece0a0>,11,15,[2 7],18,18,33,0,18
1,<environment.Job instance at 0x7eff5f08b0f0>,9,13,[9 5],16,33,46,17,20
1,<environment.Job instance at 0x7eff5ec6b6e0>,10,12,[2 6],17,46,58,29,32
1,<environment.Job instance at 0x7eff5f0a5e10>,21,16,[ 5 10],31,58,74,27,55
1,<environment.Job instance at 0x7eff5ee1a410>,0,16,[3 9],1,1,17,0,1
1,<environment.Job instance at 0x7effa297fd70>,5,13,[5 7],8,17,30,9,8
1,<environment.Job instance at 0x7effa297fd20>,10,18,[1 5],14,30,48,16,19
1,<environment.Job instance at 0x7effa297f050>,9,15,[5 3],13,23,38,10,23
1,<environment.Job instance at 0x7eff5f088320>,22,14,[7 5],27,38,52,11,29
1,<environment.Job instance at 0x7effa28cfa00>,29,14,[7 5],36,52,66,16,39
1,<environment.Job instance at 0x7eff5f239820>,38,1,[2 6],48,66,67,18,54
1,<environment.Job instance at 0x7effa2c87640>,1,12,[5 7],3,3,15,0,3
1,<environment.Job instance at 0x7effa2c87f50>,2,13,[10  3],4,15,28,11,4
1,<environment.Job instance at 0x7effa998c5a0>,4,1,[7 5],8,28,29,20,8
1,<environment.Job instance at 0x7effa2931280>,8,18,[1 8],14,29,47,15,25
1,<environment.Job instance at 0x7eff5f231640>,18,1,[2 8],26,47,48,21,26
1,<environment.Job instance at 0x7effa2bb9910>,19,1,[ 3 10],27,48,49,21,27
1,<environment.Job instance at 0x7eff5f2d7910>,24,3,[6 4],34,49,52,15,34
1,<environment.Job instance at 0x7effa2f34370>,25,2,[8 3],37,52,54,15,37
1,<environment.Job instance at 0x7eff5eb403c0>,23,1,[6 3],33,54,55,21,37
1,<environment.Job instance at 0x7effa2f34aa0>,26,17,[5 6],39,55,72,16,43
1,<environment.Job instance at 0x7effa2f34a50>,28,13,[4 6],42,72,85,30,58
1,<environment.Job instance at 0x7eff5f1b2500>,1,16,[10  4],2,2,18,0,2
1,<environment.Job instance at 0x7eff5f06ad20>,12,14,[6 1],18,18,32,0,18
1,<environment.Job instance at 0x7eff5eafb460>,14,14,[ 1 10],21,32,46,11,21
1,<environment.Job instance at 0x7effa9381730>,23,17,[8 2],34,46,63,12,34
1,<environment.Job instance at 0x7eff5eafb2d0>,16,16,[5 5],23,63,79,40,51
1,<environment.Job instance at 0x7effa28b0d20>,1,13,[5 3],3,3,16,0,3
1,<environment.Job instance at 0x7effa968fe10>,10,13,[10  5],17,17,30,0,17
1,<environment.Job instance at 0x7effa9690320>,28,1,[7 2],40,43,44,3,43
1,<environment.Job instance at 0x7effa96b93c0>,15,13,[7 1],24,44,57,20,43
1,<environment.Job instance at 0x7effa9690370>,29,3,[7 2],43,57,60,14,43
1,<environment.Job instance at 0x7effa9690550>,31,3,[5 7],46,60,63,14,47
1,<environment.Job instance at 0x7effa96902d0>,32,3,[10  1],48,63,66,15,48
1,<environment.Job instance at 0x7effa9690aa0>,33,1,[ 3 10],49,66,67,17,51
1,<environment.Job instance at 0x7effa9690af0>,36,12,[7 4],52,67,79,15,52
1,<environment.Job instance at 0x7effa968ad20>,0,2,[2 9],1,1,3,0,1
1,<environment.Job instance at 0x7effa968a500>,2,17,[10  3],3,3,20,0,3
1,<environment.Job instance at 0x7effa2f164b0>,12,15,[ 1 10],18,20,35,2,18
1,<environment.Job instance at 0x7eff5f128500>,16,18,[1 9],27,35,53,8,29
1,<environment.Job instance at 0x7eff5f128780>,20,15,[10  5],32,53,68,21,39
1,<environment.Job instance at 0x7eff5ed59e10>,28,14,[2 9],42,68,82,26,56
1,<environment.Job instance at 0x7eff5f2cbf50>,1,2,[ 4 10],2,2,4,0,2
1,<environment.Job instance at 0x7effa2e2e550>,4,13,[2 5],7,7,20,0,7
1,<environment.Job instance at 0x7eff5f087910>,6,13,[6 2],9,9,22,0,9
1,<environment.Job instance at 0x7eff5f087dc0>,7,24,[1 5],11,20,44,9,15
1,<environment.Job instance at 0x7eff5eaaf320>,10,18,[1 6],15,44,62,29,43
1,<environment.Job instance at 0x7effa9466d20>,29,13,[5 5],39,62,75,23,47
1,<environment.Job instance at 0x7effa28c4e10>,3,15,[4 5],5,5,20,0,5
1,<environment.Job instance at 0x7effa2f41c30>,4,27,[5 1],6,7,34,1,7
1,<environment.Job instance at 0x7effa2f316e0>,17,13,[2 6],25,31,44,6,31
1,<environment.Job instance at 0x7effa2f31690>,16,1,[6 4],24,34,35,10,31
1,<environment.Job instance at 0x7effa2f41f50>,7,15,[3 8],11,44,59,33,31
1,<environment.Job instance at 0x7effa2f4f2d0>,24,16,[6 5],39,59,75,20,46
1,<environment.Job instance at 0x7effa2f4f280>,1,26,[6 3],5,5,31,0,5
1,<environment.Job instance at 0x7effa29afc30>,5,16,[2 7],15,15,31,0,15
1,<environment.Job instance at 0x7effa2975a00>,11,1,[5 9],23,31,32,8,23
1,<environment.Job instance at 0x7effa2975730>,13,3,[5 2],25,32,35,7,25
1,<environment.Job instance at 0x7effa2975460>,14,12,[2 7],26,32,44,6,26
1,<environment.Job instance at 0x7effa29750a0>,17,14,[8 1],29,35,49,6,29
1,<environment.Job instance at 0x7effa93cb500>,0,19,[4 5],1,1,20,0,1
1,<environment.Job instance at 0x7eff5f2d3af0>,13,15,[9 5],16,20,35,4,16
1,<environment.Job instance at 0x7effa2ed0640>,12,3,[1 5],15,18,21,3,18
1,<environment.Job instance at 0x7eff5f2d3dc0>,16,18,[3 9],20,35,53,15,24
1,<environment.Job instance at 0x7effa9d2bdc0>,24,16,[5 5],30,53,69,23,41
1,<environment.Job instance at 0x7effa2d32280>,30,13,[ 2 10],38,69,82,31,56
1,<environment.Job instance at 0x7eff5eaf6c80>,0,13,[8 3],1,1,14,0,1
1,<environment.Job instance at 0x7effa2b988c0>,4,15,[1 8],8,14,29,6,8
1,<environment.Job instance at 0x7effa9879aa0>,10,16,[5 1],17,17,33,0,17
1,<environment.Job instance at 0x7effa290c8c0>,8,16,[7 3],14,33,49,19,20
1,<environment.Job instance at 0x7eff5ec51500>,19,12,[5 6],32,49,61,17,32
1,<environment.Job instance at 0x7eff5ec79780>,21,18,[5 1],34,49,67,15,40
1,<environment.Job instance at 0x7effa93e8fa0>,12,16,[5 2],20,61,77,41,50
1,<environment.Job instance at 0x7effa29cd7d0>,32,17,[3 6],49,67,84,18,59
1,<environment.Job instance at 0x7eff5ed9b5f0>,0,13,[2 9],1,1,14,0,1
1,<environment.Job instance at 0x7effa29af780>,11,18,[9 3],14,16,34,2,16
1,<environment.Job instance at 0x7eff5ed9bb90>,12,18,[1 7],16,19,37,3,19
1,<environment.Job instance at 0x7effa29afc80>,14,1,[5 7],20,37,38,17,21
1,<environment.Job instance at 0x7eff5f12d370>,19,21,[10  4],26,38,59,12,30
1,<environment.Job instance at 0x7eff5f12d2d0>,27,18,[5 8],36,59,77,23,48
1,<environment.Job instance at 0x7effa29d3050>,0,2,[6 3],1,1,3,0,1
1,<environment.Job instance at 0x7effa29d3190>,2,3,[8 2],3,3,6,0,3
1,<environment.Job instance at 0x7effa29d3960>,3,14,[2 8],4,4,18,0,4
1,<environment.Job instance at 0x7effa29d3d70>,8,15,[2 9],9,18,33,9,9
1,<environment.Job instance at 0x7effa2a02690>,24,20,[9 5],32,41,61,9,41
1,<environment.Job instance at 0x7effa2a029b0>,22,18,[5 8],30,61,79,31,51
1,<environment.Job instance at 0x7f4c1ca86dc0>,7,3,[7 3],13,13,16,0,13
1,<environment.Job instance at 0x7f4c1ca86fa0>,9,18,[3 9],15,16,34,1,15
1,<environment.Job instance at 0x7f4c1ca89960>,19,1,[6 5],31,34,35,3,31
1,<environment.Job instance at 0x7f4c1ca89780>,16,28,[4 7],28,38,66,10,38
1,<environment.Job instance at 0x7f4c1ca8d960>,30,13,[4 7],51,66,79,15,56
1,<environment.Job instance at 0x7f4c1ca8d9b0>,33,12,[ 2 10],56,79,91,23,62
1,<environment.Job instance at 0x7f4c23ddc870>,0,13,[2 7],1,1,14,0,1
1,<environment.Job instance at 0x7f4c23dda6e0>,3,17,[7 5],6,14,31,8,6
1,<environment.Job instance at 0x7f4c23ec06e0>,13,23,[1 5],21,21,44,0,21
1,<environment.Job instance at 0x7f4c23ddd8c0>,23,2,[4 6],32,44,46,12,32
1,<environment.Job instance at 0x7f4c23ddd0a0>,24,12,[5 5],33,46,58,13,33
1,<environment.Job instance at 0x7f4c23ddd5f0>,26,14,[5 1],36,42,56,6,42
1,<environment.Job instance at 0x7f4c23ddd7d0>,25,16,[6 3],35,58,74,23,45
1,<environment.Job instance at 0x7f4c23ec00f0>,18,20,[2 6],26,58,78,32,52
1,<environment.Job instance at 0x7f4c23ddbd70>,36,18,[3 7],49,78,96,29,68
1,<environment.Job instance at 0x7f4bd8dac550>,6,15,[1 9],9,9,24,0,9
1,<environment.Job instance at 0x7f4bd8dacaf0>,9,13,[7 3],13,29,42,16,29
1,<environment.Job instance at 0x7f4bd8dac320>,10,17,[3 9],14,42,59,28,30
1,<environment.Job instance at 0x7f4bd8dac870>,15,24,[6 1],21,43,67,22,43
1,<environment.Job instance at 0x7f4bd8d5ff50>,22,2,[8 3],31,67,69,36,49
1,<environment.Job instance at 0x7f4bd8d72cd0>,25,21,[4 5],35,69,90,34,62
1,<environment.Job instance at 0x7f4bd91dab40>,1,13,[5 7],4,4,17,0,4
1,<environment.Job instance at 0x7f4bd91dad20>,3,15,[2 7],9,17,32,8,17
1,<environment.Job instance at 0x7f4bd8da1140>,10,15,[5 2],16,18,33,2,18
1,<environment.Job instance at 0x7f4bd8da1370>,16,14,[3 6],22,32,46,10,22
1,<environment.Job instance at 0x7f4bd913b8c0>,23,14,[9 4],30,46,60,16,38
1,<environment.Job instance at 0x7f4bd92729b0>,28,16,[7 2],39,60,76,21,51
1,<environment.Job instance at 0x7f4bd928bb40>,45,13,[10  5],62,76,89,14,68
1,<environment.Job instance at 0x7f4bd8d4d1e0>,1,13,[3 7],2,2,15,0,2
1,<environment.Job instance at 0x7f4bd9427640>,21,13,[6 3],30,30,43,0,30
1,<environment.Job instance at 0x7f4bd9427690>,22,13,[7 4],31,43,56,12,32
1,<environment.Job instance at 0x7f4bd94279b0>,27,15,[1 6],37,48,63,11,48
1,<environment.Job instance at 0x7f4bd9427d70>,30,18,[6 3],40,56,74,16,48
1,<environment.Job instance at 0x7f4bd942c230>,1,1,[1 9],3,3,4,0,3
1,<environment.Job instance at 0x7f4bd942a0f0>,2,23,[3 6],4,4,27,0,4
1,<environment.Job instance at 0x7f4c1ccebd70>,7,12,[5 5],10,27,39,17,10
1,<environment.Job instance at 0x7f4c1ce9e780>,11,28,[2 6],17,39,67,22,39
1,<environment.Job instance at 0x7f4bd8f97460>,23,18,[6 1],38,39,57,1,39
1,<environment.Job instance at 0x7f4bd8da1960>,28,21,[5 7],45,67,88,22,59
1,<environment.Job instance at 0x7f4bd92dca50>,2,13,[10  5],5,5,18,0,5
1,<environment.Job instance at 0x7f4c1c9a15f0>,9,13,[9 5],16,18,31,2,16
1,<environment.Job instance at 0x7f4c1f0b56e0>,10,12,[2 6],17,31,43,14,17
1,<environment.Job instance at 0x7f4c1cb7a0f0>,17,3,[7 1],27,31,34,4,30
1,<environment.Job instance at 0x7f4c1f064280>,11,15,[2 7],18,43,58,25,30
1,<environment.Job instance at 0x7f4c1cac4be0>,16,24,[9 1],26,58,82,32,56
1,<environment.Job instance at 0x7f4c1c901af0>,0,17,[4 8],1,1,18,0,1
1,<environment.Job instance at 0x7f4c1c901690>,3,18,[1 5],4,18,36,14,8
1,<environment.Job instance at 0x7f4bd8bec280>,21,12,[5 8],25,36,48,11,25
1,<environment.Job instance at 0x7f4bd8beb230>,30,15,[2 9],37,48,63,11,42
1,<environment.Job instance at 0x7f4bd8beb820>,32,17,[8 1],39,50,67,11,50
1,<environment.Job instance at 0x7f4bd8beb0f0>,35,19,[8 2],42,67,86,25,57
1,<environment.Job instance at 0x7f4c23ddc1e0>,0,2,[2 5],1,1,3,0,1
1,<environment.Job instance at 0x7f4bd8bea870>,2,17,[2 6],4,4,21,0,4
1,<environment.Job instance at 0x7f4c23ddc5f0>,4,1,[2 8],6,21,22,15,11
1,<environment.Job instance at 0x7f4c23ddca00>,10,3,[6 4],14,18,21,4,18
1,<environment.Job instance at 0x7f4c1cc3f870>,13,22,[5 9],20,22,44,2,22
1,<environment.Job instance at 0x7f4c1cc3f410>,18,15,[3 7],30,44,59,14,30
1,<environment.Job instance at 0x7f4bd93482d0>,26,16,[10  4],42,59,75,17,46
1,<environment.Job instance at 0x7f4bd9348b40>,29,13,[5 6],46,75,88,29,59
1,<environment.Job instance at 0x7f4bd912d1e0>,2,12,[9 2],7,7,19,0,7
1,<environment.Job instance at 0x7f4c1cba0280>,9,28,[5 5],15,19,47,4,19
1,<environment.Job instance at 0x7f4bd90e23c0>,18,16,[3 6],27,47,63,20,34
1,<environment.Job instance at 0x7f4bd90e2500>,16,13,[7 1],25,47,60,22,47
1,<environment.Job instance at 0x7f4bd8b75b90>,24,15,[5 1],34,60,75,26,51
1,<environment.Job instance at 0x7f4bd8b6a0a0>,27,2,[9 2],38,75,77,37,51
1,<environment.Job instance at 0x7f4c1f7428c0>,31,12,[9 1],44,77,89,33,60
1,<environment.Job instance at 0x7f4bd94400f0>,1,17,[10  3],5,5,22,0,5
1,<environment.Job instance at 0x7f4c1ce62cd0>,8,12,[7 5],13,22,34,9,13
1,<environment.Job instance at 0x7f4bd8c8d780>,20,17,[5 9],27,34,51,7,27
1,<environment.Job instance at 0x7f4c1f758730>,14,18,[7 5],20,51,69,31,46
1,<environment.Job instance at 0x7f4bd91428c0>,31,18,[1 9],47,69,87,22,61
1,<environment.Job instance at 0x7f4bd9142820>,1,2,[10  1],3,3,5,0,3
1,<environment.Job instance at 0x7f4c1f391c30>,3,1,[2 8],6,6,7,0,6
1,<environment.Job instance at 0x7f4c1f2362d0>,9,13,[2 5],17,17,30,0,17
1,<environment.Job instance at 0x7f4c1f236280>,11,13,[6 2],19,19,32,0,19
1,<environment.Job instance at 0x7f4c1f236f00>,22,13,[6 5],33,38,51,5,38
1,<environment.Job instance at 0x7f4c1c98a1e0>,27,15,[9 1],38,51,66,13,38
1,<environment.Job instance at 0x7f4c1c98a5a0>,29,3,[10  3],41,66,69,25,47
1,<environment.Job instance at 0x7f4c1c98a9b0>,34,13,[5 5],49,69,82,20,57
1,<environment.Job instance at 0x7f4c1c98ab40>,31,17,[5 5],44,69,86,25,60
1,<environment.Job instance at 0x7f4c1c98aeb0>,35,13,[1 5],50,82,95,32,67
1,<environment.Job instance at 0x7f4c1cd92690>,0,1,[6 2],2,2,3,0,2
1,<environment.Job instance at 0x7f4c1cd92be0>,3,15,[4 5],5,5,20,0,5
1,<environment.Job instance at 0x7f4c1cd92dc0>,6,16,[5 5],9,10,26,1,10
1,<environment.Job instance at 0x7f4c1cd92eb0>,8,15,[9 3],13,26,41,13,13
1,<environment.Job instance at 0x7f4c1f204eb0>,24,16,[6 5],39,41,57,2,41
1,<environment.Job instance at 0x7f4c1c82c500>,22,1,[4 6],37,57,58,20,41
1,<environment.Job instance at 0x7f4c1f204c30>,28,14,[5 5],49,58,72,9,49
1,<environment.Job instance at 0x7f4c1c8c9e60>,32,3,[9 4],53,72,75,19,59
1,<environment.Job instance at 0x7f4c1c8c9d70>,33,3,[2 7],56,75,78,19,59
1,<environment.Job instance at 0x7f4c23d8a3c0>,35,2,[3 7],58,78,80,20,59
1,<environment.Job instance at 0x7f4bd8c8d7d0>,0,1,[5 3],3,3,4,0,3
1,<environment.Job instance at 0x7f4c1f6e14b0>,1,16,[2 7],5,5,21,0,5
1,<environment.Job instance at 0x7f4bd929d500>,25,3,[ 3 10],35,35,38,0,35
1,<environment.Job instance at 0x7f4bd929d5a0>,27,17,[6 3],40,40,57,0,40
1,<environment.Job instance at 0x7f4bd92830a0>,32,3,[6 4],45,57,60,12,47
1,<environment.Job instance at 0x7f4c1f277190>,16,18,[5 9],24,60,78,36,50
1,<environment.Job instance at 0x7f4c1cf43910>,40,13,[7 4],54,78,91,24,68
1,<environment.Job instance at 0x7f4bd90a9d20>,2,17,[4 5],3,3,20,0,3
1,<environment.Job instance at 0x7f4c1c8c5eb0>,7,16,[5 5],10,18,34,8,18
1,<environment.Job instance at 0x7f4c1c8d7690>,14,17,[5 8],19,34,51,15,22
1,<environment.Job instance at 0x7f4c1c8da4b0>,25,14,[3 8],39,51,65,12,39
1,<environment.Job instance at 0x7f4c1c8daa50>,29,16,[3 8],46,65,81,19,52
1,<environment.Job instance at 0x7f4c1c8dae10>,2,13,[2 8],3,3,16,0,3
1,<environment.Job instance at 0x7f4c1f099eb0>,3,18,[5 1],4,4,22,0,4
1,<environment.Job instance at 0x7f4c1ca12870>,7,18,[1 5],10,16,34,6,14
1,<environment.Job instance at 0x7f4c1c8bf870>,1,12,[5 6],2,34,46,32,23
1,<environment.Job instance at 0x7f4c1cb310f0>,23,13,[2 9],31,46,59,15,34
1,<environment.Job instance at 0x7f4c1f495be0>,27,21,[4 7],35,59,80,24,54
1,<environment.Job instance at 0x7f4bd937b780>,38,17,[4 9],51,80,97,29,68
1,<environment.Job instance at 0x7f4bd8dc11e0>,0,1,[2 8],2,2,3,0,2
1,<environment.Job instance at 0x7f4bd937bc30>,1,12,[ 1 10],3,3,15,0,3
1,<environment.Job instance at 0x7f4c23d8a140>,10,15,[2 7],14,15,30,1,14
1,<environment.Job instance at 0x7f4bd8df2230>,16,14,[3 5],20,30,44,10,28
1,<environment.Job instance at 0x7f4bd8df2d20>,18,13,[9 4],22,44,57,22,35
1,<environment.Job instance at 0x7f4bd8df2be0>,23,15,[10  4],27,57,72,30,43
1,<environment.Job instance at 0x7f4bd9057140>,32,15,[9 1],37,72,87,35,58
1,<environment.Job instance at 0x7f4c1f0c1780>,3,16,[7 4],8,8,24,0,8
1,<environment.Job instance at 0x7f4c1efca460>,12,16,[6 5],20,24,40,4,21
1,<environment.Job instance at 0x7f4c1ccd75f0>,26,17,[8 1],48,62,79,14,62
1,<environment.Job instance at 0x7f4c1f70fbe0>,2,14,[5 8],3,3,17,0,3
1,<environment.Job instance at 0x7f4c1cccdaf0>,5,12,[5 6],6,17,29,11,10
1,<environment.Job instance at 0x7f4bd8c0baf0>,12,2,[4 5],16,29,31,13,16
1,<environment.Job instance at 0x7f4c1f70faf0>,10,18,[4 8],14,31,49,17,20
1,<environment.Job instance at 0x7f4bd907d820>,21,12,[6 3],25,49,61,24,34
1,<environment.Job instance at 0x7f4bd8c0b960>,11,17,[2 7],15,49,66,34,47
1,<environment.Job instance at 0x7f4bd8c0b280>,14,12,[7 4],18,66,78,48,49
1,<environment.Job instance at 0x7f4c1f62c140>,34,16,[4 9],43,78,94,35,65
1,<environment.Job instance at 0x7f4bd937dcd0>,1,18,[5 5],3,3,21,0,3
1,<environment.Job instance at 0x7f4bd8dc1be0>,22,18,[10  1],38,41,59,3,41
1,<environment.Job instance at 0x7f4c1f07b460>,27,14,[5 3],43,59,73,16,52
1,<environment.Job instance at 0x7f4c1f07ba00>,26,17,[ 4 10],42,73,90,31,62
1,<environment.Job instance at 0x7fc15039bc80>,3,22,[5 7],5,5,27,0,5
1,<environment.Job instance at 0x7fc148f91cd0>,8,2,[6 3],14,27,29,13,19
1,<environment.Job instance at 0x7fc148f91eb0>,12,2,[ 4 10],19,29,31,10,19
1,<environment.Job instance at 0x7fc148f91f50>,9,18,[3 9],15,31,49,16,20
1,<environment.Job instance at 0x7fc148f94640>,17,14,[3 5],29,49,63,20,34
1,<environment.Job instance at 0x7fc148f94f50>,23,12,[ 5 10],35,63,75,28,46
1,<environment.Job instance at 0x7fc148f97820>,30,13,[4 7],51,75,88,24,62
1,<environment.Job instance at 0x7fc148f97aa0>,33,12,[ 2 10],56,88,100,32,73
1,<environment.Job instance at 0x7fc148f99640>,2,16,[4 7],4,4,20,0,4
1,<environment.Job instance at 0x7fc15050d550>,17,2,[4 6],22,22,24,0,22
1,<environment.Job instance at 0x7fc15050df00>,18,12,[5 5],23,24,36,1,23
1,<environment.Job instance at 0x7fc1502e72d0>,9,14,[8 1],13,36,50,23,23
1,<environment.Job instance at 0x7fc1502e7910>,12,20,[2 6],16,37,57,21,37
1,<environment.Job instance at 0x7fc1503cadc0>,26,17,[2 7],35,57,74,22,46
1,<environment.Job instance at 0x7fc1503ca2d0>,29,20,[7 1],38,57,77,19,57
1,<environment.Job instance at 0x7fc1503ca410>,33,17,[ 3 10],43,77,94,34,65
1,<environment.Job instance at 0x7fc15062bbe0>,1,14,[8 2],4,4,18,0,4
1,<environment.Job instance at 0x7fc105387050>,4,14,[ 3 10],7,18,32,11,9
1,<environment.Job instance at 0x7fc10524fb90>,12,3,[4 5],18,32,35,14,18
1,<environment.Job instance at 0x7fc10524fe60>,14,15,[5 4],22,32,47,10,32
1,<environment.Job instance at 0x7fc10524f550>,19,15,[2 6],32,35,50,3,32
1,<environment.Job instance at 0x7fc105310e60>,22,12,[7 5],35,50,62,15,35
1,<environment.Job instance at 0x7fc10524f320>,18,20,[ 2 10],30,62,82,32,54
1,<environment.Job instance at 0x7fc1052ffb90>,36,13,[5 7],54,82,95,28,66
1,<environment.Job instance at 0x7fc10524f9b0>,0,18,[1 6],2,2,20,0,2
1,<environment.Job instance at 0x7fc1053bd230>,11,1,[5 5],19,20,21,1,19
1,<environment.Job instance at 0x7fc1053bd8c0>,12,14,[ 2 10],21,21,35,0,21
1,<environment.Job instance at 0x7fc1053bd0f0>,14,13,[2 8],23,35,48,12,27
1,<environment.Job instance at 0x7fc105290780>,22,2,[5 2],34,35,37,1,34
1,<environment.Job instance at 0x7fc105290d70>,23,13,[9 3],37,48,61,11,38
1,<environment.Job instance at 0x7fc10585e780>,29,17,[ 2 10],44,61,78,17,50
1,<environment.Job instance at 0x7fc1058bb780>,37,3,[5 5],54,78,81,24,57
1,<environment.Job instance at 0x7fc1058bbcd0>,39,2,[5 3],57,78,80,21,57
1,<environment.Job instance at 0x7fc1058bbbe0>,40,18,[6 2],58,81,99,23,70
1,<environment.Job instance at 0x7fc105943a50>,5,16,[7 5],7,7,23,0,7
1,<environment.Job instance at 0x7fc105943c80>,7,16,[7 4],9,23,39,14,10
1,<environment.Job instance at 0x7fc1059554b0>,15,14,[5 5],18,39,53,21,24
1,<environment.Job instance at 0x7fc105955820>,18,19,[9 4],22,53,72,31,43
1,<environment.Job instance at 0x7fc105937910>,35,28,[2 6],47,72,100,25,72
1,<environment.Job instance at 0x7fc148e58b90>,4,3,[2 7],8,8,11,0,8
1,<environment.Job instance at 0x7fc148e58a00>,5,1,[ 1 10],11,11,12,0,11
1,<environment.Job instance at 0x7fc148e58230>,7,17,[3 6],13,13,30,0,13
1,<environment.Job instance at 0x7fc14fc7eb40>,22,12,[2 6],37,38,50,1,38
1,<environment.Job instance at 0x7fc14fc7eaf0>,23,15,[2 7],38,50,65,12,38
1,<environment.Job instance at 0x7fc14fc7eeb0>,21,13,[9 5],36,65,78,29,52
1,<environment.Job instance at 0x7fc14fc7ed20>,25,14,[5 9],42,78,92,36,63
1,<environment.Job instance at 0x7fc1053ae8c0>,0,16,[3 9],1,1,17,0,1
1,<environment.Job instance at 0x7fc1492a1d70>,4,2,[8 2],7,17,19,10,7
1,<environment.Job instance at 0x7fc14f8259b0>,5,13,[5 7],8,19,32,11,8
1,<environment.Job instance at 0x7fc148d4f910>,12,13,[7 2],17,32,45,15,17
1,<environment.Job instance at 0x7fc14faedaa0>,16,3,[7 1],21,45,48,24,22
1,<environment.Job instance at 0x7fc1502e7690>,22,14,[7 5],27,48,62,21,34
1,<environment.Job instance at 0x7fc148d4f320>,10,18,[1 5],14,43,61,29,43
1,<environment.Job instance at 0x7fc14facc460>,29,14,[7 5],36,62,76,26,47
1,<environment.Job instance at 0x7fc148d66460>,37,15,[2 9],47,76,91,29,62
1,<environment.Job instance at 0x7fc105419230>,0,2,[2 5],1,1,3,0,1
1,<environment.Job instance at 0x7fc14f8d5690>,1,14,[7 4],2,2,16,0,2
1,<environment.Job instance at 0x7fc1054195f0>,7,2,[4 8],11,16,18,5,11
1,<environment.Job instance at 0x7fc148ff2870>,10,3,[6 4],14,18,21,4,14
1,<environment.Job instance at 0x7fc148ff2aa0>,13,22,[5 9],20,21,43,1,21
1,<environment.Job instance at 0x7fc148fd11e0>,18,15,[3 7],30,43,58,13,33
1,<environment.Job instance at 0x7fc148fd1eb0>,30,18,[4 6],47,58,76,11,55
1,<environment.Job instance at 0x7fc148fd10a0>,19,1,[4 7],31,76,77,45,67
1,<environment.Job instance at 0x7fc148fd1e10>,33,23,[1 5],53,77,100,24,74
1,<environment.Job instance at 0x7fc148fe2500>,3,28,[5 5],5,5,33,0,5
1,<environment.Job instance at 0x7fc14f915c80>,6,3,[3 6],10,33,36,23,16
1,<environment.Job instance at 0x7fc148f40280>,15,13,[9 5],20,36,49,16,21
1,<environment.Job instance at 0x7fc14fe02640>,24,14,[5 9],32,49,63,17,34
1,<environment.Job instance at 0x7fc1055d6050>,26,13,[10  5],37,63,76,26,47
1,<environment.Job instance at 0x7fc10553fa50>,32,2,[2 8],46,76,78,30,58
1,<environment.Job instance at 0x7fc105142e60>,33,3,[5 9],47,78,81,31,58
1,<environment.Job instance at 0x7fc1058cd140>,34,13,[5 9],48,81,94,33,66
1,<environment.Job instance at 0x7fc148da3cd0>,37,3,[ 1 10],51,94,97,43,74
1,<environment.Job instance at 0x7fc148fd7780>,0,2,[2 9],1,1,3,0,1
1,<environment.Job instance at 0x7fc148fd7960>,2,17,[10  3],3,3,20,0,3
1,<environment.Job instance at 0x7fc148fd75f0>,4,1,[6 3],5,20,21,15,14
1,<environment.Job instance at 0x7fc148fdf230>,11,20,[6 2],17,21,41,4,17
1,<environment.Job instance at 0x7fc105667500>,16,18,[1 9],27,41,59,14,30
1,<environment.Job instance at 0x7fc148fd7eb0>,8,1,[8 4],10,59,60,49,39
1,<environment.Job instance at 0x7fc14fd6caa0>,25,18,[5 5],37,60,78,23,49
1,<environment.Job instance at 0x7fc14fd6c1e0>,26,19,[5 3],38,60,79,22,53
1,<environment.Job instance at 0x7fc105362460>,34,27,[9 3],48,79,106,31,78
1,<environment.Job instance at 0x7fc14910f190>,3,1,[10  4],5,7,8,2,7
1,<environment.Job instance at 0x7fc148e07aa0>,12,12,[8 2],18,25,37,7,25
1,<environment.Job instance at 0x7fc14fc24c80>,6,15,[9 1],8,37,52,29,27
1,<environment.Job instance at 0x7fc10552c370>,21,3,[5 9],30,52,55,22,33
1,<environment.Job instance at 0x7fc105518d20>,20,18,[3 6],28,55,73,27,44
1,<environment.Job instance at 0x7fc1050e3d70>,32,27,[5 1],46,56,83,10,56
1,<environment.Job instance at 0x7fc1050e3370>,34,16,[5 5],49,73,89,24,60
1,<environment.Job instance at 0x7fc148e18b90>,22,18,[1 5],32,83,101,51,79
1,<environment.Job instance at 0x7fc105104cd0>,43,13,[7 4],63,89,102,26,79
1,<environment.Job instance at 0x7fc1493b9320>,3,28,[7 4],10,10,38,0,10
1,<environment.Job instance at 0x7fc14f893d70>,26,12,[2 7],46,48,60,2,48
1,<environment.Job instance at 0x7fc14f793f50>,13,26,[6 3],25,48,74,23,48
1,<environment.Job instance at 0x7fc1493c93c0>,39,2,[1 9],63,74,76,11,64
1,<environment.Job instance at 0x7fc1492badc0>,40,15,[4 5],64,76,91,12,64
1,<environment.Job instance at 0x7fc1492babe0>,41,3,[ 3 10],65,91,94,26,72
1,<environment.Job instance at 0x7fc1492ba0f0>,44,14,[6 4],71,76,90,5,72
1,<environment.Job instance at 0x7fc1492835a0>,0,19,[4 5],1,1,20,0,1
1,<environment.Job instance at 0x7fc148dd16e0>,8,23,[5 7],11,20,43,9,18
1,<environment.Job instance at 0x7fc148dd1050>,12,3,[1 5],15,43,46,28,20
1,<environment.Job instance at 0x7fc148dd1640>,9,12,[9 5],12,43,55,31,36
1,<environment.Job instance at 0x7fc148dd1550>,13,15,[9 5],16,55,70,39,43
1,<environment.Job instance at 0x7fc14fe20870>,31,17,[5 8],39,70,87,31,58
1,<environment.Job instance at 0x7fc14f9035f0>,2,16,[4 6],3,3,19,0,3
1,<environment.Job instance at 0x7fc105576d20>,9,16,[2 6],17,19,35,2,17
1,<environment.Job instance at 0x7fc105818a50>,6,12,[5 6],12,35,47,23,18
1,<environment.Job instance at 0x7fc148e1fc30>,7,13,[2 8],13,47,60,34,38
1,<environment.Job instance at 0x7fc105036320>,32,21,[4 7],45,60,81,15,55
1,<environment.Job instance at 0x7fc1054370a0>,23,14,[10  3],34,81,95,47,70
1,<environment.Job instance at 0x7fc14fb46320>,0,1,[2 8],2,2,3,0,2
1,<environment.Job instance at 0x7fc14fad5910>,2,2,[3 6],4,4,6,0,4
1,<environment.Job instance at 0x7fc14ff13140>,3,16,[5 9],5,6,22,1,6
1,<environment.Job instance at 0x7fc1057bdc80>,12,17,[10  2],16,22,39,6,16
1,<environment.Job instance at 0x7fc1057cd050>,16,14,[3 5],20,39,53,19,24
1,<environment.Job instance at 0x7fc1057cd870>,23,15,[10  4],27,53,68,26,39
1,<environment.Job instance at 0x7fc1057bdaa0>,10,15,[2 7],14,68,83,54,54
1,<environment.Job instance at 0x7fc1057cdfa0>,32,15,[9 1],37,83,98,46,70
1,<environment.Job instance at 0x7fc1057c49b0>,1,14,[7 2],2,2,16,0,2
1,<environment.Job instance at 0x7fc1057891e0>,12,17,[3 6],16,16,33,0,16
1,<environment.Job instance at 0x7fc149194500>,17,25,[ 1 10],26,36,61,10,36
1,<environment.Job instance at 0x7fc14fcc50f0>,25,13,[7 1],43,61,74,18,47
1,<environment.Job instance at 0x7fc14fae00a0>,38,3,[1 5],58,61,64,3,60
1,<environment.Job instance at 0x7fc14fcc5230>,32,13,[6 4],50,74,87,24,63
1,<environment.Job instance at 0x7fc14faed1e0>,47,17,[4 9],67,87,104,20,75
1,<environment.Job instance at 0x7fc105660d70>,2,18,[1 5],3,3,21,0,3
1,<environment.Job instance at 0x7fc105660cd0>,3,27,[7 4],4,4,31,0,4
1,<environment.Job instance at 0x7fc10587bd20>,14,15,[7 3],19,31,46,12,19
1,<environment.Job instance at 0x7fc10579d780>,21,12,[4 9],27,46,58,19,33
1,<environment.Job instance at 0x7fc14f8835f0>,24,16,[1 7],30,58,74,28,46
1,<environment.Job instance at 0x7fc14918fd70>,1,1,[2 6],3,3,4,0,3
1,<environment.Job instance at 0x7fc10515fb90>,4,20,[7 2],9,10,30,1,10
1,<environment.Job instance at 0x7fc14905c230>,8,14,[5 3],13,30,44,17,18
1,<environment.Job instance at 0x7fc105689640>,13,19,[9 3],19,44,63,25,41
1,<environment.Job instance at 0x7fc1055be640>,19,2,[2 5],26,63,65,37,45
1,<environment.Job instance at 0x7fc1056865f0>,33,18,[5 5],50,63,81,13,52
1,<environment.Job instance at 0x7fc1056860f0>,34,17,[5 1],51,67,84,16,67
1,<environment.Job instance at 0x7fc105658a00>,25,13,[2 8],33,81,94,48,70
1,<environment.Job instance at 0x7fc10565a6e0>,42,13,[8 2],63,84,97,21,72
1,<environment.Job instance at 0x7fc14904a410>,0,17,[3 5],1,1,18,0,1
1,<environment.Job instance at 0x7fc148f70730>,11,14,[7 2],16,17,31,1,17
1,<environment.Job instance at 0x7fc14904aeb0>,7,1,[10  4],11,31,32,20,20
1,<environment.Job instance at 0x7fc148f705f0>,17,17,[3 7],22,32,49,10,22
1,<environment.Job instance at 0x7fc148db4c80>,24,1,[1 7],33,49,50,16,33
1,<environment.Job instance at 0x7fc1502c4aa0>,36,14,[10  3],51,52,66,1,52
1,<environment.Job instance at 0x7fc148db4140>,27,13,[3 5],37,66,79,29,53
1,<environment.Job instance at 0x7fc1494b19b0>,42,17,[6 5],61,66,83,5,63
1,<environment.Job instance at 0x7fc1494b1b40>,47,15,[2 6],67,83,98,16,70
1,<environment.Job instance at 0x7fc1494b17d0>,1,18,[5 5],3,3,21,0,3
1,<environment.Job instance at 0x7fc1051791e0>,6,15,[6 1],12,21,36,9,12
1,<environment.Job instance at 0x7fc105179c80>,15,16,[3 5],26,26,42,0,26
1,<environment.Job instance at 0x7fc14f8773c0>,18,19,[2 7],29,42,61,13,32
1,<environment.Job instance at 0x7fc14fdc86e0>,10,18,[7 2],19,48,66,29,48
1,<environment.Job instance at 0x7fc148dafbe0>,33,12,[9 5],47,66,78,19,59
1,<environment.Job instance at 0x7fc148e97b40>,36,13,[1 9],50,78,91,28,62
1,<environment.Job instance at 0x7fc14f982c30>,40,17,[4 6],57,91,108,34,79
1,<environment.Job instance at 0x7f51c4771460>,3,22,[5 7],5,5,27,0,5
1,<environment.Job instance at 0x7f51bd3670f0>,18,1,[7 5],30,30,31,0,30
1,<environment.Job instance at 0x7f51bd363e60>,16,28,[4 7],28,31,59,3,30
1,<environment.Job instance at 0x7f51bd367c30>,27,17,[1 6],44,59,76,15,53
1,<environment.Job instance at 0x7f51bd367f50>,30,13,[4 7],51,76,89,25,60
1,<environment.Job instance at 0x7f51bd365140>,32,14,[8 4],55,61,75,6,61
1,<environment.Job instance at 0x7f51bd36c410>,44,22,[4 6],74,89,111,15,82
1,<environment.Job instance at 0x7f51bd36c190>,43,23,[6 4],72,89,112,17,84
1,<environment.Job instance at 0x7f51c48e2140>,4,19,[3 8],5,5,24,0,5
1,<environment.Job instance at 0x7f51c48e25a0>,6,3,[7 4],7,24,27,17,9
1,<environment.Job instance at 0x7f51c479cf50>,11,12,[5 5],13,27,39,14,14
1,<environment.Job instance at 0x7f51c479ceb0>,12,16,[6 3],15,39,55,24,26
1,<environment.Job instance at 0x7f51c479cbe0>,13,14,[5 1],16,55,69,39,40
1,<environment.Job instance at 0x7f51c479d7d0>,23,18,[3 7],29,44,62,15,44
1,<environment.Job instance at 0x7f51c479db90>,26,17,[ 3 10],33,69,86,36,57
1,<environment.Job instance at 0x7f51c479c7d0>,16,15,[3 8],21,86,101,65,72
1,<environment.Job instance at 0x7f51c48ed500>,41,15,[1 9],59,101,116,42,89
1,<environment.Job instance at 0x7f51795b9b90>,0,15,[5 4],2,2,17,0,2
1,<environment.Job instance at 0x7f51795b6c30>,3,17,[5 7],9,17,34,8,11
1,<environment.Job instance at 0x7f51795b6410>,15,2,[ 1 10],24,34,36,10,28
1,<environment.Job instance at 0x7f51c47b7190>,16,12,[5 4],25,36,48,11,28
1,<environment.Job instance at 0x7f517960f050>,18,1,[8 1],27,48,49,21,28
1,<environment.Job instance at 0x7f517960fe10>,19,18,[9 1],28,49,67,21,40
1,<environment.Job instance at 0x7f517960f6e0>,23,16,[1 9],35,48,64,13,45
1,<environment.Job instance at 0x7f517960f910>,30,3,[3 7],45,67,70,22,56
1,<environment.Job instance at 0x7f5179673d20>,31,15,[5 2],46,67,82,21,56
1,<environment.Job instance at 0x7f51796734b0>,36,19,[6 4],51,82,101,31,74
1,<environment.Job instance at 0x7f51796e56e0>,1,13,[10  5],2,2,15,0,2
1,<environment.Job instance at 0x7f51795acdc0>,6,15,[6 5],10,15,30,5,10
1,<environment.Job instance at 0x7f51795ade10>,9,17,[ 2 10],14,30,47,16,19
1,<environment.Job instance at 0x7f51795adf50>,12,3,[3 5],17,25,28,8,25
1,<environment.Job instance at 0x7f5179a08730>,19,2,[5 3],27,47,49,20,27
1,<environment.Job instance at 0x7f5179b1c500>,28,13,[6 3],40,49,62,9,40
1,<environment.Job instance at 0x7f5179a08230>,21,20,[2 5],31,47,67,16,41
1,<environment.Job instance at 0x7f5179b1ceb0>,30,1,[8 3],42,62,63,20,42
1,<environment.Job instance at 0x7f5179acdd20>,34,15,[1 6],47,67,82,20,56
1,<environment.Job instance at 0x7f5179acd8c0>,37,18,[6 3],50,63,81,13,57
1,<environment.Job instance at 0x7f5179aecaa0>,45,16,[7 4],59,81,97,22,68
1,<environment.Job instance at 0x7f5179b16e10>,2,1,[8 1],5,5,6,0,5
1,<environment.Job instance at 0x7f5179b16410>,3,28,[2 6],7,7,35,0,7
1,<environment.Job instance at 0x7f5179a59870>,12,17,[2 5],24,35,52,11,24
1,<environment.Job instance at 0x7f5179a59f50>,18,14,[10  1],33,52,66,19,41
1,<environment.Job instance at 0x7f5179a4d410>,23,17,[10  5],39,66,83,27,54
1,<environment.Job instance at 0x7f5179a4d910>,28,3,[2 7],48,83,86,35,62
1,<environment.Job instance at 0x7f5179a4d780>,29,1,[ 1 10],51,86,87,35,62
1,<environment.Job instance at 0x7f5179a4daa0>,30,13,[1 9],52,87,100,35,71
1,<environment.Job instance at 0x7f5179a4daf0>,32,15,[ 5 10],54,100,115,46,86
1,<environment.Job instance at 0x7f5179a4df50>,1,1,[4 5],2,2,3,0,2
1,<environment.Job instance at 0x7f51bd270aa0>,2,1,[2 9],3,3,4,0,3
1,<environment.Job instance at 0x7f51bdb124b0>,22,3,[1 6],32,39,42,7,39
1,<environment.Job instance at 0x7f51bdb125f0>,23,12,[ 5 10],33,42,54,9,39
1,<environment.Job instance at 0x7f51bdb125a0>,24,3,[7 5],36,54,57,18,39
1,<environment.Job instance at 0x7f51bdb12e10>,25,2,[8 2],37,39,41,2,39
1,<environment.Job instance at 0x7f51bd5c4d70>,14,14,[ 3 10],22,57,71,35,42
1,<environment.Job instance at 0x7f51bdb135a0>,32,18,[6 2],46,71,89,25,63
1,<environment.Job instance at 0x7f51bd7141e0>,40,25,[5 5],54,89,114,35,85
1,<environment.Job instance at 0x7f51bd11ecd0>,3,16,[5 9],7,7,23,0,7
1,<environment.Job instance at 0x7f51798f1910>,8,18,[1 8],14,23,41,9,14
1,<environment.Job instance at 0x7f51bdee82d0>,20,16,[10  2],28,41,57,13,28
1,<environment.Job instance at 0x7f5179ac0e10>,21,2,[4 8],31,57,59,26,34
1,<environment.Job instance at 0x7f51bd886c80>,30,14,[1 5],46,59,73,13,48
1,<environment.Job instance at 0x7f51bd76b730>,38,16,[1 5],60,83,99,23,83
1,<environment.Job instance at 0x7f51bd6e6f50>,0,17,[8 2],4,6,23,2,6
1,<environment.Job instance at 0x7f51799f6320>,10,13,[6 4],17,23,36,6,18
1,<environment.Job instance at 0x7f51799f6780>,11,14,[10  3],18,36,50,18,34
1,<environment.Job instance at 0x7f51bd78e230>,20,12,[8 1],29,50,62,21,38
1,<environment.Job instance at 0x7f51bdaf3b90>,21,13,[9 5],30,62,75,32,48
1,<environment.Job instance at 0x7f51bd795a00>,17,16,[3 6],26,75,91,49,70
1,<environment.Job instance at 0x7f5179866cd0>,35,17,[5 1],50,75,92,25,73
1,<environment.Job instance at 0x7f517984c370>,38,2,[2 8],56,91,93,35,85
1,<environment.Job instance at 0x7f5179837500>,39,3,[5 9],57,93,96,36,87
1,<environment.Job instance at 0x7f51798371e0>,40,13,[5 9],58,96,109,38,87
1,<environment.Job instance at 0x7f5179b69780>,2,17,[10  3],3,3,20,0,3
1,<environment.Job instance at 0x7f5179b69a00>,12,15,[ 1 10],18,20,35,2,20
1,<environment.Job instance at 0x7f5179b69c30>,15,16,[10  2],26,35,51,9,26
1,<environment.Job instance at 0x7f51bd6396e0>,20,15,[10  5],32,51,66,19,39
1,<environment.Job instance at 0x7f51bd639e60>,25,18,[5 5],37,66,84,29,57
1,<environment.Job instance at 0x7f51bd639370>,26,19,[5 3],38,66,85,28,57
1,<environment.Job instance at 0x7f51bd41fe60>,29,2,[4 5],43,84,86,41,60
1,<environment.Job instance at 0x7f5179b69050>,5,17,[5 9],7,86,103,79,76
1,<environment.Job instance at 0x7f51bd55e3c0>,35,12,[6 5],49,103,115,54,87
1,<environment.Job instance at 0x7f51bddbde60>,1,12,[9 4],3,3,15,0,3
1,<environment.Job instance at 0x7f51bddbd960>,2,17,[5 5],4,15,32,11,6
1,<environment.Job instance at 0x7f51be008b90>,5,13,[5 5],9,15,28,6,11
1,<environment.Job instance at 0x7f51bd2a94b0>,6,13,[1 5],10,28,41,18,18
1,<environment.Job instance at 0x7f5179446190>,14,18,[1 5],22,35,53,13,35
1,<environment.Job instance at 0x7f51bdc68f00>,23,15,[4 5],35,41,56,6,35
1,<environment.Job instance at 0x7f51bdcba870>,24,27,[5 1],36,53,80,17,51
1,<environment.Job instance at 0x7f51bd2010a0>,26,16,[5 5],39,59,75,20,59
1,<environment.Job instance at 0x7f51bd2015a0>,35,13,[7 4],53,80,93,27,64
1,<environment.Job instance at 0x7f5179c6ce60>,40,13,[3 6],63,77,90,14,77
1,<environment.Job instance at 0x7f51794fea00>,41,2,[1 6],65,90,92,25,81
1,<environment.Job instance at 0x7f51bda07190>,43,18,[5 9],68,93,111,25,82
1,<environment.Job instance at 0x7f51bd9c9f50>,1,26,[6 3],5,6,32,1,6
1,<environment.Job instance at 0x7f5179c92230>,5,16,[2 7],15,19,35,4,19
1,<environment.Job instance at 0x7f51bd728410>,14,12,[2 7],26,35,47,9,26
1,<environment.Job instance at 0x7f51bdeb2050>,15,15,[4 9],27,47,62,20,37
1,<environment.Job instance at 0x7f51bdf08e60>,23,3,[2 6],38,62,65,24,38
1,<environment.Job instance at 0x7f51797f7230>,24,3,[3 5],39,65,68,26,39
1,<environment.Job instance at 0x7f51bd473e60>,25,2,[8 3],40,40,42,0,40
1,<environment.Job instance at 0x7f51bd3c7a00>,26,1,[5 6],42,68,69,26,42
1,<environment.Job instance at 0x7f51bd7fbaa0>,33,12,[10  5],52,69,81,17,52
1,<environment.Job instance at 0x7f51bd4ee0f0>,42,12,[3 6],62,81,93,19,66
1,<environment.Job instance at 0x7f5179c682d0>,47,13,[10  5],67,93,106,26,78
1,<environment.Job instance at 0x7f51799fc550>,2,14,[8 1],5,5,19,0,5
1,<environment.Job instance at 0x7f5179808c30>,11,21,[10  5],19,19,40,0,19
1,<environment.Job instance at 0x7f517981c5a0>,18,13,[8 3],31,40,53,9,34
1,<environment.Job instance at 0x7f51798085a0>,7,1,[5 1],10,53,54,43,35
1,<environment.Job instance at 0x7f517981c280>,21,16,[3 8],36,53,69,17,40
1,<environment.Job instance at 0x7f517981cdc0>,28,16,[5 1],47,72,88,25,72
1,<environment.Job instance at 0x7f51797fb050>,30,16,[5 2],50,75,91,25,75
1,<environment.Job instance at 0x7f51797fb280>,33,16,[4 6],53,88,104,35,75
1,<environment.Job instance at 0x7f51797fb690>,37,12,[5 6],62,104,116,42,89
1,<environment.Job instance at 0x7f51bd6940f0>,0,13,[2 9],1,1,14,0,1
1,<environment.Job instance at 0x7f51bd694550>,4,21,[4 7],5,14,35,9,14
1,<environment.Job instance at 0x7f51bd9c05f0>,15,17,[4 9],21,35,52,14,26
1,<environment.Job instance at 0x7f51be08f140>,24,16,[ 3 10],33,52,68,19,39
1,<environment.Job instance at 0x7f51be08fb40>,28,13,[1 7],37,68,81,31,54
1,<environment.Job instance at 0x7f51be00ff50>,34,16,[5 9],45,81,97,36,68
1,<environment.Job instance at 0x7f51bd8741e0>,41,15,[2 7],54,97,112,43,86
1,<environment.Job instance at 0x7f51bd2aa140>,3,13,[7 4],5,5,18,0,5
1,<environment.Job instance at 0x7f51bd2aa2d0>,8,16,[8 3],17,18,34,1,17
1,<environment.Job instance at 0x7f5179631c30>,15,14,[7 2],32,34,48,2,34
1,<environment.Job instance at 0x7f5179a94fa0>,22,16,[6 5],40,48,64,8,46
1,<environment.Job instance at 0x7f5179bb0e10>,30,12,[5 5],54,64,76,10,55
1,<environment.Job instance at 0x7f5179c047d0>,0,15,[9 4],1,3,18,2,3
1,<environment.Job instance at 0x7f5179bfe050>,10,18,[4 8],14,18,36,4,15
1,<environment.Job instance at 0x7f5179bfe820>,16,1,[2 5],20,36,37,16,21
1,<environment.Job instance at 0x7f5179bfe410>,11,17,[2 7],15,37,54,22,25
1,<environment.Job instance at 0x7f5179bfedc0>,22,16,[10  2],26,54,70,28,41
1,<environment.Job instance at 0x7f5179c1e640>,33,19,[9 1],41,70,89,29,60
1,<environment.Job instance at 0x7f5179c1ec30>,37,17,[7 5],46,89,106,43,81
1,<environment.Job instance at 0x7f5179c26050>,0,14,[6 3],1,1,15,0,1
1,<environment.Job instance at 0x7f5179c26f00>,3,17,[4 5],6,10,27,4,10
1,<environment.Job instance at 0x7f51bd39b230>,17,13,[3 8],25,27,40,2,27
1,<environment.Job instance at 0x7f5179bdebe0>,14,17,[ 4 10],22,40,57,18,28
1,<environment.Job instance at 0x7f51797d0d70>,28,15,[ 4 10],38,57,72,19,43
1,<environment.Job instance at 0x7f51bdcf58c0>,37,13,[10  1],51,72,85,21,63
1,<environment.Job instance at 0x7f51bdcf56e0>,41,17,[5 1],61,85,102,24,74
1,<environment.Job instance at 0x7f51bdcf5140>,36,17,[2 7],49,85,102,36,80
1,<environment.Job instance at 0x7f5179b9c550>,0,17,[3 5],1,1,18,0,1
1,<environment.Job instance at 0x7f5179b9c320>,3,13,[4 5],5,6,19,1,6
1,<environment.Job instance at 0x7f51bd3a9eb0>,11,14,[7 2],16,19,33,3,16
1,<environment.Job instance at 0x7f5179b9c780>,4,12,[1 6],6,19,31,13,18
1,<environment.Job instance at 0x7f51bd2f16e0>,14,14,[6 1],19,33,47,14,19
1,<environment.Job instance at 0x7f517982f410>,22,16,[9 4],31,47,63,16,35
1,<environment.Job instance at 0x7f5179741370>,33,18,[4 7],48,63,81,15,53
1,<environment.Job instance at 0x7f5179852690>,38,14,[8 3],54,81,95,27,67
1,<environment.Job instance at 0x7f5179a99c30>,55,16,[1 9],78,95,111,17,85
1,<environment.Job instance at 0x7f5179a995f0>,58,3,[9 2],82,111,114,29,89
1,<environment.Job instance at 0x7f51794c7b90>,12,3,[5 6],18,18,21,0,18
1,<environment.Job instance at 0x7f51794b6190>,13,19,[2 7],19,21,40,2,19
1,<environment.Job instance at 0x7f51794b6870>,19,16,[4 6],28,40,56,12,28
1,<environment.Job instance at 0x7f51794b6f00>,25,3,[1 9],34,56,59,22,38
1,<environment.Job instance at 0x7f51794b6dc0>,26,15,[1 9],35,59,74,24,45
1,<environment.Job instance at 0x7f51794c7e60>,10,16,[3 5],16,74,90,58,61
1,<environment.Job instance at 0x7f51794b5f50>,39,17,[7 1],53,64,81,11,64
1,<environment.Job instance at 0x7f51794e8370>,43,18,[5 2],61,81,99,20,74
1,<environment.Job instance at 0x7f51794e8a50>,1,17,[8 4],3,3,20,0,3
1,<environment.Job instance at 0x7f5179b2ed20>,11,12,[1 5],20,20,32,0,20
1,<environment.Job instance at 0x7f5179b2e3c0>,13,18,[7 1],22,22,40,0,22
1,<environment.Job instance at 0x7f51bd98bb90>,17,1,[3 5],27,32,33,5,27
1,<environment.Job instance at 0x7f51bdb206e0>,19,13,[1 9],29,33,46,4,29
1,<environment.Job instance at 0x7f51798cffa0>,22,12,[9 5],34,46,58,12,35
1,<environment.Job instance at 0x7f51bd2915f0>,31,18,[5 1],45,58,76,13,52
1,<environment.Job instance at 0x7f5179b430a0>,33,13,[4 6],47,58,71,11,58
1,<environment.Job instance at 0x7f51bd208230>,36,17,[6 2],52,76,93,24,64
1,<environment.Job instance at 0x7f517964c640>,42,18,[1 7],61,71,89,10,65
1,<environment.Job instance at 0x7f51c479b410>,44,19,[1 8],64,89,108,25,80
1,<environment.Job instance at 0x7f5179c81cd0>,0,16,[1 8],3,3,19,0,3
1,<environment.Job instance at 0x7f51c479deb0>,7,18,[9 4],15,19,37,4,15
1,<environment.Job instance at 0x7f51c4375c30>,16,14,[1 6],25,25,39,0,25
1,<environment.Job instance at 0x7f51bdb8eaf0>,14,12,[2 5],23,39,51,16,30
1,<environment.Job instance at 0x7f51bdc15b90>,26,14,[7 3],43,43,57,0,43
1,<environment.Job instance at 0x7f51bd8bd7d0>,17,12,[3 7],27,51,63,24,43
1,<environment.Job instance at 0x7f51bddef8c0>,28,3,[10  1],46,63,66,17,49
1,<environment.Job instance at 0x7f51bd8c2be0>,27,18,[10  4],45,66,84,21,55
1,<environment.Job instance at 0x7f51bddef960>,34,18,[3 6],53,84,102,31,73
1,<environment.Job instance at 0x7f51bd121c80>,38,13,[6 3],60,84,97,24,79
1,<environment.Job instance at 0x7f51bd121140>,39,13,[3 8],61,102,115,41,86
1,<environment.Job instance at 0x7f517960ad20>,44,2,[6 3],68,97,99,29,86
1,<environment.Job instance at 0x7f60fd8182d0>,2,22,[4 8],3,3,25,0,3
1,<environment.Job instance at 0x7f60f64095f0>,6,18,[6 2],12,18,36,6,18
1,<environment.Job instance at 0x7f60f6409730>,9,18,[3 9],15,36,54,21,27
1,<environment.Job instance at 0x7f60f640b9b0>,26,1,[5 4],42,54,55,12,44
1,<environment.Job instance at 0x7f60f64099b0>,11,13,[10  2],18,55,68,37,46
1,<environment.Job instance at 0x7f60f640bfa0>,30,13,[4 7],51,68,81,17,55
1,<environment.Job instance at 0x7f60f640e730>,36,1,[8 1],59,81,82,22,65
1,<environment.Job instance at 0x7f60f640e5f0>,38,1,[2 6],62,81,82,19,65
1,<environment.Job instance at 0x7f60f640e780>,39,2,[6 5],63,82,84,19,65
1,<environment.Job instance at 0x7f60f640ecd0>,41,13,[6 5],67,84,97,17,69
1,<environment.Job instance at 0x7f60f6411410>,44,22,[4 6],74,97,119,23,90
1,<environment.Job instance at 0x7f60f64d1460>,0,21,[5 3],1,1,22,0,1
1,<environment.Job instance at 0x7f60fd9875a0>,7,15,[3 8],11,22,37,11,11
1,<environment.Job instance at 0x7f60fd98eaf0>,13,20,[7 1],18,23,43,5,23
1,<environment.Job instance at 0x7f60fd985960>,15,17,[3 9],20,37,54,17,28
1,<environment.Job instance at 0x7f60fd98e780>,10,17,[2 7],15,54,71,39,45
1,<environment.Job instance at 0x7f60fd840e10>,29,13,[5 1],46,72,85,26,72
1,<environment.Job instance at 0x7f60fd840e60>,31,14,[1 6],48,75,89,27,75
1,<environment.Job instance at 0x7f60fd98c2d0>,20,14,[2 5],31,89,103,58,78
1,<environment.Job instance at 0x7f60fd83fc80>,35,13,[7 3],53,90,103,37,90
1,<environment.Job instance at 0x7f60fd98e190>,12,16,[ 4 10],17,103,119,86,92
1,<environment.Job instance at 0x7f60fd83f410>,1,27,[4 6],2,4,31,2,4
1,<environment.Job instance at 0x7f60b26db910>,11,16,[1 9],15,31,47,16,18
1,<environment.Job instance at 0x7f60b26f8c30>,29,18,[6 5],36,47,65,11,47
1,<environment.Job instance at 0x7f60b27d9c30>,33,18,[1 6],42,65,83,23,55
1,<environment.Job instance at 0x7f60b2703b90>,45,14,[ 2 10],61,83,97,22,80
1,<environment.Job instance at 0x7f60b27030a0>,46,17,[3 8],62,97,114,35,85
1,<environment.Job instance at 0x7f60b2838780>,0,20,[2 5],1,1,21,0,1
1,<environment.Job instance at 0x7f60b2a43aa0>,7,13,[6 3],10,10,23,0,10
1,<environment.Job instance at 0x7f60b2a43230>,10,20,[1 7],13,21,41,8,13
1,<environment.Job instance at 0x7f60b26a2870>,17,2,[5 8],21,41,43,20,34
1,<environment.Job instance at 0x7f60b26a2960>,18,24,[ 1 10],22,43,67,21,39
1,<environment.Job instance at 0x7f60b2be84b0>,32,14,[5 5],38,67,81,29,52
1,<environment.Job instance at 0x7f60b281e690>,37,14,[2 7],46,81,95,35,73
1,<environment.Job instance at 0x7f60b2a50500>,41,12,[7 2],51,81,93,30,78
1,<environment.Job instance at 0x7f60b2c04280>,44,13,[5 4],55,95,108,40,90
1,<environment.Job instance at 0x7f60b2bca9b0>,0,3,[4 6],1,1,4,0,1
1,<environment.Job instance at 0x7f60b2bca500>,2,13,[5 2],4,4,17,0,4
1,<environment.Job instance at 0x7f60b2dcf7d0>,8,15,[ 5 10],14,22,37,8,22
1,<environment.Job instance at 0x7f60b2db8370>,21,13,[9 5],36,40,53,4,40
1,<environment.Job instance at 0x7f60b2db8b40>,25,14,[5 9],42,53,67,11,42
1,<environment.Job instance at 0x7f60b2dcfe60>,16,2,[1 8],28,67,69,39,45
1,<environment.Job instance at 0x7f60b2dcf910>,10,13,[4 6],18,69,82,51,54
1,<environment.Job instance at 0x7f60b2db8f00>,33,16,[ 5 10],51,82,98,31,74
1,<environment.Job instance at 0x7f60f639b7d0>,6,14,[7 5],7,7,21,0,7
1,<environment.Job instance at 0x7f60fd1039b0>,17,3,[9 5],23,23,26,0,23
1,<environment.Job instance at 0x7f60fd103d70>,20,12,[8 3],26,26,38,0,26
1,<environment.Job instance at 0x7f60fd1034b0>,12,12,[5 8],15,38,50,23,27
1,<environment.Job instance at 0x7f60fcf3b3c0>,33,12,[5 7],43,50,62,7,49
1,<environment.Job instance at 0x7f60fcf3b0a0>,35,16,[5 9],47,62,78,15,50
1,<environment.Job instance at 0x7f60b2cc2be0>,38,12,[3 5],50,78,90,28,66
1,<environment.Job instance at 0x7f60b2cc2af0>,39,12,[6 3],52,78,90,26,66
1,<environment.Job instance at 0x7f60b2cc21e0>,41,3,[4 7],55,90,93,35,66
1,<environment.Job instance at 0x7f60f6372500>,48,17,[2 6],64,93,110,29,81
1,<environment.Job instance at 0x7f60f61f5eb0>,1,16,[10  4],2,2,18,0,2
1,<environment.Job instance at 0x7f60b28ef820>,5,18,[4 6],7,18,36,11,7
1,<environment.Job instance at 0x7f60b2971b90>,20,2,[5 8],28,52,54,24,52
1,<environment.Job instance at 0x7f60b287a910>,25,12,[9 2],37,57,69,20,57
1,<environment.Job instance at 0x7f60f655e0a0>,15,12,[1 7],22,65,77,43,65
1,<environment.Job instance at 0x7f60f6343cd0>,32,28,[5 5],45,77,105,32,76
1,<environment.Job instance at 0x7f60f6343eb0>,33,13,[6 4],47,105,118,58,89
1,<environment.Job instance at 0x7f60fcc9c2d0>,0,3,[7 2],3,3,6,0,3
1,<environment.Job instance at 0x7f60b26a3e10>,2,3,[5 7],6,6,9,0,6
1,<environment.Job instance at 0x7f60fce72960>,4,1,[ 3 10],9,9,10,0,9
1,<environment.Job instance at 0x7f60fce72b40>,5,1,[1 6],10,10,11,0,10
1,<environment.Job instance at 0x7f60fce72c80>,6,17,[10  4],11,11,28,0,11
1,<environment.Job instance at 0x7f60fce48230>,12,15,[6 3],17,28,43,11,18
1,<environment.Job instance at 0x7f60fce6d140>,27,15,[ 1 10],38,43,58,5,38
1,<environment.Job instance at 0x7f60fce6d640>,29,1,[ 2 10],45,58,59,13,45
1,<environment.Job instance at 0x7f60fce6d730>,30,16,[10  2],46,59,75,13,46
1,<environment.Job instance at 0x7f60fce48460>,20,17,[5 9],27,75,92,48,63
1,<environment.Job instance at 0x7f60fce741e0>,43,14,[2 9],62,92,106,30,79
1,<environment.Job instance at 0x7f60b29935f0>,4,3,[6 4],6,6,9,0,6
1,<environment.Job instance at 0x7f60b2993dc0>,2,16,[4 5],4,9,25,5,9
1,<environment.Job instance at 0x7f60b2993e10>,6,15,[9 1],8,25,40,17,12
1,<environment.Job instance at 0x7f60f6468c30>,10,17,[5 5],14,40,57,26,28
1,<environment.Job instance at 0x7f60b2caad20>,13,13,[5 5],19,40,53,21,39
1,<environment.Job instance at 0x7f60f63e6fa0>,9,12,[9 4],13,57,69,44,40
1,<environment.Job instance at 0x7f60b258a140>,19,12,[2 6],26,69,81,43,52
1,<environment.Job instance at 0x7f60b2ca3320>,34,16,[5 5],49,81,97,32,68
1,<environment.Job instance at 0x7f60b2c3a320>,43,13,[7 4],63,97,110,34,82
1,<environment.Job instance at 0x7f60fd165320>,47,15,[4 7],71,110,125,39,96
1,<environment.Job instance at 0x7f60fcfba8c0>,49,2,[1 6],75,97,99,22,96
1,<environment.Job instance at 0x7f60fcfba730>,1,26,[6 3],5,6,32,1,6
1,<environment.Job instance at 0x7f60b24dc460>,9,21,[3 5],19,19,40,0,19
1,<environment.Job instance at 0x7f60f6519dc0>,3,13,[7 2],10,32,45,22,24
1,<environment.Job instance at 0x7f60fcc97cd0>,22,3,[5 2],36,45,48,9,38
1,<environment.Job instance at 0x7f60fcd38b40>,15,15,[4 9],27,48,63,21,38
1,<environment.Job instance at 0x7f60fd3e8f50>,20,18,[5 9],34,63,81,29,58
1,<environment.Job instance at 0x7f60fd1dc780>,42,12,[3 6],62,81,93,19,64
1,<environment.Job instance at 0x7f60fd164280>,40,13,[3 6],60,93,106,33,79
1,<environment.Job instance at 0x7f60f64a5370>,32,14,[6 4],51,88,102,37,88
1,<environment.Job instance at 0x7f60fcfd4640>,51,3,[8 3],73,106,109,33,98
1,<environment.Job instance at 0x7f60fd06e640>,54,15,[9 5],76,109,124,33,98
1,<environment.Job instance at 0x7f60f61cb500>,3,21,[10  5],9,9,30,0,9
1,<environment.Job instance at 0x7f60b2b4cbe0>,14,15,[1 8],28,30,45,2,28
1,<environment.Job instance at 0x7f60b2b4c8c0>,11,14,[9 5],22,45,59,23,31
1,<environment.Job instance at 0x7f60b2b4ce60>,18,16,[7 3],34,59,75,25,46
1,<environment.Job instance at 0x7f60b2b1d730>,26,1,[3 7],46,59,60,13,53
1,<environment.Job instance at 0x7f60b2b1d140>,20,16,[5 1],37,78,94,41,78
1,<environment.Job instance at 0x7f60b2b1dc30>,30,13,[2 8],53,83,96,30,83
1,<environment.Job instance at 0x7f60b2b1d500>,22,16,[5 2],40,94,110,54,87
1,<environment.Job instance at 0x7f60b2b1dc80>,32,16,[2 6],57,96,112,39,87
1,<environment.Job instance at 0x7f60b2b1c280>,1,13,[5 3],2,2,15,0,2
1,<environment.Job instance at 0x7f60b2cbb1e0>,12,18,[5 8],16,16,34,0,16
1,<environment.Job instance at 0x7f60b2cbbd20>,16,1,[2 8],22,34,35,12,23
1,<environment.Job instance at 0x7f60b2aad820>,19,16,[5 9],25,35,51,10,25
1,<environment.Job instance at 0x7f60b2aad8c0>,20,15,[9 5],26,51,66,25,37
1,<environment.Job instance at 0x7f60fcd10d20>,31,17,[8 2],39,66,83,27,55
1,<environment.Job instance at 0x7f60fcd10be0>,35,3,[8 2],43,83,86,40,68
1,<environment.Job instance at 0x7f60fcd10dc0>,36,14,[2 8],44,68,82,24,68
1,<environment.Job instance at 0x7f60b2cbbdc0>,11,13,[ 3 10],15,86,99,71,75
1,<environment.Job instance at 0x7f60b267d190>,39,15,[10  4],47,99,114,52,85
1,<environment.Job instance at 0x7f60f61e5730>,1,14,[7 2],2,2,16,0,2
1,<environment.Job instance at 0x7f60b28c4190>,12,17,[3 6],16,16,33,0,16
1,<environment.Job instance at 0x7f60f6742050>,25,13,[7 1],43,47,60,4,47
1,<environment.Job instance at 0x7f60b2902f50>,32,13,[6 4],50,60,73,10,54
1,<environment.Job instance at 0x7f60fcd38050>,37,1,[5 8],56,73,74,17,63
1,<environment.Job instance at 0x7f60fcd38be0>,39,3,[1 8],59,74,77,15,63
1,<environment.Job instance at 0x7f60fcd38f50>,40,2,[9 2],60,74,76,14,64
1,<environment.Job instance at 0x7f60fcd38730>,41,15,[9 4],61,77,92,16,64
1,<environment.Job instance at 0x7f60b29021e0>,29,16,[3 5],47,92,108,45,79
1,<environment.Job instance at 0x7f60f6685d20>,54,14,[5 5],77,92,106,15,87
1,<environment.Job instance at 0x7f60b26b7af0>,0,19,[9 1],1,3,22,2,3
1,<environment.Job instance at 0x7f60b2c52e10>,7,13,[9 4],9,22,35,13,10
1,<environment.Job instance at 0x7f60f6685550>,5,12,[4 9],7,35,47,28,20
1,<environment.Job instance at 0x7f60b2c85f00>,15,16,[4 7],27,47,63,20,34
1,<environment.Job instance at 0x7f60b2c85960>,19,16,[4 9],32,63,79,31,50
1,<environment.Job instance at 0x7f60f666ab40>,1,2,[2 7],8,8,10,0,8
1,<environment.Job instance at 0x7f60f66ffd70>,10,14,[6 3],20,20,34,0,20
1,<environment.Job instance at 0x7f60b2905af0>,19,1,[4 7],32,38,39,6,38
1,<environment.Job instance at 0x7f60b2bdf0f0>,13,15,[1 5],26,40,55,14,40
1,<environment.Job instance at 0x7f60f671f320>,26,1,[8 4],42,56,57,14,56
1,<environment.Job instance at 0x7f60f671f5f0>,27,12,[8 3],43,62,74,19,62
1,<environment.Job instance at 0x7f60fcf674b0>,25,17,[3 5],41,74,91,33,66
1,<environment.Job instance at 0x7f60fcf5d690>,40,2,[1 5],60,67,69,7,67
1,<environment.Job instance at 0x7f60fcde0b40>,41,14,[4 8],61,91,105,30,76
1,<environment.Job instance at 0x7f60b24938c0>,44,14,[6 2],66,80,94,14,80
1,<environment.Job instance at 0x7f60fd712500>,45,1,[5 2],68,94,95,26,80
1,<environment.Job instance at 0x7f60fd712a00>,49,1,[1 7],73,105,106,32,80
1,<environment.Job instance at 0x7f60b26c69b0>,51,18,[5 4],76,106,124,30,95
1,<environment.Job instance at 0x7f60f671ff00>,29,12,[1 6],46,106,118,60,98
1,<environment.Job instance at 0x7f60b23d1e10>,0,17,[6 5],1,1,18,0,1
1,<environment.Job instance at 0x7f60f63c20f0>,10,14,[1 5],13,13,27,0,13
1,<environment.Job instance at 0x7f60f63c2aa0>,12,13,[ 3 10],17,27,40,10,17
1,<environment.Job instance at 0x7f60f63c24b0>,16,3,[9 2],22,40,43,18,28
1,<environment.Job instance at 0x7f60f63c2e10>,20,1,[8 2],30,43,44,13,30
1,<environment.Job instance at 0x7f60f63c22d0>,21,3,[5 9],31,44,47,13,32
1,<environment.Job instance at 0x7f60f63c2be0>,22,15,[6 1],32,47,62,15,40
1,<environment.Job instance at 0x7f60b23ec960>,24,27,[2 9],34,48,75,14,48
1,<environment.Job instance at 0x7f60f63c2640>,15,13,[6 5],20,75,88,55,61
1,<environment.Job instance at 0x7f60b23ecf00>,26,18,[7 2],39,88,106,49,77
1,<environment.Job instance at 0x7f60f63c2690>,14,16,[4 8],19,106,122,87,94
1,<environment.Job instance at 0x7f60b2406370>,0,13,[5 5],1,1,14,0,1
1,<environment.Job instance at 0x7f60b2406e60>,2,12,[1 7],8,14,26,6,8
1,<environment.Job instance at 0x7f60b2d878c0>,5,14,[4 5],12,26,40,14,12
1,<environment.Job instance at 0x7f60b2d7dc80>,12,12,[2 8],24,40,52,16,24
1,<environment.Job instance at 0x7f60b2d5a1e0>,21,12,[1 5],40,52,64,12,44
1,<environment.Job instance at 0x7f60b2d79460>,28,23,[9 4],48,59,82,11,59
1,<environment.Job instance at 0x7f60b2776d70>,31,3,[3 8],53,82,85,29,62
1,<environment.Job instance at 0x7f60b26233c0>,33,15,[5 3],55,85,100,30,72
1,<environment.Job instance at 0x7f60b2929e60>,40,13,[3 9],63,100,113,37,88
1,<environment.Job instance at 0x7f60b2d5ea50>,23,18,[7 1],42,100,118,58,90
1,<environment.Job instance at 0x7f60b2928230>,2,17,[8 4],6,6,23,0,6
1,<environment.Job instance at 0x7f60f6622910>,4,12,[7 2],10,23,35,13,14
1,<environment.Job instance at 0x7f60f6626870>,11,18,[6 4],23,35,53,12,24
1,<environment.Job instance at 0x7f60fcfc8370>,21,14,[1 6],35,40,54,5,40
1,<environment.Job instance at 0x7f60fcfc8e60>,22,12,[3 7],37,54,66,17,40
1,<environment.Job instance at 0x7f60fcfee0a0>,23,22,[5 2],38,53,75,15,47
1,<environment.Job instance at 0x7f60f6622320>,6,16,[4 8],14,66,82,52,61
1,<environment.Job instance at 0x7f60b2c69d20>,36,18,[10  4],60,82,100,22,71
1,<environment.Job instance at 0x7f60b2c69500>,39,18,[3 6],63,100,118,37,89
1,<environment.Job instance at 0x7f60f6864370>,0,13,[5 3],1,1,14,0,1
1,<environment.Job instance at 0x7f60fd121c80>,10,2,[3 7],11,11,13,0,11
1,<environment.Job instance at 0x7f60fcc92780>,11,2,[ 3 10],12,14,16,2,12
1,<environment.Job instance at 0x7f60fcc92820>,12,14,[9 5],13,18,32,5,18
1,<environment.Job instance at 0x7f60fcc92be0>,16,15,[1 8],17,32,47,15,20
1,<environment.Job instance at 0x7f60fcc92960>,17,2,[ 3 10],18,47,49,29,20
1,<environment.Job instance at 0x7f60fcc92eb0>,13,14,[6 1],14,49,63,35,34
1,<environment.Job instance at 0x7f60fcc92910>,14,16,[3 8],15,49,65,34,36
1,<environment.Job instance at 0x7f60b24f0d20>,32,13,[9 1],41,65,78,24,61
1,<environment.Job instance at 0x7f60f6332cd0>,35,12,[7 5],45,78,90,33,63
1,<environment.Job instance at 0x7f60f63320a0>,36,16,[2 5],46,78,94,32,66
1,<environment.Job instance at 0x7f60f6332d20>,44,13,[1 8],65,94,107,29,80
1,<environment.Job instance at 0x7f60b24deaf0>,47,14,[5 5],68,107,121,39,92
1,<environment.Job instance at 0x7f60b2b28690>,0,18,[3 6],2,2,20,0,2
1,<environment.Job instance at 0x7f60fd1757d0>,11,16,[7 4],16,16,32,0,16
1,<environment.Job instance at 0x7f60fd175820>,12,16,[6 3],17,32,48,15,21
1,<environment.Job instance at 0x7f60b259a050>,22,18,[8 1],32,48,66,16,37
1,<environment.Job instance at 0x7f60fd173e10>,28,16,[2 7],39,51,67,12,51
1,<environment.Job instance at 0x7f60fd168780>,29,3,[2 6],41,67,70,26,51
1,<environment.Job instance at 0x7f60fd168960>,31,2,[4 5],43,70,72,27,52
1,<environment.Job instance at 0x7f60fd14a320>,35,15,[1 6],50,72,87,22,59
1,<environment.Job instance at 0x7f60f6892280>,44,15,[8 4],61,72,87,11,68
1,<environment.Job instance at 0x7f60f6892190>,46,12,[2 7],65,87,99,22,70
1,<environment.Job instance at 0x7f60b259a370>,21,12,[2 8],29,99,111,70,83
1,<environment.Job instance at 0x7f60fd144730>,57,3,[2 6],79,111,114,32,93
1,<environment.Job instance at 0x7f60fd144870>,58,14,[2 9],81,114,128,33,99
1,<environment.Job instance at 0x7f1dd95794b0>,2,22,[4 8],3,3,25,0,3
1,<environment.Job instance at 0x7f1dd2126af0>,13,13,[7 3],20,25,38,5,22
1,<environment.Job instance at 0x7f1dd2126aa0>,14,15,[7 4],22,38,53,16,31
1,<environment.Job instance at 0x7f1dd21269b0>,11,13,[10  2],18,53,66,35,40
1,<environment.Job instance at 0x7f1dd212aa00>,27,17,[1 6],44,66,83,22,54
1,<environment.Job instance at 0x7f1dd21271e0>,34,13,[2 8],57,83,96,26,70
1,<environment.Job instance at 0x7f1dd21275a0>,36,1,[8 1],59,70,71,11,70
1,<environment.Job instance at 0x7f1dd2127690>,38,1,[2 6],62,96,97,34,80
1,<environment.Job instance at 0x7f1dd2127a50>,41,13,[6 5],67,97,110,30,81
1,<environment.Job instance at 0x7f1dd212a5f0>,22,18,[2 6],34,110,128,76,99
1,<environment.Job instance at 0x7f1dd212ea50>,54,13,[6 3],90,110,123,20,105
1,<environment.Job instance at 0x7f1dd96ab410>,0,15,[3 8],1,1,16,0,1
1,<environment.Job instance at 0x7f1dd2127190>,2,18,[4 6],4,16,34,12,5
1,<environment.Job instance at 0x7f1dd96a6190>,11,2,[7 4],14,34,36,20,22
1,<environment.Job instance at 0x7f1dd96a6e10>,14,14,[1 5],22,34,48,12,23
1,<environment.Job instance at 0x7f1dd96a6c30>,13,14,[2 5],21,36,50,15,26
1,<environment.Job instance at 0x7f1dd96a9b90>,23,3,[8 5],37,48,51,11,39
1,<environment.Job instance at 0x7f1dd96a9230>,24,14,[1 6],38,51,65,13,39
1,<environment.Job instance at 0x7f1dd96ab4b0>,3,17,[2 7],5,65,82,60,64
1,<environment.Job instance at 0x7f1dd955e820>,29,17,[3 9],44,82,99,38,71
1,<environment.Job instance at 0x7f1dd955e910>,28,13,[7 3],43,99,112,56,87
1,<environment.Job instance at 0x7f1dd955d460>,38,14,[ 3 10],57,112,126,55,97
1,<environment.Job instance at 0x7f1d8e5b0f50>,1,2,[4 9],2,2,4,0,2
1,<environment.Job instance at 0x7f1d8e4cd640>,3,15,[1 7],4,4,19,0,4
1,<environment.Job instance at 0x7f1d8e51e230>,13,2,[5 5],14,19,21,5,14
1,<environment.Job instance at 0x7f1d8e51edc0>,14,1,[6 4],15,21,22,6,15
1,<environment.Job instance at 0x7f1d8e51ed70>,15,18,[6 5],16,23,41,7,23
1,<environment.Job instance at 0x7f1d8e500a50>,19,18,[1 6],22,41,59,19,30
1,<environment.Job instance at 0x7f1d8e51e6e0>,18,14,[9 4],20,41,55,21,37
1,<environment.Job instance at 0x7f1d8e51d190>,37,1,[9 1],49,55,56,6,49
1,<environment.Job instance at 0x7f1d8e500be0>,23,16,[7 2],29,56,72,27,51
1,<environment.Job instance at 0x7f1d8e471b90>,43,1,[9 1],58,72,73,14,58
1,<environment.Job instance at 0x7f1d8e4714b0>,46,3,[1 7],61,61,64,0,61
1,<environment.Job instance at 0x7f1d8e471fa0>,47,13,[3 7],62,73,86,11,63
1,<environment.Job instance at 0x7f1d8e471500>,45,15,[6 5],60,86,101,26,73
1,<environment.Job instance at 0x7f1d8e453a00>,55,16,[9 3],73,101,117,28,88
1,<environment.Job instance at 0x7f1d8e4d34b0>,0,18,[4 6],1,1,19,0,1
1,<environment.Job instance at 0x7f1d8e4fb780>,11,14,[2 7],16,19,33,3,16
1,<environment.Job instance at 0x7f1d8e8e1a50>,15,12,[7 2],21,21,33,0,21
1,<environment.Job instance at 0x7f1d8e8e1fa0>,16,1,[1 9],23,33,34,10,23
1,<environment.Job instance at 0x7f1d8e4fbeb0>,6,14,[5 5],8,34,48,26,24
1,<environment.Job instance at 0x7f1d8e8e10f0>,21,13,[4 5],28,34,47,6,29
1,<environment.Job instance at 0x7f1d8e8b7b90>,24,18,[3 8],34,48,66,14,37
1,<environment.Job instance at 0x7f1d8e51ebe0>,5,12,[9 1],7,66,78,59,51
1,<environment.Job instance at 0x7f1d8e883230>,34,18,[9 4],52,78,96,26,78
1,<environment.Job instance at 0x7f1d8e883280>,41,14,[10  1],63,96,110,33,87
1,<environment.Job instance at 0x7f1d8e883cd0>,40,13,[ 3 10],62,110,123,48,94
1,<environment.Job instance at 0x7f1d8e4d3190>,0,14,[5 9],2,2,16,0,2
1,<environment.Job instance at 0x7f1d8e82b550>,8,16,[ 5 10],11,16,32,5,16
1,<environment.Job instance at 0x7f1d8e82b3c0>,5,24,[10  5],8,35,59,27,35
1,<environment.Job instance at 0x7f1d8e813a00>,27,15,[5 5],39,59,74,20,47
1,<environment.Job instance at 0x7f1d8e81c460>,35,13,[2 9],49,74,87,25,63
1,<environment.Job instance at 0x7f1d8e81c280>,38,15,[5 3],53,87,102,34,80
1,<environment.Job instance at 0x7f1d8e81c640>,39,18,[1 5],54,87,105,33,84
1,<environment.Job instance at 0x7f1d8e81cc30>,44,15,[10  5],60,105,120,45,100
1,<environment.Job instance at 0x7f1d8e32d2d0>,0,12,[6 3],2,2,14,0,2
1,<environment.Job instance at 0x7f1dd8ab9c80>,7,2,[2 5],11,11,13,0,11
1,<environment.Job instance at 0x7f1dd8ab9820>,8,14,[7 4],12,14,28,2,12
1,<environment.Job instance at 0x7f1dd906faf0>,14,2,[4 8],21,28,30,7,21
1,<environment.Job instance at 0x7f1dd23f7230>,20,22,[5 9],30,30,52,0,30
1,<environment.Job instance at 0x7f1dd2624690>,25,15,[3 7],40,52,67,12,40
1,<environment.Job instance at 0x7f1dd26248c0>,23,14,[1 5],36,67,81,31,54
1,<environment.Job instance at 0x7f1dd1f0a230>,35,1,[9 2],54,67,68,13,54
1,<environment.Job instance at 0x7f1dd2510550>,32,3,[9 2],51,68,71,17,56
1,<environment.Job instance at 0x7f1dd1f0ac30>,39,17,[7 4],59,71,88,12,64
1,<environment.Job instance at 0x7f1dd22b5af0>,46,14,[ 1 10],71,88,102,17,79
1,<environment.Job instance at 0x7f1dd2277cd0>,53,15,[3 5],79,102,117,23,88
1,<environment.Job instance at 0x7f1dd2510730>,31,16,[1 5],50,102,118,52,90
1,<environment.Job instance at 0x7f1d8e78c2d0>,1,13,[5 3],3,3,16,0,3
1,<environment.Job instance at 0x7f1d8e5a53c0>,10,13,[10  5],17,17,30,0,17
1,<environment.Job instance at 0x7f1dd9015820>,20,18,[8 4],30,30,48,0,30
1,<environment.Job instance at 0x7f1d8e3c7c80>,27,18,[10  4],39,48,66,9,41
1,<environment.Job instance at 0x7f1dd8c92c30>,34,1,[1 6],50,66,67,16,53
1,<environment.Job instance at 0x7f1dd8c92b90>,36,12,[7 4],52,66,78,14,58
1,<environment.Job instance at 0x7f1dd8c924b0>,37,12,[7 5],53,78,90,25,63
1,<environment.Job instance at 0x7f1dd2063b40>,46,17,[10  3],63,90,107,27,83
1,<environment.Job instance at 0x7f1d8e7496e0>,49,17,[5 9],67,107,124,40,102
1,<environment.Job instance at 0x7f1dd8c92e10>,39,14,[5 8],55,124,138,69,109
1,<environment.Job instance at 0x7f1d8e81c870>,3,1,[2 8],6,6,7,0,6
1,<environment.Job instance at 0x7f1d8ea88460>,9,13,[2 5],17,17,30,0,17
1,<environment.Job instance at 0x7f1d8ea88780>,12,24,[1 5],21,25,49,4,25
1,<environment.Job instance at 0x7f1d8ea88d70>,18,21,[8 5],28,72,93,44,72
1,<environment.Job instance at 0x7f1d8ea995a0>,43,18,[1 5],62,82,100,20,82
1,<environment.Job instance at 0x7f1d8ea99aa0>,47,2,[7 4],68,93,95,25,83
1,<environment.Job instance at 0x7f1d8ea99fa0>,51,17,[5 9],74,100,117,26,89
1,<environment.Job instance at 0x7f1d8ea723c0>,56,15,[3 8],81,117,132,36,104
1,<environment.Job instance at 0x7f1dd2131410>,2,14,[5 5],9,9,23,0,9
1,<environment.Job instance at 0x7f1d8e539870>,13,26,[6 3],25,25,51,0,25
1,<environment.Job instance at 0x7f1dd1fc9460>,18,1,[9 4],36,51,52,15,42
1,<environment.Job instance at 0x7f1d8e41c730>,23,1,[5 9],43,52,53,9,43
1,<environment.Job instance at 0x7f1dd8b41a00>,5,18,[5 9],12,53,71,41,47
1,<environment.Job instance at 0x7f1dd1f72c30>,35,3,[2 6],58,71,74,13,64
1,<environment.Job instance at 0x7f1dd2116fa0>,38,1,[5 6],62,74,75,12,64
1,<environment.Job instance at 0x7f1dd2116d70>,40,15,[4 5],64,75,90,11,65
1,<environment.Job instance at 0x7f1dd1f72460>,34,3,[5 2],56,71,74,15,68
1,<environment.Job instance at 0x7f1d8ea3b230>,48,3,[6 4],75,87,90,12,87
1,<environment.Job instance at 0x7f1d8ea3bb90>,49,1,[5 7],77,90,91,13,87
1,<environment.Job instance at 0x7f1d8ea3be60>,50,13,[10  5],78,91,104,13,87
1,<environment.Job instance at 0x7f1d8ea3bfa0>,45,12,[10  5],72,104,116,32,87
1,<environment.Job instance at 0x7f1dd8f69d70>,56,13,[7 4],84,116,129,32,100
1,<environment.Job instance at 0x7f1dd2127f00>,3,16,[ 4 10],6,6,22,0,6
1,<environment.Job instance at 0x7f1dd9558c80>,9,1,[3 8],12,22,23,10,12
1,<environment.Job instance at 0x7f1dd9558e10>,7,1,[5 1],10,22,23,12,17
1,<environment.Job instance at 0x7f1dd95589b0>,11,21,[10  5],19,23,44,4,19
1,<environment.Job instance at 0x7f1dd9437be0>,19,14,[9 5],32,44,58,12,32
1,<environment.Job instance at 0x7f1dd8ee8dc0>,24,16,[ 3 10],40,58,74,18,45
1,<environment.Job instance at 0x7f1d8ea28820>,5,13,[ 2 10],8,74,87,66,73
1,<environment.Job instance at 0x7f1d8e7d7410>,28,16,[5 1],47,87,103,40,74
1,<environment.Job instance at 0x7f1d8e7d7910>,30,16,[5 2],50,87,103,37,76
1,<environment.Job instance at 0x7f1d8e7d7550>,29,16,[8 2],49,103,119,54,90
1,<environment.Job instance at 0x7f1dd8a6de10>,21,16,[3 8],36,119,135,83,107
1,<environment.Job instance at 0x7f1d8e8b7e10>,0,17,[4 9],1,1,18,0,1
1,<environment.Job instance at 0x7f1dd23c7690>,12,18,[5 8],16,25,43,9,25
1,<environment.Job instance at 0x7f1dd23c7e10>,18,2,[3 6],24,43,45,19,28
1,<environment.Job instance at 0x7f1dd23c7e60>,17,12,[ 1 10],23,45,57,22,38
1,<environment.Job instance at 0x7f1dd23bc690>,26,15,[2 7],34,57,72,23,44
1,<environment.Job instance at 0x7f1dd23bc960>,29,17,[10  2],37,72,89,35,61
1,<environment.Job instance at 0x7f1dd23bccd0>,34,13,[9 4],42,89,102,47,73
1,<environment.Job instance at 0x7f1dd23bc190>,20,15,[9 5],26,102,117,76,88
1,<environment.Job instance at 0x7f1dd23d0640>,43,3,[5 1],52,117,120,65,91
1,<environment.Job instance at 0x7f1dd23d0690>,45,2,[2 9],54,117,119,63,97
1,<environment.Job instance at 0x7f1dd218ad20>,0,14,[5 4],1,1,15,0,1
1,<environment.Job instance at 0x7f1dd96a8280>,7,12,[5 5],14,16,28,2,16
1,<environment.Job instance at 0x7f1dd8b2dfa0>,11,2,[4 7],23,28,30,5,23
1,<environment.Job instance at 0x7f1dd96a8960>,8,25,[ 1 10],16,30,55,14,29
1,<environment.Job instance at 0x7f1dd90b2910>,27,17,[8 3],44,55,72,11,53
1,<environment.Job instance at 0x7f1dd8a8ad70>,23,13,[6 4],40,72,85,32,64
1,<environment.Job instance at 0x7f1dd8a5d780>,32,15,[9 4],51,85,100,34,71
1,<environment.Job instance at 0x7f1dd95593c0>,38,17,[4 9],57,100,117,43,88
1,<environment.Job instance at 0x7f1dd1f9e550>,51,18,[1 5],73,117,135,44,107
1,<environment.Job instance at 0x7f1d8e647960>,0,17,[9 3],2,3,20,1,3
1,<environment.Job instance at 0x7f1dd20e1640>,9,18,[5 5],13,20,38,7,17
1,<environment.Job instance at 0x7f1dd2102550>,22,27,[1 6],34,54,81,20,54
1,<environment.Job instance at 0x7f1dd21020f0>,23,17,[4 5],36,81,98,45,70
1,<environment.Job instance at 0x7f1dd2102320>,34,17,[ 4 10],52,98,115,46,86
1,<environment.Job instance at 0x7f1dd24677d0>,41,13,[5 3],60,115,128,55,102
1,<environment.Job instance at 0x7f1dd20a4e10>,50,18,[5 4],70,115,133,45,107
1,<environment.Job instance at 0x7f1d8e8bd410>,0,15,[7 2],1,4,19,3,4
1,<environment.Job instance at 0x7f1d8e148690>,10,13,[4 5],15,19,32,4,15
1,<environment.Job instance at 0x7f1d8e148af0>,14,1,[10  4],21,32,33,11,21
1,<environment.Job instance at 0x7f1dd2264d70>,15,3,[3 8],23,33,36,10,23
1,<environment.Job instance at 0x7f1dd2264f00>,18,14,[7 2],26,33,47,7,26
1,<environment.Job instance at 0x7f1d8e132e60>,22,2,[1 5],30,36,38,6,35
1,<environment.Job instance at 0x7f1d8e13c820>,24,17,[3 7],32,38,55,6,35
1,<environment.Job instance at 0x7f1dd20caaf0>,26,14,[6 2],36,47,61,11,41
1,<environment.Job instance at 0x7f1dd8d853c0>,38,15,[ 2 10],55,62,77,7,62
1,<environment.Job instance at 0x7f1d8e9fa370>,35,13,[9 4],49,77,90,28,63
1,<environment.Job instance at 0x7f1dd8b3f280>,43,14,[10  3],61,90,104,29,76
1,<environment.Job instance at 0x7f1dd8a299b0>,57,17,[4 5],81,104,121,23,92
1,<environment.Job instance at 0x7f1dd8b3fe60>,42,12,[6 2],60,104,116,44,99
1,<environment.Job instance at 0x7f1dd8a29cd0>,61,13,[ 3 10],87,121,134,34,109
1,<environment.Job instance at 0x7f1dd1ee90f0>,12,16,[4 6],18,18,34,0,18
1,<environment.Job instance at 0x7f1dd955de10>,9,13,[2 6],14,34,47,20,24
1,<environment.Job instance at 0x7f1dd21943c0>,24,13,[1 9],30,47,60,17,36
1,<environment.Job instance at 0x7f1dd8a03280>,26,13,[6 4],35,60,73,25,45
1,<environment.Job instance at 0x7f1d8e84e140>,28,17,[4 6],37,88,105,51,88
1,<environment.Job instance at 0x7f1dd20625f0>,45,12,[1 7],68,105,117,37,89
1,<environment.Job instance at 0x7f1dd21b4460>,49,3,[2 5],73,117,120,44,101
1,<environment.Job instance at 0x7f1dd96af3c0>,43,13,[5 5],61,117,130,56,106
1,<environment.Job instance at 0x7f1d8e487cd0>,0,3,[3 8],3,3,6,0,3
1,<environment.Job instance at 0x7f1dd2055c30>,2,15,[5 3],5,6,21,1,5
1,<environment.Job instance at 0x7f1d8e1748c0>,7,13,[3 5],11,11,24,0,11
1,<environment.Job instance at 0x7f1d8e174410>,10,18,[5 1],15,21,39,6,15
1,<environment.Job instance at 0x7f1d8e174e60>,15,17,[6 2],22,39,56,17,31
1,<environment.Job instance at 0x7f1d8e104af0>,21,18,[1 7],31,31,49,0,31
1,<environment.Job instance at 0x7f1d8e1044b0>,18,18,[3 9],25,56,74,31,45
1,<environment.Job instance at 0x7f1d8e1272d0>,36,12,[7 2],60,74,86,14,60
1,<environment.Job instance at 0x7f1d8e1270f0>,37,16,[1 8],63,74,90,11,63
1,<environment.Job instance at 0x7f1d8e12b5f0>,26,12,[1 7],40,90,102,50,73
1,<environment.Job instance at 0x7f1d8e17e8c0>,48,3,[5 5],80,102,105,22,80
1,<environment.Job instance at 0x7f1d8e1275f0>,33,14,[9 1],54,86,100,32,81
1,<environment.Job instance at 0x7f1d8e20a370>,53,14,[1 6],85,105,119,20,90
1,<environment.Job instance at 0x7f1d8e127b90>,34,17,[8 4],56,105,122,49,97
1,<environment.Job instance at 0x7f1d8e20acd0>,1,18,[4 9],2,2,20,0,2
1,<environment.Job instance at 0x7f1dd1fa45f0>,15,18,[6 4],25,25,43,0,25
1,<environment.Job instance at 0x7f1dd1f92960>,6,13,[6 3],10,43,56,33,32
1,<environment.Job instance at 0x7f1dd23ca550>,21,12,[4 8],31,56,68,25,39
1,<environment.Job instance at 0x7f1dd24b2460>,30,13,[5 3],41,68,81,27,57
1,<environment.Job instance at 0x7f1dd1fb16e0>,32,1,[2 5],43,68,69,25,58
1,<environment.Job instance at 0x7f1d8e1acfa0>,24,15,[4 7],34,69,84,35,58
1,<environment.Job instance at 0x7f1d8e96b370>,38,17,[5 9],49,84,101,35,73
1,<environment.Job instance at 0x7f1dd8a655f0>,44,16,[3 8],55,101,117,46,88
1,<environment.Job instance at 0x7f1dd1fb1f50>,28,3,[5 7],38,117,120,79,91
1,<environment.Job instance at 0x7f1d8e3fb320>,50,14,[ 2 10],63,120,134,57,105
1,<environment.Job instance at 0x7f1d8e42ccd0>,1,18,[6 3],4,4,22,0,4
1,<environment.Job instance at 0x7f1dd20e1140>,6,17,[5 4],11,22,39,11,11
1,<environment.Job instance at 0x7f1dd89a2e10>,17,14,[9 2],26,39,53,13,26
1,<environment.Job instance at 0x7f1dd8a8d280>,23,15,[4 9],34,53,68,19,41
1,<environment.Job instance at 0x7f1d8e46bd70>,12,12,[1 8],21,68,80,47,51
1,<environment.Job instance at 0x7f1d8e2ba730>,9,16,[5 2],16,68,84,52,68
1,<environment.Job instance at 0x7f1dd8d8d820>,32,16,[7 4],46,84,100,38,72
1,<environment.Job instance at 0x7f1d8e0adfa0>,39,16,[7 2],56,100,116,44,89
1,<environment.Job instance at 0x7f1d8e0ad960>,43,18,[8 1],62,116,134,54,105
1,<environment.Job instance at 0x7f1d8ea56f50>,49,16,[2 7],69,107,123,38,107
1,<environment.Job instance at 0x7f1dd24cab40>,51,3,[2 8],72,123,126,51,107
1,<environment.Job instance at 0x7f1d8e2938c0>,0,14,[2 9],1,1,15,0,1
1,<environment.Job instance at 0x7f1d8e2930f0>,8,19,[9 4],11,17,36,6,17
1,<environment.Job instance at 0x7f1dd8d65cd0>,14,12,[9 3],23,36,48,13,23
1,<environment.Job instance at 0x7f1dd8d655a0>,24,14,[2 9],39,48,62,9,42
1,<environment.Job instance at 0x7f1d8e742a00>,28,19,[2 9],43,62,81,19,52
1,<environment.Job instance at 0x7f1d8e742b90>,36,14,[4 7],56,81,95,25,66
1,<environment.Job instance at 0x7f1dd96b0690>,40,12,[8 2],62,95,107,33,85
1,<environment.Job instance at 0x7f1dd96b0370>,44,12,[3 5],66,107,119,41,96
1,<environment.Job instance at 0x7f1d8e938a00>,0,14,[5 5],1,1,15,0,1
1,<environment.Job instance at 0x7f1d8e11df50>,2,17,[5 6],4,15,32,11,5
1,<environment.Job instance at 0x7f1dd25ad870>,13,14,[1 8],18,32,46,14,25
1,<environment.Job instance at 0x7f1dd23d1dc0>,20,2,[6 1],27,39,41,12,39
1,<environment.Job instance at 0x7f1dd25cb640>,17,15,[8 4],22,49,64,27,49
1,<environment.Job instance at 0x7f1dd1fc2f00>,24,16,[4 9],33,64,80,31,53
1,<environment.Job instance at 0x7f1dd1fc2370>,28,13,[8 5],38,80,93,42,65
1,<environment.Job instance at 0x7f1d8e6b7dc0>,33,3,[1 8],44,93,96,49,69
1,<environment.Job instance at 0x7f1d8e6b7460>,38,13,[9 5],56,96,109,40,80
1,<environment.Job instance at 0x7f1d8e6b75f0>,43,15,[5 4],63,109,124,46,95
1,<environment.Job instance at 0x7f1d8e6bc6e0>,46,14,[1 7],67,124,138,57,109
1,<environment.Job instance at 0x7f74d6cc22d0>,3,22,[5 7],5,5,27,0,5
1,<environment.Job instance at 0x7f74cf8b35a0>,9,18,[3 9],15,27,45,12,22
1,<environment.Job instance at 0x7f74cf8b39b0>,11,13,[10  2],18,45,58,27,30
1,<environment.Job instance at 0x7f74cf8b3fa0>,17,14,[3 5],29,58,72,29,49
1,<environment.Job instance at 0x7f74cf8b4a00>,28,2,[5 5],47,58,60,11,58
1,<environment.Job instance at 0x7f74cf8b72d0>,32,14,[8 4],55,72,86,17,58
1,<environment.Job instance at 0x7f74cf8b7aa0>,38,1,[2 6],62,72,73,10,64
1,<environment.Job instance at 0x7f74cf8b7a00>,39,2,[6 5],63,64,66,1,64
1,<environment.Job instance at 0x7f74cf8b7e10>,40,3,[5 5],66,66,69,0,66
1,<environment.Job instance at 0x7f74cf8b4640>,22,18,[2 6],34,73,91,39,66
1,<environment.Job instance at 0x7f74cf8bc050>,43,23,[6 4],72,86,109,14,80
1,<environment.Job instance at 0x7f74cf8b4320>,21,27,[1 6],33,91,118,58,89
1,<environment.Job instance at 0x7f74cf8bc230>,46,3,[6 5],77,118,121,41,93
1,<environment.Job instance at 0x7f74cf8bcc30>,57,14,[8 1],93,121,135,28,108
1,<environment.Job instance at 0x7f74cf8bd050>,60,20,[2 6],96,121,141,25,112
1,<environment.Job instance at 0x7f74d6ce9dc0>,0,18,[9 2],1,3,21,2,3
1,<environment.Job instance at 0x7f74d6e2b410>,5,14,[1 5],12,12,26,0,12
1,<environment.Job instance at 0x7f74d6ceae60>,13,13,[5 1],26,26,39,0,26
1,<environment.Job instance at 0x7f74d6cea410>,14,3,[8 5],27,39,42,12,27
1,<environment.Job instance at 0x7f74d6e312d0>,16,15,[1 9],29,42,57,13,29
1,<environment.Job instance at 0x7f74d6e38e60>,21,12,[7 1],36,45,57,9,45
1,<environment.Job instance at 0x7f74d6e38780>,23,18,[4 6],39,57,75,18,46
1,<environment.Job instance at 0x7f74d6e2f500>,32,2,[8 3],51,84,86,33,84
1,<environment.Job instance at 0x7f74d6e36eb0>,34,1,[8 4],54,93,94,39,93
1,<environment.Job instance at 0x7f74d6e36690>,35,21,[4 5],55,94,115,39,93
1,<environment.Job instance at 0x7f74d6e33820>,43,20,[ 2 10],70,115,135,45,107
1,<environment.Job instance at 0x7f748bba0eb0>,0,18,[1 6],2,2,20,0,2
1,<environment.Job instance at 0x7f748bbf3dc0>,10,14,[8 2],17,20,34,3,20
1,<environment.Job instance at 0x7f748bc010f0>,15,12,[1 7],24,31,43,7,31
1,<environment.Job instance at 0x7f748bc4fe60>,21,13,[10  5],32,43,56,11,32
1,<environment.Job instance at 0x7f748bc4fe10>,22,2,[5 2],34,35,37,1,35
1,<environment.Job instance at 0x7f748bc4fd20>,24,1,[9 1],38,39,40,1,39
1,<environment.Job instance at 0x7f748bc4f820>,26,15,[6 5],40,56,71,16,42
1,<environment.Job instance at 0x7f748bc4ff00>,32,3,[3 5],47,56,59,9,52
1,<environment.Job instance at 0x7f748bc4f5a0>,33,28,[1 9],48,71,99,23,70
1,<environment.Job instance at 0x7f748bc5e780>,36,16,[9 3],53,99,115,46,87
1,<environment.Job instance at 0x7f748bcac5f0>,51,20,[1 7],73,99,119,26,95
1,<environment.Job instance at 0x7f748bc5eaa0>,40,18,[6 2],58,115,133,57,105
1,<environment.Job instance at 0x7f748bcacb90>,1,18,[3 8],4,4,22,0,4
1,<environment.Job instance at 0x7f748c072050>,12,17,[2 5],24,24,41,0,24
1,<environment.Job instance at 0x7f748c072f00>,15,18,[6 1],28,28,46,0,28
1,<environment.Job instance at 0x7f748c072dc0>,16,13,[1 5],30,41,54,11,30
1,<environment.Job instance at 0x7f748c072870>,11,18,[9 4],22,46,64,24,36
1,<environment.Job instance at 0x7f748bbb5cd0>,26,13,[5 2],44,64,77,20,50
1,<environment.Job instance at 0x7f748bc82a00>,30,13,[1 9],52,77,90,25,62
1,<environment.Job instance at 0x7f748bc82e10>,34,13,[4 6],58,90,103,32,74
1,<environment.Job instance at 0x7f748c1dd1e0>,36,16,[5 1],62,74,90,12,74
1,<environment.Job instance at 0x7f748c1dd730>,40,2,[1 8],68,103,105,35,84
1,<environment.Job instance at 0x7f748bcc73c0>,43,1,[7 2],71,108,109,37,108
1,<environment.Job instance at 0x7f748bf6eaf0>,0,16,[3 9],1,1,17,0,1
1,<environment.Job instance at 0x7f748bfaa5a0>,4,2,[8 2],7,17,19,10,7
1,<environment.Job instance at 0x7f748bfaa500>,5,13,[5 7],8,19,32,11,10
1,<environment.Job instance at 0x7f748bfaa9b0>,9,15,[5 3],13,19,34,6,14
1,<environment.Job instance at 0x7f748bfaa7d0>,6,13,[2 9],9,34,47,25,24
1,<environment.Job instance at 0x7f748bfad780>,34,1,[7 2],44,47,48,3,44
1,<environment.Job instance at 0x7f748bfadb40>,36,12,[8 3],46,53,65,7,53
1,<environment.Job instance at 0x7f748bfa9b40>,29,14,[7 5],36,65,79,29,55
1,<environment.Job instance at 0x7f748bfb9500>,46,27,[5 4],57,79,106,22,77
1,<environment.Job instance at 0x7f748bfade60>,41,17,[2 6],51,92,109,41,92
1,<environment.Job instance at 0x7f748bfb9a50>,53,17,[1 6],69,109,126,40,98
1,<environment.Job instance at 0x7f748bfadf00>,42,19,[8 2],52,111,130,59,111
1,<environment.Job instance at 0x7f748bf99280>,62,2,[2 5],81,126,128,45,115
1,<environment.Job instance at 0x7f748bf99370>,63,14,[7 4],82,130,144,48,116
1,<environment.Job instance at 0x7f748babae60>,1,16,[10  4],2,2,18,0,2
1,<environment.Job instance at 0x7f748bd6f6e0>,8,23,[1 5],13,18,41,5,15
1,<environment.Job instance at 0x7f74cf6ec410>,16,16,[5 5],23,23,39,0,23
1,<environment.Job instance at 0x7f74cf733190>,18,14,[5 1],25,39,53,14,26
1,<environment.Job instance at 0x7f74cf6eca50>,13,12,[3 6],20,41,53,21,28
1,<environment.Job instance at 0x7f74d68800a0>,21,15,[3 5],29,53,68,24,40
1,<environment.Job instance at 0x7f74cfd60640>,28,16,[6 2],40,54,70,14,54
1,<environment.Job instance at 0x7f74cfa5eaf0>,31,14,[10  4],44,70,84,26,56
1,<environment.Job instance at 0x7f74cfab21e0>,40,16,[3 6],56,84,100,28,76
1,<environment.Job instance at 0x7f74cfab20a0>,43,12,[8 1],59,100,112,41,84
1,<environment.Job instance at 0x7f748bd6fdc0>,4,13,[5 6],6,112,125,106,96
1,<environment.Job instance at 0x7f74cfc769b0>,56,13,[5 3],78,112,125,34,109
1,<environment.Job instance at 0x7f748bbc0780>,59,13,[ 4 10],83,125,138,42,115
1,<environment.Job instance at 0x7f748bf6d0a0>,0,2,[2 9],1,1,3,0,1
1,<environment.Job instance at 0x7f74d60e4910>,2,17,[10  3],3,3,20,0,3
1,<environment.Job instance at 0x7f74cf675550>,13,3,[1 6],21,21,24,0,21
1,<environment.Job instance at 0x7f74d6754f50>,5,17,[5 9],7,24,41,17,24
1,<environment.Job instance at 0x7f74d6127050>,17,15,[5 7],28,41,56,13,28
1,<environment.Job instance at 0x7f74d6413820>,26,19,[5 3],38,41,60,3,38
1,<environment.Job instance at 0x7f74d6413be0>,28,14,[2 9],42,60,74,18,45
1,<environment.Job instance at 0x7f74d6413460>,29,2,[4 5],43,56,58,13,45
1,<environment.Job instance at 0x7f74d61a6dc0>,35,12,[6 5],49,79,91,30,79
1,<environment.Job instance at 0x7f74d61a6780>,37,18,[8 3],52,91,109,39,80
1,<environment.Job instance at 0x7f74cf9126e0>,47,18,[ 4 10],68,109,127,41,106
1,<environment.Job instance at 0x7f74cf9721e0>,52,18,[1 6],75,127,145,52,117
1,<environment.Job instance at 0x7f74d66330a0>,0,1,[6 2],2,3,4,1,3
1,<environment.Job instance at 0x7f74d658fe10>,2,17,[5 9],4,4,21,0,4
1,<environment.Job instance at 0x7f748be764b0>,9,3,[4 6],15,21,24,6,15
1,<environment.Job instance at 0x7f748be76320>,7,15,[3 8],11,24,39,13,16
1,<environment.Job instance at 0x7f748be76a00>,17,13,[2 6],25,39,52,14,32
1,<environment.Job instance at 0x7f748be46640>,24,16,[6 5],39,52,68,13,40
1,<environment.Job instance at 0x7f748be46690>,28,14,[5 5],49,68,82,19,59
1,<environment.Job instance at 0x7f748be46d70>,33,3,[2 7],56,82,85,26,62
1,<environment.Job instance at 0x7f748be46e60>,34,1,[9 3],57,85,86,28,63
1,<environment.Job instance at 0x7f748be46fa0>,36,24,[2 5],59,86,110,27,81
1,<environment.Job instance at 0x7f748be58780>,39,26,[6 3],65,88,114,23,88
1,<environment.Job instance at 0x7f748be58910>,43,16,[2 7],75,110,126,35,99
1,<environment.Job instance at 0x7f748be76730>,12,19,[7 1],19,114,133,95,108
1,<environment.Job instance at 0x7f74cf9e5f50>,0,19,[4 5],1,1,20,0,1
1,<environment.Job instance at 0x7f748c1ac4b0>,16,18,[3 9],20,20,38,0,20
1,<environment.Job instance at 0x7f748c1accd0>,19,17,[4 5],23,38,55,15,36
1,<environment.Job instance at 0x7f74cf8a1dc0>,23,14,[1 7],29,55,69,26,40
1,<environment.Job instance at 0x7f748c17b870>,30,13,[ 2 10],38,69,82,31,53
1,<environment.Job instance at 0x7f74cf747190>,11,18,[9 1],14,82,100,68,73
1,<environment.Job instance at 0x7f748c095500>,43,13,[8 3],61,100,113,39,87
1,<environment.Job instance at 0x7f74d628eb40>,39,14,[8 5],54,113,127,59,107
1,<environment.Job instance at 0x7f74d6ce50f0>,49,16,[ 3 10],70,127,143,57,115
1,<environment.Job instance at 0x7f748bf4ae60>,0,13,[2 9],1,1,14,0,1
1,<environment.Job instance at 0x7f748bf4af00>,2,18,[7 2],3,14,32,11,5
1,<environment.Job instance at 0x7f74cfd49370>,19,21,[10  4],26,32,53,6,28
1,<environment.Job instance at 0x7f74cf679910>,20,3,[1 6],27,28,31,1,28
1,<environment.Job instance at 0x7f748bea1cd0>,24,16,[ 3 10],33,53,69,20,43
1,<environment.Job instance at 0x7f748c1b2410>,32,12,[ 1 10],43,69,81,26,54
1,<environment.Job instance at 0x7f74d630a8c0>,40,27,[6 1],52,81,108,29,79
1,<environment.Job instance at 0x7f74d630a9b0>,43,17,[10  2],56,108,125,52,96
1,<environment.Job instance at 0x7f748bd37d70>,15,17,[4 9],21,125,142,104,115
1,<environment.Job instance at 0x7f74cfa6b820>,53,2,[ 4 10],66,142,144,76,115
1,<environment.Job instance at 0x7f748be741e0>,2,12,[6 1],3,3,15,0,3
1,<environment.Job instance at 0x7f74cf6c6140>,12,17,[3 6],16,16,33,0,16
1,<environment.Job instance at 0x7f74d652bcd0>,9,14,[5 4],11,19,33,8,19
1,<environment.Job instance at 0x7f74cf6c6320>,15,1,[6 5],21,33,34,12,22
1,<environment.Job instance at 0x7f74cf6c6820>,16,12,[5 5],24,34,46,10,24
1,<environment.Job instance at 0x7f74cf6d5370>,28,3,[9 2],46,46,49,0,46
1,<environment.Job instance at 0x7f74cf6d5320>,29,16,[3 5],47,49,65,2,47
1,<environment.Job instance at 0x7f74cf6c6eb0>,25,13,[7 1],43,56,69,13,56
1,<environment.Job instance at 0x7f74cf6d5f50>,38,3,[1 5],58,65,68,7,61
1,<environment.Job instance at 0x7f74cf6a02d0>,41,15,[9 4],61,69,84,8,64
1,<environment.Job instance at 0x7f74cf6a04b0>,43,14,[5 8],63,84,98,21,69
1,<environment.Job instance at 0x7f74cf6a01e0>,40,2,[9 2],60,98,100,38,77
1,<environment.Job instance at 0x7f74cf6a07d0>,49,13,[7 1],71,100,113,29,88
1,<environment.Job instance at 0x7f74cf6a0c80>,50,2,[5 4],72,113,115,41,88
1,<environment.Job instance at 0x7f74cf6a0e60>,53,2,[4 5],76,113,115,37,92
1,<environment.Job instance at 0x7f74cf6c6e60>,22,17,[8 1],38,115,132,77,112
1,<environment.Job instance at 0x7f74cf6c85a0>,3,3,[8 2],5,10,13,5,10
1,<environment.Job instance at 0x7f74d61fd3c0>,7,13,[3 9],10,13,26,3,11
1,<environment.Job instance at 0x7f74d61fd050>,5,3,[5 8],8,26,29,18,18
1,<environment.Job instance at 0x7f74cf82fe10>,18,17,[5 2],27,42,59,15,42
1,<environment.Job instance at 0x7f74cf82fe60>,21,14,[7 3],33,59,73,26,44
1,<environment.Job instance at 0x7f748bb910f0>,30,18,[10  1],48,73,91,25,65
1,<environment.Job instance at 0x7f748bb91690>,35,14,[5 3],53,91,105,38,82
1,<environment.Job instance at 0x7f748c0500f0>,37,13,[3 8],55,105,118,50,90
1,<environment.Job instance at 0x7f74cfb57b90>,44,14,[5 2],63,105,119,42,105
1,<environment.Job instance at 0x7f748bb7c960>,50,18,[5 4],70,118,136,48,107
1,<environment.Job instance at 0x7f748bf284b0>,0,17,[3 5],1,1,18,0,1
1,<environment.Job instance at 0x7f748bce3140>,12,18,[1 9],17,18,36,1,17
1,<environment.Job instance at 0x7f74d60ea5f0>,23,2,[3 5],32,36,38,4,32
1,<environment.Job instance at 0x7f748bce3910>,11,14,[7 2],16,36,50,20,36
1,<environment.Job instance at 0x7f74cf6654b0>,32,1,[9 4],47,50,51,3,48
1,<environment.Job instance at 0x7f74cf665500>,34,18,[2 8],49,51,69,2,49
1,<environment.Job instance at 0x7f748c1ebb40>,35,12,[6 2],50,51,63,1,51
1,<environment.Job instance at 0x7f748c1eb550>,37,12,[3 5],52,69,81,17,52
1,<environment.Job instance at 0x7f74d6413f50>,46,18,[7 5],66,69,87,3,67
1,<environment.Job instance at 0x7f74d6413be0>,50,17,[4 5],71,87,104,16,76
1,<environment.Job instance at 0x7f74d60eae60>,26,18,[5 4],36,87,105,51,79
1,<environment.Job instance at 0x7f748c1eb8c0>,36,14,[10  3],51,105,119,54,91
1,<environment.Job instance at 0x7f74d6413690>,47,15,[2 6],67,119,134,52,108
1,<environment.Job instance at 0x7f74d66910f0>,60,14,[8 3],85,119,133,34,118
1,<environment.Job instance at 0x7f74d61c1cd0>,1,12,[5 4],2,2,14,0,2
1,<environment.Job instance at 0x7f74cf8c97d0>,5,17,[5 2],6,6,23,0,6
1,<environment.Job instance at 0x7f74cf8c99b0>,6,12,[9 5],7,23,35,16,7
1,<environment.Job instance at 0x7f74cf8a8d20>,17,17,[7 1],23,35,52,12,23
1,<environment.Job instance at 0x7f74cf8c3410>,14,17,[2 9],18,35,52,17,26
1,<environment.Job instance at 0x7f74d66a90a0>,16,20,[1 7],20,52,72,32,43
1,<environment.Job instance at 0x7f748c0e0d70>,34,3,[2 5],53,72,75,19,56
1,<environment.Job instance at 0x7f74d6136050>,24,15,[7 4],34,72,87,38,62
1,<environment.Job instance at 0x7f74d62d5050>,37,13,[10  5],58,87,100,29,74
1,<environment.Job instance at 0x7f748c03caa0>,44,23,[9 5],69,100,123,31,94
1,<environment.Job instance at 0x7f74d60e4b40>,2,19,[1 8],4,4,23,0,4
1,<environment.Job instance at 0x7f74d62055a0>,5,12,[1 7],10,23,35,13,12
1,<environment.Job instance at 0x7f74d67dfcd0>,8,12,[1 6],15,35,47,20,28
1,<environment.Job instance at 0x7f74d6532a00>,12,14,[9 1],24,34,48,10,34
1,<environment.Job instance at 0x7f74cfb147d0>,19,13,[2 9],36,48,61,12,36
1,<environment.Job instance at 0x7f74d65325f0>,15,12,[7 2],30,61,73,31,49
1,<environment.Job instance at 0x7f74cfb140a0>,24,17,[1 8],46,61,78,15,61
1,<environment.Job instance at 0x7f74cfd61fa0>,33,12,[3 7],57,78,90,21,61
1,<environment.Job instance at 0x7f74cfd61e10>,36,2,[6 2],61,73,75,12,69
1,<environment.Job instance at 0x7f74d65323c0>,13,17,[8 4],26,90,107,64,79
1,<environment.Job instance at 0x7f74cfbc0820>,44,3,[10  1],76,107,110,31,84
1,<environment.Job instance at 0x7f74d6247e60>,46,12,[5 5],79,110,122,31,95
1,<environment.Job instance at 0x7f748bbaa870>,49,18,[4 9],82,122,140,40,111
1,<environment.Job instance at 0x7f74cfaef5a0>,0,13,[5 3],1,1,14,0,1
1,<environment.Job instance at 0x7f748b93dc30>,2,1,[2 5],3,3,4,0,3
1,<environment.Job instance at 0x7f748b93d1e0>,3,13,[3 7],4,4,17,0,4
1,<environment.Job instance at 0x7f748b9738c0>,12,14,[9 5],13,17,31,4,13
1,<environment.Job instance at 0x7f748b973870>,13,14,[6 1],14,31,45,17,17
1,<environment.Job instance at 0x7f748b973d70>,16,15,[1 8],17,31,46,14,29
1,<environment.Job instance at 0x7f748b973c80>,19,13,[2 9],22,46,59,24,33
1,<environment.Job instance at 0x7f748b973a50>,20,14,[ 2 10],23,59,73,36,44
1,<environment.Job instance at 0x7f748baa4410>,30,3,[4 9],39,73,76,34,57
1,<environment.Job instance at 0x7f748baa4320>,31,2,[1 5],40,76,78,36,57
1,<environment.Job instance at 0x7f748baa4910>,32,13,[9 1],41,76,89,35,60
1,<environment.Job instance at 0x7f748b99b050>,37,18,[9 5],47,89,107,42,78
1,<environment.Job instance at 0x7f748ba7bb90>,45,18,[1 8],66,107,125,41,96
1,<environment.Job instance at 0x7f748ba7bf50>,50,18,[6 3],74,125,143,51,118
1,<environment.Job instance at 0x7f748b9e0820>,1,17,[10  5],2,2,19,0,2
1,<environment.Job instance at 0x7f748bbb6280>,6,12,[2 8],9,19,31,10,9
1,<environment.Job instance at 0x7f74cfd37780>,7,18,[8 1],12,19,37,7,12
1,<environment.Job instance at 0x7f748ba7b960>,20,15,[1 6],30,35,50,5,35
1,<environment.Job instance at 0x7f74cfd5a9b0>,13,16,[2 7],19,50,66,31,40
1,<environment.Job instance at 0x7f748b940dc0>,29,15,[8 4],41,66,81,25,54
1,<environment.Job instance at 0x7f748bc3f140>,36,17,[10  1],52,81,98,29,73
1,<environment.Job instance at 0x7f74cf743230>,35,12,[2 8],50,98,110,48,84
1,<environment.Job instance at 0x7f748bf7c1e0>,54,1,[4 9],77,110,111,33,97
1,<environment.Job instance at 0x7f748bf7ce10>,55,16,[3 8],78,111,127,33,98
1,<environment.Job instance at 0x7f748bf82a00>,62,15,[5 4],90,127,142,37,113
1,<environment.Job instance at 0x7f748bf97410>,1,12,[8 2],2,2,14,0,2
1,<environment.Job instance at 0x7f748bd64280>,2,1,[6 2],3,14,15,11,3
1,<environment.Job instance at 0x7f74cf641280>,5,12,[3 5],6,14,26,8,6
1,<environment.Job instance at 0x7f748ba85dc0>,13,13,[5 7],19,26,39,7,20
1,<environment.Job instance at 0x7f74d6347a50>,15,13,[5 4],22,39,52,17,25
1,<environment.Job instance at 0x7f74cf795780>,24,1,[5 4],33,39,40,6,36
1,<environment.Job instance at 0x7f74cf795be0>,26,14,[5 3],36,40,54,4,37
1,<environment.Job instance at 0x7f74cf795910>,27,13,[5 6],37,52,65,15,37
1,<environment.Job instance at 0x7f74cf9c1e60>,22,13,[1 9],31,65,78,34,51
1,<environment.Job instance at 0x7f74d640bd70>,35,15,[6 5],48,78,93,30,64
1,<environment.Job instance at 0x7f74d6151050>,41,24,[7 5],55,93,117,38,88
1,<environment.Job instance at 0x7f748bc1a1e0>,50,1,[8 2],67,117,118,50,109
1,<environment.Job instance at 0x7f748bc1a9b0>,52,2,[ 1 10],69,118,120,49,114
1,<environment.Job instance at 0x7f748bce3410>,53,14,[9 3],70,120,134,50,116
1,<environment.Job instance at 0x7f748bb4b3c0>,1,2,[5 5],2,2,4,0,2
1,<environment.Job instance at 0x7f748beec870>,3,16,[1 8],4,4,20,0,4
1,<environment.Job instance at 0x7f748bc338c0>,9,17,[10  4],12,20,37,8,12
1,<environment.Job instance at 0x7f748bc339b0>,11,2,[1 5],15,37,39,22,15
1,<environment.Job instance at 0x7f748bc33370>,12,1,[5 2],16,16,17,0,16
1,<environment.Job instance at 0x7f74d62fd1e0>,18,17,[5 3],23,37,54,14,25
1,<environment.Job instance at 0x7f74d660a1e0>,28,1,[1 8],42,54,55,12,45
1,<environment.Job instance at 0x7f74d660a8c0>,30,14,[7 5],44,55,69,11,45
1,<environment.Job instance at 0x7f74d6844a50>,31,21,[1 8],46,69,90,23,61
1,<environment.Job instance at 0x7f74d6844960>,34,17,[9 2],49,84,101,35,84
1,<environment.Job instance at 0x7f74d6844320>,41,12,[7 4],61,101,113,40,84
1,<environment.Job instance at 0x7f74d6844fa0>,40,14,[3 6],59,101,115,42,87
1,<environment.Job instance at 0x7f74d68443c0>,42,25,[1 6],62,115,140,53,111
1,<environment.Job instance at 0x7f74d664d410>,56,3,[6 1],79,113,116,34,111
1,<environment.Job instance at 0x7f748c24f370>,0,16,[ 2 10],1,1,17,0,1
1,<environment.Job instance at 0x7f748b81a050>,3,15,[3 9],6,17,32,11,7
1,<environment.Job instance at 0x7f748ba56c30>,20,23,[3 5],34,36,59,2,36
1,<environment.Job instance at 0x7f748ba56e60>,23,23,[7 5],38,61,84,23,61
1,<environment.Job instance at 0x7f748bfca780>,29,14,[3 8],47,84,98,37,81
1,<environment.Job instance at 0x7f748bfca9b0>,30,3,[2 9],48,98,101,50,82
1,<environment.Job instance at 0x7f748ba56640>,22,13,[8 4],36,101,114,65,89
1,<environment.Job instance at 0x7f748b97bc30>,39,17,[9 3],59,114,131,55,102
1,<environment.Job instance at 0x7f748ba56500>,21,17,[9 2],35,131,148,96,119
1,<environment.Job instance at 0x7f8a7464f2d0>,3,22,[5 7],5,5,27,0,5
1,<environment.Job instance at 0x7f8a6d23f9b0>,11,13,[10  2],18,27,40,9,18
1,<environment.Job instance at 0x7f8a6d23f7d0>,9,18,[3 9],15,40,58,25,29
1,<environment.Job instance at 0x7f8a6d23fc80>,14,15,[7 4],22,58,73,36,44
1,<environment.Job instance at 0x7f8a6d243c80>,27,17,[1 6],44,58,75,14,56
1,<environment.Job instance at 0x7f8a6d243d20>,30,13,[4 7],51,75,88,24,59
1,<environment.Job instance at 0x7f8a6d244b40>,42,13,[2 7],71,88,101,17,72
1,<environment.Job instance at 0x7f8a6d2448c0>,37,13,[9 5],61,101,114,40,87
1,<environment.Job instance at 0x7f8a6d247960>,53,13,[3 7],89,114,127,25,100
1,<environment.Job instance at 0x7f8a6d247e60>,57,14,[8 1],93,127,141,34,115
1,<environment.Job instance at 0x7f8a6d244c30>,41,13,[6 5],67,141,154,74,129
1,<environment.Job instance at 0x7f8a747b80a0>,0,14,[2 5],1,1,15,0,1
1,<environment.Job instance at 0x7f8a747c5730>,12,15,[1 9],19,21,36,2,21
1,<environment.Job instance at 0x7f8a747c5af0>,16,17,[3 9],24,41,58,17,41
1,<environment.Job instance at 0x7f8a747c5690>,17,12,[7 1],26,41,53,15,41
1,<environment.Job instance at 0x7f8a747c3690>,18,2,[5 9],28,58,60,30,41
1,<environment.Job instance at 0x7f8a747c32d0>,21,24,[6 1],31,60,84,29,55
1,<environment.Job instance at 0x7f8a747c50f0>,15,13,[7 3],23,88,101,65,88
1,<environment.Job instance at 0x7f8a747c0eb0>,31,21,[4 5],45,101,122,56,94
1,<environment.Job instance at 0x7f8a747ca910>,35,15,[5 4],52,105,120,53,105
1,<environment.Job instance at 0x7f8a747bc500>,44,3,[2 8],67,122,125,55,109
1,<environment.Job instance at 0x7f8a747bce60>,45,3,[ 2 10],68,125,128,57,109
1,<environment.Job instance at 0x7f8a747bca50>,46,1,[2 7],70,128,129,58,109
1,<environment.Job instance at 0x7f8a747bc410>,43,12,[7 5],65,129,141,64,114
1,<environment.Job instance at 0x7f8a747c9e10>,1,17,[3 8],2,2,19,0,2
1,<environment.Job instance at 0x7f8a295804b0>,8,2,[9 4],11,19,21,8,11
1,<environment.Job instance at 0x7f8a29580410>,9,13,[10  5],12,21,34,9,13
1,<environment.Job instance at 0x7f8a29580910>,14,15,[6 5],20,34,49,14,20
1,<environment.Job instance at 0x7f8a29565550>,26,14,[5 7],35,49,63,14,38
1,<environment.Job instance at 0x7f8a29516460>,33,25,[2 8],46,63,88,17,59
1,<environment.Job instance at 0x7f8a2963a1e0>,41,18,[ 3 10],56,88,106,32,79
1,<environment.Job instance at 0x7f8a2963a870>,51,16,[7 5],67,106,122,39,93
1,<environment.Job instance at 0x7f8a29565320>,24,16,[9 3],33,122,138,89,112
1,<environment.Job instance at 0x7f8a29637f50>,61,14,[5 5],78,138,152,60,125
1,<environment.Job instance at 0x7f8a298fe4b0>,14,17,[3 6],23,24,41,1,24
1,<environment.Job instance at 0x7f8a298fe5f0>,9,13,[5 2],14,25,38,11,25
1,<environment.Job instance at 0x7f8a29a40aa0>,17,13,[4 6],28,41,54,13,28
1,<environment.Job instance at 0x7f8a299ccb40>,24,28,[6 1],39,43,71,4,43
1,<environment.Job instance at 0x7f8a298fe230>,13,13,[1 9],22,54,67,32,48
1,<environment.Job instance at 0x7f8a2965ceb0>,25,23,[6 3],40,71,94,31,67
1,<environment.Job instance at 0x7f8a2965c5f0>,30,15,[2 7],48,70,85,22,70
1,<environment.Job instance at 0x7f8a2965c370>,28,13,[9 5],46,94,107,48,83
1,<environment.Job instance at 0x7f8a2965cfa0>,36,3,[7 1],57,107,110,50,85
1,<environment.Job instance at 0x7f8a2965c230>,33,19,[4 9],53,110,129,57,102
1,<environment.Job instance at 0x7f8a29663460>,40,16,[ 5 10],61,129,145,68,119
1,<environment.Job instance at 0x7f8a296593c0>,56,1,[1 9],84,145,146,61,126
1,<environment.Job instance at 0x7f8a29659230>,57,2,[2 5],86,146,148,60,126
1,<environment.Job instance at 0x7f8a296c0e60>,2,1,[7 2],4,4,5,0,4
1,<environment.Job instance at 0x7f8a2992f0a0>,5,15,[2 9],7,7,22,0,7
1,<environment.Job instance at 0x7f8a2992f730>,13,2,[1 8],16,22,24,6,16
1,<environment.Job instance at 0x7f8a2992fbe0>,18,13,[10  3],24,34,47,10,34
1,<environment.Job instance at 0x7f8a299383c0>,28,3,[8 4],38,47,50,9,47
1,<environment.Job instance at 0x7f8a29938a00>,29,13,[4 9],40,50,63,10,47
1,<environment.Job instance at 0x7f8a29938b40>,30,2,[2 5],41,48,50,7,48
1,<environment.Job instance at 0x7f8a29938aa0>,31,14,[7 4],42,63,77,21,48
1,<environment.Job instance at 0x7f8a29938d70>,32,17,[2 6],44,63,80,19,51
1,<environment.Job instance at 0x7f8a29937be0>,42,17,[5 6],59,80,97,21,69
1,<environment.Job instance at 0x7f8a29938730>,27,20,[5 1],37,80,100,43,80
1,<environment.Job instance at 0x7f8a29944140>,48,15,[3 7],70,97,112,27,83
1,<environment.Job instance at 0x7f8a29944960>,55,3,[9 2],81,112,115,31,102
1,<environment.Job instance at 0x7f8a29938280>,24,18,[1 8],34,112,130,78,103
1,<environment.Job instance at 0x7f8a29937e10>,44,13,[4 6],62,130,143,68,119
1,<environment.Job instance at 0x7f8a298fa050>,5,16,[3 6],7,9,25,2,9
1,<environment.Job instance at 0x7f8a6f8cd5a0>,16,2,[2 6],21,26,28,5,26
1,<environment.Job instance at 0x7f8a6f8cdfa0>,18,12,[9 1],24,31,43,7,31
1,<environment.Job instance at 0x7f8a6f8cd2d0>,20,13,[5 3],28,43,56,15,43
1,<environment.Job instance at 0x7f8a6f8cd8c0>,17,14,[5 9],22,56,70,34,43
1,<environment.Job instance at 0x7f8a29659190>,29,18,[8 4],40,70,88,30,61
1,<environment.Job instance at 0x7f8a29659460>,33,14,[5 6],46,88,102,42,75
1,<environment.Job instance at 0x7f8a6ff61190>,41,3,[10  1],58,102,105,44,77
1,<environment.Job instance at 0x7f8a6ff61870>,43,1,[1 6],60,79,80,19,79
1,<environment.Job instance at 0x7f8a6fec8230>,46,12,[7 5],63,105,117,42,88
1,<environment.Job instance at 0x7f8a29659960>,34,16,[6 4],47,117,133,70,105
1,<environment.Job instance at 0x7f8a6f789960>,59,17,[10  4],78,133,150,55,123
1,<environment.Job instance at 0x7f8a6d4f7820>,4,13,[2 5],7,7,20,0,7
1,<environment.Job instance at 0x7f8a29bbd7d0>,13,21,[8 5],18,20,41,2,20
1,<environment.Job instance at 0x7f8a29ad4eb0>,27,14,[1 9],36,54,68,18,54
1,<environment.Job instance at 0x7f8a29ad4960>,29,13,[5 5],39,68,81,29,54
1,<environment.Job instance at 0x7f8a29ad4a50>,30,13,[1 5],40,68,81,28,55
1,<environment.Job instance at 0x7f8a6d02e050>,34,3,[5 7],45,81,84,36,59
1,<environment.Job instance at 0x7f8a29ad4e60>,25,12,[9 4],33,84,96,51,70
1,<environment.Job instance at 0x7f8a6d02e4b0>,38,18,[1 5],52,84,102,32,79
1,<environment.Job instance at 0x7f8a29ad4d20>,26,17,[5 5],34,96,113,62,89
1,<environment.Job instance at 0x7f8a6d61e5a0>,52,15,[9 3],73,113,128,40,100
1,<environment.Job instance at 0x7f8a6f887910>,56,19,[7 1],79,128,147,49,118
1,<environment.Job instance at 0x7f8a6d2d9050>,51,15,[3 8],71,129,144,58,129
1,<environment.Job instance at 0x7f8a6d5a3b90>,0,1,[5 3],3,3,4,0,3
1,<environment.Job instance at 0x7f8a29b66230>,4,1,[1 5],8,8,9,0,8
1,<environment.Job instance at 0x7f8a29b66320>,5,21,[3 5],9,9,30,0,9
1,<environment.Job instance at 0x7f8a29b5a410>,22,1,[5 6],32,32,33,0,32
1,<environment.Job instance at 0x7f8a29b5a730>,23,2,[1 9],33,33,35,0,33
1,<environment.Job instance at 0x7f8a29b5a690>,24,15,[4 5],34,35,50,1,35
1,<environment.Job instance at 0x7f8a29b7b8c0>,38,12,[3 6],52,58,70,6,58
1,<environment.Job instance at 0x7f8a29b7b820>,39,12,[9 1],53,70,82,17,58
1,<environment.Job instance at 0x7f8a29b7b960>,40,13,[7 4],54,82,95,28,70
1,<environment.Job instance at 0x7f8a297850a0>,48,18,[9 1],64,95,113,31,84
1,<environment.Job instance at 0x7f8a29b5aaf0>,28,14,[6 4],41,113,127,72,99
1,<environment.Job instance at 0x7f8a297855f0>,56,17,[4 5],73,113,130,40,103
1,<environment.Job instance at 0x7f8a29785c80>,58,1,[1 6],75,106,107,31,106
1,<environment.Job instance at 0x7f8a29785eb0>,59,1,[ 2 10],78,130,131,52,107
1,<environment.Job instance at 0x7f8a29785d20>,60,14,[1 7],79,131,145,52,116
1,<environment.Job instance at 0x7f8a297800f0>,64,14,[8 1],85,131,145,46,128
1,<environment.Job instance at 0x7f8a298341e0>,0,2,[2 5],1,1,3,0,1
1,<environment.Job instance at 0x7f8a6d32dcd0>,2,16,[4 6],3,3,19,0,3
1,<environment.Job instance at 0x7f8a747c9230>,12,18,[1 5],20,21,39,1,21
1,<environment.Job instance at 0x7f8a747c9af0>,13,2,[3 8],21,39,41,18,21
1,<environment.Job instance at 0x7f8a6f9ab190>,14,2,[5 7],23,41,43,18,23
1,<environment.Job instance at 0x7f8a6d3eefa0>,15,2,[2 7],24,43,45,19,24
1,<environment.Job instance at 0x7f8a6d3e3a00>,8,18,[5 1],14,27,45,13,27
1,<environment.Job instance at 0x7f8a6d1435a0>,18,12,[10  5],28,45,57,17,28
1,<environment.Job instance at 0x7f8a6d16b280>,25,13,[9 3],36,57,70,21,42
1,<environment.Job instance at 0x7f8a29af6190>,30,18,[7 2],43,70,88,27,59
1,<environment.Job instance at 0x7f8a29884460>,9,16,[2 6],17,70,86,53,61
1,<environment.Job instance at 0x7f8a6d3f3140>,38,26,[ 1 10],53,112,138,59,112
1,<environment.Job instance at 0x7f8a6ff30d20>,43,17,[4 9],61,138,155,77,126
1,<environment.Job instance at 0x7f8a6d190b90>,0,1,[9 4],1,1,2,0,1
1,<environment.Job instance at 0x7f8a746d64b0>,5,17,[6 1],9,9,26,0,9
1,<environment.Job instance at 0x7f8a6fad9690>,13,16,[7 4],28,28,44,0,28
1,<environment.Job instance at 0x7f8a6d693c30>,26,17,[3 6],46,46,63,0,46
1,<environment.Job instance at 0x7f8a6d6d79b0>,43,16,[3 5],77,81,97,4,81
1,<environment.Job instance at 0x7f8a6d3170f0>,48,2,[2 7],82,97,99,15,84
1,<environment.Job instance at 0x7f8a6d6ba7d0>,55,15,[9 4],91,99,114,8,98
1,<environment.Job instance at 0x7f8a298377d0>,49,18,[ 2 10],83,114,132,31,104
1,<environment.Job instance at 0x7f8a29af6820>,60,12,[5 6],96,132,144,36,118
1,<environment.Job instance at 0x7f8a6d3548c0>,1,16,[4 9],3,3,19,0,3
1,<environment.Job instance at 0x7f8a29b44c80>,6,1,[2 6],8,19,20,11,8
1,<environment.Job instance at 0x7f8a29b44e10>,9,13,[2 6],18,20,33,2,18
1,<environment.Job instance at 0x7f8a29b111e0>,15,16,[4 7],27,34,50,7,34
1,<environment.Job instance at 0x7f8a6fd32c80>,35,13,[9 4],49,68,81,19,68
1,<environment.Job instance at 0x7f8a29a5bc30>,40,18,[4 7],58,81,99,23,70
1,<environment.Job instance at 0x7f8a298e0410>,46,1,[9 5],65,99,100,34,90
1,<environment.Job instance at 0x7f8a298e0b90>,47,1,[7 3],66,100,101,34,90
1,<environment.Job instance at 0x7f8a298e0eb0>,45,14,[8 3],64,101,115,37,91
1,<environment.Job instance at 0x7f8a293efb40>,55,12,[5 2],78,115,127,37,98
1,<environment.Job instance at 0x7f8a29a5bc80>,41,18,[2 8],59,115,133,56,104
1,<environment.Job instance at 0x7f8a74691c30>,61,13,[ 3 10],87,133,146,46,117
1,<environment.Job instance at 0x7f8a296d6af0>,1,12,[5 4],2,2,14,0,2
1,<environment.Job instance at 0x7f8a296d6050>,3,3,[1 9],4,14,17,10,4
1,<environment.Job instance at 0x7f8a296d67d0>,5,17,[5 2],6,17,34,11,6
1,<environment.Job instance at 0x7f8a2973faf0>,8,3,[1 6],9,20,23,11,20
1,<environment.Job instance at 0x7f8a6fb40820>,15,2,[5 4],19,23,25,4,22
1,<environment.Job instance at 0x7f8a2973feb0>,14,17,[2 9],18,34,51,16,22
1,<environment.Job instance at 0x7f8a2973f640>,9,13,[1 9],10,51,64,41,45
1,<environment.Job instance at 0x7f8a29b0f640>,24,15,[7 4],34,64,79,30,55
1,<environment.Job instance at 0x7f8a29b0f0a0>,31,17,[10  5],49,79,96,30,69
1,<environment.Job instance at 0x7f8a6fd68a00>,40,12,[2 8],64,96,108,32,84
1,<environment.Job instance at 0x7f8a29b0faf0>,27,13,[ 2 10],40,108,121,68,93
1,<environment.Job instance at 0x7f8a2973a8c0>,46,16,[1 9],73,121,137,48,112
1,<environment.Job instance at 0x7f8a293d4050>,50,2,[5 2],81,137,139,56,126
1,<environment.Job instance at 0x7f8a293d4230>,51,18,[7 1],82,139,157,57,128
1,<environment.Job instance at 0x7f8a6fb40dc0>,16,20,[1 7],20,137,157,117,128
1,<environment.Job instance at 0x7f8a29734050>,0,3,[ 2 10],1,1,4,0,1
1,<environment.Job instance at 0x7f8a293d4690>,1,17,[9 5],4,5,22,1,5
1,<environment.Job instance at 0x7f8a29734370>,2,12,[1 6],5,22,34,17,11
1,<environment.Job instance at 0x7f8a29830550>,7,17,[8 4],16,22,39,6,18
1,<environment.Job instance at 0x7f8a6fddac80>,18,17,[1 8],36,39,56,3,39
1,<environment.Job instance at 0x7f8a6fddae60>,19,2,[5 7],37,56,58,19,39
1,<environment.Job instance at 0x7f8a6fdf95f0>,21,3,[5 5],40,58,61,18,40
1,<environment.Job instance at 0x7f8a6d0a63c0>,24,12,[2 5],43,58,70,15,44
1,<environment.Job instance at 0x7f8a6fdeefa0>,17,18,[9 4],35,74,92,39,74
1,<environment.Job instance at 0x7f8a6d563aa0>,36,14,[7 3],63,92,106,29,82
1,<environment.Job instance at 0x7f8a6d62d960>,40,12,[5 5],69,106,118,37,94
1,<environment.Job instance at 0x7f8a293b59b0>,43,18,[4 9],72,118,136,46,107
1,<environment.Job instance at 0x7f8a6f873d70>,48,13,[6 3],80,136,149,56,122
1,<environment.Job instance at 0x7f8a29890960>,0,14,[9 4],1,1,15,0,1
1,<environment.Job instance at 0x7f8a6f9c6d70>,9,26,[10  4],15,15,41,0,15
1,<environment.Job instance at 0x7f8a6d1727d0>,22,12,[1 8],31,41,53,10,32
1,<environment.Job instance at 0x7f8a29a57320>,3,13,[5 9],4,53,66,49,45
1,<environment.Job instance at 0x7f8a6d5fd3c0>,28,16,[3 5],47,66,82,19,55
1,<environment.Job instance at 0x7f8a6f9c6c80>,15,18,[5 4],23,66,84,43,58
1,<environment.Job instance at 0x7f8a6d5fdf00>,29,14,[5 5],48,82,96,34,70
1,<environment.Job instance at 0x7f8a29984dc0>,37,17,[5 4],61,92,109,31,92
1,<environment.Job instance at 0x7f8a6d6c7f00>,48,14,[9 2],76,109,123,33,94
1,<environment.Job instance at 0x7f8a6f94ccd0>,50,15,[8 5],79,123,138,44,109
1,<environment.Job instance at 0x7f8a29b7bd70>,42,12,[2 7],70,138,150,68,124
1,<environment.Job instance at 0x7f8a29acd370>,3,13,[7 5],4,4,17,0,4
1,<environment.Job instance at 0x7f8a29acd5a0>,8,15,[8 4],11,17,32,6,17
1,<environment.Job instance at 0x7f8a29334dc0>,16,13,[5 3],23,32,45,9,23
1,<environment.Job instance at 0x7f8a298c9aa0>,22,14,[2 9],31,45,59,14,38
1,<environment.Job instance at 0x7f8a29321af0>,29,13,[6 4],40,59,72,19,45
1,<environment.Job instance at 0x7f8a292979b0>,36,12,[9 3],53,72,84,19,61
1,<environment.Job instance at 0x7f8a298c9690>,25,17,[5 5],35,95,112,60,95
1,<environment.Job instance at 0x7f8a29297410>,46,14,[2 9],69,112,126,43,97
1,<environment.Job instance at 0x7f8a292a7f50>,56,18,[2 6],81,126,144,45,120
1,<environment.Job instance at 0x7f8a292a7f50>,2,13,[3 6],3,3,16,0,3
1,<environment.Job instance at 0x7f8a6fd17d20>,8,14,[5 5],11,16,30,5,14
1,<environment.Job instance at 0x7f8a6fd3e4b0>,15,1,[2 5],20,21,22,1,21
1,<environment.Job instance at 0x7f8a6fd17b40>,11,24,[7 5],15,30,54,15,29
1,<environment.Job instance at 0x7f8a29618370>,32,16,[4 9],43,54,70,11,47
1,<environment.Job instance at 0x7f8a6fd3eeb0>,17,15,[ 2 10],24,70,85,46,57
1,<environment.Job instance at 0x7f8a6d198f50>,25,15,[8 4],32,85,100,53,80
1,<environment.Job instance at 0x7f8a2960a320>,43,13,[8 2],61,100,113,39,89
1,<environment.Job instance at 0x7f8a2963b7d0>,49,17,[8 1],71,113,130,42,111
1,<environment.Job instance at 0x7f8a6d1fbc80>,53,16,[6 4],76,130,146,54,117
1,<environment.Job instance at 0x7f8a291c8dc0>,0,1,[6 5],3,3,4,0,3
1,<environment.Job instance at 0x7f8a6d1ed5f0>,4,14,[3 6],9,9,23,0,9
1,<environment.Job instance at 0x7f8a2980d410>,5,12,[7 4],11,11,23,0,11
1,<environment.Job instance at 0x7f8a6d372820>,12,13,[5 8],19,23,36,4,20
1,<environment.Job instance at 0x7f8a6f80bc30>,21,1,[7 3],30,36,37,6,31
1,<environment.Job instance at 0x7f8a6febc2d0>,18,15,[10  1],27,37,52,10,31
1,<environment.Job instance at 0x7f8a6f80b320>,20,3,[6 1],29,52,55,23,35
1,<environment.Job instance at 0x7f8a6d0d6190>,28,28,[3 5],38,52,80,14,51
1,<environment.Job instance at 0x7f8a6d0d61e0>,36,1,[9 4],52,80,81,28,59
1,<environment.Job instance at 0x7f8a6d0d6230>,37,17,[ 4 10],54,81,98,27,69
1,<environment.Job instance at 0x7f8a6fb65910>,41,18,[3 6],59,98,116,39,87
1,<environment.Job instance at 0x7f8a6f7fb190>,47,15,[2 7],66,116,131,50,102
1,<environment.Job instance at 0x7f8a6d3eb3c0>,51,18,[2 8],75,131,149,56,120
1,<environment.Job instance at 0x7f8a6ff709b0>,0,12,[9 4],2,2,14,0,2
1,<environment.Job instance at 0x7f8a6d2e7640>,13,16,[2 7],19,19,35,0,19
1,<environment.Job instance at 0x7f8a6d2e7190>,14,14,[5 4],20,35,49,15,21
1,<environment.Job instance at 0x7f8a293497d0>,21,14,[5 7],29,49,63,20,35
1,<environment.Job instance at 0x7f8a6d2e7870>,11,13,[10  3],16,63,76,47,47
1,<environment.Job instance at 0x7f8a6d2e7eb0>,12,13,[9 1],17,76,89,59,63
1,<environment.Job instance at 0x7f8a6d106690>,37,14,[10  5],48,89,103,41,74
1,<environment.Job instance at 0x7f8a6d106960>,38,15,[8 2],49,103,118,54,89
1,<environment.Job instance at 0x7f8a6fca0280>,27,17,[4 6],35,118,135,83,109
1,<environment.Job instance at 0x7f8a6fc3a500>,58,17,[ 4 10],75,135,152,60,123
1,<environment.Job instance at 0x7f8a6d0d7c80>,2,14,[1 6],3,3,17,0,3
1,<environment.Job instance at 0x7f8a29a5e4b0>,15,13,[3 6],23,23,36,0,23
1,<environment.Job instance at 0x7f8a6f9e9370>,29,13,[4 6],45,57,70,12,57
1,<environment.Job instance at 0x7f8a294c4f00>,27,12,[4 7],43,70,82,27,57
1,<environment.Job instance at 0x7f8a6f9e9eb0>,33,14,[9 3],51,82,96,31,67
1,<environment.Job instance at 0x7f8a6f9e9780>,37,3,[5 7],56,96,99,40,86
1,<environment.Job instance at 0x7f8a6f9e9dc0>,38,19,[7 3],57,99,118,42,89
1,<environment.Job instance at 0x7f192085a0f0>,0,13,[9 3],1,1,14,0,1
1,<environment.Job instance at 0x7f191944b1e0>,6,18,[6 2],12,15,33,3,15
1,<environment.Job instance at 0x7f191944b870>,10,16,[8 5],17,33,49,16,21
1,<environment.Job instance at 0x7f191944e5f0>,22,18,[2 6],34,49,67,15,40
1,<environment.Job instance at 0x7f191944efa0>,30,13,[4 7],51,67,80,16,52
1,<environment.Job instance at 0x7f191944b780>,9,18,[3 9],15,80,98,65,69
1,<environment.Job instance at 0x7f191944fdc0>,42,13,[2 7],71,98,111,27,83
1,<environment.Job instance at 0x7f1919453460>,50,16,[4 7],84,111,127,27,103
1,<environment.Job instance at 0x7f1919453e10>,58,2,[ 4 10],94,127,129,33,110
1,<environment.Job instance at 0x7f191944e6e0>,23,12,[ 5 10],35,129,141,94,116
1,<environment.Job instance at 0x7f1919456410>,66,12,[5 5],103,141,153,38,135
1,<environment.Job instance at 0x7f19209c6be0>,6,15,[1 9],9,9,24,0,9
1,<environment.Job instance at 0x7f19209c6fa0>,4,3,[8 5],7,24,27,17,10
1,<environment.Job instance at 0x7f19209c30f0>,9,13,[7 3],13,27,40,14,13
1,<environment.Job instance at 0x7f19209c3960>,11,12,[7 1],16,40,52,24,30
1,<environment.Job instance at 0x7f19209c9a00>,16,14,[8 2],24,52,66,28,46
1,<environment.Job instance at 0x7f19209d0320>,25,21,[4 5],35,66,87,31,61
1,<environment.Job instance at 0x7f19209ce9b0>,32,17,[5 7],49,87,104,38,75
1,<environment.Job instance at 0x7f19209cefa0>,38,3,[2 8],57,104,107,47,96
1,<environment.Job instance at 0x7f19209c3640>,13,18,[4 6],19,107,125,88,100
1,<environment.Job instance at 0x7f1920882cd0>,45,12,[5 4],65,107,119,42,106
1,<environment.Job instance at 0x7f1920881be0>,49,14,[4 7],69,125,139,56,110
1,<environment.Job instance at 0x7f1920881320>,52,16,[1 9],75,139,155,64,126
1,<environment.Job instance at 0x7f1920881b40>,1,13,[3 7],2,2,15,0,2
1,<environment.Job instance at 0x7f18d5770910>,21,13,[6 3],30,30,43,0,30
1,<environment.Job instance at 0x7f18d5770690>,22,13,[7 4],31,43,56,12,32
1,<environment.Job instance at 0x7f18d5749460>,30,18,[6 3],40,56,74,16,50
1,<environment.Job instance at 0x7f18d5744460>,36,16,[7 5],47,74,90,27,66
1,<environment.Job instance at 0x7f18d5744aa0>,40,18,[4 6],51,90,108,39,80
1,<environment.Job instance at 0x7f18d5740a50>,48,3,[9 1],60,108,111,48,108
1,<environment.Job instance at 0x7f18d5740f50>,49,19,[9 4],62,111,130,49,108
1,<environment.Job instance at 0x7f18d57398c0>,53,13,[10  2],68,130,143,62,115
1,<environment.Job instance at 0x7f18d5718500>,61,13,[4 5],78,143,156,65,131
1,<environment.Job instance at 0x7f18d57df0a0>,0,16,[5 1],2,2,18,0,2
1,<environment.Job instance at 0x7f18d5c2d7d0>,10,12,[2 6],17,17,29,0,17
1,<environment.Job instance at 0x7f18d5c2d690>,11,15,[2 7],18,29,44,11,18
1,<environment.Job instance at 0x7f18d5baa410>,21,16,[ 5 10],31,44,60,13,40
1,<environment.Job instance at 0x7f18d5bdd7d0>,27,14,[4 7],41,71,85,30,71
1,<environment.Job instance at 0x7f18d5b0b050>,15,17,[2 8],25,85,102,60,75
1,<environment.Job instance at 0x7f18d5b0b640>,19,23,[10  2],29,102,125,73,98
1,<environment.Job instance at 0x7f18d5d169b0>,41,12,[9 5],60,125,137,65,109
1,<environment.Job instance at 0x7f18d5d16050>,48,13,[2 9],69,137,150,68,130
1,<environment.Job instance at 0x7f1920883870>,0,2,[2 5],1,1,3,0,1
1,<environment.Job instance at 0x7f18d5805640>,2,17,[2 6],4,4,21,0,4
1,<environment.Job instance at 0x7f18d5b3edc0>,12,17,[5 6],19,21,38,2,19
1,<environment.Job instance at 0x7f18d5b33460>,17,16,[1 9],28,47,63,19,47
1,<environment.Job instance at 0x7f18d5b338c0>,22,2,[7 1],34,51,53,17,51
1,<environment.Job instance at 0x7f18d5b33280>,16,14,[1 5],26,63,77,37,51
1,<environment.Job instance at 0x7f18d5b44460>,32,17,[7 4],49,63,80,14,62
1,<environment.Job instance at 0x7f18d5b33dc0>,29,13,[5 6],46,80,93,34,66
1,<environment.Job instance at 0x7f18d5b44c80>,40,12,[1 7],62,93,105,31,76
1,<environment.Job instance at 0x7f18d5b44e10>,43,14,[5 1],65,83,97,18,83
1,<environment.Job instance at 0x7f18d5b42190>,47,3,[2 5],70,105,108,35,88
1,<environment.Job instance at 0x7f18d5b426e0>,48,17,[8 2],74,97,114,23,91
1,<environment.Job instance at 0x7f18d5b33d70>,24,16,[1 5],40,108,124,68,100
1,<environment.Job instance at 0x7f18d5b44780>,34,17,[7 1],55,114,131,59,109
1,<environment.Job instance at 0x7f18d5b42c30>,55,1,[9 5],83,131,132,48,116
1,<environment.Job instance at 0x7f18d5b42e60>,56,14,[10  4],84,132,146,48,118
1,<environment.Job instance at 0x7f18d5653780>,65,16,[3 6],96,146,162,50,136
1,<environment.Job instance at 0x7f18d5b420f0>,0,3,[7 2],3,3,6,0,3
1,<environment.Job instance at 0x7f18d5b42500>,2,3,[5 7],6,6,9,0,6
1,<environment.Job instance at 0x7f19198fadc0>,4,1,[ 3 10],9,9,10,0,9
1,<environment.Job instance at 0x7f19198fabe0>,5,1,[1 6],10,10,11,0,10
1,<environment.Job instance at 0x7f19198fa5f0>,6,17,[10  4],11,11,28,0,11
1,<environment.Job instance at 0x7f18d5baa500>,19,1,[6 3],25,28,29,3,27
1,<environment.Job instance at 0x7f19195dbbe0>,14,18,[7 5],20,29,47,9,27
1,<environment.Job instance at 0x7f18d5baa690>,17,17,[10  3],23,47,64,24,36
1,<environment.Job instance at 0x7f191fdc2a50>,30,16,[10  2],46,64,80,18,52
1,<environment.Job instance at 0x7f191fdc2be0>,33,27,[2 5],49,80,107,31,79
1,<environment.Job instance at 0x7f191fdc2910>,36,21,[1 5],53,83,104,30,83
1,<environment.Job instance at 0x7f1920423b40>,43,14,[2 9],62,107,121,45,92
1,<environment.Job instance at 0x7f1920423410>,48,18,[5 1],67,104,122,37,96
1,<environment.Job instance at 0x7f1920423cd0>,50,12,[6 5],69,122,134,53,106
1,<environment.Job instance at 0x7f1919229c30>,61,13,[2 5],87,121,134,34,118
1,<environment.Job instance at 0x7f1919229460>,62,18,[ 4 10],88,134,152,46,126
1,<environment.Job instance at 0x7f18d5cf9050>,3,15,[4 5],5,5,20,0,5
1,<environment.Job instance at 0x7f18d57e99b0>,7,15,[3 8],11,20,35,9,12
1,<environment.Job instance at 0x7f191fffc640>,19,15,[4 7],31,35,50,4,33
1,<environment.Job instance at 0x7f191963d410>,20,13,[3 6],33,50,63,17,37
1,<environment.Job instance at 0x7f18d59f6640>,18,15,[5 9],27,63,78,36,51
1,<environment.Job instance at 0x7f19197129b0>,23,18,[5 9],38,78,96,40,69
1,<environment.Job instance at 0x7f19203a6230>,40,13,[10  4],69,96,109,27,82
1,<environment.Job instance at 0x7f1919687f00>,43,16,[2 7],75,109,125,34,96
1,<environment.Job instance at 0x7f19192900f0>,52,12,[2 7],86,125,137,39,108
1,<environment.Job instance at 0x7f191fd898c0>,58,18,[5 9],94,137,155,43,127
1,<environment.Job instance at 0x7f1919767dc0>,2,17,[4 5],3,3,20,0,3
1,<environment.Job instance at 0x7f18d5d97a50>,6,14,[1 7],9,20,34,11,9
1,<environment.Job instance at 0x7f18d5d97b90>,7,16,[5 5],10,34,50,24,21
1,<environment.Job instance at 0x7f18d5d92410>,17,1,[3 8],22,50,51,28,24
1,<environment.Job instance at 0x7f18d5d92870>,20,2,[9 1],30,51,53,21,33
1,<environment.Job instance at 0x7f18d5d928c0>,21,3,[6 3],31,53,56,22,33
1,<environment.Job instance at 0x7f18d5d92aa0>,22,14,[8 5],34,56,70,22,41
1,<environment.Job instance at 0x7f18d5d97e10>,11,16,[ 4 10],16,70,86,54,57
1,<environment.Job instance at 0x7f18d5d97dc0>,13,13,[ 2 10],18,86,99,68,73
1,<environment.Job instance at 0x7f18d5da0d20>,41,16,[4 6],63,99,115,36,98
1,<environment.Job instance at 0x7f18d5da0320>,34,16,[7 3],54,115,131,61,110
1,<environment.Job instance at 0x7f18d5da3460>,48,16,[2 6],77,116,132,39,116
1,<environment.Job instance at 0x7f18d5da0fa0>,45,12,[5 6],72,132,144,60,122
1,<environment.Job instance at 0x7f18d5da37d0>,53,2,[5 7],83,144,146,61,131
1,<environment.Job instance at 0x7f18d5da3280>,51,18,[1 5],80,146,164,66,135
1,<environment.Job instance at 0x7f19198f80f0>,2,2,[3 6],4,4,6,0,4
1,<environment.Job instance at 0x7f191fcedaa0>,3,16,[5 9],5,6,22,1,6
1,<environment.Job instance at 0x7f1919222b40>,10,15,[2 7],14,22,37,8,17
1,<environment.Job instance at 0x7f1920140640>,16,14,[3 5],20,37,51,17,22
1,<environment.Job instance at 0x7f19193f55a0>,25,15,[2 9],29,51,66,22,37
1,<environment.Job instance at 0x7f19194aa640>,31,15,[5 6],36,66,81,30,53
1,<environment.Job instance at 0x7f19192220f0>,13,17,[10  2],17,81,98,64,75
1,<environment.Job instance at 0x7f19203a6640>,35,16,[ 4 10],40,98,114,58,87
1,<environment.Job instance at 0x7f19192f3870>,45,17,[6 1],59,114,131,55,102
1,<environment.Job instance at 0x7f191fffa550>,21,21,[2 6],25,114,135,89,106
1,<environment.Job instance at 0x7f19193f9780>,62,16,[6 5],90,135,151,45,123
1,<environment.Job instance at 0x7f1920194aa0>,4,20,[6 4],5,5,25,0,5
1,<environment.Job instance at 0x7f19193f9f00>,6,17,[4 9],7,25,42,18,14
1,<environment.Job instance at 0x7f18d5d2b050>,21,12,[6 3],25,42,54,17,37
1,<environment.Job instance at 0x7f191feb95f0>,22,16,[10  2],26,54,70,28,50
1,<environment.Job instance at 0x7f18d5b6caa0>,28,1,[5 5],36,70,71,34,54
1,<environment.Job instance at 0x7f1919255a00>,29,15,[5 5],37,70,85,33,56
1,<environment.Job instance at 0x7f1920183f50>,34,16,[4 9],43,85,101,42,72
1,<environment.Job instance at 0x7f1920183500>,38,12,[4 9],47,101,113,54,84
1,<environment.Job instance at 0x7f18d596b140>,42,13,[2 6],58,113,126,55,100
1,<environment.Job instance at 0x7f19201bee60>,1,2,[2 7],8,8,10,0,8
1,<environment.Job instance at 0x7f192005f370>,4,17,[5 1],11,12,29,1,12
1,<environment.Job instance at 0x7f192005fb40>,12,13,[8 2],23,29,42,6,26
1,<environment.Job instance at 0x7f192005fbe0>,13,15,[1 5],26,28,43,2,28
1,<environment.Job instance at 0x7f1920053e10>,29,12,[1 6],46,58,70,12,58
1,<environment.Job instance at 0x7f1920033320>,37,18,[1 9],57,70,88,13,60
1,<environment.Job instance at 0x7f19200539b0>,26,1,[8 4],42,88,89,46,71
1,<environment.Job instance at 0x7f19200630f0>,44,14,[6 2],66,89,103,23,78
1,<environment.Job instance at 0x7f1920063b40>,53,13,[9 4],79,103,116,24,96
1,<environment.Job instance at 0x7f1920063690>,52,13,[3 5],77,116,129,39,103
1,<environment.Job instance at 0x7f192002e320>,60,12,[6 2],90,116,128,26,109
1,<environment.Job instance at 0x7f192002e3c0>,62,12,[3 5],92,128,140,36,112
1,<environment.Job instance at 0x7f192002efa0>,71,18,[7 5],106,129,147,23,120
1,<environment.Job instance at 0x7f192005d2d0>,75,17,[4 5],111,147,164,36,135
1,<environment.Job instance at 0x7f192005d820>,1,15,[5 1],4,4,19,0,4
1,<environment.Job instance at 0x7f1919365460>,3,16,[3 5],6,6,22,0,6
1,<environment.Job instance at 0x7f18d5995960>,17,15,[1 6],23,30,45,7,30
1,<environment.Job instance at 0x7f18d5995730>,20,17,[5 2],26,30,47,4,30
1,<environment.Job instance at 0x7f18d5d3ee60>,21,12,[9 5],27,47,59,20,35
1,<environment.Job instance at 0x7f18d5d3e730>,22,1,[4 9],28,59,60,31,37
1,<environment.Job instance at 0x7f18d58dafa0>,28,17,[4 6],37,60,77,23,48
1,<environment.Job instance at 0x7f192029fd70>,31,20,[1 7],40,77,97,37,68
1,<environment.Job instance at 0x7f18d55f3f00>,32,17,[7 1],43,78,95,35,78
1,<environment.Job instance at 0x7f18d57b8500>,42,13,[ 2 10],60,97,110,37,91
1,<environment.Job instance at 0x7f18d5995f50>,19,15,[1 9],25,110,125,85,96
1,<environment.Job instance at 0x7f18d58d5cd0>,52,13,[10  5],78,125,138,47,109
1,<environment.Job instance at 0x7f18d56a3140>,55,12,[2 8],84,138,150,54,136
1,<environment.Job instance at 0x7f18d56a3c30>,60,13,[2 5],90,150,163,60,138
1,<environment.Job instance at 0x7f191fe6fdc0>,0,18,[1 7],1,1,19,0,1
1,<environment.Job instance at 0x7f18d55e1eb0>,3,16,[6 1],7,7,23,0,7
1,<environment.Job instance at 0x7f1919516a50>,8,12,[1 6],15,19,31,4,19
1,<environment.Job instance at 0x7f1919516eb0>,5,12,[1 7],10,31,43,21,25
1,<environment.Job instance at 0x7f1919516960>,10,17,[5 2],19,27,44,8,27
1,<environment.Job instance at 0x7f1919516d20>,9,1,[ 1 10],17,44,45,27,31
1,<environment.Job instance at 0x7f19195160f0>,15,12,[7 2],30,45,57,15,32
1,<environment.Job instance at 0x7f1919516910>,16,16,[1 8],33,45,61,12,40
1,<environment.Job instance at 0x7f1919260870>,24,17,[1 8],46,61,78,15,49
1,<environment.Job instance at 0x7f191987ec30>,35,1,[5 4],60,78,79,18,65
1,<environment.Job instance at 0x7f1920145dc0>,36,2,[6 2],61,65,67,4,65
1,<environment.Job instance at 0x7f19195163c0>,14,16,[5 4],29,78,94,49,71
1,<environment.Job instance at 0x7f1919687f00>,42,14,[7 3],73,94,108,21,89
1,<environment.Job instance at 0x7f19201451e0>,38,15,[3 6],63,92,107,29,92
1,<environment.Job instance at 0x7f1919687280>,45,19,[ 5 10],78,108,127,30,100
1,<environment.Job instance at 0x7f191963d780>,54,13,[6 3],90,129,142,39,129
1,<environment.Job instance at 0x7f191963db40>,55,13,[3 8],91,142,155,51,129
1,<environment.Job instance at 0x7f19200bd410>,0,14,[9 4],1,2,16,1,2
1,<environment.Job instance at 0x7f191feb91e0>,1,13,[2 9],2,16,29,14,4
1,<environment.Job instance at 0x7f191937ff50>,17,12,[7 5],25,29,41,4,26
1,<environment.Job instance at 0x7f1919373910>,18,16,[2 5],26,29,45,3,26
1,<environment.Job instance at 0x7f19193731e0>,14,13,[9 1],21,45,58,24,29
1,<environment.Job instance at 0x7f191928a550>,29,14,[5 5],48,58,72,10,48
1,<environment.Job instance at 0x7f192007e820>,34,12,[10  5],57,72,84,15,57
1,<environment.Job instance at 0x7f19200a71e0>,27,18,[1 8],46,84,102,38,76
1,<environment.Job instance at 0x7f18d545b7d0>,40,16,[5 2],66,84,100,18,80
1,<environment.Job instance at 0x7f19197e8fa0>,31,18,[10  2],51,102,120,51,91
1,<environment.Job instance at 0x7f18d55ed7d0>,47,3,[10  1],75,120,123,45,97
1,<environment.Job instance at 0x7f191fdde9b0>,50,15,[8 5],79,123,138,44,109
1,<environment.Job instance at 0x7f191fc347d0>,55,15,[1 6],85,138,153,53,124
1,<environment.Job instance at 0x7f191fc44870>,63,16,[7 4],96,138,154,42,135
1,<environment.Job instance at 0x7f191fc44a50>,2,12,[2 7],5,5,17,0,5
1,<environment.Job instance at 0x7f18d5bfb870>,8,13,[5 3],13,13,26,0,13
1,<environment.Job instance at 0x7f18d585b960>,11,2,[1 8],17,26,28,9,17
1,<environment.Job instance at 0x7f18d5bb1d20>,16,3,[1 9],24,32,35,8,32
1,<environment.Job instance at 0x7f19209d4eb0>,21,13,[6 4],30,35,48,5,33
1,<environment.Job instance at 0x7f18d5bb1320>,14,14,[2 9],21,48,62,27,33
1,<environment.Job instance at 0x7f18d5aaf5a0>,29,16,[7 2],44,62,78,18,53
1,<environment.Job instance at 0x7f18d560aaa0>,26,16,[3 8],38,62,78,24,60
1,<environment.Job instance at 0x7f18d5a5ae60>,37,17,[9 5],58,78,95,20,66
1,<environment.Job instance at 0x7f18d5a5ab90>,43,22,[1 9],64,95,117,31,88
1,<environment.Job instance at 0x7f18d5aaf8c0>,35,15,[ 3 10],56,117,132,61,108
1,<environment.Job instance at 0x7f19201cc410>,54,12,[8 2],82,132,144,50,123
1,<environment.Job instance at 0x7f19201cc460>,55,1,[6 2],83,144,145,61,123
1,<environment.Job instance at 0x7f19201cce60>,56,1,[3 6],84,144,145,60,123
1,<environment.Job instance at 0x7f192038a410>,58,12,[3 5],86,145,157,59,134
1,<environment.Job instance at 0x7f18d5428be0>,0,1,[1 8],1,1,2,0,1
1,<environment.Job instance at 0x7f18d5428cd0>,3,13,[7 5],6,6,19,0,6
1,<environment.Job instance at 0x7f18d5432730>,7,14,[9 3],10,19,33,9,19
1,<environment.Job instance at 0x7f18d5432dc0>,11,16,[3 9],16,33,49,17,22
1,<environment.Job instance at 0x7f18d5432820>,16,16,[4 9],23,49,65,26,40
1,<environment.Job instance at 0x7f191fdcfcd0>,27,13,[8 2],41,65,78,24,49
1,<environment.Job instance at 0x7f191fdcf730>,38,14,[1 7],57,65,79,8,65
1,<environment.Job instance at 0x7f191fdcffa0>,35,15,[5 4],53,79,94,26,65
1,<environment.Job instance at 0x7f191fdd5b40>,46,1,[9 5],67,94,95,27,75
1,<environment.Job instance at 0x7f191fdd5be0>,47,1,[6 2],68,78,79,10,75
1,<environment.Job instance at 0x7f191fdd5500>,48,1,[9 4],69,95,96,26,78
1,<environment.Job instance at 0x7f191fdd5c80>,49,16,[3 5],70,96,112,26,84
1,<environment.Job instance at 0x7f19198c1aa0>,59,2,[4 9],82,112,114,30,107
1,<environment.Job instance at 0x7f19198c10f0>,60,17,[5 3],83,114,131,31,107
1,<environment.Job instance at 0x7f19198c1f50>,63,15,[3 9],88,131,146,43,125
1,<environment.Job instance at 0x7f1919581e10>,2,18,[5 5],4,4,22,0,4
1,<environment.Job instance at 0x7f1919931280>,4,25,[10  3],6,22,47,16,19
1,<environment.Job instance at 0x7f18d5759780>,24,2,[9 3],35,47,49,12,37
1,<environment.Job instance at 0x7f18d577fc30>,23,16,[5 7],34,49,65,15,37
1,<environment.Job instance at 0x7f18d5783b90>,25,15,[2 7],36,65,80,29,51
1,<environment.Job instance at 0x7f18d5a34e10>,27,16,[ 2 10],41,80,96,39,73
1,<environment.Job instance at 0x7f191feaa2d0>,36,18,[1 8],54,96,114,42,85
1,<environment.Job instance at 0x7f19192dfa50>,46,17,[3 8],73,114,131,41,104
1,<environment.Job instance at 0x7f19192c50a0>,48,17,[9 2],75,131,148,56,119
1,<environment.Job instance at 0x7f191fe95c80>,52,12,[5 5],80,148,160,68,135
1,<environment.Job instance at 0x7f18d5c88870>,3,12,[7 1],5,5,17,0,5
1,<environment.Job instance at 0x7f18d5d4fd20>,12,13,[3 8],15,30,43,15,30
1,<environment.Job instance at 0x7f191fd99870>,14,2,[2 5],18,43,45,25,38
1,<environment.Job instance at 0x7f191fc7fcd0>,31,17,[3 8],42,47,64,5,47
1,<environment.Job instance at 0x7f191fc7f0f0>,35,17,[10  3],49,64,81,15,52
1,<environment.Job instance at 0x7f18d5545d20>,23,12,[ 5 10],29,81,93,52,69
1,<environment.Job instance at 0x7f18d5473140>,24,27,[10  2],30,99,126,69,99
1,<environment.Job instance at 0x7f19195fe190>,56,18,[1 8],77,126,144,49,117
1,<environment.Job instance at 0x7f19195fe1e0>,59,17,[4 5],81,144,161,63,134
1,<environment.Job instance at 0x7f18d5966e10>,2,13,[1 6],4,4,17,0,4
1,<environment.Job instance at 0x7f18d5966730>,3,15,[9 4],5,5,20,0,5
1,<environment.Job instance at 0x7f19205eb0f0>,6,2,[1 6],8,17,19,9,11
1,<environment.Job instance at 0x7f18d5966c80>,7,12,[10  3],9,20,32,11,15
1,<environment.Job instance at 0x7f18d5966be0>,8,17,[1 6],10,41,58,31,41
1,<environment.Job instance at 0x7f18d5ad3af0>,25,24,[10  2],34,58,82,24,53
1,<environment.Job instance at 0x7f191ffa9c80>,36,16,[2 7],50,82,98,32,77
1,<environment.Job instance at 0x7f191ffa9af0>,37,12,[7 2],51,87,99,36,87
1,<environment.Job instance at 0x7f18d5ad3e60>,26,18,[3 8],35,98,116,63,87
1,<environment.Job instance at 0x7f191ffa94b0>,38,16,[5 7],52,116,132,64,107
1,<environment.Job instance at 0x7f19198cd230>,53,13,[4 9],71,132,145,61,121
1,<environment.Job instance at 0x7f19198cd910>,55,2,[6 4],74,145,147,71,137
1,<environment.Job instance at 0x7f19198cd5a0>,56,1,[7 4],77,147,148,70,137
1,<environment.Job instance at 0x7f19198cd8c0>,57,2,[5 5],79,148,150,69,137
1,<environment.Job instance at 0x7f19198cd780>,58,14,[6 1],80,150,164,70,137
1,<environment.Job instance at 0x7f18d5b9bb90>,61,14,[3 6],84,150,164,66,138
1,<environment.Job instance at 0x7f19203c8410>,5,15,[3 7],9,9,24,0,9
1,<environment.Job instance at 0x7f19203c8fa0>,7,12,[5 5],11,24,36,13,11
1,<environment.Job instance at 0x7f18d56e06e0>,16,13,[7 1],23,36,49,13,24
1,<environment.Job instance at 0x7f18d5841be0>,21,18,[7 5],30,49,67,19,44
1,<environment.Job instance at 0x7f18d57d0d20>,27,13,[1 8],36,67,80,31,54
1,<environment.Job instance at 0x7f19201f1a50>,33,12,[2 8],51,80,92,29,68
1,<environment.Job instance at 0x7f19201f17d0>,36,3,[9 5],56,92,95,36,85
1,<environment.Job instance at 0x7f19201f19b0>,37,2,[6 1],57,85,87,28,85
1,<environment.Job instance at 0x7f19201f1460>,39,13,[1 5],60,92,105,32,85
1,<environment.Job instance at 0x7f19201f1640>,41,15,[3 8],62,105,120,43,91
1,<environment.Job instance at 0x7f19201a4230>,46,15,[3 9],70,120,135,50,106
1,<environment.Job instance at 0x7f19201e4af0>,51,14,[4 7],77,135,149,58,123
1,<environment.Job instance at 0x7f18d57875a0>,2,15,[ 4 10],3,149,164,146,136
1,<environment.Job instance at 0x7f6493b5d0a0>,2,22,[4 8],3,5,27,2,5
1,<environment.Job instance at 0x7f648c74e3c0>,6,18,[6 2],12,12,30,0,12
1,<environment.Job instance at 0x7f648c74e960>,10,16,[8 5],17,30,46,13,17
1,<environment.Job instance at 0x7f648c752780>,23,12,[ 5 10],35,46,58,11,37
1,<environment.Job instance at 0x7f648c752f50>,28,2,[5 5],47,58,60,11,47
1,<environment.Job instance at 0x7f648c752cd0>,30,13,[4 7],51,60,73,9,51
1,<environment.Job instance at 0x7f648c753140>,34,13,[2 8],57,73,86,16,59
1,<environment.Job instance at 0x7f648c752a00>,26,1,[5 4],42,59,60,17,59
1,<environment.Job instance at 0x7f648c7535a0>,36,1,[8 1],59,73,74,14,61
1,<environment.Job instance at 0x7f648c753aa0>,38,1,[2 6],62,86,87,24,65
1,<environment.Job instance at 0x7f648c753a00>,39,2,[6 5],63,87,89,24,65
1,<environment.Job instance at 0x7f648c753c30>,40,3,[5 5],66,89,92,23,66
1,<environment.Job instance at 0x7f648c752190>,22,18,[2 6],34,92,110,58,81
1,<environment.Job instance at 0x7f648c755730>,50,16,[4 7],84,110,126,26,97
1,<environment.Job instance at 0x7f648c755a00>,51,2,[5 3],85,97,99,12,97
1,<environment.Job instance at 0x7f648c7539b0>,37,13,[9 5],61,126,139,65,113
1,<environment.Job instance at 0x7f648c7558c0>,55,23,[1 5],91,126,149,35,124
1,<environment.Job instance at 0x7f648c7585a0>,67,16,[6 3],105,139,155,34,129
1,<environment.Job instance at 0x7f648c755f00>,59,19,[3 8],95,155,174,60,145
1,<environment.Job instance at 0x7f648c7589b0>,2,17,[3 9],4,4,21,0,4
1,<environment.Job instance at 0x7f645373bc80>,1,13,[7 3],3,21,34,18,7
1,<environment.Job instance at 0x7f6493cd3370>,14,2,[8 3],21,34,36,13,21
1,<environment.Job instance at 0x7f6493cd3b40>,16,1,[8 4],24,36,37,12,24
1,<environment.Job instance at 0x7f6493cd3c80>,18,3,[ 5 10],26,37,40,11,29
1,<environment.Job instance at 0x7f6493cd3af0>,19,3,[4 5],28,40,43,12,29
1,<environment.Job instance at 0x7f6493cd8140>,11,14,[ 3 10],17,43,57,26,29
1,<environment.Job instance at 0x7f6493cca960>,24,17,[5 7],39,57,74,18,46
1,<environment.Job instance at 0x7f6493cca690>,26,15,[2 6],42,74,89,32,61
1,<environment.Job instance at 0x7f6493b84780>,33,15,[7 3],51,74,89,23,70
1,<environment.Job instance at 0x7f6493b84870>,37,12,[5 4],55,89,101,34,81
1,<environment.Job instance at 0x7f6493b84b40>,39,1,[8 1],57,101,102,44,81
1,<environment.Job instance at 0x7f6493cd1fa0>,43,13,[5 7],64,102,115,38,86
1,<environment.Job instance at 0x7f6493cd1a50>,50,15,[1 7],74,115,130,41,101
1,<environment.Job instance at 0x7f6493be4500>,52,15,[5 2],76,103,118,27,103
1,<environment.Job instance at 0x7f6493cca6e0>,29,12,[7 5],45,130,142,85,116
1,<environment.Job instance at 0x7f6493cd1af0>,41,14,[4 7],59,142,156,83,130
1,<environment.Job instance at 0x7f6493cd7b40>,60,2,[5 5],84,156,158,72,135
1,<environment.Job instance at 0x7f6493cc7aa0>,65,14,[9 4],90,158,172,68,143
1,<environment.Job instance at 0x7f6448999410>,0,20,[2 5],1,1,21,0,1
1,<environment.Job instance at 0x7f6448b4ff50>,8,13,[7 4],11,11,24,0,11
1,<environment.Job instance at 0x7f6448999aa0>,12,18,[ 3 10],16,24,42,8,20
1,<environment.Job instance at 0x7f648c5157d0>,26,18,[4 6],31,42,60,11,31
1,<environment.Job instance at 0x7f6448a62410>,31,12,[9 1],37,60,72,23,54
1,<environment.Job instance at 0x7f6448a62cd0>,32,14,[5 5],38,72,86,34,57
1,<environment.Job instance at 0x7f6448ae1dc0>,41,12,[7 2],51,86,98,35,69
1,<environment.Job instance at 0x7f648c59faa0>,43,23,[3 6],54,86,109,32,80
1,<environment.Job instance at 0x7f648cbf09b0>,22,16,[7 5],27,109,125,82,99
1,<environment.Job instance at 0x7f648cc03910>,53,3,[6 2],68,125,128,57,111
1,<environment.Job instance at 0x7f648c4ba3c0>,57,2,[2 6],77,129,131,52,129
1,<environment.Job instance at 0x7f6448a6eaf0>,58,13,[7 3],79,129,142,50,129
1,<environment.Job instance at 0x7f648c51a050>,60,18,[9 4],82,142,160,60,131
1,<environment.Job instance at 0x7f648c52f910>,61,17,[2 5],84,160,177,76,148
1,<environment.Job instance at 0x7f6448a54eb0>,65,13,[1 5],90,149,162,59,149
1,<environment.Job instance at 0x7f648c788b40>,21,16,[3 9],31,31,47,0,31
1,<environment.Job instance at 0x7f6448ea4500>,28,17,[4 8],41,47,64,6,43
1,<environment.Job instance at 0x7f6448b80190>,29,18,[ 5 10],42,64,82,22,54
1,<environment.Job instance at 0x7f648c7b26e0>,43,14,[7 5],57,82,96,25,80
1,<environment.Job instance at 0x7f64489a6230>,32,18,[6 2],46,96,114,50,91
1,<environment.Job instance at 0x7f6448a006e0>,58,15,[2 9],77,114,129,37,113
1,<environment.Job instance at 0x7f6448a00410>,60,17,[8 1],79,120,137,41,120
1,<environment.Job instance at 0x7f6448b27370>,62,17,[2 6],81,129,146,48,121
1,<environment.Job instance at 0x7f6448b7d1e0>,63,19,[8 2],82,137,156,55,127
1,<environment.Job instance at 0x7f6448bca460>,1,16,[10  4],2,2,18,0,2
1,<environment.Job instance at 0x7f648c56d320>,7,17,[7 4],9,18,35,9,9
1,<environment.Job instance at 0x7f648c56d0f0>,8,23,[1 5],13,18,41,5,14
1,<environment.Job instance at 0x7f64930b8190>,9,17,[7 1],15,35,52,20,24
1,<environment.Job instance at 0x7f64934f7c80>,25,12,[9 2],37,52,64,15,38
1,<environment.Job instance at 0x7f64934ea190>,31,14,[10  4],44,65,79,21,65
1,<environment.Job instance at 0x7f64934ebb40>,16,16,[5 5],23,79,95,56,71
1,<environment.Job instance at 0x7f64934e4910>,39,13,[7 1],55,95,108,40,86
1,<environment.Job instance at 0x7f64934e4eb0>,41,16,[3 6],57,95,111,38,88
1,<environment.Job instance at 0x7f64934d3780>,44,13,[9 5],60,111,124,51,98
1,<environment.Job instance at 0x7f64934e40a0>,40,16,[3 6],56,124,140,68,112
1,<environment.Job instance at 0x7f6448d7a730>,57,17,[ 5 10],79,140,157,61,128
1,<environment.Job instance at 0x7f6448d88c80>,61,2,[2 8],86,157,159,71,141
1,<environment.Job instance at 0x7f6448d88780>,60,13,[7 1],84,157,170,73,143
1,<environment.Job instance at 0x7f6448d60af0>,64,3,[1 7],89,159,162,70,143
1,<environment.Job instance at 0x7f6448dfe910>,0,15,[10  5],2,2,17,0,2
1,<environment.Job instance at 0x7f6448ff7190>,6,19,[5 3],8,17,36,9,8
1,<environment.Job instance at 0x7f6448ff75a0>,14,27,[9 3],18,54,81,36,54
1,<environment.Job instance at 0x7f644902a2d0>,34,2,[6 2],47,81,83,34,54
1,<environment.Job instance at 0x7f644902af00>,32,18,[1 6],45,54,72,9,54
1,<environment.Job instance at 0x7f644902ae10>,35,21,[8 5],48,83,104,35,75
1,<environment.Job instance at 0x7f648cabc1e0>,49,14,[1 9],66,104,118,38,91
1,<environment.Job instance at 0x7f648c65d0a0>,52,13,[1 5],70,91,104,21,91
1,<environment.Job instance at 0x7f648c65d5a0>,51,13,[5 5],69,118,131,49,117
1,<environment.Job instance at 0x7f648cbd3280>,57,12,[2 6],76,131,143,55,117
1,<environment.Job instance at 0x7f648c59bbe0>,69,15,[4 5],95,143,158,48,129
1,<environment.Job instance at 0x7f648c6681e0>,70,27,[5 1],96,130,157,34,130
1,<environment.Job instance at 0x7f64934659b0>,1,26,[6 3],5,5,31,0,5
1,<environment.Job instance at 0x7f648c98bc30>,5,16,[2 7],15,18,34,3,18
1,<environment.Job instance at 0x7f648ca6a0a0>,15,15,[4 9],27,34,49,7,34
1,<environment.Job instance at 0x7f6493599eb0>,23,3,[2 6],38,49,52,11,38
1,<environment.Job instance at 0x7f6493b873c0>,25,2,[8 3],40,49,51,9,40
1,<environment.Job instance at 0x7f648c7c42d0>,20,18,[5 9],34,52,70,18,43
1,<environment.Job instance at 0x7f6492f4d460>,38,13,[10  5],58,70,83,12,58
1,<environment.Job instance at 0x7f648ca15aa0>,45,1,[9 4],65,83,84,18,83
1,<environment.Job instance at 0x7f6448b9f730>,48,1,[7 1],69,88,89,19,88
1,<environment.Job instance at 0x7f648c788230>,49,23,[5 7],71,89,112,18,89
1,<environment.Job instance at 0x7f648c731910>,54,15,[9 5],76,112,127,36,99
1,<environment.Job instance at 0x7f648c69de60>,58,1,[5 1],81,127,128,46,117
1,<environment.Job instance at 0x7f648c7311e0>,57,18,[3 9],80,127,145,47,117
1,<environment.Job instance at 0x7f6448b9bcd0>,62,1,[1 6],85,145,146,60,123
1,<environment.Job instance at 0x7f6448b9bc30>,63,1,[ 2 10],88,146,147,58,124
1,<environment.Job instance at 0x7f648c6c9e60>,64,14,[1 7],89,147,161,58,132
1,<environment.Job instance at 0x7f648c69dc30>,60,17,[4 5],83,161,178,78,149
1,<environment.Job instance at 0x7f648c990730>,2,13,[2 8],3,3,16,0,3
1,<environment.Job instance at 0x7f648c990960>,4,16,[2 6],7,16,32,9,7
1,<environment.Job instance at 0x7f64490e0820>,17,16,[1 5],22,33,49,11,33
1,<environment.Job instance at 0x7f64490e0f00>,22,27,[6 3],30,35,62,5,35
1,<environment.Job instance at 0x7f64490ee4b0>,27,21,[4 7],35,49,70,14,49
1,<environment.Job instance at 0x7f64490ee280>,25,18,[7 2],33,70,88,37,61
1,<environment.Job instance at 0x7f64490ed2d0>,39,13,[5 3],52,88,101,36,76
1,<environment.Job instance at 0x7f64490e0cd0>,18,14,[10  3],24,101,115,77,90
1,<environment.Job instance at 0x7f64490ed960>,47,16,[ 3 10],63,115,131,52,103
1,<environment.Job instance at 0x7f64490edd20>,56,2,[3 6],74,131,133,57,118
1,<environment.Job instance at 0x7f64490edbe0>,50,18,[5 8],66,133,151,67,123
1,<environment.Job instance at 0x7f64490ede60>,55,12,[ 1 10],73,151,163,78,136
1,<environment.Job instance at 0x7f64931eeeb0>,2,12,[6 1],3,3,15,0,3
1,<environment.Job instance at 0x7f64933ed370>,8,16,[6 5],10,15,31,5,10
1,<environment.Job instance at 0x7f648c72e3c0>,29,16,[3 5],47,47,63,0,47
1,<environment.Job instance at 0x7f648c72e870>,30,1,[8 2],48,63,64,15,48
1,<environment.Job instance at 0x7f648c7d0230>,32,13,[6 4],50,50,63,0,50
1,<environment.Job instance at 0x7f648c583050>,33,1,[9 4],51,64,65,13,51
1,<environment.Job instance at 0x7f644903dd70>,34,2,[2 7],52,65,67,13,52
1,<environment.Job instance at 0x7f6493208d20>,35,18,[ 2 10],53,67,85,14,56
1,<environment.Job instance at 0x7f649351eb90>,46,12,[5 6],66,85,97,19,69
1,<environment.Job instance at 0x7f6448fc7fa0>,49,13,[7 1],71,97,110,26,81
1,<environment.Job instance at 0x7f6448fc7690>,52,17,[2 7],75,97,114,22,87
1,<environment.Job instance at 0x7f6448fc7dc0>,60,18,[1 5],83,117,135,34,117
1,<environment.Job instance at 0x7f6448f2dd70>,62,12,[6 3],85,118,130,33,118
1,<environment.Job instance at 0x7f6448f2d960>,63,16,[10  2],86,135,151,49,126
1,<environment.Job instance at 0x7f6448b26dc0>,68,17,[9 4],94,151,168,57,140
1,<environment.Job instance at 0x7f6448e790f0>,0,14,[6 3],1,1,15,0,1
1,<environment.Job instance at 0x7f648cb390a0>,2,27,[1 6],4,18,45,14,18
1,<environment.Job instance at 0x7f6448821b40>,21,13,[5 3],30,34,47,4,34
1,<environment.Job instance at 0x7f6493cc7230>,24,14,[5 2],33,45,59,12,34
1,<environment.Job instance at 0x7f6493b814b0>,12,2,[3 5],20,47,49,27,37
1,<environment.Job instance at 0x7f6448f517d0>,28,15,[ 4 10],38,59,74,21,47
1,<environment.Job instance at 0x7f6448f51d20>,29,2,[3 7],39,74,76,35,59
1,<environment.Job instance at 0x7f64932bab40>,38,2,[2 7],58,76,78,18,60
1,<environment.Job instance at 0x7f644907ecd0>,37,13,[10  1],51,78,91,27,62
1,<environment.Job instance at 0x7f648c752af0>,40,18,[5 5],60,91,109,31,80
1,<environment.Job instance at 0x7f64931a1140>,50,15,[1 5],76,91,106,15,87
1,<environment.Job instance at 0x7f648c573d20>,55,15,[7 2],81,109,124,28,96
1,<environment.Job instance at 0x7f648cc65690>,17,13,[3 8],25,115,128,90,115
1,<environment.Job instance at 0x7f648c8175a0>,63,1,[8 4],92,128,129,36,119
1,<environment.Job instance at 0x7f648c817550>,65,13,[4 5],95,129,142,34,119
1,<environment.Job instance at 0x7f6493448870>,68,2,[9 2],98,142,144,44,120
1,<environment.Job instance at 0x7f6493448690>,73,14,[7 2],106,144,158,38,129
1,<environment.Job instance at 0x7f648c817f50>,62,17,[3 5],91,144,161,53,134
1,<environment.Job instance at 0x7f6448e022d0>,83,2,[9 1],120,161,163,41,141
1,<environment.Job instance at 0x7f6448fe5af0>,0,17,[6 5],1,1,18,0,1
1,<environment.Job instance at 0x7f6448fe59b0>,3,2,[4 5],5,5,7,0,5
1,<environment.Job instance at 0x7f6493077550>,5,15,[2 6],7,18,33,11,7
1,<environment.Job instance at 0x7f6493051230>,16,3,[9 2],22,33,36,11,22
1,<environment.Job instance at 0x7f64930778c0>,8,17,[4 5],11,36,53,25,25
1,<environment.Job instance at 0x7f6493051690>,22,15,[6 1],32,36,51,4,33
1,<environment.Job instance at 0x7f6493051af0>,24,27,[2 9],34,53,80,19,51
1,<environment.Job instance at 0x7f6493061a50>,40,16,[4 6],58,80,96,22,79
1,<environment.Job instance at 0x7f6493061e10>,46,3,[1 9],64,96,99,32,91
1,<environment.Job instance at 0x7f649306b280>,47,15,[1 9],65,99,114,34,91
1,<environment.Job instance at 0x7f649306b460>,49,12,[9 5],67,114,126,47,102
1,<environment.Job instance at 0x7f649306b690>,54,13,[6 4],75,126,139,51,112
1,<environment.Job instance at 0x7f649306b730>,56,17,[4 6],77,126,143,49,114
1,<environment.Job instance at 0x7f649304b050>,64,18,[5 2],91,139,157,48,128
1,<environment.Job instance at 0x7f649304b460>,68,3,[5 7],95,143,146,48,142
1,<environment.Job instance at 0x7f6493061690>,0,3,[3 8],3,3,6,0,3
1,<environment.Job instance at 0x7f648c626be0>,5,15,[7 3],9,9,24,0,9
1,<environment.Job instance at 0x7f649304b460>,2,15,[5 3],5,24,39,19,12
1,<environment.Job instance at 0x7f6448aac280>,11,14,[10  3],16,39,53,23,35
1,<environment.Job instance at 0x7f648c8d9500>,17,1,[8 2],24,53,54,29,45
1,<environment.Job instance at 0x7f648c8d9370>,18,18,[3 9],25,54,72,29,45
1,<environment.Job instance at 0x7f648c9f5f50>,24,16,[6 1],37,54,70,17,45
1,<environment.Job instance at 0x7f648c788190>,3,22,[6 3],6,72,94,66,67
1,<environment.Job instance at 0x7f6448928c80>,39,1,[5 5],65,94,95,29,78
1,<environment.Job instance at 0x7f6448928af0>,40,13,[2 9],66,95,108,29,79
1,<environment.Job instance at 0x7f6448e7b2d0>,42,13,[5 1],72,94,107,22,89
1,<environment.Job instance at 0x7f6448928f50>,37,16,[1 8],63,108,124,45,96
1,<environment.Job instance at 0x7f648cc444b0>,55,22,[5 2],88,108,130,20,105
1,<environment.Job instance at 0x7f648cbec550>,44,18,[9 4],75,130,148,55,125
1,<environment.Job instance at 0x7f6448928fa0>,34,17,[8 4],56,148,165,92,136
1,<environment.Job instance at 0x7f6493754c80>,0,13,[5 3],1,1,14,0,1
1,<environment.Job instance at 0x7f6448a4fb90>,3,13,[3 7],4,4,17,0,4
1,<environment.Job instance at 0x7f6448a4ffa0>,11,2,[ 3 10],12,18,20,6,18
1,<environment.Job instance at 0x7f6448a4f7d0>,14,16,[3 8],15,20,36,5,18
1,<environment.Job instance at 0x7f6448c0de10>,18,14,[9 4],21,36,50,15,21
1,<environment.Job instance at 0x7f6448e15f50>,21,13,[5 9],24,50,63,26,40
1,<environment.Job instance at 0x7f6448a4f3c0>,9,17,[9 4],10,63,80,53,55
1,<environment.Job instance at 0x7f6448e15be0>,29,16,[5 9],37,80,96,43,67
1,<environment.Job instance at 0x7f648c94d960>,31,2,[1 5],40,67,69,27,67
1,<environment.Job instance at 0x7f648c94d640>,32,13,[9 1],41,96,109,55,80
1,<environment.Job instance at 0x7f6448a4f140>,12,14,[9 5],13,109,123,96,94
1,<environment.Job instance at 0x7f648cb388c0>,43,1,[2 6],64,123,124,59,104
1,<environment.Job instance at 0x7f648cb38640>,46,16,[3 5],67,124,140,57,111
1,<environment.Job instance at 0x7f648cb387d0>,47,14,[5 5],68,124,138,56,113
1,<environment.Job instance at 0x7f648cb380a0>,49,18,[10  2],71,140,158,69,132
1,<environment.Job instance at 0x7f648c666eb0>,53,16,[5 4],79,158,174,79,146
1,<environment.Job instance at 0x7f648c666280>,1,1,[1 7],2,2,3,0,2
1,<environment.Job instance at 0x7f648c666eb0>,2,18,[5 3],3,3,21,0,3
1,<environment.Job instance at 0x7f64933a89b0>,8,15,[8 4],11,21,36,10,16
1,<environment.Job instance at 0x7f64933a8960>,11,15,[9 2],16,36,51,20,26
1,<environment.Job instance at 0x7f648c8c87d0>,19,2,[1 8],27,36,38,9,27
1,<environment.Job instance at 0x7f648c8d8c80>,24,3,[1 9],34,51,54,17,38
1,<environment.Job instance at 0x7f648c745d20>,26,2,[5 8],37,54,56,17,39
1,<environment.Job instance at 0x7f648c50a870>,30,19,[9 4],41,56,75,15,51
1,<environment.Job instance at 0x7f648cb90eb0>,35,18,[1 6],49,56,74,7,55
1,<environment.Job instance at 0x7f648cb98870>,34,16,[3 8],48,75,91,27,67
1,<environment.Job instance at 0x7f648c7a8fa0>,43,15,[ 3 10],66,91,106,25,86
1,<environment.Job instance at 0x7f648cba6be0>,47,3,[4 5],70,106,109,36,86
1,<environment.Job instance at 0x7f648cba6320>,48,12,[ 3 10],71,109,121,38,95
1,<environment.Job instance at 0x7f64489983c0>,56,18,[2 6],81,121,139,40,110
1,<environment.Job instance at 0x7f64489c2eb0>,60,17,[5 6],90,139,156,49,128
1,<environment.Job instance at 0x7f64489c2820>,64,1,[3 6],94,156,157,62,141
1,<environment.Job instance at 0x7f648c879460>,0,1,[1 8],1,1,2,0,1
1,<environment.Job instance at 0x7f648cc41870>,16,16,[4 9],23,33,49,10,33
1,<environment.Job instance at 0x7f6448994fa0>,28,17,[4 5],42,57,74,15,57
1,<environment.Job instance at 0x7f6448a58230>,27,13,[8 2],41,74,87,33,62
1,<environment.Job instance at 0x7f648c7dcb40>,31,17,[7 2],48,87,104,39,79
1,<environment.Job instance at 0x7f6493012eb0>,37,16,[6 4],56,104,120,48,91
1,<environment.Job instance at 0x7f648c7ad370>,42,15,[10  3],61,120,135,59,108
1,<environment.Job instance at 0x7f648c7ad140>,39,1,[8 4],58,135,136,77,122
1,<environment.Job instance at 0x7f64489940a0>,30,13,[9 5],46,136,149,90,123
1,<environment.Job instance at 0x7f64490aa0a0>,58,12,[ 3 10],81,149,161,68,138
1,<environment.Job instance at 0x7f64490aa640>,59,2,[4 9],82,161,163,79,143
1,<environment.Job instance at 0x7f648c5430a0>,0,3,[2 8],2,2,5,0,2
1,<environment.Job instance at 0x7f6449024730>,2,12,[4 7],7,7,19,0,7
1,<environment.Job instance at 0x7f64487ac820>,7,1,[9 4],12,19,20,7,12
1,<environment.Job instance at 0x7f64487ac730>,5,20,[5 8],10,20,40,10,15
1,<environment.Job instance at 0x7f64487964b0>,22,18,[2 8],35,40,58,5,35
1,<environment.Job instance at 0x7f6448796e10>,23,15,[3 9],36,58,73,22,46
1,<environment.Job instance at 0x7f6448ad64b0>,37,16,[10  4],59,73,89,14,61
1,<environment.Job instance at 0x7f6448796460>,24,14,[4 6],37,89,103,52,78
1,<environment.Job instance at 0x7f6448b11f00>,44,18,[9 5],69,103,121,34,92
1,<environment.Job instance at 0x7f6448b11730>,49,14,[3 8],77,121,135,44,110
1,<environment.Job instance at 0x7f6448ad62d0>,41,17,[9 2],65,135,152,70,124
1,<environment.Job instance at 0x7f648cc21640>,63,18,[5 4],95,152,170,57,141
1,<environment.Job instance at 0x7f6493436690>,0,12,[2 7],1,1,13,0,1
1,<environment.Job instance at 0x7f648c9cce10>,7,27,[10  2],10,14,41,4,14
1,<environment.Job instance at 0x7f648c7e2e60>,13,13,[7 3],19,41,54,22,29
1,<environment.Job instance at 0x7f648c7c2dc0>,27,28,[1 5],40,43,71,3,43
1,<environment.Job instance at 0x7f648c7e4190>,29,15,[9 5],43,61,76,18,61
1,<environment.Job instance at 0x7f6448e88320>,40,1,[10  5],59,76,77,17,72
1,<environment.Job instance at 0x7f648c7c2be0>,25,26,[2 5],38,77,103,39,74
1,<environment.Job instance at 0x7f6448e884b0>,41,15,[3 5],60,77,92,17,74
1,<environment.Job instance at 0x7f6448e885f0>,42,17,[4 5],61,92,109,31,84
1,<environment.Job instance at 0x7f6448e8a370>,48,3,[10  5],70,109,112,39,97
1,<environment.Job instance at 0x7f6448e8a230>,49,1,[9 2],71,112,113,41,97
1,<environment.Job instance at 0x7f6448e8a690>,50,3,[9 2],72,113,116,41,97
1,<environment.Job instance at 0x7f64490d5e10>,55,1,[6 5],82,104,105,22,104
1,<environment.Job instance at 0x7f64490d5f50>,56,14,[2 6],83,116,130,33,104
1,<environment.Job instance at 0x7f64490d5a00>,57,2,[3 8],84,130,132,46,104
1,<environment.Job instance at 0x7f64490d55a0>,59,16,[4 6],86,132,148,46,119
1,<environment.Job instance at 0x7f64490e0dc0>,75,18,[10  2],112,148,166,36,148
1,<environment.Job instance at 0x7f64938e94b0>,5,1,[2 6],6,6,7,0,6
1,<environment.Job instance at 0x7f64938e99b0>,6,12,[1 5],7,7,19,0,7
1,<environment.Job instance at 0x7f648c50f460>,9,13,[3 6],10,19,32,9,10
1,<environment.Job instance at 0x7f6448e5ad20>,15,12,[7 2],21,21,33,0,21
1,<environment.Job instance at 0x7f644884b730>,22,3,[8 5],29,33,36,4,29
1,<environment.Job instance at 0x7f6492fe8910>,12,23,[9 5],17,36,59,19,31
1,<environment.Job instance at 0x7f648c80f910>,31,13,[4 9],41,59,72,18,43
1,<environment.Job instance at 0x7f64936ee0a0>,21,19,[4 6],28,72,91,44,70
1,<environment.Job instance at 0x7f648cb9cdc0>,36,14,[6 1],50,71,85,21,71
1,<environment.Job instance at 0x7f648cb9c370>,40,18,[4 5],58,91,109,33,80
1,<environment.Job instance at 0x7f648c9548c0>,24,23,[5 4],32,85,108,53,83
1,<environment.Job instance at 0x7f6449029c80>,45,15,[4 8],67,109,124,42,103
1,<environment.Job instance at 0x7f6448b237d0>,52,16,[10  3],76,124,140,48,112
1,<environment.Job instance at 0x7f64930595f0>,62,17,[10  4],93,140,157,47,128
1,<environment.Job instance at 0x7f6448d542d0>,70,16,[ 3 10],104,157,173,53,145
1,<environment.Job instance at 0x7f6448e919b0>,0,14,[4 7],3,3,17,0,3
1,<environment.Job instance at 0x7f64490db280>,3,12,[2 8],11,17,29,6,11
1,<environment.Job instance at 0x7f648cbf3fa0>,15,20,[2 7],29,29,49,0,29
1,<environment.Job instance at 0x7f648cbf3640>,16,15,[3 9],30,49,64,19,37
1,<environment.Job instance at 0x7f648cbf3aa0>,21,14,[4 7],37,64,78,27,49
1,<environment.Job instance at 0x7f644872be10>,29,3,[1 5],45,78,81,33,66
1,<environment.Job instance at 0x7f644872b730>,32,17,[5 9],51,81,98,30,69
1,<environment.Job instance at 0x7f644872b2d0>,38,14,[4 8],59,98,112,39,85
1,<environment.Job instance at 0x7f644872bb40>,42,12,[3 5],64,112,124,48,95
1,<environment.Job instance at 0x7f644872bd70>,27,24,[1 5],43,113,137,70,113
1,<environment.Job instance at 0x7f648cc3e690>,50,17,[2 7],80,137,154,57,125
1,<environment.Job instance at 0x7f649349df50>,54,15,[5 1],91,125,140,34,125
1,<environment.Job instance at 0x7f649349d960>,60,15,[10  5],99,154,169,55,141
1,<environment.Job instance at 0x7f6448f3c0a0>,0,18,[7 5],4,4,22,0,4
1,<environment.Job instance at 0x7f64933a84b0>,6,15,[9 5],13,22,37,9,13
1,<environment.Job instance at 0x7f648c9bddc0>,11,12,[4 9],20,37,49,17,34
1,<environment.Job instance at 0x7f64488e3230>,19,18,[5 3],31,49,67,18,38
1,<environment.Job instance at 0x7f64934dd1e0>,28,13,[5 9],47,67,80,20,66
1,<environment.Job instance at 0x7f64934dd780>,32,1,[2 7],52,66,67,14,66
1,<environment.Job instance at 0x7f6448755550>,27,18,[5 2],44,80,98,36,69
1,<environment.Job instance at 0x7f64934dda50>,35,20,[1 5],56,80,100,24,75
1,<environment.Job instance at 0x7f6448772140>,10,16,[9 5],19,98,114,79,96
1,<environment.Job instance at 0x7f64934c2730>,47,15,[8 4],71,114,129,43,103
1,<environment.Job instance at 0x7f6448a1fb90>,52,15,[3 5],78,129,144,51,116
1,<environment.Job instance at 0x7f6448a1f230>,64,1,[2 5],95,124,125,29,124
1,<environment.Job instance at 0x7f6448a1fcd0>,65,18,[6 1],96,131,149,35,131
1,<environment.Job instance at 0x7f6448a1ff50>,53,18,[9 2],79,149,167,70,138
1,<environment.Job instance at 0x7f6bc325c0a0>,2,22,[4 8],3,5,27,2,5
1,<environment.Job instance at 0x7f6bbde4c7d0>,9,18,[3 9],15,27,45,12,19
1,<environment.Job instance at 0x7f6bbde4c9b0>,11,13,[10  2],18,45,58,27,31
1,<environment.Job instance at 0x7f6bbde4cfa0>,18,1,[7 5],30,58,59,28,33
1,<environment.Job instance at 0x7f6bbde4d320>,23,12,[ 5 10],35,59,71,24,49
1,<environment.Job instance at 0x7f6bbde522d0>,32,14,[8 4],55,71,85,16,56
1,<environment.Job instance at 0x7f6bbde52050>,31,1,[5 8],54,85,86,31,57
1,<environment.Job instance at 0x7f6bbde52960>,41,13,[6 5],67,86,99,19,71
1,<environment.Job instance at 0x7f6bbde527d0>,35,17,[10  1],58,99,116,41,92
1,<environment.Job instance at 0x7f6bbde508c0>,54,13,[6 3],90,116,129,26,100
1,<environment.Job instance at 0x7f6bbde500a0>,50,16,[4 7],84,116,132,32,103
1,<environment.Job instance at 0x7f6bbde50910>,55,23,[1 5],91,132,155,41,126
1,<environment.Job instance at 0x7f6bbde57690>,65,2,[4 6],102,155,157,53,133
1,<environment.Job instance at 0x7f6bbde57780>,66,12,[5 5],103,133,145,30,133
1,<environment.Job instance at 0x7f6bbde57b40>,67,16,[6 3],105,145,161,40,133
1,<environment.Job instance at 0x7f6bbde57c80>,72,18,[2 9],113,161,179,48,151
1,<environment.Job instance at 0x7f6bbde57c80>,1,14,[8 2],4,5,19,1,5
1,<environment.Job instance at 0x7f6bc33d7780>,4,14,[ 3 10],7,29,43,22,29
1,<environment.Job instance at 0x7f6bc33cdd70>,19,15,[2 6],32,43,58,11,32
1,<environment.Job instance at 0x7f6bc3283c80>,26,15,[7 3],41,47,62,6,47
1,<environment.Job instance at 0x7f6bc33cde60>,17,17,[5 7],29,62,79,33,53
1,<environment.Job instance at 0x7f6bc3283d20>,34,14,[4 7],49,79,93,30,67
1,<environment.Job instance at 0x7f6bbdde9c30>,40,14,[9 5],61,93,107,32,79
1,<environment.Job instance at 0x7f6bc33d0370>,45,15,[5 2],66,107,122,41,95
1,<environment.Job instance at 0x7f6bc33d6730>,50,19,[6 4],71,122,141,51,112
1,<environment.Job instance at 0x7f6bc33d6e60>,57,2,[4 9],79,141,143,62,121
1,<environment.Job instance at 0x7f6bc33d6410>,51,14,[3 6],72,127,141,55,127
1,<environment.Job instance at 0x7f6bc3286dc0>,63,16,[7 2],89,143,159,54,130
1,<environment.Job instance at 0x7f6bc33c86e0>,73,13,[2 8],103,145,158,42,145
1,<environment.Job instance at 0x7f6bc33c8be0>,72,17,[3 8],102,158,175,56,148
1,<environment.Job instance at 0x7f6b78531fa0>,0,2,[5 8],1,1,3,0,1
1,<environment.Job instance at 0x7f6b780ed230>,12,27,[4 7],15,16,43,1,16
1,<environment.Job instance at 0x7f6bbe069aa0>,15,14,[5 5],18,43,57,25,28
1,<environment.Job instance at 0x7f6bbdc11aa0>,22,13,[10  2],28,57,70,29,42
1,<environment.Job instance at 0x7f6b78100d20>,27,13,[5 4],35,70,83,35,56
1,<environment.Job instance at 0x7f6b781d0d20>,31,12,[5 5],40,70,82,30,66
1,<environment.Job instance at 0x7f6bbdc185a0>,26,23,[3 6],34,82,105,48,76
1,<environment.Job instance at 0x7f6b781d5c30>,41,13,[7 3],59,104,117,45,104
1,<environment.Job instance at 0x7f6b781d5eb0>,42,25,[10  4],60,117,142,57,113
1,<environment.Job instance at 0x7f6b7810f410>,47,18,[6 1],68,142,160,74,131
1,<environment.Job instance at 0x7f6b781d0780>,33,18,[3 8],44,147,165,103,147
1,<environment.Job instance at 0x7f6b780fd190>,53,3,[10  3],76,165,168,89,156
1,<environment.Job instance at 0x7f6b780fd230>,58,13,[5 2],84,168,181,84,158
1,<environment.Job instance at 0x7f6bbdc40c80>,0,16,[3 9],1,1,17,0,1
1,<environment.Job instance at 0x7f6bbeac6af0>,4,2,[8 2],7,17,19,10,7
1,<environment.Job instance at 0x7f6bbdcd8e10>,5,13,[5 7],8,19,32,11,8
1,<environment.Job instance at 0x7f6bbdf939b0>,7,17,[4 8],11,32,49,21,25
1,<environment.Job instance at 0x7f6bbe193fa0>,29,14,[7 5],36,49,63,13,40
1,<environment.Job instance at 0x7f6bbe193be0>,28,12,[5 8],35,63,75,28,49
1,<environment.Job instance at 0x7f6bbe2e8c80>,42,19,[8 2],52,75,94,23,65
1,<environment.Job instance at 0x7f6bbe1935a0>,26,15,[9 4],33,94,109,61,89
1,<environment.Job instance at 0x7f6bbdf14280>,50,13,[10  3],64,109,122,45,99
1,<environment.Job instance at 0x7f6bbdf14c80>,53,17,[1 6],69,122,139,53,110
1,<environment.Job instance at 0x7f6b7865d0a0>,61,13,[4 9],80,139,152,59,123
1,<environment.Job instance at 0x7f6b7865db40>,63,14,[7 4],82,123,137,41,123
1,<environment.Job instance at 0x7f6b7830bbe0>,49,12,[5 7],63,152,164,89,137
1,<environment.Job instance at 0x7f6bbdee60f0>,74,17,[5 6],99,164,181,65,152
1,<environment.Job instance at 0x7f6b7850a690>,3,28,[5 5],5,5,33,0,5
1,<environment.Job instance at 0x7f6bbe4eaaf0>,11,16,[3 6],16,33,49,17,20
1,<environment.Job instance at 0x7f6bbe915320>,10,13,[7 1],15,33,46,18,22
1,<environment.Job instance at 0x7f6b787d5690>,23,2,[2 6],31,49,51,18,34
1,<environment.Job instance at 0x7f6b78604820>,2,14,[10  4],4,51,65,47,39
1,<environment.Job instance at 0x7f6bbe2be6e0>,26,13,[10  5],37,65,78,28,56
1,<environment.Job instance at 0x7f6bbe2bedc0>,34,13,[5 9],48,83,96,35,83
1,<environment.Job instance at 0x7f6bbe293fa0>,35,3,[1 7],49,96,99,47,85
1,<environment.Job instance at 0x7f6bbe2af3c0>,25,12,[9 1],34,96,108,62,88
1,<environment.Job instance at 0x7f6bbe293500>,43,18,[10  4],59,108,126,49,97
1,<environment.Job instance at 0x7f6bbe28e730>,52,12,[7 4],72,126,138,54,111
1,<environment.Job instance at 0x7f6bbe28ef50>,56,16,[9 2],76,138,154,62,125
1,<environment.Job instance at 0x7f6bbdc6d730>,65,17,[5 9],87,154,171,67,146
1,<environment.Job instance at 0x7f6bbde85910>,11,14,[1 9],16,16,30,0,16
1,<environment.Job instance at 0x7f6bbde852d0>,8,3,[10  3],11,30,33,19,21
1,<environment.Job instance at 0x7f6bbe202230>,1,13,[6 5],3,33,46,30,21
1,<environment.Job instance at 0x7f6bbe4b9410>,20,18,[3 6],28,46,64,18,37
1,<environment.Job instance at 0x7f6bbde85960>,15,20,[5 4],21,46,66,25,37
1,<environment.Job instance at 0x7f6bbe4b9c80>,28,1,[6 2],42,66,67,24,48
1,<environment.Job instance at 0x7f6bbe4b97d0>,19,12,[2 6],26,64,76,38,51
1,<environment.Job instance at 0x7f6bbe74c0f0>,29,1,[7 2],43,67,68,24,52
1,<environment.Job instance at 0x7f6bbe74cc30>,34,16,[5 5],49,76,92,27,65
1,<environment.Job instance at 0x7f6bbe74c6e0>,31,15,[4 5],45,76,91,31,66
1,<environment.Job instance at 0x7f6bbe2d99b0>,43,13,[7 4],63,92,105,29,80
1,<environment.Job instance at 0x7f6bbe2d92d0>,47,15,[4 7],71,105,120,34,91
1,<environment.Job instance at 0x7f6bbe74c460>,32,27,[5 1],46,105,132,59,103
1,<environment.Job instance at 0x7f6b784cc5a0>,55,24,[2 6],83,120,144,37,115
1,<environment.Job instance at 0x7f6bbe74c960>,30,17,[5 9],44,144,161,100,138
1,<environment.Job instance at 0x7f6bbe4bf730>,68,13,[10  4],109,161,174,52,158
1,<environment.Job instance at 0x7f6bbe4bff00>,70,1,[5 3],113,174,175,61,158
1,<environment.Job instance at 0x7f6bbe8916e0>,0,19,[4 5],1,1,20,0,1
1,<environment.Job instance at 0x7f6bbe14b910>,12,3,[1 5],15,15,18,0,15
1,<environment.Job instance at 0x7f6bbe14b3c0>,13,15,[9 5],16,20,35,4,16
1,<environment.Job instance at 0x7f6bbe14b5f0>,9,12,[9 5],12,35,47,23,22
1,<environment.Job instance at 0x7f6bbe2109b0>,21,1,[1 6],25,47,48,22,34
1,<environment.Job instance at 0x7f6bbe9d58c0>,22,1,[ 2 10],28,48,49,20,34
1,<environment.Job instance at 0x7f6bbe38a320>,26,3,[8 2],34,49,52,15,38
1,<environment.Job instance at 0x7f6bbe641c80>,28,16,[ 4 10],36,52,68,16,39
1,<environment.Job instance at 0x7f6b782d37d0>,31,17,[5 8],39,68,85,29,66
1,<environment.Job instance at 0x7f6bbdded320>,34,1,[3 8],42,85,86,43,66
1,<environment.Job instance at 0x7f6bbe14b410>,11,18,[9 1],14,86,104,72,78
1,<environment.Job instance at 0x7f6bbdfff7d0>,42,14,[3 8],59,104,118,45,96
1,<environment.Job instance at 0x7f6bbdded0f0>,39,14,[8 5],54,118,132,64,104
1,<environment.Job instance at 0x7f6b78500780>,50,3,[6 2],71,132,135,61,116
1,<environment.Job instance at 0x7f6bbe145e10>,16,18,[3 9],20,135,153,115,124
1,<environment.Job instance at 0x7f6b78247910>,53,16,[5 1],77,135,151,58,133
1,<environment.Job instance at 0x7f6b78349050>,58,16,[4 6],83,153,169,70,140
1,<environment.Job instance at 0x7f6bbe76d0f0>,0,1,[2 8],2,2,3,0,2
1,<environment.Job instance at 0x7f6bbdd83050>,1,12,[ 1 10],3,3,15,0,3
1,<environment.Job instance at 0x7f6b78769780>,7,3,[8 2],9,15,18,6,9
1,<environment.Job instance at 0x7f6b787697d0>,9,27,[6 1],12,18,45,6,16
1,<environment.Job instance at 0x7f6b78769e60>,16,14,[3 5],20,20,34,0,20
1,<environment.Job instance at 0x7f6b7878d5f0>,23,15,[10  4],27,45,60,18,31
1,<environment.Job instance at 0x7f6b7878dc80>,27,3,[5 1],32,60,63,28,45
1,<environment.Job instance at 0x7f6b7878dc30>,28,17,[9 3],33,63,80,30,51
1,<environment.Job instance at 0x7f6b7878df50>,32,15,[9 1],37,80,95,43,68
1,<environment.Job instance at 0x7f6b78762c80>,43,13,[7 4],55,95,108,40,83
1,<environment.Job instance at 0x7f6b78762eb0>,45,17,[6 1],59,108,125,49,96
1,<environment.Job instance at 0x7f6b7875de60>,57,2,[9 2],84,125,127,41,106
1,<environment.Job instance at 0x7f6b787682d0>,60,3,[1 6],88,106,109,18,106
1,<environment.Job instance at 0x7f6b787686e0>,64,3,[4 5],94,110,113,16,110
1,<environment.Job instance at 0x7f6b787688c0>,66,17,[3 6],96,127,144,31,117
1,<environment.Job instance at 0x7f6b78768cd0>,70,12,[5 5],104,144,156,40,130
1,<environment.Job instance at 0x7f6b7875d780>,53,16,[7 4],78,156,172,78,144
1,<environment.Job instance at 0x7f6b78757d20>,83,16,[3 5],127,155,171,28,155
1,<environment.Job instance at 0x7f6bbeb74f50>,4,12,[6 3],5,5,17,0,5
1,<environment.Job instance at 0x7f6bbeae58c0>,5,16,[10  2],6,17,33,11,6
1,<environment.Job instance at 0x7f6bbdf59a50>,13,1,[5 7],18,33,34,15,21
1,<environment.Job instance at 0x7f6bbdfddfa0>,17,16,[4 9],23,34,50,11,24
1,<environment.Job instance at 0x7f6b781269b0>,14,15,[7 3],19,50,65,31,40
1,<environment.Job instance at 0x7f6bbe215aa0>,21,12,[4 9],27,65,77,38,48
1,<environment.Job instance at 0x7f6bc315e8c0>,25,13,[2 6],38,50,63,12,48
1,<environment.Job instance at 0x7f6b78126230>,12,15,[5 5],17,77,92,60,66
1,<environment.Job instance at 0x7f6bbe5e6c80>,34,13,[3 9],50,92,105,42,92
1,<environment.Job instance at 0x7f6bbe7d6460>,24,16,[1 7],30,105,121,75,92
1,<environment.Job instance at 0x7f6bbe600d20>,39,3,[10  3],59,121,124,62,105
1,<environment.Job instance at 0x7f6bbe6006e0>,40,3,[4 9],60,124,127,64,105
1,<environment.Job instance at 0x7f6bbdf71b40>,43,2,[8 1],63,107,109,44,107
1,<environment.Job instance at 0x7f6b78559690>,45,17,[5 2],67,127,144,60,116
1,<environment.Job instance at 0x7f6b781deaf0>,50,17,[4 5],76,127,144,51,125
1,<environment.Job instance at 0x7f6b781deaa0>,55,1,[2 6],83,144,145,61,126
1,<environment.Job instance at 0x7f6b78570910>,35,16,[4 9],52,145,161,93,132
1,<environment.Job instance at 0x7f6b786c5460>,58,20,[7 2],89,161,181,72,152
1,<environment.Job instance at 0x7f6bbdc47280>,0,17,[3 5],1,1,18,0,1
1,<environment.Job instance at 0x7f6bbdc47be0>,4,12,[1 6],6,18,30,12,6
1,<environment.Job instance at 0x7f6b7880a7d0>,11,14,[7 2],16,17,31,1,17
1,<environment.Job instance at 0x7f6bbddb9b90>,14,14,[6 1],19,31,45,12,21
1,<environment.Job instance at 0x7f6bbe215c30>,22,16,[9 4],31,45,61,14,32
1,<environment.Job instance at 0x7f6bbe151690>,36,14,[10  3],51,61,75,10,53
1,<environment.Job instance at 0x7f6bbe41ef00>,40,1,[7 3],56,75,76,19,61
1,<environment.Job instance at 0x7f6bbe151320>,37,12,[3 5],52,75,87,23,61
1,<environment.Job instance at 0x7f6bbde46320>,48,12,[5 2],68,76,88,8,73
1,<environment.Job instance at 0x7f6b782e9870>,50,17,[4 5],71,87,104,16,75
1,<environment.Job instance at 0x7f6bbdbc0d70>,42,17,[6 5],61,88,105,27,79
1,<environment.Job instance at 0x7f6bbe6f4640>,57,13,[6 5],80,105,118,25,91
1,<environment.Job instance at 0x7f6bbe1e4960>,64,15,[6 1],92,118,133,26,106
1,<environment.Job instance at 0x7f6b784d4c30>,71,15,[5 1],104,133,148,29,122
1,<environment.Job instance at 0x7f6bbdcd69b0>,26,18,[5 4],36,133,151,97,132
1,<environment.Job instance at 0x7f6b784d46e0>,77,3,[6 1],110,151,154,41,138
1,<environment.Job instance at 0x7f6b784d4d20>,78,2,[ 1 10],113,154,156,41,138
1,<environment.Job instance at 0x7f6b783615a0>,79,13,[2 6],114,156,169,42,140
1,<environment.Job instance at 0x7f6b783613c0>,81,12,[6 2],117,156,168,39,144
1,<environment.Job instance at 0x7f6b786da410>,0,13,[5 5],1,1,14,0,1
1,<environment.Job instance at 0x7f6b786da6e0>,3,17,[10  5],9,14,31,5,9
1,<environment.Job instance at 0x7f6bbe4cdeb0>,10,15,[ 1 10],21,31,46,10,23
1,<environment.Job instance at 0x7f6bbe501460>,14,3,[8 3],27,46,49,19,27
1,<environment.Job instance at 0x7f6bbe501410>,17,13,[2 5],30,46,59,16,30
1,<environment.Job instance at 0x7f6bbe501280>,13,3,[5 9],25,59,62,34,35
1,<environment.Job instance at 0x7f6bbe501870>,19,3,[8 5],35,49,52,14,39
1,<environment.Job instance at 0x7f6bbe501e60>,22,2,[5 2],41,67,69,26,67
1,<environment.Job instance at 0x7f6bbe5015f0>,16,23,[9 5],29,69,92,40,67
1,<environment.Job instance at 0x7f6bbe4cde10>,11,17,[8 4],23,92,109,69,80
1,<environment.Job instance at 0x7f6bbe4f09b0>,38,13,[3 5],61,109,122,48,94
1,<environment.Job instance at 0x7f6bbe4de410>,46,17,[6 2],72,109,126,37,105
1,<environment.Job instance at 0x7f6bbe4de870>,52,18,[1 7],81,122,140,41,115
1,<environment.Job instance at 0x7f6bbe4de8c0>,53,12,[9 1],82,126,138,44,116
1,<environment.Job instance at 0x7f6bbe4f0cd0>,42,14,[10  3],66,140,154,74,130
1,<environment.Job instance at 0x7f6bbe4db0f0>,60,12,[1 6],95,154,166,59,140
1,<environment.Job instance at 0x7f6bbe4db9b0>,65,17,[8 4],106,154,171,48,142
1,<environment.Job instance at 0x7f6bbe4db2d0>,64,14,[9 1],104,171,185,67,158
1,<environment.Job instance at 0x7f6b78444eb0>,0,2,[1 9],1,1,3,0,1
1,<environment.Job instance at 0x7f6b78444cd0>,2,18,[3 6],3,3,21,0,3
1,<environment.Job instance at 0x7f6b78444dc0>,7,13,[3 8],11,21,34,10,11
1,<environment.Job instance at 0x7f6bbe3a2550>,24,15,[4 7],34,34,49,0,34
1,<environment.Job instance at 0x7f6bbe96c500>,17,15,[9 3],27,49,64,22,40
1,<environment.Job instance at 0x7f6bbe3a2640>,26,27,[1 7],36,49,76,13,47
1,<environment.Job instance at 0x7f6b78121730>,37,13,[4 5],48,76,89,28,75
1,<environment.Job instance at 0x7f6b78121f50>,38,17,[5 9],49,89,106,40,78
1,<environment.Job instance at 0x7f6bbe96c5f0>,16,27,[5 1],26,91,118,65,91
1,<environment.Job instance at 0x7f6bbe6f4050>,46,15,[1 8],57,106,121,49,97
1,<environment.Job instance at 0x7f6bbe1e4eb0>,56,12,[2 6],74,133,145,59,133
1,<environment.Job instance at 0x7f6bbe1e40a0>,59,16,[5 9],77,145,161,68,136
1,<environment.Job instance at 0x7f6bbe004500>,63,18,[5 4],83,161,179,78,151
1,<environment.Job instance at 0x7f6bbe52e460>,1,17,[10  5],2,2,19,0,2
1,<environment.Job instance at 0x7f6b783afb40>,7,18,[8 1],12,19,37,7,19
1,<environment.Job instance at 0x7f6b78441e60>,18,2,[2 6],25,25,27,0,25
1,<environment.Job instance at 0x7f6b783af960>,13,16,[2 7],19,28,44,9,28
1,<environment.Job instance at 0x7f6bbddce4b0>,31,12,[2 7],45,45,57,0,45
1,<environment.Job instance at 0x7f6bbddce1e0>,32,15,[9 2],46,57,72,11,46
1,<environment.Job instance at 0x7f6bbde6fcd0>,22,1,[1 7],32,57,58,25,48
1,<environment.Job instance at 0x7f6bbddce870>,33,16,[8 4],47,72,88,25,59
1,<environment.Job instance at 0x7f6bbdff8140>,50,13,[6 4],70,88,101,18,77
1,<environment.Job instance at 0x7f6bbe1783c0>,55,16,[3 8],78,101,117,23,93
1,<environment.Job instance at 0x7f6bbe178140>,58,16,[7 2],84,104,120,20,104
1,<environment.Job instance at 0x7f6bbe178f00>,62,15,[5 4],90,120,135,30,118
1,<environment.Job instance at 0x7f6b78769460>,64,15,[ 3 10],96,135,150,39,130
1,<environment.Job instance at 0x7f6bbdff83c0>,46,17,[5 5],65,150,167,85,139
1,<environment.Job instance at 0x7f6b78051e10>,78,19,[ 3 10],112,167,186,55,157
1,<environment.Job instance at 0x7f6b781dc3c0>,5,15,[6 5],8,8,23,0,8
1,<environment.Job instance at 0x7f6b781dc910>,7,14,[3 5],10,11,25,1,11
1,<environment.Job instance at 0x7f6b781fa410>,12,15,[1 5],16,23,38,7,18
1,<environment.Job instance at 0x7f6b781fa870>,14,13,[6 3],19,25,38,6,25
1,<environment.Job instance at 0x7f6bbdd5a280>,19,13,[7 5],26,38,51,12,29
1,<environment.Job instance at 0x7f6bbdd5a230>,21,14,[1 8],28,51,65,23,36
1,<environment.Job instance at 0x7f6b781f7690>,28,2,[6 1],37,51,53,14,46
1,<environment.Job instance at 0x7f6b78511b40>,32,16,[4 9],43,65,81,22,61
1,<environment.Job instance at 0x7f6b784f9d70>,36,13,[8 5],48,81,94,33,75
1,<environment.Job instance at 0x7f6bbe363780>,42,1,[5 2],56,94,95,38,77
1,<environment.Job instance at 0x7f6bbe35e960>,43,13,[8 2],61,95,108,34,80
1,<environment.Job instance at 0x7f6b78178e10>,45,17,[6 5],64,108,125,44,96
1,<environment.Job instance at 0x7f6b78178e60>,51,15,[5 4],73,125,140,52,111
1,<environment.Job instance at 0x7f6b784778c0>,58,15,[10  3],81,140,155,59,128
1,<environment.Job instance at 0x7f6b78477460>,72,16,[3 5],99,156,172,57,156
1,<environment.Job instance at 0x7f6b784772d0>,75,2,[4 9],102,172,174,70,159
1,<environment.Job instance at 0x7f6bbea7a050>,0,15,[1 7],1,1,16,0,1
1,<environment.Job instance at 0x7f6bbe42b6e0>,2,18,[5 5],4,16,34,12,5
1,<environment.Job instance at 0x7f6bbe766050>,19,18,[3 6],29,34,52,5,29
1,<environment.Job instance at 0x7f6bbe051280>,12,20,[5 8],20,52,72,32,45
1,<environment.Job instance at 0x7f6b787682d0>,31,14,[4 6],47,72,86,25,57
1,<environment.Job instance at 0x7f6b78768c80>,29,18,[2 8],45,86,104,41,77
1,<environment.Job instance at 0x7f6bbe566190>,44,16,[10  4],69,104,120,35,92
1,<environment.Job instance at 0x7f6bbeb7d280>,36,18,[1 8],54,120,138,66,113
1,<environment.Job instance at 0x7f6bbeaf7af0>,50,23,[7 5],78,148,171,70,148
1,<environment.Job instance at 0x7f6b7878d780>,47,23,[3 5],74,159,182,85,159
1,<environment.Job instance at 0x7f6bbdd50a00>,0,12,[2 7],1,1,13,0,1
1,<environment.Job instance at 0x7f6b77e33b90>,7,27,[10  2],10,13,40,3,11
1,<environment.Job instance at 0x7f6b77ddbdc0>,24,2,[7 5],37,40,42,3,37
1,<environment.Job instance at 0x7f6b77ddae60>,22,3,[7 2],34,42,45,8,38
1,<environment.Job instance at 0x7f6b77dda960>,18,17,[10  3],29,45,62,16,39
1,<environment.Job instance at 0x7f6b77ddb410>,30,2,[6 2],46,62,64,16,54
1,<environment.Job instance at 0x7f6b77ddb2d0>,26,28,[4 8],39,64,92,25,64
1,<environment.Job instance at 0x7f6b77e18730>,44,13,[10  5],64,92,105,28,85
1,<environment.Job instance at 0x7f6b77ddc0f0>,53,18,[3 7],75,105,123,30,94
1,<environment.Job instance at 0x7f6b77ddc050>,56,14,[2 6],83,123,137,40,115
1,<environment.Job instance at 0x7f6b77de5870>,64,13,[3 6],93,137,150,44,121
1,<environment.Job instance at 0x7f6b77e22eb0>,73,13,[2 6],104,150,163,46,134
1,<environment.Job instance at 0x7f6b77e22c30>,78,13,[4 6],115,163,176,48,151
1,<environment.Job instance at 0x7f6bbeaf72d0>,2,23,[9 5],7,8,31,1,8
1,<environment.Job instance at 0x7f6bbdecf0a0>,7,2,[3 5],13,31,33,18,22
1,<environment.Job instance at 0x7f6bbddc0e60>,11,19,[4 6],18,33,52,15,24
1,<environment.Job instance at 0x7f6b77f68f00>,21,13,[4 9],31,52,65,21,36
1,<environment.Job instance at 0x7f6bbe20c780>,26,14,[6 1],40,53,67,13,53
1,<environment.Job instance at 0x7f6bbe223320>,27,13,[6 4],41,67,80,26,60
1,<environment.Job instance at 0x7f6b782d91e0>,29,14,[3 6],44,65,79,21,60
1,<environment.Job instance at 0x7f6b782e61e0>,32,17,[2 5],54,79,96,25,67
1,<environment.Job instance at 0x7f6bbded9f50>,35,15,[4 8],57,96,111,39,83
1,<environment.Job instance at 0x7f6bbe2105f0>,42,16,[10  3],66,111,127,45,98
1,<environment.Job instance at 0x7f6b780d70a0>,60,16,[ 3 10],94,127,143,33,123
1,<environment.Job instance at 0x7f6b780d7a50>,62,14,[9 5],96,143,157,47,128
1,<environment.Job instance at 0x7f6b780d7d20>,67,16,[7 1],102,157,173,55,144
1,<environment.Job instance at 0x7f6bbded9e10>,36,17,[3 6],60,157,174,97,153
1,<environment.Job instance at 0x7f6bbded9b90>,1,15,[3 8],2,2,17,0,2
1,<environment.Job instance at 0x7f6b786570a0>,7,17,[4 7],11,17,34,6,15
1,<environment.Job instance at 0x7f6b78258320>,15,15,[ 1 10],21,34,49,13,21
1,<environment.Job instance at 0x7f6bbe93ba50>,16,15,[7 5],22,49,64,27,35
1,<environment.Job instance at 0x7f6b78162fa0>,24,17,[ 5 10],35,64,81,29,52
1,<environment.Job instance at 0x7f6bbe35e910>,30,1,[3 5],41,81,82,40,65
1,<environment.Job instance at 0x7f6bbe35e820>,32,12,[3 5],44,81,93,37,65
1,<environment.Job instance at 0x7f6bbdc8ec30>,17,24,[1 5],23,84,108,61,84
1,<environment.Job instance at 0x7f6bbe5280f0>,37,2,[2 6],56,108,110,52,86
1,<environment.Job instance at 0x7f6bbe528d20>,40,17,[2 7],60,110,127,50,98
1,<environment.Job instance at 0x7f6bbe03c8c0>,44,15,[5 1],71,105,120,34,105
1,<environment.Job instance at 0x7f6bbe03c320>,49,17,[4 6],78,127,144,49,115
1,<environment.Job instance at 0x7f6bbe35e190>,35,13,[ 3 10],51,144,157,93,131
1,<environment.Job instance at 0x7f6b77f2ca00>,63,12,[ 4 10],96,157,169,61,146
1,<environment.Job instance at 0x7f6bc327fa50>,68,14,[7 2],101,169,183,68,154
1,<environment.Job instance at 0x7f6b781ffb90>,0,18,[5 3],1,1,19,0,1
1,<environment.Job instance at 0x7f6b77e2e550>,7,14,[1 6],10,16,30,6,16
1,<environment.Job instance at 0x7f6bbe6d0fa0>,9,13,[5 9],17,30,43,13,18
1,<environment.Job instance at 0x7f6b784ecf00>,19,13,[4 7],29,43,56,14,32
1,<environment.Job instance at 0x7f6b78541a00>,28,15,[8 4],41,56,71,15,46
1,<environment.Job instance at 0x7f6b785419b0>,33,15,[3 5],48,71,86,23,62
1,<environment.Job instance at 0x7f6bbe9c85f0>,37,14,[8 3],55,86,100,31,73
1,<environment.Job instance at 0x7f6b784ec910>,16,20,[1 5],26,86,106,60,86
1,<environment.Job instance at 0x7f6bbe7c7910>,50,13,[5 5],77,100,113,23,91
1,<environment.Job instance at 0x7f6bbe7c7550>,53,28,[10  3],81,113,141,32,112
1,<environment.Job instance at 0x7f6b787ea690>,65,15,[7 3],97,141,156,44,127
1,<environment.Job instance at 0x7f6b787ea0f0>,71,17,[2 5],108,141,158,33,140
1,<environment.Job instance at 0x7f6b787ea9b0>,75,15,[10  4],112,158,173,46,148
1,<environment.Job instance at 0x7f6b7878c780>,10,3,[6 1],15,18,21,3,18
1,<environment.Job instance at 0x7f6b7878cc80>,15,15,[4 6],20,20,35,0,20
1,<environment.Job instance at 0x7f6b7878c5a0>,12,16,[9 5],17,35,51,18,25
1,<environment.Job instance at 0x7f6b78766960>,28,14,[10  2],36,51,65,15,43
1,<environment.Job instance at 0x7f6b78766e10>,23,13,[8 3],30,65,78,35,49
1,<environment.Job instance at 0x7f6b787601e0>,32,1,[7 2],41,78,79,37,53
1,<environment.Job instance at 0x7f6b78760640>,38,15,[10  3],49,79,94,30,66
1,<environment.Job instance at 0x7f6b7875eaf0>,47,18,[3 5],60,94,112,34,91
1,<environment.Job instance at 0x7f6b78766c80>,22,17,[10  5],29,112,129,83,100
1,<environment.Job instance at 0x7f6b7875e280>,53,14,[10  1],67,129,143,62,124
1,<environment.Job instance at 0x7f6b787706e0>,56,17,[7 2],71,143,160,72,131
1,<environment.Job instance at 0x7f4f803de2d0>,2,22,[4 8],3,5,27,2,5
1,<environment.Job instance at 0x7f4f7afceb40>,13,13,[7 3],20,27,40,7,21
1,<environment.Job instance at 0x7f4f7afceaf0>,14,15,[7 4],22,40,55,18,28
1,<environment.Job instance at 0x7f4f7afd23c0>,21,27,[1 6],33,33,60,0,33
1,<environment.Job instance at 0x7f4f7afd2460>,26,1,[5 4],42,55,56,13,44
1,<environment.Job instance at 0x7f4f7afd26e0>,27,17,[1 6],44,60,77,16,48
1,<environment.Job instance at 0x7f4f7afd3820>,37,13,[9 5],61,77,90,16,62
1,<environment.Job instance at 0x7f4f7afd3dc0>,40,3,[5 5],66,90,93,24,66
1,<environment.Job instance at 0x7f4f7afd3eb0>,42,13,[2 7],71,93,106,22,77
1,<environment.Job instance at 0x7f4f7afd2870>,23,12,[ 5 10],35,106,118,71,90
1,<environment.Job instance at 0x7f4f7afd6cd0>,53,13,[3 7],89,118,131,29,105
1,<environment.Job instance at 0x7f4f7afd67d0>,54,13,[6 3],90,118,131,28,110
1,<environment.Job instance at 0x7f4f7afd80a0>,61,3,[7 4],97,131,134,34,118
1,<environment.Job instance at 0x7f4f7afce8c0>,10,16,[8 5],17,134,150,117,125
1,<environment.Job instance at 0x7f4f7afd85a0>,67,16,[6 3],105,150,166,45,138
1,<environment.Job instance at 0x7f4f7afd8a50>,70,2,[4 8],109,166,168,57,139
1,<environment.Job instance at 0x7f4f7afd8c80>,72,18,[2 9],113,168,186,55,157
1,<environment.Job instance at 0x7f4f7afd2320>,2,1,[8 4],4,4,5,0,4
1,<environment.Job instance at 0x7f4f80545f50>,3,21,[4 5],5,5,26,0,5
1,<environment.Job instance at 0x7f4f8054f820>,8,18,[6 1],16,16,34,0,16
1,<environment.Job instance at 0x7f4f8054d820>,14,3,[9 5],24,34,37,10,25
1,<environment.Job instance at 0x7f4f8054d8c0>,12,15,[2 6],22,37,52,15,27
1,<environment.Job instance at 0x7f4f8054b050>,18,1,[2 7],30,30,31,0,30
1,<environment.Job instance at 0x7f4f8054b960>,19,15,[7 3],31,37,52,6,32
1,<environment.Job instance at 0x7f4f80554f00>,15,12,[7 5],25,52,64,27,37
1,<environment.Job instance at 0x7f4f805523c0>,30,16,[1 9],45,64,80,19,51
1,<environment.Job instance at 0x7f4f80552e10>,25,1,[8 1],37,64,65,27,52
1,<environment.Job instance at 0x7f4f804053c0>,36,15,[1 7],54,80,95,26,67
1,<environment.Job instance at 0x7f4f80405690>,38,15,[5 2],56,80,95,24,67
1,<environment.Job instance at 0x7f4f80552b90>,26,18,[9 1],38,95,113,57,85
1,<environment.Job instance at 0x7f4f805598c0>,49,19,[6 1],67,113,132,46,103
1,<environment.Job instance at 0x7f4f80558cd0>,59,15,[1 5],83,104,119,21,104
1,<environment.Job instance at 0x7f4f80558d70>,61,1,[2 9],85,119,120,34,106
1,<environment.Job instance at 0x7f4f803c05a0>,66,13,[2 8],93,121,134,28,121
1,<environment.Job instance at 0x7f4f80462fa0>,67,12,[1 7],94,134,146,40,122
1,<environment.Job instance at 0x7f4f352ce780>,73,13,[10  5],102,146,159,44,132
1,<environment.Job instance at 0x7f4f35356be0>,74,2,[5 2],104,132,134,28,132
1,<environment.Job instance at 0x7f4f3533e730>,76,1,[9 1],108,134,135,26,132
1,<environment.Job instance at 0x7f4f3534b4b0>,78,15,[6 5],110,159,174,49,145
1,<environment.Job instance at 0x7f4f80558af0>,2,14,[2 7],6,6,20,0,6
1,<environment.Job instance at 0x7f4f35355780>,4,13,[10  2],8,20,33,12,8
1,<environment.Job instance at 0x7f4f35230280>,15,18,[3 8],24,33,51,9,25
1,<environment.Job instance at 0x7f4f3522aaf0>,27,14,[4 6],45,51,65,6,47
1,<environment.Job instance at 0x7f4f352823c0>,32,14,[10  1],53,65,79,12,57
1,<environment.Job instance at 0x7f4f3522a140>,29,18,[6 1],48,79,97,31,69
1,<environment.Job instance at 0x7f4f35282910>,35,3,[10  3],56,97,100,41,78
1,<environment.Job instance at 0x7f4f35219c80>,45,17,[3 6],73,100,117,27,89
1,<environment.Job instance at 0x7f4f352829b0>,38,3,[4 6],61,117,120,56,101
1,<environment.Job instance at 0x7f4f7adb3d20>,52,13,[10  5],85,120,133,35,105
1,<environment.Job instance at 0x7f4f7b478b40>,59,13,[9 5],96,139,152,43,139
1,<environment.Job instance at 0x7f4f3527e690>,64,19,[4 9],103,152,171,49,142
1,<environment.Job instance at 0x7f4f352d8e60>,65,17,[2 8],105,171,188,66,159
1,<environment.Job instance at 0x7f4f35322a00>,0,12,[6 3],1,1,13,0,1
1,<environment.Job instance at 0x7f4f804079b0>,7,3,[9 5],11,13,16,2,11
1,<environment.Job instance at 0x7f4f7b06c5f0>,3,12,[5 8],5,16,28,11,11
1,<environment.Job instance at 0x7f4f7b010af0>,11,12,[8 3],16,28,40,12,16
1,<environment.Job instance at 0x7f4f7af74af0>,17,19,[8 2],22,40,59,18,34
1,<environment.Job instance at 0x7f4f8054b410>,28,17,[1 6],39,52,69,13,52
1,<environment.Job instance at 0x7f4f3521ee10>,16,17,[2 6],21,69,86,48,58
1,<environment.Job instance at 0x7f4f35954be0>,34,20,[5 1],47,59,79,12,58
1,<environment.Job instance at 0x7f4f35954410>,37,2,[2 5],51,86,88,35,63
1,<environment.Job instance at 0x7f4f7afdc320>,32,3,[4 7],45,88,91,43,63
1,<environment.Job instance at 0x7f4f359540a0>,38,14,[7 4],52,91,105,39,76
1,<environment.Job instance at 0x7f4f803dd870>,46,1,[6 3],63,105,106,42,92
1,<environment.Job instance at 0x7f4f3526f1e0>,47,3,[6 4],64,106,109,42,92
1,<environment.Job instance at 0x7f4f352af460>,49,17,[5 6],69,109,126,40,97
1,<environment.Job instance at 0x7f4f3527ee60>,59,2,[7 1],84,126,128,42,120
1,<environment.Job instance at 0x7f4f35955f00>,60,1,[2 9],87,126,127,39,120
1,<environment.Job instance at 0x7f4f35282dc0>,62,3,[9 2],91,128,131,37,121
1,<environment.Job instance at 0x7f4f352cbaf0>,24,12,[5 7],33,131,143,98,121
1,<environment.Job instance at 0x7f4f35282320>,63,16,[10  4],92,143,159,51,131
1,<environment.Job instance at 0x7f4f7af75fa0>,39,17,[2 6],54,159,176,105,153
1,<environment.Job instance at 0x7f4f80545be0>,71,17,[7 1],105,160,177,55,160
1,<environment.Job instance at 0x7f4f35950fa0>,74,14,[6 1],108,177,191,69,164
1,<environment.Job instance at 0x7f4f35950d70>,77,12,[1 7],112,176,188,64,165
1,<environment.Job instance at 0x7f4f356c58c0>,0,13,[ 4 10],3,3,16,0,3
1,<environment.Job instance at 0x7f4f7b4417d0>,6,18,[8 4],10,16,34,6,10
1,<environment.Job instance at 0x7f4f7add93c0>,11,16,[6 4],17,34,50,17,28
1,<environment.Job instance at 0x7f4f7ade5e60>,23,12,[7 5],33,50,62,17,33
1,<environment.Job instance at 0x7f4f7addfa00>,28,1,[5 7],39,62,63,23,40
1,<environment.Job instance at 0x7f4f7add2410>,32,17,[10  3],43,63,80,20,51
1,<environment.Job instance at 0x7f4f7add25f0>,37,2,[10  2],49,80,82,31,56
1,<environment.Job instance at 0x7f4f7add2c80>,38,1,[8 4],50,82,83,32,56
1,<environment.Job instance at 0x7f4f7adb7500>,16,17,[10  3],25,83,100,58,78
1,<environment.Job instance at 0x7f4f7add3e10>,43,3,[1 6],61,100,103,39,85
1,<environment.Job instance at 0x7f4f7add19b0>,47,15,[5 7],68,103,118,35,93
1,<environment.Job instance at 0x7f4f7add3dc0>,45,16,[10  2],66,118,134,52,105
1,<environment.Job instance at 0x7f4f359591e0>,58,14,[2 9],82,134,148,52,119
1,<environment.Job instance at 0x7f4f7adca780>,55,18,[5 5],77,148,166,71,138
1,<environment.Job instance at 0x7f4f7ae5f1e0>,68,2,[10  1],93,166,168,73,154
1,<environment.Job instance at 0x7f4f35972910>,78,13,[6 2],109,168,181,59,167
1,<environment.Job instance at 0x7f4f35972cd0>,82,18,[1 6],115,168,186,53,167
1,<environment.Job instance at 0x7f4f359860f0>,0,15,[3 8],1,1,16,0,1
1,<environment.Job instance at 0x7f4f7baffb90>,4,16,[3 9],8,16,32,8,8
1,<environment.Job instance at 0x7f4f7baff0f0>,10,13,[2 6],15,32,45,17,26
1,<environment.Job instance at 0x7f4f7b63ab40>,21,14,[5 5],39,45,59,6,39
1,<environment.Job instance at 0x7f4f7b63a6e0>,25,3,[9 4],43,59,62,16,44
1,<environment.Job instance at 0x7f4f7bae3230>,35,1,[5 3],63,71,72,8,71
1,<environment.Job instance at 0x7f4f7bae3c80>,36,16,[2 7],65,73,89,8,73
1,<environment.Job instance at 0x7f4f7bae3820>,39,1,[1 5],68,89,90,21,73
1,<environment.Job instance at 0x7f4f7bae3dc0>,32,26,[6 3],55,73,99,18,73
1,<environment.Job instance at 0x7f4f7bae36e0>,40,21,[3 5],69,90,111,21,82
1,<environment.Job instance at 0x7f4f7bae3d20>,34,13,[7 2],60,99,112,39,87
1,<environment.Job instance at 0x7f4f7ba139b0>,55,3,[3 5],89,111,114,22,89
1,<environment.Job instance at 0x7f4f354f6e60>,56,2,[8 3],90,114,116,24,90
1,<environment.Job instance at 0x7f4f7b1590a0>,57,1,[5 6],92,116,117,24,92
1,<environment.Job instance at 0x7f4f7b8cf0a0>,62,17,[6 3],100,117,134,17,106
1,<environment.Job instance at 0x7f4f7bc5d0a0>,67,3,[6 4],105,134,137,29,132
1,<environment.Job instance at 0x7f4f800b3460>,68,1,[5 7],107,137,138,30,132
1,<environment.Job instance at 0x7f4f35456370>,69,13,[10  5],108,138,151,30,132
1,<environment.Job instance at 0x7f4f802e0e10>,73,12,[3 6],112,151,163,39,140
1,<environment.Job instance at 0x7f4f7ba3b870>,75,13,[7 4],114,151,164,37,145
1,<environment.Job instance at 0x7f4f7b9d0f00>,78,13,[10  5],117,164,177,47,148
1,<environment.Job instance at 0x7f4f356285f0>,85,15,[9 5],126,177,192,51,163
1,<environment.Job instance at 0x7f4f7b96e370>,2,18,[ 5 10],4,4,22,0,4
1,<environment.Job instance at 0x7f4f7b7e26e0>,3,16,[3 8],6,22,38,16,9
1,<environment.Job instance at 0x7f4f7af7c050>,11,16,[8 2],19,38,54,19,27
1,<environment.Job instance at 0x7f4f7b6ba820>,13,2,[2 5],21,38,40,17,30
1,<environment.Job instance at 0x7f4f7bb570f0>,15,16,[4 6],23,54,70,31,41
1,<environment.Job instance at 0x7f4f7b7e2aa0>,7,3,[6 2],11,54,57,43,48
1,<environment.Job instance at 0x7f4f7b04b0a0>,19,12,[5 6],32,70,82,38,53
1,<environment.Job instance at 0x7f4f35452c30>,31,12,[10  5],48,82,94,34,73
1,<environment.Job instance at 0x7f4f7b7e2460>,4,15,[1 8],8,94,109,86,82
1,<environment.Job instance at 0x7f4f7b7e2550>,5,13,[9 3],9,109,122,100,99
1,<environment.Job instance at 0x7f4f35758c80>,48,17,[ 3 10],70,122,139,52,116
1,<environment.Job instance at 0x7f4f80406370>,54,13,[6 1],78,139,152,61,134
1,<environment.Job instance at 0x7f4f80406a00>,55,1,[5 7],80,152,153,72,135
1,<environment.Job instance at 0x7f4f3544fb90>,56,17,[4 9],81,153,170,72,141
1,<environment.Job instance at 0x7f4f7b6ba870>,8,16,[7 3],14,170,186,156,165
1,<environment.Job instance at 0x7f4f35650280>,2,3,[9 2],6,6,9,0,6
1,<environment.Job instance at 0x7f4f7b0189b0>,3,16,[7 4],8,9,25,1,8
1,<environment.Job instance at 0x7f4f355d0280>,13,14,[5 4],21,26,40,5,26
1,<environment.Job instance at 0x7f4f355d0870>,18,3,[5 9],29,40,43,11,29
1,<environment.Job instance at 0x7f4f355d0a00>,19,1,[6 5],31,43,44,12,31
1,<environment.Job instance at 0x7f4f355d0500>,20,12,[5 5],34,44,56,10,34
1,<environment.Job instance at 0x7f4f355d0f00>,24,2,[4 7],43,56,58,13,43
1,<environment.Job instance at 0x7f4f355d3410>,40,17,[8 3],64,65,82,1,65
1,<environment.Job instance at 0x7f4f355d3a00>,45,15,[9 4],71,82,97,11,71
1,<environment.Job instance at 0x7f4f355d3f00>,50,12,[5 6],76,97,109,21,80
1,<environment.Job instance at 0x7f4f355c2730>,55,18,[4 8],84,109,127,25,98
1,<environment.Job instance at 0x7f4f355d3be0>,47,14,[5 8],73,127,141,54,114
1,<environment.Job instance at 0x7f4f355c2640>,67,16,[10  2],96,141,157,45,129
1,<environment.Job instance at 0x7f4f355c2eb0>,70,14,[1 9],102,157,171,55,145
1,<environment.Job instance at 0x7f4f355a1640>,75,1,[5 7],108,171,172,63,151
1,<environment.Job instance at 0x7f4f355a1a00>,78,19,[9 1],111,172,191,61,163
1,<environment.Job instance at 0x7f4f355a1a00>,1,1,[2 6],3,3,4,0,3
1,<environment.Job instance at 0x7f4f356aa0a0>,4,20,[7 2],9,9,29,0,9
1,<environment.Job instance at 0x7f4f358e85a0>,10,13,[3 8],15,15,28,0,15
1,<environment.Job instance at 0x7f4f7ae72140>,19,2,[2 5],26,28,30,2,27
1,<environment.Job instance at 0x7f4f358e4960>,17,14,[5 2],23,33,47,10,33
1,<environment.Job instance at 0x7f4f356ac2d0>,26,3,[8 1],34,47,50,13,34
1,<environment.Job instance at 0x7f4f7b9f0960>,29,17,[2 7],39,39,56,0,39
1,<environment.Job instance at 0x7f4f3581a140>,33,18,[5 5],50,57,75,7,57
1,<environment.Job instance at 0x7f4f3575edc0>,48,15,[7 2],71,90,105,19,90
1,<environment.Job instance at 0x7f4f7adc4f00>,43,15,[1 5],66,90,105,24,90
1,<environment.Job instance at 0x7f4f7b8cc5a0>,53,2,[ 4 10],77,105,107,28,90
1,<environment.Job instance at 0x7f4f7b8ccf00>,54,1,[1 9],80,107,108,27,90
1,<environment.Job instance at 0x7f4f7b8cc780>,55,17,[3 5],81,108,125,27,96
1,<environment.Job instance at 0x7f4f7b70a910>,66,14,[7 2],96,108,122,12,108
1,<environment.Job instance at 0x7f4f7b70a780>,71,14,[4 8],101,125,139,24,119
1,<environment.Job instance at 0x7f4f35393b40>,77,16,[9 4],111,139,155,28,126
1,<environment.Job instance at 0x7f4f7b709280>,86,15,[ 2 10],125,155,170,30,146
1,<environment.Job instance at 0x7f4f352c08c0>,91,14,[10  3],131,170,184,39,155
1,<environment.Job instance at 0x7f4f352c0b40>,93,14,[8 3],134,184,198,50,169
1,<environment.Job instance at 0x7f4f355dd3c0>,1,15,[6 1],2,2,17,0,2
1,<environment.Job instance at 0x7f4f7b483be0>,3,27,[2 9],4,64,91,60,64
1,<environment.Job instance at 0x7f4f7afc2e60>,33,13,[6 4],45,91,104,46,76
1,<environment.Job instance at 0x7f4f7b5283c0>,42,13,[5 8],60,104,117,44,94
1,<environment.Job instance at 0x7f4f7b3b1f00>,49,13,[ 2 10],70,119,132,49,119
1,<environment.Job instance at 0x7f4f7b3b12d0>,50,13,[5 5],71,132,145,61,119
1,<environment.Job instance at 0x7f4f7add97d0>,53,17,[10  5],79,145,162,66,136
1,<environment.Job instance at 0x7f4f35676e10>,62,12,[2 8],94,162,174,68,147
1,<environment.Job instance at 0x7f4f7b025050>,2,17,[8 4],6,6,23,0,6
1,<environment.Job instance at 0x7f4f35476230>,12,18,[9 4],25,25,43,0,25
1,<environment.Job instance at 0x7f4f354762d0>,13,17,[1 8],26,43,60,17,42
1,<environment.Job instance at 0x7f4f35457460>,27,15,[3 6],43,60,75,17,46
1,<environment.Job instance at 0x7f4f35457cd0>,33,3,[10  1],56,75,78,19,61
1,<environment.Job instance at 0x7f4f35457e60>,35,12,[5 5],59,78,90,19,63
1,<environment.Job instance at 0x7f4f35457c30>,39,18,[3 6],63,90,108,27,80
1,<environment.Job instance at 0x7f4f3545b460>,43,13,[6 3],70,90,103,20,85
1,<environment.Job instance at 0x7f4f35476910>,20,16,[9 3],34,108,124,74,98
1,<environment.Job instance at 0x7f4f35476fa0>,23,22,[5 2],38,124,146,86,118
1,<environment.Job instance at 0x7f4f3546b8c0>,61,15,[4 7],94,124,139,30,119
1,<environment.Job instance at 0x7f4f3546b410>,54,15,[9 3],87,146,161,59,132
1,<environment.Job instance at 0x7f4f3547f320>,73,1,[1 5],107,153,154,46,153
1,<environment.Job instance at 0x7f4f3547f3c0>,74,13,[4 5],108,161,174,53,153
1,<environment.Job instance at 0x7f4f3547f460>,76,17,[9 4],110,174,191,64,164
1,<environment.Job instance at 0x7f4f3547f550>,1,18,[6 3],4,4,22,0,4
1,<environment.Job instance at 0x7f4f8031b190>,4,16,[5 4],9,22,38,13,9
1,<environment.Job instance at 0x7f4f7b629f50>,22,2,[2 9],33,38,40,5,37
1,<environment.Job instance at 0x7f4f7b629280>,21,18,[3 6],32,40,58,8,37
1,<environment.Job instance at 0x7f4f7b629c80>,23,15,[4 9],34,58,73,24,44
1,<environment.Job instance at 0x7f4f3545ff00>,29,15,[9 3],41,73,88,32,59
1,<environment.Job instance at 0x7f4f7b6296e0>,24,15,[1 6],35,73,88,38,59
1,<environment.Job instance at 0x7f4f3564a910>,19,15,[8 5],29,88,103,59,83
1,<environment.Job instance at 0x7f4f3562e6e0>,33,16,[6 3],47,103,119,56,94
1,<environment.Job instance at 0x7f4f7b02dfa0>,18,18,[10  1],28,119,137,91,111
1,<environment.Job instance at 0x7f4f7b7d9960>,54,2,[2 6],75,137,139,62,124
1,<environment.Job instance at 0x7f4f7b7d9780>,55,20,[5 2],76,137,157,61,129
1,<environment.Job instance at 0x7f4f356244b0>,49,16,[2 7],69,139,155,70,129
1,<environment.Job instance at 0x7f4f7b342410>,62,2,[7 1],88,157,159,69,132
1,<environment.Job instance at 0x7f4f7b3429b0>,63,3,[2 9],89,157,160,68,132
1,<environment.Job instance at 0x7f4f7b3420a0>,67,12,[2 7],95,160,172,65,145
1,<environment.Job instance at 0x7f4f7af009b0>,40,12,[7 2],57,160,172,103,149
1,<environment.Job instance at 0x7f4f7b392280>,73,13,[5 3],103,172,185,69,157
1,<environment.Job instance at 0x7f4f35121f00>,3,1,[3 6],4,4,5,0,4
1,<environment.Job instance at 0x7f4f35188cd0>,18,12,[5 1],25,25,37,0,25
1,<environment.Job instance at 0x7f4f35188820>,15,13,[5 4],22,28,41,6,28
1,<environment.Job instance at 0x7f4f7addf2d0>,21,1,[3 7],29,41,42,12,30
1,<environment.Job instance at 0x7f4f351218c0>,10,18,[6 4],13,42,60,29,33
1,<environment.Job instance at 0x7f4f7adbae10>,24,1,[5 4],33,60,61,27,42
1,<environment.Job instance at 0x7f4f7adba1e0>,25,18,[5 6],34,60,78,26,50
1,<environment.Job instance at 0x7f4f7adba2d0>,27,13,[5 6],37,78,91,41,62
1,<environment.Job instance at 0x7f4f7adba280>,26,14,[5 3],36,62,76,26,62
1,<environment.Job instance at 0x7f4f355a2e60>,37,14,[3 5],50,91,105,41,78
1,<environment.Job instance at 0x7f4f3561a640>,42,15,[1 5],56,91,106,35,84
1,<environment.Job instance at 0x7f4f3561a0a0>,44,13,[6 3],59,105,118,46,89
1,<environment.Job instance at 0x7f4f355a2cd0>,40,17,[5 6],54,118,135,64,110
1,<environment.Job instance at 0x7f4f7b53c780>,53,14,[9 3],70,135,149,65,120
1,<environment.Job instance at 0x7f4f7b53c410>,57,16,[3 9],76,149,165,73,136
1,<environment.Job instance at 0x7f4f7adbacd0>,30,15,[8 4],41,165,180,124,157
1,<environment.Job instance at 0x7f4f7bbc4320>,4,14,[3 6],9,9,23,0,9
1,<environment.Job instance at 0x7f4f358dd6e0>,11,23,[1 6],18,23,46,5,18
1,<environment.Job instance at 0x7f4f7ad9c820>,13,1,[5 1],21,21,22,0,21
1,<environment.Job instance at 0x7f4f7ad9cb40>,14,1,[9 1],22,23,24,1,22
1,<environment.Job instance at 0x7f4f7ad9ccd0>,17,2,[7 5],26,46,48,20,30
1,<environment.Job instance at 0x7f4f7ad9c500>,12,13,[5 8],19,48,61,29,35
1,<environment.Job instance at 0x7f4f358efdc0>,20,3,[6 1],29,39,42,10,39
1,<environment.Job instance at 0x7f4f359125f0>,27,2,[ 1 10],37,61,63,24,39
1,<environment.Job instance at 0x7f4f35170cd0>,32,1,[9 2],48,63,64,15,57
1,<environment.Job instance at 0x7f4f7b096eb0>,33,12,[ 5 10],49,64,76,15,57
1,<environment.Job instance at 0x7f4f357f83c0>,40,17,[3 9],57,76,93,19,70
1,<environment.Job instance at 0x7f4f7af4b280>,42,1,[7 2],60,93,94,33,78
1,<environment.Job instance at 0x7f4f7af3f820>,45,16,[5 7],64,94,110,30,89
1,<environment.Job instance at 0x7f4f7af3f190>,47,15,[2 7],66,110,125,44,97
1,<environment.Job instance at 0x7f4f7b97f960>,53,14,[4 6],77,125,139,48,112
1,<environment.Job instance at 0x7f4f7ad9c0f0>,19,20,[5 9],28,139,159,111,130
1,<environment.Job instance at 0x7f4f7b992c30>,66,16,[10  4],99,159,175,60,147
1,<environment.Job instance at 0x7f4f7b97f820>,1,13,[1 6],2,2,15,0,2
1,<environment.Job instance at 0x7f4f7ae524b0>,20,2,[6 2],24,26,28,2,26
1,<environment.Job instance at 0x7f4f7bcb5b40>,22,1,[4 9],27,28,29,1,27
1,<environment.Job instance at 0x7f4f358d9a00>,13,15,[2 5],17,29,44,12,27
1,<environment.Job instance at 0x7f4f7b4c7280>,23,12,[ 5 10],29,44,56,15,30
1,<environment.Job instance at 0x7f4f7b4c7870>,25,2,[6 3],31,31,33,0,31
1,<environment.Job instance at 0x7f4f7b2b0eb0>,17,12,[2 7],21,56,68,35,39
1,<environment.Job instance at 0x7f4f350af0f0>,37,1,[5 8],51,68,69,17,57
1,<environment.Job instance at 0x7f4f35795190>,27,17,[ 4 10],35,69,86,34,60
1,<environment.Job instance at 0x7f4f35320370>,39,3,[7 2],54,60,63,6,60
1,<environment.Job instance at 0x7f4f7b419af0>,40,1,[10  5],55,86,87,31,60
1,<environment.Job instance at 0x7f4f350af820>,38,3,[6 1],53,63,66,10,60
1,<environment.Job instance at 0x7f4f35320550>,41,2,[7 5],57,87,89,30,60
1,<environment.Job instance at 0x7f4f7b6bb0a0>,47,2,[6 2],66,89,91,23,82
1,<environment.Job instance at 0x7f4f7b45e0f0>,53,1,[2 9],72,95,96,23,95
1,<environment.Job instance at 0x7f4f35320c30>,42,26,[2 5],58,96,122,38,96
1,<environment.Job instance at 0x7f4f7b45ecd0>,56,18,[1 8],77,122,140,45,115
1,<environment.Job instance at 0x7f4f355be7d0>,55,25,[9 1],74,132,157,58,132
1,<environment.Job instance at 0x7f4f3546ff50>,68,14,[1 6],93,144,158,51,144
1,<environment.Job instance at 0x7f4f3546f3c0>,70,18,[3 7],95,158,176,63,147
1,<environment.Job instance at 0x7f4f356c2b90>,73,14,[2 6],103,176,190,73,161
1,<environment.Job instance at 0x7f4f7b435820>,0,20,[3 7],1,1,21,0,1
1,<environment.Job instance at 0x7f4f356c2690>,4,18,[3 8],5,21,39,16,11
1,<environment.Job instance at 0x7f4f356d7730>,13,18,[1 8],18,39,57,21,32
1,<environment.Job instance at 0x7f4f351394b0>,28,17,[1 8],37,57,74,20,52
1,<environment.Job instance at 0x7f4f35139140>,27,14,[5 2],36,53,67,17,53
1,<environment.Job instance at 0x7f4f35139280>,31,13,[4 9],41,74,87,33,59
1,<environment.Job instance at 0x7f4f3583ee10>,38,15,[1 6],53,87,102,34,74
1,<environment.Job instance at 0x7f4f3583ef50>,45,15,[4 8],67,102,117,35,88
1,<environment.Job instance at 0x7f4f35139e60>,26,15,[10  5],35,117,132,82,106
1,<environment.Job instance at 0x7f4f35134820>,52,16,[10  3],76,132,148,56,119
1,<environment.Job instance at 0x7f4f35134960>,59,15,[2 8],87,148,163,61,135
1,<environment.Job instance at 0x7f4f35336eb0>,70,16,[ 3 10],104,163,179,59,153
1,<environment.Job instance at 0x7f4f35336460>,72,14,[9 5],106,179,193,73,164
1,<environment.Job instance at 0x7f4f7b220b90>,2,13,[4 7],4,4,17,0,4
1,<environment.Job instance at 0x7f4f7b4a6870>,11,14,[4 7],17,17,31,0,17
1,<environment.Job instance at 0x7f4f7b4a6410>,12,14,[5 9],18,31,45,13,18
1,<environment.Job instance at 0x7f4f7b4c3eb0>,19,3,[1 5],25,45,48,20,36
1,<environment.Job instance at 0x7f4f7b4b3140>,7,17,[4 7],11,48,65,37,36
1,<environment.Job instance at 0x7f4f34f5fb90>,25,15,[2 6],36,65,80,29,53
1,<environment.Job instance at 0x7f4f7adb90a0>,27,17,[6 1],38,53,70,15,53
1,<environment.Job instance at 0x7f4f7b4b2730>,29,2,[5 5],40,80,82,40,54
1,<environment.Job instance at 0x7f4f7adea7d0>,32,12,[3 5],44,80,92,36,65
1,<environment.Job instance at 0x7f4f7ade1730>,34,23,[ 1 10],49,92,115,43,86
1,<environment.Job instance at 0x7f4f7b3b7d20>,49,17,[4 6],78,115,132,37,103
1,<environment.Job instance at 0x7f4f3525f7d0>,58,15,[7 5],88,132,147,44,129
1,<environment.Job instance at 0x7f4f3525f3c0>,59,13,[5 3],90,147,160,57,132
1,<environment.Job instance at 0x7f4f7b3a25a0>,66,16,[2 8],99,160,176,61,149
1,<environment.Job instance at 0x7f4f7b39b500>,73,20,[7 2],106,165,185,59,165
1,<environment.Job instance at 0x7f4f7b678690>,1,13,[5 9],7,7,20,0,7
1,<environment.Job instance at 0x7f4f7bca6780>,5,1,[2 7],12,20,21,8,12
1,<environment.Job instance at 0x7f4f7b9be410>,11,13,[4 7],19,35,48,16,35
1,<environment.Job instance at 0x7f4f7af4bcd0>,14,14,[9 1],24,48,62,24,35
1,<environment.Job instance at 0x7f4f7ad9caa0>,22,16,[8 5],34,62,78,28,49
1,<environment.Job instance at 0x7f4f7b2272d0>,40,17,[5 7],62,78,95,16,66
1,<environment.Job instance at 0x7f4f7bafaeb0>,47,3,[3 7],74,95,98,21,83
1,<environment.Job instance at 0x7f4f7ada7190>,48,16,[10  2],76,98,114,22,85
1,<environment.Job instance at 0x7f4f352060a0>,54,14,[7 5],84,114,128,30,99
1,<environment.Job instance at 0x7f4f3576f820>,63,17,[2 5],98,116,133,18,116
1,<environment.Job instance at 0x7f4f3576fc80>,67,15,[10  4],102,133,148,31,119
1,<environment.Job instance at 0x7f4f3576f550>,76,16,[6 5],115,148,164,33,138
1,<environment.Job instance at 0x7f4f7b8cb9b0>,81,15,[7 3],120,164,179,44,156
1,<environment.Job instance at 0x7f4f7b6d8c30>,2,14,[5 5],5,5,19,0,5
1,<environment.Job instance at 0x7f4f3523dfa0>,12,14,[10  2],16,19,33,3,17
1,<environment.Job instance at 0x7f4f7b6d8140>,5,3,[8 5],8,33,36,25,19
1,<environment.Job instance at 0x7f4f35030370>,16,1,[7 2],21,36,37,15,27
1,<environment.Job instance at 0x7f4f350306e0>,17,21,[1 6],22,36,57,14,28
1,<environment.Job instance at 0x7f4f35030dc0>,21,13,[10  4],27,57,70,30,48
1,<environment.Job instance at 0x7f4f3523d4b0>,14,12,[ 2 10],19,70,82,51,53
1,<environment.Job instance at 0x7f4f7bd01140>,27,14,[4 5],36,82,96,46,70
1,<environment.Job instance at 0x7f4f7bd01460>,31,18,[3 5],40,82,100,42,71
1,<environment.Job instance at 0x7f4f35030b40>,15,13,[6 5],20,96,109,76,88
1,<environment.Job instance at 0x7f4f7bd01870>,35,22,[10  3],45,109,131,64,105
1,<environment.Job instance at 0x7f4f7bd01af0>,39,2,[1 9],50,131,133,81,114
1,<environment.Job instance at 0x7f4f3544f140>,42,1,[5 1],54,131,132,77,121
1,<environment.Job instance at 0x7f4f7b6d8460>,6,17,[10  5],9,133,150,124,121
1,<environment.Job instance at 0x7f4f3544f280>,47,16,[10  2],61,150,166,89,145
1,<environment.Job instance at 0x7f4f80551c80>,57,12,[5 4],79,166,178,87,151
1,<environment.Job instance at 0x7f4f7bd01960>,34,13,[7 3],43,178,191,135,163
1,<environment.Job instance at 0x7f4f7bc2e0a0>,1,3,[3 6],3,3,6,0,3
1,<environment.Job instance at 0x7f4f7b602e60>,2,12,[4 9],7,7,19,0,7
1,<environment.Job instance at 0x7f4f7b07a410>,9,17,[10  1],17,26,43,9,26
1,<environment.Job instance at 0x7f4f35278d20>,15,1,[2 5],25,43,44,18,26
1,<environment.Job instance at 0x7f4f35805d20>,18,12,[2 6],29,44,56,15,31
1,<environment.Job instance at 0x7f4f7b161dc0>,24,2,[2 5],35,56,58,21,40
1,<environment.Job instance at 0x7f4f804071e0>,6,14,[3 6],14,58,72,44,43
1,<environment.Job instance at 0x7f4f7baf45f0>,14,17,[6 2],24,47,64,23,47
1,<environment.Job instance at 0x7f4f35262d70>,34,12,[4 6],48,75,87,27,75
1,<environment.Job instance at 0x7f4f35262dc0>,35,12,[5 1],50,75,87,25,75
1,<environment.Job instance at 0x7f4f35262460>,36,15,[5 8],52,87,102,35,76
1,<environment.Job instance at 0x7f4f35052280>,43,18,[5 3],62,102,120,40,91
1,<environment.Job instance at 0x7f4f35052640>,48,24,[3 7],70,102,126,32,102
1,<environment.Job instance at 0x7f4f7b161fa0>,30,17,[2 8],43,126,143,83,120
1,<environment.Job instance at 0x7f4f350461e0>,56,15,[8 3],79,143,158,64,131
1,<environment.Job instance at 0x7f4f35262690>,31,18,[5 5],44,158,176,114,148
1,<environment.Job instance at 0x7f4f7b161f00>,27,16,[1 9],39,176,192,137,167
1,<environment.Job instance at 0x7fb8db4581e0>,0,13,[9 3],1,1,14,0,1
1,<environment.Job instance at 0x7fb8d60496e0>,10,16,[8 5],17,18,34,1,18
1,<environment.Job instance at 0x7fb8d60495f0>,7,3,[7 3],13,34,37,21,18
1,<environment.Job instance at 0x7fb8d60499b0>,12,2,[ 4 10],19,37,39,18,21
1,<environment.Job instance at 0x7fb8d6049be0>,13,13,[7 3],20,39,52,19,23
1,<environment.Job instance at 0x7fb8d604c7d0>,24,3,[3 7],36,39,42,3,39
1,<environment.Job instance at 0x7fb8d604cd20>,27,17,[1 6],44,46,63,2,46
1,<environment.Job instance at 0x7fb8d6049dc0>,16,28,[4 7],28,63,91,35,63
1,<environment.Job instance at 0x7fb8d604d640>,37,13,[9 5],61,91,104,30,75
1,<environment.Job instance at 0x7fb8d604ddc0>,42,13,[2 7],71,104,117,33,88
1,<environment.Job instance at 0x7fb8d604e780>,52,2,[4 9],88,117,119,29,104
1,<environment.Job instance at 0x7fb8d604eb40>,54,13,[6 3],90,104,117,14,104
1,<environment.Job instance at 0x7fb8d604eb90>,55,23,[1 5],91,119,142,28,113
1,<environment.Job instance at 0x7fb8d604d320>,32,14,[8 4],55,119,133,64,113
1,<environment.Job instance at 0x7fb8d604e280>,45,17,[7 5],76,134,151,58,134
1,<environment.Job instance at 0x7fb8d6051550>,68,14,[5 1],106,151,165,45,141
1,<environment.Job instance at 0x7fb8d60519b0>,70,2,[4 8],109,152,154,43,152
1,<environment.Job instance at 0x7fb8db4e1d70>,2,22,[4 8],3,156,178,153,156
1,<environment.Job instance at 0x7fb8d6051e10>,75,2,[5 9],116,178,180,62,169
1,<environment.Job instance at 0x7fb8d6056140>,76,16,[ 4 10],117,180,196,63,169
1,<environment.Job instance at 0x7fb8d6056be0>,0,15,[5 4],2,2,17,0,2
1,<environment.Job instance at 0x7fb8db5bff00>,3,17,[5 7],9,17,34,8,9
1,<environment.Job instance at 0x7fb8db47f8c0>,6,13,[8 5],13,34,47,21,21
1,<environment.Job instance at 0x7fb8db5c1f50>,20,14,[4 7],29,47,61,18,32
1,<environment.Job instance at 0x7fb8db5c72d0>,21,15,[2 7],33,61,76,28,47
1,<environment.Job instance at 0x7fb8db5c7c80>,24,15,[2 7],39,76,91,37,62
1,<environment.Job instance at 0x7fb8db5ced70>,31,15,[5 2],46,71,86,25,71
1,<environment.Job instance at 0x7fb8db5c1640>,18,1,[8 1],27,86,87,59,74
1,<environment.Job instance at 0x7fb8db5cec80>,36,19,[6 4],51,91,110,40,81
1,<environment.Job instance at 0x7fb8db5c5b40>,39,2,[5 5],54,110,112,56,83
1,<environment.Job instance at 0x7fb8db5c5050>,40,1,[6 4],55,112,113,57,84
1,<environment.Job instance at 0x7fb8db5c5af0>,43,2,[4 9],59,113,115,54,91
1,<environment.Job instance at 0x7fb8db5ceaf0>,37,14,[3 6],52,94,108,42,94
1,<environment.Job instance at 0x7fb8db5c9e60>,49,16,[7 2],69,115,131,46,106
1,<environment.Job instance at 0x7fb8db5d3910>,52,15,[1 5],73,115,130,42,109
1,<environment.Job instance at 0x7fb8db5d3780>,57,14,[ 2 10],81,131,145,50,118
1,<environment.Job instance at 0x7fb8db5d3140>,58,17,[3 8],82,145,162,63,133
1,<environment.Job instance at 0x7fb8db5d2f50>,66,13,[10  5],92,162,175,70,148
1,<environment.Job instance at 0x7fb8db5d2b40>,71,15,[6 5],100,175,190,75,161
1,<environment.Job instance at 0x7fb8db5c2aa0>,77,3,[3 5],107,175,178,68,162
1,<environment.Job instance at 0x7fb8db5c2aa0>,1,18,[3 8],4,4,22,0,4
1,<environment.Job instance at 0x7fb8903c0c80>,12,17,[2 5],24,24,41,0,24
1,<environment.Job instance at 0x7fb89047e550>,15,18,[6 1],28,28,46,0,28
1,<environment.Job instance at 0x7fb8d650b0a0>,16,13,[1 5],30,41,54,11,30
1,<environment.Job instance at 0x7fb89035d140>,19,25,[ 2 10],34,54,79,20,50
1,<environment.Job instance at 0x7fb8d5df6190>,28,3,[2 7],48,79,82,31,65
1,<environment.Job instance at 0x7fb8d628bd20>,29,1,[ 1 10],51,82,83,31,65
1,<environment.Job instance at 0x7fb8903009b0>,31,17,[3 6],53,83,100,30,71
1,<environment.Job instance at 0x7fb890420410>,43,1,[7 2],71,110,111,39,110
1,<environment.Job instance at 0x7fb89034d280>,45,13,[9 5],76,126,139,50,126
1,<environment.Job instance at 0x7fb89034d870>,50,19,[4 9],83,139,158,56,139
1,<environment.Job instance at 0x7fb8d5db7c80>,51,17,[2 8],85,158,175,73,146
1,<environment.Job instance at 0x7fb8d5dc09b0>,57,16,[ 5 10],91,176,192,85,176
1,<environment.Job instance at 0x7fb890297190>,1,12,[5 7],3,3,15,0,3
1,<environment.Job instance at 0x7fb8daf73230>,11,20,[5 1],17,20,40,3,20
1,<environment.Job instance at 0x7fb8d642b050>,8,18,[1 8],14,22,40,8,22
1,<environment.Job instance at 0x7fb8d5ed5be0>,20,16,[10  2],28,40,56,12,29
1,<environment.Job instance at 0x7fb8d6032870>,18,1,[2 8],26,56,57,30,31
1,<environment.Job instance at 0x7fb89040caa0>,30,14,[1 5],46,57,71,11,46
1,<environment.Job instance at 0x7fb8903003c0>,32,15,[3 7],50,71,86,21,57
1,<environment.Job instance at 0x7fb890427870>,38,16,[1 5],60,86,102,26,74
1,<environment.Job instance at 0x7fb8d6440780>,43,13,[5 6],66,106,119,40,106
1,<environment.Job instance at 0x7fb8d6440320>,44,18,[4 6],67,119,137,52,108
1,<environment.Job instance at 0x7fb8903c8500>,46,17,[7 4],69,137,154,68,125
1,<environment.Job instance at 0x7fb890342f00>,51,14,[6 1],78,154,168,76,143
1,<environment.Job instance at 0x7fb8d6105b40>,16,17,[2 6],24,146,163,122,146
1,<environment.Job instance at 0x7fb8d5e89640>,61,3,[2 5],90,163,166,73,155
1,<environment.Job instance at 0x7fb8d5e89af0>,62,17,[8 2],94,168,185,74,157
1,<environment.Job instance at 0x7fb89080a6e0>,64,12,[9 2],97,185,197,88,168
1,<environment.Job instance at 0x7fb89080ae60>,66,2,[5 2],99,197,199,98,174
1,<environment.Job instance at 0x7fb890456050>,0,2,[2 9],1,1,3,0,1
1,<environment.Job instance at 0x7fb8904565f0>,3,27,[ 5 10],4,10,37,6,10
1,<environment.Job instance at 0x7fb8d6496af0>,16,18,[1 9],27,37,55,10,36
1,<environment.Job instance at 0x7fb8906a7a00>,20,15,[10  5],32,55,70,23,46
1,<environment.Job instance at 0x7fb8d649f960>,26,19,[5 3],38,70,89,32,60
1,<environment.Job instance at 0x7fb8d64a22d0>,33,18,[5 1],47,70,88,23,68
1,<environment.Job instance at 0x7fb8d64a2280>,35,12,[6 5],49,89,101,40,72
1,<environment.Job instance at 0x7fb8d64abd70>,46,13,[2 5],67,88,101,21,86
1,<environment.Job instance at 0x7fb8d64ab550>,48,13,[6 2],69,101,114,32,90
1,<environment.Job instance at 0x7fb8d64aac80>,50,1,[5 4],73,114,115,41,90
1,<environment.Job instance at 0x7fb8d6488e10>,52,18,[1 6],75,101,119,26,90
1,<environment.Job instance at 0x7fb8d64a2dc0>,30,18,[2 6],44,119,137,75,108
1,<environment.Job instance at 0x7fb8d5e48c80>,59,13,[6 5],83,137,150,54,121
1,<environment.Job instance at 0x7fb8d64b8b40>,67,12,[9 4],93,150,162,57,135
1,<environment.Job instance at 0x7fb8d64b8410>,69,14,[1 9],96,162,176,66,148
1,<environment.Job instance at 0x7fb8d6494640>,72,13,[1 5],100,176,189,76,160
1,<environment.Job instance at 0x7fb8d649f140>,25,18,[5 5],37,176,194,139,173
1,<environment.Job instance at 0x7fb890681910>,79,3,[5 9],110,194,197,84,179
1,<environment.Job instance at 0x7fb8906fd230>,1,26,[6 3],5,5,31,0,5
1,<environment.Job instance at 0x7fb8d5f15320>,9,21,[3 5],19,19,40,0,19
1,<environment.Job instance at 0x7fb8d5f15c30>,15,15,[4 9],27,44,59,17,44
1,<environment.Job instance at 0x7fb8dad32b40>,30,3,[7 3],46,59,62,13,46
1,<environment.Job instance at 0x7fb8d6422500>,20,18,[5 9],34,62,80,28,51
1,<environment.Job instance at 0x7fb8dad5de60>,40,13,[3 6],60,80,93,20,66
1,<environment.Job instance at 0x7fb8dad5d5f0>,41,19,[4 5],61,93,112,32,83
1,<environment.Job instance at 0x7fb8dadb6500>,52,18,[9 1],74,112,130,38,101
1,<environment.Job instance at 0x7fb8dad5db90>,44,13,[7 4],64,130,143,66,120
1,<environment.Job instance at 0x7fb8dadb64b0>,55,14,[4 7],77,143,157,66,130
1,<environment.Job instance at 0x7fb8da959780>,64,14,[1 7],89,157,171,68,142
1,<environment.Job instance at 0x7fb8dadcd0f0>,66,2,[8 1],93,157,159,64,142
1,<environment.Job instance at 0x7fb8da959050>,68,14,[8 1],95,159,173,64,144
1,<environment.Job instance at 0x7fb8daccd6e0>,72,17,[5 8],99,173,190,74,161
1,<environment.Job instance at 0x7fb8dad32370>,33,12,[10  5],52,190,202,138,176
1,<environment.Job instance at 0x7fb8daf88320>,79,3,[6 3],111,202,205,91,176
1,<environment.Job instance at 0x7fb8d60bf870>,1,1,[5 3],2,2,3,0,2
1,<environment.Job instance at 0x7fb8d612f370>,7,17,[ 3 10],10,10,27,0,10
1,<environment.Job instance at 0x7fb8d612f140>,12,18,[1 7],16,27,45,11,18
1,<environment.Job instance at 0x7fb8d6286140>,16,13,[5 3],22,35,48,13,35
1,<environment.Job instance at 0x7fb8905480f0>,22,3,[3 8],30,48,51,18,43
1,<environment.Job instance at 0x7fb890548910>,24,16,[ 3 10],33,52,68,19,52
1,<environment.Job instance at 0x7fb8906980f0>,26,13,[ 3 10],35,68,81,33,52
1,<environment.Job instance at 0x7fb8907ce690>,29,1,[1 5],39,81,82,42,54
1,<environment.Job instance at 0x7fb8d606e280>,33,2,[3 6],44,82,84,38,55
1,<environment.Job instance at 0x7fb8d606e2d0>,32,12,[ 1 10],43,84,96,41,69
1,<environment.Job instance at 0x7fb8904d3960>,42,1,[6 5],55,96,97,41,88
1,<environment.Job instance at 0x7fb8d63acb90>,21,22,[ 4 10],28,97,119,69,90
1,<environment.Job instance at 0x7fb8da87ae60>,47,14,[3 5],60,119,133,59,106
1,<environment.Job instance at 0x7fb890802320>,51,14,[2 8],64,133,147,69,119
1,<environment.Job instance at 0x7fb8904d35a0>,40,27,[6 1],52,133,160,81,133
1,<environment.Job instance at 0x7fb8904c9be0>,65,13,[6 5],79,160,173,81,151
1,<environment.Job instance at 0x7fb890964cd0>,73,3,[3 7],93,173,176,80,173
1,<environment.Job instance at 0x7fb890964230>,2,14,[5 8],3,3,17,0,3
1,<environment.Job instance at 0x7fb890428c80>,5,12,[5 6],6,17,29,11,6
1,<environment.Job instance at 0x7fb890428a50>,8,13,[7 1],11,29,42,18,15
1,<environment.Job instance at 0x7fb890428f00>,9,2,[5 4],12,24,26,12,24
1,<environment.Job instance at 0x7fb89043caf0>,19,18,[1 5],23,29,47,6,24
1,<environment.Job instance at 0x7fb89043c690>,21,12,[6 3],25,42,54,17,25
1,<environment.Job instance at 0x7fb89042b190>,27,17,[9 4],34,54,71,20,42
1,<environment.Job instance at 0x7fb89042bd20>,36,18,[ 4 10],45,71,89,26,61
1,<environment.Job instance at 0x7fb89043c5a0>,14,12,[7 4],18,89,101,71,77
1,<environment.Job instance at 0x7fb89042bfa0>,39,1,[2 6],48,89,90,41,82
1,<environment.Job instance at 0x7fb8904314b0>,42,13,[2 6],58,90,103,32,83
1,<environment.Job instance at 0x7fb890431730>,44,17,[9 3],62,103,120,41,91
1,<environment.Job instance at 0x7fb8904316e0>,48,16,[4 7],67,120,136,53,116
1,<environment.Job instance at 0x7fb890431c30>,52,16,[4 9],72,136,152,64,129
1,<environment.Job instance at 0x7fb890431460>,43,24,[7 4],60,152,176,92,149
1,<environment.Job instance at 0x7fb8904386e0>,64,14,[6 3],91,176,190,85,162
1,<environment.Job instance at 0x7fb8904389b0>,66,27,[1 6],94,166,193,72,166
1,<environment.Job instance at 0x7fb890438820>,0,17,[3 5],1,1,18,0,1
1,<environment.Job instance at 0x7fb89083d050>,11,14,[7 2],16,16,30,0,16
1,<environment.Job instance at 0x7fb89083df00>,12,18,[1 9],17,30,48,13,21
1,<environment.Job instance at 0x7fb8da8dc0a0>,30,2,[7 4],44,48,50,4,44
1,<environment.Job instance at 0x7fb8d6147dc0>,31,15,[ 2 10],45,50,65,5,45
1,<environment.Job instance at 0x7fb89094f230>,29,3,[3 6],41,65,68,24,54
1,<environment.Job instance at 0x7fb8d6147910>,33,18,[4 7],48,68,86,20,57
1,<environment.Job instance at 0x7fb8db1a8e60>,46,18,[7 5],66,86,104,20,75
1,<environment.Job instance at 0x7fb8daaeb230>,47,15,[2 6],67,104,119,37,90
1,<environment.Job instance at 0x7fb8db47bc80>,58,3,[9 2],82,119,122,37,102
1,<environment.Job instance at 0x7fb8db47b780>,59,18,[5 5],83,122,140,39,111
1,<environment.Job instance at 0x7fb8daaeb460>,54,13,[ 3 10],77,140,153,63,126
1,<environment.Job instance at 0x7fb8907d24b0>,81,12,[6 2],117,166,178,49,166
1,<environment.Job instance at 0x7fb8907d27d0>,82,16,[4 6],118,167,183,49,167
1,<environment.Job instance at 0x7fb8da880140>,87,15,[1 6],123,183,198,60,171
1,<environment.Job instance at 0x7fb8d60e59b0>,1,17,[8 4],3,3,20,0,3
1,<environment.Job instance at 0x7fb8d6151780>,18,23,[9 4],28,33,56,5,33
1,<environment.Job instance at 0x7fb89083a5f0>,15,14,[10  3],25,56,70,31,47
1,<environment.Job instance at 0x7fb89042af50>,28,13,[3 5],41,70,83,29,59
1,<environment.Job instance at 0x7fb89094f410>,31,18,[5 1],45,70,88,25,59
1,<environment.Job instance at 0x7fb89094ff50>,39,18,[3 9],55,83,101,28,77
1,<environment.Job instance at 0x7fb8d61f4370>,46,13,[5 4],69,101,114,32,96
1,<environment.Job instance at 0x7fb8d61f4a00>,47,12,[1 7],70,114,126,44,101
1,<environment.Job instance at 0x7fb89094f7d0>,33,13,[4 6],47,101,114,54,101
1,<environment.Job instance at 0x7fb8d6560820>,50,12,[1 6],75,126,138,51,114
1,<environment.Job instance at 0x7fb890a079b0>,56,16,[5 4],89,126,142,37,123
1,<environment.Job instance at 0x7fb8d601da50>,26,15,[7 3],39,142,157,103,129
1,<environment.Job instance at 0x7fb89080fb40>,59,16,[4 8],94,157,173,63,144
1,<environment.Job instance at 0x7fb8908d9b90>,62,26,[6 2],97,160,186,63,160
1,<environment.Job instance at 0x7fb8d608b320>,13,18,[7 1],22,186,204,164,177
1,<environment.Job instance at 0x7fb8d60a0870>,1,2,[5 6],2,2,4,0,2
1,<environment.Job instance at 0x7fb8d5ee61e0>,10,2,[3 7],11,11,13,0,11
1,<environment.Job instance at 0x7fb8d5ee6550>,11,2,[ 3 10],12,13,15,1,12
1,<environment.Job instance at 0x7fb8d5ee6230>,7,13,[4 5],8,15,28,7,12
1,<environment.Job instance at 0x7fb8d5ee64b0>,12,14,[9 5],13,28,42,15,16
1,<environment.Job instance at 0x7fb8d5ee6dc0>,19,13,[2 9],22,42,55,20,30
1,<environment.Job instance at 0x7fb8d5eeb5a0>,26,12,[2 6],34,55,67,21,43
1,<environment.Job instance at 0x7fb8d5eeb730>,28,13,[6 3],36,59,72,23,59
1,<environment.Job instance at 0x7fb8d5eeb3c0>,29,16,[5 9],37,72,88,35,59
1,<environment.Job instance at 0x7fb8d5eeb9b0>,31,2,[1 5],40,67,69,27,60
1,<environment.Job instance at 0x7fb8d5eebe60>,35,12,[7 5],45,88,100,43,71
1,<environment.Job instance at 0x7fb8d5eebb90>,38,2,[4 5],49,100,102,51,77
1,<environment.Job instance at 0x7fb8d5eebcd0>,39,2,[3 7],50,102,104,52,77
1,<environment.Job instance at 0x7fb8d5ed25a0>,42,1,[6 3],60,100,101,40,80
1,<environment.Job instance at 0x7fb8d5ed2690>,44,13,[1 8],65,104,117,39,89
1,<environment.Job instance at 0x7fb8d5ed27d0>,47,14,[5 5],68,117,131,49,102
1,<environment.Job instance at 0x7fb8d5ed2cd0>,50,18,[6 3],74,131,149,57,120
1,<environment.Job instance at 0x7fb8d5ec1320>,53,16,[5 4],79,149,165,70,136
1,<environment.Job instance at 0x7fb8d5ec10f0>,57,2,[8 3],83,165,167,82,148
1,<environment.Job instance at 0x7fb8d5ec1690>,58,16,[5 2],86,167,183,81,154
1,<environment.Job instance at 0x7fb8d5ee66e0>,14,16,[3 8],15,167,183,152,154
1,<environment.Job instance at 0x7fb8d5ec1f00>,66,14,[9 2],96,183,197,87,171
1,<environment.Job instance at 0x7fb8d5ecf2d0>,71,2,[2 9],103,197,199,94,177
1,<environment.Job instance at 0x7fb8d604d5a0>,0,14,[2 9],1,1,15,0,1
1,<environment.Job instance at 0x7fb8d5ecf410>,2,3,[1 9],4,15,18,11,4
1,<environment.Job instance at 0x7fb890218370>,3,17,[5 5],5,18,35,13,6
1,<environment.Job instance at 0x7fb8d624fb40>,21,15,[ 3 10],36,41,56,5,41
1,<environment.Job instance at 0x7fb8d624f460>,18,1,[7 1],29,56,57,27,42
1,<environment.Job instance at 0x7fb8d624fbe0>,24,14,[2 9],39,56,70,17,45
1,<environment.Job instance at 0x7fb89012c4b0>,34,18,[2 6],51,70,88,19,59
1,<environment.Job instance at 0x7fb890218e10>,9,22,[8 4],13,70,92,57,68
1,<environment.Job instance at 0x7fb890837320>,40,12,[8 2],62,92,104,30,77
1,<environment.Job instance at 0x7fb890837eb0>,37,15,[7 4],59,104,119,45,91
1,<environment.Job instance at 0x7fb8dae9d500>,47,12,[1 6],69,94,106,25,94
1,<environment.Job instance at 0x7fb8d64db7d0>,55,15,[8 4],83,119,134,36,116
1,<environment.Job instance at 0x7fb8d64dbc80>,60,1,[3 7],89,134,135,45,134
1,<environment.Job instance at 0x7fb8d5f24640>,65,14,[5 3],96,137,151,41,137
1,<environment.Job instance at 0x7fb8d5f24410>,66,13,[5 6],97,137,150,40,137
1,<environment.Job instance at 0x7fb8daf7cf00>,67,14,[1 6],99,150,164,51,139
1,<environment.Job instance at 0x7fb8d5f284b0>,71,13,[3 6],103,164,177,61,150
1,<environment.Job instance at 0x7fb8dc532f00>,49,18,[6 4],73,172,190,99,172
1,<environment.Job instance at 0x7fb8d5f28190>,76,14,[3 5],110,179,193,69,179
1,<environment.Job instance at 0x7fb8dae941e0>,0,15,[10  3],1,1,16,0,1
1,<environment.Job instance at 0x7fb8909eb0a0>,11,2,[1 5],15,16,18,1,15
1,<environment.Job instance at 0x7fb8909eb5a0>,12,1,[5 2],16,16,17,0,16
1,<environment.Job instance at 0x7fb8909eb320>,13,2,[1 5],18,18,20,0,18
1,<environment.Job instance at 0x7fb8909eb500>,14,16,[3 5],19,19,35,0,19
1,<environment.Job instance at 0x7fb8dad11aa0>,23,14,[1 9],30,40,54,10,40
1,<environment.Job instance at 0x7fb8dad11eb0>,20,18,[5 8],27,56,74,29,56
1,<environment.Job instance at 0x7fb8daaee460>,32,14,[ 2 10],47,74,88,27,63
1,<environment.Job instance at 0x7fb890427d70>,41,12,[7 4],61,88,100,27,71
1,<environment.Job instance at 0x7fb8905140f0>,47,23,[1 6],68,89,112,21,89
1,<environment.Job instance at 0x7fb890514e10>,55,20,[5 9],78,112,132,34,104
1,<environment.Job instance at 0x7fb8dad11320>,30,14,[7 5],44,132,146,88,119
1,<environment.Job instance at 0x7fb8909ec960>,70,20,[5 8],100,146,166,46,141
1,<environment.Job instance at 0x7fb8dae1c3c0>,78,1,[7 2],110,166,167,56,165
1,<environment.Job instance at 0x7fb8dae1cbe0>,80,2,[9 1],112,173,175,61,173
1,<environment.Job instance at 0x7fb8dad11f00>,31,21,[1 8],46,173,194,127,173
1,<environment.Job instance at 0x7fb8d6455690>,84,2,[8 3],120,194,196,74,176
1,<environment.Job instance at 0x7fb8d6455d20>,1,16,[5 5],3,3,19,0,3
1,<environment.Job instance at 0x7fb8d5ec3d70>,2,18,[5 4],5,5,23,0,5
1,<environment.Job instance at 0x7fb8909cd960>,10,18,[6 1],14,23,41,9,18
1,<environment.Job instance at 0x7fb8909cdb90>,12,13,[9 1],17,41,54,24,27
1,<environment.Job instance at 0x7fb8909b9050>,20,14,[1 9],28,41,55,13,41
1,<environment.Job instance at 0x7fb890995b90>,22,17,[10  3],30,55,72,25,43
1,<environment.Job instance at 0x7fb89006f820>,28,14,[6 3],36,72,86,36,57
1,<environment.Job instance at 0x7fb8daeaba00>,38,15,[8 2],49,86,101,37,72
1,<environment.Job instance at 0x7fb8906bc5a0>,34,12,[7 1],45,101,113,56,85
1,<environment.Job instance at 0x7fb8d65210f0>,43,13,[3 8],55,101,114,46,86
1,<environment.Job instance at 0x7fb8d64ea410>,57,14,[7 4],74,114,128,40,100
1,<environment.Job instance at 0x7fb8d651f0f0>,61,13,[7 3],79,128,141,49,115
1,<environment.Job instance at 0x7fb8d64cef00>,66,17,[10  3],89,141,158,52,129
1,<environment.Job instance at 0x7fb89006f410>,29,17,[5 6],38,158,175,120,151
1,<environment.Job instance at 0x7fb8da8deaa0>,77,15,[9 5],103,175,190,72,161
1,<environment.Job instance at 0x7fb8d5e8d410>,1,16,[ 5 10],3,3,19,0,3
1,<environment.Job instance at 0x7fb8d64fab90>,2,13,[1 6],4,19,32,15,4
1,<environment.Job instance at 0x7fb8d5f8cdc0>,5,19,[7 3],7,19,38,12,17
1,<environment.Job instance at 0x7fb89034adc0>,18,14,[5 9],26,45,59,19,45
1,<environment.Job instance at 0x7fb8902549b0>,31,13,[3 6],40,59,72,19,52
1,<environment.Job instance at 0x7fb8902543c0>,33,3,[9 1],45,72,75,27,66
1,<environment.Job instance at 0x7fb890254be0>,34,23,[9 5],47,75,98,28,69
1,<environment.Job instance at 0x7fb890254280>,32,17,[7 2],41,98,115,57,86
1,<environment.Job instance at 0x7fb8900e2730>,21,18,[10  3],29,115,133,86,104
1,<environment.Job instance at 0x7fb8d64fb050>,52,14,[3 7],70,133,147,63,120
1,<environment.Job instance at 0x7fb89017ad70>,58,14,[6 1],80,148,162,68,148
1,<environment.Job instance at 0x7fb8d652f2d0>,42,26,[9 3],57,162,188,105,159
1,<environment.Job instance at 0x7fb8d64fe370>,67,15,[4 8],97,188,203,91,174
1,<environment.Job instance at 0x7fb8d5e7f870>,0,14,[4 7],3,3,17,0,3
1,<environment.Job instance at 0x7fb890484a00>,4,12,[4 8],12,17,29,5,16
1,<environment.Job instance at 0x7fb8904841e0>,7,2,[6 1],17,17,19,0,17
1,<environment.Job instance at 0x7fb890484d20>,8,2,[2 5],19,29,31,10,19
1,<environment.Job instance at 0x7fb890484d70>,9,13,[1 5],20,29,42,9,20
1,<environment.Job instance at 0x7fb8d5df4dc0>,16,15,[3 9],30,42,57,12,30
1,<environment.Job instance at 0x7fb8d5df4aa0>,22,14,[5 9],38,57,71,19,42
1,<environment.Job instance at 0x7fb890136370>,25,15,[ 1 10],41,71,86,30,58
1,<environment.Job instance at 0x7fb890136730>,34,17,[ 5 10],55,86,103,31,74
1,<environment.Job instance at 0x7fb8901362d0>,26,15,[7 5],42,110,125,68,110
1,<environment.Job instance at 0x7fb89012a2d0>,50,17,[2 7],80,125,142,45,114
1,<environment.Job instance at 0x7fb88ffd3f50>,54,15,[5 1],91,127,142,36,127
1,<environment.Job instance at 0x7fb89012a820>,45,13,[ 3 10],71,142,155,71,127
1,<environment.Job instance at 0x7fb88ffd3410>,59,17,[4 6],98,155,172,57,143
1,<environment.Job instance at 0x7fb88ffd3500>,70,3,[5 9],111,172,175,61,159
1,<environment.Job instance at 0x7fb890049be0>,71,1,[ 4 10],113,175,176,62,160
1,<environment.Job instance at 0x7fb88ffd3550>,69,13,[5 3],110,176,189,66,160
1,<environment.Job instance at 0x7fb890049eb0>,72,16,[3 6],115,176,192,61,163
1,<environment.Job instance at 0x7fb890135140>,75,2,[10  3],118,192,194,74,166
1,<environment.Job instance at 0x7fb8d6374460>,0,18,[5 3],1,1,19,0,1
1,<environment.Job instance at 0x7fb8901ef050>,16,20,[1 5],26,34,54,8,34
1,<environment.Job instance at 0x7fb8901efeb0>,19,13,[4 7],29,54,67,25,40
1,<environment.Job instance at 0x7fb8d63bb050>,26,13,[3 6],38,67,80,29,55
1,<environment.Job instance at 0x7fb8901ef8c0>,17,27,[6 3],27,62,89,35,62
1,<environment.Job instance at 0x7fb890765640>,35,14,[3 8],52,89,103,37,79
1,<environment.Job instance at 0x7fb890839aa0>,45,1,[2 5],65,85,86,20,85
1,<environment.Job instance at 0x7fb890839410>,46,18,[6 1],66,89,107,23,88
1,<environment.Job instance at 0x7fb89082a0a0>,48,17,[5 7],72,107,124,35,95
1,<environment.Job instance at 0x7fb89082a3c0>,49,1,[8 2],74,124,125,50,96
1,<environment.Job instance at 0x7fb89082a640>,54,16,[ 1 10],82,125,141,43,113
1,<environment.Job instance at 0x7fb8d5db6410>,59,13,[5 3],90,141,154,51,127
1,<environment.Job instance at 0x7fb8d5dcd370>,65,15,[7 3],97,154,169,57,140
1,<environment.Job instance at 0x7fb8d5dc67d0>,75,15,[10  4],112,169,184,57,160
1,<environment.Job instance at 0x7fb8d5fbffa0>,84,16,[6 5],125,184,200,59,175
1,<environment.Job instance at 0x7fb8da9b2a50>,1,12,[7 1],4,4,16,0,4
1,<environment.Job instance at 0x7fb890438550>,3,23,[6 2],6,16,39,10,10
1,<environment.Job instance at 0x7fb8909f7d20>,15,13,[6 5],20,39,52,19,23
1,<environment.Job instance at 0x7fb890692320>,22,15,[10  3],29,52,67,23,39
1,<environment.Job instance at 0x7fb8da87a780>,19,13,[9 3],25,67,80,42,61
1,<environment.Job instance at 0x7fb8dae3a4b0>,29,12,[8 4],38,80,92,42,68
1,<environment.Job instance at 0x7fb8daba1fa0>,31,18,[3 5],40,92,110,52,81
1,<environment.Job instance at 0x7fb8d60843c0>,37,14,[10  1],47,110,124,63,95
1,<environment.Job instance at 0x7fb8d6084320>,34,13,[7 3],43,95,108,52,95
1,<environment.Job instance at 0x7fb8d60840a0>,40,17,[7 2],51,124,141,73,117
1,<environment.Job instance at 0x7fb8dae805f0>,50,17,[10  3],67,141,158,74,129
1,<environment.Job instance at 0x7fb8dae807d0>,47,16,[10  2],61,158,174,97,145
1,<environment.Job instance at 0x7fb8902034b0>,69,12,[9 5],94,174,186,80,162
1,<environment.Job instance at 0x7fb8902035a0>,70,17,[4 5],97,186,203,89,175
1,<environment.Job instance at 0x7fb8d6285b90>,0,12,[6 3],1,1,13,0,1
1,<environment.Job instance at 0x7fb8da8e9960>,5,16,[5 5],8,13,29,5,13
1,<environment.Job instance at 0x7fb8da8e9820>,9,17,[6 2],14,29,46,15,19
1,<environment.Job instance at 0x7fb8da940730>,18,1,[10  3],24,46,47,22,24
1,<environment.Job instance at 0x7fb8da9b5aa0>,22,16,[1 9],29,47,63,18,34
1,<environment.Job instance at 0x7fb8da9b5d70>,21,18,[5 8],28,63,81,35,52
1,<environment.Job instance at 0x7fb8da9b5a50>,30,12,[5 1],40,61,73,21,61
1,<environment.Job instance at 0x7fb8d6144cd0>,33,16,[2 5],44,81,97,37,68
1,<environment.Job instance at 0x7fb8d61441e0>,36,13,[8 4],47,81,94,34,80
1,<environment.Job instance at 0x7fb8902e8e60>,40,17,[7 4],54,94,111,40,82
1,<environment.Job instance at 0x7fb8da9b5550>,26,18,[5 5],34,111,129,77,100
1,<environment.Job instance at 0x7fb8902e8370>,43,24,[3 7],60,129,153,69,125
1,<environment.Job instance at 0x7fb890758690>,55,13,[2 9],76,153,166,77,137
1,<environment.Job instance at 0x7fb8d5ef2500>,46,14,[1 7],64,166,180,102,161
1,<environment.Job instance at 0x7fb8903d3b90>,67,16,[2 5],93,180,196,87,171
1,<environment.Job instance at 0x7fb8d61f0dc0>,22,17,[10  1],31,52,69,21,52
1,<environment.Job instance at 0x7fb8d61f0eb0>,21,13,[ 1 10],30,69,82,39,59
1,<environment.Job instance at 0x7fb8d5f18a00>,17,16,[5 8],25,82,98,57,75
1,<environment.Job instance at 0x7fb890916f00>,34,3,[1 7],48,98,101,50,85
1,<environment.Job instance at 0x7fb8daaf30a0>,41,2,[5 9],58,101,103,43,86
1,<environment.Job instance at 0x7fb8daaf35f0>,42,12,[5 5],59,103,115,44,86
1,<environment.Job instance at 0x7fb890916d70>,24,1,[1 7],33,115,116,82,101
1,<environment.Job instance at 0x7fb8daaf3f00>,37,17,[ 2 10],51,116,133,65,108
1,<environment.Job instance at 0x7fb8daaf3500>,38,15,[2 7],53,133,148,80,125
1,<environment.Job instance at 0x7fb8dacd2cd0>,57,14,[4 8],83,148,162,65,135
1,<environment.Job instance at 0x7fb8dac04140>,45,13,[4 7],63,162,175,99,151
1,<environment.Job instance at 0x7fb8d61c3050>,63,16,[1 9],91,175,191,84,164
1,<environment.Job instance at 0x7fb89036be10>,69,22,[6 1],100,167,189,67,167
1,<environment.Job instance at 0x7f6b4f898050>,2,22,[4 8],3,3,25,0,3
1,<environment.Job instance at 0x7f6b484887d0>,9,18,[3 9],15,25,43,10,15
1,<environment.Job instance at 0x7f6b48488dc0>,17,14,[3 5],29,43,57,14,29
1,<environment.Job instance at 0x7f6b48489d70>,27,17,[1 6],44,57,74,13,54
1,<environment.Job instance at 0x7f6b4848c500>,34,13,[2 8],57,74,87,17,58
1,<environment.Job instance at 0x7f6b4848c960>,37,13,[9 5],61,87,100,26,83
1,<environment.Job instance at 0x7f6b4848c230>,32,14,[8 4],55,100,114,45,87
1,<environment.Job instance at 0x7f6b4848fc30>,55,23,[1 5],91,98,121,7,98
1,<environment.Job instance at 0x7f6b4848f7d0>,50,16,[4 7],84,121,137,37,111
1,<environment.Job instance at 0x7f6b48492780>,67,16,[6 3],105,144,160,39,144
1,<environment.Job instance at 0x7f6b48489230>,21,27,[1 6],33,155,182,122,155
1,<environment.Job instance at 0x7f6b48492aa0>,70,2,[4 8],109,182,184,73,159
1,<environment.Job instance at 0x7f6b48492870>,74,17,[2 7],115,184,201,69,172
1,<environment.Job instance at 0x7f6b484945f0>,81,17,[ 3 10],123,201,218,78,189
1,<environment.Job instance at 0x7f6b484897d0>,0,15,[2 6],2,2,17,0,2
1,<environment.Job instance at 0x7f6b4fa0e320>,6,1,[2 7],10,17,18,7,10
1,<environment.Job instance at 0x7f6b4fa0e3c0>,10,2,[ 1 10],14,18,20,4,14
1,<environment.Job instance at 0x7f6b4fa052d0>,15,14,[4 7],19,20,34,1,19
1,<environment.Job instance at 0x7f6b4fa0e690>,9,2,[6 4],13,34,36,21,20
1,<environment.Job instance at 0x7f6b4fa05500>,16,15,[2 7],23,36,51,13,23
1,<environment.Job instance at 0x7f6b4f8c0370>,25,3,[3 7],35,51,54,16,39
1,<environment.Job instance at 0x7f6b4f8c0e60>,24,15,[1 7],34,54,69,20,41
1,<environment.Job instance at 0x7f6b4f8bf6e0>,32,14,[3 6],42,69,83,27,54
1,<environment.Job instance at 0x7f6b4f8c0e10>,26,15,[5 2],36,58,73,22,58
1,<environment.Job instance at 0x7f6b4f8bf0f0>,31,19,[6 4],41,73,92,32,69
1,<environment.Job instance at 0x7f6b4fa125a0>,46,2,[8 5],62,92,94,30,79
1,<environment.Job instance at 0x7f6b4fa122d0>,47,15,[1 5],63,83,98,20,82
1,<environment.Job instance at 0x7f6b4fa12640>,54,13,[2 8],73,98,111,25,84
1,<environment.Job instance at 0x7f6b0473d460>,65,3,[ 5 10],89,111,114,22,103
1,<environment.Job instance at 0x7f6b0478d8c0>,63,13,[9 3],87,114,127,27,110
1,<environment.Job instance at 0x7f6b0473da00>,66,15,[6 5],90,127,142,37,113
1,<environment.Job instance at 0x7f6b0483b500>,69,17,[ 2 10],94,142,159,48,138
1,<environment.Job instance at 0x7f6b0479ef50>,77,3,[5 5],104,159,162,55,158
1,<environment.Job instance at 0x7f6b04808280>,80,18,[6 2],108,162,180,54,158
1,<environment.Job instance at 0x7f6b04808f00>,81,20,[2 5],111,159,179,48,159
1,<environment.Job instance at 0x7f6b047922d0>,83,1,[8 5],114,183,184,69,183
1,<environment.Job instance at 0x7f6b047920f0>,84,2,[10  1],115,184,186,69,184
1,<environment.Job instance at 0x7f6b04792050>,87,2,[10  5],119,189,191,70,189
1,<environment.Job instance at 0x7f6b047928c0>,88,13,[6 3],120,191,204,71,189
1,<environment.Job instance at 0x7f6b046d9690>,0,18,[9 4],2,4,22,2,4
1,<environment.Job instance at 0x7f6b04826320>,9,21,[5 7],15,22,43,7,18
1,<environment.Job instance at 0x7f6b047386e0>,15,13,[5 2],24,24,37,0,24
1,<environment.Job instance at 0x7f6b489a6c30>,16,12,[9 1],26,43,55,17,26
1,<environment.Job instance at 0x7f6b48253960>,18,1,[ 1 10],31,55,56,24,31
1,<environment.Job instance at 0x7f6b48932410>,24,12,[6 2],40,56,68,16,44
1,<environment.Job instance at 0x7f6b481efd70>,20,17,[3 6],33,56,73,23,54
1,<environment.Job instance at 0x7f6b046d9be0>,1,17,[2 5],4,73,90,69,66
1,<environment.Job instance at 0x7f6b047a02d0>,36,15,[2 7],58,101,116,43,101
1,<environment.Job instance at 0x7f6b047a0f50>,40,17,[2 8],65,116,133,51,110
1,<environment.Job instance at 0x7f6b047a0e60>,44,23,[10  2],69,133,156,64,128
1,<environment.Job instance at 0x7f6b04808640>,57,3,[4 9],87,189,192,102,189
1,<environment.Job instance at 0x7f6b48692640>,58,3,[5 6],90,192,195,102,189
1,<environment.Job instance at 0x7f6b4892ed20>,59,1,[7 1],91,195,196,104,189
1,<environment.Job instance at 0x7f6b048bfdc0>,5,17,[5 6],9,9,26,0,9
1,<environment.Job instance at 0x7f6b04c198c0>,7,13,[4 6],12,26,39,14,14
1,<environment.Job instance at 0x7f6b04865f50>,16,1,[2 9],27,39,40,12,27
1,<environment.Job instance at 0x7f6b04bfaa00>,17,16,[1 5],30,40,56,10,30
1,<environment.Job instance at 0x7f6b04729460>,21,1,[9 2],34,40,41,6,34
1,<environment.Job instance at 0x7f6b04865870>,10,16,[1 9],18,56,72,38,44
1,<environment.Job instance at 0x7f6b4fa0b0a0>,30,14,[6 1],48,53,67,5,53
1,<environment.Job instance at 0x7f6b4fa0b730>,32,14,[ 1 10],51,72,86,21,58
1,<environment.Job instance at 0x7f6b04d63370>,41,17,[8 2],64,86,103,22,74
1,<environment.Job instance at 0x7f6b04c4e140>,45,2,[5 2],69,103,105,34,79
1,<environment.Job instance at 0x7f6b485f4410>,48,1,[9 5],73,105,106,32,93
1,<environment.Job instance at 0x7f6b04c4e5f0>,46,16,[6 2],70,106,122,36,103
1,<environment.Job instance at 0x7f6b4856e190>,51,13,[6 4],77,122,135,45,111
1,<environment.Job instance at 0x7f6b4858fe60>,59,16,[3 6],87,130,146,43,130
1,<environment.Job instance at 0x7f6b484ec910>,60,14,[10  5],88,146,160,58,131
1,<environment.Job instance at 0x7f6b04868e60>,71,14,[5 9],102,160,174,58,151
1,<environment.Job instance at 0x7f6b04868d70>,73,13,[10  5],107,174,187,67,161
1,<environment.Job instance at 0x7f6b04868cd0>,79,2,[2 8],116,187,189,71,176
1,<environment.Job instance at 0x7f6b04c5d730>,81,13,[5 9],118,189,202,71,176
1,<environment.Job instance at 0x7f6b048c4d20>,2,2,[4 5],3,3,5,0,3
1,<environment.Job instance at 0x7f6b04c1de60>,3,18,[2 6],4,5,23,1,5
1,<environment.Job instance at 0x7f6b04acf3c0>,5,28,[2 8],6,27,55,21,27
1,<environment.Job instance at 0x7f6b483266e0>,25,18,[1 6],35,55,73,20,44
1,<environment.Job instance at 0x7f6b48326960>,21,13,[6 2],29,46,59,17,46
1,<environment.Job instance at 0x7f6b48324730>,33,16,[4 5],44,73,89,29,61
1,<environment.Job instance at 0x7f6b483260a0>,28,21,[8 5],38,89,110,51,81
1,<environment.Job instance at 0x7f6b482efe60>,50,12,[2 6],66,110,122,44,110
1,<environment.Job instance at 0x7f6b48304870>,41,17,[5 5],54,122,139,68,110
1,<environment.Job instance at 0x7f6b482a8dc0>,53,18,[1 5],72,124,142,52,124
1,<environment.Job instance at 0x7f6b48277870>,61,17,[5 9],84,142,159,58,131
1,<environment.Job instance at 0x7f6b482724b0>,63,27,[5 1],86,143,170,57,143
1,<environment.Job instance at 0x7f6b4828af00>,70,16,[3 9],98,159,175,61,146
1,<environment.Job instance at 0x7f6b482fe280>,76,13,[2 6],105,175,188,70,162
1,<environment.Job instance at 0x7f6b04aa21e0>,83,16,[6 5],119,188,204,69,175
1,<environment.Job instance at 0x7f6b4ab3ebe0>,79,13,[3 6],113,204,217,91,188
1,<environment.Job instance at 0x7f6b04a93370>,0,14,[6 4],1,1,15,0,1
1,<environment.Job instance at 0x7f6b487457d0>,8,13,[3 6],10,12,25,2,12
1,<environment.Job instance at 0x7f6b48745690>,10,12,[3 6],12,25,37,13,18
1,<environment.Job instance at 0x7f6b48745640>,7,15,[5 2],9,20,35,11,20
1,<environment.Job instance at 0x7f6b48915780>,11,12,[9 1],13,37,49,24,26
1,<environment.Job instance at 0x7f6b487450f0>,9,19,[4 5],11,49,68,38,41
1,<environment.Job instance at 0x7f6b48915640>,25,18,[3 9],30,68,86,38,57
1,<environment.Job instance at 0x7f6b4b167460>,32,14,[1 7],39,86,100,47,71
1,<environment.Job instance at 0x7f6b4aac9e60>,36,14,[8 1],45,86,100,41,77
1,<environment.Job instance at 0x7f6b48915dc0>,23,14,[4 7],27,100,114,73,86
1,<environment.Job instance at 0x7f6b4aac9fa0>,46,2,[9 1],60,114,116,54,106
1,<environment.Job instance at 0x7f6b4aac9140>,48,14,[8 5],64,116,130,52,106
1,<environment.Job instance at 0x7f6b04d8c0a0>,52,13,[8 3],71,130,143,59,118
1,<environment.Job instance at 0x7f6b04d8cf50>,56,15,[1 8],78,143,158,65,131
1,<environment.Job instance at 0x7f6b483508c0>,58,16,[ 3 10],80,158,174,78,145
1,<environment.Job instance at 0x7f6b4aac92d0>,40,17,[5 8],49,174,191,125,165
1,<environment.Job instance at 0x7f6b4adb1370>,62,16,[5 1],87,179,195,92,179
1,<environment.Job instance at 0x7f6b04913870>,67,16,[4 6],93,191,207,98,182
1,<environment.Job instance at 0x7f6b483ef820>,3,14,[2 8],4,4,18,0,4
1,<environment.Job instance at 0x7f6b04988a50>,6,15,[10  4],7,18,33,11,11
1,<environment.Job instance at 0x7f6b0495c690>,18,16,[ 4 10],20,33,49,13,21
1,<environment.Job instance at 0x7f6b485be780>,26,13,[7 4],35,49,62,14,36
1,<environment.Job instance at 0x7f6b484ab050>,38,14,[7 2],62,62,76,0,62
1,<environment.Job instance at 0x7f6b4860abe0>,43,3,[1 6],68,68,71,0,68
1,<environment.Job instance at 0x7f6b4afe96e0>,36,16,[7 4],58,76,92,18,70
1,<environment.Job instance at 0x7f6b4b079a50>,53,12,[5 5],84,92,104,8,84
1,<environment.Job instance at 0x7f6b4b102aa0>,56,15,[1 7],88,104,119,16,90
1,<environment.Job instance at 0x7f6b4b1029b0>,58,25,[ 5 10],96,119,144,23,119
1,<environment.Job instance at 0x7f6b482e2f00>,76,3,[1 8],119,144,147,25,129
1,<environment.Job instance at 0x7f6b48255730>,80,14,[5 8],123,147,161,24,132
1,<environment.Job instance at 0x7f6b486d32d0>,83,12,[5 6],126,161,173,35,147
1,<environment.Job instance at 0x7f6b485ec6e0>,88,18,[4 8],134,173,191,39,162
1,<environment.Job instance at 0x7f6b4ad27a00>,66,16,[3 5],107,191,207,84,183
1,<environment.Job instance at 0x7f6b4ad973c0>,0,16,[4 9],2,2,18,0,2
1,<environment.Job instance at 0x7f6b4af5a2d0>,23,20,[7 2],39,57,77,18,57
1,<environment.Job instance at 0x7f6b4af5a550>,26,17,[ 4 10],42,77,94,35,66
1,<environment.Job instance at 0x7f6b4af5aeb0>,36,14,[5 2],53,94,108,41,79
1,<environment.Job instance at 0x7f6b4af780a0>,40,15,[ 4 10],58,108,123,50,94
1,<environment.Job instance at 0x7f6b4af78640>,49,13,[10  1],71,123,136,52,108
1,<environment.Job instance at 0x7f6b4af5a5a0>,27,14,[5 3],43,136,150,93,123
1,<environment.Job instance at 0x7f6b4af66910>,63,2,[9 2],97,150,152,53,139
1,<environment.Job instance at 0x7f6b4af5a690>,29,13,[3 8],45,152,165,107,141
1,<environment.Job instance at 0x7f6b4af66b40>,65,1,[8 1],99,165,166,66,147
1,<environment.Job instance at 0x7f6b4af66d20>,68,1,[4 7],102,149,150,47,149
1,<environment.Job instance at 0x7f6b4af66dc0>,69,3,[5 6],103,166,169,63,150
1,<environment.Job instance at 0x7f6b4af66c30>,64,14,[ 3 10],98,169,183,71,154
1,<environment.Job instance at 0x7f6b04675960>,79,2,[6 1],117,162,164,45,162
1,<environment.Job instance at 0x7f6b04675a50>,80,2,[9 2],118,183,185,65,162
1,<environment.Job instance at 0x7f6b046755a0>,81,1,[10  4],121,185,186,64,162
1,<environment.Job instance at 0x7f6b04675aa0>,82,3,[3 8],123,186,189,63,162
1,<environment.Job instance at 0x7f6b04675dc0>,83,3,[7 3],124,189,192,65,163
1,<environment.Job instance at 0x7f6b04675b40>,86,18,[1 9],127,192,210,65,182
1,<environment.Job instance at 0x7f6b0468f2d0>,1,18,[5 5],3,3,21,0,3
1,<environment.Job instance at 0x7f6b04c57640>,10,18,[7 2],19,27,45,8,27
1,<environment.Job instance at 0x7f6b04c57500>,13,15,[5 1],24,45,60,21,31
1,<environment.Job instance at 0x7f6b4b166fa0>,21,13,[2 6],34,44,57,10,44
1,<environment.Job instance at 0x7f6b33c2e7d0>,29,15,[1 6],43,57,72,14,49
1,<environment.Job instance at 0x7f6b483bb2d0>,30,3,[1 9],44,72,75,28,49
1,<environment.Job instance at 0x7f6b4aa1b460>,32,17,[5 2],46,75,92,29,63
1,<environment.Job instance at 0x7f6b4aa95870>,40,17,[4 6],57,75,92,18,70
1,<environment.Job instance at 0x7f6b48997e60>,47,13,[5 8],70,92,105,22,87
1,<environment.Job instance at 0x7f6b48284b40>,48,18,[5 2],71,92,110,21,87
1,<environment.Job instance at 0x7f6b482845f0>,51,15,[7 4],74,110,125,36,101
1,<environment.Job instance at 0x7f6b483d49b0>,22,22,[8 5],35,125,147,90,120
1,<environment.Job instance at 0x7f6b48283910>,59,3,[10  4],91,147,150,56,129
1,<environment.Job instance at 0x7f6b48283370>,63,2,[3 9],97,150,152,53,133
1,<environment.Job instance at 0x7f6b48283050>,64,13,[10  5],98,152,165,54,136
1,<environment.Job instance at 0x7f6b486daaa0>,67,12,[2 8],104,165,177,61,152
1,<environment.Job instance at 0x7f6b486daaf0>,73,16,[1 9],113,177,193,64,165
1,<environment.Job instance at 0x7f6b04769230>,78,18,[7 1],122,187,205,65,187
1,<environment.Job instance at 0x7f6b04769f00>,1,16,[4 8],4,4,20,0,4
1,<environment.Job instance at 0x7f6b04baab90>,5,13,[5 1],12,12,25,0,12
1,<environment.Job instance at 0x7f6b04baa3c0>,6,18,[6 4],13,25,43,12,15
1,<environment.Job instance at 0x7f6b483f81e0>,17,12,[3 7],27,43,55,16,29
1,<environment.Job instance at 0x7f6b48327460>,24,2,[3 7],36,55,57,19,48
1,<environment.Job instance at 0x7f6b04ba3c30>,15,16,[9 3],24,57,73,33,56
1,<environment.Job instance at 0x7f6b4ac0f690>,31,18,[10  4],50,73,91,23,62
1,<environment.Job instance at 0x7f6b04712e60>,39,13,[3 8],61,91,104,30,76
1,<environment.Job instance at 0x7f6b04712fa0>,38,13,[6 3],60,104,117,44,96
1,<environment.Job instance at 0x7f6b049e7280>,49,15,[9 3],77,117,132,40,106
1,<environment.Job instance at 0x7f6b4afb1d70>,27,18,[10  4],45,132,150,87,121
1,<environment.Job instance at 0x7f6b4ac6cd70>,62,13,[5 3],91,150,163,59,140
1,<environment.Job instance at 0x7f6b485376e0>,68,1,[1 5],97,150,151,53,150
1,<environment.Job instance at 0x7f6b485370f0>,71,17,[9 4],100,163,180,63,157
1,<environment.Job instance at 0x7f6b48537780>,74,14,[9 5],103,180,194,77,165
1,<environment.Job instance at 0x7f6b4859a5f0>,81,13,[2 9],112,194,207,82,180
1,<environment.Job instance at 0x7f6b04c40690>,0,18,[3 6],2,2,20,0,2
1,<environment.Job instance at 0x7f6b047abaf0>,8,15,[9 3],11,20,35,9,11
1,<environment.Job instance at 0x7f6b047b91e0>,16,17,[10  5],22,35,52,13,31
1,<environment.Job instance at 0x7f6b047b9550>,21,12,[2 8],29,52,64,23,43
1,<environment.Job instance at 0x7f6b047b9b90>,29,3,[2 6],41,64,67,23,52
1,<environment.Job instance at 0x7f6b047cf280>,34,20,[5 2],46,59,79,13,59
1,<environment.Job instance at 0x7f6b047b9dc0>,28,16,[2 7],39,67,83,28,59
1,<environment.Job instance at 0x7f6b047cf730>,37,1,[1 7],52,83,84,31,64
1,<environment.Job instance at 0x7f6b047ba320>,44,15,[8 4],61,84,99,23,75
1,<environment.Job instance at 0x7f6b047babe0>,54,3,[9 1],75,100,103,25,100
1,<environment.Job instance at 0x7f6b047bae60>,55,2,[1 8],77,100,102,23,100
1,<environment.Job instance at 0x7f6b047bafa0>,57,3,[2 6],79,103,106,24,100
1,<environment.Job instance at 0x7f6b047a5460>,58,14,[2 9],81,106,120,25,100
1,<environment.Job instance at 0x7f6b047a5190>,60,3,[1 9],84,120,123,36,115
1,<environment.Job instance at 0x7f6b047a54b0>,61,17,[5 5],85,123,140,38,115
1,<environment.Job instance at 0x7f6b047a5870>,67,22,[8 4],93,140,162,47,137
1,<environment.Job instance at 0x7f6b0479a280>,73,16,[7 2],104,162,178,58,149
1,<environment.Job instance at 0x7f6b0479a9b0>,81,17,[9 5],118,178,195,60,166
1,<environment.Job instance at 0x7f6b04c796e0>,0,14,[5 5],1,1,15,0,1
1,<environment.Job instance at 0x7f6b04c79280>,3,24,[7 5],5,15,39,10,15
1,<environment.Job instance at 0x7f6b049cae10>,18,1,[2 5],24,26,27,2,26
1,<environment.Job instance at 0x7f6b48795eb0>,17,15,[8 4],22,39,54,17,26
1,<environment.Job instance at 0x7f6b04b981e0>,25,12,[8 3],34,54,66,20,38
1,<environment.Job instance at 0x7f6b046a3f50>,35,13,[8 2],51,66,79,15,51
1,<environment.Job instance at 0x7f6b046a30f0>,37,17,[6 5],54,79,96,25,67
1,<environment.Job instance at 0x7f6b33e37b40>,27,13,[ 4 10],37,96,109,59,81
1,<environment.Job instance at 0x7f6b046147d0>,53,16,[1 8],74,109,125,35,96
1,<environment.Job instance at 0x7f6b04614460>,57,16,[3 5],80,125,141,45,112
1,<environment.Job instance at 0x7f6b046c1460>,68,17,[5 3],93,128,145,35,128
1,<environment.Job instance at 0x7f6b046c1140>,71,15,[3 9],98,145,160,47,142
1,<environment.Job instance at 0x7f6b046c19b0>,72,3,[1 8],99,160,163,61,142
1,<environment.Job instance at 0x7f6b4ad46aa0>,73,14,[1 9],100,163,177,63,148
1,<environment.Job instance at 0x7f6b4ad46780>,76,12,[1 9],110,178,190,68,178
1,<environment.Job instance at 0x7f6b4af9fb90>,78,1,[1 8],112,190,191,78,182
1,<environment.Job instance at 0x7f6b04b980f0>,26,26,[3 7],36,191,217,155,188
1,<environment.Job instance at 0x7f6b046c4320>,0,16,[ 2 10],1,1,17,0,1
1,<environment.Job instance at 0x7f6b484abaa0>,19,17,[3 8],33,36,53,3,36
1,<environment.Job instance at 0x7f6b0462c8c0>,9,18,[1 8],14,53,71,39,43
1,<environment.Job instance at 0x7f6b04630aa0>,25,12,[5 5],40,71,83,31,68
1,<environment.Job instance at 0x7f6b046305a0>,26,2,[4 5],42,71,73,29,68
1,<environment.Job instance at 0x7f6b04630eb0>,27,12,[1 7],44,83,95,39,68
1,<environment.Job instance at 0x7f6b484abaf0>,21,17,[9 2],35,83,100,48,82
1,<environment.Job instance at 0x7f6b4aada500>,37,16,[8 5],57,100,116,43,88
1,<environment.Job instance at 0x7f6b4aadad70>,42,16,[5 5],63,116,132,53,103
1,<environment.Job instance at 0x7f6b4af840a0>,49,14,[8 5],72,132,146,60,119
1,<environment.Job instance at 0x7f6b04a58460>,53,13,[9 1],77,146,159,69,134
1,<environment.Job instance at 0x7f6b483f5b90>,58,18,[1 7],84,147,165,63,147
1,<environment.Job instance at 0x7f6b4aada320>,41,12,[9 4],62,165,177,103,158
1,<environment.Job instance at 0x7f6b483f56e0>,61,14,[1 9],88,177,191,89,162
1,<environment.Job instance at 0x7f6b04aad320>,65,16,[7 1],92,184,200,92,184
1,<environment.Job instance at 0x7f6b483f5820>,62,14,[5 7],89,200,214,111,186
1,<environment.Job instance at 0x7f6b488849b0>,2,14,[1 6],3,3,17,0,3
1,<environment.Job instance at 0x7f6b04625690>,15,13,[3 6],23,23,36,0,23
1,<environment.Job instance at 0x7f6b046253c0>,11,3,[1 6],18,36,39,18,23
1,<environment.Job instance at 0x7f6b4b0fcaa0>,30,19,[8 1],47,53,72,6,53
1,<environment.Job instance at 0x7f6b046b02d0>,24,13,[2 6],34,54,67,20,54
1,<environment.Job instance at 0x7f6b4b129af0>,29,13,[4 6],45,72,85,27,57
1,<environment.Job instance at 0x7f6b4ae8a460>,35,13,[1 6],54,85,98,31,72
1,<environment.Job instance at 0x7f6b48352550>,48,22,[10  3],73,98,120,25,92
1,<environment.Job instance at 0x7f6b4834e320>,53,12,[4 6],78,120,132,42,103
1,<environment.Job instance at 0x7f6b4834e190>,54,18,[10  3],79,139,157,60,139
1,<environment.Job instance at 0x7f6b483648c0>,65,17,[7 2],91,157,174,66,145
1,<environment.Job instance at 0x7f6b48364e60>,68,18,[1 8],98,157,175,59,146
1,<environment.Job instance at 0x7f6b4846f8c0>,75,26,[9 3],107,175,201,68,172
1,<environment.Job instance at 0x7f6b4846ffa0>,77,3,[8 5],109,201,204,92,175
1,<environment.Job instance at 0x7f6b4846f4b0>,1,16,[7 1],2,2,18,0,2
1,<environment.Job instance at 0x7f6b4b1b0190>,2,15,[ 4 10],3,18,33,15,8
1,<environment.Job instance at 0x7f6b04c2a050>,17,16,[5 2],24,33,49,9,25
1,<environment.Job instance at 0x7f6b04da49b0>,21,18,[7 5],30,49,67,19,38
1,<environment.Job instance at 0x7f6b04c2acd0>,7,12,[5 5],11,67,79,56,59
1,<environment.Job instance at 0x7f6b486a9dc0>,31,1,[ 1 10],44,79,80,35,59
1,<environment.Job instance at 0x7f6b4846c780>,41,15,[3 8],62,80,95,18,79
1,<environment.Job instance at 0x7f6b0451e780>,44,3,[ 4 10],67,99,102,32,99
1,<environment.Job instance at 0x7f6b48524820>,46,15,[3 9],70,102,117,32,100
1,<environment.Job instance at 0x7f6b0451e050>,47,17,[4 7],71,117,134,46,105
1,<environment.Job instance at 0x7f6b485245a0>,50,1,[6 3],76,117,118,41,105
1,<environment.Job instance at 0x7f6b4ac46550>,55,15,[ 1 10],81,134,149,53,123
1,<environment.Job instance at 0x7f6b04c0e370>,59,3,[1 5],85,149,152,64,141
1,<environment.Job instance at 0x7f6b04c0e3c0>,60,1,[10  3],87,152,153,65,141
1,<environment.Job instance at 0x7f6b04e081e0>,62,17,[5 9],91,157,174,66,157
1,<environment.Job instance at 0x7f6b04e080f0>,64,17,[ 5 10],95,174,191,79,166
1,<environment.Job instance at 0x7f6b4ad1fa00>,74,23,[ 1 10],109,191,214,82,189
1,<environment.Job instance at 0x7f6b04b5faa0>,0,18,[7 5],4,4,22,0,4
1,<environment.Job instance at 0x7f6b04e4cc80>,7,13,[ 1 10],14,22,35,8,21
1,<environment.Job instance at 0x7f6b48898460>,19,18,[5 3],31,38,56,7,38
1,<environment.Job instance at 0x7f6b04525dc0>,28,13,[5 9],47,56,69,9,54
1,<environment.Job instance at 0x7f6b045259b0>,30,15,[8 2],50,69,84,19,58
1,<environment.Job instance at 0x7f6b04511aa0>,37,27,[3 5],58,87,114,29,87
1,<environment.Job instance at 0x7f6b044d85f0>,46,1,[ 2 10],70,114,115,44,98
1,<environment.Job instance at 0x7f6b044d8c80>,47,15,[8 4],71,115,130,44,101
1,<environment.Job instance at 0x7f6b044d88c0>,52,15,[3 5],78,130,145,52,122
1,<environment.Job instance at 0x7f6b044e7e60>,61,13,[ 5 10],92,145,158,53,131
1,<environment.Job instance at 0x7f6b044d8f50>,54,14,[3 8],82,158,172,76,150
1,<environment.Job instance at 0x7f6b0445daa0>,79,3,[5 5],122,178,181,56,178
1,<environment.Job instance at 0x7f6b0441a870>,81,14,[7 5],124,181,195,57,178
1,<environment.Job instance at 0x7f6b0441aaf0>,84,15,[7 3],127,195,210,68,184
1,<environment.Job instance at 0x7f6b04413b90>,1,1,[10  3],3,3,4,0,3
1,<environment.Job instance at 0x7f6b04413c30>,2,17,[8 3],4,4,21,0,4
1,<environment.Job instance at 0x7f6b489467d0>,9,14,[7 1],14,21,35,7,17
1,<environment.Job instance at 0x7f6b04a83370>,17,12,[7 1],24,35,47,11,24
1,<environment.Job instance at 0x7f6b04cbbd20>,24,14,[8 3],32,47,61,15,33
1,<environment.Job instance at 0x7f6b04b1e050>,22,17,[10  5],29,61,78,32,54
1,<environment.Job instance at 0x7f6b487047d0>,35,13,[9 3],45,78,91,33,62
1,<environment.Job instance at 0x7f6b48704780>,38,15,[10  3],49,91,106,42,84
1,<environment.Job instance at 0x7f6b48721050>,43,14,[4 5],56,106,120,50,91
1,<environment.Job instance at 0x7f6b48985f50>,47,18,[3 5],60,106,124,46,100
1,<environment.Job instance at 0x7f6b48985c30>,50,13,[7 3],63,127,140,64,127
1,<environment.Job instance at 0x7f6b48985af0>,51,22,[10  3],65,140,162,75,135
1,<environment.Job instance at 0x7f6b489b6410>,60,23,[5 6],76,164,187,88,164
1,<environment.Job instance at 0x7f6b48971e10>,12,16,[9 5],17,187,203,170,175
1,<environment.Job instance at 0x7f6b48704d20>,37,13,[10  4],47,203,216,156,189
1,<environment.Job instance at 0x7f6b482fe1e0>,0,13,[9 5],1,1,14,0,1
1,<environment.Job instance at 0x7f6b4aebfbe0>,9,17,[10  1],17,17,34,0,17
1,<environment.Job instance at 0x7f6b045570f0>,10,16,[5 5],18,34,50,16,21
1,<environment.Job instance at 0x7f6b044db870>,23,1,[10  3],34,50,51,16,36
1,<environment.Job instance at 0x7f6b4f7c4050>,24,2,[2 5],35,37,39,2,37
1,<environment.Job instance at 0x7f6b044dbe60>,22,15,[10  5],33,51,66,18,39
1,<environment.Job instance at 0x7f6b04d40fa0>,32,24,[9 1],45,66,90,21,61
1,<environment.Job instance at 0x7f6b4848b4b0>,38,16,[2 5],54,90,106,36,77
1,<environment.Job instance at 0x7f6b4848b960>,41,13,[8 4],57,90,103,33,80
1,<environment.Job instance at 0x7f6b48849d70>,45,17,[7 4],64,103,120,39,91
1,<environment.Job instance at 0x7f6b4ac74690>,51,14,[1 7],74,120,134,46,106
1,<environment.Job instance at 0x7f6b04557320>,14,17,[6 2],24,121,138,97,121
1,<environment.Job instance at 0x7f6b04bd1410>,58,17,[9 5],83,138,155,55,130
1,<environment.Job instance at 0x7f6b4897e820>,64,12,[ 5 10],92,155,167,63,140
1,<environment.Job instance at 0x7f6b4aa905f0>,62,14,[3 7],90,167,181,77,153
1,<environment.Job instance at 0x7f6b4863f320>,72,16,[2 5],103,181,197,78,171
1,<environment.Job instance at 0x7f6b4af10370>,75,16,[5 7],107,197,213,90,184
1,<environment.Job instance at 0x7f6b0488a8c0>,23,17,[ 3 10],32,58,75,26,58
1,<environment.Job instance at 0x7f6b0488a1e0>,31,1,[5 8],44,75,76,31,69
1,<environment.Job instance at 0x7f6b0488ac80>,20,13,[8 2],28,76,89,48,73
1,<environment.Job instance at 0x7f6b485d7550>,37,17,[ 2 10],51,89,106,38,79
1,<environment.Job instance at 0x7f6b4abe75a0>,45,13,[4 7],63,106,119,43,90
1,<environment.Job instance at 0x7f6b4abe77d0>,51,18,[7 4],69,119,137,50,116
1,<environment.Job instance at 0x7f6b4836e5a0>,53,15,[5 9],75,137,152,62,124
1,<environment.Job instance at 0x7f6b4836e500>,60,18,[5 4],87,152,170,65,141
1,<environment.Job instance at 0x7f6b4890d280>,63,16,[1 9],91,170,186,79,159
1,<environment.Job instance at 0x7f6b4abe7f50>,48,17,[7 3],66,186,203,120,177
1,<environment.Job instance at 0x7f6b4890d7d0>,68,1,[2 6],97,186,187,89,186
1,<environment.Job instance at 0x7f6b4af16730>,2,12,[7 5],3,3,15,0,3
1,<environment.Job instance at 0x7f6b0486e4b0>,1,16,[5 5],2,15,31,13,3
1,<environment.Job instance at 0x7f6b4af13140>,15,16,[2 8],24,31,47,7,25
1,<environment.Job instance at 0x7f6b48675a00>,19,12,[4 5],31,47,59,16,36
1,<environment.Job instance at 0x7f6b4b170690>,30,25,[3 5],45,56,81,11,56
1,<environment.Job instance at 0x7f6b4b170410>,33,25,[1 5],49,59,84,10,56
1,<environment.Job instance at 0x7f6b0468c870>,42,14,[9 3],67,81,95,14,68
1,<environment.Job instance at 0x7f6b4af1a1e0>,25,17,[7 3],37,95,112,58,83
1,<environment.Job instance at 0x7f6b482c6500>,55,1,[10  2],83,113,114,30,113
1,<environment.Job instance at 0x7f6b4ab42d70>,56,1,[7 4],84,114,115,30,113
1,<environment.Job instance at 0x7f6b483aa5a0>,57,1,[10  4],85,115,116,30,113
1,<environment.Job instance at 0x7f6b4ab3f5f0>,58,25,[3 7],86,116,141,30,113
1,<environment.Job instance at 0x7f6b04e3da50>,62,17,[9 1],92,141,158,49,141
1,<environment.Job instance at 0x7f6b4af30910>,66,17,[10  4],97,169,186,72,169
1,<environment.Job instance at 0x7f6b4af305f0>,69,18,[6 3],100,186,204,86,175
1,<environment.Job instance at 0x7f6b4af1bc30>,72,1,[5 5],104,204,205,100,185
1,<environment.Job instance at 0x7f6b482d4b90>,73,3,[7 5],105,205,208,100,185
1,<environment.Job instance at 0x7fac7ce0ca50>,0,18,[9 3],1,3,21,2,3
1,<environment.Job instance at 0x7fac7bcb8f50>,9,1,[6 1],13,21,22,8,13
1,<environment.Job instance at 0x7fac7bcbd3c0>,16,1,[7 2],20,24,25,4,24
1,<environment.Job instance at 0x7fac7bcbd460>,14,16,[5 9],18,25,41,7,24
1,<environment.Job instance at 0x7fac7bcbf190>,25,12,[5 2],32,41,53,9,32
1,<environment.Job instance at 0x7fac7bcbd730>,18,15,[5 6],22,41,56,19,38
1,<environment.Job instance at 0x7fac7bcbf460>,28,13,[8 3],36,56,69,20,40
1,<environment.Job instance at 0x7fac7cd5d2d0>,9,1,[4 6],11,11,12,0,11
1,<environment.Job instance at 0x7fac7cd5d6e0>,10,18,[10  2],12,12,30,0,12
1,<environment.Job instance at 0x7fac7cd5b3c0>,20,16,[3 7],24,30,46,6,25
1,<environment.Job instance at 0x7fac7cd5b960>,22,12,[1 9],27,46,58,19,30
1,<environment.Job instance at 0x7fac7cd5e320>,33,16,[9 5],41,58,74,17,45
1,<environment.Job instance at 0x7fac31de0370>,0,12,[6 1],3,3,15,0,3
1,<environment.Job instance at 0x7fac7cd5ea50>,1,16,[9 2],4,15,31,11,15
1,<environment.Job instance at 0x7fac31d35280>,15,3,[2 6],29,31,34,2,30
1,<environment.Job instance at 0x7fac31d35550>,17,21,[1 9],32,34,55,2,32
1,<environment.Job instance at 0x7fac31d35b90>,21,15,[4 5],37,55,70,18,44
1,<environment.Job instance at 0x7fac31dad4b0>,2,2,[2 7],6,6,8,0,6
1,<environment.Job instance at 0x7fac31ddc2d0>,4,17,[1 9],8,8,25,0,8
1,<environment.Job instance at 0x7fac31dc4e10>,25,1,[5 1],36,47,48,11,47
1,<environment.Job instance at 0x7fac31dc4aa0>,26,3,[3 7],39,47,50,8,47
1,<environment.Job instance at 0x7fac320c2c80>,27,3,[4 6],40,50,53,10,47
1,<environment.Job instance at 0x7fac320c2be0>,28,3,[7 1],42,53,56,11,47
1,<environment.Job instance at 0x7fac320c2e10>,29,1,[10  4],43,56,57,13,47
1,<environment.Job instance at 0x7fac31da19b0>,3,17,[8 4],5,5,22,0,5
1,<environment.Job instance at 0x7fac31da1140>,5,1,[9 3],7,22,23,15,8
1,<environment.Job instance at 0x7fac321b8230>,1,1,[1 6],3,9,10,6,9
1,<environment.Job instance at 0x7fac323a67d0>,16,26,[7 4],22,23,49,1,22
1,<environment.Job instance at 0x7fac323a6a50>,21,21,[6 5],29,49,70,20,42
1,<environment.Job instance at 0x7fac7c7b8aa0>,5,1,[5 5],11,11,12,0,11
1,<environment.Job instance at 0x7fac7bf1daf0>,6,13,[5 9],12,12,25,0,12
1,<environment.Job instance at 0x7fac7bf1db40>,7,16,[5 8],13,25,41,12,13
1,<environment.Job instance at 0x7fac7c1704b0>,15,25,[9 4],23,41,66,18,37
1,<environment.Job instance at 0x7fac31cc0c30>,0,2,[2 8],1,1,3,0,1
1,<environment.Job instance at 0x7fac3223c1e0>,5,16,[8 5],9,10,26,1,10
1,<environment.Job instance at 0x7fac7bd47410>,11,2,[8 4],16,26,28,10,16
1,<environment.Job instance at 0x7fac3223c780>,6,12,[10  1],10,28,40,18,17
1,<environment.Job instance at 0x7fac3221b910>,15,1,[5 1],21,40,41,19,22
1,<environment.Job instance at 0x7fac7c82e4b0>,17,1,[1 5],23,23,24,0,23
1,<environment.Job instance at 0x7fac3219a5a0>,19,15,[10  5],26,41,56,15,31
1,<environment.Job instance at 0x7fac7c27ce10>,35,15,[10  5],47,56,71,9,47
1,<environment.Job instance at 0x7fac7c170f50>,0,18,[3 8],4,4,22,0,4
1,<environment.Job instance at 0x7fac31e26640>,5,14,[4 8],10,22,36,12,10
1,<environment.Job instance at 0x7fac321011e0>,13,3,[3 7],23,36,39,13,23
1,<environment.Job instance at 0x7fac7c7a6500>,17,18,[5 5],30,39,57,9,30
1,<environment.Job instance at 0x7fac32282730>,0,13,[2 8],1,1,14,0,1
1,<environment.Job instance at 0x7fac32282500>,5,12,[9 3],6,14,26,8,7
1,<environment.Job instance at 0x7fac32282550>,7,16,[5 9],9,32,48,23,32
1,<environment.Job instance at 0x7fac7bd70b40>,24,3,[1 7],36,48,51,12,39
1,<environment.Job instance at 0x7fac7c5513c0>,25,3,[8 1],37,48,51,11,39
1,<environment.Job instance at 0x7fac7c551870>,27,16,[5 1],41,51,67,10,44
1,<environment.Job instance at 0x7fac32282370>,6,18,[3 9],7,51,69,44,44
1,<environment.Job instance at 0x7fac7bacf780>,0,1,[3 7],1,1,2,0,1
1,<environment.Job instance at 0x7fac7bacf960>,1,12,[ 3 10],3,3,15,0,3
1,<environment.Job instance at 0x7fac31f3dfa0>,3,17,[1 6],5,15,32,10,8
1,<environment.Job instance at 0x7fac7c151f00>,0,2,[6 1],1,1,3,0,1
1,<environment.Job instance at 0x7fac7ce3d4b0>,6,17,[2 5],7,7,24,0,7
1,<environment.Job instance at 0x7fac7bd00410>,10,13,[1 9],11,24,37,13,12
1,<environment.Job instance at 0x7fac7bc5fe10>,24,2,[9 2],35,37,39,2,35
1,<environment.Job instance at 0x7fac7c6645f0>,27,23,[ 4 10],41,45,68,4,45
1,<environment.Job instance at 0x7fac322f73c0>,6,14,[ 4 10],12,13,27,1,13
1,<environment.Job instance at 0x7fac322f75a0>,9,23,[1 7],15,27,50,12,21
1,<environment.Job instance at 0x7fac322e36e0>,24,22,[2 7],34,50,72,16,44
1,<environment.Job instance at 0x7fac322e3730>,1,15,[6 1],2,2,17,0,2
1,<environment.Job instance at 0x7fac31c9fb40>,14,1,[4 8],19,19,20,0,19
1,<environment.Job instance at 0x7fac31c9fa00>,16,2,[1 9],21,21,23,0,21
1,<environment.Job instance at 0x7fac31c9faf0>,17,25,[4 9],22,41,66,19,41
1,<environment.Job instance at 0x7fac7bf43780>,30,3,[9 4],42,66,69,24,42
1,<environment.Job instance at 0x7fac7bf435a0>,32,1,[3 9],46,69,70,23,46
1,<environment.Job instance at 0x7fac31db4820>,0,1,[4 6],2,2,3,0,2
1,<environment.Job instance at 0x7fac31db43c0>,1,16,[5 5],4,4,20,0,4
1,<environment.Job instance at 0x7fac31db46e0>,3,12,[2 7],6,20,32,14,6
1,<environment.Job instance at 0x7fac31db4370>,12,2,[4 8],16,32,34,16,23
1,<environment.Job instance at 0x7fac31c37a00>,16,15,[5 5],22,34,49,12,24
1,<environment.Job instance at 0x7fac31dd4370>,17,16,[5 1],23,28,44,5,28
1,<environment.Job instance at 0x7fac31dd0e60>,28,14,[ 5 10],38,49,63,11,38
1,<environment.Job instance at 0x7fac31f9be60>,0,14,[ 3 10],1,1,15,0,1
1,<environment.Job instance at 0x7fac7c2e1460>,4,1,[4 6],5,15,16,10,5
1,<environment.Job instance at 0x7fac7c2e1910>,9,13,[6 5],13,16,29,3,13
1,<environment.Job instance at 0x7fac7c2e1a00>,10,13,[5 7],15,29,42,14,15
1,<environment.Job instance at 0x7fac7c3ad780>,0,2,[1 8],1,1,3,0,1
1,<environment.Job instance at 0x7fac7c3ad500>,2,13,[5 7],3,3,16,0,3
1,<environment.Job instance at 0x7fac7c3ad0f0>,8,26,[9 4],9,16,42,7,13
1,<environment.Job instance at 0x7fac32276be0>,20,22,[4 5],25,42,64,17,35
1,<environment.Job instance at 0x7fac321d5c30>,28,3,[3 9],35,64,67,29,44
1,<environment.Job instance at 0x7fac7ba59190>,0,15,[4 6],1,1,16,0,1
1,<environment.Job instance at 0x7fac7ba59f00>,5,14,[10  1],10,16,30,6,10
1,<environment.Job instance at 0x7fac7bbf2320>,12,16,[7 3],20,30,46,10,20
1,<environment.Job instance at 0x7fac7bbf2cd0>,16,16,[5 4],29,46,62,17,33
1,<environment.Job instance at 0x7fac7bbf2140>,0,3,[2 6],1,1,4,0,1
1,<environment.Job instance at 0x7fac7bbf2fa0>,1,15,[3 7],2,4,19,2,2
1,<environment.Job instance at 0x7fac31ee88c0>,8,3,[8 5],9,19,22,10,9
1,<environment.Job instance at 0x7fac322fb4b0>,9,18,[1 5],10,19,37,9,11
1,<environment.Job instance at 0x7fac322ea960>,11,3,[2 5],12,22,25,10,14
1,<environment.Job instance at 0x7fac31ee80f0>,13,16,[9 2],14,25,41,11,15
1,<environment.Job instance at 0x7fac7bdb6d70>,20,17,[10  4],24,41,58,17,29
1,<environment.Job instance at 0x7fac7bdd6b40>,24,16,[10  5],28,58,74,30,45
1,<environment.Job instance at 0x7fac7bde5230>,2,1,[4 7],6,6,7,0,6
1,<environment.Job instance at 0x7fac31e047d0>,3,15,[5 4],7,7,22,0,7
1,<environment.Job instance at 0x7fac31e042d0>,4,12,[5 9],10,22,34,12,10
1,<environment.Job instance at 0x7fac7bc1ba00>,11,18,[8 2],22,34,52,12,33
1,<environment.Job instance at 0x7fac7bb2a9b0>,21,18,[6 3],36,52,70,16,41
1,<environment.Job instance at 0x7fac323207d0>,2,1,[1 9],4,4,5,0,4
1,<environment.Job instance at 0x7fac7bc51190>,3,14,[3 7],5,5,19,0,5
1,<environment.Job instance at 0x7fac7c9cc9b0>,8,23,[1 6],12,19,42,7,13
1,<environment.Job instance at 0x7fac7c7f76e0>,20,3,[9 3],29,29,32,0,29
1,<environment.Job instance at 0x7fac7c201fa0>,19,21,[4 9],28,42,63,14,40
1,<environment.Job instance at 0x7fac7c851050>,24,13,[8 5],33,63,76,30,48
1,<environment.Job instance at 0x7fb6f0536af0>,0,18,[9 3],1,3,21,2,3
1,<environment.Job instance at 0x7fb6f0536a00>,1,14,[7 4],3,21,35,18,9
1,<environment.Job instance at 0x7fb6e9130e10>,10,1,[7 3],14,35,36,21,14
1,<environment.Job instance at 0x7fb6e91332d0>,12,3,[1 8],16,36,39,20,16
1,<environment.Job instance at 0x7fb6e9133140>,13,2,[8 4],17,39,41,22,17
1,<environment.Job instance at 0x7fb6e91336e0>,17,1,[6 1],21,36,37,15,22
1,<environment.Job instance at 0x7fb6e9130f00>,8,12,[3 9],12,41,53,29,25
1,<environment.Job instance at 0x7fb6e9136280>,27,17,[ 5 10],35,53,70,18,41
1,<environment.Job instance at 0x7fb6f04830a0>,0,1,[4 6],1,1,2,0,1
1,<environment.Job instance at 0x7fb6e9136870>,1,18,[10  2],2,2,20,0,2
1,<environment.Job instance at 0x7fb6f04840f0>,4,12,[1 9],7,20,32,13,7
1,<environment.Job instance at 0x7fb6f06bb870>,24,16,[9 5],31,36,52,5,36
1,<environment.Job instance at 0x7fb6f06bb6e0>,26,18,[3 8],33,54,72,21,54
1,<environment.Job instance at 0x7fb6a5525280>,0,1,[1 5],1,1,2,0,1
1,<environment.Job instance at 0x7fb6a54cd4b0>,1,17,[3 8],2,2,19,0,2
1,<environment.Job instance at 0x7fb6a5525eb0>,4,3,[2 6],9,19,22,10,10
1,<environment.Job instance at 0x7fb6a5525dc0>,6,21,[1 9],12,22,43,10,21
1,<environment.Job instance at 0x7fb6a55250a0>,8,12,[10  1],14,43,55,29,28
1,<environment.Job instance at 0x7fb6a542b320>,18,15,[3 8],26,55,70,29,47
1,<environment.Job instance at 0x7fb6a5426550>,29,18,[6 1],43,55,73,12,54
1,<environment.Job instance at 0x7fb6a542b820>,14,12,[ 1 10],21,73,85,52,56
1,<environment.Job instance at 0x7fb6e95d3870>,0,17,[5 8],1,1,18,0,1
1,<environment.Job instance at 0x7fb6a58955a0>,17,1,[1 6],23,23,24,0,23
1,<environment.Job instance at 0x7fb6a5895870>,18,16,[8 5],24,24,40,0,24
1,<environment.Job instance at 0x7fb6a5895050>,20,14,[8 4],26,40,54,14,31
1,<environment.Job instance at 0x7fb6a58ca690>,30,14,[7 3],39,54,68,15,49
1,<environment.Job instance at 0x7fb6a58caeb0>,31,12,[9 4],40,68,80,28,55
1,<environment.Job instance at 0x7fb6a58cacd0>,1,13,[2 8],2,2,15,0,2
1,<environment.Job instance at 0x7fb6a5ae1410>,6,27,[8 3],11,19,46,8,19
1,<environment.Job instance at 0x7fb6a5ad96e0>,24,1,[7 4],36,46,47,10,38
1,<environment.Job instance at 0x7fb6a5ad9820>,26,20,[1 8],38,47,67,9,40
1,<environment.Job instance at 0x7fb6a5ad9be0>,28,18,[7 2],43,56,74,13,56
1,<environment.Job instance at 0x7fb6a5ae5a50>,0,2,[2 8],1,1,3,0,1
1,<environment.Job instance at 0x7fb6e8f78690>,4,2,[6 5],8,8,10,0,8
1,<environment.Job instance at 0x7fb6e8f789b0>,5,16,[8 5],9,10,26,1,9
1,<environment.Job instance at 0x7fb6a542b0f0>,16,16,[3 7],22,26,42,4,26
1,<environment.Job instance at 0x7fb6e943aaf0>,18,13,[1 7],25,42,55,17,29
1,<environment.Job instance at 0x7fb6e93adfa0>,25,17,[6 2],33,33,50,0,33
1,<environment.Job instance at 0x7fb6e9402b90>,33,3,[6 1],45,51,54,6,51
1,<environment.Job instance at 0x7fb6e9cd2410>,30,25,[2 7],40,55,80,15,52
1,<environment.Job instance at 0x7fb6e975f140>,0,12,[8 4],1,1,13,0,1
1,<environment.Job instance at 0x7fb6a542bdc0>,2,12,[1 5],3,3,15,0,3
1,<environment.Job instance at 0x7fb6e8f16320>,4,12,[6 1],7,13,25,6,7
1,<environment.Job instance at 0x7fb6e9268370>,9,16,[1 9],15,16,32,1,16
1,<environment.Job instance at 0x7fb6a5727fa0>,12,21,[6 3],23,32,53,9,24
1,<environment.Job instance at 0x7fb6e9487dc0>,21,1,[8 3],36,53,54,17,41
1,<environment.Job instance at 0x7fb6a588f500>,20,13,[1 6],35,41,54,6,41
1,<environment.Job instance at 0x7fb6e96b7d70>,26,13,[5 6],42,54,67,12,42
1,<environment.Job instance at 0x7fb6a574bdc0>,31,18,[3 9],47,67,85,20,56
1,<environment.Job instance at 0x7fb6a588f640>,1,14,[1 6],4,4,18,0,4
1,<environment.Job instance at 0x7fb6e9b05550>,4,17,[5 5],7,18,35,11,8
1,<environment.Job instance at 0x7fb6e9034be0>,16,27,[5 4],24,34,61,10,34
1,<environment.Job instance at 0x7fb6e9052690>,1,1,[2 7],2,2,3,0,2
1,<environment.Job instance at 0x7fb6e970f7d0>,5,14,[3 5],6,6,20,0,6
1,<environment.Job instance at 0x7fb6e9944960>,11,3,[8 1],15,20,23,5,18
1,<environment.Job instance at 0x7fb6e9944730>,14,14,[1 7],20,20,34,0,20
1,<environment.Job instance at 0x7fb6e9944d20>,19,18,[9 3],25,25,43,0,25
1,<environment.Job instance at 0x7fb6a54df050>,27,17,[ 1 10],33,43,60,10,34
1,<environment.Job instance at 0x7fb6e92a33c0>,33,18,[10  4],45,60,78,15,50
1,<environment.Job instance at 0x7fb6e9bfc550>,4,17,[2 9],5,5,22,0,5
1,<environment.Job instance at 0x7fb6e9bfc500>,6,15,[2 9],7,22,37,15,13
1,<environment.Job instance at 0x7fb6a5810960>,11,2,[1 7],13,44,46,31,44
1,<environment.Job instance at 0x7fb6f04be5a0>,21,25,[2 8],28,50,75,22,50
1,<environment.Job instance at 0x7fb6e98dfe60>,1,15,[6 1],2,2,17,0,2
1,<environment.Job instance at 0x7fb6e91366e0>,11,18,[7 4],14,17,35,3,14
1,<environment.Job instance at 0x7fb6e9c08460>,16,2,[1 9],21,35,37,14,25
1,<environment.Job instance at 0x7fb6a5a0c1e0>,22,3,[8 5],29,37,40,8,29
1,<environment.Job instance at 0x7fb6a53eff00>,25,12,[6 1],33,40,52,7,33
1,<environment.Job instance at 0x7fb6a53efa50>,24,2,[ 5 10],32,52,54,20,33
1,<environment.Job instance at 0x7fb6e9bb3b40>,30,3,[9 4],42,54,57,12,42
1,<environment.Job instance at 0x7fb6e9bb3d20>,31,3,[9 4],44,57,60,13,44
1,<environment.Job instance at 0x7fb6e9bb3730>,32,1,[3 9],46,46,47,0,46
1,<environment.Job instance at 0x7fb6e9bb3190>,36,16,[5 5],54,60,76,6,56
1,<environment.Job instance at 0x7fb6e9937370>,1,20,[6 4],2,2,22,0,2
1,<environment.Job instance at 0x7fb6e8f12e60>,13,15,[1 6],17,17,32,0,17
1,<environment.Job instance at 0x7fb6e8efb280>,17,16,[2 6],23,32,48,9,24
1,<environment.Job instance at 0x7fb6e8efbc30>,25,13,[9 5],33,48,61,15,33
1,<environment.Job instance at 0x7fb6e8eff0a0>,1,17,[3 5],2,2,19,0,2
1,<environment.Job instance at 0x7fb6e90b6e10>,5,15,[1 8],6,19,34,13,6
1,<environment.Job instance at 0x7fb6e90b64b0>,15,3,[10  4],21,34,37,13,22
1,<environment.Job instance at 0x7fb6e94f7870>,17,15,[5 9],23,37,52,14,24
1,<environment.Job instance at 0x7fb6e91ba960>,29,12,[ 2 10],37,52,64,15,49
1,<environment.Job instance at 0x7fb6e90b66e0>,14,19,[4 9],20,64,83,44,57
1,<environment.Job instance at 0x7fb6a5744960>,0,14,[9 4],1,1,15,0,1
1,<environment.Job instance at 0x7fb6a57d77d0>,10,13,[6 1],14,15,28,1,14
1,<environment.Job instance at 0x7fb6a57d7410>,11,12,[3 8],16,16,28,0,16
1,<environment.Job instance at 0x7fb6a57d7f00>,14,27,[6 3],19,28,55,9,27
1,<environment.Job instance at 0x7fb6a57d7b90>,15,15,[4 6],21,40,55,19,40
1,<environment.Job instance at 0x7fb6a57d7cd0>,17,12,[8 4],24,55,67,31,43
1,<environment.Job instance at 0x7fb6e942db40>,25,1,[4 8],36,67,68,31,52
1,<environment.Job instance at 0x7fb6a58c48c0>,30,16,[5 1],48,67,83,19,57
1,<environment.Job instance at 0x7fb6a58c4be0>,1,17,[8 5],4,4,21,0,4
1,<environment.Job instance at 0x7fb6a54a8e10>,5,3,[2 6],11,21,24,10,11
1,<environment.Job instance at 0x7fb6e9297280>,6,15,[3 7],12,24,39,12,12
1,<environment.Job instance at 0x7fb6a5434cd0>,7,17,[9 3],13,39,56,26,27
1,<environment.Job instance at 0x7fb6a5866280>,25,17,[10  4],34,56,73,22,45
1,<environment.Job instance at 0x7fb6e8e9d7d0>,1,26,[2 5],2,2,28,0,2
1,<environment.Job instance at 0x7fb6e9262910>,8,16,[6 1],17,17,33,0,17
1,<environment.Job instance at 0x7fb6e92414b0>,10,17,[1 8],20,28,45,8,20
1,<environment.Job instance at 0x7fb6e9262e10>,7,15,[6 5],16,45,60,29,37
1,<environment.Job instance at 0x7fb6e90dd370>,27,14,[1 9],45,60,74,15,46
1,<environment.Job instance at 0x7fb6e9b4e230>,31,1,[1 9],54,74,75,20,54
1,<environment.Job instance at 0x7fb6e9b4e7d0>,34,3,[8 5],58,75,78,17,58
1,<environment.Job instance at 0x7fb6e8ebff00>,4,1,[2 5],9,9,10,0,9
1,<environment.Job instance at 0x7fb6a5215820>,5,18,[3 5],10,10,28,0,10
1,<environment.Job instance at 0x7fb6e92c3190>,6,13,[ 5 10],11,28,41,17,12
1,<environment.Job instance at 0x7fb6e8fcfaa0>,19,17,[6 3],28,41,58,13,29
1,<environment.Job instance at 0x7fb6e9041780>,24,3,[9 1],34,58,61,24,35
1,<environment.Job instance at 0x7fb6e90413c0>,23,12,[4 5],33,61,73,28,47
1,<environment.Job instance at 0x7fb6e9b4a7d0>,34,12,[1 6],48,73,85,25,56
1,<environment.Job instance at 0x7fb6e9b4ae60>,1,3,[3 8],3,3,6,0,3
1,<environment.Job instance at 0x7fb6e9823190>,5,17,[7 5],8,8,25,0,8
1,<environment.Job instance at 0x7fb6e98230f0>,8,18,[2 5],13,13,31,0,13
1,<environment.Job instance at 0x7fb6e9012690>,10,15,[6 1],16,25,40,9,16
1,<environment.Job instance at 0x7fb6a55d04b0>,22,18,[1 6],30,31,49,1,31
1,<environment.Job instance at 0x7fb6a55d0a50>,24,18,[9 5],35,49,67,14,38
1,<environment.Job instance at 0x7fb6a55b9910>,30,1,[5 5],42,67,68,25,52
1,<environment.Job instance at 0x7fb6a55b9c30>,31,1,[ 3 10],43,68,69,25,53
1,<environment.Job instance at 0x7fb6e975d4b0>,16,15,[4 8],24,69,84,45,55
1,<environment.Job instance at 0x7fb6a56d0c80>,4,14,[ 1 10],5,5,19,0,5
1,<environment.Job instance at 0x7fb6a56d0af0>,7,13,[6 3],8,19,32,11,8
1,<environment.Job instance at 0x7fb6a56d0d20>,5,17,[7 5],6,32,49,26,21
1,<environment.Job instance at 0x7fb6e91c8280>,22,12,[7 5],25,49,61,24,46
1,<environment.Job instance at 0x7fb6e91c8d70>,27,24,[3 5],31,51,75,20,51
1,<environment.Job instance at 0x7fb6e8f163c0>,31,13,[5 5],36,61,74,25,56
1,<environment.Job instance at 0x7fb6a585f370>,2,17,[10  2],4,4,21,0,4
1,<environment.Job instance at 0x7fb6a585f2d0>,3,14,[3 6],5,21,35,16,6
1,<environment.Job instance at 0x7fb6e95e42d0>,14,15,[3 7],17,35,50,18,21
1,<environment.Job instance at 0x7fb6a56c4be0>,22,2,[4 9],30,50,52,20,30
1,<environment.Job instance at 0x7fb6e98e2a50>,23,14,[3 5],33,52,66,19,37
1,<environment.Job instance at 0x7fb6a5675d70>,27,3,[5 4],38,52,55,14,51
1,<environment.Job instance at 0x7fb6a5611cd0>,31,1,[1 9],43,66,67,23,54
1,<environment.Job instance at 0x7fb6a5611190>,32,1,[ 4 10],44,67,68,23,55
1,<environment.Job instance at 0x7fb6e96ec2d0>,15,17,[2 6],18,68,85,50,56
1,<environment.Job instance at 0x7f2f6d2104b0>,1,14,[7 4],3,3,17,0,3
1,<environment.Job instance at 0x7f2f6d210550>,7,15,[4 9],11,17,32,6,11
1,<environment.Job instance at 0x7f2f67e07f00>,9,1,[6 1],13,17,18,4,13
1,<environment.Job instance at 0x7f2f67e0a870>,18,15,[5 6],22,32,47,10,22
1,<environment.Job instance at 0x7f2f67e0abe0>,20,25,[5 2],25,36,61,11,36
1,<environment.Job instance at 0x7f2f67e0afa0>,23,14,[3 7],29,47,61,18,41
1,<environment.Job instance at 0x7f2f67e0d4b0>,27,17,[ 5 10],35,61,78,26,50
1,<environment.Job instance at 0x7f2f67e0db90>,1,17,[5 4],2,2,19,0,2
1,<environment.Job instance at 0x7f2f6d392960>,18,18,[3 8],23,35,53,12,35
1,<environment.Job instance at 0x7f2f6d392910>,24,16,[9 2],34,53,69,19,42
1,<environment.Job instance at 0x7f2f6d392870>,21,17,[1 6],26,53,70,27,45
1,<environment.Job instance at 0x7f2f67c835a0>,32,18,[5 9],49,70,88,21,62
1,<environment.Job instance at 0x7f2f220ce190>,41,2,[6 5],63,88,90,25,68
1,<environment.Job instance at 0x7f2f2212a870>,0,12,[ 1 10],1,1,13,0,1
1,<environment.Job instance at 0x7f2f2214e3c0>,11,17,[1 9],18,21,38,3,21
1,<environment.Job instance at 0x7f2f221fedc0>,15,18,[6 1],23,23,41,0,23
1,<environment.Job instance at 0x7f2f2214e190>,10,1,[ 3 10],17,41,42,24,24
1,<environment.Job instance at 0x7f2f221fe0a0>,18,2,[7 3],27,42,44,15,27
1,<environment.Job instance at 0x7f2f221fe4b0>,19,12,[6 3],30,44,56,14,30
1,<environment.Job instance at 0x7f2f221fe640>,23,1,[4 9],35,39,40,4,39
1,<environment.Job instance at 0x7f2f221fdb90>,26,17,[5 3],39,56,73,17,44
1,<environment.Job instance at 0x7f2f22136690>,41,12,[4 8],58,73,85,15,64
1,<environment.Job instance at 0x7f2f221fd410>,1,17,[4 9],2,2,19,0,2
1,<environment.Job instance at 0x7f2f22234550>,11,17,[1 7],14,19,36,5,14
1,<environment.Job instance at 0x7f2f221c4050>,16,12,[8 5],21,36,48,15,25
1,<environment.Job instance at 0x7f2f225f3780>,22,14,[7 3],30,48,62,18,35
1,<environment.Job instance at 0x7f2f221c41e0>,17,15,[5 5],23,62,77,39,50
1,<environment.Job instance at 0x7f2f22234960>,8,12,[9 4],10,77,89,67,64
1,<environment.Job instance at 0x7f2f222340a0>,1,18,[7 2],3,8,26,5,8
1,<environment.Job instance at 0x7f2f227c7820>,11,13,[3 8],18,25,38,7,25
1,<environment.Job instance at 0x7f2f227af140>,17,17,[ 4 10],26,38,55,12,29
1,<environment.Job instance at 0x7f2f227afd70>,28,12,[5 4],40,55,67,15,48
1,<environment.Job instance at 0x7f2f227afe10>,30,16,[3 7],42,67,83,25,57
1,<environment.Job instance at 0x7f2f227af370>,18,2,[6 5],28,83,85,55,64
1,<environment.Job instance at 0x7f2f227ac4b0>,0,18,[3 8],4,4,22,0,4
1,<environment.Job instance at 0x7f2f6a420870>,8,12,[1 5],13,22,34,9,13
1,<environment.Job instance at 0x7f2f6a420780>,9,24,[3 6],16,36,60,20,36
1,<environment.Job instance at 0x7f2f6a4324b0>,21,2,[7 1],37,37,39,0,37
1,<environment.Job instance at 0x7f2f6a420050>,12,3,[ 2 10],21,60,63,39,40
1,<environment.Job instance at 0x7f2f6a432dc0>,24,2,[2 7],41,63,65,22,52
1,<environment.Job instance at 0x7f2f6a432820>,20,17,[ 1 10],36,65,82,29,53
1,<environment.Job instance at 0x7f2f6a85c190>,32,13,[5 6],52,82,95,30,68
1,<environment.Job instance at 0x7f2f222b1fa0>,1,14,[1 6],4,4,18,0,4
1,<environment.Job instance at 0x7f2f68224aa0>,5,14,[10  3],8,18,32,10,8
1,<environment.Job instance at 0x7f2f6a77ae60>,16,27,[5 4],24,48,75,24,48
1,<environment.Job instance at 0x7f2f226db640>,31,1,[8 3],46,75,76,29,48
1,<environment.Job instance at 0x7f2f22734500>,1,13,[10  4],4,4,17,0,4
1,<environment.Job instance at 0x7f2f22171320>,5,14,[1 7],10,17,31,7,10
1,<environment.Job instance at 0x7f2f21fa4e10>,12,17,[2 5],17,31,48,14,19
1,<environment.Job instance at 0x7f2f21fc5960>,25,3,[2 6],36,48,51,12,37
1,<environment.Job instance at 0x7f2f21fc5f00>,27,3,[2 5],38,39,42,1,39
1,<environment.Job instance at 0x7f2f21fcbaf0>,31,15,[5 1],47,51,66,4,51
1,<environment.Job instance at 0x7f2f21fcbb90>,34,3,[5 2],52,52,55,0,52
1,<environment.Job instance at 0x7f2f21fcb460>,35,12,[6 2],53,66,78,13,53
1,<environment.Job instance at 0x7f2f21fc9aa0>,38,12,[2 9],56,78,90,22,62
1,<environment.Job instance at 0x7f2f67ec0d20>,0,14,[ 4 10],2,2,16,0,2
1,<environment.Job instance at 0x7f2f67ec0c30>,2,2,[3 8],4,16,18,12,4
1,<environment.Job instance at 0x7f2f67ec0e10>,6,3,[7 4],9,18,21,9,13
1,<environment.Job instance at 0x7f2f67ec0c80>,10,2,[5 2],15,21,23,6,17
1,<environment.Job instance at 0x7f2f67f31140>,14,1,[1 5],19,19,20,0,19
1,<environment.Job instance at 0x7f2f67f31410>,16,18,[1 6],21,21,39,0,21
1,<environment.Job instance at 0x7f2f67f31aa0>,12,1,[10  4],17,39,40,22,31
1,<environment.Job instance at 0x7f2f67f31be0>,19,1,[2 5],25,40,41,15,35
1,<environment.Job instance at 0x7f2f67f31280>,18,22,[2 7],24,41,63,17,35
1,<environment.Job instance at 0x7f2f67f31d20>,25,17,[5 8],34,63,80,29,55
1,<environment.Job instance at 0x7f2f67f312d0>,20,15,[3 7],26,80,95,54,67
1,<environment.Job instance at 0x7f2f225f62d0>,0,20,[5 4],1,1,21,0,1
1,<environment.Job instance at 0x7f2f68286320>,20,20,[6 4],32,32,52,0,32
1,<environment.Job instance at 0x7f2f21ef2aa0>,22,12,[2 5],34,36,48,2,36
1,<environment.Job instance at 0x7f2f67df7dc0>,27,1,[2 7],40,52,53,12,42
1,<environment.Job instance at 0x7f2f68255a00>,13,16,[5 5],24,53,69,29,42
1,<environment.Job instance at 0x7f2f2208d960>,32,15,[1 6],47,69,84,22,55
1,<environment.Job instance at 0x7f2f22525d70>,34,13,[9 3],49,69,82,20,55
1,<environment.Job instance at 0x7f2f6a94c320>,0,14,[ 3 10],1,1,15,0,1
1,<environment.Job instance at 0x7f2f225b6780>,8,20,[5 1],12,15,35,3,13
1,<environment.Job instance at 0x7f2f67e2c0a0>,15,2,[ 3 10],21,35,37,14,21
1,<environment.Job instance at 0x7f2f67f2cf50>,18,2,[1 8],24,24,26,0,24
1,<environment.Job instance at 0x7f2f67c06820>,16,17,[3 5],22,37,54,15,26
1,<environment.Job instance at 0x7f2f67c060a0>,20,15,[1 8],26,54,69,28,45
1,<environment.Job instance at 0x7f2f67d666e0>,33,15,[5 2],44,56,71,12,56
1,<environment.Job instance at 0x7f2f6a8d23c0>,11,23,[ 3 10],16,71,94,55,65
1,<environment.Job instance at 0x7f2f22595f50>,1,15,[4 7],3,3,18,0,3
1,<environment.Job instance at 0x7f2f22135230>,6,12,[5 8],8,18,30,10,14
1,<environment.Job instance at 0x7f2f22135690>,12,16,[3 7],16,30,46,14,17
1,<environment.Job instance at 0x7f2f22135cd0>,19,1,[5 2],27,33,34,6,33
1,<environment.Job instance at 0x7f2f22135730>,13,14,[8 1],18,46,60,28,33
1,<environment.Job instance at 0x7f2f22138730>,27,14,[10  1],40,60,74,20,47
1,<environment.Job instance at 0x7f2f22138f50>,34,16,[7 3],50,74,90,24,62
1,<environment.Job instance at 0x7f2f22114050>,2,3,[8 1],5,5,8,0,5
1,<environment.Job instance at 0x7f2f2207b640>,5,3,[2 6],11,11,14,0,11
1,<environment.Job instance at 0x7f2f2207b5a0>,6,15,[3 7],12,14,29,2,12
1,<environment.Job instance at 0x7f2f2207bf50>,12,12,[8 1],18,29,41,11,20
1,<environment.Job instance at 0x7f2f221255f0>,18,16,[9 2],24,41,57,17,28
1,<environment.Job instance at 0x7f2f221250a0>,25,17,[10  4],34,57,74,23,48
1,<environment.Job instance at 0x7f2f22135190>,1,17,[8 5],4,74,91,70,62
1,<environment.Job instance at 0x7f2f22072140>,0,18,[6 5],1,1,19,0,1
1,<environment.Job instance at 0x7f2f21e95fa0>,8,1,[2 9],15,19,20,4,15
1,<environment.Job instance at 0x7f2f21e955f0>,9,1,[4 8],16,20,21,4,16
1,<environment.Job instance at 0x7f2f21e959b0>,10,20,[9 4],17,21,41,4,17
1,<environment.Job instance at 0x7f2f223c30a0>,12,28,[5 9],21,41,69,20,41
1,<environment.Job instance at 0x7f2f224fad20>,28,12,[4 9],47,69,81,22,53
1,<environment.Job instance at 0x7f2f67e270f0>,38,13,[ 5 10],61,81,94,20,66
1,<environment.Job instance at 0x7f2f67e27aa0>,1,1,[10  5],2,2,3,0,2
1,<environment.Job instance at 0x7f2f67e27460>,2,13,[8 5],3,3,16,0,3
1,<environment.Job instance at 0x7f2f21efa500>,18,2,[2 8],26,26,28,0,26
1,<environment.Job instance at 0x7f2f21efa0f0>,14,18,[10  4],20,28,46,8,26
1,<environment.Job instance at 0x7f2f21efa460>,19,18,[10  3],27,46,64,19,39
1,<environment.Job instance at 0x7f2f21efa9b0>,20,12,[1 6],28,64,76,36,56
1,<environment.Job instance at 0x7f2f21f0b5f0>,33,12,[9 3],47,64,76,17,61
1,<environment.Job instance at 0x7f2f21f0dc30>,9,12,[4 5],13,76,88,63,64
1,<environment.Job instance at 0x7f2f6d10e8c0>,0,12,[ 2 10],1,1,13,0,1
1,<environment.Job instance at 0x7f2f2260b730>,4,2,[5 3],8,13,15,5,10
1,<environment.Job instance at 0x7f2f2260b780>,7,1,[5 5],12,13,14,1,12
1,<environment.Job instance at 0x7f2f2260baa0>,9,2,[2 5],14,14,16,0,14
1,<environment.Job instance at 0x7f2f2260b190>,10,17,[5 8],16,16,33,0,16
1,<environment.Job instance at 0x7f2f2260bdc0>,6,13,[2 6],10,33,46,23,24
1,<environment.Job instance at 0x7f2f6806c780>,16,2,[5 8],25,46,48,21,33
1,<environment.Job instance at 0x7f2f6a601370>,25,17,[7 5],36,48,65,12,36
1,<environment.Job instance at 0x7f2f6a9ade10>,32,2,[4 6],45,65,67,20,46
1,<environment.Job instance at 0x7f2f2244d050>,34,18,[ 2 10],47,67,85,20,56
1,<environment.Job instance at 0x7f2f221db320>,0,2,[1 7],1,1,3,0,1
1,<environment.Job instance at 0x7f2f221dbeb0>,2,18,[5 7],5,5,23,0,5
1,<environment.Job instance at 0x7f2f6a8ab3c0>,8,15,[3 9],11,23,38,12,11
1,<environment.Job instance at 0x7f2f224d0fa0>,5,3,[6 5],8,38,41,30,24
1,<environment.Job instance at 0x7f2f67c36a50>,20,14,[3 6],25,41,55,16,29
1,<environment.Job instance at 0x7f2f6d23a7d0>,23,13,[4 8],28,55,68,27,40
1,<environment.Job instance at 0x7f2f682d19b0>,29,16,[10  2],35,68,84,33,58
1,<environment.Job instance at 0x7f2f682d10f0>,1,14,[2 6],4,4,18,0,4
1,<environment.Job instance at 0x7f2f223c3e10>,3,14,[10  5],7,18,32,11,7
1,<environment.Job instance at 0x7f2f2233e320>,17,25,[8 1],28,32,57,4,31
1,<environment.Job instance at 0x7f2f227050a0>,25,16,[4 8],40,57,73,17,46
1,<environment.Job instance at 0x7f2f22705be0>,24,1,[3 5],39,73,74,34,55
1,<environment.Job instance at 0x7f2f6aaef690>,19,13,[2 6],33,74,87,41,59
1,<environment.Job instance at 0x7f2f22704460>,32,1,[1 8],48,87,88,39,61
1,<environment.Job instance at 0x7f2f6827caf0>,0,22,[10  5],1,1,23,0,1
1,<environment.Job instance at 0x7f2f6827ce60>,8,1,[3 9],15,23,24,8,16
1,<environment.Job instance at 0x7f2f6827c7d0>,4,16,[7 5],7,24,40,17,18
1,<environment.Job instance at 0x7f2f6a463e60>,14,17,[7 4],23,40,57,17,28
1,<environment.Job instance at 0x7f2f6a463730>,9,17,[5 4],17,57,74,40,45
1,<environment.Job instance at 0x7f2f680ca820>,23,19,[5 6],33,57,76,24,53
1,<environment.Job instance at 0x7f2f680ca190>,31,17,[8 1],45,76,93,31,68
1,<environment.Job instance at 0x7f2f6a964c80>,0,15,[2 7],1,1,16,0,1
1,<environment.Job instance at 0x7f2f6a964b40>,3,21,[3 8],7,16,37,9,8
1,<environment.Job instance at 0x7f2f6815a6e0>,15,18,[5 5],27,37,55,10,27
1,<environment.Job instance at 0x7f2f67be1280>,19,13,[2 7],32,55,68,23,39
1,<environment.Job instance at 0x7f2f22640af0>,29,17,[6 4],43,68,85,25,59
1,<environment.Job instance at 0x7ffa15a744b0>,0,18,[9 3],1,1,19,0,1
1,<environment.Job instance at 0x7ffa0e668e60>,8,12,[3 9],12,19,31,7,12
1,<environment.Job instance at 0x7ffa0e66b5a0>,15,16,[4 8],19,31,47,12,30
1,<environment.Job instance at 0x7ffa0e66bb90>,20,25,[5 2],25,31,56,6,30
1,<environment.Job instance at 0x7ffa0e66e460>,28,13,[8 3],36,56,69,20,42
1,<environment.Job instance at 0x7ffa0e66e640>,31,21,[8 4],39,69,90,30,61
1,<environment.Job instance at 0x7ffa15bee640>,3,18,[7 1],6,7,25,1,7
1,<environment.Job instance at 0x7ffa15bf3f50>,12,17,[1 6],16,16,33,0,16
1,<environment.Job instance at 0x7ffa15bf32d0>,8,14,[6 2],12,25,39,13,24
1,<environment.Job instance at 0x7ffa15bf3690>,9,18,[3 8],13,33,51,20,26
1,<environment.Job instance at 0x7ffa15aa1b40>,26,17,[3 8],42,51,68,9,47
1,<environment.Job instance at 0x7ffa15be7280>,30,16,[2 7],51,68,84,17,55
1,<environment.Job instance at 0x7ffa0eb0e730>,34,18,[6 3],56,68,86,12,57
1,<environment.Job instance at 0x7ffa0e4b2aa0>,35,15,[4 5],57,84,99,27,70
1,<environment.Job instance at 0x7ff9caa98e60>,0,27,[7 1],1,4,31,3,4
1,<environment.Job instance at 0x7ff9ca901f50>,24,25,[ 4 10],34,36,61,2,36
1,<environment.Job instance at 0x7ff9ca901730>,25,1,[4 9],35,61,62,26,37
1,<environment.Job instance at 0x7ff9ca9015f0>,27,3,[8 4],37,62,65,25,37
1,<environment.Job instance at 0x7ff9ca901e60>,29,18,[7 2],39,65,83,26,54
1,<environment.Job instance at 0x7ff9ca97b870>,15,17,[5 8],21,83,100,62,76
1,<environment.Job instance at 0x7ff9ca967910>,1,13,[2 8],2,2,15,0,2
1,<environment.Job instance at 0x7ff9cadb4370>,19,2,[9 4],30,30,32,0,30
1,<environment.Job instance at 0x7ff9cadb4f50>,20,12,[6 1],32,32,44,0,32
1,<environment.Job instance at 0x7ff9caaee320>,13,16,[5 8],23,44,60,21,37
1,<environment.Job instance at 0x7ff9cab237d0>,26,20,[1 8],38,60,80,22,53
1,<environment.Job instance at 0x7ff9cab23e10>,27,18,[5 2],42,53,71,11,53
1,<environment.Job instance at 0x7ff9cab230a0>,31,17,[10  4],46,80,97,34,68
1,<environment.Job instance at 0x7ff9cad2f730>,0,1,[5 1],1,1,2,0,1
1,<environment.Job instance at 0x7ff9caa340f0>,1,16,[3 7],2,2,18,0,2
1,<environment.Job instance at 0x7ffa0eac7280>,6,2,[7 5],9,18,20,9,9
1,<environment.Job instance at 0x7ffa0eac7410>,7,16,[5 9],10,20,36,10,10
1,<environment.Job instance at 0x7ffa0ead4550>,23,18,[4 9],30,36,54,6,30
1,<environment.Job instance at 0x7ffa0ead40a0>,18,3,[6 1],25,36,39,11,32
1,<environment.Job instance at 0x7ffa0ead44b0>,25,1,[7 4],36,54,55,18,39
1,<environment.Job instance at 0x7ffa0ead4dc0>,29,14,[4 8],40,55,69,15,40
1,<environment.Job instance at 0x7ffa0ead4280>,21,28,[6 2],28,56,84,28,56
1,<environment.Job instance at 0x7ffa0ead8050>,32,12,[1 5],43,69,81,26,68
1,<environment.Job instance at 0x7ffa0ead85f0>,40,2,[4 5],59,81,83,22,69
1,<environment.Job instance at 0x7ffa0ead8690>,39,16,[1 9],55,84,100,29,71
1,<environment.Job instance at 0x7ffa0eac50f0>,0,13,[2 8],1,1,14,0,1
1,<environment.Job instance at 0x7ff9caf00b90>,2,16,[5 5],3,14,30,11,6
1,<environment.Job instance at 0x7ff9caf00820>,11,1,[3 8],16,30,31,14,17
1,<environment.Job instance at 0x7ff9caf001e0>,4,15,[8 2],5,31,46,26,23
1,<environment.Job instance at 0x7ffa0e515320>,17,17,[5 5],27,46,63,19,34
1,<environment.Job instance at 0x7ffa0e5158c0>,27,16,[5 1],41,55,71,14,55
1,<environment.Job instance at 0x7ffa0eafb410>,28,14,[5 5],43,63,77,20,57
1,<environment.Job instance at 0x7ffa0eafbaa0>,29,27,[5 4],44,71,98,27,69
1,<environment.Job instance at 0x7ff9cadf89b0>,1,1,[2 7],2,2,3,0,2
1,<environment.Job instance at 0x7ffa0e4b8b40>,8,12,[6 2],10,10,22,0,10
1,<environment.Job instance at 0x7ff9cadf1550>,5,14,[3 5],6,17,31,11,17
1,<environment.Job instance at 0x7ffa0e4803c0>,14,14,[1 7],20,31,45,11,20
1,<environment.Job instance at 0x7ffa0e42cc80>,16,3,[4 6],22,45,48,23,22
1,<environment.Job instance at 0x7ffa0e49cdc0>,18,2,[4 9],24,48,50,24,25
1,<environment.Job instance at 0x7ff9cabbd460>,33,18,[10  4],45,50,68,5,45
1,<environment.Job instance at 0x7ffa10c48460>,30,18,[3 6],38,68,86,30,57
1,<environment.Job instance at 0x7ffa10c985f0>,41,19,[5 3],59,71,90,12,71
1,<environment.Job instance at 0x7ffa0e3d0550>,47,12,[2 9],66,90,102,24,78
1,<environment.Job instance at 0x7ff9caf98eb0>,0,14,[ 4 10],2,2,16,0,2
1,<environment.Job instance at 0x7ffa110800a0>,2,2,[3 8],4,16,18,12,4
1,<environment.Job instance at 0x7ff9caff2370>,12,1,[10  4],17,18,19,1,17
1,<environment.Job instance at 0x7ff9caff25a0>,13,3,[7 5],18,19,22,1,18
1,<environment.Job instance at 0x7ffa11080280>,4,3,[10  1],7,22,25,15,18
1,<environment.Job instance at 0x7ff9caff2730>,14,1,[1 5],19,20,21,1,20
1,<environment.Job instance at 0x7ff9caff28c0>,16,18,[1 6],21,25,43,4,21
1,<environment.Job instance at 0x7ff9caff27d0>,15,1,[5 3],20,32,33,12,32
1,<environment.Job instance at 0x7ff9caff2dc0>,20,15,[3 7],26,43,58,17,34
1,<environment.Job instance at 0x7ff9caff2960>,24,1,[1 8],33,64,65,31,64
1,<environment.Job instance at 0x7ff9caff2f50>,25,17,[5 8],34,65,82,31,64
1,<environment.Job instance at 0x7ff9cb018690>,31,15,[6 1],42,82,97,40,68
1,<environment.Job instance at 0x7ff9cb018a50>,37,1,[3 8],50,82,83,32,69
1,<environment.Job instance at 0x7ff9caff2d20>,19,1,[2 5],25,83,84,58,69
1,<environment.Job instance at 0x7ff9caff6be0>,2,1,[3 9],6,6,7,0,6
1,<environment.Job instance at 0x7ff9cadc8690>,18,20,[7 4],27,39,59,12,39
1,<environment.Job instance at 0x7ff9cab86320>,27,13,[9 3],39,59,72,20,55
1,<environment.Job instance at 0x7ffa10f6b140>,33,14,[ 5 10],48,72,86,24,57
1,<environment.Job instance at 0x7ff9cacec730>,1,17,[3 5],2,2,19,0,2
1,<environment.Job instance at 0x7ffa0e776550>,4,13,[4 5],5,11,24,6,11
1,<environment.Job instance at 0x7ff9cada1eb0>,9,1,[9 1],13,24,25,11,13
1,<environment.Job instance at 0x7ff9cacec2d0>,5,15,[1 8],6,24,39,18,17
1,<environment.Job instance at 0x7ff9cae924b0>,18,15,[5 2],24,28,43,4,28
1,<environment.Job instance at 0x7ffa0e454550>,22,15,[1 8],30,39,54,9,30
1,<environment.Job instance at 0x7ffa0e59fbe0>,20,2,[1 6],26,54,56,28,43
1,<environment.Job instance at 0x7ffa10d60550>,31,26,[9 4],39,54,80,15,54
1,<environment.Job instance at 0x7ffa0ea498c0>,36,16,[ 1 10],45,80,96,35,67
1,<environment.Job instance at 0x7ffa10c4c550>,0,15,[4 6],1,1,16,0,1
1,<environment.Job instance at 0x7ffa11170460>,2,12,[8 4],4,16,28,12,5
1,<environment.Job instance at 0x7ffa10c310f0>,9,17,[4 8],15,28,45,13,16
1,<environment.Job instance at 0x7ffa0e7fd190>,10,1,[4 8],16,45,46,29,17
1,<environment.Job instance at 0x7ff9cab44a50>,15,16,[5 1],28,28,44,0,28
1,<environment.Job instance at 0x7ff9cab44410>,14,20,[4 8],27,46,66,19,40
1,<environment.Job instance at 0x7ff9cab659b0>,21,14,[5 1],35,64,78,29,64
1,<environment.Job instance at 0x7ff9cab65960>,25,17,[8 5],44,78,95,34,68
1,<environment.Job instance at 0x7ffa0e9696e0>,0,18,[2 8],1,1,19,0,1
1,<environment.Job instance at 0x7ffa0e9695f0>,5,14,[3 6],10,19,33,9,13
1,<environment.Job instance at 0x7ffa0e969c30>,10,13,[3 5],19,33,46,14,23
1,<environment.Job instance at 0x7ffa0e969e10>,15,15,[5 4],27,31,46,4,31
1,<environment.Job instance at 0x7ffa0e969b40>,17,18,[6 5],31,46,64,15,36
1,<environment.Job instance at 0x7ff9caf6aaf0>,23,18,[8 2],42,64,82,22,56
1,<environment.Job instance at 0x7ffa110c2050>,30,15,[4 5],52,82,97,30,70
1,<environment.Job instance at 0x7ff9cad42f00>,4,1,[2 5],9,9,10,0,9
1,<environment.Job instance at 0x7ffa0e646320>,5,18,[3 5],10,10,28,0,10
1,<environment.Job instance at 0x7ffa0e4b17d0>,8,14,[7 2],13,13,27,0,13
1,<environment.Job instance at 0x7ffa10bedbe0>,7,3,[9 2],12,28,31,16,17
1,<environment.Job instance at 0x7ff9cae95730>,12,3,[9 3],19,31,34,12,19
1,<environment.Job instance at 0x7ff9cae95050>,14,3,[3 8],21,34,37,13,21
1,<environment.Job instance at 0x7ff9ca7057d0>,23,12,[4 5],33,37,49,4,33
1,<environment.Job instance at 0x7ffa1137ef50>,26,14,[5 5],38,38,52,0,38
1,<environment.Job instance at 0x7ffa1137e6e0>,27,2,[8 1],39,52,54,13,39
1,<environment.Job instance at 0x7ffa1137e4b0>,28,18,[10  4],40,54,72,14,43
1,<environment.Job instance at 0x7ffa0e98fdc0>,31,13,[ 3 10],44,72,85,28,57
1,<environment.Job instance at 0x7ffa0e6a4f00>,37,2,[3 8],52,85,87,33,73
1,<environment.Job instance at 0x7ffa0e6a49b0>,38,12,[1 9],53,87,99,34,77
1,<environment.Job instance at 0x7ff9cac2ff00>,0,21,[7 5],1,1,22,0,1
1,<environment.Job instance at 0x7ffa1567cb90>,10,18,[9 5],15,22,40,7,22
1,<environment.Job instance at 0x7ffa110a55f0>,17,1,[ 3 10],23,40,41,17,24
1,<environment.Job instance at 0x7ff9cabad190>,14,15,[8 2],19,41,56,22,33
1,<environment.Job instance at 0x7ffa10c62af0>,13,2,[5 3],18,56,58,38,36
1,<environment.Job instance at 0x7ff9caabf7d0>,26,14,[5 6],36,56,70,20,41
1,<environment.Job instance at 0x7ff9ca725d20>,33,14,[ 1 10],45,70,84,25,57
1,<environment.Job instance at 0x7ff9ca6b5fa0>,38,16,[10  2],51,84,100,33,71
1,<environment.Job instance at 0x7ff9ca845a00>,0,2,[1 7],1,1,3,0,1
1,<environment.Job instance at 0x7ff9cac41550>,2,18,[5 7],5,5,23,0,5
1,<environment.Job instance at 0x7ffa0e6c18c0>,5,3,[6 5],8,23,26,15,13
1,<environment.Job instance at 0x7ffa0e6c1e60>,11,1,[9 5],14,26,27,12,14
1,<environment.Job instance at 0x7ffa0e6c1cd0>,12,15,[7 4],15,27,42,12,15
1,<environment.Job instance at 0x7ffa0e6b6500>,19,17,[10  2],24,42,59,18,38
1,<environment.Job instance at 0x7ffa0e6b6550>,20,14,[3 6],25,59,73,34,51
1,<environment.Job instance at 0x7ffa0e6b6c30>,27,15,[6 3],33,59,74,26,59
1,<environment.Job instance at 0x7ffa0e6b6dc0>,29,16,[10  2],35,74,90,39,61
1,<environment.Job instance at 0x7ff9ca845870>,4,12,[ 4 10],7,90,102,83,75
1,<environment.Job instance at 0x7ffa1139b1e0>,0,1,[2 9],1,1,2,0,1
1,<environment.Job instance at 0x7ffa1139b0a0>,3,15,[10  2],6,6,21,0,6
1,<environment.Job instance at 0x7ffa1139b280>,7,1,[5 2],12,21,22,9,15
1,<environment.Job instance at 0x7ffa1139ba50>,6,13,[9 5],9,22,35,13,16
1,<environment.Job instance at 0x7ffa1139be60>,8,13,[6 1],14,35,48,21,30
1,<environment.Job instance at 0x7ff9caf955a0>,21,14,[5 6],31,48,62,17,33
1,<environment.Job instance at 0x7ff9cadbd140>,29,14,[5 7],42,62,76,20,48
1,<environment.Job instance at 0x7ffa10bfbb40>,20,16,[4 8],30,76,92,46,64
1,<environment.Job instance at 0x7ff9ca8bedc0>,1,17,[7 4],3,3,20,0,3
1,<environment.Job instance at 0x7ffa113845f0>,16,2,[5 2],22,22,24,0,22
1,<environment.Job instance at 0x7ff9cae92b90>,18,17,[8 1],25,25,42,0,25
1,<environment.Job instance at 0x7ffa0e8a5d20>,19,2,[3 8],28,42,44,14,28
1,<environment.Job instance at 0x7ffa11384730>,10,19,[5 6],13,44,63,31,35
1,<environment.Job instance at 0x7ffa10f040a0>,30,13,[10  3],50,63,76,13,51
1,<environment.Job instance at 0x7ff9cac6b4b0>,35,14,[4 7],59,76,90,17,61
1,<environment.Job instance at 0x7ff9cac6b8c0>,37,12,[ 5 10],62,90,102,28,76
1,<environment.Job instance at 0x7ff9cae3db40>,0,13,[5 5],1,1,14,0,1
1,<environment.Job instance at 0x7ffa0e5ed870>,5,13,[4 8],6,17,30,11,17
1,<environment.Job instance at 0x7ffa0ea43320>,15,15,[6 1],18,19,34,1,19
1,<environment.Job instance at 0x7ffa0ea43f50>,16,16,[3 6],20,30,46,10,20
1,<environment.Job instance at 0x7ff9ca935a50>,11,17,[6 4],13,34,51,21,34
1,<environment.Job instance at 0x7ff9ca80b190>,14,23,[ 1 10],17,51,74,34,46
1,<environment.Job instance at 0x7ff9cafe8500>,34,15,[1 7],50,74,89,24,60
1,<environment.Job instance at 0x7ff9caf778c0>,2,17,[1 9],4,4,21,0,4
1,<environment.Job instance at 0x7ff9cad0df00>,6,1,[7 5],8,21,22,13,8
1,<environment.Job instance at 0x7ff9cad0d730>,11,18,[9 3],14,22,40,8,17
1,<environment.Job instance at 0x7ffa0e42aaa0>,27,14,[2 6],35,40,54,5,36
1,<environment.Job instance at 0x7ffa0e42ab40>,31,18,[2 6],39,54,72,15,43
1,<environment.Job instance at 0x7ffa1137ed70>,39,15,[10  3],48,72,87,24,59
1,<environment.Job instance at 0x7ffa0e42a230>,28,12,[2 9],36,87,99,51,78
1,<environment.Job instance at 0x7ff9cae3b7d0>,0,14,[7 3],2,2,16,0,2
1,<environment.Job instance at 0x7ff9cad12b90>,1,16,[6 4],3,16,32,13,4
1,<environment.Job instance at 0x7ffa1133ba50>,17,17,[3 8],25,36,53,11,36
1,<environment.Job instance at 0x7ff9cac72f50>,26,17,[8 3],43,61,78,18,61
1,<environment.Job instance at 0x7ffa113840a0>,25,18,[9 5],42,78,96,36,72
1,<environment.Job instance at 0x7f7bdb0a7370>,1,14,[7 4],3,3,17,0,3
1,<environment.Job instance at 0x7f7bdb0a7410>,7,15,[4 9],11,17,32,6,11
1,<environment.Job instance at 0x7f7bd3c98730>,12,3,[1 8],16,32,35,16,19
1,<environment.Job instance at 0x7f7bd3c9c050>,18,15,[5 6],22,35,50,13,22
1,<environment.Job instance at 0x7f7bd3c9cc30>,27,17,[ 5 10],35,50,67,15,38
1,<environment.Job instance at 0x7f7bd3c9cf00>,31,21,[8 4],39,67,88,28,60
1,<environment.Job instance at 0x7f7bd3c9d3c0>,35,13,[7 1],45,88,101,43,79
1,<environment.Job instance at 0x7f7bd3c9daa0>,46,14,[6 1],58,101,115,43,88
1,<environment.Job instance at 0x7f7bd3c9dc30>,2,18,[3 8],3,3,21,0,3
1,<environment.Job instance at 0x7f7bdb215280>,6,18,[6 5],10,21,39,11,10
1,<environment.Job instance at 0x7f7bdb21b2d0>,12,13,[5 3],22,39,52,17,23
1,<environment.Job instance at 0x7f7bdb21b910>,15,15,[7 2],27,52,67,25,42
1,<environment.Job instance at 0x7f7bdb21c690>,23,16,[2 7],41,46,62,5,46
1,<environment.Job instance at 0x7f7bdb214870>,28,15,[4 5],47,67,82,20,53
1,<environment.Job instance at 0x7f7bdb21e1e0>,19,17,[3 8],32,82,99,50,76
1,<environment.Job instance at 0x7f7bdb223910>,35,3,[9 2],55,99,102,44,83
1,<environment.Job instance at 0x7f7bdb2234b0>,39,2,[4 9],61,102,104,41,83
1,<environment.Job instance at 0x7f7b8ff935f0>,0,17,[5 8],1,1,18,0,1
1,<environment.Job instance at 0x7f7b8ff8ccd0>,17,1,[1 6],23,23,24,0,23
1,<environment.Job instance at 0x7f7b8ff8c230>,18,16,[8 5],24,24,40,0,24
1,<environment.Job instance at 0x7f7b8ff8ce60>,20,14,[8 4],26,40,54,14,26
1,<environment.Job instance at 0x7f7b8ff84b90>,28,1,[ 5 10],37,54,55,17,48
1,<environment.Job instance at 0x7f7b8ff84910>,29,3,[2 6],38,48,51,10,48
1,<environment.Job instance at 0x7f7b8ff84960>,30,14,[7 3],39,55,69,16,51
1,<environment.Job instance at 0x7f7b8ff84820>,23,24,[6 2],31,69,93,38,65
1,<environment.Job instance at 0x7f7b8ff75820>,34,17,[1 7],44,76,93,32,76
1,<environment.Job instance at 0x7f7b8ff6afa0>,40,15,[5 5],53,93,108,40,79
1,<environment.Job instance at 0x7f7b8ff6abe0>,43,16,[4 5],58,93,109,35,80
1,<environment.Job instance at 0x7f7b90091d70>,0,12,[6 1],2,2,14,0,2
1,<environment.Job instance at 0x7f7b90091b90>,1,25,[9 4],3,16,41,13,16
1,<environment.Job instance at 0x7f7bd3a86780>,14,16,[9 3],19,41,57,22,28
1,<environment.Job instance at 0x7f7bd3a86d20>,19,26,[9 2],29,57,83,28,56
1,<environment.Job instance at 0x7f7b902bc410>,28,1,[5 5],41,83,84,42,59
1,<environment.Job instance at 0x7f7b900f4f00>,32,2,[8 4],46,84,86,38,68
1,<environment.Job instance at 0x7f7b900f4280>,33,13,[ 5 10],47,86,99,39,70
1,<environment.Job instance at 0x7f7b900f4050>,40,15,[10  5],56,99,114,43,85
1,<environment.Job instance at 0x7f7b90091140>,0,12,[8 4],1,1,13,0,1
1,<environment.Job instance at 0x7f7b9039d460>,11,18,[5 5],20,20,38,0,20
1,<environment.Job instance at 0x7f7b9038be10>,5,16,[5 9],8,38,54,30,27
1,<environment.Job instance at 0x7f7b9039de60>,21,1,[8 3],36,54,55,18,39
1,<environment.Job instance at 0x7f7b90398190>,22,20,[8 3],38,55,75,17,48
1,<environment.Job instance at 0x7f7b903987d0>,27,16,[5 5],43,75,91,32,62
1,<environment.Job instance at 0x7f7b90398410>,25,13,[2 8],41,91,104,50,76
1,<environment.Job instance at 0x7f7b9039d1e0>,1,12,[ 3 10],3,3,15,0,3
1,<environment.Job instance at 0x7f7bd3a733c0>,6,3,[1 7],10,15,18,5,10
1,<environment.Job instance at 0x7f7bd4001c30>,16,26,[8 5],23,25,51,2,25
1,<environment.Job instance at 0x7f7bd40011e0>,14,2,[1 5],20,31,33,11,31
1,<environment.Job instance at 0x7f7bd3addc30>,24,1,[2 7],32,51,52,19,32
1,<environment.Job instance at 0x7f7bd3a7ceb0>,25,15,[8 1],33,51,66,18,38
1,<environment.Job instance at 0x7f7bd49b5d20>,35,18,[8 4],46,66,84,20,63
1,<environment.Job instance at 0x7f7bd3e2c230>,41,2,[4 9],54,84,86,30,66
1,<environment.Job instance at 0x7f7b902888c0>,46,2,[5 4],59,86,88,27,66
1,<environment.Job instance at 0x7f7b90288d20>,50,17,[ 1 10],63,88,105,25,76
1,<environment.Job instance at 0x7f7bd4738be0>,1,3,[5 2],2,2,5,0,2
1,<environment.Job instance at 0x7f7bd3d15500>,2,12,[6 2],3,5,17,2,3
1,<environment.Job instance at 0x7f7bd4061dc0>,4,17,[2 9],5,17,34,12,5
1,<environment.Job instance at 0x7f7bd47e8af0>,15,2,[1 8],20,34,36,14,26
1,<environment.Job instance at 0x7f7bd47e8e60>,12,17,[8 3],14,36,53,22,28
1,<environment.Job instance at 0x7f7b9028ab90>,25,28,[4 8],34,58,86,24,58
1,<environment.Job instance at 0x7f7bd3a710a0>,29,3,[7 5],38,86,89,48,63
1,<environment.Job instance at 0x7f7b904593c0>,35,1,[2 5],45,86,87,41,70
1,<environment.Job instance at 0x7f7b90459dc0>,36,15,[3 7],46,89,104,43,75
1,<environment.Job instance at 0x7f7bd4911d20>,0,20,[5 4],1,1,21,0,1
1,<environment.Job instance at 0x7f7bd3b97780>,6,16,[9 4],9,21,37,12,9
1,<environment.Job instance at 0x7f7bd3b834b0>,22,12,[2 5],34,38,50,4,38
1,<environment.Job instance at 0x7f7bd3b837d0>,23,18,[8 1],35,38,56,3,38
1,<environment.Job instance at 0x7f7bd3b94050>,30,3,[5 1],44,56,59,12,44
1,<environment.Job instance at 0x7f7bd3b945f0>,32,15,[1 6],47,50,65,3,47
1,<environment.Job instance at 0x7f7bd3b94320>,34,13,[9 3],49,59,72,10,57
1,<environment.Job instance at 0x7f7bd3b83dc0>,28,15,[5 5],42,72,87,30,59
1,<environment.Job instance at 0x7f7bd3b94d70>,41,26,[5 4],59,72,98,13,69
1,<environment.Job instance at 0x7f7bd3b8ac80>,1,17,[3 5],2,2,19,0,2
1,<environment.Job instance at 0x7f7bd3bd2640>,5,15,[1 8],6,19,34,13,14
1,<environment.Job instance at 0x7f7b9025bd20>,14,19,[4 9],20,34,53,14,34
1,<environment.Job instance at 0x7f7b900ae2d0>,25,13,[5 7],33,53,66,20,44
1,<environment.Job instance at 0x7f7b8ff43280>,27,12,[5 5],35,66,78,31,51
1,<environment.Job instance at 0x7f7b8fe3ff00>,31,26,[9 4],39,78,104,39,76
1,<environment.Job instance at 0x7f7b90366050>,3,17,[4 8],5,5,22,0,5
1,<environment.Job instance at 0x7f7b902484b0>,13,1,[10  2],23,23,24,0,23
1,<environment.Job instance at 0x7f7bd3eb5c30>,14,20,[5 7],24,24,44,0,24
1,<environment.Job instance at 0x7f7b902489b0>,15,14,[5 1],25,25,39,0,25
1,<environment.Job instance at 0x7f7b902481e0>,16,3,[4 6],26,44,47,18,26
1,<environment.Job instance at 0x7f7b90598780>,17,13,[3 9],28,47,60,19,31
1,<environment.Job instance at 0x7f7bd46fc410>,9,16,[5 1],18,45,61,27,45
1,<environment.Job instance at 0x7f7bd3fdb960>,24,15,[3 7],42,60,75,18,47
1,<environment.Job instance at 0x7f7b903c1c80>,19,17,[8 5],34,75,92,41,74
1,<environment.Job instance at 0x7f7b902fc640>,35,17,[5 8],53,92,109,39,87
1,<environment.Job instance at 0x7f7b902fc3c0>,2,1,[4 7],6,6,7,0,6
1,<environment.Job instance at 0x7f7b903dcbe0>,3,15,[5 4],7,7,22,0,7
1,<environment.Job instance at 0x7f7bd4447690>,1,26,[2 5],2,10,36,8,10
1,<environment.Job instance at 0x7f7bd41e75a0>,7,15,[6 5],16,23,38,7,23
1,<environment.Job instance at 0x7f7bd434e140>,10,17,[1 8],20,38,55,18,28
1,<environment.Job instance at 0x7f7b904667d0>,31,1,[1 9],54,55,56,1,54
1,<environment.Job instance at 0x7f7b9048e690>,32,14,[3 7],55,56,70,1,55
1,<environment.Job instance at 0x7f7b9048e910>,33,12,[4 9],57,70,82,13,57
1,<environment.Job instance at 0x7f7b904d95a0>,21,18,[6 3],36,82,100,46,73
1,<environment.Job instance at 0x7f7b90462050>,47,2,[7 4],76,100,102,24,87
1,<environment.Job instance at 0x7f7bd46457d0>,0,13,[7 5],1,1,14,0,1
1,<environment.Job instance at 0x7f7b90183a50>,8,18,[9 1],11,14,32,3,11
1,<environment.Job instance at 0x7f7b901832d0>,15,16,[3 8],21,32,48,11,21
1,<environment.Job instance at 0x7f7b90183d20>,12,18,[10  3],17,48,66,31,38
1,<environment.Job instance at 0x7f7bd3d96280>,32,15,[6 1],46,66,81,20,58
1,<environment.Job instance at 0x7f7bd3d96550>,35,2,[1 5],50,66,68,16,65
1,<environment.Job instance at 0x7f7bd4668d20>,27,17,[7 5],38,81,98,43,71
1,<environment.Job instance at 0x7f7b8fd12be0>,4,14,[ 1 10],5,5,19,0,5
1,<environment.Job instance at 0x7f7b9026eaa0>,9,16,[10  2],11,19,35,8,11
1,<environment.Job instance at 0x7f7bd40b46e0>,15,15,[4 7],18,35,50,17,25
1,<environment.Job instance at 0x7f7bd3e0a500>,21,15,[8 4],24,50,65,26,36
1,<environment.Job instance at 0x7f7bd40b4d20>,17,16,[5 6],20,65,81,45,53
1,<environment.Job instance at 0x7f7b904ec5a0>,32,1,[8 4],37,81,82,44,59
1,<environment.Job instance at 0x7f7b904ec960>,37,18,[5 7],45,82,100,37,71
1,<environment.Job instance at 0x7f7b904ec0a0>,40,3,[6 5],48,100,103,52,81
1,<environment.Job instance at 0x7f7bd4723b40>,0,14,[3 5],3,3,17,0,3
1,<environment.Job instance at 0x7f7bd4590820>,1,12,[4 7],4,17,29,13,4
1,<environment.Job instance at 0x7f7bd3d51b90>,18,14,[10  5],27,29,43,2,27
1,<environment.Job instance at 0x7f7bd3d638c0>,22,13,[8 2],35,43,56,8,35
1,<environment.Job instance at 0x7f7bd414faa0>,25,24,[10  4],38,57,81,19,57
1,<environment.Job instance at 0x7f7b8ff6a0a0>,30,1,[4 8],46,81,82,35,64
1,<environment.Job instance at 0x7f7bd3ce05a0>,38,13,[2 7],58,82,95,24,75
1,<environment.Job instance at 0x7f7bd3ce0870>,41,14,[5 6],61,95,109,34,81
1,<environment.Job instance at 0x7f7b8ff34870>,1,19,[1 9],2,3,22,1,3
1,<environment.Job instance at 0x7f7b8fe44cd0>,11,14,[7 3],19,23,37,4,23
1,<environment.Job instance at 0x7f7b8fe49500>,18,1,[5 5],27,37,38,10,34
1,<environment.Job instance at 0x7f7b8fe49370>,16,14,[3 5],25,36,50,11,36
1,<environment.Job instance at 0x7f7b8fe49a00>,23,19,[5 6],33,50,69,17,43
1,<environment.Job instance at 0x7f7b8fe51640>,32,2,[3 8],48,69,71,21,60
1,<environment.Job instance at 0x7f7b8fe518c0>,34,13,[8 5],57,71,84,14,61
1,<environment.Job instance at 0x7f7b8fe49730>,19,14,[10  3],28,84,98,56,69
1,<environment.Job instance at 0x7f7b8fe51dc0>,41,3,[6 3],65,98,101,33,83
1,<environment.Job instance at 0x7f7b8fe51f00>,38,12,[1 8],62,101,113,39,84
1,<environment.Job instance at 0x7f7bd4004f00>,6,16,[10  3],10,10,26,0,10
1,<environment.Job instance at 0x7f7bd3f986e0>,9,14,[9 5],13,26,40,13,19
1,<environment.Job instance at 0x7f7bd3f98b90>,18,17,[6 4],23,43,60,20,43
1,<environment.Job instance at 0x7f7bd3e41b40>,29,2,[9 1],42,60,62,18,60
1,<environment.Job instance at 0x7f7bd3e415a0>,30,13,[5 8],43,62,75,19,60
1,<environment.Job instance at 0x7f7bd3e41cd0>,32,1,[9 3],47,75,76,28,60
1,<environment.Job instance at 0x7f7bd3e41410>,33,3,[ 3 10],48,76,79,28,60
1,<environment.Job instance at 0x7f7bd3e41140>,34,13,[6 2],49,79,92,30,63
1,<environment.Job instance at 0x7f7bd4556280>,2,17,[1 9],4,4,21,0,4
1,<environment.Job instance at 0x7f7bd3c91be0>,3,12,[3 6],5,21,33,16,5
1,<environment.Job instance at 0x7f7bd4337320>,19,19,[3 7],25,33,52,8,28
1,<environment.Job instance at 0x7f7b9063c2d0>,22,15,[9 2],29,52,67,23,38
1,<environment.Job instance at 0x7f7bd43375a0>,20,3,[5 8],26,67,70,41,41
1,<environment.Job instance at 0x7f7bd49caaf0>,32,13,[5 7],41,70,83,29,54
1,<environment.Job instance at 0x7f7bd47c9d70>,38,16,[ 5 10],47,83,99,36,71
1,<environment.Job instance at 0x7f7bd47c9320>,39,15,[10  3],48,99,114,51,86
1,<environment.Job instance at 0x7f7bd4618370>,2,16,[1 7],5,5,21,0,5
1,<environment.Job instance at 0x7f7b90558460>,11,17,[3 8],15,21,38,6,19
1,<environment.Job instance at 0x7f7b90558a50>,16,14,[10  3],25,38,52,13,29
1,<environment.Job instance at 0x7f7b9053e500>,25,24,[ 1 10],40,52,76,12,47
1,<environment.Job instance at 0x7f7b90524460>,37,14,[9 3],59,76,90,17,61
1,<environment.Job instance at 0x7f7b90524730>,39,16,[4 5],62,90,106,28,78
1,<environment.Job instance at 0x7f7b90524d70>,49,1,[8 2],75,106,107,31,86
1,<environment.Job instance at 0x7f7b90524e60>,50,1,[4 9],77,107,108,30,86
1,<environment.Job instance at 0x7f7b90545230>,51,1,[6 3],79,90,91,11,86
1,<environment.Job instance at 0x7f7b90545050>,52,1,[10  4],84,108,109,24,88
1,<environment.Job instance at 0x7f7bd3a030a0>,4,1,[6 3],6,6,7,0,6
1,<environment.Job instance at 0x7f7bd3a033c0>,5,2,[2 7],7,7,9,0,7
1,<environment.Job instance at 0x7f7b901dcd70>,7,14,[3 5],10,14,28,4,14
1,<environment.Job instance at 0x7f7b8ffc4fa0>,13,13,[10  1],19,28,41,9,19
1,<environment.Job instance at 0x7f7b8ffc4910>,14,16,[9 4],20,41,57,21,28
1,<environment.Job instance at 0x7f7b8ffc4eb0>,19,15,[9 4],28,57,72,29,44
1,<environment.Job instance at 0x7f7bd46a0d70>,31,12,[4 8],41,72,84,31,65
1,<environment.Job instance at 0x7f7bd3dba0a0>,34,3,[1 9],44,84,87,40,66
1,<environment.Job instance at 0x7f7bd4649c80>,33,12,[3 5],43,87,99,44,70
1,<environment.Job instance at 0x7f7b8ffd3280>,36,1,[ 1 10],46,99,100,53,75
1,<environment.Job instance at 0x7f7b8ffb4b40>,40,15,[3 6],53,100,115,47,86
1,<environment.Job instance at 0x7f7b8ffb4b90>,2,18,[ 4 10],6,7,25,1,7
1,<environment.Job instance at 0x7f7bd3e2aeb0>,11,23,[1 6],18,25,48,7,21
1,<environment.Job instance at 0x7f7bd41f3050>,20,1,[4 7],30,48,49,18,30
1,<environment.Job instance at 0x7f7bd41f3f00>,21,2,[5 8],31,49,51,18,31
1,<environment.Job instance at 0x7f7bd42712d0>,22,3,[ 1 10],32,51,54,19,32
1,<environment.Job instance at 0x7f7bd3c32fa0>,3,16,[8 4],7,54,70,47,41
1,<environment.Job instance at 0x7f7b902a8640>,30,18,[4 5],40,74,92,34,74
1,<environment.Job instance at 0x7fb21d5c26e0>,1,14,[7 4],3,3,17,0,3
1,<environment.Job instance at 0x7fb218129190>,3,16,[1 8],5,17,33,12,6
1,<environment.Job instance at 0x7fb21812d870>,24,15,[7 2],30,30,45,0,30
1,<environment.Job instance at 0x7fb21812d9b0>,25,12,[5 2],32,45,57,13,34
1,<environment.Job instance at 0x7fb21812df50>,30,1,[8 1],38,57,58,19,39
1,<environment.Job instance at 0x7fb21812e0f0>,31,21,[8 4],39,58,79,19,51
1,<environment.Job instance at 0x7fb21812d960>,27,17,[ 5 10],35,79,96,44,67
1,<environment.Job instance at 0x7fb218130140>,49,18,[10  2],62,96,114,34,86
1,<environment.Job instance at 0x7fb21812e050>,0,12,[6 1],3,3,15,0,3
1,<environment.Job instance at 0x7fb21d561320>,4,14,[2 5],9,20,34,11,20
1,<environment.Job instance at 0x7fb21d6ad3c0>,13,15,[5 7],25,34,49,9,27
1,<environment.Job instance at 0x7fb21d6aa280>,18,2,[6 5],33,49,51,16,33
1,<environment.Job instance at 0x7fb21d6aa820>,19,12,[10  1],34,51,63,17,34
1,<environment.Job instance at 0x7fb21d6b40f0>,25,12,[ 1 10],41,63,75,22,46
1,<environment.Job instance at 0x7fb21d6b4910>,20,18,[6 3],36,75,93,39,64
1,<environment.Job instance at 0x7fb21d6a2960>,8,15,[7 2],17,93,108,76,80
1,<environment.Job instance at 0x7fb21d6afa50>,41,12,[5 1],64,108,120,44,91
1,<environment.Job instance at 0x7fb21d6af4b0>,36,17,[1 9],58,108,125,50,96
1,<environment.Job instance at 0x7fb21d5c0690>,1,1,[1 6],3,4,5,1,4
1,<environment.Job instance at 0x7fb1d252fd70>,3,17,[8 4],5,5,22,0,5
1,<environment.Job instance at 0x7fb1d242ef00>,15,12,[9 4],20,22,34,2,20
1,<environment.Job instance at 0x7fb1d242e6e0>,14,14,[7 3],19,34,48,15,25
1,<environment.Job instance at 0x7fb1d2450410>,22,14,[5 9],30,48,62,18,33
1,<environment.Job instance at 0x7fb1d24509b0>,24,15,[5 5],33,62,77,29,48
1,<environment.Job instance at 0x7fb1d24500a0>,27,16,[4 5],38,62,78,24,49
1,<environment.Job instance at 0x7fb1d252f0a0>,11,15,[5 9],16,78,93,62,75
1,<environment.Job instance at 0x7fb1d2428cd0>,43,16,[5 8],63,93,109,30,91
1,<environment.Job instance at 0x7fb1d29fd640>,0,2,[2 8],1,1,3,0,1
1,<environment.Job instance at 0x7fb1d29fd3c0>,3,17,[ 4 10],6,6,23,0,6
1,<environment.Job instance at 0x7fb1d289af50>,7,1,[5 5],11,23,24,12,13
1,<environment.Job instance at 0x7fb1d2880910>,16,16,[3 7],22,25,41,3,25
1,<environment.Job instance at 0x7fb1d2880780>,19,15,[10  5],26,41,56,15,28
1,<environment.Job instance at 0x7fb1d27e80f0>,35,15,[10  5],47,56,71,9,48
1,<environment.Job instance at 0x7fb1d27e5d20>,39,18,[3 8],54,71,89,17,61
1,<environment.Job instance at 0x7fb1d28e10f0>,46,19,[5 4],62,89,108,27,79
1,<environment.Job instance at 0x7fb1d2388b90>,54,16,[1 9],75,108,124,33,95
1,<environment.Job instance at 0x7fb1d28b7e60>,0,13,[2 8],1,1,14,0,1
1,<environment.Job instance at 0x7fb1d282cfa0>,2,16,[5 5],3,14,30,11,3
1,<environment.Job instance at 0x7fb1d27e5370>,5,12,[9 3],6,30,42,24,20
1,<environment.Job instance at 0x7fb1d2822230>,20,18,[3 8],31,42,60,11,31
1,<environment.Job instance at 0x7fb1d28229b0>,27,16,[5 1],41,44,60,3,44
1,<environment.Job instance at 0x7fb1d2822960>,28,14,[5 5],43,60,74,17,45
1,<environment.Job instance at 0x7fb1d2813d70>,18,14,[10  3],28,74,88,46,65
1,<environment.Job instance at 0x7fb1d2822dc0>,31,1,[4 7],48,88,89,40,70
1,<environment.Job instance at 0x7fb1d28202d0>,37,2,[5 8],56,89,91,33,76
1,<environment.Job instance at 0x7fb1d2820460>,38,2,[1 9],57,91,93,34,77
1,<environment.Job instance at 0x7fb1d28208c0>,45,27,[9 5],68,93,120,25,92
1,<environment.Job instance at 0x7fb1d282b500>,0,2,[6 1],1,1,3,0,1
1,<environment.Job instance at 0x7fb217ed8050>,5,3,[5 5],6,6,9,0,6
1,<environment.Job instance at 0x7fb1d25a8c30>,10,13,[1 9],11,11,24,0,11
1,<environment.Job instance at 0x7fb21d55c5f0>,15,18,[3 6],18,24,42,6,18
1,<environment.Job instance at 0x7fb2183946e0>,13,1,[1 6],14,42,43,28,25
1,<environment.Job instance at 0x7fb218e1a9b0>,20,1,[3 5],27,43,44,16,27
1,<environment.Job instance at 0x7fb217ed84b0>,7,17,[4 8],8,44,61,36,34
1,<environment.Job instance at 0x7fb2182bb5f0>,31,17,[2 9],45,61,78,16,51
1,<environment.Job instance at 0x7fb218713e10>,36,12,[7 5],50,78,90,28,63
1,<environment.Job instance at 0x7fb21871fb40>,40,13,[7 2],55,90,103,35,74
1,<environment.Job instance at 0x7fb21871fc30>,48,25,[2 8],68,90,115,22,88
1,<environment.Job instance at 0x7fb2181b7cd0>,2,2,[2 9],3,3,5,0,3
1,<environment.Job instance at 0x7fb1d26f9190>,7,1,[3 8],10,10,11,0,10
1,<environment.Job instance at 0x7fb2186f56e0>,16,2,[1 9],21,21,23,0,21
1,<environment.Job instance at 0x7fb218e5c780>,26,15,[ 5 10],35,44,59,9,44
1,<environment.Job instance at 0x7fb218e5c5a0>,29,16,[9 4],39,59,75,20,46
1,<environment.Job instance at 0x7fb218e5cb40>,27,17,[5 6],36,75,92,39,65
1,<environment.Job instance at 0x7fb1d272d730>,18,16,[7 2],23,92,108,69,80
1,<environment.Job instance at 0x7fb21836f190>,55,15,[1 6],77,93,108,16,93
1,<environment.Job instance at 0x7fb21836f2d0>,56,17,[10  1],78,108,125,30,99
1,<environment.Job instance at 0x7fb1d27db410>,0,14,[ 3 10],1,1,15,0,1
1,<environment.Job instance at 0x7fb217f48d70>,10,13,[5 7],15,15,28,0,15
1,<environment.Job instance at 0x7fb217f1db40>,20,15,[1 8],26,29,44,3,29
1,<environment.Job instance at 0x7fb217f1df00>,23,27,[8 2],31,32,59,1,32
1,<environment.Job instance at 0x7fb217f2fc30>,33,15,[5 2],44,59,74,15,53
1,<environment.Job instance at 0x7fb217f2fc80>,35,2,[1 6],46,54,56,8,54
1,<environment.Job instance at 0x7fb217f2fe10>,37,15,[1 8],50,56,71,6,55
1,<environment.Job instance at 0x7fb217f2fe60>,39,22,[4 7],52,71,93,19,64
1,<environment.Job instance at 0x7fb217f13140>,41,2,[5 1],54,74,76,20,65
1,<environment.Job instance at 0x7fb217f137d0>,44,12,[ 2 10],57,93,105,36,77
1,<environment.Job instance at 0x7fb217f139b0>,47,13,[8 3],60,105,118,45,95
1,<environment.Job instance at 0x7fb1d26ab320>,0,15,[4 6],1,1,16,0,1
1,<environment.Job instance at 0x7fb21866d370>,5,14,[10  1],10,16,30,6,10
1,<environment.Job instance at 0x7fb1d22b17d0>,14,20,[4 8],27,30,50,3,28
1,<environment.Job instance at 0x7fb217f5fc80>,13,17,[10  5],25,50,67,25,41
1,<environment.Job instance at 0x7fb217f0caa0>,25,17,[8 5],44,67,84,23,65
1,<environment.Job instance at 0x7fb1d23d8a00>,31,17,[9 3],53,84,101,31,72
1,<environment.Job instance at 0x7fb2183d6a00>,37,3,[8 5],59,101,104,42,97
1,<environment.Job instance at 0x7fb2181c5be0>,38,18,[1 5],60,97,115,37,97
1,<environment.Job instance at 0x7fb2183a5410>,1,26,[2 5],2,2,28,0,2
1,<environment.Job instance at 0x7fb217fdcaa0>,3,15,[5 4],7,7,22,0,7
1,<environment.Job instance at 0x7fb218b08d70>,5,18,[6 5],11,22,40,11,11
1,<environment.Job instance at 0x7fb1d27a8640>,17,28,[5 9],31,45,73,14,45
1,<environment.Job instance at 0x7fb218131690>,32,14,[3 7],55,73,87,18,58
1,<environment.Job instance at 0x7fb2185c55a0>,35,16,[5 6],59,87,103,28,84
1,<environment.Job instance at 0x7fb1d2772690>,45,14,[7 2],73,103,117,30,89
1,<environment.Job instance at 0x7fb1d2772b40>,2,13,[ 3 10],4,4,17,0,4
1,<environment.Job instance at 0x7fb2181e8820>,3,2,[2 8],6,17,19,11,6
1,<environment.Job instance at 0x7fb1d28f9be0>,6,12,[10  2],9,19,31,10,9
1,<environment.Job instance at 0x7fb1d29180f0>,13,25,[7 5],20,31,56,11,29
1,<environment.Job instance at 0x7fb1d2918d20>,20,1,[5 4],29,56,57,27,31
1,<environment.Job instance at 0x7fb1d2918f50>,22,18,[2 5],33,33,51,0,33
1,<environment.Job instance at 0x7fb1d292f140>,24,15,[6 1],36,57,72,21,43
1,<environment.Job instance at 0x7fb1d292f190>,23,15,[1 8],34,57,72,23,46
1,<environment.Job instance at 0x7fb1d292f3c0>,26,15,[ 3 10],39,72,87,33,58
1,<environment.Job instance at 0x7fb1d292a0f0>,38,18,[9 5],55,87,105,32,76
1,<environment.Job instance at 0x7fb1d292feb0>,36,18,[1 6],50,105,123,55,97
1,<environment.Job instance at 0x7fb1d292a8c0>,2,17,[3 8],3,3,20,0,3
1,<environment.Job instance at 0x7fb1d26728c0>,15,16,[9 4],19,20,36,1,19
1,<environment.Job instance at 0x7fb1d2672190>,13,13,[5 5],16,36,49,20,29
1,<environment.Job instance at 0x7fb1d2560e10>,21,12,[ 4 10],27,49,61,22,39
1,<environment.Job instance at 0x7fb1d29b7280>,29,15,[7 4],35,61,76,26,50
1,<environment.Job instance at 0x7fb1d24aeb90>,32,28,[7 3],39,87,115,48,87
1,<environment.Job instance at 0x7fb2187615a0>,4,14,[ 5 10],7,7,21,0,7
1,<environment.Job instance at 0x7fb218761f50>,6,13,[9 5],9,21,34,12,12
1,<environment.Job instance at 0x7fb218761320>,14,13,[2 6],23,34,47,11,23
1,<environment.Job instance at 0x7fb218093640>,16,1,[7 1],25,34,35,9,25
1,<environment.Job instance at 0x7fb218093e10>,19,1,[3 5],29,47,48,18,29
1,<environment.Job instance at 0x7fb218093be0>,20,16,[4 8],30,48,64,18,35
1,<environment.Job instance at 0x7fb2185d55f0>,26,19,[6 1],37,39,58,2,39
1,<environment.Job instance at 0x7fb218093cd0>,22,18,[5 5],32,64,82,32,57
1,<environment.Job instance at 0x7fb1d22c48c0>,33,12,[6 2],46,82,94,36,75
1,<environment.Job instance at 0x7fb1d22c4d70>,40,13,[6 1],54,94,107,40,78
1,<environment.Job instance at 0x7fb1d22c4a00>,35,25,[4 6],48,82,107,34,79
1,<environment.Job instance at 0x7fb218270be0>,49,16,[7 5],67,107,123,40,94
1,<environment.Job instance at 0x7fb217fff410>,3,2,[3 8],8,8,10,0,8
1,<environment.Job instance at 0x7fb218730b90>,6,15,[5 5],18,18,33,0,18
1,<environment.Job instance at 0x7fb21875f820>,13,27,[8 4],29,33,60,4,31
1,<environment.Job instance at 0x7fb2184ffd20>,24,13,[1 8],48,60,73,12,51
1,<environment.Job instance at 0x7fb2185162d0>,30,18,[5 5],57,78,96,21,78
1,<environment.Job instance at 0x7fb1d29bcb90>,33,13,[5 5],61,82,95,21,82
1,<environment.Job instance at 0x7fb218c98b40>,34,13,[2 7],62,96,109,34,85
1,<environment.Job instance at 0x7fb1d272cb40>,0,24,[5 3],1,1,25,0,1
1,<environment.Job instance at 0x7fb218188a00>,6,2,[7 3],12,25,27,13,12
1,<environment.Job instance at 0x7fb2189e2370>,22,12,[ 2 10],32,49,61,17,49
1,<environment.Job instance at 0x7fb217f7b3c0>,23,14,[10  1],33,61,75,28,49
1,<environment.Job instance at 0x7fb1d260e640>,18,20,[6 2],28,75,95,47,72
1,<environment.Job instance at 0x7fb21836c230>,29,20,[3 6],40,76,96,36,76
1,<environment.Job instance at 0x7fb1d25a55a0>,34,13,[2 8],46,96,109,50,81
1,<environment.Job instance at 0x7fb1d26d4b40>,28,26,[6 2],39,95,121,56,92
1,<environment.Job instance at 0x7fb2188433c0>,1,13,[5 7],3,3,16,0,3
1,<environment.Job instance at 0x7fb1d2acd6e0>,8,13,[9 2],16,16,29,0,16
1,<environment.Job instance at 0x7fb2184b7e10>,13,16,[6 4],23,29,45,6,25
1,<environment.Job instance at 0x7fb2184b7d70>,15,3,[2 6],25,29,32,4,27
1,<environment.Job instance at 0x7fb2184b7640>,18,2,[3 8],31,45,47,14,42
1,<environment.Job instance at 0x7fb2184b72d0>,17,20,[6 5],29,47,67,18,45
1,<environment.Job instance at 0x7fb2184b76e0>,21,16,[4 7],36,67,83,31,54
1,<environment.Job instance at 0x7fb2184b7c30>,11,14,[8 3],20,83,97,63,68
1,<environment.Job instance at 0x7fb1d210aaa0>,30,2,[2 5],46,83,85,37,73
1,<environment.Job instance at 0x7fb1d210a320>,34,14,[10  3],55,97,111,42,84
1,<environment.Job instance at 0x7fb1d210a370>,38,17,[8 3],63,111,128,48,99
1,<environment.Job instance at 0x7fb1d210a370>,4,1,[4 9],7,7,8,0,7
1,<environment.Job instance at 0x7fb1d265a280>,5,1,[6 3],9,9,10,0,9
1,<environment.Job instance at 0x7fb1d265ab40>,7,13,[6 4],15,15,28,0,15
1,<environment.Job instance at 0x7fb218838550>,19,14,[3 5],30,30,44,0,30
1,<environment.Job instance at 0x7fb1d266bd70>,20,16,[5 8],32,44,60,12,32
1,<environment.Job instance at 0x7fb1d232bb90>,25,13,[10  1],39,60,73,21,44
1,<environment.Job instance at 0x7fb1d24dadc0>,31,15,[9 4],48,73,88,25,62
1,<environment.Job instance at 0x7fb217e90140>,37,14,[6 3],55,88,102,33,83
1,<environment.Job instance at 0x7fb217ea2960>,44,1,[2 6],62,88,89,26,84
1,<environment.Job instance at 0x7fb217ea23c0>,45,12,[3 5],63,89,101,26,84
1,<environment.Job instance at 0x7fb2181b07d0>,29,14,[ 5 10],46,102,116,56,89
1,<environment.Job instance at 0x7fb1d21039b0>,0,18,[5 7],2,4,22,2,4
1,<environment.Job instance at 0x7fb21d476c30>,16,18,[2 6],24,25,43,1,25
1,<environment.Job instance at 0x7fb1d2898a00>,11,16,[8 4],17,34,50,17,34
1,<environment.Job instance at 0x7fb1d2898a50>,10,18,[ 4 10],16,50,68,34,41
1,<environment.Job instance at 0x7fb1d2626460>,32,18,[4 9],44,68,86,24,59
1,<environment.Job instance at 0x7fb1d2626aa0>,23,16,[10  5],33,86,102,53,76
1,<environment.Job instance at 0x7fb21836d8c0>,41,1,[4 9],54,102,103,48,87
1,<environment.Job instance at 0x7fb21836de60>,42,12,[5 6],55,103,115,48,87
1,<environment.Job instance at 0x7fb1d2824820>,1,17,[4 8],2,2,19,0,2
1,<environment.Job instance at 0x7fb217fe5910>,3,3,[10  1],5,19,22,14,5
1,<environment.Job instance at 0x7fb217fe5fa0>,4,14,[2 7],7,22,36,15,7
1,<environment.Job instance at 0x7fb1d24762d0>,25,18,[10  1],40,93,111,53,93
1,<environment.Job instance at 0x7fb2184f1b40>,0,17,[4 7],1,1,18,0,1
1,<environment.Job instance at 0x7fb21816fd70>,12,15,[7 1],18,18,33,0,18
1,<environment.Job instance at 0x7fb21816ffa0>,13,2,[9 4],19,33,35,14,19
1,<environment.Job instance at 0x7fb21816f870>,17,19,[4 5],25,35,54,10,25
1,<environment.Job instance at 0x7fb1d28e8f50>,20,26,[6 3],28,35,61,7,32
1,<environment.Job instance at 0x7fb1d28dbf50>,32,12,[5 8],41,61,73,20,45
1,<environment.Job instance at 0x7fb1d28dba00>,34,3,[8 2],44,73,76,29,53
1,<environment.Job instance at 0x7fb1d28dbbe0>,35,3,[3 9],45,76,79,31,53
1,<environment.Job instance at 0x7fb1d28e8320>,23,14,[ 4 10],31,79,93,48,64
1,<environment.Job instance at 0x7fb1d29d4280>,43,14,[3 7],57,93,107,36,78
1,<environment.Job instance at 0x7fb1d28e2500>,29,18,[7 3],38,93,111,55,93
1,<environment.Job instance at 0x7f7549f24140>,0,18,[9 3],1,3,21,2,3
1,<environment.Job instance at 0x7f7542b156e0>,7,15,[4 9],11,21,36,10,21
1,<environment.Job instance at 0x7f7542b15be0>,15,16,[4 8],19,36,52,17,24
1,<environment.Job instance at 0x7f7542b164b0>,20,25,[5 2],25,44,69,19,44
1,<environment.Job instance at 0x7f7542b15730>,14,16,[5 9],18,69,85,51,56
1,<environment.Job instance at 0x7f7542b16f00>,32,12,[10  2],42,85,97,43,73
1,<environment.Job instance at 0x7f7542b1d410>,49,18,[10  2],62,97,115,35,87
1,<environment.Job instance at 0x7f7542b1d8c0>,57,17,[5 4],72,115,132,43,104
1,<environment.Job instance at 0x7f7542b16320>,0,13,[5 3],2,2,15,0,2
1,<environment.Job instance at 0x7f7549f4bcd0>,7,17,[3 8],12,15,32,3,12
1,<environment.Job instance at 0x7f7549f4baa0>,8,15,[5 7],15,32,47,17,23
1,<environment.Job instance at 0x7f7549f4ccd0>,12,21,[1 9],22,47,68,25,43
1,<environment.Job instance at 0x7f754a09a320>,26,12,[ 2 10],38,68,80,30,56
1,<environment.Job instance at 0x7f754a098fa0>,35,18,[6 1],53,80,98,27,69
1,<environment.Job instance at 0x7f754a09ad70>,24,15,[3 8],36,80,95,44,79
1,<environment.Job instance at 0x7f754a095140>,42,15,[5 4],63,98,113,35,84
1,<environment.Job instance at 0x7f754a09f9b0>,49,18,[7 1],72,113,131,41,102
1,<environment.Job instance at 0x7f74ff053320>,0,26,[7 4],2,4,30,2,4
1,<environment.Job instance at 0x7f74feeb13c0>,12,1,[2 7],19,30,31,11,22
1,<environment.Job instance at 0x7f74feeb1320>,13,14,[7 3],20,30,44,10,22
1,<environment.Job instance at 0x7f754a09eaf0>,2,17,[1 7],4,31,48,27,28
1,<environment.Job instance at 0x7f74fee115a0>,25,1,[5 5],41,48,49,7,41
1,<environment.Job instance at 0x7f74feef2e10>,24,14,[9 1],39,49,63,10,42
1,<environment.Job instance at 0x7f74fee11410>,27,16,[5 8],43,63,79,20,52
1,<environment.Job instance at 0x7f74fee0b820>,42,18,[7 2],63,79,97,16,69
1,<environment.Job instance at 0x7f74fee0b5f0>,48,16,[9 3],69,97,113,28,92
1,<environment.Job instance at 0x7f74fee03d70>,49,14,[8 1],72,113,127,41,99
1,<environment.Job instance at 0x7f74fee036e0>,1,18,[4 8],2,2,20,0,2
1,<environment.Job instance at 0x7f74ff1d4a00>,13,28,[6 2],18,18,46,0,18
1,<environment.Job instance at 0x7f74ff1d4910>,19,2,[5 2],28,46,48,18,29
1,<environment.Job instance at 0x7f74ff2f7730>,25,24,[3 6],36,36,60,0,36
1,<environment.Job instance at 0x7f74ff303550>,22,12,[8 4],31,60,72,29,44
1,<environment.Job instance at 0x7f74ff2257d0>,27,16,[5 9],38,72,88,34,59
1,<environment.Job instance at 0x7f74ff1d34b0>,43,1,[8 3],66,88,89,22,72
1,<environment.Job instance at 0x7f74ff1d3b90>,44,20,[8 3],68,89,109,21,80
1,<environment.Job instance at 0x7f74ff2e4c30>,49,16,[5 5],73,109,125,36,96
1,<environment.Job instance at 0x7f74ff446be0>,33,18,[5 5],50,109,127,59,102
1,<environment.Job instance at 0x7f74ff446be0>,1,14,[5 5],3,3,17,0,3
1,<environment.Job instance at 0x7f74ff20e780>,8,18,[1 9],14,17,35,3,14
1,<environment.Job instance at 0x7f74ff20e410>,5,14,[6 3],10,35,49,25,24
1,<environment.Job instance at 0x7f74ff21b820>,24,12,[3 6],35,35,47,0,35
1,<environment.Job instance at 0x7f74ff21bb40>,26,3,[3 9],37,49,52,12,38
1,<environment.Job instance at 0x7f74ff21be10>,28,17,[5 5],39,52,69,13,41
1,<environment.Job instance at 0x7f74ff21bf00>,30,1,[2 7],42,47,48,5,42
1,<environment.Job instance at 0x7f74ff2163c0>,34,14,[3 5],46,52,66,6,50
1,<environment.Job instance at 0x7f74ff216780>,37,12,[6 2],50,69,81,19,52
1,<environment.Job instance at 0x7f74ff216be0>,41,18,[8 4],56,81,99,25,71
1,<environment.Job instance at 0x7f74ff2033c0>,49,3,[5 5],66,99,102,33,84
1,<environment.Job instance at 0x7f74ff203500>,50,17,[2 5],67,84,101,17,84
1,<environment.Job instance at 0x7f74ff203730>,52,2,[5 4],69,101,103,32,85
1,<environment.Job instance at 0x7f74ff203870>,54,13,[1 9],71,103,116,32,89
1,<environment.Job instance at 0x7f74ff203c30>,55,2,[5 2],72,116,118,44,89
1,<environment.Job instance at 0x7f74ff203eb0>,57,1,[1 6],74,102,103,28,91
1,<environment.Job instance at 0x7f74ff20c460>,62,18,[10  4],85,118,136,33,107
1,<environment.Job instance at 0x7f75429dfdc0>,8,2,[3 8],14,14,16,0,14
1,<environment.Job instance at 0x7f74ff20c550>,2,17,[8 3],4,20,37,16,20
1,<environment.Job instance at 0x7f75429df5f0>,12,3,[7 4],19,37,40,18,20
1,<environment.Job instance at 0x7f74ff1d2f50>,15,28,[4 8],24,40,68,16,39
1,<environment.Job instance at 0x7f75429df4b0>,10,3,[10  1],17,68,71,51,49
1,<environment.Job instance at 0x7f74ff1d2320>,27,18,[ 5 10],37,71,89,34,63
1,<environment.Job instance at 0x7f75429ddd20>,42,1,[8 4],57,89,90,32,78
1,<environment.Job instance at 0x7f75429dd820>,43,1,[3 8],60,90,91,30,78
1,<environment.Job instance at 0x7f74ff1c5a00>,46,1,[ 4 10],63,91,92,28,78
1,<environment.Job instance at 0x7f74ff1d2460>,25,1,[2 5],35,89,90,54,82
1,<environment.Job instance at 0x7f74ff1c57d0>,47,18,[7 4],64,92,110,28,82
1,<environment.Job instance at 0x7f74ff1c55a0>,49,1,[9 1],67,110,111,43,83
1,<environment.Job instance at 0x7f74ff1c5730>,50,1,[4 8],69,111,112,42,83
1,<environment.Job instance at 0x7f74ff1c5a50>,48,13,[9 1],66,112,125,46,100
1,<environment.Job instance at 0x7f7542c64e10>,61,12,[6 1],83,125,137,42,108
1,<environment.Job instance at 0x7f74fee1d320>,1,20,[6 4],2,2,22,0,2
1,<environment.Job instance at 0x7f74fef9c780>,15,13,[9 3],19,22,35,3,21
1,<environment.Job instance at 0x7f74ff2d9690>,19,2,[1 8],25,35,37,10,25
1,<environment.Job instance at 0x7f754294cf00>,4,18,[8 1],5,35,53,30,25
1,<environment.Job instance at 0x7f7543018690>,21,14,[ 5 10],28,53,67,25,51
1,<environment.Job instance at 0x7f7549af4280>,32,15,[6 1],40,67,82,27,62
1,<environment.Job instance at 0x7f7549e45500>,37,1,[4 6],45,68,69,23,68
1,<environment.Job instance at 0x7f74fef47280>,29,12,[2 7],37,76,88,39,76
1,<environment.Job instance at 0x7f75430183c0>,23,16,[9 5],31,88,104,57,79
1,<environment.Job instance at 0x7f75494aa690>,44,23,[ 3 10],56,104,127,48,102
1,<environment.Job instance at 0x7f75429040f0>,1,15,[4 7],3,3,18,0,3
1,<environment.Job instance at 0x7f74ff49b7d0>,11,3,[3 9],15,18,21,3,15
1,<environment.Job instance at 0x7f74ff49b140>,8,3,[3 5],12,21,24,9,18
1,<environment.Job instance at 0x7f74ff49b460>,6,12,[5 8],8,24,36,16,19
1,<environment.Job instance at 0x7f74ff49b9b0>,13,14,[8 1],18,36,50,18,22
1,<environment.Job instance at 0x7f74ff46f550>,22,15,[4 6],31,50,65,19,37
1,<environment.Job instance at 0x7f74ff46f640>,23,18,[9 4],33,65,83,32,55
1,<environment.Job instance at 0x7f74ff46fe60>,32,1,[4 8],46,83,84,37,60
1,<environment.Job instance at 0x7f74ff46ffa0>,34,16,[7 3],50,84,100,34,71
1,<environment.Job instance at 0x7f74ff46fa50>,26,13,[9 1],39,100,113,61,87
1,<environment.Job instance at 0x7f74ff497be0>,45,13,[3 9],68,113,126,45,97
1,<environment.Job instance at 0x7f74ff49bc30>,0,18,[2 8],1,1,19,0,1
1,<environment.Job instance at 0x7f74ff3c9aa0>,5,14,[3 6],10,19,33,9,10
1,<environment.Job instance at 0x7f7542ca0aa0>,11,18,[9 5],20,33,51,13,29
1,<environment.Job instance at 0x7f7542907c80>,15,15,[5 4],27,51,66,24,48
1,<environment.Job instance at 0x7f7542ca0460>,13,26,[2 5],22,51,77,29,48
1,<environment.Job instance at 0x7f75495b7550>,23,18,[8 2],42,66,84,24,55
1,<environment.Job instance at 0x7f75498ccf00>,30,15,[4 5],52,97,112,45,97
1,<environment.Job instance at 0x7f7542abbc30>,32,16,[5 7],55,112,128,57,99
1,<environment.Job instance at 0x7f7542f3c5f0>,34,1,[6 1],57,99,100,42,99
1,<environment.Job instance at 0x7f7542fc4d70>,41,3,[4 7],72,128,131,56,103
1,<environment.Job instance at 0x7f7542a88d20>,0,13,[7 5],1,1,14,0,1
1,<environment.Job instance at 0x7f74ff236870>,10,13,[ 3 10],14,14,27,0,14
1,<environment.Job instance at 0x7f7542904230>,7,18,[10  4],10,27,45,17,16
1,<environment.Job instance at 0x7f75497b2a50>,17,12,[1 9],23,45,57,22,30
1,<environment.Job instance at 0x7f7542c00280>,33,23,[6 4],48,57,80,9,51
1,<environment.Job instance at 0x7f74ff01fdc0>,20,1,[3 9],29,80,81,51,66
1,<environment.Job instance at 0x7f74ff4d1c80>,42,18,[8 5],58,81,99,23,70
1,<environment.Job instance at 0x7f74ff4d1690>,45,12,[ 2 10],61,99,111,38,86
1,<environment.Job instance at 0x7f74fefd2500>,2,17,[3 8],3,3,20,0,3
1,<environment.Job instance at 0x7f74ff2493c0>,16,2,[2 7],20,26,28,6,26
1,<environment.Job instance at 0x7f74ff23ad20>,10,28,[7 2],12,26,54,14,26
1,<environment.Job instance at 0x7f74ff249640>,20,27,[1 7],26,34,61,8,34
1,<environment.Job instance at 0x7f74ff249d20>,27,23,[7 3],33,54,77,21,48
1,<environment.Job instance at 0x7f74ff249e60>,29,15,[7 4],35,77,92,42,67
1,<environment.Job instance at 0x7f74ff23d690>,37,14,[3 6],45,83,97,38,83
1,<environment.Job instance at 0x7f74ff249b40>,24,18,[2 9],30,97,115,67,86
1,<environment.Job instance at 0x7f74ff23dcd0>,42,17,[8 2],51,115,132,64,103
1,<environment.Job instance at 0x7f7542d84f50>,0,1,[5 2],2,2,3,0,2
1,<environment.Job instance at 0x7f7542d84cd0>,2,17,[2 5],5,5,22,0,5
1,<environment.Job instance at 0x7f7549496a00>,9,1,[7 1],15,15,16,0,15
1,<environment.Job instance at 0x7f74ff3ddc80>,13,16,[4 8],20,22,38,2,21
1,<environment.Job instance at 0x7f74ff3dddc0>,18,17,[1 5],26,38,55,12,31
1,<environment.Job instance at 0x7f7542a9a0a0>,26,12,[6 2],36,41,53,5,41
1,<environment.Job instance at 0x7f7542a9a280>,27,16,[4 5],37,53,69,16,41
1,<environment.Job instance at 0x7f74ff2066e0>,31,2,[6 4],42,58,60,16,58
1,<environment.Job instance at 0x7f74ff206f00>,33,13,[6 1],44,60,73,16,58
1,<environment.Job instance at 0x7f74ff3dd8c0>,16,15,[4 9],24,69,84,45,63
1,<environment.Job instance at 0x7f7542c00500>,39,19,[1 9],52,84,103,32,76
1,<environment.Job instance at 0x7f74fed10910>,47,17,[5 4],67,105,122,38,105
1,<environment.Job instance at 0x7f7542a9aa00>,28,25,[4 6],38,105,130,67,105
1,<environment.Job instance at 0x7f74fed10fa0>,51,3,[3 5],71,130,133,59,105
1,<environment.Job instance at 0x7f75493b3320>,1,12,[1 8],2,2,14,0,2
1,<environment.Job instance at 0x7f75493b3140>,5,27,[8 4],9,14,41,5,13
1,<environment.Job instance at 0x7f75495854b0>,14,16,[2 8],25,41,57,16,28
1,<environment.Job instance at 0x7f75493a48c0>,24,16,[10  3],40,57,73,17,46
1,<environment.Job instance at 0x7f75493a4a50>,22,18,[5 5],37,73,91,36,62
1,<environment.Job instance at 0x7f75493b3d70>,11,14,[4 7],19,91,105,72,78
1,<environment.Job instance at 0x7f74fef8c190>,38,13,[7 5],56,105,118,49,91
1,<environment.Job instance at 0x7f74fef8caf0>,41,16,[3 6],60,118,134,58,109
1,<environment.Job instance at 0x7f74fef8c780>,1,12,[ 2 10],2,2,14,0,2
1,<environment.Job instance at 0x7f74fef8ce10>,4,14,[2 9],5,14,28,9,10
1,<environment.Job instance at 0x7f7542acabe0>,14,2,[2 7],17,28,30,11,24
1,<environment.Job instance at 0x7f7542acae60>,16,3,[5 5],19,30,33,11,24
1,<environment.Job instance at 0x7f7542acae10>,17,16,[1 6],20,33,49,13,24
1,<environment.Job instance at 0x7f7542aca6e0>,19,1,[2 7],23,49,50,26,24
1,<environment.Job instance at 0x7f7542af07d0>,23,12,[3 9],29,50,62,21,49
1,<environment.Job instance at 0x7f7542999dc0>,26,2,[3 8],32,62,64,30,52
1,<environment.Job instance at 0x7f7542999b90>,27,12,[1 7],33,64,76,31,52
1,<environment.Job instance at 0x7f7549750d70>,29,3,[5 8],36,76,79,40,53
1,<environment.Job instance at 0x7f74ff2144b0>,31,15,[9 2],39,79,94,40,65
1,<environment.Job instance at 0x7f74fecd9190>,34,2,[8 4],43,94,96,51,72
1,<environment.Job instance at 0x7f74feb39e10>,40,18,[2 6],49,94,112,45,83
1,<environment.Job instance at 0x7f7542b87b40>,47,16,[ 5 10],57,112,128,55,99
1,<environment.Job instance at 0x7f74fecf4500>,4,2,[2 5],6,6,8,0,6
1,<environment.Job instance at 0x7f7542e7f410>,5,16,[10  2],8,8,24,0,8
1,<environment.Job instance at 0x7f7542b8b9b0>,3,17,[3 8],5,24,41,19,12
1,<environment.Job instance at 0x7f7542af4d70>,15,1,[8 4],27,41,42,14,31
1,<environment.Job instance at 0x7f7542a43780>,20,16,[ 2 10],35,42,58,7,35
1,<environment.Job instance at 0x7f74fedd3550>,29,14,[9 3],49,58,72,9,53
1,<environment.Job instance at 0x7f74fedd3870>,30,25,[9 1],50,72,97,22,69
1,<environment.Job instance at 0x7f74fedd3c30>,31,16,[4 5],52,97,113,45,95
1,<environment.Job instance at 0x7f74fecace10>,45,13,[6 4],75,97,110,22,95
1,<environment.Job instance at 0x7f74ff24f0a0>,52,2,[8 4],84,113,115,29,98
1,<environment.Job instance at 0x7f74ff24fe10>,53,1,[ 4 10],85,115,116,30,99
1,<environment.Job instance at 0x7f74ff24fa00>,55,2,[2 7],87,116,118,29,99
1,<environment.Job instance at 0x7f7542e3caa0>,57,14,[3 5],90,118,132,28,105
1,<environment.Job instance at 0x7f74feadf230>,2,2,[5 8],4,4,6,0,4
1,<environment.Job instance at 0x7f74feadff50>,4,3,[4 7],6,6,9,0,6
1,<environment.Job instance at 0x7f74fefe2eb0>,6,1,[7 2],8,9,10,1,8
1,<environment.Job instance at 0x7f74fefe2a50>,8,2,[5 9],10,10,12,0,10
1,<environment.Job instance at 0x7f74fefe2fa0>,9,12,[4 8],11,12,24,1,11
1,<environment.Job instance at 0x7f74fefe2aa0>,11,12,[3 5],13,24,36,11,20
1,<environment.Job instance at 0x7f74ff41d500>,17,14,[1 8],22,36,50,14,22
1,<environment.Job instance at 0x7f74ff41df00>,22,3,[5 5],27,27,30,0,27
1,<environment.Job instance at 0x7f74feaf4aa0>,29,19,[ 5 10],37,50,69,13,40
1,<environment.Job instance at 0x7f74febe0780>,37,18,[2 8],45,69,87,24,65
1,<environment.Job instance at 0x7f74febe01e0>,42,16,[1 6],50,87,103,37,74
1,<environment.Job instance at 0x7f74ff41de60>,23,18,[8 4],28,87,105,59,80
1,<environment.Job instance at 0x7f74feb15870>,44,3,[10  2],53,105,108,52,80
1,<environment.Job instance at 0x7f74feb15e10>,45,3,[5 1],54,80,83,26,80
1,<environment.Job instance at 0x7f74feb159b0>,53,18,[ 4 10],66,108,126,42,97
1,<environment.Job instance at 0x7f74feb15f00>,1,3,[4 9],3,3,6,0,3
1,<environment.Job instance at 0x7f7542f0e7d0>,5,13,[3 5],10,10,23,0,10
1,<environment.Job instance at 0x7f7542f0e780>,6,13,[10  1],14,23,36,9,15
1,<environment.Job instance at 0x7f7542f0e500>,7,21,[6 3],15,36,57,21,28
1,<environment.Job instance at 0x7f7542f31500>,21,12,[8 2],31,57,69,26,53
1,<environment.Job instance at 0x7f74feecd6e0>,32,13,[10  5],44,69,82,25,53
1,<environment.Job instance at 0x7f74feed4410>,41,2,[2 9],54,82,84,28,78
1,<environment.Job instance at 0x7f74feed2eb0>,31,17,[4 8],42,84,101,42,79
1,<environment.Job instance at 0x7f74feed4280>,40,16,[8 5],53,102,118,49,102
1,<environment.Job instance at 0x7f74feea6f00>,48,3,[8 5],68,118,121,50,105
1,<environment.Job instance at 0x7f74feea6a00>,46,13,[2 5],63,105,118,42,105
1,<environment.Job instance at 0x7f7542c5fe10>,52,15,[ 3 10],75,121,136,46,107
1,<environment.Job instance at 0x7f74febbaa50>,0,16,[10  4],1,1,17,0,1
1,<environment.Job instance at 0x7f7542b6b0a0>,7,18,[7 1],10,17,35,7,10
1,<environment.Job instance at 0x7f7542c822d0>,16,16,[4 6],23,35,51,12,27
1,<environment.Job instance at 0x7f75429060a0>,22,3,[5 5],32,51,54,19,37
1,<environment.Job instance at 0x7f7542f806e0>,30,12,[5 6],42,54,66,12,42
1,<environment.Job instance at 0x7f7542f80870>,35,2,[6 2],50,66,68,16,53
1,<environment.Job instance at 0x7f74ff137be0>,38,19,[4 5],55,66,85,11,56
1,<environment.Job instance at 0x7f7549343c80>,41,26,[6 3],58,68,94,10,68
1,<environment.Job instance at 0x7f74fec1c1e0>,45,17,[4 8],63,94,111,31,83
1,<environment.Job instance at 0x7f75496e6410>,1,12,[2 6],2,2,14,0,2
1,<environment.Job instance at 0x7f754a098eb0>,4,15,[2 6],8,14,29,6,8
1,<environment.Job instance at 0x7f754989c140>,14,13,[2 9],21,29,42,8,21
1,<environment.Job instance at 0x7f754989cdc0>,13,12,[3 9],20,42,54,22,30
1,<environment.Job instance at 0x7f754989c780>,16,15,[1 7],24,54,69,30,41
1,<environment.Job instance at 0x7f754989cb40>,20,28,[7 1],28,42,70,14,42
1,<environment.Job instance at 0x7f74feff0be0>,33,14,[5 9],42,70,84,28,56
1,<environment.Job instance at 0x7f74feff0730>,39,16,[6 1],50,84,100,34,74
1,<environment.Job instance at 0x7f74feff05f0>,37,17,[8 2],47,100,117,53,91
1,<environment.Job instance at 0x7f754957cf00>,45,15,[2 6],56,103,118,47,103
1,<environment.Job instance at 0x7f754957ce10>,49,12,[1 6],61,118,130,57,105
1,<environment.Job instance at 0x7f7542fcb140>,0,3,[5 8],2,2,5,0,2
1,<environment.Job instance at 0x7f7549a82500>,5,13,[2 8],9,9,22,0,9
1,<environment.Job instance at 0x7f7549a82460>,8,15,[3 5],13,22,37,9,14
1,<environment.Job instance at 0x7f74ff263d20>,19,28,[2 7],32,37,65,5,36
1,<environment.Job instance at 0x7f74ff2630f0>,21,13,[3 7],34,65,78,31,51
1,<environment.Job instance at 0x7f7542e9d6e0>,17,16,[5 7],30,78,94,48,71
1,<environment.Job instance at 0x7f7542e9d230>,15,16,[4 9],28,94,110,66,81
1,<environment.Job instance at 0x7f74fecbc910>,35,18,[3 5],55,110,128,55,100
1,<environment.Job instance at 0x7f8fcdabe0a0>,2,3,[ 1 10],4,4,7,0,4
1,<environment.Job instance at 0x7f8fcc95f1e0>,3,16,[1 8],5,7,23,2,5
1,<environment.Job instance at 0x7f8fcc95f550>,7,15,[4 9],11,23,38,12,11
1,<environment.Job instance at 0x7f8fcc95f820>,10,1,[7 3],14,38,39,24,14
1,<environment.Job instance at 0x7f8fcc95f870>,9,1,[6 1],13,15,16,2,15
1,<environment.Job instance at 0x7f8fcc95fb40>,13,2,[8 4],17,39,41,22,17
1,<environment.Job instance at 0x7f8fcc95ff00>,16,1,[7 2],20,20,21,0,20
1,<environment.Job instance at 0x7f8fcc963230>,18,15,[5 6],22,41,56,19,31
1,<environment.Job instance at 0x7f8fcc963b40>,28,13,[8 3],36,56,69,20,40
1,<environment.Job instance at 0x7f8fcc960190>,32,12,[10  2],42,69,81,27,54
1,<environment.Job instance at 0x7f8fcc963fa0>,31,21,[8 4],39,81,102,42,74
1,<environment.Job instance at 0x7f8fcc9643c0>,52,12,[1 9],67,102,114,35,88
1,<environment.Job instance at 0x7f8fcc9648c0>,59,16,[3 7],74,114,130,40,102
1,<environment.Job instance at 0x7f8fcc966370>,64,16,[5 5],80,130,146,50,119
1,<environment.Job instance at 0x7f8fcc966730>,1,17,[3 8],2,2,19,0,2
1,<environment.Job instance at 0x7f8fcdc2d550>,13,17,[10  2],20,20,37,0,20
1,<environment.Job instance at 0x7f8fcdc34730>,14,12,[ 1 10],21,37,49,16,29
1,<environment.Job instance at 0x7f8fcdc27dc0>,6,21,[1 9],12,49,70,37,42
1,<environment.Job instance at 0x7f8fcdae7820>,24,1,[ 3 10],37,70,71,33,50
1,<environment.Job instance at 0x7f8fcdc2b280>,31,15,[2 9],46,71,86,25,60
1,<environment.Job instance at 0x7f8fcdc2b410>,38,13,[7 3],56,86,99,30,70
1,<environment.Job instance at 0x7f8fcdc2b320>,39,12,[1 5],58,86,98,28,71
1,<environment.Job instance at 0x7f8fcdc391e0>,49,3,[7 1],72,99,102,27,84
1,<environment.Job instance at 0x7f8fcdc39fa0>,50,1,[10  4],73,102,103,29,84
1,<environment.Job instance at 0x7f8fcdc39780>,51,25,[ 4 10],74,103,128,29,99
1,<environment.Job instance at 0x7f8f828fbc30>,2,14,[6 1],3,3,17,0,3
1,<environment.Job instance at 0x7f8f828fbeb0>,3,12,[4 8],4,4,16,0,4
1,<environment.Job instance at 0x7f8f828fb7d0>,7,12,[7 3],13,17,29,4,13
1,<environment.Job instance at 0x7f8f828fb730>,8,3,[ 3 10],16,29,32,13,16
1,<environment.Job instance at 0x7f8f82a60be0>,11,1,[5 5],21,32,33,11,21
1,<environment.Job instance at 0x7f8f82a60dc0>,12,13,[5 9],22,33,46,11,22
1,<environment.Job instance at 0x7f8f82a601e0>,16,14,[5 3],27,46,60,19,34
1,<environment.Job instance at 0x7f8f829b0820>,28,18,[7 2],43,60,78,17,50
1,<environment.Job instance at 0x7f8f829b07d0>,26,20,[1 8],38,60,80,22,53
1,<environment.Job instance at 0x7f8f829b54b0>,34,16,[9 3],49,80,96,31,73
1,<environment.Job instance at 0x7f8f829b5730>,38,13,[3 8],58,96,109,38,80
1,<environment.Job instance at 0x7f8f829b5cd0>,35,14,[8 1],52,109,123,57,95
1,<environment.Job instance at 0x7f8f8298e550>,47,12,[10  1],70,123,135,53,108
1,<environment.Job instance at 0x7f8f82f775a0>,0,12,[8 4],1,1,13,0,1
1,<environment.Job instance at 0x7f8f82f77dc0>,4,12,[6 1],7,13,25,6,7
1,<environment.Job instance at 0x7f8f82f774b0>,8,3,[6 1],14,25,28,11,20
1,<environment.Job instance at 0x7f8f82e9d910>,11,18,[5 5],20,28,46,8,21
1,<environment.Job instance at 0x7f8f82b2ceb0>,16,17,[10  4],29,46,63,17,34
1,<environment.Job instance at 0x7f8f82b2c050>,18,2,[2 7],31,63,65,32,40
1,<environment.Job instance at 0x7f8f82d6e320>,26,13,[5 6],42,65,78,23,51
1,<environment.Job instance at 0x7f8f82d6e5a0>,32,16,[5 9],49,78,94,29,65
1,<environment.Job instance at 0x7f8f82e05cd0>,38,1,[6 2],61,94,95,33,94
1,<environment.Job instance at 0x7f8f82f78500>,39,14,[1 6],64,94,108,30,94
1,<environment.Job instance at 0x7f8f82f784b0>,40,2,[4 5],65,108,110,43,95
1,<environment.Job instance at 0x7f8f82d64500>,41,2,[5 3],66,95,97,29,95
1,<environment.Job instance at 0x7f8f82d64320>,42,17,[5 5],67,108,125,41,97
1,<environment.Job instance at 0x7f8fcdb00c30>,45,18,[3 8],71,125,143,54,114
1,<environment.Job instance at 0x7f8f82e2e500>,1,1,[2 7],2,2,3,0,2
1,<environment.Job instance at 0x7f8f82d9e5a0>,5,14,[3 5],6,6,20,0,6
1,<environment.Job instance at 0x7f8f82da20a0>,12,18,[8 4],16,20,38,4,20
1,<environment.Job instance at 0x7f8f82da2af0>,21,17,[2 5],27,27,44,0,27
1,<environment.Job instance at 0x7f8f82db5be0>,34,3,[2 6],46,51,54,5,51
1,<environment.Job instance at 0x7f8f82db5910>,31,15,[10  4],43,54,69,11,53
1,<environment.Job instance at 0x7f8f82db34b0>,41,19,[5 3],59,69,88,10,61
1,<environment.Job instance at 0x7f8f82db3a00>,45,23,[9 3],64,88,111,24,82
1,<environment.Job instance at 0x7f8f82db38c0>,48,15,[2 9],67,111,126,44,98
1,<environment.Job instance at 0x7f8f82db3a50>,46,17,[2 9],65,126,143,61,116
1,<environment.Job instance at 0x7f8f82db3aa0>,1,15,[6 1],2,2,17,0,2
1,<environment.Job instance at 0x7f8fccbbbfa0>,15,1,[10  3],20,20,21,0,20
1,<environment.Job instance at 0x7f8fccbbbd20>,16,2,[1 9],21,21,23,0,21
1,<environment.Job instance at 0x7f8fcceebeb0>,25,12,[6 1],33,34,46,1,34
1,<environment.Job instance at 0x7f8fccbbbaa0>,17,25,[4 9],22,38,63,16,38
1,<environment.Job instance at 0x7f8fcceeb320>,27,17,[5 6],36,63,80,27,54
1,<environment.Job instance at 0x7f8fcc6e0410>,35,1,[4 6],52,80,81,28,57
1,<environment.Job instance at 0x7f8fccf83140>,45,12,[2 5],64,81,93,17,80
1,<environment.Job instance at 0x7f8fcc6e0500>,36,16,[5 5],54,82,98,28,82
1,<environment.Job instance at 0x7f8fcd3fefa0>,50,1,[2 7],70,98,99,28,89
1,<environment.Job instance at 0x7f8fccf18c30>,56,17,[10  1],78,99,116,21,96
1,<environment.Job instance at 0x7f8fccf183c0>,57,13,[9 3],79,116,129,37,100
1,<environment.Job instance at 0x7f8fccf18fa0>,55,15,[1 6],77,116,131,39,109
1,<environment.Job instance at 0x7f8fcc9ea2d0>,1,17,[3 5],2,2,19,0,2
1,<environment.Job instance at 0x7f8fcc9ea0a0>,6,13,[5 9],9,19,32,10,9
1,<environment.Job instance at 0x7f8fccdb5230>,17,15,[5 9],23,32,47,9,25
1,<environment.Job instance at 0x7f8fcca4aaa0>,9,1,[9 1],13,47,48,34,28
1,<environment.Job instance at 0x7f8fccacbd20>,20,2,[1 6],26,47,49,21,31
1,<environment.Job instance at 0x7f8fccf62a50>,21,1,[5 7],28,49,50,21,31
1,<environment.Job instance at 0x7f8fccdb5870>,16,16,[7 2],22,50,66,28,43
1,<environment.Job instance at 0x7f8fcdc2fcd0>,30,2,[8 2],38,66,68,28,46
1,<environment.Job instance at 0x7f8fccacb640>,22,15,[1 8],30,50,65,20,49
1,<environment.Job instance at 0x7f8f82f43d20>,32,13,[8 3],40,68,81,28,53
1,<environment.Job instance at 0x7f8f82fe0050>,24,22,[4 7],32,81,103,49,76
1,<environment.Job instance at 0x7f8fcc9b7b90>,41,15,[4 7],53,103,118,50,91
1,<environment.Job instance at 0x7f8f82d5faf0>,45,3,[2 9],57,118,121,61,95
1,<environment.Job instance at 0x7f8f82f43190>,34,18,[8 3],43,121,139,78,110
1,<environment.Job instance at 0x7f8f82c155f0>,1,17,[8 5],4,4,21,0,4
1,<environment.Job instance at 0x7f8f8282c550>,7,17,[9 3],13,21,38,8,21
1,<environment.Job instance at 0x7f8f8282f0f0>,19,15,[2 6],25,38,53,13,25
1,<environment.Job instance at 0x7f8f8282cc80>,15,12,[9 5],21,53,65,32,37
1,<environment.Job instance at 0x7f8f8282fb40>,29,16,[10  5],38,65,81,27,56
1,<environment.Job instance at 0x7f8f8282f5f0>,24,15,[8 2],33,81,96,48,69
1,<environment.Job instance at 0x7f8f82830320>,36,14,[3 6],50,96,110,46,84
1,<environment.Job instance at 0x7f8f82830910>,40,2,[3 5],58,110,112,52,84
1,<environment.Job instance at 0x7f8f828303c0>,38,14,[3 9],52,112,126,60,97
1,<environment.Job instance at 0x7f8f828333c0>,51,16,[6 1],77,119,135,42,119
1,<environment.Job instance at 0x7f8f82833550>,53,17,[1 8],80,126,143,46,119
1,<environment.Job instance at 0x7f8f82835690>,0,23,[1 6],2,3,26,1,3
1,<environment.Job instance at 0x7f8fcd3b9190>,8,14,[7 2],13,13,27,0,13
1,<environment.Job instance at 0x7f8f8290e730>,17,3,[5 3],24,27,30,3,24
1,<environment.Job instance at 0x7f8f82953870>,18,18,[3 9],25,30,48,5,25
1,<environment.Job instance at 0x7f8fccb7d6e0>,23,12,[4 5],33,48,60,15,35
1,<environment.Job instance at 0x7f8fccb7d0f0>,20,15,[5 2],29,48,63,19,39
1,<environment.Job instance at 0x7f8f82da3b40>,26,14,[5 5],38,60,74,22,48
1,<environment.Job instance at 0x7f8fcd4fa500>,32,2,[2 8],46,74,76,28,51
1,<environment.Job instance at 0x7f8f82da3190>,34,12,[1 6],48,76,88,28,59
1,<environment.Job instance at 0x7f8fccc81d70>,21,13,[7 5],31,88,101,57,72
1,<environment.Job instance at 0x7f8f82ef7b40>,37,2,[3 8],52,101,103,49,93
1,<environment.Job instance at 0x7f8f82d99280>,51,18,[2 5],73,103,121,30,93
1,<environment.Job instance at 0x7f8f82d99af0>,52,15,[1 8],74,121,136,47,107
1,<environment.Job instance at 0x7f8f8299de10>,56,2,[1 5],80,116,118,36,116
1,<environment.Job instance at 0x7f8f8294caa0>,4,14,[ 1 10],5,5,19,0,5
1,<environment.Job instance at 0x7f8fcd0be730>,7,13,[6 3],8,19,32,11,11
1,<environment.Job instance at 0x7f8fcc8a0870>,20,17,[3 8],23,32,49,9,28
1,<environment.Job instance at 0x7f8fcc8a0d70>,17,16,[5 6],20,49,65,29,36
1,<environment.Job instance at 0x7f8fcc90a960>,21,15,[8 4],24,65,80,41,51
1,<environment.Job instance at 0x7f8fccba7050>,33,16,[9 4],39,80,96,41,68
1,<environment.Job instance at 0x7f8f828fa870>,42,18,[2 9],50,96,114,46,85
1,<environment.Job instance at 0x7f8fccc91fa0>,47,15,[7 4],55,114,129,59,100
1,<environment.Job instance at 0x7f8f8294b2d0>,0,1,[2 9],1,1,2,0,1
1,<environment.Job instance at 0x7f8fcce955f0>,2,13,[8 2],5,5,18,0,5
1,<environment.Job instance at 0x7f8f82bb7230>,10,1,[4 8],16,18,19,2,16
1,<environment.Job instance at 0x7f8fcce95be0>,4,14,[ 5 10],7,19,33,12,17
1,<environment.Job instance at 0x7f8f82bb7a00>,15,3,[5 4],24,33,36,9,31
1,<environment.Job instance at 0x7f8f82bb7f00>,21,14,[5 6],31,33,47,2,32
1,<environment.Job instance at 0x7f8f82bce3c0>,23,15,[4 9],34,47,62,13,34
1,<environment.Job instance at 0x7f8f82bceb90>,30,12,[7 5],43,62,74,19,49
1,<environment.Job instance at 0x7f8f82bcef50>,34,16,[4 5],47,74,90,27,61
1,<environment.Job instance at 0x7f8f82be65a0>,39,12,[5 5],53,74,86,21,67
1,<environment.Job instance at 0x7f8f82be6690>,43,1,[5 8],58,90,91,32,77
1,<environment.Job instance at 0x7f8f82be6820>,44,1,[ 4 10],60,91,92,31,78
1,<environment.Job instance at 0x7f8f82be69b0>,46,19,[1 9],62,92,111,30,88
1,<environment.Job instance at 0x7f8f82be6d70>,51,14,[4 5],72,111,125,39,101
1,<environment.Job instance at 0x7f8fcc735230>,54,17,[5 4],77,116,133,39,116
1,<environment.Job instance at 0x7f8fcc7356e0>,56,14,[7 3],79,133,147,54,118
1,<environment.Job instance at 0x7f8fcd213320>,7,15,[2 7],11,11,26,0,11
1,<environment.Job instance at 0x7f8fcd213640>,8,3,[3 6],13,26,29,13,13
1,<environment.Job instance at 0x7f8fccba5190>,10,21,[3 8],17,29,50,12,21
1,<environment.Job instance at 0x7f8fccdecf00>,17,3,[3 6],29,50,53,21,31
1,<environment.Job instance at 0x7f8fccdecd70>,18,1,[10  1],31,53,54,22,31
1,<environment.Job instance at 0x7f8f82cb4690>,20,1,[3 8],34,54,55,20,45
1,<environment.Job instance at 0x7f8f82cb4e10>,21,3,[1 5],35,55,58,20,45
1,<environment.Job instance at 0x7f8f82cb41e0>,22,18,[5 5],37,55,73,18,45
1,<environment.Job instance at 0x7f8fcd50be10>,25,13,[5 5],41,59,72,18,59
1,<environment.Job instance at 0x7f8fcd50ba00>,26,13,[2 7],42,73,86,31,60
1,<environment.Job instance at 0x7f8fcc6e4690>,28,1,[1 9],44,86,87,42,68
1,<environment.Job instance at 0x7f8fcc6e49b0>,29,1,[3 7],45,87,88,42,68
1,<environment.Job instance at 0x7f8fccdecdc0>,16,13,[1 8],28,88,101,60,75
1,<environment.Job instance at 0x7f8f82cb4c80>,24,16,[10  3],40,101,117,61,93
1,<environment.Job instance at 0x7f8fccc91fa0>,41,16,[3 6],60,117,133,57,105
1,<environment.Job instance at 0x7f8f82d196e0>,3,12,[3 6],5,5,17,0,5
1,<environment.Job instance at 0x7f8f82d19fa0>,5,2,[2 7],7,17,19,10,8
1,<environment.Job instance at 0x7f8f8284f910>,8,16,[1 6],10,19,35,9,15
1,<environment.Job instance at 0x7f8f8284f6e0>,10,1,[2 7],13,35,36,22,18
1,<environment.Job instance at 0x7f8fcc9b6960>,14,12,[3 9],19,36,48,17,19
1,<environment.Job instance at 0x7f8f82f2ff50>,19,19,[3 7],25,48,67,23,38
1,<environment.Job instance at 0x7f8f82f2f5f0>,22,15,[9 2],29,67,82,38,53
1,<environment.Job instance at 0x7f8f82c156e0>,38,16,[ 5 10],47,82,98,35,69
1,<environment.Job instance at 0x7f8f82c15a50>,39,15,[10  3],48,98,113,50,91
1,<environment.Job instance at 0x7f8fcd63f780>,27,14,[2 6],35,113,127,78,99
1,<environment.Job instance at 0x7f8fccf87960>,47,2,[4 5],58,127,129,69,115
1,<environment.Job instance at 0x7f8fccf876e0>,2,12,[7 4],4,4,16,0,4
1,<environment.Job instance at 0x7f8f82e84b40>,12,3,[3 8],20,20,23,0,20
1,<environment.Job instance at 0x7f8f82e84320>,14,1,[5 5],24,24,25,0,24
1,<environment.Job instance at 0x7f8f82e841e0>,15,20,[9 2],25,25,45,0,25
1,<environment.Job instance at 0x7f8f82e883c0>,23,15,[7 3],35,45,60,10,36
1,<environment.Job instance at 0x7f8f82e84910>,18,14,[9 3],29,60,74,31,45
1,<environment.Job instance at 0x7f8f829fd8c0>,35,1,[7 1],56,74,75,18,61
1,<environment.Job instance at 0x7f8f82bf9f00>,37,12,[6 2],58,75,87,17,61
1,<environment.Job instance at 0x7f8f82e9d320>,9,16,[ 2 10],15,87,103,72,82
1,<environment.Job instance at 0x7f8fcca2c690>,47,16,[5 8],72,103,119,31,90
1,<environment.Job instance at 0x7f8fccf94820>,48,25,[5 2],73,103,128,30,102
1,<environment.Job instance at 0x7f8fccf94fa0>,49,15,[3 8],74,119,134,45,106
1,<environment.Job instance at 0x7f8fccf94aa0>,2,3,[5 6],4,4,7,0,4
1,<environment.Job instance at 0x7f8f8287fd70>,4,19,[ 5 10],7,9,28,2,9
1,<environment.Job instance at 0x7f8fccd251e0>,15,3,[5 7],18,28,31,10,18
1,<environment.Job instance at 0x7f8fcd106f00>,16,2,[6 1],19,31,33,12,19
1,<environment.Job instance at 0x7f8fcd3430a0>,17,16,[1 6],20,31,47,11,22
1,<environment.Job instance at 0x7f8fcd447910>,25,1,[4 9],30,47,48,17,42
1,<environment.Job instance at 0x7f8fcd647320>,28,18,[ 4 10],36,48,66,12,42
1,<environment.Job instance at 0x7f8fcccbea00>,35,15,[7 2],45,66,81,21,52
1,<environment.Job instance at 0x7f8f82f96460>,43,15,[8 1],56,81,96,25,73
1,<environment.Job instance at 0x7f8fcd647050>,29,16,[8 4],37,96,112,59,91
1,<environment.Job instance at 0x7f8fcc93a5f0>,54,24,[2 7],68,112,136,44,107
1,<environment.Job instance at 0x7f8f82940a00>,1,17,[4 8],2,2,19,0,2
1,<environment.Job instance at 0x7f8f826afb40>,3,3,[10  1],5,19,22,14,5
1,<environment.Job instance at 0x7f8f826afbe0>,4,14,[2 7],7,22,36,15,7
1,<environment.Job instance at 0x7f8f82682780>,28,28,[1 5],43,55,83,12,55
1,<environment.Job instance at 0x7f8f82682f00>,29,20,[10  5],45,83,103,38,74
1,<environment.Job instance at 0x7f8f82682e10>,37,15,[6 1],54,103,118,49,93
1,<environment.Job instance at 0x7f8f82682d70>,27,15,[9 3],42,118,133,76,117
1,<environment.Job instance at 0x7f8f82638cd0>,43,2,[10  5],64,133,135,69,118
1,<environment.Job instance at 0x7f8f82638cd0>,1,17,[8 1],3,6,23,3,6
1,<environment.Job instance at 0x7f8fcc97eaa0>,13,12,[ 1 10],17,23,35,6,17
1,<environment.Job instance at 0x7f8fcc967960>,9,17,[4 8],13,35,52,22,26
1,<environment.Job instance at 0x7f8fcc97e820>,17,12,[5 8],21,52,64,31,35
1,<environment.Job instance at 0x7f8fcd02d370>,27,12,[7 1],35,64,76,29,54
1,<environment.Job instance at 0x7f8fcc95baf0>,24,14,[1 9],32,64,78,32,56
1,<environment.Job instance at 0x7f8fcd0454b0>,34,1,[5 5],49,78,79,29,58
1,<environment.Job instance at 0x7f8fcd0311e0>,38,26,[8 4],53,79,105,26,76
1,<environment.Job instance at 0x7f8fcc95b690>,26,18,[9 3],34,105,123,71,96
1,<environment.Job instance at 0x7f8f83058fa0>,55,17,[4 5],77,123,140,46,118
1,<environment.Job instance at 0x7f8f83058c30>,57,2,[2 5],79,123,125,44,118
1,<environment.Job instance at 0x7f8f827345a0>,0,12,[1 6],1,1,13,0,1
1,<environment.Job instance at 0x7f8f827349b0>,7,14,[5 5],10,13,27,3,13
1,<environment.Job instance at 0x7f8fcc854460>,21,14,[5 8],36,36,50,0,36
1,<environment.Job instance at 0x7f8fcce52410>,24,15,[7 1],39,50,65,11,39
1,<environment.Job instance at 0x7f8fcd1e1a50>,32,20,[8 5],55,65,85,10,56
1,<environment.Job instance at 0x7f8fcdae1500>,34,2,[1 9],58,59,61,1,59
1,<environment.Job instance at 0x7f8fcd1e10f0>,28,2,[ 4 10],49,85,87,36,68
1,<environment.Job instance at 0x7f8f829f22d0>,35,13,[2 8],59,87,100,28,72
1,<environment.Job instance at 0x7f8f829f2500>,36,16,[4 7],60,100,116,40,94
1,<environment.Job instance at 0x7f8f82a29780>,48,13,[9 4],81,116,129,35,101
1,<environment.Job instance at 0x7f8f82a29050>,45,16,[4 9],78,129,145,51,116
1,<environment.Job instance at 0x7f8f82f1b820>,1,3,[ 5 10],5,5,8,0,5
1,<environment.Job instance at 0x7f8f82f1b500>,2,3,[5 7],7,8,11,1,7
1,<environment.Job instance at 0x7f8f8296ac80>,3,2,[2 5],8,11,13,3,9
1,<environment.Job instance at 0x7f8f8296a550>,6,26,[2 9],11,34,60,23,34
1,<environment.Job instance at 0x7f8f82a9f320>,22,3,[2 6],35,60,63,25,35
1,<environment.Job instance at 0x7f8f82a9f190>,28,12,[5 1],43,43,55,0,43
1,<environment.Job instance at 0x7f8f8296a460>,7,14,[9 1],13,63,77,50,50
1,<environment.Job instance at 0x7f8f82a7e5f0>,32,16,[1 7],51,72,88,21,72
1,<environment.Job instance at 0x7f8f829688c0>,47,2,[3 7],73,88,90,15,73
1,<environment.Job instance at 0x7f8f82968c80>,48,17,[2 9],74,90,107,16,78
1,<environment.Job instance at 0x7f8fcc879f50>,56,16,[8 5],89,107,123,18,94
1,<environment.Job instance at 0x7f8fcc879aa0>,62,14,[7 1],96,123,137,27,112
1,<environment.Job instance at 0x7f8fccc34320>,0,12,[3 8],2,2,14,0,2
1,<environment.Job instance at 0x7f8f82687a50>,15,2,[3 7],20,27,29,7,27
1,<environment.Job instance at 0x7f8f827b80f0>,7,13,[3 9],10,29,42,19,27
1,<environment.Job instance at 0x7f8f82fd8960>,17,18,[1 5],23,42,60,19,31
1,<environment.Job instance at 0x7f8f829ef910>,23,1,[8 1],30,62,63,32,62
1,<environment.Job instance at 0x7f8f829be870>,24,1,[6 4],31,63,64,32,63
1,<environment.Job instance at 0x7f8f826a4d70>,16,15,[8 5],21,64,79,43,63
1,<environment.Job instance at 0x7f8f829efc30>,21,23,[4 5],28,79,102,51,75
1,<environment.Job instance at 0x7f8f82fe5fa0>,30,15,[5 1],38,82,97,44,82
1,<environment.Job instance at 0x7f8f829d3c80>,41,12,[4 8],58,102,114,44,87
1,<environment.Job instance at 0x7f8f829d3f50>,46,3,[5 8],63,114,117,51,97
1,<environment.Job instance at 0x7f8f829e0190>,47,12,[2 8],66,117,129,51,100
1,<environment.Job instance at 0x7f8f829e5190>,55,15,[3 7],78,129,144,51,115
1,<environment.Job instance at 0x7f96dc0d61e0>,3,16,[1 8],5,5,21,0,5
1,<environment.Job instance at 0x7f96dc0d6550>,7,15,[4 9],11,21,36,10,11
1,<environment.Job instance at 0x7f96dc0d67d0>,9,1,[6 1],13,13,14,0,13
1,<environment.Job instance at 0x7f96dc0d6cd0>,16,1,[7 2],20,20,21,0,20
1,<environment.Job instance at 0x7f96dc0d6eb0>,17,1,[6 1],21,21,22,0,21
1,<environment.Job instance at 0x7f96dc0d70f0>,18,15,[5 6],22,36,51,14,22
1,<environment.Job instance at 0x7f96dc0d7640>,24,15,[7 2],30,51,66,21,41
1,<environment.Job instance at 0x7f96dc0d7820>,27,17,[ 5 10],35,66,83,31,54
1,<environment.Job instance at 0x7f96dc0d7500>,20,25,[5 2],25,83,108,58,80
1,<environment.Job instance at 0x7f96dc0d7960>,23,14,[3 7],29,83,97,54,81
1,<environment.Job instance at 0x7f96dc0da5f0>,54,18,[8 4],69,108,126,39,97
1,<environment.Job instance at 0x7f96dc0dac80>,64,16,[5 5],80,126,142,46,123
1,<environment.Job instance at 0x7f96dc0de5f0>,67,1,[5 3],85,126,127,41,123
1,<environment.Job instance at 0x7f96dc0de9b0>,69,3,[5 1],87,127,130,40,124
1,<environment.Job instance at 0x7f96e36548c0>,0,16,[2 7],1,1,17,0,1
1,<environment.Job instance at 0x7f96e364c9b0>,4,18,[6 3],6,6,24,0,6
1,<environment.Job instance at 0x7f96e36585a0>,11,28,[7 4],14,37,65,23,37
1,<environment.Job instance at 0x7f96e3652820>,26,15,[2 9],36,65,80,29,53
1,<environment.Job instance at 0x7f96e350cdc0>,41,1,[5 1],56,69,70,13,69
1,<environment.Job instance at 0x7f96e3658960>,10,18,[9 4],12,80,98,68,71
1,<environment.Job instance at 0x7f96e3660fa0>,45,1,[10  4],63,98,99,35,85
1,<environment.Job instance at 0x7f96e36607d0>,49,3,[8 4],67,99,102,32,88
1,<environment.Job instance at 0x7f96dbfef410>,50,12,[4 8],68,102,114,34,89
1,<environment.Job instance at 0x7f96e365fe60>,56,17,[8 4],75,114,131,39,103
1,<environment.Job instance at 0x7f96e36605f0>,46,25,[ 4 10],64,131,156,67,127
1,<environment.Job instance at 0x7f96e3660f00>,1,13,[5 9],2,2,15,0,2
1,<environment.Job instance at 0x7f96984aa4b0>,9,12,[6 1],12,15,27,3,12
1,<environment.Job instance at 0x7f96984aa190>,22,22,[5 5],28,36,58,8,36
1,<environment.Job instance at 0x7f96984aa460>,23,16,[9 3],29,58,74,29,45
1,<environment.Job instance at 0x7f9698406410>,33,17,[ 4 10],46,74,91,28,74
1,<environment.Job instance at 0x7f96984aa500>,20,17,[10  4],26,91,108,65,80
1,<environment.Job instance at 0x7f9698499af0>,42,13,[ 5 10],57,108,121,51,93
1,<environment.Job instance at 0x7f9698499be0>,44,12,[5 4],60,121,133,61,106
1,<environment.Job instance at 0x7f969840ad20>,60,25,[2 7],80,133,158,53,129
1,<environment.Job instance at 0x7f96984a5230>,2,13,[1 6],5,5,18,0,5
1,<environment.Job instance at 0x7f96984a5fa0>,3,1,[8 3],6,6,7,0,6
1,<environment.Job instance at 0x7f96984a52d0>,6,2,[2 5],10,18,20,8,10
1,<environment.Job instance at 0x7f96984a5a00>,5,20,[6 2],9,10,30,1,10
1,<environment.Job instance at 0x7f9698792c30>,8,13,[5 6],12,30,43,18,16
1,<environment.Job instance at 0x7f9698339af0>,24,17,[5 5],37,43,60,6,39
1,<environment.Job instance at 0x7f96988b8d20>,32,3,[8 1],47,60,63,13,50
1,<environment.Job instance at 0x7f96988b8280>,28,15,[ 3 10],42,63,78,21,53
1,<environment.Job instance at 0x7f969881edc0>,38,1,[4 7],58,78,79,20,72
1,<environment.Job instance at 0x7f969881ea00>,39,14,[6 3],60,78,92,18,73
1,<environment.Job instance at 0x7f9698868b90>,42,18,[1 9],64,92,110,28,85
1,<environment.Job instance at 0x7f9698875550>,54,2,[1 5],80,110,112,30,103
1,<environment.Job instance at 0x7f96988751e0>,56,26,[8 5],83,110,136,27,107
1,<environment.Job instance at 0x7f9698835780>,61,18,[ 4 10],88,136,154,48,125
1,<environment.Job instance at 0x7f96e2998640>,3,3,[2 6],6,6,9,0,6
1,<environment.Job instance at 0x7f96987be0a0>,4,1,[3 5],7,9,10,2,7
1,<environment.Job instance at 0x7f96987be320>,6,27,[1 9],9,11,38,2,11
1,<environment.Job instance at 0x7f96987beb40>,16,12,[2 9],26,38,50,12,28
1,<environment.Job instance at 0x7f96987d0140>,20,12,[7 5],30,50,62,20,39
1,<environment.Job instance at 0x7f96987d0460>,24,13,[7 2],35,62,75,27,46
1,<environment.Job instance at 0x7f96987d0be0>,32,25,[2 8],48,62,87,14,61
1,<environment.Job instance at 0x7f96987ce0a0>,36,28,[4 8],54,99,127,45,99
1,<environment.Job instance at 0x7f96987d08c0>,27,14,[ 4 10],42,127,141,85,112
1,<environment.Job instance at 0x7f96987bd1e0>,1,16,[5 5],4,4,20,0,4
1,<environment.Job instance at 0x7f96e2a52e10>,6,17,[10  1],10,20,37,10,15
1,<environment.Job instance at 0x7f96dbe56a00>,18,3,[5 1],24,37,40,13,24
1,<environment.Job instance at 0x7f96dbe56d70>,23,12,[ 2 10],30,40,52,10,32
1,<environment.Job instance at 0x7f96dbe563c0>,26,2,[1 8],35,37,39,2,35
1,<environment.Job instance at 0x7f96dbe567d0>,28,14,[ 5 10],38,52,66,14,38
1,<environment.Job instance at 0x7f96dc2c86e0>,35,25,[7 3],46,66,91,20,62
1,<environment.Job instance at 0x7f96dc2c8d20>,40,14,[ 3 10],51,91,105,40,76
1,<environment.Job instance at 0x7f96dc587780>,49,13,[6 5],63,105,118,42,95
1,<environment.Job instance at 0x7f96e28e9910>,56,17,[3 5],72,120,137,48,120
1,<environment.Job instance at 0x7f96e28e96e0>,59,13,[4 5],75,120,133,45,120
1,<environment.Job instance at 0x7f96e28e9820>,61,13,[5 9],79,137,150,58,121
1,<environment.Job instance at 0x7f96e306a190>,3,1,[7 3],4,4,5,0,4
1,<environment.Job instance at 0x7f96e29e49b0>,5,16,[3 7],6,6,22,0,6
1,<environment.Job instance at 0x7f969877d640>,15,15,[4 6],21,22,37,1,21
1,<environment.Job instance at 0x7f96dbf7ee60>,16,18,[9 4],23,37,55,14,31
1,<environment.Job instance at 0x7f96e2b80f00>,22,16,[8 4],32,55,71,23,45
1,<environment.Job instance at 0x7f96dbe8c500>,27,16,[7 3],40,71,87,31,60
1,<environment.Job instance at 0x7f96e2b72d20>,33,3,[10  5],52,87,90,35,70
1,<environment.Job instance at 0x7f96e2eb4b90>,34,1,[10  2],53,90,91,37,70
1,<environment.Job instance at 0x7f96e2eb4dc0>,36,14,[5 1],55,91,105,36,82
1,<environment.Job instance at 0x7f96e2eb4320>,38,13,[3 9],58,91,104,33,85
1,<environment.Job instance at 0x7f96dc268730>,0,18,[6 5],1,1,19,0,1
1,<environment.Job instance at 0x7f96e30b5b40>,2,15,[6 5],6,19,34,13,6
1,<environment.Job instance at 0x7f96986d9d20>,15,16,[5 7],25,34,50,9,27
1,<environment.Job instance at 0x7f96986d9d70>,16,18,[6 3],26,50,68,24,46
1,<environment.Job instance at 0x7f96986f71e0>,32,23,[1 6],52,56,79,4,56
1,<environment.Job instance at 0x7f96986f7500>,36,1,[2 5],59,79,80,20,64
1,<environment.Job instance at 0x7f96986f7640>,37,18,[3 5],60,79,97,19,68
1,<environment.Job instance at 0x7f96986f7aa0>,43,21,[4 9],68,97,118,29,89
1,<environment.Job instance at 0x7f96986e45f0>,52,15,[5 2],79,118,133,39,105
1,<environment.Job instance at 0x7f969870fe60>,30,16,[5 6],49,128,144,79,128
1,<environment.Job instance at 0x7f969871a8c0>,0,21,[7 5],1,1,22,0,1
1,<environment.Job instance at 0x7f96dbf38cd0>,8,18,[1 6],10,22,40,12,11
1,<environment.Job instance at 0x7f96e2d308c0>,14,15,[8 2],19,26,41,7,26
1,<environment.Job instance at 0x7f96dbf384b0>,7,13,[3 8],9,41,54,32,26
1,<environment.Job instance at 0x7f96e2963b90>,24,15,[4 7],34,54,69,20,40
1,<environment.Job instance at 0x7f96985e4e60>,28,14,[6 2],38,51,65,13,51
1,<environment.Job instance at 0x7f96e2d305f0>,15,13,[2 6],20,69,82,49,63
1,<environment.Job instance at 0x7f9698373910>,31,21,[5 3],43,68,89,25,68
1,<environment.Job instance at 0x7f96e29fac30>,35,3,[4 9],47,89,92,42,78
1,<environment.Job instance at 0x7f96e2c8d320>,36,13,[6 3],48,92,105,44,78
1,<environment.Job instance at 0x7f96e2a72780>,37,2,[7 1],49,105,107,56,78
1,<environment.Job instance at 0x7f96dbfbfbe0>,39,13,[3 9],52,105,118,53,94
1,<environment.Job instance at 0x7f96dc065f50>,48,3,[ 4 10],62,118,121,56,107
1,<environment.Job instance at 0x7f96e2f14e60>,50,15,[8 4],64,121,136,57,107
1,<environment.Job instance at 0x7f969869aaa0>,54,1,[5 8],69,136,137,67,121
1,<environment.Job instance at 0x7f96e2d2de10>,20,15,[5 9],27,137,152,110,124
1,<environment.Job instance at 0x7f96e300f370>,0,14,[3 5],3,3,17,0,3
1,<environment.Job instance at 0x7f96dbedd1e0>,1,12,[4 7],4,17,29,13,5
1,<environment.Job instance at 0x7f96e2c2a820>,12,15,[10  5],17,29,44,12,18
1,<environment.Job instance at 0x7f96989746e0>,19,3,[2 5],30,44,47,14,30
1,<environment.Job instance at 0x7f96e2c366e0>,24,14,[ 5 10],37,47,61,10,37
1,<environment.Job instance at 0x7f96dc1b4c30>,29,17,[2 5],45,61,78,16,49
1,<environment.Job instance at 0x7f96dc1b4280>,34,13,[2 6],53,78,91,25,64
1,<environment.Job instance at 0x7f9698807730>,16,14,[2 6],24,91,105,67,77
1,<environment.Job instance at 0x7f96dc583e60>,49,14,[5 7],72,105,119,33,91
1,<environment.Job instance at 0x7f96dc135aa0>,43,15,[4 9],64,119,134,55,109
1,<environment.Job instance at 0x7f96e2d2de10>,2,18,[9 2],5,134,152,129,123
1,<environment.Job instance at 0x7f96e2b61550>,2,17,[8 1],5,17,34,12,17
1,<environment.Job instance at 0x7f96dc280e60>,8,24,[3 8],21,39,63,18,39
1,<environment.Job instance at 0x7f9698a65f00>,21,12,[ 5 10],42,63,75,21,46
1,<environment.Job instance at 0x7f9698a65c80>,18,21,[3 8],37,75,96,38,67
1,<environment.Job instance at 0x7f9698a79b40>,32,16,[10  3],60,96,112,36,87
1,<environment.Job instance at 0x7f9698a79cd0>,35,14,[9 5],63,112,126,49,97
1,<environment.Job instance at 0x7f9698a79c80>,37,1,[3 7],65,126,127,61,98
1,<environment.Job instance at 0x7f9698a79820>,30,18,[5 5],57,127,145,70,116
1,<environment.Job instance at 0x7f9698a65aa0>,1,12,[ 2 10],2,2,14,0,2
1,<environment.Job instance at 0x7f969835d5a0>,9,1,[8 2],12,20,21,8,20
1,<environment.Job instance at 0x7f969835d410>,7,26,[6 2],9,21,47,12,20
1,<environment.Job instance at 0x7f969877fc80>,14,2,[2 7],17,21,23,4,21
1,<environment.Job instance at 0x7f96982d40a0>,15,1,[7 5],18,47,48,29,23
1,<environment.Job instance at 0x7f96982d4aa0>,17,16,[1 6],20,23,39,3,23
1,<environment.Job instance at 0x7f96982d4370>,18,3,[3 7],22,39,42,17,24
1,<environment.Job instance at 0x7f96e2ea9500>,21,15,[10  1],25,48,63,23,35
1,<environment.Job instance at 0x7f96e2ea9af0>,24,2,[10  1],30,63,65,33,46
1,<environment.Job instance at 0x7f96dc51ceb0>,26,2,[3 8],32,65,67,33,46
1,<environment.Job instance at 0x7f969877fa00>,12,12,[3 6],15,67,79,52,55
1,<environment.Job instance at 0x7f96dbe9ad70>,35,2,[2 9],44,79,81,35,60
1,<environment.Job instance at 0x7f96dbe9a6e0>,36,14,[2 6],45,81,95,36,66
1,<environment.Job instance at 0x7f969882cfa0>,40,18,[2 6],49,95,113,46,84
1,<environment.Job instance at 0x7f96dc092f50>,45,2,[7 3],55,89,91,34,89
1,<environment.Job instance at 0x7f96988c86e0>,46,3,[1 9],56,113,116,57,90
1,<environment.Job instance at 0x7f969877fd20>,11,17,[1 9],14,116,133,102,106
1,<environment.Job instance at 0x7f96dbe428c0>,50,19,[9 4],61,133,152,72,123
1,<environment.Job instance at 0x7f969831c640>,0,18,[9 5],2,3,21,1,3
1,<environment.Job instance at 0x7f96e28d0a50>,16,22,[7 5],26,30,52,4,30
1,<environment.Job instance at 0x7f96e2d99a00>,20,16,[4 5],32,52,68,20,39
1,<environment.Job instance at 0x7f96dbfeca00>,26,17,[2 7],40,68,85,28,56
1,<environment.Job instance at 0x7f96dbfec0a0>,30,1,[8 2],45,68,69,23,57
1,<environment.Job instance at 0x7f96dbfec190>,31,1,[4 9],47,85,86,38,57
1,<environment.Job instance at 0x7f96dbfec5a0>,33,1,[10  4],54,86,87,32,58
1,<environment.Job instance at 0x7f96e2d99870>,21,15,[ 4 10],33,87,102,54,75
1,<environment.Job instance at 0x7f96dc0f6d20>,45,16,[9 2],68,102,118,34,93
1,<environment.Job instance at 0x7f969893d690>,37,12,[6 2],58,118,130,60,112
1,<environment.Job instance at 0x7f96dc223820>,53,16,[9 4],80,130,146,50,118
1,<environment.Job instance at 0x7f96e2d99aa0>,2,3,[7 5],3,3,6,0,3
1,<environment.Job instance at 0x7f96e303dd20>,3,15,[10  3],4,6,21,2,6
1,<environment.Job instance at 0x7f969890d7d0>,9,16,[1 6],10,21,37,11,10
1,<environment.Job instance at 0x7f969890da50>,13,13,[7 2],16,21,34,5,16
1,<environment.Job instance at 0x7f969890e0f0>,17,1,[4 9],20,37,38,17,22
1,<environment.Job instance at 0x7f969890e320>,19,1,[7 1],25,34,35,9,26
1,<environment.Job instance at 0x7f96984cb1e0>,27,15,[7 2],35,38,53,3,38
1,<environment.Job instance at 0x7f9698906f50>,26,18,[2 6],34,42,60,8,42
1,<environment.Job instance at 0x7f96dc063a00>,31,1,[2 8],40,60,61,20,51
1,<environment.Job instance at 0x7f96dc5d1320>,33,16,[10  5],43,61,77,18,53
1,<environment.Job instance at 0x7f96dc5e90f0>,40,3,[ 1 10],52,77,80,25,53
1,<environment.Job instance at 0x7f96dc5e9640>,44,16,[5 8],56,80,96,24,67
1,<environment.Job instance at 0x7f9698111780>,18,23,[7 2],21,107,130,86,107
1,<environment.Job instance at 0x7f96dc5f17d0>,49,14,[5 1],61,130,144,69,116
1,<environment.Job instance at 0x7f96dc5f1af0>,55,3,[5 7],71,130,133,59,119
1,<environment.Job instance at 0x7f96dc5f1730>,1,13,[2 5],3,3,16,0,3
1,<environment.Job instance at 0x7f96dc0d0870>,8,12,[1 7],16,16,28,0,16
1,<environment.Job instance at 0x7f96983cd780>,10,18,[10  1],20,28,46,8,22
1,<environment.Job instance at 0x7f96dc0d05f0>,11,1,[9 1],21,26,27,5,26
1,<environment.Job instance at 0x7f96dc2ec870>,22,15,[6 1],34,46,61,12,34
1,<environment.Job instance at 0x7f96e2b81d70>,23,27,[4 9],35,49,76,14,49
1,<environment.Job instance at 0x7f96987840a0>,27,2,[4 9],43,76,78,33,69
1,<environment.Job instance at 0x7f96987844b0>,29,3,[2 9],46,78,81,32,70
1,<environment.Job instance at 0x7f96987849b0>,30,18,[8 1],49,78,96,29,70
1,<environment.Job instance at 0x7f9698784690>,32,16,[10  4],51,96,112,45,84
1,<environment.Job instance at 0x7f96e2e2d9b0>,39,18,[7 1],60,112,130,52,107
1,<environment.Job instance at 0x7f96e2e2d2d0>,40,17,[9 4],61,130,147,69,118
1,<environment.Job instance at 0x7f96980d9a50>,0,21,[8 3],1,2,23,1,2
1,<environment.Job instance at 0x7f96980b3550>,5,14,[3 7],7,23,37,16,8
1,<environment.Job instance at 0x7f96980c0870>,15,26,[8 4],23,37,63,14,36
1,<environment.Job instance at 0x7f96980605a0>,34,2,[2 5],49,60,62,11,60
1,<environment.Job instance at 0x7f96980b3af0>,13,17,[ 2 10],21,63,80,42,61
1,<environment.Job instance at 0x7f96980c0f00>,26,15,[2 6],38,80,95,42,69
1,<environment.Job instance at 0x7f9698060960>,39,22,[7 4],55,80,102,25,76
1,<environment.Job instance at 0x7f969805dc80>,44,1,[6 2],61,102,103,41,88
1,<environment.Job instance at 0x7f9698060f50>,40,14,[ 3 10],56,103,117,47,89
1,<environment.Job instance at 0x7f9698060d20>,38,15,[1 7],54,117,132,63,103
1,<environment.Job instance at 0x7f969805daf0>,48,18,[6 3],65,117,135,52,106
1,<environment.Job instance at 0x7f96dc148b40>,59,17,[8 2],77,135,152,58,129
1,<environment.Job instance at 0x7f96dc148b40>,1,18,[7 5],7,7,25,0,7
1,<environment.Job instance at 0x7f96dc3a3d20>,5,24,[9 2],14,33,57,19,33
1,<environment.Job instance at 0x7f96dc398e10>,18,2,[4 9],35,57,59,22,35
1,<environment.Job instance at 0x7f96dc3983c0>,14,12,[ 2 10],28,59,71,31,46
1,<environment.Job instance at 0x7f96dc3a6730>,26,13,[5 8],45,71,84,26,55
1,<environment.Job instance at 0x7f96dc3a82d0>,28,15,[5 6],49,84,99,35,70
1,<environment.Job instance at 0x7f9698251fa0>,39,18,[3 5],65,99,117,34,88
1,<environment.Job instance at 0x7f96e2ad9f00>,36,13,[5 3],58,102,115,44,102
1,<environment.Job instance at 0x7f969824c690>,44,13,[9 5],73,117,130,44,102
1,<environment.Job instance at 0x7f96e28d2460>,0,16,[1 7],1,1,17,0,1
1,<environment.Job instance at 0x7f96983cdd20>,2,12,[2 5],4,17,29,13,4
1,<environment.Job instance at 0x7f96e2d30be0>,16,17,[2 9],24,29,46,5,25
1,<environment.Job instance at 0x7f96dc0d25f0>,22,12,[3 7],36,46,58,10,36
1,<environment.Job instance at 0x7f96dc0d27d0>,27,13,[1 6],43,58,71,15,44
1,<environment.Job instance at 0x7f96dc0d2c30>,29,1,[ 5 10],45,71,72,26,45
1,<environment.Job instance at 0x7f969858c230>,30,14,[7 1],46,46,60,0,46
1,<environment.Job instance at 0x7f96dbf6f4b0>,39,1,[9 3],57,70,71,13,70
1,<environment.Job instance at 0x7f96dc534190>,40,1,[1 5],59,72,73,13,70
1,<environment.Job instance at 0x7f96dbf6faf0>,42,17,[7 3],63,72,89,9,70
1,<environment.Job instance at 0x7f96dc0d25a0>,28,16,[3 7],44,73,89,29,71
1,<environment.Job instance at 0x7f96dbf6fd20>,43,18,[9 3],65,89,107,24,78
1,<environment.Job instance at 0x7f96dc537370>,44,14,[8 2],67,107,121,40,101
1,<environment.Job instance at 0x7f96988cef50>,51,17,[3 9],77,122,139,45,122
1,<environment.Job instance at 0x7f96dc00dfa0>,0,12,[1 6],1,1,13,0,1
1,<environment.Job instance at 0x7f96dc00daf0>,3,12,[2 8],6,13,25,7,6
1,<environment.Job instance at 0x7f96981816e0>,7,2,[2 9],12,25,27,13,12
1,<environment.Job instance at 0x7f9698181f00>,8,2,[7 4],13,27,29,14,13
1,<environment.Job instance at 0x7f9698181550>,10,1,[5 5],16,29,30,13,16
1,<environment.Job instance at 0x7f9698181a50>,11,15,[3 7],18,30,45,12,18
1,<environment.Job instance at 0x7f969812db90>,15,27,[5 5],23,48,75,25,48
1,<environment.Job instance at 0x7f96982ff410>,37,17,[10  2],52,75,92,23,63
1,<environment.Job instance at 0x7f96982ff730>,36,13,[8 5],51,92,105,41,85
1,<environment.Job instance at 0x7f96982ff0f0>,35,13,[ 3 10],50,105,118,55,94
1,<environment.Job instance at 0x7f96dbf6a230>,54,2,[10  5],74,118,120,44,104
1,<environment.Job instance at 0x7f969887d0f0>,62,16,[ 3 10],88,120,136,32,111
1,<environment.Job instance at 0x7f969887d820>,68,12,[6 4],98,136,148,38,124
1,<environment.Job instance at 0x7f96982a1960>,1,1,[6 5],2,2,3,0,2
1,<environment.Job instance at 0x7f96dc5a7f50>,5,12,[ 4 10],11,11,23,0,11
1,<environment.Job instance at 0x7f9698401e10>,11,16,[1 6],19,23,39,4,20
1,<environment.Job instance at 0x7f9698338730>,17,17,[5 6],25,39,56,14,27
1,<environment.Job instance at 0x7f9698338b90>,18,18,[5 3],26,34,52,8,34
1,<environment.Job instance at 0x7f96dc3ba190>,26,18,[1 6],38,56,74,18,45
1,<environment.Job instance at 0x7f96e2e67d20>,9,18,[5 2],16,52,70,36,46
1,<environment.Job instance at 0x7f9698579b90>,33,17,[10  1],49,74,91,25,66
1,<environment.Job instance at 0x7f9698579230>,34,15,[7 5],52,91,106,39,77
1,<environment.Job instance at 0x7f96e2e67370>,7,12,[7 2],14,106,118,92,92
1,<environment.Job instance at 0x7f9698338a00>,21,15,[2 5],30,110,125,80,110
1,<environment.Job instance at 0x7f9698598640>,45,13,[8 3],68,118,131,50,116
1,<environment.Job instance at 0x7f96dc073320>,56,15,[1 7],82,128,143,46,128
1,<environment.Job instance at 0x7f9e2db641e0>,3,16,[1 8],5,5,21,0,5
1,<environment.Job instance at 0x7f9e2db64550>,7,15,[4 9],11,21,36,10,11
1,<environment.Job instance at 0x7f9e2db647d0>,9,1,[6 1],13,13,14,0,13
1,<environment.Job instance at 0x7f9e2db64910>,10,1,[7 3],14,36,37,22,14
1,<environment.Job instance at 0x7f9e2db64e60>,15,16,[4 8],19,37,53,18,26
1,<environment.Job instance at 0x7f9e2db658c0>,25,12,[5 2],32,37,49,5,32
1,<environment.Job instance at 0x7f9e2db65820>,24,15,[7 2],30,53,68,23,39
1,<environment.Job instance at 0x7f9e2db69370>,35,13,[7 1],45,68,81,23,57
1,<environment.Job instance at 0x7f9e2db696e0>,38,1,[2 7],48,57,58,9,57
1,<environment.Job instance at 0x7f9e2db69910>,40,27,[3 7],52,58,85,6,57
1,<environment.Job instance at 0x7f9e2db6b460>,49,18,[10  2],62,87,105,25,87
1,<environment.Job instance at 0x7f9e2db6bb90>,55,1,[ 4 10],70,105,106,35,89
1,<environment.Job instance at 0x7f9e2db6bc30>,56,13,[6 4],71,106,119,35,91
1,<environment.Job instance at 0x7f9e2db6b8c0>,52,12,[1 9],67,119,131,52,103
1,<environment.Job instance at 0x7f9e2db6c7d0>,68,18,[7 1],86,119,137,33,117
1,<environment.Job instance at 0x7f9e2db6cbe0>,74,18,[3 8],93,131,149,38,121
1,<environment.Job instance at 0x7f9e2db710a0>,77,17,[1 6],96,149,166,53,138
1,<environment.Job instance at 0x7f9e2db711e0>,1,18,[9 4],2,2,20,0,2
1,<environment.Job instance at 0x7f9e2db712d0>,2,28,[7 4],4,20,48,16,20
1,<environment.Job instance at 0x7f9e350e0640>,19,12,[6 3],30,48,60,18,31
1,<environment.Job instance at 0x7f9e34f9b370>,27,23,[1 5],40,40,63,0,40
1,<environment.Job instance at 0x7f9e350e4d70>,14,3,[8 2],22,60,63,38,40
1,<environment.Job instance at 0x7f9e34f9a910>,32,1,[5 1],46,63,64,17,48
1,<environment.Job instance at 0x7f9e34f9aa50>,33,3,[3 7],49,63,66,14,49
1,<environment.Job instance at 0x7f9e350e4fa0>,15,18,[6 1],23,64,82,41,59
1,<environment.Job instance at 0x7f9e350ee8c0>,42,18,[7 2],59,82,100,23,73
1,<environment.Job instance at 0x7f9e350ed870>,52,17,[4 9],72,100,117,28,94
1,<environment.Job instance at 0x7f9e350ed910>,48,14,[8 4],66,117,131,51,109
1,<environment.Job instance at 0x7f9de9e65fa0>,65,21,[6 5],89,135,156,46,135
1,<environment.Job instance at 0x7f9dea374be0>,1,18,[7 2],3,5,23,2,5
1,<environment.Job instance at 0x7f9de9e83f50>,11,13,[3 8],18,18,31,0,18
1,<environment.Job instance at 0x7f9de9e83140>,10,16,[8 5],17,31,47,14,26
1,<environment.Job instance at 0x7f9e2d923320>,19,16,[8 5],29,47,63,18,35
1,<environment.Job instance at 0x7f9de9efd0f0>,28,12,[5 4],40,63,75,23,53
1,<environment.Job instance at 0x7f9de9efd1e0>,32,13,[1 7],45,75,88,30,72
1,<environment.Job instance at 0x7f9de9ed5a50>,33,15,[10  5],46,88,103,42,74
1,<environment.Job instance at 0x7f9de9efde10>,30,16,[3 7],42,103,119,61,92
1,<environment.Job instance at 0x7f9e2d8cfa50>,17,17,[ 4 10],26,119,136,93,108
1,<environment.Job instance at 0x7f9e2d9e9370>,58,14,[4 8],80,136,150,56,122
1,<environment.Job instance at 0x7f9dea157b90>,0,1,[6 2],1,1,2,0,1
1,<environment.Job instance at 0x7f9e348df550>,1,14,[1 6],4,4,18,0,4
1,<environment.Job instance at 0x7f9dea321a00>,8,15,[ 3 10],12,18,33,6,12
1,<environment.Job instance at 0x7f9e2dbd7f00>,22,18,[1 9],34,36,54,2,36
1,<environment.Job instance at 0x7f9e2d9ed230>,17,28,[6 2],25,55,83,30,55
1,<environment.Job instance at 0x7f9de9f98460>,37,16,[1 8],54,59,75,5,59
1,<environment.Job instance at 0x7f9de9f98f50>,38,12,[3 6],55,75,87,20,61
1,<environment.Job instance at 0x7f9e2dc4a7d0>,45,15,[8 1],63,87,102,24,74
1,<environment.Job instance at 0x7f9e344dbe60>,55,18,[8 4],76,102,120,26,91
1,<environment.Job instance at 0x7f9e2d9afa50>,64,17,[2 5],87,98,115,11,98
1,<environment.Job instance at 0x7f9e34b82550>,68,13,[1 9],91,120,133,29,109
1,<environment.Job instance at 0x7f9e2db208c0>,70,17,[ 1 10],93,133,150,40,122
1,<environment.Job instance at 0x7f9dea1a6690>,2,2,[3 8],4,4,6,0,4
1,<environment.Job instance at 0x7f9de9efdd70>,3,23,[1 7],5,8,31,3,8
1,<environment.Job instance at 0x7f9dea177460>,19,1,[2 5],25,31,32,6,25
1,<environment.Job instance at 0x7f9dea1770a0>,18,22,[2 7],24,32,54,8,25
1,<environment.Job instance at 0x7f9dea1775a0>,21,18,[ 5 10],27,54,72,27,48
1,<environment.Job instance at 0x7f9dea17aa00>,42,13,[9 1],56,72,85,16,59
1,<environment.Job instance at 0x7f9e2dfc1960>,47,25,[4 9],62,85,110,23,81
1,<environment.Job instance at 0x7f9e2d94f550>,57,17,[5 6],76,110,127,34,98
1,<environment.Job instance at 0x7f9e2dfc1640>,49,17,[8 4],64,127,144,63,115
1,<environment.Job instance at 0x7f9dea1824b0>,68,12,[2 7],96,144,156,48,129
1,<environment.Job instance at 0x7f9e3487deb0>,1,13,[1 8],2,2,15,0,2
1,<environment.Job instance at 0x7f9e347d5190>,8,20,[5 1],12,12,32,0,12
1,<environment.Job instance at 0x7f9e347d5e60>,10,13,[5 7],15,16,29,1,16
1,<environment.Job instance at 0x7f9e34b01dc0>,14,14,[ 5 10],20,32,46,12,23
1,<environment.Job instance at 0x7f9e34b010f0>,21,13,[5 9],29,46,59,17,30
1,<environment.Job instance at 0x7f9e34b01230>,24,1,[9 1],33,59,60,26,34
1,<environment.Job instance at 0x7f9e347dba00>,32,15,[5 9],43,60,75,17,48
1,<environment.Job instance at 0x7f9e2da12910>,37,15,[1 8],50,75,90,25,68
1,<environment.Job instance at 0x7f9e2da12b90>,42,12,[5 5],55,90,102,35,87
1,<environment.Job instance at 0x7f9e2da12c80>,44,12,[ 2 10],57,102,114,45,90
1,<environment.Job instance at 0x7f9e2da12d70>,49,18,[8 3],63,133,151,70,133
1,<environment.Job instance at 0x7f9e3487caf0>,2,3,[8 1],5,5,8,0,5
1,<environment.Job instance at 0x7f9e343f2370>,5,3,[2 6],11,11,14,0,11
1,<environment.Job instance at 0x7f9e343f2c80>,6,15,[3 7],12,14,29,2,12
1,<environment.Job instance at 0x7f9e343f2af0>,7,17,[9 3],13,29,46,16,22
1,<environment.Job instance at 0x7f9e343d4eb0>,22,18,[2 9],29,46,64,17,35
1,<environment.Job instance at 0x7f9e343d4820>,26,18,[3 5],35,64,82,29,53
1,<environment.Job instance at 0x7f9e343a0be0>,32,16,[4 6],42,82,98,40,69
1,<environment.Job instance at 0x7f9e343a0af0>,36,14,[3 6],50,98,112,48,85
1,<environment.Job instance at 0x7f9e2dec7910>,42,18,[9 5],60,112,130,52,109
1,<environment.Job instance at 0x7f9e2dec7c30>,45,1,[4 7],66,132,133,66,132
1,<environment.Job instance at 0x7f9e2dec7050>,46,15,[5 4],67,133,148,66,132
1,<environment.Job instance at 0x7f9e2e05a8c0>,47,12,[5 9],70,148,160,78,132
1,<environment.Job instance at 0x7f9e344e3fa0>,0,3,[3 8],1,1,4,0,1
1,<environment.Job instance at 0x7f9e2d9e9730>,4,18,[3 9],5,5,23,0,5
1,<environment.Job instance at 0x7f9e2d9e9cd0>,11,21,[9 4],15,23,44,8,19
1,<environment.Job instance at 0x7f9e2d9e9b90>,12,14,[5 5],18,44,58,26,30
1,<environment.Job instance at 0x7f9e2d9e0a50>,26,13,[10  4],38,58,71,20,49
1,<environment.Job instance at 0x7f9e2d9f5410>,33,12,[9 3],47,71,83,24,55
1,<environment.Job instance at 0x7f9e2d9f55f0>,35,1,[5 4],49,83,84,34,68
1,<environment.Job instance at 0x7f9e2d9f5820>,38,15,[1 8],54,84,99,30,72
1,<environment.Job instance at 0x7f9e2d9f5d70>,39,15,[6 1],56,84,99,28,72
1,<environment.Job instance at 0x7f9e2d9e07d0>,20,12,[1 6],28,99,111,71,83
1,<environment.Job instance at 0x7f9e2da094b0>,47,2,[9 2],66,99,101,33,94
1,<environment.Job instance at 0x7f9e2da09050>,45,15,[4 8],64,111,126,47,98
1,<environment.Job instance at 0x7f9e2da095a0>,51,18,[1 6],70,126,144,56,116
1,<environment.Job instance at 0x7f9e2da09eb0>,58,13,[2 6],80,144,157,64,130
1,<environment.Job instance at 0x7f9e2d9f5a50>,40,23,[6 4],58,134,157,76,134
1,<environment.Job instance at 0x7f9e2da07cd0>,0,2,[1 7],1,1,3,0,1
1,<environment.Job instance at 0x7f9e2da07370>,1,1,[2 7],2,3,4,1,3
1,<environment.Job instance at 0x7f9e2da07640>,2,18,[5 7],5,5,23,0,5
1,<environment.Job instance at 0x7f9e2db039b0>,8,15,[3 9],11,23,38,12,11
1,<environment.Job instance at 0x7f9e2df73e10>,19,17,[10  2],24,38,55,14,26
1,<environment.Job instance at 0x7f9e34934dc0>,24,17,[ 2 10],29,55,72,26,43
1,<environment.Job instance at 0x7f9e2dc70050>,32,17,[2 6],38,72,89,34,60
1,<environment.Job instance at 0x7f9e2da4a5a0>,15,28,[7 3],19,75,103,56,75
1,<environment.Job instance at 0x7f9e2db0e7d0>,42,18,[9 2],55,103,121,48,92
1,<environment.Job instance at 0x7f9e2dcb35f0>,53,12,[10  1],69,121,133,52,116
1,<environment.Job instance at 0x7f9e2dbf2640>,54,14,[5 7],70,133,147,63,118
1,<environment.Job instance at 0x7f9e2dbf2410>,55,13,[1 9],73,147,160,74,131
1,<environment.Job instance at 0x7f9e2dab29b0>,1,19,[1 9],2,2,21,0,2
1,<environment.Job instance at 0x7f9e3459ceb0>,11,14,[7 3],19,21,35,2,19
1,<environment.Job instance at 0x7f9e3459c7d0>,12,14,[9 3],20,35,49,15,22
1,<environment.Job instance at 0x7f9e3459c460>,14,17,[7 4],23,57,74,34,57
1,<environment.Job instance at 0x7f9dea07feb0>,36,2,[10  5],59,74,76,15,60
1,<environment.Job instance at 0x7f9e344c7230>,28,14,[4 9],40,76,90,36,64
1,<environment.Job instance at 0x7f9dea465910>,42,27,[8 4],69,90,117,21,90
1,<environment.Job instance at 0x7f9dea07f960>,34,13,[8 5],57,117,130,60,101
1,<environment.Job instance at 0x7f9de9f28410>,53,13,[1 8],88,130,143,42,114
1,<environment.Job instance at 0x7f9e3450cf50>,61,16,[10  3],100,143,159,43,137
1,<environment.Job instance at 0x7f9e2dd0fc30>,1,22,[4 9],4,5,27,1,5
1,<environment.Job instance at 0x7f9e2da27050>,9,16,[9 4],15,28,44,13,28
1,<environment.Job instance at 0x7f9e2da27b40>,18,20,[6 2],28,44,64,16,36
1,<environment.Job instance at 0x7f9e2da27b90>,21,2,[9 1],31,64,66,33,37
1,<environment.Job instance at 0x7f9e2da27d70>,22,12,[ 2 10],32,66,78,34,49
1,<environment.Job instance at 0x7f9e2da2f6e0>,32,17,[1 9],44,78,95,34,66
1,<environment.Job instance at 0x7f9e2da27f00>,25,14,[2 9],35,95,109,60,80
1,<environment.Job instance at 0x7f9de9ef6500>,48,12,[1 7],63,109,121,46,98
1,<environment.Job instance at 0x7f9de9ef12d0>,57,14,[2 6],75,121,135,46,106
1,<environment.Job instance at 0x7f9e2da27eb0>,23,14,[10  1],33,135,149,102,120
1,<environment.Job instance at 0x7f9de9ef1500>,60,16,[5 9],78,149,165,71,136
1,<environment.Job instance at 0x7f9dea31b910>,11,18,[9 5],22,23,41,1,23
1,<environment.Job instance at 0x7f9e343cdbe0>,13,12,[7 4],24,41,53,17,28
1,<environment.Job instance at 0x7f9dea289c80>,23,3,[3 8],40,53,56,13,51
1,<environment.Job instance at 0x7f9de9da8f00>,26,20,[9 2],45,56,76,11,51
1,<environment.Job instance at 0x7f9de9da8410>,29,14,[9 3],49,76,90,27,68
1,<environment.Job instance at 0x7f9e2dbfe910>,36,21,[10  4],59,90,111,31,82
1,<environment.Job instance at 0x7f9e343a3910>,48,12,[6 2],78,111,123,33,103
1,<environment.Job instance at 0x7f9dea31e190>,56,16,[9 2],88,123,139,35,112
1,<environment.Job instance at 0x7f9e34e6afa0>,60,15,[3 8],94,139,154,45,125
1,<environment.Job instance at 0x7f9e2df22eb0>,3,1,[7 2],6,6,7,0,6
1,<environment.Job instance at 0x7f9dea059140>,12,18,[2 8],15,15,33,0,15
1,<environment.Job instance at 0x7f9de9ffd820>,28,18,[ 4 10],36,41,59,5,41
1,<environment.Job instance at 0x7f9dea18ceb0>,29,16,[8 4],37,59,75,22,48
1,<environment.Job instance at 0x7f9e2dab6640>,34,18,[2 6],44,61,79,17,61
1,<environment.Job instance at 0x7f9e2dab6500>,39,1,[2 8],50,79,80,29,66
1,<environment.Job instance at 0x7f9de9fbc370>,43,15,[8 1],56,75,90,19,66
1,<environment.Job instance at 0x7f9dea059870>,11,15,[10  3],14,90,105,76,78
1,<environment.Job instance at 0x7f9e3436ea50>,56,18,[4 5],70,110,128,40,110
1,<environment.Job instance at 0x7f9e3436eb90>,57,14,[5 1],71,110,124,39,110
1,<environment.Job instance at 0x7f9e2d97ef50>,60,12,[5 6],75,128,140,53,111
1,<environment.Job instance at 0x7f9e2daf4e10>,1,13,[2 5],3,3,16,0,3
1,<environment.Job instance at 0x7f9de9d29690>,8,12,[1 7],16,16,28,0,16
1,<environment.Job instance at 0x7f9de9d29c30>,10,18,[10  1],20,28,46,8,25
1,<environment.Job instance at 0x7f9de9d29e10>,11,1,[9 1],21,46,47,25,30
1,<environment.Job instance at 0x7f9de9d1ddc0>,22,15,[6 1],34,47,62,13,36
1,<environment.Job instance at 0x7f9de9d29370>,14,20,[10  5],25,62,82,37,54
1,<environment.Job instance at 0x7f9e343f9780>,33,1,[1 5],52,82,83,30,72
1,<environment.Job instance at 0x7f9dea0d2f00>,32,16,[10  4],51,83,99,32,72
1,<environment.Job instance at 0x7f9e349c9320>,24,16,[8 3],38,99,115,61,92
1,<environment.Job instance at 0x7f9dea0c4460>,48,16,[4 6],73,115,131,42,102
1,<environment.Job instance at 0x7f9e2dc3a370>,53,17,[4 7],81,131,148,50,119
1,<environment.Job instance at 0x7f9e2dc27550>,62,12,[5 6],92,148,160,56,132
1,<environment.Job instance at 0x7f9e2dc27af0>,1,3,[4 5],2,2,5,0,2
1,<environment.Job instance at 0x7f9dea4ca0f0>,6,1,[6 5],12,12,13,0,12
1,<environment.Job instance at 0x7f9e2da25e10>,7,26,[8 4],13,13,39,0,13
1,<environment.Job instance at 0x7f9dea356a50>,19,18,[ 4 10],29,39,57,10,38
1,<environment.Job instance at 0x7f9e2db58460>,29,14,[9 4],43,57,71,14,44
1,<environment.Job instance at 0x7f9e3477b7d0>,32,14,[ 3 10],46,71,85,25,63
1,<environment.Job instance at 0x7f9e34acb9b0>,39,17,[7 4],54,85,102,31,79
1,<environment.Job instance at 0x7f9e2d9eb6e0>,45,2,[5 5],60,102,104,42,86
1,<environment.Job instance at 0x7f9e2d9eb280>,47,14,[5 9],62,104,118,42,89
1,<environment.Job instance at 0x7f9dea0fea50>,50,3,[8 5],66,118,121,52,104
1,<environment.Job instance at 0x7f9dea26f730>,23,16,[10  1],36,121,137,85,110
1,<environment.Job instance at 0x7f9e346c2eb0>,56,13,[3 5],73,137,150,64,125
1,<environment.Job instance at 0x7f9e344daeb0>,1,15,[3 5],3,3,18,0,3
1,<environment.Job instance at 0x7f9de9b3bb90>,8,16,[4 9],18,18,34,0,18
1,<environment.Job instance at 0x7f9de9b4f1e0>,18,17,[1 8],30,42,59,12,42
1,<environment.Job instance at 0x7f9de9b4f4b0>,23,15,[5 4],35,59,74,24,50
1,<environment.Job instance at 0x7f9de9b4f870>,20,24,[ 1 10],32,106,130,74,106
1,<environment.Job instance at 0x7f9de9b4ff50>,28,18,[3 5],45,130,148,85,124
1,<environment.Job instance at 0x7f9de9af8b90>,47,15,[4 7],74,148,163,74,136
1,<environment.Job instance at 0x7f9de9af8b90>,1,3,[1 9],3,3,6,0,3
1,<environment.Job instance at 0x7f9e2d914e60>,3,12,[3 7],6,6,18,0,6
1,<environment.Job instance at 0x7f9e2dba3aa0>,12,21,[5 7],18,18,39,0,18
1,<environment.Job instance at 0x7f9e2dba3cd0>,8,13,[1 6],13,39,52,26,23
1,<environment.Job instance at 0x7f9de9d2f690>,16,18,[10  1],22,52,70,30,41
1,<environment.Job instance at 0x7f9dea2f7cd0>,26,3,[ 3 10],38,70,73,32,48
1,<environment.Job instance at 0x7f9e2db6a640>,28,12,[3 8],42,73,85,31,56
1,<environment.Job instance at 0x7f9e34374aa0>,32,17,[3 9],47,85,102,38,73
1,<environment.Job instance at 0x7f9de9cb4460>,35,13,[3 9],50,102,115,52,87
1,<environment.Job instance at 0x7f9e2db4e910>,45,18,[1 5],63,115,133,52,105
1,<environment.Job instance at 0x7f9e343727d0>,23,17,[7 3],33,115,132,82,113
1,<environment.Job instance at 0x7f9e3435a320>,22,15,[4 8],31,133,148,102,120
1,<environment.Job instance at 0x7f9e2db71410>,51,1,[8 1],70,132,133,62,124
1,<environment.Job instance at 0x7f9e2dba3910>,9,16,[3 7],14,148,164,134,135
1,<environment.Job instance at 0x7f9e3493c870>,0,14,[5 5],3,3,17,0,3
1,<environment.Job instance at 0x7f9e2df6deb0>,13,3,[ 2 10],17,20,23,3,20
1,<environment.Job instance at 0x7f9de9e179b0>,14,2,[1 8],18,23,25,5,20
1,<environment.Job instance at 0x7f9de9e17c30>,15,2,[3 8],19,25,27,6,20
1,<environment.Job instance at 0x7f9dea161550>,6,15,[ 1 10],9,27,42,18,20
1,<environment.Job instance at 0x7f9e3472b7d0>,12,14,[5 3],15,42,56,27,33
1,<environment.Job instance at 0x7f9e2df84280>,17,14,[3 7],21,42,56,21,34
1,<environment.Job instance at 0x7f9dea272410>,30,17,[3 5],41,56,73,15,45
1,<environment.Job instance at 0x7f9e2df90140>,40,12,[6 4],58,79,91,21,79
1,<environment.Job instance at 0x7f9de9b84910>,20,12,[10  1],26,91,103,65,79
1,<environment.Job instance at 0x7f9e2df90cd0>,45,15,[4 5],63,103,118,40,89
1,<environment.Job instance at 0x7f9e2df90190>,42,12,[2 5],60,105,117,45,105
1,<environment.Job instance at 0x7f9e2df90eb0>,47,16,[9 1],69,118,134,49,105
1,<environment.Job instance at 0x7f9e2d9d3f50>,8,13,[8 5],11,134,147,123,124
1,<environment.Job instance at 0x7f9dea4bc140>,56,3,[3 9],81,147,150,66,130
1,<environment.Job instance at 0x7f9e2df90370>,48,15,[3 6],70,150,165,80,136
1,<environment.Job instance at 0x7f9dea290050>,62,2,[5 4],90,150,152,60,139
1,<environment.Job instance at 0x7f9e2dafb230>,64,1,[6 5],92,165,166,73,139
1,<environment.Job instance at 0x7f9e34404140>,0,15,[7 5],2,2,17,0,2
1,<environment.Job instance at 0x7f9e2dafbaa0>,3,12,[9 1],5,17,29,12,13
1,<environment.Job instance at 0x7f9e347b0050>,10,18,[3 6],17,29,47,12,18
1,<environment.Job instance at 0x7f9dea2211e0>,22,15,[1 7],32,47,62,15,33
1,<environment.Job instance at 0x7f9e347b0140>,11,13,[8 3],18,47,60,29,36
1,<environment.Job instance at 0x7f9dea221140>,29,25,[10  3],39,62,87,23,58
1,<environment.Job instance at 0x7f9e34501d20>,38,18,[7 2],53,87,105,34,76
1,<environment.Job instance at 0x7f9e34897f00>,43,16,[1 7],61,87,103,26,85
1,<environment.Job instance at 0x7f9dea221050>,23,15,[5 2],33,105,120,72,91
1,<environment.Job instance at 0x7f9e348973c0>,44,18,[4 7],62,105,123,43,95
1,<environment.Job instance at 0x7f9e348970a0>,50,12,[5 7],75,123,135,48,108
1,<environment.Job instance at 0x7f9e34897910>,46,17,[5 5],67,135,152,68,123
1,<environment.Job instance at 0x7f9dea169820>,2,15,[3 5],3,3,18,0,3
1,<environment.Job instance at 0x7f9e2dfdfa50>,9,23,[9 2],16,18,41,2,16
1,<environment.Job instance at 0x7f9e2e028960>,30,13,[9 5],48,58,71,10,58
1,<environment.Job instance at 0x7f9e2df399b0>,38,16,[ 3 10],56,75,91,19,75
1,<environment.Job instance at 0x7f9e3437b7d0>,24,16,[8 3],39,91,107,52,85
1,<environment.Job instance at 0x7f9e2df39dc0>,41,12,[2 7],59,91,103,32,91
1,<environment.Job instance at 0x7f9e2df39cd0>,43,12,[6 1],62,107,119,45,91
1,<environment.Job instance at 0x7f9e2df39e60>,45,3,[2 7],64,103,106,39,94
1,<environment.Job instance at 0x7f9e2e028280>,34,24,[1 9],52,113,137,61,113
1,<environment.Job instance at 0x7f9e2dbc5910>,50,13,[7 5],70,137,150,67,122
1,<environment.Job instance at 0x7fa0c8745140>,0,18,[9 3],1,1,19,0,1
1,<environment.Job instance at 0x7fa0c8745190>,3,16,[1 8],5,19,35,14,11
1,<environment.Job instance at 0x7fa0c75e6870>,13,2,[8 4],17,35,37,18,21
1,<environment.Job instance at 0x7fa0c75e6c80>,16,1,[7 2],20,21,22,1,21
1,<environment.Job instance at 0x7fa0c75ea500>,24,15,[7 2],30,37,52,7,37
1,<environment.Job instance at 0x7fa0c75eaa50>,27,17,[ 5 10],35,52,69,17,40
1,<environment.Job instance at 0x7fa0c75ea0f0>,19,1,[ 3 10],23,69,70,46,49
1,<environment.Job instance at 0x7fa0c75ec320>,35,13,[7 1],45,78,91,33,78
1,<environment.Job instance at 0x7fa0c75ec500>,38,1,[2 7],48,79,80,31,79
1,<environment.Job instance at 0x7fa0c75ec730>,42,1,[2 7],54,84,85,30,84
1,<environment.Job instance at 0x7fa0c75ec9b0>,43,12,[5 3],55,91,103,36,84
1,<environment.Job instance at 0x7fa0c75ece60>,49,18,[10  2],62,103,121,41,93
1,<environment.Job instance at 0x7fa0c75e7280>,56,13,[6 4],71,121,134,50,108
1,<environment.Job instance at 0x7fa0c75eaf00>,31,21,[8 4],39,134,155,95,127
1,<environment.Job instance at 0x7fa0c88b80a0>,3,1,[ 3 10],7,7,8,0,7
1,<environment.Job instance at 0x7fa0c88b8550>,5,28,[6 5],10,10,38,0,10
1,<environment.Job instance at 0x7fa0c88b2e60>,21,17,[5 8],31,38,55,7,37
1,<environment.Job instance at 0x7fa0c876cc30>,31,1,[4 9],45,55,56,10,47
1,<environment.Job instance at 0x7fa0c876cdc0>,36,15,[6 4],50,60,75,10,60
1,<environment.Job instance at 0x7fa0c88c04b0>,40,17,[8 4],55,75,92,20,75
1,<environment.Job instance at 0x7fa0c88c05a0>,41,14,[8 4],56,92,106,36,77
1,<environment.Job instance at 0x7fa0c88c07d0>,47,17,[2 8],64,106,123,42,94
1,<environment.Job instance at 0x7fa0c876c780>,35,18,[7 2],49,107,125,58,107
1,<environment.Job instance at 0x7fa0c88c0550>,55,17,[1 7],74,123,140,49,111
1,<environment.Job instance at 0x7fa0c87cc320>,54,2,[1 8],73,140,142,67,120
1,<environment.Job instance at 0x7fa0c88bf050>,61,15,[5 5],83,142,157,59,128
1,<environment.Job instance at 0x7fa0c88bf230>,64,16,[4 5],88,142,158,54,129
1,<environment.Job instance at 0x7fa07d586870>,4,2,[6 5],8,8,10,0,8
1,<environment.Job instance at 0x7fa07d7310a0>,5,16,[8 5],9,10,26,1,10
1,<environment.Job instance at 0x7fa07d76bcd0>,12,13,[ 5 10],17,26,39,9,17
1,<environment.Job instance at 0x7fa07d641a50>,16,16,[3 7],22,39,55,17,30
1,<environment.Job instance at 0x7fa07d64bdc0>,20,1,[7 4],27,55,56,28,34
1,<environment.Job instance at 0x7fa0c7474690>,26,2,[9 5],36,56,58,20,40
1,<environment.Job instance at 0x7fa07d5ea230>,31,3,[2 7],42,58,61,16,46
1,<environment.Job instance at 0x7fa07d64b1e0>,19,15,[10  5],26,61,76,35,48
1,<environment.Job instance at 0x7fa07d5e7370>,38,18,[4 9],50,76,94,26,67
1,<environment.Job instance at 0x7fa07d5989b0>,44,14,[4 8],60,94,108,34,82
1,<environment.Job instance at 0x7fa0c73aecd0>,25,17,[6 2],33,94,111,61,82
1,<environment.Job instance at 0x7fa0c73b0410>,48,24,[3 6],66,108,132,42,103
1,<environment.Job instance at 0x7fa07d5c0b90>,65,13,[1 6],95,132,145,37,131
1,<environment.Job instance at 0x7fa07d5c05f0>,67,20,[8 3],98,133,153,35,133
1,<environment.Job instance at 0x7fa07d5c00f0>,70,13,[2 8],101,153,166,52,141
1,<environment.Job instance at 0x7fa0c8114dc0>,1,12,[ 3 10],3,3,15,0,3
1,<environment.Job instance at 0x7fa0c75df2d0>,14,2,[1 5],20,20,22,0,20
1,<environment.Job instance at 0x7fa0c88b8500>,17,16,[1 8],24,24,40,0,24
1,<environment.Job instance at 0x7fa0c7671af0>,22,17,[5 5],29,40,57,11,38
1,<environment.Job instance at 0x7fa07d5d0050>,28,14,[3 5],36,41,55,5,41
1,<environment.Job instance at 0x7fa07d5e7f50>,33,13,[10  4],44,57,70,13,45
1,<environment.Job instance at 0x7fa07d63b820>,37,14,[1 7],50,70,84,20,63
1,<environment.Job instance at 0x7fa07dab91e0>,49,2,[5 2],62,70,72,8,65
1,<environment.Job instance at 0x7fa07d6e50f0>,45,17,[4 8],58,84,101,26,72
1,<environment.Job instance at 0x7fa07d6d6550>,58,1,[3 5],77,101,102,24,91
1,<environment.Job instance at 0x7fa07dab9d70>,48,13,[1 9],61,102,115,41,100
1,<environment.Job instance at 0x7fa07daa5dc0>,61,3,[8 2],80,115,118,35,104
1,<environment.Job instance at 0x7fa07d64b050>,50,17,[ 1 10],63,118,135,55,111
1,<environment.Job instance at 0x7fa07daa5cd0>,66,3,[5 2],92,135,138,43,119
1,<environment.Job instance at 0x7fa07daa5960>,67,12,[6 2],93,138,150,45,121
1,<environment.Job instance at 0x7fa07db09cd0>,71,15,[2 9],97,150,165,53,144
1,<environment.Job instance at 0x7fa0c73cf050>,5,3,[10  1],6,6,9,0,6
1,<environment.Job instance at 0x7fa07d95e140>,7,1,[3 8],10,10,11,0,10
1,<environment.Job instance at 0x7fa07d98c500>,11,18,[7 4],14,14,32,0,14
1,<environment.Job instance at 0x7fa0c7a4abe0>,23,20,[5 4],31,32,52,1,31
1,<environment.Job instance at 0x7fa0c7a56e10>,26,15,[ 5 10],35,52,67,17,39
1,<environment.Job instance at 0x7fa0c7a56410>,28,17,[5 3],38,67,84,29,56
1,<environment.Job instance at 0x7fa0c7a561e0>,27,17,[5 6],36,68,85,32,68
1,<environment.Job instance at 0x7fa0c7a30230>,41,17,[10  1],60,85,102,25,75
1,<environment.Job instance at 0x7fa0c7a30870>,48,20,[7 4],67,102,122,35,95
1,<environment.Job instance at 0x7fa0c7a4a1e0>,21,13,[ 5 10],27,122,135,95,110
1,<environment.Job instance at 0x7fa0c7a32960>,68,15,[3 7],94,135,150,41,121
1,<environment.Job instance at 0x7fa07d93e2d0>,58,12,[ 2 10],80,150,162,70,134
1,<environment.Job instance at 0x7fa0c7fbaf00>,0,2,[1 8],1,1,3,0,1
1,<environment.Job instance at 0x7fa0c7fba7d0>,1,22,[4 7],2,3,25,1,3
1,<environment.Job instance at 0x7fa0c8128690>,6,12,[ 2 10],7,25,37,18,15
1,<environment.Job instance at 0x7fa0c81288c0>,15,12,[6 2],17,37,49,20,37
1,<environment.Job instance at 0x7fa0c82d8cd0>,18,15,[4 7],23,38,53,15,38
1,<environment.Job instance at 0x7fa0c82d8f50>,23,12,[5 8],28,53,65,25,40
1,<environment.Job instance at 0x7fa0c803ac30>,31,3,[3 6],41,65,68,24,50
1,<environment.Job instance at 0x7fa0c8128190>,16,20,[5 9],18,69,89,51,69
1,<environment.Job instance at 0x7fa0c82d8dc0>,19,14,[ 2 10],24,89,103,65,82
1,<environment.Job instance at 0x7fa0c74c4af0>,44,14,[10  1],60,103,117,43,93
1,<environment.Job instance at 0x7fa0c74c4320>,48,17,[4 8],65,117,134,52,107
1,<environment.Job instance at 0x7fa07d9cb140>,53,20,[4 8],77,134,154,57,125
1,<environment.Job instance at 0x7fa07d9cb820>,57,3,[10  5],82,154,157,72,149
1,<environment.Job instance at 0x7fa07d9cb9b0>,58,1,[10  2],83,157,158,74,149
1,<environment.Job instance at 0x7fa07d9cbcd0>,60,14,[5 1],85,158,172,73,149
1,<environment.Job instance at 0x7fa0c78f83c0>,5,18,[6 5],11,11,29,0,11
1,<environment.Job instance at 0x7fa0c78f8550>,10,17,[1 8],20,29,46,9,21
1,<environment.Job instance at 0x7fa0c758c8c0>,20,16,[5 7],35,50,66,15,50
1,<environment.Job instance at 0x7fa0c7495b90>,27,14,[1 9],45,66,80,21,55
1,<environment.Job instance at 0x7fa0c7637be0>,35,16,[5 6],59,80,96,21,67
1,<environment.Job instance at 0x7fa0c81ca910>,15,20,[9 4],27,96,116,69,87
1,<environment.Job instance at 0x7fa0c7743be0>,37,23,[1 6],62,103,126,41,103
1,<environment.Job instance at 0x7fa0c74d4c30>,55,18,[3 9],85,126,144,41,116
1,<environment.Job instance at 0x7fa0c794f320>,62,21,[9 4],95,144,165,49,136
1,<environment.Job instance at 0x7fa07d715e60>,64,2,[8 1],99,165,167,66,140
1,<environment.Job instance at 0x7fa0c7da47d0>,0,12,[ 2 10],1,1,13,0,1
1,<environment.Job instance at 0x7fa07d808c80>,5,15,[8 2],9,13,28,4,10
1,<environment.Job instance at 0x7fa07d8050f0>,9,2,[2 5],14,14,16,0,14
1,<environment.Job instance at 0x7fa0c82d5640>,6,13,[2 6],10,16,29,6,14
1,<environment.Job instance at 0x7fa07d805410>,11,15,[5 9],17,29,44,12,17
1,<environment.Job instance at 0x7fa07d81c0a0>,25,17,[7 5],36,44,61,8,36
1,<environment.Job instance at 0x7fa07d81ca50>,32,2,[4 6],45,61,63,16,49
1,<environment.Job instance at 0x7fa07d81cb40>,33,2,[5 7],46,63,65,17,49
1,<environment.Job instance at 0x7fa07d805f00>,22,21,[5 3],33,61,82,28,53
1,<environment.Job instance at 0x7fa07d8214b0>,40,17,[3 8],53,82,99,29,70
1,<environment.Job instance at 0x7fa07d821aa0>,49,18,[2 6],63,99,117,36,99
1,<environment.Job instance at 0x7fa07d805d70>,21,27,[8 1],32,103,130,71,103
1,<environment.Job instance at 0x7fa07d821c80>,51,13,[5 5],66,130,143,64,118
1,<environment.Job instance at 0x7fa07d821280>,37,16,[5 6],50,143,159,93,130
1,<environment.Job instance at 0x7fa07d820d20>,69,3,[2 7],88,159,162,71,144
1,<environment.Job instance at 0x7fa07d820a50>,63,15,[3 9],81,162,177,81,148
1,<environment.Job instance at 0x7fa0c769e320>,0,1,[2 9],1,1,2,0,1
1,<environment.Job instance at 0x7fa07db875a0>,3,15,[10  2],6,6,21,0,6
1,<environment.Job instance at 0x7fa0c74f0af0>,7,1,[5 2],12,21,22,9,12
1,<environment.Job instance at 0x7fa07db87280>,8,13,[6 1],14,22,35,8,14
1,<environment.Job instance at 0x7fa0c735ba50>,21,14,[5 6],31,35,49,4,31
1,<environment.Job instance at 0x7fa07dc56be0>,25,17,[1 5],36,49,66,13,37
1,<environment.Job instance at 0x7fa0c75d6aa0>,33,12,[6 2],46,50,62,4,50
1,<environment.Job instance at 0x7fa0c73ddd70>,14,13,[2 6],23,66,79,43,50
1,<environment.Job instance at 0x7fa0c81e72d0>,36,14,[7 2],50,62,76,12,58
1,<environment.Job instance at 0x7fa0c818a5f0>,39,12,[5 5],53,79,91,26,70
1,<environment.Job instance at 0x7fa0c8079870>,22,18,[5 5],32,79,97,47,74
1,<environment.Job instance at 0x7fa07dbd0f50>,46,19,[1 9],62,97,116,35,87
1,<environment.Job instance at 0x7fa0c80798c0>,23,15,[4 9],34,116,131,82,102
1,<environment.Job instance at 0x7fa0c7598b90>,57,14,[9 3],80,131,145,51,117
1,<environment.Job instance at 0x7fa0c7f0c730>,64,14,[10  3],88,145,159,57,132
1,<environment.Job instance at 0x7fa0c7f0caa0>,68,19,[5 6],93,159,178,66,149
1,<environment.Job instance at 0x7fa0c7401460>,6,16,[10  3],10,10,26,0,10
1,<environment.Job instance at 0x7fa07daea140>,11,1,[3 7],15,26,27,11,15
1,<environment.Job instance at 0x7fa07daea870>,12,13,[4 8],16,27,40,11,16
1,<environment.Job instance at 0x7fa07d9088c0>,20,13,[7 5],26,40,53,14,27
1,<environment.Job instance at 0x7fa0c829dd70>,18,17,[6 4],23,53,70,30,41
1,<environment.Job instance at 0x7fa07d908780>,23,16,[3 6],30,59,75,29,59
1,<environment.Job instance at 0x7fa0c7f070a0>,29,2,[9 1],42,75,77,33,59
1,<environment.Job instance at 0x7fa0c8671820>,30,13,[5 8],43,77,90,34,61
1,<environment.Job instance at 0x7fa0c756f370>,39,22,[7 3],57,90,112,33,83
1,<environment.Job instance at 0x7fa0c79ae9b0>,26,17,[1 7],38,90,107,52,83
1,<environment.Job instance at 0x7fa0c7a92550>,47,13,[6 4],68,112,125,44,99
1,<environment.Job instance at 0x7fa0c80c1320>,56,21,[5 4],80,125,146,45,119
1,<environment.Job instance at 0x7fa0c7b457d0>,61,14,[2 9],85,146,160,61,143
1,<environment.Job instance at 0x7fa0c7b45500>,62,12,[5 7],86,160,172,74,143
1,<environment.Job instance at 0x7fa07db7c280>,1,13,[5 7],3,3,16,0,3
1,<environment.Job instance at 0x7fa0c7b51e60>,6,18,[5 9],9,16,34,7,9
1,<environment.Job instance at 0x7fa0c7b52460>,13,16,[6 4],23,34,50,11,23
1,<environment.Job instance at 0x7fa0c7b520f0>,10,3,[5 1],18,29,32,11,29
1,<environment.Job instance at 0x7fa0c7b52a50>,18,2,[3 8],31,50,52,19,33
1,<environment.Job instance at 0x7fa0c7b52cd0>,20,16,[1 7],35,52,68,17,39
1,<environment.Job instance at 0x7fa0c7b48320>,25,19,[8 1],40,52,71,12,50
1,<environment.Job instance at 0x7fa0c7b48460>,29,17,[3 8],45,71,88,26,60
1,<environment.Job instance at 0x7fa0c7b488c0>,37,18,[9 5],62,88,106,26,79
1,<environment.Job instance at 0x7fa07d66f2d0>,39,12,[7 4],64,106,118,42,96
1,<environment.Job instance at 0x7fa07d66f190>,43,24,[ 1 10],70,118,142,48,113
1,<environment.Job instance at 0x7fa07d66fdc0>,54,3,[ 5 10],87,142,145,55,131
1,<environment.Job instance at 0x7fa07d66fe10>,55,14,[9 3],89,145,159,56,131
1,<environment.Job instance at 0x7fa07d66ffa0>,2,2,[5 8],4,4,6,0,4
1,<environment.Job instance at 0x7fa0c7da5730>,3,14,[6 3],5,6,20,1,6
1,<environment.Job instance at 0x7fa0c7da51e0>,8,2,[5 9],10,20,22,10,10
1,<environment.Job instance at 0x7fa07dc03320>,16,18,[9 4],20,22,40,2,20
1,<environment.Job instance at 0x7fa0c7473460>,19,2,[7 1],24,40,42,16,25
1,<environment.Job instance at 0x7fa0c7473190>,20,2,[ 5 10],25,42,44,17,26
1,<environment.Job instance at 0x7fa0c74734b0>,18,15,[3 6],23,44,59,21,33
1,<environment.Job instance at 0x7fa0c7a3c870>,32,22,[7 2],40,44,66,4,40
1,<environment.Job instance at 0x7fa07d512640>,36,15,[10  3],44,66,81,22,55
1,<environment.Job instance at 0x7fa07d5127d0>,43,18,[5 7],52,81,99,29,70
1,<environment.Job instance at 0x7fa07dbca140>,54,16,[8 4],67,99,115,32,86
1,<environment.Job instance at 0x7fa0c756f4b0>,21,14,[9 5],26,115,129,89,103
1,<environment.Job instance at 0x7fa07da909b0>,67,18,[9 5],85,129,147,44,118
1,<environment.Job instance at 0x7fa07d5059b0>,75,18,[4 9],94,147,165,53,137
1,<environment.Job instance at 0x7fa07d5054b0>,1,17,[4 8],2,2,19,0,2
1,<environment.Job instance at 0x7fa07dcbe370>,24,12,[10  3],37,43,55,6,43
1,<environment.Job instance at 0x7fa07dcbefa0>,25,18,[10  1],40,55,73,15,50
1,<environment.Job instance at 0x7fa07dcbe8c0>,29,20,[10  5],45,78,98,33,78
1,<environment.Job instance at 0x7fa07d99f690>,33,12,[10  2],50,98,110,48,91
1,<environment.Job instance at 0x7fa07d50e820>,45,18,[8 1],69,111,129,42,111
1,<environment.Job instance at 0x7fa07d99fa50>,39,16,[8 3],58,129,145,71,118
1,<environment.Job instance at 0x7fa0c770b640>,58,2,[8 1],86,146,148,60,146
1,<environment.Job instance at 0x7fa0c770b2d0>,59,1,[7 5],88,148,149,60,146
1,<environment.Job instance at 0x7fa07da90cd0>,55,17,[9 4],81,149,166,68,146
1,<environment.Job instance at 0x7fa07d408690>,0,21,[8 3],1,2,23,1,2
1,<environment.Job instance at 0x7fa07d408b90>,3,18,[9 3],4,25,43,21,25
1,<environment.Job instance at 0x7fa07dab0140>,17,12,[2 5],25,43,55,18,26
1,<environment.Job instance at 0x7fa07da7f230>,18,1,[8 3],26,43,44,17,26
1,<environment.Job instance at 0x7fa07daacc80>,19,2,[8 3],27,44,46,17,27
1,<environment.Job instance at 0x7fa07da7f870>,20,2,[ 1 10],28,55,57,27,28
1,<environment.Job instance at 0x7fa07daac410>,22,1,[8 2],31,46,47,15,36
1,<environment.Job instance at 0x7fa07d54a820>,23,12,[2 6],32,57,69,25,40
1,<environment.Job instance at 0x7fa0c75c8cd0>,31,16,[10  1],46,69,85,23,56
1,<environment.Job instance at 0x7fa07daa1190>,34,2,[2 5],49,85,87,36,69
1,<environment.Job instance at 0x7fa07daa10a0>,35,12,[3 9],50,87,99,37,70
1,<environment.Job instance at 0x7fa07dbcd3c0>,38,15,[1 7],54,99,114,45,85
1,<environment.Job instance at 0x7fa07d54adc0>,25,12,[9 1],34,99,111,65,88
1,<environment.Job instance at 0x7fa07dacd2d0>,40,14,[ 3 10],56,114,128,58,100
1,<environment.Job instance at 0x7fa07da7f0f0>,13,17,[ 2 10],21,128,145,107,116
1,<environment.Job instance at 0x7fa07dbe8550>,51,13,[5 7],68,145,158,77,129
1,<environment.Job instance at 0x7fa07dbc3230>,46,15,[10  5],63,158,173,95,144
1,<environment.Job instance at 0x7fa07dac6c30>,1,15,[3 5],3,3,18,0,3
1,<environment.Job instance at 0x7fa07d9fddc0>,7,2,[4 9],15,18,20,3,15
1,<environment.Job instance at 0x7fa0c782e3c0>,8,16,[4 9],18,20,36,2,18
1,<environment.Job instance at 0x7fa07db23b40>,10,16,[5 7],20,36,52,16,23
1,<environment.Job instance at 0x7fa07d4fd460>,18,17,[1 8],30,52,69,22,43
1,<environment.Job instance at 0x7fa0c7e9f910>,26,2,[7 3],40,69,71,29,49
1,<environment.Job instance at 0x7fa07d57f500>,28,18,[3 5],45,69,87,24,58
1,<environment.Job instance at 0x7fa07d9fdaa0>,5,13,[10  1],11,87,100,76,77
1,<environment.Job instance at 0x7fa0c764aaa0>,12,28,[2 7],22,110,138,88,110
1,<environment.Job instance at 0x7fa07d9dffa0>,46,14,[9 1],73,138,152,65,126
1,<environment.Job instance at 0x7fa0c76e99b0>,44,17,[4 7],70,152,169,82,142
1,<environment.Job instance at 0x7fa07da13f00>,52,18,[6 2],79,152,170,73,145
1,<environment.Job instance at 0x7fa07d32fa00>,0,18,[5 2],1,2,20,1,2
1,<environment.Job instance at 0x7fa07d32f050>,3,16,[3 7],4,16,32,12,16
1,<environment.Job instance at 0x7fa07d32f6e0>,14,1,[9 3],17,32,33,15,20
1,<environment.Job instance at 0x7fa07d321f00>,18,18,[9 3],25,33,51,8,26
1,<environment.Job instance at 0x7fa07d32faf0>,11,17,[10  2],13,51,68,38,48
1,<environment.Job instance at 0x7fa07d32feb0>,5,14,[7 1],6,68,82,62,56
1,<environment.Job instance at 0x7fa07d321960>,23,20,[3 5],33,68,88,35,59
1,<environment.Job instance at 0x7fa07d2bd8c0>,41,13,[8 5],55,88,101,33,79
1,<environment.Job instance at 0x7fa07d2bd820>,43,23,[4 5],58,101,124,43,95
1,<environment.Job instance at 0x7fa07d2c1910>,45,1,[8 1],60,124,125,64,97
1,<environment.Job instance at 0x7fa07d2c13c0>,47,3,[5 5],63,101,104,38,97
1,<environment.Job instance at 0x7fa07d2c17d0>,49,3,[1 8],65,124,127,59,98
1,<environment.Job instance at 0x7fa07d2c1f00>,50,2,[3 5],66,104,106,38,99
1,<environment.Job instance at 0x7fa07d2c15f0>,52,15,[5 1],68,106,121,38,100
1,<environment.Job instance at 0x7fa07d99a910>,57,18,[9 2],73,125,143,52,116
1,<environment.Job instance at 0x7fa07d99acd0>,66,12,[1 6],91,129,141,38,129
1,<environment.Job instance at 0x7fa07d2bdaf0>,42,15,[10  3],56,143,158,87,130
1,<environment.Job instance at 0x7fa07d3bb5f0>,72,13,[10  3],101,158,171,57,144
1,<environment.Job instance at 0x7fa0c763e550>,1,1,[5 4],3,3,4,0,3
1,<environment.Job instance at 0x7fa07d60b690>,4,3,[7 2],7,7,10,0,7
1,<environment.Job instance at 0x7fa07d60beb0>,5,17,[4 5],9,10,27,1,9
1,<environment.Job instance at 0x7fa0c7879b40>,13,17,[3 5],21,21,38,0,21
1,<environment.Job instance at 0x7fa0c7885140>,15,2,[2 9],23,38,40,15,23
1,<environment.Job instance at 0x7fa0c7885320>,21,3,[ 4 10],34,40,43,6,34
1,<environment.Job instance at 0x7fa0c7885500>,22,17,[1 9],35,43,60,8,35
1,<environment.Job instance at 0x7fa0c7c945f0>,29,15,[8 1],48,50,65,2,50
1,<environment.Job instance at 0x7fa07d7c3460>,30,16,[9 1],49,65,81,16,53
1,<environment.Job instance at 0x7fa0c7a39dc0>,34,17,[4 7],54,81,98,27,69
1,<environment.Job instance at 0x7fa0c7c95320>,41,16,[6 1],65,86,102,21,86
1,<environment.Job instance at 0x7fa0c7c952d0>,42,16,[8 2],66,102,118,36,89
1,<environment.Job instance at 0x7fa07d51ffa0>,52,16,[4 7],83,118,134,35,108
1,<environment.Job instance at 0x7fa07d514a00>,53,12,[7 2],84,134,146,50,118
1,<environment.Job instance at 0x7fa07d514f50>,56,3,[10  5],87,146,149,59,131
1,<environment.Job instance at 0x7fa0c7c87500>,60,17,[6 5],92,149,166,57,145
1,<environment.Job instance at 0x7fa0c76711e0>,0,15,[1 7],2,2,17,0,2
1,<environment.Job instance at 0x7fa0c7c878c0>,1,15,[5 2],3,4,19,1,4
1,<environment.Job instance at 0x7fa07d72d780>,4,14,[5 6],6,17,31,11,6
1,<environment.Job instance at 0x7fa07d99ed70>,13,16,[5 4],18,19,35,1,18
1,<environment.Job instance at 0x7fa0c7c87690>,2,13,[1 8],4,35,48,31,28
1,<environment.Job instance at 0x7fa07d9fa1e0>,19,17,[10  3],29,48,65,19,36
1,<environment.Job instance at 0x7fa0c7d1b500>,10,17,[2 5],13,65,82,52,54
1,<environment.Job instance at 0x7fa0c7b00640>,30,15,[3 6],48,82,97,34,70
1,<environment.Job instance at 0x7fa07d5748c0>,36,13,[ 5 10],58,97,110,39,84
1,<environment.Job instance at 0x7fa0c8103550>,39,14,[5 5],61,110,124,49,96
1,<environment.Job instance at 0x7fa0c7b002d0>,34,13,[7 4],56,124,137,68,108
1,<environment.Job instance at 0x7fa0c8269230>,54,18,[7 1],80,137,155,57,126
1,<environment.Job instance at 0x7fa07d91a5f0>,61,16,[4 7],90,155,171,65,146
1,<environment.Job instance at 0x7fa07da53960>,1,14,[5 6],4,4,18,0,4
1,<environment.Job instance at 0x7fa0c841a0f0>,5,13,[9 5],8,18,31,10,18
1,<environment.Job instance at 0x7fa0c785cb90>,18,12,[6 1],22,31,43,9,23
1,<environment.Job instance at 0x7fa0c785c870>,21,15,[8 1],25,43,58,18,43
1,<environment.Job instance at 0x7fa0c77eccd0>,27,12,[7 5],34,58,70,24,43
1,<environment.Job instance at 0x7fa0c7799c80>,13,16,[ 3 10],16,70,86,54,61
1,<environment.Job instance at 0x7fa0c77ec190>,34,21,[7 4],42,86,107,44,82
1,<environment.Job instance at 0x7fa0c74c1d70>,48,17,[ 1 10],59,107,124,48,95
1,<environment.Job instance at 0x7fa0c74c1f00>,54,13,[7 5],66,124,137,58,108
1,<environment.Job instance at 0x7fa0c8110c30>,47,18,[5 8],58,137,155,79,126
1,<environment.Job instance at 0x7fa07d454960>,61,13,[3 9],77,155,168,78,142
1,<environment.Job instance at 0x7fa07d454500>,3,16,[3 5],6,6,22,0,6
1,<environment.Job instance at 0x7fa0c7c743c0>,5,12,[4 5],10,10,22,0,10
1,<environment.Job instance at 0x7fa0c7c88870>,16,2,[1 5],26,26,28,0,26
1,<environment.Job instance at 0x7fa07d5e6370>,17,16,[4 6],27,28,44,1,27
1,<environment.Job instance at 0x7fa07d85a2d0>,1,16,[4 8],2,44,60,42,31
1,<environment.Job instance at 0x7fa0c7836b40>,28,3,[4 7],43,60,63,17,43
1,<environment.Job instance at 0x7fa07d917500>,23,16,[3 6],35,63,79,28,50
1,<environment.Job instance at 0x7fa0c73d7460>,34,16,[6 2],49,59,75,10,59
1,<environment.Job instance at 0x7fa0c8044be0>,8,17,[7 2],15,75,92,60,64
1,<environment.Job instance at 0x7fa07dbc7e60>,43,15,[3 5],63,79,94,16,69
1,<environment.Job instance at 0x7fa07dbc7320>,47,17,[5 4],69,92,109,23,80
1,<environment.Job instance at 0x7fa07dbbefa0>,51,13,[6 5],73,109,122,36,93
1,<environment.Job instance at 0x7fa07dbbed70>,59,17,[5 3],87,132,149,45,132
1,<environment.Job instance at 0x7fa07dbbe0a0>,63,17,[5 6],91,136,153,45,136
1,<environment.Job instance at 0x7fa07dbc6140>,65,17,[9 1],95,153,170,58,142
1,<environment.Job instance at 0x7fa07dbc6370>,68,1,[5 5],98,170,171,72,142
1,<environment.Job instance at 0x7fc463ec21e0>,3,16,[1 8],5,5,21,0,5
1,<environment.Job instance at 0x7fc463ec25a0>,8,12,[3 9],12,21,33,9,12
1,<environment.Job instance at 0x7fc463ec2a50>,12,3,[1 8],16,33,36,17,16
1,<environment.Job instance at 0x7fc463ec3050>,19,1,[ 3 10],23,36,37,13,24
1,<environment.Job instance at 0x7fc463ec3140>,18,15,[5 6],22,37,52,15,24
1,<environment.Job instance at 0x7fc463ec3460>,20,25,[5 2],25,37,62,12,33
1,<environment.Job instance at 0x7fc463ec2d70>,15,16,[4 8],19,52,68,33,52
1,<environment.Job instance at 0x7fc463ec3dc0>,31,21,[8 4],39,68,89,29,61
1,<environment.Job instance at 0x7fc463ec7370>,32,12,[10  2],42,89,101,47,76
1,<environment.Job instance at 0x7fc463eca4b0>,51,2,[3 8],66,101,103,35,84
1,<environment.Job instance at 0x7fc463ec7b40>,46,14,[6 1],58,101,115,43,88
1,<environment.Job instance at 0x7fc463eca960>,56,13,[6 4],71,115,128,44,100
1,<environment.Job instance at 0x7fc463ecaf00>,61,12,[1 9],77,128,140,51,114
1,<environment.Job instance at 0x7fc463ecd870>,68,18,[7 1],86,128,146,42,120
1,<environment.Job instance at 0x7fc463ecde10>,74,18,[3 8],93,140,158,47,130
1,<environment.Job instance at 0x7fc463ed0320>,79,12,[6 1],103,153,165,50,153
1,<environment.Job instance at 0x7fc463ed0410>,80,16,[9 2],104,165,181,61,153
1,<environment.Job instance at 0x7fc463ed09b0>,0,27,[7 1],1,4,31,3,4
1,<environment.Job instance at 0x7fc46b4481e0>,16,18,[7 1],22,31,49,9,22
1,<environment.Job instance at 0x7fc46b447af0>,14,23,[1 5],20,30,53,10,30
1,<environment.Job instance at 0x7fc46b43ef00>,32,1,[1 6],43,53,54,10,45
1,<environment.Job instance at 0x7fc46b43eaf0>,33,16,[8 5],44,54,70,10,45
1,<environment.Job instance at 0x7fc46b2f88c0>,35,14,[8 4],46,70,84,24,57
1,<environment.Job instance at 0x7fc46b2f85a0>,36,1,[9 3],47,84,85,37,57
1,<environment.Job instance at 0x7fc46b4470f0>,15,17,[5 8],21,85,102,64,76
1,<environment.Job instance at 0x7fc46b4452d0>,45,14,[7 3],59,102,116,43,89
1,<environment.Job instance at 0x7fc463e65dc0>,53,14,[5 9],70,116,130,46,104
1,<environment.Job instance at 0x7fc463dd0050>,56,13,[6 2],74,130,143,56,115
1,<environment.Job instance at 0x7fc46b358a50>,58,16,[4 5],78,130,146,52,123
1,<environment.Job instance at 0x7fc46b44bdc0>,60,14,[7 3],80,146,160,66,132
1,<environment.Job instance at 0x7fc46b355d20>,71,14,[9 1],99,160,174,61,145
1,<environment.Job instance at 0x7fc420175b90>,1,16,[3 7],2,2,18,0,2
1,<environment.Job instance at 0x7fc42015ea50>,10,17,[6 2],13,13,30,0,13
1,<environment.Job instance at 0x7fc420116460>,15,25,[2 7],20,26,51,6,26
1,<environment.Job instance at 0x7fc463d02eb0>,21,28,[6 2],28,40,68,12,40
1,<environment.Job instance at 0x7fc46a803140>,29,14,[4 8],40,51,65,11,45
1,<environment.Job instance at 0x7fc4201b7730>,34,12,[6 1],47,68,80,21,54
1,<environment.Job instance at 0x7fc463d50d70>,39,16,[1 9],55,68,84,13,55
1,<environment.Job instance at 0x7fc4202a1c80>,31,19,[5 4],42,84,103,42,74
1,<environment.Job instance at 0x7fc4643895f0>,45,2,[7 1],67,80,82,13,79
1,<environment.Job instance at 0x7fc42026efa0>,55,13,[2 8],81,103,116,22,103
1,<environment.Job instance at 0x7fc463c2ecd0>,23,18,[4 9],30,116,134,86,106
1,<environment.Job instance at 0x7fc42026e460>,56,13,[5 6],82,134,147,52,118
1,<environment.Job instance at 0x7fc463c8d960>,65,3,[9 5],95,147,150,52,147
1,<environment.Job instance at 0x7fc42026e370>,57,16,[5 5],83,150,166,67,149
1,<environment.Job instance at 0x7fc4201c0870>,70,2,[4 5],105,151,153,46,151
1,<environment.Job instance at 0x7fc4201c0280>,71,2,[5 3],106,153,155,47,151
1,<environment.Job instance at 0x7fc4201c0d70>,72,17,[5 5],107,155,172,48,154
1,<environment.Job instance at 0x7fc4207f6320>,1,1,[2 7],2,2,3,0,2
1,<environment.Job instance at 0x7fc46a8f5cd0>,3,2,[3 9],4,4,6,0,4
1,<environment.Job instance at 0x7fc463f7bf50>,5,14,[3 5],6,6,20,0,6
1,<environment.Job instance at 0x7fc463efb910>,10,13,[10  4],14,20,33,6,14
1,<environment.Job instance at 0x7fc463c47f00>,19,18,[9 3],25,43,61,18,43
1,<environment.Job instance at 0x7fc42015e460>,35,1,[3 5],47,61,62,14,47
1,<environment.Job instance at 0x7fc463f870a0>,22,17,[4 8],28,62,79,34,50
1,<environment.Job instance at 0x7fc42023dd20>,44,12,[6 2],63,71,83,8,71
1,<environment.Job instance at 0x7fc46a6b0460>,46,17,[2 9],65,83,100,18,71
1,<environment.Job instance at 0x7fc464266f50>,48,15,[2 9],67,100,115,33,87
1,<environment.Job instance at 0x7fc4206a7be0>,51,12,[7 5],70,115,127,45,105
1,<environment.Job instance at 0x7fc420276460>,55,13,[7 2],75,127,140,52,119
1,<environment.Job instance at 0x7fc42029c4b0>,62,3,[10  1],87,140,143,53,119
1,<environment.Job instance at 0x7fc4205c0370>,7,2,[9 1],15,15,17,0,15
1,<environment.Job instance at 0x7fc4205c0460>,8,12,[2 7],16,17,29,1,16
1,<environment.Job instance at 0x7fc4205c05a0>,9,1,[2 9],17,29,30,12,17
1,<environment.Job instance at 0x7fc4205c0320>,6,16,[5 5],14,30,46,16,17
1,<environment.Job instance at 0x7fc4205bd280>,23,3,[5 1],34,34,37,0,34
1,<environment.Job instance at 0x7fc4205bd960>,27,13,[9 3],39,46,59,7,39
1,<environment.Job instance at 0x7fc4205bc190>,34,26,[5 4],49,59,85,10,56
1,<environment.Job instance at 0x7fc4205bc230>,36,2,[6 2],52,85,87,33,61
1,<environment.Job instance at 0x7fc4205bc5a0>,41,12,[2 7],57,85,97,28,73
1,<environment.Job instance at 0x7fc4205bc0a0>,33,14,[ 5 10],48,97,111,49,84
1,<environment.Job instance at 0x7fc4200cb320>,53,20,[5 1],72,111,131,39,105
1,<environment.Job instance at 0x7fc4200cb690>,59,14,[ 5 10],80,131,145,51,116
1,<environment.Job instance at 0x7fc4200cb5a0>,56,23,[ 3 10],76,145,168,69,139
1,<environment.Job instance at 0x7fc4200ca910>,74,19,[4 9],100,168,187,68,158
1,<environment.Job instance at 0x7fc4204094b0>,0,15,[4 6],1,1,16,0,1
1,<environment.Job instance at 0x7fc420409820>,6,2,[8 5],11,16,18,5,13
1,<environment.Job instance at 0x7fc420409eb0>,2,12,[8 4],4,18,30,14,16
1,<environment.Job instance at 0x7fc420409aa0>,4,13,[9 1],9,30,43,21,17
1,<environment.Job instance at 0x7fc46a6f3f00>,15,16,[5 1],28,43,59,15,33
1,<environment.Job instance at 0x7fc46a6f3370>,20,20,[5 7],34,51,71,17,51
1,<environment.Job instance at 0x7fc46aed8730>,25,17,[8 5],44,71,88,27,63
1,<environment.Job instance at 0x7fc464189870>,30,15,[3 7],52,88,103,36,75
1,<environment.Job instance at 0x7fc46a6f30a0>,13,17,[10  5],25,103,120,78,92
1,<environment.Job instance at 0x7fc4640df820>,23,13,[3 9],38,120,133,82,105
1,<environment.Job instance at 0x7fc420571780>,49,17,[10  4],74,133,150,59,131
1,<environment.Job instance at 0x7fc420571f50>,53,16,[10  5],78,150,166,72,139
1,<environment.Job instance at 0x7fc46414bc80>,59,16,[1 8],88,166,182,78,153
1,<environment.Job instance at 0x7fc4204bb640>,16,13,[8 5],23,23,36,0,23
1,<environment.Job instance at 0x7fc42076fc30>,18,18,[3 9],25,36,54,11,27
1,<environment.Job instance at 0x7fc46aa89870>,6,13,[ 5 10],11,54,67,43,38
1,<environment.Job instance at 0x7fc46a854230>,27,2,[8 1],39,67,69,28,48
1,<environment.Job instance at 0x7fc46a854be0>,28,18,[10  4],40,69,87,29,58
1,<environment.Job instance at 0x7fc46a867780>,40,13,[10  4],58,87,100,29,76
1,<environment.Job instance at 0x7fc4205b8640>,47,12,[9 3],67,100,112,33,96
1,<environment.Job instance at 0x7fc4205b8410>,48,17,[7 5],68,112,129,44,103
1,<environment.Job instance at 0x7fc46aca42d0>,51,18,[2 5],73,115,133,42,115
1,<environment.Job instance at 0x7fc463e668c0>,52,15,[1 8],74,133,148,59,119
1,<environment.Job instance at 0x7fc463e57dc0>,1,1,[2 7],2,2,3,0,2
1,<environment.Job instance at 0x7fc463e575a0>,3,27,[1 7],6,10,37,4,10
1,<environment.Job instance at 0x7fc4207cee10>,10,23,[7 3],13,32,55,19,32
1,<environment.Job instance at 0x7fc4207e2910>,20,14,[3 6],25,51,65,26,51
1,<environment.Job instance at 0x7fc4207e2fa0>,27,15,[6 3],33,55,70,22,51
1,<environment.Job instance at 0x7fc4207e2c30>,25,17,[8 2],31,70,87,39,58
1,<environment.Job instance at 0x7fc4207d5410>,32,17,[2 6],38,65,82,27,60
1,<environment.Job instance at 0x7fc4207e2d20>,26,17,[2 6],32,82,99,50,72
1,<environment.Job instance at 0x7fc4207d5910>,38,13,[ 2 10],48,99,112,51,86
1,<environment.Job instance at 0x7fc4207d5c80>,44,3,[5 4],58,89,92,31,89
1,<environment.Job instance at 0x7fc4207df640>,52,15,[10  5],67,112,127,45,98
1,<environment.Job instance at 0x7fc4207df8c0>,56,14,[2 6],74,127,141,53,112
1,<environment.Job instance at 0x7fc4207d80f0>,63,15,[10  2],86,141,156,55,128
1,<environment.Job instance at 0x7fc4207d87d0>,67,1,[5 2],92,156,157,64,147
1,<environment.Job instance at 0x7fc4207d8690>,68,13,[6 1],94,157,170,63,147
1,<environment.Job instance at 0x7fc4207d88c0>,69,17,[2 5],95,156,173,61,151
1,<environment.Job instance at 0x7fc4207d8640>,70,1,[4 8],96,173,174,77,152
1,<environment.Job instance at 0x7fc4207d8e10>,71,1,[9 4],97,174,175,77,152
1,<environment.Job instance at 0x7fc46aa892d0>,1,17,[7 4],3,3,20,0,3
1,<environment.Job instance at 0x7fc4207d8e10>,2,27,[1 9],4,20,47,16,20
1,<environment.Job instance at 0x7fc46ab1a9b0>,22,15,[5 5],38,51,66,13,51
1,<environment.Job instance at 0x7fc463fd4cd0>,30,13,[10  3],50,66,79,16,51
1,<environment.Job instance at 0x7fc46b315a00>,38,16,[2 8],65,79,95,14,72
1,<environment.Job instance at 0x7fc463cbac80>,44,1,[3 8],74,95,96,21,88
1,<environment.Job instance at 0x7fc46417ed70>,45,3,[1 5],75,96,99,21,88
1,<environment.Job instance at 0x7fc46417ea00>,46,18,[5 5],77,96,114,19,88
1,<environment.Job instance at 0x7fc463f87af0>,49,13,[5 5],81,104,117,23,104
1,<environment.Job instance at 0x7fc463f875f0>,50,13,[2 7],82,117,130,35,104
1,<environment.Job instance at 0x7fc46ae52f00>,57,1,[2 9],90,136,137,46,136
1,<environment.Job instance at 0x7fc46ae52820>,58,18,[6 3],91,137,155,46,136
1,<environment.Job instance at 0x7fc42057a3c0>,35,14,[4 7],59,140,154,81,140
1,<environment.Job instance at 0x7fc4641180a0>,65,16,[3 6],100,154,170,54,141
1,<environment.Job instance at 0x7fc463cacf50>,67,17,[2 8],107,170,187,63,158
1,<environment.Job instance at 0x7fc46a960050>,3,12,[3 6],5,5,17,0,5
1,<environment.Job instance at 0x7fc4206066e0>,8,16,[1 6],10,17,33,7,15
1,<environment.Job instance at 0x7fc42074f910>,15,2,[10  1],20,33,35,13,20
1,<environment.Job instance at 0x7fc42071be60>,17,2,[3 8],22,35,37,13,22
1,<environment.Job instance at 0x7fc46a9603c0>,5,2,[2 7],7,37,39,30,25
1,<environment.Job instance at 0x7fc42052e0a0>,21,2,[6 5],27,39,41,12,27
1,<environment.Job instance at 0x7fc4207880a0>,22,15,[9 2],29,41,56,12,29
1,<environment.Job instance at 0x7fc463d98140>,18,12,[1 7],23,41,53,18,38
1,<environment.Job instance at 0x7fc4206abcd0>,32,13,[5 7],41,56,69,15,41
1,<environment.Job instance at 0x7fc463e720a0>,36,2,[7 3],45,69,71,24,46
1,<environment.Job instance at 0x7fc46a802230>,37,3,[1 9],46,71,74,25,46
1,<environment.Job instance at 0x7fc4202120f0>,40,21,[7 2],49,74,95,25,66
1,<environment.Job instance at 0x7fc4206abaa0>,31,18,[2 6],39,75,93,36,75
1,<environment.Job instance at 0x7fc4205d5190>,46,27,[9 3],57,95,122,38,93
1,<environment.Job instance at 0x7fc4205d5140>,50,3,[5 5],62,126,129,64,126
1,<environment.Job instance at 0x7fc46ad731e0>,51,13,[5 7],63,129,142,66,126
1,<environment.Job instance at 0x7fc4642d38c0>,44,16,[10  2],54,142,158,88,136
1,<environment.Job instance at 0x7fc4202b4320>,58,13,[9 2],76,158,171,82,149
1,<environment.Job instance at 0x7fc4206ab370>,33,15,[2 5],42,171,186,129,158
1,<environment.Job instance at 0x7fc464013cd0>,62,14,[7 3],82,171,185,89,158
1,<environment.Job instance at 0x7fc463f60c30>,3,1,[8 2],5,5,6,0,5
1,<environment.Job instance at 0x7fc463d75410>,4,1,[4 9],7,7,8,0,7
1,<environment.Job instance at 0x7fc4202d9c30>,5,1,[6 3],9,9,10,0,9
1,<environment.Job instance at 0x7fc4202d9e10>,7,13,[6 4],15,15,28,0,15
1,<environment.Job instance at 0x7fc4202dfb40>,19,14,[3 5],30,30,44,0,30
1,<environment.Job instance at 0x7fc4202dff00>,23,12,[10  3],35,44,56,9,36
1,<environment.Job instance at 0x7fc4203030f0>,25,13,[10  1],39,56,69,17,42
1,<environment.Job instance at 0x7fc4203035a0>,29,14,[ 5 10],46,69,83,23,54
1,<environment.Job instance at 0x7fc4202dfa50>,18,16,[9 2],28,83,99,55,76
1,<environment.Job instance at 0x7fc420303f50>,40,1,[7 2],58,99,100,41,80
1,<environment.Job instance at 0x7fc420304500>,45,12,[3 5],63,99,111,36,82
1,<environment.Job instance at 0x7fc420303370>,27,13,[5 3],42,100,113,58,92
1,<environment.Job instance at 0x7fc4203048c0>,50,18,[9 4],70,113,131,43,102
1,<environment.Job instance at 0x7fc4202ff8c0>,63,19,[ 5 10],87,131,150,44,129
1,<environment.Job instance at 0x7fc420303af0>,37,14,[6 3],55,150,164,95,139
1,<environment.Job instance at 0x7fc420303910>,31,15,[9 4],48,164,179,116,152
1,<environment.Job instance at 0x7fc4202fffa0>,72,2,[10  1],96,179,181,83,157
1,<environment.Job instance at 0x7fc4641ed1e0>,4,18,[ 3 10],9,9,27,0,9
1,<environment.Job instance at 0x7fc42037faa0>,7,21,[6 3],15,27,48,12,19
1,<environment.Job instance at 0x7fc42037f1e0>,12,18,[8 5],20,50,68,30,50
1,<environment.Job instance at 0x7fc4207e11e0>,32,13,[10  5],44,68,81,24,64
1,<environment.Job instance at 0x7fc46a6f9280>,39,12,[ 4 10],52,81,93,29,64
1,<environment.Job instance at 0x7fc46a6f9410>,40,16,[8 5],53,93,109,40,82
1,<environment.Job instance at 0x7fc4640e8460>,52,15,[ 3 10],75,109,124,34,95
1,<environment.Job instance at 0x7fc46a6f92d0>,38,18,[3 5],51,131,149,80,131
1,<environment.Job instance at 0x7fc463ec3c80>,64,16,[9 1],91,159,175,68,159
1,<environment.Job instance at 0x7fc46ae9baf0>,2,19,[4 5],5,5,24,0,5
1,<environment.Job instance at 0x7fc463d19b90>,9,17,[4 8],13,24,41,11,13
1,<environment.Job instance at 0x7fc463d19410>,10,2,[5 1],14,14,16,0,14
1,<environment.Job instance at 0x7fc46a6c80f0>,19,3,[8 2],24,41,44,17,36
1,<environment.Job instance at 0x7fc464186c80>,21,1,[1 9],26,44,45,18,36
1,<environment.Job instance at 0x7fc464186fa0>,24,14,[1 9],32,45,59,13,41
1,<environment.Job instance at 0x7fc46a6c8910>,14,18,[7 3],18,59,77,41,49
1,<environment.Job instance at 0x7fc4204b88c0>,28,14,[3 7],37,61,75,24,61
1,<environment.Job instance at 0x7fc4643cda50>,36,17,[ 2 10],51,77,94,26,73
1,<environment.Job instance at 0x7fc4643cdf00>,40,12,[2 5],55,94,106,39,91
1,<environment.Job instance at 0x7fc463d4af00>,46,12,[2 6],62,113,125,51,113
1,<environment.Job instance at 0x7fc4643cd4b0>,39,12,[8 5],54,125,137,71,113
1,<environment.Job instance at 0x7fc463d37dc0>,48,12,[9 1],64,137,149,73,121
1,<environment.Job instance at 0x7fc463d37be0>,49,15,[2 6],68,149,164,81,140
1,<environment.Job instance at 0x7fc46adadeb0>,60,14,[9 4],83,164,178,81,149
1,<environment.Job instance at 0x7fc46adadb90>,1,18,[7 5],7,7,25,0,7
1,<environment.Job instance at 0x7fc463c40500>,9,13,[2 8],19,25,38,6,20
1,<environment.Job instance at 0x7fc463c36e10>,4,3,[5 8],12,38,41,26,27
1,<environment.Job instance at 0x7fc463c44820>,15,17,[4 6],29,41,58,12,29
1,<environment.Job instance at 0x7fc463c3d4b0>,20,1,[5 5],39,58,59,19,43
1,<environment.Job instance at 0x7fc463c3d7d0>,21,16,[5 7],40,59,75,19,46
1,<environment.Job instance at 0x7fc4207470f0>,6,20,[8 5],15,75,95,60,70
1,<environment.Job instance at 0x7fc463d2ccd0>,22,13,[9 4],41,95,108,54,87
1,<environment.Job instance at 0x7fc46ab67730>,29,17,[1 8],50,108,125,58,101
1,<environment.Job instance at 0x7fc42037d820>,44,13,[9 5],73,125,138,52,111
1,<environment.Job instance at 0x7fc420482a50>,52,3,[5 7],87,151,154,64,151
1,<environment.Job instance at 0x7fc4642466e0>,55,17,[4 7],90,154,171,64,151
1,<environment.Job instance at 0x7fc46ad23be0>,3,12,[3 7],6,6,18,0,6
1,<environment.Job instance at 0x7fc463d88f00>,10,1,[ 5 10],15,18,19,3,17
1,<environment.Job instance at 0x7fc463d88960>,12,21,[5 7],18,19,40,1,19
1,<environment.Job instance at 0x7fc464150aa0>,16,18,[10  1],22,40,58,18,33
1,<environment.Job instance at 0x7fc4206445f0>,28,12,[3 8],42,58,70,16,42
1,<environment.Job instance at 0x7fc463f44e60>,24,18,[9 3],35,70,88,35,61
1,<environment.Job instance at 0x7fc420644a50>,32,17,[3 9],47,88,105,41,81
1,<environment.Job instance at 0x7fc4207fc960>,50,22,[10  3],69,108,130,39,108
1,<environment.Job instance at 0x7fc4207456e0>,62,13,[10  1],82,130,143,48,128
1,<environment.Job instance at 0x7fc4641ee370>,66,17,[5 9],90,143,160,53,137
1,<environment.Job instance at 0x7fc463e57640>,61,13,[9 4],81,160,173,79,146
1,<environment.Job instance at 0x7fc463cb9d70>,72,12,[1 6],101,160,172,59,149
1,<environment.Job instance at 0x7fc463f77140>,77,13,[2 8],110,173,186,63,157
1,<environment.Job instance at 0x7fc41fec2280>,0,14,[3 7],1,1,15,0,1
1,<environment.Job instance at 0x7fc41fec2050>,4,3,[7 2],7,8,11,1,8
1,<environment.Job instance at 0x7fc41ff1d230>,22,17,[1 9],35,42,59,7,42
1,<environment.Job instance at 0x7fc41fea2370>,23,12,[6 4],38,59,71,21,51
1,<environment.Job instance at 0x7fc41fea2910>,30,16,[9 1],49,71,87,22,58
1,<environment.Job instance at 0x7fc41fe4e0f0>,35,12,[ 5 10],56,87,99,31,75
1,<environment.Job instance at 0x7fc41fe4e870>,40,16,[5 8],62,99,115,37,88
1,<environment.Job instance at 0x7fc41fe4cc30>,50,3,[9 1],79,115,118,36,103
1,<environment.Job instance at 0x7fc41fe4c9b0>,51,12,[ 4 10],81,118,130,37,105
1,<environment.Job instance at 0x7fc41fe4c280>,49,14,[10  2],78,130,144,52,127
1,<environment.Job instance at 0x7fc41fe4c6e0>,55,18,[5 2],86,144,162,58,139
1,<environment.Job instance at 0x7fc41fe4c5a0>,62,13,[5 9],94,162,175,68,149
1,<environment.Job instance at 0x7fc46abcf780>,1,17,[2 5],3,3,20,0,3
1,<environment.Job instance at 0x7fc4204bc230>,4,16,[5 4],8,11,27,3,11
1,<environment.Job instance at 0x7fc41ffbf190>,9,20,[3 6],17,20,40,3,17
1,<environment.Job instance at 0x7fc46abc0320>,6,15,[2 5],11,40,55,29,27
1,<environment.Job instance at 0x7fc46abc1370>,19,12,[5 7],35,55,67,20,42
1,<environment.Job instance at 0x7fc46abc1780>,21,15,[3 6],38,67,82,29,54
1,<environment.Job instance at 0x7fc46abb9410>,24,12,[5 4],41,67,79,26,59
1,<environment.Job instance at 0x7fc46abb9c80>,27,13,[ 5 10],48,82,95,34,69
1,<environment.Job instance at 0x7fc46abe1730>,29,15,[3 8],50,95,110,45,81
1,<environment.Job instance at 0x7fc46a8d29b0>,37,14,[6 3],60,110,124,50,97
1,<environment.Job instance at 0x7fc46abc10a0>,23,17,[7 4],40,124,141,84,116
1,<environment.Job instance at 0x7fc46a8c7b90>,50,12,[4 7],77,141,153,64,132
1,<environment.Job instance at 0x7fc46a8c7a00>,52,16,[4 7],80,153,169,73,140
1,<environment.Job instance at 0x7fc463f45640>,62,17,[9 2],98,169,186,71,157
1,<environment.Job instance at 0x7fc4640b90a0>,0,12,[6 1],2,2,14,0,2
1,<environment.Job instance at 0x7fc46ac4a730>,4,27,[6 2],7,20,47,13,20
1,<environment.Job instance at 0x7fc41ff98e10>,8,2,[10  4],11,47,49,36,34
1,<environment.Job instance at 0x7fc46414ff00>,28,16,[3 5],36,49,65,13,42
1,<environment.Job instance at 0x7fc46414f960>,32,1,[3 7],42,65,66,23,51
1,<environment.Job instance at 0x7fc46414fd70>,33,13,[2 7],43,66,79,23,52
1,<environment.Job instance at 0x7fc46414f730>,34,13,[3 6],44,79,92,35,63
1,<environment.Job instance at 0x7fc420740c30>,41,17,[1 5],53,92,109,39,81
1,<environment.Job instance at 0x7fc4202605a0>,50,15,[10  1],66,109,124,43,99
1,<environment.Job instance at 0x7fc46ae9f960>,53,24,[8 4],70,124,148,54,119
1,<environment.Job instance at 0x7fc463d54af0>,67,27,[6 5],87,148,175,61,146
1,<environment.Job instance at 0x7fc463d54780>,72,13,[4 5],94,155,168,61,155
1,<environment.Job instance at 0x7fc46b4385f0>,0,2,[6 3],1,1,3,0,1
1,<environment.Job instance at 0x7fc41fea56e0>,1,2,[2 7],3,3,5,0,3
1,<environment.Job instance at 0x7fc46b438af0>,2,16,[3 6],5,5,21,0,5
1,<environment.Job instance at 0x7fc463cf3190>,18,1,[9 5],29,29,30,0,29
1,<environment.Job instance at 0x7fc463cf3e60>,20,17,[5 7],31,31,48,0,31
1,<environment.Job instance at 0x7fc463d923c0>,24,18,[6 2],37,48,66,11,37
1,<environment.Job instance at 0x7fc463d92eb0>,31,12,[8 1],44,66,78,22,50
1,<environment.Job instance at 0x7fc46a74b1e0>,42,17,[5 6],61,78,95,17,74
1,<environment.Job instance at 0x7fc46a74c370>,50,18,[10  4],71,100,118,29,100
1,<environment.Job instance at 0x7fc46a74c460>,54,1,[10  2],77,144,145,67,144
1,<environment.Job instance at 0x7fc46a74c280>,55,21,[8 5],78,145,166,67,144
1,<environment.Job instance at 0x7fc46a74c780>,56,1,[9 5],79,166,167,87,144
1,<environment.Job instance at 0x7fc4643e0140>,1,14,[4 6],2,2,16,0,2
1,<environment.Job instance at 0x7fc4643bb140>,8,16,[ 3 10],15,16,32,1,15
1,<environment.Job instance at 0x7fc46a854140>,11,12,[4 6],18,32,44,14,20
1,<environment.Job instance at 0x7fc46a7780a0>,23,2,[9 5],32,46,48,14,46
1,<environment.Job instance at 0x7fc46a778230>,19,17,[8 4],28,51,68,23,51
1,<environment.Job instance at 0x7fc46a7782d0>,25,2,[4 9],34,68,70,34,53
1,<environment.Job instance at 0x7fc463fd6050>,28,15,[6 4],38,70,85,32,56
1,<environment.Job instance at 0x7fc463fd6c80>,32,14,[1 8],43,85,99,42,70
1,<environment.Job instance at 0x7fc463fd6be0>,35,15,[5 2],47,85,100,38,71
1,<environment.Job instance at 0x7fc41feeb140>,48,14,[3 7],63,99,113,36,84
1,<environment.Job instance at 0x7fc41feeb7d0>,51,15,[5 5],69,113,128,44,103
1,<environment.Job instance at 0x7fc4203e9aa0>,53,16,[4 7],72,128,144,56,115
1,<environment.Job instance at 0x7fc46a778be0>,27,28,[6 2],36,133,161,97,133
1,<environment.Job instance at 0x7fc46abb1320>,68,23,[2 9],89,161,184,72,155
1,<environment.Job instance at 0x7f0010edf1e0>,3,16,[1 8],5,5,21,0,5
1,<environment.Job instance at 0x7f0010edf550>,7,15,[4 9],11,21,36,10,11
1,<environment.Job instance at 0x7f0010edfe60>,17,1,[6 1],21,21,22,0,21
1,<environment.Job instance at 0x7f0010ee0050>,18,15,[5 6],22,36,51,14,22
1,<environment.Job instance at 0x7f0010ee03c0>,20,25,[5 2],25,36,61,11,36
1,<environment.Job instance at 0x7f0010ee0910>,24,15,[7 2],30,61,76,31,53
1,<environment.Job instance at 0x7f0010ee3550>,34,16,[9 1],44,76,92,32,63
1,<environment.Job instance at 0x7f0010ee0cd0>,27,17,[ 5 10],35,92,109,57,80
1,<environment.Job instance at 0x7f0010ee68c0>,54,18,[8 4],69,109,127,40,98
1,<environment.Job instance at 0x7f0010ee6f00>,59,16,[3 7],74,127,143,53,118
1,<environment.Job instance at 0x7f0010ee79b0>,68,18,[7 1],86,127,145,41,126
1,<environment.Job instance at 0x7f0010ee7cd0>,73,14,[6 2],92,145,159,53,130
1,<environment.Job instance at 0x7f0010ee7f00>,77,17,[1 6],96,145,162,49,145
1,<environment.Job instance at 0x7f0010eed4b0>,80,16,[9 2],104,159,175,55,152
1,<environment.Job instance at 0x7f0010eed640>,83,14,[2 5],109,175,189,66,161
1,<environment.Job instance at 0x7f0016317cd0>,2,15,[5 4],3,3,18,0,3
1,<environment.Job instance at 0x7f0016458960>,8,17,[5 8],11,21,38,10,21
1,<environment.Job instance at 0x7f001645ee10>,17,25,[ 4 10],24,38,63,14,38
1,<environment.Job instance at 0x7effd5ecdc80>,27,17,[8 4],35,63,80,28,57
1,<environment.Job instance at 0x7f0016460fa0>,39,12,[9 4],50,80,92,30,67
1,<environment.Job instance at 0x7f001645c410>,26,16,[8 5],34,92,108,58,88
1,<environment.Job instance at 0x7f001646a820>,44,3,[3 8],58,108,111,50,89
1,<environment.Job instance at 0x7f0016376320>,49,13,[6 2],64,108,121,44,99
1,<environment.Job instance at 0x7f0016376140>,53,14,[7 3],70,121,135,51,108
1,<environment.Job instance at 0x7f0016469190>,57,12,[4 8],74,135,147,61,118
1,<environment.Job instance at 0x7f0016463e60>,28,14,[8 4],36,147,161,111,139
1,<environment.Job instance at 0x7f0016373d20>,67,16,[5 8],93,161,177,68,152
1,<environment.Job instance at 0x7f00164622d0>,73,2,[9 4],100,177,179,77,156
1,<environment.Job instance at 0x7f0016462c30>,74,12,[6 1],102,179,191,77,163
1,<environment.Job instance at 0x7effcb436c80>,0,3,[2 7],2,2,5,0,2
1,<environment.Job instance at 0x7f00113a3f50>,4,15,[10  5],7,7,22,0,7
1,<environment.Job instance at 0x7effcb1314b0>,13,14,[4 8],20,22,36,2,22
1,<environment.Job instance at 0x7effcb2e4690>,16,12,[1 5],23,36,48,13,23
1,<environment.Job instance at 0x7effcb16a500>,15,19,[5 4],22,36,55,14,34
1,<environment.Job instance at 0x7effcb14a690>,22,3,[6 1],34,55,58,21,34
1,<environment.Job instance at 0x7effcb16a1e0>,14,12,[8 4],21,58,70,37,45
1,<environment.Job instance at 0x7effcb131e60>,7,18,[4 9],10,70,88,60,61
1,<environment.Job instance at 0x7effcb1d9cd0>,34,13,[1 6],55,93,106,38,93
1,<environment.Job instance at 0x7effcb1d9f50>,36,20,[8 3],58,94,114,36,94
1,<environment.Job instance at 0x7effcb1df820>,40,13,[5 6],62,114,127,52,98
1,<environment.Job instance at 0x7effcb1d43c0>,30,17,[10  4],49,127,144,78,118
1,<environment.Job instance at 0x7effcb1db5f0>,53,14,[1 6],84,144,158,60,135
1,<environment.Job instance at 0x7effcb182eb0>,26,21,[6 3],43,144,165,101,142
1,<environment.Job instance at 0x7f0011133140>,60,15,[ 3 10],92,165,180,73,152
1,<environment.Job instance at 0x7f0010c84c30>,67,14,[5 5],103,180,194,77,166
1,<environment.Job instance at 0x7f0011356230>,0,13,[1 9],1,1,14,0,1
1,<environment.Job instance at 0x7effcb802e60>,6,15,[10  4],13,14,29,1,14
1,<environment.Job instance at 0x7f0010f19640>,20,23,[9 3],34,38,61,4,38
1,<environment.Job instance at 0x7f0010d28be0>,21,17,[2 9],35,61,78,26,49
1,<environment.Job instance at 0x7effcb1d9dc0>,33,14,[ 4 10],52,78,92,26,64
1,<environment.Job instance at 0x7effcb182af0>,38,25,[2 8],58,92,117,34,89
1,<environment.Job instance at 0x7f00112890a0>,52,1,[2 5],75,129,130,54,129
1,<environment.Job instance at 0x7f0010cf49b0>,53,15,[3 7],76,130,145,54,129
1,<environment.Job instance at 0x7effcb1dbeb0>,58,17,[5 8],84,145,162,61,143
1,<environment.Job instance at 0x7effcb6825a0>,61,2,[4 7],88,162,164,74,145
1,<environment.Job instance at 0x7effcb681410>,70,1,[3 8],100,164,165,64,148
1,<environment.Job instance at 0x7effcb18f320>,73,1,[ 4 10],103,165,166,62,148
1,<environment.Job instance at 0x7effcb18f5f0>,75,13,[9 1],106,166,179,60,155
1,<environment.Job instance at 0x7f0011808b90>,0,16,[2 6],3,3,19,0,3
1,<environment.Job instance at 0x7f00119a6140>,5,26,[5 4],9,11,37,2,11
1,<environment.Job instance at 0x7f00119a60f0>,13,19,[9 5],18,37,56,19,27
1,<environment.Job instance at 0x7f00119c2140>,21,12,[7 1],26,56,68,30,46
1,<environment.Job instance at 0x7f00119c2780>,25,13,[6 5],33,68,81,35,56
1,<environment.Job instance at 0x7f00119c9eb0>,32,17,[3 5],42,67,84,25,67
1,<environment.Job instance at 0x7f00119c7870>,34,2,[1 8],44,84,86,40,79
1,<environment.Job instance at 0x7f00119c7e60>,35,13,[4 5],45,86,99,41,79
1,<environment.Job instance at 0x7f00119d12d0>,39,27,[8 2],51,101,128,50,101
1,<environment.Job instance at 0x7f00119c7780>,33,27,[1 8],43,102,129,59,102
1,<environment.Job instance at 0x7f00119cbd70>,48,15,[5 9],63,129,144,66,116
1,<environment.Job instance at 0x7f00119c17d0>,56,13,[5 7],73,144,157,71,128
1,<environment.Job instance at 0x7f0010d4d140>,61,2,[8 2],78,157,159,79,134
1,<environment.Job instance at 0x7f0010d4fc80>,63,13,[8 3],80,159,172,79,148
1,<environment.Job instance at 0x7f00119b60a0>,64,12,[9 4],82,172,184,90,155
1,<environment.Job instance at 0x7effcb5e28c0>,0,3,[2 6],1,1,4,0,1
1,<environment.Job instance at 0x7f00113163c0>,7,12,[8 1],8,8,20,0,8
1,<environment.Job instance at 0x7f00113164b0>,12,17,[5 8],13,20,37,7,20
1,<environment.Job instance at 0x7f0011982f00>,18,1,[6 2],22,37,38,15,24
1,<environment.Job instance at 0x7f00119821e0>,21,18,[3 5],25,37,55,12,26
1,<environment.Job instance at 0x7f00118a9050>,24,16,[10  5],28,55,71,27,44
1,<environment.Job instance at 0x7f00118a9aa0>,30,16,[1 8],38,71,87,33,61
1,<environment.Job instance at 0x7f0010db8690>,36,13,[3 5],49,87,100,38,76
1,<environment.Job instance at 0x7f0010db8050>,37,18,[9 5],50,100,118,50,93
1,<environment.Job instance at 0x7f0010db8d70>,44,1,[5 6],64,118,119,54,104
1,<environment.Job instance at 0x7f0010db8870>,45,15,[6 5],66,119,134,53,105
1,<environment.Job instance at 0x7f0010db87d0>,47,3,[2 7],69,134,137,65,115
1,<environment.Job instance at 0x7f0010db8be0>,43,18,[6 5],61,137,155,76,131
1,<environment.Job instance at 0x7f001198a820>,58,16,[5 7],85,155,171,70,143
1,<environment.Job instance at 0x7f00116092d0>,65,14,[1 9],95,171,185,76,156
1,<environment.Job instance at 0x7f0011073e60>,1,3,[3 8],3,3,6,0,3
1,<environment.Job instance at 0x7effcb2305f0>,4,12,[9 3],7,7,19,0,7
1,<environment.Job instance at 0x7f001117dfa0>,9,15,[1 8],14,19,34,5,14
1,<environment.Job instance at 0x7f001117dbe0>,12,15,[ 3 10],19,34,49,15,28
1,<environment.Job instance at 0x7effcb62bc80>,24,18,[9 5],35,49,67,14,39
1,<environment.Job instance at 0x7f0010cab1e0>,34,15,[5 9],47,67,82,20,54
1,<environment.Job instance at 0x7f001117d0a0>,11,23,[6 4],18,82,105,64,78
1,<environment.Job instance at 0x7effcb34a5a0>,46,16,[5 6],64,105,121,41,104
1,<environment.Job instance at 0x7f0011a727d0>,48,17,[7 5],66,121,138,55,109
1,<environment.Job instance at 0x7f001119cbe0>,58,15,[4 7],78,138,153,60,124
1,<environment.Job instance at 0x7f0011b6f640>,42,14,[6 2],58,138,152,80,135
1,<environment.Job instance at 0x7f00115cf870>,63,17,[3 8],83,153,170,70,142
1,<environment.Job instance at 0x7f0010de3820>,70,24,[3 5],91,170,194,79,165
1,<environment.Job instance at 0x7f0011ae0410>,1,14,[2 6],4,4,18,0,4
1,<environment.Job instance at 0x7effcb835230>,6,1,[6 4],12,12,13,0,12
1,<environment.Job instance at 0x7effcb8352d0>,8,15,[10  2],16,18,33,2,16
1,<environment.Job instance at 0x7effcb8359b0>,14,17,[2 5],25,33,50,8,26
1,<environment.Job instance at 0x7f0010de3820>,3,14,[10  5],7,50,64,43,39
1,<environment.Job instance at 0x7effcb8307d0>,28,15,[4 9],44,64,79,20,50
1,<environment.Job instance at 0x7effcb835c80>,17,25,[8 1],28,80,105,52,80
1,<environment.Job instance at 0x7effcb831a00>,43,2,[6 4],62,105,107,43,81
1,<environment.Job instance at 0x7effcb8316e0>,41,14,[7 2],60,107,121,47,97
1,<environment.Job instance at 0x7f00115b80f0>,52,16,[5 8],73,121,137,48,108
1,<environment.Job instance at 0x7f00115b8a00>,59,17,[5 4],87,137,154,50,127
1,<environment.Job instance at 0x7f00115b8aa0>,62,14,[9 3],90,154,168,64,141
1,<environment.Job instance at 0x7f00115b8e60>,68,1,[5 5],97,147,148,50,147
1,<environment.Job instance at 0x7f00115a03c0>,70,15,[5 1],99,168,183,69,154
1,<environment.Job instance at 0x7f00115a0550>,73,19,[5 6],103,168,187,65,158
1,<environment.Job instance at 0x7effcb8311e0>,0,13,[5 5],1,1,14,0,1
1,<environment.Job instance at 0x7effcb5cecd0>,11,17,[6 4],13,29,46,16,29
1,<environment.Job instance at 0x7effcb7781e0>,16,16,[3 6],20,40,56,20,40
1,<environment.Job instance at 0x7f0010e27b40>,23,13,[5 8],33,56,69,23,40
1,<environment.Job instance at 0x7f00112700a0>,27,13,[6 2],39,69,82,30,61
1,<environment.Job instance at 0x7f0011270050>,31,1,[5 9],46,82,83,36,63
1,<environment.Job instance at 0x7f0011a02640>,34,15,[1 7],50,83,98,33,78
1,<environment.Job instance at 0x7f00117615a0>,38,16,[9 4],55,98,114,43,85
1,<environment.Job instance at 0x7f0011761280>,40,13,[6 4],58,114,127,56,98
1,<environment.Job instance at 0x7f0011622730>,45,23,[ 4 10],66,127,150,61,121
1,<environment.Job instance at 0x7effcb778cd0>,18,17,[2 8],27,150,167,123,145
1,<environment.Job instance at 0x7f0011bbf5a0>,57,26,[6 2],79,150,176,71,148
1,<environment.Job instance at 0x7f001156f280>,62,12,[3 6],85,167,179,82,161
1,<environment.Job instance at 0x7f001156f1e0>,63,13,[2 8],86,179,192,93,163
1,<environment.Job instance at 0x7effcb6ffaa0>,65,1,[7 5],88,192,193,104,165
1,<environment.Job instance at 0x7f00110d7910>,3,16,[4 7],6,6,22,0,6
1,<environment.Job instance at 0x7f0016313410>,9,2,[7 2],12,22,24,10,12
1,<environment.Job instance at 0x7f0010f98820>,11,17,[3 8],15,22,39,7,15
1,<environment.Job instance at 0x7f00110158c0>,16,14,[10  3],25,39,53,14,26
1,<environment.Job instance at 0x7f0010ff3730>,18,15,[10  3],30,53,68,23,40
1,<environment.Job instance at 0x7f0011bd0b90>,34,20,[9 2],55,68,88,13,60
1,<environment.Job instance at 0x7f0011bd0780>,37,14,[9 3],59,88,102,29,73
1,<environment.Job instance at 0x7effcb5c4f50>,43,15,[8 2],66,102,117,36,91
1,<environment.Job instance at 0x7f00111ae820>,45,17,[2 7],70,102,119,32,98
1,<environment.Job instance at 0x7f00112a4dc0>,49,1,[8 2],75,117,118,42,102
1,<environment.Job instance at 0x7f00112a40a0>,50,1,[4 9],77,119,120,42,104
1,<environment.Job instance at 0x7f0011776b40>,51,1,[6 3],79,118,119,39,104
1,<environment.Job instance at 0x7f0010db9f50>,54,1,[7 1],86,120,121,34,105
1,<environment.Job instance at 0x7effcb892a50>,27,14,[5 6],44,121,135,77,109
1,<environment.Job instance at 0x7f0011b3f0f0>,64,16,[9 2],98,135,151,37,130
1,<environment.Job instance at 0x7f00114e5af0>,68,15,[3 8],104,151,166,47,143
1,<environment.Job instance at 0x7f00114e5370>,72,16,[9 4],110,166,182,56,155
1,<environment.Job instance at 0x7effcb6b8b90>,76,14,[8 1],117,182,196,65,169
1,<environment.Job instance at 0x7f00113063c0>,2,3,[5 1],4,4,7,0,4
1,<environment.Job instance at 0x7f0011306230>,3,13,[7 2],6,9,22,3,9
1,<environment.Job instance at 0x7effcb88c230>,6,13,[5 4],9,22,35,13,9
1,<environment.Job instance at 0x7effcb88caf0>,16,18,[2 6],24,24,42,0,24
1,<environment.Job instance at 0x7effcb88cdc0>,18,23,[3 5],27,42,65,15,36
1,<environment.Job instance at 0x7effcb8776e0>,25,15,[8 1],36,65,80,29,55
1,<environment.Job instance at 0x7effcb88cf00>,19,23,[1 6],28,67,90,39,67
1,<environment.Job instance at 0x7effcb88c5a0>,11,16,[8 4],17,80,96,63,70
1,<environment.Job instance at 0x7effcb893190>,40,17,[10  1],52,96,113,44,88
1,<environment.Job instance at 0x7effcb893e60>,50,13,[3 5],70,113,126,43,107
1,<environment.Job instance at 0x7effcb871280>,52,21,[6 3],75,113,134,38,111
1,<environment.Job instance at 0x7effcb8710f0>,54,20,[5 3],77,134,154,57,126
1,<environment.Job instance at 0x7effcb877fa0>,38,18,[4 5],50,127,145,77,127
1,<environment.Job instance at 0x7effcb8716e0>,60,12,[10  3],85,154,166,69,149
1,<environment.Job instance at 0x7effcb871af0>,67,12,[6 1],92,166,178,74,149
1,<environment.Job instance at 0x7effcb897230>,74,15,[1 8],100,166,181,66,161
1,<environment.Job instance at 0x7effcb897780>,76,17,[4 8],102,181,198,79,169
1,<environment.Job instance at 0x7f00113767d0>,0,16,[10  4],1,1,17,0,1
1,<environment.Job instance at 0x7f00115aca50>,7,18,[7 1],10,17,35,7,10
1,<environment.Job instance at 0x7f0010e2ba50>,21,17,[4 7],31,35,52,4,31
1,<environment.Job instance at 0x7f00119f6640>,26,3,[5 5],37,52,55,15,38
1,<environment.Job instance at 0x7f00119f6820>,28,2,[3 6],39,55,57,16,39
1,<environment.Job instance at 0x7f0011c127d0>,30,12,[5 6],42,57,69,15,43
1,<environment.Job instance at 0x7f00119f65f0>,27,17,[5 1],38,44,61,6,44
1,<environment.Job instance at 0x7f00112c54b0>,36,19,[8 5],51,69,88,18,60
1,<environment.Job instance at 0x7f00112c5140>,43,16,[6 5],60,88,104,28,80
1,<environment.Job instance at 0x7effcb52ca50>,49,12,[ 1 10],67,104,116,37,91
1,<environment.Job instance at 0x7f0010da4c80>,55,3,[8 2],74,116,119,42,97
1,<environment.Job instance at 0x7f0010da4a00>,56,3,[3 9],75,119,122,44,97
1,<environment.Job instance at 0x7f0010da4730>,57,1,[1 9],76,122,123,46,98
1,<environment.Job instance at 0x7f0011105dc0>,63,12,[7 1],85,126,138,41,126
1,<environment.Job instance at 0x7f0011105870>,64,14,[3 7],87,126,140,39,126
1,<environment.Job instance at 0x7f00112c5910>,39,15,[8 4],56,140,155,84,128
1,<environment.Job instance at 0x7effcb7dc3c0>,75,12,[8 5],104,158,170,54,158
1,<environment.Job instance at 0x7effcb7dce10>,78,2,[8 3],107,170,172,63,159
1,<environment.Job instance at 0x7effcb33faf0>,80,18,[10  1],109,172,190,63,161
1,<environment.Job instance at 0x7f001159be10>,3,16,[4 7],4,5,21,1,5
1,<environment.Job instance at 0x7effcb3e4be0>,18,2,[5 8],33,33,35,0,33
1,<environment.Job instance at 0x7effcb0ad410>,19,2,[2 7],34,35,37,1,34
1,<environment.Job instance at 0x7effcb0ade60>,24,15,[7 1],39,41,56,2,41
1,<environment.Job instance at 0x7effcb3e4e10>,10,15,[2 9],16,46,61,30,46
1,<environment.Job instance at 0x7effcb0adf50>,25,21,[8 5],40,61,82,21,54
1,<environment.Job instance at 0x7f0010d34230>,41,17,[4 6],69,82,99,13,70
1,<environment.Job instance at 0x7effcb0adaf0>,21,14,[5 8],36,99,113,63,90
1,<environment.Job instance at 0x7f0010d34780>,49,28,[2 7],82,113,141,31,112
1,<environment.Job instance at 0x7f0011651910>,54,15,[5 6],89,141,156,52,129
1,<environment.Job instance at 0x7f0011651d70>,53,25,[3 7],87,156,181,69,153
1,<environment.Job instance at 0x7f001117d730>,1,3,[2 7],3,3,6,0,3
1,<environment.Job instance at 0x7effcaf4daa0>,2,12,[2 5],4,6,18,2,4
1,<environment.Job instance at 0x7effcb07a460>,13,18,[10  5],21,22,40,1,22
1,<environment.Job instance at 0x7f0010f46b90>,24,16,[8 5],39,40,56,1,39
1,<environment.Job instance at 0x7f00118d98c0>,30,14,[7 1],46,56,70,10,46
1,<environment.Job instance at 0x7f0010fbfc80>,28,16,[3 7],44,56,72,12,48
1,<environment.Job instance at 0x7f00110f1cd0>,35,18,[10  1],52,72,90,20,63
1,<environment.Job instance at 0x7effcb227d70>,43,18,[9 3],65,90,108,25,81
1,<environment.Job instance at 0x7effcb227c80>,49,1,[ 2 10],74,108,109,34,96
1,<environment.Job instance at 0x7effcaf1cf50>,41,15,[4 8],61,123,138,62,123
1,<environment.Job instance at 0x7effcb254460>,54,13,[3 9],80,138,151,58,130
1,<environment.Job instance at 0x7effcb07aaf0>,14,17,[10  4],22,155,172,133,155
1,<environment.Job instance at 0x7f00114be640>,73,2,[9 2],104,172,174,68,157
1,<environment.Job instance at 0x7effcb24ca50>,63,15,[8 5],91,174,189,83,163
1,<environment.Job instance at 0x7effcb067230>,0,14,[5 5],3,3,17,0,3
1,<environment.Job instance at 0x7f0011bb2a50>,5,18,[3 9],8,17,35,9,11
1,<environment.Job instance at 0x7effcb58f820>,9,17,[10  2],12,35,52,23,35
1,<environment.Job instance at 0x7f0010ccf910>,35,3,[4 9],50,56,59,6,56
1,<environment.Job instance at 0x7f0010ccff00>,34,16,[ 3 10],48,59,75,11,58
1,<environment.Job instance at 0x7f0010ccf190>,38,3,[ 4 10],54,75,78,21,61
1,<environment.Job instance at 0x7effcb158b40>,40,12,[6 4],58,78,90,20,67
1,<environment.Job instance at 0x7f0010c99eb0>,41,12,[5 5],59,90,102,31,75
1,<environment.Job instance at 0x7f00113a6550>,44,13,[6 2],62,102,115,40,87
1,<environment.Job instance at 0x7f00113a6050>,45,15,[4 5],63,89,104,26,89
1,<environment.Job instance at 0x7effcb3bff50>,51,17,[4 7],74,104,121,30,95
1,<environment.Job instance at 0x7f0010c999b0>,43,21,[8 4],61,121,142,60,117
1,<environment.Job instance at 0x7effcb76ca50>,60,12,[8 1],88,142,154,54,127
1,<environment.Job instance at 0x7f0010e97690>,64,1,[6 5],92,154,155,62,130
1,<environment.Job instance at 0x7effcb6c93c0>,66,14,[10  2],98,155,169,57,142
1,<environment.Job instance at 0x7effcb6c95f0>,71,21,[5 9],105,169,190,64,161
1,<environment.Job instance at 0x7effcb6c9460>,1,15,[5 2],3,3,18,0,3
1,<environment.Job instance at 0x7effcaf29fa0>,4,14,[5 6],6,6,20,0,6
1,<environment.Job instance at 0x7effcaf29230>,5,15,[3 6],7,20,35,13,7
1,<environment.Job instance at 0x7effcaf43c80>,7,25,[10  3],9,35,60,26,31
1,<environment.Job instance at 0x7effcaf319b0>,25,13,[3 6],38,60,73,22,44
1,<environment.Job instance at 0x7effcaf31cd0>,28,12,[5 7],45,73,85,28,58
1,<environment.Job instance at 0x7effcaeced20>,30,15,[3 6],48,85,100,37,73
1,<environment.Job instance at 0x7effcaece8c0>,35,22,[ 1 10],57,100,122,43,93
1,<environment.Job instance at 0x7effcaeceb90>,39,14,[5 5],61,122,136,61,107
1,<environment.Job instance at 0x7effcae77410>,52,16,[2 9],77,136,152,59,123
1,<environment.Job instance at 0x7effcafc1410>,58,2,[3 5],86,152,154,66,135
1,<environment.Job instance at 0x7effcafc1500>,59,12,[4 7],87,154,166,67,137
1,<environment.Job instance at 0x7effcafc1f50>,63,1,[1 6],93,166,167,73,149
1,<environment.Job instance at 0x7effcafc1230>,64,1,[5 1],95,151,152,56,151
1,<environment.Job instance at 0x7effcb6ddf00>,66,1,[3 9],101,167,168,66,158
1,<environment.Job instance at 0x7effcaece500>,42,18,[9 5],64,168,186,104,158
1,<environment.Job instance at 0x7f001156df00>,0,12,[6 1],2,2,14,0,2
1,<environment.Job instance at 0x7f0011367af0>,7,13,[7 5],10,14,27,4,10
1,<environment.Job instance at 0x7f0011365c80>,14,27,[8 2],19,46,73,27,46
1,<environment.Job instance at 0x7f001138e780>,30,17,[ 1 10],39,73,90,34,61
1,<environment.Job instance at 0x7effcb751c30>,36,13,[7 5],46,90,103,44,74
1,<environment.Job instance at 0x7effcb554b40>,35,13,[1 5],45,90,103,45,76
1,<environment.Job instance at 0x7effcb75b5f0>,41,17,[1 5],53,103,120,50,92
1,<environment.Job instance at 0x7effcb75bdc0>,39,24,[5 4],50,103,127,53,100
1,<environment.Job instance at 0x7effcb497320>,28,16,[3 5],36,120,136,84,108
1,<environment.Job instance at 0x7f0011021550>,51,18,[8 5],67,136,154,69,125
1,<environment.Job instance at 0x7f0011021190>,54,15,[ 3 10],71,154,169,83,145
1,<environment.Job instance at 0x7f0011020d20>,72,13,[4 5],94,169,182,75,154
1,<environment.Job instance at 0x7f00110200f0>,1,3,[2 7],2,2,5,0,2
1,<environment.Job instance at 0x7f001646a870>,3,16,[5 8],4,5,21,1,4
1,<environment.Job instance at 0x7f001185a460>,8,16,[6 2],9,21,37,12,10
1,<environment.Job instance at 0x7f0010f46910>,17,15,[3 5],23,23,38,0,23
1,<environment.Job instance at 0x7f00119a8550>,23,17,[6 1],31,37,54,6,31
1,<environment.Job instance at 0x7f00113bc690>,20,2,[ 2 10],28,54,56,26,41
1,<environment.Job instance at 0x7f00119a89b0>,25,13,[6 5],33,56,69,23,42
1,<environment.Job instance at 0x7f00116c7eb0>,39,17,[9 1],55,69,86,14,60
1,<environment.Job instance at 0x7f00118288c0>,43,16,[10  4],59,86,102,27,78
1,<environment.Job instance at 0x7effcafc6190>,50,21,[8 5],68,125,146,57,125
1,<environment.Job instance at 0x7f0011a68eb0>,37,17,[5 6],51,146,163,95,142
1,<environment.Job instance at 0x7effcae6da00>,56,18,[ 5 10],74,163,181,89,152
1,<environment.Job instance at 0x7f0010ff00a0>,69,14,[8 5],90,181,195,91,166
1,<environment.Job instance at 0x7f0010d89910>,2,13,[2 5],3,3,16,0,3
1,<environment.Job instance at 0x7effcaf37be0>,13,28,[6 2],16,21,49,5,21
1,<environment.Job instance at 0x7f00115410f0>,18,14,[1 8],23,35,49,12,35
1,<environment.Job instance at 0x7f0011541320>,19,2,[7 2],24,49,51,25,35
1,<environment.Job instance at 0x7f0011541780>,20,13,[5 5],26,51,64,25,38
1,<environment.Job instance at 0x7f0011541d70>,26,13,[5 2],33,51,64,18,50
1,<environment.Job instance at 0x7f0011541e60>,29,2,[4 8],38,64,66,26,52
1,<environment.Job instance at 0x7effcb4b7dc0>,30,3,[7 1],39,66,69,27,52
1,<environment.Job instance at 0x7effcb4b7f00>,31,1,[7 1],40,69,70,29,52
1,<environment.Job instance at 0x7effcb4b73c0>,35,17,[3 7],45,66,83,21,55
1,<environment.Job instance at 0x7effcb4b7c80>,36,2,[5 1],46,64,66,18,55
1,<environment.Job instance at 0x7f0010edfbe0>,39,16,[4 7],52,83,99,31,75
1,<environment.Job instance at 0x7effcb668550>,44,1,[4 7],58,99,100,41,81
1,<environment.Job instance at 0x7f0010edf2d0>,41,12,[8 1],55,100,112,45,90
1,<environment.Job instance at 0x7effcb668280>,46,1,[7 3],61,112,113,51,98
1,<environment.Job instance at 0x7effcb668140>,50,12,[8 3],65,113,125,48,99
1,<environment.Job instance at 0x7f0011541730>,15,17,[5 7],19,125,142,106,115
1,<environment.Job instance at 0x7effcb668320>,62,2,[2 9],80,142,144,62,124
1,<environment.Job instance at 0x7f0011bca460>,63,2,[ 4 10],82,144,146,62,124
1,<environment.Job instance at 0x7f0011bca910>,64,17,[6 5],83,146,163,63,134
1,<environment.Job instance at 0x7f0011bca5f0>,71,1,[9 1],92,163,164,71,162
1,<environment.Job instance at 0x7f0011bca280>,72,3,[4 9],93,164,167,71,162
1,<environment.Job instance at 0x7f0011bca320>,73,12,[6 1],95,164,176,69,162
1,<environment.Job instance at 0x7f0011bca870>,77,17,[3 7],99,167,184,68,166
1,<environment.Job instance at 0x7effcb814960>,79,14,[6 2],103,176,190,73,167
1,<environment.Job instance at 0x7f001151e6e0>,1,1,[7 5],2,2,3,0,2
1,<environment.Job instance at 0x7effcb4ca780>,2,15,[5 2],3,3,18,0,3
1,<environment.Job instance at 0x7effcb4caa00>,6,18,[5 4],9,9,27,0,9
1,<environment.Job instance at 0x7effcb4c7fa0>,9,2,[1 5],13,18,20,5,13
1,<environment.Job instance at 0x7effcb4c72d0>,10,13,[2 9],14,27,40,13,14
1,<environment.Job instance at 0x7effcb4c7cd0>,13,16,[4 7],18,40,56,22,29
1,<environment.Job instance at 0x7effcb4c4550>,25,18,[5 6],32,56,74,24,45
1,<environment.Job instance at 0x7effcb4cc230>,34,12,[5 3],43,67,79,24,67
1,<environment.Job instance at 0x7effcb4ccf50>,35,3,[5 2],44,74,77,30,67
1,<environment.Job instance at 0x7effcb4cc050>,36,16,[4 5],45,77,93,32,67
1,<environment.Job instance at 0x7f0011243cd0>,39,16,[10  4],49,93,109,44,80
1,<environment.Job instance at 0x7f0011243690>,43,13,[ 1 10],55,128,141,73,128
1,<environment.Job instance at 0x7effcb4c7460>,17,17,[9 1],23,141,158,118,138
1,<environment.Job instance at 0x7f0011615b90>,50,25,[ 3 10],68,168,193,100,168
1,<environment.Job instance at 0x7f7ad73270f0>,0,18,[9 3],1,3,21,2,3
1,<environment.Job instance at 0x7f7ad73270a0>,1,14,[7 4],3,21,35,18,13
1,<environment.Job instance at 0x7f7acff18140>,18,15,[5 6],22,35,50,13,22
1,<environment.Job instance at 0x7f7acff18460>,20,25,[5 2],25,35,60,10,32
1,<environment.Job instance at 0x7f7acff18910>,23,14,[3 7],29,50,64,21,46
1,<environment.Job instance at 0x7f7acff1c320>,33,3,[3 6],43,64,67,21,46
1,<environment.Job instance at 0x7f7acff1c0a0>,32,12,[10  2],42,67,79,25,50
1,<environment.Job instance at 0x7f7acff1c640>,37,12,[5 4],47,79,91,32,62
1,<environment.Job instance at 0x7f7acff1cc80>,46,14,[6 1],58,91,105,33,78
1,<environment.Job instance at 0x7f7acff1c7d0>,40,27,[3 7],52,92,119,40,92
1,<environment.Job instance at 0x7f7acff20e10>,62,1,[4 7],78,119,120,41,114
1,<environment.Job instance at 0x7f7acff20910>,54,18,[8 4],69,120,138,51,115
1,<environment.Job instance at 0x7f7acff1f410>,64,16,[5 5],80,138,154,58,125
1,<environment.Job instance at 0x7f7acff1fcd0>,76,2,[1 6],95,154,156,59,147
1,<environment.Job instance at 0x7f7acff1ff00>,77,17,[1 6],96,156,173,60,147
1,<environment.Job instance at 0x7f7acff17e10>,15,16,[4 8],19,173,189,154,162
1,<environment.Job instance at 0x7f7acff245a0>,83,14,[2 5],109,189,203,80,177
1,<environment.Job instance at 0x7f7ad7369c30>,86,18,[4 5],115,189,207,74,178
1,<environment.Job instance at 0x7f7acff2efa0>,0,17,[5 8],1,1,18,0,1
1,<environment.Job instance at 0x7f7ad7496280>,17,1,[1 6],23,23,24,0,23
1,<environment.Job instance at 0x7f7ad74933c0>,9,25,[ 4 10],14,24,49,10,24
1,<environment.Job instance at 0x7f7ad7496b40>,15,15,[6 4],20,49,64,29,41
1,<environment.Job instance at 0x7f7ad7351320>,30,14,[7 3],39,64,78,25,50
1,<environment.Job instance at 0x7f7ad7351460>,34,17,[1 7],44,64,81,20,63
1,<environment.Job instance at 0x7f7ad7351c80>,24,17,[4 9],32,81,98,49,70
1,<environment.Job instance at 0x7f7ad749baf0>,41,13,[6 2],54,98,111,44,82
1,<environment.Job instance at 0x7f7ad749be10>,43,16,[4 5],58,98,114,40,85
1,<environment.Job instance at 0x7f7ad7498690>,49,12,[4 8],64,114,126,50,100
1,<environment.Job instance at 0x7f7ad74a26e0>,55,2,[4 7],78,126,128,48,120
1,<environment.Job instance at 0x7f7ad74a21e0>,56,14,[9 1],79,128,142,49,120
1,<environment.Job instance at 0x7f7ad749df00>,18,16,[8 5],24,142,158,118,132
1,<environment.Job instance at 0x7f7ad74a1cd0>,68,25,[9 1],94,158,183,64,156
1,<environment.Job instance at 0x7f7ad7491a00>,74,18,[7 2],103,183,201,80,172
1,<environment.Job instance at 0x7f7ad73abaa0>,1,19,[5 4],2,2,21,0,2
1,<environment.Job instance at 0x7f7a8c1c50f0>,9,16,[1 9],15,21,37,6,15
1,<environment.Job instance at 0x7f7a8c1c51e0>,11,18,[5 5],20,37,55,17,26
1,<environment.Job instance at 0x7f7acfc87820>,23,20,[6 2],39,55,75,16,47
1,<environment.Job instance at 0x7f7acfc811e0>,24,2,[2 5],40,48,50,8,48
1,<environment.Job instance at 0x7f7acfc87500>,27,16,[5 5],43,75,91,32,62
1,<environment.Job instance at 0x7f7acfc8b230>,14,17,[ 1 10],26,91,108,65,86
1,<environment.Job instance at 0x7f7acfd71f00>,22,20,[8 3],38,109,129,71,109
1,<environment.Job instance at 0x7f7a8c231370>,46,15,[ 3 10],72,129,144,57,118
1,<environment.Job instance at 0x7f7a8c173b90>,50,3,[8 1],77,144,147,67,128
1,<environment.Job instance at 0x7f7a8c177910>,52,16,[5 1],81,147,163,66,134
1,<environment.Job instance at 0x7f7a8c353140>,5,16,[5 9],8,147,163,139,135
1,<environment.Job instance at 0x7f7acfd735f0>,60,18,[1 9],94,163,181,69,158
1,<environment.Job instance at 0x7f7acfda2140>,64,3,[1 7],100,181,184,81,158
1,<environment.Job instance at 0x7f7acfc8d2d0>,65,3,[3 9],101,184,187,83,158
1,<environment.Job instance at 0x7f7ad00c3230>,4,17,[2 9],5,5,22,0,5
1,<environment.Job instance at 0x7f7a8c83cb40>,9,12,[7 5],10,22,34,12,14
1,<environment.Job instance at 0x7f7acfff5280>,19,23,[1 7],25,34,57,9,32
1,<environment.Job instance at 0x7f7acfd65f00>,25,28,[4 8],34,71,99,37,71
1,<environment.Job instance at 0x7f7a8c1c5eb0>,35,1,[2 5],45,99,100,54,91
1,<environment.Job instance at 0x7f7a8c81f280>,36,15,[3 7],46,100,115,54,91
1,<environment.Job instance at 0x7f7acff24a00>,47,15,[6 1],62,100,115,38,100
1,<environment.Job instance at 0x7f7a8c81f780>,37,18,[ 5 10],47,115,133,68,107
1,<environment.Job instance at 0x7f7a8c652eb0>,57,18,[7 4],74,133,151,59,122
1,<environment.Job instance at 0x7f7a8c16a4b0>,73,17,[5 6],96,151,168,55,142
1,<environment.Job instance at 0x7f7ad0c39fa0>,74,17,[5 3],98,151,168,53,142
1,<environment.Job instance at 0x7f7ad749da50>,82,16,[5 5],114,172,188,58,172
1,<environment.Job instance at 0x7f7ad749db40>,87,17,[10  1],120,188,205,68,177
1,<environment.Job instance at 0x7f7ad749daf0>,1,17,[3 5],2,2,19,0,2
1,<environment.Job instance at 0x7f7ad0a04aa0>,14,19,[4 9],20,24,43,4,24
1,<environment.Job instance at 0x7f7ad09ee320>,22,15,[1 8],30,43,58,13,40
1,<environment.Job instance at 0x7f7ad09ff910>,36,16,[ 1 10],45,63,79,18,63
1,<environment.Job instance at 0x7f7ad09ee5a0>,24,22,[4 7],32,79,101,47,73
1,<environment.Job instance at 0x7f7ad09f5460>,42,14,[ 2 10],54,101,115,47,89
1,<environment.Job instance at 0x7f7ad0a125a0>,48,3,[3 5],62,115,118,53,103
1,<environment.Job instance at 0x7f7ad09ff9b0>,33,12,[9 4],42,118,130,76,103
1,<environment.Job instance at 0x7f7ad0a12a00>,52,16,[3 7],66,130,146,64,119
1,<environment.Job instance at 0x7f7ad0a018c0>,61,27,[6 3],79,130,157,51,128
1,<environment.Job instance at 0x7f7a8c53b7d0>,62,15,[4 6],81,146,161,65,132
1,<environment.Job instance at 0x7f7a8c54fe10>,66,13,[9 1],89,161,174,72,145
1,<environment.Job instance at 0x7f7ad0a09f50>,73,28,[1 7],98,163,191,65,163
1,<environment.Job instance at 0x7f7ad0a09550>,74,16,[7 3],100,174,190,74,163
1,<environment.Job instance at 0x7f7ad05eb190>,2,1,[4 7],6,6,7,0,6
1,<environment.Job instance at 0x7f7ad05ebaf0>,3,15,[5 4],7,7,22,0,7
1,<environment.Job instance at 0x7f7ad05ebd20>,5,18,[6 5],11,22,40,11,11
1,<environment.Job instance at 0x7f7ad05e32d0>,18,15,[4 5],32,32,47,0,32
1,<environment.Job instance at 0x7f7ad099dcd0>,20,16,[5 7],35,47,63,12,40
1,<environment.Job instance at 0x7f7a8c650d70>,33,12,[4 9],57,63,75,6,57
1,<environment.Job instance at 0x7f7a8c650820>,35,16,[5 6],59,75,91,16,62
1,<environment.Job instance at 0x7f7a8c650aa0>,41,1,[2 5],69,91,92,22,81
1,<environment.Job instance at 0x7f7acfdcee60>,43,13,[ 5 10],71,92,105,21,83
1,<environment.Job instance at 0x7f7a8c650dc0>,42,18,[3 5],70,105,123,35,94
1,<environment.Job instance at 0x7f7ad0a3a910>,56,17,[6 3],88,105,122,17,104
1,<environment.Job instance at 0x7f7ad05f15f0>,60,12,[4 5],93,122,134,29,110
1,<environment.Job instance at 0x7f7ad05ea9b0>,65,18,[10  4],100,134,152,34,123
1,<environment.Job instance at 0x7f7ad08df550>,70,18,[10  3],107,152,170,45,142
1,<environment.Job instance at 0x7f7acfdce4b0>,53,13,[8 5],83,170,183,87,160
1,<environment.Job instance at 0x7f7a8c65e230>,79,25,[7 5],120,183,208,63,179
1,<environment.Job instance at 0x7f7ad0015aa0>,1,27,[8 1],2,23,50,21,23
1,<environment.Job instance at 0x7f7ad0a67780>,21,15,[8 4],24,50,65,26,36
1,<environment.Job instance at 0x7f7a8c6d11e0>,8,2,[7 1],9,65,67,56,43
1,<environment.Job instance at 0x7f7ad0bf51e0>,25,1,[5 8],29,67,68,38,45
1,<environment.Job instance at 0x7f7ad01d70a0>,26,26,[2 8],30,68,94,38,65
1,<environment.Job instance at 0x7f7a8c215910>,35,2,[1 7],41,94,96,53,70
1,<environment.Job instance at 0x7f7a8c215050>,37,18,[5 7],45,96,114,51,85
1,<environment.Job instance at 0x7f7acfdc0e10>,42,18,[2 9],50,114,132,64,106
1,<environment.Job instance at 0x7f7ad082ecd0>,14,18,[ 2 10],17,132,150,115,131
1,<environment.Job instance at 0x7f7ad05a8c80>,56,23,[5 8],66,158,181,92,158
1,<environment.Job instance at 0x7f7acfccd410>,59,17,[ 2 10],69,181,198,112,170
1,<environment.Job instance at 0x7f7ad0134c30>,1,19,[1 9],2,2,21,0,2
1,<environment.Job instance at 0x7f7ad061d6e0>,6,14,[4 5],12,21,35,9,12
1,<environment.Job instance at 0x7f7ad061d9b0>,10,2,[ 2 10],18,35,37,17,22
1,<environment.Job instance at 0x7f7ad061dcd0>,14,17,[7 4],23,37,54,14,25
1,<environment.Job instance at 0x7f7ad061da50>,16,14,[3 5],25,43,57,18,43
1,<environment.Job instance at 0x7f7ad063a960>,26,3,[5 3],38,54,57,16,43
1,<environment.Job instance at 0x7f7ad063abe0>,28,14,[4 9],40,57,71,17,43
1,<environment.Job instance at 0x7f7ad06394b0>,32,2,[3 8],48,71,73,23,49
1,<environment.Job instance at 0x7f7ad06396e0>,34,13,[8 5],57,73,86,16,57
1,<environment.Job instance at 0x7f7ad0639b40>,38,12,[1 8],62,86,98,24,77
1,<environment.Job instance at 0x7f7ad0643050>,45,3,[3 6],73,98,101,25,83
1,<environment.Job instance at 0x7f7ad06432d0>,47,21,[3 8],77,101,122,24,93
1,<environment.Job instance at 0x7f7ad0643af0>,51,16,[2 8],85,122,138,37,109
1,<environment.Job instance at 0x7f7ad0643dc0>,57,1,[3 8],94,138,139,44,126
1,<environment.Job instance at 0x7f7ad0643e60>,58,3,[1 5],95,139,142,44,126
1,<environment.Job instance at 0x7f7ad063a780>,23,19,[5 6],33,142,161,109,132
1,<environment.Job instance at 0x7f7ad063c2d0>,62,13,[5 5],101,161,174,60,145
1,<environment.Job instance at 0x7f7ad063ca00>,70,1,[2 9],110,174,175,64,168
1,<environment.Job instance at 0x7f7ad063c910>,71,18,[6 3],111,175,193,64,168
1,<environment.Job instance at 0x7f7ad082bdc0>,2,17,[1 9],4,4,21,0,4
1,<environment.Job instance at 0x7f7ad00a1410>,12,15,[10  1],15,21,36,6,15
1,<environment.Job instance at 0x7f7ad07bbdc0>,22,15,[9 2],29,36,51,7,32
1,<environment.Job instance at 0x7f7ad0a3f960>,27,14,[2 6],35,51,65,16,36
1,<environment.Job instance at 0x7f7ad03c8280>,38,16,[ 5 10],47,65,81,18,53
1,<environment.Job instance at 0x7f7ad0a44e10>,35,12,[10  5],44,81,93,37,64
1,<environment.Job instance at 0x7f7acfc8d7d0>,43,12,[1 5],53,93,105,40,76
1,<environment.Job instance at 0x7f7acfe83b90>,45,26,[6 4],56,93,119,37,92
1,<environment.Job instance at 0x7f7acfe83d70>,51,13,[5 7],63,145,158,82,145
1,<environment.Job instance at 0x7f7ad022d820>,31,18,[2 6],39,158,176,119,153
1,<environment.Job instance at 0x7f7acfdebbe0>,30,16,[5 9],38,176,192,138,164
1,<environment.Job instance at 0x7f7ad06ee550>,60,3,[5 1],78,176,179,98,176
1,<environment.Job instance at 0x7f7ad03c8a00>,0,2,[ 2 10],1,1,3,0,1
1,<environment.Job instance at 0x7f7ad03c8140>,2,2,[8 4],4,4,6,0,4
1,<environment.Job instance at 0x7f7ad03c84b0>,4,1,[6 3],6,6,7,0,6
1,<environment.Job instance at 0x7f7ad7326870>,5,2,[2 7],7,7,9,0,7
1,<environment.Job instance at 0x7f7acfea0a50>,6,16,[9 2],8,9,25,1,9
1,<environment.Job instance at 0x7f7ad7326b90>,8,16,[5 8],12,25,41,13,13
1,<environment.Job instance at 0x7f7a8c5c55a0>,17,14,[ 5 10],26,41,55,15,27
1,<environment.Job instance at 0x7f7a8c81a0f0>,24,2,[5 8],34,56,58,22,56
1,<environment.Job instance at 0x7f7acfe8d280>,25,14,[6 3],35,58,72,23,56
1,<environment.Job instance at 0x7f7a8c31ce60>,19,15,[9 4],28,72,87,44,61
1,<environment.Job instance at 0x7f7ad05f7b90>,34,3,[1 9],44,87,90,43,67
1,<environment.Job instance at 0x7f7a8c4592d0>,36,1,[ 1 10],46,90,91,44,77
1,<environment.Job instance at 0x7f7a8c459640>,37,28,[8 5],49,91,119,42,90
1,<environment.Job instance at 0x7f7acfe95730>,14,16,[9 4],20,119,135,99,114
1,<environment.Job instance at 0x7f7ad0bf7320>,56,12,[2 6],72,139,151,67,139
1,<environment.Job instance at 0x7f7a8c459d70>,38,18,[9 4],50,151,169,101,140
1,<environment.Job instance at 0x7f7ad74968c0>,65,18,[5 7],82,169,187,87,158
1,<environment.Job instance at 0x7f7ad06ff0f0>,1,17,[4 8],2,2,19,0,2
1,<environment.Job instance at 0x7f7ad02a3460>,25,18,[10  1],40,61,79,21,61
1,<environment.Job instance at 0x7f7ad02a34b0>,31,1,[5 5],47,81,82,34,81
1,<environment.Job instance at 0x7f7ad02a3820>,33,12,[10  2],50,82,94,32,81
1,<environment.Job instance at 0x7f7ad02befa0>,22,15,[ 3 10],35,94,109,59,84
1,<environment.Job instance at 0x7f7ad02a3c80>,37,15,[6 1],54,109,124,55,95
1,<environment.Job instance at 0x7f7ad02a3f00>,41,28,[9 2],62,124,152,62,124
1,<environment.Job instance at 0x7f7ad02a33c0>,28,28,[1 5],43,125,153,82,125
1,<environment.Job instance at 0x7f7ad02a6190>,51,15,[7 1],76,152,167,76,142
1,<environment.Job instance at 0x7f7ad029a2d0>,62,14,[2 9],92,165,179,73,165
1,<environment.Job instance at 0x7f7ad02a6230>,45,18,[8 1],69,167,185,98,165
1,<environment.Job instance at 0x7f7ad029a500>,64,1,[9 1],96,185,186,89,165
1,<environment.Job instance at 0x7f7ad029a410>,1,12,[2 6],2,2,14,0,2
1,<environment.Job instance at 0x7f7a8c5d3e10>,4,15,[2 6],8,14,29,6,8
1,<environment.Job instance at 0x7f7a8c5d3aa0>,9,16,[10  1],16,29,45,13,17
1,<environment.Job instance at 0x7f7a8c5d3c30>,15,14,[9 4],23,45,59,22,36
1,<environment.Job instance at 0x7f7ad06523c0>,21,2,[ 3 10],30,59,61,29,40
1,<environment.Job instance at 0x7f7ad7351280>,24,15,[10  5],33,61,76,28,49
1,<environment.Job instance at 0x7f7a8c82d320>,18,14,[ 3 10],26,76,90,50,62
1,<environment.Job instance at 0x7f7a8c5d3c80>,16,15,[1 7],24,90,105,66,77
1,<environment.Job instance at 0x7f7acfe65550>,35,14,[ 5 10],45,105,119,60,92
1,<environment.Job instance at 0x7f7ad055ffa0>,45,15,[2 6],56,119,134,63,106
1,<environment.Job instance at 0x7f7acfd77eb0>,46,25,[8 4],58,119,144,61,116
1,<environment.Job instance at 0x7f7abb6bd7d0>,41,14,[4 6],52,144,158,92,130
1,<environment.Job instance at 0x7f7ad0bef870>,61,1,[7 2],78,158,159,80,137
1,<environment.Job instance at 0x7f7ad00680a0>,62,2,[6 1],79,144,146,65,137
1,<environment.Job instance at 0x7f7ad05fa4b0>,57,16,[6 5],72,159,175,87,146
1,<environment.Job instance at 0x7f7acfec2320>,65,12,[10  5],87,175,187,88,160
1,<environment.Job instance at 0x7f7a8c6d1dc0>,1,3,[ 5 10],5,5,8,0,5
1,<environment.Job instance at 0x7f7a8c25ed20>,3,2,[2 5],8,8,10,0,8
1,<environment.Job instance at 0x7f7a8c397140>,5,17,[4 7],10,10,27,0,10
1,<environment.Job instance at 0x7f7a8c6f1cd0>,15,14,[10  3],22,27,41,5,23
1,<environment.Job instance at 0x7f7ad046d410>,21,18,[7 4],34,41,59,7,34
1,<environment.Job instance at 0x7f7acfd77230>,22,3,[2 6],35,41,44,6,35
1,<environment.Job instance at 0x7f7acfd77370>,25,3,[7 2],38,59,62,21,38
1,<environment.Job instance at 0x7f7acfd779b0>,28,12,[5 1],43,62,74,19,50
1,<environment.Job instance at 0x7f7acfc93690>,34,12,[2 5],54,55,67,1,55
1,<environment.Job instance at 0x7f7a8c3770a0>,38,12,[3 8],59,67,79,8,59
1,<environment.Job instance at 0x7f7a8c25e050>,7,14,[9 1],13,79,93,66,70
1,<environment.Job instance at 0x7f7a8c377d70>,46,17,[10  4],72,93,110,21,84
1,<environment.Job instance at 0x7f7ad099ef00>,60,16,[3 7],94,110,126,16,98
1,<environment.Job instance at 0x7f7ad0066a00>,67,18,[10  1],102,126,144,24,116
1,<environment.Job instance at 0x7f7a8c5e74b0>,75,18,[9 3],115,144,162,29,135
1,<environment.Job instance at 0x7f7acfdac870>,80,20,[3 5],123,162,182,39,154
1,<environment.Job instance at 0x7f7ad01c4eb0>,74,17,[7 3],113,164,181,51,164
1,<environment.Job instance at 0x7f7a8c177690>,86,13,[3 9],130,182,195,52,166
1,<environment.Job instance at 0x7f7ad0607e10>,88,12,[2 6],132,195,207,63,179
1,<environment.Job instance at 0x7f7acfe89a00>,0,12,[1 6],1,1,13,0,1
1,<environment.Job instance at 0x7f7a8c479a50>,4,13,[4 6],7,13,26,6,7
1,<environment.Job instance at 0x7f7a8c479c30>,6,13,[10  3],11,26,39,15,13
1,<environment.Job instance at 0x7f7a8c482b40>,12,2,[8 2],20,39,41,19,20
1,<environment.Job instance at 0x7f7ad0864960>,24,17,[5 2],35,41,58,6,35
1,<environment.Job instance at 0x7f7a8c466230>,26,15,[6 1],37,58,73,21,44
1,<environment.Job instance at 0x7f7acfda9a00>,35,13,[ 3 10],50,73,86,23,62
1,<environment.Job instance at 0x7f7acff82550>,36,13,[8 5],51,86,99,35,70
1,<environment.Job instance at 0x7f7ad0909c30>,45,14,[3 7],61,99,113,38,89
1,<environment.Job instance at 0x7f7ad0134a00>,50,17,[4 5],69,113,130,44,103
1,<environment.Job instance at 0x7f7ad0421820>,54,2,[10  5],74,130,132,56,118
1,<environment.Job instance at 0x7f7ad0134a50>,48,12,[10  1],66,132,144,66,118
1,<environment.Job instance at 0x7f7ad0421af0>,56,2,[9 4],76,144,146,68,118
1,<environment.Job instance at 0x7f7ad0440320>,59,2,[1 8],82,146,148,64,119
1,<environment.Job instance at 0x7f7ad04403c0>,65,1,[4 7],92,148,149,56,137
1,<environment.Job instance at 0x7f7ad04406e0>,66,3,[ 4 10],94,149,152,55,137
1,<environment.Job instance at 0x7f7ad0440be0>,67,17,[1 9],95,152,169,57,140
1,<environment.Job instance at 0x7f7ad0440500>,70,12,[2 5],100,169,181,69,152
1,<environment.Job instance at 0x7f7a8c3e5dc0>,72,13,[6 2],102,169,182,67,161
1,<environment.Job instance at 0x7f7a8c3e5c80>,73,15,[4 5],103,181,196,78,167
1,<environment.Job instance at 0x7f7a8c1c54b0>,0,15,[7 5],2,2,17,0,2
1,<environment.Job instance at 0x7f7ad05aef50>,2,15,[3 8],4,17,32,13,4
1,<environment.Job instance at 0x7f7a8c009d20>,9,1,[ 4 10],15,32,33,17,20
1,<environment.Job instance at 0x7f7ad01b28c0>,14,1,[7 4],22,33,34,11,25
1,<environment.Job instance at 0x7f7a8c009fa0>,5,16,[3 9],7,34,50,27,28
1,<environment.Job instance at 0x7f7ad09b8fa0>,11,13,[8 3],18,50,63,32,37
1,<environment.Job instance at 0x7f7a8c79ae10>,24,13,[1 8],34,63,76,29,48
1,<environment.Job instance at 0x7f7a8c675190>,32,17,[2 5],43,76,93,33,65
1,<environment.Job instance at 0x7f7a8c675fa0>,30,15,[6 1],40,65,80,25,65
1,<environment.Job instance at 0x7f7a8c7d38c0>,38,18,[7 2],53,80,98,27,70
1,<environment.Job instance at 0x7f7a8c7d3b40>,40,20,[3 6],57,93,113,36,84
1,<environment.Job instance at 0x7f7ad0a45a50>,46,17,[5 5],67,113,130,46,101
1,<environment.Job instance at 0x7f7ad02a6af0>,51,18,[9 5],76,130,148,54,119
1,<environment.Job instance at 0x7f7acfe65140>,55,12,[5 4],81,148,160,67,131
1,<environment.Job instance at 0x7f7a8c7d3d70>,43,16,[1 7],61,160,176,99,149
1,<environment.Job instance at 0x7f7ad0840c80>,64,18,[9 5],94,176,194,82,166
1,<environment.Job instance at 0x7f7ad0840780>,1,14,[5 6],4,4,18,0,4
1,<environment.Job instance at 0x7f7ad036deb0>,3,15,[4 9],6,18,33,12,6
1,<environment.Job instance at 0x7f7a8bf61a50>,19,16,[4 8],23,33,49,10,23
1,<environment.Job instance at 0x7f7ad036c370>,30,1,[9 2],37,49,50,12,47
1,<environment.Job instance at 0x7f7a8bfcceb0>,9,24,[1 9],12,50,74,38,48
1,<environment.Job instance at 0x7f7a8bf61690>,22,27,[6 2],27,74,101,47,72
1,<environment.Job instance at 0x7f7ad036c730>,39,2,[5 7],47,101,103,54,74
1,<environment.Job instance at 0x7f7a8c09c6e0>,46,16,[3 5],56,103,119,47,90
1,<environment.Job instance at 0x7f7a8c028140>,53,13,[1 5],65,103,116,38,98
1,<environment.Job instance at 0x7f7a8c028d20>,54,13,[7 5],66,116,129,50,101
1,<environment.Job instance at 0x7f7a8c028960>,55,21,[5 7],67,129,150,62,121
1,<environment.Job instance at 0x7f7acfdada50>,64,16,[5 3],81,133,149,52,133
1,<environment.Job instance at 0x7f7a8c028f00>,58,18,[5 9],72,150,168,78,139
1,<environment.Job instance at 0x7f7acfdad960>,69,18,[8 5],87,168,186,81,159
1,<environment.Job instance at 0x7f7ad08263c0>,83,13,[1 7],103,186,199,83,174
1,<environment.Job instance at 0x7f7a8c81c3c0>,2,16,[3 6],5,5,21,0,5
1,<environment.Job instance at 0x7f7ad03a8b90>,4,3,[4 9],9,21,24,12,9
1,<environment.Job instance at 0x7f7ad0200f50>,14,16,[5 6],21,24,40,3,21
1,<environment.Job instance at 0x7f7a8c1fe4b0>,16,1,[9 1],24,40,41,16,24
1,<environment.Job instance at 0x7f7a8c184b40>,20,17,[5 7],31,41,58,10,31
1,<environment.Job instance at 0x7f7acfe56230>,31,12,[8 1],44,58,70,14,47
1,<environment.Job instance at 0x7f7a8c7715a0>,42,17,[5 6],61,70,87,9,66
1,<environment.Job instance at 0x7f7acfe784b0>,48,16,[10  4],69,98,114,29,98
1,<environment.Job instance at 0x7f7a8c19d230>,22,15,[3 5],33,114,129,81,109
1,<environment.Job instance at 0x7f7a8c785cd0>,57,28,[7 5],80,115,143,35,115
1,<environment.Job instance at 0x7f7a8c7851e0>,61,18,[ 5 10],84,143,161,59,141
1,<environment.Job instance at 0x7f7ad051a320>,66,15,[4 7],90,161,176,71,149
1,<environment.Job instance at 0x7f7a8bf565f0>,2,13,[2 5],3,3,16,0,3
1,<environment.Job instance at 0x7f7ad03773c0>,13,28,[6 2],16,26,54,10,26
1,<environment.Job instance at 0x7f7ad053a870>,18,14,[1 8],23,40,54,17,40
1,<environment.Job instance at 0x7f7a8c66d140>,20,13,[5 5],26,54,67,28,40
1,<environment.Job instance at 0x7f7a8c3bebe0>,27,12,[1 5],35,54,66,19,43
1,<environment.Job instance at 0x7f7a8c3be6e0>,30,3,[7 1],39,67,70,28,51
1,<environment.Job instance at 0x7f7ad0377cd0>,15,17,[5 7],19,70,87,51,59
1,<environment.Job instance at 0x7f7ad0a062d0>,36,2,[5 1],46,70,72,24,59
1,<environment.Job instance at 0x7f7ad0a06b40>,37,15,[5 5],49,87,102,38,75
1,<environment.Job instance at 0x7f7a8bfe3960>,42,13,[3 5],56,87,100,31,78
1,<environment.Job instance at 0x7f7ad09c4c80>,47,17,[8 5],62,102,119,40,92
1,<environment.Job instance at 0x7f7a8c479c30>,51,19,[3 5],66,119,138,53,111
1,<environment.Job instance at 0x7f7a8c479910>,52,22,[1 8],67,138,160,71,134
1,<environment.Job instance at 0x7f7a8c62f3c0>,61,16,[6 1],79,154,170,75,154
1,<environment.Job instance at 0x7f7ad084ed70>,71,1,[9 1],92,170,171,78,154
1,<environment.Job instance at 0x7f7ad084e550>,72,3,[4 9],93,160,163,67,154
1,<environment.Job instance at 0x7f7ad084ea00>,73,12,[6 1],95,171,183,76,157
1,<environment.Job instance at 0x7f7a8c09ff50>,66,21,[2 6],85,171,192,86,166
1,<environment.Job instance at 0x7f7a8bf0dcd0>,0,14,[5 3],1,1,15,0,1
1,<environment.Job instance at 0x7f7ad084e690>,6,16,[4 7],8,8,24,0,8
1,<environment.Job instance at 0x7f7ad02da370>,8,26,[3 5],10,25,51,15,25
1,<environment.Job instance at 0x7f7a8bf07aa0>,20,3,[1 5],24,25,28,1,25
1,<environment.Job instance at 0x7f7a8bf07fa0>,19,17,[3 5],23,28,45,5,28
1,<environment.Job instance at 0x7f7ad0705c30>,23,13,[1 6],28,51,64,23,40
1,<environment.Job instance at 0x7f7ad07059b0>,25,16,[4 8],30,64,80,34,51
1,<environment.Job instance at 0x7f7ad07057d0>,32,16,[10  4],39,80,96,41,70
1,<environment.Job instance at 0x7f7ad0705b90>,34,18,[ 2 10],43,96,114,53,94
1,<environment.Job instance at 0x7f7ad07051e0>,38,18,[5 5],47,120,138,73,120
1,<environment.Job instance at 0x7f7ad0572aa0>,40,18,[2 5],52,120,138,68,120
1,<environment.Job instance at 0x7f7a8bf071e0>,18,18,[5 6],22,144,162,122,144
1,<environment.Job instance at 0x7f7ad0572f00>,46,16,[9 4],61,162,178,101,149
1,<environment.Job instance at 0x7f7acfdf7e60>,52,18,[3 8],67,178,196,111,167
1,<environment.Job instance at 0x7f7acfdf7f50>,0,14,[5 9],1,1,15,0,1
1,<environment.Job instance at 0x7f7acfdf7230>,1,16,[2 6],2,15,31,13,3
1,<environment.Job instance at 0x7f7a8c0ee7d0>,3,14,[9 5],4,31,45,27,24
1,<environment.Job instance at 0x7f7a8c538640>,22,14,[3 7],27,45,59,18,34
1,<environment.Job instance at 0x7f7a8c538550>,19,18,[3 9],23,59,77,36,51
1,<environment.Job instance at 0x7f7acffbe820>,31,12,[5 9],38,77,89,39,61
1,<environment.Job instance at 0x7f7acff92af0>,45,28,[7 3],58,89,117,31,88
1,<environment.Job instance at 0x7f7acff92820>,44,16,[2 6],57,89,105,32,89
1,<environment.Job instance at 0x7f7acffaddc0>,59,27,[4 9],79,117,144,38,117
1,<environment.Job instance at 0x7f7acffadfa0>,60,17,[10  2],80,144,161,64,133
1,<environment.Job instance at 0x7f7acffad2d0>,67,14,[6 5],88,161,175,73,148
1,<environment.Job instance at 0x7f8ceff0b690>,1,14,[7 4],3,3,17,0,3
1,<environment.Job instance at 0x7f8cefe840a0>,7,15,[4 9],11,17,32,6,11
1,<environment.Job instance at 0x7f8ce8a75820>,9,1,[6 1],13,17,18,4,13
1,<environment.Job instance at 0x7f8ce8a75960>,10,1,[7 3],14,32,33,18,14
1,<environment.Job instance at 0x7f8ce8a75be0>,13,2,[8 4],17,33,35,16,17
1,<environment.Job instance at 0x7f8ce8a75f00>,16,1,[7 2],20,35,36,15,22
1,<environment.Job instance at 0x7f8ce8a75d20>,14,16,[5 9],18,36,52,18,23
1,<environment.Job instance at 0x7f8ce8a79c30>,28,13,[8 3],36,52,65,16,38
1,<environment.Job instance at 0x7f8ce8a79640>,23,14,[3 7],29,65,79,36,50
1,<environment.Job instance at 0x7f8ce8a7abe0>,42,1,[2 7],54,79,80,25,71
1,<environment.Job instance at 0x7f8ce8a7ac30>,41,3,[9 1],53,80,83,27,71
1,<environment.Job instance at 0x7f8ce8a7aa00>,43,12,[5 3],55,83,95,28,72
1,<environment.Job instance at 0x7f8ce8a7af50>,45,1,[4 9],57,95,96,38,78
1,<environment.Job instance at 0x7f8ce8a7d140>,49,18,[10  2],62,96,114,34,85
1,<environment.Job instance at 0x7f8ce8a7d870>,56,13,[6 4],71,114,127,43,100
1,<environment.Job instance at 0x7f8ce8a7df00>,61,12,[1 9],77,127,139,50,121
1,<environment.Job instance at 0x7f8ce8a7dfa0>,64,16,[5 5],80,139,155,59,130
1,<environment.Job instance at 0x7f8ce8a80d70>,74,18,[3 8],93,155,173,62,148
1,<environment.Job instance at 0x7f8ce8a808c0>,73,14,[6 2],92,155,169,63,155
1,<environment.Job instance at 0x7f8ce8a6e5f0>,83,14,[2 5],109,173,187,64,163
1,<environment.Job instance at 0x7f8ce8af21e0>,90,1,[1 5],121,181,182,60,181
1,<environment.Job instance at 0x7f8ce8a6e0a0>,91,17,[3 8],122,187,204,65,181
1,<environment.Job instance at 0x7f8ce8a8ec80>,0,3,[7 1],2,2,5,0,2
1,<environment.Job instance at 0x7f8cefffaaf0>,6,12,[4 8],8,8,20,0,8
1,<environment.Job instance at 0x7f8cefff89b0>,10,1,[1 6],13,20,21,7,13
1,<environment.Job instance at 0x7f8cefffaf50>,4,18,[4 6],6,21,39,15,14
1,<environment.Job instance at 0x7f8cefff54b0>,16,24,[6 2],21,29,53,8,29
1,<environment.Job instance at 0x7f8cefff5820>,19,17,[2 8],24,39,56,15,30
1,<environment.Job instance at 0x7f8cefff8fa0>,11,16,[8 5],14,56,72,42,49
1,<environment.Job instance at 0x7f8cefff72d0>,33,15,[5 5],43,72,87,29,72
1,<environment.Job instance at 0x7f8cefff75a0>,36,16,[4 5],48,73,89,25,73
1,<environment.Job instance at 0x7f8ceffebaf0>,41,14,[6 1],53,87,101,34,76
1,<environment.Job instance at 0x7f8ceff0b320>,44,13,[3 6],60,89,102,29,85
1,<environment.Job instance at 0x7f8cefff8b90>,13,14,[8 4],16,102,116,86,89
1,<environment.Job instance at 0x7f8ceff0b140>,46,12,[7 3],63,116,128,53,116
1,<environment.Job instance at 0x7f8cefffe1e0>,52,16,[5 8],73,128,144,55,116
1,<environment.Job instance at 0x7f8ceffee730>,53,1,[5 6],74,144,145,70,129
1,<environment.Job instance at 0x7f8cefff7d20>,30,21,[6 5],39,145,166,106,138
1,<environment.Job instance at 0x7f8ca4df5370>,67,18,[7 2],93,166,184,73,155
1,<environment.Job instance at 0x7f8cefff8eb0>,8,15,[6 4],10,184,199,174,172
1,<environment.Job instance at 0x7f8ca4df5be0>,76,16,[8 5],107,199,215,92,187
1,<environment.Job instance at 0x7f8cefec8a00>,0,21,[6 3],3,3,24,0,3
1,<environment.Job instance at 0x7f8ca4d0da00>,8,13,[1 6],15,23,36,8,23
1,<environment.Job instance at 0x7f8ca4d32690>,12,2,[2 5],20,36,38,16,24
1,<environment.Job instance at 0x7f8ca4d32aa0>,13,13,[2 8],21,38,51,17,24
1,<environment.Job instance at 0x7f8ca4d32820>,11,20,[6 2],19,40,60,21,40
1,<environment.Job instance at 0x7f8ca4d0d230>,2,17,[ 1 10],6,60,77,54,51
1,<environment.Job instance at 0x7f8ce88481e0>,29,2,[5 3],46,77,79,31,60
1,<environment.Job instance at 0x7f8ce8cd4410>,30,17,[5 5],47,77,94,30,65
1,<environment.Job instance at 0x7f8ca4cd3730>,40,16,[5 1],61,85,101,24,85
1,<environment.Job instance at 0x7f8ca4cd3af0>,41,14,[5 5],63,94,108,31,85
1,<environment.Job instance at 0x7f8ca4d32500>,10,20,[8 3],18,108,128,90,99
1,<environment.Job instance at 0x7f8ce88d8fa0>,48,18,[1 9],74,128,146,54,117
1,<environment.Job instance at 0x7f8ce8908d70>,57,1,[8 3],86,146,147,60,124
1,<environment.Job instance at 0x7f8ca4d32af0>,15,16,[5 5],23,147,163,124,139
1,<environment.Job instance at 0x7f8ce8c00230>,62,26,[8 5],93,163,189,70,160
1,<environment.Job instance at 0x7f8ca4cd97d0>,77,12,[6 2],110,189,201,79,173
1,<environment.Job instance at 0x7f8ce87e5f00>,63,16,[1 8],94,189,205,95,187
1,<environment.Job instance at 0x7f8ce8db69b0>,2,28,[4 8],4,4,32,0,4
1,<environment.Job instance at 0x7f8ca4e4a6e0>,16,2,[10  4],22,32,34,10,26
1,<environment.Job instance at 0x7f8ca4e4a050>,18,17,[5 8],24,34,51,10,26
1,<environment.Job instance at 0x7f8ca51e6280>,33,1,[ 4 10],43,51,52,8,43
1,<environment.Job instance at 0x7f8ca513a640>,34,18,[7 4],44,52,70,8,45
1,<environment.Job instance at 0x7f8ca4d1aeb0>,46,20,[5 4],61,70,90,9,63
1,<environment.Job instance at 0x7f8ca4d1a0a0>,50,17,[5 6],66,70,87,4,69
1,<environment.Job instance at 0x7f8ca4d1a5f0>,51,17,[5 3],68,87,104,19,75
1,<environment.Job instance at 0x7f8ca51e1eb0>,59,16,[5 5],84,90,106,6,90
1,<environment.Job instance at 0x7f8ca51e1f00>,61,12,[2 7],86,106,118,20,95
1,<environment.Job instance at 0x7f8ca513aeb0>,41,16,[7 2],53,106,122,53,95
1,<environment.Job instance at 0x7f8cefff1a00>,68,12,[2 5],94,118,130,24,105
1,<environment.Job instance at 0x7f8ca4e10b90>,75,16,[5 1],103,122,138,19,118
1,<environment.Job instance at 0x7f8ca4e10190>,78,15,[1 6],107,130,145,23,119
1,<environment.Job instance at 0x7f8ca4e101e0>,80,13,[9 3],109,138,151,29,131
1,<environment.Job instance at 0x7f8cefff1e60>,69,18,[8 1],95,151,169,56,141
1,<environment.Job instance at 0x7f8ca4d5af50>,94,12,[2 7],127,171,183,44,171
1,<environment.Job instance at 0x7f8ce8d5edc0>,95,19,[9 5],128,183,202,55,173
1,<environment.Job instance at 0x7f8ce8a69b90>,99,13,[1 8],132,202,215,70,186
1,<environment.Job instance at 0x7f8ce8c21af0>,103,12,[7 1],136,202,214,66,188
1,<environment.Job instance at 0x7f8ca50e4a00>,0,12,[9 4],2,2,14,0,2
1,<environment.Job instance at 0x7f8ca4c8cf50>,6,20,[5 9],8,14,34,6,12
1,<environment.Job instance at 0x7f8ca4c8f4b0>,12,3,[2 9],17,34,37,17,18
1,<environment.Job instance at 0x7f8ca4c8f5a0>,14,14,[9 4],21,37,51,16,22
1,<environment.Job instance at 0x7f8ca4c91140>,26,1,[5 2],37,51,52,14,46
1,<environment.Job instance at 0x7f8ca4c91280>,27,1,[7 3],38,52,53,14,46
1,<environment.Job instance at 0x7f8ca4c91730>,28,27,[6 3],39,53,80,14,51
1,<environment.Job instance at 0x7f8ca4c91fa0>,36,16,[8 4],52,80,96,28,78
1,<environment.Job instance at 0x7f8ca4c93230>,38,17,[4 8],55,96,113,41,84
1,<environment.Job instance at 0x7f8ca4c93500>,41,16,[7 3],60,113,129,53,100
1,<environment.Job instance at 0x7f8ca4c93eb0>,54,17,[8 5],84,158,175,74,158
1,<environment.Job instance at 0x7f8ca4c96820>,64,3,[9 4],97,183,186,86,183
1,<environment.Job instance at 0x7f8ca4c968c0>,65,12,[8 1],98,186,198,88,184
1,<environment.Job instance at 0x7f8ca4c967d0>,66,3,[8 5],99,198,201,99,186
1,<environment.Job instance at 0x7f8ca4c96960>,67,18,[1 5],100,186,204,86,186
1,<environment.Job instance at 0x7f8ca4c96c80>,68,12,[9 5],101,201,213,100,186
1,<environment.Job instance at 0x7f8ca4c91eb0>,0,3,[4 7],2,2,5,0,2
1,<environment.Job instance at 0x7f8ca513af00>,3,14,[3 7],5,5,19,0,5
1,<environment.Job instance at 0x7f8ca513a910>,8,23,[1 6],12,28,51,16,28
1,<environment.Job instance at 0x7f8ca5044c80>,20,3,[9 3],29,29,32,0,29
1,<environment.Job instance at 0x7f8ca4eda820>,18,2,[7 4],26,32,34,6,29
1,<environment.Job instance at 0x7f8ca5044780>,25,3,[5 3],34,36,39,2,36
1,<environment.Job instance at 0x7f8cef34d8c0>,27,17,[6 3],38,39,56,1,38
1,<environment.Job instance at 0x7f8cef34dd20>,28,15,[5 2],39,56,71,17,42
1,<environment.Job instance at 0x7f8ce882a960>,33,21,[9 4],45,71,92,26,64
1,<environment.Job instance at 0x7f8ca4f81a50>,44,16,[3 8],61,92,108,31,79
1,<environment.Job instance at 0x7f8ca4f81eb0>,41,18,[10  3],57,108,126,51,98
1,<environment.Job instance at 0x7f8ca4f81b90>,53,2,[9 3],74,126,128,52,115
1,<environment.Job instance at 0x7f8ca4f818c0>,57,1,[5 4],79,128,129,49,116
1,<environment.Job instance at 0x7f8ca502caf0>,61,15,[6 1],86,129,144,43,116
1,<environment.Job instance at 0x7f8ca502c500>,64,2,[1 5],90,126,128,36,117
1,<environment.Job instance at 0x7f8ca502cbe0>,60,15,[1 8],84,129,144,45,117
1,<environment.Job instance at 0x7f8ca502c960>,69,2,[9 2],96,144,146,48,136
1,<environment.Job instance at 0x7f8ca502c640>,71,18,[8 5],98,146,164,48,136
1,<environment.Job instance at 0x7f8ca4f51730>,75,18,[9 5],105,164,182,59,157
1,<environment.Job instance at 0x7f8ca502c0a0>,56,17,[7 5],78,182,199,104,173
1,<environment.Job instance at 0x7f8ca5400690>,89,15,[4 7],124,199,214,75,185
1,<environment.Job instance at 0x7f8cef845aa0>,0,16,[5 1],2,3,19,1,3
1,<environment.Job instance at 0x7f8cef90f5f0>,6,13,[4 8],8,11,24,3,11
1,<environment.Job instance at 0x7f8ca4fe1b40>,10,15,[6 3],13,24,39,11,14
1,<environment.Job instance at 0x7f8cef2e9640>,15,17,[2 6],18,24,41,6,18
1,<environment.Job instance at 0x7f8ca526ac30>,16,14,[9 5],19,41,55,22,26
1,<environment.Job instance at 0x7f8ca500d410>,24,12,[4 7],34,55,67,21,38
1,<environment.Job instance at 0x7f8ca522f960>,31,1,[1 9],43,67,68,24,59
1,<environment.Job instance at 0x7f8ca522f550>,35,15,[10  5],47,68,83,21,59
1,<environment.Job instance at 0x7f8ce8930d20>,37,14,[5 7],50,83,97,33,71
1,<environment.Job instance at 0x7f8ce8930280>,41,14,[10  5],57,97,111,40,82
1,<environment.Job instance at 0x7f8cef83f050>,47,14,[ 5 10],67,111,125,44,99
1,<environment.Job instance at 0x7f8ce88c00a0>,49,13,[9 5],69,125,138,56,123
1,<environment.Job instance at 0x7f8cef7ef7d0>,51,13,[6 1],74,138,151,64,123
1,<environment.Job instance at 0x7f8cef3c7d20>,57,13,[2 6],83,151,164,68,151
1,<environment.Job instance at 0x7f8cefb59050>,61,13,[2 7],88,164,177,76,151
1,<environment.Job instance at 0x7f8cefa0daf0>,62,1,[3 5],89,177,178,88,151
1,<environment.Job instance at 0x7f8ca4fe16e0>,9,17,[2 6],12,178,195,166,166
1,<environment.Job instance at 0x7f8ca51f0370>,8,17,[8 2],11,178,195,167,171
1,<environment.Job instance at 0x7f8ce8e5e0a0>,0,15,[2 7],1,1,16,0,1
1,<environment.Job instance at 0x7f8ca53cce10>,4,14,[4 7],9,16,30,7,11
1,<environment.Job instance at 0x7f8ca53ef370>,7,16,[2 8],15,30,46,15,17
1,<environment.Job instance at 0x7f8ca53eff00>,20,14,[9 5],33,46,60,13,33
1,<environment.Job instance at 0x7f8ca53efb90>,16,22,[4 7],28,60,82,32,55
1,<environment.Job instance at 0x7f8ca53ccf50>,5,15,[10  1],11,82,97,71,71
1,<environment.Job instance at 0x7f8ca53dfaf0>,35,12,[9 4],56,97,109,41,87
1,<environment.Job instance at 0x7f8ca53dfd70>,36,17,[2 8],57,109,126,52,97
1,<environment.Job instance at 0x7f8ca53c7780>,47,24,[5 3],71,126,150,55,121
1,<environment.Job instance at 0x7f8ca53c7c80>,52,15,[1 7],80,149,164,69,149
1,<environment.Job instance at 0x7f8ca53c7e60>,56,16,[9 4],85,164,180,79,153
1,<environment.Job instance at 0x7f8ca53e9370>,58,13,[6 4],88,180,193,92,168
1,<environment.Job instance at 0x7f8ce8b4d8c0>,0,14,[7 3],2,2,16,0,2
1,<environment.Job instance at 0x7f8ce8b4d4b0>,3,3,[2 6],5,5,8,0,5
1,<environment.Job instance at 0x7f8ce8b4d370>,5,20,[6 5],9,16,36,7,9
1,<environment.Job instance at 0x7f8ca5202550>,20,18,[2 5],29,29,47,0,29
1,<environment.Job instance at 0x7f8cef69c460>,24,15,[10  3],40,47,62,7,40
1,<environment.Job instance at 0x7f8ca4d45410>,13,19,[8 1],20,62,81,42,57
1,<environment.Job instance at 0x7f8ce8d495a0>,9,16,[4 7],16,81,97,65,68
1,<environment.Job instance at 0x7f8cef2789b0>,37,3,[3 8],60,97,100,37,71
1,<environment.Job instance at 0x7f8ca50b6140>,35,2,[7 1],56,97,99,41,72
1,<environment.Job instance at 0x7f8cef41d640>,43,14,[9 3],69,100,114,31,85
1,<environment.Job instance at 0x7f8cef523870>,48,15,[7 3],75,114,129,39,105
1,<environment.Job instance at 0x7f8cef523780>,51,17,[2 7],80,121,138,41,121
1,<environment.Job instance at 0x7f8cef3dc870>,55,1,[8 2],85,129,130,44,125
1,<environment.Job instance at 0x7f8cef3dc550>,56,1,[4 9],87,138,139,51,125
1,<environment.Job instance at 0x7f8cef2967d0>,33,14,[5 6],54,139,153,85,125
1,<environment.Job instance at 0x7f8cef3dcb40>,63,2,[7 2],100,131,133,31,131
1,<environment.Job instance at 0x7f8ce891dbe0>,64,2,[ 2 10],101,153,155,52,132
1,<environment.Job instance at 0x7f8cef3dc320>,58,1,[10  4],94,155,156,61,150
1,<environment.Job instance at 0x7f8ce891d640>,70,16,[9 2],108,156,172,48,150
1,<environment.Job instance at 0x7f8ce87f2190>,75,12,[10  3],115,172,184,57,159
1,<environment.Job instance at 0x7f8ce87f20f0>,78,16,[9 4],120,184,200,64,171
1,<environment.Job instance at 0x7f8ce891d5a0>,71,14,[3 5],110,200,214,90,186
1,<environment.Job instance at 0x7f8cef498dc0>,3,16,[8 4],7,7,23,0,7
1,<environment.Job instance at 0x7f8ca51b7370>,8,18,[2 6],14,14,32,0,14
1,<environment.Job instance at 0x7f8ce8f6bbe0>,20,1,[4 7],30,52,53,22,52
1,<environment.Job instance at 0x7f8ce8abe960>,21,2,[5 8],31,53,55,22,52
1,<environment.Job instance at 0x7f8ce8f14a50>,22,3,[ 1 10],32,55,58,23,52
1,<environment.Job instance at 0x7f8ca50daa50>,23,1,[ 5 10],33,58,59,25,52
1,<environment.Job instance at 0x7f8ca50da370>,25,1,[5 2],35,52,53,17,52
1,<environment.Job instance at 0x7f8ca50d36e0>,17,15,[8 1],26,59,74,33,52
1,<environment.Job instance at 0x7f8ce88d80f0>,27,1,[6 1],37,74,75,37,53
1,<environment.Job instance at 0x7f8ca4f85fa0>,28,24,[2 7],38,59,83,21,56
1,<environment.Job instance at 0x7f8ca51ca370>,32,17,[10  1],42,83,100,41,71
1,<environment.Job instance at 0x7f8ce8cb28c0>,15,16,[10  5],23,100,116,77,89
1,<environment.Job instance at 0x7f8ca539a780>,43,13,[10  1],64,116,129,52,100
1,<environment.Job instance at 0x7f8ca539a410>,49,18,[8 5],70,129,147,59,119
1,<environment.Job instance at 0x7f8cef7d0320>,61,12,[5 3],84,147,159,63,132
1,<environment.Job instance at 0x7f8ce88052d0>,66,15,[1 8],90,159,174,69,147
1,<environment.Job instance at 0x7f8ce8805280>,76,12,[ 4 10],102,181,193,79,181
1,<environment.Job instance at 0x7f8cef745640>,79,15,[2 9],105,193,208,88,185
1,<environment.Job instance at 0x7f8cef3771e0>,0,17,[4 7],1,1,18,0,1
1,<environment.Job instance at 0x7f8ca4feee60>,10,2,[5 2],13,13,15,0,13
1,<environment.Job instance at 0x7f8ca4feeeb0>,9,12,[5 6],12,18,30,6,13
1,<environment.Job instance at 0x7f8ca4fc35a0>,16,17,[8 1],23,30,47,7,23
1,<environment.Job instance at 0x7f8ca4fc39b0>,21,3,[10  3],29,47,50,18,29
1,<environment.Job instance at 0x7f8ca4fc3910>,24,17,[4 8],33,50,67,17,38
1,<environment.Job instance at 0x7f8ca4fc3d20>,22,16,[6 5],30,67,83,37,54
1,<environment.Job instance at 0x7f8ca4ff9fa0>,41,18,[9 3],54,83,101,29,75
1,<environment.Job instance at 0x7f8ca4fd50f0>,43,14,[3 7],57,101,115,44,86
1,<environment.Job instance at 0x7f8ca4fd5dc0>,54,12,[8 5],74,115,127,41,103
1,<environment.Job instance at 0x7f8ca4fcb3c0>,61,12,[2 6],82,127,139,45,122
1,<environment.Job instance at 0x7f8ca4fd5aa0>,51,17,[ 2 10],71,139,156,68,128
1,<environment.Job instance at 0x7f8ca4fcb500>,63,12,[9 1],84,156,168,72,148
1,<environment.Job instance at 0x7f8ca4fcb730>,64,15,[2 6],88,168,183,80,159
1,<environment.Job instance at 0x7f8ca4fe32d0>,75,14,[9 4],103,183,197,80,169
1,<environment.Job instance at 0x7f8ca4fcbd70>,72,2,[2 5],99,197,199,98,178
1,<environment.Job instance at 0x7f8ce87e6230>,5,13,[2 8],9,9,22,0,9
1,<environment.Job instance at 0x7f8ce87e6f50>,8,15,[3 5],13,22,37,9,13
1,<environment.Job instance at 0x7f8cef45b2d0>,15,16,[4 9],28,37,53,9,36
1,<environment.Job instance at 0x7f8ca5202fa0>,25,17,[1 8],40,53,70,13,47
1,<environment.Job instance at 0x7f8ca5202c30>,26,2,[ 2 10],41,70,72,29,47
1,<environment.Job instance at 0x7f8ca5202cd0>,27,24,[ 1 10],42,72,96,30,69
1,<environment.Job instance at 0x7f8ce8e37a50>,40,13,[9 5],63,96,109,33,83
1,<environment.Job instance at 0x7f8ca5202eb0>,23,25,[3 7],37,109,134,72,105
1,<environment.Job instance at 0x7f8ca51e6aa0>,51,17,[4 7],80,134,151,54,125
1,<environment.Job instance at 0x7f8ca51e6fa0>,54,15,[4 7],84,151,166,67,137
1,<environment.Job instance at 0x7f8cef27bcd0>,59,18,[6 2],89,142,160,53,142
1,<environment.Job instance at 0x7f8cef27b190>,61,14,[10  3],92,166,180,74,151
1,<environment.Job instance at 0x7f8ce8f41370>,74,12,[5 1],113,180,192,67,171
1,<environment.Job instance at 0x7f8ce8f417d0>,75,1,[1 8],114,180,181,66,171
1,<environment.Job instance at 0x7f8ce8f41410>,78,16,[1 7],121,181,197,60,171
1,<environment.Job instance at 0x7f8ca507baf0>,84,12,[3 8],129,197,209,68,181
1,<environment.Job instance at 0x7f8ca536a5f0>,0,12,[3 8],2,2,14,0,2
1,<environment.Job instance at 0x7f8ce8f6f280>,20,15,[10  3],26,41,56,15,41
1,<environment.Job instance at 0x7f8ca4c14a50>,17,18,[1 5],23,56,74,33,49
1,<environment.Job instance at 0x7f8ce8f6f5f0>,21,23,[4 5],28,56,79,28,50
1,<environment.Job instance at 0x7f8ce89ff280>,33,13,[9 4],41,79,92,38,64
1,<environment.Job instance at 0x7f8ce89ff3c0>,36,13,[1 6],47,79,92,32,73
1,<environment.Job instance at 0x7f8cef7be7d0>,41,12,[4 8],58,92,104,34,76
1,<environment.Job instance at 0x7f8cef7be370>,47,12,[2 8],66,104,116,38,87
1,<environment.Job instance at 0x7f8ca4c141e0>,16,15,[8 5],21,116,131,95,109
1,<environment.Job instance at 0x7f8ce8b82500>,54,1,[5 5],76,131,132,55,120
1,<environment.Job instance at 0x7f8ce8be4c30>,61,2,[1 9],85,132,134,47,128
1,<environment.Job instance at 0x7f8ca4c42dc0>,63,3,[10  3],87,139,142,52,139
1,<environment.Job instance at 0x7f8ca4c425a0>,64,3,[5 9],88,142,145,54,139
1,<environment.Job instance at 0x7f8ca4c42be0>,67,2,[6 5],94,145,147,51,141
1,<environment.Job instance at 0x7f8ca4c42c30>,69,13,[4 7],96,147,160,51,141
1,<environment.Job instance at 0x7f8ca4c42aa0>,70,15,[6 1],97,147,162,50,142
1,<environment.Job instance at 0x7f8ca51bf7d0>,77,18,[3 9],108,160,178,52,153
1,<environment.Job instance at 0x7f8ca4c42af0>,62,18,[7 2],86,178,196,92,177
1,<environment.Job instance at 0x7f8ce8b0f960>,85,3,[ 2 10],117,196,199,79,182
1,<environment.Job instance at 0x7f8ce8b0f2d0>,86,2,[1 8],118,182,184,64,182
1,<environment.Job instance at 0x7f8ca517fdc0>,90,1,[5 4],123,199,200,76,185
1,<environment.Job instance at 0x7f8ca52d78c0>,92,12,[10  1],126,200,212,74,185
1,<environment.Job instance at 0x7f8ca52d7f00>,1,1,[6 5],2,2,3,0,2
1,<environment.Job instance at 0x7f8cef273140>,6,16,[4 7],13,13,29,0,13
1,<environment.Job instance at 0x7f8ce8f1cf50>,14,17,[6 5],22,29,46,7,22
1,<environment.Job instance at 0x7f8ce8c8b910>,3,14,[10  2],8,46,60,38,38
1,<environment.Job instance at 0x7f8ce8f13320>,21,15,[2 5],30,60,75,30,48
1,<environment.Job instance at 0x7f8cef273820>,9,18,[5 2],16,63,81,47,63
1,<environment.Job instance at 0x7f8ca535d5a0>,26,18,[1 6],38,75,93,37,64
1,<environment.Job instance at 0x7f8ca5427aa0>,36,15,[3 8],54,93,108,39,80
1,<environment.Job instance at 0x7f8cef5d97d0>,39,16,[3 9],57,108,124,51,95
1,<environment.Job instance at 0x7f8cef336e60>,45,13,[8 3],68,124,137,56,113
1,<environment.Job instance at 0x7f8cef8badc0>,47,18,[10  5],70,137,155,67,126
1,<environment.Job instance at 0x7f8ca53bb820>,61,15,[3 6],87,155,170,68,143
1,<environment.Job instance at 0x7f8ca53bb550>,64,15,[6 1],90,167,182,77,167
1,<environment.Job instance at 0x7f8ca53bbe60>,65,3,[6 1],92,182,185,90,167
1,<environment.Job instance at 0x7f8ca53bb9b0>,68,18,[6 3],96,185,203,89,174
1,<environment.Job instance at 0x7f8ce88c2960>,2,15,[3 5],3,3,18,0,3
1,<environment.Job instance at 0x7f8ce8a233c0>,9,23,[9 2],16,18,41,2,17
1,<environment.Job instance at 0x7f8cef300d20>,19,15,[9 1],30,41,56,11,30
1,<environment.Job instance at 0x7f8ca4d56a50>,20,14,[5 9],31,56,70,25,41
1,<environment.Job instance at 0x7f8ce8f47550>,24,16,[8 3],39,70,86,31,57
1,<environment.Job instance at 0x7f8cef84e690>,27,22,[5 7],45,86,108,41,80
1,<environment.Job instance at 0x7f8cefc0b9b0>,44,16,[4 8],63,108,124,45,96
1,<environment.Job instance at 0x7f8ca536b4b0>,47,27,[6 2],67,108,135,41,106
1,<environment.Job instance at 0x7f8ca536b820>,50,13,[7 5],70,135,148,65,119
1,<environment.Job instance at 0x7f8ce8a4f140>,38,16,[ 3 10],56,148,164,92,139
1,<environment.Job instance at 0x7f8ce8ced0f0>,68,13,[6 3],93,164,177,71,149
1,<environment.Job instance at 0x7f8ca4a43190>,72,18,[5 8],98,177,195,79,166
1,<environment.Job instance at 0x7f8ca4a43050>,76,13,[2 7],103,195,208,92,179
1,<environment.Job instance at 0x7f8ce8a4f050>,35,13,[6 3],53,195,208,142,179
1,<environment.Job instance at 0x7f8ca4a43230>,3,16,[3 5],6,6,22,0,6
1,<environment.Job instance at 0x7f8ca4a04c80>,5,12,[4 5],10,10,22,0,10
1,<environment.Job instance at 0x7f8ca4a04f50>,6,17,[1 8],11,22,39,11,11
1,<environment.Job instance at 0x7f8ca4a04730>,12,28,[3 7],21,39,67,18,39
1,<environment.Job instance at 0x7f8ca4a06d70>,19,16,[5 8],29,67,83,38,54
1,<environment.Job instance at 0x7f8ca4a06870>,27,3,[2 7],42,83,86,41,59
1,<environment.Job instance at 0x7f8ca4a0d820>,28,3,[4 7],43,86,89,43,60
1,<environment.Job instance at 0x7f8ca4a0d230>,30,2,[10  1],45,89,91,44,62
1,<environment.Job instance at 0x7f8ca4a0d370>,33,16,[ 5 10],48,91,107,43,78
1,<environment.Job instance at 0x7f8ca4a05190>,42,15,[3 6],62,107,122,45,93
1,<environment.Job instance at 0x7f8ca4a0eb40>,47,17,[5 4],69,107,124,38,106
1,<environment.Job instance at 0x7f8ca4a0e1e0>,51,13,[6 5],73,124,137,51,110
1,<environment.Job instance at 0x7f8ca4a4ef00>,59,17,[5 3],87,159,176,72,159
1,<environment.Job instance at 0x7f8ca4a4ea50>,61,16,[1 5],89,162,178,73,162
1,<environment.Job instance at 0x7f8ca4a044b0>,11,18,[9 2],20,176,194,156,165
1,<environment.Job instance at 0x7f8ca4e1ff00>,64,15,[1 7],94,178,193,84,165
1,<environment.Job instance at 0x7f8ca4e1fb90>,71,18,[10  4],101,194,212,93,183
1,<environment.Job instance at 0x7f8ca4af0dc0>,1,14,[4 6],2,2,16,0,2
1,<environment.Job instance at 0x7f8ce8d10eb0>,8,16,[ 3 10],15,16,32,1,15
1,<environment.Job instance at 0x7f8ce8f972d0>,12,17,[6 5],19,32,49,13,30
1,<environment.Job instance at 0x7f8ca4b14780>,22,17,[6 2],31,49,66,18,44
1,<environment.Job instance at 0x7f8ce8a2abe0>,28,15,[6 4],38,72,87,34,72
1,<environment.Job instance at 0x7f8ce8a2a5a0>,30,18,[3 9],40,87,105,47,76
1,<environment.Job instance at 0x7f8ce8a26550>,36,12,[8 3],48,105,117,57,88
1,<environment.Job instance at 0x7f8ce8f3f870>,46,3,[6 3],61,117,120,56,97
1,<environment.Job instance at 0x7f8ce8f3f370>,51,15,[5 5],69,120,135,51,107
1,<environment.Job instance at 0x7f8ca4bc4370>,56,13,[3 5],76,120,133,44,120
1,<environment.Job instance at 0x7f8ce8f97820>,10,13,[8 1],17,135,148,118,124
1,<environment.Job instance at 0x7f8ce8f381e0>,62,12,[6 5],83,148,160,65,135
1,<environment.Job instance at 0x7f8ce8f38280>,65,19,[3 5],86,148,167,62,148
1,<environment.Job instance at 0x7f8ce8f7ed20>,19,17,[8 4],28,167,184,139,161
1,<environment.Job instance at 0x7f8ce8f54aa0>,80,21,[2 6],105,175,196,70,175
1,<environment.Job instance at 0x7f8ce8f54fa0>,75,16,[6 1],99,184,200,85,179
1,<environment.Job instance at 0x7f8ce8f57550>,82,13,[4 6],108,196,209,88,185
1,<environment.Job instance at 0x7f8ce8f57050>,1,1,[7 5],2,2,3,0,2
1,<environment.Job instance at 0x7f8cef4608c0>,2,15,[5 2],3,3,18,0,3
1,<environment.Job instance at 0x7f8ca4d83eb0>,4,17,[1 6],6,7,24,1,7
1,<environment.Job instance at 0x7f8ce8f05d70>,6,18,[5 4],9,18,36,9,9
1,<environment.Job instance at 0x7f8ca52638c0>,16,16,[4 7],22,36,52,14,23
1,<environment.Job instance at 0x7f8ca4a79780>,22,17,[4 9],29,52,69,23,40
1,<environment.Job instance at 0x7f8ce8f0d2d0>,27,3,[1 5],34,69,72,35,54
1,<environment.Job instance at 0x7f8ce8f0d5f0>,26,17,[3 5],33,69,86,36,57
1,<environment.Job instance at 0x7f8ca50f1c80>,33,14,[5 2],41,72,86,31,63
1,<environment.Job instance at 0x7f8ca50f1f00>,36,16,[4 5],45,86,102,41,74
1,<environment.Job instance at 0x7f8ce8be1690>,39,16,[10  4],49,102,118,53,91
1,<environment.Job instance at 0x7f8ce8be1730>,41,18,[ 2 10],53,118,136,65,107
1,<environment.Job instance at 0x7f8ce8be1960>,45,18,[5 5],57,136,154,79,130
1,<environment.Job instance at 0x7f8ce8be1a50>,47,18,[2 5],62,141,159,79,141
1,<environment.Job instance at 0x7f8cef263f00>,53,16,[9 4],71,164,180,93,164
1,<environment.Job instance at 0x7f8ca50f1e60>,30,13,[1 6],38,165,178,127,165
1,<environment.Job instance at 0x7f8ca5030910>,58,15,[10  4],76,180,195,104,166
1,<environment.Job instance at 0x7f8ca5030eb0>,59,18,[3 8],77,195,213,118,184
1,<environment.Job instance at 0x7f8cef30fd20>,1,16,[2 6],2,2,18,0,2
1,<environment.Job instance at 0x7f8cef30fe60>,4,17,[4 5],6,18,35,12,6
1,<environment.Job instance at 0x7f8ce88efe10>,19,18,[3 9],23,35,53,12,24
1,<environment.Job instance at 0x7f8ca4a64190>,29,1,[9 1],36,76,77,40,76
1,<environment.Job instance at 0x7f8ca4a64d20>,30,3,[6 3],37,77,80,40,76
1,<environment.Job instance at 0x7f8ca4a648c0>,31,12,[5 9],38,80,92,42,76
1,<environment.Job instance at 0x7f8ca4a64f50>,32,16,[ 1 10],40,92,108,52,79
1,<environment.Job instance at 0x7f8ca5138320>,37,14,[1 5],46,108,122,62,93
1,<environment.Job instance at 0x7f8ca51383c0>,45,28,[7 3],58,109,137,51,109
1,<environment.Job instance at 0x7f8ca4a9d690>,59,27,[4 9],79,159,186,80,159
1,<environment.Job instance at 0x7f8ce89ad460>,63,13,[4 7],83,186,199,103,170
1,<environment.Job instance at 0x7f8ce8e77cd0>,2,18,[2 9],7,7,25,0,7
1,<environment.Job instance at 0x7f8cef6568c0>,9,13,[1 9],14,25,38,11,14
1,<environment.Job instance at 0x7f8ce8c9bdc0>,18,12,[4 9],26,38,50,12,26
1,<environment.Job instance at 0x7f8cef41a6e0>,19,13,[5 9],27,50,63,23,34
1,<environment.Job instance at 0x7f8cef41a5a0>,20,2,[5 5],28,63,65,35,55
1,<environment.Job instance at 0x7f8cefffa1e0>,28,13,[ 1 10],42,65,78,23,56
1,<environment.Job instance at 0x7f8ce8c92460>,36,13,[2 8],52,78,91,26,64
1,<environment.Job instance at 0x7f8ce8c92e10>,38,16,[6 4],54,91,107,37,79
1,<environment.Job instance at 0x7f8ce89740f0>,46,28,[6 3],64,107,135,43,106
1,<environment.Job instance at 0x7f8cefffa0f0>,29,2,[6 5],43,135,137,92,120
1,<environment.Job instance at 0x7f8cefa58320>,53,1,[6 4],72,137,138,65,125
1,<environment.Job instance at 0x7f8cef630230>,54,1,[5 9],73,138,139,65,125
1,<environment.Job instance at 0x7f8ce8e7b230>,55,18,[ 4 10],77,139,157,62,128
1,<environment.Job instance at 0x7f8ca4c8ff50>,67,17,[5 9],92,157,174,65,145
1,<environment.Job instance at 0x7f8cef875b40>,72,15,[7 4],98,174,189,76,160
1,<environment.Job instance at 0x7f8cef8750a0>,74,15,[10  4],100,189,204,89,179
1,<environment.Job instance at 0x7f8cef875550>,78,1,[9 1],105,204,205,99,179
1,<environment.Job instance at 0x7fb1a79a3f00>,1,14,[7 5],5,5,19,0,5
1,<environment.Job instance at 0x7fb1a05a0af0>,4,13,[3 6],9,19,32,10,9
1,<environment.Job instance at 0x7fb1a05a0fa0>,10,3,[5 2],17,19,22,2,17
1,<environment.Job instance at 0x7fb1a05a0f50>,11,23,[6 4],20,22,45,2,20
1,<environment.Job instance at 0x7fb1a05a5550>,15,2,[5 1],25,45,47,20,25
1,<environment.Job instance at 0x7fb1a05a5a50>,21,12,[6 2],33,47,59,14,36
1,<environment.Job instance at 0x7fb1a05a5b90>,22,20,[4 6],34,36,56,2,36
1,<environment.Job instance at 0x7fb1a78f33c0>,2,12,[10  5],4,4,16,0,4
1,<environment.Job instance at 0x7fb1a78f38c0>,5,12,[4 5],8,16,28,8,8
1,<environment.Job instance at 0x7fb1a78f6320>,10,13,[1 5],16,16,29,0,16
1,<environment.Job instance at 0x7fb1a78f64b0>,13,3,[6 4],19,28,31,9,19
1,<environment.Job instance at 0x7fb1a78f62d0>,11,13,[4 6],17,29,42,12,20
1,<environment.Job instance at 0x7fb1a78f40a0>,19,14,[ 2 10],34,42,56,8,34
1,<environment.Job instance at 0x7fb1a78f49b0>,22,12,[5 3],38,56,68,18,40
1,<environment.Job instance at 0x7fb1a78ed7d0>,1,2,[1 7],2,2,4,0,2
1,<environment.Job instance at 0x7fb1a78ed820>,2,16,[4 6],4,4,20,0,4
1,<environment.Job instance at 0x7fb15c8c2c30>,7,1,[1 8],10,20,21,10,10
1,<environment.Job instance at 0x7fb15c8c2280>,11,1,[5 5],14,21,22,7,14
1,<environment.Job instance at 0x7fb15c89d5f0>,15,16,[4 9],18,22,38,4,18
1,<environment.Job instance at 0x7fb15c8c2b40>,13,3,[6 3],16,38,41,22,25
1,<environment.Job instance at 0x7fb15c89d320>,18,18,[5 4],21,41,59,20,30
1,<environment.Job instance at 0x7fb15c89d820>,22,15,[5 6],26,41,56,15,34
1,<environment.Job instance at 0x7fb15c89d9b0>,1,12,[8 4],4,4,16,0,4
1,<environment.Job instance at 0x7fb15cd1afa0>,5,12,[5 6],10,16,28,6,10
1,<environment.Job instance at 0x7fb15cc5afa0>,14,16,[6 4],20,28,44,8,20
1,<environment.Job instance at 0x7fb15cc5ab90>,22,3,[4 6],32,33,36,1,33
1,<environment.Job instance at 0x7fb15cc5a550>,15,16,[6 2],22,44,60,22,33
1,<environment.Job instance at 0x7fb15c95b0a0>,2,17,[6 4],6,6,23,0,6
1,<environment.Job instance at 0x7fb1a0541370>,5,16,[4 9],9,23,39,14,12
1,<environment.Job instance at 0x7fb15cbeee60>,12,12,[5 4],21,39,51,18,22
1,<environment.Job instance at 0x7fb15cc0b280>,17,23,[2 7],29,51,74,22,47
1,<environment.Job instance at 0x7fb15cc60280>,2,2,[5 9],5,5,7,0,5
1,<environment.Job instance at 0x7fb15cc60be0>,3,2,[7 4],7,7,9,0,7
1,<environment.Job instance at 0x7fb15ce6daf0>,12,15,[3 6],20,20,35,0,20
1,<environment.Job instance at 0x7fb15ce6daa0>,13,13,[5 5],22,35,48,13,24
1,<environment.Job instance at 0x7fb15ce6d730>,9,2,[10  4],13,48,50,35,27
1,<environment.Job instance at 0x7fb15ce6d960>,19,23,[4 7],31,50,73,19,44
1,<environment.Job instance at 0x7fb15cdc7d70>,2,16,[6 2],4,4,20,0,4
1,<environment.Job instance at 0x7fb15ce4db40>,15,19,[1 5],21,32,51,11,32
1,<environment.Job instance at 0x7fb15ce72460>,5,12,[ 4 10],9,51,63,42,41
1,<environment.Job instance at 0x7fb15ce4d1e0>,18,2,[7 2],24,47,49,23,47
1,<environment.Job instance at 0x7fb15ce4d410>,17,13,[2 7],23,63,76,40,47
1,<environment.Job instance at 0x7fb1a07de730>,0,14,[10  5],1,1,15,0,1
1,<environment.Job instance at 0x7fb1a7579b40>,2,22,[6 4],5,15,37,10,15
1,<environment.Job instance at 0x7fb1a6e5cd70>,11,16,[6 3],18,37,53,19,27
1,<environment.Job instance at 0x7fb15c9dacd0>,14,18,[3 8],21,53,71,32,42
1,<environment.Job instance at 0x7fb1a0403d70>,2,13,[4 8],5,5,18,0,5
1,<environment.Job instance at 0x7fb1a6f5ae10>,10,16,[5 3],14,23,39,9,23
1,<environment.Job instance at 0x7fb1a6f5a4b0>,6,14,[3 8],9,39,53,30,24
1,<environment.Job instance at 0x7fb1a6f5adc0>,11,14,[7 1],15,39,53,24,37
1,<environment.Job instance at 0x7fb1a6f5aeb0>,17,13,[6 5],22,53,66,31,37
1,<environment.Job instance at 0x7fb1a6f5aaa0>,13,18,[2 5],18,53,71,35,46
1,<environment.Job instance at 0x7fb1a6f16280>,1,18,[7 1],3,3,21,0,3
1,<environment.Job instance at 0x7fb15cce2e60>,8,21,[4 9],11,21,42,10,18
1,<environment.Job instance at 0x7fb15ccd9c30>,13,1,[7 2],18,42,43,24,25
1,<environment.Job instance at 0x7fb15ccd9140>,15,16,[8 3],21,43,59,22,36
1,<environment.Job instance at 0x7fb15c909a50>,20,14,[1 9],31,59,73,28,45
1,<environment.Job instance at 0x7fb1a73c9eb0>,4,16,[10  2],11,11,27,0,11
1,<environment.Job instance at 0x7fb1a6f462d0>,10,17,[8 2],18,27,44,9,27
1,<environment.Job instance at 0x7fb1a6e60b40>,20,14,[5 6],31,44,58,13,33
1,<environment.Job instance at 0x7fb1a75ab050>,24,13,[1 5],39,58,71,19,42
1,<environment.Job instance at 0x7fb1a73c9f00>,0,16,[2 8],1,1,17,0,1
1,<environment.Job instance at 0x7fb15c7da460>,10,2,[1 6],14,17,19,3,14
1,<environment.Job instance at 0x7fb15c7da320>,9,18,[5 8],13,19,37,6,14
1,<environment.Job instance at 0x7fb15c7da5f0>,14,12,[10  5],19,37,49,18,20
1,<environment.Job instance at 0x7fb15c7dafa0>,19,13,[7 4],26,49,62,23,38
1,<environment.Job instance at 0x7fb15c7de960>,0,16,[1 6],1,1,17,0,1
1,<environment.Job instance at 0x7fb1a6e438c0>,10,1,[10  1],17,17,18,0,17
1,<environment.Job instance at 0x7fb1a6e43b40>,11,1,[3 5],18,18,19,0,18
1,<environment.Job instance at 0x7fb1a6e43280>,12,3,[ 5 10],19,19,22,0,19
1,<environment.Job instance at 0x7fb1a6e43320>,14,18,[5 5],21,22,40,1,22
1,<environment.Job instance at 0x7fb15c955d70>,8,16,[1 6],13,40,56,27,31
1,<environment.Job instance at 0x7fb15ce1d820>,27,12,[3 7],45,56,68,11,45
1,<environment.Job instance at 0x7fb15ce1d190>,1,14,[10  2],2,2,16,0,2
1,<environment.Job instance at 0x7fb15cc25e10>,5,16,[ 4 10],8,16,32,8,9
1,<environment.Job instance at 0x7fb15c91d2d0>,14,16,[7 5],18,32,48,14,19
1,<environment.Job instance at 0x7fb1a09aae10>,24,13,[ 5 10],31,48,61,17,32
1,<environment.Job instance at 0x7fb1a71d8b40>,0,16,[6 1],1,1,17,0,1
1,<environment.Job instance at 0x7fb15c9ea780>,9,2,[7 2],11,17,19,6,11
1,<environment.Job instance at 0x7fb15c9ea9b0>,11,1,[5 4],13,19,20,6,13
1,<environment.Job instance at 0x7fb15c9eaa50>,13,15,[2 5],16,16,31,0,16
1,<environment.Job instance at 0x7fb15c9eae60>,15,27,[7 1],18,25,52,7,25
1,<environment.Job instance at 0x7fb15ca047d0>,24,16,[10  1],31,52,68,21,46
1,<environment.Job instance at 0x7fb15c9ea370>,0,17,[9 5],3,3,20,0,3
1,<environment.Job instance at 0x7fb15ce96fa0>,8,2,[9 4],13,20,22,7,13
1,<environment.Job instance at 0x7fb15ce965a0>,7,16,[8 1],12,22,38,10,13
1,<environment.Job instance at 0x7fb1a04c41e0>,19,12,[10  1],29,38,50,9,35
1,<environment.Job instance at 0x7fb15ccfa0a0>,20,2,[5 3],31,50,52,19,35
1,<environment.Job instance at 0x7fb1a04c4550>,14,15,[5 2],24,50,65,26,37
1,<environment.Job instance at 0x7fb1a6eaddc0>,0,2,[1 5],1,1,3,0,1
1,<environment.Job instance at 0x7fb1a0383460>,2,2,[4 7],3,3,5,0,3
1,<environment.Job instance at 0x7fb1a06019b0>,3,12,[6 4],4,5,17,1,5
1,<environment.Job instance at 0x7fb15c7a8050>,10,17,[2 5],17,17,34,0,17
1,<environment.Job instance at 0x7fb15ca11fa0>,18,1,[5 5],26,30,31,4,30
1,<environment.Job instance at 0x7fb15ca11280>,17,18,[6 2],25,31,49,6,30
1,<environment.Job instance at 0x7fb15c7eb910>,27,15,[5 4],39,49,64,10,43
1,<environment.Job instance at 0x7fb1a05900a0>,4,23,[2 6],8,8,31,0,8
1,<environment.Job instance at 0x7fb1a05b30a0>,12,1,[1 5],19,31,32,12,19
1,<environment.Job instance at 0x7fb1a0861190>,17,1,[1 7],27,32,33,5,31
1,<environment.Job instance at 0x7fb1a71f1dc0>,13,16,[ 4 10],21,33,49,12,31
1,<environment.Job instance at 0x7fb1a0861690>,22,17,[5 3],34,49,66,15,37
1,<environment.Job instance at 0x7fb1a0873050>,1,3,[6 3],3,3,6,0,3
1,<environment.Job instance at 0x7fb15ca798c0>,2,15,[5 6],4,6,21,2,6
1,<environment.Job instance at 0x7fb15ca79280>,8,17,[ 4 10],12,21,38,9,12
1,<environment.Job instance at 0x7fb15c838fa0>,15,17,[3 9],21,38,55,17,26
1,<environment.Job instance at 0x7fb1a6eac370>,22,15,[5 1],31,38,53,7,34
1,<environment.Job instance at 0x7fb15ca793c0>,5,13,[3 9],8,55,68,47,39
1,<environment.Job instance at 0x7fb1a6fdb230>,0,15,[4 5],4,4,19,0,4
1,<environment.Job instance at 0x7fb1a6fdbaf0>,2,13,[6 5],7,7,20,0,7
1,<environment.Job instance at 0x7fb1a6fdb460>,7,3,[3 5],15,19,22,4,15
1,<environment.Job instance at 0x7fb1a6fdbc80>,4,13,[1 8],10,22,35,12,16
1,<environment.Job instance at 0x7fb1a0406910>,12,14,[1 9],23,35,49,12,23
1,<environment.Job instance at 0x7fb15ce1c140>,19,3,[3 8],34,49,52,15,34
1,<environment.Job instance at 0x7fb1a71f5e10>,24,3,[8 5],40,52,55,12,40
1,<environment.Job instance at 0x7fb1a096e0f0>,23,13,[5 5],39,55,68,16,41
1,<environment.Job instance at 0x7fb15c751d20>,26,3,[4 7],42,68,71,26,42
1,<environment.Job instance at 0x7f1a8e069af0>,1,14,[7 5],5,5,19,0,5
1,<environment.Job instance at 0x7f1a8e069b40>,3,22,[2 5],8,8,30,0,8
1,<environment.Job instance at 0x7f1a86c65960>,7,14,[7 5],12,19,33,7,16
1,<environment.Job instance at 0x7f1a86c68050>,14,3,[2 8],23,33,36,10,23
1,<environment.Job instance at 0x7f1a86c68730>,16,1,[ 4 10],27,36,37,9,31
1,<environment.Job instance at 0x7f1a86c68640>,18,15,[5 5],29,37,52,8,31
1,<environment.Job instance at 0x7f1a86c68c80>,23,2,[5 7],35,52,54,17,42
1,<environment.Job instance at 0x7f1a86c68a50>,21,12,[6 2],33,54,66,21,42
1,<environment.Job instance at 0x7f1a86c68dc0>,25,17,[4 6],37,54,71,17,42
1,<environment.Job instance at 0x7f1a86c6b5f0>,0,15,[5 6],2,2,17,0,2
1,<environment.Job instance at 0x7f1a86c6b0a0>,2,13,[1 5],6,17,30,11,6
1,<environment.Job instance at 0x7f1a430585f0>,0,18,[5 4],1,2,20,1,2
1,<environment.Job instance at 0x7f1a42faf230>,7,17,[7 1],14,14,31,0,14
1,<environment.Job instance at 0x7f1a4308ebe0>,12,17,[6 4],26,31,48,5,26
1,<environment.Job instance at 0x7f1a4308e320>,15,16,[4 9],29,48,64,19,42
1,<environment.Job instance at 0x7f1a8dfbb1e0>,1,16,[4 9],4,4,20,0,4
1,<environment.Job instance at 0x7f1a86be5fa0>,7,15,[ 2 10],12,20,35,8,20
1,<environment.Job instance at 0x7f1a86aea140>,17,20,[7 5],24,35,55,11,26
1,<environment.Job instance at 0x7f1a8d9e5be0>,25,16,[10  4],40,55,71,15,46
1,<environment.Job instance at 0x7f1a87103190>,1,3,[5 3],2,2,5,0,2
1,<environment.Job instance at 0x7f1a870f16e0>,8,13,[4 5],13,14,27,1,14
1,<environment.Job instance at 0x7f1a87105780>,10,1,[ 5 10],15,27,28,12,16
1,<environment.Job instance at 0x7f1a87105820>,11,2,[10  4],16,28,30,12,17
1,<environment.Job instance at 0x7f1a87105dc0>,14,14,[8 5],20,33,47,13,33
1,<environment.Job instance at 0x7f1a87105af0>,19,13,[5 9],25,47,60,22,39
1,<environment.Job instance at 0x7f1a87105640>,22,13,[6 3],31,60,73,29,45
1,<environment.Job instance at 0x7f1a86cbd230>,25,14,[3 7],35,60,74,25,49
1,<environment.Job instance at 0x7f1a430af960>,0,15,[4 5],1,1,16,0,1
1,<environment.Job instance at 0x7f1a86cbdbe0>,2,15,[6 5],4,4,19,0,4
1,<environment.Job instance at 0x7f1a43254e10>,9,13,[8 3],12,19,32,7,12
1,<environment.Job instance at 0x7f1a8db089b0>,14,13,[5 6],19,32,45,13,32
1,<environment.Job instance at 0x7f1a4352af50>,13,13,[10  2],18,45,58,27,42
1,<environment.Job instance at 0x7f1a434767d0>,19,16,[7 5],27,58,74,31,45
1,<environment.Job instance at 0x7f1a86ce6780>,0,18,[1 9],1,1,19,0,1
1,<environment.Job instance at 0x7f1a86a34dc0>,7,15,[10  2],11,19,34,8,16
1,<environment.Job instance at 0x7f1a4300a910>,13,15,[4 5],19,34,49,15,21
1,<environment.Job instance at 0x7f1a432b2a50>,21,13,[ 3 10],31,49,62,18,33
1,<environment.Job instance at 0x7f1a432e7b90>,28,17,[7 1],40,62,79,22,50
1,<environment.Job instance at 0x7f1a432e7550>,1,2,[2 7],5,5,7,0,5
1,<environment.Job instance at 0x7f1a86a03190>,3,26,[1 9],9,16,42,7,16
1,<environment.Job instance at 0x7f1a86a03b40>,8,17,[10  5],16,42,59,26,30
1,<environment.Job instance at 0x7f1a8d6a4640>,12,17,[8 2],23,59,76,36,47
1,<environment.Job instance at 0x7f1a86ae95f0>,2,18,[5 6],7,7,25,0,7
1,<environment.Job instance at 0x7f1a86ae90a0>,1,14,[7 4],4,25,39,21,10
1,<environment.Job instance at 0x7f1a8d878aa0>,18,13,[4 6],27,39,52,12,28
1,<environment.Job instance at 0x7f1a4345c910>,21,13,[4 8],33,52,65,19,36
1,<environment.Job instance at 0x7f1a8d88e050>,27,19,[6 1],40,52,71,12,52
1,<environment.Job instance at 0x7f1a4319f910>,34,16,[4 9],53,65,81,12,57
1,<environment.Job instance at 0x7f1a42d39690>,0,16,[1 6],1,1,17,0,1
1,<environment.Job instance at 0x7f1a42e99fa0>,6,1,[4 6],9,17,18,8,10
1,<environment.Job instance at 0x7f1a8df6ebe0>,8,16,[1 6],13,18,34,5,14
1,<environment.Job instance at 0x7f1a86ed9c80>,15,13,[3 7],24,34,47,10,24
1,<environment.Job instance at 0x7f1a4350d4b0>,19,1,[8 5],32,47,48,15,38
1,<environment.Job instance at 0x7f1a43461cd0>,26,13,[ 1 10],42,49,62,7,49
1,<environment.Job instance at 0x7f1a8d638fa0>,1,2,[9 1],2,2,4,0,2
1,<environment.Job instance at 0x7f1a86f334b0>,8,3,[5 1],11,11,14,0,11
1,<environment.Job instance at 0x7f1a8d638640>,3,12,[4 5],4,13,25,9,13
1,<environment.Job instance at 0x7f1a86f33910>,11,13,[8 1],15,25,38,10,15
1,<environment.Job instance at 0x7f1a86f33cd0>,13,12,[7 5],18,38,50,20,21
1,<environment.Job instance at 0x7f1a86f3c460>,19,12,[2 9],25,50,62,25,33
1,<environment.Job instance at 0x7f1a86f3ca50>,27,1,[5 1],38,50,51,12,43
1,<environment.Job instance at 0x7f1a86f33500>,7,15,[3 8],10,62,77,52,48
1,<environment.Job instance at 0x7f1a42d140a0>,5,13,[2 7],7,11,24,4,11
1,<environment.Job instance at 0x7f1a4353acd0>,8,16,[10  1],11,24,40,13,23
1,<environment.Job instance at 0x7f1a4353a550>,17,16,[1 7],23,40,56,17,27
1,<environment.Job instance at 0x7f1a4336e1e0>,21,3,[10  1],29,56,59,27,45
1,<environment.Job instance at 0x7f1a4336ee60>,24,2,[2 6],34,59,61,25,46
1,<environment.Job instance at 0x7f1a8703d5f0>,25,14,[5 4],36,59,73,23,48
1,<environment.Job instance at 0x7f1a8703d4b0>,26,1,[5 2],37,48,49,11,48
1,<environment.Job instance at 0x7f1a8703d910>,28,13,[3 7],39,73,86,34,59
1,<environment.Job instance at 0x7f1a42fc3a00>,1,17,[6 4],2,2,19,0,2
1,<environment.Job instance at 0x7f1a8d934eb0>,16,2,[1 5],21,28,30,7,28
1,<environment.Job instance at 0x7f1a8d934c80>,17,2,[5 2],22,28,30,6,28
1,<environment.Job instance at 0x7f1a8d9345f0>,18,2,[4 7],23,30,32,7,28
1,<environment.Job instance at 0x7f1a8d936500>,25,15,[7 4],36,43,58,7,43
1,<environment.Job instance at 0x7f1a8d936d70>,24,2,[3 9],31,58,60,27,43
1,<environment.Job instance at 0x7f1a8d936aa0>,28,15,[3 9],39,60,75,21,47
1,<environment.Job instance at 0x7f1a86b92cd0>,2,17,[7 4],5,5,22,0,5
1,<environment.Job instance at 0x7f1a432b20a0>,5,12,[6 3],8,22,34,14,12
1,<environment.Job instance at 0x7f1a432b23c0>,10,23,[2 6],18,19,42,1,19
1,<environment.Job instance at 0x7f1a432b2730>,13,2,[6 3],23,34,36,11,29
1,<environment.Job instance at 0x7f1a432b2aa0>,14,17,[6 2],24,36,53,12,29
1,<environment.Job instance at 0x7f1a432b2af0>,15,17,[5 2],25,53,70,28,41
1,<environment.Job instance at 0x7f1a432c0320>,23,1,[1 7],37,45,46,8,45
1,<environment.Job instance at 0x7f1a432c0780>,25,1,[1 8],40,54,55,14,54
1,<environment.Job instance at 0x7f1a432c0730>,26,17,[1 5],41,55,72,14,54
1,<environment.Job instance at 0x7f1a432c0370>,1,3,[6 3],3,3,6,0,3
1,<environment.Job instance at 0x7f1a8d731a00>,2,15,[5 6],4,6,21,2,4
1,<environment.Job instance at 0x7f1a8d7313c0>,5,13,[3 9],8,21,34,13,8
1,<environment.Job instance at 0x7f1a86cfc6e0>,14,2,[8 3],20,34,36,14,24
1,<environment.Job instance at 0x7f1a86cfc0f0>,20,2,[7 5],28,36,38,8,35
1,<environment.Job instance at 0x7f1a86aa1dc0>,21,2,[5 7],30,38,40,8,35
1,<environment.Job instance at 0x7f1a86aa1500>,22,15,[5 1],31,38,53,7,35
1,<environment.Job instance at 0x7f1a86aa1730>,23,12,[9 5],32,53,65,21,36
1,<environment.Job instance at 0x7f1a86aa1370>,29,15,[9 1],39,65,80,26,54
1,<environment.Job instance at 0x7f1a42dfba50>,2,3,[3 5],5,5,8,0,5
1,<environment.Job instance at 0x7f1a8da08780>,5,12,[6 5],11,11,23,0,11
1,<environment.Job instance at 0x7f1a8d92bf00>,11,13,[8 1],20,23,36,3,22
1,<environment.Job instance at 0x7f1a86a4ceb0>,28,1,[9 4],43,58,59,15,58
1,<environment.Job instance at 0x7f1a42d85730>,2,2,[4 9],4,4,6,0,4
1,<environment.Job instance at 0x7f1a86a4ceb0>,3,1,[ 3 10],5,6,7,1,5
1,<environment.Job instance at 0x7f1a870c7410>,16,13,[10  4],28,39,52,11,39
1,<environment.Job instance at 0x7f1a870c7050>,17,20,[3 6],29,52,72,23,43
1,<environment.Job instance at 0x7f1a870afc80>,4,3,[7 3],6,6,9,0,6
1,<environment.Job instance at 0x7f1a8d9bce60>,12,13,[8 2],19,22,35,3,22
1,<environment.Job instance at 0x7f1a8d9bce10>,10,1,[4 7],17,35,36,18,22
1,<environment.Job instance at 0x7f1a8d9bc6e0>,13,13,[3 9],20,36,49,16,22
1,<environment.Job instance at 0x7f1a42dc85a0>,18,12,[5 5],27,49,61,22,42
1,<environment.Job instance at 0x7f1a42dc8aa0>,20,15,[3 6],30,61,76,31,47
1,<environment.Job instance at 0x7f1a8daa03c0>,0,14,[1 7],1,1,15,0,1
1,<environment.Job instance at 0x7f1a42fa5550>,9,20,[6 3],11,11,31,0,11
1,<environment.Job instance at 0x7f1a42fa5f00>,12,2,[5 1],14,31,33,17,14
1,<environment.Job instance at 0x7f1a433f4aa0>,15,14,[1 7],20,21,35,1,21
1,<environment.Job instance at 0x7f1a42fabfa0>,16,12,[7 2],22,33,45,11,22
1,<environment.Job instance at 0x7f1a8daa0c80>,5,2,[2 9],7,45,47,38,25
1,<environment.Job instance at 0x7f1a8d58ae60>,24,13,[10  1],35,47,60,12,37
1,<environment.Job instance at 0x7f1762f156e0>,1,14,[7 5],5,5,19,0,5
1,<environment.Job instance at 0x7f175bb0daf0>,4,13,[3 6],9,19,32,10,14
1,<environment.Job instance at 0x7f175bb0daa0>,5,2,[1 6],10,32,34,22,15
1,<environment.Job instance at 0x7f175bb105a0>,15,2,[5 1],25,25,27,0,25
1,<environment.Job instance at 0x7f175bb106e0>,17,3,[10  3],28,34,37,6,28
1,<environment.Job instance at 0x7f175bb10640>,18,15,[5 5],29,37,52,8,29
1,<environment.Job instance at 0x7f175bb0df00>,10,3,[5 2],17,37,40,20,32
1,<environment.Job instance at 0x7f175bb10870>,19,17,[7 5],31,52,69,21,40
1,<environment.Job instance at 0x7f175bb10c80>,28,26,[9 4],40,69,95,29,66
1,<environment.Job instance at 0x7f175bb13780>,1,13,[4 7],6,6,19,0,6
1,<environment.Job instance at 0x7f1762e61870>,8,1,[6 5],20,20,21,0,20
1,<environment.Job instance at 0x7f1762e61730>,9,12,[5 8],21,21,33,0,21
1,<environment.Job instance at 0x7f1762e61c30>,11,16,[1 9],23,33,49,10,23
1,<environment.Job instance at 0x7f1762e63cd0>,15,28,[5 1],29,29,57,0,29
1,<environment.Job instance at 0x7f1762e610f0>,4,14,[ 2 10],14,57,71,43,44
1,<environment.Job instance at 0x7f1762e64550>,28,1,[5 5],44,49,50,5,48
1,<environment.Job instance at 0x7f175ba4faf0>,29,15,[1 7],45,71,86,26,57
1,<environment.Job instance at 0x7f1717db9dc0>,0,16,[7 5],1,1,17,0,1
1,<environment.Job instance at 0x7f1717db9cd0>,7,3,[2 7],9,17,20,8,9
1,<environment.Job instance at 0x7f1717d5f1e0>,10,12,[8 4],14,20,32,6,14
1,<environment.Job instance at 0x7f1717d5fa50>,21,14,[7 2],27,32,46,5,27
1,<environment.Job instance at 0x7f1717d5ff00>,14,12,[5 6],20,46,58,26,35
1,<environment.Job instance at 0x7f1717eabf00>,1,2,[6 4],3,3,5,0,3
1,<environment.Job instance at 0x7f1717eabc80>,2,17,[5 1],5,5,22,0,5
1,<environment.Job instance at 0x7f17182590f0>,14,22,[4 8],28,28,50,0,28
1,<environment.Job instance at 0x7f171821a2d0>,18,2,[1 5],37,50,52,13,37
1,<environment.Job instance at 0x7f17182cf190>,19,19,[5 3],38,50,69,12,40
1,<environment.Job instance at 0x7f17182cf3c0>,27,2,[4 9],49,69,71,20,50
1,<environment.Job instance at 0x7f1717f835f0>,29,3,[5 5],51,55,58,4,55
1,<environment.Job instance at 0x7f1717f2edc0>,34,15,[3 6],60,71,86,11,60
1,<environment.Job instance at 0x7f1717f2ee10>,1,14,[ 1 10],2,2,16,0,2
1,<environment.Job instance at 0x7f17184be230>,9,15,[5 5],10,16,31,6,10
1,<environment.Job instance at 0x7f17184be500>,12,13,[2 5],13,16,29,3,13
1,<environment.Job instance at 0x7f17184acfa0>,7,2,[10  3],8,31,33,23,15
1,<environment.Job instance at 0x7f17184ace60>,5,19,[ 1 10],6,40,59,34,40
1,<environment.Job instance at 0x7f17184beaf0>,22,16,[6 2],24,59,75,35,46
1,<environment.Job instance at 0x7f17184be9b0>,16,16,[1 8],17,59,75,42,47
1,<environment.Job instance at 0x7f17184d4320>,28,13,[4 5],33,75,88,42,62
1,<environment.Job instance at 0x7f17184cc640>,0,14,[10  5],1,1,15,0,1
1,<environment.Job instance at 0x7f17184cc550>,2,22,[6 4],5,15,37,10,12
1,<environment.Job instance at 0x7f175e078b90>,14,18,[3 8],21,37,55,16,26
1,<environment.Job instance at 0x7f175b92beb0>,19,13,[10  2],28,55,68,27,39
1,<environment.Job instance at 0x7f175c033a00>,24,2,[6 3],35,68,70,33,54
1,<environment.Job instance at 0x7f175c033320>,25,16,[7 5],37,70,86,33,57
1,<environment.Job instance at 0x7f175c033f00>,1,13,[6 5],2,2,15,0,2
1,<environment.Job instance at 0x7f1717fa61e0>,8,2,[6 4],12,15,17,3,12
1,<environment.Job instance at 0x7f1717fc6d70>,6,18,[5 6],8,17,35,9,14
1,<environment.Job instance at 0x7f171802f820>,12,3,[2 6],18,35,38,17,22
1,<environment.Job instance at 0x7f17180fb960>,10,17,[1 6],16,38,55,22,26
1,<environment.Job instance at 0x7f1717fc9280>,14,15,[8 1],20,35,50,15,33
1,<environment.Job instance at 0x7f175bd72b90>,25,2,[1 6],37,55,57,18,41
1,<environment.Job instance at 0x7f175bd727d0>,26,1,[5 8],38,57,58,19,41
1,<environment.Job instance at 0x7f1717fc9cd0>,13,15,[4 5],19,58,73,39,45
1,<environment.Job instance at 0x7f175be8dfa0>,32,20,[6 2],46,60,80,14,60
1,<environment.Job instance at 0x7f175ba4f6e0>,0,3,[5 3],1,1,4,0,1
1,<environment.Job instance at 0x7f175be8de60>,1,26,[3 7],2,4,30,2,4
1,<environment.Job instance at 0x7f1718463690>,16,15,[9 1],25,30,45,5,28
1,<environment.Job instance at 0x7f1718463320>,18,17,[8 2],28,45,62,17,40
1,<environment.Job instance at 0x7f1718473500>,26,14,[1 7],39,49,63,10,49
1,<environment.Job instance at 0x7f17184635f0>,20,17,[6 1],30,62,79,32,50
1,<environment.Job instance at 0x7f1718473be0>,28,14,[5 6],41,79,93,38,64
1,<environment.Job instance at 0x7f175e3a4f00>,0,2,[1 9],1,1,3,0,1
1,<environment.Job instance at 0x7f175e3a44b0>,2,18,[5 8],3,3,21,0,3
1,<environment.Job instance at 0x7f175e3a45f0>,10,1,[ 1 10],14,21,22,7,14
1,<environment.Job instance at 0x7f175e3a4af0>,7,12,[10  5],9,22,34,13,14
1,<environment.Job instance at 0x7f175b8f2dc0>,14,13,[4 8],19,34,47,15,25
1,<environment.Job instance at 0x7f17183b10a0>,22,16,[4 9],33,47,63,14,35
1,<environment.Job instance at 0x7f17183b1af0>,26,16,[1 6],41,63,79,22,53
1,<environment.Job instance at 0x7f1718255d70>,34,16,[1 6],53,79,95,26,68
1,<environment.Job instance at 0x7f175e3a92d0>,36,1,[10  1],57,95,96,38,68
1,<environment.Job instance at 0x7f175e3a9730>,37,1,[3 5],58,96,97,38,68
1,<environment.Job instance at 0x7f175bf29c30>,13,14,[10  2],22,22,36,0,22
1,<environment.Job instance at 0x7f17183e4d70>,9,12,[3 7],15,36,48,21,27
1,<environment.Job instance at 0x7f175b94ce10>,18,3,[5 5],29,48,51,19,35
1,<environment.Job instance at 0x7f175b94cd20>,19,15,[7 1],30,51,66,21,37
1,<environment.Job instance at 0x7f175beba780>,25,14,[1 7],37,52,66,15,52
1,<environment.Job instance at 0x7f175bc32320>,27,15,[3 8],40,66,81,26,53
1,<environment.Job instance at 0x7f175e320500>,0,16,[6 1],1,1,17,0,1
1,<environment.Job instance at 0x7f1718255e60>,16,1,[5 3],21,21,22,0,21
1,<environment.Job instance at 0x7f1718255190>,17,18,[ 4 10],23,23,41,0,23
1,<environment.Job instance at 0x7f1717e51870>,13,15,[2 5],16,41,56,25,27
1,<environment.Job instance at 0x7f171827b9b0>,22,21,[6 1],28,41,62,13,33
1,<environment.Job instance at 0x7f1717da6050>,29,26,[4 9],38,56,82,18,53
1,<environment.Job instance at 0x7f1718209230>,2,15,[5 2],4,4,19,0,4
1,<environment.Job instance at 0x7f1718202e60>,4,12,[5 5],6,7,19,1,7
1,<environment.Job instance at 0x7f17181e9050>,9,17,[6 4],12,19,36,7,12
1,<environment.Job instance at 0x7f17181e97d0>,17,15,[10  2],22,36,51,14,35
1,<environment.Job instance at 0x7f17181e9640>,23,18,[2 8],30,51,69,21,51
1,<environment.Job instance at 0x7f17181e9d70>,26,2,[4 7],33,69,71,36,51
1,<environment.Job instance at 0x7f17181f60a0>,30,15,[ 3 10],37,71,86,34,61
1,<environment.Job instance at 0x7f17181f63c0>,2,17,[7 4],5,6,23,1,6
1,<environment.Job instance at 0x7f175e4a56e0>,7,1,[2 7],14,23,24,9,14
1,<environment.Job instance at 0x7f175e4a5730>,9,16,[ 5 10],16,24,40,8,19
1,<environment.Job instance at 0x7f1718174190>,13,2,[6 3],23,40,42,17,25
1,<environment.Job instance at 0x7f1718174f50>,11,14,[2 8],19,42,56,23,28
1,<environment.Job instance at 0x7f1718174730>,14,17,[6 2],24,42,59,18,37
1,<environment.Job instance at 0x7f1718174780>,12,18,[10  1],21,59,77,38,48
1,<environment.Job instance at 0x7f175b9e63c0>,28,17,[5 3],44,77,94,33,68
1,<environment.Job instance at 0x7f17180155f0>,2,3,[3 7],3,3,6,0,3
1,<environment.Job instance at 0x7f17181e9320>,3,23,[6 2],6,6,29,0,6
1,<environment.Job instance at 0x7f175bcc6230>,7,2,[8 3],10,29,31,19,10
1,<environment.Job instance at 0x7f175e5fb550>,11,2,[10  1],16,31,33,15,18
1,<environment.Job instance at 0x7f175bbf7460>,17,2,[1 7],23,23,25,0,23
1,<environment.Job instance at 0x7f175ba9bfa0>,18,12,[5 2],24,33,45,9,24
1,<environment.Job instance at 0x7f175beca460>,10,16,[5 8],14,33,49,19,26
1,<environment.Job instance at 0x7f175e55de60>,12,13,[3 7],17,49,62,32,34
1,<environment.Job instance at 0x7f175e5085f0>,34,2,[7 4],46,62,64,16,58
1,<environment.Job instance at 0x7f1717d73690>,26,15,[5 5],34,64,79,30,61
1,<environment.Job instance at 0x7f175e508690>,37,13,[1 8],50,79,92,29,65
1,<environment.Job instance at 0x7f1717bfa370>,0,12,[10  1],1,1,13,0,1
1,<environment.Job instance at 0x7f175e071e60>,21,2,[5 7],30,34,36,4,34
1,<environment.Job instance at 0x7f175e066190>,22,12,[10  4],31,36,48,5,34
1,<environment.Job instance at 0x7f175e066500>,24,1,[5 5],35,48,49,13,35
1,<environment.Job instance at 0x7f175e071d70>,18,12,[8 3],25,49,61,24,36
1,<environment.Job instance at 0x7f175e066690>,25,1,[5 9],37,61,62,24,37
1,<environment.Job instance at 0x7f175e066e10>,1,13,[ 4 10],2,2,15,0,2
1,<environment.Job instance at 0x7f175e066f50>,3,1,[ 4 10],5,15,16,10,5
1,<environment.Job instance at 0x7f175b8e55a0>,7,18,[1 7],10,16,34,6,10
1,<environment.Job instance at 0x7f175b8e5280>,14,15,[2 5],24,34,49,10,24
1,<environment.Job instance at 0x7f175e83fdc0>,20,12,[7 4],30,39,51,9,39
1,<environment.Job instance at 0x7f175e83f7d0>,24,13,[ 4 10],34,51,64,17,40
1,<environment.Job instance at 0x7f175b8e5f00>,18,18,[9 4],28,64,82,36,54
1,<environment.Job instance at 0x7f17184131e0>,0,3,[3 8],1,1,4,0,1
1,<environment.Job instance at 0x7f175e7de3c0>,3,12,[6 3],5,6,18,1,6
1,<environment.Job instance at 0x7f175e7de460>,10,28,[7 1],14,18,46,4,17
1,<environment.Job instance at 0x7f17181936e0>,11,14,[1 7],21,34,48,13,34
1,<environment.Job instance at 0x7f17181938c0>,15,16,[7 2],26,46,62,20,40
1,<environment.Job instance at 0x7f175e16f910>,29,13,[9 1],48,62,75,14,48
1,<environment.Job instance at 0x7f175bb13320>,0,17,[5 8],1,1,18,0,1
1,<environment.Job instance at 0x7f1717f31690>,7,13,[4 7],13,18,31,5,13
1,<environment.Job instance at 0x7f171800ec80>,3,12,[4 5],4,31,43,27,19
1,<environment.Job instance at 0x7f175e1200f0>,22,15,[8 3],32,43,58,11,34
1,<environment.Job instance at 0x7f17181d83c0>,29,17,[ 2 10],44,58,75,14,47
1,<environment.Job instance at 0x7f1718209820>,34,12,[9 3],52,75,87,23,60
1,<environment.Job instance at 0x7f1717c1dd20>,3,25,[4 6],6,6,31,0,6
1,<environment.Job instance at 0x7f1717c1d910>,1,14,[9 1],3,31,45,28,18
1,<environment.Job instance at 0x7f1717c1deb0>,9,2,[1 9],16,31,33,15,21
1,<environment.Job instance at 0x7f1718238c30>,16,12,[5 3],29,45,57,16,29
1,<environment.Job instance at 0x7f1718238f00>,17,16,[5 5],30,45,61,15,33
1,<environment.Job instance at 0x7f1718238500>,14,14,[4 7],26,61,75,35,53
1,<environment.Job instance at 0x7f175ba07c30>,26,3,[9 5],43,75,78,32,53
1,<environment.Job instance at 0x7f17183870f0>,0,16,[7 5],1,1,17,0,1
1,<environment.Job instance at 0x7f1717d1cbe0>,4,17,[2 7],8,17,34,9,9
1,<environment.Job instance at 0x7f1717ec9640>,14,19,[4 5],21,34,53,13,27
1,<environment.Job instance at 0x7f175e12e5f0>,19,12,[3 5],27,42,54,15,42
1,<environment.Job instance at 0x7f175e080960>,20,17,[10  4],28,54,71,26,43
1,<environment.Job instance at 0x7f1717eb41e0>,29,18,[1 8],41,71,89,30,61
1,<environment.Job instance at 0x7f1717fe9820>,24,25,[9 1],32,71,96,39,68
1,<environment.Job instance at 0x7f83a2d35280>,1,14,[7 5],5,5,19,0,5
1,<environment.Job instance at 0x7f839b92a960>,7,14,[7 5],12,19,33,7,12
1,<environment.Job instance at 0x7f839b92d1e0>,14,3,[2 8],23,33,36,10,23
1,<environment.Job instance at 0x7f839b92d460>,15,2,[5 1],25,33,35,8,25
1,<environment.Job instance at 0x7f839b92d2d0>,12,18,[5 9],21,36,54,15,25
1,<environment.Job instance at 0x7f839b92db40>,21,12,[6 2],33,54,66,21,39
1,<environment.Job instance at 0x7f839b92da00>,19,17,[7 5],31,66,83,35,59
1,<environment.Job instance at 0x7f839b930730>,31,3,[4 5],44,63,66,19,63
1,<environment.Job instance at 0x7f839b9305a0>,32,3,[1 9],45,83,86,38,64
1,<environment.Job instance at 0x7f839b930c80>,37,12,[10  5],54,86,98,32,78
1,<environment.Job instance at 0x7f839b930d70>,1,14,[ 2 10],4,4,18,0,4
1,<environment.Job instance at 0x7f83a2d644b0>,8,16,[1 9],13,18,34,5,13
1,<environment.Job instance at 0x7f83a2d64820>,12,28,[5 1],19,19,47,0,19
1,<environment.Job instance at 0x7f83a2d64410>,15,2,[1 7],22,34,36,12,23
1,<environment.Job instance at 0x7f83a2d64230>,10,13,[4 8],16,36,49,20,32
1,<environment.Job instance at 0x7f83a2eb4c80>,28,18,[7 1],37,49,67,12,43
1,<environment.Job instance at 0x7f83a2ea9a00>,29,16,[4 9],38,67,83,29,54
1,<environment.Job instance at 0x7f83a2d63960>,36,15,[5 6],46,83,98,37,70
1,<environment.Job instance at 0x7f8357c4de10>,0,3,[1 6],1,1,4,0,1
1,<environment.Job instance at 0x7f8357c4d780>,3,1,[6 1],4,4,5,0,4
1,<environment.Job instance at 0x7f8357c4de60>,5,2,[1 6],6,6,8,0,6
1,<environment.Job instance at 0x7f8357c4d500>,6,14,[7 2],7,7,21,0,7
1,<environment.Job instance at 0x7f83a2d63af0>,8,16,[6 4],10,21,37,11,10
1,<environment.Job instance at 0x7f8357d1f3c0>,20,13,[3 8],28,37,50,9,28
1,<environment.Job instance at 0x7f8357d1fdc0>,25,3,[4 8],41,50,53,9,41
1,<environment.Job instance at 0x7f8357d1faf0>,26,2,[7 1],43,43,45,0,43
1,<environment.Job instance at 0x7f8357d05cd0>,43,1,[4 5],74,74,75,0,74
1,<environment.Job instance at 0x7f8357cd33c0>,37,12,[5 4],61,75,87,14,75
1,<environment.Job instance at 0x7f8357d1f230>,0,2,[5 8],3,3,5,0,3
1,<environment.Job instance at 0x7f8357cd33c0>,2,14,[7 3],6,6,20,0,6
1,<environment.Job instance at 0x7f8357fcdf50>,7,15,[ 2 10],12,20,35,8,18
1,<environment.Job instance at 0x7f83580dccd0>,19,15,[3 6],30,35,50,5,33
1,<environment.Job instance at 0x7f83580dc870>,23,14,[8 2],37,50,64,13,37
1,<environment.Job instance at 0x7f83580dce60>,22,2,[7 3],35,64,66,29,49
1,<environment.Job instance at 0x7f83580dc2d0>,29,14,[5 9],44,66,80,22,54
1,<environment.Job instance at 0x7f8357de2d70>,34,20,[ 2 10],49,80,100,31,72
1,<environment.Job instance at 0x7f8357fcc370>,0,19,[1 5],1,1,20,0,1
1,<environment.Job instance at 0x7f835802be60>,6,3,[6 2],10,10,13,0,10
1,<environment.Job instance at 0x7f835802be10>,11,14,[4 5],16,19,33,3,19
1,<environment.Job instance at 0x7f8358028500>,13,15,[ 4 10],20,33,48,13,25
1,<environment.Job instance at 0x7f8358028d20>,22,22,[6 4],35,48,70,13,41
1,<environment.Job instance at 0x7f8358014550>,28,15,[6 5],44,70,85,26,59
1,<environment.Job instance at 0x7f8358014e60>,36,1,[5 5],54,85,86,31,68
1,<environment.Job instance at 0x7f8357f25870>,2,13,[4 8],5,5,18,0,5
1,<environment.Job instance at 0x7f8357f250a0>,5,18,[1 7],8,18,36,10,8
1,<environment.Job instance at 0x7f8357f252d0>,13,18,[2 5],18,36,54,18,25
1,<environment.Job instance at 0x7f8357f25690>,14,14,[8 2],19,26,40,7,26
1,<environment.Job instance at 0x7f8357f25910>,11,14,[7 1],15,41,55,26,41
1,<environment.Job instance at 0x7f839be46be0>,23,15,[10  2],31,55,70,24,44
1,<environment.Job instance at 0x7f839be46d20>,29,15,[4 5],39,70,85,31,61
1,<environment.Job instance at 0x7f839be46190>,25,24,[6 5],35,70,94,35,66
1,<environment.Job instance at 0x7f839e22c960>,0,14,[1 9],1,1,15,0,1
1,<environment.Job instance at 0x7f8358116a50>,6,18,[2 9],14,15,33,1,14
1,<environment.Job instance at 0x7f8357ef74b0>,12,17,[8 2],23,33,50,10,24
1,<environment.Job instance at 0x7f8357d96780>,23,3,[2 8],39,47,50,8,47
1,<environment.Job instance at 0x7f8357d964b0>,24,17,[6 1],40,50,67,10,47
1,<environment.Job instance at 0x7f839b75cc80>,20,15,[9 1],35,67,82,32,55
1,<environment.Job instance at 0x7f839b769af0>,30,14,[1 7],49,65,79,16,65
1,<environment.Job instance at 0x7f839b7ac690>,11,13,[6 1],20,82,95,62,66
1,<environment.Job instance at 0x7f839b769280>,2,18,[5 8],3,3,21,0,3
1,<environment.Job instance at 0x7f835826efa0>,4,15,[9 2],5,21,36,16,20
1,<environment.Job instance at 0x7f839b6e5730>,5,25,[10  2],6,36,61,30,33
1,<environment.Job instance at 0x7f839bd10550>,6,13,[4 6],7,61,74,54,50
1,<environment.Job instance at 0x7f839df73d70>,26,16,[1 6],41,74,90,33,69
1,<environment.Job instance at 0x7f839df73730>,31,14,[2 5],48,90,104,42,75
1,<environment.Job instance at 0x7f839df73730>,1,12,[3 7],5,5,17,0,5
1,<environment.Job instance at 0x7f839e3ea050>,7,16,[10  5],16,17,33,1,16
1,<environment.Job instance at 0x7f839e3ead70>,8,17,[9 2],17,33,50,16,24
1,<environment.Job instance at 0x7f8357bbbb40>,23,13,[8 1],35,50,63,15,38
1,<environment.Job instance at 0x7f839e3f33c0>,26,14,[7 3],39,63,77,24,49
1,<environment.Job instance at 0x7f839e3f3730>,34,16,[8 1],49,77,93,28,65
1,<environment.Job instance at 0x7f839b76a5f0>,1,18,[ 4 10],3,4,22,1,4
1,<environment.Job instance at 0x7f839e1b5140>,12,13,[ 2 10],17,22,35,5,17
1,<environment.Job instance at 0x7f839b80a050>,17,16,[1 7],23,35,51,12,27
1,<environment.Job instance at 0x7f839b70b7d0>,19,17,[7 5],26,51,68,25,43
1,<environment.Job instance at 0x7f83581daf50>,25,14,[5 4],36,68,82,32,53
1,<environment.Job instance at 0x7f8357a1afa0>,31,2,[9 4],43,82,84,39,60
1,<environment.Job instance at 0x7f8357a1a0a0>,32,12,[2 6],45,68,80,23,60
1,<environment.Job instance at 0x7f839b75eb90>,34,18,[10  5],49,84,102,35,73
1,<environment.Job instance at 0x7f835800cfa0>,0,2,[1 5],1,1,3,0,1
1,<environment.Job instance at 0x7f839bd46b90>,3,12,[6 4],4,4,16,0,4
1,<environment.Job instance at 0x7f8357f7fc80>,7,17,[2 7],10,16,33,6,10
1,<environment.Job instance at 0x7f839b758e60>,28,2,[10  1],40,46,48,6,46
1,<environment.Job instance at 0x7f835826fe10>,22,15,[6 1],32,67,82,35,67
1,<environment.Job instance at 0x7f839bd18d20>,31,17,[7 4],45,82,99,37,76
1,<environment.Job instance at 0x7f839ba2dd20>,0,17,[1 5],1,1,18,0,1
1,<environment.Job instance at 0x7f8357b12f50>,5,2,[1 6],10,18,20,8,10
1,<environment.Job instance at 0x7f8357b19280>,7,23,[1 6],13,20,43,7,15
1,<environment.Job instance at 0x7f8357b19a00>,15,13,[3 9],28,43,56,15,30
1,<environment.Job instance at 0x7f8357b19dc0>,21,1,[8 2],37,64,65,27,64
1,<environment.Job instance at 0x7f8357b19eb0>,22,15,[10  1],38,65,80,27,65
1,<environment.Job instance at 0x7f8357b0b0f0>,25,17,[3 9],41,80,97,39,77
1,<environment.Job instance at 0x7f839bce8550>,5,12,[6 5],11,11,23,0,11
1,<environment.Job instance at 0x7f839dfbd370>,14,3,[3 8],24,24,27,0,24
1,<environment.Job instance at 0x7f839dfbd7d0>,20,2,[4 5],31,43,45,12,43
1,<environment.Job instance at 0x7f839e455960>,28,1,[9 4],43,45,46,2,43
1,<environment.Job instance at 0x7f839b87e7d0>,29,3,[5 4],44,46,49,2,44
1,<environment.Job instance at 0x7f839b87eaf0>,30,12,[8 3],45,49,61,4,45
1,<environment.Job instance at 0x7f839e074320>,25,2,[6 3],39,61,63,22,46
1,<environment.Job instance at 0x7f839b87ef50>,31,17,[8 2],48,63,80,15,55
1,<environment.Job instance at 0x7f8357bcef50>,39,2,[10  3],62,80,82,18,63
1,<environment.Job instance at 0x7f8357bcefa0>,41,2,[4 9],64,82,84,18,64
1,<environment.Job instance at 0x7f8357bcec80>,42,1,[ 3 10],65,84,85,19,66
1,<environment.Job instance at 0x7f839df20be0>,44,2,[4 8],67,85,87,18,67
1,<environment.Job instance at 0x7f839df20f00>,45,18,[2 8],69,87,105,18,76
1,<environment.Job instance at 0x7f8358072910>,1,13,[8 5],2,2,15,0,2
1,<environment.Job instance at 0x7f8357b4bc80>,7,13,[ 4 10],12,15,28,3,12
1,<environment.Job instance at 0x7f8357b4b730>,13,18,[1 7],20,28,46,8,23
1,<environment.Job instance at 0x7f8357b4b820>,17,17,[2 8],27,46,63,19,36
1,<environment.Job instance at 0x7f8357b4b190>,14,14,[1 7],21,63,77,42,49
1,<environment.Job instance at 0x7f839df87050>,23,12,[6 5],37,77,89,40,61
1,<environment.Job instance at 0x7f83a2c61370>,0,3,[3 8],1,1,4,0,1
1,<environment.Job instance at 0x7f839ba82eb0>,4,2,[8 3],8,8,10,0,8
1,<environment.Job instance at 0x7f839ba78050>,5,13,[2 7],9,9,22,0,9
1,<environment.Job instance at 0x7f839ba782d0>,9,17,[ 3 10],13,22,39,9,16
1,<environment.Job instance at 0x7f839ba78cd0>,17,26,[8 5],28,42,68,14,42
1,<environment.Job instance at 0x7f839ba6fd70>,33,18,[10  2],52,68,86,16,62
1,<environment.Job instance at 0x7f839ba652d0>,36,16,[6 3],57,86,102,29,76
1,<environment.Job instance at 0x7f839ba8ecd0>,0,26,[6 3],1,2,28,1,2
1,<environment.Job instance at 0x7f839bce7910>,9,25,[7 5],11,28,53,17,24
1,<environment.Job instance at 0x7f8357b4bd70>,30,18,[2 5],43,43,61,0,43
1,<environment.Job instance at 0x7f8357b4b140>,26,15,[7 4],39,53,68,14,45
1,<environment.Job instance at 0x7f83582aa910>,31,18,[ 2 10],44,68,86,24,58
1,<environment.Job instance at 0x7f8357b4b960>,28,15,[ 1 10],41,86,101,45,78
1,<environment.Job instance at 0x7f8357fcc0f0>,1,16,[5 4],3,3,19,0,3
1,<environment.Job instance at 0x7f835817b780>,11,15,[4 5],17,17,32,0,17
1,<environment.Job instance at 0x7f839b6f0a50>,13,23,[8 3],21,34,57,13,34
1,<environment.Job instance at 0x7f839e456280>,26,2,[3 5],39,57,59,18,39
1,<environment.Job instance at 0x7f839b89d910>,28,12,[4 6],42,59,71,17,48
1,<environment.Job instance at 0x7f8357fc7be0>,35,16,[7 5],51,71,87,20,58
1,<environment.Job instance at 0x7f8357da0870>,4,15,[5 8],9,9,24,0,9
1,<environment.Job instance at 0x7f8357da07d0>,7,2,[4 5],13,24,26,11,14
1,<environment.Job instance at 0x7f8357c79640>,14,13,[ 5 10],22,26,39,4,22
1,<environment.Job instance at 0x7f8357c93690>,17,17,[5 3],26,39,56,13,27
1,<environment.Job instance at 0x7f8357c8ea00>,19,17,[3 6],30,39,56,9,30
1,<environment.Job instance at 0x7f839e27f370>,26,18,[2 8],39,56,74,17,46
1,<environment.Job instance at 0x7f839e3522d0>,12,28,[8 2],20,69,97,49,69
1,<environment.Job instance at 0x7f839e429780>,2,16,[4 6],4,4,20,0,4
1,<environment.Job instance at 0x7f8357de4b40>,15,2,[3 5],21,21,23,0,21
1,<environment.Job instance at 0x7f8357de4f00>,17,2,[1 9],23,23,25,0,23
1,<environment.Job instance at 0x7f8357de4eb0>,18,25,[3 8],24,25,50,1,24
1,<environment.Job instance at 0x7f8357de4320>,19,17,[7 1],25,49,66,24,49
1,<environment.Job instance at 0x7f839e024f50>,36,18,[10  3],54,66,84,12,55
1,<environment.Job instance at 0x7f839e024e10>,39,3,[2 8],58,84,87,26,64
1,<environment.Job instance at 0x7f839e0240f0>,42,15,[2 9],62,87,102,25,73
1,<environment.Job instance at 0x7f839e024320>,46,2,[6 4],67,102,104,35,75
1,<environment.Job instance at 0x7f839e3bbe60>,0,12,[5 5],1,1,13,0,1
1,<environment.Job instance at 0x7f839bceafa0>,4,3,[7 1],8,13,16,5,8
1,<environment.Job instance at 0x7f839b7d14b0>,7,17,[1 7],13,13,30,0,13
1,<environment.Job instance at 0x7f839b7d1d20>,17,16,[9 5],30,32,48,2,32
1,<environment.Job instance at 0x7f839e49f140>,19,17,[7 4],33,48,65,15,36
1,<environment.Job instance at 0x7f839b98e550>,27,14,[4 9],51,65,79,14,52
1,<environment.Job instance at 0x7f83582cc9b0>,33,16,[3 7],60,79,95,19,74
1,<environment.Job instance at 0x7ff5a54ddc30>,1,14,[7 5],5,5,19,0,5
1,<environment.Job instance at 0x7ff59e0d0410>,7,14,[7 5],12,19,33,7,14
1,<environment.Job instance at 0x7ff59e0d0730>,10,3,[5 2],17,33,36,16,19
1,<environment.Job instance at 0x7ff59e0d0960>,11,23,[6 4],20,36,59,16,30
1,<environment.Job instance at 0x7ff59e0d25f0>,22,20,[4 6],34,43,63,9,43
1,<environment.Job instance at 0x7ff59e0d2460>,25,17,[4 6],37,63,80,26,51
1,<environment.Job instance at 0x7ff59e0d23c0>,20,17,[9 3],32,80,97,48,68
1,<environment.Job instance at 0x7ff59e0d62d0>,36,18,[9 4],52,97,115,45,86
1,<environment.Job instance at 0x7ff5a5651cd0>,0,12,[5 8],1,1,13,0,1
1,<environment.Job instance at 0x7ff5a5657640>,3,14,[6 4],4,13,27,9,4
1,<environment.Job instance at 0x7ff5a5656500>,5,14,[4 9],8,27,41,19,17
1,<environment.Job instance at 0x7ff5a564a050>,15,1,[1 8],20,41,42,21,25
1,<environment.Job instance at 0x7ff5a564db40>,14,19,[10  3],18,42,61,24,32
1,<environment.Job instance at 0x7ff5a550a2d0>,27,12,[5 5],32,61,73,29,55
1,<environment.Job instance at 0x7ff5a550a8c0>,29,15,[ 2 10],35,73,88,38,59
1,<environment.Job instance at 0x7ff5a5509e10>,35,14,[8 4],44,88,102,44,73
1,<environment.Job instance at 0x7ff55a3f4b40>,17,2,[6 4],33,33,35,0,33
1,<environment.Job instance at 0x7ff55a3f4af0>,12,17,[6 4],26,35,52,9,33
1,<environment.Job instance at 0x7ff5a5649640>,5,13,[3 8],8,52,65,44,41
1,<environment.Job instance at 0x7ff55a4a08c0>,28,1,[4 5],54,65,66,11,55
1,<environment.Job instance at 0x7ff55a3f47d0>,15,16,[4 9],29,66,82,37,58
1,<environment.Job instance at 0x7ff55a4c7410>,34,2,[1 5],67,82,84,15,67
1,<environment.Job instance at 0x7ff55a4c7a00>,33,14,[7 3],66,82,96,16,67
1,<environment.Job instance at 0x7ff55a3ca4b0>,0,13,[5 5],2,2,15,0,2
1,<environment.Job instance at 0x7ff55a3ab1e0>,5,16,[10  4],10,15,31,5,10
1,<environment.Job instance at 0x7ff55a851c30>,11,19,[ 1 10],16,31,50,15,22
1,<environment.Job instance at 0x7ff55a580320>,20,16,[5 6],25,50,66,25,37
1,<environment.Job instance at 0x7ff55a9fc5f0>,22,16,[1 8],27,66,82,39,53
1,<environment.Job instance at 0x7ff55a3abf50>,9,14,[5 9],14,82,96,68,68
1,<environment.Job instance at 0x7ff55a580fa0>,15,15,[5 5],20,96,111,76,88
1,<environment.Job instance at 0x7ff55a31adc0>,0,15,[4 5],1,1,16,0,1
1,<environment.Job instance at 0x7ff55aa7afa0>,5,16,[6 3],8,8,24,0,8
1,<environment.Job instance at 0x7ff55aa7ae60>,7,13,[5 9],10,24,37,14,12
1,<environment.Job instance at 0x7ff55aa70410>,14,13,[5 6],19,37,50,18,22
1,<environment.Job instance at 0x7ff55aa70be0>,19,16,[7 5],27,50,66,23,41
1,<environment.Job instance at 0x7ff55aa70dc0>,23,13,[8 4],31,66,79,35,51
1,<environment.Job instance at 0x7ff55aa70fa0>,24,1,[6 4],33,79,80,46,51
1,<environment.Job instance at 0x7ff55aa95230>,29,12,[8 3],38,80,92,42,63
1,<environment.Job instance at 0x7ff55a54d460>,0,13,[ 3 10],1,1,14,0,1
1,<environment.Job instance at 0x7ff59e9d3820>,10,13,[2 5],13,14,27,1,13
1,<environment.Job instance at 0x7ff59e39a0f0>,9,3,[5 2],12,15,18,3,15
1,<environment.Job instance at 0x7ff59e9d3d70>,11,20,[6 2],16,18,38,2,16
1,<environment.Job instance at 0x7ff59e9d3460>,14,16,[5 4],19,38,54,19,25
1,<environment.Job instance at 0x7ff55a6f0050>,24,3,[5 3],41,41,44,0,41
1,<environment.Job instance at 0x7ff59e39a3c0>,8,21,[4 9],11,54,75,43,53
1,<environment.Job instance at 0x7ff59e507320>,17,16,[5 2],25,75,91,50,67
1,<environment.Job instance at 0x7ff55a7b3140>,31,13,[6 1],50,91,104,41,77
1,<environment.Job instance at 0x7ff55a7b3140>,2,18,[5 6],7,7,25,0,7
1,<environment.Job instance at 0x7ff59e289640>,7,3,[4 6],15,25,28,10,15
1,<environment.Job instance at 0x7ff59e2c0230>,8,1,[4 9],16,28,29,12,16
1,<environment.Job instance at 0x7ff55a699140>,12,2,[1 9],21,29,31,8,21
1,<environment.Job instance at 0x7ff59e252e60>,13,1,[5 1],22,24,25,2,24
1,<environment.Job instance at 0x7ff59e252b40>,15,2,[1 6],24,31,33,7,26
1,<environment.Job instance at 0x7ff59e2528c0>,14,18,[5 8],23,33,51,10,26
1,<environment.Job instance at 0x7ff59e16cc30>,19,12,[10  5],29,51,63,22,36
1,<environment.Job instance at 0x7ff59e5e1190>,1,14,[7 4],4,63,77,59,49
1,<environment.Job instance at 0x7ff59e4b8410>,21,13,[4 8],33,77,90,44,66
1,<environment.Job instance at 0x7ff59eb665a0>,35,14,[3 7],57,90,104,33,78
1,<environment.Job instance at 0x7ff55a294820>,15,16,[10  5],26,26,42,0,26
1,<environment.Job instance at 0x7ff59e02c370>,17,16,[ 4 10],28,42,58,14,38
1,<environment.Job instance at 0x7ff55a23f190>,24,2,[ 3 10],35,58,60,23,49
1,<environment.Job instance at 0x7ff55a23f870>,25,14,[1 7],37,60,74,23,49
1,<environment.Job instance at 0x7ff55a23f730>,27,15,[3 8],40,74,89,34,60
1,<environment.Job instance at 0x7ff55a262af0>,32,3,[ 2 10],46,89,92,43,64
1,<environment.Job instance at 0x7ff55a262a50>,34,14,[7 3],49,92,106,43,77
1,<environment.Job instance at 0x7ff59e7c01e0>,3,13,[1 6],5,5,18,0,5
1,<environment.Job instance at 0x7ff55a69f190>,8,16,[10  1],11,18,34,7,12
1,<environment.Job instance at 0x7ff55a69fdc0>,15,18,[9 3],21,34,52,13,24
1,<environment.Job instance at 0x7ff55a84c9b0>,17,16,[1 7],23,42,58,19,42
1,<environment.Job instance at 0x7ff55a69fb90>,9,12,[ 4 10],12,58,70,46,51
1,<environment.Job instance at 0x7ff55a84c500>,28,13,[3 7],39,70,83,31,55
1,<environment.Job instance at 0x7ff55aa46dc0>,31,2,[9 4],43,83,85,40,70
1,<environment.Job instance at 0x7ff55aa46e60>,33,1,[10  1],48,85,86,37,70
1,<environment.Job instance at 0x7ff55a84caa0>,22,17,[2 6],30,86,103,56,77
1,<environment.Job instance at 0x7ff59e3a7690>,37,15,[5 2],54,86,101,32,79
1,<environment.Job instance at 0x7ff55a8a01e0>,0,2,[3 9],1,1,3,0,1
1,<environment.Job instance at 0x7ff55a8a0050>,1,15,[7 4],6,7,22,1,7
1,<environment.Job instance at 0x7ff55a8a0190>,4,15,[3 9],9,22,37,13,9
1,<environment.Job instance at 0x7ff59e731aa0>,23,17,[7 4],35,37,54,2,37
1,<environment.Job instance at 0x7ff59e1f5af0>,24,12,[8 4],36,54,66,18,43
1,<environment.Job instance at 0x7ff59ed8ed20>,32,14,[2 8],49,66,80,17,54
1,<environment.Job instance at 0x7ff59ea18690>,22,16,[9 2],32,80,96,48,68
1,<environment.Job instance at 0x7ff55a7e70f0>,41,13,[3 9],64,96,109,32,83
1,<environment.Job instance at 0x7ff55a266b90>,6,1,[5 5],9,9,10,0,9
1,<environment.Job instance at 0x7ff59df19140>,7,1,[10  4],11,11,12,0,11
1,<environment.Job instance at 0x7ff59e439690>,8,17,[ 4 10],12,12,29,0,12
1,<environment.Job instance at 0x7ff59ebd8e10>,15,17,[3 9],21,29,46,8,22
1,<environment.Job instance at 0x7ff59e3140f0>,22,15,[5 1],31,34,49,3,34
1,<environment.Job instance at 0x7ff59ebd8af0>,17,16,[5 8],24,46,62,22,46
1,<environment.Job instance at 0x7ff55a7ca190>,19,13,[3 7],27,62,75,35,52
1,<environment.Job instance at 0x7ff55a916960>,32,1,[7 2],43,62,63,19,54
1,<environment.Job instance at 0x7ff55a916a00>,31,14,[ 3 10],41,75,89,34,60
1,<environment.Job instance at 0x7ff59e1f5370>,38,16,[8 4],49,89,105,40,77
1,<environment.Job instance at 0x7ff55a1b3be0>,2,12,[9 3],3,3,15,0,3
1,<environment.Job instance at 0x7ff59e22a5a0>,4,15,[5 6],8,15,30,7,8
1,<environment.Job instance at 0x7ff59e22acd0>,11,17,[8 2],18,30,47,12,30
1,<environment.Job instance at 0x7ff59e230f50>,29,3,[10  1],46,47,50,1,47
1,<environment.Job instance at 0x7ff59e232370>,31,3,[2 7],51,51,54,0,51
1,<environment.Job instance at 0x7ff59e232640>,33,26,[2 7],54,56,82,2,56
1,<environment.Job instance at 0x7ff59e232d20>,40,1,[ 4 10],65,82,83,17,68
1,<environment.Job instance at 0x7ff59e232c30>,41,13,[ 3 10],66,83,96,17,68
1,<environment.Job instance at 0x7ff59e2304b0>,18,1,[9 4],30,96,97,66,68
1,<environment.Job instance at 0x7ff59e22f820>,47,16,[1 6],75,96,112,21,85
1,<environment.Job instance at 0x7ff59ed47690>,2,1,[5 2],3,3,4,0,3
1,<environment.Job instance at 0x7ff59ed47370>,3,13,[ 4 10],4,4,17,0,4
1,<environment.Job instance at 0x7ff59e6f8730>,11,15,[2 9],18,18,33,0,18
1,<environment.Job instance at 0x7ff59e6f8fa0>,13,13,[3 9],20,33,46,13,20
1,<environment.Job instance at 0x7ff59e6f8320>,18,12,[5 5],27,46,58,19,38
1,<environment.Job instance at 0x7ff55a21ebe0>,7,18,[8 5],10,58,76,48,47
1,<environment.Job instance at 0x7ff59e6f8640>,25,18,[5 9],35,76,94,41,65
1,<environment.Job instance at 0x7ff55a880410>,30,15,[5 1],40,82,97,42,82
1,<environment.Job instance at 0x7ff55a880550>,32,12,[1 8],42,94,106,52,83
1,<environment.Job instance at 0x7ff55a880190>,1,18,[10  2],2,2,20,0,2
1,<environment.Job instance at 0x7ff55a249eb0>,5,15,[9 4],9,20,35,11,11
1,<environment.Job instance at 0x7ff59e575320>,18,12,[4 5],24,35,47,11,24
1,<environment.Job instance at 0x7ff59e5754b0>,22,13,[4 7],33,47,60,14,33
1,<environment.Job instance at 0x7ff59e575a00>,20,26,[6 3],31,43,69,12,43
1,<environment.Job instance at 0x7ff55a3f95f0>,36,13,[9 4],51,69,82,18,53
1,<environment.Job instance at 0x7ff59df93b90>,43,2,[5 5],63,82,84,19,67
1,<environment.Job instance at 0x7ff59df93a50>,44,17,[ 2 10],64,84,101,20,72
1,<environment.Job instance at 0x7ff59df93870>,49,12,[9 3],72,101,113,29,84
1,<environment.Job instance at 0x7ff55a8b70a0>,7,18,[2 9],13,14,32,1,14
1,<environment.Job instance at 0x7ff59e1efd20>,1,14,[9 1],3,32,46,29,26
1,<environment.Job instance at 0x7ff55a8b72d0>,10,1,[1 7],17,32,33,15,26
1,<environment.Job instance at 0x7ff55a8b75f0>,9,2,[1 9],16,33,35,17,29
1,<environment.Job instance at 0x7ff55a8b75a0>,12,1,[3 6],22,46,47,24,30
1,<environment.Job instance at 0x7ff55a8b7a50>,16,12,[5 3],29,46,58,17,30
1,<environment.Job instance at 0x7ff55a8b7af0>,17,16,[5 5],30,47,63,17,34
1,<environment.Job instance at 0x7ff55a899b40>,31,3,[2 8],49,63,66,14,51
1,<environment.Job instance at 0x7ff55a899f00>,32,25,[10  4],50,66,91,16,62
1,<environment.Job instance at 0x7ff55a8c7af0>,43,18,[4 6],66,91,109,25,85
1,<environment.Job instance at 0x7ff59eaa35f0>,0,19,[4 5],1,1,20,0,1
1,<environment.Job instance at 0x7ff59eb816e0>,5,12,[3 5],7,7,19,0,7
1,<environment.Job instance at 0x7ff59eb811e0>,7,2,[2 7],9,20,22,11,10
1,<environment.Job instance at 0x7ff59eb81be0>,12,1,[ 3 10],16,22,23,6,19
1,<environment.Job instance at 0x7ff5a564f5a0>,13,15,[5 8],19,23,38,4,19
1,<environment.Job instance at 0x7ff59eaa31e0>,8,15,[4 7],10,38,53,28,29
1,<environment.Job instance at 0x7ff59e9f0410>,20,18,[4 8],29,53,71,24,43
1,<environment.Job instance at 0x7ff59e221780>,32,2,[4 8],46,71,73,25,54
1,<environment.Job instance at 0x7ff59e221eb0>,33,14,[7 4],47,73,87,26,59
1,<environment.Job instance at 0x7ff59e9f00a0>,25,21,[5 6],35,87,108,52,79
1,<environment.Job instance at 0x7ff55a49d910>,0,18,[2 9],1,1,19,0,1
1,<environment.Job instance at 0x7ff55a89e1e0>,3,14,[1 7],5,19,33,14,9
1,<environment.Job instance at 0x7ff55a89e5f0>,4,3,[3 5],6,33,36,27,9
1,<environment.Job instance at 0x7ff55a89ec30>,7,15,[7 2],10,25,40,15,25
1,<environment.Job instance at 0x7ff59e70ed70>,14,13,[1 6],19,36,49,17,26
1,<environment.Job instance at 0x7ff55a9599b0>,22,13,[7 4],30,40,53,10,36
1,<environment.Job instance at 0x7ff55a408730>,37,14,[10  4],56,60,74,4,60
1,<environment.Job instance at 0x7ff55a408f00>,41,14,[9 1],61,80,94,19,80
1,<environment.Job instance at 0x7ff55a408690>,43,16,[5 9],63,94,110,31,88
1,<environment.Job instance at 0x7ff59e713780>,0,22,[8 3],1,3,25,2,3
1,<environment.Job instance at 0x7ff59ded2f50>,11,16,[9 5],20,25,41,5,20
1,<environment.Job instance at 0x7ff59debc140>,14,1,[1 8],24,41,42,17,30
1,<environment.Job instance at 0x7ff59debc910>,18,15,[4 5],35,42,57,7,35
1,<environment.Job instance at 0x7ff59debc230>,13,17,[7 4],23,57,74,34,46
1,<environment.Job instance at 0x7ff59dec5500>,29,15,[7 5],53,74,89,21,60
1,<environment.Job instance at 0x7ff59dec5dc0>,37,15,[5 2],62,89,104,27,75
1,<environment.Job instance at 0x7ff59dec5af0>,35,2,[10  1],60,104,106,44,82
1,<environment.Job instance at 0x7ff59dec5af0>,1,2,[4 8],6,6,8,0,6
1,<environment.Job instance at 0x7ff59e862230>,4,3,[5 5],14,14,17,0,14
1,<environment.Job instance at 0x7ff59e862fa0>,5,12,[9 5],15,17,29,2,15
1,<environment.Job instance at 0x7ff55a2e3870>,13,17,[5 2],24,29,46,5,24
1,<environment.Job instance at 0x7ff59e68c4b0>,21,18,[8 1],36,46,64,10,45
1,<environment.Job instance at 0x7ff55a30e6e0>,31,1,[6 2],50,64,65,14,51
1,<environment.Job instance at 0x7ff59e6f6dc0>,35,17,[9 5],55,65,82,10,57
1,<environment.Job instance at 0x7ff59e6f60a0>,39,14,[ 3 10],60,82,96,22,67
1,<environment.Job instance at 0x7ff59e703320>,43,17,[3 8],65,96,113,31,84
1,<environment.Job instance at 0x7ff55a956640>,1,17,[3 6],3,3,20,0,3
1,<environment.Job instance at 0x7ff55a42d0a0>,4,16,[8 5],6,20,36,14,10
1,<environment.Job instance at 0x7ff55a434d70>,12,12,[7 5],21,36,48,15,23
1,<environment.Job instance at 0x7ff55a42db90>,8,12,[4 7],15,48,60,33,40
1,<environment.Job instance at 0x7ff59e0a7050>,22,21,[8 4],34,60,81,26,52
1,<environment.Job instance at 0x7ff55a8af0a0>,31,19,[3 9],44,81,100,37,71
1,<environment.Job instance at 0x7ff3be21e6e0>,1,14,[7 5],5,5,19,0,5
1,<environment.Job instance at 0x7ff3be21edc0>,3,22,[2 5],8,8,30,0,8
1,<environment.Job instance at 0x7ff3b6d85690>,9,19,[1 8],16,30,49,14,20
1,<environment.Job instance at 0x7ff3b6d85a00>,15,2,[5 1],25,29,31,4,29
1,<environment.Job instance at 0x7ff3b6d85eb0>,18,15,[5 5],29,49,64,20,35
1,<environment.Job instance at 0x7ff3b6d85230>,6,15,[2 8],11,64,79,53,50
1,<environment.Job instance at 0x7ff3b6d87500>,23,2,[5 7],35,79,81,44,63
1,<environment.Job instance at 0x7ff3b6d8c140>,36,18,[9 4],52,81,99,29,75
1,<environment.Job instance at 0x7ff3b6d8c370>,37,12,[10  5],54,99,111,45,82
1,<environment.Job instance at 0x7ff3b6d8c4b0>,40,12,[4 5],58,111,123,53,97
1,<environment.Job instance at 0x7ff3b6e4dfa0>,1,2,[1 7],2,2,4,0,2
1,<environment.Job instance at 0x7ff3b6d8c550>,2,16,[4 6],4,4,20,0,4
1,<environment.Job instance at 0x7ff3be2feaf0>,5,14,[6 1],7,11,25,4,11
1,<environment.Job instance at 0x7ff3be3014b0>,13,3,[6 3],16,25,28,9,24
1,<environment.Job instance at 0x7ff3be1be500>,20,25,[ 1 10],23,28,53,5,26
1,<environment.Job instance at 0x7ff3be1be0f0>,19,12,[5 5],22,53,65,31,38
1,<environment.Job instance at 0x7ff3be1be690>,25,2,[2 7],32,65,67,33,38
1,<environment.Job instance at 0x7ff3be30bb40>,29,17,[6 5],39,67,84,28,55
1,<environment.Job instance at 0x7ff3be1be460>,21,15,[ 2 10],25,84,99,59,74
1,<environment.Job instance at 0x7ff3be306d70>,45,12,[5 6],60,99,111,39,82
1,<environment.Job instance at 0x7ff3be310550>,58,12,[7 1],78,111,123,33,98
1,<environment.Job instance at 0x7ff3730bc780>,2,17,[6 4],6,6,23,0,6
1,<environment.Job instance at 0x7ff3730bc140>,10,3,[5 8],18,23,26,5,18
1,<environment.Job instance at 0x7ff3730c5190>,15,2,[7 4],26,26,28,0,26
1,<environment.Job instance at 0x7ff3730c5eb0>,16,18,[8 2],27,28,46,1,27
1,<environment.Job instance at 0x7ff3730b7fa0>,20,22,[4 8],38,46,68,8,40
1,<environment.Job instance at 0x7ff3730b7460>,25,19,[5 3],48,68,87,20,60
1,<environment.Job instance at 0x7ff3730b7410>,29,1,[3 8],53,87,88,34,61
1,<environment.Job instance at 0x7ff373145fa0>,34,16,[5 3],60,68,84,8,67
1,<environment.Job instance at 0x7ff3730b7640>,22,16,[4 9],44,88,104,44,79
1,<environment.Job instance at 0x7ff373134410>,43,2,[7 3],75,104,106,29,81
1,<environment.Job instance at 0x7ff3731340a0>,45,13,[6 2],78,106,119,28,91
1,<environment.Job instance at 0x7ff373134eb0>,40,15,[3 6],70,104,119,34,99
1,<environment.Job instance at 0x7ff37315efa0>,8,13,[4 5],13,15,28,2,15
1,<environment.Job instance at 0x7ff373558d70>,4,28,[ 4 10],6,29,57,23,29
1,<environment.Job instance at 0x7ff37315d780>,24,1,[5 2],34,57,58,23,44
1,<environment.Job instance at 0x7ff37315daf0>,25,14,[3 7],35,57,71,22,45
1,<environment.Job instance at 0x7ff37315d460>,26,14,[4 5],36,71,85,35,58
1,<environment.Job instance at 0x7ff373517550>,31,15,[3 5],45,71,86,26,63
1,<environment.Job instance at 0x7ff37315eaa0>,14,14,[8 5],20,86,100,66,72
1,<environment.Job instance at 0x7ff3731210f0>,43,15,[6 5],64,100,115,36,88
1,<environment.Job instance at 0x7ff3731f44b0>,2,13,[4 8],5,5,18,0,5
1,<environment.Job instance at 0x7ff373478320>,4,18,[9 5],7,18,36,11,8
1,<environment.Job instance at 0x7ff373478af0>,13,18,[2 5],18,36,54,18,25
1,<environment.Job instance at 0x7ff373478b40>,14,14,[8 2],19,36,50,17,25
1,<environment.Job instance at 0x7ff373478820>,10,16,[5 3],14,50,66,36,41
1,<environment.Job instance at 0x7ff373474550>,26,17,[1 6],36,54,71,18,52
1,<environment.Job instance at 0x7ff373478a00>,12,13,[ 3 10],17,71,84,54,57
1,<environment.Job instance at 0x7ff373474fa0>,35,12,[2 7],48,84,96,36,67
1,<environment.Job instance at 0x7ff3734874b0>,38,18,[7 1],53,84,102,31,74
1,<environment.Job instance at 0x7ff3731f4500>,5,18,[1 7],8,96,114,88,85
1,<environment.Job instance at 0x7ff373474be0>,30,15,[8 1],40,102,117,62,89
1,<environment.Job instance at 0x7ff3b9ab60f0>,0,17,[8 2],3,7,24,4,7
1,<environment.Job instance at 0x7ff3b6aff5a0>,12,17,[6 1],20,24,41,4,20
1,<environment.Job instance at 0x7ff3b6aff0a0>,17,17,[4 6],27,33,50,6,33
1,<environment.Job instance at 0x7ff3b6aff230>,23,12,[ 2 10],38,50,62,12,43
1,<environment.Job instance at 0x7ff3b6affa50>,21,17,[10  5],33,62,79,29,51
1,<environment.Job instance at 0x7ff3b722fc80>,32,13,[2 6],52,79,92,27,66
1,<environment.Job instance at 0x7ff3b722fa00>,31,16,[2 8],51,92,108,41,80
1,<environment.Job instance at 0x7ff3b722f5f0>,39,1,[5 1],62,94,95,32,94
1,<environment.Job instance at 0x7ff3b6afff00>,22,17,[8 2],35,96,113,61,96
1,<environment.Job instance at 0x7ff3b6d7e9b0>,0,16,[1 6],1,1,17,0,1
1,<environment.Job instance at 0x7ff3b9345460>,2,13,[ 4 10],5,17,30,12,5
1,<environment.Job instance at 0x7ff373284780>,9,2,[10  3],16,30,32,14,16
1,<environment.Job instance at 0x7ff37326c870>,10,1,[10  1],17,32,33,15,17
1,<environment.Job instance at 0x7ff3732845f0>,8,16,[1 6],13,33,49,20,21
1,<environment.Job instance at 0x7ff3735372d0>,21,15,[7 3],34,35,50,1,35
1,<environment.Job instance at 0x7ff37346e0a0>,24,1,[ 1 10],39,50,51,11,39
1,<environment.Job instance at 0x7ff373520410>,25,2,[4 6],40,51,53,11,41
1,<environment.Job instance at 0x7ff3b980ddc0>,32,1,[10  3],53,53,54,0,53
1,<environment.Job instance at 0x7ff373377aa0>,33,16,[10  5],56,56,72,0,56
1,<environment.Job instance at 0x7ff373377820>,34,17,[9 2],57,72,89,15,60
1,<environment.Job instance at 0x7ff3b980d0f0>,30,13,[7 4],51,89,102,38,76
1,<environment.Job instance at 0x7ff3b6b2e640>,41,12,[4 5],64,102,114,38,85
1,<environment.Job instance at 0x7ff3b97970a0>,51,12,[7 5],78,114,126,36,98
1,<environment.Job instance at 0x7ff3b9797280>,1,3,[4 6],2,2,5,0,2
1,<environment.Job instance at 0x7ff3b97970a0>,2,18,[ 5 10],3,9,27,6,9
1,<environment.Job instance at 0x7ff3732c5c80>,13,15,[2 5],16,27,42,11,23
1,<environment.Job instance at 0x7ff3732c5d70>,15,27,[7 1],18,31,58,13,31
1,<environment.Job instance at 0x7ff3732c97d0>,28,13,[ 2 10],37,58,71,21,49
1,<environment.Job instance at 0x7ff3732c9a00>,25,12,[ 4 10],32,71,83,39,54
1,<environment.Job instance at 0x7ff3732c9e10>,32,1,[ 4 10],42,83,84,41,56
1,<environment.Job instance at 0x7ff3b7045f50>,4,13,[9 1],5,84,97,79,68
1,<environment.Job instance at 0x7ff3732bb6e0>,38,17,[2 6],50,97,114,47,85
1,<environment.Job instance at 0x7ff3732bb960>,40,2,[2 6],54,114,116,60,87
1,<environment.Job instance at 0x7ff3732bba00>,41,14,[5 4],56,97,111,41,87
1,<environment.Job instance at 0x7ff372fe7a00>,2,2,[4 7],3,3,5,0,3
1,<environment.Job instance at 0x7ff372fe7820>,3,12,[6 4],4,5,17,1,4
1,<environment.Job instance at 0x7ff3732bbc80>,7,17,[2 7],10,17,34,7,10
1,<environment.Job instance at 0x7ff3b9629e10>,8,2,[3 9],11,34,36,23,11
1,<environment.Job instance at 0x7ff3b94c0690>,22,15,[6 1],32,34,49,2,34
1,<environment.Job instance at 0x7ff373047eb0>,27,15,[5 4],39,49,64,10,39
1,<environment.Job instance at 0x7ff3b9565640>,23,17,[5 1],34,62,79,28,62
1,<environment.Job instance at 0x7ff373042050>,24,13,[3 5],36,64,77,28,62
1,<environment.Job instance at 0x7ff3b97805a0>,34,12,[6 3],48,79,91,31,71
1,<environment.Job instance at 0x7ff37301f500>,38,16,[ 5 10],56,91,107,35,78
1,<environment.Job instance at 0x7ff3b6def730>,42,2,[6 3],63,107,109,44,97
1,<environment.Job instance at 0x7ff3b9468be0>,43,17,[6 2],64,109,126,45,97
1,<environment.Job instance at 0x7ff3732a3370>,0,22,[ 3 10],1,7,29,6,7
1,<environment.Job instance at 0x7ff3b6bb70a0>,9,3,[3 7],13,29,32,16,13
1,<environment.Job instance at 0x7ff3b6bb7410>,10,23,[6 2],16,32,55,16,32
1,<environment.Job instance at 0x7ff373657820>,25,12,[5 2],34,55,67,21,39
1,<environment.Job instance at 0x7ff3b6cec820>,26,3,[4 6],35,39,42,4,39
1,<environment.Job instance at 0x7ff3b6cf20a0>,27,24,[3 5],36,42,66,6,41
1,<environment.Job instance at 0x7ff373521f50>,30,3,[3 9],40,67,70,27,49
1,<environment.Job instance at 0x7ff373521aa0>,32,1,[7 2],43,70,71,27,54
1,<environment.Job instance at 0x7ff373521870>,33,15,[5 5],44,71,86,27,57
1,<environment.Job instance at 0x7ff373569280>,40,15,[4 5],54,71,86,17,68
1,<environment.Job instance at 0x7ff373555050>,44,13,[1 8],60,86,99,26,85
1,<environment.Job instance at 0x7ff37353ad20>,48,3,[5 4],68,99,102,31,85
1,<environment.Job instance at 0x7ff373493050>,50,12,[6 5],71,102,114,31,86
1,<environment.Job instance at 0x7ff3730755a0>,57,12,[10  1],81,114,126,33,97
1,<environment.Job instance at 0x7ff3b9753fa0>,2,3,[5 4],4,4,7,0,4
1,<environment.Job instance at 0x7ff3b9771320>,21,16,[6 2],34,45,61,11,45
1,<environment.Job instance at 0x7ff3b97718c0>,29,20,[3 6],49,58,78,9,58
1,<environment.Job instance at 0x7ff3b976e640>,38,14,[1 7],61,79,93,18,79
1,<environment.Job instance at 0x7ff3b9771e10>,31,13,[ 4 10],52,93,106,41,83
1,<environment.Job instance at 0x7ff37308f460>,7,17,[2 7],11,17,34,6,17
1,<environment.Job instance at 0x7ff37308f4b0>,10,15,[6 3],14,29,44,15,29
1,<environment.Job instance at 0x7ff3b6fbc6e0>,11,18,[5 9],15,44,62,29,33
1,<environment.Job instance at 0x7ff3b6fbc870>,18,12,[1 8],22,62,74,40,48
1,<environment.Job instance at 0x7ff386dfc410>,24,14,[6 3],31,74,88,43,69
1,<environment.Job instance at 0x7ff3b96da9b0>,25,15,[7 2],32,88,103,56,74
1,<environment.Job instance at 0x7ff3730fc140>,29,1,[9 4],42,103,104,61,86
1,<environment.Job instance at 0x7ff3730fce60>,30,2,[3 6],43,86,88,43,86
1,<environment.Job instance at 0x7ff3b70e17d0>,6,15,[3 6],10,104,119,94,92
1,<environment.Job instance at 0x7ff373244dc0>,0,26,[6 3],1,2,28,1,2
1,<environment.Job instance at 0x7ff37321bb90>,5,15,[1 5],7,7,22,0,7
1,<environment.Job instance at 0x7ff3b963e3c0>,14,1,[ 1 10],18,28,29,10,18
1,<environment.Job instance at 0x7ff3732440a0>,1,17,[1 8],2,29,46,27,19
1,<environment.Job instance at 0x7ff3b6fc1b40>,23,2,[5 5],33,46,48,13,33
1,<environment.Job instance at 0x7ff3733ccf50>,25,2,[3 9],37,48,50,11,37
1,<environment.Job instance at 0x7ff3733cc500>,24,17,[ 2 10],34,50,67,16,39
1,<environment.Job instance at 0x7ff3b6e0b190>,32,13,[8 1],45,67,80,22,53
1,<environment.Job instance at 0x7ff37353aa00>,35,14,[2 8],50,68,82,18,68
1,<environment.Job instance at 0x7ff3733cc780>,26,15,[7 4],39,82,97,43,69
1,<environment.Job instance at 0x7ff373376190>,43,25,[4 6],66,98,123,32,98
1,<environment.Job instance at 0x7ff3b6b2b280>,0,23,[8 3],1,5,28,4,5
1,<environment.Job instance at 0x7ff3b70f5f50>,8,3,[5 9],11,28,31,17,11
1,<environment.Job instance at 0x7ff3b70f5b90>,9,3,[7 1],12,31,34,19,12
1,<environment.Job instance at 0x7ff3b70f5a50>,12,15,[3 6],18,31,46,13,29
1,<environment.Job instance at 0x7ff3b6f145a0>,18,18,[4 6],26,46,64,20,37
1,<environment.Job instance at 0x7ff3b93a4050>,26,17,[2 7],38,64,81,26,53
1,<environment.Job instance at 0x7ff3b70bef00>,21,15,[7 1],30,64,79,34,54
1,<environment.Job instance at 0x7ff3b707a500>,39,16,[10  2],54,81,97,27,80
1,<environment.Job instance at 0x7ff3b7098500>,41,12,[3 5],57,97,109,40,92
1,<environment.Job instance at 0x7ff3b7098c30>,44,15,[4 7],60,109,124,49,98
1,<environment.Job instance at 0x7ff373612f50>,0,1,[4 5],2,2,3,0,2
1,<environment.Job instance at 0x7ff3b6b82640>,1,17,[8 4],4,5,22,1,5
1,<environment.Job instance at 0x7ff373648c30>,8,18,[ 2 10],13,22,40,9,14
1,<environment.Job instance at 0x7ff3735af0a0>,6,1,[4 5],11,40,41,29,22
1,<environment.Job instance at 0x7ff373648d70>,12,2,[10  1],19,41,43,22,32
1,<environment.Job instance at 0x7ff372fffbe0>,21,3,[1 7],31,43,46,12,32
1,<environment.Job instance at 0x7ff372fff0f0>,20,14,[1 5],30,46,60,16,32
1,<environment.Job instance at 0x7ff37301f5a0>,23,18,[9 1],35,43,61,8,36
1,<environment.Job instance at 0x7ff3b98745f0>,27,16,[1 7],39,60,76,21,47
1,<environment.Job instance at 0x7ff372f4de60>,11,14,[5 6],18,76,90,58,62
1,<environment.Job instance at 0x7ff3b6e92190>,36,15,[7 2],50,90,105,40,76
1,<environment.Job instance at 0x7ff372d5ebe0>,2,16,[5 9],3,3,19,0,3
1,<environment.Job instance at 0x7ff372f55c30>,6,13,[4 5],8,19,32,11,8
1,<environment.Job instance at 0x7ff372f555f0>,15,15,[5 8],19,32,47,13,19
1,<environment.Job instance at 0x7ff3731f7f00>,23,22,[8 3],31,47,69,16,44
1,<environment.Job instance at 0x7ff3731f7d70>,1,13,[1 8],4,4,17,0,4
1,<environment.Job instance at 0x7ff373284640>,5,16,[1 8],8,17,33,9,8
1,<environment.Job instance at 0x7ff37324ed70>,13,17,[8 4],22,35,52,13,35
1,<environment.Job instance at 0x7ff3b97d9e10>,24,16,[1 9],42,52,68,10,42
1,<environment.Job instance at 0x7ff372f701e0>,22,14,[5 8],39,68,82,29,53
1,<environment.Job instance at 0x7ff3b71b4f00>,39,15,[10  5],65,82,97,17,68
1,<environment.Job instance at 0x7ff3b97d1280>,26,17,[5 2],44,97,114,53,86
1,<environment.Job instance at 0x7ff3b98b8190>,0,13,[6 4],3,3,16,0,3
1,<environment.Job instance at 0x7ff3b6cc2870>,6,17,[3 6],13,14,31,1,14
1,<environment.Job instance at 0x7ff3b93c0230>,10,1,[9 3],17,31,32,14,20
1,<environment.Job instance at 0x7ff3b6cc2d70>,9,16,[8 5],16,32,48,16,21
1,<environment.Job instance at 0x7ff3b9a0e9b0>,16,17,[1 9],30,48,65,18,37
1,<environment.Job instance at 0x7ff372d14050>,18,18,[3 8],33,65,83,32,54
1,<environment.Job instance at 0x7ff373638d70>,28,1,[9 2],45,83,84,38,72
1,<environment.Job instance at 0x7ff3b7049500>,30,14,[6 4],47,84,98,37,72
1,<environment.Job instance at 0x7ff3b7049b90>,31,16,[7 2],48,98,114,50,85
1,<environment.Job instance at 0x7ff3b6f992d0>,0,15,[10  5],1,1,16,0,1
1,<environment.Job instance at 0x7ff3b9566e10>,4,12,[5 9],5,16,28,11,5
1,<environment.Job instance at 0x7ff372e43640>,13,15,[8 2],16,28,43,12,24
1,<environment.Job instance at 0x7ff372e43230>,21,14,[ 1 10],25,43,57,18,29
1,<environment.Job instance at 0x7ff37346bbe0>,26,15,[ 3 10],31,57,72,26,44
1,<environment.Job instance at 0x7ff37346b1e0>,30,17,[5 6],35,72,89,37,60
1,<environment.Job instance at 0x7ff372e43eb0>,12,13,[9 5],15,89,102,74,74
1,<environment.Job instance at 0x7ff373379960>,41,14,[5 1],54,102,116,48,87
1,<environment.Job instance at 0x7ff373379370>,43,13,[3 8],57,102,115,45,89
1,<environment.Job instance at 0x7ff373379780>,1,17,[5 6],4,4,21,0,4
1,<environment.Job instance at 0x7ff37302c1e0>,2,18,[1 7],8,21,39,13,17
1,<environment.Job instance at 0x7ff3735b2820>,9,12,[10  4],17,39,51,22,29
1,<environment.Job instance at 0x7ff3b9a27eb0>,7,14,[3 6],14,51,65,37,36
1,<environment.Job instance at 0x7ff3b9a27f00>,8,16,[9 4],16,65,81,49,53
1,<environment.Job instance at 0x7ff372dff0f0>,35,13,[10  4],55,81,94,26,69
1,<environment.Job instance at 0x7ff37362e1e0>,39,15,[5 6],60,94,109,34,87
1,<environment.Job instance at 0x7ff3b7248aa0>,43,16,[8 5],65,109,125,44,96
1,<environment.Job instance at 0x7f232a15e5a0>,1,14,[7 5],5,5,19,0,5
1,<environment.Job instance at 0x7f2322d0b410>,7,14,[7 5],12,19,33,7,13
1,<environment.Job instance at 0x7f2322d0baa0>,14,3,[2 8],23,33,36,10,23
1,<environment.Job instance at 0x7f2322d0be60>,15,2,[5 1],25,33,35,8,25
1,<environment.Job instance at 0x7f2322d0bf00>,16,1,[ 4 10],27,36,37,9,27
1,<environment.Job instance at 0x7f2322d0bfa0>,17,3,[10  3],28,37,40,9,28
1,<environment.Job instance at 0x7f2322d0c0a0>,18,15,[5 5],29,40,55,11,30
1,<environment.Job instance at 0x7f2322d0c3c0>,21,12,[6 2],33,55,67,22,40
1,<environment.Job instance at 0x7f2322d0c460>,22,20,[4 6],34,55,75,21,46
1,<environment.Job instance at 0x7f2322d0c960>,25,17,[4 6],37,75,92,38,70
1,<environment.Job instance at 0x7f2322d0cfa0>,34,2,[7 5],47,92,94,45,77
1,<environment.Job instance at 0x7f2322d0f4b0>,37,12,[10  5],54,94,106,40,86
1,<environment.Job instance at 0x7f2322d0c820>,24,12,[8 5],36,106,118,70,94
1,<environment.Job instance at 0x7f2322d0f460>,38,15,[8 3],56,118,133,62,104
1,<environment.Job instance at 0x7f2322d0fbe0>,1,3,[4 8],2,2,5,0,2
1,<environment.Job instance at 0x7f232a283500>,4,15,[1 7],5,5,20,0,5
1,<environment.Job instance at 0x7f232a289550>,9,3,[6 1],10,10,13,0,10
1,<environment.Job instance at 0x7f232a289140>,7,16,[4 9],8,20,36,12,11
1,<environment.Job instance at 0x7f232a2905f0>,15,2,[ 4 10],18,36,38,18,19
1,<environment.Job instance at 0x7f232a281af0>,17,2,[2 7],22,38,40,16,22
1,<environment.Job instance at 0x7f232a287690>,20,1,[3 8],28,40,41,12,28
1,<environment.Job instance at 0x7f232a287e60>,21,17,[6 5],29,41,58,12,29
1,<environment.Job instance at 0x7f232a2955f0>,33,12,[8 4],44,58,70,14,45
1,<environment.Job instance at 0x7f232a1a16e0>,41,1,[6 1],54,70,71,16,54
1,<environment.Job instance at 0x7f232a294690>,42,2,[7 4],55,71,73,16,56
1,<environment.Job instance at 0x7f232a294fa0>,44,14,[7 2],57,73,87,16,58
1,<environment.Job instance at 0x7f232a294a50>,47,16,[6 2],62,87,103,25,83
1,<environment.Job instance at 0x7f22df009d20>,58,13,[3 8],78,84,97,6,84
1,<environment.Job instance at 0x7f22df009960>,59,14,[1 9],81,103,117,22,88
1,<environment.Job instance at 0x7f22df0d8320>,0,12,[5 4],1,1,13,0,1
1,<environment.Job instance at 0x7f22df0099b0>,8,22,[4 8],18,19,41,1,19
1,<environment.Job instance at 0x7f22df009640>,12,2,[1 5],27,41,43,14,31
1,<environment.Job instance at 0x7f22df009280>,14,16,[8 4],29,41,57,12,31
1,<environment.Job instance at 0x7f22df0093c0>,13,19,[5 3],28,57,76,29,51
1,<environment.Job instance at 0x7f22df002f00>,29,13,[5 5],52,57,70,5,52
1,<environment.Job instance at 0x7f22df002140>,28,15,[3 6],50,70,85,20,59
1,<environment.Job instance at 0x7f22df004960>,22,16,[5 3],40,76,92,36,63
1,<environment.Job instance at 0x7f22deff6d20>,40,19,[ 1 10],66,92,111,26,84
1,<environment.Job instance at 0x7f22defe88c0>,44,15,[5 5],70,111,126,41,98
1,<environment.Job instance at 0x7f22df0f66e0>,0,13,[6 3],1,1,14,0,1
1,<environment.Job instance at 0x7f22df3b03c0>,7,14,[5 8],11,14,28,3,11
1,<environment.Job instance at 0x7f22df3b0370>,9,15,[3 5],15,28,43,13,15
1,<environment.Job instance at 0x7f22df4d0aa0>,17,16,[5 1],29,31,47,2,31
1,<environment.Job instance at 0x7f22df4d0c80>,19,15,[4 5],31,43,58,12,34
1,<environment.Job instance at 0x7f22df1c72d0>,21,15,[6 5],34,47,62,13,37
1,<environment.Job instance at 0x7f22df0e3320>,25,13,[8 2],39,62,75,23,46
1,<environment.Job instance at 0x7f22df0e3dc0>,30,13,[10  4],45,75,88,30,61
1,<environment.Job instance at 0x7f22df473a00>,36,3,[5 2],54,88,91,34,88
1,<environment.Job instance at 0x7f22df4739b0>,37,2,[6 3],55,91,93,36,88
1,<environment.Job instance at 0x7f22df473960>,38,16,[7 5],57,93,109,36,88
1,<environment.Job instance at 0x7f22df473a50>,39,2,[5 7],58,88,90,30,88
1,<environment.Job instance at 0x7f22df473cd0>,40,2,[8 1],59,109,111,50,88
1,<environment.Job instance at 0x7f22df473b40>,41,27,[9 5],60,111,138,51,109
1,<environment.Job instance at 0x7f22df6d1780>,4,12,[2 7],8,8,20,0,8
1,<environment.Job instance at 0x7f22df6d1af0>,7,18,[7 1],13,13,31,0,13
1,<environment.Job instance at 0x7f22df6b70a0>,15,3,[5 2],22,31,34,9,22
1,<environment.Job instance at 0x7f22df6b7190>,17,20,[6 2],26,34,54,8,26
1,<environment.Job instance at 0x7f22df6b7870>,22,14,[7 5],34,54,68,20,39
1,<environment.Job instance at 0x7f22df6d1e60>,13,17,[7 1],20,68,85,48,56
1,<environment.Job instance at 0x7f22df6c56e0>,32,18,[2 9],54,68,86,14,66
1,<environment.Job instance at 0x7f22df6d1f50>,12,17,[5 9],19,86,103,67,76
1,<environment.Job instance at 0x7f22df6c5eb0>,42,16,[10  2],71,103,119,32,92
1,<environment.Job instance at 0x7f22df6c5e60>,0,16,[2 8],1,1,17,0,1
1,<environment.Job instance at 0x7f22df5bd050>,9,18,[5 8],13,17,35,4,13
1,<environment.Job instance at 0x7f22df5bdfa0>,13,13,[4 6],17,35,48,18,19
1,<environment.Job instance at 0x7f22df5c5e60>,22,19,[6 1],30,36,55,6,36
1,<environment.Job instance at 0x7f22df5c51e0>,24,3,[7 4],34,55,58,21,46
1,<environment.Job instance at 0x7f22df5c5730>,26,1,[5 8],38,58,59,20,47
1,<environment.Job instance at 0x7f22df5c5e10>,21,13,[4 8],29,59,72,30,48
1,<environment.Job instance at 0x7f2323199870>,34,3,[2 5],52,72,75,20,70
1,<environment.Job instance at 0x7f23231990f0>,35,13,[ 4 10],55,75,88,20,71
1,<environment.Job instance at 0x7f22df5c5d20>,29,16,[4 9],43,88,104,45,75
1,<environment.Job instance at 0x7f22df5c5640>,25,15,[3 9],36,104,119,68,94
1,<environment.Job instance at 0x7f2329587730>,8,3,[5 1],11,12,15,1,12
1,<environment.Job instance at 0x7f2329587640>,9,3,[1 8],12,14,17,2,14
1,<environment.Job instance at 0x7f23230c9c80>,19,12,[2 9],25,33,45,8,33
1,<environment.Job instance at 0x7f22df1557d0>,14,14,[7 3],19,45,59,26,34
1,<environment.Job instance at 0x7f232950d690>,23,17,[5 9],32,59,76,27,47
1,<environment.Job instance at 0x7f22df155410>,16,13,[ 5 10],21,76,89,55,61
1,<environment.Job instance at 0x7f2329ab7910>,34,13,[9 1],45,89,102,44,89
1,<environment.Job instance at 0x7f2322d5cb40>,36,3,[2 9],47,102,105,55,89
1,<environment.Job instance at 0x7f2322d5cd20>,37,16,[6 3],49,105,121,56,92
1,<environment.Job instance at 0x7f2322d5cbe0>,43,15,[2 5],56,105,120,49,92
1,<environment.Job instance at 0x7f2322dc4d20>,3,16,[2 8],5,5,21,0,5
1,<environment.Job instance at 0x7f22dee8a410>,10,16,[3 6],13,21,37,8,14
1,<environment.Job instance at 0x7f22dee8a5f0>,13,17,[7 3],18,24,41,6,24
1,<environment.Job instance at 0x7f22dee8a3c0>,11,16,[5 6],15,41,57,26,31
1,<environment.Job instance at 0x7f22dee8a910>,17,15,[10  2],22,57,72,35,50
1,<environment.Job instance at 0x7f22dee8ad20>,23,18,[2 8],30,72,90,42,61
1,<environment.Job instance at 0x7f22dee8d6e0>,33,15,[7 4],46,90,105,44,77
1,<environment.Job instance at 0x7f22dee8f870>,46,15,[6 1],62,105,120,43,91
1,<environment.Job instance at 0x7f22dee8fcd0>,1,24,[9 1],2,6,30,4,6
1,<environment.Job instance at 0x7f2322c0f4b0>,12,15,[5 6],24,30,45,6,30
1,<environment.Job instance at 0x7f2322c0f910>,16,1,[5 5],29,45,46,16,30
1,<environment.Job instance at 0x7f2322bfab40>,17,1,[10  4],31,46,47,15,31
1,<environment.Job instance at 0x7f22df0ede10>,7,23,[1 6],13,47,70,34,44
1,<environment.Job instance at 0x7f22df0dc820>,20,23,[6 2],36,50,73,14,50
1,<environment.Job instance at 0x7f22df0f99b0>,27,16,[5 8],44,73,89,29,61
1,<environment.Job instance at 0x7f22df58d5f0>,33,12,[9 5],52,89,101,37,73
1,<environment.Job instance at 0x7f22df0a7af0>,43,15,[5 5],64,101,116,37,87
1,<environment.Job instance at 0x7f2329594dc0>,47,17,[2 7],68,116,133,48,104
1,<environment.Job instance at 0x7f22df473aa0>,51,2,[7 4],76,133,135,57,108
1,<environment.Job instance at 0x7f232972dc30>,1,3,[4 7],2,2,5,0,2
1,<environment.Job instance at 0x7f22df594730>,4,15,[5 6],8,8,23,0,8
1,<environment.Job instance at 0x7f2323042d20>,6,13,[6 5],10,23,36,13,10
1,<environment.Job instance at 0x7f2322ca90a0>,11,17,[8 2],18,36,53,18,36
1,<environment.Job instance at 0x7f22df32f5f0>,21,2,[4 9],34,53,55,19,39
1,<environment.Job instance at 0x7f2322d15e10>,26,20,[9 3],42,55,75,13,52
1,<environment.Job instance at 0x7f2323172960>,19,2,[10  3],32,75,77,43,61
1,<environment.Job instance at 0x7f22df5de730>,37,2,[ 4 10],61,77,79,16,63
1,<environment.Job instance at 0x7f2329852640>,35,13,[10  4],58,79,92,21,63
1,<environment.Job instance at 0x7f2322ff4370>,44,18,[1 7],70,92,110,22,84
1,<environment.Job instance at 0x7f22df5c2e10>,39,21,[7 3],63,92,113,29,91
1,<environment.Job instance at 0x7f22df5bf5f0>,48,17,[2 8],77,113,130,36,101
1,<environment.Job instance at 0x7f22df056960>,16,15,[5 1],20,38,53,18,38
1,<environment.Job instance at 0x7f22df056cd0>,20,12,[6 3],25,53,65,28,40
1,<environment.Job instance at 0x7f22df056c30>,22,13,[2 7],29,54,67,25,54
1,<environment.Job instance at 0x7f22df059230>,26,17,[ 3 10],33,67,84,34,56
1,<environment.Job instance at 0x7f22df059c80>,34,26,[8 5],48,90,116,42,90
1,<environment.Job instance at 0x7f2329a13780>,3,3,[5 4],5,6,9,1,6
1,<environment.Job instance at 0x7f22df01daf0>,8,15,[8 3],12,12,27,0,12
1,<environment.Job instance at 0x7f22df576190>,11,15,[8 2],19,27,42,8,27
1,<environment.Job instance at 0x7f2322b4ec30>,17,15,[7 4],29,42,57,13,30
1,<environment.Job instance at 0x7f2322b4ed70>,21,18,[2 5],33,35,53,2,35
1,<environment.Job instance at 0x7f2322b4e0a0>,18,14,[10  5],30,57,71,27,42
1,<environment.Job instance at 0x7f2322fda050>,32,14,[9 1],53,71,85,18,56
1,<environment.Job instance at 0x7f2322fda690>,36,17,[9 4],58,85,102,27,73
1,<environment.Job instance at 0x7f22df315280>,40,2,[1 9],66,102,104,36,99
1,<environment.Job instance at 0x7f22df315550>,41,1,[1 7],67,104,105,37,99
1,<environment.Job instance at 0x7f22df3156e0>,42,17,[10  5],68,105,122,37,99
1,<environment.Job instance at 0x7f2323191820>,4,18,[4 6],6,6,24,0,6
1,<environment.Job instance at 0x7f2329c82640>,8,16,[7 5],11,24,40,13,17
1,<environment.Job instance at 0x7f232977bc80>,22,19,[4 5],31,40,59,9,31
1,<environment.Job instance at 0x7f232977b820>,21,13,[1 8],30,59,72,29,43
1,<environment.Job instance at 0x7f2322dc4460>,32,25,[9 1],42,61,86,19,61
1,<environment.Job instance at 0x7f2322dc4910>,34,1,[ 3 10],46,86,87,40,61
1,<environment.Job instance at 0x7f2322dc4690>,37,18,[1 8],51,87,105,36,76
1,<environment.Job instance at 0x7f232977bfa0>,28,17,[10  4],38,105,122,67,100
1,<environment.Job instance at 0x7f2322d0fc30>,0,3,[1 7],1,1,4,0,1
1,<environment.Job instance at 0x7f2322e006e0>,1,18,[6 4],4,4,22,0,4
1,<environment.Job instance at 0x7f22df2131e0>,6,16,[1 7],9,22,38,13,9
1,<environment.Job instance at 0x7f22df241e10>,12,3,[3 5],16,18,21,2,18
1,<environment.Job instance at 0x7f22df2510f0>,16,3,[4 6],21,38,41,17,24
1,<environment.Job instance at 0x7f22df251370>,19,16,[6 3],26,26,42,0,26
1,<environment.Job instance at 0x7f22def27500>,22,13,[1 6],29,41,54,12,29
1,<environment.Job instance at 0x7f22ded26500>,27,17,[7 1],35,42,59,7,37
1,<environment.Job instance at 0x7f23296f15f0>,35,12,[10  3],49,59,71,10,49
1,<environment.Job instance at 0x7f22def131e0>,38,3,[2 5],53,71,74,18,60
1,<environment.Job instance at 0x7f2329c74be0>,40,13,[5 5],55,71,84,16,64
1,<environment.Job instance at 0x7f232995e2d0>,42,14,[2 6],60,84,98,24,72
1,<environment.Job instance at 0x7f22ded3be10>,46,15,[7 2],67,84,99,17,76
1,<environment.Job instance at 0x7f22def48730>,51,16,[5 9],73,99,115,26,87
1,<environment.Job instance at 0x7f22def482d0>,59,16,[9 3],82,115,131,33,105
1,<environment.Job instance at 0x7f22df355820>,0,15,[7 4],1,1,16,0,1
1,<environment.Job instance at 0x7f23295c1dc0>,7,17,[7 4],13,16,33,3,13
1,<environment.Job instance at 0x7f23296c1e10>,14,18,[ 2 10],30,33,51,3,30
1,<environment.Job instance at 0x7f2322c1ee60>,21,16,[3 7],40,51,67,11,40
1,<environment.Job instance at 0x7f22df5c4b90>,34,17,[4 9],57,67,84,10,63
1,<environment.Job instance at 0x7f22df5c4af0>,33,16,[9 4],56,84,100,28,72
1,<environment.Job instance at 0x7f23298c6c30>,41,16,[1 8],68,100,116,32,91
1,<environment.Job instance at 0x7f22df5cc140>,25,15,[8 1],46,100,115,54,91
1,<environment.Job instance at 0x7f2322af3be0>,45,16,[5 3],75,116,132,41,105
1,<environment.Job instance at 0x7f2329abd960>,1,2,[4 5],5,5,7,0,5
1,<environment.Job instance at 0x7f22defa75f0>,3,17,[6 1],8,8,25,0,8
1,<environment.Job instance at 0x7f22defa77d0>,6,13,[2 9],13,13,26,0,13
1,<environment.Job instance at 0x7f22defa7b90>,9,17,[7 5],17,26,43,9,21
1,<environment.Job instance at 0x7f232a0593c0>,21,14,[5 5],31,43,57,12,31
1,<environment.Job instance at 0x7f232a059e10>,27,1,[1 9],42,57,58,15,46
1,<environment.Job instance at 0x7f232a059140>,28,16,[9 2],44,58,74,14,46
1,<environment.Job instance at 0x7f232a059320>,24,17,[3 8],35,74,91,39,62
1,<environment.Job instance at 0x7f22df5ec2d0>,34,13,[6 4],53,91,104,38,77
1,<environment.Job instance at 0x7f22df5ec5f0>,39,3,[ 2 10],62,104,107,42,84
1,<environment.Job instance at 0x7f22df5ec320>,41,18,[ 3 10],64,107,125,43,96
1,<environment.Job instance at 0x7f22ded75410>,1,2,[2 8],5,5,7,0,5
1,<environment.Job instance at 0x7f22ded755f0>,3,12,[6 1],7,7,19,0,7
1,<environment.Job instance at 0x7f2322b09eb0>,8,14,[6 3],16,19,33,3,19
1,<environment.Job instance at 0x7f2329620d70>,18,15,[5 3],33,33,48,0,33
1,<environment.Job instance at 0x7f232961bd70>,23,14,[6 3],40,48,62,8,41
1,<environment.Job instance at 0x7f22deee1870>,26,2,[4 8],43,63,65,20,63
1,<environment.Job instance at 0x7f2329637e60>,27,1,[ 3 10],44,65,66,21,63
1,<environment.Job instance at 0x7f2322f88550>,29,3,[7 4],46,66,69,20,63
1,<environment.Job instance at 0x7f23295c8190>,30,1,[8 2],47,69,70,22,63
1,<environment.Job instance at 0x7f2322fb8730>,31,2,[8 3],48,70,72,22,63
1,<environment.Job instance at 0x7f2322f95370>,32,2,[10  1],50,72,74,22,63
1,<environment.Job instance at 0x7f22deeff820>,33,18,[3 5],52,74,92,22,63
1,<environment.Job instance at 0x7f22deef6730>,37,15,[8 2],56,92,107,36,79
1,<environment.Job instance at 0x7f2322fa2460>,42,2,[10  1],62,107,109,45,92
1,<environment.Job instance at 0x7f22def04320>,43,3,[8 2],63,109,112,46,92
1,<environment.Job instance at 0x7f232962f500>,45,14,[ 1 10],65,112,126,47,98
1,<environment.Job instance at 0x7f232970fc80>,0,14,[1 6],1,1,15,0,1
1,<environment.Job instance at 0x7f2322e0f730>,9,1,[ 1 10],11,15,16,4,11
1,<environment.Job instance at 0x7f2322c9ffa0>,10,15,[8 4],12,16,31,4,15
1,<environment.Job instance at 0x7f2322c9f5a0>,13,16,[5 9],16,31,47,15,18
1,<environment.Job instance at 0x7f2322c9fc30>,18,1,[5 3],24,47,48,23,31
1,<environment.Job instance at 0x7f22df579320>,19,14,[6 5],25,48,62,23,33
1,<environment.Job instance at 0x7f2322c9faa0>,12,12,[7 5],14,62,74,48,47
1,<environment.Job instance at 0x7f23296767d0>,21,15,[2 7],28,74,89,46,60
1,<environment.Job instance at 0x7f2329676460>,22,26,[7 2],29,74,100,45,71
1,<environment.Job instance at 0x7f232a1419b0>,39,2,[7 2],55,100,102,45,80
1,<environment.Job instance at 0x7f2323153820>,38,18,[4 7],53,102,120,49,91
1,<environment.Job instance at 0x7f232a1a10f0>,1,1,[8 4],3,3,4,0,3
1,<environment.Job instance at 0x7f232a364690>,2,2,[2 9],4,4,6,0,4
1,<environment.Job instance at 0x7f22dec94910>,4,18,[4 6],7,7,25,0,7
1,<environment.Job instance at 0x7f23296ea870>,11,17,[4 5],15,25,42,10,15
1,<environment.Job instance at 0x7f23230ca910>,23,1,[2 8],33,42,43,9,33
1,<environment.Job instance at 0x7f2322ad2500>,25,13,[2 9],36,43,56,7,36
1,<environment.Job instance at 0x7f23231537d0>,16,18,[3 8],22,56,74,34,47
1,<environment.Job instance at 0x7f22ded9a500>,20,18,[9 4],27,74,92,47,66
1,<environment.Job instance at 0x7f23295d0320>,34,17,[5 5],48,92,109,44,82
1,<environment.Job instance at 0x7f23231d1b40>,44,26,[5 5],61,92,118,31,92
1,<environment.Job instance at 0x7f22df47bf50>,48,14,[8 3],70,118,132,48,104
1,<environment.Job instance at 0x7f22df47ba50>,49,1,[1 5],71,109,110,38,104
1,<environment.Job instance at 0x7f22df22af50>,4,17,[10  3],7,7,24,0,7
1,<environment.Job instance at 0x7f22ded9abe0>,6,16,[3 7],10,24,40,14,24
1,<environment.Job instance at 0x7f22ded9a140>,7,17,[3 8],12,40,57,28,28
1,<environment.Job instance at 0x7f23299ef2d0>,19,3,[2 5],32,57,60,25,33
1,<environment.Job instance at 0x7f23299ef640>,26,25,[3 5],40,57,82,17,53
1,<environment.Job instance at 0x7f23299ef1e0>,21,26,[6 5],35,76,102,41,76
1,<environment.Job instance at 0x7f2322c9a2d0>,38,18,[4 5],53,89,107,36,89
1,<environment.Job instance at 0x7f2322cc09b0>,41,2,[3 7],60,107,109,47,96
1,<environment.Job instance at 0x7f2322cc0af0>,42,12,[4 9],61,109,121,48,96
1,<environment.Job instance at 0x7f22ded9aaf0>,13,14,[9 1],23,121,135,98,107
1,<environment.Job instance at 0x7fdae08295a0>,1,14,[7 5],5,5,19,0,5
1,<environment.Job instance at 0x7fdad93d6370>,4,13,[3 6],9,19,32,10,14
1,<environment.Job instance at 0x7fdad93d68c0>,11,23,[6 4],20,22,45,2,22
1,<environment.Job instance at 0x7fdad93d6320>,5,2,[1 6],10,32,34,22,26
1,<environment.Job instance at 0x7fdad93d7050>,18,15,[5 5],29,45,60,16,32
1,<environment.Job instance at 0x7fdad93d6cd0>,15,2,[5 1],25,45,47,20,40
1,<environment.Job instance at 0x7fdad93d70a0>,23,2,[5 7],35,60,62,25,41
1,<environment.Job instance at 0x7fdad93d7320>,22,20,[4 6],34,62,82,28,53
1,<environment.Job instance at 0x7fdad93d7500>,24,12,[8 5],36,82,94,46,65
1,<environment.Job instance at 0x7fdad93d7c80>,31,3,[4 5],44,94,97,50,70
1,<environment.Job instance at 0x7fdad93d7d20>,32,3,[1 9],45,97,100,52,72
1,<environment.Job instance at 0x7fdad93d7e10>,33,16,[1 9],46,100,116,54,89
1,<environment.Job instance at 0x7fdad93d6a00>,13,21,[8 1],22,97,118,75,92
1,<environment.Job instance at 0x7fdad93db5a0>,43,15,[5 6],62,118,133,56,104
1,<environment.Job instance at 0x7fdae094ec80>,0,18,[5 4],1,1,19,0,1
1,<environment.Job instance at 0x7fdae0960050>,26,21,[5 5],38,41,62,3,41
1,<environment.Job instance at 0x7fdae0960140>,27,12,[5 6],40,62,74,22,45
1,<environment.Job instance at 0x7fdae09513c0>,37,16,[6 2],52,74,90,22,62
1,<environment.Job instance at 0x7fdae080c320>,48,13,[3 8],68,74,87,6,68
1,<environment.Job instance at 0x7fdae09592d0>,56,18,[5 5],87,93,111,6,93
1,<environment.Job instance at 0x7fdae0959190>,54,2,[7 1],83,111,113,28,100
1,<environment.Job instance at 0x7fdae086c320>,61,17,[5 1],95,113,130,18,110
1,<environment.Job instance at 0x7fdae0959be0>,60,2,[6 4],93,130,132,37,118
1,<environment.Job instance at 0x7fdad91c7960>,71,1,[4 5],114,119,120,5,119
1,<environment.Job instance at 0x7fda956cfe10>,0,2,[5 8],3,3,5,0,3
1,<environment.Job instance at 0x7fdae094f230>,1,16,[4 9],4,5,21,1,4
1,<environment.Job instance at 0x7fda956cf410>,5,16,[8 4],9,21,37,12,16
1,<environment.Job instance at 0x7fda956c43c0>,19,15,[3 6],30,37,52,7,30
1,<environment.Job instance at 0x7fda9576bcd0>,25,16,[10  4],40,52,68,12,41
1,<environment.Job instance at 0x7fda956c4230>,18,18,[10  5],26,68,86,42,58
1,<environment.Job instance at 0x7fda956fbe60>,37,17,[3 6],52,86,103,34,74
1,<environment.Job instance at 0x7fda956ccd20>,13,16,[5 3],20,88,104,68,88
1,<environment.Job instance at 0x7fda956fb960>,40,16,[5 6],55,103,119,48,90
1,<environment.Job instance at 0x7fda956fb3c0>,44,23,[1 9],59,119,142,60,113
1,<environment.Job instance at 0x7fda95a81c80>,0,15,[4 5],1,1,16,0,1
1,<environment.Job instance at 0x7fda957a4cd0>,7,13,[5 9],10,16,29,6,16
1,<environment.Job instance at 0x7fda95ba7b90>,14,13,[5 6],19,31,44,12,31
1,<environment.Job instance at 0x7fda95ba7780>,13,13,[10  2],18,44,57,26,33
1,<environment.Job instance at 0x7fda95ba7e10>,18,2,[6 3],25,57,59,32,37
1,<environment.Job instance at 0x7fda95bc4cd0>,25,17,[8 5],34,68,85,34,68
1,<environment.Job instance at 0x7fda95635640>,35,18,[9 5],47,110,128,63,110
1,<environment.Job instance at 0x7fda95675550>,1,2,[2 7],5,5,7,0,5
1,<environment.Job instance at 0x7fda95ac1050>,8,17,[10  5],16,16,33,0,16
1,<environment.Job instance at 0x7fda95ac12d0>,12,17,[8 2],23,33,50,10,30
1,<environment.Job instance at 0x7fda95ac1af0>,19,1,[5 3],34,61,62,27,61
1,<environment.Job instance at 0x7fda95ac1730>,20,15,[9 1],35,62,77,27,62
1,<environment.Job instance at 0x7fda95ac1c80>,23,3,[2 8],39,77,80,38,73
1,<environment.Job instance at 0x7fda95ac1d70>,24,17,[6 1],40,77,94,37,73
1,<environment.Job instance at 0x7fda95ac1410>,11,13,[6 1],20,94,107,74,87
1,<environment.Job instance at 0x7fda95adc140>,29,17,[4 6],47,91,108,44,91
1,<environment.Job instance at 0x7fda95adc0a0>,30,14,[1 7],49,108,122,59,93
1,<environment.Job instance at 0x7fda95adc640>,34,17,[8 2],55,110,127,55,110
1,<environment.Job instance at 0x7fda956422d0>,0,16,[1 6],1,1,17,0,1
1,<environment.Job instance at 0x7fdad92bb050>,14,18,[5 5],21,21,39,0,21
1,<environment.Job instance at 0x7fda95c82f50>,19,1,[8 5],32,39,40,7,38
1,<environment.Job instance at 0x7fda95c820f0>,23,3,[3 6],36,40,43,4,38
1,<environment.Job instance at 0x7fda95c82960>,25,2,[4 6],40,43,45,3,41
1,<environment.Job instance at 0x7fda95c826e0>,26,13,[ 1 10],42,45,58,3,42
1,<environment.Job instance at 0x7fda95c82c30>,22,15,[6 3],35,58,73,23,45
1,<environment.Job instance at 0x7fdad92bb0a0>,8,16,[1 6],13,58,74,45,51
1,<environment.Job instance at 0x7fda95c82d20>,20,14,[4 7],33,74,88,41,59
1,<environment.Job instance at 0x7fdae00f3b90>,36,3,[5 5],59,88,91,29,63
1,<environment.Job instance at 0x7fdae00f3a50>,35,16,[ 4 10],58,91,107,33,78
1,<environment.Job instance at 0x7fdadfcb3c30>,48,3,[9 3],73,107,110,34,91
1,<environment.Job instance at 0x7fdadfcb3a50>,51,12,[7 5],78,110,122,32,93
1,<environment.Job instance at 0x7fdad92a5690>,56,1,[8 1],83,122,123,39,107
1,<environment.Job instance at 0x7fdad92a55f0>,57,12,[2 9],85,122,134,37,109
1,<environment.Job instance at 0x7fdae00f3cd0>,37,15,[7 1],60,123,138,63,110
1,<environment.Job instance at 0x7fdad94925f0>,8,16,[10  1],11,11,27,0,11
1,<environment.Job instance at 0x7fda95a969b0>,3,13,[1 6],5,27,40,22,11
1,<environment.Job instance at 0x7fdadfbe53c0>,13,26,[4 9],18,40,66,22,38
1,<environment.Job instance at 0x7fdadfc8bcd0>,27,15,[10  4],38,66,81,28,52
1,<environment.Job instance at 0x7fdadfdf3cd0>,30,16,[8 1],42,81,97,39,69
1,<environment.Job instance at 0x7fdad9259730>,36,28,[2 6],53,82,110,29,82
1,<environment.Job instance at 0x7fdad963b550>,18,18,[1 8],25,110,128,85,106
1,<environment.Job instance at 0x7fdad94e3a00>,46,16,[5 6],65,128,144,63,116
1,<environment.Job instance at 0x7fdad94e3e10>,3,12,[8 4],6,6,18,0,6
1,<environment.Job instance at 0x7fdad94e3460>,5,12,[6 3],8,18,30,10,18
1,<environment.Job instance at 0x7fda95c33730>,9,16,[ 5 10],16,30,46,14,18
1,<environment.Job instance at 0x7fda95c33dc0>,19,16,[ 4 10],31,46,62,15,34
1,<environment.Job instance at 0x7fda95c209b0>,26,17,[1 5],41,62,79,21,55
1,<environment.Job instance at 0x7fda95c20aa0>,29,18,[ 2 10],46,81,99,35,81
1,<environment.Job instance at 0x7fda95c20f50>,33,23,[1 6],53,99,122,46,93
1,<environment.Job instance at 0x7fda95c33be0>,14,17,[6 2],24,103,120,79,103
1,<environment.Job instance at 0x7fda95c281e0>,35,12,[9 1],58,120,132,62,109
1,<environment.Job instance at 0x7fda95c39c30>,2,3,[3 5],5,5,8,0,5
1,<environment.Job instance at 0x7fdad97976e0>,3,3,[5 4],8,8,11,0,8
1,<environment.Job instance at 0x7fda95c5d870>,5,12,[6 5],11,11,23,0,11
1,<environment.Job instance at 0x7fda959a17d0>,8,12,[7 5],14,23,35,9,16
1,<environment.Job instance at 0x7fda95aaaaa0>,22,12,[9 3],33,40,52,7,40
1,<environment.Job instance at 0x7fdad951e870>,33,2,[5 7],50,56,58,6,56
1,<environment.Job instance at 0x7fda95c705f0>,34,12,[10  4],51,58,70,7,56
1,<environment.Job instance at 0x7fdae00a9870>,37,1,[5 9],57,70,71,13,58
1,<environment.Job instance at 0x7fdad951e280>,31,17,[8 2],48,71,88,23,60
1,<environment.Job instance at 0x7fda95678e60>,42,1,[ 3 10],65,88,89,23,69
1,<environment.Job instance at 0x7fda95678910>,41,2,[4 9],64,89,91,25,74
1,<environment.Job instance at 0x7fdad97d82d0>,45,18,[2 8],69,91,109,22,80
1,<environment.Job instance at 0x7fdadff3a960>,48,16,[6 2],74,93,109,19,93
1,<environment.Job instance at 0x7fdad92bf1e0>,26,13,[6 5],40,109,122,69,98
1,<environment.Job instance at 0x7fdadff839b0>,58,13,[ 4 10],92,122,135,30,109
1,<environment.Job instance at 0x7fda95b1b910>,0,1,[4 5],1,1,2,0,1
1,<environment.Job instance at 0x7fdadff839b0>,4,3,[7 3],6,6,9,0,6
1,<environment.Job instance at 0x7fdad913d4b0>,8,27,[8 5],11,12,39,1,12
1,<environment.Job instance at 0x7fda95c9baa0>,18,12,[5 5],27,56,68,29,56
1,<environment.Job instance at 0x7fdad9728050>,19,14,[10  1],29,68,82,39,56
1,<environment.Job instance at 0x7fdadfd425f0>,12,13,[8 2],19,82,95,63,66
1,<environment.Job instance at 0x7fda95b17410>,22,15,[5 5],32,95,110,63,82
1,<environment.Job instance at 0x7fdae013b0f0>,32,12,[1 8],42,110,122,68,101
1,<environment.Job instance at 0x7fdad983a140>,26,3,[9 4],36,122,125,86,104
1,<environment.Job instance at 0x7fdae013baa0>,35,2,[8 3],48,125,127,77,106
1,<environment.Job instance at 0x7fdae013bf50>,38,14,[6 3],51,127,141,76,116
1,<environment.Job instance at 0x7fdad91b8c80>,0,26,[6 3],1,1,27,0,1
1,<environment.Job instance at 0x7fdad93b8b90>,9,25,[7 5],11,28,53,17,28
1,<environment.Job instance at 0x7fdad939ea00>,20,15,[8 2],29,53,68,24,41
1,<environment.Job instance at 0x7fdad939e820>,19,2,[8 2],28,68,70,40,49
1,<environment.Job instance at 0x7fdad939ecd0>,24,17,[ 2 10],34,70,87,36,58
1,<environment.Job instance at 0x7fdad93a4550>,31,18,[ 2 10],44,87,105,43,76
1,<environment.Job instance at 0x7fdad93a4f00>,41,14,[9 1],63,105,119,42,96
1,<environment.Job instance at 0x7fdad93ad3c0>,45,17,[9 4],68,119,136,51,108
1,<environment.Job instance at 0x7fdae01b8e10>,5,18,[8 3],8,8,26,0,8
1,<environment.Job instance at 0x7fda95b60a00>,13,21,[4 5],19,26,47,7,19
1,<environment.Job instance at 0x7fda95802140>,22,19,[4 5],31,33,52,2,33
1,<environment.Job instance at 0x7fdad97c14b0>,27,12,[3 5],37,47,59,10,37
1,<environment.Job instance at 0x7fdad97c1460>,28,17,[10  4],38,59,76,21,47
1,<environment.Job instance at 0x7fda95c5adc0>,34,1,[ 3 10],46,76,77,30,66
1,<environment.Job instance at 0x7fda95c5a6e0>,35,15,[5 8],49,77,92,28,68
1,<environment.Job instance at 0x7fdadfdda5f0>,38,2,[4 5],53,92,94,39,83
1,<environment.Job instance at 0x7fdadfdda3c0>,41,28,[7 5],57,94,122,37,93
1,<environment.Job instance at 0x7fda95c5be10>,44,16,[2 5],61,111,127,50,111
1,<environment.Job instance at 0x7fda95c5b820>,45,13,[ 5 10],62,127,140,65,111
1,<environment.Job instance at 0x7fdadff44b90>,2,16,[4 6],4,4,20,0,4
1,<environment.Job instance at 0x7fdad9527730>,3,14,[1 7],5,20,34,15,5
1,<environment.Job instance at 0x7fdad92ffaa0>,11,16,[6 3],16,21,37,5,21
1,<environment.Job instance at 0x7fdadfd15aa0>,14,13,[1 6],19,34,47,15,23
1,<environment.Job instance at 0x7fdad928a9b0>,30,3,[2 5],43,54,57,11,54
1,<environment.Job instance at 0x7fdad928aeb0>,34,14,[2 6],50,57,71,7,54
1,<environment.Job instance at 0x7fdad928aaa0>,27,12,[10  3],39,71,83,32,58
1,<environment.Job instance at 0x7fdad950cb40>,42,15,[2 9],62,83,98,21,69
1,<environment.Job instance at 0x7fdad928aaf0>,33,18,[8 1],49,83,101,34,82
1,<environment.Job instance at 0x7fda957cff00>,50,14,[9 1],71,101,115,30,86
1,<environment.Job instance at 0x7fdae01b60f0>,58,12,[5 5],81,115,127,34,98
1,<environment.Job instance at 0x7fdae01b6e10>,60,21,[4 5],84,115,136,31,107
1,<environment.Job instance at 0x7fdae01b6af0>,63,14,[6 2],89,127,141,38,112
1,<environment.Job instance at 0x7fdae01b6af0>,1,15,[4 5],5,5,20,0,5
1,<environment.Job instance at 0x7fda959264b0>,4,14,[4 9],11,20,34,9,11
1,<environment.Job instance at 0x7fdadfe34a50>,10,16,[3 7],20,34,50,14,22
1,<environment.Job instance at 0x7fdadfe145f0>,21,14,[4 9],34,50,64,16,47
1,<environment.Job instance at 0x7fdadfe342d0>,9,13,[9 4],19,64,77,45,50
1,<environment.Job instance at 0x7fdadfe14320>,22,16,[9 4],36,77,93,41,64
1,<environment.Job instance at 0x7fdae016cc80>,12,15,[7 5],23,93,108,70,84
1,<environment.Job instance at 0x7fda95aaa820>,43,12,[9 5],75,108,120,33,93
1,<environment.Job instance at 0x7fdad9348c80>,41,15,[9 2],70,120,135,50,106
1,<environment.Job instance at 0x7fdadfe7eb40>,52,2,[3 6],85,135,137,50,116
1,<environment.Job instance at 0x7fda954ffeb0>,0,14,[5 5],1,1,15,0,1
1,<environment.Job instance at 0x7fda955c17d0>,7,16,[9 2],14,17,33,3,17
1,<environment.Job instance at 0x7fda955c1f50>,11,26,[8 5],19,40,66,21,40
1,<environment.Job instance at 0x7fdae01756e0>,17,12,[9 3],30,66,78,36,51
1,<environment.Job instance at 0x7fdad97f6050>,26,12,[4 7],45,78,90,33,61
1,<environment.Job instance at 0x7fda959a6550>,32,2,[4 5],55,90,92,35,75
1,<environment.Job instance at 0x7fda959a6960>,31,18,[3 8],53,92,110,39,81
1,<environment.Job instance at 0x7fda959a69b0>,34,14,[3 5],57,110,124,53,110
1,<environment.Job instance at 0x7fdadfcd8c30>,43,14,[6 4],67,110,124,43,110
1,<environment.Job instance at 0x7fdadfcd8640>,45,13,[10  4],69,124,137,55,113
1,<environment.Job instance at 0x7fda95b39410>,0,15,[10  5],1,1,16,0,1
1,<environment.Job instance at 0x7fda95b1cbe0>,9,18,[3 5],12,16,34,4,12
1,<environment.Job instance at 0x7fda95426140>,15,2,[5 5],19,19,21,0,19
1,<environment.Job instance at 0x7fda95b1c370>,13,15,[8 2],16,34,49,18,20
1,<environment.Job instance at 0x7fda9542ce60>,21,14,[ 1 10],25,49,63,24,35
1,<environment.Job instance at 0x7fda9542c960>,30,17,[5 6],35,63,80,28,51
1,<environment.Job instance at 0x7fda9542dfa0>,38,2,[4 8],51,80,82,29,67
1,<environment.Job instance at 0x7fda9542dbe0>,39,15,[4 8],52,82,97,30,68
1,<environment.Job instance at 0x7fdadfe82320>,46,16,[6 5],60,97,113,37,84
1,<environment.Job instance at 0x7fdadfe82fa0>,51,16,[1 8],66,113,129,47,101
1,<environment.Job instance at 0x7fda953a6be0>,55,14,[1 6],71,129,143,58,115
1,<environment.Job instance at 0x7fda95bd6b90>,1,18,[4 7],3,3,21,0,3
1,<environment.Job instance at 0x7fdae00a4af0>,6,12,[9 4],10,21,33,11,10
1,<environment.Job instance at 0x7fdae008a640>,14,15,[7 3],24,33,48,9,24
1,<environment.Job instance at 0x7fdae008a190>,19,2,[1 6],31,31,33,0,31
1,<environment.Job instance at 0x7fda95cc85f0>,20,16,[ 4 10],32,48,64,16,35
1,<environment.Job instance at 0x7fda95ca6910>,23,15,[4 8],36,64,79,28,51
1,<environment.Job instance at 0x7fda959b7d20>,31,16,[ 3 10],47,79,95,32,66
1,<environment.Job instance at 0x7fdae01fc460>,37,13,[5 1],54,95,108,41,80
1,<environment.Job instance at 0x7fdad98cd460>,40,13,[8 2],60,108,121,48,105
1,<environment.Job instance at 0x7fdae008afa0>,18,17,[6 3],30,121,138,91,109
1,<environment.Job instance at 0x7fda95366460>,0,26,[5 5],1,5,31,4,5
1,<environment.Job instance at 0x7fdae0168b40>,8,17,[1 8],15,31,48,16,19
1,<environment.Job instance at 0x7fdad92365f0>,15,16,[8 1],25,31,47,6,31
1,<environment.Job instance at 0x7fdad9808190>,17,17,[4 8],27,48,65,21,36
1,<environment.Job instance at 0x7fdae01a9b40>,23,17,[5 3],34,65,82,31,53
1,<environment.Job instance at 0x7fdad9174410>,26,16,[5 1],38,54,70,16,54
1,<environment.Job instance at 0x7fdad9614eb0>,18,18,[5 5],28,70,88,42,61
1,<environment.Job instance at 0x7fda957bb0a0>,35,26,[5 4],51,82,108,31,80
1,<environment.Job instance at 0x7fdae0356140>,42,17,[3 8],62,108,125,46,96
1,<environment.Job instance at 0x7fdadfca3960>,46,12,[1 8],70,125,137,55,112
1,<environment.Job instance at 0x7fdadfca3a50>,48,14,[9 1],73,125,139,52,115
1,<environment.Job instance at 0x7fdadff20eb0>,1,3,[5 4],3,3,6,0,3
1,<environment.Job instance at 0x7fdae00431e0>,2,14,[5 5],4,4,18,0,4
1,<environment.Job instance at 0x7fda95441f00>,14,18,[8 4],20,31,49,11,31
1,<environment.Job instance at 0x7fda95b4b6e0>,26,12,[6 4],33,50,62,17,50
1,<environment.Job instance at 0x7fda95b4b1e0>,28,2,[1 7],35,62,64,27,50
1,<environment.Job instance at 0x7fda95b4b640>,29,1,[5 6],36,64,65,28,52
1,<environment.Job instance at 0x7fda95b4bb40>,30,17,[1 5],37,65,82,28,56
1,<environment.Job instance at 0x7fda95b4b190>,32,12,[3 7],39,82,94,43,65
1,<environment.Job instance at 0x7fdad930e370>,39,18,[7 4],51,94,112,43,83
1,<environment.Job instance at 0x7fda958db050>,46,3,[2 6],68,117,120,49,117
1,<environment.Job instance at 0x7fda958dbd20>,47,3,[1 5],69,120,123,51,117
1,<environment.Job instance at 0x7fda95b4b3c0>,24,18,[3 9],31,123,141,92,117
1,<environment.Job instance at 0x7fdae03b3a00>,3,16,[5 1],5,5,21,0,5
1,<environment.Job instance at 0x7fda9595a140>,5,15,[9 5],8,21,36,13,13
1,<environment.Job instance at 0x7fda956472d0>,22,13,[6 5],28,36,49,8,31
1,<environment.Job instance at 0x7fdad987abe0>,23,17,[ 2 10],30,49,66,19,38
1,<environment.Job instance at 0x7fdad9862b40>,33,1,[ 5 10],42,66,67,24,54
1,<environment.Job instance at 0x7fda95622550>,34,13,[ 4 10],44,67,80,23,54
1,<environment.Job instance at 0x7fda95647a50>,21,18,[3 6],26,94,112,68,94
1,<environment.Job instance at 0x7fdad9854c80>,49,14,[3 9],65,112,126,47,97
1,<environment.Job instance at 0x7fdad98547d0>,51,15,[4 7],69,126,141,57,112
1,<environment.Job instance at 0x7fefc57c8780>,1,14,[7 5],5,5,19,0,5
1,<environment.Job instance at 0x7fefc0375320>,5,2,[1 6],10,19,21,9,10
1,<environment.Job instance at 0x7fefc0375370>,4,13,[3 6],9,21,34,12,10
1,<environment.Job instance at 0x7fefc0375aa0>,11,23,[6 4],20,20,43,0,20
1,<environment.Job instance at 0x7fefc0375cd0>,14,3,[2 8],23,43,46,20,23
1,<environment.Job instance at 0x7fefc0375a00>,18,15,[5 5],29,46,61,17,33
1,<environment.Job instance at 0x7fefc03793c0>,21,12,[6 2],33,61,73,28,44
1,<environment.Job instance at 0x7fefc03796e0>,25,17,[4 6],37,61,78,24,51
1,<environment.Job instance at 0x7fefc0379b90>,30,21,[5 9],42,78,99,36,70
1,<environment.Job instance at 0x7fefc0379cd0>,33,16,[1 9],46,99,115,53,86
1,<environment.Job instance at 0x7fefc037b550>,41,3,[5 1],59,97,100,38,97
1,<environment.Job instance at 0x7fefc037b5a0>,43,15,[5 6],62,115,130,53,101
1,<environment.Job instance at 0x7fefc037bb90>,46,13,[4 6],67,130,143,63,114
1,<environment.Job instance at 0x7fefc03771e0>,51,13,[4 7],76,143,156,67,127
1,<environment.Job instance at 0x7fefc037b6e0>,0,2,[2 7],2,2,4,0,2
1,<environment.Job instance at 0x7fefc57aba50>,2,14,[8 4],4,4,18,0,4
1,<environment.Job instance at 0x7fefc58edd20>,6,16,[7 5],11,18,34,7,14
1,<environment.Job instance at 0x7fefc57adf50>,22,18,[7 5],32,34,52,2,32
1,<environment.Job instance at 0x7fefc58f5c30>,35,1,[9 5],50,52,53,2,50
1,<environment.Job instance at 0x7fefc58f56e0>,34,2,[4 7],49,53,55,4,50
1,<environment.Job instance at 0x7fefc58f5e10>,36,28,[ 2 10],51,79,107,28,79
1,<environment.Job instance at 0x7fefc58fecd0>,57,2,[ 1 10],89,107,109,18,89
1,<environment.Job instance at 0x7fefc58ee500>,61,2,[7 4],96,109,111,13,96
1,<environment.Job instance at 0x7fefc58ff190>,42,14,[1 9],61,111,125,50,97
1,<environment.Job instance at 0x7fefc58ee2d0>,62,18,[8 2],97,125,143,28,114
1,<environment.Job instance at 0x7fefc5808aa0>,63,23,[2 7],99,128,151,29,128
1,<environment.Job instance at 0x7fef7a667640>,1,1,[5 4],2,2,3,0,2
1,<environment.Job instance at 0x7fef7a6760f0>,3,20,[7 5],4,4,24,0,4
1,<environment.Job instance at 0x7fef7a631730>,9,14,[8 2],17,45,59,28,45
1,<environment.Job instance at 0x7fef7a695d20>,20,20,[ 2 10],29,65,85,36,65
1,<environment.Job instance at 0x7fef7a695aa0>,21,15,[5 5],30,85,100,55,71
1,<environment.Job instance at 0x7fef7a726690>,10,13,[6 2],18,105,118,87,105
1,<environment.Job instance at 0x7fefc012f190>,27,21,[1 6],36,110,131,74,110
1,<environment.Job instance at 0x7fef7a7267d0>,11,16,[10  4],20,131,147,111,128
1,<environment.Job instance at 0x7fefc076cdc0>,1,1,[6 4],3,3,4,0,3
1,<environment.Job instance at 0x7fefc07e6820>,2,17,[8 5],4,4,21,0,4
1,<environment.Job instance at 0x7fef7a6c6b90>,10,13,[4 8],15,21,34,6,19
1,<environment.Job instance at 0x7fefc0365dc0>,12,18,[9 5],17,34,52,17,30
1,<environment.Job instance at 0x7fef7aca5b40>,21,18,[2 5],28,55,73,27,55
1,<environment.Job instance at 0x7fef7a610d70>,25,13,[6 5],32,55,68,23,55
1,<environment.Job instance at 0x7fef7a610460>,27,1,[9 2],34,73,74,39,55
1,<environment.Job instance at 0x7fef7a610690>,28,2,[8 2],36,68,70,32,55
1,<environment.Job instance at 0x7fef7aad4460>,18,16,[5 3],24,74,90,50,63
1,<environment.Job instance at 0x7fef7a6954b0>,34,17,[1 6],46,74,91,28,74
1,<environment.Job instance at 0x7fef7a695910>,36,3,[2 6],48,91,94,43,76
1,<environment.Job instance at 0x7fef7a6955a0>,37,15,[4 5],49,94,109,45,81
1,<environment.Job instance at 0x7fef7a621a00>,43,12,[2 7],58,109,121,51,93
1,<environment.Job instance at 0x7fef7a610050>,26,16,[ 5 10],33,121,137,88,108
1,<environment.Job instance at 0x7fef7ab009b0>,52,17,[7 1],70,137,154,67,128
1,<environment.Job instance at 0x7fef7ab009b0>,4,17,[4 6],7,7,24,0,7
1,<environment.Job instance at 0x7fefc015b9b0>,7,14,[5 6],11,24,38,13,12
1,<environment.Job instance at 0x7fef7a93fc80>,1,17,[7 4],2,38,55,36,29
1,<environment.Job instance at 0x7fef7a9b1f00>,17,18,[4 5],30,55,73,25,44
1,<environment.Job instance at 0x7fef7a9d84b0>,25,2,[1 9],41,73,75,32,55
1,<environment.Job instance at 0x7fefc4cbb870>,26,1,[5 1],42,55,56,13,55
1,<environment.Job instance at 0x7fef7a9a09b0>,11,13,[1 5],19,75,88,56,61
1,<environment.Job instance at 0x7fef7a9e8780>,28,2,[1 6],44,88,90,44,62
1,<environment.Job instance at 0x7fef7a9e8320>,31,13,[4 6],47,90,103,43,75
1,<environment.Job instance at 0x7fef7a9e8280>,29,15,[9 2],45,75,90,30,75
1,<environment.Job instance at 0x7fef7a9e1b90>,40,19,[6 1],60,90,109,30,85
1,<environment.Job instance at 0x7fef7a9a2460>,34,13,[4 8],53,103,116,50,90
1,<environment.Job instance at 0x7fef7a9c3730>,47,16,[4 9],73,116,132,43,105
1,<environment.Job instance at 0x7fef7a9c3cd0>,44,1,[5 8],68,132,133,64,109
1,<environment.Job instance at 0x7fef7a9e5c80>,49,2,[5 6],78,133,135,55,121
1,<environment.Job instance at 0x7fef7a9e8a00>,0,13,[7 4],1,1,14,0,1
1,<environment.Job instance at 0x7fef7a5fbe60>,4,17,[9 2],7,14,31,7,7
1,<environment.Job instance at 0x7fefc07fe690>,28,25,[5 5],37,41,66,4,41
1,<environment.Job instance at 0x7fefc07fe1e0>,27,12,[2 9],35,66,78,31,51
1,<environment.Job instance at 0x7fefc07fec80>,35,1,[5 1],48,64,65,16,64
1,<environment.Job instance at 0x7fefc07fe960>,36,15,[1 6],49,78,93,29,64
1,<environment.Job instance at 0x7fefc07fe0f0>,37,17,[5 9],50,93,110,43,81
1,<environment.Job instance at 0x7fefc080e140>,42,13,[9 1],55,110,123,55,104
1,<environment.Job instance at 0x7fef7aa0a460>,24,13,[ 5 10],31,123,136,92,109
1,<environment.Job instance at 0x7fefc080e370>,47,2,[7 2],61,136,138,75,123
1,<environment.Job instance at 0x7fef7ac219b0>,54,1,[5 3],71,138,139,67,129
1,<environment.Job instance at 0x7fefc0668820>,1,17,[6 4],2,2,19,0,2
1,<environment.Job instance at 0x7fefc0400af0>,12,13,[4 7],15,19,32,4,15
1,<environment.Job instance at 0x7fef7aa3b0a0>,8,21,[ 2 10],11,32,53,21,25
1,<environment.Job instance at 0x7fefc0276c80>,22,15,[ 3 10],27,53,68,26,43
1,<environment.Job instance at 0x7fef7abef3c0>,28,15,[3 9],39,68,83,29,60
1,<environment.Job instance at 0x7fefc089fb40>,9,15,[10  2],12,83,98,71,74
1,<environment.Job instance at 0x7fefc4e001e0>,46,16,[9 2],62,109,125,47,109
1,<environment.Job instance at 0x7fefc02a8e10>,49,15,[10  3],67,125,140,58,120
1,<environment.Job instance at 0x7fef7abefaf0>,1,17,[ 4 10],2,2,19,0,2
1,<environment.Job instance at 0x7fef7a94f3c0>,5,15,[10  1],8,34,49,26,34
1,<environment.Job instance at 0x7fef7a94c5a0>,23,3,[3 9],30,49,52,19,34
1,<environment.Job instance at 0x7fef7a94ce10>,30,17,[2 7],38,52,69,14,45
1,<environment.Job instance at 0x7fef7a94c8c0>,26,15,[5 5],34,69,84,35,55
1,<environment.Job instance at 0x7fef7a94ce60>,29,12,[3 7],37,84,96,47,67
1,<environment.Job instance at 0x7fef7a94eb90>,43,12,[6 5],61,96,108,35,80
1,<environment.Job instance at 0x7fef7a94cd20>,31,16,[8 4],39,108,124,69,95
1,<environment.Job instance at 0x7fef7a956280>,50,12,[10  1],71,124,136,53,109
1,<environment.Job instance at 0x7fef7a956f50>,60,12,[9 3],83,136,148,53,126
1,<environment.Job instance at 0x7fef7a956500>,0,3,[2 7],1,1,4,0,1
1,<environment.Job instance at 0x7fefc01bcbe0>,8,21,[7 3],13,22,43,9,22
1,<environment.Job instance at 0x7fefc025cc80>,13,18,[1 7],20,22,40,2,22
1,<environment.Job instance at 0x7fefc025c0a0>,14,14,[1 7],21,40,54,19,26
1,<environment.Job instance at 0x7fefc0491fa0>,18,12,[6 4],28,54,66,26,40
1,<environment.Job instance at 0x7fef7ab5eeb0>,20,15,[2 5],34,54,69,20,40
1,<environment.Job instance at 0x7fefc5312410>,24,18,[9 4],38,69,87,31,59
1,<environment.Job instance at 0x7fefc025c870>,16,16,[1 6],25,70,86,45,70
1,<environment.Job instance at 0x7fefc025cc30>,15,15,[ 5 10],24,87,102,63,78
1,<environment.Job instance at 0x7fef7a620a50>,28,1,[10  4],42,102,103,60,81
1,<environment.Job instance at 0x7fefc0307c80>,37,1,[4 7],57,110,111,53,110
1,<environment.Job instance at 0x7fefc0307640>,38,15,[2 9],58,111,126,53,110
1,<environment.Job instance at 0x7fefc0307fa0>,39,13,[8 2],59,126,139,67,110
1,<environment.Job instance at 0x7fefc0520a00>,0,1,[6 1],1,1,2,0,1
1,<environment.Job instance at 0x7fefc0497960>,2,12,[10  2],3,3,15,0,3
1,<environment.Job instance at 0x7fefc0520e60>,5,15,[9 4],9,15,30,6,9
1,<environment.Job instance at 0x7fefc04d2690>,18,12,[4 5],24,30,42,6,24
1,<environment.Job instance at 0x7fefc030c370>,17,16,[5 6],23,42,58,19,31
1,<environment.Job instance at 0x7fef7a98a5f0>,26,15,[7 3],38,58,73,20,45
1,<environment.Job instance at 0x7fefc0686280>,36,13,[9 4],51,73,86,22,65
1,<environment.Job instance at 0x7fef7a9e6c80>,44,17,[ 2 10],64,86,103,22,78
1,<environment.Job instance at 0x7fefc50cf550>,48,15,[ 1 10],71,103,118,32,89
1,<environment.Job instance at 0x7fefc504f1e0>,15,17,[5 8],21,118,135,97,115
1,<environment.Job instance at 0x7fefc4c87e10>,57,18,[10  1],86,135,153,49,127
1,<environment.Job instance at 0x7fefc58f0730>,4,14,[5 5],7,7,21,0,7
1,<environment.Job instance at 0x7fefc4cd3b90>,7,25,[10  4],10,41,66,31,41
1,<environment.Job instance at 0x7fefc4cb0cd0>,26,17,[2 7],38,66,83,28,54
1,<environment.Job instance at 0x7fefc4cab820>,37,12,[7 1],52,80,92,28,80
1,<environment.Job instance at 0x7fefc4cb07d0>,18,18,[4 6],26,92,110,66,84
1,<environment.Job instance at 0x7fefc4cabd70>,41,12,[3 5],57,110,122,53,93
1,<environment.Job instance at 0x7fefc4cab7d0>,36,19,[4 5],51,110,129,59,101
1,<environment.Job instance at 0x7fefc4cae5f0>,51,18,[1 8],71,129,147,58,118
1,<environment.Job instance at 0x7fefc4cb9cd0>,1,18,[6 4],4,4,22,0,4
1,<environment.Job instance at 0x7fefc07da820>,14,13,[7 1],18,22,35,4,21
1,<environment.Job instance at 0x7fefc07da550>,8,18,[2 9],11,34,52,23,34
1,<environment.Job instance at 0x7fef7a5c2690>,27,17,[7 1],35,35,52,0,35
1,<environment.Job instance at 0x7fef7a5c2e10>,29,13,[6 2],38,52,65,14,38
1,<environment.Job instance at 0x7fef7a5c2370>,26,25,[3 8],34,55,80,21,55
1,<environment.Job instance at 0x7fefc5356be0>,42,14,[2 6],60,80,94,20,70
1,<environment.Job instance at 0x7fef7a4be910>,52,14,[4 5],74,98,112,24,98
1,<environment.Job instance at 0x7fefc56bceb0>,50,15,[2 9],72,112,127,40,98
1,<environment.Job instance at 0x7fef7a4be550>,53,16,[10  1],75,127,143,52,114
1,<environment.Job instance at 0x7fefc4f2c500>,1,15,[4 5],5,5,20,0,5
1,<environment.Job instance at 0x7fef7ab8eb90>,5,12,[9 4],12,20,32,8,16
1,<environment.Job instance at 0x7fef7ab8e280>,10,16,[3 7],20,32,48,12,20
1,<environment.Job instance at 0x7fefc086f320>,18,2,[10  1],30,48,50,18,30
1,<environment.Job instance at 0x7fefc086faf0>,13,13,[3 7],24,50,63,26,36
1,<environment.Job instance at 0x7fefc086f460>,20,15,[5 2],32,50,65,18,42
1,<environment.Job instance at 0x7fefc030fcd0>,26,13,[1 8],44,63,76,19,57
1,<environment.Job instance at 0x7fefc030f690>,34,16,[5 3],55,76,92,21,63
1,<environment.Job instance at 0x7fefc05cbaf0>,38,17,[8 4],62,92,109,30,81
1,<environment.Job instance at 0x7fefc05cb500>,47,14,[5 8],79,109,123,30,94
1,<environment.Job instance at 0x7fefc082e050>,50,21,[4 6],83,123,144,40,115
1,<environment.Job instance at 0x7fefc4cb4690>,2,16,[9 2],4,5,21,1,5
1,<environment.Job instance at 0x7fefc0793aa0>,6,26,[8 5],9,21,47,12,21
1,<environment.Job instance at 0x7fefc077bdc0>,21,12,[4 7],35,47,59,12,35
1,<environment.Job instance at 0x7fefc077b8c0>,22,17,[9 3],36,59,76,23,47
1,<environment.Job instance at 0x7fefc079bbe0>,14,17,[3 6],23,76,93,53,67
1,<environment.Job instance at 0x7fefc4c3b780>,35,21,[8 4],54,93,114,39,85
1,<environment.Job instance at 0x7fefc0793410>,10,15,[2 7],16,114,129,98,100
1,<environment.Job instance at 0x7fefc4d40be0>,44,19,[3 9],64,129,148,65,119
1,<environment.Job instance at 0x7fefc4c52f00>,2,3,[8 2],3,3,6,0,3
1,<environment.Job instance at 0x7fefc0817960>,3,15,[9 5],4,6,21,2,5
1,<environment.Job instance at 0x7fefc51c5730>,8,3,[3 7],10,21,24,11,13
1,<environment.Job instance at 0x7fefc0644dc0>,13,17,[5 6],15,24,41,9,16
1,<environment.Job instance at 0x7fefc0241140>,17,13,[6 5],23,41,54,18,25
1,<environment.Job instance at 0x7fef7a7e5190>,23,16,[9 5],33,54,70,21,41
1,<environment.Job instance at 0x7fefc07c5d70>,30,18,[1 9],41,70,88,29,59
1,<environment.Job instance at 0x7fef7a87e9b0>,37,15,[ 5 10],50,88,103,38,74
1,<environment.Job instance at 0x7fefc5784280>,40,13,[2 7],53,103,116,50,87
1,<environment.Job instance at 0x7fef7a7c4500>,47,1,[ 1 10],61,116,117,55,112
1,<environment.Job instance at 0x7fefc0222280>,48,15,[8 4],62,117,132,55,112
1,<environment.Job instance at 0x7fefc0222dc0>,50,12,[7 5],64,132,144,68,120
1,<environment.Job instance at 0x7fef7abea320>,54,13,[5 8],71,144,157,73,129
1,<environment.Job instance at 0x7fef7a7c8410>,0,2,[1 6],1,1,3,0,1
1,<environment.Job instance at 0x7fef7abeaaf0>,1,16,[ 4 10],2,3,19,1,2
1,<environment.Job instance at 0x7fef7a3504b0>,6,18,[1 5],9,19,37,10,9
1,<environment.Job instance at 0x7fef7a35d500>,14,2,[5 7],19,37,39,18,19
1,<environment.Job instance at 0x7fef7a35dd20>,13,16,[1 8],18,39,55,21,27
1,<environment.Job instance at 0x7fef7a3796e0>,21,13,[8 2],30,42,55,12,42
1,<environment.Job instance at 0x7fef7a379230>,26,18,[4 6],37,55,73,18,44
1,<environment.Job instance at 0x7fef7a3799b0>,33,17,[4 5],45,73,90,28,62
1,<environment.Job instance at 0x7fef7a307190>,37,14,[7 1],50,90,104,40,75
1,<environment.Job instance at 0x7fef7a307e10>,43,17,[4 6],59,104,121,45,93
1,<environment.Job instance at 0x7fef7a2fc780>,46,20,[1 6],65,121,141,56,112
1,<environment.Job instance at 0x7fefc0612780>,0,16,[3 8],3,3,19,0,3
1,<environment.Job instance at 0x7fefc04decd0>,7,14,[5 2],12,19,33,7,19
1,<environment.Job instance at 0x7fefc06eae10>,12,16,[3 7],20,22,38,2,22
1,<environment.Job instance at 0x7fefc0734f50>,11,13,[1 7],19,38,51,19,22
1,<environment.Job instance at 0x7fefc04aa6e0>,17,12,[1 8],30,51,63,21,34
1,<environment.Job instance at 0x7fefc04aa5f0>,18,15,[9 4],32,63,78,31,51
1,<environment.Job instance at 0x7fefc04e85a0>,27,26,[6 5],45,78,104,33,75
1,<environment.Job instance at 0x7fefc0368370>,32,25,[3 5],50,80,105,30,80
1,<environment.Job instance at 0x7fefc01eec30>,40,13,[1 7],59,105,118,46,92
1,<environment.Job instance at 0x7fefc01f3910>,48,12,[4 9],71,118,130,47,110
1,<environment.Job instance at 0x7fefc01f3e10>,41,15,[4 5],60,130,145,70,121
1,<environment.Job instance at 0x7fefc03c08c0>,51,2,[4 9],74,145,147,71,121
1,<environment.Job instance at 0x7fef7ab76f50>,10,12,[7 5],21,21,33,0,21
1,<environment.Job instance at 0x7fefc059b910>,18,28,[5 9],30,38,66,8,38
1,<environment.Job instance at 0x7fef7a9333c0>,25,14,[10  4],41,66,80,25,54
1,<environment.Job instance at 0x7fefc00f4dc0>,16,3,[8 2],28,80,83,52,58
1,<environment.Job instance at 0x7fef7a3d9960>,30,13,[ 3 10],49,83,96,34,67
1,<environment.Job instance at 0x7fef7aa0c730>,33,19,[6 3],52,96,115,44,86
1,<environment.Job instance at 0x7fef7aa0cd20>,37,2,[1 5],57,96,98,39,87
1,<environment.Job instance at 0x7fefc4bb1b40>,41,3,[ 5 10],61,115,118,54,102
1,<environment.Job instance at 0x7fefc4bb1230>,44,28,[6 3],65,118,146,53,117
1,<environment.Job instance at 0x7fefc063c690>,0,13,[5 5],3,3,16,0,3
1,<environment.Job instance at 0x7fefc067d730>,12,17,[3 8],21,21,38,0,21
1,<environment.Job instance at 0x7fefc067dd70>,15,15,[9 4],25,38,53,13,25
1,<environment.Job instance at 0x7fefc067df50>,18,3,[8 2],30,53,56,23,36
1,<environment.Job instance at 0x7fef7a44b460>,20,13,[9 4],32,56,69,24,40
1,<environment.Job instance at 0x7fef7ace71e0>,4,15,[4 7],9,69,84,60,65
1,<environment.Job instance at 0x7fef7a44b0a0>,26,15,[6 4],41,84,99,43,81
1,<environment.Job instance at 0x7fefc024e370>,31,13,[7 1],48,99,112,51,93
1,<environment.Job instance at 0x7fefc024eeb0>,34,12,[10  2],52,112,124,60,96
1,<environment.Job instance at 0x7fefc575b5a0>,45,18,[4 9],65,124,142,59,124
1,<environment.Job instance at 0x7fefc01fe230>,1,12,[1 8],5,5,17,0,5
1,<environment.Job instance at 0x7fef7aa024b0>,12,1,[5 7],25,34,35,9,34
1,<environment.Job instance at 0x7fef7aa02690>,15,2,[6 4],28,37,39,9,37
1,<environment.Job instance at 0x7fef7a994190>,10,17,[1 8],22,39,56,17,37
1,<environment.Job instance at 0x7fef7a298d20>,18,14,[6 2],31,52,66,21,52
1,<environment.Job instance at 0x7fef7a653910>,22,17,[10  5],41,66,83,25,55
1,<environment.Job instance at 0x7fefc514e050>,29,18,[8 4],48,83,101,35,72
1,<environment.Job instance at 0x7fefc514e460>,30,18,[2 5],49,83,101,34,79
1,<environment.Job instance at 0x7fef7a653960>,26,15,[10  4],45,101,116,56,96
1,<environment.Job instance at 0x7fefc4c244b0>,48,17,[10  3],70,121,138,51,121
1,<environment.Job instance at 0x7fefc5150370>,54,12,[4 7],77,138,150,61,128
1,<environment.Job instance at 0x7f83b2a5f4b0>,1,14,[7 5],5,5,19,0,5
1,<environment.Job instance at 0x7f83ab60c370>,4,13,[3 6],9,19,32,10,9
1,<environment.Job instance at 0x7f83ab60c500>,7,14,[7 5],12,32,46,20,20
1,<environment.Job instance at 0x7f83ab610050>,18,15,[5 5],29,46,61,17,33
1,<environment.Job instance at 0x7f83ab610780>,24,12,[8 5],36,61,73,25,45
1,<environment.Job instance at 0x7f83ab610410>,20,17,[9 3],32,73,90,41,62
1,<environment.Job instance at 0x7f83ab610b40>,30,21,[5 9],42,90,111,48,85
1,<environment.Job instance at 0x7f83ab610fa0>,33,16,[1 9],46,111,127,65,98
1,<environment.Job instance at 0x7f83ab60e9b0>,43,15,[5 6],62,127,142,65,113
1,<environment.Job instance at 0x7f83ab60e320>,38,15,[8 3],56,142,157,86,129
1,<environment.Job instance at 0x7f83b2a43320>,0,16,[7 5],1,1,17,0,1
1,<environment.Job instance at 0x7f83b2b91e60>,12,16,[5 2],16,17,33,1,16
1,<environment.Job instance at 0x7f83b2b88550>,24,16,[6 2],32,33,49,1,32
1,<environment.Job instance at 0x7f83b2b88af0>,25,3,[5 3],33,49,52,16,33
1,<environment.Job instance at 0x7f83b2a422d0>,26,2,[4 6],34,34,36,0,34
1,<environment.Job instance at 0x7f83b2b8c280>,21,14,[7 2],27,52,66,25,39
1,<environment.Job instance at 0x7f83b2b8fa00>,35,13,[3 8],48,53,66,5,53
1,<environment.Job instance at 0x7f83b2b95870>,45,16,[4 9],69,73,89,4,73
1,<environment.Job instance at 0x7f83b2b88b40>,23,16,[6 4],30,89,105,59,77
1,<environment.Job instance at 0x7f83678aabe0>,58,1,[4 5],94,104,105,10,104
1,<environment.Job instance at 0x7f83679795a0>,63,14,[7 3],106,106,120,0,106
1,<environment.Job instance at 0x7f836798f320>,64,2,[1 5],107,107,109,0,107
1,<environment.Job instance at 0x7f836798fbe0>,65,19,[5 3],108,120,139,12,110
1,<environment.Job instance at 0x7f83679bc550>,73,2,[4 9],119,139,141,20,129
1,<environment.Job instance at 0x7f83679bc7d0>,74,16,[5 3],120,141,157,21,129
1,<environment.Job instance at 0x7f83678699b0>,1,14,[ 1 10],2,2,16,0,2
1,<environment.Job instance at 0x7f8367869690>,7,2,[10  3],8,16,18,8,9
1,<environment.Job instance at 0x7f83678bebe0>,11,17,[3 6],12,18,35,6,12
1,<environment.Job instance at 0x7f83678be8c0>,16,16,[1 8],17,35,51,18,22
1,<environment.Job instance at 0x7f83ab3b7640>,19,17,[8 5],20,51,68,31,39
1,<environment.Job instance at 0x7f8367869d70>,6,16,[6 5],7,68,84,61,61
1,<environment.Job instance at 0x7f83ab84c0a0>,22,16,[6 2],24,84,100,60,73
1,<environment.Job instance at 0x7f83678bd8c0>,15,21,[1 6],16,84,105,68,78
1,<environment.Job instance at 0x7f83678579b0>,35,19,[1 5],41,105,124,64,95
1,<environment.Job instance at 0x7f8367859820>,46,14,[4 5],56,112,126,56,112
1,<environment.Job instance at 0x7f83678b8500>,27,12,[4 7],32,126,138,94,112
1,<environment.Job instance at 0x7f83678d0640>,51,15,[3 5],65,138,153,73,124
1,<environment.Job instance at 0x7f83679ce3c0>,1,13,[6 5],2,2,15,0,2
1,<environment.Job instance at 0x7f83abac1fa0>,10,17,[1 6],16,16,33,0,16
1,<environment.Job instance at 0x7f83ab600cd0>,18,20,[4 9],27,33,53,6,27
1,<environment.Job instance at 0x7f83ab3b9e10>,28,17,[7 1],40,53,70,13,44
1,<environment.Job instance at 0x7f83ab3b92d0>,32,20,[6 2],46,70,90,24,63
1,<environment.Job instance at 0x7f8367d597d0>,37,14,[7 5],54,90,104,36,79
1,<environment.Job instance at 0x7f83ab70f7d0>,47,18,[2 9],74,104,122,30,101
1,<environment.Job instance at 0x7f8367e0aa50>,50,26,[9 1],77,122,148,45,119
1,<environment.Job instance at 0x7f8367ccc050>,44,26,[1 9],69,128,154,59,128
1,<environment.Job instance at 0x7f83b2026190>,0,2,[1 9],1,1,3,0,1
1,<environment.Job instance at 0x7f83ab3fdb90>,2,18,[5 8],3,3,21,0,3
1,<environment.Job instance at 0x7f83b2026820>,3,2,[1 6],4,21,23,17,4
1,<environment.Job instance at 0x7f8367c4cb40>,7,12,[10  5],9,23,35,14,16
1,<environment.Job instance at 0x7f8367fcd640>,14,13,[4 8],19,35,48,16,21
1,<environment.Job instance at 0x7f8367fcc6e0>,22,16,[4 9],33,48,64,15,37
1,<environment.Job instance at 0x7f8367fcc320>,28,13,[ 4 10],45,64,77,19,48
1,<environment.Job instance at 0x7f8367fb0dc0>,31,14,[2 5],48,77,91,29,69
1,<environment.Job instance at 0x7f8367fb0410>,35,2,[10  3],56,91,93,35,76
1,<environment.Job instance at 0x7f8367fb06e0>,39,2,[8 3],60,78,80,18,78
1,<environment.Job instance at 0x7f8367fccd20>,26,16,[1 6],41,93,109,52,80
1,<environment.Job instance at 0x7f8367fa13c0>,43,3,[4 8],69,109,112,40,95
1,<environment.Job instance at 0x7f8367fcc0a0>,23,14,[3 7],37,112,126,75,100
1,<environment.Job instance at 0x7f8367fb0640>,41,13,[3 7],64,126,139,62,114
1,<environment.Job instance at 0x7f8367faf5f0>,49,3,[3 6],76,139,142,63,118
1,<environment.Job instance at 0x7f8367faf320>,50,1,[ 1 10],79,142,143,63,119
1,<environment.Job instance at 0x7f8367faf1e0>,51,2,[4 6],80,143,145,63,119
1,<environment.Job instance at 0x7f83b23922d0>,55,2,[7 4],88,139,141,51,120
1,<environment.Job instance at 0x7f83b2392fa0>,56,13,[7 4],91,145,158,54,129
1,<environment.Job instance at 0x7f83b2368960>,0,16,[6 1],1,1,17,0,1
1,<environment.Job instance at 0x7f8367e9b910>,16,1,[5 3],21,32,33,11,32
1,<environment.Job instance at 0x7f8367e9b2d0>,19,13,[1 6],25,38,51,13,38
1,<environment.Job instance at 0x7f8367ece500>,15,27,[7 1],18,40,67,22,40
1,<environment.Job instance at 0x7f8367e9b5a0>,21,13,[2 7],27,51,64,24,46
1,<environment.Job instance at 0x7f8367e9b870>,17,18,[ 4 10],23,71,89,48,71
1,<environment.Job instance at 0x7f83b1f28460>,35,17,[7 5],46,89,106,43,77
1,<environment.Job instance at 0x7f83abaac690>,41,14,[5 4],56,106,120,50,91
1,<environment.Job instance at 0x7f83abaac8c0>,44,13,[3 7],59,120,133,61,105
1,<environment.Job instance at 0x7f83abaacfa0>,49,1,[10  1],68,133,134,65,126
1,<environment.Job instance at 0x7f83b1f28eb0>,34,18,[1 8],45,134,152,89,126
1,<environment.Job instance at 0x7f83abaaab40>,53,15,[5 2],74,134,149,60,133
1,<environment.Job instance at 0x7f836790d7d0>,2,17,[7 4],5,6,23,1,6
1,<environment.Job instance at 0x7f8367cc4dc0>,6,3,[2 7],13,23,26,10,13
1,<environment.Job instance at 0x7f83ab719e60>,7,1,[2 7],14,26,27,12,14
1,<environment.Job instance at 0x7f83ab770190>,12,18,[10  1],21,27,45,6,21
1,<environment.Job instance at 0x7f83ab5bf640>,13,2,[6 3],23,23,25,0,23
1,<environment.Job instance at 0x7f83ab5bfb40>,14,17,[6 2],24,45,62,21,33
1,<environment.Job instance at 0x7f83ab4766e0>,1,16,[9 2],2,62,78,60,49
1,<environment.Job instance at 0x7f83b24a0aa0>,28,17,[5 3],44,78,95,34,67
1,<environment.Job instance at 0x7f83ab938050>,33,23,[1 6],53,81,104,28,81
1,<environment.Job instance at 0x7f83ab589a50>,29,18,[ 2 10],46,106,124,60,106
1,<environment.Job instance at 0x7f83ab938640>,36,22,[ 3 10],61,124,146,63,117
1,<environment.Job instance at 0x7f83ab68e960>,48,15,[10  1],78,146,161,68,132
1,<environment.Job instance at 0x7f83ab68ee10>,1,17,[6 3],2,2,19,0,2
1,<environment.Job instance at 0x7f8367d1b2d0>,3,2,[1 5],5,5,7,0,5
1,<environment.Job instance at 0x7f83678b5d70>,15,3,[5 6],21,23,26,2,23
1,<environment.Job instance at 0x7f83678b5c30>,16,1,[9 4],23,26,27,3,23
1,<environment.Job instance at 0x7f83678b5fa0>,14,13,[6 5],20,27,40,7,24
1,<environment.Job instance at 0x7f83678b5cd0>,12,15,[5 6],18,40,55,22,29
1,<environment.Job instance at 0x7f836789f7d0>,21,2,[5 7],30,55,57,25,36
1,<environment.Job instance at 0x7f836789fd20>,27,2,[10  3],42,57,59,15,42
1,<environment.Job instance at 0x7f83678a83c0>,33,18,[2 8],49,59,77,10,58
1,<environment.Job instance at 0x7f83678a8870>,36,16,[6 2],54,72,88,18,72
1,<environment.Job instance at 0x7f83678a8370>,29,2,[4 9],44,88,90,44,78
1,<environment.Job instance at 0x7f83678a8e10>,40,13,[8 5],62,90,103,28,79
1,<environment.Job instance at 0x7f83678a8f00>,44,20,[3 6],69,103,123,34,94
1,<environment.Job instance at 0x7f83678a15a0>,50,18,[2 7],78,123,141,45,113
1,<environment.Job instance at 0x7f83678a1b40>,55,16,[1 6],85,141,157,56,128
1,<environment.Job instance at 0x7f83678a1d20>,57,12,[6 4],88,141,153,53,131
1,<environment.Job instance at 0x7f8367e7e690>,0,3,[3 8],1,1,4,0,1
1,<environment.Job instance at 0x7f8367e7e410>,3,12,[6 3],5,5,17,0,5
1,<environment.Job instance at 0x7f83b20bc780>,11,14,[1 7],21,21,35,0,21
1,<environment.Job instance at 0x7f83aba40c80>,7,14,[6 3],11,29,43,18,29
1,<environment.Job instance at 0x7f83b22ae410>,15,16,[7 2],26,43,59,17,31
1,<environment.Job instance at 0x7f8367a0c460>,22,2,[8 5],33,59,61,26,35
1,<environment.Job instance at 0x7f83ab611460>,26,14,[1 7],40,40,54,0,40
1,<environment.Job instance at 0x7f8367ed6c30>,29,13,[9 1],48,61,74,13,48
1,<environment.Job instance at 0x7f83679d39b0>,35,13,[10  1],55,74,87,19,69
1,<environment.Job instance at 0x7f83679f5d70>,37,15,[9 4],59,87,102,28,80
1,<environment.Job instance at 0x7f83ab72d7d0>,21,17,[5 8],32,102,119,70,90
1,<environment.Job instance at 0x7f8367e119b0>,53,17,[1 8],82,119,136,37,110
1,<environment.Job instance at 0x7f83aba40c30>,10,28,[7 1],14,119,147,105,118
1,<environment.Job instance at 0x7f8367e28190>,68,13,[9 4],101,147,160,46,138
1,<environment.Job instance at 0x7f83b25ed820>,3,25,[4 6],6,9,34,3,9
1,<environment.Job instance at 0x7f8367c038c0>,10,1,[1 7],17,34,35,17,22
1,<environment.Job instance at 0x7f8367c03be0>,11,17,[10  5],18,35,52,17,23
1,<environment.Job instance at 0x7f8367d37a00>,15,12,[1 6],27,52,64,25,45
1,<environment.Job instance at 0x7f8367ea4be0>,21,18,[7 3],35,52,70,17,46
1,<environment.Job instance at 0x7f8367d827d0>,28,15,[ 3 10],45,70,85,25,58
1,<environment.Job instance at 0x7f83677f70a0>,37,15,[3 6],58,85,100,27,71
1,<environment.Job instance at 0x7f83ab513410>,40,12,[4 6],62,100,112,38,83
1,<environment.Job instance at 0x7f83ab440be0>,44,18,[8 3],68,112,130,44,101
1,<environment.Job instance at 0x7f83b1ead230>,56,1,[ 5 10],84,130,131,46,122
1,<environment.Job instance at 0x7f83677f7e10>,36,13,[5 7],54,131,144,77,125
1,<environment.Job instance at 0x7f83ab3eb820>,4,15,[10  1],9,10,25,1,10
1,<environment.Job instance at 0x7f836797b460>,8,18,[ 2 10],13,25,43,12,19
1,<environment.Job instance at 0x7f836797b7d0>,13,1,[1 6],20,43,44,23,22
1,<environment.Job instance at 0x7f836797e5a0>,23,18,[9 1],35,43,61,8,39
1,<environment.Job instance at 0x7f836797e730>,25,14,[5 7],37,61,75,24,50
1,<environment.Job instance at 0x7f836797eaf0>,31,16,[4 6],44,75,91,31,62
1,<environment.Job instance at 0x7f836797ed70>,36,15,[7 2],50,91,106,41,77
1,<environment.Job instance at 0x7f836796c640>,43,13,[1 6],59,91,104,32,82
1,<environment.Job instance at 0x7f836797b230>,5,18,[7 4],10,106,124,96,98
1,<environment.Job instance at 0x7f83679914b0>,56,12,[10  3],79,125,137,46,125
1,<environment.Job instance at 0x7f8367991320>,57,1,[3 6],80,137,138,57,125
1,<environment.Job instance at 0x7f8367991460>,58,16,[ 3 10],82,138,154,56,126
1,<environment.Job instance at 0x7f8367a61910>,0,15,[7 4],1,2,17,1,2
1,<environment.Job instance at 0x7f8367a61b40>,3,3,[1 5],8,8,11,0,8
1,<environment.Job instance at 0x7f8367a61410>,4,1,[5 8],9,17,18,8,9
1,<environment.Job instance at 0x7f8367a61280>,5,16,[9 5],10,18,34,8,10
1,<environment.Job instance at 0x7f83abb36910>,17,3,[7 5],33,34,37,1,33
1,<environment.Job instance at 0x7f83abb366e0>,19,1,[10  3],38,38,39,0,38
1,<environment.Job instance at 0x7f83abb36f50>,20,13,[9 4],39,39,52,0,39
1,<environment.Job instance at 0x7f83abb36a00>,15,14,[4 9],31,52,66,21,39
1,<environment.Job instance at 0x7f83ab862eb0>,29,2,[10  1],50,66,68,16,60
1,<environment.Job instance at 0x7f83ab8629b0>,30,1,[2 5],51,68,69,17,60
1,<environment.Job instance at 0x7f83ab8625a0>,31,15,[5 2],52,68,83,16,60
1,<environment.Job instance at 0x7f83ab862dc0>,24,13,[3 7],44,69,82,25,62
1,<environment.Job instance at 0x7f83ab862280>,33,16,[9 4],56,83,99,27,70
1,<environment.Job instance at 0x7f8367f2b690>,42,2,[2 7],72,99,101,27,92
1,<environment.Job instance at 0x7f8367f2bb40>,43,1,[2 5],73,101,102,28,92
1,<environment.Job instance at 0x7f8367f2b780>,44,17,[6 5],74,101,118,27,93
1,<environment.Job instance at 0x7f8367f2b190>,46,12,[4 7],77,118,130,41,101
1,<environment.Job instance at 0x7f8367cfd410>,51,2,[2 6],87,130,132,43,108
1,<environment.Job instance at 0x7f8367cfda50>,52,15,[9 2],90,132,147,42,118
1,<environment.Job instance at 0x7f8367cfddc0>,56,17,[3 8],97,147,164,50,135
1,<environment.Job instance at 0x7f836764f0a0>,0,14,[5 5],1,1,15,0,1
1,<environment.Job instance at 0x7f83ab49baa0>,2,14,[2 8],4,15,29,11,5
1,<environment.Job instance at 0x7f83ab49b820>,7,16,[9 2],14,29,45,15,17
1,<environment.Job instance at 0x7f83aba4c230>,20,18,[ 3 10],34,45,63,11,34
1,<environment.Job instance at 0x7f83aba5ed70>,26,12,[4 7],45,63,75,18,50
1,<environment.Job instance at 0x7f83aba4c960>,21,16,[3 5],35,75,91,40,62
1,<environment.Job instance at 0x7f83aba5e8c0>,28,14,[7 1],48,75,89,27,62
1,<environment.Job instance at 0x7f83aba5ec80>,25,15,[9 3],41,91,106,50,78
1,<environment.Job instance at 0x7f83aba6b280>,43,14,[6 4],67,106,120,39,95
1,<environment.Job instance at 0x7f83b24f5b40>,49,19,[3 9],74,128,147,54,128
1,<environment.Job instance at 0x7f83b24f5f50>,52,18,[10  5],77,147,165,70,136
1,<environment.Job instance at 0x7f8367ec10a0>,2,3,[8 2],3,3,6,0,3
1,<environment.Job instance at 0x7f83b1ec2af0>,3,15,[9 5],4,6,21,2,4
1,<environment.Job instance at 0x7f83ab956b40>,12,3,[10  4],14,21,24,7,15
1,<environment.Job instance at 0x7f83ab956820>,13,17,[5 6],15,29,46,14,29
1,<environment.Job instance at 0x7f83ab956fa0>,15,2,[4 6],20,46,48,26,32
1,<environment.Job instance at 0x7f83ab949c80>,21,2,[4 8],31,48,50,17,35
1,<environment.Job instance at 0x7f83ab964550>,23,16,[9 5],33,50,66,17,41
1,<environment.Job instance at 0x7f83ab945f50>,11,20,[1 9],13,66,86,53,58
1,<environment.Job instance at 0x7f83679027d0>,30,18,[1 9],41,86,104,45,75
1,<environment.Job instance at 0x7f8367afb550>,40,13,[2 7],53,104,117,51,88
1,<environment.Job instance at 0x7f8367a5b2d0>,47,1,[ 1 10],61,117,118,56,107
1,<environment.Job instance at 0x7f836786aaf0>,34,16,[1 8],46,118,134,72,108
1,<environment.Job instance at 0x7f83ab82fa50>,50,12,[7 5],64,134,146,70,117
1,<environment.Job instance at 0x7f83abaf7960>,57,14,[6 5],75,146,160,71,137
1,<environment.Job instance at 0x7f83676156e0>,0,1,[5 7],2,2,3,0,2
1,<environment.Job instance at 0x7f8367a78af0>,2,17,[3 7],4,4,21,0,4
1,<environment.Job instance at 0x7f8367c91780>,4,16,[ 3 10],7,21,37,14,12
1,<environment.Job instance at 0x7f83ab3d2be0>,14,1,[1 6],22,37,38,15,22
1,<environment.Job instance at 0x7f83b1f8ddc0>,18,18,[4 6],27,38,56,11,27
1,<environment.Job instance at 0x7f8367b191e0>,27,14,[10  2],37,56,70,19,45
1,<environment.Job instance at 0x7f83ab3ecbe0>,34,18,[9 4],47,70,88,23,59
1,<environment.Job instance at 0x7f83aba96eb0>,38,20,[1 6],55,74,94,19,74
1,<environment.Job instance at 0x7f83b22dc1e0>,9,16,[8 1],13,88,104,75,85
1,<environment.Job instance at 0x7f83aba96f50>,44,14,[10  5],63,104,118,41,103
1,<environment.Job instance at 0x7f83aba960a0>,45,12,[5 4],64,118,130,54,106
1,<environment.Job instance at 0x7f83aba96370>,48,17,[5 5],68,118,135,50,108
1,<environment.Job instance at 0x7f83676d9280>,51,3,[ 1 10],71,135,138,64,109
1,<environment.Job instance at 0x7f83676d9be0>,52,3,[5 7],72,138,141,66,112
1,<environment.Job instance at 0x7f8367ed3320>,55,18,[3 6],76,141,159,65,130
1,<environment.Job instance at 0x7f83677d7fa0>,0,17,[3 8],2,2,19,0,2
1,<environment.Job instance at 0x7f8367594640>,4,12,[1 8],10,19,31,9,10
1,<environment.Job instance at 0x7f83675945f0>,11,17,[7 4],20,31,48,11,27
1,<environment.Job instance at 0x7f8367c67f50>,17,18,[2 6],28,37,55,9,37
1,<environment.Job instance at 0x7f8367c87e60>,23,3,[3 6],34,55,58,21,37
1,<environment.Job instance at 0x7f8367c87dc0>,25,16,[2 7],37,58,74,21,46
1,<environment.Job instance at 0x7f8367c87230>,21,18,[6 2],32,52,70,20,52
1,<environment.Job instance at 0x7f8367c87a00>,31,18,[4 5],43,74,92,31,63
1,<environment.Job instance at 0x7f8367c87320>,28,15,[4 5],40,74,89,34,63
1,<environment.Job instance at 0x7f8367c87c30>,37,21,[9 5],53,92,113,39,85
1,<environment.Job instance at 0x7f8367c60910>,47,18,[10  1],65,113,131,48,103
1,<environment.Job instance at 0x7f8367c609b0>,51,18,[7 1],72,131,149,59,120
1,<environment.Job instance at 0x7f8367762910>,55,12,[1 8],77,133,145,56,133
1,<environment.Job instance at 0x7f8367762d20>,1,14,[5 4],3,3,17,0,3
1,<environment.Job instance at 0x7f83b1ea2b40>,9,17,[5 8],15,17,34,2,15
1,<environment.Job instance at 0x7f83b1ea4f00>,7,3,[5 1],12,18,21,6,18
1,<environment.Job instance at 0x7f83b1ea2280>,12,12,[8 4],20,34,46,14,22
1,<environment.Job instance at 0x7f83b1ea2be0>,13,3,[9 4],21,46,49,25,22
1,<environment.Job instance at 0x7f83b2230780>,22,3,[ 5 10],31,49,52,18,31
1,<environment.Job instance at 0x7f83b1ea15f0>,26,17,[9 5],37,52,69,15,40
1,<environment.Job instance at 0x7f83b1e991e0>,21,17,[ 2 10],30,69,86,39,59
1,<environment.Job instance at 0x7f83ab56e870>,38,1,[6 4],53,86,87,33,61
1,<environment.Job instance at 0x7f8367ac5460>,29,16,[7 3],41,87,103,46,78
1,<environment.Job instance at 0x7f8367aa3af0>,50,18,[3 6],66,91,109,25,91
1,<environment.Job instance at 0x7f83b1ea2cd0>,14,19,[6 3],22,103,122,81,97
1,<environment.Job instance at 0x7f83ab69faa0>,54,2,[10  3],72,122,124,50,101
1,<environment.Job instance at 0x7f8367902c30>,55,3,[1 9],73,124,127,51,101
1,<environment.Job instance at 0x7f83ab6b58c0>,57,1,[9 2],75,127,128,52,101
1,<environment.Job instance at 0x7f83ab6ac050>,64,21,[9 1],85,128,149,43,125
1,<environment.Job instance at 0x7f83ab6b82d0>,69,2,[7 4],93,149,151,56,139
1,<environment.Job instance at 0x7f83ab6b8780>,70,1,[10  4],94,151,152,57,139
1,<environment.Job instance at 0x7f83ab6b8f50>,71,1,[2 9],95,152,153,57,139
1,<environment.Job instance at 0x7f8367c33140>,0,15,[6 4],1,1,16,0,1
1,<environment.Job instance at 0x7f8367bbe500>,5,13,[7 1],8,16,29,8,15
1,<environment.Job instance at 0x7f83b2a3ea50>,11,1,[5 7],15,29,30,14,15
1,<environment.Job instance at 0x7f83b2b82b90>,12,3,[ 3 10],16,30,33,14,16
1,<environment.Job instance at 0x7f83aba67a50>,16,3,[ 2 10],21,33,36,12,21
1,<environment.Job instance at 0x7f83b2358370>,21,2,[5 5],27,36,38,9,29
1,<environment.Job instance at 0x7f83b1fb2870>,23,12,[1 8],30,38,50,8,30
1,<environment.Job instance at 0x7f83ab95e3c0>,32,16,[8 1],42,43,59,1,43
1,<environment.Job instance at 0x7f8367df7280>,35,19,[8 3],46,59,78,13,49
1,<environment.Job instance at 0x7f8367d8b6e0>,42,12,[5 6],54,78,90,24,61
1,<environment.Job instance at 0x7f8367d8b0f0>,40,13,[6 3],51,90,103,39,78
1,<environment.Job instance at 0x7f8367797d20>,49,17,[8 4],62,103,120,41,91
1,<environment.Job instance at 0x7f83ab902b90>,56,23,[4 8],69,120,143,51,115
1,<environment.Job instance at 0x7f83ab678320>,66,15,[4 7],85,143,158,58,129
1,<environment.Job instance at 0x7f83ab8cbcd0>,2,25,[ 4 10],3,9,34,6,9
1,<environment.Job instance at 0x7f83b20c1eb0>,20,16,[1 5],24,34,50,10,24
1,<environment.Job instance at 0x7f83b20c1960>,21,2,[5 3],25,34,36,9,25
1,<environment.Job instance at 0x7f83b20289b0>,25,12,[1 7],33,50,62,17,33
1,<environment.Job instance at 0x7f83b20287d0>,28,16,[6 2],37,37,53,0,37
1,<environment.Job instance at 0x7f83b1eed280>,38,16,[9 4],53,62,78,9,59
1,<environment.Job instance at 0x7f83b1eed460>,40,14,[8 3],55,78,92,23,64
1,<environment.Job instance at 0x7f83b20c1c80>,16,17,[10  3],20,92,109,72,85
1,<environment.Job instance at 0x7f8367c156e0>,51,3,[2 5],69,109,112,40,96
1,<environment.Job instance at 0x7f8367c15b40>,53,1,[9 5],73,112,113,39,96
1,<environment.Job instance at 0x7f8367c154b0>,55,15,[5 9],77,113,128,36,99
1,<environment.Job instance at 0x7f8367c15280>,57,17,[5 3],79,128,145,49,116
1,<environment.Job instance at 0x7f8367682eb0>,61,22,[3 7],84,128,150,44,126
1,<environment.Job instance at 0x7f8367682410>,63,14,[5 3],86,145,159,59,130
1,<environment.Job instance at 0x7f83b2018be0>,0,1,[6 5],1,1,2,0,1
1,<environment.Job instance at 0x7f83b2018a50>,1,15,[2 8],3,3,18,0,3
1,<environment.Job instance at 0x7f83b20189b0>,4,15,[7 5],7,18,33,11,7
1,<environment.Job instance at 0x7f83b201f730>,17,18,[1 7],30,35,53,5,35
1,<environment.Job instance at 0x7f83b2027e10>,20,1,[5 8],35,53,54,18,35
1,<environment.Job instance at 0x7f83b20279b0>,21,16,[5 2],36,36,52,0,36
1,<environment.Job instance at 0x7f83b2027aa0>,22,17,[2 5],38,54,71,16,42
1,<environment.Job instance at 0x7f83b1ef4780>,28,17,[9 4],46,71,88,25,61
1,<environment.Job instance at 0x7f83b1ef46e0>,30,16,[1 9],48,88,104,40,80
1,<environment.Job instance at 0x7f83b1ef4c30>,42,12,[9 4],63,104,116,41,93
1,<environment.Job instance at 0x7f83ab884370>,47,3,[10  3],69,116,119,47,104
1,<environment.Job instance at 0x7f83ab832dc0>,53,1,[7 5],76,120,121,44,120
1,<environment.Job instance at 0x7f83ab832be0>,54,15,[5 5],77,121,136,44,120
1,<environment.Job instance at 0x7f83b2027c80>,19,13,[10  2],32,136,149,104,125
1,<environment.Job instance at 0x7f83ab8329b0>,56,14,[9 2],82,149,163,67,134
1,<environment.Job instance at 0x7f6e7fed4fa0>,1,14,[7 5],5,5,19,0,5
1,<environment.Job instance at 0x7f6e7aac6370>,4,13,[3 6],9,19,32,10,11
1,<environment.Job instance at 0x7f6e7aac68c0>,10,3,[5 2],17,23,26,6,23
1,<environment.Job instance at 0x7f6e7aac6820>,8,20,[4 7],14,32,52,18,23
1,<environment.Job instance at 0x7f6e7aac6dc0>,15,2,[5 1],25,26,28,1,25
1,<environment.Job instance at 0x7f6e7aaca0f0>,19,17,[7 5],31,52,69,21,40
1,<environment.Job instance at 0x7f6e7aaca6e0>,27,2,[4 7],39,69,71,30,58
1,<environment.Job instance at 0x7f6e7aac6460>,9,19,[1 8],16,71,90,55,68
1,<environment.Job instance at 0x7f6e7aacb140>,36,18,[9 4],52,90,108,38,80
1,<environment.Job instance at 0x7f6e7aacaeb0>,30,21,[5 9],42,108,129,66,102
1,<environment.Job instance at 0x7f6e7aacba00>,47,13,[5 6],68,129,142,61,113
1,<environment.Job instance at 0x7f6e7aacbf00>,51,13,[4 7],76,142,155,66,126
1,<environment.Job instance at 0x7f6e7aacf3c0>,53,3,[9 1],83,155,158,72,139
1,<environment.Job instance at 0x7f6e7aacf730>,56,2,[5 9],86,158,160,72,140
1,<environment.Job instance at 0x7f6e7aacf910>,58,1,[6 5],90,160,161,70,140
1,<environment.Job instance at 0x7f6e7aacf820>,59,12,[5 8],91,161,173,70,147
1,<environment.Job instance at 0x7f6e7aacfa50>,1,12,[8 4],4,4,16,0,4
1,<environment.Job instance at 0x7f6e800506e0>,8,3,[10  1],13,16,19,3,13
1,<environment.Job instance at 0x7f6e8004b320>,12,14,[7 2],17,20,34,3,20
1,<environment.Job instance at 0x7f6e8004baf0>,14,16,[6 4],20,34,50,14,25
1,<environment.Job instance at 0x7f6e8003ca00>,27,14,[1 9],41,50,64,9,41
1,<environment.Job instance at 0x7f6e7aa5a8c0>,39,17,[5 1],65,65,82,0,65
1,<environment.Job instance at 0x7f6e7ff5c1e0>,43,12,[5 4],71,71,83,0,71
1,<environment.Job instance at 0x7f6e7fefcf50>,35,3,[8 5],58,83,86,25,75
1,<environment.Job instance at 0x7f6e8004f3c0>,47,18,[8 2],77,86,104,9,77
1,<environment.Job instance at 0x7f6e7fefc960>,36,16,[4 9],59,104,120,45,92
1,<environment.Job instance at 0x7f6e7fefe460>,58,2,[5 7],100,120,122,20,106
1,<environment.Job instance at 0x7f6e7ff59f00>,54,14,[7 3],96,122,136,26,109
1,<environment.Job instance at 0x7f6e7fefe280>,65,16,[5 3],110,136,152,26,124
1,<environment.Job instance at 0x7f6e34db7fa0>,71,15,[3 6],120,128,143,8,128
1,<environment.Job instance at 0x7f6e34d14cd0>,72,13,[5 5],122,143,156,21,130
1,<environment.Job instance at 0x7f6e34d14eb0>,75,14,[8 2],127,156,170,29,142
1,<environment.Job instance at 0x7f6e34d81550>,1,3,[5 3],2,2,5,0,2
1,<environment.Job instance at 0x7f6e34e37aa0>,2,16,[6 2],4,5,21,1,5
1,<environment.Job instance at 0x7f6e34d89320>,14,14,[8 5],20,21,35,1,20
1,<environment.Job instance at 0x7f6e34d625a0>,8,13,[4 5],13,35,48,22,29
1,<environment.Job instance at 0x7f6e7a949e60>,24,1,[5 2],34,35,36,1,34
1,<environment.Job instance at 0x7f6e34e4fdc0>,25,14,[3 7],35,48,62,13,35
1,<environment.Job instance at 0x7f6e48b3c410>,29,14,[5 8],41,62,76,21,47
1,<environment.Job instance at 0x7f6e34df0870>,37,22,[6 4],55,76,98,21,69
1,<environment.Job instance at 0x7f6e34df0d70>,38,1,[10  1],56,98,99,42,71
1,<environment.Job instance at 0x7f6e34d15e60>,43,15,[6 5],64,99,114,35,86
1,<environment.Job instance at 0x7f6e7acf00f0>,46,16,[6 3],68,114,130,46,102
1,<environment.Job instance at 0x7f6e7a883d20>,49,18,[3 8],71,130,148,59,119
1,<environment.Job instance at 0x7f6e7af75cd0>,0,13,[ 3 10],1,1,14,0,1
1,<environment.Job instance at 0x7f6e7f4d56e0>,10,13,[2 5],13,14,27,1,13
1,<environment.Job instance at 0x7f6e7ac17050>,8,21,[4 9],11,27,48,16,19
1,<environment.Job instance at 0x7f6e7ac7ff00>,16,14,[7 5],24,48,62,24,34
1,<environment.Job instance at 0x7f6e7ac17960>,7,17,[7 1],10,62,79,52,51
1,<environment.Job instance at 0x7f6e7ac37af0>,23,26,[1 9],39,62,88,23,62
1,<environment.Job instance at 0x7f6e7aa68b40>,30,18,[10  2],49,88,106,39,79
1,<environment.Job instance at 0x7f6e35266230>,39,1,[5 3],64,107,108,43,107
1,<environment.Job instance at 0x7f6e35266f50>,40,15,[9 1],65,108,123,43,107
1,<environment.Job instance at 0x7f6e7ad35960>,28,17,[10  5],46,123,140,77,114
1,<environment.Job instance at 0x7f6e35334870>,46,17,[7 4],72,140,157,68,128
1,<environment.Job instance at 0x7f6e7abac460>,26,18,[2 9],44,157,175,113,148
1,<environment.Job instance at 0x7f6e35289b90>,0,16,[1 6],1,1,17,0,1
1,<environment.Job instance at 0x7f6e351c21e0>,5,14,[2 5],8,17,31,9,8
1,<environment.Job instance at 0x7f6e351c1b90>,27,12,[3 7],45,45,57,0,45
1,<environment.Job instance at 0x7f6e351c1d20>,28,2,[6 1],47,47,49,0,47
1,<environment.Job instance at 0x7f6e351c1a50>,26,13,[ 1 10],42,57,70,15,52
1,<environment.Job instance at 0x7f6e351bb460>,33,16,[10  5],56,70,86,14,57
1,<environment.Job instance at 0x7f6e351bba00>,41,12,[4 5],64,87,99,23,87
1,<environment.Job instance at 0x7f6e351bb500>,35,16,[ 4 10],58,99,115,41,87
1,<environment.Job instance at 0x7f6e351cb410>,52,14,[7 3],79,115,129,36,103
1,<environment.Job instance at 0x7f6e351c1410>,20,14,[4 7],33,129,143,96,115
1,<environment.Job instance at 0x7f6e351c15f0>,22,15,[6 3],35,129,144,94,117
1,<environment.Job instance at 0x7f6e351bbc80>,44,16,[7 5],68,144,160,76,134
1,<environment.Job instance at 0x7f6e34cce460>,69,3,[4 6],102,160,163,58,143
1,<environment.Job instance at 0x7f6e35230f00>,0,17,[9 5],3,3,20,0,3
1,<environment.Job instance at 0x7f6e7a9982d0>,13,28,[2 6],23,23,51,0,23
1,<environment.Job instance at 0x7f6e7ad00be0>,21,17,[6 4],32,34,51,2,34
1,<environment.Job instance at 0x7f6e7ad00eb0>,23,16,[5 6],35,51,67,16,39
1,<environment.Job instance at 0x7f6e7ad00c80>,27,1,[3 5],40,67,68,27,50
1,<environment.Job instance at 0x7f6e7ad00870>,19,12,[10  1],29,68,80,39,59
1,<environment.Job instance at 0x7f6e7a9980f0>,11,18,[10  5],19,80,98,61,69
1,<environment.Job instance at 0x7f6e3508b410>,42,15,[ 3 10],57,98,113,41,84
1,<environment.Job instance at 0x7f6e7ad00fa0>,18,27,[1 8],28,113,140,85,112
1,<environment.Job instance at 0x7f6e7a8393c0>,59,17,[5 1],84,126,143,42,126
1,<environment.Job instance at 0x7f6e7a839140>,62,13,[2 6],88,140,153,52,128
1,<environment.Job instance at 0x7f6e7f407e10>,63,15,[5 4],89,143,158,54,129
1,<environment.Job instance at 0x7f6e7f407c30>,66,16,[9 2],92,158,174,66,149
1,<environment.Job instance at 0x7f6e352e5cd0>,0,22,[ 3 10],1,7,29,6,7
1,<environment.Job instance at 0x7f6e7aff6690>,8,17,[ 4 10],12,29,46,17,21
1,<environment.Job instance at 0x7f6e35005a00>,16,13,[10  5],22,46,59,24,30
1,<environment.Job instance at 0x7f6e34f85a00>,25,12,[5 2],34,59,71,25,42
1,<environment.Job instance at 0x7f6e3529a9b0>,26,3,[4 6],35,59,62,24,42
1,<environment.Job instance at 0x7f6e7f589960>,28,15,[4 7],37,62,77,25,50
1,<environment.Job instance at 0x7f6e7f496eb0>,17,16,[5 8],24,77,93,53,66
1,<environment.Job instance at 0x7f6e34ea3050>,38,16,[8 4],49,93,109,44,88
1,<environment.Job instance at 0x7f6e7abd3cd0>,58,17,[6 3],82,109,126,27,105
1,<environment.Job instance at 0x7f6e7ae9f5a0>,43,27,[1 7],59,117,144,58,117
1,<environment.Job instance at 0x7f6e34d69cd0>,75,12,[8 3],105,131,143,26,131
1,<environment.Job instance at 0x7f6e7f535370>,57,12,[10  1],81,144,156,63,133
1,<environment.Job instance at 0x7f6e34d695f0>,1,13,[ 4 10],2,2,15,0,2
1,<environment.Job instance at 0x7f6e34c37be0>,5,18,[2 7],8,15,33,7,13
1,<environment.Job instance at 0x7f6e34c37d70>,11,17,[2 8],17,33,50,16,25
1,<environment.Job instance at 0x7f6e34c39410>,14,15,[2 5],24,50,65,26,39
1,<environment.Job instance at 0x7f6e34c39cd0>,20,12,[7 4],30,50,62,20,42
1,<environment.Job instance at 0x7f6e34c394b0>,12,12,[6 4],18,62,74,44,51
1,<environment.Job instance at 0x7f6e34c3b1e0>,28,18,[8 5],40,74,92,34,63
1,<environment.Job instance at 0x7f6e34c395a0>,15,16,[2 9],25,92,108,67,79
1,<environment.Job instance at 0x7f6e34c3bfa0>,39,12,[5 5],57,108,120,51,107
1,<environment.Job instance at 0x7f6e34c3d190>,41,15,[3 6],60,120,135,60,107
1,<environment.Job instance at 0x7f6e34c3d2d0>,43,15,[5 5],62,135,150,73,122
1,<environment.Job instance at 0x7f6e34c3d8c0>,51,15,[5 1],70,148,163,78,148
1,<environment.Job instance at 0x7f6e7f8f5640>,1,17,[1 8],2,2,19,0,2
1,<environment.Job instance at 0x7f6e34c40f00>,2,13,[4 7],3,19,32,16,3
1,<environment.Job instance at 0x7f6e7afae6e0>,19,2,[8 2],28,32,34,4,28
1,<environment.Job instance at 0x7f6e3512b370>,6,15,[7 3],8,34,49,26,29
1,<environment.Job instance at 0x7f6e35304dc0>,24,17,[ 2 10],34,49,66,15,37
1,<environment.Job instance at 0x7f6e7afa0e60>,30,18,[2 5],43,66,84,23,55
1,<environment.Job instance at 0x7f6e35121370>,17,15,[8 3],22,66,81,44,57
1,<environment.Job instance at 0x7f6e7f2c8fa0>,38,3,[6 3],59,81,84,22,71
1,<environment.Job instance at 0x7f6e34eef0f0>,28,15,[ 1 10],41,84,99,43,81
1,<environment.Job instance at 0x7f6e7f2c8140>,44,13,[5 5],67,100,113,33,100
1,<environment.Job instance at 0x7f6e7f9f9820>,27,14,[10  5],40,113,127,73,102
1,<environment.Job instance at 0x7f6e7f2c8690>,45,17,[9 4],68,127,144,59,115
1,<environment.Job instance at 0x7f6e35289780>,50,1,[1 7],77,144,145,67,116
1,<environment.Job instance at 0x7f6e352893c0>,53,16,[5 4],83,145,161,62,132
1,<environment.Job instance at 0x7f6e35289c30>,55,12,[1 6],87,145,157,58,143
1,<environment.Job instance at 0x7f6e7a9fb780>,58,3,[8 1],91,161,164,70,145
1,<environment.Job instance at 0x7f6e7a9fbc80>,60,1,[2 5],94,157,158,63,145
1,<environment.Job instance at 0x7f6e7a9fbd20>,59,2,[5 5],92,158,160,66,148
1,<environment.Job instance at 0x7f6e7f678910>,0,19,[4 5],1,1,20,0,1
1,<environment.Job instance at 0x7f6e7ab6ec30>,5,12,[3 5],7,7,19,0,7
1,<environment.Job instance at 0x7f6e7aa0baf0>,13,15,[5 8],19,20,35,1,19
1,<environment.Job instance at 0x7f6e7fc660f0>,7,2,[2 7],9,35,37,26,26
1,<environment.Job instance at 0x7f6e7f309b40>,18,27,[5 4],26,37,64,11,36
1,<environment.Job instance at 0x7f6e7f872fa0>,22,16,[2 5],31,57,73,26,57
1,<environment.Job instance at 0x7f6e7faa9910>,24,3,[3 9],33,73,76,40,57
1,<environment.Job instance at 0x7f6e7f309fa0>,28,17,[3 6],40,76,93,36,64
1,<environment.Job instance at 0x7f6e7aa5c410>,38,17,[8 4],54,93,110,39,81
1,<environment.Job instance at 0x7f6e7aa5c4b0>,41,15,[10  1],59,110,125,51,97
1,<environment.Job instance at 0x7f6e7ae0ddc0>,46,13,[5 8],64,125,138,61,112
1,<environment.Job instance at 0x7f6e7abfb1e0>,53,3,[2 8],74,138,141,64,127
1,<environment.Job instance at 0x7f6e7a9ae0a0>,55,14,[10  5],77,141,155,64,133
1,<environment.Job instance at 0x7f6e7a8bbdc0>,60,18,[9 1],85,155,173,70,144
1,<environment.Job instance at 0x7f6e7fa65410>,15,18,[1 8],21,155,173,134,146
1,<environment.Job instance at 0x7f6e7aa0bd70>,1,15,[2 9],2,2,17,0,2
1,<environment.Job instance at 0x7f6e7ad7d410>,3,14,[4 5],4,17,31,13,4
1,<environment.Job instance at 0x7f6e7f6dceb0>,14,2,[4 9],18,31,33,13,19
1,<environment.Job instance at 0x7f6e7f6d4280>,16,2,[4 7],20,33,35,13,20
1,<environment.Job instance at 0x7f6e7f6dcd70>,10,16,[9 3],12,35,51,23,26
1,<environment.Job instance at 0x7f6e7f6d40a0>,15,15,[5 8],19,51,66,32,39
1,<environment.Job instance at 0x7f6e7f6d00f0>,30,3,[4 7],42,66,69,24,56
1,<environment.Job instance at 0x7f6e7f6d4820>,23,22,[8 3],31,69,91,38,68
1,<environment.Job instance at 0x7f6e7f6d4b90>,24,17,[1 7],33,76,93,43,76
1,<environment.Job instance at 0x7f6e7f6d0dc0>,43,18,[ 2 10],70,93,111,23,88
1,<environment.Job instance at 0x7f6e7f6c5230>,44,14,[4 9],71,111,125,40,96
1,<environment.Job instance at 0x7f6e7f6c57d0>,51,18,[5 5],81,125,143,44,114
1,<environment.Job instance at 0x7f6e7f6c5dc0>,55,13,[7 1],87,143,156,56,128
1,<environment.Job instance at 0x7f6e7f6c5e60>,56,2,[9 1],88,156,158,68,141
1,<environment.Job instance at 0x7f6e7f6c5a50>,60,15,[5 2],92,158,173,66,147
1,<environment.Job instance at 0x7f6e8004b050>,3,17,[6 1],8,8,25,0,8
1,<environment.Job instance at 0x7f6e7aaeae10>,6,13,[2 9],13,13,26,0,13
1,<environment.Job instance at 0x7f6e34ca5730>,9,17,[7 5],17,26,43,9,17
1,<environment.Job instance at 0x7f6e7f60dcd0>,20,14,[ 3 10],30,43,57,13,33
1,<environment.Job instance at 0x7f6e7fc4e320>,24,17,[3 8],35,57,74,22,45
1,<environment.Job instance at 0x7f6e7fa3c960>,31,1,[3 9],48,74,75,26,58
1,<environment.Job instance at 0x7f6e7f60d050>,21,14,[5 5],31,75,89,44,60
1,<environment.Job instance at 0x7f6e7afd1d70>,35,16,[1 5],54,75,91,21,72
1,<environment.Job instance at 0x7f6e7fa3c640>,30,14,[10  3],47,91,105,44,77
1,<environment.Job instance at 0x7f6e7f60d410>,16,17,[9 5],25,105,122,80,93
1,<environment.Job instance at 0x7f6e801212d0>,46,15,[9 3],71,122,137,51,108
1,<environment.Job instance at 0x7f6e7f5835a0>,52,18,[3 8],83,137,155,54,126
1,<environment.Job instance at 0x7f6e7f583d70>,57,2,[4 9],89,155,157,66,141
1,<environment.Job instance at 0x7f6e34e58f00>,51,12,[7 5],81,157,169,76,146
1,<environment.Job instance at 0x7f6e7f8a3140>,0,15,[10  5],1,1,16,0,1
1,<environment.Job instance at 0x7f6e34d298c0>,11,27,[2 9],14,16,43,2,16
1,<environment.Job instance at 0x7f6e7f46a050>,26,15,[ 3 10],31,43,58,12,38
1,<environment.Job instance at 0x7f6e7f46a1e0>,31,16,[10  1],36,58,74,22,46
1,<environment.Job instance at 0x7f6e7f86d690>,24,15,[10  1],28,74,89,46,65
1,<environment.Job instance at 0x7f6e7ac32c80>,44,17,[8 3],58,89,106,31,78
1,<environment.Job instance at 0x7f6e7ac32aa0>,50,12,[5 9],65,106,118,41,93
1,<environment.Job instance at 0x7f6e7f86d6e0>,20,15,[9 5],24,118,133,94,105
1,<environment.Job instance at 0x7f6e7a9079b0>,58,19,[5 5],74,133,152,59,124
1,<environment.Job instance at 0x7f6e7f3990f0>,66,16,[3 7],83,152,168,69,143
1,<environment.Job instance at 0x7f6e7aa2ea50>,0,2,[1 6],1,1,3,0,1
1,<environment.Job instance at 0x7f6e7aae9910>,3,13,[10  4],5,5,18,0,5
1,<environment.Job instance at 0x7f6e350dda00>,6,18,[1 5],9,18,36,9,9
1,<environment.Job instance at 0x7f6e350d10a0>,11,16,[8 5],15,18,34,3,17
1,<environment.Job instance at 0x7f6e350d1280>,16,18,[2 6],22,36,54,14,25
1,<environment.Job instance at 0x7f6e350d1550>,18,13,[5 1],24,34,47,10,25
1,<environment.Job instance at 0x7f6e350d14b0>,14,2,[5 7],19,54,56,35,27
1,<environment.Job instance at 0x7f6e350e3460>,21,13,[8 2],30,56,69,26,40
1,<environment.Job instance at 0x7f6e350ec5f0>,29,15,[6 3],40,69,84,29,55
1,<environment.Job instance at 0x7f6e350ddaf0>,10,17,[3 7],14,69,86,55,57
1,<environment.Job instance at 0x7f6e350d15a0>,12,16,[ 3 10],17,86,102,69,84
1,<environment.Job instance at 0x7f6e34f82b40>,43,17,[4 6],59,102,119,43,90
1,<environment.Job instance at 0x7f6e7aec00a0>,51,20,[5 8],72,121,141,49,121
1,<environment.Job instance at 0x7f6e350d1820>,15,24,[5 4],21,141,165,120,137
1,<environment.Job instance at 0x7f6e7ab7ba50>,56,17,[5 5],78,149,166,71,149
1,<environment.Job instance at 0x7f6e34bdc050>,0,17,[3 8],2,2,19,0,2
1,<environment.Job instance at 0x7f6e354523c0>,10,13,[5 1],19,19,32,0,19
1,<environment.Job instance at 0x7f6e7ac0da00>,5,15,[9 4],12,32,47,20,21
1,<environment.Job instance at 0x7f6e35307230>,25,16,[2 7],37,51,67,14,51
1,<environment.Job instance at 0x7f6e353073c0>,27,13,[1 7],39,67,80,28,53
1,<environment.Job instance at 0x7f6e352015f0>,20,14,[9 3],31,67,81,36,55
1,<environment.Job instance at 0x7f6e7aaa5aa0>,36,15,[3 7],52,81,96,29,71
1,<environment.Job instance at 0x7f6e7aaa5b90>,35,12,[4 9],51,96,108,45,90
1,<environment.Job instance at 0x7f6e7aae8910>,44,24,[10  4],61,108,132,47,103
1,<environment.Job instance at 0x7f6e7aae89b0>,43,18,[3 7],60,132,150,72,122
1,<environment.Job instance at 0x7f6e35394a50>,51,18,[7 1],72,132,150,60,129
1,<environment.Job instance at 0x7f6e34d0ea50>,55,12,[1 8],77,150,162,73,133
1,<environment.Job instance at 0x7f6e7f587780>,57,2,[5 2],79,150,152,71,135
1,<environment.Job instance at 0x7f6e350eed70>,0,14,[10  4],1,1,15,0,1
1,<environment.Job instance at 0x7f6e34a9c140>,8,19,[6 3],12,15,34,3,12
1,<environment.Job instance at 0x7f6e34aac640>,21,14,[9 4],28,34,48,6,32
1,<environment.Job instance at 0x7f6e34aac5f0>,22,14,[1 6],30,33,47,3,33
1,<environment.Job instance at 0x7f6e34a52eb0>,23,16,[7 3],31,48,64,17,35
1,<environment.Job instance at 0x7f6e34a52e10>,31,20,[2 6],42,51,71,9,51
1,<environment.Job instance at 0x7f6e34aac730>,15,17,[ 2 10],20,71,88,51,59
1,<environment.Job instance at 0x7f6e34cdc3c0>,41,18,[3 7],53,88,106,35,83
1,<environment.Job instance at 0x7f6e34cdc780>,44,18,[3 6],56,106,124,50,95
1,<environment.Job instance at 0x7f6e34aac2d0>,19,28,[6 3],25,112,140,87,112
1,<environment.Job instance at 0x7f6e34aac3c0>,20,17,[9 5],27,140,157,113,134
1,<environment.Job instance at 0x7f6e34a90a00>,66,2,[9 3],86,157,159,71,147
1,<environment.Job instance at 0x7f6e34a53140>,73,16,[8 5],97,159,175,62,147
1,<environment.Job instance at 0x7f6e34af3dc0>,0,3,[ 2 10],1,1,4,0,1
1,<environment.Job instance at 0x7f6e350da910>,3,18,[4 9],5,5,23,0,5
1,<environment.Job instance at 0x7f6e7ada70f0>,15,22,[10  4],20,23,45,3,23
1,<environment.Job instance at 0x7f6e7ada2fa0>,23,3,[6 5],30,45,48,15,32
1,<environment.Job instance at 0x7f6e7ad93140>,25,3,[4 6],32,48,51,16,34
1,<environment.Job instance at 0x7f6e7f3dee60>,26,12,[5 6],34,51,63,17,40
1,<environment.Job instance at 0x7f6e34e76cd0>,28,15,[8 4],36,63,78,27,49
1,<environment.Job instance at 0x7f6e35373460>,37,18,[ 5 10],46,78,96,32,71
1,<environment.Job instance at 0x7f6e7f3d9370>,45,14,[5 5],58,96,110,38,82
1,<environment.Job instance at 0x7f6e7f3e0be0>,40,23,[4 8],49,110,133,61,106
1,<environment.Job instance at 0x7f6e7f3ed460>,53,15,[1 9],71,133,148,62,119
1,<environment.Job instance at 0x7f6e3534dc80>,63,17,[1 8],92,148,165,56,139
1,<environment.Job instance at 0x7f6e3524b910>,0,3,[5 3],1,1,4,0,1
1,<environment.Job instance at 0x7f6e35063230>,1,12,[1 7],3,4,16,1,4
1,<environment.Job instance at 0x7f6e7a9f6410>,12,13,[5 5],18,18,31,0,18
1,<environment.Job instance at 0x7f6e35249050>,18,1,[5 8],28,31,32,3,28
1,<environment.Job instance at 0x7f6e35249690>,19,16,[10  4],29,32,48,3,30
1,<environment.Job instance at 0x7f6e7a9f6c80>,15,2,[6 1],24,48,50,24,31
1,<environment.Job instance at 0x7f6e7ac36c30>,16,14,[8 3],25,50,64,25,38
1,<environment.Job instance at 0x7f6e350cc0a0>,25,16,[5 8],36,64,80,28,54
1,<environment.Job instance at 0x7f6e7a88e8c0>,31,15,[5 9],47,80,95,33,69
1,<environment.Job instance at 0x7f6e7f842be0>,37,22,[3 7],54,95,117,41,89
1,<environment.Job instance at 0x7f6e7ad74050>,24,16,[8 3],35,117,133,82,104
1,<environment.Job instance at 0x7f6e7f2e75f0>,41,13,[10  2],62,133,146,71,118
1,<environment.Job instance at 0x7f6e7f6dc500>,53,3,[2 6],77,123,126,46,123
1,<environment.Job instance at 0x7f6e350d15a0>,56,17,[3 5],82,146,163,64,143
1,<environment.Job instance at 0x7f6e7ae76780>,1,1,[6 2],4,4,5,0,4
1,<environment.Job instance at 0x7f6e35190780>,4,27,[3 8],7,8,35,1,8
1,<environment.Job instance at 0x7f6e7f755910>,19,16,[4 9],26,35,51,9,32
1,<environment.Job instance at 0x7f6e353437d0>,25,14,[3 5],32,51,65,19,36
1,<environment.Job instance at 0x7f6e35343eb0>,29,15,[5 5],37,51,66,14,42
1,<environment.Job instance at 0x7f6e353432d0>,24,13,[10  1],31,66,79,35,51
1,<environment.Job instance at 0x7f6e7f7bff00>,34,18,[9 4],45,83,101,38,83
1,<environment.Job instance at 0x7f6e7f7bf280>,37,18,[1 5],51,83,101,32,83
1,<environment.Job instance at 0x7f6e34b9b500>,39,15,[10  4],55,101,116,46,88
1,<environment.Job instance at 0x7f6e35343e60>,18,17,[6 4],25,116,133,91,112
1,<environment.Job instance at 0x7f6e34b9b190>,50,24,[8 2],70,133,157,63,128
1,<environment.Job instance at 0x7f6e7f755f00>,14,17,[5 2],19,157,174,138,145
1,<environment.Job instance at 0x7f6e7a9def00>,68,1,[5 5],96,157,158,61,146
1,<environment.Job instance at 0x7f6e7f42f500>,2,19,[5 4],3,3,22,0,3
1,<environment.Job instance at 0x7f6e3500f640>,8,18,[ 2 10],11,22,40,11,11
1,<environment.Job instance at 0x7f6e352b4280>,15,13,[5 6],22,40,53,18,25
1,<environment.Job instance at 0x7f6e34b93c30>,18,3,[3 7],25,53,56,28,38
1,<environment.Job instance at 0x7f6e34b936e0>,19,1,[ 4 10],27,56,57,29,39
1,<environment.Job instance at 0x7f6e7abcf820>,10,15,[9 3],13,57,72,44,44
1,<environment.Job instance at 0x7f6e7f4eeb40>,31,18,[2 7],42,72,90,30,65
1,<environment.Job instance at 0x7f6e7f4ee320>,34,22,[9 3],45,90,112,45,83
1,<environment.Job instance at 0x7f6e7f4da870>,39,18,[10  2],52,122,140,70,122
1,<environment.Job instance at 0x7f6e7f4dabe0>,42,15,[7 5],56,140,155,84,127
1,<environment.Job instance at 0x7f1f3b9dfdc0>,1,14,[7 5],5,5,19,0,5
1,<environment.Job instance at 0x7f1f36546370>,4,13,[3 6],9,19,32,10,17
1,<environment.Job instance at 0x7f1f36546a00>,11,23,[6 4],20,20,43,0,20
1,<environment.Job instance at 0x7f1f36546230>,6,15,[2 8],11,43,58,32,30
1,<environment.Job instance at 0x7f1f3654a050>,18,15,[5 5],29,58,73,29,44
1,<environment.Job instance at 0x7f1f3654a5a0>,22,20,[4 6],34,73,93,39,68
1,<environment.Job instance at 0x7f1f3654b3c0>,37,12,[10  5],54,93,105,39,83
1,<environment.Job instance at 0x7f1f3654abe0>,30,21,[5 9],42,105,126,63,97
1,<environment.Job instance at 0x7f1f3654ba50>,46,13,[4 6],67,126,139,59,115
1,<environment.Job instance at 0x7f1f365481e0>,51,13,[4 7],76,139,152,63,129
1,<environment.Job instance at 0x7f1f3654b5f0>,39,23,[4 7],57,152,175,95,149
1,<environment.Job instance at 0x7f1f3bad1820>,0,3,[1 6],1,1,4,0,1
1,<environment.Job instance at 0x7f1f36548b90>,1,18,[7 5],2,4,22,2,2
1,<environment.Job instance at 0x7f1f3bac2a50>,9,16,[6 2],12,22,38,10,21
1,<environment.Job instance at 0x7f1f3bac7140>,17,1,[5 5],23,38,39,15,23
1,<environment.Job instance at 0x7f1f3bac50a0>,20,13,[3 8],28,39,52,11,28
1,<environment.Job instance at 0x7f1f3b97f8c0>,30,16,[4 9],49,52,68,3,49
1,<environment.Job instance at 0x7f1f3bac3e60>,37,12,[5 4],61,68,80,7,63
1,<environment.Job instance at 0x7f1f3b97d3c0>,45,22,[4 8],78,80,102,2,78
1,<environment.Job instance at 0x7f1f3baca780>,47,16,[4 9],84,102,118,18,90
1,<environment.Job instance at 0x7f1f3b9802d0>,53,15,[ 2 10],92,118,133,26,104
1,<environment.Job instance at 0x7f1f3bad0d70>,65,15,[3 6],110,133,148,23,122
1,<environment.Job instance at 0x7f1f3bacaaf0>,48,14,[7 3],86,133,147,47,125
1,<environment.Job instance at 0x7f1f3bad0f00>,69,14,[8 2],117,148,162,31,134
1,<environment.Job instance at 0x7f1f3b97dc80>,41,18,[8 2],67,162,180,95,151
1,<environment.Job instance at 0x7f1ef0857870>,0,19,[1 5],1,1,20,0,1
1,<environment.Job instance at 0x7f1ef091d640>,14,14,[5 8],21,21,35,0,21
1,<environment.Job instance at 0x7f1f369c3fa0>,16,15,[3 5],25,35,50,10,25
1,<environment.Job instance at 0x7f1ef07e5fa0>,18,3,[5 1],29,29,32,0,29
1,<environment.Job instance at 0x7f1f36c82a00>,23,1,[10  1],36,50,51,14,36
1,<environment.Job instance at 0x7f1f36304280>,26,15,[4 5],41,51,66,10,41
1,<environment.Job instance at 0x7f1ef0792d20>,28,15,[6 5],44,51,66,7,44
1,<environment.Job instance at 0x7f1f369f1320>,22,22,[6 4],35,66,88,31,63
1,<environment.Job instance at 0x7f1ef0851410>,33,13,[5 9],50,88,101,38,74
1,<environment.Job instance at 0x7f1ef0851370>,30,19,[9 3],47,101,120,54,95
1,<environment.Job instance at 0x7f1ef085cf00>,45,16,[7 5],67,150,166,83,150
1,<environment.Job instance at 0x7f1ef091ac30>,0,14,[1 9],1,1,15,0,1
1,<environment.Job instance at 0x7f1ef0e79460>,3,26,[1 9],9,16,42,7,16
1,<environment.Job instance at 0x7f1f36c82460>,11,13,[6 1],20,21,34,1,21
1,<environment.Job instance at 0x7f1f36657e60>,16,16,[10  2],31,42,58,11,31
1,<environment.Job instance at 0x7f1f36310e10>,22,17,[8 2],38,58,75,20,46
1,<environment.Job instance at 0x7f1ef09c8780>,26,17,[7 4],42,75,92,33,63
1,<environment.Job instance at 0x7f1f3bad1690>,33,17,[10  5],53,92,109,39,81
1,<environment.Job instance at 0x7f1ef07d02d0>,39,14,[7 4],64,117,131,53,117
1,<environment.Job instance at 0x7f1ef07d0be0>,42,18,[4 5],70,131,149,61,122
1,<environment.Job instance at 0x7f1ef0ca5320>,48,17,[9 3],79,149,166,70,138
1,<environment.Job instance at 0x7f1ef0925e10>,52,18,[5 8],83,166,184,83,155
1,<environment.Job instance at 0x7f1ef086c550>,1,12,[3 7],5,5,17,0,5
1,<environment.Job instance at 0x7f1f363c0550>,7,16,[10  5],16,17,33,1,16
1,<environment.Job instance at 0x7f1f363bd820>,10,3,[5 5],19,33,36,14,19
1,<environment.Job instance at 0x7f1ef0bc8500>,11,15,[7 1],20,36,51,16,23
1,<environment.Job instance at 0x7f1ef0eed820>,17,14,[1 7],27,36,50,9,27
1,<environment.Job instance at 0x7f1ef0f07be0>,25,12,[7 5],38,51,63,13,43
1,<environment.Job instance at 0x7f1ef0ecf1e0>,34,16,[8 1],49,63,79,14,54
1,<environment.Job instance at 0x7f1ef0ecf050>,36,18,[10  5],54,79,97,25,68
1,<environment.Job instance at 0x7f1ef0f07550>,28,13,[ 5 10],41,97,110,56,85
1,<environment.Job instance at 0x7f1ef0edf230>,46,13,[9 1],65,110,123,45,103
1,<environment.Job instance at 0x7f1ef0ee7280>,40,15,[1 6],59,110,125,51,104
1,<environment.Job instance at 0x7f1f37017190>,56,3,[1 8],77,125,128,48,107
1,<environment.Job instance at 0x7f1ef0ee7500>,44,18,[ 5 10],63,128,146,65,118
1,<environment.Job instance at 0x7f1f370210a0>,63,13,[2 7],87,146,159,59,133
1,<environment.Job instance at 0x7f1f36335c80>,67,12,[ 4 10],92,159,171,67,153
1,<environment.Job instance at 0x7f1f36335f00>,70,13,[ 2 10],97,171,184,74,159
1,<environment.Job instance at 0x7f1f36ff6d20>,3,12,[6 4],4,4,16,0,4
1,<environment.Job instance at 0x7f1f36ff6820>,9,15,[7 4],16,16,31,0,16
1,<environment.Job instance at 0x7f1f3663be60>,20,1,[3 6],30,30,31,0,30
1,<environment.Job instance at 0x7f1f3663b1e0>,21,3,[3 9],31,31,34,0,31
1,<environment.Job instance at 0x7f1f3663b8c0>,23,17,[5 1],34,34,51,0,34
1,<environment.Job instance at 0x7f1f36666550>,30,16,[9 2],42,55,71,13,55
1,<environment.Job instance at 0x7f1f366662d0>,32,12,[8 4],46,71,83,25,58
1,<environment.Job instance at 0x7f1f36666460>,34,12,[6 3],48,83,95,35,75
1,<environment.Job instance at 0x7f1f36427050>,40,14,[2 8],59,95,109,36,82
1,<environment.Job instance at 0x7f1f36427370>,42,2,[6 3],63,109,111,46,87
1,<environment.Job instance at 0x7f1f366740a0>,45,2,[4 9],67,111,113,44,93
1,<environment.Job instance at 0x7f1f366749b0>,46,12,[6 2],68,97,109,29,97
1,<environment.Job instance at 0x7f1f36674640>,47,1,[1 5],69,109,110,40,97
1,<environment.Job instance at 0x7f1f36674960>,48,16,[ 4 10],71,113,129,42,102
1,<environment.Job instance at 0x7f1f36674aa0>,53,22,[10  2],79,129,151,50,125
1,<environment.Job instance at 0x7f1f36ff2d70>,2,3,[3 5],5,5,8,0,5
1,<environment.Job instance at 0x7f1f36528aa0>,4,2,[5 9],9,9,11,0,9
1,<environment.Job instance at 0x7f1f36ff2460>,5,12,[6 5],11,11,23,0,11
1,<environment.Job instance at 0x7f1f3682dc80>,14,3,[3 8],24,24,27,0,24
1,<environment.Job instance at 0x7f1f365e4550>,18,13,[5 5],29,29,42,0,29
1,<environment.Job instance at 0x7f1ef0c78f50>,19,3,[8 5],30,42,45,12,30
1,<environment.Job instance at 0x7f1f367e7140>,21,3,[4 7],32,45,48,13,32
1,<environment.Job instance at 0x7f1f3659e820>,22,12,[9 3],33,48,60,15,35
1,<environment.Job instance at 0x7f1ef0cc1cd0>,33,2,[5 7],50,60,62,10,59
1,<environment.Job instance at 0x7f1ef0cc1f00>,34,12,[10  4],51,62,74,11,59
1,<environment.Job instance at 0x7f1ef0c7dbe0>,40,22,[4 5],63,74,96,11,68
1,<environment.Job instance at 0x7f1f365e41e0>,13,17,[6 3],22,76,93,54,76
1,<environment.Job instance at 0x7f1ef0a098c0>,48,16,[6 2],74,93,109,19,92
1,<environment.Job instance at 0x7f1ef0a09870>,49,3,[10  1],76,109,112,33,95
1,<environment.Job instance at 0x7f1f364300f0>,51,3,[2 7],81,96,99,15,95
1,<environment.Job instance at 0x7f1ef09aacd0>,26,13,[6 5],40,112,125,72,97
1,<environment.Job instance at 0x7f1f3647d050>,45,18,[2 8],69,125,143,56,114
1,<environment.Job instance at 0x7f1f3695dfa0>,64,18,[1 7],100,143,161,43,132
1,<environment.Job instance at 0x7f1f3630fcd0>,68,17,[2 8],107,161,178,54,151
1,<environment.Job instance at 0x7f1f3659cc80>,0,3,[3 8],1,1,4,0,1
1,<environment.Job instance at 0x7f1f3630faf0>,3,12,[6 3],5,5,17,0,5
1,<environment.Job instance at 0x7f1f36ccc2d0>,7,14,[6 3],11,17,31,6,16
1,<environment.Job instance at 0x7f1f36ccc690>,11,14,[1 7],21,28,42,7,28
1,<environment.Job instance at 0x7f1f36d25230>,21,17,[5 8],32,42,59,10,38
1,<environment.Job instance at 0x7f1f36d258c0>,27,12,[7 2],42,59,71,17,43
1,<environment.Job instance at 0x7f1f36d25e10>,31,13,[9 3],50,71,84,21,60
1,<environment.Job instance at 0x7f1f36d550f0>,36,16,[6 3],57,84,100,27,78
1,<environment.Job instance at 0x7f1f36d555a0>,40,14,[5 7],62,100,114,38,90
1,<environment.Job instance at 0x7f1f36d55c30>,47,17,[5 8],71,114,131,43,109
1,<environment.Job instance at 0x7f1f36cccaa0>,15,16,[7 2],26,131,147,105,123
1,<environment.Job instance at 0x7f1f36d23690>,60,12,[7 1],90,147,159,57,140
1,<environment.Job instance at 0x7f1f36d57140>,68,13,[9 4],101,159,172,58,151
1,<environment.Job instance at 0x7f1f36d57190>,69,15,[8 3],102,172,187,70,158
1,<environment.Job instance at 0x7f1f36d57410>,1,16,[5 4],3,3,19,0,3
1,<environment.Job instance at 0x7f1f369fdc30>,4,12,[5 3],9,10,22,1,10
1,<environment.Job instance at 0x7f1f369fda00>,3,12,[1 6],7,19,31,12,17
1,<environment.Job instance at 0x7f1f362c0140>,11,15,[4 5],17,31,46,14,20
1,<environment.Job instance at 0x7f1f362c00a0>,13,23,[8 3],21,46,69,25,42
1,<environment.Job instance at 0x7f1ef0df1cd0>,20,25,[10  4],30,69,94,39,65
1,<environment.Job instance at 0x7f1f3706e730>,46,27,[ 5 10],68,101,128,33,101
1,<environment.Job instance at 0x7f1f3b6e23c0>,55,17,[10  4],78,128,145,50,116
1,<environment.Job instance at 0x7f1f3b6e2910>,60,17,[5 9],83,152,169,69,152
1,<environment.Job instance at 0x7f1ef0b65730>,0,18,[2 9],1,1,19,0,1
1,<environment.Job instance at 0x7f1f3632f230>,8,3,[4 6],11,19,22,8,11
1,<environment.Job instance at 0x7f1f370ccf00>,11,16,[6 3],16,19,35,3,16
1,<environment.Job instance at 0x7f1f366560a0>,18,25,[3 8],24,57,82,33,57
1,<environment.Job instance at 0x7f1ef07e15a0>,35,1,[8 1],51,82,83,31,57
1,<environment.Job instance at 0x7f1ef07e1280>,38,15,[7 2],57,59,74,2,59
1,<environment.Job instance at 0x7f1f369ebb90>,39,3,[2 8],58,82,85,24,59
1,<environment.Job instance at 0x7f1ef07e1b40>,34,14,[2 6],50,85,99,35,70
1,<environment.Job instance at 0x7f1ef0f050f0>,47,13,[4 5],68,99,112,31,83
1,<environment.Job instance at 0x7f1ef0972e60>,49,1,[8 1],70,83,84,13,83
1,<environment.Job instance at 0x7f1ef0972b90>,52,16,[8 3],73,112,128,39,99
1,<environment.Job instance at 0x7f1ef0a6b190>,62,3,[7 1],88,128,131,40,121
1,<environment.Job instance at 0x7f1ef07e1550>,33,18,[8 1],49,131,149,82,121
1,<environment.Job instance at 0x7f1f372125f0>,42,15,[2 9],62,134,149,72,134
1,<environment.Job instance at 0x7f1ef0a6bbe0>,65,17,[1 7],93,149,166,56,137
1,<environment.Job instance at 0x7f1f364b2780>,71,3,[4 7],102,166,169,64,154
1,<environment.Job instance at 0x7f1f364b2780>,1,13,[1 8],4,4,17,0,4
1,<environment.Job instance at 0x7f1ef0ea9780>,5,16,[1 8],8,17,33,9,8
1,<environment.Job instance at 0x7f1ef0ea9a50>,9,16,[5 3],15,33,49,18,23
1,<environment.Job instance at 0x7f1ef0ec79b0>,22,14,[5 8],39,49,63,10,40
1,<environment.Job instance at 0x7f1ef0ec7410>,16,15,[9 2],30,63,78,33,50
1,<environment.Job instance at 0x7f1ef0ec72d0>,18,12,[9 5],35,78,90,43,61
1,<environment.Job instance at 0x7f1ef0eb4c30>,37,1,[5 6],62,90,91,28,67
1,<environment.Job instance at 0x7f1ef0eb4500>,39,15,[10  5],65,91,106,26,77
1,<environment.Job instance at 0x7f1ef0ea6780>,50,21,[10  1],77,106,127,29,103
1,<environment.Job instance at 0x7f1ef0ea6c80>,52,14,[ 3 10],80,127,141,47,112
1,<environment.Job instance at 0x7f1ef0ec4190>,59,1,[1 9],92,143,144,51,143
1,<environment.Job instance at 0x7f1ef0ec4370>,60,16,[9 2],94,144,160,50,143
1,<environment.Job instance at 0x7f1ef0ec4640>,62,14,[10  3],97,160,174,63,157
1,<environment.Job instance at 0x7f1ef0ec4aa0>,1,2,[2 8],5,5,7,0,5
1,<environment.Job instance at 0x7f1f36eee6e0>,3,12,[6 1],7,7,19,0,7
1,<environment.Job instance at 0x7f1f36eee230>,14,25,[8 3],23,34,59,11,34
1,<environment.Job instance at 0x7f1ef076bc80>,23,14,[6 3],40,59,73,19,44
1,<environment.Job instance at 0x7f1ef076b910>,25,18,[10  1],42,73,91,31,62
1,<environment.Job instance at 0x7f1ef084ceb0>,36,13,[9 5],55,91,104,36,80
1,<environment.Job instance at 0x7f1ef084c870>,34,18,[5 5],53,104,122,51,94
1,<environment.Job instance at 0x7f1f371d6f00>,48,15,[10  1],68,122,137,54,110
1,<environment.Job instance at 0x7f1ef076b8c0>,33,18,[3 5],52,137,155,85,133
1,<environment.Job instance at 0x7f1f37021c80>,62,2,[4 8],91,158,160,67,158
1,<environment.Job instance at 0x7f1f37021b90>,63,15,[4 8],92,160,175,68,158
1,<environment.Job instance at 0x7f1f365bca00>,1,18,[4 7],3,3,21,0,3
1,<environment.Job instance at 0x7f1f365bc460>,3,14,[5 5],6,21,35,15,6
1,<environment.Job instance at 0x7f1f36460190>,12,12,[8 3],22,35,47,13,22
1,<environment.Job instance at 0x7f1f36460870>,15,1,[ 4 10],26,47,48,21,28
1,<environment.Job instance at 0x7f1f36ff2e10>,16,15,[2 6],27,48,63,21,34
1,<environment.Job instance at 0x7f1f36460370>,14,15,[7 3],24,48,63,24,34
1,<environment.Job instance at 0x7f1f36ff2e60>,18,17,[6 3],30,63,80,33,51
1,<environment.Job instance at 0x7f1f36433a50>,32,16,[1 8],48,80,96,32,67
1,<environment.Job instance at 0x7f1f364335a0>,35,18,[2 6],52,96,114,44,85
1,<environment.Job instance at 0x7f1f365f5d70>,37,13,[5 1],54,85,98,31,85
1,<environment.Job instance at 0x7f1f365f5870>,40,13,[8 2],60,113,126,53,113
1,<environment.Job instance at 0x7f1ef0b65d70>,45,18,[4 6],67,126,144,59,115
1,<environment.Job instance at 0x7f1ef0b655f0>,47,22,[3 9],69,144,166,75,137
1,<environment.Job instance at 0x7f1f36e6f050>,57,18,[3 8],82,166,184,84,155
1,<environment.Job instance at 0x7f1f364a2fa0>,0,16,[3 8],3,3,19,0,3
1,<environment.Job instance at 0x7f1f3705c140>,4,17,[3 7],8,19,36,11,8
1,<environment.Job instance at 0x7f1f370505a0>,11,13,[1 7],19,36,49,17,20
1,<environment.Job instance at 0x7f1f3675f500>,19,14,[9 1],33,36,50,3,35
1,<environment.Job instance at 0x7f1f37060f50>,22,3,[1 7],38,49,52,11,38
1,<environment.Job instance at 0x7f1f370b4a50>,23,13,[5 1],39,50,63,11,39
1,<environment.Job instance at 0x7f1f37050af0>,6,26,[5 4],11,52,78,41,49
1,<environment.Job instance at 0x7f1f370b05f0>,25,3,[2 5],42,63,66,21,49
1,<environment.Job instance at 0x7f1f37050cd0>,8,20,[2 5],15,66,86,51,62
1,<environment.Job instance at 0x7f1ef0bd59b0>,34,18,[6 2],52,78,96,26,71
1,<environment.Job instance at 0x7f1f370c5c30>,12,16,[3 7],20,86,102,66,78
1,<environment.Job instance at 0x7f1ef0bf73c0>,41,15,[4 5],60,102,117,42,89
1,<environment.Job instance at 0x7f1f36f7b410>,47,2,[3 7],70,117,119,47,107
1,<environment.Job instance at 0x7f1f36f7beb0>,48,12,[4 9],71,119,131,48,107
1,<environment.Job instance at 0x7f1f362c7460>,54,15,[3 5],77,131,146,54,118
1,<environment.Job instance at 0x7f1f37089be0>,32,25,[3 5],50,133,158,83,133
1,<environment.Job instance at 0x7f1f36f922d0>,59,14,[5 5],84,152,166,68,152
1,<environment.Job instance at 0x7f1f370c5870>,18,15,[9 4],32,166,181,134,154
1,<environment.Job instance at 0x7f1ef0c33370>,1,14,[5 4],3,3,17,0,3
1,<environment.Job instance at 0x7f1f3703aeb0>,9,17,[5 8],15,17,34,2,15
1,<environment.Job instance at 0x7f1ef06ee230>,10,15,[10  5],18,34,49,16,27
1,<environment.Job instance at 0x7f1ef089bf00>,22,3,[ 5 10],31,49,52,18,34
1,<environment.Job instance at 0x7f1f36859a50>,28,14,[1 6],40,52,66,12,51
1,<environment.Job instance at 0x7f1f36859c80>,29,16,[7 3],41,52,68,11,51
1,<environment.Job instance at 0x7f1f36859140>,35,1,[9 4],49,68,69,19,52
1,<environment.Job instance at 0x7f1f37273f50>,37,20,[2 6],52,69,89,17,60
1,<environment.Job instance at 0x7f1f3647e320>,41,17,[1 5],56,89,106,33,77
1,<environment.Job instance at 0x7f1f36c32140>,47,18,[3 7],63,106,124,43,106
1,<environment.Job instance at 0x7f1f36c32e60>,50,18,[3 6],66,124,142,58,113
1,<environment.Job instance at 0x7f1f36859280>,27,14,[9 4],38,142,156,104,129
1,<environment.Job instance at 0x7f1f3705c0a0>,65,2,[2 6],87,156,158,69,142
1,<environment.Job instance at 0x7f1f36ff2690>,66,1,[3 6],89,158,159,69,143
1,<environment.Job instance at 0x7f1f36433dc0>,69,2,[7 4],93,157,159,64,157
1,<environment.Job instance at 0x7f1f364331e0>,70,1,[10  4],94,159,160,65,157
1,<environment.Job instance at 0x7f1f36433910>,71,1,[2 9],95,160,161,65,157
1,<environment.Job instance at 0x7f1ef052a9b0>,1,18,[7 3],2,2,20,0,2
1,<environment.Job instance at 0x7f1ef052abe0>,3,18,[4 9],5,20,38,15,12
1,<environment.Job instance at 0x7f1ef061f5a0>,19,19,[8 3],26,38,57,12,28
1,<environment.Job instance at 0x7f1ef061f9b0>,17,18,[1 7],23,38,56,15,33
1,<environment.Job instance at 0x7f1ef06b8730>,33,17,[8 4],42,57,74,15,46
1,<environment.Job instance at 0x7f1ef0535690>,35,16,[7 1],44,74,90,30,62
1,<environment.Job instance at 0x7f1ef0535640>,41,12,[4 5],50,90,102,40,73
1,<environment.Job instance at 0x7f1ef0535550>,42,1,[ 5 10],52,102,103,50,74
1,<environment.Job instance at 0x7f1ef0535f00>,45,14,[5 5],58,103,117,45,88
1,<environment.Job instance at 0x7f1ef04de140>,52,15,[3 9],68,117,132,49,103
1,<environment.Job instance at 0x7f1ef06b8500>,31,18,[10  5],40,132,150,92,121
1,<environment.Job instance at 0x7f1ef0534410>,59,2,[10  3],82,150,152,68,137
1,<environment.Job instance at 0x7f1ef0534be0>,62,16,[2 5],91,156,172,65,156
1,<environment.Job instance at 0x7f1ef0e32c80>,0,1,[1 7],2,2,3,0,2
1,<environment.Job instance at 0x7f1f36d1dd70>,4,13,[5 5],8,8,21,0,8
1,<environment.Job instance at 0x7f1ef0e58a00>,6,16,[9 4],13,21,37,8,13
1,<environment.Job instance at 0x7f1ef0e64370>,10,1,[5 8],18,37,38,19,18
1,<environment.Job instance at 0x7f1ef0e649b0>,15,2,[4 7],24,38,40,14,25
1,<environment.Job instance at 0x7f1ef0e64af0>,17,16,[5 8],26,40,56,14,28
1,<environment.Job instance at 0x7f1ef0e64550>,14,26,[5 2],23,41,67,18,41
1,<environment.Job instance at 0x7f1ef07f0640>,12,23,[10  4],21,67,90,46,64
1,<environment.Job instance at 0x7f1ef0e93d20>,35,14,[9 3],55,90,104,35,81
1,<environment.Job instance at 0x7f1f36bb44b0>,42,24,[2 5],64,110,134,46,110
1,<environment.Job instance at 0x7f1f36bb4870>,47,18,[5 3],71,116,134,45,116
1,<environment.Job instance at 0x7f1f36bb42d0>,48,17,[3 5],72,134,151,62,122
1,<environment.Job instance at 0x7f1ef0ec4c30>,51,21,[6 2],75,134,155,59,134
1,<environment.Job instance at 0x7f1f36b99e60>,57,16,[1 6],82,151,167,69,140
1,<environment.Job instance at 0x7f1f36b990a0>,1,1,[2 8],2,2,3,0,2
1,<environment.Job instance at 0x7f1ef096aa50>,2,12,[9 4],3,3,15,0,3
1,<environment.Job instance at 0x7f1ef0d32b40>,4,16,[4 9],6,15,31,9,14
1,<environment.Job instance at 0x7f1ef06b85a0>,12,15,[ 2 10],15,31,46,16,23
1,<environment.Job instance at 0x7f1ef059deb0>,17,17,[8 4],23,46,63,23,38
1,<environment.Job instance at 0x7f1ef08ea8c0>,27,18,[2 9],38,63,81,25,52
1,<environment.Job instance at 0x7f1ef051d780>,37,17,[5 8],53,81,98,28,70
1,<environment.Job instance at 0x7f1f3689a640>,46,21,[9 2],64,98,119,34,90
1,<environment.Job instance at 0x7f1ef0d92140>,53,1,[5 5],76,119,120,43,106
1,<environment.Job instance at 0x7f1ef0d92f00>,52,14,[ 1 10],75,120,134,45,108
1,<environment.Job instance at 0x7f1f37028a50>,59,17,[1 5],86,134,151,48,133
1,<environment.Job instance at 0x7f1f370280f0>,60,2,[1 7],87,151,153,64,140
1,<environment.Job instance at 0x7f1f37028190>,66,12,[1 9],95,153,165,58,147
1,<environment.Job instance at 0x7f1f37028c30>,69,13,[2 8],99,165,178,66,151
1,<environment.Job instance at 0x7f1ef0edceb0>,0,16,[9 5],1,1,17,0,1
1,<environment.Job instance at 0x7f1f36f7ac80>,13,28,[1 5],16,17,45,1,17
1,<environment.Job instance at 0x7f1f36f7a690>,12,22,[9 3],15,42,64,27,42
1,<environment.Job instance at 0x7f1f36590c80>,23,15,[5 8],29,64,79,35,50
1,<environment.Job instance at 0x7f1f3648dcd0>,33,18,[ 5 10],42,79,97,37,70
1,<environment.Job instance at 0x7f1f3648d0a0>,35,16,[2 8],44,97,113,53,84
1,<environment.Job instance at 0x7f1f368155f0>,43,12,[2 8],59,113,125,54,110
1,<environment.Job instance at 0x7f1f36815d20>,46,1,[2 7],63,125,126,62,112
1,<environment.Job instance at 0x7f1f36815140>,47,15,[ 3 10],64,126,141,62,112
1,<environment.Job instance at 0x7f1f36815aa0>,50,13,[1 9],68,141,154,73,125
1,<environment.Job instance at 0x7f1f370e65f0>,60,28,[7 1],81,141,169,60,140
1,<environment.Job instance at 0x7f1f370e69b0>,65,13,[7 4],86,169,182,83,157
1,<environment.Job instance at 0x7f1ef0ce7af0>,70,1,[10  1],93,182,183,89,157
1,<environment.Job instance at 0x7f1f369637d0>,0,13,[4 5],1,1,14,0,1
1,<environment.Job instance at 0x7f1f365ef780>,3,12,[1 6],5,14,26,9,5
1,<environment.Job instance at 0x7f1f3b850730>,9,25,[ 2 10],13,51,76,38,51
1,<environment.Job instance at 0x7f1ef0bca910>,35,1,[ 3 10],51,76,77,25,59
1,<environment.Job instance at 0x7f1ef0bcad20>,39,15,[4 8],57,90,105,33,90
1,<environment.Job instance at 0x7f1f363ce410>,22,17,[4 6],35,105,122,70,93
1,<environment.Job instance at 0x7f1ef0bcafa0>,41,15,[10  4],60,122,137,62,116
1,<environment.Job instance at 0x7f1ef0bb7dc0>,52,13,[3 5],81,137,150,56,128
1,<environment.Job instance at 0x7f1ef0bb73c0>,57,1,[5 9],88,151,152,63,151
1,<environment.Job instance at 0x7f1ef0bb79b0>,58,17,[10  3],90,152,169,62,152
1,<environment.Job instance at 0x7f1ef0ba5b40>,61,16,[5 1],93,169,185,76,158
1,<environment.Job instance at 0x7fa1941fe6e0>,1,14,[7 5],5,5,19,0,5
1,<environment.Job instance at 0x7fa18cd65370>,4,13,[3 6],9,19,32,10,14
1,<environment.Job instance at 0x7fa18cd651e0>,5,2,[1 6],10,32,34,22,21
1,<environment.Job instance at 0x7fa18cd655f0>,12,18,[5 9],21,34,52,13,23
1,<environment.Job instance at 0x7fa18cd65410>,7,14,[7 5],12,52,66,40,37
1,<environment.Job instance at 0x7fa18cd695a0>,25,17,[4 6],37,66,83,29,54
1,<environment.Job instance at 0x7fa18cd69e60>,33,16,[1 9],46,83,99,37,72
1,<environment.Job instance at 0x7fa18cd670a0>,36,18,[9 4],52,99,117,47,88
1,<environment.Job instance at 0x7fa18cd67b40>,44,3,[2 5],63,117,120,54,105
1,<environment.Job instance at 0x7fa18cd67aa0>,45,13,[1 5],66,106,119,40,106
1,<environment.Job instance at 0x7fa18cd67d20>,46,13,[4 6],67,120,133,53,106
1,<environment.Job instance at 0x7fa18cd67dc0>,47,13,[5 6],68,133,146,65,117
1,<environment.Job instance at 0x7fa18cd6c050>,53,3,[9 1],83,146,149,63,136
1,<environment.Job instance at 0x7fa18cd6c370>,54,14,[ 2 10],84,149,163,65,138
1,<environment.Job instance at 0x7fa18cd673c0>,43,15,[5 6],62,163,178,101,149
1,<environment.Job instance at 0x7fa18cd6c910>,62,14,[6 4],94,178,192,84,163
1,<environment.Job instance at 0x7fa1942e4140>,2,2,[4 6],4,4,6,0,4
1,<environment.Job instance at 0x7fa1942e4e10>,3,12,[7 1],8,8,20,0,8
1,<environment.Job instance at 0x7fa1942e2e60>,13,17,[7 1],24,24,41,0,24
1,<environment.Job instance at 0x7fa1942e96e0>,18,17,[6 4],36,41,58,5,36
1,<environment.Job instance at 0x7fa1942e6b40>,21,16,[4 9],39,58,74,19,55
1,<environment.Job instance at 0x7fa1941fc2d0>,32,18,[8 2],57,74,92,17,63
1,<environment.Job instance at 0x7fa1942ef050>,40,2,[1 5],77,77,79,0,77
1,<environment.Job instance at 0x7fa1942ef1e0>,39,14,[7 3],76,92,106,16,78
1,<environment.Job instance at 0x7fa1942e8d20>,49,2,[4 9],89,106,108,17,95
1,<environment.Job instance at 0x7fa1942e8640>,50,16,[5 3],90,108,124,18,95
1,<environment.Job instance at 0x7fa1941fc320>,33,23,[2 7],59,108,131,49,103
1,<environment.Job instance at 0x7fa14905a9b0>,58,26,[3 9],103,131,157,28,128
1,<environment.Job instance at 0x7fa1490fdfa0>,71,20,[ 2 10],119,157,177,38,148
1,<environment.Job instance at 0x7fa1490de460>,75,13,[2 5],123,177,190,54,164
1,<environment.Job instance at 0x7fa148fb5280>,0,14,[5 8],1,1,15,0,1
1,<environment.Job instance at 0x7fa14901ea00>,8,22,[6 4],15,15,37,0,15
1,<environment.Job instance at 0x7fa149000320>,12,15,[4 5],21,21,36,0,21
1,<environment.Job instance at 0x7fa18cf86410>,14,15,[6 5],24,37,52,13,25
1,<environment.Job instance at 0x7fa18cee0780>,20,18,[3 8],31,52,70,21,42
1,<environment.Job instance at 0x7fa1490709b0>,26,13,[5 6],39,70,83,31,54
1,<environment.Job instance at 0x7fa149007370>,29,3,[5 2],44,76,79,32,76
1,<environment.Job instance at 0x7fa149007b90>,31,16,[7 5],47,83,99,36,76
1,<environment.Job instance at 0x7fa18cace640>,35,13,[8 4],51,99,112,48,85
1,<environment.Job instance at 0x7fa149109be0>,41,12,[8 3],58,112,124,54,97
1,<environment.Job instance at 0x7fa1491095f0>,45,13,[4 8],65,124,137,59,111
1,<environment.Job instance at 0x7fa149109b90>,48,18,[1 7],68,137,155,69,126
1,<environment.Job instance at 0x7fa18cfa87d0>,52,3,[4 5],73,155,158,82,154
1,<environment.Job instance at 0x7fa18cbaf0f0>,53,16,[5 3],74,154,170,80,154
1,<environment.Job instance at 0x7fa18cfa8370>,54,14,[7 1],75,170,184,95,155
1,<environment.Job instance at 0x7fa148ffb0f0>,56,18,[2 5],78,167,185,89,167
1,<environment.Job instance at 0x7fa18cdd3190>,0,16,[10  2],1,2,18,1,2
1,<environment.Job instance at 0x7fa18cd55230>,5,20,[ 3 10],6,18,38,12,9
1,<environment.Job instance at 0x7fa18cdf09b0>,8,17,[6 1],10,38,55,28,26
1,<environment.Job instance at 0x7fa1495054b0>,16,14,[5 6],21,55,69,34,40
1,<environment.Job instance at 0x7fa149000f50>,27,16,[2 8],41,69,85,28,57
1,<environment.Job instance at 0x7fa1494b2dc0>,36,18,[5 8],53,85,103,32,78
1,<environment.Job instance at 0x7fa1495286e0>,40,13,[4 6],57,103,116,46,102
1,<environment.Job instance at 0x7fa149528500>,41,12,[10  5],59,116,128,57,103
1,<environment.Job instance at 0x7fa14952cc80>,52,15,[3 9],76,128,143,52,114
1,<environment.Job instance at 0x7fa18d1233c0>,56,16,[4 9],83,143,159,60,131
1,<environment.Job instance at 0x7fa1495211e0>,46,13,[7 4],66,159,172,93,145
1,<environment.Job instance at 0x7fa149429640>,61,3,[2 5],92,159,162,67,149
1,<environment.Job instance at 0x7fa149429410>,60,16,[1 6],91,162,178,71,150
1,<environment.Job instance at 0x7fa149423d70>,75,13,[3 7],114,178,191,64,167
1,<environment.Job instance at 0x7fa1494cef00>,1,3,[4 8],2,2,5,0,2
1,<environment.Job instance at 0x7fa1493cd780>,3,12,[2 9],5,5,17,0,5
1,<environment.Job instance at 0x7fa18cb563c0>,4,25,[5 5],7,17,42,10,15
1,<environment.Job instance at 0x7fa191864140>,7,17,[5 9],12,42,59,30,32
1,<environment.Job instance at 0x7fa1493a3960>,25,1,[5 4],33,59,60,26,47
1,<environment.Job instance at 0x7fa18cb56640>,9,17,[8 5],15,60,77,45,49
1,<environment.Job instance at 0x7fa149371050>,35,13,[2 7],47,77,90,30,65
1,<environment.Job instance at 0x7fa149371320>,36,21,[6 1],48,77,98,29,72
1,<environment.Job instance at 0x7fa149371230>,38,16,[10  1],51,98,114,47,87
1,<environment.Job instance at 0x7fa18cbcfc80>,21,16,[6 3],29,114,130,85,101
1,<environment.Job instance at 0x7fa1493950a0>,47,16,[1 7],63,116,132,53,116
1,<environment.Job instance at 0x7fa149395190>,45,18,[9 3],61,130,148,69,120
1,<environment.Job instance at 0x7fa1493a9870>,53,17,[9 5],73,148,165,75,136
1,<environment.Job instance at 0x7fa191844730>,60,16,[8 1],82,165,181,83,153
1,<environment.Job instance at 0x7fa18cb7bcd0>,1,1,[2 7],4,4,5,0,4
1,<environment.Job instance at 0x7fa18d2019b0>,4,23,[2 6],8,8,31,0,8
1,<environment.Job instance at 0x7fa191751c80>,12,1,[1 5],19,31,32,12,21
1,<environment.Job instance at 0x7fa18d201960>,5,14,[2 8],9,32,46,23,21
1,<environment.Job instance at 0x7fa191751960>,13,16,[ 4 10],21,46,62,25,35
1,<environment.Job instance at 0x7fa191751550>,22,17,[5 3],34,62,79,28,53
1,<environment.Job instance at 0x7fa149664140>,29,12,[9 1],48,79,91,31,63
1,<environment.Job instance at 0x7fa1913c5050>,35,13,[3 9],58,91,104,33,77
1,<environment.Job instance at 0x7fa1913c55a0>,43,13,[10  2],69,104,117,35,95
1,<environment.Job instance at 0x7fa191a26b90>,45,17,[3 9],71,117,134,46,105
1,<environment.Job instance at 0x7fa191751910>,18,22,[10  2],29,134,156,105,129
1,<environment.Job instance at 0x7fa149419e10>,61,14,[ 3 10],91,156,170,65,149
1,<environment.Job instance at 0x7fa19140ecd0>,67,17,[2 7],98,170,187,72,163
1,<environment.Job instance at 0x7fa148fc2690>,1,22,[4 5],3,3,25,0,3
1,<environment.Job instance at 0x7fa18d014050>,8,14,[10  1],13,25,39,12,13
1,<environment.Job instance at 0x7fa18d014a50>,14,26,[2 7],24,39,65,15,36
1,<environment.Job instance at 0x7fa18cfef3c0>,19,13,[ 4 10],32,65,78,33,49
1,<environment.Job instance at 0x7fa14923af00>,29,17,[2 8],47,78,95,31,66
1,<environment.Job instance at 0x7fa149224b90>,35,12,[6 5],57,98,110,41,98
1,<environment.Job instance at 0x7fa1492244b0>,36,18,[9 4],58,110,128,52,99
1,<environment.Job instance at 0x7fa149224a50>,38,12,[7 4],60,128,140,68,112
1,<environment.Job instance at 0x7fa18ceeb050>,50,15,[2 9],78,140,155,62,128
1,<environment.Job instance at 0x7fa18ce79050>,23,18,[2 7],38,155,173,117,145
1,<environment.Job instance at 0x7fa18cf18640>,0,17,[5 8],1,1,18,0,1
1,<environment.Job instance at 0x7fa18cf18d70>,5,26,[6 3],11,34,60,23,34
1,<environment.Job instance at 0x7fa18ccfda00>,25,15,[8 2],39,60,75,21,49
1,<environment.Job instance at 0x7fa18ccfd690>,21,13,[9 4],31,75,88,44,60
1,<environment.Job instance at 0x7fa18ccf7aa0>,40,14,[2 8],60,88,102,28,86
1,<environment.Job instance at 0x7fa18ccf7cd0>,42,18,[10  1],66,102,120,36,91
1,<environment.Job instance at 0x7fa18ccf7640>,32,14,[10  5],50,120,134,70,116
1,<environment.Job instance at 0x7fa18ccef500>,49,13,[5 5],77,134,147,57,131
1,<environment.Job instance at 0x7fa18ccef5f0>,50,17,[9 4],78,147,164,69,135
1,<environment.Job instance at 0x7fa18ccef780>,54,2,[1 9],86,164,166,78,161
1,<environment.Job instance at 0x7fa18ccefb40>,55,1,[1 7],87,166,167,79,161
1,<environment.Job instance at 0x7fa18ccefc30>,56,17,[10  5],88,167,184,79,161
1,<environment.Job instance at 0x7fa18ccefeb0>,2,17,[5 9],3,4,21,1,4
1,<environment.Job instance at 0x7fa191885690>,11,18,[4 8],19,21,39,2,19
1,<environment.Job instance at 0x7fa191885c80>,14,13,[ 5 10],22,39,52,17,35
1,<environment.Job instance at 0x7fa1918850f0>,13,16,[2 5],21,52,68,31,40
1,<environment.Job instance at 0x7fa191579c30>,17,17,[5 3],26,52,69,26,40
1,<environment.Job instance at 0x7fa19407b230>,23,2,[4 8],36,69,71,33,53
1,<environment.Job instance at 0x7fa194174e60>,27,13,[5 7],40,71,84,31,59
1,<environment.Job instance at 0x7fa14917d780>,29,17,[8 4],44,84,101,40,73
1,<environment.Job instance at 0x7fa1919a0140>,38,24,[8 5],57,101,125,44,96
1,<environment.Job instance at 0x7fa18ccf45a0>,48,14,[1 5],70,123,137,53,123
1,<environment.Job instance at 0x7fa18ccf45f0>,49,3,[1 7],71,137,140,66,123
1,<environment.Job instance at 0x7fa19186ff00>,35,13,[5 1],52,130,143,78,130
1,<environment.Job instance at 0x7fa1914ef460>,30,22,[7 5],45,143,165,98,137
1,<environment.Job instance at 0x7fa1919e8320>,59,16,[4 6],84,166,182,82,166
1,<environment.Job instance at 0x7fa1919e8c30>,60,14,[1 7],85,182,196,97,167
1,<environment.Job instance at 0x7fa191844b90>,0,22,[8 3],1,3,25,2,3
1,<environment.Job instance at 0x7fa18cfc5eb0>,9,3,[1 5],18,19,22,1,19
1,<environment.Job instance at 0x7fa19186fcd0>,12,14,[8 1],22,25,39,3,23
1,<environment.Job instance at 0x7fa1491ba5f0>,14,1,[1 8],24,25,26,1,24
1,<environment.Job instance at 0x7fa18cde25a0>,15,15,[9 1],25,39,54,14,25
1,<environment.Job instance at 0x7fa19186fd70>,10,1,[5 8],19,54,55,35,33
1,<environment.Job instance at 0x7fa191418050>,19,2,[7 4],37,55,57,18,38
1,<environment.Job instance at 0x7fa149542c30>,18,15,[4 5],35,57,72,22,43
1,<environment.Job instance at 0x7fa18cc94c30>,28,18,[5 5],51,57,75,6,56
1,<environment.Job instance at 0x7fa18cc94820>,29,15,[7 5],53,75,90,22,61
1,<environment.Job instance at 0x7fa18cb84a00>,35,2,[10  1],60,90,92,30,85
1,<environment.Job instance at 0x7fa18cb84be0>,36,1,[2 5],61,85,86,24,85
1,<environment.Job instance at 0x7fa18cb84cd0>,37,15,[5 2],62,92,107,30,85
1,<environment.Job instance at 0x7fa191844f00>,1,17,[1 7],3,94,111,91,94
1,<environment.Job instance at 0x7fa1494884b0>,39,16,[9 4],66,111,127,45,99
1,<environment.Job instance at 0x7fa18cfef0a0>,47,16,[1 8],78,127,143,49,114
1,<environment.Job instance at 0x7fa18cfef6e0>,49,1,[2 5],83,143,144,60,115
1,<environment.Job instance at 0x7fa18cbef190>,52,12,[4 7],87,144,156,57,130
1,<environment.Job instance at 0x7fa191455cd0>,58,15,[9 2],100,156,171,56,142
1,<environment.Job instance at 0x7fa18cbbb910>,60,12,[9 5],105,171,183,66,155
1,<environment.Job instance at 0x7fa18cd1b0a0>,0,13,[6 4],3,3,16,0,3
1,<environment.Job instance at 0x7fa18d273960>,6,17,[3 6],13,13,30,0,13
1,<environment.Job instance at 0x7fa18d273e60>,15,14,[7 1],28,29,43,1,29
1,<environment.Job instance at 0x7fa18d279230>,16,17,[1 9],30,30,47,0,30
1,<environment.Job instance at 0x7fa18d273b90>,13,12,[4 7],25,47,59,22,32
1,<environment.Job instance at 0x7fa18d273cd0>,10,1,[9 3],17,59,60,42,42
1,<environment.Job instance at 0x7fa18d273b40>,9,16,[8 5],16,60,76,44,49
1,<environment.Job instance at 0x7fa18d279fa0>,32,13,[10  4],49,76,89,27,70
1,<environment.Job instance at 0x7fa18d273dc0>,12,15,[9 3],21,89,104,68,75
1,<environment.Job instance at 0x7fa18d279af0>,27,21,[8 4],44,104,125,60,97
1,<environment.Job instance at 0x7fa18d280910>,40,1,[6 2],58,125,126,67,115
1,<environment.Job instance at 0x7fa18d280730>,38,17,[8 2],56,126,143,70,118
1,<environment.Job instance at 0x7fa18d280cd0>,47,15,[1 7],70,127,142,57,127
1,<environment.Job instance at 0x7fa18d279c30>,26,23,[9 2],43,143,166,100,139
1,<environment.Job instance at 0x7fa18d268640>,52,12,[10  5],79,166,178,87,151
1,<environment.Job instance at 0x7fa18d268b40>,60,15,[5 3],93,178,193,85,165
1,<environment.Job instance at 0x7fa191a7dd70>,3,19,[5 5],4,4,23,0,4
1,<environment.Job instance at 0x7fa14913b820>,10,15,[8 4],12,23,38,11,18
1,<environment.Job instance at 0x7fa191321eb0>,12,12,[7 5],14,38,50,24,22
1,<environment.Job instance at 0x7fa191321f00>,13,16,[5 9],16,50,66,34,47
1,<environment.Job instance at 0x7fa149453370>,24,16,[ 3 10],31,66,82,35,62
1,<environment.Job instance at 0x7fa149453d70>,25,17,[5 6],34,82,99,48,71
1,<environment.Job instance at 0x7fa1943b20f0>,43,12,[9 4],60,99,111,39,95
1,<environment.Job instance at 0x7fa18d108050>,45,17,[2 5],64,111,128,47,100
1,<environment.Job instance at 0x7fa148f7c0f0>,54,22,[7 3],79,134,156,55,134
1,<environment.Job instance at 0x7fa148f7c140>,60,15,[4 8],86,156,171,70,143
1,<environment.Job instance at 0x7fa148f7caf0>,66,17,[3 7],94,171,188,77,159
1,<environment.Job instance at 0x7fa1914d2460>,0,26,[5 5],1,7,33,6,7
1,<environment.Job instance at 0x7fa148eb0cd0>,13,15,[4 9],23,33,48,10,25
1,<environment.Job instance at 0x7fa148eb06e0>,7,12,[9 2],14,48,60,34,31
1,<environment.Job instance at 0x7fa191a870f0>,18,18,[5 5],28,60,78,32,59
1,<environment.Job instance at 0x7fa191a87af0>,21,2,[ 1 10],32,78,80,46,65
1,<environment.Job instance at 0x7fa18d1a8550>,23,17,[5 3],34,80,97,46,68
1,<environment.Job instance at 0x7fa191a876e0>,22,13,[4 9],33,97,110,64,84
1,<environment.Job instance at 0x7fa18d1a8f50>,33,17,[3 7],48,110,127,62,98
1,<environment.Job instance at 0x7fa18d1a8a50>,31,14,[9 4],46,127,141,81,115
1,<environment.Job instance at 0x7fa18d1dd690>,42,17,[3 8],62,141,158,79,129
1,<environment.Job instance at 0x7fa19149b6e0>,46,12,[1 8],70,158,170,88,141
1,<environment.Job instance at 0x7fa19149b640>,48,14,[9 1],73,158,172,85,149
1,<environment.Job instance at 0x7fa18d1dd8c0>,41,16,[3 7],60,172,188,112,162
1,<environment.Job instance at 0x7fa1942ec640>,3,16,[10  2],9,9,25,0,9
1,<environment.Job instance at 0x7fa1918d7b90>,16,3,[8 2],28,34,37,6,34
1,<environment.Job instance at 0x7fa1918d7960>,17,16,[8 2],29,37,53,8,34
1,<environment.Job instance at 0x7fa1918d74b0>,20,14,[5 4],33,59,73,26,59
1,<environment.Job instance at 0x7fa191783cd0>,24,12,[9 4],40,73,85,33,72
1,<environment.Job instance at 0x7fa19179f370>,25,14,[10  4],41,85,99,44,72
1,<environment.Job instance at 0x7fa1917a8b40>,30,13,[ 3 10],49,99,112,50,85
1,<environment.Job instance at 0x7fa18cd67690>,38,13,[5 1],58,112,125,54,108
1,<environment.Job instance at 0x7fa1490221e0>,41,3,[ 5 10],61,125,128,64,111
1,<environment.Job instance at 0x7fa1917a8aa0>,29,15,[10  5],48,128,143,80,119
1,<environment.Job instance at 0x7fa1918c45a0>,9,16,[3 9],20,143,159,123,139
1,<environment.Job instance at 0x7fa18cb46be0>,47,14,[1 6],70,159,173,89,149
1,<environment.Job instance at 0x7fa18cdcd8c0>,48,16,[7 3],71,159,175,88,149
1,<environment.Job instance at 0x7fa19160de10>,0,15,[6 4],1,1,16,0,1
1,<environment.Job instance at 0x7fa1941fca50>,2,1,[1 6],3,3,4,0,3
1,<environment.Job instance at 0x7fa19160d2d0>,5,13,[7 1],8,16,29,8,8
1,<environment.Job instance at 0x7fa18cf50550>,9,3,[10  2],13,29,32,16,13
1,<environment.Job instance at 0x7fa148f5a0a0>,10,2,[2 6],14,14,16,0,14
1,<environment.Job instance at 0x7fa18cfa2af0>,17,18,[7 3],22,32,50,10,22
1,<environment.Job instance at 0x7fa148ef4af0>,31,22,[10  4],40,50,72,10,45
1,<environment.Job instance at 0x7fa18cd5ee60>,40,13,[6 3],51,72,85,21,68
1,<environment.Job instance at 0x7fa18cd5e460>,42,12,[5 6],54,85,97,31,68
1,<environment.Job instance at 0x7fa18cdf3820>,35,19,[8 3],46,97,116,51,90
1,<environment.Job instance at 0x7fa18cba3960>,53,18,[ 5 10],66,116,134,50,105
1,<environment.Job instance at 0x7fa148fe21e0>,59,14,[7 4],75,134,148,59,119
1,<environment.Job instance at 0x7fa18cdf3af0>,38,14,[3 7],49,148,162,99,133
1,<environment.Job instance at 0x7fa18cce5be0>,51,16,[7 1],64,148,164,84,144
1,<environment.Job instance at 0x7fa14938b5f0>,70,12,[1 8],95,162,174,67,145
1,<environment.Job instance at 0x7fa18d215500>,79,17,[1 8],112,174,191,62,163
1,<environment.Job instance at 0x7fa19144e410>,1,12,[1 7],3,3,15,0,3
1,<environment.Job instance at 0x7fa148e5ce10>,10,15,[9 5],14,15,30,1,14
1,<environment.Job instance at 0x7fa148dd0320>,19,16,[10  4],29,30,46,1,29
1,<environment.Job instance at 0x7fa148e5c1e0>,16,14,[8 3],25,46,60,21,35
1,<environment.Job instance at 0x7fa148dd0e10>,25,16,[5 8],36,60,76,24,50
1,<environment.Job instance at 0x7fa148d51af0>,33,17,[5 3],49,76,93,27,67
1,<environment.Job instance at 0x7fa148d51690>,31,15,[5 9],47,93,108,46,79
1,<environment.Job instance at 0x7fa148d51730>,39,14,[5 3],56,108,122,52,98
1,<environment.Job instance at 0x7fa148d516e0>,44,17,[3 5],66,108,125,42,107
1,<environment.Job instance at 0x7fa148dd0550>,24,16,[8 3],35,125,141,90,113
1,<environment.Job instance at 0x7fa148d51aa0>,32,18,[8 4],48,141,159,93,133
1,<environment.Job instance at 0x7fa148d51820>,38,15,[4 9],55,159,174,104,153
1,<environment.Job instance at 0x7fa1492c96e0>,60,1,[5 3],86,174,175,88,153
1,<environment.Job instance at 0x7fa1492c9d20>,61,3,[3 6],87,174,177,87,153
1,<environment.Job instance at 0x7fa1492c92d0>,65,16,[1 6],92,177,193,85,165
1,<environment.Job instance at 0x7fa149459230>,2,12,[9 4],3,3,15,0,3
1,<environment.Job instance at 0x7fa18cec6d20>,10,14,[3 5],12,15,29,3,12
1,<environment.Job instance at 0x7fa18cec6910>,6,2,[9 4],8,29,31,21,15
1,<environment.Job instance at 0x7fa18ceb2b40>,13,1,[7 5],16,16,17,0,16
1,<environment.Job instance at 0x7fa18ceb2f00>,14,15,[5 5],17,31,46,14,20
1,<environment.Job instance at 0x7fa149629410>,21,18,[1 6],29,46,64,17,36
1,<environment.Job instance at 0x7fa18cea21e0>,26,13,[6 1],37,46,59,9,42
1,<environment.Job instance at 0x7fa18cea6460>,19,18,[9 4],25,59,77,34,52
1,<environment.Job instance at 0x7fa18ce9ffa0>,34,20,[5 3],49,77,97,28,69
1,<environment.Job instance at 0x7fa1496912d0>,36,2,[3 5],52,77,79,25,73
1,<environment.Job instance at 0x7fa14969c6e0>,47,3,[7 1],65,97,100,32,87
1,<environment.Job instance at 0x7fa14969cbe0>,48,3,[2 8],66,97,100,31,87
1,<environment.Job instance at 0x7fa14969c960>,49,25,[5 3],67,100,125,33,96
1,<environment.Job instance at 0x7fa18ce000a0>,53,1,[5 5],76,104,105,28,104
1,<environment.Job instance at 0x7fa19190d320>,55,1,[ 2 10],78,127,128,49,127
1,<environment.Job instance at 0x7fa1496a2780>,56,3,[6 2],80,128,131,48,127
1,<environment.Job instance at 0x7fa1496a2dc0>,58,3,[ 3 10],84,138,141,54,138
1,<environment.Job instance at 0x7fa1496a2280>,59,17,[1 5],86,141,158,55,138
1,<environment.Job instance at 0x7fa1496a20f0>,60,2,[1 7],87,158,160,71,138
1,<environment.Job instance at 0x7fa149688280>,35,24,[8 2],50,141,165,91,139
1,<environment.Job instance at 0x7fa149680e10>,62,3,[7 5],89,165,168,76,144
1,<environment.Job instance at 0x7fa149680dc0>,64,15,[1 5],91,160,175,69,146
1,<environment.Job instance at 0x7fa18cdbba50>,1,18,[2 7],2,2,20,0,2
1,<environment.Job instance at 0x7fa148d66e60>,9,18,[10  2],12,20,38,8,14
1,<environment.Job instance at 0x7fa1941b9aa0>,20,23,[4 5],25,38,61,13,33
1,<environment.Job instance at 0x7fa1916efaf0>,23,1,[6 2],29,38,39,9,33
1,<environment.Job instance at 0x7fa1916ef3c0>,25,18,[ 5 10],32,61,79,29,50
1,<environment.Job instance at 0x7fa148d77640>,12,15,[7 5],16,79,94,63,73
1,<environment.Job instance at 0x7fa1490be9b0>,32,16,[ 1 10],43,94,110,51,81
1,<environment.Job instance at 0x7fa191545870>,42,13,[1 9],58,110,123,52,94
1,<environment.Job instance at 0x7fa1941c5190>,45,1,[2 8],61,123,124,62,100
1,<environment.Job instance at 0x7fa191962370>,47,2,[7 5],65,124,126,59,100
1,<environment.Job instance at 0x7fa191962190>,48,1,[2 7],66,126,127,60,100
1,<environment.Job instance at 0x7fa19172f7d0>,53,27,[5 4],72,127,154,55,125
1,<environment.Job instance at 0x7fa148d76eb0>,8,14,[9 5],10,154,168,144,145
1,<environment.Job instance at 0x7fa148e55b40>,15,15,[5 8],19,168,183,149,161
1,<environment.Job instance at 0x7fa148d547d0>,78,15,[2 5],106,183,198,77,169
1,<environment.Job instance at 0x7fa149686a00>,1,12,[ 1 10],2,2,14,0,2
1,<environment.Job instance at 0x7fa1490c8fa0>,5,15,[ 1 10],8,14,29,6,14
1,<environment.Job instance at 0x7fa148e6afa0>,14,18,[3 5],23,29,47,6,29
1,<environment.Job instance at 0x7fa148e6ad70>,21,16,[ 2 10],30,47,63,17,35
1,<environment.Job instance at 0x7fa148e6abe0>,24,17,[10  2],34,63,80,29,51
1,<environment.Job instance at 0x7fa1493cbb90>,26,15,[4 8],37,80,95,43,71
1,<environment.Job instance at 0x7fa18d248c30>,42,18,[2 8],65,95,113,30,84
1,<environment.Job instance at 0x7fa148e71640>,46,1,[1 6],71,113,114,42,100
1,<environment.Job instance at 0x7fa18d248af0>,39,13,[3 5],61,114,127,53,103
1,<environment.Job instance at 0x7fa148e71fa0>,50,12,[5 9],76,127,139,51,125
1,<environment.Job instance at 0x7fa18d02d960>,56,15,[5 5],83,139,154,56,126
1,<environment.Job instance at 0x7fa1493cb550>,29,20,[10  4],42,154,174,112,148
1,<environment.Job instance at 0x7fa18d02de60>,62,19,[5 2],92,174,193,82,164
1,<environment.Job instance at 0x7fa18d0f73c0>,0,18,[5 8],1,1,19,0,1
1,<environment.Job instance at 0x7fa1913287d0>,7,13,[4 9],12,19,32,7,13
1,<environment.Job instance at 0x7fa191328cd0>,9,18,[2 8],16,32,50,16,21
1,<environment.Job instance at 0x7fa19155ba00>,23,3,[2 8],33,50,53,17,39
1,<environment.Job instance at 0x7fa19155b4b0>,26,14,[6 4],36,53,67,17,39
1,<environment.Job instance at 0x7fa19155b730>,27,27,[4 5],37,53,80,16,53
1,<environment.Job instance at 0x7fa149621be0>,32,2,[2 7],44,80,82,36,57
1,<environment.Job instance at 0x7fa1490ccaf0>,33,15,[7 2],45,80,95,35,73
1,<environment.Job instance at 0x7fa1490ccc30>,40,16,[8 3],56,95,111,39,95
1,<environment.Job instance at 0x7fa191841690>,46,18,[1 6],65,110,128,45,110
1,<environment.Job instance at 0x7fa191841410>,48,16,[5 3],68,111,127,43,110
1,<environment.Job instance at 0x7fa191841640>,49,1,[9 5],70,128,129,58,112
1,<environment.Job instance at 0x7fa1490ccd70>,38,17,[5 3],54,129,146,75,118
1,<environment.Job instance at 0x7fa1914237d0>,55,17,[7 2],79,146,163,67,142
1,<environment.Job instance at 0x7fa191423dc0>,57,13,[5 4],82,163,176,81,150
1,<environment.Job instance at 0x7fa1914230a0>,61,2,[2 9],87,176,178,89,150
1,<environment.Job instance at 0x7fa1914236e0>,66,14,[3 8],92,178,192,86,164
1,<environment.Job instance at 0x7f1158710d70>,1,14,[7 5],5,5,19,0,5
1,<environment.Job instance at 0x7f1151277410>,7,14,[7 5],12,19,33,7,14
1,<environment.Job instance at 0x7f1151277910>,12,18,[5 9],21,33,51,12,24
1,<environment.Job instance at 0x7f1151277b90>,13,21,[8 1],22,51,72,29,43
1,<environment.Job instance at 0x7f1151277690>,9,19,[1 8],16,53,72,37,53
1,<environment.Job instance at 0x7f115127b690>,25,17,[4 6],37,72,89,35,70
1,<environment.Job instance at 0x7f115127bfa0>,34,2,[7 5],47,89,91,42,72
1,<environment.Job instance at 0x7f11512790a0>,36,18,[9 4],52,91,109,39,80
1,<environment.Job instance at 0x7f1151279500>,38,15,[8 3],56,109,124,53,95
1,<environment.Job instance at 0x7f1151279910>,44,3,[2 5],63,109,112,46,106
1,<environment.Job instance at 0x7f11512792d0>,45,13,[1 5],66,112,125,46,106
1,<environment.Job instance at 0x7f1151279a50>,46,13,[4 6],67,125,138,58,109
1,<environment.Job instance at 0x7f1151279e60>,50,18,[7 1],72,138,156,66,127
1,<environment.Job instance at 0x7f1151277460>,8,20,[4 7],14,156,176,142,155
1,<environment.Job instance at 0x7f115127e820>,61,16,[1 9],93,176,192,83,163
1,<environment.Job instance at 0x7f115127eaa0>,64,14,[4 9],98,192,206,94,177
1,<environment.Job instance at 0x7f11512816e0>,0,28,[ 2 10],1,54,82,53,54
1,<environment.Job instance at 0x7f11587fba00>,28,1,[4 5],54,82,83,28,54
1,<environment.Job instance at 0x7f1158802f00>,32,16,[4 9],64,83,99,19,70
1,<environment.Job instance at 0x7f1158801500>,43,2,[4 9],79,99,101,20,95
1,<environment.Job instance at 0x7f11588019b0>,44,16,[5 3],80,101,117,21,96
1,<environment.Job instance at 0x7f1158802690>,33,14,[7 3],66,117,131,51,102
1,<environment.Job instance at 0x7f11588015f0>,50,15,[3 6],90,103,118,13,103
1,<environment.Job instance at 0x7f115870bd20>,55,13,[6 2],98,131,144,33,116
1,<environment.Job instance at 0x7f1158801230>,51,13,[5 5],92,144,157,52,132
1,<environment.Job instance at 0x7f11587fa1e0>,59,3,[8 2],103,157,160,54,135
1,<environment.Job instance at 0x7f11587fa410>,61,3,[5 6],105,160,163,55,138
1,<environment.Job instance at 0x7f11587fa460>,63,16,[6 5],107,163,179,56,150
1,<environment.Job instance at 0x7f110d51ca50>,68,17,[3 6],112,179,196,67,167
1,<environment.Job instance at 0x7f110d5a5190>,1,17,[10  1],2,3,20,1,3
1,<environment.Job instance at 0x7f115103cbe0>,23,13,[8 4],31,61,74,30,61
1,<environment.Job instance at 0x7f115173bbe0>,25,17,[8 5],34,74,91,40,64
1,<environment.Job instance at 0x7f110d56ceb0>,33,13,[4 8],45,91,104,46,83
1,<environment.Job instance at 0x7f110d56c050>,35,18,[9 5],47,104,122,57,93
1,<environment.Job instance at 0x7f110d5b00f0>,42,14,[7 1],55,122,136,67,117
1,<environment.Job instance at 0x7f110d5260a0>,19,16,[7 5],27,136,152,109,129
1,<environment.Job instance at 0x7f110d5b0730>,44,18,[2 5],58,136,154,78,136
1,<environment.Job instance at 0x7f110d5b0be0>,49,16,[ 5 10],63,154,170,91,143
1,<environment.Job instance at 0x7f110d5b0820>,48,13,[6 5],62,170,183,108,164
1,<environment.Job instance at 0x7f110d503690>,57,17,[1 6],76,183,200,107,174
1,<environment.Job instance at 0x7f110d503b40>,61,15,[8 1],80,183,198,103,178
1,<environment.Job instance at 0x7f1151dd8230>,2,18,[5 6],7,7,25,0,7
1,<environment.Job instance at 0x7f1151518960>,6,13,[2 6],12,25,38,13,13
1,<environment.Job instance at 0x7f11514f9aa0>,15,2,[1 6],24,38,40,14,25
1,<environment.Job instance at 0x7f11513e8f50>,10,17,[9 3],19,38,55,19,26
1,<environment.Job instance at 0x7f11513e8d20>,13,1,[5 1],22,26,27,4,26
1,<environment.Job instance at 0x7f110db51eb0>,24,13,[7 4],36,55,68,19,41
1,<environment.Job instance at 0x7f1151dd85a0>,1,14,[7 4],4,68,82,64,54
1,<environment.Job instance at 0x7f110da1a050>,31,1,[5 8],48,82,83,34,60
1,<environment.Job instance at 0x7f1151f94730>,33,17,[ 5 10],50,83,100,33,71
1,<environment.Job instance at 0x7f1151524230>,40,13,[ 4 10],65,100,113,35,84
1,<environment.Job instance at 0x7f115134cb90>,47,2,[10  3],76,113,115,37,103
1,<environment.Job instance at 0x7f110da4f820>,49,1,[3 5],78,115,116,37,103
1,<environment.Job instance at 0x7f110d61a820>,51,2,[8 3],80,116,118,36,103
1,<environment.Job instance at 0x7f1151e23eb0>,54,2,[6 4],87,118,120,31,105
1,<environment.Job instance at 0x7f1151e23640>,55,3,[4 8],89,120,123,31,105
1,<environment.Job instance at 0x7f1151f940a0>,34,16,[4 9],53,126,142,73,126
1,<environment.Job instance at 0x7f1151e23f00>,58,14,[4 7],93,142,156,49,129
1,<environment.Job instance at 0x7f115870e500>,68,13,[7 4],111,156,169,45,142
1,<environment.Job instance at 0x7f11586afdc0>,76,3,[8 3],121,169,172,48,166
1,<environment.Job instance at 0x7f110db9b870>,77,2,[9 1],122,172,174,50,166
1,<environment.Job instance at 0x7f1151524500>,41,24,[5 5],66,174,198,108,169
1,<environment.Job instance at 0x7f110d55ac30>,80,2,[ 3 10],125,198,200,73,177
1,<environment.Job instance at 0x7f110d96a3c0>,5,13,[2 7],7,7,20,0,7
1,<environment.Job instance at 0x7f110db32960>,3,13,[1 6],5,20,33,15,8
1,<environment.Job instance at 0x7f110d96a500>,6,21,[6 1],8,10,31,2,10
1,<environment.Job instance at 0x7f110d96a730>,9,12,[ 4 10],12,33,45,21,27
1,<environment.Job instance at 0x7f110d96ae60>,19,17,[7 5],26,45,62,19,35
1,<environment.Job instance at 0x7f110d9747d0>,24,2,[2 6],34,62,64,28,50
1,<environment.Job instance at 0x7f110d9749b0>,25,14,[5 4],36,62,76,26,51
1,<environment.Job instance at 0x7f110d974be0>,31,2,[9 4],43,76,78,33,64
1,<environment.Job instance at 0x7f110d974d70>,32,12,[2 6],45,78,90,33,65
1,<environment.Job instance at 0x7f110d974dc0>,34,18,[10  5],49,90,108,41,79
1,<environment.Job instance at 0x7f110d47f500>,38,16,[2 8],55,108,124,53,105
1,<environment.Job instance at 0x7f110d47f370>,43,2,[5 3],61,124,126,63,109
1,<environment.Job instance at 0x7f110d47f780>,42,12,[10  1],59,126,138,67,114
1,<environment.Job instance at 0x7f110d47fcd0>,46,16,[5 6],65,138,154,73,125
1,<environment.Job instance at 0x7f110d482230>,52,15,[10  2],72,154,169,82,148
1,<environment.Job instance at 0x7f110d482410>,55,13,[4 7],75,169,182,94,153
1,<environment.Job instance at 0x7f110d482be0>,65,15,[ 3 10],87,182,197,95,168
1,<environment.Job instance at 0x7f110da1a730>,0,22,[ 3 10],1,22,44,21,22
1,<environment.Job instance at 0x7f11518302d0>,16,13,[10  5],22,44,57,22,28
1,<environment.Job instance at 0x7f1151830c80>,24,2,[1 7],33,57,59,24,40
1,<environment.Job instance at 0x7f110d5f8500>,13,13,[10  2],19,59,72,40,45
1,<environment.Job instance at 0x7f110d60e370>,33,15,[5 5],44,72,87,28,58
1,<environment.Job instance at 0x7f110d60e3c0>,37,17,[2 7],48,87,104,39,75
1,<environment.Job instance at 0x7f110d5f85f0>,12,15,[10  1],18,104,119,86,90
1,<environment.Job instance at 0x7f1151854460>,41,2,[7 4],56,119,121,63,97
1,<environment.Job instance at 0x7f1150fe90a0>,54,2,[4 7],75,121,123,46,108
1,<environment.Job instance at 0x7f11514e2780>,44,13,[1 8],60,123,136,63,110
1,<environment.Job instance at 0x7f110d92f690>,63,13,[5 5],89,136,149,47,128
1,<environment.Job instance at 0x7f110d92ffa0>,67,12,[9 3],93,149,161,56,132
1,<environment.Job instance at 0x7f115119aaf0>,76,17,[8 2],108,161,178,53,150
1,<environment.Job instance at 0x7f115119ad70>,79,12,[10  4],111,178,190,67,165
1,<environment.Job instance at 0x7f1151372e60>,28,15,[4 7],37,190,205,153,177
1,<environment.Job instance at 0x7f110da767d0>,4,3,[7 3],6,6,9,0,6
1,<environment.Job instance at 0x7f110d83b4b0>,8,27,[8 5],11,11,38,0,11
1,<environment.Job instance at 0x7f11511e3eb0>,19,14,[10  1],29,51,65,22,51
1,<environment.Job instance at 0x7f1151a63b90>,22,15,[5 5],32,65,80,33,55
1,<environment.Job instance at 0x7f115170e8c0>,30,15,[5 1],40,70,85,30,70
1,<environment.Job instance at 0x7f110d6c05a0>,27,18,[3 7],37,80,98,43,77
1,<environment.Job instance at 0x7f1151d43fa0>,36,13,[2 7],49,98,111,49,87
1,<environment.Job instance at 0x7f1151d43d20>,39,15,[7 2],52,87,102,35,87
1,<environment.Job instance at 0x7f1151d439b0>,38,14,[6 3],51,102,116,51,90
1,<environment.Job instance at 0x7f115124b410>,48,26,[8 5],68,116,142,48,113
1,<environment.Job instance at 0x7f11511b1960>,51,20,[6 3],71,142,162,71,138
1,<environment.Job instance at 0x7f110d73c910>,59,17,[3 6],85,150,167,65,150
1,<environment.Job instance at 0x7f1151faad20>,62,13,[9 3],90,167,180,77,151
1,<environment.Job instance at 0x7f11513877d0>,65,12,[10  2],93,180,192,87,174
1,<environment.Job instance at 0x7f1151387780>,67,16,[6 3],97,192,208,95,179
1,<environment.Job instance at 0x7f110d666910>,5,17,[9 4],8,16,33,8,16
1,<environment.Job instance at 0x7f110d666f00>,12,1,[3 6],22,33,34,11,22
1,<environment.Job instance at 0x7f110d666fa0>,11,17,[10  5],18,34,51,16,22
1,<environment.Job instance at 0x7f110d67e7d0>,19,2,[5 5],32,51,53,19,34
1,<environment.Job instance at 0x7f110d67e870>,20,1,[2 5],34,51,52,17,34
1,<environment.Job instance at 0x7f110d67eaf0>,21,18,[7 3],35,53,71,18,42
1,<environment.Job instance at 0x7f110d65f320>,29,14,[5 5],47,71,85,24,61
1,<environment.Job instance at 0x7f110d65faa0>,36,13,[5 7],54,85,98,31,69
1,<environment.Job instance at 0x7f110d65ffa0>,43,18,[4 6],66,98,116,32,87
1,<environment.Job instance at 0x7f110d65f6e0>,31,3,[2 8],49,116,119,67,91
1,<environment.Job instance at 0x7f110d6609b0>,49,14,[5 2],75,101,115,26,101
1,<environment.Job instance at 0x7f110d660c80>,52,21,[4 5],79,119,140,40,111
1,<environment.Job instance at 0x7f110d65d280>,59,3,[6 3],89,128,131,39,128
1,<environment.Job instance at 0x7f110d65d410>,60,13,[1 8],90,140,153,50,128
1,<environment.Job instance at 0x7f110d660730>,47,16,[7 5],71,153,169,82,141
1,<environment.Job instance at 0x7f110d65db40>,67,17,[10  4],98,169,186,71,157
1,<environment.Job instance at 0x7f110d6740a0>,75,21,[10  1],110,186,207,76,178
1,<environment.Job instance at 0x7f11512ed4b0>,0,18,[2 9],1,1,19,0,1
1,<environment.Job instance at 0x7f1151a60690>,17,2,[1 9],23,23,25,0,23
1,<environment.Job instance at 0x7f110d801320>,18,25,[3 8],24,29,54,5,29
1,<environment.Job instance at 0x7f11518b70a0>,27,12,[10  3],39,55,67,16,55
1,<environment.Job instance at 0x7f11583eac30>,29,16,[ 3 10],42,67,83,25,62
1,<environment.Job instance at 0x7f1151a7abe0>,34,14,[2 6],50,83,97,33,71
1,<environment.Job instance at 0x7f11518ceb40>,44,14,[4 5],64,97,111,33,84
1,<environment.Job instance at 0x7f11513627d0>,46,2,[6 4],67,84,86,17,84
1,<environment.Job instance at 0x7f115119ae10>,47,13,[4 5],68,97,110,29,86
1,<environment.Job instance at 0x7f115119ab40>,49,1,[8 1],70,86,87,16,86
1,<environment.Job instance at 0x7f115119a230>,50,14,[9 1],71,111,125,40,96
1,<environment.Job instance at 0x7f1151340780>,63,14,[6 2],89,130,144,41,130
1,<environment.Job instance at 0x7f1151340eb0>,65,17,[1 7],93,136,153,43,136
1,<environment.Job instance at 0x7f1151340d70>,68,17,[ 2 10],97,153,170,56,153
1,<environment.Job instance at 0x7f1151340230>,70,15,[7 4],101,170,185,69,156
1,<environment.Job instance at 0x7f1151d16140>,77,17,[7 4],113,185,202,72,175
1,<environment.Job instance at 0x7f11512cfd20>,1,2,[4 8],6,6,8,0,6
1,<environment.Job instance at 0x7f1151900a00>,4,3,[5 5],14,14,17,0,14
1,<environment.Job instance at 0x7f1151da0140>,5,12,[9 5],15,17,29,2,17
1,<environment.Job instance at 0x7f1151298550>,9,14,[5 8],19,29,43,10,19
1,<environment.Job instance at 0x7f115165bc80>,14,2,[3 6],25,43,45,18,30
1,<environment.Job instance at 0x7f11519e93c0>,20,2,[4 5],35,45,47,10,35
1,<environment.Job instance at 0x7f115165baa0>,17,18,[6 2],29,43,61,14,36
1,<environment.Job instance at 0x7f110d879cd0>,29,3,[7 1],48,61,64,13,48
1,<environment.Job instance at 0x7f110d8793c0>,25,13,[2 9],43,61,74,18,52
1,<environment.Job instance at 0x7f1151d240a0>,36,16,[6 2],56,74,90,18,61
1,<environment.Job instance at 0x7f1151d240f0>,38,19,[9 1],59,90,109,31,80
1,<environment.Job instance at 0x7f110d92acd0>,41,13,[8 4],63,109,122,46,93
1,<environment.Job instance at 0x7f110da06730>,47,16,[9 2],74,122,138,48,122
1,<environment.Job instance at 0x7f1151f44910>,55,15,[2 7],86,138,153,52,127
1,<environment.Job instance at 0x7f110d80e8c0>,58,3,[ 2 10],92,153,156,61,128
1,<environment.Job instance at 0x7f110d792730>,59,17,[3 6],93,156,173,63,145
1,<environment.Job instance at 0x7f115153ccd0>,67,17,[9 3],106,173,190,67,161
1,<environment.Job instance at 0x7f110da48050>,0,15,[10  5],1,1,16,0,1
1,<environment.Job instance at 0x7f115168bcd0>,9,18,[3 5],12,16,34,4,12
1,<environment.Job instance at 0x7f115109d640>,13,15,[8 2],16,34,49,18,24
1,<environment.Job instance at 0x7f11516654b0>,25,3,[3 7],30,49,52,19,33
1,<environment.Job instance at 0x7f11516621e0>,26,15,[ 3 10],31,52,67,21,40
1,<environment.Job instance at 0x7f1151662870>,30,17,[5 6],35,67,84,32,55
1,<environment.Job instance at 0x7f11510afc80>,39,15,[4 8],52,84,99,32,70
1,<environment.Job instance at 0x7f11510af6e0>,41,14,[5 1],54,74,88,20,74
1,<environment.Job instance at 0x7f11510a5a00>,42,3,[4 5],56,99,102,43,74
1,<environment.Job instance at 0x7f11510a51e0>,45,2,[3 8],59,102,104,43,88
1,<environment.Job instance at 0x7f11510a5780>,46,16,[6 5],60,104,120,44,91
1,<environment.Job instance at 0x7f11510da1e0>,54,15,[ 5 10],70,120,135,50,108
1,<environment.Job instance at 0x7f1151511550>,58,19,[5 5],74,135,154,61,125
1,<environment.Job instance at 0x7f1151850280>,65,15,[8 4],82,154,169,72,141
1,<environment.Job instance at 0x7f1151845690>,69,16,[3 9],88,169,185,81,156
1,<environment.Job instance at 0x7f11518460a0>,71,13,[5 8],91,185,198,94,170
1,<environment.Job instance at 0x7f115167d0a0>,0,1,[1 6],2,2,3,0,2
1,<environment.Job instance at 0x7f115167dfa0>,2,2,[2 9],4,4,6,0,4
1,<environment.Job instance at 0x7f115167d910>,3,2,[ 3 10],6,6,8,0,6
1,<environment.Job instance at 0x7f110da5b1e0>,4,18,[4 6],7,8,26,1,8
1,<environment.Job instance at 0x7f1151214370>,7,15,[6 3],10,10,25,0,10
1,<environment.Job instance at 0x7f11512144b0>,11,17,[4 5],15,26,43,11,15
1,<environment.Job instance at 0x7f11513a2230>,22,16,[7 2],31,43,59,12,32
1,<environment.Job instance at 0x7f11513a2550>,24,20,[1 6],35,43,63,8,37
1,<environment.Job instance at 0x7f11513a2820>,23,1,[2 8],33,63,64,30,50
1,<environment.Job instance at 0x7f11513a2280>,29,20,[5 8],42,64,84,22,56
1,<environment.Job instance at 0x7f110db4fcd0>,35,25,[8 2],49,84,109,35,80
1,<environment.Job instance at 0x7f11513a2fa0>,30,14,[10  5],43,109,123,66,103
1,<environment.Job instance at 0x7f11513a2a00>,25,13,[2 9],36,123,136,87,113
1,<environment.Job instance at 0x7f110d877a50>,47,3,[2 8],69,136,139,67,113
1,<environment.Job instance at 0x7f110d877910>,49,1,[1 5],71,139,140,68,127
1,<environment.Job instance at 0x7f110da5b410>,5,13,[4 9],8,140,153,132,127
1,<environment.Job instance at 0x7f110d9d1190>,57,15,[4 9],83,153,168,70,139
1,<environment.Job instance at 0x7f11586aef50>,62,18,[5 5],88,168,186,80,158
1,<environment.Job instance at 0x7f11586ae5a0>,65,2,[ 1 10],92,186,188,94,164
1,<environment.Job instance at 0x7f110d8771e0>,55,16,[5 4],80,170,186,90,170
1,<environment.Job instance at 0x7f11586ae3c0>,66,13,[4 9],93,188,201,95,172
1,<environment.Job instance at 0x7f11585ace10>,1,3,[5 4],3,3,6,0,3
1,<environment.Job instance at 0x7f1151d20320>,2,14,[5 5],4,5,19,1,5
1,<environment.Job instance at 0x7f11518619b0>,11,12,[1 8],17,19,31,2,17
1,<environment.Job instance at 0x7f1151d97a00>,5,18,[9 2],7,24,42,17,24
1,<environment.Job instance at 0x7f110d2ec690>,19,14,[6 4],26,42,56,16,27
1,<environment.Job instance at 0x7f110d2ce960>,22,3,[6 3],29,56,59,27,34
1,<environment.Job instance at 0x7f11514d3140>,12,12,[4 6],18,46,58,28,46
1,<environment.Job instance at 0x7f11513a25a0>,26,12,[6 4],33,59,71,26,46
1,<environment.Job instance at 0x7f11519205f0>,30,17,[1 5],37,58,75,21,56
1,<environment.Job instance at 0x7f110d8e1690>,32,12,[3 7],39,75,87,36,59
1,<environment.Job instance at 0x7f110d5be730>,37,14,[8 3],49,87,101,38,72
1,<environment.Job instance at 0x7f110d5be3c0>,42,16,[10  2],59,101,117,42,96
1,<environment.Job instance at 0x7f1151281460>,44,2,[2 7],64,117,119,53,110
1,<environment.Job instance at 0x7f110d376550>,46,3,[2 6],68,119,122,51,111
1,<environment.Job instance at 0x7f110d3761e0>,47,3,[1 5],69,122,125,53,111
1,<environment.Job instance at 0x7f1151f22910>,14,18,[8 4],20,119,137,99,113
1,<environment.Job instance at 0x7f110d28c8c0>,48,16,[3 9],70,137,153,67,124
1,<environment.Job instance at 0x7f1151caabe0>,55,3,[8 2],78,153,156,75,142
1,<environment.Job instance at 0x7f110d2d3280>,56,16,[8 2],79,156,172,77,143
1,<environment.Job instance at 0x7f110d2e5a00>,58,14,[7 1],81,172,186,91,162
1,<environment.Job instance at 0x7f11514e2640>,17,17,[2 7],24,169,186,145,169
1,<environment.Job instance at 0x7f110dbaf690>,65,3,[5 1],92,186,189,94,173
1,<environment.Job instance at 0x7f110d2e5870>,59,14,[5 4],83,186,200,103,175
1,<environment.Job instance at 0x7f110d46ab90>,0,13,[5 5],3,3,16,0,3
1,<environment.Job instance at 0x7f110d2e5870>,5,17,[2 7],10,19,36,9,19
1,<environment.Job instance at 0x7f110d6703c0>,14,17,[1 9],24,36,53,12,24
1,<environment.Job instance at 0x7f1151430eb0>,18,3,[8 2],30,33,36,3,33
1,<environment.Job instance at 0x7f115148d820>,21,16,[6 4],33,53,69,20,42
1,<environment.Job instance at 0x7f115106a0f0>,25,12,[10  4],38,69,81,31,56
1,<environment.Job instance at 0x7f11519078c0>,31,13,[7 1],48,81,94,33,68
1,<environment.Job instance at 0x7f110d393b40>,44,26,[5 4],63,94,120,31,92
1,<environment.Job instance at 0x7f115196c230>,55,12,[5 8],77,120,132,43,108
1,<environment.Job instance at 0x7f110d965500>,15,15,[9 4],25,132,147,107,120
1,<environment.Job instance at 0x7f110d8b2aa0>,24,25,[10  1],36,147,172,111,145
1,<environment.Job instance at 0x7f110d38d780>,73,18,[10  5],100,172,190,72,161
1,<environment.Job instance at 0x7f1151632780>,5,2,[3 7],6,6,8,0,6
1,<environment.Job instance at 0x7f110d6e7820>,6,3,[10  3],7,8,11,1,7
1,<environment.Job instance at 0x7f1151c0d910>,12,22,[8 4],16,27,49,11,27
1,<environment.Job instance at 0x7f110d68c140>,23,1,[5 5],29,49,50,20,36
1,<environment.Job instance at 0x7f110d685a00>,20,16,[1 5],24,36,52,12,36
1,<environment.Job instance at 0x7f1151d4ae60>,24,3,[5 3],31,50,53,19,36
1,<environment.Job instance at 0x7f110d6ad780>,26,1,[1 8],35,53,54,18,36
1,<environment.Job instance at 0x7f110d6af3c0>,32,1,[1 7],42,52,53,10,46
1,<environment.Job instance at 0x7f110d6ad280>,27,17,[6 1],36,53,70,17,46
1,<environment.Job instance at 0x7f110d6afc80>,35,1,[5 8],45,70,71,25,47
1,<environment.Job instance at 0x7f110d6a52d0>,38,16,[9 4],53,71,87,18,65
1,<environment.Job instance at 0x7f110d6a5230>,43,16,[10  4],59,87,103,28,75
1,<environment.Job instance at 0x7f110d683370>,47,2,[4 7],64,103,105,39,90
1,<environment.Job instance at 0x7f110d6af370>,31,14,[5 9],40,105,119,65,90
1,<environment.Job instance at 0x7f110d682cd0>,16,17,[10  3],20,119,136,99,110
1,<environment.Job instance at 0x7f110d6a5c80>,46,26,[5 2],63,143,169,80,143
1,<environment.Job instance at 0x7f110d6d3690>,57,17,[5 3],79,143,160,64,143
1,<environment.Job instance at 0x7f1151174dc0>,63,14,[5 3],86,160,174,74,148
1,<environment.Job instance at 0x7f1151161c80>,66,15,[4 5],94,169,184,75,155
1,<environment.Job instance at 0x7f110d6adf00>,28,16,[6 2],37,174,190,137,161
1,<environment.Job instance at 0x7f110d68a460>,73,17,[10  5],103,190,207,87,178
1,<environment.Job instance at 0x7f11519d5780>,3,17,[9 4],6,7,24,1,7
1,<environment.Job instance at 0x7f1151f00690>,18,17,[6 4],25,31,48,6,31
1,<environment.Job instance at 0x7f1151f4ea50>,19,16,[4 9],26,48,64,22,37
1,<environment.Job instance at 0x7f1151f4e820>,25,14,[3 5],32,64,78,32,49
1,<environment.Job instance at 0x7f11514673c0>,29,15,[5 5],37,64,79,27,50
1,<environment.Job instance at 0x7f1151f4e640>,24,13,[10  1],31,79,92,48,64
1,<environment.Job instance at 0x7f1151467190>,32,17,[8 4],43,92,109,49,84
1,<environment.Job instance at 0x7f1151467640>,31,14,[9 2],42,109,123,67,94
1,<environment.Job instance at 0x7f11513a95a0>,37,18,[1 5],51,98,116,47,98
1,<environment.Job instance at 0x7f1151467320>,34,18,[9 4],45,123,141,78,114
1,<environment.Job instance at 0x7f110dbf0690>,52,17,[5 8],73,141,158,68,133
1,<environment.Job instance at 0x7f110dbf06e0>,56,13,[6 4],79,158,171,79,142
1,<environment.Job instance at 0x7f110dbc6190>,65,14,[7 4],88,171,185,83,157
1,<environment.Job instance at 0x7f11519000a0>,74,17,[1 5],106,171,188,65,171
1,<environment.Job instance at 0x7f110db99a50>,78,18,[ 1 10],110,188,206,78,177
1,<environment.Job instance at 0x7f110db993c0>,1,15,[7 2],2,5,20,3,5
1,<environment.Job instance at 0x7f110d75c2d0>,12,22,[9 3],15,20,42,5,16
1,<environment.Job instance at 0x7f110dbd4050>,19,14,[5 2],24,42,56,18,28
1,<environment.Job instance at 0x7f110dbb4eb0>,13,28,[1 5],16,37,65,21,37
1,<environment.Job instance at 0x7f1151bb0370>,30,1,[5 4],38,56,57,18,54
1,<environment.Job instance at 0x7f1151bb0e10>,31,1,[6 2],39,57,58,18,54
1,<environment.Job instance at 0x7f1151bb0780>,33,18,[ 5 10],42,71,89,29,71
1,<environment.Job instance at 0x7f1151bb0870>,28,23,[4 5],35,89,112,54,88
1,<environment.Job instance at 0x7f115172c0a0>,39,1,[1 6],52,112,113,60,104
1,<environment.Job instance at 0x7f110d5bcdc0>,17,18,[10  2],22,113,131,91,104
1,<environment.Job instance at 0x7f115168b8c0>,43,12,[2 8],59,131,143,72,118
1,<environment.Job instance at 0x7f115190c910>,48,1,[7 5],65,143,144,78,124
1,<environment.Job instance at 0x7f115190c690>,47,15,[ 3 10],64,144,159,80,132
1,<environment.Job instance at 0x7f11511d1910>,62,3,[5 6],83,159,162,76,148
1,<environment.Job instance at 0x7f115179e5a0>,63,3,[2 5],84,162,165,78,148
1,<environment.Job instance at 0x7f115179edc0>,64,2,[3 9],85,165,167,80,148
1,<environment.Job instance at 0x7f110d6134b0>,66,2,[8 3],87,162,164,75,149
1,<environment.Job instance at 0x7f110dbbda50>,70,1,[10  1],93,167,168,74,152
1,<environment.Job instance at 0x7f110dad85f0>,74,2,[2 9],97,168,170,71,154
1,<environment.Job instance at 0x7f11585c62d0>,76,15,[8 3],101,170,185,69,158
1,<environment.Job instance at 0x7f11510ca410>,3,14,[10  2],5,5,19,0,5
1,<environment.Job instance at 0x7f110d7e2c30>,11,12,[10  4],20,26,38,6,26
1,<environment.Job instance at 0x7f110d7bf410>,18,2,[6 1],27,38,40,11,27
1,<environment.Job instance at 0x7f110d7bf320>,19,3,[5 7],28,40,43,12,28
1,<environment.Job instance at 0x7f110d7e2dc0>,14,18,[3 5],23,43,61,20,34
1,<environment.Job instance at 0x7f110d7bf9b0>,26,15,[4 8],37,61,76,24,47
1,<environment.Job instance at 0x7f110d7e31e0>,34,19,[6 5],51,76,95,25,70
1,<environment.Job instance at 0x7f110d7e3320>,39,13,[3 5],61,82,95,21,82
1,<environment.Job instance at 0x7f110d7e3f50>,46,1,[1 6],71,103,104,32,103
1,<environment.Job instance at 0x7f110d7e3eb0>,45,17,[10  3],70,104,121,34,103
1,<environment.Job instance at 0x7f110d7e3dc0>,49,15,[4 6],75,121,136,46,112
1,<environment.Job instance at 0x7f110d7e3fa0>,48,16,[5 1],73,126,142,53,126
1,<environment.Job instance at 0x7f110d7ed500>,55,2,[5 2],82,136,138,54,130
1,<environment.Job instance at 0x7f110d7ed1e0>,52,22,[5 9],78,138,160,60,131
1,<environment.Job instance at 0x7f110d7edf00>,63,17,[ 1 10],93,160,177,67,157
1,<environment.Job instance at 0x7f110d7f5280>,68,15,[6 4],101,177,192,76,165
1,<environment.Job instance at 0x7f110d7f59b0>,1,13,[4 9],2,2,15,0,2
1,<environment.Job instance at 0x7f110d79b910>,10,1,[7 4],15,15,16,0,15
1,<environment.Job instance at 0x7f11518d4a50>,12,1,[7 4],17,17,18,0,17
1,<environment.Job instance at 0x7f110d8cfb90>,13,12,[5 5],19,19,31,0,19
1,<environment.Job instance at 0x7f110d5cdeb0>,20,14,[6 4],26,31,45,5,27
1,<environment.Job instance at 0x7f110db149b0>,22,17,[9 3],28,45,62,17,33
1,<environment.Job instance at 0x7f110d5ed690>,29,24,[3 8],37,62,86,25,57
1,<environment.Job instance at 0x7f110d79baa0>,16,15,[7 3],22,86,101,64,72
1,<environment.Job instance at 0x7f1151657d20>,40,18,[1 6],55,86,104,31,81
1,<environment.Job instance at 0x7f1151657050>,41,16,[8 3],57,101,117,44,89
1,<environment.Job instance at 0x7f110d9dd4b0>,47,22,[8 3],66,117,139,51,110
1,<environment.Job instance at 0x7f110d8fdcd0>,55,2,[2 9],77,139,141,62,118
1,<environment.Job instance at 0x7f110d8fdc80>,56,15,[10  2],78,141,156,63,127
1,<environment.Job instance at 0x7f110d8fdd70>,62,18,[4 6],84,156,174,72,145
1,<environment.Job instance at 0x7f11516576e0>,36,12,[5 9],50,174,186,124,159
1,<environment.Job instance at 0x7f11519ff190>,72,17,[7 5],97,186,203,89,174
1,<environment.Job instance at 0x7f115152f730>,0,17,[6 2],1,1,18,0,1
1,<environment.Job instance at 0x7f110d6ce690>,10,28,[4 6],13,17,45,4,17
1,<environment.Job instance at 0x7f11517320f0>,25,2,[1 5],33,45,47,12,33
1,<environment.Job instance at 0x7f1151732cd0>,23,20,[5 4],30,34,54,4,34
1,<environment.Job instance at 0x7f115158faf0>,30,16,[5 6],41,47,63,6,41
1,<environment.Job instance at 0x7f1151e17050>,34,22,[10  3],47,63,85,16,57
1,<environment.Job instance at 0x7f115158f1e0>,28,14,[7 3],37,85,99,48,70
1,<environment.Job instance at 0x7f110db29f50>,49,18,[3 7],67,85,103,18,76
1,<environment.Job instance at 0x7f110d340b40>,47,18,[1 8],63,103,121,40,92
1,<environment.Job instance at 0x7f110d5cd9b0>,62,19,[ 4 10],91,121,140,30,113
1,<environment.Job instance at 0x7f110d5cd140>,65,14,[6 2],94,140,154,46,125
1,<environment.Job instance at 0x7f110d5cd640>,71,13,[4 9],103,154,167,51,144
1,<environment.Job instance at 0x7f115152b9b0>,77,16,[5 7],111,167,183,56,166
1,<environment.Job instance at 0x7f110d2eb550>,26,16,[10  1],34,183,199,149,171
1,<environment.Job instance at 0x7fa339331780>,1,14,[7 5],5,5,19,0,5
1,<environment.Job instance at 0x7fa3392ed0f0>,3,22,[2 5],8,8,30,0,8
1,<environment.Job instance at 0x7fa331edd500>,10,3,[5 2],17,22,25,5,22
1,<environment.Job instance at 0x7fa331eddaf0>,13,21,[8 1],22,25,46,3,22
1,<environment.Job instance at 0x7fa331edf280>,19,17,[7 5],31,46,63,15,34
1,<environment.Job instance at 0x7fa331edf820>,25,17,[4 6],37,63,80,26,52
1,<environment.Job instance at 0x7fa331edfa00>,30,21,[5 9],42,80,101,38,73
1,<environment.Job instance at 0x7fa331ee2690>,38,15,[8 3],56,101,116,45,88
1,<environment.Job instance at 0x7fa331ee2820>,43,15,[5 6],62,116,131,54,102
1,<environment.Job instance at 0x7fa331ee2960>,45,13,[1 5],66,102,115,36,102
1,<environment.Job instance at 0x7fa331edf050>,18,15,[5 5],29,131,146,102,119
1,<environment.Job instance at 0x7fa331edf4b0>,20,17,[9 3],32,159,176,127,159
1,<environment.Job instance at 0x7fa331ee6b90>,63,13,[4 8],96,176,189,80,163
1,<environment.Job instance at 0x7fa331ee61e0>,51,13,[4 7],76,189,202,113,173
1,<environment.Job instance at 0x7fa331ef45f0>,0,14,[1 9],1,1,15,0,1
1,<environment.Job instance at 0x7fa339314960>,6,17,[6 4],16,16,33,0,16
1,<environment.Job instance at 0x7fa339315e10>,9,16,[4 9],19,33,49,14,23
1,<environment.Job instance at 0x7fa339463f50>,20,18,[8 2],37,49,67,12,43
1,<environment.Job instance at 0x7fa339461370>,32,15,[ 2 10],62,73,88,11,73
1,<environment.Job instance at 0x7fa33945e7d0>,39,3,[5 5],71,88,91,17,76
1,<environment.Job instance at 0x7fa339468460>,41,2,[10  4],73,91,93,18,76
1,<environment.Job instance at 0x7fa339461e60>,29,19,[5 3],58,93,112,35,83
1,<environment.Job instance at 0x7fa339460910>,47,2,[7 3],85,112,114,27,98
1,<environment.Job instance at 0x7fa3394612d0>,26,16,[4 9],54,114,130,60,102
1,<environment.Job instance at 0x7fa331e829b0>,52,14,[ 1 10],92,130,144,38,119
1,<environment.Job instance at 0x7fa339374a50>,55,3,[5 6],95,144,147,49,121
1,<environment.Job instance at 0x7fa3394617d0>,27,14,[7 3],56,147,161,91,134
1,<environment.Job instance at 0x7fa3394682d0>,43,18,[10  5],76,161,179,85,150
1,<environment.Job instance at 0x7fa339467e60>,66,21,[1 6],106,187,208,81,187
1,<environment.Job instance at 0x7fa339457730>,2,3,[5 2],4,4,7,0,4
1,<environment.Job instance at 0x7fa2ee176050>,4,16,[7 5],7,7,23,0,7
1,<environment.Job instance at 0x7fa2ee176e60>,7,27,[9 5],10,27,54,17,27
1,<environment.Job instance at 0x7fa331c52a00>,22,14,[3 8],29,54,68,25,40
1,<environment.Job instance at 0x7fa33214b9b0>,16,16,[8 1],23,68,84,45,57
1,<environment.Job instance at 0x7fa331d68910>,29,18,[2 5],38,68,86,30,58
1,<environment.Job instance at 0x7fa2ee12c320>,35,1,[9 2],44,86,87,42,69
1,<environment.Job instance at 0x7fa2ee12c730>,36,2,[8 2],46,84,86,38,69
1,<environment.Job instance at 0x7fa2ee12ccd0>,37,3,[9 4],47,87,90,40,69
1,<environment.Job instance at 0x7fa331d688c0>,28,13,[ 3 10],37,90,103,53,79
1,<environment.Job instance at 0x7fa2ee1308c0>,42,17,[1 6],56,103,120,47,94
1,<environment.Job instance at 0x7fa331d395f0>,50,20,[4 9],67,120,140,53,111
1,<environment.Job instance at 0x7fa2ee13d9b0>,56,17,[6 2],76,140,157,64,128
1,<environment.Job instance at 0x7fa3320cfeb0>,60,17,[7 1],80,157,174,77,145
1,<environment.Job instance at 0x7fa2ee12c550>,39,15,[10  2],51,174,189,123,163
1,<environment.Job instance at 0x7fa3323b4b40>,66,1,[7 2],88,189,190,101,163
1,<environment.Job instance at 0x7fa2ee1e54b0>,71,15,[7 1],97,190,205,93,176
1,<environment.Job instance at 0x7fa2ee1e5a50>,76,26,[1 9],109,190,216,81,187
1,<environment.Job instance at 0x7fa2ee39acd0>,0,13,[4 8],3,3,16,0,3
1,<environment.Job instance at 0x7fa3326616e0>,6,19,[6 1],10,10,29,0,10
1,<environment.Job instance at 0x7fa331f50aa0>,13,16,[4 9],23,29,45,6,29
1,<environment.Job instance at 0x7fa331ecbb40>,20,24,[5 5],36,45,69,9,40
1,<environment.Job instance at 0x7fa2ee62f410>,31,18,[5 5],51,52,70,1,52
1,<environment.Job instance at 0x7fa331ecbe10>,19,13,[ 4 10],35,70,83,35,67
1,<environment.Job instance at 0x7fa33202c140>,39,15,[6 3],65,83,98,18,71
1,<environment.Job instance at 0x7fa2ee1300f0>,44,12,[3 7],75,83,95,8,81
1,<environment.Job instance at 0x7fa2ee130370>,47,13,[7 4],81,98,111,17,82
1,<environment.Job instance at 0x7fa331ed6c30>,54,15,[7 1],90,111,126,21,111
1,<environment.Job instance at 0x7fa2ee2be7d0>,36,1,[8 5],62,139,140,77,139
1,<environment.Job instance at 0x7fa332173af0>,61,16,[7 5],98,140,156,42,139
1,<environment.Job instance at 0x7fa331f168c0>,64,3,[1 8],102,156,159,54,140
1,<environment.Job instance at 0x7fa331fea230>,66,13,[8 1],105,156,169,51,140
1,<environment.Job instance at 0x7fa2ee6430a0>,73,1,[8 1],113,169,170,56,153
1,<environment.Job instance at 0x7fa2ee643190>,74,12,[2 9],115,159,171,44,153
1,<environment.Job instance at 0x7fa2ee2852d0>,75,25,[5 5],117,171,196,54,167
1,<environment.Job instance at 0x7fa2ee285320>,82,1,[5 1],128,186,187,58,186
1,<environment.Job instance at 0x7fa331f16a50>,62,15,[3 8],100,196,211,96,186
1,<environment.Job instance at 0x7fa331f165a0>,1,16,[8 1],2,5,21,3,5
1,<environment.Job instance at 0x7fa3329c7eb0>,8,15,[5 2],14,21,36,7,14
1,<environment.Job instance at 0x7fa331cc5050>,9,16,[2 8],15,18,34,3,18
1,<environment.Job instance at 0x7fa2ee5194b0>,14,2,[5 3],21,34,36,13,21
1,<environment.Job instance at 0x7fa2ee78ba50>,15,17,[6 4],22,36,53,14,24
1,<environment.Job instance at 0x7fa2ee7ba2d0>,3,12,[2 6],5,36,48,31,28
1,<environment.Job instance at 0x7fa331cc5c80>,10,12,[5 5],16,53,65,37,37
1,<environment.Job instance at 0x7fa2ee4f7190>,22,21,[ 2 10],31,65,86,34,62
1,<environment.Job instance at 0x7fa2ee501050>,32,2,[4 7],43,86,88,43,66
1,<environment.Job instance at 0x7fa2ee501410>,33,12,[6 4],44,88,100,44,72
1,<environment.Job instance at 0x7fa2ee4f7aa0>,26,13,[4 7],35,100,113,65,84
1,<environment.Job instance at 0x7fa2ee521780>,42,15,[3 9],59,113,128,54,101
1,<environment.Job instance at 0x7fa2ee506410>,52,15,[6 1],72,114,129,42,114
1,<environment.Job instance at 0x7fa3323346e0>,53,17,[5 1],74,129,146,55,118
1,<environment.Job instance at 0x7fa2ee508690>,46,2,[5 5],64,129,131,65,120
1,<environment.Job instance at 0x7fa332354870>,55,2,[5 8],77,131,133,54,123
1,<environment.Job instance at 0x7fa3323546e0>,56,13,[2 6],78,133,146,55,123
1,<environment.Job instance at 0x7fa33234d6e0>,57,15,[5 4],79,146,161,67,138
1,<environment.Job instance at 0x7fa331ced370>,63,15,[10  3],87,161,176,74,147
1,<environment.Job instance at 0x7fa3323477d0>,62,12,[8 4],86,176,188,90,164
1,<environment.Job instance at 0x7fa331cfdc80>,70,14,[2 8],99,188,202,89,175
1,<environment.Job instance at 0x7fa2ee4f8910>,76,12,[6 2],108,188,200,80,185
1,<environment.Job instance at 0x7fa2ee1dd460>,0,15,[4 5],4,4,19,0,4
1,<environment.Job instance at 0x7fa332b98190>,4,13,[1 8],10,19,32,9,16
1,<environment.Job instance at 0x7fa2ee610870>,9,2,[5 9],19,32,34,13,19
1,<environment.Job instance at 0x7fa2ee610a00>,10,12,[6 5],21,34,46,13,21
1,<environment.Job instance at 0x7fa332535c80>,27,12,[9 3],43,69,81,26,69
1,<environment.Job instance at 0x7fa3329830a0>,35,12,[8 3],55,81,93,26,71
1,<environment.Job instance at 0x7fa332983190>,39,12,[10  4],61,93,105,32,81
1,<environment.Job instance at 0x7fa3329837d0>,36,17,[8 2],58,105,122,47,96
1,<environment.Job instance at 0x7fa2ee29f6e0>,55,3,[9 2],89,122,125,33,105
1,<environment.Job instance at 0x7fa2ee29f050>,57,13,[8 5],92,125,138,33,111
1,<environment.Job instance at 0x7fa331c92320>,63,13,[ 4 10],102,138,151,36,128
1,<environment.Job instance at 0x7fa2ee888870>,69,18,[1 7],110,151,169,41,142
1,<environment.Job instance at 0x7fa33297b0a0>,52,14,[10  1],83,169,183,86,154
1,<environment.Job instance at 0x7fa338ef4500>,77,16,[2 9],125,183,199,58,170
1,<environment.Job instance at 0x7fa33252d820>,80,18,[9 4],128,199,217,71,188
1,<environment.Job instance at 0x7fa339460a00>,0,14,[1 7],1,1,15,0,1
1,<environment.Job instance at 0x7fa2ee1e2cd0>,5,2,[2 9],7,15,17,8,7
1,<environment.Job instance at 0x7fa2ee1e25f0>,7,2,[4 6],9,17,19,8,9
1,<environment.Job instance at 0x7fa339460e60>,4,16,[7 2],6,19,35,13,9
1,<environment.Job instance at 0x7fa2ee1e2f50>,10,17,[5 8],12,35,52,23,23
1,<environment.Job instance at 0x7fa2ee37c3c0>,25,16,[6 3],37,52,68,15,41
1,<environment.Job instance at 0x7fa33253be60>,36,17,[5 8],51,68,85,17,56
1,<environment.Job instance at 0x7fa332781870>,43,13,[4 7],63,85,98,22,79
1,<environment.Job instance at 0x7fa331e2b280>,41,26,[6 3],61,85,111,24,85
1,<environment.Job instance at 0x7fa2ee6f55a0>,46,15,[1 5],67,98,113,31,86
1,<environment.Job instance at 0x7fa2ee37c690>,24,13,[10  1],35,113,126,78,98
1,<environment.Job instance at 0x7fa2ee383640>,61,15,[8 2],89,126,141,37,114
1,<environment.Job instance at 0x7fa2ee383500>,68,14,[10  5],100,141,155,41,127
1,<environment.Job instance at 0x7fa2ee383690>,71,18,[2 5],103,155,173,52,144
1,<environment.Job instance at 0x7fa33206d690>,75,14,[2 6],109,173,187,64,159
1,<environment.Job instance at 0x7fa33206d3c0>,76,14,[2 8],110,187,201,77,172
1,<environment.Job instance at 0x7fa33206d9b0>,79,3,[6 3],119,172,175,53,172
1,<environment.Job instance at 0x7fa331e08910>,0,16,[7 5],1,1,17,0,1
1,<environment.Job instance at 0x7fa2ee3c3b90>,4,17,[2 7],8,17,34,9,8
1,<environment.Job instance at 0x7fa2ee3bf320>,12,3,[6 3],19,24,27,5,24
1,<environment.Job instance at 0x7fa2ee3bf050>,14,19,[4 5],21,34,53,13,25
1,<environment.Job instance at 0x7fa2ee3bfc30>,19,12,[3 5],27,34,46,7,33
1,<environment.Job instance at 0x7fa2ee3bf550>,15,12,[7 1],22,53,65,31,41
1,<environment.Job instance at 0x7fa2ee3b4230>,27,15,[5 8],39,65,80,26,55
1,<environment.Job instance at 0x7fa2ee3b46e0>,31,2,[4 8],45,80,82,35,58
1,<environment.Job instance at 0x7fa2ee3b4050>,28,21,[10  1],40,82,103,42,74
1,<environment.Job instance at 0x7fa2ee3b4d70>,36,16,[2 5],51,103,119,52,95
1,<environment.Job instance at 0x7fa2ee3d3690>,47,14,[7 4],67,105,119,38,105
1,<environment.Job instance at 0x7fa2ee3d3640>,49,18,[2 8],69,119,137,50,109
1,<environment.Job instance at 0x7fa2ee3d38c0>,52,17,[8 4],74,137,154,63,125
1,<environment.Job instance at 0x7fa2ee3d3dc0>,56,18,[7 4],80,154,172,74,144
1,<environment.Job instance at 0x7fa2ee3df0a0>,59,18,[ 2 10],83,172,190,89,162
1,<environment.Job instance at 0x7fa2ee3df4b0>,62,14,[5 6],88,190,204,102,178
1,<environment.Job instance at 0x7fa332094aa0>,0,12,[5 5],1,1,13,0,1
1,<environment.Job instance at 0x7fa3326c1640>,4,3,[7 1],8,13,16,5,8
1,<environment.Job instance at 0x7fa3326c1c80>,6,22,[8 3],11,16,38,5,13
1,<environment.Job instance at 0x7fa331e82eb0>,19,17,[7 4],33,38,55,5,38
1,<environment.Job instance at 0x7fa2ee73f6e0>,24,15,[4 5],45,55,70,10,45
1,<environment.Job instance at 0x7fa3329fbd20>,31,1,[10  3],58,70,71,12,58
1,<environment.Job instance at 0x7fa2ee6f76e0>,32,13,[9 4],59,71,84,12,59
1,<environment.Job instance at 0x7fa332625640>,13,3,[4 7],22,84,87,62,64
1,<environment.Job instance at 0x7fa3322a4500>,33,16,[3 7],60,87,103,27,74
1,<environment.Job instance at 0x7fa331d9e4b0>,38,13,[7 1],67,87,100,20,77
1,<environment.Job instance at 0x7fa332664b90>,43,15,[5 2],72,105,120,33,105
1,<environment.Job instance at 0x7fa332664b40>,44,14,[4 9],74,120,134,46,105
1,<environment.Job instance at 0x7fa2ee185320>,51,27,[3 8],86,147,174,61,147
1,<environment.Job instance at 0x7fa2ee185230>,53,16,[1 8],88,174,190,86,162
1,<environment.Job instance at 0x7fa2ee185140>,58,12,[4 7],97,190,202,93,173
1,<environment.Job instance at 0x7fa331ddf780>,64,15,[9 2],110,202,217,92,188
1,<environment.Job instance at 0x7fa2ee893370>,1,17,[3 6],3,3,20,0,3
1,<environment.Job instance at 0x7fa3329a7b90>,7,15,[9 3],11,20,35,9,13
1,<environment.Job instance at 0x7fa331e57a00>,12,12,[7 5],21,35,47,14,23
1,<environment.Job instance at 0x7fa332618190>,21,23,[9 2],33,47,70,14,41
1,<environment.Job instance at 0x7fa2ee6a7dc0>,27,13,[10  4],39,70,83,31,59
1,<environment.Job instance at 0x7fa332bab500>,13,18,[3 8],23,83,101,60,73
1,<environment.Job instance at 0x7fa2ee4420f0>,33,17,[8 2],46,101,118,55,89
1,<environment.Job instance at 0x7fa2ee442f50>,38,2,[2 8],55,106,108,51,106
1,<environment.Job instance at 0x7fa2ee7755f0>,4,16,[8 5],6,118,134,112,106
1,<environment.Job instance at 0x7fa2ee4a8dc0>,45,14,[6 3],66,134,148,68,120
1,<environment.Job instance at 0x7fa2ee4a8eb0>,48,14,[6 5],70,148,162,78,134
1,<environment.Job instance at 0x7fa3328c80a0>,53,14,[8 4],77,162,176,85,148
1,<environment.Job instance at 0x7fa2ee3e10f0>,59,13,[4 7],89,176,189,87,163
1,<environment.Job instance at 0x7fa332c05d70>,66,3,[7 4],96,189,192,93,175
1,<environment.Job instance at 0x7fa2ee6c43c0>,67,1,[8 2],97,192,193,95,175
1,<environment.Job instance at 0x7fa2ee6c4870>,69,2,[10  1],100,193,195,93,178
1,<environment.Job instance at 0x7fa3326700a0>,70,18,[3 5],102,195,213,93,184
1,<environment.Job instance at 0x7fa332670370>,71,18,[5 5],103,195,213,92,184
1,<environment.Job instance at 0x7fa332670370>,1,17,[5 6],4,4,21,0,4
1,<environment.Job instance at 0x7fa2ee72c460>,3,16,[6 1],9,21,37,12,9
1,<environment.Job instance at 0x7fa3324ed500>,14,18,[4 7],23,23,41,0,23
1,<environment.Job instance at 0x7fa3324ed820>,17,12,[ 4 10],28,41,53,13,28
1,<environment.Job instance at 0x7fa3324edd70>,22,2,[1 7],36,53,55,17,36
1,<environment.Job instance at 0x7fa3324edf50>,23,2,[3 7],37,55,57,18,37
1,<environment.Job instance at 0x7fa3324e73c0>,25,12,[8 3],42,57,69,15,42
1,<environment.Job instance at 0x7fa3324e7320>,27,15,[7 3],44,69,84,25,55
1,<environment.Job instance at 0x7fa3324edaf0>,19,12,[9 4],30,84,96,54,67
1,<environment.Job instance at 0x7fa3324e7c80>,36,15,[4 8],56,96,111,40,83
1,<environment.Job instance at 0x7fa3324ec320>,43,16,[8 5],65,111,127,46,98
1,<environment.Job instance at 0x7fa3324e7f00>,38,18,[1 5],59,111,129,52,103
1,<environment.Job instance at 0x7fa3324ecaa0>,49,16,[8 1],73,127,143,54,116
1,<environment.Job instance at 0x7fa3324ecc30>,53,13,[8 2],80,143,156,63,127
1,<environment.Job instance at 0x7fa3324ecb40>,51,17,[9 3],76,156,173,80,148
1,<environment.Job instance at 0x7fa3324e4550>,63,2,[1 9],92,173,175,81,151
1,<environment.Job instance at 0x7fa3324e4aa0>,69,14,[7 1],100,173,187,73,158
1,<environment.Job instance at 0x7fa3324e4370>,61,15,[6 3],90,187,202,97,173
1,<environment.Job instance at 0x7fa2ee2a72d0>,78,20,[1 6],115,181,201,66,181
1,<environment.Job instance at 0x7fa3324ec1e0>,1,14,[5 2],2,3,17,1,3
1,<environment.Job instance at 0x7fa33267eb90>,4,17,[10  3],7,17,34,10,12
1,<environment.Job instance at 0x7fa2ee2858c0>,11,12,[1 8],20,34,46,14,21
1,<environment.Job instance at 0x7fa3320f3820>,24,18,[2 6],38,46,64,8,38
1,<environment.Job instance at 0x7fa3320f3370>,28,18,[6 2],42,61,79,19,61
1,<environment.Job instance at 0x7fa3320f3be0>,30,3,[3 6],44,64,67,20,62
1,<environment.Job instance at 0x7fa2ee2850a0>,18,17,[7 4],30,79,96,49,68
1,<environment.Job instance at 0x7fa331f34460>,41,2,[3 7],60,105,107,45,105
1,<environment.Job instance at 0x7fa331f34230>,42,12,[4 9],61,107,119,46,106
1,<environment.Job instance at 0x7fa331f34910>,43,15,[3 7],62,119,134,57,106
1,<environment.Job instance at 0x7fa3325c94b0>,50,18,[3 7],70,134,152,64,123
1,<environment.Job instance at 0x7fa3323b40f0>,54,18,[10  1],75,152,170,77,145
1,<environment.Job instance at 0x7fa331de3f50>,62,12,[1 8],87,170,182,83,170
1,<environment.Job instance at 0x7fa331de35f0>,63,12,[4 6],88,182,194,94,170
1,<environment.Job instance at 0x7fa331de3780>,64,2,[5 2],89,170,172,81,170
1,<environment.Job instance at 0x7fa331de3640>,68,17,[2 7],94,194,211,100,182
1,<environment.Job instance at 0x7fa2ee0dfa00>,3,16,[5 1],5,5,21,0,5
1,<environment.Job instance at 0x7fa2ee0dfd70>,8,20,[2 6],12,13,33,1,13
1,<environment.Job instance at 0x7fa2ee0df960>,10,25,[5 4],14,23,48,9,23
1,<environment.Job instance at 0x7fa2ee073e10>,21,18,[3 6],26,33,51,7,26
1,<environment.Job instance at 0x7fa3323e6c80>,16,12,[3 7],20,51,63,31,37
1,<environment.Job instance at 0x7fa331d5baf0>,35,21,[9 1],45,63,84,18,56
1,<environment.Job instance at 0x7fa3322a5be0>,49,14,[3 9],65,84,98,19,74
1,<environment.Job instance at 0x7fa3322a5c80>,51,15,[4 7],69,98,113,29,84
1,<environment.Job instance at 0x7fa3323190f0>,58,12,[8 4],79,113,125,34,101
1,<environment.Job instance at 0x7fa332319190>,61,17,[1 9],84,125,142,41,115
1,<environment.Job instance at 0x7fa332319b90>,63,14,[8 1],86,127,141,41,127
1,<environment.Job instance at 0x7fa332319e60>,67,13,[9 4],92,142,155,50,137
1,<environment.Job instance at 0x7fa332319690>,68,16,[6 4],93,155,171,62,143
1,<environment.Job instance at 0x7fa2ee43dc30>,1,12,[1 8],5,5,17,0,5
1,<environment.Job instance at 0x7fa332a76b90>,10,17,[1 8],22,28,45,6,28
1,<environment.Job instance at 0x7fa332a74c30>,13,14,[1 7],26,45,59,19,33
1,<environment.Job instance at 0x7fa332a8dd70>,20,3,[5 9],36,59,62,23,46
1,<environment.Job instance at 0x7fa332a76e60>,9,16,[2 5],21,62,78,41,50
1,<environment.Job instance at 0x7fa332a87370>,27,18,[8 5],46,62,80,16,51
1,<environment.Job instance at 0x7fa331e14f00>,30,18,[2 5],49,78,96,29,67
1,<environment.Job instance at 0x7fa2edee52d0>,37,2,[3 7],56,96,98,40,82
1,<environment.Job instance at 0x7fa331e1e3c0>,39,3,[1 5],58,85,88,27,85
1,<environment.Job instance at 0x7fa2edf0d370>,41,2,[3 7],60,106,108,46,106
1,<environment.Job instance at 0x7fa2edf0dc30>,42,1,[2 6],62,108,109,46,106
1,<environment.Job instance at 0x7fa331c5c730>,43,1,[9 1],64,109,110,45,106
1,<environment.Job instance at 0x7fa331c5c4b0>,44,22,[8 4],66,110,132,44,106
1,<environment.Job instance at 0x7fa331c80500>,52,16,[1 5],74,115,131,41,115
1,<environment.Job instance at 0x7fa331c80d20>,54,12,[4 7],77,132,144,55,118
1,<environment.Job instance at 0x7fa2ee87f2d0>,63,14,[5 9],90,144,158,54,131
1,<environment.Job instance at 0x7fa331c82460>,70,16,[9 4],103,158,174,55,149
1,<environment.Job instance at 0x7fa331c82870>,75,16,[10  4],109,174,190,65,161
1,<environment.Job instance at 0x7fa2ee87aa50>,80,16,[8 3],115,190,206,75,186
1,<environment.Job instance at 0x7fa33933d0a0>,1,15,[2 8],3,4,19,1,4
1,<environment.Job instance at 0x7fa2ee87ad20>,4,15,[7 5],7,19,34,12,10
1,<environment.Job instance at 0x7fa332013320>,2,16,[5 8],4,34,50,30,24
1,<environment.Job instance at 0x7fa331deb870>,19,13,[10  2],32,50,63,18,39
1,<environment.Job instance at 0x7fa3329d9d70>,14,13,[5 5],23,63,76,40,47
1,<environment.Job instance at 0x7fa332bff8c0>,28,17,[9 4],46,76,93,30,65
1,<environment.Job instance at 0x7fa2ee224320>,34,18,[9 4],53,93,111,40,82
1,<environment.Job instance at 0x7fa2ee3ab910>,38,1,[9 5],58,111,112,53,91
1,<environment.Job instance at 0x7fa2ee637b40>,39,17,[5 2],59,112,129,53,100
1,<environment.Job instance at 0x7fa331debb90>,17,18,[1 7],30,115,133,85,115
1,<environment.Job instance at 0x7fa332bffd20>,24,15,[9 2],40,129,144,89,115
1,<environment.Job instance at 0x7fa332024f00>,50,14,[3 5],72,144,158,72,129
1,<environment.Job instance at 0x7fa2ee523d20>,56,14,[9 2],82,158,172,76,143
1,<environment.Job instance at 0x7fa331e049b0>,44,16,[4 9],66,181,197,115,181
1,<environment.Job instance at 0x7fa331cac960>,62,18,[1 5],91,197,215,106,186
1,<environment.Job instance at 0x7fa331cac910>,1,13,[10  4],2,2,15,0,2
1,<environment.Job instance at 0x7fa331dd1b40>,10,15,[9 3],13,15,30,2,15
1,<environment.Job instance at 0x7fa331dd1190>,16,16,[9 3],23,44,60,21,44
1,<environment.Job instance at 0x7fa331dd1d70>,7,3,[4 5],9,60,63,51,45
1,<environment.Job instance at 0x7fa331dd13c0>,20,14,[5 2],29,60,74,31,45
1,<environment.Job instance at 0x7fa331dd1690>,22,16,[9 5],31,74,90,43,61
1,<environment.Job instance at 0x7fa2edee4820>,31,18,[2 7],42,90,108,48,81
1,<environment.Job instance at 0x7fa2ee2890f0>,5,13,[8 2],6,93,106,87,93
1,<environment.Job instance at 0x7fa2edee4960>,34,22,[9 3],45,108,130,63,101
1,<environment.Job instance at 0x7fa2edee4d20>,35,28,[1 5],46,115,143,69,115
1,<environment.Job instance at 0x7fa2edf51870>,42,15,[7 5],56,130,145,74,116
1,<environment.Job instance at 0x7fa2ee83c410>,50,23,[4 5],65,145,168,80,143
1,<environment.Job instance at 0x7fa2ee83ceb0>,55,18,[ 5 10],72,168,186,96,161
1,<environment.Job instance at 0x7fa2ee83c690>,56,18,[5 8],73,186,204,113,175
1,<environment.Job instance at 0x7fa2ee41af50>,0,13,[4 5],1,1,14,0,1
1,<environment.Job instance at 0x7fa3322d1dc0>,27,18,[3 5],43,51,69,8,51
1,<environment.Job instance at 0x7fa331f1e9b0>,35,1,[ 3 10],51,69,70,18,65
1,<environment.Job instance at 0x7fa2ee0138c0>,37,17,[10  2],54,74,91,20,74
1,<environment.Job instance at 0x7fa331f35f00>,39,15,[4 8],57,93,108,36,93
1,<environment.Job instance at 0x7fa2edf4ca50>,40,17,[3 6],59,108,125,49,96
1,<environment.Job instance at 0x7fa331f28c80>,44,3,[7 2],66,116,119,50,116
1,<environment.Job instance at 0x7fa331f28410>,45,2,[3 7],69,125,127,56,116
1,<environment.Job instance at 0x7fa331f4c6e0>,47,19,[6 5],71,127,146,56,117
1,<environment.Job instance at 0x7fa3325d0f00>,30,25,[3 5],46,140,165,94,140
1,<environment.Job instance at 0x7fa3325bd320>,61,16,[5 1],93,146,162,53,140
1,<environment.Job instance at 0x7fa3325cfbe0>,64,18,[9 1],97,165,183,68,154
1,<environment.Job instance at 0x7fa3325cf1e0>,69,15,[5 5],103,183,198,80,171
1,<environment.Job instance at 0x7fa332a844b0>,0,18,[5 8],1,1,19,0,1
1,<environment.Job instance at 0x7fa332997dc0>,7,13,[4 9],12,19,32,7,12
1,<environment.Job instance at 0x7fa2ee427fa0>,14,17,[6 1],23,23,40,0,23
1,<environment.Job instance at 0x7fa2ee53aa00>,18,1,[7 4],27,40,41,13,27
1,<environment.Job instance at 0x7fa2ee53a550>,19,12,[5 5],29,41,53,12,29
1,<environment.Job instance at 0x7fa332a840f0>,4,19,[9 5],6,64,83,58,64
1,<environment.Job instance at 0x7fa331dd3500>,23,3,[2 8],33,83,86,50,74
1,<environment.Job instance at 0x7fa3327e8460>,33,15,[7 2],45,83,98,38,74
1,<environment.Job instance at 0x7fa3327e8b90>,35,24,[3 8],47,86,110,39,82
1,<environment.Job instance at 0x7fa3327e8e10>,40,16,[8 3],56,110,126,54,97
1,<environment.Job instance at 0x7fa332a66550>,44,12,[4 6],63,126,138,63,120
1,<environment.Job instance at 0x7fa2ee77f0f0>,22,15,[7 3],32,138,153,106,127
1,<environment.Job instance at 0x7fa2ee125f00>,46,18,[1 6],65,138,156,73,128
1,<environment.Job instance at 0x7fa2edf0c640>,54,13,[5 9],78,156,169,78,143
1,<environment.Job instance at 0x7fa33256ff50>,56,15,[8 4],80,169,184,89,157
1,<environment.Job instance at 0x7fa3327f15f0>,64,17,[2 9],90,184,201,94,175
1,<environment.Job instance at 0x7fa2edee4190>,2,3,[6 4],3,3,6,0,3
1,<environment.Job instance at 0x7fa2ee4b5dc0>,5,2,[2 7],7,7,9,0,7
1,<environment.Job instance at 0x7fa2ee4b5fa0>,7,15,[2 8],9,9,24,0,9
1,<environment.Job instance at 0x7fa3323aa460>,17,14,[8 1],22,23,37,1,23
1,<environment.Job instance at 0x7fa3323aab40>,19,18,[6 2],26,37,55,11,26
1,<environment.Job instance at 0x7fa2ee204c80>,27,17,[6 3],35,55,72,20,43
1,<environment.Job instance at 0x7fa2ee1e9280>,23,20,[5 4],30,72,92,42,63
1,<environment.Job instance at 0x7fa2ee0848c0>,30,16,[5 6],41,72,88,31,64
1,<environment.Job instance at 0x7fa332babaf0>,47,18,[1 8],63,92,110,29,81
1,<environment.Job instance at 0x7fa2ee0840f0>,38,17,[6 4],53,110,127,57,104
1,<environment.Job instance at 0x7fa2ee2040f0>,28,14,[7 3],37,127,141,90,117
1,<environment.Job instance at 0x7fa3322e5d20>,62,19,[ 4 10],91,141,160,50,131
1,<environment.Job instance at 0x7fa2ee554960>,67,1,[2 8],97,160,161,63,136
1,<environment.Job instance at 0x7fa2ee554eb0>,68,13,[2 7],99,161,174,62,145
1,<environment.Job instance at 0x7fa2ee5547d0>,74,2,[6 2],107,160,162,53,160
1,<environment.Job instance at 0x7fa3321c2af0>,2,12,[6 5],4,4,16,0,4
1,<environment.Job instance at 0x7fa2ee2a7f50>,3,14,[ 3 10],5,16,30,11,5
1,<environment.Job instance at 0x7fa2ee318b40>,1,14,[2 6],3,30,44,27,17
1,<environment.Job instance at 0x7fa2edf950a0>,17,18,[1 8],26,44,62,18,39
1,<environment.Job instance at 0x7fa2ee8574b0>,22,16,[7 1],33,57,73,24,57
1,<environment.Job instance at 0x7fa3328e00f0>,31,12,[5 8],47,73,85,26,59
1,<environment.Job instance at 0x7fa3328e0550>,32,16,[5 5],48,85,101,37,72
1,<environment.Job instance at 0x7fa3328fe820>,43,23,[10  2],59,101,124,42,96
1,<environment.Job instance at 0x7fa3328f23c0>,52,15,[4 5],74,126,141,52,126
1,<environment.Job instance at 0x7fa3328f2960>,53,15,[9 3],75,141,156,66,127
1,<environment.Job instance at 0x7fa3328f2b90>,55,17,[7 2],77,156,173,79,144
1,<environment.Job instance at 0x7fa3328f5fa0>,63,15,[4 8],96,173,188,77,159
1,<environment.Job instance at 0x7fa3328d7eb0>,78,12,[9 5],116,188,200,72,175
1,<environment.Job instance at 0x7fa2edf81f50>,84,15,[2 8],128,200,215,72,186
1,<environment.Job instance at 0x7fc8829187d0>,1,15,[ 4 10],4,4,19,0,4
1,<environment.Job instance at 0x7fc8817c4910>,5,14,[8 5],9,19,33,10,10
1,<environment.Job instance at 0x7fc8817c9280>,12,19,[ 4 10],17,33,52,16,23
1,<environment.Job instance at 0x7fc8817c9820>,18,16,[5 6],24,52,68,28,40
1,<environment.Job instance at 0x7fc882866fa0>,4,14,[4 9],6,6,20,0,6
1,<environment.Job instance at 0x7fc882867230>,7,16,[10  5],9,20,36,11,12
1,<environment.Job instance at 0x7fc882863820>,16,13,[ 5 10],21,36,49,15,26
1,<environment.Job instance at 0x7fc8817cb9b0>,2,16,[4 8],4,49,65,45,46
1,<environment.Job instance at 0x7fc837843230>,0,14,[5 3],1,1,15,0,1
1,<environment.Job instance at 0x7fc837843370>,4,15,[2 5],6,6,21,0,6
1,<environment.Job instance at 0x7fc8378590a0>,6,18,[8 1],8,21,39,13,21
1,<environment.Job instance at 0x7fc8378bf8c0>,17,17,[1 7],23,23,40,0,23
1,<environment.Job instance at 0x7fc8378bfe60>,21,1,[ 2 10],30,40,41,10,31
1,<environment.Job instance at 0x7fc8378ca820>,22,2,[2 5],31,41,43,10,32
1,<environment.Job instance at 0x7fc8378bfbe0>,15,18,[4 5],21,41,59,20,40
1,<environment.Job instance at 0x7fc8378bfc30>,0,14,[ 4 10],2,2,16,0,2
1,<environment.Job instance at 0x7fc8377dab40>,5,12,[5 6],10,16,28,6,10
1,<environment.Job instance at 0x7fc8379916e0>,17,16,[3 5],23,28,44,5,23
1,<environment.Job instance at 0x7fc8377da910>,12,12,[9 3],18,44,56,26,34
1,<environment.Job instance at 0x7fc8379ccc80>,31,15,[6 2],43,56,71,13,44
1,<environment.Job instance at 0x7fc8379cc1e0>,1,16,[2 7],2,2,18,0,2
1,<environment.Job instance at 0x7fc837ebbc30>,8,17,[8 5],10,18,35,8,11
1,<environment.Job instance at 0x7fc837e9c6e0>,28,2,[5 2],35,35,37,0,35
1,<environment.Job instance at 0x7fc837e9c910>,30,14,[5 6],37,37,51,0,37
1,<environment.Job instance at 0x7fc837e9ca50>,31,18,[ 5 10],38,51,69,13,40
1,<environment.Job instance at 0x7fc837ed4aa0>,0,18,[2 6],1,1,19,0,1
1,<environment.Job instance at 0x7fc837ed4a50>,7,1,[3 8],9,19,20,10,9
1,<environment.Job instance at 0x7fc83775cb40>,9,1,[4 8],11,20,21,9,11
1,<environment.Job instance at 0x7fc83775c690>,10,17,[6 2],12,18,35,6,18
1,<environment.Job instance at 0x7fc83775c870>,11,3,[6 3],13,35,38,22,19
1,<environment.Job instance at 0x7fc83775cd20>,12,20,[4 6],16,21,41,5,21
1,<environment.Job instance at 0x7fc8815a3910>,18,2,[2 5],25,41,43,16,25
1,<environment.Job instance at 0x7fc8815a3a00>,19,3,[9 2],26,43,46,17,26
1,<environment.Job instance at 0x7fc8815a35f0>,16,16,[1 6],22,43,59,21,32
1,<environment.Job instance at 0x7fc8815a3050>,22,2,[1 5],30,41,43,11,40
1,<environment.Job instance at 0x7fc8815a3cd0>,23,12,[7 3],31,46,58,15,40
1,<environment.Job instance at 0x7fc881d55730>,27,12,[4 8],39,59,71,20,42
1,<environment.Job instance at 0x7fc881d55e10>,29,17,[6 2],42,58,75,16,47
1,<environment.Job instance at 0x7fc881833b90>,1,17,[4 7],3,3,20,0,3
1,<environment.Job instance at 0x7fc88174b960>,6,14,[1 6],11,20,34,9,15
1,<environment.Job instance at 0x7fc837b04c80>,13,25,[7 2],19,20,45,1,20
1,<environment.Job instance at 0x7fc881c82b40>,22,12,[5 7],32,45,57,13,32
1,<environment.Job instance at 0x7fc837ac4cd0>,26,14,[ 3 10],36,57,71,21,44
1,<environment.Job instance at 0x7fc881d55b40>,0,13,[5 8],2,2,15,0,2
1,<environment.Job instance at 0x7fc8376b11e0>,9,18,[7 4],16,16,34,0,16
1,<environment.Job instance at 0x7fc8376b1820>,6,14,[ 4 10],12,34,48,22,19
1,<environment.Job instance at 0x7fc837cc4c30>,21,18,[6 4],33,48,66,15,37
1,<environment.Job instance at 0x7fc881cf9050>,0,16,[7 1],1,1,17,0,1
1,<environment.Job instance at 0x7fc881a25eb0>,7,17,[5 7],8,17,34,9,8
1,<environment.Job instance at 0x7fc8377c0050>,13,18,[8 4],17,34,52,17,23
1,<environment.Job instance at 0x7fc8820713c0>,25,13,[7 1],31,52,65,21,36
1,<environment.Job instance at 0x7fc882071f50>,28,2,[1 8],34,52,54,18,36
1,<environment.Job instance at 0x7fc882253870>,8,15,[7 3],12,12,27,0,12
1,<environment.Job instance at 0x7fc8377a6320>,5,17,[2 6],8,15,32,7,15
1,<environment.Job instance at 0x7fc88175d3c0>,6,18,[8 3],10,27,45,17,26
1,<environment.Job instance at 0x7fc8822539b0>,15,18,[5 1],28,45,63,17,34
1,<environment.Job instance at 0x7fc837c50af0>,23,13,[1 7],41,42,55,1,42
1,<environment.Job instance at 0x7fc88228c780>,6,16,[1 5],12,12,28,0,12
1,<environment.Job instance at 0x7fc88228c3c0>,8,15,[3 5],18,19,34,1,19
1,<environment.Job instance at 0x7fc88228c0f0>,10,17,[ 3 10],20,34,51,14,22
1,<environment.Job instance at 0x7fc881822aa0>,13,3,[3 5],24,28,31,4,26
1,<environment.Job instance at 0x7fc88197b640>,14,2,[4 7],25,51,53,26,26
1,<environment.Job instance at 0x7fc837cc47d0>,15,2,[2 7],27,53,55,26,27
1,<environment.Job instance at 0x7fc881822500>,16,1,[4 9],28,55,56,27,28
1,<environment.Job instance at 0x7fc88191a5a0>,5,13,[2 7],11,56,69,45,42
1,<environment.Job instance at 0x7fc837e9d5f0>,0,12,[1 8],1,1,13,0,1
1,<environment.Job instance at 0x7fc881ac6410>,7,18,[4 7],10,13,31,3,10
1,<environment.Job instance at 0x7fc881ac63c0>,11,14,[10  5],15,31,45,16,16
1,<environment.Job instance at 0x7fc881ac6fa0>,18,12,[ 1 10],24,45,57,21,28
1,<environment.Job instance at 0x7fc881ac6e10>,20,12,[3 6],26,57,69,31,40
1,<environment.Job instance at 0x7fc881814e60>,3,1,[1 7],4,4,5,0,4
1,<environment.Job instance at 0x7fc881ad5780>,4,12,[7 2],6,6,18,0,6
1,<environment.Job instance at 0x7fc881814c30>,8,28,[8 5],12,32,60,20,32
1,<environment.Job instance at 0x7fc881e091e0>,29,12,[6 5],39,60,72,21,45
1,<environment.Job instance at 0x7fc83786c820>,1,14,[4 9],2,2,16,0,2
1,<environment.Job instance at 0x7fc8378ad9b0>,8,13,[10  4],12,16,29,4,12
1,<environment.Job instance at 0x7fc837e354b0>,7,15,[9 2],11,29,44,18,28
1,<environment.Job instance at 0x7fc8378ade10>,14,12,[3 8],22,44,56,22,30
1,<environment.Job instance at 0x7fc837689fa0>,24,12,[3 9],39,56,68,17,39
1,<environment.Job instance at 0x7fc837689d20>,26,1,[5 5],41,68,69,27,41
1,<environment.Job instance at 0x7fc837689d70>,1,15,[5 8],2,2,17,0,2
1,<environment.Job instance at 0x7fc881fbdd20>,5,2,[1 5],8,17,19,9,11
1,<environment.Job instance at 0x7fc83792a500>,11,1,[2 5],15,17,18,2,15
1,<environment.Job instance at 0x7fc83791f4b0>,12,3,[1 8],16,19,22,3,16
1,<environment.Job instance at 0x7fc881cf6870>,14,2,[2 5],19,22,24,3,19
1,<environment.Job instance at 0x7fc881cf6fa0>,15,18,[4 5],21,22,40,1,21
1,<environment.Job instance at 0x7fc83796e640>,19,15,[10  2],26,40,55,14,26
1,<environment.Job instance at 0x7fc881cdf280>,29,14,[9 4],40,55,69,15,43
1,<environment.Job instance at 0x7fc88212e780>,0,2,[4 6],1,1,3,0,1
1,<environment.Job instance at 0x7fc881cce960>,1,18,[3 8],2,3,21,1,3
1,<environment.Job instance at 0x7fc881f25280>,10,2,[1 7],17,21,23,4,18
1,<environment.Job instance at 0x7fc881f25d70>,13,1,[ 4 10],20,25,26,5,25
1,<environment.Job instance at 0x7fc881f25640>,14,19,[6 5],21,26,45,5,25
1,<environment.Job instance at 0x7fc881f32960>,20,21,[6 4],27,45,66,18,37
1,<environment.Job instance at 0x7fc881be2690>,0,12,[5 9],1,1,13,0,1
1,<environment.Job instance at 0x7fc837e11230>,7,21,[3 6],9,13,34,4,9
1,<environment.Job instance at 0x7fc8821f9190>,11,12,[5 5],15,35,47,20,35
1,<environment.Job instance at 0x7fc837a09eb0>,23,1,[5 5],29,36,37,7,36
1,<environment.Job instance at 0x7fc837a098c0>,24,3,[8 2],30,47,50,17,37
1,<environment.Job instance at 0x7fc8377da1e0>,26,1,[3 6],33,50,51,17,37
1,<environment.Job instance at 0x7fc837e1fa50>,28,17,[6 5],39,51,68,12,39
1,<environment.Job instance at 0x7fc881954eb0>,2,16,[6 3],3,3,19,0,3
1,<environment.Job instance at 0x7fc8817db410>,12,24,[8 4],21,21,45,0,21
1,<environment.Job instance at 0x7fc881dbcb40>,14,18,[6 4],23,45,63,22,36
1,<environment.Job instance at 0x7fc837a955f0>,26,15,[ 4 10],45,63,78,18,49
1,<environment.Job instance at 0x7fc837a95230>,0,16,[5 9],3,3,19,0,3
1,<environment.Job instance at 0x7fc8376cf410>,9,1,[6 3],21,21,22,0,21
1,<environment.Job instance at 0x7fc8376cfc80>,10,12,[8 2],23,23,35,0,23
1,<environment.Job instance at 0x7fc881cf97d0>,27,15,[7 5],42,43,58,1,43
1,<environment.Job instance at 0x7fc837b48230>,28,17,[5 5],44,58,75,14,46
1,<environment.Job instance at 0x7fc837e19140>,1,13,[5 5],4,4,17,0,4
1,<environment.Job instance at 0x7fc837bf0370>,17,2,[1 9],25,25,27,0,25
1,<environment.Job instance at 0x7fc882400910>,20,18,[9 4],28,28,46,0,28
1,<environment.Job instance at 0x7fc8819280f0>,24,16,[3 6],33,46,62,13,33
1,<environment.Job instance at 0x7fc837ceeaf0>,28,12,[5 8],38,62,74,24,46
1,<environment.Job instance at 0x7f52d5c983c0>,1,15,[ 4 10],4,4,19,0,4
1,<environment.Job instance at 0x7f52d0892e60>,10,16,[5 6],14,19,35,5,14
1,<environment.Job instance at 0x7f52d0895640>,17,15,[7 5],23,35,50,12,24
1,<environment.Job instance at 0x7f52d08956e0>,18,16,[5 6],24,50,66,26,37
1,<environment.Job instance at 0x7f52d0895aa0>,27,12,[5 5],36,66,78,30,55
1,<environment.Job instance at 0x7f52d5be3730>,13,18,[9 4],20,38,56,18,38
1,<environment.Job instance at 0x7f52d5be8d20>,16,18,[8 4],26,56,74,30,46
1,<environment.Job instance at 0x7f528ab23f50>,0,18,[4 5],1,1,19,0,1
1,<environment.Job instance at 0x7f528abb2af0>,15,2,[5 7],24,24,26,0,24
1,<environment.Job instance at 0x7f528abb24b0>,16,2,[9 3],25,26,28,1,25
1,<environment.Job instance at 0x7f528abb2050>,17,14,[8 2],26,28,42,2,26
1,<environment.Job instance at 0x7f528abc0e10>,25,12,[5 6],40,42,54,2,40
1,<environment.Job instance at 0x7f528abb20f0>,11,18,[ 5 10],17,54,72,37,46
1,<environment.Job instance at 0x7f528ac2f690>,0,2,[ 3 10],1,1,3,0,1
1,<environment.Job instance at 0x7f528ac2fbe0>,2,17,[5 3],3,3,20,0,3
1,<environment.Job instance at 0x7f528acbeb40>,8,15,[6 2],13,20,35,7,13
1,<environment.Job instance at 0x7f528ac8f960>,6,13,[10  4],7,35,48,28,22
1,<environment.Job instance at 0x7f528af48730>,23,17,[8 5],30,49,66,19,49
1,<environment.Job instance at 0x7f528ac65e10>,26,15,[9 4],34,66,81,32,53
1,<environment.Job instance at 0x7f528b243eb0>,7,15,[2 9],9,9,24,0,9
1,<environment.Job instance at 0x7f528b2311e0>,9,18,[2 6],11,24,42,13,24
1,<environment.Job instance at 0x7f528b231820>,17,2,[3 7],20,42,44,22,25
1,<environment.Job instance at 0x7f528b232320>,24,18,[5 3],31,45,63,14,45
1,<environment.Job instance at 0x7f528b232050>,27,2,[2 5],35,45,47,10,45
1,<environment.Job instance at 0x7f528b232820>,30,14,[9 3],38,63,77,25,48
1,<environment.Job instance at 0x7f528b232dc0>,1,17,[4 7],3,3,20,0,3
1,<environment.Job instance at 0x7f528afbd730>,12,13,[4 6],18,20,33,2,18
1,<environment.Job instance at 0x7f52d0bf00a0>,15,14,[7 3],21,33,47,12,21
1,<environment.Job instance at 0x7f52d0bf0730>,16,18,[10  3],22,47,65,25,37
1,<environment.Job instance at 0x7f52d0c73e60>,30,15,[2 9],40,65,80,25,51
1,<environment.Job instance at 0x7f528ad8c9b0>,0,12,[2 8],1,1,13,0,1
1,<environment.Job instance at 0x7f528ad4c820>,10,16,[1 6],14,18,34,4,18
1,<environment.Job instance at 0x7f52d142b0a0>,17,2,[8 2],24,27,29,3,27
1,<environment.Job instance at 0x7f528ace10f0>,2,27,[ 3 10],4,34,61,30,32
1,<environment.Job instance at 0x7f52d0931be0>,23,14,[10  4],34,61,75,27,46
1,<environment.Job instance at 0x7f52d0de75f0>,26,2,[6 4],38,75,77,37,51
1,<environment.Job instance at 0x7f52d0931c80>,1,15,[3 8],2,2,17,0,2
1,<environment.Job instance at 0x7f52d0cdf190>,15,3,[3 9],20,20,23,0,20
1,<environment.Job instance at 0x7f52d0cdf320>,17,1,[6 2],23,23,24,0,23
1,<environment.Job instance at 0x7f52d0cdbaa0>,18,2,[6 5],24,24,26,0,24
1,<environment.Job instance at 0x7f52d0cdb500>,20,17,[ 4 10],26,26,43,0,26
1,<environment.Job instance at 0x7f52d0d06730>,29,18,[8 3],40,43,61,3,40
1,<environment.Job instance at 0x7f52d0d06af0>,31,15,[7 3],42,61,76,19,48
1,<environment.Job instance at 0x7f52d0d065f0>,28,17,[2 6],38,48,65,10,48
1,<environment.Job instance at 0x7f528b111dc0>,1,12,[ 5 10],6,6,18,0,6
1,<environment.Job instance at 0x7f52d0bb9fa0>,9,1,[5 5],17,18,19,1,17
1,<environment.Job instance at 0x7f52d0bb99b0>,11,12,[2 8],19,22,34,3,22
1,<environment.Job instance at 0x7f528b08a370>,22,17,[ 3 10],40,41,58,1,41
1,<environment.Job instance at 0x7f52d0bb9e10>,14,3,[3 9],25,58,61,33,41
1,<environment.Job instance at 0x7f528b08a5a0>,23,13,[7 5],42,61,74,19,45
1,<environment.Job instance at 0x7f52d13340f0>,25,3,[3 5],44,61,64,17,45
1,<environment.Job instance at 0x7f52d1334c30>,26,2,[4 7],45,74,76,29,47
1,<environment.Job instance at 0x7f52d1334fa0>,28,1,[4 9],48,76,77,28,50
1,<environment.Job instance at 0x7f528af6f0f0>,0,3,[3 6],1,1,4,0,1
1,<environment.Job instance at 0x7f52d0f335f0>,5,1,[2 7],7,7,8,0,7
1,<environment.Job instance at 0x7f52d0f33f00>,6,14,[ 1 10],8,8,22,0,8
1,<environment.Job instance at 0x7f52d0f33dc0>,12,25,[1 7],17,22,47,5,18
1,<environment.Job instance at 0x7f52d0fe0e10>,14,18,[1 6],19,47,65,28,36
1,<environment.Job instance at 0x7f528a968c30>,10,18,[10  1],15,65,83,50,54
1,<environment.Job instance at 0x7f528a9da410>,2,3,[10  5],3,3,6,0,3
1,<environment.Job instance at 0x7f528b24c820>,4,12,[7 2],6,6,18,0,6
1,<environment.Job instance at 0x7f52d0d00140>,13,17,[4 7],17,18,35,1,17
1,<environment.Job instance at 0x7f52d0d00190>,15,14,[6 3],19,25,39,6,25
1,<environment.Job instance at 0x7f52d0d005f0>,18,12,[1 6],26,35,47,9,26
1,<environment.Job instance at 0x7f52d0e7f2d0>,21,2,[8 2],29,39,41,10,32
1,<environment.Job instance at 0x7f52d0d4e0f0>,22,3,[5 3],30,41,44,11,35
1,<environment.Job instance at 0x7f528a9600f0>,23,1,[2 9],31,47,48,16,35
1,<environment.Job instance at 0x7f52d0eb8f50>,29,12,[6 5],39,48,60,9,41
1,<environment.Job instance at 0x7f52d08820a0>,0,15,[9 2],1,2,17,1,2
1,<environment.Job instance at 0x7f528a983780>,9,16,[4 8],16,17,33,1,16
1,<environment.Job instance at 0x7f528a983e10>,13,3,[2 5],24,33,36,9,28
1,<environment.Job instance at 0x7f528aa3f190>,16,12,[ 3 10],28,42,54,14,42
1,<environment.Job instance at 0x7f528aa3fc80>,25,1,[3 8],41,54,55,13,42
1,<environment.Job instance at 0x7f528aa3fdc0>,26,15,[5 8],42,55,70,13,43
1,<environment.Job instance at 0x7f528aa1ecd0>,37,3,[1 8],56,70,73,14,57
1,<environment.Job instance at 0x7f528aa1e9b0>,0,18,[4 5],1,1,19,0,1
1,<environment.Job instance at 0x7f52d0b9c500>,8,12,[2 8],12,19,31,7,12
1,<environment.Job instance at 0x7f528ac65050>,9,16,[9 2],13,31,47,18,20
1,<environment.Job instance at 0x7f52d0b18410>,25,16,[3 5],36,47,63,11,37
1,<environment.Job instance at 0x7f528ac35370>,27,15,[3 8],41,63,78,22,49
1,<environment.Job instance at 0x7f52d0bb2820>,2,2,[5 5],6,6,8,0,6
1,<environment.Job instance at 0x7f52d0ceee10>,3,14,[8 2],9,9,23,0,9
1,<environment.Job instance at 0x7f528ae2caa0>,7,12,[4 6],14,23,35,9,14
1,<environment.Job instance at 0x7f52d0add690>,19,21,[3 6],29,35,56,6,33
1,<environment.Job instance at 0x7f52d0add050>,28,13,[1 7],40,56,69,16,47
1,<environment.Job instance at 0x7f528b1567d0>,0,17,[9 5],1,2,19,1,2
1,<environment.Job instance at 0x7f528b1c84b0>,5,18,[5 3],6,19,37,13,12
1,<environment.Job instance at 0x7f528b1c8c30>,14,12,[8 3],22,37,49,15,22
1,<environment.Job instance at 0x7f528b1ae780>,21,18,[6 4],33,49,67,16,38
1,<environment.Job instance at 0x7f528b1c8870>,9,16,[6 3],13,67,83,54,55
1,<environment.Job instance at 0x7f528b1c9460>,1,1,[5 9],5,5,6,0,5
1,<environment.Job instance at 0x7f52d0746960>,8,14,[1 8],18,25,39,7,25
1,<environment.Job instance at 0x7f528a9ea280>,20,14,[1 8],34,39,53,5,34
1,<environment.Job instance at 0x7f528a9ea730>,17,16,[9 1],31,39,55,8,39
1,<environment.Job instance at 0x7f52d0b8a5f0>,22,2,[1 5],36,53,55,17,43
1,<environment.Job instance at 0x7f52d0b8ab90>,21,18,[5 5],35,55,73,20,44
1,<environment.Job instance at 0x7f52d07e4b90>,0,2,[8 3],1,1,3,0,1
1,<environment.Job instance at 0x7f528b15ab40>,4,17,[5 2],5,5,22,0,5
1,<environment.Job instance at 0x7f52d06bb4b0>,9,18,[1 7],11,20,38,9,20
1,<environment.Job instance at 0x7f52d0ffae10>,16,2,[4 8],19,38,40,19,25
1,<environment.Job instance at 0x7f52d0bde960>,14,15,[ 5 10],17,40,55,23,29
1,<environment.Job instance at 0x7f528ae39460>,23,12,[5 8],28,55,67,27,42
1,<environment.Job instance at 0x7f52d0dfd230>,34,14,[9 1],44,67,81,23,52
1,<environment.Job instance at 0x7f52d0dfd0f0>,38,3,[6 3],48,81,84,33,57
1,<environment.Job instance at 0x7f528a963910>,39,1,[1 9],49,67,68,18,57
1,<environment.Job instance at 0x7f52d06d93c0>,3,16,[4 8],6,6,22,0,6
1,<environment.Job instance at 0x7f528b0a0910>,5,16,[6 5],8,22,38,14,9
1,<environment.Job instance at 0x7f52d0a3c6e0>,17,3,[1 6],23,38,41,15,23
1,<environment.Job instance at 0x7f528ac0c280>,16,12,[3 8],22,41,53,19,24
1,<environment.Job instance at 0x7f52d11d4b90>,23,17,[10  4],33,53,70,20,44
1,<environment.Job instance at 0x7f52d0ecd640>,0,14,[4 8],1,1,15,0,1
1,<environment.Job instance at 0x7f52d0ecdd20>,4,16,[6 4],7,15,31,8,7
1,<environment.Job instance at 0x7f52d0ecdb90>,10,13,[9 2],18,31,44,13,21
1,<environment.Job instance at 0x7f528a9fd1e0>,18,14,[5 3],31,44,58,13,32
1,<environment.Job instance at 0x7f52d0ecd410>,12,16,[5 4],23,44,60,21,40
1,<environment.Job instance at 0x7f52d0a83dc0>,24,18,[2 9],41,60,78,19,49
1,<environment.Job instance at 0x7f52d0ebcaa0>,0,1,[3 7],1,1,2,0,1
1,<environment.Job instance at 0x7f528b015640>,12,2,[8 2],17,21,23,4,21
1,<environment.Job instance at 0x7f52d06445f0>,17,12,[1 7],22,27,39,5,27
1,<environment.Job instance at 0x7f52d13bfe60>,18,16,[10  5],24,39,55,15,27
1,<environment.Job instance at 0x7f52d0d8a3c0>,21,1,[9 5],31,55,56,24,49
1,<environment.Job instance at 0x7f52d0bdea50>,22,18,[3 7],32,56,74,24,51
1,<environment.Job instance at 0x7f528b015a50>,15,14,[1 8],20,74,88,54,59
1,<environment.Job instance at 0x7f70c55780f0>,2,14,[5 5],5,5,19,0,5
1,<environment.Job instance at 0x7f70be16faa0>,9,3,[10  4],13,19,22,6,14
1,<environment.Job instance at 0x7f70be16fe60>,11,1,[3 9],15,22,23,7,15
1,<environment.Job instance at 0x7f70be16fd70>,10,16,[5 6],14,23,39,9,16
1,<environment.Job instance at 0x7f70be172550>,15,3,[1 6],21,39,42,18,28
1,<environment.Job instance at 0x7f70be1725f0>,16,15,[7 3],22,39,54,17,28
1,<environment.Job instance at 0x7f70be172a50>,24,18,[4 5],31,54,72,23,48
1,<environment.Job instance at 0x7f70be172dc0>,25,16,[4 7],34,72,88,38,59
1,<environment.Job instance at 0x7f70c54c6320>,11,15,[1 9],20,25,40,5,25
1,<environment.Job instance at 0x7f70c54c3500>,6,18,[9 4],10,40,58,30,30
1,<environment.Job instance at 0x7f70c56f2730>,24,18,[6 5],37,58,76,21,48
1,<environment.Job instance at 0x7f70c56fa820>,29,3,[1 9],46,76,79,30,60
1,<environment.Job instance at 0x7f70c56fa320>,30,15,[5 4],47,79,94,32,65
1,<environment.Job instance at 0x7f707a3fbb90>,0,2,[5 7],4,4,6,0,4
1,<environment.Job instance at 0x7f707a3fb2d0>,4,13,[5 1],9,9,22,0,9
1,<environment.Job instance at 0x7f707a3fb870>,6,16,[8 1],13,22,38,9,13
1,<environment.Job instance at 0x7f707a3fb960>,9,17,[2 9],18,55,72,37,55
1,<environment.Job instance at 0x7f707a471be0>,33,13,[3 5],46,72,85,26,58
1,<environment.Job instance at 0x7f707a471f00>,36,15,[6 2],53,72,87,19,67
1,<environment.Job instance at 0x7f707a55faf0>,0,18,[5 5],1,1,19,0,1
1,<environment.Job instance at 0x7f707a542c80>,9,1,[6 5],13,19,20,6,13
1,<environment.Job instance at 0x7f707a5428c0>,10,1,[8 1],14,20,21,6,14
1,<environment.Job instance at 0x7f707a542370>,12,1,[5 3],17,17,18,0,17
1,<environment.Job instance at 0x7f707a542e60>,13,1,[4 5],18,18,19,0,18
1,<environment.Job instance at 0x7f707a542c30>,14,3,[5 3],19,21,24,2,19
1,<environment.Job instance at 0x7f707a5ecaa0>,4,17,[ 1 10],6,24,41,18,21
1,<environment.Job instance at 0x7f707a40c8c0>,21,14,[5 6],27,41,55,14,27
1,<environment.Job instance at 0x7f707a543be0>,33,14,[5 7],42,55,69,13,47
1,<environment.Job instance at 0x7f707a8e74b0>,36,18,[6 2],45,69,87,24,63
1,<environment.Job instance at 0x7f707a5ecaf0>,0,12,[7 3],1,1,13,0,1
1,<environment.Job instance at 0x7f707a53aa50>,2,12,[5 6],5,13,25,8,6
1,<environment.Job instance at 0x7f707ab2e910>,6,17,[6 2],12,28,45,16,28
1,<environment.Job instance at 0x7f707ab317d0>,20,14,[1 6],31,35,49,4,35
1,<environment.Job instance at 0x7f707ab2ec30>,13,13,[4 6],20,49,62,29,36
1,<environment.Job instance at 0x7f707ab31cd0>,28,12,[8 3],40,62,74,22,56
1,<environment.Job instance at 0x7f707ab31a50>,25,13,[1 8],37,74,87,37,59
1,<environment.Job instance at 0x7f707a6da370>,0,13,[5 8],2,2,15,0,2
1,<environment.Job instance at 0x7f707a6dacd0>,5,12,[2 8],11,15,27,4,11
1,<environment.Job instance at 0x7f70c54989b0>,8,16,[1 6],15,27,43,12,15
1,<environment.Job instance at 0x7f70bedf3780>,12,18,[8 2],20,20,38,0,20
1,<environment.Job instance at 0x7f70be3882d0>,18,16,[5 5],29,43,59,14,30
1,<environment.Job instance at 0x7f70c5498460>,9,18,[7 4],16,59,77,43,54
1,<environment.Job instance at 0x7f70be433a50>,19,14,[8 2],30,77,91,47,62
1,<environment.Job instance at 0x7f707a409140>,0,16,[5 9],1,1,17,0,1
1,<environment.Job instance at 0x7f70be09aa00>,14,2,[5 1],16,16,18,0,16
1,<environment.Job instance at 0x7f70be418eb0>,15,3,[3 9],20,20,23,0,20
1,<environment.Job instance at 0x7f70be551550>,8,17,[5 3],10,23,40,13,23
1,<environment.Job instance at 0x7f707a666be0>,23,2,[ 4 10],31,40,42,9,31
1,<environment.Job instance at 0x7f70bdfb8910>,25,1,[7 1],34,42,43,8,39
1,<environment.Job instance at 0x7f70bea2b2d0>,6,17,[9 4],8,43,60,35,43
1,<environment.Job instance at 0x7f707a47abe0>,31,15,[7 3],42,60,75,18,55
1,<environment.Job instance at 0x7f70bdf150a0>,35,13,[9 4],54,75,88,21,63
1,<environment.Job instance at 0x7f70bdf150f0>,0,13,[1 7],1,1,14,0,1
1,<environment.Job instance at 0x7f70bdf15fa0>,3,12,[9 3],6,6,18,0,6
1,<environment.Job instance at 0x7f707aab4fa0>,10,18,[ 4 10],17,30,48,13,30
1,<environment.Job instance at 0x7f707a4bd820>,21,2,[4 7],35,48,50,13,37
1,<environment.Job instance at 0x7f707a4bda00>,22,2,[2 7],37,50,52,13,38
1,<environment.Job instance at 0x7f707a4c00f0>,24,13,[9 4],39,52,65,13,39
1,<environment.Job instance at 0x7f707a4c0320>,26,2,[5 9],42,65,67,23,42
1,<environment.Job instance at 0x7f707a4bde60>,17,17,[ 3 10],30,67,84,37,62
1,<environment.Job instance at 0x7f707a4de7d0>,3,14,[10  5],5,5,19,0,5
1,<environment.Job instance at 0x7f707a92cd20>,2,17,[2 9],4,19,36,15,9
1,<environment.Job instance at 0x7f707a82b410>,7,18,[8 2],11,36,54,25,25
1,<environment.Job instance at 0x7f70be62cd20>,19,1,[5 1],30,30,31,0,30
1,<environment.Job instance at 0x7f70be62ceb0>,21,18,[ 3 10],32,54,72,22,43
1,<environment.Job instance at 0x7f707a957c80>,30,1,[1 7],44,51,52,7,51
1,<environment.Job instance at 0x7f707a9578c0>,31,12,[7 2],46,72,84,26,55
1,<environment.Job instance at 0x7f70be62c320>,16,15,[1 8],25,72,87,47,58
1,<environment.Job instance at 0x7f70be672780>,0,1,[2 9],1,1,2,0,1
1,<environment.Job instance at 0x7f707a309eb0>,1,2,[5 7],2,2,4,0,2
1,<environment.Job instance at 0x7f70bec352d0>,3,16,[3 7],4,4,20,0,4
1,<environment.Job instance at 0x7f70be303aa0>,4,28,[5 6],5,22,50,17,22
1,<environment.Job instance at 0x7f707a6bfa00>,19,15,[9 2],31,50,65,19,43
1,<environment.Job instance at 0x7f707a78af50>,23,3,[4 8],39,65,68,26,43
1,<environment.Job instance at 0x7f707a822190>,18,13,[10  3],30,68,81,38,52
1,<environment.Job instance at 0x7f707a406820>,1,15,[5 8],2,2,17,0,2
1,<environment.Job instance at 0x7f707a4099b0>,5,2,[1 5],8,17,19,9,8
1,<environment.Job instance at 0x7f70bed4e3c0>,11,1,[2 5],15,17,18,2,15
1,<environment.Job instance at 0x7f707a722050>,13,2,[8 1],18,18,20,0,18
1,<environment.Job instance at 0x7f70be83efa0>,15,18,[4 5],21,21,39,0,21
1,<environment.Job instance at 0x7f70bee5ef50>,24,16,[9 2],33,39,55,6,33
1,<environment.Job instance at 0x7f70bec38190>,32,14,[4 6],44,55,69,11,44
1,<environment.Job instance at 0x7f70beb935a0>,36,2,[4 6],51,69,71,18,55
1,<environment.Job instance at 0x7f70bec38d20>,34,14,[5 7],46,71,85,25,56
1,<environment.Job instance at 0x7f70bec9a050>,39,3,[6 1],54,58,61,4,58
1,<environment.Job instance at 0x7f707a406050>,0,19,[6 5],1,1,20,0,1
1,<environment.Job instance at 0x7f707a507e10>,7,1,[10  3],9,20,21,11,10
1,<environment.Job instance at 0x7f707a52d050>,14,1,[ 1 10],21,21,22,0,21
1,<environment.Job instance at 0x7f707a52d460>,16,12,[4 6],24,25,37,1,25
1,<environment.Job instance at 0x7f707a507fa0>,9,15,[10  2],11,37,52,26,26
1,<environment.Job instance at 0x7f707a52dcd0>,19,3,[5 5],29,52,55,23,29
1,<environment.Job instance at 0x7f707a517910>,30,1,[10  1],43,55,56,12,51
1,<environment.Job instance at 0x7f707a5179b0>,31,13,[7 1],44,56,69,12,53
1,<environment.Job instance at 0x7f707a5178c0>,32,12,[5 5],45,69,81,24,59
1,<environment.Job instance at 0x7f707a517dc0>,36,2,[3 6],49,81,83,32,68
1,<environment.Job instance at 0x7f70be834e10>,0,17,[9 5],1,2,19,1,2
1,<environment.Job instance at 0x7f70be834460>,11,19,[3 8],15,19,38,4,16
1,<environment.Job instance at 0x7f70be834e60>,8,15,[10  3],12,38,53,26,25
1,<environment.Job instance at 0x7f70becb75f0>,27,18,[5 8],45,53,71,8,45
1,<environment.Job instance at 0x7f70becc00f0>,29,14,[ 2 10],49,71,85,22,68
1,<environment.Job instance at 0x7f70becea550>,30,2,[5 4],52,85,87,33,69
1,<environment.Job instance at 0x7f70beb9b0a0>,1,1,[1 8],3,3,4,0,3
1,<environment.Job instance at 0x7f70beb9baf0>,4,14,[1 8],8,8,22,0,8
1,<environment.Job instance at 0x7f70beb9ba00>,7,28,[7 1],14,24,52,10,24
1,<environment.Job instance at 0x7f707a8bb730>,16,14,[1 8],24,34,48,10,34
1,<environment.Job instance at 0x7f70c56f50f0>,24,17,[5 5],34,52,69,18,40
1,<environment.Job instance at 0x7f707a4e6c30>,39,17,[5 2],55,55,72,0,55
1,<environment.Job instance at 0x7f70c56f5d70>,27,24,[4 9],37,72,96,35,67
1,<environment.Job instance at 0x7f707a6ee870>,2,16,[3 6],3,3,19,0,3
1,<environment.Job instance at 0x7f707a860910>,16,22,[7 4],23,25,47,2,25
1,<environment.Job instance at 0x7f707a860870>,17,14,[9 1],24,47,61,23,37
1,<environment.Job instance at 0x7f707a860f50>,23,15,[3 7],32,61,76,29,49
1,<environment.Job instance at 0x7f707aa595a0>,28,18,[8 2],38,76,94,38,66
1,<environment.Job instance at 0x7f707aa3a910>,0,13,[3 8],1,1,14,0,1
1,<environment.Job instance at 0x7f70bed1e2d0>,9,18,[10  4],16,20,38,4,20
1,<environment.Job instance at 0x7f70bed1eaa0>,17,17,[6 4],28,38,55,10,36
1,<environment.Job instance at 0x7f70bed1e320>,8,14,[9 5],15,55,69,40,48
1,<environment.Job instance at 0x7f707aa17cd0>,23,16,[6 4],37,69,85,32,58
1,<environment.Job instance at 0x7f70beb20f00>,1,2,[2 6],5,5,7,0,5
1,<environment.Job instance at 0x7f70be4aa780>,2,12,[4 7],6,7,19,1,7
1,<environment.Job instance at 0x7f707a8525f0>,5,13,[4 5],10,19,32,9,10
1,<environment.Job instance at 0x7f70be2e0c80>,11,1,[7 5],20,32,33,12,20
1,<environment.Job instance at 0x7f70be254640>,8,18,[4 9],15,33,51,18,22
1,<environment.Job instance at 0x7f707a293f50>,25,14,[7 5],38,51,65,13,40
1,<environment.Job instance at 0x7f707ab21eb0>,27,14,[1 8],40,65,79,25,52
1,<environment.Job instance at 0x7f70be75e730>,1,3,[1 7],2,2,5,0,2
1,<environment.Job instance at 0x7f70be291370>,4,16,[9 4],6,11,27,5,11
1,<environment.Job instance at 0x7f70beb2c230>,14,16,[4 8],20,27,43,7,20
1,<environment.Job instance at 0x7f70beb2de10>,25,17,[7 3],33,43,60,10,34
1,<environment.Job instance at 0x7f70beb2ab90>,33,17,[8 3],45,60,77,15,56
1,<environment.Job instance at 0x7f70beb2ae60>,37,1,[8 4],51,77,78,26,67
1,<environment.Job instance at 0x7f707aa02dc0>,11,3,[9 5],18,18,21,0,18
1,<environment.Job instance at 0x7f707aa023c0>,12,18,[1 7],19,21,39,2,19
1,<environment.Job instance at 0x7f707aa02550>,14,13,[6 5],22,39,52,17,24
1,<environment.Job instance at 0x7f707aa815f0>,26,15,[9 3],39,52,67,13,39
1,<environment.Job instance at 0x7f707aa81f50>,24,18,[9 2],35,67,85,32,58
1,<environment.Job instance at 0x7f707a28b410>,0,3,[5 2],1,1,4,0,1
1,<environment.Job instance at 0x7f707a3a1d20>,4,14,[5 3],5,5,19,0,5
1,<environment.Job instance at 0x7f70be1ab1e0>,8,14,[ 2 10],11,19,33,8,17
1,<environment.Job instance at 0x7f70bec417d0>,10,14,[3 7],16,33,47,17,20
1,<environment.Job instance at 0x7f707a45f410>,20,1,[2 7],29,47,48,18,32
1,<environment.Job instance at 0x7f70be130be0>,15,13,[4 7],22,48,61,26,32
1,<environment.Job instance at 0x7f70bee4cf50>,24,12,[2 8],33,61,73,28,46
1,<environment.Job instance at 0x7f70bee0c0a0>,30,12,[4 5],39,73,85,34,57
1,<environment.Job instance at 0x7f4585dddf50>,1,15,[ 4 10],4,4,19,0,4
1,<environment.Job instance at 0x7f4585dddd70>,2,14,[5 5],5,19,33,14,5
1,<environment.Job instance at 0x7f457e9d5460>,17,15,[7 5],23,35,50,12,35
1,<environment.Job instance at 0x7f457e9d54b0>,18,16,[5 6],24,50,66,26,38
1,<environment.Job instance at 0x7f457e9d2f00>,11,1,[3 9],15,66,67,51,38
1,<environment.Job instance at 0x7f457e9d5780>,21,14,[6 2],28,67,81,39,52
1,<environment.Job instance at 0x7f457e9d59b0>,24,18,[4 5],31,67,85,36,58
1,<environment.Job instance at 0x7f457e9d5e60>,27,12,[5 5],36,81,93,45,64
1,<environment.Job instance at 0x7f457e9d94b0>,33,14,[10  3],47,93,107,46,78
1,<environment.Job instance at 0x7f4585e0b0a0>,4,15,[1 9],10,10,25,0,10
1,<environment.Job instance at 0x7f4585f5d3c0>,11,13,[2 6],20,25,38,5,20
1,<environment.Job instance at 0x7f4585f5d4b0>,12,14,[5 3],21,25,39,4,25
1,<environment.Job instance at 0x7f4585f5d500>,16,15,[2 5],26,38,53,12,26
1,<environment.Job instance at 0x7f4585d29230>,23,15,[5 4],37,39,54,2,37
1,<environment.Job instance at 0x7f4585f5df50>,13,1,[3 7],23,54,55,31,44
1,<environment.Job instance at 0x7f4585d29aa0>,29,17,[1 7],43,55,72,12,45
1,<environment.Job instance at 0x7f4585d29b90>,27,18,[4 5],41,72,90,31,68
1,<environment.Job instance at 0x7f453acc1730>,47,14,[ 4 10],72,90,104,18,76
1,<environment.Job instance at 0x7f453acc1050>,1,2,[5 2],2,2,4,0,2
1,<environment.Job instance at 0x7f453adac0a0>,2,2,[1 6],3,3,5,0,3
1,<environment.Job instance at 0x7f453acc1730>,5,24,[6 3],7,7,31,0,7
1,<environment.Job instance at 0x7f453adac370>,11,16,[3 5],13,14,30,1,14
1,<environment.Job instance at 0x7f453ad00a50>,22,13,[3 5],26,42,55,16,42
1,<environment.Job instance at 0x7f453ad009b0>,24,18,[ 1 10],31,55,73,24,45
1,<environment.Job instance at 0x7f453ad16dc0>,31,2,[3 6],40,73,75,33,52
1,<environment.Job instance at 0x7f453ad16a50>,37,13,[7 4],46,73,86,27,57
1,<environment.Job instance at 0x7f453ad16e60>,40,17,[8 5],50,86,103,36,74
1,<environment.Job instance at 0x7f453ada9640>,7,15,[2 9],9,9,24,0,9
1,<environment.Job instance at 0x7f453ada9f00>,8,13,[5 5],10,24,37,14,12
1,<environment.Job instance at 0x7f453accc640>,23,13,[2 8],28,37,50,9,36
1,<environment.Job instance at 0x7f453accc870>,19,17,[6 2],22,37,54,15,37
1,<environment.Job instance at 0x7f453ada9820>,4,12,[5 6],5,54,66,49,38
1,<environment.Job instance at 0x7f4585f5ce60>,32,12,[7 3],41,66,78,25,51
1,<environment.Job instance at 0x7f453accc730>,24,18,[5 3],31,78,96,47,74
1,<environment.Job instance at 0x7f453b161af0>,0,14,[7 3],1,1,15,0,1
1,<environment.Job instance at 0x7f453b0c1230>,13,1,[1 8],18,18,19,0,18
1,<environment.Job instance at 0x7f453b0d5f00>,8,18,[3 9],13,25,43,12,25
1,<environment.Job instance at 0x7f453b0c1690>,17,13,[ 4 10],22,43,56,21,27
1,<environment.Job instance at 0x7f453b0c17d0>,18,13,[1 9],24,56,69,32,41
1,<environment.Job instance at 0x7f453b0d0550>,30,16,[1 6],45,69,85,24,59
1,<environment.Job instance at 0x7f453b0d0910>,31,18,[7 4],46,69,87,23,59
1,<environment.Job instance at 0x7f453b0d0b90>,36,15,[7 4],53,87,102,34,73
1,<environment.Job instance at 0x7f453b0d07d0>,1,2,[3 8],2,2,4,0,2
1,<environment.Job instance at 0x7f4583032910>,5,13,[5 6],6,6,19,0,6
1,<environment.Job instance at 0x7f457ecb8a50>,8,1,[4 9],9,19,20,10,9
1,<environment.Job instance at 0x7f45832d7d70>,14,13,[7 5],18,20,33,2,20
1,<environment.Job instance at 0x7f457e7b55f0>,17,15,[3 8],22,33,48,11,22
1,<environment.Job instance at 0x7f457ecb8690>,10,2,[3 8],11,48,50,37,30
1,<environment.Job instance at 0x7f457ecb8410>,13,18,[8 4],17,50,68,33,41
1,<environment.Job instance at 0x7f457ec8f280>,36,17,[ 4 10],46,68,85,22,60
1,<environment.Job instance at 0x7f457ec9f870>,4,18,[4 7],5,85,103,80,77
1,<environment.Job instance at 0x7f457eefcf00>,3,18,[7 3],8,8,26,0,8
1,<environment.Job instance at 0x7f457eefcbe0>,12,28,[ 5 10],22,47,75,25,47
1,<environment.Job instance at 0x7f45830cb0f0>,32,14,[1 8],53,75,89,22,72
1,<environment.Job instance at 0x7f45830cb820>,34,1,[3 9],55,89,90,34,72
1,<environment.Job instance at 0x7f45830cb190>,1,1,[3 5],3,3,4,0,3
1,<environment.Job instance at 0x7f457e8162d0>,2,17,[2 9],4,4,21,0,4
1,<environment.Job instance at 0x7f457eb455f0>,4,12,[ 5 10],6,21,33,15,7
1,<environment.Job instance at 0x7f453af26aa0>,8,13,[2 7],12,33,46,21,26
1,<environment.Job instance at 0x7f453ab93b40>,17,3,[4 7],27,46,49,19,27
1,<environment.Job instance at 0x7f453ab6e370>,18,1,[ 5 10],29,49,50,20,29
1,<environment.Job instance at 0x7f453afae690>,23,1,[4 5],36,50,51,14,38
1,<environment.Job instance at 0x7f453afae550>,24,14,[ 2 10],38,51,65,13,38
1,<environment.Job instance at 0x7f453afaecd0>,26,2,[5 9],40,65,67,25,44
1,<environment.Job instance at 0x7f453afcf690>,27,2,[9 4],41,67,69,26,44
1,<environment.Job instance at 0x7f453afb1d20>,34,12,[7 5],51,69,81,18,52
1,<environment.Job instance at 0x7f453ad98eb0>,15,14,[9 5],24,81,95,57,69
1,<environment.Job instance at 0x7f457eb04320>,0,18,[5 5],1,1,19,0,1
1,<environment.Job instance at 0x7f457eb04280>,2,15,[2 5],7,10,25,3,10
1,<environment.Job instance at 0x7f457ea0d140>,14,2,[1 9],27,28,30,1,28
1,<environment.Job instance at 0x7f457ea0d410>,19,15,[2 8],33,41,56,8,41
1,<environment.Job instance at 0x7f458327e8c0>,21,16,[9 2],38,56,72,18,43
1,<environment.Job instance at 0x7f457ea0d500>,18,12,[3 8],32,72,84,40,60
1,<environment.Job instance at 0x7f4583406f00>,29,3,[2 7],50,84,87,34,61
1,<environment.Job instance at 0x7f4583557140>,36,1,[3 8],61,87,88,26,63
1,<environment.Job instance at 0x7f4583406550>,28,12,[3 9],49,88,100,39,74
1,<environment.Job instance at 0x7f45834a7410>,0,18,[4 5],1,1,19,0,1
1,<environment.Job instance at 0x7f453b1752d0>,9,16,[9 2],13,19,35,6,19
1,<environment.Job instance at 0x7f453aaf15a0>,18,12,[8 5],25,35,47,10,25
1,<environment.Job instance at 0x7f453aaf13c0>,20,28,[8 4],29,47,75,18,47
1,<environment.Job instance at 0x7f457e94a5a0>,32,17,[6 2],48,75,92,27,63
1,<environment.Job instance at 0x7f457e9d58c0>,2,12,[2 5],3,3,15,0,3
1,<environment.Job instance at 0x7f453aaa4280>,7,21,[3 6],9,15,36,6,9
1,<environment.Job instance at 0x7f458347a140>,23,1,[5 5],29,36,37,7,32
1,<environment.Job instance at 0x7f458347a9b0>,24,3,[8 2],30,37,40,7,32
1,<environment.Job instance at 0x7f457ed31780>,25,1,[1 5],32,36,37,4,32
1,<environment.Job instance at 0x7f457e852960>,26,1,[3 6],33,40,41,7,33
1,<environment.Job instance at 0x7f453b13beb0>,16,13,[1 7],20,41,54,21,38
1,<environment.Job instance at 0x7f453b13b410>,21,13,[3 9],27,54,67,27,39
1,<environment.Job instance at 0x7f457ec091e0>,36,18,[2 8],48,67,85,19,56
1,<environment.Job instance at 0x7f458360caf0>,1,18,[5 8],5,5,23,0,5
1,<environment.Job instance at 0x7f453acaccd0>,31,27,[5 8],53,76,103,23,76
1,<environment.Job instance at 0x7f453acacfa0>,1,2,[5 9],2,2,4,0,2
1,<environment.Job instance at 0x7f45834f4050>,3,1,[7 4],4,4,5,0,4
1,<environment.Job instance at 0x7f45834f4370>,5,24,[4 8],6,9,33,3,9
1,<environment.Job instance at 0x7f453ac19b40>,15,18,[9 4],18,33,51,15,24
1,<environment.Job instance at 0x7f453ac19500>,22,13,[3 5],26,51,64,25,38
1,<environment.Job instance at 0x7f45833bbfa0>,27,17,[7 3],34,51,68,17,40
1,<environment.Job instance at 0x7f453b11f820>,32,13,[1 8],42,68,81,26,65
1,<environment.Job instance at 0x7f453ac19e60>,23,12,[5 8],28,81,93,53,67
1,<environment.Job instance at 0x7f453b160730>,0,12,[3 8],2,2,14,0,2
1,<environment.Job instance at 0x7f457ea53870>,8,13,[ 2 10],15,15,28,0,15
1,<environment.Job instance at 0x7f4582faacd0>,16,15,[8 2],30,30,45,0,30
1,<environment.Job instance at 0x7f4582faa280>,18,12,[8 4],32,45,57,13,39
1,<environment.Job instance at 0x7f4582faa410>,22,3,[2 9],36,57,60,21,44
1,<environment.Job instance at 0x7f4582faa1e0>,14,14,[9 5],25,60,74,35,48
1,<environment.Job instance at 0x7f453abd9d70>,29,16,[6 4],47,76,92,29,76
1,<environment.Job instance at 0x7f453abd9780>,25,14,[4 8],41,92,106,51,77
1,<environment.Job instance at 0x7f458341dc30>,0,18,[2 9],1,1,19,0,1
1,<environment.Job instance at 0x7f458341d320>,2,12,[4 7],6,19,31,13,6
1,<environment.Job instance at 0x7f453aaa5eb0>,12,1,[3 7],21,32,33,11,32
1,<environment.Job instance at 0x7f453aab2550>,18,14,[5 1],29,46,60,17,46
1,<environment.Job instance at 0x7f453aab25f0>,19,15,[1 8],30,48,63,18,48
1,<environment.Job instance at 0x7f453aab2b90>,25,14,[7 5],38,63,77,25,55
1,<environment.Job instance at 0x7f453aab2cd0>,30,16,[10  5],44,77,93,33,64
1,<environment.Job instance at 0x7f453aac3460>,0,12,[2 7],1,1,13,0,1
1,<environment.Job instance at 0x7f453aab2e60>,1,2,[4 8],2,13,15,11,2
1,<environment.Job instance at 0x7f457ea571e0>,5,16,[4 8],10,15,31,5,15
1,<environment.Job instance at 0x7f457ea57780>,8,12,[ 1 10],14,31,43,17,21
1,<environment.Job instance at 0x7f453ab3f960>,21,17,[10  2],28,43,60,15,31
1,<environment.Job instance at 0x7f457ea57fa0>,9,13,[7 1],15,60,73,45,47
1,<environment.Job instance at 0x7f453ab3f690>,31,14,[4 8],44,73,87,29,63
1,<environment.Job instance at 0x7f45833435a0>,33,16,[6 1],46,73,89,27,64
1,<environment.Job instance at 0x7f4583343500>,45,12,[5 8],62,89,101,27,76
1,<environment.Job instance at 0x7f4583394eb0>,0,13,[6 5],2,2,15,0,2
1,<environment.Job instance at 0x7f45834560f0>,11,13,[5 5],18,18,31,0,18
1,<environment.Job instance at 0x7f457ec0f640>,13,14,[6 3],20,31,45,11,21
1,<environment.Job instance at 0x7f458360c0f0>,25,12,[8 2],38,45,57,7,38
1,<environment.Job instance at 0x7f453ad98e60>,14,28,[8 1],23,70,98,47,70
1,<environment.Job instance at 0x7f453ac13640>,0,15,[1 9],1,1,16,0,1
1,<environment.Job instance at 0x7f4583394820>,3,1,[ 1 10],4,16,17,12,4
1,<environment.Job instance at 0x7f457e8d82d0>,7,16,[4 9],8,17,33,9,9
1,<environment.Job instance at 0x7f45830f94b0>,19,18,[9 1],25,33,51,8,26
1,<environment.Job instance at 0x7f457ea3e190>,13,14,[8 2],15,51,65,36,36
1,<environment.Job instance at 0x7f453b1a7960>,30,12,[4 9],36,65,77,29,55
1,<environment.Job instance at 0x7f453b1d1870>,39,15,[3 6],51,77,92,26,63
1,<environment.Job instance at 0x7f457ec47280>,3,16,[3 6],7,7,23,0,7
1,<environment.Job instance at 0x7f457ec47460>,5,17,[7 3],9,10,27,1,10
1,<environment.Job instance at 0x7f4583703e60>,11,14,[9 2],16,27,41,11,16
1,<environment.Job instance at 0x7f453b329e60>,17,2,[10  1],26,41,43,15,26
1,<environment.Job instance at 0x7f453b3298c0>,21,17,[5 2],33,43,60,10,33
1,<environment.Job instance at 0x7f457ee93a00>,24,14,[3 5],37,43,57,6,37
1,<environment.Job instance at 0x7f457ee93af0>,30,3,[5 8],45,57,60,12,47
1,<environment.Job instance at 0x7f453b0d5dc0>,32,15,[3 5],47,60,75,13,50
1,<environment.Job instance at 0x7f453b0d56e0>,33,16,[5 5],48,60,76,12,58
1,<environment.Job instance at 0x7f453b329230>,20,16,[8 2],30,76,92,46,65
1,<environment.Job instance at 0x7f457ee330a0>,1,2,[1 8],3,3,5,0,3
1,<environment.Job instance at 0x7f457e9f6b40>,2,17,[7 3],5,5,22,0,5
1,<environment.Job instance at 0x7f457e9f6af0>,7,17,[10  2],11,22,39,11,11
1,<environment.Job instance at 0x7f45834cb910>,15,15,[3 8],27,39,54,12,27
1,<environment.Job instance at 0x7f457eca4cd0>,21,15,[8 5],35,54,69,19,44
1,<environment.Job instance at 0x7f457eca4c30>,24,2,[4 6],38,69,71,31,47
1,<environment.Job instance at 0x7f457eca4870>,28,13,[5 5],43,71,84,28,59
1,<environment.Job instance at 0x7f453ac1b460>,33,17,[ 5 10],51,84,101,33,74
1,<environment.Job instance at 0x7f095a63dc30>,1,15,[ 4 10],4,4,19,0,4
1,<environment.Job instance at 0x7f095322f2d0>,3,1,[7 2],6,19,20,13,6
1,<environment.Job instance at 0x7f095322f5f0>,7,21,[3 6],11,19,40,8,14
1,<environment.Job instance at 0x7f095322f4b0>,6,18,[8 4],10,40,58,30,32
1,<environment.Job instance at 0x7f095322f960>,16,15,[7 3],22,58,73,36,44
1,<environment.Job instance at 0x7f0953233320>,23,15,[7 4],30,73,88,43,59
1,<environment.Job instance at 0x7f095322fdc0>,18,16,[5 6],24,88,104,64,82
1,<environment.Job instance at 0x7f09532339b0>,30,1,[2 6],41,85,86,44,85
1,<environment.Job instance at 0x7f0953233690>,1,18,[6 3],2,2,20,0,2
1,<environment.Job instance at 0x7f095a7b28c0>,6,13,[2 6],10,10,23,0,10
1,<environment.Job instance at 0x7f095a667e60>,14,16,[5 2],20,24,40,4,24
1,<environment.Job instance at 0x7f095a7b5320>,17,3,[1 9],26,40,43,14,26
1,<environment.Job instance at 0x7f095a669d20>,21,2,[2 7],30,30,32,0,30
1,<environment.Job instance at 0x7f095a669cd0>,23,1,[7 4],32,43,44,11,32
1,<environment.Job instance at 0x7f095a669820>,22,18,[4 5],31,44,62,13,33
1,<environment.Job instance at 0x7f095a7b22d0>,4,13,[4 9],7,62,75,55,50
1,<environment.Job instance at 0x7f095a7aee60>,13,18,[8 1],18,75,93,57,64
1,<environment.Job instance at 0x7f095a7a8640>,46,17,[2 9],68,84,101,16,84
1,<environment.Job instance at 0x7f095a63d190>,47,12,[5 6],70,101,113,31,84
1,<environment.Job instance at 0x7f095a668aa0>,1,2,[8 3],2,2,4,0,2
1,<environment.Job instance at 0x7f090f521b40>,3,2,[5 3],4,4,6,0,4
1,<environment.Job instance at 0x7f090f521f00>,5,13,[3 5],6,6,19,0,6
1,<environment.Job instance at 0x7f090f51a870>,11,22,[8 4],16,19,41,3,16
1,<environment.Job instance at 0x7f090f5a9690>,18,3,[7 5],24,41,44,17,26
1,<environment.Job instance at 0x7f090f5a9f50>,20,13,[7 4],26,44,57,18,28
1,<environment.Job instance at 0x7f090f51a960>,17,17,[3 5],23,41,58,18,34
1,<environment.Job instance at 0x7f090f5a9d70>,26,15,[9 4],34,58,73,24,44
1,<environment.Job instance at 0x7f090f56ceb0>,35,15,[3 8],46,73,88,27,60
1,<environment.Job instance at 0x7f090f51a460>,16,16,[2 7],22,88,104,66,76
1,<environment.Job instance at 0x7f090f5d2f00>,1,16,[1 6],2,2,18,0,2
1,<environment.Job instance at 0x7f090fa25f00>,4,3,[9 2],6,16,19,10,16
1,<environment.Job instance at 0x7f090f50ab40>,12,12,[4 8],19,19,31,0,19
1,<environment.Job instance at 0x7f090fa256e0>,6,14,[9 3],8,31,45,23,22
1,<environment.Job instance at 0x7f090f50a320>,19,23,[2 9],28,45,68,17,43
1,<environment.Job instance at 0x7f095a63d280>,30,18,[9 2],44,68,86,24,57
1,<environment.Job instance at 0x7f090f9fd460>,33,13,[1 8],47,68,81,21,58
1,<environment.Job instance at 0x7f090f9fdf00>,37,14,[7 3],51,86,100,35,73
1,<environment.Job instance at 0x7f090fa0bd20>,11,12,[8 2],16,100,112,84,86
1,<environment.Job instance at 0x7f090f6e95a0>,0,12,[2 8],1,1,13,0,1
1,<environment.Job instance at 0x7f090fbd9e60>,7,18,[8 2],10,10,28,0,10
1,<environment.Job instance at 0x7f090fbe9690>,13,16,[5 5],19,28,44,9,19
1,<environment.Job instance at 0x7f090fbe9c30>,18,15,[6 4],27,44,59,17,30
1,<environment.Job instance at 0x7f090f6e9be0>,3,16,[1 6],5,44,60,39,40
1,<environment.Job instance at 0x7f090fbe9cd0>,23,14,[10  4],34,60,74,26,45
1,<environment.Job instance at 0x7f090fbd2280>,24,1,[10  3],35,74,75,39,47
1,<environment.Job instance at 0x7f090fbd2a00>,33,18,[4 7],45,75,93,30,67
1,<environment.Job instance at 0x7f090fbd2f50>,40,13,[8 1],54,93,106,39,81
1,<environment.Job instance at 0x7f0955eb4d70>,5,17,[2 6],8,12,29,4,12
1,<environment.Job instance at 0x7f0955eb4b90>,6,18,[8 3],10,14,32,4,14
1,<environment.Job instance at 0x7f0955eb4a00>,8,15,[7 3],12,32,47,20,24
1,<environment.Job instance at 0x7f09557c7460>,16,1,[6 5],29,47,48,18,29
1,<environment.Job instance at 0x7f0955eb4820>,14,15,[9 3],26,48,63,22,35
1,<environment.Job instance at 0x7f095a660d70>,23,13,[1 7],41,48,61,7,48
1,<environment.Job instance at 0x7f090f828280>,25,2,[7 1],45,63,65,18,48
1,<environment.Job instance at 0x7f090f828550>,26,12,[9 3],46,65,77,19,48
1,<environment.Job instance at 0x7f095a660f00>,21,18,[7 3],38,77,95,39,73
1,<environment.Job instance at 0x7f090f7f3460>,36,16,[1 5],62,76,92,14,76
1,<environment.Job instance at 0x7f0955976550>,7,18,[8 3],9,10,28,1,10
1,<environment.Job instance at 0x7f095a7ba3c0>,11,1,[9 5],16,28,29,12,23
1,<environment.Job instance at 0x7f090f7f3460>,3,15,[7 4],5,29,44,24,23
1,<environment.Job instance at 0x7f090f7d76e0>,19,14,[10  5],25,44,58,19,33
1,<environment.Job instance at 0x7f0952fd8fa0>,21,3,[8 4],27,58,61,31,36
1,<environment.Job instance at 0x7f090f828690>,27,18,[8 4],35,61,79,26,52
1,<environment.Job instance at 0x7f090f660f00>,31,14,[9 5],44,79,93,35,68
1,<environment.Job instance at 0x7f090f660870>,34,1,[ 5 10],49,93,94,44,78
1,<environment.Job instance at 0x7f090f660050>,37,18,[ 3 10],52,94,112,42,84
1,<environment.Job instance at 0x7f095344b320>,3,16,[3 7],4,4,20,0,4
1,<environment.Job instance at 0x7f090f3bb500>,7,16,[6 2],10,10,26,0,10
1,<environment.Job instance at 0x7f090f3bb820>,10,15,[2 5],17,20,35,3,17
1,<environment.Job instance at 0x7f090f3bb4b0>,6,12,[6 5],9,26,38,17,21
1,<environment.Job instance at 0x7f090f3bbfa0>,16,2,[8 1],28,38,40,10,28
1,<environment.Job instance at 0x7f090f3bd1e0>,17,18,[7 3],29,40,58,11,30
1,<environment.Job instance at 0x7f090f3bdcd0>,27,15,[2 8],43,58,73,15,44
1,<environment.Job instance at 0x7f090f3bd960>,26,12,[3 8],42,73,85,31,67
1,<environment.Job instance at 0x7f090f3e3870>,37,3,[2 7],60,85,88,25,69
1,<environment.Job instance at 0x7f090f3e3aa0>,39,3,[8 2],62,70,73,8,70
1,<environment.Job instance at 0x7f090f3e3c30>,42,1,[10  5],67,88,89,21,72
1,<environment.Job instance at 0x7f090f3e3a00>,38,1,[5 5],61,89,90,28,73
1,<environment.Job instance at 0x7f090f3e3960>,43,2,[5 1],69,73,75,4,73
1,<environment.Job instance at 0x7f090f3e3e10>,45,15,[5 8],72,90,105,18,78
1,<environment.Job instance at 0x7f090f3ef7d0>,0,18,[4 5],1,1,19,0,1
1,<environment.Job instance at 0x7f090fadfe10>,8,12,[2 8],12,19,31,7,12
1,<environment.Job instance at 0x7f09532c00a0>,13,16,[1 9],19,31,47,12,20
1,<environment.Job instance at 0x7f09532ef2d0>,17,14,[4 6],24,47,61,23,32
1,<environment.Job instance at 0x7f090f4c3b40>,25,16,[3 5],36,61,77,25,48
1,<environment.Job instance at 0x7f09530839b0>,30,18,[6 2],45,67,85,22,67
1,<environment.Job instance at 0x7f09532ef640>,22,18,[3 8],32,77,95,45,67
1,<environment.Job instance at 0x7f0953332be0>,14,14,[9 4],20,95,109,75,87
1,<environment.Job instance at 0x7f090f2fb6e0>,0,2,[1 7],2,2,4,0,2
1,<environment.Job instance at 0x7f0955808eb0>,2,13,[7 1],4,4,17,0,4
1,<environment.Job instance at 0x7f090f49f1e0>,18,1,[3 6],23,26,27,3,26
1,<environment.Job instance at 0x7f0953597a00>,19,3,[10  2],28,28,31,0,28
1,<environment.Job instance at 0x7f095356d550>,20,17,[6 5],29,32,49,3,32
1,<environment.Job instance at 0x7f090f49f230>,13,13,[3 9],17,49,62,32,36
1,<environment.Job instance at 0x7f0955c74b40>,31,16,[6 3],43,62,78,19,50
1,<environment.Job instance at 0x7f0955c74500>,36,12,[8 3],52,78,90,26,64
1,<environment.Job instance at 0x7f09535e0b90>,22,17,[9 5],31,90,107,59,82
1,<environment.Job instance at 0x7f090f8a9d70>,1,1,[5 9],5,5,6,0,5
1,<environment.Job instance at 0x7f0955999aa0>,8,14,[1 8],18,28,42,10,28
1,<environment.Job instance at 0x7f09559cf960>,17,16,[9 1],31,35,51,4,35
1,<environment.Job instance at 0x7f095301d0a0>,22,2,[1 5],36,42,44,6,36
1,<environment.Job instance at 0x7f095304c5f0>,24,1,[1 5],39,44,45,5,39
1,<environment.Job instance at 0x7f095304c3c0>,25,1,[3 6],40,51,52,11,40
1,<environment.Job instance at 0x7f095304caa0>,26,1,[6 1],41,51,52,10,41
1,<environment.Job instance at 0x7f095304c6e0>,28,17,[5 5],44,52,69,8,44
1,<environment.Job instance at 0x7f095594aeb0>,21,18,[5 5],35,61,79,26,61
1,<environment.Job instance at 0x7f09530537d0>,43,17,[5 2],65,69,86,4,66
1,<environment.Job instance at 0x7f0953053820>,44,24,[4 8],66,79,103,13,74
1,<environment.Job instance at 0x7f0955969370>,5,3,[3 9],9,9,12,0,9
1,<environment.Job instance at 0x7f0955969410>,6,12,[8 3],10,12,24,2,10
1,<environment.Job instance at 0x7f0955969cd0>,7,13,[1 8],12,24,37,12,12
1,<environment.Job instance at 0x7f0955969140>,9,14,[9 1],14,24,38,10,15
1,<environment.Job instance at 0x7f0953575230>,17,14,[4 8],25,38,52,13,27
1,<environment.Job instance at 0x7f0953575780>,18,14,[7 2],26,52,66,26,37
1,<environment.Job instance at 0x7f0953575280>,23,1,[2 8],32,52,53,20,39
1,<environment.Job instance at 0x7f0953575370>,21,12,[5 6],29,66,78,37,50
1,<environment.Job instance at 0x7f0953572c30>,34,16,[9 4],45,88,104,43,88
1,<environment.Job instance at 0x7f090f4b8a00>,0,14,[4 8],1,1,15,0,1
1,<environment.Job instance at 0x7f090f4b8e10>,4,16,[6 4],7,15,31,8,7
1,<environment.Job instance at 0x7f090fa44aa0>,12,16,[5 4],23,31,47,8,29
1,<environment.Job instance at 0x7f095331b640>,14,12,[4 7],25,47,59,22,32
1,<environment.Job instance at 0x7f090f33c190>,18,14,[5 3],31,36,50,5,36
1,<environment.Job instance at 0x7f090f2bcf50>,23,3,[2 8],40,59,62,19,47
1,<environment.Job instance at 0x7f090f287f00>,27,14,[4 5],47,62,76,15,50
1,<environment.Job instance at 0x7f090fac45f0>,36,1,[3 7],61,76,77,15,72
1,<environment.Job instance at 0x7f095331bfa0>,16,25,[9 5],28,77,102,49,73
1,<environment.Job instance at 0x7f090f285b40>,1,18,[3 7],2,2,20,0,2
1,<environment.Job instance at 0x7f095587db90>,5,17,[2 5],6,20,37,14,8
1,<environment.Job instance at 0x7f090fafe8c0>,6,18,[6 2],11,26,44,15,26
1,<environment.Job instance at 0x7f090f541d20>,23,12,[2 7],31,37,49,6,35
1,<environment.Job instance at 0x7f0955a28140>,19,18,[5 5],27,49,67,22,38
1,<environment.Job instance at 0x7f0955b4faa0>,26,14,[2 5],35,49,63,14,40
1,<environment.Job instance at 0x7f090fac5730>,39,17,[7 3],53,67,84,14,60
1,<environment.Job instance at 0x7f090f3fc4b0>,42,13,[2 9],56,84,97,28,68
1,<environment.Job instance at 0x7f09535f2af0>,47,17,[8 3],65,97,114,32,85
1,<environment.Job instance at 0x7f095327d140>,4,26,[7 1],7,10,36,3,10
1,<environment.Job instance at 0x7f090fb42b40>,14,13,[6 5],22,36,49,14,22
1,<environment.Job instance at 0x7f0955bc9dc0>,24,18,[9 2],35,49,67,14,38
1,<environment.Job instance at 0x7f0955bcb960>,12,18,[1 7],19,49,67,30,42
1,<environment.Job instance at 0x7f0955bc98c0>,27,14,[6 3],40,67,81,27,53
1,<environment.Job instance at 0x7f0955bd1b90>,38,12,[2 7],57,67,79,10,59
1,<environment.Job instance at 0x7f0955bacaa0>,41,3,[5 4],61,81,84,20,61
1,<environment.Job instance at 0x7f09530bd640>,44,3,[1 7],66,84,87,18,77
1,<environment.Job instance at 0x7f0955bc2aa0>,45,18,[7 1],67,84,102,17,77
1,<environment.Job instance at 0x7f09530ca370>,51,14,[5 3],75,102,116,27,87
1,<environment.Job instance at 0x7f09530be3c0>,52,14,[5 5],76,102,116,26,87
1,<environment.Job instance at 0x7f0953528780>,2,15,[ 5 10],3,3,18,0,3
1,<environment.Job instance at 0x7f0953528eb0>,1,13,[4 7],2,18,31,16,9
1,<environment.Job instance at 0x7f0953528410>,7,18,[6 4],10,31,49,21,20
1,<environment.Job instance at 0x7f0955bdf690>,11,1,[ 1 10],14,49,50,35,21
1,<environment.Job instance at 0x7f0955bdfb90>,16,12,[4 5],19,31,43,12,24
1,<environment.Job instance at 0x7f0953528cd0>,10,12,[2 8],13,50,62,37,35
1,<environment.Job instance at 0x7f0953126eb0>,24,2,[4 6],31,62,64,31,52
1,<environment.Job instance at 0x7f09531260a0>,28,1,[4 9],36,64,65,28,53
1,<environment.Job instance at 0x7f0953126af0>,31,2,[10  4],39,65,67,26,55
1,<environment.Job instance at 0x7f0953126c80>,32,2,[4 8],40,67,69,27,55
1,<environment.Job instance at 0x7f0953126c30>,33,19,[9 3],41,69,88,28,60
1,<environment.Job instance at 0x7f09531265f0>,35,3,[1 9],43,88,91,45,62
1,<environment.Job instance at 0x7f09559dda50>,36,2,[5 9],44,91,93,47,64
1,<environment.Job instance at 0x7f09559dde60>,38,12,[4 9],46,93,105,47,76
1,<environment.Job instance at 0x7f09559dd820>,3,16,[3 6],7,7,23,0,7
1,<environment.Job instance at 0x7f095a63caf0>,5,17,[7 3],9,11,28,2,11
1,<environment.Job instance at 0x7f09536ea820>,6,13,[2 6],11,23,36,12,18
1,<environment.Job instance at 0x7f0953747140>,13,12,[6 1],18,28,40,10,28
1,<environment.Job instance at 0x7f0955d7c0f0>,23,18,[ 1 10],36,40,58,4,36
1,<environment.Job instance at 0x7f09534d0be0>,26,20,[7 1],40,58,78,18,51
1,<environment.Job instance at 0x7f090fade460>,38,2,[8 3],58,78,80,20,60
1,<environment.Job instance at 0x7f090f797d70>,39,1,[6 4],60,80,81,20,61
1,<environment.Job instance at 0x7f090f797140>,40,1,[4 7],61,81,82,20,62
1,<environment.Job instance at 0x7f090f7975a0>,41,28,[2 5],62,82,110,20,81
1,<environment.Job instance at 0x7f09536a7dc0>,28,27,[7 5],42,84,111,42,84
1,<environment.Job instance at 0x7f090f3d3690>,1,12,[ 3 10],3,3,15,0,3
1,<environment.Job instance at 0x7f090f566550>,12,13,[4 6],22,32,45,10,32
1,<environment.Job instance at 0x7f090f8f0af0>,14,15,[8 5],25,45,60,20,32
1,<environment.Job instance at 0x7f0955c3d2d0>,26,17,[ 5 10],41,60,77,19,55
1,<environment.Job instance at 0x7f0955c3d5f0>,31,13,[9 1],46,77,90,31,65
1,<environment.Job instance at 0x7f0955c45140>,39,17,[8 4],55,90,107,35,81
1,<environment.Job instance at 0x7f0955c280f0>,0,12,[5 6],1,1,13,0,1
1,<environment.Job instance at 0x7f0955a25a50>,3,18,[3 5],4,13,31,9,13
1,<environment.Job instance at 0x7f0953572e10>,12,15,[7 2],18,29,44,11,29
1,<environment.Job instance at 0x7f095a247640>,25,18,[1 6],38,38,56,0,38
1,<environment.Job instance at 0x7f095a247a50>,26,1,[1 5],40,56,57,16,47
1,<environment.Job instance at 0x7f090f90eeb0>,35,15,[2 5],55,56,71,1,55
1,<environment.Job instance at 0x7f090f90ed70>,36,15,[6 2],56,57,72,1,56
1,<environment.Job instance at 0x7f090f90e140>,37,19,[5 4],59,72,91,13,62
1,<environment.Job instance at 0x7f095595f230>,45,1,[ 1 10],69,91,92,22,86
1,<environment.Job instance at 0x7f090f907910>,1,27,[8 2],2,9,36,7,9
1,<environment.Job instance at 0x7f0955d77e10>,15,19,[5 7],20,36,55,16,32
1,<environment.Job instance at 0x7f095589f910>,25,14,[ 3 10],32,55,69,23,44
1,<environment.Job instance at 0x7f0952fa4c80>,28,13,[2 8],37,69,82,32,57
1,<environment.Job instance at 0x7f0953544870>,37,18,[9 2],52,82,100,30,71
1,<environment.Job instance at 0x7f0955b99d20>,44,17,[5 8],66,100,117,34,89
1,<environment.Job instance at 0x7f19c5cb5780>,1,15,[ 4 10],4,4,19,0,4
1,<environment.Job instance at 0x7f19be81c190>,5,14,[8 5],9,19,33,10,10
1,<environment.Job instance at 0x7f19be81c960>,11,1,[3 9],15,33,34,18,23
1,<environment.Job instance at 0x7f19be81c910>,10,16,[5 6],14,34,50,20,23
1,<environment.Job instance at 0x7f19be81cd70>,19,18,[8 2],25,50,68,25,39
1,<environment.Job instance at 0x7f19be820500>,25,16,[4 7],34,68,84,34,55
1,<environment.Job instance at 0x7f19be8207d0>,26,15,[6 3],35,68,83,33,55
1,<environment.Job instance at 0x7f19be820690>,24,18,[4 5],31,84,102,53,73
1,<environment.Job instance at 0x7f19be81ce60>,18,16,[5 6],24,102,118,78,90
1,<environment.Job instance at 0x7f19c5d93a00>,0,14,[5 3],1,1,15,0,1
1,<environment.Job instance at 0x7f19c5c54690>,7,16,[5 2],10,10,26,0,10
1,<environment.Job instance at 0x7f19c5c54e60>,4,15,[2 5],6,15,30,9,15
1,<environment.Job instance at 0x7f19c5c54460>,6,18,[8 1],8,26,44,18,16
1,<environment.Job instance at 0x7f19c5d9d190>,21,1,[ 2 10],30,44,45,14,30
1,<environment.Job instance at 0x7f19c5d9de60>,22,2,[2 5],31,31,33,0,31
1,<environment.Job instance at 0x7f19c5d99960>,24,13,[9 1],35,45,58,10,35
1,<environment.Job instance at 0x7f19c5c53780>,29,3,[5 7],40,58,61,18,40
1,<environment.Job instance at 0x7f19c5c53910>,31,2,[9 3],45,61,63,16,45
1,<environment.Job instance at 0x7f19c5c53f50>,34,13,[5 1],49,63,76,14,49
1,<environment.Job instance at 0x7f19c5da0640>,36,16,[8 1],53,76,92,23,64
1,<environment.Job instance at 0x7f19c5da0a50>,39,17,[2 9],58,65,82,7,65
1,<environment.Job instance at 0x7f19c5da0370>,43,2,[1 6],63,82,84,19,67
1,<environment.Job instance at 0x7f19c5da6d20>,47,12,[9 3],68,92,104,24,77
1,<environment.Job instance at 0x7f19c5da6640>,52,16,[3 5],73,104,120,31,95
1,<environment.Job instance at 0x7f19c5da65f0>,1,16,[2 7],2,2,18,0,2
1,<environment.Job instance at 0x7f197ab17f00>,9,18,[5 5],11,18,36,7,11
1,<environment.Job instance at 0x7f197ab17460>,11,15,[9 4],14,36,51,22,22
1,<environment.Job instance at 0x7f197ab17eb0>,16,15,[1 6],20,36,51,16,34
1,<environment.Job instance at 0x7f197ab135f0>,17,12,[1 9],21,51,63,30,36
1,<environment.Job instance at 0x7f197ab10820>,26,14,[5 8],32,63,77,31,50
1,<environment.Job instance at 0x7f197ab08960>,30,14,[5 6],37,77,91,40,62
1,<environment.Job instance at 0x7f197aaf9820>,40,13,[5 5],50,91,104,41,76
1,<environment.Job instance at 0x7f197ab5f140>,47,14,[3 5],57,91,105,34,77
1,<environment.Job instance at 0x7f197abdcdc0>,57,16,[1 6],72,105,121,33,99
1,<environment.Job instance at 0x7f197abf5910>,3,3,[ 4 10],7,7,10,0,7
1,<environment.Job instance at 0x7f197abf5e60>,5,1,[7 3],10,10,11,0,10
1,<environment.Job instance at 0x7f197abf5d20>,6,14,[1 6],11,11,25,0,11
1,<environment.Job instance at 0x7f197ac528c0>,8,18,[9 2],14,28,46,14,28
1,<environment.Job instance at 0x7f197aed7af0>,21,3,[7 4],30,46,49,16,34
1,<environment.Job instance at 0x7f197aed7f00>,20,15,[5 5],28,49,64,21,37
1,<environment.Job instance at 0x7f197abdc730>,31,2,[8 1],41,64,66,23,53
1,<environment.Job instance at 0x7f197aed7e60>,22,12,[5 7],32,66,78,34,53
1,<environment.Job instance at 0x7f197abdc780>,27,13,[4 7],37,78,91,41,62
1,<environment.Job instance at 0x7f197afb9af0>,34,1,[1 8],47,64,65,17,62
1,<environment.Job instance at 0x7f197afb9e10>,37,13,[5 8],52,91,104,39,75
1,<environment.Job instance at 0x7f197afb9aa0>,33,13,[1 9],44,104,117,60,88
1,<environment.Job instance at 0x7f197abf85a0>,2,1,[ 3 10],3,3,4,0,3
1,<environment.Job instance at 0x7f197b1d3280>,5,13,[5 6],6,6,19,0,6
1,<environment.Job instance at 0x7f197afcfaf0>,4,18,[4 7],5,19,37,14,9
1,<environment.Job instance at 0x7f197b1d3c30>,15,14,[5 9],19,37,51,18,22
1,<environment.Job instance at 0x7f197b1d3960>,18,1,[8 2],23,51,52,28,23
1,<environment.Job instance at 0x7f197b1d3fa0>,17,15,[3 8],22,52,67,30,39
1,<environment.Job instance at 0x7f197b1d3dc0>,16,16,[5 9],21,67,83,46,55
1,<environment.Job instance at 0x7f197b1c2460>,22,17,[9 4],28,85,102,57,85
1,<environment.Job instance at 0x7f197b1e0780>,36,17,[ 4 10],46,102,119,56,96
1,<environment.Job instance at 0x7f19c350cd70>,4,1,[5 7],8,8,9,0,8
1,<environment.Job instance at 0x7f197b1e0780>,5,13,[2 7],11,11,24,0,11
1,<environment.Job instance at 0x7f19c350c320>,6,16,[1 5],12,24,40,12,12
1,<environment.Job instance at 0x7f19c2f0f5f0>,12,17,[9 3],23,24,41,1,23
1,<environment.Job instance at 0x7f19be5f6c30>,20,14,[1 8],33,41,55,8,33
1,<environment.Job instance at 0x7f19be5f6780>,21,18,[10  2],34,55,73,21,44
1,<environment.Job instance at 0x7f19be5f62d0>,24,1,[1 6],40,73,74,33,45
1,<environment.Job instance at 0x7f19be5f6d20>,25,3,[3 6],41,74,77,33,48
1,<environment.Job instance at 0x7f19be5f6e60>,26,1,[7 1],42,48,49,6,48
1,<environment.Job instance at 0x7f197ac23050>,30,1,[2 7],47,77,78,30,69
1,<environment.Job instance at 0x7f197ac233c0>,29,25,[6 5],46,78,103,32,74
1,<environment.Job instance at 0x7f19be659690>,38,14,[8 3],58,103,117,45,91
1,<environment.Job instance at 0x7f19bec50280>,0,2,[9 4],1,1,3,0,1
1,<environment.Job instance at 0x7f19be5c9370>,3,1,[1 7],4,4,5,0,4
1,<environment.Job instance at 0x7f197aceab90>,4,12,[7 2],6,6,18,0,6
1,<environment.Job instance at 0x7f197b081730>,15,14,[6 3],19,26,40,7,26
1,<environment.Job instance at 0x7f19be92efa0>,21,2,[8 2],29,43,45,14,43
1,<environment.Job instance at 0x7f19bebde500>,20,16,[10  3],28,45,61,17,44
1,<environment.Job instance at 0x7f19c334f640>,22,3,[5 3],30,61,64,31,51
1,<environment.Job instance at 0x7f19be7b0690>,27,28,[5 6],35,64,92,29,64
1,<environment.Job instance at 0x7f19c334c730>,40,18,[7 3],59,95,113,36,95
1,<environment.Job instance at 0x7f19c334c3c0>,1,15,[5 8],2,2,17,0,2
1,<environment.Job instance at 0x7f197ae9a320>,5,2,[1 5],8,17,19,9,8
1,<environment.Job instance at 0x7f19c2f64370>,8,2,[10  3],12,19,21,7,12
1,<environment.Job instance at 0x7f197ae9a910>,9,2,[5 5],13,17,19,4,13
1,<environment.Job instance at 0x7f197ae9aaf0>,11,1,[2 5],15,21,22,6,15
1,<environment.Job instance at 0x7f197ae9aaa0>,12,3,[1 8],16,22,25,6,16
1,<environment.Job instance at 0x7f197ae910a0>,18,1,[5 1],25,25,26,0,25
1,<environment.Job instance at 0x7f197ae91550>,19,15,[10  2],26,27,42,1,27
1,<environment.Job instance at 0x7f197ae915f0>,20,17,[5 5],27,42,59,15,32
1,<environment.Job instance at 0x7f197ae892d0>,32,14,[4 6],44,59,73,15,49
1,<environment.Job instance at 0x7f197ae89140>,29,14,[9 4],40,73,87,33,61
1,<environment.Job instance at 0x7f197ae896e0>,34,14,[5 7],46,87,101,41,74
1,<environment.Job instance at 0x7f197ae89b90>,40,16,[3 5],56,101,117,45,97
1,<environment.Job instance at 0x7f197b0a56e0>,0,12,[5 9],1,1,13,0,1
1,<environment.Job instance at 0x7f197b0a5cd0>,4,17,[1 6],5,13,30,8,5
1,<environment.Job instance at 0x7f19bea2b4b0>,11,12,[5 5],15,30,42,15,15
1,<environment.Job instance at 0x7f197aaceaf0>,14,19,[10  2],18,44,63,26,44
1,<environment.Job instance at 0x7f19be880f00>,28,17,[6 5],39,63,80,24,52
1,<environment.Job instance at 0x7f19be726b90>,39,16,[6 3],53,80,96,27,67
1,<environment.Job instance at 0x7f19be726c80>,40,1,[5 1],54,96,97,42,68
1,<environment.Job instance at 0x7f19bec8e190>,47,17,[5 8],67,96,113,29,84
1,<environment.Job instance at 0x7f19bec8ea00>,1,1,[5 9],5,5,6,0,5
1,<environment.Job instance at 0x7f19c5d939b0>,3,15,[8 2],10,10,25,0,10
1,<environment.Job instance at 0x7f197b0f8e60>,8,14,[1 8],18,20,34,2,20
1,<environment.Job instance at 0x7f19be8aaf00>,19,27,[5 8],33,35,62,2,35
1,<environment.Job instance at 0x7f19be8a23c0>,28,17,[5 5],44,62,79,18,50
1,<environment.Job instance at 0x7f19be92e140>,35,13,[5 5],54,62,75,8,61
1,<environment.Job instance at 0x7f19c2efe5a0>,43,17,[5 2],65,75,92,10,65
1,<environment.Job instance at 0x7f19be823640>,20,14,[1 8],34,79,93,45,74
1,<environment.Job instance at 0x7f19be92faf0>,48,18,[1 7],71,93,111,22,86
1,<environment.Job instance at 0x7f19bed10050>,17,16,[9 1],31,92,108,61,87
1,<environment.Job instance at 0x7f19c3119fa0>,0,13,[1 8],2,2,15,0,2
1,<environment.Job instance at 0x7f19c2f70b40>,5,28,[5 4],7,15,43,8,14
1,<environment.Job instance at 0x7f197adab2d0>,9,18,[5 6],14,22,40,8,22
1,<environment.Job instance at 0x7f197adab550>,16,1,[2 8],22,43,44,21,25
1,<environment.Job instance at 0x7f197adab910>,14,12,[5 6],19,44,56,25,27
1,<environment.Job instance at 0x7f197ada5550>,26,13,[10  1],34,56,69,22,46
1,<environment.Job instance at 0x7f197ada5500>,29,3,[7 3],38,69,72,31,48
1,<environment.Job instance at 0x7f197ada57d0>,30,14,[5 8],39,72,86,33,61
1,<environment.Job instance at 0x7f197adab690>,11,14,[7 2],16,86,100,70,72
1,<environment.Job instance at 0x7f197acdd370>,0,16,[5 4],3,3,19,0,3
1,<environment.Job instance at 0x7f19c30cc3c0>,12,18,[2 9],21,38,56,17,38
1,<environment.Job instance at 0x7f197af73e60>,17,13,[4 5],30,56,69,26,55
1,<environment.Job instance at 0x7f197af733c0>,30,14,[5 1],49,95,109,46,95
1,<environment.Job instance at 0x7f197af730f0>,31,15,[1 8],50,95,110,45,95
1,<environment.Job instance at 0x7f19becdf730>,37,14,[7 5],58,110,124,52,98
1,<environment.Job instance at 0x7f197acef2d0>,0,12,[2 7],1,1,13,0,1
1,<environment.Job instance at 0x7f197aac64b0>,7,2,[9 4],13,13,15,0,13
1,<environment.Job instance at 0x7f197aac6dc0>,9,13,[7 1],15,15,28,0,15
1,<environment.Job instance at 0x7f197aac6c80>,5,16,[4 8],10,28,44,18,15
1,<environment.Job instance at 0x7f19be952960>,20,2,[7 2],27,44,46,17,31
1,<environment.Job instance at 0x7f19be952dc0>,21,17,[10  2],28,46,63,18,34
1,<environment.Job instance at 0x7f197aac6730>,12,17,[5 4],18,63,80,45,51
1,<environment.Job instance at 0x7f197a9a8870>,30,16,[5 9],43,80,96,37,75
1,<environment.Job instance at 0x7f19be952f00>,19,13,[2 9],26,96,109,70,80
1,<environment.Job instance at 0x7f19c2e2c2d0>,44,15,[8 1],61,96,111,35,88
1,<environment.Job instance at 0x7f19be9522d0>,17,13,[5 7],24,111,124,87,97
1,<environment.Job instance at 0x7f197ac73910>,6,17,[8 4],12,12,29,0,12
1,<environment.Job instance at 0x7f197ac73af0>,7,16,[7 5],13,29,45,16,20
1,<environment.Job instance at 0x7f19c2e540a0>,10,12,[2 7],17,45,57,28,33
1,<environment.Job instance at 0x7f19c2e54190>,9,3,[5 5],15,57,60,42,45
1,<environment.Job instance at 0x7f19c5b5c1e0>,30,18,[9 4],47,60,78,13,49
1,<environment.Job instance at 0x7f19becc4410>,32,13,[1 7],49,78,91,29,64
1,<environment.Job instance at 0x7f19be713190>,38,14,[5 8],56,91,105,35,76
1,<environment.Job instance at 0x7f19c5829280>,34,13,[4 7],52,105,118,53,92
1,<environment.Job instance at 0x7f197b107be0>,3,1,[5 1],8,8,9,0,8
1,<environment.Job instance at 0x7f197b107a50>,5,15,[3 6],11,11,26,0,11
1,<environment.Job instance at 0x7f197b107870>,8,17,[8 2],15,26,43,11,16
1,<environment.Job instance at 0x7f197ae9bb90>,17,2,[7 4],27,43,45,16,27
1,<environment.Job instance at 0x7f19be94eb90>,16,14,[3 9],25,53,67,28,53
1,<environment.Job instance at 0x7f197ab705a0>,24,16,[2 8],37,67,83,30,55
1,<environment.Job instance at 0x7f197ab70b90>,30,16,[3 6],47,83,99,36,70
1,<environment.Job instance at 0x7f197ade3500>,32,17,[7 3],49,83,100,34,73
1,<environment.Job instance at 0x7f19be6017d0>,40,12,[6 1],58,100,112,42,93
1,<environment.Job instance at 0x7f197b036230>,12,15,[5 9],20,112,127,92,99
1,<environment.Job instance at 0x7f19c2fdbe60>,0,1,[4 7],1,1,2,0,1
1,<environment.Job instance at 0x7f197a803410>,2,2,[3 8],3,3,5,0,3
1,<environment.Job instance at 0x7f197a8033c0>,4,3,[7 2],5,5,8,0,5
1,<environment.Job instance at 0x7f197a803a50>,6,13,[10  2],8,8,21,0,8
1,<environment.Job instance at 0x7f197a822c80>,8,14,[5 5],11,21,35,10,11
1,<environment.Job instance at 0x7f197a822460>,17,17,[7 3],25,35,52,10,27
1,<environment.Job instance at 0x7f197a95a0a0>,21,16,[9 1],30,52,68,22,49
1,<environment.Job instance at 0x7f197a86fb90>,30,15,[3 8],47,68,83,21,64
1,<environment.Job instance at 0x7f197a86faf0>,33,12,[5 5],50,83,95,33,74
1,<environment.Job instance at 0x7f197a86fcd0>,36,15,[8 5],55,95,110,40,81
1,<environment.Job instance at 0x7f197a86fb40>,43,13,[5 5],63,110,123,47,95
1,<environment.Job instance at 0x7f197a81ecd0>,1,14,[1 6],2,2,16,0,2
1,<environment.Job instance at 0x7f197a81ec80>,5,18,[6 1],6,6,24,0,6
1,<environment.Job instance at 0x7f197ad47d70>,14,15,[5 5],18,24,39,6,18
1,<environment.Job instance at 0x7f197ad56190>,20,18,[3 5],24,26,44,2,26
1,<environment.Job instance at 0x7f19be616f50>,9,14,[9 5],10,44,58,34,30
1,<environment.Job instance at 0x7f197ad30c80>,24,1,[2 5],32,39,40,7,32
1,<environment.Job instance at 0x7f197adb17d0>,28,16,[10  3],37,58,74,21,45
1,<environment.Job instance at 0x7f197ad47b90>,18,14,[4 8],22,74,88,52,67
1,<environment.Job instance at 0x7f19be6baf00>,42,18,[1 6],58,88,106,30,83
1,<environment.Job instance at 0x7f19be6b1f00>,52,15,[2 5],75,106,121,31,95
1,<environment.Job instance at 0x7f19be6b1550>,53,15,[6 2],76,95,110,19,95
1,<environment.Job instance at 0x7f19be6b1640>,1,12,[7 4],3,3,15,0,3
1,<environment.Job instance at 0x7f19be98a960>,2,19,[7 5],4,15,34,11,6
1,<environment.Job instance at 0x7f19c58292d0>,25,18,[8 4],33,34,52,1,34
1,<environment.Job instance at 0x7f19c5829a50>,28,18,[1 9],36,52,70,16,48
1,<environment.Job instance at 0x7f197ab4a910>,35,17,[8 2],46,70,87,24,58
1,<environment.Job instance at 0x7f197ab4ab90>,36,13,[2 8],47,70,83,23,60
1,<environment.Job instance at 0x7f19c2de8410>,43,17,[6 3],59,87,104,28,75
1,<environment.Job instance at 0x7f197a89ce10>,47,3,[2 5],64,83,86,19,78
1,<environment.Job instance at 0x7f197b036aa0>,49,19,[2 5],68,86,105,18,78
1,<environment.Job instance at 0x7f197b036d20>,52,17,[5 8],76,105,122,29,94
1,<environment.Job instance at 0x7f197aac6640>,0,16,[6 4],1,1,17,0,1
1,<environment.Job instance at 0x7f197abb4960>,24,18,[5 9],40,52,70,12,52
1,<environment.Job instance at 0x7f19be732c30>,28,3,[3 8],44,70,73,26,55
1,<environment.Job instance at 0x7f19c3378e10>,21,15,[2 6],33,73,88,40,67
1,<environment.Job instance at 0x7f19c2e1ad20>,26,28,[6 2],42,73,101,31,73
1,<environment.Job instance at 0x7f197abf8b40>,38,14,[4 7],59,88,102,29,77
1,<environment.Job instance at 0x7f197b046b40>,31,3,[10  5],49,102,105,53,79
1,<environment.Job instance at 0x7f19c3549e10>,30,18,[1 9],48,105,123,57,96
1,<environment.Job instance at 0x7f19beaf64b0>,47,3,[ 2 10],69,123,126,54,97
1,<environment.Job instance at 0x7f19beafb820>,5,14,[5 1],10,10,24,0,10
1,<environment.Job instance at 0x7f19beafb2d0>,4,15,[5 3],8,12,27,4,12
1,<environment.Job instance at 0x7f19beafbf00>,9,2,[1 9],15,27,29,12,20
1,<environment.Job instance at 0x7f197b13c140>,14,26,[5 6],21,29,55,8,27
1,<environment.Job instance at 0x7f197b13ccd0>,23,18,[3 8],36,55,73,19,44
1,<environment.Job instance at 0x7f197b13c370>,25,3,[6 3],43,73,76,30,53
1,<environment.Job instance at 0x7f197b13cbe0>,27,2,[ 2 10],45,76,78,31,54
1,<environment.Job instance at 0x7f197b13c280>,28,3,[3 5],46,73,76,27,54
1,<environment.Job instance at 0x7f197acde2d0>,29,1,[3 5],47,78,79,31,54
1,<environment.Job instance at 0x7f197acdeaf0>,31,1,[5 5],51,78,79,27,54
1,<environment.Job instance at 0x7f197acde320>,32,1,[9 2],52,79,80,27,54
1,<environment.Job instance at 0x7f197acde410>,34,1,[ 3 10],54,80,81,26,66
1,<environment.Job instance at 0x7f197acde960>,37,18,[5 9],58,81,99,23,70
1,<environment.Job instance at 0x7f19c2f07d20>,42,23,[8 5],66,99,122,33,93
1,<environment.Job instance at 0x7ff3d99532d0>,2,14,[5 5],5,5,19,0,5
1,<environment.Job instance at 0x7ff3d9953190>,4,17,[2 8],8,19,36,11,8
1,<environment.Job instance at 0x7ff3d2543c80>,16,15,[7 3],22,36,51,14,24
1,<environment.Job instance at 0x7ff3d2543e10>,15,3,[1 6],21,36,39,15,32
1,<environment.Job instance at 0x7ff3d2543eb0>,17,15,[7 5],23,51,66,28,37
1,<environment.Job instance at 0x7ff3d2544320>,23,15,[7 4],30,66,81,36,52
1,<environment.Job instance at 0x7ff3d2544c80>,33,14,[10  3],47,81,95,34,71
1,<environment.Job instance at 0x7ff3d2544f50>,34,12,[7 4],48,95,107,47,79
1,<environment.Job instance at 0x7ff3d2547690>,40,14,[4 9],56,107,121,51,99
1,<environment.Job instance at 0x7ff3d9ac20a0>,3,15,[5 4],7,7,22,0,7
1,<environment.Job instance at 0x7ff3d9ac93c0>,8,1,[7 4],12,22,23,10,14
1,<environment.Job instance at 0x7ff3d9ac7690>,11,15,[5 9],15,23,38,8,15
1,<environment.Job instance at 0x7ff3d9ac7190>,12,25,[3 9],16,38,63,22,35
1,<environment.Job instance at 0x7ff3d9aba5f0>,26,13,[5 1],39,47,60,8,47
1,<environment.Job instance at 0x7ff3d997cd20>,31,17,[2 9],48,63,80,15,52
1,<environment.Job instance at 0x7ff3d997a230>,41,12,[5 3],60,80,92,20,66
1,<environment.Job instance at 0x7ff3d997c640>,32,12,[5 6],50,80,92,30,75
1,<environment.Job instance at 0x7ff3d997a3c0>,45,14,[5 3],64,92,106,28,84
1,<environment.Job instance at 0x7ff3d24d2460>,58,15,[6 2],83,106,121,23,102
1,<environment.Job instance at 0x7ff38e86a780>,0,12,[1 9],1,1,13,0,1
1,<environment.Job instance at 0x7ff38e86a7d0>,3,15,[3 8],6,13,28,7,6
1,<environment.Job instance at 0x7ff38e93ed20>,17,15,[6 4],23,30,45,7,30
1,<environment.Job instance at 0x7ff38e93e3c0>,24,18,[2 6],31,32,50,1,32
1,<environment.Job instance at 0x7ff38e93e5a0>,19,12,[5 6],25,50,62,25,38
1,<environment.Job instance at 0x7ff38e93e320>,23,13,[5 5],30,62,75,32,55
1,<environment.Job instance at 0x7ff38e93d7d0>,39,18,[5 3],51,64,82,13,64
1,<environment.Job instance at 0x7ff38e8f6a00>,25,14,[5 7],32,75,89,43,65
1,<environment.Job instance at 0x7ff38e8f6910>,28,18,[6 2],35,89,107,54,84
1,<environment.Job instance at 0x7ff38e821230>,0,12,[5 7],2,2,14,0,2
1,<environment.Job instance at 0x7ff38e9c48c0>,5,13,[4 7],7,14,27,7,7
1,<environment.Job instance at 0x7ff38e9c4b90>,10,13,[ 4 10],12,27,40,15,20
1,<environment.Job instance at 0x7ff38ed541e0>,16,14,[8 2],24,40,54,16,25
1,<environment.Job instance at 0x7ff38ecd1e10>,13,14,[7 3],19,55,69,36,55
1,<environment.Job instance at 0x7ff38ed547d0>,24,18,[7 4],36,69,87,33,65
1,<environment.Job instance at 0x7ff38ed54820>,17,27,[7 4],25,87,114,62,85
1,<environment.Job instance at 0x7ff38e837870>,43,14,[10  4],64,114,128,50,102
1,<environment.Job instance at 0x7ff38ec3a780>,4,17,[ 4 10],6,7,24,1,7
1,<environment.Job instance at 0x7ff38ec3ac80>,12,17,[2 6],18,24,41,6,18
1,<environment.Job instance at 0x7ff38ec407d0>,19,13,[9 4],34,41,54,7,34
1,<environment.Job instance at 0x7ff38ec40190>,15,15,[7 3],22,54,69,32,41
1,<environment.Job instance at 0x7ff38ec2b320>,30,13,[1 7],51,60,73,9,60
1,<environment.Job instance at 0x7ff38ec2b3c0>,31,16,[9 5],53,73,89,20,60
1,<environment.Job instance at 0x7ff38ec2b190>,27,3,[5 7],47,89,92,42,69
1,<environment.Job instance at 0x7ff38ec2bc30>,38,2,[10  2],64,92,94,28,69
1,<environment.Job instance at 0x7ff38ec2bf50>,40,18,[ 4 10],67,94,112,27,83
1,<environment.Job instance at 0x7ff38ec48780>,47,17,[ 3 10],80,112,129,32,100
1,<environment.Job instance at 0x7ff38ebe25f0>,0,12,[1 8],1,1,13,0,1
1,<environment.Job instance at 0x7ff38ebd65a0>,10,17,[2 9],14,15,32,1,15
1,<environment.Job instance at 0x7ff38ebd6d70>,14,2,[ 3 10],20,32,34,12,20
1,<environment.Job instance at 0x7ff38ebe2640>,5,14,[8 3],8,34,48,26,20
1,<environment.Job instance at 0x7ff38ebd68c0>,16,13,[2 7],22,36,49,14,36
1,<environment.Job instance at 0x7ff3d51d35f0>,21,1,[1 8],29,49,50,20,39
1,<environment.Job instance at 0x7ff3d51d3eb0>,22,16,[5 7],31,50,66,19,42
1,<environment.Job instance at 0x7ff38e9c4370>,26,1,[ 5 10],39,66,67,27,50
1,<environment.Job instance at 0x7ff3d51d3c30>,20,12,[3 6],26,67,79,41,53
1,<environment.Job instance at 0x7ff38e9c4500>,31,1,[4 5],46,79,80,33,58
1,<environment.Job instance at 0x7ff3d954ac80>,33,13,[4 6],49,80,93,31,65
1,<environment.Job instance at 0x7ff3d259b6e0>,39,12,[7 2],56,93,105,37,82
1,<environment.Job instance at 0x7ff38ebd6f50>,6,18,[1 6],9,96,114,87,96
1,<environment.Job instance at 0x7ff38ed038c0>,5,12,[1 6],10,10,22,0,10
1,<environment.Job instance at 0x7ff3d24470f0>,1,13,[10  4],2,22,35,20,10
1,<environment.Job instance at 0x7ff3d51a3640>,12,3,[8 1],21,35,38,14,21
1,<environment.Job instance at 0x7ff3d280d960>,17,12,[3 9],29,38,50,9,29
1,<environment.Job instance at 0x7ff38ed03d20>,7,12,[3 8],12,50,62,38,37
1,<environment.Job instance at 0x7ff3d2991f50>,34,2,[5 5],53,62,64,9,54
1,<environment.Job instance at 0x7ff3d50c9aa0>,10,16,[9 2],18,64,80,46,54
1,<environment.Job instance at 0x7ff3d505dd20>,44,15,[10  2],66,80,95,14,68
1,<environment.Job instance at 0x7ff3d5221a00>,53,16,[1 9],79,95,111,16,82
1,<environment.Job instance at 0x7ff3d260a870>,0,19,[6 5],1,1,20,0,1
1,<environment.Job instance at 0x7ff38e6b5f00>,9,15,[10  2],11,20,35,9,12
1,<environment.Job instance at 0x7ff38e6b82d0>,13,13,[6 1],20,35,48,15,27
1,<environment.Job instance at 0x7ff38e6b8640>,17,13,[2 8],26,35,48,9,28
1,<environment.Job instance at 0x7ff38e6bafa0>,36,2,[3 6],49,65,67,16,65
1,<environment.Job instance at 0x7ff38e6bc550>,42,13,[3 9],57,91,104,34,91
1,<environment.Job instance at 0x7ff38e6ba5a0>,28,21,[3 6],39,104,125,65,104
1,<environment.Job instance at 0x7ff3d50e34b0>,32,14,[1 8],54,63,77,9,63
1,<environment.Job instance at 0x7ff3d4ee26e0>,33,18,[5 5],55,95,113,40,95
1,<environment.Job instance at 0x7ff3d24c6a50>,2,17,[7 3],4,4,21,0,4
1,<environment.Job instance at 0x7ff3d5134d70>,5,3,[3 9],9,21,24,12,9
1,<environment.Job instance at 0x7ff3d51344b0>,6,12,[8 3],10,24,36,14,10
1,<environment.Job instance at 0x7ff38ed127d0>,14,1,[1 9],19,36,37,17,23
1,<environment.Job instance at 0x7ff38ee41500>,15,15,[3 7],22,37,52,15,31
1,<environment.Job instance at 0x7ff38ea64eb0>,18,14,[7 2],26,37,51,11,36
1,<environment.Job instance at 0x7ff3d257c0f0>,17,14,[4 8],25,52,66,27,40
1,<environment.Job instance at 0x7ff38edd0960>,26,16,[4 8],36,66,82,30,53
1,<environment.Job instance at 0x7ff3d257c280>,19,19,[6 4],27,82,101,55,72
1,<environment.Job instance at 0x7ff3d24c6460>,4,22,[1 5],7,88,110,81,88
1,<environment.Job instance at 0x7ff3d23fc140>,40,3,[1 6],53,110,113,57,93
1,<environment.Job instance at 0x7ff38ed128c0>,8,22,[7 4],13,101,123,88,94
1,<environment.Job instance at 0x7ff3d2665690>,0,16,[5 4],3,3,19,0,3
1,<environment.Job instance at 0x7ff38e8aa6e0>,10,18,[6 1],19,19,37,0,19
1,<environment.Job instance at 0x7ff38e8aa550>,12,18,[2 9],21,26,44,5,26
1,<environment.Job instance at 0x7ff38e8c9280>,18,15,[8 1],32,37,52,5,33
1,<environment.Job instance at 0x7ff38e8c9dc0>,29,3,[7 4],48,65,68,17,65
1,<environment.Job instance at 0x7ff38e8c95a0>,22,1,[7 4],39,68,69,29,65
1,<environment.Job instance at 0x7ff38e8c9e60>,30,14,[5 1],49,69,83,20,65
1,<environment.Job instance at 0x7ff38e8c9f00>,32,3,[4 7],52,69,72,17,65
1,<environment.Job instance at 0x7ff38e8c9fa0>,33,3,[8 3],53,83,86,30,65
1,<environment.Job instance at 0x7ff38e8c9e10>,34,1,[10  4],54,86,87,32,65
1,<environment.Job instance at 0x7ff38e8c41e0>,35,1,[4 7],56,72,73,16,65
1,<environment.Job instance at 0x7ff38e8c43c0>,37,14,[7 5],58,87,101,29,73
1,<environment.Job instance at 0x7ff38e8c46e0>,42,16,[10  5],64,101,117,37,88
1,<environment.Job instance at 0x7ff38e8c4fa0>,46,18,[3 7],72,117,135,45,106
1,<environment.Job instance at 0x7ff38e88beb0>,2,12,[ 1 10],4,4,16,0,4
1,<environment.Job instance at 0x7ff3d279a5a0>,4,2,[2 8],6,16,18,10,6
1,<environment.Job instance at 0x7ff3d279ae60>,6,17,[5 4],8,18,35,10,8
1,<environment.Job instance at 0x7ff3d2a42e10>,14,2,[7 2],17,35,37,18,19
1,<environment.Job instance at 0x7ff3d4d03500>,17,12,[5 4],20,20,32,0,20
1,<environment.Job instance at 0x7ff3d2a42050>,13,13,[2 9],16,37,50,21,23
1,<environment.Job instance at 0x7ff3d4d032d0>,23,16,[8 3],32,50,66,18,39
1,<environment.Job instance at 0x7ff38e77e5f0>,38,15,[8 1],51,66,81,15,52
1,<environment.Job instance at 0x7ff3d96281e0>,42,26,[7 1],57,81,107,24,80
1,<environment.Job instance at 0x7ff38e6d4b40>,45,13,[3 6],61,96,109,35,96
1,<environment.Job instance at 0x7ff38e6d4b90>,46,18,[7 5],64,109,127,45,98
1,<environment.Job instance at 0x7ff3d4f680f0>,17,18,[9 4],27,31,49,4,31
1,<environment.Job instance at 0x7ff3d4f68b90>,20,18,[8 2],31,49,67,18,48
1,<environment.Job instance at 0x7ff3d2679c80>,15,16,[6 3],25,67,83,42,57
1,<environment.Job instance at 0x7ff3d27c30a0>,29,1,[8 1],42,83,84,41,69
1,<environment.Job instance at 0x7ff3d27c3a50>,34,16,[5 1],47,84,100,37,71
1,<environment.Job instance at 0x7ff3d27c33c0>,35,16,[4 9],48,84,100,36,82
1,<environment.Job instance at 0x7ff3d4bd2640>,43,16,[6 4],60,100,116,40,87
1,<environment.Job instance at 0x7ff3d4f68410>,27,18,[6 4],40,116,134,76,108
1,<environment.Job instance at 0x7ff3d4c7ee60>,0,1,[3 8],2,2,3,0,2
1,<environment.Job instance at 0x7ff38e6ae5a0>,1,2,[5 3],4,4,6,0,4
1,<environment.Job instance at 0x7ff38e7b3b40>,4,2,[8 4],9,9,11,0,9
1,<environment.Job instance at 0x7ff38ee7c2d0>,5,17,[2 9],10,11,28,1,10
1,<environment.Job instance at 0x7ff38ee69d70>,11,17,[7 3],19,28,45,9,19
1,<environment.Job instance at 0x7ff38ee89140>,12,13,[2 6],21,36,49,15,36
1,<environment.Job instance at 0x7ff38ee58fa0>,22,3,[10  4],35,49,52,14,37
1,<environment.Job instance at 0x7ff38ede7690>,23,2,[10  1],36,52,54,16,37
1,<environment.Job instance at 0x7ff38ee52500>,18,16,[10  3],27,54,70,27,49
1,<environment.Job instance at 0x7ff3d4ea9690>,35,17,[4 9],54,70,87,16,58
1,<environment.Job instance at 0x7ff38e909870>,43,28,[5 5],67,87,115,20,86
1,<environment.Job instance at 0x7ff38eb7faa0>,39,16,[5 5],58,96,112,38,96
1,<environment.Job instance at 0x7ff38eb53be0>,54,14,[5 5],81,112,126,31,97
1,<environment.Job instance at 0x7ff38eb0c280>,0,13,[2 5],1,1,14,0,1
1,<environment.Job instance at 0x7ff38e77eaf0>,5,25,[8 1],8,11,36,3,11
1,<environment.Job instance at 0x7ff3d9976140>,17,13,[5 5],23,36,49,13,25
1,<environment.Job instance at 0x7ff3d27578c0>,8,13,[4 6],12,49,62,37,33
1,<environment.Job instance at 0x7ff3d4de26e0>,26,13,[6 2],35,49,62,14,46
1,<environment.Job instance at 0x7ff3d25523c0>,33,17,[8 4],43,62,79,19,52
1,<environment.Job instance at 0x7ff3d26ce410>,21,13,[10  2],29,79,92,50,69
1,<environment.Job instance at 0x7ff3d2552780>,38,2,[3 6],48,92,94,44,73
1,<environment.Job instance at 0x7ff38e6becd0>,41,1,[10  4],52,94,95,42,77
1,<environment.Job instance at 0x7ff38ec5b640>,40,17,[1 9],50,95,112,45,83
1,<environment.Job instance at 0x7ff3d4b7aa00>,47,14,[1 6],62,112,126,50,98
1,<environment.Job instance at 0x7ff3d4b7aaa0>,49,3,[7 4],64,112,115,48,98
1,<environment.Job instance at 0x7ff3d4b7a320>,50,1,[3 5],65,126,127,61,98
1,<environment.Job instance at 0x7ff38e52b460>,0,15,[1 8],1,1,16,0,1
1,<environment.Job instance at 0x7ff38e52bc30>,5,18,[1 6],8,16,34,8,8
1,<environment.Job instance at 0x7ff3d4bc7230>,2,24,[8 3],3,25,49,22,25
1,<environment.Job instance at 0x7ff38e81bd70>,18,24,[9 2],31,49,73,18,46
1,<environment.Job instance at 0x7ff38ea0c230>,33,19,[7 5],49,73,92,24,63
1,<environment.Job instance at 0x7ff38e5448c0>,36,19,[7 5],54,92,111,38,85
1,<environment.Job instance at 0x7ff38e52af00>,53,16,[10  2],76,111,127,35,104
1,<environment.Job instance at 0x7ff38e52aaf0>,58,3,[9 2],81,127,130,46,109
1,<environment.Job instance at 0x7ff3d51b7460>,0,18,[5 4],1,1,19,0,1
1,<environment.Job instance at 0x7ff38eeedfa0>,5,19,[2 5],8,9,28,1,9
1,<environment.Job instance at 0x7ff38eef0140>,8,17,[5 8],16,28,45,12,20
1,<environment.Job instance at 0x7ff38eee1a00>,12,18,[3 6],20,45,63,25,34
1,<environment.Job instance at 0x7ff38ef06870>,26,16,[6 4],41,57,73,16,57
1,<environment.Job instance at 0x7ff38ef06640>,25,15,[4 6],40,63,78,23,61
1,<environment.Job instance at 0x7ff3d4bea500>,27,15,[3 8],44,78,93,34,67
1,<environment.Job instance at 0x7ff3d4efce60>,45,13,[ 4 10],70,93,106,23,81
1,<environment.Job instance at 0x7ff3d4efc500>,48,16,[10  4],76,106,122,30,93
1,<environment.Job instance at 0x7ff3d4b974b0>,1,14,[5 8],2,2,16,0,2
1,<environment.Job instance at 0x7ff3d23c1aa0>,8,2,[9 4],15,16,18,1,16
1,<environment.Job instance at 0x7ff3d23c1d70>,9,15,[5 7],16,18,33,2,17
1,<environment.Job instance at 0x7ff38e820550>,13,13,[5 6],21,33,46,12,22
1,<environment.Job instance at 0x7ff3d4c7ed20>,5,19,[5 4],12,36,55,24,36
1,<environment.Job instance at 0x7ff3d26eafa0>,20,21,[4 5],28,46,67,18,43
1,<environment.Job instance at 0x7ff38ed598c0>,26,16,[7 3],36,67,83,31,62
1,<environment.Job instance at 0x7ff38ed59f00>,28,14,[5 1],40,83,97,43,71
1,<environment.Job instance at 0x7ff38eb0e320>,35,1,[6 5],49,97,98,48,86
1,<environment.Job instance at 0x7ff3d4a923c0>,22,18,[4 7],30,98,116,68,87
1,<environment.Job instance at 0x7ff3d4c60dc0>,1,17,[ 4 10],3,3,20,0,3
1,<environment.Job instance at 0x7ff3d50c5780>,3,14,[5 7],5,20,34,15,5
1,<environment.Job instance at 0x7ff3d50c58c0>,12,18,[8 3],18,34,52,16,23
1,<environment.Job instance at 0x7ff3d50c5f50>,17,19,[7 2],30,52,71,22,42
1,<environment.Job instance at 0x7ff3d50c56e0>,8,14,[8 1],11,71,85,60,61
1,<environment.Job instance at 0x7ff38e8bc9b0>,30,17,[3 5],49,85,102,36,73
1,<environment.Job instance at 0x7ff3d4ccf8c0>,35,18,[1 5],56,79,97,23,79
1,<environment.Job instance at 0x7ff3d4ce6910>,38,18,[1 9],59,102,120,43,91
1,<environment.Job instance at 0x7ff3d2483140>,4,16,[4 9],7,9,25,2,9
1,<environment.Job instance at 0x7ff3d27ddaf0>,7,2,[2 7],12,25,27,13,12
1,<environment.Job instance at 0x7ff38e7f7c80>,8,25,[4 9],13,43,68,30,43
1,<environment.Job instance at 0x7ff38e50e280>,17,17,[5 1],26,50,67,24,50
1,<environment.Job instance at 0x7ff3d98551e0>,27,13,[7 3],40,68,81,28,55
1,<environment.Job instance at 0x7ff38eabaf00>,20,13,[2 9],30,81,94,51,79
1,<environment.Job instance at 0x7ff3d4d57460>,13,14,[ 4 10],19,94,108,75,86
1,<environment.Job instance at 0x7f22cedc3d70>,1,15,[ 4 10],4,4,19,0,4
1,<environment.Job instance at 0x7f22c792a9b0>,11,1,[3 9],15,19,20,4,15
1,<environment.Job instance at 0x7f22c792a190>,5,14,[8 5],9,20,34,11,15
1,<environment.Job instance at 0x7f22c792aaf0>,16,15,[7 3],22,37,52,15,37
1,<environment.Job instance at 0x7f22c792acd0>,20,12,[8 5],27,52,64,25,40
1,<environment.Job instance at 0x7f22c792c0a0>,23,15,[7 4],30,64,79,34,53
1,<environment.Job instance at 0x7f22c792a5f0>,6,18,[8 4],10,79,97,69,68
1,<environment.Job instance at 0x7f22c792aaa0>,13,25,[7 3],18,97,122,79,93
1,<environment.Job instance at 0x7f22c792f280>,38,16,[4 8],54,122,138,68,109
1,<environment.Job instance at 0x7f22ced62cd0>,0,18,[4 5],1,1,19,0,1
1,<environment.Job instance at 0x7f22ceeb5820>,4,15,[5 9],5,19,34,14,9
1,<environment.Job instance at 0x7f22ceeade60>,17,14,[8 2],26,34,48,8,26
1,<environment.Job instance at 0x7f22ceea9870>,24,17,[2 9],38,48,65,10,38
1,<environment.Job instance at 0x7f22ceea77d0>,32,12,[9 3],48,65,77,17,49
1,<environment.Job instance at 0x7f22ceea7820>,34,12,[5 3],50,77,89,27,61
1,<environment.Job instance at 0x7f22ced61320>,41,2,[1 6],57,82,84,25,82
1,<environment.Job instance at 0x7f22ced615f0>,42,3,[2 8],59,89,92,30,82
1,<environment.Job instance at 0x7f22ced61d70>,43,2,[ 3 10],61,92,94,31,82
1,<environment.Job instance at 0x7f22ced61b40>,45,17,[5 3],63,94,111,31,84
1,<environment.Job instance at 0x7f22ceeaee60>,51,15,[6 2],73,111,126,38,98
1,<environment.Job instance at 0x7f22ceeae3c0>,55,18,[7 4],77,126,144,49,115
1,<environment.Job instance at 0x7f2283b767d0>,8,13,[5 5],10,10,23,0,10
1,<environment.Job instance at 0x7f2283b76cd0>,9,18,[2 6],11,23,41,12,12
1,<environment.Job instance at 0x7f2283c4c280>,19,17,[6 2],22,23,40,1,22
1,<environment.Job instance at 0x7f2283b8b280>,21,20,[4 6],26,41,61,15,32
1,<environment.Job instance at 0x7f2283b76230>,10,14,[5 7],12,61,75,49,46
1,<environment.Job instance at 0x7f2283b8b230>,31,2,[1 5],40,75,77,35,58
1,<environment.Job instance at 0x7f228e93b820>,32,12,[7 3],41,75,87,34,64
1,<environment.Job instance at 0x7f2283c500f0>,36,12,[4 8],49,87,99,38,77
1,<environment.Job instance at 0x7f2283b8b640>,34,12,[5 6],45,99,111,54,82
1,<environment.Job instance at 0x7f2283c50410>,38,17,[6 2],52,111,128,59,110
1,<environment.Job instance at 0x7f2283c506e0>,45,13,[4 6],60,114,127,54,114
1,<environment.Job instance at 0x7f2283c2d870>,52,14,[1 6],71,127,141,56,114
1,<environment.Job instance at 0x7f2283c2dd70>,54,18,[9 2],74,128,146,54,118
1,<environment.Job instance at 0x7f2283c28820>,0,12,[2 8],1,1,13,0,1
1,<environment.Job instance at 0x7f2284131d20>,18,15,[6 4],27,37,52,10,37
1,<environment.Job instance at 0x7f2284119280>,21,19,[ 3 10],32,52,71,20,50
1,<environment.Job instance at 0x7f22841195f0>,23,14,[10  4],34,71,85,37,62
1,<environment.Job instance at 0x7f22840aabe0>,34,13,[5 6],46,85,98,39,73
1,<environment.Job instance at 0x7f2283d050a0>,42,18,[8 4],57,98,116,41,87
1,<environment.Job instance at 0x7f2283c4c050>,48,1,[3 7],64,116,117,52,105
1,<environment.Job instance at 0x7f2284119910>,22,17,[8 3],33,117,134,84,108
1,<environment.Job instance at 0x7f22c76f2140>,0,1,[9 1],3,3,4,0,3
1,<environment.Job instance at 0x7f2284119910>,1,12,[ 5 10],6,6,18,0,6
1,<environment.Job instance at 0x7f228402cc30>,5,13,[1 7],11,18,31,7,15
1,<environment.Job instance at 0x7f22840217d0>,16,1,[5 7],28,31,32,3,28
1,<environment.Job instance at 0x7f2284021730>,15,18,[ 4 10],27,32,50,5,31
1,<environment.Job instance at 0x7f2284021820>,17,13,[2 7],31,50,63,19,34
1,<environment.Job instance at 0x7f2284021eb0>,23,13,[7 5],42,63,76,21,48
1,<environment.Job instance at 0x7f2284021e10>,25,3,[3 5],44,63,66,19,52
1,<environment.Job instance at 0x7f22840250a0>,26,2,[4 7],45,76,78,31,52
1,<environment.Job instance at 0x7f2284025820>,32,14,[1 8],53,78,92,25,63
1,<environment.Job instance at 0x7f2284025b90>,36,1,[1 6],60,92,93,32,68
1,<environment.Job instance at 0x7f2284025d20>,37,3,[3 6],61,93,96,32,68
1,<environment.Job instance at 0x7f2284025d70>,38,1,[7 1],62,78,79,16,69
1,<environment.Job instance at 0x7f2284021910>,18,16,[1 5],32,96,112,64,87
1,<environment.Job instance at 0x7f2284023190>,41,25,[6 5],66,96,121,30,94
1,<environment.Job instance at 0x7f2284025e10>,40,15,[7 4],65,121,136,56,109
1,<environment.Job instance at 0x7f2284023550>,1,16,[ 3 10],2,2,18,0,2
1,<environment.Job instance at 0x7f22c77e51e0>,7,12,[7 5],11,18,30,7,11
1,<environment.Job instance at 0x7f22c77e5820>,10,18,[1 8],14,30,48,16,23
1,<environment.Job instance at 0x7f22ca2df780>,27,28,[5 6],35,52,80,17,52
1,<environment.Job instance at 0x7f22ca2df550>,26,16,[3 7],34,80,96,46,67
1,<environment.Job instance at 0x7f22ca2dfaa0>,32,1,[ 5 10],44,96,97,52,71
1,<environment.Job instance at 0x7f22ca10e0a0>,37,1,[5 9],53,97,98,44,80
1,<environment.Job instance at 0x7f22ca10e820>,39,2,[8 1],58,98,100,40,92
1,<environment.Job instance at 0x7f22ca10e2d0>,40,18,[7 3],59,100,118,41,92
1,<environment.Job instance at 0x7f22ca10ee10>,42,15,[9 2],61,118,133,57,104
1,<environment.Job instance at 0x7f22ca0945a0>,0,18,[4 5],1,1,19,0,1
1,<environment.Job instance at 0x7f2283e2a910>,10,2,[10  1],14,19,21,5,14
1,<environment.Job instance at 0x7f22ca3b24b0>,12,14,[9 1],17,21,35,4,19
1,<environment.Job instance at 0x7f2283fd05a0>,19,14,[5 7],26,35,49,9,29
1,<environment.Job instance at 0x7f22842ad140>,21,2,[4 6],31,49,51,18,31
1,<environment.Job instance at 0x7f22c7a3aaf0>,22,18,[3 8],32,51,69,19,40
1,<environment.Job instance at 0x7f22c7947f00>,13,16,[1 9],19,69,85,50,57
1,<environment.Job instance at 0x7f22c78c8fa0>,33,3,[3 8],49,85,88,36,63
1,<environment.Job instance at 0x7f22c78c8190>,38,17,[6 5],54,88,105,34,76
1,<environment.Job instance at 0x7f22ca45ccd0>,45,17,[10  1],64,105,122,41,103
1,<environment.Job instance at 0x7f22ca0b2eb0>,48,13,[6 1],70,122,135,52,111
1,<environment.Job instance at 0x7f22c7b7c870>,27,15,[3 8],41,122,137,81,111
1,<environment.Job instance at 0x7f22ca29aa00>,1,18,[10  4],2,2,20,0,2
1,<environment.Job instance at 0x7f22842ea5f0>,7,27,[8 1],11,20,47,9,20
1,<environment.Job instance at 0x7f22842eafa0>,18,15,[10  2],28,47,62,19,34
1,<environment.Job instance at 0x7f22842da730>,23,16,[10  3],38,62,78,24,51
1,<environment.Job instance at 0x7f22842daaf0>,32,17,[5 2],54,78,95,24,67
1,<environment.Job instance at 0x7f22842dafa0>,34,12,[5 5],57,78,90,21,69
1,<environment.Job instance at 0x7f22842d5690>,40,18,[ 5 10],68,95,113,27,84
1,<environment.Job instance at 0x7f22842d5f50>,48,12,[8 2],83,113,125,30,96
1,<environment.Job instance at 0x7f22842da9b0>,27,18,[5 8],45,125,143,80,115
1,<environment.Job instance at 0x7f22842d20f0>,0,2,[8 3],1,1,3,0,1
1,<environment.Job instance at 0x7f2283bd4690>,4,17,[5 2],5,5,22,0,5
1,<environment.Job instance at 0x7f22c7826320>,8,3,[1 5],10,10,13,0,10
1,<environment.Job instance at 0x7f2283bbb3c0>,9,18,[1 7],11,13,31,2,12
1,<environment.Job instance at 0x7f2283f1d820>,20,16,[6 1],24,24,40,0,24
1,<environment.Job instance at 0x7f2284142960>,23,12,[5 8],28,40,52,12,28
1,<environment.Job instance at 0x7f2283be2a00>,16,2,[4 8],19,52,54,33,50
1,<environment.Job instance at 0x7f2283f05910>,34,14,[9 1],44,54,68,10,51
1,<environment.Job instance at 0x7f2283be25a0>,15,18,[9 4],18,68,86,50,62
1,<environment.Job instance at 0x7f22ce949690>,42,14,[4 8],55,86,100,31,71
1,<environment.Job instance at 0x7f22c78ab7d0>,39,1,[1 9],49,100,101,51,83
1,<environment.Job instance at 0x7f2283d1d190>,47,15,[10  4],60,101,116,41,88
1,<environment.Job instance at 0x7f2283f05320>,33,22,[7 4],43,116,138,73,109
1,<environment.Job instance at 0x7f22c9fb6190>,0,14,[4 8],1,1,15,0,1
1,<environment.Job instance at 0x7f22c9fe0c80>,4,16,[6 4],7,15,31,8,7
1,<environment.Job instance at 0x7f228404c640>,16,25,[9 5],28,31,56,3,29
1,<environment.Job instance at 0x7f2283f745a0>,17,2,[4 9],29,56,58,27,29
1,<environment.Job instance at 0x7f22ca5c0500>,14,12,[4 7],25,58,70,33,42
1,<environment.Job instance at 0x7f2283edac80>,28,16,[5 3],48,63,79,15,63
1,<environment.Job instance at 0x7f22c7947b40>,36,1,[3 7],61,70,71,9,68
1,<environment.Job instance at 0x7f22c7947a50>,32,18,[4 9],55,81,99,26,81
1,<environment.Job instance at 0x7f2283d99a00>,0,12,[2 7],1,1,13,0,1
1,<environment.Job instance at 0x7f2283ef3c80>,3,14,[2 5],5,13,27,8,5
1,<environment.Job instance at 0x7f22ca083960>,8,12,[ 1 10],14,27,39,13,14
1,<environment.Job instance at 0x7f22ca09f320>,19,13,[2 9],26,39,52,13,26
1,<environment.Job instance at 0x7f22ca09f820>,23,12,[5 4],30,52,64,22,39
1,<environment.Job instance at 0x7f22ca09f910>,24,17,[8 3],35,64,81,29,52
1,<environment.Job instance at 0x7f22ca09f280>,17,13,[5 7],24,81,94,57,68
1,<environment.Job instance at 0x7f22ca09c190>,35,3,[1 9],50,94,97,44,81
1,<environment.Job instance at 0x7f22ca09c5f0>,39,2,[2 6],55,97,99,42,83
1,<environment.Job instance at 0x7f22ca09c730>,42,1,[4 7],59,99,100,40,83
1,<environment.Job instance at 0x7f22ca09c960>,43,3,[ 4 10],60,100,103,40,83
1,<environment.Job instance at 0x7f22ca09ffa0>,31,14,[4 8],44,103,117,59,88
1,<environment.Job instance at 0x7f22ca09c690>,45,12,[5 8],62,117,129,55,109
1,<environment.Job instance at 0x7f22ca076050>,51,13,[3 6],71,129,142,58,117
1,<environment.Job instance at 0x7f22ca076190>,1,17,[2 8],2,2,19,0,2
1,<environment.Job instance at 0x7f22c7947960>,10,14,[5 3],15,19,33,4,15
1,<environment.Job instance at 0x7f22c79477d0>,11,14,[5 5],16,19,33,3,16
1,<environment.Job instance at 0x7f22c7947820>,14,14,[ 2 10],21,33,47,12,21
1,<environment.Job instance at 0x7f22c78c85a0>,17,18,[9 4],27,47,65,20,36
1,<environment.Job instance at 0x7f22c9ebd410>,28,15,[1 9],41,65,80,24,52
1,<environment.Job instance at 0x7f22c9ebd870>,21,13,[4 7],32,80,93,48,66
1,<environment.Job instance at 0x7f22ca06ef50>,37,14,[2 6],50,93,107,43,79
1,<environment.Job instance at 0x7f22ca06e870>,41,14,[8 2],55,93,107,38,80
1,<environment.Job instance at 0x7f2283b72c80>,46,14,[8 3],63,107,121,44,92
1,<environment.Job instance at 0x7f2283b720a0>,48,1,[4 9],66,121,122,55,93
1,<environment.Job instance at 0x7f2283b72550>,51,2,[10  4],69,122,124,53,104
1,<environment.Job instance at 0x7f22ca0e8050>,53,19,[9 3],71,124,143,53,114
1,<environment.Job instance at 0x7f22ca4ca9b0>,1,1,[5 5],5,5,6,0,5
1,<environment.Job instance at 0x7f22c7dac140>,3,16,[3 6],7,7,23,0,7
1,<environment.Job instance at 0x7f22c9fceaf0>,6,13,[2 6],11,23,36,12,11
1,<environment.Job instance at 0x7f22c9fce500>,13,12,[6 1],18,23,35,5,23
1,<environment.Job instance at 0x7f22841e3410>,18,22,[2 9],27,36,58,9,29
1,<environment.Job instance at 0x7f22c7bf4910>,21,17,[5 2],33,58,75,25,46
1,<environment.Job instance at 0x7f22841e3e60>,19,22,[5 8],29,58,80,29,52
1,<environment.Job instance at 0x7f2284207f00>,30,3,[5 8],45,80,83,35,62
1,<environment.Job instance at 0x7f2284207b40>,26,20,[7 1],40,83,103,43,81
1,<environment.Job instance at 0x7f2283e8d9b0>,48,14,[5 5],71,105,119,34,105
1,<environment.Job instance at 0x7f22c7a9aaf0>,59,3,[4 8],88,119,122,31,105
1,<environment.Job instance at 0x7f22c7a9a870>,57,17,[7 3],85,122,139,37,116
1,<environment.Job instance at 0x7f22c79acd70>,0,15,[8 2],1,2,17,1,2
1,<environment.Job instance at 0x7f22c9fc7230>,7,17,[ 5 10],11,17,34,6,15
1,<environment.Job instance at 0x7f22c9fd0050>,19,12,[1 6],24,34,46,10,24
1,<environment.Job instance at 0x7f22c9fd0730>,18,17,[8 4],23,34,51,11,24
1,<environment.Job instance at 0x7f22c7938cd0>,32,14,[1 6],42,46,60,4,46
1,<environment.Job instance at 0x7f22c7c14eb0>,25,17,[1 9],30,60,77,30,48
1,<environment.Job instance at 0x7f2283c03a50>,28,24,[10  3],36,77,101,41,72
1,<environment.Job instance at 0x7f22c79231e0>,49,14,[4 8],62,101,115,39,86
1,<environment.Job instance at 0x7f22c9f875a0>,36,18,[6 1],46,101,119,55,90
1,<environment.Job instance at 0x7f22c7d88460>,56,15,[1 9],73,115,130,42,101
1,<environment.Job instance at 0x7f22c7d88820>,60,15,[7 2],78,130,145,52,117
1,<environment.Job instance at 0x7f22ca4b8910>,0,24,[9 2],1,6,30,5,6
1,<environment.Job instance at 0x7f22c7d5ec30>,16,16,[7 3],22,30,46,8,22
1,<environment.Job instance at 0x7f2284204f00>,12,25,[4 6],16,55,80,39,55
1,<environment.Job instance at 0x7f22c771f2d0>,27,13,[5 1],34,67,80,33,67
1,<environment.Job instance at 0x7f22c792cb40>,42,1,[9 4],54,80,81,26,68
1,<environment.Job instance at 0x7f22c792cb90>,43,2,[3 9],55,81,83,26,69
1,<environment.Job instance at 0x7f22c7ded5f0>,41,18,[8 4],53,83,101,30,72
1,<environment.Job instance at 0x7f22c7dca2d0>,50,14,[10  2],63,101,115,38,92
1,<environment.Job instance at 0x7f22c7826500>,53,14,[5 3],69,115,129,46,100
1,<environment.Job instance at 0x7f22c7dca3c0>,48,15,[3 9],61,129,144,68,117
1,<environment.Job instance at 0x7f2283b05b40>,58,1,[8 2],78,144,145,66,118
1,<environment.Job instance at 0x7f2283c22b90>,0,16,[6 4],1,1,17,0,1
1,<environment.Job instance at 0x7f22838f99b0>,20,18,[2 5],31,34,52,3,34
1,<environment.Job instance at 0x7f22c9f20820>,26,28,[6 2],42,49,77,7,49
1,<environment.Job instance at 0x7f22c7715050>,29,24,[2 6],45,63,87,18,63
1,<environment.Job instance at 0x7f22ca2bf960>,39,1,[3 5],60,87,88,27,76
1,<environment.Job instance at 0x7f22ca2bf780>,41,1,[5 4],63,77,78,14,77
1,<environment.Job instance at 0x7f22ca2bfdc0>,42,13,[6 1],64,78,91,14,78
1,<environment.Job instance at 0x7f22ca2bf370>,38,14,[4 7],59,88,102,29,79
1,<environment.Job instance at 0x7f22ceeb0500>,45,22,[6 3],67,91,113,24,84
1,<environment.Job instance at 0x7f22ced624b0>,51,12,[4 7],76,102,114,26,95
1,<environment.Job instance at 0x7f22ca2bf7d0>,44,22,[10  1],66,114,136,48,108
1,<environment.Job instance at 0x7f22c9fe5cd0>,2,1,[6 1],4,4,5,0,4
1,<environment.Job instance at 0x7f22c9fe5550>,3,13,[10  3],7,7,20,0,7
1,<environment.Job instance at 0x7f22c7e31aa0>,11,3,[6 3],23,23,26,0,23
1,<environment.Job instance at 0x7f22c7e3acd0>,12,20,[8 3],24,26,46,2,24
1,<environment.Job instance at 0x7f22c7e31190>,10,17,[2 6],20,32,49,12,32
1,<environment.Job instance at 0x7f22c7be0140>,15,1,[3 5],27,49,50,22,38
1,<environment.Job instance at 0x7f228421db40>,27,3,[ 2 10],44,50,53,6,44
1,<environment.Job instance at 0x7f228421d230>,29,2,[6 1],48,53,55,5,49
1,<environment.Job instance at 0x7f2283a86af0>,40,12,[9 1],64,74,86,10,74
1,<environment.Job instance at 0x7f2283a86be0>,41,14,[5 7],65,86,100,21,76
1,<environment.Job instance at 0x7f2283a86370>,43,13,[2 5],68,100,113,32,85
1,<environment.Job instance at 0x7f2283a94730>,48,16,[6 5],74,100,116,26,98
1,<environment.Job instance at 0x7f228401f050>,53,15,[8 4],86,116,131,30,112
1,<environment.Job instance at 0x7f228401f2d0>,2,12,[2 5],4,4,16,0,4
1,<environment.Job instance at 0x7f2283a95550>,3,1,[2 6],7,16,17,9,7
1,<environment.Job instance at 0x7f22cec72d20>,10,1,[ 2 10],16,17,18,1,16
1,<environment.Job instance at 0x7f22c9f4d230>,12,2,[2 6],19,19,21,0,19
1,<environment.Job instance at 0x7f22c9f4de60>,13,15,[4 8],22,22,37,0,22
1,<environment.Job instance at 0x7f22ca4b8730>,20,18,[ 3 10],36,37,55,1,37
1,<environment.Job instance at 0x7f22c7c70dc0>,23,15,[4 5],40,55,70,15,42
1,<environment.Job instance at 0x7f22c7c70eb0>,28,14,[3 6],47,70,84,23,60
1,<environment.Job instance at 0x7f22ca01c280>,33,13,[2 7],54,84,97,30,70
1,<environment.Job instance at 0x7f2283e4fa50>,39,14,[7 2],64,81,95,17,81
1,<environment.Job instance at 0x7f22ca2fff00>,40,17,[7 5],66,97,114,31,90
1,<environment.Job instance at 0x7f22ca49ea50>,49,15,[6 1],78,114,129,36,101
1,<environment.Job instance at 0x7f228426f230>,53,15,[4 9],84,114,129,30,112
1,<environment.Job instance at 0x7f2283b26a50>,55,18,[1 6],87,129,147,42,118
1,<environment.Job instance at 0x7f2283b26a50>,3,3,[1 8],5,5,8,0,5
1,<environment.Job instance at 0x7f22c79f7780>,4,21,[7 4],7,8,29,1,8
1,<environment.Job instance at 0x7f22c79f7230>,10,15,[9 4],17,29,44,12,17
1,<environment.Job instance at 0x7f22c773c370>,26,2,[2 7],42,44,46,2,42
1,<environment.Job instance at 0x7f22c773c1e0>,25,17,[4 9],41,46,63,5,43
1,<environment.Job instance at 0x7f22c773c230>,27,3,[1 5],43,63,66,20,43
1,<environment.Job instance at 0x7f22c773c3c0>,30,1,[ 5 10],48,66,67,18,48
1,<environment.Job instance at 0x7f2283d19460>,34,23,[1 7],53,67,90,14,61
1,<environment.Job instance at 0x7f2283d19dc0>,42,14,[7 4],65,90,104,25,75
1,<environment.Job instance at 0x7f22ceabaeb0>,33,17,[ 3 10],51,104,121,53,94
1,<environment.Job instance at 0x7f22c7ada4b0>,49,22,[8 5],73,121,143,48,115
1,<environment.Job instance at 0x7f22ca3fa9b0>,0,13,[4 6],1,1,14,0,1
1,<environment.Job instance at 0x7f22ca3fafa0>,3,16,[ 5 10],5,14,30,9,5
1,<environment.Job instance at 0x7f22c7ac6320>,22,2,[5 3],30,33,35,3,33
1,<environment.Job instance at 0x7f22c7ac6960>,19,16,[2 7],26,34,50,8,34
1,<environment.Job instance at 0x7f22c7ac66e0>,20,1,[7 5],28,50,51,22,39
1,<environment.Job instance at 0x7f22c7b73730>,26,3,[4 7],36,51,54,15,39
1,<environment.Job instance at 0x7f22c7ac6f50>,21,14,[2 9],29,54,68,25,41
1,<environment.Job instance at 0x7f22c7ab7690>,33,15,[9 5],48,68,83,20,54
1,<environment.Job instance at 0x7f22c7ab18c0>,42,14,[5 6],61,83,97,22,71
1,<environment.Job instance at 0x7f22c7d98690>,46,16,[9 1],71,97,113,26,84
1,<environment.Job instance at 0x7f22c7b60a50>,55,18,[5 5],83,113,131,30,103
1,<environment.Job instance at 0x7fbe14ae8f00>,1,15,[ 4 10],4,4,19,0,4
1,<environment.Job instance at 0x7fbe14ae9190>,4,17,[2 8],8,19,36,11,9
1,<environment.Job instance at 0x7fbe0d6d9e10>,16,15,[7 3],22,36,51,14,22
1,<environment.Job instance at 0x7fbe0d6dd230>,20,12,[8 5],27,51,63,24,34
1,<environment.Job instance at 0x7fbe0d6d9690>,10,16,[5 6],14,63,79,49,51
1,<environment.Job instance at 0x7fbe0d6ddcd0>,30,1,[2 6],41,79,80,38,78
1,<environment.Job instance at 0x7fbe0d6dd8c0>,31,3,[5 4],43,78,81,35,78
1,<environment.Job instance at 0x7fbe0d6dde10>,32,17,[7 2],45,81,98,36,78
1,<environment.Job instance at 0x7fbe0d6dde60>,36,3,[2 7],51,81,84,30,80
1,<environment.Job instance at 0x7fbe0d6df3c0>,38,16,[4 8],54,106,122,52,106
1,<environment.Job instance at 0x7fbe0d6df870>,43,16,[10  5],59,122,138,63,111
1,<environment.Job instance at 0x7fbe0d6df8c0>,47,2,[2 7],64,138,140,74,126
1,<environment.Job instance at 0x7fbe0d6dfaf0>,48,13,[5 5],66,140,153,74,126
1,<environment.Job instance at 0x7fbe14c55730>,0,2,[2 5],1,1,3,0,1
1,<environment.Job instance at 0x7fbe14c55280>,3,3,[ 3 10],6,6,9,0,6
1,<environment.Job instance at 0x7fbe14c582d0>,7,3,[5 7],10,10,13,0,10
1,<environment.Job instance at 0x7fbe14c580a0>,8,2,[5 7],14,14,16,0,14
1,<environment.Job instance at 0x7fbe14c58e10>,10,14,[8 2],16,16,30,0,16
1,<environment.Job instance at 0x7fbe14c5f3c0>,13,14,[ 4 10],22,30,44,8,30
1,<environment.Job instance at 0x7fbe14c56640>,21,2,[1 6],33,44,46,11,33
1,<environment.Job instance at 0x7fbe14c5f0f0>,16,2,[5 5],26,46,48,20,36
1,<environment.Job instance at 0x7fbe14c5dd70>,25,12,[9 3],38,48,60,10,38
1,<environment.Job instance at 0x7fbe14c5ae60>,30,16,[3 5],43,60,76,17,47
1,<environment.Job instance at 0x7fbe14b10be0>,41,13,[3 5],56,63,76,7,63
1,<environment.Job instance at 0x7fbe14c5a6e0>,28,1,[ 1 10],41,76,77,35,70
1,<environment.Job instance at 0x7fbe14b10d20>,43,18,[ 1 10],61,77,95,16,70
1,<environment.Job instance at 0x7fbe14c649b0>,48,18,[7 4],67,95,113,28,87
1,<environment.Job instance at 0x7fbe14c630a0>,57,17,[ 2 10],78,113,130,35,104
1,<environment.Job instance at 0x7fbe14c639b0>,64,17,[ 1 10],86,130,147,44,118
1,<environment.Job instance at 0x7fbdc9a6e960>,1,17,[6 2],2,2,19,0,2
1,<environment.Job instance at 0x7fbdc998aa50>,13,2,[1 5],20,22,24,2,22
1,<environment.Job instance at 0x7fbdc998a320>,12,14,[9 3],18,24,38,6,24
1,<environment.Job instance at 0x7fbdc998aa00>,14,12,[7 3],21,38,50,17,26
1,<environment.Job instance at 0x7fbe0d930960>,20,17,[6 2],32,50,67,18,40
1,<environment.Job instance at 0x7fbe0d49f230>,28,3,[5 5],41,67,70,26,64
1,<environment.Job instance at 0x7fbe0d4b8870>,29,17,[4 7],43,70,87,27,64
1,<environment.Job instance at 0x7fbdc99eb460>,35,19,[5 1],52,76,95,24,76
1,<environment.Job instance at 0x7fbdc9973c80>,36,18,[9 2],54,95,113,41,84
1,<environment.Job instance at 0x7fbdc9973820>,44,18,[10  3],62,113,131,51,104
1,<environment.Job instance at 0x7fbdc99ef820>,51,18,[3 9],73,131,149,58,120
1,<environment.Job instance at 0x7fbe0d885a50>,3,14,[10  4],4,4,18,0,4
1,<environment.Job instance at 0x7fbe0d730050>,7,16,[1 5],9,18,34,9,9
1,<environment.Job instance at 0x7fbe0d7fae60>,13,18,[4 7],15,34,52,19,23
1,<environment.Job instance at 0x7fbe0d6c4190>,24,14,[5 9],29,52,66,23,37
1,<environment.Job instance at 0x7fbe0d86db90>,14,13,[5 6],16,66,79,50,51
1,<environment.Job instance at 0x7fbdc9b09550>,38,15,[10  2],45,79,94,34,66
1,<environment.Job instance at 0x7fbdc9e48410>,42,1,[6 2],53,94,95,41,66
1,<environment.Job instance at 0x7fbe0d713be0>,2,17,[8 3],3,95,112,92,83
1,<environment.Job instance at 0x7fbe0fdcf550>,0,13,[7 5],2,2,15,0,2
1,<environment.Job instance at 0x7fbe0d4f1910>,9,14,[1 8],13,15,29,2,13
1,<environment.Job instance at 0x7fbe0d4f14b0>,11,1,[3 9],15,29,30,14,18
1,<environment.Job instance at 0x7fbe101d25a0>,13,1,[1 6],20,30,31,10,20
1,<environment.Job instance at 0x7fbe0db2b410>,19,1,[2 7],27,31,32,4,29
1,<environment.Job instance at 0x7fbe0db2b5f0>,21,18,[8 3],29,32,50,3,32
1,<environment.Job instance at 0x7fbe0db370a0>,24,18,[10  1],35,50,68,15,40
1,<environment.Job instance at 0x7fbe0db46320>,27,14,[8 3],38,68,82,30,61
1,<environment.Job instance at 0x7fbe0db466e0>,33,14,[10  5],45,82,96,37,76
1,<environment.Job instance at 0x7fbe0db48e60>,42,12,[3 6],56,96,108,40,90
1,<environment.Job instance at 0x7fbe0db16730>,44,16,[5 7],61,108,124,47,96
1,<environment.Job instance at 0x7fbe0db16dc0>,51,18,[ 3 10],72,124,142,52,113
1,<environment.Job instance at 0x7fbe0db19410>,17,15,[7 4],25,142,157,117,129
1,<environment.Job instance at 0x7fbe0fd36960>,1,14,[4 9],2,2,16,0,2
1,<environment.Job instance at 0x7fbe0fd36c80>,6,13,[10  3],10,16,29,6,14
1,<environment.Job instance at 0x7fbe0db60690>,15,15,[2 8],23,29,44,6,23
1,<environment.Job instance at 0x7fbe0db60730>,16,16,[4 8],26,44,60,18,31
1,<environment.Job instance at 0x7fbe0d9f0500>,31,2,[5 1],49,50,52,1,50
1,<environment.Job instance at 0x7fbe0d9f0c80>,32,1,[3 8],51,60,61,9,52
1,<environment.Job instance at 0x7fbe0d9f04b0>,34,17,[7 3],54,61,78,7,54
1,<environment.Job instance at 0x7fbe0d562e60>,46,2,[2 5],69,69,71,0,69
1,<environment.Job instance at 0x7fbe0d562be0>,47,18,[4 5],71,78,96,7,71
1,<environment.Job instance at 0x7fbe103c85f0>,55,12,[2 8],82,96,108,14,83
1,<environment.Job instance at 0x7fbe0dab3960>,59,14,[9 1],87,108,122,21,93
1,<environment.Job instance at 0x7fbe0fd36780>,8,13,[10  4],12,122,135,110,107
1,<environment.Job instance at 0x7fbe0d9f0410>,33,15,[5 8],52,135,150,83,126
1,<environment.Job instance at 0x7fbe10182e60>,73,2,[7 2],109,150,152,41,127
1,<environment.Job instance at 0x7fbe1005da00>,1,17,[10  1],4,4,21,0,4
1,<environment.Job instance at 0x7fbe0da06af0>,9,1,[1 7],17,21,22,4,17
1,<environment.Job instance at 0x7fbe0d8d35f0>,14,12,[2 5],23,25,37,2,25
1,<environment.Job instance at 0x7fbdc9ed0960>,16,17,[1 6],25,37,54,12,30
1,<environment.Job instance at 0x7fbdc9ab35f0>,33,13,[3 9],47,54,67,7,54
1,<environment.Job instance at 0x7fbe0dac69b0>,41,13,[5 1],60,62,75,2,62
1,<environment.Job instance at 0x7fbe0fc5d0a0>,42,17,[9 5],61,75,92,14,65
1,<environment.Job instance at 0x7fbe0fc5daf0>,43,18,[10  4],62,92,110,30,90
1,<environment.Job instance at 0x7fbdc9a0e550>,50,15,[10  3],72,110,125,38,96
1,<environment.Job instance at 0x7fbe101a3550>,60,15,[10  2],88,125,140,37,119
1,<environment.Job instance at 0x7fbe0fcec0a0>,63,18,[6 4],93,140,158,47,129
1,<environment.Job instance at 0x7fbe0fcec230>,1,1,[1 8],3,3,4,0,3
1,<environment.Job instance at 0x7fbe0fcec0a0>,3,2,[3 9],5,5,7,0,5
1,<environment.Job instance at 0x7fbe0d996550>,4,14,[1 8],8,8,22,0,8
1,<environment.Job instance at 0x7fbe1024e6e0>,14,3,[5 6],22,23,26,1,23
1,<environment.Job instance at 0x7fbe1024e5a0>,12,22,[4 9],20,26,48,6,24
1,<environment.Job instance at 0x7fbe1024ee10>,19,16,[7 1],28,48,64,20,35
1,<environment.Job instance at 0x7fbe10249550>,26,2,[4 5],36,64,66,28,44
1,<environment.Job instance at 0x7fbe1024eeb0>,20,1,[1 5],29,54,55,25,54
1,<environment.Job instance at 0x7fbe102496e0>,31,13,[5 5],44,64,77,20,58
1,<environment.Job instance at 0x7fbe10249dc0>,38,1,[7 4],54,77,78,23,62
1,<environment.Job instance at 0x7fbdc9bc69b0>,44,18,[1 7],61,81,99,20,81
1,<environment.Job instance at 0x7fbdc9bc6d70>,48,3,[2 6],66,99,102,33,81
1,<environment.Job instance at 0x7fbdc9bc6cd0>,50,18,[9 4],68,102,120,34,91
1,<environment.Job instance at 0x7fbdc9bdaaa0>,62,17,[7 3],84,120,137,36,118
1,<environment.Job instance at 0x7fbe0d5b3910>,0,12,[3 8],2,2,14,0,2
1,<environment.Job instance at 0x7fbe0fe15370>,8,13,[ 2 10],15,15,28,0,15
1,<environment.Job instance at 0x7fbe0dbc7370>,13,14,[10  2],24,30,44,6,30
1,<environment.Job instance at 0x7fbdca02b910>,15,18,[10  4],26,44,62,18,38
1,<environment.Job instance at 0x7fbe0d747280>,24,3,[6 2],40,73,76,33,73
1,<environment.Job instance at 0x7fbe0d747af0>,25,14,[4 8],41,75,89,34,75
1,<environment.Job instance at 0x7fbe0d60b1e0>,29,16,[6 4],47,89,105,42,79
1,<environment.Job instance at 0x7fbe0d849730>,28,15,[9 2],44,105,120,61,91
1,<environment.Job instance at 0x7fbe0ffda1e0>,37,16,[5 4],63,120,136,57,107
1,<environment.Job instance at 0x7fbe0fe61640>,39,12,[4 7],65,136,148,71,119
1,<environment.Job instance at 0x7fbdc9f84a00>,1,18,[3 7],2,2,20,0,2
1,<environment.Job instance at 0x7fbe0fcec410>,12,17,[8 4],18,20,37,2,18
1,<environment.Job instance at 0x7fbe0d7fa820>,19,18,[5 5],27,37,55,10,28
1,<environment.Job instance at 0x7fbdc9ac6d20>,11,14,[5 5],16,37,51,21,33
1,<environment.Job instance at 0x7fbe0fcec960>,14,3,[8 4],21,55,58,34,40
1,<environment.Job instance at 0x7fbe0d650870>,33,2,[2 8],46,58,60,12,46
1,<environment.Job instance at 0x7fbe0d650be0>,35,17,[5 4],48,60,77,12,48
1,<environment.Job instance at 0x7fbe0d6505a0>,41,17,[10  5],55,77,94,22,65
1,<environment.Job instance at 0x7fbe0d7dfeb0>,46,12,[5 4],60,94,106,34,77
1,<environment.Job instance at 0x7fbe0d515f50>,48,25,[8 5],66,106,131,40,102
1,<environment.Job instance at 0x7fbdc9f68960>,60,17,[2 9],82,131,148,49,121
1,<environment.Job instance at 0x7fbe0fe4da50>,0,28,[8 1],3,12,40,9,12
1,<environment.Job instance at 0x7fbe0fee6230>,23,14,[5 3],35,40,54,5,35
1,<environment.Job instance at 0x7fbe0fee6410>,24,14,[5 5],36,40,54,4,36
1,<environment.Job instance at 0x7fbe0fee63c0>,30,18,[9 4],47,54,72,7,50
1,<environment.Job instance at 0x7fbe0fed8b90>,16,3,[1 7],26,72,75,46,50
1,<environment.Job instance at 0x7fbe0fee6dc0>,33,18,[8 2],51,72,90,21,61
1,<environment.Job instance at 0x7fbe0fecb190>,37,15,[10  2],55,90,105,35,76
1,<environment.Job instance at 0x7fbe0fecb550>,41,15,[1 9],61,105,120,44,94
1,<environment.Job instance at 0x7fbe0fecb910>,44,1,[ 1 10],64,120,121,56,94
1,<environment.Job instance at 0x7fbe0fee6d20>,32,13,[1 7],49,121,134,72,107
1,<environment.Job instance at 0x7fbe0fecbc80>,47,16,[5 1],67,121,137,54,109
1,<environment.Job instance at 0x7fbe0fecbf50>,53,2,[4 5],74,134,136,60,118
1,<environment.Job instance at 0x7fbe0fed64b0>,56,16,[6 4],80,137,153,57,124
1,<environment.Job instance at 0x7fbe0dbc55f0>,0,1,[3 8],2,2,3,0,2
1,<environment.Job instance at 0x7fbe0dbc5aa0>,4,2,[8 4],9,9,11,0,9
1,<environment.Job instance at 0x7fbe0dbc56e0>,5,17,[2 9],10,11,28,1,10
1,<environment.Job instance at 0x7fbdc9ac6e60>,9,16,[3 6],17,28,44,11,17
1,<environment.Job instance at 0x7fbe0d8918c0>,10,14,[6 3],18,28,42,10,18
1,<environment.Job instance at 0x7fbe0d891d20>,13,18,[7 3],22,42,60,20,39
1,<environment.Job instance at 0x7fbe0d4a0370>,30,14,[3 5],47,47,61,0,47
1,<environment.Job instance at 0x7fbe0d4a0230>,31,3,[7 2],49,60,63,11,49
1,<environment.Job instance at 0x7fbdc9d9e640>,20,14,[5 3],32,63,77,31,53
1,<environment.Job instance at 0x7fbdc9e799b0>,22,3,[10  4],35,77,80,42,57
1,<environment.Job instance at 0x7fbe0ffd6f00>,35,17,[4 9],54,80,97,26,68
1,<environment.Job instance at 0x7fbdc9e79fa0>,24,22,[2 9],37,97,119,60,91
1,<environment.Job instance at 0x7fbe0d8ed460>,53,19,[6 5],79,119,138,40,109
1,<environment.Job instance at 0x7fbdc9fa4e10>,67,16,[9 1],100,138,154,38,126
1,<environment.Job instance at 0x7fbdc9fa4e10>,2,13,[5 5],3,3,16,0,3
1,<environment.Job instance at 0x7fbdc9917230>,7,17,[ 5 10],11,16,33,5,15
1,<environment.Job instance at 0x7fbe103ca0f0>,13,2,[7 4],18,33,35,15,18
1,<environment.Job instance at 0x7fbe103ca5f0>,14,2,[3 6],19,33,35,14,19
1,<environment.Job instance at 0x7fbe103cad70>,15,14,[3 9],20,35,49,15,20
1,<environment.Job instance at 0x7fbe0db7caf0>,24,3,[5 5],29,49,52,20,29
1,<environment.Job instance at 0x7fbdc9917500>,9,14,[1 7],13,52,66,39,39
1,<environment.Job instance at 0x7fbe0dbf1230>,33,14,[5 9],43,66,80,23,51
1,<environment.Job instance at 0x7fbe0db7c640>,20,17,[8 4],25,80,97,55,71
1,<environment.Job instance at 0x7fbe0da003c0>,41,22,[8 5],51,97,119,46,91
1,<environment.Job instance at 0x7fbe0d51fdc0>,51,18,[3 5],64,119,137,55,108
1,<environment.Job instance at 0x7fbe0d4a2eb0>,57,13,[5 4],74,119,132,45,116
1,<environment.Job instance at 0x7fbe0d4a20f0>,64,1,[3 6],83,137,138,54,121
1,<environment.Job instance at 0x7fbe0d51f0f0>,49,14,[4 8],62,138,152,76,123
1,<environment.Job instance at 0x7fbdca045190>,4,26,[2 9],7,7,33,0,7
1,<environment.Job instance at 0x7fbdca045e10>,6,19,[7 5],9,33,52,24,33
1,<environment.Job instance at 0x7fbe103fb280>,30,19,[5 7],40,52,71,12,52
1,<environment.Job instance at 0x7fbe0d5c41e0>,36,17,[5 2],47,54,71,7,54
1,<environment.Job instance at 0x7fbe0d8588c0>,39,15,[3 9],51,71,86,20,57
1,<environment.Job instance at 0x7fbe0dbfe410>,43,13,[2 8],57,86,99,29,70
1,<environment.Job instance at 0x7fbe0d861af0>,50,17,[6 3],69,99,116,30,87
1,<environment.Job instance at 0x7fbe0d861410>,56,19,[2 5],78,99,118,21,99
1,<environment.Job instance at 0x7fbe0d861b40>,58,12,[5 7],82,118,130,36,109
1,<environment.Job instance at 0x7fbdc9cea730>,59,17,[5 8],86,130,147,44,118
1,<environment.Job instance at 0x7fbdc9cfcd70>,1,1,[4 9],3,3,4,0,3
1,<environment.Job instance at 0x7fbe0fdf3910>,3,13,[5 3],9,9,22,0,9
1,<environment.Job instance at 0x7fbe0d63e3c0>,6,15,[2 6],13,13,28,0,13
1,<environment.Job instance at 0x7fbe0d63e140>,7,16,[10  4],16,28,44,12,16
1,<environment.Job instance at 0x7fbdc9d6a3c0>,18,1,[9 2],32,44,45,12,32
1,<environment.Job instance at 0x7fbdc98ea410>,21,17,[7 1],36,45,62,9,37
1,<environment.Job instance at 0x7fbe0d606910>,30,22,[6 3],47,62,84,15,55
1,<environment.Job instance at 0x7fbdc9cb78c0>,35,14,[5 8],52,84,98,32,69
1,<environment.Job instance at 0x7fbe0da971e0>,39,19,[5 4],62,98,117,36,88
1,<environment.Job instance at 0x7fbdc9c4bcd0>,14,24,[2 6],25,98,122,73,94
1,<environment.Job instance at 0x7fbe0fcaeb90>,46,16,[9 1],70,122,138,52,110
1,<environment.Job instance at 0x7fbdc9eabf50>,2,13,[10  5],3,3,16,0,3
1,<environment.Job instance at 0x7fbdc9662cd0>,3,1,[ 3 10],4,16,17,12,4
1,<environment.Job instance at 0x7fbdc9662500>,7,19,[6 4],9,17,36,8,9
1,<environment.Job instance at 0x7fbdc97281e0>,22,17,[ 4 10],33,36,53,3,33
1,<environment.Job instance at 0x7fbdc9728e10>,23,12,[9 1],34,53,65,19,37
1,<environment.Job instance at 0x7fbdc966e460>,33,18,[8 3],48,65,83,17,55
1,<environment.Job instance at 0x7fbdc966eb90>,37,2,[5 6],57,83,85,26,61
1,<environment.Job instance at 0x7fbdc96d45a0>,40,12,[5 7],64,85,97,21,71
1,<environment.Job instance at 0x7fbdc96d4280>,43,17,[4 5],68,97,114,29,85
1,<environment.Job instance at 0x7fbdc96d4320>,51,17,[3 5],79,97,114,18,96
1,<environment.Job instance at 0x7fbdc966eaa0>,35,17,[2 9],55,114,131,59,103
1,<environment.Job instance at 0x7fbdc9666be0>,58,16,[7 4],88,131,147,43,118
1,<environment.Job instance at 0x7fbdc9666050>,56,18,[1 5],86,131,149,45,121
1,<environment.Job instance at 0x7fbe0db837d0>,0,27,[10  5],2,4,31,2,4
1,<environment.Job instance at 0x7fbe0d5b2dc0>,2,16,[1 8],4,31,47,27,26
1,<environment.Job instance at 0x7fbdc9e6f2d0>,11,16,[7 3],20,47,63,27,34
1,<environment.Job instance at 0x7fbdc9e79d20>,22,2,[2 9],34,63,65,29,55
1,<environment.Job instance at 0x7fbdc9e876e0>,10,16,[4 9],17,65,81,48,55
1,<environment.Job instance at 0x7fbdc9e790a0>,23,17,[5 1],36,63,80,27,55
1,<environment.Job instance at 0x7fbdc9e8f1e0>,25,15,[6 1],38,80,95,42,67
1,<environment.Job instance at 0x7fbdc9e9c550>,29,15,[4 9],44,81,96,37,69
1,<environment.Job instance at 0x7fbdc9e6ff00>,16,17,[7 5],26,96,113,70,84
1,<environment.Job instance at 0x7fbdc98743c0>,41,3,[2 8],61,113,116,52,97
1,<environment.Job instance at 0x7fbdc9874e60>,42,3,[7 4],62,116,119,54,98
1,<environment.Job instance at 0x7fbe10231aa0>,47,16,[7 2],72,119,135,47,106
1,<environment.Job instance at 0x7fbe0d51f9b0>,0,17,[ 3 10],1,1,18,0,1
1,<environment.Job instance at 0x7fbe0d51fa00>,4,2,[2 5],7,18,20,11,7
1,<environment.Job instance at 0x7fbe0dab2b90>,2,14,[1 7],4,20,34,16,7
1,<environment.Job instance at 0x7fbdc9b72c80>,13,2,[ 5 10],19,34,36,15,19
1,<environment.Job instance at 0x7fbdc9b72780>,17,13,[1 9],24,36,49,12,24
1,<environment.Job instance at 0x7fbe0d467230>,25,12,[6 1],34,36,48,2,35
1,<environment.Job instance at 0x7fbe14c53550>,20,1,[6 3],28,49,50,21,39
1,<environment.Job instance at 0x7fbdc9b72e10>,16,22,[8 5],23,50,72,27,43
1,<environment.Job instance at 0x7fbe102dac80>,39,3,[3 5],52,72,75,20,70
1,<environment.Job instance at 0x7fbe102dabe0>,40,12,[1 9],53,75,87,22,70
1,<environment.Job instance at 0x7fbe102da230>,41,13,[4 7],54,87,100,33,71
1,<environment.Job instance at 0x7fbe102da820>,43,3,[9 2],57,100,103,43,83
1,<environment.Job instance at 0x7fbe102daa00>,44,2,[5 9],58,103,105,45,83
1,<environment.Job instance at 0x7fbdc96f9550>,48,16,[ 2 10],63,105,121,42,93
1,<environment.Job instance at 0x7fbe0d63ea50>,58,17,[10  2],73,121,138,48,109
1,<environment.Job instance at 0x7fbdc9d21730>,64,13,[6 4],84,138,151,54,125
1,<environment.Job instance at 0x7fbe0fcfd640>,0,14,[5 6],1,1,15,0,1
1,<environment.Job instance at 0x7fbdc9815320>,7,13,[2 6],16,16,29,0,16
1,<environment.Job instance at 0x7fbdc9815140>,13,18,[5 5],23,29,47,6,26
1,<environment.Job instance at 0x7fbe0d524690>,17,13,[5 2],32,32,45,0,32
1,<environment.Job instance at 0x7fbe0d5247d0>,19,25,[8 2],34,47,72,13,44
1,<environment.Job instance at 0x7fbe0d524c30>,21,16,[5 5],36,72,88,36,62
1,<environment.Job instance at 0x7fbe0ff97d20>,35,26,[5 4],53,78,104,25,78
1,<environment.Job instance at 0x7fbe0da536e0>,44,18,[3 8],69,104,122,35,95
1,<environment.Job instance at 0x7fbe0da53dc0>,49,23,[5 3],75,122,145,47,118
1,<environment.Job instance at 0x7fbe0da53460>,52,15,[3 7],79,122,137,43,121
1,<environment.Job instance at 0x7fbe0db7b2d0>,1,16,[5 5],2,2,18,0,2
1,<environment.Job instance at 0x7fbdc9603a50>,8,3,[5 2],12,15,18,3,15
1,<environment.Job instance at 0x7fbe0db7be10>,4,19,[3 9],8,18,37,10,16
1,<environment.Job instance at 0x7fbe0fdb4820>,18,2,[1 6],24,37,39,13,24
1,<environment.Job instance at 0x7fbe0d5a6aa0>,16,16,[7 4],22,37,53,15,27
1,<environment.Job instance at 0x7fbdc9e7ffa0>,6,18,[5 2],10,55,73,45,55
1,<environment.Job instance at 0x7fbdc97f3370>,33,14,[4 5],45,72,86,27,72
1,<environment.Job instance at 0x7fbdc97f3e60>,36,16,[8 1],49,86,102,37,74
1,<environment.Job instance at 0x7fbdc97f3960>,32,14,[ 5 10],43,102,116,59,96
1,<environment.Job instance at 0x7fbe0d8c41e0>,45,19,[8 1],62,116,135,54,111
1,<environment.Job instance at 0x7fbe0d8c4550>,53,18,[2 8],70,124,142,54,124
1,<environment.Job instance at 0x7fbe0d8c4fa0>,55,13,[6 3],72,142,155,70,126
1,<environment.Job instance at 0x7f734f168dc0>,1,15,[ 4 10],4,4,19,0,4
1,<environment.Job instance at 0x7f734f0df0a0>,2,14,[5 5],5,19,33,14,5
1,<environment.Job instance at 0x7f7347cd0be0>,15,3,[1 6],21,33,36,12,25
1,<environment.Job instance at 0x7f7347cd0d70>,16,15,[7 3],22,33,48,11,25
1,<environment.Job instance at 0x7f7347cd0a00>,11,1,[3 9],15,48,49,33,27
1,<environment.Job instance at 0x7f7347cd0c30>,17,15,[7 5],23,49,64,26,36
1,<environment.Job instance at 0x7f7347cd4500>,24,18,[4 5],31,64,82,33,53
1,<environment.Job instance at 0x7f7347cd4870>,28,18,[6 5],38,65,83,27,65
1,<environment.Job instance at 0x7f7347cd0460>,5,14,[8 5],9,83,97,74,69
1,<environment.Job instance at 0x7f7347cd4a50>,30,1,[2 6],41,97,98,56,87
1,<environment.Job instance at 0x7f7347cd4be0>,36,3,[2 7],51,98,101,47,87
1,<environment.Job instance at 0x7f7347cd4f00>,35,14,[6 2],49,97,111,48,89
1,<environment.Job instance at 0x7f7347cd62d0>,41,18,[6 5],57,111,129,54,100
1,<environment.Job instance at 0x7f7347cd0690>,12,19,[ 4 10],17,129,148,112,123
1,<environment.Job instance at 0x7f734f2520a0>,5,14,[ 4 10],12,12,26,0,12
1,<environment.Job instance at 0x7f734f252d70>,6,16,[8 1],13,26,42,13,20
1,<environment.Job instance at 0x7f734f25a730>,17,12,[9 3],28,42,54,14,32
1,<environment.Job instance at 0x7f734f255c30>,25,1,[10  3],36,54,55,18,51
1,<environment.Job instance at 0x7f734f255320>,26,2,[1 6],37,51,53,14,51
1,<environment.Job instance at 0x7f734f255af0>,27,3,[2 8],39,55,58,16,51
1,<environment.Job instance at 0x7f734f255c80>,28,2,[ 3 10],41,58,60,17,52
1,<environment.Job instance at 0x7f734f2553c0>,29,2,[8 3],42,60,62,18,52
1,<environment.Job instance at 0x7f734f2465f0>,10,12,[5 6],20,62,74,42,53
1,<environment.Job instance at 0x7f734f250e60>,32,1,[2 7],45,60,61,15,54
1,<environment.Job instance at 0x7f734f250d70>,33,13,[3 5],46,74,87,28,58
1,<environment.Job instance at 0x7f734f250230>,34,13,[10  4],47,87,100,40,81
1,<environment.Job instance at 0x7f734f106aa0>,44,16,[2 7],62,100,116,38,89
1,<environment.Job instance at 0x7f734f106d70>,46,3,[7 5],64,116,119,52,96
1,<environment.Job instance at 0x7f734f2532d0>,48,13,[7 4],66,119,132,53,103
1,<environment.Job instance at 0x7f7347bd7be0>,56,17,[ 1 10],76,132,149,56,120
1,<environment.Job instance at 0x7f734f259f50>,63,15,[3 8],86,149,164,63,136
1,<environment.Job instance at 0x7f7303f1d190>,0,12,[7 3],1,1,13,0,1
1,<environment.Job instance at 0x7f734f121b40>,3,12,[8 2],6,13,25,7,8
1,<environment.Job instance at 0x7f730404c140>,11,23,[2 9],18,68,91,50,68
1,<environment.Job instance at 0x7f7304062140>,32,14,[1 5],46,91,105,45,83
1,<environment.Job instance at 0x7f7347eda230>,28,12,[8 3],40,91,103,51,83
1,<environment.Job instance at 0x7f7304062d70>,36,12,[5 7],52,105,117,53,102
1,<environment.Job instance at 0x7f7304062870>,40,14,[ 3 10],56,117,131,61,105
1,<environment.Job instance at 0x7f7303f810f0>,47,13,[1 9],64,131,144,67,115
1,<environment.Job instance at 0x7f7303fe48c0>,51,13,[5 8],72,144,157,72,128
1,<environment.Job instance at 0x7f73042f7be0>,0,16,[5 9],1,1,17,0,1
1,<environment.Job instance at 0x7f73041025a0>,13,15,[10  2],15,26,41,11,26
1,<environment.Job instance at 0x7f7347f99f00>,9,13,[7 1],11,41,54,30,28
1,<environment.Job instance at 0x7f7347d3ed70>,29,18,[8 3],40,54,72,14,51
1,<environment.Job instance at 0x7f7347d3e320>,31,15,[7 3],42,72,87,30,59
1,<environment.Job instance at 0x7f7303f2dcd0>,35,13,[9 4],54,87,100,33,75
1,<environment.Job instance at 0x7f7303f73960>,38,18,[5 1],58,100,118,42,89
1,<environment.Job instance at 0x7f730406e280>,43,3,[5 7],67,100,103,33,95
1,<environment.Job instance at 0x7f730406e6e0>,45,15,[5 2],70,103,118,33,99
1,<environment.Job instance at 0x7f730406ebe0>,44,18,[7 3],68,118,136,50,107
1,<environment.Job instance at 0x7f73040abc80>,50,1,[5 5],77,136,137,59,108
1,<environment.Job instance at 0x7f7348074b40>,46,13,[1 7],71,118,131,47,112
1,<environment.Job instance at 0x7f7347d283c0>,20,17,[ 4 10],26,137,154,111,130
1,<environment.Job instance at 0x7f7304152410>,57,1,[5 7],88,154,155,66,139
1,<environment.Job instance at 0x7f7347dc64b0>,0,28,[6 5],2,2,30,0,2
1,<environment.Job instance at 0x7f730430a730>,12,12,[3 6],16,30,42,14,17
1,<environment.Job instance at 0x7f7304671230>,9,14,[6 5],13,42,56,29,27
1,<environment.Job instance at 0x7f734813b6e0>,8,13,[2 7],12,56,69,44,41
1,<environment.Job instance at 0x7f73042dc320>,28,16,[ 3 10],42,69,85,27,58
1,<environment.Job instance at 0x7f73042ef780>,11,18,[8 4],15,85,103,70,76
1,<environment.Job instance at 0x7f73042d93c0>,41,2,[5 7],58,103,105,45,89
1,<environment.Job instance at 0x7f73042dfcd0>,42,14,[6 3],59,105,119,46,90
1,<environment.Job instance at 0x7f73042df730>,45,12,[1 6],66,116,128,50,116
1,<environment.Job instance at 0x7f73042dfd70>,46,2,[5 9],67,128,130,61,116
1,<environment.Job instance at 0x7f73042dff50>,48,2,[8 2],69,119,121,50,116
1,<environment.Job instance at 0x7f73042df8c0>,49,3,[5 3],70,121,124,51,117
1,<environment.Job instance at 0x7f73042dfa50>,50,1,[2 9],71,130,131,59,118
1,<environment.Job instance at 0x7f73042e5a50>,51,2,[5 7],72,131,133,59,118
1,<environment.Job instance at 0x7f73042e5730>,52,2,[5 9],73,133,135,60,118
1,<environment.Job instance at 0x7f73042e5b40>,54,28,[5 6],75,135,163,60,134
1,<environment.Job instance at 0x7f734e677500>,0,1,[3 8],1,1,2,0,1
1,<environment.Job instance at 0x7f734e6779b0>,1,15,[5 8],2,2,17,0,2
1,<environment.Job instance at 0x7f734e650a00>,12,3,[1 8],16,17,20,1,17
1,<environment.Job instance at 0x7f734e650e60>,14,2,[2 5],19,20,22,1,20
1,<environment.Job instance at 0x7f734e650f50>,15,18,[4 5],21,22,40,1,22
1,<environment.Job instance at 0x7f7304414dc0>,28,16,[1 9],39,40,56,1,39
1,<environment.Job instance at 0x7f7304414690>,27,14,[9 1],37,40,54,3,40
1,<environment.Job instance at 0x7f7347b78320>,32,14,[4 6],44,56,70,12,44
1,<environment.Job instance at 0x7f7347b78eb0>,36,2,[4 6],51,70,72,19,60
1,<environment.Job instance at 0x7f7347b78dc0>,38,17,[4 6],53,72,89,19,64
1,<environment.Job instance at 0x7f734e5e1190>,45,18,[6 2],65,66,84,1,66
1,<environment.Job instance at 0x7f734e5e1d20>,46,2,[1 7],67,89,91,22,72
1,<environment.Job instance at 0x7f7347b78e10>,35,28,[8 4],49,93,121,44,93
1,<environment.Job instance at 0x7f734ec22d70>,61,2,[5 5],86,128,130,42,128
1,<environment.Job instance at 0x7f734ec22230>,62,14,[8 2],89,130,144,41,128
1,<environment.Job instance at 0x7f734ec22be0>,66,12,[4 6],94,144,156,50,128
1,<environment.Job instance at 0x7f734e654550>,56,21,[6 4],77,144,165,67,139
1,<environment.Job instance at 0x7f7347b7ba00>,1,18,[10  4],2,2,20,0,2
1,<environment.Job instance at 0x7f734eb76f50>,10,1,[5 1],14,20,21,6,15
1,<environment.Job instance at 0x7f734eb76c30>,6,18,[2 8],8,20,38,12,17
1,<environment.Job instance at 0x7f7347d5b6e0>,17,17,[5 8],27,38,55,11,27
1,<environment.Job instance at 0x7f734eb76500>,9,16,[6 3],13,55,71,42,42
1,<environment.Job instance at 0x7f73044ce6e0>,22,17,[2 8],34,71,88,37,63
1,<environment.Job instance at 0x7f734eb76410>,11,19,[3 8],15,88,107,73,82
1,<environment.Job instance at 0x7f734e583af0>,41,15,[8 2],70,107,122,37,103
1,<environment.Job instance at 0x7f73044d5820>,40,18,[ 5 10],68,122,140,54,111
1,<environment.Job instance at 0x7f734eb17190>,2,16,[3 6],3,3,19,0,3
1,<environment.Job instance at 0x7f730434e050>,14,12,[8 3],20,20,32,0,20
1,<environment.Job instance at 0x7f730433ed70>,13,3,[3 9],19,32,35,13,23
1,<environment.Job instance at 0x7f730434e640>,18,12,[10  1],25,35,47,10,25
1,<environment.Job instance at 0x7f730434ea00>,23,15,[3 7],32,47,62,15,36
1,<environment.Job instance at 0x7f730434eeb0>,27,19,[6 4],37,62,81,25,52
1,<environment.Job instance at 0x7f7304356690>,34,16,[4 8],46,81,97,35,68
1,<environment.Job instance at 0x7f730434eb90>,28,18,[8 2],38,97,115,59,91
1,<environment.Job instance at 0x7f7304356d70>,44,3,[7 3],58,115,118,57,96
1,<environment.Job instance at 0x7f734e6a1190>,47,12,[3 8],62,118,130,56,108
1,<environment.Job instance at 0x7f734e6a1500>,51,12,[8 2],69,130,142,61,117
1,<environment.Job instance at 0x7f734e6a1aa0>,54,17,[10  4],73,142,159,69,130
1,<environment.Job instance at 0x7f73042405f0>,1,2,[2 6],5,5,7,0,5
1,<environment.Job instance at 0x7f734e6a1be0>,2,12,[4 7],6,7,19,1,6
1,<environment.Job instance at 0x7f734e804d20>,5,13,[4 5],10,19,32,9,10
1,<environment.Job instance at 0x7f730446d410>,10,1,[7 4],19,32,33,13,19
1,<environment.Job instance at 0x7f730446db40>,11,1,[7 5],20,33,34,13,20
1,<environment.Job instance at 0x7f730446ddc0>,12,1,[3 7],21,34,35,13,21
1,<environment.Job instance at 0x7f73045dec30>,25,14,[7 5],38,46,60,8,46
1,<environment.Job instance at 0x7f73040ee960>,30,16,[10  5],44,60,76,16,55
1,<environment.Job instance at 0x7f734e55e960>,32,23,[ 4 10],50,77,100,27,77
1,<environment.Job instance at 0x7f7347a9f7d0>,31,15,[8 3],46,100,115,54,87
1,<environment.Job instance at 0x7f73044b22d0>,38,17,[2 5],56,100,117,44,89
1,<environment.Job instance at 0x7f734e824640>,46,13,[7 5],69,115,128,46,99
1,<environment.Job instance at 0x7f7347ee9be0>,56,12,[2 7],81,128,140,47,114
1,<environment.Job instance at 0x7f73044b2280>,39,18,[6 2],61,128,146,67,119
1,<environment.Job instance at 0x7f73045d8d20>,3,1,[1 7],6,6,7,0,6
1,<environment.Job instance at 0x7f73045d84b0>,4,26,[7 1],7,7,33,0,7
1,<environment.Job instance at 0x7f7303fc6e60>,14,13,[6 5],22,33,46,11,22
1,<environment.Job instance at 0x7f7347c76820>,21,13,[8 2],31,46,59,15,31
1,<environment.Job instance at 0x7f7348090d20>,25,13,[5 5],38,59,72,21,43
1,<environment.Job instance at 0x7f730412ec30>,33,3,[2 7],51,51,54,0,51
1,<environment.Job instance at 0x7f730412ef00>,35,16,[7 5],53,72,88,19,60
1,<environment.Job instance at 0x7f7304519f00>,39,12,[8 2],58,88,100,30,71
1,<environment.Job instance at 0x7f7303fc6a00>,12,18,[1 7],19,88,106,69,80
1,<environment.Job instance at 0x7f7347aeb0a0>,44,3,[1 7],66,106,109,40,87
1,<environment.Job instance at 0x7f734e6254b0>,45,18,[7 1],67,100,118,33,91
1,<environment.Job instance at 0x7f734e593f50>,30,12,[5 9],47,118,130,71,103
1,<environment.Job instance at 0x7f734ec70690>,57,14,[3 7],86,130,144,44,115
1,<environment.Job instance at 0x7f734ea32fa0>,63,15,[ 5 10],93,144,159,51,133
1,<environment.Job instance at 0x7f734ea32fa0>,1,19,[9 3],6,7,26,1,7
1,<environment.Job instance at 0x7f734e96a8c0>,12,15,[5 9],20,26,41,6,20
1,<environment.Job instance at 0x7f734e96ac30>,13,16,[8 5],22,41,57,19,28
1,<environment.Job instance at 0x7f734e93c690>,24,16,[2 8],37,61,77,24,61
1,<environment.Job instance at 0x7f734e93c730>,26,17,[2 9],40,77,94,37,65
1,<environment.Job instance at 0x7f734e93ca00>,31,14,[6 3],48,94,108,46,81
1,<environment.Job instance at 0x7f734e93cfa0>,35,1,[8 5],53,108,109,55,84
1,<environment.Job instance at 0x7f734e956050>,37,1,[6 4],55,109,110,54,84
1,<environment.Job instance at 0x7f7304345550>,2,15,[5 5],7,110,125,103,96
1,<environment.Job instance at 0x7f734e956230>,40,12,[6 1],58,125,137,67,118
1,<environment.Job instance at 0x7f734e956d20>,47,16,[8 2],70,137,153,67,124
1,<environment.Job instance at 0x7f734e935b90>,0,13,[2 5],1,1,14,0,1
1,<environment.Job instance at 0x7f73041ef0a0>,7,12,[5 5],10,11,23,1,11
1,<environment.Job instance at 0x7f73041efa50>,9,21,[3 8],14,23,44,9,15
1,<environment.Job instance at 0x7f734e5b8500>,22,17,[ 5 10],31,44,61,13,34
1,<environment.Job instance at 0x7f73480b47d0>,10,15,[8 5],15,61,76,46,47
1,<environment.Job instance at 0x7f734e5fa730>,35,17,[8 4],45,76,93,31,64
1,<environment.Job instance at 0x7f73480b40f0>,14,24,[1 6],19,76,100,57,71
1,<environment.Job instance at 0x7f7304128b90>,45,12,[4 9],59,100,112,41,85
1,<environment.Job instance at 0x7f7304128d70>,51,18,[6 1],66,102,120,36,102
1,<environment.Job instance at 0x7f7303e78410>,54,14,[7 5],69,120,134,51,105
1,<environment.Job instance at 0x7f73041ef050>,5,25,[8 1],8,134,159,126,130
1,<environment.Job instance at 0x7f7347b42780>,0,24,[9 2],1,13,37,12,13
1,<environment.Job instance at 0x7f734e565f00>,11,17,[10  5],13,37,54,24,27
1,<environment.Job instance at 0x7f7347c56640>,25,27,[8 2],32,54,81,22,52
1,<environment.Job instance at 0x7f7303f86460>,16,16,[7 3],22,81,97,59,68
1,<environment.Job instance at 0x7f734ec36730>,42,1,[9 4],54,97,98,43,83
1,<environment.Job instance at 0x7f7347a42eb0>,45,17,[5 2],57,98,115,41,86
1,<environment.Job instance at 0x7f7347a42550>,52,13,[2 8],67,103,116,36,103
1,<environment.Job instance at 0x7f7347a425a0>,49,14,[ 3 10],62,116,130,54,103
1,<environment.Job instance at 0x7f734e77acd0>,54,1,[2 6],70,130,131,60,103
1,<environment.Job instance at 0x7f734e77a640>,60,18,[5 4],81,130,148,49,119
1,<environment.Job instance at 0x7f734e77abe0>,62,15,[5 5],83,135,150,52,135
1,<environment.Job instance at 0x7f73043c1140>,67,12,[5 7],92,150,162,58,136
1,<environment.Job instance at 0x7f73043c1c80>,1,1,[4 9],3,3,4,0,3
1,<environment.Job instance at 0x7f7303d2e0f0>,3,13,[5 3],9,9,22,0,9
1,<environment.Job instance at 0x7f730441be10>,5,18,[2 5],11,12,30,1,12
1,<environment.Job instance at 0x7f730441b730>,9,18,[5 9],20,30,48,10,24
1,<environment.Job instance at 0x7f7347af83c0>,29,22,[10  1],46,48,70,2,47
1,<environment.Job instance at 0x7f734ea7f280>,27,13,[6 1],44,70,83,26,54
1,<environment.Job instance at 0x7f7303fb9c30>,35,14,[5 8],52,83,97,31,68
1,<environment.Job instance at 0x7f7347d28fa0>,40,14,[4 7],63,97,111,34,82
1,<environment.Job instance at 0x7f734ea5fb90>,37,19,[6 3],57,97,116,40,90
1,<environment.Job instance at 0x7f7347b08460>,48,3,[10  2],72,116,119,44,96
1,<environment.Job instance at 0x7f73481c8a00>,50,1,[5 7],74,119,120,45,103
1,<environment.Job instance at 0x7f73481c8fa0>,51,15,[ 3 10],75,120,135,45,106
1,<environment.Job instance at 0x7f730439aeb0>,53,18,[7 5],77,135,153,58,124
1,<environment.Job instance at 0x7f7347bf5d70>,7,3,[1 5],14,14,17,0,14
1,<environment.Job instance at 0x7f734ea2ae60>,10,13,[9 5],18,18,31,0,18
1,<environment.Job instance at 0x7f7347c1c960>,18,2,[2 7],29,31,33,2,29
1,<environment.Job instance at 0x7f7347c1cc30>,19,14,[10  4],30,33,47,3,30
1,<environment.Job instance at 0x7f734e76c690>,14,12,[9 1],24,47,59,23,31
1,<environment.Job instance at 0x7f734e76cb90>,17,13,[2 5],28,59,72,31,43
1,<environment.Job instance at 0x7f73046821e0>,24,18,[8 3],38,59,77,21,49
1,<environment.Job instance at 0x7f734e76c730>,15,14,[5 7],25,77,91,52,62
1,<environment.Job instance at 0x7f7347ddddc0>,35,2,[9 2],61,91,93,30,73
1,<environment.Job instance at 0x7f7348022230>,40,14,[5 9],67,93,107,26,79
1,<environment.Job instance at 0x7f7347ceeaa0>,45,14,[ 3 10],73,107,121,34,92
1,<environment.Job instance at 0x7f734e625aa0>,50,18,[1 9],79,121,139,42,110
1,<environment.Job instance at 0x7f734e784230>,55,1,[2 6],87,139,140,52,115
1,<environment.Job instance at 0x7f73041140f0>,58,1,[5 5],90,140,141,50,115
1,<environment.Job instance at 0x7f730441fa00>,61,17,[6 2],95,141,158,46,129
1,<environment.Job instance at 0x7f7348022a00>,37,16,[2 5],63,140,156,77,129
1,<environment.Job instance at 0x7f7347dbea00>,1,2,[2 7],2,2,4,0,2
1,<environment.Job instance at 0x7f7347aae140>,8,2,[5 2],10,10,12,0,10
1,<environment.Job instance at 0x7f7347aae780>,9,16,[10  2],11,12,28,1,11
1,<environment.Job instance at 0x7f7304584d20>,3,14,[7 2],4,28,42,24,19
1,<environment.Job instance at 0x7f7303eefb90>,17,15,[4 9],24,42,57,18,28
1,<environment.Job instance at 0x7f7303e284b0>,25,2,[9 5],37,57,59,20,50
1,<environment.Job instance at 0x7f730436d640>,30,3,[7 4],42,59,62,17,59
1,<environment.Job instance at 0x7f730436ddc0>,31,1,[10  1],43,62,63,19,59
1,<environment.Job instance at 0x7f730436d230>,32,2,[7 3],48,63,65,15,59
1,<environment.Job instance at 0x7f730436daf0>,33,2,[1 9],50,65,67,15,59
1,<environment.Job instance at 0x7f7303eefa50>,16,15,[4 8],23,67,82,44,59
1,<environment.Job instance at 0x7f7303e02dc0>,40,2,[8 5],60,87,89,27,87
1,<environment.Job instance at 0x7f7303e02d70>,41,14,[9 2],61,89,103,28,87
1,<environment.Job instance at 0x7f7303e024b0>,46,15,[3 6],68,103,118,35,94
1,<environment.Job instance at 0x7f7303e020a0>,49,18,[4 6],74,118,136,44,107
1,<environment.Job instance at 0x7f7347f45af0>,55,18,[ 5 10],83,136,154,53,128
1,<environment.Job instance at 0x7f7347bb04b0>,2,12,[6 1],4,4,16,0,4
1,<environment.Job instance at 0x7f734ea0e730>,5,1,[2 8],7,7,8,0,7
1,<environment.Job instance at 0x7f734ea0ec30>,9,2,[2 6],14,14,16,0,14
1,<environment.Job instance at 0x7f734ea0ef50>,11,3,[ 2 10],16,16,19,0,16
1,<environment.Job instance at 0x7f734ea26050>,12,14,[7 1],17,19,33,2,17
1,<environment.Job instance at 0x7f734ea218c0>,20,3,[9 2],27,38,41,11,38
1,<environment.Job instance at 0x7f734ea21b40>,21,2,[5 9],28,41,43,13,38
1,<environment.Job instance at 0x7f734ea21d20>,17,12,[1 9],23,43,55,20,38
1,<environment.Job instance at 0x7f734ea214b0>,23,13,[5 1],30,45,58,15,45
1,<environment.Job instance at 0x7f734ea33af0>,25,16,[ 2 10],33,58,74,25,46
1,<environment.Job instance at 0x7f7303fd5f50>,36,16,[ 5 10],45,74,90,29,62
1,<environment.Job instance at 0x7f7303fc7910>,33,13,[4 6],41,90,103,49,79
1,<environment.Job instance at 0x7f7303e740a0>,41,13,[6 4],54,90,103,36,79
1,<environment.Job instance at 0x7f7303e79640>,45,15,[8 2],58,103,118,45,91
1,<environment.Job instance at 0x7f7303e79960>,49,15,[2 5],63,103,118,40,93
1,<environment.Job instance at 0x7f7303e79a50>,52,16,[2 7],66,118,134,52,108
1,<environment.Job instance at 0x7f730438d780>,57,13,[10  5],73,134,147,61,118
1,<environment.Job instance at 0x7f7304358fa0>,59,3,[4 7],76,147,150,71,125
1,<environment.Job instance at 0x7f7304374280>,61,16,[5 1],80,147,163,67,138
1,<environment.Job instance at 0x7f7304374550>,62,1,[1 6],82,150,151,68,138
1,<environment.Job instance at 0x7f7347ba22d0>,8,1,[7 4],12,12,13,0,12
1,<environment.Job instance at 0x7f7347dc7820>,9,26,[5 4],13,18,44,5,18
1,<environment.Job instance at 0x7f73481238c0>,17,3,[ 4 10],28,44,47,16,31
1,<environment.Job instance at 0x7f7347e010a0>,22,18,[ 1 10],34,47,65,13,38
1,<environment.Job instance at 0x7f73041a88c0>,12,14,[10  1],18,65,79,47,50
1,<environment.Job instance at 0x7f7347ee9fa0>,35,14,[9 4],54,79,93,25,66
1,<environment.Job instance at 0x7f7347f8ab40>,39,17,[6 1],61,93,110,32,92
1,<environment.Job instance at 0x7f73481230a0>,16,15,[10  5],26,110,125,84,96
1,<environment.Job instance at 0x7f734e8041e0>,44,1,[2 6],68,100,101,32,100
1,<environment.Job instance at 0x7f734e804e60>,47,15,[5 3],74,125,140,51,111
1,<environment.Job instance at 0x7f734e55ed20>,56,13,[7 1],84,140,153,56,124
1,<environment.Job instance at 0x7f7303dfa8c0>,58,17,[2 9],87,140,157,53,129
1,<environment.Job instance at 0x7f734f253be0>,64,1,[5 1],94,139,140,45,139
1,<environment.Job instance at 0x7f734f253be0>,2,16,[5 5],5,5,21,0,5
1,<environment.Job instance at 0x7f734e602780>,9,3,[10  2],13,21,24,8,13
1,<environment.Job instance at 0x7f734e602280>,10,3,[2 6],14,24,27,10,14
1,<environment.Job instance at 0x7f734e602be0>,11,2,[7 2],15,24,26,9,15
1,<environment.Job instance at 0x7f7303deeb40>,8,19,[8 1],12,26,45,14,17
1,<environment.Job instance at 0x7f734e61d870>,16,18,[2 8],20,28,46,8,28
1,<environment.Job instance at 0x7f734e69c780>,22,15,[8 3],27,46,61,19,35
1,<environment.Job instance at 0x7f734e61d690>,21,12,[ 3 10],26,61,73,35,50
1,<environment.Job instance at 0x7f734e602910>,14,13,[ 4 10],18,73,86,55,61
1,<environment.Job instance at 0x7f734f24bd70>,30,17,[ 2 10],41,86,103,45,77
1,<environment.Job instance at 0x7f734f24b6e0>,31,18,[6 4],43,103,121,60,96
1,<environment.Job instance at 0x7f734e5fd8c0>,39,3,[8 3],61,121,124,60,96
1,<environment.Job instance at 0x7f7347b3d050>,43,15,[4 7],67,124,139,57,110
1,<environment.Job instance at 0x7f7347b3d640>,50,1,[5 5],75,139,140,64,118
1,<environment.Job instance at 0x7f7347b3dfa0>,51,16,[5 5],76,139,155,63,126
1,<environment.Job instance at 0x7f7303e28410>,0,12,[3 5],3,3,15,0,3
1,<environment.Job instance at 0x7f73040c83c0>,4,12,[1 5],12,14,26,2,14
1,<environment.Job instance at 0x7f7304676f50>,8,12,[1 9],21,26,38,5,21
1,<environment.Job instance at 0x7f73040c8dc0>,5,13,[1 5],14,38,51,24,23
1,<environment.Job instance at 0x7f734e6367d0>,22,3,[4 7],44,51,54,7,47
1,<environment.Job instance at 0x7f734e636320>,20,17,[7 5],41,54,71,13,47
1,<environment.Job instance at 0x7f7347bfb370>,27,15,[4 6],49,71,86,22,57
1,<environment.Job instance at 0x7f7347bfbc30>,26,12,[5 2],48,71,83,23,59
1,<environment.Job instance at 0x7f734e5ebaf0>,34,17,[8 2],63,86,103,23,86
1,<environment.Job instance at 0x7f734e5e4500>,40,3,[5 5],70,103,106,33,87
1,<environment.Job instance at 0x7f734e5e49b0>,42,13,[3 6],72,106,119,34,90
1,<environment.Job instance at 0x7f734e5e4f50>,46,16,[6 2],76,106,122,30,101
1,<environment.Job instance at 0x7f734e5e4d70>,49,17,[9 1],81,122,139,41,110
1,<environment.Job instance at 0x7f734e5eb960>,38,22,[3 9],68,139,161,71,137
1,<environment.Job instance at 0x7f74aea95780>,1,15,[ 4 10],4,4,19,0,4
1,<environment.Job instance at 0x7f74aea510f0>,2,14,[5 5],5,19,33,14,5
1,<environment.Job instance at 0x7f74a9641820>,13,25,[7 3],18,33,58,15,29
1,<environment.Job instance at 0x7f74a9641910>,12,19,[ 4 10],17,58,77,41,48
1,<environment.Job instance at 0x7f74a96451e0>,24,18,[4 5],31,77,95,46,66
1,<environment.Job instance at 0x7f74a9645780>,28,18,[6 5],38,81,99,43,81
1,<environment.Job instance at 0x7f74a9645aa0>,33,14,[10  3],47,99,113,52,92
1,<environment.Job instance at 0x7f74a96452d0>,25,16,[4 7],34,113,129,79,102
1,<environment.Job instance at 0x7f74a9648320>,41,18,[6 5],57,129,147,72,119
1,<environment.Job instance at 0x7f74a9645370>,23,15,[7 4],30,147,162,117,141
1,<environment.Job instance at 0x7f74aea781e0>,0,14,[ 4 10],2,2,16,0,2
1,<environment.Job instance at 0x7f74aea78a50>,5,12,[5 6],10,16,28,6,10
1,<environment.Job instance at 0x7f74aebc5780>,17,16,[3 5],23,28,44,5,23
1,<environment.Job instance at 0x7f74aebcc4b0>,28,13,[3 5],36,43,56,7,43
1,<environment.Job instance at 0x7f74aebc5a50>,21,2,[1 6],27,56,58,29,48
1,<environment.Job instance at 0x7f74aebcc9b0>,32,3,[2 6],44,58,61,14,49
1,<environment.Job instance at 0x7f74aebc2690>,25,17,[5 3],33,56,73,23,56
1,<environment.Job instance at 0x7f74aebccd70>,31,15,[6 2],43,73,88,30,59
1,<environment.Job instance at 0x7f74aebbee60>,40,17,[3 5],53,71,88,18,71
1,<environment.Job instance at 0x7f74aebcc870>,35,18,[7 4],47,88,106,41,80
1,<environment.Job instance at 0x7f74aebcbaf0>,51,17,[ 1 10],66,106,123,40,95
1,<environment.Job instance at 0x7f74aebcbaa0>,54,15,[1 6],70,123,138,53,110
1,<environment.Job instance at 0x7f74aead86e0>,49,15,[9 4],64,124,139,60,124
1,<environment.Job instance at 0x7f74aea33500>,69,18,[ 5 10],88,139,157,51,129
1,<environment.Job instance at 0x7f7463932f00>,72,15,[6 4],93,157,172,64,145
1,<environment.Job instance at 0x7f74638e4cd0>,1,17,[4 7],3,3,20,0,3
1,<environment.Job instance at 0x7f74639bf5f0>,12,13,[4 6],18,37,50,19,37
1,<environment.Job instance at 0x7f7463890140>,8,18,[9 2],14,50,68,36,39
1,<environment.Job instance at 0x7f74a98390f0>,22,12,[5 7],32,68,80,36,52
1,<environment.Job instance at 0x7f74a93a7f00>,29,3,[9 5],39,80,83,41,66
1,<environment.Job instance at 0x7f74639c5910>,30,15,[2 9],40,83,98,43,70
1,<environment.Job instance at 0x7f74638a42d0>,36,14,[9 4],50,98,112,48,83
1,<environment.Job instance at 0x7f74639e1550>,43,14,[ 4 10],62,112,126,50,104
1,<environment.Job instance at 0x7f74639c51e0>,33,13,[1 9],44,126,139,82,112
1,<environment.Job instance at 0x7f74a97cc960>,51,15,[7 4],73,139,154,66,125
1,<environment.Job instance at 0x7f74a97ccc80>,52,16,[1 6],74,140,156,66,140
1,<environment.Job instance at 0x7f74a9423320>,56,14,[8 2],80,154,168,74,146
1,<environment.Job instance at 0x7f7463e15820>,8,15,[7 3],12,12,27,0,12
1,<environment.Job instance at 0x7f74a948daa0>,5,17,[2 6],8,13,30,5,13
1,<environment.Job instance at 0x7f74a948de60>,6,18,[8 3],10,27,45,17,17
1,<environment.Job instance at 0x7f74a9ae3460>,14,15,[9 3],26,45,60,19,34
1,<environment.Job instance at 0x7f7463ddf550>,21,18,[7 3],38,60,78,22,49
1,<environment.Job instance at 0x7f7463f0d2d0>,17,15,[7 5],30,78,93,48,65
1,<environment.Job instance at 0x7f7463b000f0>,24,16,[9 5],43,93,109,50,86
1,<environment.Job instance at 0x7f74a9662b90>,41,13,[7 5],72,109,122,37,96
1,<environment.Job instance at 0x7f746393f870>,38,15,[3 5],68,109,124,41,104
1,<environment.Job instance at 0x7f7463c16320>,51,18,[10  2],84,124,142,40,114
1,<environment.Job instance at 0x7f7463a686e0>,58,15,[7 4],95,142,157,47,136
1,<environment.Job instance at 0x7f7463d2a0f0>,62,18,[8 3],99,157,175,58,146
1,<environment.Job instance at 0x7f74a96312d0>,1,16,[ 3 10],2,2,18,0,2
1,<environment.Job instance at 0x7f74a9428640>,7,12,[7 5],11,18,30,7,14
1,<environment.Job instance at 0x7f7463fd4370>,13,17,[4 7],17,30,47,13,18
1,<environment.Job instance at 0x7f74a95d3fa0>,11,27,[8 4],15,47,74,32,45
1,<environment.Job instance at 0x7f7464000a50>,39,2,[8 1],58,74,76,16,67
1,<environment.Job instance at 0x7f7463fdf7d0>,31,18,[5 5],41,76,94,35,67
1,<environment.Job instance at 0x7f7463fd7960>,42,15,[9 2],61,94,109,33,81
1,<environment.Job instance at 0x7f74aa114af0>,50,15,[2 8],73,109,124,36,97
1,<environment.Job instance at 0x7f74aa127820>,54,3,[8 1],81,121,124,40,121
1,<environment.Job instance at 0x7f74aa111410>,55,3,[2 5],84,124,127,40,121
1,<environment.Job instance at 0x7f74aa1406e0>,56,2,[5 3],85,124,126,39,122
1,<environment.Job instance at 0x7f74aa111a50>,57,2,[6 1],87,126,128,39,123
1,<environment.Job instance at 0x7f74aa1401e0>,58,12,[ 3 10],88,128,140,40,123
1,<environment.Job instance at 0x7f74aa140f50>,59,12,[3 9],89,140,152,51,124
1,<environment.Job instance at 0x7f7463fde4b0>,69,17,[7 3],104,152,169,48,140
1,<environment.Job instance at 0x7f7463fde690>,70,2,[7 3],106,169,171,63,142
1,<environment.Job instance at 0x7f7464005550>,72,2,[1 5],108,152,154,44,143
1,<environment.Job instance at 0x7f7463fe8500>,73,1,[ 1 10],109,171,172,62,143
1,<environment.Job instance at 0x7f7464005320>,74,2,[5 7],110,172,174,62,145
1,<environment.Job instance at 0x7f74a945bc80>,78,1,[2 5],115,154,155,39,146
1,<environment.Job instance at 0x7f74a945bb40>,81,2,[2 5],119,155,157,36,148
1,<environment.Job instance at 0x7f74a9443aa0>,1,18,[3 8],2,2,20,0,2
1,<environment.Job instance at 0x7f74a9506d70>,6,15,[3 8],11,20,35,9,13
1,<environment.Job instance at 0x7f74aa0f8410>,12,3,[3 8],19,35,38,16,19
1,<environment.Job instance at 0x7f74aa0f8690>,20,21,[6 4],27,38,59,11,34
1,<environment.Job instance at 0x7f74aa0c59b0>,26,14,[8 2],39,59,73,20,48
1,<environment.Job instance at 0x7f74aa0c50a0>,31,13,[2 8],46,59,72,13,53
1,<environment.Job instance at 0x7f74a9c97a50>,36,3,[4 5],52,56,59,4,56
1,<environment.Job instance at 0x7f7463ce0aa0>,37,12,[2 5],53,72,84,19,56
1,<environment.Job instance at 0x7f7463ce00a0>,38,3,[5 4],54,73,76,19,57
1,<environment.Job instance at 0x7f7463ce03c0>,39,17,[1 6],55,84,101,29,72
1,<environment.Job instance at 0x7f74a94fdf00>,51,13,[1 7],70,101,114,31,89
1,<environment.Job instance at 0x7f74a9506050>,9,18,[6 2],15,91,109,76,91
1,<environment.Job instance at 0x7f74aa176f50>,56,13,[3 9],77,114,127,37,102
1,<environment.Job instance at 0x7f74a9f55be0>,66,18,[10  4],92,127,145,35,116
1,<environment.Job instance at 0x7f74a9ec36e0>,74,16,[6 3],103,145,161,42,139
1,<environment.Job instance at 0x7f7463972050>,0,16,[5 9],3,3,19,0,3
1,<environment.Job instance at 0x7f74a9901be0>,11,28,[7 1],24,24,52,0,24
1,<environment.Job instance at 0x7f74a9e29730>,20,14,[1 8],34,36,50,2,36
1,<environment.Job instance at 0x7f74a9a72500>,16,22,[4 9],30,52,74,22,47
1,<environment.Job instance at 0x7f74a95c2410>,31,24,[4 9],47,79,103,32,79
1,<environment.Job instance at 0x7f7463aaee60>,48,18,[1 7],71,103,121,32,92
1,<environment.Job instance at 0x7f7463f07c80>,54,18,[9 4],78,121,139,43,110
1,<environment.Job instance at 0x7f74aa1f5a50>,19,27,[5 8],33,139,166,106,137
1,<environment.Job instance at 0x7f74a95d4be0>,0,13,[3 8],1,1,14,0,1
1,<environment.Job instance at 0x7f74aa1ba190>,5,17,[4 7],9,14,31,5,14
1,<environment.Job instance at 0x7f74aa1ba5a0>,11,14,[4 6],21,31,45,10,21
1,<environment.Job instance at 0x7f74aa1bac30>,17,17,[6 4],28,31,48,3,30
1,<environment.Job instance at 0x7f74aa1ba910>,14,18,[10  2],24,48,66,24,37
1,<environment.Job instance at 0x7f74aa1be320>,23,16,[6 4],37,66,82,29,55
1,<environment.Job instance at 0x7f74aa1bebe0>,31,16,[5 4],53,82,98,29,69
1,<environment.Job instance at 0x7f74aa1af0a0>,37,14,[5 3],61,83,97,22,83
1,<environment.Job instance at 0x7f74aa1ba410>,9,18,[10  4],16,98,116,82,89
1,<environment.Job instance at 0x7f74aa1afdc0>,48,13,[4 5],80,116,129,36,103
1,<environment.Job instance at 0x7f74aa1afc30>,46,14,[4 5],77,116,130,39,107
1,<environment.Job instance at 0x7f74aa1bc690>,55,1,[3 7],91,133,134,42,133
1,<environment.Job instance at 0x7f74a9c2fcd0>,0,12,[2 7],1,1,13,0,1
1,<environment.Job instance at 0x7f74a9e25a50>,5,16,[4 8],10,13,29,3,10
1,<environment.Job instance at 0x7f7463a2a730>,8,12,[ 1 10],14,29,41,15,14
1,<environment.Job instance at 0x7f74a97cc7d0>,21,17,[10  2],28,41,58,13,29
1,<environment.Job instance at 0x7f74a9e02550>,17,13,[5 7],24,58,71,34,42
1,<environment.Job instance at 0x7f74a98475f0>,28,1,[8 4],41,71,72,30,59
1,<environment.Job instance at 0x7f74a9cd45a0>,29,16,[8 3],42,72,88,30,64
1,<environment.Job instance at 0x7f74a9cd4370>,30,16,[5 9],43,88,104,45,75
1,<environment.Job instance at 0x7f7463edb690>,51,13,[3 6],71,104,117,33,101
1,<environment.Job instance at 0x7f7463edb780>,52,18,[7 5],74,117,135,43,106
1,<environment.Job instance at 0x7f7463f0f6e0>,68,18,[9 2],95,135,153,40,125
1,<environment.Job instance at 0x7f7463f0fa00>,71,14,[6 3],100,153,167,53,138
1,<environment.Job instance at 0x7f74a9622fa0>,0,18,[8 2],1,2,20,1,2
1,<environment.Job instance at 0x7f7463e57780>,7,18,[6 4],10,20,38,10,10
1,<environment.Job instance at 0x7f7463e572d0>,8,15,[1 9],11,38,53,27,25
1,<environment.Job instance at 0x7f7463db1aa0>,23,16,[6 4],30,53,69,23,40
1,<environment.Job instance at 0x7f7463722640>,15,16,[4 9],18,69,85,51,58
1,<environment.Job instance at 0x7f74a9c201e0>,13,19,[6 5],16,85,104,69,75
1,<environment.Job instance at 0x7f74a9910730>,38,12,[4 9],46,104,116,58,89
1,<environment.Job instance at 0x7f74637f43c0>,43,19,[9 3],56,116,135,60,106
1,<environment.Job instance at 0x7f74aa2ec4b0>,48,13,[2 6],62,135,148,73,119
1,<environment.Job instance at 0x7f74aa2ec8c0>,53,2,[3 7],69,148,150,79,123
1,<environment.Job instance at 0x7f74a9a7bc80>,57,14,[5 3],74,135,149,61,125
1,<environment.Job instance at 0x7f74a94c5a00>,0,1,[4 7],1,1,2,0,1
1,<environment.Job instance at 0x7f7463e5ec80>,2,2,[3 8],3,3,5,0,3
1,<environment.Job instance at 0x7f7463f926e0>,5,3,[ 4 10],6,6,9,0,6
1,<environment.Job instance at 0x7f7463f92960>,7,19,[6 5],9,11,30,2,11
1,<environment.Job instance at 0x7f7463f92f00>,12,2,[6 2],16,30,32,14,19
1,<environment.Job instance at 0x7f7463fa5050>,14,1,[3 6],20,30,31,10,20
1,<environment.Job instance at 0x7f7463fa51e0>,16,2,[1 8],23,31,33,8,23
1,<environment.Job instance at 0x7f7463f92e10>,11,20,[8 1],15,32,52,17,27
1,<environment.Job instance at 0x7f7463fa5af0>,21,16,[9 1],30,57,73,27,57
1,<environment.Job instance at 0x7f7463fa3870>,34,13,[4 6],52,73,86,21,61
1,<environment.Job instance at 0x7f7463fa3910>,38,14,[8 5],57,86,100,29,71
1,<environment.Job instance at 0x7f7463fa3e10>,40,24,[1 6],59,100,124,41,95
1,<environment.Job instance at 0x7f7463fa3050>,31,25,[8 1],48,100,125,52,100
1,<environment.Job instance at 0x7f7463f8cfa0>,60,12,[1 6],84,124,136,40,118
1,<environment.Job instance at 0x7f7463fb3230>,64,2,[3 6],88,136,138,48,129
1,<environment.Job instance at 0x7f7463fb3190>,63,13,[3 7],87,138,151,51,129
1,<environment.Job instance at 0x7f7463fb32d0>,65,3,[5 5],89,151,154,62,130
1,<environment.Job instance at 0x7f7463fb3d20>,71,12,[4 9],99,154,166,55,145
1,<environment.Job instance at 0x7f74aa2da780>,0,15,[1 8],1,1,16,0,1
1,<environment.Job instance at 0x7f74aa2daf50>,4,16,[2 9],6,16,32,10,10
1,<environment.Job instance at 0x7f7463ac2cd0>,13,12,[8 2],20,32,44,12,21
1,<environment.Job instance at 0x7f74aa2da690>,5,18,[1 6],8,32,50,24,23
1,<environment.Job instance at 0x7f7463d78b40>,16,15,[6 2],26,44,59,18,30
1,<environment.Job instance at 0x7f74a9b9b870>,20,15,[ 3 10],33,59,74,26,46
1,<environment.Job instance at 0x7f7463ecf320>,32,2,[10  5],48,74,76,26,60
1,<environment.Job instance at 0x7f74aa0fec30>,33,19,[7 5],49,76,95,27,66
1,<environment.Job instance at 0x7f74aa0fe910>,36,19,[7 5],54,95,114,41,85
1,<environment.Job instance at 0x7f74aa0fe1e0>,43,27,[8 2],62,119,146,57,119
1,<environment.Job instance at 0x7f7463b01cd0>,55,3,[7 4],78,146,149,68,142
1,<environment.Job instance at 0x7f746398cdc0>,56,2,[4 9],79,149,151,70,142
1,<environment.Job instance at 0x7f746398c320>,57,19,[5 7],80,151,170,71,142
1,<environment.Job instance at 0x7f74a9a21730>,0,16,[6 4],1,1,17,0,1
1,<environment.Job instance at 0x7f74a9a211e0>,10,28,[5 8],16,25,53,9,25
1,<environment.Job instance at 0x7f7463b12d20>,21,15,[2 6],33,53,68,20,45
1,<environment.Job instance at 0x7f7463b12b40>,20,18,[2 5],31,68,86,37,61
1,<environment.Job instance at 0x7f7463867730>,30,18,[1 9],48,86,104,38,77
1,<environment.Job instance at 0x7f74a9727b40>,42,13,[6 1],64,91,104,27,91
1,<environment.Job instance at 0x7f74a94e8d20>,47,3,[ 2 10],69,104,107,35,98
1,<environment.Job instance at 0x7f74a94e8cd0>,48,1,[9 4],70,107,108,37,100
1,<environment.Job instance at 0x7f74a94e8f50>,49,3,[5 5],71,108,111,37,100
1,<environment.Job instance at 0x7f74a94e8b40>,50,14,[5 8],72,111,125,39,101
1,<environment.Job instance at 0x7f74a94e8690>,51,12,[4 7],76,125,137,49,108
1,<environment.Job instance at 0x7f74a9719c30>,58,15,[5 7],86,137,152,51,125
1,<environment.Job instance at 0x7f7463b12a50>,19,13,[ 4 10],30,152,165,122,138
1,<environment.Job instance at 0x7f74a9d5e2d0>,0,1,[5 5],1,1,2,0,1
1,<environment.Job instance at 0x7f7463f73230>,2,13,[10  5],3,3,16,0,3
1,<environment.Job instance at 0x7f7463b25d70>,7,19,[6 4],9,16,35,7,15
1,<environment.Job instance at 0x7f7463b25b40>,11,23,[8 5],16,41,64,25,41
1,<environment.Job instance at 0x7f7463b450a0>,31,16,[6 5],44,64,80,20,51
1,<environment.Job instance at 0x7f7463b1a5f0>,24,14,[5 7],35,80,94,45,66
1,<environment.Job instance at 0x7f74a94a1870>,43,17,[4 5],68,94,111,26,82
1,<environment.Job instance at 0x7f74639917d0>,48,16,[5 3],75,91,107,16,91
1,<environment.Job instance at 0x7f7463991190>,51,17,[3 5],79,107,124,28,97
1,<environment.Job instance at 0x7f7463668870>,54,14,[ 3 10],83,124,138,41,110
1,<environment.Job instance at 0x7f74aa321a50>,41,16,[10  4],66,138,154,72,126
1,<environment.Job instance at 0x7f7463668af0>,64,1,[2 6],97,154,155,57,127
1,<environment.Job instance at 0x7f7463668500>,65,1,[5 1],98,154,155,56,130
1,<environment.Job instance at 0x7f74636684b0>,70,17,[6 2],105,155,172,50,143
1,<environment.Job instance at 0x7f74a98ffdc0>,75,16,[1 5],113,155,171,42,147
1,<environment.Job instance at 0x7f7463c56230>,6,13,[5 1],8,8,21,0,8
1,<environment.Job instance at 0x7f7463c563c0>,9,16,[10  2],11,21,37,10,11
1,<environment.Job instance at 0x7f7463b02460>,18,1,[4 7],26,37,38,11,27
1,<environment.Job instance at 0x7f74a9c9f0a0>,14,13,[2 9],20,38,51,18,28
1,<environment.Job instance at 0x7f74a9cad190>,21,13,[7 3],30,51,64,21,35
1,<environment.Job instance at 0x7f74a9cad820>,19,18,[1 6],27,57,75,30,57
1,<environment.Job instance at 0x7f7463a43320>,46,15,[3 6],68,83,98,15,83
1,<environment.Job instance at 0x7f74aa324e60>,45,21,[7 4],67,83,104,16,83
1,<environment.Job instance at 0x7f746398c230>,50,13,[7 5],75,104,117,29,92
1,<environment.Job instance at 0x7f74aa04f0f0>,55,18,[ 5 10],83,117,135,34,110
1,<environment.Job instance at 0x7f746399ad20>,61,14,[5 2],91,135,149,44,123
1,<environment.Job instance at 0x7f7463d358c0>,66,17,[4 9],101,149,166,48,141
1,<environment.Job instance at 0x7f74a93e5aa0>,0,25,[4 8],2,26,51,24,26
1,<environment.Job instance at 0x7f74a9a05c80>,22,1,[4 6],28,51,52,23,31
1,<environment.Job instance at 0x7f74a9a1ac30>,24,12,[10  2],30,52,64,22,37
1,<environment.Job instance at 0x7f74a9a1a370>,26,2,[5 6],32,64,66,32,43
1,<environment.Job instance at 0x7f74a9a1a050>,27,17,[10  2],33,66,83,33,54
1,<environment.Job instance at 0x7f746388ffa0>,40,15,[5 4],52,83,98,31,80
1,<environment.Job instance at 0x7f746388f640>,42,28,[9 2],54,98,126,44,97
1,<environment.Job instance at 0x7f74638bfc30>,58,15,[9 5],78,126,141,48,126
1,<environment.Job instance at 0x7f74638b0640>,64,17,[5 6],88,141,158,53,135
1,<environment.Job instance at 0x7f74aa15a0f0>,0,14,[5 6],1,1,15,0,1
1,<environment.Job instance at 0x7f74a9f8a460>,4,18,[3 8],9,15,33,6,10
1,<environment.Job instance at 0x7f74a9f77280>,12,15,[3 7],19,33,48,14,20
1,<environment.Job instance at 0x7f746362dd20>,17,13,[9 5],27,48,61,21,33
1,<environment.Job instance at 0x7f7463cc3a00>,28,18,[5 2],45,61,79,16,57
1,<environment.Job instance at 0x7f7463ae3e60>,38,20,[8 2],60,79,99,19,74
1,<environment.Job instance at 0x7f7463d72a50>,42,13,[7 1],64,99,112,35,83
1,<environment.Job instance at 0x7f7463b000a0>,41,12,[3 9],63,99,111,36,87
1,<environment.Job instance at 0x7f7463ade780>,49,16,[5 5],72,112,128,40,100
1,<environment.Job instance at 0x7f7463adcbe0>,53,21,[5 5],79,112,133,33,106
1,<environment.Job instance at 0x7f7463adc870>,55,3,[2 6],81,133,136,52,109
1,<environment.Job instance at 0x7f7463adcc30>,59,13,[5 4],86,128,141,42,118
1,<environment.Job instance at 0x7f74a9787d20>,64,16,[7 4],92,141,157,49,128
1,<environment.Job instance at 0x7f7463b07500>,1,16,[2 6],4,4,20,0,4
1,<environment.Job instance at 0x7f74a976cf50>,6,18,[6 4],13,13,31,0,13
1,<environment.Job instance at 0x7f7463a40140>,9,28,[9 4],22,37,65,15,37
1,<environment.Job instance at 0x7f74aa324230>,27,16,[ 5 10],47,65,81,18,52
1,<environment.Job instance at 0x7f74a9d34e10>,18,15,[4 7],37,81,96,44,69
1,<environment.Job instance at 0x7f74aa324e60>,34,3,[8 5],55,96,99,41,79
1,<environment.Job instance at 0x7f74aa3241e0>,35,17,[10  4],56,99,116,43,87
1,<environment.Job instance at 0x7f74a9ddc7d0>,42,15,[6 5],67,116,131,49,109
1,<environment.Job instance at 0x7f74a9ddc0f0>,43,18,[4 9],68,131,149,63,120
1,<environment.Job instance at 0x7f74a9586730>,13,15,[6 5],30,149,164,119,137
1,<environment.Job instance at 0x7f74a9df95a0>,0,17,[7 5],1,1,18,0,1
1,<environment.Job instance at 0x7f74a9df9eb0>,7,15,[4 6],9,18,33,9,10
1,<environment.Job instance at 0x7f746382c9b0>,14,17,[8 2],23,33,50,10,23
1,<environment.Job instance at 0x7f74a9c44b40>,23,17,[1 8],33,35,52,2,35
1,<environment.Job instance at 0x7f746382cf00>,20,3,[5 5],30,52,55,22,38
1,<environment.Job instance at 0x7f74a9c44640>,24,22,[7 5],34,55,77,21,49
1,<environment.Job instance at 0x7f74a9c44280>,32,16,[ 5 10],45,91,107,46,91
1,<environment.Job instance at 0x7f74a95bacd0>,35,2,[5 9],52,109,111,57,109
1,<environment.Job instance at 0x7f74a95ba690>,37,1,[9 2],54,111,112,57,109
1,<environment.Job instance at 0x7f746382c050>,18,22,[3 9],28,112,134,84,112
1,<environment.Job instance at 0x7f74a95ba140>,40,2,[7 5],57,134,136,77,118
1,<environment.Job instance at 0x7f74a9c440f0>,25,12,[1 6],35,136,148,101,130
1,<environment.Job instance at 0x7f74aa30f230>,48,13,[9 4],67,136,149,69,133
1,<environment.Job instance at 0x7f7463e91af0>,58,18,[4 5],85,149,167,64,141
1,<environment.Job instance at 0x7f7463e916e0>,59,12,[6 4],86,149,161,63,142
1,<environment.Job instance at 0x7f74a98a75a0>,2,17,[1 5],10,10,27,0,10
1,<environment.Job instance at 0x7f7463a316e0>,14,1,[4 8],29,34,35,5,34
1,<environment.Job instance at 0x7f74a9c87640>,18,14,[1 7],35,35,49,0,35
1,<environment.Job instance at 0x7f74638f3640>,17,17,[1 9],34,49,66,15,44
1,<environment.Job instance at 0x7f7463a4b050>,28,2,[2 6],49,66,68,17,51
1,<environment.Job instance at 0x7f7463a579b0>,31,15,[4 8],52,68,83,16,54
1,<environment.Job instance at 0x7f7463a574b0>,36,12,[6 5],57,83,95,26,66
1,<environment.Job instance at 0x7f7463a4bf00>,30,18,[1 5],51,83,101,32,81
1,<environment.Job instance at 0x7f7463a57230>,40,1,[3 9],65,101,102,36,82
1,<environment.Job instance at 0x7f7463a57c80>,43,16,[5 3],69,102,118,33,89
1,<environment.Job instance at 0x7f7463a57190>,41,13,[4 6],66,102,115,36,89
1,<environment.Job instance at 0x7f7463a4ba00>,29,18,[1 6],50,115,133,65,110
1,<environment.Job instance at 0x7f7463a6aa00>,73,14,[4 6],113,133,147,20,128
1,<environment.Job instance at 0x7f7463a6ab90>,74,14,[5 5],114,147,161,33,132
1,<environment.Job instance at 0x7fce541892d0>,2,14,[5 5],5,5,19,0,5
1,<environment.Job instance at 0x7fce4cd792d0>,3,1,[7 2],6,19,20,13,6
1,<environment.Job instance at 0x7fce54189190>,4,17,[2 8],8,19,36,11,8
1,<environment.Job instance at 0x7fce4cd79e10>,16,15,[7 3],22,36,51,14,22
1,<environment.Job instance at 0x7fce4cd7d4b0>,22,3,[5 6],29,51,54,22,43
1,<environment.Job instance at 0x7fce4cd7d690>,24,18,[4 5],31,54,72,23,49
1,<environment.Job instance at 0x7fce4cd7d410>,26,15,[6 3],35,55,70,20,55
1,<environment.Job instance at 0x7fce4cd7d6e0>,28,18,[6 5],38,70,88,32,59
1,<environment.Job instance at 0x7fce4cd7dc80>,33,14,[10  3],47,88,102,41,85
1,<environment.Job instance at 0x7fce4cd7b870>,43,16,[10  5],59,120,136,61,120
1,<environment.Job instance at 0x7fce4cd79820>,10,16,[5 6],14,136,152,122,132
1,<environment.Job instance at 0x7fce4cd7beb0>,49,1,[ 4 10],68,152,153,84,140
1,<environment.Job instance at 0x7fce541b11e0>,0,1,[7 5],1,1,2,0,1
1,<environment.Job instance at 0x7fce4cd7bf00>,1,2,[5 2],2,2,4,0,2
1,<environment.Job instance at 0x7fce542f2500>,6,12,[9 3],8,8,20,0,8
1,<environment.Job instance at 0x7fce542f8c80>,8,12,[5 3],10,20,32,10,10
1,<environment.Job instance at 0x7fce13d67c80>,21,1,[2 7],25,26,27,1,26
1,<environment.Job instance at 0x7fce542ffe10>,19,17,[5 3],23,27,44,4,27
1,<environment.Job instance at 0x7fce542f8410>,11,16,[3 5],13,32,48,19,31
1,<environment.Job instance at 0x7fce542fd190>,24,18,[ 1 10],31,48,66,17,47
1,<environment.Job instance at 0x7fce542fa7d0>,34,17,[3 5],43,66,83,23,54
1,<environment.Job instance at 0x7fce54304550>,43,15,[9 4],54,83,98,29,70
1,<environment.Job instance at 0x7fce54303c80>,51,1,[8 1],64,98,99,34,89
1,<environment.Job instance at 0x7fce54303d20>,52,15,[3 8],66,99,114,33,89
1,<environment.Job instance at 0x7fce543030f0>,48,15,[1 6],60,114,129,54,102
1,<environment.Job instance at 0x7fce090791e0>,62,14,[5 6],77,129,143,52,119
1,<environment.Job instance at 0x7fce090f7aa0>,73,18,[2 6],91,143,161,52,134
1,<environment.Job instance at 0x7fce0912dcd0>,66,15,[6 4],83,143,158,60,141
1,<environment.Job instance at 0x7fce0902f230>,78,3,[10  3],96,161,164,65,146
1,<environment.Job instance at 0x7fce08fc9b40>,84,3,[6 3],103,158,161,55,150
1,<environment.Job instance at 0x7fce090f7e10>,72,13,[5 5],90,164,177,74,155
1,<environment.Job instance at 0x7fce0909fdc0>,0,14,[7 3],1,1,15,0,1
1,<environment.Job instance at 0x7fce09081d70>,3,14,[1 5],6,6,20,0,6
1,<environment.Job instance at 0x7fce09089500>,8,18,[3 9],13,20,38,7,15
1,<environment.Job instance at 0x7fce08fcf5f0>,17,13,[ 4 10],22,38,51,16,24
1,<environment.Job instance at 0x7fce4cb5d370>,22,13,[5 8],32,51,64,19,39
1,<environment.Job instance at 0x7fce090a4730>,30,16,[1 6],45,64,80,19,60
1,<environment.Job instance at 0x7fce4cbd31e0>,24,27,[7 4],35,64,91,29,62
1,<environment.Job instance at 0x7fce08fd6a00>,37,16,[1 6],54,80,96,26,69
1,<environment.Job instance at 0x7fce08fd6cd0>,36,15,[7 4],53,91,106,38,77
1,<environment.Job instance at 0x7fce08fc8050>,43,18,[6 4],63,106,124,43,95
1,<environment.Job instance at 0x7fce0902b870>,50,14,[10  4],74,124,138,50,111
1,<environment.Job instance at 0x7fce09093f00>,58,1,[ 3 10],83,138,139,55,123
1,<environment.Job instance at 0x7fce0902ba00>,48,19,[ 3 10],72,139,158,67,129
1,<environment.Job instance at 0x7fce4cae8280>,63,17,[5 7],88,158,175,70,153
1,<environment.Job instance at 0x7fce4cc00fa0>,64,1,[4 9],89,175,176,86,153
1,<environment.Job instance at 0x7fce4cc00a50>,65,1,[10  2],90,176,177,86,153
1,<environment.Job instance at 0x7fce4cb40c80>,66,2,[3 8],91,177,179,86,153
1,<environment.Job instance at 0x7fce4da3fa00>,1,12,[ 5 10],6,6,18,0,6
1,<environment.Job instance at 0x7fce4d90c500>,6,16,[9 5],13,18,34,5,13
1,<environment.Job instance at 0x7fce4ce48410>,18,16,[1 5],32,32,48,0,32
1,<environment.Job instance at 0x7fce4d36ff50>,15,18,[ 4 10],27,48,66,21,44
1,<environment.Job instance at 0x7fce091afcd0>,29,13,[9 4],49,66,79,17,53
1,<environment.Job instance at 0x7fce091af5a0>,31,2,[5 9],52,79,81,27,59
1,<environment.Job instance at 0x7fce091af960>,32,14,[1 8],53,81,95,28,70
1,<environment.Job instance at 0x7fce0923a460>,40,15,[7 4],65,95,110,30,89
1,<environment.Job instance at 0x7fce096537d0>,24,17,[9 3],43,110,127,67,99
1,<environment.Job instance at 0x7fce0911b0a0>,49,25,[1 7],77,110,135,33,110
1,<environment.Job instance at 0x7fce090ceeb0>,52,18,[4 7],80,135,153,55,132
1,<environment.Job instance at 0x7fce094e38c0>,55,17,[2 9],84,153,170,69,144
1,<environment.Job instance at 0x7fce095500a0>,62,14,[6 5],93,170,184,77,155
1,<environment.Job instance at 0x7fce090043c0>,0,18,[5 5],1,1,19,0,1
1,<environment.Job instance at 0x7fce09390a00>,10,13,[10  3],20,20,33,0,20
1,<environment.Job instance at 0x7fce09390870>,11,15,[9 2],21,39,54,18,39
1,<environment.Job instance at 0x7fce093bf8c0>,21,16,[9 2],38,54,70,16,42
1,<environment.Job instance at 0x7fce09387af0>,32,14,[8 5],54,70,84,16,67
1,<environment.Job instance at 0x7fce093bec80>,19,15,[2 8],33,84,99,51,73
1,<environment.Job instance at 0x7fce0938ffa0>,40,13,[ 2 10],67,99,112,32,87
1,<environment.Job instance at 0x7fce4cb9a910>,56,17,[5 5],87,112,129,25,100
1,<environment.Job instance at 0x7fce093b2370>,65,14,[9 4],100,129,143,29,116
1,<environment.Job instance at 0x7fce0938e320>,59,12,[2 8],92,143,155,51,139
1,<environment.Job instance at 0x7fce093ae820>,72,2,[4 6],111,155,157,44,143
1,<environment.Job instance at 0x7fce093ae8c0>,73,18,[3 8],112,157,175,45,147
1,<environment.Job instance at 0x7fce4cb723c0>,0,12,[5 9],1,1,13,0,1
1,<environment.Job instance at 0x7fce4d470cd0>,7,21,[3 6],9,27,48,18,27
1,<environment.Job instance at 0x7fce4cc4e690>,23,1,[5 5],29,48,49,19,29
1,<environment.Job instance at 0x7fce4d470c80>,11,12,[5 5],15,48,60,33,33
1,<environment.Job instance at 0x7fce4cc4ec30>,30,17,[9 5],41,60,77,19,49
1,<environment.Job instance at 0x7fce4da65460>,21,13,[3 9],27,77,90,50,61
1,<environment.Job instance at 0x7fce4cc2aaf0>,39,16,[6 3],53,90,106,37,77
1,<environment.Job instance at 0x7fce4cc2af50>,40,1,[5 1],54,77,78,23,77
1,<environment.Job instance at 0x7fce4cc2a280>,45,1,[4 6],63,90,91,27,81
1,<environment.Job instance at 0x7fce094be690>,48,15,[10  2],68,106,121,38,92
1,<environment.Job instance at 0x7fce094be320>,52,17,[2 8],74,121,138,47,113
1,<environment.Job instance at 0x7fce4d7e6500>,57,18,[5 8],85,138,156,53,129
1,<environment.Job instance at 0x7fce4d4315f0>,63,15,[ 4 10],95,156,171,61,142
1,<environment.Job instance at 0x7fce53f108c0>,75,2,[3 9],115,171,173,56,159
1,<environment.Job instance at 0x7fce4ce81050>,76,14,[1 8],118,173,187,55,159
1,<environment.Job instance at 0x7fce4cdef690>,3,1,[7 4],4,4,5,0,4
1,<environment.Job instance at 0x7fce09326730>,4,17,[5 2],5,5,22,0,5
1,<environment.Job instance at 0x7fce0950acd0>,9,18,[1 7],11,11,29,0,11
1,<environment.Job instance at 0x7fce4d34eeb0>,8,3,[1 5],10,29,32,19,13
1,<environment.Job instance at 0x7fce4da30c80>,15,18,[9 4],18,29,47,11,22
1,<environment.Job instance at 0x7fce4cedd870>,30,3,[3 9],39,54,57,15,54
1,<environment.Job instance at 0x7fce095f9640>,27,17,[7 3],34,57,74,23,54
1,<environment.Job instance at 0x7fce4cedd640>,35,12,[10  1],45,74,86,29,57
1,<environment.Job instance at 0x7fce0924af00>,40,15,[3 7],52,86,101,34,80
1,<environment.Job instance at 0x7fce4cf31050>,45,18,[8 2],58,101,119,43,90
1,<environment.Job instance at 0x7fce0948e730>,49,16,[7 3],63,119,135,56,108
1,<environment.Job instance at 0x7fce0914d5a0>,56,2,[7 2],72,135,137,63,125
1,<environment.Job instance at 0x7fce54188910>,41,18,[5 6],54,137,155,83,126
1,<environment.Job instance at 0x7fce091850f0>,62,14,[5 8],79,155,169,76,148
1,<environment.Job instance at 0x7fce4d556fa0>,1,2,[2 6],5,5,7,0,5
1,<environment.Job instance at 0x7fce093735f0>,3,14,[4 5],7,7,21,0,7
1,<environment.Job instance at 0x7fce4d57ee60>,17,3,[7 4],28,28,31,0,28
1,<environment.Job instance at 0x7fce4d57eeb0>,18,14,[5 1],29,35,49,6,35
1,<environment.Job instance at 0x7fce4d57ee10>,20,3,[4 7],32,35,38,3,35
1,<environment.Job instance at 0x7fce4d5791e0>,21,3,[8 3],33,49,52,16,35
1,<environment.Job instance at 0x7fce4d57e5a0>,12,1,[3 7],21,38,39,17,36
1,<environment.Job instance at 0x7fce4d579500>,23,1,[4 7],36,39,40,3,36
1,<environment.Job instance at 0x7fce4d5795f0>,25,14,[7 5],38,52,66,14,38
1,<environment.Job instance at 0x7fce4d579fa0>,31,15,[8 3],46,66,81,20,52
1,<environment.Job instance at 0x7fce4d574370>,36,16,[5 7],54,81,97,27,69
1,<environment.Job instance at 0x7fce4d57e3c0>,8,18,[4 9],15,97,115,82,91
1,<environment.Job instance at 0x7fce4d574960>,44,14,[5 5],66,115,129,49,103
1,<environment.Job instance at 0x7fce4d56b730>,56,12,[2 7],81,129,141,48,112
1,<environment.Job instance at 0x7fce4d56ba00>,59,14,[2 5],85,115,129,30,113
1,<environment.Job instance at 0x7fce4d56bb90>,62,14,[ 5 10],92,141,155,49,126
1,<environment.Job instance at 0x7fce4d56b9b0>,61,16,[4 8],90,155,171,65,142
1,<environment.Job instance at 0x7fce4d56a820>,73,13,[5 7],104,171,184,67,156
1,<environment.Job instance at 0x7fce4d56a820>,1,3,[3 9],4,4,7,0,4
1,<environment.Job instance at 0x7fce4cd5ccd0>,3,1,[4 9],6,7,8,1,7
1,<environment.Job instance at 0x7fce4cd5c410>,4,3,[1 6],8,8,11,0,8
1,<environment.Job instance at 0x7fce0960deb0>,11,13,[5 5],18,18,31,0,18
1,<environment.Job instance at 0x7fce0960dc30>,14,28,[8 1],23,38,66,15,38
1,<environment.Job instance at 0x7fce0954e5f0>,24,12,[2 7],37,38,50,1,38
1,<environment.Job instance at 0x7fce4cbb60a0>,35,3,[5 5],53,66,69,13,53
1,<environment.Job instance at 0x7fce4ce8b370>,39,18,[7 1],57,69,87,12,59
1,<environment.Job instance at 0x7fce4d18dd70>,28,17,[2 8],42,69,86,27,64
1,<environment.Job instance at 0x7fce4d22ba00>,32,15,[3 8],50,86,101,36,72
1,<environment.Job instance at 0x7fce09102b90>,50,13,[9 5],74,101,114,27,86
1,<environment.Job instance at 0x7fce09102500>,54,18,[6 4],80,114,132,34,107
1,<environment.Job instance at 0x7fce09507140>,57,12,[2 8],83,132,144,49,117
1,<environment.Job instance at 0x7fce09507410>,64,14,[2 6],90,144,158,54,133
1,<environment.Job instance at 0x7fce0926ebe0>,73,14,[8 3],103,144,158,41,138
1,<environment.Job instance at 0x7fce095071e0>,66,14,[4 8],93,158,172,65,147
1,<environment.Job instance at 0x7fce09507460>,63,12,[4 5],89,172,184,83,155
1,<environment.Job instance at 0x7fce4cd7b050>,1,1,[5 5],5,5,6,0,5
1,<environment.Job instance at 0x7fce09666370>,3,16,[3 6],7,7,23,0,7
1,<environment.Job instance at 0x7fce09666aa0>,4,14,[6 3],8,9,23,1,9
1,<environment.Job instance at 0x7fce0971c820>,15,2,[5 6],24,24,26,0,24
1,<environment.Job instance at 0x7fce0971c230>,17,2,[10  1],26,26,28,0,26
1,<environment.Job instance at 0x7fce4cf30820>,19,22,[5 8],29,29,51,0,29
1,<environment.Job instance at 0x7fce093f5a50>,21,17,[5 2],33,40,57,7,40
1,<environment.Job instance at 0x7fce09604640>,5,17,[7 3],9,57,74,48,49
1,<environment.Job instance at 0x7fce0941e0a0>,32,15,[3 5],47,54,69,7,54
1,<environment.Job instance at 0x7fce0941e730>,33,16,[5 5],48,74,90,26,61
1,<environment.Job instance at 0x7fce4cb1f5a0>,43,12,[10  4],64,90,102,26,82
1,<environment.Job instance at 0x7fce4cf09690>,48,14,[5 5],71,104,118,33,104
1,<environment.Job instance at 0x7fce4cf09fa0>,46,13,[10  2],68,118,131,50,104
1,<environment.Job instance at 0x7fce4d7690f0>,24,14,[3 5],37,131,145,94,116
1,<environment.Job instance at 0x7fce4d210eb0>,65,16,[ 2 10],98,145,161,47,137
1,<environment.Job instance at 0x7fce094a9550>,1,14,[1 6],2,2,16,0,2
1,<environment.Job instance at 0x7fce0969a460>,14,15,[5 5],18,18,33,0,18
1,<environment.Job instance at 0x7fce09689f00>,8,14,[7 5],9,33,47,24,19
1,<environment.Job instance at 0x7fce0969a6e0>,17,12,[5 6],21,47,59,26,30
1,<environment.Job instance at 0x7fce0969aa50>,23,1,[8 3],28,59,60,31,43
1,<environment.Job instance at 0x7fce0969acd0>,24,1,[2 5],32,43,44,11,43
1,<environment.Job instance at 0x7fce0969a960>,19,13,[4 8],23,60,73,37,49
1,<environment.Job instance at 0x7fce096837d0>,34,18,[9 3],45,73,91,28,62
1,<environment.Job instance at 0x7fce0969e2d0>,43,1,[1 5],60,98,99,38,98
1,<environment.Job instance at 0x7fce0969e410>,44,3,[2 9],61,99,102,38,98
1,<environment.Job instance at 0x7fce0969e820>,46,13,[ 1 10],65,102,115,37,99
1,<environment.Job instance at 0x7fce0969e780>,47,1,[2 7],66,115,116,49,99
1,<environment.Job instance at 0x7fce0969ea00>,49,1,[9 2],69,116,117,47,99
1,<environment.Job instance at 0x7fce0969ecd0>,52,15,[2 5],75,117,132,42,105
1,<environment.Job instance at 0x7fce0969ea50>,53,15,[6 2],76,117,132,41,108
1,<environment.Job instance at 0x7fce096911e0>,59,28,[2 8],86,133,161,47,133
1,<environment.Job instance at 0x7fce09683be0>,38,26,[8 2],52,145,171,93,145
1,<environment.Job instance at 0x7fce4d02dfa0>,0,18,[5 4],1,1,19,0,1
1,<environment.Job instance at 0x7fce4d02d910>,5,19,[2 5],8,10,29,2,10
1,<environment.Job instance at 0x7fce4cd9ad20>,23,3,[6 2],37,37,40,0,37
1,<environment.Job instance at 0x7fce4d2a9960>,25,15,[4 6],40,48,63,8,48
1,<environment.Job instance at 0x7fce4d2a90a0>,27,15,[3 8],44,63,78,19,59
1,<environment.Job instance at 0x7fce09632be0>,38,13,[6 5],58,78,91,20,71
1,<environment.Job instance at 0x7fce4d0aa280>,44,13,[5 3],69,91,104,22,85
1,<environment.Job instance at 0x7fce4d0aa780>,46,18,[2 5],71,88,106,17,88
1,<environment.Job instance at 0x7fce540bd050>,47,15,[2 6],73,106,121,33,93
1,<environment.Job instance at 0x7fce09709780>,52,28,[6 2],82,110,138,28,110
1,<environment.Job instance at 0x7fce096329b0>,39,18,[4 7],59,121,139,62,117
1,<environment.Job instance at 0x7fce09081320>,68,13,[6 1],104,138,151,34,132
1,<environment.Job instance at 0x7fce4d0aa1e0>,43,16,[9 3],65,151,167,86,138
1,<environment.Job instance at 0x7fce093856e0>,62,17,[7 1],96,167,184,71,158
1,<environment.Job instance at 0x7fce4d46e370>,0,26,[5 6],1,3,29,2,3
1,<environment.Job instance at 0x7fce4d4ed050>,12,20,[8 3],24,29,49,5,24
1,<environment.Job instance at 0x7fce08f63960>,28,23,[8 5],46,49,72,3,47
1,<environment.Job instance at 0x7fce095c3d70>,39,17,[ 4 10],63,72,89,9,68
1,<environment.Job instance at 0x7fce095c3690>,43,13,[2 5],68,89,102,21,78
1,<environment.Job instance at 0x7fce4d46e820>,8,16,[5 8],15,102,118,87,89
1,<environment.Job instance at 0x7fce095c30f0>,51,2,[2 7],82,118,120,36,98
1,<environment.Job instance at 0x7fce4cc65320>,53,15,[8 4],86,120,135,34,107
1,<environment.Job instance at 0x7fce4cc65f50>,59,3,[3 9],97,135,138,38,114
1,<environment.Job instance at 0x7fce4d4b1550>,60,17,[4 5],98,138,155,40,126
1,<environment.Job instance at 0x7fce4d4b1190>,63,16,[2 5],103,138,154,35,133
1,<environment.Job instance at 0x7fce095c3aa0>,50,18,[8 3],78,155,173,77,144
1,<environment.Job instance at 0x7fce4d3d44b0>,0,27,[10  5],2,4,31,2,4
1,<environment.Job instance at 0x7fce4cee00f0>,10,16,[4 9],17,31,47,14,19
1,<environment.Job instance at 0x7fce4cee0230>,13,2,[2 7],22,47,49,25,29
1,<environment.Job instance at 0x7fce4cee0960>,15,14,[7 2],24,47,61,23,36
1,<environment.Job instance at 0x7fce4cedd640>,9,13,[2 7],14,49,62,35,36
1,<environment.Job instance at 0x7fce4cee2370>,18,13,[5 1],28,61,74,33,45
1,<environment.Job instance at 0x7fce4cee2f50>,20,2,[5 2],30,62,64,32,45
1,<environment.Job instance at 0x7fce4d178d70>,2,16,[1 8],4,64,80,60,56
1,<environment.Job instance at 0x7fce09038870>,25,15,[6 1],38,74,89,36,62
1,<environment.Job instance at 0x7fce09194cd0>,31,18,[1 6],47,80,98,33,78
1,<environment.Job instance at 0x7fce0948fa00>,47,16,[7 2],72,98,114,26,98
1,<environment.Job instance at 0x7fce08fbd5a0>,57,21,[7 4],87,133,154,46,133
1,<environment.Job instance at 0x7fce08fbd730>,58,15,[3 6],88,133,148,45,133
1,<environment.Job instance at 0x7fce4cfcce60>,35,15,[5 9],54,154,169,100,144
1,<environment.Job instance at 0x7fce4ce422d0>,2,12,[6 1],4,4,16,0,4
1,<environment.Job instance at 0x7fce540b56e0>,11,3,[ 2 10],16,16,19,0,16
1,<environment.Job instance at 0x7fce4d305b40>,12,14,[7 1],17,19,33,2,19
1,<environment.Job instance at 0x7fce4cf25a00>,16,3,[3 5],22,24,27,2,24
1,<environment.Job instance at 0x7fce4d386cd0>,18,13,[4 7],24,33,46,9,24
1,<environment.Job instance at 0x7fce097305a0>,20,3,[9 2],27,46,49,19,27
1,<environment.Job instance at 0x7fce09730870>,21,2,[5 9],28,49,51,21,28
1,<environment.Job instance at 0x7fce09730780>,22,13,[8 2],29,51,64,22,35
1,<environment.Job instance at 0x7fce096aaaf0>,38,14,[10  1],49,64,78,15,58
1,<environment.Job instance at 0x7fce4cce0460>,41,13,[6 4],54,78,91,24,63
1,<environment.Job instance at 0x7fce0917a1e0>,45,15,[8 2],58,91,106,33,80
1,<environment.Job instance at 0x7fce4da12e60>,8,25,[4 8],12,106,131,94,103
1,<environment.Job instance at 0x7fce4d2a97d0>,56,14,[4 7],71,131,145,60,116
1,<environment.Job instance at 0x7fce093d9690>,59,3,[4 7],76,145,148,69,129
1,<environment.Job instance at 0x7fce093d9d20>,60,16,[4 6],79,148,164,69,135
1,<environment.Job instance at 0x7fce4d20aaf0>,68,16,[8 1],90,164,180,74,159
1,<environment.Job instance at 0x7fce096fe410>,0,14,[5 6],1,1,15,0,1
1,<environment.Job instance at 0x7fce096ca730>,4,18,[3 8],9,15,33,6,10
1,<environment.Job instance at 0x7fce08dfa870>,11,1,[1 5],18,33,34,15,18
1,<environment.Job instance at 0x7fce08dfa0f0>,12,15,[3 7],19,34,49,15,20
1,<environment.Job instance at 0x7fce08ddb820>,21,14,[9 4],34,49,63,15,34
1,<environment.Job instance at 0x7fce08dddc30>,28,18,[5 2],45,63,81,18,53
1,<environment.Job instance at 0x7fce08dddf50>,31,17,[2 5],50,63,80,13,55
1,<environment.Job instance at 0x7fce08dfb780>,38,20,[8 2],60,81,101,21,72
1,<environment.Job instance at 0x7fce08dfbdc0>,44,17,[2 9],67,101,118,34,90
1,<environment.Job instance at 0x7fce08d08dc0>,52,19,[3 9],78,118,137,40,115
1,<environment.Job instance at 0x7fce08d67690>,57,15,[2 9],83,137,152,54,123
1,<environment.Job instance at 0x7fce08d67a00>,63,17,[6 4],91,152,169,61,140
1,<environment.Job instance at 0x7fce08d67eb0>,1,18,[6 4],3,3,21,0,3
1,<environment.Job instance at 0x7fce0971c5f0>,4,28,[9 4],12,22,50,10,22
1,<environment.Job instance at 0x7fce4ccf52d0>,21,16,[5 5],36,50,66,14,39
1,<environment.Job instance at 0x7fce4ccf5fa0>,24,16,[3 6],39,66,82,27,53
1,<environment.Job instance at 0x7fce4ccf5870>,19,2,[ 5 10],34,82,84,48,55
1,<environment.Job instance at 0x7fce4ccf5f50>,26,3,[5 9],41,84,87,43,58
1,<environment.Job instance at 0x7fce4ccf5640>,22,16,[ 5 10],37,87,103,50,82
1,<environment.Job instance at 0x7fce4ccfd640>,27,15,[5 7],42,103,118,61,89
1,<environment.Job instance at 0x7fce4d863dc0>,40,19,[2 5],60,118,137,58,108
1,<environment.Job instance at 0x7fce4d8634b0>,42,16,[6 3],62,118,134,56,110
1,<environment.Job instance at 0x7fce4d844aa0>,50,15,[4 5],73,134,149,61,126
1,<environment.Job instance at 0x7fce4d844500>,51,16,[10  4],74,149,165,75,136
1,<environment.Job instance at 0x7fce091f1dc0>,9,15,[10  4],11,12,27,1,12
1,<environment.Job instance at 0x7fce090b2a50>,11,17,[1 8],13,27,44,14,20
1,<environment.Job instance at 0x7fce4cdd8730>,17,17,[9 1],21,32,49,11,32
1,<environment.Job instance at 0x7fce4d74ea50>,20,16,[ 5 10],25,55,71,30,55
1,<environment.Job instance at 0x7fce092f61e0>,27,22,[ 4 10],36,71,93,35,64
1,<environment.Job instance at 0x7fce4da292d0>,37,17,[5 1],48,100,117,52,100
1,<environment.Job instance at 0x7fce4cbd0820>,43,20,[4 5],61,102,122,41,102
1,<environment.Job instance at 0x7fce08d8d1e0>,46,18,[4 5],65,117,135,52,117
1,<environment.Job instance at 0x7fce08d8de10>,47,12,[6 4],66,124,136,58,124
1,<environment.Job instance at 0x7fce09442f50>,48,22,[2 7],67,136,158,69,129
1,<environment.Job instance at 0x7fce09442e10>,50,16,[7 3],69,136,152,67,130
1,<environment.Job instance at 0x7fce094dddc0>,1,17,[1 9],4,4,21,0,4
1,<environment.Job instance at 0x7fce4d84fc80>,12,2,[2 6],19,21,23,2,19
1,<environment.Job instance at 0x7fce4d84fbe0>,13,18,[1 6],20,23,41,3,20
1,<environment.Job instance at 0x7fce4d84f140>,18,2,[ 3 10],25,41,43,16,25
1,<environment.Job instance at 0x7fce4d84f0f0>,19,2,[5 2],26,26,28,0,26
1,<environment.Job instance at 0x7fce08de31e0>,20,12,[6 5],27,43,55,16,34
1,<environment.Job instance at 0x7fce4d2c38c0>,27,16,[5 3],39,55,71,16,43
1,<environment.Job instance at 0x7fce4d2c3550>,28,1,[4 7],40,55,56,15,47
1,<environment.Job instance at 0x7fce4d2c3230>,31,3,[2 8],43,71,74,28,48
1,<environment.Job instance at 0x7fce08ee50f0>,38,1,[5 1],54,56,57,2,54
1,<environment.Job instance at 0x7fce08ee5500>,39,16,[6 1],55,71,87,16,58
1,<environment.Job instance at 0x7fce4d84ff00>,15,15,[4 8],22,74,89,52,61
1,<environment.Job instance at 0x7fce4d846b40>,50,1,[6 1],71,87,88,16,78
1,<environment.Job instance at 0x7fce4d846f50>,53,14,[9 1],77,89,103,12,80
1,<environment.Job instance at 0x7fce08ee5fa0>,44,18,[6 1],61,103,121,42,92
1,<environment.Job instance at 0x7fce08e89a50>,56,3,[8 3],81,121,124,40,102
1,<environment.Job instance at 0x7fce4d84fd20>,17,18,[2 9],24,103,121,79,103
1,<environment.Job instance at 0x7fce08e893c0>,66,17,[7 1],96,124,141,28,115
1,<environment.Job instance at 0x7fce4cd64f00>,76,17,[9 2],109,141,158,32,129
1,<environment.Job instance at 0x7fce4d03c0a0>,81,15,[10  4],118,158,173,40,149
1,<environment.Job instance at 0x7fce4d3a5d70>,88,1,[10  1],128,173,174,45,157
1,<environment.Job instance at 0x7fce4cdf9a50>,0,17,[4 6],2,2,19,0,2
1,<environment.Job instance at 0x7fce091def00>,9,18,[3 7],12,19,37,7,12
1,<environment.Job instance at 0x7fce091de5a0>,13,21,[6 2],18,19,40,1,19
1,<environment.Job instance at 0x7fce09200820>,24,12,[ 2 10],33,40,52,7,33
1,<environment.Job instance at 0x7fce09200f50>,21,16,[9 2],28,52,68,24,40
1,<environment.Job instance at 0x7fce091ea5a0>,31,14,[7 1],46,68,82,22,56
1,<environment.Job instance at 0x7fce091c7b40>,41,27,[3 8],58,68,95,10,66
1,<environment.Job instance at 0x7fce4d3f5e10>,53,15,[2 6],80,95,110,15,91
1,<environment.Job instance at 0x7fce091c7870>,44,18,[6 2],66,92,110,26,92
1,<environment.Job instance at 0x7fce09476d70>,55,3,[ 3 10],82,110,113,28,95
1,<environment.Job instance at 0x7fce09476eb0>,54,15,[9 4],81,113,128,32,100
1,<environment.Job instance at 0x7fce4d1e9050>,62,17,[2 5],91,128,145,37,116
1,<environment.Job instance at 0x7fce4d1e9fa0>,65,17,[6 2],96,128,145,32,117
1,<environment.Job instance at 0x7f28ce4805a0>,1,15,[ 4 10],4,4,19,0,4
1,<environment.Job instance at 0x7f28ce43c0a0>,2,14,[5 5],5,19,33,14,5
1,<environment.Job instance at 0x7f28cb2ddc30>,17,15,[7 5],23,33,48,10,33
1,<environment.Job instance at 0x7f28cb2dd910>,18,16,[5 6],24,48,64,24,35
1,<environment.Job instance at 0x7f28cb2df640>,26,15,[6 3],35,64,79,29,51
1,<environment.Job instance at 0x7f28cb2df780>,27,12,[5 5],36,79,91,43,62
1,<environment.Job instance at 0x7f28cb2dfe60>,33,14,[10  3],47,91,105,44,77
1,<environment.Job instance at 0x7f28cb2dd730>,10,16,[5 6],14,105,121,91,94
1,<environment.Job instance at 0x7f28cb2e25a0>,43,16,[10  5],59,121,137,62,111
1,<environment.Job instance at 0x7f28cb2e2aa0>,47,2,[2 7],64,137,139,73,124
1,<environment.Job instance at 0x7f28cb2e2b90>,48,13,[5 5],66,139,152,73,124
1,<environment.Job instance at 0x7f28cb2e2410>,38,16,[4 8],54,152,168,98,142
1,<environment.Job instance at 0x7f28cb2dd460>,5,14,[8 5],9,168,182,159,158
1,<environment.Job instance at 0x7f28ce4636e0>,3,14,[5 3],4,4,18,0,4
1,<environment.Job instance at 0x7f28ce5abe10>,16,15,[6 2],23,23,38,0,23
1,<environment.Job instance at 0x7f28ce5b2f50>,20,18,[7 4],27,38,56,11,28
1,<environment.Job instance at 0x7f28ce5b25f0>,21,15,[3 5],29,37,52,8,37
1,<environment.Job instance at 0x7f28ce5a9410>,28,13,[7 4],36,56,69,20,45
1,<environment.Job instance at 0x7f28cb2e5780>,2,16,[3 5],3,57,73,54,57
1,<environment.Job instance at 0x7f28ce5b0780>,32,18,[5 5],41,69,87,28,59
1,<environment.Job instance at 0x7f28ce5ab0a0>,14,13,[10  4],17,87,100,70,77
1,<environment.Job instance at 0x7f28ce5b6dc0>,53,14,[5 6],67,100,114,33,87
1,<environment.Job instance at 0x7f28ce5b6690>,58,1,[3 5],74,114,115,40,98
1,<environment.Job instance at 0x7f28ce5b6d20>,59,12,[5 6],75,115,127,40,98
1,<environment.Job instance at 0x7f28ce4c0fa0>,63,13,[5 5],80,127,140,47,111
1,<environment.Job instance at 0x7f28855d28c0>,68,18,[6 2],85,140,158,55,129
1,<environment.Job instance at 0x7f28855d25a0>,70,14,[3 5],87,129,143,42,129
1,<environment.Job instance at 0x7f288566a550>,76,20,[4 6],96,143,163,47,137
1,<environment.Job instance at 0x7f288566a640>,78,13,[2 8],98,163,176,65,156
1,<environment.Job instance at 0x7f28cb27fc30>,49,14,[5 8],62,176,190,114,162
1,<environment.Job instance at 0x7f28857142d0>,2,13,[1 9],4,4,17,0,4
1,<environment.Job instance at 0x7f2885539320>,5,14,[9 4],10,17,31,7,10
1,<environment.Job instance at 0x7f288553e730>,6,13,[5 8],12,31,44,19,15
1,<environment.Job instance at 0x7f28cb781550>,17,3,[10  1],29,44,47,15,29
1,<environment.Job instance at 0x7f28cb7d7640>,14,16,[1 6],25,47,63,22,34
1,<environment.Job instance at 0x7f2885592640>,20,15,[7 4],33,47,62,14,34
1,<environment.Job instance at 0x7f28cb0aa500>,27,18,[6 4],43,62,80,19,52
1,<environment.Job instance at 0x7f2885525370>,12,14,[ 4 10],22,80,94,58,66
1,<environment.Job instance at 0x7f288566aa50>,34,14,[10  4],54,94,108,40,79
1,<environment.Job instance at 0x7f2885607a50>,44,18,[4 7],65,108,126,43,101
1,<environment.Job instance at 0x7f288558de10>,47,17,[5 7],68,126,143,58,114
1,<environment.Job instance at 0x7f288559de60>,54,13,[7 5],78,143,156,65,127
1,<environment.Job instance at 0x7f28cb091c30>,56,16,[5 9],81,156,172,75,143
1,<environment.Job instance at 0x7f28cb7a9b90>,65,13,[7 1],91,172,185,81,158
1,<environment.Job instance at 0x7f28cb782960>,68,2,[1 8],94,172,174,78,158
1,<environment.Job instance at 0x7f28856e3b40>,0,13,[2 7],1,1,14,0,1
1,<environment.Job instance at 0x7f28cb402eb0>,14,2,[5 9],22,34,36,12,34
1,<environment.Job instance at 0x7f288552e820>,15,14,[1 8],23,36,50,13,34
1,<environment.Job instance at 0x7f28cb3cb500>,6,13,[7 5],12,50,63,38,44
1,<environment.Job instance at 0x7f2885a73a00>,23,15,[7 4],35,63,78,28,51
1,<environment.Job instance at 0x7f28cb6dfcd0>,26,14,[ 1 10],38,78,92,40,72
1,<environment.Job instance at 0x7f28cb33c870>,24,25,[6 5],36,106,131,70,106
1,<environment.Job instance at 0x7f28855c0d70>,43,18,[8 2],61,131,149,70,125
1,<environment.Job instance at 0x7f28855c0690>,44,13,[2 7],62,131,144,69,128
1,<environment.Job instance at 0x7f28855c02d0>,45,14,[6 5],63,149,163,86,134
1,<environment.Job instance at 0x7f2885ab9230>,52,15,[1 8],75,163,178,88,151
1,<environment.Job instance at 0x7f2885572a50>,38,17,[2 9],54,178,195,124,166
1,<environment.Job instance at 0x7f28cb284cd0>,1,3,[2 5],4,4,7,0,4
1,<environment.Job instance at 0x7f28cdda1780>,4,12,[ 3 10],8,8,20,0,8
1,<environment.Job instance at 0x7f28cb749910>,13,1,[3 8],21,21,22,0,21
1,<environment.Job instance at 0x7f2885c6d820>,14,15,[5 8],22,22,37,0,22
1,<environment.Job instance at 0x7f28cb2770a0>,20,2,[5 7],30,37,39,7,35
1,<environment.Job instance at 0x7f2885c76af0>,24,1,[2 5],35,39,40,4,35
1,<environment.Job instance at 0x7f2885c76e10>,25,3,[1 8],36,40,43,4,36
1,<environment.Job instance at 0x7f2885c93280>,28,18,[4 5],41,43,61,2,41
1,<environment.Job instance at 0x7f2885c83820>,36,12,[2 8],52,61,73,9,52
1,<environment.Job instance at 0x7f2885c83910>,41,16,[1 9],59,73,89,14,60
1,<environment.Job instance at 0x7f2885c85af0>,47,14,[5 7],66,89,103,23,76
1,<environment.Job instance at 0x7f288590d6e0>,51,17,[4 6],73,103,120,30,98
1,<environment.Job instance at 0x7f288590a9b0>,60,17,[6 2],88,103,120,15,99
1,<environment.Job instance at 0x7f2885c9e370>,66,17,[6 5],94,120,137,26,110
1,<environment.Job instance at 0x7f28cdda8370>,74,2,[5 5],106,154,156,48,154
1,<environment.Job instance at 0x7f2885c8c0a0>,75,14,[8 2],109,156,170,47,154
1,<environment.Job instance at 0x7f2885c8c0f0>,76,13,[6 1],110,170,183,60,154
1,<environment.Job instance at 0x7f2885c9e4b0>,67,14,[5 6],95,183,197,88,169
1,<environment.Job instance at 0x7f28cb6d40f0>,2,16,[6 3],3,3,19,0,3
1,<environment.Job instance at 0x7f28cb6d4af0>,4,19,[3 8],5,19,38,14,17
1,<environment.Job instance at 0x7f28cb6d4be0>,7,12,[8 3],12,38,50,26,24
1,<environment.Job instance at 0x7f2885a05550>,16,16,[10  3],28,50,66,22,39
1,<environment.Job instance at 0x7f288598fc30>,30,14,[8 3],50,70,84,20,70
1,<environment.Job instance at 0x7f28cb6d4550>,10,17,[5 8],17,84,101,67,73
1,<environment.Job instance at 0x7f288598fdc0>,33,18,[ 5 10],58,101,119,43,96
1,<environment.Job instance at 0x7f28cdd02d70>,49,3,[5 6],82,119,122,37,117
1,<environment.Job instance at 0x7f28cdd02fa0>,47,22,[4 9],80,122,144,42,119
1,<environment.Job instance at 0x7f28cdd02140>,54,16,[7 1],88,144,160,56,132
1,<environment.Job instance at 0x7f28cdf7c320>,60,19,[6 1],95,160,179,65,150
1,<environment.Job instance at 0x7f288598fc80>,31,16,[5 9],53,179,195,126,166
1,<environment.Job instance at 0x7f28ce5ad370>,0,1,[2 8],2,2,3,0,2
1,<environment.Job instance at 0x7f28cd9156e0>,1,16,[7 3],3,3,19,0,3
1,<environment.Job instance at 0x7f28cb3680f0>,14,14,[5 8],19,19,33,0,19
1,<environment.Job instance at 0x7f2885ae6280>,10,13,[10  1],14,33,46,19,22
1,<environment.Job instance at 0x7f28cd8c0320>,20,12,[8 2],29,46,58,17,30
1,<environment.Job instance at 0x7f28cb5a6640>,27,17,[4 7],39,65,82,26,65
1,<environment.Job instance at 0x7f28cb681410>,31,18,[10  4],46,82,100,36,71
1,<environment.Job instance at 0x7f2885b980a0>,33,14,[4 6],51,100,114,49,85
1,<environment.Job instance at 0x7f2885b980f0>,39,17,[6 4],58,103,120,45,103
1,<environment.Job instance at 0x7f28cde8ebe0>,44,15,[9 2],64,120,135,56,106
1,<environment.Job instance at 0x7f2885c00a50>,47,16,[9 4],74,135,151,61,123
1,<environment.Job instance at 0x7f28cde91c80>,53,16,[5 4],83,151,167,68,151
1,<environment.Job instance at 0x7f28cde91fa0>,54,15,[1 7],84,167,182,83,153
1,<environment.Job instance at 0x7f28cb202cd0>,3,3,[6 5],4,4,7,0,4
1,<environment.Job instance at 0x7f28cb2028c0>,4,16,[9 4],6,7,23,1,6
1,<environment.Job instance at 0x7f28857a89b0>,12,14,[2 5],15,23,37,8,16
1,<environment.Job instance at 0x7f28857a8e60>,18,13,[7 1],25,27,40,2,27
1,<environment.Job instance at 0x7f28857d5780>,25,17,[7 3],33,40,57,7,33
1,<environment.Job instance at 0x7f28857d57d0>,26,13,[5 7],34,57,70,23,44
1,<environment.Job instance at 0x7f28857a84b0>,14,16,[4 8],20,70,86,50,59
1,<environment.Job instance at 0x7f28857d25a0>,38,16,[8 3],52,86,102,34,79
1,<environment.Job instance at 0x7f28857d2640>,39,16,[5 9],53,102,118,49,91
1,<environment.Job instance at 0x7f28857d2d70>,49,1,[3 5],67,118,119,51,104
1,<environment.Job instance at 0x7f28857d2e10>,53,15,[8 1],71,119,134,48,105
1,<environment.Job instance at 0x7f28857cb7d0>,61,18,[7 5],84,162,180,78,162
1,<environment.Job instance at 0x7f28857cbbe0>,67,13,[6 5],92,180,193,88,168
1,<environment.Job instance at 0x7f28857cbdc0>,1,1,[8 1],2,2,3,0,2
1,<environment.Job instance at 0x7f28cb7c2f50>,2,12,[2 8],3,3,15,0,3
1,<environment.Job instance at 0x7f28cdd86500>,8,12,[4 5],9,15,27,6,9
1,<environment.Job instance at 0x7f28cd98e2d0>,13,14,[8 2],15,27,41,12,19
1,<environment.Job instance at 0x7f28cb7c1640>,18,14,[8 3],23,41,55,18,37
1,<environment.Job instance at 0x7f28cdad1be0>,30,12,[4 9],36,55,67,19,47
1,<environment.Job instance at 0x7f2885a67dc0>,34,3,[7 4],41,68,71,27,68
1,<environment.Job instance at 0x7f2885a679b0>,35,19,[9 3],46,71,90,25,68
1,<environment.Job instance at 0x7f2885b94910>,44,18,[ 3 10],57,90,108,33,82
1,<environment.Job instance at 0x7f28cb2871e0>,52,13,[7 5],68,108,121,40,100
1,<environment.Job instance at 0x7f2885bad910>,60,17,[2 9],80,121,138,41,121
1,<environment.Job instance at 0x7f2885bada50>,64,16,[3 6],87,138,154,51,125
1,<environment.Job instance at 0x7f2885bad9b0>,65,14,[6 3],88,138,152,50,125
1,<environment.Job instance at 0x7f28cdb8b4b0>,72,14,[9 2],96,154,168,58,142
1,<environment.Job instance at 0x7f28cdb8b9b0>,75,14,[5 3],102,168,182,66,157
1,<environment.Job instance at 0x7f28cde81690>,41,28,[4 5],53,168,196,115,167
1,<environment.Job instance at 0x7f28cde6b050>,1,12,[ 3 10],3,3,15,0,3
1,<environment.Job instance at 0x7f28cd8d3410>,9,25,[8 1],18,40,65,22,40
1,<environment.Job instance at 0x7f28cb3ac140>,21,13,[5 5],33,65,78,32,49
1,<environment.Job instance at 0x7f28cb69d910>,12,13,[4 6],22,78,91,56,66
1,<environment.Job instance at 0x7f28cb471230>,30,13,[6 2],45,78,91,33,76
1,<environment.Job instance at 0x7f2885707780>,39,17,[8 4],55,91,108,36,87
1,<environment.Job instance at 0x7f2885707370>,41,13,[3 7],57,108,121,51,92
1,<environment.Job instance at 0x7f28855de960>,46,14,[3 8],65,121,135,56,106
1,<environment.Job instance at 0x7f2885a57b90>,55,18,[6 1],76,125,143,49,125
1,<environment.Job instance at 0x7f28cdaec370>,31,13,[9 1],46,143,156,97,129
1,<environment.Job instance at 0x7f2885968a00>,18,24,[1 6],29,137,161,108,137
1,<environment.Job instance at 0x7f2885bba460>,59,14,[9 5],80,161,175,81,146
1,<environment.Job instance at 0x7f2885baa190>,64,15,[5 5],88,175,190,87,161
1,<environment.Job instance at 0x7f28857fdbe0>,70,18,[3 5],94,175,193,81,164
1,<environment.Job instance at 0x7f28cb188190>,0,16,[7 3],2,2,18,0,2
1,<environment.Job instance at 0x7f28cb3ca5a0>,9,27,[8 2],12,19,46,7,19
1,<environment.Job instance at 0x7f28cb3bf960>,25,18,[8 4],33,46,64,13,38
1,<environment.Job instance at 0x7f28cb3c9410>,35,17,[8 2],46,64,81,18,53
1,<environment.Job instance at 0x7f28cb3c96e0>,37,14,[5 3],49,81,95,32,66
1,<environment.Job instance at 0x7f28cb3c9be0>,44,18,[5 4],61,81,99,20,81
1,<environment.Job instance at 0x7f28cb3ae320>,49,19,[2 5],68,95,114,27,86
1,<environment.Job instance at 0x7f28cb3ae460>,53,18,[6 3],77,99,117,22,95
1,<environment.Job instance at 0x7f28cb3ae5f0>,56,18,[3 6],80,114,132,34,103
1,<environment.Job instance at 0x7f28cb3bffa0>,32,15,[3 9],41,132,147,91,126
1,<environment.Job instance at 0x7f28cb3c9140>,33,14,[ 3 10],42,147,161,105,135
1,<environment.Job instance at 0x7f28cb3bdf00>,71,15,[3 8],104,161,176,57,148
1,<environment.Job instance at 0x7f28cb3c95a0>,36,13,[2 8],47,176,189,129,165
1,<environment.Job instance at 0x7f28cb291960>,1,14,[5 8],2,2,16,0,2
1,<environment.Job instance at 0x7f28cb69d500>,11,17,[1 7],19,19,36,0,19
1,<environment.Job instance at 0x7f2885a98a50>,15,18,[7 4],23,36,54,13,29
1,<environment.Job instance at 0x7f2885a985f0>,13,13,[5 6],21,54,67,33,40
1,<environment.Job instance at 0x7f28cb192820>,25,15,[9 4],35,67,82,32,66
1,<environment.Job instance at 0x7f28cd9c2dc0>,17,15,[ 3 10],25,82,97,57,68
1,<environment.Job instance at 0x7f28cb192b40>,27,15,[5 3],38,97,112,59,83
1,<environment.Job instance at 0x7f2885852190>,5,19,[5 4],12,98,117,86,98
1,<environment.Job instance at 0x7f28cb1924b0>,28,14,[5 1],40,112,126,72,100
1,<environment.Job instance at 0x7f28cb0f44b0>,42,14,[7 4],59,126,140,67,117
1,<environment.Job instance at 0x7f28cb0f4cd0>,46,18,[3 8],66,140,158,74,129
1,<environment.Job instance at 0x7f28cb0f4730>,38,28,[ 4 10],53,158,186,105,157
1,<environment.Job instance at 0x7f28cb3799b0>,2,12,[2 5],4,4,16,0,4
1,<environment.Job instance at 0x7f28cdaec690>,3,1,[2 6],7,16,17,9,7
1,<environment.Job instance at 0x7f28cb76f640>,12,2,[2 6],19,19,21,0,19
1,<environment.Job instance at 0x7f28cb76fa50>,13,15,[4 8],22,22,37,0,22
1,<environment.Job instance at 0x7f28cde962d0>,21,1,[6 2],38,38,39,0,38
1,<environment.Job instance at 0x7f28cde96a50>,22,3,[6 1],39,39,42,0,39
1,<environment.Job instance at 0x7f28cde961e0>,23,15,[4 5],40,40,55,0,40
1,<environment.Job instance at 0x7f28cb4834b0>,24,27,[10  5],42,55,82,13,53
1,<environment.Job instance at 0x7f28cb483e60>,33,13,[2 7],54,82,95,28,66
1,<environment.Job instance at 0x7f28cdb81460>,39,14,[7 2],64,89,103,25,89
1,<environment.Job instance at 0x7f28cdb81780>,43,14,[ 4 10],69,103,117,34,97
1,<environment.Job instance at 0x7f28cdb816e0>,44,2,[5 2],70,117,119,47,97
1,<environment.Job instance at 0x7f28cdb81a50>,41,3,[9 1],67,119,122,52,100
1,<environment.Job instance at 0x7f28cdac5640>,48,17,[10  1],77,122,139,45,110
1,<environment.Job instance at 0x7f28cdac5690>,52,15,[4 8],83,139,154,56,125
1,<environment.Job instance at 0x7f28cdac5320>,49,15,[6 1],78,143,158,65,143
1,<environment.Job instance at 0x7f28cb2170a0>,57,13,[7 3],90,158,171,68,143
1,<environment.Job instance at 0x7f28855aae60>,71,16,[7 2],112,171,187,59,158
1,<environment.Job instance at 0x7f28cb483410>,26,16,[1 8],44,171,187,127,164
1,<environment.Job instance at 0x7f28855aa640>,1,23,[1 7],3,3,26,0,3
1,<environment.Job instance at 0x7f28cde8ebe0>,4,2,[2 5],7,26,28,19,7
1,<environment.Job instance at 0x7f28cb5e1820>,12,14,[3 7],18,28,42,10,22
1,<environment.Job instance at 0x7f28cb0b25a0>,25,12,[6 1],34,37,49,3,37
1,<environment.Job instance at 0x7f28cdb8b460>,11,15,[3 6],17,42,57,25,41
1,<environment.Job instance at 0x7f28cb60bbe0>,22,12,[10  5],30,57,69,27,44
1,<environment.Job instance at 0x7f28cb744b40>,35,14,[7 1],47,69,83,22,57
1,<environment.Job instance at 0x7f28cb463910>,41,13,[4 7],54,83,96,29,67
1,<environment.Job instance at 0x7f28cddd1370>,48,16,[ 2 10],63,101,117,38,101
1,<environment.Job instance at 0x7f288560a910>,53,1,[4 6],68,117,118,49,116
1,<environment.Job instance at 0x7f28855e51e0>,55,12,[10  2],70,118,130,48,116
1,<environment.Job instance at 0x7f28855e5780>,56,13,[4 6],71,130,143,59,116
1,<environment.Job instance at 0x7f28855e5500>,63,1,[5 8],83,143,144,60,133
1,<environment.Job instance at 0x7f28855e5410>,64,13,[6 4],84,144,157,60,133
1,<environment.Job instance at 0x7f28855e52d0>,68,15,[8 2],88,157,172,69,143
1,<environment.Job instance at 0x7f28855e50f0>,71,15,[5 4],92,172,187,80,158
1,<environment.Job instance at 0x7f2885ac2320>,72,15,[2 5],93,158,173,65,158
1,<environment.Job instance at 0x7f28cb0fee10>,0,13,[ 1 10],2,2,15,0,2
1,<environment.Job instance at 0x7f28cb291410>,17,3,[ 4 10],28,35,38,7,35
1,<environment.Job instance at 0x7f2885a65500>,19,16,[5 8],30,44,60,14,44
1,<environment.Job instance at 0x7f2885ba9af0>,21,13,[5 5],32,60,73,28,48
1,<environment.Job instance at 0x7f28855add20>,23,23,[5 3],35,60,83,25,60
1,<environment.Job instance at 0x7f28854edc30>,35,14,[9 4],54,83,97,29,70
1,<environment.Job instance at 0x7f28cda6cd70>,41,2,[9 2],64,97,99,33,97
1,<environment.Job instance at 0x7f28cda6c410>,42,18,[5 2],65,99,117,34,97
1,<environment.Job instance at 0x7f28cb7beaf0>,43,3,[1 9],67,117,120,50,97
1,<environment.Job instance at 0x7f28cb4fa910>,45,17,[2 5],70,99,116,29,97
1,<environment.Job instance at 0x7f28cdb5f870>,50,2,[5 3],78,120,122,42,111
1,<environment.Job instance at 0x7f28cb333910>,52,20,[8 2],80,122,142,42,114
1,<environment.Job instance at 0x7f28857c6cd0>,57,20,[3 8],85,142,162,57,133
1,<environment.Job instance at 0x7f2885c66140>,66,19,[3 9],98,162,181,64,153
1,<environment.Job instance at 0x7f2885c66af0>,1,16,[2 6],4,4,20,0,4
1,<environment.Job instance at 0x7f2885c66140>,3,12,[3 8],7,20,32,13,9
1,<environment.Job instance at 0x7f288541a7d0>,12,12,[5 5],29,32,44,3,30
1,<environment.Job instance at 0x7f288541a730>,16,18,[1 5],34,34,52,0,34
1,<environment.Job instance at 0x7f288541a960>,14,3,[8 3],31,44,47,13,34
1,<environment.Job instance at 0x7f288541a2d0>,18,15,[4 7],37,52,67,15,38
1,<environment.Job instance at 0x7f288541afa0>,20,16,[2 6],40,67,83,27,57
1,<environment.Job instance at 0x7f2885366280>,6,18,[6 4],13,70,88,57,70
1,<environment.Job instance at 0x7f2885267730>,35,17,[10  4],56,88,105,32,80
1,<environment.Job instance at 0x7f2885267dc0>,38,18,[ 1 10],61,105,123,44,97
1,<environment.Job instance at 0x7f2885267cd0>,30,14,[4 6],50,123,137,73,109
1,<environment.Job instance at 0x7f288526a280>,47,16,[6 3],72,123,139,51,118
1,<environment.Job instance at 0x7f288526a370>,50,12,[6 3],76,139,151,63,125
1,<environment.Job instance at 0x7f288526ddc0>,56,16,[10  4],84,151,167,67,145
1,<environment.Job instance at 0x7f28cda61960>,5,13,[6 5],7,7,20,0,7
1,<environment.Job instance at 0x7f28cd9ec4b0>,7,27,[3 9],9,20,47,11,18
1,<environment.Job instance at 0x7f28cd9ec910>,11,17,[1 8],13,57,74,44,57
1,<environment.Job instance at 0x7f28cd9ec460>,10,13,[3 6],12,74,87,62,59
1,<environment.Job instance at 0x7f28cb766f50>,29,1,[3 9],40,87,88,47,77
1,<environment.Job instance at 0x7f28cda98be0>,31,3,[10  5],42,88,91,46,78
1,<environment.Job instance at 0x7f28cda980a0>,33,13,[8 5],44,91,104,47,88
1,<environment.Job instance at 0x7f28cda989b0>,34,18,[9 5],45,104,122,59,93
1,<environment.Job instance at 0x7f28cdae5870>,40,1,[9 4],54,122,123,68,107
1,<environment.Job instance at 0x7f28cb787e60>,41,3,[7 2],57,123,126,66,107
1,<environment.Job instance at 0x7f28cda9b960>,46,18,[4 5],65,130,148,65,130
1,<environment.Job instance at 0x7f28859180f0>,49,16,[7 3],68,148,164,80,137
1,<environment.Job instance at 0x7f28858f4a00>,52,18,[5 5],72,164,182,92,153
1,<environment.Job instance at 0x7f288541a780>,2,15,[7 3],5,5,20,0,5
1,<environment.Job instance at 0x7f28cda19280>,10,18,[2 9],14,35,53,21,35
1,<environment.Job instance at 0x7f28cb325be0>,27,1,[ 2 10],37,53,54,16,43
1,<environment.Job instance at 0x7f288570f960>,28,1,[5 5],38,54,55,16,43
1,<environment.Job instance at 0x7f28902d0d70>,22,17,[8 4],31,55,72,24,45
1,<environment.Job instance at 0x7f2885731960>,37,18,[6 1],51,72,90,21,65
1,<environment.Job instance at 0x7f28853e5730>,43,1,[6 1],61,90,91,29,68
1,<environment.Job instance at 0x7f28cd8ef6e0>,48,15,[6 5],69,91,106,22,77
1,<environment.Job instance at 0x7f28cdbf8dc0>,58,12,[10  3],83,106,118,23,93
1,<environment.Job instance at 0x7f2885a9b410>,44,15,[5 9],64,118,133,54,110
1,<environment.Job instance at 0x7f28cd996cd0>,65,14,[10  3],95,133,147,38,120
1,<environment.Job instance at 0x7f28858058c0>,74,15,[10  4],108,147,162,39,134
1,<environment.Job instance at 0x7f2885805e10>,78,3,[3 6],113,162,165,49,144
1,<environment.Job instance at 0x7f28cda19500>,14,18,[6 1],18,162,180,144,154
1,<environment.Job instance at 0x7f2885805460>,77,16,[4 9],112,165,181,53,155
1,<environment.Job instance at 0x7f28cdb81140>,82,14,[3 7],119,181,195,62,169
1,<environment.Job instance at 0x7f28cdb81140>,2,18,[6 2],3,3,21,0,3
1,<environment.Job instance at 0x7f2885325b40>,7,17,[5 5],10,21,38,11,10
1,<environment.Job instance at 0x7f28cdb81d20>,4,12,[5 6],6,38,50,32,22
1,<environment.Job instance at 0x7f28852d4190>,21,3,[9 1],33,50,53,17,37
1,<environment.Job instance at 0x7f28852d4d70>,25,1,[4 6],37,53,54,16,45
1,<environment.Job instance at 0x7f28852d45a0>,20,22,[5 8],31,54,76,23,54
1,<environment.Job instance at 0x7f2885325960>,16,14,[7 1],26,76,90,50,63
1,<environment.Job instance at 0x7f28cdbdb640>,33,18,[3 5],53,76,94,23,71
1,<environment.Job instance at 0x7f28cdbdb870>,38,15,[2 6],60,94,109,34,80
1,<environment.Job instance at 0x7f28852d4960>,22,15,[7 4],34,90,105,56,81
1,<environment.Job instance at 0x7f28853d9870>,50,17,[6 2],76,105,122,29,97
1,<environment.Job instance at 0x7f28852d4140>,29,18,[6 2],46,122,140,76,111
1,<environment.Job instance at 0x7f28853d9140>,53,12,[1 8],79,123,135,44,123
1,<environment.Job instance at 0x7f28cb476230>,60,1,[ 4 10],90,140,141,50,129
1,<environment.Job instance at 0x7f28cb476cd0>,63,3,[6 5],96,141,144,45,132
1,<environment.Job instance at 0x7f28cdd06280>,65,12,[6 1],101,144,156,43,132
1,<environment.Job instance at 0x7f28cdd065f0>,68,12,[2 9],105,144,156,39,132
1,<environment.Job instance at 0x7f28cdd06640>,72,12,[5 5],111,156,168,45,140
1,<environment.Job instance at 0x7f28cdd06be0>,77,13,[4 7],120,168,181,48,152
1,<environment.Job instance at 0x7f28cdbecd20>,80,12,[2 8],126,181,193,55,164
1,<environment.Job instance at 0x7f2885723f00>,3,3,[2 9],4,4,7,0,4
1,<environment.Job instance at 0x7f28cddca140>,4,18,[9 2],5,7,25,2,5
1,<environment.Job instance at 0x7f2885c93e10>,12,16,[3 5],18,25,41,7,18
1,<environment.Job instance at 0x7f2885ae3b90>,21,1,[2 7],28,41,42,13,28
1,<environment.Job instance at 0x7f28855ac500>,22,17,[1 6],29,42,59,13,30
1,<environment.Job instance at 0x7f28855acfa0>,25,3,[4 5],34,59,62,25,40
1,<environment.Job instance at 0x7f28855ac820>,26,1,[1 7],35,62,63,27,40
1,<environment.Job instance at 0x7f2885ae32d0>,17,14,[9 2],23,42,56,19,40
1,<environment.Job instance at 0x7f28855d4460>,30,15,[9 5],41,63,78,22,49
1,<environment.Job instance at 0x7f288551f1e0>,37,17,[3 8],48,78,95,30,67
1,<environment.Job instance at 0x7f28cb5a8500>,43,17,[ 5 10],57,95,112,38,84
1,<environment.Job instance at 0x7f28854e4280>,50,12,[1 9],67,112,124,45,99
1,<environment.Job instance at 0x7f28856a5690>,53,16,[7 3],71,124,140,53,111
1,<environment.Job instance at 0x7f2885566050>,61,17,[8 3],85,140,157,55,128
1,<environment.Job instance at 0x7f28851f27d0>,73,1,[ 3 10],101,157,158,56,156
1,<environment.Job instance at 0x7f2885c50910>,74,12,[1 5],103,158,170,55,156
1,<environment.Job instance at 0x7f28ce463a00>,76,18,[1 6],106,170,188,64,159
1,<environment.Job instance at 0x7f98d9bb54b0>,1,15,[ 4 10],4,4,19,0,4
1,<environment.Job instance at 0x7f98d9b710a0>,2,14,[5 5],5,19,33,14,5
1,<environment.Job instance at 0x7f98d2762500>,7,21,[3 6],11,37,58,26,37
1,<environment.Job instance at 0x7f98d2762dc0>,19,18,[8 2],25,58,76,33,47
1,<environment.Job instance at 0x7f98d2762460>,5,14,[8 5],9,76,90,67,62
1,<environment.Job instance at 0x7f98d27635f0>,28,18,[6 5],38,90,108,52,79
1,<environment.Job instance at 0x7f98d2763eb0>,35,14,[6 2],49,108,122,59,96
1,<environment.Job instance at 0x7f98d2763370>,25,16,[4 7],34,108,124,74,105
1,<environment.Job instance at 0x7f98d2763fa0>,38,16,[4 8],54,124,140,70,116
1,<environment.Job instance at 0x7f98d2768640>,48,13,[5 5],66,140,153,74,137
1,<environment.Job instance at 0x7f98d2768a50>,49,1,[ 4 10],68,153,154,85,142
1,<environment.Job instance at 0x7f98d2768b40>,52,13,[ 5 10],71,154,167,83,147
1,<environment.Job instance at 0x7f98d2768f00>,55,16,[8 4],76,167,183,91,158
1,<environment.Job instance at 0x7f98d2767230>,60,2,[7 5],83,183,185,100,172
1,<environment.Job instance at 0x7f98d2767640>,63,15,[1 9],90,185,200,95,177
1,<environment.Job instance at 0x7f98d9ce4be0>,3,2,[5 3],4,4,6,0,4
1,<environment.Job instance at 0x7f98d9ce4500>,4,1,[2 7],5,5,6,0,5
1,<environment.Job instance at 0x7f98d9ce40a0>,5,13,[3 5],6,6,19,0,6
1,<environment.Job instance at 0x7f98d9ce4410>,8,15,[6 2],13,13,28,0,13
1,<environment.Job instance at 0x7f98d9ce0cd0>,12,18,[7 4],17,29,47,12,29
1,<environment.Job instance at 0x7f98d9ce5e60>,26,15,[9 4],34,47,62,13,39
1,<environment.Job instance at 0x7f98d9ce5e10>,29,14,[5 9],37,62,76,25,47
1,<environment.Job instance at 0x7f98d9cdee60>,23,17,[8 5],30,76,93,46,65
1,<environment.Job instance at 0x7f98d9b98910>,41,14,[5 8],52,93,107,41,79
1,<environment.Job instance at 0x7f98d9ceb500>,54,15,[2 9],69,107,122,38,93
1,<environment.Job instance at 0x7f98d9cebc30>,60,18,[6 2],75,122,140,47,111
1,<environment.Job instance at 0x7f98d9cebf00>,62,14,[3 5],77,122,136,45,113
1,<environment.Job instance at 0x7f98d9cdbbe0>,66,17,[6 2],82,140,157,58,128
1,<environment.Job instance at 0x7f98d25f37d0>,68,20,[4 6],86,136,156,50,132
1,<environment.Job instance at 0x7f988ea66b40>,71,18,[5 3],91,157,175,66,146
1,<environment.Job instance at 0x7f988ead7550>,76,19,[4 9],97,175,194,78,165
1,<environment.Job instance at 0x7f988eb98dc0>,8,1,[7 3],11,13,14,2,13
1,<environment.Job instance at 0x7f988eb35e10>,9,15,[7 4],13,14,29,1,13
1,<environment.Job instance at 0x7f988e9ff0a0>,15,26,[7 5],22,29,55,7,29
1,<environment.Job instance at 0x7f988e9ff690>,14,14,[8 2],20,55,69,35,40
1,<environment.Job instance at 0x7f98d24ce190>,23,14,[10  4],34,69,83,35,54
1,<environment.Job instance at 0x7f988eb98460>,3,16,[1 6],5,85,101,80,85
1,<environment.Job instance at 0x7f988ead7230>,36,17,[5 7],48,101,118,53,89
1,<environment.Job instance at 0x7f988ead7c30>,34,13,[5 6],46,118,131,72,103
1,<environment.Job instance at 0x7f988eb0fbe0>,45,16,[5 9],61,131,147,70,120
1,<environment.Job instance at 0x7f98d2c089b0>,48,1,[3 7],64,147,148,83,120
1,<environment.Job instance at 0x7f98d25e85f0>,53,17,[5 3],70,147,164,77,135
1,<environment.Job instance at 0x7f988ea010f0>,57,2,[1 8],74,164,166,90,145
1,<environment.Job instance at 0x7f988ea01640>,60,3,[3 9],80,166,169,86,151
1,<environment.Job instance at 0x7f98d24cc5f0>,62,1,[6 2],83,164,165,81,153
1,<environment.Job instance at 0x7f98d25a02d0>,43,13,[7 5],58,169,182,111,156
1,<environment.Job instance at 0x7f98d9294a50>,68,2,[ 4 10],91,182,184,91,161
1,<environment.Job instance at 0x7f988ea183c0>,70,1,[7 1],94,184,185,90,171
1,<environment.Job instance at 0x7f98d25c0190>,16,18,[6 4],23,185,203,162,179
1,<environment.Job instance at 0x7f98d255c230>,0,3,[3 6],1,1,4,0,1
1,<environment.Job instance at 0x7f98d2b18190>,5,1,[2 7],7,7,8,0,7
1,<environment.Job instance at 0x7f988f0310a0>,6,14,[ 1 10],8,8,22,0,8
1,<environment.Job instance at 0x7f988eae3c30>,9,1,[7 4],12,22,23,10,12
1,<environment.Job instance at 0x7f98d2b18e60>,3,15,[7 4],5,23,38,18,13
1,<environment.Job instance at 0x7f988f03b230>,14,18,[1 6],19,22,40,3,19
1,<environment.Job instance at 0x7f988f03bf50>,13,14,[8 3],18,38,52,20,26
1,<environment.Job instance at 0x7f98d2750280>,24,13,[2 7],32,45,58,13,45
1,<environment.Job instance at 0x7f98d2884fa0>,26,12,[ 1 10],34,58,70,24,46
1,<environment.Job instance at 0x7f988eb7c5f0>,28,12,[3 6],36,70,82,34,53
1,<environment.Job instance at 0x7f988ec24be0>,36,14,[9 1],51,82,96,31,68
1,<environment.Job instance at 0x7f988ea62dc0>,38,17,[2 7],53,96,113,43,84
1,<environment.Job instance at 0x7f988ea54320>,46,1,[1 7],64,113,114,49,96
1,<environment.Job instance at 0x7f988ea014b0>,48,1,[ 3 10],67,114,115,47,97
1,<environment.Job instance at 0x7f988eb06780>,50,12,[7 5],71,115,127,44,98
1,<environment.Job instance at 0x7f988eb99b40>,53,18,[1 8],74,127,145,53,124
1,<environment.Job instance at 0x7f988eb99140>,56,17,[4 7],77,145,162,68,133
1,<environment.Job instance at 0x7f98d27bab40>,19,14,[10  5],25,162,176,137,151
1,<environment.Job instance at 0x7f988edb0190>,69,16,[3 7],94,176,192,82,172
1,<environment.Job instance at 0x7f988eef5eb0>,0,18,[4 5],1,1,19,0,1
1,<environment.Job instance at 0x7f988eef5fa0>,3,1,[5 1],5,5,6,0,5
1,<environment.Job instance at 0x7f988f00dcd0>,8,12,[2 8],12,19,31,7,12
1,<environment.Job instance at 0x7f98d94da8c0>,13,16,[1 9],19,31,47,12,19
1,<environment.Job instance at 0x7f98d94d6460>,21,2,[4 6],31,47,49,16,33
1,<environment.Job instance at 0x7f98d94db230>,9,16,[9 2],13,49,65,36,36
1,<environment.Job instance at 0x7f988f0179b0>,15,12,[1 6],21,52,64,31,52
1,<environment.Job instance at 0x7f98d94ecaa0>,26,2,[7 2],39,65,67,26,52
1,<environment.Job instance at 0x7f98d94ec190>,30,18,[6 2],45,67,85,22,56
1,<environment.Job instance at 0x7f98d94d6280>,19,14,[5 7],26,85,99,59,71
1,<environment.Job instance at 0x7f98d94f05a0>,38,17,[6 5],54,99,116,45,87
1,<environment.Job instance at 0x7f98d94fcb90>,45,17,[10  1],64,127,144,63,127
1,<environment.Job instance at 0x7f98d94fcc30>,47,14,[8 2],69,144,158,75,138
1,<environment.Job instance at 0x7f98d94f06e0>,36,2,[7 1],52,158,160,106,140
1,<environment.Job instance at 0x7f98d25d31e0>,56,12,[5 9],81,162,174,81,162
1,<environment.Job instance at 0x7f98d25d1d70>,58,12,[2 5],83,174,186,91,162
1,<environment.Job instance at 0x7f98d9504b40>,54,3,[5 5],79,174,177,95,167
1,<environment.Job instance at 0x7f98d25fc4b0>,61,1,[7 1],86,177,178,91,176
1,<environment.Job instance at 0x7f98d25fc460>,60,17,[1 6],85,186,203,101,176
1,<environment.Job instance at 0x7f98d25545f0>,62,3,[5 8],88,203,206,115,179
1,<environment.Job instance at 0x7f98d256fb40>,0,16,[5 9],3,3,19,0,3
1,<environment.Job instance at 0x7f988eea3370>,3,15,[8 2],10,19,34,9,18
1,<environment.Job instance at 0x7f98d9079a50>,16,22,[4 9],30,34,56,4,30
1,<environment.Job instance at 0x7f98d917f690>,19,27,[5 8],33,58,85,25,58
1,<environment.Job instance at 0x7f98d917f5f0>,29,19,[6 1],45,85,104,40,75
1,<environment.Job instance at 0x7f98d917fd20>,31,24,[4 9],47,85,109,38,83
1,<environment.Job instance at 0x7f98d941d370>,58,16,[3 6],83,109,125,26,96
1,<environment.Job instance at 0x7f988ee83eb0>,66,17,[7 3],94,109,126,15,108
1,<environment.Job instance at 0x7f98d262c4b0>,68,22,[1 5],97,125,147,28,125
1,<environment.Job instance at 0x7f988ee26c30>,70,12,[8 3],100,134,146,34,134
1,<environment.Job instance at 0x7f988ee26cd0>,74,12,[10  1],105,150,162,45,150
1,<environment.Job instance at 0x7f98d964d460>,80,18,[5 6],114,162,180,48,155
1,<environment.Job instance at 0x7f98d901faa0>,83,19,[6 4],117,180,199,63,170
1,<environment.Job instance at 0x7f98d959b460>,0,14,[4 8],1,1,15,0,1
1,<environment.Job instance at 0x7f98d28501e0>,4,16,[6 4],7,15,31,8,8
1,<environment.Job instance at 0x7f98d288db90>,14,12,[4 7],25,34,46,9,34
1,<environment.Job instance at 0x7f988eedf3c0>,6,16,[9 4],14,46,62,32,45
1,<environment.Job instance at 0x7f98d2ac5b90>,25,2,[2 6],45,62,64,17,45
1,<environment.Job instance at 0x7f98d93bf550>,3,15,[9 2],4,64,79,60,52
1,<environment.Job instance at 0x7f98d25f3b90>,27,14,[4 5],47,79,93,32,67
1,<environment.Job instance at 0x7f988ef4b690>,16,25,[9 5],28,112,137,84,112
1,<environment.Job instance at 0x7f98d2b22690>,51,14,[1 8],80,137,151,57,124
1,<environment.Job instance at 0x7f98d291ab40>,26,12,[4 7],46,151,163,105,141
1,<environment.Job instance at 0x7f98d8fd27d0>,60,16,[5 7],94,163,179,69,150
1,<environment.Job instance at 0x7f98d2b22230>,57,1,[9 5],91,179,180,88,157
1,<environment.Job instance at 0x7f98d2b22cd0>,54,16,[10  5],84,180,196,96,167
1,<environment.Job instance at 0x7f98d2837410>,3,1,[1 7],6,6,7,0,6
1,<environment.Job instance at 0x7f98d26d19b0>,4,26,[7 1],7,7,33,0,7
1,<environment.Job instance at 0x7f988efeb050>,12,18,[1 7],19,35,53,16,35
1,<environment.Job instance at 0x7f988efebbe0>,22,3,[6 5],32,53,56,21,38
1,<environment.Job instance at 0x7f988f001410>,26,15,[9 3],39,56,71,17,43
1,<environment.Job instance at 0x7f988f0019b0>,32,2,[2 6],49,71,73,22,50
1,<environment.Job instance at 0x7f988f001cd0>,33,3,[2 7],51,73,76,22,51
1,<environment.Job instance at 0x7f988f001320>,27,14,[6 3],40,71,85,31,58
1,<environment.Job instance at 0x7f988f001e60>,39,12,[8 2],58,85,97,27,69
1,<environment.Job instance at 0x7f988f0245a0>,42,17,[2 8],62,85,102,23,73
1,<environment.Job instance at 0x7f988f024eb0>,52,14,[5 5],76,102,116,26,87
1,<environment.Job instance at 0x7f988efea870>,58,18,[9 4],87,116,134,29,105
1,<environment.Job instance at 0x7f988efeabe0>,63,15,[ 5 10],93,134,149,41,120
1,<environment.Job instance at 0x7f988efead70>,65,15,[10  2],95,149,164,54,135
1,<environment.Job instance at 0x7f988f0235a0>,76,16,[4 9],108,164,180,56,157
1,<environment.Job instance at 0x7f988f023b90>,79,2,[3 5],111,180,182,69,165
1,<environment.Job instance at 0x7f988f023cd0>,80,14,[4 8],113,182,196,69,167
1,<environment.Job instance at 0x7f988f0237d0>,81,2,[4 5],114,180,182,66,167
1,<environment.Job instance at 0x7f988f0b1a50>,0,2,[2 6],1,1,3,0,1
1,<environment.Job instance at 0x7f98d2509dc0>,3,16,[3 6],7,7,23,0,7
1,<environment.Job instance at 0x7f988f023eb0>,6,13,[2 6],11,23,36,12,12
1,<environment.Job instance at 0x7f988ec37190>,14,14,[5 3],22,23,37,1,23
1,<environment.Job instance at 0x7f98d2bf8140>,20,16,[8 2],30,37,53,7,30
1,<environment.Job instance at 0x7f98d92cb730>,26,20,[7 1],40,53,73,13,51
1,<environment.Job instance at 0x7f98d9562f50>,32,15,[3 5],47,53,68,6,53
1,<environment.Job instance at 0x7f98d9562190>,34,2,[5 8],49,73,75,24,58
1,<environment.Job instance at 0x7f98d9204be0>,35,13,[2 7],50,75,88,25,59
1,<environment.Job instance at 0x7f988ef82a00>,31,3,[9 3],46,88,91,42,62
1,<environment.Job instance at 0x7f98d9021eb0>,38,2,[8 3],58,75,77,17,63
1,<environment.Job instance at 0x7f98d91ecd70>,41,28,[2 5],62,91,119,29,90
1,<environment.Job instance at 0x7f98d9225550>,47,19,[6 5],69,91,110,22,90
1,<environment.Job instance at 0x7f98d9225af0>,46,13,[10  2],68,119,132,51,103
1,<environment.Job instance at 0x7f988ef796e0>,64,24,[ 4 10],94,132,156,38,131
1,<environment.Job instance at 0x7f98d92cb3c0>,23,18,[ 1 10],36,156,174,120,146
1,<environment.Job instance at 0x7f98d26cdf50>,74,13,[4 6],112,174,187,62,161
1,<environment.Job instance at 0x7f98d26cdbe0>,77,3,[7 5],116,187,190,71,172
1,<environment.Job instance at 0x7f98d26cd320>,79,2,[4 6],118,190,192,72,175
1,<environment.Job instance at 0x7f988edf4c80>,0,12,[5 6],1,1,13,0,1
1,<environment.Job instance at 0x7f988edf48c0>,3,18,[3 5],4,13,31,9,4
1,<environment.Job instance at 0x7f98d90e0690>,14,2,[ 3 10],20,31,33,11,21
1,<environment.Job instance at 0x7f988eb6dc80>,12,15,[7 2],18,33,48,15,21
1,<environment.Job instance at 0x7f98d952cbe0>,24,16,[2 9],36,48,64,12,41
1,<environment.Job instance at 0x7f98d28c6d70>,26,1,[1 5],40,41,42,1,41
1,<environment.Job instance at 0x7f98d28c6b90>,27,3,[2 9],41,64,67,23,41
1,<environment.Job instance at 0x7f98d2a2af00>,30,1,[2 7],46,67,68,21,49
1,<environment.Job instance at 0x7f98d9a6d460>,35,15,[2 5],55,68,83,13,55
1,<environment.Job instance at 0x7f98d9a6d230>,37,19,[5 4],59,68,87,9,60
1,<environment.Job instance at 0x7f988edbe460>,40,15,[ 3 10],63,87,102,24,73
1,<environment.Job instance at 0x7f98d26d75f0>,20,15,[1 8],31,102,117,71,88
1,<environment.Job instance at 0x7f98d94dbaf0>,55,12,[7 4],83,117,129,34,102
1,<environment.Job instance at 0x7f988f061780>,60,19,[6 1],89,129,148,40,119
1,<environment.Job instance at 0x7f988f115410>,51,26,[2 9],77,147,173,70,147
1,<environment.Job instance at 0x7f98d9108b90>,76,2,[4 9],109,173,175,64,169
1,<environment.Job instance at 0x7f98d9108190>,77,19,[5 7],110,175,194,65,169
1,<environment.Job instance at 0x7f98d26f37d0>,80,1,[9 4],114,194,195,80,177
1,<environment.Job instance at 0x7f98d2b3c960>,0,16,[6 4],1,1,17,0,1
1,<environment.Job instance at 0x7f988e9ff550>,12,13,[6 5],18,19,32,1,19
1,<environment.Job instance at 0x7f988e9ff9b0>,14,3,[5 1],20,32,35,12,22
1,<environment.Job instance at 0x7f988e9ff910>,13,18,[4 7],19,32,50,13,23
1,<environment.Job instance at 0x7f988ea089b0>,26,28,[6 2],42,49,77,7,49
1,<environment.Job instance at 0x7f988ea08cd0>,29,24,[2 6],45,50,74,5,50
1,<environment.Job instance at 0x7f988ea16320>,34,3,[ 2 10],54,77,80,23,62
1,<environment.Job instance at 0x7f988ea165a0>,37,3,[8 5],57,80,83,23,64
1,<environment.Job instance at 0x7f988ea164b0>,38,14,[4 7],59,83,97,24,68
1,<environment.Job instance at 0x7f988ea16b90>,45,22,[6 3],67,91,113,24,91
1,<environment.Job instance at 0x7f988ea054b0>,51,12,[4 7],76,98,110,22,98
1,<environment.Job instance at 0x7f988ea053c0>,50,14,[5 8],72,113,127,41,101
1,<environment.Job instance at 0x7f988ea058c0>,55,14,[4 7],83,127,141,44,113
1,<environment.Job instance at 0x7f988ea05af0>,60,17,[1 7],89,141,158,52,135
1,<environment.Job instance at 0x7f988ea05fa0>,64,18,[7 4],93,158,176,65,147
1,<environment.Job instance at 0x7f988ea276e0>,71,18,[4 7],100,176,194,76,169
1,<environment.Job instance at 0x7f988ea056e0>,1,17,[ 4 10],3,3,20,0,3
1,<environment.Job instance at 0x7f98d26f39b0>,3,14,[5 7],5,20,34,15,11
1,<environment.Job instance at 0x7f98d26f3230>,12,18,[8 3],18,34,52,16,23
1,<environment.Job instance at 0x7f98d26f33c0>,15,15,[8 4],26,52,67,26,39
1,<environment.Job instance at 0x7f98d94bdc80>,25,16,[2 5],43,51,67,8,51
1,<environment.Job instance at 0x7f98d26f31e0>,14,17,[2 9],25,67,84,42,55
1,<environment.Job instance at 0x7f988eaaa5f0>,33,14,[ 3 10],53,84,98,31,69
1,<environment.Job instance at 0x7f988ecb8280>,42,12,[2 5],64,98,110,34,86
1,<environment.Job instance at 0x7f988ecb8b40>,43,1,[2 6],67,110,111,43,87
1,<environment.Job instance at 0x7f988ecb85f0>,44,1,[5 1],68,98,99,30,87
1,<environment.Job instance at 0x7f988ecb8af0>,46,1,[5 5],70,99,100,29,89
1,<environment.Job instance at 0x7f98d270c140>,37,16,[7 4],58,100,116,42,91
1,<environment.Job instance at 0x7f988ef5baa0>,51,2,[9 2],77,116,118,39,93
1,<environment.Job instance at 0x7f988ef5bb90>,55,14,[7 4],85,118,132,33,103
1,<environment.Job instance at 0x7f988ef5b500>,54,16,[1 5],83,117,133,34,117
1,<environment.Job instance at 0x7f98d960fdc0>,66,16,[1 8],104,133,149,29,121
1,<environment.Job instance at 0x7f98d2a4b410>,68,14,[3 6],107,149,163,42,134
1,<environment.Job instance at 0x7f98d2a4baa0>,69,12,[5 4],109,151,163,42,151
1,<environment.Job instance at 0x7f98d2c06be0>,73,13,[2 7],114,163,176,49,151
1,<environment.Job instance at 0x7f988f1072d0>,75,16,[7 3],120,163,179,43,161
1,<environment.Job instance at 0x7f988efa6640>,77,2,[2 7],122,176,178,54,161
1,<environment.Job instance at 0x7f988efa6be0>,79,14,[7 2],124,179,193,55,164
1,<environment.Job instance at 0x7f988eb29c30>,83,14,[ 4 10],129,193,207,64,179
1,<environment.Job instance at 0x7f988ecda1e0>,0,14,[9 2],1,3,17,2,3
1,<environment.Job instance at 0x7f988ecda960>,7,20,[ 1 10],10,17,37,7,14
1,<environment.Job instance at 0x7f98d2573640>,15,3,[1 8],25,37,40,12,26
1,<environment.Job instance at 0x7f98d2573c80>,14,18,[ 5 10],23,40,58,17,30
1,<environment.Job instance at 0x7f98d2573f00>,19,17,[10  2],30,58,75,28,46
1,<environment.Job instance at 0x7f988e9a8190>,35,14,[1 7],54,75,89,21,63
1,<environment.Job instance at 0x7f98d2573460>,16,17,[7 2],26,75,92,49,74
1,<environment.Job instance at 0x7f988e9a8d20>,41,16,[5 5],64,92,108,28,79
1,<environment.Job instance at 0x7f988e9a8230>,42,14,[7 4],65,108,122,43,98
1,<environment.Job instance at 0x7f988ebfeaf0>,55,12,[10  5],80,122,134,42,108
1,<environment.Job instance at 0x7f988ebfe910>,54,25,[6 4],79,134,159,55,130
1,<environment.Job instance at 0x7f98d2b644b0>,68,14,[7 1],97,159,173,62,145
1,<environment.Job instance at 0x7f98d25cf550>,74,13,[4 7],104,173,186,69,158
1,<environment.Job instance at 0x7f98d2873960>,78,13,[8 2],109,186,199,77,170
1,<environment.Job instance at 0x7f988f082dc0>,0,14,[5 6],1,1,15,0,1
1,<environment.Job instance at 0x7f98d2634960>,4,16,[9 1],11,15,31,4,15
1,<environment.Job instance at 0x7f988ee97780>,10,1,[6 3],19,31,32,12,23
1,<environment.Job instance at 0x7f988ee97fa0>,13,18,[5 5],23,32,50,9,23
1,<environment.Job instance at 0x7f98d2ab24b0>,28,2,[2 9],44,62,64,18,62
1,<environment.Job instance at 0x7f988ee05e60>,30,2,[3 7],48,64,66,16,62
1,<environment.Job instance at 0x7f98d2a9f550>,32,20,[ 4 10],50,66,86,16,65
1,<environment.Job instance at 0x7f98d91a40f0>,41,12,[ 3 10],62,86,98,24,72
1,<environment.Job instance at 0x7f98d92cb1e0>,42,15,[10  5],66,98,113,32,84
1,<environment.Job instance at 0x7f988e966e10>,49,23,[5 3],75,113,136,38,107
1,<environment.Job instance at 0x7f988eb0a460>,58,2,[5 6],88,116,118,28,116
1,<environment.Job instance at 0x7f988eb0a320>,60,14,[1 9],91,136,150,45,126
1,<environment.Job instance at 0x7f988eea8550>,26,13,[ 1 10],42,150,163,108,142
1,<environment.Job instance at 0x7f988eb0af00>,68,18,[5 2],105,163,181,58,152
1,<environment.Job instance at 0x7f98d2813e10>,74,27,[4 8],115,171,198,56,171
1,<environment.Job instance at 0x7f988ec30320>,2,16,[5 5],5,16,32,11,16
1,<environment.Job instance at 0x7f98d299e050>,13,3,[4 7],17,32,35,15,18
1,<environment.Job instance at 0x7f988e98aaf0>,15,3,[5 1],19,20,23,1,20
1,<environment.Job instance at 0x7f988efbc370>,6,16,[5 3],10,23,39,13,22
1,<environment.Job instance at 0x7f98d94b7910>,18,13,[6 3],22,39,52,17,30
1,<environment.Job instance at 0x7f98d94b7aa0>,20,13,[7 5],24,52,65,28,45
1,<environment.Job instance at 0x7f98d95adc80>,26,16,[2 6],34,65,81,31,54
1,<environment.Job instance at 0x7f988eab7050>,28,12,[3 8],37,81,93,44,64
1,<environment.Job instance at 0x7f988edbee60>,38,15,[6 5],60,94,109,34,94
1,<environment.Job instance at 0x7f988eab7320>,27,18,[9 4],35,109,127,74,103
1,<environment.Job instance at 0x7f98d942ae10>,45,16,[2 6],70,127,143,57,117
1,<environment.Job instance at 0x7f988f03bb40>,52,16,[ 5 10],77,143,159,66,131
1,<environment.Job instance at 0x7f98d939a6e0>,63,18,[ 1 10],91,159,177,68,152
1,<environment.Job instance at 0x7f98d942aaa0>,46,20,[4 7],71,177,197,106,170
1,<environment.Job instance at 0x7f988eaf3280>,0,17,[7 5],1,1,18,0,1
1,<environment.Job instance at 0x7f98d903a0a0>,9,16,[9 2],12,20,36,8,20
1,<environment.Job instance at 0x7f98d902be10>,22,13,[3 6],32,36,49,4,32
1,<environment.Job instance at 0x7f98d902bfa0>,16,14,[ 3 10],25,49,63,24,44
1,<environment.Job instance at 0x7f98d902b050>,28,13,[8 3],38,63,76,25,49
1,<environment.Job instance at 0x7f988e8255f0>,32,16,[ 5 10],45,88,104,43,88
1,<environment.Job instance at 0x7f98d902b730>,21,15,[10  4],31,104,119,73,93
1,<environment.Job instance at 0x7f988e8a5690>,39,22,[ 4 10],56,119,141,63,114
1,<environment.Job instance at 0x7f988e8a5050>,45,13,[8 5],64,141,154,77,129
1,<environment.Job instance at 0x7f988e8a52d0>,51,3,[2 5],71,141,144,70,135
1,<environment.Job instance at 0x7f988e8a57d0>,52,1,[9 4],74,154,155,80,135
1,<environment.Job instance at 0x7f988e88dbe0>,55,20,[4 5],81,155,175,74,147
1,<environment.Job instance at 0x7f988e8a5c80>,49,17,[5 1],68,159,176,91,159
1,<environment.Job instance at 0x7f988e87dc30>,64,18,[5 5],92,175,193,83,166
1,<environment.Job instance at 0x7f988e87d5f0>,1,17,[1 9],4,4,21,0,4
1,<environment.Job instance at 0x7f988ebf1640>,10,1,[6 4],16,21,22,5,16
1,<environment.Job instance at 0x7f988ebf1d70>,11,2,[8 5],18,22,24,4,18
1,<environment.Job instance at 0x7f988ebf7a00>,15,15,[4 8],22,24,39,2,23
1,<environment.Job instance at 0x7f988ebf7be0>,21,18,[6 1],28,28,46,0,28
1,<environment.Job instance at 0x7f988ebf1eb0>,9,15,[7 3],15,46,61,31,35
1,<environment.Job instance at 0x7f988ec53370>,31,3,[2 8],43,43,46,0,43
1,<environment.Job instance at 0x7f988ef42550>,32,1,[5 4],45,61,62,16,45
1,<environment.Job instance at 0x7f988ef5b6e0>,34,1,[ 2 10],47,62,63,15,47
1,<environment.Job instance at 0x7f988ee4faf0>,35,1,[5 5],48,61,62,13,48
1,<environment.Job instance at 0x7f988eae75a0>,30,18,[7 5],42,63,81,21,53
1,<environment.Job instance at 0x7f988eabc820>,44,18,[6 1],61,81,99,20,71
1,<environment.Job instance at 0x7f98d2ab9c80>,52,1,[ 4 10],75,99,100,24,78
1,<environment.Job instance at 0x7f988eaa9aa0>,55,15,[6 5],79,100,115,21,86
1,<environment.Job instance at 0x7f98d2b278c0>,59,12,[4 6],85,115,127,30,98
1,<environment.Job instance at 0x7f988eabebe0>,68,12,[5 4],98,115,127,17,107
1,<environment.Job instance at 0x7f988eabef50>,72,14,[10  3],105,127,141,22,123
1,<environment.Job instance at 0x7f98d2b2e050>,76,17,[9 2],109,141,158,32,129
1,<environment.Job instance at 0x7f988ead39b0>,82,18,[5 7],119,158,176,39,148
1,<environment.Job instance at 0x7f988ead3050>,90,17,[4 6],131,176,193,45,165
1,<environment.Job instance at 0x7f98d2b44b90>,1,1,[6 3],2,2,3,0,2
1,<environment.Job instance at 0x7f98d96eef00>,2,18,[6 2],3,3,21,0,3
1,<environment.Job instance at 0x7f98d96eedc0>,5,16,[5 7],7,21,37,14,10
1,<environment.Job instance at 0x7f988ea8c690>,21,3,[9 1],33,37,40,4,34
1,<environment.Job instance at 0x7f98d2b95690>,20,22,[5 8],31,40,62,9,37
1,<environment.Job instance at 0x7f988ee9b0a0>,30,1,[8 5],50,62,63,12,50
1,<environment.Job instance at 0x7f988ee9b4b0>,31,17,[3 6],51,63,80,12,52
1,<environment.Job instance at 0x7f98d27e5fa0>,35,23,[5 3],57,65,88,8,65
1,<environment.Job instance at 0x7f98d27e50a0>,38,15,[2 6],60,80,95,20,67
1,<environment.Job instance at 0x7f98d27e5640>,39,15,[9 4],61,95,110,34,84
1,<environment.Job instance at 0x7f98d930f3c0>,47,17,[2 5],71,110,127,39,98
1,<environment.Job instance at 0x7f988f0c4e60>,53,12,[1 8],79,127,139,48,110
1,<environment.Job instance at 0x7f988e790b40>,42,17,[4 6],66,139,156,73,127
1,<environment.Job instance at 0x7f98d29c79b0>,64,3,[1 9],97,156,159,59,140
1,<environment.Job instance at 0x7f988ee1ea00>,65,12,[6 1],101,146,158,45,146
1,<environment.Job instance at 0x7f988ee1edc0>,66,1,[ 5 10],102,159,160,57,148
1,<environment.Job instance at 0x7f988ee1ec80>,67,1,[2 7],104,160,161,56,148
1,<environment.Job instance at 0x7f988ee1e5f0>,68,12,[2 9],105,161,173,56,150
1,<environment.Job instance at 0x7f988efebe60>,61,17,[7 5],91,173,190,82,163
1,<environment.Job instance at 0x7f98d94ab7d0>,77,13,[4 7],120,190,203,70,176
1,<environment.Job instance at 0x7f988eface60>,1,26,[5 6],3,4,30,1,4
1,<environment.Job instance at 0x7f988e87e320>,7,14,[5 1],11,11,25,0,11
1,<environment.Job instance at 0x7f988e87e960>,11,3,[1 9],15,30,33,15,15
1,<environment.Job instance at 0x7f988e87e5a0>,12,2,[7 5],16,33,35,17,16
1,<environment.Job instance at 0x7f988e87ea00>,13,1,[2 7],18,35,36,17,19
1,<environment.Job instance at 0x7f988e87e690>,16,24,[5 8],22,36,60,14,31
1,<environment.Job instance at 0x7f98d267a960>,19,2,[9 5],26,60,62,34,35
1,<environment.Job instance at 0x7f98d267a370>,21,12,[6 5],29,62,74,33,48
1,<environment.Job instance at 0x7f988ee67dc0>,33,3,[6 4],43,74,77,31,68
1,<environment.Job instance at 0x7f988ee67c30>,34,1,[ 2 10],44,77,78,33,68
1,<environment.Job instance at 0x7f988ee67b40>,35,17,[ 5 10],47,78,95,31,68
1,<environment.Job instance at 0x7f988ee67a00>,39,17,[4 7],53,95,112,42,84
1,<environment.Job instance at 0x7f98d267a640>,29,17,[3 8],38,112,129,74,102
1,<environment.Job instance at 0x7f98d267a230>,23,17,[4 8],32,129,146,97,121
1,<environment.Job instance at 0x7f988ee674b0>,43,19,[5 4],58,146,165,88,137
1,<environment.Job instance at 0x7f98d9584fa0>,72,18,[2 6],101,146,164,45,141
1,<environment.Job instance at 0x7f98d2b94410>,75,3,[2 8],105,165,168,60,151
1,<environment.Job instance at 0x7f98d2b94370>,76,2,[8 1],108,165,167,57,151
1,<environment.Job instance at 0x7f98d2b94f50>,77,12,[10  1],109,168,180,59,152
1,<environment.Job instance at 0x7f98d2b94c80>,78,2,[ 2 10],110,180,182,70,153
1,<environment.Job instance at 0x7f988e9b4e60>,59,17,[5 9],83,182,199,99,175
1,<environment.Job instance at 0x7f988ec37410>,3,12,[4 9],9,9,21,0,9
1,<environment.Job instance at 0x7f98d2b41d70>,4,12,[4 5],10,21,33,11,10
1,<environment.Job instance at 0x7f988ec73f50>,2,14,[7 5],8,33,47,25,23
1,<environment.Job instance at 0x7f98d94e2b90>,24,3,[3 8],40,61,64,21,61
1,<environment.Job instance at 0x7f98d94e2370>,27,14,[3 5],46,64,78,18,61
1,<environment.Job instance at 0x7f988efaed20>,29,12,[3 5],49,79,91,30,79
1,<environment.Job instance at 0x7f988efae050>,35,15,[5 3],58,81,96,23,81
1,<environment.Job instance at 0x7f988efaef50>,36,16,[9 5],59,96,112,37,85
1,<environment.Job instance at 0x7f988efaeaa0>,37,13,[2 7],60,112,125,52,96
1,<environment.Job instance at 0x7f988ec565f0>,20,22,[5 3],34,112,134,78,107
1,<environment.Job instance at 0x7f98d9101640>,51,17,[5 8],78,134,151,56,124
1,<environment.Job instance at 0x7f98d9532780>,47,15,[2 7],74,151,166,77,139
1,<environment.Job instance at 0x7f98d29686e0>,58,2,[6 3],86,151,153,65,146
1,<environment.Job instance at 0x7f98d2968960>,57,13,[4 9],84,166,179,82,151
1,<environment.Job instance at 0x7f98d2869aa0>,66,15,[3 7],96,179,194,83,169
1,<environment.Job instance at 0x7f084da6c4b0>,1,15,[ 4 10],4,4,19,0,4
1,<environment.Job instance at 0x7f0846619550>,6,18,[8 4],10,19,37,9,11
1,<environment.Job instance at 0x7f0846619910>,10,16,[5 6],14,37,53,23,24
1,<environment.Job instance at 0x7f084661d050>,20,12,[8 5],27,53,65,26,38
1,<environment.Job instance at 0x7f084661d320>,22,3,[5 6],29,65,68,36,39
1,<environment.Job instance at 0x7f084661d4b0>,24,18,[4 5],31,68,86,37,57
1,<environment.Job instance at 0x7f084661d910>,28,18,[6 5],38,68,86,30,59
1,<environment.Job instance at 0x7f084661de10>,32,17,[7 2],45,86,103,41,76
1,<environment.Job instance at 0x7f084661de60>,34,12,[7 4],48,103,115,55,95
1,<environment.Job instance at 0x7f084661a280>,38,16,[4 8],54,118,134,64,118
1,<environment.Job instance at 0x7f084661a230>,40,14,[4 9],56,134,148,78,119
1,<environment.Job instance at 0x7f084661ab90>,48,13,[5 5],66,160,173,94,160
1,<environment.Job instance at 0x7f084661acd0>,50,17,[9 2],69,173,190,104,163
1,<environment.Job instance at 0x7f084661ad70>,52,13,[ 5 10],71,190,203,119,176
1,<environment.Job instance at 0x7f084da4f410>,6,15,[3 5],9,9,24,0,9
1,<environment.Job instance at 0x7f0846627f50>,1,15,[6 2],3,11,26,8,11
1,<environment.Job instance at 0x7f084da50460>,10,17,[3 5],13,24,41,11,15
1,<environment.Job instance at 0x7f084db910f0>,13,13,[7 4],16,26,39,10,16
1,<environment.Job instance at 0x7f084db8faf0>,22,14,[5 9],27,41,55,14,28
1,<environment.Job instance at 0x7f084db95a00>,24,15,[1 6],30,55,70,25,41
1,<environment.Job instance at 0x7f084da4f190>,5,18,[7 4],7,55,73,48,45
1,<environment.Job instance at 0x7f084dba31e0>,34,14,[5 8],42,73,87,31,58
1,<environment.Job instance at 0x7f084db99e10>,42,15,[6 4],53,87,102,34,74
1,<environment.Job instance at 0x7f084db9ef50>,49,18,[2 6],61,87,105,26,76
1,<environment.Job instance at 0x7f084dba2410>,59,17,[6 2],72,102,119,30,96
1,<environment.Job instance at 0x7f084dba2190>,60,3,[6 3],73,119,122,46,97
1,<environment.Job instance at 0x7f084dba2870>,61,20,[4 6],76,105,125,29,100
1,<environment.Job instance at 0x7f084dba2f00>,63,13,[2 8],78,125,138,47,113
1,<environment.Job instance at 0x7f084daaf1e0>,53,18,[6 2],65,122,140,57,114
1,<environment.Job instance at 0x7f084dba2c30>,66,18,[6 2],83,140,158,57,129
1,<environment.Job instance at 0x7f084db94a50>,71,2,[1 5],90,138,140,48,129
1,<environment.Job instance at 0x7f08028bbaa0>,76,12,[4 8],99,140,152,41,139
1,<environment.Job instance at 0x7f084db99320>,39,18,[ 5 10],48,158,176,110,150
1,<environment.Job instance at 0x7f084daacd20>,70,14,[9 3],88,176,190,88,165
1,<environment.Job instance at 0x7f080298c7d0>,86,3,[5 5],111,190,193,79,169
1,<environment.Job instance at 0x7f0802999aa0>,92,14,[1 6],121,176,190,55,175
1,<environment.Job instance at 0x7f08029990a0>,93,19,[5 1],122,190,209,68,182
1,<environment.Job instance at 0x7f08028a1460>,0,26,[7 5],2,8,34,6,8
1,<environment.Job instance at 0x7f08029fc550>,14,16,[7 1],21,34,50,13,21
1,<environment.Job instance at 0x7f08029998c0>,8,14,[10  4],14,50,64,36,39
1,<environment.Job instance at 0x7f084ce07870>,26,13,[9 5],36,64,77,28,48
1,<environment.Job instance at 0x7f08029537d0>,31,15,[3 8],42,77,92,35,64
1,<environment.Job instance at 0x7f0802911550>,21,17,[5 7],28,92,109,64,81
1,<environment.Job instance at 0x7f080291d140>,50,17,[ 4 10],66,109,126,43,97
1,<environment.Job instance at 0x7f08028a1e10>,4,28,[4 7],8,139,167,131,139
1,<environment.Job instance at 0x7f0802918f00>,51,23,[6 1],67,146,169,79,146
1,<environment.Job instance at 0x7f0802915c80>,58,17,[2 6],78,167,184,89,155
1,<environment.Job instance at 0x7f0846475780>,65,13,[9 4],94,184,197,90,174
1,<environment.Job instance at 0x7f0846475320>,67,15,[9 3],96,197,212,101,183
1,<environment.Job instance at 0x7f084d5a9aa0>,2,14,[6 5],3,3,17,0,3
1,<environment.Job instance at 0x7f0846720780>,4,18,[8 4],5,25,43,20,25
1,<environment.Job instance at 0x7f08467769b0>,16,1,[4 5],26,43,44,17,26
1,<environment.Job instance at 0x7f08469189b0>,10,3,[4 7],17,44,47,27,29
1,<environment.Job instance at 0x7f0802dac7d0>,19,2,[5 9],30,47,49,17,32
1,<environment.Job instance at 0x7f0846602280>,22,3,[10  5],33,49,52,16,34
1,<environment.Job instance at 0x7f0846acad70>,23,1,[1 7],34,52,53,18,36
1,<environment.Job instance at 0x7f0802a19e60>,27,12,[7 5],41,53,65,12,41
1,<environment.Job instance at 0x7f0802a199b0>,30,18,[1 8],44,65,83,21,55
1,<environment.Job instance at 0x7f08466025a0>,21,16,[ 3 10],32,83,99,51,77
1,<environment.Job instance at 0x7f0802867e10>,40,16,[10  3],58,99,115,41,94
1,<environment.Job instance at 0x7f0802871eb0>,49,12,[6 5],69,115,127,46,98
1,<environment.Job instance at 0x7f0802d76d20>,52,1,[ 5 10],74,127,128,53,112
1,<environment.Job instance at 0x7f08028712d0>,53,15,[2 5],77,128,143,51,114
1,<environment.Job instance at 0x7f0802871640>,51,18,[5 5],71,128,146,57,118
1,<environment.Job instance at 0x7f084da50370>,54,2,[7 3],78,146,148,68,125
1,<environment.Job instance at 0x7f0802d2f4b0>,62,15,[9 2],91,148,163,57,139
1,<environment.Job instance at 0x7f0802999fa0>,59,2,[8 1],88,163,165,75,140
1,<environment.Job instance at 0x7f08028b9550>,64,2,[ 4 10],94,165,167,71,141
1,<environment.Job instance at 0x7f0802d7f5a0>,69,12,[3 8],102,167,179,65,150
1,<environment.Job instance at 0x7f0846613af0>,65,2,[1 9],97,179,181,82,168
1,<environment.Job instance at 0x7f0802db89b0>,78,12,[ 3 10],118,181,193,63,173
1,<environment.Job instance at 0x7f0802dabf50>,82,3,[8 2],122,193,196,71,178
1,<environment.Job instance at 0x7f0802dabc80>,83,14,[8 5],124,196,210,72,182
1,<environment.Job instance at 0x7f08028bd2d0>,0,15,[3 8],1,1,16,0,1
1,<environment.Job instance at 0x7f084d3a76e0>,8,19,[6 5],11,16,35,5,12
1,<environment.Job instance at 0x7f0802ed8050>,15,1,[10  3],19,35,36,16,23
1,<environment.Job instance at 0x7f08464b58c0>,21,13,[6 1],30,36,49,6,33
1,<environment.Job instance at 0x7f08464820a0>,24,12,[4 6],34,36,48,2,36
1,<environment.Job instance at 0x7f084648bb90>,17,15,[10  2],21,49,64,28,41
1,<environment.Job instance at 0x7f0846497fa0>,33,17,[1 6],45,64,81,19,54
1,<environment.Job instance at 0x7f08464a98c0>,39,13,[7 1],54,66,79,12,66
1,<environment.Job instance at 0x7f08464a9e10>,44,2,[3 6],59,81,83,22,80
1,<environment.Job instance at 0x7f0802c4a500>,47,2,[5 5],63,83,85,20,82
1,<environment.Job instance at 0x7f08464972d0>,36,21,[3 6],49,85,106,36,83
1,<environment.Job instance at 0x7f0802c4a190>,50,13,[3 9],67,106,119,39,98
1,<environment.Job instance at 0x7f08464a9910>,43,19,[10  2],58,119,138,61,110
1,<environment.Job instance at 0x7f0846405c30>,61,1,[3 5],83,138,139,55,122
1,<environment.Job instance at 0x7f0846409780>,62,24,[2 5],84,138,162,54,133
1,<environment.Job instance at 0x7f0846409960>,68,16,[6 3],93,144,160,51,144
1,<environment.Job instance at 0x7f0846409730>,70,19,[3 8],95,162,181,67,152
1,<environment.Job instance at 0x7f08464be5f0>,76,17,[5 8],107,181,198,74,169
1,<environment.Job instance at 0x7f084640ec80>,82,16,[10  3],118,198,214,80,185
1,<environment.Job instance at 0x7f084641bd70>,1,13,[5 5],4,4,17,0,4
1,<environment.Job instance at 0x7f084d5b6410>,15,3,[6 4],22,22,25,0,22
1,<environment.Job instance at 0x7f084d5b6280>,16,2,[9 4],23,25,27,2,23
1,<environment.Job instance at 0x7f084d5b6460>,18,3,[2 6],26,27,30,1,26
1,<environment.Job instance at 0x7f084d5b6aa0>,13,3,[1 5],20,30,33,10,28
1,<environment.Job instance at 0x7f084d5b60a0>,19,15,[ 5 10],27,33,48,6,28
1,<environment.Job instance at 0x7f084d58a140>,27,13,[3 5],36,48,61,12,36
1,<environment.Job instance at 0x7f084d58a5a0>,25,16,[6 1],34,48,64,14,48
1,<environment.Job instance at 0x7f08464c9050>,36,12,[8 3],50,64,76,14,50
1,<environment.Job instance at 0x7f084d5b66e0>,14,18,[1 7],21,61,79,40,54
1,<environment.Job instance at 0x7f08464c9230>,39,14,[9 1],54,76,90,22,69
1,<environment.Job instance at 0x7f08464c9cd0>,34,22,[1 5],47,79,101,32,78
1,<environment.Job instance at 0x7f084d5b6b40>,20,18,[9 4],28,90,108,62,80
1,<environment.Job instance at 0x7f0802970190>,50,18,[8 2],68,108,126,40,97
1,<environment.Job instance at 0x7f084d3fb8c0>,56,16,[4 8],76,126,142,50,113
1,<environment.Job instance at 0x7f084d44f730>,49,19,[6 4],67,142,161,75,135
1,<environment.Job instance at 0x7f084d2868c0>,73,12,[8 2],99,161,173,62,145
1,<environment.Job instance at 0x7f084d1eae10>,63,13,[10  1],84,173,186,89,158
1,<environment.Job instance at 0x7f084d1ea1e0>,64,16,[9 4],85,186,202,101,173
1,<environment.Job instance at 0x7f0846abc910>,83,14,[9 5],115,202,216,87,187
1,<environment.Job instance at 0x7f0802e09190>,0,1,[3 7],1,1,2,0,1
1,<environment.Job instance at 0x7f08468c03c0>,19,15,[8 3],26,29,44,3,29
1,<environment.Job instance at 0x7f08466ee0a0>,13,14,[7 5],18,44,58,26,29
1,<environment.Job instance at 0x7f08468e22d0>,23,2,[3 5],33,52,54,19,52
1,<environment.Job instance at 0x7f08466ee730>,15,14,[1 8],20,58,72,38,52
1,<environment.Job instance at 0x7f08468e2d20>,26,17,[2 5],36,72,89,36,60
1,<environment.Job instance at 0x7f0802a205a0>,38,3,[6 5],54,72,75,18,72
1,<environment.Job instance at 0x7f0802e0e640>,31,25,[7 4],45,75,100,30,73
1,<environment.Job instance at 0x7f084d3bdc80>,45,2,[4 8],62,100,102,38,85
1,<environment.Job instance at 0x7f084d3bdaa0>,46,3,[4 8],63,102,105,39,85
1,<environment.Job instance at 0x7f084d3bd870>,47,14,[2 5],65,105,119,40,90
1,<environment.Job instance at 0x7f084cf27eb0>,50,14,[ 5 10],72,119,133,47,104
1,<environment.Job instance at 0x7f0802dcfdc0>,59,3,[10  3],82,133,136,51,121
1,<environment.Job instance at 0x7f0802dcf280>,60,17,[7 3],83,136,153,53,125
1,<environment.Job instance at 0x7f0802e1e320>,65,17,[10  2],88,153,170,65,141
1,<environment.Job instance at 0x7f0802a9d050>,63,13,[2 9],86,170,183,84,164
1,<environment.Job instance at 0x7f0802cdcbe0>,56,17,[5 4],78,183,200,105,173
1,<environment.Job instance at 0x7f084d313c80>,2,3,[5 5],3,3,6,0,3
1,<environment.Job instance at 0x7f08028d7190>,4,14,[5 3],5,5,19,0,5
1,<environment.Job instance at 0x7f08028d7280>,5,14,[5 5],6,6,20,0,6
1,<environment.Job instance at 0x7f08028d75f0>,11,18,[9 4],17,20,38,3,20
1,<environment.Job instance at 0x7f08028d7aa0>,17,13,[9 5],24,38,51,14,24
1,<environment.Job instance at 0x7f08028d7e10>,16,15,[ 5 10],23,51,66,28,37
1,<environment.Job instance at 0x7f08028c74b0>,22,15,[1 9],31,66,81,35,52
1,<environment.Job instance at 0x7f08028c7870>,28,16,[5 1],37,66,82,29,66
1,<environment.Job instance at 0x7f08028c7730>,26,16,[3 9],35,81,97,46,71
1,<environment.Job instance at 0x7f08028d7f00>,19,14,[5 8],26,97,111,71,90
1,<environment.Job instance at 0x7f08028d8460>,40,14,[8 3],53,111,125,58,109
1,<environment.Job instance at 0x7f08028d8e10>,52,12,[4 9],66,128,140,62,128
1,<environment.Job instance at 0x7f08028bc7d0>,57,19,[9 3],76,140,159,64,135
1,<environment.Job instance at 0x7f08028bcbe0>,62,13,[2 6],82,159,172,77,148
1,<environment.Job instance at 0x7f08028bce10>,64,17,[8 2],85,159,176,74,158
1,<environment.Job instance at 0x7f08028bc5f0>,66,18,[ 3 10],87,176,194,89,165
1,<environment.Job instance at 0x7f08028d12d0>,71,14,[5 3],94,194,208,100,179
1,<environment.Job instance at 0x7f08028d87d0>,48,15,[5 6],62,194,209,132,183
1,<environment.Job instance at 0x7f08028bc370>,0,2,[5 5],1,1,3,0,1
1,<environment.Job instance at 0x7f0846858050>,3,2,[9 2],7,7,9,0,7
1,<environment.Job instance at 0x7f08468580f0>,6,16,[9 1],10,10,26,0,10
1,<environment.Job instance at 0x7f0846858e10>,8,12,[ 3 10],13,26,38,13,13
1,<environment.Job instance at 0x7f0802f638c0>,11,13,[2 5],21,38,51,17,23
1,<environment.Job instance at 0x7f0802e68f00>,17,14,[9 2],29,51,65,22,50
1,<environment.Job instance at 0x7f0802f63500>,10,16,[ 2 10],18,65,81,47,57
1,<environment.Job instance at 0x7f084d297be0>,21,15,[8 5],35,81,96,46,75
1,<environment.Job instance at 0x7f084cf6b140>,28,13,[5 5],43,96,109,53,82
1,<environment.Job instance at 0x7f08469d7730>,35,14,[1 7],53,109,123,56,94
1,<environment.Job instance at 0x7f0802e68500>,16,25,[8 1],28,111,136,83,111
1,<environment.Job instance at 0x7f084684edc0>,41,14,[3 9],60,136,150,76,122
1,<environment.Job instance at 0x7f084d168f00>,45,12,[1 6],64,123,135,59,122
1,<environment.Job instance at 0x7f08467ab550>,53,14,[3 8],75,150,164,75,135
1,<environment.Job instance at 0x7f08467ab410>,57,13,[7 1],81,136,149,55,135
1,<environment.Job instance at 0x7f084d187c30>,62,18,[6 1],86,149,167,63,139
1,<environment.Job instance at 0x7f08467ab7d0>,56,12,[4 9],79,164,176,85,161
1,<environment.Job instance at 0x7f08467ab460>,51,17,[1 9],70,176,193,106,166
1,<environment.Job instance at 0x7f084d9540f0>,69,12,[ 3 10],95,193,205,98,176
1,<environment.Job instance at 0x7f084663c0f0>,0,2,[10  3],1,1,3,0,1
1,<environment.Job instance at 0x7f0802b5d4b0>,24,15,[3 9],31,42,57,11,42
1,<environment.Job instance at 0x7f084d2a86e0>,25,14,[ 3 10],32,57,71,25,42
1,<environment.Job instance at 0x7f08464598c0>,28,13,[2 8],37,71,84,34,58
1,<environment.Job instance at 0x7f084663cfa0>,1,27,[8 2],2,71,98,69,69
1,<environment.Job instance at 0x7f0846b24a50>,30,1,[2 6],40,84,85,44,82
1,<environment.Job instance at 0x7f084d081140>,43,12,[5 7],62,98,110,36,87
1,<environment.Job instance at 0x7f084d081eb0>,44,17,[5 8],66,110,127,44,98
1,<environment.Job instance at 0x7f0802c72640>,61,15,[4 6],90,154,169,64,154
1,<environment.Job instance at 0x7f084d352280>,71,2,[5 7],104,173,175,69,173
1,<environment.Job instance at 0x7f084679feb0>,37,18,[9 2],52,184,202,132,184
1,<environment.Job instance at 0x7f0802e245f0>,76,3,[5 1],110,202,205,92,186
1,<environment.Job instance at 0x7f0802d380f0>,3,16,[7 3],6,6,22,0,6
1,<environment.Job instance at 0x7f084cf79a00>,4,15,[5 3],8,22,37,14,8
1,<environment.Job instance at 0x7f0802c6ad20>,14,26,[5 6],21,37,63,16,37
1,<environment.Job instance at 0x7f0802c70960>,23,18,[3 8],36,63,81,27,52
1,<environment.Job instance at 0x7f0802c70320>,17,13,[10  3],27,81,94,54,71
1,<environment.Job instance at 0x7f0802889230>,42,23,[8 5],66,94,117,28,88
1,<environment.Job instance at 0x7f0802889d20>,54,12,[9 1],84,117,129,33,113
1,<environment.Job instance at 0x7f08028605f0>,59,14,[10  4],90,129,143,39,114
1,<environment.Job instance at 0x7f0802860730>,62,16,[6 5],94,143,159,49,133
1,<environment.Job instance at 0x7f0802860a50>,65,2,[2 7],102,159,161,57,137
1,<environment.Job instance at 0x7f0802889820>,56,15,[4 8],87,161,176,74,148
1,<environment.Job instance at 0x7f0802897550>,74,17,[4 5],118,176,193,58,164
1,<environment.Job instance at 0x7f0802897690>,77,16,[2 5],123,178,194,55,178
1,<environment.Job instance at 0x7f0802897910>,82,17,[3 5],129,193,210,64,182
1,<environment.Job instance at 0x7f0802897af0>,84,3,[1 8],132,210,213,78,184
1,<environment.Job instance at 0x7f0802860dc0>,69,19,[7 2],110,194,213,84,188
1,<environment.Job instance at 0x7f0846b24a00>,7,2,[2 7],12,17,19,5,17
1,<environment.Job instance at 0x7f0846b248c0>,8,25,[4 9],13,19,44,6,19
1,<environment.Job instance at 0x7f0846b24230>,10,17,[7 5],16,44,61,28,32
1,<environment.Job instance at 0x7f0846b24d20>,3,13,[2 7],4,61,74,57,46
1,<environment.Job instance at 0x7f08467c5a50>,20,13,[2 9],30,74,87,44,67
1,<environment.Job instance at 0x7f084d5b8cd0>,28,27,[7 1],42,84,111,42,84
1,<environment.Job instance at 0x7f08464ab4b0>,42,26,[9 1],63,115,141,52,115
1,<environment.Job instance at 0x7f084d081be0>,56,13,[7 5],85,141,154,56,127
1,<environment.Job instance at 0x7f084d081f00>,63,17,[7 2],96,154,171,58,143
1,<environment.Job instance at 0x7f0802de29b0>,72,17,[4 9],111,171,188,60,160
1,<environment.Job instance at 0x7f0802b5dbe0>,81,23,[1 7],123,188,211,65,182
1,<environment.Job instance at 0x7f0802f65d70>,2,17,[10  2],3,3,20,0,3
1,<environment.Job instance at 0x7f0802814c30>,5,14,[10  1],9,20,34,11,9
1,<environment.Job instance at 0x7f08027ba910>,18,3,[2 7],25,34,37,9,28
1,<environment.Job instance at 0x7f08027ba500>,20,1,[7 5],28,37,38,9,29
1,<environment.Job instance at 0x7f08027ba190>,16,15,[2 5],23,37,52,14,29
1,<environment.Job instance at 0x7f08027bac80>,22,2,[5 3],30,34,36,4,30
1,<environment.Job instance at 0x7f08027ba5f0>,15,15,[5 4],22,38,53,16,32
1,<environment.Job instance at 0x7f0846944230>,28,16,[5 1],40,52,68,12,45
1,<environment.Job instance at 0x7f08027ba3c0>,19,16,[2 7],26,53,69,27,45
1,<environment.Job instance at 0x7f08467a45f0>,38,1,[5 6],57,69,70,12,60
1,<environment.Job instance at 0x7f0846944f00>,33,15,[9 5],48,70,85,22,60
1,<environment.Job instance at 0x7f08467a4050>,42,14,[5 6],61,85,99,24,75
1,<environment.Job instance at 0x7f084d3700f0>,45,3,[1 9],68,99,102,31,78
1,<environment.Job instance at 0x7f084d370a00>,49,13,[2 6],76,102,115,26,86
1,<environment.Job instance at 0x7f084d370d70>,54,12,[2 6],81,115,127,34,98
1,<environment.Job instance at 0x7f0846aeaaf0>,59,13,[5 2],92,128,141,36,128
1,<environment.Job instance at 0x7f0846944460>,27,16,[4 6],39,129,145,90,129
1,<environment.Job instance at 0x7f0846651af0>,62,12,[5 3],95,141,153,46,129
1,<environment.Job instance at 0x7f0846944820>,30,21,[2 5],43,145,166,102,137
1,<environment.Job instance at 0x7f0846651f00>,67,26,[8 5],100,153,179,53,150
1,<environment.Job instance at 0x7f084d5a9f50>,82,14,[5 6],121,179,193,58,164
1,<environment.Job instance at 0x7f08469cf050>,87,16,[5 8],130,193,209,63,181
1,<environment.Job instance at 0x7f08464abc80>,88,1,[5 2],131,184,185,53,184
1,<environment.Job instance at 0x7f08028ea370>,1,16,[5 5],2,2,18,0,2
1,<environment.Job instance at 0x7f0846b17780>,6,18,[5 2],10,10,28,0,10
1,<environment.Job instance at 0x7f0846b17960>,7,3,[2 6],11,18,21,7,12
1,<environment.Job instance at 0x7f0846b20190>,9,15,[2 9],13,32,47,19,32
1,<environment.Job instance at 0x7f084cedb140>,16,16,[7 4],22,47,63,25,37
1,<environment.Job instance at 0x7f084cee6d70>,24,15,[7 4],33,63,78,30,49
1,<environment.Job instance at 0x7f0846568320>,31,1,[10  1],42,78,79,36,60
1,<environment.Job instance at 0x7f0846568820>,32,14,[ 5 10],43,79,93,36,64
1,<environment.Job instance at 0x7f0802f2aeb0>,36,16,[8 1],49,93,109,44,80
1,<environment.Job instance at 0x7f084678b7d0>,41,2,[8 1],57,109,111,52,89
1,<environment.Job instance at 0x7f084db92550>,45,19,[8 1],62,111,130,49,106
1,<environment.Job instance at 0x7f084d3d5e60>,52,3,[5 1],69,130,133,61,117
1,<environment.Job instance at 0x7f0846b3caa0>,25,17,[4 7],34,130,147,96,121
1,<environment.Job instance at 0x7f0846744f00>,55,13,[6 3],72,133,146,61,124
1,<environment.Job instance at 0x7f0846744dc0>,57,13,[7 5],74,147,160,73,133
1,<environment.Job instance at 0x7f080280e230>,60,13,[ 5 10],79,160,173,81,146
1,<environment.Job instance at 0x7f0802e9e820>,68,18,[6 4],93,173,191,80,165
1,<environment.Job instance at 0x7f0846559b90>,56,22,[6 2],73,191,213,118,185
1,<environment.Job instance at 0x7f084cea9f50>,0,12,[3 5],3,3,15,0,3
1,<environment.Job instance at 0x7f084d5f1050>,4,12,[1 5],12,13,25,1,13
1,<environment.Job instance at 0x7f0802c8d280>,8,12,[1 9],21,25,37,4,21
1,<environment.Job instance at 0x7f0846996500>,11,12,[8 3],26,37,49,11,30
1,<environment.Job instance at 0x7f084d4529b0>,15,21,[1 9],34,49,70,15,45
1,<environment.Job instance at 0x7f084d027f00>,18,2,[6 3],38,70,72,32,46
1,<environment.Job instance at 0x7f0802beebe0>,21,12,[7 5],43,72,84,29,61
1,<environment.Job instance at 0x7f08028cceb0>,36,14,[ 3 10],65,84,98,19,71
1,<environment.Job instance at 0x7f0846544230>,6,16,[ 2 10],16,98,114,82,85
1,<environment.Job instance at 0x7f084cfd5be0>,43,17,[1 8],73,114,131,41,102
1,<environment.Job instance at 0x7f084694caa0>,49,17,[9 1],81,114,131,33,112
1,<environment.Job instance at 0x7f0802edd5a0>,61,1,[3 9],100,167,168,67,167
1,<environment.Job instance at 0x7f0846ae0870>,65,13,[8 5],104,184,197,80,184
1,<environment.Job instance at 0x7f0802a43780>,1,1,[6 5],3,3,4,0,3
1,<environment.Job instance at 0x7f0802766050>,2,17,[1 5],10,10,27,0,10
1,<environment.Job instance at 0x7f084cf54230>,8,15,[3 6],18,27,42,9,18
1,<environment.Job instance at 0x7f084cf549b0>,5,16,[ 3 10],13,42,58,29,29
1,<environment.Job instance at 0x7f0802fb3190>,19,1,[2 8],36,58,59,22,39
1,<environment.Job instance at 0x7f0802fb37d0>,20,2,[7 1],37,58,60,21,48
1,<environment.Job instance at 0x7f08026cafa0>,27,2,[8 5],48,60,62,12,48
1,<environment.Job instance at 0x7f08026ca0a0>,26,1,[6 4],46,62,63,16,48
1,<environment.Job instance at 0x7f08026ca1e0>,28,2,[2 6],49,62,64,13,49
1,<environment.Job instance at 0x7f080266c9b0>,33,18,[2 9],54,64,82,10,54
1,<environment.Job instance at 0x7f0802660550>,37,18,[6 1],58,63,81,5,61
1,<environment.Job instance at 0x7f080266cd20>,30,18,[1 5],51,82,100,31,71
1,<environment.Job instance at 0x7f0802660a00>,43,16,[5 3],69,82,98,13,78
1,<environment.Job instance at 0x7f0802660be0>,46,18,[7 5],72,98,116,26,87
1,<environment.Job instance at 0x7f08025f1050>,60,18,[6 1],91,116,134,25,105
1,<environment.Job instance at 0x7f0802fb3320>,17,17,[1 9],34,116,133,82,105
1,<environment.Job instance at 0x7f0802678b40>,69,14,[9 1],107,134,148,27,119
1,<environment.Job instance at 0x7f08026aba50>,75,12,[4 6],115,148,160,33,132
1,<environment.Job instance at 0x7f08026a5190>,86,15,[1 9],132,160,175,28,147
1,<environment.Job instance at 0x7f0802678190>,71,15,[6 5],109,175,190,66,163
1,<environment.Job instance at 0x7f08028b4f50>,0,17,[4 6],2,2,19,0,2
1,<environment.Job instance at 0x7f0802b7ff00>,5,16,[5 4],7,7,23,0,7
1,<environment.Job instance at 0x7f08469f1a50>,9,18,[3 7],12,23,41,11,18
1,<environment.Job instance at 0x7f0802b7e5a0>,18,13,[8 4],24,41,54,17,26
1,<environment.Job instance at 0x7f0802c5ca50>,20,16,[5 7],27,54,70,27,54
1,<environment.Job instance at 0x7f0846a3a870>,35,22,[5 8],51,70,92,19,63
1,<environment.Job instance at 0x7f0846a41190>,44,18,[6 2],66,92,110,26,81
1,<environment.Job instance at 0x7f0846a41cd0>,46,17,[3 6],71,92,109,21,82
1,<environment.Job instance at 0x7f084d0adbe0>,49,16,[7 1],75,110,126,35,97
1,<environment.Job instance at 0x7f0802602050>,53,15,[2 6],80,109,124,29,97
1,<environment.Job instance at 0x7f0802602230>,54,15,[9 4],81,126,141,45,114
1,<environment.Job instance at 0x7f08028da7d0>,62,17,[2 5],91,141,158,50,141
1,<environment.Job instance at 0x7f08028ab1e0>,65,17,[6 2],96,141,158,45,141
1,<environment.Job instance at 0x7f08028ca2d0>,68,12,[1 8],99,158,170,59,141
1,<environment.Job instance at 0x7f08028caa50>,74,18,[4 6],109,170,188,61,160
1,<environment.Job instance at 0x7f08028caaf0>,76,17,[7 5],111,188,205,77,176
1,<environment.Job instance at 0x7f084d2ded20>,5,26,[6 2],6,6,32,0,6
1,<environment.Job instance at 0x7f0802d76870>,8,12,[5 1],11,32,44,21,20
1,<environment.Job instance at 0x7f0846766190>,21,1,[2 7],28,28,29,0,28
1,<environment.Job instance at 0x7f0802d762d0>,10,15,[ 4 10],14,44,59,30,31
1,<environment.Job instance at 0x7f084cfcc3c0>,28,13,[7 4],38,59,72,21,45
1,<environment.Job instance at 0x7f0802e9e050>,34,3,[8 1],45,72,75,27,52
1,<environment.Job instance at 0x7f0802e9e9b0>,35,18,[4 5],46,75,93,29,64
1,<environment.Job instance at 0x7f08463d16e0>,36,2,[6 5],47,75,77,28,64
1,<environment.Job instance at 0x7f084648deb0>,42,1,[ 2 10],54,93,94,39,76
1,<environment.Job instance at 0x7f084cfabbe0>,43,17,[ 5 10],57,94,111,37,82
1,<environment.Job instance at 0x7f08026a6050>,17,14,[9 2],23,111,125,88,99
1,<environment.Job instance at 0x7f084686ab90>,50,12,[1 9],67,125,137,58,110
1,<environment.Job instance at 0x7f084d504910>,52,3,[3 6],69,137,140,68,123
1,<environment.Job instance at 0x7f08466a7d70>,57,1,[5 4],78,137,138,59,126
1,<environment.Job instance at 0x7f08025ab3c0>,60,2,[1 6],84,140,142,56,128
1,<environment.Job instance at 0x7f0846670190>,61,17,[8 3],85,140,157,55,138
1,<environment.Job instance at 0x7f0846ad3f00>,66,1,[5 2],92,157,158,65,143
1,<environment.Job instance at 0x7f0846ad35a0>,67,17,[5 9],93,158,175,65,150
1,<environment.Job instance at 0x7f0846ad32d0>,77,12,[9 1],107,175,187,68,160
1,<environment.Job instance at 0x7f084cea9eb0>,80,18,[2 6],111,187,205,76,177
1,<environment.Job instance at 0x7f08467b7a00>,0,14,[5 9],2,2,16,0,2
1,<environment.Job instance at 0x7f084da101e0>,3,12,[4 9],9,16,28,7,9
1,<environment.Job instance at 0x7f084d29a5f0>,10,1,[1 6],19,28,29,9,19
1,<environment.Job instance at 0x7f08466b3c80>,16,15,[9 1],27,31,46,4,31
1,<environment.Job instance at 0x7f08466b35a0>,17,14,[ 2 10],28,46,60,18,34
1,<environment.Job instance at 0x7f084642ff50>,21,14,[10  3],36,60,74,24,52
1,<environment.Job instance at 0x7f08468a2780>,34,19,[3 7],57,74,93,17,65
1,<environment.Job instance at 0x7f0802d38d70>,41,18,[1 5],67,93,111,26,82
1,<environment.Job instance at 0x7f0802d38460>,44,18,[5 5],71,99,117,28,99
1,<environment.Job instance at 0x7f0802d38730>,46,16,[7 2],73,117,133,44,104
1,<environment.Job instance at 0x7f084642fc30>,25,18,[5 4],41,133,151,92,123
1,<environment.Job instance at 0x7f084642ffa0>,27,14,[3 5],46,124,138,78,124
1,<environment.Job instance at 0x7f084d40fbe0>,58,2,[6 3],86,151,153,65,129
1,<environment.Job instance at 0x7f084d40f230>,60,17,[7 3],88,153,170,65,146
1,<environment.Job instance at 0x7f084d40f3c0>,62,18,[2 9],90,170,188,80,161
1,<environment.Job instance at 0x7f0802d690a0>,53,18,[6 4],80,188,206,108,177
1,<environment.Job instance at 0x7f084d0a9460>,72,14,[2 6],104,188,202,84,178
1,<environment.Job instance at 0x7f08027e5f00>,2,1,[5 5],3,3,4,0,3
1,<environment.Job instance at 0x7f0846743910>,4,1,[3 9],6,6,7,0,6
1,<environment.Job instance at 0x7f0802a75b40>,6,17,[3 8],8,8,25,0,8
1,<environment.Job instance at 0x7f0802a75d70>,9,16,[6 5],12,25,41,13,12
1,<environment.Job instance at 0x7f0846b44730>,28,13,[9 5],36,41,54,5,39
1,<environment.Job instance at 0x7f08029ba500>,26,17,[8 4],33,54,71,21,53
1,<environment.Job instance at 0x7f084d311500>,37,12,[5 6],55,71,83,16,55
1,<environment.Job instance at 0x7f084d311a50>,42,14,[ 4 10],61,83,97,22,70
1,<environment.Job instance at 0x7f084d311230>,45,13,[9 1],64,97,110,33,91
1,<environment.Job instance at 0x7f084d315870>,52,3,[2 9],74,110,113,36,95
1,<environment.Job instance at 0x7f084d315230>,54,16,[10  1],76,113,129,37,100
1,<environment.Job instance at 0x7f084d304140>,67,17,[ 4 10],92,141,158,49,141
1,<environment.Job instance at 0x7f084d302780>,75,14,[8 3],101,158,172,57,158
1,<environment.Job instance at 0x7f084d302370>,82,16,[5 7],109,174,190,65,174
1,<environment.Job instance at 0x7f084d302190>,84,26,[1 7],112,190,216,78,187
1,<environment.Job instance at 0x7f57a7371820>,2,12,[5 4],3,3,15,0,3
1,<environment.Job instance at 0x7f57a7371780>,3,13,[3 8],5,15,28,10,5
1,<environment.Job instance at 0x7f579ff6df00>,12,13,[1 8],16,28,41,12,17
1,<environment.Job instance at 0x7f579ff72a00>,20,22,[8 2],26,35,57,9,35
1,<environment.Job instance at 0x7f579ff72be0>,23,20,[ 5 10],30,57,77,27,48
1,<environment.Job instance at 0x7f579ff72cd0>,1,14,[6 1],2,2,16,0,2
1,<environment.Job instance at 0x7f57a72c3370>,7,2,[2 6],10,17,19,7,17
1,<environment.Job instance at 0x7f57a72c2960>,11,15,[7 4],14,17,32,3,17
1,<environment.Job instance at 0x7f57a72c23c0>,17,14,[6 3],27,32,46,5,27
1,<environment.Job instance at 0x7f57a72bb960>,23,18,[1 7],35,36,54,1,36
1,<environment.Job instance at 0x7f579fd89a50>,26,13,[7 2],42,46,59,4,44
1,<environment.Job instance at 0x7f57a72bb870>,29,14,[9 1],45,59,73,14,46
1,<environment.Job instance at 0x7f57a72bcaf0>,1,13,[2 7],5,5,18,0,5
1,<environment.Job instance at 0x7f575c264b40>,18,13,[2 8],27,44,57,17,44
1,<environment.Job instance at 0x7f575c264370>,17,17,[5 2],26,48,65,22,48
1,<environment.Job instance at 0x7f575c6fc8c0>,2,14,[9 1],4,4,18,0,4
1,<environment.Job instance at 0x7f575c340820>,10,15,[9 1],18,18,33,0,18
1,<environment.Job instance at 0x7f575c6fc820>,5,13,[9 5],9,33,46,24,26
1,<environment.Job instance at 0x7f575c3379b0>,19,13,[10  2],28,46,59,18,35
1,<environment.Job instance at 0x7f575c337730>,24,3,[5 1],35,59,62,24,35
1,<environment.Job instance at 0x7f575c717640>,26,1,[5 5],37,59,60,22,37
1,<environment.Job instance at 0x7f575c2564b0>,0,18,[3 6],2,2,20,0,2
1,<environment.Job instance at 0x7f575c63f5a0>,4,16,[1 9],8,20,36,12,18
1,<environment.Job instance at 0x7f57a6ce3f00>,9,13,[ 4 10],17,36,49,19,28
1,<environment.Job instance at 0x7f575c5ee640>,19,18,[ 4 10],28,49,67,21,39
1,<environment.Job instance at 0x7f575c1d7870>,1,1,[3 9],2,2,3,0,2
1,<environment.Job instance at 0x7f575c1d7910>,2,12,[5 7],3,3,15,0,3
1,<environment.Job instance at 0x7f575c1d7a50>,7,1,[9 1],16,16,17,0,16
1,<environment.Job instance at 0x7f57a6c07730>,14,26,[3 8],23,31,57,8,31
1,<environment.Job instance at 0x7f57a69c92d0>,2,2,[5 6],4,4,6,0,4
1,<environment.Job instance at 0x7f57a69c9fa0>,3,3,[5 3],6,6,9,0,6
1,<environment.Job instance at 0x7f579fd268c0>,5,17,[8 2],8,9,26,1,9
1,<environment.Job instance at 0x7f57a6d93f00>,14,2,[9 4],22,26,28,4,22
1,<environment.Job instance at 0x7f57a02ccf00>,15,3,[4 9],23,28,31,5,23
1,<environment.Job instance at 0x7f57a00302d0>,16,18,[3 8],24,31,49,7,24
1,<environment.Job instance at 0x7f575c2f4870>,24,18,[ 2 10],38,49,67,11,38
1,<environment.Job instance at 0x7f575c2f4410>,26,3,[7 4],41,67,70,26,42
1,<environment.Job instance at 0x7f57a6a21140>,1,12,[1 8],2,2,14,0,2
1,<environment.Job instance at 0x7f575c2f4fa0>,2,18,[3 6],4,14,32,10,4
1,<environment.Job instance at 0x7f575c23cf50>,7,26,[7 2],11,20,46,9,20
1,<environment.Job instance at 0x7f579fdbccd0>,16,15,[1 5],21,32,47,11,29
1,<environment.Job instance at 0x7f575c897cd0>,10,17,[7 5],14,46,63,32,45
1,<environment.Job instance at 0x7f575c6a1050>,23,14,[10  4],31,63,77,32,48
1,<environment.Job instance at 0x7f575c6842d0>,1,2,[7 5],3,3,5,0,3
1,<environment.Job instance at 0x7f575c60f190>,3,3,[3 6],5,5,8,0,5
1,<environment.Job instance at 0x7f575c60f0f0>,4,14,[9 4],6,8,22,2,6
1,<environment.Job instance at 0x7f57a6cbe690>,8,3,[10  5],10,22,25,12,12
1,<environment.Job instance at 0x7f575c60f6e0>,7,14,[8 3],9,25,39,16,13
1,<environment.Job instance at 0x7f57a69076e0>,18,17,[4 8],23,39,56,16,27
1,<environment.Job instance at 0x7f57a6907d70>,22,15,[7 4],27,56,71,29,42
1,<environment.Job instance at 0x7f57a6907730>,24,20,[2 6],30,56,76,26,47
1,<environment.Job instance at 0x7f57a6901280>,1,15,[6 4],2,2,17,0,2
1,<environment.Job instance at 0x7f579fef1aa0>,7,12,[2 6],15,15,27,0,15
1,<environment.Job instance at 0x7f579fef1af0>,8,16,[8 5],16,27,43,11,17
1,<environment.Job instance at 0x7f579fef10f0>,11,16,[6 5],19,43,59,24,33
1,<environment.Job instance at 0x7f57a72b50a0>,2,18,[2 9],7,7,25,0,7
1,<environment.Job instance at 0x7f575c04c4b0>,7,2,[2 5],13,25,27,12,13
1,<environment.Job instance at 0x7f575c761550>,20,18,[2 8],29,32,50,3,32
1,<environment.Job instance at 0x7f575c7fdc80>,19,2,[3 6],26,50,52,24,42
1,<environment.Job instance at 0x7f57a67fe9b0>,29,15,[2 8],43,52,67,9,47
1,<environment.Job instance at 0x7f575c38c820>,0,26,[5 3],2,3,29,1,3
1,<environment.Job instance at 0x7f57a02cea50>,11,16,[10  5],15,29,45,14,18
1,<environment.Job instance at 0x7f57a02ba460>,21,17,[2 7],27,45,62,18,34
1,<environment.Job instance at 0x7f57a02ba320>,2,18,[10  3],6,6,24,0,6
1,<environment.Job instance at 0x7f575c853190>,10,16,[5 5],15,24,40,9,16
1,<environment.Job instance at 0x7f575c869730>,17,14,[2 9],24,40,54,16,29
1,<environment.Job instance at 0x7f575c8965a0>,29,14,[1 9],40,54,68,14,41
1,<environment.Job instance at 0x7f575c4f56e0>,31,2,[7 2],44,68,70,24,44
1,<environment.Job instance at 0x7f575c4f5af0>,32,1,[1 5],45,68,69,23,45
1,<environment.Job instance at 0x7f575c4f5cd0>,34,3,[4 8],48,70,73,22,49
1,<environment.Job instance at 0x7f575c038190>,0,27,[8 2],1,6,33,5,6
1,<environment.Job instance at 0x7f575c038640>,3,2,[7 5],7,33,35,26,7
1,<environment.Job instance at 0x7f579fe03b90>,11,15,[9 2],21,35,50,14,32
1,<environment.Job instance at 0x7f579fe03230>,19,14,[4 7],33,50,64,17,38
1,<environment.Job instance at 0x7f575c17f500>,1,18,[9 4],2,3,21,1,3
1,<environment.Job instance at 0x7f575c130fa0>,14,24,[8 5],18,31,55,13,31
1,<environment.Job instance at 0x7f57a0308780>,28,16,[2 6],33,55,71,22,49
1,<environment.Job instance at 0x7f57a0202280>,0,18,[10  3],1,2,20,1,2
1,<environment.Job instance at 0x7f57a6b1e5a0>,19,17,[3 7],31,38,55,7,38
1,<environment.Job instance at 0x7f57a01694b0>,1,2,[ 4 10],2,2,4,0,2
1,<environment.Job instance at 0x7f57a0169af0>,2,3,[9 2],3,4,7,1,3
1,<environment.Job instance at 0x7f57a0169640>,3,1,[1 5],4,5,6,1,5
1,<environment.Job instance at 0x7f57a0002dc0>,4,17,[8 5],6,7,24,1,6
1,<environment.Job instance at 0x7f575c7ee410>,13,15,[2 5],16,16,31,0,16
1,<environment.Job instance at 0x7f575c7ee960>,16,2,[2 9],19,31,33,12,21
1,<environment.Job instance at 0x7f575c1ffe60>,19,13,[6 1],22,24,37,2,24
1,<environment.Job instance at 0x7f575c36d640>,15,16,[9 2],18,37,53,19,37
1,<environment.Job instance at 0x7f579fec0aa0>,0,17,[2 6],1,1,18,0,1
1,<environment.Job instance at 0x7f57a028dcd0>,10,2,[8 4],16,16,18,0,16
1,<environment.Job instance at 0x7f579ffb5f50>,11,16,[2 7],19,19,35,0,19
1,<environment.Job instance at 0x7f57a029dfa0>,12,1,[2 7],21,35,36,14,21
1,<environment.Job instance at 0x7f57a029db90>,13,1,[7 4],22,36,37,14,22
1,<environment.Job instance at 0x7f579ffb55a0>,14,14,[10  2],23,37,51,14,23
1,<environment.Job instance at 0x7f57a036e370>,20,18,[2 6],36,51,69,15,40
1,<environment.Job instance at 0x7f57a029ae60>,1,3,[4 5],2,2,5,0,2
1,<environment.Job instance at 0x7f57a00a4e10>,6,13,[2 7],11,11,24,0,11
1,<environment.Job instance at 0x7f57a00a4d70>,11,16,[3 6],17,24,40,7,18
1,<environment.Job instance at 0x7f579ff43d20>,18,17,[5 1],24,24,41,0,24
1,<environment.Job instance at 0x7f579ff431e0>,21,12,[7 2],27,41,53,14,27
1,<environment.Job instance at 0x7f575c88af50>,29,18,[5 7],36,53,71,17,42
1,<environment.Job instance at 0x7f575c896320>,4,14,[1 6],7,7,21,0,7
1,<environment.Job instance at 0x7f57a02e9370>,12,17,[10  4],16,21,38,5,16
1,<environment.Job instance at 0x7f57a683ddc0>,23,12,[5 8],32,38,50,6,32
1,<environment.Job instance at 0x7f579ffb9550>,24,16,[4 5],34,50,66,16,38
1,<environment.Job instance at 0x7f9beea27550>,2,12,[5 4],3,3,15,0,3
1,<environment.Job instance at 0x7f9beea274b0>,3,13,[3 8],5,15,28,10,6
1,<environment.Job instance at 0x7f9be7621cd0>,7,12,[7 2],9,17,29,8,17
1,<environment.Job instance at 0x7f9be7621d70>,12,13,[1 8],16,28,41,12,18
1,<environment.Job instance at 0x7f9be7621c30>,6,19,[1 7],8,41,60,33,34
1,<environment.Job instance at 0x7f9be7624be0>,23,20,[ 5 10],30,60,80,30,51
1,<environment.Job instance at 0x7f9bee975140>,2,16,[10  3],3,3,19,0,3
1,<environment.Job instance at 0x7f9bee977e10>,9,14,[6 3],17,19,33,2,19
1,<environment.Job instance at 0x7f9bee978230>,16,2,[2 7],27,27,29,0,27
1,<environment.Job instance at 0x7f9bee9789b0>,18,13,[7 2],32,33,46,1,32
1,<environment.Job instance at 0x7f9bee978050>,21,14,[9 1],35,46,60,11,35
1,<environment.Job instance at 0x7f9ba395dc80>,3,17,[5 2],6,6,23,0,6
1,<environment.Job instance at 0x7f9ba39148c0>,15,18,[5 3],27,33,51,6,33
1,<environment.Job instance at 0x7f9ba390c640>,11,15,[9 4],20,51,66,31,43
1,<environment.Job instance at 0x7f9ba3f4b6e0>,3,2,[6 1],6,6,8,0,6
1,<environment.Job instance at 0x7f9ba3f4b1e0>,6,13,[1 8],11,11,24,0,11
1,<environment.Job instance at 0x7f9ba3d8faf0>,8,18,[3 6],22,24,42,2,22
1,<environment.Job instance at 0x7f9ba3f4d410>,21,22,[3 6],41,57,79,16,57
1,<environment.Job instance at 0x7f9ba3f4d050>,22,1,[5 2],42,59,60,17,59
1,<environment.Job instance at 0x7f9ba3922d20>,0,16,[7 5],2,2,18,0,2
1,<environment.Job instance at 0x7f9be7a5d870>,9,12,[5 7],13,18,30,5,14
1,<environment.Job instance at 0x7f9be74b6d20>,10,1,[9 1],20,30,31,10,20
1,<environment.Job instance at 0x7f9bea0eac30>,11,2,[9 3],21,31,33,10,21
1,<environment.Job instance at 0x7f9be7a5d140>,12,3,[9 2],23,33,36,10,23
1,<environment.Job instance at 0x7f9be74a78c0>,21,26,[3 8],33,56,82,23,56
1,<environment.Job instance at 0x7f9be9cccdc0>,32,13,[5 2],46,58,71,12,58
1,<environment.Job instance at 0x7f9be9d18b40>,0,3,[7 2],2,2,5,0,2
1,<environment.Job instance at 0x7f9bea005910>,5,17,[8 2],8,8,25,0,8
1,<environment.Job instance at 0x7f9bea005e60>,11,20,[5 2],17,25,45,8,17
1,<environment.Job instance at 0x7f9ba3cd2b40>,19,14,[5 7],29,44,58,15,44
1,<environment.Job instance at 0x7f9ba3cd2780>,24,18,[ 2 10],38,58,76,20,47
1,<environment.Job instance at 0x7f9ba3ec5500>,2,1,[5 3],3,3,4,0,3
1,<environment.Job instance at 0x7f9ba3ec5820>,3,17,[7 5],4,4,21,0,4
1,<environment.Job instance at 0x7f9ba3ec5550>,9,15,[1 5],11,12,27,1,12
1,<environment.Job instance at 0x7f9be9c47d70>,1,13,[ 2 10],2,27,40,25,12
1,<environment.Job instance at 0x7f9be7950280>,12,13,[6 5],16,40,53,24,25
1,<environment.Job instance at 0x7f9be76bf820>,26,16,[1 5],34,40,56,6,39
1,<environment.Job instance at 0x7f9be79370f0>,25,18,[9 2],31,53,71,22,42
1,<environment.Job instance at 0x7f9ba3de34b0>,30,15,[7 4],41,71,86,30,57
1,<environment.Job instance at 0x7f9ba3ee70f0>,6,15,[7 4],7,7,22,0,7
1,<environment.Job instance at 0x7f9ba3eb70a0>,9,15,[6 2],11,22,37,11,11
1,<environment.Job instance at 0x7f9ba3ebc730>,16,12,[7 1],23,37,49,14,23
1,<environment.Job instance at 0x7f9ba3ebd0a0>,20,1,[3 7],28,37,38,9,37
1,<environment.Job instance at 0x7f9ba3ebd3c0>,25,2,[7 2],36,49,51,13,45
1,<environment.Job instance at 0x7f9ba3ebd960>,23,15,[6 4],32,51,66,19,45
1,<environment.Job instance at 0x7f9ba3ebc050>,15,18,[2 8],19,66,84,47,57
1,<environment.Job instance at 0x7f9ba3ebd780>,0,1,[10  2],1,1,2,0,1
1,<environment.Job instance at 0x7f9bee626dc0>,2,14,[4 9],3,3,17,0,3
1,<environment.Job instance at 0x7f9bee626a00>,6,16,[4 9],8,17,33,9,8
1,<environment.Job instance at 0x7f9bea1cbcd0>,15,16,[4 9],23,33,49,10,23
1,<environment.Job instance at 0x7f9be9ba25a0>,24,14,[6 1],36,40,54,4,40
1,<environment.Job instance at 0x7f9be9ba2910>,25,13,[4 9],37,49,62,12,41
1,<environment.Job instance at 0x7f9be9e242d0>,34,18,[2 8],49,62,80,13,57
1,<environment.Job instance at 0x7f9ba3d8ad20>,5,16,[3 9],6,10,26,4,10
1,<environment.Job instance at 0x7f9bea2b9c30>,16,1,[10  1],21,26,27,5,22
1,<environment.Job instance at 0x7f9ba3d59140>,14,18,[ 5 10],18,27,45,9,22
1,<environment.Job instance at 0x7f9be9be8fa0>,21,13,[8 4],26,45,58,19,29
1,<environment.Job instance at 0x7f9ba3d59320>,11,12,[2 7],15,58,70,43,52
1,<environment.Job instance at 0x7f9be9c4ea00>,24,18,[7 2],30,58,76,28,55
1,<environment.Job instance at 0x7f9be7614c30>,30,17,[2 7],37,70,87,33,58
1,<environment.Job instance at 0x7f9be7556e10>,0,19,[5 3],1,1,20,0,1
1,<environment.Job instance at 0x7f9be7ac69b0>,9,16,[2 9],14,20,36,6,15
1,<environment.Job instance at 0x7f9ba3a33af0>,19,3,[6 3],28,36,39,8,28
1,<environment.Job instance at 0x7f9ba3c670a0>,21,3,[5 6],30,39,42,9,30
1,<environment.Job instance at 0x7f9ba3d10d20>,24,25,[7 3],33,42,67,9,38
1,<environment.Job instance at 0x7f9be7ac6550>,12,25,[1 7],17,57,82,40,57
1,<environment.Job instance at 0x7f9be9cd8960>,0,3,[4 7],1,1,4,0,1
1,<environment.Job instance at 0x7f9be7ac6910>,1,18,[5 4],2,4,22,2,2
1,<environment.Job instance at 0x7f9be7760640>,5,12,[ 2 10],10,22,34,12,11
1,<environment.Job instance at 0x7f9be7760d20>,14,14,[4 7],23,34,48,11,26
1,<environment.Job instance at 0x7f9be77897d0>,23,20,[9 1],35,48,68,13,41
1,<environment.Job instance at 0x7f9be7789d70>,29,18,[9 4],42,68,86,26,57
1,<environment.Job instance at 0x7f9be778a0f0>,1,12,[ 1 10],2,2,14,0,2
1,<environment.Job instance at 0x7f9be77d7960>,19,12,[6 1],23,35,47,12,35
1,<environment.Job instance at 0x7f9be77d73c0>,20,2,[1 8],25,40,42,15,40
1,<environment.Job instance at 0x7f9be77d7410>,21,1,[1 5],26,43,44,17,43
1,<environment.Job instance at 0x7f9be77d7730>,22,13,[6 2],28,47,60,19,46
1,<environment.Job instance at 0x7f9be77d7140>,24,1,[5 2],30,60,61,30,50
1,<environment.Job instance at 0x7f9ba3ce9dc0>,18,14,[7 5],22,61,75,39,50
1,<environment.Job instance at 0x7f9be7779b90>,0,17,[3 7],1,1,18,0,1
1,<environment.Job instance at 0x7f9ba39db550>,9,3,[4 5],14,18,21,4,16
1,<environment.Job instance at 0x7f9ba39db7d0>,12,27,[5 1],18,32,59,14,32
1,<environment.Job instance at 0x7f9ba39db9b0>,13,16,[ 3 10],19,59,75,40,55
1,<environment.Job instance at 0x7f9be77c8640>,1,13,[3 7],2,2,15,0,2
1,<environment.Job instance at 0x7f9ba3e9f5f0>,7,13,[4 5],9,15,28,6,10
1,<environment.Job instance at 0x7f9ba3e9f410>,8,23,[6 5],10,15,38,5,13
1,<environment.Job instance at 0x7f9ba3e9f9b0>,10,1,[5 3],13,38,39,25,16
1,<environment.Job instance at 0x7f9ba3e9fc30>,17,21,[1 9],23,39,60,16,33
1,<environment.Job instance at 0x7f9ba3e9f640>,9,17,[2 6],11,60,77,49,49
1,<environment.Job instance at 0x7f9ba3e9f0f0>,0,16,[7 5],1,1,17,0,1
1,<environment.Job instance at 0x7f9be75ab2d0>,8,14,[5 7],13,17,31,4,13
1,<environment.Job instance at 0x7f9ba3b83960>,15,12,[1 8],21,31,43,10,21
1,<environment.Job instance at 0x7f9ba3b838c0>,17,16,[5 3],23,43,59,20,30
1,<environment.Job instance at 0x7f9be73f7140>,23,12,[4 6],29,43,55,14,31
1,<environment.Job instance at 0x7f9ba3de8b90>,28,16,[5 4],35,55,71,20,42
1,<environment.Job instance at 0x7f9ba3c72780>,0,13,[4 7],1,1,14,0,1
1,<environment.Job instance at 0x7f9ba3d9a0f0>,15,12,[5 8],22,34,46,12,34
1,<environment.Job instance at 0x7f9ba3d9a3c0>,16,16,[4 5],24,46,62,22,34
1,<environment.Job instance at 0x7f9ba3c82190>,23,18,[5 1],32,56,74,24,56
1,<environment.Job instance at 0x7f9ba3e09640>,25,15,[5 2],38,62,77,24,57
1,<environment.Job instance at 0x7f9ba3e09640>,1,18,[9 1],3,4,22,1,4
1,<environment.Job instance at 0x7f9be75e5fa0>,8,18,[1 6],14,14,32,0,14
1,<environment.Job instance at 0x7f9ba3f60e60>,13,12,[10  1],20,32,44,12,21
1,<environment.Job instance at 0x7f9ba3909190>,21,18,[3 6],31,44,62,13,33
1,<environment.Job instance at 0x7f9ba39058c0>,26,28,[6 4],38,55,83,17,55
1,<environment.Job instance at 0x7f9ba39058c0>,1,2,[5 9],3,3,5,0,3
1,<environment.Job instance at 0x7f9ba3f8ad70>,12,17,[8 3],22,22,39,0,22
1,<environment.Job instance at 0x7f9ba3f8a0f0>,13,16,[2 5],23,23,39,0,23
1,<environment.Job instance at 0x7f9bea112640>,18,21,[5 1],31,39,60,8,36
1,<environment.Job instance at 0x7f9bea1129b0>,17,16,[3 9],30,53,69,23,53
1,<environment.Job instance at 0x7f9ba394f9b0>,0,12,[3 9],1,1,13,0,1
1,<environment.Job instance at 0x7f9ba3cfb190>,6,18,[1 6],11,13,31,2,13
1,<environment.Job instance at 0x7f9ba3a72cd0>,11,13,[3 8],16,31,44,15,16
1,<environment.Job instance at 0x7f9ba3cfbb40>,7,15,[6 1],12,19,34,7,19
1,<environment.Job instance at 0x7f9be7748e60>,25,2,[7 1],36,47,49,11,47
1,<environment.Job instance at 0x7f9be77480f0>,26,2,[5 2],39,52,54,13,52
1,<environment.Job instance at 0x7f9ba3c73fa0>,28,1,[ 3 10],41,54,55,13,52
1,<environment.Job instance at 0x7f9ba3c73410>,29,3,[1 8],42,55,58,13,52
1,<environment.Job instance at 0x7fbad1b7e190>,0,18,[ 2 10],1,2,20,1,2
1,<environment.Job instance at 0x7fbaca776f00>,9,17,[1 7],12,20,37,8,15
1,<environment.Job instance at 0x7fbaca776cd0>,7,12,[7 2],9,21,33,12,21
1,<environment.Job instance at 0x7fbaca776f50>,10,28,[3 9],14,37,65,23,36
1,<environment.Job instance at 0x7fbaca7795a0>,21,3,[4 6],27,65,68,38,46
1,<environment.Job instance at 0x7fbaca779500>,18,16,[4 9],24,68,84,44,57
1,<environment.Job instance at 0x7fbaca779a00>,24,1,[6 1],32,57,58,25,57
1,<environment.Job instance at 0x7fbaca779910>,25,3,[9 3],34,84,87,50,64
1,<environment.Job instance at 0x7fbaca77d4b0>,0,1,[ 1 10],3,3,4,0,3
1,<environment.Job instance at 0x7fbad1ac9c80>,3,14,[6 3],7,7,21,0,7
1,<environment.Job instance at 0x7fbad1acb370>,12,13,[7 2],22,22,35,0,22
1,<environment.Job instance at 0x7fbad1baf5f0>,26,12,[3 5],40,46,58,6,46
1,<environment.Job instance at 0x7fbad1baf870>,20,3,[10  4],34,58,61,24,46
1,<environment.Job instance at 0x7fbad1acc820>,31,3,[2 8],48,61,64,13,55
1,<environment.Job instance at 0x7fbad1acc910>,33,2,[4 9],50,64,66,14,57
1,<environment.Job instance at 0x7fbad1accb40>,34,3,[5 1],51,62,65,11,62
1,<environment.Job instance at 0x7fba86ab45a0>,3,18,[5 3],7,7,25,0,7
1,<environment.Job instance at 0x7fba86aa70f0>,10,15,[9 2],15,25,40,10,17
1,<environment.Job instance at 0x7fba86aa7820>,12,13,[9 5],19,40,53,21,26
1,<environment.Job instance at 0x7fba86b289b0>,35,13,[1 8],51,53,66,2,52
1,<environment.Job instance at 0x7fba86b28550>,36,2,[7 1],53,53,55,0,53
1,<environment.Job instance at 0x7fba86b28410>,37,18,[3 6],62,66,84,4,63
1,<environment.Job instance at 0x7fba86f27fa0>,2,13,[ 4 10],7,7,20,0,7
1,<environment.Job instance at 0x7fba86f27910>,4,16,[3 6],9,20,36,11,9
1,<environment.Job instance at 0x7fba86f2d7d0>,10,15,[6 2],16,25,40,9,25
1,<environment.Job instance at 0x7fba86f2df00>,14,18,[1 6],22,36,54,14,28
1,<environment.Job instance at 0x7fba86f2df50>,17,1,[ 5 10],25,54,55,29,35
1,<environment.Job instance at 0x7fba86f475a0>,19,16,[7 5],32,55,71,23,42
1,<environment.Job instance at 0x7fba86ec0d20>,25,17,[4 9],40,71,88,31,60
1,<environment.Job instance at 0x7fba86bf7320>,1,1,[6 5],3,3,4,0,3
1,<environment.Job instance at 0x7fba86b6b0f0>,3,13,[5 2],6,6,19,0,6
1,<environment.Job instance at 0x7fba8711c460>,6,12,[6 1],12,19,31,7,12
1,<environment.Job instance at 0x7fba8711c730>,9,12,[5 9],15,31,43,16,15
1,<environment.Job instance at 0x7fba8711ca00>,13,2,[4 8],20,21,23,1,21
1,<environment.Job instance at 0x7fba8711cc80>,14,3,[7 2],22,43,46,21,29
1,<environment.Job instance at 0x7fba87127280>,19,17,[8 2],28,46,63,18,34
1,<environment.Job instance at 0x7fba86b6b780>,5,14,[10  5],10,63,77,53,57
1,<environment.Job instance at 0x7fba87127be0>,30,18,[3 8],44,77,95,33,66
1,<environment.Job instance at 0x7fba871275f0>,1,12,[1 8],2,2,14,0,2
1,<environment.Job instance at 0x7fba87127be0>,2,18,[3 6],4,14,32,10,5
1,<environment.Job instance at 0x7fbaca7569b0>,7,26,[7 2],11,18,44,7,18
1,<environment.Job instance at 0x7fbaca756cd0>,10,17,[7 5],14,44,61,30,32
1,<environment.Job instance at 0x7fbad0fbfdc0>,16,15,[1 5],21,32,47,11,32
1,<environment.Job instance at 0x7fbaca6839b0>,25,16,[7 2],34,61,77,27,48
1,<environment.Job instance at 0x7fbad152f8c0>,33,16,[1 5],44,68,84,24,68
1,<environment.Job instance at 0x7fbad152f410>,35,15,[8 5],49,77,92,28,68
1,<environment.Job instance at 0x7fba86c2e140>,0,17,[7 1],1,1,18,0,1
1,<environment.Job instance at 0x7fbaca7fb2d0>,5,2,[9 3],6,18,20,12,6
1,<environment.Job instance at 0x7fbaca7fbf00>,7,18,[6 1],9,20,38,11,10
1,<environment.Job instance at 0x7fbad14eb550>,15,18,[2 8],19,20,38,1,20
1,<environment.Job instance at 0x7fbaca5f1190>,19,14,[ 1 10],27,38,52,11,27
1,<environment.Job instance at 0x7fbaca51e820>,27,2,[5 6],41,52,54,11,41
1,<environment.Job instance at 0x7fbaca51ed20>,28,14,[ 3 10],44,54,68,10,44
1,<environment.Job instance at 0x7fbaca51e5a0>,25,2,[7 2],36,68,70,32,52
1,<environment.Job instance at 0x7fbaca5c1640>,13,15,[2 9],17,70,85,53,57
1,<environment.Job instance at 0x7fbaca6a15a0>,6,24,[3 6],9,13,37,4,13
1,<environment.Job instance at 0x7fbaca8a3b40>,10,3,[3 6],18,37,40,19,21
1,<environment.Job instance at 0x7fbaca6d2500>,14,2,[2 5],23,40,42,17,23
1,<environment.Job instance at 0x7fbaca6bd460>,20,16,[4 5],30,40,56,10,30
1,<environment.Job instance at 0x7fbaca6bdd20>,23,27,[10  3],33,56,83,23,54
1,<environment.Job instance at 0x7fbaca6a5b90>,1,13,[3 9],2,2,15,0,2
1,<environment.Job instance at 0x7fbaca769460>,6,14,[9 1],7,15,29,8,8
1,<environment.Job instance at 0x7fbaca769eb0>,14,17,[2 7],17,29,46,12,17
1,<environment.Job instance at 0x7fba86f64780>,25,12,[6 3],34,38,50,4,38
1,<environment.Job instance at 0x7fba86f64af0>,26,17,[5 9],36,50,67,14,40
1,<environment.Job instance at 0x7fbad10139b0>,37,12,[3 9],53,67,79,14,53
1,<environment.Job instance at 0x7fbad10135a0>,40,14,[3 6],56,79,93,23,67
1,<environment.Job instance at 0x7fbaca97c960>,4,23,[9 3],7,7,30,0,7
1,<environment.Job instance at 0x7fbacac098c0>,27,14,[7 5],45,48,62,3,48
1,<environment.Job instance at 0x7fba86826550>,24,12,[ 2 10],40,62,74,22,53
1,<environment.Job instance at 0x7fba86826b90>,25,15,[9 2],41,74,89,33,64
1,<environment.Job instance at 0x7fbacac09550>,1,18,[9 4],2,4,22,2,4
1,<environment.Job instance at 0x7fbaca531dc0>,9,14,[2 7],12,22,36,10,22
1,<environment.Job instance at 0x7fba86896d20>,16,12,[7 4],20,36,48,16,22
1,<environment.Job instance at 0x7fba86ec4870>,28,16,[2 6],33,65,81,32,65
1,<environment.Job instance at 0x7fbacaa9c8c0>,2,14,[9 2],6,6,20,0,6
1,<environment.Job instance at 0x7fbacaa9cf50>,3,17,[2 8],8,20,37,12,8
1,<environment.Job instance at 0x7fbaca6082d0>,8,15,[4 9],15,37,52,22,28
1,<environment.Job instance at 0x7fbaca608c30>,19,12,[ 3 10],30,52,64,22,42
1,<environment.Job instance at 0x7fbaca61a0f0>,26,15,[5 3],38,64,79,26,58
1,<environment.Job instance at 0x7fbaca61a280>,27,15,[2 8],39,79,94,40,65
1,<environment.Job instance at 0x7fbaca61a320>,2,18,[8 3],3,3,21,0,3
1,<environment.Job instance at 0x7fbaca83ce60>,6,17,[1 9],8,21,38,13,11
1,<environment.Job instance at 0x7fbaca5c1050>,17,21,[1 9],23,38,59,15,31
1,<environment.Job instance at 0x7fba8684eb40>,21,1,[2 7],31,59,60,28,37
1,<environment.Job instance at 0x7fba86e3dcd0>,25,13,[5 5],39,60,73,21,44
1,<environment.Job instance at 0x7fba86b9a230>,27,3,[10  3],43,73,76,30,58
1,<environment.Job instance at 0x7fba86b9a640>,29,18,[2 6],46,76,94,30,65
1,<environment.Job instance at 0x7fbaca8890a0>,0,13,[2 7],1,1,14,0,1
1,<environment.Job instance at 0x7fbaca8899b0>,7,2,[ 5 10],9,14,16,5,9
1,<environment.Job instance at 0x7fbaca8894b0>,6,14,[9 5],8,16,30,8,9
1,<environment.Job instance at 0x7fba8705a460>,9,12,[1 8],11,30,42,19,13
1,<environment.Job instance at 0x7fba86b87780>,19,3,[5 2],21,30,33,9,28
1,<environment.Job instance at 0x7fba86b87e60>,16,24,[4 7],18,42,66,24,38
1,<environment.Job instance at 0x7fbad1cf9b90>,25,2,[10  4],28,66,68,38,40
1,<environment.Job instance at 0x7fbad1cf9be0>,26,2,[1 6],29,68,70,39,41
1,<environment.Job instance at 0x7fbad1cf9280>,27,1,[5 5],30,70,71,40,42
1,<environment.Job instance at 0x7fbad1cf9a50>,28,1,[6 2],31,42,43,11,42
1,<environment.Job instance at 0x7fba86b87690>,17,12,[4 6],19,71,83,52,56
1,<environment.Job instance at 0x7fbad1cf91e0>,1,12,[5 8],2,2,14,0,2
1,<environment.Job instance at 0x7fbacaa21280>,6,2,[10  2],9,14,16,5,9
1,<environment.Job instance at 0x7fbacaa21730>,10,1,[9 2],16,16,17,0,16
1,<environment.Job instance at 0x7fbacaa217d0>,11,15,[5 2],18,21,36,3,21
1,<environment.Job instance at 0x7fbacaa21cd0>,16,23,[9 5],26,36,59,10,34
1,<environment.Job instance at 0x7fbacaa179b0>,29,16,[3 9],48,59,75,11,59
1,<environment.Job instance at 0x7fbacaa218c0>,12,3,[7 5],20,75,78,55,62
1,<environment.Job instance at 0x7fbacaa17d20>,31,18,[1 5],50,75,93,25,64
1,<environment.Job instance at 0x7fbacaa170f0>,0,18,[3 6],1,1,19,0,1
1,<environment.Job instance at 0x7fbaca5ede60>,11,13,[9 4],15,19,32,4,16
1,<environment.Job instance at 0x7fbaca5ed910>,7,25,[1 5],11,19,44,8,18
1,<environment.Job instance at 0x7fba86928aa0>,15,13,[5 5],19,32,45,13,21
1,<environment.Job instance at 0x7fbaca5ed1e0>,12,12,[2 6],16,45,57,29,30
1,<environment.Job instance at 0x7fba86e1ca50>,20,20,[6 3],26,45,65,19,36
1,<environment.Job instance at 0x7fba8708f190>,28,12,[5 2],40,65,77,25,48
1,<environment.Job instance at 0x7fba8708faf0>,1,2,[5 2],2,2,4,0,2
1,<environment.Job instance at 0x7fba86ac4730>,3,14,[ 1 10],4,4,18,0,4
1,<environment.Job instance at 0x7fbaca5f8230>,12,12,[9 5],15,21,33,6,21
1,<environment.Job instance at 0x7fba86a09f50>,11,17,[7 3],14,33,50,19,21
1,<environment.Job instance at 0x7fba87098190>,23,18,[1 6],31,49,67,18,49
1,<environment.Job instance at 0x7fba869cabe0>,22,25,[6 3],30,50,75,20,49
1,<environment.Job instance at 0x7fbad111e370>,27,17,[4 6],35,67,84,32,59
1,<environment.Job instance at 0x7fbad15626e0>,24,15,[6 1],32,75,90,43,61
1,<environment.Job instance at 0x7fba86d42820>,0,2,[ 2 10],1,1,3,0,1
1,<environment.Job instance at 0x7fba86daaeb0>,2,1,[5 3],3,3,4,0,3
1,<environment.Job instance at 0x7fbad0f889b0>,3,14,[5 7],5,5,19,0,5
1,<environment.Job instance at 0x7fbaca7359b0>,8,12,[3 7],14,19,31,5,14
1,<environment.Job instance at 0x7fbad1103690>,9,14,[ 4 10],15,31,45,16,17
1,<environment.Job instance at 0x7fbaca51daf0>,26,13,[8 2],38,45,58,7,38
1,<environment.Job instance at 0x7fbaca51d730>,29,25,[2 5],43,45,70,2,43
1,<environment.Job instance at 0x7fbad13fdaa0>,14,23,[6 3],21,59,82,38,59
1,<environment.Job instance at 0x7fbaca55bd20>,38,14,[3 7],53,70,84,17,69
1,<environment.Job instance at 0x7fbaca5ef2d0>,0,18,[2 7],1,1,19,0,1
1,<environment.Job instance at 0x7fbaca5ef9b0>,2,27,[3 5],4,19,46,15,17
1,<environment.Job instance at 0x7fbaca655fa0>,17,17,[10  4],29,46,63,17,34
1,<environment.Job instance at 0x7fba8688ca00>,20,16,[1 9],36,63,79,27,50
1,<environment.Job instance at 0x7fba86d65960>,28,15,[2 5],49,79,94,30,65
1,<environment.Job instance at 0x7fbad1619aa0>,1,18,[ 1 10],2,5,23,3,5
1,<environment.Job instance at 0x7fbad0f670a0>,10,17,[9 3],13,23,40,10,13
1,<environment.Job instance at 0x7fbad140b190>,14,17,[2 5],18,40,57,22,28
1,<environment.Job instance at 0x7fbad0f67d20>,7,15,[5 2],9,40,55,31,34
1,<environment.Job instance at 0x7fba86d56fa0>,25,18,[5 3],35,55,73,20,44
1,<environment.Job instance at 0x7fba86b36910>,29,2,[2 8],41,73,75,32,65
1,<environment.Job instance at 0x7fba86ed18c0>,30,3,[4 7],43,65,68,22,65
1,<environment.Job instance at 0x7fbaca9283c0>,22,12,[10  1],31,75,87,44,65
1,<environment.Job instance at 0x7fbad14b6c80>,33,1,[2 7],48,68,69,20,65
1,<environment.Job instance at 0x7f7442d81960>,3,13,[3 8],5,5,18,0,5
1,<environment.Job instance at 0x7f743f977b90>,6,19,[1 7],8,18,37,10,8
1,<environment.Job instance at 0x7f743f977dc0>,8,17,[10  5],11,37,54,26,28
1,<environment.Job instance at 0x7f743f977e60>,11,3,[6 3],15,30,33,15,30
1,<environment.Job instance at 0x7f743f97a2d0>,18,16,[4 9],24,54,70,30,41
1,<environment.Job instance at 0x7f743f97aeb0>,27,17,[5 9],36,70,87,34,60
1,<environment.Job instance at 0x7f743f97d190>,31,16,[9 3],41,87,103,46,74
1,<environment.Job instance at 0x7f743f97d730>,1,2,[1 5],3,3,5,0,3
1,<environment.Job instance at 0x7f7442ef9be0>,3,18,[1 7],5,5,23,0,5
1,<environment.Job instance at 0x7f7442ef0730>,7,18,[5 5],13,23,41,10,15
1,<environment.Job instance at 0x7f743f79a870>,30,16,[ 5 10],45,75,91,30,75
1,<environment.Job instance at 0x7f743f79a870>,1,3,[5 7],4,4,7,0,4
1,<environment.Job instance at 0x7f73f7d36a50>,5,15,[5 3],9,11,26,2,11
1,<environment.Job instance at 0x7f73f7d41fa0>,15,13,[4 7],20,20,33,0,20
1,<environment.Job instance at 0x7f73f7d41500>,14,18,[ 2 10],19,33,51,14,22
1,<environment.Job instance at 0x7f73f7d29a00>,27,1,[2 5],47,51,52,4,47
1,<environment.Job instance at 0x7f73f7d29b90>,32,15,[7 2],55,55,70,0,55
1,<environment.Job instance at 0x7f73f7d29eb0>,29,16,[6 2],49,70,86,21,62
1,<environment.Job instance at 0x7f73f7d293c0>,34,15,[8 5],58,86,101,28,72
1,<environment.Job instance at 0x7f73f7d46eb0>,0,16,[7 5],2,2,18,0,2
1,<environment.Job instance at 0x7f73f80c16e0>,5,15,[ 1 10],9,18,33,9,9
1,<environment.Job instance at 0x7f73f7da3140>,22,14,[3 9],34,38,52,4,38
1,<environment.Job instance at 0x7f73f7da37d0>,25,14,[9 2],37,52,66,15,40
1,<environment.Job instance at 0x7f73f801e5f0>,28,17,[5 9],40,66,83,26,57
1,<environment.Job instance at 0x7f73f7da5e10>,29,13,[5 1],41,68,81,27,68
1,<environment.Job instance at 0x7f73f7c23e60>,2,18,[3 8],4,4,22,0,4
1,<environment.Job instance at 0x7f73f8329cd0>,10,18,[ 2 10],18,22,40,4,18
1,<environment.Job instance at 0x7f73f831a960>,21,12,[1 8],32,40,52,8,33
1,<environment.Job instance at 0x7f73f831aeb0>,26,24,[10  3],39,52,76,13,49
1,<environment.Job instance at 0x7f73f8319320>,28,13,[ 2 10],42,76,89,34,61
1,<environment.Job instance at 0x7f73f8319960>,36,15,[1 5],51,89,104,38,79
1,<environment.Job instance at 0x7f743faf8500>,0,15,[7 4],1,1,16,0,1
1,<environment.Job instance at 0x7f743fb74370>,5,17,[8 2],7,16,33,9,16
1,<environment.Job instance at 0x7f743fb74f50>,14,16,[8 2],18,33,49,15,22
1,<environment.Job instance at 0x7f743fb74280>,11,17,[10  2],14,49,66,35,45
1,<environment.Job instance at 0x7f74425282d0>,22,15,[7 4],27,66,81,39,53
1,<environment.Job instance at 0x7f743f7b6460>,37,14,[5 9],50,81,95,31,75
1,<environment.Job instance at 0x7f743fa11be0>,1,1,[10  4],2,2,3,0,2
1,<environment.Job instance at 0x7f73f7f30410>,2,14,[4 9],3,3,17,0,3
1,<environment.Job instance at 0x7f743fd57e60>,6,16,[4 9],8,17,33,9,8
1,<environment.Job instance at 0x7f73f7dfaa50>,15,16,[4 9],23,33,49,10,25
1,<environment.Job instance at 0x7f73f7fbb1e0>,19,1,[7 5],31,49,50,18,33
1,<environment.Job instance at 0x7f73f823e140>,25,13,[4 9],37,50,63,13,38
1,<environment.Job instance at 0x7f7442270910>,28,12,[1 9],41,63,75,22,54
1,<environment.Job instance at 0x7f73f7c3bcd0>,35,2,[5 9],51,75,77,24,54
1,<environment.Job instance at 0x7f73f7c3b730>,36,16,[4 9],52,77,93,25,64
1,<environment.Job instance at 0x7f743fa25820>,1,13,[3 9],2,2,15,0,2
1,<environment.Job instance at 0x7f73f7bf5550>,8,18,[7 2],10,15,33,5,11
1,<environment.Job instance at 0x7f74425c9b40>,16,2,[7 3],19,33,35,14,21
1,<environment.Job instance at 0x7f743f877a50>,25,12,[6 3],34,37,49,3,37
1,<environment.Job instance at 0x7f74426430a0>,9,14,[8 2],11,49,63,38,40
1,<environment.Job instance at 0x7f743f863dc0>,28,12,[5 4],40,63,75,23,46
1,<environment.Job instance at 0x7f743f863be0>,29,19,[5 3],41,63,82,22,63
1,<environment.Job instance at 0x7f743f865410>,39,16,[5 5],55,75,91,20,63
1,<environment.Job instance at 0x7f743f865aa0>,43,15,[ 5 10],59,91,106,32,79
1,<environment.Job instance at 0x7f744294f780>,0,2,[4 8],2,2,4,0,2
1,<environment.Job instance at 0x7f743fa15730>,6,27,[8 2],11,16,43,5,16
1,<environment.Job instance at 0x7f743f9d91e0>,17,15,[9 2],31,43,58,12,31
1,<environment.Job instance at 0x7f743f9d9280>,22,3,[3 6],38,58,61,20,38
1,<environment.Job instance at 0x7f743f9d9050>,23,3,[7 3],39,58,61,19,41
1,<environment.Job instance at 0x7f743f9d9e10>,25,14,[4 7],43,61,75,18,46
1,<environment.Job instance at 0x7f743f9d9960>,24,3,[9 3],41,75,78,34,51
1,<environment.Job instance at 0x7f743fd38f50>,37,18,[4 9],59,78,96,19,67
1,<environment.Job instance at 0x7f73f81de230>,0,12,[8 4],1,1,13,0,1
1,<environment.Job instance at 0x7f743fd57dc0>,13,28,[ 2 10],16,27,55,11,27
1,<environment.Job instance at 0x7f74423c6550>,22,13,[6 2],28,55,68,27,41
1,<environment.Job instance at 0x7f73f82574b0>,11,16,[2 6],13,55,71,42,42
1,<environment.Job instance at 0x7f743f7855a0>,33,14,[8 1],42,68,82,26,54
1,<environment.Job instance at 0x7f743f785aa0>,35,1,[9 1],44,82,83,38,60
1,<environment.Job instance at 0x7f73f8245be0>,4,17,[8 5],6,6,23,0,6
1,<environment.Job instance at 0x7f7442959500>,8,15,[5 2],11,23,38,12,11
1,<environment.Job instance at 0x7f73f7a926e0>,13,15,[2 5],16,17,32,1,17
1,<environment.Job instance at 0x7f73f7ac00a0>,14,14,[4 8],17,32,46,15,25
1,<environment.Job instance at 0x7f7442421e10>,19,13,[6 1],22,38,51,16,26
1,<environment.Job instance at 0x7f743f8910a0>,20,13,[1 8],23,46,59,23,37
1,<environment.Job instance at 0x7f743fa946e0>,33,13,[3 7],42,59,72,17,43
1,<environment.Job instance at 0x7f743f7f6f00>,39,13,[4 5],49,72,85,23,56
1,<environment.Job instance at 0x7f743f925690>,17,15,[9 1],20,85,100,65,75
1,<environment.Job instance at 0x7f743f925280>,1,3,[10  3],3,3,6,0,3
1,<environment.Job instance at 0x7f743f720280>,2,13,[ 5 10],5,6,19,1,5
1,<environment.Job instance at 0x7f73f7df7a00>,3,18,[2 6],6,19,37,13,8
1,<environment.Job instance at 0x7f73f7baa780>,16,16,[7 5],21,37,53,16,24
1,<environment.Job instance at 0x7f73f7ba5dc0>,29,2,[ 5 10],39,53,55,14,39
1,<environment.Job instance at 0x7f73f7ba5f00>,32,1,[6 3],42,55,56,13,43
1,<environment.Job instance at 0x7f73f7ba5a00>,28,14,[9 5],38,56,70,18,50
1,<environment.Job instance at 0x7f73f7bbd4b0>,35,15,[ 1 10],45,70,85,25,56
1,<environment.Job instance at 0x7f73f7bbd690>,39,12,[4 6],49,85,97,36,73
1,<environment.Job instance at 0x7f743fe35b90>,0,13,[4 7],1,1,14,0,1
1,<environment.Job instance at 0x7f743fe2b190>,8,2,[3 7],12,14,16,2,12
1,<environment.Job instance at 0x7f7442746370>,9,14,[8 3],13,16,30,3,14
1,<environment.Job instance at 0x7f73f7b0f640>,16,16,[4 5],24,30,46,6,24
1,<environment.Job instance at 0x7f73f7b0f1e0>,21,2,[10  5],30,46,48,16,30
1,<environment.Job instance at 0x7f73f7b0fe60>,22,3,[4 5],31,31,34,0,31
1,<environment.Job instance at 0x7f743f752fa0>,24,1,[9 2],36,48,49,12,36
1,<environment.Job instance at 0x7f743fe2b370>,3,12,[4 8],5,49,61,44,37
1,<environment.Job instance at 0x7f743fe2bfa0>,7,18,[5 2],11,49,67,38,39
1,<environment.Job instance at 0x7f743f7520f0>,31,3,[5 9],47,67,70,20,52
1,<environment.Job instance at 0x7f73f827c960>,35,2,[1 6],57,61,63,4,57
1,<environment.Job instance at 0x7f73f827cdc0>,36,14,[4 6],58,70,84,12,58
1,<environment.Job instance at 0x7f73f823f230>,39,3,[2 6],61,84,87,23,75
1,<environment.Job instance at 0x7f73f8171640>,4,14,[4 7],6,6,20,0,6
1,<environment.Job instance at 0x7f73f823f230>,2,13,[1 7],4,20,33,16,13
1,<environment.Job instance at 0x7f73f81716e0>,3,12,[3 5],5,33,45,28,17
1,<environment.Job instance at 0x7f743f89ffa0>,22,13,[5 5],29,34,47,5,34
1,<environment.Job instance at 0x7f743f89f9b0>,24,16,[8 3],31,47,63,16,36
1,<environment.Job instance at 0x7f743f89f050>,27,20,[6 3],36,63,83,27,54
1,<environment.Job instance at 0x7f743f890140>,34,2,[ 2 10],49,83,85,34,62
1,<environment.Job instance at 0x7f743f6e10a0>,2,2,[6 2],3,6,8,3,6
1,<environment.Job instance at 0x7f73f7ce9640>,12,12,[9 5],15,17,29,2,17
1,<environment.Job instance at 0x7f73f7ce90a0>,8,18,[6 1],11,29,47,18,18
1,<environment.Job instance at 0x7f73f7ce97d0>,15,2,[5 3],18,47,49,29,37
1,<environment.Job instance at 0x7f73f7ce9550>,16,12,[9 5],19,49,61,30,37
1,<environment.Job instance at 0x7f73f7ce9a00>,18,3,[5 7],22,61,64,39,41
1,<environment.Job instance at 0x7f73f7ce96e0>,13,13,[4 6],16,64,77,48,48
1,<environment.Job instance at 0x7f73f7ce9eb0>,24,15,[6 1],32,64,79,32,50
1,<environment.Job instance at 0x7f73f7ce9f00>,28,13,[3 8],36,77,90,41,68
1,<environment.Job instance at 0x7f73f7ce9690>,14,15,[9 4],17,90,105,73,79
1,<environment.Job instance at 0x7f73f7cda0f0>,0,12,[3 7],4,4,16,0,4
1,<environment.Job instance at 0x7f73f7cc87d0>,3,22,[10  4],7,16,38,9,9
1,<environment.Job instance at 0x7f73f829d320>,18,13,[8 2],28,38,51,10,35
1,<environment.Job instance at 0x7f7442f010a0>,26,3,[10  3],38,51,54,13,39
1,<environment.Job instance at 0x7f7442f014b0>,27,1,[1 7],40,44,45,4,44
1,<environment.Job instance at 0x7f7442f01cd0>,25,15,[ 2 10],37,54,69,17,46
1,<environment.Job instance at 0x7f743f757320>,35,12,[9 1],50,72,84,22,72
1,<environment.Job instance at 0x7f743f7b0230>,42,12,[ 2 10],63,84,96,21,79
1,<environment.Job instance at 0x7f743f7b0140>,2,17,[10  4],9,9,26,0,9
1,<environment.Job instance at 0x7f743f990230>,5,16,[1 9],16,26,42,10,16
1,<environment.Job instance at 0x7f743fb15690>,1,13,[9 5],8,42,55,34,30
1,<environment.Job instance at 0x7f743fcec5a0>,23,18,[3 9],41,55,73,14,55
1,<environment.Job instance at 0x7f73f7cba9b0>,34,2,[9 4],53,73,75,20,55
1,<environment.Job instance at 0x7f73f7cba780>,35,17,[ 2 10],54,75,92,21,63
1,<environment.Job instance at 0x7f744217c640>,1,17,[1 9],2,2,19,0,2
1,<environment.Job instance at 0x7f744243cfa0>,2,2,[4 8],3,19,21,16,3
1,<environment.Job instance at 0x7f73f7dd7a00>,6,28,[6 1],9,11,39,2,11
1,<environment.Job instance at 0x7f73f7f6bd20>,18,18,[5 7],32,39,57,7,33
1,<environment.Job instance at 0x7f743fbf4230>,31,14,[3 5],52,57,71,5,52
1,<environment.Job instance at 0x7f743fbf4af0>,35,3,[7 5],59,59,62,0,59
1,<environment.Job instance at 0x7f743fc11b90>,36,13,[3 5],62,62,75,0,62
1,<environment.Job instance at 0x7f743fc11eb0>,37,13,[10  3],63,75,88,12,63
1,<environment.Job instance at 0x7f743fbf4370>,30,15,[3 9],50,88,103,38,77
1,<environment.Job instance at 0x7f743fbf4690>,1,1,[ 4 10],4,4,5,0,4
1,<environment.Job instance at 0x7f73f8195fa0>,18,15,[10  2],26,36,51,10,36
1,<environment.Job instance at 0x7f73f8195960>,21,15,[6 2],29,51,66,22,38
1,<environment.Job instance at 0x7f743f7874b0>,23,15,[ 4 10],32,66,81,34,54
1,<environment.Job instance at 0x7f73f7a9adc0>,34,18,[5 5],47,81,99,34,73
1,<environment.Job instance at 0x7f73f7c750a0>,0,16,[4 5],1,1,17,0,1
1,<environment.Job instance at 0x7f73f7a6ab40>,1,13,[2 7],2,17,30,15,2
1,<environment.Job instance at 0x7f7442981b40>,10,13,[2 6],15,30,43,15,15
1,<environment.Job instance at 0x7f743fd845f0>,8,25,[8 1],13,31,56,18,31
1,<environment.Job instance at 0x7f73f82291e0>,17,16,[2 9],25,43,59,18,33
1,<environment.Job instance at 0x7f73f8229f00>,16,23,[6 3],24,59,82,35,57
1,<environment.Job instance at 0x7f73f7ac1dc0>,29,13,[5 6],40,82,95,42,76
1,<environment.Job instance at 0x7f3e19be2a50>,2,12,[5 4],3,3,15,0,3
1,<environment.Job instance at 0x7f3e127d45f0>,9,17,[1 7],12,15,32,3,13
1,<environment.Job instance at 0x7f3e127d4af0>,18,16,[4 9],24,56,72,32,56
1,<environment.Job instance at 0x7f3e127d4550>,8,17,[10  5],11,72,89,61,60
1,<environment.Job instance at 0x7f3e127d4d70>,21,3,[4 6],27,89,92,62,77
1,<environment.Job instance at 0x7f3e127d6140>,24,1,[6 1],32,89,90,57,84
1,<environment.Job instance at 0x7f3e127d6280>,26,3,[4 6],35,92,95,57,84
1,<environment.Job instance at 0x7f3e127d6230>,27,17,[5 9],36,95,112,59,84
1,<environment.Job instance at 0x7f3e127d6370>,1,18,[5 5],3,3,21,0,3
1,<environment.Job instance at 0x7f3e19d51820>,14,12,[3 5],20,20,32,0,20
1,<environment.Job instance at 0x7f3e19c0deb0>,26,13,[2 8],37,57,70,20,57
1,<environment.Job instance at 0x7f3e19c0d820>,1,17,[5 6],4,4,21,0,4
1,<environment.Job instance at 0x7f3dceb82320>,7,2,[7 1],13,21,23,8,13
1,<environment.Job instance at 0x7f3dceb82460>,8,18,[3 6],22,23,41,1,23
1,<environment.Job instance at 0x7f3dcebc1fa0>,18,15,[8 5],38,41,56,3,38
1,<environment.Job instance at 0x7f3dcebc1870>,17,13,[ 4 10],37,56,69,19,46
1,<environment.Job instance at 0x7f3dcebc1d70>,19,16,[3 6],39,69,85,30,57
1,<environment.Job instance at 0x7f3dceb6f690>,30,18,[10  1],53,85,103,32,74
1,<environment.Job instance at 0x7f3dceb1f280>,1,15,[7 4],2,2,17,0,2
1,<environment.Job instance at 0x7f3dcead0140>,9,17,[5 9],10,17,34,7,10
1,<environment.Job instance at 0x7f3dcefd7dc0>,8,17,[10  2],9,34,51,25,23
1,<environment.Job instance at 0x7f3dcec8d7d0>,21,13,[5 7],28,51,64,23,36
1,<environment.Job instance at 0x7f3e127d46e0>,28,18,[10  3],37,64,82,27,54
1,<environment.Job instance at 0x7f3e127d40a0>,30,28,[6 5],39,82,110,43,81
1,<environment.Job instance at 0x7f3dcefb8500>,2,1,[5 3],3,3,4,0,3
1,<environment.Job instance at 0x7f3dcec031e0>,3,17,[7 5],4,4,21,0,4
1,<environment.Job instance at 0x7f3dcefb8e10>,7,14,[9 1],9,21,35,12,10
1,<environment.Job instance at 0x7f3dceedac80>,8,18,[5 1],10,35,53,25,25
1,<environment.Job instance at 0x7f3dceedaf00>,13,14,[3 6],17,35,49,18,26
1,<environment.Job instance at 0x7f3dceeca410>,16,14,[10  4],21,53,67,32,38
1,<environment.Job instance at 0x7f3dceec0460>,28,15,[8 5],39,67,82,28,53
1,<environment.Job instance at 0x7f3dceec0a00>,35,17,[8 2],47,82,99,35,71
1,<environment.Job instance at 0x7f3dceec0960>,34,14,[9 4],46,99,113,53,85
1,<environment.Job instance at 0x7f3dceec0870>,1,15,[6 4],2,2,17,0,2
1,<environment.Job instance at 0x7f3e14ef2460>,7,12,[2 6],15,15,27,0,15
1,<environment.Job instance at 0x7f3e14ef2c30>,8,16,[8 5],16,27,43,11,17
1,<environment.Job instance at 0x7f3dcea50e60>,18,2,[5 4],30,43,45,13,30
1,<environment.Job instance at 0x7f3dcea50820>,25,16,[4 9],38,45,61,7,39
1,<environment.Job instance at 0x7f3dcf06ceb0>,29,15,[10  5],46,61,76,15,56
1,<environment.Job instance at 0x7f3e14ef20a0>,11,16,[6 5],19,76,92,57,67
1,<environment.Job instance at 0x7f3dcf06cdc0>,35,18,[2 9],57,92,110,35,81
1,<environment.Job instance at 0x7f3e1274fa00>,4,15,[5 1],5,5,20,0,5
1,<environment.Job instance at 0x7f3e12966460>,2,15,[2 8],3,5,20,2,5
1,<environment.Job instance at 0x7f3e1287caa0>,9,26,[5 3],12,22,48,10,22
1,<environment.Job instance at 0x7f3e12c66c30>,20,16,[10  5],25,48,64,23,35
1,<environment.Job instance at 0x7f3e128c2280>,25,14,[8 2],31,64,78,33,54
1,<environment.Job instance at 0x7f3dcedd5050>,28,18,[2 6],35,64,82,29,54
1,<environment.Job instance at 0x7f3dcedc4eb0>,17,13,[3 9],22,82,95,60,68
1,<environment.Job instance at 0x7f3e12a3acd0>,42,17,[5 9],56,95,112,39,86
1,<environment.Job instance at 0x7f3dced998c0>,7,14,[1 9],10,10,24,0,10
1,<environment.Job instance at 0x7f3dced99e10>,14,27,[8 2],21,26,53,5,26
1,<environment.Job instance at 0x7f3dced901e0>,15,12,[8 4],25,53,65,28,43
1,<environment.Job instance at 0x7f3dced90be0>,25,15,[9 2],41,65,80,24,53
1,<environment.Job instance at 0x7f3dced8f7d0>,35,13,[5 7],55,80,93,25,68
1,<environment.Job instance at 0x7f3dced8f0f0>,29,14,[3 8],47,93,107,46,80
1,<environment.Job instance at 0x7f3dced0b6e0>,0,12,[8 4],1,1,13,0,1
1,<environment.Job instance at 0x7f3e128fed70>,12,18,[3 6],14,18,36,4,18
1,<environment.Job instance at 0x7f3e12a4bbe0>,17,18,[ 1 10],21,36,54,15,27
1,<environment.Job instance at 0x7f3dceca7af0>,30,1,[ 5 10],38,55,56,17,55
1,<environment.Job instance at 0x7f3e128fec30>,11,16,[2 6],13,77,93,64,77
1,<environment.Job instance at 0x7f3e126c1e10>,25,18,[10  3],31,93,111,62,83
1,<environment.Job instance at 0x7f3e14f1faf0>,0,15,[5 2],1,1,16,0,1
1,<environment.Job instance at 0x7f3e127ebcd0>,3,2,[6 4],4,16,18,12,4
1,<environment.Job instance at 0x7f3e127ebd70>,4,2,[3 5],5,5,7,0,5
1,<environment.Job instance at 0x7f3e127eb960>,6,14,[4 8],7,18,32,11,7
1,<environment.Job instance at 0x7f3dceeffd70>,15,2,[9 4],17,32,34,15,25
1,<environment.Job instance at 0x7f3e12ae6eb0>,21,22,[9 1],28,34,56,6,28
1,<environment.Job instance at 0x7f3e14ed0550>,30,17,[1 9],38,42,59,4,42
1,<environment.Job instance at 0x7f3e14ed04b0>,33,17,[2 6],41,59,76,18,47
1,<environment.Job instance at 0x7f3e12bd5d70>,37,24,[8 2],48,59,83,11,54
1,<environment.Job instance at 0x7f3e12bd50f0>,35,13,[5 7],46,83,96,37,69
1,<environment.Job instance at 0x7f3e14e3a8c0>,47,14,[10  2],63,96,110,33,81
1,<environment.Job instance at 0x7f3e12752fa0>,0,16,[7 5],1,1,17,0,1
1,<environment.Job instance at 0x7f3dcecd3140>,11,16,[3 6],17,17,33,0,17
1,<environment.Job instance at 0x7f3dcecd3460>,13,2,[ 5 10],19,33,35,14,19
1,<environment.Job instance at 0x7f3dcecd3730>,14,2,[2 7],20,35,37,15,20
1,<environment.Job instance at 0x7f3dcecd3870>,15,12,[1 8],21,37,49,16,21
1,<environment.Job instance at 0x7f3dcecd3a50>,17,16,[5 3],23,49,65,26,37
1,<environment.Job instance at 0x7f3e14ef7960>,29,18,[5 7],36,49,67,13,40
1,<environment.Job instance at 0x7f3dcecd3fa0>,22,24,[4 7],28,67,91,39,63
1,<environment.Job instance at 0x7f3e14efa500>,39,28,[6 1],47,75,103,28,75
1,<environment.Job instance at 0x7f3e14efd050>,1,18,[5 1],2,2,20,0,2
1,<environment.Job instance at 0x7f3e14ff1aa0>,12,27,[1 5],25,25,52,0,25
1,<environment.Job instance at 0x7f3dcf0ffa50>,5,19,[9 4],11,36,55,25,36
1,<environment.Job instance at 0x7f3e1261c870>,18,18,[9 1],33,55,73,22,45
1,<environment.Job instance at 0x7f3e1261ceb0>,20,25,[10  4],36,73,98,37,70
1,<environment.Job instance at 0x7f3e150d97d0>,0,19,[6 5],1,1,20,0,1
1,<environment.Job instance at 0x7f3e14d67fa0>,10,3,[3 9],20,20,23,0,20
1,<environment.Job instance at 0x7f3e14d67500>,11,14,[10  3],21,23,37,2,22
1,<environment.Job instance at 0x7f3e12925eb0>,22,23,[ 5 10],35,39,62,4,39
1,<environment.Job instance at 0x7f3e129255f0>,28,14,[ 1 10],44,62,76,18,51
1,<environment.Job instance at 0x7f3e125b4d20>,6,28,[10  1],11,76,104,65,75
1,<environment.Job instance at 0x7f3dce81b7d0>,16,14,[5 7],25,26,40,1,26
1,<environment.Job instance at 0x7f3dce81b730>,14,16,[5 9],22,42,58,20,42
1,<environment.Job instance at 0x7f3dce7ed5a0>,22,14,[ 4 10],35,58,72,23,47
1,<environment.Job instance at 0x7f3dce7e37d0>,26,15,[2 8],39,72,87,33,61
1,<environment.Job instance at 0x7f3dce81bb90>,19,14,[8 3],28,87,101,59,74
1,<environment.Job instance at 0x7f3e12788a50>,40,1,[6 4],59,101,102,42,87
1,<environment.Job instance at 0x7f3dce995730>,42,25,[2 5],63,89,114,26,89
1,<environment.Job instance at 0x7f3dceeee690>,0,18,[2 7],1,1,19,0,1
1,<environment.Job instance at 0x7f3e12bc0c30>,4,15,[4 6],8,19,34,11,11
1,<environment.Job instance at 0x7f3e14e3b3c0>,3,12,[8 3],5,34,46,29,20
1,<environment.Job instance at 0x7f3e127604b0>,6,17,[7 5],10,46,63,36,36
1,<environment.Job instance at 0x7f3dcf174b90>,16,13,[9 5],28,63,76,35,48
1,<environment.Job instance at 0x7f3e1295f050>,34,1,[2 6],56,76,77,20,65
1,<environment.Job instance at 0x7f3e1279caa0>,7,21,[8 2],11,76,97,65,72
1,<environment.Job instance at 0x7f3e1295fcd0>,39,1,[7 4],62,97,98,35,77
1,<environment.Job instance at 0x7f3e1295feb0>,40,1,[7 5],63,98,99,35,77
1,<environment.Job instance at 0x7f3e1295f8c0>,41,1,[3 8],64,99,100,35,77
1,<environment.Job instance at 0x7f3e14e3a280>,44,17,[3 5],67,100,117,33,88
1,<environment.Job instance at 0x7f3e127872d0>,2,14,[5 4],6,6,20,0,6
1,<environment.Job instance at 0x7f3dce9b2410>,7,17,[1 9],12,20,37,8,14
1,<environment.Job instance at 0x7f3dce8b07d0>,9,18,[5 3],15,40,58,25,40
1,<environment.Job instance at 0x7f3dce9a0af0>,18,3,[4 8],29,58,61,29,50
1,<environment.Job instance at 0x7f3dcee74280>,30,13,[3 9],50,61,74,11,50
1,<environment.Job instance at 0x7f3dce7a5dc0>,35,17,[9 1],59,74,91,15,62
1,<environment.Job instance at 0x7f3dce7a5730>,38,1,[5 9],64,91,92,27,66
1,<environment.Job instance at 0x7f3dce7a51e0>,39,3,[5 5],66,92,95,26,66
1,<environment.Job instance at 0x7f3dce7a5f00>,41,3,[7 5],69,95,98,26,69
1,<environment.Job instance at 0x7f3dce7a5050>,42,13,[3 5],72,92,105,20,76
1,<environment.Job instance at 0x7f3dcf160cd0>,46,18,[6 1],78,98,116,20,87
1,<environment.Job instance at 0x7f3dcec6a2d0>,1,1,[ 4 10],4,4,5,0,4
1,<environment.Job instance at 0x7f3e128e9dc0>,9,1,[1 9],15,21,22,6,21
1,<environment.Job instance at 0x7f3e128e9aa0>,10,21,[5 5],16,25,46,9,25
1,<environment.Job instance at 0x7f3e14f30280>,16,12,[ 1 10],24,46,58,22,29
1,<environment.Job instance at 0x7f3e14f21eb0>,6,16,[5 4],12,30,46,18,30
1,<environment.Job instance at 0x7f3e14f30730>,20,1,[5 5],28,58,59,30,34
1,<environment.Job instance at 0x7f3e14f305f0>,21,15,[6 2],29,59,74,30,45
1,<environment.Job instance at 0x7f3e14f464b0>,14,16,[4 8],22,59,75,37,50
1,<environment.Job instance at 0x7f3dcea225f0>,30,18,[6 4],42,75,93,33,64
1,<environment.Job instance at 0x7f3dce8e7a00>,36,17,[3 6],54,83,100,29,83
1,<environment.Job instance at 0x7f3e14f21d70>,8,14,[4 9],14,100,114,86,87
1,<environment.Job instance at 0x7f3e1286f320>,0,13,[4 6],1,1,14,0,1
1,<environment.Job instance at 0x7f3e128d7be0>,1,25,[8 1],3,15,40,12,15
1,<environment.Job instance at 0x7f3dce83b640>,10,16,[2 9],15,22,38,7,22
1,<environment.Job instance at 0x7f3dce943cd0>,20,17,[6 2],28,40,57,12,38
1,<environment.Job instance at 0x7f3e12734320>,22,13,[5 6],30,57,70,27,57
1,<environment.Job instance at 0x7f3dceec7dc0>,23,14,[1 8],32,70,84,38,57
1,<environment.Job instance at 0x7f3dcec07b40>,1,2,[1 9],2,2,4,0,2
1,<environment.Job instance at 0x7f3dce7b0af0>,4,3,[ 3 10],7,7,10,0,7
1,<environment.Job instance at 0x7f3dce7b0550>,5,26,[9 2],8,10,36,2,10
1,<environment.Job instance at 0x7f3dced4f550>,17,1,[5 5],20,36,37,16,20
1,<environment.Job instance at 0x7f3dcea24a00>,19,16,[9 2],22,37,53,15,24
1,<environment.Job instance at 0x7f3dce8bc140>,25,12,[1 9],28,53,65,25,42
1,<environment.Job instance at 0x7f3e12b1cdc0>,27,2,[2 5],30,65,67,35,46
1,<environment.Job instance at 0x7f3e15453eb0>,30,3,[ 1 10],33,67,70,34,53
1,<environment.Job instance at 0x7f3e1270c190>,28,16,[4 9],31,70,86,39,61
1,<environment.Job instance at 0x7f3dceaedf00>,15,18,[3 5],18,86,104,68,77
1,<environment.Job instance at 0x7f3e150d2820>,2,18,[10  2],3,3,21,0,3
1,<environment.Job instance at 0x7f3e150d2b90>,10,15,[1 8],13,21,36,8,13
1,<environment.Job instance at 0x7f3e150d2e10>,13,18,[ 3 10],17,36,54,19,25
1,<environment.Job instance at 0x7f3dceee25a0>,21,13,[ 5 10],30,54,67,24,38
1,<environment.Job instance at 0x7f3dceee20a0>,29,2,[5 5],42,67,69,25,55
1,<environment.Job instance at 0x7f3dce9f6370>,31,1,[9 5],46,69,70,23,55
1,<environment.Job instance at 0x7f3dce9f6c80>,33,1,[5 8],48,70,71,22,68
1,<environment.Job instance at 0x7f3dce9f62d0>,35,1,[5 4],50,68,69,18,68
1,<environment.Job instance at 0x7f3dce9f6780>,36,13,[6 3],53,71,84,18,68
1,<environment.Job instance at 0x7f3dce9f6e10>,37,18,[2 8],54,84,102,30,73
1,<environment.Job instance at 0x7f3dce9f6190>,41,1,[4 7],62,102,103,40,87
1,<environment.Job instance at 0x7f91213830a0>,2,12,[5 4],3,3,15,0,3
1,<environment.Job instance at 0x7f9119f73410>,5,18,[7 5],7,15,33,8,7
1,<environment.Job instance at 0x7f9119f73960>,11,3,[6 3],15,33,36,18,15
1,<environment.Job instance at 0x7f9119f73690>,9,17,[1 7],12,33,50,21,21
1,<environment.Job instance at 0x7f9119f77230>,20,22,[8 2],26,47,69,21,47
1,<environment.Job instance at 0x7f9119f73aa0>,12,13,[1 8],16,58,71,42,58
1,<environment.Job instance at 0x7f9119f774b0>,24,1,[6 1],32,69,70,37,61
1,<environment.Job instance at 0x7f9119f77550>,25,3,[9 3],34,71,74,37,61
1,<environment.Job instance at 0x7f9119f77690>,26,3,[4 6],35,74,77,39,61
1,<environment.Job instance at 0x7f9119f773c0>,23,20,[ 5 10],30,77,97,47,68
1,<environment.Job instance at 0x7f9119f78050>,38,18,[5 8],50,97,115,47,86
1,<environment.Job instance at 0x7f9119f78280>,1,13,[2 7],5,5,18,0,5
1,<environment.Job instance at 0x7f91214ec640>,13,2,[4 9],20,30,32,10,30
1,<environment.Job instance at 0x7f91214ea9b0>,16,16,[ 5 10],25,33,49,8,33
1,<environment.Job instance at 0x7f91214f28c0>,21,13,[7 3],33,49,62,16,49
1,<environment.Job instance at 0x7f91214f9a50>,23,3,[2 9],35,64,67,29,64
1,<environment.Job instance at 0x7f91214f9f50>,24,13,[6 5],39,67,80,28,64
1,<environment.Job instance at 0x7f91214eaf50>,17,17,[5 2],26,80,97,54,74
1,<environment.Job instance at 0x7f91214f9c80>,29,18,[5 3],47,92,110,45,92
1,<environment.Job instance at 0x7f91214f0f00>,30,20,[5 7],48,97,117,49,92
1,<environment.Job instance at 0x7f90d6525c80>,0,18,[3 6],2,2,20,0,2
1,<environment.Job instance at 0x7f90d62252d0>,12,13,[3 7],20,21,34,1,21
1,<environment.Job instance at 0x7f90d62250f0>,10,15,[8 5],18,34,49,16,23
1,<environment.Job instance at 0x7f90d6225910>,16,2,[10  3],25,49,51,24,45
1,<environment.Job instance at 0x7f90d62256e0>,11,16,[3 6],19,51,67,32,48
1,<environment.Job instance at 0x7f90d6225320>,20,3,[2 8],29,67,70,38,52
1,<environment.Job instance at 0x7f90d6225d20>,21,18,[1 6],32,70,88,38,62
1,<environment.Job instance at 0x7f90d6225fa0>,15,13,[4 5],23,88,101,65,73
1,<environment.Job instance at 0x7f90d6225e60>,23,14,[5 3],34,76,90,42,76
1,<environment.Job instance at 0x7f90d62b3b90>,31,15,[ 1 10],49,101,116,52,91
1,<environment.Job instance at 0x7f90d626ac30>,2,2,[5 6],4,4,6,0,4
1,<environment.Job instance at 0x7f90d6283be0>,3,3,[5 3],6,6,9,0,6
1,<environment.Job instance at 0x7f90d634deb0>,4,18,[10  3],7,9,27,2,7
1,<environment.Job instance at 0x7f90d61c9410>,13,12,[2 6],20,27,39,7,26
1,<environment.Job instance at 0x7f90d61c9320>,16,18,[3 8],24,39,57,15,28
1,<environment.Job instance at 0x7f90d67053c0>,24,18,[ 2 10],38,57,75,19,46
1,<environment.Job instance at 0x7f90d66c39b0>,30,17,[1 9],47,75,92,28,66
1,<environment.Job instance at 0x7f90d662e2d0>,40,24,[10  3],59,92,116,33,87
1,<environment.Job instance at 0x7f90d6262b40>,0,15,[7 4],1,1,16,0,1
1,<environment.Job instance at 0x7f90d692a460>,10,1,[4 8],13,20,21,7,20
1,<environment.Job instance at 0x7f90d692aa50>,14,16,[8 2],18,27,43,9,27
1,<environment.Job instance at 0x7f90d692a960>,15,2,[8 2],20,43,45,23,27
1,<environment.Job instance at 0x7f90d692ac80>,17,3,[5 1],22,45,48,23,29
1,<environment.Job instance at 0x7f90d692ad20>,18,17,[4 8],23,45,62,22,33
1,<environment.Job instance at 0x7f90d692af00>,21,2,[9 3],26,62,64,36,54
1,<environment.Job instance at 0x7f90d692afa0>,22,15,[7 4],27,64,79,37,59
1,<environment.Job instance at 0x7f90d692a190>,7,14,[8 3],9,79,93,70,69
1,<environment.Job instance at 0x7f90d6921a50>,32,12,[7 1],43,93,105,50,76
1,<environment.Job instance at 0x7f90d6921460>,24,20,[2 6],30,76,96,46,76
1,<environment.Job instance at 0x7f90d6921dc0>,37,14,[5 9],50,105,119,55,92
1,<environment.Job instance at 0x7f90d6936820>,2,18,[2 9],7,7,25,0,7
1,<environment.Job instance at 0x7f90d6610410>,8,3,[3 5],14,25,28,11,14
1,<environment.Job instance at 0x7f90d6610460>,9,1,[10  3],15,28,29,13,15
1,<environment.Job instance at 0x7f90d66100a0>,10,14,[6 1],16,29,43,13,16
1,<environment.Job instance at 0x7f9119d52dc0>,21,2,[5 9],31,43,45,12,34
1,<environment.Job instance at 0x7f90d6924410>,1,16,[4 9],3,45,61,42,40
1,<environment.Job instance at 0x7f9119d52f50>,24,14,[5 1],35,44,58,9,44
1,<environment.Job instance at 0x7f9119d52960>,26,12,[7 5],38,61,73,23,47
1,<environment.Job instance at 0x7f911cc4b550>,33,18,[7 5],47,73,91,26,62
1,<environment.Job instance at 0x7f911c5b6f50>,37,13,[3 9],53,91,104,38,76
1,<environment.Job instance at 0x7f911c5b6820>,38,12,[2 7],55,104,116,49,91
1,<environment.Job instance at 0x7f90d651f370>,0,19,[5 3],1,1,20,0,1
1,<environment.Job instance at 0x7f911a11ea50>,9,16,[2 9],14,20,36,6,17
1,<environment.Job instance at 0x7f90d683daf0>,14,15,[ 5 10],19,36,51,17,24
1,<environment.Job instance at 0x7f911a0f2140>,17,14,[2 9],24,51,65,27,36
1,<environment.Job instance at 0x7f9119d4d960>,28,14,[5 1],39,51,65,12,51
1,<environment.Job instance at 0x7f911a1d59b0>,29,14,[1 9],40,65,79,25,51
1,<environment.Job instance at 0x7f90d683a190>,37,12,[8 4],55,79,91,24,66
1,<environment.Job instance at 0x7f90d6808550>,46,12,[ 2 10],70,91,103,21,83
1,<environment.Job instance at 0x7f90d6808fa0>,47,15,[9 2],71,103,118,32,92
1,<environment.Job instance at 0x7f90d6808d20>,4,3,[ 3 10],7,7,10,0,7
1,<environment.Job instance at 0x7f90d688acd0>,14,24,[8 5],18,19,43,1,19
1,<environment.Job instance at 0x7f90d688a780>,9,14,[2 7],12,43,57,31,33
1,<environment.Job instance at 0x7f90d6895190>,17,12,[8 4],21,57,69,36,47
1,<environment.Job instance at 0x7f90d6895910>,28,16,[2 6],33,61,77,28,61
1,<environment.Job instance at 0x7f90d68b2140>,35,14,[7 5],42,77,91,35,67
1,<environment.Job instance at 0x7f90d68b2be0>,1,2,[ 4 10],2,2,4,0,2
1,<environment.Job instance at 0x7f911a1b10a0>,2,3,[9 2],3,4,7,1,3
1,<environment.Job instance at 0x7f911c4fa3c0>,3,1,[1 5],4,4,5,0,4
1,<environment.Job instance at 0x7f91214fe320>,5,1,[6 5],7,7,8,0,7
1,<environment.Job instance at 0x7f911c530eb0>,6,15,[5 3],8,8,23,0,8
1,<environment.Job instance at 0x7f91214fee10>,8,15,[5 2],11,11,26,0,11
1,<environment.Job instance at 0x7f911c530690>,11,2,[6 4],14,26,28,12,14
1,<environment.Job instance at 0x7f90d62b3d70>,14,14,[4 8],17,28,42,11,20
1,<environment.Job instance at 0x7f911c9889b0>,23,2,[9 4],27,42,44,15,30
1,<environment.Job instance at 0x7f911c66ea50>,26,2,[ 4 10],31,44,46,13,31
1,<environment.Job instance at 0x7f911c765e60>,27,2,[5 5],32,46,48,14,32
1,<environment.Job instance at 0x7f911c530460>,9,18,[2 9],12,48,66,36,38
1,<environment.Job instance at 0x7f9119d505a0>,36,18,[5 9],45,66,84,21,55
1,<environment.Job instance at 0x7f9119f77370>,34,18,[8 3],43,84,102,41,76
1,<environment.Job instance at 0x7f911c99d780>,29,22,[9 1],38,102,124,64,95
1,<environment.Job instance at 0x7f911cc45690>,49,21,[1 9],63,102,123,39,98
1,<environment.Job instance at 0x7f911a29c280>,0,16,[7 5],1,1,17,0,1
1,<environment.Job instance at 0x7f911a0225a0>,11,16,[3 6],17,17,33,0,17
1,<environment.Job instance at 0x7f9119ef79b0>,14,2,[2 7],20,33,35,13,28
1,<environment.Job instance at 0x7f9119ef7f50>,18,17,[5 1],24,41,58,17,41
1,<environment.Job instance at 0x7f9119decb90>,23,12,[4 6],29,41,53,12,41
1,<environment.Job instance at 0x7f911c872dc0>,19,15,[ 1 10],25,58,73,33,44
1,<environment.Job instance at 0x7f90d67df050>,38,13,[9 4],46,73,86,27,61
1,<environment.Job instance at 0x7f90d67df550>,1,16,[6 2],3,3,19,0,3
1,<environment.Job instance at 0x7f90d65b6640>,8,2,[1 6],17,17,19,0,17
1,<environment.Job instance at 0x7f90d65b67d0>,9,14,[4 6],18,19,33,1,18
1,<environment.Job instance at 0x7f90d65b68c0>,12,3,[2 6],21,33,36,12,21
1,<environment.Job instance at 0x7f90d65b6d70>,13,18,[9 1],23,36,54,13,28
1,<environment.Job instance at 0x7f90d658a140>,18,18,[1 5],30,36,54,6,30
1,<environment.Job instance at 0x7f90d658a910>,25,12,[10  1],40,54,66,14,54
1,<environment.Job instance at 0x7f90d658ab40>,26,22,[9 1],41,66,88,25,59
1,<environment.Job instance at 0x7f90d65ac460>,38,28,[6 4],58,90,118,32,90
1,<environment.Job instance at 0x7f90d65b6370>,7,27,[1 5],15,98,125,83,98
1,<environment.Job instance at 0x7f90d65b6230>,0,14,[10  3],1,1,15,0,1
1,<environment.Job instance at 0x7f90d67f2410>,14,14,[9 2],21,21,35,0,21
1,<environment.Job instance at 0x7f90d67f2820>,20,17,[7 2],28,35,52,7,35
1,<environment.Job instance at 0x7f90d67d88c0>,24,26,[4 5],33,53,79,20,53
1,<environment.Job instance at 0x7f91214fd550>,13,1,[7 2],18,79,80,61,59
1,<environment.Job instance at 0x7f90d67d8500>,27,13,[4 6],36,80,93,44,64
1,<environment.Job instance at 0x7f90d67d8730>,32,3,[5 7],42,93,96,51,67
1,<environment.Job instance at 0x7f90d658a8c0>,0,12,[3 7],4,4,16,0,4
1,<environment.Job instance at 0x7f90d6874730>,3,22,[10  4],7,22,44,15,22
1,<environment.Job instance at 0x7f90d6624e60>,27,1,[1 7],40,44,45,4,41
1,<environment.Job instance at 0x7f90d66248c0>,25,15,[ 2 10],37,45,60,8,41
1,<environment.Job instance at 0x7f911c664910>,33,17,[7 5],48,62,79,14,62
1,<environment.Job instance at 0x7f90d6624f50>,24,12,[3 7],36,79,91,43,67
1,<environment.Job instance at 0x7f911c664960>,38,17,[1 9],57,91,108,34,79
1,<environment.Job instance at 0x7f9119d38870>,44,12,[8 3],65,108,120,43,94
1,<environment.Job instance at 0x7f911cb2c0a0>,4,15,[2 5],9,9,24,0,9
1,<environment.Job instance at 0x7f911a4a1320>,6,16,[2 5],12,12,28,0,12
1,<environment.Job instance at 0x7f911a479870>,14,18,[3 9],21,28,46,7,21
1,<environment.Job instance at 0x7f911a49c280>,20,17,[3 5],27,46,63,19,38
1,<environment.Job instance at 0x7f911a49c230>,21,1,[2 7],29,63,64,34,41
1,<environment.Job instance at 0x7f90d5fb8a00>,30,15,[5 2],39,46,61,7,41
1,<environment.Job instance at 0x7f911a4a1c80>,11,15,[5 8],17,64,79,47,52
1,<environment.Job instance at 0x7f911a47dfa0>,19,13,[7 3],26,79,92,53,64
1,<environment.Job instance at 0x7f911a0897d0>,39,1,[9 5],53,92,93,39,76
1,<environment.Job instance at 0x7f90d68efaf0>,44,16,[9 4],60,93,109,33,80
1,<environment.Job instance at 0x7f90d60e41e0>,4,17,[9 1],9,9,26,0,9
1,<environment.Job instance at 0x7f90d629c0a0>,6,14,[3 5],12,26,40,14,17
1,<environment.Job instance at 0x7f90d6693050>,15,18,[6 1],28,29,47,1,29
1,<environment.Job instance at 0x7f90d68328c0>,14,12,[5 5],27,47,59,20,31
1,<environment.Job instance at 0x7f911ca65f00>,27,14,[10  2],50,63,77,13,63
1,<environment.Job instance at 0x7f911c7718c0>,28,16,[5 4],52,77,93,25,64
1,<environment.Job instance at 0x7f911c771140>,32,21,[5 5],56,77,98,21,76
1,<environment.Job instance at 0x7f90d66ece10>,38,12,[ 1 10],64,98,110,34,89
1,<environment.Job instance at 0x7f9119d31410>,0,16,[7 4],2,2,18,0,2
1,<environment.Job instance at 0x7f90d66ec370>,4,17,[2 5],6,7,24,1,7
1,<environment.Job instance at 0x7f90d5f4d870>,9,15,[1 8],13,24,39,11,19
1,<environment.Job instance at 0x7f90d5f4de60>,10,12,[3 5],14,39,51,25,24
1,<environment.Job instance at 0x7f90d6506190>,22,13,[4 6],31,51,64,20,36
1,<environment.Job instance at 0x7f90d6506d70>,25,13,[2 6],35,64,77,29,59
1,<environment.Job instance at 0x7f90d5f75370>,29,16,[8 4],42,64,80,22,60
1,<environment.Job instance at 0x7f90d5f75dc0>,32,16,[2 9],45,80,96,35,67
1,<environment.Job instance at 0x7f9119f12870>,0,1,[3 7],1,1,2,0,1
1,<environment.Job instance at 0x7f90d5f75190>,1,17,[3 5],2,2,19,0,2
1,<environment.Job instance at 0x7f90d61b9370>,6,16,[7 3],9,9,25,0,9
1,<environment.Job instance at 0x7f90d61b0cd0>,10,13,[8 2],13,25,38,12,13
1,<environment.Job instance at 0x7f90d61b3d20>,4,13,[8 4],7,38,51,31,24
1,<environment.Job instance at 0x7f90d61ae050>,30,2,[3 7],35,51,53,16,47
1,<environment.Job instance at 0x7f9119ce8d20>,29,17,[3 9],34,53,70,19,48
1,<environment.Job instance at 0x7f90d629bc80>,34,14,[ 4 10],39,70,84,31,55
1,<environment.Job instance at 0x7f90d612caf0>,36,14,[5 7],41,84,98,43,71
1,<environment.Job instance at 0x7f9119cfc230>,47,18,[5 5],52,98,116,46,91
1,<environment.Job instance at 0x7f90d6535870>,4,18,[10  2],13,13,31,0,13
1,<environment.Job instance at 0x7f911cc25230>,7,15,[5 5],16,31,46,15,17
1,<environment.Job instance at 0x7f911cc25140>,13,16,[5 5],24,31,47,7,31
1,<environment.Job instance at 0x7f911c87ae10>,16,14,[7 5],28,47,61,19,34
1,<environment.Job instance at 0x7f9119da1be0>,21,2,[5 2],36,61,63,25,45
1,<environment.Job instance at 0x7f911a374aa0>,22,2,[6 3],39,63,65,24,45
1,<environment.Job instance at 0x7f911c9807d0>,23,13,[ 5 10],40,65,78,25,49
1,<environment.Job instance at 0x7f911ca65a00>,24,18,[6 2],42,78,96,36,67
1,<environment.Job instance at 0x7f91213a7550>,36,18,[6 5],59,96,114,37,85
1,<environment.Job instance at 0x7f911cb2c190>,2,18,[8 2],4,4,22,0,4
1,<environment.Job instance at 0x7f90d63377d0>,6,12,[6 5],10,22,34,12,16
1,<environment.Job instance at 0x7f911c6e5410>,14,15,[8 3],23,34,49,11,23
1,<environment.Job instance at 0x7f911a2d1320>,21,14,[1 5],32,39,53,7,39
1,<environment.Job instance at 0x7f9119f93050>,22,13,[5 8],33,53,66,20,39
1,<environment.Job instance at 0x7f90d6565410>,23,17,[2 7],34,66,83,32,54
1,<environment.Job instance at 0x7f90d63b2500>,34,2,[3 7],55,83,85,28,69
1,<environment.Job instance at 0x7f90d63b2e10>,35,14,[4 6],57,85,99,28,70
1,<environment.Job instance at 0x7f90d61f8550>,25,12,[10  4],37,99,111,62,87
1,<environment.Job instance at 0x7f911ca936e0>,1,18,[ 3 10],11,12,30,1,12
1,<environment.Job instance at 0x7f911a227690>,11,15,[1 7],23,30,45,7,24
1,<environment.Job instance at 0x7f911a227a00>,18,18,[8 5],31,65,83,34,65
1,<environment.Job instance at 0x7f9119facf50>,32,2,[10  2],52,83,85,31,65
1,<environment.Job instance at 0x7f911c6c8a50>,37,16,[6 4],61,88,104,27,88
1,<environment.Job instance at 0x7f9119fac4b0>,28,20,[1 5],48,91,111,43,91
1,<environment.Job instance at 0x7f911c6c8190>,45,16,[10  1],71,111,127,40,99
1,<environment.Job instance at 0x7f4cdca610a0>,2,12,[5 4],3,3,15,0,3
1,<environment.Job instance at 0x7f4cd5651410>,6,19,[1 7],8,15,34,7,9
1,<environment.Job instance at 0x7f4cd5651500>,11,3,[6 3],15,17,20,2,17
1,<environment.Job instance at 0x7f4cd56519b0>,12,13,[1 8],16,34,47,18,19
1,<environment.Job instance at 0x7f4cd5651be0>,14,2,[2 7],19,47,49,28,20
1,<environment.Job instance at 0x7f4cd5651d70>,15,1,[7 3],21,21,22,0,21
1,<environment.Job instance at 0x7f4cd5651aa0>,17,1,[5 3],23,23,24,0,23
1,<environment.Job instance at 0x7f4cd5655050>,18,16,[4 9],24,49,65,25,36
1,<environment.Job instance at 0x7f4cd5655230>,21,3,[4 6],27,65,68,38,40
1,<environment.Job instance at 0x7f4cd56515f0>,8,17,[10  5],11,68,85,57,57
1,<environment.Job instance at 0x7f4cd5655a00>,31,16,[9 3],41,85,101,44,72
1,<environment.Job instance at 0x7f4cd5655780>,30,14,[8 3],40,101,115,61,87
1,<environment.Job instance at 0x7f4cd56582d0>,39,1,[1 8],51,115,116,64,87
1,<environment.Job instance at 0x7f4cdcbcefa0>,11,13,[2 8],17,24,37,7,24
1,<environment.Job instance at 0x7f4cdcbd7b40>,7,3,[5 1],11,30,33,19,30
1,<environment.Job instance at 0x7f4cdcbce320>,14,13,[7 3],23,37,50,14,31
1,<environment.Job instance at 0x7f4cdcbd5780>,16,3,[2 9],25,50,53,25,47
1,<environment.Job instance at 0x7f4cdcbd5190>,17,13,[6 5],29,53,66,24,47
1,<environment.Job instance at 0x7f4cdcbd5b90>,18,15,[9 4],30,66,81,36,52
1,<environment.Job instance at 0x7f4cdcbd2370>,22,18,[5 3],37,81,99,44,70
1,<environment.Job instance at 0x7f4cdcbd2d70>,23,20,[5 7],38,81,101,43,72
1,<environment.Job instance at 0x7f4cdca89cd0>,30,2,[1 7],48,101,103,53,86
1,<environment.Job instance at 0x7f4cdca885a0>,31,13,[9 5],49,103,116,54,89
1,<environment.Job instance at 0x7f4cdca88f50>,40,16,[7 1],62,116,132,54,103
1,<environment.Job instance at 0x7f4c91a04320>,2,13,[4 5],3,3,16,0,3
1,<environment.Job instance at 0x7f4c91a04f00>,8,18,[1 6],12,16,34,4,13
1,<environment.Job instance at 0x7f4c91a4cb40>,17,2,[4 8],28,34,36,6,29
1,<environment.Job instance at 0x7f4c91a4c1e0>,22,12,[5 7],33,36,48,3,33
1,<environment.Job instance at 0x7f4c91a04e60>,10,14,[5 3],14,36,50,22,34
1,<environment.Job instance at 0x7f4c91a04140>,9,18,[10  1],13,50,68,37,39
1,<environment.Job instance at 0x7f4c919fddc0>,27,1,[9 1],46,68,69,22,47
1,<environment.Job instance at 0x7f4c919fd0f0>,31,20,[2 7],50,69,89,19,61
1,<environment.Job instance at 0x7f4c919fde10>,36,2,[3 8],55,89,91,34,64
1,<environment.Job instance at 0x7f4c919fd230>,38,14,[9 2],57,91,105,34,76
1,<environment.Job instance at 0x7f4c91a44a00>,45,13,[5 2],66,105,118,39,89
1,<environment.Job instance at 0x7f4c91a44410>,47,14,[10  5],70,118,132,48,106
1,<environment.Job instance at 0x7f4c91a2b370>,0,1,[2 8],1,1,2,0,1
1,<environment.Job instance at 0x7f4c91a44960>,1,12,[5 9],2,2,14,0,2
1,<environment.Job instance at 0x7f4c91a2bcd0>,5,16,[10  4],9,14,30,5,9
1,<environment.Job instance at 0x7f4c91db9910>,15,12,[1 8],22,30,42,8,22
1,<environment.Job instance at 0x7f4c91d038c0>,21,26,[7 2],31,39,65,8,39
1,<environment.Job instance at 0x7f4c919fd4b0>,10,17,[1 9],17,65,82,48,55
1,<environment.Job instance at 0x7f4c91ad2410>,30,15,[1 5],41,82,97,41,72
1,<environment.Job instance at 0x7f4c91ad2b40>,33,13,[6 5],46,88,101,42,88
1,<environment.Job instance at 0x7f4c91ad29b0>,34,14,[3 6],47,101,115,54,89
1,<environment.Job instance at 0x7f4c91a26140>,39,16,[7 2],54,101,117,47,101
1,<environment.Job instance at 0x7f4c91a26dc0>,42,14,[5 7],57,117,131,60,104
1,<environment.Job instance at 0x7f4c91d114b0>,29,18,[5 1],40,117,135,77,109
1,<environment.Job instance at 0x7f4c91ad23c0>,1,2,[5 2],4,4,6,0,4
1,<environment.Job instance at 0x7f4c919a0f00>,3,14,[ 1 10],7,7,21,0,7
1,<environment.Job instance at 0x7f4c91d4be60>,10,16,[5 7],17,21,37,4,17
1,<environment.Job instance at 0x7f4c91d493c0>,12,14,[ 3 10],24,37,51,13,25
1,<environment.Job instance at 0x7f4c91d411e0>,27,14,[4 9],43,51,65,8,43
1,<environment.Job instance at 0x7f4c91d41780>,31,16,[4 9],48,65,81,17,52
1,<environment.Job instance at 0x7f4c91d49870>,18,18,[4 7],31,81,99,50,71
1,<environment.Job instance at 0x7f4c91d41eb0>,38,24,[3 6],59,99,123,40,95
1,<environment.Job instance at 0x7f4c918593c0>,0,26,[5 3],2,3,29,1,3
1,<environment.Job instance at 0x7f4cd8182460>,12,13,[8 4],16,29,42,13,16
1,<environment.Job instance at 0x7f4cd81826e0>,16,14,[8 2],21,42,56,21,27
1,<environment.Job instance at 0x7f4cd81825a0>,19,18,[2 6],25,30,48,5,30
1,<environment.Job instance at 0x7f4cd8182fa0>,11,16,[10  5],15,59,75,44,59
1,<environment.Job instance at 0x7f4c91a838c0>,33,17,[5 9],46,75,92,29,63
1,<environment.Job instance at 0x7f4c91a83b90>,34,13,[ 1 10],49,92,105,43,76
1,<environment.Job instance at 0x7f4cd7bab500>,47,14,[3 6],66,105,119,39,94
1,<environment.Job instance at 0x7f4cd7bab730>,44,12,[3 9],63,119,131,56,105
1,<environment.Job instance at 0x7f4c9195b5f0>,0,3,[4 7],1,1,4,0,1
1,<environment.Job instance at 0x7f4c919fdeb0>,3,17,[6 1],7,7,24,0,7
1,<environment.Job instance at 0x7f4c91de33c0>,10,14,[3 8],17,17,31,0,17
1,<environment.Job instance at 0x7f4c91de3d70>,8,14,[7 5],15,31,45,16,18
1,<environment.Job instance at 0x7f4cd7f60500>,23,20,[9 1],35,45,65,10,41
1,<environment.Job instance at 0x7f4cd7e351e0>,20,12,[ 5 10],30,65,77,35,49
1,<environment.Job instance at 0x7f4cd7cdf550>,37,14,[2 7],52,77,91,25,64
1,<environment.Job instance at 0x7f4c91de3c30>,9,23,[10  4],16,91,114,75,86
1,<environment.Job instance at 0x7f4c91b8f690>,50,3,[1 6],67,114,117,47,105
1,<environment.Job instance at 0x7f4cd54f2fa0>,2,14,[9 2],6,14,28,8,14
1,<environment.Job instance at 0x7f4cd58a0be0>,4,3,[8 2],10,28,31,18,14
1,<environment.Job instance at 0x7f4cd54de4b0>,9,12,[5 5],16,31,43,15,16
1,<environment.Job instance at 0x7f4cd54de820>,12,3,[8 1],21,43,46,22,21
1,<environment.Job instance at 0x7f4cd58a07d0>,7,20,[ 4 10],14,46,66,32,39
1,<environment.Job instance at 0x7f4cd54dedc0>,21,2,[ 4 10],32,67,69,35,67
1,<environment.Job instance at 0x7f4cd54de460>,8,15,[4 9],15,69,84,54,67
1,<environment.Job instance at 0x7f4cd54c72d0>,27,15,[2 8],39,84,99,45,71
1,<environment.Job instance at 0x7f4cd54c75a0>,28,15,[5 2],41,84,99,43,72
1,<environment.Job instance at 0x7f4cd58a0230>,3,17,[2 8],8,99,116,91,87
1,<environment.Job instance at 0x7f4cd54c7fa0>,42,12,[5 5],56,116,128,60,102
1,<environment.Job instance at 0x7f4cd54c7e10>,1,3,[10  3],3,3,6,0,3
1,<environment.Job instance at 0x7f4cd54c7eb0>,2,13,[ 5 10],5,6,19,1,5
1,<environment.Job instance at 0x7f4c9189e280>,5,15,[8 1],8,19,34,11,11
1,<environment.Job instance at 0x7f4c91aefc80>,16,16,[7 5],21,34,50,13,21
1,<environment.Job instance at 0x7f4c91feb7d0>,24,14,[5 7],33,50,64,17,38
1,<environment.Job instance at 0x7f4cd7c47fa0>,35,15,[ 1 10],45,64,79,19,51
1,<environment.Job instance at 0x7f4cd563a730>,8,18,[ 5 10],11,79,97,68,71
1,<environment.Job instance at 0x7f4cd7cd4410>,27,16,[3 6],37,97,113,60,95
1,<environment.Job instance at 0x7f4cd574caa0>,39,12,[4 6],49,113,125,64,96
1,<environment.Job instance at 0x7f4c91e05af0>,44,16,[5 4],55,97,113,42,97
1,<environment.Job instance at 0x7f4c91e053c0>,46,15,[6 2],57,113,128,56,106
1,<environment.Job instance at 0x7f4c91c735a0>,8,23,[9 5],16,16,39,0,16
1,<environment.Job instance at 0x7f4cd802f5a0>,14,14,[4 6],28,39,53,11,28
1,<environment.Job instance at 0x7f4c91e34190>,31,22,[9 1],51,75,97,24,75
1,<environment.Job instance at 0x7f4cd5440460>,32,2,[7 4],52,97,99,45,75
1,<environment.Job instance at 0x7f4cd5440dc0>,33,13,[1 7],54,75,88,21,75
1,<environment.Job instance at 0x7f4cd5440b90>,36,13,[8 5],58,99,112,41,85
1,<environment.Job instance at 0x7f4c91be2f00>,45,25,[1 5],71,100,125,29,100
1,<environment.Job instance at 0x7f4c91be2370>,1,17,[8 3],2,2,19,0,2
1,<environment.Job instance at 0x7f4c91be2500>,2,16,[2 5],3,3,19,0,3
1,<environment.Job instance at 0x7f4c91b652d0>,10,14,[9 2],14,38,52,24,38
1,<environment.Job instance at 0x7f4c91d6cc30>,22,18,[6 1],31,52,70,21,43
1,<environment.Job instance at 0x7f4c91d6c230>,23,3,[6 3],32,70,73,38,44
1,<environment.Job instance at 0x7f4c91d6c410>,24,26,[4 5],33,52,78,19,51
1,<environment.Job instance at 0x7f4c91d6c5f0>,28,15,[9 4],37,78,93,41,64
1,<environment.Job instance at 0x7f4c91f2c5a0>,14,14,[9 2],21,93,107,72,78
1,<environment.Job instance at 0x7f4c91d74a00>,39,17,[5 7],53,107,124,54,95
1,<environment.Job instance at 0x7f4cd59500f0>,0,23,[6 3],1,1,24,0,1
1,<environment.Job instance at 0x7f4cd7c96410>,15,25,[2 5],23,24,49,1,24
1,<environment.Job instance at 0x7f4cd7c96190>,19,15,[ 2 10],27,49,64,22,42
1,<environment.Job instance at 0x7f4cd7c96460>,21,1,[1 7],30,64,65,34,46
1,<environment.Job instance at 0x7f4cd5a535a0>,32,17,[1 9],47,65,82,18,53
1,<environment.Job instance at 0x7f4cd5a53b40>,30,18,[4 8],44,83,101,39,83
1,<environment.Job instance at 0x7f4cd5a531e0>,29,12,[9 1],40,101,113,61,87
1,<environment.Job instance at 0x7f4cd552bfa0>,43,16,[1 7],62,101,117,39,94
1,<environment.Job instance at 0x7f4cd54fab90>,1,1,[7 4],2,2,3,0,2
1,<environment.Job instance at 0x7f4cd54faeb0>,2,1,[7 5],3,3,4,0,3
1,<environment.Job instance at 0x7f4cd54facd0>,3,1,[3 8],4,4,5,0,4
1,<environment.Job instance at 0x7f4c917990a0>,4,18,[1 5],5,5,23,0,5
1,<environment.Job instance at 0x7f4cd54fa0f0>,5,13,[7 3],6,6,19,0,6
1,<environment.Job instance at 0x7f4cd59e01e0>,9,15,[5 2],11,19,34,8,11
1,<environment.Job instance at 0x7f4c91d170a0>,17,16,[1 9],21,34,50,13,23
1,<environment.Job instance at 0x7f4c91724320>,20,17,[9 1],24,34,51,10,34
1,<environment.Job instance at 0x7f4c91d17690>,16,15,[5 2],19,51,66,32,43
1,<environment.Job instance at 0x7f4c916c8730>,23,17,[2 5],28,51,68,23,48
1,<environment.Job instance at 0x7f4cd7d8dc80>,31,12,[10  1],41,68,80,27,55
1,<environment.Job instance at 0x7f4cd7e05050>,34,18,[5 3],45,80,98,35,75
1,<environment.Job instance at 0x7f4c91f94c80>,46,12,[4 6],66,81,93,15,81
1,<environment.Job instance at 0x7f4cd7e05b40>,40,13,[6 2],54,98,111,44,84
1,<environment.Job instance at 0x7f4c91901aa0>,12,17,[ 2 10],14,111,128,97,105
1,<environment.Job instance at 0x7f4cd7f4b1e0>,13,14,[4 9],24,28,42,4,28
1,<environment.Job instance at 0x7f4cdca88af0>,14,1,[1 9],25,42,43,17,36
1,<environment.Job instance at 0x7f4cd57e05a0>,16,1,[10  4],27,43,44,16,41
1,<environment.Job instance at 0x7f4c91fdad20>,17,2,[3 6],28,44,46,16,41
1,<environment.Job instance at 0x7f4cd7c955a0>,19,16,[4 8],32,46,62,14,41
1,<environment.Job instance at 0x7f4c916fd460>,15,21,[5 5],26,62,83,36,55
1,<environment.Job instance at 0x7f4c91c07050>,32,18,[3 8],48,83,101,35,72
1,<environment.Job instance at 0x7f4cd810d410>,38,1,[6 1],56,100,101,44,100
1,<environment.Job instance at 0x7f4cd810d190>,39,18,[5 5],57,101,119,44,100
1,<environment.Job instance at 0x7f4cd7cd6500>,42,3,[ 4 10],66,119,122,53,101
1,<environment.Job instance at 0x7f4cd7cd6370>,1,3,[1 5],3,3,6,0,3
1,<environment.Job instance at 0x7f4c91b19870>,2,23,[6 3],4,4,27,0,4
1,<environment.Job instance at 0x7f4c9188c870>,5,1,[7 4],7,27,28,20,13
1,<environment.Job instance at 0x7f4c9188c500>,6,14,[ 2 10],8,28,42,20,21
1,<environment.Job instance at 0x7f4c91807410>,17,17,[7 3],23,42,59,19,33
1,<environment.Job instance at 0x7f4c91e1aa00>,22,18,[5 1],34,59,77,25,48
1,<environment.Job instance at 0x7f4c91e25d20>,16,14,[1 8],22,59,73,37,51
1,<environment.Job instance at 0x7f4cd58d7f00>,27,13,[1 8],42,73,86,31,58
1,<environment.Job instance at 0x7f4cd58d7500>,28,13,[6 2],43,77,90,34,63
1,<environment.Job instance at 0x7f4cd58d7640>,31,15,[4 5],46,86,101,40,72
1,<environment.Job instance at 0x7f4cd7fb1b40>,37,1,[7 4],60,101,102,41,89
1,<environment.Job instance at 0x7f4cd7fb1190>,38,1,[3 7],61,102,103,41,90
1,<environment.Job instance at 0x7f4cd7fb1b90>,39,17,[3 5],62,103,120,41,91
1,<environment.Job instance at 0x7f4cd58dbd20>,41,12,[4 5],65,104,116,39,104
1,<environment.Job instance at 0x7f4cd58dbe60>,42,13,[8 4],67,120,133,53,104
1,<environment.Job instance at 0x7f4c91d2f1e0>,0,16,[4 9],1,1,17,0,1
1,<environment.Job instance at 0x7f4cd57e51e0>,10,18,[8 5],14,17,35,3,14
1,<environment.Job instance at 0x7f4cd57e5a00>,15,16,[1 8],20,35,51,15,22
1,<environment.Job instance at 0x7f4cd7c1cdc0>,23,15,[5 2],30,37,52,7,37
1,<environment.Job instance at 0x7f4cd7c1cc30>,24,17,[10  4],32,52,69,20,40
1,<environment.Job instance at 0x7f4cd57e5f50>,16,27,[ 3 10],21,69,96,48,68
1,<environment.Job instance at 0x7f4cd58db910>,5,17,[ 5 10],7,96,113,89,86
1,<environment.Job instance at 0x7f4c91d997d0>,45,1,[4 9],64,113,114,49,101
1,<environment.Job instance at 0x7f4cd59d9640>,37,17,[ 4 10],48,114,131,66,102
1,<environment.Job instance at 0x7f4c91d70640>,0,13,[6 3],3,3,16,0,3
1,<environment.Job instance at 0x7f4c919a41e0>,1,18,[2 8],4,16,34,12,5
1,<environment.Job instance at 0x7f4cd54e3af0>,12,2,[7 4],21,34,36,13,32
1,<environment.Job instance at 0x7f4c91ab2190>,17,16,[8 4],28,36,52,8,36
1,<environment.Job instance at 0x7f4c9187e870>,14,1,[4 8],24,52,53,28,49
1,<environment.Job instance at 0x7f4cd7daf280>,22,3,[ 2 10],34,76,79,42,76
1,<environment.Job instance at 0x7f4cd80f8d70>,27,16,[1 5],39,79,95,40,76
1,<environment.Job instance at 0x7f4c91ff45a0>,33,14,[9 5],46,79,93,33,78
1,<environment.Job instance at 0x7f4cd7c962d0>,35,12,[6 5],50,93,105,43,79
1,<environment.Job instance at 0x7f4cd7c96370>,36,17,[9 1],52,105,122,53,93
1,<environment.Job instance at 0x7f4cdca82b90>,2,3,[4 6],3,3,6,0,3
1,<environment.Job instance at 0x7f4c91bc58c0>,11,3,[ 3 10],15,15,18,0,15
1,<environment.Job instance at 0x7f4c91bc5910>,12,2,[3 7],16,18,20,2,16
1,<environment.Job instance at 0x7f4c91bb7280>,32,19,[10  4],52,53,72,1,53
1,<environment.Job instance at 0x7f4c91bb70a0>,34,16,[5 7],54,72,88,18,60
1,<environment.Job instance at 0x7f4c91bd4780>,23,18,[ 3 10],41,104,122,63,104
1,<environment.Job instance at 0x7f4c91bacc80>,0,14,[5 4],2,2,16,0,2
1,<environment.Job instance at 0x7f4cd58f9e60>,4,14,[10  5],8,16,30,8,8
1,<environment.Job instance at 0x7f4cd5978460>,19,25,[5 5],26,30,55,4,26
1,<environment.Job instance at 0x7f4cd5978be0>,17,2,[5 4],24,35,37,11,35
1,<environment.Job instance at 0x7f4cd5978640>,21,1,[1 7],28,55,56,27,35
1,<environment.Job instance at 0x7f4c916b59b0>,24,2,[4 8],32,56,58,24,35
1,<environment.Job instance at 0x7f4c919fe410>,25,12,[2 5],34,41,53,7,41
1,<environment.Job instance at 0x7f4cd59eb5f0>,31,12,[3 9],43,58,70,15,43
1,<environment.Job instance at 0x7f4c91bdf960>,39,18,[7 2],56,70,88,14,59
1,<environment.Job instance at 0x7f4c91f4d8c0>,45,16,[5 1],64,88,104,24,75
1,<environment.Job instance at 0x7f4c91efc9b0>,43,15,[3 9],61,88,103,27,88
1,<environment.Job instance at 0x7f4c91f4d3c0>,53,12,[6 5],77,104,116,27,90
1,<environment.Job instance at 0x7f4cd7f01c80>,62,22,[2 5],90,108,130,18,108
1,<environment.Job instance at 0x7f4cdca7f780>,2,17,[1 7],5,5,22,0,5
1,<environment.Job instance at 0x7f4cd588d1e0>,3,16,[2 6],7,22,38,15,9
1,<environment.Job instance at 0x7f4cd562ca00>,19,13,[7 4],24,25,38,1,25
1,<environment.Job instance at 0x7f4c916649b0>,26,17,[5 7],31,38,55,7,31
1,<environment.Job instance at 0x7f4c91e34a00>,29,12,[4 5],37,55,67,18,38
1,<environment.Job instance at 0x7f4c91f08460>,15,17,[7 4],20,67,84,47,58
1,<environment.Job instance at 0x7f4cd7cfac80>,40,15,[1 6],63,70,85,7,70
1,<environment.Job instance at 0x7f4cd7cfa1e0>,39,15,[2 7],57,85,100,28,73
1,<environment.Job instance at 0x7f4c91d1ebe0>,48,18,[9 5],76,100,118,24,90
1,<environment.Job instance at 0x7f63da20c0a0>,2,12,[5 4],3,3,15,0,3
1,<environment.Job instance at 0x7f63d2dfd550>,8,17,[10  5],11,15,32,4,12
1,<environment.Job instance at 0x7f63d2dfd6e0>,9,17,[1 7],12,32,49,20,20
1,<environment.Job instance at 0x7f63d2e01230>,20,22,[8 2],26,39,61,13,39
1,<environment.Job instance at 0x7f63d2e01460>,23,20,[ 5 10],30,61,81,31,52
1,<environment.Job instance at 0x7f63d2dfdaa0>,12,13,[1 8],16,81,94,65,72
1,<environment.Job instance at 0x7f63d2dff0a0>,37,12,[3 6],49,94,106,45,77
1,<environment.Job instance at 0x7f63d2dff410>,42,28,[6 4],54,94,122,40,93
1,<environment.Job instance at 0x7f63da375640>,3,17,[5 2],6,6,23,0,6
1,<environment.Job instance at 0x7f63da373f50>,7,13,[7 3],13,23,36,10,13
1,<environment.Job instance at 0x7f63da37bcd0>,15,18,[5 3],27,36,54,9,28
1,<environment.Job instance at 0x7f63da234dc0>,10,13,[6 5],19,54,67,35,39
1,<environment.Job instance at 0x7f63da380a00>,30,15,[5 3],49,67,82,18,55
1,<environment.Job instance at 0x7f63da387690>,38,13,[10  2],58,82,95,24,69
1,<environment.Job instance at 0x7f63da387410>,40,13,[4 7],60,95,108,35,79
1,<environment.Job instance at 0x7f63da37fc80>,47,13,[1 8],71,108,121,37,94
1,<environment.Job instance at 0x7f63da295780>,54,16,[6 2],89,106,122,17,106
1,<environment.Job instance at 0x7f63da37f2d0>,55,1,[5 6],90,122,123,32,106
1,<environment.Job instance at 0x7f63d2dda050>,56,2,[8 5],91,123,125,32,109
1,<environment.Job instance at 0x7f63da3863c0>,58,13,[ 4 10],97,125,138,28,110
1,<environment.Job instance at 0x7f638f0ca280>,0,16,[7 5],2,2,18,0,2
1,<environment.Job instance at 0x7f638f131be0>,4,2,[4 8],8,20,22,12,20
1,<environment.Job instance at 0x7f638f131500>,6,17,[4 9],10,23,40,13,23
1,<environment.Job instance at 0x7f638f1997d0>,20,15,[7 4],32,40,55,8,38
1,<environment.Job instance at 0x7f638f1994b0>,21,26,[3 8],33,57,83,24,57
1,<environment.Job instance at 0x7f638f13dcd0>,32,13,[5 2],46,70,83,24,70
1,<environment.Job instance at 0x7f638f13d7d0>,34,14,[10  5],50,85,99,35,85
1,<environment.Job instance at 0x7f638f13d280>,35,12,[6 1],52,99,111,47,85
1,<environment.Job instance at 0x7f638f13dd20>,38,12,[5 9],55,111,123,56,95
1,<environment.Job instance at 0x7f638f19fb90>,41,15,[5 9],59,123,138,64,112
1,<environment.Job instance at 0x7f638f0faf50>,1,13,[ 2 10],2,2,15,0,2
1,<environment.Job instance at 0x7f638f5d1320>,3,17,[7 5],4,15,32,11,5
1,<environment.Job instance at 0x7f638f5477d0>,11,13,[2 6],14,32,45,18,26
1,<environment.Job instance at 0x7f638f5479b0>,17,3,[1 7],22,45,48,23,29
1,<environment.Job instance at 0x7f638f5b25a0>,21,14,[5 7],27,48,62,21,36
1,<environment.Job instance at 0x7f638f5b2190>,22,13,[7 4],28,62,75,34,47
1,<environment.Job instance at 0x7f638f57ccd0>,25,18,[9 2],31,75,93,44,64
1,<environment.Job instance at 0x7f638f22f370>,34,14,[9 4],46,93,107,47,79
1,<environment.Job instance at 0x7f638f5b81e0>,41,17,[10  2],54,107,124,53,101
1,<environment.Job instance at 0x7f638f547f50>,16,14,[10  4],21,124,138,103,110
1,<environment.Job instance at 0x7f63da37d1e0>,2,14,[4 9],3,4,18,1,4
1,<environment.Job instance at 0x7f638f104fa0>,3,12,[8 2],4,18,30,14,6
1,<environment.Job instance at 0x7f638f4f56e0>,15,16,[4 9],23,30,46,7,24
1,<environment.Job instance at 0x7f638f502460>,27,16,[4 5],40,46,62,6,40
1,<environment.Job instance at 0x7f638f502960>,32,12,[5 4],45,66,78,21,66
1,<environment.Job instance at 0x7f638f5025f0>,31,13,[6 1],44,78,91,34,67
1,<environment.Job instance at 0x7f638f502b90>,34,18,[2 8],49,78,96,29,68
1,<environment.Job instance at 0x7f638f502d70>,40,12,[7 5],58,96,108,38,79
1,<environment.Job instance at 0x7f638f4fe280>,41,22,[1 9],61,108,130,47,103
1,<environment.Job instance at 0x7f638f4fed70>,53,1,[3 9],76,130,131,54,104
1,<environment.Job instance at 0x7f63d32ac960>,0,19,[5 3],1,1,20,0,1
1,<environment.Job instance at 0x7f63d9c44230>,8,12,[3 9],13,20,32,7,13
1,<environment.Job instance at 0x7f63d2b6cc80>,15,13,[8 1],22,32,45,10,22
1,<environment.Job instance at 0x7f63d2b6c370>,20,15,[2 7],29,40,55,11,40
1,<environment.Job instance at 0x7f63d973b8c0>,32,1,[1 5],45,55,56,10,52
1,<environment.Job instance at 0x7f63d973baf0>,33,1,[1 6],46,59,60,13,59
1,<environment.Job instance at 0x7f63d973bdc0>,38,28,[4 9],56,68,96,12,68
1,<environment.Job instance at 0x7f63d2bc53c0>,49,14,[7 5],75,96,110,21,96
1,<environment.Job instance at 0x7f63d2bc50f0>,44,17,[6 1],67,110,127,43,99
1,<environment.Job instance at 0x7f63d2bc5500>,51,14,[3 8],77,110,124,33,104
1,<environment.Job instance at 0x7f63d9d63050>,0,12,[8 4],1,1,13,0,1
1,<environment.Job instance at 0x7f63d30c10f0>,8,12,[ 2 10],10,23,35,13,23
1,<environment.Job instance at 0x7f638f260960>,12,18,[3 6],14,35,53,21,34
1,<environment.Job instance at 0x7f63d96821e0>,20,2,[1 8],25,53,55,28,35
1,<environment.Job instance at 0x7f638f67e0a0>,21,1,[1 5],26,55,56,29,35
1,<environment.Job instance at 0x7f638f6c8050>,22,13,[6 2],28,36,49,8,36
1,<environment.Job instance at 0x7f63d966de10>,18,14,[7 5],22,55,69,33,42
1,<environment.Job instance at 0x7f63da2360a0>,30,1,[ 5 10],38,69,70,31,53
1,<environment.Job instance at 0x7f63d9c660f0>,33,14,[8 1],42,70,84,28,58
1,<environment.Job instance at 0x7f63d2d4baf0>,37,14,[3 5],46,84,98,38,76
1,<environment.Job instance at 0x7f63d2d97460>,41,14,[9 2],56,98,112,42,96
1,<environment.Job instance at 0x7f63d2d97c30>,46,20,[ 4 10],64,112,132,48,104
1,<environment.Job instance at 0x7f63d2d97e10>,50,12,[6 4],70,132,144,62,119
1,<environment.Job instance at 0x7f63d2f22d20>,2,18,[8 3],3,3,21,0,3
1,<environment.Job instance at 0x7f638f1a94b0>,4,18,[5 9],5,21,39,16,11
1,<environment.Job instance at 0x7f638f1a9aa0>,14,13,[5 8],20,39,52,19,28
1,<environment.Job instance at 0x7f638f1a9500>,7,13,[4 5],9,52,65,43,37
1,<environment.Job instance at 0x7f638f19a0f0>,19,2,[8 4],26,65,67,39,49
1,<environment.Job instance at 0x7f638f19a3c0>,23,14,[10  2],33,67,81,34,54
1,<environment.Job instance at 0x7f638f19aaa0>,29,18,[2 6],46,81,99,35,71
1,<environment.Job instance at 0x7f638f19ab40>,32,1,[ 3 10],49,99,100,50,71
1,<environment.Job instance at 0x7f638f19afa0>,36,18,[10  1],53,100,118,47,89
1,<environment.Job instance at 0x7f638f184780>,48,13,[2 7],71,118,131,47,102
1,<environment.Job instance at 0x7f638f1adaf0>,0,13,[4 7],1,1,14,0,1
1,<environment.Job instance at 0x7f638f25c960>,5,21,[4 7],7,14,35,7,8
1,<environment.Job instance at 0x7f63d30ceeb0>,12,15,[8 1],18,35,50,17,28
1,<environment.Job instance at 0x7f638f51c640>,27,19,[9 4],41,50,69,9,47
1,<environment.Job instance at 0x7f63d319c960>,32,12,[9 1],48,69,81,21,58
1,<environment.Job instance at 0x7f63d319cd20>,34,27,[1 5],55,59,86,4,59
1,<environment.Job instance at 0x7f63d2e198c0>,42,25,[10  4],66,98,123,32,98
1,<environment.Job instance at 0x7f63d983fa50>,47,18,[1 6],74,123,141,49,113
1,<environment.Job instance at 0x7f638ef9e280>,0,19,[6 5],1,1,20,0,1
1,<environment.Job instance at 0x7f638f54b500>,11,14,[10  3],21,21,35,0,21
1,<environment.Job instance at 0x7f63d961b550>,14,26,[4 9],24,39,65,15,39
1,<environment.Job instance at 0x7f63d2e73140>,31,17,[7 2],48,73,90,25,73
1,<environment.Job instance at 0x7f63d30b76e0>,17,16,[3 9],30,90,106,60,77
1,<environment.Job instance at 0x7f63d2e73910>,33,18,[6 1],51,95,113,44,95
1,<environment.Job instance at 0x7f63d2f0d690>,38,13,[4 6],56,106,119,50,96
1,<environment.Job instance at 0x7f63d30e6640>,42,12,[3 9],61,119,131,58,114
1,<environment.Job instance at 0x7f638f2d3b90>,0,12,[3 7],4,4,16,0,4
1,<environment.Job instance at 0x7f63d9822d20>,10,1,[10  5],15,16,17,1,15
1,<environment.Job instance at 0x7f63d9822230>,11,1,[7 4],16,17,18,1,16
1,<environment.Job instance at 0x7f638f443be0>,12,2,[3 8],21,21,23,0,21
1,<environment.Job instance at 0x7f638efbbb90>,14,2,[ 1 10],24,29,31,5,29
1,<environment.Job instance at 0x7f63d97f2dc0>,19,1,[6 4],29,31,32,2,30
1,<environment.Job instance at 0x7f63d9818be0>,20,3,[5 7],31,32,35,1,31
1,<environment.Job instance at 0x7f638f0559b0>,21,25,[2 5],33,35,60,2,33
1,<environment.Job instance at 0x7f638f443c80>,6,23,[6 3],11,35,58,24,34
1,<environment.Job instance at 0x7f638f2b4be0>,25,15,[ 2 10],37,60,75,23,52
1,<environment.Job instance at 0x7f638f294050>,33,17,[7 5],48,75,92,27,65
1,<environment.Job instance at 0x7f63d9827aa0>,42,12,[ 2 10],63,92,104,29,80
1,<environment.Job instance at 0x7f638f2a54b0>,47,17,[7 5],70,104,121,34,94
1,<environment.Job instance at 0x7f638f608a50>,54,13,[9 1],79,121,134,42,110
1,<environment.Job instance at 0x7f63d30cdaf0>,1,1,[7 4],2,2,3,0,2
1,<environment.Job instance at 0x7f63d30cd3c0>,2,1,[7 5],3,3,4,0,3
1,<environment.Job instance at 0x7f63d30cd640>,3,1,[3 8],4,4,5,0,4
1,<environment.Job instance at 0x7f63d2ec57d0>,4,18,[1 5],5,5,23,0,5
1,<environment.Job instance at 0x7f63d2ec5190>,6,17,[3 5],7,7,24,0,7
1,<environment.Job instance at 0x7f63d968fe60>,12,17,[ 2 10],14,24,41,10,18
1,<environment.Job instance at 0x7f63d968f820>,16,15,[5 2],19,41,56,22,28
1,<environment.Job instance at 0x7f63d9ee1460>,27,14,[5 4],36,41,55,5,39
1,<environment.Job instance at 0x7f63d32c4690>,30,16,[9 4],40,56,72,16,49
1,<environment.Job instance at 0x7f63d32c4730>,33,2,[4 8],43,72,74,29,61
1,<environment.Job instance at 0x7f63d968fc80>,20,17,[9 1],24,74,91,50,63
1,<environment.Job instance at 0x7f638f44b0a0>,42,1,[2 7],58,91,92,33,72
1,<environment.Job instance at 0x7f638f44bdc0>,47,17,[6 5],70,92,109,22,80
1,<environment.Job instance at 0x7f63d97cdaf0>,58,28,[9 4],83,109,137,26,108
1,<environment.Job instance at 0x7f638ee79d20>,14,16,[4 8],22,25,41,3,25
1,<environment.Job instance at 0x7f63da378be0>,16,12,[ 1 10],24,41,53,17,31
1,<environment.Job instance at 0x7f63da230230>,22,3,[ 1 10],30,53,56,23,40
1,<environment.Job instance at 0x7f63d97e9370>,15,13,[5 7],23,56,69,33,42
1,<environment.Job instance at 0x7f638f682aa0>,28,13,[5 4],40,69,82,29,56
1,<environment.Job instance at 0x7f638f4780a0>,10,21,[5 5],16,69,90,53,62
1,<environment.Job instance at 0x7f63da2306e0>,23,15,[ 4 10],32,90,105,58,87
1,<environment.Job instance at 0x7f63d3307280>,39,13,[1 5],59,105,118,46,92
1,<environment.Job instance at 0x7f63d97910f0>,41,12,[8 4],63,105,117,42,92
1,<environment.Job instance at 0x7f638f4b77d0>,47,18,[5 5],69,117,135,48,106
1,<environment.Job instance at 0x7f63d971d780>,50,12,[3 5],74,118,130,44,108
1,<environment.Job instance at 0x7f638f3a8820>,1,17,[7 3],3,3,20,0,3
1,<environment.Job instance at 0x7f63d974f1e0>,6,18,[5 1],14,21,39,7,21
1,<environment.Job instance at 0x7f638f13eb40>,13,17,[8 4],24,39,56,15,39
1,<environment.Job instance at 0x7f63d2e61fa0>,24,15,[8 2],43,59,74,16,59
1,<environment.Job instance at 0x7f63d2e61b90>,25,12,[4 5],45,74,86,29,59
1,<environment.Job instance at 0x7f63d2c43d20>,38,27,[4 5],59,78,105,19,78
1,<environment.Job instance at 0x7f638ef35960>,41,2,[1 9],62,105,107,43,81
1,<environment.Job instance at 0x7f638ef35fa0>,42,3,[7 1],65,105,108,40,81
1,<environment.Job instance at 0x7f63d2c43780>,32,13,[8 2],53,108,121,55,97
1,<environment.Job instance at 0x7f638ef357d0>,40,18,[1 6],61,107,125,46,105
1,<environment.Job instance at 0x7f63d30e2460>,55,18,[3 5],78,125,143,47,114
1,<environment.Job instance at 0x7f63d9733be0>,0,17,[10  4],2,2,19,0,2
1,<environment.Job instance at 0x7f63d2e19780>,7,27,[5 7],12,19,46,7,17
1,<environment.Job instance at 0x7f63d3176820>,22,14,[8 5],35,46,60,11,46
1,<environment.Job instance at 0x7f63d31763c0>,25,13,[9 1],39,61,74,22,61
1,<environment.Job instance at 0x7f638f0c72d0>,10,12,[2 8],15,74,86,59,73
1,<environment.Job instance at 0x7f63d31a48c0>,28,15,[1 8],43,86,101,43,86
1,<environment.Job instance at 0x7f63d31a4820>,30,18,[2 5],45,101,119,56,90
1,<environment.Job instance at 0x7f63d31a4320>,34,17,[5 7],50,119,136,69,107
1,<environment.Job instance at 0x7f638f04afa0>,0,24,[5 6],1,3,27,2,3
1,<environment.Job instance at 0x7f638f04a500>,3,3,[5 5],5,27,30,22,5
1,<environment.Job instance at 0x7f63d3197aa0>,6,12,[6 5],10,30,42,20,13
1,<environment.Job instance at 0x7f638f361280>,22,13,[5 8],33,42,55,9,33
1,<environment.Job instance at 0x7f638f361460>,19,1,[7 5],30,55,56,25,34
1,<environment.Job instance at 0x7f638f3610a0>,23,17,[2 7],34,56,73,22,44
1,<environment.Job instance at 0x7f638f354a50>,28,2,[4 8],47,73,75,26,56
1,<environment.Job instance at 0x7f63d979e500>,17,13,[2 8],28,75,88,47,61
1,<environment.Job instance at 0x7f638f354a00>,32,17,[5 1],51,64,81,13,64
1,<environment.Job instance at 0x7f638f361190>,24,16,[6 5],36,88,104,52,76
1,<environment.Job instance at 0x7f63d2bda7d0>,42,16,[1 5],66,101,117,35,101
1,<environment.Job instance at 0x7f63d2bda730>,44,13,[10  4],68,117,130,49,101
1,<environment.Job instance at 0x7f63d2bda460>,48,3,[4 6],73,130,133,57,116
1,<environment.Job instance at 0x7f63d2bda5f0>,49,1,[5 5],74,116,117,42,116
1,<environment.Job instance at 0x7f638f13e820>,2,15,[1 7],3,3,18,0,3
1,<environment.Job instance at 0x7f638f562f50>,3,16,[5 7],4,18,34,14,7
1,<environment.Job instance at 0x7f63d96d1c30>,16,13,[6 3],24,34,47,10,24
1,<environment.Job instance at 0x7f638f01f960>,18,16,[2 7],26,34,50,8,34
1,<environment.Job instance at 0x7f638ef88050>,25,18,[6 5],35,50,68,15,48
1,<environment.Job instance at 0x7f63d9ce8410>,22,13,[7 4],31,68,81,37,54
1,<environment.Job instance at 0x7f63d31e1460>,29,1,[4 8],42,81,82,39,54
1,<environment.Job instance at 0x7f63d31e14b0>,31,2,[7 3],45,82,84,37,66
1,<environment.Job instance at 0x7f638ef73cd0>,38,17,[4 6],54,84,101,30,72
1,<environment.Job instance at 0x7f638ef73960>,42,14,[5 4],62,84,98,22,81
1,<environment.Job instance at 0x7f638f230410>,14,15,[5 7],22,101,116,79,88
1,<environment.Job instance at 0x7f63d9a94a50>,49,3,[7 5],71,116,119,45,90
1,<environment.Job instance at 0x7f63d9a94500>,50,1,[5 6],72,119,120,47,91
1,<environment.Job instance at 0x7f63d9a96dc0>,51,1,[3 8],73,120,121,47,92
1,<environment.Job instance at 0x7f63d9a96640>,53,16,[4 8],77,121,137,44,108
1,<environment.Job instance at 0x7f63d9acecd0>,0,15,[3 9],1,1,16,0,1
1,<environment.Job instance at 0x7f638f69c9b0>,6,28,[ 3 10],13,56,84,43,56
1,<environment.Job instance at 0x7f638f688870>,34,15,[9 4],47,84,99,37,75
1,<environment.Job instance at 0x7f638f688780>,35,17,[5 5],48,99,116,51,87
1,<environment.Job instance at 0x7f638f6c0460>,19,22,[2 5],30,99,121,69,98
1,<environment.Job instance at 0x7f638f688cd0>,44,3,[ 3 10],61,121,124,60,105
1,<environment.Job instance at 0x7f638f6b70a0>,45,12,[5 9],62,124,136,62,107
1,<environment.Job instance at 0x7f63d3023280>,2,18,[9 5],6,8,26,2,8
1,<environment.Job instance at 0x7f63d9961eb0>,5,12,[3 5],14,26,38,12,18
1,<environment.Job instance at 0x7f63d2bc2a50>,12,18,[7 1],26,28,46,2,28
1,<environment.Job instance at 0x7f63d9ae2640>,16,3,[8 2],33,46,49,13,34
1,<environment.Job instance at 0x7f63d2bc20f0>,6,15,[6 2],15,49,64,34,35
1,<environment.Job instance at 0x7f63d97e6e60>,10,16,[4 8],22,49,65,27,38
1,<environment.Job instance at 0x7f638f063140>,27,15,[1 8],48,65,80,17,57
1,<environment.Job instance at 0x7f638f2a2190>,31,1,[5 3],52,80,81,28,73
1,<environment.Job instance at 0x7f63d2e97c80>,33,24,[ 1 10],57,81,105,24,76
1,<environment.Job instance at 0x7f63d2f22f00>,42,3,[1 5],73,105,108,32,94
1,<environment.Job instance at 0x7f63d9822f00>,45,1,[4 5],78,112,113,34,112
1,<environment.Job instance at 0x7f63d9822320>,47,2,[5 5],80,113,115,33,113
1,<environment.Job instance at 0x7f638f6860a0>,48,3,[9 1],81,115,118,34,113
1,<environment.Job instance at 0x7f63d2f22190>,37,23,[2 9],68,118,141,50,116
1,<environment.Job instance at 0x7f63d96a6550>,1,3,[ 2 10],2,2,5,0,2
1,<environment.Job instance at 0x7f63d324d1e0>,3,2,[1 7],6,6,8,0,6
1,<environment.Job instance at 0x7f63d2fb3be0>,4,13,[2 6],7,8,21,1,7
1,<environment.Job instance at 0x7f63d9765690>,5,1,[9 4],8,21,22,13,8
1,<environment.Job instance at 0x7f63d2fb38c0>,6,16,[3 9],9,22,38,13,9
1,<environment.Job instance at 0x7f63d2fb3820>,8,3,[5 5],12,38,41,26,12
1,<environment.Job instance at 0x7f63d328f5a0>,16,1,[6 5],27,41,42,14,27
1,<environment.Job instance at 0x7f63d9d698c0>,18,12,[ 5 10],30,42,54,12,30
1,<environment.Job instance at 0x7f638ef99f00>,24,12,[ 3 10],37,54,66,17,50
1,<environment.Job instance at 0x7f638ef99dc0>,25,16,[3 9],39,66,82,27,53
1,<environment.Job instance at 0x7f63d2d885f0>,26,1,[5 5],40,82,83,42,54
1,<environment.Job instance at 0x7f63d2d88d20>,28,3,[3 9],45,83,86,38,61
1,<environment.Job instance at 0x7f63d304d2d0>,33,16,[7 4],52,88,104,36,88
1,<environment.Job instance at 0x7f63d9ab0cd0>,22,2,[2 7],34,104,106,70,88
1,<environment.Job instance at 0x7f63d304d460>,36,16,[ 2 10],61,106,122,45,93
1,<environment.Job instance at 0x7f638f565730>,45,16,[5 2],73,122,138,49,109
1,<environment.Job instance at 0x7fb69fa4f140>,0,18,[ 2 10],1,1,19,0,1
1,<environment.Job instance at 0x7fb69e8f03c0>,6,19,[1 7],8,19,38,11,16
1,<environment.Job instance at 0x7fb69e8f0d70>,18,16,[4 9],24,38,54,14,28
1,<environment.Job instance at 0x7fb69e8f40a0>,21,3,[4 6],27,58,61,31,58
1,<environment.Job instance at 0x7fb69e8f43c0>,23,20,[ 5 10],30,61,81,31,58
1,<environment.Job instance at 0x7fb69e8f49b0>,28,13,[1 6],37,81,94,44,68
1,<environment.Job instance at 0x7fb69e8f41e0>,20,22,[8 2],26,86,108,60,86
1,<environment.Job instance at 0x7fb69e8f4e60>,38,18,[5 8],50,108,126,58,97
1,<environment.Job instance at 0x7fb69fbca460>,5,15,[9 4],10,10,25,0,10
1,<environment.Job instance at 0x7fb69fbbb050>,19,3,[10  5],32,46,49,14,46
1,<environment.Job instance at 0x7fb69fbbb550>,20,3,[5 7],34,49,52,15,46
1,<environment.Job instance at 0x7fb69fbbb3c0>,21,1,[10  1],35,52,53,17,46
1,<environment.Job instance at 0x7fb69fbbb910>,22,1,[1 5],37,53,54,16,46
1,<environment.Job instance at 0x7fb69fbbb4b0>,23,15,[9 1],38,55,70,17,55
1,<environment.Job instance at 0x7fb69fbc0b40>,29,3,[7 5],45,70,73,25,56
1,<environment.Job instance at 0x7fb69fbc0370>,27,16,[7 1],42,73,89,31,63
1,<environment.Job instance at 0x7fb69fbbe140>,34,13,[4 7],50,89,102,39,74
1,<environment.Job instance at 0x7fb69fa78690>,45,2,[5 3],75,98,100,23,98
1,<environment.Job instance at 0x7fb69fa78910>,46,1,[2 5],77,102,103,25,98
1,<environment.Job instance at 0x7fb69fbc5190>,43,18,[3 6],72,103,121,31,98
1,<environment.Job instance at 0x7fb69fbbc050>,51,15,[7 2],85,102,117,17,99
1,<environment.Job instance at 0x7fb69fbbc500>,55,13,[3 7],90,122,135,32,122
1,<environment.Job instance at 0x7fb69fa78730>,48,16,[6 2],79,124,140,45,124
1,<environment.Job instance at 0x7fb69fbbcaf0>,56,22,[3 6],91,135,157,44,128
1,<environment.Job instance at 0x7fb65496a780>,3,1,[9 1],6,6,7,0,6
1,<environment.Job instance at 0x7fb65496acd0>,7,20,[2 7],10,13,33,3,13
1,<environment.Job instance at 0x7fb65496a0f0>,11,14,[3 9],14,33,47,19,28
1,<environment.Job instance at 0x7fb65496a2d0>,16,17,[10  2],19,47,64,28,35
1,<environment.Job instance at 0x7fb65491f640>,19,1,[6 5],23,64,65,41,36
1,<environment.Job instance at 0x7fb65491fa00>,20,1,[8 3],25,65,66,40,37
1,<environment.Job instance at 0x7fb65491fdc0>,23,14,[10  5],30,66,80,36,55
1,<environment.Job instance at 0x7fb6549300a0>,27,12,[5 9],35,80,92,45,67
1,<environment.Job instance at 0x7fb654930f50>,31,2,[4 8],40,92,94,52,80
1,<environment.Job instance at 0x7fb654a18410>,32,3,[7 2],42,94,97,52,80
1,<environment.Job instance at 0x7fb654a18b40>,34,2,[5 6],44,97,99,53,87
1,<environment.Job instance at 0x7fb654a18c80>,35,3,[5 3],46,97,100,51,87
1,<environment.Job instance at 0x7fb6549829b0>,36,18,[10  3],47,100,118,53,89
1,<environment.Job instance at 0x7fb65496a410>,17,17,[5 9],20,118,135,98,109
1,<environment.Job instance at 0x7fb65493ef50>,45,12,[2 6],60,135,147,75,124
1,<environment.Job instance at 0x7fb654a6f550>,3,15,[8 5],9,9,24,0,9
1,<environment.Job instance at 0x7fb654a6fa00>,7,16,[ 2 10],14,24,40,10,23
1,<environment.Job instance at 0x7fb6548db820>,18,17,[5 8],27,43,60,16,43
1,<environment.Job instance at 0x7fb654a6f780>,9,14,[9 4],16,60,74,44,47
1,<environment.Job instance at 0x7fb654cec190>,14,18,[9 1],22,74,92,52,69
1,<environment.Job instance at 0x7fb654df5690>,30,15,[6 2],41,92,107,51,83
1,<environment.Job instance at 0x7fb6548db7d0>,21,17,[7 1],31,107,124,76,96
1,<environment.Job instance at 0x7fb654e22820>,36,18,[2 8],49,108,126,59,108
1,<environment.Job instance at 0x7fb654da55f0>,47,16,[5 7],67,126,142,59,113
1,<environment.Job instance at 0x7fb654ddc0a0>,53,14,[5 8],78,142,156,64,128
1,<environment.Job instance at 0x7fb69e9b7dc0>,0,12,[1 9],1,1,13,0,1
1,<environment.Job instance at 0x7fb69e9b7780>,4,12,[5 4],5,13,25,8,5
1,<environment.Job instance at 0x7fb654d2d370>,8,16,[4 9],12,25,41,13,14
1,<environment.Job instance at 0x7fb654d32500>,17,15,[5 1],25,25,40,0,25
1,<environment.Job instance at 0x7fb654d322d0>,16,2,[1 6],24,41,43,17,29
1,<environment.Job instance at 0x7fb654d32960>,20,1,[3 7],28,43,44,15,29
1,<environment.Job instance at 0x7fb654d32690>,19,18,[7 5],27,44,62,17,33
1,<environment.Job instance at 0x7fb654d32be0>,24,12,[2 7],35,62,74,27,45
1,<environment.Job instance at 0x7fb654d32910>,22,26,[5 3],32,62,88,30,60
1,<environment.Job instance at 0x7fb654d2d0a0>,11,27,[4 6],16,75,102,59,75
1,<environment.Job instance at 0x7fb654d33f00>,44,1,[6 5],58,102,103,44,89
1,<environment.Job instance at 0x7fb654d32410>,15,15,[2 8],23,103,118,80,89
1,<environment.Job instance at 0x7fb654d33320>,33,16,[10  5],45,118,134,73,106
1,<environment.Job instance at 0x7fb69f08aa00>,0,27,[8 2],1,6,33,5,6
1,<environment.Job instance at 0x7fb69f08a960>,15,14,[3 8],27,33,47,6,27
1,<environment.Job instance at 0x7fb69f310a50>,21,13,[5 7],35,47,60,12,39
1,<environment.Job instance at 0x7fb69f3103c0>,25,12,[ 5 10],40,60,72,20,52
1,<environment.Job instance at 0x7fb69f08a4b0>,13,14,[7 5],25,72,86,47,60
1,<environment.Job instance at 0x7fb654cf34b0>,34,18,[9 4],52,86,104,34,75
1,<environment.Job instance at 0x7fb654cd1c30>,42,14,[2 7],62,104,118,42,89
1,<environment.Job instance at 0x7fb654cd1cd0>,43,1,[8 3],63,104,105,41,89
1,<environment.Job instance at 0x7fb654cd1870>,48,14,[3 6],69,118,132,49,105
1,<environment.Job instance at 0x7fb654cd1c80>,49,12,[7 4],70,118,130,48,105
1,<environment.Job instance at 0x7fb654cd1b40>,54,1,[5 7],76,132,133,56,119
1,<environment.Job instance at 0x7fb654cf3f00>,31,18,[4 9],49,133,151,84,122
1,<environment.Job instance at 0x7fb69e7d66e0>,0,17,[3 7],1,1,18,0,1
1,<environment.Job instance at 0x7fb69e7376e0>,19,17,[8 5],26,49,66,23,49
1,<environment.Job instance at 0x7fb69ee834b0>,21,15,[5 3],28,66,81,38,58
1,<environment.Job instance at 0x7fb69ee20500>,25,3,[5 9],33,81,84,48,76
1,<environment.Job instance at 0x7fb69ee61820>,22,15,[2 8],29,84,99,55,77
1,<environment.Job instance at 0x7fb654c0d550>,29,14,[4 8],37,99,113,62,84
1,<environment.Job instance at 0x7fb69f40a500>,35,13,[1 8],43,113,126,70,99
1,<environment.Job instance at 0x7fb69ecb5e60>,40,3,[7 4],49,126,129,77,104
1,<environment.Job instance at 0x7fb69ecb5aa0>,42,2,[5 5],52,129,131,77,106
1,<environment.Job instance at 0x7fb69ee203c0>,23,15,[5 2],31,111,126,80,111
1,<environment.Job instance at 0x7fb69f2e0d70>,51,18,[5 9],65,131,149,66,120
1,<environment.Job instance at 0x7fb69e771be0>,0,13,[2 7],1,1,14,0,1
1,<environment.Job instance at 0x7fb654b1be10>,10,1,[6 3],12,12,13,0,12
1,<environment.Job instance at 0x7fb654b1ba50>,6,14,[9 5],8,14,28,6,12
1,<environment.Job instance at 0x7fb654b14190>,13,15,[ 1 10],15,28,43,13,26
1,<environment.Job instance at 0x7fb654b14460>,17,12,[4 6],19,43,55,24,27
1,<environment.Job instance at 0x7fb654b149b0>,22,16,[5 4],25,44,60,19,44
1,<environment.Job instance at 0x7fb654b40410>,29,15,[6 5],32,60,75,28,50
1,<environment.Job instance at 0x7fb654b40aa0>,37,1,[5 1],42,75,76,33,75
1,<environment.Job instance at 0x7fb654b40e60>,40,14,[1 6],47,78,92,31,78
1,<environment.Job instance at 0x7fb654b32230>,44,13,[4 7],51,92,105,41,78
1,<environment.Job instance at 0x7fb654b32690>,51,18,[5 2],61,119,137,58,119
1,<environment.Job instance at 0x7fb654b32640>,53,14,[8 3],63,137,151,74,122
1,<environment.Job instance at 0x7fb69f3295a0>,3,12,[3 5],5,5,17,0,5
1,<environment.Job instance at 0x7fb654b329b0>,2,13,[1 7],4,17,30,13,13
1,<environment.Job instance at 0x7fb654bf9e60>,6,2,[7 1],9,14,16,5,14
1,<environment.Job instance at 0x7fb69fbb80a0>,13,16,[3 7],20,30,46,10,20
1,<environment.Job instance at 0x7fb69e789cd0>,19,12,[2 6],26,46,58,20,34
1,<environment.Job instance at 0x7fb654e11910>,24,16,[8 3],31,46,62,15,40
1,<environment.Job instance at 0x7fb654f1b5f0>,27,20,[6 3],36,62,82,26,53
1,<environment.Job instance at 0x7fb69ea9ca50>,29,3,[7 3],40,82,85,42,56
1,<environment.Job instance at 0x7fb654e11640>,20,16,[2 7],27,58,74,31,58
1,<environment.Job instance at 0x7fb69ea120f0>,37,1,[10  3],53,85,86,32,71
1,<environment.Job instance at 0x7fb69ee3faf0>,38,1,[5 4],55,86,87,31,71
1,<environment.Job instance at 0x7fb69f0c77d0>,41,14,[10  3],61,87,101,26,82
1,<environment.Job instance at 0x7fb69f3df140>,47,16,[3 9],70,101,117,31,96
1,<environment.Job instance at 0x7fb69ecd81e0>,49,1,[ 5 10],72,117,118,45,96
1,<environment.Job instance at 0x7fb6549662d0>,51,14,[9 2],74,118,132,44,103
1,<environment.Job instance at 0x7fb69eaa85f0>,13,2,[ 2 10],21,21,23,0,21
1,<environment.Job instance at 0x7fb69eaa8910>,14,16,[5 9],22,23,39,1,22
1,<environment.Job instance at 0x7fb69e80a960>,19,14,[8 3],28,42,56,14,42
1,<environment.Job instance at 0x7fb69eb8eaf0>,20,17,[1 8],29,56,73,27,44
1,<environment.Job instance at 0x7fb654c64af0>,24,22,[10  4],37,73,95,36,73
1,<environment.Job instance at 0x7fb69ea7f550>,26,15,[2 8],39,95,110,56,81
1,<environment.Job instance at 0x7fb69f4da500>,39,13,[8 2],58,110,123,52,110
1,<environment.Job instance at 0x7fb69f4da6e0>,42,25,[2 5],63,110,135,47,110
1,<environment.Job instance at 0x7fb654f70410>,3,15,[5 2],7,7,22,0,7
1,<environment.Job instance at 0x7fb654cddaf0>,6,16,[2 5],12,12,28,0,12
1,<environment.Job instance at 0x7fb654ce24b0>,15,1,[7 4],22,23,24,1,23
1,<environment.Job instance at 0x7fb654ce27d0>,19,13,[7 3],26,27,40,1,27
1,<environment.Job instance at 0x7fb654ce25f0>,18,18,[1 5],25,28,46,3,28
1,<environment.Job instance at 0x7fb654ce23c0>,14,18,[3 9],21,46,64,25,35
1,<environment.Job instance at 0x7fb654ce9050>,27,2,[4 9],36,64,66,28,43
1,<environment.Job instance at 0x7fb654ce9820>,31,16,[1 9],41,66,82,25,53
1,<environment.Job instance at 0x7fb654ce99b0>,34,17,[9 1],44,66,83,22,56
1,<environment.Job instance at 0x7fb654ce9780>,30,15,[5 2],39,83,98,44,71
1,<environment.Job instance at 0x7fb654ce29b0>,20,17,[3 5],27,83,100,56,80
1,<environment.Job instance at 0x7fb654ccc2d0>,48,18,[5 3],65,98,116,33,87
1,<environment.Job instance at 0x7fb654ccccd0>,54,13,[6 2],74,116,129,42,112
1,<environment.Job instance at 0x7fb654cc8640>,63,18,[5 7],92,129,147,37,119
1,<environment.Job instance at 0x7fb69f5731e0>,15,21,[5 5],26,40,61,14,40
1,<environment.Job instance at 0x7fb654e43640>,21,12,[ 1 10],34,61,73,27,54
1,<environment.Job instance at 0x7fb654e43e10>,25,1,[5 5],38,57,58,19,57
1,<environment.Job instance at 0x7fb69f1870a0>,13,14,[4 9],24,73,87,49,58
1,<environment.Job instance at 0x7fb69f0dcf50>,31,12,[10  3],47,87,99,40,71
1,<environment.Job instance at 0x7fb654e43500>,20,13,[5 7],33,99,112,66,85
1,<environment.Job instance at 0x7fb654e43a50>,19,16,[4 8],32,112,128,80,111
1,<environment.Job instance at 0x7fb654d82d70>,41,17,[3 6],64,128,145,64,116
1,<environment.Job instance at 0x7fb69e8dee10>,0,14,[1 8],2,2,16,0,2
1,<environment.Job instance at 0x7fb69ea15690>,6,18,[5 1],14,15,33,1,15
1,<environment.Job instance at 0x7fb69e859870>,15,15,[4 5],26,27,42,1,27
1,<environment.Job instance at 0x7fb69e859c30>,11,13,[1 8],22,42,55,20,31
1,<environment.Job instance at 0x7fb69eaa62d0>,18,13,[3 6],34,55,68,21,42
1,<environment.Job instance at 0x7fb69eaa6b90>,23,17,[3 5],42,68,85,26,56
1,<environment.Job instance at 0x7fb69e73dfa0>,28,16,[7 3],49,59,75,10,59
1,<environment.Job instance at 0x7fb69fa4eb40>,32,13,[8 2],53,85,98,32,72
1,<environment.Job instance at 0x7fb69e8595a0>,13,17,[8 4],24,98,115,74,87
1,<environment.Job instance at 0x7fb69ea37b40>,43,13,[ 3 10],66,115,128,49,101
1,<environment.Job instance at 0x7fb69eee2e10>,47,16,[7 4],70,128,144,58,116
1,<environment.Job instance at 0x7fb69f0f75a0>,58,14,[5 7],81,144,158,63,129
1,<environment.Job instance at 0x7fb65f6528c0>,0,27,[5 7],2,5,32,3,5
1,<environment.Job instance at 0x7fb654959d70>,4,14,[10  4],6,32,46,26,17
1,<environment.Job instance at 0x7fb65496e190>,18,13,[9 1],29,46,59,17,30
1,<environment.Job instance at 0x7fb65494bcd0>,20,12,[3 9],32,59,71,27,44
1,<environment.Job instance at 0x7fb65495c5f0>,23,18,[2 5],35,71,89,36,60
1,<environment.Job instance at 0x7fb654fe18c0>,25,14,[7 5],38,73,87,35,73
1,<environment.Job instance at 0x7fb654fe16e0>,30,2,[5 2],46,87,89,41,73
1,<environment.Job instance at 0x7fb69f05e140>,31,2,[6 3],49,89,91,40,73
1,<environment.Job instance at 0x7fb69f09faf0>,34,2,[10  3],53,91,93,38,80
1,<environment.Job instance at 0x7fb654bcbb40>,36,17,[5 9],56,93,110,37,82
1,<environment.Job instance at 0x7fb69f072eb0>,44,1,[5 8],68,110,111,42,109
1,<environment.Job instance at 0x7fb69f072230>,47,13,[6 3],73,111,124,38,111
1,<environment.Job instance at 0x7fb69e756e60>,45,18,[6 5],69,126,144,57,126
1,<environment.Job instance at 0x7fb654b2d460>,3,15,[ 4 10],6,6,21,0,6
1,<environment.Job instance at 0x7fb69f328280>,10,17,[2 7],14,21,38,7,16
1,<environment.Job instance at 0x7fb69f4da320>,17,13,[1 5],29,38,51,9,29
1,<environment.Job instance at 0x7fb654cc40f0>,22,14,[4 6],37,51,65,14,38
1,<environment.Job instance at 0x7fb69edc7280>,24,13,[5 8],39,65,78,26,54
1,<environment.Job instance at 0x7fb69eb9d8c0>,36,1,[5 5],54,78,79,24,75
1,<environment.Job instance at 0x7fb69ea54be0>,37,18,[ 4 10],55,79,97,24,75
1,<environment.Job instance at 0x7fb69ea54780>,41,13,[6 2],59,97,110,38,81
1,<environment.Job instance at 0x7fb69eb9d9b0>,27,25,[8 1],44,110,135,66,108
1,<environment.Job instance at 0x7fb69f48bd70>,51,2,[1 7],72,110,112,38,110
1,<environment.Job instance at 0x7fb69f48bfa0>,53,17,[5 8],75,135,152,60,123
1,<environment.Job instance at 0x7fb69ef97960>,0,13,[7 4],1,1,14,0,1
1,<environment.Job instance at 0x7fb6547716e0>,3,18,[6 5],5,14,32,9,7
1,<environment.Job instance at 0x7fb654fcf4b0>,12,23,[4 6],19,32,55,13,26
1,<environment.Job instance at 0x7fb654fcf820>,19,15,[6 3],28,38,53,10,38
1,<environment.Job instance at 0x7fb654fcf1e0>,13,3,[8 3],20,55,58,35,38
1,<environment.Job instance at 0x7fb654fcf320>,24,14,[10  5],38,58,72,20,45
1,<environment.Job instance at 0x7fb654812e60>,27,3,[7 5],41,72,75,31,57
1,<environment.Job instance at 0x7fb654fcf0a0>,15,13,[ 4 10],23,75,88,52,59
1,<environment.Job instance at 0x7fb6548125f0>,35,16,[5 5],52,88,104,36,78
1,<environment.Job instance at 0x7fb654812460>,39,25,[5 5],56,88,113,32,88
1,<environment.Job instance at 0x7fb6545d2730>,53,16,[5 5],76,104,120,28,93
1,<environment.Job instance at 0x7fb654812a50>,32,23,[3 5],49,113,136,64,110
1,<environment.Job instance at 0x7fb65474d5a0>,63,15,[3 9],91,136,151,45,122
1,<environment.Job instance at 0x7fb654b09e60>,0,1,[4 7],1,1,2,0,1
1,<environment.Job instance at 0x7fb65474d550>,1,12,[6 4],2,2,14,0,2
1,<environment.Job instance at 0x7fb69e65fc30>,3,19,[2 8],5,20,39,15,20
1,<environment.Job instance at 0x7fb69ebfda50>,16,12,[5 9],22,39,51,17,25
1,<environment.Job instance at 0x7fb69ebeb4b0>,24,17,[7 4],30,51,68,21,44
1,<environment.Job instance at 0x7fb69ec0a6e0>,33,15,[5 5],39,68,83,29,60
1,<environment.Job instance at 0x7fb654b66f50>,42,15,[ 1 10],53,83,98,30,70
1,<environment.Job instance at 0x7fb654b66820>,46,18,[8 4],60,98,116,38,92
1,<environment.Job instance at 0x7fb654b550a0>,49,15,[1 6],73,100,115,27,100
1,<environment.Job instance at 0x7fb69f3094b0>,29,16,[3 8],35,116,132,81,104
1,<environment.Job instance at 0x7fb654b67280>,59,15,[5 5],90,132,147,42,118
1,<environment.Job instance at 0x7fb654b679b0>,60,12,[3 5],94,132,144,38,118
1,<environment.Job instance at 0x7fb69f220050>,3,24,[ 1 10],7,8,32,1,8
1,<environment.Job instance at 0x7fb69f3e6c80>,11,15,[10  5],22,32,47,10,23
1,<environment.Job instance at 0x7fb69f44cb40>,20,16,[5 5],34,47,63,13,46
1,<environment.Job instance at 0x7fb69efdce10>,9,26,[2 5],20,59,85,39,59
1,<environment.Job instance at 0x7fb654c1f3c0>,21,12,[7 3],35,69,81,34,69
1,<environment.Job instance at 0x7fb69e97a780>,26,18,[1 8],42,85,103,43,75
1,<environment.Job instance at 0x7fb69f18f910>,39,16,[5 5],57,103,119,46,102
1,<environment.Job instance at 0x7fb69f18f2d0>,41,15,[5 8],59,119,134,60,105
1,<environment.Job instance at 0x7fb654bd2f50>,44,17,[3 5],65,134,151,69,122
1,<environment.Job instance at 0x7fb654d0f2d0>,1,18,[3 9],2,4,22,2,4
1,<environment.Job instance at 0x7fb69eb165f0>,13,1,[2 7],17,22,23,5,18
1,<environment.Job instance at 0x7fb69eb16960>,12,21,[3 6],16,23,44,7,18
1,<environment.Job instance at 0x7fb654d0f5f0>,3,15,[1 5],4,44,59,40,30
1,<environment.Job instance at 0x7fb654731730>,19,12,[10  4],25,59,71,34,44
1,<environment.Job instance at 0x7fb69ed800f0>,26,3,[4 5],37,71,74,34,57
1,<environment.Job instance at 0x7fb69ed80730>,31,2,[4 9],43,74,76,31,57
1,<environment.Job instance at 0x7fb69ed80e10>,33,17,[9 3],45,76,93,31,64
1,<environment.Job instance at 0x7fb69f22c230>,40,3,[6 1],54,96,99,42,96
1,<environment.Job instance at 0x7fb69f22cd20>,41,1,[4 6],55,96,97,41,96
1,<environment.Job instance at 0x7fb69eb164b0>,14,12,[ 4 10],18,99,111,81,96
1,<environment.Job instance at 0x7fb69f22c7d0>,45,15,[7 1],59,111,126,52,106
1,<environment.Job instance at 0x7fb69f22c140>,46,20,[ 1 10],61,126,146,65,118
1,<environment.Job instance at 0x7fb654b0b280>,2,3,[4 7],4,4,7,0,4
1,<environment.Job instance at 0x7fb654b004b0>,9,13,[1 7],16,17,30,1,17
1,<environment.Job instance at 0x7fb654b001e0>,10,3,[9 3],17,17,20,0,17
1,<environment.Job instance at 0x7fb654b00e60>,12,16,[2 8],20,30,46,10,20
1,<environment.Job instance at 0x7fb6547c6eb0>,14,1,[2 7],22,46,47,24,22
1,<environment.Job instance at 0x7fb654b00280>,8,15,[6 1],15,24,39,9,24
1,<environment.Job instance at 0x7fb654b23460>,25,14,[8 4],37,47,61,10,42
1,<environment.Job instance at 0x7fb654b23230>,26,17,[9 2],39,61,78,22,51
1,<environment.Job instance at 0x7fb654d1b230>,17,18,[4 9],26,78,96,52,73
1,<environment.Job instance at 0x7fb654acf410>,43,16,[1 7],60,99,115,39,99
1,<environment.Job instance at 0x7fb69eaf50a0>,48,13,[10  1],67,116,129,49,116
1,<environment.Job instance at 0x7fb654ad5a50>,4,18,[8 1],6,129,147,123,119
1,<environment.Job instance at 0x7f2c5319f2d0>,2,12,[5 4],3,3,15,0,3
1,<environment.Job instance at 0x7f2c53228780>,3,13,[3 8],5,15,28,10,5
1,<environment.Job instance at 0x7f2c4dd8f410>,5,18,[7 5],7,28,46,21,27
1,<environment.Job instance at 0x7f2c4dd8f870>,13,2,[7 3],18,46,48,28,40
1,<environment.Job instance at 0x7f2c4dd8f5a0>,14,2,[2 7],19,46,48,27,42
1,<environment.Job instance at 0x7f2c4dd8fa50>,15,1,[7 3],21,48,49,27,42
1,<environment.Job instance at 0x7f2c4dd8fc30>,20,22,[8 2],26,49,71,23,43
1,<environment.Job instance at 0x7f2c4dd8f640>,9,17,[1 7],12,56,73,44,56
1,<environment.Job instance at 0x7f2c4dd94280>,27,17,[5 9],36,73,90,37,66
1,<environment.Job instance at 0x7f2c4dd94870>,32,2,[5 3],42,90,92,48,90
1,<environment.Job instance at 0x7f2c4dd94a00>,33,3,[9 5],43,92,95,49,92
1,<environment.Job instance at 0x7f2c4dd94730>,31,16,[9 3],41,95,111,54,92
1,<environment.Job instance at 0x7f2c4dd93230>,39,1,[1 8],51,111,112,60,101
1,<environment.Job instance at 0x7f2c4dd93140>,40,14,[6 1],52,111,125,59,101
1,<environment.Job instance at 0x7f2c4dd94eb0>,36,14,[5 5],48,125,139,77,110
1,<environment.Job instance at 0x7f2c4dd941e0>,29,28,[4 5],39,124,152,85,124
1,<environment.Job instance at 0x7f2c4dd93b40>,1,2,[1 7],3,3,5,0,3
1,<environment.Job instance at 0x7f2c531c7cd0>,3,18,[5 3],7,7,25,0,7
1,<environment.Job instance at 0x7f2c53308be0>,9,14,[9 1],14,25,39,11,14
1,<environment.Job instance at 0x7f2c53315f50>,17,15,[9 1],28,39,54,11,36
1,<environment.Job instance at 0x7f2c5330cb40>,21,16,[7 1],32,54,70,22,42
1,<environment.Job instance at 0x7f2c5331a280>,40,1,[2 5],67,67,68,0,67
1,<environment.Job instance at 0x7f2c53226690>,41,16,[1 9],68,69,85,1,69
1,<environment.Job instance at 0x7f2c533193c0>,45,15,[7 2],75,85,100,10,75
1,<environment.Job instance at 0x7f2c53319730>,48,16,[3 6],79,85,101,6,81
1,<environment.Job instance at 0x7f2c53309230>,51,1,[5 2],82,100,101,18,88
1,<environment.Job instance at 0x7f2c53309500>,52,13,[4 5],83,101,114,18,94
1,<environment.Job instance at 0x7f2c533092d0>,53,2,[10  3],85,114,116,29,94
1,<environment.Job instance at 0x7f2c53310c30>,30,17,[5 6],44,116,133,72,104
1,<environment.Job instance at 0x7f2c08091fa0>,60,14,[5 3],94,117,131,23,117
1,<environment.Job instance at 0x7f2c08105410>,63,16,[7 5],102,133,149,31,120
1,<environment.Job instance at 0x7f2c081122d0>,69,17,[4 9],110,149,166,39,137
1,<environment.Job instance at 0x7f2c4db81690>,0,13,[5 1],1,1,14,0,1
1,<environment.Job instance at 0x7f2c080300a0>,6,12,[6 1],12,14,26,2,12
1,<environment.Job instance at 0x7f2c08030640>,7,17,[3 9],13,14,31,1,14
1,<environment.Job instance at 0x7f2c08030cd0>,10,14,[2 9],16,31,45,15,18
1,<environment.Job instance at 0x7f2c08105c80>,17,3,[5 3],26,45,48,19,29
1,<environment.Job instance at 0x7f2c50327410>,19,17,[8 2],28,48,65,20,36
1,<environment.Job instance at 0x7f2c4dff1320>,25,20,[5 2],37,65,85,28,57
1,<environment.Job instance at 0x7f2c4db6f280>,30,18,[3 8],44,65,83,21,62
1,<environment.Job instance at 0x7f2c08017f50>,33,14,[5 7],49,83,97,34,80
1,<environment.Job instance at 0x7f2c4db012d0>,5,14,[10  5],10,97,111,87,83
1,<environment.Job instance at 0x7f2c08096dc0>,41,23,[5 5],64,111,134,47,105
1,<environment.Job instance at 0x7f2c08096870>,49,12,[1 8],72,134,146,62,117
1,<environment.Job instance at 0x7f2c4db57fa0>,53,14,[9 2],78,134,148,56,127
1,<environment.Job instance at 0x7f2c4db57fa0>,2,17,[4 8],3,3,20,0,3
1,<environment.Job instance at 0x7f2c081603c0>,5,2,[9 3],6,20,22,14,6
1,<environment.Job instance at 0x7f2c08160960>,6,15,[7 4],7,22,37,15,8
1,<environment.Job instance at 0x7f2c4df21be0>,11,2,[1 7],13,20,22,7,14
1,<environment.Job instance at 0x7f2c4de298c0>,12,3,[8 4],14,37,40,23,15
1,<environment.Job instance at 0x7f2c4deffa00>,8,20,[2 6],10,26,46,16,26
1,<environment.Job instance at 0x7f2c4de425f0>,18,3,[6 2],25,40,43,15,32
1,<environment.Job instance at 0x7f2c081c2be0>,25,2,[7 2],36,43,45,7,41
1,<environment.Job instance at 0x7f2c081c2730>,28,14,[ 3 10],44,46,60,2,44
1,<environment.Job instance at 0x7f2c07fe77d0>,29,12,[2 6],45,60,72,15,45
1,<environment.Job instance at 0x7f2c07fe7d70>,34,18,[4 7],51,72,90,21,62
1,<environment.Job instance at 0x7f2c0812b2d0>,46,18,[8 1],66,90,108,24,85
1,<environment.Job instance at 0x7f2c07fdebe0>,47,16,[4 9],68,108,124,40,95
1,<environment.Job instance at 0x7f2c086630a0>,26,16,[5 7],37,124,140,87,123
1,<environment.Job instance at 0x7f2c08030140>,56,16,[4 9],83,140,156,57,134
1,<environment.Job instance at 0x7f2c50413af0>,2,1,[5 2],3,3,4,0,3
1,<environment.Job instance at 0x7f2c50861f50>,4,16,[10  5],5,5,21,0,5
1,<environment.Job instance at 0x7f2c4e1dc5f0>,12,18,[2 6],15,21,39,6,15
1,<environment.Job instance at 0x7f2c0872e870>,14,17,[2 7],17,39,56,22,27
1,<environment.Job instance at 0x7f2c0874ea00>,27,13,[ 1 10],39,56,69,17,41
1,<environment.Job instance at 0x7f2c08753c80>,29,19,[5 3],41,69,88,28,59
1,<environment.Job instance at 0x7f2c08753b40>,28,12,[5 4],40,69,81,29,64
1,<environment.Job instance at 0x7f2c08756be0>,40,14,[3 6],56,81,95,25,70
1,<environment.Job instance at 0x7f2c08756910>,43,15,[ 5 10],59,95,110,36,83
1,<environment.Job instance at 0x7f2c083b6be0>,49,15,[2 7],69,110,125,41,96
1,<environment.Job instance at 0x7f2c083b9460>,53,25,[7 3],73,110,135,37,108
1,<environment.Job instance at 0x7f2c08754d70>,57,14,[5 1],79,135,149,56,120
1,<environment.Job instance at 0x7f2c083d6c30>,61,1,[1 5],85,125,126,40,121
1,<environment.Job instance at 0x7f2c083c88c0>,62,1,[1 6],86,126,127,40,121
1,<environment.Job instance at 0x7f2c083c8550>,63,3,[4 8],88,135,138,47,121
1,<environment.Job instance at 0x7f2c0874ebe0>,26,17,[5 9],36,138,155,102,131
1,<environment.Job instance at 0x7f2c50834960>,1,18,[9 4],2,2,20,0,2
1,<environment.Job instance at 0x7f2c50463550>,10,1,[8 3],13,20,21,7,18
1,<environment.Job instance at 0x7f2c50463d20>,12,12,[4 7],15,21,33,6,20
1,<environment.Job instance at 0x7f2c50463190>,16,12,[7 4],20,33,45,13,25
1,<environment.Job instance at 0x7f2c50a55500>,29,18,[3 6],34,66,84,32,66
1,<environment.Job instance at 0x7f2c50a550f0>,32,13,[5 2],39,67,80,28,67
1,<environment.Job instance at 0x7f2c50a55cd0>,34,18,[ 1 10],41,84,102,43,81
1,<environment.Job instance at 0x7f2c50763870>,41,1,[5 2],50,102,103,52,87
1,<environment.Job instance at 0x7f2c50763e10>,42,18,[10  3],51,103,121,52,92
1,<environment.Job instance at 0x7f2c50a554b0>,35,14,[7 5],42,121,135,79,115
1,<environment.Job instance at 0x7f2c0835e8c0>,2,18,[8 3],3,3,21,0,3
1,<environment.Job instance at 0x7f2c4e0a6820>,9,17,[2 6],11,12,29,1,12
1,<environment.Job instance at 0x7f2c4e0a6e60>,7,13,[4 5],9,29,42,20,20
1,<environment.Job instance at 0x7f2c503b31e0>,11,13,[5 7],16,42,55,26,27
1,<environment.Job instance at 0x7f2c0865a050>,20,16,[2 7],29,55,71,26,45
1,<environment.Job instance at 0x7f2c4de05cd0>,26,24,[10  4],42,71,95,29,66
1,<environment.Job instance at 0x7f2c4dd6ed70>,36,18,[10  1],53,95,113,42,84
1,<environment.Job instance at 0x7f2c4dcc30f0>,41,2,[3 5],59,113,115,54,91
1,<environment.Job instance at 0x7f2c4dcc3730>,42,16,[7 5],61,113,129,52,101
1,<environment.Job instance at 0x7f2c4e0b6280>,54,14,[9 5],78,129,143,51,117
1,<environment.Job instance at 0x7f2c4e0b6730>,56,2,[2 7],80,143,145,63,117
1,<environment.Job instance at 0x7f2c08338730>,58,1,[6 3],82,143,144,61,123
1,<environment.Job instance at 0x7f2c08338230>,59,16,[5 3],83,144,160,61,131
1,<environment.Job instance at 0x7f2c508ea050>,1,12,[5 8],2,2,14,0,2
1,<environment.Job instance at 0x7f2c4de2d5f0>,2,16,[4 5],4,14,30,10,4
1,<environment.Job instance at 0x7f2c4e1ed640>,14,16,[6 2],23,29,45,6,29
1,<environment.Job instance at 0x7f2c4e1da820>,26,18,[9 1],43,45,63,2,43
1,<environment.Job instance at 0x7f2c4e1da190>,23,1,[5 1],39,63,64,24,56
1,<environment.Job instance at 0x7f2c4e1ed870>,13,19,[9 4],21,64,83,43,57
1,<environment.Job instance at 0x7f2c4e1dac30>,31,18,[1 5],50,59,77,9,59
1,<environment.Job instance at 0x7f2c4e1daf50>,35,1,[9 4],56,83,84,27,63
1,<environment.Job instance at 0x7f2c4e1dacd0>,32,1,[3 9],52,84,85,32,75
1,<environment.Job instance at 0x7f2c4db625f0>,39,22,[9 1],61,85,107,24,78
1,<environment.Job instance at 0x7f2c4db62960>,43,14,[4 7],66,107,121,41,92
1,<environment.Job instance at 0x7f2c4db411e0>,52,16,[3 7],80,121,137,41,120
1,<environment.Job instance at 0x7f2c4db62280>,38,12,[10  1],60,137,149,77,122
1,<environment.Job instance at 0x7f2c4db41280>,54,18,[9 5],82,149,167,67,138
1,<environment.Job instance at 0x7f2c4db415f0>,3,14,[ 1 10],4,4,18,0,4
1,<environment.Job instance at 0x7f2c504ca9b0>,16,12,[9 5],19,30,42,11,30
1,<environment.Job instance at 0x7f2c08123f00>,14,15,[9 4],17,42,57,25,32
1,<environment.Job instance at 0x7f2c0847a9b0>,25,17,[5 7],33,58,75,25,58
1,<environment.Job instance at 0x7f2c4dc35780>,26,17,[5 5],34,75,92,41,63
1,<environment.Job instance at 0x7f2c4e0f3a00>,24,15,[6 1],32,92,107,60,81
1,<environment.Job instance at 0x7f2c08338500>,31,18,[8 3],39,107,125,68,96
1,<environment.Job instance at 0x7f2c086d1050>,42,2,[7 1],56,125,127,69,98
1,<environment.Job instance at 0x7f2c4dc35960>,27,17,[4 6],35,127,144,92,123
1,<environment.Job instance at 0x7f2c50516a00>,51,2,[ 2 10],71,144,146,73,127
1,<environment.Job instance at 0x7f2c50516320>,52,16,[5 9],72,146,162,74,133
1,<environment.Job instance at 0x7f2c08694050>,0,18,[2 7],1,1,19,0,1
1,<environment.Job instance at 0x7f2c4dd6e2d0>,4,15,[4 6],8,19,34,11,8
1,<environment.Job instance at 0x7f2c50633640>,13,13,[9 1],19,34,47,15,21
1,<environment.Job instance at 0x7f2c083c8320>,21,17,[2 6],37,47,64,10,43
1,<environment.Job instance at 0x7f2c4e28ad20>,23,2,[6 5],39,64,66,25,43
1,<environment.Job instance at 0x7f2c4dc91640>,26,2,[6 1],46,49,51,3,49
1,<environment.Job instance at 0x7f2c081497d0>,27,15,[5 2],47,66,81,19,52
1,<environment.Job instance at 0x7f2c4e140d20>,34,1,[2 6],56,66,67,10,66
1,<environment.Job instance at 0x7f2c4e140e10>,36,3,[7 5],59,81,84,22,67
1,<environment.Job instance at 0x7f2c506338c0>,20,16,[1 9],36,84,100,48,73
1,<environment.Job instance at 0x7f2c506334b0>,16,13,[9 5],28,100,113,72,86
1,<environment.Job instance at 0x7f2c4df46e10>,42,18,[1 5],65,100,118,35,92
1,<environment.Job instance at 0x7f2c080c4910>,54,15,[5 2],79,113,128,34,104
1,<environment.Job instance at 0x7f2c4e1dd460>,57,17,[9 3],83,128,145,45,116
1,<environment.Job instance at 0x7f2c082d3f50>,4,17,[9 1],9,9,26,0,9
1,<environment.Job instance at 0x7f2c082bc3c0>,9,21,[ 4 10],18,26,47,8,23
1,<environment.Job instance at 0x7f2c082bcaa0>,19,13,[2 8],34,47,60,13,36
1,<environment.Job instance at 0x7f2c082bcdc0>,20,14,[8 1],36,47,61,11,36
1,<environment.Job instance at 0x7f2c082b1550>,25,16,[ 4 10],48,61,77,13,54
1,<environment.Job instance at 0x7f2c082b1b40>,31,1,[1 9],55,60,61,5,60
1,<environment.Job instance at 0x7f2c082b1b90>,32,21,[5 5],56,77,98,21,69
1,<environment.Job instance at 0x7f2c082a80f0>,37,13,[5 7],63,98,111,35,82
1,<environment.Job instance at 0x7f2c082a8190>,45,15,[ 4 10],72,111,126,39,97
1,<environment.Job instance at 0x7f2c082a8c30>,50,13,[5 4],80,126,139,46,115
1,<environment.Job instance at 0x7f2c082a8c80>,53,12,[5 9],83,139,151,56,136
1,<environment.Job instance at 0x7f2c50877cd0>,2,23,[6 3],4,4,27,0,4
1,<environment.Job instance at 0x7f2c50877be0>,3,16,[2 9],5,27,43,22,16
1,<environment.Job instance at 0x7f2c4dc36aa0>,17,17,[7 3],23,43,60,20,31
1,<environment.Job instance at 0x7f2c4dc36410>,30,14,[ 5 10],45,78,92,33,78
1,<environment.Job instance at 0x7f2c4def3c80>,34,13,[3 6],54,92,105,38,80
1,<environment.Job instance at 0x7f2c4de75af0>,31,15,[4 5],46,105,120,59,91
1,<environment.Job instance at 0x7f2c5073fc80>,39,17,[3 5],62,105,122,43,99
1,<environment.Job instance at 0x7f2c5073fe60>,46,13,[10  4],71,134,147,63,134
1,<environment.Job instance at 0x7f2c07eff730>,0,17,[10  4],2,2,19,0,2
1,<environment.Job instance at 0x7f2c08251410>,3,1,[4 7],7,19,20,12,7
1,<environment.Job instance at 0x7f2c08621a50>,10,12,[2 8],15,20,32,5,16
1,<environment.Job instance at 0x7f2c086215f0>,13,17,[ 4 10],18,32,49,14,23
1,<environment.Job instance at 0x7f2c507d9eb0>,21,1,[4 9],34,49,50,15,34
1,<environment.Job instance at 0x7f2c507d91e0>,22,14,[8 5],35,50,64,15,35
1,<environment.Job instance at 0x7f2c507d99b0>,25,13,[9 1],39,64,77,25,48
1,<environment.Job instance at 0x7f2c07e33280>,29,16,[5 5],44,77,93,33,73
1,<environment.Job instance at 0x7f2c07e33410>,32,14,[7 5],48,93,107,45,78
1,<environment.Job instance at 0x7f2c0827b140>,39,13,[ 5 10],60,107,120,47,95
1,<environment.Job instance at 0x7f2c0827bf00>,40,18,[6 2],62,120,138,58,109
1,<environment.Job instance at 0x7f2c507d9500>,28,15,[1 8],43,120,135,77,116
1,<environment.Job instance at 0x7f2c4dfb0910>,47,2,[5 5],72,138,140,66,122
1,<environment.Job instance at 0x7f2c0855ac80>,52,18,[6 5],79,140,158,61,131
1,<environment.Job instance at 0x7f2c4dfe6730>,3,15,[ 4 10],6,6,21,0,6
1,<environment.Job instance at 0x7f2c4dfb0fa0>,4,13,[2 8],8,21,34,13,8
1,<environment.Job instance at 0x7f2c07f941e0>,14,14,[ 1 10],21,34,48,13,22
1,<environment.Job instance at 0x7f2c07f5b4b0>,20,17,[3 8],32,48,65,16,40
1,<environment.Job instance at 0x7f2c07f5b5f0>,22,14,[4 6],37,65,79,28,58
1,<environment.Job instance at 0x7f2c083da280>,29,16,[1 5],46,98,114,52,98
1,<environment.Job instance at 0x7f2c08307410>,33,3,[5 1],51,111,114,60,111
1,<environment.Job instance at 0x7f2c08307870>,37,18,[ 4 10],55,123,141,68,123
1,<environment.Job instance at 0x7f2c082f2fa0>,39,15,[ 3 10],57,141,156,84,127
1,<environment.Job instance at 0x7f2c083d8910>,0,16,[6 4],1,1,17,0,1
1,<environment.Job instance at 0x7f2c4e10dc80>,6,23,[4 6],9,28,51,19,28
1,<environment.Job instance at 0x7f2c0824a690>,25,16,[4 8],37,51,67,14,39
1,<environment.Job instance at 0x7f2c0824aaa0>,30,14,[ 3 10],43,67,81,24,54
1,<environment.Job instance at 0x7f2c505660f0>,12,18,[10  1],16,81,99,65,72
1,<environment.Job instance at 0x7f2c4dcff9b0>,47,16,[5 5],66,99,115,33,88
1,<environment.Job instance at 0x7f2c08067640>,56,14,[9 1],80,115,129,35,105
1,<environment.Job instance at 0x7f2c07fa8690>,18,14,[10  5],28,129,143,101,118
1,<environment.Job instance at 0x7f2c0807dfa0>,66,13,[ 2 10],96,143,156,47,134
1,<environment.Job instance at 0x7f2c07e09d70>,1,12,[5 9],2,2,14,0,2
1,<environment.Job instance at 0x7f2c07e09a00>,8,12,[2 5],9,14,26,5,9
1,<environment.Job instance at 0x7f2c07e09140>,9,17,[7 4],10,14,31,4,10
1,<environment.Job instance at 0x7f2c07ddb5f0>,14,16,[3 8],15,31,47,16,19
1,<environment.Job instance at 0x7f2c07ddbeb0>,20,17,[5 7],21,47,64,26,40
1,<environment.Job instance at 0x7f2c07e862d0>,24,12,[7 3],28,64,76,36,52
1,<environment.Job instance at 0x7f2c07e86460>,27,15,[ 1 10],33,76,91,43,62
1,<environment.Job instance at 0x7f2c07d17d20>,44,15,[5 5],70,91,106,21,78
1,<environment.Job instance at 0x7f2c07d17280>,45,12,[3 5],74,91,103,17,83
1,<environment.Job instance at 0x7f2c07d17960>,39,18,[1 6],60,106,124,46,99
1,<environment.Job instance at 0x7f2c07d6bbe0>,52,18,[7 1],86,106,124,20,104
1,<environment.Job instance at 0x7f2c07d6bc80>,54,13,[2 5],89,124,137,35,109
1,<environment.Job instance at 0x7f2c07d1a0f0>,59,12,[5 3],97,124,136,27,120
1,<environment.Job instance at 0x7f2c07d6b280>,50,16,[4 8],82,137,153,55,124
1,<environment.Job instance at 0x7f2c07d1a5a0>,3,12,[7 3],5,12,24,7,12
1,<environment.Job instance at 0x7f2c50409280>,8,18,[1 8],12,24,42,12,13
1,<environment.Job instance at 0x7f2c504098c0>,9,20,[9 1],13,27,47,14,27
1,<environment.Job instance at 0x7f2c086c37d0>,2,16,[5 5],4,47,63,43,38
1,<environment.Job instance at 0x7f2c503f5140>,22,1,[10  1],28,63,64,35,38
1,<environment.Job instance at 0x7f2c503e4640>,15,1,[ 2 10],21,64,65,43,43
1,<environment.Job instance at 0x7f2c503e2cd0>,21,16,[5 5],27,47,63,20,43
1,<environment.Job instance at 0x7f2c50403550>,23,15,[5 8],29,65,80,36,52
1,<environment.Job instance at 0x7f2c503df910>,26,17,[3 5],35,80,97,45,68
1,<environment.Job instance at 0x7f2c50404410>,35,13,[2 6],47,97,110,50,81
1,<environment.Job instance at 0x7f2c084ed550>,40,16,[7 4],55,85,101,30,85
1,<environment.Job instance at 0x7f2c086c3d70>,4,15,[9 4],7,110,125,103,97
1,<environment.Job instance at 0x7f2c083b0aa0>,45,2,[1 7],65,125,127,60,100
1,<environment.Job instance at 0x7f2c0813c2d0>,0,1,[7 2],1,1,2,0,1
1,<environment.Job instance at 0x7f2c5062e910>,4,17,[9 3],5,5,22,0,5
1,<environment.Job instance at 0x7f2c4df7aa50>,11,3,[6 1],14,31,34,17,31
1,<environment.Job instance at 0x7f2c07e86e10>,14,17,[3 5],17,31,48,14,31
1,<environment.Job instance at 0x7f2c5062e870>,7,14,[1 9],8,48,62,40,35
1,<environment.Job instance at 0x7f2c08228e10>,8,12,[5 1],9,36,48,27,36
1,<environment.Job instance at 0x7f2c08731cd0>,22,15,[10  1],26,62,77,36,50
1,<environment.Job instance at 0x7f2c4e083640>,28,14,[8 2],34,77,91,43,69
1,<environment.Job instance at 0x7f2c50643dc0>,39,3,[6 1],50,91,94,41,91
1,<environment.Job instance at 0x7f2c506439b0>,40,14,[5 6],51,94,108,43,91
1,<environment.Job instance at 0x7f2c4e083960>,29,17,[ 2 10],35,108,125,73,98
1,<environment.Job instance at 0x7f2c506437d0>,45,14,[2 8],61,125,139,64,110
1,<environment.Job instance at 0x7f2c4e2708c0>,52,2,[3 8],70,139,141,69,122
1,<environment.Job instance at 0x7f2c08166c80>,0,14,[10  3],1,1,15,0,1
1,<environment.Job instance at 0x7f2c07fb13c0>,9,21,[6 4],13,15,36,2,15
1,<environment.Job instance at 0x7f2c07fb1820>,12,13,[10  1],17,36,49,19,20
1,<environment.Job instance at 0x7f2c50306a00>,17,15,[4 7],23,49,64,26,37
1,<environment.Job instance at 0x7f2c50306c80>,19,14,[5 7],26,64,78,38,51
1,<environment.Job instance at 0x7f2c503065f0>,24,1,[10  5],36,78,79,42,59
1,<environment.Job instance at 0x7f2c07e40af0>,27,19,[5 5],40,79,98,39,70
1,<environment.Job instance at 0x7f2c07e40190>,29,18,[3 5],43,79,97,36,71
1,<environment.Job instance at 0x7f2c07e40230>,37,12,[2 6],58,98,110,40,83
1,<environment.Job instance at 0x7f2c50a127d0>,39,16,[8 1],60,98,114,38,85
1,<environment.Job instance at 0x7f2c07fb14b0>,7,16,[1 7],10,110,126,100,100
1,<environment.Job instance at 0x7f2c50a12230>,42,16,[7 2],65,114,130,49,106
1,<environment.Job instance at 0x7f2c50a12b40>,46,26,[1 7],69,126,152,57,123
1,<environment.Job instance at 0x7f2c082d2f50>,52,17,[5 1],79,130,147,51,124
1,<environment.Job instance at 0x7f2c082d2d20>,58,13,[2 7],94,152,165,58,139
1,<environment.Job instance at 0x7f2c082ce0a0>,2,2,[2 7],6,6,8,0,6
1,<environment.Job instance at 0x7f2c082ceaa0>,4,2,[3 5],10,10,12,0,10
1,<environment.Job instance at 0x7f2c0873cbe0>,6,12,[2 7],13,13,25,0,13
1,<environment.Job instance at 0x7f2c07d5eeb0>,10,18,[1 9],17,25,43,8,25
1,<environment.Job instance at 0x7f2c4e25ea00>,16,17,[ 1 10],25,43,60,18,36
1,<environment.Job instance at 0x7f2c5039a230>,26,12,[8 3],37,60,72,23,48
1,<environment.Job instance at 0x7f2c4dc8aaa0>,24,15,[2 8],34,72,87,38,58
1,<environment.Job instance at 0x7f2c509ef820>,29,15,[ 5 10],40,87,102,47,74
1,<environment.Job instance at 0x7f2c509ef460>,30,16,[5 5],42,102,118,60,93
1,<environment.Job instance at 0x7f2c50925aa0>,45,13,[3 8],65,118,131,53,102
1,<environment.Job instance at 0x7f2c50925500>,49,14,[ 4 10],69,131,145,62,117
1,<environment.Job instance at 0x7f74cbf8b0f0>,0,18,[ 2 10],1,1,19,0,1
1,<environment.Job instance at 0x7f74c4b7baf0>,18,16,[4 9],24,29,45,5,29
1,<environment.Job instance at 0x7f74c4b7f1e0>,20,22,[8 2],26,45,67,19,42
1,<environment.Job instance at 0x7f74c4b7f5f0>,27,17,[5 9],36,67,84,31,55
1,<environment.Job instance at 0x7f74c4b7f8c0>,30,14,[8 3],40,84,98,44,74
1,<environment.Job instance at 0x7f74c4b7b410>,6,19,[1 7],8,84,103,76,80
1,<environment.Job instance at 0x7f74c4b7b640>,10,28,[3 9],14,103,131,89,103
1,<environment.Job instance at 0x7f74c4b80b40>,50,15,[7 4],64,131,146,67,131
1,<environment.Job instance at 0x7f74c4b845f0>,56,14,[6 3],77,146,160,69,134
1,<environment.Job instance at 0x7f74c4b84780>,60,2,[1 5],83,137,139,54,137
1,<environment.Job instance at 0x7f74c4b7b550>,9,17,[1 7],12,146,163,134,137
1,<environment.Job instance at 0x7f74c4b84a50>,61,2,[7 2],84,160,162,76,137
1,<environment.Job instance at 0x7f74c4b84a00>,63,2,[2 7],87,163,165,76,137
1,<environment.Job instance at 0x7f74cc0fae10>,0,3,[1 6],1,1,4,0,1
1,<environment.Job instance at 0x7f74cc0fa280>,2,14,[9 1],4,4,18,0,4
1,<environment.Job instance at 0x7f74cc0f25f0>,11,15,[5 3],19,19,34,0,19
1,<environment.Job instance at 0x7f74cc0ffbe0>,20,18,[ 2 10],29,34,52,5,34
1,<environment.Job instance at 0x7f74cc0fcd70>,22,2,[9 1],31,52,54,21,34
1,<environment.Job instance at 0x7f74cc0fc190>,21,13,[4 7],30,54,67,24,38
1,<environment.Job instance at 0x7f74cc1061e0>,38,15,[7 2],65,67,82,2,65
1,<environment.Job instance at 0x7f74c4b5e370>,40,15,[8 5],68,82,97,14,68
1,<environment.Job instance at 0x7f74cc0fc1e0>,23,17,[5 6],34,97,114,63,85
1,<environment.Job instance at 0x7f74cc105d20>,53,14,[5 3],84,97,111,13,95
1,<environment.Job instance at 0x7f74cc0f5230>,56,16,[7 5],92,114,130,22,101
1,<environment.Job instance at 0x7f7480dca5a0>,62,17,[4 9],100,130,147,30,123
1,<environment.Job instance at 0x7f7480dcb730>,70,1,[9 1],116,147,148,31,134
1,<environment.Job instance at 0x7f74cc105410>,49,18,[ 4 10],78,148,166,70,141
1,<environment.Job instance at 0x7f7480fb37d0>,0,3,[7 2],2,2,5,0,2
1,<environment.Job instance at 0x7f74c5022730>,5,17,[8 2],8,8,25,0,8
1,<environment.Job instance at 0x7f7480e18f50>,8,23,[5 4],11,25,48,14,25
1,<environment.Job instance at 0x7f74c48e10a0>,16,18,[3 8],24,48,66,24,37
1,<environment.Job instance at 0x7f74c49ce2d0>,28,17,[5 3],45,66,83,21,57
1,<environment.Job instance at 0x7f74c49ce910>,32,2,[5 1],49,74,76,25,74
1,<environment.Job instance at 0x7f74c49ce780>,35,12,[1 8],52,83,95,31,74
1,<environment.Job instance at 0x7f74c4a03eb0>,39,14,[9 2],58,87,101,29,87
1,<environment.Job instance at 0x7f74c4daf640>,41,26,[7 2],61,109,135,48,109
1,<environment.Job instance at 0x7f7480f4c1e0>,46,16,[6 2],66,135,151,69,122
1,<environment.Job instance at 0x7f7480f4c410>,50,15,[1 5],71,139,154,68,139
1,<environment.Job instance at 0x7f748133aa00>,0,3,[5 6],1,1,4,0,1
1,<environment.Job instance at 0x7f748133ab90>,3,2,[7 2],6,6,8,0,6
1,<environment.Job instance at 0x7f74c501ee60>,5,2,[5 6],11,11,13,0,11
1,<environment.Job instance at 0x7f74cc0f4af0>,6,14,[ 3 10],14,14,28,0,14
1,<environment.Job instance at 0x7f7480e1fe60>,8,16,[8 5],16,28,44,12,25
1,<environment.Job instance at 0x7f74c4c460f0>,15,2,[ 2 10],27,44,46,17,27
1,<environment.Job instance at 0x7f74cbfacfa0>,17,3,[5 5],29,46,49,17,29
1,<environment.Job instance at 0x7f74cbfacf00>,16,2,[7 3],28,49,51,21,29
1,<environment.Job instance at 0x7f74c4c3a280>,18,2,[5 4],30,46,48,16,31
1,<environment.Job instance at 0x7f748131ac30>,25,16,[4 9],38,51,67,13,39
1,<environment.Job instance at 0x7f74c4cdf0f0>,31,2,[6 3],48,67,69,19,54
1,<environment.Job instance at 0x7f74c4cdfaa0>,32,24,[3 6],49,67,91,18,66
1,<environment.Job instance at 0x7f74c4b75c80>,39,2,[3 6],62,91,93,29,73
1,<environment.Job instance at 0x7f74c4b75d70>,40,2,[2 5],63,93,95,30,73
1,<environment.Job instance at 0x7f74c4b755f0>,43,14,[6 1],66,76,90,10,76
1,<environment.Job instance at 0x7f74c4b751e0>,44,13,[4 9],67,95,108,28,79
1,<environment.Job instance at 0x7f74c7709910>,46,16,[4 5],70,108,124,38,95
1,<environment.Job instance at 0x7f74814fd4b0>,56,1,[10  2],83,124,125,41,110
1,<environment.Job instance at 0x7f7481331280>,57,14,[5 1],85,110,124,25,110
1,<environment.Job instance at 0x7f7481495be0>,51,12,[5 4],75,125,137,50,115
1,<environment.Job instance at 0x7f74cbfb4820>,62,15,[2 8],93,137,152,44,123
1,<environment.Job instance at 0x7f74c7271820>,66,18,[7 5],97,152,170,55,146
1,<environment.Job instance at 0x7f7480dd8be0>,0,19,[5 3],1,1,20,0,1
1,<environment.Job instance at 0x7f748125ba00>,9,16,[2 9],14,20,36,6,15
1,<environment.Job instance at 0x7f74c71fc640>,14,15,[ 5 10],19,36,51,17,24
1,<environment.Job instance at 0x7f748152bb40>,20,15,[2 7],29,51,66,22,43
1,<environment.Job instance at 0x7f748152baa0>,24,25,[7 3],33,53,78,20,53
1,<environment.Job instance at 0x7f74815212d0>,36,27,[8 2],51,78,105,27,76
1,<environment.Job instance at 0x7f748152e910>,46,12,[ 2 10],70,105,117,35,98
1,<environment.Job instance at 0x7f7481519c80>,50,23,[10  4],76,117,140,41,112
1,<environment.Job instance at 0x7f74c496caa0>,57,13,[5 7],85,140,153,55,124
1,<environment.Job instance at 0x7f748152edc0>,47,15,[9 2],71,153,168,82,141
1,<environment.Job instance at 0x7f74c4f797d0>,0,18,[10  3],1,1,19,0,1
1,<environment.Job instance at 0x7f74c72f6c30>,17,17,[2 8],28,30,47,2,30
1,<environment.Job instance at 0x7f74c72f60a0>,21,20,[ 4 10],34,47,67,13,38
1,<environment.Job instance at 0x7f74c72f6b90>,22,15,[4 9],35,67,82,32,53
1,<environment.Job instance at 0x7f74c760b820>,31,27,[5 1],48,85,112,37,85
1,<environment.Job instance at 0x7f74c72f6050>,25,12,[6 4],40,112,124,72,99
1,<environment.Job instance at 0x7f74c7239820>,43,18,[2 9],62,124,142,62,113
1,<environment.Job instance at 0x7f74c4f792d0>,8,14,[8 1],12,127,141,115,127
1,<environment.Job instance at 0x7f7481213af0>,56,12,[5 5],76,142,154,66,127
1,<environment.Job instance at 0x7f74c7239280>,48,14,[4 8],67,154,168,87,141
1,<environment.Job instance at 0x7f74c4c2a690>,0,16,[7 5],1,1,17,0,1
1,<environment.Job instance at 0x7f74c4d348c0>,11,16,[3 6],17,17,33,0,17
1,<environment.Job instance at 0x7f74c4eca280>,18,17,[5 1],24,26,43,2,26
1,<environment.Job instance at 0x7f74c710e5a0>,17,16,[5 3],23,33,49,10,28
1,<environment.Job instance at 0x7f74c7423780>,23,12,[4 6],29,43,55,14,30
1,<environment.Job instance at 0x7f74c4ca6550>,30,15,[6 2],37,49,64,12,37
1,<environment.Job instance at 0x7f74c735faa0>,32,2,[1 6],39,55,57,16,39
1,<environment.Job instance at 0x7f74c78a8230>,35,15,[6 5],42,64,79,22,50
1,<environment.Job instance at 0x7f7480eb1b90>,39,28,[6 1],47,79,107,32,78
1,<environment.Job instance at 0x7f74cbfcfb40>,54,17,[10  4],66,107,124,41,95
1,<environment.Job instance at 0x7f74c71508c0>,59,14,[8 3],73,124,138,51,109
1,<environment.Job instance at 0x7f7481103b90>,68,3,[5 8],87,143,146,56,143
1,<environment.Job instance at 0x7f74811030a0>,69,3,[7 5],88,146,149,58,143
1,<environment.Job instance at 0x7f7481103140>,70,2,[10  2],89,149,151,60,143
1,<environment.Job instance at 0x7f74c50ac140>,41,14,[10  5],50,151,165,101,143
1,<environment.Job instance at 0x7f74c4abd4b0>,72,3,[4 5],91,165,168,74,143
1,<environment.Job instance at 0x7f74c4abda50>,74,1,[9 2],96,168,169,72,144
1,<environment.Job instance at 0x7f74c4c2aa00>,0,18,[3 6],1,1,19,0,1
1,<environment.Job instance at 0x7f74c4fe8550>,11,13,[9 4],15,25,38,10,25
1,<environment.Job instance at 0x7f74c4fe8640>,12,12,[2 6],16,38,50,22,27
1,<environment.Job instance at 0x7f74c4fe86e0>,13,16,[2 7],17,50,66,33,37
1,<environment.Job instance at 0x7f74c4fe8be0>,20,20,[6 3],26,45,65,19,45
1,<environment.Job instance at 0x7f74c4fe84b0>,6,16,[3 7],10,66,82,56,61
1,<environment.Job instance at 0x7f7481056b40>,32,27,[5 3],47,78,105,31,78
1,<environment.Job instance at 0x7f74c4fe8370>,7,25,[1 5],11,93,118,82,93
1,<environment.Job instance at 0x7f74c4fe8500>,8,18,[9 5],12,105,123,93,100
1,<environment.Job instance at 0x7f74812909b0>,0,12,[3 7],4,4,16,0,4
1,<environment.Job instance at 0x7f74c756a730>,9,18,[5 2],14,24,42,10,24
1,<environment.Job instance at 0x7f74c49be690>,24,12,[3 7],36,41,53,5,41
1,<environment.Job instance at 0x7f7480dd60f0>,30,14,[3 7],43,53,67,10,43
1,<environment.Job instance at 0x7f74c7689410>,33,17,[7 5],48,67,84,19,62
1,<environment.Job instance at 0x7f74cbfb5dc0>,20,3,[5 7],31,84,87,53,70
1,<environment.Job instance at 0x7f74c76c08c0>,39,1,[9 1],59,87,88,28,70
1,<environment.Job instance at 0x7f74c49be190>,25,15,[ 2 10],37,88,103,51,77
1,<environment.Job instance at 0x7f7480f1c5f0>,46,1,[5 1],69,103,104,34,88
1,<environment.Job instance at 0x7f7480f1c7d0>,47,17,[7 5],70,104,121,34,93
1,<environment.Job instance at 0x7f74c4dcd9b0>,50,12,[8 3],74,121,133,47,106
1,<environment.Job instance at 0x7f74c76c00f0>,41,18,[2 7],61,121,139,60,114
1,<environment.Job instance at 0x7f7480d67b90>,58,17,[10  4],89,140,157,51,140
1,<environment.Job instance at 0x7f7480d677d0>,59,21,[9 2],92,157,178,65,149
1,<environment.Job instance at 0x7f74c4c53730>,2,14,[5 4],6,6,20,0,6
1,<environment.Job instance at 0x7f74c4c536e0>,5,16,[9 4],10,20,36,10,11
1,<environment.Job instance at 0x7f74c77f5370>,7,17,[1 9],12,43,60,31,43
1,<environment.Job instance at 0x7f748133ac30>,26,1,[6 5],44,60,61,16,44
1,<environment.Job instance at 0x7f748103b9b0>,27,1,[5 8],45,61,62,16,45
1,<environment.Job instance at 0x7f748149a410>,28,2,[10  1],47,62,64,15,47
1,<environment.Job instance at 0x7f74c74343c0>,30,13,[3 9],50,64,77,14,50
1,<environment.Job instance at 0x7f74c4962b90>,24,18,[5 7],42,77,95,35,66
1,<environment.Job instance at 0x7f7481289e60>,43,13,[10  3],73,95,108,22,79
1,<environment.Job instance at 0x7f7481131af0>,45,12,[5 5],77,108,120,31,91
1,<environment.Job instance at 0x7f7481350e60>,52,15,[3 9],87,120,135,33,106
1,<environment.Job instance at 0x7f7481118c80>,56,16,[ 4 10],98,135,151,37,123
1,<environment.Job instance at 0x7f74c4bd17d0>,60,16,[3 9],103,151,167,48,139
1,<environment.Job instance at 0x7f74c7370be0>,0,16,[7 4],2,2,18,0,2
1,<environment.Job instance at 0x7f74c75e7460>,9,15,[1 8],13,18,33,5,13
1,<environment.Job instance at 0x7f74c75e7780>,13,26,[7 5],18,33,59,15,30
1,<environment.Job instance at 0x7f74c75d1050>,24,12,[6 1],34,59,71,25,44
1,<environment.Job instance at 0x7f74c75d16e0>,29,16,[8 4],42,71,87,29,59
1,<environment.Job instance at 0x7f74c75d1be0>,32,16,[2 9],45,87,103,42,79
1,<environment.Job instance at 0x7f74c75e7dc0>,21,25,[9 3],30,103,128,73,100
1,<environment.Job instance at 0x7f74c75d55a0>,44,13,[5 6],60,128,141,68,118
1,<environment.Job instance at 0x7f74c75d5b40>,50,1,[2 6],73,141,142,68,131
1,<environment.Job instance at 0x7f74c75d5aa0>,51,18,[5 1],74,135,153,61,135
1,<environment.Job instance at 0x7f74c75d5a50>,49,15,[5 7],72,142,157,70,137
1,<environment.Job instance at 0x7f74c75d5c80>,1,18,[5 5],2,2,20,0,2
1,<environment.Job instance at 0x7f74c4ac28c0>,10,18,[8 5],14,20,38,6,19
1,<environment.Job instance at 0x7f74c4903050>,21,1,[5 7],27,44,45,17,44
1,<environment.Job instance at 0x7f74c4ac2b90>,17,19,[8 3],22,45,64,23,44
1,<environment.Job instance at 0x7f74c49034b0>,24,17,[10  4],32,64,81,32,52
1,<environment.Job instance at 0x7f74c4903500>,26,18,[10  4],35,81,99,46,71
1,<environment.Job instance at 0x7f74811d0d70>,35,14,[10  4],46,99,113,53,84
1,<environment.Job instance at 0x7f74cbebf050>,34,12,[2 8],45,113,125,68,98
1,<environment.Job instance at 0x7f74c7692e10>,5,17,[ 5 10],7,125,142,118,118
1,<environment.Job instance at 0x7f7480d643c0>,51,12,[3 9],72,142,154,70,127
1,<environment.Job instance at 0x7f7480d64af0>,49,13,[9 1],69,154,167,85,143
1,<environment.Job instance at 0x7f74c4de47d0>,2,18,[8 2],4,4,22,0,4
1,<environment.Job instance at 0x7f74c718ed70>,4,14,[9 5],6,22,36,16,12
1,<environment.Job instance at 0x7f74c4de4cd0>,5,14,[1 7],8,36,50,28,22
1,<environment.Job instance at 0x7f74812df0a0>,15,1,[7 3],25,36,37,11,35
1,<environment.Job instance at 0x7f74812df500>,22,13,[5 8],33,50,63,17,36
1,<environment.Job instance at 0x7f74812dfc30>,26,15,[9 3],40,63,78,23,49
1,<environment.Job instance at 0x7f74c70cdf00>,30,13,[1 5],49,63,76,14,59
1,<environment.Job instance at 0x7f74812df410>,25,12,[10  4],37,78,90,41,67
1,<environment.Job instance at 0x7f74c70cd320>,34,2,[3 7],55,90,92,35,69
1,<environment.Job instance at 0x7f74c70cd190>,37,13,[5 8],59,92,105,33,77
1,<environment.Job instance at 0x7f74c70cd7d0>,35,14,[4 6],57,105,119,48,105
1,<environment.Job instance at 0x7f74c71c39b0>,44,13,[10  4],68,119,132,51,111
1,<environment.Job instance at 0x7f74c71c35f0>,50,18,[ 4 10],75,132,150,57,126
1,<environment.Job instance at 0x7f7481231190>,56,12,[8 1],83,150,162,67,139
1,<environment.Job instance at 0x7f7480b9c690>,8,15,[4 8],13,29,44,16,29
1,<environment.Job instance at 0x7f7480b9dfa0>,15,13,[ 4 10],23,44,57,21,30
1,<environment.Job instance at 0x7f74c72ee140>,24,14,[10  5],38,57,71,19,44
1,<environment.Job instance at 0x7f7480ff1c30>,29,1,[3 8],43,71,72,28,54
1,<environment.Job instance at 0x7f74c72c85a0>,25,16,[10  2],39,72,88,33,59
1,<environment.Job instance at 0x7f7480b9d500>,14,16,[10  1],21,88,104,67,75
1,<environment.Job instance at 0x7f74c4b76b90>,51,12,[3 9],73,104,116,31,92
1,<environment.Job instance at 0x7f74810f7190>,56,13,[ 4 10],83,116,129,33,102
1,<environment.Job instance at 0x7f74810f12d0>,62,14,[9 1],90,129,143,39,115
1,<environment.Job instance at 0x7f74c4a31690>,30,25,[6 2],44,143,168,99,142
1,<environment.Job instance at 0x7f7480d25320>,1,12,[5 9],2,2,14,0,2
1,<environment.Job instance at 0x7f74c72a5eb0>,13,13,[7 4],14,15,28,1,15
1,<environment.Job instance at 0x7f74c781a960>,20,17,[5 7],21,28,45,7,21
1,<environment.Job instance at 0x7f74c781a140>,22,18,[1 6],24,45,63,21,37
1,<environment.Job instance at 0x7f74c4d85500>,9,17,[7 4],10,45,62,35,40
1,<environment.Job instance at 0x7f7480d620f0>,27,15,[ 1 10],33,63,78,30,51
1,<environment.Job instance at 0x7f7480d62b90>,29,18,[ 4 10],36,78,96,42,69
1,<environment.Job instance at 0x7f7480c6ae60>,42,18,[9 5],66,96,114,30,85
1,<environment.Job instance at 0x7f7481160d70>,58,3,[9 4],96,114,117,18,105
1,<environment.Job instance at 0x7f74811dd460>,60,15,[6 1],98,117,132,19,112
1,<environment.Job instance at 0x7f7481160c30>,57,18,[4 8],94,117,135,23,113
1,<environment.Job instance at 0x7f74c7673a50>,50,16,[4 8],82,135,151,53,122
1,<environment.Job instance at 0x7f7480df77d0>,71,1,[5 3],112,151,152,39,135
1,<environment.Job instance at 0x7f7480df7320>,72,3,[ 4 10],113,152,155,39,135
1,<environment.Job instance at 0x7f7481334eb0>,0,18,[1 8],2,2,20,0,2
1,<environment.Job instance at 0x7f7480b7fe60>,8,16,[9 1],12,12,28,0,12
1,<environment.Job instance at 0x7f7480b7f550>,16,14,[3 7],23,28,42,5,23
1,<environment.Job instance at 0x7f7480b7fc80>,12,19,[5 9],16,42,61,26,32
1,<environment.Job instance at 0x7f7480b7f820>,17,16,[ 5 10],24,61,77,37,50
1,<environment.Job instance at 0x7f7480b7f2d0>,15,15,[5 8],19,77,92,58,63
1,<environment.Job instance at 0x7f7480b4c2d0>,39,1,[6 5],57,92,93,35,90
1,<environment.Job instance at 0x7f7480b4c5f0>,41,12,[ 5 10],60,114,126,54,114
1,<environment.Job instance at 0x7f7480b4c0a0>,42,1,[1 7],61,126,127,65,114
1,<environment.Job instance at 0x7f7480b4cb40>,43,18,[8 2],62,126,144,64,115
1,<environment.Job instance at 0x7f7480b52e10>,34,24,[2 5],49,127,151,78,122
1,<environment.Job instance at 0x7f7480bdce10>,52,17,[8 1],76,144,161,68,132
1,<environment.Job instance at 0x7f7480bdc730>,56,16,[7 4],82,161,177,79,148
1,<environment.Job instance at 0x7f74c727ee10>,1,1,[ 4 10],2,2,3,0,2
1,<environment.Job instance at 0x7f7480c28c30>,2,2,[3 6],3,3,5,0,3
1,<environment.Job instance at 0x7f74c719e140>,3,3,[2 5],4,5,8,1,4
1,<environment.Job instance at 0x7f74c7381f00>,5,15,[10  1],6,8,23,2,6
1,<environment.Job instance at 0x7f74c7381d20>,7,12,[2 8],9,23,35,14,9
1,<environment.Job instance at 0x7f74c5060be0>,23,14,[5 6],31,35,49,4,31
1,<environment.Job instance at 0x7f74c73830f0>,29,3,[ 2 10],42,49,52,7,42
1,<environment.Job instance at 0x7f74c7383e60>,28,14,[2 8],41,52,66,11,45
1,<environment.Job instance at 0x7f74c4b193c0>,31,17,[8 4],44,66,83,22,58
1,<environment.Job instance at 0x7f74c7383c80>,27,26,[2 5],39,69,95,30,69
1,<environment.Job instance at 0x7f74c4b14d20>,38,15,[5 1],54,83,98,29,69
1,<environment.Job instance at 0x7f74c4b143c0>,40,3,[5 5],57,95,98,38,84
1,<environment.Job instance at 0x7f74c4b14e10>,41,3,[3 6],58,98,101,40,84
1,<environment.Job instance at 0x7f74c4a23820>,45,16,[5 3],66,98,114,32,89
1,<environment.Job instance at 0x7f74c4a495f0>,53,18,[8 1],76,114,132,38,110
1,<environment.Job instance at 0x7f74c4a490a0>,54,18,[7 2],78,132,150,54,122
1,<environment.Job instance at 0x7f74c4a2b190>,61,16,[2 8],90,137,153,47,137
1,<environment.Job instance at 0x7f74c4a2be60>,64,15,[8 2],93,150,165,57,140
1,<environment.Job instance at 0x7f74c4a2baa0>,1,3,[10  5],3,3,6,0,3
1,<environment.Job instance at 0x7f748129d6e0>,2,3,[6 3],4,6,9,2,4
1,<environment.Job instance at 0x7f74c70bd960>,5,2,[ 1 10],9,9,11,0,9
1,<environment.Job instance at 0x7f74c70bdeb0>,6,19,[5 5],10,11,30,1,10
1,<environment.Job instance at 0x7f74c4a9a370>,10,17,[6 1],20,30,47,10,23
1,<environment.Job instance at 0x7f74c7841f00>,26,21,[8 3],40,47,68,7,41
1,<environment.Job instance at 0x7f74c4affc30>,25,26,[1 7],39,50,76,11,50
1,<environment.Job instance at 0x7f748131c1e0>,34,12,[8 5],57,76,88,19,62
1,<environment.Job instance at 0x7f748131c960>,36,17,[3 5],63,88,105,25,76
1,<environment.Job instance at 0x7f74c4affaf0>,23,17,[8 5],37,105,122,68,99
1,<environment.Job instance at 0x7f7480b8c4b0>,47,16,[1 6],78,122,138,44,111
1,<environment.Job instance at 0x7f74c715ec80>,53,15,[6 2],85,122,137,37,120
1,<environment.Job instance at 0x7f74c4ca6c30>,59,13,[2 8],91,138,151,47,133
1,<environment.Job instance at 0x7f748151c960>,69,23,[8 2],102,137,160,35,135
1,<environment.Job instance at 0x7f74c762fb40>,63,16,[4 9],96,160,176,64,147
1,<environment.Job instance at 0x7f748152ddc0>,0,16,[5 5],2,2,18,0,2
1,<environment.Job instance at 0x7f748152d7d0>,3,14,[3 5],8,8,22,0,8
1,<environment.Job instance at 0x7f7480cfc730>,7,23,[5 5],16,18,41,2,18
1,<environment.Job instance at 0x7f7480cfc910>,8,13,[9 4],18,41,54,23,25
1,<environment.Job instance at 0x7f7480e79af0>,19,14,[ 4 10],29,54,68,25,41
1,<environment.Job instance at 0x7f7480e79c80>,15,13,[3 8],25,68,81,43,52
1,<environment.Job instance at 0x7f74c4c3bb40>,29,15,[2 8],45,81,96,36,67
1,<environment.Job instance at 0x7f74c4c3b8c0>,32,17,[ 3 10],49,96,113,47,87
1,<environment.Job instance at 0x7f74c4c15960>,38,28,[10  5],57,113,141,56,112
1,<environment.Job instance at 0x7f74c4c155f0>,42,12,[3 6],62,141,153,79,125
1,<environment.Job instance at 0x7f74c4c3b820>,25,18,[1 9],38,153,171,115,142
1,<environment.Job instance at 0x7f7480f086e0>,2,13,[1 7],5,5,18,0,5
1,<environment.Job instance at 0x7f7480f08960>,9,21,[ 4 10],14,19,40,5,19
1,<environment.Job instance at 0x7f7480c627d0>,17,15,[8 2],28,40,55,12,38
1,<environment.Job instance at 0x7f7480c622d0>,25,1,[7 2],38,55,56,17,47
1,<environment.Job instance at 0x7f7480bafd20>,29,18,[10  1],44,58,76,14,58
1,<environment.Job instance at 0x7f7480c62aa0>,21,2,[1 6],34,76,78,42,61
1,<environment.Job instance at 0x7f7481052140>,35,14,[8 1],51,76,90,25,61
1,<environment.Job instance at 0x7f7480c62d20>,18,2,[1 7],29,78,80,49,78
1,<environment.Job instance at 0x7f74810698c0>,42,17,[3 7],65,100,117,35,100
1,<environment.Job instance at 0x7f7481069690>,43,13,[10  4],66,117,130,51,105
1,<environment.Job instance at 0x7f748104eaf0>,52,3,[2 6],82,130,133,48,123
1,<environment.Job instance at 0x7f748104eb90>,53,18,[4 8],84,133,151,49,123
1,<environment.Job instance at 0x7f748104e1e0>,55,1,[3 7],86,151,152,65,144
1,<environment.Job instance at 0x7f748104e640>,58,16,[7 2],90,151,167,61,147
1,<environment.Job instance at 0x7f7059bae140>,0,18,[ 2 10],1,2,20,1,2
1,<environment.Job instance at 0x7f705279e4b0>,7,12,[7 2],9,20,32,11,12
1,<environment.Job instance at 0x7f705279e5a0>,9,17,[1 7],12,21,38,9,21
1,<environment.Job instance at 0x7f705279e870>,18,16,[4 9],24,38,54,14,29
1,<environment.Job instance at 0x7f705279ec30>,20,22,[8 2],26,54,76,28,50
1,<environment.Job instance at 0x7f70527a30a0>,22,18,[7 4],28,76,94,48,65
1,<environment.Job instance at 0x7f70527a3320>,28,13,[1 6],37,65,78,28,65
1,<environment.Job instance at 0x7f70527a3960>,31,16,[9 3],41,94,110,53,81
1,<environment.Job instance at 0x7f70527a40f0>,41,14,[8 4],53,110,124,57,95
1,<environment.Job instance at 0x7f70527a35f0>,23,20,[ 5 10],30,124,144,94,116
1,<environment.Job instance at 0x7f70527a4b90>,49,16,[10  3],63,144,160,81,136
1,<environment.Job instance at 0x7f705279e190>,5,18,[7 5],7,160,178,153,149
1,<environment.Job instance at 0x7f70527a48c0>,1,3,[5 7],4,4,7,0,4
1,<environment.Job instance at 0x7f7059d21c30>,3,1,[1 5],7,7,8,0,7
1,<environment.Job instance at 0x7f7059d15b90>,9,2,[1 7],14,14,16,0,14
1,<environment.Job instance at 0x7f7059d29460>,13,13,[10  2],18,18,31,0,18
1,<environment.Job instance at 0x7f7059d21460>,5,15,[5 3],9,31,46,22,18
1,<environment.Job instance at 0x7f7059d29230>,14,18,[ 2 10],19,46,64,27,42
1,<environment.Job instance at 0x7f7059d1b960>,30,1,[5 6],50,64,65,14,51
1,<environment.Job instance at 0x7f7059d1b280>,31,2,[8 5],51,65,67,14,51
1,<environment.Job instance at 0x7f7059bd5c30>,33,13,[ 4 10],57,67,80,10,57
1,<environment.Job instance at 0x7f7059d1feb0>,27,1,[2 5],47,65,66,18,63
1,<environment.Job instance at 0x7f7059bd5a00>,34,15,[8 5],58,80,95,22,66
1,<environment.Job instance at 0x7f7059d22be0>,46,18,[10  1],73,95,113,22,84
1,<environment.Job instance at 0x7f7059d285a0>,50,16,[7 5],82,113,129,31,100
1,<environment.Job instance at 0x7f7059d28fa0>,56,17,[4 9],90,129,146,39,117
1,<environment.Job instance at 0x7f7059bd56e0>,41,15,[6 2],66,146,161,80,132
1,<environment.Job instance at 0x7f7059bd7280>,68,20,[2 7],110,146,166,36,138
1,<environment.Job instance at 0x7f7059d1f820>,28,16,[1 9],48,166,182,118,156
1,<environment.Job instance at 0x7f700ea40b90>,0,2,[9 4],2,2,4,0,2
1,<environment.Job instance at 0x7f700eab4780>,2,18,[3 8],4,4,22,0,4
1,<environment.Job instance at 0x7f700e9fb2d0>,9,17,[2 6],14,22,39,8,15
1,<environment.Job instance at 0x7f700eaa9780>,19,1,[1 7],30,39,40,9,30
1,<environment.Job instance at 0x7f700eaa9370>,21,12,[1 8],32,40,52,8,32
1,<environment.Job instance at 0x7f705256b4b0>,26,24,[10  3],39,52,76,13,49
1,<environment.Job instance at 0x7f7052623e60>,30,17,[7 5],44,76,93,32,66
1,<environment.Job instance at 0x7f700eb375a0>,36,15,[1 5],51,85,100,34,85
1,<environment.Job instance at 0x7f700eb37b90>,33,22,[5 4],47,93,115,46,86
1,<environment.Job instance at 0x7f700eb37280>,38,13,[2 6],54,100,113,46,89
1,<environment.Job instance at 0x7f700eb37a00>,40,14,[3 6],57,113,127,56,99
1,<environment.Job instance at 0x7f700eb37730>,39,13,[6 5],56,127,140,71,115
1,<environment.Job instance at 0x7f7052567eb0>,53,16,[1 5],74,127,143,53,120
1,<environment.Job instance at 0x7f7052567c80>,55,15,[8 5],79,140,155,61,129
1,<environment.Job instance at 0x7f7052b8b9b0>,64,14,[8 3],89,155,169,66,147
1,<environment.Job instance at 0x7f7052506190>,61,14,[9 4],86,169,183,83,156
1,<environment.Job instance at 0x7f705734fa00>,2,14,[4 9],3,3,17,0,3
1,<environment.Job instance at 0x7f700ea415a0>,6,16,[4 9],8,17,33,9,8
1,<environment.Job instance at 0x7f7052802dc0>,15,16,[4 9],23,33,49,10,23
1,<environment.Job instance at 0x7f700ea405a0>,25,13,[4 9],37,49,62,12,41
1,<environment.Job instance at 0x7f700ef3f9b0>,34,18,[2 8],49,62,80,13,51
1,<environment.Job instance at 0x7f700ef3ff00>,36,16,[4 9],52,80,96,28,74
1,<environment.Job instance at 0x7f70572e4690>,10,15,[10  5],16,96,111,80,88
1,<environment.Job instance at 0x7f700ea3e0f0>,44,2,[1 6],64,111,113,47,95
1,<environment.Job instance at 0x7f700ef17cd0>,43,15,[2 8],63,113,128,50,99
1,<environment.Job instance at 0x7f700eef5eb0>,51,13,[3 9],73,128,141,55,115
1,<environment.Job instance at 0x7f700ea3ee10>,47,18,[7 5],67,141,159,74,133
1,<environment.Job instance at 0x7f700ee4fbe0>,58,13,[3 9],82,159,172,77,150
1,<environment.Job instance at 0x7f7052856640>,2,1,[1 5],5,5,6,0,5
1,<environment.Job instance at 0x7f70525872d0>,10,3,[3 5],19,19,22,0,19
1,<environment.Job instance at 0x7f7056e37690>,11,3,[4 7],21,22,25,1,21
1,<environment.Job instance at 0x7f7052587410>,12,18,[5 4],22,25,43,3,22
1,<environment.Job instance at 0x7f70572709b0>,14,17,[6 1],27,43,60,16,31
1,<environment.Job instance at 0x7f700edb2730>,16,12,[ 2 10],30,60,72,30,44
1,<environment.Job instance at 0x7f705263a050>,19,14,[7 5],35,72,86,37,58
1,<environment.Job instance at 0x7f7052587190>,7,12,[8 4],15,86,98,71,73
1,<environment.Job instance at 0x7f700edcf320>,36,3,[7 5],57,98,101,41,79
1,<environment.Job instance at 0x7f700edde820>,39,12,[8 1],61,101,113,40,84
1,<environment.Job instance at 0x7f700edde960>,41,3,[9 2],63,113,116,50,97
1,<environment.Job instance at 0x7f700edd0dc0>,46,17,[5 1],70,116,133,46,112
1,<environment.Job instance at 0x7f700edd0370>,48,14,[2 7],72,116,130,44,112
1,<environment.Job instance at 0x7f700edd06e0>,51,12,[4 7],75,133,145,58,133
1,<environment.Job instance at 0x7f700edbedc0>,56,12,[8 4],81,145,157,64,134
1,<environment.Job instance at 0x7f705746f370>,3,1,[1 5],4,4,5,0,4
1,<environment.Job instance at 0x7f705746ffa0>,5,1,[6 5],7,7,8,0,7
1,<environment.Job instance at 0x7f705746be10>,6,15,[5 3],8,8,23,0,8
1,<environment.Job instance at 0x7f705746f730>,8,15,[5 2],11,12,27,1,12
1,<environment.Job instance at 0x7f705746bbe0>,13,15,[2 5],16,23,38,7,17
1,<environment.Job instance at 0x7f7052c4b780>,19,13,[6 1],22,27,40,5,24
1,<environment.Job instance at 0x7f7052c4b730>,20,13,[1 8],23,38,51,15,24
1,<environment.Job instance at 0x7f7052659280>,33,13,[3 7],42,51,64,9,47
1,<environment.Job instance at 0x7f7052659140>,30,2,[8 2],39,48,50,9,48
1,<environment.Job instance at 0x7f7052c4b0a0>,28,1,[10  3],33,64,65,31,60
1,<environment.Job instance at 0x7f705267cbe0>,38,17,[1 9],48,65,82,17,64
1,<environment.Job instance at 0x7f705267c230>,41,17,[2 6],51,82,99,31,79
1,<environment.Job instance at 0x7f705267c7d0>,45,24,[8 2],58,82,106,24,82
1,<environment.Job instance at 0x7f700ee38640>,48,3,[3 9],62,106,109,44,82
1,<environment.Job instance at 0x7f70526592d0>,36,18,[5 9],45,109,127,64,101
1,<environment.Job instance at 0x7f7056eecf00>,56,2,[3 6],77,127,129,50,103
1,<environment.Job instance at 0x7f7052653550>,57,13,[5 5],79,129,142,50,113
1,<environment.Job instance at 0x7f70526b7be0>,59,3,[10  3],83,142,145,59,116
1,<environment.Job instance at 0x7f70570a99b0>,61,18,[2 6],86,145,163,59,134
1,<environment.Job instance at 0x7f7056db72d0>,69,14,[7 5],94,163,177,69,148
1,<environment.Job instance at 0x7f70526bf730>,0,13,[4 7],1,1,14,0,1
1,<environment.Job instance at 0x7f70529d9690>,7,18,[5 2],11,11,29,0,11
1,<environment.Job instance at 0x7f7052c92230>,9,14,[8 3],13,29,43,16,14
1,<environment.Job instance at 0x7f700ec14230>,27,19,[9 4],41,43,62,2,42
1,<environment.Job instance at 0x7f700ec1b870>,31,3,[5 9],47,62,65,15,52
1,<environment.Job instance at 0x7f700ebfb5f0>,36,14,[4 6],58,65,79,7,58
1,<environment.Job instance at 0x7f700ec1ba50>,32,12,[9 1],48,79,91,31,73
1,<environment.Job instance at 0x7f700ec026e0>,43,16,[3 9],68,101,117,33,101
1,<environment.Job instance at 0x7f700ec025f0>,45,18,[1 5],70,117,135,47,106
1,<environment.Job instance at 0x7f700f03b5a0>,49,1,[9 4],76,119,120,43,119
1,<environment.Job instance at 0x7f7059a9f730>,50,12,[1 5],77,120,132,43,119
1,<environment.Job instance at 0x7f700eb7ab40>,52,12,[10  1],80,135,147,55,134
1,<environment.Job instance at 0x7f700eb7a320>,53,22,[9 1],81,147,169,66,143
1,<environment.Job instance at 0x7f700eba7640>,57,14,[4 7],86,169,183,83,154
1,<environment.Job instance at 0x7f7056f9df50>,2,2,[6 2],3,3,5,0,3
1,<environment.Job instance at 0x7f7057189af0>,4,1,[6 2],6,6,7,0,6
1,<environment.Job instance at 0x7f7056f99410>,8,18,[6 1],11,19,37,8,19
1,<environment.Job instance at 0x7f7056f996e0>,11,17,[7 3],14,37,54,23,28
1,<environment.Job instance at 0x7f7056f99730>,14,15,[9 4],17,54,69,37,50
1,<environment.Job instance at 0x7f7056f8f460>,24,15,[6 1],32,69,84,37,60
1,<environment.Job instance at 0x7f7056f8f690>,26,17,[5 5],34,84,101,50,72
1,<environment.Job instance at 0x7f7056f8f230>,23,18,[1 6],31,101,119,70,90
1,<environment.Job instance at 0x7f7056f99f00>,22,25,[6 3],30,114,139,84,114
1,<environment.Job instance at 0x7f7056f8a960>,52,16,[5 9],72,139,155,67,129
1,<environment.Job instance at 0x7f7056f8a780>,50,14,[10  2],69,155,169,86,149
1,<environment.Job instance at 0x7f7056f8af00>,3,21,[9 2],12,12,33,0,12
1,<environment.Job instance at 0x7f7059d1de10>,7,3,[9 1],18,33,36,15,19
1,<environment.Job instance at 0x7f7056f9b050>,1,13,[9 5],8,36,49,28,24
1,<environment.Job instance at 0x7f7059d1d140>,5,16,[1 9],16,49,65,33,36
1,<environment.Job instance at 0x7f7052c0c820>,27,18,[1 5],45,65,83,20,54
1,<environment.Job instance at 0x7f7052a2fa50>,29,17,[3 5],47,65,82,18,54
1,<environment.Job instance at 0x7f70529490f0>,35,17,[ 2 10],54,83,100,29,71
1,<environment.Job instance at 0x7f7056d94e60>,41,2,[9 4],62,100,102,38,83
1,<environment.Job instance at 0x7f7056d94be0>,43,17,[9 1],64,102,119,38,90
1,<environment.Job instance at 0x7f7056d94140>,40,16,[1 9],61,102,118,41,92
1,<environment.Job instance at 0x7f705280c500>,20,15,[5 8],37,119,134,82,113
1,<environment.Job instance at 0x7f7052867230>,55,17,[1 9],82,134,151,52,122
1,<environment.Job instance at 0x7f70527f6910>,60,28,[6 1],89,136,164,47,136
1,<environment.Job instance at 0x7f700efa1d20>,65,1,[2 7],98,151,152,53,137
1,<environment.Job instance at 0x7f700efa1fa0>,69,12,[4 6],106,152,164,46,137
1,<environment.Job instance at 0x7f700efa1dc0>,72,18,[5 7],112,164,182,52,153
1,<environment.Job instance at 0x7f700eeb3550>,15,13,[5 7],23,26,39,3,26
1,<environment.Job instance at 0x7f7056ced4b0>,23,15,[ 4 10],32,39,54,7,39
1,<environment.Job instance at 0x7f705748df00>,26,12,[10  3],37,54,66,17,43
1,<environment.Job instance at 0x7f700ee4deb0>,28,13,[5 4],40,66,79,26,54
1,<environment.Job instance at 0x7f700ee4daf0>,31,12,[5 9],43,79,91,36,62
1,<environment.Job instance at 0x7f700ee4dc80>,34,18,[5 5],47,91,109,44,81
1,<environment.Job instance at 0x7f705274fd70>,38,17,[4 6],57,109,126,52,97
1,<environment.Job instance at 0x7f700efbbdc0>,42,2,[5 8],64,126,128,62,109
1,<environment.Job instance at 0x7f705274f140>,44,17,[2 5],66,128,145,62,116
1,<environment.Job instance at 0x7f705288cfa0>,47,18,[5 5],69,128,146,59,117
1,<environment.Job instance at 0x7f700f080230>,55,16,[4 5],81,145,161,64,132
1,<environment.Job instance at 0x7f70527c16e0>,59,16,[7 4],87,161,177,74,148
1,<environment.Job instance at 0x7f7056ebb6e0>,1,17,[3 5],2,2,19,0,2
1,<environment.Job instance at 0x7f705722e6e0>,6,16,[7 3],9,11,27,2,11
1,<environment.Job instance at 0x7f705722ec80>,10,13,[8 2],13,27,40,14,16
1,<environment.Job instance at 0x7f7057244aa0>,22,3,[ 3 10],27,40,43,13,27
1,<environment.Job instance at 0x7f7057244b40>,24,1,[ 2 10],29,43,44,14,33
1,<environment.Job instance at 0x7f7057244a50>,25,16,[7 4],30,44,60,14,33
1,<environment.Job instance at 0x7f7057244d70>,28,15,[6 1],33,60,75,27,46
1,<environment.Job instance at 0x7f700ed2e190>,29,17,[3 9],34,60,77,26,51
1,<environment.Job instance at 0x7f700ed2e3c0>,34,14,[ 4 10],39,77,91,38,65
1,<environment.Job instance at 0x7f700ed2ee60>,46,16,[4 9],51,91,107,40,80
1,<environment.Job instance at 0x7f700ed4d910>,56,18,[8 5],64,124,142,60,124
1,<environment.Job instance at 0x7f700ed4d410>,49,13,[3 8],55,142,155,87,132
1,<environment.Job instance at 0x7f700ed2a3c0>,64,12,[5 4],74,155,167,81,145
1,<environment.Job instance at 0x7f700ed2a0a0>,66,13,[9 1],76,167,180,91,155
1,<environment.Job instance at 0x7f700f050370>,0,13,[6 3],3,3,16,0,3
1,<environment.Job instance at 0x7f7052a845f0>,13,23,[9 4],23,25,48,2,25
1,<environment.Job instance at 0x7f700ed97870>,23,25,[2 6],35,48,73,13,46
1,<environment.Job instance at 0x7f700ee90640>,21,28,[8 1],33,60,88,27,60
1,<environment.Job instance at 0x7f7052991320>,33,14,[9 5],46,88,102,42,76
1,<environment.Job instance at 0x7f7052b88320>,46,13,[2 8],68,102,115,34,89
1,<environment.Job instance at 0x7f7052b88280>,43,15,[8 3],63,115,130,52,103
1,<environment.Job instance at 0x7f70526ac7d0>,52,17,[2 7],74,115,132,41,112
1,<environment.Job instance at 0x7f70526acb90>,53,16,[6 5],76,132,148,56,119
1,<environment.Job instance at 0x7f70526ace60>,54,12,[10  4],77,148,160,71,135
1,<environment.Job instance at 0x7f7059bacf50>,63,2,[3 7],95,160,162,65,146
1,<environment.Job instance at 0x7f70526f9d20>,66,13,[5 8],99,162,175,63,146
1,<environment.Job instance at 0x7f7059bd64b0>,2,15,[1 7],3,3,18,0,3
1,<environment.Job instance at 0x7f7056db7320>,17,12,[8 1],25,28,40,3,28
1,<environment.Job instance at 0x7f7056db7460>,14,15,[5 7],22,40,55,18,29
1,<environment.Job instance at 0x7f70528514b0>,9,18,[8 5],11,55,73,44,44
1,<environment.Job instance at 0x7f705743db90>,19,20,[1 5],28,55,75,27,46
1,<environment.Job instance at 0x7f70526cf2d0>,30,15,[4 8],43,75,90,32,61
1,<environment.Job instance at 0x7f70526cf6e0>,37,13,[ 4 10],53,90,103,37,83
1,<environment.Job instance at 0x7f7052ab5d70>,38,17,[4 6],54,103,120,49,92
1,<environment.Job instance at 0x7f7052ab50f0>,41,15,[6 3],58,108,123,50,108
1,<environment.Job instance at 0x7f70525af6e0>,47,16,[10  2],69,123,139,54,114
1,<environment.Job instance at 0x7f70525af8c0>,52,25,[6 2],74,139,164,65,135
1,<environment.Job instance at 0x7f70525af9b0>,54,23,[3 5],79,139,162,60,138
1,<environment.Job instance at 0x7f700ed2e4b0>,0,1,[4 7],1,1,2,0,1
1,<environment.Job instance at 0x7f700ed2eb90>,1,12,[6 4],2,2,14,0,2
1,<environment.Job instance at 0x7f7052690a50>,9,13,[8 4],11,17,30,6,17
1,<environment.Job instance at 0x7f7052690be0>,10,13,[ 3 10],12,30,43,18,19
1,<environment.Job instance at 0x7f7052690370>,6,17,[5 5],8,43,60,35,31
1,<environment.Job instance at 0x7f70526bc690>,21,14,[6 2],27,60,74,33,46
1,<environment.Job instance at 0x7f700f0ae460>,28,13,[7 4],34,74,87,40,58
1,<environment.Job instance at 0x7f7052772e60>,35,17,[5 7],41,87,104,46,75
1,<environment.Job instance at 0x7f705274e370>,42,15,[ 1 10],53,104,119,51,90
1,<environment.Job instance at 0x7f700f057af0>,5,15,[9 4],7,119,134,112,108
1,<environment.Job instance at 0x7f700ef3c0f0>,48,15,[2 7],67,134,149,67,129
1,<environment.Job instance at 0x7f700ef3c370>,49,15,[1 6],73,149,164,76,139
1,<environment.Job instance at 0x7f7056e57730>,45,18,[8 3],58,139,157,81,139
1,<environment.Job instance at 0x7f700ef26c30>,57,18,[9 5],86,164,182,78,153
1,<environment.Job instance at 0x7f7052568190>,6,2,[9 1],9,9,11,0,9
1,<environment.Job instance at 0x7f700edc8140>,4,15,[9 4],7,12,27,5,12
1,<environment.Job instance at 0x7f70572c7d70>,10,16,[3 8],14,27,43,13,14
1,<environment.Job instance at 0x7f7052c36eb0>,15,1,[ 2 10],21,43,44,22,33
1,<environment.Job instance at 0x7f700e898820>,2,16,[5 5],4,44,60,40,33
1,<environment.Job instance at 0x7f700ef388c0>,24,14,[3 7],33,60,74,27,45
1,<environment.Job instance at 0x7f700ef30460>,3,12,[7 3],5,60,72,55,57
1,<environment.Job instance at 0x7f700ea3c3c0>,32,3,[ 2 10],42,74,77,32,64
1,<environment.Job instance at 0x7f700ee49550>,35,13,[2 6],47,77,90,30,68
1,<environment.Job instance at 0x7f70526f2e60>,37,16,[3 9],49,90,106,41,77
1,<environment.Job instance at 0x7f700ea3c2d0>,31,17,[7 1],41,82,99,41,82
1,<environment.Job instance at 0x7f70526f2dc0>,41,2,[9 5],57,106,108,49,86
1,<environment.Job instance at 0x7f700edc8870>,5,18,[6 3],8,108,126,100,105
1,<environment.Job instance at 0x7f70529246e0>,52,16,[8 4],73,126,142,53,116
1,<environment.Job instance at 0x7f70527bf730>,58,17,[7 1],81,142,159,61,131
1,<environment.Job instance at 0x7f70528ef9b0>,62,1,[10  2],89,159,160,70,138
1,<environment.Job instance at 0x7f70528efc80>,64,16,[7 4],92,160,176,68,155
1,<environment.Job instance at 0x7f70528ef370>,65,12,[2 5],98,160,172,62,155
1,<environment.Job instance at 0x7f700e72c6e0>,2,2,[3 6],3,3,5,0,3
1,<environment.Job instance at 0x7f700e734910>,5,15,[10  1],6,6,21,0,6
1,<environment.Job instance at 0x7f70525807d0>,7,12,[2 8],9,21,33,12,19
1,<environment.Job instance at 0x7f700e734190>,11,14,[8 2],14,21,35,7,19
1,<environment.Job instance at 0x7f700e768d70>,18,3,[6 3],23,35,38,12,23
1,<environment.Job instance at 0x7f700e734a50>,13,3,[2 9],16,38,41,22,23
1,<environment.Job instance at 0x7f700e768a50>,22,3,[6 1],30,38,41,8,31
1,<environment.Job instance at 0x7f700e768960>,24,1,[ 2 10],33,41,42,8,34
1,<environment.Job instance at 0x7f700e768f50>,25,1,[3 9],34,42,43,8,34
1,<environment.Job instance at 0x7f700e7685f0>,15,16,[3 8],19,43,59,24,38
1,<environment.Job instance at 0x7f700e7683c0>,26,16,[ 4 10],38,59,75,21,46
1,<environment.Job instance at 0x7f700e768af0>,23,14,[5 6],31,75,89,44,66
1,<environment.Job instance at 0x7f700e76f140>,45,16,[5 3],66,75,91,9,70
1,<environment.Job instance at 0x7f700e87df50>,47,14,[8 1],68,91,105,23,76
1,<environment.Job instance at 0x7f700e87dc30>,53,18,[8 1],76,105,123,29,102
1,<environment.Job instance at 0x7f700e8ea6e0>,55,2,[5 3],79,123,125,44,108
1,<environment.Job instance at 0x7f700e8ea7d0>,56,17,[3 6],81,123,140,42,111
1,<environment.Job instance at 0x7f700e8eaf50>,57,15,[6 1],85,125,140,40,113
1,<environment.Job instance at 0x7f700e8ea8c0>,64,15,[8 2],93,140,155,47,127
1,<environment.Job instance at 0x7f7052709050>,74,14,[8 4],107,155,169,48,142
1,<environment.Job instance at 0x7f7052709d70>,1,18,[3 5],3,3,21,0,3
1,<environment.Job instance at 0x7f70527e1af0>,8,16,[5 7],17,21,37,4,20
1,<environment.Job instance at 0x7f70527ea550>,20,13,[6 2],32,37,50,5,37
1,<environment.Job instance at 0x7f705280fc80>,13,16,[5 4],23,50,66,27,39
1,<environment.Job instance at 0x7f7052b85190>,22,2,[6 1],35,66,68,31,40
1,<environment.Job instance at 0x7f70527f0550>,23,1,[5 5],36,50,51,14,49
1,<environment.Job instance at 0x7f70527e0140>,27,12,[8 5],47,68,80,21,54
1,<environment.Job instance at 0x7f700eb30eb0>,29,17,[3 5],53,80,97,27,68
1,<environment.Job instance at 0x7f700eefccd0>,42,21,[10  4],70,97,118,27,90
1,<environment.Job instance at 0x7f700f0a3b40>,52,13,[2 8],81,118,131,37,111
1,<environment.Job instance at 0x7f705280f2d0>,14,16,[7 2],25,118,134,93,113
1,<environment.Job instance at 0x7f700f0a3730>,55,12,[1 8],85,131,143,46,114
1,<environment.Job instance at 0x7f700ec6b3c0>,60,2,[7 1],90,134,136,44,117
1,<environment.Job instance at 0x7f700f0a27d0>,65,12,[8 2],100,136,148,36,130
1,<environment.Job instance at 0x7f700ef03960>,66,3,[5 4],101,148,151,47,130
1,<environment.Job instance at 0x7f700ef03690>,71,16,[5 5],111,148,164,37,135
1,<environment.Job instance at 0x7f7052b5cd20>,3,16,[5 7],4,5,21,1,5
1,<environment.Job instance at 0x7f700e814410>,10,12,[5 1],12,12,24,0,12
1,<environment.Job instance at 0x7f7052b5cd70>,4,13,[3 8],5,21,34,16,12
1,<environment.Job instance at 0x7f7052acafa0>,16,14,[5 1],22,24,38,2,22
1,<environment.Job instance at 0x7f7056dc1190>,12,3,[1 6],15,34,37,19,23
1,<environment.Job instance at 0x7f70525efe10>,18,15,[2 8],25,37,52,12,25
1,<environment.Job instance at 0x7f700e960230>,21,17,[ 3 10],29,52,69,23,44
1,<environment.Job instance at 0x7f700e7d20a0>,25,3,[2 6],34,69,72,35,46
1,<environment.Job instance at 0x7f7057266b90>,31,12,[3 6],42,72,84,30,66
1,<environment.Job instance at 0x7f700eba7690>,32,20,[9 1],43,84,104,41,80
1,<environment.Job instance at 0x7f700ee050a0>,38,18,[5 5],51,104,122,53,93
1,<environment.Job instance at 0x7f700ee05960>,42,18,[7 2],56,122,140,66,112
1,<environment.Job instance at 0x7f70571d0eb0>,22,12,[10  5],30,140,152,110,126
1,<environment.Job instance at 0x7f70572f3410>,55,14,[ 4 10],74,152,166,78,146
1,<environment.Job instance at 0x7f700e79ad20>,60,14,[2 7],79,166,180,87,153
1,<environment.Job instance at 0x7f700ecccb90>,50,18,[8 3],69,166,184,97,159
1,<environment.Job instance at 0x7f70529f0c80>,0,17,[8 3],1,1,18,0,1
1,<environment.Job instance at 0x7f7057143dc0>,20,24,[9 1],31,41,65,10,41
1,<environment.Job instance at 0x7f7057143190>,29,12,[9 4],42,69,81,27,69
1,<environment.Job instance at 0x7f70571434b0>,30,12,[3 8],43,81,93,38,70
1,<environment.Job instance at 0x7f700f029b40>,15,14,[8 1],21,93,107,72,79
1,<environment.Job instance at 0x7f700ed75550>,46,17,[1 9],71,119,136,48,119
1,<environment.Job instance at 0x7f700e8accd0>,48,2,[10  4],73,136,138,63,122
1,<environment.Job instance at 0x7f7057143460>,22,17,[3 7],35,138,155,103,128
1,<environment.Job instance at 0x7f7052c990f0>,38,16,[7 2],60,139,155,79,139
1,<environment.Job instance at 0x7f700e8ac4b0>,55,15,[4 8],82,155,170,73,142
1,<environment.Job instance at 0x7f7056e6c050>,58,18,[2 6],88,170,188,82,159
1,<environment.Job instance at 0x7f70572d0e60>,5,15,[5 2],7,7,22,0,7
1,<environment.Job instance at 0x7f70572a6320>,3,17,[8 3],5,22,39,17,14
1,<environment.Job instance at 0x7f7056df7f00>,10,14,[1 9],18,39,53,21,32
1,<environment.Job instance at 0x7f7056df72d0>,13,12,[9 3],29,53,65,24,38
1,<environment.Job instance at 0x7f7056df73c0>,16,1,[6 2],34,65,66,31,47
1,<environment.Job instance at 0x7f7056de5500>,22,16,[9 2],43,66,82,23,56
1,<environment.Job instance at 0x7f7056e11d20>,41,17,[1 5],73,137,154,64,137
1,<environment.Job instance at 0x7f7056e11460>,42,18,[3 8],74,154,172,80,144
1,<environment.Job instance at 0x7f7056e11050>,47,2,[5 9],80,172,174,92,159
1,<environment.Job instance at 0x7fb5bac920a0>,2,12,[5 4],3,3,15,0,3
1,<environment.Job instance at 0x7fb5b3882410>,5,18,[7 5],7,15,33,8,8
1,<environment.Job instance at 0x7fb5b3882dc0>,17,1,[5 3],23,33,34,10,23
1,<environment.Job instance at 0x7fb5b3882320>,9,17,[1 7],12,33,50,21,24
1,<environment.Job instance at 0x7fb5b3883730>,23,20,[ 5 10],30,50,70,20,41
1,<environment.Job instance at 0x7fb5b38824b0>,6,19,[1 7],8,70,89,62,64
1,<environment.Job instance at 0x7fb5b38862d0>,37,12,[3 6],49,89,101,40,73
1,<environment.Job instance at 0x7fb5b38865a0>,41,14,[8 4],53,101,115,48,86
1,<environment.Job instance at 0x7fb5b3886870>,44,18,[3 7],58,124,142,66,124
1,<environment.Job instance at 0x7fb5b3886b40>,50,15,[7 4],64,142,157,78,130
1,<environment.Job instance at 0x7fb5b388b870>,58,17,[ 1 10],80,157,174,77,150
1,<environment.Job instance at 0x7fb5b388b820>,60,2,[1 5],83,150,152,67,150
1,<environment.Job instance at 0x7fb5b388beb0>,66,18,[5 5],93,174,192,81,164
1,<environment.Job instance at 0x7fb5bae01910>,0,3,[1 8],1,1,4,0,1
1,<environment.Job instance at 0x7fb5bae09280>,6,13,[10  2],8,8,21,0,8
1,<environment.Job instance at 0x7fb5bacba460>,7,18,[ 2 10],9,21,39,12,10
1,<environment.Job instance at 0x7fb5bae0d050>,11,3,[5 1],15,39,42,24,20
1,<environment.Job instance at 0x7fb5bae03140>,27,15,[8 5],48,52,67,4,52
1,<environment.Job instance at 0x7fb5badf9a00>,22,16,[6 2],39,67,83,28,54
1,<environment.Job instance at 0x7fb5bacb9910>,38,18,[1 6],62,70,88,8,70
1,<environment.Job instance at 0x7fb5bae03c30>,25,15,[7 2],45,83,98,38,76
1,<environment.Job instance at 0x7fb5bae06eb0>,42,1,[5 1],68,98,99,30,76
1,<environment.Job instance at 0x7fb5bacb9690>,39,18,[10  1],63,99,117,36,88
1,<environment.Job instance at 0x7fb5bae066e0>,44,1,[7 4],73,117,118,44,102
1,<environment.Job instance at 0x7fb5bae06af0>,43,16,[7 5],72,118,134,46,106
1,<environment.Job instance at 0x7fb5bae0cd70>,57,1,[9 1],96,134,135,38,119
1,<environment.Job instance at 0x7fb5bae0cd20>,61,20,[2 7],100,135,155,35,133
1,<environment.Job instance at 0x7fb5badfc730>,65,14,[3 9],104,155,169,51,140
1,<environment.Job instance at 0x7fb5bacbb050>,71,17,[5 9],110,169,186,59,166
1,<environment.Job instance at 0x7fb5bacbb690>,72,13,[5 1],111,168,181,57,168
1,<environment.Job instance at 0x7fb56fb8abe0>,4,17,[1 9],7,7,24,0,7
1,<environment.Job instance at 0x7fb5b36490a0>,16,13,[ 2 10],22,24,37,2,22
1,<environment.Job instance at 0x7fb5b36d6050>,18,17,[7 5],24,37,54,13,26
1,<environment.Job instance at 0x7fb56fc03550>,22,14,[9 1],29,54,68,25,43
1,<environment.Job instance at 0x7fb56fc03aa0>,26,13,[2 6],34,68,81,34,56
1,<environment.Job instance at 0x7fb56fad4c30>,33,16,[7 2],44,69,85,25,69
1,<environment.Job instance at 0x7fb56fad22d0>,36,14,[5 7],47,85,99,38,71
1,<environment.Job instance at 0x7fb56fb1dbe0>,41,16,[1 5],54,99,115,45,90
1,<environment.Job instance at 0x7fb5b36430a0>,45,15,[7 4],61,99,114,38,90
1,<environment.Job instance at 0x7fb5b35ed1e0>,49,14,[9 4],66,114,128,48,102
1,<environment.Job instance at 0x7fb5b35f3d20>,54,18,[9 1],72,128,146,56,123
1,<environment.Job instance at 0x7fb56fb43370>,58,17,[5 8],77,146,163,69,134
1,<environment.Job instance at 0x7fb56fb43640>,61,17,[7 1],81,163,180,82,151
1,<environment.Job instance at 0x7fb56fed0910>,1,2,[3 6],2,2,4,0,2
1,<environment.Job instance at 0x7fb5b3968fa0>,3,3,[3 5],4,4,7,0,4
1,<environment.Job instance at 0x7fb5b837e730>,6,13,[4 9],7,7,20,0,7
1,<environment.Job instance at 0x7fb56fb38b90>,11,27,[10  3],13,20,47,7,19
1,<environment.Job instance at 0x7fb5b852d5f0>,24,15,[2 8],33,47,62,14,33
1,<environment.Job instance at 0x7fb5b8478050>,32,13,[3 9],43,62,75,19,53
1,<environment.Job instance at 0x7fb5b393ed20>,26,15,[5 1],35,58,73,23,58
1,<environment.Job instance at 0x7fb5b8478c30>,35,21,[2 7],47,75,96,28,67
1,<environment.Job instance at 0x7fb5b8478280>,40,1,[5 2],53,75,76,22,67
1,<environment.Job instance at 0x7fb5b393bc30>,43,13,[8 4],56,96,109,40,82
1,<environment.Job instance at 0x7fb56fb20a00>,46,18,[7 2],60,109,127,49,100
1,<environment.Job instance at 0x7fb56ffec050>,53,1,[6 5],68,127,128,59,108
1,<environment.Job instance at 0x7fb56ffca730>,54,2,[7 3],69,128,130,59,109
1,<environment.Job instance at 0x7fb570025fa0>,58,1,[ 4 10],76,130,131,54,113
1,<environment.Job instance at 0x7fb570025b40>,59,2,[5 4],79,131,133,52,113
1,<environment.Job instance at 0x7fb5b39ee910>,61,24,[3 9],81,133,157,52,128
1,<environment.Job instance at 0x7fb5b3994320>,67,19,[5 3],91,157,176,66,147
1,<environment.Job instance at 0x7fb5b391e550>,20,27,[4 6],26,157,184,131,155
1,<environment.Job instance at 0x7fb56fc7d050>,1,14,[4 7],3,3,17,0,3
1,<environment.Job instance at 0x7fb5b7f088c0>,5,1,[5 8],7,17,18,10,7
1,<environment.Job instance at 0x7fb5b3cbc730>,8,2,[5 8],13,18,20,5,13
1,<environment.Job instance at 0x7fb570110b90>,11,16,[9 4],16,20,36,4,17
1,<environment.Job instance at 0x7fb5b7f1b6e0>,17,3,[9 2],23,36,39,13,23
1,<environment.Job instance at 0x7fb5b7f1b5a0>,15,12,[8 1],21,39,51,18,27
1,<environment.Job instance at 0x7fb5b7f31550>,27,12,[4 7],35,51,63,16,39
1,<environment.Job instance at 0x7fb5b7f31aa0>,28,1,[5 4],36,63,64,27,41
1,<environment.Job instance at 0x7fb5b7f31c30>,30,14,[3 6],39,63,77,24,48
1,<environment.Job instance at 0x7fb5b7f3caf0>,43,16,[2 6],53,89,105,36,89
1,<environment.Job instance at 0x7fb5b7f3cd70>,44,18,[3 6],54,105,123,51,96
1,<environment.Job instance at 0x7fb5b7f19870>,49,18,[ 1 10],61,123,141,62,120
1,<environment.Job instance at 0x7fb5b7f199b0>,50,14,[7 5],62,141,155,79,126
1,<environment.Job instance at 0x7fb5b3690050>,0,17,[2 6],1,1,18,0,1
1,<environment.Job instance at 0x7fb5b3d1c550>,2,13,[5 7],6,18,31,12,6
1,<environment.Job instance at 0x7fb5b3d1c870>,10,2,[8 4],16,16,18,0,16
1,<environment.Job instance at 0x7fb5b3d1cb40>,11,16,[2 7],19,31,47,12,20
1,<environment.Job instance at 0x7fb57014e730>,22,15,[8 1],38,39,54,1,39
1,<environment.Job instance at 0x7fb57014e910>,23,1,[ 3 10],39,54,55,15,44
1,<environment.Job instance at 0x7fb57014e7d0>,25,18,[ 5 10],41,55,73,14,45
1,<environment.Job instance at 0x7fb57014ed20>,28,14,[7 5],44,73,87,29,58
1,<environment.Job instance at 0x7fb5b36d95f0>,44,16,[3 6],67,87,103,20,81
1,<environment.Job instance at 0x7fb5b36d9b40>,45,14,[9 5],68,103,117,35,88
1,<environment.Job instance at 0x7fb5b36d9e60>,55,24,[4 7],78,117,141,39,112
1,<environment.Job instance at 0x7fb5b838fb40>,57,13,[5 3],80,117,130,37,116
1,<environment.Job instance at 0x7fb5b381c820>,61,16,[5 4],85,141,157,56,128
1,<environment.Job instance at 0x7fb56fa9c6e0>,68,15,[6 5],92,157,172,65,144
1,<environment.Job instance at 0x7fb5b7f4aaa0>,71,13,[9 4],96,172,185,76,164
1,<environment.Job instance at 0x7fb5700977d0>,0,3,[2 6],1,1,4,0,1
1,<environment.Job instance at 0x7fb5b7f4aaa0>,1,18,[9 1],3,4,22,1,4
1,<environment.Job instance at 0x7fb5b38cc780>,6,18,[1 5],10,10,28,0,10
1,<environment.Job instance at 0x7fb5700d2e60>,11,12,[1 5],17,22,34,5,17
1,<environment.Job instance at 0x7fb5b7e11690>,16,13,[1 7],24,34,47,10,24
1,<environment.Job instance at 0x7fb5700d2910>,13,12,[10  1],20,47,59,27,35
1,<environment.Job instance at 0x7fb5b7e03870>,26,28,[6 4],38,59,87,21,58
1,<environment.Job instance at 0x7fb5b7e03aa0>,29,18,[9 5],42,87,105,45,77
1,<environment.Job instance at 0x7fb56fe89730>,37,2,[9 3],50,105,107,55,83
1,<environment.Job instance at 0x7fb5b3bd14b0>,41,20,[6 3],56,107,127,51,98
1,<environment.Job instance at 0x7fb5b3904140>,18,14,[4 7],26,107,121,81,101
1,<environment.Job instance at 0x7fb5701012d0>,53,27,[5 3],77,127,154,50,125
1,<environment.Job instance at 0x7fb5b3be6190>,57,16,[2 5],83,138,154,55,138
1,<environment.Job instance at 0x7fb5b3734aa0>,65,14,[9 2],94,154,168,60,150
1,<environment.Job instance at 0x7fb5b7e65050>,1,16,[5 9],2,2,18,0,2
1,<environment.Job instance at 0x7fb56fac9640>,5,13,[9 3],7,18,31,11,7
1,<environment.Job instance at 0x7fb56fac9b40>,13,15,[2 8],19,31,46,12,19
1,<environment.Job instance at 0x7fb56fac9960>,11,22,[10  4],17,46,68,29,41
1,<environment.Job instance at 0x7fb56fabd0a0>,30,1,[8 1],44,68,69,24,48
1,<environment.Job instance at 0x7fb56fabd4b0>,36,3,[4 5],51,69,72,18,54
1,<environment.Job instance at 0x7fb56fabd3c0>,33,15,[ 2 10],47,72,87,25,67
1,<environment.Job instance at 0x7fb56fac5b90>,25,16,[9 4],37,87,103,50,86
1,<environment.Job instance at 0x7fb56fac2370>,48,2,[ 2 10],70,103,105,33,89
1,<environment.Job instance at 0x7fb56fabdd20>,40,18,[ 3 10],57,105,123,48,95
1,<environment.Job instance at 0x7fb56fac2690>,53,15,[4 6],78,123,138,45,109
1,<environment.Job instance at 0x7fb56fac2e60>,58,12,[8 3],84,138,150,54,121
1,<environment.Job instance at 0x7fb56fac2fa0>,59,18,[1 6],85,138,156,53,127
1,<environment.Job instance at 0x7fb56fa8e690>,65,13,[9 5],98,156,169,58,140
1,<environment.Job instance at 0x7fb56fa8eb90>,70,17,[2 6],107,169,186,62,157
1,<environment.Job instance at 0x7fb5b3661280>,76,15,[5 2],117,169,184,52,158
1,<environment.Job instance at 0x7fb5b36610f0>,1,17,[1 9],2,2,19,0,2
1,<environment.Job instance at 0x7fb5b3c633c0>,4,13,[1 8],6,26,39,20,26
1,<environment.Job instance at 0x7fb5b3c634b0>,7,2,[2 8],11,39,41,28,28
1,<environment.Job instance at 0x7fb57011fb90>,18,18,[5 7],32,43,61,11,43
1,<environment.Job instance at 0x7fb5b8199cd0>,31,14,[3 5],52,61,75,9,52
1,<environment.Job instance at 0x7fb5b3c60a00>,36,13,[3 5],62,62,75,0,62
1,<environment.Job instance at 0x7fb57c6de320>,34,21,[ 4 10],58,75,96,17,67
1,<environment.Job instance at 0x7fb5b37e7a00>,44,13,[2 8],74,96,109,22,90
1,<environment.Job instance at 0x7fb570145af0>,27,28,[9 4],43,116,144,73,116
1,<environment.Job instance at 0x7fb570159190>,62,13,[5 7],103,144,157,41,136
1,<environment.Job instance at 0x7fb570159d20>,65,15,[10  2],106,160,175,54,160
1,<environment.Job instance at 0x7fb5701590f0>,63,12,[ 1 10],104,175,187,71,162
1,<environment.Job instance at 0x7fb5b381a230>,0,13,[4 6],1,1,14,0,1
1,<environment.Job instance at 0x7fb56fd09d20>,12,1,[7 4],17,19,20,2,19
1,<environment.Job instance at 0x7fb5b3be60a0>,13,14,[ 2 10],18,20,34,2,19
1,<environment.Job instance at 0x7fb5b380fbe0>,16,2,[5 7],21,39,41,18,39
1,<environment.Job instance at 0x7fb5b3a2e370>,19,16,[6 2],27,41,57,14,41
1,<environment.Job instance at 0x7fb5b3be6230>,10,16,[2 9],15,59,75,44,59
1,<environment.Job instance at 0x7fb5700eeb40>,27,15,[5 7],42,75,90,33,74
1,<environment.Job instance at 0x7fb5700ee370>,33,15,[8 1],51,98,113,47,98
1,<environment.Job instance at 0x7fb5700eec80>,34,13,[1 8],52,98,111,46,98
1,<environment.Job instance at 0x7fb5700ee320>,35,13,[6 2],53,113,126,60,99
1,<environment.Job instance at 0x7fb570135d70>,38,15,[4 5],56,114,129,58,114
1,<environment.Job instance at 0x7fb5b7ed4230>,42,12,[4 5],66,126,138,60,114
1,<environment.Job instance at 0x7fb570099aa0>,44,1,[7 4],70,138,139,68,125
1,<environment.Job instance at 0x7fb5700d3cd0>,47,15,[8 2],73,139,154,66,133
1,<environment.Job instance at 0x7fb570135aa0>,41,13,[3 6],64,154,167,90,139
1,<environment.Job instance at 0x7fb5b83a5280>,51,16,[7 3],79,154,170,75,142
1,<environment.Job instance at 0x7fb5b85afcd0>,55,13,[8 2],83,170,183,87,165
1,<environment.Job instance at 0x7fb5700f55f0>,1,1,[ 3 10],3,3,4,0,3
1,<environment.Job instance at 0x7fb56fe7c500>,4,18,[10  2],13,15,33,2,15
1,<environment.Job instance at 0x7fb56fe7cc30>,13,16,[5 5],24,33,49,9,24
1,<environment.Job instance at 0x7fb56fe76280>,17,2,[ 1 10],29,49,51,20,33
1,<environment.Job instance at 0x7fb56fe7cdc0>,12,15,[1 8],23,51,66,28,39
1,<environment.Job instance at 0x7fb56fe76370>,19,13,[9 2],33,51,64,18,39
1,<environment.Job instance at 0x7fb56fe76b40>,27,17,[5 9],46,66,83,20,57
1,<environment.Job instance at 0x7fb56fe7cf00>,15,18,[ 3 10],27,83,101,56,74
1,<environment.Job instance at 0x7fb56fe80a00>,39,18,[2 8],64,101,119,37,91
1,<environment.Job instance at 0x7fb56fe7cb40>,9,13,[9 1],19,119,132,100,113
1,<environment.Job instance at 0x7fb56fe80e10>,44,17,[5 7],74,132,149,58,122
1,<environment.Job instance at 0x7fb56fe80af0>,42,13,[6 4],70,149,162,79,135
1,<environment.Job instance at 0x7fb56fe5dbe0>,58,2,[5 7],91,162,164,71,148
1,<environment.Job instance at 0x7fb56fe5d820>,55,16,[8 4],88,164,180,76,161
1,<environment.Job instance at 0x7fb56fbc8410>,0,3,[5 1],1,1,4,0,1
1,<environment.Job instance at 0x7fb56fbc8d70>,2,3,[4 6],3,3,6,0,3
1,<environment.Job instance at 0x7fb5b8040b90>,3,1,[5 5],4,6,7,2,4
1,<environment.Job instance at 0x7fb5b8040190>,10,12,[8 1],13,22,34,9,22
1,<environment.Job instance at 0x7fb56ffe0e60>,22,1,[6 5],39,39,40,0,39
1,<environment.Job instance at 0x7fb5b7e1a500>,23,18,[ 3 10],41,41,59,0,41
1,<environment.Job instance at 0x7fb56ff464b0>,15,13,[6 5],19,59,72,40,44
1,<environment.Job instance at 0x7fb5b7e00cd0>,36,3,[1 6],56,72,75,16,56
1,<environment.Job instance at 0x7fb5ba8a1500>,38,2,[1 9],58,75,77,17,58
1,<environment.Job instance at 0x7fb5b7e00370>,33,15,[1 7],53,77,92,24,64
1,<environment.Job instance at 0x7fb56fc54500>,45,15,[5 7],72,92,107,20,80
1,<environment.Job instance at 0x7fb56fc54aa0>,48,12,[8 1],75,107,119,32,91
1,<environment.Job instance at 0x7fb5b7e00050>,32,19,[10  4],52,119,138,67,109
1,<environment.Job instance at 0x7fb56fa4f910>,61,15,[4 8],93,138,153,45,126
1,<environment.Job instance at 0x7fb5b37f6550>,56,18,[6 5],85,153,171,68,144
1,<environment.Job instance at 0x7fb56fa4fd20>,66,3,[8 3],100,171,174,71,147
1,<environment.Job instance at 0x7fb5b3666550>,70,2,[6 5],105,174,176,69,161
1,<environment.Job instance at 0x7fb56fa2aa00>,78,16,[10  2],119,176,192,57,163
1,<environment.Job instance at 0x7fb5b7e03f50>,0,15,[3 9],1,1,16,0,1
1,<environment.Job instance at 0x7fb5b7e03f00>,5,14,[9 2],12,16,30,4,14
1,<environment.Job instance at 0x7fb5b7e92870>,18,12,[9 2],28,30,42,2,28
1,<environment.Job instance at 0x7fb5b832cd70>,20,2,[9 4],31,42,44,11,32
1,<environment.Job instance at 0x7fb5b832c6e0>,19,22,[2 5],30,44,66,14,37
1,<environment.Job instance at 0x7fb5b832c910>,23,2,[1 7],35,66,68,31,51
1,<environment.Job instance at 0x7fb56fbda640>,35,17,[5 5],48,68,85,20,59
1,<environment.Job instance at 0x7fb56fbda2d0>,39,13,[ 3 10],52,85,98,33,79
1,<environment.Job instance at 0x7fb56fbda370>,41,16,[2 6],57,98,114,41,85
1,<environment.Job instance at 0x7fb5bae066e0>,50,14,[6 2],67,98,112,31,93
1,<environment.Job instance at 0x7fb5b7f67910>,52,12,[2 5],69,114,126,45,97
1,<environment.Job instance at 0x7fb5b7f676e0>,53,17,[7 4],70,112,129,42,102
1,<environment.Job instance at 0x7fb56fbdabe0>,34,15,[9 4],47,129,144,82,115
1,<environment.Job instance at 0x7fb5b8307320>,68,12,[7 3],88,144,156,56,132
1,<environment.Job instance at 0x7fb5b837e820>,73,18,[ 4 10],96,156,174,60,145
1,<environment.Job instance at 0x7fb5b837e5f0>,78,15,[1 6],113,174,189,61,161
1,<environment.Job instance at 0x7fb56fd4dbe0>,79,1,[6 4],114,174,175,60,161
1,<environment.Job instance at 0x7fb5b397cf50>,81,2,[2 9],117,189,191,72,162
1,<environment.Job instance at 0x7fb5b3b3aeb0>,1,1,[5 3],2,2,3,0,2
1,<environment.Job instance at 0x7fb5b397cf50>,2,3,[ 4 10],3,3,6,0,3
1,<environment.Job instance at 0x7fb5b8539af0>,3,24,[ 1 10],7,22,46,15,22
1,<environment.Job instance at 0x7fb5b3afe4b0>,12,3,[1 5],23,46,49,23,23
1,<environment.Job instance at 0x7fb5b3b25190>,10,1,[9 3],21,46,47,25,26
1,<environment.Job instance at 0x7fb5b3b21c80>,20,16,[5 5],34,47,63,13,37
1,<environment.Job instance at 0x7fb5b3b21e60>,22,15,[9 4],37,63,78,26,49
1,<environment.Job instance at 0x7fb5701187d0>,32,16,[2 8],50,78,94,28,66
1,<environment.Job instance at 0x7fb56fd5e870>,35,1,[2 8],53,94,95,41,75
1,<environment.Job instance at 0x7fb56f898c30>,38,19,[5 9],56,95,114,39,90
1,<environment.Job instance at 0x7fb57003abe0>,41,15,[5 8],59,114,129,55,101
1,<environment.Job instance at 0x7fb57000f370>,43,16,[ 5 10],64,129,145,65,117
1,<environment.Job instance at 0x7fb57000f910>,47,1,[7 5],68,145,146,77,131
1,<environment.Job instance at 0x7fb57000feb0>,48,1,[10  1],69,146,147,77,131
1,<environment.Job instance at 0x7fb57000f230>,50,3,[ 2 10],72,147,150,75,131
1,<environment.Job instance at 0x7fb57000f5f0>,53,13,[2 6],77,150,163,73,135
1,<environment.Job instance at 0x7fb57000a230>,55,16,[3 9],79,163,179,84,150
1,<environment.Job instance at 0x7fb5b7e3a410>,0,1,[7 2],1,1,2,0,1
1,<environment.Job instance at 0x7fb570066280>,4,17,[9 3],5,5,22,0,5
1,<environment.Job instance at 0x7fb5b3c5d5a0>,14,17,[3 5],17,23,40,6,23
1,<environment.Job instance at 0x7fb56fddb280>,26,25,[1 8],32,64,89,32,64
1,<environment.Job instance at 0x7fb5b38c8910>,34,17,[5 2],42,78,95,36,78
1,<environment.Job instance at 0x7fb5b38c8d20>,33,24,[6 3],41,95,119,54,95
1,<environment.Job instance at 0x7fb5b7e610f0>,43,16,[ 4 10],58,119,135,61,108
1,<environment.Job instance at 0x7fb5b7f13be0>,46,3,[ 2 10],62,135,138,73,109
1,<environment.Job instance at 0x7fb5b7f13e10>,48,17,[8 4],64,138,155,74,128
1,<environment.Job instance at 0x7fb5b38c8230>,40,14,[5 6],51,155,169,104,150
1,<environment.Job instance at 0x7fb5b85468c0>,63,16,[7 1],87,169,185,82,161
1,<environment.Job instance at 0x7fb56f886cd0>,5,2,[ 1 10],9,9,11,0,9
1,<environment.Job instance at 0x7fb56f8863c0>,6,19,[5 5],10,11,30,1,10
1,<environment.Job instance at 0x7fb5b38866e0>,15,16,[5 7],27,30,46,3,27
1,<environment.Job instance at 0x7fb5b3886870>,20,16,[5 4],33,46,62,13,36
1,<environment.Job instance at 0x7fb5b3835fa0>,27,13,[6 2],42,62,75,20,49
1,<environment.Job instance at 0x7fb5b3835aa0>,29,2,[6 1],45,75,77,30,49
1,<environment.Job instance at 0x7fb5b389f140>,36,17,[3 5],63,63,80,0,63
1,<environment.Job instance at 0x7fb5b3886190>,21,16,[7 2],35,77,93,42,64
1,<environment.Job instance at 0x7fb56f8fc5a0>,47,16,[1 6],78,80,96,2,80
1,<environment.Job instance at 0x7fb56f8fc9b0>,49,21,[10  4],80,96,117,16,93
1,<environment.Job instance at 0x7fb56f8fc910>,53,15,[6 2],85,117,132,32,103
1,<environment.Job instance at 0x7fb56f8fc0a0>,46,16,[4 5],76,117,133,41,107
1,<environment.Job instance at 0x7fb56f900e10>,59,13,[2 8],91,133,146,42,117
1,<environment.Job instance at 0x7fb56f900690>,68,15,[3 5],101,146,161,45,132
1,<environment.Job instance at 0x7fb56f900050>,63,16,[4 9],96,161,177,65,150
1,<environment.Job instance at 0x7fb56f93a2d0>,71,14,[ 4 10],107,177,191,70,162
1,<environment.Job instance at 0x7fb56fcc0780>,5,1,[4 8],6,8,9,2,8
1,<environment.Job instance at 0x7fb56fcc07d0>,7,18,[10  4],8,9,27,1,8
1,<environment.Job instance at 0x7fb5b8004820>,2,12,[10  3],3,27,39,24,13
1,<environment.Job instance at 0x7fb56fcc0960>,10,12,[5 1],12,39,51,27,22
1,<environment.Job instance at 0x7fb56fcc0460>,6,15,[1 9],7,39,54,32,26
1,<environment.Job instance at 0x7fb56fcc8550>,16,14,[5 1],22,51,65,29,41
1,<environment.Job instance at 0x7fb5b7f2f910>,27,28,[10  5],37,65,93,28,64
1,<environment.Job instance at 0x7fb56fcc82d0>,18,15,[2 8],25,93,108,68,79
1,<environment.Job instance at 0x7fb56fc94460>,36,2,[5 3],47,108,110,61,94
1,<environment.Job instance at 0x7fb56fff8230>,38,18,[5 5],51,108,126,57,100
1,<environment.Job instance at 0x7fb56fff8b90>,42,18,[7 2],56,126,144,70,115
1,<environment.Job instance at 0x7fb5b7ee0320>,49,18,[2 8],67,126,144,59,121
1,<environment.Job instance at 0x7fb5b7ed3eb0>,55,14,[ 4 10],74,144,158,70,129
1,<environment.Job instance at 0x7fb5b7ed3780>,56,16,[6 5],75,158,174,83,146
1,<environment.Job instance at 0x7fb5b7ecde10>,67,18,[5 2],89,174,192,85,169
1,<environment.Job instance at 0x7fb5b7ed3b90>,58,18,[3 8],77,174,192,97,169
1,<environment.Job instance at 0x7fb5b84beb90>,8,1,[6 4],12,17,18,5,17
1,<environment.Job instance at 0x7fb5b394be10>,12,24,[9 1],21,21,45,0,21
1,<environment.Job instance at 0x7fb56f94c050>,9,16,[8 3],14,45,61,31,35
1,<environment.Job instance at 0x7fb56f8f4c30>,4,15,[9 3],7,61,76,54,50
1,<environment.Job instance at 0x7fb5b7f4f320>,32,1,[5 7],53,76,77,23,62
1,<environment.Job instance at 0x7fb5b7f4fc30>,33,17,[10  5],55,77,94,22,65
1,<environment.Job instance at 0x7fb56fcb2870>,41,18,[2 5],64,94,112,30,84
1,<environment.Job instance at 0x7fb5b85a49b0>,23,18,[7 1],39,94,112,55,86
1,<environment.Job instance at 0x7fb56f987dc0>,46,14,[1 9],70,112,126,42,100
1,<environment.Job instance at 0x7fb56f891370>,48,17,[5 6],73,126,143,53,114
1,<environment.Job instance at 0x7fb56fcd31e0>,53,12,[3 9],81,143,155,62,130
1,<environment.Job instance at 0x7fb570223190>,58,3,[1 5],86,155,158,69,139
1,<environment.Job instance at 0x7fb56fc5e640>,59,3,[3 6],89,158,161,69,139
1,<environment.Job instance at 0x7fb56fc5e910>,60,17,[5 4],90,155,172,65,144
1,<environment.Job instance at 0x7fb56fc5ec30>,62,14,[5 3],96,161,175,65,146
1,<environment.Job instance at 0x7fb5701b80a0>,64,1,[6 3],98,175,176,77,154
1,<environment.Job instance at 0x7fb56f9a75f0>,67,3,[2 9],102,176,179,74,161
1,<environment.Job instance at 0x7fb56f9a7be0>,69,17,[2 5],104,179,196,75,168
1,<environment.Job instance at 0x7fb57015ad70>,0,15,[4 8],3,3,18,0,3
1,<environment.Job instance at 0x7fb57015aa00>,3,17,[6 2],10,10,27,0,10
1,<environment.Job instance at 0x7fb56f9726e0>,4,14,[2 6],12,18,32,6,12
1,<environment.Job instance at 0x7fb5b39ba460>,11,16,[9 2],23,47,63,24,47
1,<environment.Job instance at 0x7fb5b83a53c0>,25,19,[1 9],46,63,82,17,53
1,<environment.Job instance at 0x7fb5b83a5be0>,20,13,[7 1],36,63,76,27,54
1,<environment.Job instance at 0x7fb56f9c05f0>,30,17,[1 5],53,82,99,29,70
1,<environment.Job instance at 0x7fb5b83a5a00>,24,17,[7 3],42,82,99,40,73
1,<environment.Job instance at 0x7fb56f9c0870>,40,18,[4 6],64,99,117,35,89
1,<environment.Job instance at 0x7fb56f9c94b0>,46,18,[3 9],76,117,135,41,115
1,<environment.Job instance at 0x7fb56f9c0f50>,37,16,[ 3 10],61,135,151,74,124
1,<environment.Job instance at 0x7fb5baf14190>,51,12,[6 3],81,151,163,70,134
1,<environment.Job instance at 0x7fb5b3835280>,64,14,[3 8],96,164,178,68,164
1,<environment.Job instance at 0x7fb5b38350a0>,65,18,[7 3],97,178,196,81,169
1,<environment.Job instance at 0x7fb56ff656e0>,0,3,[5 5],1,2,5,1,2
1,<environment.Job instance at 0x7fb56ff657d0>,2,14,[1 5],8,8,22,0,8
1,<environment.Job instance at 0x7fb5b80635a0>,5,13,[7 1],13,13,26,0,13
1,<environment.Job instance at 0x7fb56f7f9f50>,11,18,[3 7],23,23,41,0,23
1,<environment.Job instance at 0x7fb5b37462d0>,24,27,[6 1],43,47,74,4,47
1,<environment.Job instance at 0x7fb56f795230>,8,16,[4 7],20,50,66,30,50
1,<environment.Job instance at 0x7fb5b3746a00>,23,18,[4 6],42,66,84,24,55
1,<environment.Job instance at 0x7fb5702181e0>,33,15,[7 3],54,84,99,30,70
1,<environment.Job instance at 0x7fb57023f0f0>,45,12,[10  3],73,99,111,26,84
1,<environment.Job instance at 0x7fb57023fa00>,48,17,[ 4 10],78,111,128,33,103
1,<environment.Job instance at 0x7fb57023fc80>,51,17,[8 4],82,128,145,46,116
1,<environment.Job instance at 0x7fb5b39fe410>,59,20,[10  5],92,145,165,53,136
1,<environment.Job instance at 0x7fb570218fa0>,43,16,[ 5 10],69,165,181,96,152
1,<environment.Job instance at 0x7f3ca649c1e0>,0,18,[ 2 10],1,2,20,1,2
1,<environment.Job instance at 0x7f3c9f08c5f0>,8,17,[10  5],11,20,37,9,19
1,<environment.Job instance at 0x7f3c9f08ce60>,18,16,[4 9],24,37,53,13,27
1,<environment.Job instance at 0x7f3c9f0901e0>,20,22,[8 2],26,53,75,27,46
1,<environment.Job instance at 0x7f3c9f0907d0>,28,13,[1 6],37,69,82,32,69
1,<environment.Job instance at 0x7f3c9f0908c0>,30,14,[8 3],40,75,89,35,75
1,<environment.Job instance at 0x7f3c9f0909b0>,31,16,[9 3],41,89,105,48,82
1,<environment.Job instance at 0x7f3c9f0911e0>,41,14,[8 4],53,105,119,52,95
1,<environment.Job instance at 0x7f3c9f091500>,44,18,[3 7],58,119,137,61,119
1,<environment.Job instance at 0x7f3c9f08c690>,9,17,[1 7],12,137,154,125,126
1,<environment.Job instance at 0x7f3c9f091aa0>,52,2,[3 6],66,154,156,88,132
1,<environment.Job instance at 0x7f3c9f091d70>,53,1,[ 1 10],73,156,157,83,133
1,<environment.Job instance at 0x7f3c9f091e60>,54,1,[7 5],74,157,158,83,133
1,<environment.Job instance at 0x7f3c9f0950a0>,55,1,[9 5],76,158,159,82,133
1,<environment.Job instance at 0x7f3c9f0952d0>,56,14,[6 3],77,133,147,56,133
1,<environment.Job instance at 0x7f3c9f095a00>,62,18,[1 7],85,159,177,74,148
1,<environment.Job instance at 0x7f3c9f095e60>,68,14,[9 1],95,159,173,64,154
1,<environment.Job instance at 0x7f3c9f0945a0>,74,13,[2 7],105,177,190,72,176
1,<environment.Job instance at 0x7f3c9f094410>,1,17,[5 6],4,4,21,0,4
1,<environment.Job instance at 0x7f3ca6617050>,8,18,[3 6],22,22,40,0,22
1,<environment.Job instance at 0x7f3ca6612320>,16,15,[7 2],35,39,54,4,39
1,<environment.Job instance at 0x7f3ca6612c30>,20,13,[3 7],40,42,55,2,42
1,<environment.Job instance at 0x7f3ca660db40>,22,1,[5 2],42,54,55,12,42
1,<environment.Job instance at 0x7f3ca6612af0>,19,16,[3 6],39,55,71,16,44
1,<environment.Job instance at 0x7f3ca6609550>,29,18,[1 6],52,71,89,19,65
1,<environment.Job instance at 0x7f3ca64c3be0>,33,1,[5 1],58,67,68,9,67
1,<environment.Job instance at 0x7f3ca64c35a0>,30,18,[10  1],53,89,107,36,79
1,<environment.Job instance at 0x7f3ca6610780>,39,15,[ 1 10],69,107,122,38,102
1,<environment.Job instance at 0x7f3ca6616f50>,52,20,[2 7],90,129,149,39,129
1,<environment.Job instance at 0x7f3ca6616af0>,54,15,[7 4],92,149,164,57,135
1,<environment.Job instance at 0x7f3ca6616e60>,60,27,[5 3],98,164,191,66,162
1,<environment.Job instance at 0x7f3ca6616b40>,63,13,[5 1],101,170,183,69,170
1,<environment.Job instance at 0x7f3ca6606aa0>,64,1,[6 5],103,191,192,88,171
1,<environment.Job instance at 0x7f3c5b3a12d0>,3,17,[7 5],4,4,21,0,4
1,<environment.Job instance at 0x7f3c5b343730>,7,14,[9 1],9,21,35,12,12
1,<environment.Job instance at 0x7f3c9ee5af00>,20,2,[5 1],26,35,37,9,30
1,<environment.Job instance at 0x7f3c9f583410>,12,13,[6 5],16,37,50,21,30
1,<environment.Job instance at 0x7f3c5b331140>,18,16,[7 2],24,50,66,26,39
1,<environment.Job instance at 0x7f3c9f54feb0>,22,13,[7 4],28,66,79,38,51
1,<environment.Job instance at 0x7f3c9f2737d0>,29,13,[6 1],40,79,92,39,64
1,<environment.Job instance at 0x7f3c5b322a00>,36,23,[4 8],48,79,102,31,75
1,<environment.Job instance at 0x7f3c5b322b40>,37,14,[8 3],49,102,116,53,91
1,<environment.Job instance at 0x7f3c5b3af4b0>,44,16,[8 2],58,116,132,58,109
1,<environment.Job instance at 0x7f3c5b331b40>,16,14,[10  4],21,132,146,111,117
1,<environment.Job instance at 0x7f3c9edf9a00>,49,14,[ 3 10],64,146,160,82,131
1,<environment.Job instance at 0x7f3c9edf8b40>,59,15,[2 9],77,160,175,83,160
1,<environment.Job instance at 0x7f3c5b40d230>,63,2,[5 2],84,175,177,91,162
1,<environment.Job instance at 0x7f3c5b40d550>,64,3,[6 2],85,177,180,92,163
1,<environment.Job instance at 0x7f3c5b42ba50>,65,14,[ 1 10],87,180,194,93,165
1,<environment.Job instance at 0x7f3ca1d52d20>,2,15,[2 8],3,3,18,0,3
1,<environment.Job instance at 0x7f3c5b460af0>,11,12,[2 7],15,18,30,3,15
1,<environment.Job instance at 0x7f3c5b745780>,13,21,[2 7],17,30,51,13,22
1,<environment.Job instance at 0x7f3c5b4f45a0>,22,14,[9 1],27,51,65,24,39
1,<environment.Job instance at 0x7f3c5b8257d0>,27,3,[4 9],33,65,68,32,65
1,<environment.Job instance at 0x7f3c9f1b7f00>,30,17,[2 7],37,68,85,31,65
1,<environment.Job instance at 0x7f3c5b2e89b0>,10,13,[3 9],13,85,98,72,79
1,<environment.Job instance at 0x7f3c5b862be0>,41,12,[6 3],54,98,110,44,86
1,<environment.Job instance at 0x7f3c5b965cd0>,45,19,[5 3],61,110,129,49,100
1,<environment.Job instance at 0x7f3c5b48b0f0>,54,16,[2 9],74,129,145,55,116
1,<environment.Job instance at 0x7f3c5b9657d0>,42,17,[5 9],56,145,162,89,133
1,<environment.Job instance at 0x7f3c5b316230>,60,13,[8 1],82,162,175,80,148
1,<environment.Job instance at 0x7f3c5b32e780>,62,14,[2 9],84,162,176,78,150
1,<environment.Job instance at 0x7f3c5b316e60>,63,12,[3 8],87,176,188,89,163
1,<environment.Job instance at 0x7f3c9f33b370>,0,12,[8 4],1,1,13,0,1
1,<environment.Job instance at 0x7f3c5ba3ca50>,11,16,[2 6],13,19,35,6,19
1,<environment.Job instance at 0x7f3c5b918230>,18,14,[7 5],22,35,49,13,34
1,<environment.Job instance at 0x7f3c9ef083c0>,21,1,[1 5],26,37,38,11,37
1,<environment.Job instance at 0x7f3c9ef08460>,22,13,[6 2],28,49,62,21,38
1,<environment.Job instance at 0x7f3c9ef03d20>,12,18,[3 6],14,49,67,35,46
1,<environment.Job instance at 0x7f3c9ef0ce60>,33,14,[8 1],42,67,81,25,54
1,<environment.Job instance at 0x7f3c9ef0ceb0>,35,1,[9 1],44,81,82,37,55
1,<environment.Job instance at 0x7f3c9ef1ba00>,36,2,[3 6],45,82,84,37,55
1,<environment.Job instance at 0x7f3c9ef1b820>,38,3,[2 7],50,67,70,17,62
1,<environment.Job instance at 0x7f3c9eefd730>,41,14,[9 2],56,84,98,28,75
1,<environment.Job instance at 0x7f3c9eefd4b0>,46,20,[ 4 10],64,98,118,34,91
1,<environment.Job instance at 0x7f3c5b6c75a0>,51,3,[8 1],71,118,121,47,105
1,<environment.Job instance at 0x7f3c5b6c7190>,52,3,[5 9],72,121,124,49,105
1,<environment.Job instance at 0x7f3c9eef9910>,19,12,[6 1],23,124,136,101,107
1,<environment.Job instance at 0x7f3c5b695410>,57,16,[ 3 10],79,136,152,57,129
1,<environment.Job instance at 0x7f3c5b6b9780>,63,17,[8 5],86,152,169,66,143
1,<environment.Job instance at 0x7f3c9eead870>,72,15,[2 5],96,165,180,69,165
1,<environment.Job instance at 0x7f3c9eeacf00>,75,2,[2 9],99,180,182,81,165
1,<environment.Job instance at 0x7f3c9ef05dc0>,76,15,[9 1],100,182,197,82,169
1,<environment.Job instance at 0x7f3c9ee77460>,0,16,[7 5],1,1,17,0,1
1,<environment.Job instance at 0x7f3c5b738780>,6,13,[2 7],11,17,30,6,11
1,<environment.Job instance at 0x7f3ca17f1d70>,17,16,[5 3],23,26,42,3,26
1,<environment.Job instance at 0x7f3ca17f1c30>,12,14,[9 5],18,42,56,24,28
1,<environment.Job instance at 0x7f3ca17f1410>,19,15,[ 1 10],25,56,71,31,46
1,<environment.Job instance at 0x7f3ca1cb4280>,36,18,[10  3],43,71,89,28,61
1,<environment.Job instance at 0x7f3c5b97f500>,30,15,[6 2],37,89,104,52,80
1,<environment.Job instance at 0x7f3c9f3dbd70>,51,3,[8 1],62,104,107,42,85
1,<environment.Job instance at 0x7f3c9f3db5f0>,53,12,[4 8],65,90,102,25,90
1,<environment.Job instance at 0x7f3c9f3dbc30>,52,15,[8 1],64,107,122,43,93
1,<environment.Job instance at 0x7f3c9f3dbfa0>,57,18,[5 2],71,128,146,57,128
1,<environment.Job instance at 0x7f3c5b5408c0>,59,14,[8 3],73,146,160,73,135
1,<environment.Job instance at 0x7f3c9f1b7f00>,66,16,[4 5],84,163,179,79,163
1,<environment.Job instance at 0x7f3c5b97faa0>,28,16,[5 4],35,169,185,134,169
1,<environment.Job instance at 0x7f3c9f46b7d0>,69,3,[7 5],88,185,188,97,179
1,<environment.Job instance at 0x7f3c9f46bcd0>,70,2,[10  2],89,188,190,99,179
1,<environment.Job instance at 0x7f3c9f46bf00>,71,2,[10  5],90,190,192,100,179
1,<environment.Job instance at 0x7f3c9f46b690>,72,3,[4 5],91,179,182,88,179
1,<environment.Job instance at 0x7f3ca1d2b870>,0,19,[6 5],1,1,20,0,1
1,<environment.Job instance at 0x7f3c5b5c3c80>,10,3,[3 9],20,20,23,0,20
1,<environment.Job instance at 0x7f3c9f0152d0>,12,17,[8 3],22,23,40,1,22
1,<environment.Job instance at 0x7f3ca1bbc8c0>,17,16,[3 9],30,40,56,10,30
1,<environment.Job instance at 0x7f3c9f23f820>,24,1,[7 2],38,56,57,18,38
1,<environment.Job instance at 0x7f3c9ee05550>,25,14,[9 2],41,57,71,16,43
1,<environment.Job instance at 0x7f3c5b751e60>,31,17,[7 2],48,71,88,23,61
1,<environment.Job instance at 0x7f3c5b751140>,33,18,[6 1],51,88,106,37,86
1,<environment.Job instance at 0x7f3c5b751780>,34,3,[6 3],52,106,109,54,86
1,<environment.Job instance at 0x7f3c5b751410>,35,26,[4 5],53,88,114,35,86
1,<environment.Job instance at 0x7f3ca1dbd2d0>,42,12,[3 9],61,114,126,53,100
1,<environment.Job instance at 0x7f3ca1dbd640>,45,20,[7 4],64,126,146,62,117
1,<environment.Job instance at 0x7f3ca17458c0>,50,17,[5 7],73,146,163,73,135
1,<environment.Job instance at 0x7f3c9f00bb90>,56,18,[8 3],79,163,181,84,152
1,<environment.Job instance at 0x7f3c9f00baf0>,57,1,[5 5],81,181,182,100,153
1,<environment.Job instance at 0x7f3c9ef7ff50>,59,15,[2 6],84,163,178,79,153
1,<environment.Job instance at 0x7f3c9f53ae60>,0,18,[2 7],1,1,19,0,1
1,<environment.Job instance at 0x7f3ca1774dc0>,9,12,[8 3],14,14,26,0,14
1,<environment.Job instance at 0x7f3ca1774e10>,10,18,[1 6],15,19,37,4,16
1,<environment.Job instance at 0x7f3ca1786370>,14,23,[7 4],20,26,49,6,20
1,<environment.Job instance at 0x7f3ca1a079b0>,3,12,[8 3],5,49,61,44,33
1,<environment.Job instance at 0x7f3ca1786820>,18,21,[9 2],32,61,82,29,60
1,<environment.Job instance at 0x7f3ca1786c30>,21,17,[2 6],37,82,99,45,70
1,<environment.Job instance at 0x7f3ca1774aa0>,7,21,[8 2],11,82,103,71,78
1,<environment.Job instance at 0x7f3ca17780a0>,44,17,[3 5],67,103,120,36,92
1,<environment.Job instance at 0x7f3ca1778960>,48,18,[ 1 10],72,120,138,48,109
1,<environment.Job instance at 0x7f3ca17636e0>,61,17,[2 5],88,138,155,50,127
1,<environment.Job instance at 0x7f3ca1763eb0>,67,1,[5 5],99,143,144,44,143
1,<environment.Job instance at 0x7f3ca1763f00>,68,16,[9 4],100,155,171,55,143
1,<environment.Job instance at 0x7f3ca175ce10>,38,18,[3 9],61,171,189,110,160
1,<environment.Job instance at 0x7f3c5b2a5410>,75,28,[6 1],109,175,203,66,175
1,<environment.Job instance at 0x7f3c5b2906e0>,14,16,[4 8],22,27,43,5,27
1,<environment.Job instance at 0x7f3c5b290820>,21,15,[6 2],29,42,57,13,42
1,<environment.Job instance at 0x7f3c9f5b72d0>,27,18,[3 8],38,52,70,14,52
1,<environment.Job instance at 0x7f3c9f3fb140>,30,18,[6 4],42,70,88,28,65
1,<environment.Job instance at 0x7f3ca18424b0>,34,18,[5 5],47,88,106,41,81
1,<environment.Job instance at 0x7f3c9f095960>,31,12,[5 9],43,106,118,63,93
1,<environment.Job instance at 0x7f3c5b75d7d0>,40,16,[7 4],62,118,134,56,105
1,<environment.Job instance at 0x7f3ca1d2b320>,50,12,[3 5],74,120,132,46,120
1,<environment.Job instance at 0x7f3c5b75d370>,38,17,[4 6],57,134,151,77,122
1,<environment.Job instance at 0x7f3c9f0e4b40>,54,15,[3 6],79,151,166,72,137
1,<environment.Job instance at 0x7f3ca177d8c0>,58,1,[5 2],85,138,139,53,138
1,<environment.Job instance at 0x7f3ca177dc80>,59,16,[7 4],87,151,167,64,139
1,<environment.Job instance at 0x7f3ca1c1faa0>,62,13,[4 6],91,167,180,76,151
1,<environment.Job instance at 0x7f3ca1c1faf0>,65,13,[2 6],95,180,193,85,177
1,<environment.Job instance at 0x7f3c9f0298c0>,0,18,[1 6],1,1,19,0,1
1,<environment.Job instance at 0x7f3c9ef87c30>,5,26,[9 2],8,27,53,19,27
1,<environment.Job instance at 0x7f3c5b55a0a0>,22,2,[8 2],25,53,55,28,39
1,<environment.Job instance at 0x7f3c9ef57500>,24,2,[6 1],27,55,57,28,40
1,<environment.Job instance at 0x7f3c5b74d280>,26,1,[7 3],29,57,58,28,41
1,<environment.Job instance at 0x7f3c5b4e1c30>,18,14,[5 7],21,58,72,37,45
1,<environment.Job instance at 0x7f3c5b6d5c30>,31,13,[3 8],35,72,85,37,57
1,<environment.Job instance at 0x7f3c5b82f0a0>,40,2,[2 7],46,85,87,39,85
1,<environment.Job instance at 0x7f3ca1743960>,42,1,[ 1 10],49,87,88,38,85
1,<environment.Job instance at 0x7f3c5b685460>,43,16,[1 8],50,88,104,38,85
1,<environment.Job instance at 0x7f3ca6228460>,46,12,[5 4],54,107,119,53,107
1,<environment.Job instance at 0x7f3c5b81d5f0>,48,13,[9 1],56,119,132,63,107
1,<environment.Job instance at 0x7f3c5b46d280>,53,3,[5 8],63,132,135,69,116
1,<environment.Job instance at 0x7f3c5b46d4b0>,54,18,[10  4],65,135,153,70,128
1,<environment.Job instance at 0x7f3c5b829870>,63,14,[10  4],76,153,167,77,147
1,<environment.Job instance at 0x7f3c9ef157d0>,65,17,[ 4 10],78,167,184,89,156
1,<environment.Job instance at 0x7f3c5b983190>,0,24,[5 6],1,3,27,2,3
1,<environment.Job instance at 0x7f3c5b8adb40>,6,12,[6 5],10,27,39,17,10
1,<environment.Job instance at 0x7f3c5b8c41e0>,17,13,[2 8],28,39,52,11,28
1,<environment.Job instance at 0x7f3c5b8c48c0>,20,17,[4 6],31,52,69,21,44
1,<environment.Job instance at 0x7f3c5b8c4a50>,24,16,[6 5],36,69,85,33,56
1,<environment.Job instance at 0x7f3c5b8c3230>,30,13,[1 5],49,69,82,20,66
1,<environment.Job instance at 0x7f3c5b8c32d0>,33,17,[3 8],52,85,102,33,73
1,<environment.Job instance at 0x7f3c5b8c3a50>,37,13,[5 8],59,102,115,43,87
1,<environment.Job instance at 0x7f3c5b8c3e10>,44,13,[10  4],68,115,128,47,102
1,<environment.Job instance at 0x7f3c5b89d6e0>,50,18,[ 4 10],75,128,146,53,118
1,<environment.Job instance at 0x7f3c5b89deb0>,61,13,[6 5],89,160,173,71,160
1,<environment.Job instance at 0x7f3c5b89de10>,63,12,[5 6],91,173,185,82,160
1,<environment.Job instance at 0x7f3c5b898b90>,69,18,[ 3 10],111,185,203,74,174
1,<environment.Job instance at 0x7f3c5b8c39b0>,0,14,[5 4],2,2,16,0,2
1,<environment.Job instance at 0x7f3c9efd8a50>,11,16,[4 8],17,17,33,0,17
1,<environment.Job instance at 0x7f3c9f3ed5a0>,13,16,[9 5],20,33,49,13,24
1,<environment.Job instance at 0x7f3c9efc4460>,29,2,[10  4],39,49,51,10,46
1,<environment.Job instance at 0x7f3c9efc4cd0>,30,1,[5 6],40,51,52,11,46
1,<environment.Job instance at 0x7f3c9efc4c30>,31,12,[3 9],43,52,64,9,47
1,<environment.Job instance at 0x7f3ca1b7bd20>,23,2,[7 5],30,64,66,34,48
1,<environment.Job instance at 0x7f3c5b23d140>,37,2,[1 7],54,66,68,12,55
1,<environment.Job instance at 0x7f3ca1b7b190>,19,25,[5 5],26,69,94,43,69
1,<environment.Job instance at 0x7f3c5b856eb0>,48,14,[9 2],72,94,108,22,82
1,<environment.Job instance at 0x7f3c5b8569b0>,49,28,[ 3 10],73,109,137,36,109
1,<environment.Job instance at 0x7f3ca62289b0>,71,2,[5 3],100,137,139,37,122
1,<environment.Job instance at 0x7f3ca6228be0>,73,12,[6 4],102,139,151,37,122
1,<environment.Job instance at 0x7f3ca6228410>,77,15,[9 4],107,151,166,44,149
1,<environment.Job instance at 0x7f3c5b862320>,82,13,[ 3 10],112,166,179,54,164
1,<environment.Job instance at 0x7f3c5b866be0>,60,16,[2 9],86,179,195,93,167
1,<environment.Job instance at 0x7f3c5b4e9eb0>,4,15,[5 5],10,10,25,0,10
1,<environment.Job instance at 0x7f3c5b4e9230>,5,12,[3 5],14,14,26,0,14
1,<environment.Job instance at 0x7f3ca16e8e60>,10,16,[4 8],22,26,42,4,22
1,<environment.Job instance at 0x7f3c5b762820>,14,13,[2 5],29,42,55,13,29
1,<environment.Job instance at 0x7f3c5b7626e0>,22,17,[7 2],41,42,59,1,41
1,<environment.Job instance at 0x7f3c9f35c780>,27,15,[1 8],48,55,70,7,49
1,<environment.Job instance at 0x7f3c5b762780>,24,2,[9 3],44,70,72,26,50
1,<environment.Job instance at 0x7f3ca16e8a00>,13,15,[5 7],28,72,87,44,61
1,<environment.Job instance at 0x7f3ca17748c0>,34,13,[5 6],58,87,100,29,75
1,<environment.Job instance at 0x7f3ca1d42730>,37,23,[2 9],68,100,123,32,94
1,<environment.Job instance at 0x7f3ca1d42460>,39,26,[2 5],70,123,149,53,120
1,<environment.Job instance at 0x7f3c5b42f230>,50,16,[5 5],84,123,139,39,121
1,<environment.Job instance at 0x7f3c5b54f780>,53,18,[6 3],88,139,157,51,128
1,<environment.Job instance at 0x7f3c5b54fe10>,56,18,[1 8],92,157,175,65,147
1,<environment.Job instance at 0x7f3c9f003460>,68,19,[5 9],106,175,194,69,172
1,<environment.Job instance at 0x7f3c5b8e92d0>,1,18,[3 9],2,2,20,0,2
1,<environment.Job instance at 0x7f3c5b55ee10>,12,21,[3 6],16,20,41,4,20
1,<environment.Job instance at 0x7f3c9f1e45f0>,24,14,[9 2],35,41,55,6,36
1,<environment.Job instance at 0x7f3c5b55e550>,14,12,[ 4 10],18,55,67,37,39
1,<environment.Job instance at 0x7f3c5b2548c0>,36,14,[1 9],48,71,85,23,71
1,<environment.Job instance at 0x7f3ca1d489b0>,40,3,[6 1],54,92,95,38,92
1,<environment.Job instance at 0x7f3ca16b7b40>,43,17,[3 5],57,92,109,35,92
1,<environment.Job instance at 0x7f3c5b57e4b0>,21,15,[2 5],31,95,110,64,92
1,<environment.Job instance at 0x7f3ca16b7d70>,45,15,[7 1],59,109,124,50,98
1,<environment.Job instance at 0x7f3ca16b7960>,47,1,[ 4 10],62,124,125,62,98
1,<environment.Job instance at 0x7f3ca16b7c30>,48,2,[3 6],63,110,112,47,98
1,<environment.Job instance at 0x7f3ca16b77d0>,49,3,[2 5],64,112,115,48,99
1,<environment.Job instance at 0x7f3ca16b7aa0>,53,12,[2 8],69,125,137,56,108
1,<environment.Job instance at 0x7f3ca16a5870>,57,14,[8 2],74,125,139,51,117
1,<environment.Job instance at 0x7f3ca16a5eb0>,61,16,[3 8],79,139,155,60,127
1,<environment.Job instance at 0x7f3ca1695690>,63,17,[5 2],82,141,158,59,141
1,<environment.Job instance at 0x7f3ca16b7460>,46,20,[ 1 10],61,158,178,97,150
1,<environment.Job instance at 0x7f3ca1695a00>,69,14,[5 6],91,178,192,87,164
1,<environment.Job instance at 0x7f3c5b0ffaf0>,0,14,[10  3],1,1,15,0,1
1,<environment.Job instance at 0x7f3ca16835a0>,2,27,[8 5],4,16,43,12,16
1,<environment.Job instance at 0x7f3c9f217fa0>,11,14,[9 5],16,43,57,27,28
1,<environment.Job instance at 0x7f3ca63db5a0>,10,12,[7 4],15,57,69,42,41
1,<environment.Job instance at 0x7f3ca1923c80>,19,14,[5 7],26,69,83,43,54
1,<environment.Job instance at 0x7f3ca1bb2460>,31,17,[6 1],50,83,100,33,71
1,<environment.Job instance at 0x7f3ca1bb2500>,36,16,[5 7],57,100,116,43,87
1,<environment.Job instance at 0x7f3ca1bb21e0>,43,2,[ 3 10],66,116,118,50,97
1,<environment.Job instance at 0x7f3ca1b74d20>,46,26,[1 7],69,118,144,49,115
1,<environment.Job instance at 0x7f3c9ee1b5f0>,49,15,[8 1],73,118,133,45,118
1,<environment.Job instance at 0x7f3c9f3685a0>,52,17,[5 1],79,133,150,54,122
1,<environment.Job instance at 0x7f3ca16af870>,58,13,[2 7],94,144,157,50,130
1,<environment.Job instance at 0x7f3c9ef58c30>,66,15,[4 9],105,157,172,52,144
1,<environment.Job instance at 0x7f3c9f30de10>,72,14,[5 5],112,172,186,60,160
1,<environment.Job instance at 0x7f3ca1c891e0>,79,18,[6 2],120,186,204,66,177
1,<environment.Job instance at 0x7f3c5b0767d0>,0,16,[5 5],2,2,18,0,2
1,<environment.Job instance at 0x7f3c5b076640>,3,14,[3 5],8,8,22,0,8
1,<environment.Job instance at 0x7f3c5b076fa0>,8,13,[9 4],18,22,35,4,20
1,<environment.Job instance at 0x7f3c5b076820>,10,13,[3 7],20,35,48,15,20
1,<environment.Job instance at 0x7f3ca1be54b0>,18,18,[10  4],28,48,66,20,37
1,<environment.Job instance at 0x7f3c5b327be0>,15,13,[3 8],25,66,79,41,50
1,<environment.Job instance at 0x7f3ca1be53c0>,31,1,[6 2],48,75,76,27,75
1,<environment.Job instance at 0x7f3ca1be5910>,32,17,[ 3 10],49,79,96,30,75
1,<environment.Job instance at 0x7f3ca1be5550>,33,12,[10  5],50,96,108,46,79
1,<environment.Job instance at 0x7f3c5b1d1cd0>,42,12,[3 6],62,133,145,71,133
1,<environment.Job instance at 0x7f3c5b1d10a0>,43,20,[9 1],63,145,165,82,136
1,<environment.Job instance at 0x7f3c5b1d1960>,49,18,[5 5],71,165,183,94,154
1,<environment.Job instance at 0x7f3c5b0176e0>,55,12,[ 2 10],79,183,195,104,170
1,<environment.Job instance at 0x7f3c9efb4730>,1,2,[1 6],4,4,6,0,4
1,<environment.Job instance at 0x7f3c9f190960>,12,15,[9 3],17,25,40,8,25
1,<environment.Job instance at 0x7f3c9f1a0550>,22,17,[3 7],35,42,59,7,42
1,<environment.Job instance at 0x7f3c9f1bc730>,25,17,[6 1],38,47,64,9,47
1,<environment.Job instance at 0x7f3c9f1bc1e0>,26,22,[5 7],39,64,86,25,57
1,<environment.Job instance at 0x7f3c5b5a1be0>,34,22,[10  5],55,86,108,31,80
1,<environment.Job instance at 0x7f3c9f190500>,9,18,[10  1],14,108,126,94,99
1,<environment.Job instance at 0x7f3c5b461c30>,52,16,[5 5],78,126,142,48,115
1,<environment.Job instance at 0x7f3c5b48be10>,55,15,[4 8],82,142,157,60,129
1,<environment.Job instance at 0x7f3c9f329410>,60,17,[3 6],90,157,174,67,145
1,<environment.Job instance at 0x7f3c5b485cd0>,68,17,[5 4],100,157,174,57,156
1,<environment.Job instance at 0x7f3c9f07ecd0>,70,14,[5 3],106,174,188,68,161
1,<environment.Job instance at 0x7f3c9f07ebe0>,73,15,[10  4],109,188,203,79,175
1,<environment.Job instance at 0x7f3c5b01d9b0>,0,15,[4 8],3,3,18,0,3
1,<environment.Job instance at 0x7f3c9f3a90f0>,7,17,[2 7],17,18,35,1,17
1,<environment.Job instance at 0x7f3c5b0b3c30>,12,12,[ 3 10],24,35,47,11,24
1,<environment.Job instance at 0x7f3c9f5296e0>,20,13,[7 1],36,47,60,11,36
1,<environment.Job instance at 0x7f3c9f1c9e10>,24,17,[7 3],42,60,77,18,48
1,<environment.Job instance at 0x7f3c9f1c9be0>,30,17,[1 5],53,60,77,7,60
1,<environment.Job instance at 0x7f3c9f1c9a50>,33,21,[5 8],57,77,98,20,69
1,<environment.Job instance at 0x7f3c5b5fe3c0>,39,12,[2 9],63,98,110,35,87
1,<environment.Job instance at 0x7f3c9f317870>,44,13,[5 6],73,110,123,37,96
1,<environment.Job instance at 0x7f3c9f3175f0>,46,18,[3 9],76,123,141,47,112
1,<environment.Job instance at 0x7f3c9f13feb0>,51,12,[6 3],81,143,155,62,143
1,<environment.Job instance at 0x7f3ca190eeb0>,57,14,[7 5],87,155,169,68,155
1,<environment.Job instance at 0x7f3c5b450f50>,62,26,[7 1],94,169,195,75,168
1,<environment.Job instance at 0x7f3c9f2a4fa0>,8,3,[10  1],19,22,25,3,22
1,<environment.Job instance at 0x7f3c5b1a35f0>,3,16,[4 7],10,25,41,15,23
1,<environment.Job instance at 0x7f3c9f2a4320>,18,18,[4 6],32,56,74,24,56
1,<environment.Job instance at 0x7f3ca1dae0a0>,21,14,[2 8],36,83,97,47,83
1,<environment.Job instance at 0x7f3ca1dae730>,24,1,[1 7],39,97,98,58,83
1,<environment.Job instance at 0x7f3ca1dae0f0>,25,1,[1 7],40,98,99,58,83
1,<environment.Job instance at 0x7f3ca1dae9b0>,26,14,[5 5],42,99,113,57,84
1,<environment.Job instance at 0x7f3ca1dae960>,32,19,[4 7],51,113,132,62,103
1,<environment.Job instance at 0x7f3c5b96caf0>,42,1,[2 5],67,132,133,65,121
1,<environment.Job instance at 0x7f3c5b96c230>,43,17,[ 4 10],68,133,150,65,121
1,<environment.Job instance at 0x7f3c5b96ca50>,49,15,[9 5],76,151,166,75,151
1,<environment.Job instance at 0x7f3c5b96c370>,54,20,[10  5],82,174,194,92,174
1,<environment.Job instance at 0x7f3c5b6d9b40>,15,27,[4 6],29,36,63,7,36
1,<environment.Job instance at 0x7f3c5aff6690>,8,15,[10  2],15,63,78,48,61
1,<environment.Job instance at 0x7f3c5b389230>,27,1,[2 9],48,78,79,30,65
1,<environment.Job instance at 0x7f3c5b95b0a0>,28,2,[8 1],49,78,80,29,65
1,<environment.Job instance at 0x7f3c5b3894b0>,29,3,[5 3],50,80,83,30,65
1,<environment.Job instance at 0x7f3c5affa500>,12,27,[10  4],24,83,110,59,83
1,<environment.Job instance at 0x7f3c5b95bbe0>,38,2,[7 1],59,110,112,51,102
1,<environment.Job instance at 0x7f3c5b95b280>,32,17,[7 2],53,112,129,59,104
1,<environment.Job instance at 0x7f3c5b6d9730>,19,17,[3 5],36,110,127,74,110
1,<environment.Job instance at 0x7f3c5b5d6c30>,48,19,[9 2],73,129,148,56,123
1,<environment.Job instance at 0x7f3c5b606f50>,59,19,[7 4],88,164,183,76,164
1,<environment.Job instance at 0x7f3c9f403190>,43,19,[2 5],65,171,190,106,171
1,<environment.Job instance at 0x7ff9323e42d0>,2,12,[5 4],3,3,15,0,3
1,<environment.Job instance at 0x7ff93246d6e0>,3,13,[3 8],5,15,28,10,5
1,<environment.Job instance at 0x7ff9312855f0>,10,28,[3 9],14,33,61,19,33
1,<environment.Job instance at 0x7ff931285410>,5,18,[7 5],7,61,79,54,54
1,<environment.Job instance at 0x7ff931285e10>,22,18,[7 4],28,79,97,51,68
1,<environment.Job instance at 0x7ff931285c30>,20,22,[8 2],26,97,119,71,92
1,<environment.Job instance at 0x7ff931287dc0>,38,18,[5 8],50,119,137,69,108
1,<environment.Job instance at 0x7ff93128c190>,44,18,[3 7],58,149,167,91,149
1,<environment.Job instance at 0x7ff93128c640>,50,15,[7 4],64,167,182,103,153
1,<environment.Job instance at 0x7ff931287190>,28,13,[1 6],37,167,180,130,155
1,<environment.Job instance at 0x7ff931287820>,30,14,[8 3],40,182,196,142,169
1,<environment.Job instance at 0x7ff93128cf50>,54,1,[7 5],74,196,197,122,169
1,<environment.Job instance at 0x7ff93128ceb0>,53,1,[ 1 10],73,197,198,124,170
1,<environment.Job instance at 0x7ff93128a370>,60,2,[1 5],83,180,182,97,171
1,<environment.Job instance at 0x7ff93128a550>,63,2,[2 7],87,182,184,95,172
1,<environment.Job instance at 0x7ff93128a6e0>,65,13,[7 2],92,198,211,106,182
1,<environment.Job instance at 0x7ff9312997d0>,0,13,[1 8],1,1,14,0,1
1,<environment.Job instance at 0x7ff932555eb0>,23,18,[1 6],42,58,76,16,58
1,<environment.Job instance at 0x7ff932555d70>,25,14,[5 3],44,76,90,32,76
1,<environment.Job instance at 0x7ff93255f0a0>,28,16,[7 5],52,90,106,38,77
1,<environment.Job instance at 0x7ff93255f280>,34,17,[4 9],60,106,123,46,95
1,<environment.Job instance at 0x7ff93255e910>,46,20,[2 7],80,150,170,70,150
1,<environment.Job instance at 0x7ff932553e60>,6,16,[1 9],18,170,186,152,163
1,<environment.Job instance at 0x7ff93255e190>,50,14,[3 9],84,186,200,102,171
1,<environment.Job instance at 0x7ff8e73552d0>,0,14,[10  4],1,1,15,0,1
1,<environment.Job instance at 0x7ff8e73485a0>,6,13,[7 4],8,15,28,7,11
1,<environment.Job instance at 0x7ff8e7230d70>,12,15,[8 5],19,28,43,9,21
1,<environment.Job instance at 0x7ff8e7230500>,19,17,[8 2],27,43,60,16,31
1,<environment.Job instance at 0x7ff931740cd0>,27,17,[5 8],37,60,77,23,48
1,<environment.Job instance at 0x7ff8e72920f0>,30,17,[7 1],41,77,94,36,65
1,<environment.Job instance at 0x7ff8e7228730>,36,15,[7 4],47,94,109,47,88
1,<environment.Job instance at 0x7ff8e728bd20>,39,15,[6 2],51,109,124,58,95
1,<environment.Job instance at 0x7ff8e728b050>,43,15,[2 9],57,124,139,67,110
1,<environment.Job instance at 0x7ff8e728b230>,45,18,[2 8],59,139,157,80,128
1,<environment.Job instance at 0x7ff931116550>,53,15,[6 4],72,157,172,85,143
1,<environment.Job instance at 0x7ff93110aa00>,59,12,[2 6],85,157,169,72,155
1,<environment.Job instance at 0x7ff8e7234460>,60,16,[8 5],86,172,188,86,159
1,<environment.Job instance at 0x7ff8e7391e60>,66,12,[2 9],94,188,200,94,185
1,<environment.Job instance at 0x7ff8e7391af0>,71,1,[10  2],101,200,201,99,188
1,<environment.Job instance at 0x7ff931f63f50>,0,14,[8 2],1,1,15,0,1
1,<environment.Job instance at 0x7ff8e7768550>,5,17,[2 7],7,20,37,13,20
1,<environment.Job instance at 0x7ff8e744ff50>,30,16,[5 5],45,48,64,3,48
1,<environment.Job instance at 0x7ff93181d410>,31,14,[3 6],46,64,78,18,51
1,<environment.Job instance at 0x7ff93181d320>,32,25,[1 7],47,89,114,42,89
1,<environment.Job instance at 0x7ff8e77d2cd0>,39,3,[6 3],58,97,100,39,97
1,<environment.Job instance at 0x7ff8e77ac320>,41,3,[5 6],60,114,117,54,98
1,<environment.Job instance at 0x7ff9313f5730>,42,3,[7 5],61,117,120,56,98
1,<environment.Job instance at 0x7ff9313f5c30>,43,2,[8 1],62,100,102,38,98
1,<environment.Job instance at 0x7ff9313f5c80>,45,2,[5 4],65,114,116,49,98
1,<environment.Job instance at 0x7ff9313f5a50>,48,14,[5 1],69,120,134,51,111
1,<environment.Job instance at 0x7ff8e77adaf0>,17,17,[5 9],26,120,137,94,115
1,<environment.Job instance at 0x7ff8e7778be0>,54,3,[4 8],78,137,140,59,121
1,<environment.Job instance at 0x7ff8e7778b90>,57,12,[8 4],85,140,152,55,128
1,<environment.Job instance at 0x7ff93181d6e0>,34,15,[ 5 10],49,152,167,103,141
1,<environment.Job instance at 0x7ff8e77ecdc0>,66,12,[ 2 10],100,167,179,67,151
1,<environment.Job instance at 0x7ff8e7391b40>,69,14,[7 5],105,179,193,74,167
1,<environment.Job instance at 0x7ff8e7391be0>,71,14,[3 8],107,193,207,86,185
1,<environment.Job instance at 0x7ff8e72ba1e0>,64,17,[6 1],97,193,210,96,186
1,<environment.Job instance at 0x7ff8e744f9b0>,1,17,[10  1],3,3,20,0,3
1,<environment.Job instance at 0x7ff8e76b50a0>,10,3,[8 2],20,20,23,0,20
1,<environment.Job instance at 0x7ff931d7e460>,15,12,[5 5],26,26,38,0,26
1,<environment.Job instance at 0x7ff8e7996500>,17,12,[6 4],30,38,50,8,36
1,<environment.Job instance at 0x7ff931d4ae10>,20,3,[4 5],34,37,40,3,37
1,<environment.Job instance at 0x7ff8e7888140>,14,15,[4 9],25,50,65,25,37
1,<environment.Job instance at 0x7ff931d59280>,24,16,[ 3 10],39,65,81,26,52
1,<environment.Job instance at 0x7ff8e76b5690>,8,14,[9 2],16,81,95,65,73
1,<environment.Job instance at 0x7ff931d5ec80>,35,18,[2 9],52,95,113,43,85
1,<environment.Job instance at 0x7ff931d7bb90>,45,13,[6 1],62,96,109,34,96
1,<environment.Job instance at 0x7ff931d68320>,48,12,[5 5],66,113,125,47,98
1,<environment.Job instance at 0x7ff931d58960>,55,22,[9 1],78,125,147,47,118
1,<environment.Job instance at 0x7ff931d5e0a0>,30,17,[8 5],46,147,164,101,135
1,<environment.Job instance at 0x7ff8e7602be0>,66,23,[6 5],90,164,187,74,158
1,<environment.Job instance at 0x7ff931d678c0>,72,13,[5 8],100,187,200,87,173
1,<environment.Job instance at 0x7ff9313f5af0>,4,14,[1 6],7,7,21,0,7
1,<environment.Job instance at 0x7ff931f74b90>,13,21,[4 7],17,21,42,4,17
1,<environment.Job instance at 0x7ff93120d320>,31,18,[5 1],42,62,80,20,62
1,<environment.Job instance at 0x7ff8e7465140>,35,19,[9 4],51,80,99,29,71
1,<environment.Job instance at 0x7ff931397a50>,44,14,[4 6],68,99,113,31,84
1,<environment.Job instance at 0x7ff93120d370>,24,16,[4 5],34,113,129,79,104
1,<environment.Job instance at 0x7ff931584730>,51,16,[3 9],78,129,145,51,116
1,<environment.Job instance at 0x7ff93142c3c0>,60,12,[10  1],90,145,157,55,133
1,<environment.Job instance at 0x7ff932369b40>,64,12,[3 5],95,157,169,62,142
1,<environment.Job instance at 0x7ff931e6f870>,67,2,[7 1],99,157,159,58,152
1,<environment.Job instance at 0x7ff931c718c0>,68,18,[3 6],101,169,187,68,158
1,<environment.Job instance at 0x7ff931c607d0>,73,28,[6 4],108,175,203,67,175
1,<environment.Job instance at 0x7ff8e77674b0>,0,12,[3 9],1,1,13,0,1
1,<environment.Job instance at 0x7ff9312bd460>,5,25,[6 3],10,13,38,3,11
1,<environment.Job instance at 0x7ff931526050>,10,17,[4 6],15,17,34,2,17
1,<environment.Job instance at 0x7ff9313b7e10>,9,17,[5 5],14,38,55,24,26
1,<environment.Job instance at 0x7ff8e78f08c0>,17,15,[2 6],24,70,85,46,70
1,<environment.Job instance at 0x7ff8e7500190>,19,2,[5 4],28,76,78,48,76
1,<environment.Job instance at 0x7ff931350140>,35,16,[5 9],52,85,101,33,84
1,<environment.Job instance at 0x7ff931350690>,37,14,[5 7],55,101,115,46,87
1,<environment.Job instance at 0x7ff931350820>,40,14,[8 3],58,115,129,57,105
1,<environment.Job instance at 0x7ff8e7767960>,6,18,[1 6],11,122,140,111,122
1,<environment.Job instance at 0x7ff9311d2c30>,33,14,[10  2],49,140,154,91,127
1,<environment.Job instance at 0x7ff93154f690>,59,16,[9 4],87,154,170,67,146
1,<environment.Job instance at 0x7ff931135b90>,65,24,[7 2],95,172,196,77,172
1,<environment.Job instance at 0x7ff9313a65f0>,72,14,[3 7],103,178,192,75,178
1,<environment.Job instance at 0x7ff8e745d960>,1,18,[ 1 10],2,4,22,2,4
1,<environment.Job instance at 0x7ff8e74a6f50>,7,15,[5 2],9,22,37,13,12
1,<environment.Job instance at 0x7ff8e74b15f0>,15,21,[9 3],19,37,58,18,34
1,<environment.Job instance at 0x7ff8e74b1a00>,20,1,[5 5],29,58,59,29,46
1,<environment.Job instance at 0x7ff8e74b1c30>,21,16,[9 4],30,59,75,29,46
1,<environment.Job instance at 0x7ff8e74c61e0>,26,13,[1 8],36,75,88,39,64
1,<environment.Job instance at 0x7ff8e74c63c0>,31,13,[6 2],44,95,108,51,95
1,<environment.Job instance at 0x7ff8e74c6a50>,36,3,[1 7],54,95,98,41,95
1,<environment.Job instance at 0x7ff8e74c68c0>,37,12,[4 6],56,98,110,42,95
1,<environment.Job instance at 0x7ff931302a50>,3,17,[ 2 10],4,110,127,106,98
1,<environment.Job instance at 0x7ff8e74d1050>,46,13,[3 9],70,127,140,57,111
1,<environment.Job instance at 0x7ff8e74d1870>,51,17,[9 1],79,140,157,61,129
1,<environment.Job instance at 0x7ff8e74c6dc0>,42,1,[6 5],64,157,158,93,130
1,<environment.Job instance at 0x7ff8e74d19b0>,54,1,[5 9],84,158,159,74,131
1,<environment.Job instance at 0x7ff8e74d1cd0>,58,13,[3 5],92,159,172,67,143
1,<environment.Job instance at 0x7ff8e74cf0a0>,62,18,[6 1],98,159,177,61,152
1,<environment.Job instance at 0x7ff8e74d15a0>,50,17,[3 6],75,172,189,97,163
1,<environment.Job instance at 0x7ff8e74cf960>,66,13,[2 8],104,189,202,85,176
1,<environment.Job instance at 0x7ff8e74cfe10>,67,14,[8 1],106,189,203,83,183
1,<environment.Job instance at 0x7ff931273910>,0,16,[4 5],1,1,17,0,1
1,<environment.Job instance at 0x7ff8e76790a0>,10,13,[2 6],15,19,32,4,19
1,<environment.Job instance at 0x7ff8e7883550>,15,3,[1 5],23,32,35,9,28
1,<environment.Job instance at 0x7ff8e78834b0>,17,16,[2 9],25,35,51,10,28
1,<environment.Job instance at 0x7ff931a6eeb0>,19,1,[7 4],27,34,35,7,34
1,<environment.Job instance at 0x7ff8e7679460>,8,25,[8 1],13,36,61,23,36
1,<environment.Job instance at 0x7ff93188bb90>,27,17,[6 2],38,61,78,23,49
1,<environment.Job instance at 0x7ff931710d20>,34,15,[5 7],52,78,93,26,73
1,<environment.Job instance at 0x7ff931a660a0>,29,13,[5 6],40,93,106,53,80
1,<environment.Job instance at 0x7ff8e7551780>,41,13,[1 8],62,106,119,44,104
1,<environment.Job instance at 0x7ff8e72a0dc0>,47,1,[6 3],73,132,133,59,132
1,<environment.Job instance at 0x7ff8e72a0460>,48,13,[3 6],74,132,145,58,132
1,<environment.Job instance at 0x7ff8e72a0910>,46,2,[4 9],72,145,147,73,132
1,<environment.Job instance at 0x7ff8e72a03c0>,49,12,[4 5],76,147,159,71,132
1,<environment.Job instance at 0x7ff931307b40>,52,1,[3 7],81,159,160,78,132
1,<environment.Job instance at 0x7ff931307c30>,55,12,[4 5],85,147,159,62,142
1,<environment.Job instance at 0x7ff931307320>,56,13,[8 4],87,160,173,73,146
1,<environment.Job instance at 0x7ff9313075a0>,62,13,[8 2],93,173,186,80,167
1,<environment.Job instance at 0x7ff93136b780>,68,27,[4 5],99,186,213,87,184
1,<environment.Job instance at 0x7ff931d527d0>,3,1,[4 9],4,4,5,0,4
1,<environment.Job instance at 0x7ff931d52550>,4,14,[8 5],5,5,19,0,5
1,<environment.Job instance at 0x7ff931d52320>,5,15,[5 5],6,19,34,13,6
1,<environment.Job instance at 0x7ff8e778f9b0>,11,16,[5 5],14,19,35,5,15
1,<environment.Job instance at 0x7ff8e798bbe0>,9,12,[3 9],12,35,47,23,19
1,<environment.Job instance at 0x7ff8e75d1230>,19,2,[5 2],26,47,49,21,34
1,<environment.Job instance at 0x7ff8e7645870>,20,2,[6 3],29,49,51,20,34
1,<environment.Job instance at 0x7ff931da2be0>,21,13,[ 5 10],30,51,64,21,35
1,<environment.Job instance at 0x7ff9315841e0>,26,2,[5 5],37,64,66,27,51
1,<environment.Job instance at 0x7ff93149e0a0>,30,2,[5 3],43,64,66,21,52
1,<environment.Job instance at 0x7ff8e7379780>,34,18,[6 5],49,66,84,17,55
1,<environment.Job instance at 0x7ff931d52050>,7,13,[9 1],9,84,97,75,68
1,<environment.Job instance at 0x7ff931972cd0>,40,13,[6 4],60,97,110,37,81
1,<environment.Job instance at 0x7ff931972f50>,44,12,[9 2],66,110,122,44,96
1,<environment.Job instance at 0x7ff8e75419b0>,53,16,[8 4],78,122,138,44,110
1,<environment.Job instance at 0x7ff93246b6e0>,59,25,[2 6],85,122,147,37,122
1,<environment.Job instance at 0x7ff93246b140>,60,1,[1 8],86,147,148,61,122
1,<environment.Job instance at 0x7ff9311d1140>,63,16,[1 5],89,148,164,59,135
1,<environment.Job instance at 0x7ff93112dc80>,69,14,[9 5],96,148,162,52,146
1,<environment.Job instance at 0x7ff931a18730>,70,14,[1 7],98,164,178,66,149
1,<environment.Job instance at 0x7ff8e77262d0>,74,18,[5 5],106,178,196,72,167
1,<environment.Job instance at 0x7ff9311f2910>,3,18,[4 9],14,14,32,0,14
1,<environment.Job instance at 0x7ff9310d6dc0>,10,19,[10  4],22,32,51,10,22
1,<environment.Job instance at 0x7ff931222aa0>,21,17,[6 2],37,51,68,14,42
1,<environment.Job instance at 0x7ff931222a50>,23,15,[5 7],42,68,83,26,57
1,<environment.Job instance at 0x7ff93120b460>,31,13,[7 4],51,83,96,32,71
1,<environment.Job instance at 0x7ff9312224b0>,18,18,[8 5],31,96,114,65,87
1,<environment.Job instance at 0x7ff93121b410>,46,13,[ 4 10],73,114,127,41,101
1,<environment.Job instance at 0x7ff93121b460>,48,2,[6 5],75,127,129,52,103
1,<environment.Job instance at 0x7ff93121b780>,50,15,[6 3],78,129,144,51,116
1,<environment.Job instance at 0x7ff93120bf50>,45,16,[10  1],71,144,160,73,140
1,<environment.Job instance at 0x7ff931229230>,62,16,[4 8],97,160,176,63,147
1,<environment.Job instance at 0x7ff931229820>,66,16,[5 5],102,184,200,82,184
1,<environment.Job instance at 0x7ff931507550>,0,13,[8 4],1,1,14,0,1
1,<environment.Job instance at 0x7ff9315074b0>,8,2,[8 3],13,14,16,1,13
1,<environment.Job instance at 0x7ff931507fa0>,9,15,[1 7],14,14,29,0,14
1,<environment.Job instance at 0x7ff931728320>,11,2,[8 2],16,16,18,0,16
1,<environment.Job instance at 0x7ff9317286e0>,15,17,[7 4],20,35,52,15,35
1,<environment.Job instance at 0x7ff931fb61e0>,27,3,[7 1],32,52,55,20,35
1,<environment.Job instance at 0x7ff931fb6550>,25,1,[5 3],30,55,56,25,35
1,<environment.Job instance at 0x7ff931fb60a0>,28,18,[1 6],34,36,54,2,36
1,<environment.Job instance at 0x7ff931fb6f00>,31,3,[8 1],39,56,59,17,39
1,<environment.Job instance at 0x7ff931fb6370>,30,12,[7 3],38,59,71,21,42
1,<environment.Job instance at 0x7ff8e71b9320>,19,13,[7 4],24,71,84,47,59
1,<environment.Job instance at 0x7ff8e790d5f0>,39,15,[2 7],57,84,99,27,84
1,<environment.Job instance at 0x7ff931553870>,41,1,[6 4],64,99,100,35,84
1,<environment.Job instance at 0x7ff9315534b0>,44,17,[8 4],68,100,117,32,88
1,<environment.Job instance at 0x7ff931553820>,50,15,[5 5],80,117,132,37,103
1,<environment.Job instance at 0x7ff8e73485f0>,54,2,[ 2 10],88,132,134,44,115
1,<environment.Job instance at 0x7ff8e7348960>,56,16,[4 8],92,134,150,42,121
1,<environment.Job instance at 0x7ff93120faa0>,59,15,[5 7],98,150,165,52,137
1,<environment.Job instance at 0x7ff8e75d1550>,64,3,[9 4],106,165,168,59,152
1,<environment.Job instance at 0x7ff8e75d1b90>,65,12,[5 3],107,153,165,46,153
1,<environment.Job instance at 0x7ff8e75d1320>,66,15,[6 1],108,168,183,60,154
1,<environment.Job instance at 0x7ff8e71b9e10>,20,16,[3 8],25,168,184,143,167
1,<environment.Job instance at 0x7ff9313aacd0>,74,20,[4 9],119,185,205,66,185
1,<environment.Job instance at 0x7ff931545e10>,2,13,[5 8],3,3,16,0,3
1,<environment.Job instance at 0x7ff931545b40>,9,16,[7 4],15,16,32,1,16
1,<environment.Job instance at 0x7ff93184a550>,11,24,[2 5],19,22,46,3,22
1,<environment.Job instance at 0x7ff931b86b40>,21,16,[8 4],33,33,49,0,33
1,<environment.Job instance at 0x7ff93184ae10>,12,18,[10  5],21,49,67,28,38
1,<environment.Job instance at 0x7ff931b86780>,26,1,[5 5],40,67,68,27,46
1,<environment.Job instance at 0x7ff931eadf00>,35,17,[1 6],60,68,85,8,64
1,<environment.Job instance at 0x7ff8e7539640>,27,17,[7 1],41,69,86,28,69
1,<environment.Job instance at 0x7ff931eadd70>,39,15,[1 5],64,85,100,21,72
1,<environment.Job instance at 0x7ff8e7842910>,52,15,[1 8],82,100,115,18,98
1,<environment.Job instance at 0x7ff8e7842730>,54,15,[9 1],84,102,117,18,102
1,<environment.Job instance at 0x7ff93184a960>,18,12,[ 5 10],30,117,129,87,110
1,<environment.Job instance at 0x7ff8e7842f50>,57,15,[2 5],91,129,144,38,116
1,<environment.Job instance at 0x7ff8e7842fa0>,62,3,[4 5],97,129,132,32,121
1,<environment.Job instance at 0x7ff8e7842a00>,64,13,[3 7],100,144,157,44,129
1,<environment.Job instance at 0x7ff9312e4c80>,68,21,[10  5],104,157,178,53,149
1,<environment.Job instance at 0x7ff8e763abe0>,79,17,[3 5],117,178,195,61,175
1,<environment.Job instance at 0x7ff8e763a500>,81,15,[7 1],119,178,193,59,175
1,<environment.Job instance at 0x7ff931a449b0>,2,3,[4 7],4,4,7,0,4
1,<environment.Job instance at 0x7ff931287f00>,7,17,[3 6],11,17,34,6,17
1,<environment.Job instance at 0x7ff9312871e0>,8,15,[6 1],15,21,36,6,21
1,<environment.Job instance at 0x7ff9312955f0>,17,18,[4 9],26,36,54,10,36
1,<environment.Job instance at 0x7ff9312950f0>,20,14,[6 4],30,54,68,24,39
1,<environment.Job instance at 0x7ff8e71bcf50>,25,14,[8 4],37,68,82,31,54
1,<environment.Job instance at 0x7ff93134ceb0>,36,14,[10  3],51,82,96,31,70
1,<environment.Job instance at 0x7ff8e79193c0>,28,12,[8 5],41,96,108,55,79
1,<environment.Job instance at 0x7ff93164cfa0>,41,18,[6 4],58,108,126,50,97
1,<environment.Job instance at 0x7ff8e71d5d20>,43,16,[1 7],60,126,142,66,113
1,<environment.Job instance at 0x7ff8e7867a00>,51,18,[1 8],70,142,160,72,131
1,<environment.Job instance at 0x7ff8e7897f50>,47,14,[9 5],66,160,174,94,145
1,<environment.Job instance at 0x7ff8e71d04b0>,63,19,[5 5],90,174,193,84,169
1,<environment.Job instance at 0x7ff8e7725fa0>,69,16,[2 7],103,193,209,90,181
1,<environment.Job instance at 0x7ff931d2a5f0>,0,3,[5 4],1,1,4,0,1
1,<environment.Job instance at 0x7ff931110d20>,5,16,[5 5],11,11,27,0,11
1,<environment.Job instance at 0x7ff931739dc0>,11,12,[ 5 10],18,27,39,9,25
1,<environment.Job instance at 0x7ff931fb2910>,17,14,[5 3],26,39,53,13,26
1,<environment.Job instance at 0x7ff931e0e190>,26,12,[8 3],37,53,65,16,38
1,<environment.Job instance at 0x7ff931967dc0>,31,3,[5 8],44,65,68,21,49
1,<environment.Job instance at 0x7ff8e74cfb90>,36,14,[6 2],55,68,82,13,66
1,<environment.Job instance at 0x7ff931967550>,30,16,[5 5],42,82,98,40,69
1,<environment.Job instance at 0x7ff9311952d0>,43,12,[10  3],63,98,110,35,93
1,<environment.Job instance at 0x7ff8e754dc80>,48,18,[10  4],68,110,128,42,100
1,<environment.Job instance at 0x7ff8e754d910>,50,20,[5 9],71,128,148,57,119
1,<environment.Job instance at 0x7ff9315013c0>,40,13,[3 7],60,148,161,88,140
1,<environment.Job instance at 0x7ff8e71b04b0>,62,17,[ 3 10],89,161,178,72,149
1,<environment.Job instance at 0x7ff93103ab40>,72,12,[3 6],102,178,190,76,176
1,<environment.Job instance at 0x7ff8e71b0cd0>,63,12,[10  5],90,190,202,100,177
1,<environment.Job instance at 0x7ff8e7030e60>,4,3,[4 7],7,7,10,0,7
1,<environment.Job instance at 0x7ff8e7030af0>,5,17,[5 4],9,10,27,1,9
1,<environment.Job instance at 0x7ff8e7030c30>,14,2,[5 5],22,22,24,0,22
1,<environment.Job instance at 0x7ff8e6fc4410>,15,3,[1 6],24,24,27,0,24
1,<environment.Job instance at 0x7ff8e6fc4eb0>,16,1,[8 4],26,27,28,1,26
1,<environment.Job instance at 0x7ff8e7030e10>,10,12,[10  2],16,28,40,12,26
1,<environment.Job instance at 0x7ff8e6fc4b40>,20,17,[8 3],31,50,67,19,50
1,<environment.Job instance at 0x7ff8e6f66b40>,35,14,[8 1],51,67,81,16,64
1,<environment.Job instance at 0x7ff8e6f66820>,31,25,[8 2],46,81,106,35,79
1,<environment.Job instance at 0x7ff8e7638e10>,43,13,[10  4],66,106,119,40,90
1,<environment.Job instance at 0x7ff8e76382d0>,51,18,[7 1],79,119,137,40,108
1,<environment.Job instance at 0x7ff8e7659460>,61,17,[10  5],95,137,154,42,125
1,<environment.Job instance at 0x7ff8e76dd820>,66,17,[1 9],101,154,171,53,148
1,<environment.Job instance at 0x7ff8e76ddc80>,70,13,[2 9],105,171,184,66,156
1,<environment.Job instance at 0x7ff8e7638eb0>,42,17,[3 7],65,184,201,119,173
1,<environment.Job instance at 0x7ff8e7656640>,80,17,[3 6],120,201,218,81,189
1,<environment.Job instance at 0x7ff8e7656be0>,1,1,[6 1],3,3,4,0,3
1,<environment.Job instance at 0x7ff9311e8be0>,2,25,[1 8],4,5,30,1,5
1,<environment.Job instance at 0x7ff9311cf1e0>,11,15,[4 8],23,30,45,7,29
1,<environment.Job instance at 0x7ff9311b78c0>,16,1,[6 2],34,39,40,5,39
1,<environment.Job instance at 0x7ff9311b7f50>,18,17,[2 7],37,45,62,8,39
1,<environment.Job instance at 0x7ff9311b7780>,23,12,[ 3 10],44,62,74,18,46
1,<environment.Job instance at 0x7ff8e7698a50>,30,3,[2 9],54,75,78,21,75
1,<environment.Job instance at 0x7ff9311cd0a0>,31,13,[7 1],56,80,93,24,80
1,<environment.Job instance at 0x7ff9311490f0>,36,19,[1 9],66,92,111,26,92
1,<environment.Job instance at 0x7ff8e7805be0>,37,2,[5 4],67,111,113,44,93
1,<environment.Job instance at 0x7ff8e7805050>,38,3,[2 9],68,113,116,45,93
1,<environment.Job instance at 0x7ff931149960>,34,15,[8 4],60,116,131,56,103
1,<environment.Job instance at 0x7ff8e77ee460>,50,12,[2 9],83,131,143,48,126
1,<environment.Job instance at 0x7ff8e77ee550>,52,16,[8 3],90,143,159,53,131
1,<environment.Job instance at 0x7ff9311b7aa0>,13,12,[9 3],29,159,171,130,156
1,<environment.Job instance at 0x7ff8e77dce10>,61,13,[1 7],100,161,174,61,161
1,<environment.Job instance at 0x7ff93137d960>,65,16,[6 3],104,171,187,67,164
1,<environment.Job instance at 0x7ff8e7726b90>,0,3,[5 5],1,1,4,0,1
1,<environment.Job instance at 0x7ff931d2a690>,1,3,[ 2 10],4,4,7,0,4
1,<environment.Job instance at 0x7ff93137e910>,2,14,[1 5],8,8,22,0,8
1,<environment.Job instance at 0x7ff93175c0a0>,5,13,[7 1],13,13,26,0,13
1,<environment.Job instance at 0x7ff931db6fa0>,11,18,[3 7],23,24,42,1,24
1,<environment.Job instance at 0x7ff931db6410>,14,2,[3 6],32,42,44,10,32
1,<environment.Job instance at 0x7ff8e72115f0>,8,16,[4 7],20,44,60,24,32
1,<environment.Job instance at 0x7ff8e78dff50>,26,14,[2 8],46,63,77,17,63
1,<environment.Job instance at 0x7ff8e791d0f0>,23,18,[4 6],42,77,95,35,69
1,<environment.Job instance at 0x7ff93143be10>,37,19,[4 7],61,95,114,34,85
1,<environment.Job instance at 0x7ff8e791d0a0>,22,14,[ 4 10],41,114,128,73,99
1,<environment.Job instance at 0x7ff931e28b40>,46,19,[5 6],75,128,147,53,118
1,<environment.Job instance at 0x7ff8e7867dc0>,57,3,[ 2 10],89,147,150,58,137
1,<environment.Job instance at 0x7ff8e7867690>,59,20,[10  5],92,150,170,58,141
1,<environment.Job instance at 0x7ff8e78dfd20>,34,15,[5 8],56,170,185,114,162
1,<environment.Job instance at 0x7ff93255e640>,63,12,[8 4],98,185,197,87,168
1,<environment.Job instance at 0x7ff931a73eb0>,66,1,[ 5 10],101,197,198,96,180
1,<environment.Job instance at 0x7ff8e78ab960>,15,27,[4 6],29,31,58,2,31
1,<environment.Job instance at 0x7ff93104adc0>,22,22,[8 3],41,81,103,40,81
1,<environment.Job instance at 0x7ff8e70a0230>,43,19,[2 5],65,110,129,45,110
1,<environment.Job instance at 0x7ff932557370>,40,22,[9 2],61,129,151,68,122
1,<environment.Job instance at 0x7ff8e7534eb0>,50,17,[3 7],77,151,168,74,139
1,<environment.Job instance at 0x7ff8e74be6e0>,59,19,[7 4],88,168,187,80,160
1,<environment.Job instance at 0x7ff8e709a460>,3,14,[4 8],6,6,20,0,6
1,<environment.Job instance at 0x7ff8e709a6e0>,1,14,[6 2],3,9,23,6,9
1,<environment.Job instance at 0x7ff8e7074d70>,10,14,[7 4],15,23,37,8,15
1,<environment.Job instance at 0x7ff8e70740a0>,14,16,[1 9],20,37,53,17,24
1,<environment.Job instance at 0x7ff8e7071e10>,23,1,[9 4],33,53,54,20,38
1,<environment.Job instance at 0x7ff8e7071410>,24,15,[ 5 10],34,54,69,20,42
1,<environment.Job instance at 0x7ff8e705d550>,29,23,[10  5],42,69,92,27,63
1,<environment.Job instance at 0x7ff8e706b2d0>,38,20,[5 3],55,92,112,37,85
1,<environment.Job instance at 0x7ff9313baaf0>,50,1,[2 7],69,98,99,29,98
1,<environment.Job instance at 0x7ff9313bac80>,53,18,[2 6],72,101,119,29,101
1,<environment.Job instance at 0x7ff9313bae10>,54,18,[4 6],73,119,137,46,108
1,<environment.Job instance at 0x7ff8e709b5f0>,58,14,[1 9],78,137,151,59,122
1,<environment.Job instance at 0x7ff8e709be60>,61,13,[6 4],83,122,135,39,122
1,<environment.Job instance at 0x7ff8e706b640>,35,18,[1 9],51,151,169,100,142
1,<environment.Job instance at 0x7ff8e7084190>,70,2,[10  2],95,169,171,74,149
1,<environment.Job instance at 0x7ff8e7084aa0>,69,16,[6 2],93,171,187,78,161
