iteration,job object,job ID,job Length,job ressource requirement,job enter time,job start time,job finish time,job waiting time,current time
1,<environment.Job instance at 0x1523fbc51d70>,5,25,[7 1],6,7,32,1,7
1,<environment.Job instance at 0x1523fbc51780>,7,1,[7 2],8,11,12,3,11
1,<environment.Job instance at 0x1524515b8320>,2,18,[ 1 12],3,25,43,22,18
1,<environment.Job instance at 0x1523fbc516e0>,14,3,[14  2],15,34,37,19,34
1,<environment.Job instance at 0x1523fe978eb0>,15,24,[ 2 13],16,43,67,27,38
1,<environment.Job instance at 0x1523fbc51230>,13,27,[1 8],14,67,94,53,65
1,<environment.Job instance at 0x1523fbc51690>,17,3,[ 1 13],18,94,97,76,68
1,<environment.Job instance at 0x1523fbc51a00>,19,21,[14  2],20,68,89,48,68
1,<environment.Job instance at 0x1523fbc51550>,10,3,[ 1 14],11,97,100,86,73
1,<environment.Job instance at 0x1523fc355460>,22,25,[ 2 12],23,100,125,77,96
1,<environment.Job instance at 0x1523fc440730>,24,20,[ 2 13],25,125,145,100,116
1,<environment.Job instance at 0x1523fc2e4d20>,25,1,[11  1],26,124,125,98,124
1,<environment.Job instance at 0x1523fca6ab90>,16,19,[ 1 12],17,145,164,128,137
1,<environment.Job instance at 0x1523fc380140>,27,25,[14  2],28,145,170,117,142
1,<environment.Job instance at 0x1523fca735a0>,31,23,[5 1],32,170,193,138,164
1,<environment.Job instance at 0x1523fc40ea50>,36,27,[10  2],37,170,197,133,168
1,<environment.Job instance at 0x1523fc32deb0>,26,20,[2 8],27,193,213,166,186
1,<environment.Job instance at 0x1523fca918c0>,37,22,[2 5],38,193,215,155,186
1,<environment.Job instance at 0x1523fca91a50>,35,23,[11  2],36,198,221,162,198
1,<environment.Job instance at 0x1523fc382280>,42,23,[ 1 14],43,221,244,178,216
1,<environment.Job instance at 0x1523fc382f00>,43,3,[ 1 14],44,244,247,200,228
1,<environment.Job instance at 0x1523fc3c2280>,38,1,[ 1 13],39,247,248,208,233
1,<environment.Job instance at 0x1523fc3995a0>,21,22,[14  2],22,247,269,225,241
1,<environment.Job instance at 0x1523fc3821e0>,47,26,[12  2],48,269,295,221,266
1,<environment.Job instance at 0x1523fbc51a50>,6,19,[ 1 13],7,274,293,267,274
1,<environment.Job instance at 0x1523fc3c2f50>,41,18,[ 2 13],42,451,469,409,451
1,<environment.Job instance at 0x1523fbc5b870>,0,23,[2 6],1,2,25,1,2
1,<environment.Job instance at 0x1523fc3c2f50>,3,27,[9 1],4,4,31,0,4
1,<environment.Job instance at 0x152405ced7d0>,4,22,[9 1],5,31,53,26,24
1,<environment.Job instance at 0x152405ced140>,7,1,[5 1],8,25,26,17,25
1,<environment.Job instance at 0x152405cedaf0>,6,1,[12  2],7,53,54,46,25
1,<environment.Job instance at 0x152405e5a140>,10,3,[ 1 11],11,27,30,16,27
1,<environment.Job instance at 0x152405e5a780>,11,22,[14  1],12,54,76,42,47
1,<environment.Job instance at 0x1523fc0b37d0>,1,2,[ 2 13],2,49,51,47,49
1,<environment.Job instance at 0x152405e5adc0>,9,18,[ 2 12],10,76,94,66,65
1,<environment.Job instance at 0x152405e5a7d0>,13,13,[ 2 13],14,94,107,80,78
1,<environment.Job instance at 0x152405e5a550>,17,19,[11  1],18,78,97,60,78
1,<environment.Job instance at 0x152405e5a910>,18,28,[10  1],19,97,125,78,96
1,<environment.Job instance at 0x1523fc0b3af0>,5,20,[ 1 14],6,107,127,101,105
1,<environment.Job instance at 0x152405ead7d0>,20,20,[ 2 14],21,127,147,106,119
1,<environment.Job instance at 0x152405e5ab90>,19,14,[12  2],20,152,166,132,152
1,<environment.Job instance at 0x152405ead780>,22,16,[ 2 12],23,159,175,136,159
1,<environment.Job instance at 0x152405eadbe0>,23,3,[ 1 11],24,175,178,151,164
1,<environment.Job instance at 0x152405ead500>,24,1,[14  2],25,175,176,150,166
1,<environment.Job instance at 0x152405e5af00>,14,2,[11  2],15,176,178,161,176
1,<environment.Job instance at 0x152405ead1e0>,27,19,[8 1],28,178,197,150,176
1,<environment.Job instance at 0x152405ead140>,29,19,[14  1],30,197,216,167,188
1,<environment.Job instance at 0x152405e4d5a0>,32,3,[2 8],33,216,219,183,203
1,<environment.Job instance at 0x152405e4da00>,35,20,[2 9],36,219,239,183,210
1,<environment.Job instance at 0x152405e4daa0>,34,14,[7 1],35,231,245,196,231
1,<environment.Job instance at 0x152405e4d2d0>,36,21,[ 1 12],37,239,260,202,231
1,<environment.Job instance at 0x152405e4d370>,37,18,[ 1 12],38,260,278,222,249
1,<environment.Job instance at 0x152405e4d6e0>,39,12,[11  1],40,257,269,217,257
1,<environment.Job instance at 0x152405e4d730>,40,27,[ 2 14],41,278,305,237,277
1,<environment.Job instance at 0x152405e4d140>,41,2,[12  2],42,305,307,263,281
1,<environment.Job instance at 0x152405e4d7d0>,42,24,[2 9],43,305,329,262,300
1,<environment.Job instance at 0x152405e4dfa0>,43,3,[ 1 14],44,329,332,285,311
1,<environment.Job instance at 0x1523ff51d550>,44,3,[6 2],45,314,317,269,314
1,<environment.Job instance at 0x1523ff51d0f0>,45,25,[7 2],46,332,357,286,328
1,<environment.Job instance at 0x1523ff51d960>,46,16,[ 2 11],47,332,348,285,330
1,<environment.Job instance at 0x1523ff51d0a0>,47,2,[ 1 12],48,348,350,300,337
1,<environment.Job instance at 0x1523ff51de10>,48,25,[13  2],49,357,382,308,353
1,<environment.Job instance at 0x152405e4d780>,38,12,[ 1 14],39,382,394,343,374
1,<environment.Job instance at 0x152405e5a8c0>,16,14,[14  2],17,394,408,377,390
1,<environment.Job instance at 0x152405ead8c0>,21,12,[ 2 11],22,411,423,389,411
1,<environment.Job instance at 0x1523fc382e60>,2,12,[13  2],3,468,480,465,468
1,<environment.Job instance at 0x1523ff38eeb0>,2,22,[ 2 14],3,3,25,0,3
1,<environment.Job instance at 0x152448479820>,3,3,[13  1],4,4,7,0,4
1,<environment.Job instance at 0x152448479410>,5,22,[ 2 12],6,25,47,19,18
1,<environment.Job instance at 0x1523fe58d6e0>,9,24,[10  2],10,25,49,15,20
1,<environment.Job instance at 0x1523fe136280>,13,28,[2 5],14,47,75,33,46
1,<environment.Job instance at 0x1523fe5e9d70>,15,25,[2 7],16,47,72,31,46
1,<environment.Job instance at 0x1523fe136aa0>,16,3,[ 1 13],17,75,78,58,50
1,<environment.Job instance at 0x1523fe5b5a50>,18,28,[7 2],19,50,78,31,50
1,<environment.Job instance at 0x1523fca93eb0>,11,1,[14  2],12,78,79,66,54
1,<environment.Job instance at 0x1523fe8c4fa0>,22,20,[13  2],23,79,99,56,70
1,<environment.Job instance at 0x1523fe143fa0>,19,17,[ 2 14],20,99,116,79,90
1,<environment.Job instance at 0x1523fc396370>,25,17,[5 1],26,103,120,77,103
1,<environment.Job instance at 0x1523fc38a5a0>,26,13,[9 1],27,116,129,89,110
1,<environment.Job instance at 0x1523fb9b2e10>,27,12,[ 1 13],28,116,128,88,114
1,<environment.Job instance at 0x1523fb9cd050>,28,26,[12  2],29,129,155,100,126
1,<environment.Job instance at 0x1523fb9cdaa0>,29,25,[ 2 12],30,128,153,98,126
1,<environment.Job instance at 0x1523fb9b27d0>,30,27,[12  2],31,155,182,124,153
1,<environment.Job instance at 0x1523fe9ce0a0>,31,18,[ 2 11],32,153,171,121,153
1,<environment.Job instance at 0x1523fe9cee60>,32,19,[11  2],33,182,201,149,173
1,<environment.Job instance at 0x1523fe9ce910>,33,23,[ 1 12],34,173,196,139,173
1,<environment.Job instance at 0x1523fca6ed20>,23,15,[12  1],24,201,216,177,189
1,<environment.Job instance at 0x1523fe9ce410>,35,17,[ 1 11],36,197,214,161,197
1,<environment.Job instance at 0x1523fb98f3c0>,36,23,[ 1 14],37,214,237,177,208
1,<environment.Job instance at 0x1523fb98f460>,37,27,[1 9],38,237,264,199,235
1,<environment.Job instance at 0x1523fb98f870>,38,3,[ 1 12],39,264,267,225,239
1,<environment.Job instance at 0x1523fb98f050>,40,23,[ 2 13],41,267,290,226,261
1,<environment.Job instance at 0x1523fe9ce640>,34,14,[12  1],35,263,277,228,263
1,<environment.Job instance at 0x1523fb98f500>,41,2,[ 1 13],42,290,292,248,278
1,<environment.Job instance at 0x1523fb98f9b0>,43,25,[ 1 12],44,292,317,248,288
1,<environment.Job instance at 0x1523fb98ffa0>,44,27,[ 1 12],45,317,344,272,315
1,<environment.Job instance at 0x1523fb98f230>,45,2,[14  1],46,338,340,292,338
1,<environment.Job instance at 0x1523fb98f550>,46,22,[12  2],47,340,362,293,338
1,<environment.Job instance at 0x1523fb98f730>,47,20,[ 1 12],48,344,364,296,338
1,<environment.Job instance at 0x1523fe5e99b0>,14,3,[ 2 13],15,364,367,349,350
1,<environment.Job instance at 0x1523fb98f5f0>,42,16,[11  2],43,403,419,360,403
1,<environment.Job instance at 0x1523fe58deb0>,7,16,[13  1],8,554,570,546,554
1,<environment.Job instance at 0x1523fe5cf460>,21,15,[ 1 11],22,679,694,657,679
1,<environment.Job instance at 0x1523fe7e8050>,0,19,[12  2],1,1,20,0,1
1,<environment.Job instance at 0x1523ff37bb90>,6,28,[ 1 11],7,17,45,10,17
1,<environment.Job instance at 0x1523fe7e8370>,4,28,[7 1],5,20,48,15,19
1,<environment.Job instance at 0x1523fe5cf460>,2,25,[5 2],3,20,45,17,19
1,<environment.Job instance at 0x1523fe5fb370>,14,26,[2 9],15,45,71,30,42
1,<environment.Job instance at 0x1523fe5f26e0>,17,21,[12  1],18,48,69,30,46
1,<environment.Job instance at 0x1524051eed70>,8,24,[14  2],9,71,95,62,66
1,<environment.Job instance at 0x1523ff3aa320>,20,26,[ 2 12],21,95,121,74,92
1,<environment.Job instance at 0x152405207230>,11,1,[ 1 11],12,94,95,82,94
1,<environment.Job instance at 0x1523fea4e910>,9,3,[13  2],10,105,108,95,105
1,<environment.Job instance at 0x152405e335f0>,23,14,[ 1 12],24,121,135,97,109
1,<environment.Job instance at 0x152405e1cdc0>,25,19,[7 1],26,109,128,83,109
1,<environment.Job instance at 0x152405e1c410>,26,23,[9 2],27,128,151,101,123
1,<environment.Job instance at 0x152405e34b90>,27,2,[12  1],28,151,153,123,128
1,<environment.Job instance at 0x152405e34c80>,28,27,[ 1 14],29,151,178,122,149
1,<environment.Job instance at 0x15240517b4b0>,29,28,[9 1],30,153,181,123,152
1,<environment.Job instance at 0x152405e344b0>,31,1,[11  1],32,181,182,149,166
1,<environment.Job instance at 0x152405e12910>,21,20,[ 1 14],22,178,198,156,171
1,<environment.Job instance at 0x1523fb3b23c0>,32,3,[11  2],33,198,201,165,176
1,<environment.Job instance at 0x1523fb38b6e0>,35,3,[12  1],36,182,185,146,178
1,<environment.Job instance at 0x1523fb38b780>,36,3,[13  2],37,201,204,164,178
1,<environment.Job instance at 0x1523fb38b640>,37,28,[ 1 11],38,198,226,160,197
1,<environment.Job instance at 0x1523fb38b320>,38,25,[ 1 12],39,226,251,187,222
1,<environment.Job instance at 0x1523fe5fb1e0>,22,16,[12  2],23,229,245,206,229
1,<environment.Job instance at 0x1523fb38bdc0>,41,26,[ 1 14],42,251,277,209,248
1,<environment.Job instance at 0x1523fb38bd70>,42,26,[ 2 12],43,277,303,234,274
1,<environment.Job instance at 0x1523fb38bf50>,43,2,[ 2 11],44,303,305,259,277
1,<environment.Job instance at 0x1523fb38b1e0>,44,25,[10  1],45,277,302,232,277
1,<environment.Job instance at 0x1523fb38b5a0>,46,26,[13  1],47,302,328,255,299
1,<environment.Job instance at 0x1523fb391820>,48,19,[1 5],49,305,324,256,302
1,<environment.Job instance at 0x1523fb38b500>,34,15,[11  2],35,342,357,307,342
1,<environment.Job instance at 0x1523fe5fbeb0>,16,1,[12  2],17,472,473,455,472
1,<environment.Job instance at 0x152405e1c7d0>,24,15,[ 1 13],25,474,489,449,474
1,<environment.Job instance at 0x1523fb38baf0>,40,12,[ 2 14],41,624,636,583,624
1,<environment.Job instance at 0x1523fe59edc0>,2,24,[ 1 13],3,3,27,0,3
1,<environment.Job instance at 0x1523fb3b5460>,3,23,[5 1],4,4,27,0,4
1,<environment.Job instance at 0x15244803c7d0>,5,21,[11  1],6,27,48,21,21
1,<environment.Job instance at 0x1523fc3da870>,9,28,[ 2 13],10,27,55,17,26
1,<environment.Job instance at 0x1523fb38baf0>,10,22,[11  2],11,48,70,37,41
1,<environment.Job instance at 0x1523fb3b5320>,4,24,[ 1 13],5,62,86,57,62
1,<environment.Job instance at 0x152405d23370>,12,21,[13  2],13,70,91,57,62
1,<environment.Job instance at 0x152405d23690>,11,26,[7 2],12,91,117,79,88
1,<environment.Job instance at 0x152407fd8be0>,14,27,[2 7],15,88,115,73,88
1,<environment.Job instance at 0x152407fd86e0>,17,2,[10  2],18,117,119,99,111
1,<environment.Job instance at 0x152407fd8a00>,18,19,[1 6],19,111,130,92,111
1,<environment.Job instance at 0x15240237b780>,8,1,[ 2 14],9,130,131,121,115
1,<environment.Job instance at 0x1523ff805e10>,21,28,[ 2 13],22,131,159,109,130
1,<environment.Job instance at 0x1523ff8059b0>,22,20,[7 2],23,138,158,115,138
1,<environment.Job instance at 0x1523ff8054b0>,26,24,[ 2 10],27,159,183,132,154
1,<environment.Job instance at 0x1523ff8053c0>,28,25,[5 2],29,158,183,129,154
1,<environment.Job instance at 0x1523fe7deaf0>,30,24,[11  2],31,183,207,152,179
1,<environment.Job instance at 0x1523ff805690>,19,12,[ 2 14],20,207,219,187,201
1,<environment.Job instance at 0x1523fe7de690>,33,28,[ 1 14],34,219,247,185,218
1,<environment.Job instance at 0x1523fe7de410>,36,22,[ 2 11],37,247,269,210,241
1,<environment.Job instance at 0x152405d235a0>,13,3,[ 2 13],14,269,272,255,257
1,<environment.Job instance at 0x15240512aa00>,39,19,[13  2],40,266,285,226,266
1,<environment.Job instance at 0x15240512a320>,40,24,[1 5],41,272,296,231,267
1,<environment.Job instance at 0x15240512aaf0>,42,19,[13  2],43,285,304,242,276
1,<environment.Job instance at 0x15240512a730>,44,12,[ 2 13],45,296,308,251,295
1,<environment.Job instance at 0x15240512a780>,43,25,[11  1],44,304,329,260,301
1,<environment.Job instance at 0x15240512ad70>,46,21,[1 7],47,308,329,261,307
1,<environment.Job instance at 0x15240512a460>,48,20,[7 1],49,329,349,280,321
1,<environment.Job instance at 0x152405e822d0>,6,19,[ 2 12],7,334,353,327,334
1,<environment.Job instance at 0x1523fba48050>,7,1,[12  2],8,359,360,351,359
1,<environment.Job instance at 0x1523fe7de4b0>,38,12,[ 2 12],39,370,382,331,370
1,<environment.Job instance at 0x1523fe6119b0>,0,28,[ 2 13],1,2,30,1,2
1,<environment.Job instance at 0x1523fe7de4b0>,3,25,[13  2],4,4,29,0,4
1,<environment.Job instance at 0x1523fe8dd140>,4,22,[ 1 13],5,30,52,25,27
1,<environment.Job instance at 0x1523fe8ddaa0>,10,21,[6 2],11,29,50,18,27
1,<environment.Job instance at 0x1523fe8ddf00>,8,26,[6 2],9,50,76,41,47
1,<environment.Job instance at 0x1523fe6c1370>,14,24,[ 1 11],15,52,76,37,48
1,<environment.Job instance at 0x1523fe8dd7d0>,12,1,[ 2 13],13,76,77,63,54
1,<environment.Job instance at 0x1523fe611230>,2,26,[ 1 10],3,77,103,74,74
1,<environment.Job instance at 0x1523fe611b90>,1,3,[11  2],2,76,79,74,74
1,<environment.Job instance at 0x1523fe6c10a0>,19,22,[1 5],20,79,101,59,74
1,<environment.Job instance at 0x1523fe6c1a00>,21,28,[9 1],22,101,129,79,100
1,<environment.Job instance at 0x1523fe6c1d70>,18,20,[ 1 13],19,108,128,89,108
1,<environment.Job instance at 0x1523fe6c1af0>,23,23,[13  2],24,129,152,105,123
1,<environment.Job instance at 0x1523fe6c1e10>,25,24,[ 1 10],26,128,152,102,126
1,<environment.Job instance at 0x1523fe6c1730>,16,1,[ 1 11],17,152,153,135,132
1,<environment.Job instance at 0x1523fb99bc80>,28,21,[2 6],29,153,174,124,145
1,<environment.Job instance at 0x1523fe955af0>,29,19,[2 9],30,153,172,123,145
1,<environment.Job instance at 0x1523fe6c1f00>,17,2,[12  2],18,172,174,154,161
1,<environment.Job instance at 0x1523fb99b230>,26,3,[ 2 12],27,174,177,147,164
1,<environment.Job instance at 0x1523fe91be10>,32,20,[13  2],33,174,194,141,169
1,<environment.Job instance at 0x1523fe91b870>,33,22,[6 2],34,194,216,160,188
1,<environment.Job instance at 0x1523fe921640>,27,3,[ 2 13],28,207,210,179,207
1,<environment.Job instance at 0x1523fe955370>,31,24,[10  1],32,216,240,184,211
1,<environment.Job instance at 0x1523fe6c1550>,24,3,[ 1 13],25,223,226,198,223
1,<environment.Job instance at 0x152405de0d20>,41,27,[ 1 13],42,227,254,185,227
1,<environment.Job instance at 0x1523fe91b690>,34,12,[7 1],35,240,252,205,228
1,<environment.Job instance at 0x1523fe91c0f0>,43,22,[12  1],44,252,274,208,245
1,<environment.Job instance at 0x1523fe91c0a0>,44,1,[ 1 12],45,261,262,216,261
1,<environment.Job instance at 0x152405de0dc0>,42,20,[14  1],43,274,294,231,265
1,<environment.Job instance at 0x1523fb9211e0>,46,28,[1 7],47,266,294,219,266
1,<environment.Job instance at 0x152405de0e10>,36,2,[11  2],37,294,296,257,285
1,<environment.Job instance at 0x152405de0730>,45,20,[2 9],46,294,314,248,285
1,<environment.Job instance at 0x152405de0fa0>,38,24,[12  1],39,296,320,257,291
1,<environment.Job instance at 0x1523fb921730>,48,1,[12  1],49,320,321,271,314
1,<environment.Job instance at 0x1523fe9559b0>,30,14,[11  2],31,321,335,290,315
1,<environment.Job instance at 0x1523fb743820>,0,21,[ 2 12],1,2,23,1,2
1,<environment.Job instance at 0x1523fe9559b0>,3,21,[ 2 13],4,23,44,19,16
1,<environment.Job instance at 0x1523fc38ed20>,9,26,[5 1],10,24,50,14,24
1,<environment.Job instance at 0x1523fc38ea00>,6,3,[11  2],7,50,53,43,35
1,<environment.Job instance at 0x1523fc38e780>,11,25,[2 7],12,44,69,32,43
1,<environment.Job instance at 0x1523fc38ea50>,12,23,[8 2],13,53,76,40,47
1,<environment.Job instance at 0x1523fe9c0690>,14,23,[11  1],15,76,99,61,70
1,<environment.Job instance at 0x1523fe8537d0>,16,25,[ 2 14],17,76,101,59,73
1,<environment.Job instance at 0x1523fc38e500>,4,3,[ 2 11],5,101,104,96,92
1,<environment.Job instance at 0x1523fe9c05a0>,13,22,[ 1 13],14,104,126,90,98
1,<environment.Job instance at 0x1523fc38eaf0>,8,3,[11  1],9,117,120,108,117
1,<environment.Job instance at 0x1523ff36faf0>,25,27,[2 7],26,126,153,100,124
1,<environment.Job instance at 0x1523ff36f320>,26,25,[10  2],27,124,149,97,124
1,<environment.Job instance at 0x1523fc3a3b40>,27,1,[14  1],28,153,154,125,139
1,<environment.Job instance at 0x1523ff36f140>,28,23,[6 1],29,154,177,125,148
1,<environment.Job instance at 0x1524050f7dc0>,30,2,[12  2],31,149,151,118,148
1,<environment.Job instance at 0x1523fb7e8370>,1,1,[12  1],2,177,178,175,157
1,<environment.Job instance at 0x1523fba48e60>,32,21,[10  2],33,178,199,145,170
1,<environment.Job instance at 0x1523fc3333c0>,34,2,[2 6],35,171,173,136,171
1,<environment.Job instance at 0x1523ff8630f0>,35,24,[12  1],36,199,223,163,194
1,<environment.Job instance at 0x1523ff36f910>,37,25,[11  1],38,223,248,185,219
1,<environment.Job instance at 0x152450130eb0>,38,17,[2 8],39,220,237,181,220
1,<environment.Job instance at 0x1523ff36f050>,39,21,[1 7],40,237,258,197,229
1,<environment.Job instance at 0x152450130140>,40,27,[2 9],41,258,285,217,256
1,<environment.Job instance at 0x1523fb20f050>,41,14,[5 1],42,256,270,214,256
1,<environment.Job instance at 0x1523fe68f500>,42,18,[14  2],43,285,303,242,274
1,<environment.Job instance at 0x152405cfcd70>,46,1,[ 1 13],47,285,286,238,277
1,<environment.Job instance at 0x152405cfc870>,47,28,[2 5],48,303,331,255,302
1,<environment.Job instance at 0x1523fe5eaf50>,48,22,[2 8],49,303,325,254,302
1,<environment.Job instance at 0x152405cfc050>,45,21,[ 2 14],46,331,352,285,323
1,<environment.Job instance at 0x1523fb39d410>,33,15,[13  1],34,372,387,338,372
1,<environment.Job instance at 0x1523fe6c17d0>,17,12,[13  1],18,655,667,637,655
1,<environment.Job instance at 0x1523fb386a00>,29,15,[ 2 14],30,1509,1524,1479,1509
1,<environment.Job instance at 0x152405e1b370>,0,28,[1 6],1,1,29,0,1
1,<environment.Job instance at 0x1524501272d0>,1,27,[12  1],2,2,29,0,2
1,<environment.Job instance at 0x1523fe8df640>,11,20,[14  2],12,29,49,17,23
1,<environment.Job instance at 0x1523fc35a460>,4,18,[13  2],5,49,67,44,39
1,<environment.Job instance at 0x1523ff86c230>,14,23,[11  2],15,67,90,52,61
1,<environment.Job instance at 0x1523ff86c3c0>,16,21,[10  1],17,90,111,73,82
1,<environment.Job instance at 0x1523ff86c780>,17,17,[1 7],18,89,106,71,89
1,<environment.Job instance at 0x1523ff86c5f0>,18,20,[12  2],19,111,131,92,103
1,<environment.Job instance at 0x1523fc35a050>,7,17,[11  2],8,131,148,123,123
1,<environment.Job instance at 0x1523fb22eb40>,19,2,[ 1 11],20,137,139,117,137
1,<environment.Job instance at 0x1523ff86cbe0>,21,22,[11  1],22,148,170,126,141
1,<environment.Job instance at 0x1523ff86cdc0>,22,17,[1 9],23,143,160,120,143
1,<environment.Job instance at 0x1523fc35a8c0>,5,19,[ 1 11],6,160,179,154,151
1,<environment.Job instance at 0x1523fe6e42d0>,23,21,[9 2],24,170,191,146,164
1,<environment.Job instance at 0x1523fe6e4960>,25,21,[11  2],26,191,212,165,183
1,<environment.Job instance at 0x1523fb216730>,29,23,[1 9],30,187,210,157,187
1,<environment.Job instance at 0x1523fe6f0cd0>,28,28,[12  2],29,212,240,183,211
1,<environment.Job instance at 0x1523ff86cc30>,24,14,[11  2],25,240,254,215,225
1,<environment.Job instance at 0x152405e34f50>,35,26,[5 2],36,254,280,218,251
1,<environment.Job instance at 0x152405e34910>,36,21,[ 2 12],37,251,272,214,251
1,<environment.Job instance at 0x1523fb82b0f0>,10,18,[12  1],11,280,298,269,275
1,<environment.Job instance at 0x1523fb216050>,34,16,[12  2],35,298,314,263,294
1,<environment.Job instance at 0x152405e347d0>,37,3,[ 1 13],38,309,312,271,309
1,<environment.Job instance at 0x152405e349b0>,39,16,[ 2 13],40,323,339,283,323
1,<environment.Job instance at 0x152405e34fa0>,41,25,[1 8],42,339,364,297,335
1,<environment.Job instance at 0x152405e34960>,42,3,[14  1],43,339,342,296,339
1,<environment.Job instance at 0x152405e34eb0>,43,3,[ 2 13],44,364,367,320,357
1,<environment.Job instance at 0x1523fb930730>,44,23,[ 1 12],45,367,390,322,361
1,<environment.Job instance at 0x1523fb9308c0>,45,22,[10  1],46,361,383,315,361
1,<environment.Job instance at 0x1523fb9303c0>,46,1,[ 1 12],47,390,391,343,366
1,<environment.Job instance at 0x1523fb930e10>,47,24,[1 6],48,391,415,343,386
1,<environment.Job instance at 0x1523fb930500>,48,20,[8 1],49,387,407,338,387
1,<environment.Job instance at 0x1523fb837c80>,30,17,[ 1 11],31,456,473,425,456
1,<environment.Job instance at 0x152405e34a00>,38,18,[ 2 14],39,473,491,434,468
1,<environment.Job instance at 0x152405e34e60>,40,14,[14  2],41,592,606,551,592
1,<environment.Job instance at 0x1523fe8df140>,12,15,[ 1 13],13,1297,1312,1284,1297
1,<environment.Job instance at 0x1523fb6b2f00>,1,27,[11  1],2,2,29,0,2
1,<environment.Job instance at 0x1523fb6b2730>,3,25,[9 2],4,29,54,25,25
1,<environment.Job instance at 0x1523fbc19910>,6,1,[13  1],7,54,55,47,26
1,<environment.Job instance at 0x1523fbc19870>,7,26,[12  2],8,55,81,47,52
1,<environment.Job instance at 0x1523fbc196e0>,8,25,[12  2],9,81,106,72,77
1,<environment.Job instance at 0x1523fbc195f0>,11,19,[ 1 12],12,84,103,72,84
1,<environment.Job instance at 0x1523fbc192d0>,10,24,[2 7],11,103,127,92,99
1,<environment.Job instance at 0x1523ff735230>,14,24,[2 8],15,106,130,91,101
1,<environment.Job instance at 0x1523ff735aa0>,12,1,[2 5],13,127,128,114,121
1,<environment.Job instance at 0x1523ff7355f0>,16,21,[2 7],17,128,149,111,125
1,<environment.Job instance at 0x1523fbc19f00>,5,27,[13  1],6,130,157,124,128
1,<environment.Job instance at 0x1523ff735a50>,13,13,[14  2],14,157,170,143,143
1,<environment.Job instance at 0x1523fe963910>,22,18,[ 2 14],23,170,188,147,161
1,<environment.Job instance at 0x1523fb2512d0>,24,27,[6 1],25,176,203,151,176
1,<environment.Job instance at 0x1523fb251690>,23,19,[ 1 11],24,188,207,164,180
1,<environment.Job instance at 0x1523fb514640>,26,22,[1 7],27,207,229,180,200
1,<environment.Job instance at 0x1524050fc550>,29,23,[1 6],30,207,230,177,201
1,<environment.Job instance at 0x1523fb3b1e60>,30,17,[11  1],31,205,222,174,205
1,<environment.Job instance at 0x1524050fc640>,32,28,[2 6],33,229,257,196,228
1,<environment.Job instance at 0x1523fe958190>,33,28,[1 7],34,230,258,196,229
1,<environment.Job instance at 0x1523ff80c190>,34,20,[8 1],35,229,249,194,229
1,<environment.Job instance at 0x1523ff80c500>,37,26,[13  1],38,257,283,219,254
1,<environment.Job instance at 0x1523ff80c370>,36,25,[12  1],37,283,308,246,279
1,<environment.Job instance at 0x1523ff80c320>,38,13,[14  1],39,308,321,269,305
1,<environment.Job instance at 0x1524480946e0>,40,22,[14  2],41,321,343,280,314
1,<environment.Job instance at 0x1524480940a0>,41,3,[12  2],42,344,347,302,344
1,<environment.Job instance at 0x1523fb65a0f0>,42,3,[11  1],43,347,350,304,345
1,<environment.Job instance at 0x1523fb65a370>,43,28,[6 2],44,350,378,306,349
1,<environment.Job instance at 0x1523fb65a730>,44,20,[12  1],45,378,398,333,369
1,<environment.Job instance at 0x1523fb65abe0>,45,21,[13  1],46,398,419,352,390
1,<environment.Job instance at 0x1523fb65ae60>,46,24,[6 2],47,419,443,372,414
1,<environment.Job instance at 0x1523fb65a190>,47,26,[1 5],48,414,440,366,414
1,<environment.Job instance at 0x1523fbc19780>,4,18,[ 1 14],5,450,468,445,450
1,<environment.Job instance at 0x1523fd0b1500>,39,16,[ 1 11],40,468,484,428,456
1,<environment.Job instance at 0x1523ff747460>,18,15,[ 1 14],19,862,877,843,862
1,<environment.Job instance at 0x1523ff3ab5a0>,20,15,[ 2 12],21,1755,1770,1734,1755
1,<environment.Job instance at 0x1523faee13c0>,2,28,[1 9],3,3,31,0,3
1,<environment.Job instance at 0x1524058420f0>,5,21,[9 1],6,6,27,0,6
1,<environment.Job instance at 0x1523faee10a0>,6,21,[12  1],7,27,48,20,23
1,<environment.Job instance at 0x1523fb8cb640>,11,20,[11  1],12,48,68,36,43
1,<environment.Job instance at 0x152448469be0>,10,24,[ 2 10],11,43,67,32,43
1,<environment.Job instance at 0x1523fb5c7b40>,12,15,[ 1 13],13,67,82,54,57
1,<environment.Job instance at 0x1523ff4ee0f0>,19,23,[11  2],20,68,91,48,62
1,<environment.Job instance at 0x1523fb8cb8c0>,17,25,[13  1],18,91,116,73,87
1,<environment.Job instance at 0x1523ff437f50>,22,21,[ 1 13],23,90,111,67,90
1,<environment.Job instance at 0x1523fb58d1e0>,21,1,[ 1 14],22,111,112,89,108
1,<environment.Job instance at 0x15240584cd20>,25,3,[ 2 13],26,112,115,86,108
1,<environment.Job instance at 0x15240584c280>,26,26,[10  2],27,116,142,89,113
1,<environment.Job instance at 0x15240584ca00>,27,28,[14  1],28,142,170,114,141
1,<environment.Job instance at 0x1523fd0b1aa0>,28,24,[7 2],29,170,194,141,165
1,<environment.Job instance at 0x1523fd0b1e10>,29,25,[11  1],30,194,219,164,190
1,<environment.Job instance at 0x1523fb755410>,30,19,[2 7],31,190,209,159,190
1,<environment.Job instance at 0x1523fb755b90>,31,2,[11  1],32,219,221,187,199
1,<environment.Job instance at 0x1523fe909d20>,33,16,[11  2],34,221,237,187,211
1,<environment.Job instance at 0x1523fe909410>,34,2,[ 1 11],35,214,216,179,214
1,<environment.Job instance at 0x1523fe909960>,35,28,[11  2],36,237,265,201,236
1,<environment.Job instance at 0x1523fe909be0>,36,24,[ 2 13],37,236,260,199,236
1,<environment.Job instance at 0x1523fe909e10>,37,17,[ 2 12],38,260,277,222,260
1,<environment.Job instance at 0x1523fb6819b0>,38,22,[5 2],39,265,287,226,260
1,<environment.Job instance at 0x1523fb681500>,39,23,[2 9],40,277,300,237,271
1,<environment.Job instance at 0x1523fb681f50>,40,19,[9 2],41,287,306,246,278
1,<environment.Job instance at 0x1523fba55c30>,42,28,[ 2 10],43,300,328,257,299
1,<environment.Job instance at 0x1523fba55aa0>,43,17,[7 2],44,306,323,262,304
1,<environment.Job instance at 0x1523fc415500>,47,21,[13  1],48,323,344,275,315
1,<environment.Job instance at 0x1523fea96870>,48,18,[ 2 12],49,328,346,279,324
1,<environment.Job instance at 0x1523fb165c30>,1,1,[13  2],2,344,345,342,343
1,<environment.Job instance at 0x15240584c500>,24,16,[14  1],25,348,364,323,348
1,<environment.Job instance at 0x1523faee1500>,0,17,[ 2 12],1,364,381,363,360
1,<environment.Job instance at 0x1523fb8cb5f0>,14,13,[14  2],15,414,427,399,414
1,<environment.Job instance at 0x1523fb7e1f50>,2,28,[2 5],3,3,31,0,3
1,<environment.Job instance at 0x1523ff3d7690>,5,21,[11  2],6,8,29,2,8
1,<environment.Job instance at 0x1523fb7e19b0>,4,23,[ 1 13],5,31,54,26,27
1,<environment.Job instance at 0x1523fe970820>,9,27,[11  1],10,29,56,19,27
1,<environment.Job instance at 0x1523ff3d7fa0>,3,27,[ 1 12],4,55,82,51,55
1,<environment.Job instance at 0x1523fe970780>,8,28,[5 2],9,56,84,47,55
1,<environment.Job instance at 0x1523fb8160f0>,17,27,[ 2 10],18,82,109,64,80
1,<environment.Job instance at 0x1523fb816780>,18,28,[ 2 14],19,109,137,90,108
1,<environment.Job instance at 0x1523fb8168c0>,20,27,[11  1],21,108,135,87,108
1,<environment.Job instance at 0x1523ff332b40>,24,28,[7 1],25,135,163,110,134
1,<environment.Job instance at 0x1523fbaf75a0>,26,18,[12  2],27,163,181,136,153
1,<environment.Job instance at 0x1523ff48ed70>,28,24,[8 1],29,181,205,152,176
1,<environment.Job instance at 0x1523ff48e640>,29,24,[ 1 14],30,181,205,151,176
1,<environment.Job instance at 0x1523fc397460>,31,1,[9 2],32,205,206,173,182
1,<environment.Job instance at 0x1523fc397870>,33,15,[6 1],34,205,220,171,195
1,<environment.Job instance at 0x1523fc3972d0>,34,28,[1 9],35,206,234,171,205
1,<environment.Job instance at 0x1523fe9a25a0>,25,3,[14  2],26,220,223,194,205
1,<environment.Job instance at 0x1523ffcaf5a0>,38,28,[7 2],39,223,251,184,222
1,<environment.Job instance at 0x1523ffcaf460>,39,25,[ 1 14],40,251,276,211,247
1,<environment.Job instance at 0x1523fe5e41e0>,40,20,[ 2 13],41,276,296,235,267
1,<environment.Job instance at 0x1523fb4f5690>,41,21,[10  2],42,276,297,234,269
1,<environment.Job instance at 0x1523fc361e60>,42,1,[8 1],43,269,270,226,269
1,<environment.Job instance at 0x1523fb4f5a00>,44,24,[6 2],45,297,321,252,292
1,<environment.Job instance at 0x1523ff3b38c0>,46,27,[ 2 12],47,306,333,259,306
1,<environment.Job instance at 0x1523ff3b3a50>,47,20,[11  1],48,321,341,273,312
1,<environment.Job instance at 0x1523ff3b3050>,48,22,[ 2 11],49,333,355,284,326
1,<environment.Job instance at 0x1523fc353af0>,37,18,[11  1],38,345,363,307,345
1,<environment.Job instance at 0x1523fe970140>,12,14,[11  1],13,363,377,350,357
1,<environment.Job instance at 0x1523fe970730>,15,14,[ 1 13],16,408,422,392,408
1,<environment.Job instance at 0x1523fe7e80f0>,13,1,[12  1],14,416,417,402,416
1,<environment.Job instance at 0x1523ff47c230>,0,23,[8 1],1,1,24,0,1
1,<environment.Job instance at 0x152405d70d70>,3,20,[ 1 12],4,7,27,3,7
1,<environment.Job instance at 0x1523fb7342d0>,9,28,[ 1 11],10,27,55,17,26
1,<environment.Job instance at 0x15240237faa0>,14,22,[14  2],15,26,48,11,26
1,<environment.Job instance at 0x1524050ff5a0>,17,23,[14  2],18,48,71,30,44
1,<environment.Job instance at 0x152405d708c0>,7,17,[ 1 13],8,55,72,47,54
1,<environment.Job instance at 0x1523fb1282d0>,21,22,[7 1],22,71,93,49,64
1,<environment.Job instance at 0x1523fd0acbe0>,23,1,[11  2],24,93,94,69,68
1,<environment.Job instance at 0x1523fb3e3050>,15,1,[ 2 11],16,88,89,72,88
1,<environment.Job instance at 0x152403dd7460>,24,25,[14  1],25,94,119,69,90
1,<environment.Job instance at 0x1523ff736c80>,26,21,[ 1 11],27,93,114,66,93
1,<environment.Job instance at 0x1523fb75e910>,30,24,[5 2],31,119,143,88,114
1,<environment.Job instance at 0x1523fb75e3c0>,32,21,[1 6],33,116,137,83,116
1,<environment.Job instance at 0x152405c91b90>,28,2,[ 1 14],29,143,145,114,119
1,<environment.Job instance at 0x152407ff45f0>,34,24,[2 9],35,145,169,110,140
1,<environment.Job instance at 0x1523fb75e6e0>,37,14,[1 5],38,148,162,110,148
1,<environment.Job instance at 0x1523fe8a9690>,19,3,[14  1],20,169,172,149,168
1,<environment.Job instance at 0x1523fd0e8640>,42,26,[2 9],43,172,198,129,169
1,<environment.Job instance at 0x1523fd0e8d20>,41,3,[ 2 11],42,198,201,156,186
1,<environment.Job instance at 0x1523fd0e87d0>,38,14,[13  1],39,189,203,150,189
1,<environment.Job instance at 0x152450194370>,45,20,[14  1],46,203,223,157,196
1,<environment.Job instance at 0x1524501947d0>,44,3,[14  2],45,223,226,178,202
1,<environment.Job instance at 0x1523fe136370>,46,3,[13  2],47,226,229,179,211
1,<environment.Job instance at 0x1523fe136230>,48,23,[14  2],49,229,252,180,224
1,<environment.Job instance at 0x152405d70640>,10,12,[ 1 11],11,273,285,262,273
1,<environment.Job instance at 0x152400f0d410>,0,24,[ 1 10],1,1,25,0,1
1,<environment.Job instance at 0x1523fea26050>,3,28,[2 7],4,25,53,21,25
1,<environment.Job instance at 0x1523fea267d0>,7,24,[10  2],8,25,49,17,25
1,<environment.Job instance at 0x1523fea26410>,8,24,[8 1],9,49,73,40,45
1,<environment.Job instance at 0x152400f0daa0>,2,24,[ 1 11],3,53,77,50,53
1,<environment.Job instance at 0x1523fbc6a370>,10,25,[12  2],11,73,98,62,70
1,<environment.Job instance at 0x1523fbc6ac80>,11,28,[ 1 12],12,77,105,65,77
1,<environment.Job instance at 0x1523fea26cd0>,6,2,[11  2],7,98,100,91,91
1,<environment.Job instance at 0x1523fbc6a500>,9,19,[ 1 10],10,105,124,95,101
1,<environment.Job instance at 0x1523fba416e0>,13,28,[ 2 10],14,124,152,110,123
1,<environment.Job instance at 0x1523fba417d0>,16,24,[5 1],17,123,147,106,123
1,<environment.Job instance at 0x1523fb3e2640>,20,20,[ 1 13],21,152,172,131,143
1,<environment.Job instance at 0x15240236dbe0>,15,20,[11  2],16,149,169,133,149
1,<environment.Job instance at 0x1523fb3e2460>,19,21,[14  2],20,169,190,149,162
1,<environment.Job instance at 0x1523fbc6afa0>,12,1,[5 1],13,190,191,177,163
1,<environment.Job instance at 0x1523fb3e2820>,21,23,[2 7],22,190,213,168,186
1,<environment.Job instance at 0x1523fb250640>,23,27,[2 8],24,191,218,167,189
1,<environment.Job instance at 0x1523fb250320>,27,16,[12  1],28,213,229,185,208
1,<environment.Job instance at 0x1523fb250f00>,25,2,[ 2 13],26,218,220,192,211
1,<environment.Job instance at 0x1523fb250e60>,30,1,[14  2],31,229,230,198,214
1,<environment.Job instance at 0x1523fb250960>,31,27,[13  1],32,230,257,198,228
1,<environment.Job instance at 0x1523fb250730>,32,19,[ 2 12],33,230,249,197,229
1,<environment.Job instance at 0x1523fb250190>,34,1,[5 1],35,257,258,222,229
1,<environment.Job instance at 0x1523fb250eb0>,35,23,[2 6],36,249,272,213,243
1,<environment.Job instance at 0x1523fb2509b0>,37,24,[6 1],38,257,281,219,252
1,<environment.Job instance at 0x1523fb250140>,38,25,[12  1],39,281,306,242,277
1,<environment.Job instance at 0x1523fb250aa0>,39,27,[5 2],40,306,333,266,304
1,<environment.Job instance at 0x1523fb250370>,40,23,[5 1],41,306,329,265,304
1,<environment.Job instance at 0x1523fb250a00>,26,1,[ 2 13],27,329,330,302,306
1,<environment.Job instance at 0x1523fb2505f0>,42,28,[ 1 12],43,330,358,287,329
1,<environment.Job instance at 0x1523fb250550>,44,25,[11  2],45,335,360,290,335
1,<environment.Job instance at 0x1523fb250a50>,33,19,[1 5],34,358,377,324,348
1,<environment.Job instance at 0x1523fb334c30>,45,23,[ 1 14],46,377,400,331,371
1,<environment.Job instance at 0x1523fea26c80>,4,18,[ 2 14],5,400,418,395,391
1,<environment.Job instance at 0x1523fb250f50>,41,15,[ 1 14],42,418,433,376,414
1,<environment.Job instance at 0x1523fb334e10>,47,12,[ 1 12],48,900,912,852,900
1,<environment.Job instance at 0x1523fb3e2500>,22,16,[ 2 12],23,974,990,951,974
1,<environment.Job instance at 0x1523fd0c19b0>,0,24,[ 2 12],1,1,25,0,1
1,<environment.Job instance at 0x1523fe966820>,2,21,[10  1],3,3,24,0,3
1,<environment.Job instance at 0x1523ff520d20>,8,20,[9 1],9,24,44,15,15
1,<environment.Job instance at 0x1523ff520050>,10,16,[ 1 14],11,25,41,14,22
1,<environment.Job instance at 0x1523ff520a50>,5,24,[2 7],6,41,65,35,38
1,<environment.Job instance at 0x1523ff520230>,11,24,[12  1],12,44,68,32,39
1,<environment.Job instance at 0x1524050c8c30>,13,28,[ 2 12],14,65,93,51,64
1,<environment.Job instance at 0x1523ff5205a0>,3,24,[11  1],4,68,92,64,64
1,<environment.Job instance at 0x1523fe72ca50>,16,12,[ 1 11],17,93,105,76,86
1,<environment.Job instance at 0x1523fd0d2910>,17,23,[9 2],18,99,122,81,99
1,<environment.Job instance at 0x1523fe5ace60>,15,20,[ 1 12],16,105,125,89,99
1,<environment.Job instance at 0x1523fe71f730>,21,28,[12  1],22,122,150,100,121
1,<environment.Job instance at 0x1523ff520af0>,9,3,[ 2 12],10,125,128,115,122
1,<environment.Job instance at 0x152405e210f0>,27,27,[14  2],28,150,177,122,148
1,<environment.Job instance at 0x1524050c8780>,22,2,[ 1 11],23,157,159,134,157
1,<environment.Job instance at 0x1523fc438370>,19,17,[ 2 14],20,177,194,157,166
1,<environment.Job instance at 0x1523fb9d1e60>,32,18,[ 1 11],33,194,212,161,185
1,<environment.Job instance at 0x1523fb9d1280>,33,25,[10  1],34,185,210,151,185
1,<environment.Job instance at 0x1523fe685320>,34,24,[ 1 14],35,212,236,177,207
1,<environment.Job instance at 0x1523faf8fdc0>,30,18,[8 1],31,221,239,190,221
1,<environment.Job instance at 0x1523fd0aa1e0>,37,28,[6 1],38,236,264,198,235
1,<environment.Job instance at 0x1523fd0aa690>,36,1,[14  1],37,264,265,227,240
1,<environment.Job instance at 0x1523fc2ded20>,39,27,[2 6],40,265,292,225,263
1,<environment.Job instance at 0x1523fd0aaf50>,40,26,[8 1],41,265,291,224,263
1,<environment.Job instance at 0x1523fc2de9b0>,38,20,[ 1 11],39,292,312,253,283
1,<environment.Job instance at 0x1523fc2de8c0>,44,21,[ 2 14],45,312,333,267,304
1,<environment.Job instance at 0x1523fc2de2d0>,45,22,[14  1],46,333,355,287,328
1,<environment.Job instance at 0x1523fc2de0a0>,41,12,[ 1 14],42,333,345,291,333
1,<environment.Job instance at 0x1523fb7b1f00>,47,26,[6 2],48,355,381,307,352
1,<environment.Job instance at 0x1523fc2dec30>,46,22,[9 2],47,355,377,308,354
1,<environment.Job instance at 0x1523fd0c1e60>,1,15,[11  2],2,395,410,393,395
1,<environment.Job instance at 0x1523fb2d7f50>,29,2,[ 1 13],30,403,405,373,403
1,<environment.Job instance at 0x1523fe91c820>,28,15,[ 1 12],29,612,627,583,612
1,<environment.Job instance at 0x1523fe5cb230>,1,13,[1 8],2,2,15,0,2
1,<environment.Job instance at 0x1523fe91c820>,2,22,[14  2],3,4,26,1,4
1,<environment.Job instance at 0x1523fe614690>,4,27,[ 2 14],5,26,53,21,24
1,<environment.Job instance at 0x1523fe614500>,7,24,[12  2],8,53,77,45,48
1,<environment.Job instance at 0x1523fe614820>,8,24,[7 2],9,77,101,68,75
1,<environment.Job instance at 0x1523fe6144b0>,9,2,[ 2 11],10,82,84,72,82
1,<environment.Job instance at 0x1523fe6143c0>,12,23,[11  2],13,101,124,88,95
1,<environment.Job instance at 0x1523fe614cd0>,11,2,[ 1 13],12,100,102,88,100
1,<environment.Job instance at 0x1523fe91cd20>,3,3,[12  2],4,124,127,120,102
1,<environment.Job instance at 0x1523fc436640>,18,19,[ 2 10],19,112,131,93,112
1,<environment.Job instance at 0x1523fc436be0>,19,28,[7 1],20,127,155,107,126
1,<environment.Job instance at 0x1523fe614230>,15,24,[ 2 14],16,131,155,115,126
1,<environment.Job instance at 0x1523fc412aa0>,26,21,[ 2 12],27,155,176,128,149
1,<environment.Job instance at 0x1523fc412dc0>,25,27,[7 1],26,155,182,129,153
1,<environment.Job instance at 0x1523fc436d70>,20,21,[ 1 14],21,176,197,155,169
1,<environment.Job instance at 0x1523fc4120f0>,30,23,[13  2],31,197,220,166,191
1,<environment.Job instance at 0x1523fc412b90>,34,28,[11  1],35,220,248,185,219
1,<environment.Job instance at 0x1523fc412820>,35,26,[6 2],36,248,274,212,245
1,<environment.Job instance at 0x1523fc4124b0>,37,28,[13  1],38,274,302,236,273
1,<environment.Job instance at 0x1523fc412550>,38,16,[ 1 12],39,277,293,238,277
1,<environment.Job instance at 0x1523fc412cd0>,40,24,[ 1 10],41,293,317,252,288
1,<environment.Job instance at 0x1523fc4125a0>,36,22,[11  2],37,302,324,265,299
1,<environment.Job instance at 0x1523fc412500>,41,28,[ 2 13],42,317,345,275,317
1,<environment.Job instance at 0x1523fc4125f0>,39,14,[11  1],40,334,348,294,334
1,<environment.Job instance at 0x1523fc412320>,44,12,[1 7],45,345,357,300,335
1,<environment.Job instance at 0x1523fc332820>,46,27,[8 2],47,348,375,301,348
1,<environment.Job instance at 0x1523fe614190>,13,3,[ 1 12],14,357,360,343,351
1,<environment.Job instance at 0x1523fc332be0>,48,25,[11  1],49,375,400,326,371
1,<environment.Job instance at 0x1523fc4122d0>,42,26,[ 1 14],43,375,401,332,374
1,<environment.Job instance at 0x1523fc412e60>,33,2,[12  2],34,401,403,367,401
1,<environment.Job instance at 0x1523fc3328c0>,47,1,[ 2 13],48,405,406,357,405
1,<environment.Job instance at 0x1523fc412460>,43,15,[11  1],44,1074,1089,1030,1074
