iteration,job object,job ID,job Length,job ressource requirement,job enter time,job start time,job finish time,job waiting time,current time
1,<environment.Job instance at 0x7f6fd1f2daf0>,14,13,[7 3],15,34,47,19,19
1,<environment.Job instance at 0x7f6fd1f31050>,16,16,[ 3 11],17,34,50,17,23
1,<environment.Job instance at 0x7f6fd1f31140>,19,14,[ 3 11],20,50,64,30,38
1,<environment.Job instance at 0x7f6fd1f348c0>,0,13,[9 3],1,1,14,0,1
1,<environment.Job instance at 0x7f6fd1f34c80>,2,22,[4 8],3,3,25,0,3
1,<environment.Job instance at 0x7f6fd1f373c0>,14,13,[7 3],15,15,28,0,15
1,<environment.Job instance at 0x7f6fd1f37a50>,23,18,[2 7],24,25,43,1,25
1,<environment.Job instance at 0x7f6fd1f34f50>,6,20,[6 1],7,25,45,18,25
1,<environment.Job instance at 0x7f6fd1f34dc0>,4,21,[1 6],5,28,49,23,28
1,<environment.Job instance at 0x7f6fd1f3a140>,33,16,[2 8],34,43,59,9,43
1,<environment.Job instance at 0x7f6fd1f3a9b0>,45,13,[6 5],46,49,62,3,49
1,<environment.Job instance at 0x7f6fd1a270a0>,1,20,[5 3],2,2,22,0,2
1,<environment.Job instance at 0x7f6fd1ac80f0>,6,12,[3 6],7,7,19,0,7
1,<environment.Job instance at 0x7f6fd1b89e60>,8,14,[2 7],9,19,33,10,9
1,<environment.Job instance at 0x7f6fd1a90af0>,9,17,[1 6],10,22,39,12,10
1,<environment.Job instance at 0x7f6fd1a90a00>,12,18,[5 3],13,33,51,20,24
1,<environment.Job instance at 0x7f6fd1aba3c0>,13,17,[ 4 12],14,39,56,25,30
1,<environment.Job instance at 0x7f6fd1f3a640>,1,20,[5 3],2,2,22,0,2
1,<environment.Job instance at 0x7f6fd1f3a460>,3,17,[5 7],4,4,21,0,4
1,<environment.Job instance at 0x7f6fd1f34cd0>,12,18,[5 3],13,13,31,0,13
1,<environment.Job instance at 0x7f6fd1f3a230>,6,12,[3 6],7,21,33,14,21
1,<environment.Job instance at 0x7f6fd1f3a0a0>,9,17,[1 6],10,22,39,12,22
1,<environment.Job instance at 0x7f6fd1f37aa0>,28,12,[10  2],29,33,45,4,33
1,<environment.Job instance at 0x7f6fd1f3a050>,8,14,[2 7],9,33,47,24,33
1,<environment.Job instance at 0x7f6fd1f37960>,30,14,[2 6],31,39,53,8,39
1,<environment.Job instance at 0x7f6fd1f37dc0>,27,13,[8 5],28,47,60,19,47
1,<environment.Job instance at 0x7f6fd17e4e60>,4,12,[4 6],5,5,17,0,5
1,<environment.Job instance at 0x7f6fd17e4a50>,8,21,[ 1 10],9,17,38,8,9
1,<environment.Job instance at 0x7f6fd17e4280>,9,14,[10  4],10,10,24,0,10
1,<environment.Job instance at 0x7f6fd19625f0>,13,15,[12  1],14,24,39,10,14
1,<environment.Job instance at 0x7f6fd1962460>,14,14,[ 2 11],15,38,52,23,24
1,<environment.Job instance at 0x7f6fd17e4c80>,2,16,[ 3 13],3,52,68,49,40
1,<environment.Job instance at 0x7f6fd1f37050>,0,18,[2 7],1,1,19,0,1
1,<environment.Job instance at 0x7f6fd1f37aa0>,4,12,[4 6],5,5,17,0,5
1,<environment.Job instance at 0x7f6fd1f37b40>,9,14,[10  4],10,17,31,7,17
1,<environment.Job instance at 0x7f6fd1f37460>,1,18,[ 1 10],2,19,37,17,19
1,<environment.Job instance at 0x7f6fd16e6b90>,21,13,[7 4],22,31,44,9,31
1,<environment.Job instance at 0x7f6fd16e6640>,28,15,[8 3],29,37,52,8,37
1,<environment.Job instance at 0x7f6fd1f37af0>,15,16,[7 5],16,44,60,28,44
1,<environment.Job instance at 0x7f6fd16e1d20>,0,14,[1 8],1,1,15,0,1
1,<environment.Job instance at 0x7f6fd151ec80>,6,14,[9 5],7,11,25,4,11
1,<environment.Job instance at 0x7f6fd151efa0>,11,24,[4 7],12,15,39,3,12
1,<environment.Job instance at 0x7f6fd1520190>,12,13,[3 8],13,25,38,12,13
1,<environment.Job instance at 0x7f6fd1520280>,13,13,[3 5],14,38,51,24,22
1,<environment.Job instance at 0x7f6fd151edc0>,9,15,[1 7],10,39,54,29,26
1,<environment.Job instance at 0x7f6fd151ef00>,14,19,[ 3 12],15,54,73,39,48
1,<environment.Job instance at 0x7f6fd197f230>,0,14,[1 8],1,1,15,0,1
1,<environment.Job instance at 0x7f6fd197f640>,6,14,[9 5],7,7,21,0,7
1,<environment.Job instance at 0x7f6fd16e65f0>,13,13,[3 5],14,15,28,1,15
1,<environment.Job instance at 0x7f6fd16e6640>,12,13,[3 8],13,21,34,8,21
1,<environment.Job instance at 0x7f6fd197f690>,9,15,[1 7],10,28,43,18,28
1,<environment.Job instance at 0x7f6fd15200a0>,30,13,[8 5],31,34,47,3,34
1,<environment.Job instance at 0x7f6fd1f379b0>,31,14,[2 9],32,43,57,11,43
1,<environment.Job instance at 0x7f6fd17e4f50>,27,17,[8 2],28,47,64,19,47
1,<environment.Job instance at 0x7f6fd1d7bcd0>,0,14,[2 7],1,1,15,0,1
1,<environment.Job instance at 0x7f6fd1d7b640>,5,16,[2 8],6,6,22,0,6
1,<environment.Job instance at 0x7f6fd1d7b410>,7,13,[ 4 12],8,22,35,14,9
1,<environment.Job instance at 0x7f6fd1d7ba50>,12,13,[9 4],13,35,48,22,19
1,<environment.Job instance at 0x7f6fd1d7b280>,13,16,[11  1],14,19,35,5,19
1,<environment.Job instance at 0x7f6fd1fcff50>,20,14,[6 1],21,35,49,14,22
1,<environment.Job instance at 0x7f6fd1fcf460>,23,14,[10  1],24,49,63,25,35
1,<environment.Job instance at 0x7f6fd1962370>,0,14,[2 7],1,1,15,0,1
1,<environment.Job instance at 0x7f6fd16e66e0>,5,16,[2 8],6,6,22,0,6
1,<environment.Job instance at 0x7f6fd1d18500>,12,13,[9 4],13,15,28,2,15
1,<environment.Job instance at 0x7f6fd1f801e0>,17,14,[ 1 10],18,22,36,4,22
1,<environment.Job instance at 0x7f6fd1d12b40>,26,13,[6 3],27,28,41,1,28
1,<environment.Job instance at 0x7f6fd1f80c80>,20,14,[6 1],21,28,42,7,28
1,<environment.Job instance at 0x7f6fd1f80af0>,22,16,[3 8],23,36,52,13,36
1,<environment.Job instance at 0x7f6fd1d129b0>,27,13,[7 4],28,42,55,14,42
1,<environment.Job instance at 0x7f6fd24fb8c0>,2,14,[5 5],3,3,17,0,3
1,<environment.Job instance at 0x7f6fd22c0140>,10,14,[2 7],11,11,25,0,11
1,<environment.Job instance at 0x7f6fd22c0c30>,11,15,[4 8],12,17,32,5,12
1,<environment.Job instance at 0x7f6fd11c0280>,7,15,[12  2],8,32,47,24,19
1,<environment.Job instance at 0x7f6fdb0c22d0>,13,15,[ 2 13],14,32,47,18,29
1,<environment.Job instance at 0x7f6fd12c70f0>,14,13,[ 5 14],15,47,60,32,33
1,<environment.Job instance at 0x7f6fd12c7820>,16,15,[3 6],17,60,75,43,46
1,<environment.Job instance at 0x7f6fd12c7730>,18,16,[2 6],19,60,76,41,47
1,<environment.Job instance at 0x7f6fd1f7a410>,2,14,[5 5],3,3,17,0,3
1,<environment.Job instance at 0x7f6fd2a54500>,5,19,[9 4],6,6,25,0,6
1,<environment.Job instance at 0x7f6fd1de32d0>,10,14,[2 7],11,17,31,6,17
1,<environment.Job instance at 0x7f6fd1de3280>,11,15,[4 8],12,25,40,13,25
1,<environment.Job instance at 0x7f6fd1de3500>,16,15,[3 6],17,31,46,14,31
1,<environment.Job instance at 0x7f6fd1d79dc0>,25,13,[4 8],26,40,53,14,40
1,<environment.Job instance at 0x7f6fd26b45f0>,31,15,[6 1],32,46,61,14,46
1,<environment.Job instance at 0x7f6fd20ce8c0>,18,16,[2 6],19,46,62,27,46
1,<environment.Job instance at 0x7f6fd1672320>,4,24,[5 5],5,5,29,0,5
1,<environment.Job instance at 0x7f6fd2374e60>,7,22,[3 9],8,8,30,0,8
1,<environment.Job instance at 0x7f6fd1b3db90>,2,17,[9 4],3,3,20,0,3
1,<environment.Job instance at 0x7f6fd2a8c2d0>,7,22,[3 9],8,8,30,0,8
1,<environment.Job instance at 0x7f6fd1d79dc0>,21,15,[5 5],22,22,37,0,22
1,<environment.Job instance at 0x7f6fd2122c30>,24,20,[6 1],25,25,45,0,25
1,<environment.Job instance at 0x7f6fd2130eb0>,23,13,[4 8],24,30,43,6,30
1,<environment.Job instance at 0x7f6fd1fcfb90>,40,13,[1 6],41,43,56,2,43
1,<environment.Job instance at 0x7f6fd1f7a3c0>,42,20,[8 1],43,43,63,0,43
1,<environment.Job instance at 0x7f6fd1f7a1e0>,46,20,[5 7],47,47,67,0,47
1,<environment.Job instance at 0x7f6fd2987a50>,2,18,[3 6],3,3,21,0,3
1,<environment.Job instance at 0x7f6fd2987500>,4,15,[5 5],5,5,20,0,5
1,<environment.Job instance at 0x7f6fd2b1aeb0>,12,15,[ 4 12],13,21,36,8,13
1,<environment.Job instance at 0x7f6fd229c8c0>,10,12,[ 3 14],11,36,48,25,19
1,<environment.Job instance at 0x7f6fd1f7a140>,2,18,[3 6],3,3,21,0,3
1,<environment.Job instance at 0x7f6fd2a55140>,4,15,[5 5],5,5,20,0,5
1,<environment.Job instance at 0x7f6fdb0d9500>,15,14,[8 5],16,20,34,4,20
1,<environment.Job instance at 0x7f6fd2b781e0>,8,12,[ 5 10],9,21,33,12,21
1,<environment.Job instance at 0x7f6fd2a03d20>,18,13,[1 7],19,33,46,14,33
1,<environment.Job instance at 0x7f6fd25e56e0>,25,13,[5 5],26,34,47,8,34
1,<environment.Job instance at 0x7f6fd2967a50>,14,18,[8 3],15,34,52,19,34
1,<environment.Job instance at 0x7f6fd17f01e0>,28,14,[7 5],29,47,61,18,47
1,<environment.Job instance at 0x7f6fd15409b0>,1,13,[4 9],2,2,15,0,2
1,<environment.Job instance at 0x7f6fd1540730>,5,14,[ 2 10],6,15,29,9,6
1,<environment.Job instance at 0x7f6fd1f7a370>,1,13,[4 9],2,2,15,0,2
1,<environment.Job instance at 0x7f6fd153f9b0>,13,21,[8 1],14,14,35,0,14
1,<environment.Job instance at 0x7f6fd153f460>,12,13,[ 1 10],13,15,28,2,15
1,<environment.Job instance at 0x7f6fd1540e10>,5,14,[ 2 10],6,28,42,22,28
1,<environment.Job instance at 0x7f6fd16ddd70>,17,14,[6 4],18,35,49,17,35
1,<environment.Job instance at 0x7f6fd153f1e0>,9,14,[ 5 10],10,42,56,32,42
1,<environment.Job instance at 0x7f6fd153f550>,15,15,[8 4],16,49,64,33,49
1,<environment.Job instance at 0x7f6fd23ac8c0>,3,24,[8 2],4,7,31,3,7
1,<environment.Job instance at 0x7f6fd14da8c0>,4,21,[ 2 12],5,8,29,3,8
1,<environment.Job instance at 0x7f6fd276c7d0>,13,16,[6 3],14,29,45,15,16
1,<environment.Job instance at 0x7f6fd1f75640>,20,12,[ 3 12],21,31,43,10,21
1,<environment.Job instance at 0x7f6fd18d17d0>,23,22,[1 6],24,43,65,19,36
1,<environment.Job instance at 0x7f6fd2b83f50>,35,13,[6 4],36,43,56,7,36
1,<environment.Job instance at 0x7f6fd2785eb0>,38,19,[1 5],39,45,64,6,39
1,<environment.Job instance at 0x7f6fd153faa0>,0,17,[8 1],1,1,18,0,1
1,<environment.Job instance at 0x7f6fdb08a320>,6,14,[ 4 10],7,7,21,0,7
1,<environment.Job instance at 0x7f6fd2415690>,8,12,[8 5],9,18,30,9,18
1,<environment.Job instance at 0x7f6fd2313780>,13,16,[6 3],14,21,37,7,21
1,<environment.Job instance at 0x7f6fd2021550>,23,22,[1 6],24,24,46,0,24
1,<environment.Job instance at 0x7f6fd2313190>,19,19,[7 4],20,30,49,10,30
1,<environment.Job instance at 0x7f6fd27676e0>,35,13,[6 4],36,37,50,1,37
1,<environment.Job instance at 0x7f6fd1d7b0f0>,39,18,[2 9],40,49,67,9,49
1,<environment.Job instance at 0x7f6fd21ccbe0>,0,15,[5 1],1,1,16,0,1
1,<environment.Job instance at 0x7f6fd12785f0>,6,14,[5 9],7,7,21,0,7
1,<environment.Job instance at 0x7f6fd1278820>,8,12,[2 5],9,9,21,0,9
1,<environment.Job instance at 0x7f6fd1278730>,9,16,[6 5],10,21,37,11,10
1,<environment.Job instance at 0x7f6fd12789b0>,10,23,[ 2 11],11,37,60,26,31
1,<environment.Job instance at 0x7f6fd1d7bcd0>,0,15,[5 1],1,1,16,0,1
1,<environment.Job instance at 0x7f6fd1d7b500>,1,18,[5 9],2,2,20,0,2
1,<environment.Job instance at 0x7f6fd2767e10>,8,12,[2 5],9,9,21,0,9
1,<environment.Job instance at 0x7f6fd1d7bfa0>,6,14,[5 9],7,20,34,13,20
1,<environment.Job instance at 0x7f6fd2767280>,9,16,[6 5],10,21,37,11,21
1,<environment.Job instance at 0x7f6fd1501410>,16,18,[7 5],17,34,52,17,34
1,<environment.Job instance at 0x7f6fd2313f50>,26,18,[6 4],27,37,55,10,37
1,<environment.Job instance at 0x7f6fd2905dc0>,3,14,[ 5 12],4,6,20,2,6
1,<environment.Job instance at 0x7f6fd2905cd0>,5,25,[7 3],6,11,36,5,11
1,<environment.Job instance at 0x7f6fd23e2190>,13,14,[1 5],14,20,34,6,14
1,<environment.Job instance at 0x7f6fd23e2b40>,8,27,[1 5],9,20,47,11,18
1,<environment.Job instance at 0x7f6fd23e2640>,14,12,[ 1 12],15,47,59,32,30
1,<environment.Job instance at 0x7f6fd2905e10>,7,12,[ 3 14],8,59,71,51,43
1,<environment.Job instance at 0x7f6fd1d9b960>,10,20,[2 9],11,11,31,0,11
1,<environment.Job instance at 0x7f6fd1d9b870>,13,14,[1 5],14,14,28,0,14
1,<environment.Job instance at 0x7f6fd1d9bd20>,18,15,[1 6],19,28,43,9,28
1,<environment.Job instance at 0x7f6fd28e65f0>,25,13,[1 7],26,31,44,5,31
1,<environment.Job instance at 0x7f6fd28e6280>,32,13,[5 5],33,43,56,10,43
1,<environment.Job instance at 0x7f6fd28e6780>,36,14,[6 4],37,44,58,7,44
1,<environment.Job instance at 0x7f6fd17c7b90>,1,18,[6 1],2,2,20,0,2
1,<environment.Job instance at 0x7f6fd1bc2410>,8,17,[7 1],9,9,26,0,9
1,<environment.Job instance at 0x7f6fd1451500>,13,26,[1 6],14,14,40,0,14
1,<environment.Job instance at 0x7f6fd1bc2a00>,11,26,[5 4],12,26,52,14,26
1,<environment.Job instance at 0x7f6fd1451d20>,12,21,[6 4],13,37,58,24,37
1,<environment.Job instance at 0x7f6fd1ec71e0>,1,18,[6 1],2,2,20,0,2
1,<environment.Job instance at 0x7f6fd1ec7690>,2,19,[1 7],3,3,22,0,3
1,<environment.Job instance at 0x7f6fd1537730>,8,17,[7 1],9,9,26,0,9
1,<environment.Job instance at 0x7f6fd1f880f0>,19,17,[5 5],20,20,37,0,20
1,<environment.Job instance at 0x7f6fd2772500>,23,13,[1 5],24,26,39,2,26
1,<environment.Job instance at 0x7f6fd1488870>,21,15,[9 4],22,26,41,4,26
1,<environment.Job instance at 0x7f6fd268fd70>,29,16,[4 9],30,39,55,9,39
1,<environment.Job instance at 0x7f6fd2731730>,33,14,[6 5],34,41,55,7,41
1,<environment.Job instance at 0x7f6fd2741460>,10,17,[4 7],11,11,28,0,11
1,<environment.Job instance at 0x7f6fd2744d20>,11,17,[4 5],12,12,29,0,12
1,<environment.Job instance at 0x7f6fd27446e0>,18,17,[5 2],19,19,36,0,19
1,<environment.Job instance at 0x7f6fd2744fa0>,20,15,[6 3],21,28,43,7,21
1,<environment.Job instance at 0x7f6fd153e5f0>,0,18,[7 3],1,1,19,0,1
1,<environment.Job instance at 0x7f6fd2731410>,4,21,[6 5],5,5,26,0,5
1,<environment.Job instance at 0x7f6fd153e0f0>,7,13,[9 4],8,19,32,11,19
1,<environment.Job instance at 0x7f6fd1ee5500>,10,17,[4 7],11,26,43,15,26
1,<environment.Job instance at 0x7f6fd2731870>,9,15,[7 3],10,32,47,22,32
1,<environment.Job instance at 0x7f6fd1b0ad70>,11,17,[4 5],12,32,49,20,32
1,<environment.Job instance at 0x7f6fd2731640>,13,15,[4 9],14,47,62,33,47
1,<environment.Job instance at 0x7f6fd1edb2d0>,20,15,[6 3],21,49,64,28,49
1,<environment.Job instance at 0x7f6fd1edb5f0>,18,17,[5 2],19,49,66,30,49
1,<environment.Job instance at 0x7f6fd2731be0>,4,27,[ 2 14],5,6,33,1,6
1,<environment.Job instance at 0x7f6fd2731e60>,9,13,[8 2],10,33,46,23,18
1,<environment.Job instance at 0x7f6fd12e9b40>,13,16,[6 3],14,33,49,19,20
1,<environment.Job instance at 0x7f6fd12e9d70>,12,15,[9 3],13,46,61,33,32
1,<environment.Job instance at 0x7f6fd2731280>,1,20,[5 6],2,2,22,0,2
1,<environment.Job instance at 0x7f6fd2731f50>,5,16,[10  2],6,6,22,0,6
1,<environment.Job instance at 0x7f6fd2731d70>,9,13,[8 2],10,22,35,12,22
1,<environment.Job instance at 0x7f6fd26ce0f0>,13,16,[6 3],14,22,38,8,22
1,<environment.Job instance at 0x7f6fd26ce870>,12,15,[9 3],13,35,50,22,35
1,<environment.Job instance at 0x7f6fd1249140>,25,12,[3 6],26,38,50,12,38
1,<environment.Job instance at 0x7f6fd26904b0>,5,13,[ 2 10],6,6,19,0,6
1,<environment.Job instance at 0x7f6fd2690e10>,8,21,[2 6],9,19,40,10,11
1,<environment.Job instance at 0x7f6fd28cf410>,0,18,[1 5],1,1,19,0,1
1,<environment.Job instance at 0x7f6fd1649fa0>,5,13,[ 2 10],6,6,19,0,6
1,<environment.Job instance at 0x7f6fd1649410>,12,12,[8 4],13,19,31,6,19
1,<environment.Job instance at 0x7f6fd1649140>,14,13,[5 4],15,19,32,4,19
1,<environment.Job instance at 0x7f6fd1649f00>,10,19,[1 7],11,19,38,8,19
1,<environment.Job instance at 0x7f6fd26ceb90>,18,15,[7 2],19,31,46,12,31
1,<environment.Job instance at 0x7f6fd12493c0>,28,13,[5 3],29,32,45,3,32
1,<environment.Job instance at 0x7f6fd12494b0>,29,16,[ 3 10],30,38,54,8,38
1,<environment.Job instance at 0x7f6fd1249e60>,31,16,[5 1],32,45,61,13,45
1,<environment.Job instance at 0x7f6fd1af6960>,4,17,[10  5],5,7,24,2,7
1,<environment.Job instance at 0x7f6fd220c410>,14,13,[6 5],15,24,37,9,15
1,<environment.Job instance at 0x7f6fd220ca50>,18,13,[14  5],19,37,50,18,27
1,<environment.Job instance at 0x7f6fd220c690>,21,17,[9 2],22,50,67,28,38
1,<environment.Job instance at 0x7f6fd1249140>,4,17,[10  5],5,5,22,0,5
1,<environment.Job instance at 0x7f6fd1249820>,5,17,[3 6],6,6,23,0,6
1,<environment.Job instance at 0x7f6fd26ce410>,11,13,[9 3],12,22,35,10,22
1,<environment.Job instance at 0x7f6fd26ce7d0>,8,16,[1 5],9,22,38,13,22
1,<environment.Job instance at 0x7f6fd1649410>,14,13,[6 5],15,35,48,20,35
1,<environment.Job instance at 0x7f6fd132dc80>,29,14,[5 4],30,35,49,5,35
1,<environment.Job instance at 0x7f6fd25c9a50>,40,13,[8 3],41,48,61,7,48
1,<environment.Job instance at 0x7f6fd1649780>,13,15,[3 8],14,49,64,35,49
1,<environment.Job instance at 0x7f6fd16b66e0>,0,13,[7 5],1,1,14,0,1
1,<environment.Job instance at 0x7f6fd16b6870>,4,15,[4 6],5,5,20,0,5
1,<environment.Job instance at 0x7f6fd16b68c0>,8,14,[8 1],9,14,28,5,9
1,<environment.Job instance at 0x7f6fd16b6dc0>,15,21,[6 5],16,46,67,30,46
1,<environment.Job instance at 0x7f6fd25c92d0>,0,13,[7 5],1,1,14,0,1
1,<environment.Job instance at 0x7f6fd1214cd0>,4,15,[4 6],5,5,20,0,5
1,<environment.Job instance at 0x7f6fd24fca50>,8,14,[8 1],9,14,28,5,14
1,<environment.Job instance at 0x7f6fd1249320>,19,13,[ 2 10],20,20,33,0,20
1,<environment.Job instance at 0x7f6fd24fc910>,7,17,[5 4],8,20,37,12,20
1,<environment.Job instance at 0x7f6fd12f4be0>,28,15,[1 9],29,33,48,4,33
1,<environment.Job instance at 0x7f6fd12f40f0>,34,13,[4 7],35,48,61,13,48
1,<environment.Job instance at 0x7f6fd12f42d0>,33,18,[1 8],34,48,66,14,48
1,<environment.Job instance at 0x7f6fd20bd780>,3,14,[7 2],4,5,19,1,5
1,<environment.Job instance at 0x7f6fd2417a50>,6,12,[6 1],7,7,19,0,7
1,<environment.Job instance at 0x7f6fd20bd8c0>,9,20,[5 6],10,27,47,17,27
1,<environment.Job instance at 0x7f6fd2ae1460>,3,14,[7 2],4,4,18,0,4
1,<environment.Job instance at 0x7f6fd12f4050>,6,12,[6 1],7,7,19,0,7
1,<environment.Job instance at 0x7f6fd12f41e0>,13,14,[5 4],14,18,32,4,18
1,<environment.Job instance at 0x7f6fd12f4a50>,11,14,[3 8],12,18,32,6,18
1,<environment.Job instance at 0x7f6fd2794050>,25,12,[6 4],26,32,44,6,32
1,<environment.Job instance at 0x7f6fd1806dc0>,19,16,[9 2],20,32,48,12,32
1,<environment.Job instance at 0x7f6fd12f4d70>,12,16,[6 5],13,44,60,31,44
1,<environment.Job instance at 0x7f6fd255c960>,34,17,[3 9],35,48,65,13,48
1,<environment.Job instance at 0x7f6fdb150e10>,0,14,[7 4],1,1,15,0,1
1,<environment.Job instance at 0x7f6fd137bfa0>,7,21,[2 5],8,10,31,2,10
1,<environment.Job instance at 0x7f6fd133e320>,8,19,[7 2],9,15,34,6,11
1,<environment.Job instance at 0x7f6fd133e1e0>,10,14,[2 7],11,32,46,21,32
1,<environment.Job instance at 0x7f6fd133e7d0>,11,24,[4 5],12,32,56,20,32
1,<environment.Job instance at 0x7f6fd2096e60>,12,14,[5 5],13,46,60,33,38
1,<environment.Job instance at 0x7f6fd220fd70>,15,16,[6 1],16,38,54,22,38
1,<environment.Job instance at 0x7f6fd22173c0>,13,12,[13  3],14,60,72,46,46
1,<environment.Job instance at 0x7f6fd1c575f0>,0,14,[7 4],1,1,15,0,1
1,<environment.Job instance at 0x7f6fd1692c30>,7,21,[2 5],8,8,29,0,8
1,<environment.Job instance at 0x7f6fd11ab4b0>,12,14,[5 5],13,13,27,0,13
1,<environment.Job instance at 0x7f6fd11ab690>,8,19,[7 2],9,15,34,6,15
1,<environment.Job instance at 0x7f6fd11ab500>,10,14,[2 7],11,27,41,16,27
1,<environment.Job instance at 0x7f6fd2808960>,20,12,[6 3],21,29,41,8,29
1,<environment.Job instance at 0x7f6fd28080f0>,15,16,[6 1],16,34,50,18,34
1,<environment.Job instance at 0x7f6fd2808780>,25,13,[9 5],26,41,54,15,41
1,<environment.Job instance at 0x7f9270462960>,6,20,[6 1],7,7,27,0,7
1,<environment.Job instance at 0x7f9270462e10>,14,13,[7 3],15,15,28,0,15
1,<environment.Job instance at 0x7f9270462d70>,13,18,[ 4 14],14,28,46,14,18
1,<environment.Job instance at 0x7f9270462f50>,15,18,[ 2 14],16,46,64,30,35
1,<environment.Job instance at 0x7f9270462eb0>,16,16,[ 3 11],17,64,80,47,59
1,<environment.Job instance at 0x7f9270468f50>,0,13,[9 3],1,1,14,0,1
1,<environment.Job instance at 0x7f927046b320>,2,22,[4 8],3,3,25,0,3
1,<environment.Job instance at 0x7f927046b960>,14,13,[7 3],15,15,28,0,15
1,<environment.Job instance at 0x7f927046f0a0>,23,18,[2 7],24,25,43,1,25
1,<environment.Job instance at 0x7f927046b5f0>,6,20,[6 1],7,25,45,18,25
1,<environment.Job instance at 0x7f927046b460>,4,21,[1 6],5,28,49,23,28
1,<environment.Job instance at 0x7f927046f870>,33,16,[2 8],34,43,59,9,43
1,<environment.Job instance at 0x7f927046feb0>,45,13,[6 5],46,49,62,3,49
1,<environment.Job instance at 0x7f9270473640>,56,12,[3 6],57,59,71,2,59
1,<environment.Job instance at 0x7f926ff5b0a0>,2,18,[5 3],3,3,21,0,3
1,<environment.Job instance at 0x7f926ff5b280>,9,13,[ 3 12],10,12,25,2,12
1,<environment.Job instance at 0x7f927046b0f0>,5,20,[2 6],6,25,45,19,16
1,<environment.Job instance at 0x7f9270054640>,18,12,[10  2],19,21,33,2,19
1,<environment.Job instance at 0x7f927011ccd0>,20,14,[2 6],21,25,39,4,21
1,<environment.Job instance at 0x7f9270473190>,2,18,[5 3],3,3,21,0,3
1,<environment.Job instance at 0x7f9270473280>,4,19,[3 8],5,5,24,0,5
1,<environment.Job instance at 0x7f92704730f0>,6,21,[7 4],7,7,28,0,7
1,<environment.Job instance at 0x7f927046b6e0>,17,13,[8 5],18,24,37,6,24
1,<environment.Job instance at 0x7f927046b730>,20,14,[2 6],21,28,42,7,28
1,<environment.Job instance at 0x7f927046b8c0>,18,12,[10  2],19,37,49,18,37
1,<environment.Job instance at 0x7f927046b370>,21,15,[5 9],22,42,57,20,42
1,<environment.Job instance at 0x7f927046b820>,19,13,[9 4],20,49,62,29,49
1,<environment.Job instance at 0x7f927046fbe0>,35,15,[5 7],36,57,72,21,57
1,<environment.Job instance at 0x7f926fc03410>,1,13,[7 4],2,2,15,0,2
1,<environment.Job instance at 0x7f926fc039b0>,7,16,[8 1],8,8,24,0,8
1,<environment.Job instance at 0x7f926fc03a00>,8,15,[8 3],9,24,39,15,10
1,<environment.Job instance at 0x7f926fc007d0>,10,18,[6 1],11,15,33,4,11
1,<environment.Job instance at 0x7f926fc008c0>,17,28,[1 9],18,20,48,2,20
1,<environment.Job instance at 0x7f926fc009b0>,20,13,[7 4],21,39,52,18,24
1,<environment.Job instance at 0x7f926fc00aa0>,18,13,[14  1],19,52,65,33,37
1,<environment.Job instance at 0x7f926fbfba50>,24,17,[14  2],25,65,82,40,54
1,<environment.Job instance at 0x7f926fbf5f50>,1,13,[7 4],2,2,15,0,2
1,<environment.Job instance at 0x7f926fbf58c0>,7,16,[8 1],8,8,24,0,8
1,<environment.Job instance at 0x7f926fbf2320>,14,16,[4 7],15,15,31,0,15
1,<environment.Job instance at 0x7f926fc03c80>,8,15,[8 3],9,24,39,15,24
1,<environment.Job instance at 0x7f926fbf2be0>,20,13,[7 4],21,31,44,10,31
1,<environment.Job instance at 0x7f926fbe9550>,30,14,[1 8],31,39,53,8,39
1,<environment.Job instance at 0x7f926fbf20a0>,10,18,[6 1],11,39,57,28,39
1,<environment.Job instance at 0x7f926fbf5960>,9,17,[8 1],10,44,61,34,44
1,<environment.Job instance at 0x7f926fbec190>,39,15,[1 7],40,53,68,13,53
1,<environment.Job instance at 0x7f926fdd7140>,0,13,[8 5],1,1,14,0,1
1,<environment.Job instance at 0x7f926fdd7960>,1,14,[2 9],2,2,16,0,2
1,<environment.Job instance at 0x7f926fa45f50>,4,20,[5 2],5,14,34,9,5
1,<environment.Job instance at 0x7f926fc03f00>,8,12,[14  5],9,34,46,25,17
1,<environment.Job instance at 0x7f926fa4c2d0>,34,17,[3 8],35,46,63,11,40
1,<environment.Job instance at 0x7f926fa4c730>,40,14,[6 1],41,46,60,5,41
1,<environment.Job instance at 0x7f926fa4ccd0>,49,20,[1 7],50,60,80,10,51
1,<environment.Job instance at 0x7f926fa4cb90>,47,13,[7 4],48,63,76,15,59
1,<environment.Job instance at 0x7f926fdd75a0>,0,13,[8 5],1,1,14,0,1
1,<environment.Job instance at 0x7f926fdd7690>,1,14,[2 9],2,2,16,0,2
1,<environment.Job instance at 0x7f926fbec0f0>,12,12,[1 7],13,16,28,3,16
1,<environment.Job instance at 0x7f926fbec6e0>,4,20,[5 2],5,16,36,11,16
1,<environment.Job instance at 0x7f926fbe9780>,18,12,[10  5],19,28,40,9,28
1,<environment.Job instance at 0x7f926fbe98c0>,20,14,[2 7],21,36,50,15,36
1,<environment.Job instance at 0x7f926fbf29b0>,32,13,[9 4],33,40,53,7,40
1,<environment.Job instance at 0x7f926fbf2960>,40,14,[6 1],41,50,64,9,50
1,<environment.Job instance at 0x7f926fbf2230>,37,14,[ 1 10],38,53,67,15,53
1,<environment.Job instance at 0x7f926fbf5fa0>,46,13,[6 3],47,53,66,6,53
1,<environment.Job instance at 0x7f92705cd230>,4,16,[7 4],5,5,21,0,5
1,<environment.Job instance at 0x7f92705cd460>,6,18,[ 4 12],7,21,39,14,10
1,<environment.Job instance at 0x7f92705cd780>,11,12,[11  1],12,21,33,9,12
1,<environment.Job instance at 0x7f92705cda50>,12,14,[5 5],13,39,53,26,24
1,<environment.Job instance at 0x7f92705cdb90>,8,25,[7 3],9,33,58,24,33
1,<environment.Job instance at 0x7f92705cdc30>,17,15,[12  2],18,58,73,40,45
1,<environment.Job instance at 0x7f92705cdaf0>,14,27,[ 1 10],15,53,80,38,52
1,<environment.Job instance at 0x7f926fbf2f00>,4,16,[7 4],5,5,21,0,5
1,<environment.Job instance at 0x7f926fbf2be0>,12,14,[5 5],13,13,27,0,13
1,<environment.Job instance at 0x7f926fbe9320>,20,14,[2 7],21,21,35,0,21
1,<environment.Job instance at 0x7f926fbe9910>,21,15,[4 8],22,27,42,5,27
1,<environment.Job instance at 0x7f926fbe9690>,26,15,[3 6],27,35,50,8,35
1,<environment.Job instance at 0x7f92705cd8c0>,35,13,[4 8],36,42,55,6,42
1,<environment.Job instance at 0x7f926fdd7690>,28,16,[2 6],29,50,66,21,50
1,<environment.Job instance at 0x7f92705cd320>,36,13,[5 8],37,55,68,18,55
1,<environment.Job instance at 0x7f9270202f00>,41,15,[6 1],42,55,70,13,55
1,<environment.Job instance at 0x7f926f6f6500>,4,24,[5 5],5,5,29,0,5
1,<environment.Job instance at 0x7f926f6f6870>,13,25,[2 8],14,15,40,1,15
1,<environment.Job instance at 0x7f92702f2410>,16,24,[2 7],17,29,53,12,25
1,<environment.Job instance at 0x7f926f6f6b90>,8,16,[11  1],9,40,56,31,37
1,<environment.Job instance at 0x7f92707efbe0>,17,16,[11  2],18,56,72,38,43
1,<environment.Job instance at 0x7f927091b230>,23,13,[4 8],24,56,69,32,56
1,<environment.Job instance at 0x7f926fbf22d0>,2,17,[9 4],3,3,20,0,3
1,<environment.Job instance at 0x7f926fbf2870>,7,22,[3 9],8,8,30,0,8
1,<environment.Job instance at 0x7f9270654640>,21,15,[5 5],22,22,37,0,22
1,<environment.Job instance at 0x7f926ffd9be0>,24,20,[6 1],25,25,45,0,25
1,<environment.Job instance at 0x7f92707dcf00>,23,13,[4 8],24,30,43,6,30
1,<environment.Job instance at 0x7f927011cd20>,40,13,[1 6],41,43,56,2,43
1,<environment.Job instance at 0x7f927011c730>,42,20,[8 1],43,43,63,0,43
1,<environment.Job instance at 0x7f926fa93500>,46,20,[5 7],47,47,67,0,47
1,<environment.Job instance at 0x7f9270b1f9b0>,8,13,[1 7],9,9,22,0,9
1,<environment.Job instance at 0x7f9270b1f230>,13,13,[11  5],14,18,31,4,18
1,<environment.Job instance at 0x7f92707b9d20>,12,13,[ 3 14],13,31,44,18,21
1,<environment.Job instance at 0x7f926fbf2140>,2,15,[ 4 12],3,44,59,41,39
1,<environment.Job instance at 0x7f9270b15690>,16,20,[12  3],17,59,79,42,50
1,<environment.Job instance at 0x7f926f6e7410>,1,21,[4 8],2,2,23,0,2
1,<environment.Job instance at 0x7f926ff9d960>,4,18,[8 3],5,5,23,0,5
1,<environment.Job instance at 0x7f927011cb40>,15,13,[5 5],16,23,36,7,23
1,<environment.Job instance at 0x7f926fa93eb0>,8,13,[1 7],9,23,36,14,23
1,<environment.Job instance at 0x7f9270f8ceb0>,32,12,[7 2],33,36,48,3,36
1,<environment.Job instance at 0x7f926fa93960>,5,14,[8 5],6,36,50,30,36
1,<environment.Job instance at 0x7f927091b050>,41,13,[4 9],42,48,61,6,48
1,<environment.Job instance at 0x7f926fcbca00>,18,14,[7 5],19,50,64,31,50
1,<environment.Job instance at 0x7f9270358910>,3,19,[ 3 14],4,10,29,6,10
1,<environment.Job instance at 0x7f9270331460>,7,20,[ 2 12],8,29,49,21,20
1,<environment.Job instance at 0x7f92700cc460>,9,16,[ 3 14],10,49,65,39,39
1,<environment.Job instance at 0x7f92700cc7d0>,12,15,[5 8],13,65,80,52,51
1,<environment.Job instance at 0x7f927077a8c0>,12,15,[5 8],13,13,28,0,13
1,<environment.Job instance at 0x7f927077aa50>,14,20,[10  4],15,15,35,0,15
1,<environment.Job instance at 0x7f9270654640>,16,14,[5 7],17,28,42,11,28
1,<environment.Job instance at 0x7f9270673550>,23,12,[10  3],24,35,47,11,35
1,<environment.Job instance at 0x7f927011c730>,27,14,[5 6],28,42,56,14,42
1,<environment.Job instance at 0x7f9270ad8a00>,15,16,[6 3],16,47,63,31,47
1,<environment.Job instance at 0x7f926f6e7aa0>,38,12,[8 5],39,56,68,17,56
1,<environment.Job instance at 0x7f926f851230>,5,13,[6 4],6,6,19,0,6
1,<environment.Job instance at 0x7f926f8d4190>,13,14,[4 5],14,14,28,0,14
1,<environment.Job instance at 0x7f926f851eb0>,11,13,[6 5],12,19,32,7,17
1,<environment.Job instance at 0x7f926f8d4960>,17,15,[9 5],18,28,43,10,19
1,<environment.Job instance at 0x7f926f8d4870>,19,17,[1 7],20,32,49,12,22
1,<environment.Job instance at 0x7f926f7cfc80>,2,16,[10  3],3,3,19,0,3
1,<environment.Job instance at 0x7f926fedc410>,8,19,[1 5],9,9,28,0,9
1,<environment.Job instance at 0x7f926fedc190>,5,13,[6 4],6,19,32,13,19
1,<environment.Job instance at 0x7f926fedcb90>,11,13,[6 5],12,19,32,7,19
1,<environment.Job instance at 0x7f926fedcfa0>,13,14,[4 5],14,32,46,18,32
1,<environment.Job instance at 0x7f926f8d48c0>,6,14,[10  3],7,32,46,25,32
1,<environment.Job instance at 0x7f9270f198c0>,19,17,[1 7],20,32,49,12,32
1,<environment.Job instance at 0x7f9270f19690>,20,15,[5 1],21,46,61,25,46
1,<environment.Job instance at 0x7f9270f19fa0>,17,15,[9 5],18,46,61,28,46
1,<environment.Job instance at 0x7f9270ddbd20>,1,15,[6 3],2,2,17,0,2
1,<environment.Job instance at 0x7f9270ddb730>,3,18,[7 5],4,4,22,0,4
1,<environment.Job instance at 0x7f92709e7910>,12,20,[ 4 11],13,22,42,9,13
1,<environment.Job instance at 0x7f92709e7be0>,13,14,[ 5 12],14,42,56,28,27
1,<environment.Job instance at 0x7f9270f19a00>,1,15,[6 3],2,2,17,0,2
1,<environment.Job instance at 0x7f9270f19a50>,3,18,[7 5],4,4,22,0,4
1,<environment.Job instance at 0x7f926fedc640>,9,17,[5 9],10,17,34,7,17
1,<environment.Job instance at 0x7f9270f190f0>,6,17,[10  3],7,22,39,15,22
1,<environment.Job instance at 0x7f9270e1ab90>,23,14,[1 5],24,34,48,10,34
1,<environment.Job instance at 0x7f927078b460>,28,15,[1 6],29,34,49,5,34
1,<environment.Job instance at 0x7f926f9a2fa0>,33,15,[7 4],34,39,54,5,39
1,<environment.Job instance at 0x7f926f9a2320>,42,13,[5 5],43,48,61,5,48
1,<environment.Job instance at 0x7f926f9a2d70>,35,13,[1 7],36,54,67,18,54
1,<environment.Job instance at 0x7f9270e92140>,1,18,[6 1],2,2,20,0,2
1,<environment.Job instance at 0x7f926f73c500>,8,17,[7 1],9,9,26,0,9
1,<environment.Job instance at 0x7f926f73c7d0>,13,26,[1 6],14,14,40,0,14
1,<environment.Job instance at 0x7f926f73c460>,11,26,[5 4],12,25,51,13,25
1,<environment.Job instance at 0x7f926f73c6e0>,10,14,[12  4],11,51,65,40,42
1,<environment.Job instance at 0x7f926f73c9b0>,17,16,[ 4 10],18,65,81,47,52
1,<environment.Job instance at 0x7f926f73cb40>,18,12,[11  4],19,65,77,46,52
1,<environment.Job instance at 0x7f926f9a2550>,1,18,[6 1],2,2,20,0,2
1,<environment.Job instance at 0x7f926f9a2f50>,2,19,[1 7],3,3,22,0,3
1,<environment.Job instance at 0x7f926f9a2230>,8,17,[7 1],9,9,26,0,9
1,<environment.Job instance at 0x7f926f9a2e10>,19,17,[5 5],20,20,37,0,20
1,<environment.Job instance at 0x7f927078bc30>,23,13,[1 5],24,26,39,2,26
1,<environment.Job instance at 0x7f926f9a2dc0>,21,15,[9 4],22,26,41,4,26
1,<environment.Job instance at 0x7f9270e1a910>,29,16,[4 9],30,39,55,9,39
1,<environment.Job instance at 0x7f926fedcd20>,33,14,[6 5],34,41,55,7,41
1,<environment.Job instance at 0x7f926fedcc80>,35,15,[10  3],36,55,70,19,55
1,<environment.Job instance at 0x7f926f9a2fa0>,17,16,[ 4 10],18,55,71,37,55
1,<environment.Job instance at 0x7f9270dc5280>,8,17,[5 2],9,9,26,0,9
1,<environment.Job instance at 0x7f9270dc5870>,9,18,[1 9],10,10,28,0,10
1,<environment.Job instance at 0x7f9270dc58c0>,10,15,[6 3],11,11,26,0,11
1,<environment.Job instance at 0x7f926f9a2870>,0,17,[4 7],1,1,18,0,1
1,<environment.Job instance at 0x7f926f9a2dc0>,1,17,[4 5],2,2,19,0,2
1,<environment.Job instance at 0x7f926f9a24b0>,8,17,[5 2],9,9,26,0,9
1,<environment.Job instance at 0x7f926f9a2230>,10,15,[6 3],11,18,33,7,18
1,<environment.Job instance at 0x7f92709e7230>,3,15,[4 9],4,19,34,15,19
1,<environment.Job instance at 0x7f926f9a2370>,21,13,[7 1],22,33,46,11,33
1,<environment.Job instance at 0x7f926f9a2690>,16,14,[7 2],17,34,48,17,34
1,<environment.Job instance at 0x7f926f9a2460>,9,18,[1 9],10,34,52,24,34
1,<environment.Job instance at 0x7f9270ebf820>,31,14,[6 1],32,46,60,14,46
1,<environment.Job instance at 0x7f9270ebfa00>,34,14,[3 9],35,52,66,17,52
1,<environment.Job instance at 0x7f92707b9910>,0,21,[5 2],1,1,22,0,1
1,<environment.Job instance at 0x7f926f7ecdc0>,5,12,[3 6],6,6,18,0,6
1,<environment.Job instance at 0x7f926f7ec820>,7,13,[7 4],8,8,21,0,8
1,<environment.Job instance at 0x7f92708badc0>,0,21,[5 2],1,1,22,0,1
1,<environment.Job instance at 0x7f926f9b9140>,5,12,[3 6],6,6,18,0,6
1,<environment.Job instance at 0x7f926f9b9d70>,7,13,[7 4],8,8,21,0,8
1,<environment.Job instance at 0x7f92709d4280>,17,14,[2 6],18,18,32,0,18
1,<environment.Job instance at 0x7f92709d4960>,12,14,[7 1],13,21,35,8,21
1,<environment.Job instance at 0x7f926f9b9fa0>,10,15,[5 2],11,22,37,11,22
1,<environment.Job instance at 0x7f926fc03f00>,30,18,[1 5],31,31,49,0,31
1,<environment.Job instance at 0x7f926fc03190>,27,20,[3 7],28,35,55,7,35
1,<environment.Job instance at 0x7f926feadcd0>,42,12,[8 4],43,49,61,6,49
1,<environment.Job instance at 0x7f926fc03230>,35,13,[ 2 10],36,55,68,19,55
1,<environment.Job instance at 0x7f926f714d70>,1,16,[5 1],2,2,18,0,2
1,<environment.Job instance at 0x7f927083adc0>,8,23,[3 7],9,11,34,2,11
1,<environment.Job instance at 0x7f927083a690>,9,17,[1 6],10,16,33,6,16
1,<environment.Job instance at 0x7f926fa33500>,15,24,[6 1],16,19,43,3,19
1,<environment.Job instance at 0x7f927083a820>,10,21,[1 8],11,34,55,23,27
1,<environment.Job instance at 0x7f92708441e0>,31,13,[9 3],32,43,56,11,38
1,<environment.Job instance at 0x7f92708444b0>,34,13,[6 5],35,55,68,20,39
1,<environment.Job instance at 0x7f9270844550>,35,13,[14  1],36,68,81,32,53
1,<environment.Job instance at 0x7f926fead5a0>,1,16,[5 1],2,2,18,0,2
1,<environment.Job instance at 0x7f926fead140>,4,18,[2 8],5,5,23,0,5
1,<environment.Job instance at 0x7f926f7146e0>,9,17,[1 6],10,10,27,0,10
1,<environment.Job instance at 0x7f926fc03370>,19,20,[3 8],20,23,43,3,23
1,<environment.Job instance at 0x7f926fc03550>,24,17,[10  5],25,27,44,2,27
1,<environment.Job instance at 0x7f926f9b9190>,33,15,[3 8],34,43,58,9,43
1,<environment.Job instance at 0x7f926f9b95a0>,31,13,[9 3],32,44,57,12,44
1,<environment.Job instance at 0x7f926f9b9fa0>,34,13,[6 5],35,57,70,22,57
1,<environment.Job instance at 0x7f926fc03af0>,28,16,[1 5],29,58,74,29,58
1,<environment.Job instance at 0x7f92700ee8c0>,0,13,[8 3],1,1,14,0,1
1,<environment.Job instance at 0x7f9270b154b0>,5,23,[1 5],6,6,29,0,6
1,<environment.Job instance at 0x7f926fec8f00>,10,13,[7 5],11,14,27,3,11
1,<environment.Job instance at 0x7f926fec8640>,8,13,[ 1 14],9,29,42,20,13
1,<environment.Job instance at 0x7f927983ee60>,14,15,[4 6],15,42,57,27,28
1,<environment.Job instance at 0x7f927983e2d0>,18,14,[8 1],19,47,61,28,47
1,<environment.Job instance at 0x7f9270139a50>,23,18,[ 2 12],24,57,75,33,47
1,<environment.Job instance at 0x7f926f9b94b0>,0,13,[8 3],1,1,14,0,1
1,<environment.Job instance at 0x7f926fec8aa0>,10,13,[7 5],11,11,24,0,11
1,<environment.Job instance at 0x7f926f7cfb40>,14,15,[4 6],15,15,30,0,15
1,<environment.Job instance at 0x7f9270fd0550>,18,14,[8 1],19,24,38,5,24
1,<environment.Job instance at 0x7f9270abbcd0>,29,13,[ 2 10],30,30,43,0,30
1,<environment.Job instance at 0x7f926fe53370>,17,17,[5 4],18,30,47,12,30
1,<environment.Job instance at 0x7f92709e7a50>,38,15,[1 9],39,43,58,4,43
1,<environment.Job instance at 0x7f9270eb5fa0>,44,13,[4 7],45,58,71,13,58
1,<environment.Job instance at 0x7f9270eb5820>,43,18,[1 8],44,58,76,14,58
1,<environment.Job instance at 0x7f926fa8f320>,3,14,[7 2],4,5,19,1,5
1,<environment.Job instance at 0x7f926fa8f2d0>,6,12,[6 1],7,7,19,0,7
1,<environment.Job instance at 0x7f926fa8fe60>,9,20,[5 6],10,32,52,22,32
1,<environment.Job instance at 0x7f92799e80a0>,3,14,[7 2],4,4,18,0,4
1,<environment.Job instance at 0x7f9270813fa0>,6,12,[6 1],7,7,19,0,7
1,<environment.Job instance at 0x7f92707b9050>,13,14,[5 4],14,18,32,4,18
1,<environment.Job instance at 0x7f927046faf0>,11,14,[3 8],12,18,32,6,18
1,<environment.Job instance at 0x7f9270d4b820>,25,12,[6 4],26,32,44,6,32
1,<environment.Job instance at 0x7f9270d4bd70>,19,16,[9 2],20,32,48,12,32
1,<environment.Job instance at 0x7f92707b9730>,12,16,[6 5],13,44,60,31,44
1,<environment.Job instance at 0x7f9270d4bbe0>,34,17,[3 9],35,48,65,13,48
1,<environment.Job instance at 0x7f9270317f00>,0,14,[2 7],1,1,15,0,1
1,<environment.Job instance at 0x7f9270317be0>,2,14,[5 5],3,3,17,0,3
1,<environment.Job instance at 0x7f92701e6320>,5,16,[6 1],6,6,22,0,6
1,<environment.Job instance at 0x7f92701e64b0>,8,18,[1 5],9,15,33,6,9
1,<environment.Job instance at 0x7f92701e6780>,10,12,[6 3],11,17,29,6,11
1,<environment.Job instance at 0x7f92701e6870>,11,16,[10  2],12,29,45,17,16
1,<environment.Job instance at 0x7f926fc03320>,15,13,[9 5],16,45,58,29,30
1,<environment.Job instance at 0x7f926fc03be0>,16,18,[6 2],17,45,63,28,34
1,<environment.Job instance at 0x7f926fc03730>,18,13,[7 5],19,58,71,39,42
1,<environment.Job instance at 0x7f9270d4be10>,0,14,[2 7],1,1,15,0,1
1,<environment.Job instance at 0x7f9270d4b2d0>,2,14,[5 5],3,3,17,0,3
1,<environment.Job instance at 0x7f9270d4bc30>,5,16,[6 1],6,6,22,0,6
1,<environment.Job instance at 0x7f9270d4bd70>,8,18,[1 5],9,15,33,6,15
1,<environment.Job instance at 0x7f9279b60aa0>,10,12,[6 3],11,17,29,6,17
1,<environment.Job instance at 0x7f927065c640>,18,13,[7 5],19,22,35,3,22
1,<environment.Job instance at 0x7f9279a423c0>,21,15,[7 3],22,29,44,7,29
1,<environment.Job instance at 0x7f926f81e140>,25,14,[4 7],26,35,49,9,35
1,<environment.Job instance at 0x7f92799fc4b0>,15,13,[9 5],16,44,57,28,44
1,<environment.Job instance at 0x7f92706d3280>,34,13,[1 6],35,49,62,14,49
1,<environment.Job instance at 0x7f9279684960>,32,18,[5 4],33,49,67,16,49
1,<environment.Job instance at 0x7f92706f0870>,38,17,[7 4],39,57,74,18,57
1,<environment.Job instance at 0x7f92705d54b0>,7,14,[9 5],8,8,22,0,8
1,<environment.Job instance at 0x7f9279ab8500>,2,20,[5 8],3,3,23,0,3
1,<environment.Job instance at 0x7f92707f5f50>,7,14,[9 5],8,8,22,0,8
1,<environment.Job instance at 0x7f926f71ed70>,17,12,[5 1],18,22,34,4,22
1,<environment.Job instance at 0x7f9270358af0>,12,17,[6 4],13,23,40,10,23
1,<environment.Job instance at 0x7f9279a53d20>,22,21,[1 6],23,23,44,0,23
1,<environment.Job instance at 0x7f9270d53910>,23,15,[8 1],24,34,49,10,34
1,<environment.Job instance at 0x7f9279687fa0>,24,14,[5 7],25,40,54,15,40
1,<environment.Job instance at 0x7f927024dc30>,37,17,[7 2],38,49,66,11,49
1,<environment.Job instance at 0x7f926fcb8050>,39,13,[7 2],40,54,67,14,54
1,<environment.Job instance at 0x7f9270a4f4b0>,1,14,[5 7],2,2,16,0,2
1,<environment.Job instance at 0x7f927045b5f0>,3,13,[8 1],4,4,17,0,4
1,<environment.Job instance at 0x7f9270802780>,12,12,[2 5],13,14,26,1,14
1,<environment.Job instance at 0x7f9270802b40>,11,19,[6 1],12,17,36,5,15
1,<environment.Job instance at 0x7f9279a423c0>,1,14,[5 7],2,2,16,0,2
1,<environment.Job instance at 0x7f926f81e2d0>,2,16,[4 6],3,3,19,0,3
1,<environment.Job instance at 0x7f926f81e1e0>,11,19,[6 1],12,12,31,0,12
1,<environment.Job instance at 0x7f92706f0870>,12,12,[2 5],13,16,28,3,16
1,<environment.Job instance at 0x7f926f81e0a0>,3,13,[8 1],4,28,41,24,28
1,<environment.Job instance at 0x7f926f81e140>,5,16,[ 3 10],6,31,47,25,31
1,<environment.Job instance at 0x7f92703c6be0>,23,14,[10  4],24,42,56,18,42
1,<environment.Job instance at 0x7f92703c6140>,27,18,[1 9],28,48,66,20,48
1,<environment.Job instance at 0x7f9270b7c410>,33,16,[7 5],34,56,72,22,56
1,<environment.Job instance at 0x7f926f9b1820>,4,12,[8 3],5,5,17,0,5
1,<environment.Job instance at 0x7f92704b2dc0>,12,14,[6 3],13,13,27,0,13
1,<environment.Job instance at 0x7f92703c6a00>,0,12,[9 5],1,1,13,0,1
1,<environment.Job instance at 0x7f9270abb2d0>,5,18,[ 2 10],6,6,24,0,6
1,<environment.Job instance at 0x7f92703c61e0>,4,12,[8 3],5,13,25,8,13
1,<environment.Job instance at 0x7f926f81eaf0>,12,14,[6 3],13,24,38,11,24
1,<environment.Job instance at 0x7f926fbc85f0>,7,14,[9 5],8,25,39,17,25
1,<environment.Job instance at 0x7f926f7b4d20>,16,16,[2 9],17,38,54,21,38
1,<environment.Job instance at 0x7f92799eedc0>,8,14,[8 5],9,39,53,30,39
1,<environment.Job instance at 0x7f9270507af0>,30,15,[5 6],31,53,68,22,53
1,<environment.Job instance at 0x7f9279a53d70>,6,17,[5 5],7,55,72,48,55
1,<environment.Job instance at 0x7f44b2cb0c30>,6,20,[6 1],7,7,27,0,7
1,<environment.Job instance at 0x7f44b2cb0fa0>,10,18,[ 3 11],11,16,34,5,16
1,<environment.Job instance at 0x7f44b2cb31e0>,14,13,[7 3],15,27,40,12,17
1,<environment.Job instance at 0x7f44b2cb33c0>,16,16,[ 3 11],17,34,50,17,21
1,<environment.Job instance at 0x7f44b2cb35f0>,19,14,[ 3 11],20,50,64,30,39
1,<environment.Job instance at 0x7f44b2cb0e60>,13,18,[ 4 14],14,64,82,50,53
1,<environment.Job instance at 0x7f44b2cbba00>,0,13,[9 3],1,1,14,0,1
1,<environment.Job instance at 0x7f44b2cbbd20>,2,22,[4 8],3,3,25,0,3
1,<environment.Job instance at 0x7f44b2cbe3c0>,14,13,[7 3],15,15,28,0,15
1,<environment.Job instance at 0x7f44b2cbeaf0>,23,18,[2 7],24,25,43,1,25
1,<environment.Job instance at 0x7f44b2cbbd70>,6,20,[6 1],7,25,45,18,25
1,<environment.Job instance at 0x7f44b2cbbe60>,4,21,[1 6],5,28,49,23,28
1,<environment.Job instance at 0x7f44b2cc22d0>,33,16,[2 8],34,43,59,9,43
1,<environment.Job instance at 0x7f44b2cc2a50>,45,13,[6 5],46,49,62,3,49
1,<environment.Job instance at 0x7f44b2cc40a0>,56,12,[3 6],57,59,71,2,59
1,<environment.Job instance at 0x7f44b2cc4190>,58,14,[2 7],59,62,76,3,62
1,<environment.Job instance at 0x7f44b23f80f0>,7,13,[8 5],8,8,21,0,8
1,<environment.Job instance at 0x7f44b23eda00>,10,14,[2 6],11,11,25,0,11
1,<environment.Job instance at 0x7f44b23f87d0>,8,12,[10  2],9,21,33,12,12
1,<environment.Job instance at 0x7f44b23ed0a0>,12,16,[ 4 10],13,25,41,12,14
1,<environment.Job instance at 0x7f44b2cc2780>,6,19,[4 8],7,7,26,0,7
1,<environment.Job instance at 0x7f44b2cc2d70>,7,13,[8 5],8,8,21,0,8
1,<environment.Job instance at 0x7f44b2cc2870>,8,12,[10  2],9,21,33,12,21
1,<environment.Job instance at 0x7f44b2cc2190>,10,14,[2 6],11,26,40,15,26
1,<environment.Job instance at 0x7f44b2cc2a00>,9,13,[9 4],10,33,46,23,33
1,<environment.Job instance at 0x7f44b2cbbeb0>,25,15,[5 7],26,40,55,14,40
1,<environment.Job instance at 0x7f44b2cc20f0>,19,16,[7 1],20,46,62,26,46
1,<environment.Job instance at 0x7f44b2cbec80>,30,18,[2 7],31,46,64,15,46
1,<environment.Job instance at 0x7f44b2cbea50>,34,12,[4 6],35,55,67,20,55
1,<environment.Job instance at 0x7f44b2cc25a0>,11,15,[5 9],12,64,79,52,64
1,<environment.Job instance at 0x7f44b2cbe460>,39,14,[10  4],40,67,81,27,67
1,<environment.Job instance at 0x7f44b23b9550>,0,13,[7 4],1,1,14,0,1
1,<environment.Job instance at 0x7f44b2350140>,0,13,[7 4],1,1,14,0,1
1,<environment.Job instance at 0x7f44b2350d70>,3,20,[ 4 10],4,4,24,0,4
1,<environment.Job instance at 0x7f44b2350a50>,9,15,[10  4],10,14,29,4,14
1,<environment.Job instance at 0x7f44b23f5b90>,22,13,[3 8],23,24,37,1,24
1,<environment.Job instance at 0x7f44b23f5050>,23,13,[3 5],24,29,42,5,29
1,<environment.Job instance at 0x7f44b2350960>,16,14,[9 5],17,37,51,20,37
1,<environment.Job instance at 0x7f44b23500a0>,10,14,[1 8],11,42,56,31,42
1,<environment.Job instance at 0x7f44b2450820>,40,13,[8 5],41,51,64,10,51
1,<environment.Job instance at 0x7f44b22fb5a0>,52,12,[1 7],53,56,68,3,56
1,<environment.Job instance at 0x7f44b23f5780>,19,15,[1 7],20,64,79,44,64
1,<environment.Job instance at 0x7f44b22fbfa0>,58,12,[10  5],59,68,80,9,68
1,<environment.Job instance at 0x7f44b283a370>,2,13,[9 4],3,3,16,0,3
1,<environment.Job instance at 0x7f44b26c2be0>,7,14,[ 1 10],8,8,22,0,8
1,<environment.Job instance at 0x7f44b26c2d20>,10,14,[6 1],11,16,30,5,11
1,<environment.Job instance at 0x7f44b23ca640>,2,13,[9 4],3,3,16,0,3
1,<environment.Job instance at 0x7f44b22a1460>,4,17,[3 8],5,5,22,0,5
1,<environment.Job instance at 0x7f44b22a1910>,10,14,[6 1],11,16,30,5,16
1,<environment.Job instance at 0x7f44b22a1960>,16,13,[6 3],17,17,30,0,17
1,<environment.Job instance at 0x7f44b22a19b0>,7,14,[ 1 10],8,22,36,14,22
1,<environment.Job instance at 0x7f44b22a1730>,17,13,[7 4],18,30,43,12,30
1,<environment.Job instance at 0x7f44b2431320>,27,16,[2 8],28,36,52,8,36
1,<environment.Job instance at 0x7f44b2335b40>,42,14,[5 5],43,43,57,0,43
1,<environment.Job instance at 0x7f44b27affa0>,50,14,[2 7],51,52,66,1,52
1,<environment.Job instance at 0x7f44b22a1c80>,13,14,[10  1],14,57,71,43,57
1,<environment.Job instance at 0x7f44b27afe10>,56,15,[3 6],57,57,72,0,57
1,<environment.Job instance at 0x7f44b27af780>,58,16,[2 6],59,66,82,7,66
1,<environment.Job instance at 0x7f44b2450050>,1,15,[6 1],2,2,17,0,2
1,<environment.Job instance at 0x7f44b267b230>,6,13,[2 5],7,7,20,0,7
1,<environment.Job instance at 0x7f44b267b500>,9,17,[6 2],10,10,27,0,10
1,<environment.Job instance at 0x7f44b267b730>,10,17,[5 1],11,17,34,6,11
1,<environment.Job instance at 0x7f44b26711e0>,13,17,[4 6],14,20,37,6,14
1,<environment.Job instance at 0x7f44b23caa50>,4,15,[ 1 12],5,38,53,33,38
1,<environment.Job instance at 0x7f44b267e320>,18,15,[8 2],19,55,70,36,55
1,<environment.Job instance at 0x7f44b27afa50>,1,15,[6 1],2,2,17,0,2
1,<environment.Job instance at 0x7f44b27af690>,3,22,[9 5],4,4,26,0,4
1,<environment.Job instance at 0x7f44b27afa00>,6,13,[2 5],7,17,30,10,17
1,<environment.Job instance at 0x7f44b2335dc0>,15,14,[ 1 10],16,26,40,10,26
1,<environment.Job instance at 0x7f44b2335eb0>,18,15,[8 2],19,30,45,11,30
1,<environment.Job instance at 0x7f44b27af050>,9,17,[6 2],10,30,47,20,30
1,<environment.Job instance at 0x7f44b22a1b40>,43,13,[4 8],44,45,58,1,45
1,<environment.Job instance at 0x7f44b22b9280>,41,15,[5 5],42,45,60,3,45
1,<environment.Job instance at 0x7f44b27af870>,10,17,[5 1],11,47,64,36,47
1,<environment.Job instance at 0x7f44b27af500>,13,17,[4 6],14,58,75,44,58
1,<environment.Job instance at 0x7f44b267b550>,60,13,[1 6],61,61,74,0,61
1,<environment.Job instance at 0x7f44b23ca320>,68,14,[8 3],69,69,83,0,69
1,<environment.Job instance at 0x7f44b2b1e780>,2,18,[3 6],3,3,21,0,3
1,<environment.Job instance at 0x7f44b2b1ed70>,4,15,[5 5],5,5,20,0,5
1,<environment.Job instance at 0x7f44b27115a0>,10,12,[ 3 14],11,21,33,10,14
1,<environment.Job instance at 0x7f44b2711280>,12,15,[ 4 12],13,33,48,20,22
1,<environment.Job instance at 0x7f44b2711e10>,18,13,[1 7],19,48,61,29,40
1,<environment.Job instance at 0x7f44b2711190>,22,13,[ 3 14],23,61,74,38,46
1,<environment.Job instance at 0x7f44b27afaa0>,2,18,[3 6],3,3,21,0,3
1,<environment.Job instance at 0x7f44b27af6e0>,4,15,[5 5],5,5,20,0,5
1,<environment.Job instance at 0x7f44b2aa9dc0>,15,14,[8 5],16,20,34,4,20
1,<environment.Job instance at 0x7f44b27af640>,8,12,[ 5 10],9,21,33,12,21
1,<environment.Job instance at 0x7f44b2b1e9b0>,18,13,[1 7],19,33,46,14,33
1,<environment.Job instance at 0x7f44b2ad12d0>,25,13,[5 5],26,34,47,8,34
1,<environment.Job instance at 0x7f44b27afbe0>,14,18,[8 3],15,34,52,19,34
1,<environment.Job instance at 0x7f44b2745820>,28,14,[7 5],29,47,61,18,47
1,<environment.Job instance at 0x7f44b2748460>,42,12,[7 2],43,52,64,9,52
1,<environment.Job instance at 0x7f44b2745410>,35,15,[8 5],36,61,76,25,61
1,<environment.Job instance at 0x7f44b27480a0>,51,13,[4 9],52,64,77,12,64
1,<environment.Job instance at 0x7f44b25d6a50>,12,15,[5 8],13,13,28,0,13
1,<environment.Job instance at 0x7f44b23f2f00>,14,20,[10  4],15,15,35,0,15
1,<environment.Job instance at 0x7f44b25d6b90>,16,14,[5 7],17,28,42,11,28
1,<environment.Job instance at 0x7f44b25bd140>,23,12,[10  3],24,35,47,11,35
1,<environment.Job instance at 0x7f44b25bd410>,27,14,[5 6],28,42,56,14,42
1,<environment.Job instance at 0x7f44b25d6d20>,15,16,[6 3],16,47,63,31,47
1,<environment.Job instance at 0x7f44b25bdbe0>,38,12,[8 5],39,56,68,17,56
1,<environment.Job instance at 0x7f44b25bda00>,36,14,[ 4 10],37,63,77,26,63
1,<environment.Job instance at 0x7f44b25bde10>,43,16,[6 3],44,68,84,24,68
1,<environment.Job instance at 0x7f44b27322d0>,1,13,[6 5],2,2,15,0,2
1,<environment.Job instance at 0x7f44bc1f7820>,3,14,[4 5],4,4,18,0,4
1,<environment.Job instance at 0x7f44bc1f7960>,7,15,[9 5],8,15,30,7,8
1,<environment.Job instance at 0x7f44bc1f7870>,9,17,[1 7],10,18,35,8,10
1,<environment.Job instance at 0x7f44b32f8870>,10,15,[5 1],11,18,33,7,11
1,<environment.Job instance at 0x7f44b32f8fa0>,13,21,[ 2 11],14,35,56,21,27
1,<environment.Job instance at 0x7f44b32f8910>,17,19,[11  1],18,33,52,15,27
1,<environment.Job instance at 0x7f44b32f8550>,18,12,[2 5],19,56,68,37,39
1,<environment.Job instance at 0x7f44b32f83c0>,19,16,[6 5],20,56,72,36,43
1,<environment.Job instance at 0x7f44b32f84b0>,16,14,[5 9],17,68,82,51,63
1,<environment.Job instance at 0x7f44b25d7b40>,0,18,[10  4],1,1,19,0,1
1,<environment.Job instance at 0x7f44b25d7a00>,3,14,[4 5],4,4,18,0,4
1,<environment.Job instance at 0x7f44b25d73c0>,10,15,[5 1],11,18,33,7,18
1,<environment.Job instance at 0x7f44b25d7aa0>,1,13,[6 5],2,19,32,17,19
1,<environment.Job instance at 0x7f44b25d6f00>,18,12,[2 5],19,19,31,0,19
1,<environment.Job instance at 0x7f44b25d7a50>,9,17,[1 7],10,31,48,21,31
1,<environment.Job instance at 0x7f44b25d76e0>,7,15,[9 5],8,32,47,24,32
1,<environment.Job instance at 0x7f44b25d70a0>,19,16,[6 5],20,47,63,27,47
1,<environment.Job instance at 0x7f44b25d7140>,16,14,[5 9],17,48,62,31,48
1,<environment.Job instance at 0x7f44b25d75a0>,11,18,[5 9],12,62,80,50,62
1,<environment.Job instance at 0x7f44b25d6410>,31,12,[10  2],32,63,75,31,63
1,<environment.Job instance at 0x7f44bbecb550>,3,14,[1 5],4,5,19,1,5
1,<environment.Job instance at 0x7f44b3007aa0>,8,15,[1 6],9,9,24,0,9
1,<environment.Job instance at 0x7f44bbecb6e0>,4,12,[ 1 12],5,24,36,19,14
1,<environment.Job instance at 0x7f44b3007640>,15,13,[1 7],16,36,49,20,20
1,<environment.Job instance at 0x7f44b3007730>,16,13,[12  2],17,20,33,3,20
1,<environment.Job instance at 0x7f44b3007c80>,12,12,[14  4],13,36,48,23,20
1,<environment.Job instance at 0x7f44b3007910>,13,15,[7 4],14,48,63,34,41
1,<environment.Job instance at 0x7f44b3007d20>,17,22,[13  4],18,63,85,45,56
1,<environment.Job instance at 0x7f44b3007870>,20,28,[2 7],21,56,84,35,56
1,<environment.Job instance at 0x7f44b3007550>,21,13,[ 1 14],22,85,98,63,69
1,<environment.Job instance at 0x7f44b25bd7d0>,0,20,[2 9],1,1,21,0,1
1,<environment.Job instance at 0x7f44b25bd460>,3,14,[1 5],4,4,18,0,4
1,<environment.Job instance at 0x7f44b25bdcd0>,8,15,[1 6],9,18,33,9,18
1,<environment.Job instance at 0x7f44b23eac80>,15,13,[1 7],16,21,34,5,21
1,<environment.Job instance at 0x7f44b25d73c0>,22,13,[5 5],23,33,46,10,33
1,<environment.Job instance at 0x7f44b25d75a0>,26,14,[6 4],27,34,48,7,34
1,<environment.Job instance at 0x7f44b3007320>,36,14,[ 4 10],37,46,60,9,46
1,<environment.Job instance at 0x7f44b2280b90>,37,13,[6 2],38,48,61,10,48
1,<environment.Job instance at 0x7f44b25bdf50>,13,15,[7 4],14,60,75,46,60
1,<environment.Job instance at 0x7f44b25d7b40>,35,17,[2 9],36,60,77,24,60
1,<environment.Job instance at 0x7f44bbecb640>,41,18,[6 1],42,61,79,19,61
1,<environment.Job instance at 0x7f44b263e370>,0,18,[ 2 10],1,1,19,0,1
1,<environment.Job instance at 0x7f44b263e550>,3,14,[6 5],4,4,18,0,4
1,<environment.Job instance at 0x7f44b263e230>,8,13,[9 4],9,18,31,9,18
1,<environment.Job instance at 0x7f44b1e87b40>,11,15,[4 5],12,19,34,7,19
1,<environment.Job instance at 0x7f44b2a49960>,13,21,[1 6],14,19,40,5,19
1,<environment.Job instance at 0x7f44b263e780>,5,15,[10  3],6,31,46,25,31
1,<environment.Job instance at 0x7f44b3180b40>,16,16,[4 5],17,34,50,17,34
1,<environment.Job instance at 0x7f44b23ea6e0>,27,13,[9 4],28,46,59,18,46
1,<environment.Job instance at 0x7f44b2147640>,19,16,[ 5 10],20,50,66,30,50
1,<environment.Job instance at 0x7f44b213acd0>,29,15,[7 3],30,59,74,29,59
1,<environment.Job instance at 0x7f44b1ec2140>,31,17,[4 5],32,66,83,34,66
1,<environment.Job instance at 0x7f44b213af50>,30,17,[4 7],31,66,83,35,66
1,<environment.Job instance at 0x7f44b2aa9f50>,5,16,[10  2],6,6,22,0,6
1,<environment.Job instance at 0x7f44b2aa9820>,8,17,[5 5],9,9,26,0,9
1,<environment.Job instance at 0x7f44b242cf00>,10,19,[8 4],11,22,41,11,12
1,<environment.Job instance at 0x7f44b2aa9d20>,9,13,[8 2],10,41,54,31,25
1,<environment.Job instance at 0x7f44b2aa98c0>,13,16,[6 3],14,26,42,12,25
1,<environment.Job instance at 0x7f44b1e9bdc0>,1,20,[5 6],2,2,22,0,2
1,<environment.Job instance at 0x7f44b2b10a50>,5,16,[10  2],6,6,22,0,6
1,<environment.Job instance at 0x7f44b2b106e0>,9,13,[8 2],10,22,35,12,22
1,<environment.Job instance at 0x7f44b1ec2cd0>,13,16,[6 3],14,22,38,8,22
1,<environment.Job instance at 0x7f44b1ec2550>,12,15,[9 3],13,35,50,22,35
1,<environment.Job instance at 0x7f44b3107640>,25,12,[3 6],26,38,50,12,38
1,<environment.Job instance at 0x7f44b2128b40>,27,13,[7 4],28,50,63,22,50
1,<environment.Job instance at 0x7f44b3180b40>,30,15,[5 2],31,50,65,19,50
1,<environment.Job instance at 0x7f44b263ed70>,32,14,[7 1],33,63,77,30,63
1,<environment.Job instance at 0x7f44b2dff640>,8,17,[5 5],9,65,82,56,65
1,<environment.Job instance at 0x7f44b263e280>,37,14,[2 6],38,65,79,27,65
1,<environment.Job instance at 0x7f44b3763960>,1,16,[4 6],2,2,18,0,2
1,<environment.Job instance at 0x7f44b3000730>,8,13,[5 3],9,9,22,0,9
1,<environment.Job instance at 0x7f44b1f58280>,11,16,[5 1],12,12,28,0,12
1,<environment.Job instance at 0x7f44b1f2d7d0>,9,16,[ 3 10],10,18,34,8,18
1,<environment.Job instance at 0x7f44b1f58cd0>,19,17,[1 6],20,34,51,14,34
1,<environment.Job instance at 0x7f44b2ba30f0>,14,18,[2 8],15,34,52,19,34
1,<environment.Job instance at 0x7f44b1f513c0>,38,16,[1 5],39,51,67,12,51
1,<environment.Job instance at 0x7f44b1f3c7d0>,41,13,[9 3],42,52,65,10,52
1,<environment.Job instance at 0x7f44b1f2e280>,35,17,[3 6],36,52,69,16,52
1,<environment.Job instance at 0x7f44b1f3c820>,44,13,[6 5],45,67,80,22,67
1,<environment.Job instance at 0x7f44b1f3ccd0>,43,15,[3 8],44,69,84,25,69
1,<environment.Job instance at 0x7f44b2461050>,0,13,[8 3],1,1,14,0,1
1,<environment.Job instance at 0x7f44b2461690>,5,23,[1 5],6,6,29,0,6
1,<environment.Job instance at 0x7f44b24617d0>,6,22,[ 5 11],7,29,51,22,29
1,<environment.Job instance at 0x7f44b2d5f460>,0,13,[8 3],1,1,14,0,1
1,<environment.Job instance at 0x7f44b2d65d70>,10,13,[7 5],11,11,24,0,11
1,<environment.Job instance at 0x7f44b2cb2370>,14,15,[4 6],15,15,30,0,15
1,<environment.Job instance at 0x7f44b3763e60>,18,14,[8 1],19,24,38,5,24
1,<environment.Job instance at 0x7f44b254c9b0>,29,13,[ 2 10],30,30,43,0,30
1,<environment.Job instance at 0x7f44b2f4a910>,17,17,[5 4],18,30,47,12,30
1,<environment.Job instance at 0x7f44b3006960>,38,15,[1 9],39,43,58,4,43
1,<environment.Job instance at 0x7f44b2d58320>,44,13,[4 7],45,58,71,13,58
1,<environment.Job instance at 0x7f44b2d589b0>,43,18,[1 8],44,58,76,14,58
1,<environment.Job instance at 0x7f44b3407370>,1,14,[3 8],2,8,22,6,8
1,<environment.Job instance at 0x7f44b2b13fa0>,8,21,[1 7],9,9,30,0,9
1,<environment.Job instance at 0x7f44b2450aa0>,14,12,[ 5 11],15,30,42,15,16
1,<environment.Job instance at 0x7f44b2cb2b40>,0,15,[10  1],1,1,16,0,1
1,<environment.Job instance at 0x7f44b1ff3a50>,1,14,[3 8],2,2,16,0,2
1,<environment.Job instance at 0x7f44b3350550>,15,12,[6 4],16,16,28,0,16
1,<environment.Job instance at 0x7f44b3407c80>,3,14,[5 4],4,16,30,12,16
1,<environment.Job instance at 0x7f44b23d59b0>,8,21,[1 7],9,16,37,7,16
1,<environment.Job instance at 0x7f44b2388cd0>,9,16,[9 2],10,28,44,18,28
1,<environment.Job instance at 0x7f44b22ac280>,2,16,[6 5],3,37,53,34,37
1,<environment.Job instance at 0x7f44b313daf0>,31,17,[2 7],32,44,61,12,44
1,<environment.Job instance at 0x7f44b313ddc0>,33,17,[8 3],34,53,70,19,53
1,<environment.Job instance at 0x7f44b2aabdc0>,40,14,[7 4],41,61,75,20,61
1,<environment.Job instance at 0x7f44bbef3aa0>,1,15,[7 3],2,2,17,0,2
1,<environment.Job instance at 0x7f44b205e820>,5,14,[4 7],6,6,20,0,6
1,<environment.Job instance at 0x7f44b205e8c0>,6,21,[2 8],7,17,38,10,9
1,<environment.Job instance at 0x7f44b205ec30>,12,18,[5 4],13,20,38,7,15
1,<environment.Job instance at 0x7f44b2cb2c80>,7,13,[ 3 13],8,38,51,30,24
1,<environment.Job instance at 0x7f44b205eeb0>,14,13,[1 6],15,51,64,36,36
1,<environment.Job instance at 0x7f44bc080be0>,1,15,[7 3],2,2,17,0,2
1,<environment.Job instance at 0x7f44bc080b40>,5,14,[4 7],6,6,20,0,6
1,<environment.Job instance at 0x7f44b2fa6d20>,14,13,[1 6],15,17,30,2,17
1,<environment.Job instance at 0x7f44b2aabf00>,18,17,[7 4],19,20,37,1,20
1,<environment.Job instance at 0x7f44b2fa6f00>,12,18,[5 4],13,20,38,7,20
1,<environment.Job instance at 0x7f44b313d0f0>,34,12,[ 5 10],35,39,51,4,39
1,<environment.Job instance at 0x7f44b2aabbe0>,27,12,[4 5],28,40,52,12,40
1,<environment.Job instance at 0x7f44b313d410>,36,16,[8 4],37,51,67,14,51
1,<environment.Job instance at 0x7f44b2aab460>,25,16,[4 9],26,53,69,27,53
1,<environment.Job instance at 0x7f44b313dc80>,35,19,[7 5],36,67,86,31,67
1,<environment.Job instance at 0x7f44b2575550>,9,13,[7 2],10,10,23,0,10
1,<environment.Job instance at 0x7f44b2575140>,12,22,[ 5 12],13,18,40,5,18
1,<environment.Job instance at 0x7f44b25751e0>,17,12,[9 1],18,23,35,5,18
1,<environment.Job instance at 0x7f44b2575410>,18,22,[ 1 13],19,40,62,21,33
1,<environment.Job instance at 0x7f44b2575be0>,21,14,[2 9],22,62,76,40,47
1,<environment.Job instance at 0x7f44b2575e60>,24,15,[3 5],25,62,77,37,53
1,<environment.Job instance at 0x7f44b2aabd70>,3,19,[10  1],4,4,23,0,4
1,<environment.Job instance at 0x7f44b2aab410>,5,20,[1 8],6,6,26,0,6
1,<environment.Job instance at 0x7f44b2aab5a0>,9,13,[7 2],10,23,36,13,23
1,<environment.Job instance at 0x7f44b2aab8c0>,7,17,[7 2],8,23,40,15,23
1,<environment.Job instance at 0x7f44bc1ecf00>,16,16,[4 7],17,36,52,19,36
1,<environment.Job instance at 0x7f44bc1ecbe0>,17,12,[9 1],18,40,52,22,40
1,<environment.Job instance at 0x7f44b2575dc0>,21,14,[2 9],22,52,66,30,52
1,<environment.Job instance at 0x7f44b2071910>,24,15,[3 5],25,52,67,27,52
1,<environment.Job instance at 0x7f44b2599b90>,31,14,[5 7],32,66,80,34,66
1,<environment.Job instance at 0x7f44b2599410>,33,13,[8 1],34,67,80,33,67
1,<environment.Job instance at 0x7f44b344b5f0>,5,12,[3 5],6,6,18,0,6
1,<environment.Job instance at 0x7f44b2d93cd0>,11,12,[12  5],12,14,26,2,14
1,<environment.Job instance at 0x7f44b20749b0>,0,13,[9 1],1,1,14,0,1
1,<environment.Job instance at 0x7f44bc1ec1e0>,5,12,[3 5],6,6,18,0,6
1,<environment.Job instance at 0x7f44b2d930f0>,9,22,[3 9],10,10,32,0,10
1,<environment.Job instance at 0x7f44b311ab90>,16,12,[3 6],17,18,30,1,18
1,<environment.Job instance at 0x7f44b2397910>,20,12,[9 5],21,30,42,9,30
1,<environment.Job instance at 0x7f44b23975a0>,26,17,[5 5],27,32,49,5,32
1,<environment.Job instance at 0x7f44b2397550>,24,12,[8 3],25,42,54,17,42
1,<environment.Job instance at 0x7f44b2397cd0>,25,18,[ 2 10],26,49,67,23,49
1,<environment.Job instance at 0x7f44b311a9b0>,14,19,[5 2],15,49,68,34,49
1,<environment.Job instance at 0x7f44b2397820>,32,14,[6 3],33,54,68,21,54
1,<environment.Job instance at 0x7f44b2397f50>,36,16,[2 9],37,67,83,30,67
1,<environment.Job instance at 0x7f44b23975f0>,27,14,[9 5],28,68,82,40,68
1,<environment.Job instance at 0x7f44b1e9cf00>,15,14,[3 9],16,16,30,0,16
1,<environment.Job instance at 0x7f44b1e9caa0>,16,12,[10  1],17,17,29,0,17
1,<environment.Job instance at 0x7f44b1e730a0>,23,13,[9 2],24,29,42,5,24
1,<environment.Job instance at 0x7f44b1e73460>,24,21,[5 8],25,30,51,5,25
1,<environment.Job instance at 0x7f44b28ec9b0>,28,16,[7 4],29,42,58,13,31
1,<environment.Job instance at 0x7f44b1e73dc0>,27,17,[ 1 10],28,51,68,23,39
1,<environment.Job instance at 0x7f44b1e73500>,25,21,[11  3],26,58,79,32,51
1,<environment.Job instance at 0x7f44b24bd1e0>,31,15,[ 3 12],32,68,83,36,54
1,<environment.Job instance at 0x7f44b2488190>,32,15,[1 7],33,83,98,50,69
1,<environment.Job instance at 0x7f44b3806730>,0,17,[2 9],1,1,18,0,1
1,<environment.Job instance at 0x7f44b38065f0>,3,15,[10  1],4,4,19,0,4
1,<environment.Job instance at 0x7f44b3806a50>,5,12,[1 9],6,18,30,12,18
1,<environment.Job instance at 0x7f44b2375780>,16,12,[10  1],17,19,31,2,19
1,<environment.Job instance at 0x7f44b3806640>,7,13,[5 8],8,30,43,22,30
1,<environment.Job instance at 0x7f44b2397870>,23,13,[9 2],24,31,44,7,31
1,<environment.Job instance at 0x7f44b23758c0>,15,14,[3 9],16,43,57,27,43
1,<environment.Job instance at 0x7f44b2397140>,28,16,[7 4],29,44,60,15,44
1,<environment.Job instance at 0x7f44b2375a50>,8,18,[5 2],9,44,62,35,44
1,<environment.Job instance at 0x7f44b23975f0>,32,15,[1 7],33,57,72,24,57
1,<environment.Job instance at 0x7f44b2397320>,41,12,[5 2],42,62,74,20,62
1,<environment.Job instance at 0x7f44b311a190>,42,18,[7 1],43,62,80,19,62
1,<environment.Job instance at 0x7f44b2597370>,2,23,[6 1],3,3,26,0,3
1,<environment.Job instance at 0x7f44b2597c30>,4,12,[5 1],5,5,17,0,5
1,<environment.Job instance at 0x7f44b2597d70>,6,12,[4 8],7,7,19,0,7
1,<environment.Job instance at 0x7f44b25979b0>,7,14,[1 9],8,19,33,11,8
1,<environment.Job instance at 0x7f44b2597690>,12,12,[1 6],13,26,38,13,13
1,<environment.Job instance at 0x7f44b25975a0>,13,17,[5 5],14,33,50,19,21
1,<environment.Job instance at 0x7f44b342e190>,26,15,[6 2],27,40,55,13,40
1,<environment.Job instance at 0x7f44b25855f0>,22,12,[5 2],23,50,62,27,50
1,<environment.Job instance at 0x7f44b342ee10>,29,16,[11  5],30,62,78,32,50
1,<environment.Job instance at 0x7f44b342ed70>,32,18,[ 3 13],33,78,96,45,67
1,<environment.Job instance at 0x7f44b249c460>,38,19,[9 2],39,78,97,39,68
1,<environment.Job instance at 0x7f44b311a9b0>,0,18,[3 9],1,1,19,0,1
1,<environment.Job instance at 0x7f44b2375c30>,4,12,[5 1],5,5,17,0,5
1,<environment.Job instance at 0x7f44b2375cd0>,11,18,[10  5],12,17,35,5,17
1,<environment.Job instance at 0x7f44b2375640>,6,12,[4 8],7,19,31,12,19
1,<environment.Job instance at 0x7f44b2375fa0>,12,12,[1 6],13,31,43,18,31
1,<environment.Job instance at 0x7f44b249cf50>,22,12,[5 2],23,35,47,12,35
1,<environment.Job instance at 0x7f44b249ceb0>,21,13,[7 2],22,35,48,13,35
1,<environment.Job instance at 0x7f44b1e9ca00>,7,14,[1 9],8,43,57,35,43
1,<environment.Job instance at 0x7f44b2faee10>,26,15,[6 2],27,47,62,20,47
1,<environment.Job instance at 0x7f44b247e960>,35,13,[8 4],36,48,61,12,48
1,<environment.Job instance at 0x7f44b2585050>,19,14,[9 3],20,61,75,41,61
1,<environment.Job instance at 0x7f44b2468230>,23,15,[3 9],24,62,77,38,62
1,<environment.Job instance at 0x7f44b2fa8f00>,11,23,[11  2],12,13,36,1,13
1,<environment.Job instance at 0x7f44b2499320>,13,22,[3 5],14,26,48,12,26
1,<environment.Job instance at 0x7f44b2499460>,15,16,[12  5],16,36,52,20,26
1,<environment.Job instance at 0x7f44b2499410>,14,27,[1 7],15,48,75,33,46
1,<environment.Job instance at 0x7f44b24991e0>,12,15,[4 7],13,61,76,48,61
1,<environment.Job instance at 0x7f44b290b320>,0,17,[10  3],1,1,18,0,1
1,<environment.Job instance at 0x7f44b291ad20>,12,15,[4 7],13,13,28,0,13
1,<environment.Job instance at 0x7f44b291a8c0>,13,22,[3 5],14,18,40,4,18
1,<environment.Job instance at 0x7f44b247e280>,30,12,[9 5],31,31,43,0,31
1,<environment.Job instance at 0x7f44b2faed20>,37,13,[3 7],38,40,53,2,40
1,<environment.Job instance at 0x7f44b2468640>,39,12,[10  2],40,43,55,3,43
1,<environment.Job instance at 0x7f44b247e780>,33,21,[1 8],34,53,74,19,53
1,<environment.Job instance at 0x7f44b247ec80>,32,12,[9 4],33,55,67,22,55
1,<environment.Job instance at 0x7f44b2375a50>,46,12,[2 6],47,67,79,20,67
1,<environment.Job instance at 0x7f44b2375cd0>,52,13,[9 1],53,67,80,14,67
1,<environment.Job instance at 0x7fd758e55c30>,6,20,[6 1],7,7,27,0,7
1,<environment.Job instance at 0x7fd758e58280>,14,13,[7 3],15,15,28,0,15
1,<environment.Job instance at 0x7fd758e58550>,19,14,[ 3 11],20,27,41,7,21
1,<environment.Job instance at 0x7fd758e55e60>,16,16,[ 3 11],17,41,57,24,28
1,<environment.Job instance at 0x7fd758e587d0>,21,26,[ 5 12],22,57,83,35,54
1,<environment.Job instance at 0x7fd758e58780>,22,13,[13  1],23,83,96,60,68
1,<environment.Job instance at 0x7fd758e58730>,23,18,[2 7],24,83,101,59,76
1,<environment.Job instance at 0x7fd758e63140>,0,13,[9 3],1,1,14,0,1
1,<environment.Job instance at 0x7fd758e63410>,2,22,[4 8],3,3,25,0,3
1,<environment.Job instance at 0x7fd758e63a50>,14,13,[7 3],15,15,28,0,15
1,<environment.Job instance at 0x7fd758e660f0>,23,18,[2 7],24,25,43,1,25
1,<environment.Job instance at 0x7fd758e636e0>,6,20,[6 1],7,25,45,18,25
1,<environment.Job instance at 0x7fd758e63550>,4,21,[1 6],5,28,49,23,28
1,<environment.Job instance at 0x7fd758e66960>,33,16,[2 8],34,43,59,9,43
1,<environment.Job instance at 0x7fd758e86b90>,45,13,[6 5],46,49,62,3,49
1,<environment.Job instance at 0x7fd758e4da00>,56,12,[3 6],57,59,71,2,59
1,<environment.Job instance at 0x7fd758e4dd20>,58,14,[2 7],59,62,76,3,62
1,<environment.Job instance at 0x7fd758e66c30>,40,15,[10  3],41,71,86,30,71
1,<environment.Job instance at 0x7fd758ea9d20>,53,17,[5 7],54,77,94,23,77
1,<environment.Job instance at 0x7fd75859f280>,0,14,[2 6],1,1,15,0,1
1,<environment.Job instance at 0x7fd758e630a0>,9,16,[7 1],10,12,28,2,12
1,<environment.Job instance at 0x7fd75859fc30>,8,21,[ 1 11],9,15,36,6,12
1,<environment.Job instance at 0x7fd75859f550>,10,14,[ 2 13],11,46,60,35,46
1,<environment.Job instance at 0x7fd75859d050>,13,16,[ 2 11],14,60,76,46,60
1,<environment.Job instance at 0x7fd758675fa0>,0,14,[2 6],1,1,15,0,1
1,<environment.Job instance at 0x7fd758675960>,1,15,[5 9],2,2,17,0,2
1,<environment.Job instance at 0x7fd758604fa0>,9,16,[7 1],10,15,31,5,15
1,<environment.Job instance at 0x7fd758607e60>,15,15,[5 7],16,17,32,1,17
1,<environment.Job instance at 0x7fd7586775a0>,18,17,[5 5],19,31,48,12,31
1,<environment.Job instance at 0x7fd75867b6e0>,2,16,[ 4 10],3,32,48,29,32
1,<environment.Job instance at 0x7fd758677640>,24,12,[4 6],25,48,60,23,48
1,<environment.Job instance at 0x7fd758677140>,20,18,[2 7],21,48,66,27,48
1,<environment.Job instance at 0x7fd7586040f0>,11,20,[8 2],12,48,68,36,48
1,<environment.Job instance at 0x7fd75861d230>,35,16,[7 5],36,66,82,30,66
1,<environment.Job instance at 0x7fd75861dc30>,41,13,[7 4],42,68,81,26,68
1,<environment.Job instance at 0x7fd758474050>,2,13,[3 8],3,3,16,0,3
1,<environment.Job instance at 0x7fd758474c80>,3,13,[3 5],4,4,17,0,4
1,<environment.Job instance at 0x7fd758474550>,6,20,[1 5],7,16,36,9,7
1,<environment.Job instance at 0x7fd7584742d0>,13,12,[11  5],14,16,28,2,14
1,<environment.Job instance at 0x7fd758474500>,12,13,[12  1],13,28,41,15,26
1,<environment.Job instance at 0x7fd7584f35a0>,17,17,[8 2],18,41,58,23,29
1,<environment.Job instance at 0x7fd7584749b0>,8,20,[ 3 12],9,36,56,27,32
1,<environment.Job instance at 0x7fd7584f3c30>,19,16,[5 8],20,56,72,36,43
1,<environment.Job instance at 0x7fd7584f3f00>,20,13,[8 5],21,58,71,37,47
1,<environment.Job instance at 0x7fd758474d20>,14,17,[ 3 12],15,72,89,57,63
1,<environment.Job instance at 0x7fd7584f3460>,21,14,[2 9],22,89,103,67,74
1,<environment.Job instance at 0x7fd7584743c0>,2,13,[3 8],3,3,16,0,3
1,<environment.Job instance at 0x7fd758474370>,3,13,[3 5],4,4,17,0,4
1,<environment.Job instance at 0x7fd762685c30>,6,20,[1 5],7,16,36,9,16
1,<environment.Job instance at 0x7fd758474aa0>,7,22,[3 7],8,17,39,9,17
1,<environment.Job instance at 0x7fd75844b500>,17,17,[8 2],18,18,35,0,18
1,<environment.Job instance at 0x7fd75844b190>,20,13,[8 5],21,36,49,15,36
1,<environment.Job instance at 0x7fd7626145f0>,32,12,[1 7],33,39,51,6,39
1,<environment.Job instance at 0x7fd7626071e0>,24,20,[5 2],25,39,59,14,39
1,<environment.Job instance at 0x7fd758c6e2d0>,38,12,[10  5],39,51,63,12,51
1,<environment.Job instance at 0x7fd758c6ecd0>,40,14,[2 7],41,59,73,18,59
1,<environment.Job instance at 0x7fd758c6e7d0>,52,13,[9 4],53,63,76,10,63
1,<environment.Job instance at 0x7fd758c6e3c0>,57,14,[ 1 10],58,73,87,15,73
1,<environment.Job instance at 0x7fd75847fdc0>,60,14,[6 1],61,76,90,15,76
1,<environment.Job instance at 0x7fd7584b7af0>,4,16,[7 4],5,5,21,0,5
1,<environment.Job instance at 0x7fd75894a370>,6,18,[ 4 12],7,21,39,14,10
1,<environment.Job instance at 0x7fd75894aa00>,11,12,[11  1],12,21,33,9,14
1,<environment.Job instance at 0x7fd75894a5a0>,8,25,[7 3],9,33,58,24,29
1,<environment.Job instance at 0x7fd75894a640>,12,14,[5 5],13,41,55,28,41
1,<environment.Job instance at 0x7fd7584b7780>,7,22,[14  1],8,58,80,50,51
1,<environment.Job instance at 0x7fd75894a500>,14,27,[ 1 10],15,57,84,42,57
1,<environment.Job instance at 0x7fd75894a460>,16,19,[13  1],17,80,99,63,74
1,<environment.Job instance at 0x7fd75847fb90>,4,16,[7 4],5,5,21,0,5
1,<environment.Job instance at 0x7fd758c6e320>,12,14,[5 5],13,13,27,0,13
1,<environment.Job instance at 0x7fd758c6e050>,20,14,[2 7],21,21,35,0,21
1,<environment.Job instance at 0x7fd758c6eb90>,21,15,[4 8],22,27,42,5,27
1,<environment.Job instance at 0x7fd758c6e2d0>,26,15,[3 6],27,35,50,8,35
1,<environment.Job instance at 0x7fd762614190>,35,13,[4 8],36,42,55,6,42
1,<environment.Job instance at 0x7fd758c6ed20>,28,16,[2 6],29,50,66,21,50
1,<environment.Job instance at 0x7fd7626142d0>,36,13,[5 8],37,55,68,18,55
1,<environment.Job instance at 0x7fd762607320>,41,15,[6 1],42,55,70,13,55
1,<environment.Job instance at 0x7fd75844b460>,46,13,[2 5],47,66,79,19,66
1,<environment.Job instance at 0x7fd75844b5a0>,49,17,[6 2],50,68,85,18,68
1,<environment.Job instance at 0x7fd75844b370>,50,17,[5 1],51,70,87,19,70
1,<environment.Job instance at 0x7fd75894a320>,53,17,[4 6],54,79,96,25,79
1,<environment.Job instance at 0x7fd758469140>,1,15,[5 5],2,2,17,0,2
1,<environment.Job instance at 0x7fd7592d2f50>,3,13,[4 8],4,4,17,0,4
1,<environment.Job instance at 0x7fd7592d2690>,4,20,[6 1],5,5,25,0,5
1,<environment.Job instance at 0x7fd758c56f00>,7,21,[5 9],8,17,38,9,9
1,<environment.Job instance at 0x7fd758c56190>,12,23,[10  2],13,25,48,12,23
1,<environment.Job instance at 0x7fd7592d2b90>,8,18,[ 2 14],9,48,66,39,41
1,<environment.Job instance at 0x7fd7592c3a50>,15,27,[ 4 14],16,66,93,50,65
1,<environment.Job instance at 0x7fd75846a230>,1,15,[5 5],2,2,17,0,2
1,<environment.Job instance at 0x7fd75846a8c0>,3,13,[4 8],4,4,17,0,4
1,<environment.Job instance at 0x7fd75846a5f0>,4,20,[6 1],5,5,25,0,5
1,<environment.Job instance at 0x7fd7584b7910>,7,21,[5 9],8,17,38,9,17
1,<environment.Job instance at 0x7fd75844b2d0>,20,13,[1 6],21,25,38,4,25
1,<environment.Job instance at 0x7fd7626070f0>,28,14,[8 3],29,38,52,9,38
1,<environment.Job instance at 0x7fd762614640>,34,15,[5 5],35,38,53,3,38
1,<environment.Job instance at 0x7fd758c6e780>,38,12,[ 5 10],39,52,64,13,52
1,<environment.Job instance at 0x7fd75844b5a0>,27,16,[5 4],28,53,69,25,53
1,<environment.Job instance at 0x7fd758c6eb40>,45,14,[8 5],46,64,78,18,64
1,<environment.Job instance at 0x7fd758c6e550>,47,16,[5 8],48,69,85,21,69
1,<environment.Job instance at 0x7fd758c6e0f0>,48,13,[1 7],49,78,91,29,78
1,<environment.Job instance at 0x7fd758c7e640>,1,13,[4 9],2,2,15,0,2
1,<environment.Job instance at 0x7fd758c4b1e0>,5,14,[ 2 10],6,15,29,9,6
1,<environment.Job instance at 0x7fd758c7eeb0>,8,22,[12  3],9,35,57,26,35
1,<environment.Job instance at 0x7fd7626145f0>,1,13,[4 9],2,2,15,0,2
1,<environment.Job instance at 0x7fd75881ef00>,13,21,[8 1],14,14,35,0,14
1,<environment.Job instance at 0x7fd75881e910>,12,13,[ 1 10],13,15,28,2,15
1,<environment.Job instance at 0x7fd762614190>,5,14,[ 2 10],6,28,42,22,28
1,<environment.Job instance at 0x7fd75881e550>,17,14,[6 4],18,35,49,17,35
1,<environment.Job instance at 0x7fd758c7ee10>,9,14,[ 5 10],10,42,56,32,42
1,<environment.Job instance at 0x7fd75881eb40>,15,15,[8 4],16,49,64,33,49
1,<environment.Job instance at 0x7fd75880a870>,32,15,[5 8],33,56,71,23,56
1,<environment.Job instance at 0x7fd75880ad20>,36,14,[5 7],37,64,78,27,64
1,<environment.Job instance at 0x7fd75880a960>,43,12,[10  3],44,71,83,27,71
1,<environment.Job instance at 0x7fd75882de60>,46,16,[2 9],47,78,94,31,78
1,<environment.Job instance at 0x7fd758880730>,5,13,[6 4],6,6,19,0,6
1,<environment.Job instance at 0x7fd758880c80>,11,13,[6 5],12,12,25,0,12
1,<environment.Job instance at 0x7fd758880e60>,13,14,[4 5],14,19,33,5,14
1,<environment.Job instance at 0x7fd7588700a0>,17,15,[9 5],18,25,40,7,20
1,<environment.Job instance at 0x7fd758870320>,20,15,[5 1],21,45,60,24,45
1,<environment.Job instance at 0x7fd7588703c0>,21,18,[5 9],22,46,64,24,46
1,<environment.Job instance at 0x7fd758880f50>,16,27,[5 5],17,49,76,32,49
1,<environment.Job instance at 0x7fd758870460>,22,12,[12  4],23,76,88,53,63
1,<environment.Job instance at 0x7fd7588701e0>,19,17,[1 7],20,68,85,48,68
1,<environment.Job instance at 0x7fd758870410>,23,21,[ 2 11],24,85,106,61,78
1,<environment.Job instance at 0x7fd758824af0>,2,16,[10  3],3,3,19,0,3
1,<environment.Job instance at 0x7fd758824870>,8,19,[1 5],9,9,28,0,9
1,<environment.Job instance at 0x7fd758824460>,5,13,[6 4],6,19,32,13,19
1,<environment.Job instance at 0x7fd75882d690>,11,13,[6 5],12,19,32,7,19
1,<environment.Job instance at 0x7fd75882d820>,13,14,[4 5],14,32,46,18,32
1,<environment.Job instance at 0x7fd758824eb0>,6,14,[10  3],7,32,46,25,32
1,<environment.Job instance at 0x7fd75882daa0>,19,17,[1 7],20,32,49,12,32
1,<environment.Job instance at 0x7fd75882d7d0>,20,15,[5 1],21,46,61,25,46
1,<environment.Job instance at 0x7fd75882d0f0>,17,15,[9 5],18,46,61,28,46
1,<environment.Job instance at 0x7fd75882da00>,28,12,[2 5],29,61,73,32,61
1,<environment.Job instance at 0x7fd75882ddc0>,26,14,[5 9],27,61,75,34,61
1,<environment.Job instance at 0x7fd75880a960>,29,16,[6 5],30,73,89,43,73
1,<environment.Job instance at 0x7fd75882d780>,21,18,[5 9],22,75,93,53,75
1,<environment.Job instance at 0x7fd7586accd0>,3,14,[1 5],4,4,18,0,4
1,<environment.Job instance at 0x7fd7586ac410>,8,15,[1 6],9,9,24,0,9
1,<environment.Job instance at 0x7fd7586ac320>,6,12,[ 5 12],7,24,36,17,12
1,<environment.Job instance at 0x7fd7586ac6e0>,15,13,[1 7],16,36,49,20,20
1,<environment.Job instance at 0x7fd7586acd70>,12,12,[14  4],13,37,49,24,37
1,<environment.Job instance at 0x7fd7586ac690>,14,25,[13  4],15,49,74,34,49
1,<environment.Job instance at 0x7fd7586127d0>,20,28,[2 7],21,73,101,52,73
1,<environment.Job instance at 0x7fd7592d25a0>,0,20,[2 9],1,1,21,0,1
1,<environment.Job instance at 0x7fd762614320>,3,14,[1 5],4,4,18,0,4
1,<environment.Job instance at 0x7fd7626142d0>,8,15,[1 6],9,18,33,9,18
1,<environment.Job instance at 0x7fd75880ac30>,15,13,[1 7],16,21,34,5,21
1,<environment.Job instance at 0x7fd75880ad70>,22,13,[5 5],23,33,46,10,33
1,<environment.Job instance at 0x7fd75880a960>,26,14,[6 4],27,34,48,7,34
1,<environment.Job instance at 0x7fd75882daa0>,36,14,[ 4 10],37,46,60,9,46
1,<environment.Job instance at 0x7fd75882d7d0>,37,13,[6 2],38,48,61,10,48
1,<environment.Job instance at 0x7fd75880a230>,13,15,[7 4],14,60,75,46,60
1,<environment.Job instance at 0x7fd75882dbe0>,35,17,[2 9],36,60,77,24,60
1,<environment.Job instance at 0x7fd75882d190>,41,18,[6 1],42,61,79,19,61
1,<environment.Job instance at 0x7fd758824870>,48,17,[7 1],49,75,92,26,75
1,<environment.Job instance at 0x7fd75894aaf0>,5,18,[1 7],6,77,95,71,77
1,<environment.Job instance at 0x7fd75866baf0>,59,17,[5 5],60,79,96,19,79
1,<environment.Job instance at 0x7fd758c7d8c0>,1,15,[4 5],2,2,17,0,2
1,<environment.Job instance at 0x7fd75938af50>,6,16,[4 5],7,7,23,0,7
1,<environment.Job instance at 0x7fd75938a1e0>,14,21,[6 5],15,15,36,0,15
1,<environment.Job instance at 0x7fd75938a280>,16,20,[3 6],17,23,43,6,17
1,<environment.Job instance at 0x7fd75938a7d0>,19,15,[7 3],20,36,51,16,22
1,<environment.Job instance at 0x7fd75938a5f0>,17,13,[9 4],18,51,64,33,35
1,<environment.Job instance at 0x7fd75938a190>,23,15,[4 9],24,43,58,19,35
1,<environment.Job instance at 0x7fd75855db40>,28,17,[5 2],29,58,75,29,49
1,<environment.Job instance at 0x7fd75855d370>,36,14,[7 2],37,64,78,27,49
1,<environment.Job instance at 0x7fd75855deb0>,29,18,[1 9],30,58,76,28,52
1,<environment.Job instance at 0x7fd75883fb40>,41,13,[7 1],42,75,88,33,60
1,<environment.Job instance at 0x7fd75883f460>,44,19,[6 1],45,78,97,33,68
1,<environment.Job instance at 0x7fd75883ff50>,46,16,[5 8],47,88,104,41,75
1,<environment.Job instance at 0x7fd7589e4e10>,1,15,[4 5],2,2,17,0,2
1,<environment.Job instance at 0x7fd758fc6d70>,3,21,[1 6],4,4,25,0,4
1,<environment.Job instance at 0x7fd75847f0a0>,10,18,[7 3],11,11,29,0,11
1,<environment.Job instance at 0x7fd7587abbe0>,6,16,[4 5],7,17,33,10,17
1,<environment.Job instance at 0x7fd758ad45a0>,17,13,[9 4],18,29,42,11,29
1,<environment.Job instance at 0x7fd75847f4b0>,9,16,[ 5 10],10,33,49,23,33
1,<environment.Job instance at 0x7fd7586d5c30>,19,15,[7 3],20,42,57,22,42
1,<environment.Job instance at 0x7fd758911e10>,20,17,[4 7],21,49,66,28,49
1,<environment.Job instance at 0x7fd758c4b5f0>,21,17,[4 5],22,49,66,27,49
1,<environment.Job instance at 0x7fd7591425a0>,23,15,[4 9],24,66,81,42,66
1,<environment.Job instance at 0x7fd758a8fd20>,30,15,[6 3],31,66,81,35,66
1,<environment.Job instance at 0x7fd758a8f5a0>,28,17,[5 2],29,66,83,37,66
1,<environment.Job instance at 0x7fd7589c5f50>,0,21,[5 2],1,1,22,0,1
1,<environment.Job instance at 0x7fd759432910>,5,12,[3 6],6,6,18,0,6
1,<environment.Job instance at 0x7fd759432cd0>,10,15,[5 2],11,12,27,1,12
1,<environment.Job instance at 0x7fd759432410>,12,14,[7 1],13,22,36,9,16
1,<environment.Job instance at 0x7fd75920cc80>,17,14,[2 6],18,20,34,2,20
1,<environment.Job instance at 0x7fd759432820>,13,16,[11  4],14,36,52,22,27
1,<environment.Job instance at 0x7fd75920cdc0>,23,25,[4 5],24,41,66,17,41
1,<environment.Job instance at 0x7fd759a87cd0>,24,21,[14  1],25,77,98,52,77
1,<environment.Job instance at 0x7fd758e66eb0>,0,21,[5 2],1,1,22,0,1
1,<environment.Job instance at 0x7fd7595f7be0>,5,12,[3 6],6,6,18,0,6
1,<environment.Job instance at 0x7fd758fa56e0>,7,13,[7 4],8,8,21,0,8
1,<environment.Job instance at 0x7fd75998acd0>,17,14,[2 6],18,18,32,0,18
1,<environment.Job instance at 0x7fd75969f870>,12,14,[7 1],13,21,35,8,21
1,<environment.Job instance at 0x7fd76227e0a0>,10,15,[5 2],11,22,37,11,22
1,<environment.Job instance at 0x7fd75847f550>,30,18,[1 5],31,31,49,0,31
1,<environment.Job instance at 0x7fd758df6eb0>,27,20,[3 7],28,35,55,7,35
1,<environment.Job instance at 0x7fd758fd0410>,42,12,[8 4],43,49,61,6,49
1,<environment.Job instance at 0x7fd7589e4e10>,35,13,[ 2 10],36,55,68,19,55
1,<environment.Job instance at 0x7fd7589c53c0>,44,13,[5 4],45,61,74,16,61
1,<environment.Job instance at 0x7fd759ab2b90>,58,13,[5 3],59,68,81,9,68
1,<environment.Job instance at 0x7fd762541f50>,51,16,[4 6],52,68,84,16,68
1,<environment.Job instance at 0x7fd759ab27d0>,61,16,[5 1],62,74,90,12,74
1,<environment.Job instance at 0x7fd7587ec280>,5,17,[3 6],6,6,23,0,6
1,<environment.Job instance at 0x7fd75938a190>,8,16,[1 5],9,9,25,0,9
1,<environment.Job instance at 0x7fd759267140>,6,18,[14  2],7,23,41,16,12
1,<environment.Job instance at 0x7fd758f79280>,13,15,[3 8],14,41,56,27,27
1,<environment.Job instance at 0x7fd758f79460>,17,14,[ 2 13],18,56,70,38,42
1,<environment.Job instance at 0x7fd758f795a0>,18,13,[14  5],19,70,83,51,54
1,<environment.Job instance at 0x7fd758f79690>,21,17,[9 2],22,83,100,61,75
1,<environment.Job instance at 0x7fd75897c500>,4,17,[10  5],5,5,22,0,5
1,<environment.Job instance at 0x7fd75897ceb0>,5,17,[3 6],6,6,23,0,6
1,<environment.Job instance at 0x7fd762541500>,11,13,[9 3],12,22,35,10,22
1,<environment.Job instance at 0x7fd759a6c190>,8,16,[1 5],9,22,38,13,22
1,<environment.Job instance at 0x7fd762541280>,14,13,[6 5],15,35,48,20,35
1,<environment.Job instance at 0x7fd758a98960>,29,14,[5 4],30,35,49,5,35
1,<environment.Job instance at 0x7fd7595f7f50>,40,13,[8 3],41,48,61,7,48
1,<environment.Job instance at 0x7fd762541f50>,13,15,[3 8],14,49,64,35,49
1,<environment.Job instance at 0x7fd758f38f50>,50,13,[7 5],51,61,74,10,61
1,<environment.Job instance at 0x7fd758ef5320>,54,15,[4 6],55,64,79,9,64
1,<environment.Job instance at 0x7fd758ef5140>,58,14,[8 1],59,74,88,15,74
1,<environment.Job instance at 0x7fd75847faf0>,23,16,[ 3 10],24,79,95,55,79
1,<environment.Job instance at 0x7fd7581c7320>,4,13,[4 7],5,5,18,0,5
1,<environment.Job instance at 0x7fd7581c7dc0>,10,18,[12  5],11,18,36,7,11
1,<environment.Job instance at 0x7fd759222500>,2,16,[ 4 10],3,3,19,0,3
1,<environment.Job instance at 0x7fd759222b40>,4,13,[4 7],5,19,32,14,19
1,<environment.Job instance at 0x7fd759222c80>,3,18,[1 8],4,19,37,15,19
1,<environment.Job instance at 0x7fd7589412d0>,23,14,[7 2],24,32,46,8,32
1,<environment.Job instance at 0x7fd7591cf500>,26,12,[6 1],27,32,44,5,32
1,<environment.Job instance at 0x7fd75883ac80>,16,15,[ 1 10],17,37,52,20,37
1,<environment.Job instance at 0x7fd7591d9460>,30,15,[10  1],31,46,61,15,46
1,<environment.Job instance at 0x7fd7591d95a0>,31,14,[3 8],32,52,66,20,52
1,<environment.Job instance at 0x7fd7591c4190>,33,14,[5 4],34,61,75,27,61
1,<environment.Job instance at 0x7fd7591c3fa0>,45,12,[6 4],46,66,78,20,66
1,<environment.Job instance at 0x7fd7591c6550>,39,16,[9 2],40,75,91,35,75
1,<environment.Job instance at 0x7fd7591c4dc0>,32,16,[6 5],33,78,94,45,78
1,<environment.Job instance at 0x7fd758790910>,0,14,[2 7],1,1,15,0,1
1,<environment.Job instance at 0x7fd7587900f0>,2,14,[5 5],3,3,17,0,3
1,<environment.Job instance at 0x7fd758790870>,5,16,[6 1],6,6,22,0,6
1,<environment.Job instance at 0x7fd758791a50>,8,18,[1 5],9,15,33,6,9
1,<environment.Job instance at 0x7fd758791280>,10,12,[6 3],11,17,29,6,11
1,<environment.Job instance at 0x7fd758791730>,11,16,[10  2],12,29,45,17,16
1,<environment.Job instance at 0x7fd758791410>,16,18,[6 2],17,45,63,28,34
1,<environment.Job instance at 0x7fd7587915a0>,17,14,[ 4 12],18,38,52,20,38
1,<environment.Job instance at 0x7fd758791460>,18,13,[7 5],19,52,65,33,38
1,<environment.Job instance at 0x7fd758819c30>,0,14,[2 7],1,1,15,0,1
1,<environment.Job instance at 0x7fd7588290a0>,2,14,[5 5],3,3,17,0,3
1,<environment.Job instance at 0x7fd7588195f0>,5,16,[6 1],6,6,22,0,6
1,<environment.Job instance at 0x7fd759986960>,8,18,[1 5],9,15,33,6,15
1,<environment.Job instance at 0x7fd75817f190>,10,12,[6 3],11,17,29,6,17
1,<environment.Job instance at 0x7fd761f8a870>,18,13,[7 5],19,22,35,3,22
1,<environment.Job instance at 0x7fd7596a9f50>,21,15,[7 3],22,29,44,7,29
1,<environment.Job instance at 0x7fd758f0d5f0>,25,14,[4 7],26,35,49,9,35
1,<environment.Job instance at 0x7fd7596b1870>,15,13,[9 5],16,44,57,28,44
1,<environment.Job instance at 0x7fd759593f50>,34,13,[1 6],35,49,62,14,49
1,<environment.Job instance at 0x7fd758feff00>,32,18,[5 4],33,49,67,16,49
1,<environment.Job instance at 0x7fd759593be0>,38,17,[7 4],39,57,74,18,57
1,<environment.Job instance at 0x7fd7595470a0>,47,12,[4 5],48,67,79,19,67
1,<environment.Job instance at 0x7fd758814eb0>,45,16,[4 9],46,76,92,30,76
1,<environment.Job instance at 0x7fd75817f5f0>,11,16,[10  2],12,79,95,67,79
1,<environment.Job instance at 0x7fd7597f0730>,2,21,[1 6],3,3,24,0,3
1,<environment.Job instance at 0x7fd7597f0e10>,3,15,[8 1],4,4,19,0,4
1,<environment.Job instance at 0x7fd762083d20>,4,14,[5 7],5,5,19,0,5
1,<environment.Job instance at 0x7fd7597f04b0>,9,26,[7 4],10,19,45,9,17
1,<environment.Job instance at 0x7fd7585d8aa0>,11,14,[ 3 14],12,45,59,33,31
1,<environment.Job instance at 0x7fd758fa5370>,19,13,[7 2],20,59,72,39,49
1,<environment.Job instance at 0x7fd7585d8230>,15,20,[1 8],16,59,79,43,50
1,<environment.Job instance at 0x7fd75804c780>,27,12,[9 1],28,72,84,44,55
1,<environment.Job instance at 0x7fd758ab17d0>,26,16,[4 7],27,79,95,52,70
1,<environment.Job instance at 0x7fd758aa9d20>,2,21,[1 6],3,3,24,0,3
1,<environment.Job instance at 0x7fd75999a280>,3,15,[8 1],4,4,19,0,4
1,<environment.Job instance at 0x7fd75999a050>,4,14,[5 7],5,5,19,0,5
1,<environment.Job instance at 0x7fd759547b90>,17,17,[7 2],18,19,36,1,19
1,<environment.Job instance at 0x7fd759990460>,16,18,[5 4],17,19,37,2,19
1,<environment.Job instance at 0x7fd7595470a0>,15,20,[1 8],16,24,44,8,24
1,<environment.Job instance at 0x7fd7595474b0>,19,13,[7 2],20,36,49,16,36
1,<environment.Job instance at 0x7fd761f8a870>,26,16,[4 7],27,44,60,17,44
1,<environment.Job instance at 0x7fd758f0d5f0>,27,12,[9 1],28,49,61,21,49
1,<environment.Job instance at 0x7fd759986960>,31,14,[2 9],32,60,74,28,60
1,<environment.Job instance at 0x7fd759986f50>,34,15,[3 5],35,60,75,25,60
1,<environment.Job instance at 0x7fd759990c80>,13,19,[10  1],14,61,80,47,61
1,<environment.Job instance at 0x7fd758a981e0>,41,14,[5 7],42,75,89,33,75
1,<environment.Job instance at 0x7fd758cc3280>,11,12,[12  5],12,15,27,3,15
1,<environment.Job instance at 0x7fd758cc3d70>,14,19,[5 2],15,27,46,12,17
1,<environment.Job instance at 0x7fd758cfc1e0>,16,12,[3 6],17,19,31,2,19
1,<environment.Job instance at 0x7fd758cfc370>,17,14,[12  5],18,46,60,28,31
1,<environment.Job instance at 0x7fd758cfcaf0>,28,14,[8 5],29,60,74,31,48
1,<environment.Job instance at 0x7fd758c18140>,0,13,[9 1],1,1,14,0,1
1,<environment.Job instance at 0x7fd758c18af0>,5,12,[3 5],6,6,18,0,6
1,<environment.Job instance at 0x7fd758c18cd0>,9,22,[3 9],10,10,32,0,10
1,<environment.Job instance at 0x7fd758c32e10>,16,12,[3 6],17,18,30,1,18
1,<environment.Job instance at 0x7fd758c322d0>,20,12,[9 5],21,30,42,9,30
1,<environment.Job instance at 0x7fd758c329b0>,26,17,[5 5],27,32,49,5,32
1,<environment.Job instance at 0x7fd758c32870>,24,12,[8 3],25,42,54,17,42
1,<environment.Job instance at 0x7fd758c32b40>,25,18,[ 2 10],26,49,67,23,49
1,<environment.Job instance at 0x7fd758c32050>,14,19,[5 2],15,49,68,34,49
1,<environment.Job instance at 0x7fd758a98870>,32,14,[6 3],33,54,68,21,54
1,<environment.Job instance at 0x7fd758829dc0>,36,16,[2 9],37,67,83,30,67
1,<environment.Job instance at 0x7fd758a53e10>,27,14,[9 5],28,68,82,40,68
1,<environment.Job instance at 0x7fd758a7e960>,5,14,[3 9],6,6,20,0,6
1,<environment.Job instance at 0x7fd758cd1780>,7,17,[4 7],8,20,37,12,8
1,<environment.Job instance at 0x7fd7586015f0>,5,14,[3 9],6,6,20,0,6
1,<environment.Job instance at 0x7fd758a4d0a0>,6,12,[10  1],7,7,19,0,7
1,<environment.Job instance at 0x7fd758a4d690>,13,13,[9 2],14,19,32,5,19
1,<environment.Job instance at 0x7fd758a4ddc0>,10,16,[ 1 10],11,20,36,9,20
1,<environment.Job instance at 0x7fd758a4d8c0>,18,16,[7 4],19,32,48,13,32
1,<environment.Job instance at 0x7fd75936d9b0>,30,13,[1 9],31,36,49,5,36
1,<environment.Job instance at 0x7fd75936db40>,31,12,[5 2],32,36,48,4,36
1,<environment.Job instance at 0x7fd75936dd20>,32,18,[7 1],33,48,66,15,48
1,<environment.Job instance at 0x7fd75936dcd0>,22,15,[1 7],23,49,64,26,49
1,<environment.Job instance at 0x7fd759364550>,38,16,[4 5],39,49,65,10,49
1,<environment.Job instance at 0x7fd758a4d140>,7,17,[4 7],8,64,81,56,64
1,<environment.Job instance at 0x7fd759364be0>,42,16,[9 3],43,66,82,23,66
1,<environment.Job instance at 0x7fd758467870>,1,13,[7 2],2,2,15,0,2
1,<environment.Job instance at 0x7fd758467d70>,2,12,[5 2],3,3,15,0,3
1,<environment.Job instance at 0x7fd758467280>,3,15,[3 9],4,4,19,0,4
1,<environment.Job instance at 0x7fd758829e60>,6,15,[6 2],7,15,30,8,7
1,<environment.Job instance at 0x7fd758467780>,10,16,[8 5],11,19,35,8,15
1,<environment.Job instance at 0x7fd758829aa0>,9,16,[11  5],10,35,51,25,22
1,<environment.Job instance at 0x7fd758829410>,12,18,[ 3 13],13,51,69,38,40
1,<environment.Job instance at 0x7fd758829780>,14,12,[14  4],15,69,81,54,54
1,<environment.Job instance at 0x7fd7585d9aa0>,17,12,[ 3 11],18,81,93,63,64
1,<environment.Job instance at 0x7fd7585d95f0>,18,19,[9 2],19,81,100,62,79
1,<environment.Job instance at 0x7fd758a4d870>,1,13,[7 2],2,2,15,0,2
1,<environment.Job instance at 0x7fd758a4df50>,2,12,[5 2],3,3,15,0,3
1,<environment.Job instance at 0x7fd758a4d0f0>,3,15,[3 9],4,4,19,0,4
1,<environment.Job instance at 0x7fd758a4d370>,6,15,[6 2],7,15,30,8,15
1,<environment.Job instance at 0x7fd7584ae820>,15,13,[8 4],16,19,32,3,19
1,<environment.Job instance at 0x7fd7685350a0>,28,14,[6 1],29,30,44,1,30
1,<environment.Job instance at 0x7fd7620a1730>,25,15,[3 6],26,32,47,6,32
1,<environment.Job instance at 0x7fd7620a16e0>,23,20,[6 2],24,32,52,8,32
1,<environment.Job instance at 0x7fd758467140>,21,22,[5 2],22,44,66,22,44
1,<environment.Job instance at 0x7fd7589591e0>,33,15,[7 2],34,52,67,18,52
1,<environment.Job instance at 0x7fd758677b40>,48,15,[ 2 10],49,52,67,3,52
1,<environment.Job instance at 0x7fd758677a50>,45,15,[6 5],46,67,82,21,67
1,<environment.Job instance at 0x7fd7584aebe0>,10,16,[8 5],11,67,83,56,67
1,<environment.Job instance at 0x7fd758cd9c80>,0,12,[9 5],1,1,13,0,1
1,<environment.Job instance at 0x7fd758cd9780>,3,21,[1 8],4,4,25,0,4
1,<environment.Job instance at 0x7fd758df6280>,2,12,[9 4],3,13,25,10,13
1,<environment.Job instance at 0x7fd758df6780>,16,12,[2 6],17,25,37,8,25
1,<environment.Job instance at 0x7fd758df63c0>,9,12,[10  2],10,25,37,15,25
1,<environment.Job instance at 0x7fd758df65a0>,7,13,[3 7],8,25,38,17,25
1,<environment.Job instance at 0x7fd758677320>,22,13,[9 1],23,37,50,14,37
1,<environment.Job instance at 0x7fd758677be0>,30,12,[1 8],31,38,50,7,38
1,<environment.Job instance at 0x7fd7586770f0>,25,13,[5 7],26,50,63,24,50
1,<environment.Job instance at 0x7fd758677280>,31,14,[7 4],32,50,64,18,50
1,<environment.Job instance at 0x7fd758959a50>,33,15,[2 7],34,63,78,29,63
1,<environment.Job instance at 0x7fd758959280>,39,15,[7 2],40,64,79,24,64
1,<environment.Job instance at 0x7fd758959c30>,34,16,[3 5],35,64,80,29,64
1,<environment.Job instance at 0x7fd758959a00>,40,16,[10  4],41,79,95,38,79
1,<environment.Job instance at 0x7fd7582618c0>,0,12,[5 8],1,1,13,0,1
1,<environment.Job instance at 0x7fd7590f3370>,5,12,[ 2 14],6,13,25,7,6
1,<environment.Job instance at 0x7fd7590f38c0>,6,17,[ 1 12],7,25,42,18,15
1,<environment.Job instance at 0x7fd7590f3410>,13,12,[13  2],14,25,37,11,17
1,<environment.Job instance at 0x7fd758b43370>,17,12,[10  2],18,37,49,19,20
1,<environment.Job instance at 0x7fd758b43050>,18,14,[ 2 13],19,42,56,23,27
1,<environment.Job instance at 0x7fd758b43d20>,19,16,[3 6],20,56,72,36,43
1,<environment.Job instance at 0x7fd758b43410>,20,15,[1 6],21,56,71,35,43
1,<environment.Job instance at 0x7fd758b43230>,14,22,[6 2],15,49,71,34,43
1,<environment.Job instance at 0x7fd758b434b0>,21,23,[8 4],22,71,94,49,65
1,<environment.Job instance at 0x7fd758b43190>,15,26,[2 8],16,72,98,56,70
1,<environment.Job instance at 0x7fd758b43f50>,24,13,[7 5],25,94,107,69,78
1,<environment.Job instance at 0x7fd7584aef00>,0,12,[5 8],1,1,13,0,1
1,<environment.Job instance at 0x7fd7584aef50>,1,20,[10  3],2,2,22,0,2
1,<environment.Job instance at 0x7fd758b43be0>,12,16,[ 5 10],13,13,29,0,13
1,<environment.Job instance at 0x7fd758b506e0>,17,12,[10  2],18,22,34,4,22
1,<environment.Job instance at 0x7fd758b507d0>,20,15,[1 6],21,29,44,8,29
1,<environment.Job instance at 0x7fd758b50550>,19,16,[3 6],20,29,45,9,29
1,<environment.Job instance at 0x7fd75998e280>,4,21,[10  1],5,34,55,29,34
1,<environment.Job instance at 0x7fd758b504b0>,30,14,[4 6],31,45,59,14,45
1,<environment.Job instance at 0x7fd758b50050>,24,13,[7 5],25,55,68,30,55
1,<environment.Job instance at 0x7fd75815a2d0>,36,12,[ 2 10],37,59,71,22,59
1,<environment.Job instance at 0x7fd75815a140>,43,13,[7 4],44,68,81,24,68
1,<environment.Job instance at 0x7fd75815acd0>,47,12,[ 4 10],48,71,83,23,71
1,<environment.Job instance at 0x7fd7592ec730>,4,15,[2 5],5,5,20,0,5
1,<environment.Job instance at 0x7fd7592ecf50>,5,15,[7 2],6,6,21,0,6
1,<environment.Job instance at 0x7fd758171050>,2,18,[2 5],3,3,21,0,3
1,<environment.Job instance at 0x7fd758171b40>,4,15,[2 5],5,5,20,0,5
1,<environment.Job instance at 0x7fd758171820>,5,15,[7 2],6,6,21,0,6
1,<environment.Job instance at 0x7fd758171cd0>,10,14,[2 9],11,21,35,10,21
1,<environment.Job instance at 0x7fd758171280>,6,19,[10  4],7,21,40,14,21
1,<environment.Job instance at 0x7fd75815acd0>,23,17,[2 8],24,35,52,11,35
1,<environment.Job instance at 0x7fd75815a870>,28,14,[1 7],29,40,54,11,40
1,<environment.Job instance at 0x7fd75815a370>,33,13,[9 1],34,52,65,18,52
1,<environment.Job instance at 0x7fd75815a5a0>,20,18,[1 7],21,52,70,31,52
1,<environment.Job instance at 0x7fd758171f50>,18,19,[2 6],19,54,73,35,54
1,<environment.Job instance at 0x7fd758b505f0>,40,18,[8 2],41,65,83,24,65
1,<environment.Job instance at 0x7fd758b50c30>,48,17,[6 1],49,73,90,24,73
1,<environment.Job instance at 0x7fd758171aa0>,9,21,[1 9],10,73,94,63,73
1,<environment.Job instance at 0x7f79e6976c30>,6,20,[6 1],7,7,27,0,7
1,<environment.Job instance at 0x7f79e69791e0>,13,18,[ 4 14],14,17,35,3,17
1,<environment.Job instance at 0x7f79e6976e60>,14,13,[7 3],15,35,48,20,19
1,<environment.Job instance at 0x7f79e6979550>,19,14,[ 3 11],20,38,52,18,38
1,<environment.Job instance at 0x7f79e6979280>,15,18,[ 2 14],16,52,70,36,48
1,<environment.Job instance at 0x7f79e6979320>,16,16,[ 3 11],17,70,86,53,57
1,<environment.Job instance at 0x7f79e69797d0>,22,13,[13  1],23,57,70,34,57
1,<environment.Job instance at 0x7f79e6979820>,23,18,[2 7],24,86,104,62,76
1,<environment.Job instance at 0x7f79e69798c0>,24,13,[ 3 14],25,104,117,79,88
1,<environment.Job instance at 0x7f79e69848c0>,0,13,[9 3],1,1,14,0,1
1,<environment.Job instance at 0x7f79e6984af0>,2,22,[4 8],3,3,25,0,3
1,<environment.Job instance at 0x7f79e6987230>,14,13,[7 3],15,15,28,0,15
1,<environment.Job instance at 0x7f79e69878c0>,23,18,[2 7],24,25,43,1,25
1,<environment.Job instance at 0x7f79e6984dc0>,6,20,[6 1],7,25,45,18,25
1,<environment.Job instance at 0x7f79e6984c30>,4,21,[1 6],5,28,49,23,28
1,<environment.Job instance at 0x7f79e69c1a50>,33,16,[2 8],34,43,59,9,43
1,<environment.Job instance at 0x7f79e696eaf0>,45,13,[6 5],46,49,62,3,49
1,<environment.Job instance at 0x7f79e69fcb40>,56,12,[3 6],57,59,71,2,59
1,<environment.Job instance at 0x7f79e6aa15f0>,58,14,[2 7],59,62,76,3,62
1,<environment.Job instance at 0x7f79e696e410>,40,15,[10  3],41,71,86,30,71
1,<environment.Job instance at 0x7f79e6c29190>,53,17,[5 7],54,77,94,23,77
1,<environment.Job instance at 0x7f79e6aaa370>,35,15,[9 5],36,87,102,51,87
1,<environment.Job instance at 0x7f79e60c1cd0>,5,15,[5 7],6,6,21,0,6
1,<environment.Job instance at 0x7f79e60c1730>,14,12,[4 6],15,16,28,1,16
1,<environment.Job instance at 0x7f79e60c1eb0>,15,12,[14  5],16,28,40,12,16
1,<environment.Job instance at 0x7f79e60c1050>,11,18,[ 1 10],12,28,46,16,19
1,<environment.Job instance at 0x7f79e60bb0a0>,23,15,[12  1],24,40,55,16,28
1,<environment.Job instance at 0x7f79e60bbf50>,24,14,[ 2 11],25,46,60,21,31
1,<environment.Job instance at 0x7f79e60bbe10>,25,16,[7 5],26,60,76,34,56
1,<environment.Job instance at 0x7f79e60c1c30>,4,25,[4 5],5,60,85,55,58
1,<environment.Job instance at 0x7f79e60b65a0>,20,21,[6 5],21,76,97,55,68
1,<environment.Job instance at 0x7f79e60bb820>,27,19,[11  2],28,97,116,69,87
1,<environment.Job instance at 0x7f79e6984a50>,1,20,[8 2],2,2,22,0,2
1,<environment.Job instance at 0x7f79e6984960>,5,15,[5 7],6,6,21,0,6
1,<environment.Job instance at 0x7f79e61984b0>,14,12,[4 6],15,21,33,6,21
1,<environment.Job instance at 0x7f79e6198780>,10,18,[2 7],11,21,39,10,21
1,<environment.Job instance at 0x7f79e61c9910>,19,14,[10  4],20,33,47,13,33
1,<environment.Job instance at 0x7f79e6197d20>,8,17,[5 5],9,39,56,30,39
1,<environment.Job instance at 0x7f79e612b4b0>,31,13,[7 4],32,47,60,15,47
1,<environment.Job instance at 0x7f79e613a2d0>,38,15,[8 3],39,56,71,17,56
1,<environment.Job instance at 0x7f79e6128c80>,25,16,[7 5],26,60,76,34,60
1,<environment.Job instance at 0x7f79e6137730>,37,16,[8 1],38,71,87,33,71
1,<environment.Job instance at 0x7f79e61c1320>,44,16,[4 7],45,76,92,31,76
1,<environment.Job instance at 0x7f79e613acd0>,39,17,[8 1],40,87,104,47,87
1,<environment.Job instance at 0x7f79e5ff6f50>,0,13,[8 5],1,1,14,0,1
1,<environment.Job instance at 0x7f79e5faac80>,4,20,[5 2],5,5,25,0,5
1,<environment.Job instance at 0x7f79e5faac30>,12,12,[1 7],13,13,25,0,13
1,<environment.Job instance at 0x7f79e5faaa50>,8,12,[14  5],9,25,37,16,14
1,<environment.Job instance at 0x7f79e5faafa0>,18,12,[10  5],19,38,50,19,38
1,<environment.Job instance at 0x7f79e5faaeb0>,20,14,[2 7],21,65,79,44,65
1,<environment.Job instance at 0x7f79e5ff6e10>,9,16,[12  3],10,65,81,55,65
1,<environment.Job instance at 0x7f79e5faadc0>,21,14,[13  5],22,81,95,59,68
1,<environment.Job instance at 0x7f79e5fa6500>,23,14,[12  2],24,95,109,71,80
1,<environment.Job instance at 0x7f79e5faa2d0>,11,28,[2 8],12,82,110,70,82
1,<environment.Job instance at 0x7f79e5ff6be0>,0,13,[8 5],1,1,14,0,1
1,<environment.Job instance at 0x7f79e5ff6d20>,1,14,[2 9],2,2,16,0,2
1,<environment.Job instance at 0x7f79e5f66230>,12,12,[1 7],13,16,28,3,16
1,<environment.Job instance at 0x7f79e5f66550>,4,20,[5 2],5,16,36,11,16
1,<environment.Job instance at 0x7f79e5fe1910>,18,12,[10  5],19,28,40,9,28
1,<environment.Job instance at 0x7f79e5fe11e0>,20,14,[2 7],21,36,50,15,36
1,<environment.Job instance at 0x7f79e5fddc30>,32,13,[9 4],33,40,53,7,40
1,<environment.Job instance at 0x7f79e5fdde10>,40,14,[6 1],41,50,64,9,50
1,<environment.Job instance at 0x7f79e5fdd730>,37,14,[ 1 10],38,53,67,15,53
1,<environment.Job instance at 0x7f79e5fdb460>,46,13,[6 3],47,53,66,6,53
1,<environment.Job instance at 0x7f79e5fdb1e0>,47,13,[7 4],48,66,79,18,66
1,<environment.Job instance at 0x7f79e5fdb6e0>,57,16,[2 8],58,67,83,9,67
1,<environment.Job instance at 0x7f79e5fddfa0>,43,14,[10  1],44,79,93,35,79
1,<environment.Job instance at 0x7f79e5fe1eb0>,25,16,[2 8],26,83,99,57,83
1,<environment.Job instance at 0x7f79e6e03d20>,5,13,[4 8],6,6,19,0,6
1,<environment.Job instance at 0x7f79e6e037d0>,6,13,[5 8],7,19,32,12,7
1,<environment.Job instance at 0x7f79e5fcb2d0>,0,19,[5 5],1,1,20,0,1
1,<environment.Job instance at 0x7f79e5fdd370>,2,20,[8 5],3,3,23,0,3
1,<environment.Job instance at 0x7f79e5fdd230>,5,13,[4 8],6,20,33,14,20
1,<environment.Job instance at 0x7f79e5fdda50>,16,13,[2 5],17,23,36,6,23
1,<environment.Job instance at 0x7f79e5fddc30>,11,15,[6 1],12,23,38,11,23
1,<environment.Job instance at 0x7f79e5fcb500>,6,13,[5 8],7,33,46,26,33
1,<environment.Job instance at 0x7f79e649faf0>,23,17,[4 6],24,36,53,12,36
1,<environment.Job instance at 0x7f79e6e03e60>,20,17,[5 1],21,38,55,17,38
1,<environment.Job instance at 0x7f79e6e03190>,19,17,[6 2],20,46,63,26,46
1,<environment.Job instance at 0x7f79e6e0eb90>,25,14,[ 1 10],26,53,67,27,53
1,<environment.Job instance at 0x7f79e6e0e6e0>,28,15,[8 2],29,55,70,26,55
1,<environment.Job instance at 0x7f79e6e21d20>,53,13,[4 8],54,67,80,13,67
1,<environment.Job instance at 0x7f79e6e21be0>,51,15,[5 5],52,70,85,18,70
1,<environment.Job instance at 0x7f79e6e217d0>,54,20,[6 1],55,70,90,15,70
1,<environment.Job instance at 0x7f79e6e225a0>,70,13,[1 6],71,80,93,9,80
1,<environment.Job instance at 0x7f79e6e225f0>,77,16,[5 4],78,85,101,7,85
1,<environment.Job instance at 0x7f79e63d1690>,8,13,[1 7],9,9,22,0,9
1,<environment.Job instance at 0x7f79e6355e10>,14,24,[8 4],15,15,39,0,15
1,<environment.Job instance at 0x7f79e6355730>,15,13,[5 5],16,22,35,6,19
1,<environment.Job instance at 0x7f79e66ca140>,13,13,[11  5],14,39,52,25,26
1,<environment.Job instance at 0x7f79e5fcb1e0>,2,15,[ 4 12],3,52,67,49,39
1,<environment.Job instance at 0x7f79e6333190>,18,14,[7 5],19,67,81,48,56
1,<environment.Job instance at 0x7f79e67f97d0>,19,25,[1 6],20,67,92,47,63
1,<environment.Job instance at 0x7f79e6355a50>,16,20,[12  3],17,81,101,64,72
1,<environment.Job instance at 0x7f79e6e22e60>,1,21,[4 8],2,2,23,0,2
1,<environment.Job instance at 0x7f79e6e223c0>,4,18,[8 3],5,5,23,0,5
1,<environment.Job instance at 0x7f79e6e22550>,15,13,[5 5],16,23,36,7,23
1,<environment.Job instance at 0x7f79e6e22be0>,8,13,[1 7],9,23,36,14,23
1,<environment.Job instance at 0x7f79e6e212d0>,32,12,[7 2],33,36,48,3,36
1,<environment.Job instance at 0x7f79e6e22690>,5,14,[8 5],6,36,50,30,36
1,<environment.Job instance at 0x7f79e6e0ed20>,41,13,[4 9],42,48,61,6,48
1,<environment.Job instance at 0x7f79e6e21460>,18,14,[7 5],19,50,64,31,50
1,<environment.Job instance at 0x7f79e6e0e9b0>,45,14,[ 2 10],46,61,75,15,61
1,<environment.Job instance at 0x7f79e6e21d20>,25,15,[8 5],26,64,79,38,64
1,<environment.Job instance at 0x7f79e6e0e050>,49,14,[ 5 10],50,75,89,25,75
1,<environment.Job instance at 0x7f79e6e0e0f0>,55,15,[8 4],56,79,94,23,79
1,<environment.Job instance at 0x7f79e6e0eb40>,52,13,[ 1 10],53,89,102,36,89
1,<environment.Job instance at 0x7f79e6af02d0>,6,14,[ 4 10],7,7,21,0,7
1,<environment.Job instance at 0x7f79e6af0dc0>,8,12,[8 5],9,9,21,0,9
1,<environment.Job instance at 0x7f79e6af0050>,11,16,[ 5 11],12,21,37,9,15
1,<environment.Job instance at 0x7f79e6af0870>,12,22,[ 1 14],13,41,63,28,41
1,<environment.Job instance at 0x7f79e6af0500>,17,27,[9 3],18,63,90,45,61
1,<environment.Job instance at 0x7f79e6af0d20>,18,15,[13  3],19,90,105,71,88
1,<environment.Job instance at 0x7f79e5fdd190>,0,17,[8 1],1,1,18,0,1
1,<environment.Job instance at 0x7f79e5fdd2d0>,6,14,[ 4 10],7,7,21,0,7
1,<environment.Job instance at 0x7f79e5fdddc0>,8,12,[8 5],9,18,30,9,18
1,<environment.Job instance at 0x7f79e6e0e6e0>,13,16,[6 3],14,21,37,7,21
1,<environment.Job instance at 0x7f79e6e0e370>,23,22,[1 6],24,24,46,0,24
1,<environment.Job instance at 0x7f79e6e0ef50>,19,19,[7 4],20,30,49,10,30
1,<environment.Job instance at 0x7f79e6e22be0>,35,13,[6 4],36,37,50,1,37
1,<environment.Job instance at 0x7f79e6e22460>,39,18,[2 9],40,49,67,9,49
1,<environment.Job instance at 0x7f79e6e22640>,36,14,[10  3],37,50,64,13,50
1,<environment.Job instance at 0x7f79e6e22280>,41,13,[6 5],42,64,77,22,64
1,<environment.Job instance at 0x7f79e6984640>,43,14,[4 5],44,67,81,23,67
1,<environment.Job instance at 0x7f79e74c15f0>,47,15,[9 5],48,77,92,29,77
1,<environment.Job instance at 0x7f79e67f6870>,49,17,[1 7],50,81,98,31,81
1,<environment.Job instance at 0x7f79e681a140>,50,15,[5 1],51,81,96,30,81
1,<environment.Job instance at 0x7f79e63c1280>,1,15,[6 3],2,2,17,0,2
1,<environment.Job instance at 0x7f79e6273910>,3,18,[7 5],4,4,22,0,4
1,<environment.Job instance at 0x7f79e6273d70>,11,26,[ 4 10],12,17,43,5,14
1,<environment.Job instance at 0x7f79e7134500>,23,14,[1 5],24,28,42,4,28
1,<environment.Job instance at 0x7f79e71345a0>,24,12,[ 1 12],25,43,55,18,28
1,<environment.Job instance at 0x7f79e7134c80>,35,13,[1 7],36,55,68,19,44
1,<environment.Job instance at 0x7f79e71349b0>,28,15,[1 6],29,55,70,26,44
1,<environment.Job instance at 0x7f79e7134fa0>,38,14,[11  2],39,45,59,6,45
1,<environment.Job instance at 0x7f79e7134be0>,33,15,[7 4],34,68,83,34,55
1,<environment.Job instance at 0x7f79e7134b40>,32,12,[14  4],33,83,95,50,66
1,<environment.Job instance at 0x7f79e7142140>,41,13,[ 1 14],42,95,108,53,80
1,<environment.Job instance at 0x7f79e63ccaa0>,1,15,[6 3],2,2,17,0,2
1,<environment.Job instance at 0x7f79e63ccbe0>,3,18,[7 5],4,4,22,0,4
1,<environment.Job instance at 0x7f79e63db140>,9,17,[5 9],10,17,34,7,17
1,<environment.Job instance at 0x7f79e63cc7d0>,6,17,[10  3],7,22,39,15,22
1,<environment.Job instance at 0x7f79e74ca050>,23,14,[1 5],24,34,48,10,34
1,<environment.Job instance at 0x7f79e681a140>,28,15,[1 6],29,34,49,5,34
1,<environment.Job instance at 0x7f79e74c1820>,33,15,[7 4],34,39,54,5,39
1,<environment.Job instance at 0x7f79e6e22640>,42,13,[5 5],43,48,61,5,48
1,<environment.Job instance at 0x7f79e6af0c30>,35,13,[1 7],36,54,67,18,54
1,<environment.Job instance at 0x7f79e6e22730>,46,14,[6 4],47,61,75,14,61
1,<environment.Job instance at 0x7f79e6e0e190>,56,14,[ 4 10],57,67,81,10,67
1,<environment.Job instance at 0x7f79e6e0e140>,57,13,[6 2],58,75,88,17,75
1,<environment.Job instance at 0x7f79e6e0e500>,55,17,[2 9],56,81,98,25,81
1,<environment.Job instance at 0x7f79e6e0efa0>,61,18,[6 1],62,81,99,19,81
1,<environment.Job instance at 0x7f79e6e0e730>,68,17,[7 1],69,88,105,19,88
1,<environment.Job instance at 0x7f79e62737d0>,0,18,[ 2 10],1,1,19,0,1
1,<environment.Job instance at 0x7f79e5fdd0f0>,3,14,[6 5],4,4,18,0,4
1,<environment.Job instance at 0x7f79e5fdd820>,8,13,[9 4],9,18,31,9,18
1,<environment.Job instance at 0x7f79e5fdd2d0>,11,15,[4 5],12,19,34,7,19
1,<environment.Job instance at 0x7f79e5fdd370>,13,21,[1 6],14,19,40,5,19
1,<environment.Job instance at 0x7f79efd9f7d0>,5,15,[10  3],6,31,46,25,31
1,<environment.Job instance at 0x7f79e6e0e4b0>,16,16,[4 5],17,34,50,17,34
1,<environment.Job instance at 0x7f79e6e0eaa0>,27,13,[9 4],28,46,59,18,46
1,<environment.Job instance at 0x7f79e6e0ee60>,19,16,[ 5 10],20,50,66,30,50
1,<environment.Job instance at 0x7f79e6984640>,29,15,[7 3],30,59,74,29,59
1,<environment.Job instance at 0x7f79e6e0e7d0>,31,17,[4 5],32,66,83,34,66
1,<environment.Job instance at 0x7f79e6e0e1e0>,30,17,[4 7],31,66,83,35,66
1,<environment.Job instance at 0x7f79e6e0e140>,20,18,[7 3],21,74,92,53,74
1,<environment.Job instance at 0x7f79e63db730>,33,15,[4 9],34,83,98,49,83
1,<environment.Job instance at 0x7f79e5caa140>,0,21,[5 2],1,1,22,0,1
1,<environment.Job instance at 0x7f79e5caa410>,7,13,[7 4],8,8,21,0,8
1,<environment.Job instance at 0x7f79e6e0a500>,0,21,[5 2],1,1,22,0,1
1,<environment.Job instance at 0x7f79e6e0af50>,5,12,[3 6],6,6,18,0,6
1,<environment.Job instance at 0x7f79e6e0a230>,7,13,[7 4],8,8,21,0,8
1,<environment.Job instance at 0x7f79e5db9b40>,17,14,[2 6],18,18,32,0,18
1,<environment.Job instance at 0x7f79e5caa2d0>,12,14,[7 1],13,21,35,8,21
1,<environment.Job instance at 0x7f79e6984640>,10,15,[5 2],11,22,37,11,22
1,<environment.Job instance at 0x7f79e5d17a00>,30,18,[1 5],31,31,49,0,31
1,<environment.Job instance at 0x7f79e5d17be0>,27,20,[3 7],28,35,55,7,35
1,<environment.Job instance at 0x7f79e5d79c80>,42,12,[8 4],43,49,61,6,49
1,<environment.Job instance at 0x7f79e5d79f00>,35,13,[ 2 10],36,55,68,19,55
1,<environment.Job instance at 0x7f79e5d795f0>,44,13,[5 4],45,61,74,16,61
1,<environment.Job instance at 0x7f79e5d46640>,58,13,[5 3],59,68,81,9,68
1,<environment.Job instance at 0x7f79e5d79aa0>,51,16,[4 6],52,68,84,16,68
1,<environment.Job instance at 0x7f79e5d46320>,61,16,[5 1],62,74,90,12,74
1,<environment.Job instance at 0x7f79e5d4a140>,64,18,[2 8],65,81,99,16,81
1,<environment.Job instance at 0x7f79e5d79280>,45,14,[8 5],46,84,98,38,84
1,<environment.Job instance at 0x7f79f013a910>,1,13,[9 3],2,3,16,1,3
1,<environment.Job instance at 0x7f79f013a8c0>,4,13,[6 5],5,5,18,0,5
1,<environment.Job instance at 0x7f79f013a460>,7,14,[ 2 13],8,18,32,10,12
1,<environment.Job instance at 0x7f79f013a4b0>,11,17,[9 2],12,16,33,4,14
1,<environment.Job instance at 0x7f79f013a3c0>,14,18,[ 1 12],15,32,50,17,27
1,<environment.Job instance at 0x7f79f013a050>,13,16,[ 3 10],14,50,66,36,47
1,<environment.Job instance at 0x7f79f013ad70>,12,23,[13  4],13,66,89,53,60
1,<environment.Job instance at 0x7f79f013a500>,16,26,[ 1 10],17,69,95,52,69
1,<environment.Job instance at 0x7f79f013a230>,19,14,[5 4],20,89,103,69,87
1,<environment.Job instance at 0x7f79e61dc2d0>,1,13,[9 3],2,2,15,0,2
1,<environment.Job instance at 0x7f79e66d4b40>,3,15,[3 8],4,4,19,0,4
1,<environment.Job instance at 0x7f79efd9f0a0>,4,13,[6 5],5,15,28,10,15
1,<environment.Job instance at 0x7f79e62ecc30>,13,16,[ 3 10],14,19,35,5,19
1,<environment.Job instance at 0x7f79e62ec3c0>,19,14,[5 4],20,28,42,8,28
1,<environment.Job instance at 0x7f79e691a370>,30,13,[8 3],31,35,48,4,35
1,<environment.Job instance at 0x7f79e691a460>,40,13,[7 5],41,42,55,1,42
1,<environment.Job instance at 0x7f79e691a5a0>,44,15,[4 6],45,48,63,3,48
1,<environment.Job instance at 0x7f79e691a0a0>,48,14,[8 1],49,55,69,6,55
1,<environment.Job instance at 0x7f79e691a2d0>,49,16,[ 4 10],50,63,79,13,63
1,<environment.Job instance at 0x7f79e62ec4b0>,11,17,[9 2],12,69,86,57,69
1,<environment.Job instance at 0x7f79efb24f50>,59,13,[ 2 10],60,79,92,19,79
1,<environment.Job instance at 0x7f79e691aaf0>,47,17,[5 4],48,86,103,38,86
1,<environment.Job instance at 0x7f79e691a550>,45,22,[7 1],46,86,108,40,86
1,<environment.Job instance at 0x7f79e6170780>,3,14,[7 2],4,5,19,1,5
1,<environment.Job instance at 0x7f79e6170f00>,6,12,[6 1],7,7,19,0,7
1,<environment.Job instance at 0x7f79e61704b0>,9,20,[5 6],10,44,64,34,44
1,<environment.Job instance at 0x7f79e615d280>,3,14,[7 2],4,4,18,0,4
1,<environment.Job instance at 0x7f79e615db90>,6,12,[6 1],7,7,19,0,7
1,<environment.Job instance at 0x7f79efb24780>,13,14,[5 4],14,18,32,4,18
1,<environment.Job instance at 0x7f79efb24c30>,11,14,[3 8],12,18,32,6,18
1,<environment.Job instance at 0x7f79efb24410>,25,12,[6 4],26,32,44,6,32
1,<environment.Job instance at 0x7f79efb242d0>,19,16,[9 2],20,32,48,12,32
1,<environment.Job instance at 0x7f79efb24dc0>,12,16,[6 5],13,44,60,31,44
1,<environment.Job instance at 0x7f79e691adc0>,34,17,[3 9],35,48,65,13,48
1,<environment.Job instance at 0x7f79efb24c80>,10,15,[10  1],11,60,75,49,60
1,<environment.Job instance at 0x7f79e691ac30>,41,17,[2 7],42,65,82,23,65
1,<environment.Job instance at 0x7f79e62ec140>,57,21,[2 5],58,66,87,8,66
1,<environment.Job instance at 0x7f79e691a820>,43,17,[8 3],44,76,93,32,76
1,<environment.Job instance at 0x7f79e62ec870>,50,14,[7 4],51,88,102,37,88
1,<environment.Job instance at 0x7f79e685e140>,2,18,[5 4],3,3,21,0,3
1,<environment.Job instance at 0x7f79e685eaf0>,4,13,[1 6],5,6,19,1,6
1,<environment.Job instance at 0x7f79e685ed20>,14,21,[9 1],15,16,37,1,16
1,<environment.Job instance at 0x7f79e685e1e0>,6,22,[2 6],7,21,43,14,17
1,<environment.Job instance at 0x7f79e6c83f50>,17,12,[4 5],18,23,35,5,23
1,<environment.Job instance at 0x7f79e62ece60>,2,18,[5 4],3,3,21,0,3
1,<environment.Job instance at 0x7f79e62ec5f0>,4,13,[1 6],5,5,18,0,5
1,<environment.Job instance at 0x7f79e62ec550>,8,17,[7 4],9,9,26,0,9
1,<environment.Job instance at 0x7f79efb24690>,17,12,[4 5],18,21,33,3,21
1,<environment.Job instance at 0x7f79efb24c30>,24,12,[ 5 10],25,28,40,3,28
1,<environment.Job instance at 0x7f79efb246e0>,26,16,[8 4],27,33,49,6,33
1,<environment.Job instance at 0x7f79efb24910>,15,16,[4 9],16,42,58,26,42
1,<environment.Job instance at 0x7f79e6312f00>,37,14,[9 5],38,49,63,11,49
1,<environment.Job instance at 0x7f79e685e730>,32,20,[5 8],33,58,78,25,58
1,<environment.Job instance at 0x7f79e6312be0>,42,17,[6 4],43,63,80,20,63
1,<environment.Job instance at 0x7f79e6312780>,47,12,[5 1],48,79,91,31,79
1,<environment.Job instance at 0x7f79e6312aa0>,44,21,[ 3 10],45,79,100,34,79
1,<environment.Job instance at 0x7f79e6470fa0>,48,21,[7 1],49,81,102,32,81
1,<environment.Job instance at 0x7f79e73a64b0>,1,14,[5 7],2,2,16,0,2
1,<environment.Job instance at 0x7f79e73a6eb0>,3,13,[8 1],4,4,17,0,4
1,<environment.Job instance at 0x7f79e73a6f00>,11,19,[6 1],12,16,35,4,14
1,<environment.Job instance at 0x7f79e662a780>,14,14,[ 1 11],15,17,31,2,17
1,<environment.Job instance at 0x7f79e73a6f50>,12,12,[2 5],13,31,43,18,18
1,<environment.Job instance at 0x7f79e5dfc460>,1,14,[5 7],2,2,16,0,2
1,<environment.Job instance at 0x7f79e5dfcd20>,2,16,[4 6],3,3,19,0,3
1,<environment.Job instance at 0x7f79efb24280>,11,19,[6 1],12,12,31,0,12
1,<environment.Job instance at 0x7f79efb24320>,12,12,[2 5],13,16,28,3,16
1,<environment.Job instance at 0x7f79e5dfc870>,3,13,[8 1],4,28,41,24,28
1,<environment.Job instance at 0x7f79eff4a280>,5,16,[ 3 10],6,31,47,25,31
1,<environment.Job instance at 0x7f79e662ab40>,23,14,[10  4],24,42,56,18,42
1,<environment.Job instance at 0x7f79e73a6140>,27,18,[1 9],28,48,66,20,48
1,<environment.Job instance at 0x7f79e703c5a0>,33,16,[7 5],34,56,72,22,56
1,<environment.Job instance at 0x7f79e703cdc0>,35,12,[8 3],36,66,78,30,66
1,<environment.Job instance at 0x7f79e703c2d0>,32,18,[5 2],33,72,90,39,72
1,<environment.Job instance at 0x7f79e703cc30>,40,13,[9 1],41,78,91,37,78
1,<environment.Job instance at 0x7f79e663b640>,0,15,[5 6],1,1,16,0,1
1,<environment.Job instance at 0x7f79e63bee10>,3,22,[6 2],4,4,26,0,4
1,<environment.Job instance at 0x7f79e63e0640>,8,15,[ 1 12],9,16,31,7,14
1,<environment.Job instance at 0x7f79e63e0a00>,10,28,[7 1],11,32,60,21,32
1,<environment.Job instance at 0x7f79e6d9eb40>,14,28,[2 9],15,44,72,29,44
1,<environment.Job instance at 0x7f79e5dfc5f0>,9,20,[5 6],10,60,80,50,60
1,<environment.Job instance at 0x7f79e6d9ec80>,15,19,[ 4 14],16,86,105,70,86
1,<environment.Job instance at 0x7f79e64a6f00>,0,15,[5 6],1,1,16,0,1
1,<environment.Job instance at 0x7f79e64a6cd0>,1,21,[4 9],2,2,23,0,2
1,<environment.Job instance at 0x7f79e64a6af0>,9,20,[5 6],10,16,36,6,16
1,<environment.Job instance at 0x7f79e703cc30>,20,17,[2 9],21,23,40,2,23
1,<environment.Job instance at 0x7f79e703cd70>,23,15,[10  1],24,36,51,12,36
1,<environment.Job instance at 0x7f79e703ca50>,25,12,[1 9],26,40,52,14,40
1,<environment.Job instance at 0x7f79e703c9b0>,28,18,[5 2],29,51,69,22,51
1,<environment.Job instance at 0x7f79e64a6d70>,17,20,[6 4],18,51,71,33,51
1,<environment.Job instance at 0x7f79e73a6780>,35,14,[3 9],36,52,66,16,52
1,<environment.Job instance at 0x7f79e662ab40>,37,17,[4 7],38,66,83,28,66
1,<environment.Job instance at 0x7f79e662a820>,36,12,[10  1],37,71,83,34,71
1,<environment.Job instance at 0x7f79efb241e0>,43,13,[9 2],44,83,96,39,83
1,<environment.Job instance at 0x7f79e703cdc0>,27,13,[5 8],28,83,96,55,83
1,<environment.Job instance at 0x7f79e6981500>,4,12,[5 1],5,5,17,0,5
1,<environment.Job instance at 0x7f79e6981640>,6,12,[4 8],7,7,19,0,7
1,<environment.Job instance at 0x7f79efcc09b0>,7,14,[1 9],8,19,33,11,8
1,<environment.Job instance at 0x7f79efcc0780>,12,12,[1 6],13,13,25,0,13
1,<environment.Job instance at 0x7f79e6998e10>,16,19,[6 2],17,25,44,8,17
1,<environment.Job instance at 0x7f79e6998eb0>,13,17,[5 5],14,33,50,19,23
1,<environment.Job instance at 0x7f79e635f370>,0,18,[3 9],1,1,19,0,1
1,<environment.Job instance at 0x7f79e635f910>,4,12,[5 1],5,5,17,0,5
1,<environment.Job instance at 0x7f79e635f460>,11,18,[10  5],12,17,35,5,17
1,<environment.Job instance at 0x7f79e6c804b0>,6,12,[4 8],7,19,31,12,19
1,<environment.Job instance at 0x7f79e6e69410>,12,12,[1 6],13,31,43,18,31
1,<environment.Job instance at 0x7f79e6e57cd0>,22,12,[5 2],23,35,47,12,35
1,<environment.Job instance at 0x7f79e6e575f0>,21,13,[7 2],22,35,48,13,35
1,<environment.Job instance at 0x7f79e66c8a00>,7,14,[1 9],8,43,57,35,43
1,<environment.Job instance at 0x7f79e6e57b40>,26,15,[6 2],27,47,62,20,47
1,<environment.Job instance at 0x7f79e69cf3c0>,35,13,[8 4],36,48,61,12,48
1,<environment.Job instance at 0x7f79e6c0dcd0>,19,14,[9 3],20,61,75,41,61
1,<environment.Job instance at 0x7f79e6e57550>,23,15,[3 9],24,62,77,38,62
1,<environment.Job instance at 0x7f79e69ab280>,48,14,[6 1],49,75,89,26,75
1,<environment.Job instance at 0x7f79e66e1640>,13,17,[5 5],14,75,92,61,75
1,<environment.Job instance at 0x7f79e6c37460>,45,15,[3 6],46,77,92,31,77
1,<environment.Job instance at 0x7f79e6335cd0>,53,15,[7 2],54,89,104,35,89
1,<environment.Job instance at 0x7f79e6c9fdc0>,7,27,[9 5],8,8,35,0,8
1,<environment.Job instance at 0x7f79e6c9f140>,8,18,[ 3 11],9,35,53,26,29
1,<environment.Job instance at 0x7f79eff4a2d0>,6,25,[6 3],7,33,58,26,33
1,<environment.Job instance at 0x7f79e659ed20>,12,12,[9 4],13,53,65,40,38
1,<environment.Job instance at 0x7f79e6c9f460>,11,23,[3 9],12,58,81,46,52
1,<environment.Job instance at 0x7f79e659e5f0>,14,17,[ 4 14],15,81,98,66,72
1,<environment.Job instance at 0x7f79e5fda780>,10,12,[9 5],11,11,23,0,11
1,<environment.Job instance at 0x7f79e634a7d0>,13,21,[1 8],14,14,35,0,14
1,<environment.Job instance at 0x7f79e634a0a0>,12,12,[9 4],13,23,35,10,23
1,<environment.Job instance at 0x7f79e6267c80>,26,12,[2 6],27,35,47,8,35
1,<environment.Job instance at 0x7f79e632cd70>,19,12,[10  2],20,35,47,15,35
1,<environment.Job instance at 0x7f79e634ac80>,17,13,[3 7],18,35,48,17,35
1,<environment.Job instance at 0x7f79e6e58870>,32,13,[9 1],33,47,60,14,47
1,<environment.Job instance at 0x7f79e65643c0>,40,12,[1 8],41,48,60,7,48
1,<environment.Job instance at 0x7f79e67660a0>,35,13,[5 7],36,60,73,24,60
1,<environment.Job instance at 0x7f79e6564fa0>,41,14,[7 4],42,60,74,18,60
1,<environment.Job instance at 0x7f79e6c37190>,43,15,[2 7],44,73,88,29,73
1,<environment.Job instance at 0x7f79e6c37c30>,49,15,[7 2],50,74,89,24,74
1,<environment.Job instance at 0x7f79e6c377d0>,44,16,[3 5],45,74,90,29,74
1,<environment.Job instance at 0x7f79e6c37e10>,50,16,[10  4],51,89,105,38,89
1,<environment.Job instance at 0x7f79e6359460>,0,12,[5 8],1,1,13,0,1
1,<environment.Job instance at 0x7f79e6540910>,5,12,[ 2 14],6,13,25,7,6
1,<environment.Job instance at 0x7f79e65314b0>,13,12,[13  2],14,25,37,11,17
1,<environment.Job instance at 0x7f79e65319b0>,15,26,[2 8],16,25,51,9,23
1,<environment.Job instance at 0x7f79e6531960>,17,12,[10  2],18,37,49,19,24
1,<environment.Job instance at 0x7f79e6531e60>,20,15,[1 6],21,49,64,28,35
1,<environment.Job instance at 0x7f79e6531d20>,26,12,[12  5],27,51,63,24,35
1,<environment.Job instance at 0x7f79e6531460>,27,12,[ 3 12],28,64,76,36,47
1,<environment.Job instance at 0x7f79e6531b90>,25,13,[12  1],26,64,77,38,64
1,<environment.Job instance at 0x7f79e6531280>,28,19,[3 5],29,76,95,47,66
1,<environment.Job instance at 0x7f79e6531f00>,30,14,[4 6],31,77,91,46,66
1,<environment.Job instance at 0x7f79e6531050>,33,16,[8 4],34,77,93,43,67
1,<environment.Job instance at 0x7f79e6531af0>,36,12,[ 2 10],37,93,105,56,76
1,<environment.Job instance at 0x7f79e60cfbe0>,0,12,[5 8],1,1,13,0,1
1,<environment.Job instance at 0x7f79e5cb79b0>,1,20,[10  3],2,2,22,0,2
1,<environment.Job instance at 0x7f79e5cb7b40>,12,16,[ 5 10],13,13,29,0,13
1,<environment.Job instance at 0x7f79e629fdc0>,17,12,[10  2],18,22,34,4,22
1,<environment.Job instance at 0x7f79e629ffa0>,20,15,[1 6],21,29,44,8,29
1,<environment.Job instance at 0x7f79e629fb90>,19,16,[3 6],20,29,45,9,29
1,<environment.Job instance at 0x7f79e5cb7aa0>,4,21,[10  1],5,34,55,29,34
1,<environment.Job instance at 0x7f79e629f190>,30,14,[4 6],31,45,59,14,45
1,<environment.Job instance at 0x7f79e629f5a0>,24,13,[7 5],25,55,68,30,55
1,<environment.Job instance at 0x7f79e6c37230>,36,12,[ 2 10],37,59,71,22,59
1,<environment.Job instance at 0x7f79e67660a0>,43,13,[7 4],44,68,81,24,68
1,<environment.Job instance at 0x7f79e6774cd0>,47,12,[ 4 10],48,71,83,23,71
1,<environment.Job instance at 0x7f79e6c37370>,32,15,[9 2],33,81,96,48,81
1,<environment.Job instance at 0x7f79e6774410>,48,14,[4 9],49,83,97,34,83
1,<environment.Job instance at 0x7f79e6a31a00>,0,14,[2 9],1,1,15,0,1
1,<environment.Job instance at 0x7f79e6a313c0>,4,23,[7 1],5,5,28,0,5
1,<environment.Job instance at 0x7f79e6a31eb0>,8,19,[2 6],9,15,34,6,10
1,<environment.Job instance at 0x7f79e6a31a50>,10,18,[1 7],11,15,33,4,11
1,<environment.Job instance at 0x7f79e6531410>,0,14,[2 9],1,1,15,0,1
1,<environment.Job instance at 0x7f79e5fda7d0>,8,19,[2 6],9,9,28,0,9
1,<environment.Job instance at 0x7f79e634a0a0>,13,17,[2 8],14,15,32,1,15
1,<environment.Job instance at 0x7f79e6349640>,18,14,[1 7],19,28,42,9,28
1,<environment.Job instance at 0x7f79e6512c30>,23,13,[9 1],24,32,45,8,32
1,<environment.Job instance at 0x7f79e634aa00>,10,18,[1 7],11,32,50,21,32
1,<environment.Job instance at 0x7f79e5fc66e0>,11,19,[4 6],12,42,61,30,42
1,<environment.Job instance at 0x7f79e65643c0>,30,18,[8 2],31,45,63,14,45
1,<environment.Job instance at 0x7f79e629f5a0>,38,17,[6 1],39,61,78,22,61
1,<environment.Job instance at 0x7f79e629fd70>,40,15,[8 2],41,63,78,22,63
1,<environment.Job instance at 0x7f79e60cfbe0>,46,12,[3 5],47,78,90,31,78
1,<environment.Job instance at 0x7f79e5cb7780>,51,14,[6 5],52,78,92,26,78
1,<environment.Job instance at 0x7f79e629f960>,48,14,[6 1],49,78,92,29,78
1,<environment.Job instance at 0x7f79e74c14b0>,0,15,[5 8],1,1,16,0,1
1,<environment.Job instance at 0x7f79e611dd20>,16,23,[5 1],17,17,40,0,17
1,<environment.Job instance at 0x7f79e5c455a0>,18,28,[6 3],19,19,47,0,19
1,<environment.Job instance at 0x7f79e5c453c0>,19,13,[14  3],20,47,60,27,34
1,<environment.Job instance at 0x7f79e6d4a960>,10,25,[ 1 14],11,61,86,50,61
1,<environment.Job instance at 0x7f79e629f550>,0,15,[5 8],1,1,16,0,1
1,<environment.Job instance at 0x7f79e629f140>,1,17,[9 2],2,2,19,0,2
1,<environment.Job instance at 0x7f79e629fa00>,8,14,[5 7],9,16,30,7,16
1,<environment.Job instance at 0x7f79e65855a0>,12,12,[10  5],13,19,31,6,19
1,<environment.Job instance at 0x7f79e649f7d0>,29,17,[2 8],30,30,47,0,30
1,<environment.Job instance at 0x7f79e629f9b0>,7,15,[6 1],8,31,46,23,31
1,<environment.Job instance at 0x7f79e693a780>,32,13,[5 1],33,33,46,0,33
1,<environment.Job instance at 0x7f79e70116e0>,31,12,[10  3],32,46,58,14,46
1,<environment.Job instance at 0x7f79e5eb4320>,37,18,[5 3],38,47,65,9,47
1,<environment.Job instance at 0x7f79e5eb46e0>,34,13,[9 5],35,58,71,23,58
1,<environment.Job instance at 0x7f79e6de24b0>,47,14,[1 8],48,65,79,17,65
1,<environment.Job instance at 0x7f79e6e678c0>,59,12,[9 1],60,72,84,12,72
1,<environment.Job instance at 0x7f79e5fad3c0>,63,14,[1 7],64,79,93,15,79
1,<environment.Job instance at 0x7f79e5eb40a0>,38,15,[9 3],39,84,99,45,84
1,<environment.Job instance at 0x7f79e5c95eb0>,0,12,[2 5],1,1,13,0,1
1,<environment.Job instance at 0x7f79e5c95690>,1,13,[9 3],2,2,15,0,2
1,<environment.Job instance at 0x7f79e6daefa0>,4,14,[8 5],5,15,29,10,5
1,<environment.Job instance at 0x7f79e6d896e0>,7,13,[5 9],8,13,26,5,8
1,<environment.Job instance at 0x7f79efb28f00>,10,13,[5 1],11,26,39,15,11
1,<environment.Job instance at 0x7f79efb289b0>,13,14,[12  1],14,39,53,25,28
1,<environment.Job instance at 0x7f79e6a95910>,15,18,[1 8],16,30,48,14,30
1,<environment.Job instance at 0x7f79e6d89460>,12,16,[13  2],13,53,69,40,41
1,<environment.Job instance at 0x7f79e6a955a0>,16,25,[ 4 13],17,69,94,52,67
1,<environment.Job instance at 0x7f79e624ea50>,0,12,[2 5],1,1,13,0,1
1,<environment.Job instance at 0x7f79e624eaa0>,1,13,[9 3],2,2,15,0,2
1,<environment.Job instance at 0x7f79e71b27d0>,7,13,[5 9],8,13,26,5,13
1,<environment.Job instance at 0x7f79e71b2460>,10,13,[5 1],11,15,28,4,15
1,<environment.Job instance at 0x7f79e5fad370>,19,13,[6 2],20,26,39,6,26
1,<environment.Job instance at 0x7f79e5fadfa0>,15,18,[1 8],16,26,44,10,26
1,<environment.Job instance at 0x7f79e60db500>,4,14,[8 5],5,28,42,23,28
1,<environment.Job instance at 0x7f79e6e67b90>,29,12,[5 6],30,42,54,12,42
1,<environment.Job instance at 0x7f79e6e67190>,26,16,[2 6],27,44,60,17,44
1,<environment.Job instance at 0x7f79e6e40910>,32,17,[5 1],33,44,61,11,44
1,<environment.Job instance at 0x7f79e6a3c820>,28,17,[5 5],29,54,71,25,54
1,<environment.Job instance at 0x7f79e6da2690>,37,14,[3 8],38,60,74,22,60
1,<environment.Job instance at 0x7f79e6e40be0>,34,15,[9 5],35,71,86,36,71
1,<environment.Job instance at 0x7f79e693a780>,44,12,[5 1],45,74,86,29,74
1,<environment.Job instance at 0x7f79e60bb4b0>,49,12,[6 1],50,86,98,36,86
1,<environment.Job instance at 0x7f79e649f2d0>,58,14,[8 5],59,86,100,27,86
1,<environment.Job instance at 0x7f74863ddc30>,6,20,[6 1],7,7,27,0,7
1,<environment.Job instance at 0x7f74863e0280>,15,18,[ 2 14],16,16,34,0,16
1,<environment.Job instance at 0x7f74863dde60>,14,13,[7 3],15,34,47,19,21
1,<environment.Job instance at 0x7f74863e03c0>,16,16,[ 3 11],17,34,50,17,27
1,<environment.Job instance at 0x7f74863e01e0>,13,18,[ 4 14],14,50,68,36,39
1,<environment.Job instance at 0x7f74863e0910>,24,13,[ 3 14],25,68,81,43,64
1,<environment.Job instance at 0x7f74863e04b0>,19,14,[ 3 11],20,81,95,61,74
1,<environment.Job instance at 0x7f74863e0960>,25,23,[ 3 13],26,95,118,69,89
1,<environment.Job instance at 0x7f74863ebe60>,0,13,[9 3],1,1,14,0,1
1,<environment.Job instance at 0x7f74863ed050>,2,22,[4 8],3,3,25,0,3
1,<environment.Job instance at 0x7f74863ed780>,14,13,[7 3],15,15,28,0,15
1,<environment.Job instance at 0x7f748fa5d780>,23,18,[2 7],24,25,43,1,25
1,<environment.Job instance at 0x7f74863ed410>,6,20,[6 1],7,25,45,18,25
1,<environment.Job instance at 0x7f74863ed280>,4,21,[1 6],5,28,49,23,28
1,<environment.Job instance at 0x7f74863d5960>,33,16,[2 8],34,43,59,9,43
1,<environment.Job instance at 0x7f7486564140>,45,13,[6 5],46,49,62,3,49
1,<environment.Job instance at 0x7f748654e140>,56,12,[3 6],57,59,71,2,59
1,<environment.Job instance at 0x7f74864fdaf0>,58,14,[2 7],59,62,76,3,62
1,<environment.Job instance at 0x7f74868adaa0>,40,15,[10  3],41,71,86,30,71
1,<environment.Job instance at 0x7f7486511500>,53,17,[5 7],54,77,94,23,77
1,<environment.Job instance at 0x7f74864d3dc0>,35,15,[9 5],36,87,102,51,87
1,<environment.Job instance at 0x7f748654ac80>,59,17,[1 6],60,94,111,34,94
1,<environment.Job instance at 0x7f7486482320>,62,18,[5 3],63,94,112,31,94
1,<environment.Job instance at 0x7f7485b84f00>,4,12,[4 6],5,5,17,0,5
1,<environment.Job instance at 0x7f7485b2a9b0>,8,21,[ 1 10],9,17,38,8,9
1,<environment.Job instance at 0x7f74863ed870>,0,18,[2 7],1,1,19,0,1
1,<environment.Job instance at 0x7f74863ed410>,4,12,[4 6],5,5,17,0,5
1,<environment.Job instance at 0x7f748fa5d2d0>,9,14,[10  4],10,17,31,7,17
1,<environment.Job instance at 0x7f74863ed7d0>,1,18,[ 1 10],2,19,37,17,19
1,<environment.Job instance at 0x7f7485c02370>,21,13,[7 4],22,31,44,9,31
1,<environment.Job instance at 0x7f7485c02be0>,28,15,[8 3],29,37,52,8,37
1,<environment.Job instance at 0x7f7485bff140>,15,16,[7 5],16,44,60,28,44
1,<environment.Job instance at 0x7f7485cdb640>,27,16,[8 1],28,52,68,24,52
1,<environment.Job instance at 0x7f7485b9d500>,40,13,[7 4],41,60,73,19,60
1,<environment.Job instance at 0x7f7485b8ec80>,34,16,[4 7],35,68,84,33,68
1,<environment.Job instance at 0x7f7485ba4820>,50,14,[1 8],51,73,87,22,73
1,<environment.Job instance at 0x7f7485cf17d0>,56,14,[9 5],57,84,98,27,84
1,<environment.Job instance at 0x7f7485ba8e60>,59,15,[1 7],60,87,102,27,87
1,<environment.Job instance at 0x7f7485baeaa0>,62,13,[3 8],63,98,111,35,98
1,<environment.Job instance at 0x7f74859dbb40>,0,14,[2 7],1,1,15,0,1
1,<environment.Job instance at 0x7f74859db1e0>,5,16,[2 8],6,6,22,0,6
1,<environment.Job instance at 0x7f74859dbe10>,7,13,[ 4 12],8,22,35,14,9
1,<environment.Job instance at 0x7f74859db910>,10,25,[7 2],11,15,40,4,11
1,<environment.Job instance at 0x7f7485b2caa0>,26,13,[6 3],27,59,72,32,59
1,<environment.Job instance at 0x7f7485b2c6e0>,17,14,[ 1 10],18,59,73,41,59
1,<environment.Job instance at 0x7f7485b2cbe0>,27,13,[7 4],28,72,85,44,60
1,<environment.Job instance at 0x7f7485b2cd70>,23,14,[10  1],24,85,99,61,77
1,<environment.Job instance at 0x7f74859ddc30>,37,16,[2 8],38,77,93,39,77
1,<environment.Job instance at 0x7f74859ddc80>,44,16,[7 4],45,99,115,54,86
1,<environment.Job instance at 0x7f74859dde10>,45,28,[ 4 11],46,94,122,48,94
1,<environment.Job instance at 0x7f74859d2460>,0,14,[2 7],1,1,15,0,1
1,<environment.Job instance at 0x7f7485a85f50>,5,16,[2 8],6,6,22,0,6
1,<environment.Job instance at 0x7f74859cf640>,12,13,[9 4],13,15,28,2,15
1,<environment.Job instance at 0x7f74859cda00>,17,14,[ 1 10],18,22,36,4,22
1,<environment.Job instance at 0x7f74859cd370>,26,13,[6 3],27,28,41,1,28
1,<environment.Job instance at 0x7f74859cd320>,20,14,[6 1],21,28,42,7,28
1,<environment.Job instance at 0x7f74859cdbe0>,22,16,[3 8],23,36,52,13,36
1,<environment.Job instance at 0x7f74859cd280>,27,13,[7 4],28,42,55,14,42
1,<environment.Job instance at 0x7f7485a480f0>,37,16,[2 8],38,52,68,14,52
1,<environment.Job instance at 0x7f7485a45190>,52,14,[5 5],53,55,69,2,55
1,<environment.Job instance at 0x7f7485a42500>,60,14,[2 7],61,68,82,7,68
1,<environment.Job instance at 0x7f74859cde60>,23,14,[10  1],24,69,83,45,69
1,<environment.Job instance at 0x7f7485a42870>,66,15,[3 6],67,69,84,2,69
1,<environment.Job instance at 0x7f7485a27960>,68,16,[2 6],69,82,98,13,82
1,<environment.Job instance at 0x7f7485a33a50>,75,13,[4 8],76,84,97,8,84
1,<environment.Job instance at 0x7f7485a33be0>,76,13,[5 8],77,97,110,20,97
1,<environment.Job instance at 0x7f7485a33cd0>,81,15,[6 1],82,97,112,15,97
1,<environment.Job instance at 0x7f7485a134b0>,86,13,[2 5],87,98,111,11,98
1,<environment.Job instance at 0x7f7485a07690>,4,24,[5 5],5,5,29,0,5
1,<environment.Job instance at 0x7f748606c960>,7,22,[3 9],8,8,30,0,8
1,<environment.Job instance at 0x7f748606c280>,11,15,[ 2 11],12,56,71,44,56
1,<environment.Job instance at 0x7f748606c500>,9,14,[14  2],10,71,85,61,56
1,<environment.Job instance at 0x7f748606c230>,14,18,[12  5],15,85,103,70,75
1,<environment.Job instance at 0x7f7485a42230>,2,17,[9 4],3,3,20,0,3
1,<environment.Job instance at 0x7f7485a48500>,7,22,[3 9],8,8,30,0,8
1,<environment.Job instance at 0x7f74859cf370>,21,15,[5 5],22,22,37,0,22
1,<environment.Job instance at 0x7f7485a48960>,24,20,[6 1],25,25,45,0,25
1,<environment.Job instance at 0x7f74859cf3c0>,23,13,[4 8],24,30,43,6,30
1,<environment.Job instance at 0x7f7486322500>,40,13,[1 6],41,43,56,2,43
1,<environment.Job instance at 0x7f7485e905f0>,42,20,[8 1],43,43,63,0,43
1,<environment.Job instance at 0x7f7485e90b40>,46,20,[5 7],47,47,67,0,47
1,<environment.Job instance at 0x7f7485e90af0>,48,14,[8 3],49,63,77,14,63
1,<environment.Job instance at 0x7f7485b7d4b0>,54,15,[5 5],55,67,82,12,67
1,<environment.Job instance at 0x7f7485e90d20>,47,16,[5 4],48,77,93,29,77
1,<environment.Job instance at 0x7f7485e90fa0>,52,18,[3 6],53,77,95,24,77
1,<environment.Job instance at 0x7f7485b7d320>,56,16,[3 9],57,93,109,36,93
1,<environment.Job instance at 0x7f7485ee4460>,65,14,[8 5],66,95,109,29,95
1,<environment.Job instance at 0x7f74859f4c30>,1,13,[4 9],2,2,15,0,2
1,<environment.Job instance at 0x7f7485dbb4b0>,5,14,[ 2 10],6,15,29,9,6
1,<environment.Job instance at 0x7f7485a42cd0>,8,22,[12  3],9,15,37,6,11
1,<environment.Job instance at 0x7f74859efeb0>,1,13,[4 9],2,2,15,0,2
1,<environment.Job instance at 0x7f7485f6c870>,13,21,[8 1],14,14,35,0,14
1,<environment.Job instance at 0x7f7485f6ccd0>,12,13,[ 1 10],13,15,28,2,15
1,<environment.Job instance at 0x7f74859ef820>,5,14,[ 2 10],6,28,42,22,28
1,<environment.Job instance at 0x7f7485f6cbe0>,17,14,[6 4],18,35,49,17,35
1,<environment.Job instance at 0x7f7485f6c190>,9,14,[ 5 10],10,42,56,32,42
1,<environment.Job instance at 0x7f7485f6cc80>,15,15,[8 4],16,49,64,33,49
1,<environment.Job instance at 0x7f7485ee40a0>,32,15,[5 8],33,56,71,23,56
1,<environment.Job instance at 0x7f7485b7d910>,36,14,[5 7],37,64,78,27,64
1,<environment.Job instance at 0x7f7485e90b40>,43,12,[10  3],44,71,83,27,71
1,<environment.Job instance at 0x7f7485e90e60>,46,16,[2 9],47,78,94,31,78
1,<environment.Job instance at 0x7f7485e90640>,47,14,[5 6],48,83,97,35,83
1,<environment.Job instance at 0x7f7485b7d3c0>,35,16,[6 3],36,94,110,58,94
1,<environment.Job instance at 0x7f7485bfc960>,56,14,[ 4 10],57,97,111,40,97
1,<environment.Job instance at 0x7f7485e0e550>,0,15,[5 1],1,1,16,0,1
1,<environment.Job instance at 0x7f7485e0e190>,6,14,[5 9],7,7,21,0,7
1,<environment.Job instance at 0x7f7485e76fa0>,8,12,[2 5],9,9,21,0,9
1,<environment.Job instance at 0x7f7485e76be0>,9,16,[6 5],10,21,37,11,10
1,<environment.Job instance at 0x7f7485e76730>,13,22,[10  2],14,37,59,23,30
1,<environment.Job instance at 0x7f7485e76550>,10,23,[ 2 11],11,37,60,26,31
1,<environment.Job instance at 0x7f7485e767d0>,16,18,[7 5],17,60,78,43,49
1,<environment.Job instance at 0x7f7485e76230>,19,22,[3 8],20,60,82,40,55
1,<environment.Job instance at 0x7f7485e76460>,20,19,[4 9],21,82,101,61,73
1,<environment.Job instance at 0x7f7485e76b90>,21,12,[10  2],22,78,90,56,73
1,<environment.Job instance at 0x7f7485e76870>,14,27,[11  3],15,90,117,75,88
1,<environment.Job instance at 0x7f7485e76140>,23,24,[ 2 10],24,101,125,77,97
1,<environment.Job instance at 0x7f7485dbbeb0>,0,15,[5 1],1,1,16,0,1
1,<environment.Job instance at 0x7f7485a480f0>,1,18,[5 9],2,2,20,0,2
1,<environment.Job instance at 0x7f7485a48410>,8,12,[2 5],9,9,21,0,9
1,<environment.Job instance at 0x7f7486847050>,6,14,[5 9],7,20,34,13,20
1,<environment.Job instance at 0x7f7485a48960>,9,16,[6 5],10,21,37,11,21
1,<environment.Job instance at 0x7f7485bfc230>,16,18,[7 5],17,34,52,17,34
1,<environment.Job instance at 0x7f7485e0e500>,26,18,[6 4],27,37,55,10,37
1,<environment.Job instance at 0x7f7486bca730>,31,16,[7 3],32,52,68,20,52
1,<environment.Job instance at 0x7f7486bcac80>,33,15,[ 3 10],34,55,70,21,55
1,<environment.Job instance at 0x7f7486bd7320>,21,12,[10  2],22,68,80,46,68
1,<environment.Job instance at 0x7f7485bfc4b0>,17,18,[5 9],18,70,88,52,70
1,<environment.Job instance at 0x7f7486bcac30>,41,15,[6 3],42,80,95,38,80
1,<environment.Job instance at 0x7f7485d8dd20>,63,14,[1 5],64,88,102,24,88
1,<environment.Job instance at 0x7f7485d8ddc0>,65,18,[1 7],66,88,106,22,88
1,<environment.Job instance at 0x7f7485db4230>,46,17,[10  3],47,95,112,48,95
1,<environment.Job instance at 0x7f7485e780a0>,1,18,[6 1],2,2,20,0,2
1,<environment.Job instance at 0x7f7485ab06e0>,8,17,[7 1],9,14,31,5,14
1,<environment.Job instance at 0x7f7485ab0780>,11,26,[5 4],12,20,46,8,20
1,<environment.Job instance at 0x7f7485ab0960>,12,21,[6 4],13,31,52,18,23
1,<environment.Job instance at 0x7f7485ab08c0>,10,14,[12  4],11,52,66,41,38
1,<environment.Job instance at 0x7f7485ab0a00>,13,26,[1 6],14,45,71,31,45
1,<environment.Job instance at 0x7f7485ab0dc0>,18,12,[11  4],19,66,78,47,58
1,<environment.Job instance at 0x7f7485ab0d20>,17,16,[ 4 10],18,71,87,53,58
1,<environment.Job instance at 0x7f7485a8b370>,23,13,[1 5],24,78,91,54,62
1,<environment.Job instance at 0x7f7485ab0f50>,20,14,[ 3 13],21,91,105,70,76
1,<environment.Job instance at 0x7f7485a8b280>,24,20,[13  1],25,105,125,80,97
1,<environment.Job instance at 0x7f7485e4d730>,1,18,[6 1],2,2,20,0,2
1,<environment.Job instance at 0x7f7485e4d5f0>,2,19,[1 7],3,3,22,0,3
1,<environment.Job instance at 0x7f7485e7ac80>,8,17,[7 1],9,9,26,0,9
1,<environment.Job instance at 0x7f7485e7a640>,19,17,[5 5],20,20,37,0,20
1,<environment.Job instance at 0x7f7485e7a5a0>,23,13,[1 5],24,26,39,2,26
1,<environment.Job instance at 0x7f7485e7a0a0>,21,15,[9 4],22,26,41,4,26
1,<environment.Job instance at 0x7f7485d8d8c0>,29,16,[4 9],30,39,55,9,39
1,<environment.Job instance at 0x7f7485d8dd20>,33,14,[6 5],34,41,55,7,41
1,<environment.Job instance at 0x7f7486f1ab90>,35,15,[10  3],36,55,70,19,55
1,<environment.Job instance at 0x7f7485e7a550>,17,16,[ 4 10],18,55,71,37,55
1,<environment.Job instance at 0x7f7485db4a00>,38,13,[9 4],39,70,83,31,70
1,<environment.Job instance at 0x7f7485db4230>,41,15,[4 5],42,71,86,29,71
1,<environment.Job instance at 0x7f7485db4280>,46,16,[4 5],47,83,99,36,83
1,<environment.Job instance at 0x7f7486bca8c0>,50,18,[7 3],51,83,101,32,83
1,<environment.Job instance at 0x7f7486bca5a0>,49,16,[ 5 10],50,99,115,49,99
1,<environment.Job instance at 0x7f748648c730>,5,16,[10  2],6,6,22,0,6
1,<environment.Job instance at 0x7f74863af730>,3,25,[13  4],4,22,47,18,19
1,<environment.Job instance at 0x7f74866fafa0>,25,12,[3 6],26,47,59,21,32
1,<environment.Job instance at 0x7f7485b265f0>,30,15,[5 2],31,47,62,16,33
1,<environment.Job instance at 0x7f7485b26820>,41,16,[14  1],42,62,78,20,55
1,<environment.Job instance at 0x7f7485a8b230>,1,20,[5 6],2,2,22,0,2
1,<environment.Job instance at 0x7f7485a485a0>,5,16,[10  2],6,6,22,0,6
1,<environment.Job instance at 0x7f7486befd70>,9,13,[8 2],10,22,35,12,22
1,<environment.Job instance at 0x7f7485a488c0>,13,16,[6 3],14,22,38,8,22
1,<environment.Job instance at 0x7f7485a48910>,12,15,[9 3],13,35,50,22,35
1,<environment.Job instance at 0x7f7486bd0e60>,25,12,[3 6],26,38,50,12,38
1,<environment.Job instance at 0x7f7485e30aa0>,27,13,[7 4],28,50,63,22,50
1,<environment.Job instance at 0x7f7486bcab40>,30,15,[5 2],31,50,65,19,50
1,<environment.Job instance at 0x7f7486bca640>,32,14,[7 1],33,63,77,30,63
1,<environment.Job instance at 0x7f7485a484b0>,8,17,[5 5],9,65,82,56,65
1,<environment.Job instance at 0x7f7486bca190>,37,14,[2 6],38,65,79,27,65
1,<environment.Job instance at 0x7f7485a48550>,10,19,[8 4],11,77,96,66,77
1,<environment.Job instance at 0x7f7486f1ad20>,50,18,[1 5],51,82,100,31,82
1,<environment.Job instance at 0x7f7485d8daa0>,62,12,[8 4],63,97,109,34,97
1,<environment.Job instance at 0x7f7485e7a230>,64,13,[5 4],65,97,110,32,97
1,<environment.Job instance at 0x7f7485d66d20>,8,16,[1 5],9,9,25,0,9
1,<environment.Job instance at 0x7f7485d66550>,11,13,[9 3],12,85,98,73,85
1,<environment.Job instance at 0x7f74860455a0>,4,17,[10  5],5,5,22,0,5
1,<environment.Job instance at 0x7f7486d92140>,5,17,[3 6],6,6,23,0,6
1,<environment.Job instance at 0x7f7486141190>,11,13,[9 3],12,22,35,10,22
1,<environment.Job instance at 0x7f7486045460>,8,16,[1 5],9,22,38,13,22
1,<environment.Job instance at 0x7f74867c3370>,14,13,[6 5],15,35,48,20,35
1,<environment.Job instance at 0x7f7486f54730>,29,14,[5 4],30,35,49,5,35
1,<environment.Job instance at 0x7f748f5edbe0>,40,13,[8 3],41,48,61,7,48
1,<environment.Job instance at 0x7f74862a6af0>,13,15,[3 8],14,49,64,35,49
1,<environment.Job instance at 0x7f748654fe10>,50,13,[7 5],51,61,74,10,61
1,<environment.Job instance at 0x7f74867582d0>,54,15,[4 6],55,64,79,9,64
1,<environment.Job instance at 0x7f7485e7ae60>,58,14,[8 1],59,74,88,15,74
1,<environment.Job instance at 0x7f7485df38c0>,23,16,[ 3 10],24,79,95,55,79
1,<environment.Job instance at 0x7f7485e7a3c0>,57,17,[5 4],58,88,105,30,88
1,<environment.Job instance at 0x7f7485e7a910>,69,13,[ 2 10],70,95,108,25,95
1,<environment.Job instance at 0x7f74862f30f0>,3,14,[7 2],4,6,20,2,6
1,<environment.Job instance at 0x7f74862f3dc0>,6,12,[6 1],7,7,19,0,7
1,<environment.Job instance at 0x7f74869b9b40>,11,14,[3 8],12,19,33,7,12
1,<environment.Job instance at 0x7f74862f36e0>,10,15,[10  1],11,20,35,9,13
1,<environment.Job instance at 0x7f74869b9dc0>,13,14,[5 4],14,33,47,19,18
1,<environment.Job instance at 0x7f74869b9230>,12,16,[6 5],13,35,51,22,25
1,<environment.Job instance at 0x7f74869b99b0>,14,12,[ 3 12],15,51,63,36,34
1,<environment.Job instance at 0x7f7485e8ccd0>,3,14,[7 2],4,4,18,0,4
1,<environment.Job instance at 0x7f7485fe5190>,6,12,[6 1],7,7,19,0,7
1,<environment.Job instance at 0x7f74858a35f0>,13,14,[5 4],14,18,32,4,18
1,<environment.Job instance at 0x7f7486bed500>,11,14,[3 8],12,18,32,6,18
1,<environment.Job instance at 0x7f74859b0870>,25,12,[6 4],26,32,44,6,32
1,<environment.Job instance at 0x7f7485869640>,19,16,[9 2],20,32,48,12,32
1,<environment.Job instance at 0x7f7486bed410>,12,16,[6 5],13,44,60,31,44
1,<environment.Job instance at 0x7f74857ec050>,34,17,[3 9],35,48,65,13,48
1,<environment.Job instance at 0x7f7485fe5aa0>,10,15,[10  1],11,60,75,49,60
1,<environment.Job instance at 0x7f7485ad7190>,41,17,[2 7],42,65,82,23,65
1,<environment.Job instance at 0x7f7486853b90>,57,21,[2 5],58,66,87,8,66
1,<environment.Job instance at 0x7f7485ad7f00>,43,17,[8 3],44,76,93,32,76
1,<environment.Job instance at 0x7f748653de10>,50,14,[7 4],51,88,102,37,88
1,<environment.Job instance at 0x7f7485dd1cd0>,60,14,[2 7],61,93,107,32,93
1,<environment.Job instance at 0x7f7486a561e0>,0,19,[6 2],1,1,20,0,1
1,<environment.Job instance at 0x7f7485c8c7d0>,4,21,[9 1],5,8,29,3,8
1,<environment.Job instance at 0x7f748643c870>,7,12,[4 5],8,20,32,12,12
1,<environment.Job instance at 0x7f74869ba690>,11,22,[1 8],12,24,46,12,24
1,<environment.Job instance at 0x7f74864413c0>,27,14,[9 5],28,38,52,10,38
1,<environment.Job instance at 0x7f7486c10730>,26,23,[ 2 12],27,52,75,25,46
1,<environment.Job instance at 0x7f7485fcdbe0>,31,27,[5 2],32,46,73,14,46
1,<environment.Job instance at 0x7f7486813910>,37,12,[5 1],38,65,77,27,65
1,<environment.Job instance at 0x7f7486f55870>,38,21,[7 1],39,73,94,34,65
1,<environment.Job instance at 0x7f748629cbe0>,42,21,[1 6],43,75,96,32,68
1,<environment.Job instance at 0x7f748604e8c0>,59,13,[7 2],60,77,90,17,68
1,<environment.Job instance at 0x7f7486fdb370>,81,14,[5 7],82,90,104,8,82
1,<environment.Job instance at 0x7f7486fdbfa0>,82,16,[4 6],83,96,112,13,83
1,<environment.Job instance at 0x7f74867b3af0>,0,19,[6 2],1,1,20,0,1
1,<environment.Job instance at 0x7f74861600a0>,4,21,[9 1],5,5,26,0,5
1,<environment.Job instance at 0x7f7485d89550>,7,12,[4 5],8,20,32,12,20
1,<environment.Job instance at 0x7f7486141a50>,14,12,[ 5 10],15,26,38,11,26
1,<environment.Job instance at 0x7f7486032870>,27,14,[9 5],28,32,46,4,32
1,<environment.Job instance at 0x7f7486e9a640>,5,16,[4 9],6,38,54,32,38
1,<environment.Job instance at 0x7f7485d89c30>,16,16,[8 4],17,46,62,29,46
1,<environment.Job instance at 0x7f7485ad7f00>,37,12,[5 1],38,54,66,16,54
1,<environment.Job instance at 0x7f7486e0e5f0>,42,21,[1 6],43,55,76,12,55
1,<environment.Job instance at 0x7f74857ed3c0>,44,14,[5 7],45,62,76,17,62
1,<environment.Job instance at 0x7f7486e0e690>,43,15,[8 1],44,66,81,22,66
1,<environment.Job instance at 0x7f74857e5c80>,32,17,[6 4],33,77,94,44,77
1,<environment.Job instance at 0x7f7486f55550>,55,20,[1 8],56,77,97,21,77
1,<environment.Job instance at 0x7f7485e3c410>,57,17,[7 2],58,81,98,23,81
1,<environment.Job instance at 0x7f7485e3c9b0>,56,18,[5 4],57,94,112,37,94
1,<environment.Job instance at 0x7f7485d89280>,11,22,[1 8],12,97,119,85,97
1,<environment.Job instance at 0x7f7486feadc0>,59,13,[7 2],60,98,111,38,98
1,<environment.Job instance at 0x7f7486d5bbe0>,3,14,[10  4],4,7,21,3,7
1,<environment.Job instance at 0x7f7486d5b690>,7,18,[1 9],8,8,26,0,8
1,<environment.Job instance at 0x7f7485594500>,8,19,[3 6],9,21,40,12,11
1,<environment.Job instance at 0x7f7485594140>,15,12,[8 3],16,26,38,10,16
1,<environment.Job instance at 0x7f7485594be0>,13,16,[7 5],14,38,54,24,25
1,<environment.Job instance at 0x7f7486e1e730>,34,19,[5 2],35,38,57,3,35
1,<environment.Job instance at 0x7f7496e0bfa0>,20,13,[9 1],21,54,67,33,39
1,<environment.Job instance at 0x7f748f809370>,36,12,[3 6],37,40,52,3,39
1,<environment.Job instance at 0x7f7485b861e0>,37,14,[12  5],38,67,81,29,52
1,<environment.Job instance at 0x7f7486ddf960>,38,14,[12  2],39,81,95,42,67
1,<environment.Job instance at 0x7f74863edd70>,31,12,[12  5],32,95,107,63,80
1,<environment.Job instance at 0x7f7486ddfeb0>,40,12,[9 5],41,107,119,66,91
1,<environment.Job instance at 0x7f74861ba960>,3,14,[10  4],4,4,18,0,4
1,<environment.Job instance at 0x7f74861ba0a0>,4,19,[4 7],5,5,24,0,5
1,<environment.Job instance at 0x7f74861c97d0>,15,12,[8 3],16,18,30,2,18
1,<environment.Job instance at 0x7f748619c1e0>,19,16,[4 8],20,24,40,4,24
1,<environment.Job instance at 0x7f74861a31e0>,25,12,[3 5],26,30,42,4,30
1,<environment.Job instance at 0x7f74861c91e0>,12,18,[5 2],13,30,48,17,30
1,<environment.Job instance at 0x7f74861c9140>,13,16,[7 5],14,40,56,26,40
1,<environment.Job instance at 0x7f74861aadc0>,36,12,[3 6],37,48,60,11,48
1,<environment.Job instance at 0x7f74861a2dc0>,40,12,[9 5],41,57,69,16,57
1,<environment.Job instance at 0x7f74861aca50>,7,18,[1 9],8,60,78,52,60
1,<environment.Job instance at 0x7f7485db71e0>,44,12,[8 3],45,69,81,24,69
1,<environment.Job instance at 0x7f7485db74b0>,46,17,[5 5],47,78,95,31,78
1,<environment.Job instance at 0x7f748619c780>,20,13,[9 1],21,81,94,60,81
1,<environment.Job instance at 0x7f7485d96320>,52,14,[6 3],53,94,108,41,94
1,<environment.Job instance at 0x7f7485db7dc0>,48,14,[8 5],49,95,109,46,95
1,<environment.Job instance at 0x7f7486b6fdc0>,5,14,[3 9],6,6,20,0,6
1,<environment.Job instance at 0x7f7486b6f5a0>,7,17,[4 7],8,20,37,12,8
1,<environment.Job instance at 0x7f7486b6f230>,13,13,[9 2],14,14,27,0,14
1,<environment.Job instance at 0x7f7486b6fe10>,12,22,[11  5],13,97,119,84,97
1,<environment.Job instance at 0x7f7486189c80>,5,14,[3 9],6,6,20,0,6
1,<environment.Job instance at 0x7f7486189730>,6,12,[10  1],7,7,19,0,7
1,<environment.Job instance at 0x7f74863d4c30>,13,13,[9 2],14,19,32,5,19
1,<environment.Job instance at 0x7f7486189d20>,10,16,[ 1 10],11,20,36,9,20
1,<environment.Job instance at 0x7f748620fc80>,18,16,[7 4],19,32,48,13,32
1,<environment.Job instance at 0x7f7486df1aa0>,30,13,[1 9],31,36,49,5,36
1,<environment.Job instance at 0x7f7486df1cd0>,31,12,[5 2],32,36,48,4,36
1,<environment.Job instance at 0x7f74859c9af0>,32,18,[7 1],33,48,66,15,48
1,<environment.Job instance at 0x7f74864f4eb0>,22,15,[1 7],23,49,64,26,49
1,<environment.Job instance at 0x7f748575dfa0>,38,16,[4 5],39,49,65,10,49
1,<environment.Job instance at 0x7f7486189cd0>,7,17,[4 7],8,64,81,56,64
1,<environment.Job instance at 0x7f74864b68c0>,42,16,[9 3],43,66,82,23,66
1,<environment.Job instance at 0x7f74863f6870>,51,16,[2 7],52,81,97,29,81
1,<environment.Job instance at 0x7f748631ee10>,46,17,[4 7],47,82,99,35,82
1,<environment.Job instance at 0x7f7486333c30>,40,17,[6 3],41,97,114,56,97
1,<environment.Job instance at 0x7f74863d8b40>,64,12,[5 1],65,99,111,34,99
1,<environment.Job instance at 0x7f7485bbcc80>,66,12,[4 8],67,99,111,32,99
1,<environment.Job instance at 0x7f7486b4ebe0>,1,22,[5 2],2,2,24,0,2
1,<environment.Job instance at 0x7f74856064b0>,3,20,[6 2],4,4,24,0,4
1,<environment.Job instance at 0x7f7485606cd0>,5,15,[3 6],6,6,21,0,6
1,<environment.Job instance at 0x7f748603a820>,13,15,[7 2],14,24,39,10,14
1,<environment.Job instance at 0x7f74856062d0>,7,28,[7 5],8,24,52,16,23
1,<environment.Job instance at 0x7f7486b995a0>,21,16,[ 2 13],22,52,68,30,52
1,<environment.Job instance at 0x7f748f5f8cd0>,22,23,[7 1],23,52,75,29,52
1,<environment.Job instance at 0x7f7486663d20>,18,26,[2 8],19,68,94,49,67
1,<environment.Job instance at 0x7f7486b99d20>,23,13,[13  4],24,75,88,51,73
1,<environment.Job instance at 0x7f7486663fa0>,20,21,[ 1 12],21,94,115,73,86
1,<environment.Job instance at 0x7f7486b99780>,24,18,[14  3],25,99,117,74,99
1,<environment.Job instance at 0x7f74867db230>,1,22,[5 2],2,2,24,0,2
1,<environment.Job instance at 0x7f74867db5f0>,3,20,[6 2],4,4,24,0,4
1,<environment.Job instance at 0x7f74867db8c0>,5,15,[3 6],6,6,21,0,6
1,<environment.Job instance at 0x7f74867dbaf0>,8,14,[6 1],9,24,38,15,24
1,<environment.Job instance at 0x7f74867db0a0>,13,15,[7 2],14,24,39,10,24
1,<environment.Job instance at 0x7f748615b280>,28,15,[ 2 10],29,29,44,0,29
1,<environment.Job instance at 0x7f74863fa4b0>,19,21,[6 1],20,38,59,18,38
1,<environment.Job instance at 0x7f74863d80a0>,25,15,[6 5],26,44,59,18,44
1,<environment.Job instance at 0x7f74867badc0>,42,15,[4 7],43,59,74,16,59
1,<environment.Job instance at 0x7f748615bc80>,30,17,[10  3],31,59,76,28,59
1,<environment.Job instance at 0x7f74867ba640>,43,22,[3 5],44,74,96,30,74
1,<environment.Job instance at 0x7f74863d4460>,60,12,[9 5],61,76,88,15,76
1,<environment.Job instance at 0x7f7485b830f0>,69,12,[10  2],70,88,100,18,88
1,<environment.Job instance at 0x7f7486b4e690>,67,13,[3 7],68,96,109,28,96
1,<environment.Job instance at 0x7f7485b83050>,76,12,[2 6],77,96,108,19,96
1,<environment.Job instance at 0x7f74862f7c80>,14,19,[5 2],15,16,35,1,16
1,<environment.Job instance at 0x7f74862f7e60>,16,13,[4 5],17,32,45,15,32
1,<environment.Job instance at 0x7f74862f7d20>,15,12,[3 7],16,32,44,16,32
1,<environment.Job instance at 0x7f74862f7be0>,12,16,[ 4 12],13,45,61,32,32
1,<environment.Job instance at 0x7f74862e70f0>,20,14,[9 2],21,44,58,23,32
1,<environment.Job instance at 0x7f74862e7eb0>,40,12,[5 8],41,61,73,20,46
1,<environment.Job instance at 0x7f7486aa7dc0>,0,16,[10  4],1,1,17,0,1
1,<environment.Job instance at 0x7f7486aa7a50>,2,17,[3 9],3,3,20,0,3
1,<environment.Job instance at 0x7f7485b83eb0>,16,13,[4 5],17,17,30,0,17
1,<environment.Job instance at 0x7f7486aa75a0>,15,12,[3 7],16,20,32,4,20
1,<environment.Job instance at 0x7f7486aa7550>,14,19,[5 2],15,20,39,5,20
1,<environment.Job instance at 0x7f7485b83500>,18,19,[5 5],19,30,49,11,30
1,<environment.Job instance at 0x7f7485b83d20>,21,15,[3 7],22,32,47,10,32
1,<environment.Job instance at 0x7f7485b83780>,20,14,[9 2],21,47,61,26,47
1,<environment.Job instance at 0x7f7486b4e870>,27,15,[1 6],28,47,62,19,47
1,<environment.Job instance at 0x7f74860d5dc0>,24,18,[3 6],25,49,67,24,49
1,<environment.Job instance at 0x7f74856ef0a0>,32,15,[9 3],33,61,76,28,61
1,<environment.Job instance at 0x7f7486189780>,40,12,[5 8],41,67,79,26,67
1,<environment.Job instance at 0x7f748666e230>,31,16,[5 1],32,77,93,45,77
1,<environment.Job instance at 0x7f7486b995f0>,26,15,[4 9],27,79,94,52,79
1,<environment.Job instance at 0x7f748575dfa0>,54,22,[6 2],55,80,102,25,80
1,<environment.Job instance at 0x7f74867badc0>,52,16,[ 5 10],53,94,110,41,94
1,<environment.Job instance at 0x7f7486aeb500>,2,19,[5 7],3,4,23,1,4
1,<environment.Job instance at 0x7f7486aeb460>,5,14,[3 5],6,6,20,0,6
1,<environment.Job instance at 0x7f7486aebdc0>,8,15,[12  1],9,23,38,14,11
1,<environment.Job instance at 0x7f7486aeb280>,10,12,[3 5],11,20,32,9,12
1,<environment.Job instance at 0x7f7486aeb2d0>,11,24,[ 2 11],12,32,56,20,27
1,<environment.Job instance at 0x7f74859d69b0>,15,15,[7 1],16,38,53,22,36
1,<environment.Job instance at 0x7f74859d6b40>,23,18,[ 2 12],24,56,74,32,49
1,<environment.Job instance at 0x7f74856830a0>,28,24,[2 6],29,74,98,45,73
1,<environment.Job instance at 0x7f74856834b0>,30,14,[2 9],31,87,101,56,87
1,<environment.Job instance at 0x7f7485683500>,31,27,[2 5],32,99,126,67,99
1,<environment.Job instance at 0x7f7486fe20f0>,2,19,[5 7],3,3,22,0,3
1,<environment.Job instance at 0x7f74856ef0a0>,5,14,[3 5],6,6,20,0,6
1,<environment.Job instance at 0x7f7485683be0>,15,15,[7 1],16,16,31,0,16
1,<environment.Job instance at 0x7f7486b71e60>,10,12,[3 5],11,20,32,9,20
1,<environment.Job instance at 0x7f7486aeb230>,17,17,[5 5],18,22,39,4,22
1,<environment.Job instance at 0x7f748607f870>,22,18,[2 5],23,31,49,8,31
1,<environment.Job instance at 0x7f748607f190>,24,15,[2 5],25,32,47,7,32
1,<environment.Job instance at 0x7f748607fd20>,25,15,[7 2],26,39,54,13,39
1,<environment.Job instance at 0x7f748605aa00>,30,14,[2 9],31,49,63,18,49
1,<environment.Job instance at 0x7f74859fd820>,47,15,[9 5],48,54,69,6,54
1,<environment.Job instance at 0x7f74859fd0a0>,48,14,[1 7],49,63,77,14,63
1,<environment.Job instance at 0x7f748607f2d0>,16,16,[8 4],17,70,86,53,70
1,<environment.Job instance at 0x7f7486aebd20>,14,15,[ 1 10],15,78,93,63,78
1,<environment.Job instance at 0x7f74859fdbe0>,53,13,[9 1],54,86,99,32,86
1,<environment.Job instance at 0x7f74859fdf50>,43,17,[2 8],44,93,110,49,93
1,<environment.Job instance at 0x7f74859fdc30>,49,19,[4 5],50,93,112,43,93
1,<environment.Job instance at 0x7f7486fb1f00>,1,22,[5 4],2,2,24,0,2
1,<environment.Job instance at 0x7f7486fb1370>,2,19,[7 5],3,3,22,0,3
1,<environment.Job instance at 0x7f7486ad85a0>,18,13,[2 8],19,22,35,3,22
1,<environment.Job instance at 0x7f7486ad8780>,8,15,[4 5],9,24,39,15,24
1,<environment.Job instance at 0x7f74856780a0>,21,17,[9 2],22,24,41,2,24
1,<environment.Job instance at 0x7f7485678140>,27,15,[6 1],28,39,54,11,39
1,<environment.Job instance at 0x7f7485678690>,28,14,[5 7],29,41,55,12,41
1,<environment.Job instance at 0x7f7486ad87d0>,14,16,[3 6],15,41,57,26,41
1,<environment.Job instance at 0x7f74856781e0>,32,12,[10  5],33,55,67,22,55
1,<environment.Job instance at 0x7f7486ad8690>,20,15,[5 8],21,57,72,36,57
1,<environment.Job instance at 0x7f748607fd20>,40,16,[8 1],41,67,83,26,67
1,<environment.Job instance at 0x7f748607f2d0>,52,13,[5 1],53,72,85,19,72
1,<environment.Job instance at 0x7f748607fdc0>,49,17,[2 8],50,72,89,22,72
1,<environment.Job instance at 0x7f7486b94a50>,57,18,[5 3],58,83,101,25,83
1,<environment.Job instance at 0x7f74863186e0>,51,12,[10  3],52,89,101,37,89
1,<environment.Job instance at 0x7f7486f2e2d0>,0,12,[ 5 10],1,1,13,0,1
1,<environment.Job instance at 0x7f7486ba49b0>,10,12,[2 5],11,11,23,0,11
1,<environment.Job instance at 0x7f74862b4410>,20,13,[5 1],21,29,42,8,29
1,<environment.Job instance at 0x7f748631e460>,0,12,[ 5 10],1,1,13,0,1
1,<environment.Job instance at 0x7f748631ec30>,10,12,[2 5],11,11,23,0,11
1,<environment.Job instance at 0x7f748631efa0>,11,13,[9 3],12,13,26,1,13
1,<environment.Job instance at 0x7f748631ee10>,6,19,[2 8],7,23,42,16,23
1,<environment.Job instance at 0x7f748631e780>,14,14,[8 5],15,26,40,11,26
1,<environment.Job instance at 0x7f7486511690>,17,13,[5 9],18,42,55,24,42
1,<environment.Job instance at 0x7f7486511190>,20,13,[5 1],21,42,55,21,42
1,<environment.Job instance at 0x7f7486b940f0>,29,13,[6 2],30,55,68,25,55
1,<environment.Job instance at 0x7f7486b945f0>,25,18,[1 8],26,55,73,29,55
1,<environment.Job instance at 0x7f74863186e0>,33,18,[6 3],34,55,73,21,55
1,<environment.Job instance at 0x7f7486b94460>,36,16,[2 6],37,73,89,36,73
1,<environment.Job instance at 0x7f7485a03e10>,39,12,[5 6],40,73,85,33,73
1,<environment.Job instance at 0x7f7486524c30>,38,17,[5 5],39,85,102,46,85
1,<environment.Job instance at 0x7f748607f910>,42,17,[5 1],43,85,102,42,85
1,<environment.Job instance at 0x7f748631ea50>,1,20,[5 8],2,89,109,87,89
1,<environment.Job instance at 0x7f7485f192d0>,6,13,[11  3],7,7,20,0,7
1,<environment.Job instance at 0x7f7485f19550>,9,13,[6 2],10,20,33,10,10
1,<environment.Job instance at 0x7f7485f43c30>,2,19,[ 1 11],3,14,33,11,14
1,<environment.Job instance at 0x7f748631e7d0>,1,27,[9 3],2,33,60,31,33
1,<environment.Job instance at 0x7f7485f19500>,15,15,[7 3],16,60,75,44,48
1,<environment.Job instance at 0x7f7485f43230>,13,14,[ 2 13],14,75,89,61,63
1,<environment.Job instance at 0x7f7485f19320>,16,22,[10  2],17,75,97,58,68
1,<environment.Job instance at 0x7f7485f19050>,18,18,[3 9],19,89,107,70,78
1,<environment.Job instance at 0x7f7485f19fa0>,21,15,[11  1],22,97,112,75,83
1,<environment.Job instance at 0x7f7485f19d20>,17,16,[2 7],18,107,123,89,95
1,<environment.Job instance at 0x7f7486b94fa0>,9,13,[6 2],10,10,23,0,10
1,<environment.Job instance at 0x7f748631e780>,15,15,[7 3],16,16,31,0,16
1,<environment.Job instance at 0x7f74862e7960>,17,16,[2 7],18,18,34,0,18
1,<environment.Job instance at 0x7f748631e820>,24,18,[5 3],25,25,43,0,25
1,<environment.Job instance at 0x7f74862d5410>,32,18,[5 2],33,33,51,0,33
1,<environment.Job instance at 0x7f7485c7c910>,33,16,[ 1 10],34,34,50,0,34
1,<environment.Job instance at 0x7f7485f434b0>,35,12,[9 5],36,50,62,14,50
1,<environment.Job instance at 0x7f7485f43960>,34,12,[ 2 10],35,51,63,16,51
1,<environment.Job instance at 0x7f7485c68f50>,43,15,[8 1],44,62,77,18,62
1,<environment.Job instance at 0x7f7486ddb6e0>,56,15,[7 3],57,63,78,6,63
1,<environment.Job instance at 0x7f7486ddb230>,67,16,[ 3 10],68,78,94,10,78
1,<environment.Job instance at 0x7f7486ddb9b0>,68,13,[8 2],69,78,91,9,78
1,<environment.Job instance at 0x7f7485f0ec30>,71,15,[3 5],72,91,106,19,91
1,<environment.Job instance at 0x7f7485f0eaa0>,72,13,[6 5],73,94,107,21,94
1,<environment.Job instance at 0x7f7486ddb190>,64,19,[5 1],65,94,113,29,94
1,<environment.Job instance at 0x7f74864a8be0>,3,13,[1 6],4,4,17,0,4
1,<environment.Job instance at 0x7f74864a8eb0>,7,21,[2 8],8,8,29,0,8
1,<environment.Job instance at 0x7f74864a8dc0>,12,18,[1 5],13,17,35,4,14
1,<environment.Job instance at 0x7f74864a8d70>,5,17,[1 6],6,29,46,23,17
1,<environment.Job instance at 0x7f74864af3c0>,14,25,[14  2],15,35,60,20,32
1,<environment.Job instance at 0x7f74864af500>,17,18,[8 1],18,60,78,42,49
1,<environment.Job instance at 0x7f74864af320>,15,17,[ 3 12],16,60,77,44,50
1,<environment.Job instance at 0x7f74864af780>,20,14,[ 1 13],21,77,91,56,66
1,<environment.Job instance at 0x7f74864af4b0>,16,16,[ 4 14],17,91,107,74,79
1,<environment.Job instance at 0x7f74864afa50>,22,26,[11  1],23,81,107,58,81
1,<environment.Job instance at 0x7f74864af730>,21,13,[ 5 14],22,107,120,85,94
1,<environment.Job instance at 0x7f7485b20280>,0,15,[9 4],1,1,16,0,1
1,<environment.Job instance at 0x7f748638b7d0>,3,13,[1 6],4,4,17,0,4
1,<environment.Job instance at 0x7f748638b960>,4,12,[10  3],5,16,28,11,16
1,<environment.Job instance at 0x7f748638bfa0>,5,17,[1 6],6,16,33,10,16
1,<environment.Job instance at 0x7f7485f0e910>,12,18,[1 5],13,17,35,4,17
1,<environment.Job instance at 0x7f7485f0eaa0>,17,18,[8 1],18,28,46,10,28
1,<environment.Job instance at 0x7f7486ddb230>,24,18,[3 8],25,33,51,8,33
1,<environment.Job instance at 0x7f7486ddb960>,31,12,[6 3],32,46,58,14,46
1,<environment.Job instance at 0x7f7486ddbb40>,29,17,[6 2],30,46,63,16,46
1,<environment.Job instance at 0x7f7486ddb7d0>,30,15,[2 6],31,51,66,20,51
1,<environment.Job instance at 0x7f7486ddba50>,34,17,[7 1],35,58,75,23,58
1,<environment.Job instance at 0x7f7486ddb690>,39,18,[1 6],40,63,81,23,63
1,<environment.Job instance at 0x7f7486ddb320>,42,16,[4 6],43,66,82,23,66
1,<environment.Job instance at 0x7f7486ddb3c0>,37,17,[9 2],38,75,92,37,75
1,<environment.Job instance at 0x7f748638b1e0>,7,21,[2 8],8,82,103,74,82
1,<environment.Job instance at 0x7f7485c68a00>,51,12,[4 5],52,82,94,30,82
1,<environment.Job instance at 0x7f7485f0ee60>,13,21,[9 2],14,92,113,78,92
1,<environment.Job instance at 0x7fdd5bebac30>,6,20,[6 1],7,7,27,0,7
1,<environment.Job instance at 0x7fdd5bebae60>,14,13,[7 3],15,17,30,2,17
1,<environment.Job instance at 0x7fdd5bebd280>,15,18,[ 2 14],16,41,59,25,41
1,<environment.Job instance at 0x7fdd5beca1e0>,0,13,[9 3],1,1,14,0,1
1,<environment.Job instance at 0x7fdd5beca5f0>,2,22,[4 8],3,3,25,0,3
1,<environment.Job instance at 0x7fdd5becac30>,14,13,[7 3],15,15,28,0,15
1,<environment.Job instance at 0x7fdd5c05b640>,23,18,[2 7],24,25,43,1,25
1,<environment.Job instance at 0x7fdd5beca8c0>,6,20,[6 1],7,25,45,18,25
1,<environment.Job instance at 0x7fdd5beca730>,4,21,[1 6],5,28,49,23,28
1,<environment.Job instance at 0x7fdd5c09f690>,33,16,[2 8],34,43,59,9,43
1,<environment.Job instance at 0x7fdd5bf40b40>,45,13,[6 5],46,49,62,3,49
1,<environment.Job instance at 0x7fdd5bf7c9b0>,56,12,[3 6],57,59,71,2,59
1,<environment.Job instance at 0x7fdd5bf7cc30>,58,14,[2 7],59,62,76,3,62
1,<environment.Job instance at 0x7fdd5bf4d3c0>,40,15,[10  3],41,71,86,30,71
1,<environment.Job instance at 0x7fdd5bf5ff00>,53,17,[5 7],54,77,94,23,77
1,<environment.Job instance at 0x7fdd5beb2b90>,35,15,[9 5],36,87,102,51,87
1,<environment.Job instance at 0x7fdd5bf7c5f0>,59,17,[1 6],60,94,111,34,94
1,<environment.Job instance at 0x7fdd5bf7c230>,62,18,[5 3],63,94,112,31,94
1,<environment.Job instance at 0x7fdd5bf4e870>,77,13,[8 5],78,102,115,24,102
1,<environment.Job instance at 0x7fdd5b5fad70>,5,16,[7 5],6,6,22,0,6
1,<environment.Job instance at 0x7fdd5b605d70>,3,15,[12  1],4,22,37,18,12
1,<environment.Job instance at 0x7fdd5b5fa910>,4,14,[ 2 11],5,22,36,17,13
1,<environment.Job instance at 0x7fdd5b607730>,14,19,[ 3 12],15,36,55,21,26
1,<environment.Job instance at 0x7fdd5b607190>,11,13,[7 4],12,55,68,43,43
1,<environment.Job instance at 0x7fdd5b607eb0>,15,18,[13  4],16,68,86,52,58
1,<environment.Job instance at 0x7fdd5b607a50>,17,16,[8 1],18,86,102,68,73
1,<environment.Job instance at 0x7fdd5b607910>,18,15,[8 3],19,102,117,83,88
1,<environment.Job instance at 0x7fdd5b607b90>,19,17,[8 1],20,117,134,97,107
1,<environment.Job instance at 0x7fdd5bf7ccd0>,0,21,[6 5],1,1,22,0,1
1,<environment.Job instance at 0x7fdd5becac80>,5,16,[7 5],6,6,22,0,6
1,<environment.Job instance at 0x7fdd5beca780>,11,13,[7 4],12,22,35,10,22
1,<environment.Job instance at 0x7fdd5beca190>,18,15,[8 3],19,22,37,3,22
1,<environment.Job instance at 0x7fdd5b6de910>,24,16,[4 7],25,35,51,10,35
1,<environment.Job instance at 0x7fdd5b7fc370>,17,16,[8 1],18,37,53,19,37
1,<environment.Job instance at 0x7fdd5b6e3190>,30,13,[7 4],31,51,64,20,51
1,<environment.Job instance at 0x7fdd5b6725a0>,40,14,[1 8],41,53,67,12,53
1,<environment.Job instance at 0x7fdd6554a370>,20,18,[6 1],21,53,71,32,53
1,<environment.Job instance at 0x7fdd5beca500>,19,17,[8 1],20,64,81,44,64
1,<environment.Job instance at 0x7fdd5b682b90>,49,15,[1 7],50,71,86,21,71
1,<environment.Job instance at 0x7fdd5b66f320>,53,13,[3 5],54,81,94,27,81
1,<environment.Job instance at 0x7fdd5b66f960>,52,13,[3 8],53,86,99,33,86
1,<environment.Job instance at 0x7fdd5b6eba50>,67,17,[8 2],68,86,103,18,86
1,<environment.Job instance at 0x7fdd5b80bcd0>,69,16,[5 8],70,99,115,29,99
1,<environment.Job instance at 0x7fdd5b80baf0>,70,13,[8 5],71,103,116,32,103
1,<environment.Job instance at 0x7fdd5b5ab280>,0,14,[6 1],1,1,15,0,1
1,<environment.Job instance at 0x7fdd5b5abaf0>,6,13,[6 3],7,7,20,0,7
1,<environment.Job instance at 0x7fdd5b5aba00>,7,13,[7 4],8,15,28,7,8
1,<environment.Job instance at 0x7fdd5b5ab8c0>,9,20,[1 7],10,10,30,0,10
1,<environment.Job instance at 0x7fdd5b5abd20>,14,22,[11  1],15,28,50,13,21
1,<environment.Job instance at 0x7fdd5b5ab640>,15,22,[ 1 13],16,30,52,14,24
1,<environment.Job instance at 0x7fdd5b5ab820>,5,15,[13  5],6,52,67,46,38
1,<environment.Job instance at 0x7fdd5b4e7280>,17,16,[2 8],18,54,70,36,54
1,<environment.Job instance at 0x7fdd5b4e7550>,23,21,[12  3],24,67,88,43,60
1,<environment.Job instance at 0x7fdd5b4e7a50>,24,16,[7 4],25,88,104,63,75
1,<environment.Job instance at 0x7fdd5b4e7460>,25,28,[ 4 11],26,91,119,65,91
1,<environment.Job instance at 0x7fdd5b5ab4b0>,0,14,[6 1],1,1,15,0,1
1,<environment.Job instance at 0x7fdd5b5ab410>,2,16,[3 8],3,3,19,0,3
1,<environment.Job instance at 0x7fdd5b4f2230>,6,13,[6 3],7,7,20,0,7
1,<environment.Job instance at 0x7fdd5b4b2050>,7,13,[7 4],8,19,32,11,19
1,<environment.Job instance at 0x7fdd5b4b2780>,17,16,[2 8],18,19,35,1,19
1,<environment.Job instance at 0x7fdd5b4f2780>,3,14,[10  1],4,32,46,28,32
1,<environment.Job instance at 0x7fdd5b50c6e0>,32,14,[5 5],33,35,49,2,35
1,<environment.Job instance at 0x7fdd5b4b92d0>,40,14,[2 7],41,46,60,5,46
1,<environment.Job instance at 0x7fdd5b4b9550>,46,15,[3 6],47,49,64,2,49
1,<environment.Job instance at 0x7fdd5b4bc820>,55,13,[4 8],56,60,73,4,60
1,<environment.Job instance at 0x7fdd5b4b96e0>,48,16,[2 6],49,64,80,15,64
1,<environment.Job instance at 0x7fdd5b4bc280>,56,13,[5 8],57,73,86,16,73
1,<environment.Job instance at 0x7fdd5b4bce10>,61,15,[6 1],62,73,88,11,73
1,<environment.Job instance at 0x7fdd5b4bc730>,66,13,[2 5],67,80,93,13,80
1,<environment.Job instance at 0x7fdd5b50c8c0>,41,15,[4 8],42,86,101,44,86
1,<environment.Job instance at 0x7fdd5b4bc4b0>,69,17,[6 2],70,88,105,18,88
1,<environment.Job instance at 0x7fdd5b4bcd20>,70,17,[5 1],71,93,110,22,93
1,<environment.Job instance at 0x7fdd5beb5fa0>,75,14,[ 1 10],76,101,115,25,101
1,<environment.Job instance at 0x7fdd5beb5500>,78,15,[8 2],79,105,120,26,105
1,<environment.Job instance at 0x7fdd5c2d9e60>,8,15,[13  1],9,9,24,0,9
1,<environment.Job instance at 0x7fdd5c2d9870>,7,13,[ 4 12],8,24,37,16,10
1,<environment.Job instance at 0x7fdd5c2d91e0>,10,13,[1 6],11,47,60,36,47
1,<environment.Job instance at 0x7fdd5c2d9f50>,12,20,[8 1],13,47,67,34,47
1,<environment.Job instance at 0x7fdd5c2d9aa0>,3,15,[ 1 11],4,60,75,56,51
1,<environment.Job instance at 0x7fdd5c2d9640>,14,16,[ 2 12],15,75,91,60,63
1,<environment.Job instance at 0x7fdd5c2d94b0>,15,12,[ 4 14],16,91,103,75,74
1,<environment.Job instance at 0x7fdd5c2d9410>,16,20,[5 7],17,103,123,86,98
1,<environment.Job instance at 0x7fdd5bffea00>,10,13,[1 6],11,11,24,0,11
1,<environment.Job instance at 0x7fdd5bffeb90>,12,20,[8 1],13,13,33,0,13
1,<environment.Job instance at 0x7fdd5bffe500>,16,20,[5 7],17,17,37,0,17
1,<environment.Job instance at 0x7fdd5bffe320>,18,14,[8 3],19,33,47,14,33
1,<environment.Job instance at 0x7fdd5bf40e10>,28,12,[ 5 10],29,37,49,8,37
1,<environment.Job instance at 0x7fdd5bf406e0>,24,15,[5 5],25,47,62,22,47
1,<environment.Job instance at 0x7fdd5bf40910>,35,14,[8 5],36,49,63,13,49
1,<environment.Job instance at 0x7fdd5bffe0a0>,17,16,[5 4],18,62,78,44,62
1,<environment.Job instance at 0x7fdd5c027230>,38,13,[1 7],39,63,76,24,63
1,<environment.Job instance at 0x7fdd5bf40a50>,34,18,[8 3],35,63,81,28,63
1,<environment.Job instance at 0x7fdd5c027410>,45,13,[5 5],46,78,91,32,78
1,<environment.Job instance at 0x7fdd5c027be0>,48,14,[7 5],49,81,95,32,81
1,<environment.Job instance at 0x7fdd5c027b90>,55,15,[8 5],56,91,106,35,91
1,<environment.Job instance at 0x7fdd5c2ccaa0>,62,12,[7 2],63,95,107,32,95
1,<environment.Job instance at 0x7fdd5c027aa0>,37,16,[5 8],38,106,122,68,106
1,<environment.Job instance at 0x7fdd5bf40140>,22,18,[3 6],23,107,125,84,107
1,<environment.Job instance at 0x7fdd5c31dc30>,3,12,[10  3],4,5,17,1,5
1,<environment.Job instance at 0x7fdd5c31de60>,5,12,[11  4],6,17,29,11,6
1,<environment.Job instance at 0x7fdd5c31deb0>,9,16,[ 3 12],10,29,45,19,17
1,<environment.Job instance at 0x7fdd5c32e280>,16,14,[ 4 10],17,74,88,57,74
1,<environment.Job instance at 0x7fdd5b925af0>,18,12,[8 5],19,75,87,56,75
1,<environment.Job instance at 0x7fdd5b925910>,21,16,[ 5 11],22,88,104,66,87
1,<environment.Job instance at 0x7fdd5c339a50>,3,12,[10  3],4,4,16,0,4
1,<environment.Job instance at 0x7fdd5c339960>,6,16,[2 9],7,7,23,0,7
1,<environment.Job instance at 0x7fdd5c339cd0>,7,14,[5 6],8,16,30,8,16
1,<environment.Job instance at 0x7fdd5c339b40>,18,12,[8 5],19,23,35,4,23
1,<environment.Job instance at 0x7fdd5c339e10>,16,14,[ 4 10],17,30,44,13,30
1,<environment.Job instance at 0x7fdd5c339410>,23,16,[6 3],24,35,51,11,35
1,<environment.Job instance at 0x7fdd5c339140>,10,17,[8 1],11,44,61,33,44
1,<environment.Job instance at 0x7fdd5c027d20>,45,13,[6 4],46,51,64,5,51
1,<environment.Job instance at 0x7fdd5c027960>,49,18,[2 9],50,61,79,11,61
1,<environment.Job instance at 0x7fdd5c0274b0>,46,14,[10  3],47,64,78,17,64
1,<environment.Job instance at 0x7fdd5c027460>,51,13,[6 5],52,78,91,26,78
1,<environment.Job instance at 0x7fdd5c027870>,53,14,[4 5],54,79,93,25,79
1,<environment.Job instance at 0x7fdd5c027550>,57,15,[9 5],58,91,106,33,91
1,<environment.Job instance at 0x7fdd5c027e10>,59,17,[1 7],60,93,110,33,93
1,<environment.Job instance at 0x7fdd5c027780>,60,15,[5 1],61,93,108,32,93
1,<environment.Job instance at 0x7fdd5c2cc780>,29,19,[7 4],30,106,125,76,106
1,<environment.Job instance at 0x7fdd5b8ec370>,3,14,[ 5 12],4,6,20,2,6
1,<environment.Job instance at 0x7fdd5b8eceb0>,7,12,[ 3 14],8,20,32,12,8
1,<environment.Job instance at 0x7fdd5b8ec050>,11,17,[ 2 13],12,32,49,20,28
1,<environment.Job instance at 0x7fdd5c9f5550>,23,15,[7 4],24,49,64,25,40
1,<environment.Job instance at 0x7fdd5c9f5eb0>,25,13,[1 7],26,49,62,23,40
1,<environment.Job instance at 0x7fdd5b8ec8c0>,13,14,[1 5],14,62,76,48,48
1,<environment.Job instance at 0x7fdd5c9f50a0>,26,13,[12  2],27,64,77,37,49
1,<environment.Job instance at 0x7fdd5c9ea460>,28,14,[11  2],29,77,91,48,62
1,<environment.Job instance at 0x7fdd5c9ea230>,34,18,[ 4 12],35,77,95,42,67
1,<environment.Job instance at 0x7fdd5c9ea9b0>,36,14,[6 4],37,95,109,58,81
1,<environment.Job instance at 0x7fdd5c9ea370>,32,13,[5 5],33,95,108,62,81
1,<environment.Job instance at 0x7fdd5c2cc870>,10,20,[2 9],11,11,31,0,11
1,<environment.Job instance at 0x7fdd5c2cceb0>,13,14,[1 5],14,14,28,0,14
1,<environment.Job instance at 0x7fdd5c2cc460>,18,15,[1 6],19,28,43,9,28
1,<environment.Job instance at 0x7fdd5c2cc2d0>,25,13,[1 7],26,31,44,5,31
1,<environment.Job instance at 0x7fdd5b91f2d0>,32,13,[5 5],33,43,56,10,43
1,<environment.Job instance at 0x7fdd5b91f780>,36,14,[6 4],37,44,58,7,44
1,<environment.Job instance at 0x7fdd5bd36f50>,46,14,[ 4 10],47,56,70,9,56
1,<environment.Job instance at 0x7fdd5bd368c0>,47,13,[6 2],48,58,71,10,58
1,<environment.Job instance at 0x7fdd5c2ccc80>,23,15,[7 4],24,70,85,46,70
1,<environment.Job instance at 0x7fdd5bd36cd0>,45,17,[2 9],46,70,87,24,70
1,<environment.Job instance at 0x7fdd5bd36e60>,51,18,[6 1],52,71,89,19,71
1,<environment.Job instance at 0x7fdd5ca163c0>,58,17,[7 1],59,85,102,26,85
1,<environment.Job instance at 0x7fdd5c2ccd20>,15,18,[1 7],16,87,105,71,87
1,<environment.Job instance at 0x7fdd5ca160f0>,69,17,[5 5],70,89,106,19,89
1,<environment.Job instance at 0x7fdd5ca16fa0>,73,13,[1 5],74,106,119,32,106
1,<environment.Job instance at 0x7fdd5ca16500>,71,15,[9 4],72,106,121,34,106
1,<environment.Job instance at 0x7fdd5c8b4e60>,8,17,[5 2],9,9,26,0,9
1,<environment.Job instance at 0x7fdd5c8b4870>,9,18,[1 9],10,10,28,0,10
1,<environment.Job instance at 0x7fdd5c8b4b90>,10,15,[6 3],11,11,26,0,11
1,<environment.Job instance at 0x7fdd5c89ef00>,14,12,[13  2],15,26,38,11,22
1,<environment.Job instance at 0x7fdd5c89e230>,15,13,[ 5 13],16,38,51,22,22
1,<environment.Job instance at 0x7fdd5c89eb90>,21,13,[7 1],22,38,51,16,23
1,<environment.Job instance at 0x7fdd5c8c6aa0>,7,25,[2 6],8,51,76,43,47
1,<environment.Job instance at 0x7fdd5b8bfe10>,22,14,[3 6],23,93,107,70,93
1,<environment.Job instance at 0x7fdd5c89e5a0>,17,24,[12  2],18,95,119,77,95
1,<environment.Job instance at 0x7fdd5ca160f0>,0,17,[4 7],1,1,18,0,1
1,<environment.Job instance at 0x7fdd5ca16370>,1,17,[4 5],2,2,19,0,2
1,<environment.Job instance at 0x7fdd5ca165a0>,8,17,[5 2],9,9,26,0,9
1,<environment.Job instance at 0x7fdd5ca16640>,10,15,[6 3],11,18,33,7,18
1,<environment.Job instance at 0x7fdd5ca16870>,3,15,[4 9],4,19,34,15,19
1,<environment.Job instance at 0x7fdd5bd36aa0>,21,13,[7 1],22,33,46,11,33
1,<environment.Job instance at 0x7fdd5bd360a0>,16,14,[7 2],17,34,48,17,34
1,<environment.Job instance at 0x7fdd5ca16550>,9,18,[1 9],10,34,52,24,34
1,<environment.Job instance at 0x7fdd5bbe9dc0>,31,14,[6 1],32,46,60,14,46
1,<environment.Job instance at 0x7fdd5c021370>,34,14,[3 9],35,52,66,17,52
1,<environment.Job instance at 0x7fdd5bd36410>,22,14,[3 6],23,60,74,37,60
1,<environment.Job instance at 0x7fdd5ca166e0>,11,15,[3 9],12,66,81,54,66
1,<environment.Job instance at 0x7fdd5bf450f0>,45,16,[10  2],46,74,90,28,74
1,<environment.Job instance at 0x7fdd5bd36190>,26,16,[5 8],27,81,97,54,81
1,<environment.Job instance at 0x7fdd5b959b40>,49,13,[8 2],50,90,103,40,90
1,<environment.Job instance at 0x7fdd5bf45d70>,53,16,[6 3],54,97,113,43,97
1,<environment.Job instance at 0x7fdd5bcbb370>,52,15,[9 3],53,103,118,50,103
1,<environment.Job instance at 0x7fdd5bbb65a0>,1,16,[4 6],2,2,18,0,2
1,<environment.Job instance at 0x7fdd5b4ac640>,8,13,[5 3],9,9,22,0,9
1,<environment.Job instance at 0x7fdd5b65df00>,11,16,[5 1],12,12,28,0,12
1,<environment.Job instance at 0x7fdd6508f370>,9,16,[ 3 10],10,18,34,8,18
1,<environment.Job instance at 0x7fdd5bd36230>,19,17,[1 6],20,34,51,14,34
1,<environment.Job instance at 0x7fdd5b65d500>,14,18,[2 8],15,34,52,19,34
1,<environment.Job instance at 0x7fdd5ca16be0>,38,16,[1 5],39,51,67,12,51
1,<environment.Job instance at 0x7fdd5ca165a0>,41,13,[9 3],42,52,65,10,52
1,<environment.Job instance at 0x7fdd5bd36c30>,35,17,[3 6],36,52,69,16,52
1,<environment.Job instance at 0x7fdd5ca16140>,44,13,[6 5],45,67,80,22,67
1,<environment.Job instance at 0x7fdd5ca16f00>,43,15,[3 8],44,69,84,25,69
1,<environment.Job instance at 0x7fdd5ca16640>,34,17,[10  5],35,80,97,45,80
1,<environment.Job instance at 0x7fdd5b473910>,53,16,[ 3 10],54,84,100,30,84
1,<environment.Job instance at 0x7fdd5b473a50>,59,14,[5 4],60,97,111,37,97
1,<environment.Job instance at 0x7fdd65440500>,70,13,[8 3],71,100,113,29,100
1,<environment.Job instance at 0x7fdd5bd365f0>,20,21,[1 8],21,100,121,79,100
1,<environment.Job instance at 0x7fdd5b39fc80>,4,13,[4 7],5,5,18,0,5
1,<environment.Job instance at 0x7fdd5b39feb0>,10,18,[12  5],11,18,36,7,11
1,<environment.Job instance at 0x7fdd5b39f500>,11,14,[13  4],12,79,93,67,79
1,<environment.Job instance at 0x7fdd5b473d20>,2,16,[ 4 10],3,3,19,0,3
1,<environment.Job instance at 0x7fdd5b473dc0>,4,13,[4 7],5,19,32,14,19
1,<environment.Job instance at 0x7fdd5b4730f0>,3,18,[1 8],4,19,37,15,19
1,<environment.Job instance at 0x7fdd5bc93cd0>,23,14,[7 2],24,32,46,8,32
1,<environment.Job instance at 0x7fdd5b739370>,26,12,[6 1],27,32,44,5,32
1,<environment.Job instance at 0x7fdd5bc803c0>,16,15,[ 1 10],17,37,52,20,37
1,<environment.Job instance at 0x7fdd5c05b690>,30,15,[10  1],31,46,61,15,46
1,<environment.Job instance at 0x7fdd5c05beb0>,31,14,[3 8],32,52,66,20,52
1,<environment.Job instance at 0x7fdd5c0716e0>,33,14,[5 4],34,61,75,27,61
1,<environment.Job instance at 0x7fdd5c0740a0>,45,12,[6 4],46,66,78,20,66
1,<environment.Job instance at 0x7fdd5bc96f00>,39,16,[9 2],40,75,91,35,75
1,<environment.Job instance at 0x7fdd65091f00>,32,16,[6 5],33,78,94,45,78
1,<environment.Job instance at 0x7fdd5c0502d0>,54,17,[3 9],55,91,108,36,91
1,<environment.Job instance at 0x7fdd5c0634b0>,63,17,[8 3],64,94,111,30,94
1,<environment.Job instance at 0x7fdd5c0633c0>,61,17,[2 7],62,108,125,46,108
1,<environment.Job instance at 0x7fdd5c32cfa0>,2,18,[5 4],3,3,21,0,3
1,<environment.Job instance at 0x7fdd5c32c190>,4,13,[1 6],5,5,18,0,5
1,<environment.Job instance at 0x7fdd5c32c1e0>,14,21,[9 1],15,16,37,1,16
1,<environment.Job instance at 0x7fdd5c32c730>,17,12,[4 5],18,21,33,3,18
1,<environment.Job instance at 0x7fdd5c32cf00>,15,16,[4 9],16,33,49,17,25
1,<environment.Job instance at 0x7fdd5c32c0f0>,5,21,[ 3 10],6,49,70,43,41
1,<environment.Job instance at 0x7fdd5bf03280>,20,16,[11  5],21,44,60,23,44
1,<environment.Job instance at 0x7fdd5bf03230>,22,24,[13  4],23,70,94,47,65
1,<environment.Job instance at 0x7fdd5c32c230>,19,22,[ 2 11],20,71,93,51,71
1,<environment.Job instance at 0x7fdd5bf03140>,24,12,[ 5 10],25,94,106,69,77
1,<environment.Job instance at 0x7fdd5bf03f50>,26,16,[8 4],27,94,110,67,81
1,<environment.Job instance at 0x7fdd5bf03c80>,21,22,[1 8],22,106,128,84,99
1,<environment.Job instance at 0x7fdd5bf035f0>,27,14,[13  2],28,110,124,82,100
1,<environment.Job instance at 0x7fdd5bc8c230>,2,18,[5 4],3,3,21,0,3
1,<environment.Job instance at 0x7fdd5bc8cd20>,4,13,[1 6],5,5,18,0,5
1,<environment.Job instance at 0x7fdd5bc71eb0>,8,17,[7 4],9,9,26,0,9
1,<environment.Job instance at 0x7fdd5c143e10>,17,12,[4 5],18,21,33,3,21
1,<environment.Job instance at 0x7fdd6509e9b0>,24,12,[ 5 10],25,28,40,3,28
1,<environment.Job instance at 0x7fdd5c054690>,26,16,[8 4],27,33,49,6,33
1,<environment.Job instance at 0x7fdd5b5a27d0>,15,16,[4 9],16,42,58,26,42
1,<environment.Job instance at 0x7fdd5c063550>,37,14,[9 5],38,49,63,11,49
1,<environment.Job instance at 0x7fdd5b5f2500>,32,20,[5 8],33,58,78,25,58
1,<environment.Job instance at 0x7fdd5c0509b0>,42,17,[6 4],43,63,80,20,63
1,<environment.Job instance at 0x7fdd5c073d70>,47,12,[5 1],48,79,91,31,79
1,<environment.Job instance at 0x7fdd5c050a50>,44,21,[ 3 10],45,79,100,34,79
1,<environment.Job instance at 0x7fdd5c0736e0>,48,21,[7 1],49,81,102,32,81
1,<environment.Job instance at 0x7fdd5c074870>,53,15,[8 1],54,101,116,47,101
1,<environment.Job instance at 0x7fdd5c074d20>,54,14,[5 7],55,102,116,47,102
1,<environment.Job instance at 0x7fdd5c074050>,52,21,[1 6],53,102,123,49,102
1,<environment.Job instance at 0x7fdd5bb02a50>,3,14,[10  4],4,7,21,3,7
1,<environment.Job instance at 0x7fdd5bd39f00>,7,18,[1 9],8,8,26,0,8
1,<environment.Job instance at 0x7fdd5bd39730>,6,14,[11  3],7,21,35,14,12
1,<environment.Job instance at 0x7fdd5bd39af0>,19,16,[4 8],20,26,42,6,23
1,<environment.Job instance at 0x7fdd5b5875a0>,23,15,[12  2],24,42,57,18,28
1,<environment.Job instance at 0x7fdd5b587050>,25,12,[3 5],26,42,54,16,42
1,<environment.Job instance at 0x7fdd5b587640>,36,12,[3 6],37,54,66,17,42
1,<environment.Job instance at 0x7fdd5b587410>,34,19,[5 2],35,57,76,22,47
1,<environment.Job instance at 0x7fdd650c4780>,44,12,[8 3],45,66,78,21,49
1,<environment.Job instance at 0x7fdd650c4280>,45,18,[ 2 10],46,66,84,20,57
1,<environment.Job instance at 0x7fdd650c4870>,46,17,[5 5],47,78,95,31,66
1,<environment.Job instance at 0x7fdd650c4b40>,48,14,[8 5],49,84,98,35,69
1,<environment.Job instance at 0x7fdd650c43c0>,52,14,[6 3],53,95,109,42,84
1,<environment.Job instance at 0x7fdd650c4550>,41,14,[ 3 11],42,98,112,56,84
1,<environment.Job instance at 0x7fdd650c49b0>,54,15,[12  1],55,109,124,54,95
1,<environment.Job instance at 0x7fdd650c4f00>,51,17,[ 1 14],52,112,129,60,101
1,<environment.Job instance at 0x7fdd654418c0>,3,14,[10  4],4,4,18,0,4
1,<environment.Job instance at 0x7fdd65441a50>,4,19,[4 7],5,5,24,0,5
1,<environment.Job instance at 0x7fdd5bc93eb0>,15,12,[8 3],16,18,30,2,18
1,<environment.Job instance at 0x7fdd5b4ac640>,19,16,[4 8],20,24,40,4,24
1,<environment.Job instance at 0x7fdd5bc80320>,25,12,[3 5],26,30,42,4,30
1,<environment.Job instance at 0x7fdd5bfc9550>,12,18,[5 2],13,30,48,17,30
1,<environment.Job instance at 0x7fdd5bc93f00>,13,16,[7 5],14,40,56,26,40
1,<environment.Job instance at 0x7fdd5c071870>,36,12,[3 6],37,48,60,11,48
1,<environment.Job instance at 0x7fdd5bc96140>,40,12,[9 5],41,57,69,16,57
1,<environment.Job instance at 0x7fdd5c208c80>,7,18,[1 9],8,60,78,52,60
1,<environment.Job instance at 0x7fdd5c05dfa0>,44,12,[8 3],45,69,81,24,69
1,<environment.Job instance at 0x7fdd5c074870>,46,17,[5 5],47,78,95,31,78
1,<environment.Job instance at 0x7fdd6508db40>,20,13,[9 1],21,81,94,60,81
1,<environment.Job instance at 0x7fdd5c073640>,52,14,[6 3],53,94,108,41,94
1,<environment.Job instance at 0x7fdd5c074a50>,48,14,[8 5],49,95,109,46,95
1,<environment.Job instance at 0x7fdd5c050e60>,56,16,[2 9],57,108,124,51,108
1,<environment.Job instance at 0x7fdd5c0740a0>,47,14,[9 5],48,109,123,61,109
1,<environment.Job instance at 0x7fdd5bd35690>,3,13,[9 2],4,4,17,0,4
1,<environment.Job instance at 0x7fdd5bf78820>,12,15,[1 7],13,13,28,0,13
1,<environment.Job instance at 0x7fdd5bf78cd0>,18,23,[1 6],19,19,42,0,19
1,<environment.Job instance at 0x7fdd5bf78fa0>,20,13,[1 9],21,28,41,7,21
1,<environment.Job instance at 0x7fdd5bf78f00>,21,12,[5 2],22,41,53,19,24
1,<environment.Job instance at 0x7fdd5bd35a00>,22,18,[7 1],23,41,59,18,30
1,<environment.Job instance at 0x7fdd5b317500>,28,16,[4 5],29,53,69,24,46
1,<environment.Job instance at 0x7fdd5b317a00>,26,24,[5 2],27,59,83,32,54
1,<environment.Job instance at 0x7fdd5b317370>,30,17,[6 3],31,59,76,28,54
1,<environment.Job instance at 0x7fdd5b317550>,31,20,[1 9],32,69,89,37,60
1,<environment.Job instance at 0x7fdd5bf78aa0>,27,25,[8 1],28,76,101,48,75
1,<environment.Job instance at 0x7fdd650916e0>,51,14,[ 3 13],52,89,103,37,75
1,<environment.Job instance at 0x7fdd5bf783c0>,15,13,[14  2],16,103,116,87,87
1,<environment.Job instance at 0x7fdd5b317af0>,25,15,[ 1 14],26,116,131,90,107
1,<environment.Job instance at 0x7fdd65091370>,54,12,[5 1],55,116,128,61,107
1,<environment.Job instance at 0x7fdd5c3a8f50>,0,16,[ 1 10],1,1,17,0,1
1,<environment.Job instance at 0x7fdd5c3bfc80>,3,13,[9 2],4,4,17,0,4
1,<environment.Job instance at 0x7fdd5b7ee550>,12,15,[1 7],13,17,32,4,17
1,<environment.Job instance at 0x7fdd5bccc320>,8,16,[7 4],9,17,33,8,17
1,<environment.Job instance at 0x7fdd5c3836e0>,21,12,[5 2],22,32,44,10,32
1,<environment.Job instance at 0x7fdd5c383aa0>,20,13,[1 9],21,32,45,11,32
1,<environment.Job instance at 0x7fdd5c383640>,22,18,[7 1],23,33,51,10,33
1,<environment.Job instance at 0x7fdd5c3aabe0>,28,16,[4 5],29,44,60,15,44
1,<environment.Job instance at 0x7fdd5c29b190>,32,16,[9 3],33,51,67,18,51
1,<environment.Job instance at 0x7fdd5c2997d0>,41,16,[2 7],42,51,67,9,51
1,<environment.Job instance at 0x7fdd5c29ba00>,36,17,[4 7],37,67,84,30,67
1,<environment.Job instance at 0x7fdd5bcbbe60>,54,12,[5 1],55,67,79,12,67
1,<environment.Job instance at 0x7fdd5c29b1e0>,30,17,[6 3],31,67,84,36,67
1,<environment.Job instance at 0x7fdd5bcbbcd0>,56,12,[4 8],57,84,96,27,84
1,<environment.Job instance at 0x7fdd5bcbb3c0>,57,14,[1 9],58,96,110,38,96
1,<environment.Job instance at 0x7fdd5c706050>,62,12,[1 6],63,96,108,33,96
1,<environment.Job instance at 0x7fdd5c31af50>,63,17,[5 5],64,108,125,44,108
1,<environment.Job instance at 0x7fdd5ba72730>,5,15,[6 5],6,6,21,0,6
1,<environment.Job instance at 0x7fdd5ba72820>,8,15,[ 2 10],9,12,27,3,12
1,<environment.Job instance at 0x7fdd5ba72230>,12,13,[11  3],13,21,34,8,13
1,<environment.Job instance at 0x7fdd5ba72dc0>,11,18,[ 2 11],12,27,45,15,16
1,<environment.Job instance at 0x7fdd5ba72140>,1,16,[ 2 13],2,45,61,43,35
1,<environment.Job instance at 0x7fdd5ba986e0>,17,28,[ 1 10],18,85,113,67,85
1,<environment.Job instance at 0x7fdd5ba98b40>,23,22,[3 5],24,86,108,62,86
1,<environment.Job instance at 0x7fdd5ba98190>,22,15,[4 7],23,113,128,90,104
1,<environment.Job instance at 0x7fdd5b4f35a0>,5,15,[6 5],6,6,21,0,6
1,<environment.Job instance at 0x7fdd5b6e96e0>,8,15,[ 2 10],9,9,24,0,9
1,<environment.Job instance at 0x7fdd5b6e91e0>,10,17,[10  3],11,21,38,10,21
1,<environment.Job instance at 0x7fdd5b6ee8c0>,22,15,[4 7],23,24,39,1,24
1,<environment.Job instance at 0x7fdd5b6e93c0>,23,22,[3 5],24,38,60,14,38
1,<environment.Job instance at 0x7fdd5b6facd0>,40,12,[9 5],41,41,53,0,41
1,<environment.Job instance at 0x7fdd5b707140>,49,12,[10  2],50,53,65,3,53
1,<environment.Job instance at 0x7fdd5b707870>,56,12,[2 6],57,60,72,3,60
1,<environment.Job instance at 0x7fdd5b6fae10>,47,13,[3 7],48,60,73,12,60
1,<environment.Job instance at 0x7fdd5b707820>,48,20,[6 2],49,65,85,16,65
1,<environment.Job instance at 0x7fdd5b6fa0a0>,42,12,[9 4],43,73,85,30,73
1,<environment.Job instance at 0x7fdd5b71a730>,62,13,[9 1],63,85,98,22,85
1,<environment.Job instance at 0x7fdd5b71aaa0>,70,12,[1 8],71,85,97,14,85
1,<environment.Job instance at 0x7fdd5b71abe0>,65,13,[5 7],66,97,110,31,97
1,<environment.Job instance at 0x7fdd5b71ac80>,71,14,[7 4],72,98,112,26,98
1,<environment.Job instance at 0x7fdd5bd027d0>,1,16,[5 1],2,2,18,0,2
1,<environment.Job instance at 0x7fdd5bd025f0>,7,17,[7 1],8,8,25,0,8
1,<environment.Job instance at 0x7fdd5bd02af0>,10,12,[5 8],11,18,30,7,15
1,<environment.Job instance at 0x7fdd5bd022d0>,15,12,[ 2 14],16,30,42,14,22
1,<environment.Job instance at 0x7fdd5bd02230>,16,17,[ 1 12],17,42,59,25,32
1,<environment.Job instance at 0x7fdd5c59df00>,30,15,[1 6],31,59,74,28,45
1,<environment.Job instance at 0x7fdd5bddef50>,34,13,[7 5],35,59,72,24,48
1,<environment.Job instance at 0x7fdd5bdde960>,36,12,[12  5],37,72,84,35,55
1,<environment.Job instance at 0x7fdd5bddeeb0>,37,12,[ 3 12],38,84,96,46,67
1,<environment.Job instance at 0x7fdd5bdde050>,38,19,[3 5],39,96,115,57,86
1,<environment.Job instance at 0x7fdd5b6fd140>,1,16,[5 1],2,2,18,0,2
1,<environment.Job instance at 0x7fdd5b6fd0f0>,2,15,[9 3],3,3,18,0,3
1,<environment.Job instance at 0x7fdd5b6fdb90>,10,12,[5 8],11,18,30,7,18
1,<environment.Job instance at 0x7fdd5b6fdf00>,7,17,[7 1],8,18,35,10,18
1,<environment.Job instance at 0x7fdd5b6f9820>,22,16,[ 5 10],23,30,46,7,30
1,<environment.Job instance at 0x7fdd5b6fda50>,11,20,[10  3],12,35,55,23,35
1,<environment.Job instance at 0x7fdd5b71a0a0>,29,16,[3 6],30,46,62,16,46
1,<environment.Job instance at 0x7fdd5b71a780>,30,15,[1 6],31,46,61,15,46
1,<environment.Job instance at 0x7fdd5b6f9460>,27,12,[10  2],28,55,67,27,55
1,<environment.Job instance at 0x7fdd5b6fd9b0>,4,21,[2 7],5,61,82,56,61
1,<environment.Job instance at 0x7fdd5b71aaa0>,34,13,[7 5],35,67,80,32,67
1,<environment.Job instance at 0x7fdd5b71ad20>,40,14,[4 6],41,80,94,39,80
1,<environment.Job instance at 0x7fdd5b71acd0>,42,15,[9 2],43,80,95,37,80
1,<environment.Job instance at 0x7fdd5b707640>,46,12,[ 2 10],47,94,106,47,94
1,<environment.Job instance at 0x7fdd5b707c30>,53,13,[7 4],54,95,108,41,95
1,<environment.Job instance at 0x7fdd5b6fa640>,57,12,[ 4 10],58,106,118,48,106
1,<environment.Job instance at 0x7fdd5b707b40>,43,16,[8 4],44,108,124,64,108
1,<environment.Job instance at 0x7fdd5b5a1c30>,8,14,[1 7],9,9,23,0,9
1,<environment.Job instance at 0x7fdd5b17a780>,13,13,[9 1],14,14,27,0,14
1,<environment.Job instance at 0x7fdd5b77e5a0>,16,23,[1 5],17,17,40,0,17
1,<environment.Job instance at 0x7fdd5b17a820>,9,19,[4 5],10,23,42,13,23
1,<environment.Job instance at 0x7fdd5b77e460>,18,22,[9 1],19,27,49,8,25
1,<environment.Job instance at 0x7fdd5b77e730>,15,12,[ 1 13],16,42,54,26,29
1,<environment.Job instance at 0x7fdd5b799690>,20,18,[8 2],21,49,67,28,39
1,<environment.Job instance at 0x7fdd5b799960>,22,25,[ 5 10],23,54,79,31,53
1,<environment.Job instance at 0x7fdd5b799230>,25,19,[ 2 13],26,79,98,53,72
1,<environment.Job instance at 0x7fdd5b799050>,26,15,[14  2],27,98,113,71,84
1,<environment.Job instance at 0x7fdd5b7994b0>,27,12,[13  3],28,113,125,85,98
1,<environment.Job instance at 0x7fdd5c8c77d0>,0,18,[1 7],1,1,19,0,1
1,<environment.Job instance at 0x7fdd5c8c7730>,1,19,[4 6],2,2,21,0,2
1,<environment.Job instance at 0x7fdd5beb8550>,13,13,[9 1],14,19,32,5,19
1,<environment.Job instance at 0x7fdd5c8c7dc0>,8,14,[1 7],9,19,33,10,19
1,<environment.Job instance at 0x7fdd5c2417d0>,7,15,[9 5],8,32,47,24,32
1,<environment.Job instance at 0x7fdd5c8c7f00>,3,17,[2 8],4,33,50,29,33
1,<environment.Job instance at 0x7fdd5c8aec80>,30,15,[8 2],31,47,62,16,47
1,<environment.Job instance at 0x7fdd5c260230>,36,12,[3 5],37,47,59,10,47
1,<environment.Job instance at 0x7fdd5c2600a0>,38,14,[6 1],39,59,73,20,59
1,<environment.Job instance at 0x7fdd5c2600f0>,41,14,[6 5],42,62,76,20,62
1,<environment.Job instance at 0x7fdd5beb85a0>,14,18,[3 9],15,62,80,47,62
1,<environment.Job instance at 0x7fdd5c902af0>,28,17,[6 1],29,73,90,44,73
1,<environment.Job instance at 0x7fdd5c895960>,50,16,[6 3],51,76,92,25,76
1,<environment.Job instance at 0x7fdd5c85a140>,49,12,[7 5],50,90,102,40,90
1,<environment.Job instance at 0x7fdd5c8704b0>,56,15,[8 2],57,92,107,35,92
1,<environment.Job instance at 0x7fdd5c260500>,33,18,[6 1],34,103,121,69,103
1,<environment.Job instance at 0x7fdd5c85adc0>,47,16,[8 2],48,108,124,60,108
1,<environment.Job instance at 0x7fdd5c870c30>,2,13,[5 1],3,3,16,0,3
1,<environment.Job instance at 0x7fdd5c870500>,5,12,[ 3 11],6,7,19,1,7
1,<environment.Job instance at 0x7fdd5c870f00>,6,13,[11  3],7,31,44,24,31
1,<environment.Job instance at 0x7fdd5c03d870>,1,12,[10  3],2,2,14,0,2
1,<environment.Job instance at 0x7fdd5c03da00>,2,13,[5 1],3,3,16,0,3
1,<environment.Job instance at 0x7fdd5c884280>,4,13,[9 5],5,14,27,9,14
1,<environment.Job instance at 0x7fdd5c0722d0>,7,18,[5 3],8,16,34,8,16
1,<environment.Job instance at 0x7fdd5c86a5f0>,17,14,[1 8],18,27,41,9,27
1,<environment.Job instance at 0x7fdd5c072410>,8,15,[9 3],9,27,42,18,27
1,<environment.Job instance at 0x7fdd5c85adc0>,33,14,[1 7],34,41,55,7,41
1,<environment.Job instance at 0x7fdd5c0543c0>,29,12,[9 1],30,42,54,12,42
1,<environment.Job instance at 0x7fdd5c260c30>,37,15,[1 7],38,42,57,4,42
1,<environment.Job instance at 0x7fdd5c260140>,38,18,[5 6],39,55,73,16,55
1,<environment.Job instance at 0x7fdd5c8aeaf0>,43,12,[5 9],44,57,69,13,57
1,<environment.Job instance at 0x7fdd5c902690>,48,12,[4 7],49,69,81,20,69
1,<environment.Job instance at 0x7fdd5c263230>,57,21,[3 8],58,74,95,16,74
1,<environment.Job instance at 0x7fdd5b95f320>,60,12,[2 5],61,81,93,20,81
1,<environment.Job instance at 0x7fdd5c047fa0>,61,13,[9 3],62,93,106,31,93
1,<environment.Job instance at 0x7fdd5c8a3eb0>,50,12,[ 5 10],51,95,107,44,95
1,<environment.Job instance at 0x7fdd5c870a00>,64,14,[8 5],65,106,120,41,106
1,<environment.Job instance at 0x7fdd5bee0c80>,70,13,[5 1],71,107,120,36,107
1,<environment.Job instance at 0x7fdd5c879730>,24,21,[1 9],25,107,128,82,107
1,<environment.Job instance at 0x7fdd5c953a00>,5,27,[6 2],6,8,35,2,8
1,<environment.Job instance at 0x7fdd5c953be0>,8,14,[8 5],9,9,23,0,9
1,<environment.Job instance at 0x7fdd5c953aa0>,7,12,[12  2],8,59,71,51,59
1,<environment.Job instance at 0x7fdd5c079be0>,6,20,[ 5 11],7,71,91,64,62
1,<environment.Job instance at 0x7fdd5c953cd0>,10,24,[5 3],11,71,95,60,66
1,<environment.Job instance at 0x7fdd5c953e60>,12,13,[11  1],13,95,108,82,79
1,<environment.Job instance at 0x7fdd5c23d140>,16,13,[7 3],17,108,121,91,92
1,<environment.Job instance at 0x7fdd5c23d280>,17,14,[7 1],18,108,122,90,94
1,<environment.Job instance at 0x7fdd5c953e10>,11,13,[13  3],12,122,135,110,108
1,<environment.Job instance at 0x7fdd5c8a2280>,8,14,[8 5],9,9,23,0,9
1,<environment.Job instance at 0x7fdd5bee0d70>,16,13,[7 3],17,17,30,0,17
1,<environment.Job instance at 0x7fdd5bee0460>,17,14,[7 1],18,23,37,5,23
1,<environment.Job instance at 0x7fdd5bee0370>,25,21,[ 2 10],26,30,51,4,30
1,<environment.Job instance at 0x7fdd5c870fa0>,36,17,[7 5],37,37,54,0,37
1,<environment.Job instance at 0x7fdd5c047460>,39,12,[5 9],40,51,63,11,51
1,<environment.Job instance at 0x7fdd5c8a3230>,49,13,[6 2],50,54,67,4,54
1,<environment.Job instance at 0x7fdd5c8a3eb0>,55,15,[7 3],56,63,78,7,63
1,<environment.Job instance at 0x7fdd5caddd20>,57,16,[2 7],58,63,79,5,63
1,<environment.Job instance at 0x7fdd5c870d70>,37,14,[10  5],38,78,92,40,78
1,<environment.Job instance at 0x7fdd5c8aeaf0>,58,18,[3 9],59,79,97,20,79
1,<environment.Job instance at 0x7fdd5c870af0>,38,15,[8 2],39,92,107,53,92
1,<environment.Job instance at 0x7fdd5c879820>,74,12,[ 2 10],75,97,109,22,97
1,<environment.Job instance at 0x7fdd5c2600f0>,64,18,[5 3],65,97,115,32,97
1,<environment.Job instance at 0x7fdd5c063370>,72,18,[5 2],73,107,125,34,107
1,<environment.Job instance at 0x7fdd5c063d70>,73,16,[ 1 10],74,109,125,35,109
1,<environment.Job instance at 0x7fdd5c979e60>,1,15,[3 5],2,2,17,0,2
1,<environment.Job instance at 0x7fdd5c5d7d20>,2,13,[6 5],3,3,16,0,3
1,<environment.Job instance at 0x7fdd5b4f2eb0>,13,15,[ 5 10],14,16,31,2,14
1,<environment.Job instance at 0x7fdd5c207050>,1,15,[3 5],2,2,17,0,2
1,<environment.Job instance at 0x7fdd5c03da00>,2,13,[6 5],3,3,16,0,3
1,<environment.Job instance at 0x7fdd5c058050>,13,15,[ 5 10],14,16,31,2,16
1,<environment.Job instance at 0x7fdd5c86cc30>,18,16,[7 5],19,19,35,0,19
1,<environment.Job instance at 0x7fdd5c86caf0>,21,12,[4 7],22,31,43,9,31
1,<environment.Job instance at 0x7fdd5c0581e0>,11,15,[4 7],12,35,50,23,35
1,<environment.Job instance at 0x7fdd5c869280>,30,15,[9 4],31,43,58,12,43
1,<environment.Job instance at 0x7fdd5c063d70>,25,12,[4 9],26,50,62,24,50
1,<environment.Job instance at 0x7fdd5c0546e0>,34,12,[10  3],35,58,70,23,58
1,<environment.Job instance at 0x7fdd5c85a140>,33,13,[1 6],34,62,75,28,62
1,<environment.Job instance at 0x7fdd5c260190>,35,17,[1 6],36,62,79,26,62
1,<environment.Job instance at 0x7fdd5c0543c0>,28,14,[1 9],29,76,90,47,76
1,<environment.Job instance at 0x7fdd5c8a3d70>,47,18,[8 1],48,79,97,31,79
1,<environment.Job instance at 0x7fdd5c8aec80>,42,18,[1 5],43,79,97,36,79
1,<environment.Job instance at 0x7fdd5bdd3be0>,54,18,[3 8],55,90,108,35,90
1,<environment.Job instance at 0x7fdd5c86ca50>,22,18,[10  4],23,99,117,76,99
1,<environment.Job instance at 0x7fdd5c070460>,15,17,[ 3 10],16,108,125,92,108
1,<environment.Job instance at 0x7fdd5c9b6320>,6,15,[5 7],7,7,22,0,7
1,<environment.Job instance at 0x7fdd5c9b6280>,9,17,[ 3 14],10,22,39,12,13
1,<environment.Job instance at 0x7fdd5b3da6e0>,10,14,[4 9],11,39,53,28,27
1,<environment.Job instance at 0x7fdd5b3da3c0>,13,24,[11  4],14,39,63,25,34
1,<environment.Job instance at 0x7fdd5b3da280>,15,14,[12  3],16,63,77,47,49
1,<environment.Job instance at 0x7fdd5b3da5a0>,12,13,[ 3 10],13,53,66,40,51
1,<environment.Job instance at 0x7fdd5c494910>,18,17,[5 4],19,77,94,58,65
1,<environment.Job instance at 0x7fdd5c494370>,19,22,[3 7],20,68,90,48,68
1,<environment.Job instance at 0x7fdd5c494c80>,16,18,[8 2],17,90,108,73,85
1,<environment.Job instance at 0x7fdd5b3eabe0>,20,16,[ 1 12],21,94,110,73,85
1,<environment.Job instance at 0x7fdd5b9f9c30>,22,12,[ 2 12],23,110,122,87,93
1,<environment.Job instance at 0x7fdd5c4945f0>,14,21,[13  3],15,108,129,93,106
1,<environment.Job instance at 0x7fdd5c11ee10>,0,12,[9 4],1,1,13,0,1
1,<environment.Job instance at 0x7fdd5c8a27d0>,6,15,[5 7],7,7,22,0,7
1,<environment.Job instance at 0x7fdd5c8a2140>,16,18,[8 2],17,17,35,0,17
1,<environment.Job instance at 0x7fdd5c85adc0>,12,13,[ 3 10],13,22,35,9,22
1,<environment.Job instance at 0x7fdd5cadd320>,10,14,[4 9],11,35,49,24,35
1,<environment.Job instance at 0x7fdd5c5020f0>,18,17,[5 4],19,35,52,16,35
1,<environment.Job instance at 0x7fdd5bb4adc0>,24,12,[3 7],25,49,61,24,49
1,<environment.Job instance at 0x7fdd5c8e10f0>,31,13,[7 1],32,49,62,17,49
1,<environment.Job instance at 0x7fdd5bfa1d20>,21,21,[3 7],22,52,73,30,52
1,<environment.Job instance at 0x7fdd6507aa00>,37,16,[4 6],38,61,77,23,61
1,<environment.Job instance at 0x7fdd5b5c5640>,41,15,[6 3],42,73,88,31,73
1,<environment.Job instance at 0x7fdd6507a5f0>,38,13,[ 3 10],39,77,90,38,77
1,<environment.Job instance at 0x7fdd5c6b1aa0>,23,18,[10  1],24,88,106,64,88
1,<environment.Job instance at 0x7fdd5bb4edc0>,56,13,[3 8],57,90,103,33,90
1,<environment.Job instance at 0x7fdd5c2f95f0>,67,13,[1 5],68,90,103,22,90
1,<environment.Job instance at 0x7fdd5bb4eb40>,59,13,[2 6],60,103,116,43,103
1,<environment.Job instance at 0x7fdd5c725780>,69,15,[3 8],70,103,118,33,103
1,<environment.Job instance at 0x7fdd5c87cdc0>,2,15,[3 8],3,3,18,0,3
1,<environment.Job instance at 0x7fdd5c0475f0>,6,13,[2 8],7,18,31,11,8
1,<environment.Job instance at 0x7fdd5bc14a50>,9,14,[1 5],10,11,25,1,11
1,<environment.Job instance at 0x7fdd5c613aa0>,10,19,[5 2],11,15,34,4,15
1,<environment.Job instance at 0x7fdd5c117550>,14,12,[ 3 12],15,31,43,16,15
1,<environment.Job instance at 0x7fdd5c1175f0>,16,20,[5 1],17,25,45,8,20
1,<environment.Job instance at 0x7fdd5ca550a0>,17,24,[6 2],18,34,58,16,29
1,<environment.Job instance at 0x7fdd5c5220a0>,20,15,[ 4 12],21,43,58,22,29
1,<environment.Job instance at 0x7fdd5ca557d0>,19,23,[2 8],20,58,81,38,52
1,<environment.Job instance at 0x7fdd5c8c4aa0>,22,28,[5 3],23,69,97,46,69
1,<environment.Job instance at 0x7fdd5c8c4190>,23,22,[5 5],24,81,103,57,81
1,<environment.Job instance at 0x7fdd5c8c4e60>,24,24,[10  4],25,97,121,72,93
1,<environment.Job instance at 0x7fdd5bcbfc30>,2,15,[3 8],3,3,18,0,3
1,<environment.Job instance at 0x7fdd5c8a6e10>,9,14,[1 5],10,10,24,0,10
1,<environment.Job instance at 0x7fdd5c8a6370>,10,19,[5 2],11,11,30,0,11
1,<environment.Job instance at 0x7fdd5bcbfa50>,6,13,[2 8],7,18,31,11,18
1,<environment.Job instance at 0x7fdd5c8a6eb0>,16,20,[5 1],17,24,44,7,24
1,<environment.Job instance at 0x7fdd5c725b90>,27,12,[2 6],28,30,42,2,30
1,<environment.Job instance at 0x7fdd5c725a50>,23,22,[5 5],24,31,53,7,31
1,<environment.Job instance at 0x7fdd5c2f9410>,33,16,[5 6],34,42,58,8,42
1,<environment.Job instance at 0x7fdd5bb4e9b0>,50,12,[10  3],51,53,65,2,53
1,<environment.Job instance at 0x7fdd5bb4e730>,51,16,[1 6],52,58,74,6,58
1,<environment.Job instance at 0x7fdd5bb4ea00>,47,21,[3 6],48,58,79,10,58
1,<environment.Job instance at 0x7fdd5bb4efa0>,46,12,[8 2],47,65,77,18,65
1,<environment.Job instance at 0x7fdd6507aa00>,63,14,[5 6],64,77,91,13,77
1,<environment.Job instance at 0x7fdd5b38a6e0>,73,14,[10  5],74,79,93,5,79
1,<environment.Job instance at 0x7fdd5c8e1af0>,68,16,[10  1],69,93,109,24,93
1,<environment.Job instance at 0x7fdd5b0eaaf0>,79,14,[6 5],80,109,123,29,109
1,<environment.Job instance at 0x7fdd5bfa11e0>,83,15,[ 3 10],84,109,124,25,109
1,<environment.Job instance at 0x7f0272da9cd0>,6,20,[6 1],7,7,27,0,7
1,<environment.Job instance at 0x7f0272dae280>,15,18,[ 2 14],16,17,35,1,17
1,<environment.Job instance at 0x7f0272da9eb0>,14,13,[7 3],15,35,48,20,19
1,<environment.Job instance at 0x7f0272dae500>,19,14,[ 3 11],20,35,49,15,20
1,<environment.Job instance at 0x7f0272dae320>,16,16,[ 3 11],17,49,65,32,38
1,<environment.Job instance at 0x7f0272dae1e0>,13,18,[ 4 14],14,65,83,51,60
1,<environment.Job instance at 0x7f0272dae820>,22,13,[13  1],23,83,96,60,67
1,<environment.Job instance at 0x7f0272dae690>,23,18,[2 7],24,83,101,59,81
1,<environment.Job instance at 0x7f0272dae9b0>,24,13,[ 3 14],25,101,114,76,85
1,<environment.Job instance at 0x7f0272dae5a0>,21,26,[ 5 12],22,114,140,92,112
1,<environment.Job instance at 0x7f0272db6cd0>,0,13,[9 3],1,1,14,0,1
1,<environment.Job instance at 0x7f0272da4050>,2,22,[4 8],3,3,25,0,3
1,<environment.Job instance at 0x7f0272e8c910>,14,13,[7 3],15,15,28,0,15
1,<environment.Job instance at 0x7f0272e6d410>,23,18,[2 7],24,25,43,1,25
1,<environment.Job instance at 0x7f0272da1d20>,6,20,[6 1],7,25,45,18,25
1,<environment.Job instance at 0x7f0272da1a00>,4,21,[1 6],5,28,49,23,28
1,<environment.Job instance at 0x7f0272f51230>,33,16,[2 8],34,43,59,9,43
1,<environment.Job instance at 0x7f0272e6b690>,45,13,[6 5],46,49,62,3,49
1,<environment.Job instance at 0x7f0272eb8b90>,56,12,[3 6],57,59,71,2,59
1,<environment.Job instance at 0x7f0272eb8050>,58,14,[2 7],59,62,76,3,62
1,<environment.Job instance at 0x7f0272f535a0>,40,15,[10  3],41,71,86,30,71
1,<environment.Job instance at 0x7f0272e3d460>,53,17,[5 7],54,77,94,23,77
1,<environment.Job instance at 0x7f0272f512d0>,35,15,[9 5],36,87,102,51,87
1,<environment.Job instance at 0x7f0272eb8d20>,59,17,[1 6],60,94,111,34,94
1,<environment.Job instance at 0x7f0272e66500>,62,18,[5 3],63,94,112,31,94
1,<environment.Job instance at 0x7f0272e6aeb0>,77,13,[8 5],78,102,115,24,102
1,<environment.Job instance at 0x7f0272e665a0>,65,20,[2 6],66,111,131,45,111
1,<environment.Job instance at 0x7f0272e6ab90>,78,12,[10  2],79,116,128,37,116
1,<environment.Job instance at 0x7f0272e6a140>,80,14,[2 6],81,116,130,35,116
1,<environment.Job instance at 0x7f02724f92d0>,1,13,[7 4],2,2,15,0,2
1,<environment.Job instance at 0x7f02724f7d70>,7,16,[8 1],8,8,24,0,8
1,<environment.Job instance at 0x7f02724f7e10>,8,15,[8 3],9,24,39,15,10
1,<environment.Job instance at 0x7f02724f7c30>,10,18,[6 1],11,15,33,4,11
1,<environment.Job instance at 0x7f02724f9190>,4,19,[ 3 12],5,41,60,36,41
1,<environment.Job instance at 0x7f02724ed870>,20,13,[7 4],21,60,73,39,53
1,<environment.Job instance at 0x7f02724f7f50>,17,28,[1 9],18,63,91,45,63
1,<environment.Job instance at 0x7f02724ed780>,22,13,[12  5],23,104,117,81,104
1,<environment.Job instance at 0x7f02724ed640>,23,20,[ 4 10],24,119,139,95,119
1,<environment.Job instance at 0x7f0272e6b370>,1,13,[7 4],2,2,15,0,2
1,<environment.Job instance at 0x7f02725cd690>,7,16,[8 1],8,8,24,0,8
1,<environment.Job instance at 0x7f027259c910>,14,16,[4 7],15,15,31,0,15
1,<environment.Job instance at 0x7f02725cdf50>,8,15,[8 3],9,24,39,15,24
1,<environment.Job instance at 0x7f02725cf690>,20,13,[7 4],21,31,44,10,31
1,<environment.Job instance at 0x7f0272566230>,30,14,[1 8],31,39,53,8,39
1,<environment.Job instance at 0x7f02725cdd70>,10,18,[6 1],11,39,57,28,39
1,<environment.Job instance at 0x7f02726b9fa0>,9,17,[8 1],10,44,61,34,44
1,<environment.Job instance at 0x7f02725614b0>,39,15,[1 7],40,53,68,13,53
1,<environment.Job instance at 0x7f02725b0640>,43,13,[3 5],44,61,74,17,61
1,<environment.Job instance at 0x7f02725b0dc0>,42,13,[3 8],43,68,81,25,68
1,<environment.Job instance at 0x7f0272573370>,57,17,[8 2],58,68,85,10,68
1,<environment.Job instance at 0x7f02725785a0>,61,14,[2 9],62,81,95,19,81
1,<environment.Job instance at 0x7f027256a550>,60,13,[8 5],61,85,98,24,85
1,<environment.Job instance at 0x7f02725b2500>,72,12,[1 7],73,95,107,22,95
1,<environment.Job instance at 0x7f02726ab1e0>,78,12,[10  5],79,98,110,19,98
1,<environment.Job instance at 0x7f02725ea8c0>,80,14,[2 7],81,107,121,26,107
1,<environment.Job instance at 0x7f02726eb820>,92,13,[9 4],93,110,123,17,110
1,<environment.Job instance at 0x7f0272457820>,4,16,[7 4],5,5,21,0,5
1,<environment.Job instance at 0x7f02724570a0>,6,18,[ 4 12],7,21,39,14,10
1,<environment.Job instance at 0x7f0272457aa0>,12,14,[5 5],13,39,53,26,24
1,<environment.Job instance at 0x7f02723cf230>,20,14,[2 7],21,39,53,18,24
1,<environment.Job instance at 0x7f02723cfa00>,24,13,[ 5 14],25,53,66,28,38
1,<environment.Job instance at 0x7f02723cf550>,26,15,[3 6],27,66,81,39,52
1,<environment.Job instance at 0x7f02723cf370>,28,16,[2 6],29,66,82,37,53
1,<environment.Job instance at 0x7f02723cfb90>,35,13,[4 8],36,81,94,45,66
1,<environment.Job instance at 0x7f02723cfb40>,32,20,[8 5],33,82,102,49,76
1,<environment.Job instance at 0x7f02723cff00>,36,13,[5 8],37,94,107,57,78
1,<environment.Job instance at 0x7f0272360690>,39,14,[14  5],40,107,121,67,94
1,<environment.Job instance at 0x7f0272360c80>,41,15,[6 1],42,121,136,79,108
1,<environment.Job instance at 0x7f0272360280>,40,13,[ 5 13],41,121,134,80,108
1,<environment.Job instance at 0x7f02723cf690>,4,16,[7 4],5,5,21,0,5
1,<environment.Job instance at 0x7f0272457910>,12,14,[5 5],13,13,27,0,13
1,<environment.Job instance at 0x7f0272449d20>,20,14,[2 7],21,21,35,0,21
1,<environment.Job instance at 0x7f027c3f2dc0>,21,15,[4 8],22,27,42,5,27
1,<environment.Job instance at 0x7f02724495f0>,26,15,[3 6],27,35,50,8,35
1,<environment.Job instance at 0x7f0272449960>,35,13,[4 8],36,42,55,6,42
1,<environment.Job instance at 0x7f0272449410>,28,16,[2 6],29,50,66,21,50
1,<environment.Job instance at 0x7f02724496e0>,36,13,[5 8],37,55,68,18,55
1,<environment.Job instance at 0x7f027c5635a0>,41,15,[6 1],42,55,70,13,55
1,<environment.Job instance at 0x7f027c563dc0>,46,13,[2 5],47,66,79,19,66
1,<environment.Job instance at 0x7f0272358b90>,49,17,[6 2],50,68,85,18,68
1,<environment.Job instance at 0x7f02723584b0>,50,17,[5 1],51,70,87,19,70
1,<environment.Job instance at 0x7f0272358c80>,53,17,[4 6],54,79,96,25,79
1,<environment.Job instance at 0x7f02724493c0>,30,19,[5 5],31,85,104,54,85
1,<environment.Job instance at 0x7f0272358aa0>,55,14,[ 1 10],56,96,110,40,96
1,<environment.Job instance at 0x7f0272358730>,58,15,[8 2],59,104,119,45,104
1,<environment.Job instance at 0x7f027c566500>,83,13,[4 8],84,110,123,26,110
1,<environment.Job instance at 0x7f027c566960>,81,15,[5 5],82,119,134,37,119
1,<environment.Job instance at 0x7f027286ba00>,8,13,[1 7],9,9,22,0,9
1,<environment.Job instance at 0x7f027286b9b0>,13,13,[11  5],14,14,27,0,14
1,<environment.Job instance at 0x7f027c55c730>,15,13,[5 5],16,27,40,11,20
1,<environment.Job instance at 0x7f027c55c960>,14,24,[8 4],15,27,51,12,22
1,<environment.Job instance at 0x7f02727a8b90>,18,14,[7 5],19,40,54,21,37
1,<environment.Job instance at 0x7f027290afa0>,2,15,[ 4 12],3,54,69,51,43
1,<environment.Job instance at 0x7f02727a8d70>,19,25,[1 6],20,69,94,49,65
1,<environment.Job instance at 0x7f027c55c780>,16,20,[12  3],17,69,89,52,65
1,<environment.Job instance at 0x7f02723573c0>,1,21,[4 8],2,2,23,0,2
1,<environment.Job instance at 0x7f027c5663c0>,4,18,[8 3],5,5,23,0,5
1,<environment.Job instance at 0x7f0272422730>,15,13,[5 5],16,23,36,7,23
1,<environment.Job instance at 0x7f027e3a08c0>,8,13,[1 7],9,23,36,14,23
1,<environment.Job instance at 0x7f02723ab690>,32,12,[7 2],33,36,48,3,36
1,<environment.Job instance at 0x7f027c566640>,5,14,[8 5],6,36,50,30,36
1,<environment.Job instance at 0x7f02728f05f0>,41,13,[4 9],42,48,61,6,48
1,<environment.Job instance at 0x7f027c55c050>,18,14,[7 5],19,50,64,31,50
1,<environment.Job instance at 0x7f02728f0410>,45,14,[ 2 10],46,61,75,15,61
1,<environment.Job instance at 0x7f027c56c640>,25,15,[8 5],26,64,79,38,64
1,<environment.Job instance at 0x7f02724f91e0>,49,14,[ 5 10],50,75,89,25,75
1,<environment.Job instance at 0x7f0272938550>,55,15,[8 4],56,79,94,23,79
1,<environment.Job instance at 0x7f02724f98c0>,52,13,[ 1 10],53,89,102,36,89
1,<environment.Job instance at 0x7f0272938b90>,57,14,[6 4],58,94,108,36,94
1,<environment.Job instance at 0x7f02723c35f0>,72,15,[5 8],73,102,117,29,102
1,<environment.Job instance at 0x7f027c566820>,7,16,[5 8],8,117,133,109,117
1,<environment.Job instance at 0x7f02723c3870>,76,14,[5 7],77,117,131,40,117
1,<environment.Job instance at 0x7f02738d8500>,5,13,[6 4],6,6,19,0,6
1,<environment.Job instance at 0x7f02738d8aa0>,8,19,[1 5],9,9,28,0,9
1,<environment.Job instance at 0x7f02738d8a00>,11,13,[6 5],12,12,25,0,12
1,<environment.Job instance at 0x7f0272f02500>,13,14,[4 5],14,19,33,5,14
1,<environment.Job instance at 0x7f02738da410>,19,17,[1 7],20,28,45,8,20
1,<environment.Job instance at 0x7f02738da1e0>,20,15,[5 1],21,25,40,4,21
1,<environment.Job instance at 0x7f02738dabe0>,22,12,[12  4],23,40,52,17,23
1,<environment.Job instance at 0x7f027276fb40>,26,14,[5 9],27,52,66,25,37
1,<environment.Job instance at 0x7f0272c31960>,28,12,[2 5],29,45,57,16,39
1,<environment.Job instance at 0x7f027284b320>,41,12,[10  2],42,57,69,15,48
1,<environment.Job instance at 0x7f0272815d70>,46,18,[6 4],47,69,87,22,59
1,<environment.Job instance at 0x7f0272815910>,49,17,[11  1],50,87,104,37,75
1,<environment.Job instance at 0x7f027284b640>,42,26,[13  5],43,104,130,61,101
1,<environment.Job instance at 0x7f0272792aa0>,57,12,[14  3],58,130,142,72,113
1,<environment.Job instance at 0x7f0272792e10>,58,15,[ 1 12],59,130,145,71,116
1,<environment.Job instance at 0x7f0272358410>,2,16,[10  3],3,3,19,0,3
1,<environment.Job instance at 0x7f027253f140>,8,19,[1 5],9,9,28,0,9
1,<environment.Job instance at 0x7f027253f050>,5,13,[6 4],6,19,32,13,19
1,<environment.Job instance at 0x7f027253f3c0>,11,13,[6 5],12,19,32,7,19
1,<environment.Job instance at 0x7f027253fd70>,13,14,[4 5],14,32,46,18,32
1,<environment.Job instance at 0x7f0272358e10>,6,14,[10  3],7,32,46,25,32
1,<environment.Job instance at 0x7f027c563d70>,19,17,[1 7],20,32,49,12,32
1,<environment.Job instance at 0x7f027c563820>,20,15,[5 1],21,46,61,25,46
1,<environment.Job instance at 0x7f027c563e10>,17,15,[9 5],18,46,61,28,46
1,<environment.Job instance at 0x7f027c563780>,28,12,[2 5],29,61,73,32,61
1,<environment.Job instance at 0x7f027c563dc0>,26,14,[5 9],27,61,75,34,61
1,<environment.Job instance at 0x7f02723c39b0>,29,16,[6 5],30,73,89,43,73
1,<environment.Job instance at 0x7f027c563910>,21,18,[5 9],22,75,93,53,75
1,<environment.Job instance at 0x7f02723c3960>,36,18,[7 5],37,89,107,52,89
1,<environment.Job instance at 0x7f02723c3fa0>,37,18,[5 9],38,93,111,55,93
1,<environment.Job instance at 0x7f02723c3d70>,41,12,[10  2],42,107,119,65,107
1,<environment.Job instance at 0x7f0272938960>,53,15,[ 3 10],54,111,126,57,111
1,<environment.Job instance at 0x7f02729382d0>,51,16,[7 3],52,119,135,67,119
1,<environment.Job instance at 0x7f02727fa870>,1,18,[6 1],2,2,20,0,2
1,<environment.Job instance at 0x7f02727faf50>,8,17,[7 1],9,9,26,0,9
1,<environment.Job instance at 0x7f02727fa910>,13,26,[1 6],14,14,40,0,14
1,<environment.Job instance at 0x7f02727fafa0>,11,26,[5 4],12,25,51,13,25
1,<environment.Job instance at 0x7f02727fa1e0>,12,21,[6 4],13,38,59,25,38
1,<environment.Job instance at 0x7f0272f11780>,17,16,[ 4 10],18,52,68,34,52
1,<environment.Job instance at 0x7f02727fa410>,10,14,[12  4],11,72,86,61,72
1,<environment.Job instance at 0x7f0272f111e0>,19,17,[5 5],20,86,103,66,74
1,<environment.Job instance at 0x7f0272f110f0>,18,12,[11  4],19,103,115,84,99
1,<environment.Job instance at 0x7f0272f11460>,20,14,[ 3 13],21,115,129,94,101
1,<environment.Job instance at 0x7f027c5667d0>,1,18,[6 1],2,2,20,0,2
1,<environment.Job instance at 0x7f027c566870>,2,19,[1 7],3,3,22,0,3
1,<environment.Job instance at 0x7f027e3a08c0>,8,17,[7 1],9,9,26,0,9
1,<environment.Job instance at 0x7f027c56cf50>,19,17,[5 5],20,20,37,0,20
1,<environment.Job instance at 0x7f027c56cf00>,23,13,[1 5],24,26,39,2,26
1,<environment.Job instance at 0x7f027c56cb90>,21,15,[9 4],22,26,41,4,26
1,<environment.Job instance at 0x7f02724f95f0>,29,16,[4 9],30,39,55,9,39
1,<environment.Job instance at 0x7f027c563af0>,33,14,[6 5],34,41,55,7,41
1,<environment.Job instance at 0x7f027c563280>,35,15,[10  3],36,55,70,19,55
1,<environment.Job instance at 0x7f027c56cb40>,17,16,[ 4 10],18,55,71,37,55
1,<environment.Job instance at 0x7f027c563820>,38,13,[9 4],39,70,83,31,70
1,<environment.Job instance at 0x7f027c563370>,41,15,[4 5],42,71,86,29,71
1,<environment.Job instance at 0x7f027253f7d0>,46,16,[4 5],47,83,99,36,83
1,<environment.Job instance at 0x7f0272ba3140>,50,18,[7 3],51,83,101,32,83
1,<environment.Job instance at 0x7f027253f500>,49,16,[ 5 10],50,99,115,49,99
1,<environment.Job instance at 0x7f0272ba3f50>,51,16,[9 2],52,101,117,49,101
1,<environment.Job instance at 0x7f02724f9730>,30,18,[ 2 10],31,115,133,84,115
1,<environment.Job instance at 0x7f02727facd0>,57,13,[9 4],58,117,130,59,117
1,<environment.Job instance at 0x7f02729edf50>,0,21,[5 2],1,1,22,0,1
1,<environment.Job instance at 0x7f0272f0aaf0>,5,12,[3 6],6,6,18,0,6
1,<environment.Job instance at 0x7f0272b5bd70>,7,13,[7 4],8,8,21,0,8
1,<environment.Job instance at 0x7f0272b5bf50>,10,15,[5 2],11,21,36,10,11
1,<environment.Job instance at 0x7f0272ee9050>,12,14,[7 1],13,22,36,9,13
1,<environment.Job instance at 0x7f0272ee9730>,11,13,[12  5],12,36,49,24,20
1,<environment.Job instance at 0x7f0272f0a9b0>,4,19,[ 4 11],5,49,68,44,42
1,<environment.Job instance at 0x7f0272b7d050>,9,27,[6 1],10,49,76,39,47
1,<environment.Job instance at 0x7f0272ee98c0>,17,14,[2 6],18,68,82,50,53
1,<environment.Job instance at 0x7f0272ee9f00>,16,22,[11  5],17,76,98,59,69
1,<environment.Job instance at 0x7f0272ef25f0>,0,21,[5 2],1,1,22,0,1
1,<environment.Job instance at 0x7f0272ef2550>,5,12,[3 6],6,6,18,0,6
1,<environment.Job instance at 0x7f0272ef2780>,7,13,[7 4],8,8,21,0,8
1,<environment.Job instance at 0x7f02727db460>,17,14,[2 6],18,18,32,0,18
1,<environment.Job instance at 0x7f02727dbd70>,12,14,[7 1],13,21,35,8,21
1,<environment.Job instance at 0x7f0272ef2870>,10,15,[5 2],11,22,37,11,22
1,<environment.Job instance at 0x7f027253f0f0>,30,18,[1 5],31,31,49,0,31
1,<environment.Job instance at 0x7f027253f140>,27,20,[3 7],28,35,55,7,35
1,<environment.Job instance at 0x7f027c563280>,42,12,[8 4],43,49,61,6,49
1,<environment.Job instance at 0x7f027c563910>,35,13,[ 2 10],36,55,68,19,55
1,<environment.Job instance at 0x7f027c563af0>,44,13,[5 4],45,61,74,16,61
1,<environment.Job instance at 0x7f02727a8820>,58,13,[5 3],59,68,81,9,68
1,<environment.Job instance at 0x7f02724f9690>,51,16,[4 6],52,68,84,16,68
1,<environment.Job instance at 0x7f027c56c9b0>,61,16,[5 1],62,74,90,12,74
1,<environment.Job instance at 0x7f027359f7d0>,64,18,[2 8],65,81,99,16,81
1,<environment.Job instance at 0x7f027c5638c0>,45,14,[8 5],46,84,98,38,84
1,<environment.Job instance at 0x7f02724f98c0>,48,15,[7 2],49,98,113,49,98
1,<environment.Job instance at 0x7f027c56cfa0>,59,16,[ 3 10],60,99,115,39,99
1,<environment.Job instance at 0x7f02729dd4b0>,88,16,[1 5],89,113,129,24,113
1,<environment.Job instance at 0x7f0272ba3910>,91,13,[9 3],92,115,128,23,115
1,<environment.Job instance at 0x7f02729ddd20>,85,17,[3 6],86,115,132,29,115
1,<environment.Job instance at 0x7f0273560190>,0,13,[8 3],1,1,14,0,1
1,<environment.Job instance at 0x7f027bf71e10>,10,13,[7 5],11,11,24,0,11
1,<environment.Job instance at 0x7f027281e140>,0,13,[8 3],1,1,14,0,1
1,<environment.Job instance at 0x7f027281ef50>,10,13,[7 5],11,11,24,0,11
1,<environment.Job instance at 0x7f0272ba3c80>,14,15,[4 6],15,15,30,0,15
1,<environment.Job instance at 0x7f027302de10>,18,14,[8 1],19,24,38,5,24
1,<environment.Job instance at 0x7f027c56c8c0>,29,13,[ 2 10],30,30,43,0,30
1,<environment.Job instance at 0x7f0272ba35a0>,17,17,[5 4],18,30,47,12,30
1,<environment.Job instance at 0x7f027253fa00>,38,15,[1 9],39,43,58,4,43
1,<environment.Job instance at 0x7f02727db0f0>,44,13,[4 7],45,58,71,13,58
1,<environment.Job instance at 0x7f027253f0f0>,43,18,[1 8],44,58,76,14,58
1,<environment.Job instance at 0x7f02738a0730>,63,14,[7 2],64,76,90,12,76
1,<environment.Job instance at 0x7f02738a0780>,66,12,[6 1],67,76,88,9,76
1,<environment.Job instance at 0x7f02727dba50>,56,15,[ 1 10],57,76,91,19,76
1,<environment.Job instance at 0x7f0273564c80>,70,15,[10  1],71,90,105,19,90
1,<environment.Job instance at 0x7f02735640f0>,71,14,[3 8],72,91,105,19,91
1,<environment.Job instance at 0x7f0273564d20>,73,14,[5 4],74,105,119,31,105
1,<environment.Job instance at 0x7f027253f0a0>,42,16,[ 4 10],43,106,122,63,106
1,<environment.Job instance at 0x7f0273564e60>,79,16,[9 2],80,119,135,39,119
1,<environment.Job instance at 0x7f0272cb81e0>,0,14,[2 7],1,1,15,0,1
1,<environment.Job instance at 0x7f027c63f050>,2,14,[5 5],3,3,17,0,3
1,<environment.Job instance at 0x7f0273387960>,5,16,[6 1],6,6,22,0,6
1,<environment.Job instance at 0x7f0273387b40>,8,18,[1 5],9,15,33,6,9
1,<environment.Job instance at 0x7f0272826e60>,10,12,[6 3],11,17,29,6,11
1,<environment.Job instance at 0x7f0272826780>,11,16,[10  2],12,29,45,17,16
1,<environment.Job instance at 0x7f0272826550>,16,18,[6 2],17,45,63,28,34
1,<environment.Job instance at 0x7f0272826c80>,17,14,[ 4 12],18,34,48,16,34
1,<environment.Job instance at 0x7f02728269b0>,18,13,[7 5],19,48,61,29,34
1,<environment.Job instance at 0x7f02728262d0>,13,12,[ 1 14],14,73,85,59,73
1,<environment.Job instance at 0x7f0272826cd0>,20,14,[11  5],21,85,99,64,76
1,<environment.Job instance at 0x7f0273387730>,12,15,[ 4 14],13,101,116,88,101
1,<environment.Job instance at 0x7f0273564af0>,0,14,[2 7],1,1,15,0,1
1,<environment.Job instance at 0x7f0273564e10>,2,14,[5 5],3,3,17,0,3
1,<environment.Job instance at 0x7f0273564e60>,5,16,[6 1],6,6,22,0,6
1,<environment.Job instance at 0x7f0273564640>,8,18,[1 5],9,15,33,6,15
1,<environment.Job instance at 0x7f0272148730>,10,12,[6 3],11,17,29,6,17
1,<environment.Job instance at 0x7f0272e9ce60>,18,13,[7 5],19,22,35,3,22
1,<environment.Job instance at 0x7f0272e89780>,21,15,[7 3],22,29,44,7,29
1,<environment.Job instance at 0x7f02734e3be0>,25,14,[4 7],26,35,49,9,35
1,<environment.Job instance at 0x7f0272578140>,15,13,[9 5],16,44,57,28,44
1,<environment.Job instance at 0x7f02734e4370>,34,13,[1 6],35,49,62,14,49
1,<environment.Job instance at 0x7f02734e44b0>,32,18,[5 4],33,49,67,16,49
1,<environment.Job instance at 0x7f02734f3af0>,38,17,[7 4],39,57,74,18,57
1,<environment.Job instance at 0x7f02734f50a0>,47,12,[4 5],48,67,79,19,67
1,<environment.Job instance at 0x7f02734ded20>,45,16,[4 9],46,76,92,30,76
1,<environment.Job instance at 0x7f027e3a08c0>,11,16,[10  2],12,79,95,67,79
1,<environment.Job instance at 0x7f02734d44b0>,54,12,[ 5 10],55,92,104,37,92
1,<environment.Job instance at 0x7f0272528910>,56,16,[8 4],57,96,112,39,96
1,<environment.Job instance at 0x7f0272578320>,16,18,[6 2],17,105,123,88,105
1,<environment.Job instance at 0x7f02734d4190>,51,22,[1 8],52,105,127,53,105
1,<environment.Job instance at 0x7f0272528aa0>,55,19,[7 5],56,112,131,56,112
1,<environment.Job instance at 0x7f02727874b0>,1,14,[5 7],2,2,16,0,2
1,<environment.Job instance at 0x7f0272787be0>,3,13,[8 1],4,4,17,0,4
1,<environment.Job instance at 0x7f0272787370>,10,22,[12  5],11,17,39,6,11
1,<environment.Job instance at 0x7f027256e140>,1,14,[5 7],2,2,16,0,2
1,<environment.Job instance at 0x7f027256e0f0>,2,16,[4 6],3,3,19,0,3
1,<environment.Job instance at 0x7f0272592460>,11,19,[6 1],12,12,31,0,12
1,<environment.Job instance at 0x7f0272592b90>,12,12,[2 5],13,16,28,3,16
1,<environment.Job instance at 0x7f027256e550>,3,13,[8 1],4,28,41,24,28
1,<environment.Job instance at 0x7f027256e320>,5,16,[ 3 10],6,31,47,25,31
1,<environment.Job instance at 0x7f027296da50>,23,14,[10  4],24,42,56,18,42
1,<environment.Job instance at 0x7f02734fbbe0>,27,18,[1 9],28,48,66,20,48
1,<environment.Job instance at 0x7f0272498b40>,33,16,[7 5],34,56,72,22,56
1,<environment.Job instance at 0x7f0272498a00>,35,12,[8 3],36,66,78,30,66
1,<environment.Job instance at 0x7f02724980f0>,32,18,[5 2],33,72,90,39,72
1,<environment.Job instance at 0x7f027249c640>,40,13,[9 1],41,78,91,37,78
1,<environment.Job instance at 0x7f0272528c30>,45,12,[3 5],46,90,102,44,90
1,<environment.Job instance at 0x7f02728ad870>,28,19,[3 6],29,90,109,61,90
1,<environment.Job instance at 0x7f027249dbe0>,7,18,[8 3],8,91,109,83,91
1,<environment.Job instance at 0x7f027249cf50>,39,16,[4 8],40,112,128,72,112
1,<environment.Job instance at 0x7f02734f5a00>,56,12,[3 6],57,112,124,55,112
1,<environment.Job instance at 0x7f02720775a0>,5,14,[3 9],6,6,20,0,6
1,<environment.Job instance at 0x7f0272077550>,6,12,[10  1],7,7,19,0,7
1,<environment.Job instance at 0x7f0272077c30>,7,17,[4 7],8,20,37,12,8
1,<environment.Job instance at 0x7f0273921320>,5,14,[3 9],6,6,20,0,6
1,<environment.Job instance at 0x7f02739210a0>,6,12,[10  1],7,7,19,0,7
1,<environment.Job instance at 0x7f0272eeff50>,13,13,[9 2],14,19,32,5,19
1,<environment.Job instance at 0x7f0273921140>,10,16,[ 1 10],11,20,36,9,20
1,<environment.Job instance at 0x7f0272eef4b0>,18,16,[7 4],19,32,48,13,32
1,<environment.Job instance at 0x7f027240f0f0>,30,13,[1 9],31,36,49,5,36
1,<environment.Job instance at 0x7f0272e88780>,31,12,[5 2],32,36,48,4,36
1,<environment.Job instance at 0x7f02726c0f50>,32,18,[7 1],33,48,66,15,48
1,<environment.Job instance at 0x7f02737db870>,22,15,[1 7],23,49,64,26,49
1,<environment.Job instance at 0x7f02734e4cd0>,38,16,[4 5],39,49,65,10,49
1,<environment.Job instance at 0x7f0273921b90>,7,17,[4 7],8,64,81,56,64
1,<environment.Job instance at 0x7f02734c3a50>,42,16,[9 3],43,66,82,23,66
1,<environment.Job instance at 0x7f02734d4fa0>,51,16,[2 7],52,81,97,29,81
1,<environment.Job instance at 0x7f02734deb90>,46,17,[4 7],47,82,99,35,82
1,<environment.Job instance at 0x7f02734f3af0>,40,17,[6 3],41,97,114,56,97
1,<environment.Job instance at 0x7f02734dc3c0>,64,12,[5 1],65,99,111,34,99
1,<environment.Job instance at 0x7f027249c5a0>,66,12,[4 8],67,99,111,32,99
1,<environment.Job instance at 0x7f027249cfa0>,67,14,[1 9],68,111,125,43,111
1,<environment.Job instance at 0x7f02724ab050>,72,12,[1 6],73,114,126,41,114
1,<environment.Job instance at 0x7f02724f4690>,8,15,[ 2 10],9,12,27,3,12
1,<environment.Job instance at 0x7f02730229b0>,12,13,[11  3],13,13,26,0,13
1,<environment.Job instance at 0x7f02724f4780>,11,18,[ 2 11],12,27,45,15,16
1,<environment.Job instance at 0x7f02724f4280>,9,18,[12  3],10,90,108,80,90
1,<environment.Job instance at 0x7f027303d820>,5,15,[6 5],6,6,21,0,6
1,<environment.Job instance at 0x7f027303db90>,8,15,[ 2 10],9,9,24,0,9
1,<environment.Job instance at 0x7f027304ad20>,10,17,[10  3],11,21,38,10,21
1,<environment.Job instance at 0x7f0272ca8500>,22,15,[4 7],23,24,39,1,24
1,<environment.Job instance at 0x7f0272ca8f00>,23,22,[3 5],24,38,60,14,38
1,<environment.Job instance at 0x7f02730404b0>,40,12,[9 5],41,41,53,0,41
1,<environment.Job instance at 0x7f02732d10a0>,49,12,[10  2],50,53,65,3,53
1,<environment.Job instance at 0x7f027303c780>,56,12,[2 6],57,60,72,3,60
1,<environment.Job instance at 0x7f0273045e10>,47,13,[3 7],48,60,73,12,60
1,<environment.Job instance at 0x7f0273045f50>,48,20,[6 2],49,65,85,16,65
1,<environment.Job instance at 0x7f0273040e60>,42,12,[9 4],43,73,85,30,73
1,<environment.Job instance at 0x7f0273761a50>,62,13,[9 1],63,85,98,22,85
1,<environment.Job instance at 0x7f02739ce410>,70,12,[1 8],71,85,97,14,85
1,<environment.Job instance at 0x7f02739aac30>,65,13,[5 7],66,97,110,31,97
1,<environment.Job instance at 0x7f02739be820>,71,14,[7 4],72,98,112,26,98
1,<environment.Job instance at 0x7f0272b44a00>,73,15,[2 7],74,110,125,36,110
1,<environment.Job instance at 0x7f0272cc8f50>,79,15,[7 2],80,112,127,32,112
1,<environment.Job instance at 0x7f0273521fa0>,74,16,[3 5],75,112,128,37,112
1,<environment.Job instance at 0x7f0273259a00>,0,12,[5 8],1,1,13,0,1
1,<environment.Job instance at 0x7f0273259460>,5,12,[ 2 14],6,13,25,7,6
1,<environment.Job instance at 0x7f02732d1e10>,15,26,[2 8],16,25,51,9,22
1,<environment.Job instance at 0x7f02732d1050>,16,23,[4 7],17,25,48,8,22
1,<environment.Job instance at 0x7f02722d5280>,0,12,[5 8],1,1,13,0,1
1,<environment.Job instance at 0x7f02722d5a50>,1,20,[10  3],2,2,22,0,2
1,<environment.Job instance at 0x7f0273521fa0>,12,16,[ 5 10],13,13,29,0,13
1,<environment.Job instance at 0x7f027291b820>,17,12,[10  2],18,22,34,4,22
1,<environment.Job instance at 0x7f0273259960>,20,15,[1 6],21,29,44,8,29
1,<environment.Job instance at 0x7f02732599b0>,19,16,[3 6],20,29,45,9,29
1,<environment.Job instance at 0x7f0273776500>,4,21,[10  1],5,34,55,29,34
1,<environment.Job instance at 0x7f0273245550>,30,14,[4 6],31,45,59,14,45
1,<environment.Job instance at 0x7f027228c7d0>,24,13,[7 5],25,55,68,30,55
1,<environment.Job instance at 0x7f0273245230>,36,12,[ 2 10],37,59,71,22,59
1,<environment.Job instance at 0x7f0273245f00>,43,13,[7 4],44,68,81,24,68
1,<environment.Job instance at 0x7f02732458c0>,47,12,[ 4 10],48,71,83,23,71
1,<environment.Job instance at 0x7f0273245780>,32,15,[9 2],33,81,96,48,81
1,<environment.Job instance at 0x7f0273245dc0>,48,14,[4 9],49,83,97,34,83
1,<environment.Job instance at 0x7f0273245960>,33,16,[8 4],34,96,112,62,96
1,<environment.Job instance at 0x7f027350cc30>,65,14,[3 5],66,97,111,31,97
1,<environment.Job instance at 0x7f027352a910>,70,12,[3 5],71,97,109,26,97
1,<environment.Job instance at 0x7f027352ab90>,74,15,[ 1 10],75,111,126,36,111
1,<environment.Job instance at 0x7f027352a190>,75,15,[7 1],76,112,127,36,112
1,<environment.Job instance at 0x7f0273604640>,8,17,[6 1],9,9,26,0,9
1,<environment.Job instance at 0x7f0273604870>,6,15,[14  2],7,26,41,19,14
1,<environment.Job instance at 0x7f0273604910>,7,12,[13  3],8,41,53,33,25
1,<environment.Job instance at 0x7f02722c6690>,5,19,[ 2 13],6,53,72,47,45
1,<environment.Job instance at 0x7f0272a4d8c0>,13,18,[6 1],14,53,71,39,50
1,<environment.Job instance at 0x7f0272a4d370>,15,13,[11  5],16,72,85,56,56
1,<environment.Job instance at 0x7f0272a4d4b0>,16,12,[3 5],17,72,84,55,56
1,<environment.Job instance at 0x7f0272a4dcd0>,18,14,[6 1],19,57,71,38,57
1,<environment.Job instance at 0x7f0273935050>,33,19,[8 1],34,85,104,51,75
1,<environment.Job instance at 0x7f027298f870>,92,13,[5 1],93,93,106,0,93
1,<environment.Job instance at 0x7f027298fe10>,91,12,[10  3],92,104,116,12,94
1,<environment.Job instance at 0x7f027298faa0>,94,13,[9 5],95,116,129,21,100
1,<environment.Job instance at 0x7f0273764d20>,0,18,[8 2],1,1,19,0,1
1,<environment.Job instance at 0x7f0273864eb0>,8,17,[6 1],9,9,26,0,9
1,<environment.Job instance at 0x7f0273776780>,16,12,[3 5],17,19,31,2,19
1,<environment.Job instance at 0x7f02737765f0>,18,14,[6 1],19,19,33,0,19
1,<environment.Job instance at 0x7f02723fbd20>,21,14,[6 5],22,26,40,4,26
1,<environment.Job instance at 0x7f027373a690>,29,12,[7 5],30,33,45,3,33
1,<environment.Job instance at 0x7f027375bb40>,10,15,[8 2],11,40,55,29,40
1,<environment.Job instance at 0x7f027373ad20>,30,16,[6 3],31,45,61,14,45
1,<environment.Job instance at 0x7f0273847910>,36,15,[8 2],37,55,70,18,55
1,<environment.Job instance at 0x7f02722760f0>,43,17,[ 4 10],44,61,78,17,61
1,<environment.Job instance at 0x7f0272276a00>,48,15,[4 5],49,71,86,22,71
1,<environment.Job instance at 0x7f02722762d0>,54,16,[3 6],55,79,95,24,79
1,<environment.Job instance at 0x7f027373a820>,27,16,[8 2],28,79,95,51,79
1,<environment.Job instance at 0x7f0273265aa0>,58,13,[2 8],59,95,108,36,95
1,<environment.Job instance at 0x7f02732659b0>,61,17,[9 2],62,95,112,33,95
1,<environment.Job instance at 0x7f0273265d20>,60,15,[5 8],61,108,123,47,108
1,<environment.Job instance at 0x7f02737423c0>,13,18,[6 1],14,112,130,98,112
1,<environment.Job instance at 0x7f02728c8780>,3,14,[1 7],4,4,18,0,4
1,<environment.Job instance at 0x7f02728c8640>,7,15,[1 7],8,8,23,0,8
1,<environment.Job instance at 0x7f02721e45f0>,3,14,[1 7],4,4,18,0,4
1,<environment.Job instance at 0x7f02729a8b40>,7,15,[1 7],8,8,23,0,8
1,<environment.Job instance at 0x7f02729a8960>,8,18,[5 6],9,18,36,9,18
1,<environment.Job instance at 0x7f027299ba00>,18,12,[4 7],19,23,35,4,23
1,<environment.Job instance at 0x7f02731a5c80>,30,12,[2 5],31,35,47,4,35
1,<environment.Job instance at 0x7f02729bd5a0>,13,12,[5 9],14,36,48,22,36
1,<environment.Job instance at 0x7f02730e2c30>,31,13,[9 3],32,47,60,15,47
1,<environment.Job instance at 0x7f02729a5b40>,20,12,[ 5 10],21,48,60,27,48
1,<environment.Job instance at 0x7f02730eafa0>,37,13,[5 9],38,60,73,22,60
1,<environment.Job instance at 0x7f02730ed3c0>,40,13,[5 1],41,60,73,19,60
1,<environment.Job instance at 0x7f02729b0aa0>,49,13,[6 2],50,73,86,23,73
1,<environment.Job instance at 0x7f0272ef1a50>,34,14,[8 5],35,74,88,39,74
1,<environment.Job instance at 0x7f0272ba26e0>,45,18,[1 8],46,74,92,28,74
1,<environment.Job instance at 0x7f02721f76e0>,53,18,[6 3],54,88,106,34,88
1,<environment.Job instance at 0x7f02721f70f0>,56,16,[2 6],57,92,108,35,92
1,<environment.Job instance at 0x7f02733d6eb0>,59,12,[5 6],60,92,104,32,92
1,<environment.Job instance at 0x7f02733d65a0>,58,17,[5 5],59,104,121,45,104
1,<environment.Job instance at 0x7f02721ec6e0>,62,17,[5 1],63,106,123,43,106
1,<environment.Job instance at 0x7f02721e49b0>,4,18,[5 9],5,108,126,103,108
1,<environment.Job instance at 0x7f0272a3ed20>,6,13,[11  3],7,7,20,0,7
1,<environment.Job instance at 0x7f0272a3e280>,9,13,[6 2],10,20,33,10,10
1,<environment.Job instance at 0x7f0272a3e320>,2,19,[ 1 11],3,18,37,15,18
1,<environment.Job instance at 0x7f0272a405f0>,15,15,[7 3],16,98,113,82,98
1,<environment.Job instance at 0x7f027293fb40>,9,13,[6 2],10,10,23,0,10
1,<environment.Job instance at 0x7f0272938d20>,15,15,[7 3],16,16,31,0,16
1,<environment.Job instance at 0x7f027294de60>,17,16,[2 7],18,18,34,0,18
1,<environment.Job instance at 0x7f0272934820>,24,18,[5 3],25,25,43,0,25
1,<environment.Job instance at 0x7f027386d9b0>,32,18,[5 2],33,33,51,0,33
1,<environment.Job instance at 0x7f027395b910>,33,16,[ 1 10],34,34,50,0,34
1,<environment.Job instance at 0x7f02734ae730>,35,12,[9 5],36,50,62,14,50
1,<environment.Job instance at 0x7f0272942730>,34,12,[ 2 10],35,51,63,16,51
1,<environment.Job instance at 0x7f0272b69460>,43,15,[8 1],44,62,77,18,62
1,<environment.Job instance at 0x7f0272ef4eb0>,56,15,[7 3],57,63,78,6,63
1,<environment.Job instance at 0x7f0272bccaa0>,67,16,[ 3 10],68,78,94,10,78
1,<environment.Job instance at 0x7f0272bccc30>,68,13,[8 2],69,78,91,9,78
1,<environment.Job instance at 0x7f0272bcca00>,71,15,[3 5],72,91,106,19,91
1,<environment.Job instance at 0x7f0272bcceb0>,72,13,[6 5],73,94,107,21,94
1,<environment.Job instance at 0x7f0272ef4e10>,64,19,[5 1],65,94,113,29,94
1,<environment.Job instance at 0x7f0272ef4780>,51,16,[4 7],52,106,122,54,106
1,<environment.Job instance at 0x7f0272bcc050>,77,20,[2 6],78,108,128,30,108
1,<environment.Job instance at 0x7f0273098280>,8,25,[8 3],9,10,35,1,10
1,<environment.Job instance at 0x7f02730985a0>,10,15,[2 6],11,19,34,8,19
1,<environment.Job instance at 0x7f02730986e0>,12,14,[11  1],13,35,49,22,24
1,<environment.Job instance at 0x7f02730983c0>,7,22,[ 2 11],8,34,56,26,32
1,<environment.Job instance at 0x7f02730987d0>,14,17,[7 1],15,49,66,34,37
1,<environment.Job instance at 0x7f0273098870>,15,12,[ 4 12],16,56,68,40,39
1,<environment.Job instance at 0x7f0273098780>,13,24,[8 5],14,69,93,55,69
1,<environment.Job instance at 0x7f02733d7a00>,4,18,[3 8],5,5,23,0,5
1,<environment.Job instance at 0x7f02733d7b40>,5,22,[3 6],6,6,28,0,6
1,<environment.Job instance at 0x7f02733d72d0>,11,12,[6 3],12,23,35,11,23
1,<environment.Job instance at 0x7f02733d7be0>,10,15,[2 6],11,23,38,12,23
1,<environment.Job instance at 0x7f0272bcd460>,22,16,[4 6],23,28,44,5,28
1,<environment.Job instance at 0x7f02733d75f0>,14,17,[7 1],15,35,52,20,35
1,<environment.Job instance at 0x7f02733d7280>,19,18,[1 6],20,38,56,18,38
1,<environment.Job instance at 0x7f0272bcd910>,31,12,[4 5],32,44,56,12,44
1,<environment.Job instance at 0x7f02733c90a0>,9,17,[6 2],10,52,69,42,52
1,<environment.Job instance at 0x7f0272bcc500>,38,14,[1 7],39,56,70,17,56
1,<environment.Job instance at 0x7f0272ef4e10>,47,14,[5 6],48,56,70,8,56
1,<environment.Job instance at 0x7f02733d7e60>,17,17,[9 2],18,69,86,51,69
1,<environment.Job instance at 0x7f0272ef49b0>,50,13,[4 8],51,70,83,19,70
1,<environment.Job instance at 0x7f0272ef4960>,53,13,[4 6],54,83,96,29,83
1,<environment.Job instance at 0x7f0272ef4820>,56,13,[2 7],57,86,99,29,86
1,<environment.Job instance at 0x7f0272ef4cd0>,60,12,[9 4],61,96,108,35,96
1,<environment.Job instance at 0x7f0272bccaf0>,39,15,[5 9],40,99,114,59,99
1,<environment.Job instance at 0x7f0272ef41e0>,57,14,[9 3],58,108,122,50,108
1,<environment.Job instance at 0x7f02734ae730>,72,13,[ 3 10],73,114,127,41,114
1,<environment.Job instance at 0x7f027380f460>,9,15,[3 8],10,10,25,0,10
1,<environment.Job instance at 0x7f02736fba50>,6,20,[2 5],7,12,32,5,12
1,<environment.Job instance at 0x7f027380fdc0>,12,12,[6 4],13,25,37,12,13
1,<environment.Job instance at 0x7f02733c9f50>,7,13,[1 5],8,25,38,17,14
1,<environment.Job instance at 0x7f027380f370>,15,14,[12  4],16,37,51,21,25
1,<environment.Job instance at 0x7f027380f230>,22,14,[6 5],23,51,65,28,37
1,<environment.Job instance at 0x7f027380fcd0>,26,17,[1 5],27,48,65,21,48
1,<environment.Job instance at 0x7f027380ff50>,25,13,[11  2],26,65,78,39,49
1,<environment.Job instance at 0x7f0272528730>,30,15,[ 5 13],31,78,93,47,64
1,<environment.Job instance at 0x7f02725288c0>,31,16,[2 8],32,93,109,61,80
1,<environment.Job instance at 0x7f0272528e60>,34,22,[8 3],35,93,115,58,86
1,<environment.Job instance at 0x7f02736fbbe0>,5,12,[ 1 14],6,115,127,109,98
1,<environment.Job instance at 0x7f0272528500>,33,12,[12  1],34,115,127,81,99
1,<environment.Job instance at 0x7f0272528370>,37,19,[3 6],38,127,146,89,118
1,<environment.Job instance at 0x7f0272528280>,38,21,[12  5],39,127,148,88,119
1,<environment.Job instance at 0x7f02730985f0>,0,17,[6 4],1,1,18,0,1
1,<environment.Job instance at 0x7f02729561e0>,6,20,[2 5],7,7,27,0,7
1,<environment.Job instance at 0x7f027293f410>,7,13,[1 5],8,8,21,0,8
1,<environment.Job instance at 0x7f027293f050>,12,12,[6 4],13,18,30,5,18
1,<environment.Job instance at 0x7f027293f820>,8,21,[7 5],9,21,42,12,21
1,<environment.Job instance at 0x7f0272934820>,22,14,[6 5],23,30,44,7,30
1,<environment.Job instance at 0x7f02731934b0>,26,17,[1 5],27,30,47,3,30
1,<environment.Job instance at 0x7f027293faa0>,11,16,[8 4],12,42,58,30,42
1,<environment.Job instance at 0x7f02730a8370>,9,15,[3 8],10,47,62,37,47
1,<environment.Job instance at 0x7f0272ef4a50>,47,15,[10  2],48,58,73,10,58
1,<environment.Job instance at 0x7f0272bccaf0>,59,14,[1 5],60,60,74,0,60
1,<environment.Job instance at 0x7f0272bcc2d0>,56,13,[2 8],57,62,75,5,62
1,<environment.Job instance at 0x7f0272b692d0>,34,22,[8 3],35,74,96,39,74
1,<environment.Job instance at 0x7f0272bcceb0>,60,19,[5 2],61,74,93,13,74
1,<environment.Job instance at 0x7f0272b69500>,31,16,[2 8],32,75,91,43,75
1,<environment.Job instance at 0x7f0272bcd190>,77,12,[2 6],78,91,103,13,91
1,<environment.Job instance at 0x7f0272ef4690>,37,19,[3 6],38,93,112,55,93
1,<environment.Job instance at 0x7f0272bcc280>,66,20,[5 1],67,96,116,29,96
1,<environment.Job instance at 0x7f0272ef4410>,52,15,[3 8],53,103,118,50,103
1,<environment.Job instance at 0x7f02733d7fa0>,83,16,[5 6],84,112,128,28,112
1,<environment.Job instance at 0x7f0272528780>,100,12,[10  3],101,118,130,17,118
1,<environment.Job instance at 0x7f0273707190>,0,19,[6 4],1,1,20,0,1
1,<environment.Job instance at 0x7f02733d7870>,9,14,[6 5],10,10,24,0,10
1,<environment.Job instance at 0x7f02733d7be0>,13,15,[ 3 10],14,20,35,6,20
1,<environment.Job instance at 0x7f0273707960>,3,14,[10  5],4,24,38,20,24
1,<environment.Job instance at 0x7f02733d7c30>,16,18,[1 8],17,35,53,18,35
1,<environment.Job instance at 0x7f02733d75f0>,22,17,[6 1],23,38,55,15,38
1,<environment.Job instance at 0x7f02733d7e10>,19,18,[8 3],20,38,56,18,38
1,<environment.Job instance at 0x7f0272ef4820>,45,13,[5 4],46,55,68,9,55
1,<environment.Job instance at 0x7f0272ef4d70>,48,13,[10  2],49,57,70,8,57
1,<environment.Job instance at 0x7f0272ef4cd0>,51,15,[5 6],52,69,84,17,69
1,<environment.Job instance at 0x7f0272ef4910>,47,15,[8 2],48,70,85,22,70
1,<environment.Job instance at 0x7f0272ef4870>,53,19,[1 7],54,70,89,16,70
1,<environment.Job instance at 0x7f0272a3e370>,56,18,[5 3],57,84,102,27,84
1,<environment.Job instance at 0x7f0272934640>,59,12,[7 3],60,85,97,25,85
1,<environment.Job instance at 0x7f02729d4960>,64,12,[1 6],65,89,101,24,89
1,<environment.Job instance at 0x7f0272934960>,57,14,[7 5],58,97,111,39,97
1,<environment.Job instance at 0x7f0272c5fc30>,73,16,[7 3],74,102,118,28,102
1,<environment.Job instance at 0x7f0272c5ff50>,75,17,[8 3],76,112,129,36,112
1,<environment.Job instance at 0x7f0272c5fe10>,78,14,[5 6],79,118,132,39,118
1,<environment.Job instance at 0x7f02731a0230>,0,19,[ 4 10],1,1,20,0,1
1,<environment.Job instance at 0x7f027c56d960>,10,17,[10  2],11,11,28,0,11
1,<environment.Job instance at 0x7f02731a0a00>,5,16,[4 6],6,20,36,14,20
1,<environment.Job instance at 0x7f027c56d280>,13,18,[3 8],14,28,46,14,28
1,<environment.Job instance at 0x7f0272295be0>,23,21,[9 3],24,36,57,12,36
1,<environment.Job instance at 0x7f0272c5ffa0>,36,12,[3 8],37,46,58,9,46
1,<environment.Job instance at 0x7f0272c5f730>,41,13,[5 2],42,57,70,15,57
1,<environment.Job instance at 0x7f02731022d0>,14,22,[7 4],15,57,79,42,57
1,<environment.Job instance at 0x7f0273056820>,40,17,[1 6],41,58,75,17,58
1,<environment.Job instance at 0x7f02729d4c80>,48,18,[6 3],49,70,88,21,70
1,<environment.Job instance at 0x7f0272a7b460>,33,22,[1 7],34,75,97,41,75
1,<environment.Job instance at 0x7f0272ef4280>,57,12,[8 4],58,79,91,21,79
1,<environment.Job instance at 0x7f0272938280>,52,16,[6 2],53,88,104,35,88
1,<environment.Job instance at 0x7f0272934f50>,59,18,[3 5],60,91,109,31,91
1,<environment.Job instance at 0x7f0272ef4a00>,64,15,[1 6],65,97,112,32,97
1,<environment.Job instance at 0x7f0272ef4320>,65,14,[10  1],66,104,118,38,104
1,<environment.Job instance at 0x7f0272ef4960>,67,17,[1 9],68,113,130,45,113
1,<environment.Job instance at 0x7f0272bcc370>,76,13,[5 5],77,118,131,41,118
1,<environment.Job instance at 0x7f027293f730>,43,16,[9 1],44,118,134,74,118
1,<environment.Job instance at 0x7fdb7cb6ecd0>,6,20,[6 1],7,7,27,0,7
1,<environment.Job instance at 0x7fdb7cb73320>,16,16,[ 3 11],17,19,35,2,19
1,<environment.Job instance at 0x7fdb7cb73280>,15,18,[ 2 14],16,35,53,19,27
1,<environment.Job instance at 0x7fdb7cb6ed70>,14,13,[7 3],15,53,66,38,42
1,<environment.Job instance at 0x7fdb7cb735a0>,19,14,[ 3 11],20,53,67,33,42
1,<environment.Job instance at 0x7fdb7cb736e0>,21,26,[ 5 12],22,67,93,45,65
1,<environment.Job instance at 0x7fdb7cb73780>,22,13,[13  1],23,93,106,70,78
1,<environment.Job instance at 0x7fdb7cb737d0>,23,18,[2 7],24,93,111,69,82
1,<environment.Job instance at 0x7fdb7cb73870>,24,13,[ 3 14],25,111,124,86,95
1,<environment.Job instance at 0x7fdb7cb73910>,25,23,[ 3 13],26,124,147,98,118
1,<environment.Job instance at 0x7fdb7cbb9140>,0,13,[9 3],1,1,14,0,1
1,<environment.Job instance at 0x7fdb7cb66e60>,2,22,[4 8],3,3,25,0,3
1,<environment.Job instance at 0x7fdb7cb66960>,14,13,[7 3],15,15,28,0,15
1,<environment.Job instance at 0x7fdb7ce23e10>,23,18,[2 7],24,25,43,1,25
1,<environment.Job instance at 0x7fdb7cb667d0>,6,20,[6 1],7,25,45,18,25
1,<environment.Job instance at 0x7fdb7cb66d20>,4,21,[1 6],5,28,49,23,28
1,<environment.Job instance at 0x7fdb7cd16410>,33,16,[2 8],34,43,59,9,43
1,<environment.Job instance at 0x7fdb7cc30eb0>,45,13,[6 5],46,49,62,3,49
1,<environment.Job instance at 0x7fdb7cc7aa00>,56,12,[3 6],57,59,71,2,59
1,<environment.Job instance at 0x7fdb7cc7a4b0>,58,14,[2 7],59,62,76,3,62
1,<environment.Job instance at 0x7fdb7cc30cd0>,40,15,[10  3],41,71,86,30,71
1,<environment.Job instance at 0x7fdb7cc602d0>,53,17,[5 7],54,77,94,23,77
1,<environment.Job instance at 0x7fdb7cc02460>,35,15,[9 5],36,87,102,51,87
1,<environment.Job instance at 0x7fdb7cc51410>,59,17,[1 6],60,94,111,34,94
1,<environment.Job instance at 0x7fdb7cc93190>,62,18,[5 3],63,94,112,31,94
1,<environment.Job instance at 0x7fdb7cc2b370>,77,13,[8 5],78,102,115,24,102
1,<environment.Job instance at 0x7fdb7cc2f0a0>,65,20,[2 6],66,111,131,45,111
1,<environment.Job instance at 0x7fdb7cc2b820>,78,12,[10  2],79,116,128,37,116
1,<environment.Job instance at 0x7fdb7cc2ba00>,80,14,[2 6],81,116,130,35,116
1,<environment.Job instance at 0x7fdb7c2be7d0>,0,18,[6 1],1,1,19,0,1
1,<environment.Job instance at 0x7fdb7c2bbb40>,14,17,[14  2],15,19,36,4,15
1,<environment.Job instance at 0x7fdb7c2bb780>,10,13,[7 4],11,36,49,25,20
1,<environment.Job instance at 0x7fdb7c2bbf00>,16,27,[ 2 12],17,68,95,51,68
1,<environment.Job instance at 0x7fdb7c3e5e10>,29,15,[1 7],30,95,110,65,81
1,<environment.Job instance at 0x7fdb7cc30910>,0,18,[6 1],1,1,19,0,1
1,<environment.Job instance at 0x7fdb7c394690>,4,16,[4 7],5,5,21,0,5
1,<environment.Job instance at 0x7fdb7c394460>,10,13,[7 4],11,19,32,8,19
1,<environment.Job instance at 0x7fdb7c329b40>,20,14,[1 8],21,21,35,0,21
1,<environment.Job instance at 0x7fdb7c326e60>,26,14,[9 5],27,32,46,5,32
1,<environment.Job instance at 0x7fdb7c396e60>,32,13,[3 8],33,35,48,2,35
1,<environment.Job instance at 0x7fdb7c396e10>,33,13,[3 5],34,46,59,12,46
1,<environment.Job instance at 0x7fdb7c32d870>,29,15,[1 7],30,48,63,18,48
1,<environment.Job instance at 0x7fdb7c33c0f0>,47,17,[8 2],48,48,65,0,48
1,<environment.Job instance at 0x7fdb7c3397d0>,36,20,[1 5],37,59,79,22,59
1,<environment.Job instance at 0x7fdb7c33c730>,49,16,[5 8],50,63,79,13,63
1,<environment.Job instance at 0x7fdb7c33c550>,50,13,[8 5],51,79,92,28,79
1,<environment.Job instance at 0x7fdb7c3d5960>,62,12,[1 7],63,79,91,16,79
1,<environment.Job instance at 0x7fdb7c3b2050>,51,14,[2 9],52,91,105,39,91
1,<environment.Job instance at 0x7fdb7c36a3c0>,68,12,[10  5],69,92,104,23,92
1,<environment.Job instance at 0x7fdb7c329be0>,19,15,[10  4],20,104,119,84,104
1,<environment.Job instance at 0x7fdb7c473cd0>,70,14,[2 7],71,105,119,34,105
1,<environment.Job instance at 0x7fdb7c46f410>,82,13,[9 4],83,119,132,36,119
1,<environment.Job instance at 0x7fdb7c35bdc0>,87,14,[ 1 10],88,119,133,31,119
1,<environment.Job instance at 0x7fdb7c124c30>,0,14,[2 7],1,1,15,0,1
1,<environment.Job instance at 0x7fdb7c1248c0>,6,15,[3 6],7,7,22,0,7
1,<environment.Job instance at 0x7fdb7c124690>,12,20,[8 5],13,15,35,2,13
1,<environment.Job instance at 0x7fdb7c124d70>,10,19,[5 5],11,22,41,11,17
1,<environment.Job instance at 0x7fdb7c124780>,16,13,[5 8],17,35,48,18,19
1,<environment.Job instance at 0x7fdb7c124a00>,15,13,[4 8],16,84,97,68,84
1,<environment.Job instance at 0x7fdb7c1245f0>,14,14,[ 3 13],15,97,111,82,93
1,<environment.Job instance at 0x7fdb7c16ff00>,20,13,[ 5 13],21,111,124,90,111
1,<environment.Job instance at 0x7fdb7c124f00>,0,14,[2 7],1,1,15,0,1
1,<environment.Job instance at 0x7fdb7c124730>,1,15,[4 8],2,2,17,0,2
1,<environment.Job instance at 0x7fdb7c15feb0>,6,15,[3 6],7,15,30,8,15
1,<environment.Job instance at 0x7fdb7c15c730>,15,13,[4 8],16,17,30,1,17
1,<environment.Job instance at 0x7fdb7c15c410>,16,13,[5 8],17,30,43,13,30
1,<environment.Job instance at 0x7fdb7c1d87d0>,26,13,[2 5],27,30,43,3,30
1,<environment.Job instance at 0x7fdb7c15c820>,21,15,[6 1],22,30,45,8,30
1,<environment.Job instance at 0x7fdb7c15f320>,8,16,[2 6],9,43,59,34,43
1,<environment.Job instance at 0x7fdb7c1d84b0>,29,17,[6 2],30,43,60,13,43
1,<environment.Job instance at 0x7fdb7c1d8d20>,33,17,[4 6],34,45,62,11,45
1,<environment.Job instance at 0x7fdb7c1d8190>,30,17,[5 1],31,59,76,28,59
1,<environment.Job instance at 0x7fdb7c15f410>,10,19,[5 5],11,60,79,49,60
1,<environment.Job instance at 0x7fdb7c1d8140>,35,14,[ 1 10],36,76,90,40,76
1,<environment.Job instance at 0x7fdb7c1c7730>,61,15,[5 5],62,79,94,17,79
1,<environment.Job instance at 0x7fdb7c1c74b0>,63,13,[4 8],64,90,103,26,90
1,<environment.Job instance at 0x7fdb7c20c7d0>,80,13,[1 6],81,95,108,14,95
1,<environment.Job instance at 0x7fdb7c20c050>,82,20,[8 1],83,95,115,12,95
1,<environment.Job instance at 0x7fdb7c20cd20>,87,16,[5 4],88,104,120,16,104
1,<environment.Job instance at 0x7fdb7c20ce60>,88,14,[8 3],89,115,129,26,115
1,<environment.Job instance at 0x7fdb7c1a54b0>,92,18,[3 6],93,120,138,27,120
1,<environment.Job instance at 0x7fdb7c1a5f00>,94,15,[5 5],95,129,144,34,129
1,<environment.Job instance at 0x7fdb7c7d8370>,2,12,[7 2],3,3,15,0,3
1,<environment.Job instance at 0x7fdb7c7d83c0>,11,13,[4 9],12,15,28,3,15
1,<environment.Job instance at 0x7fdb7c7d89b0>,15,14,[ 2 10],16,28,42,12,17
1,<environment.Job instance at 0x7fdb7c7d87d0>,12,15,[14  2],13,57,72,44,57
1,<environment.Job instance at 0x7fdb7c7d84b0>,13,15,[ 1 13],14,62,77,48,62
1,<environment.Job instance at 0x7fdb7c2c0640>,1,22,[5 9],2,2,24,0,2
1,<environment.Job instance at 0x7fdb7c2c0c80>,2,12,[7 2],3,3,15,0,3
1,<environment.Job instance at 0x7fdb7c2c0b40>,11,13,[4 9],12,24,37,12,24
1,<environment.Job instance at 0x7fdb7c15ca50>,22,13,[ 1 10],23,37,50,14,37
1,<environment.Job instance at 0x7fdb7c15cf00>,25,15,[8 4],26,37,52,11,37
1,<environment.Job instance at 0x7fdb7c2c04b0>,15,14,[ 2 10],16,50,64,34,50
1,<environment.Job instance at 0x7fdb7c15cb40>,27,14,[6 4],28,52,66,24,52
1,<environment.Job instance at 0x7fdb7c15c820>,19,14,[ 5 10],20,64,78,44,64
1,<environment.Job instance at 0x7fdb8632bfa0>,42,15,[5 8],43,78,93,35,78
1,<environment.Job instance at 0x7fdb7c66a320>,46,14,[5 7],47,78,92,31,78
1,<environment.Job instance at 0x7fdb7c66a7d0>,45,16,[6 3],46,92,108,46,92
1,<environment.Job instance at 0x7fdb7c2c0cd0>,20,16,[5 9],21,93,109,72,93
1,<environment.Job instance at 0x7fdb7c66adc0>,53,12,[10  3],54,108,120,54,108
1,<environment.Job instance at 0x7fdb7c66a5a0>,57,14,[5 6],58,109,123,51,109
1,<environment.Job instance at 0x7fdb7c66a780>,56,16,[2 9],57,120,136,63,120
1,<environment.Job instance at 0x7fdb7c801f00>,60,17,[8 1],61,123,140,62,123
1,<environment.Job instance at 0x7fdb7d6aa3c0>,9,17,[11  1],10,12,29,2,12
1,<environment.Job instance at 0x7fdb7ce5bc80>,0,19,[4 9],1,1,20,0,1
1,<environment.Job instance at 0x7fdb7ce5bdc0>,1,12,[10  2],2,2,14,0,2
1,<environment.Job instance at 0x7fdb7c166d70>,11,16,[7 3],12,14,30,2,14
1,<environment.Job instance at 0x7fdb7c1666e0>,13,15,[ 3 10],14,20,35,6,20
1,<environment.Job instance at 0x7fdb861e0910>,21,15,[6 3],22,30,45,8,30
1,<environment.Job instance at 0x7fdb8632a370>,29,17,[5 9],30,35,52,5,35
1,<environment.Job instance at 0x7fdb8632aeb0>,26,17,[10  3],27,45,62,18,45
1,<environment.Job instance at 0x7fdb7c1e6e60>,43,14,[1 5],44,52,66,8,52
1,<environment.Job instance at 0x7fdb7c6d0c80>,45,18,[1 7],46,52,70,6,52
1,<environment.Job instance at 0x7fdb7c6d00f0>,53,15,[7 4],54,66,81,12,66
1,<environment.Job instance at 0x7fdb7c166550>,6,18,[6 4],7,66,84,59,66
1,<environment.Job instance at 0x7fdb7c6d0410>,55,13,[1 7],56,70,83,14,70
1,<environment.Job instance at 0x7fdb7c801960>,62,13,[5 5],63,83,96,20,83
1,<environment.Job instance at 0x7fdb7c6d0aa0>,48,15,[1 6],49,83,98,34,83
1,<environment.Job instance at 0x7fdb7c66aa50>,66,14,[6 4],67,84,98,17,84
1,<environment.Job instance at 0x7fdb8632a730>,23,18,[7 5],24,96,114,72,96
1,<environment.Job instance at 0x7fdb7c683780>,77,13,[6 2],78,98,111,20,98
1,<environment.Job instance at 0x7fdb7c7d8320>,76,14,[ 4 10],77,111,125,34,111
1,<environment.Job instance at 0x7fdb7c15ccd0>,88,17,[7 1],89,114,131,25,114
1,<environment.Job instance at 0x7fdb7c7d8c80>,75,17,[2 9],76,126,143,50,126
1,<environment.Job instance at 0x7fdb7c124280>,81,18,[6 1],82,126,144,44,126
1,<environment.Job instance at 0x7fdb7ccdd320>,9,15,[7 3],10,10,25,0,10
1,<environment.Job instance at 0x7fdb7c5a5cd0>,13,15,[4 9],14,14,29,0,14
1,<environment.Job instance at 0x7fdb7c5a5820>,18,17,[5 2],19,25,42,6,19
1,<environment.Job instance at 0x7fdb7c5a50f0>,19,18,[1 9],20,29,47,9,21
1,<environment.Job instance at 0x7fdb7c5a59b0>,20,15,[6 3],21,52,67,31,52
1,<environment.Job instance at 0x7fdb7c5a5a50>,26,14,[7 2],27,53,67,26,53
1,<environment.Job instance at 0x7fdb7c5a5b40>,17,25,[2 6],18,56,81,38,56
1,<environment.Job instance at 0x7fdb7c5a5e10>,25,13,[ 5 13],26,81,94,55,65
1,<environment.Job instance at 0x7fdb7ccbebe0>,31,13,[7 1],32,67,80,35,67
1,<environment.Job instance at 0x7fdb7ccbeb90>,32,14,[3 6],33,67,81,34,67
1,<environment.Job instance at 0x7fdb7ccbe9b0>,34,19,[6 1],35,80,99,45,70
1,<environment.Job instance at 0x7fdb7c9ef870>,0,18,[7 3],1,1,19,0,1
1,<environment.Job instance at 0x7fdb7c53b640>,4,21,[6 5],5,5,26,0,5
1,<environment.Job instance at 0x7fdb7c9efa00>,7,13,[9 4],8,19,32,11,19
1,<environment.Job instance at 0x7fdb7c1e6f00>,10,17,[4 7],11,26,43,15,26
1,<environment.Job instance at 0x7fdb7c1e6190>,9,15,[7 3],10,32,47,22,32
1,<environment.Job instance at 0x7fdb7c1e64b0>,11,17,[4 5],12,32,49,20,32
1,<environment.Job instance at 0x7fdb7c1e61e0>,13,15,[4 9],14,47,62,33,47
1,<environment.Job instance at 0x7fdb7c5a54b0>,20,15,[6 3],21,49,64,28,49
1,<environment.Job instance at 0x7fdb7c1e6500>,18,17,[5 2],19,49,66,30,49
1,<environment.Job instance at 0x7fdb7c1e6c80>,21,15,[3 9],22,62,77,40,62
1,<environment.Job instance at 0x7fdb7ccdd0a0>,26,14,[7 2],27,64,78,37,64
1,<environment.Job instance at 0x7fdb7c5a60a0>,31,13,[7 1],32,77,90,45,77
1,<environment.Job instance at 0x7fdb7c5a5c80>,19,18,[1 9],20,77,95,57,77
1,<environment.Job instance at 0x7fdb7c5a6190>,41,14,[6 1],42,90,104,48,90
1,<environment.Job instance at 0x7fdb7c5a6730>,44,14,[3 9],45,95,109,50,95
1,<environment.Job instance at 0x7fdb7c5a6460>,32,14,[3 6],33,104,118,71,104
1,<environment.Job instance at 0x7fdb7d6ce050>,1,16,[9 2],2,110,126,108,110
1,<environment.Job instance at 0x7fdb7c5a6780>,36,16,[5 8],37,118,134,81,118
1,<environment.Job instance at 0x7fdb7c5b7f00>,55,16,[10  2],56,126,142,70,126
1,<environment.Job instance at 0x7fdb85f03f50>,1,16,[5 1],2,2,18,0,2
1,<environment.Job instance at 0x7fdb7c81d5f0>,15,24,[6 1],16,17,41,1,17
1,<environment.Job instance at 0x7fdb7c5bad20>,16,26,[ 1 12],17,18,44,1,18
1,<environment.Job instance at 0x7fdb7c5baf50>,18,25,[1 5],19,44,69,25,40
1,<environment.Job instance at 0x7fdb7c5ba640>,19,20,[3 8],20,44,64,24,40
1,<environment.Job instance at 0x7fdb7c5ba4b0>,21,25,[2 7],22,64,89,42,60
1,<environment.Job instance at 0x7fdb7ccc2c80>,22,23,[10  4],23,69,92,46,64
1,<environment.Job instance at 0x7fdb7d75b7d0>,33,15,[3 8],34,89,104,55,75
1,<environment.Job instance at 0x7fdb7d75b280>,34,13,[6 5],35,92,105,57,76
1,<environment.Job instance at 0x7fdb7c5d6910>,1,16,[5 1],2,2,18,0,2
1,<environment.Job instance at 0x7fdb7c5d67d0>,4,18,[2 8],5,5,23,0,5
1,<environment.Job instance at 0x7fdb7c5d63c0>,9,17,[1 6],10,10,27,0,10
1,<environment.Job instance at 0x7fdb7c60dc30>,19,20,[3 8],20,23,43,3,23
1,<environment.Job instance at 0x7fdb7c60d9b0>,24,17,[10  5],25,27,44,2,27
1,<environment.Job instance at 0x7fdb7c5b7b90>,33,15,[3 8],34,43,58,9,43
1,<environment.Job instance at 0x7fdb7c5b7e10>,31,13,[9 3],32,44,57,12,44
1,<environment.Job instance at 0x7fdb7c5b7cd0>,34,13,[6 5],35,57,70,22,57
1,<environment.Job instance at 0x7fdb7c5b7c80>,28,16,[1 5],29,58,74,29,58
1,<environment.Job instance at 0x7fdb7c1e6500>,49,14,[5 4],50,70,84,20,70
1,<environment.Job instance at 0x7fdb7c60d0f0>,25,17,[3 6],26,70,87,44,70
1,<environment.Job instance at 0x7fdb7c1e6460>,60,13,[8 3],61,84,97,23,84
1,<environment.Job instance at 0x7fdb7c5a6f00>,70,13,[7 5],71,87,100,16,87
1,<environment.Job instance at 0x7fdb7c5a6c30>,74,15,[4 6],75,97,112,22,97
1,<environment.Job instance at 0x7fdb7c5a6230>,77,17,[5 4],78,100,117,22,100
1,<environment.Job instance at 0x7fdb7c5a6f50>,78,14,[8 1],79,112,126,33,112
1,<environment.Job instance at 0x7fdb7c60d410>,10,21,[1 8],11,112,133,101,112
1,<environment.Job instance at 0x7fdb7c5b7550>,41,17,[9 2],42,126,143,84,126
1,<environment.Job instance at 0x7fdb861eeeb0>,1,14,[3 8],2,12,26,10,12
1,<environment.Job instance at 0x7fdb7c54dcd0>,0,15,[10  1],1,1,16,0,1
1,<environment.Job instance at 0x7fdb8d322960>,1,14,[3 8],2,2,16,0,2
1,<environment.Job instance at 0x7fdb7c5a60a0>,15,12,[6 4],16,16,28,0,16
1,<environment.Job instance at 0x7fdb7c335c30>,3,14,[5 4],4,16,30,12,16
1,<environment.Job instance at 0x7fdb7c5a54b0>,8,21,[1 7],9,16,37,7,16
1,<environment.Job instance at 0x7fdb7c5a5fa0>,9,16,[9 2],10,28,44,18,28
1,<environment.Job instance at 0x7fdb7ceb8f00>,2,16,[6 5],3,37,53,34,37
1,<environment.Job instance at 0x7fdb7c5a6910>,31,17,[2 7],32,44,61,12,44
1,<environment.Job instance at 0x7fdb7c5b7870>,33,17,[8 3],34,53,70,19,53
1,<environment.Job instance at 0x7fdb7c5b7dc0>,40,14,[7 4],41,61,75,20,61
1,<environment.Job instance at 0x7fdb7c5b7960>,50,14,[2 7],51,70,84,19,70
1,<environment.Job instance at 0x7fdb7c58bfa0>,52,14,[5 5],53,75,89,22,75
1,<environment.Job instance at 0x7fdb7c5a6d20>,11,22,[8 3],12,75,97,63,75
1,<environment.Job instance at 0x7fdb7d34e730>,55,16,[6 1],56,89,105,33,89
1,<environment.Job instance at 0x7fdb7d34e4b0>,58,18,[1 5],59,89,107,30,89
1,<environment.Job instance at 0x7fdb7d34e410>,60,12,[6 3],61,97,109,36,97
1,<environment.Job instance at 0x7fdb7d6e52d0>,65,13,[9 5],66,107,120,41,107
1,<environment.Job instance at 0x7fdb7c5a6280>,24,17,[3 9],25,109,126,84,109
1,<environment.Job instance at 0x7fdb7d6e5eb0>,68,13,[7 5],69,120,133,51,120
1,<environment.Job instance at 0x7fdb7d6e5500>,71,15,[7 3],72,126,141,54,126
1,<environment.Job instance at 0x7fdb7bf69190>,2,21,[1 6],3,3,24,0,3
1,<environment.Job instance at 0x7fdb7bf69fa0>,3,15,[8 1],4,4,19,0,4
1,<environment.Job instance at 0x7fdb7bf69280>,4,14,[5 7],5,5,19,0,5
1,<environment.Job instance at 0x7fdb7bf74eb0>,10,17,[14  2],11,19,36,8,14
1,<environment.Job instance at 0x7fdb7bf74230>,13,19,[10  1],14,36,55,22,34
1,<environment.Job instance at 0x7fdb7bf746e0>,11,14,[ 3 14],12,36,50,24,34
1,<environment.Job instance at 0x7fdb7bf74500>,15,20,[1 8],16,50,70,34,42
1,<environment.Job instance at 0x7fdb7bf74fa0>,14,22,[11  1],15,55,77,40,53
1,<environment.Job instance at 0x7fdb7bf74870>,17,17,[7 2],18,77,94,59,76
1,<environment.Job instance at 0x7fdb7bf695a0>,6,28,[3 9],7,80,108,73,80
1,<environment.Job instance at 0x7fdb7bf74e10>,19,13,[7 2],20,94,107,74,81
1,<environment.Job instance at 0x7fdb7bf742d0>,20,14,[ 2 12],21,108,122,87,94
1,<environment.Job instance at 0x7fdb7bf74640>,18,18,[ 4 10],19,122,140,103,120
1,<environment.Job instance at 0x7fdb7bf74d20>,23,15,[10  5],24,124,139,100,124
1,<environment.Job instance at 0x7fdb7c96d500>,2,21,[1 6],3,3,24,0,3
1,<environment.Job instance at 0x7fdb7c96db90>,3,15,[8 1],4,4,19,0,4
1,<environment.Job instance at 0x7fdb7c96d730>,4,14,[5 7],5,5,19,0,5
1,<environment.Job instance at 0x7fdb7d6a3690>,17,17,[7 2],18,19,36,1,19
1,<environment.Job instance at 0x7fdb7d6a3550>,16,18,[5 4],17,19,37,2,19
1,<environment.Job instance at 0x7fdb7d6a38c0>,15,20,[1 8],16,24,44,8,24
1,<environment.Job instance at 0x7fdb7d6a3230>,19,13,[7 2],20,36,49,16,36
1,<environment.Job instance at 0x7fdb7c5a5fa0>,26,16,[4 7],27,44,60,17,44
1,<environment.Job instance at 0x7fdb7c5a5a00>,27,12,[9 1],28,49,61,21,49
1,<environment.Job instance at 0x7fdb7c2e2c30>,31,14,[2 9],32,60,74,28,60
1,<environment.Job instance at 0x7fdb7c2642d0>,34,15,[3 5],35,60,75,25,60
1,<environment.Job instance at 0x7fdb7d6a3780>,13,19,[10  1],14,61,80,47,61
1,<environment.Job instance at 0x7fdb7c1aeaa0>,41,14,[5 7],42,75,89,33,75
1,<environment.Job instance at 0x7fdb7c1aeb90>,43,13,[8 1],44,80,93,36,80
1,<environment.Job instance at 0x7fdb7c1ae550>,42,16,[4 6],43,89,105,46,89
1,<environment.Job instance at 0x7fdb7c1c44b0>,52,12,[2 5],53,93,105,40,93
1,<environment.Job instance at 0x7fdb7c294410>,47,18,[8 3],48,93,111,45,93
1,<environment.Job instance at 0x7fdb7c1d3b40>,45,16,[ 3 10],46,105,121,59,105
1,<environment.Job instance at 0x7fdb7c2685a0>,63,14,[10  4],64,111,125,47,111
1,<environment.Job instance at 0x7fdb7ce744b0>,67,18,[1 9],68,123,141,55,123
1,<environment.Job instance at 0x7fdb7c5a5aa0>,23,15,[10  5],24,126,141,102,126
1,<environment.Job instance at 0x7fdb7c181410>,0,15,[5 6],1,1,16,0,1
1,<environment.Job instance at 0x7fdb7c181190>,3,22,[6 2],4,4,26,0,4
1,<environment.Job instance at 0x7fdb7c1819b0>,11,12,[13  3],12,26,38,14,12
1,<environment.Job instance at 0x7fdb7c181050>,8,15,[ 1 12],9,16,31,7,13
1,<environment.Job instance at 0x7fdb7c181730>,10,28,[7 1],11,38,66,27,38
1,<environment.Job instance at 0x7fdb7c1815a0>,9,20,[5 6],10,43,63,33,43
1,<environment.Job instance at 0x7fdb7c181870>,15,19,[ 4 14],16,63,82,47,63
1,<environment.Job instance at 0x7fdb7c181aa0>,16,23,[9 5],17,84,107,67,84
1,<environment.Job instance at 0x7fdb7c181370>,17,20,[6 4],18,89,109,71,89
1,<environment.Job instance at 0x7fdb85d24550>,18,27,[13  3],19,109,136,90,107
1,<environment.Job instance at 0x7fdb7c1cad70>,0,15,[5 6],1,1,16,0,1
1,<environment.Job instance at 0x7fdb7c1cac30>,1,21,[4 9],2,2,23,0,2
1,<environment.Job instance at 0x7fdb7c1ca6e0>,9,20,[5 6],10,16,36,6,16
1,<environment.Job instance at 0x7fdb7c1b1500>,20,17,[2 9],21,23,40,2,23
1,<environment.Job instance at 0x7fdb7d67ccd0>,23,15,[10  1],24,36,51,12,36
1,<environment.Job instance at 0x7fdb7ce55d20>,25,12,[1 9],26,40,52,14,40
1,<environment.Job instance at 0x7fdb7ce55be0>,28,18,[5 2],29,51,69,22,51
1,<environment.Job instance at 0x7fdb7d57a8c0>,17,20,[6 4],18,51,71,33,51
1,<environment.Job instance at 0x7fdb7ce4a5f0>,35,14,[3 9],36,52,66,16,52
1,<environment.Job instance at 0x7fdb7ce4a320>,37,17,[4 7],38,66,83,28,66
1,<environment.Job instance at 0x7fdb7ce4af50>,36,12,[10  1],37,71,83,34,71
1,<environment.Job instance at 0x7fdb7c19cd20>,43,13,[9 2],44,83,96,39,83
1,<environment.Job instance at 0x7fdb7ce55910>,27,13,[5 8],28,83,96,55,83
1,<environment.Job instance at 0x7fdb7ce502d0>,52,15,[1 7],53,96,111,43,96
1,<environment.Job instance at 0x7fdb7c268eb0>,48,16,[7 4],49,96,112,47,96
1,<environment.Job instance at 0x7fdb7c1c41e0>,61,12,[5 2],62,96,108,34,96
1,<environment.Job instance at 0x7fdb7c1c4280>,62,18,[7 1],63,108,126,45,108
1,<environment.Job instance at 0x7fdb7c1c42d0>,60,13,[1 9],61,111,124,50,111
1,<environment.Job instance at 0x7fdb7c1ae410>,68,16,[4 5],69,112,128,43,112
1,<environment.Job instance at 0x7fdb7ce40aa0>,40,16,[ 1 10],41,126,142,85,126
1,<environment.Job instance at 0x7fdb7c2698c0>,72,16,[9 3],73,128,144,55,128
1,<environment.Job instance at 0x7fdb7c6a1af0>,1,22,[5 2],2,2,24,0,2
1,<environment.Job instance at 0x7fdb7cead050>,5,15,[3 6],6,6,21,0,6
1,<environment.Job instance at 0x7fdb7c482b90>,8,14,[6 1],9,9,23,0,9
1,<environment.Job instance at 0x7fdb7cf930a0>,10,18,[13  1],11,24,42,13,14
1,<environment.Job instance at 0x7fdb7ceade60>,4,18,[ 1 13],5,23,41,18,15
1,<environment.Job instance at 0x7fdb7ca307d0>,25,15,[6 5],26,42,57,16,29
1,<environment.Job instance at 0x7fdb7ca300f0>,28,15,[ 2 10],29,41,56,12,37
1,<environment.Job instance at 0x7fdb7c482be0>,19,21,[6 1],20,56,77,36,48
1,<environment.Job instance at 0x7fdb7ca30af0>,37,28,[ 1 10],38,57,85,19,56
1,<environment.Job instance at 0x7fdb7ca30320>,34,28,[7 1],35,58,86,23,58
1,<environment.Job instance at 0x7fdb7ca30b90>,39,12,[ 4 14],40,85,97,45,68
1,<environment.Job instance at 0x7fdb7d7899b0>,51,13,[ 3 13],52,97,110,45,82
1,<environment.Job instance at 0x7fdb7d789c80>,42,15,[4 7],43,110,125,67,96
1,<environment.Job instance at 0x7fdb7c157730>,60,12,[9 5],61,110,122,49,96
1,<environment.Job instance at 0x7fdb7c1572d0>,62,12,[9 4],63,122,134,59,107
1,<environment.Job instance at 0x7fdb7c157be0>,63,21,[1 8],64,125,146,61,117
1,<environment.Job instance at 0x7fdb7cc7a1e0>,1,22,[5 2],2,2,24,0,2
1,<environment.Job instance at 0x7fdb7cc7ad20>,3,20,[6 2],4,4,24,0,4
1,<environment.Job instance at 0x7fdb7cc7a640>,5,15,[3 6],6,6,21,0,6
1,<environment.Job instance at 0x7fdb7cc7adc0>,8,14,[6 1],9,24,38,15,24
1,<environment.Job instance at 0x7fdb7cf463c0>,13,15,[7 2],14,24,39,10,24
1,<environment.Job instance at 0x7fdb7c2b20f0>,28,15,[ 2 10],29,29,44,0,29
1,<environment.Job instance at 0x7fdb7cf46140>,19,21,[6 1],20,38,59,18,38
1,<environment.Job instance at 0x7fdb7c181960>,25,15,[6 5],26,44,59,18,44
1,<environment.Job instance at 0x7fdb7c1aea00>,42,15,[4 7],43,59,74,16,59
1,<environment.Job instance at 0x7fdb7d187320>,30,17,[10  3],31,59,76,28,59
1,<environment.Job instance at 0x7fdb7c1ae280>,43,22,[3 5],44,74,96,30,74
1,<environment.Job instance at 0x7fdb7ce3a550>,60,12,[9 5],61,76,88,15,76
1,<environment.Job instance at 0x7fdb7ce40c80>,69,12,[10  2],70,88,100,18,88
1,<environment.Job instance at 0x7fdb7c19c370>,67,13,[3 7],68,96,109,28,96
1,<environment.Job instance at 0x7fdb7c993960>,76,12,[2 6],77,96,108,19,96
1,<environment.Job instance at 0x7fdb7d568640>,82,13,[9 1],83,100,113,17,100
1,<environment.Job instance at 0x7fdb7ce55b90>,80,18,[ 2 10],81,109,127,28,109
1,<environment.Job instance at 0x7fdb7ce3aa00>,62,12,[9 4],63,113,125,50,113
1,<environment.Job instance at 0x7fdb7ce74b40>,66,18,[10  3],67,125,143,58,125
1,<environment.Job instance at 0x7fdb7c1b1320>,90,12,[1 8],91,127,139,36,127
1,<environment.Job instance at 0x7fdb7d75f9b0>,1,16,[5 1],2,2,18,0,2
1,<environment.Job instance at 0x7fdb7d75fd20>,2,15,[9 3],3,3,18,0,3
1,<environment.Job instance at 0x7fdb7d75f2d0>,7,17,[7 1],8,18,35,10,8
1,<environment.Job instance at 0x7fdb7d75fe60>,10,12,[5 8],11,18,30,7,18
1,<environment.Job instance at 0x7fdb7d75f3c0>,15,12,[ 2 14],16,30,42,14,19
1,<environment.Job instance at 0x7fdb7d75f690>,14,21,[10  1],15,35,56,20,27
1,<environment.Job instance at 0x7fdb7d75f870>,16,17,[ 1 12],17,42,59,25,30
1,<environment.Job instance at 0x7fdb7c57bdc0>,23,12,[13  2],24,56,68,32,39
1,<environment.Job instance at 0x7fdb7c57b140>,24,22,[6 2],25,68,90,43,61
1,<environment.Job instance at 0x7fdb7c57b780>,22,16,[ 5 10],23,68,84,45,61
1,<environment.Job instance at 0x7fdb7c2efb90>,27,12,[10  2],28,90,102,62,76
1,<environment.Job instance at 0x7fdb85f080a0>,26,23,[4 7],27,84,107,57,78
1,<environment.Job instance at 0x7fdb7c2ef320>,30,15,[1 6],31,84,99,53,78
1,<environment.Job instance at 0x7fdb7c2efbe0>,29,16,[3 6],30,102,118,72,96
1,<environment.Job instance at 0x7fdb7c2ef690>,31,23,[8 4],32,107,130,75,102
1,<environment.Job instance at 0x7fdb85f08190>,25,26,[2 8],26,118,144,92,116
1,<environment.Job instance at 0x7fdb7c802280>,34,13,[7 5],35,130,143,95,116
1,<environment.Job instance at 0x7fdb7c802be0>,35,13,[12  1],36,143,156,107,127
1,<environment.Job instance at 0x7fdb7ccfa730>,1,16,[5 1],2,2,18,0,2
1,<environment.Job instance at 0x7fdb7cd131e0>,2,15,[9 3],3,3,18,0,3
1,<environment.Job instance at 0x7fdb7d5aff50>,10,12,[5 8],11,18,30,7,18
1,<environment.Job instance at 0x7fdb7cd13960>,7,17,[7 1],8,18,35,10,18
1,<environment.Job instance at 0x7fdb7cd06be0>,22,16,[ 5 10],23,30,46,7,30
1,<environment.Job instance at 0x7fdb7cd2d0a0>,11,20,[10  3],12,35,55,23,35
1,<environment.Job instance at 0x7fdb7cd103c0>,29,16,[3 6],30,46,62,16,46
1,<environment.Job instance at 0x7fdb7cd10a00>,30,15,[1 6],31,46,61,15,46
1,<environment.Job instance at 0x7fdb7c9fbc80>,27,12,[10  2],28,55,67,27,55
1,<environment.Job instance at 0x7fdb7cd13f00>,4,21,[2 7],5,61,82,56,61
1,<environment.Job instance at 0x7fdb7d5bb230>,34,13,[7 5],35,67,80,32,67
1,<environment.Job instance at 0x7fdb7d5b9e60>,40,14,[4 6],41,80,94,39,80
1,<environment.Job instance at 0x7fdb7ca0a8c0>,42,15,[9 2],43,80,95,37,80
1,<environment.Job instance at 0x7fdb7c9e8230>,46,12,[ 2 10],47,94,106,47,94
1,<environment.Job instance at 0x7fdb7ca86f00>,53,13,[7 4],54,95,108,41,95
1,<environment.Job instance at 0x7fdb7c6b9730>,57,12,[ 4 10],58,106,118,48,106
1,<environment.Job instance at 0x7fdb7ca0aa00>,43,16,[8 4],44,108,124,64,108
1,<environment.Job instance at 0x7fdb7cb8bd70>,58,14,[4 9],59,118,132,59,118
1,<environment.Job instance at 0x7fdb7cd2d0f0>,14,21,[10  1],15,124,145,109,124
1,<environment.Job instance at 0x7fdb7c40b730>,0,18,[8 2],1,1,19,0,1
1,<environment.Job instance at 0x7fdb7cfe8780>,8,17,[6 1],9,9,26,0,9
1,<environment.Job instance at 0x7fdb7cff4a00>,16,12,[3 5],17,19,31,2,19
1,<environment.Job instance at 0x7fdb7cff4a50>,18,14,[6 1],19,19,33,0,19
1,<environment.Job instance at 0x7fdb7cff4d20>,21,14,[6 5],22,26,40,4,26
1,<environment.Job instance at 0x7fdb7cfef140>,29,12,[7 5],30,33,45,3,33
1,<environment.Job instance at 0x7fdb7cfe80f0>,10,15,[8 2],11,40,55,29,40
1,<environment.Job instance at 0x7fdb7cfefcd0>,30,16,[6 3],31,45,61,14,45
1,<environment.Job instance at 0x7fdb7cfefc30>,36,15,[8 2],37,55,70,18,55
1,<environment.Job instance at 0x7fdb7cfefdc0>,43,17,[ 4 10],44,61,78,17,61
1,<environment.Job instance at 0x7fdb7cfd4c30>,48,15,[4 5],49,71,86,22,71
1,<environment.Job instance at 0x7fdb7cfd47d0>,54,16,[3 6],55,79,95,24,79
1,<environment.Job instance at 0x7fdb7cff4460>,27,16,[8 2],28,79,95,51,79
1,<environment.Job instance at 0x7fdb7cfd4050>,58,13,[2 8],59,95,108,36,95
1,<environment.Job instance at 0x7fdb7cfd45a0>,61,17,[9 2],62,95,112,33,95
1,<environment.Job instance at 0x7fdb7cfd4a00>,60,15,[5 8],61,108,123,47,108
1,<environment.Job instance at 0x7fdb7cfe8e10>,13,18,[6 1],14,112,130,98,112
1,<environment.Job instance at 0x7fdb7cfddaa0>,68,14,[5 7],69,124,138,55,124
1,<environment.Job instance at 0x7fdb7cb5f640>,3,12,[5 9],4,4,16,0,4
1,<environment.Job instance at 0x7fdb7cc61280>,3,12,[5 9],4,4,16,0,4
1,<environment.Job instance at 0x7fdb7cc61c80>,7,20,[5 6],8,8,28,0,8
1,<environment.Job instance at 0x7fdb7cc61d70>,8,12,[4 7],9,16,28,7,16
1,<environment.Job instance at 0x7fdb7cfdd690>,20,12,[2 5],21,28,40,7,28
1,<environment.Job instance at 0x7fdb7cc61e60>,10,12,[ 5 10],11,28,40,17,28
1,<environment.Job instance at 0x7fdb7cfd4aa0>,27,13,[5 9],28,40,53,12,40
1,<environment.Job instance at 0x7fdb7cfdddc0>,21,13,[9 3],22,40,53,18,40
1,<environment.Job instance at 0x7fdb7cfd45a0>,30,13,[5 1],31,53,66,22,53
1,<environment.Job instance at 0x7fdb7cfd4500>,39,13,[6 2],40,53,66,13,53
1,<environment.Job instance at 0x7fdb7cfd4190>,35,18,[1 8],36,53,71,17,53
1,<environment.Job instance at 0x7fdb7cfdda00>,24,14,[8 5],25,66,80,41,66
1,<environment.Job instance at 0x7fdb7cfef7d0>,46,16,[2 6],47,71,87,24,71
1,<environment.Job instance at 0x7fdb7cfef0a0>,49,12,[5 6],50,80,92,30,80
1,<environment.Job instance at 0x7fdb7cfd4690>,43,18,[6 3],44,80,98,36,80
1,<environment.Job instance at 0x7fdb7cfef320>,48,17,[5 5],49,92,109,43,92
1,<environment.Job instance at 0x7fdb7cfef230>,54,15,[9 5],55,98,113,43,98
1,<environment.Job instance at 0x7fdb7cfef5f0>,57,14,[3 8],58,109,123,51,109
1,<environment.Job instance at 0x7fdb7cfefe10>,52,17,[5 1],53,114,131,61,114
1,<environment.Job instance at 0x7fdb7cff4280>,63,17,[5 7],64,123,140,59,123
1,<environment.Job instance at 0x7fdb7cff4dc0>,64,12,[5 1],65,123,135,58,123
1,<environment.Job instance at 0x7fdb7ce67eb0>,4,18,[5 3],5,5,23,0,5
1,<environment.Job instance at 0x7fdb7ce67780>,13,16,[ 1 10],14,14,30,0,14
1,<environment.Job instance at 0x7fdb7ce67870>,14,12,[ 2 10],15,30,42,15,15
1,<environment.Job instance at 0x7fdb7ce67960>,10,14,[ 4 11],11,42,56,31,27
1,<environment.Job instance at 0x7fdb7c5083c0>,23,15,[8 1],24,27,42,3,27
1,<environment.Job instance at 0x7fdb7ce67a50>,11,13,[14  1],12,56,69,44,41
1,<environment.Job instance at 0x7fdb7ce60870>,27,13,[12  3],28,69,82,41,53
1,<environment.Job instance at 0x7fdb7ce60690>,28,19,[ 2 11],29,69,88,40,59
1,<environment.Job instance at 0x7fdb7c508690>,24,20,[ 4 13],25,88,108,63,80
1,<environment.Job instance at 0x7fdb7ce677d0>,12,18,[5 2],13,82,100,69,81
1,<environment.Job instance at 0x7fdb7ce60e60>,31,16,[4 7],32,108,124,76,100
1,<environment.Job instance at 0x7fdb7ce60eb0>,30,25,[9 1],31,104,129,73,104
1,<environment.Job instance at 0x7fdb7c508dc0>,26,26,[ 3 10],27,124,150,97,122
1,<environment.Job instance at 0x7fdb7ce60410>,34,28,[1 5],35,129,157,94,128
1,<environment.Job instance at 0x7fdb7ce74730>,4,18,[5 3],5,5,23,0,5
1,<environment.Job instance at 0x7fdb7ce742d0>,5,22,[8 4],6,6,28,0,6
1,<environment.Job instance at 0x7fdb7ce74c30>,14,12,[ 2 10],15,23,35,8,23
1,<environment.Job instance at 0x7fdb7c536b40>,15,12,[9 5],16,28,40,12,28
1,<environment.Job instance at 0x7fdb7cf1e960>,13,16,[ 1 10],14,35,51,21,35
1,<environment.Job instance at 0x7fdb7d07a190>,36,15,[7 3],37,40,55,3,40
1,<environment.Job instance at 0x7fdb7d3c0e10>,12,18,[5 2],13,40,58,27,40
1,<environment.Job instance at 0x7fdb7c5f5cd0>,48,13,[8 2],49,55,68,6,55
1,<environment.Job instance at 0x7fdb7c7668c0>,52,13,[6 5],53,58,71,5,58
1,<environment.Job instance at 0x7fdb7d088a50>,23,15,[8 1],24,68,83,44,68
1,<environment.Job instance at 0x7fdb7c766be0>,51,15,[3 5],52,72,87,20,72
1,<environment.Job instance at 0x7fdb7c77e690>,31,16,[4 7],32,72,88,40,72
1,<environment.Job instance at 0x7fdb7c54aa50>,63,15,[ 5 10],64,88,103,24,88
1,<environment.Job instance at 0x7fdb7c766c80>,54,20,[10  4],55,88,108,33,88
1,<environment.Job instance at 0x7fdb7ce25b90>,61,15,[4 7],62,103,118,41,103
1,<environment.Job instance at 0x7fdb7d040eb0>,68,16,[7 5],69,109,125,40,109
1,<environment.Job instance at 0x7fdb7c5231e0>,71,12,[4 7],72,118,130,46,118
1,<environment.Job instance at 0x7fdb7c89f4b0>,72,18,[10  4],73,125,143,52,125
1,<environment.Job instance at 0x7fdb7cbce730>,1,12,[4 5],2,2,14,0,2
1,<environment.Job instance at 0x7fdb7c8240a0>,8,14,[1 7],9,9,23,0,9
1,<environment.Job instance at 0x7fdb7c824f50>,11,16,[4 8],12,14,30,2,12
1,<environment.Job instance at 0x7fdb7d62d550>,12,22,[1 6],13,23,45,10,16
1,<environment.Job instance at 0x7fdb7c8752d0>,14,19,[5 3],15,30,49,15,24
1,<environment.Job instance at 0x7fdb7c875370>,16,15,[ 5 10],17,45,60,28,31
1,<environment.Job instance at 0x7fdb7c875a50>,20,13,[4 8],21,60,73,39,44
1,<environment.Job instance at 0x7fdb7cf1cbe0>,26,13,[2 7],27,60,73,33,50
1,<environment.Job instance at 0x7fdb7cc68910>,21,12,[ 5 12],22,73,85,51,56
1,<environment.Job instance at 0x7fdb7d63d7d0>,28,24,[5 3],29,73,97,44,68
1,<environment.Job instance at 0x7fdb7c7d7dc0>,40,14,[4 9],41,85,99,44,70
1,<environment.Job instance at 0x7fdb7c7d7e60>,42,13,[ 3 10],43,99,112,56,83
1,<environment.Job instance at 0x7fdb7c7bd820>,52,12,[ 2 12],53,112,124,59,95
1,<environment.Job instance at 0x7fdb7c7af9b0>,53,18,[10  1],54,97,115,43,97
1,<environment.Job instance at 0x7fdb7c7afb40>,55,16,[13  1],56,115,131,59,113
1,<environment.Job instance at 0x7fdb7c7a74b0>,1,12,[4 5],2,2,14,0,2
1,<environment.Job instance at 0x7fdb7c7bf730>,8,14,[1 7],9,9,23,0,9
1,<environment.Job instance at 0x7fdb7d07b0a0>,11,16,[4 8],12,14,30,2,14
1,<environment.Job instance at 0x7fdb7c8c4500>,17,14,[5 6],18,23,37,5,23
1,<environment.Job instance at 0x7fdb7c875a00>,20,13,[4 8],21,30,43,9,30
1,<environment.Job instance at 0x7fdb7c7bd3c0>,26,13,[2 7],27,37,50,10,37
1,<environment.Job instance at 0x7fdb7c6848c0>,23,13,[4 6],24,43,56,19,43
1,<environment.Job instance at 0x7fdb7c60a140>,30,12,[9 4],31,50,62,19,50
1,<environment.Job instance at 0x7fdb7c7bf870>,9,15,[5 9],10,56,71,46,56
1,<environment.Job instance at 0x7fdb7cf045a0>,27,14,[9 3],28,62,76,34,62
1,<environment.Job instance at 0x7fdb7d1adaf0>,42,13,[ 3 10],43,71,84,28,71
1,<environment.Job instance at 0x7fdb7c5f4cd0>,46,18,[8 2],47,76,94,29,76
1,<environment.Job instance at 0x7fdb7d1ad280>,40,14,[4 9],41,84,98,43,84
1,<environment.Job instance at 0x7fdb7c5f44b0>,48,17,[5 4],49,94,111,45,94
1,<environment.Job instance at 0x7fdb7c5f4a00>,54,12,[3 7],55,98,110,43,98
1,<environment.Job instance at 0x7fdb7c60ab40>,36,15,[5 7],37,110,125,73,110
1,<environment.Job instance at 0x7fdb7c5e5af0>,61,13,[7 1],62,111,124,49,111
1,<environment.Job instance at 0x7fdb7d3c13c0>,12,22,[1 6],13,111,133,98,111
1,<environment.Job instance at 0x7fdb7c5e5230>,67,16,[4 6],68,125,141,57,125
1,<environment.Job instance at 0x7fdb7c5e5fa0>,71,15,[6 3],72,125,140,53,125
1,<environment.Job instance at 0x7fdb7c66baa0>,7,15,[10  2],8,8,23,0,8
1,<environment.Job instance at 0x7fdb7c9fc370>,12,15,[3 8],13,13,28,0,13
1,<environment.Job instance at 0x7fdb7c675960>,19,14,[1 5],20,20,34,0,20
1,<environment.Job instance at 0x7fdb7c675500>,20,19,[5 2],21,23,42,2,23
1,<environment.Job instance at 0x7fdb7c675f00>,16,13,[2 8],17,28,41,11,28
1,<environment.Job instance at 0x7fdb7ca14aa0>,26,20,[5 1],27,34,54,7,34
1,<environment.Job instance at 0x7fdb7cb8aaa0>,37,12,[2 6],38,41,53,3,41
1,<environment.Job instance at 0x7fdb7c66fd20>,33,22,[5 5],34,42,64,8,42
1,<environment.Job instance at 0x7fdb7bdde500>,43,16,[5 6],44,53,69,9,53
1,<environment.Job instance at 0x7fdb7d32f870>,60,12,[10  3],61,64,76,3,64
1,<environment.Job instance at 0x7fdb7c63b5f0>,61,16,[1 6],62,69,85,7,69
1,<environment.Job instance at 0x7fdb7c659550>,56,12,[8 2],57,76,88,19,76
1,<environment.Job instance at 0x7fdb7bdfa2d0>,73,14,[5 6],74,76,90,2,76
1,<environment.Job instance at 0x7fdb7be09dc0>,83,14,[10  5],84,88,102,4,88
1,<environment.Job instance at 0x7fdb7be093c0>,89,14,[6 5],90,103,117,13,103
1,<environment.Job instance at 0x7fdb7c63baa0>,62,18,[9 1],63,104,122,41,104
1,<environment.Job instance at 0x7fdb7bdf7be0>,93,15,[ 3 10],94,117,132,23,117
1,<environment.Job instance at 0x7fdb7be096e0>,78,16,[10  1],79,122,138,43,122
1,<environment.Job instance at 0x7fdb7d572eb0>,1,15,[5 6],2,2,17,0,2
1,<environment.Job instance at 0x7fdb7d572410>,6,18,[5 3],7,7,25,0,7
1,<environment.Job instance at 0x7fdb7d572e60>,7,14,[7 5],8,17,31,9,8
1,<environment.Job instance at 0x7fdb7c94c820>,14,12,[1 6],15,15,27,0,15
1,<environment.Job instance at 0x7fdb861ee1e0>,4,13,[ 4 12],5,31,44,26,23
1,<environment.Job instance at 0x7fdb7c94c460>,20,25,[ 3 13],21,44,69,23,41
1,<environment.Job instance at 0x7fdb7d572cd0>,16,26,[ 4 14],17,69,95,52,66
1,<environment.Job instance at 0x7fdb7c94c0f0>,23,16,[7 3],24,95,111,71,82
1,<environment.Job instance at 0x7fdb7c1c7b40>,45,16,[ 5 10],46,95,111,49,89
1,<environment.Job instance at 0x7fdb7c1c7a50>,46,13,[10  3],47,111,124,64,95
1,<environment.Job instance at 0x7fdb7c94cbe0>,22,20,[10  3],23,126,146,103,126
1,<environment.Job instance at 0x7fdb7ceb1b90>,0,22,[5 5],1,1,23,0,1
1,<environment.Job instance at 0x7fdb7ceb1af0>,1,15,[5 6],2,2,17,0,2
1,<environment.Job instance at 0x7fdb7ceb1a00>,6,18,[5 3],7,7,25,0,7
1,<environment.Job instance at 0x7fdb7d33e460>,14,12,[1 6],15,17,29,2,17
1,<environment.Job instance at 0x7fdb7d3175f0>,9,12,[7 3],10,23,35,13,23
1,<environment.Job instance at 0x7fdb7ceb1500>,7,14,[7 5],8,25,39,17,25
1,<environment.Job instance at 0x7fdb7ceb1690>,3,19,[1 7],4,29,48,25,29
1,<environment.Job instance at 0x7fdb7bdf7be0>,23,16,[7 3],24,35,51,11,35
1,<environment.Job instance at 0x7fdb7bdf7050>,28,14,[5 6],29,48,62,19,48
1,<environment.Job instance at 0x7fdb7bdfa320>,46,13,[10  3],47,51,64,4,51
1,<environment.Job instance at 0x7fdb7bdfacd0>,42,16,[ 2 10],43,62,78,19,62
1,<environment.Job instance at 0x7fdb7c186c30>,54,12,[6 1],55,64,76,9,64
1,<environment.Job instance at 0x7fdb7c63ba00>,56,14,[6 4],57,64,78,7,64
1,<environment.Job instance at 0x7fdb7c63b5f0>,55,12,[1 8],56,78,90,22,78
1,<environment.Job instance at 0x7fdb7c652b40>,57,14,[3 7],58,78,92,20,78
1,<environment.Job instance at 0x7fdb7c167320>,61,12,[7 5],62,90,102,28,90
1,<environment.Job instance at 0x7fdb7c63fb90>,63,16,[5 3],64,90,106,26,90
1,<environment.Job instance at 0x7fdb7d32f280>,59,15,[2 8],60,102,117,42,102
1,<environment.Job instance at 0x7fdb7bdf7d20>,25,17,[8 3],26,102,119,76,102
1,<environment.Job instance at 0x7fdb7c67ae60>,68,16,[5 9],69,117,133,48,117
1,<environment.Job instance at 0x7fdb7cb8ad70>,75,16,[4 6],76,119,135,43,119
1,<environment.Job instance at 0x7fdb7bdca460>,4,15,[1 6],5,5,20,0,5
1,<environment.Job instance at 0x7fdb7d53d5a0>,7,17,[1 9],8,8,25,0,8
1,<environment.Job instance at 0x7fdb7bdca2d0>,8,17,[7 2],9,20,37,11,9
1,<environment.Job instance at 0x7fdb7bdca910>,9,22,[5 1],10,20,42,10,13
1,<environment.Job instance at 0x7fdb7c66b690>,4,15,[1 6],5,5,20,0,5
1,<environment.Job instance at 0x7fdb7d1e4e60>,5,14,[10  1],6,6,20,0,6
1,<environment.Job instance at 0x7fdb7c6754b0>,14,19,[3 8],15,15,34,0,15
1,<environment.Job instance at 0x7fdb7c3e8b40>,16,13,[5 5],17,20,33,3,20
1,<environment.Job instance at 0x7fdb7c73e8c0>,8,17,[7 2],9,20,37,11,20
1,<environment.Job instance at 0x7fdb7c66b910>,9,22,[5 1],10,33,55,23,33
1,<environment.Job instance at 0x7fdb7c63afa0>,29,16,[2 7],30,34,50,4,34
1,<environment.Job instance at 0x7fdb7c63a1e0>,30,16,[6 5],31,37,53,6,37
1,<environment.Job instance at 0x7fdb7bf32dc0>,34,15,[3 6],35,50,65,15,50
1,<environment.Job instance at 0x7fdb7c563b40>,32,13,[6 2],33,53,66,20,53
1,<environment.Job instance at 0x7fdb7c9fc050>,11,18,[6 3],12,55,73,43,55
1,<environment.Job instance at 0x7fdb7c73e1e0>,7,17,[1 9],8,65,82,57,65
1,<environment.Job instance at 0x7fdb7c516cd0>,39,18,[9 1],40,74,92,34,74
1,<environment.Job instance at 0x7fdb85dc15a0>,72,15,[3 5],73,82,97,9,82
1,<environment.Job instance at 0x7fdb7d29e550>,82,17,[3 5],83,93,110,10,93
1,<environment.Job instance at 0x7fdb7d29e910>,81,20,[8 5],82,93,113,11,93
1,<environment.Job instance at 0x7fdb7c8135a0>,31,17,[ 3 10],32,111,128,79,111
1,<environment.Job instance at 0x7fdb7bfb0230>,102,19,[6 5],103,114,133,11,114
1,<environment.Job instance at 0x7fdb7cc32780>,71,18,[ 4 10],72,129,147,57,129
1,<environment.Job instance at 0x7fdb860b0c80>,1,22,[9 4],2,2,24,0,2
1,<environment.Job instance at 0x7fdb7c6652d0>,9,12,[4 6],10,10,22,0,10
1,<environment.Job instance at 0x7fdb7c665aa0>,20,14,[1 8],21,22,36,1,22
1,<environment.Job instance at 0x7fdb7c665c80>,19,21,[5 1],20,22,43,2,22
1,<environment.Job instance at 0x7fdb860b0e60>,2,20,[7 3],3,24,44,21,24
1,<environment.Job instance at 0x7fdb7c6651e0>,10,16,[ 1 10],11,36,52,25,36
1,<environment.Job instance at 0x7fdb7ccdb4b0>,25,14,[6 2],26,43,57,17,43
1,<environment.Job instance at 0x7fdb860b08c0>,11,15,[4 8],12,52,67,40,52
1,<environment.Job instance at 0x7fdb7c665910>,15,17,[10  3],16,57,74,41,57
1,<environment.Job instance at 0x7fdb7d29e190>,43,13,[ 4 10],44,67,80,23,67
1,<environment.Job instance at 0x7fdb7d29e320>,36,17,[7 4],37,74,91,37,74
1,<environment.Job instance at 0x7fdb7c023190>,65,12,[5 6],66,80,92,14,80
1,<environment.Job instance at 0x7fdb7c023820>,64,12,[2 7],65,91,103,26,91
1,<environment.Job instance at 0x7fdb85dc12d0>,48,14,[5 6],49,93,107,44,93
1,<environment.Job instance at 0x7fdb7c1cad20>,76,14,[7 2],77,103,117,26,103
1,<environment.Job instance at 0x7fdb7c1cac30>,70,15,[2 6],71,103,118,32,103
1,<environment.Job instance at 0x7fdb7c516690>,79,12,[3 5],80,107,119,27,107
1,<environment.Job instance at 0x7fdb7c1caa50>,71,19,[10  2],72,117,136,45,117
1,<environment.Job instance at 0x7fdb7cc325f0>,52,16,[3 6],53,119,135,66,119
1,<environment.Job instance at 0x7fdb7c81da00>,91,18,[2 6],92,119,137,27,119
1,<environment.Job instance at 0x7fa256889c30>,6,20,[6 1],7,7,27,0,7
1,<environment.Job instance at 0x7fa25688c1e0>,14,13,[7 3],15,16,29,1,16
1,<environment.Job instance at 0x7fa25688c3c0>,16,16,[ 3 11],17,27,43,10,18
1,<environment.Job instance at 0x7fa256889fa0>,10,18,[ 3 11],11,43,61,32,39
1,<environment.Job instance at 0x7fa25688c5f0>,19,14,[ 3 11],20,61,75,41,56
1,<environment.Job instance at 0x7fa25688c280>,15,18,[ 2 14],16,75,93,59,71
1,<environment.Job instance at 0x7fa25688c4b0>,18,25,[ 4 13],19,93,118,74,91
1,<environment.Job instance at 0x7fa25688c780>,22,13,[13  1],23,118,131,95,102
1,<environment.Job instance at 0x7fa25688cb40>,28,25,[ 4 11],29,131,156,102,127
1,<environment.Job instance at 0x7fa2568819b0>,0,13,[9 3],1,1,14,0,1
1,<environment.Job instance at 0x7fa256881960>,2,22,[4 8],3,3,25,0,3
1,<environment.Job instance at 0x7fa256d59be0>,14,13,[7 3],15,15,28,0,15
1,<environment.Job instance at 0x7fa256997a50>,23,18,[2 7],24,25,43,1,25
1,<environment.Job instance at 0x7fa256889960>,6,20,[6 1],7,25,45,18,25
1,<environment.Job instance at 0x7fa256881190>,4,21,[1 6],5,28,49,23,28
1,<environment.Job instance at 0x7fa25694b190>,33,16,[2 8],34,43,59,9,43
1,<environment.Job instance at 0x7fa256a31280>,45,13,[6 5],46,49,62,3,49
1,<environment.Job instance at 0x7fa25697fe60>,56,12,[3 6],57,59,71,2,59
1,<environment.Job instance at 0x7fa2569a9820>,58,14,[2 7],59,62,76,3,62
1,<environment.Job instance at 0x7fa25694b690>,40,15,[10  3],41,71,86,30,71
1,<environment.Job instance at 0x7fa256998b40>,53,17,[5 7],54,77,94,23,77
1,<environment.Job instance at 0x7fa25694b370>,35,15,[9 5],36,87,102,51,87
1,<environment.Job instance at 0x7fa2569a9730>,59,17,[1 6],60,94,111,34,94
1,<environment.Job instance at 0x7fa2569a3140>,62,18,[5 3],63,94,112,31,94
1,<environment.Job instance at 0x7fa25694af50>,77,13,[8 5],78,102,115,24,102
1,<environment.Job instance at 0x7fa256946140>,65,20,[2 6],66,111,131,45,111
1,<environment.Job instance at 0x7fa25694ac30>,78,12,[10  2],79,116,128,37,116
1,<environment.Job instance at 0x7fa25694aeb0>,80,14,[2 6],81,116,130,35,116
1,<environment.Job instance at 0x7fa25694acd0>,79,13,[9 4],80,130,143,50,130
1,<environment.Job instance at 0x7fa25694a7d0>,81,15,[5 9],82,131,146,49,131
1,<environment.Job instance at 0x7fa255fcf140>,0,13,[7 4],1,1,14,0,1
1,<environment.Job instance at 0x7fa255fcfaa0>,7,16,[ 1 14],8,14,30,6,12
1,<environment.Job instance at 0x7fa255fd4e10>,10,14,[1 8],11,30,44,19,15
1,<environment.Job instance at 0x7fa25614b820>,13,27,[9 1],14,16,43,2,16
1,<environment.Job instance at 0x7fa25610f3c0>,16,14,[9 5],17,43,57,26,29
1,<environment.Job instance at 0x7fa255fcf7d0>,4,17,[14  2],5,57,74,52,45
1,<environment.Job instance at 0x7fa255fd4690>,11,25,[ 1 11],12,57,82,45,53
1,<environment.Job instance at 0x7fa2560bab40>,22,13,[3 8],23,82,95,59,66
1,<environment.Job instance at 0x7fa2560ba9b0>,23,13,[3 5],24,82,95,58,66
1,<environment.Job instance at 0x7fa2560bad20>,26,20,[1 5],27,95,115,68,86
1,<environment.Job instance at 0x7fa2560ba280>,20,26,[5 5],21,95,121,74,92
1,<environment.Job instance at 0x7fa2560bf2d0>,12,14,[14  4],13,121,135,108,106
1,<environment.Job instance at 0x7fa256104870>,32,13,[12  1],33,135,148,102,121
1,<environment.Job instance at 0x7fa25616f690>,33,12,[11  5],34,148,160,114,132
1,<environment.Job instance at 0x7fa25694bcd0>,0,13,[7 4],1,1,14,0,1
1,<environment.Job instance at 0x7fa256089fa0>,3,20,[ 4 10],4,4,24,0,4
1,<environment.Job instance at 0x7fa2560afd20>,9,15,[10  4],10,14,29,4,14
1,<environment.Job instance at 0x7fa2560b4500>,22,13,[3 8],23,24,37,1,24
1,<environment.Job instance at 0x7fa2560b4af0>,23,13,[3 5],24,29,42,5,29
1,<environment.Job instance at 0x7fa2560b1640>,16,14,[9 5],17,37,51,20,37
1,<environment.Job instance at 0x7fa256144e60>,10,14,[1 8],11,42,56,31,42
1,<environment.Job instance at 0x7fa25604f870>,40,13,[8 5],41,51,64,10,51
1,<environment.Job instance at 0x7fa2560638c0>,52,12,[1 7],53,56,68,3,56
1,<environment.Job instance at 0x7fa2560b4d20>,19,15,[1 7],20,64,79,44,64
1,<environment.Job instance at 0x7fa25605acd0>,58,12,[10  5],59,68,80,9,68
1,<environment.Job instance at 0x7fa256052370>,41,14,[2 9],42,79,93,37,79
1,<environment.Job instance at 0x7fa2561ad6e0>,72,13,[9 4],73,80,93,7,80
1,<environment.Job instance at 0x7fa25605a4b0>,60,14,[2 7],61,93,107,32,93
1,<environment.Job instance at 0x7fa256048fa0>,39,16,[5 8],40,93,109,53,93
1,<environment.Job instance at 0x7fa25618e8c0>,80,14,[6 1],81,107,121,26,107
1,<environment.Job instance at 0x7fa2560ad640>,77,14,[ 1 10],78,109,123,31,109
1,<environment.Job instance at 0x7fa256048d70>,37,17,[8 2],38,109,126,71,109
1,<environment.Job instance at 0x7fa2560abbe0>,86,13,[6 3],87,121,134,34,121
1,<environment.Job instance at 0x7fa2560ab500>,87,13,[7 4],88,126,139,38,126
1,<environment.Job instance at 0x7fa2560cf730>,65,16,[2 8],66,126,142,60,126
1,<environment.Job instance at 0x7fa255ff9460>,83,14,[10  1],84,139,153,55,139
1,<environment.Job instance at 0x7fa26003f5f0>,1,15,[6 1],2,2,17,0,2
1,<environment.Job instance at 0x7fa255efeb40>,6,13,[2 5],7,7,20,0,7
1,<environment.Job instance at 0x7fa255efeaf0>,7,23,[6 4],8,8,31,0,8
1,<environment.Job instance at 0x7fa2560e15a0>,1,15,[6 1],2,2,17,0,2
1,<environment.Job instance at 0x7fa25607e7d0>,3,22,[9 5],4,4,26,0,4
1,<environment.Job instance at 0x7fa262406f50>,6,13,[2 5],7,17,30,10,17
1,<environment.Job instance at 0x7fa260041280>,15,14,[ 1 10],16,26,40,10,26
1,<environment.Job instance at 0x7fa255eb50a0>,18,15,[8 2],19,30,45,11,30
1,<environment.Job instance at 0x7fa255f17730>,9,17,[6 2],10,30,47,20,30
1,<environment.Job instance at 0x7fa255e8d8c0>,43,13,[4 8],44,45,58,1,45
1,<environment.Job instance at 0x7fa255e8daa0>,41,15,[5 5],42,45,60,3,45
1,<environment.Job instance at 0x7fa255f17f00>,10,17,[5 1],11,47,64,36,47
1,<environment.Job instance at 0x7fa260041c80>,13,17,[4 6],14,58,75,44,58
1,<environment.Job instance at 0x7fa255e8e690>,60,13,[1 6],61,61,74,0,61
1,<environment.Job instance at 0x7fa255e8ecd0>,68,14,[8 3],69,69,83,0,69
1,<environment.Job instance at 0x7fa255e8e8c0>,72,18,[3 6],73,74,92,1,74
1,<environment.Job instance at 0x7fa255e8eaa0>,74,15,[5 5],75,84,99,9,84
1,<environment.Job instance at 0x7fa255e8ed20>,67,16,[5 4],68,84,100,16,84
1,<environment.Job instance at 0x7fa25fefd910>,78,12,[ 5 10],79,100,112,21,100
1,<environment.Job instance at 0x7fa255eb5aa0>,22,17,[9 4],23,100,117,77,100
1,<environment.Job instance at 0x7fa25fefd320>,76,16,[3 9],77,112,128,35,112
1,<environment.Job instance at 0x7fa255ebf690>,85,14,[8 5],86,117,131,31,117
1,<environment.Job instance at 0x7fa255ebf370>,88,13,[1 7],89,128,141,39,128
1,<environment.Job instance at 0x7fa255ebf0a0>,95,13,[5 5],96,131,144,35,131
1,<environment.Job instance at 0x7fa255ebf320>,84,18,[8 3],85,131,149,46,131
1,<environment.Job instance at 0x7fa256f3e5a0>,7,20,[ 2 12],8,8,28,0,8
1,<environment.Job instance at 0x7fa256f3e9b0>,3,19,[ 3 14],4,28,47,24,19
1,<environment.Job instance at 0x7fa256f3e910>,9,16,[ 3 14],10,47,63,37,38
1,<environment.Job instance at 0x7fa256f3ee60>,12,15,[5 8],13,63,78,50,51
1,<environment.Job instance at 0x7fa26004cbe0>,6,21,[ 5 11],7,78,99,71,71
1,<environment.Job instance at 0x7fa256f3ed70>,14,20,[10  4],15,74,94,59,74
1,<environment.Job instance at 0x7fa256f3ef50>,15,16,[6 3],16,94,110,78,82
1,<environment.Job instance at 0x7fa256f8e280>,16,14,[5 7],17,99,113,82,84
1,<environment.Job instance at 0x7fa256f8e410>,18,14,[ 1 14],19,113,127,94,98
1,<environment.Job instance at 0x7fa256f8eb90>,17,18,[4 7],18,127,145,109,116
1,<environment.Job instance at 0x7fa256f8ed20>,19,25,[5 8],20,129,154,109,129
1,<environment.Job instance at 0x7fa255f0f0f0>,12,15,[5 8],13,13,28,0,13
1,<environment.Job instance at 0x7fa255f0f2d0>,14,20,[10  4],15,15,35,0,15
1,<environment.Job instance at 0x7fa255f0f640>,16,14,[5 7],17,28,42,11,28
1,<environment.Job instance at 0x7fa255e8bf00>,23,12,[10  3],24,35,47,11,35
1,<environment.Job instance at 0x7fa255e8bc80>,27,14,[5 6],28,42,56,14,42
1,<environment.Job instance at 0x7fa255f0f730>,15,16,[6 3],16,47,63,31,47
1,<environment.Job instance at 0x7fa256c9ab90>,38,12,[8 5],39,56,68,17,56
1,<environment.Job instance at 0x7fa256e06820>,36,14,[ 4 10],37,63,77,26,63
1,<environment.Job instance at 0x7fa26004cdc0>,43,16,[6 3],44,68,84,24,68
1,<environment.Job instance at 0x7fa256fb2500>,65,13,[6 4],66,77,90,11,77
1,<environment.Job instance at 0x7fa255e8b8c0>,26,16,[2 9],27,84,100,57,84
1,<environment.Job instance at 0x7fa256fb2550>,66,14,[10  3],67,90,104,23,90
1,<environment.Job instance at 0x7fa2600450a0>,69,18,[2 9],70,100,118,30,100
1,<environment.Job instance at 0x7fa260045730>,71,13,[6 5],72,104,117,32,104
1,<environment.Job instance at 0x7fa260045230>,73,14,[4 5],74,117,131,43,117
1,<environment.Job instance at 0x7fa260041960>,30,17,[8 1],31,117,134,86,117
1,<environment.Job instance at 0x7fa256da1370>,79,17,[1 7],80,131,148,51,131
1,<environment.Job instance at 0x7fa256da12d0>,80,15,[5 1],81,131,146,50,131
1,<environment.Job instance at 0x7fa256da1550>,77,15,[9 5],78,134,149,56,134
1,<environment.Job instance at 0x7fa25625af50>,3,14,[1 5],4,4,18,0,4
1,<environment.Job instance at 0x7fa25625aaa0>,8,15,[1 6],9,9,24,0,9
1,<environment.Job instance at 0x7fa2562713c0>,12,12,[14  4],13,18,30,5,16
1,<environment.Job instance at 0x7fa2566ff870>,11,20,[10  5],12,30,50,18,22
1,<environment.Job instance at 0x7fa25625a0f0>,6,12,[ 5 12],7,50,62,43,46
1,<environment.Job instance at 0x7fa256271e10>,16,13,[12  2],17,65,78,48,65
1,<environment.Job instance at 0x7fa256271f50>,18,14,[11  2],19,78,92,59,70
1,<environment.Job instance at 0x7fa2562719b0>,19,24,[ 2 14],20,92,116,72,90
1,<environment.Job instance at 0x7fa256271b90>,17,22,[13  4],18,116,138,98,112
1,<environment.Job instance at 0x7fa256271870>,20,28,[2 7],21,118,146,97,118
1,<environment.Job instance at 0x7fa25fefd1e0>,0,20,[2 9],1,1,21,0,1
1,<environment.Job instance at 0x7fa25fefd6e0>,3,14,[1 5],4,4,18,0,4
1,<environment.Job instance at 0x7fa25fefdfa0>,8,15,[1 6],9,18,33,9,18
1,<environment.Job instance at 0x7fa256d9d050>,15,13,[1 7],16,21,34,5,21
1,<environment.Job instance at 0x7fa2563f0b90>,22,13,[5 5],23,33,46,10,33
1,<environment.Job instance at 0x7fa2563f06e0>,26,14,[6 4],27,34,48,7,34
1,<environment.Job instance at 0x7fa2563f0140>,36,14,[ 4 10],37,46,60,9,46
1,<environment.Job instance at 0x7fa2563f0af0>,37,13,[6 2],38,48,61,10,48
1,<environment.Job instance at 0x7fa256d9d870>,13,15,[7 4],14,60,75,46,60
1,<environment.Job instance at 0x7fa2563f08c0>,35,17,[2 9],36,60,77,24,60
1,<environment.Job instance at 0x7fa256da1960>,41,18,[6 1],42,61,79,19,61
1,<environment.Job instance at 0x7fa256da1a50>,48,17,[7 1],49,75,92,26,75
1,<environment.Job instance at 0x7fa25fefd690>,5,18,[1 7],6,77,95,71,77
1,<environment.Job instance at 0x7fa260045820>,59,17,[5 5],60,79,96,19,79
1,<environment.Job instance at 0x7fa256fb2410>,63,13,[1 5],64,96,109,32,96
1,<environment.Job instance at 0x7fa256fb26e0>,61,15,[9 4],62,96,111,34,96
1,<environment.Job instance at 0x7fa256d165f0>,69,16,[4 9],70,109,125,39,109
1,<environment.Job instance at 0x7fa256d16410>,73,14,[6 5],74,111,125,37,111
1,<environment.Job instance at 0x7fa256d16820>,75,15,[10  3],76,125,140,49,125
1,<environment.Job instance at 0x7fa260045c80>,57,16,[ 4 10],58,125,141,67,125
1,<environment.Job instance at 0x7fa2573bd230>,3,25,[13  4],4,8,33,4,8
1,<environment.Job instance at 0x7fa2573bd2d0>,8,17,[5 5],9,33,50,24,21
1,<environment.Job instance at 0x7fa2573bd1e0>,9,13,[8 2],10,33,46,23,21
1,<environment.Job instance at 0x7fa2573dda50>,13,16,[6 3],14,46,62,32,33
1,<environment.Job instance at 0x7fa2573bd140>,7,12,[ 5 12],8,50,62,42,39
1,<environment.Job instance at 0x7fa2573dd910>,17,20,[7 5],18,62,82,44,53
1,<environment.Job instance at 0x7fa2573bd870>,10,19,[8 4],11,62,81,51,59
1,<environment.Job instance at 0x7fa2573ddeb0>,16,18,[10  2],17,82,100,65,73
1,<environment.Job instance at 0x7fa2573dde10>,20,21,[5 2],21,81,102,60,75
1,<environment.Job instance at 0x7fa2573bdf00>,6,18,[ 4 13],7,100,118,93,96
1,<environment.Job instance at 0x7fa2573dd190>,23,12,[ 2 13],24,118,130,94,101
1,<environment.Job instance at 0x7fa2573dd0a0>,22,26,[ 3 14],23,130,156,107,127
1,<environment.Job instance at 0x7fa256ec3320>,1,20,[5 6],2,2,22,0,2
1,<environment.Job instance at 0x7fa260045820>,5,16,[10  2],6,6,22,0,6
1,<environment.Job instance at 0x7fa256ec3690>,9,13,[8 2],10,22,35,12,22
1,<environment.Job instance at 0x7fa2573e5140>,13,16,[6 3],14,22,38,8,22
1,<environment.Job instance at 0x7fa2573ddcd0>,12,15,[9 3],13,35,50,22,35
1,<environment.Job instance at 0x7fa2573ea5f0>,25,12,[3 6],26,38,50,12,38
1,<environment.Job instance at 0x7fa2573ea9b0>,27,13,[7 4],28,50,63,22,50
1,<environment.Job instance at 0x7fa255e23780>,30,15,[5 2],31,50,65,19,50
1,<environment.Job instance at 0x7fa2562450f0>,32,14,[7 1],33,63,77,30,63
1,<environment.Job instance at 0x7fa260045c80>,8,17,[5 5],9,65,82,56,65
1,<environment.Job instance at 0x7fa2565e9550>,37,14,[2 6],38,65,79,27,65
1,<environment.Job instance at 0x7fa260045af0>,10,19,[8 4],11,77,96,66,77
1,<environment.Job instance at 0x7fa25650ac80>,50,18,[1 5],51,82,100,31,82
1,<environment.Job instance at 0x7fa2562b8500>,62,12,[8 4],63,97,109,34,97
1,<environment.Job instance at 0x7fa256532550>,64,13,[5 4],65,97,110,32,97
1,<environment.Job instance at 0x7fa2566e80a0>,55,13,[ 2 10],56,109,122,53,109
1,<environment.Job instance at 0x7fa256523e60>,65,14,[8 5],66,110,124,44,110
1,<environment.Job instance at 0x7fa257022be0>,68,15,[7 2],69,122,137,53,122
1,<environment.Job instance at 0x7fa2561ad820>,78,13,[5 3],79,124,137,45,124
1,<environment.Job instance at 0x7fa2561ad0a0>,79,16,[ 3 10],80,124,140,44,124
1,<environment.Job instance at 0x7fa2561ad730>,81,16,[5 1],82,137,153,55,137
1,<environment.Job instance at 0x7fa2566b2140>,0,13,[8 3],1,1,14,0,1
1,<environment.Job instance at 0x7fa2566df640>,5,23,[1 5],6,6,29,0,6
1,<environment.Job instance at 0x7fa2566df960>,10,13,[7 5],11,14,27,3,11
1,<environment.Job instance at 0x7fa2566dfc80>,11,21,[13  2],12,27,48,15,23
1,<environment.Job instance at 0x7fa2566df2d0>,14,15,[4 6],15,48,63,33,43
1,<environment.Job instance at 0x7fa2566df8c0>,7,24,[ 5 13],8,63,87,55,63
1,<environment.Job instance at 0x7fa256baac80>,0,13,[8 3],1,1,14,0,1
1,<environment.Job instance at 0x7fa256cbf730>,10,13,[7 5],11,11,24,0,11
1,<environment.Job instance at 0x7fa2565f6960>,14,15,[4 6],15,15,30,0,15
1,<environment.Job instance at 0x7fa256a7eaa0>,18,14,[8 1],19,24,38,5,24
1,<environment.Job instance at 0x7fa256c24370>,29,13,[ 2 10],30,30,43,0,30
1,<environment.Job instance at 0x7fa256a7e730>,17,17,[5 4],18,30,47,12,30
1,<environment.Job instance at 0x7fa2565321e0>,38,15,[1 9],39,43,58,4,43
1,<environment.Job instance at 0x7fa256176910>,44,13,[4 7],45,58,71,13,58
1,<environment.Job instance at 0x7fa256244d70>,43,18,[1 8],44,58,76,14,58
1,<environment.Job instance at 0x7fa256d01730>,63,14,[7 2],64,76,90,12,76
1,<environment.Job instance at 0x7fa2563ca460>,66,12,[6 1],67,76,88,9,76
1,<environment.Job instance at 0x7fa262406f50>,56,15,[ 1 10],57,76,91,19,76
1,<environment.Job instance at 0x7fa2568ed960>,70,15,[10  1],71,90,105,19,90
1,<environment.Job instance at 0x7fa2566a1d70>,71,14,[3 8],72,91,105,19,91
1,<environment.Job instance at 0x7fa2566a1cd0>,73,14,[5 4],74,105,119,31,105
1,<environment.Job instance at 0x7fa256ae34b0>,42,16,[ 4 10],43,106,122,63,106
1,<environment.Job instance at 0x7fa256695af0>,79,16,[9 2],80,119,135,39,119
1,<environment.Job instance at 0x7fa2566a1820>,72,16,[6 5],73,122,138,49,122
1,<environment.Job instance at 0x7fa2566952d0>,85,12,[6 4],86,136,148,50,136
1,<environment.Job instance at 0x7fa255f84730>,19,16,[ 4 10],20,138,154,118,138
1,<environment.Job instance at 0x7fa2570eaaf0>,1,15,[7 3],2,2,17,0,2
1,<environment.Job instance at 0x7fa2570eae60>,5,14,[4 7],6,6,20,0,6
1,<environment.Job instance at 0x7fa2570ea460>,6,21,[2 8],7,17,38,10,9
1,<environment.Job instance at 0x7fa25657adc0>,18,17,[7 4],19,20,37,1,20
1,<environment.Job instance at 0x7fa25657af00>,20,19,[6 2],21,21,40,0,21
1,<environment.Job instance at 0x7fa25657a870>,21,14,[11  3],22,40,54,18,29
1,<environment.Job instance at 0x7fa25657ae60>,22,28,[2 7],23,38,66,15,37
1,<environment.Job instance at 0x7fa2570eabe0>,19,23,[5 5],20,54,77,34,51
1,<environment.Job instance at 0x7fa25657aaa0>,24,21,[9 1],25,66,87,41,62
1,<environment.Job instance at 0x7fa25657a1e0>,25,16,[4 9],26,98,114,72,98
1,<environment.Job instance at 0x7fa2570ea820>,3,19,[11  1],4,107,126,103,107
1,<environment.Job instance at 0x7fa2570ea1e0>,15,21,[ 3 10],16,114,135,98,111
1,<environment.Job instance at 0x7fa25657a230>,28,21,[10  3],29,126,147,97,124
1,<environment.Job instance at 0x7fa25657a0f0>,29,22,[ 2 11],30,135,157,105,129
1,<environment.Job instance at 0x7fa2560449b0>,1,15,[7 3],2,2,17,0,2
1,<environment.Job instance at 0x7fa2562c0e60>,5,14,[4 7],6,6,20,0,6
1,<environment.Job instance at 0x7fa25628b2d0>,14,13,[1 6],15,17,30,2,17
1,<environment.Job instance at 0x7fa256695230>,18,17,[7 4],19,20,37,1,20
1,<environment.Job instance at 0x7fa25ff775f0>,12,18,[5 4],13,20,38,7,20
1,<environment.Job instance at 0x7fa256c242d0>,34,12,[ 5 10],35,39,51,4,39
1,<environment.Job instance at 0x7fa256176910>,27,12,[4 5],28,40,52,12,40
1,<environment.Job instance at 0x7fa256c24370>,36,16,[8 4],37,51,67,14,51
1,<environment.Job instance at 0x7fa2570497d0>,25,16,[4 9],26,53,69,27,53
1,<environment.Job instance at 0x7fa256c241e0>,35,19,[7 5],36,67,86,31,67
1,<environment.Job instance at 0x7fa256a7e8c0>,42,20,[5 8],43,70,90,27,70
1,<environment.Job instance at 0x7fa25657aa50>,47,14,[9 5],48,86,100,38,86
1,<environment.Job instance at 0x7fa256df4aa0>,52,17,[6 4],53,91,108,38,91
1,<environment.Job instance at 0x7fa2570ea640>,57,12,[5 1],58,100,112,42,100
1,<environment.Job instance at 0x7fa256df4960>,54,21,[ 3 10],55,100,121,45,100
1,<environment.Job instance at 0x7fa2570ea730>,58,21,[7 1],59,109,130,50,109
1,<environment.Job instance at 0x7fa256f49910>,63,15,[8 1],64,122,137,58,122
1,<environment.Job instance at 0x7fa256f49640>,64,14,[5 7],65,130,144,65,130
1,<environment.Job instance at 0x7fa25708c910>,62,21,[1 6],63,130,151,67,130
1,<environment.Job instance at 0x7fa256ad9f00>,24,21,[9 1],25,137,158,112,137
1,<environment.Job instance at 0x7fa255d0ad20>,5,12,[3 5],6,6,18,0,6
1,<environment.Job instance at 0x7fa255cc9690>,11,12,[12  5],12,14,26,2,14
1,<environment.Job instance at 0x7fa255cc9280>,14,19,[5 2],15,26,45,11,17
1,<environment.Job instance at 0x7fa255cc9cd0>,16,12,[3 6],17,19,31,2,19
1,<environment.Job instance at 0x7fa255cc99b0>,17,14,[12  5],18,45,59,27,30
1,<environment.Job instance at 0x7fa255cc9a00>,20,12,[9 5],21,31,43,10,30
1,<environment.Job instance at 0x7fa255cc9c30>,21,14,[ 3 11],22,59,73,37,44
1,<environment.Job instance at 0x7fa255cc98c0>,24,12,[8 3],25,59,71,34,58
1,<environment.Job instance at 0x7fa255cc9960>,26,17,[5 5],27,79,96,52,79
1,<environment.Job instance at 0x7fa255cc9780>,28,14,[8 5],29,80,94,51,80
1,<environment.Job instance at 0x7fa255cc9190>,31,17,[ 1 14],32,96,113,64,84
1,<environment.Job instance at 0x7fa255d70b40>,32,14,[6 3],33,115,129,82,115
1,<environment.Job instance at 0x7fa256d738c0>,0,13,[9 1],1,1,14,0,1
1,<environment.Job instance at 0x7fa256d7e140>,5,12,[3 5],6,6,18,0,6
1,<environment.Job instance at 0x7fa256d7e0a0>,9,22,[3 9],10,10,32,0,10
1,<environment.Job instance at 0x7fa25744f910>,16,12,[3 6],17,18,30,1,18
1,<environment.Job instance at 0x7fa256d64230>,20,12,[9 5],21,30,42,9,30
1,<environment.Job instance at 0x7fa256b32820>,26,17,[5 5],27,32,49,5,32
1,<environment.Job instance at 0x7fa25743f7d0>,24,12,[8 3],25,42,54,17,42
1,<environment.Job instance at 0x7fa256d64370>,25,18,[ 2 10],26,49,67,23,49
1,<environment.Job instance at 0x7fa25744fa00>,14,19,[5 2],15,49,68,34,49
1,<environment.Job instance at 0x7fa2574462d0>,32,14,[6 3],33,54,68,21,54
1,<environment.Job instance at 0x7fa257446be0>,36,16,[2 9],37,67,83,30,67
1,<environment.Job instance at 0x7fa25743f8c0>,27,14,[9 5],28,68,82,40,68
1,<environment.Job instance at 0x7fa25743f730>,28,14,[8 5],29,82,96,53,82
1,<environment.Job instance at 0x7fa256375a00>,50,15,[5 6],51,83,98,32,83
1,<environment.Job instance at 0x7fa25746d9b0>,70,17,[2 9],71,97,114,26,97
1,<environment.Job instance at 0x7fa256f23c80>,73,15,[10  1],74,98,113,24,98
1,<environment.Job instance at 0x7fa25746e690>,44,18,[9 3],45,113,131,68,113
1,<environment.Job instance at 0x7fa255e268c0>,75,12,[1 9],76,114,126,38,114
1,<environment.Job instance at 0x7fa255e26140>,78,18,[5 2],79,114,132,35,114
1,<environment.Job instance at 0x7fa257465140>,42,18,[1 6],43,126,144,83,126
1,<environment.Job instance at 0x7fa25746d820>,67,20,[6 4],68,131,151,63,131
1,<environment.Job instance at 0x7fa2573d6870>,2,23,[6 1],3,3,26,0,3
1,<environment.Job instance at 0x7fa2573d6a50>,4,12,[5 1],5,5,17,0,5
1,<environment.Job instance at 0x7fa2573d6550>,6,12,[4 8],7,7,19,0,7
1,<environment.Job instance at 0x7fa2573d64b0>,7,14,[1 9],8,19,33,11,8
1,<environment.Job instance at 0x7fa2569cbfa0>,12,12,[1 6],13,26,38,13,13
1,<environment.Job instance at 0x7fa2569cb820>,13,17,[5 5],14,33,50,19,21
1,<environment.Job instance at 0x7fa2569cbf50>,16,19,[6 2],17,33,52,16,23
1,<environment.Job instance at 0x7fa2573d6e60>,8,26,[1 8],9,38,64,29,38
1,<environment.Job instance at 0x7fa2569cb910>,19,14,[9 3],20,68,82,48,68
1,<environment.Job instance at 0x7fa2569cb2d0>,20,12,[ 3 11],21,135,147,114,135
1,<environment.Job instance at 0x7fa25692c910>,0,18,[3 9],1,1,19,0,1
1,<environment.Job instance at 0x7fa25692cd20>,4,12,[5 1],5,5,17,0,5
1,<environment.Job instance at 0x7fa25651f4b0>,11,18,[10  5],12,17,35,5,17
1,<environment.Job instance at 0x7fa25692cc30>,6,12,[4 8],7,19,31,12,19
1,<environment.Job instance at 0x7fa256d60910>,12,12,[1 6],13,31,43,18,31
1,<environment.Job instance at 0x7fa256d60730>,22,12,[5 2],23,35,47,12,35
1,<environment.Job instance at 0x7fa256d60a50>,21,13,[7 2],22,35,48,13,35
1,<environment.Job instance at 0x7fa25692c640>,7,14,[1 9],8,43,57,35,43
1,<environment.Job instance at 0x7fa256d5f5a0>,26,15,[6 2],27,47,62,20,47
1,<environment.Job instance at 0x7fa257041190>,35,13,[8 4],36,48,61,12,48
1,<environment.Job instance at 0x7fa256d60aa0>,19,14,[9 3],20,61,75,41,61
1,<environment.Job instance at 0x7fa256d5f500>,23,15,[3 9],24,62,77,38,62
1,<environment.Job instance at 0x7fa25746d960>,48,14,[6 1],49,75,89,26,75
1,<environment.Job instance at 0x7fa256d606e0>,13,17,[5 5],14,75,92,61,75
1,<environment.Job instance at 0x7fa256f23c80>,45,15,[3 6],46,77,92,31,77
1,<environment.Job instance at 0x7fa257408690>,53,15,[7 2],54,89,104,35,89
1,<environment.Job instance at 0x7fa25744a3c0>,65,15,[6 5],66,92,107,26,92
1,<environment.Job instance at 0x7fa25746e5f0>,68,15,[ 2 10],69,104,119,35,104
1,<environment.Job instance at 0x7fa2573ce690>,30,16,[8 5],31,107,123,76,107
1,<environment.Job instance at 0x7fa25743f870>,82,15,[4 7],83,120,135,37,120
1,<environment.Job instance at 0x7fa256d7ee60>,100,12,[9 5],101,123,135,22,123
1,<environment.Job instance at 0x7fa25634a140>,102,12,[9 4],103,136,148,33,136
1,<environment.Job instance at 0x7fa256d7e140>,103,21,[1 8],104,136,157,32,136
1,<environment.Job instance at 0x7fa256f5a320>,8,17,[8 5],9,9,26,0,9
1,<environment.Job instance at 0x7fa256f5a280>,11,12,[13  1],12,26,38,14,15
1,<environment.Job instance at 0x7fa256f5a140>,14,19,[5 2],15,67,86,52,67
1,<environment.Job instance at 0x7fa255e7ec80>,0,16,[10  4],1,1,17,0,1
1,<environment.Job instance at 0x7fa255e7ebe0>,2,17,[3 9],3,3,20,0,3
1,<environment.Job instance at 0x7fa255e7e780>,16,13,[4 5],17,17,30,0,17
1,<environment.Job instance at 0x7fa255e7e5f0>,15,12,[3 7],16,20,32,4,20
1,<environment.Job instance at 0x7fa255e7ecd0>,14,19,[5 2],15,20,39,5,20
1,<environment.Job instance at 0x7fa255e7eb90>,18,19,[5 5],19,30,49,11,30
1,<environment.Job instance at 0x7fa2573d6820>,21,15,[3 7],22,32,47,10,32
1,<environment.Job instance at 0x7fa2573bd4b0>,20,14,[9 2],21,47,61,26,47
1,<environment.Job instance at 0x7fa2569cb7d0>,27,15,[1 6],28,47,62,19,47
1,<environment.Job instance at 0x7fa256d730a0>,24,18,[3 6],25,49,67,24,49
1,<environment.Job instance at 0x7fa256435960>,32,15,[9 3],33,61,76,28,61
1,<environment.Job instance at 0x7fa25744f3c0>,40,12,[5 8],41,67,79,26,67
1,<environment.Job instance at 0x7fa256d7ef00>,31,16,[5 1],32,77,93,45,77
1,<environment.Job instance at 0x7fa256ea4aa0>,26,15,[4 9],27,79,94,52,79
1,<environment.Job instance at 0x7fa256375a00>,54,22,[6 2],55,80,102,25,80
1,<environment.Job instance at 0x7fa257465280>,52,16,[ 5 10],53,94,110,41,94
1,<environment.Job instance at 0x7fa25744a230>,57,12,[10  2],58,102,114,44,102
1,<environment.Job instance at 0x7fa256f00550>,60,15,[1 6],61,110,125,49,110
1,<environment.Job instance at 0x7fa257240f50>,59,16,[3 6],60,110,126,50,110
1,<environment.Job instance at 0x7fa256d8b0a0>,37,17,[7 1],38,114,131,76,114
1,<environment.Job instance at 0x7fa2568eca00>,64,13,[7 5],65,126,139,61,126
1,<environment.Job instance at 0x7fa25746d960>,70,14,[4 6],71,131,145,60,131
1,<environment.Job instance at 0x7fa2568ca230>,72,15,[9 2],73,139,154,66,139
1,<environment.Job instance at 0x7fa2574c28c0>,8,14,[1 7],9,10,24,1,10
1,<environment.Job instance at 0x7fa255f5dc80>,10,25,[1 6],11,11,36,0,11
1,<environment.Job instance at 0x7fa255f5d910>,11,20,[11  1],12,14,34,2,14
1,<environment.Job instance at 0x7fa255f5d280>,15,12,[ 1 13],16,36,48,20,19
1,<environment.Job instance at 0x7fa255f5d0f0>,9,19,[4 5],10,84,103,74,84
1,<environment.Job instance at 0x7fa2565b5870>,0,18,[1 7],1,1,19,0,1
1,<environment.Job instance at 0x7fa255cd3a00>,1,19,[4 6],2,2,21,0,2
1,<environment.Job instance at 0x7fa256588280>,13,13,[9 1],14,19,32,5,19
1,<environment.Job instance at 0x7fa256a472d0>,8,14,[1 7],9,19,33,10,19
1,<environment.Job instance at 0x7fa256579b90>,7,15,[9 5],8,32,47,24,32
1,<environment.Job instance at 0x7fa256579e10>,3,17,[2 8],4,33,50,29,33
1,<environment.Job instance at 0x7fa25624d0a0>,30,15,[8 2],31,47,62,16,47
1,<environment.Job instance at 0x7fa2562751e0>,36,12,[3 5],37,47,59,10,47
1,<environment.Job instance at 0x7fa256275b40>,38,14,[6 1],39,59,73,20,59
1,<environment.Job instance at 0x7fa256275c30>,41,14,[6 5],42,62,76,20,62
1,<environment.Job instance at 0x7fa256588f50>,14,18,[3 9],15,62,80,47,62
1,<environment.Job instance at 0x7fa25624d820>,28,17,[6 1],29,73,90,44,73
1,<environment.Job instance at 0x7fa256e8d730>,50,16,[6 3],51,76,92,25,76
1,<environment.Job instance at 0x7fa256ed6aa0>,49,12,[7 5],50,90,102,40,90
1,<environment.Job instance at 0x7fa25696e550>,56,15,[8 2],57,92,107,35,92
1,<environment.Job instance at 0x7fa255ee3d70>,33,18,[6 1],34,103,121,69,103
1,<environment.Job instance at 0x7fa256247fa0>,47,16,[8 2],48,108,124,60,108
1,<environment.Job instance at 0x7fa256e94140>,63,17,[ 4 10],64,121,138,57,121
1,<environment.Job instance at 0x7fa255ceec80>,20,18,[8 2],21,125,143,104,125
1,<environment.Job instance at 0x7fa256e7e910>,68,15,[4 5],69,138,153,69,138
1,<environment.Job instance at 0x7fa256952730>,3,14,[1 7],4,4,18,0,4
1,<environment.Job instance at 0x7fa256952e60>,7,15,[1 7],8,8,23,0,8
1,<environment.Job instance at 0x7fa2560d0640>,3,14,[1 7],4,4,18,0,4
1,<environment.Job instance at 0x7fa2560f5690>,7,15,[1 7],8,8,23,0,8
1,<environment.Job instance at 0x7fa2560f5f00>,8,18,[5 6],9,18,36,9,18
1,<environment.Job instance at 0x7fa2560bf7d0>,18,12,[4 7],19,23,35,4,23
1,<environment.Job instance at 0x7fa2563b0d20>,30,12,[2 5],31,35,47,4,35
1,<environment.Job instance at 0x7fa2560bfa50>,13,12,[5 9],14,36,48,22,36
1,<environment.Job instance at 0x7fa2563b0870>,31,13,[9 3],32,47,60,15,47
1,<environment.Job instance at 0x7fa25626d2d0>,20,12,[ 5 10],21,48,60,27,48
1,<environment.Job instance at 0x7fa256310410>,37,13,[5 9],38,60,73,22,60
1,<environment.Job instance at 0x7fa25626ec30>,40,13,[5 1],41,60,73,19,60
1,<environment.Job instance at 0x7fa256e628c0>,49,13,[6 2],50,73,86,23,73
1,<environment.Job instance at 0x7fa2563b0d70>,34,14,[8 5],35,74,88,39,74
1,<environment.Job instance at 0x7fa256e8d5f0>,45,18,[1 8],46,74,92,28,74
1,<environment.Job instance at 0x7fa256e62c80>,53,18,[6 3],54,88,106,34,88
1,<environment.Job instance at 0x7fa256e627d0>,56,16,[2 6],57,92,108,35,92
1,<environment.Job instance at 0x7fa256e62c30>,59,12,[5 6],60,92,104,32,92
1,<environment.Job instance at 0x7fa256e62320>,58,17,[5 5],59,104,121,45,104
1,<environment.Job instance at 0x7fa256e62140>,62,17,[5 1],63,106,123,43,106
1,<environment.Job instance at 0x7fa2560d0550>,4,18,[5 9],5,108,126,103,108
1,<environment.Job instance at 0x7fa256e620a0>,50,21,[2 5],51,121,142,70,121
1,<environment.Job instance at 0x7fa256e5d280>,67,14,[3 8],68,127,141,59,127
1,<environment.Job instance at 0x7fa256e5d730>,68,22,[9 2],69,128,150,59,128
1,<environment.Job instance at 0x7fa256506f00>,4,18,[5 3],5,5,23,0,5
1,<environment.Job instance at 0x7fa256506640>,6,15,[11  1],7,23,38,16,10
1,<environment.Job instance at 0x7fa2565069b0>,10,14,[ 4 11],11,12,26,1,12
1,<environment.Job instance at 0x7fa2562ac960>,12,18,[5 2],13,38,56,25,27
1,<environment.Job instance at 0x7fa2562acf50>,13,16,[ 1 10],14,27,43,13,27
1,<environment.Job instance at 0x7fa2562ac500>,16,21,[3 7],17,55,76,38,55
1,<environment.Job instance at 0x7fa2562ac410>,19,28,[1 5],20,79,107,59,79
1,<environment.Job instance at 0x7fa256506280>,9,22,[3 5],10,80,102,70,80
1,<environment.Job instance at 0x7fa2562ac370>,21,21,[9 1],22,99,120,77,99
1,<environment.Job instance at 0x7fa2562aca00>,22,22,[ 2 12],23,107,129,84,101
1,<environment.Job instance at 0x7fa2562acb90>,29,17,[ 5 14],30,129,146,99,120
1,<environment.Job instance at 0x7fa256f791e0>,44,19,[5 1],45,136,155,91,136
1,<environment.Job instance at 0x7fa256e91230>,4,18,[5 3],5,5,23,0,5
1,<environment.Job instance at 0x7fa256e91910>,5,22,[8 4],6,6,28,0,6
1,<environment.Job instance at 0x7fa256e91f50>,14,12,[ 2 10],15,23,35,8,23
1,<environment.Job instance at 0x7fa256e91e60>,15,12,[9 5],16,28,40,12,28
1,<environment.Job instance at 0x7fa256e91a50>,13,16,[ 1 10],14,35,51,21,35
1,<environment.Job instance at 0x7fa256952690>,36,15,[7 3],37,40,55,3,40
1,<environment.Job instance at 0x7fa256e916e0>,12,18,[5 2],13,40,58,27,40
1,<environment.Job instance at 0x7fa2560c65f0>,48,13,[8 2],49,55,68,6,55
1,<environment.Job instance at 0x7fa2560bf0a0>,52,13,[6 5],53,58,71,5,58
1,<environment.Job instance at 0x7fa256e62dc0>,23,15,[8 1],24,68,83,44,68
1,<environment.Job instance at 0x7fa256253370>,51,15,[3 5],52,72,87,20,72
1,<environment.Job instance at 0x7fa256e629b0>,31,16,[4 7],32,72,88,40,72
1,<environment.Job instance at 0x7fa2560d06e0>,63,15,[ 5 10],64,88,103,24,88
1,<environment.Job instance at 0x7fa2560bf690>,54,20,[10  4],55,88,108,33,88
1,<environment.Job instance at 0x7fa2560ea910>,61,15,[4 7],62,103,118,41,103
1,<environment.Job instance at 0x7fa256e5daa0>,68,16,[7 5],69,109,125,40,109
1,<environment.Job instance at 0x7fa256e5d230>,71,12,[4 7],72,118,130,46,118
1,<environment.Job instance at 0x7fa256e5df50>,72,18,[10  4],73,125,143,52,125
1,<environment.Job instance at 0x7fa256e5d780>,75,12,[4 9],76,130,142,54,130
1,<environment.Job instance at 0x7fa257066e10>,7,14,[5 6],8,9,23,1,9
1,<environment.Job instance at 0x7fa257066cd0>,2,22,[1 6],3,13,35,10,13
1,<environment.Job instance at 0x7fa256a6daa0>,13,13,[4 6],14,23,36,9,14
1,<environment.Job instance at 0x7fa25609d910>,1,16,[4 8],2,2,18,0,2
1,<environment.Job instance at 0x7fa25609db40>,2,22,[1 6],3,3,25,0,3
1,<environment.Job instance at 0x7fa2567ea5a0>,13,13,[4 6],14,18,31,4,18
1,<environment.Job instance at 0x7fa2570337d0>,17,14,[9 3],18,18,32,0,18
1,<environment.Job instance at 0x7fa256626960>,10,13,[4 8],11,31,44,20,31
1,<environment.Job instance at 0x7fa257033e10>,20,12,[9 4],21,32,44,11,32
1,<environment.Job instance at 0x7fa257033a00>,16,13,[2 7],17,44,57,27,44
1,<environment.Job instance at 0x7fa25676f820>,7,14,[5 6],8,44,58,36,44
1,<environment.Job instance at 0x7fa255f7b550>,36,18,[8 2],37,44,62,7,44
1,<environment.Job instance at 0x7fa255f9c0a0>,32,13,[ 3 10],33,58,71,25,58
1,<environment.Job instance at 0x7fa25608e320>,38,17,[5 4],39,62,79,23,62
1,<environment.Job instance at 0x7fa2560b57d0>,44,12,[3 7],45,71,83,26,71
1,<environment.Job instance at 0x7fa25673e5a0>,26,15,[5 7],27,79,94,52,79
1,<environment.Job instance at 0x7fa256082460>,51,13,[7 1],52,83,96,31,83
1,<environment.Job instance at 0x7fa25629dc30>,30,14,[4 9],31,94,108,63,94
1,<environment.Job instance at 0x7fa25704c910>,57,16,[4 6],58,96,112,38,96
1,<environment.Job instance at 0x7fa256ce0a00>,61,15,[6 3],62,108,123,46,108
1,<environment.Job instance at 0x7fa25704c190>,58,13,[ 3 10],59,112,125,53,112
1,<environment.Job instance at 0x7fa256ea92d0>,6,15,[ 5 10],7,125,140,118,125
1,<environment.Job instance at 0x7fa25607f5a0>,43,18,[10  1],44,126,144,82,126
1,<environment.Job instance at 0x7fa256ce0cd0>,0,19,[5 2],1,1,20,0,1
1,<environment.Job instance at 0x7fa256ce01e0>,6,20,[5 1],7,11,31,4,11
1,<environment.Job instance at 0x7fa256d072d0>,0,19,[5 2],1,1,20,0,1
1,<environment.Job instance at 0x7fa256cfd550>,6,20,[5 1],7,7,27,0,7
1,<environment.Job instance at 0x7fa256d08a00>,13,22,[5 5],14,14,36,0,14
1,<environment.Job instance at 0x7fa256ce2e60>,17,12,[2 6],18,20,32,2,20
1,<environment.Job instance at 0x7fa256cf3370>,23,16,[5 6],24,32,48,8,32
1,<environment.Job instance at 0x7fa256cd9410>,36,12,[8 2],37,37,49,0,37
1,<environment.Job instance at 0x7fa256084e10>,41,16,[1 6],42,42,58,0,42
1,<environment.Job instance at 0x7fa256084320>,37,21,[3 6],38,48,69,10,48
1,<environment.Job instance at 0x7fa256082e60>,40,12,[10  3],41,49,61,8,49
1,<environment.Job instance at 0x7fa255fa9b90>,53,14,[5 6],54,61,75,7,61
1,<environment.Job instance at 0x7fa256cd8640>,47,21,[6 2],48,61,82,13,61
1,<environment.Job instance at 0x7fa256082d70>,42,18,[9 1],43,75,93,32,75
1,<environment.Job instance at 0x7fa25629bcd0>,63,14,[10  5],64,93,107,29,93
1,<environment.Job instance at 0x7fa2567e1730>,69,14,[6 5],70,107,121,37,107
1,<environment.Job instance at 0x7fa2567e1640>,73,15,[ 3 10],74,107,122,33,107
1,<environment.Job instance at 0x7fa256ce0aa0>,58,16,[10  1],59,121,137,62,121
1,<environment.Job instance at 0x7fa2567e1370>,76,18,[1 8],77,122,140,45,122
1,<environment.Job instance at 0x7fa2562db370>,88,21,[1 6],89,123,144,34,123
1,<environment.Job instance at 0x7fa2567e1960>,82,17,[6 1],83,137,154,54,137
1,<environment.Job instance at 0x7fa2562d28c0>,5,15,[ 2 13],6,9,24,3,9
1,<environment.Job instance at 0x7fa256432370>,7,24,[ 3 11],8,24,48,16,20
1,<environment.Job instance at 0x7fa255da0870>,16,13,[10  3],17,31,44,14,31
1,<environment.Job instance at 0x7fa255da05f0>,12,16,[ 2 10],13,48,64,35,35
1,<environment.Job instance at 0x7fa2562fbc80>,6,27,[7 5],7,54,81,47,54
1,<environment.Job instance at 0x7fa255da0690>,20,26,[5 9],21,64,90,43,63
1,<environment.Job instance at 0x7fa255da0be0>,24,12,[6 1],25,81,93,56,64
1,<environment.Job instance at 0x7fa255d7f0a0>,29,15,[2 8],30,90,105,60,77
1,<environment.Job instance at 0x7fa255da0f00>,27,14,[3 7],28,93,107,65,78
1,<environment.Job instance at 0x7fa255d7f1e0>,31,12,[7 5],32,105,117,73,88
1,<environment.Job instance at 0x7fa255da04b0>,15,16,[ 5 10],16,107,123,91,101
1,<environment.Job instance at 0x7fa255d7f3c0>,33,16,[5 3],34,117,133,83,104
1,<environment.Job instance at 0x7fa255da06e0>,13,28,[8 4],14,124,152,110,124
1,<environment.Job instance at 0x7fa257047500>,4,20,[3 9],5,5,25,0,5
1,<environment.Job instance at 0x7fa257047f00>,16,13,[10  3],17,17,30,0,17
1,<environment.Job instance at 0x7fa257047e60>,12,16,[ 2 10],13,25,41,12,25
1,<environment.Job instance at 0x7fa2562db280>,24,12,[6 1],25,30,42,5,30
1,<environment.Job instance at 0x7fa2562db6e0>,26,14,[6 4],27,30,44,3,30
1,<environment.Job instance at 0x7fa2562db460>,25,12,[1 8],26,41,53,15,41
1,<environment.Job instance at 0x7fa2562dba00>,31,12,[7 5],32,44,56,12,44
1,<environment.Job instance at 0x7fa2562db640>,27,14,[3 7],28,53,67,25,53
1,<environment.Job instance at 0x7fa2562db690>,33,16,[5 3],34,53,69,19,53
1,<environment.Job instance at 0x7fa2562dbf50>,29,15,[2 8],30,67,82,37,67
1,<environment.Job instance at 0x7fa2560844b0>,45,16,[4 6],46,69,85,23,69
1,<environment.Job instance at 0x7fa256ea92d0>,38,16,[5 9],39,82,98,43,82
1,<environment.Job instance at 0x7fa256cf3730>,50,17,[10  2],51,85,102,34,85
1,<environment.Job instance at 0x7fa2567e1a00>,76,12,[3 8],77,98,110,21,98
1,<environment.Job instance at 0x7fa2567e1640>,81,13,[5 2],82,102,115,20,102
1,<environment.Job instance at 0x7fa2567e1730>,83,16,[9 1],84,110,126,26,110
1,<environment.Job instance at 0x7fa2567e1a50>,80,17,[1 6],81,110,127,29,110
1,<environment.Job instance at 0x7fa256ce3730>,53,18,[3 8],54,116,134,62,116
1,<environment.Job instance at 0x7fa2573d6460>,92,16,[6 2],93,127,143,34,127
1,<environment.Job instance at 0x7fa25f9ffeb0>,88,18,[6 3],89,128,146,39,128
1,<environment.Job instance at 0x7fa2567e1c80>,91,22,[1 7],92,134,156,42,134
1,<environment.Job instance at 0x7fa256748a00>,7,27,[ 5 10],8,23,50,15,23
1,<environment.Job instance at 0x7fa257030af0>,9,24,[5 2],10,27,51,17,27
1,<environment.Job instance at 0x7fa257030690>,6,14,[12  1],7,51,65,44,36
1,<environment.Job instance at 0x7fa257030b40>,22,12,[ 2 12],23,51,63,28,51
1,<environment.Job instance at 0x7fa257030820>,23,15,[ 3 13],24,64,79,40,64
1,<environment.Job instance at 0x7fa255c860f0>,28,15,[11  5],29,79,94,50,66
1,<environment.Job instance at 0x7fa255c86d20>,30,19,[ 5 12],31,94,113,63,92
1,<environment.Job instance at 0x7fa2567025a0>,15,20,[8 4],16,16,36,0,16
1,<environment.Job instance at 0x7fa25faa4a50>,31,18,[ 4 10],32,32,50,0,32
1,<environment.Job instance at 0x7fa25faa4c80>,32,15,[3 5],33,36,51,3,36
1,<environment.Job instance at 0x7fa2567e1aa0>,42,17,[3 5],43,50,67,7,50
1,<environment.Job instance at 0x7fa256f79d70>,41,20,[8 5],42,50,70,8,50
1,<environment.Job instance at 0x7fa2567e1e10>,43,18,[ 3 10],44,67,85,23,67
1,<environment.Job instance at 0x7fa256ce2fa0>,67,19,[9 5],68,70,89,2,70
1,<environment.Job instance at 0x7fa256d08a50>,62,19,[6 5],63,85,104,22,85
1,<environment.Job instance at 0x7fa2562db8c0>,84,17,[8 5],85,89,106,4,89
1,<environment.Job instance at 0x7fa256ce2d20>,71,21,[1 5],72,89,110,17,89
1,<environment.Job instance at 0x7fa2562db190>,99,12,[4 6],100,106,118,6,106
1,<environment.Job instance at 0x7fa257047e10>,105,17,[10  3],106,106,123,0,106
1,<environment.Job instance at 0x7fa2570472d0>,101,15,[4 8],102,119,134,17,119
1,<environment.Job instance at 0x7fa257047d20>,109,21,[5 1],110,123,144,13,123
1,<environment.Job instance at 0x7fa257047500>,115,14,[6 2],116,123,137,7,123
1,<environment.Job instance at 0x7fa256d99dc0>,110,14,[1 8],111,134,148,23,134
1,<environment.Job instance at 0x7fa256748c80>,116,22,[6 5],117,138,160,21,138
1,<environment.Job instance at 0x7fa25fa2bbe0>,2,16,[3 6],3,4,20,1,4
1,<environment.Job instance at 0x7fa256862e10>,14,12,[2 7],15,15,27,0,15
1,<environment.Job instance at 0x7fa255e318c0>,15,12,[5 6],16,20,32,4,16
1,<environment.Job instance at 0x7fa255e31050>,16,12,[ 2 13],17,32,44,15,17
1,<environment.Job instance at 0x7fa256866640>,11,12,[11  2],12,32,44,20,17
1,<environment.Job instance at 0x7fa255e31190>,20,15,[2 6],21,44,59,23,32
1,<environment.Job instance at 0x7fa255e31410>,21,19,[10  2],22,44,63,22,39
1,<environment.Job instance at 0x7fa2566b2640>,25,13,[ 2 11],26,59,72,33,47
1,<environment.Job instance at 0x7fa2566b22d0>,26,14,[7 2],27,63,77,36,52
1,<environment.Job instance at 0x7fa25679aaf0>,29,12,[3 5],30,72,84,42,56
1,<environment.Job instance at 0x7fa255e31640>,19,25,[5 2],20,63,88,43,60
1,<environment.Job instance at 0x7fa255e21cd0>,32,13,[ 2 14],33,88,101,55,72
1,<environment.Job instance at 0x7fa25679a4b0>,33,13,[13  3],34,101,114,67,90
1,<environment.Job instance at 0x7fa255e31c80>,23,18,[ 1 12],24,101,119,77,90
1,<environment.Job instance at 0x7fa256862e60>,13,22,[ 1 11],14,119,141,105,112
1,<environment.Job instance at 0x7fa25679a230>,30,25,[8 5],31,141,166,110,139
1,<environment.Job instance at 0x7fa2567e1b40>,2,16,[3 6],3,3,19,0,3
1,<environment.Job instance at 0x7fa2567e10f0>,14,12,[2 7],15,15,27,0,15
1,<environment.Job instance at 0x7fa25fc59870>,15,12,[5 6],16,19,31,3,19
1,<environment.Job instance at 0x7fa256c69230>,26,14,[7 2],27,27,41,0,27
1,<environment.Job instance at 0x7fa27b55a500>,20,15,[2 6],21,27,42,6,27
1,<environment.Job instance at 0x7fa2573a5fa0>,29,12,[3 5],30,31,43,1,31
1,<environment.Job instance at 0x7fa256e70230>,21,19,[10  2],22,41,60,19,41
1,<environment.Job instance at 0x7fa256e66280>,41,18,[2 6],42,43,61,1,43
1,<environment.Job instance at 0x7fa256702cd0>,52,13,[2 5],53,60,73,7,60
1,<environment.Job instance at 0x7fa256ea17d0>,47,15,[10  3],48,60,75,12,60
1,<environment.Job instance at 0x7fa256702910>,55,12,[1 7],56,61,73,5,61
1,<environment.Job instance at 0x7fa256702af0>,53,16,[ 4 10],54,73,89,19,73
1,<environment.Job instance at 0x7fa25fa09140>,59,12,[8 3],60,75,87,15,75
1,<environment.Job instance at 0x7fa25fa09f00>,57,14,[9 3],58,87,101,29,87
1,<environment.Job instance at 0x7fa2567e1d70>,17,18,[6 5],18,89,107,71,89
1,<environment.Job instance at 0x7fa256c4aa00>,74,14,[9 2],75,101,115,26,101
1,<environment.Job instance at 0x7fa256ea1730>,45,18,[3 8],46,107,125,61,107
1,<environment.Job instance at 0x7fa256c4f140>,63,15,[9 1],64,115,130,51,115
1,<environment.Job instance at 0x7fa256c5af00>,89,16,[5 8],90,125,141,35,125
1,<environment.Job instance at 0x7fa25f9de0a0>,93,12,[9 1],94,130,142,36,130
1,<environment.Job instance at 0x7fa256aa3b40>,4,13,[3 5],5,5,18,0,5
1,<environment.Job instance at 0x7fa2571debe0>,9,18,[3 6],10,10,28,0,10
1,<environment.Job instance at 0x7fa2573a0050>,10,15,[12  1],11,18,33,7,16
1,<environment.Job instance at 0x7fa2570e2960>,13,12,[14  1],14,33,45,19,18
1,<environment.Job instance at 0x7fa257277050>,14,21,[4 9],15,45,66,30,37
1,<environment.Job instance at 0x7fa256f16e10>,11,13,[12  3],12,66,79,54,51
1,<environment.Job instance at 0x7fa256af1370>,12,13,[2 9],13,66,79,53,51
1,<environment.Job instance at 0x7fa255e59050>,3,15,[ 5 13],4,79,94,75,68
1,<environment.Job instance at 0x7fa256f5bd70>,19,17,[13  5],20,94,111,74,89
1,<environment.Job instance at 0x7fa255fa5be0>,17,27,[1 6],18,95,122,77,95
1,<environment.Job instance at 0x7fa2570cbd20>,18,27,[10  4],19,111,138,92,109
1,<environment.Job instance at 0x7fa2570cb730>,20,16,[ 3 11],21,122,138,101,111
1,<environment.Job instance at 0x7fa255fa55a0>,16,20,[ 2 12],17,138,158,121,129
1,<environment.Job instance at 0x7fa256e86cd0>,2,20,[2 7],3,3,23,0,3
1,<environment.Job instance at 0x7fa256c34370>,4,13,[3 5],5,5,18,0,5
1,<environment.Job instance at 0x7fa255c69c80>,9,18,[3 6],10,18,36,8,18
1,<environment.Job instance at 0x7fa256607b90>,12,13,[2 9],13,23,36,10,23
1,<environment.Job instance at 0x7fa256c3c410>,34,12,[3 8],35,36,48,1,36
1,<environment.Job instance at 0x7fa25645b320>,27,16,[8 5],28,36,52,8,36
1,<environment.Job instance at 0x7fa25645ba50>,28,14,[3 8],29,48,62,19,48
1,<environment.Job instance at 0x7fa256c4f640>,39,18,[10  2],40,52,70,12,52
1,<environment.Job instance at 0x7fa255f93910>,50,18,[3 8],51,62,80,11,62
1,<environment.Job instance at 0x7fa256aa3e60>,52,17,[7 2],53,70,87,17,70
1,<environment.Job instance at 0x7fa25fc59f00>,55,18,[3 9],56,80,98,24,80
1,<environment.Job instance at 0x7fa255e59fa0>,61,13,[5 1],62,88,101,26,88
1,<environment.Job instance at 0x7fa255cd3960>,68,15,[7 2],69,88,103,19,88
1,<environment.Job instance at 0x7fa255cd3fa0>,70,18,[3 9],71,98,116,27,98
1,<environment.Job instance at 0x7fa255cd3eb0>,66,21,[6 5],67,103,124,36,103
1,<environment.Job instance at 0x7fa2567d5870>,73,14,[ 3 10],74,116,130,42,116
1,<environment.Job instance at 0x7fa2567d5460>,79,16,[5 5],80,124,140,44,124
1,<environment.Job instance at 0x7fa2567d5be0>,80,12,[7 5],81,130,142,49,130
1,<environment.Job instance at 0x7f68656496e0>,0,13,[9 3],1,1,14,0,1
1,<environment.Job instance at 0x7f685bfffd20>,6,20,[6 1],7,7,27,0,7
1,<environment.Job instance at 0x7f685c004190>,13,18,[ 4 14],14,14,32,0,14
1,<environment.Job instance at 0x7f685c0042d0>,14,13,[7 3],15,32,45,17,16
1,<environment.Job instance at 0x7f685c004550>,16,16,[ 3 11],17,32,48,15,20
1,<environment.Job instance at 0x7f685c0046e0>,19,14,[ 3 11],20,48,62,28,33
1,<environment.Job instance at 0x7f685c004230>,17,28,[ 5 10],18,62,90,44,62
1,<environment.Job instance at 0x7f685bffff50>,12,26,[ 1 12],13,114,140,101,114
1,<environment.Job instance at 0x7f685c004960>,22,13,[13  1],23,123,136,100,123
1,<environment.Job instance at 0x7f6865649870>,0,13,[9 3],1,1,14,0,1
1,<environment.Job instance at 0x7f685bfffa00>,2,22,[4 8],3,3,25,0,3
1,<environment.Job instance at 0x7f685bff7e60>,14,13,[7 3],15,15,28,0,15
1,<environment.Job instance at 0x7f685c124280>,23,18,[2 7],24,25,43,1,25
1,<environment.Job instance at 0x7f685c1a98c0>,6,20,[6 1],7,25,45,18,25
1,<environment.Job instance at 0x7f685c053050>,4,21,[1 6],5,28,49,23,28
1,<environment.Job instance at 0x7f685c12ae60>,33,16,[2 8],34,43,59,9,43
1,<environment.Job instance at 0x7f685c1a7410>,45,13,[6 5],46,49,62,3,49
1,<environment.Job instance at 0x7f685c0c15f0>,56,12,[3 6],57,59,71,2,59
1,<environment.Job instance at 0x7f685c0c1e10>,58,14,[2 7],59,62,76,3,62
1,<environment.Job instance at 0x7f685c10b230>,40,15,[10  3],41,71,86,30,71
1,<environment.Job instance at 0x7f685c0c1b90>,53,17,[5 7],54,77,94,23,77
1,<environment.Job instance at 0x7f685c0a4e60>,35,15,[9 5],36,87,102,51,87
1,<environment.Job instance at 0x7f685c1550a0>,59,17,[1 6],60,94,111,34,94
1,<environment.Job instance at 0x7f685c093870>,62,18,[5 3],63,94,112,31,94
1,<environment.Job instance at 0x7f685c0bc230>,77,13,[8 5],78,102,115,24,102
1,<environment.Job instance at 0x7f685c10e050>,65,20,[2 6],66,111,131,45,111
1,<environment.Job instance at 0x7f685c0bccd0>,78,12,[10  2],79,116,128,37,116
1,<environment.Job instance at 0x7f685c0bce60>,80,14,[2 6],81,116,130,35,116
1,<environment.Job instance at 0x7f685c0bcaf0>,79,13,[9 4],80,130,143,50,130
1,<environment.Job instance at 0x7f685c123d70>,81,15,[5 9],82,131,146,49,131
1,<environment.Job instance at 0x7f685c0c0870>,89,16,[7 1],90,144,160,54,144
1,<environment.Job instance at 0x7f685c1230a0>,82,16,[ 4 10],83,146,162,63,146
1,<environment.Job instance at 0x7f685b74ff50>,0,14,[1 8],1,1,15,0,1
1,<environment.Job instance at 0x7f685b7507d0>,6,14,[9 5],7,9,23,2,9
1,<environment.Job instance at 0x7f685b750e10>,9,15,[1 7],10,15,30,5,11
1,<environment.Job instance at 0x7f685b8bee60>,12,13,[3 8],13,23,36,10,17
1,<environment.Job instance at 0x7f685b9dd500>,13,13,[3 5],14,30,43,16,17
1,<environment.Job instance at 0x7f685b74faa0>,7,26,[4 9],8,36,62,28,33
1,<environment.Job instance at 0x7f685b875050>,15,15,[12  5],16,62,77,46,52
1,<environment.Job instance at 0x7f685b8e04b0>,16,20,[1 5],17,63,83,46,63
1,<environment.Job instance at 0x7f685b746f00>,14,19,[ 3 12],15,83,102,68,73
1,<environment.Job instance at 0x7f685b7501e0>,18,20,[ 3 12],19,102,122,83,94
1,<environment.Job instance at 0x7f685b833050>,20,16,[12  5],21,122,138,101,112
1,<environment.Job instance at 0x7f685b888140>,17,22,[3 7],18,122,144,104,116
1,<environment.Job instance at 0x7f685b833230>,22,13,[12  1],23,138,151,115,126
1,<environment.Job instance at 0x7f685b92c690>,21,20,[ 1 12],22,144,164,122,135
1,<environment.Job instance at 0x7f685b827b90>,0,14,[1 8],1,1,15,0,1
1,<environment.Job instance at 0x7f685b829af0>,6,14,[9 5],7,7,21,0,7
1,<environment.Job instance at 0x7f685b7ad3c0>,13,13,[3 5],14,15,28,1,15
1,<environment.Job instance at 0x7f685b926370>,12,13,[3 8],13,21,34,8,21
1,<environment.Job instance at 0x7f685b8b3b40>,9,15,[1 7],10,28,43,18,28
1,<environment.Job instance at 0x7f685b7c1410>,30,13,[8 5],31,34,47,3,34
1,<environment.Job instance at 0x7f685b7c5eb0>,31,14,[2 9],32,43,57,11,43
1,<environment.Job instance at 0x7f685b7c5f50>,27,17,[8 2],28,47,64,19,47
1,<environment.Job instance at 0x7f685b869af0>,42,12,[1 7],43,57,69,14,57
1,<environment.Job instance at 0x7f685b7b6c30>,16,20,[1 5],17,57,77,40,57
1,<environment.Job instance at 0x7f685b7d0b40>,48,12,[10  5],49,69,81,20,69
1,<environment.Job instance at 0x7f685b7d01e0>,50,14,[2 7],51,77,91,26,77
1,<environment.Job instance at 0x7f685b7f39b0>,62,13,[9 4],63,81,94,18,81
1,<environment.Job instance at 0x7f685b846190>,67,14,[ 1 10],68,91,105,23,91
1,<environment.Job instance at 0x7f685b7d9f50>,70,14,[6 1],71,94,108,23,94
1,<environment.Job instance at 0x7f685b814f00>,55,16,[2 8],56,105,121,49,105
1,<environment.Job instance at 0x7f685b8216e0>,73,14,[10  1],74,108,122,34,108
1,<environment.Job instance at 0x7f685b7c5dc0>,29,16,[5 8],30,121,137,91,121
1,<environment.Job instance at 0x7f685b9496e0>,76,13,[6 3],77,122,135,45,122
1,<environment.Job instance at 0x7f685b857460>,77,13,[7 4],78,135,148,57,135
1,<environment.Job instance at 0x7f685b8becd0>,87,16,[2 8],88,137,153,49,137
1,<environment.Job instance at 0x7f685b80b870>,102,14,[5 5],103,148,162,45,148
1,<environment.Job instance at 0x7f685b621f00>,12,16,[11  1],13,13,29,0,13
1,<environment.Job instance at 0x7f685b621690>,13,25,[2 8],14,14,39,0,14
1,<environment.Job instance at 0x7f685b6212d0>,14,18,[12  5],15,29,47,14,18
1,<environment.Job instance at 0x7f685b621aa0>,2,17,[9 4],3,3,20,0,3
1,<environment.Job instance at 0x7f685b68d140>,7,22,[3 9],8,8,30,0,8
1,<environment.Job instance at 0x7f685b611af0>,21,15,[5 5],22,22,37,0,22
1,<environment.Job instance at 0x7f685b611410>,24,20,[6 1],25,25,45,0,25
1,<environment.Job instance at 0x7f685b611eb0>,23,13,[4 8],24,30,43,6,30
1,<environment.Job instance at 0x7f685b603820>,40,13,[1 6],41,43,56,2,43
1,<environment.Job instance at 0x7f685b6031e0>,42,20,[8 1],43,43,63,0,43
1,<environment.Job instance at 0x7f685b605d20>,46,20,[5 7],47,47,67,0,47
1,<environment.Job instance at 0x7f685b6034b0>,48,14,[8 3],49,63,77,14,63
1,<environment.Job instance at 0x7f685b6054b0>,54,15,[5 5],55,67,82,12,67
1,<environment.Job instance at 0x7f685b605640>,47,16,[5 4],48,77,93,29,77
1,<environment.Job instance at 0x7f685b605870>,52,18,[3 6],53,77,95,24,77
1,<environment.Job instance at 0x7f685b6057d0>,56,16,[3 9],57,93,109,36,93
1,<environment.Job instance at 0x7f685b63cf50>,65,14,[8 5],66,95,109,29,95
1,<environment.Job instance at 0x7f685b63cb40>,58,12,[ 5 10],59,109,121,50,109
1,<environment.Job instance at 0x7f685b63ceb0>,64,18,[8 3],65,109,127,44,109
1,<environment.Job instance at 0x7f6865673a00>,68,13,[1 7],69,121,134,52,121
1,<environment.Job instance at 0x7f685b688a00>,75,13,[5 5],76,121,134,45,121
1,<environment.Job instance at 0x7f685b688b40>,78,14,[7 5],79,134,148,55,134
1,<environment.Job instance at 0x7f685b688370>,85,15,[8 5],86,134,149,48,134
1,<environment.Job instance at 0x7f685b6370f0>,92,12,[7 2],93,148,160,55,148
1,<environment.Job instance at 0x7f68656735f0>,67,16,[5 8],68,149,165,81,149
1,<environment.Job instance at 0x7f685bc7fc30>,6,14,[ 4 10],7,7,21,0,7
1,<environment.Job instance at 0x7f685bc7ff00>,8,12,[8 5],9,9,21,0,9
1,<environment.Job instance at 0x7f685bc7fd70>,10,18,[14  2],11,21,39,10,13
1,<environment.Job instance at 0x7f68657c4320>,13,16,[6 3],14,39,55,25,30
1,<environment.Job instance at 0x7f685bc7fb40>,11,16,[ 5 11],12,39,55,27,34
1,<environment.Job instance at 0x7f685bc7fbe0>,12,22,[ 1 14],13,55,77,42,48
1,<environment.Job instance at 0x7f685bafbc80>,19,19,[7 4],20,77,96,57,67
1,<environment.Job instance at 0x7f685bafbd70>,20,12,[ 3 12],21,96,108,75,79
1,<environment.Job instance at 0x7f685bafb910>,23,22,[1 6],24,108,130,84,101
1,<environment.Job instance at 0x7f685bafb960>,25,22,[8 2],26,101,123,75,101
1,<environment.Job instance at 0x7f685bafb820>,29,12,[ 1 11],30,130,142,100,113
1,<environment.Job instance at 0x7f685b5d05f0>,41,13,[6 5],42,142,155,100,126
1,<environment.Job instance at 0x7f685b5d0d70>,43,14,[4 5],44,142,156,98,127
1,<environment.Job instance at 0x7f685b5d0140>,39,18,[2 9],40,155,173,115,146
1,<environment.Job instance at 0x7f685b5d0320>,38,19,[1 5],39,156,175,117,146
1,<environment.Job instance at 0x7f685c67d1e0>,0,17,[8 1],1,1,18,0,1
1,<environment.Job instance at 0x7f685b5f70f0>,6,14,[ 4 10],7,7,21,0,7
1,<environment.Job instance at 0x7f685b5f76e0>,8,12,[8 5],9,18,30,9,18
1,<environment.Job instance at 0x7f685b5f75a0>,13,16,[6 3],14,21,37,7,21
1,<environment.Job instance at 0x7f68656739b0>,23,22,[1 6],24,24,46,0,24
1,<environment.Job instance at 0x7f685b5d02d0>,19,19,[7 4],20,30,49,10,30
1,<environment.Job instance at 0x7f685bb11640>,35,13,[6 4],36,37,50,1,37
1,<environment.Job instance at 0x7f685cb9c1e0>,39,18,[2 9],40,49,67,9,49
1,<environment.Job instance at 0x7f685bb61dc0>,36,14,[10  3],37,50,64,13,50
1,<environment.Job instance at 0x7f685c42dc30>,41,13,[6 5],42,64,77,22,64
1,<environment.Job instance at 0x7f685c10b910>,43,14,[4 5],44,67,81,23,67
1,<environment.Job instance at 0x7f685c12ad70>,47,15,[9 5],48,77,92,29,77
1,<environment.Job instance at 0x7f685cb9aa00>,49,17,[1 7],50,81,98,31,81
1,<environment.Job instance at 0x7f685c32d500>,50,15,[5 1],51,81,96,30,81
1,<environment.Job instance at 0x7f685b5f7780>,9,21,[9 2],10,92,113,82,92
1,<environment.Job instance at 0x7f685c092aa0>,51,18,[5 9],52,98,116,46,98
1,<environment.Job instance at 0x7f685c0e28c0>,58,12,[2 5],59,113,125,54,113
1,<environment.Job instance at 0x7f685c0e2cd0>,56,14,[5 9],57,116,130,59,116
1,<environment.Job instance at 0x7f685c0e2460>,59,16,[6 5],60,125,141,65,125
1,<environment.Job instance at 0x7f685c1710f0>,66,18,[7 5],67,130,148,63,130
1,<environment.Job instance at 0x7f685c171aa0>,67,18,[5 9],68,141,159,73,141
1,<environment.Job instance at 0x7f685c02e780>,32,16,[10  3],33,148,164,115,148
1,<environment.Job instance at 0x7f685b66ce10>,1,18,[6 1],2,2,20,0,2
1,<environment.Job instance at 0x7f685b9c4c30>,8,17,[7 1],9,9,26,0,9
1,<environment.Job instance at 0x7f685b9b7280>,13,26,[1 6],14,14,40,0,14
1,<environment.Job instance at 0x7f685b9c45f0>,12,21,[6 4],13,20,41,7,14
1,<environment.Job instance at 0x7f685b9c4f00>,10,14,[12  4],11,41,55,30,26
1,<environment.Job instance at 0x7f685b9b7230>,17,16,[ 4 10],18,55,71,37,42
1,<environment.Job instance at 0x7f685b9b7730>,18,12,[11  4],19,55,67,36,42
1,<environment.Job instance at 0x7f685bc46870>,19,17,[5 5],20,67,84,47,55
1,<environment.Job instance at 0x7f685b9b70f0>,15,19,[11  4],16,84,103,68,77
1,<environment.Job instance at 0x7f685c14e410>,1,18,[6 1],2,2,20,0,2
1,<environment.Job instance at 0x7f685c14ea00>,2,19,[1 7],3,3,22,0,3
1,<environment.Job instance at 0x7f685c6739b0>,8,17,[7 1],9,9,26,0,9
1,<environment.Job instance at 0x7f685c085870>,19,17,[5 5],20,20,37,0,20
1,<environment.Job instance at 0x7f685c0bd820>,23,13,[1 5],24,26,39,2,26
1,<environment.Job instance at 0x7f685c0d2cd0>,21,15,[9 4],22,26,41,4,26
1,<environment.Job instance at 0x7f685c06bf50>,29,16,[4 9],30,39,55,9,39
1,<environment.Job instance at 0x7f685c06b280>,33,14,[6 5],34,41,55,7,41
1,<environment.Job instance at 0x7f685c06b230>,35,15,[10  3],36,55,70,19,55
1,<environment.Job instance at 0x7f685c6ad9b0>,17,16,[ 4 10],18,55,71,37,55
1,<environment.Job instance at 0x7f685c10fd70>,38,13,[9 4],39,70,83,31,70
1,<environment.Job instance at 0x7f685c4a7820>,41,15,[4 5],42,71,86,29,71
1,<environment.Job instance at 0x7f685bff7730>,46,16,[4 5],47,83,99,36,83
1,<environment.Job instance at 0x7f685c04a190>,50,18,[7 3],51,83,101,32,83
1,<environment.Job instance at 0x7f685c04a370>,49,16,[ 5 10],50,99,115,49,99
1,<environment.Job instance at 0x7f68657bb140>,51,16,[9 2],52,101,117,49,101
1,<environment.Job instance at 0x7f685c06b1e0>,30,18,[ 2 10],31,115,133,84,115
1,<environment.Job instance at 0x7f685c11b140>,57,13,[9 4],58,117,130,59,117
1,<environment.Job instance at 0x7f685bffa960>,59,15,[7 3],60,130,145,70,130
1,<environment.Job instance at 0x7f685c0fc7d0>,61,17,[4 5],62,133,150,71,133
1,<environment.Job instance at 0x7f685c8d3a50>,60,17,[4 7],61,133,150,72,133
1,<environment.Job instance at 0x7f685ba65280>,5,13,[ 2 10],6,6,19,0,6
1,<environment.Job instance at 0x7f685ba65c30>,8,21,[2 6],9,19,40,10,11
1,<environment.Job instance at 0x7f685c4655f0>,0,18,[1 5],1,1,19,0,1
1,<environment.Job instance at 0x7f685b9c4910>,5,13,[ 2 10],6,6,19,0,6
1,<environment.Job instance at 0x7f685c67d1e0>,12,12,[8 4],13,19,31,6,19
1,<environment.Job instance at 0x7f685c02e780>,14,13,[5 4],15,19,32,4,19
1,<environment.Job instance at 0x7f685c08a5f0>,10,19,[1 7],11,19,38,8,19
1,<environment.Job instance at 0x7f685c136460>,18,15,[7 2],19,31,46,12,31
1,<environment.Job instance at 0x7f685ba65f50>,28,13,[5 3],29,32,45,3,32
1,<environment.Job instance at 0x7f685bc3a960>,29,16,[ 3 10],30,38,54,8,38
1,<environment.Job instance at 0x7f685bc3a8c0>,31,16,[5 1],32,45,61,13,45
1,<environment.Job instance at 0x7f685c0940f0>,15,14,[8 5],16,54,68,38,54
1,<environment.Job instance at 0x7f685bc3a910>,34,18,[2 8],35,54,72,19,54
1,<environment.Job instance at 0x7f685c0d2cd0>,21,16,[4 6],22,68,84,46,68
1,<environment.Job instance at 0x7f685bc51050>,54,17,[10  5],55,72,89,17,72
1,<environment.Job instance at 0x7f685bc51140>,58,16,[1 5],59,84,100,25,84
1,<environment.Job instance at 0x7f685bc5c190>,61,13,[9 3],62,89,102,27,89
1,<environment.Job instance at 0x7f685bc3a410>,39,17,[1 6],40,89,106,49,89
1,<environment.Job instance at 0x7f685bc51d20>,55,17,[3 6],56,100,117,44,100
1,<environment.Job instance at 0x7f685bc5c0a0>,71,17,[9 2],72,102,119,30,102
1,<environment.Job instance at 0x7f685b5d02d0>,8,21,[2 6],9,106,127,97,106
1,<environment.Job instance at 0x7f685bc5c7d0>,64,13,[6 5],65,119,132,54,119
1,<environment.Job instance at 0x7f685bc5c8c0>,79,14,[5 4],80,119,133,39,119
1,<environment.Job instance at 0x7f685c7fbaf0>,90,13,[8 3],91,132,145,41,132
1,<environment.Job instance at 0x7f685c7fbc80>,100,13,[7 5],101,133,146,32,133
1,<environment.Job instance at 0x7f685bc5cf00>,63,15,[3 8],64,145,160,81,145
1,<environment.Job instance at 0x7f685bc34370>,104,15,[4 6],105,146,161,41,146
1,<environment.Job instance at 0x7f685bc347d0>,108,14,[8 1],109,146,160,37,146
1,<environment.Job instance at 0x7f685ba1c910>,3,14,[7 2],4,5,19,1,5
1,<environment.Job instance at 0x7f685beaea50>,6,12,[6 1],7,7,19,0,7
1,<environment.Job instance at 0x7f685ba3ad70>,3,14,[7 2],4,4,18,0,4
1,<environment.Job instance at 0x7f685bc34e10>,6,12,[6 1],7,7,19,0,7
1,<environment.Job instance at 0x7f685bc345f0>,13,14,[5 4],14,18,32,4,18
1,<environment.Job instance at 0x7f685bc34dc0>,11,14,[3 8],12,18,32,6,18
1,<environment.Job instance at 0x7f685bc5c1e0>,25,12,[6 4],26,32,44,6,32
1,<environment.Job instance at 0x7f685bc34280>,19,16,[9 2],20,32,48,12,32
1,<environment.Job instance at 0x7f685bc344b0>,12,16,[6 5],13,44,60,31,44
1,<environment.Job instance at 0x7f685bc5c320>,34,17,[3 9],35,48,65,13,48
1,<environment.Job instance at 0x7f685bc34f00>,10,15,[10  1],11,60,75,49,60
1,<environment.Job instance at 0x7f685bc5c280>,41,17,[2 7],42,65,82,23,65
1,<environment.Job instance at 0x7f685b627190>,57,21,[2 5],58,66,87,8,66
1,<environment.Job instance at 0x7f685bc3a410>,43,17,[8 3],44,76,93,32,76
1,<environment.Job instance at 0x7f685bc3a5a0>,50,14,[7 4],51,88,102,37,88
1,<environment.Job instance at 0x7f6865671aa0>,60,14,[2 7],61,93,107,32,93
1,<environment.Job instance at 0x7f68656739b0>,62,14,[5 5],63,102,116,39,102
1,<environment.Job instance at 0x7f685c0940f0>,58,19,[7 2],59,102,121,43,102
1,<environment.Job instance at 0x7f685bd4a640>,65,16,[6 1],66,116,132,50,116
1,<environment.Job instance at 0x7f685cb99050>,68,18,[1 5],69,116,134,47,116
1,<environment.Job instance at 0x7f685b9e0d70>,70,12,[6 3],71,121,133,50,121
1,<environment.Job instance at 0x7f685bd24e60>,75,13,[9 5],76,133,146,57,133
1,<environment.Job instance at 0x7f685bc3aa50>,48,18,[5 9],49,134,152,85,134
1,<environment.Job instance at 0x7f685bc336e0>,78,13,[7 5],79,146,159,67,146
1,<environment.Job instance at 0x7f685bc9ffa0>,9,13,[7 2],10,10,23,0,10
1,<environment.Job instance at 0x7f685c8ce7d0>,16,16,[4 7],17,18,34,1,18
1,<environment.Job instance at 0x7f685c8ce690>,17,12,[9 1],18,23,35,5,22
1,<environment.Job instance at 0x7f685bc9fa50>,13,15,[10  5],14,35,50,21,31
1,<environment.Job instance at 0x7f685c8ce730>,15,22,[3 8],16,34,56,18,32
1,<environment.Job instance at 0x7f685c8ce230>,19,26,[7 2],20,50,76,30,49
1,<environment.Job instance at 0x7f685c8cec30>,21,14,[2 9],22,56,70,34,49
1,<environment.Job instance at 0x7f685c8cedc0>,20,15,[13  5],21,76,91,55,63
1,<environment.Job instance at 0x7f685c8ced70>,23,18,[ 4 11],24,91,109,67,82
1,<environment.Job instance at 0x7f685c8cefa0>,24,15,[3 5],25,109,124,84,95
1,<environment.Job instance at 0x7f685c8ce140>,22,25,[10  3],23,102,127,79,102
1,<environment.Job instance at 0x7f685c8ce0f0>,26,18,[ 3 11],27,124,142,97,113
1,<environment.Job instance at 0x7f685c8ceaf0>,27,27,[11  1],28,127,154,99,126
1,<environment.Job instance at 0x7f685c8ce910>,18,22,[ 1 13],19,142,164,123,135
1,<environment.Job instance at 0x7f686553b370>,3,19,[10  1],4,4,23,0,4
1,<environment.Job instance at 0x7f685ba35410>,5,20,[1 8],6,6,26,0,6
1,<environment.Job instance at 0x7f685ba35460>,9,13,[7 2],10,23,36,13,23
1,<environment.Job instance at 0x7f685ba359b0>,7,17,[7 2],8,23,40,15,23
1,<environment.Job instance at 0x7f685c094550>,16,16,[4 7],17,36,52,19,36
1,<environment.Job instance at 0x7f685c094f00>,17,12,[9 1],18,40,52,22,40
1,<environment.Job instance at 0x7f685bc340f0>,21,14,[2 9],22,52,66,30,52
1,<environment.Job instance at 0x7f685bc34c30>,24,15,[3 5],25,52,67,27,52
1,<environment.Job instance at 0x7f685bc34b90>,31,14,[5 7],32,66,80,34,66
1,<environment.Job instance at 0x7f685bc34e10>,33,13,[8 1],34,67,80,33,67
1,<environment.Job instance at 0x7f685babcf00>,13,15,[10  5],14,80,95,66,80
1,<environment.Job instance at 0x7f685bc34870>,32,16,[4 6],33,80,96,47,80
1,<environment.Job instance at 0x7f685bb1d500>,42,12,[2 5],43,95,107,52,95
1,<environment.Job instance at 0x7f685ba355f0>,6,18,[5 4],7,95,113,88,95
1,<environment.Job instance at 0x7f685b95de10>,37,18,[8 3],38,96,114,58,96
1,<environment.Job instance at 0x7f685ca157d0>,53,14,[10  4],54,114,128,60,114
1,<environment.Job instance at 0x7f685bf9c4b0>,35,16,[ 3 10],36,115,131,79,115
1,<environment.Job instance at 0x7f685cb77be0>,59,19,[9 1],60,129,148,69,129
1,<environment.Job instance at 0x7f685ba35550>,8,18,[ 4 10],9,131,149,122,131
1,<environment.Job instance at 0x7f685cb770f0>,62,18,[5 2],63,149,167,86,149
1,<environment.Job instance at 0x7f685cb5e960>,63,16,[7 5],64,149,165,85,149
1,<environment.Job instance at 0x7f68657c26e0>,58,19,[3 6],59,149,168,90,149
1,<environment.Job instance at 0x7f685bebb7d0>,5,14,[3 9],6,6,20,0,6
1,<environment.Job instance at 0x7f685bebb280>,7,17,[4 7],8,20,37,12,8
1,<environment.Job instance at 0x7f685c3eff50>,5,14,[3 9],6,6,20,0,6
1,<environment.Job instance at 0x7f685c3efe10>,6,12,[10  1],7,7,19,0,7
1,<environment.Job instance at 0x7f685c526f50>,13,13,[9 2],14,19,32,5,19
1,<environment.Job instance at 0x7f685c5117d0>,10,16,[ 1 10],11,20,36,9,20
1,<environment.Job instance at 0x7f685c50eeb0>,18,16,[7 4],19,32,48,13,32
1,<environment.Job instance at 0x7f685c51df50>,30,13,[1 9],31,36,49,5,36
1,<environment.Job instance at 0x7f685c516780>,31,12,[5 2],32,36,48,4,36
1,<environment.Job instance at 0x7f685c5168c0>,32,18,[7 1],33,48,66,15,48
1,<environment.Job instance at 0x7f685c545dc0>,22,15,[1 7],23,49,64,26,49
1,<environment.Job instance at 0x7f685c3c6c30>,38,16,[4 5],39,49,65,10,49
1,<environment.Job instance at 0x7f685c3ef0f0>,7,17,[4 7],8,64,81,56,64
1,<environment.Job instance at 0x7f685c167cd0>,42,16,[9 3],43,66,82,23,66
1,<environment.Job instance at 0x7f685c513910>,51,16,[2 7],52,81,97,29,81
1,<environment.Job instance at 0x7f685c69e910>,46,17,[4 7],47,82,99,35,82
1,<environment.Job instance at 0x7f685c3c6af0>,40,17,[6 3],41,97,114,56,97
1,<environment.Job instance at 0x7f685ba7a320>,64,12,[5 1],65,99,111,34,99
1,<environment.Job instance at 0x7f685cb16550>,66,12,[4 8],67,99,111,32,99
1,<environment.Job instance at 0x7f685bfdbeb0>,67,14,[1 9],68,111,125,43,111
1,<environment.Job instance at 0x7f686b6df0a0>,72,12,[1 6],73,114,126,41,114
1,<environment.Job instance at 0x7f685ca3e910>,73,17,[5 5],74,125,142,51,125
1,<environment.Job instance at 0x7f685c50efa0>,17,17,[ 1 10],18,126,143,108,126
1,<environment.Job instance at 0x7f685b9817d0>,79,14,[9 3],80,142,156,62,142
1,<environment.Job instance at 0x7f685c3f1f50>,60,18,[3 9],61,143,161,82,143
1,<environment.Job instance at 0x7f685c35f050>,6,25,[6 3],7,9,34,2,9
1,<environment.Job instance at 0x7f685caf7cd0>,7,27,[9 5],8,19,46,11,19
1,<environment.Job instance at 0x7f685caf7aa0>,11,23,[3 9],12,34,57,22,28
1,<environment.Job instance at 0x7f685caf7410>,12,12,[9 4],13,46,58,33,34
1,<environment.Job instance at 0x7f685caf7af0>,13,21,[1 8],14,57,78,43,53
1,<environment.Job instance at 0x7f685caf7f00>,9,14,[ 2 13],10,78,92,68,68
1,<environment.Job instance at 0x7f685caf74b0>,14,17,[ 4 14],15,92,109,77,81
1,<environment.Job instance at 0x7f685caf7b90>,16,18,[10  3],17,109,127,92,98
1,<environment.Job instance at 0x7f685bf69f00>,10,12,[9 5],11,11,23,0,11
1,<environment.Job instance at 0x7f685b972dc0>,13,21,[1 8],14,14,35,0,14
1,<environment.Job instance at 0x7f685b972cd0>,12,12,[9 4],13,23,35,10,23
1,<environment.Job instance at 0x7f685c3d2320>,26,12,[2 6],27,35,47,8,35
1,<environment.Job instance at 0x7f685c2c65f0>,19,12,[10  2],20,35,47,15,35
1,<environment.Job instance at 0x7f685bf84280>,17,13,[3 7],18,35,48,17,35
1,<environment.Job instance at 0x7f685c3f6b40>,32,13,[9 1],33,47,60,14,47
1,<environment.Job instance at 0x7f685bf7f0a0>,40,12,[1 8],41,48,60,7,48
1,<environment.Job instance at 0x7f685c3f6640>,35,13,[5 7],36,60,73,24,60
1,<environment.Job instance at 0x7f685bf7f5a0>,41,14,[7 4],42,60,74,18,60
1,<environment.Job instance at 0x7f685c96d410>,43,15,[2 7],44,73,88,29,73
1,<environment.Job instance at 0x7f685b981140>,49,15,[7 2],50,74,89,24,74
1,<environment.Job instance at 0x7f685caf6410>,44,16,[3 5],45,74,90,29,74
1,<environment.Job instance at 0x7f685b981690>,50,16,[10  4],51,89,105,38,89
1,<environment.Job instance at 0x7f685b296a50>,65,12,[3 7],66,90,102,24,90
1,<environment.Job instance at 0x7f685c5130f0>,66,13,[4 5],67,102,115,35,102
1,<environment.Job instance at 0x7f685c51faa0>,70,14,[9 2],71,105,119,34,105
1,<environment.Job instance at 0x7f685c69eeb0>,71,15,[3 7],72,115,130,43,115
1,<environment.Job instance at 0x7f685c3caaf0>,58,17,[8 5],59,119,136,60,119
1,<environment.Job instance at 0x7f685c3c6af0>,76,15,[4 9],77,130,145,53,130
1,<environment.Job instance at 0x7f685c3c69b0>,77,15,[1 6],78,136,151,58,136
1,<environment.Job instance at 0x7f685ba72e10>,52,17,[3 9],53,146,163,93,146
1,<environment.Job instance at 0x7f685bc96370>,2,19,[5 7],3,4,23,1,4
1,<environment.Job instance at 0x7f685bc96e10>,5,14,[3 5],6,6,20,0,6
1,<environment.Job instance at 0x7f685bc96b90>,8,15,[12  1],9,23,38,14,10
1,<environment.Job instance at 0x7f685bc965a0>,10,12,[3 5],11,20,32,9,11
1,<environment.Job instance at 0x7f685c3f6410>,3,13,[13  1],4,38,51,34,22
1,<environment.Job instance at 0x7f685bc96410>,11,24,[ 2 11],12,32,56,20,29
1,<environment.Job instance at 0x7f685c30cb40>,15,15,[7 1],16,51,66,35,37
1,<environment.Job instance at 0x7f685c30cdc0>,14,15,[ 1 10],15,56,71,41,42
1,<environment.Job instance at 0x7f685c741d20>,24,15,[2 5],25,66,81,41,52
1,<environment.Job instance at 0x7f685c741e60>,26,19,[10  4],27,71,90,44,66
1,<environment.Job instance at 0x7f685c741870>,28,24,[2 6],29,71,95,42,68
1,<environment.Job instance at 0x7f685c741690>,30,14,[2 9],31,90,104,59,75
1,<environment.Job instance at 0x7f685c7419b0>,29,21,[1 9],30,104,125,74,96
1,<environment.Job instance at 0x7f685c75c410>,46,17,[ 2 14],47,125,142,78,122
1,<environment.Job instance at 0x7f685c75c820>,40,18,[1 7],41,142,160,101,137
1,<environment.Job instance at 0x7f685c5bbdc0>,2,19,[5 7],3,3,22,0,3
1,<environment.Job instance at 0x7f685c5bb230>,5,14,[3 5],6,6,20,0,6
1,<environment.Job instance at 0x7f685c5bbeb0>,15,15,[7 1],16,16,31,0,16
1,<environment.Job instance at 0x7f685c5bbcd0>,10,12,[3 5],11,20,32,9,20
1,<environment.Job instance at 0x7f685c961eb0>,17,17,[5 5],18,22,39,4,22
1,<environment.Job instance at 0x7f685c9619b0>,22,18,[2 5],23,31,49,8,31
1,<environment.Job instance at 0x7f685c4346e0>,24,15,[2 5],25,32,47,7,32
1,<environment.Job instance at 0x7f685bff7be0>,25,15,[7 2],26,39,54,13,39
1,<environment.Job instance at 0x7f685c3eff00>,30,14,[2 9],31,49,63,18,49
1,<environment.Job instance at 0x7f685c51d140>,47,15,[9 5],48,54,69,6,54
1,<environment.Job instance at 0x7f685c545e10>,48,14,[1 7],49,63,77,14,63
1,<environment.Job instance at 0x7f685c9614b0>,16,16,[8 4],17,70,86,53,70
1,<environment.Job instance at 0x7f685c961f50>,14,15,[ 1 10],15,78,93,63,78
1,<environment.Job instance at 0x7f685c516910>,53,13,[9 1],54,86,99,32,86
1,<environment.Job instance at 0x7f685c50ed20>,43,17,[2 8],44,93,110,49,93
1,<environment.Job instance at 0x7f685c51df50>,49,19,[4 5],50,93,112,43,93
1,<environment.Job instance at 0x7f685c3c6b40>,60,18,[8 2],61,100,118,39,100
1,<environment.Job instance at 0x7f685c50e190>,40,18,[1 7],41,110,128,69,110
1,<environment.Job instance at 0x7f685c5138c0>,68,17,[6 1],69,112,129,43,112
1,<environment.Job instance at 0x7f685b296cd0>,70,15,[8 2],71,118,133,47,118
1,<environment.Job instance at 0x7f685c3c6c30>,54,18,[3 9],55,129,147,74,129
1,<environment.Job instance at 0x7f685c3f1f50>,76,12,[3 5],77,133,145,56,133
1,<environment.Job instance at 0x7f685b677eb0>,78,14,[6 1],79,133,147,54,133
1,<environment.Job instance at 0x7f685ba72e10>,81,14,[6 5],82,145,159,63,145
1,<environment.Job instance at 0x7f685b981280>,87,16,[8 2],88,148,164,60,148
1,<environment.Job instance at 0x7f685cb2ed20>,2,13,[5 1],3,3,16,0,3
1,<environment.Job instance at 0x7f685cb2ecd0>,5,12,[ 3 11],6,8,20,2,8
1,<environment.Job instance at 0x7f685be51550>,1,12,[10  3],2,2,14,0,2
1,<environment.Job instance at 0x7f685c060b90>,2,13,[5 1],3,3,16,0,3
1,<environment.Job instance at 0x7f685be51910>,4,13,[9 5],5,14,27,9,14
1,<environment.Job instance at 0x7f685be35730>,7,18,[5 3],8,16,34,8,16
1,<environment.Job instance at 0x7f685be5de60>,17,14,[1 8],18,27,41,9,27
1,<environment.Job instance at 0x7f685be35870>,8,15,[9 3],9,27,42,18,27
1,<environment.Job instance at 0x7f685bd4d780>,33,14,[1 7],34,41,55,7,41
1,<environment.Job instance at 0x7f685be6b640>,29,12,[9 1],30,42,54,12,42
1,<environment.Job instance at 0x7f685bd5cb40>,37,15,[1 7],38,42,57,4,42
1,<environment.Job instance at 0x7f685bd5c190>,38,18,[5 6],39,55,73,16,55
1,<environment.Job instance at 0x7f685c797910>,43,12,[5 9],44,57,69,13,57
1,<environment.Job instance at 0x7f685bd33b90>,48,12,[4 7],49,69,81,20,69
1,<environment.Job instance at 0x7f685bd445a0>,57,21,[3 8],58,74,95,16,74
1,<environment.Job instance at 0x7f685cc249b0>,60,12,[2 5],61,81,93,20,81
1,<environment.Job instance at 0x7f685bb08820>,61,13,[9 3],62,93,106,31,93
1,<environment.Job instance at 0x7f685bd33d20>,50,12,[ 5 10],51,95,107,44,95
1,<environment.Job instance at 0x7f685baf9640>,64,14,[8 5],65,106,120,41,106
1,<environment.Job instance at 0x7f685c069b40>,70,13,[5 1],71,107,120,36,107
1,<environment.Job instance at 0x7f685be5d820>,24,21,[1 9],25,107,128,82,107
1,<environment.Job instance at 0x7f685c03a780>,74,21,[8 5],75,121,142,46,121
1,<environment.Job instance at 0x7f685b865280>,67,13,[5 9],68,128,141,60,128
1,<environment.Job instance at 0x7f685be62d70>,79,13,[6 2],80,141,154,61,141
1,<environment.Job instance at 0x7f685be67500>,75,18,[1 8],76,141,159,65,141
1,<environment.Job instance at 0x7f685be623c0>,80,21,[2 5],81,143,164,62,143
1,<environment.Job instance at 0x7f685b2abd20>,6,13,[11  3],7,7,20,0,7
1,<environment.Job instance at 0x7f685b2abc30>,8,24,[1 7],9,9,33,0,9
1,<environment.Job instance at 0x7f685b2abf50>,9,13,[6 2],10,20,33,10,10
1,<environment.Job instance at 0x7f685be9a7d0>,2,19,[ 1 11],3,39,58,36,39
1,<environment.Job instance at 0x7f685b2abb90>,15,15,[7 3],16,97,112,81,97
1,<environment.Job instance at 0x7f685b2abc80>,16,22,[10  2],17,112,134,95,107
1,<environment.Job instance at 0x7f685c103d70>,9,13,[6 2],10,10,23,0,10
1,<environment.Job instance at 0x7f685c03a190>,15,15,[7 3],16,16,31,0,16
1,<environment.Job instance at 0x7f685c797730>,17,16,[2 7],18,18,34,0,18
1,<environment.Job instance at 0x7f685be9aaf0>,24,18,[5 3],25,25,43,0,25
1,<environment.Job instance at 0x7f685b5c3c30>,32,18,[5 2],33,33,51,0,33
1,<environment.Job instance at 0x7f685b5c35f0>,33,16,[ 1 10],34,34,50,0,34
1,<environment.Job instance at 0x7f685b5c3320>,35,12,[9 5],36,50,62,14,50
1,<environment.Job instance at 0x7f685b5c3280>,34,12,[ 2 10],35,51,63,16,51
1,<environment.Job instance at 0x7f685b5c32d0>,43,15,[8 1],44,62,77,18,62
1,<environment.Job instance at 0x7f685b5d1b90>,56,15,[7 3],57,63,78,6,63
1,<environment.Job instance at 0x7f685b5da910>,67,16,[ 3 10],68,78,94,10,78
1,<environment.Job instance at 0x7f685b5dab40>,68,13,[8 2],69,78,91,9,78
1,<environment.Job instance at 0x7f685b5dac80>,71,15,[3 5],72,91,106,19,91
1,<environment.Job instance at 0x7f685b5dad70>,72,13,[6 5],73,94,107,21,94
1,<environment.Job instance at 0x7f685b5daf00>,64,19,[5 1],65,94,113,29,94
1,<environment.Job instance at 0x7f685b5d1370>,51,16,[4 7],52,106,122,54,106
1,<environment.Job instance at 0x7f685b5da280>,77,20,[2 6],78,108,128,30,108
1,<environment.Job instance at 0x7f685b2ab870>,18,18,[3 9],19,123,141,104,123
1,<environment.Job instance at 0x7f685b5da140>,74,20,[10  4],75,128,148,53,128
1,<environment.Job instance at 0x7f685b5dc870>,81,15,[4 7],82,141,156,59,141
1,<environment.Job instance at 0x7f685b5dc5f0>,88,16,[7 5],89,149,165,60,149
1,<environment.Job instance at 0x7f685b850b90>,1,12,[4 5],2,2,14,0,2
1,<environment.Job instance at 0x7f685b850d70>,7,18,[ 3 13],8,14,32,6,10
1,<environment.Job instance at 0x7f685bba9410>,8,14,[1 7],9,32,46,23,18
1,<environment.Job instance at 0x7f685b8bc0f0>,12,22,[1 6],13,32,54,19,27
1,<environment.Job instance at 0x7f685b8bca50>,13,14,[ 3 13],14,54,68,40,44
1,<environment.Job instance at 0x7f685b8bc8c0>,14,19,[5 3],15,68,87,53,59
1,<environment.Job instance at 0x7f685b8bccd0>,9,15,[5 9],10,68,83,58,65
1,<environment.Job instance at 0x7f685b8bc780>,16,15,[ 5 10],17,83,98,66,79
1,<environment.Job instance at 0x7f685b8bc960>,17,14,[5 6],18,99,113,81,99
1,<environment.Job instance at 0x7f685b8bc500>,11,16,[4 8],12,105,121,93,105
1,<environment.Job instance at 0x7f685b8bc910>,18,18,[13  2],19,121,139,102,111
1,<environment.Job instance at 0x7f685bba93c0>,6,20,[ 1 13],7,121,141,114,112
1,<environment.Job instance at 0x7f685b8bca00>,21,12,[ 5 12],22,141,153,119,124
1,<environment.Job instance at 0x7f685b8bcc30>,20,13,[4 8],21,153,166,132,137
1,<environment.Job instance at 0x7f685b8bc1e0>,23,13,[4 6],24,153,166,129,137
1,<environment.Job instance at 0x7f685b5d4d70>,1,12,[4 5],2,2,14,0,2
1,<environment.Job instance at 0x7f685b5dc500>,8,14,[1 7],9,9,23,0,9
1,<environment.Job instance at 0x7f685b5dc4b0>,11,16,[4 8],12,14,30,2,14
1,<environment.Job instance at 0x7f685b5dc050>,17,14,[5 6],18,23,37,5,23
1,<environment.Job instance at 0x7f685b5dc9b0>,20,13,[4 8],21,30,43,9,30
1,<environment.Job instance at 0x7f685b5da280>,26,13,[2 7],27,37,50,10,37
1,<environment.Job instance at 0x7f685b5dc910>,23,13,[4 6],24,43,56,19,43
1,<environment.Job instance at 0x7f685b5da0f0>,30,12,[9 4],31,50,62,19,50
1,<environment.Job instance at 0x7f685b5dc0a0>,9,15,[5 9],10,56,71,46,56
1,<environment.Job instance at 0x7f685b5dabe0>,27,14,[9 3],28,62,76,34,62
1,<environment.Job instance at 0x7f685b5d1a00>,42,13,[ 3 10],43,71,84,28,71
1,<environment.Job instance at 0x7f685b5d19b0>,46,18,[8 2],47,76,94,29,76
1,<environment.Job instance at 0x7f685b5dac80>,40,14,[4 9],41,84,98,43,84
1,<environment.Job instance at 0x7f685b5d1c80>,48,17,[5 4],49,94,111,45,94
1,<environment.Job instance at 0x7f685b5d1050>,54,12,[3 7],55,98,110,43,98
1,<environment.Job instance at 0x7f685b5dadc0>,36,15,[5 7],37,110,125,73,110
1,<environment.Job instance at 0x7f685b5c3190>,61,13,[7 1],62,111,124,49,111
1,<environment.Job instance at 0x7f685b5dc2d0>,12,22,[1 6],13,111,133,98,111
1,<environment.Job instance at 0x7f685b5c35f0>,67,16,[4 6],68,125,141,57,125
1,<environment.Job instance at 0x7f685b5c3d70>,71,15,[6 3],72,125,140,53,125
1,<environment.Job instance at 0x7f685b5c3c30>,68,13,[ 3 10],69,141,154,72,141
1,<environment.Job instance at 0x7f685b5d18c0>,53,18,[10  1],54,142,160,88,142
1,<environment.Job instance at 0x7f685b3c8f00>,0,19,[5 2],1,1,20,0,1
1,<environment.Job instance at 0x7f685b3c87d0>,6,20,[5 1],7,11,31,4,11
1,<environment.Job instance at 0x7f68651da3c0>,8,23,[7 4],9,129,152,120,129
1,<environment.Job instance at 0x7f685bc28870>,0,19,[5 2],1,1,20,0,1
1,<environment.Job instance at 0x7f685c356460>,6,20,[5 1],7,7,27,0,7
1,<environment.Job instance at 0x7f685b7dafa0>,13,22,[5 5],14,14,36,0,14
1,<environment.Job instance at 0x7f685b7da6e0>,17,12,[2 6],18,20,32,2,20
1,<environment.Job instance at 0x7f685bd03050>,23,16,[5 6],24,32,48,8,32
1,<environment.Job instance at 0x7f685caaeb40>,36,12,[8 2],37,37,49,0,37
1,<environment.Job instance at 0x7f685bc26be0>,41,16,[1 6],42,42,58,0,42
1,<environment.Job instance at 0x7f685b7e12d0>,37,21,[3 6],38,48,69,10,48
1,<environment.Job instance at 0x7f685bc26b90>,40,12,[10  3],41,49,61,8,49
1,<environment.Job instance at 0x7f685bcdf0a0>,53,14,[5 6],54,61,75,7,61
1,<environment.Job instance at 0x7f685b7dcaa0>,47,21,[6 2],48,61,82,13,61
1,<environment.Job instance at 0x7f685bc26370>,42,18,[9 1],43,75,93,32,75
1,<environment.Job instance at 0x7f685bca1d70>,63,14,[10  5],64,93,107,29,93
1,<environment.Job instance at 0x7f685bca1050>,69,14,[6 5],70,107,121,37,107
1,<environment.Job instance at 0x7f685bc015a0>,73,15,[ 3 10],74,107,122,33,107
1,<environment.Job instance at 0x7f685b7bf8c0>,58,16,[10  1],59,121,137,62,121
1,<environment.Job instance at 0x7f685bc01640>,76,18,[1 8],77,122,140,45,122
1,<environment.Job instance at 0x7f685bcab3c0>,88,21,[1 6],89,123,144,34,123
1,<environment.Job instance at 0x7f685bc8acd0>,82,17,[6 1],83,137,154,54,137
1,<environment.Job instance at 0x7f685bc99870>,79,18,[8 3],80,140,158,60,140
1,<environment.Job instance at 0x7f685bd1f5a0>,11,22,[ 3 12],12,14,36,2,14
1,<environment.Job instance at 0x7f685b7e1c30>,14,12,[6 1],15,16,28,1,16
1,<environment.Job instance at 0x7f685b7e14b0>,16,14,[6 4],17,36,50,19,21
1,<environment.Job instance at 0x7f685b7e13c0>,17,14,[3 7],18,36,50,18,22
1,<environment.Job instance at 0x7f685b7e1af0>,15,12,[1 8],16,50,62,34,34
1,<environment.Job instance at 0x7f685b7e1730>,12,13,[14  4],13,50,63,37,35
1,<environment.Job instance at 0x7f685b7e1d70>,21,12,[7 5],22,63,75,41,47
1,<environment.Job instance at 0x7f685b7e1a50>,19,15,[2 8],20,63,78,43,55
1,<environment.Job instance at 0x7f685b7e1eb0>,20,17,[13  1],21,75,92,54,64
1,<environment.Job instance at 0x7f685b7e1690>,18,20,[13  3],19,92,112,73,84
1,<environment.Job instance at 0x7f685b7e1410>,25,21,[ 3 14],26,112,133,86,106
1,<environment.Job instance at 0x7f685b7e1780>,22,24,[12  1],23,112,136,89,110
1,<environment.Job instance at 0x7f685b7e1230>,26,13,[14  4],27,136,149,109,120
1,<environment.Job instance at 0x7f685b7e1b90>,28,16,[5 9],29,149,165,120,146
1,<environment.Job instance at 0x7f685bca5b40>,2,16,[ 2 10],3,3,19,0,3
1,<environment.Job instance at 0x7f685ba32230>,6,13,[10  3],7,7,20,0,7
1,<environment.Job instance at 0x7f685bc99870>,15,12,[1 8],16,19,31,3,19
1,<environment.Job instance at 0x7f685bc01640>,14,12,[6 1],15,20,32,5,20
1,<environment.Job instance at 0x7f685bc01500>,16,14,[6 4],17,20,34,3,20
1,<environment.Job instance at 0x7f685bc01eb0>,17,14,[3 7],18,31,45,13,31
1,<environment.Job instance at 0x7f685bc240a0>,23,16,[5 3],24,32,48,8,32
1,<environment.Job instance at 0x7f685bd03050>,21,12,[7 5],22,34,46,12,34
1,<environment.Job instance at 0x7f685bcb6190>,19,15,[2 8],20,46,61,26,46
1,<environment.Job instance at 0x7f685caaec80>,35,16,[4 6],36,48,64,12,48
1,<environment.Job instance at 0x7f685b28daf0>,28,16,[5 9],29,61,77,32,61
1,<environment.Job instance at 0x7f685ba3ec30>,40,17,[10  2],41,64,81,23,64
1,<environment.Job instance at 0x7f685b8273c0>,66,12,[3 8],67,77,89,10,77
1,<environment.Job instance at 0x7f685b369f50>,71,13,[5 2],72,81,94,9,81
1,<environment.Job instance at 0x7f685bc95f00>,5,16,[ 5 10],6,89,105,83,89
1,<environment.Job instance at 0x7f685ca41b40>,73,16,[9 1],74,94,110,20,94
1,<environment.Job instance at 0x7f685cbc0eb0>,70,17,[1 6],71,106,123,35,106
1,<environment.Job instance at 0x7f685bc54640>,43,18,[3 8],44,106,124,62,106
1,<environment.Job instance at 0x7f685bac62d0>,82,16,[6 2],83,124,140,41,124
1,<environment.Job instance at 0x7f685b9e70f0>,78,18,[6 3],79,125,143,46,125
1,<environment.Job instance at 0x7f685bac6a00>,81,22,[1 7],82,125,147,43,125
1,<environment.Job instance at 0x7f685bfa5be0>,87,12,[8 4],88,140,152,52,140
1,<environment.Job instance at 0x7f685bfa5e10>,84,22,[6 3],85,143,165,58,143
1,<environment.Job instance at 0x7f685bac1780>,5,24,[1 9],6,6,30,0,6
1,<environment.Job instance at 0x7f685bac18c0>,9,23,[13  4],10,15,38,5,15
1,<environment.Job instance at 0x7f685bac1c80>,11,18,[ 4 10],12,38,56,26,29
1,<environment.Job instance at 0x7f685bac1d20>,12,15,[3 5],13,38,53,25,29
1,<environment.Job instance at 0x7f685bac1aa0>,8,15,[11  5],9,53,68,44,42
1,<environment.Job instance at 0x7f685bac1f00>,17,15,[12  5],18,68,83,50,58
1,<environment.Job instance at 0x7f685bac1d70>,18,21,[ 1 14],19,83,104,64,75
1,<environment.Job instance at 0x7f685c28a1e0>,19,14,[12  4],20,104,118,84,95
1,<environment.Job instance at 0x7f685bac1a50>,10,19,[ 5 12],11,118,137,107,110
1,<environment.Job instance at 0x7f685c28a2d0>,20,25,[8 3],21,118,143,97,116
1,<environment.Job instance at 0x7f685bab2410>,11,18,[ 4 10],12,12,30,0,12
1,<environment.Job instance at 0x7f685b9d2b40>,12,15,[3 5],13,13,28,0,13
1,<environment.Job instance at 0x7f68656ee4b0>,22,17,[3 5],23,28,45,5,28
1,<environment.Job instance at 0x7f685bd5c640>,23,18,[ 3 10],24,30,48,6,30
1,<environment.Job instance at 0x7f68656eed20>,21,20,[8 5],22,45,65,23,45
1,<environment.Job instance at 0x7f685bc54780>,42,19,[6 5],43,48,67,5,48
1,<environment.Job instance at 0x7f685bcb6190>,51,21,[1 5],52,52,73,0,52
1,<environment.Job instance at 0x7f68651d44b0>,64,17,[8 5],65,67,84,2,67
1,<environment.Job instance at 0x7f685ba32a50>,54,19,[1 9],55,73,92,18,73
1,<environment.Job instance at 0x7f685c778aa0>,79,12,[4 6],80,84,96,4,84
1,<environment.Job instance at 0x7f685b7e10f0>,47,19,[9 5],48,92,111,44,92
1,<environment.Job instance at 0x7f685c7786e0>,81,15,[4 8],82,96,111,14,96
1,<environment.Job instance at 0x7f685c769410>,90,14,[1 8],91,111,125,20,111
1,<environment.Job instance at 0x7f685c7622d0>,95,14,[6 2],96,111,125,15,111
1,<environment.Job instance at 0x7f685c7787d0>,80,16,[ 1 10],81,126,142,45,126
1,<environment.Job instance at 0x7f685c76e230>,85,17,[10  3],86,126,143,40,126
1,<environment.Job instance at 0x7f685cab24b0>,62,21,[5 7],63,142,163,79,142
1,<environment.Job instance at 0x7f685b5d5550>,106,17,[7 4],107,144,161,37,144
1,<environment.Job instance at 0x7f685c523550>,6,28,[5 8],7,11,39,4,11
1,<environment.Job instance at 0x7f685c523f00>,11,18,[2 6],12,12,30,0,12
1,<environment.Job instance at 0x7f685c523190>,12,13,[ 1 12],13,39,52,26,23
1,<environment.Job instance at 0x7f685c5237d0>,13,23,[8 2],14,30,53,16,24
1,<environment.Job instance at 0x7f685c5235f0>,14,23,[ 2 14],15,53,76,38,47
1,<environment.Job instance at 0x7f685c5238c0>,15,18,[3 8],16,76,94,60,65
1,<environment.Job instance at 0x7f685c523140>,16,13,[11  2],17,76,89,59,66
1,<environment.Job instance at 0x7f685c5233c0>,17,15,[10  3],18,89,104,71,76
1,<environment.Job instance at 0x7f685c523c80>,18,20,[5 6],19,94,114,75,85
1,<environment.Job instance at 0x7f685c523910>,19,18,[14  5],20,114,132,94,104
1,<environment.Job instance at 0x7f685c523820>,20,19,[ 1 11],21,132,151,111,122
1,<environment.Job instance at 0x7f685c523320>,9,14,[ 1 13],10,151,165,141,136
1,<environment.Job instance at 0x7f685bf48690>,11,18,[2 6],12,12,30,0,12
1,<environment.Job instance at 0x7f685bf37af0>,15,18,[3 8],16,16,34,0,16
1,<environment.Job instance at 0x7f685bf555f0>,25,12,[1 7],26,30,42,4,30
1,<environment.Job instance at 0x7f685bf32140>,22,13,[2 5],23,34,47,11,34
1,<environment.Job instance at 0x7f685c790c30>,29,12,[8 3],30,34,46,4,34
1,<environment.Job instance at 0x7f685c762c30>,27,14,[9 3],28,46,60,18,46
1,<environment.Job instance at 0x7f685bf32050>,23,16,[ 4 10],24,47,63,23,47
1,<environment.Job instance at 0x7f685c764550>,44,14,[9 2],45,60,74,15,60
1,<environment.Job instance at 0x7f685bf37b40>,17,15,[10  3],18,74,89,56,74
1,<environment.Job instance at 0x7f685bcdb4b0>,59,16,[5 8],60,74,90,14,74
1,<environment.Job instance at 0x7f685c769410>,33,15,[9 1],34,89,104,55,89
1,<environment.Job instance at 0x7f685ba32230>,63,12,[9 1],64,104,116,40,104
1,<environment.Job instance at 0x7f685ba325f0>,65,17,[ 3 10],66,104,121,38,104
1,<environment.Job instance at 0x7f685bceb550>,62,13,[8 2],63,116,129,53,116
1,<environment.Job instance at 0x7f685b8273c0>,75,15,[5 8],76,121,136,45,121
1,<environment.Job instance at 0x7f685bf55f50>,26,16,[8 1],27,129,145,102,129
1,<environment.Job instance at 0x7f685c7c0730>,100,18,[ 4 10],101,136,154,35,136
1,<environment.Job instance at 0x7f685c4a9410>,52,17,[9 5],53,145,162,92,145
1,<environment.Job instance at 0x7f6865672c30>,7,24,[12  4],8,9,33,1,9
1,<environment.Job instance at 0x7f6865672190>,9,27,[ 2 11],10,21,48,11,21
1,<environment.Job instance at 0x7f68656720f0>,11,23,[ 3 14],12,48,71,36,43
1,<environment.Job instance at 0x7f685beefd20>,16,14,[12  2],17,71,85,54,59
1,<environment.Job instance at 0x7f6865672230>,12,17,[7 2],13,85,102,72,73
1,<environment.Job instance at 0x7f685c2c6690>,21,13,[5 1],22,85,98,63,73
1,<environment.Job instance at 0x7f685c183cd0>,22,15,[ 3 11],23,75,90,52,75
1,<environment.Job instance at 0x7f685c24f5f0>,19,21,[4 6],20,98,119,78,90
1,<environment.Job instance at 0x7f685beefbe0>,18,27,[9 3],19,102,129,83,100
1,<environment.Job instance at 0x7f685bc155a0>,26,21,[6 5],27,119,140,92,111
1,<environment.Job instance at 0x7f685bc15d70>,28,15,[7 2],29,129,144,100,115
1,<environment.Job instance at 0x7f685be25730>,2,13,[ 4 12],3,140,153,137,124
1,<environment.Job instance at 0x7f685b42a280>,43,15,[5 2],44,144,159,100,130
1,<environment.Job instance at 0x7f685cba71e0>,40,12,[7 5],41,153,165,112,137
1,<environment.Job instance at 0x7f685cba7eb0>,39,16,[5 5],40,159,175,119,148
1,<environment.Job instance at 0x7f685cc52820>,10,18,[3 8],11,11,29,0,11
1,<environment.Job instance at 0x7f685cc524b0>,12,17,[7 2],13,13,30,0,13
1,<environment.Job instance at 0x7f685c4f0140>,21,13,[5 1],22,22,35,0,22
1,<environment.Job instance at 0x7f685c004190>,15,18,[3 9],16,29,47,13,29
1,<environment.Job instance at 0x7f685bac6a00>,28,15,[7 2],29,30,45,1,30
1,<environment.Job instance at 0x7f685bc54a00>,35,18,[5 3],36,45,63,9,45
1,<environment.Job instance at 0x7f685cbc09b0>,33,14,[ 3 10],34,47,61,13,47
1,<environment.Job instance at 0x7f685bceb550>,40,12,[7 5],41,61,73,20,61
1,<environment.Job instance at 0x7f685cab2320>,43,15,[5 2],44,63,78,19,63
1,<environment.Job instance at 0x7f685b96fa50>,39,16,[5 5],40,73,89,33,73
1,<environment.Job instance at 0x7f685cab2af0>,46,16,[5 7],47,73,89,26,73
1,<environment.Job instance at 0x7f685c4a9a50>,49,12,[3 5],50,89,101,39,89
1,<environment.Job instance at 0x7f685bac65a0>,30,18,[3 9],31,89,107,58,89
1,<environment.Job instance at 0x7f685c769b40>,51,18,[8 1],52,89,107,37,89
1,<environment.Job instance at 0x7f685c5d7050>,58,13,[7 1],59,107,120,48,107
1,<environment.Job instance at 0x7f685ba1da00>,64,14,[5 2],65,107,121,42,107
1,<environment.Job instance at 0x7f685b61f4b0>,76,14,[7 2],77,120,134,43,120
1,<environment.Job instance at 0x7f685b61fd20>,78,12,[5 7],79,121,133,42,121
1,<environment.Job instance at 0x7f685b61f230>,80,18,[5 4],81,133,151,52,133
1,<environment.Job instance at 0x7f685b61f820>,81,12,[1 8],82,133,145,51,133
1,<environment.Job instance at 0x7f685b611870>,75,17,[9 2],76,134,151,58,134
1,<environment.Job instance at 0x7f685c322eb0>,88,12,[1 6],89,145,157,56,145
1,<environment.Job instance at 0x7f685b3ea4b0>,9,23,[ 4 13],10,10,33,0,10
1,<environment.Job instance at 0x7f685cb98b40>,4,21,[5 6],5,5,26,0,5
1,<environment.Job instance at 0x7f685cb98550>,5,17,[10  4],6,6,23,0,6
1,<environment.Job instance at 0x7f685b3d7c30>,10,14,[3 5],11,23,37,12,23
1,<environment.Job instance at 0x7f685cb6a1e0>,24,15,[3 5],25,26,41,1,26
1,<environment.Job instance at 0x7f685b3d7a00>,20,20,[8 2],21,26,46,5,26
1,<environment.Job instance at 0x7f685cb6a190>,32,13,[4 8],33,41,54,8,41
1,<environment.Job instance at 0x7f685cb6a410>,31,13,[8 2],32,46,59,14,46
1,<environment.Job instance at 0x7f685c322eb0>,51,14,[4 8],52,54,68,2,54
1,<environment.Job instance at 0x7f685c322280>,41,15,[10  5],42,59,74,17,59
1,<environment.Job instance at 0x7f685cbb7d20>,56,14,[5 3],57,68,82,11,68
1,<environment.Job instance at 0x7f685b610730>,69,13,[9 5],70,74,87,4,74
1,<environment.Job instance at 0x7f685b61f820>,58,16,[1 7],59,74,90,15,74
1,<environment.Job instance at 0x7f685c322320>,42,16,[4 8],43,87,103,44,87
1,<environment.Job instance at 0x7f685b60b0a0>,72,17,[9 2],73,90,107,17,90
1,<environment.Job instance at 0x7f685b42aa50>,76,18,[5 7],77,103,121,26,103
1,<environment.Job instance at 0x7f685cab28c0>,87,13,[5 1],88,108,121,20,108
1,<environment.Job instance at 0x7f685c4a98c0>,86,17,[1 7],87,108,125,21,108
1,<environment.Job instance at 0x7f685b96fa50>,93,13,[7 5],94,121,134,27,121
1,<environment.Job instance at 0x7f685cab29b0>,88,14,[7 3],89,121,135,32,121
1,<environment.Job instance at 0x7f685cb6dd20>,110,13,[5 5],111,134,147,23,134
1,<environment.Job instance at 0x7f685cab2d70>,94,14,[2 5],95,134,148,39,134
1,<environment.Job instance at 0x7f685bc5c9b0>,82,20,[5 5],83,135,155,52,135
1,<environment.Job instance at 0x7f685c4f0370>,113,18,[2 5],114,147,165,33,147
1,<environment.Job instance at 0x7f685c4f0140>,117,18,[5 3],118,148,166,30,148
1,<environment.Job instance at 0x7f9343d71c30>,6,20,[6 1],7,7,27,0,7
1,<environment.Job instance at 0x7f9343d741e0>,14,13,[7 3],15,16,29,1,16
1,<environment.Job instance at 0x7f9343d743c0>,16,16,[ 3 11],17,27,43,10,17
1,<environment.Job instance at 0x7f9343d71e60>,13,18,[ 4 14],14,43,61,29,32
1,<environment.Job instance at 0x7f9343d74960>,23,18,[2 7],24,86,104,62,86
1,<environment.Job instance at 0x7f9343d69e60>,0,13,[9 3],1,1,14,0,1
1,<environment.Job instance at 0x7f9343d69a50>,2,22,[4 8],3,3,25,0,3
1,<environment.Job instance at 0x7f9343e95640>,14,13,[7 3],15,15,28,0,15
1,<environment.Job instance at 0x7f9343e35960>,23,18,[2 7],24,25,43,1,25
1,<environment.Job instance at 0x7f9343ef8140>,6,20,[6 1],7,25,45,18,25
1,<environment.Job instance at 0x7f9343d69960>,4,21,[1 6],5,28,49,23,28
1,<environment.Job instance at 0x7f9343e33c30>,33,16,[2 8],34,43,59,9,43
1,<environment.Job instance at 0x7f9343efab90>,45,13,[6 5],46,49,62,3,49
1,<environment.Job instance at 0x7f9343e32870>,56,12,[3 6],57,59,71,2,59
1,<environment.Job instance at 0x7f9343e32730>,58,14,[2 7],59,62,76,3,62
1,<environment.Job instance at 0x7f9343f19230>,40,15,[10  3],41,71,86,30,71
1,<environment.Job instance at 0x7f9343e32230>,53,17,[5 7],54,77,94,23,77
1,<environment.Job instance at 0x7f9343e330f0>,35,15,[9 5],36,87,102,51,87
1,<environment.Job instance at 0x7f9343e32a50>,59,17,[1 6],60,94,111,34,94
1,<environment.Job instance at 0x7f9343e326e0>,62,18,[5 3],63,94,112,31,94
1,<environment.Job instance at 0x7f9343e20460>,77,13,[8 5],78,102,115,24,102
1,<environment.Job instance at 0x7f9343e2e140>,65,20,[2 6],66,111,131,45,111
1,<environment.Job instance at 0x7f9343e9c9b0>,78,12,[10  2],79,116,128,37,116
1,<environment.Job instance at 0x7f9343e204b0>,80,14,[2 6],81,116,130,35,116
1,<environment.Job instance at 0x7f9343e9c4b0>,79,13,[9 4],80,130,143,50,130
1,<environment.Job instance at 0x7f9343e917d0>,81,15,[5 9],82,131,146,49,131
1,<environment.Job instance at 0x7f9343e91be0>,89,16,[7 1],90,144,160,54,144
1,<environment.Job instance at 0x7f9343e91190>,82,16,[ 4 10],83,146,162,63,146
1,<environment.Job instance at 0x7f93434c3d70>,2,13,[3 8],3,3,16,0,3
1,<environment.Job instance at 0x7f9343753eb0>,3,13,[3 5],4,4,17,0,4
1,<environment.Job instance at 0x7f93435f9a00>,6,20,[1 5],7,16,36,9,7
1,<environment.Job instance at 0x7f93435f91e0>,12,13,[12  1],13,17,30,4,16
1,<environment.Job instance at 0x7f93435a4690>,13,12,[11  5],14,30,42,16,17
1,<environment.Job instance at 0x7f93435a4640>,15,16,[13  4],16,42,58,26,30
1,<environment.Job instance at 0x7f93435e6320>,17,17,[8 2],18,58,75,40,46
1,<environment.Job instance at 0x7f93435e6550>,19,16,[5 8],20,58,74,38,46
1,<environment.Job instance at 0x7f934360bfa0>,20,13,[8 5],21,75,88,54,60
1,<environment.Job instance at 0x7f934360baa0>,21,14,[2 9],22,74,88,52,60
1,<environment.Job instance at 0x7f93435a40a0>,16,18,[ 1 12],17,88,106,71,77
1,<environment.Job instance at 0x7f934360b5f0>,23,21,[ 4 12],24,106,127,82,98
1,<environment.Job instance at 0x7f934360b6e0>,24,20,[5 2],25,112,132,87,112
1,<environment.Job instance at 0x7f93436eaa00>,8,20,[ 3 12],9,127,147,118,120
1,<environment.Job instance at 0x7f934360b280>,26,27,[2 9],27,147,174,120,145
1,<environment.Job instance at 0x7f934360bdc0>,27,21,[11  4],28,147,168,119,147
1,<environment.Job instance at 0x7f9343e334b0>,2,13,[3 8],3,3,16,0,3
1,<environment.Job instance at 0x7f9343e33e10>,3,13,[3 5],4,4,17,0,4
1,<environment.Job instance at 0x7f9343575aa0>,6,20,[1 5],7,16,36,9,16
1,<environment.Job instance at 0x7f9343575eb0>,7,22,[3 7],8,17,39,9,17
1,<environment.Job instance at 0x7f934362fb40>,17,17,[8 2],18,18,35,0,18
1,<environment.Job instance at 0x7f93435982d0>,20,13,[8 5],21,36,49,15,36
1,<environment.Job instance at 0x7f934352b230>,32,12,[1 7],33,39,51,6,39
1,<environment.Job instance at 0x7f934356d550>,24,20,[5 2],25,39,59,14,39
1,<environment.Job instance at 0x7f934352fe60>,38,12,[10  5],39,51,63,12,51
1,<environment.Job instance at 0x7f934352f190>,40,14,[2 7],41,59,73,18,59
1,<environment.Job instance at 0x7f9343541820>,52,13,[9 4],53,63,76,10,63
1,<environment.Job instance at 0x7f934354b140>,57,14,[ 1 10],58,73,87,15,73
1,<environment.Job instance at 0x7f93435d1820>,60,14,[6 1],61,76,90,15,76
1,<environment.Job instance at 0x7f934351f7d0>,21,14,[2 9],22,87,101,65,87
1,<environment.Job instance at 0x7f9343704320>,63,14,[10  1],64,90,104,26,90
1,<environment.Job instance at 0x7f934351f3c0>,19,16,[5 8],20,101,117,81,101
1,<environment.Job instance at 0x7f9343536be0>,67,13,[7 4],68,104,117,36,104
1,<environment.Job instance at 0x7f934355f050>,66,13,[6 3],67,117,130,50,117
1,<environment.Job instance at 0x7f9343597c30>,77,16,[2 8],78,117,133,39,117
1,<environment.Job instance at 0x7f934357be60>,84,16,[7 4],85,117,133,32,117
1,<environment.Job instance at 0x7f9343587640>,92,14,[5 5],93,133,147,40,133
1,<environment.Job instance at 0x7f93434e4190>,100,14,[2 7],101,133,147,32,133
1,<environment.Job instance at 0x7f93434e40f0>,101,15,[4 8],102,147,162,45,147
1,<environment.Job instance at 0x7f93434eb690>,106,15,[3 6],107,147,162,40,147
1,<environment.Job instance at 0x7f9343386b90>,1,15,[5 5],2,2,17,0,2
1,<environment.Job instance at 0x7f9343386dc0>,3,13,[4 8],4,4,17,0,4
1,<environment.Job instance at 0x7f93433862d0>,4,20,[6 1],5,5,25,0,5
1,<environment.Job instance at 0x7f9343386910>,8,18,[ 2 14],9,17,35,8,13
1,<environment.Job instance at 0x7f9343386690>,13,15,[ 1 11],14,35,50,21,21
1,<environment.Job instance at 0x7f935d44ca50>,17,13,[ 4 12],18,50,63,32,34
1,<environment.Job instance at 0x7f93433860f0>,12,23,[10  2],13,42,65,29,42
1,<environment.Job instance at 0x7f9343328960>,18,15,[13  1],19,65,80,46,53
1,<environment.Job instance at 0x7f9343328f00>,20,13,[1 6],21,63,76,42,53
1,<environment.Job instance at 0x7f93433283c0>,21,22,[ 3 13],22,80,102,58,73
1,<environment.Job instance at 0x7f93433288c0>,22,20,[8 1],23,80,100,57,73
1,<environment.Job instance at 0x7f93433285f0>,28,14,[8 3],29,102,116,73,100
1,<environment.Job instance at 0x7f93433289b0>,30,12,[14  1],31,116,128,85,100
1,<environment.Job instance at 0x7f9343328410>,27,16,[5 4],28,128,144,100,117
1,<environment.Job instance at 0x7f9343328d20>,32,18,[3 6],33,135,153,102,135
1,<environment.Job instance at 0x7f9343328af0>,33,22,[12  5],34,144,166,110,142
1,<environment.Job instance at 0x7f93448ee870>,1,15,[5 5],2,2,17,0,2
1,<environment.Job instance at 0x7f93444e5c30>,3,13,[4 8],4,4,17,0,4
1,<environment.Job instance at 0x7f93439add20>,4,20,[6 1],5,5,25,0,5
1,<environment.Job instance at 0x7f93439b1be0>,7,21,[5 9],8,17,38,9,17
1,<environment.Job instance at 0x7f934490e0f0>,20,13,[1 6],21,25,38,4,25
1,<environment.Job instance at 0x7f9343795690>,28,14,[8 3],29,38,52,9,38
1,<environment.Job instance at 0x7f934371b8c0>,34,15,[5 5],35,38,53,3,38
1,<environment.Job instance at 0x7f9343679af0>,38,12,[ 5 10],39,52,64,13,52
1,<environment.Job instance at 0x7f93442165f0>,27,16,[5 4],28,53,69,25,53
1,<environment.Job instance at 0x7f93437c0a00>,45,14,[8 5],46,64,78,18,64
1,<environment.Job instance at 0x7f93435b8960>,47,16,[5 8],48,69,85,21,69
1,<environment.Job instance at 0x7f93435b8e60>,48,13,[1 7],49,78,91,29,78
1,<environment.Job instance at 0x7f93435b8c30>,55,13,[5 5],56,85,98,29,85
1,<environment.Job instance at 0x7f93437c0640>,44,18,[8 3],45,85,103,40,85
1,<environment.Job instance at 0x7f93437c1f00>,58,14,[7 5],59,98,112,39,98
1,<environment.Job instance at 0x7f9343718eb0>,65,15,[8 5],66,103,118,37,103
1,<environment.Job instance at 0x7f93435eedc0>,72,12,[7 2],73,112,124,39,112
1,<environment.Job instance at 0x7f934cf40690>,36,16,[3 9],37,118,134,81,118
1,<environment.Job instance at 0x7f93435aafa0>,32,18,[3 6],33,124,142,91,124
1,<environment.Job instance at 0x7f93436ef3c0>,81,13,[4 9],82,134,147,52,134
1,<environment.Job instance at 0x7f934451ff50>,22,20,[8 1],23,142,162,119,142
1,<environment.Job instance at 0x7f93436c8640>,85,14,[ 2 10],86,147,161,61,147
1,<environment.Job instance at 0x7f934d524a00>,5,13,[6 4],6,6,19,0,6
1,<environment.Job instance at 0x7f934d534af0>,11,13,[6 5],12,12,25,0,12
1,<environment.Job instance at 0x7f934d3e3550>,13,14,[4 5],14,19,33,5,14
1,<environment.Job instance at 0x7f934352f140>,16,27,[5 5],17,19,46,2,19
1,<environment.Job instance at 0x7f93434c3af0>,17,15,[9 5],18,33,48,15,21
1,<environment.Job instance at 0x7f9343870140>,21,18,[5 9],22,46,64,24,39
1,<environment.Job instance at 0x7f93434c3be0>,19,17,[1 7],20,64,81,44,53
1,<environment.Job instance at 0x7f93434c3230>,22,12,[12  4],23,64,76,41,63
1,<environment.Job instance at 0x7f93434c3910>,20,15,[5 1],21,76,91,55,64
1,<environment.Job instance at 0x7f93438706e0>,25,25,[9 2],26,76,101,50,73
1,<environment.Job instance at 0x7f93438705f0>,26,14,[5 9],27,91,105,64,79
1,<environment.Job instance at 0x7f9343870fa0>,27,19,[11  1],28,105,124,77,96
1,<environment.Job instance at 0x7f9343870cd0>,28,12,[2 5],29,101,113,72,97
1,<environment.Job instance at 0x7f9343870550>,23,21,[ 2 11],24,113,134,89,105
1,<environment.Job instance at 0x7f93438709b0>,29,16,[6 5],30,134,150,104,121
1,<environment.Job instance at 0x7f9343870820>,31,27,[1 8],32,138,165,106,138
1,<environment.Job instance at 0x7f93438700a0>,24,23,[14  3],25,150,173,125,145
1,<environment.Job instance at 0x7f934374dd70>,2,16,[10  3],3,3,19,0,3
1,<environment.Job instance at 0x7f93437b9190>,8,19,[1 5],9,9,28,0,9
1,<environment.Job instance at 0x7f934374d6e0>,5,13,[6 4],6,19,32,13,19
1,<environment.Job instance at 0x7f93437b85f0>,11,13,[6 5],12,19,32,7,19
1,<environment.Job instance at 0x7f93437c2640>,13,14,[4 5],14,32,46,18,32
1,<environment.Job instance at 0x7f93439eb6e0>,6,14,[10  3],7,32,46,25,32
1,<environment.Job instance at 0x7f934388e910>,19,17,[1 7],20,32,49,12,32
1,<environment.Job instance at 0x7f934388e050>,20,15,[5 1],21,46,61,25,46
1,<environment.Job instance at 0x7f934388e140>,17,15,[9 5],18,46,61,28,46
1,<environment.Job instance at 0x7f93437c15a0>,28,12,[2 5],29,61,73,32,61
1,<environment.Job instance at 0x7f9343718eb0>,26,14,[5 9],27,61,75,34,61
1,<environment.Job instance at 0x7f934377b9b0>,29,16,[6 5],30,73,89,43,73
1,<environment.Job instance at 0x7f9343b37eb0>,21,18,[5 9],22,75,93,53,75
1,<environment.Job instance at 0x7f934d3e43c0>,36,18,[7 5],37,89,107,52,89
1,<environment.Job instance at 0x7f9344205550>,37,18,[5 9],38,93,111,55,93
1,<environment.Job instance at 0x7f93436f0f00>,41,12,[10  2],42,107,119,65,107
1,<environment.Job instance at 0x7f93437846e0>,53,15,[ 3 10],54,111,126,57,111
1,<environment.Job instance at 0x7f9343b78730>,51,16,[7 3],52,119,135,67,119
1,<environment.Job instance at 0x7f9344096c30>,61,15,[6 3],62,126,141,64,126
1,<environment.Job instance at 0x7f93437b9320>,9,18,[2 9],10,126,144,116,126
1,<environment.Job instance at 0x7f93438971e0>,66,17,[10  3],67,141,158,74,141
1,<environment.Job instance at 0x7f9343782280>,69,17,[5 9],70,144,161,74,144
1,<environment.Job instance at 0x7f9343dd5c80>,83,14,[1 5],84,158,172,74,158
1,<environment.Job instance at 0x7f9343ed0d20>,1,15,[4 5],2,2,17,0,2
1,<environment.Job instance at 0x7f9343721b90>,5,25,[6 1],6,6,31,0,6
1,<environment.Job instance at 0x7f9343748e60>,16,20,[3 6],17,17,37,0,17
1,<environment.Job instance at 0x7f9343742e60>,17,13,[9 4],18,31,44,13,18
1,<environment.Job instance at 0x7f9343722be0>,28,17,[5 2],29,37,54,8,32
1,<environment.Job instance at 0x7f93441dc190>,20,17,[4 7],21,44,61,23,42
1,<environment.Job instance at 0x7f9343722410>,27,25,[2 6],28,44,69,16,42
1,<environment.Job instance at 0x7f9343722960>,30,15,[6 3],31,61,76,30,48
1,<environment.Job instance at 0x7f9343722cd0>,31,15,[3 9],32,69,84,37,55
1,<environment.Job instance at 0x7f9343e385f0>,1,15,[4 5],2,2,17,0,2
1,<environment.Job instance at 0x7f9343e38320>,3,21,[1 6],4,4,25,0,4
1,<environment.Job instance at 0x7f9344421140>,10,18,[7 3],11,11,29,0,11
1,<environment.Job instance at 0x7f93441fe960>,6,16,[4 5],7,17,33,10,17
1,<environment.Job instance at 0x7f9343e6c910>,17,13,[9 4],18,29,42,11,29
1,<environment.Job instance at 0x7f9344421410>,9,16,[ 5 10],10,33,49,23,33
1,<environment.Job instance at 0x7f9343da0c30>,19,15,[7 3],20,42,57,22,42
1,<environment.Job instance at 0x7f9343da0730>,20,17,[4 7],21,49,66,28,49
1,<environment.Job instance at 0x7f9343ec0be0>,21,17,[4 5],22,49,66,27,49
1,<environment.Job instance at 0x7f9343da0500>,23,15,[4 9],24,66,81,42,66
1,<environment.Job instance at 0x7f9343e35d70>,30,15,[6 3],31,66,81,35,66
1,<environment.Job instance at 0x7f9343e35af0>,28,17,[5 2],29,66,83,37,66
1,<environment.Job instance at 0x7f9343bce6e0>,36,14,[7 2],37,81,95,44,81
1,<environment.Job instance at 0x7f9343bce500>,31,15,[3 9],32,81,96,49,81
1,<environment.Job instance at 0x7f9343d65be0>,41,13,[7 1],42,95,108,53,95
1,<environment.Job instance at 0x7f9344209e60>,42,14,[3 6],43,96,110,53,96
1,<environment.Job instance at 0x7f93444adbe0>,46,16,[5 8],47,96,112,49,96
1,<environment.Job instance at 0x7f9343e2f8c0>,51,14,[6 1],52,108,122,56,108
1,<environment.Job instance at 0x7f9343e2f730>,54,14,[3 9],55,112,126,57,112
1,<environment.Job instance at 0x7f9343e058c0>,14,21,[6 5],15,112,133,97,112
1,<environment.Job instance at 0x7f9344421960>,11,16,[9 2],12,127,143,115,127
1,<environment.Job instance at 0x7f9343e357d0>,29,18,[1 9],30,133,151,103,133
1,<environment.Job instance at 0x7f9343e2d5a0>,65,16,[10  2],66,143,159,77,143
1,<environment.Job instance at 0x7f9343dd50a0>,68,17,[5 5],69,151,168,82,151
1,<environment.Job instance at 0x7f93441c9500>,3,21,[ 3 14],4,7,28,3,7
1,<environment.Job instance at 0x7f93441d3c30>,11,13,[9 3],12,28,41,16,14
1,<environment.Job instance at 0x7f93441d3f00>,8,16,[1 5],9,28,44,19,25
1,<environment.Job instance at 0x7f9343468e60>,21,17,[9 2],22,41,58,19,29
1,<environment.Job instance at 0x7f9343468960>,23,16,[ 3 10],24,44,60,20,31
1,<environment.Job instance at 0x7f9343468a00>,24,18,[ 1 12],25,60,78,35,49
1,<environment.Job instance at 0x7f93434681e0>,26,26,[ 1 10],27,78,104,51,75
1,<environment.Job instance at 0x7f93441d8730>,15,13,[14  1],16,77,90,61,77
1,<environment.Job instance at 0x7f9343468dc0>,27,18,[13  5],28,90,108,62,82
1,<environment.Job instance at 0x7f9343468140>,29,14,[5 4],30,108,122,78,93
1,<environment.Job instance at 0x7f93441d3aa0>,13,15,[3 8],14,108,123,94,94
1,<environment.Job instance at 0x7f93441d89b0>,17,14,[ 2 13],18,123,137,105,111
1,<environment.Job instance at 0x7f9343474280>,34,12,[ 4 11],35,137,149,102,120
1,<environment.Job instance at 0x7f9343474140>,33,28,[5 7],34,149,177,115,149
1,<environment.Job instance at 0x7f9343474c80>,40,13,[8 3],41,150,163,109,150
1,<environment.Job instance at 0x7f9343a8a230>,4,17,[10  5],5,5,22,0,5
1,<environment.Job instance at 0x7f934453a730>,5,17,[3 6],6,6,23,0,6
1,<environment.Job instance at 0x7f9343e35230>,11,13,[9 3],12,22,35,10,22
1,<environment.Job instance at 0x7f9343e35d70>,8,16,[1 5],9,22,38,13,22
1,<environment.Job instance at 0x7f93441d8370>,14,13,[6 5],15,35,48,20,35
1,<environment.Job instance at 0x7f93441c9b90>,29,14,[5 4],30,35,49,5,35
1,<environment.Job instance at 0x7f93435eee60>,40,13,[8 3],41,48,61,7,48
1,<environment.Job instance at 0x7f9343468b90>,13,15,[3 8],14,49,64,35,49
1,<environment.Job instance at 0x7f9343588500>,50,13,[7 5],51,61,74,10,61
1,<environment.Job instance at 0x7f9343eb53c0>,54,15,[4 6],55,64,79,9,64
1,<environment.Job instance at 0x7f934357bb40>,58,14,[8 1],59,74,88,15,74
1,<environment.Job instance at 0x7f93434909b0>,23,16,[ 3 10],24,79,95,55,79
1,<environment.Job instance at 0x7f934357b910>,57,17,[5 4],58,88,105,30,88
1,<environment.Job instance at 0x7f93437d0280>,69,13,[ 2 10],70,95,108,25,95
1,<environment.Job instance at 0x7f93434903c0>,21,17,[9 2],22,105,122,83,105
1,<environment.Job instance at 0x7f93436745a0>,78,15,[1 9],79,108,123,29,108
1,<environment.Job instance at 0x7f9343e16c30>,32,18,[9 3],33,122,140,89,122
1,<environment.Job instance at 0x7f9343644c80>,84,13,[4 7],85,123,136,38,123
1,<environment.Job instance at 0x7f93436353c0>,96,15,[ 1 10],97,136,151,39,136
1,<environment.Job instance at 0x7f9343312460>,103,14,[7 2],104,151,165,47,151
1,<environment.Job instance at 0x7f93433145f0>,106,12,[6 1],107,151,163,44,151
1,<environment.Job instance at 0x7f9343644aa0>,83,18,[1 8],84,151,169,67,151
1,<environment.Job instance at 0x7f93441e3f00>,0,14,[2 7],1,1,15,0,1
1,<environment.Job instance at 0x7f93448102d0>,2,14,[5 5],3,3,17,0,3
1,<environment.Job instance at 0x7f9344835f00>,5,16,[6 1],6,6,22,0,6
1,<environment.Job instance at 0x7f93448350f0>,8,18,[1 5],9,15,33,6,9
1,<environment.Job instance at 0x7f9344835d70>,10,12,[6 3],11,17,29,6,11
1,<environment.Job instance at 0x7f9344835e10>,11,16,[10  2],12,29,45,17,16
1,<environment.Job instance at 0x7f9344836af0>,16,18,[6 2],17,45,63,28,34
1,<environment.Job instance at 0x7f93438503c0>,17,14,[ 4 12],18,35,49,17,35
1,<environment.Job instance at 0x7f9344836910>,18,13,[7 5],19,49,62,30,35
1,<environment.Job instance at 0x7f93441bd0a0>,0,14,[2 7],1,1,15,0,1
1,<environment.Job instance at 0x7f93441bdaf0>,2,14,[5 5],3,3,17,0,3
1,<environment.Job instance at 0x7f93441bd500>,5,16,[6 1],6,6,22,0,6
1,<environment.Job instance at 0x7f93441bd820>,8,18,[1 5],9,15,33,6,15
1,<environment.Job instance at 0x7f9344549e60>,10,12,[6 3],11,17,29,6,17
1,<environment.Job instance at 0x7f93436c1910>,18,13,[7 5],19,22,35,3,22
1,<environment.Job instance at 0x7f93435a8230>,21,15,[7 3],22,29,44,7,29
1,<environment.Job instance at 0x7f9343ce5a50>,25,14,[4 7],26,35,49,9,35
1,<environment.Job instance at 0x7f9343311e60>,15,13,[9 5],16,44,57,28,44
1,<environment.Job instance at 0x7f9343644dc0>,34,13,[1 6],35,49,62,14,49
1,<environment.Job instance at 0x7f9343644910>,32,18,[5 4],33,49,67,16,49
1,<environment.Job instance at 0x7f93436443c0>,38,17,[7 4],39,57,74,18,57
1,<environment.Job instance at 0x7f9343588500>,47,12,[4 5],48,67,79,19,67
1,<environment.Job instance at 0x7f9343eb53c0>,45,16,[4 9],46,76,92,30,76
1,<environment.Job instance at 0x7f9343e673c0>,11,16,[10  2],12,79,95,67,79
1,<environment.Job instance at 0x7f93436167d0>,54,12,[ 5 10],55,92,104,37,92
1,<environment.Job instance at 0x7f93436168c0>,56,16,[8 4],57,96,112,39,96
1,<environment.Job instance at 0x7f93433121e0>,16,18,[6 2],17,105,123,88,105
1,<environment.Job instance at 0x7f9343616b40>,51,22,[1 8],52,105,127,53,105
1,<environment.Job instance at 0x7f9343616870>,55,19,[7 5],56,112,131,56,112
1,<environment.Job instance at 0x7f93438971e0>,72,17,[6 4],73,128,145,55,128
1,<environment.Job instance at 0x7f93441ab1e0>,67,14,[9 5],68,132,146,64,132
1,<environment.Job instance at 0x7f9343502cd0>,77,12,[5 1],78,145,157,67,145
1,<environment.Job instance at 0x7f9344553780>,62,20,[5 8],63,147,167,84,147
1,<environment.Job instance at 0x7f9344128640>,48,21,[10  3],49,158,179,109,158
1,<environment.Job instance at 0x7f9344187cd0>,11,12,[12  5],12,15,27,3,15
1,<environment.Job instance at 0x7f9344187dc0>,14,19,[5 2],15,27,46,12,17
1,<environment.Job instance at 0x7f93441877d0>,16,12,[3 6],17,17,29,0,17
1,<environment.Job instance at 0x7f934421c230>,10,13,[13  3],11,46,59,35,30
1,<environment.Job instance at 0x7f9344187c30>,18,14,[12  2],19,59,73,40,44
1,<environment.Job instance at 0x7f93441879b0>,27,14,[9 5],28,73,87,45,66
1,<environment.Job instance at 0x7f9344187f50>,24,12,[8 3],25,87,99,62,72
1,<environment.Job instance at 0x7f9344187b40>,32,14,[6 3],33,75,89,42,75
1,<environment.Job instance at 0x7f93441873c0>,20,12,[9 5],21,99,111,78,83
1,<environment.Job instance at 0x7f9344187960>,31,17,[ 1 14],32,111,128,79,99
1,<environment.Job instance at 0x7f9344187690>,28,14,[8 5],29,128,142,99,114
1,<environment.Job instance at 0x7f9343d4f960>,36,16,[2 9],37,128,144,91,115
1,<environment.Job instance at 0x7f9343d4f910>,42,18,[1 6],43,142,160,99,131
1,<environment.Job instance at 0x7f9343d71a50>,50,15,[5 6],51,144,159,93,138
1,<environment.Job instance at 0x7f9343d71a00>,53,22,[6 2],54,144,166,90,140
1,<environment.Job instance at 0x7f9343d715f0>,54,12,[12  1],55,166,178,111,150
1,<environment.Job instance at 0x7f9343d71d20>,47,19,[2 7],48,159,178,111,151
1,<environment.Job instance at 0x7f9343be9aa0>,0,13,[9 1],1,1,14,0,1
1,<environment.Job instance at 0x7f9343378460>,5,12,[3 5],6,6,18,0,6
1,<environment.Job instance at 0x7f9343775780>,9,22,[3 9],10,10,32,0,10
1,<environment.Job instance at 0x7f93434c3dc0>,16,12,[3 6],17,18,30,1,18
1,<environment.Job instance at 0x7f9343616870>,20,12,[9 5],21,30,42,9,30
1,<environment.Job instance at 0x7f9344128230>,26,17,[5 5],27,32,49,5,32
1,<environment.Job instance at 0x7f9343616690>,24,12,[8 3],25,42,54,17,42
1,<environment.Job instance at 0x7f93447a4050>,25,18,[ 2 10],26,49,67,23,49
1,<environment.Job instance at 0x7f9343587870>,14,19,[5 2],15,49,68,34,49
1,<environment.Job instance at 0x7f9344189dc0>,32,14,[6 3],33,54,68,21,54
1,<environment.Job instance at 0x7f9343ce5a50>,36,16,[2 9],37,67,83,30,67
1,<environment.Job instance at 0x7f9344128640>,27,14,[9 5],28,68,82,40,68
1,<environment.Job instance at 0x7f9344128820>,28,14,[8 5],29,82,96,53,82
1,<environment.Job instance at 0x7f934392ffa0>,50,15,[5 6],51,83,98,32,83
1,<environment.Job instance at 0x7f93447e5b40>,70,17,[2 9],71,97,114,26,97
1,<environment.Job instance at 0x7f93446d34b0>,73,15,[10  1],74,98,113,24,98
1,<environment.Job instance at 0x7f934cf33b40>,44,18,[9 3],45,113,131,68,113
1,<environment.Job instance at 0x7f934364a500>,75,12,[1 9],76,114,126,38,114
1,<environment.Job instance at 0x7f93435aa460>,78,18,[5 2],79,114,132,35,114
1,<environment.Job instance at 0x7f93441d8730>,42,18,[1 6],43,126,144,83,126
1,<environment.Job instance at 0x7f93447e5460>,67,20,[6 4],68,131,151,63,131
1,<environment.Job instance at 0x7f93435aae10>,77,13,[5 8],78,144,157,66,144
1,<environment.Job instance at 0x7f9344865730>,86,12,[10  1],87,151,163,64,151
1,<environment.Job instance at 0x7f93448656e0>,85,14,[3 9],86,158,172,72,158
1,<environment.Job instance at 0x7f93431f6140>,1,13,[7 2],2,2,15,0,2
1,<environment.Job instance at 0x7f93431f6d20>,2,12,[5 2],3,3,15,0,3
1,<environment.Job instance at 0x7f93431f6910>,6,15,[6 2],7,15,30,8,7
1,<environment.Job instance at 0x7f934325b230>,10,16,[8 5],11,15,31,4,14
1,<environment.Job instance at 0x7f934325be60>,14,12,[14  4],15,31,43,16,16
1,<environment.Job instance at 0x7f93431f6f00>,11,22,[ 4 11],12,43,65,31,38
1,<environment.Job instance at 0x7f934325b0f0>,15,13,[8 4],16,47,60,31,47
1,<environment.Job instance at 0x7f934325b4b0>,17,12,[ 3 11],18,65,77,47,49
1,<environment.Job instance at 0x7f934325b050>,19,14,[ 1 12],20,77,91,57,62
1,<environment.Job instance at 0x7f934325b9b0>,18,19,[9 2],19,66,85,47,66
1,<environment.Job instance at 0x7f934325b550>,20,16,[13  3],21,85,101,64,72
1,<environment.Job instance at 0x7f934325b0a0>,12,18,[ 3 13],13,101,119,88,95
1,<environment.Job instance at 0x7f934325b1e0>,23,20,[6 2],24,101,121,77,95
1,<environment.Job instance at 0x7f934325bc30>,24,18,[ 1 13],25,119,137,94,109
1,<environment.Job instance at 0x7f934325bcd0>,22,23,[11  1],23,121,144,98,117
1,<environment.Job instance at 0x7f934325b2d0>,25,15,[3 6],26,137,152,111,125
1,<environment.Job instance at 0x7f934325b7d0>,13,17,[12  4],14,144,161,130,133
1,<environment.Job instance at 0x7f934325bb40>,26,13,[11  3],27,161,174,134,147
1,<environment.Job instance at 0x7f934d44c780>,1,13,[7 2],2,2,15,0,2
1,<environment.Job instance at 0x7f93447e5e10>,2,12,[5 2],3,3,15,0,3
1,<environment.Job instance at 0x7f9343a68cd0>,3,15,[3 9],4,4,19,0,4
1,<environment.Job instance at 0x7f934d5993c0>,6,15,[6 2],7,15,30,8,15
1,<environment.Job instance at 0x7f934424dcd0>,15,13,[8 4],16,19,32,3,19
1,<environment.Job instance at 0x7f9343583d20>,28,14,[6 1],29,30,44,1,30
1,<environment.Job instance at 0x7f93435634b0>,25,15,[3 6],26,32,47,6,32
1,<environment.Job instance at 0x7f9343563460>,23,20,[6 2],24,32,52,8,32
1,<environment.Job instance at 0x7f9343588370>,21,22,[5 2],22,44,66,22,44
1,<environment.Job instance at 0x7f93442380a0>,33,15,[7 2],34,52,67,18,52
1,<environment.Job instance at 0x7f934423e500>,48,15,[ 2 10],49,52,67,3,52
1,<environment.Job instance at 0x7f9343585f50>,45,15,[6 5],46,67,82,21,67
1,<environment.Job instance at 0x7f934424d730>,10,16,[8 5],11,67,83,56,67
1,<environment.Job instance at 0x7f93433b72d0>,62,15,[4 7],63,82,97,19,82
1,<environment.Job instance at 0x7f93445de820>,80,12,[9 5],81,83,95,2,83
1,<environment.Job instance at 0x7f9343a48690>,82,12,[9 4],83,95,107,12,95
1,<environment.Job instance at 0x7f93436b15a0>,87,13,[3 7],88,97,110,9,97
1,<environment.Job instance at 0x7f9344255730>,89,12,[10  2],90,107,119,17,107
1,<environment.Job instance at 0x7f9344255320>,96,12,[2 6],97,119,131,22,119
1,<environment.Job instance at 0x7f934423e6e0>,50,17,[10  3],51,119,136,68,119
1,<environment.Job instance at 0x7f93438975f0>,100,18,[ 2 10],101,131,149,30,131
1,<environment.Job instance at 0x7f9343897b40>,102,13,[9 1],103,136,149,33,136
1,<environment.Job instance at 0x7f9343bc1050>,110,12,[1 8],111,149,161,38,149
1,<environment.Job instance at 0x7f93438970f0>,105,13,[5 7],106,149,162,43,149
1,<environment.Job instance at 0x7f93446dcc30>,0,12,[5 8],1,1,13,0,1
1,<environment.Job instance at 0x7f93446dc0a0>,5,12,[ 2 14],6,13,25,7,6
1,<environment.Job instance at 0x7f93446dc7d0>,13,12,[13  2],14,25,37,11,16
1,<environment.Job instance at 0x7f93446dc910>,15,26,[2 8],16,25,51,9,22
1,<environment.Job instance at 0x7f93446dcd70>,17,12,[10  2],18,37,49,19,24
1,<environment.Job instance at 0x7f93446dce60>,18,14,[ 2 13],19,51,65,32,36
1,<environment.Job instance at 0x7f93446dcf00>,19,16,[3 6],20,65,81,45,52
1,<environment.Job instance at 0x7f9343d5f4b0>,20,15,[1 6],21,65,80,44,52
1,<environment.Job instance at 0x7f934426ea50>,0,12,[5 8],1,1,13,0,1
1,<environment.Job instance at 0x7f934426eb90>,1,20,[10  3],2,2,22,0,2
1,<environment.Job instance at 0x7f934365e820>,12,16,[ 5 10],13,13,29,0,13
1,<environment.Job instance at 0x7f93432a8aa0>,17,12,[10  2],18,22,34,4,22
1,<environment.Job instance at 0x7f9343897dc0>,20,15,[1 6],21,29,44,8,29
1,<environment.Job instance at 0x7f9343897960>,19,16,[3 6],20,29,45,9,29
1,<environment.Job instance at 0x7f934426e050>,4,21,[10  1],5,34,55,29,34
1,<environment.Job instance at 0x7f9343724cd0>,30,14,[4 6],31,45,59,14,45
1,<environment.Job instance at 0x7f9343897e60>,24,13,[7 5],25,55,68,30,55
1,<environment.Job instance at 0x7f93442551e0>,36,12,[ 2 10],37,59,71,22,59
1,<environment.Job instance at 0x7f93436b16e0>,43,13,[7 4],44,68,81,24,68
1,<environment.Job instance at 0x7f93445de320>,47,12,[ 4 10],48,71,83,23,71
1,<environment.Job instance at 0x7f9344255d70>,32,15,[9 2],33,81,96,48,81
1,<environment.Job instance at 0x7f93445de190>,48,14,[4 9],49,83,97,34,83
1,<environment.Job instance at 0x7f9344255cd0>,33,16,[8 4],34,96,112,62,96
1,<environment.Job instance at 0x7f934348b7d0>,65,14,[3 5],66,97,111,31,97
1,<environment.Job instance at 0x7f93435620f0>,70,12,[3 5],71,97,109,26,97
1,<environment.Job instance at 0x7f934423e0a0>,74,15,[ 1 10],75,111,126,36,111
1,<environment.Job instance at 0x7f9343585640>,75,15,[7 1],76,112,127,36,112
1,<environment.Job instance at 0x7f93435855f0>,76,16,[8 4],77,126,142,49,126
1,<environment.Job instance at 0x7f93436b15a0>,41,17,[4 9],42,127,144,85,127
1,<environment.Job instance at 0x7f93442380a0>,84,15,[2 5],85,142,157,57,142
1,<environment.Job instance at 0x7f93435799b0>,85,15,[7 2],86,144,159,58,144
1,<environment.Job instance at 0x7f93435853c0>,77,17,[5 5],78,144,161,66,144
1,<environment.Job instance at 0x7f93442773c0>,82,18,[2 5],83,157,175,74,157
1,<environment.Job instance at 0x7f93437154b0>,8,15,[4 5],9,10,25,1,10
1,<environment.Job instance at 0x7f9343715aa0>,11,21,[9 3],12,18,39,6,18
1,<environment.Job instance at 0x7f9343c3d8c0>,28,14,[5 7],29,35,49,6,35
1,<environment.Job instance at 0x7f9343c3dbe0>,29,15,[13  2],30,49,64,19,35
1,<environment.Job instance at 0x7f934440ceb0>,40,16,[8 1],41,64,80,23,52
1,<environment.Job instance at 0x7f934440c280>,36,23,[5 1],37,64,87,27,58
1,<environment.Job instance at 0x7f934440c910>,51,12,[10  3],52,80,92,28,63
1,<environment.Job instance at 0x7f934440c820>,49,17,[2 8],50,125,142,75,125
1,<environment.Job instance at 0x7f934d3bb280>,1,22,[5 4],2,2,24,0,2
1,<environment.Job instance at 0x7f934d3bb960>,2,19,[7 5],3,3,22,0,3
1,<environment.Job instance at 0x7f93443cd6e0>,18,13,[2 8],19,22,35,3,22
1,<environment.Job instance at 0x7f93443cdaf0>,8,15,[4 5],9,24,39,15,24
1,<environment.Job instance at 0x7f93443cd500>,21,17,[9 2],22,24,41,2,24
1,<environment.Job instance at 0x7f9344645aa0>,27,15,[6 1],28,39,54,11,39
1,<environment.Job instance at 0x7f93446dc870>,28,14,[5 7],29,41,55,12,41
1,<environment.Job instance at 0x7f93443cdcd0>,14,16,[3 6],15,41,57,26,41
1,<environment.Job instance at 0x7f934389a550>,32,12,[10  5],33,55,67,22,55
1,<environment.Job instance at 0x7f93443cda00>,20,15,[5 8],21,57,72,36,57
1,<environment.Job instance at 0x7f934424d730>,40,16,[8 1],41,67,83,26,67
1,<environment.Job instance at 0x7f93435799b0>,52,13,[5 1],53,72,85,19,72
1,<environment.Job instance at 0x7f9344238be0>,49,17,[2 8],50,72,89,22,72
1,<environment.Job instance at 0x7f93435853c0>,57,18,[5 3],58,83,101,25,83
1,<environment.Job instance at 0x7f9344259870>,51,12,[10  3],52,89,101,37,89
1,<environment.Job instance at 0x7f93442774b0>,54,13,[9 5],55,102,115,47,102
1,<environment.Job instance at 0x7f93443cddc0>,3,17,[ 4 10],4,102,119,98,102
1,<environment.Job instance at 0x7f93442775a0>,58,15,[9 3],59,115,130,56,115
1,<environment.Job instance at 0x7f934423e730>,67,14,[1 8],68,120,134,52,120
1,<environment.Job instance at 0x7f9343a43b40>,79,12,[9 1],80,131,143,51,131
1,<environment.Job instance at 0x7f93445de780>,83,14,[1 7],84,134,148,50,134
1,<environment.Job instance at 0x7f9343ff0d70>,33,17,[10  4],34,143,160,109,143
1,<environment.Job instance at 0x7f93445dedc0>,87,15,[1 7],88,148,163,60,148
1,<environment.Job instance at 0x7f93448f1a00>,8,14,[8 5],9,9,23,0,9
1,<environment.Job instance at 0x7f93448f1910>,9,26,[4 6],10,13,39,3,13
1,<environment.Job instance at 0x7f93443841e0>,6,20,[ 5 11],7,105,125,98,105
1,<environment.Job instance at 0x7f93448f1aa0>,7,12,[12  2],8,125,137,117,109
1,<environment.Job instance at 0x7f93448f1500>,12,13,[11  1],13,137,150,124,123
1,<environment.Job instance at 0x7f93448f15a0>,14,12,[12  1],15,150,162,135,133
1,<environment.Job instance at 0x7f93445c5af0>,16,13,[7 3],17,162,175,145,146
1,<environment.Job instance at 0x7f93445c5280>,17,14,[7 1],18,162,176,144,147
1,<environment.Job instance at 0x7f934454b5a0>,8,14,[8 5],9,9,23,0,9
1,<environment.Job instance at 0x7f934456ce60>,16,13,[7 3],17,17,30,0,17
1,<environment.Job instance at 0x7f934456c370>,17,14,[7 1],18,23,37,5,23
1,<environment.Job instance at 0x7f9344571820>,25,21,[ 2 10],26,30,51,4,30
1,<environment.Job instance at 0x7f9343efca50>,36,17,[7 5],37,37,54,0,37
1,<environment.Job instance at 0x7f9343efc550>,39,12,[5 9],40,51,63,11,51
1,<environment.Job instance at 0x7f93442bc460>,49,13,[6 2],50,54,67,4,54
1,<environment.Job instance at 0x7f9344564f00>,55,15,[7 3],56,63,78,7,63
1,<environment.Job instance at 0x7f9344438d70>,57,16,[2 7],58,63,79,5,63
1,<environment.Job instance at 0x7f9343efcaa0>,37,14,[10  5],38,78,92,40,78
1,<environment.Job instance at 0x7f93444380f0>,58,18,[3 9],59,79,97,20,79
1,<environment.Job instance at 0x7f934300a370>,38,15,[8 2],39,92,107,53,92
1,<environment.Job instance at 0x7f9343f071e0>,74,12,[ 2 10],75,97,109,22,97
1,<environment.Job instance at 0x7f934400c7d0>,64,18,[5 3],65,97,115,32,97
1,<environment.Job instance at 0x7f9343f07140>,72,18,[5 2],73,107,125,34,107
1,<environment.Job instance at 0x7f9343f07f50>,73,16,[ 1 10],74,109,125,35,109
1,<environment.Job instance at 0x7f9343a6a460>,83,15,[8 1],84,115,130,31,115
1,<environment.Job instance at 0x7f934473ef50>,91,16,[4 7],92,125,141,33,125
1,<environment.Job instance at 0x7f9343f07dc0>,75,12,[9 5],76,132,144,56,132
1,<environment.Job instance at 0x7f934456d140>,107,16,[ 3 10],108,141,157,33,141
1,<environment.Job instance at 0x7f9344527c80>,108,13,[8 2],109,144,157,35,144
1,<environment.Job instance at 0x7f93445209b0>,111,15,[3 5],112,157,172,45,157
1,<environment.Job instance at 0x7f9344520b40>,112,13,[6 5],113,157,170,44,157
1,<environment.Job instance at 0x7f9343eff460>,104,19,[5 1],105,157,176,52,157
1,<environment.Job instance at 0x7f934374dc30>,9,17,[6 2],10,10,27,0,10
1,<environment.Job instance at 0x7f934374dd20>,10,15,[2 6],11,11,26,0,11
1,<environment.Job instance at 0x7f934326f960>,5,22,[3 6],6,12,34,6,12
1,<environment.Job instance at 0x7f934374d410>,11,12,[6 3],12,26,38,14,13
1,<environment.Job instance at 0x7f934374dbe0>,12,14,[11  1],13,38,52,25,23
1,<environment.Job instance at 0x7f934374df00>,15,12,[ 4 12],16,34,46,18,27
1,<environment.Job instance at 0x7f9343726910>,31,12,[4 5],32,46,58,14,40
1,<environment.Job instance at 0x7f93437269b0>,38,14,[1 7],39,52,66,13,42
1,<environment.Job instance at 0x7f9343726d20>,44,19,[5 3],45,52,71,7,51
1,<environment.Job instance at 0x7f9343726c80>,47,14,[5 6],48,66,80,18,52
1,<environment.Job instance at 0x7f93437592d0>,50,13,[4 8],51,71,84,20,55
1,<environment.Job instance at 0x7f9343759640>,51,12,[ 5 12],52,84,96,32,71
1,<environment.Job instance at 0x7f934374d190>,8,25,[8 3],9,80,105,71,77
1,<environment.Job instance at 0x7f934452e910>,4,18,[3 8],5,5,23,0,5
1,<environment.Job instance at 0x7f9344860b90>,5,22,[3 6],6,6,28,0,6
1,<environment.Job instance at 0x7f934cf70f00>,11,12,[6 3],12,23,35,11,23
1,<environment.Job instance at 0x7f9344135550>,10,15,[2 6],11,23,38,12,23
1,<environment.Job instance at 0x7f9343f7a370>,22,16,[4 6],23,28,44,5,28
1,<environment.Job instance at 0x7f9343775640>,14,17,[7 1],15,35,52,20,35
1,<environment.Job instance at 0x7f9343f5f730>,19,18,[1 6],20,38,56,18,38
1,<environment.Job instance at 0x7f934448eeb0>,31,12,[4 5],32,44,56,12,44
1,<environment.Job instance at 0x7f934442c6e0>,9,17,[6 2],10,52,69,42,52
1,<environment.Job instance at 0x7f9343e21dc0>,38,14,[1 7],39,56,70,17,56
1,<environment.Job instance at 0x7f9343e2b6e0>,47,14,[5 6],48,56,70,8,56
1,<environment.Job instance at 0x7f9343dd0d20>,17,17,[9 2],18,69,86,51,69
1,<environment.Job instance at 0x7f9343e2b640>,50,13,[4 8],51,70,83,19,70
1,<environment.Job instance at 0x7f9344450cd0>,53,13,[4 6],54,83,96,29,83
1,<environment.Job instance at 0x7f9343833410>,56,13,[2 7],57,86,99,29,86
1,<environment.Job instance at 0x7f9343a60be0>,60,12,[9 4],61,96,108,35,96
1,<environment.Job instance at 0x7f9343239c30>,39,15,[5 9],40,99,114,59,99
1,<environment.Job instance at 0x7f9343010b40>,57,14,[9 3],58,108,122,50,108
1,<environment.Job instance at 0x7f9343e12d70>,72,13,[ 3 10],73,114,127,41,114
1,<environment.Job instance at 0x7f93432424b0>,76,18,[8 2],77,122,140,45,122
1,<environment.Job instance at 0x7f9343834870>,70,14,[4 9],71,127,141,56,127
1,<environment.Job instance at 0x7f9344374190>,78,17,[5 4],79,140,157,61,140
1,<environment.Job instance at 0x7f9344010f00>,66,15,[5 7],67,142,157,75,142
1,<environment.Job instance at 0x7f9344009af0>,84,12,[3 7],85,157,169,72,157
1,<environment.Job instance at 0x7f9343239960>,41,16,[4 8],42,157,173,115,157
1,<environment.Job instance at 0x7f93449a3870>,7,15,[10  2],8,132,147,124,132
1,<environment.Job instance at 0x7f9344296780>,7,15,[10  2],8,8,23,0,8
1,<environment.Job instance at 0x7f9344947690>,12,15,[3 8],13,13,28,0,13
1,<environment.Job instance at 0x7f93438b1370>,19,14,[1 5],20,20,34,0,20
1,<environment.Job instance at 0x7f93438b1320>,20,19,[5 2],21,23,42,2,23
1,<environment.Job instance at 0x7f934410c640>,16,13,[2 8],17,28,41,11,28
1,<environment.Job instance at 0x7f93438d3460>,26,20,[5 1],27,34,54,7,34
1,<environment.Job instance at 0x7f93432424b0>,37,12,[2 6],38,41,53,3,41
1,<environment.Job instance at 0x7f934416d050>,33,22,[5 5],34,42,64,8,42
1,<environment.Job instance at 0x7f9343e12e60>,43,16,[5 6],44,53,69,9,53
1,<environment.Job instance at 0x7f93445a47d0>,60,12,[10  3],61,64,76,3,64
1,<environment.Job instance at 0x7f9343e21f00>,61,16,[1 6],62,69,85,7,69
1,<environment.Job instance at 0x7f9344940d20>,56,12,[8 2],57,76,88,19,76
1,<environment.Job instance at 0x7f9343344230>,73,14,[5 6],74,76,90,2,76
1,<environment.Job instance at 0x7f934322b3c0>,83,14,[10  5],84,88,102,4,88
1,<environment.Job instance at 0x7f9343fee5f0>,89,14,[6 5],90,103,117,13,103
1,<environment.Job instance at 0x7f9343dfce60>,62,18,[9 1],63,104,122,41,104
1,<environment.Job instance at 0x7f9343fee5a0>,93,15,[ 3 10],94,117,132,23,117
1,<environment.Job instance at 0x7f934452e910>,78,16,[10  1],79,122,138,43,122
1,<environment.Job instance at 0x7f9343feecd0>,96,18,[1 8],97,132,150,35,132
1,<environment.Job instance at 0x7f9343fee550>,102,17,[6 1],103,138,155,35,138
1,<environment.Job instance at 0x7f9343feebe0>,99,18,[8 3],100,139,157,39,139
1,<environment.Job instance at 0x7f93439ca370>,108,21,[1 6],109,151,172,42,151
1,<environment.Job instance at 0x7f9343fee820>,106,21,[2 6],107,155,176,48,155
1,<environment.Job instance at 0x7f9343f5f730>,63,18,[10  1],64,157,175,93,157
1,<environment.Job instance at 0x7f93437df190>,1,25,[5 3],2,12,37,10,12
1,<environment.Job instance at 0x7f93438092d0>,12,16,[ 2 10],13,13,29,0,13
1,<environment.Job instance at 0x7f9343809320>,15,16,[ 5 10],16,29,45,13,16
1,<environment.Job instance at 0x7f9343809140>,16,13,[10  3],17,37,50,20,21
1,<environment.Job instance at 0x7f93437dfd70>,5,15,[ 2 13],6,50,65,44,36
1,<environment.Job instance at 0x7f934482a6e0>,24,12,[6 1],25,50,62,25,40
1,<environment.Job instance at 0x7f93437baaa0>,25,12,[1 8],26,65,77,39,48
1,<environment.Job instance at 0x7f9343c1f820>,26,14,[6 4],27,65,79,38,50
1,<environment.Job instance at 0x7f9343c1ff00>,27,14,[3 7],28,77,91,49,65
1,<environment.Job instance at 0x7f9343c1f960>,29,15,[2 8],30,79,94,49,67
1,<environment.Job instance at 0x7f9343c1f0f0>,30,17,[13  1],31,91,108,60,80
1,<environment.Job instance at 0x7f934cef3870>,31,12,[7 5],32,108,120,76,91
1,<environment.Job instance at 0x7f9343c1f640>,28,20,[13  3],29,120,140,91,114
1,<environment.Job instance at 0x7f9343c1f780>,33,16,[5 3],34,140,156,106,129
1,<environment.Job instance at 0x7f9343c4ba00>,50,17,[10  2],51,140,157,89,132
1,<environment.Job instance at 0x7f9343c4b8c0>,53,18,[3 8],54,156,174,102,145
1,<environment.Job instance at 0x7f9343c4b550>,54,22,[7 4],55,157,179,102,150
1,<environment.Job instance at 0x7f93434a3730>,4,20,[3 9],5,5,25,0,5
1,<environment.Job instance at 0x7f9344327eb0>,16,13,[10  3],17,17,30,0,17
1,<environment.Job instance at 0x7f9344327af0>,12,16,[ 2 10],13,25,41,12,25
1,<environment.Job instance at 0x7f934433b500>,24,12,[6 1],25,30,42,5,30
1,<environment.Job instance at 0x7f9343dee4b0>,26,14,[6 4],27,30,44,3,30
1,<environment.Job instance at 0x7f93441b43c0>,25,12,[1 8],26,41,53,15,41
1,<environment.Job instance at 0x7f9343e7d0f0>,31,12,[7 5],32,44,56,12,44
1,<environment.Job instance at 0x7f93438c1870>,27,14,[3 7],28,53,67,25,53
1,<environment.Job instance at 0x7f934417ce60>,33,16,[5 3],34,53,69,19,53
1,<environment.Job instance at 0x7f9343418b40>,29,15,[2 8],30,67,82,37,67
1,<environment.Job instance at 0x7f9343636140>,45,16,[4 6],46,69,85,23,69
1,<environment.Job instance at 0x7f93434c4c80>,38,16,[5 9],39,82,98,43,82
1,<environment.Job instance at 0x7f93434bce10>,50,17,[10  2],51,85,102,34,85
1,<environment.Job instance at 0x7f9343bc6e10>,76,12,[3 8],77,98,110,21,98
1,<environment.Job instance at 0x7f9343bd5140>,81,13,[5 2],82,102,115,20,102
1,<environment.Job instance at 0x7f9343bd5eb0>,83,16,[9 1],84,110,126,26,110
1,<environment.Job instance at 0x7f9343ba0780>,80,17,[1 6],81,110,127,29,110
1,<environment.Job instance at 0x7f93434bc460>,53,18,[3 8],54,116,134,62,116
1,<environment.Job instance at 0x7f93434afb90>,92,16,[6 2],93,127,143,34,127
1,<environment.Job instance at 0x7f9343639dc0>,88,18,[6 3],89,128,146,39,128
1,<environment.Job instance at 0x7f93434afaa0>,91,22,[1 7],92,134,156,42,134
1,<environment.Job instance at 0x7f93434adc80>,97,12,[8 4],98,143,155,45,143
1,<environment.Job instance at 0x7f93434d1f50>,94,22,[6 3],95,146,168,51,146
1,<environment.Job instance at 0x7f93434add20>,99,18,[3 5],100,155,173,55,155
1,<environment.Job instance at 0x7f9344446460>,5,24,[1 9],6,6,30,0,6
1,<environment.Job instance at 0x7f9344446780>,9,23,[13  4],10,12,35,2,12
1,<environment.Job instance at 0x7f9344446910>,2,12,[ 2 12],3,35,47,32,21
1,<environment.Job instance at 0x7f9344446960>,8,15,[11  5],9,47,62,38,35
1,<environment.Job instance at 0x7f9344446eb0>,12,15,[3 5],13,47,62,34,35
1,<environment.Job instance at 0x7f9344446b90>,6,23,[ 5 10],7,62,85,55,57
1,<environment.Job instance at 0x7f9344446230>,13,27,[10  2],14,63,90,49,63
1,<environment.Job instance at 0x7f9344446d70>,16,24,[8 5],17,90,114,73,86
1,<environment.Job instance at 0x7f9344446190>,17,15,[12  5],18,114,129,96,106
1,<environment.Job instance at 0x7f9343642be0>,18,21,[ 1 14],19,129,150,110,122
1,<environment.Job instance at 0x7f9343642b90>,19,14,[12  4],20,156,170,136,156
1,<environment.Job instance at 0x7f9343ae7eb0>,11,18,[ 4 10],12,12,30,0,12
1,<environment.Job instance at 0x7f93443362d0>,12,15,[3 5],13,13,28,0,13
1,<environment.Job instance at 0x7f934447aa00>,22,17,[3 5],23,28,45,5,28
1,<environment.Job instance at 0x7f934447a960>,23,18,[ 3 10],24,30,48,6,30
1,<environment.Job instance at 0x7f9344452820>,21,20,[8 5],22,45,65,23,45
1,<environment.Job instance at 0x7f9343bd1b40>,42,19,[6 5],43,48,67,5,48
1,<environment.Job instance at 0x7f9344634b40>,51,21,[1 5],52,52,73,0,52
1,<environment.Job instance at 0x7f93444cd2d0>,64,17,[8 5],65,67,84,2,67
1,<environment.Job instance at 0x7f934448f8c0>,54,19,[1 9],55,73,92,18,73
1,<environment.Job instance at 0x7f93444e7be0>,79,12,[4 6],80,84,96,4,84
1,<environment.Job instance at 0x7f9343e1c7d0>,47,19,[9 5],48,92,111,44,92
1,<environment.Job instance at 0x7f9343c7f0a0>,81,15,[4 8],82,96,111,14,96
1,<environment.Job instance at 0x7f9343747fa0>,90,14,[1 8],91,111,125,20,111
1,<environment.Job instance at 0x7f9344140cd0>,95,14,[6 2],96,111,125,15,111
1,<environment.Job instance at 0x7f9343c7f640>,80,16,[ 1 10],81,126,142,45,126
1,<environment.Job instance at 0x7f9343c7fdc0>,85,17,[10  3],86,126,143,40,126
1,<environment.Job instance at 0x7f93444d4050>,62,21,[5 7],63,142,163,79,142
1,<environment.Job instance at 0x7f9344152f50>,106,17,[7 4],107,144,161,37,144
1,<environment.Job instance at 0x7f9343bcfcd0>,2,13,[ 1 12],3,5,18,2,5
1,<environment.Job instance at 0x7f934409f820>,3,23,[8 2],4,11,34,7,11
1,<environment.Job instance at 0x7f934409fa00>,5,18,[3 8],6,18,36,12,13
1,<environment.Job instance at 0x7f934409feb0>,12,13,[2 5],13,18,31,5,16
1,<environment.Job instance at 0x7f934409ff00>,15,12,[1 7],16,34,46,18,22
1,<environment.Job instance at 0x7f934408d190>,14,14,[14  5],15,36,50,21,22
1,<environment.Job instance at 0x7f934408d050>,19,12,[8 3],20,50,62,30,33
1,<environment.Job instance at 0x7f934408d0f0>,16,16,[8 1],17,62,78,45,49
1,<environment.Job instance at 0x7f934408d820>,24,25,[5 5],25,50,75,25,50
1,<environment.Job instance at 0x7f934408d870>,23,15,[9 1],24,78,93,54,64
1,<environment.Job instance at 0x7f934408d550>,21,23,[ 5 12],22,78,101,56,78
1,<environment.Job instance at 0x7f934408d730>,22,15,[14  1],23,101,116,78,87
1,<environment.Job instance at 0x7f934408da50>,28,13,[11  2],29,116,129,87,100
1,<environment.Job instance at 0x7f934408daf0>,29,15,[ 3 14],30,129,144,99,115
1,<environment.Job instance at 0x7f934408db90>,30,12,[ 5 11],31,144,156,113,127
1,<environment.Job instance at 0x7f93440aa640>,44,12,[ 5 13],45,156,168,111,140
1,<environment.Job instance at 0x7f934408dc30>,31,14,[ 5 14],32,168,182,136,153
1,<environment.Job instance at 0x7f9343ba3640>,1,18,[2 6],2,2,20,0,2
1,<environment.Job instance at 0x7f93436367d0>,5,18,[3 8],6,6,24,0,6
1,<environment.Job instance at 0x7f9343bdb6e0>,15,12,[1 7],16,20,32,4,20
1,<environment.Job instance at 0x7f93447300f0>,12,13,[2 5],13,24,37,11,24
1,<environment.Job instance at 0x7f93433e3fa0>,19,12,[8 3],20,24,36,4,24
1,<environment.Job instance at 0x7f9343bdbf50>,17,14,[9 3],18,36,50,18,36
1,<environment.Job instance at 0x7f93447303c0>,13,16,[ 4 10],14,37,53,23,37
1,<environment.Job instance at 0x7f934413c730>,34,14,[9 2],35,50,64,15,50
1,<environment.Job instance at 0x7f9343636140>,7,15,[10  3],8,64,79,56,64
1,<environment.Job instance at 0x7f9343fcbcd0>,49,16,[5 8],50,64,80,14,64
1,<environment.Job instance at 0x7f934374e0a0>,23,15,[9 1],24,79,94,55,79
1,<environment.Job instance at 0x7f93441407d0>,53,12,[9 1],54,94,106,40,94
1,<environment.Job instance at 0x7f9344140820>,55,17,[ 3 10],56,94,111,38,94
1,<environment.Job instance at 0x7f9344140fa0>,52,13,[8 2],53,106,119,53,106
1,<environment.Job instance at 0x7f93430266e0>,65,15,[5 8],66,111,126,45,111
1,<environment.Job instance at 0x7f9343bdb410>,16,16,[8 1],17,119,135,102,119
1,<environment.Job instance at 0x7f9343083b90>,90,18,[ 4 10],91,126,144,35,126
1,<environment.Job instance at 0x7f93441526e0>,42,17,[9 5],43,135,152,92,135
1,<environment.Job instance at 0x7f93444d4be0>,92,12,[5 9],93,144,156,51,144
1,<environment.Job instance at 0x7f934448f0f0>,93,15,[10  5],94,152,167,58,152
1,<environment.Job instance at 0x7f9343c709b0>,95,17,[ 1 10],96,156,173,60,156
1,<environment.Job instance at 0x7f93436cf500>,1,13,[5 1],2,2,15,0,2
1,<environment.Job instance at 0x7f9343959640>,8,15,[7 2],9,9,24,0,9
1,<environment.Job instance at 0x7f93439592d0>,10,18,[3 9],11,60,78,49,60
1,<environment.Job instance at 0x7f93440a3050>,1,13,[5 1],2,2,15,0,2
1,<environment.Job instance at 0x7f934408d7d0>,5,22,[6 5],6,6,28,0,6
1,<environment.Job instance at 0x7f9343ba7370>,10,18,[3 9],11,11,29,0,11
1,<environment.Job instance at 0x7f9344452050>,20,12,[7 5],21,28,40,7,28
1,<environment.Job instance at 0x7f934364e5a0>,13,14,[ 3 10],14,29,43,15,29
1,<environment.Job instance at 0x7f93440aaa00>,8,15,[7 2],9,40,55,31,40
1,<environment.Job instance at 0x7f93436424b0>,23,15,[5 2],24,40,55,16,40
1,<environment.Job instance at 0x7f93434c4a50>,29,12,[3 5],30,43,55,13,43
1,<environment.Job instance at 0x7f934364e460>,19,16,[5 5],20,55,71,35,55
1,<environment.Job instance at 0x7f9343aeb8c0>,38,13,[7 1],39,55,68,16,55
1,<environment.Job instance at 0x7f9343bd1550>,44,14,[5 2],45,68,82,23,68
1,<environment.Job instance at 0x7f9344191690>,26,16,[5 7],27,68,84,41,68
1,<environment.Job instance at 0x7f9343e90f00>,15,18,[5 3],16,71,89,55,71
1,<environment.Job instance at 0x7f93434ac320>,58,12,[5 7],59,84,96,25,84
1,<environment.Job instance at 0x7f9343c7f690>,60,18,[5 4],61,84,102,23,84
1,<environment.Job instance at 0x7f9343c7f780>,61,12,[1 8],62,96,108,34,96
1,<environment.Job instance at 0x7f9343083050>,56,14,[7 2],57,96,110,39,96
1,<environment.Job instance at 0x7f9344140690>,68,12,[1 6],69,108,120,39,108
1,<environment.Job instance at 0x7f93444f3e60>,55,17,[9 2],56,111,128,55,111
1,<environment.Job instance at 0x7f934413c3c0>,90,12,[6 3],91,120,132,29,120
1,<environment.Job instance at 0x7f9343642550>,25,18,[5 9],26,128,146,102,128
1,<environment.Job instance at 0x7f934353b050>,94,14,[6 2],95,133,147,38,133
1,<environment.Job instance at 0x7f934413ca00>,89,17,[10  4],90,147,164,57,147
1,<environment.Job instance at 0x7f934374eb40>,100,18,[5 2],101,147,165,46,147
1,<environment.Job instance at 0x7f934d462870>,1,13,[8 2],2,2,15,0,2
1,<environment.Job instance at 0x7f93441c30a0>,2,13,[4 8],3,3,16,0,3
1,<environment.Job instance at 0x7f9343438be0>,10,13,[13  3],11,16,29,5,12
1,<environment.Job instance at 0x7f93434389b0>,11,15,[10  5],12,29,44,17,15
1,<environment.Job instance at 0x7f9343438c80>,12,16,[4 8],13,29,45,16,17
1,<environment.Job instance at 0x7f9343438d20>,7,19,[4 8],8,45,64,37,36
1,<environment.Job instance at 0x7f9343438e60>,9,22,[7 3],10,44,66,34,39
1,<environment.Job instance at 0x7f934345eb40>,16,12,[ 3 13],17,66,78,49,49
1,<environment.Job instance at 0x7f93432ba0a0>,8,24,[12  2],9,66,90,57,61
1,<environment.Job instance at 0x7f9342faa410>,17,23,[6 5],18,90,113,72,84
1,<environment.Job instance at 0x7f9342faa910>,19,23,[6 1],20,94,117,74,94
1,<environment.Job instance at 0x7f9342faaeb0>,18,23,[6 4],19,113,136,94,108
1,<environment.Job instance at 0x7f9342faa870>,21,14,[4 8],22,117,131,95,108
1,<environment.Job instance at 0x7f9344115780>,14,18,[ 5 14],15,136,154,121,127
1,<environment.Job instance at 0x7f9342faa960>,15,16,[11  1],16,154,170,138,141
1,<environment.Job instance at 0x7f9342fb9280>,24,14,[ 4 12],25,154,168,129,142
1,<environment.Job instance at 0x7f9342fb9fa0>,25,14,[12  3],26,170,184,144,155
1,<environment.Job instance at 0x7f9344328500>,1,13,[8 2],2,2,15,0,2
1,<environment.Job instance at 0x7f9344328780>,2,13,[4 8],3,3,16,0,3
1,<environment.Job instance at 0x7f93441a48c0>,11,15,[10  5],12,15,30,3,15
1,<environment.Job instance at 0x7f93441a4640>,12,16,[4 8],13,16,32,3,16
1,<environment.Job instance at 0x7f93441fb960>,26,14,[5 3],27,30,44,3,30
1,<environment.Job instance at 0x7f934374ecd0>,21,14,[4 8],22,32,46,10,32
1,<environment.Job instance at 0x7f934416cfa0>,28,16,[1 7],29,44,60,15,44
1,<environment.Job instance at 0x7f934320dcd0>,39,13,[9 5],40,46,59,6,46
1,<environment.Job instance at 0x7f93432b1fa0>,42,17,[9 2],43,59,76,16,59
1,<environment.Job instance at 0x7f9343810d70>,46,18,[5 7],47,60,78,13,60
1,<environment.Job instance at 0x7f9343713a00>,57,13,[5 1],58,76,89,18,76
1,<environment.Job instance at 0x7f9343713af0>,56,17,[1 7],57,76,93,19,76
1,<environment.Job instance at 0x7f9343713230>,63,13,[7 5],64,78,91,14,78
1,<environment.Job instance at 0x7f93437138c0>,58,14,[7 3],59,89,103,30,89
1,<environment.Job instance at 0x7f9343713e10>,64,14,[2 5],65,91,105,26,91
1,<environment.Job instance at 0x7f934ceeeb90>,80,13,[5 5],81,103,116,22,103
1,<environment.Job instance at 0x7f93441a40a0>,9,22,[7 3],10,103,125,93,103
1,<environment.Job instance at 0x7f934ceee6e0>,83,18,[2 5],84,105,123,21,105
1,<environment.Job instance at 0x7f934ceee0a0>,81,13,[4 6],82,116,129,34,116
1,<environment.Job instance at 0x7f934ceeedc0>,88,17,[8 1],89,125,142,36,125
1,<environment.Job instance at 0x7f9344729640>,92,17,[7 2],93,129,146,36,129
1,<environment.Job instance at 0x7f9344729e60>,97,14,[5 6],98,142,156,44,142
1,<environment.Job instance at 0x7f9344729af0>,93,13,[9 5],94,146,159,52,146
1,<environment.Job instance at 0x7f9344729b90>,101,13,[1 7],102,156,169,54,156
1,<environment.Job instance at 0x7f934ceee140>,87,18,[5 3],88,156,174,68,156
1,<environment.Job instance at 0x7f9344729aa0>,104,16,[5 4],105,159,175,54,159
1,<environment.Job instance at 0x7f934486ca00>,2,21,[5 1],3,3,24,0,3
1,<environment.Job instance at 0x7f9344328b90>,5,13,[5 6],6,8,21,2,8
1,<environment.Job instance at 0x7f9343e06e60>,9,20,[8 3],10,21,41,11,12
1,<environment.Job instance at 0x7f9343ece0f0>,19,25,[6 4],20,151,176,131,151
1,<environment.Job instance at 0x7f9342feceb0>,2,21,[5 1],3,3,24,0,3
1,<environment.Job instance at 0x7f9342fec870>,4,14,[9 5],5,5,19,0,5
1,<environment.Job instance at 0x7f9342fec6e0>,5,13,[5 6],6,19,32,13,19
1,<environment.Job instance at 0x7f93445357d0>,16,15,[5 6],17,19,34,2,19
1,<environment.Job instance at 0x7f93434a2960>,25,12,[2 8],26,32,44,6,32
1,<environment.Job instance at 0x7f93434a2d20>,22,17,[10  3],23,34,51,11,34
1,<environment.Job instance at 0x7f93430b39b0>,39,13,[5 6],40,44,57,4,44
1,<environment.Job instance at 0x7f9344729460>,49,18,[9 1],50,51,69,1,51
1,<environment.Job instance at 0x7f9344729550>,53,14,[1 5],54,54,68,0,54
1,<environment.Job instance at 0x7f93447299b0>,56,17,[4 7],57,57,74,0,57
1,<environment.Job instance at 0x7f9344729e60>,52,16,[6 2],53,69,85,16,69
1,<environment.Job instance at 0x7f9344729fa0>,50,16,[ 1 10],51,74,90,23,74
1,<environment.Job instance at 0x7f934ceee190>,64,13,[1 5],65,85,98,20,85
1,<environment.Job instance at 0x7f934ceeebe0>,66,13,[3 9],67,90,103,23,90
1,<environment.Job instance at 0x7f934ceeefa0>,63,17,[10  5],64,98,115,34,98
1,<environment.Job instance at 0x7f93447295f0>,57,16,[ 5 10],58,103,119,45,103
1,<environment.Job instance at 0x7f934ceee280>,70,16,[10  1],71,115,131,44,115
1,<environment.Job instance at 0x7f93434a27d0>,24,17,[ 2 10],25,119,136,94,119
1,<environment.Job instance at 0x7f934ceeea50>,73,16,[7 4],74,131,147,57,131
1,<environment.Job instance at 0x7f9343713be0>,76,17,[8 5],77,136,153,59,136
1,<environment.Job instance at 0x7f93434a2be0>,15,17,[ 5 10],16,147,164,131,147
1,<environment.Job instance at 0x7f9343713d20>,80,15,[10  1],81,153,168,72,153
1,<environment.Job instance at 0x7f9148de6c30>,6,20,[6 1],7,7,27,0,7
1,<environment.Job instance at 0x7f9148de9280>,15,18,[ 2 14],16,19,37,3,19
1,<environment.Job instance at 0x7f9148de6e60>,14,13,[7 3],15,37,50,22,21
1,<environment.Job instance at 0x7f9148de9780>,19,14,[ 3 11],20,37,51,17,25
1,<environment.Job instance at 0x7f9148de9320>,16,16,[ 3 11],17,51,67,34,42
1,<environment.Job instance at 0x7f9148de9460>,18,25,[ 4 13],19,67,92,48,65
1,<environment.Job instance at 0x7f9148de9820>,22,13,[13  1],23,92,105,69,82
1,<environment.Job instance at 0x7f9148de9870>,23,18,[2 7],24,92,110,68,82
1,<environment.Job instance at 0x7f9148de99b0>,24,13,[ 3 14],25,110,123,85,94
1,<environment.Job instance at 0x7f9148de91e0>,13,18,[ 4 14],14,123,141,109,122
1,<environment.Job instance at 0x7f9148de9910>,25,23,[ 3 13],26,141,164,115,135
1,<environment.Job instance at 0x7f9148de93c0>,17,28,[ 5 10],18,164,192,146,163
1,<environment.Job instance at 0x7f9148dde7d0>,0,13,[9 3],1,1,14,0,1
1,<environment.Job instance at 0x7f9148dde5f0>,2,22,[4 8],3,3,25,0,3
1,<environment.Job instance at 0x7f9148f11af0>,14,13,[7 3],15,15,28,0,15
1,<environment.Job instance at 0x7f9148f93410>,23,18,[2 7],24,25,43,1,25
1,<environment.Job instance at 0x7f91492b6b40>,6,20,[6 1],7,25,45,18,25
1,<environment.Job instance at 0x7f9148de6910>,4,21,[1 6],5,28,49,23,28
1,<environment.Job instance at 0x7f9148ea87d0>,33,16,[2 8],34,43,59,9,43
1,<environment.Job instance at 0x7f9148ea3140>,45,13,[6 5],46,49,62,3,49
1,<environment.Job instance at 0x7f9148ea3e10>,56,12,[3 6],57,59,71,2,59
1,<environment.Job instance at 0x7f9148ef5050>,58,14,[2 7],59,62,76,3,62
1,<environment.Job instance at 0x7f9148f8ed70>,40,15,[10  3],41,71,86,30,71
1,<environment.Job instance at 0x7f9148ea3460>,53,17,[5 7],54,77,94,23,77
1,<environment.Job instance at 0x7f9148ea8eb0>,35,15,[9 5],36,87,102,51,87
1,<environment.Job instance at 0x7f9148ef5820>,59,17,[1 6],60,94,111,34,94
1,<environment.Job instance at 0x7f9148ef59b0>,62,18,[5 3],63,94,112,31,94
1,<environment.Job instance at 0x7f9148f06a50>,77,13,[8 5],78,102,115,24,102
1,<environment.Job instance at 0x7f9148ea7870>,65,20,[2 6],66,111,131,45,111
1,<environment.Job instance at 0x7f9148f069b0>,78,12,[10  2],79,116,128,37,116
1,<environment.Job instance at 0x7f9148f06be0>,80,14,[2 6],81,116,130,35,116
1,<environment.Job instance at 0x7f9148f06c30>,79,13,[9 4],80,130,143,50,130
1,<environment.Job instance at 0x7f9148e9c5f0>,81,15,[5 9],82,131,146,49,131
1,<environment.Job instance at 0x7f9148e15320>,89,16,[7 1],90,144,160,54,144
1,<environment.Job instance at 0x7f9148ea1c80>,82,16,[ 4 10],83,146,162,63,146
1,<environment.Job instance at 0x7f9148e3a820>,91,20,[8 2],92,161,181,69,161
1,<environment.Job instance at 0x7f9148dd4780>,95,15,[5 7],96,162,177,66,162
1,<environment.Job instance at 0x7f914853ae10>,3,12,[11  5],4,5,17,1,5
1,<environment.Job instance at 0x7f914853a410>,7,17,[8 2],8,17,34,9,9
1,<environment.Job instance at 0x7f914853a9b0>,9,16,[5 8],10,17,33,7,10
1,<environment.Job instance at 0x7f914853a5f0>,10,13,[8 5],11,34,47,23,18
1,<environment.Job instance at 0x7f9148538410>,22,12,[1 7],23,33,45,10,26
1,<environment.Job instance at 0x7f914861c190>,28,12,[10  5],29,47,59,18,31
1,<environment.Job instance at 0x7f914868ae10>,30,14,[2 7],31,60,74,29,60
1,<environment.Job instance at 0x7f914866d500>,33,14,[12  2],34,60,74,26,60
1,<environment.Job instance at 0x7f914866d3c0>,35,16,[2 8],36,74,90,38,66
1,<environment.Job instance at 0x7f914868ae60>,34,28,[8 4],35,78,106,43,78
1,<environment.Job instance at 0x7f914853a730>,11,14,[2 9],12,92,106,80,92
1,<environment.Job instance at 0x7f9148763eb0>,38,18,[12  2],39,106,124,67,95
1,<environment.Job instance at 0x7f914866d820>,37,13,[ 4 12],38,124,137,86,114
1,<environment.Job instance at 0x7f914866ddc0>,36,20,[12  1],37,137,157,100,128
1,<environment.Job instance at 0x7f9148685b40>,42,13,[9 4],43,157,170,114,141
1,<environment.Job instance at 0x7f91486b0320>,56,13,[6 3],57,157,170,100,154
1,<environment.Job instance at 0x7f914869d0a0>,57,13,[7 4],58,170,183,112,154
1,<environment.Job instance at 0x7f9148610870>,7,17,[8 2],8,8,25,0,8
1,<environment.Job instance at 0x7f9148610320>,9,16,[5 8],10,10,26,0,10
1,<environment.Job instance at 0x7f91486ee870>,10,13,[8 5],11,25,38,14,25
1,<environment.Job instance at 0x7f91485970a0>,22,12,[1 7],23,26,38,3,26
1,<environment.Job instance at 0x7f9148613730>,14,20,[5 2],15,26,46,11,26
1,<environment.Job instance at 0x7f91485ae0f0>,28,12,[10  5],29,38,50,9,38
1,<environment.Job instance at 0x7f9148610f50>,11,14,[2 9],12,46,60,34,46
1,<environment.Job instance at 0x7f91485b6c80>,42,13,[9 4],43,50,63,7,50
1,<environment.Job instance at 0x7f91485abdc0>,47,14,[ 1 10],48,60,74,12,60
1,<environment.Job instance at 0x7f91485c3c80>,50,14,[6 1],51,63,77,12,63
1,<environment.Job instance at 0x7f91485b26e0>,30,14,[2 7],31,74,88,43,74
1,<environment.Job instance at 0x7f91485bab40>,56,13,[6 3],57,74,87,17,74
1,<environment.Job instance at 0x7f91485bf640>,57,13,[7 4],58,77,90,19,77
1,<environment.Job instance at 0x7f91487c71e0>,52,16,[3 8],53,88,104,35,88
1,<environment.Job instance at 0x7f91485ba0f0>,53,14,[10  1],54,90,104,36,90
1,<environment.Job instance at 0x7f914860d1e0>,82,14,[5 5],83,104,118,21,104
1,<environment.Job instance at 0x7f9148558690>,90,14,[2 7],91,104,118,13,104
1,<environment.Job instance at 0x7f91485587d0>,91,15,[4 8],92,118,133,26,118
1,<environment.Job instance at 0x7f9148560af0>,96,15,[3 6],97,118,133,21,118
1,<environment.Job instance at 0x7f91485eb690>,74,16,[7 4],75,133,149,58,133
1,<environment.Job instance at 0x7f91485675a0>,105,13,[4 8],106,133,146,27,133
1,<environment.Job instance at 0x7f91485fe280>,106,13,[5 8],107,146,159,39,146
1,<environment.Job instance at 0x7f91485fe780>,111,15,[6 1],112,149,164,37,149
1,<environment.Job instance at 0x7f9148560320>,98,16,[2 6],99,149,165,50,149
1,<environment.Job instance at 0x7f9148641a50>,116,13,[2 5],117,159,172,42,159
1,<environment.Job instance at 0x7f914856ea50>,119,17,[6 2],120,164,181,44,164
1,<environment.Job instance at 0x7f914856e820>,120,17,[5 1],121,164,181,43,164
1,<environment.Job instance at 0x7f914839cd20>,0,13,[1 6],1,1,14,0,1
1,<environment.Job instance at 0x7f9152458690>,8,14,[8 3],9,9,23,0,9
1,<environment.Job instance at 0x7f9152458be0>,15,12,[11  5],16,23,35,7,16
1,<environment.Job instance at 0x7f9152458e60>,16,16,[3 9],17,17,33,0,17
1,<environment.Job instance at 0x7f9152458fa0>,14,15,[5 5],15,35,50,20,22
1,<environment.Job instance at 0x7f914839cb90>,0,13,[1 6],1,1,14,0,1
1,<environment.Job instance at 0x7f914839ca50>,2,20,[8 1],3,3,23,0,3
1,<environment.Job instance at 0x7f9148474b40>,6,20,[5 7],7,7,27,0,7
1,<environment.Job instance at 0x7f914839c5a0>,8,14,[8 3],9,23,37,14,23
1,<environment.Job instance at 0x7f9148474d20>,18,12,[ 5 10],19,27,39,8,27
1,<environment.Job instance at 0x7f9148474c80>,14,15,[5 5],15,37,52,22,37
1,<environment.Job instance at 0x7f914846f5f0>,25,14,[8 5],26,39,53,13,39
1,<environment.Job instance at 0x7f9148474b90>,7,16,[5 4],8,52,68,44,52
1,<environment.Job instance at 0x7f914846f9b0>,28,13,[1 7],29,53,66,24,53
1,<environment.Job instance at 0x7f914846fd20>,24,18,[8 3],25,53,71,28,53
1,<environment.Job instance at 0x7f914846f410>,35,13,[5 5],36,68,81,32,68
1,<environment.Job instance at 0x7f914846f050>,38,14,[7 5],39,71,85,32,71
1,<environment.Job instance at 0x7f914846f1e0>,45,15,[8 5],46,81,96,35,81
1,<environment.Job instance at 0x7f91483e4cd0>,52,12,[7 2],53,85,97,32,85
1,<environment.Job instance at 0x7f914846fdc0>,27,16,[5 8],28,96,112,68,96
1,<environment.Job instance at 0x7f9148474780>,12,18,[3 6],13,97,115,84,97
1,<environment.Job instance at 0x7f91483e4e60>,61,13,[4 9],62,112,125,50,112
1,<environment.Job instance at 0x7f91483e1500>,69,14,[ 5 10],70,125,139,55,125
1,<environment.Job instance at 0x7f91483e1320>,72,13,[ 1 10],73,139,152,66,139
1,<environment.Job instance at 0x7f91483de690>,75,15,[8 4],76,139,154,63,139
1,<environment.Job instance at 0x7f91483e16e0>,65,14,[ 2 10],66,152,166,86,152
1,<environment.Job instance at 0x7f91483de460>,77,14,[6 4],78,154,168,76,154
1,<environment.Job instance at 0x7f91483dac80>,92,15,[5 8],93,166,181,73,166
1,<environment.Job instance at 0x7f9148406fa0>,5,26,[2 6],6,7,33,1,7
1,<environment.Job instance at 0x7f91484066e0>,11,12,[10  2],12,12,24,0,12
1,<environment.Job instance at 0x7f91484060a0>,6,18,[7 5],7,91,109,84,91
1,<environment.Job instance at 0x7f9148444190>,3,22,[10  2],4,4,26,0,4
1,<environment.Job instance at 0x7f9148444960>,7,18,[5 9],8,8,26,0,8
1,<environment.Job instance at 0x7f91484539b0>,11,12,[10  2],12,26,38,14,26
1,<environment.Job instance at 0x7f91483d6280>,23,15,[ 3 10],24,26,41,2,26
1,<environment.Job instance at 0x7f91483d6e60>,21,16,[7 3],22,38,54,16,38
1,<environment.Job instance at 0x7f91483d6230>,31,15,[6 3],32,41,56,9,41
1,<environment.Job instance at 0x7f9148453820>,6,18,[7 5],7,54,72,47,54
1,<environment.Job instance at 0x7f9148453cd0>,16,18,[6 4],17,56,74,39,56
1,<environment.Job instance at 0x7f91483da0f0>,39,17,[5 9],40,72,89,32,72
1,<environment.Job instance at 0x7f91483da550>,36,17,[10  3],37,74,91,37,74
1,<environment.Job instance at 0x7f91483dee10>,53,14,[1 5],54,89,103,35,89
1,<environment.Job instance at 0x7f91483deb40>,55,18,[1 7],56,89,107,33,89
1,<environment.Job instance at 0x7f91483e1870>,63,15,[7 4],64,103,118,39,103
1,<environment.Job instance at 0x7f91483e11e0>,65,13,[1 7],66,107,120,41,107
1,<environment.Job instance at 0x7f91483e4500>,72,13,[5 5],73,118,131,45,118
1,<environment.Job instance at 0x7f91483e45a0>,76,14,[6 4],77,120,134,43,120
1,<environment.Job instance at 0x7f91483e14b0>,58,15,[1 6],59,120,135,61,120
1,<environment.Job instance at 0x7f91483daf50>,33,18,[7 5],34,131,149,97,131
1,<environment.Job instance at 0x7f914846ff50>,87,13,[6 2],88,135,148,47,135
1,<environment.Job instance at 0x7f914846f870>,86,14,[ 4 10],87,148,162,61,148
1,<environment.Job instance at 0x7f914846f370>,91,18,[6 1],92,149,167,57,149
1,<environment.Job instance at 0x7f914846f0f0>,85,17,[2 9],86,163,180,77,163
1,<environment.Job instance at 0x7f914846f7d0>,98,17,[7 1],99,164,181,65,164
1,<environment.Job instance at 0x7f914880b500>,102,21,[6 4],103,167,188,64,167
1,<environment.Job instance at 0x7f91491c12d0>,1,13,[7 1],2,2,15,0,2
1,<environment.Job instance at 0x7f9148c0f370>,2,14,[3 6],3,3,17,0,3
1,<environment.Job instance at 0x7f9148c0f690>,4,19,[6 1],5,15,34,10,5
1,<environment.Job instance at 0x7f9148c0e230>,12,20,[6 3],13,15,35,2,14
1,<environment.Job instance at 0x7f9148c0e9b0>,15,12,[ 1 14],16,35,47,19,18
1,<environment.Job instance at 0x7f9148c0e4b0>,11,14,[6 1],12,34,48,22,28
1,<environment.Job instance at 0x7f9148bfe410>,17,18,[10  3],18,48,66,30,46
1,<environment.Job instance at 0x7f9148bfe230>,18,13,[13  3],19,66,79,47,52
1,<environment.Job instance at 0x7f9148c0eaa0>,14,14,[3 9],15,79,93,64,73
1,<environment.Job instance at 0x7f9148c0e190>,13,17,[10  4],14,79,96,65,73
1,<environment.Job instance at 0x7f914893d280>,1,13,[7 1],2,2,15,0,2
1,<environment.Job instance at 0x7f914893dd70>,2,14,[3 6],3,3,17,0,3
1,<environment.Job instance at 0x7f914893d0a0>,6,16,[5 8],7,7,23,0,7
1,<environment.Job instance at 0x7f914893d140>,11,14,[6 1],12,15,29,3,15
1,<environment.Job instance at 0x7f914894d870>,14,14,[3 9],15,23,37,8,23
1,<environment.Job instance at 0x7f91488f6960>,25,16,[10  2],26,29,45,3,29
1,<environment.Job instance at 0x7f91488f6d70>,28,17,[5 5],29,37,54,8,37
1,<environment.Job instance at 0x7f91488f6550>,29,13,[8 2],30,45,58,15,45
1,<environment.Job instance at 0x7f91488e5fa0>,33,16,[6 3],34,54,70,20,54
1,<environment.Job instance at 0x7f91488e5640>,32,15,[9 3],33,59,74,26,59
1,<environment.Job instance at 0x7f91488e55f0>,45,12,[3 6],46,70,82,24,70
1,<environment.Job instance at 0x7f91485328c0>,47,13,[7 4],48,74,87,26,74
1,<environment.Job instance at 0x7f91488e5f50>,40,21,[5 2],41,74,95,33,74
1,<environment.Job instance at 0x7f914860c280>,52,14,[7 1],53,87,101,34,87
1,<environment.Job instance at 0x7f914860c8c0>,50,15,[5 2],51,95,110,44,95
1,<environment.Job instance at 0x7f914846fa50>,57,14,[2 6],58,95,109,37,95
1,<environment.Job instance at 0x7f914894d960>,13,17,[10  4],14,111,128,97,111
1,<environment.Job instance at 0x7f914846f2d0>,70,18,[1 5],71,111,129,40,111
1,<environment.Job instance at 0x7f914846f0f0>,75,13,[ 2 10],76,128,141,52,128
1,<environment.Job instance at 0x7f91488e5eb0>,36,18,[10  2],37,129,147,92,129
1,<environment.Job instance at 0x7f914846f370>,67,20,[3 7],68,143,163,75,143
1,<environment.Job instance at 0x7f91483e49b0>,78,21,[2 6],79,143,164,64,143
1,<environment.Job instance at 0x7f91483e4af0>,82,12,[8 4],83,164,176,81,164
1,<environment.Job instance at 0x7f91483e4550>,84,13,[5 4],85,164,177,79,164
1,<environment.Job instance at 0x7f91483e4be0>,80,19,[1 7],81,164,183,83,164
1,<environment.Job instance at 0x7f914884eeb0>,0,13,[7 5],1,1,14,0,1
1,<environment.Job instance at 0x7f914884e370>,4,15,[4 6],5,5,20,0,5
1,<environment.Job instance at 0x7f914884e870>,8,14,[8 1],9,14,28,5,9
1,<environment.Job instance at 0x7f914884efa0>,10,18,[ 5 14],11,20,38,9,17
1,<environment.Job instance at 0x7f914884ef00>,15,21,[6 5],16,38,59,22,30
1,<environment.Job instance at 0x7f914884ecd0>,19,13,[ 2 10],20,134,147,114,134
1,<environment.Job instance at 0x7f914884ee10>,20,15,[ 4 11],21,147,162,126,139
1,<environment.Job instance at 0x7f914884ea00>,17,20,[ 5 14],18,162,182,144,153
1,<environment.Job instance at 0x7f914884e4b0>,22,13,[14  4],23,182,195,159,166
1,<environment.Job instance at 0x7f91483d67d0>,0,13,[7 5],1,1,14,0,1
1,<environment.Job instance at 0x7f91483d65a0>,4,15,[4 6],5,5,20,0,5
1,<environment.Job instance at 0x7f9148d55230>,8,14,[8 1],9,14,28,5,14
1,<environment.Job instance at 0x7f9148c66f00>,19,13,[ 2 10],20,20,33,0,20
1,<environment.Job instance at 0x7f91483d69b0>,7,17,[5 4],8,20,37,12,20
1,<environment.Job instance at 0x7f9148c92eb0>,28,15,[1 9],29,33,48,4,33
1,<environment.Job instance at 0x7f914909cf50>,34,13,[4 7],35,48,61,13,48
1,<environment.Job instance at 0x7f9148a581e0>,33,18,[1 8],34,48,66,14,48
1,<environment.Job instance at 0x7f9151f5cf00>,53,14,[7 2],54,66,80,12,66
1,<environment.Job instance at 0x7f91492808c0>,56,12,[6 1],57,66,78,9,66
1,<environment.Job instance at 0x7f9148c315f0>,46,15,[ 1 10],47,66,81,19,66
1,<environment.Job instance at 0x7f91489d2e60>,60,15,[10  1],61,80,95,19,80
1,<environment.Job instance at 0x7f91485a76e0>,61,14,[3 8],62,81,95,19,81
1,<environment.Job instance at 0x7f914868fd20>,63,14,[5 4],64,95,109,31,95
1,<environment.Job instance at 0x7f9148c4a370>,32,16,[ 4 10],33,96,112,63,96
1,<environment.Job instance at 0x7f9149310460>,69,16,[9 2],70,109,125,39,109
1,<environment.Job instance at 0x7f914868f230>,62,16,[6 5],63,112,128,49,112
1,<environment.Job instance at 0x7f91489ac190>,75,12,[6 4],76,126,138,50,126
1,<environment.Job instance at 0x7f91484f7dc0>,9,16,[ 4 10],10,128,144,118,128
1,<environment.Job instance at 0x7f91489acfa0>,78,17,[9 2],79,139,156,60,139
1,<environment.Job instance at 0x7f9149221d70>,84,17,[3 9],85,144,161,59,144
1,<environment.Job instance at 0x7f91489e0910>,82,21,[2 5],83,156,177,73,156
1,<environment.Job instance at 0x7f91495bdcd0>,91,17,[2 7],92,161,178,69,161
1,<environment.Job instance at 0x7f9149276320>,93,17,[8 3],94,162,179,68,162
1,<environment.Job instance at 0x7f91493de9b0>,10,13,[11  2],11,11,24,0,11
1,<environment.Job instance at 0x7f91493deb90>,7,14,[9 5],8,24,38,16,13
1,<environment.Job instance at 0x7f91493c91e0>,13,17,[ 4 13],14,38,55,24,31
1,<environment.Job instance at 0x7f91493c9c80>,17,12,[5 1],18,36,48,18,36
1,<environment.Job instance at 0x7f91493c9a00>,18,21,[7 1],19,48,69,29,40
1,<environment.Job instance at 0x7f91493c94b0>,22,21,[1 6],23,55,76,32,49
1,<environment.Job instance at 0x7f91492a46e0>,11,27,[5 2],12,56,83,44,56
1,<environment.Job instance at 0x7f91493d8140>,24,14,[5 7],25,69,83,44,56
1,<environment.Job instance at 0x7f91493c9460>,23,15,[8 1],24,83,98,59,69
1,<environment.Job instance at 0x7f9151f9d280>,31,14,[ 3 14],32,83,97,51,69
1,<environment.Job instance at 0x7f9151f9f370>,40,14,[ 2 12],41,97,111,56,82
1,<environment.Job instance at 0x7f9151f9f500>,39,13,[7 2],40,98,111,58,82
1,<environment.Job instance at 0x7f9151fc6c30>,47,12,[9 1],48,111,123,63,94
1,<environment.Job instance at 0x7f9148c8c870>,2,20,[5 8],3,3,23,0,3
1,<environment.Job instance at 0x7f9148c8c5f0>,7,14,[9 5],8,8,22,0,8
1,<environment.Job instance at 0x7f9148f325f0>,17,12,[5 1],18,22,34,4,22
1,<environment.Job instance at 0x7f9148c86500>,12,17,[6 4],13,23,40,10,23
1,<environment.Job instance at 0x7f9148c3a5a0>,22,21,[1 6],23,23,44,0,23
1,<environment.Job instance at 0x7f9148be72d0>,23,15,[8 1],24,34,49,10,34
1,<environment.Job instance at 0x7f9148be71e0>,24,14,[5 7],25,40,54,15,40
1,<environment.Job instance at 0x7f9148fe1af0>,37,17,[7 2],38,49,66,11,49
1,<environment.Job instance at 0x7f9148fe1410>,39,13,[7 2],40,54,67,14,54
1,<environment.Job instance at 0x7f9148fe1be0>,36,18,[5 4],37,66,84,29,66
1,<environment.Job instance at 0x7f914940ab90>,43,15,[10  5],44,67,82,23,67
1,<environment.Job instance at 0x7f91492764b0>,47,12,[9 1],48,82,94,34,82
1,<environment.Job instance at 0x7f9149276320>,46,16,[4 7],47,84,100,37,84
1,<environment.Job instance at 0x7f9149310870>,54,15,[3 5],55,94,109,39,94
1,<environment.Job instance at 0x7f9148852730>,18,21,[7 1],19,94,115,75,94
1,<environment.Job instance at 0x7f91492215a0>,51,14,[2 9],52,100,114,48,100
1,<environment.Job instance at 0x7f91492805f0>,63,13,[8 1],64,114,127,50,114
1,<environment.Job instance at 0x7f9148d6d9b0>,61,14,[5 7],62,115,129,53,115
1,<environment.Job instance at 0x7f91492800a0>,62,16,[4 6],63,127,143,64,127
1,<environment.Job instance at 0x7f914848c230>,72,12,[2 5],73,129,141,56,129
1,<environment.Job instance at 0x7f9151f70140>,67,18,[8 3],68,129,147,61,129
1,<environment.Job instance at 0x7f9148c785f0>,65,16,[ 3 10],66,144,160,78,144
1,<environment.Job instance at 0x7f9148f4fdc0>,83,14,[10  4],84,147,161,63,147
1,<environment.Job instance at 0x7f9148fe1b40>,38,18,[ 4 10],39,162,180,123,162
1,<environment.Job instance at 0x7f9148ad41e0>,5,12,[1 9],6,6,18,0,6
1,<environment.Job instance at 0x7f9152466780>,7,13,[5 8],8,18,31,10,8
1,<environment.Job instance at 0x7f9148a76140>,15,14,[3 9],16,77,91,61,77
1,<environment.Job instance at 0x7f9148ebc370>,0,17,[2 9],1,1,18,0,1
1,<environment.Job instance at 0x7f9148bee690>,3,15,[10  1],4,4,19,0,4
1,<environment.Job instance at 0x7f9149748a00>,5,12,[1 9],6,18,30,12,18
1,<environment.Job instance at 0x7f9148af99b0>,16,12,[10  1],17,19,31,2,19
1,<environment.Job instance at 0x7f9148f08fa0>,7,13,[5 8],8,30,43,22,30
1,<environment.Job instance at 0x7f9148f56140>,23,13,[9 2],24,31,44,7,31
1,<environment.Job instance at 0x7f9148af9d20>,15,14,[3 9],16,43,57,27,43
1,<environment.Job instance at 0x7f9149307dc0>,28,16,[7 4],29,44,60,15,44
1,<environment.Job instance at 0x7f91485674b0>,8,18,[5 2],9,44,62,35,44
1,<environment.Job instance at 0x7f91485ab460>,32,15,[1 7],33,57,72,24,57
1,<environment.Job instance at 0x7f9148e86640>,41,12,[5 2],42,62,74,20,62
1,<environment.Job instance at 0x7f91495bdcd0>,42,18,[7 1],43,62,80,19,62
1,<environment.Job instance at 0x7f9149276d70>,40,13,[1 9],41,72,85,31,72
1,<environment.Job instance at 0x7f9148bc18c0>,48,16,[4 5],49,74,90,25,74
1,<environment.Job instance at 0x7f9148c3aa50>,52,16,[9 3],53,85,101,32,85
1,<environment.Job instance at 0x7f9148868d20>,20,16,[ 1 10],21,90,106,69,90
1,<environment.Job instance at 0x7f9148bf85f0>,50,17,[6 3],51,101,118,50,101
1,<environment.Job instance at 0x7f9148f325f0>,61,16,[2 7],62,107,123,45,107
1,<environment.Job instance at 0x7f9148af95a0>,17,17,[4 7],18,118,135,100,118
1,<environment.Job instance at 0x7f914867abe0>,74,12,[5 1],75,118,130,43,118
1,<environment.Job instance at 0x7f9148f32c30>,56,17,[4 7],57,123,140,66,123
1,<environment.Job instance at 0x7f914867adc0>,76,12,[4 8],77,135,147,58,135
1,<environment.Job instance at 0x7f914867af50>,77,14,[1 9],78,147,161,69,147
1,<environment.Job instance at 0x7f91496cd960>,82,12,[1 6],83,147,159,64,147
1,<environment.Job instance at 0x7f91496cdb90>,83,17,[5 5],84,159,176,75,159
1,<environment.Job instance at 0x7f91489df0f0>,27,17,[ 1 10],28,162,179,134,162
1,<environment.Job instance at 0x7f9148297a50>,7,13,[3 7],8,11,24,3,11
1,<environment.Job instance at 0x7f9148297b40>,9,12,[10  2],10,14,26,4,14
1,<environment.Job instance at 0x7f91482cd190>,16,12,[2 6],17,17,29,0,17
1,<environment.Job instance at 0x7f91482cd1e0>,12,22,[11  4],13,26,48,13,25
1,<environment.Job instance at 0x7f91482cd140>,20,18,[ 2 10],21,29,47,8,26
1,<environment.Job instance at 0x7f91482cdb40>,22,13,[9 1],23,48,61,25,32
1,<environment.Job instance at 0x7f91482cd500>,23,20,[7 1],24,61,81,37,52
1,<environment.Job instance at 0x7f91482cd410>,21,20,[ 1 11],22,52,72,30,52
1,<environment.Job instance at 0x7f91482cd640>,25,13,[5 7],26,79,92,53,79
1,<environment.Job instance at 0x7f91482cd3c0>,31,14,[7 4],32,81,95,49,79
1,<environment.Job instance at 0x7f9148228910>,33,15,[2 7],34,92,107,58,79
1,<environment.Job instance at 0x7f91482288c0>,34,16,[3 5],35,95,111,60,83
1,<environment.Job instance at 0x7f91482cd2d0>,30,12,[1 8],31,107,119,76,93
1,<environment.Job instance at 0x7f9148228a50>,35,17,[ 2 13],36,119,136,83,107
1,<environment.Job instance at 0x7f91482285a0>,39,15,[7 2],40,107,122,67,107
1,<environment.Job instance at 0x7f91482cd8c0>,26,19,[13  2],27,122,141,95,112
1,<environment.Job instance at 0x7f9148228730>,42,17,[3 9],43,141,158,98,131
1,<environment.Job instance at 0x7f91482cd230>,28,24,[ 3 14],29,158,182,129,153
1,<environment.Job instance at 0x7f914934ccd0>,0,12,[9 5],1,1,13,0,1
1,<environment.Job instance at 0x7f914934ce10>,3,21,[1 8],4,4,25,0,4
1,<environment.Job instance at 0x7f914934cf50>,2,12,[9 4],3,13,25,10,13
1,<environment.Job instance at 0x7f91496cd140>,16,12,[2 6],17,25,37,8,25
1,<environment.Job instance at 0x7f914934ceb0>,9,12,[10  2],10,25,37,15,25
1,<environment.Job instance at 0x7f914934c460>,7,13,[3 7],8,25,38,17,25
1,<environment.Job instance at 0x7f91496cd6e0>,22,13,[9 1],23,37,50,14,37
1,<environment.Job instance at 0x7f91485ab460>,30,12,[1 8],31,38,50,7,38
1,<environment.Job instance at 0x7f91496cd910>,25,13,[5 7],26,50,63,24,50
1,<environment.Job instance at 0x7f9148d7d4b0>,31,14,[7 4],32,50,64,18,50
1,<environment.Job instance at 0x7f9148f08fa0>,33,15,[2 7],34,63,78,29,63
1,<environment.Job instance at 0x7f9148f03e10>,39,15,[7 2],40,64,79,24,64
1,<environment.Job instance at 0x7f9148e35c80>,34,16,[3 5],35,64,80,29,64
1,<environment.Job instance at 0x7f9149113aa0>,40,16,[10  4],41,79,95,38,79
1,<environment.Job instance at 0x7f91490f53c0>,55,12,[3 7],56,80,92,24,80
1,<environment.Job instance at 0x7f91490f5be0>,56,13,[4 5],57,92,105,35,92
1,<environment.Job instance at 0x7f91490f5690>,60,14,[9 2],61,95,109,34,95
1,<environment.Job instance at 0x7f91490f5a00>,61,15,[3 7],62,105,120,43,105
1,<environment.Job instance at 0x7f91484184b0>,48,17,[8 5],49,109,126,60,109
1,<environment.Job instance at 0x7f9148434fa0>,66,15,[4 9],67,120,135,53,120
1,<environment.Job instance at 0x7f9148434500>,67,15,[1 6],68,126,141,58,126
1,<environment.Job instance at 0x7f91491134b0>,42,17,[3 9],43,136,153,93,136
1,<environment.Job instance at 0x7f9148429e10>,71,16,[5 1],72,141,157,69,141
1,<environment.Job instance at 0x7f9148429c80>,72,15,[9 3],73,153,168,80,153
1,<environment.Job instance at 0x7f914844bf50>,64,18,[3 6],65,158,176,93,158
1,<environment.Job instance at 0x7f9148415640>,77,17,[7 1],78,168,185,90,168
1,<environment.Job instance at 0x7f91484313c0>,74,21,[2 7],75,168,189,93,168
1,<environment.Job instance at 0x7f9148f3e820>,0,14,[2 9],1,1,15,0,1
1,<environment.Job instance at 0x7f9148d225f0>,4,23,[7 1],5,5,28,0,5
1,<environment.Job instance at 0x7f9148d228c0>,8,19,[2 6],9,15,34,6,13
1,<environment.Job instance at 0x7f9148d22690>,13,17,[2 8],14,17,34,3,17
1,<environment.Job instance at 0x7f9148d227d0>,10,18,[1 7],11,34,52,23,32
1,<environment.Job instance at 0x7f9148d22320>,15,13,[11  2],16,46,59,30,46
1,<environment.Job instance at 0x7f9148d226e0>,11,19,[4 6],12,52,71,40,52
1,<environment.Job instance at 0x7f9148d22a50>,16,17,[ 2 14],17,71,88,54,62
1,<environment.Job instance at 0x7f914894a050>,18,14,[1 7],19,88,102,69,78
1,<environment.Job instance at 0x7f914894a460>,20,25,[1 6],21,88,113,67,84
1,<environment.Job instance at 0x7f914894af50>,23,13,[9 1],24,84,97,60,84
1,<environment.Job instance at 0x7f914894aaf0>,24,18,[3 9],25,102,120,77,91
1,<environment.Job instance at 0x7f914894a410>,25,12,[ 1 13],26,120,132,94,103
1,<environment.Job instance at 0x7f914894a370>,26,23,[1 5],27,132,155,105,126
1,<environment.Job instance at 0x7f914894a960>,17,15,[9 5],18,134,149,116,134
1,<environment.Job instance at 0x7f914894a5a0>,27,14,[ 3 11],28,155,169,127,140
1,<environment.Job instance at 0x7f914894a320>,21,20,[11  1],22,154,174,132,154
1,<environment.Job instance at 0x7f9151f1bf50>,0,14,[2 9],1,1,15,0,1
1,<environment.Job instance at 0x7f9148f0c5a0>,8,19,[2 6],9,9,28,0,9
1,<environment.Job instance at 0x7f91490f0410>,13,17,[2 8],14,15,32,1,15
1,<environment.Job instance at 0x7f91487d4050>,18,14,[1 7],19,28,42,9,28
1,<environment.Job instance at 0x7f9149113c80>,23,13,[9 1],24,32,45,8,32
1,<environment.Job instance at 0x7f9148ee6dc0>,10,18,[1 7],11,32,50,21,32
1,<environment.Job instance at 0x7f9149536dc0>,11,19,[4 6],12,42,61,30,42
1,<environment.Job instance at 0x7f9149113aa0>,30,18,[8 2],31,45,63,14,45
1,<environment.Job instance at 0x7f9148cb9640>,38,17,[6 1],39,61,78,22,61
1,<environment.Job instance at 0x7f91496bfa50>,40,15,[8 2],41,63,78,22,63
1,<environment.Job instance at 0x7f9148da8a50>,46,12,[3 5],47,78,90,31,78
1,<environment.Job instance at 0x7f91499df690>,51,14,[6 5],52,78,92,26,78
1,<environment.Job instance at 0x7f9148735410>,48,14,[6 1],49,78,92,29,78
1,<environment.Job instance at 0x7f9149113d70>,24,18,[3 9],25,90,108,65,90
1,<environment.Job instance at 0x7f91482d54b0>,59,12,[7 5],60,92,104,32,92
1,<environment.Job instance at 0x7f9148ec7af0>,66,15,[8 2],67,104,119,37,104
1,<environment.Job instance at 0x7f9151fb28c0>,60,16,[6 3],61,108,124,47,108
1,<environment.Job instance at 0x7f9148f08af0>,17,15,[9 5],18,120,135,102,120
1,<environment.Job instance at 0x7f91489bccd0>,43,18,[6 1],44,124,142,80,124
1,<environment.Job instance at 0x7f9149781d70>,57,16,[8 2],58,136,152,78,136
1,<environment.Job instance at 0x7f914947d0f0>,78,15,[4 5],79,142,157,63,142
1,<environment.Job instance at 0x7f914893ddc0>,73,17,[ 4 10],74,154,171,80,154
1,<environment.Job instance at 0x7f9148815140>,72,19,[7 5],73,158,177,85,158
1,<environment.Job instance at 0x7f9148989f50>,0,12,[ 5 10],1,1,13,0,1
1,<environment.Job instance at 0x7f9151fc65a0>,10,12,[2 5],11,12,24,1,12
1,<environment.Job instance at 0x7f9151fc64b0>,11,13,[9 3],12,15,28,3,15
1,<environment.Job instance at 0x7f9151fc6640>,14,14,[8 5],15,28,42,13,18
1,<environment.Job instance at 0x7f9151fc6b40>,17,13,[5 9],18,24,37,6,23
1,<environment.Job instance at 0x7f9151fc6e60>,20,13,[5 1],21,37,50,16,23
1,<environment.Job instance at 0x7f9151fc6550>,8,28,[9 5],9,46,74,37,46
1,<environment.Job instance at 0x7f9151fc6d70>,22,16,[13  2],23,83,99,60,83
1,<environment.Job instance at 0x7f9149566230>,0,12,[ 5 10],1,1,13,0,1
1,<environment.Job instance at 0x7f9149574eb0>,10,12,[2 5],11,11,23,0,11
1,<environment.Job instance at 0x7f914910d7d0>,11,13,[9 3],12,13,26,1,13
1,<environment.Job instance at 0x7f914952c640>,6,19,[2 8],7,23,42,16,23
1,<environment.Job instance at 0x7f914910d8c0>,14,14,[8 5],15,26,40,11,26
1,<environment.Job instance at 0x7f914910daf0>,17,13,[5 9],18,42,55,24,42
1,<environment.Job instance at 0x7f914844b410>,20,13,[5 1],21,42,55,21,42
1,<environment.Job instance at 0x7f9148f03fa0>,29,13,[6 2],30,55,68,25,55
1,<environment.Job instance at 0x7f914877f1e0>,25,18,[1 8],26,55,73,29,55
1,<environment.Job instance at 0x7f9148edec30>,33,18,[6 3],34,55,73,21,55
1,<environment.Job instance at 0x7f9148edea00>,36,16,[2 6],37,73,89,36,73
1,<environment.Job instance at 0x7f9148434500>,39,12,[5 6],40,73,85,33,73
1,<environment.Job instance at 0x7f9148434960>,38,17,[5 5],39,85,102,46,85
1,<environment.Job instance at 0x7f9148434fa0>,42,17,[5 1],43,85,102,42,85
1,<environment.Job instance at 0x7f9149566690>,1,20,[5 8],2,89,109,87,89
1,<environment.Job instance at 0x7f9148415190>,44,15,[9 5],45,102,117,57,102
1,<environment.Job instance at 0x7f9148415690>,47,14,[3 8],48,109,123,61,109
1,<environment.Job instance at 0x7f914947c2d0>,54,12,[5 1],55,117,129,62,117
1,<environment.Job instance at 0x7f914947eaa0>,59,12,[6 1],60,123,135,63,123
1,<environment.Job instance at 0x7f91484296e0>,2,21,[2 8],3,123,144,120,123
1,<environment.Job instance at 0x7f9151fb28c0>,76,13,[7 3],77,129,142,52,129
1,<environment.Job instance at 0x7f9149849aa0>,68,14,[8 5],69,142,156,73,142
1,<environment.Job instance at 0x7f9148ec7be0>,77,14,[7 1],78,144,158,66,144
1,<environment.Job instance at 0x7f914947c780>,53,17,[5 7],54,158,175,104,158
1,<environment.Job instance at 0x7f9148434140>,41,18,[9 5],42,158,176,116,158
1,<environment.Job instance at 0x7f9148e1ae10>,1,15,[3 5],2,2,17,0,2
1,<environment.Job instance at 0x7f9148e1a2d0>,2,13,[6 5],3,3,16,0,3
1,<environment.Job instance at 0x7f9148e1aeb0>,9,27,[ 1 10],10,16,43,6,14
1,<environment.Job instance at 0x7f91493e27d0>,10,13,[12  2],11,17,30,6,16
1,<environment.Job instance at 0x7f914947e5f0>,17,13,[ 2 12],18,43,56,25,27
1,<environment.Job instance at 0x7f914947e9b0>,20,12,[12  2],21,38,50,17,38
1,<environment.Job instance at 0x7f914947e7d0>,21,12,[4 7],22,56,68,34,39
1,<environment.Job instance at 0x7f91493e2550>,18,16,[7 5],19,56,72,37,44
1,<environment.Job instance at 0x7f914947e640>,23,13,[ 4 14],24,72,85,48,56
1,<environment.Job instance at 0x7f914947eb40>,25,12,[4 9],26,85,97,59,69
1,<environment.Job instance at 0x7f914947e6e0>,24,15,[ 1 11],25,97,112,72,84
1,<environment.Job instance at 0x7f9148e1a320>,8,26,[14  2],9,97,123,88,97
1,<environment.Job instance at 0x7f9149894aa0>,1,15,[3 5],2,2,17,0,2
1,<environment.Job instance at 0x7f9149894280>,2,13,[6 5],3,3,16,0,3
1,<environment.Job instance at 0x7f91498915a0>,13,15,[ 5 10],14,16,31,2,16
1,<environment.Job instance at 0x7f91498ba2d0>,18,16,[7 5],19,19,35,0,19
1,<environment.Job instance at 0x7f91498baa50>,21,12,[4 7],22,31,43,9,31
1,<environment.Job instance at 0x7f91498b1370>,11,15,[4 7],12,35,50,23,35
1,<environment.Job instance at 0x7f9148acad20>,30,15,[9 4],31,43,58,12,43
1,<environment.Job instance at 0x7f9148acaf00>,25,12,[4 9],26,50,62,24,50
1,<environment.Job instance at 0x7f9148acbe10>,34,12,[10  3],35,58,70,23,58
1,<environment.Job instance at 0x7f9148acbdc0>,33,13,[1 6],34,62,75,28,62
1,<environment.Job instance at 0x7f9148acbc80>,35,17,[1 6],36,62,79,26,62
1,<environment.Job instance at 0x7f9148acae60>,28,14,[1 9],29,76,90,47,76
1,<environment.Job instance at 0x7f91498a0cd0>,47,18,[8 1],48,79,97,31,79
1,<environment.Job instance at 0x7f9148acd460>,42,18,[1 5],43,79,97,36,79
1,<environment.Job instance at 0x7f914849caf0>,54,18,[3 8],55,90,108,35,90
1,<environment.Job instance at 0x7f91498baaa0>,22,18,[10  4],23,99,117,76,99
1,<environment.Job instance at 0x7f9149891b40>,15,17,[ 3 10],16,108,125,92,108
1,<environment.Job instance at 0x7f91493c8c30>,59,17,[6 2],60,117,134,57,117
1,<environment.Job instance at 0x7f91497a9b90>,61,12,[6 3],62,117,129,55,117
1,<environment.Job instance at 0x7f9148f95910>,60,15,[2 6],61,125,140,64,125
1,<environment.Job instance at 0x7f914857f730>,64,17,[7 1],65,129,146,64,129
1,<environment.Job instance at 0x7f91495d9c30>,55,22,[3 6],56,134,156,78,134
1,<environment.Job instance at 0x7f9148f98280>,69,18,[1 6],70,140,158,70,140
1,<environment.Job instance at 0x7f9149798140>,67,17,[9 2],68,146,163,78,146
1,<environment.Job instance at 0x7f9148ac0a50>,72,16,[4 6],73,156,172,83,156
1,<environment.Job instance at 0x7f914989be10>,81,12,[4 5],82,164,176,82,164
1,<environment.Job instance at 0x7f91498a0500>,49,20,[7 3],50,164,184,114,164
1,<environment.Job instance at 0x7f9148f79140>,0,17,[6 4],1,1,18,0,1
1,<environment.Job instance at 0x7f9148f792d0>,6,20,[2 5],7,7,27,0,7
1,<environment.Job instance at 0x7f9148f799b0>,7,13,[1 5],8,8,21,0,8
1,<environment.Job instance at 0x7f9148f79780>,9,15,[3 8],10,21,36,11,13
1,<environment.Job instance at 0x7f9148f79500>,12,12,[6 4],13,27,39,14,17
1,<environment.Job instance at 0x7f9148bf5820>,13,14,[ 2 12],14,39,53,25,24
1,<environment.Job instance at 0x7f9148bf5410>,20,14,[11  3],21,39,53,18,28
1,<environment.Job instance at 0x7f9148f79050>,4,15,[11  1],5,53,68,48,39
1,<environment.Job instance at 0x7f9148bf5b90>,24,19,[ 2 12],25,53,72,28,45
1,<environment.Job instance at 0x7f9148bf50a0>,25,13,[11  2],26,68,81,42,52
1,<environment.Job instance at 0x7f9148bf5a00>,26,17,[1 5],27,72,89,45,63
1,<environment.Job instance at 0x7f9148c0c140>,44,23,[ 1 10],45,81,104,36,75
1,<environment.Job instance at 0x7f9148bfa550>,59,14,[1 5],60,89,103,29,75
1,<environment.Job instance at 0x7f9148c0a370>,60,19,[5 2],61,103,122,42,93
1,<environment.Job instance at 0x7f9148c0a3c0>,64,12,[ 3 12],65,104,116,39,93
1,<environment.Job instance at 0x7f9148c0aaa0>,65,24,[7 1],66,103,127,37,99
1,<environment.Job instance at 0x7f9148c0a050>,66,20,[5 1],67,122,142,55,113
1,<environment.Job instance at 0x7f9148c00780>,77,12,[2 6],78,116,128,38,113
1,<environment.Job instance at 0x7f9148c00370>,75,12,[ 3 13],76,128,140,52,115
1,<environment.Job instance at 0x7f9148c0a780>,67,24,[6 2],68,140,164,72,136
1,<environment.Job instance at 0x7f9148c00f00>,79,23,[9 2],80,142,165,62,141
1,<environment.Job instance at 0x7f9148c00c80>,82,13,[13  1],83,165,178,82,151
1,<environment.Job instance at 0x7f9148c000a0>,84,13,[11  2],85,178,191,93,163
1,<environment.Job instance at 0x7f9149626b40>,0,17,[6 4],1,1,18,0,1
1,<environment.Job instance at 0x7f9148e6cf00>,6,20,[2 5],7,7,27,0,7
1,<environment.Job instance at 0x7f9149626960>,7,13,[1 5],8,8,21,0,8
1,<environment.Job instance at 0x7f914886e1e0>,12,12,[6 4],13,18,30,5,18
1,<environment.Job instance at 0x7f9148e20a00>,8,21,[7 5],9,21,42,12,21
1,<environment.Job instance at 0x7f91497610a0>,22,14,[6 5],23,30,44,7,30
1,<environment.Job instance at 0x7f914921d050>,26,17,[1 5],27,30,47,3,30
1,<environment.Job instance at 0x7f9148355230>,11,16,[8 4],12,42,58,30,42
1,<environment.Job instance at 0x7f914886eb90>,9,15,[3 8],10,47,62,37,47
1,<environment.Job instance at 0x7f9148142be0>,47,15,[10  2],48,58,73,10,58
1,<environment.Job instance at 0x7f9149152a00>,59,14,[1 5],60,60,74,0,60
1,<environment.Job instance at 0x7f91485703c0>,56,13,[2 8],57,62,75,5,62
1,<environment.Job instance at 0x7f914915e6e0>,34,22,[8 3],35,74,96,39,74
1,<environment.Job instance at 0x7f9148570910>,60,19,[5 2],61,74,93,13,74
1,<environment.Job instance at 0x7f914849b0a0>,31,16,[2 8],32,75,91,43,75
1,<environment.Job instance at 0x7f91493e9910>,77,12,[2 6],78,91,103,13,91
1,<environment.Job instance at 0x7f9148828550>,37,19,[3 6],38,93,112,55,93
1,<environment.Job instance at 0x7f914963b050>,66,20,[5 1],67,96,116,29,96
1,<environment.Job instance at 0x7f9148570fa0>,52,15,[3 8],53,103,118,50,103
1,<environment.Job instance at 0x7f91499c02d0>,83,16,[5 6],84,112,128,28,112
1,<environment.Job instance at 0x7f9149036d70>,100,12,[10  3],101,118,130,17,118
1,<environment.Job instance at 0x7f9148e52960>,101,16,[1 6],102,128,144,26,128
1,<environment.Job instance at 0x7f9148c32280>,96,12,[8 2],97,130,142,33,130
1,<environment.Job instance at 0x7f914884aa00>,113,14,[5 6],114,130,144,16,130
1,<environment.Job instance at 0x7f9148e25370>,102,18,[9 1],103,142,160,39,142
1,<environment.Job instance at 0x7f91489acaf0>,129,14,[6 5],130,144,158,14,144
1,<environment.Job instance at 0x7f914849b870>,1,15,[5 6],2,2,17,0,2
1,<environment.Job instance at 0x7f9151f635a0>,3,19,[1 7],4,5,24,1,5
1,<environment.Job instance at 0x7f914934cb40>,7,14,[7 5],8,17,31,9,8
1,<environment.Job instance at 0x7f914934c460>,9,12,[7 3],10,17,29,7,10
1,<environment.Job instance at 0x7f91489ac500>,4,13,[ 4 12],5,31,44,26,15
1,<environment.Job instance at 0x7f914934c5a0>,14,12,[1 6],15,44,56,29,29
1,<environment.Job instance at 0x7f914934cf50>,18,24,[6 4],19,44,68,25,40
1,<environment.Job instance at 0x7f914934c7d0>,19,26,[ 4 11],20,56,82,36,56
1,<environment.Job instance at 0x7f914934c500>,12,23,[ 5 13],13,82,105,69,77
1,<environment.Job instance at 0x7f9148320b90>,34,20,[3 9],35,105,125,70,96
1,<environment.Job instance at 0x7f9148320550>,42,16,[ 2 10],43,125,141,82,112
1,<environment.Job instance at 0x7f91498e0f50>,54,12,[6 1],55,121,133,66,121
1,<environment.Job instance at 0x7f91498e0b90>,55,12,[1 8],56,141,153,85,124
1,<environment.Job instance at 0x7f91498e0e10>,56,14,[6 4],57,124,138,67,124
1,<environment.Job instance at 0x7f91498e0500>,57,14,[3 7],58,141,155,83,126
1,<environment.Job instance at 0x7f91498e0960>,47,18,[10  5],48,153,171,105,143
1,<environment.Job instance at 0x7f91498e0f00>,61,12,[7 5],62,171,183,109,154
1,<environment.Job instance at 0x7f91498aaa00>,0,22,[5 5],1,1,23,0,1
1,<environment.Job instance at 0x7f9149095f00>,1,15,[5 6],2,2,17,0,2
1,<environment.Job instance at 0x7f91488762d0>,6,18,[5 3],7,7,25,0,7
1,<environment.Job instance at 0x7f914939ddc0>,14,12,[1 6],15,17,29,2,17
1,<environment.Job instance at 0x7f9148876280>,9,12,[7 3],10,23,35,13,23
1,<environment.Job instance at 0x7f91488767d0>,7,14,[7 5],8,25,39,17,25
1,<environment.Job instance at 0x7f9149095500>,3,19,[1 7],4,29,48,25,29
1,<environment.Job instance at 0x7f91493c3aa0>,23,16,[7 3],24,35,51,11,35
1,<environment.Job instance at 0x7f91489f6b90>,28,14,[5 6],29,48,62,19,48
1,<environment.Job instance at 0x7f9148b58d20>,46,13,[10  3],47,51,64,4,51
1,<environment.Job instance at 0x7f9148b58320>,42,16,[ 2 10],43,62,78,19,62
1,<environment.Job instance at 0x7f914921d050>,54,12,[6 1],55,64,76,9,64
1,<environment.Job instance at 0x7f9148c41460>,56,14,[6 4],57,64,78,7,64
1,<environment.Job instance at 0x7f9148c41e10>,55,12,[1 8],56,78,90,22,78
1,<environment.Job instance at 0x7f9148e7f280>,57,14,[3 7],58,78,92,20,78
1,<environment.Job instance at 0x7f9148e20a00>,61,12,[7 5],62,90,102,28,90
1,<environment.Job instance at 0x7f914886e0a0>,63,16,[5 3],64,90,106,26,90
1,<environment.Job instance at 0x7f91483ea500>,59,15,[2 8],60,102,117,42,102
1,<environment.Job instance at 0x7f91493f7550>,25,17,[8 3],26,102,119,76,102
1,<environment.Job instance at 0x7f9148e6cbe0>,68,16,[5 9],69,117,133,48,117
1,<environment.Job instance at 0x7f91483208c0>,75,16,[4 6],76,119,135,43,119
1,<environment.Job instance at 0x7f9148172f50>,80,17,[10  2],81,134,151,53,134
1,<environment.Job instance at 0x7f9148e90e60>,45,16,[ 5 10],46,135,151,89,135
1,<environment.Job instance at 0x7f9149099c30>,47,18,[10  5],48,153,171,105,153
1,<environment.Job instance at 0x7f9148d583c0>,83,18,[3 8],84,154,172,70,154
1,<environment.Job instance at 0x7f9149342410>,8,28,[13  4],9,14,42,5,14
1,<environment.Job instance at 0x7f9148480eb0>,15,20,[8 4],16,16,36,0,16
1,<environment.Job instance at 0x7f914884c5f0>,31,18,[ 4 10],32,32,50,0,32
1,<environment.Job instance at 0x7f914884c500>,32,15,[3 5],33,36,51,3,36
1,<environment.Job instance at 0x7f9148e78690>,42,17,[3 5],43,50,67,7,50
1,<environment.Job instance at 0x7f9148e83cd0>,41,20,[8 5],42,50,70,8,50
1,<environment.Job instance at 0x7f9148e78730>,43,18,[ 3 10],44,67,85,23,67
1,<environment.Job instance at 0x7f9148831b40>,67,19,[9 5],68,70,89,2,70
1,<environment.Job instance at 0x7f9148831d20>,62,19,[6 5],63,85,104,22,85
1,<environment.Job instance at 0x7f914853ca50>,84,17,[8 5],85,89,106,4,89
1,<environment.Job instance at 0x7f9148831460>,71,21,[1 5],72,89,110,17,89
1,<environment.Job instance at 0x7f9148e64f00>,99,12,[4 6],100,106,118,6,106
1,<environment.Job instance at 0x7f9148e64370>,105,17,[10  3],106,106,123,0,106
1,<environment.Job instance at 0x7f9148e642d0>,101,15,[4 8],102,119,134,17,119
1,<environment.Job instance at 0x7f9148e64690>,109,21,[5 1],110,123,144,13,123
1,<environment.Job instance at 0x7f91488bf050>,115,14,[6 2],116,123,137,7,123
1,<environment.Job instance at 0x7f9148e64a00>,110,14,[1 8],111,134,148,23,134
1,<environment.Job instance at 0x7f91488bfcd0>,116,22,[6 5],117,138,160,21,138
1,<environment.Job instance at 0x7f9148e64c80>,100,16,[ 1 10],101,148,164,47,148
1,<environment.Job instance at 0x7f91495e95a0>,10,23,[ 2 11],11,11,34,0,11
1,<environment.Job instance at 0x7f91495e9320>,11,18,[2 6],12,34,52,22,32
1,<environment.Job instance at 0x7f91495e9cd0>,8,25,[10  5],9,34,59,25,33
1,<environment.Job instance at 0x7f914854abe0>,7,27,[1 7],8,52,79,44,52
1,<environment.Job instance at 0x7f91495e9730>,12,13,[ 1 12],13,79,92,66,63
1,<environment.Job instance at 0x7f91495e9640>,13,23,[8 2],14,78,101,64,78
1,<environment.Job instance at 0x7f91495e9500>,9,14,[ 1 13],10,92,106,82,87
1,<environment.Job instance at 0x7f91495e9140>,16,13,[11  2],17,108,121,91,108
1,<environment.Job instance at 0x7f91495e92d0>,18,20,[5 6],19,121,141,102,119
1,<environment.Job instance at 0x7f91495e9f50>,15,18,[3 8],16,120,138,104,120
1,<environment.Job instance at 0x7f91495e9820>,20,19,[ 1 11],21,141,160,120,133
1,<environment.Job instance at 0x7f91495e99b0>,17,15,[10  3],18,138,153,120,136
1,<environment.Job instance at 0x7f91495e90a0>,22,13,[2 5],23,160,173,137,144
1,<environment.Job instance at 0x7f91495e9910>,23,16,[ 4 10],24,160,176,136,147
1,<environment.Job instance at 0x7f9148f5fa50>,11,18,[2 6],12,12,30,0,12
1,<environment.Job instance at 0x7f9148f5a730>,15,18,[3 8],16,16,34,0,16
1,<environment.Job instance at 0x7f9148530b40>,25,12,[1 7],26,30,42,4,30
1,<environment.Job instance at 0x7f9148530500>,22,13,[2 5],23,34,47,11,34
1,<environment.Job instance at 0x7f9148e78780>,29,12,[8 3],30,34,46,4,34
1,<environment.Job instance at 0x7f91485308c0>,27,14,[9 3],28,46,60,18,46
1,<environment.Job instance at 0x7f9148530820>,23,16,[ 4 10],24,47,63,23,47
1,<environment.Job instance at 0x7f914853ca00>,44,14,[9 2],45,60,74,15,60
1,<environment.Job instance at 0x7f9148530be0>,17,15,[10  3],18,74,89,56,74
1,<environment.Job instance at 0x7f91494e0370>,59,16,[5 8],60,74,90,14,74
1,<environment.Job instance at 0x7f91488c9d20>,33,15,[9 1],34,89,104,55,89
1,<environment.Job instance at 0x7f9148ce45f0>,63,12,[9 1],64,104,116,40,104
1,<environment.Job instance at 0x7f91481d05a0>,65,17,[ 3 10],66,104,121,38,104
1,<environment.Job instance at 0x7f9148ce4b40>,62,13,[8 2],63,116,129,53,116
1,<environment.Job instance at 0x7f914847f0a0>,75,15,[5 8],76,121,136,45,121
1,<environment.Job instance at 0x7f9148530af0>,26,16,[8 1],27,129,145,102,129
1,<environment.Job instance at 0x7f9148b633c0>,100,18,[ 4 10],101,136,154,35,136
1,<environment.Job instance at 0x7f914853cf00>,52,17,[9 5],53,145,162,92,145
1,<environment.Job instance at 0x7f9151fb5690>,102,12,[5 9],103,154,166,51,154
1,<environment.Job instance at 0x7f9151fb5d20>,103,15,[10  5],104,162,177,58,162
1,<environment.Job instance at 0x7f9151fb5960>,105,17,[ 1 10],106,166,183,60,166
1,<environment.Job instance at 0x7f91488a13c0>,1,13,[5 1],2,2,15,0,2
1,<environment.Job instance at 0x7f91499ae370>,10,18,[3 9],11,11,29,0,11
1,<environment.Job instance at 0x7f91499ae4b0>,11,14,[ 1 11],12,29,43,17,14
1,<environment.Job instance at 0x7f91499ae6e0>,13,14,[ 3 10],14,44,58,30,44
1,<environment.Job instance at 0x7f91485485a0>,1,13,[5 1],2,2,15,0,2
1,<environment.Job instance at 0x7f9148548190>,5,22,[6 5],6,6,28,0,6
1,<environment.Job instance at 0x7f914852fb40>,10,18,[3 9],11,11,29,0,11
1,<environment.Job instance at 0x7f914889b550>,20,12,[7 5],21,28,40,7,28
1,<environment.Job instance at 0x7f9148400190>,13,14,[ 3 10],14,29,43,15,29
1,<environment.Job instance at 0x7f91485485f0>,8,15,[7 2],9,40,55,31,40
1,<environment.Job instance at 0x7f91488ba550>,23,15,[5 2],24,40,55,16,40
1,<environment.Job instance at 0x7f914920ef00>,29,12,[3 5],30,43,55,13,43
1,<environment.Job instance at 0x7f914889bbe0>,19,16,[5 5],20,55,71,35,55
1,<environment.Job instance at 0x7f91491edc80>,38,13,[7 1],39,55,68,16,55
1,<environment.Job instance at 0x7f9148455a50>,44,14,[5 2],45,68,82,23,68
1,<environment.Job instance at 0x7f91488ba780>,26,16,[5 7],27,68,84,41,68
1,<environment.Job instance at 0x7f9148400870>,15,18,[5 3],16,71,89,55,71
1,<environment.Job instance at 0x7f9151fb57d0>,58,12,[5 7],59,84,96,25,84
1,<environment.Job instance at 0x7f9148b633c0>,60,18,[5 4],61,84,102,23,84
1,<environment.Job instance at 0x7f914888a8c0>,61,12,[1 8],62,96,108,34,96
1,<environment.Job instance at 0x7f9151fb5960>,56,14,[7 2],57,96,110,39,96
1,<environment.Job instance at 0x7f9148874690>,68,12,[1 6],69,108,120,39,108
1,<environment.Job instance at 0x7f9151fb5870>,55,17,[9 2],56,111,128,55,111
1,<environment.Job instance at 0x7f9149201640>,90,12,[6 3],91,120,132,29,120
1,<environment.Job instance at 0x7f91488ba7d0>,25,18,[5 9],26,128,146,102,128
1,<environment.Job instance at 0x7f9148ce4d70>,94,14,[6 2],95,133,147,38,133
1,<environment.Job instance at 0x7f91481d05a0>,89,17,[10  4],90,147,164,57,147
1,<environment.Job instance at 0x7f91494e0c30>,100,18,[5 2],101,147,165,46,147
1,<environment.Job instance at 0x7f9148caeb40>,105,14,[5 3],106,164,178,58,164
1,<environment.Job instance at 0x7f9148799eb0>,99,22,[ 1 10],100,164,186,64,164
1,<environment.Job instance at 0x7f91488186e0>,31,18,[8 1],32,165,183,133,165
1,<environment.Job instance at 0x7f9149367690>,8,23,[6 4],9,10,33,1,10
1,<environment.Job instance at 0x7f91494f0410>,1,15,[10  5],2,2,17,0,2
1,<environment.Job instance at 0x7f9148d80c30>,2,16,[4 8],3,3,19,0,3
1,<environment.Job instance at 0x7f914953c6e0>,16,14,[5 3],17,17,31,0,17
1,<environment.Job instance at 0x7f9148e83eb0>,11,14,[4 8],12,19,33,7,19
1,<environment.Job instance at 0x7f9148530820>,29,13,[9 5],30,31,44,1,31
1,<environment.Job instance at 0x7f914884c280>,18,16,[1 7],19,33,49,14,33
1,<environment.Job instance at 0x7f9148530d20>,32,17,[9 2],33,44,61,11,44
1,<environment.Job instance at 0x7f9148e78690>,35,20,[1 5],36,44,64,8,44
1,<environment.Job instance at 0x7f9148530140>,36,18,[5 7],37,49,67,12,49
1,<environment.Job instance at 0x7f914853c870>,47,13,[5 1],48,61,74,13,61
1,<environment.Job instance at 0x7f914853ca00>,46,17,[1 7],47,64,81,17,64
1,<environment.Job instance at 0x7f9148c4cdc0>,53,13,[7 5],54,67,80,13,67
1,<environment.Job instance at 0x7f91488bfb40>,48,14,[7 3],49,74,88,25,74
1,<environment.Job instance at 0x7f914921d230>,54,14,[2 5],55,80,94,25,80
1,<environment.Job instance at 0x7f91488bfc80>,42,20,[5 5],43,81,101,38,81
1,<environment.Job instance at 0x7f91497edaa0>,70,13,[5 5],71,88,101,17,88
1,<environment.Job instance at 0x7f91488c75f0>,71,13,[4 6],72,101,114,29,101
1,<environment.Job instance at 0x7f91488c70f0>,78,17,[8 1],79,101,118,22,101
1,<environment.Job instance at 0x7f91488c71e0>,73,18,[2 5],74,101,119,27,101
1,<environment.Job instance at 0x7f91488c7a50>,77,18,[5 3],78,114,132,36,114
1,<environment.Job instance at 0x7f9148874f00>,82,17,[7 2],83,118,135,35,118
1,<environment.Job instance at 0x7f91497cf3c0>,91,13,[1 7],92,132,145,40,132
1,<environment.Job instance at 0x7f9151fb5820>,87,14,[5 6],88,132,146,44,132
1,<environment.Job instance at 0x7f9148874fa0>,83,13,[9 5],84,145,158,61,145
1,<environment.Job instance at 0x7f91497cf190>,94,16,[5 4],95,146,162,51,146
1,<environment.Job instance at 0x7f91486f30f0>,97,17,[1 5],98,146,163,48,146
1,<environment.Job instance at 0x7f91492277d0>,104,12,[7 4],105,158,170,53,158
1,<environment.Job instance at 0x7f9148982550>,102,14,[5 4],103,162,176,59,162
1,<environment.Job instance at 0x7f9148a427d0>,5,12,[2 8],6,6,18,0,6
1,<environment.Job instance at 0x7f9148b1a4b0>,10,22,[5 3],11,12,34,1,12
1,<environment.Job instance at 0x7f91483900a0>,3,25,[ 4 12],4,18,43,14,17
1,<environment.Job instance at 0x7f914821d870>,11,20,[ 1 12],12,43,63,31,34
1,<environment.Job instance at 0x7f914821df00>,13,28,[9 3],14,45,73,31,45
1,<environment.Job instance at 0x7f9148eb1320>,16,22,[ 1 11],17,63,85,46,60
1,<environment.Job instance at 0x7f914802ad20>,22,23,[2 6],23,85,108,62,79
1,<environment.Job instance at 0x7f9149511280>,26,19,[8 2],27,79,98,52,79
1,<environment.Job instance at 0x7f9148f3e190>,24,13,[12  1],25,98,111,73,83
1,<environment.Job instance at 0x7f9149511320>,28,16,[ 4 14],29,111,127,82,98
1,<environment.Job instance at 0x7f9148d93be0>,33,14,[1 5],34,127,141,93,112
1,<environment.Job instance at 0x7f9148dd88c0>,2,17,[10  3],3,3,20,0,3
1,<environment.Job instance at 0x7f9148400870>,4,17,[ 2 10],5,5,22,0,5
1,<environment.Job instance at 0x7f9151fa8d70>,10,22,[5 3],11,20,42,9,20
1,<environment.Job instance at 0x7f91488ba0f0>,5,12,[2 8],6,22,34,16,22
1,<environment.Job instance at 0x7f9148f11a50>,26,19,[8 2],27,27,46,0,27
1,<environment.Job instance at 0x7f9148390af0>,33,14,[1 5],34,34,48,0,34
1,<environment.Job instance at 0x7f9148c94320>,19,13,[5 6],20,42,55,22,42
1,<environment.Job instance at 0x7f91497a55a0>,32,16,[6 2],33,46,62,13,46
1,<environment.Job instance at 0x7f91497a5a50>,36,17,[4 7],37,48,65,11,48
1,<environment.Job instance at 0x7f91488b5e10>,44,13,[1 5],45,55,68,10,55
1,<environment.Job instance at 0x7f9148b96b40>,29,18,[9 1],30,62,80,32,62
1,<environment.Job instance at 0x7f91488b5370>,46,13,[3 9],47,65,78,18,65
1,<environment.Job instance at 0x7f91497a59b0>,37,16,[ 5 10],38,78,94,40,78
1,<environment.Job instance at 0x7f91487cff50>,50,16,[10  1],51,80,96,29,80
1,<environment.Job instance at 0x7f9148f11500>,30,16,[ 1 10],31,94,110,63,94
1,<environment.Job instance at 0x7f91487cff00>,53,16,[7 4],54,96,112,42,96
1,<environment.Job instance at 0x7f91487cfc80>,56,17,[8 5],57,110,127,53,110
1,<environment.Job instance at 0x7f91488b5460>,49,18,[5 4],50,112,130,62,112
1,<environment.Job instance at 0x7f914920faf0>,70,13,[9 1],71,127,140,56,127
1,<environment.Job instance at 0x7f91487cf370>,52,18,[3 7],53,130,148,77,130
1,<environment.Job instance at 0x7f914920f050>,71,13,[10  1],72,140,153,68,140
1,<environment.Job instance at 0x7f914868c050>,92,12,[5 6],93,148,160,55,148
1,<environment.Job instance at 0x7f91487cf780>,60,15,[10  1],61,153,168,92,153
1,<environment.Job instance at 0x7f9148881640>,99,15,[4 6],100,161,176,61,161
1,<environment.Job instance at 0x7f9148881aa0>,101,17,[6 3],102,168,185,66,168
1,<environment.Job instance at 0x7f9148881f50>,95,17,[5 2],96,168,185,72,168
1,<environment.Job instance at 0x7f914849bd70>,1,15,[5 6],2,2,17,0,2
1,<environment.Job instance at 0x7f9148b0f410>,5,17,[5 1],6,6,23,0,6
1,<environment.Job instance at 0x7f9148802500>,13,19,[5 4],14,14,33,0,14
1,<environment.Job instance at 0x7f9148802460>,14,14,[11  1],15,33,47,18,18
1,<environment.Job instance at 0x7f9148802910>,15,22,[3 6],16,22,44,6,22
1,<environment.Job instance at 0x7f9148e79e60>,4,16,[ 2 12],5,44,60,39,36
1,<environment.Job instance at 0x7f91521b1c30>,20,28,[13  2],21,47,75,26,47
1,<environment.Job instance at 0x7f91521b1280>,19,27,[ 1 14],20,76,103,56,76
1,<environment.Job instance at 0x7f914987ea00>,26,25,[8 4],27,103,128,76,100
1,<environment.Job instance at 0x7f9149618640>,29,14,[13  2],30,128,142,98,117
1,<environment.Job instance at 0x7f9149960780>,30,12,[9 2],31,158,170,127,158
1,<environment.Job instance at 0x7f9149960690>,31,13,[13  3],32,170,183,138,167
1,<environment.Job instance at 0x7f9149348f00>,0,16,[7 5],1,1,17,0,1
1,<environment.Job instance at 0x7f9149348690>,1,15,[5 6],2,2,17,0,2
1,<environment.Job instance at 0x7f9151fb2fa0>,5,17,[5 1],6,17,34,11,17
1,<environment.Job instance at 0x7f9151fb2730>,13,19,[5 4],14,17,36,3,17
1,<environment.Job instance at 0x7f9148a3ea00>,6,21,[4 8],7,17,38,10,17
1,<environment.Job instance at 0x7f9148e2fbe0>,30,12,[9 2],31,36,48,5,36
1,<environment.Job instance at 0x7f9148e2faf0>,25,16,[4 5],26,38,54,12,38
1,<environment.Job instance at 0x7f9149a39f00>,35,13,[8 1],36,48,61,12,48
1,<environment.Job instance at 0x7f914947e960>,41,16,[3 9],42,48,64,6,48
1,<environment.Job instance at 0x7f9149a39eb0>,38,17,[9 3],39,61,78,22,61
1,<environment.Job instance at 0x7f9148881960>,58,19,[5 3],59,65,84,6,65
1,<environment.Job instance at 0x7f9148881140>,64,15,[5 6],65,78,93,13,78
1,<environment.Job instance at 0x7f914868c050>,67,15,[3 6],68,78,93,10,78
1,<environment.Job instance at 0x7f914947eaa0>,48,18,[7 3],49,84,102,35,84
1,<environment.Job instance at 0x7f9148881f50>,62,18,[2 8],63,94,112,31,94
1,<environment.Job instance at 0x7f9151fb2e60>,10,21,[6 4],11,94,115,83,94
1,<environment.Job instance at 0x7f914868caa0>,71,12,[7 2],72,102,114,30,102
1,<environment.Job instance at 0x7f914868cc80>,75,12,[3 9],76,114,126,38,114
1,<environment.Job instance at 0x7f914868c780>,81,13,[6 2],82,114,127,32,114
1,<environment.Job instance at 0x7f914868ceb0>,73,17,[9 4],74,126,143,52,126
1,<environment.Job instance at 0x7f915259cdc0>,85,15,[5 8],86,127,142,41,127
1,<environment.Job instance at 0x7f915259ceb0>,87,16,[1 8],88,142,158,54,142
1,<environment.Job instance at 0x7f914868c730>,83,17,[7 1],84,145,162,61,145
1,<environment.Job instance at 0x7f914920f320>,93,19,[7 4],94,146,165,52,146
1,<environment.Job instance at 0x7f914920f460>,91,20,[5 5],92,162,182,70,162
1,<environment.Job instance at 0x7f9151fb2410>,15,22,[3 6],16,162,184,146,162
1,<environment.Job instance at 0x7f914868c6e0>,70,21,[7 3],71,165,186,94,165
1,<environment.Job instance at 0x7f61f44d5cd0>,6,20,[6 1],7,7,27,0,7
1,<environment.Job instance at 0x7f61f44da1e0>,14,13,[7 3],15,16,29,1,16
1,<environment.Job instance at 0x7f61f44da3c0>,16,16,[ 3 11],17,27,43,10,17
1,<environment.Job instance at 0x7f61f44da280>,15,18,[ 2 14],16,43,61,27,32
1,<environment.Job instance at 0x7f61f44da500>,17,28,[ 5 10],18,61,89,43,60
1,<environment.Job instance at 0x7f61f44d5fa0>,10,18,[ 3 11],11,89,107,78,81
1,<environment.Job instance at 0x7f61f44da8c0>,22,13,[13  1],23,107,120,84,91
1,<environment.Job instance at 0x7f61f44da960>,23,18,[2 7],24,107,125,83,96
1,<environment.Job instance at 0x7f61f44da320>,24,13,[ 3 14],25,125,138,100,110
1,<environment.Job instance at 0x7f61f44da820>,21,26,[ 5 12],22,138,164,116,137
1,<environment.Job instance at 0x7f61f44d5dc0>,0,13,[9 3],1,1,14,0,1
1,<environment.Job instance at 0x7f61f44cd410>,2,22,[4 8],3,3,25,0,3
1,<environment.Job instance at 0x7f61f46598c0>,14,13,[7 3],15,15,28,0,15
1,<environment.Job instance at 0x7f61f4600d20>,23,18,[2 7],24,25,43,1,25
1,<environment.Job instance at 0x7f61f44cd050>,6,20,[6 1],7,25,45,18,25
1,<environment.Job instance at 0x7f61f44cd7d0>,4,21,[1 6],5,28,49,23,28
1,<environment.Job instance at 0x7f61f4597730>,33,16,[2 8],34,43,59,9,43
1,<environment.Job instance at 0x7f61f467d190>,45,13,[6 5],46,49,62,3,49
1,<environment.Job instance at 0x7f61f45cbdc0>,56,12,[3 6],57,59,71,2,59
1,<environment.Job instance at 0x7f61f45ef3c0>,58,14,[2 7],59,62,76,3,62
1,<environment.Job instance at 0x7f61f4597af0>,40,15,[10  3],41,71,86,30,71
1,<environment.Job instance at 0x7f61f45e3e10>,53,17,[5 7],54,77,94,23,77
1,<environment.Job instance at 0x7f61f45970f0>,35,15,[9 5],36,87,102,51,87
1,<environment.Job instance at 0x7f61f45efd70>,59,17,[1 6],60,94,111,34,94
1,<environment.Job instance at 0x7f61f4596af0>,62,18,[5 3],63,94,112,31,94
1,<environment.Job instance at 0x7f61f4592460>,77,13,[8 5],78,102,115,24,102
1,<environment.Job instance at 0x7f61f45967d0>,65,20,[2 6],66,111,131,45,111
1,<environment.Job instance at 0x7f61f4592e60>,78,12,[10  2],79,116,128,37,116
1,<environment.Job instance at 0x7f61f45f5e60>,80,14,[2 6],81,116,130,35,116
1,<environment.Job instance at 0x7f61f4592af0>,79,13,[9 4],80,130,143,50,130
1,<environment.Job instance at 0x7f61f45844b0>,81,15,[5 9],82,131,146,49,131
1,<environment.Job instance at 0x7f61f4504640>,89,16,[7 1],90,144,160,54,144
1,<environment.Job instance at 0x7f61f4584460>,82,16,[ 4 10],83,146,162,63,146
1,<environment.Job instance at 0x7f61f4504a00>,91,20,[8 2],92,161,181,69,161
1,<environment.Job instance at 0x7f61f45917d0>,95,15,[5 7],96,162,177,66,162
1,<environment.Job instance at 0x7f61f44c37d0>,98,17,[5 5],99,177,194,78,177
1,<environment.Job instance at 0x7f61f45900f0>,100,18,[2 7],101,177,195,76,177
1,<environment.Job instance at 0x7f61f3c28460>,0,13,[8 5],1,1,14,0,1
1,<environment.Job instance at 0x7f61f3c28870>,1,14,[2 9],2,2,16,0,2
1,<environment.Job instance at 0x7f61f3c29a50>,4,20,[5 2],5,14,34,9,5
1,<environment.Job instance at 0x7f61f3c293c0>,12,12,[1 7],13,16,28,3,13
1,<environment.Job instance at 0x7f61f3c28f00>,8,12,[14  5],9,34,46,25,20
1,<environment.Job instance at 0x7f61f3c29d70>,10,17,[12  2],11,82,99,71,82
1,<environment.Job instance at 0x7f61f3d9d960>,18,12,[10  5],19,130,142,111,130
1,<environment.Job instance at 0x7f61f44f4460>,0,13,[8 5],1,1,14,0,1
1,<environment.Job instance at 0x7f61f44f43c0>,1,14,[2 9],2,2,16,0,2
1,<environment.Job instance at 0x7f61f4597910>,12,12,[1 7],13,16,28,3,16
1,<environment.Job instance at 0x7f61f44f44b0>,4,20,[5 2],5,16,36,11,16
1,<environment.Job instance at 0x7f61f3c086e0>,18,12,[10  5],19,28,40,9,28
1,<environment.Job instance at 0x7f61f3e40af0>,20,14,[2 7],21,36,50,15,36
1,<environment.Job instance at 0x7f61f3d026e0>,32,13,[9 4],33,40,53,7,40
1,<environment.Job instance at 0x7f61f3c951e0>,40,14,[6 1],41,50,64,9,50
1,<environment.Job instance at 0x7f61f3d02e60>,37,14,[ 1 10],38,53,67,15,53
1,<environment.Job instance at 0x7f61f3c92d20>,46,13,[6 3],47,53,66,6,53
1,<environment.Job instance at 0x7f61f3c92e60>,47,13,[7 4],48,66,79,18,66
1,<environment.Job instance at 0x7f61f3ca12d0>,57,16,[2 8],58,67,83,9,67
1,<environment.Job instance at 0x7f61f3c8f050>,43,14,[10  1],44,79,93,35,79
1,<environment.Job instance at 0x7f61f3d00eb0>,25,16,[2 8],26,83,99,57,83
1,<environment.Job instance at 0x7f61f3ca90a0>,72,14,[5 5],73,93,107,20,93
1,<environment.Job instance at 0x7f61f3cfe410>,80,14,[2 7],81,99,113,18,99
1,<environment.Job instance at 0x7f61f3cf6be0>,86,15,[3 6],87,107,122,20,107
1,<environment.Job instance at 0x7f61f3cfe9b0>,81,15,[4 8],82,113,128,31,113
1,<environment.Job instance at 0x7f61f3d1fc80>,88,16,[2 6],89,122,138,33,122
1,<environment.Job instance at 0x7f61f3cb41e0>,96,13,[5 8],97,128,141,31,128
1,<environment.Job instance at 0x7f61f3ced5a0>,101,15,[6 1],102,138,153,36,138
1,<environment.Job instance at 0x7f61f3c4e9b0>,106,13,[2 5],107,141,154,34,141
1,<environment.Job instance at 0x7f61f3cdbd70>,95,13,[4 8],96,141,154,45,141
1,<environment.Job instance at 0x7f61f3c52d70>,109,17,[6 2],110,153,170,43,153
1,<environment.Job instance at 0x7f61f3ca9280>,64,16,[7 4],65,154,170,89,154
1,<environment.Job instance at 0x7f61f3d2d5a0>,115,14,[ 1 10],116,170,184,54,170
1,<environment.Job instance at 0x7f61f3c5b730>,118,15,[8 2],119,170,185,51,170
1,<environment.Job instance at 0x7f61f3c52f00>,110,17,[5 1],111,170,187,59,170
1,<environment.Job instance at 0x7f61f3a8dd20>,1,21,[4 8],2,2,23,0,2
1,<environment.Job instance at 0x7f61f3aa9f50>,8,13,[1 7],9,9,22,0,9
1,<environment.Job instance at 0x7f61f3a8d870>,5,14,[8 5],6,22,36,16,13
1,<environment.Job instance at 0x7f61f3aa9af0>,15,13,[5 5],16,23,36,7,16
1,<environment.Job instance at 0x7f61f3aa9050>,13,13,[11  5],14,36,49,22,20
1,<environment.Job instance at 0x7f61f3aa9820>,16,20,[12  3],17,49,69,32,42
1,<environment.Job instance at 0x7f61f3b7a640>,18,14,[7 5],19,69,83,50,54
1,<environment.Job instance at 0x7f61f3b7a960>,19,25,[1 6],20,54,79,34,54
1,<environment.Job instance at 0x7f61f3b7aaf0>,20,17,[12  4],21,83,100,62,75
1,<environment.Job instance at 0x7f61f3b7a870>,21,26,[1 9],22,79,105,57,76
1,<environment.Job instance at 0x7f61f3aa9eb0>,9,27,[ 4 12],10,105,132,95,104
1,<environment.Job instance at 0x7f61f3aa9dc0>,17,25,[13  2],18,134,159,116,134
1,<environment.Job instance at 0x7f61f3b7a690>,23,18,[14  2],24,159,177,135,153
1,<environment.Job instance at 0x7f61f3edd690>,1,21,[4 8],2,2,23,0,2
1,<environment.Job instance at 0x7f61f3eddaf0>,4,18,[8 3],5,5,23,0,5
1,<environment.Job instance at 0x7f61f4d9c460>,15,13,[5 5],16,23,36,7,23
1,<environment.Job instance at 0x7f61f42dabe0>,8,13,[1 7],9,23,36,14,23
1,<environment.Job instance at 0x7f61f42db870>,32,12,[7 2],33,36,48,3,36
1,<environment.Job instance at 0x7f61f3edd640>,5,14,[8 5],6,36,50,30,36
1,<environment.Job instance at 0x7f61f3f019b0>,41,13,[4 9],42,48,61,6,48
1,<environment.Job instance at 0x7f61f44c61e0>,18,14,[7 5],19,50,64,31,50
1,<environment.Job instance at 0x7f61f3f01370>,45,14,[ 2 10],46,61,75,15,61
1,<environment.Job instance at 0x7f61f4dac1e0>,25,15,[8 5],26,64,79,38,64
1,<environment.Job instance at 0x7f61f3d6c280>,49,14,[ 5 10],50,75,89,25,75
1,<environment.Job instance at 0x7f61f3d5c050>,55,15,[8 4],56,79,94,23,79
1,<environment.Job instance at 0x7f61f3e7ad20>,52,13,[ 1 10],53,89,102,36,89
1,<environment.Job instance at 0x7f61f3de2fa0>,57,14,[6 4],58,94,108,36,94
1,<environment.Job instance at 0x7f61f3d1f3c0>,72,15,[5 8],73,102,117,29,102
1,<environment.Job instance at 0x7f61f3ef8b40>,7,16,[5 8],8,117,133,109,117
1,<environment.Job instance at 0x7f61f3d8acd0>,76,14,[5 7],77,117,131,40,117
1,<environment.Job instance at 0x7f61f3d8a2d0>,75,16,[6 3],76,131,147,55,131
1,<environment.Job instance at 0x7f61f42f40a0>,50,16,[5 9],51,133,149,82,133
1,<environment.Job instance at 0x7f61f3dee0f0>,83,12,[10  3],84,147,159,63,147
1,<environment.Job instance at 0x7f61f3ffe910>,87,14,[5 6],88,149,163,61,149
1,<environment.Job instance at 0x7f61f3dbcb90>,86,16,[2 9],87,159,175,72,159
1,<environment.Job instance at 0x7f61f3ffe230>,90,17,[8 1],91,163,180,72,163
1,<environment.Job instance at 0x7f61f3eb0f00>,96,14,[ 4 10],97,175,189,78,175
1,<environment.Job instance at 0x7f61f4954050>,1,15,[6 3],2,2,17,0,2
1,<environment.Job instance at 0x7f61f49545f0>,3,18,[7 5],4,4,22,0,4
1,<environment.Job instance at 0x7f61f4954b90>,12,20,[ 4 11],13,28,48,15,28
1,<environment.Job instance at 0x7f61f4954370>,17,12,[ 3 14],18,48,60,30,31
1,<environment.Job instance at 0x7f61fdc99a00>,26,12,[ 5 12],27,60,72,33,43
1,<environment.Job instance at 0x7f61fdc99e60>,28,15,[1 6],29,72,87,43,58
1,<environment.Job instance at 0x7f61fdc999b0>,23,14,[1 5],24,72,86,48,58
1,<environment.Job instance at 0x7f61fdc99280>,29,14,[12  4],30,72,86,42,59
1,<environment.Job instance at 0x7f61fdc995a0>,24,12,[ 1 12],25,87,99,62,70
1,<environment.Job instance at 0x7f61fdc99370>,33,15,[7 4],34,99,114,65,85
1,<environment.Job instance at 0x7f61fdc99820>,41,13,[ 1 14],42,114,127,72,98
1,<environment.Job instance at 0x7f61f46348c0>,42,13,[5 5],43,99,112,56,98
1,<environment.Job instance at 0x7f61fdc99230>,36,13,[12  2],37,127,140,90,112
1,<environment.Job instance at 0x7f61f46340a0>,48,27,[2 6],49,127,154,78,125
1,<environment.Job instance at 0x7f61f4634280>,46,14,[6 4],47,140,154,93,127
1,<environment.Job instance at 0x7f61f4634690>,50,15,[ 2 14],51,154,169,103,140
1,<environment.Job instance at 0x7f61f46349b0>,51,17,[ 5 13],52,169,186,117,158
1,<environment.Job instance at 0x7f61f4634140>,53,20,[14  1],54,186,206,132,178
1,<environment.Job instance at 0x7f61f3efecd0>,1,15,[6 3],2,2,17,0,2
1,<environment.Job instance at 0x7f61f3efec30>,3,18,[7 5],4,4,22,0,4
1,<environment.Job instance at 0x7f61f4c8df50>,9,17,[5 9],10,17,34,7,17
1,<environment.Job instance at 0x7f61f3efefa0>,6,17,[10  3],7,22,39,15,22
1,<environment.Job instance at 0x7f61f4170910>,23,14,[1 5],24,34,48,10,34
1,<environment.Job instance at 0x7f61f412c550>,28,15,[1 6],29,34,49,5,34
1,<environment.Job instance at 0x7f61f3e7ba50>,33,15,[7 4],34,39,54,5,39
1,<environment.Job instance at 0x7f61f3eb0460>,42,13,[5 5],43,48,61,5,48
1,<environment.Job instance at 0x7f61f3f297d0>,35,13,[1 7],36,54,67,18,54
1,<environment.Job instance at 0x7f61f3eb05a0>,46,14,[6 4],47,61,75,14,61
1,<environment.Job instance at 0x7f61f3ffe910>,56,14,[ 4 10],57,67,81,10,67
1,<environment.Job instance at 0x7f61f3eb6d70>,57,13,[6 2],58,75,88,17,75
1,<environment.Job instance at 0x7f61f3ffeb40>,55,17,[2 9],56,81,98,25,81
1,<environment.Job instance at 0x7f61f426daf0>,61,18,[6 1],62,81,99,19,81
1,<environment.Job instance at 0x7f61f3f01aa0>,68,17,[7 1],69,88,105,19,88
1,<environment.Job instance at 0x7f61f3ff7500>,25,18,[1 7],26,98,116,72,98
1,<environment.Job instance at 0x7f61fd652dc0>,79,17,[5 5],80,99,116,19,99
1,<environment.Job instance at 0x7f61f50af320>,83,13,[1 5],84,116,129,32,116
1,<environment.Job instance at 0x7f61f4cb8460>,81,15,[9 4],82,117,132,35,117
1,<environment.Job instance at 0x7f61f4c17b90>,77,16,[ 4 10],78,129,145,51,129
1,<environment.Job instance at 0x7f61f4d9ce10>,87,20,[7 1],88,132,152,44,132
1,<environment.Job instance at 0x7f61f3edd320>,93,14,[6 5],94,145,159,51,145
1,<environment.Job instance at 0x7f61f41702d0>,20,20,[2 9],21,145,165,124,145
1,<environment.Job instance at 0x7f61f4514960>,98,13,[9 4],99,159,172,60,159
1,<environment.Job instance at 0x7f61f3fe9c30>,101,15,[4 5],102,165,180,63,165
1,<environment.Job instance at 0x7f61f4954e10>,95,15,[10  3],96,173,188,77,173
1,<environment.Job instance at 0x7f61f480a0f0>,103,21,[1 6],104,173,194,69,173
1,<environment.Job instance at 0x7f61f4159230>,0,21,[5 2],1,1,22,0,1
1,<environment.Job instance at 0x7f61f435faf0>,7,13,[7 4],8,8,21,0,8
1,<environment.Job instance at 0x7f61f43550f0>,5,12,[3 6],6,10,22,4,10
1,<environment.Job instance at 0x7f61f4360aa0>,10,15,[5 2],11,21,36,10,12
1,<environment.Job instance at 0x7f61f43601e0>,12,14,[7 1],13,22,36,9,14
1,<environment.Job instance at 0x7f61f435f9b0>,6,12,[11  1],7,48,60,41,48
1,<environment.Job instance at 0x7f61f435f2d0>,11,13,[12  5],12,60,73,48,53
1,<environment.Job instance at 0x7f61f4360d70>,17,14,[2 6],18,62,76,44,62
1,<environment.Job instance at 0x7f61f4360f50>,18,22,[ 3 14],19,76,98,57,69
1,<environment.Job instance at 0x7f61f435fd20>,9,27,[6 1],10,73,100,63,72
1,<environment.Job instance at 0x7f61f4360c80>,15,27,[12  1],16,111,138,95,111
1,<environment.Job instance at 0x7f61f4349d20>,22,23,[13  2],23,138,161,115,134
1,<environment.Job instance at 0x7f61f4647f00>,0,21,[5 2],1,1,22,0,1
1,<environment.Job instance at 0x7f61f4575550>,5,12,[3 6],6,6,18,0,6
1,<environment.Job instance at 0x7f61f4a4e460>,7,13,[7 4],8,8,21,0,8
1,<environment.Job instance at 0x7f61f4a9fc80>,17,14,[2 6],18,18,32,0,18
1,<environment.Job instance at 0x7f61f4a4e0f0>,12,14,[7 1],13,21,35,8,21
1,<environment.Job instance at 0x7f61f4575460>,10,15,[5 2],11,22,37,11,22
1,<environment.Job instance at 0x7f61fdb487d0>,30,18,[1 5],31,31,49,0,31
1,<environment.Job instance at 0x7f61fdb48320>,27,20,[3 7],28,35,55,7,35
1,<environment.Job instance at 0x7f61f4899320>,42,12,[8 4],43,49,61,6,49
1,<environment.Job instance at 0x7f61fdb48f00>,35,13,[ 2 10],36,55,68,19,55
1,<environment.Job instance at 0x7f61f4eb0280>,44,13,[5 4],45,61,74,16,61
1,<environment.Job instance at 0x7f61f42ddd20>,58,13,[5 3],59,68,81,9,68
1,<environment.Job instance at 0x7f61f4590d70>,51,16,[4 6],52,68,84,16,68
1,<environment.Job instance at 0x7f61f3fdd500>,61,16,[5 1],62,74,90,12,74
1,<environment.Job instance at 0x7f61f4835e10>,64,18,[2 8],65,81,99,16,81
1,<environment.Job instance at 0x7f61f4eb08c0>,45,14,[8 5],46,84,98,38,84
1,<environment.Job instance at 0x7f61f45901e0>,48,15,[7 2],49,98,113,49,98
1,<environment.Job instance at 0x7f61f42ddfa0>,59,16,[ 3 10],60,99,115,39,99
1,<environment.Job instance at 0x7f61fdced8c0>,88,16,[1 5],89,113,129,24,113
1,<environment.Job instance at 0x7f61f43be730>,91,13,[9 3],92,115,128,23,115
1,<environment.Job instance at 0x7f61f4cb8460>,85,17,[3 6],86,115,132,29,115
1,<environment.Job instance at 0x7f61f4a4ea50>,14,22,[9 4],15,128,150,113,128
1,<environment.Job instance at 0x7f61f4bbcfa0>,94,13,[6 5],95,132,145,37,132
1,<environment.Job instance at 0x7f61f4bbccd0>,93,15,[3 8],94,145,160,51,145
1,<environment.Job instance at 0x7f61f50af320>,84,17,[10  5],85,150,167,65,150
1,<environment.Job instance at 0x7f61f3ffe910>,109,14,[5 4],110,160,174,50,160
1,<environment.Job instance at 0x7f61f3eb0280>,120,13,[8 3],121,167,180,46,167
1,<environment.Job instance at 0x7f61f3fe9960>,69,17,[1 6],70,167,184,97,167
1,<environment.Job instance at 0x7f61f4949f50>,3,14,[7 2],4,5,19,1,5
1,<environment.Job instance at 0x7f61f4949d70>,6,12,[6 1],7,7,19,0,7
1,<environment.Job instance at 0x7f61f4949cd0>,9,20,[5 6],10,19,39,9,19
1,<environment.Job instance at 0x7f61f42df4b0>,3,14,[7 2],4,4,18,0,4
1,<environment.Job instance at 0x7f61f42df3c0>,6,12,[6 1],7,7,19,0,7
1,<environment.Job instance at 0x7f61f4949d20>,13,14,[5 4],14,18,32,4,18
1,<environment.Job instance at 0x7f61f4949a50>,11,14,[3 8],12,18,32,6,18
1,<environment.Job instance at 0x7f61f3f5cbe0>,25,12,[6 4],26,32,44,6,32
1,<environment.Job instance at 0x7f61f3f5ca50>,19,16,[9 2],20,32,48,12,32
1,<environment.Job instance at 0x7f61f49498c0>,12,16,[6 5],13,44,60,31,44
1,<environment.Job instance at 0x7f61f3f33230>,34,17,[3 9],35,48,65,13,48
1,<environment.Job instance at 0x7f61f42df5f0>,10,15,[10  1],11,60,75,49,60
1,<environment.Job instance at 0x7f61f3f33320>,41,17,[2 7],42,65,82,23,65
1,<environment.Job instance at 0x7f61f3f3eb90>,57,21,[2 5],58,66,87,8,66
1,<environment.Job instance at 0x7f61f3f33140>,43,17,[8 3],44,76,93,32,76
1,<environment.Job instance at 0x7f61f3f338c0>,50,14,[7 4],51,88,102,37,88
1,<environment.Job instance at 0x7f61f3f3e370>,60,14,[2 7],61,93,107,32,93
1,<environment.Job instance at 0x7f61f3f3e960>,62,14,[5 5],63,102,116,39,102
1,<environment.Job instance at 0x7f61f3f3e1e0>,58,19,[7 2],59,102,121,43,102
1,<environment.Job instance at 0x7f61f3f3eaf0>,65,16,[6 1],66,116,132,50,116
1,<environment.Job instance at 0x7f61f3f3ef00>,68,18,[1 5],69,116,134,47,116
1,<environment.Job instance at 0x7f61f3f3ed70>,70,12,[6 3],71,121,133,50,121
1,<environment.Job instance at 0x7f61f3f39870>,75,13,[9 5],76,133,146,57,133
1,<environment.Job instance at 0x7f61f3f33b40>,48,18,[5 9],49,134,152,85,134
1,<environment.Job instance at 0x7f61f3f39410>,78,13,[7 5],79,146,159,67,146
1,<environment.Job instance at 0x7f61f3f39320>,81,15,[7 3],82,152,167,70,152
1,<environment.Job instance at 0x7f61f3f39230>,85,14,[4 7],86,159,173,73,159
1,<environment.Job instance at 0x7f61f3f3e4b0>,71,16,[10  2],72,168,184,96,168
1,<environment.Job instance at 0x7f61f3f39780>,92,18,[5 4],93,173,191,80,173
1,<environment.Job instance at 0x7f61f3f3a690>,1,14,[5 7],2,2,16,0,2
1,<environment.Job instance at 0x7f61f4bdbc30>,2,16,[4 6],3,3,19,0,3
1,<environment.Job instance at 0x7f61f4bcd2d0>,3,13,[8 1],4,16,29,12,4
1,<environment.Job instance at 0x7f61f4bcdf50>,12,12,[2 5],13,16,28,3,13
1,<environment.Job instance at 0x7f61f433c910>,5,16,[ 3 10],6,31,47,25,31
1,<environment.Job instance at 0x7f61f3c1e730>,19,20,[4 6],20,48,68,28,48
1,<environment.Job instance at 0x7f61f3c1e780>,18,26,[12  3],19,68,94,49,66
1,<environment.Job instance at 0x7f61f3c11af0>,16,27,[13  1],17,94,121,77,92
1,<environment.Job instance at 0x7f61f3c2e460>,22,26,[5 5],23,121,147,98,120
1,<environment.Job instance at 0x7f61f4bb5500>,23,14,[10  4],24,134,148,110,134
1,<environment.Job instance at 0x7f61f3c1e5f0>,20,23,[13  4],21,148,171,127,148
1,<environment.Job instance at 0x7f61f3f43b90>,1,14,[5 7],2,2,16,0,2
1,<environment.Job instance at 0x7f61f3f43a50>,2,16,[4 6],3,3,19,0,3
1,<environment.Job instance at 0x7f61f3f43690>,11,19,[6 1],12,12,31,0,12
1,<environment.Job instance at 0x7f61f3f43190>,12,12,[2 5],13,16,28,3,16
1,<environment.Job instance at 0x7f61f3f435a0>,3,13,[8 1],4,28,41,24,28
1,<environment.Job instance at 0x7f61f3f43500>,5,16,[ 3 10],6,31,47,25,31
1,<environment.Job instance at 0x7f61f3f39eb0>,23,14,[10  4],24,42,56,18,42
1,<environment.Job instance at 0x7f61f3f39a50>,27,18,[1 9],28,48,66,20,48
1,<environment.Job instance at 0x7f61f3f39d20>,33,16,[7 5],34,56,72,22,56
1,<environment.Job instance at 0x7f61f3f39410>,35,12,[8 3],36,66,78,30,66
1,<environment.Job instance at 0x7f61f3f396e0>,32,18,[5 2],33,72,90,39,72
1,<environment.Job instance at 0x7f61f3f39870>,40,13,[9 1],41,78,91,37,78
1,<environment.Job instance at 0x7f61f3f3e4b0>,45,12,[3 5],46,90,102,44,90
1,<environment.Job instance at 0x7f61f3f39050>,28,19,[3 6],29,90,109,61,90
1,<environment.Job instance at 0x7f61f3f43dc0>,7,18,[8 3],8,91,109,83,91
1,<environment.Job instance at 0x7f61f3f39a00>,39,16,[4 8],40,112,128,72,112
1,<environment.Job instance at 0x7f61f3f3ec80>,56,12,[3 6],57,112,124,55,112
1,<environment.Job instance at 0x7f61f3f3e0a0>,60,12,[9 5],61,124,136,63,124
1,<environment.Job instance at 0x7f61f3f3e1e0>,54,19,[5 2],55,128,147,73,128
1,<environment.Job instance at 0x7f61f3f5cb90>,64,12,[8 3],65,136,148,71,136
1,<environment.Job instance at 0x7f61f3f5cc30>,65,18,[ 2 10],66,136,154,70,136
1,<environment.Job instance at 0x7f61f3f5c910>,67,14,[9 5],68,148,162,80,148
1,<environment.Job instance at 0x7f61f3f5ca00>,66,17,[5 5],67,154,171,87,154
1,<environment.Job instance at 0x7f61f3f5ca50>,72,14,[6 3],73,162,176,89,162
1,<environment.Job instance at 0x7f61f3f5cd70>,68,14,[8 5],69,171,185,102,171
1,<environment.Job instance at 0x7f61f3f5ce60>,76,16,[2 9],77,176,192,99,176
1,<environment.Job instance at 0x7f61f4cd1320>,2,23,[6 1],3,3,26,0,3
1,<environment.Job instance at 0x7f61f4cd1410>,4,12,[5 1],5,5,17,0,5
1,<environment.Job instance at 0x7f61f4cd1140>,6,12,[4 8],7,7,19,0,7
1,<environment.Job instance at 0x7f61f4cd1fa0>,7,14,[1 9],8,19,33,11,8
1,<environment.Job instance at 0x7f61f3f285f0>,12,12,[1 6],13,26,38,13,13
1,<environment.Job instance at 0x7f61f3f28190>,13,17,[5 5],14,33,50,19,21
1,<environment.Job instance at 0x7f61f4fff870>,0,18,[3 9],1,1,19,0,1
1,<environment.Job instance at 0x7f61f3f32230>,4,12,[5 1],5,5,17,0,5
1,<environment.Job instance at 0x7f61f5107820>,11,18,[10  5],12,17,35,5,17
1,<environment.Job instance at 0x7f61f3f32140>,6,12,[4 8],7,19,31,12,19
1,<environment.Job instance at 0x7f61f50c6eb0>,12,12,[1 6],13,31,43,18,31
1,<environment.Job instance at 0x7f61f41de870>,22,12,[5 2],23,35,47,12,35
1,<environment.Job instance at 0x7f61f3f876e0>,21,13,[7 2],22,35,48,13,35
1,<environment.Job instance at 0x7f61f3cf0b90>,7,14,[1 9],8,43,57,35,43
1,<environment.Job instance at 0x7f61f48231e0>,26,15,[6 2],27,47,62,20,47
1,<environment.Job instance at 0x7f61f3f3e910>,35,13,[8 4],36,48,61,12,48
1,<environment.Job instance at 0x7f61f3c08910>,19,14,[9 3],20,61,75,41,61
1,<environment.Job instance at 0x7f61f4934fa0>,23,15,[3 9],24,62,77,38,62
1,<environment.Job instance at 0x7f61f3f433c0>,48,14,[6 1],49,75,89,26,75
1,<environment.Job instance at 0x7f61f50c6910>,13,17,[5 5],14,75,92,61,75
1,<environment.Job instance at 0x7f61f3f3ed70>,45,15,[3 6],46,77,92,31,77
1,<environment.Job instance at 0x7f61f3f430a0>,53,15,[7 2],54,89,104,35,89
1,<environment.Job instance at 0x7f61f3f43c80>,65,15,[6 5],66,92,107,26,92
1,<environment.Job instance at 0x7f61f4cd10f0>,68,15,[ 2 10],69,104,119,35,104
1,<environment.Job instance at 0x7f61f3f3e780>,30,16,[8 5],31,107,123,76,107
1,<environment.Job instance at 0x7f61f4eeaf50>,82,15,[4 7],83,120,135,37,120
1,<environment.Job instance at 0x7f61f433a0f0>,100,12,[9 5],101,123,135,22,123
1,<environment.Job instance at 0x7f61f433a140>,102,12,[9 4],103,136,148,33,136
1,<environment.Job instance at 0x7f61f433a1e0>,103,21,[1 8],104,136,157,32,136
1,<environment.Job instance at 0x7f61f4c773c0>,107,13,[3 7],108,148,161,40,148
1,<environment.Job instance at 0x7f61f4eea8c0>,70,17,[10  3],71,158,175,87,158
1,<environment.Job instance at 0x7f61f433af00>,83,22,[3 5],84,161,183,77,161
1,<environment.Job instance at 0x7f61f4c77960>,109,12,[10  2],110,175,187,65,175
1,<environment.Job instance at 0x7f61f4c77aa0>,116,12,[2 6],117,175,187,58,175
1,<environment.Job instance at 0x7f61f49c2dc0>,0,12,[5 8],1,1,13,0,1
1,<environment.Job instance at 0x7f61f49c2fa0>,5,12,[ 2 14],6,13,25,7,6
1,<environment.Job instance at 0x7f61f49c2690>,6,17,[ 1 12],7,25,42,18,16
1,<environment.Job instance at 0x7f61f49c2e10>,13,12,[13  2],14,25,37,11,16
1,<environment.Job instance at 0x7f61fdbc3960>,17,12,[10  2],18,37,49,19,25
1,<environment.Job instance at 0x7f61f49c2460>,18,14,[ 2 13],19,42,56,23,27
1,<environment.Job instance at 0x7f61fdbc3730>,20,15,[1 6],21,56,71,35,42
1,<environment.Job instance at 0x7f61fdbc3230>,19,16,[3 6],20,56,72,36,44
1,<environment.Job instance at 0x7f61fdbc3be0>,24,13,[7 5],25,71,84,46,58
1,<environment.Job instance at 0x7f61f49c2960>,12,16,[ 5 10],13,72,88,59,67
1,<environment.Job instance at 0x7f61fdbc3c30>,26,12,[12  5],27,88,100,61,72
1,<environment.Job instance at 0x7f61f4105b90>,36,12,[ 2 10],37,88,100,51,80
1,<environment.Job instance at 0x7f61f3f3e6e0>,41,17,[4 9],42,100,117,58,89
1,<environment.Job instance at 0x7f61f4493b90>,43,13,[7 4],44,100,113,56,98
1,<environment.Job instance at 0x7f61fdbc3e60>,25,13,[12  1],26,117,130,91,101
1,<environment.Job instance at 0x7f61f41050a0>,37,15,[ 2 13],38,117,132,79,103
1,<environment.Job instance at 0x7f61f4105f50>,40,14,[12  4],41,132,146,91,121
1,<environment.Job instance at 0x7f61f4752690>,47,12,[ 4 10],48,146,158,98,130
1,<environment.Job instance at 0x7f61f4752f00>,48,14,[4 9],49,158,172,109,143
1,<environment.Job instance at 0x7f61f47521e0>,49,21,[14  3],50,172,193,122,164
1,<environment.Job instance at 0x7f61f4cd05f0>,0,12,[5 8],1,1,13,0,1
1,<environment.Job instance at 0x7f61f4cd0780>,1,20,[10  3],2,2,22,0,2
1,<environment.Job instance at 0x7f61f4da9a00>,12,16,[ 5 10],13,13,29,0,13
1,<environment.Job instance at 0x7f61f4da9910>,17,12,[10  2],18,22,34,4,22
1,<environment.Job instance at 0x7f61f4da9af0>,20,15,[1 6],21,29,44,8,29
1,<environment.Job instance at 0x7f61f4da9b90>,19,16,[3 6],20,29,45,9,29
1,<environment.Job instance at 0x7f61f4cd0280>,4,21,[10  1],5,34,55,29,34
1,<environment.Job instance at 0x7f61f4eea2d0>,30,14,[4 6],31,45,59,14,45
1,<environment.Job instance at 0x7f61f4eeafa0>,24,13,[7 5],25,55,68,30,55
1,<environment.Job instance at 0x7f61f50c6050>,36,12,[ 2 10],37,59,71,22,59
1,<environment.Job instance at 0x7f61f43b0280>,43,13,[7 4],44,68,81,24,68
1,<environment.Job instance at 0x7f61f43b0aa0>,47,12,[ 4 10],48,71,83,23,71
1,<environment.Job instance at 0x7f61f4a4d410>,32,15,[9 2],33,81,96,48,81
1,<environment.Job instance at 0x7f61f43a3550>,48,14,[4 9],49,83,97,34,83
1,<environment.Job instance at 0x7f61f4eea640>,33,16,[8 4],34,96,112,62,96
1,<environment.Job instance at 0x7f61f4a01690>,65,14,[3 5],66,97,111,31,97
1,<environment.Job instance at 0x7f61f4a04cd0>,70,12,[3 5],71,97,109,26,97
1,<environment.Job instance at 0x7f61f439f1e0>,74,15,[ 1 10],75,111,126,36,111
1,<environment.Job instance at 0x7f61f439f3c0>,75,15,[7 1],76,112,127,36,112
1,<environment.Job instance at 0x7f61f439f320>,76,16,[8 4],77,126,142,49,126
1,<environment.Job instance at 0x7f61f415f9b0>,41,17,[4 9],42,127,144,85,127
1,<environment.Job instance at 0x7f61f4775aa0>,84,15,[2 5],85,142,157,57,142
1,<environment.Job instance at 0x7f61f4511640>,85,15,[7 2],86,144,159,58,144
1,<environment.Job instance at 0x7f61f4a11370>,77,17,[5 5],78,144,161,66,144
1,<environment.Job instance at 0x7f61f4a09b90>,82,18,[2 5],83,157,175,74,157
1,<environment.Job instance at 0x7f61f48b5f50>,90,14,[2 9],91,163,177,72,163
1,<environment.Job instance at 0x7f61f49f0500>,59,18,[10  5],60,175,193,115,175
1,<environment.Job instance at 0x7f61f439e190>,53,18,[4 7],54,178,196,124,178
1,<environment.Job instance at 0x7f61f42b0dc0>,0,15,[5 8],1,1,16,0,1
1,<environment.Job instance at 0x7f61f4387e10>,0,15,[5 8],1,1,16,0,1
1,<environment.Job instance at 0x7f61f43878c0>,1,17,[9 2],2,2,19,0,2
1,<environment.Job instance at 0x7f61f4181140>,8,14,[5 7],9,16,30,7,16
1,<environment.Job instance at 0x7f61f4394960>,12,12,[10  5],13,19,31,6,19
1,<environment.Job instance at 0x7f61fda0d820>,29,17,[2 8],30,30,47,0,30
1,<environment.Job instance at 0x7f61f4181c80>,7,15,[6 1],8,31,46,23,31
1,<environment.Job instance at 0x7f61f43a9c80>,32,13,[5 1],33,33,46,0,33
1,<environment.Job instance at 0x7f61f43a9960>,31,12,[10  3],32,46,58,14,46
1,<environment.Job instance at 0x7f61f4bf5f00>,37,18,[5 3],38,47,65,9,47
1,<environment.Job instance at 0x7f61fd6f2820>,34,13,[9 5],35,58,71,23,58
1,<environment.Job instance at 0x7f61f41738c0>,47,14,[1 8],48,65,79,17,65
1,<environment.Job instance at 0x7f61f476f870>,59,12,[9 1],60,72,84,12,72
1,<environment.Job instance at 0x7f61f48b5f50>,63,14,[1 7],64,79,93,15,79
1,<environment.Job instance at 0x7f61f3d17870>,38,15,[9 3],39,84,99,45,84
1,<environment.Job instance at 0x7f61f49fd230>,67,15,[1 7],68,93,108,25,93
1,<environment.Job instance at 0x7f61fd901c80>,20,16,[8 1],21,99,115,78,99
1,<environment.Job instance at 0x7f61f3cd7320>,68,18,[5 6],69,99,117,30,99
1,<environment.Job instance at 0x7f61f49e6c30>,73,12,[5 9],74,116,128,42,116
1,<environment.Job instance at 0x7f61f43941e0>,13,17,[10  4],14,117,134,103,117
1,<environment.Job instance at 0x7f61f4a09640>,78,12,[4 7],79,128,140,49,128
1,<environment.Job instance at 0x7f61f439f2d0>,81,20,[5 8],82,135,155,53,135
1,<environment.Job instance at 0x7f61f4a090a0>,77,20,[5 6],78,140,160,62,140
1,<environment.Job instance at 0x7f61f4392e10>,64,18,[5 9],65,157,175,92,157
1,<environment.Job instance at 0x7f61f48c2280>,57,22,[9 3],58,160,182,102,160
1,<environment.Job instance at 0x7f61f4a112d0>,80,12,[ 5 10],81,176,188,95,176
1,<environment.Job instance at 0x7f61f40e3280>,9,13,[6 2],10,171,184,161,171
1,<environment.Job instance at 0x7f61f40e3aa0>,11,12,[ 5 13],12,171,183,159,171
1,<environment.Job instance at 0x7f61f40e3f50>,13,14,[ 2 13],14,183,197,169,171
1,<environment.Job instance at 0x7f61f44c95a0>,9,13,[6 2],10,10,23,0,10
1,<environment.Job instance at 0x7f61f44c91e0>,15,15,[7 3],16,16,31,0,16
1,<environment.Job instance at 0x7f61f41dc2d0>,17,16,[2 7],18,18,34,0,18
1,<environment.Job instance at 0x7f61f4458b90>,24,18,[5 3],25,25,43,0,25
1,<environment.Job instance at 0x7f61f4458140>,32,18,[5 2],33,33,51,0,33
1,<environment.Job instance at 0x7f61f4458280>,33,16,[ 1 10],34,34,50,0,34
1,<environment.Job instance at 0x7f61f4458870>,35,12,[9 5],36,50,62,14,50
1,<environment.Job instance at 0x7f61f4458fa0>,34,12,[ 2 10],35,51,63,16,51
1,<environment.Job instance at 0x7f61f4da9b40>,43,15,[8 1],44,62,77,18,62
1,<environment.Job instance at 0x7f61f3ab9af0>,56,15,[7 3],57,63,78,6,63
1,<environment.Job instance at 0x7f61f439e1e0>,67,16,[ 3 10],68,78,94,10,78
1,<environment.Job instance at 0x7f61f3e6a9b0>,68,13,[8 2],69,78,91,9,78
1,<environment.Job instance at 0x7f61f439e2d0>,71,15,[3 5],72,91,106,19,91
1,<environment.Job instance at 0x7f61f49f0640>,72,13,[6 5],73,94,107,21,94
1,<environment.Job instance at 0x7f61f43b0aa0>,64,19,[5 1],65,94,113,29,94
1,<environment.Job instance at 0x7f61f5107820>,51,16,[4 7],52,106,122,54,106
1,<environment.Job instance at 0x7f61f438b280>,77,20,[2 6],78,108,128,30,108
1,<environment.Job instance at 0x7f61f44c9aa0>,18,18,[3 9],19,123,141,104,123
1,<environment.Job instance at 0x7f61f49f05a0>,74,20,[10  4],75,128,148,53,128
1,<environment.Job instance at 0x7f61f4a04aa0>,81,15,[4 7],82,141,156,59,141
1,<environment.Job instance at 0x7f61f4a111e0>,88,16,[7 5],89,149,165,60,149
1,<environment.Job instance at 0x7f61f4a09050>,91,12,[4 7],92,156,168,64,156
1,<environment.Job instance at 0x7f61f4775aa0>,92,18,[10  4],93,165,183,72,165
1,<environment.Job instance at 0x7f61f43bd1e0>,95,12,[4 9],96,168,180,72,168
1,<environment.Job instance at 0x7f61f4876910>,0,12,[9 4],1,1,13,0,1
1,<environment.Job instance at 0x7f61f4876870>,2,25,[2 6],3,3,28,0,3
1,<environment.Job instance at 0x7f61f482cb90>,6,15,[5 7],7,13,28,6,7
1,<environment.Job instance at 0x7f61f482cc30>,12,13,[ 3 10],13,28,41,15,15
1,<environment.Job instance at 0x7f61f482cb40>,13,24,[11  4],14,34,58,20,34
1,<environment.Job instance at 0x7f61f482c5f0>,8,23,[ 1 10],9,41,64,32,35
1,<environment.Job instance at 0x7f61f482c460>,10,14,[4 9],11,64,78,53,54
1,<environment.Job instance at 0x7f61f482caf0>,16,18,[8 2],17,62,80,45,62
1,<environment.Job instance at 0x7f61f482cd20>,15,14,[12  3],16,80,94,64,67
1,<environment.Job instance at 0x7f61f482c0a0>,18,17,[5 4],19,94,111,75,82
1,<environment.Job instance at 0x7f61f482c4b0>,19,22,[3 7],20,82,104,62,82
1,<environment.Job instance at 0x7f61f482cc80>,20,16,[ 1 12],21,111,127,90,98
1,<environment.Job instance at 0x7f61f4810a00>,31,13,[7 1],32,106,119,74,106
1,<environment.Job instance at 0x7f61f48a85a0>,24,12,[3 7],25,127,139,102,113
1,<environment.Job instance at 0x7f61f473d6e0>,47,21,[3 5],48,127,148,79,119
1,<environment.Job instance at 0x7f61f48101e0>,35,19,[10  3],36,139,158,103,136
1,<environment.Job instance at 0x7f61f473d370>,50,16,[14  4],51,158,174,107,145
1,<environment.Job instance at 0x7f61f473d0f0>,52,19,[6 2],53,174,193,121,165
1,<environment.Job instance at 0x7f61f473da00>,51,26,[ 2 12],52,177,203,125,177
1,<environment.Job instance at 0x7f61f4695140>,0,12,[9 4],1,1,13,0,1
1,<environment.Job instance at 0x7f61f3ade6e0>,6,15,[5 7],7,7,22,0,7
1,<environment.Job instance at 0x7f61f3afb0a0>,16,18,[8 2],17,17,35,0,17
1,<environment.Job instance at 0x7f61f4692d70>,12,13,[ 3 10],13,22,35,9,22
1,<environment.Job instance at 0x7f61f4692b40>,10,14,[4 9],11,35,49,24,35
1,<environment.Job instance at 0x7f61f3afbe60>,18,17,[5 4],19,35,52,16,35
1,<environment.Job instance at 0x7f61f3addaf0>,24,12,[3 7],25,49,61,24,49
1,<environment.Job instance at 0x7f61f3af9910>,31,13,[7 1],32,49,62,17,49
1,<environment.Job instance at 0x7f61f3afb640>,21,21,[3 7],22,52,73,30,52
1,<environment.Job instance at 0x7f61f3ae7050>,37,16,[4 6],38,61,77,23,61
1,<environment.Job instance at 0x7f61f3aff820>,41,15,[6 3],42,73,88,31,73
1,<environment.Job instance at 0x7f61f3ae7a00>,38,13,[ 3 10],39,77,90,38,77
1,<environment.Job instance at 0x7f61f3addf50>,23,18,[10  1],24,88,106,64,88
1,<environment.Job instance at 0x7f61f3ae2460>,56,13,[3 8],57,90,103,33,90
1,<environment.Job instance at 0x7f61f3af08c0>,67,13,[1 5],68,90,103,22,90
1,<environment.Job instance at 0x7f61f3ae2280>,59,13,[2 6],60,103,116,43,103
1,<environment.Job instance at 0x7f61f3af3e10>,69,15,[3 8],70,103,118,33,103
1,<environment.Job instance at 0x7f61f3af3c80>,71,16,[8 4],72,117,133,45,117
1,<environment.Job instance at 0x7f61f3af3f00>,72,12,[6 4],73,118,130,45,118
1,<environment.Job instance at 0x7f61f50c0dc0>,82,14,[6 5],83,130,144,47,130
1,<environment.Job instance at 0x7f61f50eca00>,86,17,[1 5],87,130,147,43,130
1,<environment.Job instance at 0x7f61f3ae2f00>,60,17,[6 4],61,133,150,72,133
1,<environment.Job instance at 0x7f61f3af3410>,68,21,[7 5],69,144,165,75,144
1,<environment.Job instance at 0x7f61f3add9b0>,26,15,[ 4 10],27,152,167,125,152
1,<environment.Job instance at 0x7f61f506df00>,94,22,[8 3],95,165,187,70,165
1,<environment.Job instance at 0x7f61f50605a0>,112,15,[3 8],113,167,182,54,167
1,<environment.Job instance at 0x7f61f41351e0>,10,17,[ 2 14],11,11,28,0,11
1,<environment.Job instance at 0x7f61f4135780>,9,14,[6 5],10,28,42,18,13
1,<environment.Job instance at 0x7f61f4135820>,13,15,[ 3 10],14,28,43,14,22
1,<environment.Job instance at 0x7f61f4135140>,11,22,[8 4],12,50,72,38,50
1,<environment.Job instance at 0x7f61f4135870>,16,18,[1 8],17,51,69,34,51
1,<environment.Job instance at 0x7f61f48dbaa0>,0,19,[6 4],1,1,20,0,1
1,<environment.Job instance at 0x7f61f4829f00>,9,14,[6 5],10,10,24,0,10
1,<environment.Job instance at 0x7f61f468ed20>,13,15,[ 3 10],14,20,35,6,20
1,<environment.Job instance at 0x7f61f48dba50>,3,14,[10  5],4,24,38,20,24
1,<environment.Job instance at 0x7f61f4effd70>,16,18,[1 8],17,35,53,18,35
1,<environment.Job instance at 0x7f61f4828af0>,22,17,[6 1],23,38,55,15,38
1,<environment.Job instance at 0x7f61f4662230>,19,18,[8 3],20,38,56,18,38
1,<environment.Job instance at 0x7f61f481d500>,45,13,[5 4],46,55,68,9,55
1,<environment.Job instance at 0x7f61f481d140>,48,13,[10  2],49,57,70,8,57
1,<environment.Job instance at 0x7f61f481d5f0>,51,15,[5 6],52,69,84,17,69
1,<environment.Job instance at 0x7f61f481d9b0>,47,15,[8 2],48,70,85,22,70
1,<environment.Job instance at 0x7f61f4827eb0>,53,19,[1 7],54,70,89,16,70
1,<environment.Job instance at 0x7f61f4827960>,56,18,[5 3],57,84,102,27,84
1,<environment.Job instance at 0x7f61f4827820>,59,12,[7 3],60,85,97,25,85
1,<environment.Job instance at 0x7f61f48275a0>,64,12,[1 6],65,89,101,24,89
1,<environment.Job instance at 0x7f61f4827320>,57,14,[7 5],58,97,111,39,97
1,<environment.Job instance at 0x7f61f3d316e0>,73,16,[7 3],74,102,118,28,102
1,<environment.Job instance at 0x7f61f3d31730>,75,17,[8 3],76,112,129,36,112
1,<environment.Job instance at 0x7f61f3d31af0>,78,14,[5 6],79,118,132,39,118
1,<environment.Job instance at 0x7f61f3d31870>,72,20,[10  3],73,131,151,58,131
1,<environment.Job instance at 0x7f61f3d3bf00>,84,20,[3 9],85,133,153,48,133
1,<environment.Job instance at 0x7f61f481d550>,50,22,[5 5],51,151,173,100,151
1,<environment.Job instance at 0x7f61f3d3b1e0>,95,16,[ 5 10],96,153,169,57,153
1,<environment.Job instance at 0x7f61f3d3b230>,96,13,[10  3],97,169,182,72,169
1,<environment.Job instance at 0x7f61f3d3b410>,92,16,[ 2 10],93,173,189,80,173
1,<environment.Job instance at 0x7f61f4680780>,4,15,[1 6],5,5,20,0,5
1,<environment.Job instance at 0x7f61f3d32dc0>,4,15,[1 6],5,5,20,0,5
1,<environment.Job instance at 0x7f61f3d32050>,5,14,[10  1],6,6,20,0,6
1,<environment.Job instance at 0x7f61f3d098c0>,14,19,[3 8],15,15,34,0,15
1,<environment.Job instance at 0x7f61f3d09960>,16,13,[5 5],17,20,33,3,20
1,<environment.Job instance at 0x7f61f3d32d20>,8,17,[7 2],9,20,37,11,20
1,<environment.Job instance at 0x7f61f3d32230>,9,22,[5 1],10,33,55,23,33
1,<environment.Job instance at 0x7f61f3d14230>,29,16,[2 7],30,34,50,4,34
1,<environment.Job instance at 0x7f61f3d14690>,30,16,[6 5],31,37,53,6,37
1,<environment.Job instance at 0x7f61f3d14410>,34,15,[3 6],35,50,65,15,50
1,<environment.Job instance at 0x7f61f3d14500>,32,13,[6 2],33,53,66,20,53
1,<environment.Job instance at 0x7f61f3d32a50>,11,18,[6 3],12,55,73,43,55
1,<environment.Job instance at 0x7f61f3d32b40>,7,17,[1 9],8,65,82,57,65
1,<environment.Job instance at 0x7f61f3d14af0>,39,18,[9 1],40,74,92,34,74
1,<environment.Job instance at 0x7f61f4827af0>,72,15,[3 5],73,82,97,9,82
1,<environment.Job instance at 0x7f61f4827e60>,82,17,[3 5],83,93,110,10,93
1,<environment.Job instance at 0x7f61f4827a50>,81,20,[8 5],82,93,113,11,93
1,<environment.Job instance at 0x7f61f3d14870>,31,17,[ 3 10],32,111,128,79,111
1,<environment.Job instance at 0x7f61f483adc0>,102,19,[6 5],103,114,133,11,114
1,<environment.Job instance at 0x7f61f4827280>,71,18,[ 4 10],72,129,147,57,129
1,<environment.Job instance at 0x7f61f485a050>,107,19,[9 5],108,133,152,25,133
1,<environment.Job instance at 0x7f61f4827460>,83,18,[ 3 10],84,149,167,65,149
1,<environment.Job instance at 0x7f61f4828af0>,111,21,[1 5],112,152,173,40,152
1,<environment.Job instance at 0x7f61f48dbfa0>,124,17,[8 5],125,168,185,43,168
1,<environment.Job instance at 0x7f61f484a730>,114,19,[1 9],115,173,192,58,173
1,<environment.Job instance at 0x7f61f4b6f5f0>,2,16,[3 6],3,4,20,1,4
1,<environment.Job instance at 0x7f61f4221190>,11,12,[11  2],12,12,24,0,12
1,<environment.Job instance at 0x7f61f42210f0>,13,22,[ 1 11],14,20,42,6,14
1,<environment.Job instance at 0x7f61f4221140>,14,12,[2 7],15,42,54,27,25
1,<environment.Job instance at 0x7f61f4221870>,15,12,[5 6],16,42,54,26,25
1,<environment.Job instance at 0x7f61f4301a00>,16,12,[ 2 13],17,54,66,37,37
1,<environment.Job instance at 0x7f61fd6dfa50>,26,14,[7 2],27,44,58,17,44
1,<environment.Job instance at 0x7f61f37ef370>,29,12,[3 5],30,66,78,36,49
1,<environment.Job instance at 0x7f61f4aee0a0>,19,25,[5 2],20,58,83,38,54
1,<environment.Job instance at 0x7f61fd6f8870>,32,13,[ 2 14],33,83,96,50,67
1,<environment.Job instance at 0x7f61f3f050a0>,2,16,[3 6],3,3,19,0,3
1,<environment.Job instance at 0x7f61f462e0f0>,14,12,[2 7],15,15,27,0,15
1,<environment.Job instance at 0x7f61f48d75f0>,15,12,[5 6],16,19,31,3,19
1,<environment.Job instance at 0x7f61f3eddd70>,26,14,[7 2],27,27,41,0,27
1,<environment.Job instance at 0x7f61f48aa4b0>,20,15,[2 6],21,27,42,6,27
1,<environment.Job instance at 0x7f61f4268d20>,29,12,[3 5],30,31,43,1,31
1,<environment.Job instance at 0x7f61f48b6aa0>,21,19,[10  2],22,41,60,19,41
1,<environment.Job instance at 0x7f61f3f1e0f0>,41,18,[2 6],42,43,61,1,43
1,<environment.Job instance at 0x7f61f3f420a0>,52,13,[2 5],53,60,73,7,60
1,<environment.Job instance at 0x7f61f3d68910>,47,15,[10  3],48,60,75,12,60
1,<environment.Job instance at 0x7f61f3f42b90>,55,12,[1 7],56,61,73,5,61
1,<environment.Job instance at 0x7f61f3f42c80>,53,16,[ 4 10],54,73,89,19,73
1,<environment.Job instance at 0x7f61f3d67780>,59,12,[8 3],60,75,87,15,75
1,<environment.Job instance at 0x7f61f3d67730>,57,14,[9 3],58,87,101,29,87
1,<environment.Job instance at 0x7f61f3efeaa0>,17,18,[6 5],18,89,107,71,89
1,<environment.Job instance at 0x7f61f3d4cfa0>,74,14,[9 2],75,101,115,26,101
1,<environment.Job instance at 0x7f61f3f3d5a0>,45,18,[3 8],46,107,125,61,107
1,<environment.Job instance at 0x7f61f3d70500>,63,15,[9 1],64,115,130,51,115
1,<environment.Job instance at 0x7f61f4f31e10>,89,16,[5 8],90,125,141,35,125
1,<environment.Job instance at 0x7f61f4f317d0>,93,12,[9 1],94,130,142,36,130
1,<environment.Job instance at 0x7f61f3d74dc0>,95,17,[ 3 10],96,141,158,45,141
1,<environment.Job instance at 0x7f61f4f31460>,92,13,[8 2],93,142,155,49,142
1,<environment.Job instance at 0x7f61f3f42be0>,56,16,[8 1],57,155,171,98,155
1,<environment.Job instance at 0x7f61f4fa0410>,105,15,[5 8],106,158,173,52,158
1,<environment.Job instance at 0x7f61f424ddc0>,82,17,[9 5],83,171,188,88,171
1,<environment.Job instance at 0x7f61f3d68230>,3,13,[11  5],4,8,21,4,8
1,<environment.Job instance at 0x7f61f3d688c0>,10,18,[3 8],11,13,31,2,13
1,<environment.Job instance at 0x7f61f4f93960>,2,13,[ 4 12],3,31,44,28,15
1,<environment.Job instance at 0x7f61f3d68500>,12,17,[7 2],13,21,38,8,18
1,<environment.Job instance at 0x7f61f3d68af0>,13,25,[14  3],14,44,69,30,41
1,<environment.Job instance at 0x7f61f3d68d70>,11,23,[ 3 14],12,125,148,113,125
1,<environment.Job instance at 0x7f61f4f6b460>,10,18,[3 8],11,11,29,0,11
1,<environment.Job instance at 0x7f61f4f93f50>,12,17,[7 2],13,13,30,0,13
1,<environment.Job instance at 0x7f61f4f840f0>,21,13,[5 1],22,22,35,0,22
1,<environment.Job instance at 0x7f61f3d629b0>,15,18,[3 9],16,29,47,13,29
1,<environment.Job instance at 0x7f61f4f86500>,28,15,[7 2],29,30,45,1,30
1,<environment.Job instance at 0x7f61f3d7a460>,35,18,[5 3],36,45,63,9,45
1,<environment.Job instance at 0x7f61f3d7a550>,33,14,[ 3 10],34,47,61,13,47
1,<environment.Job instance at 0x7f61f3d7b4b0>,40,12,[7 5],41,61,73,20,61
1,<environment.Job instance at 0x7f61f3d5ffa0>,43,15,[5 2],44,63,78,19,63
1,<environment.Job instance at 0x7f61f3d76960>,39,16,[5 5],40,73,89,33,73
1,<environment.Job instance at 0x7f61f3d6a050>,46,16,[5 7],47,73,89,26,73
1,<environment.Job instance at 0x7f61f3d676e0>,49,12,[3 5],50,89,101,39,89
1,<environment.Job instance at 0x7f61f3d74190>,30,18,[3 9],31,89,107,58,89
1,<environment.Job instance at 0x7f61f3d67910>,51,18,[8 1],52,89,107,37,89
1,<environment.Job instance at 0x7f61f3f42c80>,58,13,[7 1],59,107,120,48,107
1,<environment.Job instance at 0x7f61f463cc30>,64,14,[5 2],65,107,121,42,107
1,<environment.Job instance at 0x7f61f3d68910>,76,14,[7 2],77,120,134,43,120
1,<environment.Job instance at 0x7f61f3d68460>,78,12,[5 7],79,121,133,42,121
1,<environment.Job instance at 0x7f61f5018a50>,80,18,[5 4],81,133,151,52,133
1,<environment.Job instance at 0x7f61f50181e0>,81,12,[1 8],82,133,145,51,133
1,<environment.Job instance at 0x7f61f3d68a00>,75,17,[9 2],76,134,151,58,134
1,<environment.Job instance at 0x7f61f5018d70>,88,12,[1 6],89,145,157,56,145
1,<environment.Job instance at 0x7f61f4101cd0>,109,17,[10  4],110,152,169,42,152
1,<environment.Job instance at 0x7f61f3d4ce60>,45,18,[5 9],46,157,175,111,157
1,<environment.Job instance at 0x7f61f4101c30>,110,12,[6 3],111,169,181,58,169
1,<environment.Job instance at 0x7f61f4101460>,114,14,[6 2],115,176,190,61,176
1,<environment.Job instance at 0x7f61f4101be0>,119,22,[ 1 10],120,177,199,57,177
1,<environment.Job instance at 0x7f61f398fc30>,1,13,[8 2],2,2,15,0,2
1,<environment.Job instance at 0x7f61f3fcd2d0>,2,13,[4 8],3,3,16,0,3
1,<environment.Job instance at 0x7f61f3fcd7d0>,10,13,[13  3],11,16,29,5,11
1,<environment.Job instance at 0x7f61f3fcd9b0>,12,16,[4 8],13,29,45,16,16
1,<environment.Job instance at 0x7f61f3fcd730>,9,22,[7 3],10,29,51,19,22
1,<environment.Job instance at 0x7f61f3fcdd20>,16,12,[ 3 13],17,51,63,34,35
1,<environment.Job instance at 0x7f61f3fcdb90>,15,16,[11  1],16,51,67,35,40
1,<environment.Job instance at 0x7f61f3fcd910>,11,15,[10  5],12,67,82,55,53
1,<environment.Job instance at 0x7f61f3fcddc0>,18,23,[6 4],19,82,105,63,82
1,<environment.Job instance at 0x7f61f3fcdf50>,21,14,[4 8],22,123,137,101,123
1,<environment.Job instance at 0x7f61f3803eb0>,8,24,[12  2],9,137,161,128,135
1,<environment.Job instance at 0x7f61f3fea140>,22,28,[3 9],23,149,177,126,149
1,<environment.Job instance at 0x7f61f40f24b0>,1,13,[8 2],2,2,15,0,2
1,<environment.Job instance at 0x7f61f40f29b0>,2,13,[4 8],3,3,16,0,3
1,<environment.Job instance at 0x7f61f4f32370>,11,15,[10  5],12,15,30,3,15
1,<environment.Job instance at 0x7f61f4f32d20>,12,16,[4 8],13,16,32,3,16
1,<environment.Job instance at 0x7f61f4f32cd0>,26,14,[5 3],27,30,44,3,30
1,<environment.Job instance at 0x7f61f4f328c0>,21,14,[4 8],22,32,46,10,32
1,<environment.Job instance at 0x7f61f48c0280>,28,16,[1 7],29,44,60,15,44
1,<environment.Job instance at 0x7f61f48c0910>,39,13,[9 5],40,46,59,6,46
1,<environment.Job instance at 0x7f61f48c0f00>,42,17,[9 2],43,59,76,16,59
1,<environment.Job instance at 0x7f61f4101fa0>,46,18,[5 7],47,60,78,13,60
1,<environment.Job instance at 0x7f61f41019b0>,57,13,[5 1],58,76,89,18,76
1,<environment.Job instance at 0x7f61f41017d0>,56,17,[1 7],57,76,93,19,76
1,<environment.Job instance at 0x7f61f41010a0>,63,13,[7 5],64,78,91,14,78
1,<environment.Job instance at 0x7f61f4101a00>,58,14,[7 3],59,89,103,30,89
1,<environment.Job instance at 0x7f61f4f2a870>,64,14,[2 5],65,91,105,26,91
1,<environment.Job instance at 0x7f61f5018cd0>,80,13,[5 5],81,103,116,22,103
1,<environment.Job instance at 0x7f61f4f323c0>,9,22,[7 3],10,103,125,93,103
1,<environment.Job instance at 0x7f61f5018a50>,83,18,[2 5],84,105,123,21,105
1,<environment.Job instance at 0x7f61f5018eb0>,81,13,[4 6],82,116,129,34,116
1,<environment.Job instance at 0x7f61f3d68190>,88,17,[8 1],89,125,142,36,125
1,<environment.Job instance at 0x7f61f5028e10>,92,17,[7 2],93,129,146,36,129
1,<environment.Job instance at 0x7f61f3f1e190>,97,14,[5 6],98,142,156,44,142
1,<environment.Job instance at 0x7f61f3d70140>,93,13,[9 5],94,146,159,52,146
1,<environment.Job instance at 0x7f61f3eca5f0>,101,13,[1 7],102,156,169,54,156
1,<environment.Job instance at 0x7f61f3d68780>,87,18,[5 3],88,156,174,68,156
1,<environment.Job instance at 0x7f61f3f0c2d0>,104,16,[5 4],105,159,175,54,159
1,<environment.Job instance at 0x7f61f3f42190>,112,14,[5 4],113,169,183,56,169
1,<environment.Job instance at 0x7f61f3d542d0>,107,17,[1 5],108,174,191,66,174
1,<environment.Job instance at 0x7f61f3d67780>,114,12,[7 4],115,175,187,60,175
1,<environment.Job instance at 0x7f61f426a0a0>,5,12,[2 8],6,6,18,0,6
1,<environment.Job instance at 0x7f61f40f2be0>,3,25,[ 4 12],4,18,43,14,18
1,<environment.Job instance at 0x7f61f44db370>,19,13,[5 6],20,43,56,23,27
1,<environment.Job instance at 0x7f61f44dbc80>,29,18,[9 1],30,32,50,2,32
1,<environment.Job instance at 0x7f61f4c4c320>,32,16,[6 2],33,50,66,17,37
1,<environment.Job instance at 0x7f61f4c4c6e0>,33,14,[1 5],34,43,57,9,37
1,<environment.Job instance at 0x7f61f44db690>,16,22,[ 1 11],17,57,79,40,50
1,<environment.Job instance at 0x7f61f4c4ceb0>,44,13,[1 5],45,79,92,34,63
1,<environment.Job instance at 0x7f61f4c4cd70>,46,13,[3 9],47,79,92,32,63
1,<environment.Job instance at 0x7f61f4c4c960>,40,13,[ 2 11],41,92,105,51,89
1,<environment.Job instance at 0x7f61f4c4c5f0>,41,28,[1 7],42,123,151,81,123
1,<environment.Job instance at 0x7f61f4c4ca00>,49,18,[5 4],50,151,169,101,151
1,<environment.Job instance at 0x7f61f459b230>,50,16,[10  1],51,168,184,117,168
1,<environment.Job instance at 0x7f61f459b3c0>,53,16,[7 4],54,184,200,130,171
1,<environment.Job instance at 0x7f61f3fcd320>,2,17,[10  3],3,3,20,0,3
1,<environment.Job instance at 0x7f61f3fcdc30>,4,17,[ 2 10],5,5,22,0,5
1,<environment.Job instance at 0x7f61f3fd4550>,10,22,[5 3],11,20,42,9,20
1,<environment.Job instance at 0x7f61f3fd4c30>,5,12,[2 8],6,22,34,16,22
1,<environment.Job instance at 0x7f61f4f840a0>,26,19,[8 2],27,27,46,0,27
1,<environment.Job instance at 0x7f61f4f86500>,33,14,[1 5],34,34,48,0,34
1,<environment.Job instance at 0x7f61f4f9edc0>,19,13,[5 6],20,42,55,22,42
1,<environment.Job instance at 0x7f61f3d745f0>,32,16,[6 2],33,46,62,13,46
1,<environment.Job instance at 0x7f61f3d7a410>,36,17,[4 7],37,48,65,11,48
1,<environment.Job instance at 0x7f61f3d7bc80>,44,13,[1 5],45,55,68,10,55
1,<environment.Job instance at 0x7f61f3d4b730>,29,18,[9 1],30,62,80,32,62
1,<environment.Job instance at 0x7f61f3d4cf50>,46,13,[3 9],47,65,78,18,65
1,<environment.Job instance at 0x7f61f3d74140>,37,16,[ 5 10],38,78,94,40,78
1,<environment.Job instance at 0x7f61f3f420a0>,50,16,[10  1],51,80,96,29,80
1,<environment.Job instance at 0x7f61f3d4b550>,30,16,[ 1 10],31,94,110,63,94
1,<environment.Job instance at 0x7f61f3f42e60>,53,16,[7 4],54,96,112,42,96
1,<environment.Job instance at 0x7f61f48ed1e0>,56,17,[8 5],57,110,127,53,110
1,<environment.Job instance at 0x7f61f4620780>,49,18,[5 4],50,112,130,62,112
1,<environment.Job instance at 0x7f61f3d702d0>,70,13,[9 1],71,127,140,56,127
1,<environment.Job instance at 0x7f61f3f42aa0>,52,18,[3 7],53,130,148,77,130
1,<environment.Job instance at 0x7f61f3d704b0>,71,13,[10  1],72,140,153,68,140
1,<environment.Job instance at 0x7f61f4f2a0f0>,92,12,[5 6],93,148,160,55,148
1,<environment.Job instance at 0x7f61f460b8c0>,60,15,[10  1],61,153,168,92,153
1,<environment.Job instance at 0x7f61f4101aa0>,99,15,[4 6],100,161,176,61,161
1,<environment.Job instance at 0x7f61f41019b0>,101,17,[6 3],102,168,185,66,168
1,<environment.Job instance at 0x7f61f4f2ac80>,95,17,[5 2],96,168,185,72,168
1,<environment.Job instance at 0x7f61f41017d0>,102,14,[ 1 10],103,177,191,74,177
1,<environment.Job instance at 0x7f61f3ef2b40>,3,19,[5 4],4,5,24,1,5
1,<environment.Job instance at 0x7f61f3ef2b90>,5,22,[3 6],6,6,28,0,6
1,<environment.Job instance at 0x7f61f3710d20>,11,22,[7 5],12,12,34,0,12
1,<environment.Job instance at 0x7f61f37094b0>,14,24,[7 4],15,28,52,13,23
1,<environment.Job instance at 0x7f61fda15370>,15,16,[4 5],16,34,50,18,27
1,<environment.Job instance at 0x7f61fda15af0>,13,25,[14  1],14,53,78,39,53
1,<environment.Job instance at 0x7f61f4c54410>,19,14,[13  2],20,78,92,58,63
1,<environment.Job instance at 0x7f61f4c54af0>,20,12,[9 2],21,92,104,71,81
1,<environment.Job instance at 0x7f61f4c542d0>,21,13,[13  3],22,104,117,82,89
1,<environment.Job instance at 0x7f61f41b1f50>,32,23,[ 4 10],33,117,140,84,111
1,<environment.Job instance at 0x7f61f3a21fa0>,48,19,[5 3],49,117,136,68,111
1,<environment.Job instance at 0x7f61f39b1f50>,42,15,[13  1],43,140,155,97,129
1,<environment.Job instance at 0x7f61fdb7deb0>,56,18,[ 2 14],57,140,158,83,129
1,<environment.Job instance at 0x7f61fdb7d190>,57,15,[3 6],58,158,173,100,144
1,<environment.Job instance at 0x7f61f3ab9d20>,58,23,[9 2],59,158,181,99,157
1,<environment.Job instance at 0x7f61f3ab9050>,59,28,[1 5],60,161,189,101,161
1,<environment.Job instance at 0x7f61f413f0f0>,61,12,[7 2],62,181,193,119,164
1,<environment.Job instance at 0x7f61f3ab9e60>,60,21,[7 3],61,181,202,120,173
1,<environment.Job instance at 0x7f61f4267190>,0,21,[6 4],1,1,22,0,1
1,<environment.Job instance at 0x7f61f4267730>,3,19,[5 4],4,4,23,0,4
1,<environment.Job instance at 0x7f61f4267140>,5,22,[3 6],6,6,28,0,6
1,<environment.Job instance at 0x7f61f48c0a50>,15,16,[4 5],16,22,38,6,22
1,<environment.Job instance at 0x7f61f48c0af0>,25,13,[8 1],26,26,39,0,26
1,<environment.Job instance at 0x7f61f3d68190>,31,16,[3 9],32,38,54,6,38
1,<environment.Job instance at 0x7f61f48c0640>,20,12,[9 2],21,39,51,18,39
1,<environment.Job instance at 0x7f61f48c0820>,28,17,[9 3],29,51,68,22,51
1,<environment.Job instance at 0x7f61f5028e10>,29,20,[ 1 10],30,54,74,24,54
1,<environment.Job instance at 0x7f61f3f0c050>,38,18,[7 3],39,68,86,29,68
1,<environment.Job instance at 0x7f61f3ef2f00>,54,15,[5 6],55,74,89,19,74
1,<environment.Job instance at 0x7f61f50f0b40>,57,15,[3 6],58,74,89,16,74
1,<environment.Job instance at 0x7f61f3b05cd0>,61,12,[7 2],62,89,101,27,89
1,<environment.Job instance at 0x7f62066843c0>,65,12,[3 9],66,89,101,23,89
1,<environment.Job instance at 0x7f61f41aabe0>,71,13,[6 2],72,101,114,29,101
1,<environment.Job instance at 0x7f61f3b05b40>,63,17,[9 4],64,101,118,37,101
1,<environment.Job instance at 0x7f61f49a8820>,52,18,[2 8],53,114,132,61,114
1,<environment.Job instance at 0x7f61f41aaf00>,73,17,[7 1],74,118,135,44,118
1,<environment.Job instance at 0x7f61f41aac30>,75,15,[5 8],76,133,148,57,133
1,<environment.Job instance at 0x7f61f3adfdc0>,83,19,[7 4],84,136,155,52,136
1,<environment.Job instance at 0x7f61f41aa2d0>,77,16,[1 8],78,148,164,70,148
1,<environment.Job instance at 0x7f61f3adf1e0>,93,14,[3 7],94,155,169,61,155
1,<environment.Job instance at 0x7f61f3adf460>,91,16,[10  4],92,165,181,73,165
1,<environment.Job instance at 0x7f61f41aa730>,81,20,[5 5],82,169,189,87,169
1,<environment.Job instance at 0x7f61f381a730>,3,23,[1 8],4,4,27,0,4
1,<environment.Job instance at 0x7f61f380c910>,9,27,[12  2],10,10,37,0,10
1,<environment.Job instance at 0x7f61f380ca00>,5,14,[9 1],6,37,51,31,22
1,<environment.Job instance at 0x7f61f4301f00>,11,13,[3 6],12,27,40,15,22
1,<environment.Job instance at 0x7f61f4301050>,13,18,[3 6],14,37,55,23,26
1,<environment.Job instance at 0x7f61fd6a9a00>,25,13,[8 1],26,51,64,25,35
1,<environment.Job instance at 0x7f61fd7187d0>,32,14,[11  2],33,64,78,31,50
1,<environment.Job instance at 0x7f61fd60a230>,30,14,[11  1],31,78,92,47,63
1,<environment.Job instance at 0x7f61f3ce4690>,5,14,[9 1],6,6,20,0,6
1,<environment.Job instance at 0x7f61f3ce4870>,6,21,[5 2],7,7,28,0,7
1,<environment.Job instance at 0x7f61f3ce4af0>,11,13,[3 6],12,20,33,8,20
1,<environment.Job instance at 0x7f61f4b8f460>,18,15,[3 6],19,20,35,1,20
1,<environment.Job instance at 0x7f61f4b8f500>,25,13,[8 1],26,28,41,2,28
1,<environment.Job instance at 0x7f61f46e2f50>,13,18,[3 6],14,33,51,19,33
1,<environment.Job instance at 0x7f61f4af06e0>,36,12,[5 6],37,41,53,4,41
1,<environment.Job instance at 0x7f61f4af0230>,39,21,[6 3],40,41,62,1,41
1,<environment.Job instance at 0x7f61f4af0b90>,37,19,[5 6],38,53,72,15,53
1,<environment.Job instance at 0x7f61f46e20f0>,15,14,[10  1],16,62,76,46,62
1,<environment.Job instance at 0x7f61f4cd4460>,48,13,[1 8],49,72,85,23,72
1,<environment.Job instance at 0x7f61f4514870>,54,14,[4 6],55,76,90,21,76
1,<environment.Job instance at 0x7f61f4cd4050>,47,15,[5 5],48,85,100,37,85
1,<environment.Job instance at 0x7f61f4514af0>,59,12,[ 3 10],60,90,102,30,90
1,<environment.Job instance at 0x7f61f4514780>,62,12,[3 5],63,100,112,37,100
1,<environment.Job instance at 0x7f61f3adfcd0>,71,12,[9 2],72,102,114,30,102
1,<environment.Job instance at 0x7f61f4cd4550>,40,20,[1 9],41,112,132,71,112
1,<environment.Job instance at 0x7f61f4514910>,61,12,[10  5],62,114,126,52,114
1,<environment.Job instance at 0x7f61f3adff00>,80,14,[5 4],81,126,140,45,126
1,<environment.Job instance at 0x7f61f3adf370>,79,13,[ 1 10],80,132,145,52,132
1,<environment.Job instance at 0x7f61f3adfd70>,74,16,[10  1],75,140,156,65,140
1,<environment.Job instance at 0x7f61f3adff50>,81,17,[ 3 10],82,146,163,64,146
1,<environment.Job instance at 0x7f61f3c79d20>,93,12,[3 5],94,157,169,63,157
1,<environment.Job instance at 0x7f61f4cad320>,87,19,[5 2],88,164,183,76,164
1,<environment.Job instance at 0x7f61f3ef2f00>,94,21,[4 6],95,164,185,69,164
1,<environment.Job instance at 0x7f686a944c30>,6,20,[6 1],7,7,27,0,7
1,<environment.Job instance at 0x7f686a944e60>,14,13,[7 3],15,18,31,3,18
1,<environment.Job instance at 0x7f686a947280>,15,18,[ 2 14],16,31,49,15,24
1,<environment.Job instance at 0x7f686a947460>,19,14,[ 3 11],20,73,87,53,73
1,<environment.Job instance at 0x7f686a9471e0>,13,18,[ 4 14],14,87,105,73,76
1,<environment.Job instance at 0x7f686a947690>,20,27,[13  5],21,105,132,84,103
1,<environment.Job instance at 0x7f686a9ffd70>,0,13,[9 3],1,1,14,0,1
1,<environment.Job instance at 0x7f686a9d7aa0>,2,22,[4 8],3,3,25,0,3
1,<environment.Job instance at 0x7f686aae69b0>,14,13,[7 3],15,15,28,0,15
1,<environment.Job instance at 0x7f686aa69820>,23,18,[2 7],24,25,43,1,25
1,<environment.Job instance at 0x7f686a93c8c0>,6,20,[6 1],7,25,45,18,25
1,<environment.Job instance at 0x7f686a93ca00>,4,21,[1 6],5,28,49,23,28
1,<environment.Job instance at 0x7f686aa9acd0>,33,16,[2 8],34,43,59,9,43
1,<environment.Job instance at 0x7f686aa06050>,45,13,[6 5],46,49,62,3,49
1,<environment.Job instance at 0x7f686aaecf00>,56,12,[3 6],57,59,71,2,59
1,<environment.Job instance at 0x7f686aaf17d0>,58,14,[2 7],59,62,76,3,62
1,<environment.Job instance at 0x7f686aa41b90>,40,15,[10  3],41,71,86,30,71
1,<environment.Job instance at 0x7f686aaec7d0>,53,17,[5 7],54,77,94,23,77
1,<environment.Job instance at 0x7f686a9e9eb0>,35,15,[9 5],36,87,102,51,87
1,<environment.Job instance at 0x7f686aa523c0>,59,17,[1 6],60,94,111,34,94
1,<environment.Job instance at 0x7f686aa528c0>,62,18,[5 3],63,94,112,31,94
1,<environment.Job instance at 0x7f686aa05c30>,77,13,[8 5],78,102,115,24,102
1,<environment.Job instance at 0x7f686aa52e10>,65,20,[2 6],66,111,131,45,111
1,<environment.Job instance at 0x7f686aa01820>,78,12,[10  2],79,116,128,37,116
1,<environment.Job instance at 0x7f686aa05a50>,80,14,[2 6],81,116,130,35,116
1,<environment.Job instance at 0x7f686aa05b90>,79,13,[9 4],80,130,143,50,130
1,<environment.Job instance at 0x7f686aa05500>,81,15,[5 9],82,131,146,49,131
1,<environment.Job instance at 0x7f686aa6f960>,89,16,[7 1],90,144,160,54,144
1,<environment.Job instance at 0x7f686aa05d70>,82,16,[ 4 10],83,146,162,63,146
1,<environment.Job instance at 0x7f686aa64190>,91,20,[8 2],92,161,181,69,161
1,<environment.Job instance at 0x7f686a9fae10>,95,15,[5 7],96,162,177,66,162
1,<environment.Job instance at 0x7f686a9914b0>,98,17,[5 5],99,177,194,78,177
1,<environment.Job instance at 0x7f686a973e60>,100,18,[2 7],101,177,195,76,177
1,<environment.Job instance at 0x7f686a090730>,2,12,[1 7],3,3,15,0,3
1,<environment.Job instance at 0x7f686a090910>,4,21,[ 5 11],5,15,36,10,10
1,<environment.Job instance at 0x7f686a090aa0>,8,12,[10  5],9,36,48,27,19
1,<environment.Job instance at 0x7f686a095e10>,10,14,[2 7],11,46,60,35,46
1,<environment.Job instance at 0x7f686a0950f0>,13,14,[12  2],14,48,62,34,47
1,<environment.Job instance at 0x7f686a095f50>,11,14,[13  5],12,62,76,50,48
1,<environment.Job instance at 0x7f686a095af0>,15,16,[2 8],16,60,76,44,48
1,<environment.Job instance at 0x7f686a1d5640>,17,13,[ 4 12],18,76,89,58,60
1,<environment.Job instance at 0x7f686a17b3c0>,36,13,[6 3],37,76,89,39,63
1,<environment.Job instance at 0x7f686a17b140>,37,13,[7 4],38,89,102,51,73
1,<environment.Job instance at 0x7f686a2312d0>,39,20,[1 7],40,89,109,49,83
1,<environment.Job instance at 0x7f686a1d01e0>,22,13,[9 4],23,102,115,79,99
1,<environment.Job instance at 0x7f686a0903c0>,9,14,[ 1 12],10,115,129,105,100
1,<environment.Job instance at 0x7f686a22ca50>,43,19,[ 2 13],44,129,148,85,119
1,<environment.Job instance at 0x7f686a1bd910>,42,23,[12  1],43,122,145,79,122
1,<environment.Job instance at 0x7f6869f1a910>,47,16,[2 8],48,148,164,100,142
1,<environment.Job instance at 0x7f686a1edf00>,44,22,[11  1],45,149,171,104,149
1,<environment.Job instance at 0x7f686a231e10>,38,27,[14  3],39,179,206,140,179
1,<environment.Job instance at 0x7f686a963b90>,2,12,[1 7],3,3,15,0,3
1,<environment.Job instance at 0x7f686a963370>,8,12,[10  5],9,9,21,0,9
1,<environment.Job instance at 0x7f686a9630f0>,10,14,[2 7],11,15,29,4,15
1,<environment.Job instance at 0x7f686a963280>,15,16,[2 8],16,21,37,5,21
1,<environment.Job instance at 0x7f686aa06410>,22,13,[9 4],23,29,42,6,29
1,<environment.Job instance at 0x7f686a0f2780>,30,14,[6 1],31,37,51,6,37
1,<environment.Job instance at 0x7f686a0f2640>,36,13,[6 3],37,42,55,5,42
1,<environment.Job instance at 0x7f686a171fa0>,27,14,[ 1 10],28,42,56,14,42
1,<environment.Job instance at 0x7f686a0f62d0>,37,13,[7 4],38,55,68,17,55
1,<environment.Job instance at 0x7f686a1026e0>,47,16,[2 8],48,56,72,8,56
1,<environment.Job instance at 0x7f686a1181e0>,62,14,[5 5],63,68,82,5,68
1,<environment.Job instance at 0x7f686a10ad70>,70,14,[2 7],71,72,86,1,72
1,<environment.Job instance at 0x7f686a26fdc0>,33,14,[10  1],34,82,96,48,82
1,<environment.Job instance at 0x7f686a10de10>,76,15,[3 6],77,82,97,5,82
1,<environment.Job instance at 0x7f686a11b4b0>,78,16,[2 6],79,86,102,7,86
1,<environment.Job instance at 0x7f686a15d410>,85,13,[4 8],86,97,110,11,97
1,<environment.Job instance at 0x7f686a1142d0>,54,16,[7 4],55,102,118,47,102
1,<environment.Job instance at 0x7f686a15d730>,86,13,[5 8],87,110,123,23,110
1,<environment.Job instance at 0x7f686a121460>,96,13,[2 5],97,118,131,21,118
1,<environment.Job instance at 0x7f686a2afbe0>,91,15,[6 1],92,118,133,26,118
1,<environment.Job instance at 0x7f686a34ec30>,71,15,[4 8],72,123,138,51,123
1,<environment.Job instance at 0x7f686a1440a0>,100,17,[5 1],101,131,148,30,131
1,<environment.Job instance at 0x7f686a0b7140>,103,17,[4 6],104,133,150,29,133
1,<environment.Job instance at 0x7f686a0f25a0>,32,16,[3 8],33,138,154,105,138
1,<environment.Job instance at 0x7f686a16f050>,108,15,[8 2],109,150,165,41,150
1,<environment.Job instance at 0x7f686a14c9b0>,105,14,[ 1 10],106,155,169,49,155
1,<environment.Job instance at 0x7f686a144640>,99,17,[6 2],100,155,172,55,155
1,<environment.Job instance at 0x7f686a0ca190>,131,15,[5 5],132,170,185,38,170
1,<environment.Job instance at 0x7f686a0cac80>,133,13,[4 8],134,170,183,36,170
1,<environment.Job instance at 0x7f6869f863c0>,5,15,[8 5],6,7,22,1,7
1,<environment.Job instance at 0x7f6869f86910>,9,16,[14  4],10,22,38,12,14
1,<environment.Job instance at 0x7f6869f86be0>,8,20,[11  2],9,67,87,58,67
1,<environment.Job instance at 0x7f68740f7af0>,5,15,[8 5],6,6,21,0,6
1,<environment.Job instance at 0x7f68740f7c30>,11,22,[5 9],12,12,34,0,12
1,<environment.Job instance at 0x7f6869efb8c0>,12,12,[7 2],13,21,33,8,21
1,<environment.Job instance at 0x7f6869efbe60>,21,13,[4 9],22,34,47,12,34
1,<environment.Job instance at 0x7f6869efb640>,32,13,[ 1 10],33,47,60,14,47
1,<environment.Job instance at 0x7f6869efb460>,35,15,[8 4],36,47,62,11,47
1,<environment.Job instance at 0x7f6869efba50>,25,14,[ 2 10],26,60,74,34,60
1,<environment.Job instance at 0x7f6874035e60>,37,14,[6 4],38,62,76,24,62
1,<environment.Job instance at 0x7f6869efbcd0>,29,14,[ 5 10],30,74,88,44,74
1,<environment.Job instance at 0x7f6869efc550>,52,15,[5 8],53,88,103,35,88
1,<environment.Job instance at 0x7f6869efc0f0>,56,14,[5 7],57,88,102,31,88
1,<environment.Job instance at 0x7f6869efc410>,55,16,[6 3],56,102,118,46,102
1,<environment.Job instance at 0x7f6869efbb40>,30,16,[5 9],31,103,119,72,103
1,<environment.Job instance at 0x7f6869efc5f0>,63,12,[10  3],64,118,130,54,118
1,<environment.Job instance at 0x7f6869efe6e0>,67,14,[5 6],68,119,133,51,119
1,<environment.Job instance at 0x7f6869efebe0>,66,16,[2 9],67,130,146,63,130
1,<environment.Job instance at 0x7f6869efee10>,70,17,[8 1],71,133,150,62,133
1,<environment.Job instance at 0x7f6869efe5f0>,76,14,[ 4 10],77,146,160,69,146
1,<environment.Job instance at 0x7f6869efe8c0>,78,12,[8 5],79,150,162,71,150
1,<environment.Job instance at 0x7f6869efeaa0>,83,16,[6 3],84,160,176,76,160
1,<environment.Job instance at 0x7f6874035fa0>,36,17,[ 3 10],37,164,181,127,164
1,<environment.Job instance at 0x7f6869f172d0>,89,19,[7 4],90,177,196,87,177
1,<environment.Job instance at 0x7f6869efb7d0>,18,17,[4 8],19,181,198,162,181
1,<environment.Job instance at 0x7f686aa6f640>,3,15,[7 4],4,4,19,0,4
1,<environment.Job instance at 0x7f686aa6fbe0>,5,13,[1 7],6,6,19,0,6
1,<environment.Job instance at 0x7f68741db5f0>,1,20,[10  5],2,2,22,0,2
1,<environment.Job instance at 0x7f68740fc190>,5,13,[1 7],6,6,19,0,6
1,<environment.Job instance at 0x7f6869efe550>,12,13,[5 5],13,19,32,6,19
1,<environment.Job instance at 0x7f6869efe910>,16,14,[6 4],17,22,36,5,22
1,<environment.Job instance at 0x7f6869efed20>,27,13,[6 2],28,32,45,4,32
1,<environment.Job instance at 0x7f6869efe0a0>,25,17,[2 9],26,32,49,6,32
1,<environment.Job instance at 0x7f68740fc1e0>,3,15,[7 4],4,36,51,32,36
1,<environment.Job instance at 0x7f68740f7780>,31,18,[6 1],32,45,63,13,45
1,<environment.Job instance at 0x7f6869efe9b0>,26,14,[ 4 10],27,51,65,24,51
1,<environment.Job instance at 0x7f686aa211e0>,51,15,[9 4],52,63,78,11,63
1,<environment.Job instance at 0x7f686aa21870>,53,13,[1 5],54,65,78,11,65
1,<environment.Job instance at 0x7f686af55500>,49,17,[5 5],50,65,82,15,65
1,<environment.Job instance at 0x7f686af551e0>,47,16,[ 4 10],48,78,94,30,78
1,<environment.Job instance at 0x7f686aa21640>,63,14,[6 5],64,82,96,18,82
1,<environment.Job instance at 0x7f686aa219b0>,59,16,[4 9],60,94,110,34,94
1,<environment.Job instance at 0x7f686aec1460>,68,13,[9 4],69,96,109,27,96
1,<environment.Job instance at 0x7f686aec18c0>,65,15,[10  3],66,109,124,43,109
1,<environment.Job instance at 0x7f686aec10f0>,71,15,[4 5],72,111,126,39,111
1,<environment.Job instance at 0x7f686aec1a00>,73,21,[1 6],74,111,132,37,111
1,<environment.Job instance at 0x7f68740f7f00>,38,17,[7 1],39,124,141,85,124
1,<environment.Job instance at 0x7f686aec1820>,76,16,[4 5],77,126,142,49,126
1,<environment.Job instance at 0x7f6869efe1e0>,24,20,[3 8],25,132,152,107,132
1,<environment.Job instance at 0x7f686adef4b0>,81,16,[9 2],82,143,159,61,143
1,<environment.Job instance at 0x7f686aec1910>,79,16,[ 5 10],80,153,169,73,153
1,<environment.Job instance at 0x7f686adef460>,87,13,[9 4],88,159,172,71,159
1,<environment.Job instance at 0x7f686aa21fa0>,60,18,[ 2 10],61,170,188,109,170
1,<environment.Job instance at 0x7f686adef730>,89,15,[7 3],90,172,187,82,172
1,<environment.Job instance at 0x7f686aec16e0>,80,18,[7 3],81,187,205,106,187
1,<environment.Job instance at 0x7f686adef820>,91,17,[4 5],92,188,205,96,188
1,<environment.Job instance at 0x7f686adefb90>,90,17,[4 7],91,188,205,97,188
1,<environment.Job instance at 0x7f686adbe0f0>,2,12,[8 4],3,3,15,0,3
1,<environment.Job instance at 0x7f686ad953c0>,11,16,[4 6],12,189,205,177,189
1,<environment.Job instance at 0x7f686a9f3500>,0,19,[1 7],1,1,20,0,1
1,<environment.Job instance at 0x7f686a9f3fa0>,2,12,[8 4],3,3,15,0,3
1,<environment.Job instance at 0x7f686a9f35a0>,4,13,[5 4],5,5,18,0,5
1,<environment.Job instance at 0x7f686a99c5a0>,8,15,[7 2],9,15,30,6,15
1,<environment.Job instance at 0x7f686a5c9640>,11,16,[4 6],12,18,34,6,18
1,<environment.Job instance at 0x7f686a5c92d0>,18,13,[5 3],19,30,43,11,30
1,<environment.Job instance at 0x7f686a5c90a0>,21,16,[5 1],22,30,46,8,30
1,<environment.Job instance at 0x7f686a5c93c0>,19,16,[ 3 10],20,34,50,14,34
1,<environment.Job instance at 0x7f686a9f3f00>,5,14,[8 5],6,46,60,40,46
1,<environment.Job instance at 0x7f686ae0a6e0>,45,17,[3 6],46,50,67,4,50
1,<environment.Job instance at 0x7f686ae0aaa0>,51,13,[9 3],52,60,73,8,60
1,<environment.Job instance at 0x7f686ae0a9b0>,48,16,[1 5],49,60,76,11,60
1,<environment.Job instance at 0x7f686adeb320>,29,17,[1 6],30,67,84,37,67
1,<environment.Job instance at 0x7f686acf1c80>,61,17,[9 2],62,73,90,11,73
1,<environment.Job instance at 0x7f686ae0ab40>,54,13,[6 5],55,84,97,29,84
1,<environment.Job instance at 0x7f686ae5ce10>,69,14,[5 4],70,90,104,20,90
1,<environment.Job instance at 0x7f686ae0a640>,53,15,[3 8],54,97,112,43,97
1,<environment.Job instance at 0x7f686adef910>,80,13,[8 3],81,104,117,23,104
1,<environment.Job instance at 0x7f686adef140>,90,13,[7 5],91,112,125,21,112
1,<environment.Job instance at 0x7f686adefa00>,94,15,[4 6],95,117,132,22,117
1,<environment.Job instance at 0x7f686aec1550>,97,17,[5 4],98,125,142,27,125
1,<environment.Job instance at 0x7f686aec1690>,98,14,[8 1],99,132,146,33,132
1,<environment.Job instance at 0x7f686adeb370>,24,18,[2 8],25,132,150,107,132
1,<environment.Job instance at 0x7f686ae0a5f0>,44,17,[10  5],45,146,163,101,146
1,<environment.Job instance at 0x7f686aec1960>,109,13,[ 2 10],110,150,163,40,150
1,<environment.Job instance at 0x7f686aa21b90>,118,15,[1 9],119,163,178,44,163
1,<environment.Job instance at 0x7f686ae5cf50>,72,18,[9 3],73,163,181,90,163
1,<environment.Job instance at 0x7f68740fc280>,0,14,[7 4],1,1,15,0,1
1,<environment.Job instance at 0x7f686a6406e0>,8,19,[7 2],9,10,29,1,10
1,<environment.Job instance at 0x7f686a640d20>,10,14,[2 7],11,59,73,48,59
1,<environment.Job instance at 0x7f686adebc30>,0,14,[7 4],1,1,15,0,1
1,<environment.Job instance at 0x7f686adeb190>,7,21,[2 5],8,8,29,0,8
1,<environment.Job instance at 0x7f686adeb0f0>,12,14,[5 5],13,13,27,0,13
1,<environment.Job instance at 0x7f686adeb690>,8,19,[7 2],9,15,34,6,15
1,<environment.Job instance at 0x7f686adebc80>,10,14,[2 7],11,27,41,16,27
1,<environment.Job instance at 0x7f686a5c97d0>,20,12,[6 3],21,29,41,8,29
1,<environment.Job instance at 0x7f686adeb1e0>,15,16,[6 1],16,34,50,18,34
1,<environment.Job instance at 0x7f686a5c9140>,25,13,[9 5],26,41,54,15,41
1,<environment.Job instance at 0x7f686a9a3aa0>,26,18,[6 2],27,50,68,23,50
1,<environment.Job instance at 0x7f686a5c92d0>,28,13,[7 5],29,54,67,25,54
1,<environment.Job instance at 0x7f686a5c93c0>,18,18,[1 5],19,54,72,35,54
1,<environment.Job instance at 0x7f6869efe4b0>,44,13,[1 6],45,67,80,22,67
1,<environment.Job instance at 0x7f686a7623c0>,31,15,[7 3],32,68,83,36,68
1,<environment.Job instance at 0x7f6869efebe0>,48,17,[7 4],49,72,89,23,72
1,<environment.Job instance at 0x7f686a762140>,35,14,[4 7],36,83,97,47,83
1,<environment.Job instance at 0x7f686a37a320>,57,12,[4 5],58,90,102,32,90
1,<environment.Job instance at 0x7f686a5c9050>,21,16,[10  2],22,98,114,76,98
1,<environment.Job instance at 0x7f686a37a2d0>,61,22,[1 8],62,99,121,37,99
1,<environment.Job instance at 0x7f6869efe0f0>,42,18,[5 4],43,114,132,71,114
1,<environment.Job instance at 0x7f686a640780>,54,21,[9 1],55,114,135,59,114
1,<environment.Job instance at 0x7f686a37a370>,64,12,[ 5 10],65,132,144,67,132
1,<environment.Job instance at 0x7f686a37ab40>,66,16,[8 4],67,136,152,69,136
1,<environment.Job instance at 0x7f686a6409b0>,55,16,[4 9],56,146,162,90,146
1,<environment.Job instance at 0x7f686a324af0>,77,14,[9 5],78,152,166,74,152
1,<environment.Job instance at 0x7f686a324370>,72,20,[5 8],73,162,182,89,162
1,<environment.Job instance at 0x7f686a324550>,82,17,[6 4],83,166,183,83,166
1,<environment.Job instance at 0x7f686a7c7320>,87,12,[5 1],88,183,195,95,183
1,<environment.Job instance at 0x7f686a37ab90>,65,19,[7 5],66,184,203,118,184
1,<environment.Job instance at 0x7f686a74db40>,4,12,[8 3],5,5,17,0,5
1,<environment.Job instance at 0x7f68740fc1e0>,1,14,[ 3 11],2,6,20,4,6
1,<environment.Job instance at 0x7f686b540a50>,12,14,[6 3],13,17,31,4,13
1,<environment.Job instance at 0x7f686a386460>,0,12,[9 5],1,1,13,0,1
1,<environment.Job instance at 0x7f686a386dc0>,5,18,[ 2 10],6,6,24,0,6
1,<environment.Job instance at 0x7f686a386640>,4,12,[8 3],5,13,25,8,13
1,<environment.Job instance at 0x7f686a3865f0>,12,14,[6 3],13,24,38,11,24
1,<environment.Job instance at 0x7f686a3862d0>,7,14,[9 5],8,25,39,17,25
1,<environment.Job instance at 0x7f686a300190>,16,16,[2 9],17,38,54,21,38
1,<environment.Job instance at 0x7f686a386370>,8,14,[8 5],9,39,53,30,39
1,<environment.Job instance at 0x7f686a7c04b0>,30,15,[5 6],31,53,68,22,53
1,<environment.Job instance at 0x7f686a386280>,6,17,[5 5],7,55,72,48,55
1,<environment.Job instance at 0x7f686a7e5f50>,53,15,[10  1],54,68,83,14,68
1,<environment.Job instance at 0x7f686a7e50f0>,55,12,[1 9],56,72,84,16,72
1,<environment.Job instance at 0x7f686a3000f0>,24,18,[9 3],25,83,101,58,83
1,<environment.Job instance at 0x7f686a7e5c30>,58,18,[5 2],59,83,101,24,83
1,<environment.Job instance at 0x7f686a300050>,22,18,[1 6],23,84,102,61,84
1,<environment.Job instance at 0x7f686a7c7f00>,66,12,[10  1],67,101,113,34,101
1,<environment.Job instance at 0x7f686a7c7d20>,67,17,[4 7],68,101,118,33,101
1,<environment.Job instance at 0x7f686a7e50a0>,57,13,[5 8],58,114,127,56,114
1,<environment.Job instance at 0x7f686a7c0960>,27,19,[2 7],28,118,137,90,118
1,<environment.Job instance at 0x7f686a7c7050>,73,13,[9 2],74,127,140,53,127
1,<environment.Job instance at 0x7f686a7e5190>,65,14,[3 9],66,138,152,72,138
1,<environment.Job instance at 0x7f686a7c7780>,70,16,[ 1 10],71,152,168,81,152
1,<environment.Job instance at 0x7f686a7c79b0>,78,16,[7 4],79,152,168,73,152
1,<environment.Job instance at 0x7f686a7c7370>,82,15,[1 7],83,168,183,85,168
1,<environment.Job instance at 0x7f686a7c7a50>,69,19,[5 8],70,168,187,98,168
1,<environment.Job instance at 0x7f686a5c96e0>,91,12,[5 2],92,183,195,91,183
1,<environment.Job instance at 0x7f686a5c9af0>,90,13,[1 9],91,187,200,96,187
1,<environment.Job instance at 0x7f686a5c9280>,92,18,[7 1],93,187,205,94,187
1,<environment.Job instance at 0x7f686a6dbe10>,0,17,[10  3],1,1,18,0,1
1,<environment.Job instance at 0x7f686a7d6910>,12,15,[4 7],13,13,28,0,13
1,<environment.Job instance at 0x7f686a7d6c80>,13,22,[3 5],14,18,40,4,18
1,<environment.Job instance at 0x7f686a5c9cd0>,30,12,[9 5],31,31,43,0,31
1,<environment.Job instance at 0x7f686a7c74b0>,37,13,[3 7],38,40,53,2,40
1,<environment.Job instance at 0x7f686a7c7a00>,39,12,[10  2],40,43,55,3,43
1,<environment.Job instance at 0x7f686a7c7be0>,33,21,[1 8],34,53,74,19,53
1,<environment.Job instance at 0x7f686a5c9280>,32,12,[9 4],33,55,67,22,55
1,<environment.Job instance at 0x7f6869f889b0>,46,12,[2 6],47,67,79,20,67
1,<environment.Job instance at 0x7f686a2c6d70>,52,13,[9 1],53,67,80,14,67
1,<environment.Job instance at 0x7f686a2c6960>,60,12,[1 8],61,79,91,18,79
1,<environment.Job instance at 0x7f686a2c6af0>,55,13,[5 7],56,80,93,24,80
1,<environment.Job instance at 0x7f686a2c65a0>,61,14,[7 4],62,91,105,29,91
1,<environment.Job instance at 0x7f686a2c6820>,63,15,[2 7],64,93,108,29,93
1,<environment.Job instance at 0x7f686a7c7b40>,38,20,[6 2],39,93,113,54,93
1,<environment.Job instance at 0x7f686a6fe6e0>,69,15,[7 2],70,105,120,35,105
1,<environment.Job instance at 0x7f686aded640>,50,18,[ 2 10],51,108,126,57,108
1,<environment.Job instance at 0x7f686a2c6410>,64,16,[3 5],65,120,136,55,120
1,<environment.Job instance at 0x7f686a6fef50>,85,12,[3 7],86,126,138,40,126
1,<environment.Job instance at 0x7f686a6fe690>,86,13,[4 5],87,136,149,49,136
1,<environment.Job instance at 0x7f686a906730>,90,14,[9 2],91,138,152,47,138
1,<environment.Job instance at 0x7f686a906910>,91,15,[3 7],92,149,164,57,149
1,<environment.Job instance at 0x7f686a6fe910>,70,16,[10  4],71,152,168,81,152
1,<environment.Job instance at 0x7f686a906230>,96,15,[4 9],97,164,179,67,164
1,<environment.Job instance at 0x7f686a9069b0>,97,15,[1 6],98,168,183,70,168
1,<environment.Job instance at 0x7f686a906410>,101,16,[5 1],102,179,195,77,179
1,<environment.Job instance at 0x7f686a906c80>,102,15,[9 3],103,179,194,76,179
1,<environment.Job instance at 0x7f6869da8eb0>,4,15,[2 5],5,5,20,0,5
1,<environment.Job instance at 0x7f6869da82d0>,5,15,[7 2],6,6,21,0,6
1,<environment.Job instance at 0x7f6869dea0f0>,17,24,[12  4],18,21,45,3,18
1,<environment.Job instance at 0x7f6869dea9b0>,18,19,[2 6],19,19,38,0,19
1,<environment.Job instance at 0x7f6869dea280>,14,23,[7 1],15,45,68,30,39
1,<environment.Job instance at 0x7f6869dea500>,23,17,[2 8],24,60,77,36,60
1,<environment.Job instance at 0x7f6869dea960>,25,13,[11  2],26,68,81,42,60
1,<environment.Job instance at 0x7f6869dea5a0>,28,14,[1 7],29,77,91,48,62
1,<environment.Job instance at 0x7f6869dea4b0>,29,19,[4 5],30,81,100,51,71
1,<environment.Job instance at 0x7f6869dea320>,35,12,[ 1 13],36,100,112,64,88
1,<environment.Job instance at 0x7f6869deabe0>,37,14,[ 3 11],38,112,126,74,98
1,<environment.Job instance at 0x7f686b4998c0>,2,18,[2 5],3,3,21,0,3
1,<environment.Job instance at 0x7f686b499f50>,4,15,[2 5],5,5,20,0,5
1,<environment.Job instance at 0x7f686b4993c0>,5,15,[7 2],6,6,21,0,6
1,<environment.Job instance at 0x7f686b499aa0>,10,14,[2 9],11,21,35,10,21
1,<environment.Job instance at 0x7f686b499e60>,6,19,[10  4],7,21,40,14,21
1,<environment.Job instance at 0x7f686a906280>,23,17,[2 8],24,35,52,11,35
1,<environment.Job instance at 0x7f686a906af0>,28,14,[1 7],29,40,54,11,40
1,<environment.Job instance at 0x7f686a6feb90>,33,13,[9 1],34,52,65,18,52
1,<environment.Job instance at 0x7f686a906f00>,20,18,[1 7],21,52,70,31,52
1,<environment.Job instance at 0x7f686a9065a0>,18,19,[2 6],19,54,73,35,54
1,<environment.Job instance at 0x7f686a6fe0f0>,40,18,[8 2],41,65,83,24,65
1,<environment.Job instance at 0x7f686b4388c0>,48,17,[6 1],49,73,90,24,73
1,<environment.Job instance at 0x7f686b499d70>,9,21,[1 9],10,73,94,63,73
1,<environment.Job instance at 0x7f6869f865f0>,50,15,[8 2],51,83,98,32,83
1,<environment.Job instance at 0x7f686a3f3640>,53,18,[6 1],54,90,108,36,90
1,<environment.Job instance at 0x7f686a3f30a0>,56,12,[3 5],57,98,110,41,98
1,<environment.Job instance at 0x7f686a42f230>,58,14,[6 1],59,98,112,39,98
1,<environment.Job instance at 0x7f686a42fb40>,61,14,[6 5],62,108,122,46,108
1,<environment.Job instance at 0x7f686a6fe3c0>,34,18,[3 9],35,110,128,75,110
1,<environment.Job instance at 0x7f686a409690>,69,12,[7 5],70,123,135,53,123
1,<environment.Job instance at 0x7f686a42c5a0>,76,15,[8 2],77,128,143,51,128
1,<environment.Job instance at 0x7f686a4092d0>,70,16,[6 3],71,135,151,64,135
1,<environment.Job instance at 0x7f686a9060f0>,27,15,[9 5],28,144,159,116,144
1,<environment.Job instance at 0x7f686ad4c0a0>,81,22,[5 4],82,151,173,69,151
1,<environment.Job instance at 0x7f686a409280>,67,16,[8 2],68,161,177,93,161
1,<environment.Job instance at 0x7f686a430e60>,88,15,[4 5],89,173,188,84,173
1,<environment.Job instance at 0x7f686ad4c5f0>,83,17,[ 4 10],84,178,195,94,178
1,<environment.Job instance at 0x7f686a42c960>,73,19,[8 1],74,189,208,115,189
1,<environment.Job instance at 0x7f686a74b190>,0,12,[2 5],1,1,13,0,1
1,<environment.Job instance at 0x7f686a74b910>,1,13,[9 3],2,2,15,0,2
1,<environment.Job instance at 0x7f686a74b960>,4,14,[8 5],5,15,29,10,5
1,<environment.Job instance at 0x7f686a74b1e0>,10,13,[5 1],11,13,26,2,11
1,<environment.Job instance at 0x7f686a74b410>,15,18,[1 8],16,17,35,1,17
1,<environment.Job instance at 0x7f686a74b3c0>,13,14,[12  1],14,29,43,15,18
1,<environment.Job instance at 0x7f686a74b140>,19,13,[6 2],20,43,56,23,27
1,<environment.Job instance at 0x7f686a74b280>,14,21,[8 5],15,43,64,28,37
1,<environment.Job instance at 0x7f686a5390f0>,21,24,[ 4 10],22,57,81,35,57
1,<environment.Job instance at 0x7f686a74bcd0>,20,21,[2 5],21,64,85,43,57
1,<environment.Job instance at 0x7f686a8d3be0>,0,12,[2 5],1,1,13,0,1
1,<environment.Job instance at 0x7f686a8d38c0>,1,13,[9 3],2,2,15,0,2
1,<environment.Job instance at 0x7f686a8d3410>,7,13,[5 9],8,13,26,5,13
1,<environment.Job instance at 0x7f686a8d3910>,10,13,[5 1],11,15,28,4,15
1,<environment.Job instance at 0x7f6873ed2410>,19,13,[6 2],20,26,39,6,26
1,<environment.Job instance at 0x7f686a8d3370>,15,18,[1 8],16,26,44,10,26
1,<environment.Job instance at 0x7f686a8d3730>,4,14,[8 5],5,28,42,23,28
1,<environment.Job instance at 0x7f686a153f50>,29,12,[5 6],30,42,54,12,42
1,<environment.Job instance at 0x7f686b049c30>,26,16,[2 6],27,44,60,17,44
1,<environment.Job instance at 0x7f686a1644b0>,32,17,[5 1],33,44,61,11,44
1,<environment.Job instance at 0x7f686a1535f0>,28,17,[5 5],29,54,71,25,54
1,<environment.Job instance at 0x7f686b415190>,37,14,[3 8],38,60,74,22,60
1,<environment.Job instance at 0x7f687b0f8960>,34,15,[9 5],35,71,86,36,71
1,<environment.Job instance at 0x7f686a69adc0>,44,12,[5 1],45,74,86,29,74
1,<environment.Job instance at 0x7f686a15cc30>,49,12,[6 1],50,86,98,36,86
1,<environment.Job instance at 0x7f686a17ef00>,58,14,[8 5],59,86,100,27,86
1,<environment.Job instance at 0x7f686a40aa50>,66,13,[7 3],67,98,111,31,98
1,<environment.Job instance at 0x7f686a187af0>,67,14,[7 1],68,100,114,32,100
1,<environment.Job instance at 0x7f686a69cd20>,43,17,[5 7],44,112,129,68,112
1,<environment.Job instance at 0x7f686adc75a0>,31,18,[9 5],32,114,132,82,114
1,<environment.Job instance at 0x7f686b049320>,23,18,[6 3],24,129,147,105,129
1,<environment.Job instance at 0x7f686ad6ba50>,88,15,[8 2],89,132,147,43,132
1,<environment.Job instance at 0x7f686ad6b0f0>,89,12,[5 9],90,147,159,57,147
1,<environment.Job instance at 0x7f686ad4c500>,87,14,[10  5],88,147,161,59,147
1,<environment.Job instance at 0x7f686a430320>,80,22,[4 6],81,159,181,78,159
1,<environment.Job instance at 0x7f686a409820>,99,13,[6 2],100,162,175,62,162
1,<environment.Job instance at 0x7f686a42f910>,107,16,[2 7],108,162,178,54,162
1,<environment.Job instance at 0x7f686a42f780>,105,15,[7 3],106,178,193,72,178
1,<environment.Job instance at 0x7f686ad4c690>,86,17,[7 5],87,181,198,94,181
1,<environment.Job instance at 0x7f686a9977d0>,3,13,[1 6],4,4,17,0,4
1,<environment.Job instance at 0x7f686a15cc80>,12,18,[1 5],13,14,32,1,14
1,<environment.Job instance at 0x7f686a8d3550>,14,25,[14  2],15,17,42,2,17
1,<environment.Job instance at 0x7f686a42a690>,5,17,[1 6],6,38,55,32,38
1,<environment.Job instance at 0x7f686a25d460>,16,16,[ 4 14],17,55,71,38,42
1,<environment.Job instance at 0x7f686a25d820>,17,18,[8 1],18,47,65,29,47
1,<environment.Job instance at 0x7f686a25d640>,18,26,[ 5 14],19,71,97,52,68
1,<environment.Job instance at 0x7f686a25dbe0>,23,24,[12  2],24,97,121,73,96
1,<environment.Job instance at 0x7f686a25dc80>,24,18,[3 8],25,99,117,74,99
1,<environment.Job instance at 0x7f686a198b90>,0,15,[9 4],1,1,16,0,1
1,<environment.Job instance at 0x7f686b1325f0>,3,13,[1 6],4,4,17,0,4
1,<environment.Job instance at 0x7f686b1320f0>,4,12,[10  3],5,16,28,11,16
1,<environment.Job instance at 0x7f686b1320a0>,5,17,[1 6],6,16,33,10,16
1,<environment.Job instance at 0x7f686b1329b0>,12,18,[1 5],13,17,35,4,17
1,<environment.Job instance at 0x7f686b4775a0>,17,18,[8 1],18,28,46,10,28
1,<environment.Job instance at 0x7f686b4779b0>,24,18,[3 8],25,33,51,8,33
1,<environment.Job instance at 0x7f686a5ca0a0>,31,12,[6 3],32,46,58,14,46
1,<environment.Job instance at 0x7f686b477eb0>,29,17,[6 2],30,46,63,16,46
1,<environment.Job instance at 0x7f686a5caa00>,30,15,[2 6],31,51,66,20,51
1,<environment.Job instance at 0x7f686a5cae60>,34,17,[7 1],35,58,75,23,58
1,<environment.Job instance at 0x7f686a5cab90>,39,18,[1 6],40,63,81,23,63
1,<environment.Job instance at 0x7f686a5ca0f0>,42,16,[4 6],43,66,82,23,66
1,<environment.Job instance at 0x7f686a5ca1e0>,37,17,[9 2],38,75,92,37,75
1,<environment.Job instance at 0x7f686b1324b0>,7,21,[2 8],8,82,103,74,82
1,<environment.Job instance at 0x7f686b43d960>,51,12,[4 5],52,82,94,30,82
1,<environment.Job instance at 0x7f686b132640>,13,21,[9 2],14,92,113,78,92
1,<environment.Job instance at 0x7f686a3f9c30>,58,14,[1 7],59,103,117,44,103
1,<environment.Job instance at 0x7f686a42f910>,67,14,[5 6],68,114,128,46,114
1,<environment.Job instance at 0x7f686a42f820>,70,13,[4 8],71,117,130,46,117
1,<environment.Job instance at 0x7f686a409280>,73,13,[4 6],74,128,141,54,128
1,<environment.Job instance at 0x7f686a42c460>,76,13,[2 7],77,130,143,53,130
1,<environment.Job instance at 0x7f686a42c5a0>,77,14,[9 3],78,141,155,63,141
1,<environment.Job instance at 0x7f686b4507d0>,66,15,[ 5 10],67,144,159,77,144
1,<environment.Job instance at 0x7f686ad6bc80>,80,12,[9 4],81,155,167,74,155
1,<environment.Job instance at 0x7f686a3f3640>,59,15,[5 9],60,159,174,99,159
1,<environment.Job instance at 0x7f686b45d7d0>,64,19,[5 3],65,167,186,102,167
1,<environment.Job instance at 0x7f686b4e3870>,92,13,[ 3 10],93,174,187,81,174
1,<environment.Job instance at 0x7f686b39c410>,96,18,[8 2],97,186,204,89,186
1,<environment.Job instance at 0x7f686ad705f0>,90,14,[4 9],91,187,201,96,187
1,<environment.Job instance at 0x7f6869d14230>,2,15,[3 8],3,3,18,0,3
1,<environment.Job instance at 0x7f6869d14550>,6,13,[2 8],7,18,31,11,7
1,<environment.Job instance at 0x7f686a118910>,9,14,[1 5],10,10,24,0,10
1,<environment.Job instance at 0x7f686a118f50>,10,19,[5 2],11,11,30,0,11
1,<environment.Job instance at 0x7f686a118320>,14,12,[ 3 12],15,31,43,16,16
1,<environment.Job instance at 0x7f686a1180f0>,16,20,[5 1],17,24,44,7,17
1,<environment.Job instance at 0x7f686a1184b0>,15,24,[7 1],16,30,54,14,25
1,<environment.Job instance at 0x7f686a118960>,18,23,[7 4],19,44,67,25,38
1,<environment.Job instance at 0x7f686a118640>,19,23,[2 8],20,54,77,34,49
1,<environment.Job instance at 0x7f686a118410>,17,24,[6 2],18,54,78,36,49
1,<environment.Job instance at 0x7f686a118e60>,20,15,[ 4 12],21,77,92,56,64
1,<environment.Job instance at 0x7f686a1181e0>,21,25,[11  3],22,78,103,56,75
1,<environment.Job instance at 0x7f6869d14320>,5,26,[ 1 11],6,92,118,86,89
1,<environment.Job instance at 0x7f686a118730>,23,22,[5 5],24,118,140,94,111
1,<environment.Job instance at 0x7f686b2a6f50>,27,12,[2 6],28,118,130,90,111
1,<environment.Job instance at 0x7f686b2a6eb0>,28,21,[ 2 11],29,140,161,111,132
1,<environment.Job instance at 0x7f686b2a6fa0>,29,23,[9 2],30,132,155,102,132
1,<environment.Job instance at 0x7f686b2a68c0>,32,13,[13  1],33,155,168,122,147
1,<environment.Job instance at 0x7f686b2a6050>,34,13,[11  2],35,168,181,133,152
1,<environment.Job instance at 0x7f686a118140>,25,12,[ 3 13],26,168,180,142,152
1,<environment.Job instance at 0x7f686b2a6b90>,33,16,[5 6],34,181,197,147,172
1,<environment.Job instance at 0x7f686b2a6870>,38,18,[11  2],39,197,215,158,188
1,<environment.Job instance at 0x7f6869f92af0>,2,15,[3 8],3,3,18,0,3
1,<environment.Job instance at 0x7f6869f8df50>,9,14,[1 5],10,10,24,0,10
1,<environment.Job instance at 0x7f6869f8dc80>,10,19,[5 2],11,11,30,0,11
1,<environment.Job instance at 0x7f6869f8dc30>,6,13,[2 8],7,18,31,11,18
1,<environment.Job instance at 0x7f686a0f8dc0>,16,20,[5 1],17,24,44,7,24
1,<environment.Job instance at 0x7f686a130fa0>,27,12,[2 6],28,30,42,2,30
1,<environment.Job instance at 0x7f686a1219b0>,23,22,[5 5],24,31,53,7,31
1,<environment.Job instance at 0x7f686a858550>,33,16,[5 6],34,42,58,8,42
1,<environment.Job instance at 0x7f686a117640>,50,12,[10  3],51,53,65,2,53
1,<environment.Job instance at 0x7f686a865780>,51,16,[1 6],52,58,74,6,58
1,<environment.Job instance at 0x7f686a83ee60>,47,21,[3 6],48,58,79,10,58
1,<environment.Job instance at 0x7f686a83e140>,46,12,[8 2],47,65,77,18,65
1,<environment.Job instance at 0x7f686a0f28c0>,63,14,[5 6],64,77,91,13,77
1,<environment.Job instance at 0x7f6869f783c0>,73,14,[10  5],74,79,93,5,79
1,<environment.Job instance at 0x7f686a4c75f0>,68,16,[10  1],69,93,109,24,93
1,<environment.Job instance at 0x7f686aa34b90>,79,14,[6 5],80,109,123,29,109
1,<environment.Job instance at 0x7f686ae4e910>,83,15,[ 3 10],84,109,124,25,109
1,<environment.Job instance at 0x7f686a865fa0>,53,18,[10  1],54,123,141,69,123
1,<environment.Job instance at 0x7f686ae74fa0>,86,18,[1 8],87,124,142,37,124
1,<environment.Job instance at 0x7f686a857410>,92,17,[6 1],93,141,158,48,141
1,<environment.Job instance at 0x7f686a871640>,89,18,[8 3],90,142,160,52,142
1,<environment.Job instance at 0x7f6869e3d5f0>,98,21,[1 6],99,142,163,43,142
1,<environment.Job instance at 0x7f686a866730>,57,21,[6 2],58,158,179,100,158
1,<environment.Job instance at 0x7f686a0f22d0>,62,19,[8 2],63,160,179,97,160
1,<environment.Job instance at 0x7f6869e65320>,0,19,[ 4 10],1,1,20,0,1
1,<environment.Job instance at 0x7f686a50bd20>,10,17,[10  2],11,11,28,0,11
1,<environment.Job instance at 0x7f6869e6b730>,5,16,[4 6],6,20,36,14,20
1,<environment.Job instance at 0x7f6869e540a0>,13,18,[3 8],14,28,46,14,28
1,<environment.Job instance at 0x7f6869e3fe60>,23,21,[9 3],24,36,57,12,36
1,<environment.Job instance at 0x7f6869e3f6e0>,36,12,[3 8],37,46,58,9,46
1,<environment.Job instance at 0x7f6869e44f50>,41,13,[5 2],42,57,70,15,57
1,<environment.Job instance at 0x7f6869e71a00>,14,22,[7 4],15,57,79,42,57
1,<environment.Job instance at 0x7f6869e44690>,40,17,[1 6],41,58,75,17,58
1,<environment.Job instance at 0x7f6869e44c80>,48,18,[6 3],49,70,88,21,70
1,<environment.Job instance at 0x7f6869e3f960>,33,22,[1 7],34,75,97,41,75
1,<environment.Job instance at 0x7f6869e3d5f0>,57,12,[8 4],58,79,91,21,79
1,<environment.Job instance at 0x7f6869e449b0>,52,16,[6 2],53,88,104,35,88
1,<environment.Job instance at 0x7f6869e44aa0>,59,18,[3 5],60,91,109,31,91
1,<environment.Job instance at 0x7f6869e3db90>,64,15,[1 6],65,97,112,32,97
1,<environment.Job instance at 0x7f6869e3df50>,65,14,[10  1],66,104,118,38,104
1,<environment.Job instance at 0x7f6869e3de10>,67,17,[1 9],68,113,130,45,113
1,<environment.Job instance at 0x7f686aa35460>,76,13,[5 5],77,118,131,41,118
1,<environment.Job instance at 0x7f6869e442d0>,43,16,[9 1],44,118,134,74,118
1,<environment.Job instance at 0x7f6869e3dd70>,71,18,[6 3],72,132,150,60,132
1,<environment.Job instance at 0x7f686aa35690>,90,16,[6 5],91,134,150,43,134
1,<environment.Job instance at 0x7f686aa35550>,89,16,[2 7],90,134,150,44,134
1,<environment.Job instance at 0x7f686aa357d0>,92,13,[6 2],93,150,163,57,150
1,<environment.Job instance at 0x7f686aa35eb0>,91,17,[ 3 10],92,151,168,59,151
1,<environment.Job instance at 0x7f6869e3da00>,68,17,[7 2],69,163,180,94,163
1,<environment.Job instance at 0x7f686aa35780>,94,15,[3 6],95,169,184,74,169
1,<environment.Job instance at 0x7f686aa35640>,93,21,[1 5],94,169,190,75,169
1,<environment.Job instance at 0x7f686ac03550>,99,18,[9 1],100,181,199,81,181
1,<environment.Job instance at 0x7f6869e3d780>,74,19,[3 8],75,184,203,109,184
1,<environment.Job instance at 0x7f686a83aa50>,1,22,[9 4],2,2,24,0,2
1,<environment.Job instance at 0x7f686ac03410>,9,12,[4 6],10,10,22,0,10
1,<environment.Job instance at 0x7f686ac036e0>,20,14,[1 8],21,22,36,1,22
1,<environment.Job instance at 0x7f686ac037d0>,19,21,[5 1],20,22,43,2,22
1,<environment.Job instance at 0x7f686a83ac30>,2,20,[7 3],3,24,44,21,24
1,<environment.Job instance at 0x7f686ac03f50>,10,16,[ 1 10],11,36,52,25,36
1,<environment.Job instance at 0x7f686ac03aa0>,25,14,[6 2],26,43,57,17,43
1,<environment.Job instance at 0x7f686a83ab40>,11,15,[4 8],12,52,67,40,52
1,<environment.Job instance at 0x7f686ac03280>,15,17,[10  3],16,57,74,41,57
1,<environment.Job instance at 0x7f6869e3d9b0>,43,13,[ 4 10],44,67,80,23,67
1,<environment.Job instance at 0x7f6869e3da00>,36,17,[7 4],37,74,91,37,74
1,<environment.Job instance at 0x7f6869e44910>,65,12,[5 6],66,80,92,14,80
1,<environment.Job instance at 0x7f6869e44370>,64,12,[2 7],65,91,103,26,91
1,<environment.Job instance at 0x7f6869e44a00>,48,14,[5 6],49,93,107,44,93
1,<environment.Job instance at 0x7f6869e3fd70>,76,14,[7 2],77,103,117,26,103
1,<environment.Job instance at 0x7f6869e3f8c0>,70,15,[2 6],71,103,118,32,103
1,<environment.Job instance at 0x7f6869e3fd20>,79,12,[3 5],80,107,119,27,107
1,<environment.Job instance at 0x7f6869e3fc80>,71,19,[10  2],72,117,136,45,117
1,<environment.Job instance at 0x7f6869e44d70>,52,16,[3 6],53,119,135,66,119
1,<environment.Job instance at 0x7f6869e71910>,91,18,[2 6],92,119,137,27,119
1,<environment.Job instance at 0x7f686b362fa0>,102,13,[2 5],103,137,150,34,137
1,<environment.Job instance at 0x7f6869e62e10>,97,15,[10  3],98,137,152,39,137
1,<environment.Job instance at 0x7f686b362320>,105,12,[1 7],106,137,149,31,137
1,<environment.Job instance at 0x7f686b362a50>,103,16,[ 4 10],104,150,166,46,150
1,<environment.Job instance at 0x7f686b3620f0>,107,14,[9 3],108,152,166,44,152
1,<environment.Job instance at 0x7f686b362a00>,109,12,[8 3],110,166,178,56,166
1,<environment.Job instance at 0x7f6869e6b550>,95,18,[3 8],96,167,185,71,167
1,<environment.Job instance at 0x7f686a0d4870>,113,15,[9 1],114,178,193,64,178
1,<environment.Job instance at 0x7f686a52a3c0>,4,13,[3 5],5,5,18,0,5
1,<environment.Job instance at 0x7f686b32f870>,9,18,[3 6],10,10,28,0,10
1,<environment.Job instance at 0x7f686b31ff00>,12,13,[2 9],13,18,31,5,14
1,<environment.Job instance at 0x7f686b32f780>,10,15,[12  1],11,28,43,17,17
1,<environment.Job instance at 0x7f686b31faf0>,15,16,[ 2 12],16,31,47,15,19
1,<environment.Job instance at 0x7f686a52a0a0>,11,13,[12  3],12,90,103,78,90
1,<environment.Job instance at 0x7f686ac03cd0>,2,20,[2 7],3,3,23,0,3
1,<environment.Job instance at 0x7f686ac03d20>,4,13,[3 5],5,5,18,0,5
1,<environment.Job instance at 0x7f686ac03410>,9,18,[3 6],10,18,36,8,18
1,<environment.Job instance at 0x7f686a655e60>,12,13,[2 9],13,23,36,10,23
1,<environment.Job instance at 0x7f686af74780>,34,12,[3 8],35,36,48,1,36
1,<environment.Job instance at 0x7f686b4e6dc0>,27,16,[8 5],28,36,52,8,36
1,<environment.Job instance at 0x7f686b4e6280>,28,14,[3 8],29,48,62,19,48
1,<environment.Job instance at 0x7f686a638280>,39,18,[10  2],40,52,70,12,52
1,<environment.Job instance at 0x7f686a3d10a0>,50,18,[3 8],51,62,80,11,62
1,<environment.Job instance at 0x7f6869d8ccd0>,52,17,[7 2],53,70,87,17,70
1,<environment.Job instance at 0x7f686a3f1a50>,55,18,[3 9],56,80,98,24,80
1,<environment.Job instance at 0x7f686b4ec1e0>,61,13,[5 1],62,88,101,26,88
1,<environment.Job instance at 0x7f686a3b30a0>,68,15,[7 2],69,88,103,19,88
1,<environment.Job instance at 0x7f686a3b3e10>,70,18,[3 9],71,98,116,27,98
1,<environment.Job instance at 0x7f686b4ecf50>,66,21,[6 5],67,103,124,36,103
1,<environment.Job instance at 0x7f686a38de60>,73,14,[ 3 10],74,116,130,42,116
1,<environment.Job instance at 0x7f686a3e7aa0>,79,16,[5 5],80,124,140,44,124
1,<environment.Job instance at 0x7f686a662eb0>,80,12,[7 5],81,130,142,49,130
1,<environment.Job instance at 0x7f686a662d70>,83,15,[5 2],84,140,155,56,140
1,<environment.Job instance at 0x7f686a375e60>,85,18,[5 9],86,142,160,56,142
1,<environment.Job instance at 0x7f686a38d190>,75,18,[5 3],76,142,160,66,142
1,<environment.Job instance at 0x7f686a3b1e60>,89,12,[3 5],90,160,172,70,160
1,<environment.Job instance at 0x7f686a375eb0>,86,16,[5 7],87,160,176,73,160
1,<environment.Job instance at 0x7f686a3b6f00>,98,13,[7 1],99,172,185,73,172
1,<environment.Job instance at 0x7f686a3d9870>,91,18,[8 1],92,177,195,85,177
1,<environment.Job instance at 0x7f686a3ce550>,104,14,[5 2],105,185,199,80,185
1,<environment.Job instance at 0x7f686a1df820>,4,21,[5 6],5,5,26,0,5
1,<environment.Job instance at 0x7f686a1df910>,6,24,[14  2],7,26,50,19,21
1,<environment.Job instance at 0x7f6869d98b90>,10,14,[3 5],11,50,64,39,35
1,<environment.Job instance at 0x7f6869d98640>,11,15,[ 3 11],12,64,79,52,50
1,<environment.Job instance at 0x7f6869d98910>,12,24,[10  5],13,79,103,66,74
1,<environment.Job instance at 0x7f6869d98230>,16,16,[ 5 14],17,103,119,86,91
1,<environment.Job instance at 0x7f6869d988c0>,8,23,[ 4 14],9,119,142,110,114
1,<environment.Job instance at 0x7f6869d98320>,17,25,[6 2],18,142,167,124,138
1,<environment.Job instance at 0x7f6869d983c0>,18,22,[ 4 10],19,142,164,123,139
1,<environment.Job instance at 0x7f6873e29690>,7,17,[13  4],8,167,184,159,158
1,<environment.Job instance at 0x7f6869d987d0>,21,13,[ 4 11],22,184,197,162,174
1,<environment.Job instance at 0x7f6869d98c30>,15,20,[11  3],16,184,204,168,175
1,<environment.Job instance at 0x7f686a657aa0>,4,21,[5 6],5,5,26,0,5
1,<environment.Job instance at 0x7f686a3d96e0>,5,17,[10  4],6,6,23,0,6
1,<environment.Job instance at 0x7f686a3e79b0>,10,14,[3 5],11,23,37,12,23
1,<environment.Job instance at 0x7f686a1df460>,24,15,[3 5],25,26,41,1,26
1,<environment.Job instance at 0x7f686b503f50>,20,20,[8 2],21,26,46,5,26
1,<environment.Job instance at 0x7f686b4dbfa0>,32,13,[4 8],33,41,54,8,41
1,<environment.Job instance at 0x7f686b492eb0>,31,13,[8 2],32,46,59,14,46
1,<environment.Job instance at 0x7f686b306dc0>,51,14,[4 8],52,54,68,2,54
1,<environment.Job instance at 0x7f686a3b3d20>,41,15,[10  5],42,59,74,17,59
1,<environment.Job instance at 0x7f686a39c4b0>,56,14,[5 3],57,68,82,11,68
1,<environment.Job instance at 0x7f686a117fa0>,69,13,[9 5],70,74,87,4,74
1,<environment.Job instance at 0x7f686a5864b0>,58,16,[1 7],59,74,90,15,74
1,<environment.Job instance at 0x7f686a3b3460>,42,16,[4 8],43,87,103,44,87
1,<environment.Job instance at 0x7f686a117410>,72,17,[9 2],73,90,107,17,90
1,<environment.Job instance at 0x7f6869fc1730>,76,18,[5 7],77,103,121,26,103
1,<environment.Job instance at 0x7f6869fdd0a0>,87,13,[5 1],88,108,121,20,108
1,<environment.Job instance at 0x7f6869fddaa0>,86,17,[1 7],87,108,125,21,108
1,<environment.Job instance at 0x7f686a57ab90>,93,13,[7 5],94,121,134,27,121
1,<environment.Job instance at 0x7f6869fddf50>,88,14,[7 3],89,121,135,32,121
1,<environment.Job instance at 0x7f686aa830f0>,110,13,[5 5],111,134,147,23,134
1,<environment.Job instance at 0x7f686a57abe0>,94,14,[2 5],95,134,148,39,134
1,<environment.Job instance at 0x7f6869fdd0f0>,82,20,[5 5],83,135,155,52,135
1,<environment.Job instance at 0x7f686aa83be0>,113,18,[2 5],114,147,165,33,147
1,<environment.Job instance at 0x7f686add2eb0>,117,18,[5 3],118,148,166,30,148
1,<environment.Job instance at 0x7f686aa83cd0>,111,13,[4 6],112,155,168,43,155
1,<environment.Job instance at 0x7f686aaaa550>,122,17,[7 2],123,166,183,43,166
1,<environment.Job instance at 0x7f686b06ef50>,118,17,[8 1],119,169,186,50,169
1,<environment.Job instance at 0x7f6869fea7d0>,2,21,[5 1],3,3,24,0,3
1,<environment.Job instance at 0x7f686b06cf50>,2,21,[5 1],3,3,24,0,3
1,<environment.Job instance at 0x7f686a3a31e0>,4,14,[9 5],5,5,19,0,5
1,<environment.Job instance at 0x7f686a3a3eb0>,5,13,[5 6],6,19,32,13,19
1,<environment.Job instance at 0x7f686a389190>,16,15,[5 6],17,19,34,2,19
1,<environment.Job instance at 0x7f6869bcdd70>,25,12,[2 8],26,32,44,6,32
1,<environment.Job instance at 0x7f6869fc85a0>,22,17,[10  3],23,34,51,11,34
1,<environment.Job instance at 0x7f6869fc40f0>,39,13,[5 6],40,44,57,4,44
1,<environment.Job instance at 0x7f686aa83be0>,49,18,[9 1],50,51,69,1,51
1,<environment.Job instance at 0x7f686aa832d0>,53,14,[1 5],54,54,68,0,54
1,<environment.Job instance at 0x7f686aa83960>,56,17,[4 7],57,57,74,0,57
1,<environment.Job instance at 0x7f686aa83230>,52,16,[6 2],53,69,85,16,69
1,<environment.Job instance at 0x7f686aa83a00>,50,16,[ 1 10],51,74,90,23,74
1,<environment.Job instance at 0x7f686aaa8af0>,64,13,[1 5],65,85,98,20,85
1,<environment.Job instance at 0x7f686a1205f0>,66,13,[3 9],67,90,103,23,90
1,<environment.Job instance at 0x7f686aaa80f0>,63,17,[10  5],64,98,115,34,98
1,<environment.Job instance at 0x7f686aaa84b0>,57,16,[ 5 10],58,103,119,45,103
1,<environment.Job instance at 0x7f6869cc21e0>,70,16,[10  1],71,115,131,44,115
1,<environment.Job instance at 0x7f6869fc8a00>,24,17,[ 2 10],25,119,136,94,119
1,<environment.Job instance at 0x7f6869fdd0a0>,73,16,[7 4],74,131,147,57,131
1,<environment.Job instance at 0x7f6869fdd0f0>,76,17,[8 5],77,136,153,59,136
1,<environment.Job instance at 0x7f686a3899b0>,15,17,[ 5 10],16,147,164,131,147
1,<environment.Job instance at 0x7f6869fdd2d0>,80,15,[10  1],81,153,168,72,153
1,<environment.Job instance at 0x7f686a57abe0>,69,18,[5 4],70,164,182,94,164
1,<environment.Job instance at 0x7f686adf0870>,90,13,[9 1],91,169,182,78,169
1,<environment.Job instance at 0x7f686a39c4b0>,105,21,[ 1 10],106,169,190,63,169
1,<environment.Job instance at 0x7f686a117fa0>,91,13,[10  1],92,183,196,91,183
1,<environment.Job instance at 0x7f6869cd45a0>,5,17,[5 1],6,6,23,0,6
1,<environment.Job instance at 0x7f686b09d140>,10,21,[6 4],11,11,32,0,11
1,<environment.Job instance at 0x7f686b09dd70>,12,14,[12  1],13,32,46,19,22
1,<environment.Job instance at 0x7f686b09d1e0>,15,22,[3 6],16,24,46,8,24
1,<environment.Job instance at 0x7f686b09d820>,14,14,[11  1],15,46,60,31,33
1,<environment.Job instance at 0x7f686b09daa0>,16,24,[3 9],17,46,70,29,41
1,<environment.Job instance at 0x7f686a059b40>,7,16,[11  1],8,60,76,52,48
1,<environment.Job instance at 0x7f686b09df50>,19,27,[ 1 14],20,70,97,50,69
1,<environment.Job instance at 0x7f686b09dc30>,13,19,[5 4],14,99,118,85,99
1,<environment.Job instance at 0x7f686b09deb0>,21,22,[7 5],22,102,124,80,102
1,<environment.Job instance at 0x7f686b09db40>,11,24,[13  3],12,124,148,112,120
1,<environment.Job instance at 0x7f686b09d320>,17,28,[5 3],18,148,176,130,147
1,<environment.Job instance at 0x7f686a185910>,24,24,[7 4],25,158,182,133,158
1,<environment.Job instance at 0x7f686a1855f0>,22,24,[3 6],23,163,187,140,163
1,<environment.Job instance at 0x7f686b09d5f0>,18,24,[11  4],19,182,206,163,179
1,<environment.Job instance at 0x7f6869bf0af0>,0,16,[7 5],1,1,17,0,1
1,<environment.Job instance at 0x7f6869bf0dc0>,1,15,[5 6],2,2,17,0,2
1,<environment.Job instance at 0x7f6869bf0b90>,5,17,[5 1],6,17,34,11,17
1,<environment.Job instance at 0x7f6869bf0cd0>,13,19,[5 4],14,17,36,3,17
1,<environment.Job instance at 0x7f6869bf08c0>,6,21,[4 8],7,17,38,10,17
1,<environment.Job instance at 0x7f686a3d9f00>,30,12,[9 2],31,36,48,5,36
1,<environment.Job instance at 0x7f686a051f00>,25,16,[4 5],26,38,54,12,38
1,<environment.Job instance at 0x7f686a3e75f0>,35,13,[8 1],36,48,61,12,48
1,<environment.Job instance at 0x7f686a3dfc30>,41,16,[3 9],42,48,64,6,48
1,<environment.Job instance at 0x7f686b46c370>,38,17,[9 3],39,61,78,22,61
1,<environment.Job instance at 0x7f686a3b3f00>,58,19,[5 3],59,65,84,6,65
1,<environment.Job instance at 0x7f686af73320>,64,15,[5 6],65,78,93,13,78
1,<environment.Job instance at 0x7f686b306370>,67,15,[3 6],68,78,93,10,78
1,<environment.Job instance at 0x7f686aabb5a0>,48,18,[7 3],49,84,102,35,84
1,<environment.Job instance at 0x7f686adefeb0>,62,18,[2 8],63,94,112,31,94
1,<environment.Job instance at 0x7f6869bf05f0>,10,21,[6 4],11,94,115,83,94
1,<environment.Job instance at 0x7f686a39cd20>,71,12,[7 2],72,102,114,30,102
1,<environment.Job instance at 0x7f686a586f00>,75,12,[3 9],76,114,126,38,114
1,<environment.Job instance at 0x7f686b071910>,81,13,[6 2],82,114,127,32,114
1,<environment.Job instance at 0x7f686aa995a0>,73,17,[9 4],74,126,143,52,126
1,<environment.Job instance at 0x7f686a120410>,85,15,[5 8],86,127,142,41,127
1,<environment.Job instance at 0x7f686aaa80f0>,87,16,[1 8],88,142,158,54,142
1,<environment.Job instance at 0x7f686a57a2d0>,83,17,[7 1],84,145,162,61,145
1,<environment.Job instance at 0x7f686aaa8280>,93,19,[7 4],94,146,165,52,146
1,<environment.Job instance at 0x7f686aaa8820>,91,20,[5 5],92,162,182,70,162
1,<environment.Job instance at 0x7f6869bf0eb0>,15,22,[3 6],16,162,184,146,162
1,<environment.Job instance at 0x7f686b01f0a0>,70,21,[7 3],71,165,186,94,165
1,<environment.Job instance at 0x7f686a2e74b0>,3,23,[1 8],4,5,28,1,5
1,<environment.Job instance at 0x7f686a98deb0>,4,14,[13  1],5,9,23,4,9
1,<environment.Job instance at 0x7f686ad003c0>,6,21,[5 2],7,23,44,16,15
1,<environment.Job instance at 0x7f686acc5b90>,10,13,[ 1 12],11,28,41,17,15
1,<environment.Job instance at 0x7f686acc51e0>,11,13,[3 6],12,41,54,29,25
1,<environment.Job instance at 0x7f6869b793c0>,18,15,[3 6],19,41,56,22,29
1,<environment.Job instance at 0x7f686acc57d0>,13,18,[3 6],14,54,72,40,43
1,<environment.Job instance at 0x7f6869b73dc0>,2,26,[2 7],3,56,82,53,53
1,<environment.Job instance at 0x7f686ae1b1e0>,25,13,[8 1],26,53,66,27,53
1,<environment.Job instance at 0x7f686ae1b780>,26,15,[ 1 13],27,82,97,55,68
1,<environment.Job instance at 0x7f686acc5c30>,16,13,[ 3 13],17,97,110,80,81
1,<environment.Job instance at 0x7f6869deee10>,36,12,[5 6],37,110,122,73,94
1,<environment.Job instance at 0x7f686ae1b050>,28,21,[9 3],29,110,131,81,102
1,<environment.Job instance at 0x7f686a88f500>,38,14,[14  2],39,131,145,92,116
1,<environment.Job instance at 0x7f686acc5910>,7,23,[ 1 10],8,122,145,114,116
1,<environment.Job instance at 0x7f686a88fe60>,39,21,[6 3],40,145,166,105,137
1,<environment.Job instance at 0x7f686a88f460>,41,19,[13  2],42,166,185,124,156
1,<environment.Job instance at 0x7f686a88f190>,44,21,[2 5],45,175,196,130,175
1,<environment.Job instance at 0x7f6869fcc9b0>,5,14,[9 1],6,6,20,0,6
1,<environment.Job instance at 0x7f6869fccf00>,6,21,[5 2],7,7,28,0,7
1,<environment.Job instance at 0x7f686aaaa0f0>,11,13,[3 6],12,20,33,8,20
1,<environment.Job instance at 0x7f686a3b35a0>,18,15,[3 6],19,20,35,1,20
1,<environment.Job instance at 0x7f686a426230>,25,13,[8 1],26,28,41,2,28
1,<environment.Job instance at 0x7f686a6af0a0>,13,18,[3 6],14,33,51,19,33
1,<environment.Job instance at 0x7f686a794320>,36,12,[5 6],37,41,53,4,41
1,<environment.Job instance at 0x7f686b45b4b0>,39,21,[6 3],40,41,62,1,41
1,<environment.Job instance at 0x7f686a794aa0>,37,19,[5 6],38,53,72,15,53
1,<environment.Job instance at 0x7f686aaaa780>,15,14,[10  1],16,62,76,46,62
1,<environment.Job instance at 0x7f686a98d3c0>,48,13,[1 8],49,72,85,23,72
1,<environment.Job instance at 0x7f686a98d870>,54,14,[4 6],55,76,90,21,76
1,<environment.Job instance at 0x7f686a98d190>,47,15,[5 5],48,85,100,37,85
1,<environment.Job instance at 0x7f686a98d230>,59,12,[ 3 10],60,90,102,30,90
1,<environment.Job instance at 0x7f686a98d280>,62,12,[3 5],63,100,112,37,100
1,<environment.Job instance at 0x7f686adc3c80>,71,12,[9 2],72,102,114,30,102
1,<environment.Job instance at 0x7f686b45b3c0>,40,20,[1 9],41,112,132,71,112
1,<environment.Job instance at 0x7f6869b7d280>,61,12,[10  5],62,114,126,52,114
1,<environment.Job instance at 0x7f6869cc1af0>,80,14,[5 4],81,126,140,45,126
1,<environment.Job instance at 0x7f6869cc17d0>,79,13,[ 1 10],80,132,145,52,132
1,<environment.Job instance at 0x7f6869cc10f0>,74,16,[10  1],75,140,156,65,140
1,<environment.Job instance at 0x7f6869cc1230>,81,17,[ 3 10],82,146,163,64,146
1,<environment.Job instance at 0x7f6869d7b050>,93,12,[3 5],94,157,169,63,157
1,<environment.Job instance at 0x7f6869d7b320>,87,19,[5 2],88,164,183,76,164
1,<environment.Job instance at 0x7f6869d7b870>,94,21,[4 6],95,164,185,69,164
1,<environment.Job instance at 0x7f6869d7bb90>,92,19,[8 1],93,183,202,90,183
1,<environment.Job instance at 0x7f686ad94780>,97,18,[ 1 10],98,185,203,87,185
1,<environment.Job instance at 0x7f6869d7b500>,7,18,[1 5],8,8,26,0,8
1,<environment.Job instance at 0x7f686ad96f50>,11,15,[2 7],12,12,27,0,12
1,<environment.Job instance at 0x7f686b4f7190>,10,13,[8 5],11,56,69,45,56
1,<environment.Job instance at 0x7f686afe80f0>,0,16,[4 8],1,1,17,0,1
1,<environment.Job instance at 0x7f686ad96e10>,4,18,[5 7],5,5,23,0,5
1,<environment.Job instance at 0x7f686ad96b40>,10,13,[8 5],11,17,30,6,17
1,<environment.Job instance at 0x7f686ad960f0>,11,15,[2 7],12,23,38,11,23
1,<environment.Job instance at 0x7f686aceb870>,23,12,[7 2],24,30,42,6,30
1,<environment.Job instance at 0x7f686ad96690>,7,18,[1 5],8,30,48,22,30
1,<environment.Job instance at 0x7f686ad96050>,13,21,[2 7],14,38,59,24,38
1,<environment.Job instance at 0x7f686ad96820>,17,17,[8 4],18,48,65,30,48
1,<environment.Job instance at 0x7f686ad945f0>,39,13,[1 8],40,59,72,19,59
1,<environment.Job instance at 0x7f686ad94500>,42,15,[7 2],43,65,80,22,65
1,<environment.Job instance at 0x7f686ad94780>,49,13,[3 9],50,72,85,22,72
1,<environment.Job instance at 0x7f6869d7be60>,55,14,[2 6],56,81,95,25,81
1,<environment.Job instance at 0x7f6869d7b460>,62,12,[10  4],63,85,97,22,85
1,<environment.Job instance at 0x7f686ad96460>,9,16,[4 9],10,95,111,85,95
1,<environment.Job instance at 0x7f6869cc1230>,64,14,[6 2],65,97,111,32,97
1,<environment.Job instance at 0x7f6869cc1d70>,67,14,[ 5 10],68,111,125,43,111
1,<environment.Job instance at 0x7f6869d7bd20>,60,19,[7 1],61,111,130,50,111
1,<environment.Job instance at 0x7f686adc37d0>,72,15,[5 7],73,125,140,52,125
1,<environment.Job instance at 0x7f6869f869b0>,82,12,[5 3],83,130,142,47,130
1,<environment.Job instance at 0x7f6869b7d280>,83,13,[8 1],84,140,153,56,140
1,<environment.Job instance at 0x7f686adc30f0>,75,16,[ 4 10],76,142,158,66,142
1,<environment.Job instance at 0x7f686ad96b90>,16,19,[8 4],17,154,173,137,154
1,<environment.Job instance at 0x7f6869b7d230>,81,16,[5 8],82,158,174,76,158
1,<environment.Job instance at 0x7f686a98d870>,89,17,[ 4 10],90,174,191,84,174
1,<environment.Job instance at 0x7f686a98d370>,87,22,[5 3],88,174,196,86,174
1,<environment.Job instance at 0x7f5bd6d35910>,0,17,[6 1],1,1,18,0,1
1,<environment.Job instance at 0x7f5bcd6e38c0>,4,24,[7 2],5,5,29,0,5
1,<environment.Job instance at 0x7f5bcd6e3c30>,10,15,[5 1],11,18,33,7,18
1,<environment.Job instance at 0x7f5bcd6e3e10>,13,13,[10  3],14,29,42,15,18
1,<environment.Job instance at 0x7f5bd6d35af0>,9,16,[12  1],10,42,58,32,30
1,<environment.Job instance at 0x7f5bcd6e3d70>,12,28,[ 1 14],13,42,70,29,42
1,<environment.Job instance at 0x7f5bcd6e9a00>,0,17,[6 1],1,1,18,0,1
1,<environment.Job instance at 0x7f5bcd6e3640>,2,20,[7 4],3,3,23,0,3
1,<environment.Job instance at 0x7f5bcd6ed280>,10,15,[5 1],11,18,33,7,18
1,<environment.Job instance at 0x7f5bcd6ed910>,22,13,[7 4],23,23,36,0,23
1,<environment.Job instance at 0x7f5bcd6eddc0>,26,12,[8 5],27,33,45,6,33
1,<environment.Job instance at 0x7f5bcd6ed3c0>,11,15,[6 1],12,36,51,24,36
1,<environment.Job instance at 0x7f5bcd6ef1e0>,35,16,[1 9],36,36,52,0,36
1,<environment.Job instance at 0x7f5bcd6ef320>,41,12,[8 3],42,45,57,3,45
1,<environment.Job instance at 0x7f5bcd1dd370>,1,13,[5 6],2,2,15,0,2
1,<environment.Job instance at 0x7f5bcd1dd1e0>,3,17,[7 4],4,4,21,0,4
1,<environment.Job instance at 0x7f5bcd1dd230>,4,13,[7 3],5,15,28,10,5
1,<environment.Job instance at 0x7f5bcd2c6910>,9,19,[1 7],10,15,34,5,10
1,<environment.Job instance at 0x7f5bcd2ee780>,13,12,[5 3],14,21,33,7,15
1,<environment.Job instance at 0x7f5bcd2f4730>,12,14,[ 4 11],13,34,48,21,20
1,<environment.Job instance at 0x7f5bcd21b870>,17,18,[9 4],18,28,46,10,28
1,<environment.Job instance at 0x7f5bcd21bc80>,18,12,[7 1],19,46,58,27,29
1,<environment.Job instance at 0x7f5bcd21b140>,16,17,[ 4 12],17,48,65,31,36
1,<environment.Job instance at 0x7f5bcd6ef7d0>,1,13,[5 6],2,2,15,0,2
1,<environment.Job instance at 0x7f5bcd6ef5a0>,3,17,[7 4],4,4,21,0,4
1,<environment.Job instance at 0x7f5bcd6e9fa0>,13,12,[5 3],14,15,27,1,15
1,<environment.Job instance at 0x7f5bcd6ef230>,9,19,[1 7],10,15,34,5,15
1,<environment.Job instance at 0x7f5bcd21b050>,18,12,[7 1],19,21,33,2,21
1,<environment.Job instance at 0x7f5bcd6ef820>,4,13,[7 3],5,27,40,22,27
1,<environment.Job instance at 0x7f5bd6dc05f0>,23,18,[3 5],24,33,51,9,33
1,<environment.Job instance at 0x7f5bcd6e9e60>,21,14,[4 9],22,40,54,18,40
1,<environment.Job instance at 0x7f5bcd1dd280>,25,17,[7 1],26,40,57,14,40
1,<environment.Job instance at 0x7f5bcce7a5f0>,3,13,[11  4],4,5,18,1,5
1,<environment.Job instance at 0x7f5bcce77d70>,5,19,[ 1 10],6,6,25,0,6
1,<environment.Job instance at 0x7f5bcce77eb0>,6,16,[7 5],7,18,34,11,7
1,<environment.Job instance at 0x7f5bcce7a820>,4,16,[1 9],5,25,41,20,12
1,<environment.Job instance at 0x7f5bcce77a50>,13,12,[1 6],14,34,46,20,19
1,<environment.Job instance at 0x7f5bcce77af0>,14,17,[5 1],15,41,58,26,29
1,<environment.Job instance at 0x7f5bcce77cd0>,11,23,[5 1],12,44,67,32,44
1,<environment.Job instance at 0x7f5bcce77190>,16,17,[5 5],17,47,64,30,47
1,<environment.Job instance at 0x7f5bcce6ecd0>,4,16,[1 9],5,5,21,0,5
1,<environment.Job instance at 0x7f5bcce7a370>,6,16,[7 5],7,7,23,0,7
1,<environment.Job instance at 0x7f5bcce6ec80>,14,17,[5 1],15,15,32,0,15
1,<environment.Job instance at 0x7f5bcce6b410>,13,12,[1 6],14,21,33,7,21
1,<environment.Job instance at 0x7f5bcce6bb40>,16,17,[5 5],17,23,40,6,23
1,<environment.Job instance at 0x7f5bcce6bfa0>,22,18,[7 4],23,32,50,9,32
1,<environment.Job instance at 0x7f5bcce64640>,36,12,[5 4],37,40,52,3,40
1,<environment.Job instance at 0x7f5bcccc6780>,2,12,[1 5],3,3,15,0,3
1,<environment.Job instance at 0x7f5bcccc68c0>,5,17,[5 8],6,7,24,1,7
1,<environment.Job instance at 0x7f5bcce7ab90>,6,15,[ 2 10],7,24,39,17,12
1,<environment.Job instance at 0x7f5bcccc6e10>,12,19,[2 5],13,15,34,2,13
1,<environment.Job instance at 0x7f5bcccc6f50>,13,17,[13  1],14,34,51,20,31
1,<environment.Job instance at 0x7f5bcccc6f00>,14,22,[3 8],15,51,73,36,45
1,<environment.Job instance at 0x7f5bcccca230>,15,16,[11  3],16,51,67,35,47
1,<environment.Job instance at 0x7f5bcce64b40>,2,12,[1 5],3,3,15,0,3
1,<environment.Job instance at 0x7f5bcce64960>,5,17,[5 8],6,6,23,0,6
1,<environment.Job instance at 0x7f5bcce64d20>,12,19,[2 5],13,15,34,2,15
1,<environment.Job instance at 0x7f5bcce6b320>,18,14,[6 3],19,23,37,4,23
1,<environment.Job instance at 0x7f5bcce6bbe0>,22,17,[4 7],23,23,40,0,23
1,<environment.Job instance at 0x7f5bcce6be60>,23,13,[5 7],24,37,50,13,37
1,<environment.Job instance at 0x7f5bcce6b910>,29,16,[8 4],30,40,56,10,40
1,<environment.Job instance at 0x7f5bcd4ea1e0>,2,22,[2 8],3,3,25,0,3
1,<environment.Job instance at 0x7f5bcd4ea690>,3,15,[6 1],4,4,19,0,4
1,<environment.Job instance at 0x7f5bcd4ea0f0>,4,18,[5 4],5,5,23,0,5
1,<environment.Job instance at 0x7f5bcd4a6280>,9,20,[12  3],10,23,43,13,17
1,<environment.Job instance at 0x7f5bcd4eaeb0>,13,17,[ 3 12],14,25,42,11,19
1,<environment.Job instance at 0x7f5bcd4ea6e0>,14,13,[2 5],15,42,55,27,26
1,<environment.Job instance at 0x7f5bcd4eaa00>,10,20,[ 2 10],11,43,63,32,36
1,<environment.Job instance at 0x7f5bcce6e8c0>,2,22,[2 8],3,3,25,0,3
1,<environment.Job instance at 0x7f5bcce6e960>,3,15,[6 1],4,4,19,0,4
1,<environment.Job instance at 0x7f5bcce6e0a0>,4,18,[5 4],5,5,23,0,5
1,<environment.Job instance at 0x7f5bcce6b960>,14,13,[2 5],15,23,36,8,23
1,<environment.Job instance at 0x7f5bcce6b370>,10,20,[ 2 10],11,25,45,14,25
1,<environment.Job instance at 0x7f5bcce64820>,26,15,[8 5],27,36,51,9,36
1,<environment.Job instance at 0x7f5bcce641e0>,29,12,[4 8],30,45,57,15,45
1,<environment.Job instance at 0x7f5bce0d6460>,2,13,[3 5],3,3,16,0,3
1,<environment.Job instance at 0x7f5bcc9de140>,4,23,[1 8],5,5,28,0,5
1,<environment.Job instance at 0x7f5bcc9de9b0>,6,14,[3 5],7,16,30,9,7
1,<environment.Job instance at 0x7f5bccb19eb0>,11,20,[ 4 11],12,30,50,18,28
1,<environment.Job instance at 0x7f5bcce6bdc0>,2,13,[3 5],3,3,16,0,3
1,<environment.Job instance at 0x7f5bcce6b9b0>,3,16,[5 8],4,4,20,0,4
1,<environment.Job instance at 0x7f5bcce6b370>,6,14,[3 5],7,16,30,9,16
1,<environment.Job instance at 0x7f5bcce6ed20>,18,13,[6 4],19,20,33,1,20
1,<environment.Job instance at 0x7f5bcc9ded70>,21,16,[6 3],22,22,38,0,22
1,<environment.Job instance at 0x7f5bccb473c0>,25,13,[8 3],26,33,46,7,33
1,<environment.Job instance at 0x7f5bcc9b89b0>,32,15,[5 8],33,38,53,5,38
1,<environment.Job instance at 0x7f5bcd8d5870>,29,15,[3 6],30,46,61,16,46
1,<environment.Job instance at 0x7f5bce1e9be0>,0,12,[5 5],1,1,13,0,1
1,<environment.Job instance at 0x7f5bcd398f50>,10,14,[7 1],11,11,25,0,11
1,<environment.Job instance at 0x7f5bcd398640>,14,12,[4 7],15,15,27,0,15
1,<environment.Job instance at 0x7f5bcd398190>,11,12,[12  3],12,27,39,15,15
1,<environment.Job instance at 0x7f5bcd32f870>,12,28,[6 3],13,40,68,27,40
1,<environment.Job instance at 0x7f5bcd9977d0>,0,12,[5 5],1,1,13,0,1
1,<environment.Job instance at 0x7f5bcc9b43c0>,3,18,[9 5],4,4,22,0,4
1,<environment.Job instance at 0x7f5bcc990b90>,4,18,[1 7],5,13,31,8,13
1,<environment.Job instance at 0x7f5bcd959690>,14,12,[4 7],15,22,34,7,22
1,<environment.Job instance at 0x7f5bcd8d5870>,10,14,[7 1],11,22,36,11,22
1,<environment.Job instance at 0x7f5bcc989f50>,20,14,[3 7],21,31,45,10,31
1,<environment.Job instance at 0x7f5bcce6e960>,34,12,[2 7],35,36,48,1,36
1,<environment.Job instance at 0x7f5bcce6b910>,25,20,[5 8],26,45,65,19,45
1,<environment.Job instance at 0x7f5bcd84d8c0>,44,17,[7 1],45,48,65,3,48
1,<environment.Job instance at 0x7f5bcd791f50>,5,25,[5 2],6,6,31,0,6
1,<environment.Job instance at 0x7f5bcdb271e0>,8,14,[3 6],9,10,24,1,10
1,<environment.Job instance at 0x7f5bcdb27eb0>,6,24,[6 3],7,13,37,6,13
1,<environment.Job instance at 0x7f5bcd4a8230>,10,28,[8 2],11,31,59,20,31
1,<environment.Job instance at 0x7f5bccffeeb0>,13,27,[ 3 11],14,37,64,23,36
1,<environment.Job instance at 0x7f5bcce6b410>,8,14,[3 6],9,9,23,0,9
1,<environment.Job instance at 0x7f5bcd58d460>,9,12,[6 4],10,10,22,0,10
1,<environment.Job instance at 0x7f5bcdec0280>,18,16,[5 2],19,19,35,0,19
1,<environment.Job instance at 0x7f5bcd8d5870>,20,12,[ 1 10],21,23,35,2,23
1,<environment.Job instance at 0x7f5bccb473c0>,26,20,[7 1],27,27,47,0,27
1,<environment.Job instance at 0x7f5bcc9b8c80>,25,13,[5 5],26,35,48,9,35
1,<environment.Job instance at 0x7f5bccb478c0>,19,22,[2 5],20,35,57,15,35
1,<environment.Job instance at 0x7f5bcdae74b0>,35,17,[7 4],36,47,64,11,47
1,<environment.Job instance at 0x7f5bcd997eb0>,31,20,[5 5],32,48,68,16,48
1,<environment.Job instance at 0x7f5bccaabf00>,2,14,[4 5],3,3,17,0,3
1,<environment.Job instance at 0x7f5bccaab0f0>,5,13,[5 6],6,6,19,0,6
1,<environment.Job instance at 0x7f5bccb47500>,2,14,[4 5],3,3,17,0,3
1,<environment.Job instance at 0x7f5bcdb4c870>,5,13,[5 6],6,6,19,0,6
1,<environment.Job instance at 0x7f5bccaa71e0>,10,20,[4 9],11,17,37,6,17
1,<environment.Job instance at 0x7f5bcce5f1e0>,18,18,[5 5],19,19,37,0,19
1,<environment.Job instance at 0x7f5bcca93a00>,31,12,[7 5],32,37,49,5,37
1,<environment.Job instance at 0x7f5bcce5ffa0>,29,13,[6 2],30,37,50,7,37
1,<environment.Job instance at 0x7f5bcca93d70>,34,15,[2 6],35,37,52,2,37
1,<environment.Job instance at 0x7f5bccf9ba00>,5,18,[5 5],6,6,24,0,6
1,<environment.Job instance at 0x7f5bccf9bc80>,6,15,[2 6],7,7,22,0,7
1,<environment.Job instance at 0x7f5bccf9bbe0>,7,14,[8 4],8,8,22,0,8
1,<environment.Job instance at 0x7f5bcddc8d70>,10,15,[5 2],11,22,37,11,11
1,<environment.Job instance at 0x7f5bcd9b7c30>,16,12,[14  2],17,37,49,20,20
1,<environment.Job instance at 0x7f5bcddc89b0>,12,13,[10  4],13,24,37,11,24
1,<environment.Job instance at 0x7f5bcd9b75f0>,14,21,[10  3],15,49,70,34,48
1,<environment.Job instance at 0x7f5bcd4c69b0>,2,19,[7 3],3,3,22,0,3
1,<environment.Job instance at 0x7f5bcce27550>,5,18,[5 5],6,6,24,0,6
1,<environment.Job instance at 0x7f5bcddb62d0>,6,15,[2 6],7,7,22,0,7
1,<environment.Job instance at 0x7f5bcce0ba50>,12,13,[10  4],13,22,35,9,22
1,<environment.Job instance at 0x7f5bccc41c30>,21,14,[5 3],22,24,38,2,24
1,<environment.Job instance at 0x7f5bcddb6dc0>,7,14,[8 4],8,35,49,27,35
1,<environment.Job instance at 0x7f5bce30c5a0>,17,15,[ 4 10],18,38,53,20,38
1,<environment.Job instance at 0x7f5bccb04230>,39,12,[5 5],40,49,61,9,49
1,<environment.Job instance at 0x7f5bcd439320>,0,15,[3 5],1,1,16,0,1
1,<environment.Job instance at 0x7f5bccb045a0>,0,15,[3 5],1,1,16,0,1
1,<environment.Job instance at 0x7f5bccb04280>,2,17,[5 5],3,3,20,0,3
1,<environment.Job instance at 0x7f5bcd13e730>,14,13,[5 5],15,15,28,0,15
1,<environment.Job instance at 0x7f5bcdbfec80>,17,16,[9 4],18,20,36,2,20
1,<environment.Job instance at 0x7f5bcdbfe780>,16,18,[6 3],17,28,46,11,28
1,<environment.Job instance at 0x7f5bcddb6f00>,33,13,[1 6],34,36,49,2,36
1,<environment.Job instance at 0x7f5bcdb9dfa0>,29,14,[7 2],30,36,50,6,36
1,<environment.Job instance at 0x7f5bcdb9d690>,28,15,[1 7],29,46,61,17,46
1,<environment.Job instance at 0x7f5bcce27550>,36,13,[5 2],37,49,62,12,49
1,<environment.Job instance at 0x7f5bcd2cfaa0>,0,15,[2 7],1,1,16,0,1
1,<environment.Job instance at 0x7f5bcd2cfeb0>,1,16,[6 1],2,2,18,0,2
1,<environment.Job instance at 0x7f5bcd2cf730>,10,13,[4 5],11,11,24,0,11
1,<environment.Job instance at 0x7f5bcd29fb90>,16,13,[ 5 11],17,24,37,7,18
1,<environment.Job instance at 0x7f5bcd29fd20>,18,13,[10  1],19,21,34,2,21
1,<environment.Job instance at 0x7f5bcc98fe10>,0,15,[2 7],1,1,16,0,1
1,<environment.Job instance at 0x7f5bcd025c30>,1,16,[6 1],2,2,18,0,2
1,<environment.Job instance at 0x7f5bcd29f140>,4,18,[4 7],5,5,23,0,5
1,<environment.Job instance at 0x7f5bd68d4320>,10,13,[4 5],11,16,29,5,16
1,<environment.Job instance at 0x7f5bcd509cd0>,18,13,[10  1],19,23,36,4,23
1,<environment.Job instance at 0x7f5bd68d40a0>,12,16,[1 5],13,23,39,10,23
1,<environment.Job instance at 0x7f5bd68d4be0>,13,18,[4 9],14,29,47,15,29
1,<environment.Job instance at 0x7f5bcce64820>,3,14,[10  3],4,39,53,35,39
1,<environment.Job instance at 0x7f5bcce64e60>,9,14,[ 3 10],10,47,61,37,47
1,<environment.Job instance at 0x7f5bcd228a50>,0,14,[5 1],1,1,15,0,1
1,<environment.Job instance at 0x7f5bcd2289b0>,4,14,[8 4],5,5,19,0,5
1,<environment.Job instance at 0x7f5bcd35efa0>,13,28,[2 7],14,14,42,0,14
1,<environment.Job instance at 0x7f5bcc9d4fa0>,14,19,[3 6],15,19,38,4,16
1,<environment.Job instance at 0x7f5bcc9d4140>,16,15,[6 1],17,26,41,9,26
1,<environment.Job instance at 0x7f5bcc9d4910>,18,28,[3 6],19,38,66,19,37
1,<environment.Job instance at 0x7f5bcc9338c0>,0,14,[5 1],1,1,15,0,1
1,<environment.Job instance at 0x7f5bcc933960>,4,14,[8 4],5,5,19,0,5
1,<environment.Job instance at 0x7f5bcdc13cd0>,6,21,[ 1 10],7,7,28,0,7
1,<environment.Job instance at 0x7f5bcd35d230>,20,12,[2 8],21,28,40,7,28
1,<environment.Job instance at 0x7f5bcd6be1e0>,21,13,[6 4],22,28,41,6,28
1,<environment.Job instance at 0x7f5bcd74a8c0>,16,15,[6 1],17,28,43,11,28
1,<environment.Job instance at 0x7f5bcd748eb0>,28,12,[3 5],29,40,52,11,40
1,<environment.Job instance at 0x7f5bcc979190>,24,13,[5 7],25,41,54,16,41
1,<environment.Job instance at 0x7f5bccfbc190>,2,12,[7 2],3,3,15,0,3
1,<environment.Job instance at 0x7f5bcd172be0>,8,12,[ 5 11],9,13,25,4,13
1,<environment.Job instance at 0x7f5bcd19ee60>,13,12,[9 1],14,15,27,1,14
1,<environment.Job instance at 0x7f5bcd1727d0>,9,25,[5 1],10,38,63,28,38
1,<environment.Job instance at 0x7f5bcd883b40>,2,12,[7 2],3,3,15,0,3
1,<environment.Job instance at 0x7f5bce0487d0>,5,18,[ 2 10],6,6,24,0,6
1,<environment.Job instance at 0x7f5bce048280>,13,12,[9 1],14,15,27,1,15
1,<environment.Job instance at 0x7f5bcc9799b0>,22,16,[5 4],23,24,40,1,24
1,<environment.Job instance at 0x7f5bce048690>,15,17,[10  1],16,27,44,11,27
1,<environment.Job instance at 0x7f5bcd22a870>,37,15,[4 7],38,40,55,2,40
1,<environment.Job instance at 0x7f5bcc97ceb0>,38,12,[1 7],39,40,52,1,40
1,<environment.Job instance at 0x7f5bce048e60>,10,22,[10  1],11,44,66,33,44
1,<environment.Job instance at 0x7f5bcd008e10>,0,15,[5 5],1,1,16,0,1
1,<environment.Job instance at 0x7f5bce0b6460>,5,18,[6 4],6,6,24,0,6
1,<environment.Job instance at 0x7f5bcd008dc0>,0,15,[5 5],1,1,16,0,1
1,<environment.Job instance at 0x7f5bcc92fc80>,5,18,[6 4],6,6,24,0,6
1,<environment.Job instance at 0x7f5bccecb0a0>,14,19,[1 6],15,15,34,0,15
1,<environment.Job instance at 0x7f5bccecbeb0>,18,22,[8 2],19,19,41,0,19
1,<environment.Job instance at 0x7f5bccecb500>,11,13,[5 6],12,24,37,12,24
1,<environment.Job instance at 0x7f5bcc9e8730>,21,17,[2 7],22,34,51,12,34
1,<environment.Job instance at 0x7f5bcdacabe0>,38,12,[6 4],39,41,53,2,41
1,<environment.Job instance at 0x7f5bcdaca320>,37,16,[5 2],38,41,57,3,41
1,<environment.Job instance at 0x7f5bcdd3eb90>,5,22,[6 2],6,6,28,0,6
1,<environment.Job instance at 0x7f5bcdd3e8c0>,10,14,[2 7],11,11,25,0,11
1,<environment.Job instance at 0x7f5bcdd3e4b0>,6,23,[9 1],7,25,48,18,20
1,<environment.Job instance at 0x7f5bcdd3e820>,12,14,[12  1],13,48,62,35,33
1,<environment.Job instance at 0x7f5bcd34d1e0>,13,16,[6 2],14,62,78,48,49
1,<environment.Job instance at 0x7f5bcdd3e730>,11,14,[5 7],12,62,76,50,49
1,<environment.Job instance at 0x7f5bcdaca910>,5,22,[6 2],6,6,28,0,6
1,<environment.Job instance at 0x7f5bcdaca280>,9,15,[9 2],10,10,25,0,10
1,<environment.Job instance at 0x7f5bccb56460>,10,14,[2 7],11,25,39,14,25
1,<environment.Job instance at 0x7f5bccb56d20>,13,16,[6 2],14,25,41,11,25
1,<environment.Job instance at 0x7f5bcd87dfa0>,24,13,[4 5],25,28,41,3,28
1,<environment.Job instance at 0x7f5bcdacab90>,11,14,[5 7],12,39,53,27,39
1,<environment.Job instance at 0x7f5bcd87de10>,27,17,[8 3],28,41,58,13,41
1,<environment.Job instance at 0x7f5bd68ffb90>,1,15,[5 4],2,2,17,0,2
1,<environment.Job instance at 0x7f5bccab1a00>,6,14,[7 3],7,7,21,0,7
1,<environment.Job instance at 0x7f5bccf9b460>,9,20,[13  2],10,21,41,11,15
1,<environment.Job instance at 0x7f5bccab14b0>,10,16,[ 2 14],11,41,57,30,29
1,<environment.Job instance at 0x7f5bccc58320>,1,15,[5 4],2,2,17,0,2
1,<environment.Job instance at 0x7f5bcd87db90>,6,14,[7 3],7,7,21,0,7
1,<environment.Job instance at 0x7f5bcd6cabe0>,15,12,[5 5],16,17,29,1,17
1,<environment.Job instance at 0x7f5bccfaf320>,19,17,[8 3],20,21,38,1,21
1,<environment.Job instance at 0x7f5bccb56d20>,17,19,[1 8],18,29,48,11,29
1,<environment.Job instance at 0x7f5bccb56be0>,22,13,[10  5],23,38,51,15,38
1,<environment.Job instance at 0x7f5bd6907190>,32,19,[3 6],33,48,67,15,48
1,<environment.Job instance at 0x7f5bcd6b6dc0>,9,26,[3 6],10,10,36,0,10
1,<environment.Job instance at 0x7f5bcd6b6aa0>,4,20,[5 3],5,13,33,8,13
1,<environment.Job instance at 0x7f5bcd6b6870>,12,24,[ 4 12],13,36,60,23,33
1,<environment.Job instance at 0x7f5bcd6b6e10>,7,14,[14  1],8,60,74,52,48
1,<environment.Job instance at 0x7f5bd6907190>,4,20,[5 3],5,5,25,0,5
1,<environment.Job instance at 0x7f5bccfaf320>,10,16,[6 3],11,11,27,0,11
1,<environment.Job instance at 0x7f5bcd6b6c80>,21,20,[3 8],22,22,42,0,22
1,<environment.Job instance at 0x7f5bcd5eb960>,20,14,[5 1],21,25,39,4,25
1,<environment.Job instance at 0x7f5bd6d35b90>,15,12,[10  2],16,39,51,23,39
1,<environment.Job instance at 0x7f5bcd4c1b40>,36,16,[1 8],37,42,58,5,42
1,<environment.Job instance at 0x7f5bcd4c1e60>,46,12,[2 5],47,47,59,0,47
1,<environment.Job instance at 0x7f5bcd2b8e60>,4,14,[4 8],5,5,19,0,5
1,<environment.Job instance at 0x7f5bcd2b83c0>,7,16,[ 4 14],8,20,36,12,20
1,<environment.Job instance at 0x7f5bcd2b8aa0>,8,13,[4 5],9,38,51,29,38
1,<environment.Job instance at 0x7f5bcd2b8960>,11,14,[10  4],12,38,52,26,38
1,<environment.Job instance at 0x7f5bcd2b82d0>,12,17,[ 3 11],13,51,68,38,40
1,<environment.Job instance at 0x7f5bccf3fb90>,13,20,[8 4],14,52,72,38,43
1,<environment.Job instance at 0x7f5bcd4c16e0>,4,14,[4 8],5,5,19,0,5
1,<environment.Job instance at 0x7f5bcd4c1c80>,8,13,[4 5],9,9,22,0,9
1,<environment.Job instance at 0x7f5bcd4c17d0>,11,14,[10  4],12,19,33,7,19
1,<environment.Job instance at 0x7f5bccba1be0>,21,15,[2 7],22,22,37,0,22
1,<environment.Job instance at 0x7f5bccba1b40>,22,17,[3 5],23,33,50,10,33
1,<environment.Job instance at 0x7f5bcdc30f00>,35,14,[10  1],36,36,50,0,36
1,<environment.Job instance at 0x7f5bcdc30460>,31,21,[2 9],32,37,58,5,37
1,<environment.Job instance at 0x7f5bccd2b5a0>,2,19,[2 5],3,4,23,1,4
1,<environment.Job instance at 0x7f5bce0f0fa0>,6,13,[8 4],7,7,20,0,7
1,<environment.Job instance at 0x7f5bce0f0230>,7,17,[6 2],8,20,37,12,8
1,<environment.Job instance at 0x7f5bcd8ef6e0>,13,12,[ 5 12],14,23,35,9,14
1,<environment.Job instance at 0x7f5bcd514a00>,14,21,[5 4],15,35,56,20,27
1,<environment.Job instance at 0x7f5bcd8ef780>,10,19,[4 5],11,35,54,24,27
1,<environment.Job instance at 0x7f5bcd8ef4b0>,12,16,[6 3],13,37,53,24,27
1,<environment.Job instance at 0x7f5bce0dc3c0>,22,14,[8 4],23,54,68,31,45
1,<environment.Job instance at 0x7f5bccba1320>,2,19,[2 5],3,3,22,0,3
1,<environment.Job instance at 0x7f5bccba1af0>,6,13,[8 4],7,7,20,0,7
1,<environment.Job instance at 0x7f5bcc9d44b0>,10,19,[4 5],11,11,30,0,11
1,<environment.Job instance at 0x7f5bce09cdc0>,19,12,[5 4],20,20,32,0,20
1,<environment.Job instance at 0x7f5bccf6cd70>,8,16,[6 5],9,22,38,13,22
1,<environment.Job instance at 0x7f5bce09c870>,21,13,[9 3],22,32,45,10,32
1,<environment.Job instance at 0x7f5bcc9d4910>,12,16,[6 3],13,38,54,25,38
1,<environment.Job instance at 0x7f5bcd5d5550>,28,13,[7 1],29,45,58,16,45
1,<environment.Job instance at 0x7f0f5ddde8c0>,0,17,[6 1],1,1,18,0,1
1,<environment.Job instance at 0x7f0f54788870>,4,24,[7 2],5,5,29,0,5
1,<environment.Job instance at 0x7f0f54788be0>,10,15,[5 1],11,18,33,7,17
1,<environment.Job instance at 0x7f0f54788dc0>,13,13,[10  3],14,29,42,15,20
1,<environment.Job instance at 0x7f0f5dddeaa0>,9,16,[12  1],10,42,58,32,39
1,<environment.Job instance at 0x7f0f54788f00>,15,20,[ 3 12],16,39,59,23,39
1,<environment.Job instance at 0x7f0f54788c80>,11,15,[6 1],12,58,73,46,45
1,<environment.Job instance at 0x7f0f54788b40>,8,20,[ 4 13],9,59,79,50,55
1,<environment.Job instance at 0x7f0f54791190>,0,17,[6 1],1,1,18,0,1
1,<environment.Job instance at 0x7f0f547885f0>,2,20,[7 4],3,3,23,0,3
1,<environment.Job instance at 0x7f0f54791910>,10,15,[5 1],11,18,33,7,18
1,<environment.Job instance at 0x7f0f54791f50>,22,13,[7 4],23,23,36,0,23
1,<environment.Job instance at 0x7f0f547954b0>,26,12,[8 5],27,33,45,6,33
1,<environment.Job instance at 0x7f0f54791a50>,11,15,[6 1],12,36,51,24,36
1,<environment.Job instance at 0x7f0f54795460>,35,16,[1 9],36,36,52,0,36
1,<environment.Job instance at 0x7f0f547959b0>,41,12,[8 3],42,45,57,3,45
1,<environment.Job instance at 0x7f0f54795fa0>,43,16,[1 8],44,52,68,8,52
1,<environment.Job instance at 0x7f0f547919b0>,13,13,[10  3],14,57,70,43,57
1,<environment.Job instance at 0x7f0f5427cf00>,3,12,[5 3],4,4,16,0,4
1,<environment.Job instance at 0x7f0f54797f50>,8,12,[7 1],9,9,21,0,9
1,<environment.Job instance at 0x7f0f54281320>,12,28,[11  1],13,21,49,8,20
1,<environment.Job instance at 0x7f0f54281410>,13,18,[3 5],14,21,39,7,21
1,<environment.Job instance at 0x7f0f54281140>,9,26,[1 7],10,29,55,19,29
1,<environment.Job instance at 0x7f0f542811e0>,10,15,[8 4],11,49,64,38,36
1,<environment.Job instance at 0x7f0f542819b0>,15,17,[7 1],16,55,72,39,43
1,<environment.Job instance at 0x7f0f54281640>,14,19,[3 8],15,64,83,49,55
1,<environment.Job instance at 0x7f0f54281730>,17,13,[10  1],18,72,85,54,56
1,<environment.Job instance at 0x7f0f547974b0>,3,12,[5 3],4,4,16,0,4
1,<environment.Job instance at 0x7f0f547973c0>,7,18,[9 4],8,8,26,0,8
1,<environment.Job instance at 0x7f0f54797050>,11,14,[4 9],12,16,30,4,16
1,<environment.Job instance at 0x7f0f54797280>,8,12,[7 1],9,26,38,17,26
1,<environment.Job instance at 0x7f0f54795f50>,13,18,[3 5],14,26,44,12,26
1,<environment.Job instance at 0x7f0f54795d20>,17,13,[10  1],18,38,51,20,38
1,<environment.Job instance at 0x7f0f54795730>,22,14,[8 5],23,51,65,28,51
1,<environment.Job instance at 0x7f0f54795c30>,15,17,[7 1],16,51,68,35,51
1,<environment.Job instance at 0x7f0f53ef2eb0>,2,18,[7 4],3,6,24,3,6
1,<environment.Job instance at 0x7f0f53ece460>,2,18,[7 4],3,3,21,0,3
1,<environment.Job instance at 0x7f0f53eceaa0>,10,21,[5 4],11,11,32,0,11
1,<environment.Job instance at 0x7f0f53ecec30>,16,12,[5 4],17,21,33,4,21
1,<environment.Job instance at 0x7f0f53ece5f0>,13,17,[5 1],14,21,38,7,21
1,<environment.Job instance at 0x7f0f53ece870>,21,13,[1 8],22,32,45,10,32
1,<environment.Job instance at 0x7f0f53eedd20>,32,12,[1 5],33,33,45,0,33
1,<environment.Job instance at 0x7f0f53ece7d0>,19,17,[8 2],20,38,55,18,38
1,<environment.Job instance at 0x7f0f53ece960>,18,14,[6 5],19,45,59,26,45
1,<environment.Job instance at 0x7f0f53eed280>,36,15,[ 2 10],37,55,70,18,55
1,<environment.Job instance at 0x7f0f53eedbe0>,28,13,[10  5],29,59,72,30,59
1,<environment.Job instance at 0x7f0f53d7d140>,4,23,[6 4],5,5,28,0,5
1,<environment.Job instance at 0x7f0f53d7d3c0>,6,17,[9 2],7,9,26,2,9
1,<environment.Job instance at 0x7f0f53ee5230>,7,16,[1 7],8,26,42,18,25
1,<environment.Job instance at 0x7f0f53d7d2d0>,8,13,[ 3 11],9,45,58,36,45
1,<environment.Job instance at 0x7f0f53d7d5f0>,10,14,[12  1],11,45,59,34,45
1,<environment.Job instance at 0x7f0f53d7d820>,15,21,[5 9],16,59,80,43,51
1,<environment.Job instance at 0x7f0f53d7d8c0>,16,18,[7 1],17,59,77,42,51
1,<environment.Job instance at 0x7f0f53eeb190>,6,17,[9 2],7,7,24,0,7
1,<environment.Job instance at 0x7f0f53eeb460>,7,16,[1 7],8,8,24,0,8
1,<environment.Job instance at 0x7f0f53ecec30>,18,14,[7 1],19,24,38,5,24
1,<environment.Job instance at 0x7f0f53ece9b0>,23,15,[6 1],24,24,39,0,24
1,<environment.Job instance at 0x7f0f53ef2fa0>,13,15,[9 5],14,38,53,24,38
1,<environment.Job instance at 0x7f0f53ee5140>,34,13,[2 5],35,39,52,4,39
1,<environment.Job instance at 0x7f0f53ece320>,24,18,[5 4],25,52,70,27,52
1,<environment.Job instance at 0x7f0f53eedb40>,49,12,[4 8],50,53,65,3,53
1,<environment.Job instance at 0x7f0f53d82cd0>,0,13,[2 7],1,1,14,0,1
1,<environment.Job instance at 0x7f0f545c9af0>,5,13,[9 2],6,6,19,0,6
1,<environment.Job instance at 0x7f0f545c9c80>,6,13,[4 5],7,7,20,0,7
1,<environment.Job instance at 0x7f0f545c9500>,12,13,[3 5],13,19,32,6,13
1,<environment.Job instance at 0x7f0f545c95a0>,16,14,[3 5],17,23,37,6,23
1,<environment.Job instance at 0x7f0f5485b690>,24,27,[1 5],25,25,52,0,25
1,<environment.Job instance at 0x7f0f5485b730>,27,17,[10  4],28,32,49,4,30
1,<environment.Job instance at 0x7f0f5485b0f0>,28,13,[6 4],29,49,62,20,33
1,<environment.Job instance at 0x7f0f545c9640>,20,27,[3 9],21,52,79,31,51
1,<environment.Job instance at 0x7f0f5485bb90>,30,19,[11  3],31,62,81,31,59
1,<environment.Job instance at 0x7f0f53eed780>,0,13,[2 7],1,1,14,0,1
1,<environment.Job instance at 0x7f0f53eed640>,5,13,[9 2],6,6,19,0,6
1,<environment.Job instance at 0x7f0f53eedf50>,6,13,[4 5],7,7,20,0,7
1,<environment.Job instance at 0x7f0f53eede60>,12,13,[3 5],13,19,32,6,19
1,<environment.Job instance at 0x7f0f53eedc80>,16,14,[3 5],17,19,33,2,19
1,<environment.Job instance at 0x7f0f54935f50>,28,13,[6 4],29,29,42,0,29
1,<environment.Job instance at 0x7f0f54952820>,31,16,[6 3],32,32,48,0,32
1,<environment.Job instance at 0x7f0f5481c190>,35,13,[8 3],36,42,55,6,42
1,<environment.Job instance at 0x7f0f5481c140>,39,15,[3 6],40,48,63,8,48
1,<environment.Job instance at 0x7f0f5481c280>,42,15,[5 8],43,55,70,12,55
1,<environment.Job instance at 0x7f0f551faa50>,0,12,[5 5],1,1,13,0,1
1,<environment.Job instance at 0x7f0f53a6fb40>,8,25,[4 5],9,12,37,3,12
1,<environment.Job instance at 0x7f0f543f16e0>,10,14,[7 1],11,38,52,27,38
1,<environment.Job instance at 0x7f0f54974730>,0,12,[5 5],1,1,13,0,1
1,<environment.Job instance at 0x7f0f5481c2d0>,3,18,[9 5],4,4,22,0,4
1,<environment.Job instance at 0x7f0f5481c140>,4,18,[1 7],5,13,31,8,13
1,<environment.Job instance at 0x7f0f53ef2050>,14,12,[4 7],15,22,34,7,22
1,<environment.Job instance at 0x7f0f5485b8c0>,10,14,[7 1],11,22,36,11,22
1,<environment.Job instance at 0x7f0f53eed7d0>,20,14,[3 7],21,31,45,10,31
1,<environment.Job instance at 0x7f0f551ad4b0>,34,12,[2 7],35,36,48,1,36
1,<environment.Job instance at 0x7f0f53eed6e0>,25,20,[5 8],26,45,65,19,45
1,<environment.Job instance at 0x7f0f553be910>,44,17,[7 1],45,48,65,3,48
1,<environment.Job instance at 0x7f0f53a69870>,8,16,[5 2],9,9,25,0,9
1,<environment.Job instance at 0x7f0f53a69af0>,9,22,[2 5],10,10,32,0,10
1,<environment.Job instance at 0x7f0f53a694b0>,10,12,[ 1 10],11,25,37,14,11
1,<environment.Job instance at 0x7f0f53a69230>,7,23,[9 5],8,32,55,24,27
1,<environment.Job instance at 0x7f0f53a699b0>,12,24,[6 4],13,37,61,24,33
1,<environment.Job instance at 0x7f0f5474bbe0>,3,27,[ 3 11],4,55,82,51,55
1,<environment.Job instance at 0x7f0f5441fa00>,6,21,[ 5 10],7,7,28,0,7
1,<environment.Job instance at 0x7f0f553bebe0>,8,16,[5 2],9,9,25,0,9
1,<environment.Job instance at 0x7f0f55363d20>,15,13,[5 5],16,25,38,9,25
1,<environment.Job instance at 0x7f0f54273c80>,10,12,[ 1 10],11,28,40,17,28
1,<environment.Job instance at 0x7f0f53eed910>,25,17,[7 4],26,38,55,12,38
1,<environment.Job instance at 0x7f0f551e5050>,16,20,[7 1],17,38,58,21,38
1,<environment.Job instance at 0x7f0f53eed6e0>,29,13,[1 7],30,40,53,10,40
1,<environment.Job instance at 0x7f0f54974730>,42,14,[4 5],43,55,69,12,55
1,<environment.Job instance at 0x7f0f53ef2fa0>,39,16,[4 5],40,55,71,15,55
1,<environment.Job instance at 0x7f0f552ead70>,9,22,[2 5],10,58,80,48,58
1,<environment.Job instance at 0x7f0f5481c640>,5,21,[ 4 10],6,6,27,0,6
1,<environment.Job instance at 0x7f0f5481c050>,9,13,[6 2],10,10,23,0,10
1,<environment.Job instance at 0x7f0f547d5c80>,11,12,[7 5],12,23,35,11,23
1,<environment.Job instance at 0x7f0f53eed320>,14,15,[2 6],15,27,42,12,27
1,<environment.Job instance at 0x7f0f53eedcd0>,29,12,[4 6],30,35,47,5,35
1,<environment.Job instance at 0x7f0f5498b500>,37,14,[8 4],38,42,56,4,42
1,<environment.Job instance at 0x7f0f5497a5a0>,27,15,[4 9],28,47,62,19,47
1,<environment.Job instance at 0x7f0f54cddaa0>,42,13,[10  4],43,56,69,13,56
1,<environment.Job instance at 0x7f0f54eb83c0>,7,16,[13  5],8,9,25,1,9
1,<environment.Job instance at 0x7f0f551fa2d0>,9,12,[5 5],10,10,22,0,10
1,<environment.Job instance at 0x7f0f53a94190>,11,17,[5 4],12,12,29,0,12
1,<environment.Job instance at 0x7f0f53a94730>,14,16,[4 6],15,15,31,0,15
1,<environment.Job instance at 0x7f0f53a94c80>,20,15,[3 5],21,22,37,1,22
1,<environment.Job instance at 0x7f0f54ecee10>,16,16,[7 2],17,29,45,12,29
1,<environment.Job instance at 0x7f0f53c03d70>,22,17,[5 5],23,31,48,8,31
1,<environment.Job instance at 0x7f0f53a9fc80>,34,13,[5 5],35,45,58,10,45
1,<environment.Job instance at 0x7f0f53a9ff00>,40,14,[9 5],41,48,62,7,48
1,<environment.Job instance at 0x7f0f53a9fc30>,48,15,[1 7],49,58,73,9,58
1,<environment.Job instance at 0x7f0f5530d410>,9,21,[1 7],10,11,32,1,11
1,<environment.Job instance at 0x7f0f5530d5f0>,11,16,[6 1],12,12,28,0,12
1,<environment.Job instance at 0x7f0f5530d230>,13,14,[10  3],14,28,42,14,27
1,<environment.Job instance at 0x7f0f54004d20>,2,18,[2 5],3,3,21,0,3
1,<environment.Job instance at 0x7f0f542ffd20>,5,19,[5 7],6,6,25,0,6
1,<environment.Job instance at 0x7f0f542ffc30>,11,16,[6 1],12,12,28,0,12
1,<environment.Job instance at 0x7f0f54b2e5f0>,10,15,[2 7],11,21,36,10,21
1,<environment.Job instance at 0x7f0f542fffa0>,20,13,[4 5],21,25,38,4,25
1,<environment.Job instance at 0x7f0f542ffbe0>,19,14,[ 3 10],20,36,50,16,36
1,<environment.Job instance at 0x7f0f5439a640>,28,13,[10  1],29,38,51,9,38
1,<environment.Job instance at 0x7f0f5439a230>,22,16,[1 5],23,50,66,27,50
1,<environment.Job instance at 0x7f0f5439a500>,39,14,[1 7],40,50,64,10,50
1,<environment.Job instance at 0x7f0f542ff5f0>,13,14,[10  3],14,51,65,37,51
1,<environment.Job instance at 0x7f0f552895f0>,0,14,[5 1],1,1,15,0,1
1,<environment.Job instance at 0x7f0f54588370>,4,14,[8 4],5,12,26,7,12
1,<environment.Job instance at 0x7f0f53f99140>,12,16,[ 1 13],13,26,42,13,13
1,<environment.Job instance at 0x7f0f542e03c0>,16,15,[6 1],17,17,32,0,17
1,<environment.Job instance at 0x7f0f53fab0f0>,5,14,[11  2],6,39,53,33,39
1,<environment.Job instance at 0x7f0f54cb1780>,0,14,[5 1],1,1,15,0,1
1,<environment.Job instance at 0x7f0f54349230>,4,14,[8 4],5,5,19,0,5
1,<environment.Job instance at 0x7f0f54349370>,6,21,[ 1 10],7,7,28,0,7
1,<environment.Job instance at 0x7f0f5439ab40>,20,12,[2 8],21,28,40,7,28
1,<environment.Job instance at 0x7f0f5439afa0>,21,13,[6 4],22,28,41,6,28
1,<environment.Job instance at 0x7f0f5439a050>,16,15,[6 1],17,28,43,11,28
1,<environment.Job instance at 0x7f0f54b2e5f0>,28,12,[3 5],29,40,52,11,40
1,<environment.Job instance at 0x7f0f5439a460>,24,13,[5 7],25,41,54,16,41
1,<environment.Job instance at 0x7f0f54cb1870>,8,14,[5 8],9,52,66,43,52
1,<environment.Job instance at 0x7f0f542ffeb0>,35,18,[3 7],36,54,72,18,54
1,<environment.Job instance at 0x7f0f550ea8c0>,3,12,[9 1],4,6,18,2,6
1,<environment.Job instance at 0x7f0f54ee81e0>,5,17,[10  1],6,46,63,40,46
1,<environment.Job instance at 0x7f0f5439a320>,0,22,[10  1],1,1,23,0,1
1,<environment.Job instance at 0x7f0f5439ac80>,12,16,[5 4],13,13,29,0,13
1,<environment.Job instance at 0x7f0f5439a7d0>,3,12,[9 1],4,23,35,19,23
1,<environment.Job instance at 0x7f0f552898c0>,18,14,[6 5],19,29,43,10,29
1,<environment.Job instance at 0x7f0f5454d8c0>,28,12,[1 7],29,35,47,6,35
1,<environment.Job instance at 0x7f0f5454d230>,27,15,[4 7],28,43,58,15,43
1,<environment.Job instance at 0x7f0f5439ab40>,5,17,[10  1],6,43,60,37,43
1,<environment.Job instance at 0x7f0f54ce97d0>,30,16,[1 7],31,47,63,16,47
1,<environment.Job instance at 0x7f0f55289dc0>,16,17,[3 5],17,58,75,41,58
1,<environment.Job instance at 0x7f0f551edaf0>,5,19,[13  1],6,11,30,5,11
1,<environment.Job instance at 0x7f0f551e1050>,12,16,[11  1],13,30,46,17,18
1,<environment.Job instance at 0x7f0f551ed190>,10,14,[9 2],11,46,60,35,32
1,<environment.Job instance at 0x7f0f551e11e0>,13,28,[ 4 11],14,37,65,23,37
1,<environment.Job instance at 0x7f0f551f4b90>,18,12,[6 4],19,60,72,41,44
1,<environment.Job instance at 0x7f0f54041d20>,22,22,[8 3],23,65,87,42,58
1,<environment.Job instance at 0x7f0f53ddb960>,1,17,[2 7],2,2,19,0,2
1,<environment.Job instance at 0x7f0f5dd68320>,10,14,[9 2],11,11,25,0,11
1,<environment.Job instance at 0x7f0f551e1f50>,18,12,[6 4],19,19,31,0,19
1,<environment.Job instance at 0x7f0f543874b0>,20,13,[1 8],21,25,38,4,25
1,<environment.Job instance at 0x7f0f54c2f280>,17,16,[5 2],18,25,41,7,25
1,<environment.Job instance at 0x7f0f54c2f0f0>,14,22,[5 4],15,31,53,16,31
1,<environment.Job instance at 0x7f0f53ce6050>,24,18,[5 8],25,38,56,13,38
1,<environment.Job instance at 0x7f0f53ce6e60>,28,12,[10  4],29,53,65,24,53
1,<environment.Job instance at 0x7f0f5dcd8050>,40,14,[2 7],41,56,70,15,56
1,<environment.Job instance at 0x7f0f5454ec30>,4,16,[1 6],5,5,21,0,5
1,<environment.Job instance at 0x7f0f54aaeaa0>,4,16,[1 6],5,5,21,0,5
1,<environment.Job instance at 0x7f0f546895a0>,8,14,[5 2],9,9,23,0,9
1,<environment.Job instance at 0x7f0f55289c30>,11,15,[6 3],12,12,27,0,12
1,<environment.Job instance at 0x7f0f540f54b0>,17,17,[ 1 10],18,21,38,3,21
1,<environment.Job instance at 0x7f0f53e7f410>,26,14,[7 3],27,27,41,0,27
1,<environment.Job instance at 0x7f0f546310a0>,35,12,[5 5],36,38,50,2,38
1,<environment.Job instance at 0x7f0f53b34be0>,21,15,[5 4],22,41,56,19,41
1,<environment.Job instance at 0x7f0f53ddbaa0>,15,22,[5 5],16,41,63,25,41
1,<environment.Job instance at 0x7f0f541c7a00>,42,13,[10  5],43,56,69,13,56
1,<environment.Job instance at 0x7f0f54215140>,11,17,[ 5 14],12,16,33,4,16
1,<environment.Job instance at 0x7f0f54218b40>,14,20,[5 3],15,53,73,38,53
1,<environment.Job instance at 0x7f0f548a0280>,0,18,[7 4],1,1,19,0,1
1,<environment.Job instance at 0x7f0f53dba0a0>,6,20,[2 9],7,7,27,0,7
1,<environment.Job instance at 0x7f0f546315f0>,14,20,[5 3],15,19,39,4,19
1,<environment.Job instance at 0x7f0f551edbe0>,20,16,[6 3],21,21,37,0,21
1,<environment.Job instance at 0x7f0f53ddbaf0>,31,20,[3 8],32,32,52,0,32
1,<environment.Job instance at 0x7f0f53e7fc30>,30,14,[5 1],31,37,51,6,37
1,<environment.Job instance at 0x7f0f551cec80>,25,12,[10  2],26,51,63,25,51
1,<environment.Job instance at 0x7f0f53fee870>,41,16,[3 9],42,52,68,10,52
1,<environment.Job instance at 0x7f0f54df65a0>,4,14,[4 8],5,5,19,0,5
1,<environment.Job instance at 0x7f0f54df6910>,8,13,[4 5],9,10,23,1,10
1,<environment.Job instance at 0x7f0f54df6550>,9,14,[13  3],10,23,37,13,15
1,<environment.Job instance at 0x7f0f54df6960>,11,14,[10  4],12,37,51,25,22
1,<environment.Job instance at 0x7f0f53fcea00>,12,17,[ 3 11],13,37,54,24,25
1,<environment.Job instance at 0x7f0f53fceb40>,21,15,[2 7],22,54,69,32,40
1,<environment.Job instance at 0x7f0f53fced70>,22,17,[3 5],23,54,71,31,46
1,<environment.Job instance at 0x7f0f5dd682d0>,4,14,[4 8],5,5,19,0,5
1,<environment.Job instance at 0x7f0f53dba8c0>,8,13,[4 5],9,9,22,0,9
1,<environment.Job instance at 0x7f0f53dba0a0>,11,14,[10  4],12,19,33,7,19
1,<environment.Job instance at 0x7f0f53d25eb0>,21,15,[2 7],22,22,37,0,22
1,<environment.Job instance at 0x7f0f53d25b40>,22,17,[3 5],23,33,50,10,33
1,<environment.Job instance at 0x7f0f54002f50>,35,14,[10  1],36,36,50,0,36
1,<environment.Job instance at 0x7f0f54002cd0>,31,21,[2 9],32,37,58,5,37
1,<environment.Job instance at 0x7f0f540029b0>,36,12,[9 5],37,50,62,13,50
1,<environment.Job instance at 0x7f0f5494cc80>,42,12,[5 2],43,58,70,15,58
1,<environment.Job instance at 0x7f0f53ff2870>,2,16,[6 3],3,3,19,0,3
1,<environment.Job instance at 0x7f0f5478e0f0>,4,21,[5 4],5,5,26,0,5
1,<environment.Job instance at 0x7f0f5478e460>,5,16,[6 4],6,19,35,13,6
1,<environment.Job instance at 0x7f0f55120050>,11,13,[9 3],12,26,39,14,12
1,<environment.Job instance at 0x7f0f5478efa0>,9,12,[5 4],10,35,47,25,19
1,<environment.Job instance at 0x7f0f55120c30>,16,16,[7 5],17,39,55,22,26
1,<environment.Job instance at 0x7f0f55120c80>,14,18,[ 1 12],15,55,73,40,44
1,<environment.Job instance at 0x7f0f53afa3c0>,34,18,[6 3],35,47,65,12,45
1,<environment.Job instance at 0x7f0f53bbedc0>,31,13,[5 2],32,65,78,33,49
1,<environment.Job instance at 0x7f0f5494c230>,0,19,[4 5],1,1,20,0,1
1,<environment.Job instance at 0x7f0f5494cb90>,2,16,[6 3],3,3,19,0,3
1,<environment.Job instance at 0x7f0f5494cfa0>,4,21,[5 4],5,5,26,0,5
1,<environment.Job instance at 0x7f0f55089c30>,9,12,[5 4],10,19,31,9,19
1,<environment.Job instance at 0x7f0f5df49640>,18,13,[7 1],19,26,39,7,26
1,<environment.Job instance at 0x7f0f5dd15460>,12,14,[8 4],13,31,45,18,31
1,<environment.Job instance at 0x7f0f5494cc80>,5,16,[6 4],6,39,55,33,39
1,<environment.Job instance at 0x7f0f5539b8c0>,11,13,[9 3],12,45,58,33,45
1,<environment.Job instance at 0x7f0f54b8fb40>,31,13,[5 2],32,58,71,26,58
1,<environment.Job instance at 0x7f0f54b1be60>,38,13,[2 7],39,58,71,19,58
1,<environment.Job instance at 0x7f0f54b6f280>,16,16,[7 5],17,58,74,41,58
1,<environment.Job instance at 0x7f0f5494c1e0>,5,15,[ 2 13],6,8,23,2,8
1,<environment.Job instance at 0x7f0f552b4b90>,9,14,[5 1],10,10,24,0,10
1,<environment.Job instance at 0x7f0f552b45f0>,10,14,[2 8],11,23,37,12,12
1,<environment.Job instance at 0x7f0f552b4fa0>,13,14,[5 2],14,23,37,9,14
1,<environment.Job instance at 0x7f0f552b4820>,6,18,[12  1],7,38,56,31,38
1,<environment.Job instance at 0x7f0f552b42d0>,14,16,[ 1 14],15,42,58,27,42
1,<environment.Job instance at 0x7f0f552b48c0>,16,15,[8 1],17,56,71,39,42
1,<environment.Job instance at 0x7f0f552b4a00>,17,13,[5 1],18,58,71,40,42
1,<environment.Job instance at 0x7f0f552b4e10>,18,18,[ 2 10],19,58,76,39,47
1,<environment.Job instance at 0x7f0f54bf4a00>,4,17,[2 9],5,5,22,0,5
1,<environment.Job instance at 0x7f0f550fc7d0>,7,17,[8 4],8,8,25,0,8
1,<environment.Job instance at 0x7f0f54073280>,9,14,[5 1],10,10,24,0,10
1,<environment.Job instance at 0x7f0f54fe7190>,10,14,[2 8],11,22,36,11,22
1,<environment.Job instance at 0x7f0f54b1b960>,17,13,[5 1],18,24,37,6,24
1,<environment.Job instance at 0x7f0f54fe7910>,13,14,[5 2],14,25,39,11,25
1,<environment.Job instance at 0x7f0f54a727d0>,24,15,[5 5],25,36,51,11,36
1,<environment.Job instance at 0x7f0f5424cd20>,36,14,[5 7],37,39,53,2,39
1,<environment.Job instance at 0x7f0f5539b8c0>,37,12,[3 8],38,51,63,13,51
1,<environment.Job instance at 0x7f0f549825a0>,16,15,[8 1],17,53,68,36,53
1,<environment.Job instance at 0x7f0f54576f50>,4,12,[3 7],5,5,17,0,5
1,<environment.Job instance at 0x7f0f548ea5f0>,4,12,[3 7],5,5,17,0,5
1,<environment.Job instance at 0x7f0f53dbd3c0>,8,14,[5 7],9,9,23,0,9
1,<environment.Job instance at 0x7f0f54ad7320>,12,13,[9 3],13,17,30,4,17
1,<environment.Job instance at 0x7f0f546d9b40>,14,13,[5 5],15,23,36,8,23
1,<environment.Job instance at 0x7f0f548bae60>,28,16,[10  1],29,30,46,1,30
1,<environment.Job instance at 0x7f0f54be7050>,17,20,[4 9],18,36,56,18,36
1,<environment.Job instance at 0x7f0f5438fe10>,38,15,[7 4],39,46,61,7,46
1,<environment.Job instance at 0x7f0f5438f870>,39,14,[4 7],40,56,70,16,56
1,<environment.Job instance at 0x7f0f54e171e0>,7,15,[8 2],8,11,26,3,11
1,<environment.Job instance at 0x7f0f54b82500>,11,16,[8 3],12,26,42,14,13
1,<environment.Job instance at 0x7f0f549f0820>,0,18,[5 5],1,1,19,0,1
1,<environment.Job instance at 0x7f0f53c918c0>,7,15,[8 2],8,8,23,0,8
1,<environment.Job instance at 0x7f0f53c91460>,12,16,[4 6],13,19,35,6,19
1,<environment.Job instance at 0x7f0f55108780>,20,16,[3 7],21,21,37,0,21
1,<environment.Job instance at 0x7f0f55108d70>,22,14,[5 7],23,35,49,12,35
1,<environment.Job instance at 0x7f0f53c878c0>,26,14,[1 6],27,37,51,10,37
1,<environment.Job instance at 0x7f0f53c87460>,24,16,[4 7],25,49,65,24,49
1,<environment.Job instance at 0x7f0f54efc190>,37,15,[10  5],38,51,66,13,51
1,<environment.Job instance at 0x7fa4fd8426e0>,0,17,[6 1],1,1,18,0,1
1,<environment.Job instance at 0x7fa4f41f8be0>,4,24,[7 2],5,5,29,0,5
1,<environment.Job instance at 0x7fa4f41f8f50>,10,15,[5 1],11,23,38,12,23
1,<environment.Job instance at 0x7fa4f41fc190>,13,13,[10  3],14,29,42,15,23
1,<environment.Job instance at 0x7fa4fd8428c0>,9,16,[12  1],10,42,58,32,29
1,<environment.Job instance at 0x7fa4f41fc2d0>,15,20,[ 3 12],16,38,58,22,29
1,<environment.Job instance at 0x7fa4f41fc050>,11,15,[6 1],12,58,73,46,44
1,<environment.Job instance at 0x7fa4f41f8eb0>,8,20,[ 4 13],9,58,78,49,49
1,<environment.Job instance at 0x7fa4f41fc370>,16,28,[5 1],17,58,86,41,57
1,<environment.Job instance at 0x7fa4f4203be0>,0,17,[6 1],1,1,18,0,1
1,<environment.Job instance at 0x7fa4f41f8960>,2,20,[7 4],3,3,23,0,3
1,<environment.Job instance at 0x7fa4f4206370>,10,15,[5 1],11,18,33,7,18
1,<environment.Job instance at 0x7fa4f4206a00>,22,13,[7 4],23,23,36,0,23
1,<environment.Job instance at 0x7fa4f4206eb0>,26,12,[8 5],27,33,45,6,33
1,<environment.Job instance at 0x7fa4f42064b0>,11,15,[6 1],12,36,51,24,36
1,<environment.Job instance at 0x7fa4f4207190>,35,16,[1 9],36,36,52,0,36
1,<environment.Job instance at 0x7fa4f4207410>,41,12,[8 3],42,45,57,3,45
1,<environment.Job instance at 0x7fa4f42078c0>,43,16,[1 8],44,52,68,8,52
1,<environment.Job instance at 0x7fa4f4206410>,13,13,[10  3],14,57,70,43,57
1,<environment.Job instance at 0x7fa4f4207cd0>,49,13,[1 5],50,68,81,18,68
1,<environment.Job instance at 0x7fa4f4206c30>,24,20,[4 6],25,68,88,43,68
1,<environment.Job instance at 0x7fa4f393e410>,22,15,[9 1],23,23,38,0,23
1,<environment.Job instance at 0x7fa4f3ad07d0>,26,16,[8 4],27,38,54,11,27
1,<environment.Job instance at 0x7fa4f3ae0870>,27,18,[2 6],28,29,47,1,29
1,<environment.Job instance at 0x7fa4f4203b40>,1,14,[4 9],2,47,61,45,41
1,<environment.Job instance at 0x7fa4f393ef50>,23,23,[9 1],24,54,77,30,48
1,<environment.Job instance at 0x7fa4f42072d0>,0,15,[8 4],1,1,16,0,1
1,<environment.Job instance at 0x7fa4f4207410>,1,14,[4 9],2,2,16,0,2
1,<environment.Job instance at 0x7fa4f42070f0>,7,13,[10  1],8,16,29,8,16
1,<environment.Job instance at 0x7fa4f4207730>,3,18,[3 5],4,16,34,12,16
1,<environment.Job instance at 0x7fa4f4207870>,6,14,[10  4],7,29,43,22,29
1,<environment.Job instance at 0x7fa4f4206d70>,16,15,[1 7],17,34,49,17,34
1,<environment.Job instance at 0x7fa4f4207640>,12,14,[8 5],13,43,57,30,43
1,<environment.Job instance at 0x7fa4f4206be0>,19,16,[4 9],20,49,65,29,49
1,<environment.Job instance at 0x7fa4f4206960>,22,15,[9 1],23,57,72,34,57
1,<environment.Job instance at 0x7fa4f4206f50>,14,18,[ 3 10],15,65,83,50,65
1,<environment.Job instance at 0x7fa4f3859690>,1,13,[1 8],2,2,15,0,2
1,<environment.Job instance at 0x7fa4f385c9b0>,8,13,[10  5],9,9,22,0,9
1,<environment.Job instance at 0x7fa4f3859870>,12,12,[1 5],13,15,27,2,13
1,<environment.Job instance at 0x7fa4f3859b90>,7,21,[9 2],8,22,43,14,14
1,<environment.Job instance at 0x7fa4f38599b0>,10,24,[ 2 13],11,39,63,28,39
1,<environment.Job instance at 0x7fa4f385c5f0>,1,13,[1 8],2,2,15,0,2
1,<environment.Job instance at 0x7fa4f389cfa0>,7,21,[9 2],8,8,29,0,8
1,<environment.Job instance at 0x7fa4f3840a00>,12,12,[1 5],13,13,25,0,13
1,<environment.Job instance at 0x7fa4f38403c0>,15,17,[5 8],16,16,33,0,16
1,<environment.Job instance at 0x7fa4f389c460>,8,13,[10  5],9,29,42,20,29
1,<environment.Job instance at 0x7fa4f3942e10>,31,14,[ 5 10],32,33,47,1,33
1,<environment.Job instance at 0x7fa4f3942be0>,28,14,[6 3],29,42,56,13,42
1,<environment.Job instance at 0x7fa4f39428c0>,33,13,[5 7],34,47,60,13,47
1,<environment.Job instance at 0x7fa4f3942cd0>,22,19,[2 5],23,47,66,24,47
1,<environment.Job instance at 0x7fa4f39420f0>,16,15,[ 2 10],17,60,75,43,60
1,<environment.Job instance at 0x7fa4f38e6550>,53,15,[9 5],54,66,81,12,66
1,<environment.Job instance at 0x7fa4f46857d0>,4,13,[2 5],5,5,18,0,5
1,<environment.Job instance at 0x7fa4f46852d0>,8,16,[ 1 14],9,18,34,9,12
1,<environment.Job instance at 0x7fa4f3955aa0>,0,20,[ 2 10],1,1,21,0,1
1,<environment.Job instance at 0x7fa4f38e6c30>,4,13,[2 5],5,5,18,0,5
1,<environment.Job instance at 0x7fa4f38e69b0>,16,15,[8 5],17,18,33,1,18
1,<environment.Job instance at 0x7fa4f38e6a00>,19,12,[4 8],20,21,33,1,21
1,<environment.Job instance at 0x7fa4f3942190>,30,13,[2 7],31,33,46,2,33
1,<environment.Job instance at 0x7fa4f39428c0>,26,13,[4 8],27,33,46,6,33
1,<environment.Job instance at 0x7fa4f3942cd0>,35,13,[9 2],36,46,59,10,46
1,<environment.Job instance at 0x7fa4f3942b40>,36,13,[4 5],37,46,59,9,46
1,<environment.Job instance at 0x7fa4f3942b90>,42,13,[3 5],43,59,72,16,59
1,<environment.Job instance at 0x7fa4f46859b0>,46,14,[3 5],47,59,73,12,59
1,<environment.Job instance at 0x7fa4f3942c30>,27,16,[8 4],28,59,75,31,59
1,<environment.Job instance at 0x7fa4f3ffa230>,2,15,[5 8],3,3,18,0,3
1,<environment.Job instance at 0x7fa4f3ffa820>,11,14,[12  2],12,18,32,6,12
1,<environment.Job instance at 0x7fa4f3ffdcd0>,10,13,[8 4],11,32,45,21,16
1,<environment.Job instance at 0x7fa4f40234b0>,19,13,[5 1],20,32,45,12,30
1,<environment.Job instance at 0x7fa4f454f190>,2,15,[5 8],3,3,18,0,3
1,<environment.Job instance at 0x7fa4f454fdc0>,10,13,[8 4],11,11,24,0,11
1,<environment.Job instance at 0x7fa4f454f500>,6,17,[ 5 10],7,18,35,11,18
1,<environment.Job instance at 0x7fa4f3942b90>,20,12,[5 5],21,24,36,3,24
1,<environment.Job instance at 0x7fa4f3942870>,18,12,[5 8],19,35,47,16,35
1,<environment.Job instance at 0x7fa4f454f780>,19,13,[5 1],20,35,48,15,35
1,<environment.Job instance at 0x7fa4f3942c30>,34,12,[4 7],35,47,59,12,47
1,<environment.Job instance at 0x7fa4f39429b0>,24,18,[1 7],25,47,65,22,47
1,<environment.Job instance at 0x7fa4f3942d70>,30,14,[7 1],31,48,62,17,48
1,<environment.Job instance at 0x7fa4f38e6370>,40,14,[3 7],41,59,73,18,59
1,<environment.Job instance at 0x7fa4f3942140>,23,18,[9 5],24,65,83,41,65
1,<environment.Job instance at 0x7fa4f390e2d0>,5,25,[5 2],6,6,31,0,6
1,<environment.Job instance at 0x7fa4f390e500>,6,24,[6 3],7,7,31,0,7
1,<environment.Job instance at 0x7fa4f3921500>,8,14,[3 6],9,9,23,0,9
1,<environment.Job instance at 0x7fa4f3921370>,9,12,[6 4],10,10,22,0,10
1,<environment.Job instance at 0x7fa4f3921960>,18,16,[5 2],19,19,35,0,19
1,<environment.Job instance at 0x7fa4f39214b0>,20,12,[ 1 10],21,23,35,2,23
1,<environment.Job instance at 0x7fa4f4667730>,26,20,[7 1],27,27,47,0,27
1,<environment.Job instance at 0x7fa4f4667910>,25,13,[5 5],26,35,48,9,35
1,<environment.Job instance at 0x7fa4f3921460>,19,22,[2 5],20,35,57,15,35
1,<environment.Job instance at 0x7fa4f46677d0>,35,17,[7 4],36,47,64,11,47
1,<environment.Job instance at 0x7fa4f4667a50>,31,20,[5 5],32,48,68,16,48
1,<environment.Job instance at 0x7fa4f4667f00>,39,13,[1 7],40,64,77,24,64
1,<environment.Job instance at 0x7fa4f3905a50>,55,13,[5 6],56,68,81,12,68
1,<environment.Job instance at 0x7fa4f3905370>,5,21,[ 4 10],6,6,27,0,6
1,<environment.Job instance at 0x7fa4f39054b0>,9,13,[6 2],10,10,23,0,10
1,<environment.Job instance at 0x7fa4f3905640>,11,12,[7 5],12,23,35,11,23
1,<environment.Job instance at 0x7fa4f39052d0>,14,15,[2 6],15,27,42,12,27
1,<environment.Job instance at 0x7fa4f4667cd0>,29,12,[4 6],30,35,47,5,35
1,<environment.Job instance at 0x7fa4f4667960>,37,14,[8 4],38,42,56,4,42
1,<environment.Job instance at 0x7fa4f4667050>,27,15,[4 9],28,47,62,19,47
1,<environment.Job instance at 0x7fa4f390e6e0>,42,13,[10  4],43,56,69,13,56
1,<environment.Job instance at 0x7fa4f4667be0>,40,15,[5 2],41,63,78,22,63
1,<environment.Job instance at 0x7fa4f39a65f0>,1,17,[5 4],2,2,19,0,2
1,<environment.Job instance at 0x7fa4f39a6e60>,6,16,[7 2],7,7,23,0,7
1,<environment.Job instance at 0x7fa4f39bf500>,10,15,[3 5],11,11,26,0,11
1,<environment.Job instance at 0x7fa4f39bfc80>,12,17,[5 5],13,19,36,6,16
1,<environment.Job instance at 0x7fa4f39bf370>,11,27,[5 5],12,23,50,11,21
1,<environment.Job instance at 0x7fa4f39bf730>,13,25,[5 5],14,26,51,12,24
1,<environment.Job instance at 0x7fa4f39bf4b0>,16,15,[13  2],17,51,66,34,37
1,<environment.Job instance at 0x7fa4f39a6460>,5,16,[1 9],6,50,66,44,37
1,<environment.Job instance at 0x7fa4f39bf820>,17,24,[ 5 13],18,66,90,48,61
1,<environment.Job instance at 0x7fa4f3921370>,1,17,[5 4],2,2,19,0,2
1,<environment.Job instance at 0x7fa4f39210a0>,4,16,[4 6],5,5,21,0,5
1,<environment.Job instance at 0x7fa4f39217d0>,10,15,[3 5],11,11,26,0,11
1,<environment.Job instance at 0x7fa4f3921140>,6,16,[7 2],7,19,35,12,19
1,<environment.Job instance at 0x7fa4f3921f50>,12,17,[5 5],13,21,38,8,21
1,<environment.Job instance at 0x7fa4f39057d0>,24,13,[5 5],25,35,48,10,35
1,<environment.Job instance at 0x7fa4f3905e60>,30,14,[9 5],31,38,52,7,38
1,<environment.Job instance at 0x7fa4f3a3e3c0>,38,15,[1 7],39,48,63,9,48
1,<environment.Job instance at 0x7fa4f39a6be0>,43,13,[1 6],44,52,65,8,52
1,<environment.Job instance at 0x7fa4f3e20d70>,39,14,[7 2],40,52,66,12,52
1,<environment.Job instance at 0x7fa4f3e80460>,46,13,[5 2],47,63,76,16,63
1,<environment.Job instance at 0x7fa4f3e80be0>,45,15,[1 6],46,65,80,19,65
1,<environment.Job instance at 0x7fa4f3905190>,27,16,[9 4],28,66,82,38,66
1,<environment.Job instance at 0x7fa4f3ff5d20>,0,13,[4 5],1,1,14,0,1
1,<environment.Job instance at 0x7fa4f3ff50f0>,2,16,[1 5],3,3,19,0,3
1,<environment.Job instance at 0x7fa4f3ff5280>,6,13,[ 5 11],7,19,32,12,11
1,<environment.Job instance at 0x7fa4f3ff5190>,9,27,[5 1],10,20,47,10,20
1,<environment.Job instance at 0x7fa4f3921820>,8,13,[10  1],9,32,45,23,20
1,<environment.Job instance at 0x7fa4fd58dd70>,19,14,[1 7],20,45,59,25,32
1,<environment.Job instance at 0x7fa4fd58df50>,20,18,[7 5],21,45,63,24,34
1,<environment.Job instance at 0x7fa4f3ff52d0>,18,16,[ 1 14],19,63,79,44,51
1,<environment.Job instance at 0x7fa4f3ff5e60>,4,27,[12  1],5,67,94,62,67
1,<environment.Job instance at 0x7fa4f3ff5640>,14,18,[ 1 10],15,79,97,64,69
1,<environment.Job instance at 0x7fa4f3aeccd0>,0,13,[4 5],1,1,14,0,1
1,<environment.Job instance at 0x7fa4f3aec730>,2,16,[1 5],3,3,19,0,3
1,<environment.Job instance at 0x7fa4f3905550>,8,13,[10  1],9,9,22,0,9
1,<environment.Job instance at 0x7fa4f39e5fa0>,3,18,[4 9],4,14,32,10,14
1,<environment.Job instance at 0x7fa4f39053c0>,20,18,[7 5],21,22,40,1,22
1,<environment.Job instance at 0x7fa4f3905320>,19,14,[1 7],20,32,46,12,32
1,<environment.Job instance at 0x7fa4f3921550>,27,16,[2 8],28,40,56,12,40
1,<environment.Job instance at 0x7fa4f4d23c80>,40,14,[5 1],41,46,60,5,46
1,<environment.Job instance at 0x7fa4f4d5f780>,44,14,[8 4],45,46,60,1,46
1,<environment.Job instance at 0x7fa4f3905500>,14,18,[ 1 10],15,56,74,41,56
1,<environment.Job instance at 0x7fa4f39215a0>,35,18,[2 5],36,60,78,24,60
1,<environment.Job instance at 0x7fa4f4b76aa0>,10,17,[5 2],11,11,28,0,11
1,<environment.Job instance at 0x7fa4f4b76be0>,11,18,[4 9],12,12,30,0,12
1,<environment.Job instance at 0x7fa4f4b76cd0>,12,12,[6 2],13,13,25,0,13
1,<environment.Job instance at 0x7fa4f4b76190>,13,23,[1 5],14,28,51,14,22
1,<environment.Job instance at 0x7fa4f4b765a0>,17,14,[11  4],18,30,44,12,22
1,<environment.Job instance at 0x7fa4f4b766e0>,15,16,[6 2],16,58,74,42,58
1,<environment.Job instance at 0x7fa4f4029910>,2,20,[8 5],3,3,23,0,3
1,<environment.Job instance at 0x7fa4f4adf730>,5,18,[3 7],6,6,24,0,6
1,<environment.Job instance at 0x7fa4f3dfa050>,12,12,[6 2],13,23,35,10,23
1,<environment.Job instance at 0x7fa4f3dfadc0>,15,16,[6 2],16,23,39,7,23
1,<environment.Job instance at 0x7fa4f3dfa7d0>,19,16,[7 4],20,35,51,15,35
1,<environment.Job instance at 0x7fa4f3dfa2d0>,22,12,[7 2],23,39,51,16,39
1,<environment.Job instance at 0x7fa4f3dfa640>,16,16,[8 2],17,51,67,34,51
1,<environment.Job instance at 0x7fa4f4adf550>,10,17,[5 2],11,51,68,40,51
1,<environment.Job instance at 0x7fa4f3dfa5a0>,25,18,[ 2 10],26,51,69,25,51
1,<environment.Job instance at 0x7fa4f45d41e0>,33,12,[9 1],34,68,80,34,68
1,<environment.Job instance at 0x7fa4f45d4280>,42,16,[5 4],43,69,85,26,69
1,<environment.Job instance at 0x7fa4f42dfbe0>,0,15,[5 5],1,1,16,0,1
1,<environment.Job instance at 0x7fa4f4b632d0>,4,12,[ 5 11],5,16,28,11,5
1,<environment.Job instance at 0x7fa4f4b63e10>,5,18,[6 4],6,6,24,0,6
1,<environment.Job instance at 0x7fa4f4b63780>,11,13,[5 6],12,28,41,16,17
1,<environment.Job instance at 0x7fa4f4b63820>,10,15,[11  4],11,41,56,30,27
1,<environment.Job instance at 0x7fa4f4b638c0>,8,23,[11  4],9,56,79,47,53
1,<environment.Job instance at 0x7fa4f416a8c0>,14,19,[1 6],15,62,81,47,62
1,<environment.Job instance at 0x7fa4f3c3f280>,0,15,[5 5],1,1,16,0,1
1,<environment.Job instance at 0x7fa4f3c3f050>,5,18,[6 4],6,6,24,0,6
1,<environment.Job instance at 0x7fa4fd8417d0>,14,19,[1 6],15,15,34,0,15
1,<environment.Job instance at 0x7fa4f45d4550>,18,22,[8 2],19,19,41,0,19
1,<environment.Job instance at 0x7fa4f3e853c0>,11,13,[5 6],12,24,37,12,24
1,<environment.Job instance at 0x7fa4f45d4c80>,21,17,[2 7],22,34,51,12,34
1,<environment.Job instance at 0x7fa4f3dfa5f0>,38,12,[6 4],39,41,53,2,41
1,<environment.Job instance at 0x7fa4f3dfad20>,37,16,[5 2],38,41,57,3,41
1,<environment.Job instance at 0x7fa4f3dfa3c0>,40,13,[1 8],41,51,64,10,51
1,<environment.Job instance at 0x7fa4f3dfad70>,30,14,[9 2],31,53,67,22,53
1,<environment.Job instance at 0x7fa4f45d4a50>,19,13,[5 8],20,64,77,44,64
1,<environment.Job instance at 0x7fa4f3dfa050>,48,12,[10  4],49,67,79,18,67
1,<environment.Job instance at 0x7fa4f4cb1e10>,4,13,[4 5],5,5,18,0,5
1,<environment.Job instance at 0x7fa4f411b460>,8,22,[2 8],9,9,31,0,9
1,<environment.Job instance at 0x7fa4f411b730>,14,16,[1 6],15,18,34,3,15
1,<environment.Job instance at 0x7fa4f411bd70>,11,22,[11  3],12,31,53,19,25
1,<environment.Job instance at 0x7fa4f36ea910>,16,21,[ 4 12],17,34,55,17,26
1,<environment.Job instance at 0x7fa4f36eacd0>,18,14,[5 2],19,53,67,34,38
1,<environment.Job instance at 0x7fa4f36ea050>,20,13,[ 5 13],21,55,68,34,43
1,<environment.Job instance at 0x7fa4f48003c0>,25,22,[5 5],26,68,90,42,61
1,<environment.Job instance at 0x7fa4f46db230>,31,15,[5 4],32,68,83,36,61
1,<environment.Job instance at 0x7fa4f46dc870>,36,14,[7 3],37,83,97,46,68
1,<environment.Job instance at 0x7fa4f40a45f0>,4,13,[4 5],5,5,18,0,5
1,<environment.Job instance at 0x7fa4f44aec30>,5,20,[3 7],6,6,26,0,6
1,<environment.Job instance at 0x7fa4f483d6e0>,7,17,[8 3],8,8,25,0,8
1,<environment.Job instance at 0x7fa4f4486b90>,18,14,[5 2],19,25,39,6,25
1,<environment.Job instance at 0x7fa4f44b5550>,21,15,[6 3],22,25,40,3,25
1,<environment.Job instance at 0x7fa4f45e6960>,14,16,[1 6],15,26,42,11,26
1,<environment.Job instance at 0x7fa4f44b50f0>,22,16,[9 3],23,40,56,17,40
1,<environment.Job instance at 0x7fa4f4497d70>,31,15,[5 4],32,42,57,10,42
1,<environment.Job instance at 0x7fa4f44b4fa0>,45,12,[5 5],46,56,68,10,56
1,<environment.Job instance at 0x7fa4f4484820>,36,14,[7 3],37,57,71,20,57
1,<environment.Job instance at 0x7fa4f44ae7d0>,9,18,[2 7],10,57,75,47,57
1,<environment.Job instance at 0x7fa4f4bcb500>,4,21,[ 4 11],5,13,34,8,13
1,<environment.Job instance at 0x7fa4f3f114b0>,13,24,[5 1],14,14,38,0,14
1,<environment.Job instance at 0x7fa4f3f11730>,14,20,[5 3],15,16,36,1,16
1,<environment.Job instance at 0x7fa4f3f111e0>,11,17,[ 5 14],12,36,53,24,24
1,<environment.Job instance at 0x7fa4f3ef6370>,17,14,[14  1],18,53,67,35,51
1,<environment.Job instance at 0x7fa4f4115f00>,0,18,[7 4],1,1,19,0,1
1,<environment.Job instance at 0x7fa4f40a4d20>,6,20,[2 9],7,7,27,0,7
1,<environment.Job instance at 0x7fa4f3c9b9b0>,14,20,[5 3],15,19,39,4,19
1,<environment.Job instance at 0x7fa4f47f07d0>,20,16,[6 3],21,21,37,0,21
1,<environment.Job instance at 0x7fa4fd5426e0>,31,20,[3 8],32,32,52,0,32
1,<environment.Job instance at 0x7fa4fd86b3c0>,30,14,[5 1],31,37,51,6,37
1,<environment.Job instance at 0x7fa4f45e0280>,25,12,[10  2],26,51,63,25,51
1,<environment.Job instance at 0x7fa4f3ea60f0>,41,16,[3 9],42,52,68,10,52
1,<environment.Job instance at 0x7fa4f4732c80>,56,12,[2 5],57,63,75,6,63
1,<environment.Job instance at 0x7fa4f47322d0>,58,12,[9 1],59,63,75,4,63
1,<environment.Job instance at 0x7fa4f45f7910>,64,14,[4 8],65,68,82,3,68
1,<environment.Job instance at 0x7fa4f4cb1e60>,11,15,[2 7],12,12,27,0,12
1,<environment.Job instance at 0x7fa4f4a3aa00>,1,14,[10  4],2,2,16,0,2
1,<environment.Job instance at 0x7fa4f4cc9c80>,11,15,[2 7],12,12,27,0,12
1,<environment.Job instance at 0x7fa4f417ab90>,12,17,[3 5],13,16,33,3,16
1,<environment.Job instance at 0x7fa4f4d6e500>,26,12,[9 5],27,27,39,0,27
1,<environment.Job instance at 0x7fa4f4d6ee10>,30,16,[5 4],31,33,49,2,33
1,<environment.Job instance at 0x7fa4f4d6efa0>,25,14,[10  1],26,39,53,13,39
1,<environment.Job instance at 0x7fa4f4d6eaa0>,32,12,[5 2],33,49,61,16,49
1,<environment.Job instance at 0x7fa4f4d6e5a0>,34,12,[7 2],35,53,65,18,53
1,<environment.Job instance at 0x7fa4f4171910>,21,21,[2 9],22,53,74,31,53
1,<environment.Job instance at 0x7fa4f34e2870>,37,12,[7 2],38,65,77,27,65
1,<environment.Job instance at 0x7fa4f34e22d0>,47,17,[6 2],48,65,82,17,65
1,<environment.Job instance at 0x7fa4f34d16e0>,9,21,[7 5],10,10,31,0,10
1,<environment.Job instance at 0x7fa4f34d18c0>,11,13,[5 2],12,12,25,0,12
1,<environment.Job instance at 0x7fa4f3adf4b0>,4,14,[ 5 13],5,31,45,26,18
1,<environment.Job instance at 0x7fa4f34d1cd0>,21,25,[9 1],22,31,56,9,27
1,<environment.Job instance at 0x7fa4f34ae140>,23,14,[13  1],24,56,70,32,41
1,<environment.Job instance at 0x7fa4f34ae1e0>,24,14,[1 6],25,45,59,20,41
1,<environment.Job instance at 0x7fa4f34ae280>,25,15,[ 5 14],26,70,85,44,56
1,<environment.Job instance at 0x7fa4f34ae320>,26,21,[10  1],27,70,91,43,62
1,<environment.Job instance at 0x7fa4f36eaa00>,0,15,[9 1],1,1,16,0,1
1,<environment.Job instance at 0x7fa4f34e2280>,11,13,[5 2],12,16,29,4,16
1,<environment.Job instance at 0x7fa4f36ea7d0>,2,18,[8 1],3,16,34,13,16
1,<environment.Job instance at 0x7fa4f34e24b0>,18,13,[2 7],19,29,42,10,29
1,<environment.Job instance at 0x7fa4f34e2690>,24,14,[1 6],25,34,48,9,34
1,<environment.Job instance at 0x7fa4f4d6e7d0>,29,14,[6 1],30,34,48,4,34
1,<environment.Job instance at 0x7fa4f34e2640>,14,18,[6 3],15,42,60,27,42
1,<environment.Job instance at 0x7fa4f4d6edc0>,34,16,[2 5],35,42,58,7,42
1,<environment.Job instance at 0x7fa4f34e20f0>,9,21,[7 5],10,48,69,38,48
1,<environment.Job instance at 0x7fa4f4d6ef50>,38,15,[2 5],39,58,73,19,58
1,<environment.Job instance at 0x7fa4f4d6eaa0>,32,12,[10  4],33,69,81,36,69
1,<environment.Job instance at 0x7fa4f34b80f0>,6,14,[5 7],7,7,21,0,7
1,<environment.Job instance at 0x7fa4f34b83c0>,7,12,[3 8],8,8,20,0,8
1,<environment.Job instance at 0x7fa4f34b8d70>,11,12,[13  5],12,50,62,38,50
1,<environment.Job instance at 0x7fa4f34abb40>,16,13,[13  1],17,62,75,45,59
1,<environment.Job instance at 0x7fa4f34ab230>,18,13,[2 9],19,62,75,43,62
1,<environment.Job instance at 0x7fa4f34ab730>,21,12,[6 3],22,75,87,53,64
1,<environment.Job instance at 0x7fa4f34e2690>,3,18,[6 4],4,4,22,0,4
1,<environment.Job instance at 0x7fa4f34e2b40>,4,18,[9 1],5,5,23,0,5
1,<environment.Job instance at 0x7fa4f34e2dc0>,7,12,[3 8],8,22,34,14,22
1,<environment.Job instance at 0x7fa4f36ea050>,21,12,[6 3],22,23,35,1,23
1,<environment.Job instance at 0x7fa4f36eaf50>,24,17,[5 1],25,25,42,0,25
1,<environment.Job instance at 0x7fa4f34e26e0>,18,13,[2 9],19,34,47,15,34
1,<environment.Job instance at 0x7fa4f3840640>,29,17,[7 5],30,35,52,5,35
1,<environment.Job instance at 0x7fa4f3840e60>,34,12,[3 7],35,47,59,12,47
1,<environment.Job instance at 0x7fa4f4650780>,42,13,[9 3],43,52,65,9,52
1,<environment.Job instance at 0x7fa4f36eac30>,23,21,[1 5],24,52,73,28,52
1,<environment.Job instance at 0x7fa4f4650960>,44,13,[5 5],45,59,72,14,59
1,<environment.Job instance at 0x7fa4f3ab6a00>,0,19,[5 2],1,1,20,0,1
1,<environment.Job instance at 0x7fa4f3ab6460>,9,18,[2 5],10,10,28,0,10
1,<environment.Job instance at 0x7fa4f3ab6fa0>,11,21,[2 6],12,12,33,0,12
1,<environment.Job instance at 0x7fa4f4675500>,5,18,[11  2],6,20,38,14,17
1,<environment.Job instance at 0x7fa4f3ab6aa0>,13,26,[3 8],14,33,59,19,33
1,<environment.Job instance at 0x7fa4f3a04f50>,17,23,[9 2],18,50,73,32,50
1,<environment.Job instance at 0x7fa4f3ab65f0>,16,15,[4 7],17,65,80,48,65
1,<environment.Job instance at 0x7fa4f4659910>,0,19,[5 2],1,1,20,0,1
1,<environment.Job instance at 0x7fa4f4659820>,2,17,[6 5],3,3,20,0,3
1,<environment.Job instance at 0x7fa4f4659eb0>,9,18,[2 5],10,10,28,0,10
1,<environment.Job instance at 0x7fa4f4650910>,15,15,[9 4],16,20,35,4,20
1,<environment.Job instance at 0x7fa4f4650960>,16,15,[4 7],17,28,43,11,28
1,<environment.Job instance at 0x7fa4f46445a0>,27,15,[8 2],28,35,50,7,35
1,<environment.Job instance at 0x7fa4f46505a0>,11,21,[2 6],12,35,56,23,35
1,<environment.Job instance at 0x7fa4fd3f7cd0>,32,16,[4 6],33,43,59,10,43
1,<environment.Job instance at 0x7fa4f4644b90>,31,16,[8 3],32,50,66,18,50
1,<environment.Job instance at 0x7fa4f3521be0>,40,16,[3 7],41,59,75,18,59
1,<environment.Job instance at 0x7fa4f3521910>,42,14,[5 7],43,66,80,23,66
1,<environment.Job instance at 0x7fa4f3c46960>,3,15,[2 7],4,4,19,0,4
1,<environment.Job instance at 0x7fa4f4659b90>,2,17,[ 4 13],3,19,36,16,11
1,<environment.Job instance at 0x7fa4f3c46460>,8,21,[ 1 11],9,36,57,27,28
1,<environment.Job instance at 0x7fa4f3c2c5f0>,19,22,[ 2 11],20,57,79,37,50
1,<environment.Job instance at 0x7fa4f3c2cb90>,20,14,[8 2],21,50,64,29,50
1,<environment.Job instance at 0x7fa4f3c2c870>,22,12,[ 4 14],23,79,91,56,62
1,<environment.Job instance at 0x7fa4f3fd95f0>,1,22,[6 4],2,2,24,0,2
1,<environment.Job instance at 0x7fa4f3fd9d70>,3,15,[2 7],4,4,19,0,4
1,<environment.Job instance at 0x7fa4f3a9f230>,15,19,[3 8],16,19,38,3,19
1,<environment.Job instance at 0x7fa4f3ab64b0>,20,14,[8 2],21,24,38,3,24
1,<environment.Job instance at 0x7fa4f46441e0>,23,18,[4 5],24,24,42,0,24
1,<environment.Job instance at 0x7fa4f4644730>,25,13,[4 6],26,38,51,12,38
1,<environment.Job instance at 0x7fa4f4650050>,40,14,[9 5],41,42,56,1,42
1,<environment.Job instance at 0x7fa4f4650960>,33,16,[3 5],34,51,67,17,51
1,<environment.Job instance at 0x7fa4f4659190>,47,12,[4 7],48,56,68,8,56
1,<environment.Job instance at 0x7fa4f4659cd0>,48,15,[6 4],49,67,82,18,67
1,<environment.Job instance at 0x7fa4f3507690>,50,15,[ 5 10],51,68,83,17,68
1,<environment.Job instance at 0x7fa4f39f0cd0>,3,16,[7 4],4,4,20,0,4
1,<environment.Job instance at 0x7fa4f39f0eb0>,4,23,[6 1],5,5,28,0,5
1,<environment.Job instance at 0x7fa4f39f0140>,6,24,[5 9],7,20,44,13,15
1,<environment.Job instance at 0x7fa4f48a81e0>,12,23,[12  4],13,44,67,31,39
1,<environment.Job instance at 0x7fa4f3fd92d0>,8,25,[12  2],9,67,92,58,64
1,<environment.Job instance at 0x7fa4f48a8c30>,14,14,[3 5],15,68,82,53,68
1,<environment.Job instance at 0x7fa4f3fd9820>,3,16,[7 4],4,4,20,0,4
1,<environment.Job instance at 0x7fa4f3b96460>,14,14,[3 5],15,15,29,0,15
1,<environment.Job instance at 0x7fa4f4a52960>,23,13,[7 3],24,24,37,0,24
1,<environment.Job instance at 0x7fa4f4a52050>,28,16,[4 8],29,29,45,0,29
1,<environment.Job instance at 0x7fa4f4a52230>,30,18,[10  3],31,37,55,6,37
1,<environment.Job instance at 0x7fa4f4a509b0>,38,15,[1 5],39,45,60,6,45
1,<environment.Job instance at 0x7fa4f39fd8c0>,46,17,[10  5],47,55,72,8,55
1,<environment.Job instance at 0x7fa4f39fdb90>,49,17,[1 7],50,60,77,10,60
1,<environment.Job instance at 0x7fa4f3c35550>,1,13,[ 4 13],2,11,24,9,11
1,<environment.Job instance at 0x7fa4f4c1bb90>,7,12,[11  3],8,24,36,16,12
1,<environment.Job instance at 0x7fa4f4c1be10>,11,25,[ 2 12],12,24,49,12,20
1,<environment.Job instance at 0x7fa4f4c306e0>,23,14,[5 5],24,49,63,25,34
1,<environment.Job instance at 0x7fa4f48acaf0>,8,22,[1 8],9,49,71,40,48
1,<environment.Job instance at 0x7fa4f4c303c0>,18,15,[ 3 10],19,71,86,52,62
1,<environment.Job instance at 0x7fa4f4c30a50>,27,12,[1 8],28,86,98,58,69
1,<environment.Job instance at 0x7fa4f48acb90>,0,17,[10  3],1,1,18,0,1
1,<environment.Job instance at 0x7fa4f39f1280>,5,16,[4 8],6,6,22,0,6
1,<environment.Job instance at 0x7fa4f39fd2d0>,15,17,[4 6],16,18,35,2,18
1,<environment.Job instance at 0x7fa4f48acd20>,2,18,[9 2],3,22,40,19,22
1,<environment.Job instance at 0x7fa4f4a50eb0>,27,12,[1 8],28,35,47,7,35
1,<environment.Job instance at 0x7fa4f39fd690>,23,14,[5 5],24,35,49,11,35
1,<environment.Job instance at 0x7fa4f4a52d20>,29,13,[8 2],30,40,53,10,40
1,<environment.Job instance at 0x7fa4f4a525f0>,32,22,[2 8],33,48,70,15,48
1,<environment.Job instance at 0x7fa4f34ae3c0>,46,12,[9 3],47,54,66,7,54
1,<environment.Job instance at 0x7fa4f3ab6320>,52,19,[5 5],53,66,85,13,66
1,<environment.Job instance at 0x7f8d0a2566e0>,0,17,[6 1],1,1,18,0,1
1,<environment.Job instance at 0x7f8d00c0ce60>,9,16,[12  1],10,32,48,22,32
1,<environment.Job instance at 0x7f8d0a2568c0>,8,20,[ 4 13],9,48,68,39,43
1,<environment.Job instance at 0x7f8d00c11140>,13,13,[10  3],14,68,81,54,65
1,<environment.Job instance at 0x7f8d00c16f00>,0,17,[6 1],1,1,18,0,1
1,<environment.Job instance at 0x7f8d00c0c960>,2,20,[7 4],3,3,23,0,3
1,<environment.Job instance at 0x7f8d00c18820>,10,15,[5 1],11,18,33,7,18
1,<environment.Job instance at 0x7f8d00c18c80>,22,13,[7 4],23,23,36,0,23
1,<environment.Job instance at 0x7f8d00c1a3c0>,26,12,[8 5],27,33,45,6,33
1,<environment.Job instance at 0x7f8d00c18960>,11,15,[6 1],12,36,51,24,36
1,<environment.Job instance at 0x7f8d00c1a370>,35,16,[1 9],36,36,52,0,36
1,<environment.Job instance at 0x7f8d00c1a8c0>,41,12,[8 3],42,45,57,3,45
1,<environment.Job instance at 0x7f8d00c1ad70>,43,16,[1 8],44,52,68,8,52
1,<environment.Job instance at 0x7f8d00c188c0>,13,13,[10  3],14,57,70,43,57
1,<environment.Job instance at 0x7f8d00dbf8c0>,49,13,[1 5],50,68,81,18,68
1,<environment.Job instance at 0x7f8d00c1a140>,24,20,[4 6],25,68,88,43,68
1,<environment.Job instance at 0x7f8d00c1a5a0>,32,17,[9 3],33,70,87,37,70
1,<environment.Job instance at 0x7f8d003557d0>,6,15,[1 7],7,7,22,0,7
1,<environment.Job instance at 0x7f8d00353230>,16,16,[8 4],17,19,35,2,19
1,<environment.Job instance at 0x7f8d00c180f0>,2,14,[8 5],3,37,51,34,37
1,<environment.Job instance at 0x7f8d00353500>,19,25,[6 5],20,37,62,17,37
1,<environment.Job instance at 0x7f8d00353780>,24,16,[1 9],25,51,67,26,38
1,<environment.Job instance at 0x7f8d00c1a910>,1,19,[5 5],2,2,21,0,2
1,<environment.Job instance at 0x7f8d00c1aa50>,2,14,[8 5],3,3,17,0,3
1,<environment.Job instance at 0x7f8d00c1a5f0>,6,15,[1 7],7,17,32,10,17
1,<environment.Job instance at 0x7f8d00c1a5a0>,12,15,[9 1],13,17,32,4,17
1,<environment.Job instance at 0x7f8d00c1a050>,9,16,[4 9],10,32,48,22,32
1,<environment.Job instance at 0x7f8d00c18e10>,16,16,[8 4],17,32,48,15,32
1,<environment.Job instance at 0x7f8d00c18820>,24,16,[1 9],25,48,64,23,48
1,<environment.Job instance at 0x7f8d00c1a3c0>,8,18,[7 1],9,48,66,39,48
1,<environment.Job instance at 0x7f8d00c18640>,26,16,[7 5],27,48,64,21,48
1,<environment.Job instance at 0x7f8d00c16cd0>,33,12,[1 6],34,64,76,30,64
1,<environment.Job instance at 0x7f8d00c16f00>,34,17,[5 1],35,64,81,29,64
1,<environment.Job instance at 0x7f8d00c18aa0>,17,18,[2 6],18,64,82,46,64
1,<environment.Job instance at 0x7f8d004315a0>,36,17,[5 5],37,76,93,39,76
1,<environment.Job instance at 0x7f8d002a47d0>,2,19,[2 5],3,3,22,0,3
1,<environment.Job instance at 0x7f8d002a4e60>,4,22,[3 8],5,5,27,0,5
1,<environment.Job instance at 0x7f8d002940a0>,8,14,[6 3],9,22,36,13,9
1,<environment.Job instance at 0x7f8d002945a0>,11,14,[ 5 10],12,46,60,34,46
1,<environment.Job instance at 0x7f8d00294d20>,13,13,[5 7],14,60,73,46,50
1,<environment.Job instance at 0x7f8d00294870>,15,24,[3 7],16,60,84,44,55
1,<environment.Job instance at 0x7f8d12a179b0>,10,24,[ 4 11],11,84,108,73,79
1,<environment.Job instance at 0x7f8d0022a5f0>,2,19,[2 5],3,3,22,0,3
1,<environment.Job instance at 0x7f8d0022a910>,4,22,[3 8],5,5,27,0,5
1,<environment.Job instance at 0x7f8d0022afa0>,13,13,[5 7],14,22,35,8,22
1,<environment.Job instance at 0x7f8d0022ab90>,8,14,[6 3],9,27,41,18,27
1,<environment.Job instance at 0x7f8d0022a410>,11,14,[ 5 10],12,35,49,23,35
1,<environment.Job instance at 0x7f8d002a99b0>,33,15,[9 5],34,41,56,7,41
1,<environment.Job instance at 0x7f8d002a9c80>,27,16,[1 7],28,49,65,21,49
1,<environment.Job instance at 0x7f8d00290910>,38,14,[7 1],39,56,70,17,56
1,<environment.Job instance at 0x7f8d0022a2d0>,12,17,[4 7],13,56,73,43,56
1,<environment.Job instance at 0x7f8d00290aa0>,43,15,[6 1],44,70,85,26,70
1,<environment.Job instance at 0x7f8d002901e0>,44,18,[5 4],45,70,88,25,70
1,<environment.Job instance at 0x7f8d00290eb0>,50,20,[ 2 10],51,74,94,23,74
1,<environment.Job instance at 0x7f8d01013f00>,0,13,[2 7],1,1,14,0,1
1,<environment.Job instance at 0x7f8d01013140>,5,13,[9 2],6,6,19,0,6
1,<environment.Job instance at 0x7f8d010136e0>,6,13,[4 5],7,7,20,0,7
1,<environment.Job instance at 0x7f8d01013780>,12,13,[3 5],13,19,32,6,13
1,<environment.Job instance at 0x7f8d01013280>,11,24,[6 2],12,19,43,7,16
1,<environment.Job instance at 0x7f8d01013c80>,14,23,[1 8],15,20,43,5,18
1,<environment.Job instance at 0x7f8d01013690>,16,14,[3 5],17,32,46,15,25
1,<environment.Job instance at 0x7f8d010134b0>,2,13,[ 5 11],3,46,59,43,30
1,<environment.Job instance at 0x7f8d01013e60>,0,13,[2 7],1,1,14,0,1
1,<environment.Job instance at 0x7f8d00ce90a0>,5,13,[9 2],6,6,19,0,6
1,<environment.Job instance at 0x7f8d00ce9410>,6,13,[4 5],7,7,20,0,7
1,<environment.Job instance at 0x7f8d00ce9960>,12,13,[3 5],13,19,32,6,19
1,<environment.Job instance at 0x7f8d00ce9050>,16,14,[3 5],17,19,33,2,19
1,<environment.Job instance at 0x7f8d0a3c8c30>,28,13,[6 4],29,29,42,0,29
1,<environment.Job instance at 0x7f8d0091cb90>,31,16,[6 3],32,32,48,0,32
1,<environment.Job instance at 0x7f8d0a3c8230>,35,13,[8 3],36,42,55,6,42
1,<environment.Job instance at 0x7f8d0a3cfcd0>,39,15,[3 6],40,48,63,8,48
1,<environment.Job instance at 0x7f8d0a3cf8c0>,42,15,[5 8],43,55,70,12,55
1,<environment.Job instance at 0x7f8d0a3cfd20>,38,17,[8 4],39,63,80,24,63
1,<environment.Job instance at 0x7f8d00ce96e0>,13,16,[5 8],14,70,86,56,70
1,<environment.Job instance at 0x7f8d0070a460>,0,14,[3 7],1,1,15,0,1
1,<environment.Job instance at 0x7f8d01068910>,7,28,[ 1 14],8,15,43,7,14
1,<environment.Job instance at 0x7f8d01068eb0>,9,12,[ 5 12],10,43,55,33,27
1,<environment.Job instance at 0x7f8d010705a0>,14,12,[2 7],15,55,67,40,38
1,<environment.Job instance at 0x7f8d005de730>,31,14,[ 2 14],32,67,81,35,53
1,<environment.Job instance at 0x7f8d00ab3960>,36,24,[6 3],37,81,105,44,76
1,<environment.Job instance at 0x7f8d00b48b40>,0,14,[3 7],1,1,15,0,1
1,<environment.Job instance at 0x7f8d25a28f00>,5,20,[5 8],6,6,26,0,6
1,<environment.Job instance at 0x7f8d0a3d0c30>,14,12,[2 7],15,15,27,0,15
1,<environment.Job instance at 0x7f8d0a3cfaf0>,24,17,[7 1],25,26,43,1,26
1,<environment.Job instance at 0x7f8d00a1e6e0>,12,13,[2 9],13,27,40,14,27
1,<environment.Job instance at 0x7f8d0a3c8690>,38,14,[3 6],39,40,54,1,40
1,<environment.Job instance at 0x7f8d0a3c8640>,39,12,[6 4],40,43,55,3,43
1,<environment.Job instance at 0x7f8d00a1e730>,4,16,[ 4 10],5,54,70,49,54
1,<environment.Job instance at 0x7f8d00ce9f00>,48,16,[5 2],49,55,71,6,55
1,<environment.Job instance at 0x7f8d00ce9cd0>,50,12,[ 1 10],51,70,82,19,70
1,<environment.Job instance at 0x7f8d00ce9460>,55,13,[5 5],56,71,84,15,71
1,<environment.Job instance at 0x7f8d00a99be0>,2,14,[4 5],3,3,17,0,3
1,<environment.Job instance at 0x7f8d00a99dc0>,5,13,[5 6],6,6,19,0,6
1,<environment.Job instance at 0x7f8d0a3c8140>,2,14,[4 5],3,3,17,0,3
1,<environment.Job instance at 0x7f8d0a3c8f00>,5,13,[5 6],6,6,19,0,6
1,<environment.Job instance at 0x7f8d0091ca50>,10,20,[4 9],11,17,37,6,17
1,<environment.Job instance at 0x7f8d0a3cfaa0>,18,18,[5 5],19,19,37,0,19
1,<environment.Job instance at 0x7f8d00b48cd0>,31,12,[7 5],32,37,49,5,37
1,<environment.Job instance at 0x7f8d00b48960>,29,13,[6 2],30,37,50,7,37
1,<environment.Job instance at 0x7f8d00a999b0>,34,15,[2 6],35,37,52,2,37
1,<environment.Job instance at 0x7f8d010820f0>,47,15,[4 9],48,50,65,2,50
1,<environment.Job instance at 0x7f8d010829b0>,49,12,[4 6],50,52,64,2,52
1,<environment.Job instance at 0x7f8d00a990f0>,35,17,[10  4],36,64,81,28,64
1,<environment.Job instance at 0x7f8d00a9c190>,55,18,[5 5],56,65,83,9,65
1,<environment.Job instance at 0x7f8d01089050>,6,14,[ 1 13],7,9,23,2,9
1,<environment.Job instance at 0x7f8d00b13370>,7,16,[13  5],8,23,39,15,15
1,<environment.Job instance at 0x7f8d00a88370>,9,12,[5 5],10,10,22,0,10
1,<environment.Job instance at 0x7f8d00a88230>,11,17,[5 4],12,12,29,0,12
1,<environment.Job instance at 0x7f8d00a9cdc0>,14,16,[4 6],15,15,31,0,15
1,<environment.Job instance at 0x7f8d00a9c0f0>,20,15,[3 5],21,22,37,1,22
1,<environment.Job instance at 0x7f8d00a885f0>,16,16,[7 2],17,29,45,12,29
1,<environment.Job instance at 0x7f8d00a9c500>,22,17,[5 5],23,31,48,8,31
1,<environment.Job instance at 0x7f8d01082a50>,34,13,[5 5],35,45,58,10,45
1,<environment.Job instance at 0x7f8d00a999b0>,40,14,[9 5],41,48,62,7,48
1,<environment.Job instance at 0x7f8d00b48b40>,48,15,[1 7],49,58,73,9,58
1,<environment.Job instance at 0x7f8d0a3cfbe0>,53,13,[1 6],54,62,75,8,62
1,<environment.Job instance at 0x7f8d0a3cfaf0>,49,14,[7 2],50,62,76,12,62
1,<environment.Job instance at 0x7f8d0a3cfd70>,56,13,[5 2],57,73,86,16,73
1,<environment.Job instance at 0x7f8d0a3cffa0>,55,15,[1 6],56,75,90,19,75
1,<environment.Job instance at 0x7f8d0106b640>,37,16,[9 4],38,76,92,38,76
1,<environment.Job instance at 0x7f8d005d1c30>,0,13,[4 5],1,1,14,0,1
1,<environment.Job instance at 0x7f8d0080abe0>,2,16,[1 5],3,3,19,0,3
1,<environment.Job instance at 0x7f8d0080adc0>,6,13,[ 5 11],7,19,32,12,11
1,<environment.Job instance at 0x7f8d0080a1e0>,17,28,[12  4],18,47,75,29,47
1,<environment.Job instance at 0x7f8d00ba4870>,28,12,[11  1],29,75,87,46,58
1,<environment.Job instance at 0x7f8d00ba43c0>,27,16,[2 8],28,58,74,30,58
1,<environment.Job instance at 0x7f8d00ba4eb0>,38,14,[3 9],39,74,88,35,59
1,<environment.Job instance at 0x7f8d00b135a0>,0,13,[4 5],1,1,14,0,1
1,<environment.Job instance at 0x7f8d0a3c8190>,2,16,[1 5],3,3,19,0,3
1,<environment.Job instance at 0x7f8d0a3c8b40>,8,13,[10  1],9,9,22,0,9
1,<environment.Job instance at 0x7f8d0a3c8640>,3,18,[4 9],4,14,32,10,14
1,<environment.Job instance at 0x7f8d0034af00>,20,18,[7 5],21,22,40,1,22
1,<environment.Job instance at 0x7f8d00a88eb0>,19,14,[1 7],20,32,46,12,32
1,<environment.Job instance at 0x7f8d00a88a00>,27,16,[2 8],28,40,56,12,40
1,<environment.Job instance at 0x7f8d001dba50>,40,14,[5 1],41,46,60,5,46
1,<environment.Job instance at 0x7f8d001db140>,44,14,[8 4],45,46,60,1,46
1,<environment.Job instance at 0x7f8d0091ceb0>,14,18,[ 1 10],15,56,74,41,56
1,<environment.Job instance at 0x7f8d00667d20>,35,18,[2 5],36,60,78,24,60
1,<environment.Job instance at 0x7f8d011db3c0>,60,12,[2 8],61,74,86,13,74
1,<environment.Job instance at 0x7f8d001db2d0>,56,15,[6 1],57,74,89,17,74
1,<environment.Job instance at 0x7f8d001dbf00>,61,13,[6 4],62,78,91,16,78
1,<environment.Job instance at 0x7f8d000f00f0>,0,17,[5 2],1,1,18,0,1
1,<environment.Job instance at 0x7f8d000f0b40>,2,12,[6 2],3,3,15,0,3
1,<environment.Job instance at 0x7f8d000f01e0>,5,16,[6 2],6,15,31,9,6
1,<environment.Job instance at 0x7f8d000f0aa0>,9,16,[7 4],10,18,34,8,10
1,<environment.Job instance at 0x7f8d000f03c0>,15,18,[ 2 10],16,31,49,15,24
1,<environment.Job instance at 0x7f8d000f0140>,19,25,[5 1],20,31,56,11,27
1,<environment.Job instance at 0x7f8d000494b0>,23,12,[9 1],24,49,61,25,32
1,<environment.Job instance at 0x7f8d00049410>,25,17,[10  1],26,61,78,35,49
1,<environment.Job instance at 0x7f8d00049870>,32,16,[5 4],33,56,72,23,50
1,<environment.Job instance at 0x7f8d000f0320>,18,12,[ 5 11],19,72,84,53,60
1,<environment.Job instance at 0x7f8d00053f00>,48,12,[1 7],49,84,96,35,67
1,<environment.Job instance at 0x7f8d008b7a50>,0,17,[5 2],1,1,18,0,1
1,<environment.Job instance at 0x7f8d011dbf00>,1,18,[4 9],2,2,20,0,2
1,<environment.Job instance at 0x7f8d011db4b0>,2,12,[6 2],3,3,15,0,3
1,<environment.Job instance at 0x7f8d011db500>,5,16,[6 2],6,15,31,9,15
1,<environment.Job instance at 0x7f8d001dbf00>,12,12,[7 2],13,20,32,7,20
1,<environment.Job instance at 0x7f8d001db6e0>,15,18,[ 2 10],16,20,38,4,20
1,<environment.Job instance at 0x7f8d001db550>,23,12,[9 1],24,32,44,8,32
1,<environment.Job instance at 0x7f8d0080a6e0>,32,16,[5 4],33,38,54,5,38
1,<environment.Job instance at 0x7f8d00049500>,38,14,[6 5],39,44,58,5,44
1,<environment.Job instance at 0x7f8d0a3c8690>,36,17,[3 5],37,44,61,7,44
1,<environment.Job instance at 0x7f8d000f18c0>,48,12,[1 7],49,58,70,9,58
1,<environment.Job instance at 0x7f8d011dbcd0>,6,16,[8 2],7,58,74,51,58
1,<environment.Job instance at 0x7f8d000f09b0>,47,15,[4 7],48,70,85,22,70
1,<environment.Job instance at 0x7f8d000f19b0>,50,16,[1 7],51,74,90,23,74
1,<environment.Job instance at 0x7f8d001dbc30>,25,17,[10  1],26,74,91,48,74
1,<environment.Job instance at 0x7f8d000f1960>,1,17,[2 7],2,2,19,0,2
1,<environment.Job instance at 0x7f8d000f1140>,10,14,[9 2],11,11,25,0,11
1,<environment.Job instance at 0x7f8d000f17d0>,18,12,[6 4],19,19,31,0,19
1,<environment.Job instance at 0x7f8d000f0f00>,20,13,[1 8],21,25,38,4,25
1,<environment.Job instance at 0x7f8d000f18c0>,17,16,[5 2],18,25,41,7,25
1,<environment.Job instance at 0x7f8d000f1eb0>,14,22,[5 4],15,31,53,16,31
1,<environment.Job instance at 0x7f8d00053370>,24,18,[5 8],25,38,56,13,38
1,<environment.Job instance at 0x7f8d00053780>,28,12,[10  4],29,53,65,24,53
1,<environment.Job instance at 0x7f8d00ef7500>,40,14,[2 7],41,56,70,15,56
1,<environment.Job instance at 0x7f8d00ef7870>,41,14,[5 7],42,65,79,23,65
1,<environment.Job instance at 0x7f8d00ef7320>,39,15,[9 2],40,70,85,30,70
1,<environment.Job instance at 0x7f8d00c16910>,54,13,[4 5],55,79,92,24,79
1,<environment.Job instance at 0x7f8d00c16cd0>,59,18,[2 7],60,79,97,19,79
1,<environment.Job instance at 0x7f8d00fe0280>,1,15,[5 4],2,2,17,0,2
1,<environment.Job instance at 0x7f8d00fe0be0>,6,14,[7 3],7,7,21,0,7
1,<environment.Job instance at 0x7f8d09d89500>,10,16,[ 2 14],11,21,37,10,11
1,<environment.Job instance at 0x7f8d00fe05f0>,9,20,[13  2],10,37,57,27,35
1,<environment.Job instance at 0x7f8d09d89f00>,14,22,[14  1],15,57,79,42,52
1,<environment.Job instance at 0x7f8d09d89dc0>,15,12,[5 5],16,79,91,63,62
1,<environment.Job instance at 0x7f8d09d890a0>,16,15,[ 1 12],17,64,79,47,64
1,<environment.Job instance at 0x7f8d09d89d20>,11,26,[7 3],12,79,105,67,77
1,<environment.Job instance at 0x7f8d015cefa0>,1,15,[5 4],2,2,17,0,2
1,<environment.Job instance at 0x7f8d00c16370>,6,14,[7 3],7,7,21,0,7
1,<environment.Job instance at 0x7f8d00c16910>,15,12,[5 5],16,17,29,1,17
1,<environment.Job instance at 0x7f8d00c16a50>,19,17,[8 3],20,21,38,1,21
1,<environment.Job instance at 0x7f8d00c165f0>,17,19,[1 8],18,29,48,11,29
1,<environment.Job instance at 0x7f8d00c16140>,22,13,[10  5],23,38,51,15,38
1,<environment.Job instance at 0x7f8d00ef70f0>,32,19,[3 6],33,48,67,15,48
1,<environment.Job instance at 0x7f8d00c166e0>,21,14,[8 3],22,51,65,29,51
1,<environment.Job instance at 0x7f8d0038f960>,60,16,[6 3],61,65,81,4,65
1,<environment.Job instance at 0x7f8d000f09b0>,40,18,[7 4],41,67,85,26,67
1,<environment.Job instance at 0x7f8d00cbbbe0>,1,16,[3 9],2,2,18,0,2
1,<environment.Job instance at 0x7f8d00cbbcd0>,2,22,[5 2],3,3,25,0,3
1,<environment.Job instance at 0x7f8d00cbb640>,6,16,[1 8],7,18,34,11,7
1,<environment.Job instance at 0x7f8d012245f0>,12,21,[1 5],13,18,39,5,13
1,<environment.Job instance at 0x7f8d00cbb1e0>,10,23,[4 9],11,34,57,23,28
1,<environment.Job instance at 0x7f8d012241e0>,13,17,[ 1 14],14,57,74,43,46
1,<environment.Job instance at 0x7f8d01224f00>,18,12,[9 1],19,46,58,27,46
1,<environment.Job instance at 0x7f8d01224820>,20,13,[ 1 12],21,74,87,53,59
1,<environment.Job instance at 0x7f8d01224140>,24,14,[4 8],25,87,101,62,73
1,<environment.Job instance at 0x7f8d01224d20>,16,12,[2 5],17,87,99,70,74
1,<environment.Job instance at 0x7f8d00cbb5a0>,1,16,[3 9],2,2,18,0,2
1,<environment.Job instance at 0x7f8d00f4aeb0>,2,22,[5 2],3,3,25,0,3
1,<environment.Job instance at 0x7f8cffee9e10>,16,12,[2 5],17,18,30,1,18
1,<environment.Job instance at 0x7f8d00cbb0a0>,6,16,[1 8],7,18,34,11,18
1,<environment.Job instance at 0x7f8cffee95a0>,18,12,[9 1],19,25,37,6,25
1,<environment.Job instance at 0x7f8cffee90a0>,28,13,[4 5],29,30,43,1,30
1,<environment.Job instance at 0x7f8cffee94b0>,12,21,[1 5],13,34,55,21,34
1,<environment.Job instance at 0x7f8cffee9aa0>,31,14,[10  4],32,37,51,5,37
1,<environment.Job instance at 0x7f8cffee9af0>,24,14,[4 8],25,51,65,26,51
1,<environment.Job instance at 0x7f8d0077b6e0>,41,15,[2 7],42,55,70,13,55
1,<environment.Job instance at 0x7f8d0077b9b0>,55,14,[10  1],56,65,79,9,65
1,<environment.Job instance at 0x7f8d0077b8c0>,42,17,[3 5],43,65,82,22,65
1,<environment.Job instance at 0x7f8d0077b500>,56,12,[9 5],57,79,91,22,79
1,<environment.Job instance at 0x7f8d00bafc30>,2,16,[6 3],3,3,19,0,3
1,<environment.Job instance at 0x7f8d00baffa0>,4,21,[5 4],5,5,26,0,5
1,<environment.Job instance at 0x7f8d00baf460>,5,16,[6 4],6,19,35,13,6
1,<environment.Job instance at 0x7f8d00baf690>,9,12,[5 4],10,26,38,16,10
1,<environment.Job instance at 0x7f8d00baf050>,13,23,[1 5],14,14,37,0,14
1,<environment.Job instance at 0x7f8d00b7e500>,18,13,[7 1],19,35,48,16,19
1,<environment.Job instance at 0x7f8d00b7efa0>,19,14,[14  1],20,48,62,28,35
1,<environment.Job instance at 0x7f8d00b92e60>,31,13,[5 2],32,62,75,30,51
1,<environment.Job instance at 0x7f8d00b7e6e0>,14,18,[ 1 12],15,60,78,45,60
1,<environment.Job instance at 0x7f8d00f4a230>,0,19,[4 5],1,1,20,0,1
1,<environment.Job instance at 0x7f8d00b92a50>,2,16,[6 3],3,3,19,0,3
1,<environment.Job instance at 0x7f8d00771b90>,4,21,[5 4],5,5,26,0,5
1,<environment.Job instance at 0x7f8d01772d70>,9,12,[5 4],10,19,31,9,19
1,<environment.Job instance at 0x7f8d00c9e690>,18,13,[7 1],19,26,39,7,26
1,<environment.Job instance at 0x7f8d01772960>,12,14,[8 4],13,31,45,18,31
1,<environment.Job instance at 0x7f8d00771e10>,5,16,[6 4],6,39,55,33,39
1,<environment.Job instance at 0x7f8d01772c80>,11,13,[9 3],12,45,58,33,45
1,<environment.Job instance at 0x7f8d00c9ebe0>,31,13,[5 2],32,58,71,26,58
1,<environment.Job instance at 0x7f8d00c9e910>,38,13,[2 7],39,58,71,19,58
1,<environment.Job instance at 0x7f8d01772500>,16,16,[7 5],17,58,74,41,58
1,<environment.Job instance at 0x7f8d00c9e370>,22,18,[8 1],23,71,89,48,71
1,<environment.Job instance at 0x7f8d017aec80>,44,14,[1 6],45,74,88,29,74
1,<environment.Job instance at 0x7f8d00c9eaa0>,34,18,[6 3],35,74,92,39,74
1,<environment.Job instance at 0x7f8d00951460>,8,28,[1 7],9,11,39,2,11
1,<environment.Job instance at 0x7f8d00951cd0>,9,24,[5 1],10,12,36,2,12
1,<environment.Job instance at 0x7f8d00580a50>,2,22,[ 2 10],3,3,25,0,3
1,<environment.Job instance at 0x7f8d005807d0>,4,15,[5 5],5,5,20,0,5
1,<environment.Job instance at 0x7f8d005808c0>,14,18,[9 1],15,20,38,5,20
1,<environment.Job instance at 0x7f8d00c9ee10>,17,12,[3 8],18,25,37,7,25
1,<environment.Job instance at 0x7f8d00c9efa0>,31,12,[6 3],32,37,49,5,37
1,<environment.Job instance at 0x7f8d00c9ec30>,28,13,[2 9],29,38,51,9,38
1,<environment.Job instance at 0x7f8d00c9e5f0>,34,17,[5 1],35,38,55,3,38
1,<environment.Job instance at 0x7f8d00baf6e0>,39,17,[7 5],40,49,66,9,49
1,<environment.Job instance at 0x7f8d002a0cd0>,44,12,[3 7],45,51,63,6,51
1,<environment.Job instance at 0x7f8d0177e190>,54,13,[5 5],55,63,76,8,63
1,<environment.Job instance at 0x7f8d0177ea50>,52,13,[9 3],53,66,79,13,66
1,<environment.Job instance at 0x7f8d00580a00>,16,14,[5 7],17,76,90,59,76
1,<environment.Job instance at 0x7f8d013a50a0>,0,19,[5 2],1,1,20,0,1
1,<environment.Job instance at 0x7f8d000e08c0>,9,18,[2 5],10,10,28,0,10
1,<environment.Job instance at 0x7f8d000e0a50>,11,21,[2 6],12,17,38,5,17
1,<environment.Job instance at 0x7f8d013a51e0>,5,18,[11  2],6,20,38,14,18
1,<environment.Job instance at 0x7f8d000da320>,15,15,[9 4],16,38,53,22,24
1,<environment.Job instance at 0x7f8d000dacd0>,16,15,[4 7],17,38,53,21,24
1,<environment.Job instance at 0x7f8cffff0820>,20,18,[5 5],21,53,71,32,42
1,<environment.Job instance at 0x7f8cffff08c0>,24,27,[ 1 14],25,77,104,52,77
1,<environment.Job instance at 0x7f8d00c9ec80>,0,19,[5 2],1,1,20,0,1
1,<environment.Job instance at 0x7f8d00c9e780>,2,17,[6 5],3,3,20,0,3
1,<environment.Job instance at 0x7f8d00c9ee10>,9,18,[2 5],10,10,28,0,10
1,<environment.Job instance at 0x7f8d0174c500>,15,15,[9 4],16,20,35,4,20
1,<environment.Job instance at 0x7f8cffe831e0>,16,15,[4 7],17,28,43,11,28
1,<environment.Job instance at 0x7f8d00eda6e0>,27,15,[8 2],28,35,50,7,35
1,<environment.Job instance at 0x7f8d00c9eeb0>,11,21,[2 6],12,35,56,23,35
1,<environment.Job instance at 0x7f8cffef81e0>,32,16,[4 6],33,43,59,10,43
1,<environment.Job instance at 0x7f8cffef8a50>,31,16,[8 3],32,50,66,18,50
1,<environment.Job instance at 0x7f8cffef9730>,40,16,[3 7],41,59,75,18,59
1,<environment.Job instance at 0x7f8d00ef72d0>,42,14,[5 7],43,66,80,23,66
1,<environment.Job instance at 0x7f8cffecafa0>,44,16,[4 7],45,75,91,30,75
1,<environment.Job instance at 0x7f8d00258a50>,5,19,[3 8],6,6,25,0,6
1,<environment.Job instance at 0x7f8d00258320>,10,14,[8 2],11,11,25,0,11
1,<environment.Job instance at 0x7f8d00ee40f0>,11,21,[9 5],12,25,46,13,17
1,<environment.Job instance at 0x7f8d00ee4410>,13,18,[4 5],14,18,36,4,18
1,<environment.Job instance at 0x7f8d00ee4d20>,12,12,[ 4 14],13,46,58,33,29
1,<environment.Job instance at 0x7f8d00ee4460>,15,13,[4 6],16,58,71,42,42
1,<environment.Job instance at 0x7f8d00ee4870>,17,13,[ 5 12],18,71,84,53,55
1,<environment.Job instance at 0x7f8d00258af0>,9,22,[ 2 11],10,84,106,74,79
1,<environment.Job instance at 0x7f8d017c05f0>,5,19,[3 8],6,6,25,0,6
1,<environment.Job instance at 0x7f8d00c9bc30>,10,14,[8 2],11,11,25,0,11
1,<environment.Job instance at 0x7f8d0174c9b0>,13,18,[4 5],14,14,32,0,14
1,<environment.Job instance at 0x7f8d0174cfa0>,15,13,[4 6],16,25,38,9,25
1,<environment.Job instance at 0x7f8d00c9ef50>,30,14,[9 5],31,32,46,1,32
1,<environment.Job instance at 0x7f8d00ee4fa0>,23,16,[3 5],24,38,54,14,38
1,<environment.Job instance at 0x7f8d00c9ee10>,37,12,[4 7],38,46,58,8,46
1,<environment.Job instance at 0x7f8d00c9ef00>,38,15,[6 4],39,54,69,15,54
1,<environment.Job instance at 0x7f8d00c9eaa0>,40,15,[ 5 10],41,58,73,17,58
1,<environment.Job instance at 0x7f8d00ee4960>,19,17,[10  4],20,69,86,49,69
1,<environment.Job instance at 0x7f8d00c9efa0>,42,17,[ 2 10],43,73,90,30,73
1,<environment.Job instance at 0x7f8cffeba640>,3,13,[7 3],4,4,17,0,4
1,<environment.Job instance at 0x7f8d01363cd0>,8,16,[4 8],9,9,25,0,9
1,<environment.Job instance at 0x7f8d013634b0>,10,18,[10  3],11,17,35,6,17
1,<environment.Job instance at 0x7f8d01363d20>,18,15,[1 5],19,25,40,6,25
1,<environment.Job instance at 0x7f8d00258cd0>,26,17,[10  5],27,35,52,8,35
1,<environment.Job instance at 0x7f8d00c9efa0>,29,17,[1 7],30,40,57,10,40
1,<environment.Job instance at 0x7f8d00c9ed70>,36,17,[1 6],37,52,69,15,52
1,<environment.Job instance at 0x7f8d01363c80>,17,21,[10  1],18,52,73,34,52
1,<environment.Job instance at 0x7f8d00c9edc0>,38,17,[3 5],39,57,74,18,57
1,<environment.Job instance at 0x7f8d00ee47d0>,49,14,[4 9],50,73,87,23,73
1,<environment.Job instance at 0x7f8d00ee48c0>,50,17,[10  3],51,74,91,23,74
1,<environment.Job instance at 0x7f8cfff7e3c0>,4,25,[3 5],5,6,31,1,6
1,<environment.Job instance at 0x7f8cffebafa0>,2,22,[2 8],3,7,29,4,7
1,<environment.Job instance at 0x7f8cfff7eeb0>,7,14,[ 3 10],8,29,43,21,14
1,<environment.Job instance at 0x7f8cfff7e960>,14,16,[11  4],15,31,47,16,29
1,<environment.Job instance at 0x7f8cfff7e050>,15,13,[14  4],16,47,60,31,32
1,<environment.Job instance at 0x7f8cfff7e730>,16,12,[9 3],17,60,72,43,43
1,<environment.Job instance at 0x7f8cfff7e6e0>,3,27,[9 5],4,72,99,68,70
1,<environment.Job instance at 0x7f8d0025d3c0>,2,22,[2 8],3,3,25,0,3
1,<environment.Job instance at 0x7f8cffecafa0>,16,12,[9 3],17,17,29,0,17
1,<environment.Job instance at 0x7f8d00313e60>,24,12,[1 9],25,25,37,0,25
1,<environment.Job instance at 0x7f8d00ee4050>,22,19,[5 5],23,29,48,6,29
1,<environment.Job instance at 0x7f8d0025cc80>,7,14,[ 3 10],8,37,51,29,37
1,<environment.Job instance at 0x7f8cffebae10>,33,14,[7 3],34,48,62,14,48
1,<environment.Job instance at 0x7f8d013636e0>,43,16,[ 3 10],44,51,67,7,51
1,<environment.Job instance at 0x7f8d00c78960>,51,14,[5 1],52,52,66,0,52
1,<environment.Job instance at 0x7f8d013630a0>,44,14,[10  5],45,66,80,21,66
1,<environment.Job instance at 0x7f8d013633c0>,53,15,[5 5],54,67,82,13,67
1,<environment.Job instance at 0x7f8d0019aa00>,10,12,[5 9],11,11,23,0,11
1,<environment.Job instance at 0x7f8d0019a780>,13,12,[4 8],14,23,35,9,15
1,<environment.Job instance at 0x7f8d0019a9b0>,12,17,[6 3],13,18,35,5,18
1,<environment.Job instance at 0x7f8d00ace7d0>,18,28,[5 1],19,26,54,7,26
1,<environment.Job instance at 0x7f8d0019a410>,15,28,[2 5],16,35,63,19,34
1,<environment.Job instance at 0x7f8d00b2c870>,20,12,[5 7],21,35,47,14,34
1,<environment.Job instance at 0x7f8d00916a50>,23,13,[10  5],24,54,67,30,38
1,<environment.Job instance at 0x7f8d00916b90>,27,12,[3 5],28,47,59,19,44
1,<environment.Job instance at 0x7f8d00199b90>,33,12,[5 5],34,63,75,29,46
1,<environment.Job instance at 0x7f8d00705f50>,37,14,[5 4],38,67,81,29,53
1,<environment.Job instance at 0x7f8d01149550>,0,21,[8 3],1,1,22,0,1
1,<environment.Job instance at 0x7f8d01149280>,4,17,[5 9],5,5,22,0,5
1,<environment.Job instance at 0x7f8d01363320>,13,12,[4 8],14,22,34,8,22
1,<environment.Job instance at 0x7f8d01363460>,12,17,[6 3],13,22,39,9,22
1,<environment.Job instance at 0x7f8d013634b0>,20,12,[5 7],21,34,46,13,34
1,<environment.Job instance at 0x7f8d01363d20>,22,17,[8 5],23,39,56,16,39
1,<environment.Job instance at 0x7f8d0025aeb0>,10,12,[5 9],11,46,58,35,46
1,<environment.Job instance at 0x7f8d01363b90>,23,13,[10  5],24,56,69,32,56
1,<environment.Job instance at 0x7f8d0068d8c0>,27,12,[3 5],28,58,70,30,58
1,<environment.Job instance at 0x7f8d0135cf00>,29,14,[6 2],30,69,83,39,69
1,<environment.Job instance at 0x7f8d013632d0>,25,16,[5 8],26,69,85,43,69
1,<environment.Job instance at 0x7f8d016a8190>,2,21,[5 4],3,3,24,0,3
1,<environment.Job instance at 0x7f8d016a8af0>,3,23,[5 7],4,4,27,0,4
1,<environment.Job instance at 0x7f8d01149780>,7,25,[ 5 10],8,27,52,19,26
1,<environment.Job instance at 0x7f8d014db870>,14,17,[14  1],15,52,69,37,41
1,<environment.Job instance at 0x7f8d005705a0>,16,23,[ 1 13],17,52,75,35,49
1,<environment.Job instance at 0x7f8d0a2fb6e0>,18,12,[12  3],19,75,87,56,58
1,<environment.Job instance at 0x7f8d00b34230>,19,13,[13  5],20,87,100,67,74
1,<environment.Job instance at 0x7f8d017bc550>,2,21,[5 4],3,3,24,0,3
1,<environment.Job instance at 0x7f8d017bc3c0>,6,16,[8 1],7,7,23,0,7
1,<environment.Job instance at 0x7f8d00382aa0>,8,17,[4 8],9,23,40,14,23
1,<environment.Job instance at 0x7f8cffe414b0>,23,15,[3 7],24,24,39,0,24
1,<environment.Job instance at 0x7f8cffe41f50>,24,15,[10  3],25,39,54,14,39
1,<environment.Job instance at 0x7f8d01303960>,9,18,[5 5],10,40,58,30,40
1,<environment.Job instance at 0x7f8d01003f50>,41,12,[1 7],42,54,66,12,54
1,<environment.Job instance at 0x7f8d01363d20>,49,14,[9 1],50,54,68,4,54
1,<environment.Job instance at 0x7f8d01363370>,50,15,[2 5],51,58,73,7,58
1,<environment.Job instance at 0x7f8d006cc690>,22,22,[1 8],23,66,88,43,66
1,<environment.Job instance at 0x7f8d00358e10>,34,16,[9 2],35,68,84,33,68
1,<environment.Job instance at 0x7f98677336e0>,0,17,[6 1],1,1,18,0,1
1,<environment.Job instance at 0x7f985e0e9be0>,4,24,[7 2],5,5,29,0,5
1,<environment.Job instance at 0x7f985e0ee050>,11,15,[6 1],12,18,33,6,14
1,<environment.Job instance at 0x7f985e0ee190>,13,13,[10  3],14,33,46,19,20
1,<environment.Job instance at 0x7f98677338c0>,10,15,[5 1],11,29,44,18,20
1,<environment.Job instance at 0x7f985e0e9f50>,9,16,[12  1],10,46,62,36,33
1,<environment.Job instance at 0x7f985e0ee4b0>,15,20,[ 3 12],16,47,67,31,47
1,<environment.Job instance at 0x7f985e0ee550>,18,18,[13  1],19,67,85,48,59
1,<environment.Job instance at 0x7f985e0ee780>,20,17,[ 2 14],21,67,84,46,62
1,<environment.Job instance at 0x7f985e0ee9b0>,24,20,[4 6],25,85,105,60,84
1,<environment.Job instance at 0x7f985e0f39b0>,0,17,[6 1],1,1,18,0,1
1,<environment.Job instance at 0x7f985e0e9960>,2,20,[7 4],3,3,23,0,3
1,<environment.Job instance at 0x7f985e0fa050>,10,15,[5 1],11,18,33,7,18
1,<environment.Job instance at 0x7f985e0fa780>,22,13,[7 4],23,23,36,0,23
1,<environment.Job instance at 0x7f985e0fac30>,26,12,[8 5],27,33,45,6,33
1,<environment.Job instance at 0x7f985e0f3f50>,11,15,[6 1],12,36,51,24,36
1,<environment.Job instance at 0x7f985e13d3c0>,35,16,[1 9],36,36,52,0,36
1,<environment.Job instance at 0x7f985e0e1b90>,41,12,[8 3],42,45,57,3,45
1,<environment.Job instance at 0x7f985e0e1a50>,43,16,[1 8],44,52,68,8,52
1,<environment.Job instance at 0x7f985e0fa190>,13,13,[10  3],14,57,70,43,57
1,<environment.Job instance at 0x7f985e0e1960>,49,13,[1 5],50,68,81,18,68
1,<environment.Job instance at 0x7f985e0fa9b0>,24,20,[4 6],25,68,88,43,68
1,<environment.Job instance at 0x7f985e0faf50>,32,17,[9 3],33,70,87,37,70
1,<environment.Job instance at 0x7f985e2915a0>,54,13,[7 3],55,87,100,32,87
1,<environment.Job instance at 0x7f985e26d870>,63,12,[5 3],64,88,100,24,88
1,<environment.Job instance at 0x7f985d835230>,2,15,[9 1],3,3,18,0,3
1,<environment.Job instance at 0x7f985d90e410>,2,15,[9 1],3,3,18,0,3
1,<environment.Job instance at 0x7f985d90e5a0>,7,18,[2 6],8,8,26,0,8
1,<environment.Job instance at 0x7f985d8a6dc0>,16,16,[7 5],17,18,34,1,18
1,<environment.Job instance at 0x7f985d8aa910>,23,12,[1 6],24,26,38,2,26
1,<environment.Job instance at 0x7f985d89e3c0>,24,17,[5 1],25,26,43,1,26
1,<environment.Job instance at 0x7f985d90ed20>,6,16,[8 4],7,34,50,27,34
1,<environment.Job instance at 0x7f985d8a6e10>,14,16,[1 9],15,38,54,23,38
1,<environment.Job instance at 0x7f985d89e820>,26,17,[5 5],27,50,67,23,50
1,<environment.Job instance at 0x7f985d8b11e0>,28,15,[ 4 10],29,54,69,25,54
1,<environment.Job instance at 0x7f985d906dc0>,43,17,[5 1],44,67,84,23,67
1,<environment.Job instance at 0x7f985d8ad3c0>,46,12,[5 4],47,67,79,20,67
1,<environment.Job instance at 0x7f985d900b40>,19,18,[1 9],20,69,87,49,69
1,<environment.Job instance at 0x7f985d8ade10>,48,14,[6 5],49,79,93,30,79
1,<environment.Job instance at 0x7f985da31dc0>,51,13,[1 8],52,87,100,35,87
1,<environment.Job instance at 0x7f985d8adeb0>,49,17,[8 2],50,87,104,37,87
1,<environment.Job instance at 0x7f985d714b40>,6,17,[9 2],7,9,26,2,9
1,<environment.Job instance at 0x7f985d714af0>,7,16,[1 7],8,11,27,3,11
1,<environment.Job instance at 0x7f985d714870>,9,14,[14  1],10,26,40,16,12
1,<environment.Job instance at 0x7f985d714500>,10,14,[12  1],11,40,54,29,25
1,<environment.Job instance at 0x7f985d714f50>,8,13,[ 3 11],9,40,53,31,32
1,<environment.Job instance at 0x7f98678a3730>,12,20,[7 5],13,54,74,41,45
1,<environment.Job instance at 0x7f98678a3d20>,15,21,[5 9],16,58,79,42,58
1,<environment.Job instance at 0x7f98678a3140>,16,18,[7 1],17,74,92,57,63
1,<environment.Job instance at 0x7f98678a35a0>,17,19,[3 8],18,79,98,61,71
1,<environment.Job instance at 0x7f98678a3370>,13,15,[9 5],14,92,107,78,78
1,<environment.Job instance at 0x7f985d714a00>,6,17,[9 2],7,7,24,0,7
1,<environment.Job instance at 0x7f985d714910>,7,16,[1 7],8,8,24,0,8
1,<environment.Job instance at 0x7f985d6e58c0>,18,14,[7 1],19,24,38,5,24
1,<environment.Job instance at 0x7f985d6e96e0>,23,15,[6 1],24,24,39,0,24
1,<environment.Job instance at 0x7f985d94ff50>,13,15,[9 5],14,38,53,24,38
1,<environment.Job instance at 0x7f985d6e9aa0>,34,13,[2 5],35,39,52,4,39
1,<environment.Job instance at 0x7f985d6e9500>,24,18,[5 4],25,52,70,27,52
1,<environment.Job instance at 0x7f985d78de60>,49,12,[4 8],50,53,65,3,53
1,<environment.Job instance at 0x7f985d78deb0>,46,15,[8 5],47,67,82,20,67
1,<environment.Job instance at 0x7f985d78d370>,56,13,[4 8],57,70,83,13,70
1,<environment.Job instance at 0x7f985d78d230>,57,16,[8 4],58,82,98,24,82
1,<environment.Job instance at 0x7f985d6dec80>,60,13,[2 7],61,83,96,22,83
1,<environment.Job instance at 0x7f985d6f6d20>,1,16,[6 3],2,2,18,0,2
1,<environment.Job instance at 0x7f985d6f6820>,3,13,[ 5 11],4,4,17,0,4
1,<environment.Job instance at 0x7f985d6f67d0>,5,13,[8 3],6,17,30,11,6
1,<environment.Job instance at 0x7f985dbe5b40>,15,23,[3 6],16,18,41,2,16
1,<environment.Job instance at 0x7f985d6f6a00>,12,15,[5 8],13,30,45,17,17
1,<environment.Job instance at 0x7f985dbe52d0>,1,16,[6 3],2,2,18,0,2
1,<environment.Job instance at 0x7f985d6f6780>,5,13,[8 3],6,6,19,0,6
1,<environment.Job instance at 0x7f985d8298c0>,12,15,[5 8],13,18,33,5,18
1,<environment.Job instance at 0x7f985dbdf320>,9,15,[3 6],10,19,34,9,19
1,<environment.Job instance at 0x7f985dd760a0>,28,12,[5 8],29,33,45,4,33
1,<environment.Job instance at 0x7f985dd76690>,29,13,[5 1],30,33,46,3,33
1,<environment.Job instance at 0x7f985dd76500>,30,12,[5 5],31,34,46,3,34
1,<environment.Job instance at 0x7f985d829190>,20,13,[8 4],21,46,59,25,46
1,<environment.Job instance at 0x7f985d829eb0>,16,17,[ 5 10],17,46,63,29,46
1,<environment.Job instance at 0x7f985dbe9f50>,40,14,[7 1],41,59,73,18,59
1,<environment.Job instance at 0x7f985dbe9e60>,44,12,[4 7],45,63,75,18,63
1,<environment.Job instance at 0x7f985dd761e0>,34,18,[1 7],35,63,81,28,63
1,<environment.Job instance at 0x7f985dbe9500>,50,14,[3 7],51,75,89,24,75
1,<environment.Job instance at 0x7f985dbdf3c0>,8,17,[8 4],9,81,98,72,81
1,<environment.Job instance at 0x7f985d6fe870>,64,12,[2 7],65,89,101,24,89
1,<environment.Job instance at 0x7f985e5578c0>,8,16,[5 2],9,9,25,0,9
1,<environment.Job instance at 0x7f985e557460>,9,22,[2 5],10,10,32,0,10
1,<environment.Job instance at 0x7f985e55b190>,15,13,[5 5],16,16,29,0,16
1,<environment.Job instance at 0x7f985e557cd0>,13,19,[ 2 11],14,32,51,18,23
1,<environment.Job instance at 0x7f985e563320>,12,24,[6 4],13,25,49,12,23
1,<environment.Job instance at 0x7f985d88c780>,6,21,[ 5 10],7,7,28,0,7
1,<environment.Job instance at 0x7f985d88c730>,8,16,[5 2],9,9,25,0,9
1,<environment.Job instance at 0x7f985d6fec80>,15,13,[5 5],16,25,38,9,25
1,<environment.Job instance at 0x7f985d700370>,10,12,[ 1 10],11,28,40,17,28
1,<environment.Job instance at 0x7f985dc34820>,25,17,[7 4],26,38,55,12,38
1,<environment.Job instance at 0x7f985d6fe050>,16,20,[7 1],17,38,58,21,38
1,<environment.Job instance at 0x7f985dc34d70>,29,13,[1 7],30,40,53,10,40
1,<environment.Job instance at 0x7f985dd76fa0>,42,14,[4 5],43,55,69,12,55
1,<environment.Job instance at 0x7f985dbe9c80>,39,16,[4 5],40,55,71,15,55
1,<environment.Job instance at 0x7f985d88ce60>,9,22,[2 5],10,58,80,48,58
1,<environment.Job instance at 0x7f985d829a50>,69,13,[6 2],70,71,84,1,71
1,<environment.Job instance at 0x7f985dd767d0>,45,13,[5 6],46,71,84,25,71
1,<environment.Job instance at 0x7f985dbdff00>,71,12,[7 5],72,84,96,12,84
1,<environment.Job instance at 0x7f985d6f6640>,74,15,[2 6],75,84,99,9,84
1,<environment.Job instance at 0x7f985dee98c0>,6,15,[2 6],7,7,22,0,7
1,<environment.Job instance at 0x7f985dee9be0>,7,14,[8 4],8,8,22,0,8
1,<environment.Job instance at 0x7f985dee9910>,10,15,[5 2],11,11,26,0,11
1,<environment.Job instance at 0x7f985dee9320>,12,13,[10  4],13,22,35,9,18
1,<environment.Job instance at 0x7f985d6feaa0>,2,19,[7 3],3,3,22,0,3
1,<environment.Job instance at 0x7f985d6fe9b0>,5,18,[5 5],6,6,24,0,6
1,<environment.Job instance at 0x7f985d6fec80>,6,15,[2 6],7,7,22,0,7
1,<environment.Job instance at 0x7f985d6fe500>,12,13,[10  4],13,22,35,9,22
1,<environment.Job instance at 0x7f985df7c6e0>,21,14,[5 3],22,24,38,2,24
1,<environment.Job instance at 0x7f985d6fe230>,7,14,[8 4],8,35,49,27,35
1,<environment.Job instance at 0x7f985df7c050>,17,15,[ 4 10],18,38,53,20,38
1,<environment.Job instance at 0x7f985de1e4b0>,39,12,[5 5],40,49,61,9,49
1,<environment.Job instance at 0x7f985e56caa0>,10,15,[5 2],11,53,68,42,53
1,<environment.Job instance at 0x7f985de1ed70>,44,16,[4 6],45,53,69,8,53
1,<environment.Job instance at 0x7f985df7cb90>,26,17,[5 4],27,61,78,34,61
1,<environment.Job instance at 0x7f985de1e7d0>,41,17,[5 4],42,68,85,26,68
1,<environment.Job instance at 0x7f985dee94b0>,13,20,[4 7],14,69,89,55,69
1,<environment.Job instance at 0x7f985de1e780>,50,15,[3 5],51,85,100,34,85
1,<environment.Job instance at 0x7f985de1e1e0>,46,16,[7 2],47,85,101,38,85
1,<environment.Job instance at 0x7f985db59b90>,64,13,[5 5],65,89,102,24,89
1,<environment.Job instance at 0x7f985e867190>,9,21,[1 7],10,10,31,0,10
1,<environment.Job instance at 0x7f985e867230>,10,15,[2 7],11,12,27,1,12
1,<environment.Job instance at 0x7f985e85de10>,11,16,[6 1],12,16,32,4,16
1,<environment.Job instance at 0x7f985e867410>,13,14,[10  3],14,32,46,18,27
1,<environment.Job instance at 0x7f985e867690>,16,12,[ 3 11],17,31,43,14,27
1,<environment.Job instance at 0x7f985e8678c0>,20,13,[4 5],21,43,56,22,28
1,<environment.Job instance at 0x7f985e867c80>,26,13,[ 5 11],27,56,69,29,40
1,<environment.Job instance at 0x7f985e867a00>,22,16,[1 5],23,69,85,46,61
1,<environment.Job instance at 0x7f985e867500>,14,18,[4 7],15,69,87,54,61
1,<environment.Job instance at 0x7f985e867960>,21,22,[ 4 12],22,87,109,65,81
1,<environment.Job instance at 0x7f985de1dc30>,2,18,[2 5],3,3,21,0,3
1,<environment.Job instance at 0x7f985de1d140>,5,19,[5 7],6,6,25,0,6
1,<environment.Job instance at 0x7f985de1d4b0>,11,16,[6 1],12,12,28,0,12
1,<environment.Job instance at 0x7f985de1dd20>,10,15,[2 7],11,21,36,10,21
1,<environment.Job instance at 0x7f985db59c80>,20,13,[4 5],21,25,38,4,25
1,<environment.Job instance at 0x7f985db59690>,19,14,[ 3 10],20,36,50,16,36
1,<environment.Job instance at 0x7f985db59cd0>,28,13,[10  1],29,38,51,9,38
1,<environment.Job instance at 0x7f985db59320>,22,16,[1 5],23,50,66,27,50
1,<environment.Job instance at 0x7f985de1e7d0>,39,14,[1 7],40,50,64,10,50
1,<environment.Job instance at 0x7f985db595a0>,13,14,[10  3],14,51,65,37,51
1,<environment.Job instance at 0x7f985de1daf0>,14,18,[4 7],15,64,82,49,64
1,<environment.Job instance at 0x7f985de1ec30>,47,16,[2 8],48,66,82,18,66
1,<environment.Job instance at 0x7f985df7c8c0>,58,14,[3 9],59,82,96,23,82
1,<environment.Job instance at 0x7f985df7c550>,60,14,[5 1],61,82,96,21,82
1,<environment.Job instance at 0x7f985df7cd70>,55,18,[2 5],56,82,100,26,82
1,<environment.Job instance at 0x7f985d8aae10>,10,17,[5 2],11,11,28,0,11
1,<environment.Job instance at 0x7f985d8aa4b0>,12,12,[6 2],13,13,25,0,13
1,<environment.Job instance at 0x7f985d8aa2d0>,13,23,[1 5],14,14,37,0,14
1,<environment.Job instance at 0x7f985d8aa820>,15,16,[6 2],16,25,41,9,16
1,<environment.Job instance at 0x7f985d8aad70>,19,16,[7 4],20,28,44,8,20
1,<environment.Job instance at 0x7f985d8aa3c0>,17,14,[11  4],18,44,58,26,29
1,<environment.Job instance at 0x7f985d8aa640>,22,12,[7 2],23,58,70,35,41
1,<environment.Job instance at 0x7f985d8aaf50>,24,19,[ 2 13],25,58,77,33,48
1,<environment.Job instance at 0x7f985d8aa9b0>,25,18,[ 2 10],26,77,95,51,66
1,<environment.Job instance at 0x7f985d8aa5f0>,26,14,[13  4],27,77,91,50,66
1,<environment.Job instance at 0x7f985e6e06e0>,27,15,[13  3],28,91,106,63,81
1,<environment.Job instance at 0x7f985e867280>,2,20,[8 5],3,3,23,0,3
1,<environment.Job instance at 0x7f985dee9410>,5,18,[3 7],6,6,24,0,6
1,<environment.Job instance at 0x7f985df7c960>,12,12,[6 2],13,23,35,10,23
1,<environment.Job instance at 0x7f985df7c8c0>,15,16,[6 2],16,23,39,7,23
1,<environment.Job instance at 0x7f985de1e4b0>,19,16,[7 4],20,35,51,15,35
1,<environment.Job instance at 0x7f985de1ec30>,22,12,[7 2],23,39,51,16,39
1,<environment.Job instance at 0x7f985df7c5f0>,16,16,[8 2],17,51,67,34,51
1,<environment.Job instance at 0x7f985df7c0a0>,10,17,[5 2],11,51,68,40,51
1,<environment.Job instance at 0x7f985de1e8c0>,25,18,[ 2 10],26,51,69,25,51
1,<environment.Job instance at 0x7f985de1e050>,33,12,[9 1],34,68,80,34,68
1,<environment.Job instance at 0x7f985dc45190>,42,16,[5 4],43,69,85,26,69
1,<environment.Job instance at 0x7f985de1da00>,48,14,[6 5],49,80,94,31,80
1,<environment.Job instance at 0x7f985de1dbe0>,46,17,[3 5],47,80,97,33,80
1,<environment.Job instance at 0x7f985e52f190>,6,15,[12  3],7,12,27,5,12
1,<environment.Job instance at 0x7f985e7ea8c0>,12,16,[11  1],13,27,43,14,20
1,<environment.Job instance at 0x7f985e52fd20>,13,28,[ 4 11],14,30,58,16,30
1,<environment.Job instance at 0x7f985e7ea820>,14,22,[5 4],15,75,97,60,75
1,<environment.Job instance at 0x7f985e52fdc0>,10,14,[9 2],11,76,90,65,76
1,<environment.Job instance at 0x7f985e52f410>,9,26,[5 5],10,90,116,80,89
1,<environment.Job instance at 0x7f985e7eaa00>,17,16,[5 2],18,90,106,72,89
1,<environment.Job instance at 0x7f985de1e6e0>,1,17,[2 7],2,2,19,0,2
1,<environment.Job instance at 0x7f985de1eaf0>,10,14,[9 2],11,11,25,0,11
1,<environment.Job instance at 0x7f985d893aa0>,18,12,[6 4],19,19,31,0,19
1,<environment.Job instance at 0x7f985dde9280>,20,13,[1 8],21,25,38,4,25
1,<environment.Job instance at 0x7f985e92f8c0>,17,16,[5 2],18,25,41,7,25
1,<environment.Job instance at 0x7f985e867d20>,14,22,[5 4],15,31,53,16,31
1,<environment.Job instance at 0x7f985dde99b0>,24,18,[5 8],25,38,56,13,38
1,<environment.Job instance at 0x7f985e8872d0>,28,12,[10  4],29,53,65,24,53
1,<environment.Job instance at 0x7f985d866730>,40,14,[2 7],41,56,70,15,56
1,<environment.Job instance at 0x7f985d866320>,41,14,[5 7],42,65,79,23,65
1,<environment.Job instance at 0x7f985d866b90>,39,15,[9 2],40,70,85,30,70
1,<environment.Job instance at 0x7f985dea3e60>,54,13,[4 5],55,79,92,24,79
1,<environment.Job instance at 0x7f985d6dc500>,59,18,[2 7],60,79,97,19,79
1,<environment.Job instance at 0x7f985e2dbb90>,43,16,[6 2],44,85,101,41,85
1,<environment.Job instance at 0x7f985ebe4370>,5,12,[5 5],6,6,18,0,6
1,<environment.Job instance at 0x7f985da60d20>,8,20,[7 4],9,11,31,2,11
1,<environment.Job instance at 0x7f985da60500>,12,13,[10  5],13,31,44,18,15
1,<environment.Job instance at 0x7f985da60280>,14,18,[ 3 13],15,44,62,29,33
1,<environment.Job instance at 0x7f985ebe4e60>,2,16,[ 3 13],3,62,78,59,49
1,<environment.Job instance at 0x7f985da60910>,17,22,[11  1],18,52,74,34,52
1,<environment.Job instance at 0x7f985da60820>,16,21,[14  2],17,78,99,61,71
1,<environment.Job instance at 0x7f985da81960>,19,12,[ 1 14],20,99,111,79,82
1,<environment.Job instance at 0x7f985d974550>,5,12,[5 5],6,6,18,0,6
1,<environment.Job instance at 0x7f985de3f730>,7,19,[1 8],8,8,27,0,8
1,<environment.Job instance at 0x7f985dd6ad20>,12,13,[10  5],13,18,31,5,18
1,<environment.Job instance at 0x7f985da71460>,22,19,[3 6],23,27,46,4,27
1,<environment.Job instance at 0x7f985e6135f0>,11,14,[8 3],12,31,45,19,31
1,<environment.Job instance at 0x7f985d974230>,9,17,[8 3],10,45,62,35,45
1,<environment.Job instance at 0x7f985e8876e0>,30,18,[7 4],31,46,64,15,46
1,<environment.Job instance at 0x7f985dea9fa0>,50,16,[6 3],51,62,78,11,62
1,<environment.Job instance at 0x7f985d974d20>,8,20,[7 4],9,64,84,55,64
1,<environment.Job instance at 0x7f985e444b90>,60,14,[5 1],61,78,92,17,78
1,<environment.Job instance at 0x7f985de56d70>,36,20,[2 9],37,78,98,41,78
1,<environment.Job instance at 0x7f985e867280>,44,20,[5 3],45,84,104,39,84
1,<environment.Job instance at 0x7f985d6e9b40>,4,14,[4 8],5,5,19,0,5
1,<environment.Job instance at 0x7f985eafc960>,7,16,[ 4 14],8,19,35,11,10
1,<environment.Job instance at 0x7f985e2726e0>,4,14,[4 8],5,5,19,0,5
1,<environment.Job instance at 0x7f985e272fa0>,8,13,[4 5],9,9,22,0,9
1,<environment.Job instance at 0x7f985e2dbc80>,11,14,[10  4],12,19,33,7,19
1,<environment.Job instance at 0x7f985e444aa0>,21,15,[2 7],22,22,37,0,22
1,<environment.Job instance at 0x7f985e4440a0>,22,17,[3 5],23,33,50,10,33
1,<environment.Job instance at 0x7f985e92fc80>,35,14,[10  1],36,36,50,0,36
1,<environment.Job instance at 0x7f985da81f50>,31,21,[2 9],32,37,58,5,37
1,<environment.Job instance at 0x7f985e92f2d0>,36,12,[9 5],37,50,62,13,50
1,<environment.Job instance at 0x7f985e4f3190>,42,12,[5 2],43,58,70,15,58
1,<environment.Job instance at 0x7f985dceb640>,44,12,[7 2],45,62,74,17,62
1,<environment.Job instance at 0x7f985d866b90>,47,12,[7 2],48,70,82,22,70
1,<environment.Job instance at 0x7f985d6dc500>,56,13,[8 4],57,74,87,17,74
1,<environment.Job instance at 0x7f985e8872d0>,40,16,[5 4],41,82,98,41,82
1,<environment.Job instance at 0x7f9867299820>,58,16,[6 5],59,87,103,28,87
1,<environment.Job instance at 0x7f985e0fa280>,1,13,[5 2],2,2,15,0,2
1,<environment.Job instance at 0x7f985e0fa460>,4,18,[6 3],5,5,23,0,5
1,<environment.Job instance at 0x7f985e0fadc0>,8,13,[2 7],9,12,25,3,12
1,<environment.Job instance at 0x7f985e0fad20>,9,15,[ 4 13],10,25,40,15,13
1,<environment.Job instance at 0x7f985da90780>,14,14,[1 6],15,51,65,36,51
1,<environment.Job instance at 0x7f985da905f0>,15,15,[ 5 14],16,65,80,49,52
1,<environment.Job instance at 0x7f985da90230>,16,21,[10  1],17,64,85,47,64
1,<environment.Job instance at 0x7f985da90d20>,17,18,[ 1 14],18,80,98,62,77
1,<environment.Job instance at 0x7f985da90960>,18,16,[12  4],19,98,114,79,85
1,<environment.Job instance at 0x7f985d9dc370>,1,13,[5 2],2,2,15,0,2
1,<environment.Job instance at 0x7f985d2d7dc0>,4,18,[6 3],5,5,23,0,5
1,<environment.Job instance at 0x7f985d302e60>,7,19,[ 4 10],8,8,27,0,8
1,<environment.Job instance at 0x7f985e04fa50>,22,12,[10  4],23,23,35,0,23
1,<environment.Job instance at 0x7f985e02a960>,8,13,[2 7],9,27,40,18,27
1,<environment.Job instance at 0x7f985e04f730>,19,14,[6 1],20,35,49,15,35
1,<environment.Job instance at 0x7f985e019190>,29,14,[3 7],30,35,49,5,35
1,<environment.Job instance at 0x7f985db2f320>,14,14,[1 6],15,40,54,25,40
1,<environment.Job instance at 0x7f985e0409b0>,28,15,[2 5],29,49,64,20,49
1,<environment.Job instance at 0x7f985db41eb0>,39,14,[5 1],40,49,63,9,49
1,<environment.Job instance at 0x7f985db41820>,40,14,[2 8],41,54,68,13,54
1,<environment.Job instance at 0x7f985e031b40>,43,14,[5 2],44,63,77,19,63
1,<environment.Job instance at 0x7f985e022280>,46,15,[8 1],47,64,79,17,64
1,<environment.Job instance at 0x7f985e040f00>,24,16,[2 5],25,68,84,43,68
1,<environment.Job instance at 0x7f985e0222d0>,47,13,[5 1],48,77,90,29,77
1,<environment.Job instance at 0x7f985e048550>,34,17,[2 9],35,79,96,44,79
1,<environment.Job instance at 0x7f985db048c0>,54,15,[5 5],55,84,99,29,84
1,<environment.Job instance at 0x7f985d3a0050>,4,12,[3 7],5,5,17,0,5
1,<environment.Job instance at 0x7f985dfa7aa0>,4,12,[3 7],5,5,17,0,5
1,<environment.Job instance at 0x7f985dfa4a50>,8,14,[5 7],9,9,23,0,9
1,<environment.Job instance at 0x7f985dfa7230>,12,13,[9 3],13,17,30,4,17
1,<environment.Job instance at 0x7f985dc01d20>,14,13,[5 5],15,23,36,8,23
1,<environment.Job instance at 0x7f985da3a370>,28,16,[10  1],29,30,46,1,30
1,<environment.Job instance at 0x7f985decf910>,17,20,[4 9],18,36,56,18,36
1,<environment.Job instance at 0x7f985da24aa0>,38,15,[7 4],39,46,61,7,46
1,<environment.Job instance at 0x7f985d806410>,39,14,[4 7],40,56,70,16,56
1,<environment.Job instance at 0x7f985debc6e0>,42,17,[6 5],43,61,78,18,61
1,<environment.Job instance at 0x7f985e4dc190>,55,15,[9 4],56,70,85,14,70
1,<environment.Job instance at 0x7f985e4dc690>,56,15,[4 7],57,78,93,21,78
1,<environment.Job instance at 0x7f985dfa07d0>,60,18,[5 5],61,85,103,24,85
1,<environment.Job instance at 0x7f985d870190>,3,18,[6 5],4,4,22,0,4
1,<environment.Job instance at 0x7f985d3a0190>,10,27,[3 8],11,11,38,0,11
1,<environment.Job instance at 0x7f985e26e8c0>,13,12,[3 7],14,22,34,8,21
1,<environment.Job instance at 0x7f985dda9640>,19,12,[8 2],20,34,46,14,23
1,<environment.Job instance at 0x7f985d6055f0>,3,18,[6 5],4,4,22,0,4
1,<environment.Job instance at 0x7f985d5f28c0>,12,16,[1 8],13,13,29,0,13
1,<environment.Job instance at 0x7f985dfa0f00>,19,12,[8 2],20,20,32,0,20
1,<environment.Job instance at 0x7f985dfa09b0>,21,22,[6 4],22,22,44,0,22
1,<environment.Job instance at 0x7f985dec6aa0>,13,12,[3 7],14,32,44,18,32
1,<environment.Job instance at 0x7f985d3a0820>,40,14,[8 2],41,44,58,3,44
1,<environment.Job instance at 0x7f985debcc30>,23,15,[2 7],24,44,59,20,44
1,<environment.Job instance at 0x7f985ecbfd70>,43,18,[4 5],44,44,62,0,44
1,<environment.Job instance at 0x7f985dfa4c30>,45,13,[4 6],46,59,72,13,59
1,<environment.Job instance at 0x7f985dec6190>,7,15,[10  5],8,62,77,54,62
1,<environment.Job instance at 0x7f985df9ab90>,53,16,[3 5],54,72,88,18,72
1,<environment.Job instance at 0x7f985df9a0f0>,60,14,[9 5],61,77,91,16,77
1,<environment.Job instance at 0x7f985decfaa0>,35,19,[3 8],36,88,107,52,88
1,<environment.Job instance at 0x7f985e5e6fa0>,3,16,[7 4],4,4,20,0,4
1,<environment.Job instance at 0x7f985e5e70a0>,4,23,[6 1],5,5,28,0,5
1,<environment.Job instance at 0x7f985e5e7460>,9,17,[ 1 14],10,20,37,10,10
1,<environment.Job instance at 0x7f985e5e7730>,14,14,[3 5],15,37,51,22,22
1,<environment.Job instance at 0x7f985e5e79b0>,20,23,[5 5],21,37,60,16,35
1,<environment.Job instance at 0x7f985e5e7c80>,23,13,[7 3],24,38,51,14,38
1,<environment.Job instance at 0x7f985e5e7e10>,24,25,[4 7],25,51,76,26,49
1,<environment.Job instance at 0x7f985e5e7c30>,22,25,[2 8],23,60,85,37,56
1,<environment.Job instance at 0x7f985e5e7e60>,25,25,[11  5],26,76,101,50,72
1,<environment.Job instance at 0x7f985ded4d70>,3,16,[7 4],4,4,20,0,4
1,<environment.Job instance at 0x7f985ded4140>,14,14,[3 5],15,15,29,0,15
1,<environment.Job instance at 0x7f985ded4dc0>,23,13,[7 3],24,24,37,0,24
1,<environment.Job instance at 0x7f985df9ae60>,28,16,[4 8],29,29,45,0,29
1,<environment.Job instance at 0x7f985df9a550>,30,18,[10  3],31,37,55,6,37
1,<environment.Job instance at 0x7f985ecbfd70>,38,15,[1 5],39,45,60,6,45
1,<environment.Job instance at 0x7f985dfa4cd0>,46,17,[10  5],47,55,72,8,55
1,<environment.Job instance at 0x7f985decf910>,49,17,[1 7],50,60,77,10,60
1,<environment.Job instance at 0x7f985e93a1e0>,56,17,[1 6],57,72,89,15,72
1,<environment.Job instance at 0x7f985dfccb90>,37,21,[10  1],38,72,93,34,72
1,<environment.Job instance at 0x7f985debc5f0>,58,17,[3 5],59,77,94,18,77
1,<environment.Job instance at 0x7f985e56eb90>,3,14,[5 5],4,4,18,0,4
1,<environment.Job instance at 0x7f985e56ed70>,9,13,[8 2],10,10,23,0,10
1,<environment.Job instance at 0x7f985e56ea00>,7,12,[1 8],8,13,25,5,13
1,<environment.Job instance at 0x7f985dcb0960>,8,19,[5 8],9,40,59,31,40
1,<environment.Job instance at 0x7f985dcb2190>,14,25,[3 5],15,44,69,29,44
1,<environment.Job instance at 0x7f985dcb2320>,15,23,[ 2 13],16,70,93,54,70
1,<environment.Job instance at 0x7f985dcb2550>,16,15,[11  2],17,70,85,53,70
1,<environment.Job instance at 0x7f985dcb2910>,17,14,[ 3 10],18,93,107,75,78
1,<environment.Job instance at 0x7f985dfa06e0>,0,20,[1 9],1,1,21,0,1
1,<environment.Job instance at 0x7f985debc690>,3,14,[5 5],4,4,18,0,4
1,<environment.Job instance at 0x7f985debc6e0>,9,13,[8 2],10,18,31,8,18
1,<environment.Job instance at 0x7f985ed2daa0>,7,12,[1 8],8,21,33,13,21
1,<environment.Job instance at 0x7f985ded4960>,26,12,[9 3],27,31,43,4,31
1,<environment.Job instance at 0x7f985ded46e0>,17,14,[ 3 10],18,33,47,15,33
1,<environment.Job instance at 0x7f985e56e5a0>,43,14,[7 3],44,44,58,0,44
1,<environment.Job instance at 0x7f985e5ed370>,34,12,[1 9],35,47,59,12,47
1,<environment.Job instance at 0x7f985d4d7d70>,54,14,[10  5],55,58,72,3,58
1,<environment.Job instance at 0x7f985d4d7410>,53,16,[ 3 10],54,60,76,6,60
1,<environment.Job instance at 0x7f985e5877d0>,61,14,[5 1],62,72,86,10,72
1,<environment.Job instance at 0x7f985e587e10>,63,15,[5 5],64,76,91,12,76
1,<environment.Job instance at 0x7f985e5875a0>,62,17,[5 5],63,76,93,13,76
1,<environment.Job instance at 0x7f985d4d7a50>,56,21,[5 5],57,86,107,29,86
1,<environment.Job instance at 0x7f985db34a00>,10,12,[5 9],11,11,23,0,11
1,<environment.Job instance at 0x7f985db34820>,12,17,[6 3],13,13,30,0,13
1,<environment.Job instance at 0x7f985db343c0>,13,12,[4 8],14,23,35,9,14
1,<environment.Job instance at 0x7f985db342d0>,15,28,[2 5],16,30,58,14,29
1,<environment.Job instance at 0x7f985e343cd0>,20,12,[5 7],21,35,47,14,29
1,<environment.Job instance at 0x7f985e3438c0>,18,28,[5 1],19,30,58,11,30
1,<environment.Job instance at 0x7f985e343eb0>,27,12,[3 5],28,47,59,19,30
1,<environment.Job instance at 0x7f985e22b230>,0,21,[8 3],1,1,22,0,1
1,<environment.Job instance at 0x7f985e231690>,4,17,[5 9],5,5,22,0,5
1,<environment.Job instance at 0x7f985e5ed050>,13,12,[4 8],14,22,34,8,22
1,<environment.Job instance at 0x7f985e5ede60>,12,17,[6 3],13,22,39,9,22
1,<environment.Job instance at 0x7f985e3433c0>,20,12,[5 7],21,34,46,13,34
1,<environment.Job instance at 0x7f985d6dc5a0>,22,17,[8 5],23,39,56,16,39
1,<environment.Job instance at 0x7f985e2317d0>,10,12,[5 9],11,46,58,35,46
1,<environment.Job instance at 0x7f985debc4b0>,23,13,[10  5],24,56,69,32,56
1,<environment.Job instance at 0x7f985db34b90>,27,12,[3 5],28,58,70,30,58
1,<environment.Job instance at 0x7f985db34c30>,29,14,[6 2],30,69,83,39,69
1,<environment.Job instance at 0x7f985db34eb0>,25,16,[5 8],26,69,85,43,69
1,<environment.Job instance at 0x7f985e4f1500>,33,12,[5 5],34,83,95,49,83
1,<environment.Job instance at 0x7f985e4f11e0>,37,14,[5 4],38,85,99,47,85
1,<environment.Job instance at 0x7f985e4f1b90>,34,16,[4 6],35,85,101,50,85
1,<environment.Job instance at 0x7f985d5ee500>,8,12,[12  3],9,9,21,0,9
1,<environment.Job instance at 0x7f985d5eea00>,5,19,[11  4],6,21,40,15,14
1,<environment.Job instance at 0x7f985d5e5410>,11,16,[ 3 14],12,40,56,28,28
1,<environment.Job instance at 0x7f985d5e5dc0>,12,22,[1 8],13,56,78,43,49
1,<environment.Job instance at 0x7f985d5e1820>,13,15,[3 7],14,56,71,42,49
1,<environment.Job instance at 0x7f985e22bd70>,6,23,[ 1 13],7,78,101,71,72
1,<environment.Job instance at 0x7f985d5ee640>,10,24,[9 1],11,72,96,61,72
1,<environment.Job instance at 0x7f985d5e5050>,9,13,[13  5],10,101,114,91,86
1,<environment.Job instance at 0x7f985d88c410>,12,22,[1 8],13,13,35,0,13
1,<environment.Job instance at 0x7f985d88c550>,13,15,[3 7],14,14,29,0,14
1,<environment.Job instance at 0x7f985d88cf00>,14,15,[10  3],15,29,44,14,29
1,<environment.Job instance at 0x7f98672663c0>,31,12,[1 7],32,35,47,3,35
1,<environment.Job instance at 0x7f986732c3c0>,20,20,[2 5],21,35,55,14,35
1,<environment.Job instance at 0x7f986732c640>,24,16,[9 2],25,44,60,19,44
1,<environment.Job instance at 0x7f98672665a0>,30,22,[3 9],31,55,77,24,55
1,<environment.Job instance at 0x7f985debcc30>,47,12,[7 5],48,60,72,12,60
1,<environment.Job instance at 0x7f985d6dc5a0>,39,14,[9 1],40,72,86,32,72
1,<environment.Job instance at 0x7f985e343a50>,40,15,[2 5],41,72,87,31,72
1,<environment.Job instance at 0x7f985e5ed050>,52,12,[7 4],53,86,98,33,86
1,<environment.Job instance at 0x7f985e231050>,53,13,[6 3],54,86,99,32,86
1,<environment.Job instance at 0x7f985e2317d0>,54,13,[1 7],55,87,100,32,87
1,<environment.Job instance at 0x7f985d43cf50>,12,20,[1 5],13,13,33,0,13
1,<environment.Job instance at 0x7f985d43c9b0>,16,14,[1 6],17,17,31,0,17
1,<environment.Job instance at 0x7f985d43cfa0>,17,13,[6 3],18,38,51,20,38
1,<environment.Job instance at 0x7f985e8288c0>,15,13,[8 1],16,38,51,22,38
1,<environment.Job instance at 0x7f985d5e5cd0>,0,17,[2 7],1,1,18,0,1
1,<environment.Job instance at 0x7f985d44df50>,2,20,[10  2],3,3,23,0,3
1,<environment.Job instance at 0x7f985e5e0910>,12,20,[1 5],13,13,33,0,13
1,<environment.Job instance at 0x7f985e5e0960>,8,17,[4 5],9,18,35,9,18
1,<environment.Job instance at 0x7f985e5e0aa0>,15,13,[8 1],16,23,36,7,23
1,<environment.Job instance at 0x7f985e5e0f00>,16,14,[1 6],17,33,47,16,33
1,<environment.Job instance at 0x7f985e5e0820>,17,13,[6 3],18,35,48,17,35
1,<environment.Job instance at 0x7f985e5cf730>,22,12,[5 9],23,47,59,24,47
1,<environment.Job instance at 0x7f985e5cf7d0>,31,15,[1 6],32,48,63,16,48
1,<environment.Job instance at 0x7f985e5cfe10>,26,12,[5 7],27,59,71,32,59
1,<environment.Job instance at 0x7f985dad6730>,43,16,[8 2],44,59,75,15,59
1,<environment.Job instance at 0x7f985dad63c0>,45,14,[7 1],46,71,85,25,71
1,<environment.Job instance at 0x7f985e828320>,3,15,[ 4 10],4,75,90,71,75
1,<environment.Job instance at 0x7f985dad6550>,49,16,[5 5],50,86,102,36,86
1,<environment.Job instance at 0x7f985de35550>,2,22,[5 5],3,3,25,0,3
1,<environment.Job instance at 0x7f985de35780>,7,12,[ 5 10],8,30,42,22,30
1,<environment.Job instance at 0x7f985de35d20>,13,24,[10  3],14,31,55,17,31
1,<environment.Job instance at 0x7f985de540a0>,20,15,[8 4],21,55,70,34,41
1,<environment.Job instance at 0x7f985de541e0>,22,15,[2 8],23,42,57,19,41
1,<environment.Job instance at 0x7f985de54eb0>,39,15,[7 3],40,57,72,17,48
1,<environment.Job instance at 0x7f985dab52d0>,2,22,[5 5],3,3,25,0,3
1,<environment.Job instance at 0x7f985dab5fa0>,3,16,[1 9],4,4,20,0,4
1,<environment.Job instance at 0x7f985dab5cd0>,6,12,[9 1],7,7,19,0,7
1,<environment.Job instance at 0x7f985dab5a50>,7,12,[ 5 10],8,20,32,12,20
1,<environment.Job instance at 0x7f985daa7e10>,20,15,[8 4],21,25,40,4,25
1,<environment.Job instance at 0x7f985dad6410>,22,15,[2 8],23,32,47,9,32
1,<environment.Job instance at 0x7f985dad6aa0>,36,12,[9 5],37,40,52,3,40
1,<environment.Job instance at 0x7f985e5cfc30>,42,14,[ 1 10],43,47,61,4,47
1,<environment.Job instance at 0x7f985dad6af0>,39,15,[7 3],40,52,67,12,52
1,<environment.Job instance at 0x7f985e5cfd20>,47,12,[1 9],48,61,73,13,61
1,<environment.Job instance at 0x7f985daa7780>,9,16,[9 4],10,67,83,57,67
1,<environment.Job instance at 0x7f985daa7d70>,23,17,[2 7],24,73,90,49,73
1,<environment.Job instance at 0x7f985e5cf6e0>,49,18,[8 3],50,83,101,33,83
1,<environment.Job instance at 0x7f3a71c4c6e0>,0,17,[6 1],1,1,18,0,1
1,<environment.Job instance at 0x7f3a68602be0>,4,24,[7 2],5,5,29,0,5
1,<environment.Job instance at 0x7f3a68602f50>,10,15,[5 1],11,18,33,7,14
1,<environment.Job instance at 0x7f3a68606190>,13,13,[10  3],14,29,42,15,14
1,<environment.Job instance at 0x7f3a71c4c8c0>,9,16,[12  1],10,42,58,32,29
1,<environment.Job instance at 0x7f3a686063c0>,14,15,[14  4],15,58,73,43,44
1,<environment.Job instance at 0x7f3a6860fd20>,0,17,[6 1],1,1,18,0,1
1,<environment.Job instance at 0x7f3a68602960>,2,20,[7 4],3,3,23,0,3
1,<environment.Job instance at 0x7f3a686115a0>,10,15,[5 1],11,18,33,7,18
1,<environment.Job instance at 0x7f3a68611c30>,22,13,[7 4],23,23,36,0,23
1,<environment.Job instance at 0x7f3a687a4e60>,26,12,[8 5],27,33,45,6,33
1,<environment.Job instance at 0x7f3a686116e0>,11,15,[6 1],12,36,51,24,36
1,<environment.Job instance at 0x7f3a685faaa0>,35,16,[1 9],36,36,52,0,36
1,<environment.Job instance at 0x7f3a687b0230>,41,12,[8 3],42,45,57,3,45
1,<environment.Job instance at 0x7f3a68688b40>,43,16,[1 8],44,52,68,8,52
1,<environment.Job instance at 0x7f3a68611640>,13,13,[10  3],14,57,70,43,57
1,<environment.Job instance at 0x7f3a686d5500>,49,13,[1 5],50,68,81,18,68
1,<environment.Job instance at 0x7f3a685fd050>,24,20,[4 6],25,68,88,43,68
1,<environment.Job instance at 0x7f3a685fae60>,32,17,[9 3],33,70,87,37,70
1,<environment.Job instance at 0x7f3a687395f0>,54,13,[7 3],55,87,100,32,87
1,<environment.Job instance at 0x7f3a6878ba50>,63,12,[5 3],64,88,100,24,88
1,<environment.Job instance at 0x7f3a67d4d8c0>,3,13,[11  4],4,5,18,1,5
1,<environment.Job instance at 0x7f3a67d4db40>,5,19,[ 1 10],6,6,25,0,6
1,<environment.Job instance at 0x7f3a67d4ef50>,6,16,[7 5],7,18,34,11,7
1,<environment.Job instance at 0x7f3a67d4d820>,4,16,[1 9],5,25,41,20,12
1,<environment.Job instance at 0x7f3a686c47d0>,4,16,[1 9],5,5,21,0,5
1,<environment.Job instance at 0x7f3a67e15050>,6,16,[7 5],7,7,23,0,7
1,<environment.Job instance at 0x7f3a67f03fa0>,14,17,[5 1],15,15,32,0,15
1,<environment.Job instance at 0x7f3a67f033c0>,13,12,[1 6],14,21,33,7,21
1,<environment.Job instance at 0x7f3a67e28050>,16,17,[5 5],17,23,40,6,23
1,<environment.Job instance at 0x7f3a67dbc550>,22,18,[7 4],23,32,50,9,32
1,<environment.Job instance at 0x7f3a67db7820>,36,12,[5 4],37,40,52,3,40
1,<environment.Job instance at 0x7f3a67dc32d0>,38,14,[6 5],39,50,64,11,50
1,<environment.Job instance at 0x7f3a67ef9780>,41,13,[1 8],42,52,65,10,52
1,<environment.Job instance at 0x7f3a67dc38c0>,39,17,[8 2],40,52,69,12,52
1,<environment.Job instance at 0x7f3a67e2ba50>,33,17,[5 1],34,64,81,30,64
1,<environment.Job instance at 0x7f3a67e15dc0>,9,18,[1 9],10,65,83,55,65
1,<environment.Job instance at 0x7f3a67dc6dc0>,52,12,[1 5],53,69,81,16,69
1,<environment.Job instance at 0x7f3a67dcd280>,48,13,[10  5],49,81,94,32,81
1,<environment.Job instance at 0x7f3a67dc61e0>,56,15,[ 2 10],57,85,100,28,85
1,<environment.Job instance at 0x7f3a67df7a50>,68,14,[6 3],69,94,108,25,94
1,<environment.Job instance at 0x7f3a67bf7730>,2,22,[2 8],3,3,25,0,3
1,<environment.Job instance at 0x7f3a67bf7690>,3,15,[6 1],4,4,19,0,4
1,<environment.Job instance at 0x7f3a67bf7640>,9,20,[12  3],10,19,39,9,12
1,<environment.Job instance at 0x7f3a67bf4730>,10,20,[ 2 10],11,28,48,17,28
1,<environment.Job instance at 0x7f3a67bf4370>,14,13,[2 5],15,45,58,30,45
1,<environment.Job instance at 0x7f3a67bf47d0>,12,19,[14  4],13,58,77,45,48
1,<environment.Job instance at 0x7f3a67bf43c0>,15,19,[ 4 14],16,77,96,61,69
1,<environment.Job instance at 0x7f3a67bf40f0>,16,16,[ 5 12],17,96,112,79,87
1,<environment.Job instance at 0x7f3a67bf4640>,18,16,[ 1 14],19,112,128,93,99
1,<environment.Job instance at 0x7f3a67dac9b0>,2,22,[2 8],3,3,25,0,3
1,<environment.Job instance at 0x7f3a67bf21e0>,3,15,[6 1],4,4,19,0,4
1,<environment.Job instance at 0x7f3a67bf7d70>,4,18,[5 4],5,5,23,0,5
1,<environment.Job instance at 0x7f3a67caaeb0>,14,13,[2 5],15,23,36,8,23
1,<environment.Job instance at 0x7f3a67caa730>,10,20,[ 2 10],11,25,45,14,25
1,<environment.Job instance at 0x7f3a67d24050>,26,15,[8 5],27,36,51,9,36
1,<environment.Job instance at 0x7f3a67d24c80>,29,12,[4 8],30,45,57,15,45
1,<environment.Job instance at 0x7f3a67d52cd0>,45,13,[9 2],46,51,64,5,51
1,<environment.Job instance at 0x7f3a67d24dc0>,36,13,[4 8],37,57,70,20,57
1,<environment.Job instance at 0x7f3a67d52f50>,52,13,[3 5],53,64,77,11,64
1,<environment.Job instance at 0x7f3a67d52320>,46,13,[4 5],47,70,83,23,70
1,<environment.Job instance at 0x7f3a67d24a50>,37,16,[8 4],38,70,86,32,70
1,<environment.Job instance at 0x7f3a67d52eb0>,56,14,[3 5],57,77,91,20,77
1,<environment.Job instance at 0x7f3a67d24410>,40,13,[2 7],41,86,99,45,86
1,<environment.Job instance at 0x7f3a67d52c80>,63,17,[10  2],64,86,103,22,86
1,<environment.Job instance at 0x7f3a67d520f0>,53,16,[5 8],54,99,115,45,99
1,<environment.Job instance at 0x7f3a680f8e60>,0,12,[5 5],1,1,13,0,1
1,<environment.Job instance at 0x7f3a6810e410>,10,14,[7 1],11,11,25,0,11
1,<environment.Job instance at 0x7f3a680f84b0>,5,14,[ 3 14],6,15,29,9,15
1,<environment.Job instance at 0x7f3a6810ef00>,11,12,[12  3],12,29,41,17,16
1,<environment.Job instance at 0x7f3a6810e960>,13,23,[ 1 11],14,29,52,15,24
1,<environment.Job instance at 0x7f3a6810efa0>,16,13,[14  5],17,52,65,35,38
1,<environment.Job instance at 0x7f3a6810ed20>,14,12,[4 7],15,65,77,50,48
1,<environment.Job instance at 0x7f3a6810e280>,18,23,[4 8],19,65,88,46,62
1,<environment.Job instance at 0x7f3a6810ea00>,20,14,[3 7],21,77,91,56,62
1,<environment.Job instance at 0x7f3a6810e690>,12,28,[6 3],13,89,117,76,89
1,<environment.Job instance at 0x7f3a6810e820>,19,19,[ 3 11],20,91,110,71,90
1,<environment.Job instance at 0x7f3a67cf3910>,0,12,[5 5],1,1,13,0,1
1,<environment.Job instance at 0x7f3a67cf3d70>,3,18,[9 5],4,4,22,0,4
1,<environment.Job instance at 0x7f3a67cf3820>,4,18,[1 7],5,13,31,8,13
1,<environment.Job instance at 0x7f3a67cf3640>,14,12,[4 7],15,22,34,7,22
1,<environment.Job instance at 0x7f3a67cf3460>,10,14,[7 1],11,22,36,11,22
1,<environment.Job instance at 0x7f3a680f82d0>,20,14,[3 7],21,31,45,10,31
1,<environment.Job instance at 0x7f3a6818e6e0>,34,12,[2 7],35,36,48,1,36
1,<environment.Job instance at 0x7f3a67c1cc30>,25,20,[5 8],26,45,65,19,45
1,<environment.Job instance at 0x7f3a67c1d690>,44,17,[7 1],45,48,65,3,48
1,<environment.Job instance at 0x7f3a67c178c0>,59,12,[6 4],60,65,77,5,65
1,<environment.Job instance at 0x7f3a67c1cf50>,32,13,[2 9],33,65,78,32,65
1,<environment.Job instance at 0x7f3a67c17eb0>,58,14,[3 6],59,77,91,18,77
1,<environment.Job instance at 0x7f3a67c17410>,68,16,[5 2],69,78,94,9,78
1,<environment.Job instance at 0x7f3a67c00f50>,70,12,[ 1 10],71,91,103,20,91
1,<environment.Job instance at 0x7f3a67c00910>,75,13,[5 5],76,94,107,18,94
1,<environment.Job instance at 0x7f3a6849de10>,2,14,[4 5],3,3,17,0,3
1,<environment.Job instance at 0x7f3a6849df00>,5,13,[5 6],6,6,19,0,6
1,<environment.Job instance at 0x7f3a67c2ff50>,2,14,[4 5],3,3,17,0,3
1,<environment.Job instance at 0x7f3a67c2fd20>,5,13,[5 6],6,6,19,0,6
1,<environment.Job instance at 0x7f3a67c2f870>,10,20,[4 9],11,17,37,6,17
1,<environment.Job instance at 0x7f3a67c00c80>,18,18,[5 5],19,19,37,0,19
1,<environment.Job instance at 0x7f3a67c175f0>,31,12,[7 5],32,37,49,5,37
1,<environment.Job instance at 0x7f3a67c17320>,29,13,[6 2],30,37,50,7,37
1,<environment.Job instance at 0x7f3a67c17c30>,34,15,[2 6],35,37,52,2,37
1,<environment.Job instance at 0x7f3a67c1de60>,47,15,[4 9],48,50,65,2,50
1,<environment.Job instance at 0x7f3a67c1db40>,49,12,[4 6],50,52,64,2,52
1,<environment.Job instance at 0x7f3a67c177d0>,35,17,[10  4],36,64,81,28,64
1,<environment.Job instance at 0x7f3a6818ec80>,55,18,[5 5],56,65,83,9,65
1,<environment.Job instance at 0x7f3a6818ee60>,57,14,[8 4],58,81,95,23,81
1,<environment.Job instance at 0x7f3a6818e870>,56,15,[2 6],57,81,96,24,81
1,<environment.Job instance at 0x7f3a67c1cd70>,60,15,[5 2],61,83,98,22,83
1,<environment.Job instance at 0x7f3a67c1c690>,62,13,[10  4],63,97,110,34,97
1,<environment.Job instance at 0x7f3a680f8d70>,71,14,[5 3],72,98,112,26,98
1,<environment.Job instance at 0x7f3a68a50690>,0,15,[3 5],1,1,16,0,1
1,<environment.Job instance at 0x7f3a68a50be0>,10,25,[8 3],11,14,39,3,14
1,<environment.Job instance at 0x7f3a68a52d20>,14,13,[5 5],15,17,30,2,17
1,<environment.Job instance at 0x7f3a68a527d0>,23,19,[7 5],24,30,49,6,25
1,<environment.Job instance at 0x7f3a68a52280>,24,25,[ 4 10],25,39,64,14,35
1,<environment.Job instance at 0x7f3a6833acd0>,25,26,[7 1],26,76,102,50,76
1,<environment.Job instance at 0x7f3a68a50e60>,9,19,[ 2 13],10,84,103,74,84
1,<environment.Job instance at 0x7f3a6849df50>,0,15,[3 5],1,1,16,0,1
1,<environment.Job instance at 0x7f3a68000c80>,2,17,[5 5],3,3,20,0,3
1,<environment.Job instance at 0x7f3a67c17e10>,14,13,[5 5],15,15,28,0,15
1,<environment.Job instance at 0x7f3a6833a780>,17,16,[9 4],18,20,36,2,20
1,<environment.Job instance at 0x7f3a68a520f0>,16,18,[6 3],17,28,46,11,28
1,<environment.Job instance at 0x7f3a67fd1b40>,33,13,[1 6],34,36,49,2,36
1,<environment.Job instance at 0x7f3a67fd1f00>,29,14,[7 2],30,36,50,6,36
1,<environment.Job instance at 0x7f3a67fd1aa0>,28,15,[1 7],29,46,61,17,46
1,<environment.Job instance at 0x7f3a67fd1690>,36,13,[5 2],37,49,62,12,49
1,<environment.Job instance at 0x7f3a68a50e10>,20,14,[9 5],21,50,64,29,50
1,<environment.Job instance at 0x7f3a67fd1d70>,35,15,[1 6],36,61,76,25,61
1,<environment.Job instance at 0x7f3a6832db40>,50,15,[2 7],51,64,79,13,64
1,<environment.Job instance at 0x7f3a6832df50>,51,16,[6 1],52,64,80,12,64
1,<environment.Job instance at 0x7f3a67fd1eb0>,42,18,[2 5],43,76,94,33,76
1,<environment.Job instance at 0x7f3a6832d690>,54,18,[4 7],55,79,97,24,79
1,<environment.Job instance at 0x7f3a6832d500>,60,13,[4 5],61,94,107,33,94
1,<environment.Job instance at 0x7f3a6832d780>,53,14,[10  3],54,97,111,43,97
1,<environment.Job instance at 0x7f3a6832deb0>,62,16,[1 5],63,97,113,34,97
1,<environment.Job instance at 0x7f3a67feb870>,0,14,[5 1],1,1,15,0,1
1,<environment.Job instance at 0x7f3a67d6e4b0>,4,14,[8 4],5,5,19,0,5
1,<environment.Job instance at 0x7f3a6805d320>,6,21,[ 1 10],7,15,36,8,15
1,<environment.Job instance at 0x7f3a67d6e6e0>,13,28,[2 7],14,37,65,23,37
1,<environment.Job instance at 0x7f3a67d6ed20>,17,13,[ 1 13],18,65,78,47,50
1,<environment.Job instance at 0x7f3a67d6eb40>,18,28,[3 6],19,78,106,59,77
1,<environment.Job instance at 0x7f3a68345780>,0,14,[5 1],1,1,15,0,1
1,<environment.Job instance at 0x7f3a68345320>,4,14,[8 4],5,5,19,0,5
1,<environment.Job instance at 0x7f3a683456e0>,6,21,[ 1 10],7,7,28,0,7
1,<environment.Job instance at 0x7f3a691636e0>,20,12,[2 8],21,28,40,7,28
1,<environment.Job instance at 0x7f3a69163050>,21,13,[6 4],22,28,41,6,28
1,<environment.Job instance at 0x7f3a691635f0>,16,15,[6 1],17,28,43,11,28
1,<environment.Job instance at 0x7f3a6832daa0>,28,12,[3 5],29,40,52,11,40
1,<environment.Job instance at 0x7f3a6832d5a0>,24,13,[5 7],25,41,54,16,41
1,<environment.Job instance at 0x7f3a68345640>,8,14,[5 8],9,52,66,43,52
1,<environment.Job instance at 0x7f3a6832d9b0>,35,18,[3 7],36,54,72,18,54
1,<environment.Job instance at 0x7f3a6832dc80>,29,15,[1 8],30,66,81,36,66
1,<environment.Job instance at 0x7f3a67fd1730>,40,17,[5 2],41,72,89,31,72
1,<environment.Job instance at 0x7f3a6832d910>,27,18,[8 3],28,72,90,44,72
1,<environment.Job instance at 0x7f3a6832dfa0>,42,12,[6 2],43,89,101,46,89
1,<environment.Job instance at 0x7f3a6832daf0>,26,14,[4 9],27,90,104,63,90
1,<environment.Job instance at 0x7f3a6809c0f0>,0,15,[5 5],1,1,16,0,1
1,<environment.Job instance at 0x7f3a689c1aa0>,5,18,[6 4],6,6,24,0,6
1,<environment.Job instance at 0x7f3a67d6e2d0>,0,15,[5 5],1,1,16,0,1
1,<environment.Job instance at 0x7f3a67d508c0>,5,18,[6 4],6,6,24,0,6
1,<environment.Job instance at 0x7f3a67c17f00>,14,19,[1 6],15,15,34,0,15
1,<environment.Job instance at 0x7f3a67c171e0>,18,22,[8 2],19,19,41,0,19
1,<environment.Job instance at 0x7f3a67c17eb0>,11,13,[5 6],12,24,37,12,24
1,<environment.Job instance at 0x7f3a68a52d70>,21,17,[2 7],22,34,51,12,34
1,<environment.Job instance at 0x7f3a67fd10f0>,38,12,[6 4],39,41,53,2,41
1,<environment.Job instance at 0x7f3a67fd1e60>,37,16,[5 2],38,41,57,3,41
1,<environment.Job instance at 0x7f3a67fd1690>,40,13,[1 8],41,51,64,10,51
1,<environment.Job instance at 0x7f3a67fd12d0>,30,14,[9 2],31,53,67,22,53
1,<environment.Job instance at 0x7f3a68a520f0>,19,13,[5 8],20,64,77,44,64
1,<environment.Job instance at 0x7f3a67fd16e0>,48,12,[10  4],49,67,79,18,67
1,<environment.Job instance at 0x7f3a6832ddc0>,60,14,[2 7],61,77,91,16,77
1,<environment.Job instance at 0x7f3a6832de10>,61,14,[5 7],62,79,93,17,79
1,<environment.Job instance at 0x7f3a6832d370>,59,15,[9 2],60,91,106,31,91
1,<environment.Job instance at 0x7f3a691635a0>,74,13,[4 5],75,93,106,18,93
1,<environment.Job instance at 0x7f3a683456e0>,78,22,[2 8],79,94,116,15,94
1,<environment.Job instance at 0x7f3a67f449b0>,1,15,[5 4],2,2,17,0,2
1,<environment.Job instance at 0x7f3a68aacfa0>,6,14,[7 3],7,7,21,0,7
1,<environment.Job instance at 0x7f3a68aac190>,10,16,[ 2 14],11,21,37,10,13
1,<environment.Job instance at 0x7f3a67f44c30>,9,20,[13  2],10,37,57,27,31
1,<environment.Job instance at 0x7f3a68aaceb0>,12,16,[ 3 13],13,57,73,44,49
1,<environment.Job instance at 0x7f3a68aac550>,15,12,[5 5],16,73,85,57,58
1,<environment.Job instance at 0x7f3a68aac2d0>,16,15,[ 1 12],17,85,100,68,75
1,<environment.Job instance at 0x7f3a68aacb90>,11,26,[7 3],12,78,104,66,78
1,<environment.Job instance at 0x7f3a68aac410>,17,19,[1 8],18,100,119,82,99
1,<environment.Job instance at 0x7f3a67c17d20>,1,15,[5 4],2,2,17,0,2
1,<environment.Job instance at 0x7f3a71dc15f0>,6,14,[7 3],7,7,21,0,7
1,<environment.Job instance at 0x7f3a68151230>,15,12,[5 5],16,17,29,1,17
1,<environment.Job instance at 0x7f3a686b1e10>,19,17,[8 3],20,21,38,1,21
1,<environment.Job instance at 0x7f3a6866e780>,17,19,[1 8],18,29,48,11,29
1,<environment.Job instance at 0x7f3a685c8f00>,22,13,[10  5],23,38,51,15,38
1,<environment.Job instance at 0x7f3a682f2f50>,32,19,[3 6],33,48,67,15,48
1,<environment.Job instance at 0x7f3a685c8140>,21,14,[8 3],22,51,65,29,51
1,<environment.Job instance at 0x7f3a685d56e0>,60,16,[6 3],61,65,81,4,65
1,<environment.Job instance at 0x7f3a67cc6910>,40,18,[7 4],41,67,85,26,67
1,<environment.Job instance at 0x7f3a6824ec30>,70,14,[5 1],71,81,95,10,81
1,<environment.Job instance at 0x7f3a67f8b500>,46,20,[2 9],47,81,101,34,81
1,<environment.Job instance at 0x7f3a686b16e0>,18,20,[7 4],19,85,105,66,85
1,<environment.Job instance at 0x7f3a681cbcd0>,4,14,[4 8],5,5,19,0,5
1,<environment.Job instance at 0x7f3a681cb4b0>,8,13,[4 5],9,29,42,20,29
1,<environment.Job instance at 0x7f3a681cbb90>,7,16,[ 4 14],8,42,58,34,29
1,<environment.Job instance at 0x7f3a68457aa0>,11,14,[10  4],12,58,72,46,47
1,<environment.Job instance at 0x7f3a681cbe10>,10,24,[3 9],11,58,82,47,53
1,<environment.Job instance at 0x7f3a68457050>,12,17,[ 3 11],13,82,99,69,70
1,<environment.Job instance at 0x7f3a68457730>,13,20,[8 4],14,72,92,58,71
1,<environment.Job instance at 0x7f3a68457cd0>,15,25,[ 2 12],16,99,124,83,95
1,<environment.Job instance at 0x7f3a685d5aa0>,4,14,[4 8],5,5,19,0,5
1,<environment.Job instance at 0x7f3a68aaf230>,8,13,[4 5],9,9,22,0,9
1,<environment.Job instance at 0x7f3a7181d280>,11,14,[10  4],12,19,33,7,19
1,<environment.Job instance at 0x7f3a6808f5a0>,21,15,[2 7],22,22,37,0,22
1,<environment.Job instance at 0x7f3a6808f230>,22,17,[3 5],23,33,50,10,33
1,<environment.Job instance at 0x7f3a69033780>,35,14,[10  1],36,36,50,0,36
1,<environment.Job instance at 0x7f3a68dcaf50>,31,21,[2 9],32,37,58,5,37
1,<environment.Job instance at 0x7f3a6812e730>,36,12,[9 5],37,50,62,13,50
1,<environment.Job instance at 0x7f3a6812efa0>,42,12,[5 2],43,58,70,15,58
1,<environment.Job instance at 0x7f3a682f21e0>,44,12,[7 2],45,62,74,17,62
1,<environment.Job instance at 0x7f3a682f2f50>,47,12,[7 2],48,70,82,22,70
1,<environment.Job instance at 0x7f3a685dfb40>,56,13,[8 4],57,74,87,17,74
1,<environment.Job instance at 0x7f3a6812e910>,40,16,[5 4],41,82,98,41,82
1,<environment.Job instance at 0x7f3a68ee00f0>,58,16,[6 5],59,87,103,28,87
1,<environment.Job instance at 0x7f3a685c85a0>,62,16,[6 3],63,98,114,35,98
1,<environment.Job instance at 0x7f3a682880a0>,4,14,[1 6],5,8,22,3,8
1,<environment.Job instance at 0x7f3a68288370>,9,14,[6 1],10,10,24,0,10
1,<environment.Job instance at 0x7f3a680c1460>,11,19,[7 3],12,12,31,0,12
1,<environment.Job instance at 0x7f3a680c1f00>,12,12,[10  4],13,31,43,18,14
1,<environment.Job instance at 0x7f3a68803eb0>,14,16,[2 5],15,22,38,7,15
1,<environment.Job instance at 0x7f3a68288eb0>,3,14,[13  1],4,43,57,39,30
1,<environment.Job instance at 0x7f3a68803730>,18,15,[2 5],19,32,47,13,32
1,<environment.Job instance at 0x7f3a68288730>,7,18,[ 1 14],8,47,65,39,47
1,<environment.Job instance at 0x7f3a67f70f50>,20,13,[13  5],21,65,78,44,53
1,<environment.Job instance at 0x7f3a67f70050>,21,14,[ 2 13],22,78,92,56,65
1,<environment.Job instance at 0x7f3a69014eb0>,2,17,[ 5 14],3,92,109,89,86
1,<environment.Job instance at 0x7f3a67f70af0>,23,16,[13  3],24,109,125,85,97
1,<environment.Job instance at 0x7f3a685cecd0>,0,18,[10  1],1,1,19,0,1
1,<environment.Job instance at 0x7f3a68b23f00>,4,14,[1 6],5,5,19,0,5
1,<environment.Job instance at 0x7f3a67d76050>,12,12,[10  4],13,19,31,6,19
1,<environment.Job instance at 0x7f3a685c8640>,18,15,[2 5],19,19,34,0,19
1,<environment.Job instance at 0x7f3a6825bf50>,14,16,[2 5],15,19,35,4,19
1,<environment.Job instance at 0x7f3a686c3320>,9,14,[6 1],10,31,45,21,31
1,<environment.Job instance at 0x7f3a685c8f00>,19,14,[3 7],20,34,48,14,34
1,<environment.Job instance at 0x7f3a682f2320>,29,14,[5 1],30,35,49,5,35
1,<environment.Job instance at 0x7f3a67d762d0>,11,19,[7 3],12,45,64,33,45
1,<environment.Job instance at 0x7f3a682f2050>,30,14,[2 8],31,48,62,17,48
1,<environment.Job instance at 0x7f3a682f2820>,33,14,[5 2],34,49,63,15,49
1,<environment.Job instance at 0x7f3a69246870>,24,17,[2 9],25,62,79,37,62
1,<environment.Job instance at 0x7f3a69033500>,37,13,[5 1],38,63,76,25,63
1,<environment.Job instance at 0x7f3a682f2550>,36,15,[8 1],37,64,79,27,64
1,<environment.Job instance at 0x7f3a6843edc0>,44,15,[5 5],45,76,91,31,76
1,<environment.Job instance at 0x7f3a692469b0>,27,17,[8 4],28,79,96,51,79
1,<environment.Job instance at 0x7f3a67a97a00>,56,14,[5 7],57,91,105,34,91
1,<environment.Job instance at 0x7f3a67db45a0>,57,12,[3 8],58,96,108,38,96
1,<environment.Job instance at 0x7f3a68263960>,10,18,[ 2 14],11,11,29,0,11
1,<environment.Job instance at 0x7f3a6791d730>,7,21,[4 5],8,29,50,21,23
1,<environment.Job instance at 0x7f3a6791d230>,5,23,[3 6],6,29,52,23,23
1,<environment.Job instance at 0x7f3a682630f0>,9,18,[8 2],10,29,47,19,25
1,<environment.Job instance at 0x7f3a68263910>,16,22,[7 2],17,47,69,30,40
1,<environment.Job instance at 0x7f3a68263a00>,15,13,[13  4],16,69,82,53,53
1,<environment.Job instance at 0x7f3a6791d690>,8,16,[10  1],9,84,100,75,84
1,<environment.Job instance at 0x7f3a68bc4780>,19,14,[4 7],20,86,100,66,86
1,<environment.Job instance at 0x7f3a683391e0>,4,19,[7 5],5,5,24,0,5
1,<environment.Job instance at 0x7f3a68339a50>,7,21,[4 5],8,8,29,0,8
1,<environment.Job instance at 0x7f3a6898eeb0>,19,14,[4 7],20,24,38,4,24
1,<environment.Job instance at 0x7f3a68343780>,18,15,[7 4],19,29,44,10,29
1,<environment.Job instance at 0x7f3a689a7500>,22,17,[6 5],23,38,55,15,38
1,<environment.Job instance at 0x7f3a68355230>,29,18,[2 5],30,38,56,8,38
1,<environment.Job instance at 0x7f3a689c2d20>,35,15,[9 4],36,55,70,19,55
1,<environment.Job instance at 0x7f3a689c21e0>,36,15,[4 7],37,56,71,19,56
1,<environment.Job instance at 0x7f3a689adbe0>,47,15,[8 2],48,70,85,22,70
1,<environment.Job instance at 0x7f3a6834c9b0>,52,16,[4 6],53,71,87,18,71
1,<environment.Job instance at 0x7f3a68339870>,8,16,[10  1],9,85,101,76,85
1,<environment.Job instance at 0x7f3a6834b690>,60,16,[3 7],61,87,103,26,87
1,<environment.Job instance at 0x7f3a687b8dc0>,5,19,[3 8],6,6,25,0,6
1,<environment.Job instance at 0x7f3a687b8780>,9,22,[ 2 11],10,25,47,15,18
1,<environment.Job instance at 0x7f3a688a9e10>,5,19,[3 8],6,6,25,0,6
1,<environment.Job instance at 0x7f3a68da9be0>,10,14,[8 2],11,11,25,0,11
1,<environment.Job instance at 0x7f3a6888f050>,13,18,[4 5],14,14,32,0,14
1,<environment.Job instance at 0x7f3a6888feb0>,15,13,[4 6],16,25,38,9,25
1,<environment.Job instance at 0x7f3a6808ffa0>,30,14,[9 5],31,32,46,1,32
1,<environment.Job instance at 0x7f3a67f96dc0>,23,16,[3 5],24,38,54,14,38
1,<environment.Job instance at 0x7f3a67f07690>,37,12,[4 7],38,46,58,8,46
1,<environment.Job instance at 0x7f3a68ba1d70>,38,15,[6 4],39,54,69,15,54
1,<environment.Job instance at 0x7f3a68ba1d20>,40,15,[ 5 10],41,58,73,17,58
1,<environment.Job instance at 0x7f3a67f91aa0>,19,17,[10  4],20,69,86,49,69
1,<environment.Job instance at 0x7f3a68ba1280>,42,17,[ 2 10],43,73,90,30,73
1,<environment.Job instance at 0x7f3a67f021e0>,51,15,[5 5],52,86,101,34,86
1,<environment.Job instance at 0x7f3a67f07a50>,39,17,[3 8],40,91,108,51,91
1,<environment.Job instance at 0x7f3a6797b870>,4,21,[6 3],5,5,26,0,5
1,<environment.Job instance at 0x7f3a68bb9460>,8,21,[1 5],9,11,32,2,11
1,<environment.Job instance at 0x7f3a686b8af0>,12,14,[14  4],13,26,40,13,22
1,<environment.Job instance at 0x7f3a6884b910>,4,21,[6 3],5,5,26,0,5
1,<environment.Job instance at 0x7f3a6808ffa0>,8,21,[1 5],9,9,30,0,9
1,<environment.Job instance at 0x7f3a67911410>,9,17,[1 7],10,10,27,0,10
1,<environment.Job instance at 0x7f3a688a98c0>,15,18,[9 3],16,26,44,10,26
1,<environment.Job instance at 0x7f3a68bb91e0>,18,17,[3 5],19,27,44,8,27
1,<environment.Job instance at 0x7f3a688a9960>,16,17,[1 6],17,30,47,13,30
1,<environment.Job instance at 0x7f3a687b8fa0>,29,14,[4 9],30,44,58,14,44
1,<environment.Job instance at 0x7f3a689d9820>,6,17,[10  5],7,47,64,40,47
1,<environment.Job instance at 0x7f3a67dfa9b0>,35,16,[4 8],36,58,74,22,58
1,<environment.Job instance at 0x7f3a67dfa050>,45,17,[4 6],46,64,81,18,64
1,<environment.Job instance at 0x7f3a67e2c780>,53,14,[5 5],54,74,88,20,74
1,<environment.Job instance at 0x7f3a67e2cb40>,57,12,[1 8],58,81,93,23,81
1,<environment.Job instance at 0x7f3a67e2c960>,59,13,[8 2],60,81,94,21,81
1,<environment.Job instance at 0x7f3a67e2c410>,67,14,[ 3 10],68,94,108,26,94
1,<environment.Job instance at 0x7f3a68697cd0>,76,12,[9 3],77,94,106,17,94
1,<environment.Job instance at 0x7f3a68a4a730>,4,14,[10  5],5,17,31,12,17
1,<environment.Job instance at 0x7f3a686847d0>,0,20,[3 6],1,1,21,0,1
1,<environment.Job instance at 0x7f3a68684b40>,4,14,[10  5],5,5,19,0,5
1,<environment.Job instance at 0x7f3a686848c0>,11,14,[5 1],12,19,33,7,19
1,<environment.Job instance at 0x7f3a68697b90>,13,15,[5 5],14,19,34,5,19
1,<environment.Job instance at 0x7f3a68684280>,12,17,[5 5],13,21,38,8,21
1,<environment.Job instance at 0x7f3a68697730>,21,14,[5 5],22,33,47,11,33
1,<environment.Job instance at 0x7f3a68684730>,6,21,[5 5],7,34,55,27,34
1,<environment.Job instance at 0x7f3a67e2cd70>,30,12,[ 3 10],31,47,59,16,47
1,<environment.Job instance at 0x7f3a67e2c4b0>,38,18,[7 2],39,55,73,16,55
1,<environment.Job instance at 0x7f3a68697320>,25,13,[3 6],26,59,72,33,59
1,<environment.Job instance at 0x7f3a67dfa4b0>,47,15,[4 9],48,72,87,24,72
1,<environment.Job instance at 0x7f3a67dfa550>,45,18,[6 1],46,73,91,27,73
1,<environment.Job instance at 0x7f3a67dfad70>,50,12,[5 9],51,87,99,36,87
1,<environment.Job instance at 0x7f3a67dfaa50>,52,17,[6 3],53,91,108,38,91
1,<environment.Job instance at 0x7f3a67dfa640>,53,12,[4 8],54,99,111,45,99
1,<environment.Job instance at 0x7f3a680dcd20>,4,14,[9 3],5,5,19,0,5
1,<environment.Job instance at 0x7f3a68de2e60>,2,26,[ 1 10],3,13,39,10,13
1,<environment.Job instance at 0x7f3a680dcdc0>,10,23,[9 3],11,19,42,8,16
1,<environment.Job instance at 0x7f3a680dc4b0>,14,12,[ 4 10],15,39,51,24,22
1,<environment.Job instance at 0x7f3a680dcc30>,15,13,[3 5],16,42,55,26,27
1,<environment.Job instance at 0x7f3a67da3aa0>,16,18,[2 9],17,51,69,34,40
1,<environment.Job instance at 0x7f3a680dc6e0>,17,20,[1 5],18,55,75,37,46
1,<environment.Job instance at 0x7f3a67da3e10>,18,16,[10  2],19,69,85,50,56
1,<environment.Job instance at 0x7f3a680dc5f0>,9,12,[ 5 12],10,75,87,65,58
1,<environment.Job instance at 0x7f3a67da3f00>,19,15,[13  4],20,87,102,67,79
1,<environment.Job instance at 0x7f3a67da3af0>,22,21,[5 4],23,102,123,79,96
1,<environment.Job instance at 0x7f3a6884bd70>,1,14,[9 3],2,2,16,0,2
1,<environment.Job instance at 0x7f3a68664af0>,14,12,[ 4 10],15,15,27,0,15
1,<environment.Job instance at 0x7f3a688a9b90>,15,13,[3 5],16,16,29,0,16
1,<environment.Job instance at 0x7f3a6884b910>,4,14,[9 3],5,27,41,22,27
1,<environment.Job instance at 0x7f3a68de2730>,17,20,[1 5],18,27,47,9,27
1,<environment.Job instance at 0x7f3a68648f00>,22,21,[5 4],23,29,50,6,29
1,<environment.Job instance at 0x7f3a68648a50>,26,16,[8 1],27,41,57,14,41
1,<environment.Job instance at 0x7f3a68de28c0>,16,18,[2 9],17,47,65,30,47
1,<environment.Job instance at 0x7f3a686606e0>,29,18,[5 5],30,50,68,20,50
1,<environment.Job instance at 0x7f3a690d5640>,43,15,[3 7],44,65,80,21,65
1,<environment.Job instance at 0x7f3a690d5c80>,44,15,[10  3],45,68,83,23,68
1,<environment.Job instance at 0x7f3a69183730>,61,12,[1 7],62,80,92,18,80
1,<environment.Job instance at 0x7f3a69183230>,69,14,[9 1],70,83,97,13,83
1,<environment.Job instance at 0x7f3a67a07f50>,70,15,[2 5],71,83,98,12,83
1,<environment.Job instance at 0x7f3a68648b40>,28,17,[4 8],29,92,109,63,92
1,<environment.Job instance at 0x7f3a69183050>,54,16,[9 2],55,97,113,42,97
1,<environment.Job instance at 0x7f3a67c4c8c0>,12,23,[5 5],13,13,36,0,13
1,<environment.Job instance at 0x7f3a68c5e1e0>,16,24,[5 2],17,17,41,0,17
1,<environment.Job instance at 0x7f3a67c4c640>,9,17,[ 3 11],10,36,53,26,24
1,<environment.Job instance at 0x7f3a681497d0>,35,13,[8 1],36,41,54,5,36
1,<environment.Job instance at 0x7f3a68149190>,37,13,[6 3],38,53,66,15,38
1,<environment.Job instance at 0x7f3a68149e10>,42,12,[5 9],43,54,66,11,43
1,<environment.Job instance at 0x7f3a681498c0>,46,12,[5 7],47,66,78,19,49
1,<environment.Job instance at 0x7f3a68c5ee60>,32,20,[1 5],33,66,86,33,65
1,<environment.Job instance at 0x7f3a681495a0>,51,15,[1 6],52,78,93,26,68
1,<environment.Job instance at 0x7f3a68149690>,52,21,[2 6],53,86,107,33,81
1,<environment.Job instance at 0x7f3a68149280>,44,17,[5 3],45,92,109,47,92
1,<environment.Job instance at 0x7f3a68149230>,54,13,[ 1 13],55,109,122,54,94
1,<environment.Job instance at 0x7f3a67a07aa0>,2,21,[4 7],3,3,24,0,3
1,<environment.Job instance at 0x7f3a67a07a50>,4,18,[5 5],5,5,23,0,5
1,<environment.Job instance at 0x7f3a69183eb0>,20,17,[2 7],21,23,40,2,23
1,<environment.Job instance at 0x7f3a67a075a0>,7,18,[9 2],8,24,42,16,24
1,<environment.Job instance at 0x7f3a67a07e10>,5,15,[ 1 10],6,40,55,34,40
1,<environment.Job instance at 0x7f3a690d5cd0>,35,13,[8 1],36,42,55,6,42
1,<environment.Job instance at 0x7f3a690d5d70>,36,14,[1 6],37,55,69,18,55
1,<environment.Job instance at 0x7f3a690d5910>,37,13,[6 3],38,55,68,17,55
1,<environment.Job instance at 0x7f3a691836e0>,28,17,[4 5],29,55,72,26,55
1,<environment.Job instance at 0x7f3a69183c30>,22,20,[10  2],23,68,88,45,68
1,<environment.Job instance at 0x7f3a691834b0>,25,18,[1 7],26,69,87,43,69
1,<environment.Job instance at 0x7f3a68648f50>,46,12,[5 7],47,87,99,40,87
1,<environment.Job instance at 0x7f3a686482d0>,51,15,[1 6],52,88,103,36,88
1,<environment.Job instance at 0x7f3a67c4c870>,63,16,[8 2],64,88,104,24,88
1,<environment.Job instance at 0x7f3a690d5050>,44,17,[5 3],45,99,116,54,99
1,<environment.Job instance at 0x7f3a67ccbd70>,2,24,[5 5],3,3,27,0,3
1,<environment.Job instance at 0x7f3a67ccbc80>,5,22,[5 1],6,6,28,0,6
1,<environment.Job instance at 0x7f3a67ce40a0>,10,16,[ 2 12],11,27,43,16,15
1,<environment.Job instance at 0x7f3a67ccaa50>,14,13,[ 2 12],15,43,56,28,27
1,<environment.Job instance at 0x7f3a67ccb140>,6,23,[12  1],7,41,64,34,41
1,<environment.Job instance at 0x7f3a67ce4460>,9,21,[ 4 10],10,64,85,54,56
1,<environment.Job instance at 0x7f3a67cca9b0>,16,12,[9 1],17,64,76,47,56
1,<environment.Job instance at 0x7f3a67ccad70>,17,12,[ 5 10],18,85,97,67,72
1,<environment.Job instance at 0x7f3a682adaa0>,12,22,[5 5],13,76,98,63,75
1,<environment.Job instance at 0x7f3a67ccac30>,15,18,[14  4],16,98,116,82,96
1,<environment.Job instance at 0x7f3a67cbdd70>,24,25,[1 9],25,97,122,72,96
1,<environment.Job instance at 0x7f3a71855140>,5,22,[5 1],6,6,28,0,6
1,<environment.Job instance at 0x7f3a68baba00>,9,21,[ 4 10],10,10,31,0,10
1,<environment.Job instance at 0x7f3a679a25a0>,16,12,[9 1],17,28,40,11,28
1,<environment.Job instance at 0x7f3a679a2960>,17,12,[ 5 10],18,31,43,13,31
1,<environment.Job instance at 0x7f3a690d5550>,30,15,[8 4],31,40,55,9,40
1,<environment.Job instance at 0x7f3a690d58c0>,32,15,[2 8],33,43,58,10,43
1,<environment.Job instance at 0x7f3a69183d70>,46,12,[9 5],47,55,67,8,55
1,<environment.Job instance at 0x7f3a691833c0>,52,14,[ 1 10],53,58,72,5,58
1,<environment.Job instance at 0x7f3a69183af0>,49,15,[7 3],50,67,82,17,67
1,<environment.Job instance at 0x7f3a691839b0>,57,12,[1 9],58,72,84,14,72
1,<environment.Job instance at 0x7f3a67c4cb40>,19,16,[9 4],20,82,98,62,82
1,<environment.Job instance at 0x7f3a6801b690>,13,16,[1 9],14,84,100,70,84
1,<environment.Job instance at 0x7f3a69183820>,59,18,[8 3],60,98,116,38,98
1,<environment.Job instance at 0x7f3a6878ce10>,2,16,[6 1],3,3,19,0,3
1,<environment.Job instance at 0x7f3a6878c6e0>,8,27,[ 1 10],9,10,37,1,10
1,<environment.Job instance at 0x7f3a68011f50>,9,14,[13  4],10,19,33,9,11
1,<environment.Job instance at 0x7f3a68011640>,16,18,[12  1],17,38,56,21,38
1,<environment.Job instance at 0x7f3a68011dc0>,18,15,[3 6],19,82,97,63,82
1,<environment.Job instance at 0x7f3a690d5410>,2,16,[6 1],3,3,19,0,3
1,<environment.Job instance at 0x7f3a690d5af0>,7,17,[4 8],8,8,25,0,8
1,<environment.Job instance at 0x7f3a690d5050>,15,20,[4 6],16,16,36,0,16
1,<environment.Job instance at 0x7f3a690d5870>,14,12,[7 4],15,25,37,10,25
1,<environment.Job instance at 0x7f3a6827a190>,30,13,[4 7],31,36,49,5,36
1,<environment.Job instance at 0x7f3a6827a550>,33,15,[5 5],34,37,52,3,37
1,<environment.Job instance at 0x7f3a690d5dc0>,13,15,[ 1 10],14,49,64,35,49
1,<environment.Job instance at 0x7f3a680255a0>,24,18,[5 5],25,52,70,27,52
1,<environment.Job instance at 0x7f3a680041e0>,42,13,[6 3],43,64,77,21,64
1,<environment.Job instance at 0x7f3a690d57d0>,18,15,[3 6],19,64,79,45,64
1,<environment.Job instance at 0x7f3a680253c0>,27,16,[5 6],28,70,86,42,70
1,<environment.Job instance at 0x7f3a68004f50>,51,12,[5 4],52,79,91,27,79
1,<environment.Job instance at 0x7f3a68004690>,57,12,[9 2],58,86,98,28,86
1,<environment.Job instance at 0x7f3a68004c30>,47,18,[1 8],48,86,104,38,86
1,<environment.Job instance at 0x7f3a680045a0>,56,16,[2 6],57,98,114,41,98
1,<environment.Job instance at 0x7f3a6879ef50>,1,21,[5 2],2,2,23,0,2
1,<environment.Job instance at 0x7f3a68b05b90>,2,20,[3 6],3,3,23,0,3
1,<environment.Job instance at 0x7f3a68b05d70>,3,16,[1 5],4,4,20,0,4
1,<environment.Job instance at 0x7f3a68b05e10>,4,19,[6 2],5,5,24,0,5
1,<environment.Job instance at 0x7f3a68ace2d0>,11,12,[1 9],12,23,35,11,12
1,<environment.Job instance at 0x7f3a67ffc730>,1,21,[5 2],2,2,23,0,2
1,<environment.Job instance at 0x7f3a67ffc460>,2,20,[3 6],3,3,23,0,3
1,<environment.Job instance at 0x7f3a67ffc910>,3,16,[1 5],4,4,20,0,4
1,<environment.Job instance at 0x7f3a67ffcb90>,4,19,[6 2],5,5,24,0,5
1,<environment.Job instance at 0x7f3a67ffc230>,11,12,[1 9],12,23,35,11,23
1,<environment.Job instance at 0x7f3a6800ed20>,18,16,[7 3],19,23,39,4,23
1,<environment.Job instance at 0x7f3a67ffc7d0>,7,20,[5 3],8,24,44,16,24
1,<environment.Job instance at 0x7f3a6800ef00>,25,14,[8 3],26,39,53,13,39
1,<environment.Job instance at 0x7f3a68004190>,35,16,[2 6],36,39,55,3,39
1,<environment.Job instance at 0x7f3a68004910>,40,14,[5 6],41,44,58,3,44
1,<environment.Job instance at 0x7f3a68004550>,44,13,[6 4],45,55,68,10,55
1,<environment.Job instance at 0x7f3a68004280>,46,12,[5 1],47,58,70,11,58
1,<environment.Job instance at 0x7f3a68004820>,45,15,[9 3],46,68,83,22,68
1,<environment.Job instance at 0x7f3a68004af0>,51,16,[7 5],52,83,99,31,83
1,<environment.Job instance at 0x7f3a6827a910>,56,13,[5 5],57,83,96,26,83
1,<environment.Job instance at 0x7f3a68004230>,47,16,[7 4],48,96,112,48,96
1,<environment.Job instance at 0x7f3a6827a280>,59,14,[3 7],60,99,113,39,99
1,<environment.Job instance at 0x7fdf577b66e0>,0,17,[6 1],1,1,18,0,1
1,<environment.Job instance at 0x7fdf4e16cd20>,6,15,[ 2 14],7,10,25,3,10
1,<environment.Job instance at 0x7fdf4e16ce60>,8,20,[ 4 13],9,25,45,16,20
1,<environment.Job instance at 0x7fdf4e1711e0>,12,28,[ 1 14],13,77,105,64,77
1,<environment.Job instance at 0x7fdf4e17c280>,0,17,[6 1],1,1,18,0,1
1,<environment.Job instance at 0x7fdf4e16c960>,2,20,[7 4],3,3,23,0,3
1,<environment.Job instance at 0x7fdf4e17cb40>,10,15,[5 1],11,18,33,7,18
1,<environment.Job instance at 0x7fdf4e1b9690>,22,13,[7 4],23,23,36,0,23
1,<environment.Job instance at 0x7fdf4e164d20>,26,12,[8 5],27,33,45,6,33
1,<environment.Job instance at 0x7fdf4e17cc80>,11,15,[6 1],12,36,51,24,36
1,<environment.Job instance at 0x7fdf4e2f0960>,35,16,[1 9],36,36,52,0,36
1,<environment.Job instance at 0x7fdf4e2a3b90>,41,12,[8 3],42,45,57,3,45
1,<environment.Job instance at 0x7fdf4e297140>,43,16,[1 8],44,52,68,8,52
1,<environment.Job instance at 0x7fdf4e17cbe0>,13,13,[10  3],14,57,70,43,57
1,<environment.Job instance at 0x7fdf4e288e60>,49,13,[1 5],50,68,81,18,68
1,<environment.Job instance at 0x7fdf4e2f5b40>,24,20,[4 6],25,68,88,43,68
1,<environment.Job instance at 0x7fdf4e1646e0>,32,17,[9 3],33,70,87,37,70
1,<environment.Job instance at 0x7fdf4e314fa0>,54,13,[7 3],55,87,100,32,87
1,<environment.Job instance at 0x7fdf4e22ea00>,63,12,[5 3],64,88,100,24,88
1,<environment.Job instance at 0x7fdf4e211d70>,51,13,[5 6],52,100,113,48,100
1,<environment.Job instance at 0x7fdf4e22e550>,68,12,[7 1],69,100,112,31,100
1,<environment.Job instance at 0x7fdf4d8b9e60>,3,12,[1 6],4,4,16,0,4
1,<environment.Job instance at 0x7fdf4d8b9730>,4,17,[5 1],5,5,22,0,5
1,<environment.Job instance at 0x7fdf4d8b9410>,6,17,[5 5],7,7,24,0,7
1,<environment.Job instance at 0x7fdf4d8b9a50>,12,18,[7 4],13,22,40,9,13
1,<environment.Job instance at 0x7fdf4d8b9eb0>,10,17,[ 4 12],11,40,57,29,28
1,<environment.Job instance at 0x7fdf4d8aeaa0>,19,14,[13  2],20,57,71,37,43
1,<environment.Job instance at 0x7fdf4d8ae370>,23,17,[5 1],24,71,88,47,59
1,<environment.Job instance at 0x7fdf4d8b8c30>,24,26,[4 7],25,82,108,57,82
1,<environment.Job instance at 0x7fdf4d8b97d0>,7,26,[5 4],8,82,108,74,82
1,<environment.Job instance at 0x7fdf4d8b8af0>,26,12,[5 4],27,88,100,61,82
1,<environment.Job instance at 0x7fdf4d9e4e60>,28,14,[6 5],29,108,122,79,95
1,<environment.Job instance at 0x7fdf4da57cd0>,29,17,[8 2],30,108,125,78,96
1,<environment.Job instance at 0x7fdf4d8b8e10>,31,13,[1 8],32,108,121,76,97
1,<environment.Job instance at 0x7fdf4d9907d0>,3,12,[1 6],4,4,16,0,4
1,<environment.Job instance at 0x7fdf4d95f410>,4,17,[5 1],5,5,22,0,5
1,<environment.Job instance at 0x7fdf4d995a00>,6,17,[5 5],7,7,24,0,7
1,<environment.Job instance at 0x7fdf4d995960>,9,20,[4 9],10,16,36,6,16
1,<environment.Job instance at 0x7fdf4d929a50>,23,17,[5 1],24,24,41,0,24
1,<environment.Job instance at 0x7fdf4d929cd0>,20,21,[5 4],21,24,45,3,24
1,<environment.Job instance at 0x7fdf4d934e60>,26,12,[5 4],27,36,48,9,36
1,<environment.Job instance at 0x7fdf4d9349b0>,28,14,[6 5],29,45,59,16,45
1,<environment.Job instance at 0x7fdf4d9374b0>,31,13,[1 8],32,48,61,16,48
1,<environment.Job instance at 0x7fdf4d934be0>,29,17,[8 2],30,48,65,18,48
1,<environment.Job instance at 0x7fdf4d9958c0>,8,15,[ 4 10],9,61,76,52,61
1,<environment.Job instance at 0x7fdf4d93b550>,42,12,[1 5],43,65,77,22,65
1,<environment.Job instance at 0x7fdf4d92ff00>,38,13,[10  5],39,76,89,37,76
1,<environment.Job instance at 0x7fdf4dabc960>,46,15,[ 2 10],47,77,92,30,77
1,<environment.Job instance at 0x7fdf4d971e60>,58,14,[6 3],59,89,103,30,89
1,<environment.Job instance at 0x7fdf4d971500>,61,14,[ 5 10],62,92,106,30,92
1,<environment.Job instance at 0x7fdf4d9997d0>,12,18,[7 4],13,103,121,90,103
1,<environment.Job instance at 0x7fdf4d971cd0>,63,13,[5 7],64,106,119,42,106
1,<environment.Job instance at 0x7fdf4d7d6f00>,6,15,[8 5],7,7,22,0,7
1,<environment.Job instance at 0x7fdf4d7d60f0>,9,12,[4 8],10,10,22,0,10
1,<environment.Job instance at 0x7fdf4d7d3910>,20,13,[2 7],21,22,35,1,22
1,<environment.Job instance at 0x7fdf4d7d3050>,16,13,[4 8],17,22,35,5,22
1,<environment.Job instance at 0x7fdf4d7d3fa0>,25,13,[9 2],26,35,48,9,35
1,<environment.Job instance at 0x7fdf4d7d3e60>,26,13,[4 5],27,35,48,8,35
1,<environment.Job instance at 0x7fdf4d7d3230>,32,13,[3 5],33,48,61,15,48
1,<environment.Job instance at 0x7fdf4d7d00a0>,36,14,[3 5],37,48,62,11,48
1,<environment.Job instance at 0x7fdf4d7d6d20>,17,16,[8 4],18,48,64,30,48
1,<environment.Job instance at 0x7fdf4d7d0dc0>,33,16,[5 8],34,62,78,28,62
1,<environment.Job instance at 0x7fdf4d79f550>,48,13,[6 4],49,64,77,15,64
1,<environment.Job instance at 0x7fdf4d79f7d0>,51,16,[6 3],52,77,93,25,77
1,<environment.Job instance at 0x7fdf4d79f780>,55,13,[8 3],56,78,91,22,78
1,<environment.Job instance at 0x7fdf4d79f640>,58,17,[8 4],59,91,108,32,91
1,<environment.Job instance at 0x7fdf4d79fb90>,59,15,[3 6],60,93,108,33,93
1,<environment.Job instance at 0x7fdf4d813a50>,62,15,[5 8],63,108,123,45,108
1,<environment.Job instance at 0x7fdf4d7d0460>,43,17,[10  2],44,108,125,64,108
1,<environment.Job instance at 0x7fdf4db80370>,2,13,[2 9],3,3,16,0,3
1,<environment.Job instance at 0x7fdf4db80960>,4,12,[2 7],5,16,28,11,5
1,<environment.Job instance at 0x7fdf4db805f0>,14,17,[7 1],15,15,32,0,15
1,<environment.Job instance at 0x7fdf4db80410>,18,13,[12  1],19,32,45,13,19
1,<environment.Job instance at 0x7fdf4dc868c0>,21,14,[ 2 14],22,43,57,21,43
1,<environment.Job instance at 0x7fdf4dc86fa0>,19,12,[14  3],20,57,69,37,44
1,<environment.Job instance at 0x7fdf4db80e10>,8,25,[14  5],9,69,94,60,66
1,<environment.Job instance at 0x7fdf4dcfcaa0>,29,12,[6 4],30,94,106,64,77
1,<environment.Job instance at 0x7fdf4d87cb40>,2,13,[2 9],3,3,16,0,3
1,<environment.Job instance at 0x7fdf4d87c050>,6,21,[10  5],7,7,28,0,7
1,<environment.Job instance at 0x7fdf4db700f0>,4,12,[2 7],5,16,28,11,16
1,<environment.Job instance at 0x7fdf4d7d3e10>,14,17,[7 1],15,28,45,13,28
1,<environment.Job instance at 0x7fdf4d7d35a0>,13,17,[5 9],14,28,45,14,28
1,<environment.Job instance at 0x7fdf4d7d6f00>,29,12,[6 4],30,45,57,15,45
1,<environment.Job instance at 0x7fdf4d783230>,40,12,[ 1 10],41,45,57,4,45
1,<environment.Job instance at 0x7fdf4d7d6dc0>,28,14,[3 6],29,57,71,28,57
1,<environment.Job instance at 0x7fdf4dde9af0>,45,13,[5 5],46,57,70,11,57
1,<environment.Job instance at 0x7fdf577defa0>,38,16,[5 2],39,57,73,18,57
1,<environment.Job instance at 0x7fdf4d783d70>,39,22,[2 5],40,70,92,30,70
1,<environment.Job instance at 0x7fdf4dccb730>,59,13,[1 7],60,73,86,13,73
1,<environment.Job instance at 0x7fdf4dccbaf0>,69,16,[4 5],70,86,102,16,86
1,<environment.Job instance at 0x7fdf4dc6c550>,72,14,[4 5],73,86,100,13,86
1,<environment.Job instance at 0x7fdf4dde9140>,55,17,[7 4],56,92,109,36,92
1,<environment.Job instance at 0x7fdf4dc6ca50>,75,13,[5 6],76,102,115,26,102
1,<environment.Job instance at 0x7fdf5791f870>,88,18,[5 5],89,109,127,20,109
1,<environment.Job instance at 0x7fdf4ecbb410>,7,15,[4 9],8,8,23,0,8
1,<environment.Job instance at 0x7fdf4ecbb690>,9,12,[4 6],10,10,22,0,10
1,<environment.Job instance at 0x7fdf4ecbbeb0>,10,23,[3 9],11,23,46,12,17
1,<environment.Job instance at 0x7fdf4ec9faf0>,11,19,[ 4 14],12,46,65,34,41
1,<environment.Job instance at 0x7fdf4ecbbd70>,15,18,[5 5],16,65,83,49,55
1,<environment.Job instance at 0x7fdf4ec9e870>,17,14,[8 4],18,65,79,47,64
1,<environment.Job instance at 0x7fdf4ecbb730>,12,19,[7 3],13,79,98,66,69
1,<environment.Job instance at 0x7fdf4ecbb5a0>,16,15,[2 6],17,71,86,54,71
1,<environment.Job instance at 0x7fdf4db4cb40>,19,25,[8 2],20,86,111,66,82
1,<environment.Job instance at 0x7fdf4db4caf0>,20,15,[5 2],21,98,113,77,85
1,<environment.Job instance at 0x7fdf4e013410>,30,14,[ 1 14],31,113,127,82,98
1,<environment.Job instance at 0x7fdf57928e60>,0,19,[3 6],1,1,20,0,1
1,<environment.Job instance at 0x7fdf5791fc30>,7,15,[4 9],8,8,23,0,8
1,<environment.Job instance at 0x7fdf5791f500>,9,12,[4 6],10,20,32,10,20
1,<environment.Job instance at 0x7fdf4d9029b0>,17,14,[8 4],18,23,37,5,23
1,<environment.Job instance at 0x7fdf4d8bedc0>,20,15,[5 2],21,32,47,11,32
1,<environment.Job instance at 0x7fdf4d902910>,16,15,[2 6],17,32,47,15,32
1,<environment.Job instance at 0x7fdf4dccb230>,31,14,[5 3],32,37,51,5,37
1,<environment.Job instance at 0x7fdf4dc6caa0>,22,13,[10  4],23,48,61,25,48
1,<environment.Job instance at 0x7fdf4dc6caf0>,27,15,[ 4 10],28,51,66,23,51
1,<environment.Job instance at 0x7fdf4d75c280>,49,12,[5 5],50,62,74,12,62
1,<environment.Job instance at 0x7fdf4dccb190>,36,17,[5 4],37,66,83,29,66
1,<environment.Job instance at 0x7fdf4d7d6e10>,54,16,[4 6],55,66,82,11,66
1,<environment.Job instance at 0x7fdf4d7d6140>,51,17,[5 4],52,74,91,22,74
1,<environment.Job instance at 0x7fdf5791f7d0>,15,18,[5 5],16,82,100,66,82
1,<environment.Job instance at 0x7fdf4d7d6af0>,60,15,[3 5],61,91,106,30,91
1,<environment.Job instance at 0x7fdf4d7d6f00>,56,16,[7 2],57,91,107,34,91
1,<environment.Job instance at 0x7fdf4d7d6d20>,62,17,[5 5],63,100,117,37,100
1,<environment.Job instance at 0x7fdf4d7d3cd0>,74,13,[5 5],75,108,121,33,108
1,<environment.Job instance at 0x7fdf4ddd5dc0>,0,15,[2 7],1,1,16,0,1
1,<environment.Job instance at 0x7fdf4ddd5460>,1,16,[6 1],2,2,18,0,2
1,<environment.Job instance at 0x7fdf4e573190>,8,21,[5 6],9,9,30,0,9
1,<environment.Job instance at 0x7fdf4e573d70>,10,13,[4 5],11,16,29,5,12
1,<environment.Job instance at 0x7fdf4e573f50>,9,14,[ 3 10],10,30,44,20,15
1,<environment.Job instance at 0x7fdf4e573500>,18,13,[10  1],19,29,42,10,21
1,<environment.Job instance at 0x7fdf4e573410>,19,27,[5 1],20,42,69,22,42
1,<environment.Job instance at 0x7fdf4e5734b0>,20,28,[ 5 10],21,44,72,23,44
1,<environment.Job instance at 0x7fdf4e573c30>,24,18,[ 1 10],25,72,90,47,61
1,<environment.Job instance at 0x7fdf4e573050>,14,27,[12  1],15,72,99,57,72
1,<environment.Job instance at 0x7fdf4e419320>,29,14,[1 7],30,90,104,60,75
1,<environment.Job instance at 0x7fdf4dc6ca00>,0,15,[2 7],1,1,16,0,1
1,<environment.Job instance at 0x7fdf4dc6cf00>,1,16,[6 1],2,2,18,0,2
1,<environment.Job instance at 0x7fdf4db80d70>,4,18,[4 7],5,5,23,0,5
1,<environment.Job instance at 0x7fdf5791fa00>,10,13,[4 5],11,16,29,5,16
1,<environment.Job instance at 0x7fdf5791fc30>,18,13,[10  1],19,23,36,4,23
1,<environment.Job instance at 0x7fdf5791fe10>,12,16,[1 5],13,23,39,10,23
1,<environment.Job instance at 0x7fdf5791feb0>,13,18,[4 9],14,29,47,15,29
1,<environment.Job instance at 0x7fdf4dc6c960>,3,14,[10  3],4,39,53,35,39
1,<environment.Job instance at 0x7fdf4dc6c8c0>,9,14,[ 3 10],10,47,61,37,47
1,<environment.Job instance at 0x7fdf4d85e4b0>,30,18,[7 5],31,53,71,22,53
1,<environment.Job instance at 0x7fdf4d88b6e0>,48,14,[3 9],49,61,75,12,61
1,<environment.Job instance at 0x7fdf4d88b730>,50,14,[5 1],51,61,75,10,61
1,<environment.Job instance at 0x7fdf4d88b3c0>,45,18,[2 5],46,71,89,25,71
1,<environment.Job instance at 0x7fdf4d87a3c0>,58,14,[5 8],59,75,89,16,75
1,<environment.Job instance at 0x7fdf4d85efa0>,29,14,[1 7],30,89,103,59,89
1,<environment.Job instance at 0x7fdf4d883690>,70,12,[2 8],71,89,101,18,89
1,<environment.Job instance at 0x7fdf4d8830f0>,71,13,[6 4],72,101,114,29,101
1,<environment.Job instance at 0x7fdf4d87a5a0>,54,14,[8 4],55,101,115,46,101
1,<environment.Job instance at 0x7fdf4de47910>,5,17,[10  1],6,9,26,3,9
1,<environment.Job instance at 0x7fdf4de37af0>,14,21,[3 7],15,15,36,0,15
1,<environment.Job instance at 0x7fdf4da1ae60>,16,17,[3 5],17,26,43,9,17
1,<environment.Job instance at 0x7fdf4de41960>,18,14,[6 5],19,36,50,17,21
1,<environment.Job instance at 0x7fdf4da1aaf0>,17,22,[ 4 13],18,57,79,39,57
1,<environment.Job instance at 0x7fdf4d891e10>,0,22,[10  1],1,1,23,0,1
1,<environment.Job instance at 0x7fdf4d889d20>,12,16,[5 4],13,13,29,0,13
1,<environment.Job instance at 0x7fdf4d891be0>,3,12,[9 1],4,23,35,19,23
1,<environment.Job instance at 0x7fdf4d889c80>,18,14,[6 5],19,29,43,10,29
1,<environment.Job instance at 0x7fdf5791fd70>,28,12,[1 7],29,35,47,6,35
1,<environment.Job instance at 0x7fdf5791f3c0>,27,15,[4 7],28,43,58,15,43
1,<environment.Job instance at 0x7fdf4d891730>,5,17,[10  1],6,43,60,37,43
1,<environment.Job instance at 0x7fdf4dc6c0a0>,30,16,[1 7],31,47,63,16,47
1,<environment.Job instance at 0x7fdf5d83db40>,16,17,[3 5],17,58,75,41,58
1,<environment.Job instance at 0x7fdf4eccfa50>,40,15,[5 5],41,63,78,22,63
1,<environment.Job instance at 0x7fdf4e21b7d0>,45,18,[6 4],46,63,81,17,63
1,<environment.Job instance at 0x7fdf4e784eb0>,51,13,[5 6],52,78,91,26,78
1,<environment.Job instance at 0x7fdf4ddd5c30>,59,13,[5 8],60,81,94,21,81
1,<environment.Job instance at 0x7fdf4ec9faf0>,70,14,[9 2],71,91,105,20,91
1,<environment.Job instance at 0x7fdf4dc6c1e0>,39,16,[ 4 10],40,94,110,54,94
1,<environment.Job instance at 0x7fdf4db28910>,78,12,[6 4],79,105,117,26,105
1,<environment.Job instance at 0x7fdf4df589b0>,4,13,[4 5],5,5,18,0,5
1,<environment.Job instance at 0x7fdf4df58280>,8,22,[2 8],9,9,31,0,9
1,<environment.Job instance at 0x7fdf4e229a50>,14,16,[1 6],15,18,34,3,15
1,<environment.Job instance at 0x7fdf4df580a0>,12,24,[12  5],13,31,55,18,27
1,<environment.Job instance at 0x7fdf4df58910>,6,26,[3 7],7,34,60,27,32
1,<environment.Job instance at 0x7fdf4e229b40>,11,22,[11  3],12,55,77,43,49
1,<environment.Job instance at 0x7fdf4e229a00>,18,14,[5 2],19,77,91,58,62
1,<environment.Job instance at 0x7fdf4e229780>,22,16,[9 3],23,77,93,54,64
1,<environment.Job instance at 0x7fdf4e375370>,4,13,[4 5],5,5,18,0,5
1,<environment.Job instance at 0x7fdf4ec32e10>,5,20,[3 7],6,6,26,0,6
1,<environment.Job instance at 0x7fdf4ec32410>,7,17,[8 3],8,8,25,0,8
1,<environment.Job instance at 0x7fdf4d8bc2d0>,18,14,[5 2],19,25,39,6,25
1,<environment.Job instance at 0x7fdf4dc6c960>,21,15,[6 3],22,25,40,3,25
1,<environment.Job instance at 0x7fdf4dd95780>,14,16,[1 6],15,26,42,11,26
1,<environment.Job instance at 0x7fdf4dc6c140>,22,16,[9 3],23,40,56,17,40
1,<environment.Job instance at 0x7fdf4e419280>,31,15,[5 4],32,42,57,10,42
1,<environment.Job instance at 0x7fdf4df2dd20>,45,12,[5 5],46,56,68,10,56
1,<environment.Job instance at 0x7fdf4df2d3c0>,36,14,[7 3],37,57,71,20,57
1,<environment.Job instance at 0x7fdf4e367280>,9,18,[2 7],10,57,75,47,57
1,<environment.Job instance at 0x7fdf4dbb39b0>,52,13,[10  5],53,71,84,18,71
1,<environment.Job instance at 0x7fdf4dc6c050>,27,17,[ 1 10],28,75,92,47,75
1,<environment.Job instance at 0x7fdf4dbb3cd0>,51,14,[8 3],52,84,98,32,84
1,<environment.Job instance at 0x7fdf4d98c6e0>,70,18,[7 4],71,93,111,22,93
1,<environment.Job instance at 0x7fdf4d98c7d0>,90,16,[6 3],91,98,114,7,98
1,<environment.Job instance at 0x7fdf4ec32780>,8,22,[2 8],9,98,120,89,98
1,<environment.Job instance at 0x7fdf4d934dc0>,2,22,[5 2],3,14,36,11,14
1,<environment.Job instance at 0x7fdf4d42fb40>,14,25,[ 2 11],15,16,41,1,16
1,<environment.Job instance at 0x7fdf4d42fd70>,16,12,[2 5],17,41,53,24,25
1,<environment.Job instance at 0x7fdf4d42f280>,11,24,[5 2],12,37,61,25,37
1,<environment.Job instance at 0x7fdf4d42fa00>,12,21,[1 5],13,43,64,30,43
1,<environment.Job instance at 0x7fdf4d42ffa0>,18,12,[9 1],19,53,65,34,43
1,<environment.Job instance at 0x7fdf4d42fc30>,20,13,[ 1 12],21,64,77,43,53
1,<environment.Job instance at 0x7fdf4d42faf0>,15,19,[11  3],16,65,84,49,64
1,<environment.Job instance at 0x7fdf4d5296e0>,21,16,[ 2 12],22,77,93,55,66
1,<environment.Job instance at 0x7fdf4d5295a0>,24,14,[4 8],25,93,107,68,79
1,<environment.Job instance at 0x7fdf4d5297d0>,28,13,[4 5],29,93,106,64,79
1,<environment.Job instance at 0x7fdf4d529780>,26,13,[14  2],27,107,120,80,91
1,<environment.Job instance at 0x7fdf4d529320>,31,14,[10  4],32,120,134,88,106
1,<environment.Job instance at 0x7fdf4d529a50>,39,17,[ 1 11],40,107,124,67,106
1,<environment.Job instance at 0x7fdf4e92f870>,1,16,[3 9],2,2,18,0,2
1,<environment.Job instance at 0x7fdf4e92f5a0>,2,22,[5 2],3,3,25,0,3
1,<environment.Job instance at 0x7fdf4d7615a0>,16,12,[2 5],17,18,30,1,18
1,<environment.Job instance at 0x7fdf4d6704b0>,6,16,[1 8],7,18,34,11,18
1,<environment.Job instance at 0x7fdf4d7615f0>,18,12,[9 1],19,25,37,6,25
1,<environment.Job instance at 0x7fdf4ddac6e0>,28,13,[4 5],29,30,43,1,30
1,<environment.Job instance at 0x7fdf4e933dc0>,12,21,[1 5],13,34,55,21,34
1,<environment.Job instance at 0x7fdf4ddcc460>,31,14,[10  4],32,37,51,5,37
1,<environment.Job instance at 0x7fdf4ddae4b0>,24,14,[4 8],25,51,65,26,51
1,<environment.Job instance at 0x7fdf4dda9960>,41,15,[2 7],42,55,70,13,55
1,<environment.Job instance at 0x7fdf4ecdde10>,55,14,[10  1],56,65,79,9,65
1,<environment.Job instance at 0x7fdf4dda9f00>,42,17,[3 5],43,65,82,22,65
1,<environment.Job instance at 0x7fdf4d7ee8c0>,56,12,[9 5],57,79,91,22,79
1,<environment.Job instance at 0x7fdf4e930780>,62,12,[5 2],63,82,94,19,82
1,<environment.Job instance at 0x7fdf4e930910>,64,12,[7 2],65,91,103,26,91
1,<environment.Job instance at 0x7fdf4e930730>,67,12,[7 2],68,94,106,26,94
1,<environment.Job instance at 0x7fdf4dd9eeb0>,76,13,[8 4],77,103,116,26,103
1,<environment.Job instance at 0x7fdf4e930370>,60,16,[5 4],61,106,122,45,106
1,<environment.Job instance at 0x7fdf4e5a40a0>,1,13,[5 2],2,2,15,0,2
1,<environment.Job instance at 0x7fdf4e612cd0>,4,18,[6 3],5,6,24,1,6
1,<environment.Job instance at 0x7fdf4e612c30>,7,19,[ 4 10],8,9,28,1,9
1,<environment.Job instance at 0x7fdf4e6129b0>,9,15,[ 4 13],10,31,46,21,31
1,<environment.Job instance at 0x7fdf4e889730>,1,13,[5 2],2,2,15,0,2
1,<environment.Job instance at 0x7fdf4eae71e0>,4,18,[6 3],5,5,23,0,5
1,<environment.Job instance at 0x7fdf4e9169b0>,7,19,[ 4 10],8,8,27,0,8
1,<environment.Job instance at 0x7fdf4e9230a0>,22,12,[10  4],23,23,35,0,23
1,<environment.Job instance at 0x7fdf4eaca550>,8,13,[2 7],9,27,40,18,27
1,<environment.Job instance at 0x7fdf4e923140>,19,14,[6 1],20,35,49,15,35
1,<environment.Job instance at 0x7fdf4dd9e6e0>,29,14,[3 7],30,35,49,5,35
1,<environment.Job instance at 0x7fdf4eaca320>,14,14,[1 6],15,40,54,25,40
1,<environment.Job instance at 0x7fdf4dd9eaa0>,28,15,[2 5],29,49,64,20,49
1,<environment.Job instance at 0x7fdf4e9308c0>,39,14,[5 1],40,49,63,9,49
1,<environment.Job instance at 0x7fdf4ecdde10>,40,14,[2 8],41,54,68,13,54
1,<environment.Job instance at 0x7fdf4e73baf0>,43,14,[5 2],44,63,77,19,63
1,<environment.Job instance at 0x7fdf4e930550>,46,15,[8 1],47,64,79,17,64
1,<environment.Job instance at 0x7fdf4dd9e820>,24,16,[2 5],25,68,84,43,68
1,<environment.Job instance at 0x7fdf4e919780>,47,13,[5 1],48,77,90,29,77
1,<environment.Job instance at 0x7fdf4e9307d0>,34,17,[2 9],35,79,96,44,79
1,<environment.Job instance at 0x7fdf4dda9780>,54,15,[5 5],55,84,99,29,84
1,<environment.Job instance at 0x7fdf4e930780>,37,17,[8 4],38,96,113,58,96
1,<environment.Job instance at 0x7fdf4ddac6e0>,66,14,[5 7],67,99,113,32,99
1,<environment.Job instance at 0x7fdf4d645280>,7,21,[4 5],8,10,31,2,10
1,<environment.Job instance at 0x7fdf4d645690>,8,16,[10  1],9,17,33,8,17
1,<environment.Job instance at 0x7fdf4d645870>,12,21,[8 4],13,33,54,20,27
1,<environment.Job instance at 0x7fdf4d6456e0>,11,28,[4 5],12,31,59,19,30
1,<environment.Job instance at 0x7fdf4e916500>,5,23,[3 6],6,33,56,27,32
1,<environment.Job instance at 0x7fdf4d645d20>,15,13,[13  4],16,59,72,43,43
1,<environment.Job instance at 0x7fdf4d645820>,10,18,[ 2 14],11,72,90,61,67
1,<environment.Job instance at 0x7fdf4d645140>,17,16,[ 5 14],18,90,106,72,83
1,<environment.Job instance at 0x7fdf4d645fa0>,18,15,[7 4],19,106,121,87,92
1,<environment.Job instance at 0x7fdf4e74e690>,19,14,[4 7],20,106,120,86,92
1,<environment.Job instance at 0x7fdf4db1d3c0>,4,19,[7 5],5,5,24,0,5
1,<environment.Job instance at 0x7fdf4e612230>,7,21,[4 5],8,8,29,0,8
1,<environment.Job instance at 0x7fdf4e9334b0>,19,14,[4 7],20,24,38,4,24
1,<environment.Job instance at 0x7fdf4e92fd70>,18,15,[7 4],19,29,44,10,29
1,<environment.Job instance at 0x7fdf4e933be0>,22,17,[6 5],23,38,55,15,38
1,<environment.Job instance at 0x7fdf4d761c30>,29,18,[2 5],30,38,56,8,38
1,<environment.Job instance at 0x7fdf4ddac5f0>,35,15,[9 4],36,55,70,19,55
1,<environment.Job instance at 0x7fdf4ddac0a0>,36,15,[4 7],37,56,71,19,56
1,<environment.Job instance at 0x7fdf4dda98c0>,47,15,[8 2],48,70,85,22,70
1,<environment.Job instance at 0x7fdf4d78d5a0>,52,16,[4 6],53,71,87,18,71
1,<environment.Job instance at 0x7fdf4db1d780>,8,16,[10  1],9,85,101,76,85
1,<environment.Job instance at 0x7fdf4e930af0>,60,16,[3 7],61,87,103,26,87
1,<environment.Job instance at 0x7fdf4ddd25a0>,51,16,[8 3],52,101,117,49,101
1,<environment.Job instance at 0x7fdf4e930730>,62,14,[5 7],63,103,117,40,103
1,<environment.Job instance at 0x7fdf4d3de550>,3,18,[4 5],4,4,22,0,4
1,<environment.Job instance at 0x7fdf4dcfc320>,5,13,[4 6],6,6,19,0,6
1,<environment.Job instance at 0x7fdf4d3dec30>,7,13,[ 5 12],8,22,35,14,10
1,<environment.Job instance at 0x7fdf4e117190>,13,16,[3 5],14,63,79,49,63
1,<environment.Job instance at 0x7fdf4e117fa0>,10,15,[ 5 11],11,79,94,68,69
1,<environment.Job instance at 0x7fdf4e1174b0>,15,23,[6 2],16,70,93,54,70
1,<environment.Job instance at 0x7fdf4e117b90>,17,13,[14  2],18,94,107,76,80
1,<environment.Job instance at 0x7fdf4e1176e0>,20,14,[9 5],21,107,121,86,93
1,<environment.Job instance at 0x7fdf4d6455f0>,0,14,[8 2],1,1,15,0,1
1,<environment.Job instance at 0x7fdf4dd58190>,3,18,[4 5],4,4,22,0,4
1,<environment.Job instance at 0x7fdf4d59a320>,13,16,[3 5],14,14,30,0,14
1,<environment.Job instance at 0x7fdf4d59ac80>,5,13,[4 6],6,22,35,16,22
1,<environment.Job instance at 0x7fdf4dc3dc30>,20,14,[9 5],21,30,44,9,30
1,<environment.Job instance at 0x7fdf4dc1e730>,27,12,[4 7],28,44,56,16,44
1,<environment.Job instance at 0x7fdf4dc1e7d0>,28,15,[6 4],29,44,59,15,44
1,<environment.Job instance at 0x7fdf4dc1e460>,29,17,[3 8],30,56,73,26,56
1,<environment.Job instance at 0x7fdf4dc48fa0>,24,17,[10  3],25,59,76,34,59
1,<environment.Job instance at 0x7fdf4dc431e0>,30,15,[ 5 10],31,73,88,42,73
1,<environment.Job instance at 0x7fdf4dd20410>,9,17,[10  4],10,76,93,66,76
1,<environment.Job instance at 0x7fdf4dc43dc0>,32,17,[ 2 10],33,88,105,55,88
1,<environment.Job instance at 0x7fdf4dd29550>,41,15,[5 5],42,93,108,51,93
1,<environment.Job instance at 0x7fdf4dc4f910>,35,17,[9 5],36,105,122,69,105
1,<environment.Job instance at 0x7fdf4dc22640>,43,18,[5 9],44,108,126,64,108
1,<environment.Job instance at 0x7fdf4dcce5a0>,3,13,[14  2],4,9,22,5,9
1,<environment.Job instance at 0x7fdf4dc9ba00>,9,14,[4 9],10,22,36,12,10
1,<environment.Job instance at 0x7fdf4dc9b9b0>,10,17,[10  3],11,22,39,11,21
1,<environment.Job instance at 0x7fdf4dc9b780>,12,18,[9 2],13,39,57,26,29
1,<environment.Job instance at 0x7fdf4dc9b7d0>,13,24,[9 1],14,57,81,43,54
1,<environment.Job instance at 0x7fdf4dcce7d0>,9,14,[4 9],10,10,24,0,10
1,<environment.Job instance at 0x7fdf4d89ad20>,10,17,[10  3],11,11,28,0,11
1,<environment.Job instance at 0x7fdf4dcca960>,15,16,[4 8],16,24,40,8,24
1,<environment.Job instance at 0x7fdf4dcb2280>,25,17,[4 6],26,28,45,2,28
1,<environment.Job instance at 0x7fdf4dcca500>,12,18,[9 2],13,40,58,27,40
1,<environment.Job instance at 0x7fdf4dcb2780>,33,14,[5 5],34,45,59,11,45
1,<environment.Job instance at 0x7fdf4dcb2730>,37,12,[1 8],38,45,57,7,45
1,<environment.Job instance at 0x7fdf4dcca7d0>,18,22,[1 8],19,57,79,38,57
1,<environment.Job instance at 0x7fdf4dcc4730>,39,13,[8 2],40,58,71,18,58
1,<environment.Job instance at 0x7fdf4dcb2c80>,27,21,[3 7],28,71,92,43,71
1,<environment.Job instance at 0x7fdf4dad7be0>,56,12,[9 3],57,80,92,23,80
1,<environment.Job instance at 0x7fdf4dad7b90>,64,12,[1 9],65,92,104,27,92
1,<environment.Job instance at 0x7fdf4e9ace10>,73,14,[7 3],74,92,106,18,92
1,<environment.Job instance at 0x7fdf4dcc4280>,47,14,[ 3 10],48,106,120,58,106
1,<environment.Job instance at 0x7fdf4e9acaa0>,78,19,[8 4],79,106,125,27,106
1,<environment.Job instance at 0x7fdf4d64c5a0>,0,12,[ 3 10],1,1,13,0,1
1,<environment.Job instance at 0x7fdf4d64cd20>,7,20,[4 9],8,13,33,5,10
1,<environment.Job instance at 0x7fdf4d4c1e60>,10,21,[8 3],11,12,33,1,12
1,<environment.Job instance at 0x7fdf4d64c320>,9,13,[ 3 14],10,43,56,33,43
1,<environment.Job instance at 0x7fdf4d4c1d20>,12,12,[ 4 12],13,56,68,43,45
1,<environment.Job instance at 0x7fdf4d4c17d0>,15,18,[6 1],16,45,63,29,45
1,<environment.Job instance at 0x7fdf4dac2190>,8,18,[7 2],9,63,81,54,52
1,<environment.Job instance at 0x7fdf4d4c15f0>,17,15,[4 9],18,68,83,50,65
1,<environment.Job instance at 0x7fdf4d4c1460>,14,17,[5 9],15,83,100,68,78
1,<environment.Job instance at 0x7fdf4d4c1af0>,16,24,[5 6],17,87,111,70,87
1,<environment.Job instance at 0x7fdf4d4c1140>,20,12,[5 9],21,100,112,79,87
1,<environment.Job instance at 0x7fdf4d9c65f0>,0,12,[ 3 10],1,1,13,0,1
1,<environment.Job instance at 0x7fdf4d9c6dc0>,8,18,[7 2],9,9,27,0,9
1,<environment.Job instance at 0x7fdf4de1e9b0>,7,20,[4 9],8,13,33,5,13
1,<environment.Job instance at 0x7fdf4de1e140>,15,18,[6 1],16,27,45,11,27
1,<environment.Job instance at 0x7fdf4dad7190>,20,12,[5 9],21,33,45,12,33
1,<environment.Job instance at 0x7fdf4dad7780>,23,12,[4 8],24,45,57,21,45
1,<environment.Job instance at 0x7fdf4dad7af0>,22,17,[6 3],23,45,62,22,45
1,<environment.Job instance at 0x7fdf4dad7050>,30,12,[5 7],31,57,69,26,57
1,<environment.Job instance at 0x7fdf4dad7d20>,32,17,[8 5],33,62,79,29,62
1,<environment.Job instance at 0x7fdf4dad77d0>,17,15,[4 9],18,69,84,51,69
1,<environment.Job instance at 0x7fdf4dad7cd0>,33,13,[10  5],34,79,92,45,79
1,<environment.Job instance at 0x7fdf4dcc49b0>,37,12,[3 5],38,84,96,46,84
1,<environment.Job instance at 0x7fdf4dcc4f50>,39,14,[6 2],40,92,106,52,92
1,<environment.Job instance at 0x7fdf4dcc48c0>,35,16,[5 8],36,92,108,56,92
1,<environment.Job instance at 0x7fdf4dcc40a0>,43,12,[5 5],44,106,118,62,106
1,<environment.Job instance at 0x7fdf4dcb2730>,47,14,[5 4],48,108,122,60,108
1,<environment.Job instance at 0x7fdf4dcc4140>,44,16,[4 6],45,108,124,63,108
1,<environment.Job instance at 0x7fdf4d7dab40>,9,25,[5 1],10,12,37,2,12
1,<environment.Job instance at 0x7fdf4e5b0a50>,14,16,[9 2],15,69,85,54,69
1,<environment.Job instance at 0x7fdf4e877e10>,2,22,[1 8],3,3,25,0,3
1,<environment.Job instance at 0x7fdf4e877230>,3,15,[3 7],4,4,19,0,4
1,<environment.Job instance at 0x7fdf4e877910>,4,15,[10  3],5,19,34,14,19
1,<environment.Job instance at 0x7fdf4ecf9730>,21,12,[1 7],22,25,37,3,25
1,<environment.Job instance at 0x7fdf4e938a00>,10,20,[2 5],11,25,45,14,25
1,<environment.Job instance at 0x7fdf4e877a00>,14,16,[9 2],15,34,50,19,34
1,<environment.Job instance at 0x7fdf4da02320>,20,22,[3 9],21,45,67,24,45
1,<environment.Job instance at 0x7fdf4e77ff50>,37,12,[7 5],38,50,62,12,50
1,<environment.Job instance at 0x7fdf4e6370f0>,29,14,[9 1],30,62,76,32,62
1,<environment.Job instance at 0x7fdf4e66cb40>,30,15,[2 5],31,62,77,31,62
1,<environment.Job instance at 0x7fdf4e1cf320>,42,12,[7 4],43,76,88,33,76
1,<environment.Job instance at 0x7fdf4d88dc80>,43,13,[6 3],44,76,89,32,76
1,<environment.Job instance at 0x7fdf4d88da50>,44,13,[1 7],45,77,90,32,77
1,<environment.Job instance at 0x7fdf4dcb7b40>,41,16,[6 1],42,88,104,46,88
1,<environment.Job instance at 0x7fdf4e1d7f00>,50,17,[8 3],51,89,106,38,89
1,<environment.Job instance at 0x7fdf4e1d7eb0>,48,18,[4 5],49,104,122,55,104
1,<environment.Job instance at 0x7fdf4e643a50>,51,14,[9 3],52,106,120,54,106
1,<environment.Job instance at 0x7fdf4e625d70>,1,15,[1 6],2,2,17,0,2
1,<environment.Job instance at 0x7fdf4e6259b0>,2,21,[2 6],3,3,24,0,3
1,<environment.Job instance at 0x7fdf4d896870>,13,16,[8 2],14,19,35,5,19
1,<environment.Job instance at 0x7fdf4e625960>,8,14,[12  4],9,35,49,26,25
1,<environment.Job instance at 0x7fdf4d896a00>,10,24,[14  1],11,65,89,54,65
1,<environment.Job instance at 0x7fdf4eb5cb40>,1,15,[1 6],2,2,17,0,2
1,<environment.Job instance at 0x7fdf4eb5caa0>,2,21,[2 6],3,3,24,0,3
1,<environment.Job instance at 0x7fdf4de53410>,6,20,[9 3],7,7,27,0,7
1,<environment.Job instance at 0x7fdf4de328c0>,17,22,[2 6],18,18,40,0,18
1,<environment.Job instance at 0x7fdf4de2fdc0>,15,14,[7 1],16,27,41,11,27
1,<environment.Job instance at 0x7fdf4de32690>,19,16,[5 5],20,27,43,7,27
1,<environment.Job instance at 0x7fdf4de2fb40>,13,16,[8 2],14,41,57,27,41
1,<environment.Job instance at 0x7fdf4de43910>,28,18,[1 8],29,41,59,12,41
1,<environment.Job instance at 0x7fdf4de2fb90>,18,17,[5 5],19,43,60,24,43
1,<environment.Job instance at 0x7fdf4de35c30>,22,17,[9 1],23,57,74,34,57
1,<environment.Job instance at 0x7fdf4e1b2d70>,42,14,[3 7],43,61,75,18,61
1,<environment.Job instance at 0x7fdf4ed613c0>,45,12,[8 5],46,75,87,29,75
1,<environment.Job instance at 0x7fdf4de20410>,36,18,[7 4],37,75,93,38,75
1,<environment.Job instance at 0x7fdf4e643a50>,33,18,[7 1],34,88,106,54,88
1,<environment.Job instance at 0x7fdf4e60f5f0>,47,19,[6 2],48,94,113,46,94
1,<environment.Job instance at 0x7fdf4dcb78c0>,40,21,[5 3],41,107,128,66,107
1,<environment.Job instance at 0x7fdf4ed90c80>,63,16,[1 9],64,107,123,43,107
1,<environment.Job instance at 0x7fdf4ebf1690>,3,22,[1 7],4,4,26,0,4
1,<environment.Job instance at 0x7fdf4ebf1960>,8,18,[14  2],9,9,27,0,9
1,<environment.Job instance at 0x7fdf4eb52640>,7,13,[ 1 12],8,26,39,18,25
1,<environment.Job instance at 0x7fdf4ebf1aa0>,9,18,[4 9],10,54,72,44,54
1,<environment.Job instance at 0x7fdf4e1cfeb0>,3,22,[1 7],4,4,26,0,4
1,<environment.Job instance at 0x7fdf4e6630a0>,13,12,[10  4],14,14,26,0,14
1,<environment.Job instance at 0x7fdf4e663050>,22,14,[5 7],23,26,40,3,26
1,<environment.Job instance at 0x7fdf4e663190>,16,14,[5 6],17,26,40,9,26
1,<environment.Job instance at 0x7fdf4e663af0>,29,13,[ 2 10],30,40,53,10,40
1,<environment.Job instance at 0x7fdf4ed90410>,38,16,[6 3],39,40,56,1,40
1,<environment.Job instance at 0x7fdf4e663c30>,28,20,[7 1],29,40,60,11,40
1,<environment.Job instance at 0x7fdf4e1cf050>,11,22,[1 9],12,53,75,41,53
1,<environment.Job instance at 0x7fdf4ed90730>,42,16,[6 1],43,56,72,13,56
1,<environment.Job instance at 0x7fdf4e663460>,14,17,[8 3],15,60,77,45,60
1,<environment.Job instance at 0x7fdf4e5e13c0>,47,17,[4 8],48,75,92,27,75
1,<environment.Job instance at 0x7fdf4dfef8c0>,54,12,[7 4],55,77,89,22,77
1,<environment.Job instance at 0x7fdf4ed615f0>,58,15,[3 6],59,89,104,30,89
1,<environment.Job instance at 0x7fdf4e663d20>,33,17,[10  1],34,92,109,58,92
1,<environment.Job instance at 0x7fdf4e66cb40>,53,15,[ 1 10],54,104,119,50,104
1,<environment.Job instance at 0x7fdf4e643a50>,64,18,[5 5],65,109,127,44,109
1,<environment.Job instance at 0x7fdf4d57ed20>,4,22,[3 5],5,5,27,0,5
1,<environment.Job instance at 0x7fdf4d57e280>,6,18,[3 8],7,7,25,0,7
1,<environment.Job instance at 0x7fdf4dc10f50>,10,15,[5 6],11,38,53,27,38
1,<environment.Job instance at 0x7fdf4d57ef00>,9,12,[ 1 13],10,53,65,43,38
1,<environment.Job instance at 0x7fdf4dc10b90>,17,14,[ 1 11],18,66,80,48,66
1,<environment.Job instance at 0x7fdf4dc10be0>,14,23,[ 1 13],15,80,103,65,74
1,<environment.Job instance at 0x7fdf4eada690>,31,21,[5 2],32,87,108,55,87
1,<environment.Job instance at 0x7fdf4eada370>,30,15,[ 4 12],31,103,118,72,89
1,<environment.Job instance at 0x7fdf4eada8c0>,37,20,[5 3],38,108,128,70,99
1,<environment.Job instance at 0x7fdf57307d70>,48,16,[7 3],49,118,134,69,105
1,<environment.Job instance at 0x7fdf4ebf1af0>,0,18,[1 6],1,1,19,0,1
1,<environment.Job instance at 0x7fdf4eb5ca00>,4,22,[3 5],5,5,27,0,5
1,<environment.Job instance at 0x7fdf4de33f50>,10,15,[5 6],11,19,34,8,19
1,<environment.Job instance at 0x7fdf4de33410>,6,18,[3 8],7,27,45,20,27
1,<environment.Job instance at 0x7fdf4d896500>,33,16,[1 5],34,34,50,0,34
1,<environment.Job instance at 0x7fdf4de4e320>,31,21,[5 2],32,34,55,2,34
1,<environment.Job instance at 0x7fdf4de40eb0>,25,19,[8 5],26,45,64,19,45
1,<environment.Job instance at 0x7fdf4e5ba280>,41,12,[1 9],42,55,67,13,55
1,<environment.Job instance at 0x7fdf4e663c30>,55,14,[8 3],56,64,78,8,64
1,<environment.Job instance at 0x7fdf4dca0460>,48,16,[7 3],49,67,83,18,67
1,<environment.Job instance at 0x7fdf4e663f00>,65,16,[2 6],66,78,94,12,78
1,<environment.Job instance at 0x7fdf4e663820>,70,14,[5 6],71,78,92,7,78
1,<environment.Job instance at 0x7fdf4e6636e0>,58,16,[10  4],59,92,108,33,92
1,<environment.Job instance at 0x7fdf4e643a50>,32,20,[3 6],33,94,114,61,94
1,<environment.Job instance at 0x7fdf4e1cffa0>,76,12,[5 1],77,108,120,31,108
1,<environment.Job instance at 0x7fdf4e1cf5f0>,74,13,[6 4],75,108,121,33,108
1,<environment.Job instance at 0x7fdf4d3a3910>,7,14,[5 6],8,8,22,0,8
1,<environment.Job instance at 0x7fdf4d653730>,2,15,[ 5 14],3,22,37,19,11
1,<environment.Job instance at 0x7fdf4e0c7870>,8,21,[14  2],9,54,75,45,54
1,<environment.Job instance at 0x7fdf4d713870>,7,14,[5 6],8,8,22,0,8
1,<environment.Job instance at 0x7fdf4d5b22d0>,11,12,[7 5],12,12,24,0,12
1,<environment.Job instance at 0x7fdf4d56fa50>,18,12,[3 9],19,22,34,3,22
1,<environment.Job instance at 0x7fdf4d56f910>,16,13,[6 3],17,24,37,7,24
1,<environment.Job instance at 0x7fdf4d56f5a0>,20,18,[2 9],21,34,52,13,34
1,<environment.Job instance at 0x7fdf4d56f460>,17,15,[10  3],18,37,52,19,37
1,<environment.Job instance at 0x7fdf4d845a50>,37,13,[5 8],38,52,65,14,52
1,<environment.Job instance at 0x7fdf4d479c80>,40,13,[5 5],41,52,65,11,52
1,<environment.Job instance at 0x7fdf4d929910>,38,16,[5 2],39,52,68,13,52
1,<environment.Job instance at 0x7fdf4d4e8190>,62,12,[9 4],63,65,77,2,65
1,<environment.Job instance at 0x7fdf4d4e8be0>,64,16,[4 9],65,68,84,3,68
1,<environment.Job instance at 0x7fdf4d5b2a00>,14,16,[10  5],15,78,94,63,78
1,<environment.Job instance at 0x7fdf4dc2ebe0>,58,17,[5 2],59,84,101,25,84
1,<environment.Job instance at 0x7fdf4e6b32d0>,70,14,[3 5],71,94,108,23,94
1,<environment.Job instance at 0x7fdf4e6b3730>,75,16,[5 1],76,101,117,25,101
1,<environment.Job instance at 0x7fdf4e6b39b0>,76,18,[5 9],77,101,119,24,101
1,<environment.Job instance at 0x7fdf572e2140>,0,21,[2 6],1,1,22,0,1
1,<environment.Job instance at 0x7fdf4ec8c050>,3,14,[1 7],4,4,18,0,4
1,<environment.Job instance at 0x7fdf4ec8c3c0>,4,14,[7 4],5,18,32,13,5
1,<environment.Job instance at 0x7fdf4ec8c550>,6,13,[2 7],7,22,35,15,7
1,<environment.Job instance at 0x7fdf4dfb3320>,9,20,[8 1],10,32,52,22,25
1,<environment.Job instance at 0x7fdf4e7480f0>,12,18,[11  5],13,52,70,39,43
1,<environment.Job instance at 0x7fdf572e9410>,16,26,[5 5],17,94,120,77,94
1,<environment.Job instance at 0x7fdf572e9c30>,17,28,[3 7],18,100,128,82,100
1,<environment.Job instance at 0x7fdf4dc2fcd0>,0,21,[2 6],1,1,22,0,1
1,<environment.Job instance at 0x7fdf4dc2f4b0>,3,14,[1 7],4,4,18,0,4
1,<environment.Job instance at 0x7fdf4dc2f050>,9,20,[8 1],10,10,30,0,10
1,<environment.Job instance at 0x7fdf4dc2fe60>,6,13,[2 7],7,18,31,11,18
1,<environment.Job instance at 0x7fdf4d4ba050>,14,17,[3 7],15,22,39,7,22
1,<environment.Job instance at 0x7fdf4d4ba190>,15,12,[7 2],16,31,43,15,31
1,<environment.Job instance at 0x7fdf4d4bac30>,22,16,[4 6],23,31,47,8,31
1,<environment.Job instance at 0x7fdf4dc2f140>,4,14,[7 4],5,43,57,38,43
1,<environment.Job instance at 0x7fdf4e6b3690>,31,13,[3 5],32,43,56,11,43
1,<environment.Job instance at 0x7fdf4e6b32d0>,33,13,[6 2],34,56,69,22,56
1,<environment.Job instance at 0x7fdf4e6b3e60>,35,14,[2 9],36,56,70,20,56
1,<environment.Job instance at 0x7fdf4d4e8b40>,38,16,[5 4],39,57,73,18,57
1,<environment.Job instance at 0x7fdf4d4e8eb0>,40,14,[5 2],41,70,84,29,70
1,<environment.Job instance at 0x7fdf4d4bab90>,13,16,[3 8],14,70,86,56,70
1,<environment.Job instance at 0x7fdf4dc2e2d0>,50,12,[5 5],51,73,85,22,73
1,<environment.Job instance at 0x7fdf4dc2e140>,48,18,[4 6],49,85,103,36,85
1,<environment.Job instance at 0x7fdf4e351820>,56,13,[8 2],57,86,99,29,86
1,<environment.Job instance at 0x7fdf4d479c80>,59,14,[5 6],60,99,113,39,99
1,<environment.Job instance at 0x7fdf4d479d20>,61,15,[9 3],62,103,118,41,103
1,<environment.Job instance at 0x7fd25097e6e0>,0,17,[6 1],1,1,18,0,1
1,<environment.Job instance at 0x7fd247334be0>,4,24,[7 2],5,5,29,0,5
1,<environment.Job instance at 0x7fd25097e8c0>,9,16,[12  1],10,29,45,19,17
1,<environment.Job instance at 0x7fd247338190>,13,13,[10  3],14,55,68,41,55
1,<environment.Job instance at 0x7fd247334f50>,10,15,[5 1],11,97,112,86,97
1,<environment.Job instance at 0x7fd247338280>,14,15,[14  4],15,112,127,97,99
1,<environment.Job instance at 0x7fd2473382d0>,15,20,[ 3 12],16,127,147,111,118
1,<environment.Job instance at 0x7fd247344aa0>,0,17,[6 1],1,1,18,0,1
1,<environment.Job instance at 0x7fd247334960>,2,20,[7 4],3,3,23,0,3
1,<environment.Job instance at 0x7fd24732caa0>,10,15,[5 1],11,18,33,7,18
1,<environment.Job instance at 0x7fd247804be0>,22,13,[7 4],23,23,36,0,23
1,<environment.Job instance at 0x7fd24732ccd0>,26,12,[8 5],27,33,45,6,33
1,<environment.Job instance at 0x7fd2474d59b0>,11,15,[6 1],12,36,51,24,36
1,<environment.Job instance at 0x7fd247459550>,35,16,[1 9],36,36,52,0,36
1,<environment.Job instance at 0x7fd2473d9eb0>,41,12,[8 3],42,45,57,3,45
1,<environment.Job instance at 0x7fd2474dc410>,43,16,[1 8],44,52,68,8,52
1,<environment.Job instance at 0x7fd24732cd70>,13,13,[10  3],14,57,70,43,57
1,<environment.Job instance at 0x7fd2473f6870>,49,13,[1 5],50,68,81,18,68
1,<environment.Job instance at 0x7fd2474a5f50>,24,20,[4 6],25,68,88,43,68
1,<environment.Job instance at 0x7fd24746bc30>,32,17,[9 3],33,70,87,37,70
1,<environment.Job instance at 0x7fd2473f6cd0>,54,13,[7 3],55,87,100,32,87
1,<environment.Job instance at 0x7fd2474deaa0>,63,12,[5 3],64,88,100,24,88
1,<environment.Job instance at 0x7fd2473f6730>,51,13,[5 6],52,100,113,48,100
1,<environment.Job instance at 0x7fd247440c80>,68,12,[7 1],69,100,112,31,100
1,<environment.Job instance at 0x7fd2474dce60>,46,14,[6 5],47,112,126,65,112
1,<environment.Job instance at 0x7fd247426230>,71,14,[4 9],72,113,127,41,113
1,<environment.Job instance at 0x7fd246a83870>,2,18,[7 4],3,3,21,0,3
1,<environment.Job instance at 0x7fd246a82190>,9,14,[13  2],10,21,35,11,14
1,<environment.Job instance at 0x7fd246a82cd0>,16,12,[5 4],17,35,47,18,18
1,<environment.Job instance at 0x7fd246a82eb0>,18,14,[6 5],19,35,49,16,21
1,<environment.Job instance at 0x7fd246a81f50>,32,12,[1 5],33,36,48,3,36
1,<environment.Job instance at 0x7fd246a81af0>,36,15,[ 2 10],37,48,63,11,38
1,<environment.Job instance at 0x7fd2473f6870>,2,18,[7 4],3,3,21,0,3
1,<environment.Job instance at 0x7fd246b27050>,10,21,[5 4],11,11,32,0,11
1,<environment.Job instance at 0x7fd246b59690>,16,12,[5 4],17,21,33,4,21
1,<environment.Job instance at 0x7fd246b59050>,13,17,[5 1],14,21,38,7,21
1,<environment.Job instance at 0x7fd246b60050>,21,13,[1 8],22,32,45,10,32
1,<environment.Job instance at 0x7fd246b5bf50>,32,12,[1 5],33,33,45,0,33
1,<environment.Job instance at 0x7fd246b59f00>,19,17,[8 2],20,38,55,18,38
1,<environment.Job instance at 0x7fd246b597d0>,18,14,[6 5],19,45,59,26,45
1,<environment.Job instance at 0x7fd246aec820>,36,15,[ 2 10],37,55,70,18,55
1,<environment.Job instance at 0x7fd246ae9960>,28,13,[10  5],29,59,72,30,59
1,<environment.Job instance at 0x7fd246affb90>,51,14,[ 5 10],52,70,84,18,70
1,<environment.Job instance at 0x7fd246b49fa0>,48,14,[6 3],49,72,86,23,72
1,<environment.Job instance at 0x7fd246aff050>,53,13,[5 7],54,84,97,30,84
1,<environment.Job instance at 0x7fd246af40f0>,59,16,[8 4],60,86,102,26,86
1,<environment.Job instance at 0x7fd246aff500>,52,17,[4 7],53,97,114,44,97
1,<environment.Job instance at 0x7fd246d53230>,67,16,[1 7],68,102,118,34,102
1,<environment.Job instance at 0x7fd2473f6d70>,5,21,[10  1],6,102,123,96,102
1,<environment.Job instance at 0x7fd246aec870>,35,17,[5 8],36,118,135,82,118
1,<environment.Job instance at 0x7fd2509a6fa0>,0,13,[2 7],1,1,14,0,1
1,<environment.Job instance at 0x7fd2509a6b90>,5,13,[9 2],6,6,19,0,6
1,<environment.Job instance at 0x7fd2509a6af0>,6,13,[4 5],7,7,20,0,7
1,<environment.Job instance at 0x7fd2509a6050>,12,13,[3 5],13,19,32,6,13
1,<environment.Job instance at 0x7fd2509a6960>,14,23,[1 8],15,20,43,5,15
1,<environment.Job instance at 0x7fd2468eb690>,17,27,[5 1],18,19,46,1,19
1,<environment.Job instance at 0x7fd2468ebeb0>,16,14,[3 5],17,32,46,15,24
1,<environment.Job instance at 0x7fd2509a6690>,9,14,[12  3],10,46,60,36,31
1,<environment.Job instance at 0x7fd2509a68c0>,4,12,[ 5 12],5,60,72,55,48
1,<environment.Job instance at 0x7fd2468eb2d0>,22,15,[14  1],23,72,87,49,58
1,<environment.Job instance at 0x7fd2468eb140>,28,13,[6 4],29,87,100,58,71
1,<environment.Job instance at 0x7fd2468eb820>,31,16,[6 3],32,87,103,55,74
1,<environment.Job instance at 0x7fd2468eba00>,33,13,[ 5 11],34,100,113,66,84
1,<environment.Job instance at 0x7fd24695afa0>,35,13,[8 3],36,103,116,67,87
1,<environment.Job instance at 0x7fd2468eb280>,32,13,[14  2],33,116,129,83,100
1,<environment.Job instance at 0x7fd24695a320>,46,17,[ 5 10],47,129,146,82,117
1,<environment.Job instance at 0x7fd2468eb190>,0,13,[2 7],1,1,14,0,1
1,<environment.Job instance at 0x7fd246b27280>,5,13,[9 2],6,6,19,0,6
1,<environment.Job instance at 0x7fd250aee4b0>,6,13,[4 5],7,7,20,0,7
1,<environment.Job instance at 0x7fd2509a6280>,12,13,[3 5],13,19,32,6,19
1,<environment.Job instance at 0x7fd2469cd640>,16,14,[3 5],17,19,33,2,19
1,<environment.Job instance at 0x7fd2468e2870>,28,13,[6 4],29,29,42,0,29
1,<environment.Job instance at 0x7fd2468e2320>,31,16,[6 3],32,32,48,0,32
1,<environment.Job instance at 0x7fd2468e20f0>,35,13,[8 3],36,42,55,6,42
1,<environment.Job instance at 0x7fd2468e29b0>,39,15,[3 6],40,48,63,8,48
1,<environment.Job instance at 0x7fd2468e2a50>,42,15,[5 8],43,55,70,12,55
1,<environment.Job instance at 0x7fd2468e2410>,38,17,[8 4],39,63,80,24,63
1,<environment.Job instance at 0x7fd2469cd690>,13,16,[5 8],14,70,86,56,70
1,<environment.Job instance at 0x7fd24696b690>,50,13,[8 4],51,80,93,29,80
1,<environment.Job instance at 0x7fd246936960>,58,12,[5 8],59,86,98,27,86
1,<environment.Job instance at 0x7fd246936fa0>,60,12,[5 5],61,93,105,32,93
1,<environment.Job instance at 0x7fd2469368c0>,59,13,[5 1],60,93,106,33,93
1,<environment.Job instance at 0x7fd246936c80>,64,18,[1 7],65,98,116,33,98
1,<environment.Job instance at 0x7fd2469367d0>,70,14,[7 1],71,105,119,34,105
1,<environment.Job instance at 0x7fd2469329b0>,74,12,[4 7],75,106,118,31,106
1,<environment.Job instance at 0x7fd246937410>,80,14,[3 7],81,118,132,37,118
1,<environment.Job instance at 0x7fd2468e2be0>,23,17,[10  2],24,119,136,95,119
1,<environment.Job instance at 0x7fd246fc55a0>,4,15,[ 3 13],5,6,21,1,6
1,<environment.Job instance at 0x7fd246fc5fa0>,8,16,[5 2],9,10,26,1,10
1,<environment.Job instance at 0x7fd246fc5550>,10,12,[ 1 10],11,21,33,10,11
1,<environment.Job instance at 0x7fd246fc5280>,9,22,[2 5],10,26,48,16,19
1,<environment.Job instance at 0x7fd247896e60>,27,19,[3 8],28,33,52,5,28
1,<environment.Job instance at 0x7fd247896730>,29,13,[1 7],30,48,61,18,37
1,<environment.Job instance at 0x7fd247896af0>,42,14,[4 5],43,52,66,9,43
1,<environment.Job instance at 0x7fd2478b1d20>,45,13,[5 6],46,61,74,15,47
1,<environment.Job instance at 0x7fd247896320>,44,13,[ 1 12],45,74,87,29,58
1,<environment.Job instance at 0x7fd2478b12d0>,56,13,[ 3 14],57,87,100,30,72
1,<environment.Job instance at 0x7fd2478b1690>,62,14,[ 3 13],63,100,114,37,87
1,<environment.Job instance at 0x7fd2478b1410>,54,13,[12  4],55,114,127,59,108
1,<environment.Job instance at 0x7fd2478b1b90>,64,13,[13  4],65,127,140,62,117
1,<environment.Job instance at 0x7fd247896640>,6,21,[ 5 10],7,7,28,0,7
1,<environment.Job instance at 0x7fd246ec3e10>,8,16,[5 2],9,9,25,0,9
1,<environment.Job instance at 0x7fd2477da3c0>,15,13,[5 5],16,25,38,9,25
1,<environment.Job instance at 0x7fd2479e3460>,10,12,[ 1 10],11,28,40,17,28
1,<environment.Job instance at 0x7fd24773ba00>,25,17,[7 4],26,38,55,12,38
1,<environment.Job instance at 0x7fd2477da730>,16,20,[7 1],17,38,58,21,38
1,<environment.Job instance at 0x7fd24773b280>,29,13,[1 7],30,40,53,10,40
1,<environment.Job instance at 0x7fd24773be10>,42,14,[4 5],43,55,69,12,55
1,<environment.Job instance at 0x7fd24773ba50>,39,16,[4 5],40,55,71,15,55
1,<environment.Job instance at 0x7fd246ec37d0>,9,22,[2 5],10,58,80,48,58
1,<environment.Job instance at 0x7fd246fc7e60>,69,13,[6 2],70,71,84,1,71
1,<environment.Job instance at 0x7fd2509a82d0>,45,13,[5 6],46,71,84,25,71
1,<environment.Job instance at 0x7fd2477d83c0>,71,12,[7 5],72,84,96,12,84
1,<environment.Job instance at 0x7fd2477d8870>,74,15,[2 6],75,84,99,9,84
1,<environment.Job instance at 0x7fd2477d8b90>,75,17,[10  4],76,97,114,21,97
1,<environment.Job instance at 0x7fd246fc76e0>,58,18,[5 5],59,100,118,41,100
1,<environment.Job instance at 0x7fd2477d8910>,87,15,[4 9],88,114,129,26,114
1,<environment.Job instance at 0x7fd2477d8a00>,89,12,[4 6],90,118,130,28,118
1,<environment.Job instance at 0x7fd247133a50>,7,16,[13  5],8,8,24,0,8
1,<environment.Job instance at 0x7fd247133690>,8,25,[5 3],9,38,63,29,38
1,<environment.Job instance at 0x7fd2471574b0>,11,17,[5 4],12,114,131,102,114
1,<environment.Job instance at 0x7fd247411c30>,9,12,[5 5],10,10,22,0,10
1,<environment.Job instance at 0x7fd247411b90>,11,17,[5 4],12,12,29,0,12
1,<environment.Job instance at 0x7fd2474113c0>,14,16,[4 6],15,15,31,0,15
1,<environment.Job instance at 0x7fd2477d8c80>,20,15,[3 5],21,22,37,1,22
1,<environment.Job instance at 0x7fd24718bb90>,16,16,[7 2],17,29,45,12,29
1,<environment.Job instance at 0x7fd2477d8dc0>,22,17,[5 5],23,31,48,8,31
1,<environment.Job instance at 0x7fd2477d80a0>,34,13,[5 5],35,45,58,10,45
1,<environment.Job instance at 0x7fd2477d85f0>,40,14,[9 5],41,48,62,7,48
1,<environment.Job instance at 0x7fd246fc7c80>,48,15,[1 7],49,58,73,9,58
1,<environment.Job instance at 0x7fd246fc78c0>,53,13,[1 6],54,62,75,8,62
1,<environment.Job instance at 0x7fd246fc7140>,49,14,[7 2],50,62,76,12,62
1,<environment.Job instance at 0x7fd246fc72d0>,56,13,[5 2],57,73,86,16,73
1,<environment.Job instance at 0x7fd246fc7eb0>,55,15,[1 6],56,75,90,19,75
1,<environment.Job instance at 0x7fd2477d8b40>,37,16,[9 4],38,76,92,38,76
1,<environment.Job instance at 0x7fd2509a8140>,62,18,[2 5],63,86,104,23,86
1,<environment.Job instance at 0x7fd24773b7d0>,70,15,[2 7],71,92,107,21,92
1,<environment.Job instance at 0x7fd24773b320>,73,14,[10  3],74,92,106,18,92
1,<environment.Job instance at 0x7fd24773be60>,71,16,[6 1],72,106,122,34,106
1,<environment.Job instance at 0x7fd247411320>,15,16,[1 9],16,107,123,91,107
1,<environment.Job instance at 0x7fd2477d83c0>,36,18,[6 3],37,107,125,70,107
1,<environment.Job instance at 0x7fd246dc9f00>,0,14,[5 1],1,1,15,0,1
1,<environment.Job instance at 0x7fd246dc9fa0>,4,14,[8 4],5,5,19,0,5
1,<environment.Job instance at 0x7fd246dc9af0>,6,21,[ 1 10],7,14,35,7,14
1,<environment.Job instance at 0x7fd246dc96e0>,14,19,[3 6],15,35,54,20,25
1,<environment.Job instance at 0x7fd246dc90f0>,16,15,[6 1],17,31,46,14,31
1,<environment.Job instance at 0x7fd246dc9eb0>,18,28,[3 6],19,35,63,16,34
1,<environment.Job instance at 0x7fd246dc9050>,17,13,[ 1 13],18,63,76,45,50
1,<environment.Job instance at 0x7fd246d686e0>,20,12,[2 8],21,76,88,55,59
1,<environment.Job instance at 0x7fd246d688c0>,24,13,[5 7],25,76,89,51,60
1,<environment.Job instance at 0x7fd246d6ad20>,42,12,[6 2],43,88,100,45,71
1,<environment.Job instance at 0x7fd246d68960>,28,12,[3 5],29,88,100,59,75
1,<environment.Job instance at 0x7fd246d6a230>,45,16,[6 2],46,89,105,43,78
1,<environment.Job instance at 0x7fd246d6a0f0>,52,12,[7 2],53,100,112,47,83
1,<environment.Job instance at 0x7fd246d6a5f0>,58,12,[ 5 11],59,105,117,46,88
1,<environment.Job instance at 0x7fd24778e140>,63,12,[9 1],64,112,124,48,105
1,<environment.Job instance at 0x7fd246dc9b90>,5,14,[11  2],6,124,138,118,115
1,<environment.Job instance at 0x7fd247133780>,0,14,[5 1],1,1,15,0,1
1,<environment.Job instance at 0x7fd24773bb90>,4,14,[8 4],5,5,19,0,5
1,<environment.Job instance at 0x7fd24773b2d0>,6,21,[ 1 10],7,7,28,0,7
1,<environment.Job instance at 0x7fd24773baf0>,20,12,[2 8],21,28,40,7,28
1,<environment.Job instance at 0x7fd24773b780>,21,13,[6 4],22,28,41,6,28
1,<environment.Job instance at 0x7fd24773b320>,16,15,[6 1],17,28,43,11,28
1,<environment.Job instance at 0x7fd2474113c0>,28,12,[3 5],29,40,52,11,40
1,<environment.Job instance at 0x7fd24773b3c0>,24,13,[5 7],25,41,54,16,41
1,<environment.Job instance at 0x7fd2478963c0>,8,14,[5 8],9,52,66,43,52
1,<environment.Job instance at 0x7fd247411690>,35,18,[3 7],36,54,72,18,54
1,<environment.Job instance at 0x7fd247411be0>,29,15,[1 8],30,66,81,36,66
1,<environment.Job instance at 0x7fd2474111e0>,40,17,[5 2],41,72,89,31,72
1,<environment.Job instance at 0x7fd247411500>,27,18,[8 3],28,72,90,44,72
1,<environment.Job instance at 0x7fd2474115f0>,42,12,[6 2],43,89,101,46,89
1,<environment.Job instance at 0x7fd247411d70>,26,14,[4 9],27,90,104,63,90
1,<environment.Job instance at 0x7fd2471b2e10>,49,16,[7 4],50,101,117,51,101
1,<environment.Job instance at 0x7fd246dc9550>,52,12,[7 2],53,104,116,51,104
1,<environment.Job instance at 0x7fd246d6a280>,46,16,[8 2],47,116,132,69,116
1,<environment.Job instance at 0x7fd246d6a7d0>,45,16,[6 2],46,117,133,71,117
1,<environment.Job instance at 0x7fd2471ae640>,1,17,[2 7],2,2,19,0,2
1,<environment.Job instance at 0x7fd246d94be0>,10,14,[9 2],11,11,25,0,11
1,<environment.Job instance at 0x7fd246d947d0>,18,12,[6 4],19,19,31,0,19
1,<environment.Job instance at 0x7fd246d94f00>,20,13,[1 8],21,25,38,4,25
1,<environment.Job instance at 0x7fd246d94960>,17,16,[5 2],18,25,41,7,25
1,<environment.Job instance at 0x7fd246d94190>,14,22,[5 4],15,31,53,16,31
1,<environment.Job instance at 0x7fd246d94d70>,24,18,[5 8],25,38,56,13,38
1,<environment.Job instance at 0x7fd246d94230>,28,12,[10  4],29,53,65,24,53
1,<environment.Job instance at 0x7fd246d671e0>,40,14,[2 7],41,56,70,15,56
1,<environment.Job instance at 0x7fd246d67500>,41,14,[5 7],42,65,79,23,65
1,<environment.Job instance at 0x7fd246d67e10>,39,15,[9 2],40,70,85,30,70
1,<environment.Job instance at 0x7fd247411190>,54,13,[4 5],55,79,92,24,79
1,<environment.Job instance at 0x7fd247411960>,59,18,[2 7],60,79,97,19,79
1,<environment.Job instance at 0x7fd246d67e60>,43,16,[6 2],44,85,101,41,85
1,<environment.Job instance at 0x7fd2479e3460>,64,16,[1 6],65,92,108,27,92
1,<environment.Job instance at 0x7fd2478b1f50>,68,14,[5 2],69,97,111,28,97
1,<environment.Job instance at 0x7fd2471338c0>,71,15,[6 3],72,101,116,29,101
1,<environment.Job instance at 0x7fd246d67370>,47,14,[2 9],48,108,122,60,108
1,<environment.Job instance at 0x7fd24773b0f0>,72,16,[9 3],73,116,132,43,116
1,<environment.Job instance at 0x7fd2504b4280>,11,17,[ 5 14],12,13,30,1,13
1,<environment.Job instance at 0x7fd246cb31e0>,0,18,[7 4],1,1,19,0,1
1,<environment.Job instance at 0x7fd2474117d0>,6,20,[2 9],7,7,27,0,7
1,<environment.Job instance at 0x7fd247411780>,14,20,[5 3],15,19,39,4,19
1,<environment.Job instance at 0x7fd247411c80>,20,16,[6 3],21,21,37,0,21
1,<environment.Job instance at 0x7fd246d67780>,31,20,[3 8],32,32,52,0,32
1,<environment.Job instance at 0x7fd246d67dc0>,30,14,[5 1],31,37,51,6,37
1,<environment.Job instance at 0x7fd246d67f50>,25,12,[10  2],26,51,63,25,51
1,<environment.Job instance at 0x7fd246d67fa0>,41,16,[3 9],42,52,68,10,52
1,<environment.Job instance at 0x7fd246d940a0>,56,12,[2 5],57,63,75,6,63
1,<environment.Job instance at 0x7fd246d94be0>,58,12,[9 1],59,63,75,4,63
1,<environment.Job instance at 0x7fd2471ae050>,64,14,[4 8],65,68,82,3,68
1,<environment.Job instance at 0x7fd24776b780>,68,13,[4 5],69,75,88,6,75
1,<environment.Job instance at 0x7fd2504b4460>,71,14,[10  4],72,83,97,11,83
1,<environment.Job instance at 0x7fd24705d820>,81,15,[2 7],82,88,103,6,88
1,<environment.Job instance at 0x7fd246d94cd0>,46,16,[1 8],47,97,113,50,97
1,<environment.Job instance at 0x7fd246d94f50>,47,16,[8 3],48,103,119,55,103
1,<environment.Job instance at 0x7fd24705d960>,82,17,[3 5],83,114,131,31,114
1,<environment.Job instance at 0x7fd24696b050>,96,12,[9 5],97,119,131,22,119
1,<environment.Job instance at 0x7fd246813780>,2,16,[6 3],3,3,19,0,3
1,<environment.Job instance at 0x7fd246fe7050>,4,21,[5 4],5,5,26,0,5
1,<environment.Job instance at 0x7fd246fe7d70>,5,16,[6 4],6,19,35,13,6
1,<environment.Job instance at 0x7fd246fe7eb0>,9,12,[5 4],10,26,38,16,10
1,<environment.Job instance at 0x7fd246feb5f0>,18,13,[7 1],19,35,48,16,19
1,<environment.Job instance at 0x7fd246feb550>,20,15,[9 1],21,48,63,27,34
1,<environment.Job instance at 0x7fd246feb690>,24,14,[ 5 13],25,38,52,13,34
1,<environment.Job instance at 0x7fd246fe7190>,14,18,[ 1 12],15,96,114,81,96
1,<environment.Job instance at 0x7fd246feb820>,34,18,[6 3],35,96,114,61,96
1,<environment.Job instance at 0x7fd246feb140>,38,13,[2 7],39,114,127,75,98
1,<environment.Job instance at 0x7fd246c79a00>,44,14,[1 6],45,114,128,69,101
1,<environment.Job instance at 0x7fd247407960>,58,15,[2 5],59,127,142,68,113
1,<environment.Job instance at 0x7fd247407050>,59,14,[3 7],60,128,142,68,113
1,<environment.Job instance at 0x7fd24696b140>,0,19,[4 5],1,1,20,0,1
1,<environment.Job instance at 0x7fd24696b640>,2,16,[6 3],3,3,19,0,3
1,<environment.Job instance at 0x7fd24696bd20>,4,21,[5 4],5,5,26,0,5
1,<environment.Job instance at 0x7fd24696b050>,9,12,[5 4],10,19,31,9,19
1,<environment.Job instance at 0x7fd2478b1d70>,18,13,[7 1],19,26,39,7,26
1,<environment.Job instance at 0x7fd24696baa0>,12,14,[8 4],13,31,45,18,31
1,<environment.Job instance at 0x7fd24696bb90>,5,16,[6 4],6,39,55,33,39
1,<environment.Job instance at 0x7fd24696bfa0>,11,13,[9 3],12,45,58,33,45
1,<environment.Job instance at 0x7fd24736f460>,31,13,[5 2],32,58,71,26,58
1,<environment.Job instance at 0x7fd247371be0>,38,13,[2 7],39,58,71,19,58
1,<environment.Job instance at 0x7fd24696bcd0>,16,16,[7 5],17,58,74,41,58
1,<environment.Job instance at 0x7fd2471fff50>,22,18,[8 1],23,71,89,48,71
1,<environment.Job instance at 0x7fd24739b6e0>,44,14,[1 6],45,74,88,29,74
1,<environment.Job instance at 0x7fd24736fd70>,34,18,[6 3],35,74,92,39,74
1,<environment.Job instance at 0x7fd24738eb90>,49,14,[6 1],50,90,104,40,90
1,<environment.Job instance at 0x7fd2479325f0>,20,15,[9 1],21,92,107,71,92
1,<environment.Job instance at 0x7fd246ec4eb0>,54,16,[2 5],55,104,120,49,104
1,<environment.Job instance at 0x7fd246ec40f0>,52,12,[10  4],53,108,120,55,108
1,<environment.Job instance at 0x7fd247379fa0>,58,15,[2 5],59,108,123,49,108
1,<environment.Job instance at 0x7fd2476e9aa0>,4,12,[3 7],5,5,17,0,5
1,<environment.Job instance at 0x7fd24760abe0>,4,12,[3 7],5,5,17,0,5
1,<environment.Job instance at 0x7fd247d54b90>,8,14,[5 7],9,9,23,0,9
1,<environment.Job instance at 0x7fd247637e10>,12,13,[9 3],13,17,30,4,17
1,<environment.Job instance at 0x7fd246fb2550>,14,13,[5 5],15,23,36,8,23
1,<environment.Job instance at 0x7fd247a6db90>,28,16,[10  1],29,30,46,1,30
1,<environment.Job instance at 0x7fd247a27870>,17,20,[4 9],18,36,56,18,36
1,<environment.Job instance at 0x7fd247d02c30>,38,15,[7 4],39,46,61,7,46
1,<environment.Job instance at 0x7fd247d02050>,39,14,[4 7],40,56,70,16,56
1,<environment.Job instance at 0x7fd247cccdc0>,42,17,[6 5],43,61,78,18,61
1,<environment.Job instance at 0x7fd246ec48c0>,55,15,[9 4],56,70,85,14,70
1,<environment.Job instance at 0x7fd246ec40f0>,56,15,[4 7],57,78,93,21,78
1,<environment.Job instance at 0x7fd24738eb90>,60,18,[5 5],61,85,103,24,85
1,<environment.Job instance at 0x7fd247371cd0>,67,15,[8 2],68,93,108,25,93
1,<environment.Job instance at 0x7fd247379e60>,49,18,[2 5],50,93,111,43,93
1,<environment.Job instance at 0x7fd247a6da00>,27,21,[4 5],28,103,124,75,103
1,<environment.Job instance at 0x7fd24736f730>,71,16,[8 3],72,108,124,36,108
1,<environment.Job instance at 0x7fd246edb140>,80,16,[3 7],81,111,127,30,111
1,<environment.Job instance at 0x7fd247623c80>,5,19,[3 8],6,6,25,0,6
1,<environment.Job instance at 0x7fd24791d050>,10,14,[8 2],11,11,25,0,11
1,<environment.Job instance at 0x7fd24791d6e0>,12,12,[ 4 14],13,25,37,12,19
1,<environment.Job instance at 0x7fd247623050>,9,22,[ 2 11],10,37,59,27,30
1,<environment.Job instance at 0x7fd24791d820>,13,18,[4 5],14,59,77,45,48
1,<environment.Job instance at 0x7fd24791d4b0>,15,13,[4 6],16,59,72,43,49
1,<environment.Job instance at 0x7fd24791d690>,14,18,[14  1],15,77,95,62,66
1,<environment.Job instance at 0x7fd24791daa0>,17,13,[ 5 12],18,98,111,80,98
1,<environment.Job instance at 0x7fd24791daf0>,16,15,[12  1],17,111,126,94,99
1,<environment.Job instance at 0x7fd24791dbe0>,19,17,[10  4],20,126,143,106,115
1,<environment.Job instance at 0x7fd24791dfa0>,20,15,[ 5 11],21,126,141,105,116
1,<environment.Job instance at 0x7fd25051ae10>,5,19,[3 8],6,6,25,0,6
1,<environment.Job instance at 0x7fd2476e9a50>,10,14,[8 2],11,11,25,0,11
1,<environment.Job instance at 0x7fd246edb140>,13,18,[4 5],14,14,32,0,14
1,<environment.Job instance at 0x7fd246edb190>,15,13,[4 6],16,25,38,9,25
1,<environment.Job instance at 0x7fd24739be10>,30,14,[9 5],31,32,46,1,32
1,<environment.Job instance at 0x7fd24736f3c0>,23,16,[3 5],24,38,54,14,38
1,<environment.Job instance at 0x7fd246ec4230>,37,12,[4 7],38,46,58,8,46
1,<environment.Job instance at 0x7fd246ec4dc0>,38,15,[6 4],39,54,69,15,54
1,<environment.Job instance at 0x7fd246ec4eb0>,40,15,[ 5 10],41,58,73,17,58
1,<environment.Job instance at 0x7fd24736f460>,19,17,[10  4],20,69,86,49,69
1,<environment.Job instance at 0x7fd2473792d0>,42,17,[ 2 10],43,73,90,30,73
1,<environment.Job instance at 0x7fd247cccf50>,51,15,[5 5],52,86,101,34,86
1,<environment.Job instance at 0x7fd246ec42d0>,39,17,[3 8],40,91,108,51,91
1,<environment.Job instance at 0x7fd247cc9b90>,45,17,[9 5],46,101,118,55,101
1,<environment.Job instance at 0x7fd2468c8d20>,58,18,[ 3 10],59,108,126,49,108
1,<environment.Job instance at 0x7fd247cf7f50>,63,16,[7 4],64,118,134,54,118
1,<environment.Job instance at 0x7fd247924aa0>,3,13,[14  2],4,18,31,14,18
1,<environment.Job instance at 0x7fd247924a00>,6,23,[14  4],7,31,54,24,30
1,<environment.Job instance at 0x7fd2479249b0>,11,13,[ 4 13],12,54,67,42,41
1,<environment.Job instance at 0x7fd247924be0>,10,17,[10  3],11,67,84,56,55
1,<environment.Job instance at 0x7fd247924190>,12,18,[9 2],13,93,111,80,93
1,<environment.Job instance at 0x7fd2465d1280>,9,14,[4 9],10,10,24,0,10
1,<environment.Job instance at 0x7fd2465d1aa0>,10,17,[10  3],11,11,28,0,11
1,<environment.Job instance at 0x7fd2465dc050>,15,16,[4 8],16,24,40,8,24
1,<environment.Job instance at 0x7fd2465e0a50>,25,17,[4 6],26,28,45,2,28
1,<environment.Job instance at 0x7fd2465d1af0>,12,18,[9 2],13,40,58,27,40
1,<environment.Job instance at 0x7fd2474d2230>,33,14,[5 5],34,45,59,11,45
1,<environment.Job instance at 0x7fd2476e3550>,37,12,[1 8],38,45,57,7,45
1,<environment.Job instance at 0x7fd2476eb9b0>,18,22,[1 8],19,57,79,38,57
1,<environment.Job instance at 0x7fd2474d4050>,39,13,[8 2],40,58,71,18,58
1,<environment.Job instance at 0x7fd2465e08c0>,27,21,[3 7],28,71,92,43,71
1,<environment.Job instance at 0x7fd247150550>,56,12,[9 3],57,80,92,23,80
1,<environment.Job instance at 0x7fd2476daf50>,64,12,[1 9],65,92,104,27,92
1,<environment.Job instance at 0x7fd2471485a0>,73,14,[7 3],74,92,106,18,92
1,<environment.Job instance at 0x7fd2476e4910>,47,14,[ 3 10],48,106,120,58,106
1,<environment.Job instance at 0x7fd247b81280>,78,19,[8 4],79,106,125,27,106
1,<environment.Job instance at 0x7fd247313550>,10,12,[5 9],11,11,23,0,11
1,<environment.Job instance at 0x7fd246786f00>,12,17,[6 3],13,13,30,0,13
1,<environment.Job instance at 0x7fd246786050>,17,22,[9 4],18,23,45,5,20
1,<environment.Job instance at 0x7fd247148280>,0,21,[8 3],1,1,22,0,1
1,<environment.Job instance at 0x7fd247946af0>,4,17,[5 9],5,5,22,0,5
1,<environment.Job instance at 0x7fd247313370>,13,12,[4 8],14,22,34,8,22
1,<environment.Job instance at 0x7fd247946f50>,12,17,[6 3],13,22,39,9,22
1,<environment.Job instance at 0x7fd246779280>,20,12,[5 7],21,34,46,13,34
1,<environment.Job instance at 0x7fd2467660a0>,22,17,[8 5],23,39,56,16,39
1,<environment.Job instance at 0x7fd2471504b0>,10,12,[5 9],11,46,58,35,46
1,<environment.Job instance at 0x7fd246766c80>,23,13,[10  5],24,56,69,32,56
1,<environment.Job instance at 0x7fd2467663c0>,27,12,[3 5],28,58,70,30,58
1,<environment.Job instance at 0x7fd246766820>,29,14,[6 2],30,69,83,39,69
1,<environment.Job instance at 0x7fd246766500>,25,16,[5 8],26,69,85,43,69
1,<environment.Job instance at 0x7fd2467668c0>,33,12,[5 5],34,83,95,49,83
1,<environment.Job instance at 0x7fd246797910>,37,14,[5 4],38,85,99,47,85
1,<environment.Job instance at 0x7fd2467662d0>,34,16,[4 6],35,85,101,50,85
1,<environment.Job instance at 0x7fd247946e10>,5,18,[6 1],6,95,113,89,95
1,<environment.Job instance at 0x7fd2467976e0>,39,12,[3 8],40,99,111,59,99
1,<environment.Job instance at 0x7fd246766b40>,21,18,[6 5],22,101,119,79,101
1,<environment.Job instance at 0x7fd247b7e140>,55,18,[1 9],56,111,129,55,111
1,<environment.Job instance at 0x7fd247b7efa0>,61,14,[9 3],62,119,133,57,119
1,<environment.Job instance at 0x7fd246f37280>,1,12,[1 7],2,2,14,0,2
1,<environment.Job instance at 0x7fd246f37e10>,7,14,[ 1 11],8,14,28,6,9
1,<environment.Job instance at 0x7fd246f37eb0>,9,14,[9 1],10,20,34,10,20
1,<environment.Job instance at 0x7fd246f37780>,6,25,[13  2],7,34,59,27,30
1,<environment.Job instance at 0x7fd246f37190>,10,15,[2 5],11,38,53,27,38
1,<environment.Job instance at 0x7fd2467e2e10>,24,13,[1 7],25,53,66,28,39
1,<environment.Job instance at 0x7fd246f37730>,22,12,[7 4],23,59,71,36,43
1,<environment.Job instance at 0x7fd2467e2b40>,43,23,[5 1],44,59,82,15,58
1,<environment.Job instance at 0x7fd247891910>,55,12,[ 4 12],56,71,83,15,61
1,<environment.Job instance at 0x7fd246797f50>,0,22,[3 9],1,1,23,0,1
1,<environment.Job instance at 0x7fd246797cd0>,9,14,[9 1],10,10,24,0,10
1,<environment.Job instance at 0x7fd246766e60>,10,15,[2 5],11,11,26,0,11
1,<environment.Job instance at 0x7fd246797be0>,1,12,[1 7],2,23,35,21,23
1,<environment.Job instance at 0x7fd246766370>,21,16,[6 1],22,24,40,2,24
1,<environment.Job instance at 0x7fd2467664b0>,17,12,[7 5],18,26,38,8,26
1,<environment.Job instance at 0x7fd246766320>,24,13,[1 7],25,35,48,10,35
1,<environment.Job instance at 0x7fd2467667d0>,22,12,[7 4],23,38,50,15,38
1,<environment.Job instance at 0x7fd2467662d0>,23,13,[6 3],24,40,53,16,40
1,<environment.Job instance at 0x7fd24678daa0>,31,14,[9 3],32,50,64,18,50
1,<environment.Job instance at 0x7fd2466ffd20>,39,15,[3 5],40,53,68,13,53
1,<environment.Job instance at 0x7fd24670fd70>,45,15,[ 1 10],46,64,79,18,64
1,<environment.Job instance at 0x7fd247356f50>,30,17,[8 3],31,68,85,37,68
1,<environment.Job instance at 0x7fd2479116e0>,60,17,[2 7],61,79,96,18,79
1,<environment.Job instance at 0x7fd24670f910>,44,18,[5 5],45,79,97,34,79
1,<environment.Job instance at 0x7fd247911960>,63,15,[ 4 10],64,96,111,32,96
1,<environment.Job instance at 0x7fd2479117d0>,68,17,[4 5],69,98,115,29,98
1,<environment.Job instance at 0x7fd246f47b90>,75,13,[8 1],76,111,124,35,111
1,<environment.Job instance at 0x7fd246f47730>,76,14,[1 6],77,111,125,34,111
1,<environment.Job instance at 0x7fd246f47050>,77,13,[6 3],78,115,128,37,115
1,<environment.Job instance at 0x7fd24791cf00>,2,20,[3 5],3,3,23,0,3
1,<environment.Job instance at 0x7fd24791ce10>,3,18,[7 1],4,4,22,0,4
1,<environment.Job instance at 0x7fd247394410>,13,17,[14  5],14,23,40,9,14
1,<environment.Job instance at 0x7fd2473940a0>,14,12,[11  5],15,40,52,25,24
1,<environment.Job instance at 0x7fd247397500>,33,16,[1 9],34,36,52,2,36
1,<environment.Job instance at 0x7fd247397f50>,36,12,[9 1],37,52,64,15,37
1,<environment.Job instance at 0x7fd2504f77d0>,19,12,[ 1 13],20,52,64,32,38
1,<environment.Job instance at 0x7fd247394280>,12,14,[3 7],13,64,78,51,49
1,<environment.Job instance at 0x7fd250520fa0>,43,24,[10  3],44,64,88,20,62
1,<environment.Job instance at 0x7fd2471e9be0>,52,15,[2 8],53,78,93,25,69
1,<environment.Job instance at 0x7fd247914d20>,66,12,[9 5],67,88,100,21,74
1,<environment.Job instance at 0x7fd2473672d0>,64,12,[ 2 13],65,100,112,35,85
1,<environment.Job instance at 0x7fd2476ab820>,60,21,[ 4 14],61,112,133,51,105
1,<environment.Job instance at 0x7fd2479d8140>,77,12,[1 9],78,133,145,55,116
1,<environment.Job instance at 0x7fd247d60e60>,2,20,[3 5],3,3,23,0,3
1,<environment.Job instance at 0x7fd247d60140>,3,18,[7 1],4,4,22,0,4
1,<environment.Job instance at 0x7fd246d05370>,9,22,[3 7],10,10,32,0,10
1,<environment.Job instance at 0x7fd246cfb960>,15,12,[8 5],16,23,35,7,23
1,<environment.Job instance at 0x7fd247517fa0>,12,14,[3 7],13,34,48,21,34
1,<environment.Job instance at 0x7fd246f30fa0>,6,18,[7 4],7,35,53,28,35
1,<environment.Job instance at 0x7fd247d53550>,33,16,[1 9],34,48,64,14,48
1,<environment.Job instance at 0x7fd246ea7820>,36,12,[9 1],37,53,65,16,53
1,<environment.Job instance at 0x7fd246ea87d0>,32,22,[5 5],33,53,75,20,53
1,<environment.Job instance at 0x7fd24669c5f0>,37,12,[ 5 10],38,65,77,27,65
1,<environment.Job instance at 0x7fd246ecde10>,50,15,[8 4],51,75,90,24,75
1,<environment.Job instance at 0x7fd24752cb40>,52,15,[2 8],53,77,92,24,77
1,<environment.Job instance at 0x7fd246eaca50>,39,16,[9 4],40,90,106,50,90
1,<environment.Job instance at 0x7fd246ecd230>,53,17,[2 7],54,92,109,38,92
1,<environment.Job instance at 0x7fd24740aaf0>,66,12,[9 5],67,107,119,40,107
1,<environment.Job instance at 0x7fd247dd8870>,72,14,[ 1 10],73,109,123,36,109
1,<environment.Job instance at 0x7fd247d6f3c0>,69,15,[7 3],70,119,134,49,119
1,<environment.Job instance at 0x7fd246ecda50>,2,16,[6 1],3,3,19,0,3
1,<environment.Job instance at 0x7fd247713280>,8,27,[ 1 10],9,10,37,1,10
1,<environment.Job instance at 0x7fd247dde280>,2,16,[6 1],3,3,19,0,3
1,<environment.Job instance at 0x7fd247df1960>,7,17,[4 8],8,8,25,0,8
1,<environment.Job instance at 0x7fd246ea55f0>,15,20,[4 6],16,16,36,0,16
1,<environment.Job instance at 0x7fd246ea5af0>,14,12,[7 4],15,25,37,10,25
1,<environment.Job instance at 0x7fd24740adc0>,30,13,[4 7],31,36,49,5,36
1,<environment.Job instance at 0x7fd24740a6e0>,33,15,[5 5],34,37,52,3,37
1,<environment.Job instance at 0x7fd246ea52d0>,13,15,[ 1 10],14,49,64,35,49
1,<environment.Job instance at 0x7fd247dd8870>,24,18,[5 5],25,52,70,27,52
1,<environment.Job instance at 0x7fd247725a50>,42,13,[6 3],43,64,77,21,64
1,<environment.Job instance at 0x7fd247dcc730>,18,15,[3 6],19,64,79,45,64
1,<environment.Job instance at 0x7fd24740ac30>,27,16,[5 6],28,70,86,42,70
1,<environment.Job instance at 0x7fd246ea7640>,51,12,[5 4],52,79,91,27,79
1,<environment.Job instance at 0x7fd2466915a0>,57,12,[9 2],58,86,98,28,86
1,<environment.Job instance at 0x7fd246eac960>,47,18,[1 8],48,86,104,38,86
1,<environment.Job instance at 0x7fd2466915f0>,56,16,[2 6],57,98,114,41,98
1,<environment.Job instance at 0x7fd246ece690>,36,14,[5 8],37,104,118,67,104
1,<environment.Job instance at 0x7fd247d70c80>,80,15,[5 6],81,114,129,33,114
1,<environment.Job instance at 0x7fd247d70dc0>,76,18,[3 8],77,119,137,42,119
1,<environment.Job instance at 0x7fd2469ece10>,5,14,[8 3],6,6,20,0,6
1,<environment.Job instance at 0x7fd24740d3c0>,2,17,[10  5],3,3,20,0,3
1,<environment.Job instance at 0x7fd247706230>,13,19,[ 5 10],14,14,33,0,14
1,<environment.Job instance at 0x7fd24740d4b0>,5,14,[8 3],6,20,34,14,20
1,<environment.Job instance at 0x7fd247706050>,24,13,[6 4],25,33,46,8,33
1,<environment.Job instance at 0x7fd247706690>,20,14,[5 6],21,34,48,13,34
1,<environment.Job instance at 0x7fd247d70730>,26,12,[5 1],27,46,58,19,46
1,<environment.Job instance at 0x7fd2477060a0>,15,16,[2 6],16,46,62,30,46
1,<environment.Job instance at 0x7fd247d70e60>,27,16,[7 4],28,48,64,20,48
1,<environment.Job instance at 0x7fd247d70500>,36,13,[5 5],37,62,75,25,62
1,<environment.Job instance at 0x7fd247d70a50>,39,14,[3 7],40,64,78,24,64
1,<environment.Job instance at 0x7fd247d70640>,25,15,[9 3],26,75,90,49,75
1,<environment.Job instance at 0x7fd246ecdf50>,40,18,[1 5],41,75,93,34,75
1,<environment.Job instance at 0x7fd246cf71e0>,48,17,[3 5],49,78,95,29,78
1,<environment.Job instance at 0x7fd246691460>,54,13,[10  4],55,90,103,35,90
1,<environment.Job instance at 0x7fd246ea8640>,56,12,[ 3 10],57,95,107,38,95
1,<environment.Job instance at 0x7fd246ea75a0>,58,12,[8 1],59,103,115,44,103
1,<environment.Job instance at 0x7fd246ece730>,71,12,[7 5],72,107,119,35,107
1,<environment.Job instance at 0x7fd247725960>,67,14,[5 6],68,115,129,47,115
1,<environment.Job instance at 0x7fd24740ac80>,76,13,[6 3],77,119,132,42,119
1,<environment.Job instance at 0x7fd2477ffd20>,2,12,[9 4],3,4,16,1,4
1,<environment.Job instance at 0x7fd2467e4870>,8,17,[9 1],9,16,33,7,12
1,<environment.Job instance at 0x7fd2477fff00>,9,13,[12  1],10,115,128,105,115
1,<environment.Job instance at 0x7fd24740de10>,3,19,[2 8],4,115,134,111,115
1,<environment.Job instance at 0x7fd2467e4af0>,10,14,[3 5],11,128,142,117,115
1,<environment.Job instance at 0x7fd2467e4e10>,15,16,[5 1],16,128,144,112,116
1,<environment.Job instance at 0x7fd2468540f0>,2,12,[9 4],3,3,15,0,3
1,<environment.Job instance at 0x7fd247618230>,3,19,[2 8],4,4,23,0,4
1,<environment.Job instance at 0x7fd247dde0f0>,10,14,[3 5],11,15,29,4,15
1,<environment.Job instance at 0x7fd246fc8870>,8,17,[9 1],9,15,32,6,15
1,<environment.Job instance at 0x7fd246fc89b0>,4,16,[4 9],5,29,45,24,29
1,<environment.Job instance at 0x7fd246ea55f0>,17,14,[9 2],18,32,46,14,32
1,<environment.Job instance at 0x7fd247df1a50>,15,16,[5 1],16,45,61,29,45
1,<environment.Job instance at 0x7fd246ea5be0>,21,13,[8 4],22,46,59,24,46
1,<environment.Job instance at 0x7fd247df75f0>,23,18,[1 6],24,46,64,22,46
1,<environment.Job instance at 0x7fd247dd8870>,29,13,[6 1],30,59,72,29,59
1,<environment.Job instance at 0x7fd247d662d0>,26,15,[8 3],27,61,76,34,61
1,<environment.Job instance at 0x7fd24740ad70>,37,16,[5 7],38,72,88,34,72
1,<environment.Job instance at 0x7fd246ea5320>,18,17,[8 4],19,76,93,57,76
1,<environment.Job instance at 0x7fd246ea7820>,53,14,[1 7],54,88,102,34,88
1,<environment.Job instance at 0x7fd24780e500>,56,13,[2 7],57,93,106,36,93
1,<environment.Job instance at 0x7fd246ea7190>,54,14,[7 4],55,103,117,48,103
1,<environment.Job instance at 0x7fd247d700f0>,63,16,[3 8],64,106,122,42,106
1,<environment.Job instance at 0x7fd247d70a50>,64,17,[3 7],65,117,134,52,117
1,<environment.Job instance at 0x7fd247a14b90>,1,14,[5 8],2,2,16,0,2
1,<environment.Job instance at 0x7fd2469c7050>,3,17,[7 1],4,4,21,0,4
1,<environment.Job instance at 0x7fd2469c7370>,5,12,[4 5],6,16,28,10,6
1,<environment.Job instance at 0x7fd246b789b0>,9,16,[7 2],10,21,37,11,10
1,<environment.Job instance at 0x7fd247021dc0>,10,21,[1 5],11,11,32,0,11
1,<environment.Job instance at 0x7fd246eac820>,15,12,[ 1 13],16,32,44,16,16
1,<environment.Job instance at 0x7fd2470215a0>,12,14,[ 2 10],13,44,58,31,29
1,<environment.Job instance at 0x7fd246562280>,28,14,[5 5],29,44,58,15,32
1,<environment.Job instance at 0x7fd2467bae60>,30,14,[4 9],31,58,72,27,56
1,<environment.Job instance at 0x7fd2467ba0f0>,31,14,[2 9],32,72,86,40,60
1,<environment.Job instance at 0x7fd24711f0f0>,17,22,[9 3],18,60,82,42,60
1,<environment.Job instance at 0x7fd2467ba140>,34,19,[13  2],35,82,101,47,73
1,<environment.Job instance at 0x7fd2467ba500>,32,19,[ 2 13],33,87,106,54,87
1,<environment.Job instance at 0x7fd24711f1e0>,16,15,[8 5],17,106,121,89,92
1,<environment.Job instance at 0x7fd247021af0>,11,27,[5 2],12,101,128,89,101
1,<environment.Job instance at 0x7fd246950c80>,38,19,[6 2],39,121,140,82,112
1,<environment.Job instance at 0x7fd247d70410>,1,14,[5 8],2,2,16,0,2
1,<environment.Job instance at 0x7fd247d70370>,3,17,[7 1],4,4,21,0,4
1,<environment.Job instance at 0x7fd247d70fa0>,10,21,[1 5],11,11,32,0,11
1,<environment.Job instance at 0x7fd247d70320>,5,12,[4 5],6,16,28,10,16
1,<environment.Job instance at 0x7fd246fc8910>,19,14,[8 4],20,21,35,1,21
1,<environment.Job instance at 0x7fd246fc8870>,20,13,[1 8],21,32,45,11,32
1,<environment.Job instance at 0x7fd2468541e0>,22,14,[7 4],23,35,49,12,35
1,<environment.Job instance at 0x7fd247d70dc0>,9,16,[7 2],10,35,51,25,35
1,<environment.Job instance at 0x7fd247313140>,28,14,[5 5],29,49,63,20,49
1,<environment.Job instance at 0x7fd246eaca00>,14,18,[2 7],15,49,67,34,49
1,<environment.Job instance at 0x7fd247df75f0>,16,15,[8 5],17,63,78,46,63
1,<environment.Job instance at 0x7fd247313fa0>,31,14,[2 9],32,67,81,35,67
1,<environment.Job instance at 0x7fd2473c4820>,47,15,[10  3],48,78,93,30,78
1,<environment.Job instance at 0x7fd247313cd0>,30,14,[4 9],31,81,95,50,81
1,<environment.Job instance at 0x7fd2473c4b40>,48,12,[8 1],49,94,106,45,94
1,<environment.Job instance at 0x7fd24668a0f0>,12,14,[ 2 10],13,96,110,83,96
1,<environment.Job instance at 0x7fd2473d7af0>,50,22,[5 4],51,96,118,45,96
1,<environment.Job instance at 0x7fd247216b90>,68,14,[6 3],69,111,125,42,111
1,<environment.Job instance at 0x7fd247393c80>,70,12,[8 5],71,118,130,47,118
1,<environment.Job instance at 0x7fd250704d70>,3,25,[5 3],4,4,29,0,4
1,<environment.Job instance at 0x7fd250ae6690>,7,15,[1 9],8,8,23,0,8
1,<environment.Job instance at 0x7fd247e2e730>,13,14,[3 8],14,23,37,9,14
1,<environment.Job instance at 0x7fd246a48c80>,12,19,[10  5],13,29,48,16,19
1,<environment.Job instance at 0x7fd247c2fd70>,10,17,[13  2],11,48,65,37,41
1,<environment.Job instance at 0x7fd247e2ec30>,17,12,[ 5 14],18,65,77,47,48
1,<environment.Job instance at 0x7fd24753df00>,18,14,[14  2],19,77,91,58,73
1,<environment.Job instance at 0x7fd24791ea00>,19,14,[ 2 10],20,91,105,71,79
1,<environment.Job instance at 0x7fd247d7ea00>,20,19,[8 1],21,91,110,70,83
1,<environment.Job instance at 0x7fd24791e870>,21,23,[12  3],22,110,133,88,106
1,<environment.Job instance at 0x7fd247d7e050>,22,17,[1 5],23,106,123,83,106
1,<environment.Job instance at 0x7fd2472dc320>,1,16,[5 7],2,2,18,0,2
1,<environment.Job instance at 0x7fd2472dc500>,4,17,[1 7],5,5,22,0,5
1,<environment.Job instance at 0x7fd2471e65f0>,13,14,[3 8],14,18,32,4,18
1,<environment.Job instance at 0x7fd2509081e0>,12,19,[10  5],13,22,41,9,22
1,<environment.Job instance at 0x7fd246fabe10>,19,14,[ 2 10],20,32,46,12,32
1,<environment.Job instance at 0x7fd246ae1280>,29,12,[9 4],30,41,53,11,41
1,<environment.Job instance at 0x7fd2509080a0>,7,15,[1 9],8,46,61,38,46
1,<environment.Job instance at 0x7fd246ae1730>,26,15,[2 6],27,53,68,26,53
1,<environment.Job instance at 0x7fd2473930a0>,32,14,[5 9],33,61,75,28,61
1,<environment.Job instance at 0x7fd247393780>,44,15,[8 4],45,68,83,23,68
1,<environment.Job instance at 0x7fd246ae1640>,22,17,[1 5],23,75,92,52,75
1,<environment.Job instance at 0x7fd246ae1050>,30,17,[4 6],31,75,92,44,75
1,<environment.Job instance at 0x7fd247b15500>,73,16,[8 2],74,83,99,9,83
1,<environment.Job instance at 0x7fd2477d8b40>,86,12,[5 2],87,92,104,5,92
1,<environment.Job instance at 0x7fd247313230>,82,13,[6 4],83,99,112,16,99
1,<environment.Job instance at 0x7fd246eaca00>,90,13,[9 1],91,104,117,13,104
1,<environment.Job instance at 0x7fd247a2d960>,93,15,[6 4],94,112,127,18,112
1,<environment.Job instance at 0x7fd247dd5690>,88,15,[9 1],89,118,133,29,118
1,<environment.Job instance at 0x7f5853d946e0>,0,17,[6 1],1,1,18,0,1
1,<environment.Job instance at 0x7f584a74abe0>,4,24,[7 2],5,5,29,0,5
1,<environment.Job instance at 0x7f584a74af50>,10,15,[5 1],11,18,33,7,12
1,<environment.Job instance at 0x7f584a74e0f0>,13,13,[10  3],14,29,42,15,21
1,<environment.Job instance at 0x7f5853d948c0>,9,16,[12  1],10,42,58,32,33
1,<environment.Job instance at 0x7f584a74e190>,12,28,[ 1 14],13,42,70,29,41
1,<environment.Job instance at 0x7f584a7897d0>,0,17,[6 1],1,1,18,0,1
1,<environment.Job instance at 0x7f584a74a960>,2,20,[7 4],3,3,23,0,3
1,<environment.Job instance at 0x7f584a742910>,10,15,[5 1],11,18,33,7,18
1,<environment.Job instance at 0x7f584a8ec3c0>,22,13,[7 4],23,23,36,0,23
1,<environment.Job instance at 0x7f584a86a2d0>,26,12,[8 5],27,33,45,6,33
1,<environment.Job instance at 0x7f584a7426e0>,11,15,[6 1],12,36,51,24,36
1,<environment.Job instance at 0x7f584a86faf0>,35,16,[1 9],36,36,52,0,36
1,<environment.Job instance at 0x7f584a7efe60>,41,12,[8 3],42,45,57,3,45
1,<environment.Job instance at 0x7f584a80cc30>,43,16,[1 8],44,52,68,8,52
1,<environment.Job instance at 0x7f584a742a50>,13,13,[10  3],14,57,70,43,57
1,<environment.Job instance at 0x7f584a80c7d0>,49,13,[1 5],50,68,81,18,68
1,<environment.Job instance at 0x7f584a881410>,24,20,[4 6],25,68,88,43,68
1,<environment.Job instance at 0x7f584a8f26e0>,32,17,[9 3],33,70,87,37,70
1,<environment.Job instance at 0x7f584a80caf0>,54,13,[7 3],55,87,100,32,87
1,<environment.Job instance at 0x7f584a7d5c30>,63,12,[5 3],64,88,100,24,88
1,<environment.Job instance at 0x7f584a80c550>,51,13,[5 6],52,100,113,48,100
1,<environment.Job instance at 0x7f584a80bf50>,68,12,[7 1],69,100,112,31,100
1,<environment.Job instance at 0x7f584a80ce10>,46,14,[6 5],47,112,126,65,112
1,<environment.Job instance at 0x7f584a80bb90>,71,14,[4 9],72,113,127,41,113
1,<environment.Job instance at 0x7f584a80beb0>,70,15,[8 4],71,126,141,55,126
1,<environment.Job instance at 0x7f584a80b7d0>,75,17,[7 1],76,127,144,51,127
1,<environment.Job instance at 0x7f5849e98b90>,3,17,[5 1],4,4,21,0,4
1,<environment.Job instance at 0x7f5849e98e10>,6,12,[5 4],7,7,19,0,7
1,<environment.Job instance at 0x7f5849e980a0>,8,14,[6 5],9,19,33,10,9
1,<environment.Job instance at 0x7f5849e983c0>,9,17,[8 2],10,21,38,11,10
1,<environment.Job instance at 0x7f5849e8feb0>,11,13,[1 8],12,12,25,0,12
1,<environment.Job instance at 0x7f5849e8f410>,13,14,[ 3 12],14,33,47,19,23
1,<environment.Job instance at 0x7f5849f7ac30>,21,28,[7 1],22,38,66,16,37
1,<environment.Job instance at 0x7f5849f7a500>,22,12,[1 5],23,47,59,24,37
1,<environment.Job instance at 0x7f5849e98d70>,5,17,[ 5 12],6,61,78,55,61
1,<environment.Job instance at 0x7f5849f7a690>,25,17,[5 8],26,78,95,52,66
1,<environment.Job instance at 0x7f5849f7a190>,26,15,[ 2 10],27,95,110,68,81
1,<environment.Job instance at 0x7f584a80c870>,0,21,[5 4],1,1,22,0,1
1,<environment.Job instance at 0x7f584a005af0>,3,17,[5 1],4,4,21,0,4
1,<environment.Job instance at 0x7f584a06ecd0>,6,12,[5 4],7,7,19,0,7
1,<environment.Job instance at 0x7f5849f72690>,11,13,[1 8],12,19,32,7,19
1,<environment.Job instance at 0x7f5849f755a0>,9,17,[8 2],10,21,38,11,21
1,<environment.Job instance at 0x7f5849f726e0>,8,14,[6 5],9,22,36,13,22
1,<environment.Job instance at 0x7f5849efefa0>,22,12,[1 5],23,32,44,9,32
1,<environment.Job instance at 0x7f5849f15b40>,25,17,[5 8],26,36,53,10,36
1,<environment.Job instance at 0x7f5849f05be0>,18,13,[10  5],19,44,57,25,44
1,<environment.Job instance at 0x7f5849f18eb0>,43,13,[5 7],44,53,66,9,53
1,<environment.Job instance at 0x7f5849f180a0>,38,14,[6 3],39,57,71,18,57
1,<environment.Job instance at 0x7f584a191280>,41,14,[ 5 10],42,66,80,24,66
1,<environment.Job instance at 0x7f5849f1cdc0>,49,16,[8 4],50,71,87,21,71
1,<environment.Job instance at 0x7f5849f157d0>,26,15,[ 2 10],27,80,95,53,80
1,<environment.Job instance at 0x7f5849f21780>,63,15,[9 5],64,87,102,23,87
1,<environment.Job instance at 0x7f584a0e72d0>,57,16,[1 7],58,96,112,38,96
1,<environment.Job instance at 0x7f5849f66d70>,56,17,[9 2],57,103,120,46,103
1,<environment.Job instance at 0x7f584a0610a0>,42,17,[4 7],43,112,129,69,112
1,<environment.Job instance at 0x7f584a092aa0>,68,14,[7 1],69,121,135,52,121
1,<environment.Job instance at 0x7f5849f53a00>,73,15,[6 1],74,129,144,55,129
1,<environment.Job instance at 0x7f5849f53d20>,72,22,[2 8],73,129,151,56,129
1,<environment.Job instance at 0x7f5849d87a00>,4,27,[1 5],5,8,35,3,8
1,<environment.Job instance at 0x7f5849ef3640>,8,13,[6 4],9,9,22,0,9
1,<environment.Job instance at 0x7f5849ef3730>,12,13,[14  2],13,22,35,9,13
1,<environment.Job instance at 0x7f5849ef3690>,11,16,[6 3],12,35,51,23,22
1,<environment.Job instance at 0x7f5849ef3af0>,13,13,[ 5 11],14,35,48,21,30
1,<environment.Job instance at 0x7f5849ef3870>,7,17,[10  4],8,51,68,43,39
1,<environment.Job instance at 0x7f5849ef3be0>,17,20,[5 8],18,48,68,30,40
1,<environment.Job instance at 0x7f5849ef31e0>,18,17,[8 4],19,68,85,49,56
1,<environment.Job instance at 0x7f5849ef3a50>,22,15,[5 8],23,68,83,45,56
1,<environment.Job instance at 0x7f5849ef39b0>,23,20,[ 4 10],24,83,103,59,77
1,<environment.Job instance at 0x7f5849dcff50>,26,17,[ 5 10],27,110,127,83,110
1,<environment.Job instance at 0x7f5849dcf2d0>,30,13,[8 4],31,114,127,83,114
1,<environment.Job instance at 0x7f5849dcf550>,31,14,[12  2],32,127,141,95,114
1,<environment.Job instance at 0x7f5849ef3280>,21,26,[2 8],22,127,153,105,126
1,<environment.Job instance at 0x7f5849f53b40>,3,17,[10  2],4,4,21,0,4
1,<environment.Job instance at 0x7f5849ef3410>,8,13,[6 4],9,21,34,12,21
1,<environment.Job instance at 0x7f5849d38b90>,15,13,[8 3],16,21,34,5,21
1,<environment.Job instance at 0x7f5849d4f140>,19,15,[3 6],20,34,49,14,34
1,<environment.Job instance at 0x7f5849db4e10>,22,15,[5 8],23,34,49,11,34
1,<environment.Job instance at 0x7f5849db4320>,30,13,[8 4],31,49,62,18,49
1,<environment.Job instance at 0x7f5849da39b0>,38,12,[5 8],39,49,61,10,49
1,<environment.Job instance at 0x7f5849da3fa0>,39,13,[5 1],40,61,74,21,61
1,<environment.Job instance at 0x7f5849da3f00>,40,12,[5 5],41,62,74,21,62
1,<environment.Job instance at 0x7f5849ef7d70>,11,16,[6 3],12,74,90,62,74
1,<environment.Job instance at 0x7f5849db4e60>,26,17,[ 5 10],27,74,91,47,74
1,<environment.Job instance at 0x7f5849d83e60>,50,14,[7 1],51,90,104,39,90
1,<environment.Job instance at 0x7f5849d831e0>,54,12,[4 7],55,91,103,36,91
1,<environment.Job instance at 0x7f5849da3870>,44,18,[1 7],45,91,109,46,91
1,<environment.Job instance at 0x7f5849d83be0>,60,14,[3 7],61,103,117,42,103
1,<environment.Job instance at 0x7f5849f53910>,7,17,[10  4],8,109,126,101,109
1,<environment.Job instance at 0x7f5849db2e60>,74,12,[2 7],75,117,129,42,117
1,<environment.Job instance at 0x7f5849d4f2d0>,18,17,[8 4],19,127,144,108,127
1,<environment.Job instance at 0x7f5849db27d0>,72,13,[2 9],73,129,142,56,129
1,<environment.Job instance at 0x7f584a8c1820>,7,24,[2 7],8,8,32,0,8
1,<environment.Job instance at 0x7f584a8c1b90>,9,16,[4 5],10,11,27,1,11
1,<environment.Job instance at 0x7f584a8c1a50>,12,14,[4 5],13,27,41,14,19
1,<environment.Job instance at 0x7f584a8c1d20>,14,13,[ 1 12],15,41,54,26,25
1,<environment.Job instance at 0x7f584a8c1910>,10,27,[14  3],11,57,84,46,57
1,<environment.Job instance at 0x7f584abf51e0>,26,13,[ 3 14],27,84,97,57,68
1,<environment.Job instance at 0x7f584abf56e0>,36,23,[2 8],37,97,120,60,95
1,<environment.Job instance at 0x7f584abf57d0>,29,24,[13  3],30,102,126,72,102
1,<environment.Job instance at 0x7f584abf5eb0>,34,13,[13  4],35,126,139,91,110
1,<environment.Job instance at 0x7f584abf5460>,39,13,[6 2],40,139,152,99,123
1,<environment.Job instance at 0x7f5849d3b8c0>,2,18,[10  5],3,3,21,0,3
1,<environment.Job instance at 0x7f584a1290f0>,9,16,[4 5],10,10,26,0,10
1,<environment.Job instance at 0x7f584a165eb0>,15,13,[5 6],16,21,34,5,21
1,<environment.Job instance at 0x7f584a165cd0>,12,14,[4 5],13,26,40,13,26
1,<environment.Job instance at 0x7f584a3dd820>,28,18,[5 5],29,34,52,5,34
1,<environment.Job instance at 0x7f584a3dc460>,39,13,[6 2],40,40,53,0,40
1,<environment.Job instance at 0x7f584a462140>,44,15,[2 6],45,45,60,0,45
1,<environment.Job instance at 0x7f584a462aa0>,41,12,[7 5],42,52,64,10,52
1,<environment.Job instance at 0x7f5849d5d7d0>,57,15,[4 9],58,60,75,2,60
1,<environment.Job instance at 0x7f5849d5d730>,59,12,[4 6],60,64,76,4,64
1,<environment.Job instance at 0x7f5853dbc7d0>,66,15,[2 6],67,75,90,8,75
1,<environment.Job instance at 0x7f5853dbc280>,67,14,[8 4],68,76,90,8,76
1,<environment.Job instance at 0x7f5853dbc230>,65,18,[5 5],66,76,94,10,76
1,<environment.Job instance at 0x7f5853dbce60>,72,13,[10  4],73,90,103,17,90
1,<environment.Job instance at 0x7f5853dbcfa0>,70,15,[5 2],71,95,110,24,95
1,<environment.Job instance at 0x7f584a462d20>,45,17,[10  4],46,104,121,58,104
1,<environment.Job instance at 0x7f584a774550>,77,15,[ 4 10],78,110,125,32,110
1,<environment.Job instance at 0x7f584a25f870>,81,14,[5 3],82,121,135,39,121
1,<environment.Job instance at 0x7f584a165140>,20,20,[4 9],21,126,146,105,126
1,<environment.Job instance at 0x7f584b260050>,3,19,[7 5],4,7,26,3,7
1,<environment.Job instance at 0x7f584a116d20>,13,13,[1 6],14,14,27,0,14
1,<environment.Job instance at 0x7f584a1160a0>,15,15,[1 6],16,26,41,10,17
1,<environment.Job instance at 0x7f584a119370>,16,13,[5 2],17,18,31,1,18
1,<environment.Job instance at 0x7f584a119c30>,19,25,[13  4],20,31,56,11,28
1,<environment.Job instance at 0x7f584ab6dbe0>,0,14,[9 5],1,1,15,0,1
1,<environment.Job instance at 0x7f584a2ac6e0>,8,15,[1 7],9,9,24,0,9
1,<environment.Job instance at 0x7f584a2ac410>,13,13,[1 6],14,15,28,1,15
1,<environment.Job instance at 0x7f584a2acf50>,9,14,[7 2],10,15,29,5,15
1,<environment.Job instance at 0x7f584a2ac500>,16,13,[5 2],17,24,37,7,24
1,<environment.Job instance at 0x7f584a2ac2d0>,15,15,[1 6],16,28,43,12,28
1,<environment.Job instance at 0x7f584a204410>,22,18,[2 5],23,28,46,5,28
1,<environment.Job instance at 0x7f584a2ac050>,6,21,[8 4],7,37,58,30,37
1,<environment.Job instance at 0x7f584a25f5a0>,30,15,[2 7],31,46,61,15,46
1,<environment.Job instance at 0x7f584a25f2d0>,33,14,[10  3],34,58,72,24,58
1,<environment.Job instance at 0x7f584a25f6e0>,39,14,[ 3 10],40,61,75,21,61
1,<environment.Job instance at 0x7f584a25ff00>,40,13,[4 5],41,72,85,31,72
1,<environment.Job instance at 0x7f584a25feb0>,31,16,[6 1],32,75,91,43,75
1,<environment.Job instance at 0x7f584a25f280>,42,16,[1 5],43,75,91,32,75
1,<environment.Job instance at 0x7f584a25f690>,34,18,[4 7],35,85,103,50,85
1,<environment.Job instance at 0x7f5853dbcfa0>,48,13,[10  1],49,91,104,42,91
1,<environment.Job instance at 0x7f5849d5d230>,59,14,[1 7],60,103,117,43,103
1,<environment.Job instance at 0x7f5849d5de10>,60,18,[7 5],61,104,122,43,104
1,<environment.Job instance at 0x7f584a204190>,17,16,[ 2 10],18,117,133,99,117
1,<environment.Job instance at 0x7f584a462a00>,75,18,[2 5],76,122,140,46,122
1,<environment.Job instance at 0x7f584a19b870>,2,12,[7 2],3,3,15,0,3
1,<environment.Job instance at 0x7f584a19baa0>,8,12,[ 5 11],9,13,25,4,13
1,<environment.Job instance at 0x7f584a19bd20>,13,12,[9 1],14,15,27,1,14
1,<environment.Job instance at 0x7f584a19b3c0>,9,25,[5 1],10,26,51,16,26
1,<environment.Job instance at 0x7f584a19b1e0>,10,22,[10  1],11,43,65,32,43
1,<environment.Job instance at 0x7f584a19b780>,14,15,[14  4],15,65,80,50,51
1,<environment.Job instance at 0x7f584abcd690>,28,14,[6 5],29,80,94,51,67
1,<environment.Job instance at 0x7f584a8b59b0>,37,15,[4 7],38,80,95,42,74
1,<environment.Job instance at 0x7f584a8b5780>,38,12,[1 7],39,94,106,55,81
1,<environment.Job instance at 0x7f584a1e8190>,50,15,[5 5],51,95,110,44,89
1,<environment.Job instance at 0x7f584a1195f0>,2,12,[7 2],3,3,15,0,3
1,<environment.Job instance at 0x7f5853dca280>,5,18,[ 2 10],6,6,24,0,6
1,<environment.Job instance at 0x7f584a462230>,13,12,[9 1],14,15,27,1,15
1,<environment.Job instance at 0x7f5853dbcfa0>,22,16,[5 4],23,24,40,1,24
1,<environment.Job instance at 0x7f584a462be0>,15,17,[10  1],16,27,44,11,27
1,<environment.Job instance at 0x7f584abb2be0>,37,15,[4 7],38,40,55,2,40
1,<environment.Job instance at 0x7f584a19b5a0>,38,12,[1 7],39,40,52,1,40
1,<environment.Job instance at 0x7f584a462550>,10,22,[10  1],11,44,66,33,44
1,<environment.Job instance at 0x7f584b2ada00>,40,16,[1 7],41,52,68,11,52
1,<environment.Job instance at 0x7f584a774f00>,26,17,[3 5],27,55,72,28,55
1,<environment.Job instance at 0x7f584aba0320>,28,14,[6 5],29,68,82,39,68
1,<environment.Job instance at 0x7f584a8894b0>,50,15,[5 5],51,68,83,17,68
1,<environment.Job instance at 0x7f584a8899b0>,61,13,[5 6],62,82,95,20,82
1,<environment.Job instance at 0x7f584a889190>,69,13,[5 8],70,83,96,13,83
1,<environment.Job instance at 0x7f584b2ad230>,39,17,[8 4],40,95,112,55,95
1,<environment.Job instance at 0x7f584b2ad190>,49,16,[ 4 10],50,96,112,46,96
1,<environment.Job instance at 0x7f584af32be0>,80,14,[9 2],81,112,126,31,112
1,<environment.Job instance at 0x7f584a5c1320>,88,12,[6 4],89,112,124,23,112
1,<environment.Job instance at 0x7f584a5c11e0>,90,13,[1 8],91,124,137,33,124
1,<environment.Job instance at 0x7f584a5c1c80>,87,16,[5 2],88,124,140,36,124
1,<environment.Job instance at 0x7f584a889af0>,55,18,[6 4],56,127,145,71,127
1,<environment.Job instance at 0x7f584abe31e0>,4,16,[1 6],5,5,21,0,5
1,<environment.Job instance at 0x7f584b2afcd0>,4,16,[1 6],5,5,21,0,5
1,<environment.Job instance at 0x7f584b2af910>,8,14,[5 2],9,9,23,0,9
1,<environment.Job instance at 0x7f584b2af5f0>,11,15,[6 3],12,12,27,0,12
1,<environment.Job instance at 0x7f584a5c1f00>,17,17,[ 1 10],18,21,38,3,21
1,<environment.Job instance at 0x7f584a5c1500>,26,14,[7 3],27,27,41,0,27
1,<environment.Job instance at 0x7f584a8893c0>,35,12,[5 5],36,38,50,2,38
1,<environment.Job instance at 0x7f584a5c1f50>,21,15,[5 4],22,41,56,19,41
1,<environment.Job instance at 0x7f584a5c1fa0>,15,22,[5 5],16,41,63,25,41
1,<environment.Job instance at 0x7f584a889550>,42,13,[10  5],43,56,69,13,56
1,<environment.Job instance at 0x7f584a889f50>,37,19,[1 8],38,63,82,25,63
1,<environment.Job instance at 0x7f584a889370>,41,14,[8 3],42,69,83,27,69
1,<environment.Job instance at 0x7f584a5d7e10>,80,16,[6 3],81,82,98,1,82
1,<environment.Job instance at 0x7f584b2afb40>,12,16,[9 3],13,83,99,70,83
1,<environment.Job instance at 0x7f584a88e4b0>,85,12,[10  2],86,99,111,13,99
1,<environment.Job instance at 0x7f5853c82910>,90,14,[5 1],91,99,113,8,99
1,<environment.Job instance at 0x7f584a151eb0>,101,16,[3 9],102,112,128,10,112
1,<environment.Job instance at 0x7f584a8890a0>,39,17,[8 3],40,113,130,73,113
1,<environment.Job instance at 0x7f5853e195a0>,106,16,[1 8],107,128,144,21,128
1,<environment.Job instance at 0x7f5849f46be0>,102,22,[5 2],103,128,150,25,128
1,<environment.Job instance at 0x7f584b2c1820>,11,15,[2 7],12,12,27,0,12
1,<environment.Job instance at 0x7f584af27410>,14,27,[5 2],15,15,42,0,15
1,<environment.Job instance at 0x7f584b2c1be0>,16,17,[13  3],17,45,62,28,45
1,<environment.Job instance at 0x7f5849ff7eb0>,1,14,[10  4],2,2,16,0,2
1,<environment.Job instance at 0x7f584a1515f0>,11,15,[2 7],12,12,27,0,12
1,<environment.Job instance at 0x7f584a4622d0>,12,17,[3 5],13,16,33,3,16
1,<environment.Job instance at 0x7f584a889af0>,26,12,[9 5],27,27,39,0,27
1,<environment.Job instance at 0x7f584a8890a0>,30,16,[5 4],31,33,49,2,33
1,<environment.Job instance at 0x7f584a8892d0>,25,14,[10  1],26,39,53,13,39
1,<environment.Job instance at 0x7f584a889d20>,32,12,[5 2],33,49,61,16,49
1,<environment.Job instance at 0x7f584a889140>,34,12,[7 2],35,53,65,18,53
1,<environment.Job instance at 0x7f584a462be0>,21,21,[2 9],22,53,74,31,53
1,<environment.Job instance at 0x7f584af27c80>,37,12,[7 2],38,65,77,27,65
1,<environment.Job instance at 0x7f584a548c30>,47,17,[6 2],48,65,82,17,65
1,<environment.Job instance at 0x7f584a548b90>,46,13,[8 4],47,77,90,30,77
1,<environment.Job instance at 0x7f584a5486e0>,52,16,[6 3],53,82,98,29,82
1,<environment.Job instance at 0x7f584a36e9b0>,55,16,[6 4],56,90,106,34,90
1,<environment.Job instance at 0x7f584a36ee60>,59,12,[5 4],60,98,110,38,98
1,<environment.Job instance at 0x7f584a36e820>,61,13,[9 3],62,106,119,44,106
1,<environment.Job instance at 0x7f584a5489b0>,48,16,[6 5],49,110,126,61,110
1,<environment.Job instance at 0x7f584a36e7d0>,62,14,[8 4],63,119,133,56,119
1,<environment.Job instance at 0x7f584a36e140>,68,13,[7 1],69,126,139,57,126
1,<environment.Job instance at 0x7f5849a10820>,4,15,[5 5],5,5,20,0,5
1,<environment.Job instance at 0x7f5849a10be0>,8,28,[1 7],9,10,38,1,10
1,<environment.Job instance at 0x7f5849a10dc0>,9,24,[5 1],10,11,35,1,11
1,<environment.Job instance at 0x7f5849a10b40>,11,12,[ 3 14],12,38,50,26,21
1,<environment.Job instance at 0x7f5849a10a00>,14,18,[9 1],15,21,39,6,21
1,<environment.Job instance at 0x7f5849a107d0>,7,22,[10  1],8,39,61,31,37
1,<environment.Job instance at 0x7f5849a10d70>,16,14,[5 7],17,50,64,33,37
1,<environment.Job instance at 0x7f5849bcd820>,21,12,[13  5],22,64,76,42,61
1,<environment.Job instance at 0x7f5849a10500>,17,12,[3 8],18,76,88,58,63
1,<environment.Job instance at 0x7f5849bcddc0>,28,13,[2 9],29,88,101,59,73
1,<environment.Job instance at 0x7f5849bcdbe0>,29,25,[12  5],30,94,119,64,94
1,<environment.Job instance at 0x7f584a0c2690>,2,22,[ 2 10],3,3,25,0,3
1,<environment.Job instance at 0x7f584a0c28c0>,4,15,[5 5],5,5,20,0,5
1,<environment.Job instance at 0x7f584a4c6a00>,14,18,[9 1],15,20,38,5,20
1,<environment.Job instance at 0x7f584b1f9320>,17,12,[3 8],18,25,37,7,25
1,<environment.Job instance at 0x7f584b21ec80>,31,12,[6 3],32,37,49,5,37
1,<environment.Job instance at 0x7f584b209aa0>,28,13,[2 9],29,38,51,9,38
1,<environment.Job instance at 0x7f584b1f73c0>,34,17,[5 1],35,38,55,3,38
1,<environment.Job instance at 0x7f584b1efc80>,39,17,[7 5],40,49,66,9,49
1,<environment.Job instance at 0x7f584a4ed410>,44,12,[3 7],45,51,63,6,51
1,<environment.Job instance at 0x7f584b2022d0>,54,13,[5 5],55,63,76,8,63
1,<environment.Job instance at 0x7f584b202280>,52,13,[9 3],53,66,79,13,66
1,<environment.Job instance at 0x7f584a4beaf0>,16,14,[5 7],17,76,90,59,76
1,<environment.Job instance at 0x7f584aa294b0>,48,14,[5 7],49,80,94,31,80
1,<environment.Job instance at 0x7f5849d71b90>,68,16,[10  1],69,91,107,22,91
1,<environment.Job instance at 0x7f5849f445f0>,78,15,[7 4],79,107,122,28,107
1,<environment.Job instance at 0x7f584a1a15a0>,79,14,[4 7],80,107,121,27,107
1,<environment.Job instance at 0x7f5849f3cf00>,69,18,[8 2],70,122,140,52,122
1,<environment.Job instance at 0x7f584b189050>,82,17,[6 5],83,122,139,39,122
1,<environment.Job instance at 0x7f584abc5b40>,3,18,[6 5],4,4,22,0,4
1,<environment.Job instance at 0x7f584abc5140>,6,15,[ 4 12],7,22,37,15,9
1,<environment.Job instance at 0x7f584abc5d20>,13,12,[3 7],14,37,49,23,20
1,<environment.Job instance at 0x7f584abc5aa0>,14,20,[ 1 10],15,99,119,84,99
1,<environment.Job instance at 0x7f584abc5550>,12,16,[1 8],13,119,135,106,111
1,<environment.Job instance at 0x7f5849d39b90>,3,18,[6 5],4,4,22,0,4
1,<environment.Job instance at 0x7f584a4caf00>,12,16,[1 8],13,13,29,0,13
1,<environment.Job instance at 0x7f584a4f6eb0>,19,12,[8 2],20,20,32,0,20
1,<environment.Job instance at 0x7f584a4f6dc0>,21,22,[6 4],22,22,44,0,22
1,<environment.Job instance at 0x7f584a4ca370>,13,12,[3 7],14,32,44,18,32
1,<environment.Job instance at 0x7f584b201460>,40,14,[8 2],41,44,58,3,44
1,<environment.Job instance at 0x7f584a4f6b40>,23,15,[2 7],24,44,59,20,44
1,<environment.Job instance at 0x7f584aa2c1e0>,43,18,[4 5],44,44,62,0,44
1,<environment.Job instance at 0x7f584aa2c230>,45,13,[4 6],46,59,72,13,59
1,<environment.Job instance at 0x7f584ad65730>,7,15,[10  5],8,62,77,54,62
1,<environment.Job instance at 0x7f584aa2ac30>,53,16,[3 5],54,72,88,18,72
1,<environment.Job instance at 0x7f584aa29640>,60,14,[9 5],61,77,91,16,77
1,<environment.Job instance at 0x7f584b1e4b90>,35,19,[3 8],36,88,107,52,88
1,<environment.Job instance at 0x7f584a4ed320>,67,12,[4 7],68,91,103,23,91
1,<environment.Job instance at 0x7f584b215730>,68,15,[6 4],69,103,118,34,103
1,<environment.Job instance at 0x7f584b215a00>,70,15,[ 5 10],71,107,122,36,107
1,<environment.Job instance at 0x7f584a4edaa0>,64,17,[10  3],65,118,135,53,118
1,<environment.Job instance at 0x7f584b1efbe0>,72,17,[ 2 10],73,122,139,49,122
1,<environment.Job instance at 0x7f584ae6bd70>,4,21,[6 3],5,5,26,0,5
1,<environment.Job instance at 0x7f584a7ef8c0>,4,21,[6 3],5,5,26,0,5
1,<environment.Job instance at 0x7f584a7efe60>,8,21,[1 5],9,9,30,0,9
1,<environment.Job instance at 0x7f584a7efd20>,9,17,[1 7],10,10,27,0,10
1,<environment.Job instance at 0x7f584b241b40>,15,18,[9 3],16,26,44,10,26
1,<environment.Job instance at 0x7f584b2410a0>,18,17,[3 5],19,27,44,8,27
1,<environment.Job instance at 0x7f584b241cd0>,16,17,[1 6],17,30,47,13,30
1,<environment.Job instance at 0x7f5849d4ec30>,29,14,[4 9],30,44,58,14,44
1,<environment.Job instance at 0x7f584a7ef3c0>,6,17,[10  5],7,47,64,40,47
1,<environment.Job instance at 0x7f584b1f9280>,35,16,[4 8],36,58,74,22,58
1,<environment.Job instance at 0x7f584b21ed70>,45,17,[4 6],46,64,81,18,64
1,<environment.Job instance at 0x7f584b215a00>,53,14,[5 5],54,74,88,20,74
1,<environment.Job instance at 0x7f584a4edcd0>,57,12,[1 8],58,81,93,23,81
1,<environment.Job instance at 0x7f584aa298c0>,59,13,[8 2],60,81,94,21,81
1,<environment.Job instance at 0x7f584aa2a370>,67,14,[ 3 10],68,94,108,26,94
1,<environment.Job instance at 0x7f584b1e4b90>,76,12,[9 3],77,94,106,17,94
1,<environment.Job instance at 0x7f5853985e10>,30,17,[10  3],31,106,123,75,106
1,<environment.Job instance at 0x7f584b1f7820>,48,15,[ 3 10],49,110,125,61,110
1,<environment.Job instance at 0x7f584a4be960>,32,18,[9 2],33,123,141,90,123
1,<environment.Job instance at 0x7f5849e430a0>,84,12,[1 9],85,125,137,40,125
1,<environment.Job instance at 0x7f5853985dc0>,0,12,[ 3 10],1,1,13,0,1
1,<environment.Job instance at 0x7f584a3dde10>,7,20,[4 9],8,13,33,5,10
1,<environment.Job instance at 0x7f584a3dd410>,10,21,[8 3],11,11,32,0,11
1,<environment.Job instance at 0x7f5853985c30>,8,18,[7 2],9,32,50,23,21
1,<environment.Job instance at 0x7f584ad5a0a0>,0,12,[ 3 10],1,1,13,0,1
1,<environment.Job instance at 0x7f5849e7a690>,8,18,[7 2],9,9,27,0,9
1,<environment.Job instance at 0x7f5849eaf140>,7,20,[4 9],8,13,33,5,13
1,<environment.Job instance at 0x7f5849b97370>,15,18,[6 1],16,27,45,11,27
1,<environment.Job instance at 0x7f5849b96780>,20,12,[5 9],21,33,45,12,33
1,<environment.Job instance at 0x7f5849b7d820>,23,12,[4 8],24,45,57,21,45
1,<environment.Job instance at 0x7f5849b7d0a0>,22,17,[6 3],23,45,62,22,45
1,<environment.Job instance at 0x7f5849ba1a50>,30,12,[5 7],31,57,69,26,57
1,<environment.Job instance at 0x7f5849ba1050>,32,17,[8 5],33,62,79,29,62
1,<environment.Job instance at 0x7f5849b97af0>,17,15,[4 9],18,69,84,51,69
1,<environment.Job instance at 0x7f5849ba10f0>,33,13,[10  5],34,79,92,45,79
1,<environment.Job instance at 0x7f584b18a910>,37,12,[3 5],38,84,96,46,84
1,<environment.Job instance at 0x7f5849b9deb0>,39,14,[6 2],40,92,106,52,92
1,<environment.Job instance at 0x7f5849bb1c80>,35,16,[5 8],36,92,108,56,92
1,<environment.Job instance at 0x7f584b15eb40>,43,12,[5 5],44,106,118,62,106
1,<environment.Job instance at 0x7f584b176910>,47,14,[5 4],48,108,122,60,108
1,<environment.Job instance at 0x7f584b15eb90>,44,16,[4 6],45,108,124,63,108
1,<environment.Job instance at 0x7f5849ba13c0>,31,18,[6 5],32,118,136,86,118
1,<environment.Job instance at 0x7f584b199e10>,54,12,[ 4 10],55,124,136,69,124
1,<environment.Job instance at 0x7f5849dadcd0>,1,12,[1 7],2,7,19,5,7
1,<environment.Job instance at 0x7f5849da6690>,9,14,[9 1],10,18,32,8,18
1,<environment.Job instance at 0x7f5849dadd70>,7,14,[ 1 11],8,19,33,11,18
1,<environment.Job instance at 0x7f5849da64b0>,12,28,[13  1],13,53,81,40,53
1,<environment.Job instance at 0x7f5853985870>,0,22,[3 9],1,1,23,0,1
1,<environment.Job instance at 0x7f584a096410>,9,14,[9 1],10,10,24,0,10
1,<environment.Job instance at 0x7f584a096eb0>,10,15,[2 5],11,11,26,0,11
1,<environment.Job instance at 0x7f5849da67d0>,1,12,[1 7],2,23,35,21,23
1,<environment.Job instance at 0x7f584a0a45a0>,21,16,[6 1],22,24,40,2,24
1,<environment.Job instance at 0x7f584a096b90>,17,12,[7 5],18,26,38,8,26
1,<environment.Job instance at 0x7f584a0a4460>,24,13,[1 7],25,35,48,10,35
1,<environment.Job instance at 0x7f584a0a40f0>,22,12,[7 4],23,38,50,15,38
1,<environment.Job instance at 0x7f584a0a4500>,23,13,[6 3],24,40,53,16,40
1,<environment.Job instance at 0x7f584a0a4c30>,31,14,[9 3],32,50,64,18,50
1,<environment.Job instance at 0x7f584a08c8c0>,39,15,[3 5],40,53,68,13,53
1,<environment.Job instance at 0x7f584a08c140>,45,15,[ 1 10],46,64,79,18,64
1,<environment.Job instance at 0x7f584a0a4c80>,30,17,[8 3],31,68,85,37,68
1,<environment.Job instance at 0x7f584a0b3960>,60,17,[2 7],61,79,96,18,79
1,<environment.Job instance at 0x7f584a08caa0>,44,18,[5 5],45,79,97,34,79
1,<environment.Job instance at 0x7f584ad86b40>,63,15,[ 4 10],64,96,111,32,96
1,<environment.Job instance at 0x7f584ad861e0>,68,17,[4 5],69,98,115,29,98
1,<environment.Job instance at 0x7f584ad86af0>,75,13,[8 1],76,111,124,35,111
1,<environment.Job instance at 0x7f584ad86c30>,76,14,[1 6],77,111,125,34,111
1,<environment.Job instance at 0x7f584ad86230>,77,13,[6 3],78,115,128,37,115
1,<environment.Job instance at 0x7f584a0a4f50>,28,18,[4 5],29,124,142,95,124
1,<environment.Job instance at 0x7f584ad86d20>,65,18,[1 7],66,125,143,59,125
1,<environment.Job instance at 0x7f584a0add20>,84,17,[5 3],85,128,145,43,128
1,<environment.Job instance at 0x7f584a096460>,0,21,[5 3],1,1,22,0,1
1,<environment.Job instance at 0x7f5849af57d0>,1,21,[1 7],2,2,23,0,2
1,<environment.Job instance at 0x7f5849af5960>,5,12,[8 5],6,6,18,0,6
1,<environment.Job instance at 0x7f5849af5be0>,7,19,[6 2],8,18,37,10,8
1,<environment.Job instance at 0x7f584a01f500>,9,12,[ 1 13],10,23,35,13,10
1,<environment.Job instance at 0x7f5849af53c0>,15,22,[5 1],16,35,57,19,30
1,<environment.Job instance at 0x7f5849af55a0>,19,21,[ 4 10],20,51,72,31,51
1,<environment.Job instance at 0x7f5853cd0370>,20,16,[ 2 12],21,72,88,51,59
1,<environment.Job instance at 0x7f5849af5550>,16,23,[12  1],17,72,95,55,66
1,<environment.Job instance at 0x7f5853cd05a0>,22,22,[5 5],23,95,117,72,89
1,<environment.Job instance at 0x7f584a0b4c30>,0,21,[5 3],1,1,22,0,1
1,<environment.Job instance at 0x7f584a0b4f00>,1,21,[1 7],2,2,23,0,2
1,<environment.Job instance at 0x7f584a08f230>,5,12,[8 5],6,6,18,0,6
1,<environment.Job instance at 0x7f584a08f280>,7,19,[6 2],8,18,37,10,18
1,<environment.Job instance at 0x7f584a08faa0>,15,22,[5 1],16,22,44,6,22
1,<environment.Job instance at 0x7f584a0b4af0>,2,14,[3 7],3,23,37,20,23
1,<environment.Job instance at 0x7f584a0805f0>,26,12,[9 1],27,37,49,10,37
1,<environment.Job instance at 0x7f584a080870>,23,16,[1 9],24,37,53,13,37
1,<environment.Job instance at 0x7f584a0ad3c0>,29,16,[9 4],30,49,65,19,49
1,<environment.Job instance at 0x7f584a080780>,27,12,[ 5 10],28,53,65,25,53
1,<environment.Job instance at 0x7f584a08c140>,56,12,[9 5],57,65,77,8,65
1,<environment.Job instance at 0x7f584a0adf50>,42,15,[2 8],43,65,80,22,65
1,<environment.Job instance at 0x7f584a0ad320>,40,15,[8 4],41,77,92,36,77
1,<environment.Job instance at 0x7f584a08c8c0>,62,14,[ 1 10],63,80,94,17,80
1,<environment.Job instance at 0x7f584a08c0f0>,59,15,[7 3],60,92,107,32,92
1,<environment.Job instance at 0x7f584a0a40a0>,67,12,[1 9],68,94,106,26,94
1,<environment.Job instance at 0x7f584a0b3190>,43,17,[2 7],44,106,123,62,106
1,<environment.Job instance at 0x7f584a08c230>,65,18,[2 7],66,107,125,41,107
1,<environment.Job instance at 0x7f584a096be0>,83,12,[10  4],84,123,135,39,123
1,<environment.Job instance at 0x7f584a0963c0>,86,14,[5 6],87,125,139,38,125
1,<environment.Job instance at 0x7f5849a40aa0>,2,24,[5 3],3,3,27,0,3
1,<environment.Job instance at 0x7f5849a5c1e0>,10,13,[4 7],11,14,27,3,14
1,<environment.Job instance at 0x7f5849a5c460>,7,16,[5 6],8,27,43,19,16
1,<environment.Job instance at 0x7f5849a64730>,13,15,[5 5],14,23,38,9,23
1,<environment.Job instance at 0x7f5849a64690>,16,14,[5 8],17,73,87,56,73
1,<environment.Job instance at 0x7f5849ff95a0>,4,18,[5 5],5,5,23,0,5
1,<environment.Job instance at 0x7f584a4e8820>,7,16,[5 6],8,8,24,0,8
1,<environment.Job instance at 0x7f584a02d4b0>,22,13,[6 3],23,23,36,0,23
1,<environment.Job instance at 0x7f584a9b1410>,10,13,[4 7],11,24,37,13,24
1,<environment.Job instance at 0x7f584a365c80>,13,15,[5 5],14,24,39,10,24
1,<environment.Job instance at 0x7f584a944b90>,31,12,[5 4],32,37,49,5,37
1,<environment.Job instance at 0x7f584aec84b0>,36,16,[2 6],37,37,53,0,37
1,<environment.Job instance at 0x7f584a355b90>,37,12,[9 2],38,49,61,11,49
1,<environment.Job instance at 0x7f584a026730>,50,18,[1 6],51,51,69,0,51
1,<environment.Job instance at 0x7f584a365500>,16,14,[5 8],17,61,75,44,61
1,<environment.Job instance at 0x7f584a36f410>,60,15,[5 6],61,69,84,8,69
1,<environment.Job instance at 0x7f584a36fc30>,56,18,[3 8],57,75,93,18,75
1,<environment.Job instance at 0x7f584a3265f0>,8,21,[5 5],9,84,105,75,84
1,<environment.Job instance at 0x7f5849e4c500>,27,18,[1 8],28,96,114,68,96
1,<environment.Job instance at 0x7f584a3445a0>,81,21,[5 2],82,96,117,14,96
1,<environment.Job instance at 0x7f584a2f75a0>,83,16,[1 5],84,106,122,22,106
1,<environment.Job instance at 0x7f584a001960>,84,19,[6 2],85,115,134,30,115
1,<environment.Job instance at 0x7f584a2f73c0>,82,20,[3 6],83,115,135,32,115
1,<environment.Job instance at 0x7f584a001a00>,87,20,[5 3],88,122,142,34,122
1,<environment.Job instance at 0x7f584a4d0050>,1,16,[7 5],2,2,18,0,2
1,<environment.Job instance at 0x7f584a4d0eb0>,6,13,[5 5],7,8,21,1,8
1,<environment.Job instance at 0x7f584a4d0e60>,10,18,[1 5],11,11,29,0,11
1,<environment.Job instance at 0x7f584a4d0960>,9,14,[3 7],10,21,35,11,11
1,<environment.Job instance at 0x7f584a4d0690>,7,15,[12  4],8,29,44,21,19
1,<environment.Job instance at 0x7f584a4d0f50>,11,12,[ 4 14],12,44,56,32,30
1,<environment.Job instance at 0x7f584a4d0370>,13,14,[ 1 13],14,56,70,42,43
1,<environment.Job instance at 0x7f584a0006e0>,14,16,[12  5],15,70,86,55,57
1,<environment.Job instance at 0x7f584a0008c0>,17,18,[11  3],18,86,104,68,75
1,<environment.Job instance at 0x7f584a000550>,18,17,[3 5],19,75,92,56,75
1,<environment.Job instance at 0x7f584a000d70>,19,17,[ 2 13],20,104,121,84,93
1,<environment.Job instance at 0x7f584a0000f0>,20,13,[11  4],21,121,134,100,105
1,<environment.Job instance at 0x7f584a000370>,15,28,[4 5],16,121,149,105,120
1,<environment.Job instance at 0x7f584a000280>,21,21,[6 2],22,134,155,112,127
1,<environment.Job instance at 0x7f584a1f73c0>,1,16,[7 5],2,2,18,0,2
1,<environment.Job instance at 0x7f584a4fc3c0>,6,13,[5 5],7,7,20,0,7
1,<environment.Job instance at 0x7f584a2be2d0>,10,18,[1 5],11,11,29,0,11
1,<environment.Job instance at 0x7f584a2e50a0>,18,17,[3 5],19,19,36,0,19
1,<environment.Job instance at 0x7f584a2d5b40>,21,21,[6 2],22,22,43,0,22
1,<environment.Job instance at 0x7f584a5368c0>,9,14,[3 7],10,29,43,19,29
1,<environment.Job instance at 0x7f584a2eb140>,28,12,[8 1],29,43,55,14,43
1,<environment.Job instance at 0x7f584a2ebcd0>,26,12,[ 3 10],27,43,55,16,43
1,<environment.Job instance at 0x7f584a2d1140>,41,12,[7 5],42,55,67,13,55
1,<environment.Job instance at 0x7f584a2cc6e0>,46,13,[6 3],47,55,68,8,55
1,<environment.Job instance at 0x7f584a01dd70>,48,12,[3 9],49,67,79,18,67
1,<environment.Job instance at 0x7f584a2cacd0>,24,13,[10  4],25,68,81,43,68
1,<environment.Job instance at 0x7f584a344eb0>,37,14,[5 6],38,79,93,41,79
1,<environment.Job instance at 0x7f584a000230>,67,13,[5 8],68,81,94,13,81
1,<environment.Job instance at 0x7f584a2bb0a0>,47,15,[10  3],48,93,108,45,93
1,<environment.Job instance at 0x7f584a0268c0>,70,13,[5 5],71,94,107,23,94
1,<environment.Job instance at 0x7f584a000eb0>,68,16,[5 2],69,107,123,38,107
1,<environment.Job instance at 0x7f584a2d1e10>,44,16,[10  5],45,108,124,63,108
1,<environment.Job instance at 0x7f5849ee5780>,88,17,[5 2],89,123,140,34,123
1,<environment.Job instance at 0x7f5849ee55a0>,92,12,[9 4],93,125,137,32,125
1,<environment.Job instance at 0x7f584a05c5f0>,7,21,[5 1],8,8,29,0,8
1,<environment.Job instance at 0x7f584a05c370>,10,21,[2 6],11,12,33,1,12
1,<environment.Job instance at 0x7f584a05c2d0>,3,14,[ 5 14],4,33,47,29,19
1,<environment.Job instance at 0x7f584a533b40>,2,19,[3 9],3,47,66,44,42
1,<environment.Job instance at 0x7f584a05caa0>,14,14,[7 4],15,50,64,35,50
1,<environment.Job instance at 0x7f584a05cb90>,16,13,[2 7],17,66,79,49,66
1,<environment.Job instance at 0x7f584a05cc30>,15,16,[ 3 11],16,82,98,66,82
1,<environment.Job instance at 0x7f584a365dc0>,2,19,[3 9],3,3,22,0,3
1,<environment.Job instance at 0x7f584a365d20>,7,21,[5 1],8,8,29,0,8
1,<environment.Job instance at 0x7f584a365320>,14,14,[7 4],15,15,29,0,15
1,<environment.Job instance at 0x7f5849ee57d0>,16,13,[2 7],17,22,35,5,22
1,<environment.Job instance at 0x7f5849ee55a0>,25,12,[7 2],26,29,41,3,29
1,<environment.Job instance at 0x7f584a365f50>,10,21,[2 6],11,29,50,18,29
1,<environment.Job instance at 0x7f5849ee5820>,13,14,[1 7],14,35,49,21,35
1,<environment.Job instance at 0x7f5849ee5d20>,19,20,[8 1],20,41,61,21,41
1,<environment.Job instance at 0x7f5849ee5f50>,23,16,[3 8],24,49,65,25,49
1,<environment.Job instance at 0x7f584a5e57d0>,41,13,[3 5],42,50,63,8,50
1,<environment.Job instance at 0x7f584a4f0050>,43,13,[6 2],44,61,74,17,61
1,<environment.Job instance at 0x7f584a262910>,45,14,[2 9],46,65,79,19,65
1,<environment.Job instance at 0x7f584a0268c0>,48,16,[5 4],49,65,81,16,65
1,<environment.Job instance at 0x7f584ac3a140>,50,14,[5 2],51,74,88,23,74
1,<environment.Job instance at 0x7f584aec8dc0>,32,16,[4 6],33,79,95,46,79
1,<environment.Job instance at 0x7f584a944820>,60,12,[5 5],61,81,93,20,81
1,<environment.Job instance at 0x7f584a944b90>,62,16,[4 9],63,93,109,30,93
1,<environment.Job instance at 0x7f584a2bb0a0>,66,13,[8 2],67,95,108,28,95
1,<environment.Job instance at 0x7f584a01dc80>,69,14,[5 6],70,108,122,38,108
1,<environment.Job instance at 0x7f584a2cc460>,71,15,[9 3],72,109,124,37,109
1,<environment.Job instance at 0x7f584a2c7c80>,77,13,[5 6],78,122,135,44,122
1,<environment.Job instance at 0x7f584a001aa0>,81,14,[5 8],82,124,138,42,124
1,<environment.Job instance at 0x7f584a365780>,7,28,[6 2],8,10,38,2,10
1,<environment.Job instance at 0x7f584a0a4050>,9,25,[2 7],10,10,35,0,10
1,<environment.Job instance at 0x7f584a0a4d20>,12,28,[6 1],13,14,42,1,14
1,<environment.Job instance at 0x7f584a0a4f00>,8,12,[ 4 12],9,38,50,29,25
1,<environment.Job instance at 0x7f584a0a4e60>,14,16,[3 9],15,50,66,35,37
1,<environment.Job instance at 0x7f584a0a4690>,13,21,[5 9],14,66,87,52,58
1,<environment.Job instance at 0x7f584a0a48c0>,16,16,[ 4 12],17,87,103,70,77
1,<environment.Job instance at 0x7f584a0a4f50>,17,15,[12  4],18,103,118,85,89
1,<environment.Job instance at 0x7f584a0a4af0>,18,14,[6 3],19,89,103,70,89
1,<environment.Job instance at 0x7f584a0a45a0>,15,21,[4 9],16,118,139,102,114
1,<environment.Job instance at 0x7f584a0a40f0>,19,28,[11  1],20,118,146,98,118
1,<environment.Job instance at 0x7f584a0bb230>,0,22,[5 4],1,1,23,0,1
1,<environment.Job instance at 0x7f584a2d1eb0>,13,21,[5 9],14,14,35,0,14
1,<environment.Job instance at 0x7f584a2d10f0>,20,12,[8 5],21,23,35,2,23
1,<environment.Job instance at 0x7f584a3572d0>,28,13,[5 4],29,35,48,6,35
1,<environment.Job instance at 0x7f584a2be2d0>,23,13,[7 4],24,35,48,11,35
1,<environment.Job instance at 0x7f584a2c3230>,34,14,[1 5],35,35,49,0,35
1,<environment.Job instance at 0x7f584a4fc370>,18,14,[6 3],19,48,62,29,48
1,<environment.Job instance at 0x7f584a2be8c0>,24,20,[8 3],25,48,68,23,48
1,<environment.Job instance at 0x7f584a2cadc0>,37,14,[4 7],38,62,76,24,62
1,<environment.Job instance at 0x7f584a2d5b40>,35,15,[10  4],36,68,83,32,68
1,<environment.Job instance at 0x7f584a2d1e10>,14,16,[3 9],15,76,92,61,76
1,<environment.Job instance at 0x7f584a2cae60>,36,16,[10  5],37,83,99,46,83
1,<environment.Job instance at 0x7f584a2c7b40>,47,13,[ 1 10],48,92,105,44,92
1,<environment.Job instance at 0x7f584a2bb0a0>,51,13,[7 2],52,99,112,47,99
1,<environment.Job instance at 0x7f584a2cc0f0>,54,15,[5 5],55,105,120,50,105
1,<environment.Job instance at 0x7f584a2f7af0>,45,18,[2 6],46,105,123,59,105
1,<environment.Job instance at 0x7f584a4d0820>,66,12,[5 7],67,121,133,54,121
1,<environment.Job instance at 0x7f584a000230>,71,16,[5 7],72,123,139,51,123
1,<environment.Job instance at 0x7f584af017d0>,9,25,[3 6],10,12,37,2,12
1,<environment.Job instance at 0x7f584a0bb050>,3,27,[2 7],4,13,40,9,13
1,<environment.Job instance at 0x7f5849b11230>,13,16,[8 2],14,15,31,1,15
1,<environment.Job instance at 0x7f5849b111e0>,12,16,[13  1],13,37,53,24,25
1,<environment.Job instance at 0x7f5849b115a0>,16,16,[ 4 12],17,53,69,36,40
1,<environment.Job instance at 0x7f5849b11d70>,17,13,[14  5],18,69,82,51,53
1,<environment.Job instance at 0x7f5849b11dc0>,19,17,[13  3],20,82,99,62,72
1,<environment.Job instance at 0x7f5849b11be0>,20,19,[ 3 14],21,99,118,78,89
1,<environment.Job instance at 0x7f584ab57410>,22,13,[6 4],23,118,131,95,102
1,<environment.Job instance at 0x7f584ab57820>,23,13,[12  4],24,131,144,107,115
1,<environment.Job instance at 0x7f584a3650f0>,2,20,[3 9],3,3,23,0,3
1,<environment.Job instance at 0x7f5849ee5910>,13,16,[8 2],14,14,30,0,14
1,<environment.Job instance at 0x7f5849ee50f0>,22,13,[6 4],23,23,36,0,23
1,<environment.Job instance at 0x7f584a026230>,26,12,[5 2],27,30,42,3,30
1,<environment.Job instance at 0x7f584a000eb0>,31,21,[3 8],32,32,53,0,32
1,<environment.Job instance at 0x7f584a2cc0f0>,33,15,[6 4],34,36,51,2,36
1,<environment.Job instance at 0x7f584a026960>,24,20,[6 3],25,42,62,17,42
1,<environment.Job instance at 0x7f584a399410>,39,13,[3 6],40,53,66,13,53
1,<environment.Job instance at 0x7f5849b11500>,49,12,[6 4],50,62,74,12,62
1,<environment.Job instance at 0x7f584a000230>,30,13,[9 1],31,66,79,35,66
1,<environment.Job instance at 0x7f584a7d5190>,54,14,[5 4],55,74,88,19,74
1,<environment.Job instance at 0x7f584a000c30>,28,15,[9 1],29,79,94,50,79
1,<environment.Job instance at 0x7f585391ebe0>,57,15,[4 5],58,88,103,30,88
1,<environment.Job instance at 0x7f5849caaaf0>,52,17,[5 3],53,94,111,41,94
1,<environment.Job instance at 0x7f585391e370>,56,18,[6 2],57,94,112,37,94
1,<environment.Job instance at 0x7f584ac9a140>,60,18,[1 7],61,103,121,42,103
1,<environment.Job instance at 0x7f584a026820>,25,18,[8 1],26,111,129,85,111
1,<environment.Job instance at 0x7f584acdc4b0>,69,18,[6 2],70,112,130,42,112
1,<environment.Job instance at 0x7f5849f2e5a0>,8,13,[1 5],9,9,22,0,9
1,<environment.Job instance at 0x7f5849f2e320>,9,15,[6 4],10,10,25,0,10
1,<environment.Job instance at 0x7f584ad23cd0>,11,16,[5 3],12,12,28,0,12
1,<environment.Job instance at 0x7f584ad1fb40>,15,14,[ 5 13],16,28,42,12,16
1,<environment.Job instance at 0x7f5853d94690>,16,18,[5 7],17,42,60,25,31
1,<environment.Job instance at 0x7f584ad1f5a0>,17,20,[2 6],18,42,62,24,33
1,<environment.Job instance at 0x7f5853f7ac30>,18,13,[ 5 11],19,62,75,43,47
1,<environment.Job instance at 0x7f584a9d0730>,24,15,[1 8],25,75,90,50,61
1,<environment.Job instance at 0x7f584b031780>,28,12,[11  4],29,75,87,46,62
1,<environment.Job instance at 0x7f584a8f5410>,37,12,[6 1],38,63,75,25,63
1,<environment.Job instance at 0x7f584a969fa0>,33,15,[6 2],34,87,102,53,75
1,<environment.Job instance at 0x7f585395cf50>,38,14,[ 2 11],39,90,104,51,75
1,<environment.Job instance at 0x7f584a5e4fa0>,42,13,[ 3 11],43,104,117,61,89
1,<environment.Job instance at 0x7f5849f9afa0>,43,17,[6 1],44,91,108,47,91
1,<environment.Job instance at 0x7f584af59370>,1,14,[3 8],2,2,16,0,2
1,<environment.Job instance at 0x7f584af593c0>,4,18,[8 5],5,5,23,0,5
1,<environment.Job instance at 0x7f584af59730>,8,13,[1 5],9,16,29,7,16
1,<environment.Job instance at 0x7f584af59960>,9,15,[6 4],10,16,31,6,16
1,<environment.Job instance at 0x7f584af595f0>,11,16,[5 3],12,23,39,11,23
1,<environment.Job instance at 0x7f5849a16a00>,24,15,[1 8],25,29,44,4,29
1,<environment.Job instance at 0x7f584aca61e0>,27,15,[10  2],28,39,54,11,39
1,<environment.Job instance at 0x7f5849a167d0>,16,18,[5 7],17,44,62,27,44
1,<environment.Job instance at 0x7f584a619640>,37,12,[6 1],38,54,66,16,54
1,<environment.Job instance at 0x7f584af59280>,17,20,[2 6],18,54,74,36,54
1,<environment.Job instance at 0x7f584aca6820>,33,15,[6 2],34,62,77,28,62
1,<environment.Job instance at 0x7f584a619aa0>,43,17,[6 1],44,66,83,22,66
1,<environment.Job instance at 0x7f584acdc280>,45,15,[3 5],46,74,89,28,74
1,<environment.Job instance at 0x7f584acdcb40>,50,13,[4 6],51,77,90,26,77
1,<environment.Job instance at 0x7f584a6198c0>,40,18,[6 4],41,83,101,42,83
1,<environment.Job instance at 0x7f584acdc550>,51,14,[1 8],52,90,104,38,90
1,<environment.Job instance at 0x7f584aca6b90>,34,18,[6 1],35,90,108,55,90
1,<environment.Job instance at 0x7f584a0bb0f0>,71,13,[7 3],72,104,117,32,104
1,<environment.Job instance at 0x7f584ac9a050>,59,16,[ 1 10],60,104,120,44,104
1,<environment.Job instance at 0x7f584a2cacd0>,74,12,[6 2],75,108,120,33,108
1,<environment.Job instance at 0x7f584a533050>,75,14,[6 3],76,117,131,41,117
1,<environment.Job instance at 0x7f584acdcc80>,47,15,[3 9],48,121,136,73,121
1,<environment.Job instance at 0x7fc2709d96e0>,0,17,[6 1],1,1,18,0,1
1,<environment.Job instance at 0x7fc26738fe60>,9,16,[12  1],10,29,45,19,29
1,<environment.Job instance at 0x7fc2673940a0>,12,28,[ 1 14],13,50,78,37,50
1,<environment.Job instance at 0x7fc267394140>,13,13,[10  3],14,88,101,74,88
1,<environment.Job instance at 0x7fc2673941e0>,14,15,[14  4],15,101,116,86,91
1,<environment.Job instance at 0x7fc267394280>,15,20,[ 3 12],16,116,136,100,107
1,<environment.Job instance at 0x7fc267394320>,16,28,[5 1],17,121,149,104,121
1,<environment.Job instance at 0x7fc26738ff00>,10,15,[5 1],11,123,138,112,123
1,<environment.Job instance at 0x7fc26738ffa0>,11,15,[6 1],12,138,153,126,125
1,<environment.Job instance at 0x7fc2709d98c0>,8,20,[ 4 13],9,137,157,128,137
1,<environment.Job instance at 0x7fc2673a0b40>,0,17,[6 1],1,1,18,0,1
1,<environment.Job instance at 0x7fc26738fa00>,2,20,[7 4],3,3,23,0,3
1,<environment.Job instance at 0x7fc267387af0>,10,15,[5 1],11,18,33,7,18
1,<environment.Job instance at 0x7fc2674b4d70>,22,13,[7 4],23,23,36,0,23
1,<environment.Job instance at 0x7fc2674ba5f0>,26,12,[8 5],27,33,45,6,33
1,<environment.Job instance at 0x7fc267387d20>,11,15,[6 1],12,36,51,24,36
1,<environment.Job instance at 0x7fc267537be0>,35,16,[1 9],36,36,52,0,36
1,<environment.Job instance at 0x7fc26749bb40>,41,12,[8 3],42,45,57,3,45
1,<environment.Job instance at 0x7fc267642e60>,43,16,[1 8],44,52,68,8,52
1,<environment.Job instance at 0x7fc267481410>,13,13,[10  3],14,57,70,43,57
1,<environment.Job instance at 0x7fc267451370>,49,13,[1 5],50,68,81,18,68
1,<environment.Job instance at 0x7fc2674ba370>,24,20,[4 6],25,68,88,43,68
1,<environment.Job instance at 0x7fc2674ab280>,32,17,[9 3],33,70,87,37,70
1,<environment.Job instance at 0x7fc2674515f0>,54,13,[7 3],55,87,100,32,87
1,<environment.Job instance at 0x7fc267423410>,63,12,[5 3],64,88,100,24,88
1,<environment.Job instance at 0x7fc267451690>,51,13,[5 6],52,100,113,48,100
1,<environment.Job instance at 0x7fc26744c140>,68,12,[7 1],69,100,112,31,100
1,<environment.Job instance at 0x7fc26749bbe0>,46,14,[6 5],47,112,126,65,112
1,<environment.Job instance at 0x7fc26744ca00>,71,14,[4 9],72,113,127,41,113
1,<environment.Job instance at 0x7fc26744c500>,70,15,[8 4],71,126,141,55,126
1,<environment.Job instance at 0x7fc26744ce10>,75,17,[7 1],76,127,144,51,127
1,<environment.Job instance at 0x7fc266ae15f0>,1,13,[1 8],2,2,15,0,2
1,<environment.Job instance at 0x7fc266ae12d0>,8,13,[10  5],9,9,22,0,9
1,<environment.Job instance at 0x7fc266adb8c0>,12,12,[1 5],13,15,27,2,13
1,<environment.Job instance at 0x7fc266ad63c0>,7,21,[9 2],8,22,43,14,14
1,<environment.Job instance at 0x7fc266adb0f0>,10,24,[ 2 13],11,37,61,26,37
1,<environment.Job instance at 0x7fc266b98730>,1,13,[1 8],2,2,15,0,2
1,<environment.Job instance at 0x7fc266b47c80>,7,21,[9 2],8,8,29,0,8
1,<environment.Job instance at 0x7fc266b4feb0>,12,12,[1 5],13,13,25,0,13
1,<environment.Job instance at 0x7fc266bbb500>,15,17,[5 8],16,16,33,0,16
1,<environment.Job instance at 0x7fc266b98e10>,8,13,[10  5],9,29,42,20,29
1,<environment.Job instance at 0x7fc266b5dd70>,31,14,[ 5 10],32,33,47,1,33
1,<environment.Job instance at 0x7fc266bacb40>,28,14,[6 3],29,42,56,13,42
1,<environment.Job instance at 0x7fc266b5d820>,33,13,[5 7],34,47,60,13,47
1,<environment.Job instance at 0x7fc266b53dc0>,22,19,[2 5],23,47,66,24,47
1,<environment.Job instance at 0x7fc266bbb3c0>,16,15,[ 2 10],17,60,75,43,60
1,<environment.Job instance at 0x7fc266bfbfa0>,53,15,[9 5],54,66,81,12,66
1,<environment.Job instance at 0x7fc266b61550>,47,16,[1 7],48,75,91,27,75
1,<environment.Job instance at 0x7fc266cd5af0>,58,14,[7 1],59,81,95,22,81
1,<environment.Job instance at 0x7fc266bacaa0>,32,17,[4 7],33,81,98,48,81
1,<environment.Job instance at 0x7fc266afd1e0>,63,15,[6 1],64,96,111,32,96
1,<environment.Job instance at 0x7fc266afd0a0>,64,18,[5 4],65,96,114,31,96
1,<environment.Job instance at 0x7fc266b8a780>,62,22,[2 8],63,98,120,35,98
1,<environment.Job instance at 0x7fc266b97190>,56,18,[7 1],57,111,129,54,111
1,<environment.Job instance at 0x7fc266b92fa0>,74,13,[2 5],75,114,127,39,114
1,<environment.Job instance at 0x7fc266b07a00>,86,15,[8 5],87,128,143,41,128
1,<environment.Job instance at 0x7fc266ba5c30>,89,12,[4 8],90,129,141,39,129
1,<environment.Job instance at 0x7fc270b49dc0>,2,15,[5 8],3,3,18,0,3
1,<environment.Job instance at 0x7fc270b449b0>,4,15,[11  2],5,18,33,13,13
1,<environment.Job instance at 0x7fc270b49b90>,10,13,[8 4],11,33,46,22,17
1,<environment.Job instance at 0x7fc270b49780>,15,23,[3 6],16,18,41,2,18
1,<environment.Job instance at 0x7fc266992870>,19,13,[5 1],20,41,54,21,26
1,<environment.Job instance at 0x7fc266992460>,20,12,[5 5],21,46,58,25,29
1,<environment.Job instance at 0x7fc266992d20>,21,15,[14  2],22,58,73,36,44
1,<environment.Job instance at 0x7fc266994d70>,33,23,[ 1 11],34,58,81,24,53
1,<environment.Job instance at 0x7fc266994500>,34,12,[4 7],35,81,93,46,64
1,<environment.Job instance at 0x7fc266995f50>,49,12,[ 5 12],50,93,105,43,76
1,<environment.Job instance at 0x7fc2669c65a0>,62,23,[5 8],63,105,128,42,99
1,<environment.Job instance at 0x7fc2669c6f00>,64,17,[7 1],65,103,120,38,103
1,<environment.Job instance at 0x7fc2669c6820>,67,20,[ 2 11],68,128,148,60,119
1,<environment.Job instance at 0x7fc2669c6cd0>,68,13,[12  1],69,128,141,59,119
1,<environment.Job instance at 0x7fc2669c6d20>,69,12,[14  3],70,148,160,78,131
1,<environment.Job instance at 0x7fc266be0690>,2,15,[5 8],3,3,18,0,3
1,<environment.Job instance at 0x7fc266ab3b40>,10,13,[8 4],11,11,24,0,11
1,<environment.Job instance at 0x7fc267eaaaf0>,6,17,[ 5 10],7,18,35,11,18
1,<environment.Job instance at 0x7fc267c7c410>,20,12,[5 5],21,24,36,3,24
1,<environment.Job instance at 0x7fc26711cb90>,18,12,[5 8],19,35,47,16,35
1,<environment.Job instance at 0x7fc266cb72d0>,19,13,[5 1],20,35,48,15,35
1,<environment.Job instance at 0x7fc267f2b780>,34,12,[4 7],35,47,59,12,47
1,<environment.Job instance at 0x7fc266e3f9b0>,24,18,[1 7],25,47,65,22,47
1,<environment.Job instance at 0x7fc2670c4690>,30,14,[7 1],31,48,62,17,48
1,<environment.Job instance at 0x7fc2669cd280>,40,14,[3 7],41,59,73,18,59
1,<environment.Job instance at 0x7fc266e3fa00>,23,18,[9 5],24,65,83,41,65
1,<environment.Job instance at 0x7fc266c2cd70>,54,12,[2 7],55,73,85,18,73
1,<environment.Job instance at 0x7fc2671a7b90>,64,17,[7 1],65,83,100,18,83
1,<environment.Job instance at 0x7fc266c21f00>,52,13,[2 9],53,85,98,32,85
1,<environment.Job instance at 0x7fc266c5b7d0>,79,12,[6 4],80,85,97,5,85
1,<environment.Job instance at 0x7fc266c5b320>,78,14,[3 6],79,98,112,19,98
1,<environment.Job instance at 0x7fc266d6a050>,88,16,[5 2],89,98,114,9,98
1,<environment.Job instance at 0x7fc266e9e140>,90,12,[ 1 10],91,112,124,21,112
1,<environment.Job instance at 0x7fc266ca7e10>,96,20,[7 1],97,113,133,16,113
1,<environment.Job instance at 0x7fc266ca7320>,95,13,[5 5],96,125,138,29,125
1,<environment.Job instance at 0x7fc266b3b370>,44,16,[ 4 10],45,133,149,88,133
1,<environment.Job instance at 0x7fc266a870f0>,105,17,[7 4],106,138,155,32,138
1,<environment.Job instance at 0x7fc266d36910>,5,21,[ 4 10],6,6,27,0,6
1,<environment.Job instance at 0x7fc266ddd140>,9,13,[6 2],10,10,23,0,10
1,<environment.Job instance at 0x7fc266e9e140>,11,12,[7 5],12,23,35,11,23
1,<environment.Job instance at 0x7fc266d6a190>,14,15,[2 6],15,27,42,12,27
1,<environment.Job instance at 0x7fc267160af0>,29,12,[4 6],30,35,47,5,35
1,<environment.Job instance at 0x7fc266b3b370>,37,14,[8 4],38,42,56,4,42
1,<environment.Job instance at 0x7fc266db5410>,27,15,[4 9],28,47,62,19,47
1,<environment.Job instance at 0x7fc2708d1f00>,42,13,[10  4],43,56,69,13,56
1,<environment.Job instance at 0x7fc2705ae140>,40,15,[5 2],41,63,78,22,63
1,<environment.Job instance at 0x7fc2677a9050>,36,15,[2 6],37,70,85,33,70
1,<environment.Job instance at 0x7fc2677a9870>,35,18,[5 5],36,70,88,34,70
1,<environment.Job instance at 0x7fc266e3f050>,51,14,[5 3],52,78,92,26,78
1,<environment.Job instance at 0x7fc267270960>,43,20,[4 7],44,85,105,41,85
1,<environment.Job instance at 0x7fc266d6aaa0>,15,17,[10  4],16,94,111,78,94
1,<environment.Job instance at 0x7fc266eb24b0>,47,15,[ 4 10],48,105,120,57,105
1,<environment.Job instance at 0x7fc267c7c4b0>,56,17,[5 4],57,112,129,55,112
1,<environment.Job instance at 0x7fc266ed1870>,69,12,[5 5],70,120,132,50,120
1,<environment.Job instance at 0x7fc266ec66e0>,71,17,[5 4],72,120,137,48,120
1,<environment.Job instance at 0x7fc266f33640>,74,16,[4 6],75,129,145,54,129
1,<environment.Job instance at 0x7fc266f33f00>,75,16,[1 9],76,137,153,61,137
1,<environment.Job instance at 0x7fc270a019b0>,0,13,[4 5],1,1,14,0,1
1,<environment.Job instance at 0x7fc267203cd0>,2,16,[1 5],3,3,19,0,3
1,<environment.Job instance at 0x7fc267203d70>,3,18,[4 9],4,14,32,10,4
1,<environment.Job instance at 0x7fc266d32fa0>,9,27,[5 1],10,17,44,7,17
1,<environment.Job instance at 0x7fc267205460>,17,28,[12  4],18,45,73,27,45
1,<environment.Job instance at 0x7fc2672053c0>,14,18,[ 1 10],15,61,79,46,61
1,<environment.Job instance at 0x7fc2672050f0>,18,16,[ 1 14],19,129,145,110,129
1,<environment.Job instance at 0x7fc2669887d0>,0,13,[4 5],1,1,14,0,1
1,<environment.Job instance at 0x7fc266988870>,2,16,[1 5],3,3,19,0,3
1,<environment.Job instance at 0x7fc266dccf50>,8,13,[10  1],9,9,22,0,9
1,<environment.Job instance at 0x7fc2669886e0>,3,18,[4 9],4,14,32,10,14
1,<environment.Job instance at 0x7fc266dcccd0>,20,18,[7 5],21,22,40,1,22
1,<environment.Job instance at 0x7fc266dcc1e0>,19,14,[1 7],20,32,46,12,32
1,<environment.Job instance at 0x7fc266f28d70>,27,16,[2 8],28,40,56,12,40
1,<environment.Job instance at 0x7fc266ecb230>,40,14,[5 1],41,46,60,5,46
1,<environment.Job instance at 0x7fc266f38c80>,44,14,[8 4],45,46,60,1,46
1,<environment.Job instance at 0x7fc266dccaf0>,14,18,[ 1 10],15,56,74,41,56
1,<environment.Job instance at 0x7fc267297550>,35,18,[2 5],36,60,78,24,60
1,<environment.Job instance at 0x7fc266f338c0>,60,12,[2 8],61,74,86,13,74
1,<environment.Job instance at 0x7fc266f335a0>,56,15,[6 1],57,74,89,17,74
1,<environment.Job instance at 0x7fc266ed16e0>,61,13,[6 4],62,78,91,16,78
1,<environment.Job instance at 0x7fc270a2d870>,38,14,[3 9],39,86,100,47,86
1,<environment.Job instance at 0x7fc267c87e10>,68,12,[3 5],69,91,103,22,91
1,<environment.Job instance at 0x7fc266ed1f00>,64,13,[5 7],65,100,113,35,100
1,<environment.Job instance at 0x7fc266ed6cd0>,48,14,[5 8],49,103,117,54,103
1,<environment.Job instance at 0x7fc267c7c4b0>,75,18,[3 7],76,113,131,37,113
1,<environment.Job instance at 0x7fc267151410>,69,15,[1 8],70,117,132,47,117
1,<environment.Job instance at 0x7fc270575730>,66,14,[4 9],67,132,146,65,132
1,<environment.Job instance at 0x7fc266e3fa50>,80,17,[5 2],81,132,149,51,132
1,<environment.Job instance at 0x7fc2708d1f00>,82,12,[6 2],83,132,144,49,132
1,<environment.Job instance at 0x7fc267ece4b0>,0,15,[5 5],1,1,16,0,1
1,<environment.Job instance at 0x7fc267ece140>,5,18,[6 4],6,6,24,0,6
1,<environment.Job instance at 0x7fc267ece730>,6,19,[ 2 11],7,21,40,14,21
1,<environment.Job instance at 0x7fc267ed7320>,9,27,[13  2],10,28,55,18,28
1,<environment.Job instance at 0x7fc267ed7230>,15,17,[11  2],16,55,72,39,43
1,<environment.Job instance at 0x7fc267ed7730>,14,19,[1 6],15,50,69,35,50
1,<environment.Job instance at 0x7fc267ed7eb0>,16,12,[12  5],17,72,84,55,62
1,<environment.Job instance at 0x7fc267ed79b0>,19,13,[5 8],20,84,97,64,83
1,<environment.Job instance at 0x7fc267ed7910>,17,22,[11  3],18,97,119,79,90
1,<environment.Job instance at 0x7fc266dd40a0>,0,15,[5 5],1,1,16,0,1
1,<environment.Job instance at 0x7fc266db1190>,5,18,[6 4],6,6,24,0,6
1,<environment.Job instance at 0x7fc2669885f0>,14,19,[1 6],15,15,34,0,15
1,<environment.Job instance at 0x7fc266988af0>,18,22,[8 2],19,19,41,0,19
1,<environment.Job instance at 0x7fc2672dd640>,11,13,[5 6],12,24,37,12,24
1,<environment.Job instance at 0x7fc267eeb5f0>,21,17,[2 7],22,34,51,12,34
1,<environment.Job instance at 0x7fc266dbd230>,38,12,[6 4],39,41,53,2,41
1,<environment.Job instance at 0x7fc266dbdaf0>,37,16,[5 2],38,41,57,3,41
1,<environment.Job instance at 0x7fc266dbd0a0>,40,13,[1 8],41,51,64,10,51
1,<environment.Job instance at 0x7fc267ece460>,30,14,[9 2],31,53,67,22,53
1,<environment.Job instance at 0x7fc2669887d0>,19,13,[5 8],20,64,77,44,64
1,<environment.Job instance at 0x7fc266dbd370>,48,12,[10  4],49,67,79,18,67
1,<environment.Job instance at 0x7fc266dde3c0>,60,14,[2 7],61,77,91,16,77
1,<environment.Job instance at 0x7fc266dde320>,61,14,[5 7],62,79,93,17,79
1,<environment.Job instance at 0x7fc266ddebe0>,59,15,[9 2],60,91,106,31,91
1,<environment.Job instance at 0x7fc266e0d140>,74,13,[4 5],75,93,106,18,93
1,<environment.Job instance at 0x7fc266e0de10>,78,22,[2 8],79,94,116,15,94
1,<environment.Job instance at 0x7fc266dde410>,63,16,[6 2],64,106,122,42,106
1,<environment.Job instance at 0x7fc266e0d870>,67,14,[2 9],68,116,130,48,116
1,<environment.Job instance at 0x7fc266e0d910>,88,14,[5 2],89,116,130,27,116
1,<environment.Job instance at 0x7fc267099cd0>,91,15,[6 3],92,122,137,30,122
1,<environment.Job instance at 0x7fc267099be0>,92,16,[9 3],93,130,146,37,130
1,<environment.Job instance at 0x7fc266e0d780>,84,16,[1 6],85,138,154,53,138
1,<environment.Job instance at 0x7fc267099e60>,95,22,[5 5],96,138,160,42,138
1,<environment.Job instance at 0x7fc26780eaa0>,4,21,[ 4 11],5,13,34,8,13
1,<environment.Job instance at 0x7fc267991820>,13,24,[5 1],14,14,38,0,14
1,<environment.Job instance at 0x7fc267991960>,14,20,[5 3],15,15,35,0,15
1,<environment.Job instance at 0x7fc267975b90>,11,17,[ 5 14],12,35,52,23,23
1,<environment.Job instance at 0x7fc267976e60>,20,16,[6 3],21,52,68,31,39
1,<environment.Job instance at 0x7fc267976d20>,22,24,[ 4 12],23,77,101,54,77
1,<environment.Job instance at 0x7fc2673121e0>,0,18,[7 4],1,1,19,0,1
1,<environment.Job instance at 0x7fc267099550>,6,20,[2 9],7,7,27,0,7
1,<environment.Job instance at 0x7fc267099e60>,14,20,[5 3],15,19,39,4,19
1,<environment.Job instance at 0x7fc267099eb0>,20,16,[6 3],21,21,37,0,21
1,<environment.Job instance at 0x7fc266e0d960>,31,20,[3 8],32,32,52,0,32
1,<environment.Job instance at 0x7fc266e0d370>,30,14,[5 1],31,37,51,6,37
1,<environment.Job instance at 0x7fc266e0d2d0>,25,12,[10  2],26,51,63,25,51
1,<environment.Job instance at 0x7fc266e0d050>,41,16,[3 9],42,52,68,10,52
1,<environment.Job instance at 0x7fc266dde230>,56,12,[2 5],57,63,75,6,63
1,<environment.Job instance at 0x7fc266dbd8c0>,58,12,[9 1],59,63,75,4,63
1,<environment.Job instance at 0x7fc266dbd910>,64,14,[4 8],65,68,82,3,68
1,<environment.Job instance at 0x7fc266dbd2d0>,68,13,[4 5],69,75,88,6,75
1,<environment.Job instance at 0x7fc267eba730>,71,14,[10  4],72,83,97,11,83
1,<environment.Job instance at 0x7fc266db10a0>,81,15,[2 7],82,88,103,6,88
1,<environment.Job instance at 0x7fc266ddef00>,46,16,[1 8],47,97,113,50,97
1,<environment.Job instance at 0x7fc266dde8c0>,47,16,[8 3],48,103,119,55,103
1,<environment.Job instance at 0x7fc266db1550>,82,17,[3 5],83,114,131,31,114
1,<environment.Job instance at 0x7fc2708c7f00>,96,12,[9 5],97,119,131,22,119
1,<environment.Job instance at 0x7fc2672340a0>,95,14,[10  1],96,131,145,35,131
1,<environment.Job instance at 0x7fc2709169b0>,100,16,[5 4],101,131,147,30,131
1,<environment.Job instance at 0x7fc266aae960>,11,13,[5 2],12,12,25,0,12
1,<environment.Job instance at 0x7fc266aaef00>,17,19,[ 4 10],18,18,37,0,18
1,<environment.Job instance at 0x7fc266aaeb90>,18,13,[2 7],19,37,50,18,21
1,<environment.Job instance at 0x7fc266aae730>,3,24,[9 1],4,27,51,23,27
1,<environment.Job instance at 0x7fc266aae780>,4,14,[ 5 13],5,50,64,45,42
1,<environment.Job instance at 0x7fc267644f00>,24,14,[1 6],25,64,78,39,49
1,<environment.Job instance at 0x7fc266aae640>,20,18,[10  1],21,64,82,43,64
1,<environment.Job instance at 0x7fc267644140>,25,15,[ 5 14],26,78,93,52,67
1,<environment.Job instance at 0x7fc267644b90>,29,14,[6 1],30,82,96,52,68
1,<environment.Job instance at 0x7fc267644aa0>,39,14,[3 7],40,93,107,53,78
1,<environment.Job instance at 0x7fc267ef9230>,53,14,[5 2],54,93,107,39,78
1,<environment.Job instance at 0x7fc267644f50>,41,14,[ 2 13],42,107,121,65,95
1,<environment.Job instance at 0x7fc267ef93c0>,49,14,[5 1],50,99,113,49,99
1,<environment.Job instance at 0x7fc267ef9320>,50,14,[2 8],51,121,135,70,107
1,<environment.Job instance at 0x7fc267ef9820>,57,13,[5 1],58,108,121,50,108
1,<environment.Job instance at 0x7fc267ef9190>,55,18,[13  3],56,121,139,65,113
1,<environment.Job instance at 0x7fc266f221e0>,0,15,[9 1],1,1,16,0,1
1,<environment.Job instance at 0x7fc266e0d050>,11,13,[5 2],12,16,29,4,16
1,<environment.Job instance at 0x7fc26758a820>,2,18,[8 1],3,16,34,13,16
1,<environment.Job instance at 0x7fc266e0d410>,18,13,[2 7],19,29,42,10,29
1,<environment.Job instance at 0x7fc266e0d5a0>,24,14,[1 6],25,34,48,9,34
1,<environment.Job instance at 0x7fc266e0da00>,29,14,[6 1],30,34,48,4,34
1,<environment.Job instance at 0x7fc266e0db90>,14,18,[6 3],15,42,60,27,42
1,<environment.Job instance at 0x7fc267099b90>,34,16,[2 5],35,42,58,7,42
1,<environment.Job instance at 0x7fc270a2ddc0>,9,21,[7 5],10,48,69,38,48
1,<environment.Job instance at 0x7fc267099230>,38,15,[2 5],39,58,73,19,58
1,<environment.Job instance at 0x7fc267099910>,32,12,[10  4],33,69,81,36,69
1,<environment.Job instance at 0x7fc267099410>,39,14,[3 7],40,73,87,33,73
1,<environment.Job instance at 0x7fc2676d9f00>,49,14,[5 1],50,81,95,31,81
1,<environment.Job instance at 0x7fc2676d90f0>,50,14,[2 8],51,87,101,36,87
1,<environment.Job instance at 0x7fc266fe5640>,53,14,[5 2],54,87,101,33,87
1,<environment.Job instance at 0x7fc2676f9eb0>,56,15,[8 1],57,95,110,38,95
1,<environment.Job instance at 0x7fc2676f9dc0>,57,13,[5 1],58,101,114,43,101
1,<environment.Job instance at 0x7fc267099370>,44,17,[2 9],45,101,118,56,101
1,<environment.Job instance at 0x7fc2676441e0>,47,17,[8 4],48,110,127,62,110
1,<environment.Job instance at 0x7fc267765550>,64,15,[5 5],65,118,133,53,118
1,<environment.Job instance at 0x7fc26736f140>,73,18,[6 4],74,128,146,54,128
1,<environment.Job instance at 0x7fc2675986e0>,74,18,[9 1],75,133,151,58,133
1,<environment.Job instance at 0x7fc2667234b0>,0,19,[5 2],1,1,20,0,1
1,<environment.Job instance at 0x7fc266723820>,2,17,[6 5],3,3,20,0,3
1,<environment.Job instance at 0x7fc266723730>,9,18,[2 5],10,10,28,0,10
1,<environment.Job instance at 0x7fc266723af0>,11,21,[2 6],12,20,41,8,13
1,<environment.Job instance at 0x7fc266723690>,5,18,[11  2],6,20,38,14,15
1,<environment.Job instance at 0x7fc2667232d0>,6,16,[ 4 13],7,41,57,34,28
1,<environment.Job instance at 0x7fc26671fe10>,17,23,[9 2],18,38,61,20,32
1,<environment.Job instance at 0x7fc266723aa0>,13,26,[3 8],14,63,89,49,63
1,<environment.Job instance at 0x7fc2676cba50>,0,19,[5 2],1,1,20,0,1
1,<environment.Job instance at 0x7fc26729e640>,2,17,[6 5],3,3,20,0,3
1,<environment.Job instance at 0x7fc2676bc910>,9,18,[2 5],10,10,28,0,10
1,<environment.Job instance at 0x7fc26736a230>,15,15,[9 4],16,20,35,4,20
1,<environment.Job instance at 0x7fc267960050>,16,15,[4 7],17,28,43,11,28
1,<environment.Job instance at 0x7fc26736bdc0>,27,15,[8 2],28,35,50,7,35
1,<environment.Job instance at 0x7fc26736a8c0>,11,21,[2 6],12,35,56,23,35
1,<environment.Job instance at 0x7fc267291f00>,32,16,[4 6],33,43,59,10,43
1,<environment.Job instance at 0x7fc266a637d0>,31,16,[8 3],32,50,66,18,50
1,<environment.Job instance at 0x7fc266a455f0>,40,16,[3 7],41,59,75,18,59
1,<environment.Job instance at 0x7fc266a4b140>,42,14,[5 7],43,66,80,23,66
1,<environment.Job instance at 0x7fc266a685f0>,44,16,[4 7],45,75,91,30,75
1,<environment.Job instance at 0x7fc266a68cd0>,46,14,[1 6],47,80,94,33,80
1,<environment.Job instance at 0x7fc266a45820>,38,17,[3 8],39,91,108,52,91
1,<environment.Job instance at 0x7fc266a53eb0>,57,15,[10  5],58,94,109,36,94
1,<environment.Job instance at 0x7fc266930b40>,62,16,[1 8],63,108,124,45,108
1,<environment.Job instance at 0x7fc2679d19b0>,63,12,[3 7],64,109,121,45,109
1,<environment.Job instance at 0x7fc2673670a0>,20,18,[5 5],21,121,139,100,121
1,<environment.Job instance at 0x7fc2676bd3c0>,69,12,[8 2],70,121,133,51,121
1,<environment.Job instance at 0x7fc267f052d0>,90,14,[8 2],91,133,147,42,133
1,<environment.Job instance at 0x7fc2676bdb40>,73,15,[2 7],74,133,148,59,133
1,<environment.Job instance at 0x7fc2673990a0>,93,18,[4 5],94,139,157,45,139
1,<environment.Job instance at 0x7fc267c52870>,3,16,[7 4],4,4,20,0,4
1,<environment.Job instance at 0x7fc267c52410>,4,23,[6 1],5,5,28,0,5
1,<environment.Job instance at 0x7fc267c52af0>,9,17,[ 1 14],10,20,37,10,10
1,<environment.Job instance at 0x7fc270a2d820>,8,25,[12  2],9,37,62,28,37
1,<environment.Job instance at 0x7fc267c52f00>,6,24,[5 9],7,62,86,55,62
1,<environment.Job instance at 0x7fc2672948c0>,3,16,[7 4],4,4,20,0,4
1,<environment.Job instance at 0x7fc2672850a0>,14,14,[3 5],15,15,29,0,15
1,<environment.Job instance at 0x7fc2669290f0>,23,13,[7 3],24,24,37,0,24
1,<environment.Job instance at 0x7fc266a429b0>,28,16,[4 8],29,29,45,0,29
1,<environment.Job instance at 0x7fc266a420a0>,30,18,[10  3],31,37,55,6,37
1,<environment.Job instance at 0x7fc26728f640>,38,15,[1 5],39,45,60,6,45
1,<environment.Job instance at 0x7fc2676bdb90>,46,17,[10  5],47,55,72,8,55
1,<environment.Job instance at 0x7fc267231370>,49,17,[1 7],50,60,77,10,60
1,<environment.Job instance at 0x7fc2679bbe60>,56,17,[1 6],57,72,89,15,72
1,<environment.Job instance at 0x7fc26728f320>,37,21,[10  1],38,72,93,34,72
1,<environment.Job instance at 0x7fc266a533c0>,58,17,[3 5],59,77,94,18,77
1,<environment.Job instance at 0x7fc266a4b870>,69,14,[4 9],70,93,107,23,93
1,<environment.Job instance at 0x7fc266a4b7d0>,70,17,[10  3],71,94,111,23,94
1,<environment.Job instance at 0x7fc267291280>,75,16,[4 8],76,111,127,35,111
1,<environment.Job instance at 0x7fc266a53f50>,55,18,[9 3],56,111,129,55,111
1,<environment.Job instance at 0x7fc2672afbe0>,85,17,[4 6],86,127,144,41,127
1,<environment.Job instance at 0x7fc266a45820>,72,18,[9 2],73,129,147,56,129
1,<environment.Job instance at 0x7fc267294280>,4,14,[10  5],5,10,24,5,10
1,<environment.Job instance at 0x7fc267481780>,9,28,[7 1],10,24,52,14,23
1,<environment.Job instance at 0x7fc267900050>,0,20,[3 6],1,1,21,0,1
1,<environment.Job instance at 0x7fc2679005f0>,4,14,[10  5],5,5,19,0,5
1,<environment.Job instance at 0x7fc2669fa050>,11,14,[5 1],12,19,33,7,19
1,<environment.Job instance at 0x7fc2669fa730>,13,15,[5 5],14,19,34,5,19
1,<environment.Job instance at 0x7fc2669faf00>,12,17,[5 5],13,21,38,8,21
1,<environment.Job instance at 0x7fc2669fa410>,21,14,[5 5],22,33,47,11,33
1,<environment.Job instance at 0x7fc2669fa320>,6,21,[5 5],7,34,55,27,34
1,<environment.Job instance at 0x7fc26737a780>,30,12,[ 3 10],31,47,59,16,47
1,<environment.Job instance at 0x7fc26736a230>,38,18,[7 2],39,55,73,16,55
1,<environment.Job instance at 0x7fc2676af7d0>,25,13,[3 6],26,59,72,33,59
1,<environment.Job instance at 0x7fc267368960>,47,15,[4 9],48,72,87,24,72
1,<environment.Job instance at 0x7fc26710eaa0>,45,18,[6 1],46,73,91,27,73
1,<environment.Job instance at 0x7fc2673686e0>,50,12,[5 9],51,87,99,36,87
1,<environment.Job instance at 0x7fc266a63780>,52,17,[6 3],53,91,108,38,91
1,<environment.Job instance at 0x7fc2672911e0>,53,12,[4 8],54,99,111,45,99
1,<environment.Job instance at 0x7fc266a455f0>,60,12,[5 7],61,108,120,47,108
1,<environment.Job instance at 0x7fc266a68c30>,62,17,[8 5],63,111,128,48,111
1,<environment.Job instance at 0x7fc267900f00>,3,16,[ 3 10],4,120,136,116,120
1,<environment.Job instance at 0x7fc266a68c80>,63,13,[10  5],64,128,141,64,128
1,<environment.Job instance at 0x7fc26734e640>,67,12,[3 5],68,136,148,68,136
1,<environment.Job instance at 0x7fc267b7e8c0>,2,22,[1 8],3,3,25,0,3
1,<environment.Job instance at 0x7fc267b7e640>,10,20,[2 5],11,11,31,0,11
1,<environment.Job instance at 0x7fc267b7e1e0>,14,16,[9 2],15,19,35,4,19
1,<environment.Job instance at 0x7fc267acb8c0>,2,22,[1 8],3,3,25,0,3
1,<environment.Job instance at 0x7fc26770f960>,3,15,[3 7],4,4,19,0,4
1,<environment.Job instance at 0x7fc267b51140>,4,15,[10  3],5,19,34,14,19
1,<environment.Job instance at 0x7fc267ac5500>,21,12,[1 7],22,25,37,3,25
1,<environment.Job instance at 0x7fc267ac1780>,10,20,[2 5],11,25,45,14,25
1,<environment.Job instance at 0x7fc267abe5a0>,14,16,[9 2],15,34,50,19,34
1,<environment.Job instance at 0x7fc267ac5fa0>,20,22,[3 9],21,45,67,24,45
1,<environment.Job instance at 0x7fc267ad55a0>,37,12,[7 5],38,50,62,12,50
1,<environment.Job instance at 0x7fc267706c80>,29,14,[9 1],30,62,76,32,62
1,<environment.Job instance at 0x7fc267706730>,30,15,[2 5],31,62,77,31,62
1,<environment.Job instance at 0x7fc267adee10>,42,12,[7 4],43,76,88,33,76
1,<environment.Job instance at 0x7fc267adeaf0>,43,13,[6 3],44,76,89,32,76
1,<environment.Job instance at 0x7fc267ade960>,44,13,[1 7],45,77,90,32,77
1,<environment.Job instance at 0x7fc267ade4b0>,41,16,[6 1],42,88,104,46,88
1,<environment.Job instance at 0x7fc2670097d0>,50,17,[8 3],51,89,106,38,89
1,<environment.Job instance at 0x7fc267da3cd0>,48,18,[4 5],49,104,122,55,104
1,<environment.Job instance at 0x7fc267d7a780>,51,14,[9 3],52,106,120,54,106
1,<environment.Job instance at 0x7fc267b33730>,65,15,[ 1 10],66,120,135,54,120
1,<environment.Job instance at 0x7fc266b24e60>,59,15,[3 5],60,122,137,62,122
1,<environment.Job instance at 0x7fc267daecd0>,12,17,[10  3],13,135,152,122,135
1,<environment.Job instance at 0x7fc26702f640>,80,17,[2 7],81,135,152,54,135
1,<environment.Job instance at 0x7fc266fdb410>,10,21,[5 3],11,11,32,0,11
1,<environment.Job instance at 0x7fc266fdb4b0>,12,14,[3 7],13,13,27,0,13
1,<environment.Job instance at 0x7fc266fdb0f0>,15,12,[8 5],16,27,39,11,17
1,<environment.Job instance at 0x7fc266fdbdc0>,14,12,[11  5],15,39,51,24,24
1,<environment.Job instance at 0x7fc266fdb280>,19,12,[ 1 13],20,51,63,31,34
1,<environment.Job instance at 0x7fc266fda140>,25,22,[5 1],26,51,73,25,44
1,<environment.Job instance at 0x7fc266ff6910>,2,20,[3 5],3,3,23,0,3
1,<environment.Job instance at 0x7fc266ff66e0>,3,18,[7 1],4,4,22,0,4
1,<environment.Job instance at 0x7fc266ff45a0>,9,22,[3 7],10,10,32,0,10
1,<environment.Job instance at 0x7fc2676ddd70>,15,12,[8 5],16,23,35,7,23
1,<environment.Job instance at 0x7fc266ff44b0>,12,14,[3 7],13,34,48,21,34
1,<environment.Job instance at 0x7fc266fdde10>,6,18,[7 4],7,35,53,28,35
1,<environment.Job instance at 0x7fc267b1ae10>,33,16,[1 9],34,48,64,14,48
1,<environment.Job instance at 0x7fc267b1a0f0>,36,12,[9 1],37,53,65,16,53
1,<environment.Job instance at 0x7fc267b1a460>,32,22,[5 5],33,53,75,20,53
1,<environment.Job instance at 0x7fc267b1a140>,37,12,[ 5 10],38,65,77,27,65
1,<environment.Job instance at 0x7fc267006dc0>,50,15,[8 4],51,75,90,24,75
1,<environment.Job instance at 0x7fc267006e10>,52,15,[2 8],53,77,92,24,77
1,<environment.Job instance at 0x7fc267b1aa00>,39,16,[9 4],40,90,106,50,90
1,<environment.Job instance at 0x7fc267006be0>,53,17,[2 7],54,92,109,38,92
1,<environment.Job instance at 0x7fc267dcfb90>,66,12,[9 5],67,107,119,40,107
1,<environment.Job instance at 0x7fc267dcf370>,72,14,[ 1 10],73,109,123,36,109
1,<environment.Job instance at 0x7fc267dcf910>,69,15,[7 3],70,119,134,49,119
1,<environment.Job instance at 0x7fc267dcf190>,77,12,[1 9],78,123,135,45,123
1,<environment.Job instance at 0x7fc267ddda00>,18,18,[10  2],19,134,152,115,134
1,<environment.Job instance at 0x7fc267dcf820>,75,18,[2 7],76,136,154,60,136
1,<environment.Job instance at 0x7fc26675b7d0>,2,24,[5 3],3,3,27,0,3
1,<environment.Job instance at 0x7fc26675b050>,10,13,[4 7],11,13,26,2,13
1,<environment.Job instance at 0x7fc26675b1e0>,7,16,[5 6],8,26,42,18,22
1,<environment.Job instance at 0x7fc26675b8c0>,17,14,[ 5 11],18,42,56,24,27
1,<environment.Job instance at 0x7fc2666cc0f0>,22,13,[6 3],23,47,60,24,47
1,<environment.Job instance at 0x7fc2666cce10>,21,23,[1 5],22,56,79,34,50
1,<environment.Job instance at 0x7fc2666cc690>,25,21,[9 1],26,60,81,34,54
1,<environment.Job instance at 0x7fc2666cc4b0>,26,15,[ 1 11],27,79,94,52,65
1,<environment.Job instance at 0x7fc2666ccb90>,27,18,[1 8],28,99,117,71,99
1,<environment.Job instance at 0x7fc267357e10>,46,13,[ 3 13],47,117,130,70,103
1,<environment.Job instance at 0x7fc267357370>,41,17,[14  5],42,130,147,88,122
1,<environment.Job instance at 0x7fc267af3c80>,4,18,[5 5],5,5,23,0,5
1,<environment.Job instance at 0x7fc267af3a00>,7,16,[5 6],8,8,24,0,8
1,<environment.Job instance at 0x7fc2671b6230>,22,13,[6 3],23,23,36,0,23
1,<environment.Job instance at 0x7fc267af3be0>,10,13,[4 7],11,24,37,13,24
1,<environment.Job instance at 0x7fc2671b6b40>,13,15,[5 5],14,24,39,10,24
1,<environment.Job instance at 0x7fc2671b6870>,31,12,[5 4],32,37,49,5,37
1,<environment.Job instance at 0x7fc267006a50>,36,16,[2 6],37,37,53,0,37
1,<environment.Job instance at 0x7fc267006be0>,37,12,[9 2],38,49,61,11,49
1,<environment.Job instance at 0x7fc2670067d0>,50,18,[1 6],51,51,69,0,51
1,<environment.Job instance at 0x7fc2671b61e0>,16,14,[5 8],17,61,75,44,61
1,<environment.Job instance at 0x7fc266ff43c0>,60,15,[5 6],61,69,84,8,69
1,<environment.Job instance at 0x7fc266fcf190>,56,18,[3 8],57,75,93,18,75
1,<environment.Job instance at 0x7fc267af31e0>,8,21,[5 5],9,84,105,75,84
1,<environment.Job instance at 0x7fc2671b6960>,27,18,[1 8],28,96,114,68,96
1,<environment.Job instance at 0x7fc26675b140>,81,21,[5 2],82,96,117,14,96
1,<environment.Job instance at 0x7fc26675b9b0>,83,16,[1 5],84,106,122,22,106
1,<environment.Job instance at 0x7fc269fe6820>,84,19,[6 2],85,115,134,30,115
1,<environment.Job instance at 0x7fc26675b3c0>,82,20,[3 6],83,115,135,32,115
1,<environment.Job instance at 0x7fc269fe6f00>,87,20,[5 3],88,122,142,34,122
1,<environment.Job instance at 0x7fc266ffaa50>,98,16,[7 3],99,134,150,35,134
1,<environment.Job instance at 0x7fc269fe6d20>,91,12,[1 9],92,135,147,43,135
1,<environment.Job instance at 0x7fc269fe66e0>,0,18,[1 5],1,1,19,0,1
1,<environment.Job instance at 0x7fc269fe6050>,8,17,[3 5],9,9,26,0,9
1,<environment.Job instance at 0x7fc269fe6eb0>,11,21,[6 2],12,12,33,0,12
1,<environment.Job instance at 0x7fc266f28370>,16,12,[ 3 10],17,26,38,9,26
1,<environment.Job instance at 0x7fc2673565f0>,31,12,[7 5],32,33,45,1,33
1,<environment.Job instance at 0x7fc266ba2870>,18,12,[8 1],19,38,50,19,38
1,<environment.Job instance at 0x7fc26725bf00>,36,13,[6 3],37,45,58,8,45
1,<environment.Job instance at 0x7fc267d735f0>,38,12,[3 9],39,50,62,11,50
1,<environment.Job instance at 0x7fc267d866e0>,14,13,[10  4],15,58,71,43,58
1,<environment.Job instance at 0x7fc26761e5f0>,27,14,[5 6],28,62,76,34,62
1,<environment.Job instance at 0x7fc266f16d70>,57,13,[5 8],58,71,84,13,71
1,<environment.Job instance at 0x7fc26725b500>,37,15,[10  3],38,76,91,38,76
1,<environment.Job instance at 0x7fc266f2c320>,60,13,[5 5],61,84,97,23,84
1,<environment.Job instance at 0x7fc266f16320>,58,16,[5 2],59,91,107,32,91
1,<environment.Job instance at 0x7fc266ba8910>,34,16,[10  5],35,97,113,62,97
1,<environment.Job instance at 0x7fc2666d05a0>,78,17,[5 2],79,107,124,28,107
1,<environment.Job instance at 0x7fc266f1bfa0>,82,12,[9 4],83,114,126,31,114
1,<environment.Job instance at 0x7fc2666f99b0>,84,16,[4 9],85,124,140,39,124
1,<environment.Job instance at 0x7fc2678c5f00>,66,17,[9 4],67,127,144,60,127
1,<environment.Job instance at 0x7fc266a35eb0>,5,12,[7 2],6,6,18,0,6
1,<environment.Job instance at 0x7fc2674f3050>,12,16,[4 6],13,13,29,0,13
1,<environment.Job instance at 0x7fc2674f34b0>,10,12,[13  5],11,29,41,18,16
1,<environment.Job instance at 0x7fc266a35280>,9,23,[ 2 10],10,29,52,19,28
1,<environment.Job instance at 0x7fc2674f3a00>,15,15,[12  2],16,41,56,25,28
1,<environment.Job instance at 0x7fc2674f3280>,14,18,[ 3 14],15,56,74,41,53
1,<environment.Job instance at 0x7fc2674f31e0>,20,17,[ 2 14],21,129,146,108,129
1,<environment.Job instance at 0x7fc266b67500>,3,16,[3 8],4,4,20,0,4
1,<environment.Job instance at 0x7fc2666d5320>,4,17,[3 7],5,5,22,0,5
1,<environment.Job instance at 0x7fc2666d5fa0>,5,12,[7 2],6,20,32,14,20
1,<environment.Job instance at 0x7fc2666d2e10>,12,16,[4 6],13,20,36,7,20
1,<environment.Job instance at 0x7fc2666fc230>,21,13,[3 5],22,22,35,0,22
1,<environment.Job instance at 0x7fc2666fc280>,23,13,[6 2],24,32,45,8,32
1,<environment.Job instance at 0x7fc2666f9a00>,30,14,[5 2],31,35,49,4,35
1,<environment.Job instance at 0x7fc2666cf730>,25,14,[2 9],26,36,50,10,36
1,<environment.Job instance at 0x7fc2666e0410>,28,16,[5 4],29,45,61,16,45
1,<environment.Job instance at 0x7fc266f3aa00>,40,12,[5 5],41,50,62,9,50
1,<environment.Job instance at 0x7fc267d69780>,49,14,[5 6],50,50,64,0,50
1,<environment.Job instance at 0x7fc266a20c30>,46,13,[8 2],47,62,75,15,62
1,<environment.Job instance at 0x7fc26670dbe0>,57,13,[5 6],58,64,77,6,64
1,<environment.Job instance at 0x7fc266c8e5a0>,51,15,[9 3],52,75,90,23,75
1,<environment.Job instance at 0x7fc26761d6e0>,61,14,[5 8],62,77,91,15,77
1,<environment.Job instance at 0x7fc266bba7d0>,58,16,[9 3],59,90,106,31,90
1,<environment.Job instance at 0x7fc266a35870>,65,12,[4 5],66,91,103,25,91
1,<environment.Job instance at 0x7fc266f01140>,42,16,[4 9],43,103,119,60,103
1,<environment.Job instance at 0x7fc266c7f410>,69,16,[7 2],70,106,122,36,106
1,<environment.Job instance at 0x7fc26763c2d0>,72,14,[ 2 10],73,119,133,46,119
1,<environment.Job instance at 0x7fc26763cb40>,76,15,[8 5],77,122,137,45,122
1,<environment.Job instance at 0x7fc266a35a50>,63,17,[7 1],64,133,150,69,133
1,<environment.Job instance at 0x7fc26763c960>,79,14,[8 4],80,137,151,57,137
1,<environment.Job instance at 0x7fc26705fa50>,4,14,[1 5],5,5,19,0,5
1,<environment.Job instance at 0x7fc26705fc80>,7,14,[4 7],8,8,22,0,8
1,<environment.Job instance at 0x7fc26705feb0>,12,13,[12  4],13,22,35,9,13
1,<environment.Job instance at 0x7fc2670490f0>,13,19,[2 7],14,19,38,5,14
1,<environment.Job instance at 0x7fc267049230>,14,12,[ 4 14],15,38,50,23,21
1,<environment.Job instance at 0x7fc26705f9b0>,3,14,[ 2 13],4,50,64,46,37
1,<environment.Job instance at 0x7fc267049690>,21,13,[7 2],22,50,63,28,37
1,<environment.Job instance at 0x7fc267049960>,24,15,[5 5],25,64,79,39,50
1,<environment.Job instance at 0x7fc267049320>,16,16,[5 6],17,64,80,47,52
1,<environment.Job instance at 0x7fc26707a730>,44,17,[1 7],45,79,96,34,67
1,<environment.Job instance at 0x7fc26707a910>,47,15,[1 9],48,96,111,48,82
1,<environment.Job instance at 0x7fc26707af00>,58,14,[14  2],59,82,96,23,82
1,<environment.Job instance at 0x7fc26707afa0>,60,19,[8 1],61,96,115,35,86
1,<environment.Job instance at 0x7fc26706d3c0>,69,12,[9 4],70,115,127,45,98
1,<environment.Job instance at 0x7fc26706d640>,70,17,[4 6],71,111,128,40,102
1,<environment.Job instance at 0x7fc26706da50>,72,14,[5 9],73,127,141,54,112
1,<environment.Job instance at 0x7fc26706df50>,80,23,[14  2],81,141,164,60,135
1,<environment.Job instance at 0x7fc26762b1e0>,4,14,[1 5],5,5,19,0,5
1,<environment.Job instance at 0x7fc26762b910>,5,15,[10  4],6,6,21,0,6
1,<environment.Job instance at 0x7fc26725b5a0>,17,13,[ 1 10],18,19,32,1,19
1,<environment.Job instance at 0x7fc26762b320>,6,16,[10  5],7,21,37,14,21
1,<environment.Job instance at 0x7fc26762b280>,7,14,[4 7],8,32,46,24,32
1,<environment.Job instance at 0x7fc26725b500>,21,13,[7 2],22,37,50,15,37
1,<environment.Job instance at 0x7fc26725bb40>,15,18,[2 6],16,37,55,21,37
1,<environment.Job instance at 0x7fc26725b050>,24,15,[5 5],25,46,61,21,46
1,<environment.Job instance at 0x7fc266f29870>,36,12,[5 7],37,55,67,18,55
1,<environment.Job instance at 0x7fc26763c7d0>,41,16,[5 7],42,61,77,19,61
1,<environment.Job instance at 0x7fc26725bf50>,16,16,[5 6],17,67,83,50,67
1,<environment.Job instance at 0x7fc26763c050>,47,15,[1 9],48,78,93,30,78
1,<environment.Job instance at 0x7fc266f294b0>,29,17,[10  4],30,83,100,53,83
1,<environment.Job instance at 0x7fc26763c690>,53,14,[3 8],54,93,107,39,93
1,<environment.Job instance at 0x7fc26763c0a0>,44,17,[1 7],45,101,118,56,101
1,<environment.Job instance at 0x7fc26761d6e0>,62,17,[1 5],63,107,124,44,107
1,<environment.Job instance at 0x7fc266a350f0>,60,19,[8 1],61,107,126,46,107
1,<environment.Job instance at 0x7fc26670dbe0>,66,15,[2 6],67,118,133,51,118
1,<environment.Job instance at 0x7fc266a0b640>,70,17,[4 6],71,124,141,53,124
1,<environment.Job instance at 0x7fc266bbaf00>,69,12,[9 4],70,133,145,63,133
1,<environment.Job instance at 0x7fc2666e8500>,9,12,[6 4],10,11,23,1,11
1,<environment.Job instance at 0x7fc2666e85f0>,11,24,[3 5],12,12,36,0,12
1,<environment.Job instance at 0x7fc2666e8050>,13,16,[12  1],14,23,39,9,16
1,<environment.Job instance at 0x7fc267578550>,29,18,[6 2],30,39,57,9,30
1,<environment.Job instance at 0x7fc2671e2820>,18,15,[ 4 13],19,134,149,115,134
1,<environment.Job instance at 0x7fc2668b43c0>,2,17,[10  2],3,3,20,0,3
1,<environment.Job instance at 0x7fc2666d5fa0>,12,17,[5 3],13,13,30,0,13
1,<environment.Job instance at 0x7fc266b67730>,9,12,[6 4],10,20,32,10,20
1,<environment.Job instance at 0x7fc266b4c910>,17,15,[4 5],18,20,35,2,20
1,<environment.Job instance at 0x7fc2666d5320>,14,14,[5 4],15,30,44,15,30
1,<environment.Job instance at 0x7fc266b4c870>,16,18,[6 2],17,32,50,15,32
1,<environment.Job instance at 0x7fc2666d20f0>,20,18,[1 7],21,35,53,14,35
1,<environment.Job instance at 0x7fc2666fc2d0>,29,18,[6 2],30,44,62,14,44
1,<environment.Job instance at 0x7fc2666e0410>,32,13,[8 1],33,50,63,17,50
1,<environment.Job instance at 0x7fc266f3aa00>,44,12,[5 1],45,62,74,17,62
1,<environment.Job instance at 0x7fc266f3a9b0>,43,16,[2 8],44,62,78,18,62
1,<environment.Job instance at 0x7fc26689ad70>,3,22,[7 5],4,63,85,59,63
1,<environment.Job instance at 0x7fc267501190>,54,16,[3 7],55,78,94,23,78
1,<environment.Job instance at 0x7fc26670dbe0>,60,12,[5 5],61,85,97,24,85
1,<environment.Job instance at 0x7fc266c7f4b0>,67,14,[8 4],68,94,108,26,94
1,<environment.Job instance at 0x7fc266a0b7d0>,58,18,[1 5],59,94,112,35,94
1,<environment.Job instance at 0x7fc26763c410>,70,12,[5 5],71,97,109,26,97
1,<environment.Job instance at 0x7fc26763c500>,73,15,[7 3],74,108,123,34,108
1,<environment.Job instance at 0x7fc266c7fcd0>,68,15,[3 5],69,109,124,40,109
1,<environment.Job instance at 0x7fc26763c140>,82,13,[1 6],83,112,125,29,112
1,<environment.Job instance at 0x7fc26763c280>,84,15,[7 2],85,123,138,38,123
1,<environment.Job instance at 0x7fc266ba9f50>,59,17,[5 5],60,124,141,64,124
1,<environment.Job instance at 0x7fc266f29960>,91,14,[3 8],92,125,139,33,125
1,<environment.Job instance at 0x7fc26725b9b0>,98,13,[1 5],99,139,152,40,139
1,<environment.Job instance at 0x7fc26725b050>,99,15,[6 4],100,139,154,39,139
1,<environment.Job instance at 0x7fc267316d20>,0,13,[4 6],1,1,14,0,1
1,<environment.Job instance at 0x7fc267ac81e0>,1,14,[1 8],2,2,16,0,2
1,<environment.Job instance at 0x7fc26777b370>,5,13,[ 2 14],6,16,29,10,12
1,<environment.Job instance at 0x7fc266838af0>,8,19,[8 2],9,29,48,20,24
1,<environment.Job instance at 0x7fc266d862d0>,15,14,[ 1 11],16,47,61,31,47
1,<environment.Job instance at 0x7fc266b73140>,16,12,[ 1 11],17,61,73,44,60
1,<environment.Job instance at 0x7fc266b73aa0>,17,12,[ 5 12],18,73,85,55,72
1,<environment.Job instance at 0x7fc267cfde10>,14,20,[14  1],15,85,105,70,80
1,<environment.Job instance at 0x7fc266b738c0>,19,24,[5 3],20,105,129,85,104
1,<environment.Job instance at 0x7fc266b73780>,18,19,[11  1],19,130,149,111,130
1,<environment.Job instance at 0x7fc266c8e5a0>,0,13,[4 6],1,1,14,0,1
1,<environment.Job instance at 0x7fc26689ad70>,1,14,[1 8],2,2,16,0,2
1,<environment.Job instance at 0x7fc2667d2550>,8,19,[8 2],9,14,33,5,14
1,<environment.Job instance at 0x7fc2672952d0>,9,16,[ 1 10],10,16,32,6,16
1,<environment.Job instance at 0x7fc2705b5a50>,24,12,[6 2],25,25,37,0,25
1,<environment.Job instance at 0x7fc267aac730>,21,13,[7 3],22,33,46,11,33
1,<environment.Job instance at 0x7fc2705b5be0>,25,14,[6 3],26,37,51,11,37
1,<environment.Job instance at 0x7fc2705b5730>,33,15,[ 5 10],34,46,61,12,46
1,<environment.Job instance at 0x7fc2705b5aa0>,29,13,[10  1],30,51,64,21,51
1,<environment.Job instance at 0x7fc26749d8c0>,38,13,[2 8],39,61,74,22,61
1,<environment.Job instance at 0x7fc26749d960>,36,17,[8 5],37,64,81,27,64
1,<environment.Job instance at 0x7fc2671545a0>,60,13,[6 2],61,74,87,13,74
1,<environment.Job instance at 0x7fc2673ecf50>,69,15,[6 3],70,81,96,11,81
1,<environment.Job instance at 0x7fc267154550>,51,17,[2 8],52,82,99,30,82
1,<environment.Job instance at 0x7fc267154640>,53,18,[6 3],54,87,105,33,87
1,<environment.Job instance at 0x7fc2673ec0f0>,72,16,[8 3],73,99,115,26,99
1,<environment.Job instance at 0x7fc2673ecfa0>,74,16,[4 8],75,105,121,30,105
1,<environment.Job instance at 0x7fc2673ece10>,78,16,[9 4],79,115,131,36,115
1,<environment.Job instance at 0x7fc2673ecc30>,77,12,[1 9],78,121,133,43,121
1,<environment.Job instance at 0x7fc266b4bb90>,87,16,[2 6],88,132,148,44,132
1,<environment.Job instance at 0x7fc266b4bdc0>,92,15,[8 3],93,133,148,40,133
1,<environment.Job instance at 0x7fc267a6b780>,95,16,[2 5],96,133,149,37,133
1,<environment.Job instance at 0x7fc267aafaa0>,8,22,[5 2],9,9,31,0,9
1,<environment.Job instance at 0x7fc2667046e0>,9,20,[8 5],10,12,32,2,12
1,<environment.Job instance at 0x7fc266704f50>,10,16,[13  3],11,32,48,21,20
1,<environment.Job instance at 0x7fc266de84b0>,4,25,[ 3 14],5,48,73,43,45
1,<environment.Job instance at 0x7fc267f07eb0>,15,17,[9 2],16,73,90,57,62
1,<environment.Job instance at 0x7fc267f07280>,14,27,[6 3],15,100,127,85,100
1,<environment.Job instance at 0x7fc267f07730>,16,17,[ 5 11],17,103,120,86,103
1,<environment.Job instance at 0x7fc267f076e0>,17,16,[11  5],18,127,143,109,115
1,<environment.Job instance at 0x7fc270511cd0>,13,16,[ 2 12],14,143,159,129,130
1,<environment.Job instance at 0x7fc269fe26e0>,20,12,[7 2],21,143,155,122,131
1,<environment.Job instance at 0x7fc2673f5050>,5,16,[1 8],6,6,22,0,6
1,<environment.Job instance at 0x7fc2673f5f00>,8,22,[5 2],9,9,31,0,9
1,<environment.Job instance at 0x7fc2673f50a0>,9,20,[8 5],10,10,30,0,10
1,<environment.Job instance at 0x7fc266b52780>,20,12,[7 2],21,30,42,9,30
1,<environment.Job instance at 0x7fc267a6b8c0>,28,21,[4 5],29,31,52,2,31
1,<environment.Job instance at 0x7fc266b52aa0>,21,14,[10  5],22,42,56,20,42
1,<environment.Job instance at 0x7fc266b4bcd0>,46,12,[7 2],47,56,68,9,56
1,<environment.Job instance at 0x7fc2673eca00>,53,16,[5 3],54,56,72,2,56
1,<environment.Job instance at 0x7fc2673ec870>,55,16,[1 9],56,56,72,0,56
1,<environment.Job instance at 0x7fc2673ec190>,51,16,[9 2],52,68,84,16,68
1,<environment.Job instance at 0x7fc267a6b370>,36,22,[6 5],37,72,94,35,72
1,<environment.Job instance at 0x7fc267154f00>,67,16,[5 3],68,84,100,16,84
1,<environment.Job instance at 0x7fc2705aa0f0>,66,17,[2 7],67,84,101,17,84
1,<environment.Job instance at 0x7fc2671545a0>,68,12,[5 4],69,94,106,25,94
1,<environment.Job instance at 0x7fc2705aa280>,64,18,[7 2],65,100,118,35,100
1,<environment.Job instance at 0x7fc267154dc0>,79,16,[3 5],80,102,118,22,102
1,<environment.Job instance at 0x7fc267154aa0>,69,22,[2 6],70,106,128,36,106
1,<environment.Job instance at 0x7fc26749d820>,83,12,[2 5],84,118,130,34,118
1,<environment.Job instance at 0x7fc26749df50>,82,14,[7 1],83,118,132,35,118
1,<environment.Job instance at 0x7fc26749dfa0>,85,17,[2 6],86,128,145,42,128
1,<environment.Job instance at 0x7fc26749d140>,86,13,[9 4],87,132,145,45,132
1,<environment.Job instance at 0x7f3b71a906e0>,0,17,[6 1],1,1,18,0,1
1,<environment.Job instance at 0x7f3b68446d20>,6,15,[ 2 14],7,10,25,3,10
1,<environment.Job instance at 0x7f3b68446f00>,10,15,[5 1],11,18,33,7,11
1,<environment.Job instance at 0x7f3b6844b1e0>,11,15,[6 1],12,25,40,13,12
1,<environment.Job instance at 0x7f3b68446e60>,8,20,[ 4 13],9,25,45,16,18
1,<environment.Job instance at 0x7f3b68446fa0>,13,13,[10  3],14,45,58,31,32
1,<environment.Job instance at 0x7f3b6844b410>,16,28,[5 1],17,33,61,16,32
1,<environment.Job instance at 0x7f3b6844b5f0>,18,18,[13  1],19,61,79,42,50
1,<environment.Job instance at 0x7f3b6844b6e0>,20,17,[ 2 14],21,58,75,37,50
1,<environment.Job instance at 0x7f3b6844b870>,21,14,[ 4 11],22,79,93,57,64
1,<environment.Job instance at 0x7f3b6844b640>,22,13,[7 4],23,79,92,56,79
1,<environment.Job instance at 0x7f3b6844b9b0>,24,20,[4 6],25,93,113,68,85
1,<environment.Job instance at 0x7f3b6844baa0>,25,24,[5 7],26,95,119,69,95
1,<environment.Job instance at 0x7f3b6844baf0>,26,12,[8 5],27,113,125,86,98
1,<environment.Job instance at 0x7f3b6844b4b0>,17,19,[12  4],18,125,144,107,116
1,<environment.Job instance at 0x7f3b6844b960>,23,16,[12  2],24,144,160,120,131
1,<environment.Job instance at 0x7f3b6844fbe0>,0,17,[6 1],1,1,18,0,1
1,<environment.Job instance at 0x7f3b684d9d20>,2,20,[7 4],3,3,23,0,3
1,<environment.Job instance at 0x7f3b684469b0>,10,15,[5 1],11,18,33,7,18
1,<environment.Job instance at 0x7f3b685eeb40>,22,13,[7 4],23,23,36,0,23
1,<environment.Job instance at 0x7f3b685089b0>,26,12,[8 5],27,33,45,6,33
1,<environment.Job instance at 0x7f3b68446a00>,11,15,[6 1],12,36,51,24,36
1,<environment.Job instance at 0x7f3b685080f0>,35,16,[1 9],36,36,52,0,36
1,<environment.Job instance at 0x7f3b685f30f0>,41,12,[8 3],42,45,57,3,45
1,<environment.Job instance at 0x7f3b68562050>,43,16,[1 8],44,52,68,8,52
1,<environment.Job instance at 0x7f3b684d18c0>,13,13,[10  3],14,57,70,43,57
1,<environment.Job instance at 0x7f3b68503140>,49,13,[1 5],50,68,81,18,68
1,<environment.Job instance at 0x7f3b684ebe10>,24,20,[4 6],25,68,88,43,68
1,<environment.Job instance at 0x7f3b68508b90>,32,17,[9 3],33,70,87,37,70
1,<environment.Job instance at 0x7f3b68503230>,54,13,[7 3],55,87,100,32,87
1,<environment.Job instance at 0x7f3b685524b0>,63,12,[5 3],64,88,100,24,88
1,<environment.Job instance at 0x7f3b68503500>,51,13,[5 6],52,100,113,48,100
1,<environment.Job instance at 0x7f3b68507a50>,68,12,[7 1],69,100,112,31,100
1,<environment.Job instance at 0x7f3b68562960>,46,14,[6 5],47,112,126,65,112
1,<environment.Job instance at 0x7f3b68507f50>,71,14,[4 9],72,113,127,41,113
1,<environment.Job instance at 0x7f3b68507730>,70,15,[8 4],71,126,141,55,126
1,<environment.Job instance at 0x7f3b68507690>,75,17,[7 1],76,127,144,51,127
1,<environment.Job instance at 0x7f3b68503820>,53,17,[7 4],54,141,158,87,141
1,<environment.Job instance at 0x7f3b685077d0>,73,18,[3 5],74,144,162,70,144
1,<environment.Job instance at 0x7f3b67b982d0>,2,12,[1 5],3,3,15,0,3
1,<environment.Job instance at 0x7f3b67b986e0>,6,15,[ 2 10],7,11,26,4,11
1,<environment.Job instance at 0x7f3b67b98550>,8,24,[12  5],9,15,39,6,14
1,<environment.Job instance at 0x7f3b67ca55f0>,2,12,[1 5],3,3,15,0,3
1,<environment.Job instance at 0x7f3b67cb0f50>,5,17,[5 8],6,6,23,0,6
1,<environment.Job instance at 0x7f3b67c928c0>,12,19,[2 5],13,15,34,2,15
1,<environment.Job instance at 0x7f3b67c92910>,18,14,[6 3],19,23,37,4,23
1,<environment.Job instance at 0x7f3b67c05910>,22,17,[4 7],23,23,40,0,23
1,<environment.Job instance at 0x7f3b67bfdc80>,23,13,[5 7],24,37,50,13,37
1,<environment.Job instance at 0x7f3b67c08640>,29,16,[8 4],30,40,56,10,40
1,<environment.Job instance at 0x7f3b67bfd5f0>,21,14,[ 5 10],22,50,64,28,50
1,<environment.Job instance at 0x7f3b67c0c0f0>,43,15,[9 5],44,56,71,12,56
1,<environment.Job instance at 0x7f3b67bf4370>,6,15,[ 2 10],7,64,79,57,64
1,<environment.Job instance at 0x7f3b67c70190>,36,17,[9 2],37,71,88,34,71
1,<environment.Job instance at 0x7f3b67c17410>,53,15,[6 1],54,79,94,25,79
1,<environment.Job instance at 0x7f3b67c0c460>,48,14,[7 1],49,88,102,39,88
1,<environment.Job instance at 0x7f3b67c135a0>,37,16,[1 7],38,88,104,50,88
1,<environment.Job instance at 0x7f3b67c0f8c0>,54,18,[5 4],55,94,112,39,94
1,<environment.Job instance at 0x7f3b67c0cdc0>,46,18,[7 1],47,102,120,55,102
1,<environment.Job instance at 0x7f3b67c655a0>,64,13,[2 5],65,105,118,40,105
1,<environment.Job instance at 0x7f3b67d50460>,79,12,[4 8],80,112,124,32,112
1,<environment.Job instance at 0x7f3b67e6d780>,76,15,[8 5],77,121,136,44,121
1,<environment.Job instance at 0x7f3b67c20e60>,80,19,[4 7],81,126,145,45,126
1,<environment.Job instance at 0x7f3b67c4c870>,86,13,[4 8],87,136,149,49,136
1,<environment.Job instance at 0x7f3b67c4ce10>,87,16,[8 4],88,145,161,57,145
1,<environment.Job instance at 0x7f3b67c4c280>,90,13,[2 7],91,149,162,58,149
1,<environment.Job instance at 0x7f3b67aec8c0>,0,12,[5 5],1,1,13,0,1
1,<environment.Job instance at 0x7f3b67a07af0>,10,14,[7 1],11,11,25,0,11
1,<environment.Job instance at 0x7f3b67a07730>,13,23,[ 1 11],14,14,37,0,14
1,<environment.Job instance at 0x7f3b67a07aa0>,11,12,[12  3],12,25,37,13,17
1,<environment.Job instance at 0x7f3b67a070a0>,14,12,[4 7],15,37,49,22,21
1,<environment.Job instance at 0x7f3b67a07190>,16,13,[14  5],17,49,62,32,33
1,<environment.Job instance at 0x7f3b67aec370>,5,14,[ 3 14],6,62,76,56,55
1,<environment.Job instance at 0x7f3b67a07820>,18,23,[4 8],19,76,99,57,71
1,<environment.Job instance at 0x7f3b67a07f50>,20,14,[3 7],21,76,90,55,71
1,<environment.Job instance at 0x7f3b67a07140>,19,19,[ 3 11],20,99,118,79,91
1,<environment.Job instance at 0x7f3b67a07a50>,12,28,[6 3],13,95,123,82,95
1,<environment.Job instance at 0x7f3b67a07640>,17,16,[ 5 11],18,118,134,100,107
1,<environment.Job instance at 0x7f3b67a074b0>,21,15,[13  3],22,134,149,112,121
1,<environment.Job instance at 0x7f3b67ae1140>,24,16,[ 4 10],25,149,165,124,137
1,<environment.Job instance at 0x7f3b67ae14b0>,29,12,[ 5 12],30,165,177,135,148
1,<environment.Job instance at 0x7f3b68249b90>,0,12,[5 5],1,1,13,0,1
1,<environment.Job instance at 0x7f3b682499b0>,3,18,[9 5],4,4,22,0,4
1,<environment.Job instance at 0x7f3b688d3dc0>,4,18,[1 7],5,13,31,8,13
1,<environment.Job instance at 0x7f3b68c0f320>,14,12,[4 7],15,22,34,7,22
1,<environment.Job instance at 0x7f3b67d48a50>,10,14,[7 1],11,22,36,11,22
1,<environment.Job instance at 0x7f3b68bee050>,20,14,[3 7],21,31,45,10,31
1,<environment.Job instance at 0x7f3b67ded640>,34,12,[2 7],35,36,48,1,36
1,<environment.Job instance at 0x7f3b71608410>,25,20,[5 8],26,45,65,19,45
1,<environment.Job instance at 0x7f3b6824a780>,44,17,[7 1],45,48,65,3,48
1,<environment.Job instance at 0x7f3b67dc1960>,59,12,[6 4],60,65,77,5,65
1,<environment.Job instance at 0x7f3b67e270f0>,32,13,[2 9],33,65,78,32,65
1,<environment.Job instance at 0x7f3b67dc1640>,58,14,[3 6],59,77,91,18,77
1,<environment.Job instance at 0x7f3b67deab90>,68,16,[5 2],69,78,94,9,78
1,<environment.Job instance at 0x7f3b67bf24b0>,70,12,[ 1 10],71,91,103,20,91
1,<environment.Job instance at 0x7f3b67e4baa0>,75,13,[5 5],76,94,107,18,94
1,<environment.Job instance at 0x7f3b689fd0f0>,24,16,[ 4 10],25,104,120,79,104
1,<environment.Job instance at 0x7f3b67debfa0>,85,17,[7 4],86,107,124,21,107
1,<environment.Job instance at 0x7f3b67ccae60>,89,13,[1 7],90,120,133,30,120
1,<environment.Job instance at 0x7f3b67d6d640>,99,16,[4 5],100,124,140,24,124
1,<environment.Job instance at 0x7f3b67ef5be0>,102,14,[4 5],103,133,147,30,133
1,<environment.Job instance at 0x7f3b67ef5820>,105,13,[5 6],106,140,153,34,140
1,<environment.Job instance at 0x7f3b67f5f3c0>,43,17,[5 9],44,148,165,104,148
1,<environment.Job instance at 0x7f3b67edc910>,2,19,[7 3],3,3,22,0,3
1,<environment.Job instance at 0x7f3b67edcf00>,6,15,[2 6],7,7,22,0,7
1,<environment.Job instance at 0x7f3b67edcaa0>,7,14,[8 4],8,22,36,14,8
1,<environment.Job instance at 0x7f3b67edcfa0>,10,15,[5 2],11,11,26,0,11
1,<environment.Job instance at 0x7f3b67edcdc0>,15,12,[12  2],16,36,48,20,19
1,<environment.Job instance at 0x7f3b67f48d70>,20,14,[ 1 14],21,48,62,27,33
1,<environment.Job instance at 0x7f3b67edcd20>,21,14,[5 3],22,62,76,40,47
1,<environment.Job instance at 0x7f3b67f48cd0>,25,21,[4 8],26,62,83,36,54
1,<environment.Job instance at 0x7f3b67f485f0>,26,17,[5 4],27,68,85,41,68
1,<environment.Job instance at 0x7f3b67f48230>,24,20,[7 5],25,83,103,58,80
1,<environment.Job instance at 0x7f3b67de6690>,2,19,[7 3],3,3,22,0,3
1,<environment.Job instance at 0x7f3b67de8870>,5,18,[5 5],6,6,24,0,6
1,<environment.Job instance at 0x7f3b67e8b6e0>,6,15,[2 6],7,7,22,0,7
1,<environment.Job instance at 0x7f3b67e96410>,12,13,[10  4],13,22,35,9,22
1,<environment.Job instance at 0x7f3b67e20410>,21,14,[5 3],22,24,38,2,24
1,<environment.Job instance at 0x7f3b67de85f0>,7,14,[8 4],8,35,49,27,35
1,<environment.Job instance at 0x7f3b67ef50f0>,17,15,[ 4 10],18,38,53,20,38
1,<environment.Job instance at 0x7f3b67deab90>,39,12,[5 5],40,49,61,9,49
1,<environment.Job instance at 0x7f3b67e90690>,10,15,[5 2],11,53,68,42,53
1,<environment.Job instance at 0x7f3b67b9a050>,44,16,[4 6],45,53,69,8,53
1,<environment.Job instance at 0x7f3b67e20460>,26,17,[5 4],27,61,78,34,61
1,<environment.Job instance at 0x7f3b67e4bbe0>,41,17,[5 4],42,68,85,26,68
1,<environment.Job instance at 0x7f3b67e69aa0>,13,20,[4 7],14,69,89,55,69
1,<environment.Job instance at 0x7f3b67dc1fa0>,50,15,[3 5],51,85,100,34,85
1,<environment.Job instance at 0x7f3b67dc1960>,46,16,[7 2],47,85,101,38,85
1,<environment.Job instance at 0x7f3b68d36410>,64,13,[5 5],65,89,102,24,89
1,<environment.Job instance at 0x7f3b67dc22d0>,67,16,[9 4],68,101,117,33,101
1,<environment.Job instance at 0x7f3b67b9a230>,45,16,[1 9],46,102,118,56,102
1,<environment.Job instance at 0x7f3b68f3ab40>,70,14,[9 5],71,117,131,46,117
1,<environment.Job instance at 0x7f3b67dc3d70>,52,17,[5 5],53,118,135,65,118
1,<environment.Job instance at 0x7f3b68fc0410>,79,14,[7 2],80,132,146,52,132
1,<environment.Job instance at 0x7f3b68c0fb90>,83,13,[1 6],84,132,145,48,132
1,<environment.Job instance at 0x7f3b68fc0550>,78,15,[1 7],79,135,150,56,135
1,<environment.Job instance at 0x7f3b67e6eb90>,85,15,[1 6],86,145,160,59,145
1,<environment.Job instance at 0x7f3b68d41c30>,86,13,[5 2],87,146,159,59,146
1,<environment.Job instance at 0x7f3b68b6ff50>,0,14,[5 1],1,1,15,0,1
1,<environment.Job instance at 0x7f3b6889ab90>,8,14,[5 8],9,12,26,3,12
1,<environment.Job instance at 0x7f3b6889af50>,5,14,[11  2],6,26,40,20,15
1,<environment.Job instance at 0x7f3b6889a0a0>,3,20,[ 2 11],4,26,46,22,19
1,<environment.Job instance at 0x7f3b688cb500>,29,15,[1 8],30,46,61,16,32
1,<environment.Job instance at 0x7f3b685b28c0>,0,14,[5 1],1,1,15,0,1
1,<environment.Job instance at 0x7f3b68fc6410>,4,14,[8 4],5,5,19,0,5
1,<environment.Job instance at 0x7f3b685e80a0>,6,21,[ 1 10],7,7,28,0,7
1,<environment.Job instance at 0x7f3b68f2f410>,20,12,[2 8],21,28,40,7,28
1,<environment.Job instance at 0x7f3b688567d0>,21,13,[6 4],22,28,41,6,28
1,<environment.Job instance at 0x7f3b684f5d70>,16,15,[6 1],17,28,43,11,28
1,<environment.Job instance at 0x7f3b68856410>,28,12,[3 5],29,40,52,11,40
1,<environment.Job instance at 0x7f3b68856aa0>,24,13,[5 7],25,41,54,16,41
1,<environment.Job instance at 0x7f3b67fdacd0>,8,14,[5 8],9,52,66,43,52
1,<environment.Job instance at 0x7f3b68d2d6e0>,35,18,[3 7],36,54,72,18,54
1,<environment.Job instance at 0x7f3b68c29820>,29,15,[1 8],30,66,81,36,66
1,<environment.Job instance at 0x7f3b67f48f50>,40,17,[5 2],41,72,89,31,72
1,<environment.Job instance at 0x7f3b68856280>,27,18,[8 3],28,72,90,44,72
1,<environment.Job instance at 0x7f3b71c0ae60>,42,12,[6 2],43,89,101,46,89
1,<environment.Job instance at 0x7f3b68856640>,26,14,[4 9],27,90,104,63,90
1,<environment.Job instance at 0x7f3b68249410>,49,16,[7 4],50,101,117,51,101
1,<environment.Job instance at 0x7f3b719c6f50>,52,12,[7 2],53,104,116,51,104
1,<environment.Job instance at 0x7f3b682493c0>,46,16,[8 2],47,116,132,69,116
1,<environment.Job instance at 0x7f3b682499b0>,45,16,[6 2],46,117,133,71,117
1,<environment.Job instance at 0x7f3b68f3ab40>,63,12,[9 1],64,132,144,68,132
1,<environment.Job instance at 0x7f3b71c0abe0>,41,18,[4 9],42,133,151,91,133
1,<environment.Job instance at 0x7f3b67ded460>,72,16,[5 4],73,144,160,71,144
1,<environment.Job instance at 0x7f3b67e30190>,5,22,[6 2],6,6,28,0,6
1,<environment.Job instance at 0x7f3b67e30be0>,10,14,[2 7],11,11,25,0,11
1,<environment.Job instance at 0x7f3b67e30410>,6,23,[9 1],7,25,48,18,20
1,<environment.Job instance at 0x7f3b67e30c80>,12,14,[12  1],13,48,62,35,33
1,<environment.Job instance at 0x7f3b67e30230>,13,16,[6 2],14,62,78,48,49
1,<environment.Job instance at 0x7f3b67e309b0>,11,14,[5 7],12,62,76,50,56
1,<environment.Job instance at 0x7f3b67e30d20>,15,13,[ 5 11],16,76,89,60,63
1,<environment.Job instance at 0x7f3b67e30780>,9,15,[9 2],10,78,93,68,71
1,<environment.Job instance at 0x7f3b67e75be0>,16,12,[ 3 14],17,93,105,76,78
1,<environment.Job instance at 0x7f3b67e75780>,18,13,[ 2 13],19,105,118,86,89
1,<environment.Job instance at 0x7f3b67e75550>,19,14,[13  2],20,105,119,85,90
1,<environment.Job instance at 0x7f3b67e750f0>,17,14,[2 9],18,118,132,100,108
1,<environment.Job instance at 0x7f3b67e75cd0>,20,18,[11  2],21,119,137,98,110
1,<environment.Job instance at 0x7f3b67e75500>,22,20,[ 2 12],23,132,152,109,125
1,<environment.Job instance at 0x7f3b67e75730>,23,20,[13  1],24,137,157,113,128
1,<environment.Job instance at 0x7f3b67e75f00>,24,13,[4 5],25,157,170,132,142
1,<environment.Job instance at 0x7f3b67e4baa0>,5,22,[6 2],6,6,28,0,6
1,<environment.Job instance at 0x7f3b67e4bfa0>,9,15,[9 2],10,10,25,0,10
1,<environment.Job instance at 0x7f3b68b2c460>,10,14,[2 7],11,25,39,14,25
1,<environment.Job instance at 0x7f3b68c0fe60>,13,16,[6 2],14,25,41,11,25
1,<environment.Job instance at 0x7f3b68237a00>,24,13,[4 5],25,28,41,3,28
1,<environment.Job instance at 0x7f3b67ead960>,11,14,[5 7],12,39,53,27,39
1,<environment.Job instance at 0x7f3b67e88f50>,27,17,[8 3],28,41,58,13,41
1,<environment.Job instance at 0x7f3b683eedc0>,38,14,[5 2],39,53,67,14,53
1,<environment.Job instance at 0x7f3b67edc140>,17,14,[2 9],18,53,67,35,53
1,<environment.Job instance at 0x7f3b67df6c30>,41,15,[6 3],42,58,73,16,58
1,<environment.Job instance at 0x7f3b681c6fa0>,51,15,[5 4],52,67,82,15,67
1,<environment.Job instance at 0x7f3b67eef280>,34,16,[1 6],35,67,83,32,67
1,<environment.Job instance at 0x7f3b6802e5a0>,56,14,[7 3],57,73,87,16,73
1,<environment.Job instance at 0x7f3b685cf730>,65,12,[5 5],66,82,94,16,82
1,<environment.Job instance at 0x7f3b67e88190>,29,18,[2 7],30,83,101,53,83
1,<environment.Job instance at 0x7f3b68402870>,71,14,[8 3],72,94,108,22,94
1,<environment.Job instance at 0x7f3b683e3410>,47,17,[ 1 10],48,102,119,54,102
1,<environment.Job instance at 0x7f3b68402e60>,72,13,[10  5],73,108,121,35,108
1,<environment.Job instance at 0x7f3b683c6280>,82,19,[3 6],83,120,139,37,120
1,<environment.Job instance at 0x7f3b67c5b460>,42,16,[9 3],43,122,138,79,122
1,<environment.Job instance at 0x7f3b68402d70>,69,17,[8 3],70,138,155,68,138
1,<environment.Job instance at 0x7f3b68f6c280>,110,16,[6 3],111,139,155,28,139
1,<environment.Job instance at 0x7f3b680fa1e0>,4,14,[4 8],5,5,19,0,5
1,<environment.Job instance at 0x7f3b680fa0f0>,8,13,[4 5],9,10,23,1,10
1,<environment.Job instance at 0x7f3b680fa5a0>,9,14,[13  3],10,23,37,13,11
1,<environment.Job instance at 0x7f3b680fccd0>,11,14,[10  4],12,37,51,25,22
1,<environment.Job instance at 0x7f3b680fa730>,10,24,[3 9],11,37,61,26,33
1,<environment.Job instance at 0x7f3b680fc870>,14,27,[1 9],15,70,97,55,70
1,<environment.Job instance at 0x7f3b686cc820>,4,14,[4 8],5,5,19,0,5
1,<environment.Job instance at 0x7f3b6896b550>,8,13,[4 5],9,9,22,0,9
1,<environment.Job instance at 0x7f3b68bb7dc0>,11,14,[10  4],12,19,33,7,19
1,<environment.Job instance at 0x7f3b67d16a50>,21,15,[2 7],22,22,37,0,22
1,<environment.Job instance at 0x7f3b684fce10>,22,17,[3 5],23,33,50,10,33
1,<environment.Job instance at 0x7f3b715f51e0>,35,14,[10  1],36,36,50,0,36
1,<environment.Job instance at 0x7f3b6802e5a0>,31,21,[2 9],32,37,58,5,37
1,<environment.Job instance at 0x7f3b67dd80a0>,36,12,[9 5],37,50,62,13,50
1,<environment.Job instance at 0x7f3b68237a00>,42,12,[5 2],43,58,70,15,58
1,<environment.Job instance at 0x7f3b67b3dc30>,44,12,[7 2],45,62,74,17,62
1,<environment.Job instance at 0x7f3b68b2c460>,47,12,[7 2],48,70,82,22,70
1,<environment.Job instance at 0x7f3b67e4b2d0>,56,13,[8 4],57,74,87,17,74
1,<environment.Job instance at 0x7f3b67d431e0>,40,16,[5 4],41,82,98,41,82
1,<environment.Job instance at 0x7f3b67e4b0f0>,58,16,[6 5],59,87,103,28,87
1,<environment.Job instance at 0x7f3b683e3cd0>,62,16,[6 3],63,98,114,35,98
1,<environment.Job instance at 0x7f3b68098640>,65,16,[6 4],66,103,119,37,103
1,<environment.Job instance at 0x7f3b6907fa50>,69,12,[5 4],70,114,126,44,114
1,<environment.Job instance at 0x7f3b683d16e0>,71,13,[9 3],72,119,132,47,119
1,<environment.Job instance at 0x7f3b67e4bb40>,57,17,[6 2],58,126,143,68,126
1,<environment.Job instance at 0x7f3b68858aa0>,72,14,[8 4],73,132,146,59,132
1,<environment.Job instance at 0x7f3b688cadc0>,78,13,[7 1],79,143,156,64,143
1,<environment.Job instance at 0x7f3b688ca190>,76,16,[7 5],77,146,162,69,146
1,<environment.Job instance at 0x7f3b67e66500>,6,14,[5 7],7,7,21,0,7
1,<environment.Job instance at 0x7f3b67e66640>,7,12,[3 8],8,8,20,0,8
1,<environment.Job instance at 0x7f3b71cdcaf0>,12,22,[14  4],13,21,43,8,20
1,<environment.Job instance at 0x7f3b71a25280>,10,18,[ 2 11],11,43,61,32,35
1,<environment.Job instance at 0x7f3b71cdcc30>,13,27,[5 3],14,43,70,29,41
1,<environment.Job instance at 0x7f3b67e66550>,11,12,[13  5],12,70,82,58,53
1,<environment.Job instance at 0x7f3b67d2af50>,16,13,[13  1],17,82,95,65,72
1,<environment.Job instance at 0x7f3b67d2ab40>,18,13,[2 9],19,78,91,59,78
1,<environment.Job instance at 0x7f3b71cdc780>,15,24,[8 3],16,95,119,79,90
1,<environment.Job instance at 0x7f3b67d2abe0>,20,27,[5 9],21,95,122,74,93
1,<environment.Job instance at 0x7f3b67d2a5a0>,21,12,[6 3],22,119,131,97,102
1,<environment.Job instance at 0x7f3b67d2adc0>,24,17,[5 1],25,122,139,97,110
1,<environment.Job instance at 0x7f3b67d2a870>,23,21,[1 5],24,122,143,98,114
1,<environment.Job instance at 0x7f3b67d2ab90>,29,17,[7 5],30,131,148,101,121
1,<environment.Job instance at 0x7f3b67d2a8c0>,32,20,[13  3],33,148,168,115,140
1,<environment.Job instance at 0x7f3b686c3eb0>,3,18,[6 4],4,4,22,0,4
1,<environment.Job instance at 0x7f3b686c3e60>,4,18,[9 1],5,5,23,0,5
1,<environment.Job instance at 0x7f3b67c13cd0>,7,12,[3 8],8,22,34,14,22
1,<environment.Job instance at 0x7f3b683e4f50>,21,12,[6 3],22,23,35,1,23
1,<environment.Job instance at 0x7f3b67e56e60>,24,17,[5 1],25,25,42,0,25
1,<environment.Job instance at 0x7f3b683fab40>,18,13,[2 9],19,34,47,15,34
1,<environment.Job instance at 0x7f3b68399780>,29,17,[7 5],30,35,52,5,35
1,<environment.Job instance at 0x7f3b6863b8c0>,34,12,[3 7],35,47,59,12,47
1,<environment.Job instance at 0x7f3b686cc5f0>,42,13,[9 3],43,52,65,9,52
1,<environment.Job instance at 0x7f3b67e56aa0>,23,21,[1 5],24,52,73,28,52
1,<environment.Job instance at 0x7f3b686cc870>,44,13,[5 5],45,59,72,14,59
1,<environment.Job instance at 0x7f3b689f5af0>,6,14,[5 7],7,72,86,65,72
1,<environment.Job instance at 0x7f3b67e661e0>,59,18,[8 2],60,72,90,12,72
1,<environment.Job instance at 0x7f3b681c6960>,69,14,[4 7],70,87,101,17,87
1,<environment.Job instance at 0x7f3b6896b550>,38,14,[5 7],39,90,104,51,90
1,<environment.Job instance at 0x7f3b681b2910>,68,15,[7 4],69,102,117,33,102
1,<environment.Job instance at 0x7f3b683e39b0>,72,17,[6 5],73,104,121,31,104
1,<environment.Job instance at 0x7f3b67e88050>,79,18,[2 5],80,105,123,25,105
1,<environment.Job instance at 0x7f3b681b2a50>,70,19,[5 2],71,117,136,46,117
1,<environment.Job instance at 0x7f3b67bf27d0>,86,15,[4 7],87,121,136,34,121
1,<environment.Job instance at 0x7f3b67e88870>,81,21,[2 6],82,123,144,41,123
1,<environment.Job instance at 0x7f3b67bf2550>,85,15,[9 4],86,136,151,50,136
1,<environment.Job instance at 0x7f3b67dcecd0>,90,18,[5 5],91,144,162,53,144
1,<environment.Job instance at 0x7f3b6789c6e0>,5,19,[3 8],6,6,25,0,6
1,<environment.Job instance at 0x7f3b6789c1e0>,10,14,[8 2],11,12,26,1,12
1,<environment.Job instance at 0x7f3b678e9410>,12,12,[ 4 14],13,26,38,13,16
1,<environment.Job instance at 0x7f3b678e90f0>,13,18,[4 5],14,38,56,24,30
1,<environment.Job instance at 0x7f3b678e9c30>,11,21,[9 5],12,38,59,26,34
1,<environment.Job instance at 0x7f3b678e9e10>,15,13,[4 6],16,56,69,40,40
1,<environment.Job instance at 0x7f3b678e95a0>,25,23,[6 2],26,59,82,33,53
1,<environment.Job instance at 0x7f3b678e9050>,23,16,[3 5],24,59,75,35,54
1,<environment.Job instance at 0x7f3b678e9320>,17,13,[ 5 12],18,75,88,57,64
1,<environment.Job instance at 0x7f3b678e9640>,14,18,[14  1],15,88,106,73,78
1,<environment.Job instance at 0x7f3b678e92d0>,29,24,[ 3 13],30,106,130,76,101
1,<environment.Job instance at 0x7f3b678e9870>,16,15,[12  1],17,109,124,92,109
1,<environment.Job instance at 0x7f3b678e9cd0>,30,14,[9 5],31,130,144,99,116
1,<environment.Job instance at 0x7f3b678e9d20>,27,13,[14  2],28,144,157,116,128
1,<environment.Job instance at 0x7f3b678e96e0>,32,24,[1 5],33,130,154,97,128
1,<environment.Job instance at 0x7f3b678867d0>,37,12,[4 7],38,157,169,119,140
1,<environment.Job instance at 0x7f3b678869b0>,38,15,[6 4],39,157,172,118,143
1,<environment.Job instance at 0x7f3b6869cb40>,5,19,[3 8],6,6,25,0,6
1,<environment.Job instance at 0x7f3b67a448c0>,10,14,[8 2],11,11,25,0,11
1,<environment.Job instance at 0x7f3b676e1690>,13,18,[4 5],14,14,32,0,14
1,<environment.Job instance at 0x7f3b676e1d20>,15,13,[4 6],16,25,38,9,25
1,<environment.Job instance at 0x7f3b676e47d0>,30,14,[9 5],31,32,46,1,32
1,<environment.Job instance at 0x7f3b676e15a0>,23,16,[3 5],24,38,54,14,38
1,<environment.Job instance at 0x7f3b676f0fa0>,37,12,[4 7],38,46,58,8,46
1,<environment.Job instance at 0x7f3b676f0190>,38,15,[6 4],39,54,69,15,54
1,<environment.Job instance at 0x7f3b676f3c80>,40,15,[ 5 10],41,58,73,17,58
1,<environment.Job instance at 0x7f3b6826c820>,19,17,[10  4],20,69,86,49,69
1,<environment.Job instance at 0x7f3b6845cc30>,42,17,[ 2 10],43,73,90,30,73
1,<environment.Job instance at 0x7f3b682455a0>,51,15,[5 5],52,86,101,34,86
1,<environment.Job instance at 0x7f3b676f0eb0>,39,17,[3 8],40,91,108,51,91
1,<environment.Job instance at 0x7f3b68470320>,45,17,[9 5],46,101,118,55,101
1,<environment.Job instance at 0x7f3b68458e10>,58,18,[ 3 10],59,108,126,49,108
1,<environment.Job instance at 0x7f3b68f8ea50>,63,16,[7 4],64,118,134,54,118
1,<environment.Job instance at 0x7f3b676dd280>,83,13,[7 3],84,126,139,42,126
1,<environment.Job instance at 0x7f3b6857b230>,74,14,[3 5],75,134,148,59,134
1,<environment.Job instance at 0x7f3b6843bd20>,57,20,[3 6],58,134,154,76,134
1,<environment.Job instance at 0x7f3b689f82d0>,94,18,[7 4],95,139,157,44,139
1,<environment.Job instance at 0x7f3b688560f0>,0,20,[1 9],1,1,21,0,1
1,<environment.Job instance at 0x7f3b68856b90>,3,14,[5 5],4,4,18,0,4
1,<environment.Job instance at 0x7f3b68856460>,7,12,[1 8],8,21,33,13,8
1,<environment.Job instance at 0x7f3b68856190>,9,13,[8 2],10,32,45,22,32
1,<environment.Job instance at 0x7f3b71982190>,0,20,[1 9],1,1,21,0,1
1,<environment.Job instance at 0x7f3b71982410>,3,14,[5 5],4,4,18,0,4
1,<environment.Job instance at 0x7f3b68c983c0>,9,13,[8 2],10,18,31,8,18
1,<environment.Job instance at 0x7f3b69078eb0>,7,12,[1 8],8,21,33,13,21
1,<environment.Job instance at 0x7f3b68b4a730>,26,12,[9 3],27,31,43,4,31
1,<environment.Job instance at 0x7f3b684712d0>,17,14,[ 3 10],18,33,47,15,33
1,<environment.Job instance at 0x7f3b68015f50>,43,14,[7 3],44,44,58,0,44
1,<environment.Job instance at 0x7f3b689d9c30>,34,12,[1 9],35,47,59,12,47
1,<environment.Job instance at 0x7f3b676dd2d0>,54,14,[10  5],55,58,72,3,58
1,<environment.Job instance at 0x7f3b676dd280>,53,16,[ 3 10],54,60,76,6,60
1,<environment.Job instance at 0x7f3b67a4b320>,61,14,[5 1],62,72,86,10,72
1,<environment.Job instance at 0x7f3b684696e0>,63,15,[5 5],64,76,91,12,76
1,<environment.Job instance at 0x7f3b686cf820>,62,17,[5 5],63,76,93,13,76
1,<environment.Job instance at 0x7f3b676dd9b0>,56,21,[5 5],57,86,107,29,86
1,<environment.Job instance at 0x7f3b6843b140>,75,13,[3 6],76,94,107,18,94
1,<environment.Job instance at 0x7f3b682deaf0>,80,12,[ 3 10],81,107,119,26,107
1,<environment.Job instance at 0x7f3b68f8e6e0>,71,14,[5 5],72,107,121,35,107
1,<environment.Job instance at 0x7f3b676f3cd0>,88,18,[7 2],89,120,138,31,120
1,<environment.Job instance at 0x7f3b67ea8e10>,12,22,[2 8],13,120,142,107,120
1,<environment.Job instance at 0x7f3b686d2a50>,65,20,[6 5],66,121,141,55,121
1,<environment.Job instance at 0x7f3b6846da50>,95,18,[6 1],96,138,156,42,138
1,<environment.Job instance at 0x7f3b676e45a0>,97,15,[4 9],98,143,158,45,143
1,<environment.Job instance at 0x7f3b687675a0>,4,14,[9 3],5,5,19,0,5
1,<environment.Job instance at 0x7f3b68854aa0>,1,14,[9 3],2,2,16,0,2
1,<environment.Job instance at 0x7f3b68c167d0>,14,12,[ 4 10],15,15,27,0,15
1,<environment.Job instance at 0x7f3b68c16690>,15,13,[3 5],16,16,29,0,16
1,<environment.Job instance at 0x7f3b688544b0>,4,14,[9 3],5,27,41,22,27
1,<environment.Job instance at 0x7f3b68c165a0>,17,20,[1 5],18,27,47,9,27
1,<environment.Job instance at 0x7f3b6826caf0>,22,21,[5 4],23,29,50,6,29
1,<environment.Job instance at 0x7f3b676e1690>,26,16,[8 1],27,41,57,14,41
1,<environment.Job instance at 0x7f3b68c16c80>,16,18,[2 9],17,47,65,30,47
1,<environment.Job instance at 0x7f3b676e1e60>,29,18,[5 5],30,50,68,20,50
1,<environment.Job instance at 0x7f3b676f0e10>,43,15,[3 7],44,65,80,21,65
1,<environment.Job instance at 0x7f3b676f0eb0>,44,15,[10  3],45,68,83,23,68
1,<environment.Job instance at 0x7f3b6843bf00>,61,12,[1 7],62,80,92,18,80
1,<environment.Job instance at 0x7f3b676d3910>,69,14,[9 1],70,83,97,13,83
1,<environment.Job instance at 0x7f3b6823b050>,70,15,[2 5],71,83,98,12,83
1,<environment.Job instance at 0x7f3b68578640>,28,17,[4 8],29,92,109,63,92
1,<environment.Job instance at 0x7f3b684703c0>,54,16,[9 2],55,97,113,42,97
1,<environment.Job instance at 0x7f3b6825c460>,79,20,[ 4 10],80,110,130,30,110
1,<environment.Job instance at 0x7f3b676dd370>,77,12,[7 5],78,113,125,35,113
1,<environment.Job instance at 0x7f3b676ddeb0>,82,12,[7 4],83,125,137,42,125
1,<environment.Job instance at 0x7f3b689f8d70>,83,13,[6 3],84,131,144,47,131
1,<environment.Job instance at 0x7f3b68577eb0>,84,13,[1 7],85,131,144,46,131
1,<environment.Job instance at 0x7f3b676dd230>,81,16,[6 1],82,137,153,55,137
1,<environment.Job instance at 0x7f3b68015780>,88,18,[4 5],89,144,162,55,144
1,<environment.Job instance at 0x7f3b68b775a0>,80,21,[4 7],81,144,165,63,144
1,<environment.Job instance at 0x7f3b678fa3c0>,1,15,[1 6],2,2,17,0,2
1,<environment.Job instance at 0x7f3b678fa0a0>,2,21,[2 6],3,3,24,0,3
1,<environment.Job instance at 0x7f3b68a22550>,10,24,[14  1],11,24,48,13,19
1,<environment.Job instance at 0x7f3b68a22f50>,13,16,[8 2],14,48,64,34,37
1,<environment.Job instance at 0x7f3b68b48f50>,19,16,[5 5],20,48,64,28,37
1,<environment.Job instance at 0x7f3b68b48370>,17,22,[2 6],18,48,70,30,41
1,<environment.Job instance at 0x7f3b68c0b410>,46,12,[11  1],47,64,76,17,49
1,<environment.Job instance at 0x7f3b68c0bb90>,42,14,[3 7],43,70,84,27,55
1,<environment.Job instance at 0x7f3b68c0b190>,52,24,[5 5],53,76,100,23,71
1,<environment.Job instance at 0x7f3b68c0b7d0>,55,22,[5 1],56,76,98,20,74
1,<environment.Job instance at 0x7f3b68c0b820>,53,15,[ 4 11],54,100,115,46,88
1,<environment.Job instance at 0x7f3b68a220a0>,4,13,[ 1 13],5,115,128,110,101
1,<environment.Job instance at 0x7f3b68c0baa0>,51,21,[14  1],52,115,136,63,107
1,<environment.Job instance at 0x7f3b68ab78c0>,59,21,[ 4 10],60,136,157,76,128
1,<environment.Job instance at 0x7f3b68ab7cd0>,60,16,[ 2 12],61,157,173,96,147
1,<environment.Job instance at 0x7f3b68712e60>,1,15,[1 6],2,2,17,0,2
1,<environment.Job instance at 0x7f3b67895410>,2,21,[2 6],3,3,24,0,3
1,<environment.Job instance at 0x7f3b687122d0>,6,20,[9 3],7,7,27,0,7
1,<environment.Job instance at 0x7f3b679ff5a0>,17,22,[2 6],18,18,40,0,18
1,<environment.Job instance at 0x7f3b67a33730>,15,14,[7 1],16,27,41,11,27
1,<environment.Job instance at 0x7f3b679fff00>,19,16,[5 5],20,27,43,7,27
1,<environment.Job instance at 0x7f3b67a33cd0>,13,16,[8 2],14,41,57,27,41
1,<environment.Job instance at 0x7f3b67a23dc0>,28,18,[1 8],29,41,59,12,41
1,<environment.Job instance at 0x7f3b67a0f460>,18,17,[5 5],19,43,60,24,43
1,<environment.Job instance at 0x7f3b678adbe0>,22,17,[9 1],23,57,74,34,57
1,<environment.Job instance at 0x7f3b6830e2d0>,42,14,[3 7],43,61,75,18,61
1,<environment.Job instance at 0x7f3b6830e6e0>,45,12,[8 5],46,75,87,29,75
1,<environment.Job instance at 0x7f3b67a13b40>,36,18,[7 4],37,75,93,38,75
1,<environment.Job instance at 0x7f3b67a132d0>,33,18,[7 1],34,88,106,54,88
1,<environment.Job instance at 0x7f3b683332d0>,47,19,[6 2],48,94,113,46,94
1,<environment.Job instance at 0x7f3b6830ed70>,40,21,[5 3],41,107,128,66,107
1,<environment.Job instance at 0x7f3b68f72280>,63,16,[1 9],64,107,123,43,107
1,<environment.Job instance at 0x7f3b67f775a0>,66,12,[9 1],67,113,125,46,113
1,<environment.Job instance at 0x7f3b67f77410>,67,12,[ 5 10],68,125,137,57,125
1,<environment.Job instance at 0x7f3b67f8c820>,55,22,[5 1],56,125,147,69,125
1,<environment.Job instance at 0x7f3b67a860f0>,80,15,[8 4],81,137,152,56,137
1,<environment.Job instance at 0x7f3b67a8be60>,82,15,[2 8],83,137,152,54,137
1,<environment.Job instance at 0x7f3b6852b4b0>,2,16,[6 1],3,3,19,0,3
1,<environment.Job instance at 0x7f3b685033c0>,2,16,[6 1],3,3,19,0,3
1,<environment.Job instance at 0x7f3b6853c6e0>,7,17,[4 8],8,8,25,0,8
1,<environment.Job instance at 0x7f3b68314870>,15,20,[4 6],16,16,36,0,16
1,<environment.Job instance at 0x7f3b68538960>,14,12,[7 4],15,25,37,10,25
1,<environment.Job instance at 0x7f3b67aba5f0>,30,13,[4 7],31,36,49,5,36
1,<environment.Job instance at 0x7f3b6852b370>,33,15,[5 5],34,37,52,3,37
1,<environment.Job instance at 0x7f3b683140f0>,13,15,[ 1 10],14,49,64,35,49
1,<environment.Job instance at 0x7f3b680d3690>,24,18,[5 5],25,52,70,27,52
1,<environment.Job instance at 0x7f3b6850c5a0>,42,13,[6 3],43,64,77,21,64
1,<environment.Job instance at 0x7f3b68314aa0>,18,15,[3 6],19,64,79,45,64
1,<environment.Job instance at 0x7f3b680c42d0>,27,16,[5 6],28,70,86,42,70
1,<environment.Job instance at 0x7f3b680efc30>,51,12,[5 4],52,79,91,27,79
1,<environment.Job instance at 0x7f3b680ef460>,57,12,[9 2],58,86,98,28,86
1,<environment.Job instance at 0x7f3b680efe10>,47,18,[1 8],48,86,104,38,86
1,<environment.Job instance at 0x7f3b680ef5f0>,56,16,[2 6],57,98,114,41,98
1,<environment.Job instance at 0x7f3b6852b8c0>,36,14,[5 8],37,104,118,67,104
1,<environment.Job instance at 0x7f3b67aa27d0>,80,15,[5 6],81,114,129,33,114
1,<environment.Job instance at 0x7f3b67aa2a50>,76,18,[3 8],77,119,137,42,119
1,<environment.Job instance at 0x7f3b67aa22d0>,70,18,[1 6],71,129,147,58,129
1,<environment.Job instance at 0x7f3b680dbd70>,95,19,[8 5],96,138,157,42,138
1,<environment.Job instance at 0x7f3b67889780>,101,21,[5 2],102,138,159,36,138
1,<environment.Job instance at 0x7f3b678892d0>,103,16,[1 5],104,147,163,43,147
1,<environment.Job instance at 0x7f3b68634370>,1,16,[7 5],2,2,18,0,2
1,<environment.Job instance at 0x7f3b67b9f140>,6,13,[5 5],7,8,21,1,8
1,<environment.Job instance at 0x7f3b67b9f550>,9,14,[3 7],10,18,32,8,11
1,<environment.Job instance at 0x7f3b67b9fa50>,11,12,[ 4 14],12,32,44,20,15
1,<environment.Job instance at 0x7f3b67b9f690>,13,14,[ 1 13],14,44,58,30,36
1,<environment.Job instance at 0x7f3b71816d70>,7,15,[12  4],8,58,73,50,45
1,<environment.Job instance at 0x7f3b67b9ff00>,10,18,[1 5],11,58,76,47,47
1,<environment.Job instance at 0x7f3b71aba7d0>,20,13,[11  4],21,73,86,52,57
1,<environment.Job instance at 0x7f3b71aba8c0>,21,21,[6 2],22,86,107,64,78
1,<environment.Job instance at 0x7f3b71aba5a0>,26,12,[ 3 10],27,78,90,51,78
1,<environment.Job instance at 0x7f3b71abaf50>,25,22,[11  3],26,120,142,94,120
1,<environment.Job instance at 0x7f3b67f83320>,34,20,[13  5],35,148,168,113,148
1,<environment.Job instance at 0x7f3b68331230>,1,16,[7 5],2,2,18,0,2
1,<environment.Job instance at 0x7f3b68331d70>,6,13,[5 5],7,7,20,0,7
1,<environment.Job instance at 0x7f3b67aa21e0>,10,18,[1 5],11,11,29,0,11
1,<environment.Job instance at 0x7f3b67aa2910>,18,17,[3 5],19,19,36,0,19
1,<environment.Job instance at 0x7f3b67aa2190>,21,21,[6 2],22,22,43,0,22
1,<environment.Job instance at 0x7f3b68331dc0>,9,14,[3 7],10,29,43,19,29
1,<environment.Job instance at 0x7f3b6850cf00>,28,12,[8 1],29,43,55,14,43
1,<environment.Job instance at 0x7f3b6850cfa0>,26,12,[ 3 10],27,43,55,16,43
1,<environment.Job instance at 0x7f3b680c42d0>,41,12,[7 5],42,55,67,13,55
1,<environment.Job instance at 0x7f3b683148c0>,46,13,[6 3],47,55,68,8,55
1,<environment.Job instance at 0x7f3b68314820>,48,12,[3 9],49,67,79,18,67
1,<environment.Job instance at 0x7f3b67aa2730>,24,13,[10  4],25,68,81,43,68
1,<environment.Job instance at 0x7f3b6852baa0>,37,14,[5 6],38,79,93,41,79
1,<environment.Job instance at 0x7f3b67eef690>,67,13,[5 8],68,81,94,13,81
1,<environment.Job instance at 0x7f3b68314f50>,47,15,[10  3],48,93,108,45,93
1,<environment.Job instance at 0x7f3b68537140>,70,13,[5 5],71,94,107,23,94
1,<environment.Job instance at 0x7f3b68f1a500>,68,16,[5 2],69,107,123,38,107
1,<environment.Job instance at 0x7f3b67f96e10>,44,16,[10  5],45,108,124,63,108
1,<environment.Job instance at 0x7f3b67c369b0>,88,17,[5 2],89,123,140,34,123
1,<environment.Job instance at 0x7f3b68bc4730>,92,12,[9 4],93,125,137,32,125
1,<environment.Job instance at 0x7f3b6899d3c0>,94,16,[4 9],95,137,153,42,137
1,<environment.Job instance at 0x7f3b68d3ecd0>,76,17,[9 4],77,141,158,64,141
1,<environment.Job instance at 0x7f3b6890c9b0>,5,12,[7 2],6,6,18,0,6
1,<environment.Job instance at 0x7f3b688d3780>,10,12,[13  5],11,18,30,7,13
1,<environment.Job instance at 0x7f3b688d38c0>,12,16,[4 6],13,30,46,17,18
1,<environment.Job instance at 0x7f3b6890c5a0>,8,21,[10  1],9,30,51,21,27
1,<environment.Job instance at 0x7f3b688d37d0>,11,19,[5 5],12,46,65,34,37
1,<environment.Job instance at 0x7f3b6890c5f0>,9,23,[ 2 10],10,51,74,41,48
1,<environment.Job instance at 0x7f3b688d3aa0>,15,15,[12  2],16,65,80,49,57
1,<environment.Job instance at 0x7f3b688fd460>,18,14,[ 5 13],19,80,94,61,65
1,<environment.Job instance at 0x7f3b688d3e60>,13,26,[ 3 11],14,94,120,80,92
1,<environment.Job instance at 0x7f3b68a87320>,3,16,[3 8],4,4,20,0,4
1,<environment.Job instance at 0x7f3b684770a0>,4,17,[3 7],5,5,22,0,5
1,<environment.Job instance at 0x7f3b67b5d780>,5,12,[7 2],6,20,32,14,20
1,<environment.Job instance at 0x7f3b679189b0>,12,16,[4 6],13,20,36,7,20
1,<environment.Job instance at 0x7f3b69012280>,21,13,[3 5],22,22,35,0,22
1,<environment.Job instance at 0x7f3b69012730>,23,13,[6 2],24,32,45,8,32
1,<environment.Job instance at 0x7f3b67c7a230>,30,14,[5 2],31,35,49,4,35
1,<environment.Job instance at 0x7f3b67de8b40>,25,14,[2 9],26,36,50,10,36
1,<environment.Job instance at 0x7f3b67de89b0>,28,16,[5 4],29,45,61,16,45
1,<environment.Job instance at 0x7f3b69008e10>,40,12,[5 5],41,50,62,9,50
1,<environment.Job instance at 0x7f3b67dc80f0>,49,14,[5 6],50,50,64,0,50
1,<environment.Job instance at 0x7f3b67dc8910>,46,13,[8 2],47,62,75,15,62
1,<environment.Job instance at 0x7f3b68a6da00>,57,13,[5 6],58,64,77,6,64
1,<environment.Job instance at 0x7f3b67c9cf00>,51,15,[9 3],52,75,90,23,75
1,<environment.Job instance at 0x7f3b67ca0be0>,61,14,[5 8],62,77,91,15,77
1,<environment.Job instance at 0x7f3b67ca00f0>,58,16,[9 3],59,90,106,31,90
1,<environment.Job instance at 0x7f3b67cb16e0>,65,12,[4 5],66,91,103,25,91
1,<environment.Job instance at 0x7f3b68fef0a0>,42,16,[4 9],43,103,119,60,103
1,<environment.Job instance at 0x7f3b67c7c910>,69,16,[7 2],70,106,122,36,106
1,<environment.Job instance at 0x7f3b67c77960>,72,14,[ 2 10],73,119,133,46,119
1,<environment.Job instance at 0x7f3b67c812d0>,76,15,[8 5],77,122,137,45,122
1,<environment.Job instance at 0x7f3b67ca00a0>,63,17,[7 1],64,133,150,69,133
1,<environment.Job instance at 0x7f3b67c9f0a0>,79,14,[8 4],80,137,151,57,137
1,<environment.Job instance at 0x7f3b68a63d20>,7,13,[ 1 10],8,9,22,1,9
1,<environment.Job instance at 0x7f3b6792e190>,4,12,[ 4 14],5,22,34,17,12
1,<environment.Job instance at 0x7f3b68a63d70>,11,13,[7 2],12,34,47,22,18
1,<environment.Job instance at 0x7f3b68a63780>,13,16,[ 2 11],14,34,50,20,23
1,<environment.Job instance at 0x7f3b6792e410>,8,13,[14  2],9,114,127,105,114
1,<environment.Job instance at 0x7f3b679310f0>,22,21,[10  4],23,127,148,104,119
1,<environment.Job instance at 0x7f3b67ba1d20>,3,19,[2 7],4,4,23,0,4
1,<environment.Job instance at 0x7f3b67ba3640>,5,18,[2 6],6,6,24,0,6
1,<environment.Job instance at 0x7f3b67dcb5a0>,11,13,[7 2],12,12,25,0,12
1,<environment.Job instance at 0x7f3b67b7ab40>,14,15,[5 5],15,23,38,8,23
1,<environment.Job instance at 0x7f3b67b9a4b0>,7,13,[ 1 10],8,25,38,17,25
1,<environment.Job instance at 0x7f3b67b8d410>,26,12,[5 7],27,38,50,11,38
1,<environment.Job instance at 0x7f3b67b9a460>,6,16,[5 6],7,38,54,31,38
1,<environment.Job instance at 0x7f3b67c77190>,37,15,[1 9],38,51,66,13,51
1,<environment.Job instance at 0x7f3b67b96be0>,19,17,[10  4],20,54,71,34,54
1,<environment.Job instance at 0x7f3b67c7ca00>,43,14,[3 8],44,66,80,22,66
1,<environment.Job instance at 0x7f3b67a67e60>,31,16,[5 7],32,72,88,40,72
1,<environment.Job instance at 0x7f3b67c9c4b0>,52,17,[1 5],53,80,97,27,80
1,<environment.Job instance at 0x7f3b67c9cf00>,50,19,[8 1],51,80,99,29,80
1,<environment.Job instance at 0x7f3b67dc8d20>,56,15,[2 6],57,88,103,31,88
1,<environment.Job instance at 0x7f3b690085f0>,60,17,[4 6],61,97,114,36,97
1,<environment.Job instance at 0x7f3b67c97d20>,59,12,[9 4],60,103,115,43,103
1,<environment.Job instance at 0x7f3b68a965a0>,62,14,[5 9],63,114,128,51,114
1,<environment.Job instance at 0x7f3b67a735a0>,74,15,[8 4],75,116,131,41,116
1,<environment.Job instance at 0x7f3b67ca0d70>,49,14,[ 2 10],50,128,142,78,128
1,<environment.Job instance at 0x7f3b67a4a320>,77,19,[5 1],78,129,148,51,129
1,<environment.Job instance at 0x7f3b67931b40>,87,21,[5 1],88,131,152,43,131
1,<environment.Job instance at 0x7f3b67c812d0>,34,17,[1 7],35,143,160,108,143
1,<environment.Job instance at 0x7f3b68b72190>,103,16,[8 2],104,148,164,44,148
1,<environment.Job instance at 0x7f3b68e70640>,9,18,[6 2],10,10,28,0,10
1,<environment.Job instance at 0x7f3b68e70820>,12,13,[8 1],13,13,26,0,13
1,<environment.Job instance at 0x7f3b68e70910>,13,22,[ 1 13],14,26,48,12,19
1,<environment.Job instance at 0x7f3b68e70b90>,16,23,[ 4 12],17,111,134,94,111
1,<environment.Job instance at 0x7f3b68c38410>,0,18,[1 7],1,1,19,0,1
1,<environment.Job instance at 0x7f3b68c38960>,3,21,[8 5],4,4,25,0,4
1,<environment.Job instance at 0x7f3b68c383c0>,9,18,[6 2],10,10,28,0,10
1,<environment.Job instance at 0x7f3b68b72690>,24,12,[5 1],25,25,37,0,25
1,<environment.Job instance at 0x7f3b68b72d20>,23,16,[2 8],24,25,41,1,25
1,<environment.Job instance at 0x7f3b68c38aa0>,12,13,[8 1],13,28,41,15,28
1,<environment.Job instance at 0x7f3b68b72370>,20,21,[1 5],21,37,58,16,37
1,<environment.Job instance at 0x7f3b68b720a0>,34,16,[3 7],35,41,57,6,41
1,<environment.Job instance at 0x7f3b6792e0a0>,40,12,[5 5],41,57,69,16,57
1,<environment.Job instance at 0x7f3b684770a0>,47,14,[8 4],48,57,71,9,57
1,<environment.Job instance at 0x7f3b68c28f50>,38,18,[1 5],39,58,76,19,58
1,<environment.Job instance at 0x7f3b67b57690>,50,12,[5 5],51,69,81,18,69
1,<environment.Job instance at 0x7f3b67918b90>,53,15,[7 3],54,71,86,17,71
1,<environment.Job instance at 0x7f3b67c3a7d0>,48,15,[3 5],49,76,91,27,76
1,<environment.Job instance at 0x7f3b67c4ac80>,39,17,[5 5],40,81,98,41,81
1,<environment.Job instance at 0x7f3b679189b0>,60,18,[4 5],61,86,104,25,86
1,<environment.Job instance at 0x7f3b67918820>,62,13,[1 6],63,98,111,35,98
1,<environment.Job instance at 0x7f3b67a4a870>,64,15,[7 2],65,98,113,33,98
1,<environment.Job instance at 0x7f3b69008640>,78,13,[1 5],79,104,117,25,104
1,<environment.Job instance at 0x7f3b67c91910>,71,14,[3 8],72,111,125,39,111
1,<environment.Job instance at 0x7f3b67c970a0>,79,15,[6 4],80,117,132,37,117
1,<environment.Job instance at 0x7f3b67dc8d20>,81,16,[5 3],82,117,133,35,117
1,<environment.Job instance at 0x7f3b68b726e0>,26,17,[1 8],27,125,142,98,125
1,<environment.Job instance at 0x7f3b67c7a690>,74,18,[8 5],75,133,151,58,133
1,<environment.Job instance at 0x7f3b67c7caf0>,94,15,[1 8],95,142,157,47,142
1,<environment.Job instance at 0x7f3b67c86d70>,103,15,[6 2],104,142,157,38,142
1,<environment.Job instance at 0x7f3b67d97af0>,8,13,[2 8],9,9,22,0,9
1,<environment.Job instance at 0x7f3b67d97aa0>,11,23,[5 2],12,12,35,0,12
1,<environment.Job instance at 0x7f3b67d97b90>,6,17,[8 5],7,34,51,27,34
1,<environment.Job instance at 0x7f3b685f8050>,0,19,[5 5],1,1,20,0,1
1,<environment.Job instance at 0x7f3b685f87d0>,1,19,[ 1 10],2,2,21,0,2
1,<environment.Job instance at 0x7f3b68e70190>,6,17,[8 5],7,20,37,13,20
1,<environment.Job instance at 0x7f3b68e70960>,8,13,[2 8],9,21,34,12,21
1,<environment.Job instance at 0x7f3b67b8d640>,30,13,[6 2],31,34,47,3,34
1,<environment.Job instance at 0x7f3b719d4230>,3,15,[ 5 10],4,37,52,33,37
1,<environment.Job instance at 0x7f3b67c86d20>,39,15,[6 3],40,47,62,7,47
1,<environment.Job instance at 0x7f3b67ca0fa0>,47,12,[1 9],48,52,64,4,52
1,<environment.Job instance at 0x7f3b67c7e910>,42,16,[8 3],43,52,68,9,52
1,<environment.Job instance at 0x7f3b67b7ad20>,23,18,[6 3],24,62,80,38,62
1,<environment.Job instance at 0x7f3b67a737d0>,62,15,[8 3],63,68,83,5,68
1,<environment.Job instance at 0x7f3b67c7cd20>,44,16,[4 8],45,80,96,35,80
1,<environment.Job instance at 0x7f3b67ca07d0>,48,16,[9 4],49,83,99,34,83
1,<environment.Job instance at 0x7f3b68a96280>,57,16,[2 6],58,96,112,38,96
1,<environment.Job instance at 0x7f3b69010aa0>,65,16,[2 5],66,96,112,30,96
1,<environment.Job instance at 0x7f3b68c28b40>,89,15,[1 5],90,112,127,22,112
1,<environment.Job instance at 0x7f3b68b72050>,98,13,[6 4],99,112,125,13,112
1,<environment.Job instance at 0x7f3b67918370>,77,16,[7 5],78,112,128,34,112
1,<environment.Job instance at 0x7f3b68b72eb0>,103,12,[6 2],104,125,137,21,125
1,<environment.Job instance at 0x7f3b67b7a370>,21,17,[2 8],22,127,144,105,127
1,<environment.Job instance at 0x7f3b68c28dc0>,87,17,[7 3],88,128,145,40,128
1,<environment.Job instance at 0x7f3b68c38410>,115,16,[1 8],116,147,163,31,147
1,<environment.Job instance at 0x7f3b678485f0>,125,17,[9 2],126,147,164,21,147
1,<environment.Job instance at 0x7f3b68a87320>,118,22,[5 2],119,147,169,28,147
1,<environment.Job instance at 0x7f3b67693500>,6,12,[7 2],7,7,19,0,7
1,<environment.Job instance at 0x7f3b67b151e0>,7,20,[2 6],8,8,28,0,8
1,<environment.Job instance at 0x7f3b67b15af0>,11,16,[9 2],12,19,35,7,12
1,<environment.Job instance at 0x7f3b67b15140>,12,21,[ 4 12],13,28,49,15,20
1,<environment.Job instance at 0x7f3b67b15cd0>,15,16,[1 9],16,49,65,33,37
1,<environment.Job instance at 0x7f3b67b15d70>,13,16,[5 3],14,40,56,26,40
1,<environment.Job instance at 0x7f3b68b75500>,16,26,[7 4],17,56,82,39,54
1,<environment.Job instance at 0x7f3b68b026e0>,19,19,[7 5],20,65,84,45,55
1,<environment.Job instance at 0x7f3b68b02050>,20,14,[ 3 13],21,84,98,63,71
1,<environment.Job instance at 0x7f3b67854b90>,21,22,[9 2],22,84,106,62,78
1,<environment.Job instance at 0x7f3b67b15410>,14,26,[ 4 13],15,98,124,83,95
1,<environment.Job instance at 0x7f3b67854b40>,22,19,[9 5],23,124,143,101,115
1,<environment.Job instance at 0x7f3b68b80cd0>,23,21,[1 6],24,124,145,100,117
1,<environment.Job instance at 0x7f3b68b80e10>,24,18,[7 2],25,143,161,118,136
1,<environment.Job instance at 0x7f3b678d0960>,26,17,[2 7],27,143,160,116,136
1,<environment.Job instance at 0x7f3b678d0f50>,27,16,[5 3],28,145,161,117,136
1,<environment.Job instance at 0x7f3b678d0cd0>,28,12,[5 4],29,161,173,132,144
1,<environment.Job instance at 0x7f3b7165e5a0>,3,18,[9 2],4,4,22,0,4
1,<environment.Job instance at 0x7f3b67c4ac80>,7,20,[2 6],8,8,28,0,8
1,<environment.Job instance at 0x7f3b6848e0a0>,6,12,[7 2],7,22,34,15,22
1,<environment.Job instance at 0x7f3b67ca0dc0>,13,16,[5 3],14,22,38,8,22
1,<environment.Job instance at 0x7f3b67c7c910>,15,16,[1 9],16,28,44,12,28
1,<environment.Job instance at 0x7f3b67ca00a0>,11,16,[9 2],12,34,50,22,34
1,<environment.Job instance at 0x7f3b67b96be0>,28,12,[5 4],29,38,50,9,38
1,<environment.Job instance at 0x7f3b67ba35f0>,40,15,[7 4],41,50,65,9,50
1,<environment.Job instance at 0x7f3b67ea8550>,42,14,[7 1],43,50,64,7,50
1,<environment.Job instance at 0x7f3b67ea8af0>,43,12,[2 5],44,64,76,20,64
1,<environment.Job instance at 0x7f3b67f997d0>,39,16,[3 5],40,64,80,24,64
1,<environment.Job instance at 0x7f3b6800fc30>,46,13,[9 4],47,65,78,18,65
1,<environment.Job instance at 0x7f3b67ea8f50>,45,17,[2 6],46,76,93,30,76
1,<environment.Job instance at 0x7f3b68106dc0>,52,16,[7 1],53,78,94,25,78
1,<environment.Job instance at 0x7f3b68106320>,53,15,[4 6],54,80,95,26,80
1,<environment.Job instance at 0x7f3b67b8d640>,26,17,[2 7],27,93,110,66,93
1,<environment.Job instance at 0x7f3b67b8d3c0>,24,18,[7 2],25,94,112,69,94
1,<environment.Job instance at 0x7f3b67b96c80>,27,16,[5 3],28,95,111,67,95
1,<environment.Job instance at 0x7f3b68131280>,65,13,[4 8],66,111,124,45,111
1,<environment.Job instance at 0x7f3b68131690>,70,15,[10  4],71,112,127,41,112
1,<environment.Job instance at 0x7f3b68132f50>,85,15,[4 5],86,124,139,38,124
1,<environment.Job instance at 0x7f3b681325a0>,82,18,[1 6],83,124,142,41,124
1,<environment.Job instance at 0x7f3b682b53c0>,92,20,[10  1],93,128,148,35,128
1,<environment.Job instance at 0x7f3b68132550>,78,15,[5 8],79,144,159,65,144
1,<environment.Job instance at 0x7f3b682b5dc0>,106,12,[9 4],107,148,160,41,148
1,<environment.Job instance at 0x7f3b6829ec30>,0,15,[7 3],1,1,16,0,1
1,<environment.Job instance at 0x7f3b68ca8870>,10,17,[11  4],11,16,33,5,14
1,<environment.Job instance at 0x7f3b68ca8190>,13,17,[2 5],14,16,33,2,16
1,<environment.Job instance at 0x7f3b68b72e10>,14,18,[ 5 12],15,33,51,18,27
1,<environment.Job instance at 0x7f3b68b72500>,15,17,[1 5],16,51,68,35,39
1,<environment.Job instance at 0x7f3b68a60320>,16,15,[ 3 12],17,68,83,51,58
1,<environment.Job instance at 0x7f3b68a605a0>,17,19,[5 9],18,83,102,65,75
1,<environment.Job instance at 0x7f3b68a60960>,18,18,[6 2],19,87,105,68,87
1,<environment.Job instance at 0x7f3b68083aa0>,26,23,[ 2 12],27,102,125,75,96
1,<environment.Job instance at 0x7f3b68d0d500>,27,26,[6 3],28,105,131,77,102
1,<environment.Job instance at 0x7f3b687c7e10>,22,23,[ 2 11],23,126,149,103,126
1,<environment.Job instance at 0x7f3b67a8c5a0>,29,13,[4 9],30,149,162,119,134
1,<environment.Job instance at 0x7f3b68d11410>,0,15,[7 3],1,1,16,0,1
1,<environment.Job instance at 0x7f3b68d11d70>,2,15,[8 2],3,3,18,0,3
1,<environment.Job instance at 0x7f3b677b25a0>,12,16,[5 9],13,16,32,3,16
1,<environment.Job instance at 0x7f3b677b2c80>,13,17,[2 5],14,18,35,4,18
1,<environment.Job instance at 0x7f3b677b2e60>,15,17,[1 5],16,32,49,16,32
1,<environment.Job instance at 0x7f3b685a8c80>,21,17,[7 5],22,32,49,10,32
1,<environment.Job instance at 0x7f3b677b2230>,18,18,[6 2],19,35,53,16,35
1,<environment.Job instance at 0x7f3b68b77550>,29,13,[4 9],30,49,62,19,49
1,<environment.Job instance at 0x7f3b682b5f00>,37,13,[5 5],38,53,66,15,53
1,<environment.Job instance at 0x7f3b682b5640>,39,16,[9 2],40,62,78,22,62
1,<environment.Job instance at 0x7f3b68b77d70>,32,17,[1 6],33,62,79,29,62
1,<environment.Job instance at 0x7f3b682b5a00>,42,12,[9 2],43,78,90,35,78
1,<environment.Job instance at 0x7f3b68d11050>,3,19,[5 8],4,79,98,75,79
1,<environment.Job instance at 0x7f3b681326e0>,60,14,[10  5],61,90,104,29,90
1,<environment.Job instance at 0x7f3b68132140>,61,14,[5 4],62,98,112,36,98
1,<environment.Job instance at 0x7f3b68b77690>,31,16,[10  4],32,104,120,72,104
1,<environment.Job instance at 0x7f3b677b2370>,11,22,[3 8],12,112,134,100,112
1,<environment.Job instance at 0x7f3b68131960>,66,14,[8 4],67,120,134,53,120
1,<environment.Job instance at 0x7f3b68131dc0>,71,15,[4 5],72,134,149,62,134
1,<environment.Job instance at 0x7f3b681315a0>,74,14,[4 8],75,134,148,59,134
1,<environment.Job instance at 0x7f3b681310f0>,69,16,[5 5],70,148,164,78,148
1,<environment.Job instance at 0x7f3b68132e60>,63,16,[6 4],64,148,164,84,148
1,<environment.Job instance at 0x7f4cb481c6e0>,0,17,[6 1],1,1,18,0,1
1,<environment.Job instance at 0x7f4cab1d2e60>,9,16,[12  1],10,18,34,8,17
1,<environment.Job instance at 0x7f4cab1d70a0>,12,28,[ 1 14],13,35,63,22,35
1,<environment.Job instance at 0x7f4cab1d7140>,13,13,[10  3],14,69,82,55,69
1,<environment.Job instance at 0x7f4cb481c8c0>,8,20,[ 4 13],9,82,102,73,79
1,<environment.Job instance at 0x7f4cab1d2f00>,10,15,[5 1],11,82,97,71,82
1,<environment.Job instance at 0x7f4cab1d71e0>,14,15,[14  4],15,102,117,87,91
1,<environment.Job instance at 0x7f4cab1d7460>,17,19,[12  4],18,117,136,99,109
1,<environment.Job instance at 0x7f4cab1d7550>,18,18,[13  1],19,136,154,117,125
1,<environment.Job instance at 0x7f4cab1d7690>,21,14,[ 4 11],22,154,168,132,139
1,<environment.Job instance at 0x7f4cab1d7730>,22,13,[7 4],23,154,167,131,144
1,<environment.Job instance at 0x7f4cab1d77d0>,23,16,[12  2],24,168,184,144,155
1,<environment.Job instance at 0x7f4cab1ca910>,0,17,[6 1],1,1,18,0,1
1,<environment.Job instance at 0x7f4cab1ca410>,2,20,[7 4],3,3,23,0,3
1,<environment.Job instance at 0x7f4cab2f2fa0>,10,15,[5 1],11,18,33,7,18
1,<environment.Job instance at 0x7f4cab2e14b0>,22,13,[7 4],23,23,36,0,23
1,<environment.Job instance at 0x7f4cab2e2870>,26,12,[8 5],27,33,45,6,33
1,<environment.Job instance at 0x7f4cab1d2a00>,11,15,[6 1],12,36,51,24,36
1,<environment.Job instance at 0x7f4cab2ee960>,35,16,[1 9],36,36,52,0,36
1,<environment.Job instance at 0x7f4cab294190>,41,12,[8 3],42,45,57,3,45
1,<environment.Job instance at 0x7f4cab294230>,43,16,[1 8],44,52,68,8,52
1,<environment.Job instance at 0x7f4cab3092d0>,13,13,[10  3],14,57,70,43,57
1,<environment.Job instance at 0x7f4cab294f50>,49,13,[1 5],50,68,81,18,68
1,<environment.Job instance at 0x7f4cab25dfa0>,24,20,[4 6],25,68,88,43,68
1,<environment.Job instance at 0x7f4cab2ee3c0>,32,17,[9 3],33,70,87,37,70
1,<environment.Job instance at 0x7f4cab37a8c0>,54,13,[7 3],55,87,100,32,87
1,<environment.Job instance at 0x7f4cab28f140>,63,12,[5 3],64,88,100,24,88
1,<environment.Job instance at 0x7f4cab37af00>,51,13,[5 6],52,100,113,48,100
1,<environment.Job instance at 0x7f4cab28f780>,68,12,[7 1],69,100,112,31,100
1,<environment.Job instance at 0x7f4cab294eb0>,46,14,[6 5],47,112,126,65,112
1,<environment.Job instance at 0x7f4cab28fcd0>,71,14,[4 9],72,113,127,41,113
1,<environment.Job instance at 0x7f4cab28feb0>,70,15,[8 4],71,126,141,55,126
1,<environment.Job instance at 0x7f4cab293730>,75,17,[7 1],76,127,144,51,127
1,<environment.Job instance at 0x7f4cab2c8140>,53,17,[7 4],54,141,158,87,141
1,<environment.Job instance at 0x7f4cab28fe60>,73,18,[3 5],74,144,162,70,144
1,<environment.Job instance at 0x7f4cab2939b0>,77,13,[10  1],78,158,171,80,158
1,<environment.Job instance at 0x7f4caaa05a00>,8,14,[6 3],9,9,23,0,9
1,<environment.Job instance at 0x7f4caaa05640>,13,13,[5 7],14,14,27,0,14
1,<environment.Job instance at 0x7f4cab2947d0>,2,19,[2 5],3,3,22,0,3
1,<environment.Job instance at 0x7f4caaaabdc0>,4,22,[3 8],5,5,27,0,5
1,<environment.Job instance at 0x7f4caa9fb910>,13,13,[5 7],14,22,35,8,22
1,<environment.Job instance at 0x7f4caa9f1c80>,8,14,[6 3],9,27,41,18,27
1,<environment.Job instance at 0x7f4caa9fbeb0>,11,14,[ 5 10],12,35,49,23,35
1,<environment.Job instance at 0x7f4caa980af0>,33,15,[9 5],34,41,56,7,41
1,<environment.Job instance at 0x7f4caa98af00>,27,16,[1 7],28,49,65,21,49
1,<environment.Job instance at 0x7f4caa9900f0>,38,14,[7 1],39,56,70,17,56
1,<environment.Job instance at 0x7f4caa9fb3c0>,12,17,[4 7],13,56,73,43,56
1,<environment.Job instance at 0x7f4caaa964b0>,43,15,[6 1],44,70,85,26,70
1,<environment.Job instance at 0x7f4caa98de10>,44,18,[5 4],45,70,88,25,70
1,<environment.Job instance at 0x7f4caa99fcd0>,50,20,[ 2 10],51,74,94,23,74
1,<environment.Job instance at 0x7f4caa9808c0>,36,18,[7 1],37,85,103,48,85
1,<environment.Job instance at 0x7f4caa99c8c0>,54,13,[2 5],55,94,107,39,94
1,<environment.Job instance at 0x7f4caa9d5140>,69,12,[4 8],70,94,106,24,94
1,<environment.Job instance at 0x7f4caa98adc0>,26,17,[9 2],27,103,120,76,103
1,<environment.Job instance at 0x7f4caa9d53c0>,73,19,[ 5 10],74,108,127,34,108
1,<environment.Job instance at 0x7f4caab22f50>,66,15,[8 5],67,120,135,53,120
1,<environment.Job instance at 0x7f4caa9f9a00>,76,13,[4 8],77,128,141,51,128
1,<environment.Job instance at 0x7f4caab2b730>,80,13,[2 7],81,135,148,54,135
1,<environment.Job instance at 0x7f4caaad5d70>,85,13,[9 2],86,141,154,55,141
1,<environment.Job instance at 0x7f4caa9ac3c0>,86,13,[4 5],87,141,154,54,141
1,<environment.Job instance at 0x7f4caaa1ea50>,92,13,[3 5],93,154,167,61,154
1,<environment.Job instance at 0x7f4caa9f9500>,77,16,[8 4],78,154,170,76,154
1,<environment.Job instance at 0x7f4caa7a5870>,0,14,[3 7],1,1,15,0,1
1,<environment.Job instance at 0x7f4cb498feb0>,11,27,[4 6],12,12,39,0,12
1,<environment.Job instance at 0x7f4cb498f5a0>,12,13,[2 9],13,15,28,2,13
1,<environment.Job instance at 0x7f4cb498f190>,13,20,[4 9],14,28,48,14,27
1,<environment.Job instance at 0x7f4cb498f550>,8,12,[13  4],9,62,74,53,62
1,<environment.Job instance at 0x7f4cb498f8c0>,14,12,[2 7],15,66,78,51,66
1,<environment.Job instance at 0x7f4caa7e7370>,20,17,[12  2],21,74,91,53,70
1,<environment.Job instance at 0x7f4caa7e7af0>,19,26,[14  1],20,91,117,71,89
1,<environment.Job instance at 0x7f4caa7e7f00>,22,23,[5 8],23,117,140,94,113
1,<environment.Job instance at 0x7f4caa7e7eb0>,23,17,[5 9],24,152,169,128,152
1,<environment.Job instance at 0x7f4caba09cd0>,0,14,[3 7],1,1,15,0,1
1,<environment.Job instance at 0x7f4caaf050f0>,5,20,[5 8],6,6,26,0,6
1,<environment.Job instance at 0x7f4caa8cc870>,14,12,[2 7],15,15,27,0,15
1,<environment.Job instance at 0x7f4cba8b20a0>,24,17,[7 1],25,26,43,1,26
1,<environment.Job instance at 0x7f4caac80eb0>,12,13,[2 9],13,27,40,14,27
1,<environment.Job instance at 0x7f4cb44002d0>,38,14,[3 6],39,40,54,1,40
1,<environment.Job instance at 0x7f4caabd6b90>,39,12,[6 4],40,43,55,3,43
1,<environment.Job instance at 0x7f4caaf05730>,4,16,[ 4 10],5,54,70,49,54
1,<environment.Job instance at 0x7f4cab9c8a00>,48,16,[5 2],49,55,71,6,55
1,<environment.Job instance at 0x7f4caabb4410>,50,12,[ 1 10],51,70,82,19,70
1,<environment.Job instance at 0x7f4caab4baa0>,55,13,[5 5],56,71,84,15,71
1,<environment.Job instance at 0x7f4cabaaf320>,69,13,[1 7],70,82,95,12,82
1,<environment.Job instance at 0x7f4cabaaf550>,65,17,[7 4],66,84,101,18,84
1,<environment.Job instance at 0x7f4caac201e0>,79,16,[4 5],80,95,111,15,95
1,<environment.Job instance at 0x7f4caa97fa00>,82,14,[4 5],83,95,109,12,95
1,<environment.Job instance at 0x7f4caac203c0>,85,13,[5 6],86,109,122,23,109
1,<environment.Job instance at 0x7f4cabd3cc80>,23,17,[5 9],24,112,129,88,112
1,<environment.Job instance at 0x7f4caaa43500>,98,18,[5 5],99,122,140,23,122
1,<environment.Job instance at 0x7f4caabf7870>,72,18,[10  5],73,130,148,57,130
1,<environment.Job instance at 0x7f4caaa09820>,90,20,[4 9],91,140,160,49,140
1,<environment.Job instance at 0x7f4caaae7280>,111,12,[7 5],112,148,160,36,148
1,<environment.Job instance at 0x7f4caacd4460>,7,16,[13  5],8,8,24,0,8
1,<environment.Job instance at 0x7f4caacd4c30>,8,25,[5 3],9,24,49,15,22
1,<environment.Job instance at 0x7f4caacd47d0>,11,17,[5 4],12,128,145,116,128
1,<environment.Job instance at 0x7f4caa97fa00>,9,12,[5 5],10,10,22,0,10
1,<environment.Job instance at 0x7f4caac20f50>,11,17,[5 4],12,12,29,0,12
1,<environment.Job instance at 0x7f4caaa7c1e0>,14,16,[4 6],15,15,31,0,15
1,<environment.Job instance at 0x7f4cabaaf320>,20,15,[3 5],21,22,37,1,22
1,<environment.Job instance at 0x7f4cab05b910>,16,16,[7 2],17,29,45,12,29
1,<environment.Job instance at 0x7f4cabaaf280>,22,17,[5 5],23,31,48,8,31
1,<environment.Job instance at 0x7f4caab4b460>,34,13,[5 5],35,45,58,10,45
1,<environment.Job instance at 0x7f4caac1f280>,40,14,[9 5],41,48,62,7,48
1,<environment.Job instance at 0x7f4cab8b84b0>,48,15,[1 7],49,58,73,9,58
1,<environment.Job instance at 0x7f4cab99b1e0>,53,13,[1 6],54,62,75,8,62
1,<environment.Job instance at 0x7f4cab798820>,49,14,[7 2],50,62,76,12,62
1,<environment.Job instance at 0x7f4cab9a9050>,56,13,[5 2],57,73,86,16,73
1,<environment.Job instance at 0x7f4cba8b20a0>,55,15,[1 6],56,75,90,19,75
1,<environment.Job instance at 0x7f4caabb4410>,37,16,[9 4],38,76,92,38,76
1,<environment.Job instance at 0x7f4cab8b7be0>,62,18,[2 5],63,86,104,23,86
1,<environment.Job instance at 0x7f4caba30280>,70,15,[2 7],71,92,107,21,92
1,<environment.Job instance at 0x7f4cabaa61e0>,73,14,[10  3],74,92,106,18,92
1,<environment.Job instance at 0x7f4cb4760460>,71,16,[6 1],72,106,122,34,106
1,<environment.Job instance at 0x7f4caa97f5f0>,15,16,[1 9],16,107,123,91,107
1,<environment.Job instance at 0x7f4caab4b730>,36,18,[6 3],37,107,125,70,107
1,<environment.Job instance at 0x7f4caabf1c80>,80,13,[4 5],81,123,136,42,123
1,<environment.Job instance at 0x7f4caabf1b40>,82,16,[1 5],83,123,139,40,123
1,<environment.Job instance at 0x7f4caabf1d20>,79,14,[ 3 10],80,136,150,56,136
1,<environment.Job instance at 0x7f4caa7ef550>,88,13,[10  1],89,139,152,50,139
1,<environment.Job instance at 0x7f4cabd3cc80>,57,16,[ 2 10],58,150,166,92,150
1,<environment.Job instance at 0x7f4cab2f2050>,0,17,[5 2],1,1,18,0,1
1,<environment.Job instance at 0x7f4caabace10>,2,12,[6 2],3,3,15,0,3
1,<environment.Job instance at 0x7f4caabacaf0>,3,23,[1 5],4,4,27,0,4
1,<environment.Job instance at 0x7f4caabac5a0>,5,16,[6 2],6,15,31,9,6
1,<environment.Job instance at 0x7f4caaba9d70>,9,16,[7 4],10,18,34,8,10
1,<environment.Job instance at 0x7f4caac1b2d0>,12,12,[7 2],13,31,43,18,17
1,<environment.Job instance at 0x7f4caaba9b90>,15,18,[ 2 10],16,34,52,18,29
1,<environment.Job instance at 0x7f4caabaf370>,19,25,[5 1],20,34,59,14,30
1,<environment.Job instance at 0x7f4caabb79b0>,16,14,[13  4],17,59,73,42,45
1,<environment.Job instance at 0x7f4caabaf4b0>,17,15,[13  3],18,73,88,55,59
1,<environment.Job instance at 0x7f4caabaf7d0>,21,14,[14  2],22,88,102,66,73
1,<environment.Job instance at 0x7f4caabaf190>,20,22,[10  1],21,114,136,93,114
1,<environment.Job instance at 0x7f4caabaf730>,23,12,[9 1],24,136,148,112,121
1,<environment.Job instance at 0x7f4caaba9370>,14,19,[ 2 13],15,129,148,114,129
1,<environment.Job instance at 0x7f4caad383c0>,0,17,[5 2],1,1,18,0,1
1,<environment.Job instance at 0x7f4cab65fb90>,1,18,[4 9],2,2,20,0,2
1,<environment.Job instance at 0x7f4caa7ec910>,2,12,[6 2],3,3,15,0,3
1,<environment.Job instance at 0x7f4caa7c2960>,5,16,[6 2],6,15,31,9,15
1,<environment.Job instance at 0x7f4caa948cd0>,12,12,[7 2],13,20,32,7,20
1,<environment.Job instance at 0x7f4caabec870>,15,18,[ 2 10],16,20,38,4,20
1,<environment.Job instance at 0x7f4caabecd20>,23,12,[9 1],24,32,44,8,32
1,<environment.Job instance at 0x7f4cab1e20a0>,32,16,[5 4],33,38,54,5,38
1,<environment.Job instance at 0x7f4cab1bd870>,38,14,[6 5],39,44,58,5,44
1,<environment.Job instance at 0x7f4cab1e2960>,36,17,[3 5],37,44,61,7,44
1,<environment.Job instance at 0x7f4caa7ef4b0>,48,12,[1 7],49,58,70,9,58
1,<environment.Job instance at 0x7f4caa7c2690>,6,16,[8 2],7,58,74,51,58
1,<environment.Job instance at 0x7f4caa7ef0f0>,47,15,[4 7],48,70,85,22,70
1,<environment.Job instance at 0x7f4caa7efe10>,50,16,[1 7],51,74,90,23,74
1,<environment.Job instance at 0x7f4caabec9b0>,25,17,[10  1],26,74,91,48,74
1,<environment.Job instance at 0x7f4caa7efc30>,60,15,[5 5],61,90,105,29,90
1,<environment.Job instance at 0x7f4caace3730>,71,13,[5 6],72,91,104,19,91
1,<environment.Job instance at 0x7f4caa7efe60>,59,16,[ 4 10],60,105,121,45,105
1,<environment.Job instance at 0x7f4caa948c30>,9,16,[7 4],10,105,121,95,105
1,<environment.Job instance at 0x7f4caba30280>,79,13,[5 8],80,121,134,41,121
1,<environment.Job instance at 0x7f4cab65b5a0>,90,14,[9 2],91,121,135,30,121
1,<environment.Job instance at 0x7f4caa7ef5f0>,49,17,[8 4],50,135,152,85,135
1,<environment.Job instance at 0x7f4cab99b1e0>,97,16,[5 2],98,135,151,37,135
1,<environment.Job instance at 0x7f4caac80eb0>,81,17,[2 7],82,135,152,53,135
1,<environment.Job instance at 0x7f4cab9af0a0>,94,22,[5 4],95,151,173,56,151
1,<environment.Job instance at 0x7f4caabd6960>,98,12,[6 4],99,153,165,54,153
1,<environment.Job instance at 0x7f4cab040820>,1,15,[5 4],2,2,17,0,2
1,<environment.Job instance at 0x7f4cab04b4b0>,6,14,[7 3],7,7,21,0,7
1,<environment.Job instance at 0x7f4cab04b7d0>,10,16,[ 2 14],11,21,37,10,14
1,<environment.Job instance at 0x7f4cab0405a0>,9,20,[13  2],10,37,57,27,28
1,<environment.Job instance at 0x7f4cab04b230>,12,16,[ 3 13],13,57,73,44,50
1,<environment.Job instance at 0x7f4cab04b2d0>,15,12,[5 5],16,73,85,57,62
1,<environment.Job instance at 0x7f4cab04b140>,8,19,[ 2 14],9,85,104,76,77
1,<environment.Job instance at 0x7f4cab04bf00>,16,15,[ 1 12],17,104,119,87,90
1,<environment.Job instance at 0x7f4cab04b190>,14,22,[14  1],15,109,131,94,109
1,<environment.Job instance at 0x7f4cab04b8c0>,17,19,[1 8],18,119,138,101,109
1,<environment.Job instance at 0x7f4caac37190>,20,14,[13  5],21,131,145,110,121
1,<environment.Job instance at 0x7f4caac37910>,21,14,[8 3],22,145,159,123,131
1,<environment.Job instance at 0x7f4caac37f50>,18,20,[7 4],19,145,165,126,142
1,<environment.Job instance at 0x7f4caac371e0>,22,13,[10  5],23,165,178,142,150
1,<environment.Job instance at 0x7f4cab04b0f0>,13,28,[ 5 10],14,159,187,145,158
1,<environment.Job instance at 0x7f4caaba9280>,1,15,[5 4],2,2,17,0,2
1,<environment.Job instance at 0x7f4caabf4eb0>,6,14,[7 3],7,7,21,0,7
1,<environment.Job instance at 0x7f4caabec960>,15,12,[5 5],16,17,29,1,17
1,<environment.Job instance at 0x7f4caabec050>,19,17,[8 3],20,21,38,1,21
1,<environment.Job instance at 0x7f4caabec5f0>,17,19,[1 8],18,29,48,11,29
1,<environment.Job instance at 0x7f4caabec9b0>,22,13,[10  5],23,38,51,15,38
1,<environment.Job instance at 0x7f4caa7615f0>,32,19,[3 6],33,48,67,15,48
1,<environment.Job instance at 0x7f4caabece10>,21,14,[8 3],22,51,65,29,51
1,<environment.Job instance at 0x7f4caaf15f00>,60,16,[6 3],61,65,81,4,65
1,<environment.Job instance at 0x7f4cab0401e0>,40,18,[7 4],41,67,85,26,67
1,<environment.Job instance at 0x7f4cab3eceb0>,70,14,[5 1],71,81,95,10,81
1,<environment.Job instance at 0x7f4cab789b90>,46,20,[2 9],47,81,101,34,81
1,<environment.Job instance at 0x7f4caabec0a0>,18,20,[7 4],19,85,105,66,85
1,<environment.Job instance at 0x7f4cab3db0f0>,86,16,[1 8],87,101,117,14,101
1,<environment.Job instance at 0x7f4cabbf0eb0>,65,12,[10  2],66,106,118,40,106
1,<environment.Job instance at 0x7f4cab3c4370>,96,12,[2 5],97,106,118,9,106
1,<environment.Job instance at 0x7f4cab1590a0>,92,21,[1 5],93,117,138,24,117
1,<environment.Job instance at 0x7f4caaa899b0>,98,12,[9 1],99,119,131,20,119
1,<environment.Job instance at 0x7f4caaa89410>,108,13,[4 5],109,119,132,10,119
1,<environment.Job instance at 0x7f4cab3db6e0>,87,16,[8 3],88,131,147,43,131
1,<environment.Job instance at 0x7f4caaa89960>,104,14,[4 8],105,138,152,33,138
1,<environment.Job instance at 0x7f4caaeebe60>,111,14,[10  4],112,148,162,36,148
1,<environment.Job instance at 0x7f4caa990dc0>,81,16,[3 9],82,152,168,70,152
1,<environment.Job instance at 0x7f4caaaca4b0>,2,16,[6 3],3,3,19,0,3
1,<environment.Job instance at 0x7f4cab63ea00>,4,21,[5 4],5,5,26,0,5
1,<environment.Job instance at 0x7f4caaad9dc0>,5,16,[6 4],6,19,35,13,6
1,<environment.Job instance at 0x7f4cab643050>,9,12,[5 4],10,26,38,16,10
1,<environment.Job instance at 0x7f4cab642e60>,18,13,[7 1],19,35,48,16,19
1,<environment.Job instance at 0x7f4cabd32280>,0,19,[4 5],1,1,20,0,1
1,<environment.Job instance at 0x7f4caaab2aa0>,2,16,[6 3],3,3,19,0,3
1,<environment.Job instance at 0x7f4caab7b5a0>,4,21,[5 4],5,5,26,0,5
1,<environment.Job instance at 0x7f4caadd95a0>,9,12,[5 4],10,19,31,9,19
1,<environment.Job instance at 0x7f4caaa89a00>,18,13,[7 1],19,26,39,7,26
1,<environment.Job instance at 0x7f4cabbeeaf0>,12,14,[8 4],13,31,45,18,31
1,<environment.Job instance at 0x7f4cabd32050>,5,16,[6 4],6,39,55,33,39
1,<environment.Job instance at 0x7f4cabbee960>,11,13,[9 3],12,45,58,33,45
1,<environment.Job instance at 0x7f4cab1596e0>,31,13,[5 2],32,58,71,26,58
1,<environment.Job instance at 0x7f4cab3eceb0>,38,13,[2 7],39,58,71,19,58
1,<environment.Job instance at 0x7f4caa9ca7d0>,16,16,[7 5],17,58,74,41,58
1,<environment.Job instance at 0x7f4caaa89af0>,22,18,[8 1],23,71,89,48,71
1,<environment.Job instance at 0x7f4cb4392730>,44,14,[1 6],45,74,88,29,74
1,<environment.Job instance at 0x7f4cab474320>,34,18,[6 3],35,74,92,39,74
1,<environment.Job instance at 0x7f4cabbf0eb0>,49,14,[6 1],50,90,104,40,90
1,<environment.Job instance at 0x7f4caaa89960>,20,15,[9 1],21,92,107,71,92
1,<environment.Job instance at 0x7f4cab789b90>,54,16,[2 5],55,104,120,49,104
1,<environment.Job instance at 0x7f4cab422e60>,52,12,[10  4],53,108,120,55,108
1,<environment.Job instance at 0x7f4cab0401e0>,58,15,[2 5],59,108,123,49,108
1,<environment.Job instance at 0x7f4cab040f50>,59,14,[3 7],60,120,134,60,120
1,<environment.Job instance at 0x7f4cab3ece10>,40,18,[10  1],41,120,138,79,120
1,<environment.Job instance at 0x7f4caabec5f0>,69,14,[5 1],70,134,148,64,134
1,<environment.Job instance at 0x7f4cab8b7be0>,70,14,[2 8],71,138,152,67,138
1,<environment.Job instance at 0x7f4caabec8c0>,73,14,[5 2],74,138,152,64,138
1,<environment.Job instance at 0x7f4caabf4a00>,76,15,[8 1],77,148,163,71,148
1,<environment.Job instance at 0x7f4caabf45a0>,77,13,[5 1],78,152,165,74,152
1,<environment.Job instance at 0x7f4caabec9b0>,64,17,[2 9],65,152,169,87,152
1,<environment.Job instance at 0x7f4caac04f00>,0,19,[5 2],1,1,20,0,1
1,<environment.Job instance at 0x7f4caab51e10>,9,18,[2 5],10,10,28,0,10
1,<environment.Job instance at 0x7f4caab51c30>,11,21,[2 6],12,12,33,0,12
1,<environment.Job instance at 0x7f4caac049b0>,5,18,[11  2],6,20,38,14,19
1,<environment.Job instance at 0x7f4caab51b40>,16,15,[4 7],17,36,51,19,36
1,<environment.Job instance at 0x7f4caab51fa0>,17,23,[9 2],18,45,68,27,45
1,<environment.Job instance at 0x7f4caab516e0>,12,23,[ 3 13],13,51,74,38,50
1,<environment.Job instance at 0x7f4caac04280>,13,26,[3 8],14,79,105,65,79
1,<environment.Job instance at 0x7f4caab51280>,20,18,[5 5],21,158,176,137,158
1,<environment.Job instance at 0x7f4caac48a50>,0,19,[5 2],1,1,20,0,1
1,<environment.Job instance at 0x7f4caac78af0>,2,17,[6 5],3,3,20,0,3
1,<environment.Job instance at 0x7f4cab458460>,9,18,[2 5],10,10,28,0,10
1,<environment.Job instance at 0x7f4cba8b20a0>,15,15,[9 4],16,20,35,4,20
1,<environment.Job instance at 0x7f4caacf3500>,16,15,[4 7],17,28,43,11,28
1,<environment.Job instance at 0x7f4caa8db550>,27,15,[8 2],28,35,50,7,35
1,<environment.Job instance at 0x7f4cab7c92d0>,11,21,[2 6],12,35,56,23,35
1,<environment.Job instance at 0x7f4cab66d410>,32,16,[4 6],33,43,59,10,43
1,<environment.Job instance at 0x7f4caadd99b0>,31,16,[8 3],32,50,66,18,50
1,<environment.Job instance at 0x7f4caab51910>,40,16,[3 7],41,59,75,18,59
1,<environment.Job instance at 0x7f4caac04b40>,42,14,[5 7],43,66,80,23,66
1,<environment.Job instance at 0x7f4caac04050>,44,16,[4 7],45,75,91,30,75
1,<environment.Job instance at 0x7f4caac04960>,46,14,[1 6],47,80,94,33,80
1,<environment.Job instance at 0x7f4cab338f00>,38,17,[3 8],39,91,108,52,91
1,<environment.Job instance at 0x7f4caac080f0>,57,15,[10  5],58,94,109,36,94
1,<environment.Job instance at 0x7f4cab83f410>,62,16,[1 8],63,108,124,45,108
1,<environment.Job instance at 0x7f4cab83f0f0>,63,12,[3 7],64,109,121,45,109
1,<environment.Job instance at 0x7f4cb43a3f00>,20,18,[5 5],21,121,139,100,121
1,<environment.Job instance at 0x7f4cab64e460>,69,12,[8 2],70,121,133,51,121
1,<environment.Job instance at 0x7f4cab180af0>,90,14,[8 2],91,133,147,42,133
1,<environment.Job instance at 0x7f4cab638e10>,73,15,[2 7],74,133,148,59,133
1,<environment.Job instance at 0x7f4cab44f500>,93,18,[4 5],94,139,157,45,139
1,<environment.Job instance at 0x7f4cab73d6e0>,4,22,[8 3],5,147,169,142,147
1,<environment.Job instance at 0x7f4cab333c80>,95,13,[4 6],96,157,170,61,157
1,<environment.Job instance at 0x7f4cab722b90>,3,13,[7 3],4,4,17,0,4
1,<environment.Job instance at 0x7f4caac790a0>,9,18,[11  1],10,61,79,51,61
1,<environment.Job instance at 0x7f4cab7e3320>,12,28,[5 4],13,100,128,87,100
1,<environment.Job instance at 0x7f4cab7229b0>,8,16,[4 8],9,102,118,93,102
1,<environment.Job instance at 0x7f4cab7e31e0>,14,18,[7 4],15,130,148,115,130
1,<environment.Job instance at 0x7f4cab7e3230>,13,27,[ 3 12],14,148,175,134,146
1,<environment.Job instance at 0x7f4caa9bedc0>,3,13,[7 3],4,4,17,0,4
1,<environment.Job instance at 0x7f4caa9855a0>,8,16,[4 8],9,9,25,0,9
1,<environment.Job instance at 0x7f4caa9853c0>,10,18,[10  3],11,17,35,6,17
1,<environment.Job instance at 0x7f4cabd25460>,18,15,[1 5],19,25,40,6,25
1,<environment.Job instance at 0x7f4caaa3dbe0>,26,17,[10  5],27,35,52,8,35
1,<environment.Job instance at 0x7f4caaa17f00>,29,17,[1 7],30,40,57,10,40
1,<environment.Job instance at 0x7f4caaa35a50>,36,17,[1 6],37,52,69,15,52
1,<environment.Job instance at 0x7f4caaa2bcd0>,17,21,[10  1],18,52,73,34,52
1,<environment.Job instance at 0x7f4caaa35c80>,38,17,[3 5],39,57,74,18,57
1,<environment.Job instance at 0x7f4cabcf1910>,49,14,[4 9],50,73,87,23,73
1,<environment.Job instance at 0x7f4caabe32d0>,50,17,[10  3],51,74,91,23,74
1,<environment.Job instance at 0x7f4caa9841e0>,55,16,[4 8],56,91,107,35,91
1,<environment.Job instance at 0x7f4caaa35910>,35,18,[9 3],36,91,109,55,91
1,<environment.Job instance at 0x7f4caaa3fe10>,65,17,[4 6],66,107,124,41,107
1,<environment.Job instance at 0x7f4caa773e10>,52,18,[9 2],53,109,127,56,109
1,<environment.Job instance at 0x7f4caad321e0>,73,14,[5 5],74,124,138,50,124
1,<environment.Job instance at 0x7f4caba2aa50>,77,12,[1 8],78,124,136,46,124
1,<environment.Job instance at 0x7f4caa9995f0>,79,13,[8 2],80,137,150,57,137
1,<environment.Job instance at 0x7f4caba2abe0>,68,15,[ 3 10],69,138,153,69,138
1,<environment.Job instance at 0x7f4cabd25cd0>,14,18,[7 4],15,150,168,135,150
1,<environment.Job instance at 0x7f4cabc056e0>,87,14,[ 3 10],88,153,167,65,153
1,<environment.Job instance at 0x7f4cab7f6aa0>,10,12,[5 9],11,11,23,0,11
1,<environment.Job instance at 0x7f4cab7f6a00>,12,17,[6 3],13,13,30,0,13
1,<environment.Job instance at 0x7f4cab7f6dc0>,13,12,[4 8],14,23,35,9,14
1,<environment.Job instance at 0x7f4cab8f2960>,18,28,[5 1],19,32,60,13,32
1,<environment.Job instance at 0x7f4cab8f2c30>,20,12,[5 7],21,35,47,14,32
1,<environment.Job instance at 0x7f4cab8f2280>,23,13,[10  5],24,105,118,81,105
1,<environment.Job instance at 0x7f4cab7f63c0>,15,28,[2 5],16,126,154,110,126
1,<environment.Job instance at 0x7f4cab8f2320>,25,16,[5 8],26,155,171,129,155
1,<environment.Job instance at 0x7f4caa9b8b40>,0,21,[8 3],1,1,22,0,1
1,<environment.Job instance at 0x7f4caa9b87d0>,4,17,[5 9],5,5,22,0,5
1,<environment.Job instance at 0x7f4caa9a8280>,13,12,[4 8],14,22,34,8,22
1,<environment.Job instance at 0x7f4caa9a8cd0>,12,17,[6 3],13,22,39,9,22
1,<environment.Job instance at 0x7f4cb440de60>,20,12,[5 7],21,34,46,13,34
1,<environment.Job instance at 0x7f4caa986aa0>,22,17,[8 5],23,39,56,16,39
1,<environment.Job instance at 0x7f4caa9b8690>,10,12,[5 9],11,46,58,35,46
1,<environment.Job instance at 0x7f4caa986d20>,23,13,[10  5],24,56,69,32,56
1,<environment.Job instance at 0x7f4caab1e5a0>,27,12,[3 5],28,58,70,30,58
1,<environment.Job instance at 0x7f4cabc1c1e0>,29,14,[6 2],30,69,83,39,69
1,<environment.Job instance at 0x7f4cabd6fd70>,25,16,[5 8],26,69,85,43,69
1,<environment.Job instance at 0x7f4caa776c80>,33,12,[5 5],34,83,95,49,83
1,<environment.Job instance at 0x7f4caa9991e0>,37,14,[5 4],38,85,99,47,85
1,<environment.Job instance at 0x7f4caa776820>,34,16,[4 6],35,85,101,50,85
1,<environment.Job instance at 0x7f4caa9b8c30>,5,18,[6 1],6,95,113,89,95
1,<environment.Job instance at 0x7f4caad321e0>,39,12,[3 8],40,99,111,59,99
1,<environment.Job instance at 0x7f4caa986b40>,21,18,[6 5],22,101,119,79,101
1,<environment.Job instance at 0x7f4caa985be0>,55,18,[1 9],56,111,129,55,111
1,<environment.Job instance at 0x7f4cab28e690>,61,14,[9 3],62,119,133,57,119
1,<environment.Job instance at 0x7f4caba2a050>,44,12,[ 4 10],45,129,141,84,129
1,<environment.Job instance at 0x7f4caa9bee10>,75,13,[3 5],76,133,146,57,133
1,<environment.Job instance at 0x7f4caa9be690>,74,12,[ 4 10],75,141,153,66,141
1,<environment.Job instance at 0x7f4cab28e050>,64,14,[9 3],65,146,160,81,146
1,<environment.Job instance at 0x7f4caa9b8b90>,7,15,[4 9],8,153,168,145,153
1,<environment.Job instance at 0x7f4caa7da9b0>,12,23,[5 5],13,15,38,2,15
1,<environment.Job instance at 0x7f4caa7dafa0>,16,24,[5 2],17,19,43,2,19
1,<environment.Job instance at 0x7f4caa7da3c0>,15,12,[ 4 12],16,38,50,22,26
1,<environment.Job instance at 0x7f4caaa17dc0>,2,21,[4 7],3,3,24,0,3
1,<environment.Job instance at 0x7f4caaa17320>,4,18,[5 5],5,5,23,0,5
1,<environment.Job instance at 0x7f4caaffe280>,20,17,[2 7],21,23,40,2,23
1,<environment.Job instance at 0x7f4caaa2b6e0>,7,18,[9 2],8,24,42,16,24
1,<environment.Job instance at 0x7f4caaa2bc30>,5,15,[ 1 10],6,40,55,34,40
1,<environment.Job instance at 0x7f4cab3bb9b0>,35,13,[8 1],36,42,55,6,42
1,<environment.Job instance at 0x7f4cb441eaa0>,36,14,[1 6],37,55,69,18,55
1,<environment.Job instance at 0x7f4cb441ee10>,37,13,[6 3],38,55,68,17,55
1,<environment.Job instance at 0x7f4cabc13b90>,28,17,[4 5],29,55,72,26,55
1,<environment.Job instance at 0x7f4caaffe820>,22,20,[10  2],23,68,88,45,68
1,<environment.Job instance at 0x7f4caaffe8c0>,25,18,[1 7],26,69,87,43,69
1,<environment.Job instance at 0x7f4cb438f7d0>,46,12,[5 7],47,87,99,40,87
1,<environment.Job instance at 0x7f4caa9be730>,51,15,[1 6],52,88,103,36,88
1,<environment.Job instance at 0x7f4caa9bc870>,63,16,[8 2],64,88,104,24,88
1,<environment.Job instance at 0x7f4caa984730>,44,17,[5 3],45,99,116,54,99
1,<environment.Job instance at 0x7f4caa984190>,42,12,[5 9],43,104,116,61,104
1,<environment.Job instance at 0x7f4caba2a640>,65,14,[7 1],66,116,130,50,116
1,<environment.Job instance at 0x7f4caac09d70>,23,15,[ 4 10],24,117,132,93,117
1,<environment.Job instance at 0x7f4caba2a0a0>,69,16,[5 5],70,130,146,60,130
1,<environment.Job instance at 0x7f4caba2a690>,68,17,[5 5],69,132,149,63,132
1,<environment.Job instance at 0x7f4cabc1cd20>,82,20,[3 5],83,133,153,50,133
1,<environment.Job instance at 0x7f4cabd6fd70>,83,18,[7 1],84,146,164,62,146
1,<environment.Job instance at 0x7f4caa999c30>,78,18,[1 8],79,149,167,70,149
1,<environment.Job instance at 0x7f4caab1e5a0>,86,18,[7 4],87,153,171,66,153
1,<environment.Job instance at 0x7f4cab211550>,3,22,[1 7],4,4,26,0,4
1,<environment.Job instance at 0x7f4cab2115a0>,7,13,[ 1 12],8,26,39,18,11
1,<environment.Job instance at 0x7f4cab211820>,8,18,[14  2],9,32,50,23,32
1,<environment.Job instance at 0x7f4cab06a460>,3,22,[1 7],4,4,26,0,4
1,<environment.Job instance at 0x7f4cab042b40>,13,12,[10  4],14,14,26,0,14
1,<environment.Job instance at 0x7f4cab058690>,22,14,[5 7],23,26,40,3,26
1,<environment.Job instance at 0x7f4cab067d70>,16,14,[5 6],17,26,40,9,26
1,<environment.Job instance at 0x7f4cab075500>,29,13,[ 2 10],30,40,53,10,40
1,<environment.Job instance at 0x7f4cab045870>,38,16,[6 3],39,40,56,1,40
1,<environment.Job instance at 0x7f4cab068320>,28,20,[7 1],29,40,60,11,40
1,<environment.Job instance at 0x7f4cab042af0>,11,22,[1 9],12,53,75,41,53
1,<environment.Job instance at 0x7f4caa621d70>,42,16,[6 1],43,56,72,13,56
1,<environment.Job instance at 0x7f4cab042a50>,14,17,[8 3],15,60,77,45,60
1,<environment.Job instance at 0x7f4cab061d20>,47,17,[4 8],48,75,92,27,75
1,<environment.Job instance at 0x7f4cab78a3c0>,54,12,[7 4],55,77,89,22,77
1,<environment.Job instance at 0x7f4caad58a00>,58,15,[3 6],59,89,104,30,89
1,<environment.Job instance at 0x7f4cab05a8c0>,33,17,[10  1],34,92,109,58,92
1,<environment.Job instance at 0x7f4cab1e4cd0>,53,15,[ 1 10],54,104,119,50,104
1,<environment.Job instance at 0x7f4caad58050>,64,18,[5 5],65,109,127,44,109
1,<environment.Job instance at 0x7f4cab376eb0>,70,13,[4 7],71,119,132,48,119
1,<environment.Job instance at 0x7f4cab47deb0>,73,15,[5 5],74,127,142,53,127
1,<environment.Job instance at 0x7f4cab47a050>,76,14,[5 8],77,132,146,55,132
1,<environment.Job instance at 0x7f4cab392f00>,82,13,[6 3],83,142,155,59,142
1,<environment.Job instance at 0x7f4cab1e0410>,67,16,[5 6],68,146,162,78,146
1,<environment.Job instance at 0x7f4cab05a910>,36,22,[3 5],37,146,168,109,146
1,<environment.Job instance at 0x7f4caad74690>,91,12,[5 4],92,155,167,63,155
1,<environment.Job instance at 0x7f4caa629b90>,3,20,[ 4 13],4,16,36,12,16
1,<environment.Job instance at 0x7f4caa629230>,15,16,[2 6],16,36,52,20,23
1,<environment.Job instance at 0x7f4caa629eb0>,12,24,[8 1],13,28,52,15,28
1,<environment.Job instance at 0x7f4cab47ad20>,17,12,[14  3],18,52,64,34,36
1,<environment.Job instance at 0x7f4cab47a2d0>,20,14,[5 6],21,64,78,43,49
1,<environment.Job instance at 0x7f4cab47ac30>,22,24,[1 8],23,53,77,30,53
1,<environment.Job instance at 0x7f4caa629c80>,13,19,[ 5 10],14,78,97,64,77
1,<environment.Job instance at 0x7f4cab36db90>,2,17,[10  5],3,3,20,0,3
1,<environment.Job instance at 0x7f4caace2f00>,13,19,[ 5 10],14,14,33,0,14
1,<environment.Job instance at 0x7f4cab36d9b0>,5,14,[8 3],6,20,34,14,20
1,<environment.Job instance at 0x7f4caacd8d20>,24,13,[6 4],25,33,46,8,33
1,<environment.Job instance at 0x7f4caaccf3c0>,20,14,[5 6],21,34,48,13,34
1,<environment.Job instance at 0x7f4caacf15a0>,26,12,[5 1],27,46,58,19,46
1,<environment.Job instance at 0x7f4caa63baf0>,15,16,[2 6],16,46,62,30,46
1,<environment.Job instance at 0x7f4caacf13c0>,27,16,[7 4],28,48,64,20,48
1,<environment.Job instance at 0x7f4cab5f2780>,36,13,[5 5],37,62,75,25,62
1,<environment.Job instance at 0x7f4caad58050>,39,14,[3 7],40,64,78,24,64
1,<environment.Job instance at 0x7f4caacc8140>,25,15,[9 3],26,75,90,49,75
1,<environment.Job instance at 0x7f4caad58280>,40,18,[1 5],41,75,93,34,75
1,<environment.Job instance at 0x7f4cab47a050>,48,17,[3 5],49,78,95,29,78
1,<environment.Job instance at 0x7f4caa6299b0>,54,13,[10  4],55,90,103,35,90
1,<environment.Job instance at 0x7f4caa629140>,56,12,[ 3 10],57,95,107,38,95
1,<environment.Job instance at 0x7f4caa6294b0>,58,12,[8 1],59,103,115,44,103
1,<environment.Job instance at 0x7f4cabd5db90>,71,12,[7 5],72,107,119,35,107
1,<environment.Job instance at 0x7f4cabd5d280>,67,14,[5 6],68,115,129,47,115
1,<environment.Job instance at 0x7f4cab47d2d0>,76,13,[6 3],77,119,132,42,119
1,<environment.Job instance at 0x7f4caaccbaa0>,31,16,[7 5],32,129,145,97,129
1,<environment.Job instance at 0x7f4cab47dd70>,78,12,[3 9],79,132,144,53,132
1,<environment.Job instance at 0x7f4cab47d1e0>,80,18,[2 9],81,144,162,63,144
1,<environment.Job instance at 0x7f4cab47d640>,77,15,[10  3],78,145,160,67,145
1,<environment.Job instance at 0x7f4caaa3f280>,7,21,[5 1],8,8,29,0,8
1,<environment.Job instance at 0x7f4cabbef280>,2,19,[3 9],3,13,32,10,13
1,<environment.Job instance at 0x7f4caaa3f0f0>,10,21,[2 6],11,29,50,18,21
1,<environment.Job instance at 0x7f4caaa3f5f0>,14,14,[7 4],15,32,46,17,21
1,<environment.Job instance at 0x7f4caaa3f550>,13,14,[1 7],14,46,60,32,31
1,<environment.Job instance at 0x7f4caaa3f6e0>,16,13,[2 7],17,50,63,33,34
1,<environment.Job instance at 0x7f4caaa3f3c0>,3,14,[ 5 14],4,63,77,59,48
1,<environment.Job instance at 0x7f4caaa3ff00>,15,16,[ 3 11],16,77,93,61,64
1,<environment.Job instance at 0x7f4caaa3fbe0>,19,20,[8 1],20,74,94,54,74
1,<environment.Job instance at 0x7f4caaa3fb90>,11,15,[ 1 12],12,93,108,81,80
1,<environment.Job instance at 0x7f4caaa3fa50>,12,15,[14  5],13,108,123,95,94
1,<environment.Job instance at 0x7f4caaa3f1e0>,17,14,[ 1 12],18,123,137,105,110
1,<environment.Job instance at 0x7f4cab8af6e0>,25,12,[7 2],26,123,135,97,119
1,<environment.Job instance at 0x7f4caaa3f5a0>,18,20,[10  5],19,137,157,118,130
1,<environment.Job instance at 0x7f4cab8af550>,29,23,[ 2 10],30,146,169,116,146
1,<environment.Job instance at 0x7f4caa63c320>,2,19,[3 9],3,3,22,0,3
1,<environment.Job instance at 0x7f4caa606af0>,7,21,[5 1],8,8,29,0,8
1,<environment.Job instance at 0x7f4caa606730>,14,14,[7 4],15,15,29,0,15
1,<environment.Job instance at 0x7f4caa6060f0>,16,13,[2 7],17,22,35,5,22
1,<environment.Job instance at 0x7f4caa61ea00>,25,12,[7 2],26,29,41,3,29
1,<environment.Job instance at 0x7f4caa606960>,10,21,[2 6],11,29,50,18,29
1,<environment.Job instance at 0x7f4caa606a00>,13,14,[1 7],14,35,49,21,35
1,<environment.Job instance at 0x7f4caa6066e0>,19,20,[8 1],20,41,61,21,41
1,<environment.Job instance at 0x7f4caa61e7d0>,23,16,[3 8],24,49,65,25,49
1,<environment.Job instance at 0x7f4caaccba50>,41,13,[3 5],42,50,63,8,50
1,<environment.Job instance at 0x7f4caacf1640>,43,13,[6 2],44,61,74,17,61
1,<environment.Job instance at 0x7f4caacc8140>,45,14,[2 9],46,65,79,19,65
1,<environment.Job instance at 0x7f4caacd8af0>,48,16,[5 4],49,65,81,16,65
1,<environment.Job instance at 0x7f4caaccffa0>,50,14,[5 2],51,74,88,23,74
1,<environment.Job instance at 0x7f4caa629f00>,32,16,[4 6],33,79,95,46,79
1,<environment.Job instance at 0x7f4caace2f00>,60,12,[5 5],61,81,93,20,81
1,<environment.Job instance at 0x7f4cab579cd0>,62,16,[4 9],63,93,109,30,93
1,<environment.Job instance at 0x7f4cab0e7050>,66,13,[8 2],67,95,108,28,95
1,<environment.Job instance at 0x7f4cab331690>,69,14,[5 6],70,108,122,38,108
1,<environment.Job instance at 0x7f4cab1a90f0>,71,15,[9 3],72,109,124,37,109
1,<environment.Job instance at 0x7f4caaa3f460>,77,13,[5 6],78,122,135,44,122
1,<environment.Job instance at 0x7f4cab1e0d20>,81,14,[5 8],82,124,138,42,124
1,<environment.Job instance at 0x7f4cab91ae60>,78,16,[9 3],79,135,151,56,135
1,<environment.Job instance at 0x7f4caa4be8c0>,85,12,[4 5],86,138,150,52,138
1,<environment.Job instance at 0x7f4caa61eb40>,24,17,[3 7],25,150,167,125,150
1,<environment.Job instance at 0x7f4caa8090f0>,89,16,[7 2],90,151,167,61,151
1,<environment.Job instance at 0x7f4caace2370>,58,18,[4 6],59,151,169,92,151
1,<environment.Job instance at 0x7f4cabcc71e0>,4,14,[1 5],5,5,19,0,5
1,<environment.Job instance at 0x7f4cabcc7690>,7,14,[4 7],8,8,22,0,8
1,<environment.Job instance at 0x7f4cabcc7a00>,12,13,[12  4],13,22,35,9,15
1,<environment.Job instance at 0x7f4cabcc7af0>,13,19,[2 7],14,19,38,5,15
1,<environment.Job instance at 0x7f4cabcc7c30>,14,12,[ 4 14],15,38,50,23,23
1,<environment.Job instance at 0x7f4caba0e0a0>,17,13,[ 1 10],18,50,63,32,35
1,<environment.Job instance at 0x7f4caa7f52d0>,18,13,[14  2],19,50,63,31,48
1,<environment.Job instance at 0x7f4caa7f5820>,19,14,[13  2],20,63,77,43,50
1,<environment.Job instance at 0x7f4caba0e370>,15,18,[2 6],16,63,81,47,53
1,<environment.Job instance at 0x7f4caa7f5370>,21,13,[7 2],22,77,90,55,61
1,<environment.Job instance at 0x7f4caa7f5190>,24,15,[5 5],25,77,92,52,63
1,<environment.Job instance at 0x7f4cab486c80>,27,13,[ 4 11],28,92,105,64,76
1,<environment.Job instance at 0x7f4caa7de910>,28,20,[3 6],29,105,125,76,96
1,<environment.Job instance at 0x7f4caa7f50f0>,22,22,[8 2],23,100,122,77,100
1,<environment.Job instance at 0x7f4caaa5f3c0>,33,15,[ 3 13],34,125,140,91,111
1,<environment.Job instance at 0x7f4caa7def00>,30,19,[13  3],31,140,159,109,130
1,<environment.Job instance at 0x7f4caaa7e8c0>,39,19,[2 8],40,140,159,100,134
1,<environment.Job instance at 0x7f4caaa7e6e0>,40,12,[12  2],41,159,171,118,142
1,<environment.Job instance at 0x7f4cabaca7d0>,25,19,[ 3 11],26,159,178,133,153
1,<environment.Job instance at 0x7f4cab804f50>,4,14,[1 5],5,5,19,0,5
1,<environment.Job instance at 0x7f4cab804eb0>,5,15,[10  4],6,6,21,0,6
1,<environment.Job instance at 0x7f4cab906e10>,17,13,[ 1 10],18,19,32,1,19
1,<environment.Job instance at 0x7f4caaf41640>,6,16,[10  5],7,21,37,14,21
1,<environment.Job instance at 0x7f4cab8048c0>,7,14,[4 7],8,32,46,24,32
1,<environment.Job instance at 0x7f4caaf7caa0>,21,13,[7 2],22,37,50,15,37
1,<environment.Job instance at 0x7f4cabd787d0>,15,18,[2 6],16,37,55,21,37
1,<environment.Job instance at 0x7f4caaea9500>,24,15,[5 5],25,46,61,21,46
1,<environment.Job instance at 0x7f4cab8209b0>,36,12,[5 7],37,55,67,18,55
1,<environment.Job instance at 0x7f4caa459fa0>,41,16,[5 7],42,61,77,19,61
1,<environment.Job instance at 0x7f4caaf4b0f0>,16,16,[5 6],17,67,83,50,67
1,<environment.Job instance at 0x7f4caa459690>,47,15,[1 9],48,78,93,30,78
1,<environment.Job instance at 0x7f4caae850f0>,29,17,[10  4],30,83,100,53,83
1,<environment.Job instance at 0x7f4cab801460>,53,14,[3 8],54,93,107,39,93
1,<environment.Job instance at 0x7f4caa459af0>,44,17,[1 7],45,101,118,56,101
1,<environment.Job instance at 0x7f4caa456140>,62,17,[1 5],63,107,124,44,107
1,<environment.Job instance at 0x7f4caa456b40>,60,19,[8 1],61,107,126,46,107
1,<environment.Job instance at 0x7f4caa466c80>,66,15,[2 6],67,118,133,51,118
1,<environment.Job instance at 0x7f4caa466410>,70,17,[4 6],71,124,141,53,124
1,<environment.Job instance at 0x7f4caa4662d0>,69,12,[9 4],70,133,145,63,133
1,<environment.Job instance at 0x7f4cab81f050>,72,14,[5 9],73,141,155,68,141
1,<environment.Job instance at 0x7f4caac024b0>,84,15,[8 4],85,146,161,61,146
1,<environment.Job instance at 0x7f4caa456eb0>,59,14,[ 2 10],60,155,169,95,155
1,<environment.Job instance at 0x7f4caa47c910>,87,19,[5 1],88,156,175,68,156
1,<environment.Job instance at 0x7f4cabd7db40>,9,18,[6 2],10,10,28,0,10
1,<environment.Job instance at 0x7f4cab805be0>,12,13,[8 1],13,15,28,2,15
1,<environment.Job instance at 0x7f4cab805b90>,14,19,[4 9],15,28,47,13,18
1,<environment.Job instance at 0x7f4cab805a00>,10,21,[9 1],11,41,62,30,41
1,<environment.Job instance at 0x7f4cab805320>,15,21,[ 5 13],16,47,68,31,44
1,<environment.Job instance at 0x7f4cab805460>,18,26,[1 8],19,68,94,49,66
1,<environment.Job instance at 0x7f4cab805f50>,19,27,[14  4],20,68,95,48,68
1,<environment.Job instance at 0x7f4cab805e10>,20,21,[1 5],21,94,115,73,86
1,<environment.Job instance at 0x7f4cab805e60>,21,21,[ 1 11],22,115,136,93,108
1,<environment.Job instance at 0x7f4cab805640>,22,20,[11  2],23,148,168,125,148
1,<environment.Job instance at 0x7f4cab805820>,23,16,[2 8],24,152,168,128,152
1,<environment.Job instance at 0x7f4cab805c80>,24,12,[5 1],25,168,180,143,154
1,<environment.Job instance at 0x7f4caab3a3c0>,0,18,[1 7],1,1,19,0,1
1,<environment.Job instance at 0x7f4caac05f00>,3,21,[8 5],4,4,25,0,4
1,<environment.Job instance at 0x7f4caac161e0>,9,18,[6 2],10,10,28,0,10
1,<environment.Job instance at 0x7f4cabb8fe60>,24,12,[5 1],25,25,37,0,25
1,<environment.Job instance at 0x7f4caab80190>,23,16,[2 8],24,25,41,1,25
1,<environment.Job instance at 0x7f4caac16190>,12,13,[8 1],13,28,41,15,28
1,<environment.Job instance at 0x7f4cab80dc30>,20,21,[1 5],21,37,58,16,37
1,<environment.Job instance at 0x7f4caae8ad20>,34,16,[3 7],35,41,57,6,41
1,<environment.Job instance at 0x7f4cabd7da50>,40,12,[5 5],41,57,69,16,57
1,<environment.Job instance at 0x7f4cab9b3eb0>,47,14,[8 4],48,57,71,9,57
1,<environment.Job instance at 0x7f4cab27c1e0>,38,18,[1 5],39,58,76,19,58
1,<environment.Job instance at 0x7f4caab355f0>,50,12,[5 5],51,69,81,18,69
1,<environment.Job instance at 0x7f4caa8e68c0>,53,15,[7 3],54,71,86,17,71
1,<environment.Job instance at 0x7f4cab784a50>,48,15,[3 5],49,76,91,27,76
1,<environment.Job instance at 0x7f4cab27c370>,39,17,[5 5],40,81,98,41,81
1,<environment.Job instance at 0x7f4caa514460>,60,18,[4 5],61,86,104,25,86
1,<environment.Job instance at 0x7f4caa7b7c30>,62,13,[1 6],63,98,111,35,98
1,<environment.Job instance at 0x7f4caa8c74b0>,64,15,[7 2],65,98,113,33,98
1,<environment.Job instance at 0x7f4caac09500>,78,13,[1 5],79,104,117,25,104
1,<environment.Job instance at 0x7f4cab26e460>,71,14,[3 8],72,111,125,39,111
1,<environment.Job instance at 0x7f4caac098c0>,79,15,[6 4],80,117,132,37,117
1,<environment.Job instance at 0x7f4caa6de410>,81,16,[5 3],82,117,133,35,117
1,<environment.Job instance at 0x7f4cab8adf00>,26,17,[1 8],27,125,142,98,125
1,<environment.Job instance at 0x7f4cab26e7d0>,74,18,[8 5],75,133,151,58,133
1,<environment.Job instance at 0x7f4caab3d6e0>,94,15,[1 8],95,142,157,47,142
1,<environment.Job instance at 0x7f4caa793280>,103,15,[6 2],104,142,157,38,142
1,<environment.Job instance at 0x7f4caa793140>,104,18,[6 1],105,151,169,46,151
1,<environment.Job instance at 0x7f4caa6f53c0>,107,12,[6 1],108,157,169,49,157
1,<environment.Job instance at 0x7f4caac020f0>,1,23,[5 2],2,2,25,0,2
1,<environment.Job instance at 0x7f4caa856910>,4,23,[5 5],5,5,28,0,5
1,<environment.Job instance at 0x7f4caa856dc0>,11,17,[2 8],12,13,30,1,13
1,<environment.Job instance at 0x7f4caa856fa0>,12,14,[ 1 13],13,30,44,17,15
1,<environment.Job instance at 0x7f4caa87a140>,15,13,[13  1],16,28,41,12,26
1,<environment.Job instance at 0x7f4caa856c80>,9,20,[13  3],10,44,64,34,35
1,<environment.Job instance at 0x7f4caab26b40>,11,17,[2 8],12,12,29,0,12
1,<environment.Job instance at 0x7f4caac0ea00>,13,18,[6 3],14,14,32,0,14
1,<environment.Job instance at 0x7f4caab2f820>,20,13,[6 2],21,21,34,0,21
1,<environment.Job instance at 0x7f4caadbd410>,28,22,[ 2 10],29,29,51,0,29
1,<environment.Job instance at 0x7f4caad80c30>,29,15,[6 3],30,32,47,2,32
1,<environment.Job instance at 0x7f4caa6fa690>,32,16,[8 3],33,47,63,14,47
1,<environment.Job instance at 0x7f4caa6ca370>,37,12,[1 9],38,51,63,13,51
1,<environment.Job instance at 0x7f4caab00190>,27,19,[5 3],28,51,70,23,51
1,<environment.Job instance at 0x7f4caab30f00>,52,15,[8 3],53,63,78,10,63
1,<environment.Job instance at 0x7f4caa798370>,55,16,[2 5],56,63,79,7,63
1,<environment.Job instance at 0x7f4caa7af0f0>,47,16,[2 6],48,70,86,22,70
1,<environment.Job instance at 0x7f4caa6cabe0>,38,16,[9 4],39,78,94,39,78
1,<environment.Job instance at 0x7f4caa6caa50>,34,16,[4 8],35,86,102,51,86
1,<environment.Job instance at 0x7f4caba9d2d0>,79,15,[1 5],80,94,109,14,94
1,<environment.Job instance at 0x7f4caab21be0>,88,13,[6 4],89,102,115,13,102
1,<environment.Job instance at 0x7f4caa6de5a0>,67,16,[7 5],68,102,118,34,102
1,<environment.Job instance at 0x7f4caae12690>,93,12,[6 2],94,115,127,21,115
1,<environment.Job instance at 0x7f4cabd7d140>,105,16,[1 8],106,118,134,12,118
1,<environment.Job instance at 0x7f4cab26e7d0>,77,17,[7 3],78,118,135,40,118
1,<environment.Job instance at 0x7f4caaf4b0f0>,120,12,[7 2],121,127,139,6,127
1,<environment.Job instance at 0x7f4caad802d0>,30,21,[ 1 10],31,134,155,103,134
1,<environment.Job instance at 0x7f4caaeb03c0>,121,14,[10  5],122,140,154,18,140
1,<environment.Job instance at 0x7f4cab8adf00>,115,17,[9 2],116,154,171,38,154
1,<environment.Job instance at 0x7f4caac09f00>,3,21,[1 6],4,4,25,0,4
1,<environment.Job instance at 0x7f4caac38690>,4,18,[7 2],5,5,23,0,5
1,<environment.Job instance at 0x7f4caac1ed20>,8,12,[5 4],9,9,21,0,9
1,<environment.Job instance at 0x7f4cabaa9960>,15,13,[12  1],16,23,36,7,18
1,<environment.Job instance at 0x7f4caa7d0690>,12,24,[ 3 12],13,33,57,20,33
1,<environment.Job instance at 0x7f4cabaa9550>,19,16,[3 5],20,57,73,37,47
1,<environment.Job instance at 0x7f4cabaa9aa0>,20,15,[7 4],21,57,72,36,54
1,<environment.Job instance at 0x7f4cabaa9f00>,21,18,[ 1 11],22,73,91,51,64
1,<environment.Job instance at 0x7f4caa7d0a50>,11,28,[11  3],12,94,122,82,94
1,<environment.Job instance at 0x7f4cabaa9d20>,23,12,[2 5],24,105,117,81,105
1,<environment.Job instance at 0x7f4cabaa9280>,24,24,[14  4],25,122,146,97,119
1,<environment.Job instance at 0x7f4cabaa9a00>,22,14,[7 1],23,148,162,125,148
1,<environment.Job instance at 0x7f4cabaa93c0>,26,13,[9 4],27,162,175,135,150
1,<environment.Job instance at 0x7f4cabaa9640>,25,17,[2 6],26,150,167,124,150
1,<environment.Job instance at 0x7f4caadd3d20>,1,22,[9 2],2,2,24,0,2
1,<environment.Job instance at 0x7f4caaab4af0>,3,21,[1 6],4,4,25,0,4
1,<environment.Job instance at 0x7f4caac161e0>,6,17,[2 7],7,7,24,0,7
1,<environment.Job instance at 0x7f4caac16410>,8,12,[5 4],9,24,36,15,24
1,<environment.Job instance at 0x7f4cabdb1f00>,22,14,[7 1],23,24,38,1,24
1,<environment.Job instance at 0x7f4caae8a6e0>,23,12,[2 5],24,25,37,1,25
1,<environment.Job instance at 0x7f4cab8adf00>,19,16,[3 5],20,36,52,16,36
1,<environment.Job instance at 0x7f4caac16190>,7,16,[5 3],8,37,53,29,37
1,<environment.Job instance at 0x7f4caaea9f50>,20,15,[7 4],21,38,53,17,38
1,<environment.Job instance at 0x7f4cab27c3c0>,25,17,[2 6],26,52,69,26,52
1,<environment.Job instance at 0x7f4cab27c1e0>,26,13,[9 4],27,53,66,26,53
1,<environment.Job instance at 0x7f4cabdbda50>,33,15,[4 6],34,66,81,32,66
1,<environment.Job instance at 0x7f4cab5f08c0>,32,16,[7 1],33,66,82,33,66
1,<environment.Job instance at 0x7f4caa6c50f0>,45,13,[4 8],46,69,82,23,69
1,<environment.Job instance at 0x7f4cab26e460>,50,15,[10  4],51,82,97,31,82
1,<environment.Job instance at 0x7f4caa6def00>,58,15,[5 8],59,82,97,23,82
1,<environment.Job instance at 0x7f4caab30140>,65,15,[4 5],66,97,112,31,97
1,<environment.Job instance at 0x7f4caab265a0>,86,12,[9 4],87,97,109,10,97
1,<environment.Job instance at 0x7f4caab304b0>,62,18,[1 6],63,97,115,34,97
1,<environment.Job instance at 0x7f4caab090a0>,4,18,[7 2],5,109,127,104,109
1,<environment.Job instance at 0x7f4cab810820>,93,12,[7 3],94,112,124,18,112
1,<environment.Job instance at 0x7f4caac29140>,87,16,[5 5],88,124,140,36,124
1,<environment.Job instance at 0x7f4caab26e10>,88,17,[2 7],89,124,141,35,124
1,<environment.Job instance at 0x7f4caac1e5a0>,96,12,[6 4],97,141,153,44,141
1,<environment.Job instance at 0x7f4cab157820>,37,17,[5 5],38,141,158,103,141
1,<environment.Job instance at 0x7f4caac1e1e0>,95,17,[10  2],96,155,172,59,155
1,<environment.Job instance at 0x7f4caa8c7c30>,42,18,[4 9],43,159,177,116,159
1,<environment.Job instance at 0x7f4cab993f50>,7,13,[5 5],8,8,21,0,8
1,<environment.Job instance at 0x7f4cb4846190>,9,16,[9 2],10,21,37,11,21
1,<environment.Job instance at 0x7f4cabb50e10>,1,16,[10  4],2,2,18,0,2
1,<environment.Job instance at 0x7f4cabb50960>,2,17,[1 6],3,3,20,0,3
1,<environment.Job instance at 0x7f4caac1e0f0>,12,12,[9 2],13,18,30,5,18
1,<environment.Job instance at 0x7f4cab1ee1e0>,7,13,[5 5],8,18,31,10,18
1,<environment.Job instance at 0x7f4caac1ed70>,9,16,[9 2],10,30,46,20,30
1,<environment.Job instance at 0x7f4cab8adf00>,31,14,[5 4],32,32,46,0,32
1,<environment.Job instance at 0x7f4cabdb1f00>,30,14,[10  5],31,46,60,15,46
1,<environment.Job instance at 0x7f4cab80dc80>,36,14,[8 4],37,60,74,23,60
1,<environment.Job instance at 0x7f4caaf332d0>,41,15,[4 5],42,60,75,18,60
1,<environment.Job instance at 0x7f4cab7f6f50>,44,14,[4 8],45,74,88,29,74
1,<environment.Job instance at 0x7f4cab77ea50>,39,16,[5 5],40,75,91,35,75
1,<environment.Job instance at 0x7f4cab805d70>,33,16,[6 4],34,88,104,54,88
1,<environment.Job instance at 0x7f4caa5ce730>,54,15,[ 4 10],55,91,106,36,91
1,<environment.Job instance at 0x7f4caa5ce690>,49,17,[7 3],50,104,121,54,104
1,<environment.Job instance at 0x7f4caaa7c640>,60,17,[6 2],61,106,123,45,106
1,<environment.Job instance at 0x7f4caaa7caa0>,63,12,[4 9],64,121,133,57,121
1,<environment.Job instance at 0x7f4caaa7ceb0>,62,13,[9 5],63,123,136,60,123
1,<environment.Job instance at 0x7f4cab1bf0a0>,78,20,[4 9],79,134,154,55,134
1,<environment.Job instance at 0x7f4cab1bf7d0>,80,12,[5 6],81,136,148,55,136
1,<environment.Job instance at 0x7f4caaa7c910>,64,15,[8 5],65,148,163,83,148
1,<environment.Job instance at 0x7f4caad90af0>,85,15,[6 2],86,154,169,68,154
1,<environment.Job instance at 0x7f4cabb9c2d0>,0,15,[1 7],1,1,16,0,1
1,<environment.Job instance at 0x7f4cab7c2e60>,5,13,[8 2],6,6,19,0,6
1,<environment.Job instance at 0x7f4caabb7dc0>,8,16,[6 3],9,9,25,0,9
1,<environment.Job instance at 0x7f4cab37f730>,9,12,[3 8],10,19,31,9,10
1,<environment.Job instance at 0x7f4cab37f3c0>,10,13,[5 5],11,25,38,14,11
1,<environment.Job instance at 0x7f4caab79320>,12,14,[4 7],13,31,45,18,16
1,<environment.Job instance at 0x7f4caafd1f50>,13,17,[1 6],14,38,55,24,27
1,<environment.Job instance at 0x7f4caac6ddc0>,20,12,[7 4],21,45,57,24,32
1,<environment.Job instance at 0x7f4caab79c30>,17,15,[13  3],18,57,72,39,43
1,<environment.Job instance at 0x7f4cb43f2d20>,22,12,[7 3],23,72,84,49,56
1,<environment.Job instance at 0x7f4cabab9eb0>,23,19,[5 7],24,72,91,48,67
1,<environment.Job instance at 0x7f4cb43f22d0>,21,14,[ 5 13],22,91,105,69,78
1,<environment.Job instance at 0x7f4caac6daa0>,19,18,[6 3],20,105,123,85,94
1,<environment.Job instance at 0x7f4caac6d5f0>,18,26,[4 6],19,105,131,86,104
1,<environment.Job instance at 0x7f4cb4400eb0>,16,15,[ 3 14],17,131,146,114,117
1,<environment.Job instance at 0x7f4cab294af0>,28,15,[4 7],29,146,161,117,132
1,<environment.Job instance at 0x7f4cabdc3050>,29,16,[7 4],30,146,162,116,138
1,<environment.Job instance at 0x7f4cabbe9550>,30,12,[5 2],31,161,173,130,144
1,<environment.Job instance at 0x7f4cab265c80>,31,13,[7 2],32,162,175,130,146
1,<environment.Job instance at 0x7f4cabdd9230>,0,15,[1 7],1,1,16,0,1
1,<environment.Job instance at 0x7f4cabdd9910>,2,15,[5 7],3,3,18,0,3
1,<environment.Job instance at 0x7f4caa96c960>,9,12,[3 8],10,16,28,6,16
1,<environment.Job instance at 0x7f4caa96c4b0>,5,13,[8 2],6,18,31,12,18
1,<environment.Job instance at 0x7f4caa96cf50>,10,13,[5 5],11,28,41,17,28
1,<environment.Job instance at 0x7f4caa96cd20>,13,17,[1 6],14,28,45,14,28
1,<environment.Job instance at 0x7f4cab2aa5f0>,22,12,[7 3],23,31,43,8,31
1,<environment.Job instance at 0x7f4cab2aa4b0>,20,12,[7 4],21,41,53,20,41
1,<environment.Job instance at 0x7f4caa96cfa0>,8,16,[6 3],9,43,59,34,43
1,<environment.Job instance at 0x7f4cab7b0e60>,30,12,[5 2],31,53,65,22,53
1,<environment.Job instance at 0x7f4caa96c190>,12,14,[4 7],13,53,67,40,53
1,<environment.Job instance at 0x7f4caa96ce60>,19,18,[6 3],20,59,77,39,59
1,<environment.Job instance at 0x7f4cab7b0780>,31,13,[7 2],32,67,80,35,67
1,<environment.Job instance at 0x7f4cab2aacd0>,28,15,[4 7],29,77,92,48,77
1,<environment.Job instance at 0x7f4caa5a2780>,44,14,[10  4],45,80,94,35,80
1,<environment.Job instance at 0x7f4caa743320>,51,18,[4 9],52,93,111,41,93
1,<environment.Job instance at 0x7f4caa743cd0>,48,15,[10  3],49,94,109,45,94
1,<environment.Job instance at 0x7f4caa5a2550>,39,16,[10  3],40,110,126,70,110
1,<environment.Job instance at 0x7f4caa743550>,50,22,[3 9],51,111,133,60,111
1,<environment.Job instance at 0x7f4cab2aab40>,29,16,[7 4],30,128,144,98,128
1,<environment.Job instance at 0x7f4caad905f0>,62,14,[5 9],63,133,147,70,133
1,<environment.Job instance at 0x7f4caad90eb0>,60,18,[9 1],61,144,162,83,144
1,<environment.Job instance at 0x7f4cab1bf0a0>,69,18,[ 2 10],70,147,165,77,147
1,<environment.Job instance at 0x7fc154e356e0>,0,17,[6 1],1,1,18,0,1
1,<environment.Job instance at 0x7fc14b7ebbe0>,4,24,[7 2],5,5,29,0,5
1,<environment.Job instance at 0x7fc14b7ebf50>,10,15,[5 1],11,18,33,7,12
1,<environment.Job instance at 0x7fc14b7ef050>,11,15,[6 1],12,29,44,17,15
1,<environment.Job instance at 0x7fc14b7ebeb0>,8,20,[ 4 13],9,29,49,20,26
1,<environment.Job instance at 0x7fc14b7ef2d0>,14,15,[14  4],15,49,64,34,35
1,<environment.Job instance at 0x7fc14b7ef0f0>,13,13,[10  3],14,64,77,50,48
1,<environment.Job instance at 0x7fc154e358c0>,9,16,[12  1],10,77,93,67,66
1,<environment.Job instance at 0x7fc14b7ef190>,12,28,[ 1 14],13,84,112,71,84
1,<environment.Job instance at 0x7fc14b7ef6e0>,20,17,[ 2 14],21,114,131,93,114
1,<environment.Job instance at 0x7fc14b7f4640>,0,17,[6 1],1,1,18,0,1
1,<environment.Job instance at 0x7fc14b99e9b0>,2,20,[7 4],3,3,23,0,3
1,<environment.Job instance at 0x7fc14b7e3910>,10,15,[5 1],11,18,33,7,18
1,<environment.Job instance at 0x7fc14b8e17d0>,22,13,[7 4],23,23,36,0,23
1,<environment.Job instance at 0x7fc14b993820>,26,12,[8 5],27,33,45,6,33
1,<environment.Job instance at 0x7fc14b7e36e0>,11,15,[6 1],12,36,51,24,36
1,<environment.Job instance at 0x7fc14ba0a460>,35,16,[1 9],36,36,52,0,36
1,<environment.Job instance at 0x7fc14b8f9690>,41,12,[8 3],42,45,57,3,45
1,<environment.Job instance at 0x7fc14b8f9a50>,43,16,[1 8],44,52,68,8,52
1,<environment.Job instance at 0x7fc14b7e3a50>,13,13,[10  3],14,57,70,43,57
1,<environment.Job instance at 0x7fc14b8ad870>,49,13,[1 5],50,68,81,18,68
1,<environment.Job instance at 0x7fc14b871b40>,24,20,[4 6],25,68,88,43,68
1,<environment.Job instance at 0x7fc14b922d20>,32,17,[9 3],33,70,87,37,70
1,<environment.Job instance at 0x7fc14b8adf50>,54,13,[7 3],55,87,100,32,87
1,<environment.Job instance at 0x7fc14b8adc30>,63,12,[5 3],64,88,100,24,88
1,<environment.Job instance at 0x7fc14b8ad050>,51,13,[5 6],52,100,113,48,100
1,<environment.Job instance at 0x7fc14b8fabe0>,68,12,[7 1],69,100,112,31,100
1,<environment.Job instance at 0x7fc14b998910>,46,14,[6 5],47,112,126,65,112
1,<environment.Job instance at 0x7fc14b8ac9b0>,71,14,[4 9],72,113,127,41,113
1,<environment.Job instance at 0x7fc14b8ac5f0>,70,15,[8 4],71,126,141,55,126
1,<environment.Job instance at 0x7fc14b8acf50>,75,17,[7 1],76,127,144,51,127
1,<environment.Job instance at 0x7fc14b8adaf0>,53,17,[7 4],54,141,158,87,141
1,<environment.Job instance at 0x7fc14b8acc30>,73,18,[3 5],74,144,162,70,144
1,<environment.Job instance at 0x7fc14b8ac730>,77,13,[10  1],78,158,171,80,158
1,<environment.Job instance at 0x7fc14af40410>,1,14,[ 5 10],2,2,16,0,2
1,<environment.Job instance at 0x7fc14b016870>,1,14,[ 5 10],2,2,16,0,2
1,<environment.Job instance at 0x7fc14af995f0>,9,16,[8 4],10,10,26,0,10
1,<environment.Job instance at 0x7fc14b044aa0>,3,13,[5 7],4,16,29,12,16
1,<environment.Job instance at 0x7fc14afa67d0>,23,15,[9 5],24,26,41,2,26
1,<environment.Job instance at 0x7fc14af9d050>,17,16,[1 7],18,29,45,11,29
1,<environment.Job instance at 0x7fc14afb4140>,28,14,[7 1],29,41,55,12,41
1,<environment.Job instance at 0x7fc14b0168c0>,2,17,[4 7],3,41,58,38,41
1,<environment.Job instance at 0x7fc14b1160a0>,33,15,[6 1],34,55,70,21,55
1,<environment.Job instance at 0x7fc14b116730>,34,18,[5 4],35,55,73,20,55
1,<environment.Job instance at 0x7fc14afc9c30>,44,13,[2 5],45,58,71,13,58
1,<environment.Job instance at 0x7fc14afb41e0>,26,18,[7 1],27,70,88,43,70
1,<environment.Job instance at 0x7fc14b016960>,6,19,[3 8],7,71,90,64,71
1,<environment.Job instance at 0x7fc14affa280>,56,15,[8 5],57,89,104,32,89
1,<environment.Job instance at 0x7fc14affaaa0>,59,12,[4 8],60,92,104,32,92
1,<environment.Job instance at 0x7fc14afc56e0>,66,13,[4 8],67,104,117,37,104
1,<environment.Job instance at 0x7fc14afc5f50>,67,16,[8 4],68,104,120,36,104
1,<environment.Job instance at 0x7fc14b135d20>,70,13,[2 7],71,117,130,46,117
1,<environment.Job instance at 0x7fc14b013eb0>,75,13,[9 2],76,120,133,44,120
1,<environment.Job instance at 0x7fc14b013c80>,76,13,[4 5],77,120,133,43,120
1,<environment.Job instance at 0x7fc14afdb960>,82,13,[3 5],83,133,146,50,133
1,<environment.Job instance at 0x7fc14b04daf0>,83,16,[5 8],84,133,149,49,133
1,<environment.Job instance at 0x7fc14afad500>,16,17,[9 2],17,146,163,129,146
1,<environment.Job instance at 0x7fc14af5b460>,86,14,[3 5],87,149,163,62,149
1,<environment.Job instance at 0x7fc14af69730>,97,17,[10  4],98,163,180,65,163
1,<environment.Job instance at 0x7fc14affa640>,60,19,[4 7],61,163,182,102,163
1,<environment.Job instance at 0x7fc14ae11c80>,2,23,[5 8],3,3,26,0,3
1,<environment.Job instance at 0x7fc14ae11280>,4,17,[7 1],5,5,22,0,5
1,<environment.Job instance at 0x7fc14ae11e60>,19,12,[6 4],20,22,34,2,21
1,<environment.Job instance at 0x7fc14ae11820>,9,12,[14  3],10,34,46,24,25
1,<environment.Job instance at 0x7fc14ae950f0>,24,15,[ 3 13],25,46,61,21,33
1,<environment.Job instance at 0x7fc14ae8bc80>,49,13,[1 7],50,61,74,11,56
1,<environment.Job instance at 0x7fc14ae8bc30>,47,19,[3 8],48,61,80,13,56
1,<environment.Job instance at 0x7fc14ae8b640>,62,14,[4 5],63,74,88,11,64
1,<environment.Job instance at 0x7fc14ae18690>,71,13,[ 5 12],72,88,101,16,72
1,<environment.Job instance at 0x7fc14ae18460>,76,13,[ 3 14],77,101,114,24,88
1,<environment.Job instance at 0x7fc14ae18b40>,78,18,[5 5],79,114,132,35,103
1,<environment.Job instance at 0x7fc14ae11be0>,20,28,[8 2],21,115,143,94,115
1,<environment.Job instance at 0x7fc14ae18e10>,79,24,[13  3],80,143,167,63,139
1,<environment.Job instance at 0x7fc14ae84d70>,89,13,[6 2],90,167,180,77,152
1,<environment.Job instance at 0x7fc14b1630f0>,3,17,[5 9],4,4,21,0,4
1,<environment.Job instance at 0x7fc14b42c190>,4,17,[7 1],5,5,22,0,5
1,<environment.Job instance at 0x7fc14b1f1960>,19,12,[6 4],20,21,33,1,21
1,<environment.Job instance at 0x7fc14b1f3460>,18,14,[3 6],19,22,36,3,22
1,<environment.Job instance at 0x7fc14b310cd0>,28,16,[5 2],29,29,45,0,29
1,<environment.Job instance at 0x7fc14b078370>,29,22,[2 5],30,33,55,3,33
1,<environment.Job instance at 0x7fc14b200640>,35,13,[5 5],36,36,49,0,36
1,<environment.Job instance at 0x7fc14b310910>,30,12,[ 1 10],31,49,61,18,49
1,<environment.Job instance at 0x7fc14b102d20>,45,17,[7 4],46,55,72,9,55
1,<environment.Job instance at 0x7fc14af987d0>,36,20,[7 1],37,55,75,18,55
1,<environment.Job instance at 0x7fc14b191b40>,49,13,[1 7],50,61,74,11,61
1,<environment.Job instance at 0x7fc14b169f00>,59,16,[4 5],60,72,88,12,72
1,<environment.Job instance at 0x7fc14b169c80>,62,14,[4 5],63,74,88,11,74
1,<environment.Job instance at 0x7fc1549d1640>,41,20,[5 5],42,75,95,33,75
1,<environment.Job instance at 0x7fc14b1699b0>,65,13,[5 6],66,88,101,22,88
1,<environment.Job instance at 0x7fc14b5b0aa0>,89,13,[6 2],90,95,108,5,95
1,<environment.Job instance at 0x7fc14b5b01e0>,91,12,[7 5],92,101,113,9,101
1,<environment.Job instance at 0x7fc14b106960>,78,18,[5 5],79,108,126,29,108
1,<environment.Job instance at 0x7fc14b5b0820>,94,15,[2 6],95,113,128,18,113
1,<environment.Job instance at 0x7fc14b0b9780>,95,17,[10  4],96,126,143,30,126
1,<environment.Job instance at 0x7fc14b0d0cd0>,107,15,[4 9],108,129,144,21,129
1,<environment.Job instance at 0x7fc14b0c90f0>,109,12,[4 6],110,143,155,33,143
1,<environment.Job instance at 0x7fc14b143e10>,52,18,[10  5],53,145,163,92,145
1,<environment.Job instance at 0x7fc14b02d2d0>,101,20,[ 2 10],102,155,175,53,155
1,<environment.Job instance at 0x7fc14b1c9d70>,115,18,[5 5],116,163,181,47,163
1,<environment.Job instance at 0x7fc14bc22320>,4,13,[5 5],5,5,18,0,5
1,<environment.Job instance at 0x7fc14bc22f00>,5,22,[4 7],6,6,28,0,6
1,<environment.Job instance at 0x7fc14b9525f0>,10,14,[9 5],11,18,32,7,11
1,<environment.Job instance at 0x7fc14bfa30f0>,4,13,[5 5],5,5,18,0,5
1,<environment.Job instance at 0x7fc14bfa3d20>,5,22,[4 7],6,6,28,0,6
1,<environment.Job instance at 0x7fc14bfa34b0>,6,18,[6 3],7,7,25,0,7
1,<environment.Job instance at 0x7fc14bfa3d70>,10,14,[9 5],11,25,39,14,25
1,<environment.Job instance at 0x7fc14b486230>,23,13,[1 6],24,28,41,4,28
1,<environment.Job instance at 0x7fc14b486190>,26,13,[5 2],27,39,52,12,39
1,<environment.Job instance at 0x7fc14b4228c0>,19,14,[7 2],20,39,53,19,39
1,<environment.Job instance at 0x7fc14b449280>,25,15,[1 6],26,41,56,15,41
1,<environment.Job instance at 0x7fc14b1c9500>,32,18,[2 5],33,41,59,8,41
1,<environment.Job instance at 0x7fc14bfa3aa0>,7,16,[9 4],8,53,69,45,53
1,<environment.Job instance at 0x7fc14b134f50>,40,15,[2 7],41,59,74,18,59
1,<environment.Job instance at 0x7fc14b212730>,43,14,[10  3],44,69,83,25,69
1,<environment.Job instance at 0x7fc14b1906e0>,49,14,[ 3 10],50,74,88,24,74
1,<environment.Job instance at 0x7fc14be99050>,50,13,[4 5],51,83,96,32,83
1,<environment.Job instance at 0x7fc14b487320>,18,15,[1 7],19,88,103,69,88
1,<environment.Job instance at 0x7fc14b212f00>,41,16,[6 1],42,88,104,46,88
1,<environment.Job instance at 0x7fc154d622d0>,52,16,[1 5],53,96,112,43,96
1,<environment.Job instance at 0x7fc14bd9a0f0>,44,18,[4 7],45,103,121,58,103
1,<environment.Job instance at 0x7fc14b310cd0>,58,13,[10  1],59,104,117,45,104
1,<environment.Job instance at 0x7fc14b185fa0>,69,14,[1 7],70,112,126,42,112
1,<environment.Job instance at 0x7fc14b42c190>,70,18,[7 5],71,121,139,50,121
1,<environment.Job instance at 0x7fc14b163910>,77,16,[2 8],78,126,142,48,126
1,<environment.Job instance at 0x7fc14b2ee1e0>,85,18,[2 5],86,140,158,54,140
1,<environment.Job instance at 0x7fc14b163050>,74,22,[10  2],75,140,162,65,140
1,<environment.Job instance at 0x7fc14b2eebe0>,90,14,[5 1],91,158,172,67,158
1,<environment.Job instance at 0x7fc14b2f7910>,94,14,[8 4],95,162,176,67,162
1,<environment.Job instance at 0x7fc14b486aa0>,27,16,[ 2 10],28,163,179,135,163
1,<environment.Job instance at 0x7fc14ae0cc80>,7,15,[4 7],8,8,23,0,8
1,<environment.Job instance at 0x7fc14ae0c320>,8,12,[1 7],9,9,21,0,9
1,<environment.Job instance at 0x7fc14ae0c910>,20,15,[5 5],21,21,36,0,21
1,<environment.Job instance at 0x7fc14bc58a50>,10,16,[1 7],11,23,39,12,23
1,<environment.Job instance at 0x7fc14ae0cb40>,13,21,[8 3],14,23,44,9,23
1,<environment.Job instance at 0x7fc14b79c500>,25,18,[6 4],26,36,54,10,36
1,<environment.Job instance at 0x7fc14adf38c0>,39,13,[5 8],40,44,57,4,44
1,<environment.Job instance at 0x7fc14adf3cd0>,31,13,[5 6],32,54,67,22,54
1,<environment.Job instance at 0x7fc154e5da50>,50,14,[9 2],51,57,71,6,57
1,<environment.Job instance at 0x7fc14ae0ca00>,19,16,[ 4 10],20,67,83,47,67
1,<environment.Job instance at 0x7fc14b2f70a0>,58,12,[6 4],59,71,83,12,71
1,<environment.Job instance at 0x7fc14b2f7820>,60,13,[1 8],61,83,96,22,83
1,<environment.Job instance at 0x7fc14b2f7d70>,57,16,[5 2],58,83,99,25,83
1,<environment.Job instance at 0x7fc14ae0c1e0>,9,17,[8 4],10,83,100,73,83
1,<environment.Job instance at 0x7fc14adf37d0>,41,17,[2 7],42,96,113,54,96
1,<environment.Job instance at 0x7fc14b2ee190>,68,12,[10  4],69,101,113,32,101
1,<environment.Job instance at 0x7fc14bc22aa0>,80,14,[2 7],81,113,127,32,113
1,<environment.Job instance at 0x7fc14b952b90>,81,14,[5 7],82,113,127,31,113
1,<environment.Job instance at 0x7fc14bc22fa0>,79,15,[9 2],80,127,142,47,127
1,<environment.Job instance at 0x7fc14b163050>,83,16,[6 2],84,127,143,43,127
1,<environment.Job instance at 0x7fc14c2e3e60>,87,14,[2 9],88,142,156,54,142
1,<environment.Job instance at 0x7fc14b2ee690>,75,22,[6 2],76,142,164,66,142
1,<environment.Job instance at 0x7fc14b1f3690>,94,13,[4 5],95,157,170,62,157
1,<environment.Job instance at 0x7fc14b2f7870>,64,18,[5 8],65,157,175,92,157
1,<environment.Job instance at 0x7fc14c332af0>,9,26,[3 6],10,10,36,0,10
1,<environment.Job instance at 0x7fc14c3325f0>,4,20,[5 3],5,13,33,8,13
1,<environment.Job instance at 0x7fc14c3329b0>,8,25,[ 4 10],9,36,61,27,34
1,<environment.Job instance at 0x7fc14beee780>,4,20,[5 3],5,5,25,0,5
1,<environment.Job instance at 0x7fc14b2ee730>,10,16,[6 3],11,11,27,0,11
1,<environment.Job instance at 0x7fc14b2f71e0>,21,20,[3 8],22,22,42,0,22
1,<environment.Job instance at 0x7fc14b2f7af0>,20,14,[5 1],21,25,39,4,25
1,<environment.Job instance at 0x7fc14b2eee60>,15,12,[10  2],16,39,51,23,39
1,<environment.Job instance at 0x7fc14bc58230>,36,16,[1 8],37,42,58,5,42
1,<environment.Job instance at 0x7fc14c319e10>,46,12,[2 5],47,47,59,0,47
1,<environment.Job instance at 0x7fc14c332be0>,48,12,[9 1],49,51,63,2,51
1,<environment.Job instance at 0x7fc14b220780>,54,14,[4 8],55,58,72,3,58
1,<environment.Job instance at 0x7fc14b220460>,58,13,[4 5],59,63,76,4,63
1,<environment.Job instance at 0x7fc14b220e60>,61,14,[10  4],62,74,88,12,74
1,<environment.Job instance at 0x7fc14b222e60>,71,15,[2 7],72,76,91,4,76
1,<environment.Job instance at 0x7fc14bc589b0>,37,16,[8 3],38,88,104,50,88
1,<environment.Job instance at 0x7fc14b222460>,72,17,[3 5],73,88,105,15,88
1,<environment.Job instance at 0x7fc14b92e410>,85,14,[10  1],86,105,119,19,105
1,<environment.Job instance at 0x7fc14b79ce10>,31,16,[3 9],32,105,121,73,105
1,<environment.Job instance at 0x7fc14b92e640>,86,12,[9 5],87,119,131,32,119
1,<environment.Job instance at 0x7fc14b92e5a0>,90,16,[5 4],91,121,137,30,121
1,<environment.Job instance at 0x7fc14b92ed20>,92,12,[5 2],93,131,143,38,131
1,<environment.Job instance at 0x7fc14b2222d0>,81,21,[2 9],82,131,152,49,131
1,<environment.Job instance at 0x7fc14b4e0e10>,97,12,[7 2],98,137,149,39,137
1,<environment.Job instance at 0x7fc14b92ec30>,94,12,[7 2],95,150,162,55,150
1,<environment.Job instance at 0x7fc14b4e0500>,106,13,[8 4],107,152,165,45,152
1,<environment.Job instance at 0x7fc14b4e07d0>,107,17,[6 2],108,162,179,54,162
1,<environment.Job instance at 0x7fc14b9668c0>,108,16,[6 5],109,165,181,56,165
1,<environment.Job instance at 0x7fc14b4e0820>,102,19,[2 5],103,165,184,62,165
1,<environment.Job instance at 0x7fc14af35fa0>,4,17,[2 9],5,8,25,3,8
1,<environment.Job instance at 0x7fc14b0b3cd0>,9,14,[5 1],10,10,24,0,10
1,<environment.Job instance at 0x7fc14b0b3eb0>,10,14,[2 8],11,25,39,14,12
1,<environment.Job instance at 0x7fc14af35410>,6,18,[12  1],7,24,42,17,23
1,<environment.Job instance at 0x7fc14af1c0a0>,13,14,[5 2],14,67,81,53,67
1,<environment.Job instance at 0x7fc14b5eebe0>,5,15,[ 2 13],6,90,105,84,90
1,<environment.Job instance at 0x7fc14af1ca00>,14,16,[ 1 14],15,105,121,90,95
1,<environment.Job instance at 0x7fc14af1c960>,16,15,[8 1],17,131,146,114,131
1,<environment.Job instance at 0x7fc14af1cbe0>,17,13,[5 1],18,164,177,146,164
1,<environment.Job instance at 0x7fc14af1cc80>,18,18,[ 2 10],19,165,183,146,165
1,<environment.Job instance at 0x7fc14b3a8410>,4,17,[2 9],5,5,22,0,5
1,<environment.Job instance at 0x7fc14b3a8370>,7,17,[8 4],8,8,25,0,8
1,<environment.Job instance at 0x7fc14b3a89b0>,9,14,[5 1],10,10,24,0,10
1,<environment.Job instance at 0x7fc14b3a86e0>,10,14,[2 8],11,22,36,11,22
1,<environment.Job instance at 0x7fc14b3a8190>,17,13,[5 1],18,24,37,6,24
1,<environment.Job instance at 0x7fc14b932370>,13,14,[5 2],14,25,39,11,25
1,<environment.Job instance at 0x7fc14b966140>,24,15,[5 5],25,36,51,11,36
1,<environment.Job instance at 0x7fc14b92e280>,36,14,[5 7],37,39,53,2,39
1,<environment.Job instance at 0x7fc14b92e9b0>,37,12,[3 8],38,51,63,13,51
1,<environment.Job instance at 0x7fc14b966f00>,16,15,[8 1],17,53,68,36,53
1,<environment.Job instance at 0x7fc14b2f7190>,51,12,[6 3],52,63,75,11,63
1,<environment.Job instance at 0x7fc14b79c640>,48,13,[2 9],49,68,81,19,68
1,<environment.Job instance at 0x7fc14b2f7730>,54,17,[5 1],55,68,85,13,68
1,<environment.Job instance at 0x7fc14b2f7870>,59,17,[7 5],60,75,92,15,75
1,<environment.Job instance at 0x7fc14b2ee190>,64,12,[3 7],65,81,93,16,81
1,<environment.Job instance at 0x7fc14b2eea00>,72,13,[9 3],73,92,105,19,92
1,<environment.Job instance at 0x7fc14b19e9b0>,74,13,[5 5],75,93,106,18,93
1,<environment.Job instance at 0x7fc154d622d0>,68,14,[5 7],69,106,120,37,106
1,<environment.Job instance at 0x7fc14b8537d0>,88,16,[10  1],89,106,122,17,106
1,<environment.Job instance at 0x7fc14b966640>,18,18,[ 2 10],19,120,138,101,120
1,<environment.Job instance at 0x7fc14b92e640>,34,18,[9 1],35,123,141,88,123
1,<environment.Job instance at 0x7fc14b92e5f0>,33,18,[6 4],34,138,156,104,138
1,<environment.Job instance at 0x7fc14bc60460>,89,18,[8 2],90,142,160,52,142
1,<environment.Job instance at 0x7fc14aff84b0>,98,15,[7 4],99,156,171,57,156
1,<environment.Job instance at 0x7fc14b230a50>,99,14,[4 7],100,160,174,60,160
1,<environment.Job instance at 0x7fc14b01aaa0>,3,15,[2 7],4,4,19,0,4
1,<environment.Job instance at 0x7fc14b01ac80>,6,14,[11  1],7,11,25,4,11
1,<environment.Job instance at 0x7fc14b01a280>,9,23,[ 2 14],10,19,42,9,13
1,<environment.Job instance at 0x7fc14b3a8e10>,2,17,[ 4 13],3,42,59,39,40
1,<environment.Job instance at 0x7fc14b01a5f0>,7,23,[ 2 11],8,59,82,51,54
1,<environment.Job instance at 0x7fc14b01ac30>,16,18,[13  2],17,59,77,42,55
1,<environment.Job instance at 0x7fc14b01adc0>,8,21,[ 1 11],9,82,103,73,76
1,<environment.Job instance at 0x7fc14b01a690>,15,19,[3 8],16,103,122,87,93
1,<environment.Job instance at 0x7fc14b01a320>,17,27,[12  5],18,103,130,85,102
1,<environment.Job instance at 0x7fc14b01aaf0>,20,14,[8 2],21,130,144,109,122
1,<environment.Job instance at 0x7fc14b01a780>,19,22,[ 2 11],20,130,152,110,127
1,<environment.Job instance at 0x7fc14b01a870>,22,12,[ 4 14],23,152,164,129,135
1,<environment.Job instance at 0x7fc14b01a190>,23,18,[4 5],24,164,182,140,154
1,<environment.Job instance at 0x7fc14b01af50>,18,19,[11  4],19,164,183,145,158
1,<environment.Job instance at 0x7fc14b01a370>,25,13,[4 6],26,182,195,156,166
1,<environment.Job instance at 0x7fc14b5c1370>,1,22,[6 4],2,2,24,0,2
1,<environment.Job instance at 0x7fc14b1a0500>,3,15,[2 7],4,4,19,0,4
1,<environment.Job instance at 0x7fc14b2f7730>,15,19,[3 8],16,19,38,3,19
1,<environment.Job instance at 0x7fc14b2f7d20>,20,14,[8 2],21,24,38,3,24
1,<environment.Job instance at 0x7fc14b79c4b0>,23,18,[4 5],24,24,42,0,24
1,<environment.Job instance at 0x7fc14b79c870>,25,13,[4 6],26,38,51,12,38
1,<environment.Job instance at 0x7fc14b3a85f0>,40,14,[9 5],41,42,56,1,42
1,<environment.Job instance at 0x7fc14b02d230>,33,16,[3 5],34,51,67,17,51
1,<environment.Job instance at 0x7fc14b3a87d0>,47,12,[4 7],48,56,68,8,56
1,<environment.Job instance at 0x7fc14b3a8820>,48,15,[6 4],49,67,82,18,67
1,<environment.Job instance at 0x7fc14b3a8a50>,50,15,[ 5 10],51,68,83,17,68
1,<environment.Job instance at 0x7fc14b3a8050>,44,17,[10  3],45,82,99,37,82
1,<environment.Job instance at 0x7fc14b3a8410>,49,17,[3 8],50,83,100,33,83
1,<environment.Job instance at 0x7fc14bc96640>,55,17,[9 5],56,99,116,43,99
1,<environment.Job instance at 0x7fc14b1d0cd0>,61,15,[5 5],62,100,115,38,100
1,<environment.Job instance at 0x7fc14b3a8d70>,52,17,[ 2 10],53,115,132,62,115
1,<environment.Job instance at 0x7fc14b23a0f0>,29,17,[10  4],30,116,133,86,116
1,<environment.Job instance at 0x7fc14c218640>,63,18,[5 9],64,132,150,68,132
1,<environment.Job instance at 0x7fc14b92b690>,84,14,[3 5],85,133,147,48,133
1,<environment.Job instance at 0x7fc14c03d910>,73,16,[7 4],74,147,163,73,147
1,<environment.Job instance at 0x7fc14afb8f00>,93,13,[7 3],94,150,163,56,150
1,<environment.Job instance at 0x7fc14afb8e10>,98,16,[4 8],99,163,179,64,163
1,<environment.Job instance at 0x7fc14adf4f50>,104,18,[7 4],105,164,182,59,164
1,<environment.Job instance at 0x7fc14ac4a4b0>,8,27,[ 4 14],9,118,145,109,118
1,<environment.Job instance at 0x7fc14ac4a5f0>,2,22,[2 8],3,160,182,157,160
1,<environment.Job instance at 0x7fc14b45c5a0>,2,22,[2 8],3,3,25,0,3
1,<environment.Job instance at 0x7fc14b47e4b0>,16,12,[9 3],17,17,29,0,17
1,<environment.Job instance at 0x7fc14b4691e0>,24,12,[1 9],25,25,37,0,25
1,<environment.Job instance at 0x7fc14b465960>,22,19,[5 5],23,29,48,6,29
1,<environment.Job instance at 0x7fc14b7d1c80>,7,14,[ 3 10],8,37,51,29,37
1,<environment.Job instance at 0x7fc14c23b6e0>,33,14,[7 3],34,48,62,14,48
1,<environment.Job instance at 0x7fc14c260050>,43,16,[ 3 10],44,51,67,7,51
1,<environment.Job instance at 0x7fc14c242a50>,51,14,[5 1],52,52,66,0,52
1,<environment.Job instance at 0x7fc14c260c80>,44,14,[10  5],45,66,80,21,66
1,<environment.Job instance at 0x7fc14b7b4960>,53,15,[5 5],54,67,82,13,67
1,<environment.Job instance at 0x7fc14c24b500>,61,14,[5 5],62,80,94,18,80
1,<environment.Job instance at 0x7fc14b79ed20>,52,17,[5 5],53,80,97,27,80
1,<environment.Job instance at 0x7fc14c260c30>,46,21,[5 5],47,82,103,35,82
1,<environment.Job instance at 0x7fc14b47ba50>,70,12,[ 3 10],71,97,109,26,97
1,<environment.Job instance at 0x7fc14b47bcd0>,78,18,[7 2],79,103,121,24,103
1,<environment.Job instance at 0x7fc14bf10b40>,65,13,[3 6],66,109,122,43,109
1,<environment.Job instance at 0x7fc14c272640>,87,15,[4 9],88,121,136,33,121
1,<environment.Job instance at 0x7fc14c272d20>,85,18,[6 1],86,122,140,36,122
1,<environment.Job instance at 0x7fc14bf35050>,90,12,[5 9],91,136,148,45,136
1,<environment.Job instance at 0x7fc14b1ffd20>,92,17,[6 3],93,140,157,47,140
1,<environment.Job instance at 0x7fc14b1ff730>,93,12,[4 8],94,149,161,55,149
1,<environment.Job instance at 0x7fc14c26b460>,38,19,[8 4],39,157,176,118,157
1,<environment.Job instance at 0x7fc14b478320>,100,12,[5 7],101,161,173,60,161
1,<environment.Job instance at 0x7fc170758a00>,6,23,[ 1 13],7,10,33,3,10
1,<environment.Job instance at 0x7fc14b98cf50>,10,24,[9 1],11,11,35,0,11
1,<environment.Job instance at 0x7fc14b98c730>,8,12,[12  3],9,35,47,26,20
1,<environment.Job instance at 0x7fc14b98c320>,12,22,[1 8],13,33,55,20,32
1,<environment.Job instance at 0x7fc14b98c2d0>,13,15,[3 7],14,47,62,33,35
1,<environment.Job instance at 0x7fc14b98c910>,9,13,[13  5],10,62,75,52,46
1,<environment.Job instance at 0x7fc14b98c4b0>,11,16,[ 3 14],12,75,91,63,64
1,<environment.Job instance at 0x7fc14b98cdc0>,15,18,[13  4],16,91,109,75,85
1,<environment.Job instance at 0x7fc14b98cd20>,14,15,[10  3],15,109,124,94,95
1,<environment.Job instance at 0x7fc14aef1320>,17,12,[ 2 12],18,109,121,91,96
1,<environment.Job instance at 0x7fc14aef1aa0>,16,24,[12  2],17,124,148,107,119
1,<environment.Job instance at 0x7fc14aef11e0>,20,20,[2 5],21,121,141,100,119
1,<environment.Job instance at 0x7fc14aef1190>,21,21,[1 7],22,121,142,99,119
1,<environment.Job instance at 0x7fc14aef13c0>,22,17,[10  3],23,148,165,125,137
1,<environment.Job instance at 0x7fc14aef1910>,23,17,[ 3 12],24,142,159,118,138
1,<environment.Job instance at 0x7fc14aef1c80>,19,25,[5 1],20,159,184,139,155
1,<environment.Job instance at 0x7fc14aef1550>,24,16,[9 2],25,165,181,140,155
1,<environment.Job instance at 0x7fc14aef1820>,26,14,[ 4 13],27,181,195,154,166
1,<environment.Job instance at 0x7fc15c2cf9b0>,12,22,[1 8],13,13,35,0,13
1,<environment.Job instance at 0x7fc14bf36d70>,13,15,[3 7],14,14,29,0,14
1,<environment.Job instance at 0x7fc14bf36d20>,14,15,[10  3],15,29,44,14,29
1,<environment.Job instance at 0x7fc14b1ffb40>,31,12,[1 7],32,35,47,3,35
1,<environment.Job instance at 0x7fc14bf36af0>,20,20,[2 5],21,35,55,14,35
1,<environment.Job instance at 0x7fc14bb5abe0>,24,16,[9 2],25,44,60,19,44
1,<environment.Job instance at 0x7fc14b7a0190>,30,22,[3 9],31,55,77,24,55
1,<environment.Job instance at 0x7fc14c24bf50>,47,12,[7 5],48,60,72,12,60
1,<environment.Job instance at 0x7fc14b47b5f0>,39,14,[9 1],40,72,86,32,72
1,<environment.Job instance at 0x7fc14b47baa0>,40,15,[2 5],41,72,87,31,72
1,<environment.Job instance at 0x7fc14c23b690>,52,12,[7 4],53,86,98,33,86
1,<environment.Job instance at 0x7fc14c23b2d0>,53,13,[6 3],54,86,99,32,86
1,<environment.Job instance at 0x7fc14b32c780>,54,13,[1 7],55,87,100,32,87
1,<environment.Job instance at 0x7fc14c23beb0>,51,16,[6 1],52,98,114,46,98
1,<environment.Job instance at 0x7fc14ae4d6e0>,60,17,[8 3],61,99,116,38,99
1,<environment.Job instance at 0x7fc14ae4dbe0>,58,18,[4 5],59,114,132,55,114
1,<environment.Job instance at 0x7fc14b7df410>,61,14,[9 3],62,116,130,54,116
1,<environment.Job instance at 0x7fc14b6640a0>,75,15,[ 1 10],76,130,145,54,130
1,<environment.Job instance at 0x7fc14b469c80>,69,15,[3 5],70,132,147,62,132
1,<environment.Job instance at 0x7fc14bb5acd0>,22,17,[10  3],23,145,162,122,145
1,<environment.Job instance at 0x7fc14bb86d70>,90,17,[2 7],91,145,162,54,145
1,<environment.Job instance at 0x7fc14acdebe0>,93,15,[ 4 10],94,162,177,68,162
1,<environment.Job instance at 0x7fc14c2eaa00>,77,18,[9 2],78,162,180,84,162
1,<environment.Job instance at 0x7fc14bf1b1e0>,2,24,[5 5],3,3,27,0,3
1,<environment.Job instance at 0x7fc14bf1bf50>,5,22,[5 1],6,6,28,0,6
1,<environment.Job instance at 0x7fc14bf1bc30>,7,28,[3 8],8,16,44,8,16
1,<environment.Job instance at 0x7fc14bf1bfa0>,12,22,[5 5],13,27,49,14,21
1,<environment.Job instance at 0x7fc14bf1b7d0>,13,16,[1 9],14,44,60,30,31
1,<environment.Job instance at 0x7fc14bf1b3c0>,14,13,[ 2 12],15,60,73,45,44
1,<environment.Job instance at 0x7fc14bf1beb0>,11,17,[13  4],12,73,90,61,61
1,<environment.Job instance at 0x7fc14bf1bb40>,10,16,[ 2 12],11,90,106,79,77
1,<environment.Job instance at 0x7fc14bf1b5f0>,17,12,[ 5 10],18,106,118,88,89
1,<environment.Job instance at 0x7fc14bf1b8c0>,16,12,[9 1],17,100,112,83,100
1,<environment.Job instance at 0x7fc14b8153c0>,8,16,[ 4 14],9,118,134,109,110
1,<environment.Job instance at 0x7fc14bf10f50>,21,16,[ 2 12],22,134,150,112,121
1,<environment.Job instance at 0x7fc14bf106e0>,24,25,[1 9],25,150,175,125,146
1,<environment.Job instance at 0x7fc14b47d2d0>,5,22,[5 1],6,6,28,0,6
1,<environment.Job instance at 0x7fc14b47eeb0>,9,21,[ 4 10],10,10,31,0,10
1,<environment.Job instance at 0x7fc14b45caa0>,16,12,[9 1],17,28,40,11,28
1,<environment.Job instance at 0x7fc14b47d690>,17,12,[ 5 10],18,31,43,13,31
1,<environment.Job instance at 0x7fc14b47ccd0>,30,15,[8 4],31,40,55,9,40
1,<environment.Job instance at 0x7fc14aa90f00>,32,15,[2 8],33,43,58,10,43
1,<environment.Job instance at 0x7fc14c242af0>,46,12,[9 5],47,55,67,8,55
1,<environment.Job instance at 0x7fc14ae0ec80>,52,14,[ 1 10],53,58,72,5,58
1,<environment.Job instance at 0x7fc14b2fc050>,49,15,[7 3],50,67,82,17,67
1,<environment.Job instance at 0x7fc14c2720a0>,57,12,[1 9],58,72,84,14,72
1,<environment.Job instance at 0x7fc14b45c690>,19,16,[9 4],20,82,98,62,82
1,<environment.Job instance at 0x7fc14b47e280>,13,16,[1 9],14,84,100,70,84
1,<environment.Job instance at 0x7fc14c2ea690>,59,18,[8 3],60,98,116,38,98
1,<environment.Job instance at 0x7fc14b47c7d0>,33,17,[2 7],34,100,117,66,100
1,<environment.Job instance at 0x7fc14b469410>,73,12,[10  4],74,116,128,42,116
1,<environment.Job instance at 0x7fc14bb4cbe0>,82,14,[5 7],83,117,131,34,117
1,<environment.Job instance at 0x7fc14b7d1c80>,76,14,[5 6],77,128,142,51,128
1,<environment.Job instance at 0x7fc14b7d1640>,74,17,[8 3],75,131,148,56,131
1,<environment.Job instance at 0x7fc14b47b5f0>,89,13,[ 2 10],90,143,156,53,143
1,<environment.Job instance at 0x7fc14b7a01e0>,98,16,[6 3],99,148,164,49,148
1,<environment.Job instance at 0x7fc14bb5aaa0>,102,16,[6 1],103,148,164,45,148
1,<environment.Job instance at 0x7fc14c272140>,55,18,[2 7],56,156,174,100,156
1,<environment.Job instance at 0x7fc14bf36c30>,107,17,[4 8],108,164,181,56,164
1,<environment.Job instance at 0x7fc14bf9c5a0>,4,22,[3 5],5,5,27,0,5
1,<environment.Job instance at 0x7fc14bf9cd20>,6,18,[3 8],7,7,25,0,7
1,<environment.Job instance at 0x7fc14bf9cfa0>,10,15,[5 6],11,25,40,14,23
1,<environment.Job instance at 0x7fc170758a00>,9,12,[ 1 13],10,40,52,30,25
1,<environment.Job instance at 0x7fc14bf9c820>,18,13,[ 2 11],19,52,65,33,36
1,<environment.Job instance at 0x7fc14bf9ca50>,11,25,[9 1],12,36,61,24,36
1,<environment.Job instance at 0x7fc14bf9c7d0>,17,14,[ 1 11],18,65,79,47,53
1,<environment.Job instance at 0x7fc14bf9c6e0>,23,15,[14  4],24,65,80,41,63
1,<environment.Job instance at 0x7fc14bf9c0f0>,22,17,[ 5 13],23,80,97,57,68
1,<environment.Job instance at 0x7fc14bf9ceb0>,12,19,[ 2 14],13,97,116,84,87
1,<environment.Job instance at 0x7fc14c358410>,32,20,[3 6],33,116,136,83,107
1,<environment.Job instance at 0x7fc14c3585a0>,33,16,[1 5],34,116,132,82,107
1,<environment.Job instance at 0x7fc14c3581e0>,37,20,[5 3],38,116,136,78,108
1,<environment.Job instance at 0x7fc14c3583c0>,39,12,[14  5],40,136,148,96,119
1,<environment.Job instance at 0x7fc14c358b90>,44,16,[ 4 12],45,148,164,103,137
1,<environment.Job instance at 0x7fc14c358140>,34,19,[6 2],35,148,167,113,142
1,<environment.Job instance at 0x7fc14c358730>,42,18,[ 5 12],43,164,182,121,156
1,<environment.Job instance at 0x7fc14b2eba50>,0,18,[1 6],1,1,19,0,1
1,<environment.Job instance at 0x7fc14b005be0>,4,22,[3 5],5,5,27,0,5
1,<environment.Job instance at 0x7fc14b3168c0>,10,15,[5 6],11,19,34,8,19
1,<environment.Job instance at 0x7fc14b8bf820>,6,18,[3 8],7,27,45,20,27
1,<environment.Job instance at 0x7fc14b8c3f00>,33,16,[1 5],34,34,50,0,34
1,<environment.Job instance at 0x7fc14b30a5a0>,31,21,[5 2],32,34,55,2,34
1,<environment.Job instance at 0x7fc14b306050>,25,19,[8 5],26,45,64,19,45
1,<environment.Job instance at 0x7fc14b2e0e10>,41,12,[1 9],42,55,67,13,55
1,<environment.Job instance at 0x7fc14b2d9870>,55,14,[8 3],56,64,78,8,64
1,<environment.Job instance at 0x7fc14b317a00>,48,16,[7 3],49,67,83,18,67
1,<environment.Job instance at 0x7fc14b2ad6e0>,65,16,[2 6],66,78,94,12,78
1,<environment.Job instance at 0x7fc14b8c7370>,70,14,[5 6],71,78,92,7,78
1,<environment.Job instance at 0x7fc14b61b640>,58,16,[10  4],59,92,108,33,92
1,<environment.Job instance at 0x7fc14b30a140>,32,20,[3 6],33,94,114,61,94
1,<environment.Job instance at 0x7fc14b300500>,76,12,[5 1],77,108,120,31,108
1,<environment.Job instance at 0x7fc14b300cd0>,74,13,[6 4],75,108,121,33,108
1,<environment.Job instance at 0x7fc14b300640>,75,15,[9 3],76,121,136,45,121
1,<environment.Job instance at 0x7fc14b016910>,81,16,[7 5],82,136,152,54,136
1,<environment.Job instance at 0x7fc14b008820>,86,13,[5 5],87,136,149,49,136
1,<environment.Job instance at 0x7fc14b016c80>,77,16,[7 4],78,149,165,71,149
1,<environment.Job instance at 0x7fc14b008a00>,89,14,[3 7],90,152,166,62,152
1,<environment.Job instance at 0x7fc14b62cc30>,52,17,[10  5],53,165,182,112,165
1,<environment.Job instance at 0x7fc14afdeaa0>,98,17,[3 5],99,166,183,67,166
1,<environment.Job instance at 0x7fc14b0085a0>,90,18,[1 5],91,166,184,75,166
1,<environment.Job instance at 0x7fc14b3cb370>,2,12,[9 4],3,4,16,1,4
1,<environment.Job instance at 0x7fc14b3cb460>,3,19,[2 8],4,10,29,6,10
1,<environment.Job instance at 0x7fc14b3cbeb0>,10,14,[3 5],11,16,30,5,11
1,<environment.Job instance at 0x7fc14b3cbb90>,8,17,[9 1],9,16,33,7,14
1,<environment.Job instance at 0x7fc14b3cb7d0>,11,26,[9 5],12,33,59,21,32
1,<environment.Job instance at 0x7fc14b3cbc30>,15,16,[5 1],16,33,49,17,33
1,<environment.Job instance at 0x7fc14af6a2d0>,16,18,[5 9],17,49,67,32,43
1,<environment.Job instance at 0x7fc14af6a7d0>,17,14,[9 2],18,59,73,41,45
1,<environment.Job instance at 0x7fc14b3cbaa0>,9,13,[12  1],10,73,86,63,63
1,<environment.Job instance at 0x7fc14af6a870>,18,17,[8 4],19,86,103,67,77
1,<environment.Job instance at 0x7fc14af6abe0>,20,18,[14  5],21,103,121,82,94
1,<environment.Job instance at 0x7fc14af6a8c0>,21,13,[8 4],22,121,134,99,106
1,<environment.Job instance at 0x7fc14af6af50>,22,28,[5 5],23,121,149,98,121
1,<environment.Job instance at 0x7fc14af6a9b0>,23,18,[1 6],24,121,139,97,121
1,<environment.Job instance at 0x7fc14af6ab40>,19,24,[8 1],20,134,158,114,129
1,<environment.Job instance at 0x7fc14af6a1e0>,14,17,[12  3],15,158,175,143,147
1,<environment.Job instance at 0x7fc14af6a640>,26,15,[8 3],27,175,190,148,162
1,<environment.Job instance at 0x7fc14b0009b0>,2,12,[9 4],3,3,15,0,3
1,<environment.Job instance at 0x7fc14b000230>,3,19,[2 8],4,4,23,0,4
1,<environment.Job instance at 0x7fc14b000550>,10,14,[3 5],11,15,29,4,15
1,<environment.Job instance at 0x7fc14b000eb0>,8,17,[9 1],9,15,32,6,15
1,<environment.Job instance at 0x7fc14b000f00>,4,16,[4 9],5,29,45,24,29
1,<environment.Job instance at 0x7fc15496b2d0>,17,14,[9 2],18,32,46,14,32
1,<environment.Job instance at 0x7fc14bf70500>,15,16,[5 1],16,45,61,29,45
1,<environment.Job instance at 0x7fc14b350690>,21,13,[8 4],22,46,59,24,46
1,<environment.Job instance at 0x7fc14c1a5b90>,23,18,[1 6],24,46,64,22,46
1,<environment.Job instance at 0x7fc14b351d20>,29,13,[6 1],30,59,72,29,59
1,<environment.Job instance at 0x7fc154cd0690>,26,15,[8 3],27,61,76,34,61
1,<environment.Job instance at 0x7fc14b3c8820>,37,16,[5 7],38,72,88,34,72
1,<environment.Job instance at 0x7fc14ab78b40>,18,17,[8 4],19,76,93,57,76
1,<environment.Job instance at 0x7fc14aaa5aa0>,53,14,[1 7],54,88,102,34,88
1,<environment.Job instance at 0x7fc14aaa5910>,56,13,[2 7],57,93,106,36,93
1,<environment.Job instance at 0x7fc14aaa58c0>,54,14,[7 4],55,103,117,48,103
1,<environment.Job instance at 0x7fc14bec63c0>,63,16,[3 8],64,106,122,42,106
1,<environment.Job instance at 0x7fc14bec6640>,64,17,[3 7],65,117,134,52,117
1,<environment.Job instance at 0x7fc14aabdd70>,65,12,[7 2],66,122,134,56,122
1,<environment.Job instance at 0x7fc14b8d6410>,16,18,[5 9],17,135,153,118,135
1,<environment.Job instance at 0x7fc14b8dd0f0>,59,20,[8 1],60,135,155,75,135
1,<environment.Job instance at 0x7fc14ae29c80>,72,16,[4 6],73,154,170,81,154
1,<environment.Job instance at 0x7fc14ae980f0>,81,13,[3 5],82,154,167,72,154
1,<environment.Job instance at 0x7fc14aeec780>,83,13,[6 2],84,155,168,71,155
1,<environment.Job instance at 0x7fc14ba0c140>,71,19,[5 5],72,167,186,95,167
1,<environment.Job instance at 0x7fc14be53230>,9,25,[2 7],10,10,35,0,10
1,<environment.Job instance at 0x7fc14b0002d0>,7,28,[6 2],8,20,48,12,20
1,<environment.Job instance at 0x7fc14be538c0>,12,28,[6 1],13,21,49,8,21
1,<environment.Job instance at 0x7fc14be53dc0>,4,21,[ 4 12],5,66,87,61,66
1,<environment.Job instance at 0x7fc14b646f00>,0,22,[5 4],1,1,23,0,1
1,<environment.Job instance at 0x7fc14b79c280>,13,21,[5 9],14,14,35,0,14
1,<environment.Job instance at 0x7fc14b47d730>,20,12,[8 5],21,23,35,2,23
1,<environment.Job instance at 0x7fc14c393820>,28,13,[5 4],29,35,48,6,35
1,<environment.Job instance at 0x7fc14b47d870>,23,13,[7 4],24,35,48,11,35
1,<environment.Job instance at 0x7fc154ed96e0>,34,14,[1 5],35,35,49,0,35
1,<environment.Job instance at 0x7fc14c027e60>,18,14,[6 3],19,48,62,29,48
1,<environment.Job instance at 0x7fc14b179e10>,24,20,[8 3],25,48,68,23,48
1,<environment.Job instance at 0x7fc14b399870>,37,14,[4 7],38,62,76,24,62
1,<environment.Job instance at 0x7fc154ed9960>,35,15,[10  4],36,68,83,32,68
1,<environment.Job instance at 0x7fc14b79cb90>,14,16,[3 9],15,76,92,61,76
1,<environment.Job instance at 0x7fc14b3991e0>,36,16,[10  5],37,83,99,46,83
1,<environment.Job instance at 0x7fc14aabd0a0>,47,13,[ 1 10],48,92,105,44,92
1,<environment.Job instance at 0x7fc14aabddc0>,51,13,[7 2],52,99,112,47,99
1,<environment.Job instance at 0x7fc14b8dd0f0>,54,15,[5 5],55,105,120,50,105
1,<environment.Job instance at 0x7fc14ae29aa0>,45,18,[2 6],46,105,123,59,105
1,<environment.Job instance at 0x7fc14ae11e60>,66,12,[5 7],67,121,133,54,121
1,<environment.Job instance at 0x7fc14ab78b40>,71,16,[5 7],72,123,139,51,123
1,<environment.Job instance at 0x7fc14ae293c0>,46,16,[5 6],47,133,149,86,133
1,<environment.Job instance at 0x7fc14abd67d0>,77,15,[1 9],78,139,154,61,139
1,<environment.Job instance at 0x7fc14adf2870>,59,17,[10  4],60,150,167,90,150
1,<environment.Job instance at 0x7fc14b000b90>,83,14,[3 8],84,154,168,70,154
1,<environment.Job instance at 0x7fc14b8d6410>,74,17,[1 7],75,167,184,92,167
1,<environment.Job instance at 0x7fc14ac06c80>,69,19,[2 8],70,169,188,99,169
1,<environment.Job instance at 0x7fc14ac0b050>,9,12,[6 4],10,13,25,3,13
1,<environment.Job instance at 0x7fc14ac0b0a0>,12,17,[5 3],13,16,33,3,16
1,<environment.Job instance at 0x7fc14b3333c0>,2,17,[10  2],3,3,20,0,3
1,<environment.Job instance at 0x7fc14bb85960>,12,17,[5 3],13,13,30,0,13
1,<environment.Job instance at 0x7fc154cd0690>,9,12,[6 4],10,20,32,10,20
1,<environment.Job instance at 0x7fc14bfb9640>,17,15,[4 5],18,20,35,2,20
1,<environment.Job instance at 0x7fc14bb8eaf0>,14,14,[5 4],15,30,44,15,30
1,<environment.Job instance at 0x7fc14bb8d960>,16,18,[6 2],17,32,50,15,32
1,<environment.Job instance at 0x7fc14c221640>,20,18,[1 7],21,35,53,14,35
1,<environment.Job instance at 0x7fc14ac376e0>,29,18,[6 2],30,44,62,14,44
1,<environment.Job instance at 0x7fc14b3c29b0>,32,13,[8 1],33,50,63,17,50
1,<environment.Job instance at 0x7fc14c2741e0>,44,12,[5 1],45,62,74,17,62
1,<environment.Job instance at 0x7fc14c2744b0>,43,16,[2 8],44,62,78,18,62
1,<environment.Job instance at 0x7fc14b333fa0>,3,22,[7 5],4,63,85,59,63
1,<environment.Job instance at 0x7fc14bc88460>,54,16,[3 7],55,78,94,23,78
1,<environment.Job instance at 0x7fc14bba89b0>,60,12,[5 5],61,85,97,24,85
1,<environment.Job instance at 0x7fc14bc9d320>,67,14,[8 4],68,94,108,26,94
1,<environment.Job instance at 0x7fc14bba8050>,58,18,[1 5],59,94,112,35,94
1,<environment.Job instance at 0x7fc14bc9ddc0>,70,12,[5 5],71,97,109,26,97
1,<environment.Job instance at 0x7fc14bc9cd20>,73,15,[7 3],74,108,123,34,108
1,<environment.Job instance at 0x7fc14bc9dcd0>,68,15,[3 5],69,109,124,40,109
1,<environment.Job instance at 0x7fc14c20bc30>,82,13,[1 6],83,112,125,29,112
1,<environment.Job instance at 0x7fc14c20b5a0>,84,15,[7 2],85,123,138,38,123
1,<environment.Job instance at 0x7fc14bba81e0>,59,17,[5 5],60,124,141,64,124
1,<environment.Job instance at 0x7fc14ade5550>,91,14,[3 8],92,125,139,33,125
1,<environment.Job instance at 0x7fc14c258fa0>,98,13,[1 5],99,139,152,40,139
1,<environment.Job instance at 0x7fc14c2585f0>,99,15,[6 4],100,139,154,39,139
1,<environment.Job instance at 0x7fc14adf4460>,101,16,[5 3],102,141,157,39,141
1,<environment.Job instance at 0x7fc14bc767d0>,46,17,[1 8],47,152,169,105,152
1,<environment.Job instance at 0x7fc14adf4820>,102,19,[9 1],103,155,174,52,155
1,<environment.Job instance at 0x7fc14c20b690>,80,18,[4 5],81,158,176,77,158
1,<environment.Job instance at 0x7fc14ae12370>,114,15,[1 8],115,169,184,54,169
1,<environment.Job instance at 0x7fc14afbe780>,8,13,[2 8],9,9,22,0,9
1,<environment.Job instance at 0x7fc14afbee60>,11,23,[5 2],12,12,35,0,12
1,<environment.Job instance at 0x7fc14afbeaa0>,6,17,[8 5],7,103,120,96,103
1,<environment.Job instance at 0x7fc14afbe870>,2,25,[5 8],3,120,145,117,120
1,<environment.Job instance at 0x7fc14afbe9b0>,16,27,[5 6],17,169,196,152,169
1,<environment.Job instance at 0x7fc14b1cb320>,0,19,[5 5],1,1,20,0,1
1,<environment.Job instance at 0x7fc14b1cb3c0>,1,19,[ 1 10],2,2,21,0,2
1,<environment.Job instance at 0x7fc14b376780>,6,17,[8 5],7,20,37,13,20
1,<environment.Job instance at 0x7fc14b396fa0>,8,13,[2 8],9,21,34,12,21
1,<environment.Job instance at 0x7fc14ae12410>,30,13,[6 2],31,34,47,3,34
1,<environment.Job instance at 0x7fc14b1cb190>,3,15,[ 5 10],4,37,52,33,37
1,<environment.Job instance at 0x7fc14adf0320>,39,15,[6 3],40,47,62,7,47
1,<environment.Job instance at 0x7fc14bc86aa0>,47,12,[1 9],48,52,64,4,52
1,<environment.Job instance at 0x7fc14ade5640>,42,16,[8 3],43,52,68,9,52
1,<environment.Job instance at 0x7fc14adfbcd0>,23,18,[6 3],24,62,80,38,62
1,<environment.Job instance at 0x7fc14bba81e0>,62,15,[8 3],63,68,83,5,68
1,<environment.Job instance at 0x7fc14ae075a0>,44,16,[4 8],45,80,96,35,80
1,<environment.Job instance at 0x7fc14bc86af0>,48,16,[9 4],49,83,99,34,83
1,<environment.Job instance at 0x7fc14bc8a8c0>,57,16,[2 6],58,96,112,38,96
1,<environment.Job instance at 0x7fc14bc88640>,65,16,[2 5],66,96,112,30,96
1,<environment.Job instance at 0x7fc14c3506e0>,89,15,[1 5],90,112,127,22,112
1,<environment.Job instance at 0x7fc14c350640>,98,13,[6 4],99,112,125,13,112
1,<environment.Job instance at 0x7fc14ac42c30>,77,16,[7 5],78,112,128,34,112
1,<environment.Job instance at 0x7fc14c350a50>,103,12,[6 2],104,125,137,21,125
1,<environment.Job instance at 0x7fc14adffb40>,21,17,[2 8],22,127,144,105,127
1,<environment.Job instance at 0x7fc14c350780>,87,17,[7 3],88,128,145,40,128
1,<environment.Job instance at 0x7fc14c201820>,115,16,[1 8],116,147,163,31,147
1,<environment.Job instance at 0x7fc14b14a460>,125,17,[9 2],126,147,164,21,147
1,<environment.Job instance at 0x7fc14c201c80>,118,22,[5 2],119,147,169,28,147
1,<environment.Job instance at 0x7fc14b14a690>,130,12,[7 2],131,164,176,33,164
1,<environment.Job instance at 0x7fc14c261e10>,3,21,[1 6],4,4,25,0,4
1,<environment.Job instance at 0x7fc14bb81fa0>,4,18,[7 2],5,5,23,0,5
1,<environment.Job instance at 0x7fc14adf42d0>,8,12,[5 4],9,9,21,0,9
1,<environment.Job instance at 0x7fc14b82e5f0>,15,13,[12  1],16,23,36,7,17
1,<environment.Job instance at 0x7fc14b82e730>,17,12,[13  3],18,36,48,18,22
1,<environment.Job instance at 0x7fc14b82e870>,19,16,[3 5],20,48,64,28,35
1,<environment.Job instance at 0x7fc14b82e690>,20,15,[7 4],21,48,63,27,44
1,<environment.Job instance at 0x7fc14b82eaa0>,22,14,[7 1],23,63,77,40,53
1,<environment.Job instance at 0x7fc14b82e3c0>,16,18,[ 4 12],17,64,82,47,53
1,<environment.Job instance at 0x7fc14aa70dc0>,1,22,[9 2],2,2,24,0,2
1,<environment.Job instance at 0x7fc14aa70910>,3,21,[1 6],4,4,25,0,4
1,<environment.Job instance at 0x7fc14aa70be0>,6,17,[2 7],7,7,24,0,7
1,<environment.Job instance at 0x7fc14aa70cd0>,8,12,[5 4],9,24,36,15,24
1,<environment.Job instance at 0x7fc14c201b90>,22,14,[7 1],23,24,38,1,24
1,<environment.Job instance at 0x7fc14c201d70>,23,12,[2 5],24,25,37,1,25
1,<environment.Job instance at 0x7fc14c201c80>,19,16,[3 5],20,36,52,16,36
1,<environment.Job instance at 0x7fc14aa70a00>,7,16,[5 3],8,37,53,29,37
1,<environment.Job instance at 0x7fc14c201d20>,20,15,[7 4],21,38,53,17,38
1,<environment.Job instance at 0x7fc14bb81870>,25,17,[2 6],26,52,69,26,52
1,<environment.Job instance at 0x7fc14bb816e0>,26,13,[9 4],27,53,66,26,53
1,<environment.Job instance at 0x7fc14bb814b0>,33,15,[4 6],34,66,81,32,66
1,<environment.Job instance at 0x7fc14bb81320>,32,16,[7 1],33,66,82,33,66
1,<environment.Job instance at 0x7fc14c3506e0>,45,13,[4 8],46,69,82,23,69
1,<environment.Job instance at 0x7fc14c350500>,50,15,[10  4],51,82,97,31,82
1,<environment.Job instance at 0x7fc14c32b1e0>,58,15,[5 8],59,82,97,23,82
1,<environment.Job instance at 0x7fc14bc882d0>,65,15,[4 5],66,97,112,31,97
1,<environment.Job instance at 0x7fc14adf0050>,86,12,[9 4],87,97,109,10,97
1,<environment.Job instance at 0x7fc14aa92e10>,62,18,[1 6],63,97,115,34,97
1,<environment.Job instance at 0x7fc14aa702d0>,4,18,[7 2],5,109,127,104,109
1,<environment.Job instance at 0x7fc14ae12fa0>,93,12,[7 3],94,112,124,18,112
1,<environment.Job instance at 0x7fc14adf0370>,87,16,[5 5],88,124,140,36,124
1,<environment.Job instance at 0x7fc14adf4370>,88,17,[2 7],89,124,141,35,124
1,<environment.Job instance at 0x7fc14ae12280>,96,12,[6 4],97,141,153,44,141
1,<environment.Job instance at 0x7fc14c350370>,37,17,[5 5],38,141,158,103,141
1,<environment.Job instance at 0x7fc14ae12370>,95,17,[10  2],96,155,172,59,155
1,<environment.Job instance at 0x7fc14c350f50>,42,18,[4 9],43,159,177,116,159
1,<environment.Job instance at 0x7fc14c2675a0>,2,12,[9 2],3,7,19,4,7
1,<environment.Job instance at 0x7fc14b011eb0>,7,13,[ 5 12],8,9,22,1,9
1,<environment.Job instance at 0x7fc14b011550>,8,25,[1 6],9,22,47,13,18
1,<environment.Job instance at 0x7fc14b0116e0>,9,21,[ 4 13],10,47,68,37,39
1,<environment.Job instance at 0x7fc14b011500>,14,23,[5 1],15,39,62,24,39
1,<environment.Job instance at 0x7fc14b011dc0>,19,19,[ 1 14],20,68,87,48,61
1,<environment.Job instance at 0x7fc14b011f50>,20,14,[10  5],21,87,101,66,76
1,<environment.Job instance at 0x7fc14b301eb0>,21,14,[5 4],22,87,101,65,77
1,<environment.Job instance at 0x7fc14b011d20>,18,12,[ 2 13],19,101,113,82,87
1,<environment.Job instance at 0x7fc14b301370>,23,16,[6 4],24,113,129,89,102
1,<environment.Job instance at 0x7fc14b301b40>,24,22,[7 1],25,104,126,79,104
1,<environment.Job instance at 0x7fc14b301190>,26,14,[8 4],27,126,140,99,112
1,<environment.Job instance at 0x7fc14b3017d0>,28,26,[6 5],29,129,155,100,127
1,<environment.Job instance at 0x7fc14b3012d0>,29,16,[5 5],30,140,156,110,127
1,<environment.Job instance at 0x7fc14b301280>,30,27,[1 5],31,130,157,99,130
1,<environment.Job instance at 0x7fc14b3010f0>,31,15,[4 5],32,155,170,123,141
1,<environment.Job instance at 0x7fc14b301f00>,22,16,[13  5],23,170,186,147,158
1,<environment.Job instance at 0x7fc14b7644b0>,1,21,[10  4],2,2,23,0,2
1,<environment.Job instance at 0x7fc14b14adc0>,21,14,[5 4],22,22,36,0,22
1,<environment.Job instance at 0x7fc14b764550>,2,12,[9 2],3,23,35,20,23
1,<environment.Job instance at 0x7fc14b14a0a0>,20,14,[10  5],21,35,49,14,35
1,<environment.Job instance at 0x7fc14b14a3c0>,26,14,[8 4],27,49,63,22,49
1,<environment.Job instance at 0x7fc14b14ac30>,31,15,[4 5],32,49,64,17,49
1,<environment.Job instance at 0x7fc14b14aaa0>,34,14,[4 8],35,63,77,28,63
1,<environment.Job instance at 0x7fc14b14ac80>,23,16,[6 4],24,64,80,40,64
1,<environment.Job instance at 0x7fc14b14a6e0>,29,16,[5 5],30,77,93,47,77
1,<environment.Job instance at 0x7fc14adfeb90>,44,15,[ 4 10],45,80,95,35,80
1,<environment.Job instance at 0x7fc14b82eb90>,6,17,[10  2],7,93,110,86,93
1,<environment.Job instance at 0x7fc14adf8960>,52,13,[9 5],53,110,123,57,110
1,<environment.Job instance at 0x7fc14adff9b0>,53,12,[4 9],54,110,122,56,110
1,<environment.Job instance at 0x7fc14ae0d960>,50,17,[6 2],51,122,139,71,122
1,<environment.Job instance at 0x7fc14ae075f0>,70,12,[5 6],71,123,135,52,123
1,<environment.Job instance at 0x7fc14bc864b0>,75,15,[6 2],76,135,150,59,135
1,<environment.Job instance at 0x7fc14bc9cf00>,76,15,[8 2],77,139,154,62,139
1,<environment.Job instance at 0x7fc14b3766e0>,39,17,[7 3],40,151,168,111,151
1,<environment.Job instance at 0x7fc14adffaa0>,54,15,[8 5],55,154,169,99,154
1,<environment.Job instance at 0x7fc14c3284b0>,86,13,[ 3 10],87,168,181,81,168
1,<environment.Job instance at 0x7fc14bc888c0>,85,12,[10  2],86,169,181,83,169
1,<environment.Job instance at 0x7fc14bfb1eb0>,0,12,[7 4],1,1,13,0,1
1,<environment.Job instance at 0x7fc14ad40b90>,2,12,[7 3],3,3,15,0,3
1,<environment.Job instance at 0x7fc14aaa38c0>,7,13,[ 1 11],8,13,26,5,8
1,<environment.Job instance at 0x7fc14b73de10>,8,15,[4 7],9,26,41,17,12
1,<environment.Job instance at 0x7fc14b73da50>,11,13,[7 2],12,15,28,3,12
1,<environment.Job instance at 0x7fc14b73d550>,10,12,[5 2],11,28,40,17,16
1,<environment.Job instance at 0x7fc14b727a50>,19,16,[10  3],20,89,105,69,89
1,<environment.Job instance at 0x7fc14c201320>,0,12,[7 4],1,1,13,0,1
1,<environment.Job instance at 0x7fc14c201870>,2,12,[7 3],3,3,15,0,3
1,<environment.Job instance at 0x7fc14adffb40>,10,12,[5 2],11,13,25,2,13
1,<environment.Job instance at 0x7fc14adff9b0>,11,13,[7 2],12,15,28,3,15
1,<environment.Job instance at 0x7fc14b376820>,17,21,[3 8],18,18,39,0,18
1,<environment.Job instance at 0x7fc14c201d20>,8,15,[4 7],9,28,43,19,28
1,<environment.Job instance at 0x7fc14bd5d410>,24,14,[10  4],25,39,53,14,39
1,<environment.Job instance at 0x7fc14c2014b0>,3,19,[5 7],4,43,62,39,43
1,<environment.Job instance at 0x7fc14bd18dc0>,28,15,[10  3],29,53,68,24,53
1,<environment.Job instance at 0x7fc14bd18910>,31,18,[4 9],32,62,80,30,62
1,<environment.Job instance at 0x7fc154cd0690>,9,16,[7 4],10,69,85,59,69
1,<environment.Job instance at 0x7fc14ae0c5a0>,42,14,[5 9],43,80,94,37,80
1,<environment.Job instance at 0x7fc14ac5eeb0>,19,16,[10  3],20,86,102,66,86
1,<environment.Job instance at 0x7fc14ae0ce10>,51,14,[3 5],52,94,108,42,94
1,<environment.Job instance at 0x7fc14ae0c0a0>,53,13,[5 1],54,102,115,48,102
1,<environment.Job instance at 0x7fc14ae0c780>,54,17,[1 7],55,102,119,47,102
1,<environment.Job instance at 0x7fc14ae0c050>,55,16,[8 4],56,108,124,52,108
1,<environment.Job instance at 0x7fc14ae0c500>,49,18,[ 2 10],50,119,137,69,119
1,<environment.Job instance at 0x7fc14bd184b0>,40,18,[9 1],41,125,143,84,125
1,<environment.Job instance at 0x7fc14c218be0>,60,14,[3 9],61,138,152,77,138
1,<environment.Job instance at 0x7fc14c218eb0>,63,12,[7 1],64,143,155,79,143
1,<environment.Job instance at 0x7fc14c218a00>,58,19,[6 5],59,153,172,94,153
1,<environment.Job instance at 0x7fc14c218cd0>,64,21,[2 6],65,153,174,88,153
1,<environment.Job instance at 0x7fc14b562690>,2,17,[5 6],3,3,20,0,3
1,<environment.Job instance at 0x7fc154a2e0f0>,6,13,[3 8],7,7,20,0,7
1,<environment.Job instance at 0x7fc154a2ec80>,8,17,[ 3 14],9,20,37,11,13
1,<environment.Job instance at 0x7fc154d32050>,12,19,[8 1],13,26,45,13,26
1,<environment.Job instance at 0x7fc154a2e320>,9,22,[1 7],10,37,59,27,30
1,<environment.Job instance at 0x7fc154a2e9b0>,7,24,[5 2],8,37,61,29,32
1,<environment.Job instance at 0x7fc14c23c870>,15,20,[9 5],16,45,65,29,40
1,<environment.Job instance at 0x7fc154d32eb0>,14,26,[8 3],15,65,91,50,63
1,<environment.Job instance at 0x7fc14befb370>,2,17,[5 6],3,3,20,0,3
1,<environment.Job instance at 0x7fc14aadf4b0>,6,13,[3 8],7,7,20,0,7
1,<environment.Job instance at 0x7fc14b67ebe0>,17,12,[1 5],18,20,32,2,20
1,<environment.Job instance at 0x7fc14b67e370>,19,16,[9 5],20,20,36,0,20
1,<environment.Job instance at 0x7fc14b8a1c30>,26,13,[ 4 10],27,32,45,5,32
1,<environment.Job instance at 0x7fc14bca7230>,12,19,[8 1],13,36,55,23,36
1,<environment.Job instance at 0x7fc14b8a17d0>,32,12,[3 8],33,45,57,12,45
1,<environment.Job instance at 0x7fc14afeeb90>,38,12,[9 2],39,55,67,16,55
1,<environment.Job instance at 0x7fc14afeec80>,39,12,[6 4],40,57,69,17,57
1,<environment.Job instance at 0x7fc14b8a1050>,23,16,[ 2 10],24,67,83,43,67
1,<environment.Job instance at 0x7fc14b3e3d20>,42,17,[7 4],43,69,86,26,69
1,<environment.Job instance at 0x7fc14b3e3280>,44,14,[5 6],45,83,97,38,83
1,<environment.Job instance at 0x7fc14b27ac80>,52,12,[6 2],53,86,98,33,86
1,<environment.Job instance at 0x7fc14aadf1e0>,9,22,[1 7],10,86,108,76,86
1,<environment.Job instance at 0x7fc14b3e37d0>,48,15,[8 3],49,97,112,48,97
1,<environment.Job instance at 0x7fc14acd19b0>,58,12,[2 5],59,98,110,39,98
1,<environment.Job instance at 0x7fc14bd1a410>,67,12,[6 3],68,110,122,42,110
1,<environment.Job instance at 0x7fc14bd1afa0>,69,12,[5 9],70,112,124,42,112
1,<environment.Job instance at 0x7fc14bd1a5a0>,73,14,[5 1],74,122,136,48,122
1,<environment.Job instance at 0x7fc14acd1370>,65,13,[3 8],66,124,137,58,124
1,<environment.Job instance at 0x7fc14b4030a0>,78,14,[4 5],79,124,138,45,124
1,<environment.Job instance at 0x7fc14b403b90>,82,16,[10  2],83,137,153,54,137
1,<environment.Job instance at 0x7fc14b403eb0>,79,17,[1 6],80,137,154,57,137
1,<environment.Job instance at 0x7fc14b403c30>,84,13,[6 3],85,153,166,68,153
1,<environment.Job instance at 0x7fc14bd1ac80>,72,18,[7 3],73,153,171,80,153
1,<environment.Job instance at 0x7fc14c218b90>,96,17,[2 5],97,154,171,57,154
1,<environment.Job instance at 0x7fc14c218eb0>,95,12,[3 7],96,166,178,70,166
1,<environment.Job instance at 0x7fd3f3b066e0>,0,17,[6 1],1,1,18,0,1
1,<environment.Job instance at 0x7fd3ea4bcbe0>,4,24,[7 2],5,5,29,0,5
1,<environment.Job instance at 0x7fd3ea4bcf50>,10,15,[5 1],11,18,33,7,13
1,<environment.Job instance at 0x7fd3ea4c0230>,13,13,[10  3],14,29,42,15,14
1,<environment.Job instance at 0x7fd3f3b068c0>,9,16,[12  1],10,42,58,32,29
1,<environment.Job instance at 0x7fd3ea4c03c0>,15,20,[ 3 12],16,38,58,22,38
1,<environment.Job instance at 0x7fd3ea4c0050>,11,15,[6 1],12,58,73,46,44
1,<environment.Job instance at 0x7fd3ea4bceb0>,8,20,[ 4 13],9,58,78,49,49
1,<environment.Job instance at 0x7fd3ea4c0460>,16,28,[5 1],17,58,86,41,57
1,<environment.Job instance at 0x7fd3ea4c0780>,19,23,[8 4],20,78,101,58,72
1,<environment.Job instance at 0x7fd3ea4c0820>,20,17,[ 2 14],21,101,118,80,90
1,<environment.Job instance at 0x7fd3ea4c0730>,21,14,[ 4 11],22,118,132,96,106
1,<environment.Job instance at 0x7fd3ea4c0960>,22,13,[7 4],23,118,131,95,106
1,<environment.Job instance at 0x7fd3ea4c08c0>,23,16,[12  2],24,132,148,108,122
1,<environment.Job instance at 0x7fd3ea4c0280>,17,19,[12  4],18,148,167,130,138
1,<environment.Job instance at 0x7fd3ea4c0370>,14,15,[14  4],15,167,182,152,153
1,<environment.Job instance at 0x7fd3ea4c0be0>,26,12,[8 5],27,182,194,155,166
1,<environment.Job instance at 0x7fd3ea4c0910>,24,20,[4 6],25,182,202,157,173
1,<environment.Job instance at 0x7fd3ea666730>,0,17,[6 1],1,1,18,0,1
1,<environment.Job instance at 0x7fd3ea5b2d20>,2,20,[7 4],3,3,23,0,3
1,<environment.Job instance at 0x7fd3ea4bc9b0>,10,15,[5 1],11,18,33,7,18
1,<environment.Job instance at 0x7fd3ea5c8550>,22,13,[7 4],23,23,36,0,23
1,<environment.Job instance at 0x7fd3ea669370>,26,12,[8 5],27,33,45,6,33
1,<environment.Job instance at 0x7fd3ea4b4b90>,11,15,[6 1],12,36,51,24,36
1,<environment.Job instance at 0x7fd3ea57ef50>,35,16,[1 9],36,36,52,0,36
1,<environment.Job instance at 0x7fd3ea664050>,41,12,[8 3],42,45,57,3,45
1,<environment.Job instance at 0x7fd3ea5b9320>,43,16,[1 8],44,52,68,8,52
1,<environment.Job instance at 0x7fd3ea5cbe60>,13,13,[10  3],14,57,70,43,57
1,<environment.Job instance at 0x7fd3ea547c30>,49,13,[1 5],50,68,81,18,68
1,<environment.Job instance at 0x7fd3ea5c8cd0>,24,20,[4 6],25,68,88,43,68
1,<environment.Job instance at 0x7fd3ea57e870>,32,17,[9 3],33,70,87,37,70
1,<environment.Job instance at 0x7fd3ea57d050>,54,13,[7 3],55,87,100,32,87
1,<environment.Job instance at 0x7fd3ea5e7e60>,63,12,[5 3],64,88,100,24,88
1,<environment.Job instance at 0x7fd3ea550870>,51,13,[5 6],52,100,113,48,100
1,<environment.Job instance at 0x7fd3ea579460>,68,12,[7 1],69,100,112,31,100
1,<environment.Job instance at 0x7fd3ea561410>,46,14,[6 5],47,112,126,65,112
1,<environment.Job instance at 0x7fd3ea579af0>,71,14,[4 9],72,113,127,41,113
1,<environment.Job instance at 0x7fd3ea579820>,70,15,[8 4],71,126,141,55,126
1,<environment.Job instance at 0x7fd3ea579cd0>,75,17,[7 1],76,127,144,51,127
1,<environment.Job instance at 0x7fd3ea57d9b0>,53,17,[7 4],54,141,158,87,141
1,<environment.Job instance at 0x7fd3ea579b90>,73,18,[3 5],74,144,162,70,144
1,<environment.Job instance at 0x7fd3ea56bf50>,77,13,[10  1],78,158,171,80,158
1,<environment.Job instance at 0x7fd3ea56b460>,76,14,[10  4],77,171,185,94,171
1,<environment.Job instance at 0x7fd3ea5e08c0>,83,21,[4 8],84,172,193,88,172
1,<environment.Job instance at 0x7fd3e9c0ffa0>,4,23,[6 4],5,5,28,0,5
1,<environment.Job instance at 0x7fd3e9c0f500>,6,17,[9 2],7,9,26,2,9
1,<environment.Job instance at 0x7fd3ea4dc730>,7,16,[1 7],8,39,55,31,39
1,<environment.Job instance at 0x7fd3e9c0f370>,8,13,[ 3 11],9,75,88,66,75
1,<environment.Job instance at 0x7fd3e9c0fa50>,14,16,[ 4 14],15,88,104,73,78
1,<environment.Job instance at 0x7fd3e9c0f820>,10,14,[12  1],11,104,118,93,89
1,<environment.Job instance at 0x7fd3e9c10870>,18,14,[7 1],19,89,103,70,89
1,<environment.Job instance at 0x7fd3e9c10730>,19,14,[14  2],20,118,132,98,103
1,<environment.Job instance at 0x7fd3e9c10f50>,20,13,[12  2],21,132,145,111,116
1,<environment.Job instance at 0x7fd3e9c10a50>,21,27,[3 6],22,132,159,110,130
1,<environment.Job instance at 0x7fd3e9c10c30>,22,22,[2 8],23,145,167,122,138
1,<environment.Job instance at 0x7fd3e9cef410>,55,14,[ 1 13],56,167,181,111,152
1,<environment.Job instance at 0x7fd40f2d8f00>,60,13,[2 7],61,181,194,120,167
1,<environment.Job instance at 0x7fd3e9a77cd0>,71,24,[6 2],72,177,201,105,177
1,<environment.Job instance at 0x7fd3e9a8f690>,64,12,[ 5 12],65,194,206,129,177
1,<environment.Job instance at 0x7fd3e9a7e280>,72,13,[3 5],73,181,194,108,178
1,<environment.Job instance at 0x7fd3ea4d8280>,6,17,[9 2],7,7,24,0,7
1,<environment.Job instance at 0x7fd3ea4c7af0>,7,16,[1 7],8,8,24,0,8
1,<environment.Job instance at 0x7fd3e9ce7f00>,18,14,[7 1],19,24,38,5,24
1,<environment.Job instance at 0x7fd3e9c6d690>,23,15,[6 1],24,24,39,0,24
1,<environment.Job instance at 0x7fd3ea4d80f0>,13,15,[9 5],14,38,53,24,38
1,<environment.Job instance at 0x7fd3e9c819b0>,34,13,[2 5],35,39,52,4,39
1,<environment.Job instance at 0x7fd3e9ce9f50>,24,18,[5 4],25,52,70,27,52
1,<environment.Job instance at 0x7fd3e9c85820>,49,12,[4 8],50,53,65,3,53
1,<environment.Job instance at 0x7fd3e9c858c0>,46,15,[8 5],47,67,82,20,67
1,<environment.Job instance at 0x7fd3e9c90eb0>,56,13,[4 8],57,70,83,13,70
1,<environment.Job instance at 0x7fd3e9c882d0>,57,16,[8 4],58,82,98,24,82
1,<environment.Job instance at 0x7fd3e9c88af0>,60,13,[2 7],61,83,96,22,83
1,<environment.Job instance at 0x7fd3e9cafbe0>,16,18,[7 1],17,96,114,79,96
1,<environment.Job instance at 0x7fd3e9d0b460>,66,13,[4 5],67,98,111,31,98
1,<environment.Job instance at 0x7fd3e9ce5a50>,72,13,[3 5],73,111,124,38,111
1,<environment.Job instance at 0x7fd3e9cc80a0>,73,16,[5 8],74,111,127,37,111
1,<environment.Job instance at 0x7fd3e9ee7410>,65,13,[9 2],66,124,137,58,124
1,<environment.Job instance at 0x7fd3e9d1b870>,76,14,[3 5],77,127,141,50,127
1,<environment.Job instance at 0x7fd3e9c2fe10>,87,17,[10  4],88,137,154,49,137
1,<environment.Job instance at 0x7fd3e9c90050>,53,19,[ 5 10],54,141,160,87,141
1,<environment.Job instance at 0x7fd3e9c2fcd0>,88,13,[6 4],89,154,167,65,154
1,<environment.Job instance at 0x7fd3e9ce3b90>,95,13,[8 3],96,160,173,64,160
1,<environment.Job instance at 0x7fd3e9c35dc0>,91,16,[6 3],92,168,184,76,168
1,<environment.Job instance at 0x7fd3e9ce3cd0>,97,20,[5 8],98,174,194,76,174
1,<environment.Job instance at 0x7fd3f3c76f00>,6,21,[ 5 10],7,7,28,0,7
1,<environment.Job instance at 0x7fd3f3c6fc30>,8,16,[5 2],9,9,25,0,9
1,<environment.Job instance at 0x7fd3f3c6f050>,15,13,[5 5],16,25,38,9,16
1,<environment.Job instance at 0x7fd3f3c761e0>,10,12,[ 1 10],11,28,40,17,19
1,<environment.Job instance at 0x7fd3f3c6f500>,16,20,[7 1],17,38,58,21,29
1,<environment.Job instance at 0x7fd3f3c6e4b0>,18,26,[6 1],19,54,80,35,54
1,<environment.Job instance at 0x7fd3f3c72e60>,25,17,[7 4],26,58,75,32,55
1,<environment.Job instance at 0x7fd3f3c72eb0>,24,17,[12  4],25,80,97,55,68
1,<environment.Job instance at 0x7fd3ea5772d0>,6,21,[ 5 10],7,7,28,0,7
1,<environment.Job instance at 0x7fd3ead95730>,8,16,[5 2],9,9,25,0,9
1,<environment.Job instance at 0x7fd3ead95af0>,15,13,[5 5],16,25,38,9,25
1,<environment.Job instance at 0x7fd3ea06d460>,10,12,[ 1 10],11,28,40,17,28
1,<environment.Job instance at 0x7fd3eb096730>,25,17,[7 4],26,38,55,12,38
1,<environment.Job instance at 0x7fd3eacfeaf0>,16,20,[7 1],17,38,58,21,38
1,<environment.Job instance at 0x7fd3eafb4af0>,29,13,[1 7],30,40,53,10,40
1,<environment.Job instance at 0x7fd3ea1f70f0>,42,14,[4 5],43,55,69,12,55
1,<environment.Job instance at 0x7fd3ea11caf0>,39,16,[4 5],40,55,71,15,55
1,<environment.Job instance at 0x7fd3ead95690>,9,22,[2 5],10,58,80,48,58
1,<environment.Job instance at 0x7fd3e9d3e2d0>,69,13,[6 2],70,71,84,1,71
1,<environment.Job instance at 0x7fd3e9d53e10>,45,13,[5 6],46,71,84,25,71
1,<environment.Job instance at 0x7fd3e9d3eb40>,71,12,[7 5],72,84,96,12,84
1,<environment.Job instance at 0x7fd3e9fe5cd0>,74,15,[2 6],75,84,99,9,84
1,<environment.Job instance at 0x7fd3e9fe5050>,75,17,[10  4],76,97,114,21,97
1,<environment.Job instance at 0x7fd3e9e68fa0>,58,18,[5 5],59,100,118,41,100
1,<environment.Job instance at 0x7fd3e9e9dc30>,87,15,[4 9],88,114,129,26,114
1,<environment.Job instance at 0x7fd3e9d9ff00>,89,12,[4 6],90,118,130,28,118
1,<environment.Job instance at 0x7fd3eaa8b5a0>,32,18,[10  5],33,130,148,97,130
1,<environment.Job instance at 0x7fd3e9e9da00>,80,19,[3 6],81,130,149,49,130
1,<environment.Job instance at 0x7fd3e9d33410>,96,15,[2 6],97,148,163,51,148
1,<environment.Job instance at 0x7fd3eacb79b0>,92,19,[7 3],93,148,167,55,148
1,<environment.Job instance at 0x7fd3e9d33140>,95,18,[5 5],96,149,167,53,149
1,<environment.Job instance at 0x7fd3e9e64500>,102,13,[10  4],103,167,180,64,167
1,<environment.Job instance at 0x7fd3e9e64320>,100,15,[5 2],101,168,183,67,168
1,<environment.Job instance at 0x7fd3e9ad95f0>,9,21,[1 7],10,13,34,3,13
1,<environment.Job instance at 0x7fd3e9ad99b0>,11,16,[6 1],12,14,30,2,14
1,<environment.Job instance at 0x7fd3e9ad9460>,10,15,[2 7],11,16,31,5,16
1,<environment.Job instance at 0x7fd3e9ac36e0>,16,12,[ 3 11],17,34,46,17,17
1,<environment.Job instance at 0x7fd3e9ad45a0>,20,13,[4 5],21,46,59,25,30
1,<environment.Job instance at 0x7fd3e9ad46e0>,22,16,[1 5],23,46,62,23,33
1,<environment.Job instance at 0x7fd3e9ad9e60>,14,18,[4 7],15,65,83,50,65
1,<environment.Job instance at 0x7fd3e9ea18c0>,2,18,[2 5],3,3,21,0,3
1,<environment.Job instance at 0x7fd3e9ea1aa0>,5,19,[5 7],6,6,25,0,6
1,<environment.Job instance at 0x7fd3ea1574b0>,11,16,[6 1],12,12,28,0,12
1,<environment.Job instance at 0x7fd3ea157230>,10,15,[2 7],11,21,36,10,21
1,<environment.Job instance at 0x7fd3ead99780>,20,13,[4 5],21,25,38,4,25
1,<environment.Job instance at 0x7fd3ea121f50>,19,14,[ 3 10],20,36,50,16,36
1,<environment.Job instance at 0x7fd3e9e628c0>,28,13,[10  1],29,38,51,9,38
1,<environment.Job instance at 0x7fd3ead99eb0>,22,16,[1 5],23,50,66,27,50
1,<environment.Job instance at 0x7fd3ea326b90>,39,14,[1 7],40,50,64,10,50
1,<environment.Job instance at 0x7fd3ea121370>,13,14,[10  3],14,51,65,37,51
1,<environment.Job instance at 0x7fd3ea157c30>,14,18,[4 7],15,64,82,49,64
1,<environment.Job instance at 0x7fd3e9e9d280>,47,16,[2 8],48,66,82,18,66
1,<environment.Job instance at 0x7fd3e9edf140>,58,14,[3 9],59,82,96,23,82
1,<environment.Job instance at 0x7fd3e9f107d0>,60,14,[5 1],61,82,96,21,82
1,<environment.Job instance at 0x7fd3e9edf230>,55,18,[2 5],56,82,100,26,82
1,<environment.Job instance at 0x7fd3ea11caf0>,68,14,[5 8],69,96,110,27,96
1,<environment.Job instance at 0x7fd3e9e68190>,64,14,[8 4],65,100,114,35,100
1,<environment.Job instance at 0x7fd3e9ee87d0>,76,15,[6 1],77,111,126,34,111
1,<environment.Job instance at 0x7fd3e9e64aa0>,34,18,[ 1 10],35,111,129,76,111
1,<environment.Job instance at 0x7fd3e9e9d140>,40,18,[7 5],41,126,144,85,126
1,<environment.Job instance at 0x7fd3f5ab38c0>,80,12,[2 8],81,129,141,48,129
1,<environment.Job instance at 0x7fd3eb035a50>,84,13,[5 7],85,141,154,56,141
1,<environment.Job instance at 0x7fd3ea903910>,81,13,[6 4],82,144,157,62,144
1,<environment.Job instance at 0x7fd3eae37500>,88,12,[3 5],89,154,166,65,154
1,<environment.Job instance at 0x7fd3eab57c80>,74,19,[3 6],75,154,173,79,154
1,<environment.Job instance at 0x7fd3eae37e10>,87,18,[8 3],88,157,175,69,157
1,<environment.Job instance at 0x7fd3ea134550>,86,14,[4 9],87,173,187,86,173
1,<environment.Job instance at 0x7fd3e9c9b6e0>,97,18,[10  1],98,176,194,78,176
1,<environment.Job instance at 0x7fd3eab297d0>,9,26,[5 5],10,10,36,0,10
1,<environment.Job instance at 0x7fd3ea1405a0>,1,17,[2 7],2,13,30,11,13
1,<environment.Job instance at 0x7fd3ea336aa0>,10,14,[9 2],11,71,85,60,71
1,<environment.Job instance at 0x7fd3ea336690>,14,22,[5 4],15,73,95,58,73
1,<environment.Job instance at 0x7fd3ea336d20>,17,16,[5 2],18,85,101,67,76
1,<environment.Job instance at 0x7fd3ea336f50>,18,12,[6 4],19,95,107,76,78
1,<environment.Job instance at 0x7fd3ea336a00>,19,17,[ 2 13],20,107,124,87,98
1,<environment.Job instance at 0x7fd3ea33acd0>,20,13,[1 8],21,124,137,103,108
1,<environment.Job instance at 0x7fd3ea336c80>,16,26,[12  1],17,113,139,96,113
1,<environment.Job instance at 0x7fd3ea33a870>,21,26,[7 1],22,139,165,117,137
1,<environment.Job instance at 0x7fd3ea33a910>,22,22,[8 3],23,139,161,116,139
1,<environment.Job instance at 0x7fd3ea33aaf0>,23,15,[14  1],24,165,180,141,151
1,<environment.Job instance at 0x7fd3ea33ab40>,24,18,[5 8],25,180,198,155,169
1,<environment.Job instance at 0x7fd3ea62d550>,1,17,[2 7],2,2,19,0,2
1,<environment.Job instance at 0x7fd3ea542b90>,10,14,[9 2],11,11,25,0,11
1,<environment.Job instance at 0x7fd3ea89dbe0>,18,12,[6 4],19,19,31,0,19
1,<environment.Job instance at 0x7fd3ea592050>,20,13,[1 8],21,25,38,4,25
1,<environment.Job instance at 0x7fd3ea925280>,17,16,[5 2],18,25,41,7,25
1,<environment.Job instance at 0x7fd3eaa6beb0>,14,22,[5 4],15,31,53,16,31
1,<environment.Job instance at 0x7fd3ea66caf0>,24,18,[5 8],25,38,56,13,38
1,<environment.Job instance at 0x7fd3eab8fcd0>,28,12,[10  4],29,53,65,24,53
1,<environment.Job instance at 0x7fd3ea8cc410>,40,14,[2 7],41,56,70,15,56
1,<environment.Job instance at 0x7fd3ea966f00>,41,14,[5 7],42,65,79,23,65
1,<environment.Job instance at 0x7fd3ea7a7fa0>,39,15,[9 2],40,70,85,30,70
1,<environment.Job instance at 0x7fd3eabc13c0>,54,13,[4 5],55,79,92,24,79
1,<environment.Job instance at 0x7fd3e9fc00f0>,59,18,[2 7],60,79,97,19,79
1,<environment.Job instance at 0x7fd3ea4eb0f0>,43,16,[6 2],44,85,101,41,85
1,<environment.Job instance at 0x7fd3e9fc0690>,64,16,[1 6],65,92,108,27,92
1,<environment.Job instance at 0x7fd3e9ac3af0>,68,14,[5 2],69,97,111,28,97
1,<environment.Job instance at 0x7fd3e9e97a50>,71,15,[6 3],72,101,116,29,101
1,<environment.Job instance at 0x7fd3ea645cd0>,47,14,[2 9],48,108,122,60,108
1,<environment.Job instance at 0x7fd3ead8b140>,72,16,[9 3],73,116,132,43,116
1,<environment.Job instance at 0x7fd3ea903910>,81,15,[5 4],82,122,137,40,122
1,<environment.Job instance at 0x7fd3e9f6e5f0>,95,12,[5 5],96,132,144,36,132
1,<environment.Job instance at 0x7fd3eafb4a00>,86,14,[7 3],87,138,152,51,138
1,<environment.Job instance at 0x7fd3eae37500>,77,17,[ 1 10],78,145,162,67,145
1,<environment.Job instance at 0x7fd3e9f08cd0>,99,17,[8 3],100,152,169,52,152
1,<environment.Job instance at 0x7fd3e9f6ed20>,97,19,[1 8],98,162,181,64,162
1,<environment.Job instance at 0x7fd3e9e60320>,102,13,[10  5],103,169,182,66,169
1,<environment.Job instance at 0x7fd3e9f55fa0>,4,14,[4 8],5,5,19,0,5
1,<environment.Job instance at 0x7fd3e9f552d0>,8,13,[4 5],9,10,23,1,10
1,<environment.Job instance at 0x7fd3e9f55410>,9,14,[13  3],10,23,37,13,11
1,<environment.Job instance at 0x7fd3ea2b4f50>,11,14,[10  4],12,37,51,25,22
1,<environment.Job instance at 0x7fd3e9f550f0>,10,24,[3 9],11,37,61,26,33
1,<environment.Job instance at 0x7fd3ea2b49b0>,18,19,[6 5],19,51,70,32,42
1,<environment.Job instance at 0x7fd3ea2b4be0>,21,15,[2 7],22,61,76,39,47
1,<environment.Job instance at 0x7fd3ea2ae7d0>,22,17,[3 5],23,70,87,47,58
1,<environment.Job instance at 0x7fd3ea2ae190>,30,26,[4 5],31,76,102,45,74
1,<environment.Job instance at 0x7fd3ea908f00>,4,14,[4 8],5,5,19,0,5
1,<environment.Job instance at 0x7fd3f3a42500>,8,13,[4 5],9,9,22,0,9
1,<environment.Job instance at 0x7fd3e9e8ba50>,11,14,[10  4],12,19,33,7,19
1,<environment.Job instance at 0x7fd3ea5b7820>,21,15,[2 7],22,22,37,0,22
1,<environment.Job instance at 0x7fd3ea2aee60>,22,17,[3 5],23,33,50,10,33
1,<environment.Job instance at 0x7fd3e9f3b7d0>,35,14,[10  1],36,36,50,0,36
1,<environment.Job instance at 0x7fd3e9f55eb0>,31,21,[2 9],32,37,58,5,37
1,<environment.Job instance at 0x7fd3e9f3b9b0>,36,12,[9 5],37,50,62,13,50
1,<environment.Job instance at 0x7fd3e9f3be60>,42,12,[5 2],43,58,70,15,58
1,<environment.Job instance at 0x7fd3ea5e7f50>,44,12,[7 2],45,62,74,17,62
1,<environment.Job instance at 0x7fd3eae0f690>,47,12,[7 2],48,70,82,22,70
1,<environment.Job instance at 0x7fd3ea4eb0f0>,56,13,[8 4],57,74,87,17,74
1,<environment.Job instance at 0x7fd3ea1626e0>,40,16,[5 4],41,82,98,41,82
1,<environment.Job instance at 0x7fd3ea27f780>,58,16,[6 5],59,87,103,28,87
1,<environment.Job instance at 0x7fd3ea0a75a0>,62,16,[6 3],63,98,114,35,98
1,<environment.Job instance at 0x7fd3eaffd960>,65,16,[6 4],66,103,119,37,103
1,<environment.Job instance at 0x7fd3eaffd8c0>,69,12,[5 4],70,114,126,44,114
1,<environment.Job instance at 0x7fd3ea1367d0>,71,13,[9 3],72,119,132,47,119
1,<environment.Job instance at 0x7fd3ea27f1e0>,57,17,[6 2],58,126,143,68,126
1,<environment.Job instance at 0x7fd3ea4322d0>,72,14,[8 4],73,132,146,59,132
1,<environment.Job instance at 0x7fd3f363cf00>,78,13,[7 1],79,143,156,64,143
1,<environment.Job instance at 0x7fd3f363cd20>,76,16,[7 5],77,146,162,69,146
1,<environment.Job instance at 0x7fd3e9e9c640>,82,18,[8 1],83,156,174,73,156
1,<environment.Job instance at 0x7fd3ea144320>,41,18,[7 2],42,162,180,120,162
1,<environment.Job instance at 0x7fd3eb096dc0>,18,19,[6 5],19,174,193,155,174
1,<environment.Job instance at 0x7fd3e9f208c0>,4,12,[3 7],5,5,17,0,5
1,<environment.Job instance at 0x7fd3ea35e320>,4,12,[3 7],5,5,17,0,5
1,<environment.Job instance at 0x7fd3e9f65a00>,8,14,[5 7],9,9,23,0,9
1,<environment.Job instance at 0x7fd3ea5f8d70>,12,13,[9 3],13,17,30,4,17
1,<environment.Job instance at 0x7fd3ea332780>,14,13,[5 5],15,23,36,8,23
1,<environment.Job instance at 0x7fd3e9cfea50>,28,16,[10  1],29,30,46,1,30
1,<environment.Job instance at 0x7fd3ea5f83c0>,17,20,[4 9],18,36,56,18,36
1,<environment.Job instance at 0x7fd3ea082370>,38,15,[7 4],39,46,61,7,46
1,<environment.Job instance at 0x7fd3f363cf00>,39,14,[4 7],40,56,70,16,56
1,<environment.Job instance at 0x7fd3f363c780>,42,17,[6 5],43,61,78,18,61
1,<environment.Job instance at 0x7fd3eae0f230>,55,15,[9 4],56,70,85,14,70
1,<environment.Job instance at 0x7fd3ea094a00>,56,15,[4 7],57,78,93,21,78
1,<environment.Job instance at 0x7fd3e9ec70a0>,60,18,[5 5],61,85,103,24,85
1,<environment.Job instance at 0x7fd3e9fc00f0>,67,15,[8 2],68,93,108,25,93
1,<environment.Job instance at 0x7fd3eb032be0>,49,18,[2 5],50,93,111,43,93
1,<environment.Job instance at 0x7fd3e9e8a550>,27,21,[4 5],28,103,124,75,103
1,<environment.Job instance at 0x7fd3e9ac3af0>,71,16,[8 3],72,108,124,36,108
1,<environment.Job instance at 0x7fd3ea93ab40>,80,16,[3 7],81,111,127,30,111
1,<environment.Job instance at 0x7fd3e9fc08c0>,72,16,[4 6],73,124,140,51,124
1,<environment.Job instance at 0x7fd3e9e8a820>,29,18,[8 2],30,124,142,94,124
1,<environment.Job instance at 0x7fd3eb01d320>,82,14,[5 7],83,140,154,57,140
1,<environment.Job instance at 0x7fd3ea341910>,86,14,[1 6],87,140,154,53,140
1,<environment.Job instance at 0x7fd3eb01d8c0>,84,16,[4 7],85,154,170,69,154
1,<environment.Job instance at 0x7fd3e9a2e8c0>,97,15,[10  5],98,154,169,56,154
1,<environment.Job instance at 0x7fd3ead8bb90>,102,16,[1 8],103,169,185,66,169
1,<environment.Job instance at 0x7fd3e9fe0dc0>,103,12,[3 7],104,170,182,66,170
1,<environment.Job instance at 0x7fd3ea7205a0>,3,16,[7 4],4,4,20,0,4
1,<environment.Job instance at 0x7fd3ea7209b0>,4,23,[6 1],5,5,28,0,5
1,<environment.Job instance at 0x7fd3ea7202d0>,6,24,[5 9],7,20,44,13,16
1,<environment.Job instance at 0x7fd3ea898640>,14,14,[3 5],15,20,34,5,20
1,<environment.Job instance at 0x7fd3ea898410>,20,23,[5 5],21,34,57,13,29
1,<environment.Job instance at 0x7fd3ea898f50>,17,28,[2 8],18,76,104,58,76
1,<environment.Job instance at 0x7fd3ea4544b0>,3,16,[7 4],4,4,20,0,4
1,<environment.Job instance at 0x7fd3e9fe0eb0>,14,14,[3 5],15,15,29,0,15
1,<environment.Job instance at 0x7fd3e9fc0d20>,23,13,[7 3],24,24,37,0,24
1,<environment.Job instance at 0x7fd3ea6a5320>,28,16,[4 8],29,29,45,0,29
1,<environment.Job instance at 0x7fd3ea14c690>,30,18,[10  3],31,37,55,6,37
1,<environment.Job instance at 0x7fd3f36393c0>,38,15,[1 5],39,45,60,6,45
1,<environment.Job instance at 0x7fd3ea2d5320>,46,17,[10  5],47,55,72,8,55
1,<environment.Job instance at 0x7fd3e9efad20>,49,17,[1 7],50,60,77,10,60
1,<environment.Job instance at 0x7fd3ea4b4140>,56,17,[1 6],57,72,89,15,72
1,<environment.Job instance at 0x7fd3f363c6e0>,37,21,[10  1],38,72,93,34,72
1,<environment.Job instance at 0x7fd3eb01d730>,58,17,[3 5],59,77,94,18,77
1,<environment.Job instance at 0x7fd3eaacd460>,69,14,[4 9],70,93,107,23,93
1,<environment.Job instance at 0x7fd3eaacd640>,70,17,[10  3],71,94,111,23,94
1,<environment.Job instance at 0x7fd3f3a3b820>,75,16,[4 8],76,111,127,35,111
1,<environment.Job instance at 0x7fd3ea23a6e0>,55,18,[9 3],56,111,129,55,111
1,<environment.Job instance at 0x7fd3ea520b90>,85,17,[4 6],86,127,144,41,127
1,<environment.Job instance at 0x7fd3eaacd140>,72,18,[9 2],73,129,147,56,129
1,<environment.Job instance at 0x7fd3ea5205a0>,93,14,[5 5],94,144,158,50,144
1,<environment.Job instance at 0x7fd3ea520460>,97,12,[1 8],98,144,156,46,144
1,<environment.Job instance at 0x7fd3e9ddf550>,99,13,[8 2],100,157,170,57,157
1,<environment.Job instance at 0x7fd3ea520870>,88,15,[ 3 10],89,158,173,69,158
1,<environment.Job instance at 0x7fd3ea043f50>,34,18,[7 4],35,170,188,135,170
1,<environment.Job instance at 0x7fd3e9ddf9b0>,107,14,[ 3 10],108,173,187,65,173
1,<environment.Job instance at 0x7fd3ea3b8fa0>,0,21,[8 3],1,1,22,0,1
1,<environment.Job instance at 0x7fd3ea3b8d20>,4,17,[5 9],5,5,22,0,5
1,<environment.Job instance at 0x7fd3ea873c30>,13,12,[4 8],14,22,34,8,22
1,<environment.Job instance at 0x7fd3ea8731e0>,12,17,[6 3],13,22,39,9,22
1,<environment.Job instance at 0x7fd3ea873eb0>,20,12,[5 7],21,34,46,13,34
1,<environment.Job instance at 0x7fd3ea873050>,22,17,[8 5],23,39,56,16,39
1,<environment.Job instance at 0x7fd3ea3b8640>,10,12,[5 9],11,46,58,35,46
1,<environment.Job instance at 0x7fd3ea873730>,23,13,[10  5],24,56,69,32,56
1,<environment.Job instance at 0x7fd3ea873500>,27,12,[3 5],28,58,70,30,58
1,<environment.Job instance at 0x7fd3ea873460>,29,14,[6 2],30,69,83,39,69
1,<environment.Job instance at 0x7fd3ea873690>,25,16,[5 8],26,69,85,43,69
1,<environment.Job instance at 0x7fd3ea520e60>,33,12,[5 5],34,83,95,49,83
1,<environment.Job instance at 0x7fd3ea520230>,37,14,[5 4],38,85,99,47,85
1,<environment.Job instance at 0x7fd3ea520910>,34,16,[4 6],35,85,101,50,85
1,<environment.Job instance at 0x7fd3ea3b8230>,5,18,[6 1],6,95,113,89,95
1,<environment.Job instance at 0x7fd3ea5200a0>,39,12,[3 8],40,99,111,59,99
1,<environment.Job instance at 0x7fd3ea873cd0>,21,18,[6 5],22,101,119,79,101
1,<environment.Job instance at 0x7fd3e9e95460>,55,18,[1 9],56,111,129,55,111
1,<environment.Job instance at 0x7fd3ea242dc0>,61,14,[9 3],62,119,133,57,119
1,<environment.Job instance at 0x7fd3ea520410>,44,12,[ 4 10],45,129,141,84,129
1,<environment.Job instance at 0x7fd3ea25ea00>,75,13,[3 5],76,133,146,57,133
1,<environment.Job instance at 0x7fd3ea25e140>,74,12,[ 4 10],75,141,153,66,141
1,<environment.Job instance at 0x7fd3ea242910>,64,14,[9 3],65,146,160,81,146
1,<environment.Job instance at 0x7fd3ea3b8190>,7,15,[4 9],8,153,168,145,153
1,<environment.Job instance at 0x7fd3f3a3b690>,54,15,[10  3],55,160,175,105,160
1,<environment.Job instance at 0x7fd3e99c40f0>,88,17,[4 8],89,168,185,79,168
1,<environment.Job instance at 0x7fd3ea237370>,86,16,[8 1],87,175,191,88,175
1,<environment.Job instance at 0x7fd3e9be8e10>,12,20,[1 5],13,13,33,0,13
1,<environment.Job instance at 0x7fd3e9be8e60>,16,14,[1 6],17,18,32,1,18
1,<environment.Job instance at 0x7fd3e9be80f0>,15,13,[8 1],16,20,33,4,20
1,<environment.Job instance at 0x7fd3e9be87d0>,20,20,[3 8],21,33,53,12,33
1,<environment.Job instance at 0x7fd3e9be8370>,18,27,[14  2],19,71,98,52,71
1,<environment.Job instance at 0x7fd3e9e969b0>,0,17,[2 7],1,1,18,0,1
1,<environment.Job instance at 0x7fd3ea0608c0>,2,20,[10  2],3,3,23,0,3
1,<environment.Job instance at 0x7fd3ea238b90>,12,20,[1 5],13,13,33,0,13
1,<environment.Job instance at 0x7fd3ea238230>,8,17,[4 5],9,18,35,9,18
1,<environment.Job instance at 0x7fd3e99faf50>,15,13,[8 1],16,23,36,7,23
1,<environment.Job instance at 0x7fd3e9cecb90>,16,14,[1 6],17,33,47,16,33
1,<environment.Job instance at 0x7fd3e9cec820>,17,13,[6 3],18,35,48,17,35
1,<environment.Job instance at 0x7fd3ea877b40>,22,12,[5 9],23,47,59,24,47
1,<environment.Job instance at 0x7fd3ea4689b0>,31,15,[1 6],32,48,63,16,48
1,<environment.Job instance at 0x7fd3e9d11f00>,26,12,[5 7],27,59,71,32,59
1,<environment.Job instance at 0x7fd3ea87ba50>,43,16,[8 2],44,59,75,15,59
1,<environment.Job instance at 0x7fd3eac19640>,45,14,[7 1],46,71,85,25,71
1,<environment.Job instance at 0x7fd3e9e96f50>,3,15,[ 4 10],4,75,90,71,75
1,<environment.Job instance at 0x7fd3e9a58960>,49,16,[5 5],50,86,102,36,86
1,<environment.Job instance at 0x7fd3e9d26a50>,24,17,[5 3],25,90,107,65,90
1,<environment.Job instance at 0x7fd3e99d4d20>,48,17,[5 5],49,90,107,41,90
1,<environment.Job instance at 0x7fd3ea238cd0>,5,18,[1 7],6,102,120,96,102
1,<environment.Job instance at 0x7fd3e99d4be0>,52,17,[9 1],53,108,125,55,108
1,<environment.Job instance at 0x7fd3e9a60f00>,50,20,[1 5],51,108,128,57,108
1,<environment.Job instance at 0x7fd3ea4382d0>,58,18,[1 8],59,120,138,61,120
1,<environment.Job instance at 0x7fd3e99ce5a0>,63,18,[7 1],64,126,144,62,126
1,<environment.Job instance at 0x7fd3e99cb190>,66,18,[7 4],67,128,146,61,128
1,<environment.Job instance at 0x7fd3e99c2690>,62,20,[3 5],63,147,167,84,147
1,<environment.Job instance at 0x7fd3e99c4fa0>,72,14,[3 7],73,147,161,74,147
1,<environment.Job instance at 0x7fd3e9d61cd0>,70,21,[5 3],71,147,168,76,147
1,<environment.Job instance at 0x7fd3ea2378c0>,77,19,[6 2],78,162,181,84,162
1,<environment.Job instance at 0x7fd3e99c4320>,71,21,[1 7],72,167,188,95,167
1,<environment.Job instance at 0x7fd3ea237a00>,75,12,[8 5],76,169,181,93,169
1,<environment.Job instance at 0x7fd3e9c41640>,2,16,[6 1],3,3,19,0,3
1,<environment.Job instance at 0x7fd3e9c41e60>,8,27,[ 1 10],9,51,78,42,51
1,<environment.Job instance at 0x7fd3f3a43aa0>,2,16,[6 1],3,3,19,0,3
1,<environment.Job instance at 0x7fd3f3a43460>,7,17,[4 8],8,8,25,0,8
1,<environment.Job instance at 0x7fd3ea2837d0>,15,20,[4 6],16,16,36,0,16
1,<environment.Job instance at 0x7fd3ea283500>,14,12,[7 4],15,25,37,10,25
1,<environment.Job instance at 0x7fd3ea283370>,30,13,[4 7],31,36,49,5,36
1,<environment.Job instance at 0x7fd3f5ab38c0>,33,15,[5 5],34,37,52,3,37
1,<environment.Job instance at 0x7fd3ea2839b0>,13,15,[ 1 10],14,49,64,35,49
1,<environment.Job instance at 0x7fd3ea283820>,24,18,[5 5],25,52,70,27,52
1,<environment.Job instance at 0x7fd3ea242f00>,42,13,[6 3],43,64,77,21,64
1,<environment.Job instance at 0x7fd3ea2833c0>,18,15,[3 6],19,64,79,45,64
1,<environment.Job instance at 0x7fd3ea283e10>,27,16,[5 6],28,70,86,42,70
1,<environment.Job instance at 0x7fd3ea25ecd0>,51,12,[5 4],52,79,91,27,79
1,<environment.Job instance at 0x7fd3ea2378c0>,57,12,[9 2],58,86,98,28,86
1,<environment.Job instance at 0x7fd3ea236550>,47,18,[1 8],48,86,104,38,86
1,<environment.Job instance at 0x7fd3e99df2d0>,56,16,[2 6],57,98,114,41,98
1,<environment.Job instance at 0x7fd3e9be82d0>,36,14,[5 8],37,104,118,67,104
1,<environment.Job instance at 0x7fd3e99d4d20>,80,15,[5 6],81,114,129,33,114
1,<environment.Job instance at 0x7fd3e99d7c80>,76,18,[3 8],77,119,137,42,119
1,<environment.Job instance at 0x7fd3e99c2690>,70,18,[1 6],71,129,147,58,129
1,<environment.Job instance at 0x7fd3ea504d70>,95,19,[8 5],96,138,157,42,138
1,<environment.Job instance at 0x7fd3ea511af0>,101,21,[5 2],102,138,159,36,138
1,<environment.Job instance at 0x7fd3ea511f00>,103,16,[1 5],104,147,163,43,147
1,<environment.Job instance at 0x7fd3e9cf57d0>,35,18,[ 3 10],36,161,179,125,161
1,<environment.Job instance at 0x7fd3e9d11f00>,104,19,[6 2],105,163,182,58,163
1,<environment.Job instance at 0x7fd3ea23bfa0>,107,20,[5 3],108,163,183,55,163
1,<environment.Job instance at 0x7fd3ea23b960>,111,12,[1 9],112,179,191,67,179
1,<environment.Job instance at 0x7fd3ea0da500>,2,15,[ 5 14],3,10,25,7,10
1,<environment.Job instance at 0x7fd3ea80aaf0>,9,13,[12  4],10,25,38,15,10
1,<environment.Job instance at 0x7fd3ea80a6e0>,3,25,[13  4],4,61,86,57,61
1,<environment.Job instance at 0x7fd3e9db8690>,7,14,[5 6],8,8,22,0,8
1,<environment.Job instance at 0x7fd3e98ec190>,11,12,[7 5],12,12,24,0,12
1,<environment.Job instance at 0x7fd3e9db28c0>,18,12,[3 9],19,22,34,3,22
1,<environment.Job instance at 0x7fd3ea8ff190>,16,13,[6 3],17,24,37,7,24
1,<environment.Job instance at 0x7fd3e9915af0>,20,18,[2 9],21,34,52,13,34
1,<environment.Job instance at 0x7fd3e9db2910>,17,15,[10  3],18,37,52,19,37
1,<environment.Job instance at 0x7fd3e9916b90>,37,13,[5 8],38,52,65,14,52
1,<environment.Job instance at 0x7fd3e99166e0>,40,13,[5 5],41,52,65,11,52
1,<environment.Job instance at 0x7fd3e9916370>,38,16,[5 2],39,52,68,13,52
1,<environment.Job instance at 0x7fd3ea7d84b0>,62,12,[9 4],63,65,77,2,65
1,<environment.Job instance at 0x7fd3e9dcfaa0>,64,16,[4 9],65,68,84,3,68
1,<environment.Job instance at 0x7fd3e98ec050>,14,16,[10  5],15,78,94,63,78
1,<environment.Job instance at 0x7fd3ea7f0550>,58,17,[5 2],59,84,101,25,84
1,<environment.Job instance at 0x7fd3ea7e1500>,70,14,[3 5],71,94,108,23,94
1,<environment.Job instance at 0x7fd3ea8c69b0>,75,16,[5 1],76,101,117,25,101
1,<environment.Job instance at 0x7fd3ea8c60f0>,76,18,[5 9],77,101,119,24,101
1,<environment.Job instance at 0x7fd3ea8c6730>,77,14,[9 2],78,117,131,39,117
1,<environment.Job instance at 0x7fd3e98fbd70>,31,18,[ 1 10],32,119,137,87,119
1,<environment.Job instance at 0x7fd3ea8c6be0>,81,13,[8 4],82,131,144,49,131
1,<environment.Job instance at 0x7fd3ea149960>,83,18,[1 6],84,137,155,53,137
1,<environment.Job instance at 0x7fd3ea1514b0>,86,15,[8 3],87,144,159,57,144
1,<environment.Job instance at 0x7fd3ea8d2870>,89,13,[6 1],90,159,172,69,159
1,<environment.Job instance at 0x7fd3e991a780>,46,17,[9 4],47,159,176,112,159
1,<environment.Job instance at 0x7fd3ea14ea00>,97,16,[5 7],98,172,188,74,172
1,<environment.Job instance at 0x7fd3ea5768c0>,68,17,[9 1],69,177,194,108,177
1,<environment.Job instance at 0x7fd3ea1cbaa0>,1,14,[5 8],2,2,16,0,2
1,<environment.Job instance at 0x7fd3ea1cb280>,3,17,[7 1],4,4,21,0,4
1,<environment.Job instance at 0x7fd3ea1e84b0>,5,12,[4 5],6,16,28,10,6
1,<environment.Job instance at 0x7fd3ea1e8f50>,10,21,[1 5],11,11,32,0,11
1,<environment.Job instance at 0x7fd3ea1e8730>,12,14,[ 2 10],13,28,42,15,13
1,<environment.Job instance at 0x7fd3ea1e8410>,19,14,[8 4],20,32,46,12,23
1,<environment.Job instance at 0x7fd3ea1d1320>,23,14,[11  1],24,46,60,22,31
1,<environment.Job instance at 0x7fd3ea1d1e10>,30,14,[4 9],31,42,56,11,38
1,<environment.Job instance at 0x7fd3ea1bbc30>,40,17,[7 2],41,60,77,19,48
1,<environment.Job instance at 0x7fd3ea1bb050>,48,12,[8 1],49,60,72,11,49
1,<environment.Job instance at 0x7fd3ea1d1cd0>,31,14,[2 9],32,72,86,40,60
1,<environment.Job instance at 0x7fd3ea131690>,62,28,[6 1],63,77,105,14,77
1,<environment.Job instance at 0x7fd3ea14ea00>,1,14,[5 8],2,2,16,0,2
1,<environment.Job instance at 0x7fd3e9db8690>,3,17,[7 1],4,4,21,0,4
1,<environment.Job instance at 0x7fd3e9e6ed70>,10,21,[1 5],11,11,32,0,11
1,<environment.Job instance at 0x7fd3e9e855a0>,5,12,[4 5],6,16,28,10,16
1,<environment.Job instance at 0x7fd3ea7f85f0>,19,14,[8 4],20,21,35,1,21
1,<environment.Job instance at 0x7fd3eac5e550>,20,13,[1 8],21,32,45,11,32
1,<environment.Job instance at 0x7fd3e9ab6c30>,22,14,[7 4],23,35,49,12,35
1,<environment.Job instance at 0x7fd3e9e6ea00>,9,16,[7 2],10,35,51,25,35
1,<environment.Job instance at 0x7fd3ea938730>,28,14,[5 5],29,49,63,20,49
1,<environment.Job instance at 0x7fd3eac49780>,14,18,[2 7],15,49,67,34,49
1,<environment.Job instance at 0x7fd3e9b0cc80>,16,15,[8 5],17,63,78,46,63
1,<environment.Job instance at 0x7fd3eac71910>,31,14,[2 9],32,67,81,35,67
1,<environment.Job instance at 0x7fd3e9b14050>,47,15,[10  3],48,78,93,30,78
1,<environment.Job instance at 0x7fd3e9ea7910>,30,14,[4 9],31,81,95,50,81
1,<environment.Job instance at 0x7fd3eac2b370>,48,12,[8 1],49,94,106,45,94
1,<environment.Job instance at 0x7fd3e9e859b0>,12,14,[ 2 10],13,96,110,83,96
1,<environment.Job instance at 0x7fd3eac2b4b0>,50,22,[5 4],51,96,118,45,96
1,<environment.Job instance at 0x7fd3eac3d5f0>,68,14,[6 3],69,111,125,42,111
1,<environment.Job instance at 0x7fd3e9d59320>,70,12,[8 5],71,118,130,47,118
1,<environment.Job instance at 0x7fd3ea1ea4b0>,73,13,[7 4],74,125,138,51,125
1,<environment.Job instance at 0x7fd3ea2090a0>,64,16,[3 9],65,131,147,66,131
1,<environment.Job instance at 0x7fd3eac39730>,78,13,[5 4],79,138,151,59,138
1,<environment.Job instance at 0x7fd3e9ab33c0>,40,17,[7 2],41,138,155,97,138
1,<environment.Job instance at 0x7fd3e9779c30>,84,14,[1 5],85,147,161,62,147
1,<environment.Job instance at 0x7fd3e9779e60>,85,15,[10  4],86,155,170,69,155
1,<environment.Job instance at 0x7fd3ea775e60>,87,14,[4 7],88,161,175,73,161
1,<environment.Job instance at 0x7fd3ea775a00>,86,16,[10  5],87,170,186,83,170
1,<environment.Job instance at 0x7fd3e97a7190>,95,18,[2 6],96,176,194,80,176
1,<environment.Job instance at 0x7fd3ea14fb40>,3,27,[2 7],4,12,39,8,12
1,<environment.Job instance at 0x7fd3ea5c8910>,9,25,[3 6],10,14,39,4,14
1,<environment.Job instance at 0x7fd3e9820cd0>,16,16,[ 4 12],17,39,55,22,28
1,<environment.Job instance at 0x7fd3e98205f0>,28,15,[9 1],29,30,45,1,30
1,<environment.Job instance at 0x7fd3e98209b0>,30,13,[9 1],31,45,58,14,31
1,<environment.Job instance at 0x7fd3e9820910>,31,21,[3 8],32,55,76,23,47
1,<environment.Job instance at 0x7fd3e9820870>,33,15,[6 4],34,58,73,24,47
1,<environment.Job instance at 0x7fd3ea438fa0>,2,20,[3 9],3,3,23,0,3
1,<environment.Job instance at 0x7fd3e976b870>,13,16,[8 2],14,14,30,0,14
1,<environment.Job instance at 0x7fd3ea0baf50>,22,13,[6 4],23,23,36,0,23
1,<environment.Job instance at 0x7fd3e9779c30>,26,12,[5 2],27,30,42,3,30
1,<environment.Job instance at 0x7fd3f3b2eb40>,31,21,[3 8],32,32,53,0,32
1,<environment.Job instance at 0x7fd3ea5cad20>,33,15,[6 4],34,36,51,2,36
1,<environment.Job instance at 0x7fd3e9779a50>,24,20,[6 3],25,42,62,17,42
1,<environment.Job instance at 0x7fd3eac670f0>,39,13,[3 6],40,53,66,13,53
1,<environment.Job instance at 0x7fd3eaae81e0>,49,12,[6 4],50,62,74,12,62
1,<environment.Job instance at 0x7fd3f3b2ef50>,30,13,[9 1],31,66,79,35,66
1,<environment.Job instance at 0x7fd3e9780a50>,54,14,[5 4],55,74,88,19,74
1,<environment.Job instance at 0x7fd3eaa65730>,28,15,[9 1],29,79,94,50,79
1,<environment.Job instance at 0x7fd3e9e85eb0>,57,15,[4 5],58,88,103,30,88
1,<environment.Job instance at 0x7fd3e9d4ff50>,52,17,[5 3],53,94,111,41,94
1,<environment.Job instance at 0x7fd3e9e6ed70>,56,18,[6 2],57,94,112,37,94
1,<environment.Job instance at 0x7fd3e9e855a0>,60,18,[1 7],61,103,121,42,103
1,<environment.Job instance at 0x7fd3e9779e60>,25,18,[8 1],26,111,129,85,111
1,<environment.Job instance at 0x7fd3ea54d9b0>,69,18,[6 2],70,112,130,42,112
1,<environment.Job instance at 0x7fd3ea54df00>,72,13,[8 1],73,132,145,59,132
1,<environment.Job instance at 0x7fd3eaecd730>,83,16,[2 8],84,132,148,48,132
1,<environment.Job instance at 0x7fd3e9e93050>,84,12,[5 1],85,132,144,47,132
1,<environment.Job instance at 0x7fd3eab189b0>,80,21,[1 5],81,144,165,63,144
1,<environment.Job instance at 0x7fd3e9ab3870>,42,17,[10  2],43,145,162,102,145
1,<environment.Job instance at 0x7fd3ea902a50>,86,17,[1 8],87,148,165,61,148
1,<environment.Job instance at 0x7fd3ea54de10>,70,21,[9 1],71,162,183,91,162
1,<environment.Job instance at 0x7fd3e9c1b0a0>,94,16,[3 7],95,166,182,71,166
1,<environment.Job instance at 0x7fd3eae72140>,98,18,[1 5],99,166,184,67,166
1,<environment.Job instance at 0x7fd3ea100eb0>,0,13,[4 6],1,1,14,0,1
1,<environment.Job instance at 0x7fd3ea100190>,1,14,[1 8],2,2,16,0,2
1,<environment.Job instance at 0x7fd3ea0fe500>,5,13,[ 2 14],6,16,29,10,9
1,<environment.Job instance at 0x7fd3ea01c230>,16,12,[ 1 11],17,29,41,12,19
1,<environment.Job instance at 0x7fd3ea01c730>,19,24,[5 3],20,29,53,9,26
1,<environment.Job instance at 0x7fd3ea01cf50>,17,12,[ 5 12],18,41,53,23,35
1,<environment.Job instance at 0x7fd3f36e5e60>,38,13,[2 8],39,53,66,14,39
1,<environment.Job instance at 0x7fd3f36e5d20>,41,23,[5 2],42,53,76,11,47
1,<environment.Job instance at 0x7fd3f36da2d0>,44,23,[5 5],45,53,76,8,48
1,<environment.Job instance at 0x7fd3f36dad70>,46,27,[5 6],47,76,103,29,76
1,<environment.Job instance at 0x7fd3ea029d20>,12,20,[9 5],13,94,114,81,94
1,<environment.Job instance at 0x7fd3f36da0f0>,51,17,[2 8],52,103,120,51,96
1,<environment.Job instance at 0x7fd3f36daaf0>,52,14,[ 1 13],53,120,134,67,112
1,<environment.Job instance at 0x7fd3f36daa50>,53,18,[6 3],54,134,152,80,126
1,<environment.Job instance at 0x7fd3f36da690>,47,24,[9 5],48,143,167,95,143
1,<environment.Job instance at 0x7fd3f36da780>,55,13,[13  1],56,167,180,111,157
1,<environment.Job instance at 0x7fd3f36da820>,49,20,[13  3],50,180,200,130,171
1,<environment.Job instance at 0x7fd3e9acadc0>,0,13,[4 6],1,1,14,0,1
1,<environment.Job instance at 0x7fd3e9dd1c80>,1,14,[1 8],2,2,16,0,2
1,<environment.Job instance at 0x7fd3ea76a780>,8,19,[8 2],9,14,33,5,14
1,<environment.Job instance at 0x7fd3ea76adc0>,9,16,[ 1 10],10,16,32,6,16
1,<environment.Job instance at 0x7fd3ea5a3370>,24,12,[6 2],25,25,37,0,25
1,<environment.Job instance at 0x7fd3ea58abe0>,21,13,[7 3],22,33,46,11,33
1,<environment.Job instance at 0x7fd3eacd18c0>,25,14,[6 3],26,37,51,11,37
1,<environment.Job instance at 0x7fd3ea66faa0>,33,15,[ 5 10],34,46,61,12,46
1,<environment.Job instance at 0x7fd3ea5b9780>,29,13,[10  1],30,51,64,21,51
1,<environment.Job instance at 0x7fd3eab85410>,38,13,[2 8],39,61,74,22,61
1,<environment.Job instance at 0x7fd3ea9d15a0>,36,17,[8 5],37,64,81,27,64
1,<environment.Job instance at 0x7fd3ea4e5f00>,60,13,[6 2],61,74,87,13,74
1,<environment.Job instance at 0x7fd3ea778960>,69,15,[6 3],70,81,96,11,81
1,<environment.Job instance at 0x7fd3ea664870>,51,17,[2 8],52,82,99,30,82
1,<environment.Job instance at 0x7fd3eb014730>,53,18,[6 3],54,87,105,33,87
1,<environment.Job instance at 0x7fd3ea778c80>,72,16,[8 3],73,99,115,26,99
1,<environment.Job instance at 0x7fd3ea778eb0>,74,16,[4 8],75,105,121,30,105
1,<environment.Job instance at 0x7fd3ea778a00>,78,16,[9 4],79,115,131,36,115
1,<environment.Job instance at 0x7fd3ea778c30>,77,12,[1 9],78,121,133,43,121
1,<environment.Job instance at 0x7fd3ea4c1cd0>,87,16,[2 6],88,132,148,44,132
1,<environment.Job instance at 0x7fd3ea74feb0>,92,15,[8 3],93,133,148,40,133
1,<environment.Job instance at 0x7fd3ea74f870>,95,16,[2 5],96,133,149,37,133
1,<environment.Job instance at 0x7fd3ea76acd0>,6,18,[ 4 10],7,148,166,141,148
1,<environment.Job instance at 0x7fd3e9ade190>,107,16,[7 5],108,149,165,41,149
1,<environment.Job instance at 0x7fd3ea4bf910>,103,18,[10  5],104,165,183,61,165
1,<environment.Job instance at 0x7fd3ea75f2d0>,119,15,[1 5],120,166,181,46,166
1,<environment.Job instance at 0x7fd3eb05e780>,6,12,[7 2],7,7,19,0,7
1,<environment.Job instance at 0x7fd3eb05e460>,7,20,[2 6],8,8,28,0,8
1,<environment.Job instance at 0x7fd3eb05e9b0>,10,12,[11  4],11,19,31,8,14
1,<environment.Job instance at 0x7fd3e9aca780>,11,16,[9 2],12,31,47,19,26
1,<environment.Job instance at 0x7fd3e9aca910>,15,16,[1 9],16,33,49,17,33
1,<environment.Job instance at 0x7fd3e9aca4b0>,16,26,[7 4],17,47,73,30,46
1,<environment.Job instance at 0x7fd3e9aca5a0>,17,24,[3 7],18,56,80,38,56
1,<environment.Job instance at 0x7fd3e9acae10>,18,17,[ 2 14],19,80,97,61,69
1,<environment.Job instance at 0x7fd3e9acabe0>,13,16,[5 3],14,97,113,83,85
1,<environment.Job instance at 0x7fd3e9aca550>,19,19,[7 5],20,97,116,77,87
1,<environment.Job instance at 0x7fd3e9aca190>,21,22,[9 2],22,116,138,94,109
1,<environment.Job instance at 0x7fd3e9aca8c0>,12,21,[ 4 12],13,116,137,103,110
1,<environment.Job instance at 0x7fd3e9aca690>,22,19,[9 5],23,138,157,115,130
1,<environment.Job instance at 0x7fd3ea75b370>,24,18,[7 2],25,157,175,132,146
1,<environment.Job instance at 0x7fd3ea75b780>,23,21,[1 6],24,148,169,124,148
1,<environment.Job instance at 0x7fd3ea75b550>,26,17,[2 7],27,157,174,130,150
1,<environment.Job instance at 0x7fd3e9acaaf0>,14,26,[ 4 13],15,174,200,159,171
1,<environment.Job instance at 0x7fd3ea4da140>,3,18,[9 2],4,4,22,0,4
1,<environment.Job instance at 0x7fd3ea4cd730>,7,20,[2 6],8,8,28,0,8
1,<environment.Job instance at 0x7fd3ea9d15a0>,6,12,[7 2],7,22,34,15,22
1,<environment.Job instance at 0x7fd3e9acadc0>,13,16,[5 3],14,22,38,8,22
1,<environment.Job instance at 0x7fd3ea75b230>,15,16,[1 9],16,28,44,12,28
1,<environment.Job instance at 0x7fd3eab816e0>,11,16,[9 2],12,34,50,22,34
1,<environment.Job instance at 0x7fd3ea4b7190>,28,12,[5 4],29,38,50,9,38
1,<environment.Job instance at 0x7fd3eb05e0f0>,40,15,[7 4],41,50,65,9,50
1,<environment.Job instance at 0x7fd3eb05e0a0>,42,14,[7 1],43,50,64,7,50
1,<environment.Job instance at 0x7fd3ead112d0>,43,12,[2 5],44,64,76,20,64
1,<environment.Job instance at 0x7fd3e9dd1d70>,39,16,[3 5],40,64,80,24,64
1,<environment.Job instance at 0x7fd3ead11050>,46,13,[9 4],47,65,78,18,65
1,<environment.Job instance at 0x7fd3ead11b90>,45,17,[2 6],46,76,93,30,76
1,<environment.Job instance at 0x7fd3e9adedc0>,52,16,[7 1],53,78,94,25,78
1,<environment.Job instance at 0x7fd3e9ade410>,53,15,[4 6],54,80,95,26,80
1,<environment.Job instance at 0x7fd3ea66bb40>,26,17,[2 7],27,93,110,66,93
1,<environment.Job instance at 0x7fd3eab50640>,24,18,[7 2],25,94,112,69,94
1,<environment.Job instance at 0x7fd3eb01bd70>,27,16,[5 3],28,95,111,67,95
1,<environment.Job instance at 0x7fd3e9f20910>,65,13,[4 8],66,111,124,45,111
1,<environment.Job instance at 0x7fd3ea4a9280>,70,15,[10  4],71,112,127,41,112
1,<environment.Job instance at 0x7fd3f36dbaf0>,85,15,[4 5],86,124,139,38,124
1,<environment.Job instance at 0x7fd3e9ee5aa0>,82,18,[1 6],83,124,142,41,124
1,<environment.Job instance at 0x7fd3ea5564b0>,92,20,[10  1],93,128,148,35,128
1,<environment.Job instance at 0x7fd3eac86820>,78,15,[5 8],79,144,159,65,144
1,<environment.Job instance at 0x7fd3ea031820>,106,12,[9 4],107,148,160,41,148
1,<environment.Job instance at 0x7fd3ea031a00>,107,16,[5 5],108,159,175,51,159
1,<environment.Job instance at 0x7fd3e9fdb280>,57,17,[5 5],58,160,177,102,160
1,<environment.Job instance at 0x7fd3ea03c780>,113,12,[7 3],114,175,187,61,175
1,<environment.Job instance at 0x7fd3ea031a50>,108,17,[2 7],109,175,192,66,175
1,<environment.Job instance at 0x7fd3ea03c6e0>,116,12,[6 4],117,177,189,60,177
1,<environment.Job instance at 0x7fd3e9e2e730>,7,13,[5 5],8,8,21,0,8
1,<environment.Job instance at 0x7fd3e9e2ea50>,9,16,[9 2],10,10,26,0,10
1,<environment.Job instance at 0x7fd3ea062f00>,1,16,[10  4],2,2,18,0,2
1,<environment.Job instance at 0x7fd3ea062730>,2,17,[1 6],3,3,20,0,3
1,<environment.Job instance at 0x7fd3ea0611e0>,12,12,[9 2],13,18,30,5,18
1,<environment.Job instance at 0x7fd3ea4bf960>,7,13,[5 5],8,18,31,10,18
1,<environment.Job instance at 0x7fd3ea0626e0>,9,16,[9 2],10,30,46,20,30
1,<environment.Job instance at 0x7fd3ea047a50>,31,14,[5 4],32,32,46,0,32
1,<environment.Job instance at 0x7fd3ea0672d0>,30,14,[10  5],31,46,60,15,46
1,<environment.Job instance at 0x7fd3e9e04b90>,36,14,[8 4],37,60,74,23,60
1,<environment.Job instance at 0x7fd3e9e04460>,41,15,[4 5],42,60,75,18,60
1,<environment.Job instance at 0x7fd3e9fe3280>,44,14,[4 8],45,74,88,29,74
1,<environment.Job instance at 0x7fd3e9e04b40>,39,16,[5 5],40,75,91,35,75
1,<environment.Job instance at 0x7fd3ea047050>,33,16,[6 4],34,88,104,54,88
1,<environment.Job instance at 0x7fd3ea5042d0>,54,15,[ 4 10],55,91,106,36,91
1,<environment.Job instance at 0x7fd3ea4960f0>,49,17,[7 3],50,104,121,54,104
1,<environment.Job instance at 0x7fd3ea03cc80>,60,17,[6 2],61,106,123,45,106
1,<environment.Job instance at 0x7fd3ea0317d0>,63,12,[4 9],64,121,133,57,121
1,<environment.Job instance at 0x7fd3ea03cd20>,62,13,[9 5],63,123,136,60,123
1,<environment.Job instance at 0x7fd3ea10bdc0>,78,20,[4 9],79,134,154,55,134
1,<environment.Job instance at 0x7fd3ea10b690>,80,12,[5 6],81,136,148,55,136
1,<environment.Job instance at 0x7fd3ea031190>,64,15,[8 5],65,148,163,83,148
1,<environment.Job instance at 0x7fd3f36db7d0>,85,15,[6 2],86,154,169,68,154
1,<environment.Job instance at 0x7fd3e9ee5050>,86,15,[8 2],87,164,179,77,164
1,<environment.Job instance at 0x7fd3e9ee5e10>,87,22,[4 5],88,169,191,81,169
1,<environment.Job instance at 0x7fd3ea48bc80>,95,12,[10  2],96,179,191,83,179
1,<environment.Job instance at 0x7fd3ea883aa0>,0,12,[7 4],1,1,13,0,1
1,<environment.Job instance at 0x7fd3e98ac050>,2,12,[7 3],3,3,15,0,3
1,<environment.Job instance at 0x7fd3e98acaa0>,7,13,[ 1 11],8,13,26,5,8
1,<environment.Job instance at 0x7fd3e98acc80>,8,15,[4 7],9,26,41,17,12
1,<environment.Job instance at 0x7fd3e98ac8c0>,11,13,[7 2],12,15,28,3,12
1,<environment.Job instance at 0x7fd3e9e95370>,21,21,[1 8],22,28,49,6,22
1,<environment.Job instance at 0x7fd3eaf866e0>,0,12,[7 4],1,1,13,0,1
1,<environment.Job instance at 0x7fd3eaf869b0>,2,12,[7 3],3,3,15,0,3
1,<environment.Job instance at 0x7fd3eab4fd20>,10,12,[5 2],11,13,25,2,13
1,<environment.Job instance at 0x7fd3ea4c9be0>,11,13,[7 2],12,15,28,3,15
1,<environment.Job instance at 0x7fd3eacb34b0>,17,21,[3 8],18,18,39,0,18
1,<environment.Job instance at 0x7fd3eab4fe60>,8,15,[4 7],9,28,43,19,28
1,<environment.Job instance at 0x7fd3e9aca870>,24,14,[10  4],25,39,53,14,39
1,<environment.Job instance at 0x7fd3ea8aefa0>,3,19,[5 7],4,43,62,39,43
1,<environment.Job instance at 0x7fd3ea64eaf0>,28,15,[10  3],29,53,68,24,53
1,<environment.Job instance at 0x7fd3eb01bd70>,31,18,[4 9],32,62,80,30,62
1,<environment.Job instance at 0x7fd3e9e2e3c0>,9,16,[7 4],10,69,85,59,69
1,<environment.Job instance at 0x7fd3e9dd1cd0>,42,14,[5 9],43,80,94,37,80
1,<environment.Job instance at 0x7fd3ea4da0f0>,19,16,[10  3],20,86,102,66,86
1,<environment.Job instance at 0x7fd3e9ade9b0>,51,14,[3 5],52,94,108,42,94
1,<environment.Job instance at 0x7fd3e9ade190>,53,13,[5 1],54,102,115,48,102
1,<environment.Job instance at 0x7fd3e9adef00>,54,17,[1 7],55,102,119,47,102
1,<environment.Job instance at 0x7fd3e9adea00>,55,16,[8 4],56,108,124,52,108
1,<environment.Job instance at 0x7fd3e9adec30>,49,18,[ 2 10],50,119,137,69,119
1,<environment.Job instance at 0x7fd3e9dd1c30>,40,18,[9 1],41,125,143,84,125
1,<environment.Job instance at 0x7fd3e9f20910>,60,14,[3 9],61,138,152,77,138
1,<environment.Job instance at 0x7fd3ea470d70>,63,12,[7 1],64,143,155,79,143
1,<environment.Job instance at 0x7fd3f3c801e0>,58,19,[6 5],59,153,172,94,153
1,<environment.Job instance at 0x7fd3eac86190>,64,21,[2 6],65,153,174,88,153
1,<environment.Job instance at 0x7fd3ea335c30>,67,12,[5 5],68,172,184,104,172
1,<environment.Job instance at 0x7fd3e9daf910>,65,18,[4 6],66,174,192,108,174
1,<environment.Job instance at 0x7fd3ea7905f0>,14,13,[ 3 11],15,17,30,2,17
1,<environment.Job instance at 0x7fd3e99c25f0>,16,13,[ 4 10],17,30,43,13,18
1,<environment.Job instance at 0x7fd3ea0eb4b0>,13,16,[ 2 10],14,43,59,29,32
1,<environment.Job instance at 0x7fd3ea0eb050>,15,21,[3 5],16,33,54,17,33
1,<environment.Job instance at 0x7fd3e9a37280>,3,23,[ 3 11],4,61,84,57,61
1,<environment.Job instance at 0x7fd3ea5ad0a0>,25,19,[5 1],26,64,83,38,64
1,<environment.Job instance at 0x7fd3ea5adaa0>,26,19,[ 1 12],27,84,103,57,75
1,<environment.Job instance at 0x7fd3ea412d70>,29,12,[6 4],30,103,115,73,88
1,<environment.Job instance at 0x7fd3e97b4280>,17,23,[ 1 11],18,106,129,88,106
1,<environment.Job instance at 0x7fd3ea3e2e10>,33,17,[ 3 14],34,129,146,95,119
1,<environment.Job instance at 0x7fd3ea32aa00>,2,19,[8 1],3,3,22,0,3
1,<environment.Job instance at 0x7fd3e9ee5050>,7,12,[1 5],8,8,20,0,8
1,<environment.Job instance at 0x7fd3ea4c32d0>,13,16,[ 2 10],14,20,36,6,20
1,<environment.Job instance at 0x7fd3e9daf6e0>,9,16,[9 5],10,22,38,12,22
1,<environment.Job instance at 0x7fd3ea5a3370>,22,12,[3 8],23,36,48,13,36
1,<environment.Job instance at 0x7fd3e9e52d20>,28,12,[9 2],29,38,50,9,38
1,<environment.Job instance at 0x7fd3ea4c36e0>,15,21,[3 5],16,38,59,22,38
1,<environment.Job instance at 0x7fd3ea470870>,29,12,[6 4],30,50,62,20,50
1,<environment.Job instance at 0x7fd3ea9d8500>,34,14,[5 6],35,50,64,15,50
1,<environment.Job instance at 0x7fd3ea26f5f0>,38,15,[8 3],39,62,77,23,62
1,<environment.Job instance at 0x7fd3ea26f320>,42,12,[6 2],43,64,76,21,64
1,<environment.Job instance at 0x7fd3e9e855a0>,48,12,[2 5],49,76,88,27,76
1,<environment.Job instance at 0x7fd3eac86820>,16,13,[ 4 10],17,77,90,60,77
1,<environment.Job instance at 0x7fd3eaedf780>,57,12,[6 3],58,88,100,30,88
1,<environment.Job instance at 0x7fd3eaedf460>,59,12,[5 9],60,90,102,30,90
1,<environment.Job instance at 0x7fd3ea501960>,32,17,[7 4],33,100,117,67,100
1,<environment.Job instance at 0x7fd3eaedff50>,55,13,[3 8],56,102,115,46,102
1,<environment.Job instance at 0x7fd3eaedfc80>,63,14,[5 1],64,102,116,38,102
1,<environment.Job instance at 0x7fd3ea66bb40>,18,18,[ 2 10],19,115,133,96,115
1,<environment.Job instance at 0x7fd3ea6054b0>,68,14,[4 5],69,117,131,48,117
1,<environment.Job instance at 0x7fd3eaedfaf0>,62,18,[7 3],63,131,149,68,131
1,<environment.Job instance at 0x7fd3ea605c80>,74,13,[6 3],75,133,146,58,133
1,<environment.Job instance at 0x7fd3ea605aa0>,69,17,[1 6],70,133,150,63,133
1,<environment.Job instance at 0x7fd3e9c35050>,86,17,[2 5],87,146,163,59,146
1,<environment.Job instance at 0x7fd3ea6053c0>,72,16,[10  2],73,149,165,76,149
1,<environment.Job instance at 0x7fd3e9c353c0>,85,12,[3 7],86,150,162,64,150
1,<environment.Job instance at 0x7fd3e9901410>,94,15,[8 3],95,166,181,71,166
1,<environment.Job instance at 0x7fd3e9901280>,100,12,[ 2 10],101,166,178,65,166
1,<environment.Job instance at 0x7fd3e9901050>,97,21,[7 2],98,179,200,81,179
1,<environment.Job instance at 0x7fd3e9d897d0>,4,13,[9 3],5,6,19,1,6
1,<environment.Job instance at 0x7fd3ea50b5a0>,12,18,[ 3 10],13,14,32,1,14
1,<environment.Job instance at 0x7fd3ea50bfa0>,11,12,[3 6],12,32,44,20,17
1,<environment.Job instance at 0x7fd3e9784410>,17,16,[7 1],18,19,35,1,19
1,<environment.Job instance at 0x7fd3e9784870>,13,15,[ 2 11],14,56,71,42,56
1,<environment.Job instance at 0x7fd3e9784fa0>,18,19,[14  1],19,71,90,52,61
1,<environment.Job instance at 0x7fd3e97847d0>,16,25,[1 6],17,71,96,54,67
1,<environment.Job instance at 0x7fd3eb09ac30>,27,12,[9 5],28,90,102,62,73
1,<environment.Job instance at 0x7fd3ea520550>,35,21,[1 9],36,96,117,60,88
1,<environment.Job instance at 0x7fd3eac938c0>,31,13,[5 9],32,117,130,85,101
1,<environment.Job instance at 0x7fd3eac03780>,54,26,[8 1],55,102,128,47,101
1,<environment.Job instance at 0x7fd3e9fb9500>,58,13,[ 5 12],59,130,143,71,115
1,<environment.Job instance at 0x7fd3e9fab2d0>,59,14,[6 3],60,128,142,68,121
1,<environment.Job instance at 0x7fd3ea8661e0>,1,18,[4 9],2,2,20,0,2
1,<environment.Job instance at 0x7fd3ea8665f0>,4,13,[9 3],5,5,18,0,5
1,<environment.Job instance at 0x7fd3e9c908c0>,11,12,[3 6],12,18,30,6,18
1,<environment.Job instance at 0x7fd3e9c86190>,17,16,[7 1],18,20,36,2,20
1,<environment.Job instance at 0x7fd3e9c86e10>,23,17,[4 8],24,24,41,0,24
1,<environment.Job instance at 0x7fd3e9c503c0>,27,12,[9 5],28,36,48,8,36
1,<environment.Job instance at 0x7fd3e9c50820>,31,13,[5 9],32,41,54,9,41
1,<environment.Job instance at 0x7fd3e9c500f0>,30,16,[9 2],31,48,64,17,48
1,<environment.Job instance at 0x7fd3e9c50370>,29,13,[1 9],30,54,67,24,54
1,<environment.Job instance at 0x7fd3ea438550>,41,13,[10  5],42,64,77,22,64
1,<environment.Job instance at 0x7fd3e9c90280>,8,15,[ 2 10],9,67,82,58,67
1,<environment.Job instance at 0x7fd3ea438a00>,44,13,[7 4],45,77,90,32,77
1,<environment.Job instance at 0x7fd3ea4385f0>,45,16,[7 5],46,82,98,36,82
1,<environment.Job instance at 0x7fd3ea438780>,33,16,[7 5],34,90,106,56,90
1,<environment.Job instance at 0x7fd3e9f11c80>,47,17,[1 7],48,98,115,50,98
1,<environment.Job instance at 0x7fd3eb0649b0>,57,14,[9 2],58,106,120,48,106
1,<environment.Job instance at 0x7fd3eb064fa0>,59,14,[6 3],60,115,129,55,115
1,<environment.Job instance at 0x7fd3eb064960>,64,16,[2 5],65,121,137,56,121
1,<environment.Job instance at 0x7fd3eb064190>,68,12,[5 2],69,121,133,52,121
1,<environment.Job instance at 0x7fd3eb064050>,53,17,[8 3],54,130,147,76,130
1,<environment.Job instance at 0x7fd3eb064cd0>,56,17,[5 7],57,133,150,76,133
1,<environment.Job instance at 0x7fd3e9901280>,71,13,[7 3],72,147,160,75,147
1,<environment.Job instance at 0x7fd3e9901a00>,78,15,[7 3],79,150,165,71,150
1,<environment.Job instance at 0x7fd3e99010f0>,69,21,[1 8],70,150,171,80,150
1,<environment.Job instance at 0x7fd3e9c354b0>,82,17,[6 1],83,160,177,77,160
1,<environment.Job instance at 0x7fd3e9901050>,79,18,[8 1],80,165,183,85,165
1,<environment.Job instance at 0x7fd3ea6051e0>,92,16,[3 9],93,177,193,84,177
1,<environment.Job instance at 0x7f7f3ec546e0>,0,17,[6 1],1,1,18,0,1
1,<environment.Job instance at 0x7f7f3560ac80>,7,26,[9 3],8,12,38,4,12
1,<environment.Job instance at 0x7f7f3565e280>,0,17,[6 1],1,1,18,0,1
1,<environment.Job instance at 0x7f7f3573e8c0>,2,20,[7 4],3,3,23,0,3
1,<environment.Job instance at 0x7f7f35602af0>,10,15,[5 1],11,18,33,7,18
1,<environment.Job instance at 0x7f7f35741eb0>,22,13,[7 4],23,23,36,0,23
1,<environment.Job instance at 0x7f7f35713be0>,26,12,[8 5],27,33,45,6,33
1,<environment.Job instance at 0x7f7f356fc410>,11,15,[6 1],12,36,51,24,36
1,<environment.Job instance at 0x7f7f357264b0>,35,16,[1 9],36,36,52,0,36
1,<environment.Job instance at 0x7f7f358bf690>,41,12,[8 3],42,45,57,3,45
1,<environment.Job instance at 0x7f7f356cccd0>,43,16,[1 8],44,52,68,8,52
1,<environment.Job instance at 0x7f7f35829be0>,13,13,[10  3],14,57,70,43,57
1,<environment.Job instance at 0x7f7f356cc730>,49,13,[1 5],50,68,81,18,68
1,<environment.Job instance at 0x7f7f357007d0>,24,20,[4 6],25,68,88,43,68
1,<environment.Job instance at 0x7f7f357263c0>,32,17,[9 3],33,70,87,37,70
1,<environment.Job instance at 0x7f7f356ccb90>,54,13,[7 3],55,87,100,32,87
1,<environment.Job instance at 0x7f7f357aba50>,63,12,[5 3],64,88,100,24,88
1,<environment.Job instance at 0x7f7f356cc550>,51,13,[5 6],52,100,113,48,100
1,<environment.Job instance at 0x7f7f356c7370>,68,12,[7 1],69,100,112,31,100
1,<environment.Job instance at 0x7f7f356cc0f0>,46,14,[6 5],47,112,126,65,112
1,<environment.Job instance at 0x7f7f356c7c80>,71,14,[4 9],72,113,127,41,113
1,<environment.Job instance at 0x7f7f356c7b90>,70,15,[8 4],71,126,141,55,126
1,<environment.Job instance at 0x7f7f356c7eb0>,75,17,[7 1],76,127,144,51,127
1,<environment.Job instance at 0x7f7f356ccd70>,53,17,[7 4],54,141,158,87,141
1,<environment.Job instance at 0x7f7f356c7e10>,73,18,[3 5],74,144,162,70,144
1,<environment.Job instance at 0x7f7f3572ec30>,77,13,[10  1],78,158,171,80,158
1,<environment.Job instance at 0x7f7f3572eb90>,76,14,[10  4],77,171,185,94,171
1,<environment.Job instance at 0x7f7f356cbcd0>,83,21,[4 8],84,172,193,88,172
1,<environment.Job instance at 0x7f7f356cb050>,82,14,[8 5],83,185,199,102,185
1,<environment.Job instance at 0x7f7f34d62190>,2,20,[7 5],3,3,23,0,3
1,<environment.Job instance at 0x7f7f34d576e0>,6,18,[7 1],7,7,25,0,7
1,<environment.Job instance at 0x7f7f34d57730>,8,14,[7 1],9,23,37,14,9
1,<environment.Job instance at 0x7f7f34d62730>,4,16,[ 4 14],5,25,41,20,18
1,<environment.Job instance at 0x7f7f34f23d70>,17,14,[11  1],18,37,51,19,24
1,<environment.Job instance at 0x7f7f34d5c8c0>,13,15,[6 1],14,51,66,37,37
1,<environment.Job instance at 0x7f7f34e96320>,20,20,[ 2 10],21,41,61,20,37
1,<environment.Job instance at 0x7f7f34d571e0>,14,18,[5 4],15,51,69,36,42
1,<environment.Job instance at 0x7f7f34d5c730>,15,13,[12  2],16,69,82,53,57
1,<environment.Job instance at 0x7f7f34f8c050>,23,17,[ 3 12],24,69,86,45,60
1,<environment.Job instance at 0x7f7f34e41e10>,24,13,[2 5],25,86,99,61,70
1,<environment.Job instance at 0x7f7f35014690>,19,20,[12  3],20,82,102,62,73
1,<environment.Job instance at 0x7f7f34e41c80>,26,16,[ 5 12],27,102,118,75,89
1,<environment.Job instance at 0x7f7f34e41d20>,27,21,[ 1 12],28,118,139,90,110
1,<environment.Job instance at 0x7f7f34e41b90>,28,16,[ 1 14],29,139,155,110,126
1,<environment.Job instance at 0x7f7f34e41910>,29,18,[ 1 14],30,155,173,125,144
1,<environment.Job instance at 0x7f7f34e96e60>,21,15,[11  5],22,173,188,151,161
1,<environment.Job instance at 0x7f7f34e41410>,30,23,[1 9],31,173,196,142,167
1,<environment.Job instance at 0x7f7f34ea2a50>,39,12,[4 8],40,196,208,156,179
1,<environment.Job instance at 0x7f7f34edbe60>,35,18,[11  1],36,188,206,152,188
1,<environment.Job instance at 0x7f7f356284b0>,2,20,[7 5],3,3,23,0,3
1,<environment.Job instance at 0x7f7f356280a0>,5,21,[5 9],6,6,27,0,6
1,<environment.Job instance at 0x7f7f3561c730>,8,14,[7 1],9,23,37,14,23
1,<environment.Job instance at 0x7f7f3561ce10>,13,15,[6 1],14,27,42,13,27
1,<environment.Job instance at 0x7f7f3561cbe0>,24,13,[2 5],25,27,40,2,27
1,<environment.Job instance at 0x7f7f356282d0>,6,18,[7 1],7,37,55,30,37
1,<environment.Job instance at 0x7f7f3ec8a4b0>,39,12,[4 8],40,42,54,2,42
1,<environment.Job instance at 0x7f7f34db9370>,46,13,[4 8],47,55,68,8,55
1,<environment.Job instance at 0x7f7f35628370>,3,15,[9 5],4,55,70,51,55
1,<environment.Job instance at 0x7f7f34db9230>,50,13,[2 7],51,68,81,17,68
1,<environment.Job instance at 0x7f7f34dbcd20>,55,13,[9 2],56,70,83,14,70
1,<environment.Job instance at 0x7f7f34e69870>,56,13,[4 5],57,70,83,13,70
1,<environment.Job instance at 0x7f7f34e37d20>,62,13,[3 5],63,83,96,20,83
1,<environment.Job instance at 0x7f7f356cc2d0>,36,15,[8 5],37,83,98,46,83
1,<environment.Job instance at 0x7f7f34dc9370>,66,14,[3 5],67,96,110,29,96
1,<environment.Job instance at 0x7f7f34e372d0>,63,16,[5 8],64,98,114,34,98
1,<environment.Job instance at 0x7f7f34db9b90>,47,16,[8 4],48,110,126,62,110
1,<environment.Job instance at 0x7f7f34dcc780>,78,13,[6 4],79,114,127,35,114
1,<environment.Job instance at 0x7f7f34ddb780>,81,16,[6 3],82,126,142,44,126
1,<environment.Job instance at 0x7f7f34dd7c80>,85,13,[8 3],86,127,140,41,127
1,<environment.Job instance at 0x7f7f3561cf00>,14,18,[5 4],15,141,159,126,141
1,<environment.Job instance at 0x7f7f34dcc190>,77,17,[10  4],78,143,160,65,143
1,<environment.Job instance at 0x7f7f34ddedc0>,87,20,[5 8],88,159,179,71,159
1,<environment.Job instance at 0x7f7f34ddeeb0>,89,15,[3 6],90,160,175,70,160
1,<environment.Job instance at 0x7f7f34dded20>,88,17,[8 4],89,175,192,86,175
1,<environment.Job instance at 0x7f7f34de2cd0>,92,15,[5 8],93,180,195,87,180
1,<environment.Job instance at 0x7f7f34d5f9b0>,1,20,[5 5],2,2,22,0,2
1,<environment.Job instance at 0x7f7f34cb4820>,5,17,[7 4],6,6,23,0,6
1,<environment.Job instance at 0x7f7f34cb4aa0>,9,13,[1 7],10,22,35,12,10
1,<environment.Job instance at 0x7f7f34cb4f00>,12,18,[10  5],13,23,41,10,23
1,<environment.Job instance at 0x7f7f34d5fb90>,8,17,[ 1 11],9,41,58,32,34
1,<environment.Job instance at 0x7f7f34cb4140>,13,25,[8 3],14,48,73,34,48
1,<environment.Job instance at 0x7f7f34cb4e60>,17,24,[2 7],18,58,82,40,58
1,<environment.Job instance at 0x7f7f34cb4be0>,16,15,[13  4],17,73,88,56,60
1,<environment.Job instance at 0x7f7f34cb47d0>,19,16,[4 5],20,95,111,75,95
1,<environment.Job instance at 0x7f7f34cb4500>,21,18,[ 1 14],22,111,129,89,110
1,<environment.Job instance at 0x7f7f34cb4460>,18,16,[14  5],19,129,145,110,117
1,<environment.Job instance at 0x7f7f34cb42d0>,23,15,[11  2],24,176,191,152,176
1,<environment.Job instance at 0x7f7f35da6b40>,1,20,[5 5],2,2,22,0,2
1,<environment.Job instance at 0x7f7f35de4b40>,5,17,[7 4],6,6,23,0,6
1,<environment.Job instance at 0x7f7f35efa050>,9,13,[1 7],10,22,35,12,22
1,<environment.Job instance at 0x7f7f3e7eb140>,22,14,[4 5],23,23,37,0,23
1,<environment.Job instance at 0x7f7f354f3140>,25,13,[5 6],26,35,48,9,35
1,<environment.Job instance at 0x7f7f35ee1b90>,19,16,[4 5],20,37,53,17,37
1,<environment.Job instance at 0x7f7f34f1b0a0>,38,18,[5 5],39,48,66,9,48
1,<environment.Job instance at 0x7f7f34dff230>,49,13,[6 2],50,50,63,0,50
1,<environment.Job instance at 0x7f7f3546f7d0>,7,19,[3 8],8,53,72,45,53
1,<environment.Job instance at 0x7f7f34dff4b0>,51,12,[7 5],52,66,78,14,66
1,<environment.Job instance at 0x7f7f34e7e910>,67,15,[4 9],68,72,87,4,72
1,<environment.Job instance at 0x7f7f34e7ee60>,69,12,[4 6],70,78,90,8,78
1,<environment.Job instance at 0x7f7f34e96f50>,54,15,[2 6],55,88,103,33,88
1,<environment.Job instance at 0x7f7f34e7eaa0>,72,19,[7 3],73,88,107,15,88
1,<environment.Job instance at 0x7f7f3505f870>,75,18,[5 5],76,90,108,14,90
1,<environment.Job instance at 0x7f7f3505f0f0>,76,15,[2 6],77,103,118,26,103
1,<environment.Job instance at 0x7f7f3505f0a0>,77,14,[8 4],78,107,121,29,107
1,<environment.Job instance at 0x7f7f35d6cd70>,30,20,[4 9],31,118,138,87,118
1,<environment.Job instance at 0x7f7f3505cc80>,82,13,[10  4],83,121,134,38,121
1,<environment.Job instance at 0x7f7f3505e690>,80,15,[5 2],81,135,150,54,135
1,<environment.Job instance at 0x7f7f3505c6e0>,87,15,[ 4 10],88,139,154,51,139
1,<environment.Job instance at 0x7f7f3523b820>,91,14,[5 3],92,139,153,47,139
1,<environment.Job instance at 0x7f7f34e517d0>,55,17,[10  4],56,154,171,98,154
1,<environment.Job instance at 0x7f7f3505c870>,83,20,[4 7],84,155,175,71,155
1,<environment.Job instance at 0x7f7f34ef22d0>,96,17,[5 4],97,171,188,74,171
1,<environment.Job instance at 0x7f7f35aaef50>,12,18,[10  5],13,176,194,163,176
1,<environment.Job instance at 0x7f7f34ef2730>,95,21,[4 8],96,188,209,92,188
1,<environment.Job instance at 0x7f7f352f4820>,9,14,[1 7],10,10,24,0,10
1,<environment.Job instance at 0x7f7f352f4550>,3,16,[12  4],4,12,28,8,12
1,<environment.Job instance at 0x7f7f3edc0690>,12,22,[ 3 11],13,24,46,11,18
1,<environment.Job instance at 0x7f7f352f4cd0>,13,21,[ 2 13],14,47,68,33,47
1,<environment.Job instance at 0x7f7f3edc0d70>,14,22,[10  2],15,68,90,53,68
1,<environment.Job instance at 0x7f7f3502e7d0>,2,23,[14  5],3,90,113,87,84
1,<environment.Job instance at 0x7f7f3edc0d20>,16,24,[8 2],17,113,137,96,108
1,<environment.Job instance at 0x7f7f3edc0dc0>,17,16,[2 8],18,113,129,95,110
1,<environment.Job instance at 0x7f7f3edc0a00>,18,12,[11  1],19,137,149,118,123
1,<environment.Job instance at 0x7f7f352f4c80>,8,16,[ 1 14],9,137,153,128,124
1,<environment.Job instance at 0x7f7f3edc07d0>,19,17,[11  3],20,153,170,133,141
1,<environment.Job instance at 0x7f7f3ec7c690>,21,15,[ 4 13],22,170,185,148,157
1,<environment.Job instance at 0x7f7f3edc0a50>,20,16,[12  1],21,185,201,164,173
1,<environment.Job instance at 0x7f7f35dcbf00>,4,18,[ 1 10],5,5,23,0,5
1,<environment.Job instance at 0x7f7f35dad500>,10,18,[7 5],11,11,29,0,11
1,<environment.Job instance at 0x7f7f35dade10>,9,14,[1 7],10,23,37,13,23
1,<environment.Job instance at 0x7f7f34d147d0>,17,16,[2 8],18,29,45,11,29
1,<environment.Job instance at 0x7f7f34f38410>,30,14,[5 1],31,37,51,6,37
1,<environment.Job instance at 0x7f7f3528d410>,34,14,[8 4],35,37,51,2,37
1,<environment.Job instance at 0x7f7f34d144b0>,25,18,[2 5],26,45,63,19,45
1,<environment.Job instance at 0x7f7f3e77faf0>,50,12,[2 8],51,51,63,0,51
1,<environment.Job instance at 0x7f7f35012eb0>,46,15,[6 1],47,51,66,4,51
1,<environment.Job instance at 0x7f7f35d6c870>,51,13,[6 4],52,63,76,11,63
1,<environment.Job instance at 0x7f7f34d14230>,28,14,[3 9],29,63,77,34,63
1,<environment.Job instance at 0x7f7f34d14460>,14,22,[10  2],15,76,98,61,76
1,<environment.Job instance at 0x7f7f34fb3500>,54,13,[5 7],55,77,90,22,77
1,<environment.Job instance at 0x7f7f35ab47d0>,58,12,[3 5],59,90,102,31,90
1,<environment.Job instance at 0x7f7f35ef7870>,59,15,[1 8],60,90,105,30,90
1,<environment.Job instance at 0x7f7f35a9e370>,57,18,[8 3],58,102,120,44,102
1,<environment.Job instance at 0x7f7f34fb3fa0>,56,14,[4 9],57,105,119,48,105
1,<environment.Job instance at 0x7f7f3523b960>,38,14,[5 8],39,119,133,80,119
1,<environment.Job instance at 0x7f7f35cb8c30>,70,17,[5 2],71,120,137,49,120
1,<environment.Job instance at 0x7f7f35da6b40>,72,12,[6 2],73,133,145,60,133
1,<environment.Job instance at 0x7f7f354112d0>,65,18,[3 7],66,133,151,67,133
1,<environment.Job instance at 0x7f7f35961aa0>,75,16,[6 2],76,137,153,61,137
1,<environment.Job instance at 0x7f7f35a7f320>,76,16,[8 2],77,151,167,74,151
1,<environment.Job instance at 0x7f7f352a4910>,36,21,[ 1 10],37,151,172,114,151
1,<environment.Job instance at 0x7f7f352f4b90>,82,12,[7 2],83,167,179,84,167
1,<environment.Job instance at 0x7f7f35a51e10>,79,16,[7 4],80,172,188,92,172
1,<environment.Job instance at 0x7f7f350d6370>,71,18,[4 9],72,179,197,107,179
1,<environment.Job instance at 0x7f7f35d0dd20>,93,12,[9 1],94,188,200,94,188
1,<environment.Job instance at 0x7f7f35a1ab90>,0,14,[2 7],1,1,15,0,1
1,<environment.Job instance at 0x7f7f35a1a960>,1,14,[5 7],2,2,16,0,2
1,<environment.Job instance at 0x7f7f35428190>,3,16,[6 2],4,15,31,11,4
1,<environment.Job instance at 0x7f7f354071e0>,7,14,[2 9],8,16,30,8,8
1,<environment.Job instance at 0x7f7f3542a050>,9,14,[13  2],10,31,45,21,23
1,<environment.Job instance at 0x7f7f3542acd0>,14,13,[4 5],15,45,58,30,29
1,<environment.Job instance at 0x7f7f3542aaf0>,15,20,[3 7],16,45,65,29,36
1,<environment.Job instance at 0x7f7f354280f0>,5,13,[ 5 11],6,65,78,59,49
1,<environment.Job instance at 0x7f7f34fe4280>,28,14,[5 2],29,53,67,24,53
1,<environment.Job instance at 0x7f7f35400960>,27,26,[ 4 12],28,78,104,50,77
1,<environment.Job instance at 0x7f7f3504ecd0>,36,22,[13  1],37,171,193,134,171
1,<environment.Job instance at 0x7f7f35d61370>,0,14,[2 7],1,1,15,0,1
1,<environment.Job instance at 0x7f7f35d61870>,1,14,[5 7],2,2,16,0,2
1,<environment.Job instance at 0x7f7f35602640>,14,13,[4 5],15,15,28,0,15
1,<environment.Job instance at 0x7f7f35c1b230>,3,16,[6 2],4,15,31,11,15
1,<environment.Job instance at 0x7f7f356c6190>,15,20,[3 7],16,16,36,0,16
1,<environment.Job instance at 0x7f7f356ed960>,17,17,[8 3],18,31,48,13,31
1,<environment.Job instance at 0x7f7f35496b90>,7,14,[2 9],8,36,50,28,36
1,<environment.Job instance at 0x7f7f35752f00>,28,14,[5 2],29,36,50,7,36
1,<environment.Job instance at 0x7f7f357520f0>,31,15,[6 3],32,48,63,16,48
1,<environment.Job instance at 0x7f7f3585e230>,41,15,[5 4],42,50,65,8,50
1,<environment.Job instance at 0x7f7f356c0910>,24,16,[1 6],25,50,66,25,50
1,<environment.Job instance at 0x7f7f354664b0>,46,14,[7 3],47,63,77,16,63
1,<environment.Job instance at 0x7f7f3534a2d0>,55,12,[5 5],56,65,77,9,65
1,<environment.Job instance at 0x7f7f356690a0>,19,18,[2 7],20,66,84,46,66
1,<environment.Job instance at 0x7f7f3505c6e0>,61,14,[8 3],62,77,91,15,77
1,<environment.Job instance at 0x7f7f35a38e10>,37,17,[ 1 10],38,84,101,46,84
1,<environment.Job instance at 0x7f7f3505c3c0>,62,13,[10  5],63,91,104,28,91
1,<environment.Job instance at 0x7f7f3edce1e0>,86,20,[2 9],87,102,122,15,102
1,<environment.Job instance at 0x7f7f35752870>,32,16,[9 3],33,105,121,72,105
1,<environment.Job instance at 0x7f7f350d6370>,100,16,[6 3],101,121,137,20,121
1,<environment.Job instance at 0x7f7f352f40a0>,94,20,[5 3],95,121,141,26,121
1,<environment.Job instance at 0x7f7f3edc0eb0>,105,12,[10  2],106,138,150,32,138
1,<environment.Job instance at 0x7f7f35241f00>,110,14,[5 1],111,142,156,31,142
1,<environment.Job instance at 0x7f7f3505c230>,59,17,[8 3],60,151,168,91,151
1,<environment.Job instance at 0x7f7f35d6c870>,121,16,[3 9],122,156,172,34,156
1,<environment.Job instance at 0x7f7f35fb1c30>,80,18,[7 4],81,169,187,88,169
1,<environment.Job instance at 0x7f7f35e19dc0>,122,22,[5 2],123,169,191,46,169
1,<environment.Job instance at 0x7f7f35012730>,126,16,[1 8],127,172,188,45,172
1,<environment.Job instance at 0x7f7f352fd9b0>,2,19,[2 5],3,4,23,1,4
1,<environment.Job instance at 0x7f7f352fd960>,6,13,[8 4],7,7,20,0,7
1,<environment.Job instance at 0x7f7f352fdc30>,7,17,[6 2],8,20,37,12,8
1,<environment.Job instance at 0x7f7f352fdfa0>,12,16,[6 3],13,20,36,7,13
1,<environment.Job instance at 0x7f7f352fda00>,13,12,[ 5 12],14,36,48,22,19
1,<environment.Job instance at 0x7f7f352fd1e0>,14,21,[5 4],15,125,146,110,125
1,<environment.Job instance at 0x7f7f3edc0140>,2,19,[2 5],3,3,22,0,3
1,<environment.Job instance at 0x7f7f355f8910>,6,13,[8 4],7,7,20,0,7
1,<environment.Job instance at 0x7f7f356c6690>,10,19,[4 5],11,11,30,0,11
1,<environment.Job instance at 0x7f7f352fd190>,19,12,[5 4],20,20,32,0,20
1,<environment.Job instance at 0x7f7f353295a0>,8,16,[6 5],9,22,38,13,22
1,<environment.Job instance at 0x7f7f352fd730>,21,13,[9 3],22,32,45,10,32
1,<environment.Job instance at 0x7f7f356c66e0>,12,16,[6 3],13,38,54,25,38
1,<environment.Job instance at 0x7f7f35a7c7d0>,28,13,[7 1],29,45,58,16,45
1,<environment.Job instance at 0x7f7f35a7ceb0>,22,14,[8 4],23,54,68,31,54
1,<environment.Job instance at 0x7f7f35a7c460>,26,16,[7 5],27,58,74,31,58
1,<environment.Job instance at 0x7f7f356c61e0>,15,16,[6 4],16,68,84,52,68
1,<environment.Job instance at 0x7f7f36131730>,41,13,[5 2],42,74,87,32,74
1,<environment.Job instance at 0x7f7f35a7caa0>,30,15,[9 1],31,85,100,54,85
1,<environment.Job instance at 0x7f7f36131050>,48,13,[2 7],49,87,100,38,87
1,<environment.Job instance at 0x7f7f35602550>,7,17,[6 2],8,100,117,92,100
1,<environment.Job instance at 0x7f7f361315a0>,54,14,[1 6],55,100,114,45,100
1,<environment.Job instance at 0x7f7f35a7c6e0>,32,18,[8 1],33,100,118,67,100
1,<environment.Job instance at 0x7f7f36131230>,59,14,[6 1],60,117,131,57,117
1,<environment.Job instance at 0x7f7f36131140>,44,18,[6 3],45,119,137,74,119
1,<environment.Job instance at 0x7f7f36131370>,47,19,[ 4 10],48,131,150,83,131
1,<environment.Job instance at 0x7f7f35335460>,62,12,[10  4],63,138,150,75,138
1,<environment.Job instance at 0x7f7f35335c30>,68,15,[2 5],69,150,165,81,150
1,<environment.Job instance at 0x7f7f35335140>,69,14,[3 7],70,150,164,80,150
1,<environment.Job instance at 0x7f7f36131a00>,50,18,[10  1],51,150,168,99,150
1,<environment.Job instance at 0x7f7f35335320>,64,16,[2 5],65,164,180,99,164
1,<environment.Job instance at 0x7f7f35335aa0>,74,17,[2 9],75,165,182,90,165
1,<environment.Job instance at 0x7f7f353355f0>,79,14,[5 1],80,168,182,88,168
1,<environment.Job instance at 0x7f7f3509a140>,83,14,[5 2],84,180,194,96,180
1,<environment.Job instance at 0x7f7f35335e60>,80,14,[2 8],81,182,196,101,182
1,<environment.Job instance at 0x7f7f3509a640>,87,13,[5 1],88,182,195,94,182
1,<environment.Job instance at 0x7f7f35dcbb90>,7,15,[8 2],8,11,26,3,11
1,<environment.Job instance at 0x7f7f353110a0>,0,18,[5 5],1,1,19,0,1
1,<environment.Job instance at 0x7f7f353118c0>,7,15,[8 2],8,8,23,0,8
1,<environment.Job instance at 0x7f7f353363c0>,12,16,[4 6],13,19,35,6,19
1,<environment.Job instance at 0x7f7f35336b40>,20,16,[3 7],21,21,37,0,21
1,<environment.Job instance at 0x7f7f35336190>,22,14,[5 7],23,35,49,12,35
1,<environment.Job instance at 0x7f7f34fe0550>,26,14,[1 6],27,37,51,10,37
1,<environment.Job instance at 0x7f7f353365a0>,24,16,[4 7],25,49,65,24,49
1,<environment.Job instance at 0x7f7f35a75c30>,37,15,[10  5],38,51,66,13,51
1,<environment.Job instance at 0x7f7f35a757d0>,42,16,[1 8],43,65,81,22,65
1,<environment.Job instance at 0x7f7f35a75d70>,43,12,[3 7],44,66,78,22,66
1,<environment.Job instance at 0x7f7f353115f0>,11,16,[8 3],12,78,94,66,78
1,<environment.Job instance at 0x7f7f36144410>,53,15,[2 7],54,81,96,27,81
1,<environment.Job instance at 0x7f7f35336e10>,21,18,[5 5],22,81,99,59,81
1,<environment.Job instance at 0x7f7f35a758c0>,49,12,[8 2],50,94,106,44,94
1,<environment.Job instance at 0x7f7f35336af0>,18,17,[3 8],19,99,116,80,99
1,<environment.Job instance at 0x7f7f3509a730>,73,18,[4 5],74,99,117,25,99
1,<environment.Job instance at 0x7f7f3509aa50>,70,14,[8 2],71,106,120,35,106
1,<environment.Job instance at 0x7f7f3509a460>,75,13,[4 6],76,117,130,41,117
1,<environment.Job instance at 0x7f7f355f8550>,83,16,[3 5],84,117,133,33,117
1,<environment.Job instance at 0x7f7f35a7cd70>,90,14,[9 5],91,131,145,40,131
1,<environment.Job instance at 0x7f7f34fe0410>,33,18,[6 5],34,133,151,99,133
1,<environment.Job instance at 0x7f7f35a7c6e0>,97,12,[4 7],98,145,157,47,145
1,<environment.Job instance at 0x7f7f35a7ca50>,98,15,[6 4],99,151,166,52,151
1,<environment.Job instance at 0x7f7f35a7cbe0>,100,15,[ 5 10],101,157,172,56,157
1,<environment.Job instance at 0x7f7f3509a550>,79,17,[10  4],80,167,184,87,167
1,<environment.Job instance at 0x7f7f35a7c910>,102,17,[ 2 10],103,172,189,69,172
1,<environment.Job instance at 0x7f7f35a7c280>,94,17,[10  3],95,184,201,89,184
1,<environment.Job instance at 0x7f7f35a7cdc0>,99,17,[3 8],100,189,206,89,189
1,<environment.Job instance at 0x7f7f35ede9b0>,8,22,[1 8],9,9,31,0,9
1,<environment.Job instance at 0x7f7f35311230>,1,13,[ 4 13],2,31,44,29,15
1,<environment.Job instance at 0x7f7f35da6230>,27,12,[1 8],28,44,56,16,28
1,<environment.Job instance at 0x7f7f35da68c0>,29,13,[8 2],30,32,45,2,32
1,<environment.Job instance at 0x7f7f35da67d0>,31,25,[ 3 13],32,56,81,24,54
1,<environment.Job instance at 0x7f7f35da6eb0>,30,27,[ 2 12],31,108,135,77,108
1,<environment.Job instance at 0x7f7f35da6410>,34,25,[3 5],35,157,182,122,157
1,<environment.Job instance at 0x7f7f35db0be0>,0,17,[10  3],1,1,18,0,1
1,<environment.Job instance at 0x7f7f3521a910>,5,16,[4 8],6,6,22,0,6
1,<environment.Job instance at 0x7f7f3626a320>,15,17,[4 6],16,18,35,2,18
1,<environment.Job instance at 0x7f7f34e690f0>,2,18,[9 2],3,22,40,19,22
1,<environment.Job instance at 0x7f7f35a7c370>,27,12,[1 8],28,35,47,7,35
1,<environment.Job instance at 0x7f7f35a7c690>,23,14,[5 5],24,35,49,11,35
1,<environment.Job instance at 0x7f7f35a7c5f0>,29,13,[8 2],30,40,53,10,40
1,<environment.Job instance at 0x7f7f35a7cfa0>,32,22,[2 8],33,48,70,15,48
1,<environment.Job instance at 0x7f7f3509ab90>,46,12,[9 3],47,54,66,7,54
1,<environment.Job instance at 0x7f7f36144c80>,52,19,[5 5],53,66,85,13,66
1,<environment.Job instance at 0x7f7f361443c0>,54,12,[1 9],55,70,82,15,70
1,<environment.Job instance at 0x7f7f361446e0>,63,14,[7 3],64,83,97,19,83
1,<environment.Job instance at 0x7f7f35a75f00>,70,20,[3 6],71,84,104,13,84
1,<environment.Job instance at 0x7f7f35a75190>,68,19,[8 4],69,97,116,28,97
1,<environment.Job instance at 0x7f7f3509a550>,37,14,[ 3 10],38,104,118,66,104
1,<environment.Job instance at 0x7f7f35a75c80>,74,14,[10  5],75,117,131,42,117
1,<environment.Job instance at 0x7f7f35a7ceb0>,18,15,[ 3 10],19,119,134,100,119
1,<environment.Job instance at 0x7f7f353360f0>,81,14,[5 1],82,131,145,49,131
1,<environment.Job instance at 0x7f7f35a75d20>,73,16,[ 3 10],74,134,150,60,134
1,<environment.Job instance at 0x7f7f35336230>,83,15,[5 5],84,145,160,61,145
1,<environment.Job instance at 0x7f7f35336460>,82,17,[5 5],83,151,168,68,151
1,<environment.Job instance at 0x7f7f35a759b0>,76,21,[5 5],77,151,172,74,151
1,<environment.Job instance at 0x7f7f35334dc0>,91,14,[5 5],92,160,174,68,160
1,<environment.Job instance at 0x7f7f353118c0>,100,12,[ 3 10],101,172,184,71,172
1,<environment.Job instance at 0x7f7f35336eb0>,85,20,[6 5],86,174,194,88,174
1,<environment.Job instance at 0x7f7f35a98a50>,95,13,[3 6],96,185,198,89,185
1,<environment.Job instance at 0x7f7f34a78e60>,2,21,[5 4],3,3,24,0,3
1,<environment.Job instance at 0x7f7f34a78320>,7,25,[ 5 10],8,16,41,8,16
1,<environment.Job instance at 0x7f7f349a7d20>,16,23,[ 1 13],17,41,64,24,35
1,<environment.Job instance at 0x7f7f349a7190>,22,22,[1 8],23,64,86,41,57
1,<environment.Job instance at 0x7f7f349a7a50>,36,14,[ 4 13],37,86,100,49,71
1,<environment.Job instance at 0x7f7f3497aaa0>,61,16,[6 1],62,87,103,25,87
1,<environment.Job instance at 0x7f7f3497adc0>,62,12,[7 4],63,100,112,37,87
1,<environment.Job instance at 0x7f7f3498d140>,50,15,[2 5],51,100,115,49,95
1,<environment.Job instance at 0x7f7f3497a0a0>,71,14,[9 3],72,112,126,40,97
1,<environment.Job instance at 0x7f7f348d62d0>,79,15,[3 5],80,112,127,32,112
1,<environment.Job instance at 0x7f7f351100a0>,95,12,[ 4 12],96,127,139,31,112
1,<environment.Job instance at 0x7f7f35185cd0>,100,17,[2 7],101,139,156,38,127
1,<environment.Job instance at 0x7f7f34a78b40>,2,21,[5 4],3,3,24,0,3
1,<environment.Job instance at 0x7f7f35864820>,6,16,[8 1],7,7,23,0,7
1,<environment.Job instance at 0x7f7f35864960>,8,17,[4 8],9,23,40,14,23
1,<environment.Job instance at 0x7f7f35743aa0>,23,15,[3 7],24,24,39,0,24
1,<environment.Job instance at 0x7f7f35743b40>,24,15,[10  3],25,39,54,14,39
1,<environment.Job instance at 0x7f7f3626a320>,9,18,[5 5],10,40,58,30,40
1,<environment.Job instance at 0x7f7f360acfa0>,41,12,[1 7],42,54,66,12,54
1,<environment.Job instance at 0x7f7f360d2c80>,49,14,[9 1],50,54,68,4,54
1,<environment.Job instance at 0x7f7f360d25f0>,50,15,[2 5],51,58,73,7,58
1,<environment.Job instance at 0x7f7f35710a50>,22,22,[1 8],23,66,88,43,66
1,<environment.Job instance at 0x7f7f3572d6e0>,34,16,[9 2],35,68,84,33,68
1,<environment.Job instance at 0x7f7f360a5910>,57,12,[7 5],58,84,96,26,84
1,<environment.Job instance at 0x7f7f35413e60>,61,16,[6 1],62,84,100,22,84
1,<environment.Job instance at 0x7f7f360c8690>,64,13,[1 7],65,88,101,23,88
1,<environment.Job instance at 0x7f7f35059140>,62,12,[7 4],63,96,108,33,96
1,<environment.Job instance at 0x7f7f35fb3910>,63,13,[6 3],64,100,113,36,100
1,<environment.Job instance at 0x7f7f360b0460>,70,17,[8 3],71,109,126,38,109
1,<environment.Job instance at 0x7f7f34e3e640>,68,18,[4 5],69,113,131,44,113
1,<environment.Job instance at 0x7f7f35734870>,71,14,[9 3],72,127,141,55,127
1,<environment.Job instance at 0x7f7f3573cf50>,79,15,[3 5],80,131,146,51,131
1,<environment.Job instance at 0x7f7f3573c190>,85,15,[ 1 10],86,141,156,55,141
1,<environment.Job instance at 0x7f7f3572d9b0>,32,17,[10  3],33,146,163,113,146
1,<environment.Job instance at 0x7f7f35729410>,100,17,[2 7],101,156,173,55,156
1,<environment.Job instance at 0x7f7f3573c910>,87,18,[9 2],88,164,182,76,164
1,<environment.Job instance at 0x7f7f357385f0>,103,15,[ 4 10],104,173,188,69,173
1,<environment.Job instance at 0x7f7f3573c6e0>,84,18,[5 5],85,182,200,97,182
1,<environment.Job instance at 0x7f7f357385a0>,105,18,[1 7],106,189,207,83,189
1,<environment.Job instance at 0x7f7f35be7910>,2,22,[5 5],3,3,25,0,3
1,<environment.Job instance at 0x7f7f350121e0>,14,25,[1 9],15,15,40,0,15
1,<environment.Job instance at 0x7f7f35012410>,13,24,[10  3],14,25,49,11,22
1,<environment.Job instance at 0x7f7f35be7cd0>,4,13,[ 2 12],5,40,53,35,27
1,<environment.Job instance at 0x7f7f35012b40>,29,21,[8 2],30,49,70,19,41
1,<environment.Job instance at 0x7f7f35628550>,34,12,[ 2 13],35,53,65,18,42
1,<environment.Job instance at 0x7f7f350127d0>,30,21,[ 4 14],31,70,91,39,64
1,<environment.Job instance at 0x7f7f35628c30>,35,26,[6 1],36,71,97,35,71
1,<environment.Job instance at 0x7f7f35628190>,36,12,[9 5],37,91,103,54,84
1,<environment.Job instance at 0x7f7f35628eb0>,37,21,[ 2 13],38,103,124,65,97
1,<environment.Job instance at 0x7f7f35012a50>,15,25,[11  1],16,103,128,87,103
1,<environment.Job instance at 0x7f7f35628fa0>,39,15,[7 3],40,128,143,88,114
1,<environment.Job instance at 0x7f7f35be7960>,17,26,[2 9],18,124,150,106,124
1,<environment.Job instance at 0x7f7f35628870>,40,15,[11  4],41,143,158,102,132
1,<environment.Job instance at 0x7f7f35628820>,42,14,[ 1 10],43,150,164,107,137
1,<environment.Job instance at 0x7f7f35628a00>,41,13,[ 2 14],42,164,177,122,148
1,<environment.Job instance at 0x7f7f356281e0>,44,16,[ 2 14],45,177,193,132,164
1,<environment.Job instance at 0x7f7f35628960>,45,18,[2 7],46,193,211,147,182
1,<environment.Job instance at 0x7f7f356289b0>,46,13,[11  1],47,182,195,135,182
1,<environment.Job instance at 0x7f7f35628640>,38,22,[12  4],39,195,217,156,189
1,<environment.Job instance at 0x7f7f35ced910>,2,22,[5 5],3,3,25,0,3
1,<environment.Job instance at 0x7f7f3561a550>,3,16,[1 9],4,4,20,0,4
1,<environment.Job instance at 0x7f7f35070870>,6,12,[9 1],7,7,19,0,7
1,<environment.Job instance at 0x7f7f35070b90>,7,12,[ 5 10],8,20,32,12,20
1,<environment.Job instance at 0x7f7f34febd20>,20,15,[8 4],21,25,40,4,25
1,<environment.Job instance at 0x7f7f35be9c30>,22,15,[2 8],23,32,47,9,32
1,<environment.Job instance at 0x7f7f357099b0>,36,12,[9 5],37,40,52,3,40
1,<environment.Job instance at 0x7f7f35713dc0>,42,14,[ 1 10],43,47,61,4,47
1,<environment.Job instance at 0x7f7f35713280>,39,15,[7 3],40,52,67,12,52
1,<environment.Job instance at 0x7f7f35b3deb0>,47,12,[1 9],48,61,73,13,61
1,<environment.Job instance at 0x7f7f3573c640>,9,16,[9 4],10,67,83,57,67
1,<environment.Job instance at 0x7f7f3573cd70>,23,17,[2 7],24,73,90,49,73
1,<environment.Job instance at 0x7f7f35c0c410>,49,18,[8 3],50,83,101,33,83
1,<environment.Job instance at 0x7f7f350b2a00>,59,18,[4 9],60,90,108,30,90
1,<environment.Job instance at 0x7f7f35729460>,63,12,[10  4],64,101,113,37,101
1,<environment.Job instance at 0x7f7f34abb460>,72,14,[5 7],73,108,122,35,108
1,<environment.Job instance at 0x7f7f35729640>,66,14,[5 6],67,113,127,46,113
1,<environment.Job instance at 0x7f7f3506ca00>,83,17,[10  1],84,122,139,38,122
1,<environment.Job instance at 0x7f7f3e7d9c30>,79,13,[ 2 10],80,127,140,47,127
1,<environment.Job instance at 0x7f7f35731a50>,92,16,[6 1],93,139,155,46,139
1,<environment.Job instance at 0x7f7f360cc0a0>,88,16,[6 3],89,139,155,50,139
1,<environment.Job instance at 0x7f7f357136e0>,45,18,[2 7],46,140,158,94,140
1,<environment.Job instance at 0x7f7f360d2eb0>,104,12,[7 4],105,155,167,50,155
1,<environment.Job instance at 0x7f7f360d25f0>,103,15,[ 1 10],104,158,173,54,158
1,<environment.Job instance at 0x7f7f35729410>,64,17,[8 3],65,167,184,102,167
1,<environment.Job instance at 0x7f7f35b4f820>,108,15,[3 6],109,173,188,64,173
1,<environment.Job instance at 0x7f7f35709eb0>,1,21,[5 2],2,2,23,0,2
1,<environment.Job instance at 0x7f7f34a710f0>,3,16,[1 5],4,4,20,0,4
1,<environment.Job instance at 0x7f7f35729a50>,4,19,[6 2],5,5,24,0,5
1,<environment.Job instance at 0x7f7f35544aa0>,11,12,[1 9],12,20,32,8,12
1,<environment.Job instance at 0x7f7f36178e60>,1,21,[5 2],2,2,23,0,2
1,<environment.Job instance at 0x7f7f35d07190>,2,20,[3 6],3,3,23,0,3
1,<environment.Job instance at 0x7f7f35d07500>,3,16,[1 5],4,4,20,0,4
1,<environment.Job instance at 0x7f7f35945730>,4,19,[6 2],5,5,24,0,5
1,<environment.Job instance at 0x7f7f35d0b3c0>,11,12,[1 9],12,23,35,11,23
1,<environment.Job instance at 0x7f7f35d06a50>,18,16,[7 3],19,23,39,4,23
1,<environment.Job instance at 0x7f7f34b2d500>,7,20,[5 3],8,24,44,16,24
1,<environment.Job instance at 0x7f7f357430f0>,25,14,[8 3],26,39,53,13,39
1,<environment.Job instance at 0x7f7f3624e370>,35,16,[2 6],36,39,55,3,39
1,<environment.Job instance at 0x7f7f35710140>,40,14,[5 6],41,44,58,3,44
1,<environment.Job instance at 0x7f7f35b4f820>,44,13,[6 4],45,55,68,10,55
1,<environment.Job instance at 0x7f7f35710050>,46,12,[5 1],47,58,70,11,58
1,<environment.Job instance at 0x7f7f35b4fb40>,45,15,[9 3],46,68,83,22,68
1,<environment.Job instance at 0x7f7f360d2280>,51,16,[7 5],52,83,99,31,83
1,<environment.Job instance at 0x7f7f34b29190>,56,13,[5 5],57,83,96,26,83
1,<environment.Job instance at 0x7f7f360d2d20>,47,16,[7 4],48,96,112,48,96
1,<environment.Job instance at 0x7f7f35731af0>,59,14,[3 7],60,99,113,39,99
1,<environment.Job instance at 0x7f7f35743b40>,28,16,[10  4],29,112,128,83,112
1,<environment.Job instance at 0x7f7f354732d0>,68,17,[3 5],69,113,130,44,113
1,<environment.Job instance at 0x7f7f35731960>,60,18,[1 5],61,113,131,52,113
1,<environment.Job instance at 0x7f7f3506ca00>,74,13,[10  4],75,128,141,53,128
1,<environment.Job instance at 0x7f7f35c72d70>,76,12,[ 3 10],77,131,143,54,131
1,<environment.Job instance at 0x7f7f354289b0>,78,12,[8 1],79,141,153,62,141
1,<environment.Job instance at 0x7f7f351855a0>,91,12,[7 5],92,143,155,51,143
1,<environment.Job instance at 0x7f7f35c0ca50>,96,13,[6 3],97,153,166,56,153
1,<environment.Job instance at 0x7f7f351e1870>,87,14,[5 6],88,155,169,67,155
1,<environment.Job instance at 0x7f7f35713050>,98,12,[3 9],99,166,178,67,166
1,<environment.Job instance at 0x7f7f35b3deb0>,97,15,[10  3],98,169,184,71,169
1,<environment.Job instance at 0x7f7f35713960>,100,18,[2 9],101,178,196,77,178
1,<environment.Job instance at 0x7f7f357ab460>,0,21,[2 6],1,1,22,0,1
1,<environment.Job instance at 0x7f7f35b3dbe0>,3,14,[1 7],4,4,18,0,4
1,<environment.Job instance at 0x7f7f35b3dcd0>,4,14,[7 4],5,18,32,13,5
1,<environment.Job instance at 0x7f7f35b3d500>,6,13,[2 7],7,22,35,15,7
1,<environment.Job instance at 0x7f7f35b3d820>,13,16,[3 8],14,32,48,18,19
1,<environment.Job instance at 0x7f7f3615d280>,16,26,[5 5],17,35,61,18,33
1,<environment.Job instance at 0x7f7f3625d6e0>,21,19,[5 5],22,48,67,26,42
1,<environment.Job instance at 0x7f7f3625da00>,22,16,[4 6],23,61,77,38,50
1,<environment.Job instance at 0x7f7f3615d230>,15,12,[7 2],16,67,79,51,53
1,<environment.Job instance at 0x7f7f3625d870>,20,12,[13  5],21,79,91,58,62
1,<environment.Job instance at 0x7f7f3e792820>,25,15,[12  2],26,91,106,65,77
1,<environment.Job instance at 0x7f7f3625df50>,23,26,[ 3 11],24,140,166,116,140
1,<environment.Job instance at 0x7f7f3eca8b90>,0,21,[2 6],1,1,22,0,1
1,<environment.Job instance at 0x7f7f3592a7d0>,3,14,[1 7],4,4,18,0,4
1,<environment.Job instance at 0x7f7f35d0b3c0>,9,20,[8 1],10,10,30,0,10
1,<environment.Job instance at 0x7f7f35d0b4b0>,6,13,[2 7],7,18,31,11,18
1,<environment.Job instance at 0x7f7f34acc410>,14,17,[3 7],15,22,39,7,22
1,<environment.Job instance at 0x7f7f35e53e10>,15,12,[7 2],16,31,43,15,31
1,<environment.Job instance at 0x7f7f355cdf50>,22,16,[4 6],23,31,47,8,31
1,<environment.Job instance at 0x7f7f35d06fa0>,4,14,[7 4],5,43,57,38,43
1,<environment.Job instance at 0x7f7f35e770f0>,31,13,[3 5],32,43,56,11,43
1,<environment.Job instance at 0x7f7f35e770a0>,33,13,[6 2],34,56,69,22,56
1,<environment.Job instance at 0x7f7f35e775a0>,35,14,[2 9],36,56,70,20,56
1,<environment.Job instance at 0x7f7f355daf50>,38,16,[5 4],39,57,73,18,57
1,<environment.Job instance at 0x7f7f350e3050>,40,14,[5 2],41,70,84,29,70
1,<environment.Job instance at 0x7f7f354ab550>,13,16,[3 8],14,70,86,56,70
1,<environment.Job instance at 0x7f7f355be140>,50,12,[5 5],51,73,85,22,73
1,<environment.Job instance at 0x7f7f355ef1e0>,48,18,[4 6],49,85,103,36,85
1,<environment.Job instance at 0x7f7f355f02d0>,56,13,[8 2],57,86,99,29,86
1,<environment.Job instance at 0x7f7f350d5af0>,59,14,[5 6],60,99,113,39,99
1,<environment.Job instance at 0x7f7f350d1550>,61,15,[9 3],62,103,118,41,103
1,<environment.Job instance at 0x7f7f361d34b0>,67,13,[5 6],68,113,126,45,113
1,<environment.Job instance at 0x7f7f361b0780>,71,14,[5 8],72,118,132,46,118
1,<environment.Job instance at 0x7f7f354aaf50>,68,16,[9 3],69,126,142,57,126
1,<environment.Job instance at 0x7f7f350f6eb0>,75,12,[4 5],76,132,144,56,132
1,<environment.Job instance at 0x7f7f35bcbc30>,79,16,[7 2],80,142,158,62,142
1,<environment.Job instance at 0x7f7f35bccb40>,82,14,[ 2 10],83,144,158,61,144
1,<environment.Job instance at 0x7f7f355be0f0>,52,16,[4 9],53,158,174,105,158
1,<environment.Job instance at 0x7f7f3549ac80>,86,15,[8 5],87,158,173,71,158
1,<environment.Job instance at 0x7f7f34d64050>,89,14,[8 4],90,173,187,83,173
1,<environment.Job instance at 0x7f7f3549a0a0>,90,13,[1 8],91,174,187,83,174
1,<environment.Job instance at 0x7f7f355c71e0>,92,14,[7 4],93,187,201,94,187
1,<environment.Job instance at 0x7f7f35bbfeb0>,98,14,[5 5],99,187,201,88,187
1,<environment.Job instance at 0x7f7f34a62870>,4,17,[1 7],5,5,22,0,5
1,<environment.Job instance at 0x7f7f34a62640>,7,15,[1 9],8,22,37,14,8
1,<environment.Job instance at 0x7f7f34a624b0>,10,17,[13  2],11,169,186,158,169
1,<environment.Job instance at 0x7f7f35576b40>,1,16,[5 7],2,2,18,0,2
1,<environment.Job instance at 0x7f7f34a42f00>,4,17,[1 7],5,5,22,0,5
1,<environment.Job instance at 0x7f7f34a6bf00>,13,14,[3 8],14,18,32,4,18
1,<environment.Job instance at 0x7f7f34a4b190>,12,19,[10  5],13,22,41,9,22
1,<environment.Job instance at 0x7f7f34a3b780>,19,14,[ 2 10],20,32,46,12,32
1,<environment.Job instance at 0x7f7f351fa960>,29,12,[9 4],30,41,53,11,41
1,<environment.Job instance at 0x7f7f34a49cd0>,7,15,[1 9],8,46,61,38,46
1,<environment.Job instance at 0x7f7f35e6cbe0>,26,15,[2 6],27,53,68,26,53
1,<environment.Job instance at 0x7f7f35d0bd20>,32,14,[5 9],33,61,75,28,61
1,<environment.Job instance at 0x7f7f34a43be0>,44,15,[8 4],45,68,83,23,68
1,<environment.Job instance at 0x7f7f34a5dd70>,22,17,[1 5],23,75,92,52,75
1,<environment.Job instance at 0x7f7f34ef6910>,30,17,[4 6],31,75,92,44,75
1,<environment.Job instance at 0x7f7f351feaa0>,73,16,[8 2],74,83,99,9,83
1,<environment.Job instance at 0x7f7f35e3fc80>,86,12,[5 2],87,92,104,5,92
1,<environment.Job instance at 0x7f7f351fe780>,82,13,[6 4],83,99,112,16,99
1,<environment.Job instance at 0x7f7f35e3faf0>,90,13,[9 1],91,104,117,13,104
1,<environment.Job instance at 0x7f7f35e3f190>,93,15,[6 4],94,112,127,18,112
1,<environment.Job instance at 0x7f7f35e3fa50>,88,15,[9 1],89,118,133,29,118
1,<environment.Job instance at 0x7f7f361c0b40>,96,19,[5 1],97,128,147,31,128
1,<environment.Job instance at 0x7f7f361c06e0>,98,21,[1 8],99,129,150,30,129
1,<environment.Job instance at 0x7f7f361c0960>,99,13,[3 6],100,133,146,33,133
1,<environment.Job instance at 0x7f7f35e3f640>,85,18,[8 1],86,146,164,60,146
1,<environment.Job instance at 0x7f7f361c5730>,47,19,[5 1],48,147,166,99,147
1,<environment.Job instance at 0x7f7f361c0690>,109,12,[6 4],110,165,177,55,165
1,<environment.Job instance at 0x7f7f361e0be0>,112,17,[5 3],113,166,183,53,166
1,<environment.Job instance at 0x7f7f361e0690>,114,14,[5 4],115,177,191,62,177
1,<environment.Job instance at 0x7f7f3625da00>,8,13,[1 5],9,9,22,0,9
1,<environment.Job instance at 0x7f7f3625df00>,9,15,[6 4],10,10,25,0,10
1,<environment.Job instance at 0x7f7f354bd6e0>,11,16,[5 3],12,12,28,0,12
1,<environment.Job instance at 0x7f7f354bd500>,15,14,[ 5 13],16,28,42,12,16
1,<environment.Job instance at 0x7f7f354bd960>,17,20,[2 6],18,42,62,24,33
1,<environment.Job instance at 0x7f7f354bdd70>,19,23,[3 6],20,42,65,22,39
1,<environment.Job instance at 0x7f7f34a4db90>,13,16,[13  5],14,65,81,51,52
1,<environment.Job instance at 0x7f7f35784140>,34,18,[6 1],35,81,99,46,70
1,<environment.Job instance at 0x7f7f354bd230>,24,15,[1 8],25,167,182,142,167
1,<environment.Job instance at 0x7f7f35784500>,33,15,[6 2],34,184,199,150,184
1,<environment.Job instance at 0x7f7f34a4d280>,1,14,[3 8],2,2,16,0,2
1,<environment.Job instance at 0x7f7f34a4d6e0>,4,18,[8 5],5,5,23,0,5
1,<environment.Job instance at 0x7f7f34a4dd20>,8,13,[1 5],9,16,29,7,16
1,<environment.Job instance at 0x7f7f34a62730>,9,15,[6 4],10,16,31,6,16
1,<environment.Job instance at 0x7f7f3592a7d0>,11,16,[5 3],12,23,39,11,23
1,<environment.Job instance at 0x7f7f34a3a910>,24,15,[1 8],25,29,44,4,29
1,<environment.Job instance at 0x7f7f34a3a4b0>,27,15,[10  2],28,39,54,11,39
1,<environment.Job instance at 0x7f7f34ef69b0>,16,18,[5 7],17,44,62,27,44
1,<environment.Job instance at 0x7f7f35569960>,37,12,[6 1],38,54,66,16,54
1,<environment.Job instance at 0x7f7f34ef6910>,17,20,[2 6],18,54,74,36,54
1,<environment.Job instance at 0x7f7f34a49d20>,33,15,[6 2],34,62,77,28,62
1,<environment.Job instance at 0x7f7f354721e0>,43,17,[6 1],44,66,83,22,66
1,<environment.Job instance at 0x7f7f35472280>,45,15,[3 5],46,74,89,28,74
1,<environment.Job instance at 0x7f7f34a3b4b0>,50,13,[4 6],51,77,90,26,77
1,<environment.Job instance at 0x7f7f35576820>,40,18,[6 4],41,83,101,42,83
1,<environment.Job instance at 0x7f7f3542f370>,51,14,[1 8],52,90,104,38,90
1,<environment.Job instance at 0x7f7f34a42f50>,34,18,[6 1],35,90,108,55,90
1,<environment.Job instance at 0x7f7f35e3bc30>,71,13,[7 3],72,104,117,32,104
1,<environment.Job instance at 0x7f7f3579a640>,59,16,[ 1 10],60,104,120,44,104
1,<environment.Job instance at 0x7f7f34f8a460>,74,12,[6 2],75,108,120,33,108
1,<environment.Job instance at 0x7f7f35efae10>,75,14,[6 3],76,117,131,41,117
1,<environment.Job instance at 0x7f7f35472640>,47,15,[3 9],48,121,136,73,121
1,<environment.Job instance at 0x7f7f3e7925f0>,79,13,[10  1],80,131,144,51,131
1,<environment.Job instance at 0x7f7f3e792af0>,83,15,[ 5 10],84,137,152,53,137
1,<environment.Job instance at 0x7f7f34a42eb0>,36,17,[9 3],37,144,161,107,144
1,<environment.Job instance at 0x7f7f35a128c0>,88,13,[2 8],89,152,165,63,152
1,<environment.Job instance at 0x7f7f35a12be0>,86,17,[8 5],87,161,178,74,161
1,<environment.Job instance at 0x7f7f35793370>,101,17,[2 8],102,165,182,63,165
1,<environment.Job instance at 0x7f7f3e73fd70>,110,13,[6 2],111,178,191,67,178
1,<environment.Job instance at 0x7f7f355e9730>,103,18,[6 3],104,179,197,75,179
1,<environment.Job instance at 0x7f7f3e7925a0>,81,19,[ 1 10],82,183,202,101,183
1,<environment.Job instance at 0x7f7f34d25d70>,8,22,[5 2],9,9,31,0,9
1,<environment.Job instance at 0x7f7f34d25500>,9,20,[8 5],10,14,34,4,14
1,<environment.Job instance at 0x7f7f34d25c30>,12,17,[11  4],13,34,51,21,33
1,<environment.Job instance at 0x7f7f34d255f0>,13,16,[ 2 12],14,51,67,37,38
1,<environment.Job instance at 0x7f7f34d25a00>,15,17,[9 2],16,51,68,35,41
1,<environment.Job instance at 0x7f7f34d25050>,20,12,[7 2],21,68,80,47,51
1,<environment.Job instance at 0x7f7f34d25460>,16,17,[ 5 11],17,67,84,50,65
1,<environment.Job instance at 0x7f7f34d25b40>,21,14,[10  5],22,84,98,62,69
1,<environment.Job instance at 0x7f7f34d259b0>,19,22,[14  3],20,98,120,78,91
1,<environment.Job instance at 0x7f7f34d25140>,25,17,[ 5 14],26,120,137,94,109
1,<environment.Job instance at 0x7f7f34d256e0>,22,17,[ 2 14],23,137,154,114,126
1,<environment.Job instance at 0x7f7f34d257d0>,27,16,[12  5],28,154,170,126,146
1,<environment.Job instance at 0x7f7f34d25690>,28,21,[4 5],29,170,191,141,162
1,<environment.Job instance at 0x7f7f34d25fa0>,14,27,[6 3],15,170,197,155,168
1,<environment.Job instance at 0x7f7f349e1b40>,33,14,[ 1 11],34,191,205,157,180
1,<environment.Job instance at 0x7f7f353c92d0>,5,16,[1 8],6,6,22,0,6
1,<environment.Job instance at 0x7f7f353c9a50>,8,22,[5 2],9,9,31,0,9
1,<environment.Job instance at 0x7f7f352515a0>,9,20,[8 5],10,10,30,0,10
1,<environment.Job instance at 0x7f7f353bd730>,20,12,[7 2],21,30,42,9,30
1,<environment.Job instance at 0x7f7f349a55a0>,28,21,[4 5],29,31,52,2,31
1,<environment.Job instance at 0x7f7f353bd690>,21,14,[10  5],22,42,56,20,42
1,<environment.Job instance at 0x7f7f358bd550>,46,12,[7 2],47,56,68,9,56
1,<environment.Job instance at 0x7f7f360470a0>,53,16,[5 3],54,56,72,2,56
1,<environment.Job instance at 0x7f7f360467d0>,55,16,[1 9],56,56,72,0,56
1,<environment.Job instance at 0x7f7f36035960>,51,16,[9 2],52,68,84,16,68
1,<environment.Job instance at 0x7f7f3526a3c0>,36,22,[6 5],37,72,94,35,72
1,<environment.Job instance at 0x7f7f3602dfa0>,67,16,[5 3],68,84,100,16,84
1,<environment.Job instance at 0x7f7f3602df00>,66,17,[2 7],67,84,101,17,84
1,<environment.Job instance at 0x7f7f353c7410>,68,12,[5 4],69,94,106,25,94
1,<environment.Job instance at 0x7f7f353d7280>,64,18,[7 2],65,100,118,35,100
1,<environment.Job instance at 0x7f7f34e66cd0>,79,16,[3 5],80,102,118,22,102
1,<environment.Job instance at 0x7f7f34e77fa0>,69,22,[2 6],70,106,128,36,106
1,<environment.Job instance at 0x7f7f36033910>,83,12,[2 5],84,118,130,34,118
1,<environment.Job instance at 0x7f7f34e6b410>,82,14,[7 1],83,118,132,35,118
1,<environment.Job instance at 0x7f7f36033aa0>,85,17,[2 6],86,128,145,42,128
1,<environment.Job instance at 0x7f7f360337d0>,86,13,[9 4],87,132,145,45,132
1,<environment.Job instance at 0x7f7f34e6b3c0>,80,15,[7 4],81,145,160,64,145
1,<environment.Job instance at 0x7f7f36025d70>,93,15,[4 6],94,145,160,51,145
1,<environment.Job instance at 0x7f7f3525aeb0>,92,16,[7 1],93,160,176,67,160
1,<environment.Job instance at 0x7f7f35977460>,105,13,[4 8],106,160,173,54,160
1,<environment.Job instance at 0x7f7f34e3d690>,97,17,[5 5],98,173,190,75,173
1,<environment.Job instance at 0x7f7f34e45dc0>,118,15,[5 8],119,176,191,57,176
1,<environment.Job instance at 0x7f7f36033730>,0,15,[7 3],1,1,16,0,1
1,<environment.Job instance at 0x7f7f36029be0>,10,17,[11  4],11,16,33,5,13
1,<environment.Job instance at 0x7f7f36029500>,13,17,[2 5],14,14,31,0,14
1,<environment.Job instance at 0x7f7f35d60aa0>,9,26,[ 2 13],10,34,60,24,34
1,<environment.Job instance at 0x7f7f36029a50>,12,16,[5 9],13,60,76,47,47
1,<environment.Job instance at 0x7f7f36029af0>,15,17,[1 5],16,60,77,44,51
1,<environment.Job instance at 0x7f7f36029640>,14,18,[ 5 12],15,77,95,62,69
1,<environment.Job instance at 0x7f7f34ee71e0>,18,18,[6 2],19,93,111,74,93
1,<environment.Job instance at 0x7f7f34ee7d70>,19,20,[5 8],20,99,119,79,99
1,<environment.Job instance at 0x7f7f34ee7820>,20,23,[6 3],21,111,134,90,106
1,<environment.Job instance at 0x7f7f34ee7be0>,21,17,[7 5],22,119,136,97,118
1,<environment.Job instance at 0x7f7f34ee7280>,17,19,[5 9],18,134,153,116,126
1,<environment.Job instance at 0x7f7f34ee7c80>,23,13,[14  4],24,153,166,129,137
1,<environment.Job instance at 0x7f7f34ee76e0>,24,14,[13  2],25,166,180,141,151
1,<environment.Job instance at 0x7f7f34ee7d20>,22,23,[ 2 11],23,166,189,143,162
1,<environment.Job instance at 0x7f7f34ee7cd0>,27,26,[6 3],28,182,208,154,182
1,<environment.Job instance at 0x7f7f35d60a50>,0,15,[7 3],1,1,16,0,1
1,<environment.Job instance at 0x7f7f35d60730>,2,15,[8 2],3,3,18,0,3
1,<environment.Job instance at 0x7f7f3598d050>,12,16,[5 9],13,16,32,3,16
1,<environment.Job instance at 0x7f7f35990690>,13,17,[2 5],14,18,35,4,18
1,<environment.Job instance at 0x7f7f359599b0>,15,17,[1 5],16,32,49,16,32
1,<environment.Job instance at 0x7f7f35972140>,21,17,[7 5],22,32,49,10,32
1,<environment.Job instance at 0x7f7f35977140>,18,18,[6 2],19,35,53,16,35
1,<environment.Job instance at 0x7f7f356a3e60>,29,13,[4 9],30,49,62,19,49
1,<environment.Job instance at 0x7f7f36035820>,37,13,[5 5],38,53,66,15,53
1,<environment.Job instance at 0x7f7f349a6730>,39,16,[9 2],40,62,78,22,62
1,<environment.Job instance at 0x7f7f3526a280>,32,17,[1 6],33,62,79,29,62
1,<environment.Job instance at 0x7f7f36035690>,42,12,[9 2],43,78,90,35,78
1,<environment.Job instance at 0x7f7f35d60be0>,3,19,[5 8],4,79,98,75,79
1,<environment.Job instance at 0x7f7f360291e0>,60,14,[10  5],61,90,104,29,90
1,<environment.Job instance at 0x7f7f34cc7d70>,61,14,[5 4],62,98,112,36,98
1,<environment.Job instance at 0x7f7f356b5e60>,31,16,[10  4],32,104,120,72,104
1,<environment.Job instance at 0x7f7f35990c30>,11,22,[3 8],12,112,134,100,112
1,<environment.Job instance at 0x7f7f35ede5a0>,66,14,[8 4],67,120,134,53,120
1,<environment.Job instance at 0x7f7f36208eb0>,71,15,[4 5],72,134,149,62,134
1,<environment.Job instance at 0x7f7f361f6af0>,74,14,[4 8],75,134,148,59,134
1,<environment.Job instance at 0x7f7f3566bfa0>,69,16,[5 5],70,148,164,78,148
1,<environment.Job instance at 0x7f7f36029dc0>,63,16,[6 4],64,148,164,84,148
1,<environment.Job instance at 0x7f7f35965870>,84,15,[ 4 10],85,164,179,79,164
1,<environment.Job instance at 0x7f7f353c1a50>,46,17,[10  2],47,164,181,117,164
1,<environment.Job instance at 0x7f7f35645b90>,92,13,[9 5],93,181,194,88,181
1,<environment.Job instance at 0x7f7f35645a00>,93,12,[4 9],94,181,193,87,181
1,<environment.Job instance at 0x7f7f34c422d0>,0,15,[1 7],1,1,16,0,1
1,<environment.Job instance at 0x7f7f34dfea50>,2,15,[5 7],3,3,18,0,3
1,<environment.Job instance at 0x7f7f34dfeaf0>,5,13,[8 2],6,16,29,10,6
1,<environment.Job instance at 0x7f7f34dfed20>,8,16,[6 3],9,18,34,9,9
1,<environment.Job instance at 0x7f7f34dfee60>,9,12,[3 8],10,29,41,19,12
1,<environment.Job instance at 0x7f7f35d60640>,10,13,[5 5],11,34,47,23,19
1,<environment.Job instance at 0x7f7f34e17370>,15,20,[2 5],16,41,61,25,33
1,<environment.Job instance at 0x7f7f34e175a0>,19,18,[6 3],20,41,59,21,33
1,<environment.Job instance at 0x7f7f34e17690>,20,12,[7 4],21,47,59,26,34
1,<environment.Job instance at 0x7f7f34e17190>,16,15,[ 3 14],17,61,76,44,47
1,<environment.Job instance at 0x7f7f34e178c0>,22,12,[7 3],23,76,88,53,59
1,<environment.Job instance at 0x7f7f34e17960>,23,19,[5 7],24,76,95,52,66
1,<environment.Job instance at 0x7f7f34e17460>,18,26,[4 6],19,90,116,71,90
1,<environment.Job instance at 0x7f7f34dfef50>,11,27,[11  4],12,95,122,83,93
1,<environment.Job instance at 0x7f7f34e17820>,21,14,[ 5 13],22,122,136,100,116
1,<environment.Job instance at 0x7f7f34e17aa0>,25,18,[12  2],26,136,154,110,126
1,<environment.Job instance at 0x7f7f34e17b40>,26,24,[ 2 13],27,136,160,109,131
1,<environment.Job instance at 0x7f7f34e17cd0>,29,16,[7 4],30,176,192,146,176
1,<environment.Job instance at 0x7f7f34c95be0>,0,15,[1 7],1,1,16,0,1
1,<environment.Job instance at 0x7f7f34e4ccd0>,2,15,[5 7],3,3,18,0,3
1,<environment.Job instance at 0x7f7f34e6b3c0>,9,12,[3 8],10,16,28,6,16
1,<environment.Job instance at 0x7f7f34c3bfa0>,5,13,[8 2],6,18,31,12,18
1,<environment.Job instance at 0x7f7f34e6b410>,10,13,[5 5],11,28,41,17,28
1,<environment.Job instance at 0x7f7f34e73be0>,13,17,[1 6],14,28,45,14,28
1,<environment.Job instance at 0x7f7f34e6ffa0>,22,12,[7 3],23,31,43,8,31
1,<environment.Job instance at 0x7f7f34e6fbe0>,20,12,[7 4],21,41,53,20,41
1,<environment.Job instance at 0x7f7f34e4c0a0>,8,16,[6 3],9,43,59,34,43
1,<environment.Job instance at 0x7f7f34e53410>,30,12,[5 2],31,53,65,22,53
1,<environment.Job instance at 0x7f7f34e73c80>,12,14,[4 7],13,53,67,40,53
1,<environment.Job instance at 0x7f7f34e3dd20>,19,18,[6 3],20,59,77,39,59
1,<environment.Job instance at 0x7f7f34e45c30>,31,13,[7 2],32,67,80,35,67
1,<environment.Job instance at 0x7f7f36217dc0>,28,15,[4 7],29,77,92,48,77
1,<environment.Job instance at 0x7f7f356fc730>,44,14,[10  4],45,80,94,35,80
1,<environment.Job instance at 0x7f7f35656eb0>,51,18,[4 9],52,93,111,41,93
1,<environment.Job instance at 0x7f7f3529eeb0>,48,15,[10  3],49,94,109,45,94
1,<environment.Job instance at 0x7f7f34e55820>,39,16,[10  3],40,110,126,70,110
1,<environment.Job instance at 0x7f7f35656d20>,50,22,[3 9],51,111,133,60,111
1,<environment.Job instance at 0x7f7f352b3190>,29,16,[7 4],30,128,144,98,128
1,<environment.Job instance at 0x7f7f34cd4320>,62,14,[5 9],63,133,147,70,133
1,<environment.Job instance at 0x7f7f3527f6e0>,60,18,[9 1],61,144,162,83,144
1,<environment.Job instance at 0x7f7f34e596e0>,69,18,[ 2 10],70,147,165,77,147
1,<environment.Job instance at 0x7f7f34e59d20>,71,14,[3 5],72,163,177,91,163
1,<environment.Job instance at 0x7f7f34e59870>,73,13,[5 1],74,165,178,91,165
1,<environment.Job instance at 0x7f7f34e59fa0>,74,17,[1 7],75,165,182,90,165
1,<environment.Job instance at 0x7f7f34ceb230>,75,16,[8 4],76,177,193,101,177
1,<environment.Job instance at 0x7f7f34cd4f00>,61,20,[3 6],62,182,202,120,182
1,<environment.Job instance at 0x7f7f3518c730>,2,17,[5 6],3,3,20,0,3
1,<environment.Job instance at 0x7f7f35e1f320>,6,13,[3 8],7,8,21,1,8
1,<environment.Job instance at 0x7f7f35e1faa0>,9,22,[1 7],10,36,58,26,36
1,<environment.Job instance at 0x7f7f36025dc0>,7,24,[5 2],8,56,80,48,56
1,<environment.Job instance at 0x7f7f35e1f050>,12,19,[8 1],13,107,126,94,107
1,<environment.Job instance at 0x7f7f35e1fb40>,13,23,[ 3 11],14,123,146,109,123
1,<environment.Job instance at 0x7f7f35e1faf0>,15,20,[9 5],16,146,166,130,139
1,<environment.Job instance at 0x7f7f3e79c0f0>,16,21,[14  4],17,166,187,149,159
1,<environment.Job instance at 0x7f7f3e79c870>,23,16,[ 2 10],24,187,203,163,174
1,<environment.Job instance at 0x7f7f35d38d70>,39,12,[6 4],40,187,199,147,179
1,<environment.Job instance at 0x7f7f35d383c0>,34,13,[12  5],35,199,212,164,184
1,<environment.Job instance at 0x7f7f353a16e0>,2,17,[5 6],3,3,20,0,3
1,<environment.Job instance at 0x7f7f34e1c460>,6,13,[3 8],7,7,20,0,7
1,<environment.Job instance at 0x7f7f35d60960>,17,12,[1 5],18,20,32,2,20
1,<environment.Job instance at 0x7f7f35d60870>,19,16,[9 5],20,20,36,0,20
1,<environment.Job instance at 0x7f7f35972140>,26,13,[ 4 10],27,32,45,5,32
1,<environment.Job instance at 0x7f7f34e17f50>,12,19,[8 1],13,36,55,23,36
1,<environment.Job instance at 0x7f7f360470f0>,32,12,[3 8],33,45,57,12,45
1,<environment.Job instance at 0x7f7f356b2d70>,38,12,[9 2],39,55,67,16,55
1,<environment.Job instance at 0x7f7f34f80140>,39,12,[6 4],40,57,69,17,57
1,<environment.Job instance at 0x7f7f359599b0>,23,16,[ 2 10],24,67,83,43,67
1,<environment.Job instance at 0x7f7f349a55a0>,42,17,[7 4],43,69,86,26,69
1,<environment.Job instance at 0x7f7f360355a0>,44,14,[5 6],45,83,97,38,83
1,<environment.Job instance at 0x7f7f353c11e0>,52,12,[6 2],53,86,98,33,86
1,<environment.Job instance at 0x7f7f3537c910>,9,22,[1 7],10,86,108,76,86
1,<environment.Job instance at 0x7f7f349a6730>,48,15,[8 3],49,97,112,48,97
1,<environment.Job instance at 0x7f7f34ee1190>,58,12,[2 5],59,98,110,39,98
1,<environment.Job instance at 0x7f7f361f6e10>,67,12,[6 3],68,110,122,42,110
1,<environment.Job instance at 0x7f7f362082d0>,69,12,[5 9],70,112,124,42,112
1,<environment.Job instance at 0x7f7f35dd16e0>,73,14,[5 1],74,122,136,48,122
1,<environment.Job instance at 0x7f7f3499bc30>,65,13,[3 8],66,124,137,58,124
1,<environment.Job instance at 0x7f7f3e8224b0>,78,14,[4 5],79,124,138,45,124
1,<environment.Job instance at 0x7f7f35951a50>,82,16,[10  2],83,137,153,54,137
1,<environment.Job instance at 0x7f7f34cb9f50>,79,17,[1 6],80,137,154,57,137
1,<environment.Job instance at 0x7f7f34ceb230>,84,13,[6 3],85,153,166,68,153
1,<environment.Job instance at 0x7f7f34c32f00>,72,18,[7 3],73,153,171,80,153
1,<environment.Job instance at 0x7f7f34cd4500>,96,17,[2 5],97,154,171,57,154
1,<environment.Job instance at 0x7f7f34cd4280>,95,12,[3 7],96,166,178,70,166
1,<environment.Job instance at 0x7f7f34e590f0>,90,16,[10  5],91,172,188,81,172
1,<environment.Job instance at 0x7f7f35972cd0>,28,18,[ 2 10],29,178,196,149,178
1,<environment.Job instance at 0x7f7f352876e0>,104,15,[8 3],105,188,203,83,188
1,<environment.Job instance at 0x7f7f35096f00>,4,13,[9 3],5,6,19,1,6
1,<environment.Job instance at 0x7f7f358f11e0>,11,12,[3 6],12,14,26,2,14
1,<environment.Job instance at 0x7f7f35096a50>,5,13,[12  1],6,19,32,13,15
1,<environment.Job instance at 0x7f7f358f1f50>,14,13,[ 2 12],15,26,39,11,15
1,<environment.Job instance at 0x7f7f358f19b0>,17,16,[7 1],18,32,48,14,19
1,<environment.Job instance at 0x7f7f3593d190>,1,18,[4 9],2,2,20,0,2
1,<environment.Job instance at 0x7f7f3593de60>,4,13,[9 3],5,5,18,0,5
1,<environment.Job instance at 0x7f7f351cec30>,11,12,[3 6],12,18,30,6,18
1,<environment.Job instance at 0x7f7f351ce6e0>,17,16,[7 1],18,20,36,2,20
1,<environment.Job instance at 0x7f7f351ced20>,23,17,[4 8],24,24,41,0,24
1,<environment.Job instance at 0x7f7f356b93c0>,27,12,[9 5],28,36,48,8,36
1,<environment.Job instance at 0x7f7f34e730f0>,31,13,[5 9],32,41,54,9,41
1,<environment.Job instance at 0x7f7f3499a960>,30,16,[9 2],31,48,64,17,48
1,<environment.Job instance at 0x7f7f34e73140>,29,13,[1 9],30,54,67,24,54
1,<environment.Job instance at 0x7f7f35dddf50>,41,13,[10  5],42,64,77,22,64
1,<environment.Job instance at 0x7f7f3593ddc0>,8,15,[ 2 10],9,67,82,58,67
1,<environment.Job instance at 0x7f7f34e55a50>,44,13,[7 4],45,77,90,32,77
1,<environment.Job instance at 0x7f7f35dd16e0>,45,16,[7 5],46,82,98,36,82
1,<environment.Job instance at 0x7f7f34e73b40>,33,16,[7 5],34,90,106,56,90
1,<environment.Job instance at 0x7f7f35951fa0>,47,17,[1 7],48,98,115,50,98
1,<environment.Job instance at 0x7f7f349a4d20>,57,14,[9 2],58,106,120,48,106
1,<environment.Job instance at 0x7f7f349a4cd0>,59,14,[6 3],60,115,129,55,115
1,<environment.Job instance at 0x7f7f36211870>,64,16,[2 5],65,121,137,56,121
1,<environment.Job instance at 0x7f7f34e1cc80>,68,12,[5 2],69,121,133,52,121
1,<environment.Job instance at 0x7f7f3566bb90>,53,17,[8 3],54,130,147,76,130
1,<environment.Job instance at 0x7f7f349a6730>,56,17,[5 7],57,133,150,76,133
1,<environment.Job instance at 0x7f7f360a1d70>,71,13,[7 3],72,147,160,75,147
1,<environment.Job instance at 0x7f7f35291af0>,78,15,[7 3],79,150,165,71,150
1,<environment.Job instance at 0x7f7f358f1460>,69,21,[1 8],70,150,171,80,150
1,<environment.Job instance at 0x7f7f35291fa0>,82,17,[6 1],83,160,177,77,160
1,<environment.Job instance at 0x7f7f35291230>,79,18,[8 1],80,165,183,85,165
1,<environment.Job instance at 0x7f7f36220e60>,92,16,[3 9],93,177,193,84,177
1,<environment.Job instance at 0x7f7f36220960>,94,13,[10  3],95,183,196,88,183
1,<environment.Job instance at 0x7f7f34bf92d0>,2,16,[2 5],3,4,20,1,4
1,<environment.Job instance at 0x7f7f3593d4b0>,3,12,[3 8],4,12,24,8,12
1,<environment.Job instance at 0x7f7f34ac7050>,9,15,[ 3 12],10,24,39,14,22
1,<environment.Job instance at 0x7f7f34c17870>,8,22,[ 2 13],9,39,61,30,35
1,<environment.Job instance at 0x7f7f351efeb0>,14,21,[ 1 11],15,61,82,46,53
1,<environment.Job instance at 0x7f7f3e81a690>,11,20,[13  1],12,60,80,48,60
1,<environment.Job instance at 0x7f7f351ef0f0>,15,14,[ 4 13],16,82,96,66,68
1,<environment.Job instance at 0x7f7f351eff00>,16,12,[4 6],17,96,108,79,80
1,<environment.Job instance at 0x7f7f351ef910>,17,17,[7 3],18,96,113,78,84
1,<environment.Job instance at 0x7f7f3605f550>,19,18,[9 1],20,113,131,93,102
1,<environment.Job instance at 0x7f7f351ef320>,12,25,[14  4],13,152,177,139,152
1,<environment.Job instance at 0x7f7f360a8320>,21,24,[12  2],22,180,204,158,180
1,<environment.Job instance at 0x7f7f35f68730>,2,16,[2 5],3,3,19,0,3
1,<environment.Job instance at 0x7f7f35f68870>,3,12,[3 8],4,4,16,0,4
1,<environment.Job instance at 0x7f7f35f687d0>,4,19,[4 6],5,16,35,11,16
1,<environment.Job instance at 0x7f7f3e828640>,17,17,[7 3],18,18,35,0,18
1,<environment.Job instance at 0x7f7f3e828b40>,16,12,[4 6],17,19,31,2,19
1,<environment.Job instance at 0x7f7f35818410>,26,15,[10  4],27,35,50,8,35
1,<environment.Job instance at 0x7f7f35818dc0>,34,16,[1 9],35,35,51,0,35
1,<environment.Job instance at 0x7f7f34ed1d20>,40,14,[10  2],41,50,64,9,50
1,<environment.Job instance at 0x7f7f34ed12d0>,41,13,[5 8],42,51,64,9,51
1,<environment.Job instance at 0x7f7f34ed1c30>,44,12,[7 5],45,64,76,19,64
1,<environment.Job instance at 0x7f7f34ed1cd0>,45,15,[4 7],46,64,79,18,64
1,<environment.Job instance at 0x7f7f34ed1b90>,36,16,[4 7],37,76,92,39,76
1,<environment.Job instance at 0x7f7f3563f550>,19,18,[9 1],20,79,97,59,79
1,<environment.Job instance at 0x7f7f35f5f9b0>,57,12,[3 9],58,92,104,34,92
1,<environment.Job instance at 0x7f7f35f5fd70>,58,18,[2 5],59,92,110,33,92
1,<environment.Job instance at 0x7f7f358182d0>,28,18,[9 1],29,97,115,68,97
1,<environment.Job instance at 0x7f7f35f5f550>,56,14,[2 9],57,104,118,47,104
1,<environment.Job instance at 0x7f7f35a6d3c0>,83,12,[1 6],84,115,127,31,115
1,<environment.Job instance at 0x7f7f3622fc30>,66,15,[8 4],67,118,133,51,118
1,<environment.Job instance at 0x7f7f36220e60>,85,15,[4 5],86,118,133,32,118
1,<environment.Job instance at 0x7f7f3edc4960>,62,17,[2 6],63,127,144,64,127
1,<environment.Job instance at 0x7f7f362202d0>,90,14,[5 2],91,133,147,42,133
1,<environment.Job instance at 0x7f7f362208c0>,86,15,[7 3],87,133,148,46,133
1,<environment.Job instance at 0x7f7f36220780>,87,12,[ 2 10],88,144,156,56,144
1,<environment.Job instance at 0x7f7f34b4dbe0>,102,16,[6 5],103,148,164,45,148
1,<environment.Job instance at 0x7f7f352912d0>,103,12,[2 6],104,156,168,52,156
1,<environment.Job instance at 0x7f7f348456e0>,106,15,[5 3],107,156,171,49,156
1,<environment.Job instance at 0x7f7f34df7e10>,109,18,[4 6],110,164,182,54,164
1,<environment.Job instance at 0x7f7f36035230>,111,18,[3 6],112,168,186,56,168
1,<environment.Job instance at 0x7f7f35818690>,31,19,[5 3],32,171,190,139,171
1,<environment.Job instance at 0x7f7f349a6730>,113,15,[5 4],114,182,197,68,182
1,<environment.Job instance at 0x7f7c69a15960>,1,15,[5 2],2,2,17,0,2
1,<environment.Job instance at 0x7f7c603c3960>,5,18,[7 5],6,6,24,0,6
1,<environment.Job instance at 0x7f7c603c3b90>,7,12,[7 2],8,17,29,9,8
1,<environment.Job instance at 0x7f7c603c3aa0>,8,24,[ 2 12],9,33,57,24,33
1,<environment.Job instance at 0x7f7c603c9960>,1,15,[5 2],2,2,17,0,2
1,<environment.Job instance at 0x7f7c603c9d70>,5,18,[7 5],6,6,24,0,6
1,<environment.Job instance at 0x7f7c603c9fa0>,7,12,[7 2],8,17,29,9,17
1,<environment.Job instance at 0x7f7c603cd140>,9,17,[8 1],10,24,41,14,24
1,<environment.Job instance at 0x7f7c603cd690>,18,18,[3 6],19,29,47,10,29
1,<environment.Job instance at 0x7f7c603cd280>,12,22,[4 6],13,29,51,16,29
1,<environment.Job instance at 0x7f7c603cde60>,30,15,[8 2],31,41,56,10,41
1,<environment.Job instance at 0x7f7c5ffa7910>,10,23,[5 7],11,11,34,0,11
1,<environment.Job instance at 0x7f7c5ff8c9b0>,11,14,[ 2 10],12,34,48,22,19
1,<environment.Job instance at 0x7f7c5ffbae60>,15,15,[ 1 11],16,48,63,32,34
1,<environment.Job instance at 0x7f7c5ffd7e60>,17,13,[3 5],18,63,76,45,47
1,<environment.Job instance at 0x7f7c603d0690>,3,22,[9 5],4,4,26,0,4
1,<environment.Job instance at 0x7f7c603d0190>,5,15,[6 2],6,6,21,0,6
1,<environment.Job instance at 0x7f7c5fefb050>,16,12,[6 1],17,21,33,4,21
1,<environment.Job instance at 0x7f7c5fe82c30>,21,13,[7 2],22,26,39,4,26
1,<environment.Job instance at 0x7f7c603d00a0>,11,14,[ 2 10],12,26,40,14,26
1,<environment.Job instance at 0x7f7c603d0550>,6,13,[10  1],7,39,52,32,39
1,<environment.Job instance at 0x7f7c5ffaf280>,28,13,[1 5],29,40,53,11,40
1,<environment.Job instance at 0x7f7c69aa05f0>,17,13,[3 5],18,40,53,22,40
1,<environment.Job instance at 0x7f7c5fa62a00>,2,12,[10  1],3,4,16,1,4
1,<environment.Job instance at 0x7f7c5fe26910>,10,15,[2 6],11,11,26,0,11
1,<environment.Job instance at 0x7f7c5fa62e10>,9,22,[ 1 14],10,26,48,16,19
1,<environment.Job instance at 0x7f7c5fb2c280>,15,18,[ 3 13],16,48,66,32,37
1,<environment.Job instance at 0x7f7c5fb26280>,2,12,[10  1],3,3,15,0,3
1,<environment.Job instance at 0x7f7c5facb6e0>,7,17,[5 6],8,8,25,0,8
1,<environment.Job instance at 0x7f7c5facb730>,10,15,[2 6],11,15,30,4,15
1,<environment.Job instance at 0x7f7c601ed280>,19,14,[9 1],20,25,39,5,25
1,<environment.Job instance at 0x7f7c5fb2b960>,23,16,[1 8],24,25,41,1,25
1,<environment.Job instance at 0x7f7c5fb29780>,17,21,[1 6],18,30,51,12,30
1,<environment.Job instance at 0x7f7c601ed910>,20,15,[9 2],21,41,56,20,41
1,<environment.Job instance at 0x7f7c5fa34f50>,35,16,[5 2],36,41,57,5,41
1,<environment.Job instance at 0x7f7c5fc7aa50>,0,15,[6 2],1,1,16,0,1
1,<environment.Job instance at 0x7f7c5fc7ab40>,1,15,[6 2],2,2,17,0,2
1,<environment.Job instance at 0x7f7c5fd6df50>,5,13,[2 6],6,6,19,0,6
1,<environment.Job instance at 0x7f7c5fe82aa0>,7,16,[6 2],8,16,32,8,14
1,<environment.Job instance at 0x7f7c5fd420f0>,10,15,[8 3],11,19,34,8,14
1,<environment.Job instance at 0x7f7c5fd60730>,15,22,[ 3 12],16,32,54,16,25
1,<environment.Job instance at 0x7f7c5fd6ba50>,23,16,[7 1],24,46,62,22,46
1,<environment.Job instance at 0x7f7c5fc7a820>,0,15,[6 2],1,1,16,0,1
1,<environment.Job instance at 0x7f7c5fc7aa00>,1,15,[6 2],2,2,17,0,2
1,<environment.Job instance at 0x7f7c5fa15320>,5,13,[2 6],6,6,19,0,6
1,<environment.Job instance at 0x7f7c5fa34640>,7,16,[6 2],8,16,32,8,16
1,<environment.Job instance at 0x7f7c5fb2baa0>,17,13,[4 5],18,18,31,0,18
1,<environment.Job instance at 0x7f7c601aa190>,10,15,[8 3],11,31,46,20,31
1,<environment.Job instance at 0x7f7c5facb1e0>,31,13,[ 4 10],32,32,45,0,32
1,<environment.Job instance at 0x7f7c5f9f6a50>,32,14,[4 7],33,45,59,12,45
1,<environment.Job instance at 0x7f7c5fa62c30>,23,16,[7 1],24,46,62,22,46
1,<environment.Job instance at 0x7f7c604816e0>,10,13,[11  1],11,13,26,2,13
1,<environment.Job instance at 0x7f7c5fc7a0a0>,4,28,[3 8],5,16,44,11,16
1,<environment.Job instance at 0x7f7c608771e0>,16,17,[10  4],17,43,60,26,43
1,<environment.Job instance at 0x7f7c5fb29eb0>,8,17,[10  2],9,9,26,0,9
1,<environment.Job instance at 0x7f7c5fb2b370>,14,17,[2 9],15,15,32,0,15
1,<environment.Job instance at 0x7f7c5fb2ab90>,16,17,[10  4],17,26,43,9,26
1,<environment.Job instance at 0x7f7c5fc1a6e0>,20,12,[5 9],21,32,44,11,32
1,<environment.Job instance at 0x7f7c60248640>,27,15,[5 6],28,43,58,15,43
1,<environment.Job instance at 0x7f7c5fedf0f0>,21,14,[2 9],22,44,58,22,44
1,<environment.Job instance at 0x7f7c60688730>,8,17,[1 7],9,9,26,0,9
1,<environment.Job instance at 0x7f7c60688640>,10,12,[6 2],11,11,23,0,11
1,<environment.Job instance at 0x7f7c606887d0>,11,24,[5 1],12,12,36,0,12
1,<environment.Job instance at 0x7f7c60688780>,0,17,[2 6],1,1,18,0,1
1,<environment.Job instance at 0x7f7c6073dc30>,2,17,[8 5],3,3,20,0,3
1,<environment.Job instance at 0x7f7c6064f050>,10,12,[6 2],11,18,30,7,18
1,<environment.Job instance at 0x7f7c6064fc80>,14,12,[1 8],15,18,30,3,18
1,<environment.Job instance at 0x7f7c605bcd70>,18,13,[3 5],19,20,33,1,20
1,<environment.Job instance at 0x7f7c605bc140>,22,14,[3 5],23,31,45,8,31
1,<environment.Job instance at 0x7f7c605bcdc0>,23,21,[5 1],24,31,52,7,31
1,<environment.Job instance at 0x7f7c6064f960>,8,17,[1 7],9,33,50,24,33
1,<environment.Job instance at 0x7f7c605bcaa0>,25,20,[5 5],26,45,65,19,45
1,<environment.Job instance at 0x7f7c601aa500>,1,15,[4 8],2,2,17,0,2
1,<environment.Job instance at 0x7f7c606a52d0>,4,16,[ 2 11],5,17,33,12,6
1,<environment.Job instance at 0x7f7c5f762190>,6,14,[5 3],7,7,21,0,7
1,<environment.Job instance at 0x7f7c5f762730>,7,14,[8 5],8,33,47,25,18
1,<environment.Job instance at 0x7f7c5f74a4b0>,28,21,[ 2 14],29,47,68,18,39
1,<environment.Job instance at 0x7f7c5f74a870>,34,24,[12  1],35,48,72,13,48
1,<environment.Job instance at 0x7f7c606412d0>,1,15,[4 8],2,2,17,0,2
1,<environment.Job instance at 0x7f7c60641c30>,3,22,[10  2],4,4,26,0,4
1,<environment.Job instance at 0x7f7c60641780>,6,14,[5 3],7,17,31,10,17
1,<environment.Job instance at 0x7f7c605bc0a0>,20,14,[7 2],21,26,40,5,26
1,<environment.Job instance at 0x7f7c605bcdc0>,19,18,[ 3 10],20,26,44,6,26
1,<environment.Job instance at 0x7f7c606414b0>,7,14,[8 5],8,40,54,32,40
1,<environment.Job instance at 0x7f7c6064f460>,35,13,[2 5],36,44,57,8,44
1,<environment.Job instance at 0x7f7c6037b140>,3,13,[11  3],4,13,26,9,13
1,<environment.Job instance at 0x7f7c606aa910>,2,23,[5 7],3,26,49,23,22
1,<environment.Job instance at 0x7f7c6037baa0>,10,17,[5 4],11,35,52,24,35
1,<environment.Job instance at 0x7f7c5fe1ea50>,9,13,[12  5],10,52,65,42,36
1,<environment.Job instance at 0x7f7c6064ff00>,0,17,[2 8],1,1,18,0,1
1,<environment.Job instance at 0x7f7c6064f320>,6,15,[5 7],7,7,22,0,7
1,<environment.Job instance at 0x7f7c6064f500>,14,12,[8 2],15,18,30,3,18
1,<environment.Job instance at 0x7f7c60641780>,17,13,[7 5],18,22,35,4,22
1,<environment.Job instance at 0x7f7c60641820>,18,13,[1 7],19,30,43,11,30
1,<environment.Job instance at 0x7f7c6055f410>,22,15,[10  5],23,35,50,12,35
1,<environment.Job instance at 0x7f7c60641640>,13,14,[4 9],14,43,57,29,43
1,<environment.Job instance at 0x7f7c5f808050>,11,13,[ 2 13],12,12,25,0,12
1,<environment.Job instance at 0x7f7c5f8084b0>,1,16,[ 1 11],2,25,41,23,13
1,<environment.Job instance at 0x7f7c5fdfa140>,0,17,[2 6],1,1,18,0,1
1,<environment.Job instance at 0x7f7c5fdfa6e0>,5,14,[9 5],6,6,20,0,6
1,<environment.Job instance at 0x7f7c5f808be0>,3,12,[ 1 10],4,18,30,14,18
1,<environment.Job instance at 0x7f7c5fd28c80>,10,16,[ 1 10],11,30,46,19,30
1,<environment.Job instance at 0x7f7c600590a0>,34,15,[6 4],35,35,50,0,35
1,<environment.Job instance at 0x7f7c60f4b2d0>,38,13,[7 1],39,39,52,0,39
1,<environment.Job instance at 0x7f7c60f4b460>,39,16,[2 6],40,46,62,6,46
1,<environment.Job instance at 0x7f7c5f996c80>,4,12,[3 5],5,5,17,0,5
1,<environment.Job instance at 0x7f7c60059b40>,1,16,[1 8],2,2,18,0,2
1,<environment.Job instance at 0x7f7c600593c0>,4,12,[3 5],5,5,17,0,5
1,<environment.Job instance at 0x7f7c5fd28dc0>,15,14,[3 6],16,17,31,1,17
1,<environment.Job instance at 0x7f7c60059aa0>,5,14,[5 8],6,18,32,12,18
1,<environment.Job instance at 0x7f7c5fd282d0>,19,16,[2 5],20,31,47,11,31
1,<environment.Job instance at 0x7f7c5f6b8e60>,29,12,[2 9],30,32,44,2,32
1,<environment.Job instance at 0x7f7c5f6b83c0>,30,14,[8 1],31,32,46,1,32
1,<environment.Job instance at 0x7f7c5fd289b0>,18,13,[1 9],19,44,57,25,44
1,<environment.Job instance at 0x7f7c5f6b8c80>,37,12,[1 6],38,47,59,9,47
1,<environment.Job instance at 0x7f7c5fe7f190>,3,17,[6 1],4,4,21,0,4
1,<environment.Job instance at 0x7f7c5fba62d0>,5,12,[ 2 10],6,6,18,0,6
1,<environment.Job instance at 0x7f7c609d6230>,15,15,[14  3],16,21,36,5,18
1,<environment.Job instance at 0x7f7c609d63c0>,18,25,[1 6],19,19,44,0,19
1,<environment.Job instance at 0x7f7c609d6050>,14,14,[ 1 12],15,44,58,29,29
1,<environment.Job instance at 0x7f7c609d6370>,20,23,[7 1],21,36,59,15,30
1,<environment.Job instance at 0x7f7c5fbb0320>,21,17,[10  4],22,59,76,37,48
1,<environment.Job instance at 0x7f7c5fd74640>,0,21,[9 1],1,1,22,0,1
1,<environment.Job instance at 0x7f7c5f6b81e0>,1,18,[5 8],2,2,20,0,2
1,<environment.Job instance at 0x7f7c5f6b8190>,5,12,[ 2 10],6,20,32,14,20
1,<environment.Job instance at 0x7f7c5f6b8c30>,6,15,[9 2],7,22,37,15,22
1,<environment.Job instance at 0x7f7c5f6b8780>,3,17,[6 1],4,32,49,28,32
1,<environment.Job instance at 0x7f7c60059b90>,26,15,[5 7],27,37,52,10,37
1,<environment.Job instance at 0x7f7c5f6b83c0>,13,18,[4 7],14,37,55,23,37
1,<environment.Job instance at 0x7f7c60416370>,7,14,[ 3 10],8,8,22,0,8
1,<environment.Job instance at 0x7f7c60239e10>,9,13,[6 2],10,12,25,2,12
1,<environment.Job instance at 0x7f7c602398c0>,10,20,[6 5],11,22,42,11,14
1,<environment.Job instance at 0x7f7c60239500>,8,24,[3 9],9,25,49,16,22
1,<environment.Job instance at 0x7f7c602395f0>,12,12,[14  3],13,49,61,36,34
1,<environment.Job instance at 0x7f7c60f43d70>,14,21,[ 1 12],15,49,70,34,41
1,<environment.Job instance at 0x7f7c5f7b9eb0>,5,17,[ 5 10],6,6,23,0,6
1,<environment.Job instance at 0x7f7c604c1f00>,9,13,[6 2],10,10,23,0,10
1,<environment.Job instance at 0x7f7c60803f50>,18,12,[6 1],19,23,35,4,23
1,<environment.Job instance at 0x7f7c607ea640>,7,14,[ 3 10],8,23,37,15,23
1,<environment.Job instance at 0x7f7c60816d70>,30,12,[8 2],31,35,47,4,35
1,<environment.Job instance at 0x7f7c60803820>,17,14,[7 5],18,37,51,19,37
1,<environment.Job instance at 0x7f7c5fd55460>,34,16,[5 5],35,47,63,12,47
1,<environment.Job instance at 0x7f7c607e66e0>,38,18,[1 5],39,47,65,8,47
1,<environment.Job instance at 0x7f7c5fc56410>,5,12,[4 8],6,6,18,0,6
1,<environment.Job instance at 0x7f7c5fc44460>,2,14,[4 9],3,18,32,15,9
1,<environment.Job instance at 0x7f7c5fc56d20>,8,27,[5 1],9,12,39,3,12
1,<environment.Job instance at 0x7f7c5fc56780>,9,16,[ 3 12],10,32,48,22,23
1,<environment.Job instance at 0x7f7c5fc56eb0>,15,16,[5 5],16,48,64,32,35
1,<environment.Job instance at 0x7f7c5fc56460>,10,12,[ 3 12],11,64,76,53,47
1,<environment.Job instance at 0x7f7c5f9ec1e0>,1,17,[2 7],2,2,19,0,2
1,<environment.Job instance at 0x7f7c60f63b90>,5,12,[4 8],6,6,18,0,6
1,<environment.Job instance at 0x7f7c604b12d0>,15,16,[5 5],16,18,34,2,18
1,<environment.Job instance at 0x7f7c5fdd6dc0>,18,13,[8 5],19,19,32,0,19
1,<environment.Job instance at 0x7f7c5fde9640>,25,12,[1 9],26,32,44,6,32
1,<environment.Job instance at 0x7f7c60abe910>,26,15,[8 2],27,34,49,7,34
1,<environment.Job instance at 0x7f7c604b1fa0>,19,13,[3 9],20,44,57,24,44
1,<environment.Job instance at 0x7f7c5fde3be0>,31,13,[6 1],32,49,62,17,49
1,<environment.Job instance at 0x7f7c5fde9500>,21,16,[6 5],22,49,65,27,49
1,<environment.Job instance at 0x7f7c602398c0>,9,14,[6 5],10,10,24,0,10
1,<environment.Job instance at 0x7f7c60239500>,10,13,[5 8],11,11,24,0,11
1,<environment.Job instance at 0x7f7c60239b40>,13,16,[ 5 14],14,24,40,10,15
1,<environment.Job instance at 0x7f7c60abe1e0>,0,21,[5 4],1,1,22,0,1
1,<environment.Job instance at 0x7f7c60abe640>,1,15,[10  1],2,2,17,0,2
1,<environment.Job instance at 0x7f7c6979f820>,10,13,[5 8],11,17,30,6,17
1,<environment.Job instance at 0x7f7c60f4e0f0>,17,13,[7 5],18,22,35,4,22
1,<environment.Job instance at 0x7f7c601553c0>,18,13,[1 8],19,30,43,11,30
1,<environment.Job instance at 0x7f7c5f9a0460>,27,13,[10  4],28,35,48,7,35
1,<environment.Job instance at 0x7f7c5f74af00>,37,12,[5 1],38,43,55,5,43
1,<environment.Job instance at 0x7f7c5f7e61e0>,31,13,[ 4 10],32,48,61,16,48
1,<environment.Job instance at 0x7f7c60751690>,3,18,[6 5],4,4,22,0,4
1,<environment.Job instance at 0x7f7c60751a00>,8,12,[1 7],9,9,21,0,9
1,<environment.Job instance at 0x7f7c60751aa0>,9,15,[ 3 13],10,22,37,12,13
1,<environment.Job instance at 0x7f7c60751e10>,13,25,[12  1],14,22,47,8,18
1,<environment.Job instance at 0x7f7c60751dc0>,15,16,[ 1 13],16,37,53,21,24
1,<environment.Job instance at 0x7f7c5ff57be0>,3,18,[6 5],4,4,22,0,4
1,<environment.Job instance at 0x7f7c5f74a190>,8,12,[1 7],9,9,21,0,9
1,<environment.Job instance at 0x7f7c5f9a0050>,18,17,[9 4],19,21,38,2,21
1,<environment.Job instance at 0x7f7c5f9a0410>,12,18,[5 8],13,22,40,9,22
1,<environment.Job instance at 0x7f7c60f4e0f0>,22,15,[6 2],23,38,53,15,38
1,<environment.Job instance at 0x7f7c60c29370>,17,18,[6 5],18,40,58,22,40
1,<environment.Job instance at 0x7f7c60155730>,29,22,[1 7],30,40,62,10,40
1,<environment.Job instance at 0x7f7c5f828820>,0,18,[5 2],1,1,19,0,1
1,<environment.Job instance at 0x7f7c5f828dc0>,2,14,[8 3],3,3,17,0,3
1,<environment.Job instance at 0x7f7c5f828d20>,5,21,[2 8],6,6,27,0,6
1,<environment.Job instance at 0x7f7c5f828b90>,10,22,[2 7],11,19,41,8,14
1,<environment.Job instance at 0x7f7c5f828eb0>,14,15,[5 8],15,27,42,12,15
1,<environment.Job instance at 0x7f7c5f83eaf0>,17,12,[9 1],18,41,53,23,37
1,<environment.Job instance at 0x7f7c5fc20cd0>,34,27,[5 1],35,42,69,7,40
1,<environment.Job instance at 0x7f7c5fc20eb0>,37,18,[9 1],38,53,71,15,42
1,<environment.Job instance at 0x7f7c5f828690>,0,18,[5 2],1,1,19,0,1
1,<environment.Job instance at 0x7f7c5fc200a0>,1,20,[3 7],2,2,22,0,2
1,<environment.Job instance at 0x7f7c601fb780>,17,12,[9 1],18,19,31,1,19
1,<environment.Job instance at 0x7f7c601fb640>,20,13,[3 5],21,22,35,1,22
1,<environment.Job instance at 0x7f7c5fd3c140>,5,21,[2 8],6,22,43,16,22
1,<environment.Job instance at 0x7f7c601fb5a0>,13,20,[8 2],14,31,51,17,31
1,<environment.Job instance at 0x7f7c601fb1e0>,14,15,[5 8],15,43,58,28,43
1,<environment.Job instance at 0x7f7c5fee2c30>,2,23,[5 5],3,3,26,0,3
1,<environment.Job instance at 0x7f7c5fee2410>,5,14,[4 7],6,6,20,0,6
1,<environment.Job instance at 0x7f7c5fe295a0>,8,14,[ 2 10],9,20,34,11,9
1,<environment.Job instance at 0x7f7c5fada8c0>,16,18,[1 5],17,26,44,9,17
1,<environment.Job instance at 0x7f7c6044f0f0>,5,14,[4 7],6,6,20,0,6
1,<environment.Job instance at 0x7f7c6044fdc0>,6,16,[9 4],7,7,23,0,7
1,<environment.Job instance at 0x7f7c6044fcd0>,8,14,[ 2 10],9,20,34,11,20
1,<environment.Job instance at 0x7f7c60b21fa0>,12,16,[5 5],13,23,39,10,23
1,<environment.Job instance at 0x7f7c60b21500>,24,13,[5 5],25,34,47,9,34
1,<environment.Job instance at 0x7f7c60b21b40>,16,18,[1 5],17,34,52,17,34
1,<environment.Job instance at 0x7f7c5f71e550>,26,16,[8 3],27,39,55,12,39
1,<environment.Job instance at 0x7f7c60b21050>,11,18,[5 5],12,47,65,35,47
1,<environment.Job instance at 0x7f7c5f9553c0>,1,17,[3 5],2,2,19,0,2
1,<environment.Job instance at 0x7f7c5fd3e9b0>,3,14,[6 1],4,4,18,0,4
1,<environment.Job instance at 0x7f7c5ff162d0>,7,13,[9 5],8,18,31,10,13
1,<environment.Job instance at 0x7f7c5ff16410>,10,14,[2 5],11,18,32,7,18
1,<environment.Job instance at 0x7f7c5ff0df50>,8,16,[3 6],9,31,47,22,21
1,<environment.Job instance at 0x7f7c5ff16be0>,20,14,[3 7],21,32,46,11,22
1,<environment.Job instance at 0x7f7c5ff180f0>,28,23,[3 7],29,46,69,17,43
1,<environment.Job instance at 0x7f7c5f955910>,1,17,[3 5],2,2,19,0,2
1,<environment.Job instance at 0x7f7c5f955500>,3,14,[6 1],4,4,18,0,4
1,<environment.Job instance at 0x7f7c5f955050>,8,16,[3 6],9,9,25,0,9
1,<environment.Job instance at 0x7f7c5f71e780>,7,13,[9 5],8,19,32,11,19
1,<environment.Job instance at 0x7f7c5f71eb40>,18,14,[2 7],19,25,39,6,25
1,<environment.Job instance at 0x7f7c5f71e050>,10,14,[2 5],11,32,46,21,32
1,<environment.Job instance at 0x7f7c60b21140>,29,12,[5 7],30,39,51,9,39
1,<environment.Job instance at 0x7f7c5fee2d70>,36,15,[6 1],37,39,54,2,39
1,<environment.Job instance at 0x7f7c5f71e7d0>,20,14,[3 7],21,46,60,25,46
1,<environment.Job instance at 0x7f7c604d4780>,1,16,[6 3],2,2,18,0,2
1,<environment.Job instance at 0x7f7c5f95f0a0>,11,24,[ 3 12],12,12,36,0,12
1,<environment.Job instance at 0x7f7c5fb61aa0>,6,21,[8 1],7,18,39,11,13
1,<environment.Job instance at 0x7f7c6044f0f0>,1,16,[6 3],2,2,18,0,2
1,<environment.Job instance at 0x7f7c5f71e1e0>,6,21,[8 1],7,7,28,0,7
1,<environment.Job instance at 0x7f7c5f71efa0>,18,14,[5 7],19,28,42,9,28
1,<environment.Job instance at 0x7f7c5fc319b0>,16,15,[9 4],17,28,43,11,28
1,<environment.Job instance at 0x7f7c69565230>,27,16,[4 8],28,42,58,14,42
1,<environment.Job instance at 0x7f7c5f71e5f0>,10,18,[10  5],11,43,61,32,43
1,<environment.Job instance at 0x7f7c60c08500>,4,19,[2 9],5,5,24,0,5
1,<environment.Job instance at 0x7f7c60c08f50>,5,19,[7 3],6,6,25,0,6
1,<environment.Job instance at 0x7f7c609f20a0>,12,15,[4 8],13,24,39,11,13
1,<environment.Job instance at 0x7f7c609f2dc0>,14,16,[ 1 12],15,39,55,24,26
1,<environment.Job instance at 0x7f7c609f2370>,4,19,[2 9],5,5,24,0,5
1,<environment.Job instance at 0x7f7c607f8500>,5,19,[7 3],6,6,25,0,6
1,<environment.Job instance at 0x7f7c5fb89960>,11,14,[ 4 10],12,24,38,12,24
1,<environment.Job instance at 0x7f7c60d49230>,12,15,[4 8],13,38,53,25,38
1,<environment.Job instance at 0x7f7c5fd55640>,34,15,[2 5],35,38,53,3,38
1,<environment.Job instance at 0x7f3a85683910>,1,15,[5 2],2,2,17,0,2
1,<environment.Job instance at 0x7f3a7c02d910>,5,18,[7 5],6,6,24,0,6
1,<environment.Job instance at 0x7f3a7c02db40>,7,12,[7 2],8,17,29,9,8
1,<environment.Job instance at 0x7f3a85683aa0>,9,17,[8 1],10,24,41,14,12
1,<environment.Job instance at 0x7f3a7c033f50>,1,15,[5 2],2,2,17,0,2
1,<environment.Job instance at 0x7f3a7c0373c0>,5,18,[7 5],6,6,24,0,6
1,<environment.Job instance at 0x7f3a7c0375f0>,7,12,[7 2],8,17,29,9,17
1,<environment.Job instance at 0x7f3a7c0377d0>,9,17,[8 1],10,24,41,14,24
1,<environment.Job instance at 0x7f3a7c037c80>,18,18,[3 6],19,29,47,10,29
1,<environment.Job instance at 0x7f3a7c037500>,12,22,[4 6],13,29,51,16,29
1,<environment.Job instance at 0x7f3a7c03a370>,30,15,[8 2],31,41,56,10,41
1,<environment.Job instance at 0x7f3a7c03a410>,31,13,[4 5],32,51,64,19,51
1,<environment.Job instance at 0x7f3a7c03aa50>,39,13,[5 4],40,56,69,16,56
1,<environment.Job instance at 0x7f3a7bb26230>,6,12,[6 1],7,7,19,0,7
1,<environment.Job instance at 0x7f3a7bb26190>,7,13,[3 5],8,8,21,0,8
1,<environment.Job instance at 0x7f3a7bb21af0>,10,22,[5 6],11,11,33,0,11
1,<environment.Job instance at 0x7f3a7bb26640>,11,13,[7 2],12,19,32,7,12
1,<environment.Job instance at 0x7f3a7bbbb2d0>,18,13,[1 5],19,21,34,2,19
1,<environment.Job instance at 0x7f3a7baf0690>,26,12,[ 3 14],27,34,46,7,28
1,<environment.Job instance at 0x7f3a7bc3ff00>,24,21,[ 1 12],25,46,67,21,42
1,<environment.Job instance at 0x7f3a7c03c140>,1,14,[ 2 10],2,2,16,0,2
1,<environment.Job instance at 0x7f3a7c037e10>,6,12,[6 1],7,7,19,0,7
1,<environment.Job instance at 0x7f3a7c037af0>,11,13,[7 2],12,12,25,0,12
1,<environment.Job instance at 0x7f3a7c037910>,7,13,[3 5],8,19,32,11,19
1,<environment.Job instance at 0x7f3a7c037730>,18,13,[1 5],19,19,32,0,19
1,<environment.Job instance at 0x7f3a7c0378c0>,14,14,[9 1],15,25,39,10,25
1,<environment.Job instance at 0x7f3a7c037410>,19,15,[4 7],20,32,47,12,32
1,<environment.Job instance at 0x7f3a7c0373c0>,21,17,[2 7],22,39,56,17,39
1,<environment.Job instance at 0x7f3a7c03af00>,27,17,[7 4],28,47,64,19,47
1,<environment.Job instance at 0x7f3a7c037780>,16,18,[ 2 10],17,56,74,39,56
1,<environment.Job instance at 0x7f3a7c03a5f0>,39,14,[6 1],40,56,70,16,56
1,<environment.Job instance at 0x7f3a7b7ce730>,16,14,[ 3 14],17,17,31,0,17
1,<environment.Job instance at 0x7f3a7b7ce280>,6,14,[14  1],7,31,45,24,20
1,<environment.Job instance at 0x7f3a7b7cb2d0>,18,26,[ 1 11],19,37,63,18,37
1,<environment.Job instance at 0x7f3a7b7ceb90>,15,16,[5 2],16,45,61,29,41
1,<environment.Job instance at 0x7f3a7b7ce0a0>,14,22,[2 9],15,63,85,48,56
1,<environment.Job instance at 0x7f3a7b7c4960>,0,15,[9 2],1,1,16,0,1
1,<environment.Job instance at 0x7f3a7b7c4a00>,3,16,[1 8],4,4,20,0,4
1,<environment.Job instance at 0x7f3a7b7c4d20>,15,16,[5 2],16,16,32,0,16
1,<environment.Job instance at 0x7f3a7b7c44b0>,9,19,[4 7],10,20,39,10,20
1,<environment.Job instance at 0x7f3a7b7c4320>,10,21,[4 6],11,20,41,9,20
1,<environment.Job instance at 0x7f3a7b9483c0>,30,15,[6 2],31,39,54,8,39
1,<environment.Job instance at 0x7f3a7b948eb0>,35,13,[2 6],36,39,52,3,39
1,<environment.Job instance at 0x7f3a7b948460>,31,15,[6 2],32,41,56,9,41
1,<environment.Job instance at 0x7f3a7b7c4e60>,8,19,[1 9],9,52,71,43,52
1,<environment.Job instance at 0x7f3a7b948aa0>,37,16,[6 2],38,54,70,16,54
1,<environment.Job instance at 0x7f3a7b9481e0>,40,15,[8 3],41,56,71,15,56
1,<environment.Job instance at 0x7f3a7b622140>,4,12,[ 2 11],5,5,17,0,5
1,<environment.Job instance at 0x7f3a7b6221e0>,5,19,[5 1],6,6,25,0,6
1,<environment.Job instance at 0x7f3a7b622640>,11,12,[ 5 11],12,17,29,5,13
1,<environment.Job instance at 0x7f3a7b7d8a50>,2,14,[4 7],3,29,43,26,23
1,<environment.Job instance at 0x7f3a7b61dfa0>,10,12,[11  1],11,29,41,18,29
1,<environment.Job instance at 0x7f3a7b6228c0>,16,14,[14  4],17,43,57,26,29
1,<environment.Job instance at 0x7f3a7b6225a0>,12,15,[ 3 11],13,57,72,44,43
1,<environment.Job instance at 0x7f3a7b6230a0>,27,27,[5 3],28,57,84,29,55
1,<environment.Job instance at 0x7f3a7b7b4500>,1,13,[ 4 10],2,2,15,0,2
1,<environment.Job instance at 0x7f3a7b7b4d70>,5,19,[5 1],6,6,25,0,6
1,<environment.Job instance at 0x7f3a7b7b40f0>,2,14,[4 7],3,15,29,12,15
1,<environment.Job instance at 0x7f3a7b7b44b0>,7,22,[1 7],8,15,37,7,15
1,<environment.Job instance at 0x7f3a7b7c4050>,28,17,[10  2],29,29,46,0,29
1,<environment.Job instance at 0x7f3a7b7c4870>,34,17,[2 9],35,37,54,2,37
1,<environment.Job instance at 0x7f3a7b7c4fa0>,36,17,[10  4],37,46,63,9,46
1,<environment.Job instance at 0x7f3a7b7c4b40>,40,12,[5 9],41,54,66,13,54
1,<environment.Job instance at 0x7f3a7b9483c0>,3,18,[8 5],4,4,22,0,4
1,<environment.Job instance at 0x7f3a7b9487d0>,9,21,[6 4],10,10,31,0,10
1,<environment.Job instance at 0x7f3a7c333aa0>,20,12,[6 2],21,22,34,1,22
1,<environment.Job instance at 0x7f3a7b948640>,10,17,[2 6],11,22,39,11,22
1,<environment.Job instance at 0x7f3a7b9481e0>,18,17,[1 7],19,31,48,12,31
1,<environment.Job instance at 0x7f3a7c086d20>,24,12,[1 8],25,39,51,14,39
1,<environment.Job instance at 0x7f3a7c086f50>,28,13,[3 5],29,49,62,20,49
1,<environment.Job instance at 0x7f3a7c086280>,32,14,[3 5],33,51,65,18,51
1,<environment.Job instance at 0x7f3a7be71e60>,49,16,[7 2],50,51,67,1,51
1,<environment.Job instance at 0x7f3a7c6fd550>,4,16,[ 2 11],5,6,22,1,6
1,<environment.Job instance at 0x7f3a7c6fd050>,6,14,[5 3],7,7,21,0,7
1,<environment.Job instance at 0x7f3a7c6fdd20>,7,14,[8 5],8,22,36,14,8
1,<environment.Job instance at 0x7f3a7c696a50>,19,18,[ 3 10],20,22,40,2,20
1,<environment.Job instance at 0x7f3a7cc9bc80>,20,14,[7 2],21,36,50,15,21
1,<environment.Job instance at 0x7f3a7cc9b690>,21,19,[8 2],22,40,59,18,30
1,<environment.Job instance at 0x7f3a7be71be0>,1,15,[4 8],2,2,17,0,2
1,<environment.Job instance at 0x7f3a7be71d20>,3,22,[10  2],4,4,26,0,4
1,<environment.Job instance at 0x7f3a7be71550>,6,14,[5 3],7,17,31,10,17
1,<environment.Job instance at 0x7f3a7c086f00>,20,14,[7 2],21,26,40,5,26
1,<environment.Job instance at 0x7f3a7c6fd190>,19,18,[ 3 10],20,26,44,6,26
1,<environment.Job instance at 0x7f3a7be71b40>,7,14,[8 5],8,40,54,32,40
1,<environment.Job instance at 0x7f3a7c6e5b90>,35,13,[2 5],36,44,57,8,44
1,<environment.Job instance at 0x7f3a7c4694b0>,40,12,[4 7],41,54,66,13,54
1,<environment.Job instance at 0x7f3a7b7c69b0>,24,16,[8 3],25,54,70,29,54
1,<environment.Job instance at 0x7f3a7c6d1a00>,0,17,[5 4],1,1,18,0,1
1,<environment.Job instance at 0x7f3a7c45b5a0>,4,12,[8 2],5,5,17,0,5
1,<environment.Job instance at 0x7f3a7c3b3dc0>,8,13,[1 7],9,9,22,0,9
1,<environment.Job instance at 0x7f3a7c444870>,15,21,[12  1],16,18,39,2,18
1,<environment.Job instance at 0x7f3a7c4445f0>,14,19,[3 9],15,23,42,8,23
1,<environment.Job instance at 0x7f3a7c444fa0>,12,15,[10  5],13,39,54,26,28
1,<environment.Job instance at 0x7f3a7bfd55f0>,20,14,[3 6],21,42,56,21,28
1,<environment.Job instance at 0x7f3a7cb0a870>,0,17,[5 4],1,1,18,0,1
1,<environment.Job instance at 0x7f3a7cb0a0f0>,3,14,[4 9],4,4,18,0,4
1,<environment.Job instance at 0x7f3a7c469cd0>,4,12,[8 2],5,18,30,13,18
1,<environment.Job instance at 0x7f3a7c4690a0>,7,13,[7 5],8,18,31,10,18
1,<environment.Job instance at 0x7f3a7c469230>,8,13,[1 7],9,30,43,21,30
1,<environment.Job instance at 0x7f3a7c2304b0>,25,12,[9 3],26,31,43,5,31
1,<environment.Job instance at 0x7f3a7cb90230>,20,14,[3 6],21,43,57,22,43
1,<environment.Job instance at 0x7f3a7c086f50>,32,12,[9 1],33,43,55,10,43
1,<environment.Job instance at 0x7f3a7be718c0>,36,12,[5 4],37,55,67,18,55
1,<environment.Job instance at 0x7f3a7c66d820>,18,15,[4 9],19,57,72,38,57
1,<environment.Job instance at 0x7f3a7ba19cd0>,2,23,[2 8],3,4,27,1,4
1,<environment.Job instance at 0x7f3a7c2ce780>,14,15,[6 4],15,15,30,0,15
1,<environment.Job instance at 0x7f3a7c2cef50>,18,13,[7 1],19,19,32,0,19
1,<environment.Job instance at 0x7f3a7ca1eb90>,16,20,[11  3],17,32,52,15,24
1,<environment.Job instance at 0x7f3a7c2ce9b0>,17,15,[ 5 13],18,52,67,34,41
1,<environment.Job instance at 0x7f3a7cb52280>,10,18,[13  2],11,67,85,56,56
1,<environment.Job instance at 0x7f3a7be71230>,4,20,[2 8],5,5,25,0,5
1,<environment.Job instance at 0x7f3a7be71d70>,14,15,[6 4],15,15,30,0,15
1,<environment.Job instance at 0x7f3a7c086690>,18,13,[7 1],19,19,32,0,19
1,<environment.Job instance at 0x7f3a7c086d20>,19,16,[2 6],20,25,41,5,25
1,<environment.Job instance at 0x7f3a7cc9bbe0>,24,22,[5 3],25,30,52,5,30
1,<environment.Job instance at 0x7f3a7c4697d0>,34,12,[3 5],35,35,47,0,35
1,<environment.Job instance at 0x7f3a7c45b8c0>,45,14,[3 6],46,47,61,1,47
1,<environment.Job instance at 0x7f3a7c35ecd0>,48,13,[1 9],49,52,65,3,52
1,<environment.Job instance at 0x7f3a7b800e60>,7,12,[1 6],8,8,20,0,8
1,<environment.Job instance at 0x7f3a7b800460>,9,16,[7 3],10,10,26,0,10
1,<environment.Job instance at 0x7f3a7b8009b0>,6,12,[12  5],7,26,38,19,18
1,<environment.Job instance at 0x7f3a7b800b40>,14,17,[2 5],15,24,41,9,24
1,<environment.Job instance at 0x7f3a7b800eb0>,15,14,[8 2],16,38,52,22,31
1,<environment.Job instance at 0x7f3a7b800b90>,12,14,[ 4 10],13,41,55,28,32
1,<environment.Job instance at 0x7f3a7c292b40>,0,14,[8 1],1,1,15,0,1
1,<environment.Job instance at 0x7f3a7b34edc0>,7,12,[1 6],8,8,20,0,8
1,<environment.Job instance at 0x7f3a7b6b06e0>,9,16,[7 3],10,15,31,5,15
1,<environment.Job instance at 0x7f3a7b339b40>,14,17,[2 5],15,15,32,0,15
1,<environment.Job instance at 0x7f3a7b339fa0>,25,12,[ 2 10],26,31,43,5,31
1,<environment.Job instance at 0x7f3a7b339be0>,15,14,[8 2],16,32,46,16,32
1,<environment.Job instance at 0x7f3a7b3398c0>,12,14,[ 4 10],13,43,57,30,43
1,<environment.Job instance at 0x7f3a7b3394b0>,26,15,[9 2],27,46,61,19,46
1,<environment.Job instance at 0x7f3a7b339dc0>,23,17,[6 1],24,57,74,33,57
1,<environment.Job instance at 0x7f3a7c7ff690>,3,21,[4 9],4,4,25,0,4
1,<environment.Job instance at 0x7f3a7c7ffb40>,9,15,[2 6],10,10,25,0,10
1,<environment.Job instance at 0x7f3a7b752910>,1,22,[4 9],2,2,24,0,2
1,<environment.Job instance at 0x7f3a7b7523c0>,5,15,[7 2],6,6,21,0,6
1,<environment.Job instance at 0x7f3a7b752280>,9,15,[2 6],10,21,36,11,21
1,<environment.Job instance at 0x7f3a7c7517d0>,19,13,[6 2],20,24,37,4,24
1,<environment.Job instance at 0x7f3a7bceb5a0>,27,14,[7 5],28,28,42,0,28
1,<environment.Job instance at 0x7f3a7bceb4b0>,28,12,[6 1],29,37,49,8,37
1,<environment.Job instance at 0x7f3a7b752500>,4,13,[ 5 10],5,42,55,37,42
1,<environment.Job instance at 0x7f3a7bceb780>,40,12,[8 2],41,49,61,8,49
1,<environment.Job instance at 0x7f3a7b752d20>,17,14,[ 3 10],18,55,69,37,55
1,<environment.Job instance at 0x7f3a7b7652d0>,5,12,[4 8],6,6,18,0,6
1,<environment.Job instance at 0x7f3a7b765460>,8,27,[5 1],9,9,36,0,9
1,<environment.Job instance at 0x7f3a7b7650f0>,11,13,[ 3 12],12,20,33,8,20
1,<environment.Job instance at 0x7f3a7b765370>,6,15,[ 5 11],7,33,48,26,25
1,<environment.Job instance at 0x7f3a7b752c80>,2,14,[4 9],3,48,62,45,34
1,<environment.Job instance at 0x7f3a7b765910>,15,16,[5 5],16,48,64,32,40
1,<environment.Job instance at 0x7f3a7b7659b0>,16,12,[ 3 12],17,64,76,47,51
1,<environment.Job instance at 0x7f3a7c2f37d0>,1,17,[2 7],2,2,19,0,2
1,<environment.Job instance at 0x7f3a7bcebcd0>,5,12,[4 8],6,6,18,0,6
1,<environment.Job instance at 0x7f3a7bceb9b0>,15,16,[5 5],16,18,34,2,18
1,<environment.Job instance at 0x7f3a7bceb1e0>,18,13,[8 5],19,19,32,0,19
1,<environment.Job instance at 0x7f3a7bcebe60>,25,12,[1 9],26,32,44,6,32
1,<environment.Job instance at 0x7f3a7c368aa0>,26,15,[8 2],27,34,49,7,34
1,<environment.Job instance at 0x7f3a7bcebf00>,19,13,[3 9],20,44,57,24,44
1,<environment.Job instance at 0x7f3a7c7ff460>,31,13,[6 1],32,49,62,17,49
1,<environment.Job instance at 0x7f3a7bcebfa0>,21,16,[6 5],22,49,65,27,49
1,<environment.Job instance at 0x7f3a7b800410>,32,13,[1 8],33,57,70,24,57
1,<environment.Job instance at 0x7f3a7c9a9190>,0,13,[5 8],1,1,14,0,1
1,<environment.Job instance at 0x7f3a7c9a90a0>,5,12,[ 4 13],6,14,26,8,7
1,<environment.Job instance at 0x7f3a7c9a9cd0>,7,13,[7 5],8,26,39,18,14
1,<environment.Job instance at 0x7f3a7c292230>,0,13,[5 8],1,1,14,0,1
1,<environment.Job instance at 0x7f3a7c075af0>,7,13,[7 5],8,8,21,0,8
1,<environment.Job instance at 0x7f3a7c3681e0>,8,13,[1 8],9,14,27,5,14
1,<environment.Job instance at 0x7f3a7c6bd460>,17,13,[10  4],18,21,34,3,21
1,<environment.Job instance at 0x7f3a7c6bd5a0>,21,13,[ 4 10],22,27,40,5,27
1,<environment.Job instance at 0x7f3a7c6bdcd0>,27,12,[5 1],28,34,46,6,34
1,<environment.Job instance at 0x7f3a7c6bd870>,20,15,[10  4],21,40,55,19,40
1,<environment.Job instance at 0x7f3a7c6bd9b0>,22,17,[3 9],23,46,63,23,46
1,<environment.Job instance at 0x7f3a7c021be0>,43,18,[6 5],44,55,73,11,55
1,<environment.Job instance at 0x7f3a7b372f00>,2,15,[6 2],3,3,18,0,3
1,<environment.Job instance at 0x7f3a7b372e10>,5,23,[5 5],6,6,29,0,6
1,<environment.Job instance at 0x7f3a7c0f4870>,10,19,[5 6],11,18,37,7,11
1,<environment.Job instance at 0x7f3a7c0f4f50>,11,14,[ 2 11],12,37,51,25,32
1,<environment.Job instance at 0x7f3a7b372280>,8,15,[13  3],9,37,52,28,32
1,<environment.Job instance at 0x7f3a7b3722d0>,9,22,[1 7],10,51,73,41,44
1,<environment.Job instance at 0x7f3a7b380230>,15,22,[11  3],16,52,74,36,46
1,<environment.Job instance at 0x7f3a7bae1e60>,1,18,[5 7],2,2,20,0,2
1,<environment.Job instance at 0x7f3a7bae19b0>,2,15,[6 2],3,3,18,0,3
1,<environment.Job instance at 0x7f3a7bae11e0>,10,19,[5 6],11,18,37,7,18
1,<environment.Job instance at 0x7f3a7c340690>,9,22,[1 7],10,20,42,10,20
1,<environment.Job instance at 0x7f3a852141e0>,22,14,[6 2],23,23,37,0,23
1,<environment.Job instance at 0x7f3a7c785820>,20,14,[1 7],21,37,51,16,37
1,<environment.Job instance at 0x7f3a7b8150a0>,25,14,[1 6],26,42,56,16,42
1,<environment.Job instance at 0x7f3a7b815aa0>,30,18,[5 2],31,42,60,11,42
1,<environment.Job instance at 0x7f3a7b815f00>,32,14,[8 3],33,51,65,18,51
1,<environment.Job instance at 0x7f3a7b2b9910>,7,18,[9 1],8,8,26,0,8
1,<environment.Job instance at 0x7f3a7b815280>,12,19,[5 3],13,13,32,0,13
1,<environment.Job instance at 0x7f3a7b815cd0>,18,13,[5 3],19,26,39,7,26
1,<environment.Job instance at 0x7f3a7b8155a0>,25,14,[4 7],26,26,40,0,26
1,<environment.Job instance at 0x7f3a7b815b40>,14,21,[6 4],15,32,53,17,32
1,<environment.Job instance at 0x7f3a7b815190>,17,14,[8 2],18,40,54,22,40
1,<environment.Job instance at 0x7f3a852141e0>,28,14,[ 2 10],29,53,67,24,53
1,<environment.Job instance at 0x7f3a7b8158c0>,26,16,[9 4],27,54,70,27,54
1,<environment.Job instance at 0x7f3a7c227140>,2,14,[9 1],3,3,17,0,3
1,<environment.Job instance at 0x7f3a7c46c780>,3,12,[7 1],4,17,29,13,4
1,<environment.Job instance at 0x7f3a7bb49be0>,7,15,[6 2],8,8,23,0,8
1,<environment.Job instance at 0x7f3a7c757c80>,11,17,[3 5],12,23,40,11,12
1,<environment.Job instance at 0x7f3a7bb49550>,13,14,[6 1],14,29,43,15,15
1,<environment.Job instance at 0x7f3a7c757cd0>,16,27,[3 5],17,25,52,8,25
1,<environment.Job instance at 0x7f3a7c757af0>,12,16,[ 3 13],13,52,68,39,39
1,<environment.Job instance at 0x7f3a7c7573c0>,18,16,[3 6],19,68,84,49,55
1,<environment.Job instance at 0x7f3a7c785af0>,2,14,[9 1],3,3,17,0,3
1,<environment.Job instance at 0x7f3a7c785230>,7,15,[6 2],8,8,23,0,8
1,<environment.Job instance at 0x7f3a7c785f00>,3,12,[7 1],4,17,29,13,17
1,<environment.Job instance at 0x7f3a85214f00>,13,14,[6 1],14,23,37,9,23
1,<environment.Job instance at 0x7f3a7b2b94b0>,17,13,[9 5],18,29,42,11,29
1,<environment.Job instance at 0x7f3a7b2b9a50>,20,14,[2 5],21,37,51,16,37
1,<environment.Job instance at 0x7f3a7c340d70>,11,17,[3 5],12,37,54,25,37
1,<environment.Job instance at 0x7f3a7b2b9780>,24,17,[10  4],25,42,59,17,42
1,<environment.Job instance at 0x7f3a7b8155a0>,28,14,[2 7],29,54,68,25,54
1,<environment.Job instance at 0x7f3a7b815a00>,30,14,[3 7],31,59,73,28,59
1,<environment.Job instance at 0x7f3a7c0a5960>,1,16,[6 3],2,2,18,0,2
1,<environment.Job instance at 0x7f3a7c0a5190>,6,21,[8 1],7,11,32,4,11
1,<environment.Job instance at 0x7f3a7c0a5e60>,8,28,[8 3],9,36,64,27,36
1,<environment.Job instance at 0x7f3a7c4af500>,1,16,[6 3],2,2,18,0,2
1,<environment.Job instance at 0x7f3a7b5e99b0>,6,21,[8 1],7,7,28,0,7
1,<environment.Job instance at 0x7f3a7b3cd280>,18,14,[5 7],19,28,42,9,28
1,<environment.Job instance at 0x7f3a7c998140>,16,15,[9 4],17,28,43,11,28
1,<environment.Job instance at 0x7f3a7be7f730>,27,16,[4 8],28,42,58,14,42
1,<environment.Job instance at 0x7f3a7cabcf00>,10,18,[10  5],11,43,61,32,43
1,<environment.Job instance at 0x7f3a853d4460>,29,15,[2 8],30,58,73,28,58
1,<environment.Job instance at 0x7f3a7c78c3c0>,1,14,[ 4 10],2,2,16,0,2
1,<environment.Job instance at 0x7f3a7c78ca00>,2,15,[4 8],3,16,31,13,3
1,<environment.Job instance at 0x7f3a7c9230f0>,15,16,[1 7],16,17,33,1,17
1,<environment.Job instance at 0x7f3a7c923be0>,11,28,[8 2],12,35,63,23,35
1,<environment.Job instance at 0x7f3a85578910>,20,27,[ 2 13],21,38,65,17,38
1,<environment.Job instance at 0x7f3a7c6fcaa0>,21,17,[11  4],22,65,82,43,53
1,<environment.Job instance at 0x7f3a7b5fc910>,1,14,[ 4 10],2,2,16,0,2
1,<environment.Job instance at 0x7f3a7be7ff00>,10,22,[8 3],11,11,33,0,11
1,<environment.Job instance at 0x7f3a7b5fc0f0>,2,15,[4 8],3,16,31,13,16
1,<environment.Job instance at 0x7f3a7b9829b0>,24,15,[2 5],25,31,46,6,31
1,<environment.Job instance at 0x7f3a7c998140>,15,16,[1 7],16,31,47,15,31
1,<environment.Job instance at 0x7f3a7cb0fe60>,29,15,[7 1],30,33,48,3,33
1,<environment.Job instance at 0x7f3a7b9827d0>,30,17,[2 6],31,46,63,15,46
1,<environment.Job instance at 0x7f3a7c8240f0>,47,17,[2 6],48,48,65,0,48
1,<environment.Job instance at 0x7f3a7c66d9b0>,42,18,[10  2],43,48,66,5,48
1,<environment.Job instance at 0x7f3a7c852870>,0,15,[7 4],1,1,16,0,1
1,<environment.Job instance at 0x7f3a7ba9b820>,4,23,[1 8],5,5,28,0,5
1,<environment.Job instance at 0x7f3a7ba9baa0>,6,15,[5 5],7,16,31,9,7
1,<environment.Job instance at 0x7f3a7b31fd20>,13,19,[1 9],14,28,47,14,18
1,<environment.Job instance at 0x7f3a7b31fa50>,17,12,[10  1],18,31,43,13,23
1,<environment.Job instance at 0x7f3a7b5a5230>,0,15,[7 4],1,1,16,0,1
1,<environment.Job instance at 0x7f3a7c6365f0>,6,15,[5 5],7,7,22,0,7
1,<environment.Job instance at 0x7f3a7cb31b90>,11,17,[2 5],12,12,29,0,12
1,<environment.Job instance at 0x7f3a7cb0fe60>,15,20,[7 5],16,16,36,0,16
1,<environment.Job instance at 0x7f3a7c66dc30>,7,16,[ 2 10],8,29,45,21,29
1,<environment.Job instance at 0x7f3a7b9821e0>,20,12,[10  1],21,36,48,15,36
1,<environment.Job instance at 0x7f3a7b9829b0>,25,12,[ 1 10],26,45,57,19,45
1,<environment.Job instance at 0x7f3a7cc0e320>,17,12,[10  1],18,48,60,30,48
1,<environment.Job instance at 0x7f3a7b982dc0>,21,17,[1 9],22,57,74,35,57
1,<environment.Job instance at 0x7f3a85229c80>,28,17,[2 5],29,57,74,28,57
1,<environment.Job instance at 0x7f3a7b798fa0>,1,15,[2 7],2,2,17,0,2
1,<environment.Job instance at 0x7f3a7b798f00>,3,13,[1 7],4,4,17,0,4
1,<environment.Job instance at 0x7f3a7c757f50>,4,13,[3 5],5,17,30,12,5
1,<environment.Job instance at 0x7f3a7c757500>,9,12,[7 4],10,17,29,7,10
1,<environment.Job instance at 0x7f3a7c757c80>,11,14,[8 1],12,29,43,17,16
1,<environment.Job instance at 0x7f3a7b798690>,12,15,[ 3 13],13,30,45,17,17
1,<environment.Job instance at 0x7f3a7c757140>,16,13,[ 5 11],17,45,58,28,29
1,<environment.Job instance at 0x7f3a7c2a7eb0>,23,14,[4 9],24,58,72,34,43
1,<environment.Job instance at 0x7f3a7c7570a0>,19,12,[8 1],20,45,57,25,45
1,<environment.Job instance at 0x7f3a7be7ff00>,0,18,[7 5],1,1,19,0,1
1,<environment.Job instance at 0x7f3a7ca8ae10>,1,15,[2 7],2,2,17,0,2
1,<environment.Job instance at 0x7f3a7c757be0>,9,12,[7 4],10,17,29,7,17
1,<environment.Job instance at 0x7f3a85218be0>,3,13,[1 7],4,19,32,15,19
1,<environment.Job instance at 0x7f3a7bf70e10>,19,12,[8 1],20,29,41,9,29
1,<environment.Job instance at 0x7f3a7c66dc30>,4,13,[3 5],5,29,42,24,29
1,<environment.Job instance at 0x7f3a7c6d1870>,5,16,[3 9],6,32,48,26,32
1,<environment.Job instance at 0x7f3a7c9e4dc0>,11,14,[8 1],12,41,55,29,41
1,<environment.Job instance at 0x7f3a7cbeed20>,31,12,[ 1 10],32,48,60,16,48
1,<environment.Job instance at 0x7f3a7bf70b40>,20,14,[10  2],21,55,69,34,55
1,<environment.Job instance at 0x7f3a7b2ecdc0>,7,16,[1 8],8,10,26,2,10
1,<environment.Job instance at 0x7f3a7bc1f960>,6,12,[8 4],7,11,23,4,11
1,<environment.Job instance at 0x7f3a7bca4500>,11,15,[14  4],12,23,38,11,12
1,<environment.Job instance at 0x7f3a7bca4aa0>,12,13,[13  5],13,38,51,25,22
1,<environment.Job instance at 0x7f3a7bca4780>,14,24,[2 5],15,38,62,23,33
1,<environment.Job instance at 0x7f3a7b31b190>,10,13,[9 3],11,51,64,40,38
1,<environment.Job instance at 0x7f3a7c692a00>,16,12,[2 7],17,51,63,34,50
1,<environment.Job instance at 0x7f3a7bca4d70>,15,17,[5 3],16,63,80,47,51
1,<environment.Job instance at 0x7f3a7c03c780>,6,12,[8 4],7,7,19,0,7
1,<environment.Job instance at 0x7f3a7ca8ae10>,7,16,[1 8],8,8,24,0,8
1,<environment.Job instance at 0x7f3a7c9dc370>,15,17,[5 3],16,16,33,0,16
1,<environment.Job instance at 0x7f3a7bca4e10>,10,13,[9 3],11,19,32,8,19
1,<environment.Job instance at 0x7f3a7cc9e230>,22,12,[1 7],23,32,44,9,32
1,<environment.Job instance at 0x7f3a7bc85140>,16,12,[2 7],17,33,45,16,33
1,<environment.Job instance at 0x7f3a7c42cb90>,24,13,[10  1],25,33,46,8,33
1,<environment.Job instance at 0x7f3a7cc9e910>,23,15,[2 6],24,44,59,20,44
1,<environment.Job instance at 0x7f3a7bc93370>,25,18,[1 7],26,45,63,19,45
1,<environment.Job instance at 0x7f3a7cc9e370>,20,13,[4 6],21,59,72,38,59
1,<environment.Job instance at 0x7fc5a0735730>,1,15,[5 2],2,2,17,0,2
1,<environment.Job instance at 0x7fc5970ebc80>,5,18,[7 5],6,6,24,0,6
1,<environment.Job instance at 0x7fc5970ebeb0>,7,12,[7 2],8,17,29,9,8
1,<environment.Job instance at 0x7fc5a07358c0>,9,17,[8 1],10,24,41,14,18
1,<environment.Job instance at 0x7fc5970ef1e0>,13,27,[3 8],14,39,66,25,39
1,<environment.Job instance at 0x7fc5970ef2d0>,14,14,[14  3],15,66,80,51,51
1,<environment.Job instance at 0x7fc5970f6aa0>,1,15,[5 2],2,2,17,0,2
1,<environment.Job instance at 0x7fc5970f6e10>,5,18,[7 5],6,6,24,0,6
1,<environment.Job instance at 0x7fc5970f6fa0>,7,12,[7 2],8,17,29,9,17
1,<environment.Job instance at 0x7fc5970f9280>,9,17,[8 1],10,24,41,14,24
1,<environment.Job instance at 0x7fc5970f9730>,18,18,[3 6],19,29,47,10,29
1,<environment.Job instance at 0x7fc5970f90a0>,12,22,[4 6],13,29,51,16,29
1,<environment.Job instance at 0x7fc5970f9fa0>,30,15,[8 2],31,41,56,10,41
1,<environment.Job instance at 0x7fc5970f99b0>,31,13,[4 5],32,51,64,19,51
1,<environment.Job instance at 0x7fc5970fc500>,39,13,[5 4],40,56,69,16,56
1,<environment.Job instance at 0x7fc5970f9370>,11,14,[10  4],12,64,78,52,64
1,<environment.Job instance at 0x7fc59688eeb0>,1,13,[7 2],2,2,15,0,2
1,<environment.Job instance at 0x7fc59682efa0>,8,13,[1 5],9,16,29,7,16
1,<environment.Job instance at 0x7fc596832dc0>,21,14,[12  2],22,22,36,0,22
1,<environment.Job instance at 0x7fc596891a00>,17,17,[7 4],18,36,53,18,25
1,<environment.Job instance at 0x7fc596832780>,20,22,[5 5],21,36,58,15,29
1,<environment.Job instance at 0x7fc596832fa0>,26,12,[ 4 14],27,58,70,31,41
1,<environment.Job instance at 0x7fc596832f50>,29,14,[6 1],30,53,67,23,41
1,<environment.Job instance at 0x7fc596891d20>,19,18,[ 4 11],20,70,88,50,68
1,<environment.Job instance at 0x7fc596777280>,0,22,[5 6],1,1,23,0,1
1,<environment.Job instance at 0x7fc5970fcd20>,1,13,[7 2],2,2,15,0,2
1,<environment.Job instance at 0x7fc5970fca00>,8,13,[1 5],9,15,28,6,15
1,<environment.Job instance at 0x7fc5970fc8c0>,4,14,[9 1],5,15,29,10,15
1,<environment.Job instance at 0x7fc5970fcc80>,9,15,[4 7],10,23,38,13,23
1,<environment.Job instance at 0x7fc5970fc690>,11,17,[2 7],12,28,45,16,28
1,<environment.Job instance at 0x7fc5970f93c0>,32,12,[10  1],33,38,50,5,38
1,<environment.Job instance at 0x7fc5970f9230>,37,17,[5 6],38,45,62,7,45
1,<environment.Job instance at 0x7fc5970f9730>,29,14,[6 1],30,50,64,20,50
1,<environment.Job instance at 0x7fc5970f9320>,40,15,[2 6],41,50,65,9,50
1,<environment.Job instance at 0x7fc5970fc050>,17,17,[7 4],18,63,80,45,63
1,<environment.Job instance at 0x7fc5970fc9b0>,2,18,[5 5],3,64,82,61,64
1,<environment.Job instance at 0x7fc5a08a8af0>,3,14,[11  1],4,12,26,8,12
1,<environment.Job instance at 0x7fc5a075ec30>,11,15,[6 2],12,26,41,14,12
1,<environment.Job instance at 0x7fc5a075e910>,9,28,[7 1],10,26,54,16,26
1,<environment.Job instance at 0x7fc5a075e3c0>,13,26,[ 3 11],14,41,67,27,39
1,<environment.Job instance at 0x7fc5a075e820>,10,15,[6 2],11,54,69,43,49
1,<environment.Job instance at 0x7fc5a075e2d0>,20,15,[8 3],21,67,82,46,53
1,<environment.Job instance at 0x7fc596712cd0>,27,13,[4 5],28,69,82,41,56
1,<environment.Job instance at 0x7fc5966e7870>,2,18,[10  5],3,3,21,0,3
1,<environment.Job instance at 0x7fc59677d1e0>,15,13,[2 6],16,16,29,0,16
1,<environment.Job instance at 0x7fc59677df00>,20,15,[8 3],21,21,36,0,21
1,<environment.Job instance at 0x7fc59676d7d0>,27,13,[4 5],28,28,41,0,28
1,<environment.Job instance at 0x7fc5a08a8c30>,10,15,[6 2],11,36,51,25,36
1,<environment.Job instance at 0x7fc59677dfa0>,11,15,[6 2],12,41,56,29,41
1,<environment.Job instance at 0x7fc59676dfa0>,41,13,[ 4 10],42,51,64,9,51
1,<environment.Job instance at 0x7fc59676d1e0>,33,16,[7 1],34,56,72,22,56
1,<environment.Job instance at 0x7fc59676d550>,42,14,[4 7],43,64,78,21,64
1,<environment.Job instance at 0x7fc596d74690>,4,17,[2 9],5,5,22,0,5
1,<environment.Job instance at 0x7fc5975affa0>,6,17,[10  4],7,7,24,0,7
1,<environment.Job instance at 0x7fc596d749b0>,10,12,[5 9],11,22,34,11,22
1,<environment.Job instance at 0x7fc5975afb40>,17,15,[5 6],18,24,39,6,24
1,<environment.Job instance at 0x7fc5975af9b0>,11,14,[2 9],12,34,48,22,34
1,<environment.Job instance at 0x7fc596afec80>,33,18,[8 5],34,39,57,5,39
1,<environment.Job instance at 0x7fc5975afaa0>,20,15,[ 5 10],21,48,63,27,48
1,<environment.Job instance at 0x7fc596afeaf0>,42,17,[8 5],43,58,75,15,58
1,<environment.Job instance at 0x7fc5975af550>,13,15,[5 9],14,63,78,49,63
1,<environment.Job instance at 0x7fc596e372d0>,5,16,[12  2],6,9,25,3,9
1,<environment.Job instance at 0x7fc596e37f50>,9,16,[7 2],10,25,41,15,12
1,<environment.Job instance at 0x7fc596e52d20>,12,12,[2 7],13,13,25,0,13
1,<environment.Job instance at 0x7fc5976a7e60>,9,16,[7 2],10,10,26,0,10
1,<environment.Job instance at 0x7fc5976a77d0>,11,22,[ 1 10],12,12,34,0,12
1,<environment.Job instance at 0x7fc596afe730>,16,18,[7 1],17,17,35,0,17
1,<environment.Job instance at 0x7fc5976a7230>,12,12,[2 7],13,34,46,21,34
1,<environment.Job instance at 0x7fc596afe780>,26,14,[5 3],27,34,48,7,34
1,<environment.Job instance at 0x7fc596afe640>,27,14,[8 5],28,35,49,7,35
1,<environment.Job instance at 0x7fc596afeb40>,21,15,[4 8],22,48,63,26,48
1,<environment.Job instance at 0x7fc5975af460>,40,14,[7 2],41,49,63,8,49
1,<environment.Job instance at 0x7fc596d74870>,52,13,[ 4 10],53,63,76,10,63
1,<environment.Job instance at 0x7fc5975aff50>,44,16,[8 3],45,63,79,18,63
1,<environment.Job instance at 0x7fc597542d20>,6,15,[5 7],7,7,22,0,7
1,<environment.Job instance at 0x7fc5976a7a00>,9,13,[12  5],10,22,35,12,17
1,<environment.Job instance at 0x7fc597542820>,10,17,[5 4],11,35,52,24,32
1,<environment.Job instance at 0x7fc597542dc0>,13,14,[4 9],14,65,79,51,65
1,<environment.Job instance at 0x7fc5976a7410>,0,17,[2 8],1,1,18,0,1
1,<environment.Job instance at 0x7fc5976a7780>,6,15,[5 7],7,7,22,0,7
1,<environment.Job instance at 0x7fc597545500>,14,12,[8 2],15,18,30,3,18
1,<environment.Job instance at 0x7fc59754a050>,17,13,[7 5],18,22,35,4,22
1,<environment.Job instance at 0x7fc596f824b0>,18,13,[1 7],19,30,43,11,30
1,<environment.Job instance at 0x7fc596ad0910>,22,15,[10  5],23,35,50,12,35
1,<environment.Job instance at 0x7fc596e25730>,13,14,[4 9],14,43,57,29,43
1,<environment.Job instance at 0x7fc596b721e0>,35,12,[9 3],36,50,62,14,50
1,<environment.Job instance at 0x7fc596ad0050>,30,14,[3 6],31,57,71,26,57
1,<environment.Job instance at 0x7fc596b72e60>,42,12,[9 1],43,62,74,19,62
1,<environment.Job instance at 0x7fc596d083c0>,2,23,[2 8],3,4,27,1,4
1,<environment.Job instance at 0x7fc596d08910>,13,28,[11  3],14,22,50,8,22
1,<environment.Job instance at 0x7fc596d08af0>,14,15,[6 4],15,50,65,35,38
1,<environment.Job instance at 0x7fc596d08d70>,18,13,[7 1],19,50,63,31,48
1,<environment.Job instance at 0x7fc596d08e10>,19,16,[2 6],20,48,64,28,48
1,<environment.Job instance at 0x7fc596d08a50>,12,12,[14  3],13,65,77,52,48
1,<environment.Job instance at 0x7fc596d08cd0>,17,15,[ 5 13],18,77,92,59,65
1,<environment.Job instance at 0x7fc596b71690>,4,20,[2 8],5,5,25,0,5
1,<environment.Job instance at 0x7fc596b720f0>,14,15,[6 4],15,15,30,0,15
1,<environment.Job instance at 0x7fc596b728c0>,18,13,[7 1],19,19,32,0,19
1,<environment.Job instance at 0x7fc596b72280>,19,16,[2 6],20,25,41,5,25
1,<environment.Job instance at 0x7fc596b72b90>,24,22,[5 3],25,30,52,5,30
1,<environment.Job instance at 0x7fc596ad0d70>,34,12,[3 5],35,35,47,0,35
1,<environment.Job instance at 0x7fc596f82550>,45,14,[3 6],46,47,61,1,47
1,<environment.Job instance at 0x7fc5975458c0>,48,13,[1 9],49,52,65,3,52
1,<environment.Job instance at 0x7fc596d03b90>,49,16,[2 5],50,61,77,11,61
1,<environment.Job instance at 0x7fc596b727d0>,28,17,[9 1],29,61,78,32,61
1,<environment.Job instance at 0x7fc596e25780>,53,14,[1 9],54,65,79,11,65
1,<environment.Job instance at 0x7fc596cc9a00>,5,14,[8 2],6,6,20,0,6
1,<environment.Job instance at 0x7fc596cc9140>,11,18,[5 8],12,12,30,0,12
1,<environment.Job instance at 0x7fc596d0daa0>,2,14,[ 4 10],3,31,45,28,31
1,<environment.Job instance at 0x7fc596cc9aa0>,15,12,[ 2 10],16,48,60,32,48
1,<environment.Job instance at 0x7fc596cc9e60>,16,15,[9 2],17,55,70,38,55
1,<environment.Job instance at 0x7fc596cc97d0>,17,21,[3 9],18,61,82,43,61
1,<environment.Job instance at 0x7fc596cde3c0>,2,14,[ 4 10],3,3,17,0,3
1,<environment.Job instance at 0x7fc596ad0a00>,4,17,[2 5],5,5,22,0,5
1,<environment.Job instance at 0x7fc596b72640>,15,12,[ 2 10],16,17,29,1,17
1,<environment.Job instance at 0x7fc596ad0fa0>,5,14,[8 2],6,22,36,16,22
1,<environment.Job instance at 0x7fc596b721e0>,18,17,[7 3],19,29,46,10,29
1,<environment.Job instance at 0x7fc596ad0050>,13,17,[6 1],14,36,53,22,36
1,<environment.Job instance at 0x7fc596b72c80>,16,15,[9 2],17,46,61,29,46
1,<environment.Job instance at 0x7fc596b71a50>,36,15,[5 7],37,53,68,16,53
1,<environment.Job instance at 0x7fc596b71690>,40,12,[8 1],41,61,73,20,61
1,<environment.Job instance at 0x7fc596b72b40>,23,18,[4 7],24,68,86,44,68
1,<environment.Job instance at 0x7fc597c6c0f0>,4,21,[ 1 12],5,8,29,3,8
1,<environment.Job instance at 0x7fc5971438c0>,8,12,[6 1],9,9,21,0,9
1,<environment.Job instance at 0x7fc597c6cfa0>,3,18,[ 5 11],4,29,47,25,22
1,<environment.Job instance at 0x7fc597c6c690>,10,21,[5 1],11,26,47,15,26
1,<environment.Job instance at 0x7fc5976bac80>,0,20,[6 5],1,1,21,0,1
1,<environment.Job instance at 0x7fc5968a1aa0>,7,14,[7 5],8,8,22,0,8
1,<environment.Job instance at 0x7fc5968a14b0>,8,12,[6 1],9,21,33,12,21
1,<environment.Job instance at 0x7fc596b72280>,20,12,[8 2],21,22,34,1,22
1,<environment.Job instance at 0x7fc596b72be0>,24,16,[5 5],25,33,49,8,33
1,<environment.Job instance at 0x7fc597090870>,28,18,[1 5],29,33,51,4,33
1,<environment.Job instance at 0x7fc597024eb0>,12,14,[9 5],13,34,48,21,34
1,<environment.Job instance at 0x7fc597c6cb90>,34,12,[8 2],35,48,60,13,48
1,<environment.Job instance at 0x7fc597c6c910>,33,12,[4 8],34,49,61,15,49
1,<environment.Job instance at 0x7fc5975a0dc0>,39,12,[5 5],40,60,72,20,60
1,<environment.Job instance at 0x7fc596d74550>,10,21,[5 1],11,60,81,49,60
1,<environment.Job instance at 0x7fc5975a0230>,45,12,[4 8],46,61,73,15,61
1,<environment.Job instance at 0x7fc596777730>,1,13,[6 1],2,2,15,0,2
1,<environment.Job instance at 0x7fc596777690>,2,13,[1 8],3,3,16,0,3
1,<environment.Job instance at 0x7fc597c5e690>,6,15,[6 1],7,7,22,0,7
1,<environment.Job instance at 0x7fc597c5ee60>,8,14,[6 5],9,15,29,6,9
1,<environment.Job instance at 0x7fc597c5e460>,10,12,[1 5],11,16,28,5,11
1,<environment.Job instance at 0x7fc597c5e9b0>,17,21,[1 9],18,28,49,10,21
1,<environment.Job instance at 0x7fc5977c7cd0>,20,21,[5 4],21,29,50,8,22
1,<environment.Job instance at 0x7fc597d3ad70>,21,15,[10  1],22,49,64,27,36
1,<environment.Job instance at 0x7fc597d3ab90>,24,17,[ 2 13],25,50,67,25,41
1,<environment.Job instance at 0x7fc5977c7d70>,18,23,[13  5],19,67,90,48,61
1,<environment.Job instance at 0x7fc5970cd8c0>,1,13,[6 1],2,2,15,0,2
1,<environment.Job instance at 0x7fc5970cdc80>,2,13,[1 8],3,3,16,0,3
1,<environment.Job instance at 0x7fc596d74550>,6,15,[6 1],7,7,22,0,7
1,<environment.Job instance at 0x7fc597d3a5a0>,8,14,[6 5],9,15,29,6,15
1,<environment.Job instance at 0x7fc5970cd780>,10,12,[1 5],11,16,28,5,16
1,<environment.Job instance at 0x7fc5970cdc30>,5,13,[ 5 10],6,28,41,22,28
1,<environment.Job instance at 0x7fc597153af0>,21,15,[10  1],22,29,44,7,29
1,<environment.Job instance at 0x7fc59728b4b0>,30,13,[5 8],31,41,54,10,41
1,<environment.Job instance at 0x7fc59728b6e0>,37,13,[7 5],38,44,57,6,44
1,<environment.Job instance at 0x7fc59728b500>,38,13,[1 8],39,54,67,15,54
1,<environment.Job instance at 0x7fc597b021e0>,47,13,[10  4],48,57,70,9,57
1,<environment.Job instance at 0x7fc597b023c0>,51,13,[ 4 10],52,67,80,15,67
1,<environment.Job instance at 0x7fc596f25dc0>,3,18,[6 5],4,4,22,0,4
1,<environment.Job instance at 0x7fc5967bbc80>,7,15,[11  5],8,22,37,14,11
1,<environment.Job instance at 0x7fc597b02410>,3,18,[6 5],4,4,22,0,4
1,<environment.Job instance at 0x7fc59707e050>,8,12,[1 7],9,9,21,0,9
1,<environment.Job instance at 0x7fc5970cdc80>,18,17,[9 4],19,21,38,2,21
1,<environment.Job instance at 0x7fc597703280>,12,18,[5 8],13,22,40,9,22
1,<environment.Job instance at 0x7fc597295e10>,22,15,[6 2],23,38,53,15,38
1,<environment.Job instance at 0x7fc5970cd0a0>,17,18,[6 5],18,40,58,22,40
1,<environment.Job instance at 0x7fc5967a0b40>,29,22,[1 7],30,40,62,10,40
1,<environment.Job instance at 0x7fc5a077beb0>,42,14,[6 2],43,53,67,10,53
1,<environment.Job instance at 0x7fc596e360f0>,45,14,[1 6],46,58,72,12,58
1,<environment.Job instance at 0x7fc5977ce6e0>,40,14,[1 7],41,62,76,21,62
1,<environment.Job instance at 0x7fc596e36640>,50,18,[5 2],51,67,85,16,67
1,<environment.Job instance at 0x7fc597134f00>,0,13,[3 5],1,1,14,0,1
1,<environment.Job instance at 0x7fc5971344b0>,9,23,[14  3],10,14,37,4,12
1,<environment.Job instance at 0x7fc597216280>,12,24,[5 2],13,37,61,24,32
1,<environment.Job instance at 0x7fc597216140>,14,27,[5 1],15,37,64,22,35
1,<environment.Job instance at 0x7fc597216550>,17,18,[9 1],18,61,79,43,50
1,<environment.Job instance at 0x7fc597216a00>,13,14,[ 4 12],14,64,78,50,53
1,<environment.Job instance at 0x7fc5972160f0>,18,14,[14  2],19,79,93,60,64
1,<environment.Job instance at 0x7fc5a02abdc0>,0,13,[3 5],1,1,14,0,1
1,<environment.Job instance at 0x7fc596ca4a50>,17,18,[9 1],18,18,36,0,18
1,<environment.Job instance at 0x7fc59691e230>,22,19,[5 3],23,23,42,0,23
1,<environment.Job instance at 0x7fc59692b460>,28,13,[5 3],29,36,49,7,36
1,<environment.Job instance at 0x7fc59691f640>,35,14,[4 7],36,36,50,0,36
1,<environment.Job instance at 0x7fc59693d460>,24,21,[6 4],25,42,63,17,42
1,<environment.Job instance at 0x7fc59692ba00>,27,14,[8 2],28,50,64,22,50
1,<environment.Job instance at 0x7fc5969397d0>,38,14,[ 2 10],39,63,77,24,63
1,<environment.Job instance at 0x7fc596953e60>,36,16,[9 4],37,64,80,27,64
1,<environment.Job instance at 0x7fc5978cf820>,3,12,[7 1],4,5,17,1,5
1,<environment.Job instance at 0x7fc597ad30a0>,7,15,[6 2],8,8,23,0,8
1,<environment.Job instance at 0x7fc597ad3a00>,11,17,[3 5],12,17,34,5,12
1,<environment.Job instance at 0x7fc597ad3c30>,13,14,[6 1],14,17,31,3,15
1,<environment.Job instance at 0x7fc597ad3eb0>,12,16,[ 3 13],13,34,50,21,21
1,<environment.Job instance at 0x7fc597ad3320>,17,13,[9 5],18,50,63,32,34
1,<environment.Job instance at 0x7fc59783ac30>,20,14,[2 5],21,50,64,29,35
1,<environment.Job instance at 0x7fc59783ad20>,25,16,[12  2],26,63,79,37,50
1,<environment.Job instance at 0x7fc597695a00>,2,14,[9 1],3,3,17,0,3
1,<environment.Job instance at 0x7fc5978650f0>,7,15,[6 2],8,8,23,0,8
1,<environment.Job instance at 0x7fc597695050>,3,12,[7 1],4,17,29,13,17
1,<environment.Job instance at 0x7fc596d39640>,13,14,[6 1],14,23,37,9,23
1,<environment.Job instance at 0x7fc59670bcd0>,17,13,[9 5],18,29,42,11,29
1,<environment.Job instance at 0x7fc597d0cbe0>,20,14,[2 5],21,37,51,16,37
1,<environment.Job instance at 0x7fc596b21dc0>,11,17,[3 5],12,37,54,25,37
1,<environment.Job instance at 0x7fc597d0ce10>,24,17,[10  4],25,42,59,17,42
1,<environment.Job instance at 0x7fc596b45aa0>,28,14,[2 7],29,54,68,25,54
1,<environment.Job instance at 0x7fc59769ae10>,30,14,[3 7],31,59,73,28,59
1,<environment.Job instance at 0x7fc59670b320>,18,16,[3 6],19,68,84,49,68
1,<environment.Job instance at 0x7fc596b77640>,8,14,[5 7],9,9,23,0,9
1,<environment.Job instance at 0x7fc596c75e10>,7,21,[4 6],8,12,33,4,12
1,<environment.Job instance at 0x7fc596b77e60>,16,20,[5 7],17,23,43,6,17
1,<environment.Job instance at 0x7fc596b77b40>,15,12,[ 3 11],16,43,55,27,28
1,<environment.Job instance at 0x7fc597b51280>,18,18,[12  1],19,43,61,24,35
1,<environment.Job instance at 0x7fc5975f0d20>,19,15,[2 8],20,55,70,35,44
1,<environment.Job instance at 0x7fc597b51910>,17,16,[4 8],18,70,86,52,58
1,<environment.Job instance at 0x7fc597293550>,21,12,[6 1],22,61,73,39,58
1,<environment.Job instance at 0x7fc597293cd0>,22,25,[8 3],23,73,98,50,69
1,<environment.Job instance at 0x7fc597632640>,0,18,[10  5],1,1,19,0,1
1,<environment.Job instance at 0x7fc5976bc460>,3,19,[ 4 10],4,4,23,0,4
1,<environment.Job instance at 0x7fc5976bc780>,6,15,[9 4],7,19,34,12,19
1,<environment.Job instance at 0x7fc59769a550>,21,12,[6 1],22,23,35,1,23
1,<environment.Job instance at 0x7fc5976bca50>,8,14,[5 7],9,34,48,25,34
1,<environment.Job instance at 0x7fc596910d20>,19,15,[2 8],20,35,50,15,35
1,<environment.Job instance at 0x7fc597d0cbe0>,26,16,[1 7],27,48,64,21,48
1,<environment.Job instance at 0x7fc59718fcd0>,17,16,[4 8],18,50,66,32,50
1,<environment.Job instance at 0x7fc596b8b640>,33,13,[8 2],34,64,77,30,64
1,<environment.Job instance at 0x7fc59751c410>,39,13,[1 8],40,66,79,26,66
1,<environment.Job instance at 0x7fc596db0730>,4,15,[2 5],5,9,24,4,9
1,<environment.Job instance at 0x7fc597cec5a0>,5,18,[9 5],6,11,29,5,11
1,<environment.Job instance at 0x7fc596db0af0>,10,17,[2 6],11,24,41,13,12
1,<environment.Job instance at 0x7fc597cdf910>,4,15,[2 5],5,5,20,0,5
1,<environment.Job instance at 0x7fc597cdf370>,5,18,[9 5],6,6,24,0,6
1,<environment.Job instance at 0x7fc597cdfb40>,10,17,[2 6],11,20,37,9,20
1,<environment.Job instance at 0x7fc597cdfa50>,9,15,[7 1],10,24,39,14,24
1,<environment.Job instance at 0x7fc597cdffa0>,13,22,[5 3],14,24,46,10,24
1,<environment.Job instance at 0x7fc596b8b640>,27,17,[2 6],28,37,54,9,37
1,<environment.Job instance at 0x7fc5976389b0>,32,15,[4 5],33,39,54,6,39
1,<environment.Job instance at 0x7fc597cd7dc0>,40,15,[7 4],41,46,61,5,46
1,<environment.Job instance at 0x7fc59718f8c0>,46,15,[5 5],47,54,69,7,54
1,<environment.Job instance at 0x7fc59668c140>,51,17,[2 5],52,54,71,2,54
1,<environment.Job instance at 0x7fc597695a00>,34,17,[3 5],35,61,78,26,61
1,<environment.Job instance at 0x7fc596db4780>,57,12,[10  1],58,69,81,11,69
1,<environment.Job instance at 0x7fc597569640>,4,12,[6 3],5,5,17,0,5
1,<environment.Job instance at 0x7fc59753f6e0>,7,12,[4 6],8,8,20,0,8
1,<environment.Job instance at 0x7fc597569910>,8,13,[2 6],9,9,22,0,9
1,<environment.Job instance at 0x7fc597569c30>,6,18,[11  3],7,20,38,13,12
1,<environment.Job instance at 0x7fc597569410>,12,15,[ 5 12],13,38,53,25,24
1,<environment.Job instance at 0x7fc59754a6e0>,17,13,[3 9],18,53,66,35,44
1,<environment.Job instance at 0x7fc597569fa0>,9,13,[10  4],10,53,66,43,44
1,<environment.Job instance at 0x7fc5975696e0>,13,26,[ 1 12],14,66,92,52,63
1,<environment.Job instance at 0x7fc59753f5a0>,4,12,[6 3],5,5,17,0,5
1,<environment.Job instance at 0x7fc597c407d0>,7,12,[4 6],8,8,20,0,8
1,<environment.Job instance at 0x7fc5968c7370>,8,13,[2 6],9,9,22,0,9
1,<environment.Job instance at 0x7fc5968c76e0>,9,13,[10  4],10,20,33,10,20
1,<environment.Job instance at 0x7fc5968c73c0>,17,13,[3 9],18,22,35,4,22
1,<environment.Job instance at 0x7fc59755b6e0>,30,18,[7 5],31,33,51,2,33
1,<environment.Job instance at 0x7fc59755b140>,33,13,[1 7],34,35,48,1,35
1,<environment.Job instance at 0x7fc596dc6e60>,39,12,[7 4],40,48,60,8,48
1,<environment.Job instance at 0x7fc59755bb40>,34,13,[3 5],35,51,64,16,51
1,<environment.Job instance at 0x7fc596dc6d20>,41,14,[8 1],42,60,74,18,60
1,<environment.Job instance at 0x7fc5968c7b90>,31,15,[2 7],32,60,75,28,60
1,<environment.Job instance at 0x7fc59714a280>,3,14,[4 5],4,4,18,0,4
1,<environment.Job instance at 0x7fc5964f00a0>,6,13,[4 5],7,7,20,0,7
1,<environment.Job instance at 0x7fc59714aaa0>,5,14,[1 7],6,18,32,12,12
1,<environment.Job instance at 0x7fc5964f05f0>,10,22,[6 5],11,20,42,9,14
1,<environment.Job instance at 0x7fc5964f0aa0>,7,23,[2 6],8,32,55,24,27
1,<environment.Job instance at 0x7fc5969613c0>,30,13,[9 3],31,42,55,11,38
1,<environment.Job instance at 0x7fc5964f02d0>,9,15,[ 5 11],10,55,70,45,41
1,<environment.Job instance at 0x7fc596961be0>,32,13,[13  5],33,70,83,37,54
1,<environment.Job instance at 0x7fc596fc41e0>,3,14,[4 5],4,4,18,0,4
1,<environment.Job instance at 0x7fc59714a0f0>,5,14,[1 7],6,6,20,0,6
1,<environment.Job instance at 0x7fc59714a230>,6,13,[4 5],7,18,31,11,18
1,<environment.Job instance at 0x7fc596b8e690>,18,12,[8 4],19,20,32,1,20
1,<environment.Job instance at 0x7fc596b8efa0>,27,16,[1 8],28,31,47,3,31
1,<environment.Job instance at 0x7fc596b8e5a0>,26,12,[8 4],27,32,44,5,32
1,<environment.Job instance at 0x7fc596fa9c80>,35,17,[5 3],36,36,53,0,36
1,<environment.Job instance at 0x7fc596fa93c0>,30,13,[9 3],31,44,57,13,44
1,<environment.Job instance at 0x7fc596fa9780>,42,12,[1 7],43,53,65,10,53
1,<environment.Job instance at 0x7fc596fa9dc0>,36,12,[2 7],37,57,69,20,57
1,<environment.Job instance at 0x7fc596fa9a00>,44,13,[10  1],45,57,70,12,57
1,<environment.Job instance at 0x7fc596fa9c30>,43,15,[2 6],44,65,80,21,65
1,<environment.Job instance at 0x7fc596fa9320>,45,18,[1 7],46,69,87,23,69
1,<environment.Job instance at 0x7fc596a68370>,1,13,[9 2],2,2,15,0,2
1,<environment.Job instance at 0x7fc5978a4dc0>,2,12,[4 7],3,3,15,0,3
1,<environment.Job instance at 0x7fc5978a4050>,6,14,[4 8],7,15,29,8,7
1,<environment.Job instance at 0x7fc5975e6320>,8,12,[1 6],9,9,21,0,9
1,<environment.Job instance at 0x7fc597c94370>,10,14,[8 4],11,21,35,10,14
1,<environment.Job instance at 0x7fc5978a49b0>,9,19,[ 5 12],10,35,54,25,25
1,<environment.Job instance at 0x7fc5978b3f00>,11,24,[14  3],12,54,78,42,52
1,<environment.Job instance at 0x7fc5978b37d0>,16,15,[13  5],17,78,93,61,67
1,<environment.Job instance at 0x7fc596a68280>,1,13,[9 2],2,2,15,0,2
1,<environment.Job instance at 0x7fc596a68dc0>,2,12,[4 7],3,3,15,0,3
1,<environment.Job instance at 0x7fc5969fe730>,8,12,[1 6],9,9,21,0,9
1,<environment.Job instance at 0x7fc596a68eb0>,6,14,[4 8],7,15,29,8,15
1,<environment.Job instance at 0x7fc5969feb40>,18,14,[5 7],19,21,35,2,21
1,<environment.Job instance at 0x7fc5969fe8c0>,10,14,[8 4],11,29,43,18,29
1,<environment.Job instance at 0x7fc596fa9320>,17,20,[4 5],18,35,55,17,35
1,<environment.Job instance at 0x7fc596b8e910>,36,18,[1 6],37,37,55,0,37
1,<environment.Job instance at 0x7fc596b8ea50>,41,17,[7 3],42,43,60,1,43
1,<environment.Job instance at 0x7fc5975182d0>,47,15,[6 1],48,55,70,7,55
1,<environment.Job instance at 0x7fc59714a230>,56,16,[9 2],57,60,76,3,60
1,<environment.Job instance at 0x7fc5977ab320>,2,14,[10  1],3,6,20,3,6
1,<environment.Job instance at 0x7fc5977aba50>,2,14,[10  1],3,3,17,0,3
1,<environment.Job instance at 0x7fc5977abb40>,3,18,[3 8],4,4,22,0,4
1,<environment.Job instance at 0x7fc5978fd1e0>,7,16,[1 6],8,8,24,0,8
1,<environment.Job instance at 0x7fc597628190>,19,16,[7 2],20,22,38,2,22
1,<environment.Job instance at 0x7fc5978fdc80>,5,12,[ 5 10],6,24,36,18,24
1,<environment.Job instance at 0x7fc5976286e0>,22,14,[8 5],23,36,50,13,36
1,<environment.Job instance at 0x7fc597628b40>,26,14,[1 8],27,38,52,11,38
1,<environment.Job instance at 0x7fc597628e60>,28,15,[10  1],29,50,65,21,50
1,<environment.Job instance at 0x7fc597628d70>,25,16,[1 6],26,50,66,24,50
1,<environment.Job instance at 0x7fc597628460>,38,14,[1 7],39,52,66,13,52
1,<environment.Job instance at 0x7fc59710baf0>,40,13,[5 5],41,66,79,25,66
1,<environment.Job instance at 0x7fc597628690>,33,16,[3 7],34,66,82,32,66
1,<environment.Job instance at 0x7fc596d4bbe0>,2,20,[5 3],3,3,23,0,3
1,<environment.Job instance at 0x7fc596d4beb0>,8,13,[14  2],9,23,36,14,15
1,<environment.Job instance at 0x7fc596d9fa50>,2,20,[5 3],3,3,23,0,3
1,<environment.Job instance at 0x7fc596dc49b0>,7,20,[8 1],8,8,28,0,8
1,<environment.Job instance at 0x7fc59710be10>,12,15,[5 1],13,23,38,10,23
1,<environment.Job instance at 0x7fc59710baf0>,22,15,[3 7],23,28,43,5,28
1,<environment.Job instance at 0x7fc596d9fe10>,11,16,[4 6],12,28,44,16,28
1,<environment.Job instance at 0x7fc597628a00>,41,13,[10  3],42,43,56,1,43
1,<environment.Job instance at 0x7fc59710b780>,25,19,[2 5],26,44,63,18,44
1,<environment.Job instance at 0x7fc597628370>,44,14,[3 7],45,45,59,0,45
1,<environment.Job instance at 0x7fc5976284b0>,37,16,[9 1],38,56,72,18,56
1,<environment.Job instance at 0x7fc5978fd780>,52,18,[3 5],53,59,77,6,59
1,<environment.Job instance at 0x7fc597628f50>,34,22,[1 8],35,63,85,28,63
1,<environment.Job instance at 0x7f106b455730>,1,15,[5 2],2,2,17,0,2
1,<environment.Job instance at 0x7f1061e0bc80>,5,18,[7 5],6,6,24,0,6
1,<environment.Job instance at 0x7f1061e0beb0>,7,12,[7 2],8,17,29,9,8
1,<environment.Job instance at 0x7f1061e15f00>,1,15,[5 2],2,2,17,0,2
1,<environment.Job instance at 0x7f1061e183c0>,5,18,[7 5],6,6,24,0,6
1,<environment.Job instance at 0x7f1061e185f0>,7,12,[7 2],8,17,29,9,17
1,<environment.Job instance at 0x7f1061e187d0>,9,17,[8 1],10,24,41,14,24
1,<environment.Job instance at 0x7f1061e18c80>,18,18,[3 6],19,29,47,10,29
1,<environment.Job instance at 0x7f1061e18500>,12,22,[4 6],13,29,51,16,29
1,<environment.Job instance at 0x7f1061e1b370>,30,15,[8 2],31,41,56,10,41
1,<environment.Job instance at 0x7f1061e1b410>,31,13,[4 5],32,51,64,19,51
1,<environment.Job instance at 0x7f1061e1ba50>,39,13,[5 4],40,56,69,16,56
1,<environment.Job instance at 0x7f1061e188c0>,11,14,[10  4],12,64,78,52,64
1,<environment.Job instance at 0x7f1061e1bd20>,44,14,[8 4],45,78,92,33,78
1,<environment.Job instance at 0x7f1061e1be10>,43,14,[6 1],44,78,92,34,78
1,<environment.Job instance at 0x7f10615547d0>,11,14,[12  2],12,12,26,0,12
1,<environment.Job instance at 0x7f1061554e10>,7,17,[7 4],8,26,43,18,15
1,<environment.Job instance at 0x7f1061554f50>,9,18,[ 4 11],10,26,44,16,16
1,<environment.Job instance at 0x7f1061552280>,14,16,[ 5 14],15,44,60,29,31
1,<environment.Job instance at 0x7f1061552910>,22,12,[10  1],23,44,56,21,44
1,<environment.Job instance at 0x7f1061552140>,15,24,[ 2 11],16,60,84,44,55
1,<environment.Job instance at 0x7f1061553320>,34,20,[5 7],35,84,104,49,75
1,<environment.Job instance at 0x7f1061e18aa0>,0,19,[8 4],1,1,20,0,1
1,<environment.Job instance at 0x7f1061e18960>,1,17,[2 7],2,2,19,0,2
1,<environment.Job instance at 0x7f1061e18370>,7,17,[7 4],8,19,36,11,19
1,<environment.Job instance at 0x7f106162afa0>,19,14,[6 1],20,20,34,0,20
1,<environment.Job instance at 0x7f10615b9e10>,27,17,[5 6],28,34,51,6,34
1,<environment.Job instance at 0x7f10616305f0>,22,12,[10  1],23,36,48,13,36
1,<environment.Job instance at 0x7f106162cf00>,39,14,[9 1],40,48,62,8,48
1,<environment.Job instance at 0x7f10615c78c0>,43,16,[1 8],44,48,64,4,48
1,<environment.Job instance at 0x7f10615b9050>,30,15,[2 6],31,51,66,20,51
1,<environment.Job instance at 0x7f106162cd70>,40,15,[9 2],41,66,81,25,66
1,<environment.Job instance at 0x7f10615d2e10>,55,16,[5 2],56,66,82,10,66
1,<environment.Job instance at 0x7f10613c1b90>,7,13,[4 5],8,8,21,0,8
1,<environment.Job instance at 0x7f10613c1e60>,8,22,[ 2 10],9,9,31,0,9
1,<environment.Job instance at 0x7f10613c15a0>,10,18,[11  1],11,21,39,10,14
1,<environment.Job instance at 0x7f10613c1d70>,9,15,[12  2],10,39,54,29,25
1,<environment.Job instance at 0x7f10613c1960>,15,14,[11  3],16,54,68,38,39
1,<environment.Job instance at 0x7f10613c1dc0>,11,18,[ 4 10],12,54,72,42,45
1,<environment.Job instance at 0x7f10613c1410>,14,21,[9 1],15,68,89,53,60
1,<environment.Job instance at 0x7f106b5c5730>,0,15,[8 3],1,1,16,0,1
1,<environment.Job instance at 0x7f10613fd960>,7,13,[4 5],8,8,21,0,8
1,<environment.Job instance at 0x7f10613fa780>,13,16,[7 1],14,16,32,2,16
1,<environment.Job instance at 0x7f10613fad20>,11,18,[ 4 10],12,21,39,9,21
1,<environment.Job instance at 0x7f10613fab90>,17,18,[10  1],18,32,50,14,32
1,<environment.Job instance at 0x7f10613fa6e0>,21,13,[ 4 10],22,39,52,17,39
1,<environment.Job instance at 0x7f10613fab40>,14,21,[9 1],15,50,71,35,50
1,<environment.Job instance at 0x7f10613fa690>,22,14,[4 7],23,52,66,29,52
1,<environment.Job instance at 0x7f10613fda50>,8,22,[ 2 10],9,66,88,57,66
1,<environment.Job instance at 0x7f1061473b40>,48,17,[10  2],49,71,88,22,71
1,<environment.Job instance at 0x7f10615aba00>,8,15,[ 5 11],9,27,42,18,27
1,<environment.Job instance at 0x7f10615ab550>,4,28,[6 3],5,30,58,25,30
1,<environment.Job instance at 0x7f1061902d70>,3,18,[8 5],4,4,22,0,4
1,<environment.Job instance at 0x7f1061459d70>,9,21,[6 4],10,10,31,0,10
1,<environment.Job instance at 0x7f10614171e0>,20,12,[6 2],21,22,34,1,22
1,<environment.Job instance at 0x7f1061459af0>,10,17,[2 6],11,22,39,11,22
1,<environment.Job instance at 0x7f10614176e0>,18,17,[1 7],19,31,48,12,31
1,<environment.Job instance at 0x7f1061417e60>,24,12,[1 8],25,39,51,14,39
1,<environment.Job instance at 0x7f1061417fa0>,28,13,[3 5],29,49,62,20,49
1,<environment.Job instance at 0x7f1061417f50>,32,14,[3 5],33,51,65,18,51
1,<environment.Job instance at 0x7f1061841c30>,49,16,[7 2],50,51,67,1,51
1,<environment.Job instance at 0x7f106b5bd1e0>,37,20,[3 7],38,62,82,24,62
1,<environment.Job instance at 0x7f1061459eb0>,12,17,[8 5],13,67,84,54,67
1,<environment.Job instance at 0x7f1061422140>,0,14,[7 2],1,1,15,0,1
1,<environment.Job instance at 0x7f1061cae780>,10,28,[1 7],11,13,41,2,13
1,<environment.Job instance at 0x7f1061cae3c0>,13,16,[2 8],14,20,36,6,20
1,<environment.Job instance at 0x7f1061434e60>,0,14,[7 2],1,1,15,0,1
1,<environment.Job instance at 0x7f10614345f0>,1,19,[8 2],2,2,21,0,2
1,<environment.Job instance at 0x7f1061841cd0>,12,13,[ 4 10],13,15,28,2,15
1,<environment.Job instance at 0x7f10618411e0>,15,13,[2 5],16,21,34,5,21
1,<environment.Job instance at 0x7f1061841410>,20,12,[4 7],21,28,40,7,28
1,<environment.Job instance at 0x7f10614347d0>,4,16,[8 3],5,28,44,23,28
1,<environment.Job instance at 0x7f1061841960>,13,16,[2 8],14,40,56,26,40
1,<environment.Job instance at 0x7f106b5bd780>,36,15,[5 7],37,44,59,7,44
1,<environment.Job instance at 0x7f10615552d0>,30,17,[2 8],31,56,73,25,56
1,<environment.Job instance at 0x7f10615558c0>,27,17,[6 3],28,59,76,31,59
1,<environment.Job instance at 0x7f1061417640>,40,17,[5 4],41,59,76,18,59
1,<environment.Job instance at 0x7f1061434d20>,11,22,[4 8],12,73,95,61,73
1,<environment.Job instance at 0x7f1061417d70>,44,12,[8 2],45,76,88,31,76
1,<environment.Job instance at 0x7f10618a90a0>,3,12,[ 1 10],4,4,16,0,4
1,<environment.Job instance at 0x7f10618a9dc0>,10,16,[ 1 10],11,16,32,5,11
1,<environment.Job instance at 0x7f10618a9eb0>,14,13,[14  1],15,15,28,0,15
1,<environment.Job instance at 0x7f10618a9320>,16,22,[14  2],17,28,50,11,22
1,<environment.Job instance at 0x7f1061434870>,6,28,[1 9],7,32,60,25,31
1,<environment.Job instance at 0x7f10618a9780>,18,14,[11  1],19,50,64,31,35
1,<environment.Job instance at 0x7f10618a9aa0>,12,18,[12  5],13,64,82,51,56
1,<environment.Job instance at 0x7f10618a9e10>,17,14,[12  4],18,82,96,64,68
1,<environment.Job instance at 0x7f1061459910>,0,17,[2 6],1,1,18,0,1
1,<environment.Job instance at 0x7f1061459e10>,5,14,[9 5],6,6,20,0,6
1,<environment.Job instance at 0x7f1061459dc0>,3,12,[ 1 10],4,18,30,14,18
1,<environment.Job instance at 0x7f106b5bd050>,10,16,[ 1 10],11,30,46,19,30
1,<environment.Job instance at 0x7f1061434f00>,34,15,[6 4],35,35,50,0,35
1,<environment.Job instance at 0x7f1061845b40>,38,13,[7 1],39,39,52,0,39
1,<environment.Job instance at 0x7f106183eaf0>,39,16,[2 6],40,46,62,6,46
1,<environment.Job instance at 0x7f106b5bdfa0>,8,17,[2 8],9,50,67,41,50
1,<environment.Job instance at 0x7f10617d2af0>,48,17,[9 1],49,52,69,3,52
1,<environment.Job instance at 0x7f10617d2cd0>,54,12,[3 5],55,62,74,7,62
1,<environment.Job instance at 0x7f10617d23c0>,51,16,[1 8],52,67,83,15,67
1,<environment.Job instance at 0x7f106186d190>,65,14,[3 6],66,74,88,8,74
1,<environment.Job instance at 0x7f10617f6730>,0,14,[8 1],1,1,15,0,1
1,<environment.Job instance at 0x7f106208e460>,7,12,[1 6],8,8,20,0,8
1,<environment.Job instance at 0x7f106208e690>,9,16,[7 3],10,15,31,5,11
1,<environment.Job instance at 0x7f106186d8c0>,0,14,[8 1],1,1,15,0,1
1,<environment.Job instance at 0x7f106186daf0>,7,12,[1 6],8,8,20,0,8
1,<environment.Job instance at 0x7f106186d820>,9,16,[7 3],10,15,31,5,15
1,<environment.Job instance at 0x7f106186d190>,14,17,[2 5],15,15,32,0,15
1,<environment.Job instance at 0x7f10617d2af0>,25,12,[ 2 10],26,31,43,5,31
1,<environment.Job instance at 0x7f10617d21e0>,15,14,[8 2],16,32,46,16,32
1,<environment.Job instance at 0x7f106186d910>,12,14,[ 4 10],13,43,57,30,43
1,<environment.Job instance at 0x7f10617d2b90>,26,15,[9 2],27,46,61,19,46
1,<environment.Job instance at 0x7f10617d25a0>,23,17,[6 1],24,57,74,33,57
1,<environment.Job instance at 0x7f106293a870>,43,16,[8 4],44,61,77,17,61
1,<environment.Job instance at 0x7f10618418c0>,46,15,[5 7],47,74,89,27,74
1,<environment.Job instance at 0x7f1061841cd0>,50,12,[8 1],51,77,89,26,77
1,<environment.Job instance at 0x7f10617f6c80>,4,21,[ 1 12],5,8,29,3,8
1,<environment.Job instance at 0x7f1061a6c8c0>,8,12,[6 1],9,9,21,0,9
1,<environment.Job instance at 0x7f1061a6cb90>,10,21,[5 1],11,11,32,0,11
1,<environment.Job instance at 0x7f1061a6c870>,12,14,[9 5],13,29,43,16,14
1,<environment.Job instance at 0x7f1061a6c780>,20,12,[8 2],21,43,55,22,26
1,<environment.Job instance at 0x7f1061a6cfa0>,15,28,[5 5],16,32,60,16,31
1,<environment.Job instance at 0x7f1061a6c3c0>,25,12,[ 4 13],26,60,72,34,43
1,<environment.Job instance at 0x7f1061a6c5f0>,13,19,[11  2],14,60,79,46,52
1,<environment.Job instance at 0x7f1061a6ca00>,16,19,[ 1 12],17,72,91,55,62
1,<environment.Job instance at 0x7f10614591e0>,0,20,[6 5],1,1,21,0,1
1,<environment.Job instance at 0x7f106183e730>,7,14,[7 5],8,8,22,0,8
1,<environment.Job instance at 0x7f1061434f00>,8,12,[6 1],9,21,33,12,21
1,<environment.Job instance at 0x7f10617d2500>,20,12,[8 2],21,22,34,1,22
1,<environment.Job instance at 0x7f10617d23c0>,24,16,[5 5],25,33,49,8,33
1,<environment.Job instance at 0x7f10617d2230>,28,18,[1 5],29,33,51,4,33
1,<environment.Job instance at 0x7f1061434370>,12,14,[9 5],13,34,48,21,34
1,<environment.Job instance at 0x7f10617d2aa0>,34,12,[8 2],35,48,60,13,48
1,<environment.Job instance at 0x7f10617d2370>,33,12,[4 8],34,49,61,15,49
1,<environment.Job instance at 0x7f1062092d70>,39,12,[5 5],40,60,72,20,60
1,<environment.Job instance at 0x7f1061434c30>,10,21,[5 1],11,60,81,49,60
1,<environment.Job instance at 0x7f10618a5d20>,45,12,[4 8],46,61,73,15,61
1,<environment.Job instance at 0x7f10617fa5a0>,42,14,[4 9],43,73,87,30,73
1,<environment.Job instance at 0x7f106207a820>,55,16,[5 5],56,73,89,17,73
1,<environment.Job instance at 0x7f10612ee5f0>,0,12,[1 5],1,1,13,0,1
1,<environment.Job instance at 0x7f10612ee050>,7,21,[1 9],8,10,31,2,10
1,<environment.Job instance at 0x7f10612ee500>,8,23,[13  5],9,13,36,4,11
1,<environment.Job instance at 0x7f1061486780>,0,12,[1 5],1,1,13,0,1
1,<environment.Job instance at 0x7f1061486e10>,7,21,[1 9],8,8,29,0,8
1,<environment.Job instance at 0x7f1061486140>,11,15,[10  1],12,12,27,0,12
1,<environment.Job instance at 0x7f106207a6e0>,12,20,[4 5],13,13,33,0,13
1,<environment.Job instance at 0x7f106222c870>,20,13,[5 8],21,29,42,8,29
1,<environment.Job instance at 0x7f106b5bdaa0>,27,13,[7 5],28,33,46,5,33
1,<environment.Job instance at 0x7f106b5bdeb0>,28,13,[1 8],29,42,55,13,42
1,<environment.Job instance at 0x7f106120d1e0>,37,13,[10  4],38,46,59,8,46
1,<environment.Job instance at 0x7f106120dc80>,47,12,[5 1],48,55,67,7,55
1,<environment.Job instance at 0x7f106120d5f0>,41,13,[ 4 10],42,59,72,17,59
1,<environment.Job instance at 0x7f106222cbe0>,19,14,[6 5],20,67,81,47,67
1,<environment.Job instance at 0x7f10611f5b40>,68,12,[1 7],69,72,84,3,72
1,<environment.Job instance at 0x7f1061a2e320>,2,15,[6 2],3,3,18,0,3
1,<environment.Job instance at 0x7f1061c77d70>,5,23,[5 5],6,6,29,0,6
1,<environment.Job instance at 0x7f1061a2efa0>,9,22,[1 7],10,13,35,3,13
1,<environment.Job instance at 0x7f1061c77550>,10,19,[5 6],11,29,48,18,20
1,<environment.Job instance at 0x7f1061c77050>,11,14,[ 2 11],12,48,62,36,33
1,<environment.Job instance at 0x7f1061c77aa0>,8,15,[13  3],9,48,63,39,34
1,<environment.Job instance at 0x7f1061c77500>,13,23,[14  5],14,63,86,49,58
1,<environment.Job instance at 0x7f106120d9b0>,1,18,[5 7],2,2,20,0,2
1,<environment.Job instance at 0x7f106120df00>,2,15,[6 2],3,3,18,0,3
1,<environment.Job instance at 0x7f106120d0a0>,10,19,[5 6],11,18,37,7,18
1,<environment.Job instance at 0x7f106120d730>,9,22,[1 7],10,20,42,10,20
1,<environment.Job instance at 0x7f10626dabe0>,22,14,[6 2],23,23,37,0,23
1,<environment.Job instance at 0x7f106222c870>,20,14,[1 7],21,37,51,16,37
1,<environment.Job instance at 0x7f1061bebeb0>,25,14,[1 6],26,42,56,16,42
1,<environment.Job instance at 0x7f10629054b0>,30,18,[5 2],31,42,60,11,42
1,<environment.Job instance at 0x7f1062905a50>,32,14,[8 3],33,51,65,18,51
1,<environment.Job instance at 0x7f1061dbea00>,50,13,[3 5],51,60,73,9,60
1,<environment.Job instance at 0x7f1061dbed70>,47,12,[9 1],48,65,77,17,65
1,<environment.Job instance at 0x7f10629057d0>,31,20,[3 7],32,65,85,33,65
1,<environment.Job instance at 0x7f1061dbe320>,44,15,[5 8],45,77,92,32,77
1,<environment.Job instance at 0x7f10625fe7d0>,2,23,[5 5],3,3,26,0,3
1,<environment.Job instance at 0x7f10625fe190>,5,14,[4 7],6,6,20,0,6
1,<environment.Job instance at 0x7f10625fec80>,6,16,[9 4],7,20,36,13,7
1,<environment.Job instance at 0x7f10625fe0f0>,8,14,[ 2 10],9,26,40,17,11
1,<environment.Job instance at 0x7f10625fea50>,11,18,[5 5],12,36,54,24,25
1,<environment.Job instance at 0x7f10625fe9b0>,10,16,[ 3 10],11,40,56,29,40
1,<environment.Job instance at 0x7f106120d140>,9,25,[3 9],10,57,82,47,57
1,<environment.Job instance at 0x7f10621a10f0>,16,18,[1 5],17,58,76,41,58
1,<environment.Job instance at 0x7f10621a15a0>,17,18,[9 5],18,76,94,58,68
1,<environment.Job instance at 0x7f10625fec30>,12,16,[5 5],13,82,98,69,69
1,<environment.Job instance at 0x7f1062425cd0>,5,14,[4 7],6,6,20,0,6
1,<environment.Job instance at 0x7f10624255a0>,6,16,[9 4],7,7,23,0,7
1,<environment.Job instance at 0x7f1062425460>,8,14,[ 2 10],9,20,34,11,20
1,<environment.Job instance at 0x7f1062425dc0>,12,16,[5 5],13,23,39,10,23
1,<environment.Job instance at 0x7f1061dbeaf0>,24,13,[5 5],25,34,47,9,34
1,<environment.Job instance at 0x7f10624258c0>,16,18,[1 5],17,34,52,17,34
1,<environment.Job instance at 0x7f1061dbea50>,26,16,[8 3],27,39,55,12,39
1,<environment.Job instance at 0x7f1062425320>,11,18,[5 5],12,47,65,35,47
1,<environment.Job instance at 0x7f10629055a0>,37,14,[5 1],38,55,69,17,55
1,<environment.Job instance at 0x7f1062905af0>,33,18,[5 5],34,55,73,21,55
1,<environment.Job instance at 0x7f1061a2e870>,43,12,[7 1],44,69,81,25,69
1,<environment.Job instance at 0x7f1061a2e0f0>,47,15,[6 2],48,73,88,25,73
1,<environment.Job instance at 0x7f10616a7550>,6,15,[6 1],7,7,22,0,7
1,<environment.Job instance at 0x7f10623f3e10>,19,26,[6 2],20,20,46,0,20
1,<environment.Job instance at 0x7f10623f3d70>,16,13,[9 2],17,22,35,5,22
1,<environment.Job instance at 0x7f10623f30f0>,21,16,[6 3],22,35,51,13,22
1,<environment.Job instance at 0x7f10616a74b0>,17,18,[ 1 12],18,69,87,51,69
1,<environment.Job instance at 0x7f1062425c30>,1,20,[7 4],2,2,22,0,2
1,<environment.Job instance at 0x7f10624250f0>,2,22,[ 2 10],3,3,25,0,3
1,<environment.Job instance at 0x7f1062425be0>,6,15,[6 1],7,7,22,0,7
1,<environment.Job instance at 0x7f1062425280>,8,17,[5 5],9,22,39,13,22
1,<environment.Job instance at 0x7f10616a7910>,10,13,[3 8],11,25,38,14,25
1,<environment.Job instance at 0x7f10616a7730>,12,17,[1 8],13,38,55,25,38
1,<environment.Job instance at 0x7f1062298820>,16,13,[9 2],17,38,51,21,38
1,<environment.Job instance at 0x7f1062298b40>,21,16,[6 3],22,51,67,29,51
1,<environment.Job instance at 0x7f1062425690>,7,17,[5 7],8,55,72,47,55
1,<environment.Job instance at 0x7f1062425aa0>,9,17,[4 6],10,67,84,57,67
1,<environment.Job instance at 0x7f10622980f0>,14,17,[1 9],15,72,89,57,72
1,<environment.Job instance at 0x7f1062883410>,1,14,[ 4 10],2,2,16,0,2
1,<environment.Job instance at 0x7f1062a1e500>,10,22,[8 3],11,12,34,1,12
1,<environment.Job instance at 0x7f1062a1e5a0>,13,21,[9 1],14,38,59,24,38
1,<environment.Job instance at 0x7f1062298190>,1,14,[ 4 10],2,2,16,0,2
1,<environment.Job instance at 0x7f1062136af0>,10,22,[8 3],11,11,33,0,11
1,<environment.Job instance at 0x7f1062a1ea00>,2,15,[4 8],3,16,31,13,16
1,<environment.Job instance at 0x7f106223eaa0>,24,15,[2 5],25,31,46,6,31
1,<environment.Job instance at 0x7f10621367d0>,15,16,[1 7],16,31,47,15,31
1,<environment.Job instance at 0x7f106223ec80>,29,15,[7 1],30,33,48,3,33
1,<environment.Job instance at 0x7f106223ed70>,30,17,[2 6],31,46,63,15,46
1,<environment.Job instance at 0x7f1061ee27d0>,47,17,[2 6],48,48,65,0,48
1,<environment.Job instance at 0x7f106223ea00>,42,18,[10  2],43,48,66,5,48
1,<environment.Job instance at 0x7f1061ee2a50>,52,15,[4 5],53,65,80,12,65
1,<environment.Job instance at 0x7f106196e410>,60,15,[7 4],61,66,81,5,66
1,<environment.Job instance at 0x7f1061ee2870>,54,17,[3 5],55,66,83,11,66
1,<environment.Job instance at 0x7f106146e190>,5,12,[ 1 10],6,6,18,0,6
1,<environment.Job instance at 0x7f106146edc0>,8,17,[2 5],9,9,26,0,9
1,<environment.Job instance at 0x7f106146eb90>,9,17,[3 6],10,18,35,8,10
1,<environment.Job instance at 0x7f106146e9b0>,10,13,[12  4],11,26,39,15,13
1,<environment.Job instance at 0x7f1061c5dc80>,14,12,[6 3],15,39,51,24,22
1,<environment.Job instance at 0x7f1062298c30>,1,17,[1 9],2,38,55,36,38
1,<environment.Job instance at 0x7f1061c5d280>,15,17,[ 2 14],16,55,72,39,44
1,<environment.Job instance at 0x7f1061c5d5f0>,17,12,[4 6],18,72,84,54,55
1,<environment.Job instance at 0x7f1061c5d7d0>,18,13,[2 6],19,72,85,53,56
1,<environment.Job instance at 0x7f106146ee60>,12,16,[ 5 14],13,85,101,72,72
1,<environment.Job instance at 0x7f1061c5dfa0>,0,12,[10  1],1,1,13,0,1
1,<environment.Job instance at 0x7f10616ac320>,1,17,[1 9],2,2,19,0,2
1,<environment.Job instance at 0x7f10623c8c80>,8,17,[2 5],9,9,26,0,9
1,<environment.Job instance at 0x7f106146e4b0>,5,12,[ 1 10],6,19,31,13,19
1,<environment.Job instance at 0x7f10623c8280>,14,12,[6 3],15,26,38,11,26
1,<environment.Job instance at 0x7f10623e7aa0>,17,12,[4 6],18,31,43,13,31
1,<environment.Job instance at 0x7f106b47ddc0>,18,13,[2 6],19,31,44,12,31
1,<environment.Job instance at 0x7f10623e7f50>,19,13,[10  4],20,43,56,23,43
1,<environment.Job instance at 0x7f1061e5ed70>,43,13,[1 7],44,44,57,0,44
1,<environment.Job instance at 0x7f1061e5e410>,44,13,[3 5],45,56,69,11,56
1,<environment.Job instance at 0x7f10623e7550>,27,13,[3 9],28,57,70,29,57
1,<environment.Job instance at 0x7f10621e1eb0>,49,12,[7 4],50,69,81,19,69
1,<environment.Job instance at 0x7f10621e1f50>,51,14,[8 1],52,70,84,18,70
1,<environment.Job instance at 0x7f10617b7d20>,3,14,[4 5],4,4,18,0,4
1,<environment.Job instance at 0x7f10623a4f00>,5,14,[1 7],6,6,20,0,6
1,<environment.Job instance at 0x7f10623a4960>,6,13,[4 5],7,18,31,11,7
1,<environment.Job instance at 0x7f10623bd050>,10,22,[6 5],11,30,52,19,30
1,<environment.Job instance at 0x7f1061e5e6e0>,3,14,[4 5],4,4,18,0,4
1,<environment.Job instance at 0x7f1061e5e2d0>,5,14,[1 7],6,6,20,0,6
1,<environment.Job instance at 0x7f1061e5e7d0>,6,13,[4 5],7,18,31,11,18
1,<environment.Job instance at 0x7f10617827d0>,18,12,[8 4],19,20,32,1,20
1,<environment.Job instance at 0x7f1061782870>,27,16,[1 8],28,31,47,3,31
1,<environment.Job instance at 0x7f1061782690>,26,12,[8 4],27,32,44,5,32
1,<environment.Job instance at 0x7f1061782230>,35,17,[5 3],36,36,53,0,36
1,<environment.Job instance at 0x7f1061782050>,30,13,[9 3],31,44,57,13,44
1,<environment.Job instance at 0x7f106122eaf0>,42,12,[1 7],43,53,65,10,53
1,<environment.Job instance at 0x7f106122ea00>,36,12,[2 7],37,57,69,20,57
1,<environment.Job instance at 0x7f106122e0f0>,44,13,[10  1],45,57,70,12,57
1,<environment.Job instance at 0x7f106122ee60>,43,15,[2 6],44,65,80,21,65
1,<environment.Job instance at 0x7f106122e3c0>,45,18,[1 7],46,69,87,23,69
1,<environment.Job instance at 0x7f1061753e60>,0,14,[8 4],1,1,15,0,1
1,<environment.Job instance at 0x7f1061b7a690>,8,14,[5 7],9,11,25,2,11
1,<environment.Job instance at 0x7f1061753d70>,7,20,[4 5],8,17,37,9,17
1,<environment.Job instance at 0x7f106231ac30>,10,12,[ 1 12],11,37,49,26,21
1,<environment.Job instance at 0x7f106254c690>,18,22,[ 1 10],19,49,71,30,42
1,<environment.Job instance at 0x7f1061753cd0>,3,24,[12  2],4,42,66,38,42
1,<environment.Job instance at 0x7f106254cdc0>,20,16,[ 5 12],21,71,87,50,60
1,<environment.Job instance at 0x7f10624250f0>,0,14,[8 4],1,1,15,0,1
1,<environment.Job instance at 0x7f106122eb90>,7,20,[4 5],8,8,28,0,8
1,<environment.Job instance at 0x7f106122e230>,8,14,[5 7],9,15,29,6,15
1,<environment.Job instance at 0x7f1061782aa0>,26,18,[1 6],27,28,46,1,28
1,<environment.Job instance at 0x7f1061782870>,27,20,[1 9],28,29,49,1,29
1,<environment.Job instance at 0x7f1061782be0>,37,15,[6 1],38,46,61,8,46
1,<environment.Job instance at 0x7f10617821e0>,31,17,[7 3],32,46,63,14,46
1,<environment.Job instance at 0x7f106226deb0>,57,18,[5 5],58,61,79,3,61
1,<environment.Job instance at 0x7f10614740a0>,62,14,[10  1],63,63,77,0,63
1,<environment.Job instance at 0x7f1061474410>,65,12,[ 5 10],66,77,89,11,77
1,<environment.Job instance at 0x7f106227b280>,46,16,[9 2],47,79,95,32,79
1,<environment.Job instance at 0x7f106258dcd0>,12,23,[4 6],13,16,39,3,16
1,<environment.Job instance at 0x7f106258d6e0>,16,14,[11  3],17,17,31,0,17
1,<environment.Job instance at 0x7f106258df50>,18,14,[1 7],19,31,45,12,19
1,<environment.Job instance at 0x7f106258d5a0>,22,19,[2 6],23,64,83,41,64
1,<environment.Job instance at 0x7f1061c817d0>,20,13,[5 5],21,65,78,44,65
1,<environment.Job instance at 0x7f106258fd20>,23,17,[13  2],24,78,95,54,75
1,<environment.Job instance at 0x7f1061474910>,2,14,[8 5],3,3,17,0,3
1,<environment.Job instance at 0x7f1061474a00>,4,19,[6 4],5,5,24,0,5
1,<environment.Job instance at 0x7f10614742d0>,5,16,[1 6],6,6,22,0,6
1,<environment.Job instance at 0x7f1061262f00>,20,13,[5 5],21,22,35,1,22
1,<environment.Job instance at 0x7f10614745a0>,6,14,[1 8],7,24,38,17,24
1,<environment.Job instance at 0x7f1061df4dc0>,7,22,[7 2],8,24,46,16,24
1,<environment.Job instance at 0x7f106226deb0>,18,14,[1 7],19,38,52,19,38
1,<environment.Job instance at 0x7f10617530f0>,26,18,[2 5],27,38,56,11,38
1,<environment.Job instance at 0x7f1061474b40>,8,15,[10  1],9,46,61,37,46
1,<environment.Job instance at 0x7f1061474690>,13,16,[3 7],14,52,68,38,52
1,<environment.Job instance at 0x7f10617829b0>,33,16,[1 7],34,56,72,22,56
1,<environment.Job instance at 0x7f1061782410>,41,15,[8 2],42,68,83,26,68
1,<environment.Job instance at 0x7f1061782870>,38,17,[6 2],39,68,85,29,68
1,<environment.Job instance at 0x7f1061a381e0>,4,22,[1 8],5,5,27,0,5
1,<environment.Job instance at 0x7f1061df4aa0>,7,16,[9 1],8,18,34,10,18
1,<environment.Job instance at 0x7f1061d2bbe0>,6,15,[ 5 12],7,27,42,20,18
1,<environment.Job instance at 0x7f1061d2b280>,11,13,[10  3],12,34,47,22,18
1,<environment.Job instance at 0x7f106265c2d0>,14,14,[3 7],15,42,56,27,38
1,<environment.Job instance at 0x7f106265c3c0>,15,20,[5 1],16,47,67,31,39
1,<environment.Job instance at 0x7f106265c4b0>,12,24,[7 1],13,47,71,34,42
1,<environment.Job instance at 0x7f1061d2b320>,8,27,[2 9],9,56,83,47,55
1,<environment.Job instance at 0x7f106265ca50>,19,13,[12  3],20,71,84,51,58
1,<environment.Job instance at 0x7f1061ff9e60>,22,18,[3 5],23,83,101,60,78
1,<environment.Job instance at 0x7f10611e50a0>,4,22,[1 8],5,5,27,0,5
1,<environment.Job instance at 0x7f106258db90>,7,16,[9 1],8,8,24,0,8
1,<environment.Job instance at 0x7f106122e140>,11,13,[10  3],12,24,37,12,24
1,<environment.Job instance at 0x7f106122e7d0>,14,14,[3 7],15,27,41,12,27
1,<environment.Job instance at 0x7f10616ac320>,24,18,[5 6],25,37,55,12,37
1,<environment.Job instance at 0x7f106122e2d0>,15,20,[5 1],16,37,57,21,37
1,<environment.Job instance at 0x7f106122e870>,22,18,[3 5],23,41,59,18,41
1,<environment.Job instance at 0x7f1061d47640>,32,13,[3 9],33,55,68,22,55
1,<environment.Job instance at 0x7f1061ff9cd0>,38,17,[1 5],39,59,76,20,59
1,<environment.Job instance at 0x7f1061a670a0>,43,18,[7 1],44,59,77,15,59
1,<environment.Job instance at 0x7f1061a679b0>,49,13,[5 8],50,69,82,19,69
1,<environment.Job instance at 0x7f106241c0a0>,58,19,[2 5],59,77,96,18,77
1,<environment.Job instance at 0x7f10611917d0>,13,25,[ 1 14],14,14,39,0,14
1,<environment.Job instance at 0x7f1061a88af0>,26,14,[5 4],27,39,53,12,37
1,<environment.Job instance at 0x7f1061191b90>,6,17,[13  5],7,55,72,48,55
1,<environment.Job instance at 0x7f1061a88460>,31,12,[8 1],32,72,84,40,58
1,<environment.Job instance at 0x7f1061262f00>,2,16,[8 2],3,3,19,0,3
1,<environment.Job instance at 0x7f1061262f50>,4,14,[4 7],5,5,19,0,5
1,<environment.Job instance at 0x7f1062425b90>,11,19,[2 5],12,12,31,0,12
1,<environment.Job instance at 0x7f1061191eb0>,15,15,[1 7],16,19,34,3,19
1,<environment.Job instance at 0x7f10628f48c0>,19,15,[7 1],20,20,35,0,20
1,<environment.Job instance at 0x7f1062581460>,26,14,[5 4],27,31,45,4,31
1,<environment.Job instance at 0x7f10628f4370>,18,21,[1 6],19,34,55,15,34
1,<environment.Job instance at 0x7f10625814b0>,31,12,[8 1],32,35,47,3,35
1,<environment.Job instance at 0x7f1062581c30>,27,15,[6 4],28,45,60,17,45
1,<environment.Job instance at 0x7f1062155190>,43,12,[5 8],44,55,67,11,55
1,<environment.Job instance at 0x7f1062155b40>,46,15,[1 6],47,60,75,13,60
1,<environment.Job instance at 0x7f1061f8feb0>,63,14,[10  5],64,67,81,3,67
1,<environment.Job instance at 0x7f10623e7f50>,65,12,[3 5],66,75,87,9,75
1,<environment.Job instance at 0x7f1062575870>,7,20,[6 5],8,10,30,2,10
1,<environment.Job instance at 0x7f1061908410>,10,15,[5 8],11,15,30,4,15
1,<environment.Job instance at 0x7f106b1d6e60>,0,13,[9 3],1,1,14,0,1
1,<environment.Job instance at 0x7f10623e7f00>,7,20,[6 5],8,8,28,0,8
1,<environment.Job instance at 0x7f1061f8fb40>,8,15,[ 5 10],9,14,29,5,14
1,<environment.Job instance at 0x7f10623e7be0>,6,13,[10  1],7,28,41,21,28
1,<environment.Job instance at 0x7f1061f8f370>,17,15,[ 4 10],18,29,44,11,29
1,<environment.Job instance at 0x7f1062155f50>,24,14,[9 1],25,41,55,16,41
1,<environment.Job instance at 0x7f1062155730>,25,15,[3 9],26,44,59,18,44
1,<environment.Job instance at 0x7f1062155e60>,29,13,[8 3],30,55,68,25,55
1,<environment.Job instance at 0x7f1061f8fa00>,10,15,[5 8],11,59,74,48,59
1,<environment.Job instance at 0x7f10621558c0>,27,16,[5 1],28,68,84,40,68
1,<environment.Job instance at 0x7f10625819b0>,43,13,[3 9],44,74,87,30,74
1,<environment.Job instance at 0x7f35ffe9a730>,1,15,[5 2],2,2,17,0,2
1,<environment.Job instance at 0x7f35f6850c80>,5,18,[7 5],6,6,24,0,6
1,<environment.Job instance at 0x7f35f6850eb0>,7,12,[7 2],8,17,29,9,8
1,<environment.Job instance at 0x7f35f6854280>,14,14,[14  3],15,29,43,14,23
1,<environment.Job instance at 0x7f35f6854320>,16,19,[ 3 12],17,45,64,28,45
1,<environment.Job instance at 0x7f35f6854460>,17,18,[ 5 13],18,64,82,46,61
1,<environment.Job instance at 0x7f35f685c780>,1,15,[5 2],2,2,17,0,2
1,<environment.Job instance at 0x7f35f685caf0>,5,18,[7 5],6,6,24,0,6
1,<environment.Job instance at 0x7f35f685cd20>,7,12,[7 2],8,17,29,9,17
1,<environment.Job instance at 0x7f35f685cf00>,9,17,[8 1],10,24,41,14,24
1,<environment.Job instance at 0x7f35f6861410>,18,18,[3 6],19,29,47,10,29
1,<environment.Job instance at 0x7f35f685cdc0>,12,22,[4 6],13,29,51,16,29
1,<environment.Job instance at 0x7f35f6861aa0>,30,15,[8 2],31,41,56,10,41
1,<environment.Job instance at 0x7f35f6861b40>,31,13,[4 5],32,51,64,19,51
1,<environment.Job instance at 0x7f35f6862190>,39,13,[5 4],40,56,69,16,56
1,<environment.Job instance at 0x7f35f685cc30>,11,14,[10  4],12,64,78,52,64
1,<environment.Job instance at 0x7f35f6987280>,44,14,[8 4],45,78,92,33,78
1,<environment.Job instance at 0x7f35f6888be0>,43,14,[6 1],44,78,92,34,78
1,<environment.Job instance at 0x7f35f685c410>,7,27,[5 8],8,10,37,2,10
1,<environment.Job instance at 0x7f35f5f9b550>,6,12,[ 4 14],7,37,49,30,27
1,<environment.Job instance at 0x7f35f5f902d0>,17,17,[5 6],18,49,66,31,39
1,<environment.Job instance at 0x7f35f5f90190>,20,15,[2 6],21,49,64,28,41
1,<environment.Job instance at 0x7f35f60802d0>,27,21,[1 6],28,64,85,36,56
1,<environment.Job instance at 0x7f35f6105730>,28,12,[12  1],29,66,78,37,56
1,<environment.Job instance at 0x7f35f60d05f0>,30,15,[9 2],31,78,93,47,64
1,<environment.Job instance at 0x7f35f60fb3c0>,44,22,[2 9],45,85,107,40,78
1,<environment.Job instance at 0x7f35f6861af0>,0,22,[5 5],1,1,23,0,1
1,<environment.Job instance at 0x7f35f68611e0>,8,20,[10  4],9,9,29,0,9
1,<environment.Job instance at 0x7f35f6071be0>,20,15,[2 6],21,23,38,2,23
1,<environment.Job instance at 0x7f35f6861280>,12,12,[10  1],13,29,41,16,29
1,<environment.Job instance at 0x7f35f616f500>,27,21,[1 6],28,29,50,1,29
1,<environment.Job instance at 0x7f35f6861050>,9,14,[6 1],10,41,55,31,41
1,<environment.Job instance at 0x7f35f6002c80>,33,16,[1 8],34,41,57,7,41
1,<environment.Job instance at 0x7f35f60b6c30>,17,17,[5 6],18,50,67,32,50
1,<environment.Job instance at 0x7f35f6044190>,29,14,[9 1],30,55,69,25,55
1,<environment.Job instance at 0x7f35f6075500>,45,16,[5 2],46,67,83,21,67
1,<environment.Job instance at 0x7f35f6167280>,60,15,[6 2],61,69,84,8,69
1,<environment.Job instance at 0x7f35f600db40>,65,13,[2 6],66,69,82,3,69
1,<environment.Job instance at 0x7f35f6024960>,61,15,[6 2],62,83,98,21,83
1,<environment.Job instance at 0x7f35f61e66e0>,70,15,[8 3],71,84,99,13,84
1,<environment.Job instance at 0x7f35f5ee2960>,4,12,[ 2 11],5,5,17,0,5
1,<environment.Job instance at 0x7f35f5ee2050>,5,19,[5 1],6,6,25,0,6
1,<environment.Job instance at 0x7f35f5ee22d0>,11,12,[ 5 11],12,17,29,5,12
1,<environment.Job instance at 0x7f35f5dfe4b0>,2,14,[4 7],3,29,43,26,16
1,<environment.Job instance at 0x7f35f5ee2a00>,15,25,[8 2],16,25,50,9,22
1,<environment.Job instance at 0x7f35f5ee2aa0>,12,15,[ 3 11],13,43,58,30,29
1,<environment.Job instance at 0x7f35ffec2550>,30,13,[11  1],31,50,63,19,35
1,<environment.Job instance at 0x7f35ffec2dc0>,34,17,[2 9],35,58,75,23,46
1,<environment.Job instance at 0x7f35ffec2640>,38,13,[ 5 13],39,75,88,36,61
1,<environment.Job instance at 0x7f35f5dfeb40>,13,24,[ 1 10],14,88,112,74,88
1,<environment.Job instance at 0x7f35ffec2e60>,1,13,[ 4 10],2,2,15,0,2
1,<environment.Job instance at 0x7f35f5dfe3c0>,5,19,[5 1],6,6,25,0,6
1,<environment.Job instance at 0x7f35f5ee24b0>,2,14,[4 7],3,15,29,12,15
1,<environment.Job instance at 0x7f35f5dfe5f0>,7,22,[1 7],8,15,37,7,15
1,<environment.Job instance at 0x7f35f5e45b90>,28,17,[10  2],29,29,46,0,29
1,<environment.Job instance at 0x7f35f5e45dc0>,34,17,[2 9],35,37,54,2,37
1,<environment.Job instance at 0x7f35f5e45960>,36,17,[10  4],37,46,63,9,46
1,<environment.Job instance at 0x7f35f5e45140>,40,12,[5 9],41,54,66,13,54
1,<environment.Job instance at 0x7f35f5e80f50>,18,17,[10  5],19,63,80,44,63
1,<environment.Job instance at 0x7f35f5e45050>,41,14,[2 9],42,66,80,24,66
1,<environment.Job instance at 0x7f35f5e43be0>,43,15,[5 9],44,80,95,36,80
1,<environment.Job instance at 0x7f35f5e43140>,47,15,[5 6],48,80,95,32,80
1,<environment.Job instance at 0x7f35f635f640>,1,22,[6 1],2,3,25,1,3
1,<environment.Job instance at 0x7f35f6346aa0>,3,21,[5 1],4,4,25,0,4
1,<environment.Job instance at 0x7f35f635f9b0>,2,14,[3 5],3,27,41,24,27
1,<environment.Job instance at 0x7f35f5ebb910>,1,22,[6 1],2,2,24,0,2
1,<environment.Job instance at 0x7f35f5ebb1e0>,2,14,[3 5],3,3,17,0,3
1,<environment.Job instance at 0x7f35f5ebba50>,3,21,[5 1],4,4,25,0,4
1,<environment.Job instance at 0x7f35f5ebbb90>,6,18,[4 9],7,17,35,10,17
1,<environment.Job instance at 0x7f35f62675a0>,19,16,[7 2],20,25,41,5,25
1,<environment.Job instance at 0x7f35f62673c0>,22,12,[2 7],23,35,47,12,35
1,<environment.Job instance at 0x7f35f62670f0>,36,14,[5 3],37,41,55,4,41
1,<environment.Job instance at 0x7f360000a1e0>,37,14,[8 5],38,41,55,3,41
1,<environment.Job instance at 0x7f35ffec2b40>,50,14,[7 2],51,55,69,4,55
1,<environment.Job instance at 0x7f35f6267140>,31,15,[4 8],32,55,70,23,55
1,<environment.Job instance at 0x7f35ffec23c0>,54,16,[8 3],55,70,86,15,70
1,<environment.Job instance at 0x7f35ffec2e60>,49,18,[ 3 10],50,71,89,21,71
1,<environment.Job instance at 0x7f35f62678c0>,26,18,[7 1],27,86,104,59,86
1,<environment.Job instance at 0x7f35f5e7c2d0>,62,13,[ 4 10],63,89,102,26,89
1,<environment.Job instance at 0x7f35f6cd5d70>,4,12,[8 2],5,5,17,0,5
1,<environment.Job instance at 0x7f35f6cd5f50>,7,13,[7 5],8,8,21,0,8
1,<environment.Job instance at 0x7f35f6caf3c0>,13,24,[6 1],14,17,41,3,15
1,<environment.Job instance at 0x7f35f5f3e500>,0,17,[5 4],1,1,18,0,1
1,<environment.Job instance at 0x7f35f5f3e3c0>,3,14,[4 9],4,4,18,0,4
1,<environment.Job instance at 0x7f35f5f3e960>,4,12,[8 2],5,18,30,13,18
1,<environment.Job instance at 0x7f35f5f3e1e0>,7,13,[7 5],8,18,31,10,18
1,<environment.Job instance at 0x7f35f5f3ecd0>,8,13,[1 7],9,30,43,21,30
1,<environment.Job instance at 0x7f35f5e7ce60>,25,12,[9 3],26,31,43,5,31
1,<environment.Job instance at 0x7f35f5e7cc80>,20,14,[3 6],21,43,57,22,43
1,<environment.Job instance at 0x7f35ffec2e10>,32,12,[9 1],33,43,55,10,43
1,<environment.Job instance at 0x7f360000a4b0>,36,12,[5 4],37,55,67,18,55
1,<environment.Job instance at 0x7f35f5e7c280>,18,15,[4 9],19,57,72,38,57
1,<environment.Job instance at 0x7f35f5f3ef50>,12,15,[10  5],13,67,82,54,67
1,<environment.Job instance at 0x7f360000a9b0>,43,12,[ 1 10],44,72,84,28,72
1,<environment.Job instance at 0x7f35f6267b40>,45,14,[9 5],46,82,96,36,82
1,<environment.Job instance at 0x7f35ffec2af0>,31,16,[4 8],32,84,100,52,84
1,<environment.Job instance at 0x7f35f69ab9b0>,4,12,[3 5],5,5,17,0,5
1,<environment.Job instance at 0x7f35f69ab690>,15,14,[3 6],16,16,30,0,16
1,<environment.Job instance at 0x7f35f69ab730>,17,26,[10  3],18,18,44,0,18
1,<environment.Job instance at 0x7f35f69abeb0>,14,27,[ 5 11],15,30,57,15,29
1,<environment.Job instance at 0x7f35f69ab280>,19,16,[2 5],20,59,75,39,59
1,<environment.Job instance at 0x7f35f6239140>,20,21,[13  1],21,60,81,39,60
1,<environment.Job instance at 0x7f35f6239960>,21,18,[ 2 12],22,75,93,53,67
1,<environment.Job instance at 0x7f35f6239230>,22,14,[ 2 11],23,93,107,70,82
1,<environment.Job instance at 0x7f35f6253a00>,1,16,[1 8],2,2,18,0,2
1,<environment.Job instance at 0x7f35f62530a0>,4,12,[3 5],5,5,17,0,5
1,<environment.Job instance at 0x7f35f62675f0>,15,14,[3 6],16,17,31,1,17
1,<environment.Job instance at 0x7f35f6253af0>,5,14,[5 8],6,18,32,12,18
1,<environment.Job instance at 0x7f35f6267050>,19,16,[2 5],20,31,47,11,31
1,<environment.Job instance at 0x7f35f6239f00>,29,12,[2 9],30,32,44,2,32
1,<environment.Job instance at 0x7f35f62b16e0>,30,14,[8 1],31,32,46,1,32
1,<environment.Job instance at 0x7f35f62679b0>,18,13,[1 9],19,44,57,25,44
1,<environment.Job instance at 0x7f35f62b1280>,37,12,[1 6],38,47,59,9,47
1,<environment.Job instance at 0x7f35f62b8e10>,23,14,[1 9],24,57,71,33,57
1,<environment.Job instance at 0x7f35f62b1c30>,39,16,[7 3],40,59,75,19,59
1,<environment.Job instance at 0x7f35f629e910>,45,14,[8 2],46,71,85,25,71
1,<environment.Job instance at 0x7f35f629e2d0>,42,14,[ 4 10],43,75,89,32,75
1,<environment.Job instance at 0x7f35f629e5f0>,53,17,[6 1],54,85,102,31,85
1,<environment.Job instance at 0x7f35f62b25a0>,55,12,[ 2 10],56,89,101,33,89
1,<environment.Job instance at 0x7f35f6253d20>,9,19,[6 4],10,89,108,79,89
1,<environment.Job instance at 0x7f35f6f26280>,3,21,[4 9],4,4,25,0,4
1,<environment.Job instance at 0x7f35f6f26fa0>,4,13,[ 5 10],5,25,38,20,9
1,<environment.Job instance at 0x7f35f6297190>,1,22,[4 9],2,2,24,0,2
1,<environment.Job instance at 0x7f35f6297af0>,5,15,[7 2],6,6,21,0,6
1,<environment.Job instance at 0x7f35f6231d20>,9,15,[2 6],10,21,36,11,21
1,<environment.Job instance at 0x7f35f6231640>,19,13,[6 2],20,24,37,4,24
1,<environment.Job instance at 0x7f35f62b2cd0>,27,14,[7 5],28,28,42,0,28
1,<environment.Job instance at 0x7f35f62b25a0>,28,12,[6 1],29,37,49,8,37
1,<environment.Job instance at 0x7f35f6445f50>,4,13,[ 5 10],5,42,55,37,42
1,<environment.Job instance at 0x7f35f629e870>,40,12,[8 2],41,49,61,8,49
1,<environment.Job instance at 0x7f35f62318c0>,17,14,[ 3 10],18,55,69,37,55
1,<environment.Job instance at 0x7f35f629e640>,32,14,[9 5],33,61,75,28,61
1,<environment.Job instance at 0x7f35f62b1f00>,53,12,[4 8],54,69,81,15,69
1,<environment.Job instance at 0x7f35f62bb690>,54,12,[8 2],55,75,87,20,75
1,<environment.Job instance at 0x7f35f62b15a0>,48,18,[1 5],49,75,93,26,75
1,<environment.Job instance at 0x7f35f62bdd20>,59,12,[5 5],60,81,93,21,81
1,<environment.Job instance at 0x7f35f62b1d20>,44,16,[5 5],45,87,103,42,87
1,<environment.Job instance at 0x7f35f6959550>,1,13,[6 1],2,2,15,0,2
1,<environment.Job instance at 0x7f35f6959910>,2,13,[1 8],3,3,16,0,3
1,<environment.Job instance at 0x7f35f6959c30>,5,13,[ 5 10],6,16,29,10,6
1,<environment.Job instance at 0x7f35f6959780>,6,15,[6 1],7,7,22,0,7
1,<environment.Job instance at 0x7f35f69599b0>,8,14,[6 5],9,22,36,13,9
1,<environment.Job instance at 0x7f35f6297c30>,17,21,[1 9],18,29,50,11,27
1,<environment.Job instance at 0x7f35f6e94c80>,21,15,[10  1],22,36,51,14,28
1,<environment.Job instance at 0x7f35f6e94b40>,22,20,[4 5],23,42,62,19,42
1,<environment.Job instance at 0x7f35f6e945f0>,18,23,[13  5],19,62,85,43,57
1,<environment.Job instance at 0x7f35f674d140>,1,13,[6 1],2,2,15,0,2
1,<environment.Job instance at 0x7f35f6f47410>,2,13,[1 8],3,3,16,0,3
1,<environment.Job instance at 0x7f35f620e460>,6,15,[6 1],7,7,22,0,7
1,<environment.Job instance at 0x7f35f69abf50>,8,14,[6 5],9,15,29,6,15
1,<environment.Job instance at 0x7f35f62b1f00>,10,12,[1 5],11,16,28,5,16
1,<environment.Job instance at 0x7f35f62533c0>,5,13,[ 5 10],6,28,41,22,28
1,<environment.Job instance at 0x7f35f629e870>,21,15,[10  1],22,29,44,7,29
1,<environment.Job instance at 0x7f35f629ea00>,30,13,[5 8],31,41,54,10,41
1,<environment.Job instance at 0x7f35f62b25f0>,37,13,[7 5],38,44,57,6,44
1,<environment.Job instance at 0x7f35f62b2a50>,38,13,[1 8],39,54,67,15,54
1,<environment.Job instance at 0x7f35f6445f00>,47,13,[10  4],48,57,70,9,57
1,<environment.Job instance at 0x7f35f6959320>,51,13,[ 4 10],52,67,80,15,67
1,<environment.Job instance at 0x7f35f629e730>,29,14,[6 5],30,70,84,40,70
1,<environment.Job instance at 0x7f35f63859b0>,57,12,[5 1],58,80,92,22,80
1,<environment.Job instance at 0x7f35f6959c80>,52,17,[3 9],53,80,97,27,80
1,<environment.Job instance at 0x7f35f638c5f0>,2,15,[6 2],3,3,18,0,3
1,<environment.Job instance at 0x7f35f72e9c80>,9,22,[1 7],10,10,32,0,10
1,<environment.Job instance at 0x7f35f72e9870>,11,14,[ 2 11],12,32,46,20,17
1,<environment.Job instance at 0x7f35f72e9230>,14,27,[12  3],15,18,45,3,18
1,<environment.Job instance at 0x7f35f72e9fa0>,8,15,[13  3],9,45,60,36,31
1,<environment.Job instance at 0x7f35f6b6de10>,22,14,[6 2],23,60,74,37,45
1,<environment.Job instance at 0x7f35f6b6d1e0>,25,14,[1 6],26,46,60,20,45
1,<environment.Job instance at 0x7f35f6b6d280>,26,15,[5 7],27,60,75,33,49
1,<environment.Job instance at 0x7f35f61ffd20>,40,22,[2 7],41,74,96,33,67
1,<environment.Job instance at 0x7f35f61ffa00>,50,13,[3 5],51,77,90,26,77
1,<environment.Job instance at 0x7f35f61d03c0>,62,24,[5 2],63,81,105,18,81
1,<environment.Job instance at 0x7f35f61d0a50>,63,14,[ 4 12],64,96,110,32,81
1,<environment.Job instance at 0x7f35f629ef00>,1,18,[5 7],2,2,20,0,2
1,<environment.Job instance at 0x7f35ffdcb780>,2,15,[6 2],3,3,18,0,3
1,<environment.Job instance at 0x7f35f6cf4aa0>,10,19,[5 6],11,18,37,7,18
1,<environment.Job instance at 0x7f35f6cf4eb0>,9,22,[1 7],10,20,42,10,20
1,<environment.Job instance at 0x7f35f668faf0>,22,14,[6 2],23,23,37,0,23
1,<environment.Job instance at 0x7f35f5fc1b40>,20,14,[1 7],21,37,51,16,37
1,<environment.Job instance at 0x7f35f6ceadc0>,25,14,[1 6],26,42,56,16,42
1,<environment.Job instance at 0x7f35f6643780>,30,18,[5 2],31,42,60,11,42
1,<environment.Job instance at 0x7f35f70962d0>,32,14,[8 3],33,51,65,18,51
1,<environment.Job instance at 0x7f35f5e1ae10>,50,13,[3 5],51,60,73,9,60
1,<environment.Job instance at 0x7f35f5e1acd0>,47,12,[9 1],48,65,77,17,65
1,<environment.Job instance at 0x7f35f6cea280>,31,20,[3 7],32,65,85,33,65
1,<environment.Job instance at 0x7f35f5e1a9b0>,44,15,[5 8],45,77,92,32,77
1,<environment.Job instance at 0x7f35f6e698c0>,26,15,[5 7],27,85,100,58,85
1,<environment.Job instance at 0x7f35f611b5f0>,14,13,[5 5],15,48,61,33,48
1,<environment.Job instance at 0x7f35f611b320>,13,23,[5 8],14,52,75,38,52
1,<environment.Job instance at 0x7f35f611b230>,17,23,[5 4],18,61,84,43,55
1,<environment.Job instance at 0x7f35f611b870>,19,21,[8 2],20,77,98,57,77
1,<environment.Job instance at 0x7f35f611bc80>,12,16,[ 2 13],13,84,100,71,78
1,<environment.Job instance at 0x7f35f611b460>,16,16,[8 3],17,100,116,83,89
1,<environment.Job instance at 0x7f35ffe359b0>,0,16,[ 3 10],1,1,17,0,1
1,<environment.Job instance at 0x7f35f68ea6e0>,1,18,[5 5],2,2,20,0,2
1,<environment.Job instance at 0x7f35f67e1af0>,14,13,[5 5],15,17,30,2,17
1,<environment.Job instance at 0x7f35f5e66780>,2,16,[5 5],3,17,33,14,17
1,<environment.Job instance at 0x7f35f6ceadc0>,6,18,[1 5],7,20,38,13,20
1,<environment.Job instance at 0x7f35f6f52550>,16,16,[8 3],17,30,46,13,30
1,<environment.Job instance at 0x7f35f66f56e0>,27,14,[5 1],28,33,47,5,33
1,<environment.Job instance at 0x7f35f6118a50>,33,12,[7 1],34,46,58,12,46
1,<environment.Job instance at 0x7f35f61185a0>,37,15,[6 2],38,47,62,9,47
1,<environment.Job instance at 0x7f35f64d8b40>,32,14,[9 1],33,58,72,25,58
1,<environment.Job instance at 0x7f35f64bf230>,41,17,[3 5],42,62,79,20,62
1,<environment.Job instance at 0x7f35f64bfc80>,43,14,[6 1],44,72,86,28,72
1,<environment.Job instance at 0x7f35f66f5dc0>,23,18,[5 5],24,72,90,48,72
1,<environment.Job instance at 0x7f35f66c3780>,48,16,[3 6],49,79,95,30,79
1,<environment.Job instance at 0x7f35f64bf500>,38,17,[7 4],39,86,103,47,86
1,<environment.Job instance at 0x7f35f62ddfa0>,1,16,[6 3],2,2,18,0,2
1,<environment.Job instance at 0x7f35f606ff00>,6,21,[8 1],7,11,32,4,11
1,<environment.Job instance at 0x7f35f606fd70>,9,16,[14  1],10,33,49,23,33
1,<environment.Job instance at 0x7f35f73ba730>,13,19,[ 4 10],14,84,103,70,84
1,<environment.Job instance at 0x7f35f67787d0>,1,16,[6 3],2,2,18,0,2
1,<environment.Job instance at 0x7f35f6d13140>,6,21,[8 1],7,7,28,0,7
1,<environment.Job instance at 0x7f35f6e61140>,18,14,[5 7],19,28,42,9,28
1,<environment.Job instance at 0x7f35ff9d8a50>,16,15,[9 4],17,28,43,11,28
1,<environment.Job instance at 0x7f35f64bfb40>,27,16,[4 8],28,42,58,14,42
1,<environment.Job instance at 0x7f35f6f15f00>,10,18,[10  5],11,43,61,32,43
1,<environment.Job instance at 0x7f35f64bf500>,29,15,[2 8],30,58,73,28,58
1,<environment.Job instance at 0x7f35f67e1af0>,31,12,[6 1],32,61,73,29,61
1,<environment.Job instance at 0x7f35ff9d88c0>,17,21,[4 6],18,61,82,43,61
1,<environment.Job instance at 0x7f35f6f52910>,34,16,[10  5],35,73,89,38,73
1,<environment.Job instance at 0x7f35f7454320>,39,13,[ 1 10],40,82,95,42,82
1,<environment.Job instance at 0x7f35f6ceadc0>,43,13,[8 2],44,89,102,45,89
1,<environment.Job instance at 0x7f35f6e6b9b0>,11,12,[ 1 12],12,13,25,1,13
1,<environment.Job instance at 0x7f35f6e6b960>,12,18,[10  2],13,14,32,1,14
1,<environment.Job instance at 0x7f35f6e6be60>,14,16,[11  2],15,32,48,17,21
1,<environment.Job instance at 0x7f35f6e6b780>,8,22,[ 2 11],9,25,47,16,21
1,<environment.Job instance at 0x7f35f6e6bf50>,17,17,[2 6],18,47,64,29,37
1,<environment.Job instance at 0x7f35f6cff280>,10,22,[13  2],11,48,70,37,41
1,<environment.Job instance at 0x7f35f72bd190>,0,17,[2 6],1,1,18,0,1
1,<environment.Job instance at 0x7f35f6b8dd70>,3,22,[5 3],4,4,26,0,4
1,<environment.Job instance at 0x7f35f72df230>,17,17,[2 6],18,18,35,0,18
1,<environment.Job instance at 0x7f35f72cb140>,22,15,[4 5],23,23,38,0,23
1,<environment.Job instance at 0x7f35f72a5320>,30,15,[7 4],31,31,46,0,31
1,<environment.Job instance at 0x7f35f72a3230>,24,17,[3 5],25,35,52,10,35
1,<environment.Job instance at 0x7f35f68ec460>,36,15,[5 5],37,46,61,9,46
1,<environment.Job instance at 0x7f35f68ecaa0>,41,17,[2 5],42,46,63,4,46
1,<environment.Job instance at 0x7f35f6bc1a50>,47,12,[10  1],48,61,73,13,61
1,<environment.Job instance at 0x7f35f6bac230>,51,17,[1 9],52,61,78,9,61
1,<environment.Job instance at 0x7f35f6fdc190>,50,12,[10  1],51,73,85,22,73
1,<environment.Job instance at 0x7f35f6bb6b40>,58,17,[2 5],59,73,90,14,73
1,<environment.Job instance at 0x7f35f6bb6640>,59,17,[3 6],60,78,95,18,78
1,<environment.Job instance at 0x7f35f72dfbe0>,12,18,[10  2],13,85,103,72,85
1,<environment.Job instance at 0x7f35f6fb6be0>,1,15,[2 7],2,2,17,0,2
1,<environment.Job instance at 0x7f35f6fb6870>,3,13,[1 7],4,4,17,0,4
1,<environment.Job instance at 0x7f35f6fb6230>,4,13,[3 5],5,17,30,12,5
1,<environment.Job instance at 0x7f35f6fb6f50>,9,12,[7 4],10,17,29,7,10
1,<environment.Job instance at 0x7f35f5e750a0>,11,14,[8 1],12,29,43,17,18
1,<environment.Job instance at 0x7f35f5e75870>,16,13,[ 5 11],17,30,43,13,18
1,<environment.Job instance at 0x7f35f6fb6140>,12,15,[ 3 13],13,43,58,30,32
1,<environment.Job instance at 0x7f35f5e75e60>,13,21,[9 1],14,43,64,29,42
1,<environment.Job instance at 0x7f35f5e753c0>,18,17,[8 4],19,71,88,52,71
1,<environment.Job instance at 0x7f35f5e757d0>,19,12,[8 1],20,88,100,68,73
1,<environment.Job instance at 0x7f35f5e75a00>,20,14,[10  2],21,100,114,79,85
1,<environment.Job instance at 0x7f35f5eb8820>,0,18,[7 5],1,1,19,0,1
1,<environment.Job instance at 0x7f35f6b01be0>,1,15,[2 7],2,2,17,0,2
1,<environment.Job instance at 0x7f35f6784a50>,9,12,[7 4],10,17,29,7,17
1,<environment.Job instance at 0x7f35f5eb8410>,3,13,[1 7],4,19,32,15,19
1,<environment.Job instance at 0x7f35f6d84500>,19,12,[8 1],20,29,41,9,29
1,<environment.Job instance at 0x7f35f5eb8a50>,4,13,[3 5],5,29,42,24,29
1,<environment.Job instance at 0x7f35f6b13140>,5,16,[3 9],6,32,48,26,32
1,<environment.Job instance at 0x7f35f5e4b190>,11,14,[8 1],12,41,55,29,41
1,<environment.Job instance at 0x7f35f6fd0d20>,31,12,[ 1 10],32,48,60,16,48
1,<environment.Job instance at 0x7f35f6083af0>,20,14,[10  2],21,55,69,34,55
1,<environment.Job instance at 0x7f35f5ea3230>,39,13,[5 5],40,60,73,20,60
1,<environment.Job instance at 0x7f35f5e1fc80>,43,14,[4 5],44,69,83,25,69
1,<environment.Job instance at 0x7f35f5e21050>,29,15,[5 5],30,69,84,39,69
1,<environment.Job instance at 0x7f35f5fb0aa0>,46,13,[4 5],47,73,86,26,73
1,<environment.Job instance at 0x7f35f5e1f550>,45,14,[1 7],46,85,99,39,85
1,<environment.Job instance at 0x7f35f73946e0>,36,16,[5 6],37,87,103,50,87
1,<environment.Job instance at 0x7f35f5c3afa0>,10,14,[9 1],11,35,49,24,35
1,<environment.Job instance at 0x7f35f728ee10>,13,15,[13  2],14,49,64,35,41
1,<environment.Job instance at 0x7f35f738adc0>,4,14,[ 2 10],5,41,55,36,41
1,<environment.Job instance at 0x7f35f6110320>,15,15,[ 1 10],16,55,70,39,42
1,<environment.Job instance at 0x7f35f6110f00>,14,16,[11  3],15,64,80,49,51
1,<environment.Job instance at 0x7f35ffa31910>,16,17,[5 1],17,80,97,63,70
1,<environment.Job instance at 0x7f35f662f050>,17,23,[9 3],18,80,103,62,74
1,<environment.Job instance at 0x7f35f5e1f460>,3,18,[7 4],4,4,22,0,4
1,<environment.Job instance at 0x7f35f5aef280>,4,14,[ 2 10],5,5,19,0,5
1,<environment.Job instance at 0x7f35f7129500>,15,15,[ 1 10],16,19,34,3,19
1,<environment.Job instance at 0x7f35f6f10050>,16,17,[5 1],17,19,36,2,19
1,<environment.Job instance at 0x7f35f5eb8280>,21,13,[9 2],22,22,35,0,22
1,<environment.Job instance at 0x7f35f622f460>,22,12,[4 7],23,35,47,12,35
1,<environment.Job instance at 0x7f35f71a5f00>,28,12,[1 6],29,35,47,6,35
1,<environment.Job instance at 0x7f35f5b9f280>,10,14,[9 1],11,36,50,25,36
1,<environment.Job instance at 0x7f35f5eb8a50>,26,14,[4 8],27,47,61,20,47
1,<environment.Job instance at 0x7f35f5e21370>,11,12,[10  4],12,50,62,38,50
1,<environment.Job instance at 0x7f35f6202370>,38,14,[5 7],39,61,75,22,61
1,<environment.Job instance at 0x7f35f71bbbe0>,30,14,[8 4],31,62,76,31,62
1,<environment.Job instance at 0x7f35f682e730>,67,15,[6 1],68,75,90,7,75
1,<environment.Job instance at 0x7f35f6070820>,56,18,[1 6],57,75,93,18,75
1,<environment.Job instance at 0x7f35f682e320>,61,17,[7 3],62,76,93,14,76
1,<environment.Job instance at 0x7f35f6e6b820>,83,20,[1 5],84,85,105,1,85
1,<environment.Job instance at 0x7f35f5ece280>,7,16,[1 6],8,9,25,1,9
1,<environment.Job instance at 0x7f35f5ece320>,8,21,[ 1 12],9,25,46,16,21
1,<environment.Job instance at 0x7f35f5ece4b0>,12,25,[14  3],13,22,47,9,22
1,<environment.Job instance at 0x7f35f6d93460>,3,18,[3 8],4,47,65,43,42
1,<environment.Job instance at 0x7f35f5ece140>,6,24,[7 1],7,47,71,40,42
1,<environment.Job instance at 0x7f35f5ece690>,14,19,[14  1],15,71,90,56,68
1,<environment.Job instance at 0x7f35f5ece7d0>,16,13,[11  4],17,90,103,73,89
1,<environment.Job instance at 0x7f35f6e6b410>,2,14,[10  1],3,3,17,0,3
1,<environment.Job instance at 0x7f35f6e6b7d0>,3,18,[3 8],4,4,22,0,4
1,<environment.Job instance at 0x7f35f6e6b910>,7,16,[1 6],8,8,24,0,8
1,<environment.Job instance at 0x7f35f682e050>,19,16,[7 2],20,22,38,2,22
1,<environment.Job instance at 0x7f35f6e6b5a0>,5,12,[ 5 10],6,24,36,18,24
1,<environment.Job instance at 0x7f35f682e410>,22,14,[8 5],23,36,50,13,36
1,<environment.Job instance at 0x7f35f6070a50>,26,14,[1 8],27,38,52,11,38
1,<environment.Job instance at 0x7f35f6070140>,28,15,[10  1],29,50,65,21,50
1,<environment.Job instance at 0x7f35f6070820>,25,16,[1 6],26,50,66,24,50
1,<environment.Job instance at 0x7f35f6202320>,38,14,[1 7],39,52,66,13,52
1,<environment.Job instance at 0x7f35f62029b0>,40,13,[5 5],41,66,79,25,66
1,<environment.Job instance at 0x7f35f60700f0>,33,16,[3 7],34,66,82,32,66
1,<environment.Job instance at 0x7f35f62021e0>,53,16,[1 7],54,79,95,25,79
1,<environment.Job instance at 0x7f35f682eaa0>,18,17,[8 4],19,82,99,63,82
1,<environment.Job instance at 0x7f35f682ee60>,24,19,[6 4],25,82,101,57,82
1,<environment.Job instance at 0x7f35f6c8edc0>,2,15,[3 7],3,3,18,0,3
1,<environment.Job instance at 0x7f35f6c8e5f0>,5,19,[2 5],6,6,25,0,6
1,<environment.Job instance at 0x7f35f6070320>,2,15,[3 7],3,3,18,0,3
1,<environment.Job instance at 0x7f35f6070be0>,5,19,[2 5],6,6,25,0,6
1,<environment.Job instance at 0x7f35f6070280>,7,16,[8 4],8,18,34,10,18
1,<environment.Job instance at 0x7f35f682edc0>,24,14,[3 7],25,25,39,0,25
1,<environment.Job instance at 0x7f35f682e190>,21,13,[10  3],22,34,47,12,34
1,<environment.Job instance at 0x7f35f6c8e640>,32,18,[3 5],33,39,57,6,39
1,<environment.Job instance at 0x7f35f6937b40>,36,15,[ 4 10],37,47,62,10,47
1,<environment.Job instance at 0x7f35f682ea00>,17,16,[9 1],18,57,73,39,57
1,<environment.Job instance at 0x7f35f69372d0>,37,12,[ 1 10],38,62,74,24,62
1,<environment.Job instance at 0x7f35f6c38dc0>,25,20,[5 1],26,62,82,36,62
1,<environment.Job instance at 0x7f35f69300f0>,42,13,[3 9],43,74,87,31,74
1,<environment.Job instance at 0x7f35f6930460>,48,17,[1 5],49,74,91,25,74
1,<environment.Job instance at 0x7f35f6930820>,53,18,[7 1],54,82,100,28,82
1,<environment.Job instance at 0x7f35f5ee5550>,59,13,[5 8],60,88,101,28,88
1,<environment.Job instance at 0x7f35f5f90280>,4,14,[4 7],5,5,19,0,5
1,<environment.Job instance at 0x7f35f5f909b0>,3,19,[ 4 11],4,19,38,15,16
1,<environment.Job instance at 0x7f35f5ba7aa0>,19,15,[7 1],20,21,36,1,21
1,<environment.Job instance at 0x7f35f682e2d0>,2,16,[8 2],3,3,19,0,3
1,<environment.Job instance at 0x7f35f682e320>,4,14,[4 7],5,5,19,0,5
1,<environment.Job instance at 0x7f35f5f90960>,11,19,[2 5],12,12,31,0,12
1,<environment.Job instance at 0x7f35f7347370>,15,15,[1 7],16,19,34,3,19
1,<environment.Job instance at 0x7f35f7347550>,19,15,[7 1],20,20,35,0,20
1,<environment.Job instance at 0x7f35f714b8c0>,26,14,[5 4],27,31,45,4,31
1,<environment.Job instance at 0x7f35f7347b40>,18,21,[1 6],19,34,55,15,34
1,<environment.Job instance at 0x7f35f714ba00>,31,12,[8 1],32,35,47,3,35
1,<environment.Job instance at 0x7f35f714bfa0>,27,15,[6 4],28,45,60,17,45
1,<environment.Job instance at 0x7f35f6874190>,43,12,[5 8],44,55,67,11,55
1,<environment.Job instance at 0x7f35f6874b90>,46,15,[1 6],47,60,75,13,60
1,<environment.Job instance at 0x7f35f5f7e7d0>,63,14,[10  5],64,67,81,3,67
1,<environment.Job instance at 0x7f35f5f7e640>,65,12,[3 5],66,75,87,9,75
1,<environment.Job instance at 0x7f35f6684c80>,71,15,[1 7],72,81,96,9,81
1,<environment.Job instance at 0x7f35f6684960>,72,14,[10  2],73,81,95,8,81
1,<environment.Job instance at 0x7f35f714b5f0>,34,17,[1 6],35,87,104,52,87
1,<environment.Job instance at 0x7f35f5c43be0>,0,15,[5 8],1,1,16,0,1
1,<environment.Job instance at 0x7f35f6b65550>,9,28,[1 7],10,10,38,0,10
1,<environment.Job instance at 0x7f35f73e1460>,14,14,[9 1],15,17,31,2,17
1,<environment.Job instance at 0x7f35f62d7500>,17,16,[5 1],18,21,37,3,21
1,<environment.Job instance at 0x7f35f6f6eaf0>,15,15,[3 9],16,38,53,22,24
1,<environment.Job instance at 0x7f35f6f6eb90>,19,13,[8 3],20,31,44,11,24
1,<environment.Job instance at 0x7f35f6b65e10>,8,24,[ 4 11],9,53,77,44,49
1,<environment.Job instance at 0x7f35f7021b90>,21,20,[14  5],22,77,97,55,68
1,<environment.Job instance at 0x7f35f6684af0>,0,15,[5 8],1,1,16,0,1
1,<environment.Job instance at 0x7f35f6684f50>,14,14,[9 1],15,16,30,1,16
1,<environment.Job instance at 0x7f35f6684140>,7,15,[ 4 10],8,16,31,8,16
1,<environment.Job instance at 0x7f35f5f7ec80>,19,13,[8 3],20,30,43,10,30
1,<environment.Job instance at 0x7f35f5f7e0a0>,15,15,[3 9],16,31,46,15,31
1,<environment.Job instance at 0x7f35f5f7e5f0>,17,16,[5 1],18,43,59,25,43
1,<environment.Job instance at 0x7f35f6874e60>,33,13,[3 9],34,46,59,12,46
1,<environment.Job instance at 0x7f35f714b230>,40,14,[9 2],41,59,73,18,59
1,<environment.Job instance at 0x7f35f714b4b0>,47,15,[3 8],48,59,74,11,59
1,<environment.Job instance at 0x7f35f68740f0>,29,22,[2 7],30,73,95,43,73
1,<environment.Job instance at 0x7f35f6684280>,3,16,[2 8],4,74,90,70,74
1,<environment.Job instance at 0x7f35f6b8c690>,14,13,[10  1],15,15,28,0,15
1,<environment.Job instance at 0x7f35f6b8cb40>,15,21,[8 5],16,28,49,12,20
1,<environment.Job instance at 0x7f35f6b93eb0>,22,15,[5 6],23,34,49,11,34
1,<environment.Job instance at 0x7f35f6b93d20>,23,15,[ 5 11],24,49,64,25,35
1,<environment.Job instance at 0x7f35f714b2d0>,0,18,[9 3],1,1,19,0,1
1,<environment.Job instance at 0x7f35f714b370>,6,17,[4 8],7,7,24,0,7
1,<environment.Job instance at 0x7f35f714b4b0>,7,14,[5 6],8,19,33,11,19
1,<environment.Job instance at 0x7f35f714bbe0>,17,13,[7 1],18,24,37,6,24
1,<environment.Job instance at 0x7f35f68745f0>,20,12,[3 8],21,33,45,12,33
1,<environment.Job instance at 0x7f35f6874230>,22,15,[5 6],23,33,48,10,33
1,<environment.Job instance at 0x7f35f6874c80>,27,12,[8 5],28,45,57,17,45
1,<environment.Job instance at 0x7f35f6874fa0>,25,17,[5 8],26,48,65,22,48
1,<environment.Job instance at 0x7f35f714bc80>,14,13,[10  1],15,57,70,42,57
1,<environment.Job instance at 0x7f35f6874550>,28,18,[3 6],29,65,83,36,65
1,<environment.Job instance at 0x7f35f5f7e5f0>,37,12,[7 2],38,70,82,32,70
1,<environment.Job instance at 0x7f35f5f7e0a0>,39,16,[3 5],40,70,86,30,70
1,<environment.Job instance at 0x7f35f714b460>,8,16,[8 4],9,82,98,73,82
1,<environment.Job instance at 0x7f35f6815be0>,51,13,[5 8],52,86,99,34,86
1,<environment.Job instance at 0x7f35f6e72780>,1,13,[4 5],2,2,15,0,2
1,<environment.Job instance at 0x7f35f6189730>,3,14,[8 4],4,4,18,0,4
1,<environment.Job instance at 0x7f35f6189640>,4,22,[1 8],5,15,37,10,8
1,<environment.Job instance at 0x7f35f6189910>,6,16,[ 5 13],7,37,53,30,24
1,<environment.Job instance at 0x7f35f6189f00>,16,13,[6 5],17,53,66,36,37
1,<environment.Job instance at 0x7f35f61aa640>,28,20,[13  2],29,66,86,37,57
1,<environment.Job instance at 0x7f35f61aa5a0>,25,25,[10  3],26,86,111,60,86
1,<environment.Job instance at 0x7f35f6958c80>,1,13,[4 5],2,2,15,0,2
1,<environment.Job instance at 0x7f35f6958eb0>,3,14,[8 4],4,4,18,0,4
1,<environment.Job instance at 0x7f35f6958550>,13,13,[ 2 10],14,15,28,1,15
1,<environment.Job instance at 0x7f35f658f550>,16,13,[6 5],17,18,31,1,18
1,<environment.Job instance at 0x7f35f6958f50>,9,16,[9 4],10,28,44,18,28
1,<environment.Job instance at 0x7f35f69587d0>,11,17,[5 5],12,31,48,19,31
1,<environment.Job instance at 0x7f35f6b73820>,39,13,[6 4],40,44,57,4,44
1,<environment.Job instance at 0x7f35f658f870>,26,16,[9 5],27,48,64,21,48
1,<environment.Job instance at 0x7f35f658f370>,20,18,[ 1 10],21,57,75,36,57
1,<environment.Job instance at 0x7f35f73d6780>,42,17,[7 1],43,64,81,21,64
1,<environment.Job instance at 0x7f35f5f7e500>,49,18,[7 3],50,64,82,14,64
1,<environment.Job instance at 0x7f35f5f7e190>,51,18,[1 5],52,76,94,24,76
1,<environment.Job instance at 0x7f35f6874af0>,55,15,[5 5],56,81,96,25,81
1,<environment.Job instance at 0x7f35f6958190>,7,20,[5 4],8,82,102,74,82
1,<environment.Job instance at 0x7fc9e6ecf730>,1,15,[5 2],2,2,17,0,2
1,<environment.Job instance at 0x7fc9dd885c80>,5,18,[7 5],6,6,24,0,6
1,<environment.Job instance at 0x7fc9dd885eb0>,7,12,[7 2],8,17,29,9,8
1,<environment.Job instance at 0x7fc9dd8890a0>,10,14,[ 1 14],11,29,43,18,14
1,<environment.Job instance at 0x7fc9dd885d20>,6,19,[ 1 13],7,44,63,37,44
1,<environment.Job instance at 0x7fc9dd892d20>,1,15,[5 2],2,2,17,0,2
1,<environment.Job instance at 0x7fc9dd894140>,5,18,[7 5],6,6,24,0,6
1,<environment.Job instance at 0x7fc9dd894370>,7,12,[7 2],8,17,29,9,17
1,<environment.Job instance at 0x7fc9dd894550>,9,17,[8 1],10,24,41,14,24
1,<environment.Job instance at 0x7fc9dd894a00>,18,18,[3 6],19,29,47,10,29
1,<environment.Job instance at 0x7fc9dd894280>,12,22,[4 6],13,29,51,16,29
1,<environment.Job instance at 0x7fc9dd8d1e60>,30,15,[8 2],31,41,56,10,41
1,<environment.Job instance at 0x7fc9dd87daa0>,31,13,[4 5],32,51,64,19,51
1,<environment.Job instance at 0x7fc9dd87d050>,39,13,[5 4],40,56,69,16,56
1,<environment.Job instance at 0x7fc9dd894640>,11,14,[10  4],12,64,78,52,64
1,<environment.Job instance at 0x7fc9dd9109b0>,44,14,[8 4],45,78,92,33,78
1,<environment.Job instance at 0x7fc9dd918e60>,43,14,[6 1],44,78,92,34,78
1,<environment.Job instance at 0x7fc9dd87de60>,33,16,[9 3],34,93,109,59,93
1,<environment.Job instance at 0x7fc9dd9aabe0>,55,15,[6 2],56,93,108,37,93
1,<environment.Job instance at 0x7fc9dcfd2050>,2,12,[10  1],3,4,16,1,4
1,<environment.Job instance at 0x7fc9dcfcf550>,10,15,[2 6],11,11,26,0,11
1,<environment.Job instance at 0x7fc9dcfcf460>,11,25,[7 4],12,16,41,4,12
1,<environment.Job instance at 0x7fc9dd892dc0>,3,22,[ 4 11],4,26,48,22,19
1,<environment.Job instance at 0x7fc9dcfd2190>,8,17,[11  4],9,41,58,32,29
1,<environment.Job instance at 0x7fc9dcfd0870>,17,21,[1 6],18,48,69,30,40
1,<environment.Job instance at 0x7fc9dcfd0550>,18,12,[12  1],19,58,70,39,57
1,<environment.Job instance at 0x7fc9dd0a72d0>,2,12,[10  1],3,3,15,0,3
1,<environment.Job instance at 0x7fc9dd0ae190>,7,17,[5 6],8,8,25,0,8
1,<environment.Job instance at 0x7fc9dd0a5cd0>,10,15,[2 6],11,15,30,4,15
1,<environment.Job instance at 0x7fc9dd03ab40>,19,14,[9 1],20,25,39,5,25
1,<environment.Job instance at 0x7fc9dd0aa190>,23,16,[1 8],24,25,41,1,25
1,<environment.Job instance at 0x7fc9dd03aaa0>,17,21,[1 6],18,30,51,12,30
1,<environment.Job instance at 0x7fc9dd03aaf0>,20,15,[9 2],21,41,56,20,41
1,<environment.Job instance at 0x7fc9dd04ceb0>,35,16,[5 2],36,41,57,5,41
1,<environment.Job instance at 0x7fc9dd224c30>,50,15,[6 2],51,56,71,5,56
1,<environment.Job instance at 0x7fc9dd04c4b0>,30,21,[4 6],31,56,77,25,56
1,<environment.Job instance at 0x7fc9dd13a280>,55,13,[2 6],56,57,70,1,57
1,<environment.Job instance at 0x7fc9dd036c30>,14,20,[5 7],15,70,90,55,70
1,<environment.Job instance at 0x7fc9dd1c4550>,51,15,[6 2],52,71,86,19,71
1,<environment.Job instance at 0x7fc9dd1d05f0>,60,15,[8 3],61,86,101,25,86
1,<environment.Job instance at 0x7fc9dd0be280>,67,13,[4 5],68,90,103,22,90
1,<environment.Job instance at 0x7fc9dce397d0>,8,17,[10  2],9,9,26,0,9
1,<environment.Job instance at 0x7fc9dce39500>,9,17,[ 5 11],10,11,28,1,11
1,<environment.Job instance at 0x7fc9dce39af0>,6,14,[11  2],7,28,42,21,13
1,<environment.Job instance at 0x7fc9e7048910>,13,21,[ 4 12],14,28,49,14,20
1,<environment.Job instance at 0x7fc9e70486e0>,14,17,[2 9],15,49,66,34,37
1,<environment.Job instance at 0x7fc9dceb2d70>,19,17,[2 8],20,66,83,46,54
1,<environment.Job instance at 0x7fc9e7048f00>,17,12,[11  1],18,54,66,36,54
1,<environment.Job instance at 0x7fc9dceb25f0>,20,12,[5 9],21,83,95,62,83
1,<environment.Job instance at 0x7fc9e7048870>,15,18,[ 5 11],16,95,113,79,85
1,<environment.Job instance at 0x7fc9dce39230>,8,17,[10  2],9,9,26,0,9
1,<environment.Job instance at 0x7fc9dce85870>,14,17,[2 9],15,15,32,0,15
1,<environment.Job instance at 0x7fc9dce85e60>,16,17,[10  4],17,26,43,9,26
1,<environment.Job instance at 0x7fc9dce85f50>,20,12,[5 9],21,32,44,11,32
1,<environment.Job instance at 0x7fc9dceb88c0>,27,15,[5 6],28,43,58,15,43
1,<environment.Job instance at 0x7fc9dceb8190>,21,14,[2 9],22,44,58,22,44
1,<environment.Job instance at 0x7fc9dceb8730>,23,15,[5 9],24,58,73,34,58
1,<environment.Job instance at 0x7fc9dce7a9b0>,52,17,[8 5],53,58,75,5,58
1,<environment.Job instance at 0x7fc9dceb86e0>,30,15,[ 5 10],31,73,88,42,73
1,<environment.Job instance at 0x7fc9dcebc410>,43,18,[8 5],44,76,94,32,76
1,<environment.Job instance at 0x7fc9dce7a8c0>,60,12,[6 2],61,88,100,27,88
1,<environment.Job instance at 0x7fc9dce7ae60>,58,17,[1 7],59,88,105,29,88
1,<environment.Job instance at 0x7fc9dcecf550>,50,17,[2 6],51,94,111,43,94
1,<environment.Job instance at 0x7fc9dd2c16e0>,1,15,[4 8],2,2,17,0,2
1,<environment.Job instance at 0x7fc9dceede60>,4,16,[ 2 11],5,17,33,12,6
1,<environment.Job instance at 0x7fc9dd381190>,6,14,[5 3],7,7,21,0,7
1,<environment.Job instance at 0x7fc9dd3811e0>,7,14,[8 5],8,33,47,25,19
1,<environment.Job instance at 0x7fc9dd4179b0>,5,24,[8 2],6,48,72,42,48
1,<environment.Job instance at 0x7fc9dd3814b0>,15,19,[11  2],16,72,91,56,70
1,<environment.Job instance at 0x7fc9dd381f00>,16,12,[14  5],17,91,103,74,85
1,<environment.Job instance at 0x7fc9dce77aa0>,1,15,[4 8],2,2,17,0,2
1,<environment.Job instance at 0x7fc9dce776e0>,3,22,[10  2],4,4,26,0,4
1,<environment.Job instance at 0x7fc9dce77280>,6,14,[5 3],7,17,31,10,17
1,<environment.Job instance at 0x7fc9dce832d0>,20,14,[7 2],21,26,40,5,26
1,<environment.Job instance at 0x7fc9dce83460>,19,18,[ 3 10],20,26,44,6,26
1,<environment.Job instance at 0x7fc9dce7abe0>,7,14,[8 5],8,40,54,32,40
1,<environment.Job instance at 0x7fc9e703f280>,35,13,[2 5],36,44,57,8,44
1,<environment.Job instance at 0x7fc9dce9b140>,40,12,[4 7],41,54,66,13,54
1,<environment.Job instance at 0x7fc9dd3ae320>,24,16,[8 3],25,54,70,29,54
1,<environment.Job instance at 0x7fc9dd399140>,32,13,[ 4 10],33,66,79,33,66
1,<environment.Job instance at 0x7fc9dce9b3c0>,47,17,[6 3],48,70,87,22,70
1,<environment.Job instance at 0x7fc9dce9b780>,56,15,[5 7],57,79,94,22,79
1,<environment.Job instance at 0x7fc9dd3995f0>,33,16,[2 8],34,87,103,53,87
1,<environment.Job instance at 0x7fc9dd37ef50>,64,12,[8 2],65,94,106,29,94
1,<environment.Job instance at 0x7fc9dd37eaa0>,60,17,[5 4],61,94,111,33,94
1,<environment.Job instance at 0x7fc9dd6a8780>,3,12,[ 1 10],4,4,16,0,4
1,<environment.Job instance at 0x7fc9dd6788c0>,11,13,[ 2 13],12,18,31,6,18
1,<environment.Job instance at 0x7fc9dd233eb0>,14,13,[14  1],15,31,44,16,19
1,<environment.Job instance at 0x7fc9dd71fa50>,18,14,[11  1],19,44,58,25,29
1,<environment.Job instance at 0x7fc9dd690230>,15,16,[ 3 11],16,44,60,28,31
1,<environment.Job instance at 0x7fc9dd6a2550>,26,13,[ 1 11],27,60,73,33,52
1,<environment.Job instance at 0x7fc9dd719320>,30,18,[13  2],31,60,78,29,58
1,<environment.Job instance at 0x7fc9dd6a2d70>,25,14,[11  5],26,86,100,60,86
1,<environment.Job instance at 0x7fc9dd678d70>,12,18,[12  5],13,100,118,87,90
1,<environment.Job instance at 0x7fc9dd108500>,0,17,[2 6],1,1,18,0,1
1,<environment.Job instance at 0x7fc9dd108640>,5,14,[9 5],6,6,20,0,6
1,<environment.Job instance at 0x7fc9dd1080a0>,3,12,[ 1 10],4,18,30,14,18
1,<environment.Job instance at 0x7fc9dceaf780>,10,16,[ 1 10],11,30,46,19,30
1,<environment.Job instance at 0x7fc9dce9baf0>,34,15,[6 4],35,35,50,0,35
1,<environment.Job instance at 0x7fc9dce9b550>,38,13,[7 1],39,39,52,0,39
1,<environment.Job instance at 0x7fc9dce9b3c0>,39,16,[2 6],40,46,62,6,46
1,<environment.Job instance at 0x7fc9dceafeb0>,8,17,[2 8],9,50,67,41,50
1,<environment.Job instance at 0x7fc9dce9b460>,48,17,[9 1],49,52,69,3,52
1,<environment.Job instance at 0x7fc9e703fdc0>,54,12,[3 5],55,62,74,7,62
1,<environment.Job instance at 0x7fc9e703f3c0>,51,16,[1 8],52,67,83,15,67
1,<environment.Job instance at 0x7fc9dce835f0>,65,14,[3 6],66,74,88,8,74
1,<environment.Job instance at 0x7fc9dce7a460>,68,13,[1 9],69,83,96,14,83
1,<environment.Job instance at 0x7fc9dce7a960>,69,16,[2 5],70,88,104,18,88
1,<environment.Job instance at 0x7fc9dd2c1780>,55,14,[5 8],56,96,110,40,96
1,<environment.Job instance at 0x7fc9dd321140>,3,17,[6 1],4,4,21,0,4
1,<environment.Job instance at 0x7fc9dd3214b0>,5,12,[ 2 10],6,6,18,0,6
1,<environment.Job instance at 0x7fc9dd5ec690>,16,20,[2 6],17,18,38,1,17
1,<environment.Job instance at 0x7fc9dd233c80>,0,21,[9 1],1,1,22,0,1
1,<environment.Job instance at 0x7fc9dce7a730>,1,18,[5 8],2,2,20,0,2
1,<environment.Job instance at 0x7fc9dce7ad70>,5,12,[ 2 10],6,20,32,14,20
1,<environment.Job instance at 0x7fc9dce7a960>,6,15,[9 2],7,22,37,15,22
1,<environment.Job instance at 0x7fc9dce7a8c0>,3,17,[6 1],4,32,49,28,32
1,<environment.Job instance at 0x7fc9dd2bdf50>,26,15,[5 7],27,37,52,10,37
1,<environment.Job instance at 0x7fc9dd5ec320>,13,18,[4 7],14,37,55,23,37
1,<environment.Job instance at 0x7fc9dd5d0aa0>,30,12,[8 1],31,52,64,21,52
1,<environment.Job instance at 0x7fc9dce7adc0>,8,17,[7 3],9,55,72,46,55
1,<environment.Job instance at 0x7fc9dd2bdb40>,23,16,[8 4],24,64,80,40,64
1,<environment.Job instance at 0x7fc9dd234c30>,39,12,[5 5],40,72,84,32,72
1,<environment.Job instance at 0x7fc9dd234050>,44,13,[ 5 10],45,80,93,35,80
1,<environment.Job instance at 0x7fc9dd5d00a0>,36,13,[10  5],37,84,97,47,84
1,<environment.Job instance at 0x7fc9dd234af0>,49,15,[2 6],50,93,108,43,93
1,<environment.Job instance at 0x7fc9dd234c80>,45,15,[7 2],46,97,112,51,97
1,<environment.Job instance at 0x7fc9dd6d4eb0>,5,12,[4 8],6,6,18,0,6
1,<environment.Job instance at 0x7fc9dd6d4190>,6,15,[ 5 11],7,18,33,11,11
1,<environment.Job instance at 0x7fc9dd6d4050>,8,27,[5 1],9,15,42,6,15
1,<environment.Job instance at 0x7fc9dd6d4370>,11,13,[ 3 12],12,33,46,21,17
1,<environment.Job instance at 0x7fc9dd6d4640>,16,12,[ 3 12],17,46,58,29,29
1,<environment.Job instance at 0x7fc9dd6bf460>,27,21,[7 2],28,33,54,5,29
1,<environment.Job instance at 0x7fc9dd6bf640>,29,12,[ 1 11],30,58,70,28,41
1,<environment.Job instance at 0x7fc9dd6bf3c0>,25,12,[1 9],26,70,82,44,53
1,<environment.Job instance at 0x7fc9dd310870>,1,17,[2 7],2,2,19,0,2
1,<environment.Job instance at 0x7fc9dd3109b0>,5,12,[4 8],6,6,18,0,6
1,<environment.Job instance at 0x7fc9de3b0910>,15,16,[5 5],16,18,34,2,18
1,<environment.Job instance at 0x7fc9de3b0730>,18,13,[8 5],19,19,32,0,19
1,<environment.Job instance at 0x7fc9de3b0870>,25,12,[1 9],26,32,44,6,32
1,<environment.Job instance at 0x7fc9de3b0b40>,26,15,[8 2],27,34,49,7,34
1,<environment.Job instance at 0x7fc9de3b0dc0>,19,13,[3 9],20,44,57,24,44
1,<environment.Job instance at 0x7fc9dd26d7d0>,31,13,[6 1],32,49,62,17,49
1,<environment.Job instance at 0x7fc9de3b0e60>,21,16,[6 5],22,49,65,27,49
1,<environment.Job instance at 0x7fc9dd26d410>,32,13,[1 8],33,57,70,24,57
1,<environment.Job instance at 0x7fc9dd26d2d0>,36,15,[6 1],37,65,80,28,65
1,<environment.Job instance at 0x7fc9de3b0690>,17,17,[4 5],18,65,82,47,65
1,<environment.Job instance at 0x7fc9dd3108c0>,2,14,[4 9],3,70,84,67,70
1,<environment.Job instance at 0x7fc9dd26d5a0>,38,14,[6 5],39,82,96,43,82
1,<environment.Job instance at 0x7fc9dd26d730>,40,12,[1 5],41,85,97,44,85
1,<environment.Job instance at 0x7fc9dd234f50>,52,20,[4 5],53,86,106,33,86
1,<environment.Job instance at 0x7fc9dd234b40>,51,15,[10  1],52,96,111,44,96
1,<environment.Job instance at 0x7fc9dcebb780>,3,18,[6 5],4,4,22,0,4
1,<environment.Job instance at 0x7fc9ddfa2e10>,8,12,[1 7],9,9,21,0,9
1,<environment.Job instance at 0x7fc9ddfa2780>,11,17,[13  1],12,22,39,10,12
1,<environment.Job instance at 0x7fc9ddfa2320>,9,15,[ 3 13],10,39,54,29,25
1,<environment.Job instance at 0x7fc9ddfa25f0>,13,25,[12  1],14,39,64,25,36
1,<environment.Job instance at 0x7fc9dcebbcd0>,5,28,[ 2 13],6,54,82,48,54
1,<environment.Job instance at 0x7fc9ddfa2cd0>,12,18,[5 8],13,82,100,69,78
1,<environment.Job instance at 0x7fc9ddfa2820>,15,16,[ 1 13],16,100,116,84,89
1,<environment.Job instance at 0x7fc9dd6d4780>,3,18,[6 5],4,4,22,0,4
1,<environment.Job instance at 0x7fc9ddd432d0>,8,12,[1 7],9,9,21,0,9
1,<environment.Job instance at 0x7fc9dd2bd410>,18,17,[9 4],19,21,38,2,21
1,<environment.Job instance at 0x7fc9dd2bb410>,12,18,[5 8],13,22,40,9,22
1,<environment.Job instance at 0x7fc9dd234e10>,22,15,[6 2],23,38,53,15,38
1,<environment.Job instance at 0x7fc9dd2bd9b0>,17,18,[6 5],18,40,58,22,40
1,<environment.Job instance at 0x7fc9dd234780>,29,22,[1 7],30,40,62,10,40
1,<environment.Job instance at 0x7fc9dd26d0f0>,42,14,[6 2],43,53,67,10,53
1,<environment.Job instance at 0x7fc9dd3100f0>,45,14,[1 6],46,58,72,12,58
1,<environment.Job instance at 0x7fc9dd26d190>,40,14,[1 7],41,62,76,21,62
1,<environment.Job instance at 0x7fc9dd310690>,50,18,[5 2],51,67,85,16,67
1,<environment.Job instance at 0x7fc9dd310960>,52,14,[8 3],53,72,86,19,72
1,<environment.Job instance at 0x7fc9dd26dd20>,46,15,[5 7],47,85,100,38,85
1,<environment.Job instance at 0x7fc9de3b0c80>,67,12,[9 1],68,86,98,18,86
1,<environment.Job instance at 0x7fc9de3b0370>,70,13,[3 5],71,98,111,27,98
1,<environment.Job instance at 0x7fc9dda80460>,2,23,[5 5],3,3,26,0,3
1,<environment.Job instance at 0x7fc9dda80550>,5,14,[4 7],6,6,20,0,6
1,<environment.Job instance at 0x7fc9dda80780>,15,28,[ 3 10],16,74,102,58,74
1,<environment.Job instance at 0x7fc9ddd43230>,5,14,[4 7],6,6,20,0,6
1,<environment.Job instance at 0x7fc9e70ad3c0>,6,16,[9 4],7,7,23,0,7
1,<environment.Job instance at 0x7fc9ddaed870>,8,14,[ 2 10],9,20,34,11,20
1,<environment.Job instance at 0x7fc9dcf651e0>,12,16,[5 5],13,23,39,10,23
1,<environment.Job instance at 0x7fc9dd7159b0>,24,13,[5 5],25,34,47,9,34
1,<environment.Job instance at 0x7fc9dd0a6a50>,16,18,[1 5],17,34,52,17,34
1,<environment.Job instance at 0x7fc9dd88b3c0>,26,16,[8 3],27,39,55,12,39
1,<environment.Job instance at 0x7fc9ddc9f6e0>,11,18,[5 5],12,47,65,35,47
1,<environment.Job instance at 0x7fc9dd9d01e0>,37,14,[5 1],38,55,69,17,55
1,<environment.Job instance at 0x7fc9dd9d0c80>,33,18,[5 5],34,55,73,21,55
1,<environment.Job instance at 0x7fc9dd804460>,43,12,[7 1],44,69,81,25,69
1,<environment.Job instance at 0x7fc9dd804c80>,47,15,[6 2],48,73,88,25,73
1,<environment.Job instance at 0x7fc9dd804f50>,42,14,[9 1],43,81,95,38,81
1,<environment.Job instance at 0x7fc9dd6b75f0>,10,16,[ 3 10],11,88,104,77,88
1,<environment.Job instance at 0x7fca025e0dc0>,53,14,[6 1],54,95,109,41,95
1,<environment.Job instance at 0x7fc9dd228140>,1,16,[6 3],2,2,18,0,2
1,<environment.Job instance at 0x7fc9dd876a00>,11,24,[ 3 12],12,12,36,0,12
1,<environment.Job instance at 0x7fc9dd2287d0>,6,21,[8 1],7,19,40,12,19
1,<environment.Job instance at 0x7fc9dd876f50>,13,19,[ 4 10],14,36,55,22,31
1,<environment.Job instance at 0x7fc9dd876aa0>,14,18,[10  1],15,40,58,25,36
1,<environment.Job instance at 0x7fc9dd28ef00>,1,16,[6 3],2,2,18,0,2
1,<environment.Job instance at 0x7fca025e0dc0>,6,21,[8 1],7,7,28,0,7
1,<environment.Job instance at 0x7fc9ddc44af0>,18,14,[5 7],19,28,42,9,28
1,<environment.Job instance at 0x7fc9ddbcb230>,16,15,[9 4],17,28,43,11,28
1,<environment.Job instance at 0x7fc9ddd4bf00>,27,16,[4 8],28,42,58,14,42
1,<environment.Job instance at 0x7fc9ddd43410>,10,18,[10  5],11,43,61,32,43
1,<environment.Job instance at 0x7fc9ddd480f0>,29,15,[2 8],30,58,73,28,58
1,<environment.Job instance at 0x7fc9ddfa2730>,31,12,[6 1],32,61,73,29,61
1,<environment.Job instance at 0x7fc9e6ad1be0>,17,21,[4 6],18,61,82,43,61
1,<environment.Job instance at 0x7fc9dde8a870>,34,16,[10  5],35,73,89,38,73
1,<environment.Job instance at 0x7fc9dde667d0>,39,13,[ 1 10],40,82,95,42,82
1,<environment.Job instance at 0x7fc9dde73190>,43,13,[8 2],44,89,102,45,89
1,<environment.Job instance at 0x7fc9dd6bfdc0>,49,13,[1 8],50,95,108,45,95
1,<environment.Job instance at 0x7fc9ddc5bcd0>,2,18,[10  2],3,3,21,0,3
1,<environment.Job instance at 0x7fc9dd5e67d0>,7,17,[2 6],8,8,25,0,8
1,<environment.Job instance at 0x7fc9dcd709b0>,14,17,[3 5],15,15,32,0,15
1,<environment.Job instance at 0x7fc9dd9d88c0>,20,15,[7 4],21,21,36,0,21
1,<environment.Job instance at 0x7fc9ddfa5be0>,12,15,[4 5],13,25,40,12,25
1,<environment.Job instance at 0x7fc9dd839460>,26,15,[5 5],27,36,51,9,36
1,<environment.Job instance at 0x7fc9dd6bfbe0>,31,17,[2 5],32,36,53,4,36
1,<environment.Job instance at 0x7fc9dcf87c80>,37,12,[10  1],38,51,63,13,51
1,<environment.Job instance at 0x7fc9e6a41190>,41,17,[1 9],42,51,68,9,51
1,<environment.Job instance at 0x7fc9e70ad3c0>,40,12,[10  1],41,63,75,22,63
1,<environment.Job instance at 0x7fc9ee0391e0>,48,17,[2 5],49,63,80,14,63
1,<environment.Job instance at 0x7fc9dd28ef00>,49,17,[3 6],50,68,85,18,68
1,<environment.Job instance at 0x7fc9ddf595f0>,54,12,[6 3],55,80,92,25,80
1,<environment.Job instance at 0x7fc9ddf59460>,57,12,[4 6],58,80,92,22,80
1,<environment.Job instance at 0x7fc9ddf59c80>,58,13,[2 6],59,85,98,26,85
1,<environment.Job instance at 0x7fc9ddf59e60>,59,13,[10  4],60,92,105,32,92
1,<environment.Job instance at 0x7fc9dd715190>,45,12,[ 1 10],46,98,110,52,98
1,<environment.Job instance at 0x7fc9dd517be0>,3,14,[4 9],4,4,18,0,4
1,<environment.Job instance at 0x7fc9dd517dc0>,7,20,[3 6],8,8,28,0,8
1,<environment.Job instance at 0x7fc9dce75550>,9,15,[5 5],10,18,33,8,10
1,<environment.Job instance at 0x7fc9dce759b0>,16,16,[5 6],17,28,44,11,17
1,<environment.Job instance at 0x7fc9dce75dc0>,19,13,[5 5],20,33,46,13,22
1,<environment.Job instance at 0x7fc9dd884730>,26,13,[4 5],27,44,57,17,29
1,<environment.Job instance at 0x7fc9dd75c780>,35,22,[5 6],36,46,68,10,39
1,<environment.Job instance at 0x7fc9dd6a8b90>,38,12,[8 4],39,57,69,18,40
1,<environment.Job instance at 0x7fc9de449c30>,39,22,[ 3 11],40,68,90,28,61
1,<environment.Job instance at 0x7fc9dd554500>,37,16,[7 4],38,73,89,35,73
1,<environment.Job instance at 0x7fc9de2cfe60>,36,20,[12  5],37,90,110,53,83
1,<environment.Job instance at 0x7fc9dd6a8a00>,41,28,[3 6],42,90,118,48,90
1,<environment.Job instance at 0x7fc9dd8d50a0>,0,14,[10  2],1,1,15,0,1
1,<environment.Job instance at 0x7fc9dd8c83c0>,1,22,[5 5],2,2,24,0,2
1,<environment.Job instance at 0x7fc9ddf26870>,11,12,[ 1 10],12,15,27,3,15
1,<environment.Job instance at 0x7fc9ddf230a0>,19,13,[5 5],20,24,37,4,24
1,<environment.Job instance at 0x7fc9de237b40>,3,14,[4 9],4,27,41,23,27
1,<environment.Job instance at 0x7fc9dd840b40>,26,13,[4 5],27,37,50,10,37
1,<environment.Job instance at 0x7fc9dd840690>,25,14,[1 7],26,41,55,15,41
1,<environment.Job instance at 0x7fc9dd8347d0>,38,12,[8 4],39,50,62,11,50
1,<environment.Job instance at 0x7fc9de21c5f0>,23,14,[4 5],24,55,69,31,55
1,<environment.Job instance at 0x7fc9dd8458c0>,46,12,[8 4],47,62,74,15,62
1,<environment.Job instance at 0x7fc9ddf26050>,9,15,[5 5],10,69,84,59,69
1,<environment.Job instance at 0x7fc9dd86b4b0>,50,13,[9 3],51,74,87,23,74
1,<environment.Job instance at 0x7fc9dd83a2d0>,56,12,[2 7],57,84,96,27,84
1,<environment.Job instance at 0x7fc9dd854e10>,60,13,[4 6],61,87,100,26,87
1,<environment.Job instance at 0x7fc9ddf4c6e0>,62,12,[1 7],63,96,108,33,96
1,<environment.Job instance at 0x7fc9de06faf0>,0,14,[8 4],1,1,15,0,1
1,<environment.Job instance at 0x7fc9dd97f550>,7,20,[4 5],8,12,32,4,12
1,<environment.Job instance at 0x7fc9ddbe7cd0>,8,14,[5 7],9,15,29,6,12
1,<environment.Job instance at 0x7fc9de22e140>,12,15,[13  4],13,32,47,19,18
1,<environment.Job instance at 0x7fc9de22e910>,11,21,[ 2 12],12,47,68,35,39
1,<environment.Job instance at 0x7fc9de22e780>,16,14,[11  3],17,47,61,30,39
1,<environment.Job instance at 0x7fc9de22ecd0>,10,12,[ 1 12],11,68,80,57,59
1,<environment.Job instance at 0x7fc9dddcab40>,23,25,[14  2],24,69,94,45,69
1,<environment.Job instance at 0x7fc9de22e1e0>,17,22,[5 7],18,94,116,76,92
1,<environment.Job instance at 0x7fc9dddca1e0>,26,18,[1 6],27,95,113,68,95
1,<environment.Job instance at 0x7fc9ddb45c80>,0,14,[8 4],1,1,15,0,1
1,<environment.Job instance at 0x7fc9dcf810f0>,7,20,[4 5],8,8,28,0,8
1,<environment.Job instance at 0x7fc9dd6bdaf0>,8,14,[5 7],9,15,29,6,15
1,<environment.Job instance at 0x7fc9dd946410>,26,18,[1 6],27,28,46,1,28
1,<environment.Job instance at 0x7fc9de175550>,27,20,[1 9],28,29,49,1,29
1,<environment.Job instance at 0x7fc9dd4a0d20>,37,15,[6 1],38,46,61,8,46
1,<environment.Job instance at 0x7fc9dd3f9780>,31,17,[7 3],32,46,63,14,46
1,<environment.Job instance at 0x7fc9dd23cf00>,57,18,[5 5],58,61,79,3,61
1,<environment.Job instance at 0x7fc9dd4c9460>,62,14,[10  1],63,63,77,0,63
1,<environment.Job instance at 0x7fc9ddecb780>,65,12,[ 5 10],66,77,89,11,77
1,<environment.Job instance at 0x7fc9dd705320>,46,16,[9 2],47,79,95,32,79
1,<environment.Job instance at 0x7fc9ddecb550>,67,16,[1 6],68,89,105,21,89
1,<environment.Job instance at 0x7fc9ddfc8e10>,17,22,[5 7],18,89,111,71,89
1,<environment.Job instance at 0x7fc9de4e9b90>,79,16,[7 2],80,95,111,15,95
1,<environment.Job instance at 0x7fc9ddd4c230>,0,13,[5 5],1,1,14,0,1
1,<environment.Job instance at 0x7fc9de449be0>,6,18,[2 5],7,7,25,0,7
1,<environment.Job instance at 0x7fc9de3ca690>,9,22,[ 2 10],10,14,36,4,10
1,<environment.Job instance at 0x7fc9dce981e0>,18,17,[6 2],19,25,42,6,19
1,<environment.Job instance at 0x7fc9dd2600f0>,19,18,[14  2],20,46,64,26,46
1,<environment.Job instance at 0x7fc9ddadf910>,22,17,[12  2],23,64,81,41,57
1,<environment.Job instance at 0x7fc9ddadf2d0>,23,20,[ 5 12],24,81,101,57,72
1,<environment.Job instance at 0x7fc9dcd7a4b0>,0,13,[5 5],1,1,14,0,1
1,<environment.Job instance at 0x7fc9dd5474b0>,2,19,[2 6],3,3,22,0,3
1,<environment.Job instance at 0x7fc9dd89d460>,13,16,[1 7],14,14,30,0,14
1,<environment.Job instance at 0x7fc9dd89dd20>,17,17,[5 7],18,22,39,4,22
1,<environment.Job instance at 0x7fc9ddecb6e0>,18,17,[6 2],19,30,47,11,30
1,<environment.Job instance at 0x7fc9de229320>,6,18,[2 5],7,30,48,23,30
1,<environment.Job instance at 0x7fc9ddecb140>,21,15,[8 2],22,47,62,25,47
1,<environment.Job instance at 0x7fc9dd260910>,42,15,[5 1],43,47,62,4,47
1,<environment.Job instance at 0x7fc9dd427a00>,52,15,[3 7],53,62,77,9,62
1,<environment.Job instance at 0x7fc9dd8ae960>,25,16,[10  3],26,62,78,36,62
1,<environment.Job instance at 0x7fc9ddca17d0>,41,16,[4 6],42,77,93,35,77
1,<environment.Job instance at 0x7fc9de323c30>,71,13,[10  3],72,78,91,6,78
1,<environment.Job instance at 0x7fc9de323e60>,74,14,[3 7],75,91,105,16,91
1,<environment.Job instance at 0x7fc9de323730>,75,20,[5 1],76,92,112,16,92
1,<environment.Job instance at 0x7fc9dd065640>,3,18,[7 1],4,4,22,0,4
1,<environment.Job instance at 0x7fc9dd065870>,5,21,[5 5],6,6,27,0,6
1,<environment.Job instance at 0x7fc9dd065aa0>,9,13,[5 8],10,22,35,12,10
1,<environment.Job instance at 0x7fc9de05b7d0>,12,17,[13  5],13,35,52,22,23
1,<environment.Job instance at 0x7fc9dd065d70>,14,17,[ 1 13],15,52,69,37,43
1,<environment.Job instance at 0x7fc9dd065c30>,13,17,[14  5],14,69,86,55,61
1,<environment.Job instance at 0x7fc9e6aa4f50>,1,18,[1 9],2,2,20,0,2
1,<environment.Job instance at 0x7fc9e6aa4500>,3,18,[7 1],4,4,22,0,4
1,<environment.Job instance at 0x7fc9e6aa4eb0>,4,19,[7 3],5,5,24,0,5
1,<environment.Job instance at 0x7fc9de3238c0>,20,12,[7 2],21,22,34,1,22
1,<environment.Job instance at 0x7fc9e6aa4b40>,9,13,[5 8],10,24,37,14,24
1,<environment.Job instance at 0x7fc9de3231e0>,18,19,[2 5],19,24,43,5,24
1,<environment.Job instance at 0x7fc9de3232d0>,21,20,[6 1],22,34,54,12,34
1,<environment.Job instance at 0x7fc9dd427b90>,34,13,[6 5],35,37,50,2,37
1,<environment.Job instance at 0x7fc9dd884d70>,44,14,[4 7],45,50,64,5,50
1,<environment.Job instance at 0x7fc9de323910>,29,17,[5 4],30,50,67,20,50
1,<environment.Job instance at 0x7fc9dd427e10>,39,15,[9 4],40,65,80,25,65
1,<environment.Job instance at 0x7fc9dcc5ef50>,55,15,[1 7],56,66,81,10,66
1,<environment.Job instance at 0x7fc9ddfc88c0>,59,15,[7 1],60,80,95,20,80
1,<environment.Job instance at 0x7fc9dd6f6be0>,51,19,[2 5],52,80,99,28,80
1,<environment.Job instance at 0x7fc9de0f5190>,66,14,[5 4],67,81,95,14,81
1,<environment.Job instance at 0x7fc9dd4c9d20>,67,15,[6 4],68,95,110,27,95
1,<environment.Job instance at 0x7fc9ddecbf50>,68,20,[7 5],69,96,116,27,96
1,<environment.Job instance at 0x7fc9dd23cf00>,58,21,[1 6],59,99,120,40,99
1,<environment.Job instance at 0x7fc9dd05e820>,5,12,[3 5],6,6,18,0,6
1,<environment.Job instance at 0x7fc9dd05e690>,6,20,[ 3 11],7,18,38,11,10
1,<environment.Job instance at 0x7fc9dd05e5a0>,11,15,[1 7],12,54,69,42,54
1,<environment.Job instance at 0x7fc9dd05e960>,14,14,[4 8],15,56,70,41,56
1,<environment.Job instance at 0x7fc9e6aa4410>,3,14,[10  5],4,4,18,0,4
1,<environment.Job instance at 0x7fc9e6aa4d70>,5,12,[3 5],6,6,18,0,6
1,<environment.Job instance at 0x7fc9dd803cd0>,15,12,[9 1],16,18,30,2,18
1,<environment.Job instance at 0x7fc9dcf3e230>,14,14,[4 8],15,18,32,3,18
1,<environment.Job instance at 0x7fc9dcb41b90>,20,13,[9 3],21,30,43,9,30
1,<environment.Job instance at 0x7fc9dcf3ea50>,11,15,[1 7],12,32,47,20,32
1,<environment.Job instance at 0x7fc9dcb5ea00>,26,13,[10  1],27,43,56,16,43
1,<environment.Job instance at 0x7fc9dcb5eb90>,28,15,[ 5 10],29,47,62,18,47
1,<environment.Job instance at 0x7fc9dd047c80>,12,14,[10  2],13,56,70,43,56
1,<environment.Job instance at 0x7fc9dcb5eaf0>,37,15,[ 4 10],38,62,77,24,62
1,<environment.Job instance at 0x7fc9e6aa4c80>,4,16,[10  2],5,70,86,65,70
1,<environment.Job instance at 0x7fc9dcb72aa0>,45,15,[3 9],46,77,92,31,77
1,<environment.Job instance at 0x7fc9dcb72910>,44,14,[9 1],45,86,100,41,86
1,<environment.Job instance at 0x7fc9dcb5e3c0>,30,15,[5 8],31,92,107,61,92
1,<environment.Job instance at 0x7fc9dd8ab190>,0,12,[2 5],1,1,13,0,1
1,<environment.Job instance at 0x7fc9ddf59b40>,5,14,[8 5],6,6,20,0,6
1,<environment.Job instance at 0x7fc9dd8ab780>,8,20,[6 3],9,13,33,4,11
1,<environment.Job instance at 0x7fc9ddf59690>,9,21,[3 6],10,20,41,10,16
1,<environment.Job instance at 0x7fc9ddf59d20>,7,25,[ 3 10],8,41,66,33,37
1,<environment.Job instance at 0x7fc9de481f00>,14,12,[7 1],15,37,49,22,37
1,<environment.Job instance at 0x7fc9de4812d0>,15,21,[ 1 10],16,66,87,50,58
1,<environment.Job instance at 0x7fc9dd3885f0>,27,14,[5 6],28,87,101,59,72
1,<environment.Job instance at 0x7fc9dd388c30>,28,16,[8 4],29,73,89,44,73
1,<environment.Job instance at 0x7fc9dcb5a460>,0,12,[2 5],1,1,13,0,1
1,<environment.Job instance at 0x7fc9dcb5a050>,5,14,[8 5],6,6,20,0,6
1,<environment.Job instance at 0x7fc9dcb38d70>,14,12,[7 1],15,15,27,0,15
1,<environment.Job instance at 0x7fc9dcb389b0>,18,12,[7 5],19,20,32,1,20
1,<environment.Job instance at 0x7fc9dcb728c0>,26,17,[4 8],27,27,44,0,27
1,<environment.Job instance at 0x7fc9dcb72460>,27,14,[5 6],28,33,47,5,33
1,<environment.Job instance at 0x7fc9dcb72960>,28,16,[8 4],29,44,60,15,44
1,<environment.Job instance at 0x7fc9dcb5e6e0>,34,13,[10  1],35,61,74,26,61
1,<environment.Job instance at 0x7fc9dcb5eeb0>,37,13,[7 1],38,74,87,36,74
1,<environment.Job instance at 0x7fc9dcb5e780>,40,12,[3 8],41,74,86,33,74
1,<environment.Job instance at 0x7fc9dcb5e730>,42,15,[5 6],43,74,89,31,74
1,<environment.Job instance at 0x7fc9dcb72730>,21,17,[9 4],22,87,104,65,87
1,<environment.Job instance at 0x7fc9dcb5e370>,45,17,[5 8],46,89,106,43,89
1,<environment.Job instance at 0x7fc9dcf106e0>,2,14,[8 4],3,3,17,0,3
1,<environment.Job instance at 0x7fc9dcf10c30>,11,13,[4 5],12,13,26,1,13
1,<environment.Job instance at 0x7fc9dcf0ee60>,13,14,[8 4],14,17,31,3,14
1,<environment.Job instance at 0x7fc9dcf10eb0>,7,14,[11  2],8,31,45,23,16
1,<environment.Job instance at 0x7fc9dcf0ee10>,14,22,[1 8],15,26,48,11,19
1,<environment.Job instance at 0x7fc9dcf2c7d0>,17,20,[5 4],18,45,65,27,36
1,<environment.Job instance at 0x7fc9dcf2c050>,16,16,[ 5 13],17,65,81,48,52
1,<environment.Job instance at 0x7fc9dcf2c730>,23,13,[ 2 10],24,81,94,57,65
1,<environment.Job instance at 0x7fc9dcf03c30>,26,13,[6 5],27,81,94,54,67
1,<environment.Job instance at 0x7fc9dd0a7640>,39,14,[12  3],40,94,108,54,85
1,<environment.Job instance at 0x7fc9dd09fdc0>,33,20,[3 9],34,94,114,60,85
1,<environment.Job instance at 0x7fc9dd152230>,41,13,[11  3],42,108,121,66,97
1,<environment.Job instance at 0x7fc9dcc9b7d0>,2,14,[8 4],3,3,17,0,3
1,<environment.Job instance at 0x7fc9dcc9b5f0>,3,19,[ 2 10],4,4,23,0,4
1,<environment.Job instance at 0x7fc9dcb34690>,11,13,[4 5],12,17,30,5,17
1,<environment.Job instance at 0x7fc9dcb34f00>,13,14,[8 4],14,23,37,9,23
1,<environment.Job instance at 0x7fc9dd072c30>,23,13,[ 2 10],24,30,43,6,30
1,<environment.Job instance at 0x7fc9e6aa4c30>,26,13,[6 5],27,37,50,10,37
1,<environment.Job instance at 0x7fc9dcc9bb40>,6,14,[9 3],7,43,57,36,43
1,<environment.Job instance at 0x7fc9e711b460>,21,17,[5 5],22,50,67,28,50
1,<environment.Job instance at 0x7fc9dcb72640>,49,13,[6 4],50,57,70,7,57
1,<environment.Job instance at 0x7fc9dcb5ec30>,36,16,[9 5],37,68,84,31,68
1,<environment.Job instance at 0x7fc9e6aa41e0>,30,18,[ 1 10],31,70,88,39,70
1,<environment.Job instance at 0x7fc9de481140>,19,16,[9 4],20,84,100,64,84
1,<environment.Job instance at 0x7fc9dcb38f50>,61,18,[1 5],62,88,106,26,88
1,<environment.Job instance at 0x7fc9dcb72550>,51,19,[5 5],52,89,108,37,89
1,<environment.Job instance at 0x7fc9de2c9c30>,1,14,[1 9],2,2,16,0,2
1,<environment.Job instance at 0x7fc9dcc9b8c0>,4,13,[5 5],5,5,18,0,5
1,<environment.Job instance at 0x7fc9de2c92d0>,5,19,[ 3 11],6,18,37,12,9
1,<environment.Job instance at 0x7fc9de2c9140>,13,12,[8 4],14,18,30,4,18
1,<environment.Job instance at 0x7fc9de2c9460>,7,24,[8 2],8,30,54,22,25
1,<environment.Job instance at 0x7fc9de2c9cd0>,19,16,[ 1 10],20,37,53,17,25
1,<environment.Job instance at 0x7fc9dcb382d0>,1,14,[1 9],2,2,16,0,2
1,<environment.Job instance at 0x7fc9dcb380f0>,3,22,[10  4],4,4,26,0,4
1,<environment.Job instance at 0x7fc9dcb38af0>,4,13,[5 5],5,16,29,11,16
1,<environment.Job instance at 0x7fc9dcb38d20>,13,12,[8 4],14,26,38,12,26
1,<environment.Job instance at 0x7fc9dcb38e60>,11,15,[7 1],12,29,44,17,29
1,<environment.Job instance at 0x7fc9dcb5eeb0>,28,16,[3 8],29,38,54,9,38
1,<environment.Job instance at 0x7fc9dcb38f50>,9,17,[3 5],10,38,55,28,38
1,<environment.Job instance at 0x7fc9dcb5e500>,29,14,[6 2],30,44,58,14,44
1,<environment.Job instance at 0x7fc9dcb5ef00>,32,14,[4 7],33,54,68,21,54
1,<environment.Job instance at 0x7fc9dd072c30>,37,14,[5 6],38,58,72,20,58
1,<environment.Job instance at 0x7fc9dcc9b730>,44,13,[1 7],45,68,81,23,68
1,<environment.Job instance at 0x7fc9dcb5ed20>,27,18,[9 3],28,72,90,44,72
1,<environment.Job instance at 0x7fc9dcc9b640>,48,16,[ 4 10],49,83,99,34,83
1,<environment.Job instance at 0x7fc9dd573190>,8,22,[ 3 13],9,74,96,65,74
1,<environment.Job instance at 0x7fc9dd4abf50>,9,24,[1 7],10,96,120,86,91
1,<environment.Job instance at 0x7fc9dd632730>,1,19,[5 4],2,2,21,0,2
1,<environment.Job instance at 0x7fc9dd7ff050>,12,16,[1 7],13,13,29,0,13
1,<environment.Job instance at 0x7fc9dd7ff9b0>,19,15,[9 2],20,20,35,0,20
1,<environment.Job instance at 0x7fc9dd7ff3c0>,28,14,[5 5],29,29,43,0,29
1,<environment.Job instance at 0x7fc9ddbf77d0>,29,14,[10  5],30,35,49,5,35
1,<environment.Job instance at 0x7fc9dd7ffb90>,24,19,[5 3],25,43,62,18,43
1,<environment.Job instance at 0x7fc9ddbf7370>,39,13,[ 1 10],40,49,62,9,49
1,<environment.Job instance at 0x7fc9ddbf7af0>,37,14,[7 1],38,49,63,11,49
1,<environment.Job instance at 0x7fc9dd7ffdc0>,21,17,[7 5],22,62,79,40,62
1,<environment.Job instance at 0x7fc9dd7ff870>,16,20,[1 7],17,62,82,45,62
1,<environment.Job instance at 0x7fc9ddbf75a0>,30,21,[6 3],31,63,84,32,63
1,<environment.Job instance at 0x7fc9dcc9b370>,48,16,[8 1],49,79,95,30,79
1,<environment.Job instance at 0x7fc9e711b460>,51,16,[3 8],52,84,100,32,84
1,<environment.Job instance at 0x7fc9dcb5e370>,55,17,[3 5],56,84,101,28,84
1,<environment.Job instance at 0x7fc9dcb5e820>,61,19,[5 1],62,96,115,34,96
1,<environment.Job instance at 0x7f96b83a3730>,1,15,[5 2],2,2,17,0,2
1,<environment.Job instance at 0x7f96aed59c80>,5,18,[7 5],6,6,24,0,6
1,<environment.Job instance at 0x7f96aed59eb0>,7,12,[7 2],8,17,29,9,8
1,<environment.Job instance at 0x7f96aed59e10>,9,17,[8 1],10,24,41,14,13
1,<environment.Job instance at 0x7f96b83a38c0>,10,14,[ 1 14],11,35,49,24,35
1,<environment.Job instance at 0x7f96aed5e410>,16,19,[ 3 12],17,61,80,44,61
1,<environment.Job instance at 0x7f96aed69460>,1,15,[5 2],2,2,17,0,2
1,<environment.Job instance at 0x7f96aed697d0>,5,18,[7 5],6,6,24,0,6
1,<environment.Job instance at 0x7f96aed69a00>,7,12,[7 2],8,17,29,9,17
1,<environment.Job instance at 0x7f96aed69be0>,9,17,[8 1],10,24,41,14,24
1,<environment.Job instance at 0x7f96aedad140>,18,18,[3 6],19,29,47,10,29
1,<environment.Job instance at 0x7f96aed69910>,12,22,[4 6],13,29,51,16,29
1,<environment.Job instance at 0x7f96aee909b0>,30,15,[8 2],31,41,56,10,41
1,<environment.Job instance at 0x7f96aeee0aa0>,31,13,[4 5],32,51,64,19,51
1,<environment.Job instance at 0x7f96aee7eeb0>,39,13,[5 4],40,56,69,16,56
1,<environment.Job instance at 0x7f96aed69cd0>,11,14,[10  4],12,64,78,52,64
1,<environment.Job instance at 0x7f96aeeddcd0>,44,14,[8 4],45,78,92,33,78
1,<environment.Job instance at 0x7f96aee1dcd0>,43,14,[6 1],44,78,92,34,78
1,<environment.Job instance at 0x7f96aed51960>,33,16,[9 3],34,93,109,59,93
1,<environment.Job instance at 0x7f96aee1b910>,55,15,[6 2],56,93,108,37,93
1,<environment.Job instance at 0x7f96aef01960>,47,16,[6 2],48,108,124,60,108
1,<environment.Job instance at 0x7f96ae4a6c30>,0,15,[2 6],1,1,16,0,1
1,<environment.Job instance at 0x7f96ae4a7190>,4,20,[5 7],5,5,25,0,5
1,<environment.Job instance at 0x7f96ae49bfa0>,7,21,[1 6],8,16,37,8,8
1,<environment.Job instance at 0x7f96ae49b9b0>,9,14,[9 1],10,16,30,6,10
1,<environment.Job instance at 0x7f96ae49bb40>,10,15,[9 2],11,30,45,19,16
1,<environment.Job instance at 0x7f96ae49bdc0>,13,16,[1 8],14,37,53,23,24
1,<environment.Job instance at 0x7f96ae4a6370>,11,18,[ 3 12],12,53,71,41,44
1,<environment.Job instance at 0x7f96ae4a5f50>,18,19,[1 9],19,71,90,52,64
1,<environment.Job instance at 0x7f96ae4a5e10>,19,19,[4 7],20,90,109,70,87
1,<environment.Job instance at 0x7f96ae49b460>,12,21,[ 2 13],13,109,130,96,103
1,<environment.Job instance at 0x7f96ae6755f0>,0,15,[2 6],1,1,16,0,1
1,<environment.Job instance at 0x7f96ae6bd870>,4,20,[5 7],5,5,25,0,5
1,<environment.Job instance at 0x7f96ae511f50>,9,14,[9 1],10,16,30,6,16
1,<environment.Job instance at 0x7f96ae50e960>,7,21,[1 6],8,16,37,8,16
1,<environment.Job instance at 0x7f96ae516050>,13,16,[1 8],14,25,41,11,25
1,<environment.Job instance at 0x7f96ae511230>,10,15,[9 2],11,37,52,26,37
1,<environment.Job instance at 0x7f96ae521140>,25,16,[5 2],26,37,53,11,37
1,<environment.Job instance at 0x7f96ae54c5f0>,45,13,[2 6],46,52,65,6,52
1,<environment.Job instance at 0x7f96ae528fa0>,40,15,[6 2],41,52,67,11,52
1,<environment.Job instance at 0x7f96ae550e10>,41,15,[6 2],42,53,68,11,53
1,<environment.Job instance at 0x7f96ae52daa0>,57,13,[4 5],58,67,80,9,67
1,<environment.Job instance at 0x7f96ae582910>,19,19,[4 7],20,67,86,47,67
1,<environment.Job instance at 0x7f96ae57a230>,47,16,[6 2],48,68,84,20,68
1,<environment.Job instance at 0x7f96ae57ac80>,50,15,[8 3],51,84,99,33,84
1,<environment.Job instance at 0x7f96ae5c4b40>,63,16,[7 1],64,86,102,22,86
1,<environment.Job instance at 0x7f96ae5c4c80>,61,18,[ 4 10],62,99,117,37,99
1,<environment.Job instance at 0x7f96ae55dbe0>,67,18,[10  1],68,103,121,35,103
1,<environment.Job instance at 0x7f96ae3e13c0>,0,12,[5 9],1,1,13,0,1
1,<environment.Job instance at 0x7f96ae3e11e0>,1,14,[2 9],2,13,27,11,2
1,<environment.Job instance at 0x7f96ae3e19b0>,18,20,[7 4],19,19,39,0,19
1,<environment.Job instance at 0x7f96ae382d20>,17,20,[5 2],18,19,39,1,19
1,<environment.Job instance at 0x7f96ae3e15a0>,10,15,[ 5 10],11,39,54,28,25
1,<environment.Job instance at 0x7f96ae382fa0>,23,18,[8 5],24,39,57,15,28
1,<environment.Job instance at 0x7f96ae3828c0>,36,12,[ 3 12],37,57,69,20,41
1,<environment.Job instance at 0x7f96b83cb8c0>,40,12,[6 2],41,54,66,13,42
1,<environment.Job instance at 0x7f96b83cbe60>,41,24,[5 1],42,57,81,15,53
1,<environment.Job instance at 0x7f96b83cba50>,39,15,[ 5 13],40,69,84,29,64
1,<environment.Job instance at 0x7f96b83cbe10>,43,12,[12  2],44,84,96,40,83
1,<environment.Job instance at 0x7f96ae3e16e0>,0,12,[5 9],1,1,13,0,1
1,<environment.Job instance at 0x7f96ae3e1b90>,1,14,[2 9],2,13,27,11,13
1,<environment.Job instance at 0x7f96ae35b690>,7,15,[5 6],8,13,28,5,13
1,<environment.Job instance at 0x7f96ae3e12d0>,3,15,[5 9],4,27,42,23,27
1,<environment.Job instance at 0x7f96ae3dc140>,23,18,[8 5],24,28,46,4,28
1,<environment.Job instance at 0x7f96ae35b6e0>,10,15,[ 5 10],11,42,57,31,42
1,<environment.Job instance at 0x7f96ae38c410>,40,12,[6 2],41,46,58,5,46
1,<environment.Job instance at 0x7f96ae38c550>,44,12,[1 8],45,57,69,12,57
1,<environment.Job instance at 0x7f96ae3dc2d0>,32,17,[8 5],33,57,74,24,57
1,<environment.Job instance at 0x7f96ae38cd70>,48,13,[3 5],49,70,83,21,70
1,<environment.Job instance at 0x7f96ae38c1e0>,38,17,[1 7],39,75,92,36,75
1,<environment.Job instance at 0x7f96ae38c140>,51,22,[6 1],52,75,97,23,75
1,<environment.Job instance at 0x7f96ae38caf0>,53,21,[5 1],54,76,97,22,76
1,<environment.Job instance at 0x7f96ae38c780>,52,14,[3 5],53,83,97,30,83
1,<environment.Job instance at 0x7f96ae3dcc30>,30,17,[2 6],31,98,115,67,98
1,<environment.Job instance at 0x7f96ae3d5280>,56,18,[4 9],57,99,117,42,99
1,<environment.Job instance at 0x7f96ae4fc960>,5,13,[2 5],6,6,19,0,6
1,<environment.Job instance at 0x7f96ae3716e0>,9,19,[1 8],10,13,32,3,13
1,<environment.Job instance at 0x7f96ae4fc640>,10,12,[4 7],11,19,31,8,15
1,<environment.Job instance at 0x7f96ae371b90>,13,15,[ 3 11],14,32,47,18,22
1,<environment.Job instance at 0x7f96ae3714b0>,16,12,[ 3 11],17,47,59,30,30
1,<environment.Job instance at 0x7f96ae371d20>,11,26,[5 3],12,71,97,59,71
1,<environment.Job instance at 0x7f96ae349c30>,1,22,[4 8],2,2,24,0,2
1,<environment.Job instance at 0x7f96ae34feb0>,5,13,[2 5],6,6,19,0,6
1,<environment.Job instance at 0x7f96ae34fc30>,10,12,[4 7],11,19,31,8,19
1,<environment.Job instance at 0x7f96ae349910>,3,16,[2 8],4,24,40,20,24
1,<environment.Job instance at 0x7f96ae8f6f50>,26,15,[5 7],27,31,46,4,31
1,<environment.Job instance at 0x7f96ae44ad20>,20,17,[2 8],21,40,57,19,40
1,<environment.Job instance at 0x7f96ae8f6eb0>,34,12,[8 2],35,46,58,11,46
1,<environment.Job instance at 0x7f96ae8f6370>,30,17,[5 4],31,46,63,15,46
1,<environment.Job instance at 0x7f96ae349dc0>,2,13,[ 4 10],3,58,71,55,58
1,<environment.Job instance at 0x7f96ae891e60>,37,13,[7 5],38,63,76,25,63
1,<environment.Job instance at 0x7f96ae891af0>,38,13,[1 7],39,71,84,32,71
1,<environment.Job instance at 0x7f96aea395f0>,17,17,[6 3],18,71,88,53,71
1,<environment.Job instance at 0x7f96ae891960>,36,18,[8 1],37,76,94,39,76
1,<environment.Job instance at 0x7f96ae8f65a0>,33,14,[4 9],34,88,102,54,88
1,<environment.Job instance at 0x7f96ae88cfa0>,55,12,[9 3],56,94,106,38,94
1,<environment.Job instance at 0x7f96ae8f9320>,50,14,[3 6],51,102,116,51,102
1,<environment.Job instance at 0x7f96ae519af0>,62,12,[9 1],63,107,119,44,107
1,<environment.Job instance at 0x7f96af1cb640>,4,22,[5 3],5,5,27,0,5
1,<environment.Job instance at 0x7f96af1cbc30>,8,17,[9 1],9,18,35,9,18
1,<environment.Job instance at 0x7f96af1dc370>,11,16,[1 8],12,22,38,10,22
1,<environment.Job instance at 0x7f96ae3496e0>,7,24,[ 3 11],8,38,62,30,33
1,<environment.Job instance at 0x7f96af1dcd70>,15,14,[5 8],16,62,76,46,47
1,<environment.Job instance at 0x7f96af1dc280>,19,19,[6 4],20,74,93,54,74
1,<environment.Job instance at 0x7f96af1b41e0>,4,22,[5 3],5,5,27,0,5
1,<environment.Job instance at 0x7f96ae9053c0>,8,17,[9 1],9,9,26,0,9
1,<environment.Job instance at 0x7f96ae905960>,11,16,[1 8],12,12,28,0,12
1,<environment.Job instance at 0x7f96aeca0550>,19,19,[6 4],20,26,45,6,26
1,<environment.Job instance at 0x7f96ae579e60>,14,12,[3 5],15,28,40,13,28
1,<environment.Job instance at 0x7f96ae530c80>,25,14,[3 6],26,28,42,2,28
1,<environment.Job instance at 0x7f96ae530f50>,29,16,[2 5],30,40,56,10,40
1,<environment.Job instance at 0x7f96ae519af0>,39,12,[2 9],40,45,57,5,45
1,<environment.Job instance at 0x7f96ae902f50>,40,14,[8 1],41,45,59,4,45
1,<environment.Job instance at 0x7f96ae530910>,28,13,[1 9],29,57,70,28,57
1,<environment.Job instance at 0x7f96ae88c3c0>,47,12,[1 6],48,59,71,11,59
1,<environment.Job instance at 0x7f96aed7f780>,15,14,[5 8],16,70,84,54,70
1,<environment.Job instance at 0x7f96ae8f9370>,49,16,[7 3],50,71,87,21,71
1,<environment.Job instance at 0x7f96ae8f9190>,52,14,[ 4 10],53,84,98,31,84
1,<environment.Job instance at 0x7f96ae88aaa0>,55,14,[8 2],56,87,101,31,87
1,<environment.Job instance at 0x7f96ae8f6fa0>,65,12,[ 2 10],66,98,110,32,98
1,<environment.Job instance at 0x7f96ae8f65a0>,66,15,[9 2],67,101,116,34,101
1,<environment.Job instance at 0x7f96ae7211e0>,5,17,[ 5 10],6,6,23,0,6
1,<environment.Job instance at 0x7f96aebd8d20>,7,14,[ 3 10],8,23,37,15,12
1,<environment.Job instance at 0x7f96ae721fa0>,10,20,[6 5],11,13,33,2,13
1,<environment.Job instance at 0x7f96ae721d20>,12,12,[14  3],13,37,49,24,20
1,<environment.Job instance at 0x7f96ae7213c0>,11,14,[ 4 13],12,49,63,37,34
1,<environment.Job instance at 0x7f96ae721190>,9,13,[6 2],10,49,62,39,34
1,<environment.Job instance at 0x7f96ae73fc30>,16,18,[ 1 12],17,63,81,46,56
1,<environment.Job instance at 0x7f96ae73f6e0>,17,14,[7 5],18,81,95,63,68
1,<environment.Job instance at 0x7f96ae73fb40>,18,12,[6 1],19,68,80,49,68
1,<environment.Job instance at 0x7f96ae73fd20>,15,25,[4 9],16,81,106,65,78
1,<environment.Job instance at 0x7f96ae721280>,14,21,[ 1 12],15,106,127,91,98
1,<environment.Job instance at 0x7f96ae73f5f0>,20,21,[5 1],21,109,130,88,109
1,<environment.Job instance at 0x7f96ae519c30>,5,17,[ 5 10],6,6,23,0,6
1,<environment.Job instance at 0x7f96ae530c30>,9,13,[6 2],10,10,23,0,10
1,<environment.Job instance at 0x7f96ae530dc0>,18,12,[6 1],19,23,35,4,23
1,<environment.Job instance at 0x7f96ae5307d0>,7,14,[ 3 10],8,23,37,15,23
1,<environment.Job instance at 0x7f96ae4ef960>,30,12,[8 2],31,35,47,4,35
1,<environment.Job instance at 0x7f96ae5305a0>,17,14,[7 5],18,37,51,19,37
1,<environment.Job instance at 0x7f96ae45d640>,34,16,[5 5],35,47,63,12,47
1,<environment.Job instance at 0x7f96ae465dc0>,38,18,[1 5],39,47,65,8,47
1,<environment.Job instance at 0x7f96aeca0550>,22,14,[9 5],23,51,65,28,51
1,<environment.Job instance at 0x7f96ae530a00>,20,21,[5 1],21,63,84,42,63
1,<environment.Job instance at 0x7f96ae727aa0>,49,12,[5 5],50,65,77,15,65
1,<environment.Job instance at 0x7f96ae7eba00>,43,12,[4 8],44,65,77,21,65
1,<environment.Job instance at 0x7f96ae7ebeb0>,44,12,[8 2],45,77,89,32,77
1,<environment.Job instance at 0x7f96ae727460>,51,17,[2 7],52,77,94,25,77
1,<environment.Job instance at 0x7f96ae727f00>,55,12,[4 8],56,89,101,33,89
1,<environment.Job instance at 0x7f96ae727190>,65,16,[5 5],66,94,110,28,94
1,<environment.Job instance at 0x7f96ae7e6af0>,68,13,[8 5],69,101,114,32,101
1,<environment.Job instance at 0x7f96ae470140>,0,13,[5 8],1,1,14,0,1
1,<environment.Job instance at 0x7f96ae83bf50>,5,12,[ 4 13],6,14,26,8,7
1,<environment.Job instance at 0x7f96af5ab370>,7,13,[7 5],8,26,39,18,13
1,<environment.Job instance at 0x7f96ae579410>,0,13,[5 8],1,1,14,0,1
1,<environment.Job instance at 0x7f96ae519370>,7,13,[7 5],8,8,21,0,8
1,<environment.Job instance at 0x7f96ae454eb0>,8,13,[1 8],9,14,27,5,14
1,<environment.Job instance at 0x7f96ae530640>,17,13,[10  4],18,21,34,3,21
1,<environment.Job instance at 0x7f96ae530500>,21,13,[ 4 10],22,27,40,5,27
1,<environment.Job instance at 0x7f96ae530370>,27,12,[5 1],28,34,46,6,34
1,<environment.Job instance at 0x7f96ae5304b0>,20,15,[10  4],21,40,55,19,40
1,<environment.Job instance at 0x7f96ae530aa0>,22,17,[3 9],23,46,63,23,46
1,<environment.Job instance at 0x7f96ae465d20>,43,18,[6 5],44,55,73,11,55
1,<environment.Job instance at 0x7f96af034690>,48,12,[1 7],49,63,75,14,63
1,<environment.Job instance at 0x7f96aec4ad70>,52,18,[5 8],53,73,91,20,73
1,<environment.Job instance at 0x7f96aeb655a0>,58,17,[9 4],59,75,92,16,75
1,<environment.Job instance at 0x7f96aecb9870>,61,18,[5 7],62,91,109,29,91
1,<environment.Job instance at 0x7f96aececdc0>,62,15,[6 2],63,92,107,29,92
1,<environment.Job instance at 0x7f96ae2dbcd0>,80,14,[1 7],81,107,121,26,107
1,<environment.Job instance at 0x7f96aece9410>,82,14,[6 2],83,109,123,26,109
1,<environment.Job instance at 0x7f96ae6a9b90>,85,14,[1 6],86,109,123,23,109
1,<environment.Job instance at 0x7f96af796690>,0,13,[3 5],1,1,14,0,1
1,<environment.Job instance at 0x7f96b83cd960>,9,23,[14  3],10,14,37,4,10
1,<environment.Job instance at 0x7f96b83cd320>,8,19,[ 1 14],9,39,58,30,39
1,<environment.Job instance at 0x7f96af2bf5f0>,0,13,[3 5],1,1,14,0,1
1,<environment.Job instance at 0x7f96af8bf2d0>,17,18,[9 1],18,18,36,0,18
1,<environment.Job instance at 0x7f96af8bf8c0>,22,19,[5 3],23,23,42,0,23
1,<environment.Job instance at 0x7f96af8bfbe0>,28,13,[5 3],29,36,49,7,36
1,<environment.Job instance at 0x7f96af8bf280>,35,14,[4 7],36,36,50,0,36
1,<environment.Job instance at 0x7f96af8bfaa0>,24,21,[6 4],25,42,63,17,42
1,<environment.Job instance at 0x7f96af8bf550>,27,14,[8 2],28,50,64,22,50
1,<environment.Job instance at 0x7f96b8112dc0>,38,14,[ 2 10],39,63,77,24,63
1,<environment.Job instance at 0x7f96b8112eb0>,36,16,[9 4],37,64,80,27,64
1,<environment.Job instance at 0x7f96af59b230>,40,16,[ 3 10],41,77,93,36,77
1,<environment.Job instance at 0x7f96af59b870>,42,16,[5 5],43,80,96,37,80
1,<environment.Job instance at 0x7f96af59b1e0>,54,13,[5 5],55,93,106,38,93
1,<environment.Job instance at 0x7f96af59b280>,46,18,[1 5],47,93,111,46,93
1,<environment.Job instance at 0x7f96b851d140>,56,16,[8 3],57,96,112,39,96
1,<environment.Job instance at 0x7f96b851d320>,63,18,[5 5],64,106,124,42,106
1,<environment.Job instance at 0x7f96ae96af00>,6,15,[6 1],7,7,22,0,7
1,<environment.Job instance at 0x7f96ae96a9b0>,2,22,[ 2 10],3,18,40,15,18
1,<environment.Job instance at 0x7f96af8485f0>,16,13,[9 2],17,22,35,5,21
1,<environment.Job instance at 0x7f96af8489b0>,21,16,[6 3],22,35,51,13,23
1,<environment.Job instance at 0x7f96ae96af50>,17,18,[ 1 12],18,45,63,27,45
1,<environment.Job instance at 0x7f96af8486e0>,18,16,[14  2],19,51,67,32,45
1,<environment.Job instance at 0x7f96af848a00>,24,26,[10  2],25,67,93,42,64
1,<environment.Job instance at 0x7f96af848d20>,25,14,[14  1],26,93,107,67,80
1,<environment.Job instance at 0x7f96af8481e0>,26,21,[8 1],27,107,128,80,102
1,<environment.Job instance at 0x7f96aea92870>,1,20,[7 4],2,2,22,0,2
1,<environment.Job instance at 0x7f96aeaa1af0>,2,22,[ 2 10],3,3,25,0,3
1,<environment.Job instance at 0x7f96ae3d0eb0>,6,15,[6 1],7,7,22,0,7
1,<environment.Job instance at 0x7f96af0c8d20>,8,17,[5 5],9,22,39,13,22
1,<environment.Job instance at 0x7f96ae3de780>,10,13,[3 8],11,25,38,14,25
1,<environment.Job instance at 0x7f96ae3cc0a0>,12,17,[1 8],13,38,55,25,38
1,<environment.Job instance at 0x7f96ae3f15a0>,16,13,[9 2],17,38,51,21,38
1,<environment.Job instance at 0x7f96ae3f1e10>,21,16,[6 3],22,51,67,29,51
1,<environment.Job instance at 0x7f96ae3de820>,7,17,[5 7],8,55,72,47,55
1,<environment.Job instance at 0x7f96ae3d0730>,9,17,[4 6],10,67,84,57,67
1,<environment.Job instance at 0x7f96af1ecfa0>,14,17,[1 9],15,72,89,57,72
1,<environment.Job instance at 0x7f96ae560d20>,36,15,[9 4],37,84,99,47,84
1,<environment.Job instance at 0x7f96ae56edc0>,38,14,[5 7],39,89,103,50,89
1,<environment.Job instance at 0x7f96ae3e50a0>,49,15,[2 8],50,99,114,49,99
1,<environment.Job instance at 0x7f96af0c4140>,51,12,[6 1],52,103,115,51,103
1,<environment.Job instance at 0x7f96aea92780>,5,18,[1 6],6,103,121,97,103
1,<environment.Job instance at 0x7f96af89e820>,0,17,[2 6],1,1,18,0,1
1,<environment.Job instance at 0x7f96af337f00>,3,22,[5 3],4,4,26,0,4
1,<environment.Job instance at 0x7f96af8b5e60>,17,17,[2 6],18,18,35,0,18
1,<environment.Job instance at 0x7f96af0cb500>,22,15,[4 5],23,23,38,0,23
1,<environment.Job instance at 0x7f96af0cb550>,30,15,[7 4],31,31,46,0,31
1,<environment.Job instance at 0x7f96af0cf3c0>,24,17,[3 5],25,35,52,10,35
1,<environment.Job instance at 0x7f96af27cb90>,36,15,[5 5],37,46,61,9,46
1,<environment.Job instance at 0x7f96af0c4140>,41,17,[2 5],42,46,63,4,46
1,<environment.Job instance at 0x7f96ae3e59b0>,47,12,[10  1],48,61,73,13,61
1,<environment.Job instance at 0x7f96ae564f50>,51,17,[1 9],52,61,78,9,61
1,<environment.Job instance at 0x7f96ae564690>,50,12,[10  1],51,73,85,22,73
1,<environment.Job instance at 0x7f96ae56e3c0>,58,17,[2 5],59,73,90,14,73
1,<environment.Job instance at 0x7f96ae560910>,59,17,[3 6],60,78,95,18,78
1,<environment.Job instance at 0x7f96af88a370>,12,18,[10  2],13,85,103,72,85
1,<environment.Job instance at 0x7f96ae3d2640>,55,12,[ 1 10],56,95,107,39,95
1,<environment.Job instance at 0x7f96af1fd9b0>,64,12,[6 3],65,103,115,38,103
1,<environment.Job instance at 0x7f96af1fd5f0>,67,12,[4 6],68,107,119,39,107
1,<environment.Job instance at 0x7f96ae56c460>,68,13,[2 6],69,107,120,38,107
1,<environment.Job instance at 0x7f96ae813e60>,7,20,[3 6],8,8,28,0,8
1,<environment.Job instance at 0x7f96ae813e10>,9,15,[5 5],10,10,25,0,10
1,<environment.Job instance at 0x7f96af5282d0>,11,12,[ 1 10],12,28,40,16,12
1,<environment.Job instance at 0x7f96af528d70>,12,21,[6 4],13,13,34,0,13
1,<environment.Job instance at 0x7f96af5280a0>,19,13,[5 5],20,34,47,14,20
1,<environment.Job instance at 0x7f96af528d20>,16,16,[5 6],17,40,56,23,27
1,<environment.Job instance at 0x7f96af5284b0>,17,25,[13  1],18,56,81,38,54
1,<environment.Job instance at 0x7f96af528c30>,13,27,[ 2 11],14,57,84,43,57
1,<environment.Job instance at 0x7f96af528af0>,23,14,[4 5],24,84,98,60,72
1,<environment.Job instance at 0x7f96af5288c0>,24,16,[ 3 12],25,98,114,73,92
1,<environment.Job instance at 0x7f96af528640>,25,14,[1 7],26,114,128,88,101
1,<environment.Job instance at 0x7f96af528690>,26,13,[4 5],27,114,127,87,105
1,<environment.Job instance at 0x7f96aea9e2d0>,0,14,[10  2],1,1,15,0,1
1,<environment.Job instance at 0x7f96aea9e3c0>,1,22,[5 5],2,2,24,0,2
1,<environment.Job instance at 0x7f96b7f75af0>,11,12,[ 1 10],12,15,27,3,15
1,<environment.Job instance at 0x7f96af0c8d20>,19,13,[5 5],20,24,37,4,24
1,<environment.Job instance at 0x7f96aea9e500>,3,14,[4 9],4,27,41,23,27
1,<environment.Job instance at 0x7f96ae3f15a0>,26,13,[4 5],27,37,50,10,37
1,<environment.Job instance at 0x7f96ae3cc730>,25,14,[1 7],26,41,55,15,41
1,<environment.Job instance at 0x7f96af1fd9b0>,38,12,[8 4],39,50,62,11,50
1,<environment.Job instance at 0x7f96af1ec820>,23,14,[4 5],24,55,69,31,55
1,<environment.Job instance at 0x7f96ae3d2640>,46,12,[8 4],47,62,74,15,62
1,<environment.Job instance at 0x7f96b7f756e0>,9,15,[5 5],10,69,84,59,69
1,<environment.Job instance at 0x7f96ae564500>,50,13,[9 3],51,74,87,23,74
1,<environment.Job instance at 0x7f96af26b780>,56,12,[2 7],57,84,96,27,84
1,<environment.Job instance at 0x7f96af6d7dc0>,60,13,[4 6],61,87,100,26,87
1,<environment.Job instance at 0x7f96ae3eeeb0>,62,12,[1 7],63,96,108,33,96
1,<environment.Job instance at 0x7f96ae3ee550>,63,15,[2 6],64,100,115,36,100
1,<environment.Job instance at 0x7f96ae3ee870>,64,13,[10  1],65,100,113,35,100
1,<environment.Job instance at 0x7f96ae3d2be0>,47,16,[1 8],48,108,124,60,108
1,<environment.Job instance at 0x7f96ae9e38c0>,7,22,[5 7],8,10,32,2,10
1,<environment.Job instance at 0x7f96ae9e3d70>,9,26,[3 8],10,18,44,8,18
1,<environment.Job instance at 0x7f96ae9e3f00>,6,14,[11  3],7,32,46,25,19
1,<environment.Job instance at 0x7f96af350cd0>,10,16,[ 5 12],11,46,62,35,38
1,<environment.Job instance at 0x7f96af350f50>,14,27,[4 5],15,62,89,47,61
1,<environment.Job instance at 0x7f96af350b90>,12,27,[8 2],13,63,90,50,63
1,<environment.Job instance at 0x7f96af350a00>,16,18,[1 6],17,63,81,46,63
1,<environment.Job instance at 0x7f96af350aa0>,17,20,[1 9],18,89,109,71,85
1,<environment.Job instance at 0x7f96af350640>,18,14,[13  1],19,90,104,71,85
1,<environment.Job instance at 0x7f96af350050>,19,18,[ 2 13],20,109,127,89,99
1,<environment.Job instance at 0x7f96af3501e0>,15,23,[12  2],16,108,131,92,108
1,<environment.Job instance at 0x7f96aeb04320>,7,22,[5 7],8,8,30,0,8
1,<environment.Job instance at 0x7f96af7af460>,16,18,[1 6],17,17,35,0,17
1,<environment.Job instance at 0x7f96aeb06370>,27,15,[6 1],28,28,43,0,28
1,<environment.Job instance at 0x7f96af7d0f00>,21,17,[7 3],22,30,47,8,30
1,<environment.Job instance at 0x7f96aeb04aa0>,17,20,[1 9],18,35,55,17,35
1,<environment.Job instance at 0x7f96af7da7d0>,36,16,[9 2],37,47,63,10,47
1,<environment.Job instance at 0x7f96af5153c0>,47,18,[5 5],48,55,73,7,55
1,<environment.Job instance at 0x7f96aeaecb40>,55,12,[ 5 10],56,63,75,7,63
1,<environment.Job instance at 0x7f96af4f2e60>,52,14,[10  1],53,73,87,20,73
1,<environment.Job instance at 0x7f96aeaecbe0>,57,16,[1 6],58,75,91,17,75
1,<environment.Job instance at 0x7f96af50a140>,53,18,[3 8],54,75,93,21,75
1,<environment.Job instance at 0x7f96aeadc1e0>,72,14,[8 5],73,91,105,18,91
1,<environment.Job instance at 0x7f96af08f0f0>,76,14,[1 8],77,93,107,16,93
1,<environment.Job instance at 0x7f96aeb697d0>,78,15,[10  1],79,105,120,26,105
1,<environment.Job instance at 0x7f96af08af00>,75,16,[1 6],76,105,121,29,105
1,<environment.Job instance at 0x7f96af077410>,88,14,[1 7],89,107,121,18,107
1,<environment.Job instance at 0x7f96af176e10>,1,15,[8 2],2,2,17,0,2
1,<environment.Job instance at 0x7f96ae6240f0>,10,13,[12  1],11,17,30,6,14
1,<environment.Job instance at 0x7f96ae624690>,13,18,[ 4 11],14,30,48,16,20
1,<environment.Job instance at 0x7f96ae624370>,12,20,[5 3],13,35,55,22,35
1,<environment.Job instance at 0x7f96ae624960>,22,15,[5 1],23,35,50,12,35
1,<environment.Job instance at 0x7f96ae6245a0>,19,13,[ 4 14],20,55,68,35,39
1,<environment.Job instance at 0x7f96ae624c30>,17,20,[8 1],18,50,70,32,50
1,<environment.Job instance at 0x7f96af45eeb0>,25,15,[11  2],26,70,85,44,56
1,<environment.Job instance at 0x7f96af45e7d0>,26,16,[ 4 14],27,85,101,58,73
1,<environment.Job instance at 0x7f96af45e0f0>,29,20,[ 2 11],30,101,121,71,93
1,<environment.Job instance at 0x7f96af084190>,1,15,[8 2],2,2,17,0,2
1,<environment.Job instance at 0x7f96aeb41550>,12,20,[5 3],13,13,33,0,13
1,<environment.Job instance at 0x7f96af0902d0>,5,16,[10  3],6,17,33,11,17
1,<environment.Job instance at 0x7f96aeee5460>,32,15,[3 7],33,33,48,0,33
1,<environment.Job instance at 0x7f96af1761e0>,22,15,[5 1],23,33,48,10,33
1,<environment.Job instance at 0x7f96aeb80d20>,21,16,[4 6],22,33,49,11,33
1,<environment.Job instance at 0x7f96aeee5960>,37,16,[8 4],38,48,64,10,48
1,<environment.Job instance at 0x7f96aeee5050>,44,22,[1 8],45,49,71,4,49
1,<environment.Job instance at 0x7f96af198cd0>,51,13,[10  3],52,64,77,12,64
1,<environment.Job instance at 0x7f96aeee5820>,35,19,[2 5],36,71,90,35,71
1,<environment.Job instance at 0x7f96af1983c0>,54,14,[3 7],55,77,91,22,77
1,<environment.Job instance at 0x7f96aeee50a0>,47,16,[9 1],48,77,93,29,77
1,<environment.Job instance at 0x7f96af198e10>,62,18,[3 5],63,90,108,27,90
1,<environment.Job instance at 0x7f96af172f00>,67,12,[ 1 10],68,93,105,25,93
1,<environment.Job instance at 0x7f96af172370>,72,13,[3 9],73,105,118,32,105
1,<environment.Job instance at 0x7f96b8112dc0>,17,20,[8 1],18,105,125,87,105
1,<environment.Job instance at 0x7f96af172960>,78,17,[1 5],79,108,125,29,108
1,<environment.Job instance at 0x7f96aeb93690>,4,13,[6 5],5,5,18,0,5
1,<environment.Job instance at 0x7f96aeb935f0>,7,20,[1 7],8,8,28,0,8
1,<environment.Job instance at 0x7f96aeb93960>,12,16,[8 2],13,13,29,0,13
1,<environment.Job instance at 0x7f96af2dedc0>,14,14,[4 7],15,28,42,13,15
1,<environment.Job instance at 0x7f96aefb3190>,19,13,[14  4],20,42,55,22,28
1,<environment.Job instance at 0x7f96aefb3140>,22,28,[13  3],23,55,83,32,54
1,<environment.Job instance at 0x7f96aefb3500>,24,19,[13  4],25,87,106,62,87
1,<environment.Job instance at 0x7f96af077050>,0,19,[5 8],1,1,20,0,1
1,<environment.Job instance at 0x7f96af077eb0>,2,19,[8 1],3,3,22,0,3
1,<environment.Job instance at 0x7f96af077c30>,4,13,[6 5],5,20,33,15,20
1,<environment.Job instance at 0x7f96af06c050>,14,14,[4 7],15,22,36,7,22
1,<environment.Job instance at 0x7f96b8112dc0>,25,15,[1 7],26,33,48,7,33
1,<environment.Job instance at 0x7f96ae9c3690>,29,15,[7 1],30,33,48,3,33
1,<environment.Job instance at 0x7f96af084190>,36,14,[5 4],37,37,51,0,37
1,<environment.Job instance at 0x7f96aeb93fa0>,41,12,[8 1],42,48,60,6,48
1,<environment.Job instance at 0x7f96af0904b0>,37,15,[6 4],38,51,66,13,51
1,<environment.Job instance at 0x7f96af1cbeb0>,44,17,[1 6],45,51,68,6,51
1,<environment.Job instance at 0x7f96af06ceb0>,12,16,[8 2],13,60,76,47,60
1,<environment.Job instance at 0x7f96af323690>,53,12,[5 8],54,69,81,15,69
1,<environment.Job instance at 0x7f96af077230>,9,15,[9 4],10,76,91,66,76
1,<environment.Job instance at 0x7f96aee36b90>,55,15,[4 8],56,81,96,25,81
1,<environment.Job instance at 0x7f96aee36410>,73,14,[10  5],74,92,106,18,92
1,<environment.Job instance at 0x7f96aee364b0>,56,15,[1 6],57,96,111,39,96
1,<environment.Job instance at 0x7f96aeff8a50>,75,12,[3 5],76,106,118,30,106
1,<environment.Job instance at 0x7f96aee36aa0>,74,16,[10  2],75,106,122,31,106
1,<environment.Job instance at 0x7f96aee667d0>,4,14,[9 1],5,6,20,1,6
1,<environment.Job instance at 0x7f96aee66f50>,7,16,[5 1],8,8,24,0,8
1,<environment.Job instance at 0x7f96ae78aaa0>,9,13,[8 3],10,20,33,10,10
1,<environment.Job instance at 0x7f96aee66960>,5,15,[3 9],6,24,39,18,16
1,<environment.Job instance at 0x7f96ae78af50>,14,15,[12  1],15,33,48,18,23
1,<environment.Job instance at 0x7f96ae78a960>,15,13,[ 2 12],16,39,52,23,27
1,<environment.Job instance at 0x7f96ae78a5f0>,13,14,[13  1],14,48,62,34,40
1,<environment.Job instance at 0x7f96ae7a2410>,18,18,[ 3 13],19,62,80,43,56
1,<environment.Job instance at 0x7f96ae78aaf0>,17,28,[7 1],18,62,90,44,61
1,<environment.Job instance at 0x7f96ae7a2460>,20,17,[13  4],21,90,107,69,78
1,<environment.Job instance at 0x7f96ae7a25a0>,19,22,[2 7],20,83,105,63,83
1,<environment.Job instance at 0x7f96ae78afa0>,16,12,[14  2],17,107,119,90,94
1,<environment.Job instance at 0x7f96ae78aa50>,8,25,[ 1 12],9,107,132,98,104
1,<environment.Job instance at 0x7f96aede9320>,0,18,[ 2 10],1,1,19,0,1
1,<environment.Job instance at 0x7f96aede95f0>,4,14,[9 1],5,5,19,0,5
1,<environment.Job instance at 0x7f96af8f73c0>,9,13,[8 3],10,19,32,9,19
1,<environment.Job instance at 0x7f96aedf9c80>,5,15,[3 9],6,19,34,13,19
1,<environment.Job instance at 0x7f96af24dd70>,7,16,[5 1],8,32,48,24,32
1,<environment.Job instance at 0x7f96af96f500>,23,13,[3 9],24,34,47,10,34
1,<environment.Job instance at 0x7f96af258320>,38,14,[4 9],39,47,61,8,47
1,<environment.Job instance at 0x7f96ae7f2e10>,30,14,[9 2],31,48,62,17,48
1,<environment.Job instance at 0x7f96ae0a4aa0>,46,14,[2 6],47,61,75,14,61
1,<environment.Job instance at 0x7f96aec534b0>,45,18,[4 6],46,61,79,15,61
1,<environment.Job instance at 0x7f96aedd8b90>,55,12,[8 5],56,75,87,19,75
1,<environment.Job instance at 0x7f96ae7d9870>,60,12,[2 5],61,79,91,18,79
1,<environment.Job instance at 0x7f96aedd8f00>,48,12,[6 5],49,87,99,38,87
1,<environment.Job instance at 0x7f96ae0bc870>,65,14,[8 5],66,92,106,26,92
1,<environment.Job instance at 0x7f96ae7e20f0>,37,15,[3 8],38,99,114,61,99
1,<environment.Job instance at 0x7f96ae9b2820>,74,12,[7 1],75,106,118,31,106
1,<environment.Job instance at 0x7f96ae7d32d0>,69,21,[3 6],70,106,127,36,106
1,<environment.Job instance at 0x7f96aea59d70>,0,21,[5 3],1,1,22,0,1
1,<environment.Job instance at 0x7f96af19a050>,7,12,[7 2],8,8,20,0,8
1,<environment.Job instance at 0x7f96af19a0f0>,8,25,[1 7],9,11,36,2,11
1,<environment.Job instance at 0x7f96af19ae10>,10,25,[ 2 11],11,36,61,25,32
1,<environment.Job instance at 0x7f96ae252690>,12,28,[9 3],13,33,61,20,33
1,<environment.Job instance at 0x7f96af1793c0>,6,21,[ 4 14],7,61,82,54,54
1,<environment.Job instance at 0x7f96af19a820>,9,16,[3 5],10,85,101,75,85
1,<environment.Job instance at 0x7f96af19a8c0>,11,26,[1 9],12,86,112,74,86
1,<environment.Job instance at 0x7f96af4c0e60>,21,13,[5 8],22,112,125,90,100
1,<environment.Job instance at 0x7f96ae9ad410>,0,21,[5 3],1,1,22,0,1
1,<environment.Job instance at 0x7f96aec53460>,5,17,[8 3],6,6,23,0,6
1,<environment.Job instance at 0x7f96ae992050>,15,15,[1 8],16,16,31,0,16
1,<environment.Job instance at 0x7f96af96f500>,7,12,[7 2],8,23,35,15,23
1,<environment.Job instance at 0x7f96af19a3c0>,9,16,[3 5],10,23,39,13,23
1,<environment.Job instance at 0x7f96ae501c80>,21,13,[5 8],22,31,44,9,31
1,<environment.Job instance at 0x7f96ae992f50>,22,16,[5 2],23,35,51,12,35
1,<environment.Job instance at 0x7f96af190410>,25,12,[7 5],26,44,56,18,44
1,<environment.Job instance at 0x7f96ae9b2b90>,33,17,[1 7],34,44,61,10,44
1,<environment.Job instance at 0x7f96ae9b2960>,42,12,[7 3],43,51,63,8,51
1,<environment.Job instance at 0x7f96aea59370>,26,14,[7 5],27,56,70,29,56
1,<environment.Job instance at 0x7f96ae9924b0>,20,14,[ 4 10],21,63,77,42,63
1,<environment.Job instance at 0x7f96ae9ae4b0>,52,14,[8 4],53,70,84,17,70
1,<environment.Job instance at 0x7f96ae9ae140>,47,17,[5 9],48,77,94,29,77
1,<environment.Job instance at 0x7f96ae9aedc0>,56,14,[9 3],57,84,98,27,84
1,<environment.Job instance at 0x7f96ae9ae5a0>,61,13,[4 5],62,94,107,32,94
1,<environment.Job instance at 0x7f96ae9ae2d0>,63,14,[8 4],64,99,113,35,99
1,<environment.Job instance at 0x7f96ae9b2f00>,43,17,[1 8],44,107,124,63,107
1,<environment.Job instance at 0x7f96aed17500>,1,18,[1 5],2,2,20,0,2
1,<environment.Job instance at 0x7f96aed01dc0>,2,22,[1 6],3,3,25,0,3
1,<environment.Job instance at 0x7f96aece60a0>,12,13,[ 3 12],13,25,38,12,14
1,<environment.Job instance at 0x7f96aece63c0>,15,16,[2 6],16,38,54,22,30
1,<environment.Job instance at 0x7f96aece6550>,19,12,[6 2],20,30,42,10,30
1,<environment.Job instance at 0x7f96aece65f0>,20,15,[1 8],21,42,57,21,31
1,<environment.Job instance at 0x7f96aece6870>,23,12,[10  4],24,54,66,30,42
1,<environment.Job instance at 0x7f96aece69b0>,26,22,[2 5],27,57,79,30,50
1,<environment.Job instance at 0x7f96aed01690>,11,23,[3 8],12,83,106,71,83
1,<environment.Job instance at 0x7f96aeb1c960>,1,18,[1 5],2,2,20,0,2
1,<environment.Job instance at 0x7f96aeb1c410>,2,22,[1 6],3,3,25,0,3
1,<environment.Job instance at 0x7f96aeb1c8c0>,19,12,[6 2],20,20,32,0,20
1,<environment.Job instance at 0x7f96aeb1c870>,5,15,[5 5],6,20,35,14,20
1,<environment.Job instance at 0x7f96ae47cd70>,20,15,[1 8],21,25,40,4,25
1,<environment.Job instance at 0x7f96ae47cf50>,23,12,[10  4],24,35,47,11,35
1,<environment.Job instance at 0x7f96ae47c500>,35,15,[1 5],36,40,55,4,40
1,<environment.Job instance at 0x7f96aeb1c2d0>,15,16,[2 6],16,40,56,24,40
1,<environment.Job instance at 0x7f96ae47c690>,33,15,[6 2],34,47,62,13,47
1,<environment.Job instance at 0x7f96aeb1c5a0>,17,17,[5 5],18,55,72,37,55
1,<environment.Job instance at 0x7f96ae9ae0a0>,44,13,[5 5],45,62,75,17,62
1,<environment.Job instance at 0x7f96ae9aeb90>,49,17,[3 5],50,62,79,12,62
1,<environment.Job instance at 0x7f96ae9aefa0>,51,15,[7 1],52,72,87,20,72
1,<environment.Job instance at 0x7f96ae9ae780>,41,14,[1 9],42,75,89,33,75
1,<environment.Job instance at 0x7f96ae9ae500>,53,12,[8 4],54,87,99,33,87
1,<environment.Job instance at 0x7f96ae9b2910>,59,16,[ 1 10],60,91,107,31,91
1,<environment.Job instance at 0x7f96ae47cbe0>,24,15,[10  4],25,99,114,74,99
1,<environment.Job instance at 0x7f96ae9b2960>,57,17,[ 2 10],58,109,126,51,109
1,<environment.Job instance at 0x7f96af174320>,1,12,[2 8],2,2,14,0,2
1,<environment.Job instance at 0x7f96af174fa0>,3,14,[3 7],4,4,18,0,4
1,<environment.Job instance at 0x7f96af174d70>,6,15,[5 5],7,14,29,7,7
1,<environment.Job instance at 0x7f96ae3127d0>,9,14,[ 1 12],10,29,43,19,14
1,<environment.Job instance at 0x7f96ae312870>,14,12,[ 1 13],15,43,55,28,26
1,<environment.Job instance at 0x7f96aee52cd0>,24,14,[2 5],25,55,69,30,40
1,<environment.Job instance at 0x7f96ae3120a0>,15,15,[5 6],16,55,70,39,41
1,<environment.Job instance at 0x7f96af2b6b40>,58,14,[5 5],59,69,83,10,60
1,<environment.Job instance at 0x7f96af2b6190>,61,20,[6 5],62,70,90,8,62
1,<environment.Job instance at 0x7f96aed012d0>,0,21,[5 9],1,1,22,0,1
1,<environment.Job instance at 0x7f96aece6d20>,6,15,[5 5],7,7,22,0,7
1,<environment.Job instance at 0x7f96aea78230>,1,12,[2 8],2,22,34,20,22
1,<environment.Job instance at 0x7f96aecd45f0>,3,14,[3 7],4,22,36,18,22
1,<environment.Job instance at 0x7f96af190410>,24,14,[2 5],25,34,48,9,34
1,<environment.Job instance at 0x7f96ae9b2e10>,27,18,[5 1],28,34,52,6,34
1,<environment.Job instance at 0x7f96ae9b2d70>,28,15,[2 8],29,36,51,7,36
1,<environment.Job instance at 0x7f96ae7cf500>,15,15,[5 6],16,48,63,32,48
1,<environment.Job instance at 0x7f96ae47c550>,42,16,[1 7],43,51,67,8,51
1,<environment.Job instance at 0x7f96ae47cd20>,58,14,[5 5],59,63,77,4,63
1,<environment.Job instance at 0x7f96ae47c190>,49,15,[9 2],50,63,78,13,63
1,<environment.Job instance at 0x7f96aeb1ca50>,59,14,[10  5],60,78,92,18,78
1,<environment.Job instance at 0x7f96ae47c050>,51,17,[7 5],52,93,110,41,93
1,<environment.Job instance at 0x7f96aeb1c910>,65,19,[5 4],66,94,113,28,94
1,<environment.Job instance at 0x7f96aef5af50>,2,12,[7 3],3,3,15,0,3
1,<environment.Job instance at 0x7f96aef5ac30>,3,21,[7 2],4,4,25,0,4
1,<environment.Job instance at 0x7f96aef5aaa0>,4,14,[5 5],5,15,29,10,5
1,<environment.Job instance at 0x7f96ae1ac370>,10,12,[ 5 13],11,29,41,18,13
1,<environment.Job instance at 0x7f96b7f637d0>,12,13,[2 8],13,15,28,2,14
1,<environment.Job instance at 0x7f96ae2aae10>,11,18,[12  2],12,41,59,29,30
1,<environment.Job instance at 0x7f96af17bc30>,13,23,[11  5],14,69,92,55,69
1,<environment.Job instance at 0x7f96af3e6140>,16,16,[ 1 13],17,92,108,75,82
1,<environment.Job instance at 0x7f96aec02e60>,18,28,[13  1],19,94,122,75,94
1,<environment.Job instance at 0x7f96aec02050>,19,27,[ 2 14],20,108,135,88,106
1,<environment.Job instance at 0x7f96aee6c7d0>,0,19,[7 4],1,1,20,0,1
1,<environment.Job instance at 0x7f96aede7550>,2,12,[7 3],3,3,15,0,3
1,<environment.Job instance at 0x7f96aede7410>,12,13,[2 8],13,15,28,2,15
1,<environment.Job instance at 0x7f96aee6cf50>,4,14,[5 5],5,20,34,15,20
1,<environment.Job instance at 0x7f96aede7320>,3,21,[7 2],4,20,41,16,20
1,<environment.Job instance at 0x7f96ae9b2460>,22,12,[6 3],23,34,46,11,34
1,<environment.Job instance at 0x7f96ae989050>,37,18,[1 9],38,38,56,0,38
1,<environment.Job instance at 0x7f96ae9a0fa0>,33,21,[8 2],34,41,62,7,41
1,<environment.Job instance at 0x7f96ae2f7410>,51,12,[2 6],52,56,68,4,56
1,<environment.Job instance at 0x7f96ae992410>,40,20,[1 5],41,56,76,15,56
1,<environment.Job instance at 0x7f96ae288cd0>,52,13,[7 2],53,62,75,9,62
1,<environment.Job instance at 0x7f96ae992140>,42,20,[6 5],43,68,88,25,68
1,<environment.Job instance at 0x7f96ae65f1e0>,50,17,[8 1],51,75,92,24,75
1,<environment.Job instance at 0x7f96ae9b2190>,28,16,[5 9],29,88,104,59,88
1,<environment.Job instance at 0x7f96b80eec30>,72,12,[10  3],73,92,104,19,92
1,<environment.Job instance at 0x7f96aee36730>,76,15,[1 9],77,104,119,27,104
1,<environment.Job instance at 0x7f96ae7eb280>,58,17,[9 5],59,104,121,45,104
1,<environment.Job instance at 0x7f96aee31910>,3,16,[2 5],4,4,20,0,4
1,<environment.Job instance at 0x7f96ae1aebe0>,10,12,[5 5],11,11,23,0,11
1,<environment.Job instance at 0x7f96ae1aee60>,11,15,[1 8],12,20,35,8,12
1,<environment.Job instance at 0x7f96ae194be0>,14,12,[4 7],15,23,35,8,15
1,<environment.Job instance at 0x7f96ae194320>,16,18,[ 5 13],17,35,53,18,25
1,<environment.Job instance at 0x7f96ae4ca910>,19,14,[ 4 10],20,54,68,34,54
1,<environment.Job instance at 0x7f96ae4ca2d0>,20,16,[13  2],21,68,84,47,59
1,<environment.Job instance at 0x7f96ae3c2aa0>,3,16,[2 5],4,4,20,0,4
1,<environment.Job instance at 0x7f96aec8fb40>,4,17,[9 4],5,5,22,0,5
1,<environment.Job instance at 0x7f96aec8f640>,6,16,[2 6],7,7,23,0,7
1,<environment.Job instance at 0x7f96aec8f410>,14,12,[4 7],15,22,34,7,22
1,<environment.Job instance at 0x7f96aec8f910>,10,12,[5 5],11,23,35,12,23
1,<environment.Job instance at 0x7f96af0c9140>,19,14,[ 4 10],20,34,48,14,34
1,<environment.Job instance at 0x7f96aee360f0>,29,15,[4 7],30,48,63,18,48
1,<environment.Job instance at 0x7f96b829b870>,41,13,[1 7],42,48,61,6,48
1,<environment.Job instance at 0x7f96ae288cd0>,39,17,[7 1],40,48,65,8,48
1,<environment.Job instance at 0x7f96aec8fcd0>,7,17,[1 7],8,61,78,53,61
1,<environment.Job instance at 0x7f96af19f320>,47,12,[7 3],48,63,75,15,63
1,<environment.Job instance at 0x7f96af19a3c0>,52,12,[2 5],53,75,87,22,75
1,<environment.Job instance at 0x7f96ae7cf500>,53,12,[5 5],54,78,90,24,78
1,<environment.Job instance at 0x7f96ae992280>,51,17,[8 5],52,78,95,26,78
1,<environment.Job instance at 0x7f96ae992460>,54,13,[1 9],55,90,103,35,90
1,<environment.Job instance at 0x7f96ae9b2b40>,63,12,[1 5],64,95,107,31,95
1,<environment.Job instance at 0x7f96ae989050>,57,12,[3 7],58,103,115,45,103
1,<environment.Job instance at 0x7f96ae9ad410>,48,13,[10  5],49,108,121,59,108
1,<environment.Job instance at 0x7fda6098a730>,1,15,[5 2],2,2,17,0,2
1,<environment.Job instance at 0x7fda57340c80>,5,18,[7 5],6,6,24,0,6
1,<environment.Job instance at 0x7fda57340eb0>,7,12,[7 2],8,17,29,9,8
1,<environment.Job instance at 0x7fda573440a0>,10,14,[ 1 14],11,29,43,18,15
1,<environment.Job instance at 0x7fda57340b40>,4,24,[ 3 11],5,43,67,38,40
1,<environment.Job instance at 0x7fda57350a00>,1,15,[5 2],2,2,17,0,2
1,<environment.Job instance at 0x7fda5733b050>,5,18,[7 5],6,6,24,0,6
1,<environment.Job instance at 0x7fda5738bd70>,7,12,[7 2],8,17,29,9,17
1,<environment.Job instance at 0x7fda5738b870>,9,17,[8 1],10,24,41,14,24
1,<environment.Job instance at 0x7fda573386e0>,18,18,[3 6],19,29,47,10,29
1,<environment.Job instance at 0x7fda573d5dc0>,12,22,[4 6],13,29,51,16,29
1,<environment.Job instance at 0x7fda57464e10>,30,15,[8 2],31,41,56,10,41
1,<environment.Job instance at 0x7fda574432d0>,31,13,[4 5],32,51,64,19,51
1,<environment.Job instance at 0x7fda5744e320>,39,13,[5 4],40,56,69,16,56
1,<environment.Job instance at 0x7fda575f5190>,11,14,[10  4],12,64,78,52,64
1,<environment.Job instance at 0x7fda573e5690>,44,14,[8 4],45,78,92,33,78
1,<environment.Job instance at 0x7fda5744e820>,43,14,[6 1],44,78,92,34,78
1,<environment.Job instance at 0x7fda574e0140>,33,16,[9 3],34,93,109,59,93
1,<environment.Job instance at 0x7fda574022d0>,55,15,[6 2],56,93,108,37,93
1,<environment.Job instance at 0x7fda574e8460>,47,16,[6 2],48,108,124,60,108
1,<environment.Job instance at 0x7fda573c6b40>,23,18,[7 4],24,110,128,86,110
1,<environment.Job instance at 0x7fda56a89280>,1,18,[ 3 12],2,14,32,12,14
1,<environment.Job instance at 0x7fda56a8e2d0>,15,16,[5 2],16,17,33,1,17
1,<environment.Job instance at 0x7fda56a89780>,6,14,[14  1],7,33,47,26,28
1,<environment.Job instance at 0x7fda56a8eeb0>,18,26,[ 1 11],19,35,61,16,35
1,<environment.Job instance at 0x7fda56a8f870>,20,21,[ 3 12],21,61,82,40,53
1,<environment.Job instance at 0x7fda56a8f730>,21,17,[ 2 11],22,82,99,60,70
1,<environment.Job instance at 0x7fda56a8e230>,16,14,[ 3 14],17,99,113,82,88
1,<environment.Job instance at 0x7fda56a8f050>,23,14,[11  1],24,104,118,80,104
1,<environment.Job instance at 0x7fda56a8e910>,14,22,[2 9],15,113,135,98,106
1,<environment.Job instance at 0x7fda56a836e0>,31,15,[6 2],32,118,133,86,113
1,<environment.Job instance at 0x7fda56a83be0>,30,15,[6 2],31,118,133,87,113
1,<environment.Job instance at 0x7fda56a8dbe0>,35,13,[2 6],36,133,146,97,117
1,<environment.Job instance at 0x7fda57402b90>,0,15,[9 2],1,1,16,0,1
1,<environment.Job instance at 0x7fda57402a00>,3,16,[1 8],4,4,20,0,4
1,<environment.Job instance at 0x7fda56b37500>,15,16,[5 2],16,16,32,0,16
1,<environment.Job instance at 0x7fda56b64dc0>,9,19,[4 7],10,20,39,10,20
1,<environment.Job instance at 0x7fda56b65f50>,10,21,[4 6],11,20,41,9,20
1,<environment.Job instance at 0x7fda56b03280>,30,15,[6 2],31,39,54,8,39
1,<environment.Job instance at 0x7fda56b03c80>,35,13,[2 6],36,39,52,3,39
1,<environment.Job instance at 0x7fda56b032d0>,31,15,[6 2],32,41,56,9,41
1,<environment.Job instance at 0x7fda56b65870>,8,19,[1 9],9,52,71,43,52
1,<environment.Job instance at 0x7fda56b06780>,37,16,[6 2],38,54,70,16,54
1,<environment.Job instance at 0x7fda56b6caa0>,40,15,[8 3],41,56,71,15,56
1,<environment.Job instance at 0x7fda56c5ae60>,47,13,[4 5],48,71,84,23,71
1,<environment.Job instance at 0x7fda56b550f0>,53,16,[7 1],54,71,87,17,71
1,<environment.Job instance at 0x7fda56b375a0>,14,22,[2 9],15,71,93,56,71
1,<environment.Job instance at 0x7fda56af52d0>,22,18,[10  5],23,87,105,64,87
1,<environment.Job instance at 0x7fda56bf1cd0>,61,13,[ 4 10],62,93,106,31,93
1,<environment.Job instance at 0x7fda56cdc690>,57,18,[10  1],58,105,123,47,105
1,<environment.Job instance at 0x7fda56bf1730>,62,14,[4 7],63,106,120,43,106
1,<environment.Job instance at 0x7fda569775f0>,8,15,[ 5 11],9,76,91,67,76
1,<environment.Job instance at 0x7fda5692e0f0>,3,18,[8 5],4,4,22,0,4
1,<environment.Job instance at 0x7fda5692e1e0>,9,21,[6 4],10,10,31,0,10
1,<environment.Job instance at 0x7fda569aa870>,20,12,[6 2],21,22,34,1,22
1,<environment.Job instance at 0x7fda5692e230>,10,17,[2 6],11,22,39,11,22
1,<environment.Job instance at 0x7fda569aa7d0>,18,17,[1 7],19,31,48,12,31
1,<environment.Job instance at 0x7fda569aa690>,24,12,[1 8],25,39,51,14,39
1,<environment.Job instance at 0x7fda569a8500>,28,13,[3 5],29,49,62,20,49
1,<environment.Job instance at 0x7fda569a8b40>,32,14,[3 5],33,51,65,18,51
1,<environment.Job instance at 0x7fda56999b40>,49,16,[7 2],50,51,67,1,51
1,<environment.Job instance at 0x7fda569a8f00>,37,20,[3 7],38,62,82,24,62
1,<environment.Job instance at 0x7fda56943b40>,12,17,[8 5],13,67,84,54,67
1,<environment.Job instance at 0x7fda56999050>,52,12,[2 7],53,82,94,29,82
1,<environment.Job instance at 0x7fda56a50140>,61,15,[4 8],62,84,99,22,84
1,<environment.Job instance at 0x7fda56a50e60>,66,14,[5 3],67,94,108,27,94
1,<environment.Job instance at 0x7fda569a8aa0>,31,22,[6 1],32,94,116,62,94
1,<environment.Job instance at 0x7fda569a80a0>,36,18,[4 9],37,99,117,62,99
1,<environment.Job instance at 0x7fda56a507d0>,67,14,[8 5],68,117,131,49,117
1,<environment.Job instance at 0x7fda56aa4fa0>,80,14,[7 2],81,117,131,36,117
1,<environment.Job instance at 0x7fda56ec5910>,8,13,[1 7],9,9,22,0,9
1,<environment.Job instance at 0x7fda56ec5aa0>,13,24,[6 1],14,15,39,1,15
1,<environment.Job instance at 0x7fda56d5af00>,15,21,[12  1],16,39,60,23,31
1,<environment.Job instance at 0x7fda56d5a500>,18,15,[4 9],19,60,75,41,46
1,<environment.Job instance at 0x7fda56d5a690>,20,14,[3 6],21,93,107,72,93
1,<environment.Job instance at 0x7fda56d5ac30>,23,21,[8 2],24,119,140,95,119
1,<environment.Job instance at 0x7fda56aa4410>,0,17,[5 4],1,1,18,0,1
1,<environment.Job instance at 0x7fda56aa47d0>,3,14,[4 9],4,4,18,0,4
1,<environment.Job instance at 0x7fda56aa4fa0>,4,12,[8 2],5,18,30,13,18
1,<environment.Job instance at 0x7fda56aa45a0>,7,13,[7 5],8,18,31,10,18
1,<environment.Job instance at 0x7fda56aa4960>,8,13,[1 7],9,30,43,21,30
1,<environment.Job instance at 0x7fda56a50a50>,25,12,[9 3],26,31,43,5,31
1,<environment.Job instance at 0x7fda56a505f0>,20,14,[3 6],21,43,57,22,43
1,<environment.Job instance at 0x7fda56a50820>,32,12,[9 1],33,43,55,10,43
1,<environment.Job instance at 0x7fda56999a00>,36,12,[5 4],37,55,67,18,55
1,<environment.Job instance at 0x7fda56a50910>,18,15,[4 9],19,57,72,38,57
1,<environment.Job instance at 0x7fda56aa4dc0>,12,15,[10  5],13,67,82,54,67
1,<environment.Job instance at 0x7fda56999960>,43,12,[ 1 10],44,72,84,28,72
1,<environment.Job instance at 0x7fda569a8550>,45,14,[9 5],46,82,96,36,82
1,<environment.Job instance at 0x7fda56a506e0>,31,16,[4 8],32,84,100,52,84
1,<environment.Job instance at 0x7fda569992d0>,40,17,[2 6],41,96,113,55,96
1,<environment.Job instance at 0x7fda56aa4f50>,6,18,[8 1],7,96,114,89,96
1,<environment.Job instance at 0x7fda569a8b90>,48,17,[2 8],49,100,117,51,100
1,<environment.Job instance at 0x7fda609c02d0>,78,13,[7 1],79,114,127,35,114
1,<environment.Job instance at 0x7fda5692e8c0>,74,15,[6 4],75,115,130,40,115
1,<environment.Job instance at 0x7fda569a8b40>,50,16,[ 1 10],51,117,133,66,117
1,<environment.Job instance at 0x7fda56cfb870>,7,12,[1 6],8,8,20,0,8
1,<environment.Job instance at 0x7fda56d11370>,9,16,[7 3],10,10,26,0,10
1,<environment.Job instance at 0x7fda56957d70>,0,14,[8 1],1,1,15,0,1
1,<environment.Job instance at 0x7fda569336e0>,7,12,[1 6],8,8,20,0,8
1,<environment.Job instance at 0x7fda569575f0>,9,16,[7 3],10,15,31,5,15
1,<environment.Job instance at 0x7fda56ea5f50>,14,17,[2 5],15,15,32,0,15
1,<environment.Job instance at 0x7fda56ea5140>,25,12,[ 2 10],26,31,43,5,31
1,<environment.Job instance at 0x7fda56ea5320>,15,14,[8 2],16,32,46,16,32
1,<environment.Job instance at 0x7fda56ea5af0>,12,14,[ 4 10],13,43,57,30,43
1,<environment.Job instance at 0x7fda56ea5cd0>,26,15,[9 2],27,46,61,19,46
1,<environment.Job instance at 0x7fda56ea5370>,23,17,[6 1],24,57,74,33,57
1,<environment.Job instance at 0x7fda569aab40>,43,16,[8 4],44,61,77,17,61
1,<environment.Job instance at 0x7fda569aa690>,46,15,[5 7],47,74,89,27,74
1,<environment.Job instance at 0x7fda569aaa50>,50,12,[8 1],51,77,89,26,77
1,<environment.Job instance at 0x7fda56ea56e0>,28,17,[7 3],29,89,106,60,89
1,<environment.Job instance at 0x7fda56ea5050>,21,18,[5 8],22,89,107,67,89
1,<environment.Job instance at 0x7fda569a8e10>,59,12,[5 5],60,106,118,46,106
1,<environment.Job instance at 0x7fda569a8960>,56,13,[10  5],57,108,121,51,108
1,<environment.Job instance at 0x7fda569a8550>,64,13,[ 5 10],65,118,131,53,118
1,<environment.Job instance at 0x7fda56dabcd0>,5,12,[4 8],6,6,18,0,6
1,<environment.Job instance at 0x7fda56dabf00>,8,27,[5 1],9,9,36,0,9
1,<environment.Job instance at 0x7fda56dab910>,6,15,[ 5 11],7,18,33,11,10
1,<environment.Job instance at 0x7fda56dab6e0>,2,14,[4 9],3,33,47,30,27
1,<environment.Job instance at 0x7fda56dabb90>,11,13,[ 3 12],12,47,60,35,31
1,<environment.Job instance at 0x7fda56dab870>,10,12,[ 3 12],11,60,72,49,45
1,<environment.Job instance at 0x7fda5704c2d0>,15,16,[5 5],16,72,88,56,60
1,<environment.Job instance at 0x7fda5704cd70>,17,17,[4 5],18,72,89,54,61
1,<environment.Job instance at 0x7fda5704c730>,16,12,[ 3 12],17,89,101,72,73
1,<environment.Job instance at 0x7fda5704cdc0>,19,13,[3 9],20,101,114,81,85
1,<environment.Job instance at 0x7fda5704c050>,13,25,[11  2],14,88,113,74,85
1,<environment.Job instance at 0x7fda5704ccd0>,18,13,[8 5],19,113,126,94,97
1,<environment.Job instance at 0x7fda5704c6e0>,29,12,[ 1 11],30,126,138,96,112
1,<environment.Job instance at 0x7fda5704caa0>,26,15,[8 2],27,126,141,99,114
1,<environment.Job instance at 0x7fda5705e0f0>,31,13,[6 1],32,114,127,82,114
1,<environment.Job instance at 0x7fda56a50730>,1,17,[2 7],2,2,19,0,2
1,<environment.Job instance at 0x7fda56a50a50>,5,12,[4 8],6,6,18,0,6
1,<environment.Job instance at 0x7fda569a8a00>,15,16,[5 5],16,18,34,2,18
1,<environment.Job instance at 0x7fda569a8870>,18,13,[8 5],19,19,32,0,19
1,<environment.Job instance at 0x7fda5705e8c0>,25,12,[1 9],26,32,44,6,32
1,<environment.Job instance at 0x7fda569a8190>,26,15,[8 2],27,34,49,7,34
1,<environment.Job instance at 0x7fda569a8640>,19,13,[3 9],20,44,57,24,44
1,<environment.Job instance at 0x7fda56d5a910>,31,13,[6 1],32,49,62,17,49
1,<environment.Job instance at 0x7fda569a8820>,21,16,[6 5],22,49,65,27,49
1,<environment.Job instance at 0x7fda56de9190>,32,13,[1 8],33,57,70,24,57
1,<environment.Job instance at 0x7fda56dab780>,36,15,[6 1],37,65,80,28,65
1,<environment.Job instance at 0x7fda569a81e0>,17,17,[4 5],18,65,82,47,65
1,<environment.Job instance at 0x7fda56a50370>,2,14,[4 9],3,70,84,67,70
1,<environment.Job instance at 0x7fda56dab690>,38,14,[6 5],39,82,96,43,82
1,<environment.Job instance at 0x7fda56db50a0>,40,12,[1 5],41,85,97,44,85
1,<environment.Job instance at 0x7fda56dd42d0>,52,20,[4 5],53,86,106,33,86
1,<environment.Job instance at 0x7fda56dd4cd0>,51,15,[10  1],52,96,111,44,96
1,<environment.Job instance at 0x7fda56dab550>,35,13,[ 5 10],36,106,119,70,106
1,<environment.Job instance at 0x7fda56da1be0>,67,13,[7 5],68,111,124,43,111
1,<environment.Job instance at 0x7fda56da17d0>,68,13,[1 8],69,119,132,50,119
1,<environment.Job instance at 0x7fda56c3e550>,2,15,[6 2],3,3,18,0,3
1,<environment.Job instance at 0x7fda56d5f910>,9,22,[1 7],10,10,32,0,10
1,<environment.Job instance at 0x7fda56d5f4b0>,10,19,[5 6],11,11,30,0,11
1,<environment.Job instance at 0x7fda56d5f0f0>,11,14,[ 2 11],12,32,46,20,17
1,<environment.Job instance at 0x7fda56a50870>,6,27,[12  2],7,30,57,23,29
1,<environment.Job instance at 0x7fda56c60c30>,18,17,[ 2 13],19,46,63,27,34
1,<environment.Job instance at 0x7fda56c609b0>,20,14,[1 7],21,63,77,42,48
1,<environment.Job instance at 0x7fda57043910>,34,23,[2 6],35,63,86,28,63
1,<environment.Job instance at 0x7fda56d374b0>,46,16,[ 3 11],47,92,108,45,92
1,<environment.Job instance at 0x7fda56d60cd0>,50,13,[3 5],51,108,121,57,92
1,<environment.Job instance at 0x7fda56d43280>,62,24,[5 2],63,113,137,50,113
1,<environment.Job instance at 0x7fda570402d0>,1,18,[5 7],2,2,20,0,2
1,<environment.Job instance at 0x7fda57040aa0>,2,15,[6 2],3,3,18,0,3
1,<environment.Job instance at 0x7fda57030c30>,10,19,[5 6],11,18,37,7,18
1,<environment.Job instance at 0x7fda57030d70>,9,22,[1 7],10,20,42,10,20
1,<environment.Job instance at 0x7fda57030190>,22,14,[6 2],23,23,37,0,23
1,<environment.Job instance at 0x7fda57030050>,20,14,[1 7],21,37,51,16,37
1,<environment.Job instance at 0x7fda56d86410>,25,14,[1 6],26,42,56,16,42
1,<environment.Job instance at 0x7fda609c0780>,30,18,[5 2],31,42,60,11,42
1,<environment.Job instance at 0x7fda575aca00>,32,14,[8 3],33,51,65,18,51
1,<environment.Job instance at 0x7fda5704ca00>,50,13,[3 5],51,60,73,9,60
1,<environment.Job instance at 0x7fda5704c3c0>,47,12,[9 1],48,65,77,17,65
1,<environment.Job instance at 0x7fda579ed0a0>,31,20,[3 7],32,65,85,33,65
1,<environment.Job instance at 0x7fda57a99870>,44,15,[5 8],45,77,92,32,77
1,<environment.Job instance at 0x7fda577b8960>,26,15,[5 7],27,85,100,58,85
1,<environment.Job instance at 0x7fda56d2bbe0>,77,14,[8 2],78,92,106,14,92
1,<environment.Job instance at 0x7fda5759a0f0>,78,13,[5 3],79,100,113,21,100
1,<environment.Job instance at 0x7fda575c7370>,35,21,[2 8],36,100,121,64,100
1,<environment.Job instance at 0x7fda577e73c0>,85,14,[4 7],86,113,127,27,113
1,<environment.Job instance at 0x7fda56cb94b0>,3,12,[7 1],4,4,16,0,4
1,<environment.Job instance at 0x7fda56cb9c30>,7,15,[6 2],8,8,23,0,8
1,<environment.Job instance at 0x7fda56cb9730>,11,17,[3 5],12,16,33,4,12
1,<environment.Job instance at 0x7fda56cb9c80>,4,18,[8 3],5,23,41,18,15
1,<environment.Job instance at 0x7fda56cb9960>,13,14,[6 1],14,33,47,19,18
1,<environment.Job instance at 0x7fda56cb9410>,17,13,[9 5],18,41,54,23,28
1,<environment.Job instance at 0x7fda56cb9820>,18,16,[3 6],19,47,63,28,35
1,<environment.Job instance at 0x7fda56cb9280>,19,28,[1 8],20,54,82,34,53
1,<environment.Job instance at 0x7fda56cb9780>,20,14,[2 5],21,63,77,42,53
1,<environment.Job instance at 0x7fda56cb97d0>,21,26,[7 2],22,63,89,41,61
1,<environment.Job instance at 0x7fda57e3a640>,22,27,[5 6],23,84,111,61,84
1,<environment.Job instance at 0x7fda56cb90a0>,16,27,[3 5],17,86,113,69,86
1,<environment.Job instance at 0x7fda56cb9910>,12,16,[ 3 13],13,113,129,100,101
1,<environment.Job instance at 0x7fda60a2e370>,2,14,[9 1],3,3,17,0,3
1,<environment.Job instance at 0x7fda57344d20>,7,15,[6 2],8,8,23,0,8
1,<environment.Job instance at 0x7fda56db3190>,3,12,[7 1],4,17,29,13,17
1,<environment.Job instance at 0x7fda57030f00>,13,14,[6 1],14,23,37,9,23
1,<environment.Job instance at 0x7fda57030be0>,17,13,[9 5],18,29,42,11,29
1,<environment.Job instance at 0x7fda57030500>,20,14,[2 5],21,37,51,16,37
1,<environment.Job instance at 0x7fda57030410>,11,17,[3 5],12,37,54,25,37
1,<environment.Job instance at 0x7fda57030e60>,24,17,[10  4],25,42,59,17,42
1,<environment.Job instance at 0x7fda56c3e500>,28,14,[2 7],29,54,68,25,54
1,<environment.Job instance at 0x7fda57030d70>,30,14,[3 7],31,59,73,28,59
1,<environment.Job instance at 0x7fda57030d20>,18,16,[3 6],19,68,84,49,68
1,<environment.Job instance at 0x7fda57adbdc0>,39,12,[5 7],40,73,85,33,73
1,<environment.Job instance at 0x7fda575aca00>,8,17,[7 4],9,84,101,75,84
1,<environment.Job instance at 0x7fda5749d0a0>,46,15,[6 1],47,85,100,38,85
1,<environment.Job instance at 0x7fda5749da50>,45,18,[1 6],46,85,103,39,85
1,<environment.Job instance at 0x7fda5749de60>,48,17,[5 5],49,100,117,51,100
1,<environment.Job instance at 0x7fda57394fa0>,4,18,[8 3],5,101,119,96,101
1,<environment.Job instance at 0x7fda5749deb0>,50,13,[3 8],51,117,130,66,117
1,<environment.Job instance at 0x7fda56ddc910>,56,13,[9 2],57,119,132,62,119
1,<environment.Job instance at 0x7fda5679d190>,1,14,[ 4 10],2,2,16,0,2
1,<environment.Job instance at 0x7fda5679ddc0>,13,21,[9 1],14,14,35,0,14
1,<environment.Job instance at 0x7fda5679df00>,6,20,[ 1 13],7,37,57,30,37
1,<environment.Job instance at 0x7fda5679d910>,11,28,[8 2],12,41,69,29,41
1,<environment.Job instance at 0x7fda578a2dc0>,15,16,[1 7],16,57,73,41,44
1,<environment.Job instance at 0x7fda578a20f0>,24,15,[2 5],25,57,72,32,53
1,<environment.Job instance at 0x7fda578a2d70>,16,21,[14  4],17,72,93,55,68
1,<environment.Job instance at 0x7fda56cc67d0>,1,14,[ 4 10],2,2,16,0,2
1,<environment.Job instance at 0x7fda56cc6c30>,10,22,[8 3],11,11,33,0,11
1,<environment.Job instance at 0x7fda56cc6460>,2,15,[4 8],3,16,31,13,16
1,<environment.Job instance at 0x7fda57087460>,24,15,[2 5],25,31,46,6,31
1,<environment.Job instance at 0x7fda570877d0>,15,16,[1 7],16,31,47,15,31
1,<environment.Job instance at 0x7fda57087c80>,29,15,[7 1],30,33,48,3,33
1,<environment.Job instance at 0x7fda570876e0>,30,17,[2 6],31,46,63,15,46
1,<environment.Job instance at 0x7fda57182e10>,47,17,[2 6],48,48,65,0,48
1,<environment.Job instance at 0x7fda57182a50>,42,18,[10  2],43,48,66,5,48
1,<environment.Job instance at 0x7fda57efe5f0>,52,15,[4 5],53,65,80,12,65
1,<environment.Job instance at 0x7fda57171370>,60,15,[7 4],61,66,81,5,66
1,<environment.Job instance at 0x7fda57efeb40>,54,17,[3 5],55,66,83,11,66
1,<environment.Job instance at 0x7fda5718af50>,66,15,[5 5],67,81,96,14,81
1,<environment.Job instance at 0x7fda565ce8c0>,67,16,[ 2 10],68,83,99,15,83
1,<environment.Job instance at 0x7fda571a5960>,71,17,[2 5],72,96,113,24,96
1,<environment.Job instance at 0x7fda5717a550>,77,12,[10  1],78,99,111,21,99
1,<environment.Job instance at 0x7fda57810fa0>,80,12,[10  1],81,111,123,30,111
1,<environment.Job instance at 0x7fda57810f50>,81,17,[1 9],82,111,128,29,111
1,<environment.Job instance at 0x7fda5767e0f0>,1,15,[2 7],2,2,17,0,2
1,<environment.Job instance at 0x7fda5767e5f0>,3,13,[1 7],4,4,17,0,4
1,<environment.Job instance at 0x7fda5767e0a0>,4,13,[3 5],5,17,30,12,5
1,<environment.Job instance at 0x7fda604c8c30>,9,12,[7 4],10,17,29,7,10
1,<environment.Job instance at 0x7fda604c8d20>,11,14,[8 1],12,29,43,17,16
1,<environment.Job instance at 0x7fda604c8a50>,16,13,[ 5 11],17,30,43,13,17
1,<environment.Job instance at 0x7fda5767ee60>,12,15,[ 3 13],13,43,58,30,29
1,<environment.Job instance at 0x7fda604c8410>,20,14,[10  2],21,43,57,22,39
1,<environment.Job instance at 0x7fda604c89b0>,24,26,[6 1],25,57,83,32,54
1,<environment.Job instance at 0x7fda604c8b40>,28,15,[ 3 11],29,58,73,29,54
1,<environment.Job instance at 0x7fda57844320>,0,18,[7 5],1,1,19,0,1
1,<environment.Job instance at 0x7fda57844aa0>,1,15,[2 7],2,2,17,0,2
1,<environment.Job instance at 0x7fda5716a780>,9,12,[7 4],10,17,29,7,17
1,<environment.Job instance at 0x7fda57831a00>,3,13,[1 7],4,19,32,15,19
1,<environment.Job instance at 0x7fda57178e10>,19,12,[8 1],20,29,41,9,29
1,<environment.Job instance at 0x7fda57831b40>,4,13,[3 5],5,29,42,24,29
1,<environment.Job instance at 0x7fda57831280>,5,16,[3 9],6,32,48,26,32
1,<environment.Job instance at 0x7fda5718f6e0>,11,14,[8 1],12,41,55,29,41
1,<environment.Job instance at 0x7fda5717a690>,31,12,[ 1 10],32,48,60,16,48
1,<environment.Job instance at 0x7fda57178c80>,20,14,[10  2],21,55,69,34,55
1,<environment.Job instance at 0x7fda5718a410>,39,13,[5 5],40,60,73,20,60
1,<environment.Job instance at 0x7fda57171be0>,43,14,[4 5],44,69,83,25,69
1,<environment.Job instance at 0x7fda5717afa0>,29,15,[5 5],30,69,84,39,69
1,<environment.Job instance at 0x7fda565dc780>,46,13,[4 5],47,73,86,26,73
1,<environment.Job instance at 0x7fda57171c30>,45,14,[1 7],46,85,99,39,85
1,<environment.Job instance at 0x7fda565ce9b0>,36,16,[5 6],37,87,103,50,87
1,<environment.Job instance at 0x7fda57810dc0>,23,14,[4 9],24,99,113,75,99
1,<environment.Job instance at 0x7fda571825a0>,58,12,[8 4],59,103,115,44,103
1,<environment.Job instance at 0x7fda57182dc0>,57,16,[7 4],58,113,129,55,113
1,<environment.Job instance at 0x7fda576ed2d0>,66,12,[8 4],67,115,127,48,115
1,<environment.Job instance at 0x7fda57e855a0>,0,14,[8 4],1,1,15,0,1
1,<environment.Job instance at 0x7fda57e853c0>,8,14,[5 7],9,15,29,6,15
1,<environment.Job instance at 0x7fda57e85d70>,7,20,[4 5],8,19,39,11,19
1,<environment.Job instance at 0x7fda57e85a50>,12,15,[13  4],13,39,54,26,26
1,<environment.Job instance at 0x7fda57e85640>,11,21,[ 2 12],12,54,75,42,46
1,<environment.Job instance at 0x7fda57e85a00>,14,24,[9 3],15,54,78,39,49
1,<environment.Job instance at 0x7fda57e859b0>,6,15,[13  5],7,78,93,71,64
1,<environment.Job instance at 0x7fda57e851e0>,16,14,[11  3],17,93,107,76,78
1,<environment.Job instance at 0x7fda57e85eb0>,10,12,[ 1 12],11,93,105,82,78
1,<environment.Job instance at 0x7fda57e85960>,17,22,[5 7],18,107,129,89,100
1,<environment.Job instance at 0x7fda57e85190>,19,26,[3 8],20,105,131,85,103
1,<environment.Job instance at 0x7fda56f80fa0>,0,14,[8 4],1,1,15,0,1
1,<environment.Job instance at 0x7fda56fca320>,7,20,[4 5],8,8,28,0,8
1,<environment.Job instance at 0x7fda56fca0a0>,8,14,[5 7],9,15,29,6,15
1,<environment.Job instance at 0x7fda577aa050>,26,18,[1 6],27,28,46,1,28
1,<environment.Job instance at 0x7fda577aad70>,27,20,[1 9],28,29,49,1,29
1,<environment.Job instance at 0x7fda5767e910>,37,15,[6 1],38,46,61,8,46
1,<environment.Job instance at 0x7fda577aa460>,31,17,[7 3],32,46,63,14,46
1,<environment.Job instance at 0x7fda5717d0f0>,57,18,[5 5],58,61,79,3,61
1,<environment.Job instance at 0x7fda57171c30>,62,14,[10  1],63,63,77,0,63
1,<environment.Job instance at 0x7fda571714b0>,65,12,[ 5 10],66,77,89,11,77
1,<environment.Job instance at 0x7fda57ef4190>,46,16,[9 2],47,79,95,32,79
1,<environment.Job instance at 0x7fda57171a00>,67,16,[1 6],68,89,105,21,89
1,<environment.Job instance at 0x7fda56fca500>,17,22,[5 7],18,89,111,71,89
1,<environment.Job instance at 0x7fda5717a5f0>,79,16,[7 2],80,95,111,15,95
1,<environment.Job instance at 0x7fda57810f50>,82,14,[8 5],83,111,125,28,111
1,<environment.Job instance at 0x7fda57810dc0>,86,14,[1 8],87,111,125,24,111
1,<environment.Job instance at 0x7fda5681d910>,1,15,[8 2],2,2,17,0,2
1,<environment.Job instance at 0x7fda5681d0a0>,6,23,[ 5 11],7,14,37,7,14
1,<environment.Job instance at 0x7fda57312d70>,1,15,[8 2],2,2,17,0,2
1,<environment.Job instance at 0x7fda57cdca50>,12,20,[5 3],13,13,33,0,13
1,<environment.Job instance at 0x7fda5767c5f0>,5,16,[10  3],6,17,33,11,17
1,<environment.Job instance at 0x7fda57cf15a0>,32,15,[3 7],33,33,48,0,33
1,<environment.Job instance at 0x7fda57d092d0>,22,15,[5 1],23,33,48,10,33
1,<environment.Job instance at 0x7fda57d09a50>,21,16,[4 6],22,33,49,11,33
1,<environment.Job instance at 0x7fda57d07550>,37,16,[8 4],38,48,64,10,48
1,<environment.Job instance at 0x7fda577a9780>,44,22,[1 8],45,49,71,4,49
1,<environment.Job instance at 0x7fda5744efa0>,51,13,[10  3],52,64,77,12,64
1,<environment.Job instance at 0x7fda57cf1d70>,35,19,[2 5],36,71,90,35,71
1,<environment.Job instance at 0x7fda57ce45f0>,54,14,[3 7],55,77,91,22,77
1,<environment.Job instance at 0x7fda57cf2f00>,47,16,[9 1],48,77,93,29,77
1,<environment.Job instance at 0x7fda571e7050>,62,18,[3 5],63,90,108,27,90
1,<environment.Job instance at 0x7fda57309320>,67,12,[ 1 10],68,93,105,25,93
1,<environment.Job instance at 0x7fda56916410>,72,13,[3 9],73,105,118,32,105
1,<environment.Job instance at 0x7fda57cd9050>,17,20,[8 1],18,105,125,87,105
1,<environment.Job instance at 0x7fda56a64a00>,78,17,[1 5],79,108,125,29,108
1,<environment.Job instance at 0x7fda572f86e0>,81,18,[1 9],82,118,136,36,118
1,<environment.Job instance at 0x7fda56a61370>,2,16,[8 2],3,3,19,0,3
1,<environment.Job instance at 0x7fda56a61190>,4,14,[4 7],5,5,19,0,5
1,<environment.Job instance at 0x7fda56a61d70>,11,19,[2 5],12,12,31,0,12
1,<environment.Job instance at 0x7fda56a61910>,7,17,[ 4 13],8,43,60,35,43
1,<environment.Job instance at 0x7fda56a5caf0>,2,16,[8 2],3,3,19,0,3
1,<environment.Job instance at 0x7fda56a61320>,4,14,[4 7],5,5,19,0,5
1,<environment.Job instance at 0x7fda569bee10>,11,19,[2 5],12,12,31,0,12
1,<environment.Job instance at 0x7fda56920dc0>,15,15,[1 7],16,19,34,3,19
1,<environment.Job instance at 0x7fda56920050>,19,15,[7 1],20,20,35,0,20
1,<environment.Job instance at 0x7fda569200a0>,26,14,[5 4],27,31,45,4,31
1,<environment.Job instance at 0x7fda56920280>,18,21,[1 6],19,34,55,15,34
1,<environment.Job instance at 0x7fda56920b40>,31,12,[8 1],32,35,47,3,35
1,<environment.Job instance at 0x7fda569200f0>,27,15,[6 4],28,45,60,17,45
1,<environment.Job instance at 0x7fda57ac26e0>,43,12,[5 8],44,55,67,11,55
1,<environment.Job instance at 0x7fda57ac2780>,46,15,[1 6],47,60,75,13,60
1,<environment.Job instance at 0x7fda56917690>,63,14,[10  5],64,67,81,3,67
1,<environment.Job instance at 0x7fda56917730>,65,12,[3 5],66,75,87,9,75
1,<environment.Job instance at 0x7fda56917b40>,71,15,[1 7],72,81,96,9,81
1,<environment.Job instance at 0x7fda569170f0>,72,14,[10  2],73,81,95,8,81
1,<environment.Job instance at 0x7fda57ac2460>,34,17,[1 6],35,87,104,52,87
1,<environment.Job instance at 0x7fda569175f0>,64,16,[10  2],65,95,111,30,95
1,<environment.Job instance at 0x7fda56917f00>,74,14,[4 8],75,104,118,29,104
1,<environment.Job instance at 0x7fda573018c0>,75,12,[9 1],76,111,123,35,111
1,<environment.Job instance at 0x7fda57301140>,88,15,[ 5 10],89,118,133,29,118
1,<environment.Job instance at 0x7fda56a5faf0>,3,13,[3 9],4,6,19,2,6
1,<environment.Job instance at 0x7fda5670ad70>,4,16,[ 2 11],5,19,35,14,7
1,<environment.Job instance at 0x7fda5670a280>,10,14,[9 2],11,11,25,0,11
1,<environment.Job instance at 0x7fda5670a140>,11,14,[14  3],12,35,49,23,21
1,<environment.Job instance at 0x7fda5670a370>,12,15,[ 3 11],13,49,64,36,38
1,<environment.Job instance at 0x7fda5670a780>,15,17,[ 3 14],16,64,81,48,53
1,<environment.Job instance at 0x7fda5670ab40>,6,17,[ 4 13],7,81,98,74,70
1,<environment.Job instance at 0x7fda6055b820>,35,12,[8 5],36,98,110,62,81
1,<environment.Job instance at 0x7fda6055b1e0>,36,13,[ 2 14],37,110,123,73,94
1,<environment.Job instance at 0x7fda6055baa0>,40,12,[2 5],41,98,110,57,94
1,<environment.Job instance at 0x7fda6055bbe0>,41,17,[13  4],42,123,140,81,112
1,<environment.Job instance at 0x7fda56a37a00>,2,16,[ 3 10],3,3,19,0,3
1,<environment.Job instance at 0x7fda57f2c0f0>,10,14,[9 2],11,11,25,0,11
1,<environment.Job instance at 0x7fda56a37280>,3,13,[3 9],4,19,32,15,19
1,<environment.Job instance at 0x7fda572f87d0>,28,12,[6 5],29,32,44,3,32
1,<environment.Job instance at 0x7fda572f8be0>,26,14,[2 6],27,32,46,5,32
1,<environment.Job instance at 0x7fda5670a8c0>,35,12,[8 5],36,44,56,8,44
1,<environment.Job instance at 0x7fda569e26e0>,40,12,[2 5],41,46,58,5,46
1,<environment.Job instance at 0x7fda569e2aa0>,45,14,[8 5],46,57,71,11,57
1,<environment.Job instance at 0x7fda572f8640>,18,14,[4 9],19,58,72,39,58
1,<environment.Job instance at 0x7fda569e2320>,54,12,[7 1],55,71,83,16,71
1,<environment.Job instance at 0x7fda6055ba50>,17,15,[3 8],18,74,89,56,74
1,<environment.Job instance at 0x7fda572f84b0>,25,18,[4 6],26,74,92,48,74
1,<environment.Job instance at 0x7fda578fd280>,58,12,[7 5],59,90,102,31,90
1,<environment.Job instance at 0x7fda57f01be0>,57,19,[8 4],58,92,111,34,92
1,<environment.Job instance at 0x7fda57f010a0>,59,20,[3 9],60,102,122,42,102
1,<environment.Job instance at 0x7fda578fdbe0>,61,17,[9 4],62,111,128,49,111
1,<environment.Job instance at 0x7fda57146f50>,10,23,[11  1],11,11,34,0,11
1,<environment.Job instance at 0x7fda57146d70>,15,12,[12  5],16,34,46,18,20
1,<environment.Job instance at 0x7fda57146320>,2,16,[ 4 13],3,46,62,43,33
1,<environment.Job instance at 0x7fda5715efa0>,31,13,[4 5],32,62,75,30,46
1,<environment.Job instance at 0x7fda57171d70>,37,20,[5 4],38,62,82,24,54
1,<environment.Job instance at 0x7fda5767dcd0>,43,13,[ 2 10],44,75,88,31,72
1,<environment.Job instance at 0x7fda569e2cd0>,3,17,[1 7],4,4,21,0,4
1,<environment.Job instance at 0x7fda569e2370>,7,14,[8 1],8,8,22,0,8
1,<environment.Job instance at 0x7fda569e20a0>,12,12,[7 3],13,21,33,8,21
1,<environment.Job instance at 0x7fda572f84b0>,13,17,[1 8],14,22,39,8,22
1,<environment.Job instance at 0x7fda56db5190>,26,14,[9 3],27,33,47,6,33
1,<environment.Job instance at 0x7fda5763a0a0>,31,13,[4 5],32,39,52,7,39
1,<environment.Job instance at 0x7fda57446f00>,33,14,[8 4],34,47,61,13,47
1,<environment.Job instance at 0x7fda56d3bf50>,41,17,[5 5],42,52,69,10,52
1,<environment.Job instance at 0x7fda60522cd0>,43,13,[ 2 10],44,61,74,17,61
1,<environment.Job instance at 0x7fda57015280>,46,13,[6 5],47,69,82,22,69
1,<environment.Job instance at 0x7fda572f8730>,22,14,[8 4],23,74,88,51,74
1,<environment.Job instance at 0x7fda572f85a0>,17,17,[5 9],18,83,100,65,83
1,<environment.Job instance at 0x7fda56d3b8c0>,39,16,[9 4],40,88,104,48,88
1,<environment.Job instance at 0x7fda5726c2d0>,50,18,[ 1 10],51,101,119,50,101
1,<environment.Job instance at 0x7fda56d38820>,56,16,[9 5],57,105,121,48,105
1,<environment.Job instance at 0x7fda573a45f0>,1,14,[1 9],2,2,16,0,2
1,<environment.Job instance at 0x7fda573a8230>,4,13,[5 5],5,5,18,0,5
1,<environment.Job instance at 0x7fda573a40a0>,11,15,[7 1],12,12,27,0,12
1,<environment.Job instance at 0x7fda573a4410>,5,19,[ 3 11],6,18,37,12,13
1,<environment.Job instance at 0x7fda56db5550>,13,12,[8 4],14,27,39,13,14
1,<environment.Job instance at 0x7fda56b5a500>,1,14,[1 9],2,2,16,0,2
1,<environment.Job instance at 0x7fda56b5b7d0>,3,22,[10  4],4,4,26,0,4
1,<environment.Job instance at 0x7fda56b5b730>,4,13,[5 5],5,16,29,11,16
1,<environment.Job instance at 0x7fda56b3b9b0>,13,12,[8 4],14,26,38,12,26
1,<environment.Job instance at 0x7fda56b3b190>,11,15,[7 1],12,29,44,17,29
1,<environment.Job instance at 0x7fda573a8640>,28,16,[3 8],29,38,54,9,38
1,<environment.Job instance at 0x7fda57391a50>,9,17,[3 5],10,38,55,28,38
1,<environment.Job instance at 0x7fda573a81e0>,29,14,[6 2],30,44,58,14,44
1,<environment.Job instance at 0x7fda573a8d20>,32,14,[4 7],33,54,68,21,54
1,<environment.Job instance at 0x7fda57642dc0>,37,14,[5 6],38,58,72,20,58
1,<environment.Job instance at 0x7fda56dbb870>,44,13,[1 7],45,68,81,23,68
1,<environment.Job instance at 0x7fda56db50f0>,27,18,[9 3],28,72,90,44,72
1,<environment.Job instance at 0x7fda56dbb3c0>,48,16,[ 4 10],49,83,99,34,83
1,<environment.Job instance at 0x7fda57446f00>,19,16,[ 1 10],20,100,116,80,100
1,<environment.Job instance at 0x7fda56dbb370>,55,18,[9 3],56,100,118,44,100
1,<environment.Job instance at 0x7fda56dbb230>,56,14,[5 5],57,116,130,59,116
1,<environment.Job instance at 0x7fda60522cd0>,17,17,[ 2 10],18,119,136,101,119
1,<environment.Job instance at 0x7fda57376320>,1,17,[7 5],2,8,25,6,8
1,<environment.Job instance at 0x7fda56be5280>,8,14,[5 5],9,9,23,0,9
1,<environment.Job instance at 0x7fda56be5460>,9,14,[10  5],10,25,39,15,13
1,<environment.Job instance at 0x7fda56be5730>,16,21,[ 3 10],17,23,44,6,19
1,<environment.Job instance at 0x7fda56be5a50>,19,13,[ 1 10],20,44,57,24,28
1,<environment.Job instance at 0x7fda56be5c80>,23,18,[11  3],24,39,57,15,28
1,<environment.Job instance at 0x7fda56be5dc0>,26,12,[ 2 12],27,57,69,30,41
1,<environment.Job instance at 0x7fda56bc4820>,39,12,[3 9],40,69,81,29,52
1,<environment.Job instance at 0x7fda56be5e60>,27,21,[5 2],28,67,88,39,67
1,<environment.Job instance at 0x7fda56bc4370>,32,16,[ 2 13],33,81,97,48,68
1,<environment.Job instance at 0x7fda56bc4a50>,41,19,[5 1],42,88,107,46,78
1,<environment.Job instance at 0x7fda56bc42d0>,30,13,[14  4],31,107,120,76,91
1,<environment.Job instance at 0x7fda56bc44b0>,34,21,[1 9],35,97,118,62,95
1,<environment.Job instance at 0x7fda56bc47d0>,43,13,[12  1],44,120,133,76,105
1,<environment.Job instance at 0x7fda56bc4c30>,45,14,[1 5],46,118,132,72,111
1,<environment.Job instance at 0x7fda56d49b40>,1,17,[7 5],2,2,19,0,2
1,<environment.Job instance at 0x7fda57b9dc80>,4,19,[5 3],5,5,24,0,5
1,<environment.Job instance at 0x7fda57b9d320>,8,14,[5 5],9,19,33,10,19
1,<environment.Job instance at 0x7fda57b9d690>,15,19,[5 4],16,19,38,3,19
1,<environment.Job instance at 0x7fda56d49b90>,9,14,[10  5],10,33,47,23,33
1,<environment.Job instance at 0x7fda57b9dcd0>,19,13,[ 1 10],20,38,51,18,38
1,<environment.Job instance at 0x7fda57b9d410>,17,14,[7 1],18,47,61,29,47
1,<environment.Job instance at 0x7fda57b9d0f0>,10,21,[6 3],11,47,68,36,47
1,<environment.Job instance at 0x7fda57236f00>,25,13,[9 3],26,61,74,35,61
1,<environment.Job instance at 0x7fda57236910>,31,16,[3 8],32,68,84,36,68
1,<environment.Job instance at 0x7fda57236640>,28,16,[8 1],29,74,90,45,74
1,<environment.Job instance at 0x7fda57236550>,35,17,[3 5],36,74,91,38,74
1,<environment.Job instance at 0x7fda572363c0>,39,12,[3 9],40,84,96,44,84
1,<environment.Job instance at 0x7fda57b9daa0>,11,20,[6 5],12,91,111,79,91
1,<environment.Job instance at 0x7fda56d67690>,45,14,[1 5],46,96,110,50,96
1,<environment.Job instance at 0x7fda56d67820>,46,17,[1 9],47,110,127,63,110
1,<environment.Job instance at 0x7fda56d67a50>,48,13,[10  1],49,111,124,62,111
1,<environment.Job instance at 0x7fda56a64af0>,0,23,[6 2],1,1,24,0,1
1,<environment.Job instance at 0x7fda573ec640>,12,12,[10  3],13,24,36,11,13
1,<environment.Job instance at 0x7fda573ec5f0>,13,16,[5 7],14,14,30,0,14
1,<environment.Job instance at 0x7fda573ec730>,10,13,[12  3],11,36,49,25,20
1,<environment.Job instance at 0x7fda573ec690>,8,18,[1 8],9,30,48,21,25
1,<environment.Job instance at 0x7fda573ec910>,11,12,[ 5 11],12,49,61,37,32
1,<environment.Job instance at 0x7fda573eca50>,14,13,[ 3 14],15,61,74,46,47
1,<environment.Job instance at 0x7fda573ec230>,18,14,[ 4 10],19,74,88,55,59
1,<environment.Job instance at 0x7fda573ecb90>,17,18,[10  4],18,74,92,56,71
1,<environment.Job instance at 0x7fda573ec9b0>,16,15,[1 9],17,88,103,71,74
1,<environment.Job instance at 0x7fda573ec960>,21,20,[5 3],22,92,112,70,83
1,<environment.Job instance at 0x7fda56d49aa0>,9,13,[ 3 13],10,112,125,102,96
1,<environment.Job instance at 0x7fda604eeb90>,23,13,[6 5],24,125,138,101,109
1,<environment.Job instance at 0x7fda604ee870>,24,16,[10  2],25,109,125,84,109
1,<environment.Job instance at 0x7fda573eccd0>,15,23,[4 8],16,125,148,109,119
1,<environment.Job instance at 0x7fda56b46e60>,1,18,[7 2],2,2,20,0,2
1,<environment.Job instance at 0x7fda573918c0>,8,18,[1 8],9,9,27,0,9
1,<environment.Job instance at 0x7fda56de3eb0>,12,12,[10  3],13,20,32,7,20
1,<environment.Job instance at 0x7fda5763ad70>,18,14,[ 4 10],19,27,41,8,27
1,<environment.Job instance at 0x7fda56db5370>,23,13,[6 5],24,32,45,8,32
1,<environment.Job instance at 0x7fda60522cd0>,16,15,[1 9],17,41,56,24,41
1,<environment.Job instance at 0x7fda56db5190>,24,16,[10  2],25,45,61,20,45
1,<environment.Job instance at 0x7fda5746dc30>,13,16,[5 7],14,56,72,42,56
1,<environment.Job instance at 0x7fda56dbb460>,35,13,[8 2],36,61,74,25,61
1,<environment.Job instance at 0x7fda572363c0>,53,16,[2 5],54,61,77,7,61
1,<environment.Job instance at 0x7fda57236550>,56,16,[2 6],57,72,88,15,72
1,<environment.Job instance at 0x7fda572368c0>,54,17,[9 4],55,74,91,19,74
1,<environment.Job instance at 0x7fda573a4140>,25,16,[ 2 10],26,88,104,62,88
1,<environment.Job instance at 0x7fda57236500>,60,12,[5 5],61,91,103,30,91
1,<environment.Job instance at 0x7fda56a962d0>,17,18,[10  4],18,103,121,85,103
1,<environment.Job instance at 0x7fda57236640>,64,12,[4 7],65,104,116,39,104
1,<environment.Job instance at 0x7fda57236fa0>,69,14,[ 4 10],70,116,130,46,116
1,<environment.Job instance at 0x7fda5752e6e0>,0,14,[4 9],1,1,15,0,1
1,<environment.Job instance at 0x7fda56588410>,7,12,[5 4],8,8,20,0,8
1,<environment.Job instance at 0x7fda57d3f2d0>,9,12,[2 5],10,15,27,5,10
1,<environment.Job instance at 0x7fda568a5550>,12,16,[4 5],13,15,31,2,15
1,<environment.Job instance at 0x7fda570aad70>,4,13,[ 2 12],5,31,44,26,16
1,<environment.Job instance at 0x7fda57983be0>,14,21,[14  4],15,44,65,29,36
1,<environment.Job instance at 0x7fda56a6a9b0>,17,15,[ 3 13],18,65,80,47,51
1,<environment.Job instance at 0x7fda57e6fd70>,15,23,[2 6],16,80,103,64,75
1,<environment.Job instance at 0x7fda5761be60>,19,13,[ 2 13],20,103,116,83,87
1,<environment.Job instance at 0x7fda578a2af0>,20,14,[2 5],21,87,101,66,87
1,<environment.Job instance at 0x7fda56a6a870>,18,24,[ 5 11],19,116,140,97,111
1,<environment.Job instance at 0x7fda56a63050>,0,14,[4 9],1,1,15,0,1
1,<environment.Job instance at 0x7fda56bb0eb0>,3,21,[8 2],4,4,25,0,4
1,<environment.Job instance at 0x7fda56857d70>,7,12,[5 4],8,15,27,7,15
1,<environment.Job instance at 0x7fda56857dc0>,9,12,[2 5],10,15,27,5,15
1,<environment.Job instance at 0x7fda57b9d190>,20,14,[2 5],21,25,39,4,25
1,<environment.Job instance at 0x7fda57b9de60>,23,13,[5 2],24,27,40,3,27
1,<environment.Job instance at 0x7fda568573c0>,12,16,[4 5],13,27,43,14,27
1,<environment.Job instance at 0x7fda57236500>,34,15,[5 1],35,39,54,4,39
1,<environment.Job instance at 0x7fda57236eb0>,29,16,[5 7],30,40,56,10,40
1,<environment.Job instance at 0x7fda57236910>,39,15,[4 7],40,43,58,3,43
1,<environment.Job instance at 0x7fda57b9d550>,30,14,[8 1],31,56,70,25,56
1,<environment.Job instance at 0x7fda57ea74b0>,43,15,[5 5],44,58,73,14,58
1,<environment.Job instance at 0x7fda57236a50>,47,12,[4 7],48,70,82,22,70
1,<environment.Job instance at 0x7fda57236960>,46,12,[9 4],47,73,85,26,73
1,<environment.Job instance at 0x7fda56857410>,11,16,[3 8],12,82,98,70,82
1,<environment.Job instance at 0x7fda57236140>,36,16,[10  5],37,85,101,48,85
1,<environment.Job instance at 0x7fda57146aa0>,72,15,[4 8],73,98,113,25,98
1,<environment.Job instance at 0x7fda57146e10>,73,17,[5 6],74,101,118,27,101
1,<environment.Job instance at 0x7fda56ded1e0>,82,14,[9 2],83,113,127,30,113
1,<environment.Job instance at 0x7fda573d5280>,49,18,[4 8],50,118,136,68,118
1,<environment.Job instance at 0x7fda579745f0>,7,12,[6 3],8,8,20,0,8
1,<environment.Job instance at 0x7fda57974320>,10,13,[6 1],11,11,24,0,11
1,<environment.Job instance at 0x7fda569b6690>,9,16,[ 3 13],10,20,36,10,14
1,<environment.Job instance at 0x7fda56a63be0>,2,15,[ 1 13],3,36,51,33,22
1,<environment.Job instance at 0x7fda57d0f550>,13,12,[7 4],14,51,63,37,34
1,<environment.Job instance at 0x7fda60880690>,18,12,[ 5 13],19,63,75,44,46
1,<environment.Job instance at 0x7fda60880410>,20,21,[1 9],21,75,96,54,67
1,<environment.Job instance at 0x7fda57d73dc0>,15,22,[6 5],16,76,98,60,76
1,<environment.Job instance at 0x7fda577a1d70>,16,12,[2 9],17,96,108,79,84
1,<environment.Job instance at 0x7fda5794bbe0>,23,23,[ 4 14],24,108,131,84,103
1,<environment.Job instance at 0x7fda56a1e780>,0,19,[ 5 10],1,1,20,0,1
1,<environment.Job instance at 0x7fda56d599b0>,4,14,[5 4],5,5,19,0,5
1,<environment.Job instance at 0x7fda56d59230>,7,12,[6 3],8,19,31,11,19
1,<environment.Job instance at 0x7fda57292b90>,16,12,[2 9],17,20,32,3,20
1,<environment.Job instance at 0x7fda56d59690>,10,13,[6 1],11,20,33,9,20
1,<environment.Job instance at 0x7fda56d590f0>,13,12,[7 4],14,31,43,17,31
1,<environment.Job instance at 0x7fda572928c0>,19,18,[1 7],20,32,50,12,32
1,<environment.Job instance at 0x7fda57146870>,39,12,[10  1],40,45,57,5,45
1,<environment.Job instance at 0x7fda56a1ee60>,1,16,[ 3 10],2,50,66,48,50
1,<environment.Job instance at 0x7fda56ded820>,30,22,[7 5],31,57,79,26,57
1,<environment.Job instance at 0x7fda571465a0>,45,12,[3 8],46,68,80,22,68
1,<environment.Job instance at 0x7fda567c5320>,51,12,[3 7],52,79,91,27,79
1,<environment.Job instance at 0x7fda56dc2140>,49,19,[2 5],50,81,100,31,81
1,<environment.Job instance at 0x7fda573d5280>,54,20,[8 2],55,81,101,26,81
1,<environment.Job instance at 0x7fda56ded780>,29,20,[5 8],30,91,111,61,91
1,<environment.Job instance at 0x7fda565886e0>,59,15,[9 5],60,101,116,41,101
1,<environment.Job instance at 0x7fda56d590a0>,5,16,[5 9],6,112,128,106,112
1,<environment.Job instance at 0x7fda57236960>,65,22,[2 6],66,116,138,50,116
1,<environment.Job instance at 0x7efd63368730>,1,15,[5 2],2,2,17,0,2
1,<environment.Job instance at 0x7efd59d1ec80>,5,18,[7 5],6,6,24,0,6
1,<environment.Job instance at 0x7efd59d1eeb0>,7,12,[7 2],8,17,29,9,8
1,<environment.Job instance at 0x7efd59d220a0>,10,14,[ 1 14],11,29,43,18,14
1,<environment.Job instance at 0x7efd59d1ec30>,3,15,[13  4],4,43,58,39,40
1,<environment.Job instance at 0x7efd59d678c0>,1,15,[5 2],2,2,17,0,2
1,<environment.Job instance at 0x7efd59fd1cd0>,5,18,[7 5],6,6,24,0,6
1,<environment.Job instance at 0x7efd59d16aa0>,7,12,[7 2],8,17,29,9,17
1,<environment.Job instance at 0x7efd59d16c30>,9,17,[8 1],10,24,41,14,24
1,<environment.Job instance at 0x7efd59ec0820>,18,18,[3 6],19,29,47,10,29
1,<environment.Job instance at 0x7efd59d16410>,12,22,[4 6],13,29,51,16,29
1,<environment.Job instance at 0x7efd59f3d320>,30,15,[8 2],31,41,56,10,41
1,<environment.Job instance at 0x7efd59dc3dc0>,31,13,[4 5],32,51,64,19,51
1,<environment.Job instance at 0x7efd59de0c30>,39,13,[5 4],40,56,69,16,56
1,<environment.Job instance at 0x7efd59d166e0>,11,14,[10  4],12,64,78,52,64
1,<environment.Job instance at 0x7efd59de0cd0>,44,14,[8 4],45,78,92,33,78
1,<environment.Job instance at 0x7efd59de05f0>,43,14,[6 1],44,78,92,34,78
1,<environment.Job instance at 0x7efd59ea54b0>,33,16,[9 3],34,93,109,59,93
1,<environment.Job instance at 0x7efd59ec65f0>,55,15,[6 2],56,93,108,37,93
1,<environment.Job instance at 0x7efd59de07d0>,47,16,[6 2],48,108,124,60,108
1,<environment.Job instance at 0x7efd59e43320>,23,18,[7 4],24,110,128,86,110
1,<environment.Job instance at 0x7efd59e2d280>,61,14,[ 2 10],62,124,138,62,124
1,<environment.Job instance at 0x7efd59e38960>,56,13,[10  1],57,128,141,71,128
1,<environment.Job instance at 0x7efd5946cc30>,4,22,[2 9],5,5,27,0,5
1,<environment.Job instance at 0x7efd5946cd70>,5,16,[5 2],6,6,22,0,6
1,<environment.Job instance at 0x7efd5946bf00>,11,17,[ 2 11],12,27,44,15,16
1,<environment.Job instance at 0x7efd59463320>,13,14,[11  1],14,44,58,30,44
1,<environment.Job instance at 0x7efd594630a0>,10,21,[ 3 12],11,44,65,33,44
1,<environment.Job instance at 0x7efd59698fa0>,25,13,[2 6],26,65,78,39,49
1,<environment.Job instance at 0x7efd595cbd70>,31,12,[12  4],32,65,77,33,49
1,<environment.Job instance at 0x7efd595cbbe0>,30,15,[8 3],31,77,92,46,68
1,<environment.Job instance at 0x7efd595cb230>,33,14,[12  3],34,92,106,58,77
1,<environment.Job instance at 0x7efd595cb050>,28,25,[4 6],29,109,134,80,109
1,<environment.Job instance at 0x7efd595d9fa0>,26,16,[ 1 11],27,134,150,107,126
1,<environment.Job instance at 0x7efd595446e0>,0,21,[4 6],1,1,22,0,1
1,<environment.Job instance at 0x7efd59544960>,4,22,[2 9],5,5,27,0,5
1,<environment.Job instance at 0x7efd594d2910>,20,15,[6 2],21,22,37,1,22
1,<environment.Job instance at 0x7efd594d2050>,21,15,[6 2],22,22,37,0,22
1,<environment.Job instance at 0x7efd594d60a0>,25,13,[2 6],26,27,40,1,27
1,<environment.Job instance at 0x7efd594e1460>,30,15,[8 3],31,37,52,6,37
1,<environment.Job instance at 0x7efd59642230>,5,16,[5 2],6,37,53,31,37
1,<environment.Job instance at 0x7efd5963d870>,38,22,[ 2 10],39,40,62,1,40
1,<environment.Job instance at 0x7efd594d6c30>,27,16,[6 2],28,52,68,24,52
1,<environment.Job instance at 0x7efd594e5c30>,43,16,[7 1],44,53,69,9,53
1,<environment.Job instance at 0x7efd594ec730>,37,13,[4 5],38,68,81,30,68
1,<environment.Job instance at 0x7efd594f0d70>,51,13,[ 4 10],52,69,82,17,69
1,<environment.Job instance at 0x7efd59546f00>,12,18,[10  5],13,81,99,68,81
1,<environment.Job instance at 0x7efd595e6820>,52,14,[4 7],53,82,96,29,82
1,<environment.Job instance at 0x7efd594e5cd0>,41,18,[ 4 10],42,96,114,54,96
1,<environment.Job instance at 0x7efd59542370>,78,17,[10  2],79,99,116,20,99
1,<environment.Job instance at 0x7efd59496c80>,84,17,[2 9],85,114,131,29,114
1,<environment.Job instance at 0x7efd59492960>,86,17,[10  4],87,116,133,29,116
1,<environment.Job instance at 0x7efd59335550>,0,12,[6 2],1,1,13,0,1
1,<environment.Job instance at 0x7efd593b6230>,4,12,[1 8],5,5,17,0,5
1,<environment.Job instance at 0x7efd593b60f0>,8,13,[3 5],9,9,22,0,9
1,<environment.Job instance at 0x7efd593b63c0>,11,22,[6 1],12,13,35,1,12
1,<environment.Job instance at 0x7efd595d99b0>,6,19,[ 3 14],7,22,41,15,16
1,<environment.Job instance at 0x7efd593b6320>,13,21,[5 1],14,35,56,21,28
1,<environment.Job instance at 0x7efd593b6e60>,15,20,[5 5],16,41,61,25,32
1,<environment.Job instance at 0x7efd593b6500>,12,14,[3 5],13,41,55,28,32
1,<environment.Job instance at 0x7efd593b6c30>,17,20,[3 7],18,66,86,48,66
1,<environment.Job instance at 0x7efd593b6550>,20,22,[12  1],21,67,89,46,67
1,<environment.Job instance at 0x7efd593b6cd0>,21,12,[ 2 14],22,121,133,99,121
1,<environment.Job instance at 0x7efd593b6eb0>,22,13,[14  5],23,133,146,110,125
1,<environment.Job instance at 0x7efd592ce690>,0,12,[6 2],1,1,13,0,1
1,<environment.Job instance at 0x7efd59335d70>,4,12,[1 8],5,5,17,0,5
1,<environment.Job instance at 0x7efd634dd050>,8,13,[3 5],9,9,22,0,9
1,<environment.Job instance at 0x7efd634dd5f0>,11,22,[6 1],12,13,35,1,13
1,<environment.Job instance at 0x7efd59342870>,13,21,[5 1],14,14,35,0,14
1,<environment.Job instance at 0x7efd634dd2d0>,12,14,[3 5],13,22,36,9,22
1,<environment.Job instance at 0x7efd59342140>,32,12,[2 7],33,35,47,2,35
1,<environment.Job instance at 0x7efd59342410>,29,16,[7 2],30,35,51,5,35
1,<environment.Job instance at 0x7efd59396500>,46,14,[5 3],47,47,61,0,47
1,<environment.Job instance at 0x7efd59396c30>,47,14,[8 5],48,52,66,4,52
1,<environment.Job instance at 0x7efd593969b0>,41,15,[4 8],42,61,76,19,61
1,<environment.Job instance at 0x7efd634e3410>,36,18,[7 1],37,66,84,29,66
1,<environment.Job instance at 0x7efd59396c80>,60,14,[7 2],61,77,91,16,77
1,<environment.Job instance at 0x7efd59319690>,64,16,[8 3],65,84,100,19,84
1,<environment.Job instance at 0x7efd59396780>,59,18,[ 3 10],60,91,109,31,91
1,<environment.Job instance at 0x7efd59319230>,61,19,[8 2],62,101,120,39,101
1,<environment.Job instance at 0x7efd59319e60>,72,13,[ 4 10],73,110,123,37,110
1,<environment.Job instance at 0x7efd593194b0>,66,22,[9 4],67,120,142,53,120
1,<environment.Job instance at 0x7efd63390a50>,75,13,[2 5],76,123,136,47,123
1,<environment.Job instance at 0x7efd59e68fa0>,6,12,[5 4],7,7,19,0,7
1,<environment.Job instance at 0x7efd5a1e4410>,10,17,[2 6],11,15,32,4,15
1,<environment.Job instance at 0x7efd5a1e43c0>,13,12,[ 1 10],14,32,44,18,17
1,<environment.Job instance at 0x7efd5a1e4500>,15,14,[9 5],16,29,43,13,29
1,<environment.Job instance at 0x7efd5a1e42d0>,14,17,[ 4 13],15,44,61,29,32
1,<environment.Job instance at 0x7efd5a1e4fa0>,20,16,[ 1 10],21,61,77,40,48
1,<environment.Job instance at 0x7efd5a1e4f50>,24,13,[14  1],25,61,74,36,51
1,<environment.Job instance at 0x7efd5a1e4c30>,21,13,[ 2 13],22,77,90,55,62
1,<environment.Job instance at 0x7efd5a1e4690>,25,16,[ 3 11],26,90,106,64,79
1,<environment.Job instance at 0x7efd5a1e4280>,28,14,[11  1],29,79,93,50,79
1,<environment.Job instance at 0x7efd5a1e4140>,27,14,[12  4],28,93,107,65,87
1,<environment.Job instance at 0x7efd5a1e4820>,18,17,[2 8],19,106,123,87,95
1,<environment.Job instance at 0x7efd5a1e48c0>,31,21,[13  4],32,107,128,75,100
1,<environment.Job instance at 0x7efd5a232410>,34,20,[2 8],35,123,143,88,119
1,<environment.Job instance at 0x7efd634e23c0>,48,13,[7 1],49,128,141,79,119
1,<environment.Job instance at 0x7efd634e2cd0>,49,16,[2 6],50,128,144,78,119
1,<environment.Job instance at 0x7efd592dba00>,1,16,[4 8],2,2,18,0,2
1,<environment.Job instance at 0x7efd592db9b0>,2,12,[9 1],3,3,15,0,3
1,<environment.Job instance at 0x7efd592dbf00>,10,17,[2 6],11,11,28,0,11
1,<environment.Job instance at 0x7efd592db5f0>,6,12,[5 4],7,18,30,11,18
1,<environment.Job instance at 0x7efd593193c0>,13,12,[ 1 10],14,28,40,14,28
1,<environment.Job instance at 0x7efd59319280>,15,14,[9 5],16,30,44,14,30
1,<environment.Job instance at 0x7efd59319320>,20,16,[ 1 10],21,40,56,19,40
1,<environment.Job instance at 0x7efd592db2d0>,4,22,[7 4],5,44,66,39,44
1,<environment.Job instance at 0x7efd717291e0>,44,15,[6 4],45,56,71,11,56
1,<environment.Job instance at 0x7efd634dd5f0>,48,13,[7 1],49,66,79,17,66
1,<environment.Job instance at 0x7efd634dd410>,49,16,[2 6],50,66,82,16,66
1,<environment.Job instance at 0x7efd59319230>,18,17,[2 8],19,71,88,52,71
1,<environment.Job instance at 0x7efd5a28f0f0>,58,17,[9 1],59,79,96,20,79
1,<environment.Job instance at 0x7efd59e68730>,64,12,[3 5],65,82,94,17,82
1,<environment.Job instance at 0x7efd5a1651e0>,61,16,[1 8],62,88,104,26,88
1,<environment.Job instance at 0x7efd5953ff00>,75,14,[3 6],76,96,110,20,96
1,<environment.Job instance at 0x7efd5953f0a0>,78,13,[1 9],79,104,117,25,104
1,<environment.Job instance at 0x7efd598a55a0>,79,16,[2 5],80,110,126,30,110
1,<environment.Job instance at 0x7efd59e68690>,65,14,[5 8],66,117,131,51,117
1,<environment.Job instance at 0x7efd59b49320>,10,12,[8 1],11,11,23,0,11
1,<environment.Job instance at 0x7efd59b495a0>,11,18,[9 4],12,23,41,11,14
1,<environment.Job instance at 0x7efd592db1e0>,2,24,[2 5],3,18,42,15,18
1,<environment.Job instance at 0x7efd59b49f00>,13,15,[ 3 12],14,42,57,28,37
1,<environment.Job instance at 0x7efd59b23dc0>,19,12,[5 5],20,57,69,37,47
1,<environment.Job instance at 0x7efd59b16b90>,20,15,[ 5 14],21,69,84,48,56
1,<environment.Job instance at 0x7efd5a849730>,28,12,[ 1 13],29,84,96,55,75
1,<environment.Job instance at 0x7efd5a8490f0>,29,15,[2 6],30,96,111,66,82
1,<environment.Job instance at 0x7efd59b2cd70>,25,15,[7 2],26,96,111,70,96
1,<environment.Job instance at 0x7efd59b2c050>,24,13,[ 5 10],25,111,124,86,101
1,<environment.Job instance at 0x7efd5981c0f0>,1,17,[10  4],2,2,19,0,2
1,<environment.Job instance at 0x7efd59815be0>,6,15,[5 7],7,7,22,0,7
1,<environment.Job instance at 0x7efd59815f00>,10,12,[8 1],11,19,31,8,19
1,<environment.Job instance at 0x7efd59815320>,19,12,[5 5],20,22,34,2,22
1,<environment.Job instance at 0x7efd598158c0>,16,13,[10  5],17,31,44,14,31
1,<environment.Job instance at 0x7efd59dfbb90>,24,13,[ 5 10],25,34,47,9,34
1,<environment.Job instance at 0x7efd59dfbf50>,25,15,[7 2],26,44,59,18,44
1,<environment.Job instance at 0x7efd598a5460>,37,14,[ 3 10],38,47,61,9,47
1,<environment.Job instance at 0x7efd59815e60>,3,16,[8 4],4,59,75,55,59
1,<environment.Job instance at 0x7efd598a55a0>,39,13,[6 2],40,61,74,21,61
1,<environment.Job instance at 0x7efd5953faf0>,48,12,[6 1],49,74,86,25,74
1,<environment.Job instance at 0x7efd59e68f00>,52,14,[9 5],53,75,89,22,75
1,<environment.Job instance at 0x7efd59ca2280>,29,15,[2 6],30,86,101,56,86
1,<environment.Job instance at 0x7efd5a232050>,60,12,[8 2],61,89,101,28,89
1,<environment.Job instance at 0x7efd634dd410>,64,16,[5 5],65,89,105,24,89
1,<environment.Job instance at 0x7efd5953f500>,47,14,[7 5],48,102,116,54,102
1,<environment.Job instance at 0x7efd634dd2d0>,68,18,[1 5],69,102,120,33,102
1,<environment.Job instance at 0x7efd63408fa0>,71,17,[7 4],72,106,123,34,106
1,<environment.Job instance at 0x7efd634e3410>,70,22,[7 1],71,116,138,45,116
1,<environment.Job instance at 0x7efd59396550>,73,12,[4 8],74,123,135,49,123
1,<environment.Job instance at 0x7efd596e29b0>,9,14,[6 5],10,10,24,0,10
1,<environment.Job instance at 0x7efd597aa690>,10,13,[5 8],11,11,24,0,11
1,<environment.Job instance at 0x7efd597aa820>,13,16,[ 5 14],14,42,58,28,42
1,<environment.Job instance at 0x7efd597aad70>,16,25,[13  1],17,59,84,42,59
1,<environment.Job instance at 0x7efd59319140>,0,21,[5 4],1,1,22,0,1
1,<environment.Job instance at 0x7efd593197d0>,1,15,[10  1],2,2,17,0,2
1,<environment.Job instance at 0x7efd593194b0>,10,13,[5 8],11,17,30,6,17
1,<environment.Job instance at 0x7efd634ddaf0>,17,13,[7 5],18,22,35,4,22
1,<environment.Job instance at 0x7efd5a1c64b0>,18,13,[1 8],19,30,43,11,30
1,<environment.Job instance at 0x7efd5953f910>,27,13,[10  4],28,35,48,7,35
1,<environment.Job instance at 0x7efd59815cd0>,37,12,[5 1],38,43,55,5,43
1,<environment.Job instance at 0x7efd5953fa00>,31,13,[ 4 10],32,48,61,16,48
1,<environment.Job instance at 0x7efd717291e0>,9,14,[6 5],10,55,69,45,55
1,<environment.Job instance at 0x7efd59ba99b0>,58,12,[1 7],59,61,73,2,61
1,<environment.Job instance at 0x7efd5953fc30>,30,15,[10  4],31,69,84,38,69
1,<environment.Job instance at 0x7efd59815960>,32,17,[3 9],33,73,90,40,73
1,<environment.Job instance at 0x7efd59ba93c0>,68,17,[9 4],69,84,101,15,84
1,<environment.Job instance at 0x7efd59ba9e60>,67,18,[6 5],68,90,108,22,90
1,<environment.Job instance at 0x7efd59420320>,72,15,[6 2],73,101,116,28,101
1,<environment.Job instance at 0x7efd59790aa0>,90,14,[1 7],91,108,122,17,108
1,<environment.Job instance at 0x7efd59790690>,92,14,[6 2],93,108,122,15,108
1,<environment.Job instance at 0x7efd59790910>,95,14,[1 6],96,116,130,20,116
1,<environment.Job instance at 0x7efd59790e10>,96,15,[5 7],97,122,137,25,122
1,<environment.Job instance at 0x7efd59790320>,100,18,[5 2],101,122,140,21,122
1,<environment.Job instance at 0x7efd5a0af640>,8,14,[14  2],9,113,127,104,113
1,<environment.Job instance at 0x7efd597905a0>,7,18,[9 1],8,8,26,0,8
1,<environment.Job instance at 0x7efd59790dc0>,12,19,[5 3],13,13,32,0,13
1,<environment.Job instance at 0x7efd59790370>,18,13,[5 3],19,26,39,7,26
1,<environment.Job instance at 0x7efd59420280>,25,14,[4 7],26,26,40,0,26
1,<environment.Job instance at 0x7efd59790eb0>,14,21,[6 4],15,32,53,17,32
1,<environment.Job instance at 0x7efd597900a0>,17,14,[8 2],18,40,54,22,40
1,<environment.Job instance at 0x7efd59420960>,28,14,[ 2 10],29,53,67,24,53
1,<environment.Job instance at 0x7efd59420550>,26,16,[9 4],27,54,70,27,54
1,<environment.Job instance at 0x7efd59420230>,30,16,[ 3 10],31,67,83,36,67
1,<environment.Job instance at 0x7efd59420c30>,32,16,[5 5],33,70,86,37,70
1,<environment.Job instance at 0x7efd5953f190>,44,13,[5 5],45,83,96,38,83
1,<environment.Job instance at 0x7efd594205f0>,36,18,[1 5],37,83,101,46,83
1,<environment.Job instance at 0x7efd5953f3c0>,46,16,[8 3],47,86,102,39,86
1,<environment.Job instance at 0x7efd717291e0>,53,18,[5 5],54,96,114,42,96
1,<environment.Job instance at 0x7efd594150f0>,63,12,[7 1],64,102,114,38,102
1,<environment.Job instance at 0x7efd634e31e0>,57,14,[5 1],58,114,128,56,114
1,<environment.Job instance at 0x7efd59415cd0>,62,14,[9 1],63,114,128,51,114
1,<environment.Job instance at 0x7efd593193c0>,67,15,[6 2],68,128,143,60,128
1,<environment.Job instance at 0x7efd5a37a820>,71,17,[3 5],72,128,145,56,128
1,<environment.Job instance at 0x7efd5a277280>,73,14,[6 1],74,128,142,54,128
1,<environment.Job instance at 0x7efd59b615a0>,8,14,[5 7],9,9,23,0,9
1,<environment.Job instance at 0x7efd59b61780>,7,21,[4 6],8,16,37,8,16
1,<environment.Job instance at 0x7efd59b61140>,13,25,[2 7],14,23,48,9,20
1,<environment.Job instance at 0x7efd59b61fa0>,15,12,[ 3 11],16,48,60,32,33
1,<environment.Job instance at 0x7efd59b61c80>,12,21,[ 4 11],13,60,81,47,54
1,<environment.Job instance at 0x7efd59ae09b0>,0,18,[10  5],1,1,19,0,1
1,<environment.Job instance at 0x7efd5a90f910>,3,19,[ 4 10],4,4,23,0,4
1,<environment.Job instance at 0x7efd59f67a50>,6,15,[9 4],7,19,34,12,19
1,<environment.Job instance at 0x7efd59420cd0>,21,12,[6 1],22,23,35,1,23
1,<environment.Job instance at 0x7efd634e3230>,8,14,[5 7],9,34,48,25,34
1,<environment.Job instance at 0x7efd594202d0>,19,15,[2 8],20,35,50,15,35
1,<environment.Job instance at 0x7efd594201e0>,26,16,[1 7],27,48,64,21,48
1,<environment.Job instance at 0x7efd59420690>,17,16,[4 8],18,50,66,32,50
1,<environment.Job instance at 0x7efd59790550>,33,13,[8 2],34,64,77,30,64
1,<environment.Job instance at 0x7efd59790640>,39,13,[1 8],40,66,79,26,66
1,<environment.Job instance at 0x7efd597900a0>,32,16,[9 4],33,77,93,44,77
1,<environment.Job instance at 0x7efd594207d0>,29,13,[ 1 10],30,79,92,49,79
1,<environment.Job instance at 0x7efd597901e0>,47,18,[2 7],48,92,110,44,92
1,<environment.Job instance at 0x7efd597c2e10>,52,15,[4 8],53,93,108,40,93
1,<environment.Job instance at 0x7efd59420320>,24,16,[10  5],25,108,124,83,108
1,<environment.Job instance at 0x7efd5a9375a0>,51,14,[ 4 10],52,110,124,58,110
1,<environment.Job instance at 0x7efd59a637d0>,57,17,[ 1 10],58,126,143,68,126
1,<environment.Job instance at 0x7efd5a875640>,4,18,[10  1],5,126,144,121,126
1,<environment.Job instance at 0x7efd5917fc30>,8,17,[2 5],9,9,26,0,9
1,<environment.Job instance at 0x7efd5917fe60>,9,17,[3 6],10,10,27,0,10
1,<environment.Job instance at 0x7efd592025f0>,5,12,[ 1 10],6,27,39,21,14
1,<environment.Job instance at 0x7efd5917f5f0>,10,13,[12  4],11,26,39,15,14
1,<environment.Job instance at 0x7efd5917f6e0>,14,12,[6 3],15,39,51,24,22
1,<environment.Job instance at 0x7efd59202dc0>,1,17,[1 9],2,39,56,37,30
1,<environment.Job instance at 0x7efd5917ffa0>,16,18,[11  3],17,51,69,34,43
1,<environment.Job instance at 0x7efd5917fe10>,17,12,[4 6],18,56,68,38,43
1,<environment.Job instance at 0x7efd5917f780>,18,13,[2 6],19,68,81,49,52
1,<environment.Job instance at 0x7efd5917fd20>,19,13,[10  4],20,69,82,49,53
1,<environment.Job instance at 0x7efd5917fa50>,12,16,[ 5 14],13,82,98,69,69
1,<environment.Job instance at 0x7efd5917ff00>,20,15,[14  4],21,98,113,77,86
1,<environment.Job instance at 0x7efd5917f640>,22,15,[ 5 12],23,113,128,90,108
1,<environment.Job instance at 0x7efd59202e60>,11,17,[ 5 13],12,128,145,116,123
1,<environment.Job instance at 0x7efd5a819780>,0,12,[10  1],1,1,13,0,1
1,<environment.Job instance at 0x7efd5a8195f0>,1,17,[1 9],2,2,19,0,2
1,<environment.Job instance at 0x7efd5a819a50>,8,17,[2 5],9,9,26,0,9
1,<environment.Job instance at 0x7efd5a819e60>,5,12,[ 1 10],6,19,31,13,19
1,<environment.Job instance at 0x7efd595eef00>,14,12,[6 3],15,26,38,11,26
1,<environment.Job instance at 0x7efd595ee820>,17,12,[4 6],18,31,43,13,31
1,<environment.Job instance at 0x7efd595ee7d0>,18,13,[2 6],19,31,44,12,31
1,<environment.Job instance at 0x7efd595ee2d0>,19,13,[10  4],20,43,56,23,43
1,<environment.Job instance at 0x7efd5a79aa00>,43,13,[1 7],44,44,57,0,44
1,<environment.Job instance at 0x7efd5a796280>,44,13,[3 5],45,56,69,11,56
1,<environment.Job instance at 0x7efd59a63320>,27,13,[3 9],28,57,70,29,57
1,<environment.Job instance at 0x7efd5a796af0>,49,12,[7 4],50,69,81,19,69
1,<environment.Job instance at 0x7efd59bd39b0>,51,14,[8 1],52,70,84,18,70
1,<environment.Job instance at 0x7efd59a639b0>,41,15,[2 7],42,81,96,39,81
1,<environment.Job instance at 0x7efd595ee370>,9,17,[3 6],10,81,98,71,81
1,<environment.Job instance at 0x7efd59c0b5f0>,59,12,[8 1],60,84,96,24,84
1,<environment.Job instance at 0x7efd59c0b3c0>,60,14,[10  2],61,96,110,35,96
1,<environment.Job instance at 0x7efd59c09c80>,63,14,[4 9],64,98,112,34,98
1,<environment.Job instance at 0x7efd59bd24b0>,69,15,[5 5],70,110,125,40,110
1,<environment.Job instance at 0x7efd59bd2b40>,71,12,[ 1 10],72,113,125,41,113
1,<environment.Job instance at 0x7efd5a79a9b0>,45,16,[3 9],46,125,141,79,125
1,<environment.Job instance at 0x7efd59bf3230>,76,16,[5 6],77,125,141,48,125
1,<environment.Job instance at 0x7efd5a17f690>,3,18,[7 4],4,4,22,0,4
1,<environment.Job instance at 0x7efd5a8ab230>,4,14,[ 2 10],5,5,19,0,5
1,<environment.Job instance at 0x7efd5931d870>,15,15,[ 1 10],16,19,34,3,19
1,<environment.Job instance at 0x7efd59dd2b40>,16,17,[5 1],17,19,36,2,19
1,<environment.Job instance at 0x7efd59dcccd0>,21,13,[9 2],22,22,35,0,22
1,<environment.Job instance at 0x7efd5a072cd0>,22,12,[4 7],23,35,47,12,35
1,<environment.Job instance at 0x7efd59e3c280>,28,12,[1 6],29,35,47,6,35
1,<environment.Job instance at 0x7efd5a156fa0>,10,14,[9 1],11,36,50,25,36
1,<environment.Job instance at 0x7efd59bdf7d0>,26,14,[4 8],27,47,61,20,47
1,<environment.Job instance at 0x7efd5a10aaa0>,11,12,[10  4],12,50,62,38,50
1,<environment.Job instance at 0x7efd59c0a140>,38,14,[5 7],39,61,75,22,61
1,<environment.Job instance at 0x7efd59e3caa0>,30,14,[8 4],31,62,76,31,62
1,<environment.Job instance at 0x7efd62eb8320>,67,15,[6 1],68,75,90,7,75
1,<environment.Job instance at 0x7efd59bd3320>,56,18,[1 6],57,75,93,18,75
1,<environment.Job instance at 0x7efd5a796140>,61,17,[7 3],62,76,93,14,76
1,<environment.Job instance at 0x7efd59a757d0>,83,20,[1 5],84,85,105,1,85
1,<environment.Job instance at 0x7efd59e21fa0>,92,14,[10  1],93,93,107,0,93
1,<environment.Job instance at 0x7efd59e210a0>,93,18,[3 8],94,94,112,0,94
1,<environment.Job instance at 0x7efd59a75910>,76,16,[9 2],77,107,123,30,107
1,<environment.Job instance at 0x7efd59e21be0>,95,12,[ 5 10],96,112,124,16,112
1,<environment.Job instance at 0x7efd5a2cd3c0>,109,16,[7 2],110,123,139,13,123
1,<environment.Job instance at 0x7efd5a2cdfa0>,112,14,[8 5],113,124,138,11,124
1,<environment.Job instance at 0x7efd59b71370>,0,13,[5 5],1,1,14,0,1
1,<environment.Job instance at 0x7efd59f862d0>,6,18,[2 5],7,7,25,0,7
1,<environment.Job instance at 0x7efd5a2cdcd0>,0,13,[5 5],1,1,14,0,1
1,<environment.Job instance at 0x7efd5a2cdd20>,2,19,[2 6],3,3,22,0,3
1,<environment.Job instance at 0x7efd5a2cd320>,13,16,[1 7],14,14,30,0,14
1,<environment.Job instance at 0x7efd5a2cd640>,17,17,[5 7],18,22,39,4,22
1,<environment.Job instance at 0x7efd5a2cdb90>,18,17,[6 2],19,30,47,11,30
1,<environment.Job instance at 0x7efd5a2cd280>,6,18,[2 5],7,30,48,23,30
1,<environment.Job instance at 0x7efd59a75be0>,21,15,[8 2],22,47,62,25,47
1,<environment.Job instance at 0x7efd5a796b90>,42,15,[5 1],43,47,62,4,47
1,<environment.Job instance at 0x7efd59c09dc0>,52,15,[3 7],53,62,77,9,62
1,<environment.Job instance at 0x7efd59a75e60>,25,16,[10  3],26,62,78,36,62
1,<environment.Job instance at 0x7efd5a796280>,41,16,[4 6],42,77,93,35,77
1,<environment.Job instance at 0x7efd59e3caa0>,71,13,[10  3],72,78,91,6,78
1,<environment.Job instance at 0x7efd59bdfd20>,74,14,[3 7],75,91,105,16,91
1,<environment.Job instance at 0x7efd5a072d20>,75,20,[5 1],76,92,112,16,92
1,<environment.Job instance at 0x7efd59bf3280>,67,16,[9 1],68,105,121,37,105
1,<environment.Job instance at 0x7efd5a4dd1e0>,84,18,[5 6],85,112,130,27,112
1,<environment.Job instance at 0x7efd59bf4500>,57,16,[8 4],58,121,137,63,121
1,<environment.Job instance at 0x7efd59bb91e0>,4,13,[6 5],5,5,18,0,5
1,<environment.Job instance at 0x7efd59bb9370>,3,26,[ 4 11],4,22,48,18,22
1,<environment.Job instance at 0x7efd59bb9a50>,21,19,[2 5],22,48,67,26,38
1,<environment.Job instance at 0x7efd632ac370>,22,28,[13  3],23,48,76,25,48
1,<environment.Job instance at 0x7efd59bb9e60>,18,15,[ 5 11],19,76,91,57,62
1,<environment.Job instance at 0x7efd5a8159b0>,25,15,[1 7],26,91,106,65,77
1,<environment.Job instance at 0x7efd59bb9af0>,19,13,[14  4],20,91,104,71,79
1,<environment.Job instance at 0x7efd5a815aa0>,26,16,[ 5 13],27,106,122,79,93
1,<environment.Job instance at 0x7efd5a815820>,28,21,[1 6],29,122,143,93,114
1,<environment.Job instance at 0x7efd5a815050>,29,15,[7 1],30,114,129,84,114
1,<environment.Job instance at 0x7efd59bb9730>,20,15,[13  5],21,129,144,108,124
1,<environment.Job instance at 0x7efd591f9230>,0,19,[5 8],1,1,20,0,1
1,<environment.Job instance at 0x7efd591f9c30>,2,19,[8 1],3,3,22,0,3
1,<environment.Job instance at 0x7efd591f9870>,4,13,[6 5],5,20,33,15,20
1,<environment.Job instance at 0x7efd59537140>,14,14,[4 7],15,22,36,7,22
1,<environment.Job instance at 0x7efd5951b780>,25,15,[1 7],26,33,48,7,33
1,<environment.Job instance at 0x7efd595272d0>,29,15,[7 1],30,33,48,3,33
1,<environment.Job instance at 0x7efd5a6caf00>,36,14,[5 4],37,37,51,0,37
1,<environment.Job instance at 0x7efd5a6d4c80>,41,12,[8 1],42,48,60,6,48
1,<environment.Job instance at 0x7efd5a6caeb0>,37,15,[6 4],38,51,66,13,51
1,<environment.Job instance at 0x7efd5a6d8550>,44,17,[1 6],45,51,68,6,51
1,<environment.Job instance at 0x7efd595378c0>,12,16,[8 2],13,60,76,47,60
1,<environment.Job instance at 0x7efd5a119690>,53,12,[5 8],54,69,81,15,69
1,<environment.Job instance at 0x7efd591f9af0>,9,15,[9 4],10,76,91,66,76
1,<environment.Job instance at 0x7efd5950e910>,55,15,[4 8],56,81,96,25,81
1,<environment.Job instance at 0x7efd59ccf140>,73,14,[10  5],74,92,106,18,92
1,<environment.Job instance at 0x7efd5950ee60>,56,15,[1 6],57,96,111,39,96
1,<environment.Job instance at 0x7efd59e69690>,75,12,[3 5],76,106,118,30,106
1,<environment.Job instance at 0x7efd59e690a0>,74,16,[10  2],75,106,122,31,106
1,<environment.Job instance at 0x7efd59e78b90>,81,15,[1 7],82,111,126,29,111
1,<environment.Job instance at 0x7efd59e78690>,82,14,[10  2],83,122,136,39,122
1,<environment.Job instance at 0x7efd598bd960>,84,14,[4 8],85,126,140,41,126
1,<environment.Job instance at 0x7efd596a95a0>,3,13,[3 9],4,6,19,2,6
1,<environment.Job instance at 0x7efd596ad820>,17,15,[3 8],18,19,34,1,19
1,<environment.Job instance at 0x7efd59ecbb90>,2,16,[ 3 10],3,3,19,0,3
1,<environment.Job instance at 0x7efd596a9eb0>,10,14,[9 2],11,11,25,0,11
1,<environment.Job instance at 0x7efd59e68910>,3,13,[3 9],4,19,32,15,19
1,<environment.Job instance at 0x7efd596a3d70>,28,12,[6 5],29,32,44,3,32
1,<environment.Job instance at 0x7efd596a37d0>,26,14,[2 6],27,32,46,5,32
1,<environment.Job instance at 0x7efd591523c0>,35,12,[8 5],36,44,56,8,44
1,<environment.Job instance at 0x7efd59152230>,40,12,[2 5],41,46,58,5,46
1,<environment.Job instance at 0x7efd59152af0>,45,14,[8 5],46,57,71,11,57
1,<environment.Job instance at 0x7efd596a3a00>,18,14,[4 9],19,58,72,39,58
1,<environment.Job instance at 0x7efd5916e870>,54,12,[7 1],55,71,83,16,71
1,<environment.Job instance at 0x7efd59697550>,17,15,[3 8],18,74,89,56,74
1,<environment.Job instance at 0x7efd596a3140>,25,18,[4 6],26,74,92,48,74
1,<environment.Job instance at 0x7efd5916ef00>,58,12,[7 5],59,90,102,31,90
1,<environment.Job instance at 0x7efd5916e460>,57,19,[8 4],58,92,111,34,92
1,<environment.Job instance at 0x7efd5916eeb0>,59,20,[3 9],60,102,122,42,102
1,<environment.Job instance at 0x7efd5916e8c0>,61,17,[9 4],62,111,128,49,111
1,<environment.Job instance at 0x7efd59162910>,67,14,[5 6],68,122,136,54,122
1,<environment.Job instance at 0x7efd59162870>,68,16,[8 4],69,128,144,59,128
1,<environment.Job instance at 0x7efd591510a0>,2,12,[7 3],3,7,19,4,7
1,<environment.Job instance at 0x7efd591a2c80>,8,18,[1 8],9,13,31,4,13
1,<environment.Job instance at 0x7efd591a2640>,10,16,[ 3 14],11,31,47,20,18
1,<environment.Job instance at 0x7efd591a2c30>,13,19,[ 2 10],14,47,66,33,38
1,<environment.Job instance at 0x7efd59e8b8c0>,16,14,[9 3],17,47,61,30,41
1,<environment.Job instance at 0x7efd59e8b820>,33,13,[ 2 10],34,66,79,32,50
1,<environment.Job instance at 0x7efd5a8b5d20>,36,13,[6 5],37,61,74,24,55
1,<environment.Job instance at 0x7efd5a8b5aa0>,37,28,[1 5],38,74,102,36,74
1,<environment.Job instance at 0x7efd5a8b5be0>,35,14,[12  2],36,79,93,43,75
1,<environment.Job instance at 0x7efd5a8b5140>,38,21,[14  5],39,93,114,54,88
1,<environment.Job instance at 0x7efd59184d70>,1,19,[9 1],2,2,21,0,2
1,<environment.Job instance at 0x7efd59184370>,3,17,[1 8],4,4,21,0,4
1,<environment.Job instance at 0x7efd591847d0>,2,12,[7 3],3,21,33,18,21
1,<environment.Job instance at 0x7efd591849b0>,12,14,[8 4],13,21,35,8,21
1,<environment.Job instance at 0x7efd59184c30>,7,17,[5 9],8,33,50,25,33
1,<environment.Job instance at 0x7efd591691e0>,21,13,[4 5],22,35,48,13,35
1,<environment.Job instance at 0x7efd59169eb0>,23,14,[8 4],24,48,62,24,48
1,<environment.Job instance at 0x7efd59184eb0>,8,18,[1 8],9,50,68,41,50
1,<environment.Job instance at 0x7efd59169960>,16,14,[9 3],17,62,76,45,62
1,<environment.Job instance at 0x7efd59150cd0>,33,13,[ 2 10],34,68,81,34,68
1,<environment.Job instance at 0x7efd591506e0>,36,13,[6 5],37,76,89,39,76
1,<environment.Job instance at 0x7efd591698c0>,29,16,[9 4],30,81,97,51,81
1,<environment.Job instance at 0x7efd591500f0>,31,17,[5 5],32,89,106,57,89
1,<environment.Job instance at 0x7efd59162690>,46,16,[9 5],47,98,114,51,98
1,<environment.Job instance at 0x7efd5916eeb0>,59,13,[6 4],60,106,119,46,106
1,<environment.Job instance at 0x7efd59150b90>,40,18,[ 1 10],41,115,133,74,115
1,<environment.Job instance at 0x7efd5916e960>,62,17,[7 1],63,115,132,52,115
1,<environment.Job instance at 0x7efd5916e550>,69,18,[7 3],70,119,137,49,119
1,<environment.Job instance at 0x7efd5a0cca00>,9,14,[6 2],10,16,30,6,16
1,<environment.Job instance at 0x7efd5a0cc460>,15,13,[13  5],16,30,43,14,16
1,<environment.Job instance at 0x7efd5a0cc550>,12,14,[4 7],13,43,57,30,28
1,<environment.Job instance at 0x7efd5a0dff50>,21,21,[2 5],22,28,49,6,28
1,<environment.Job instance at 0x7efd5a0df2d0>,20,17,[ 5 14],21,57,74,36,46
1,<environment.Job instance at 0x7efd5a0c5370>,24,13,[1 7],25,74,87,49,58
1,<environment.Job instance at 0x7efd59045b90>,3,17,[ 2 12],4,87,104,83,76
1,<environment.Job instance at 0x7efd5a0dffa0>,18,24,[ 2 12],19,104,128,85,101
1,<environment.Job instance at 0x7efd5a0c5fa0>,27,26,[5 1],28,106,132,78,106
1,<environment.Job instance at 0x7efd5a0c59b0>,28,16,[ 4 10],29,128,144,99,122
1,<environment.Job instance at 0x7efd59ce8c80>,0,22,[3 5],1,1,23,0,1
1,<environment.Job instance at 0x7efd59ce8b90>,4,22,[2 8],5,5,27,0,5
1,<environment.Job instance at 0x7efd59e7beb0>,9,14,[6 2],10,10,24,0,10
1,<environment.Job instance at 0x7efd592f47d0>,12,14,[4 7],13,24,38,11,24
1,<environment.Job instance at 0x7efd5a172f00>,17,14,[5 6],18,27,41,9,27
1,<environment.Job instance at 0x7efd59dadf00>,24,13,[1 7],25,38,51,13,38
1,<environment.Job instance at 0x7efd59e7ba50>,8,16,[3 8],9,41,57,32,41
1,<environment.Job instance at 0x7efd59ce8a50>,7,18,[9 3],8,51,69,43,51
1,<environment.Job instance at 0x7efd59cefdc0>,36,14,[5 5],37,58,72,21,58
1,<environment.Job instance at 0x7efd5a8f4aa0>,28,16,[ 4 10],29,70,86,41,70
1,<environment.Job instance at 0x7efd59ceabe0>,42,18,[7 1],43,72,90,29,72
1,<environment.Job instance at 0x7efd5a06c8c0>,51,12,[2 8],52,87,99,35,87
1,<environment.Job instance at 0x7efd59d05fa0>,53,14,[3 7],54,90,104,36,90
1,<environment.Job instance at 0x7efd59d052d0>,56,15,[5 5],57,99,114,42,99
1,<environment.Job instance at 0x7efd5a19af50>,37,22,[7 2],38,99,121,61,99
1,<environment.Job instance at 0x7efd5a178460>,60,20,[8 4],61,115,135,54,115
1,<environment.Job instance at 0x7efd5a178f00>,65,15,[5 6],66,121,136,55,121
1,<environment.Job instance at 0x7efd5a7475f0>,1,16,[3 8],2,2,18,0,2
1,<environment.Job instance at 0x7efd5a7472d0>,3,24,[7 1],4,4,28,0,4
1,<environment.Job instance at 0x7efd59d3cfa0>,9,12,[3 9],10,18,30,8,10
1,<environment.Job instance at 0x7efd59d3c3c0>,11,19,[5 1],12,12,31,0,12
1,<environment.Job instance at 0x7efd59d3c140>,15,14,[1 5],16,28,42,12,16
1,<environment.Job instance at 0x7efd59d3c910>,12,17,[11  1],13,31,48,18,19
1,<environment.Job instance at 0x7efd59d3c050>,18,13,[10  1],19,48,61,29,32
1,<environment.Job instance at 0x7efd5a763f00>,32,12,[7 3],33,61,73,28,44
1,<environment.Job instance at 0x7efd5a7634b0>,34,14,[5 5],35,50,64,15,50
1,<environment.Job instance at 0x7efd59d3c550>,16,17,[1 9],17,64,81,47,53
1,<environment.Job instance at 0x7efd5a9282d0>,52,12,[6 3],53,65,77,12,65
1,<environment.Job instance at 0x7efd5a928370>,55,12,[11  3],56,77,89,21,69
1,<environment.Job instance at 0x7efd5a928460>,53,19,[ 5 12],54,89,108,35,86
1,<environment.Job instance at 0x7efd5a928b40>,61,12,[ 1 11],62,108,120,46,92
1,<environment.Job instance at 0x7efd5a7340a0>,68,12,[ 5 12],69,120,132,51,103
1,<environment.Job instance at 0x7efd5a734d20>,76,13,[11  4],77,132,145,55,117
1,<environment.Job instance at 0x7efd5a734500>,67,18,[1 9],68,132,150,64,123
1,<environment.Job instance at 0x7efd59649500>,1,16,[3 8],2,2,18,0,2
1,<environment.Job instance at 0x7efd59649550>,5,17,[3 5],6,6,23,0,6
1,<environment.Job instance at 0x7efd59620a50>,11,19,[5 1],12,12,31,0,12
1,<environment.Job instance at 0x7efd5963b780>,9,12,[3 9],10,18,30,8,18
1,<environment.Job instance at 0x7efd5963c0a0>,15,14,[1 5],16,23,37,7,23
1,<environment.Job instance at 0x7efd5a080960>,16,17,[1 9],17,30,47,13,30
1,<environment.Job instance at 0x7efd5960dbe0>,18,13,[10  1],19,31,44,12,31
1,<environment.Job instance at 0x7efd5964a3c0>,32,12,[7 3],33,44,56,11,44
1,<environment.Job instance at 0x7efd5a06c1e0>,42,13,[2 8],43,47,60,4,47
1,<environment.Job instance at 0x7efd59cd9c30>,52,12,[6 3],53,53,65,0,53
1,<environment.Job instance at 0x7efd5962cfa0>,34,14,[5 5],35,60,74,25,60
1,<environment.Job instance at 0x7efd59e73500>,58,16,[5 9],59,65,81,6,65
1,<environment.Job instance at 0x7efd5964aaf0>,30,19,[7 4],31,74,93,43,74
1,<environment.Job instance at 0x7efd596202d0>,6,17,[5 8],7,81,98,74,81
1,<environment.Job instance at 0x7efd59cecd20>,81,12,[2 6],82,93,105,11,93
1,<environment.Job instance at 0x7efd59cecd70>,80,17,[8 1],81,93,110,12,93
1,<environment.Job instance at 0x7efd59cecc30>,82,13,[7 2],83,105,118,22,105
1,<environment.Job instance at 0x7efd5a07c9b0>,67,18,[1 9],68,110,128,42,110
1,<environment.Job instance at 0x7efd59cece60>,91,18,[7 2],92,110,128,18,110
1,<environment.Job instance at 0x7efd59d047d0>,25,20,[7 1],26,118,138,92,118
1,<environment.Job instance at 0x7efd59cef910>,98,18,[1 8],99,128,146,29,128
1,<environment.Job instance at 0x7efd5a7d5c30>,8,28,[5 3],9,9,37,0,9
1,<environment.Job instance at 0x7efd5a877f50>,6,13,[ 1 12],7,11,24,4,11
1,<environment.Job instance at 0x7efd5a7d5550>,5,17,[ 2 14],6,37,54,31,25
1,<environment.Job instance at 0x7efd5a7d5230>,10,21,[13  1],11,37,58,26,30
1,<environment.Job instance at 0x7efd5a7e70a0>,20,12,[5 5],21,58,70,37,43
1,<environment.Job instance at 0x7efd5a7e7140>,21,15,[1 8],22,54,69,32,43
1,<environment.Job instance at 0x7efd5a7d5f00>,2,13,[ 5 13],3,70,83,67,56
1,<environment.Job instance at 0x7efd5a7e7410>,24,12,[4 7],25,83,95,58,71
1,<environment.Job instance at 0x7efd5a7e7730>,30,16,[13  2],31,95,111,64,82
1,<environment.Job instance at 0x7efd5a7d5e10>,16,16,[2 6],17,100,116,83,100
1,<environment.Job instance at 0x7efd5a7e71e0>,29,14,[ 4 10],30,116,130,86,110
1,<environment.Job instance at 0x7efd5a7d52d0>,4,20,[11  1],5,116,136,111,116
1,<environment.Job instance at 0x7efd5a7e7820>,31,20,[1 6],32,130,150,98,121
1,<environment.Job instance at 0x7efd5a7e7910>,32,18,[3 8],33,130,148,97,128
1,<environment.Job instance at 0x7efd59cefe60>,13,16,[2 5],14,14,30,0,14
1,<environment.Job instance at 0x7efd59cef050>,14,17,[9 4],15,15,32,0,15
1,<environment.Job instance at 0x7efd59cef280>,16,16,[2 6],17,17,33,0,17
1,<environment.Job instance at 0x7efd59cefa50>,24,12,[4 7],25,32,44,7,32
1,<environment.Job instance at 0x7efd59cef690>,20,12,[5 5],21,33,45,12,33
1,<environment.Job instance at 0x7efd59cecaf0>,29,14,[ 4 10],30,44,58,14,44
1,<environment.Job instance at 0x7efd59cec190>,39,15,[4 7],40,58,73,18,58
1,<environment.Job instance at 0x7efd59309140>,51,13,[1 7],52,58,71,6,58
1,<environment.Job instance at 0x7efd592e3410>,49,17,[7 1],50,58,75,8,58
1,<environment.Job instance at 0x7efd59ceffa0>,17,17,[1 7],18,71,88,53,71
1,<environment.Job instance at 0x7efd5a763730>,57,12,[7 3],58,73,85,15,73
1,<environment.Job instance at 0x7efd5a91f780>,62,12,[2 5],63,85,97,22,85
1,<environment.Job instance at 0x7efd59dadf00>,63,12,[5 5],64,88,100,24,88
1,<environment.Job instance at 0x7efd5a91f690>,61,17,[8 5],62,88,105,26,88
1,<environment.Job instance at 0x7efd5a19b6e0>,64,13,[1 9],65,100,113,35,100
1,<environment.Job instance at 0x7efd5a06c190>,73,12,[1 5],74,105,117,31,105
1,<environment.Job instance at 0x7efd59e6a640>,67,12,[3 7],68,113,125,45,113
1,<environment.Job instance at 0x7efd5a1723c0>,58,13,[10  5],59,118,131,59,118
1,<environment.Job instance at 0x7efd5962c050>,87,12,[5 4],88,125,137,37,125
1,<environment.Job instance at 0x7efd5a8cf870>,4,24,[8 1],5,9,33,4,9
1,<environment.Job instance at 0x7efd59c2d6e0>,12,23,[ 2 12],13,15,38,2,15
1,<environment.Job instance at 0x7efd59c2d370>,10,14,[ 2 11],11,38,52,27,24
1,<environment.Job instance at 0x7efd59c2de10>,7,28,[8 2],8,34,62,26,34
1,<environment.Job instance at 0x7efd59c2d640>,17,13,[ 2 11],18,54,67,36,54
1,<environment.Job instance at 0x7efd59c2d7d0>,18,20,[8 5],19,67,87,48,59
1,<environment.Job instance at 0x7efd59c2d230>,19,20,[7 1],20,67,87,47,67
1,<environment.Job instance at 0x7efd59c2de60>,9,19,[14  3],10,87,106,77,83
1,<environment.Job instance at 0x7efd59c2da00>,21,27,[1 9],22,102,129,80,102
1,<environment.Job instance at 0x7efd59eb8dc0>,22,15,[4 8],23,129,144,106,116
1,<environment.Job instance at 0x7efd5963b690>,18,20,[8 5],19,19,39,0,19
1,<environment.Job instance at 0x7efd59612cd0>,19,20,[7 1],20,20,40,0,20
1,<environment.Job instance at 0x7efd596120f0>,22,15,[4 8],23,39,54,16,39
1,<environment.Job instance at 0x7efd59d05190>,34,13,[7 2],35,40,53,5,40
1,<environment.Job instance at 0x7efd5a06c550>,37,12,[6 4],38,53,65,15,53
1,<environment.Job instance at 0x7efd5962cfa0>,30,18,[5 3],31,53,71,22,53
1,<environment.Job instance at 0x7efd59d05280>,32,14,[9 2],33,65,79,32,65
1,<environment.Job instance at 0x7efd5a91f550>,51,12,[4 7],52,71,83,19,71
1,<environment.Job instance at 0x7efd59d3cf50>,49,14,[3 7],50,79,93,29,79
1,<environment.Job instance at 0x7efd59dc2690>,43,16,[6 1],44,79,95,35,79
1,<environment.Job instance at 0x7efd59d04a00>,23,17,[5 6],24,83,100,59,83
1,<environment.Job instance at 0x7efd5a8ebaa0>,60,14,[4 7],61,93,107,32,93
1,<environment.Job instance at 0x7efd5a172d70>,62,12,[6 5],63,100,112,37,100
1,<environment.Job instance at 0x7efd5a1723c0>,58,13,[8 2],59,107,120,48,107
1,<environment.Job instance at 0x7efd59cef6e0>,68,13,[5 1],69,112,125,43,112
1,<environment.Job instance at 0x7efd5a91f780>,54,15,[4 8],55,120,135,65,120
1,<environment.Job instance at 0x7efd592e3410>,66,17,[4 6],67,120,137,53,120
1,<environment.Job instance at 0x7efd597f9190>,5,22,[2 6],6,8,30,2,8
1,<environment.Job instance at 0x7efd597f98c0>,9,20,[6 4],10,10,30,0,10
1,<environment.Job instance at 0x7efd597f9780>,11,13,[ 1 11],12,30,43,18,15
1,<environment.Job instance at 0x7efd593ad640>,19,12,[10  2],20,30,42,10,26
1,<environment.Job instance at 0x7efd5a769870>,1,17,[4 8],2,2,19,0,2
1,<environment.Job instance at 0x7efd5a60e870>,5,22,[2 6],6,6,28,0,6
1,<environment.Job instance at 0x7efd5a753eb0>,14,16,[6 5],15,19,35,4,19
1,<environment.Job instance at 0x7efd5a7373c0>,25,16,[7 4],26,26,42,0,26
1,<environment.Job instance at 0x7efd59c16d70>,30,17,[ 2 10],31,35,52,4,35
1,<environment.Job instance at 0x7efd5a737410>,19,12,[10  2],20,42,54,22,42
1,<environment.Job instance at 0x7efd5a737af0>,21,18,[ 1 10],22,52,70,30,52
1,<environment.Job instance at 0x7efd59ec4a50>,41,14,[6 5],42,54,68,12,54
1,<environment.Job instance at 0x7efd5a91f550>,28,14,[10  4],29,68,82,39,68
1,<environment.Job instance at 0x7efd5a397dc0>,31,18,[2 9],32,70,88,38,70
1,<environment.Job instance at 0x7efd5a1c8d20>,48,13,[1 6],49,82,95,33,82
1,<environment.Job instance at 0x7efd5a1c8460>,46,14,[10  5],47,88,102,41,88
1,<environment.Job instance at 0x7efd5a1c8050>,56,16,[ 3 10],57,96,112,39,96
1,<environment.Job instance at 0x7efd5a1c8eb0>,45,16,[6 1],46,102,118,56,102
1,<environment.Job instance at 0x7efd5a1c8a50>,58,13,[1 8],59,112,125,53,112
1,<environment.Job instance at 0x7efd5a1c85a0>,44,18,[6 5],45,112,130,67,112
1,<environment.Job instance at 0x7efd5a1c8550>,57,18,[7 2],58,118,136,60,118
1,<environment.Job instance at 0x7efd5a90f730>,9,17,[ 2 10],10,10,27,0,10
1,<environment.Job instance at 0x7efd5909ecd0>,12,12,[5 7],13,27,39,14,14
1,<environment.Job instance at 0x7efd5a58e320>,0,17,[8 1],1,1,18,0,1
1,<environment.Job instance at 0x7efd5a58ef50>,2,15,[1 8],3,3,18,0,3
1,<environment.Job instance at 0x7efd59bbfb40>,12,12,[5 7],13,18,30,5,18
1,<environment.Job instance at 0x7efd5a58e3c0>,5,13,[8 3],6,18,31,12,18
1,<environment.Job instance at 0x7efd5a8f8320>,27,17,[ 4 10],28,30,47,2,30
1,<environment.Job instance at 0x7efd5a8f8dc0>,29,16,[7 3],30,31,47,1,31
1,<environment.Job instance at 0x7efd59dd2190>,39,14,[3 7],40,47,61,7,47
1,<environment.Job instance at 0x7efd59dd25f0>,44,16,[5 7],45,47,63,2,47
1,<environment.Job instance at 0x7efd5a8f8230>,25,17,[6 1],26,47,64,21,47
1,<environment.Job instance at 0x7efd591d5410>,51,14,[5 5],52,63,77,11,63
1,<environment.Job instance at 0x7efd591d5190>,52,12,[1 8],53,63,75,10,63
1,<environment.Job instance at 0x7efd591d5280>,54,12,[7 2],55,64,76,9,64
1,<environment.Job instance at 0x7efd5a1c8dc0>,67,13,[2 8],68,76,89,8,76
1,<environment.Job instance at 0x7efd5a1c8d20>,69,12,[7 5],70,77,89,7,77
1,<environment.Job instance at 0x7efd5a1c85a0>,73,17,[10  5],74,89,106,15,89
1,<environment.Job instance at 0x7efd5a58edc0>,9,17,[ 2 10],10,89,106,79,89
1,<environment.Job instance at 0x7efd5a397dc0>,82,14,[5 5],83,106,120,23,106
1,<environment.Job instance at 0x7efd59ec4a50>,75,15,[6 1],76,106,121,30,106
1,<environment.Job instance at 0x7efd5a91f370>,90,13,[6 4],91,120,133,29,120
1,<environment.Job instance at 0x7efd597f9640>,85,17,[7 4],86,122,139,36,122
1,<environment.Job instance at 0x7effc731d730>,1,15,[5 2],2,2,17,0,2
1,<environment.Job instance at 0x7effbdcd3c80>,5,18,[7 5],6,6,24,0,6
1,<environment.Job instance at 0x7effbdcd3eb0>,7,12,[7 2],8,17,29,9,8
1,<environment.Job instance at 0x7effbdcd70a0>,10,14,[ 1 14],11,29,43,18,14
1,<environment.Job instance at 0x7effc731d8c0>,9,17,[8 1],10,35,52,25,35
1,<environment.Job instance at 0x7effbdcd3b40>,4,24,[ 3 11],5,43,67,38,38
1,<environment.Job instance at 0x7effbdcd75f0>,19,21,[14  4],20,67,88,47,61
1,<environment.Job instance at 0x7effbdcd7a50>,26,20,[4 8],27,88,108,61,82
1,<environment.Job instance at 0x7effbdcd72d0>,15,24,[ 2 13],16,108,132,92,103
1,<environment.Job instance at 0x7effbdcd7b90>,28,20,[5 8],29,132,152,103,126
1,<environment.Job instance at 0x7effbdcd7c30>,29,24,[5 1],30,138,162,108,138
1,<environment.Job instance at 0x7effbdcd3960>,1,15,[5 2],2,2,17,0,2
1,<environment.Job instance at 0x7effbdccbcd0>,5,18,[7 5],6,6,24,0,6
1,<environment.Job instance at 0x7effbdccba50>,7,12,[7 2],8,17,29,9,17
1,<environment.Job instance at 0x7effbdccb050>,9,17,[8 1],10,24,41,14,24
1,<environment.Job instance at 0x7effbde0ad70>,18,18,[3 6],19,29,47,10,29
1,<environment.Job instance at 0x7effbdd68370>,12,22,[4 6],13,29,51,16,29
1,<environment.Job instance at 0x7effbddf3aa0>,30,15,[8 2],31,41,56,10,41
1,<environment.Job instance at 0x7effbdde2370>,31,13,[4 5],32,51,64,19,51
1,<environment.Job instance at 0x7effbde74d70>,39,13,[5 4],40,56,69,16,56
1,<environment.Job instance at 0x7effbde1db90>,11,14,[10  4],12,64,78,52,64
1,<environment.Job instance at 0x7effbdd95af0>,44,14,[8 4],45,78,92,33,78
1,<environment.Job instance at 0x7effbdd959b0>,43,14,[6 1],44,78,92,34,78
1,<environment.Job instance at 0x7effbdde2e60>,33,16,[9 3],34,93,109,59,93
1,<environment.Job instance at 0x7effbdf880f0>,55,15,[6 2],56,93,108,37,93
1,<environment.Job instance at 0x7effbdd957d0>,47,16,[6 2],48,108,124,60,108
1,<environment.Job instance at 0x7effbde5af50>,23,18,[7 4],24,110,128,86,110
1,<environment.Job instance at 0x7effbdde1cd0>,61,14,[ 2 10],62,124,138,62,124
1,<environment.Job instance at 0x7effbde7bbe0>,56,13,[10  1],57,128,141,71,128
1,<environment.Job instance at 0x7effbd41a410>,11,15,[6 2],12,12,27,0,12
1,<environment.Job instance at 0x7effbdcde320>,3,14,[11  1],4,27,41,23,16
1,<environment.Job instance at 0x7effbd41fe10>,15,13,[2 6],16,32,45,16,32
1,<environment.Job instance at 0x7effbd724a00>,27,13,[4 5],28,41,54,13,34
1,<environment.Job instance at 0x7effbd4ff410>,2,18,[10  5],3,3,21,0,3
1,<environment.Job instance at 0x7effbd493fa0>,15,13,[2 6],16,16,29,0,16
1,<environment.Job instance at 0x7effbd497f00>,20,15,[8 3],21,21,36,0,21
1,<environment.Job instance at 0x7effbd48f780>,27,13,[4 5],28,28,41,0,28
1,<environment.Job instance at 0x7effbd483780>,10,15,[6 2],11,36,51,25,36
1,<environment.Job instance at 0x7effbd512b40>,11,15,[6 2],12,41,56,29,41
1,<environment.Job instance at 0x7effbd4a52d0>,41,13,[ 4 10],42,51,64,9,51
1,<environment.Job instance at 0x7effbd5f18c0>,33,16,[7 1],34,56,72,22,56
1,<environment.Job instance at 0x7effbd4a55a0>,42,14,[4 7],43,64,78,21,64
1,<environment.Job instance at 0x7effbd52c730>,17,16,[6 2],18,72,88,54,72
1,<environment.Job instance at 0x7effbd4a1960>,31,18,[ 4 10],32,78,96,46,78
1,<environment.Job instance at 0x7effbd632c30>,58,17,[10  5],59,88,105,29,88
1,<environment.Job instance at 0x7effbd5241e0>,74,17,[2 9],75,96,113,21,96
1,<environment.Job instance at 0x7effbd5315f0>,76,17,[10  4],77,105,122,28,105
1,<environment.Job instance at 0x7effbd444460>,80,12,[5 9],81,113,125,32,113
1,<environment.Job instance at 0x7effbd5245a0>,68,17,[10  2],69,122,139,53,122
1,<environment.Job instance at 0x7effbd44baa0>,81,14,[2 9],82,125,139,43,125
1,<environment.Job instance at 0x7effbd4f8af0>,87,15,[5 6],88,139,154,51,139
1,<environment.Job instance at 0x7effbd4f8320>,83,15,[5 9],84,139,154,55,139
1,<environment.Job instance at 0x7effc748dc30>,5,16,[12  2],6,10,26,4,10
1,<environment.Job instance at 0x7effc7485190>,11,22,[ 1 10],12,20,42,8,20
1,<environment.Job instance at 0x7effbd2a59b0>,21,15,[4 8],22,42,57,20,28
1,<environment.Job instance at 0x7effbd2a5280>,20,23,[11  3],21,56,79,35,56
1,<environment.Job instance at 0x7effbd2d9aa0>,60,12,[4 7],61,120,132,59,120
1,<environment.Job instance at 0x7effbd30f870>,9,16,[7 2],10,10,26,0,10
1,<environment.Job instance at 0x7effbd30fd20>,11,22,[ 1 10],12,12,34,0,12
1,<environment.Job instance at 0x7effbd2cfc30>,16,18,[7 1],17,17,35,0,17
1,<environment.Job instance at 0x7effbd30faa0>,12,12,[2 7],13,34,46,21,34
1,<environment.Job instance at 0x7effbd2cfb40>,26,14,[5 3],27,34,48,7,34
1,<environment.Job instance at 0x7effbd2cf190>,27,14,[8 5],28,35,49,7,35
1,<environment.Job instance at 0x7effbd2cfaa0>,21,15,[4 8],22,48,63,26,48
1,<environment.Job instance at 0x7effbd2cc4b0>,40,14,[7 2],41,49,63,8,49
1,<environment.Job instance at 0x7effbd2c9460>,52,13,[ 4 10],53,63,76,10,63
1,<environment.Job instance at 0x7effbd2c9140>,44,16,[8 3],45,63,79,18,63
1,<environment.Job instance at 0x7effbd2c9230>,55,13,[2 5],56,76,89,20,76
1,<environment.Job instance at 0x7effbd2c5a00>,60,12,[4 7],61,79,91,18,79
1,<environment.Job instance at 0x7effbd2cc370>,41,19,[8 2],42,79,98,37,79
1,<environment.Job instance at 0x7effbd2c9e60>,53,16,[2 8],54,91,107,37,91
1,<environment.Job instance at 0x7effbd2c1c30>,76,15,[5 7],77,98,113,21,98
1,<environment.Job instance at 0x7effbd2c5370>,70,17,[2 8],71,107,124,36,107
1,<environment.Job instance at 0x7effbd2c13c0>,80,17,[5 4],81,113,130,32,113
1,<environment.Job instance at 0x7effbd2c1320>,84,12,[8 2],85,113,125,28,113
1,<environment.Job instance at 0x7effbd2c1eb0>,83,14,[4 9],84,125,139,41,125
1,<environment.Job instance at 0x7effbd2c11e0>,87,13,[7 5],88,130,143,42,130
1,<environment.Job instance at 0x7effbd33e370>,88,13,[1 7],89,139,152,50,139
1,<environment.Job instance at 0x7effbd2c5280>,67,17,[6 3],68,139,156,71,139
1,<environment.Job instance at 0x7effbd83b640>,2,23,[2 8],3,4,27,1,4
1,<environment.Job instance at 0x7effbd83bc30>,14,15,[6 4],15,15,30,0,15
1,<environment.Job instance at 0x7effbd83be60>,17,15,[ 5 13],18,30,45,12,18
1,<environment.Job instance at 0x7effbd83b870>,18,13,[7 1],19,19,32,0,19
1,<environment.Job instance at 0x7effbd83b410>,12,12,[14  3],13,45,57,32,34
1,<environment.Job instance at 0x7effbd94b280>,23,13,[ 3 11],24,57,70,33,42
1,<environment.Job instance at 0x7effc7486eb0>,3,16,[11  1],4,57,73,53,45
1,<environment.Job instance at 0x7effbd94beb0>,25,17,[ 1 14],26,70,87,44,66
1,<environment.Job instance at 0x7effbd94bdc0>,26,14,[ 3 14],27,87,101,60,74
1,<environment.Job instance at 0x7effbd94bcd0>,27,24,[ 3 11],28,101,125,73,101
1,<environment.Job instance at 0x7effbd94bf50>,24,22,[5 3],25,108,130,83,108
1,<environment.Job instance at 0x7effbd94bd70>,28,17,[9 1],29,125,142,96,114
1,<environment.Job instance at 0x7effbd94bb40>,30,12,[ 2 12],31,130,142,99,114
1,<environment.Job instance at 0x7effbd94b960>,34,12,[3 5],35,142,154,107,125
1,<environment.Job instance at 0x7effbd94b820>,39,19,[6 4],40,142,161,102,132
1,<environment.Job instance at 0x7effbd94ba00>,40,22,[5 6],41,142,164,101,139
1,<environment.Job instance at 0x7effbd33ea50>,4,20,[2 8],5,5,25,0,5
1,<environment.Job instance at 0x7effbd2c1c30>,14,15,[6 4],15,15,30,0,15
1,<environment.Job instance at 0x7effbd2c15f0>,18,13,[7 1],19,19,32,0,19
1,<environment.Job instance at 0x7effbd2c5370>,19,16,[2 6],20,25,41,5,25
1,<environment.Job instance at 0x7effbd2c5230>,24,22,[5 3],25,30,52,5,30
1,<environment.Job instance at 0x7effbd2cf230>,34,12,[3 5],35,35,47,0,35
1,<environment.Job instance at 0x7effbd2cfa50>,45,14,[3 6],46,47,61,1,47
1,<environment.Job instance at 0x7effbd2cf780>,48,13,[1 9],49,52,65,3,52
1,<environment.Job instance at 0x7effbd2cf690>,49,16,[2 5],50,61,77,11,61
1,<environment.Job instance at 0x7effbd2c5910>,28,17,[9 1],29,61,78,32,61
1,<environment.Job instance at 0x7effbd83b140>,53,14,[1 9],54,65,79,11,65
1,<environment.Job instance at 0x7effbd834af0>,60,14,[8 1],61,78,92,17,78
1,<environment.Job instance at 0x7effbd834460>,59,12,[2 9],60,79,91,19,79
1,<environment.Job instance at 0x7effbd2cf0f0>,35,14,[5 8],36,91,105,55,91
1,<environment.Job instance at 0x7effbd6b3500>,67,12,[1 6],68,91,103,23,91
1,<environment.Job instance at 0x7effbddd0140>,69,16,[7 3],70,103,119,33,103
1,<environment.Job instance at 0x7effbe0e3410>,75,14,[8 2],76,105,119,29,105
1,<environment.Job instance at 0x7effbe3b94b0>,72,14,[ 4 10],73,119,133,46,119
1,<environment.Job instance at 0x7effbddb60a0>,83,17,[6 1],84,119,136,35,119
1,<environment.Job instance at 0x7effbddb6320>,85,12,[ 2 10],86,133,145,47,133
1,<environment.Job instance at 0x7effbddb6550>,86,15,[9 2],87,136,151,49,136
1,<environment.Job instance at 0x7effbe12cc30>,5,25,[4 9],6,6,31,0,6
1,<environment.Job instance at 0x7effbe1400f0>,8,12,[6 1],9,9,21,0,9
1,<environment.Job instance at 0x7effbe140f00>,10,21,[5 1],11,11,32,0,11
1,<environment.Job instance at 0x7effbe11ea50>,12,14,[9 5],13,31,45,18,21
1,<environment.Job instance at 0x7effbe12caa0>,7,14,[7 5],8,45,59,37,31
1,<environment.Job instance at 0x7effbe11ec30>,14,18,[12  3],15,59,77,44,50
1,<environment.Job instance at 0x7effbe11ee10>,16,19,[ 1 12],17,59,78,42,50
1,<environment.Job instance at 0x7effbe1360f0>,26,24,[5 3],27,77,101,50,72
1,<environment.Job instance at 0x7effbe136dc0>,28,18,[1 5],29,78,96,49,72
1,<environment.Job instance at 0x7effbe136050>,27,19,[5 7],28,87,106,59,87
1,<environment.Job instance at 0x7effbdd67960>,0,20,[6 5],1,1,21,0,1
1,<environment.Job instance at 0x7effbde4a690>,7,14,[7 5],8,8,22,0,8
1,<environment.Job instance at 0x7effbdde3550>,8,12,[6 1],9,21,33,12,21
1,<environment.Job instance at 0x7effbe32fdc0>,20,12,[8 2],21,22,34,1,22
1,<environment.Job instance at 0x7effbdd8e780>,24,16,[5 5],25,33,49,8,33
1,<environment.Job instance at 0x7effbdd2bdc0>,28,18,[1 5],29,33,51,4,33
1,<environment.Job instance at 0x7effbdde3aa0>,12,14,[9 5],13,34,48,21,34
1,<environment.Job instance at 0x7effbdd2bd70>,34,12,[8 2],35,48,60,13,48
1,<environment.Job instance at 0x7effbdd2b460>,33,12,[4 8],34,49,61,15,49
1,<environment.Job instance at 0x7effbdf33780>,39,12,[5 5],40,60,72,20,60
1,<environment.Job instance at 0x7effbdde3050>,10,21,[5 1],11,60,81,49,60
1,<environment.Job instance at 0x7effbddb69b0>,45,12,[4 8],46,61,73,15,61
1,<environment.Job instance at 0x7effbddb6910>,42,14,[4 9],43,73,87,30,73
1,<environment.Job instance at 0x7effbdd1f5f0>,55,16,[5 5],56,73,89,17,73
1,<environment.Job instance at 0x7effc6e660a0>,59,13,[3 9],60,87,100,27,87
1,<environment.Job instance at 0x7effbe364a00>,58,13,[8 5],59,89,102,30,89
1,<environment.Job instance at 0x7effbddd0c30>,65,12,[1 9],66,100,112,34,100
1,<environment.Job instance at 0x7effbd834d20>,66,15,[8 2],67,102,117,35,102
1,<environment.Job instance at 0x7effbdf899b0>,68,15,[ 5 10],69,112,127,43,112
1,<environment.Job instance at 0x7effbdfb2fa0>,61,16,[6 5],62,117,133,55,117
1,<environment.Job instance at 0x7effbd951460>,71,13,[6 1],72,127,140,55,127
1,<environment.Job instance at 0x7effbe84ad70>,72,13,[1 8],73,127,140,54,127
1,<environment.Job instance at 0x7effbdd2b4b0>,31,17,[7 4],32,133,150,101,133
1,<environment.Job instance at 0x7effbd756500>,3,18,[6 5],4,4,22,0,4
1,<environment.Job instance at 0x7effbd756f00>,11,17,[13  1],12,22,39,10,12
1,<environment.Job instance at 0x7effbd7560f0>,9,15,[ 3 13],10,39,54,29,26
1,<environment.Job instance at 0x7effbdb44c30>,3,18,[6 5],4,4,22,0,4
1,<environment.Job instance at 0x7effbdf33370>,8,12,[1 7],9,9,21,0,9
1,<environment.Job instance at 0x7effbd9d04b0>,18,17,[9 4],19,21,38,2,21
1,<environment.Job instance at 0x7effbdf33fa0>,12,18,[5 8],13,22,40,9,22
1,<environment.Job instance at 0x7effbd9d0fa0>,22,15,[6 2],23,38,53,15,38
1,<environment.Job instance at 0x7effbd9d0820>,17,18,[6 5],18,40,58,22,40
1,<environment.Job instance at 0x7effbdc78050>,29,22,[1 7],30,40,62,10,40
1,<environment.Job instance at 0x7effbd9d7c30>,42,14,[6 2],43,53,67,10,53
1,<environment.Job instance at 0x7effbd9d7500>,45,14,[1 6],46,58,72,12,58
1,<environment.Job instance at 0x7effbdc78f00>,40,14,[1 7],41,62,76,21,62
1,<environment.Job instance at 0x7effbd9d3c30>,50,18,[5 2],51,67,85,16,67
1,<environment.Job instance at 0x7effbd9d3af0>,52,14,[8 3],53,72,86,19,72
1,<environment.Job instance at 0x7effbd9d71e0>,46,15,[5 7],47,85,100,38,85
1,<environment.Job instance at 0x7effbd4286e0>,67,12,[9 1],68,86,98,18,86
1,<environment.Job instance at 0x7effbe76b190>,70,13,[3 5],71,98,111,27,98
1,<environment.Job instance at 0x7effbd428cd0>,65,15,[4 9],66,100,115,34,100
1,<environment.Job instance at 0x7effbe4dcbe0>,87,18,[9 1],88,111,129,23,111
1,<environment.Job instance at 0x7effbd428d20>,64,15,[5 8],65,117,132,52,117
1,<environment.Job instance at 0x7effbd65daa0>,97,14,[8 2],98,129,143,31,129
1,<environment.Job instance at 0x7effbd65dd20>,98,13,[5 3],99,132,145,33,132
1,<environment.Job instance at 0x7effbd3b1460>,2,14,[9 1],3,3,17,0,3
1,<environment.Job instance at 0x7effbd4831e0>,3,12,[7 1],4,17,29,13,4
1,<environment.Job instance at 0x7effbd3b0aa0>,11,17,[3 5],12,12,29,0,12
1,<environment.Job instance at 0x7effbd99faf0>,13,14,[6 1],14,29,43,15,15
1,<environment.Job instance at 0x7effbd98f460>,12,16,[ 3 13],13,29,45,16,17
1,<environment.Job instance at 0x7effbd98ff00>,17,13,[9 5],18,45,58,27,32
1,<environment.Job instance at 0x7effbd98fd20>,18,16,[3 6],19,45,61,26,40
1,<environment.Job instance at 0x7effbd98f5f0>,20,14,[2 5],21,58,72,37,43
1,<environment.Job instance at 0x7effbd98f5a0>,21,26,[7 2],22,58,84,36,58
1,<environment.Job instance at 0x7effbd98f6e0>,19,28,[1 8],20,61,89,41,61
1,<environment.Job instance at 0x7effbd98fc80>,16,27,[3 5],17,79,106,62,79
1,<environment.Job instance at 0x7effbd98f0a0>,22,27,[5 6],23,89,116,66,88
1,<environment.Job instance at 0x7effbd9a9d20>,25,16,[12  2],26,116,132,90,106
1,<environment.Job instance at 0x7effbd99f8c0>,6,18,[ 1 14],7,132,150,125,121
1,<environment.Job instance at 0x7effbd6d72d0>,28,14,[2 7],29,150,164,121,135
1,<environment.Job instance at 0x7effbd9bb320>,30,14,[3 7],31,150,164,119,135
1,<environment.Job instance at 0x7effbe4dc460>,2,14,[9 1],3,3,17,0,3
1,<environment.Job instance at 0x7effbe4dc690>,7,15,[6 2],8,8,23,0,8
1,<environment.Job instance at 0x7effbe4dc9b0>,3,12,[7 1],4,17,29,13,17
1,<environment.Job instance at 0x7effbe4dcf00>,13,14,[6 1],14,23,37,9,23
1,<environment.Job instance at 0x7effbd428cd0>,17,13,[9 5],18,29,42,11,29
1,<environment.Job instance at 0x7effbd428a00>,20,14,[2 5],21,37,51,16,37
1,<environment.Job instance at 0x7effbe4dcc80>,11,17,[3 5],12,37,54,25,37
1,<environment.Job instance at 0x7effbd428140>,24,17,[10  4],25,42,59,17,42
1,<environment.Job instance at 0x7effbd4288c0>,28,14,[2 7],29,54,68,25,54
1,<environment.Job instance at 0x7effbd428870>,30,14,[3 7],31,59,73,28,59
1,<environment.Job instance at 0x7effbe4dc230>,18,16,[3 6],19,68,84,49,68
1,<environment.Job instance at 0x7effbd9d71e0>,39,12,[5 7],40,73,85,33,73
1,<environment.Job instance at 0x7effbe4dce10>,8,17,[7 4],9,84,101,75,84
1,<environment.Job instance at 0x7effbdc78f00>,46,15,[6 1],47,85,100,38,85
1,<environment.Job instance at 0x7effbdc78a00>,45,18,[1 6],46,85,103,39,85
1,<environment.Job instance at 0x7effbdc78320>,48,17,[5 5],49,100,117,51,100
1,<environment.Job instance at 0x7effbe4dc320>,4,18,[8 3],5,101,119,96,101
1,<environment.Job instance at 0x7effbdc78c80>,50,13,[3 8],51,117,130,66,117
1,<environment.Job instance at 0x7effbdc78190>,56,13,[9 2],57,119,132,62,119
1,<environment.Job instance at 0x7effbd9d0fa0>,61,16,[6 3],62,130,146,68,130
1,<environment.Job instance at 0x7effbdc78820>,47,17,[5 7],48,132,149,84,132
1,<environment.Job instance at 0x7effbdc82190>,8,19,[ 3 13],9,9,28,0,9
1,<environment.Job instance at 0x7effbdc824b0>,9,15,[7 1],10,10,25,0,10
1,<environment.Job instance at 0x7effbdc821e0>,10,17,[2 6],11,28,45,17,16
1,<environment.Job instance at 0x7effc6eed410>,4,15,[2 5],5,5,20,0,5
1,<environment.Job instance at 0x7effbdf881e0>,5,18,[9 5],6,6,24,0,6
1,<environment.Job instance at 0x7effbd72f690>,10,17,[2 6],11,20,37,9,20
1,<environment.Job instance at 0x7effbd72ff50>,9,15,[7 1],10,24,39,14,24
1,<environment.Job instance at 0x7effbd72f4b0>,13,22,[5 3],14,24,46,10,24
1,<environment.Job instance at 0x7effbd9d03c0>,27,17,[2 6],28,37,54,9,37
1,<environment.Job instance at 0x7effbe4dc820>,32,15,[4 5],33,39,54,6,39
1,<environment.Job instance at 0x7effbe4dccd0>,40,15,[7 4],41,46,61,5,46
1,<environment.Job instance at 0x7effbdc82c30>,46,15,[5 5],47,54,69,7,54
1,<environment.Job instance at 0x7effbe6f2cd0>,51,17,[2 5],52,54,71,2,54
1,<environment.Job instance at 0x7effbe4dc230>,34,17,[3 5],35,61,78,26,61
1,<environment.Job instance at 0x7effbe6f2230>,57,12,[10  1],58,69,81,11,69
1,<environment.Job instance at 0x7effbe6f2e60>,61,17,[1 9],62,71,88,9,71
1,<environment.Job instance at 0x7effbe6f2d70>,60,12,[10  1],61,81,93,20,81
1,<environment.Job instance at 0x7effbe810230>,68,17,[2 5],69,81,98,12,81
1,<environment.Job instance at 0x7effbe810b90>,69,17,[3 6],70,88,105,18,88
1,<environment.Job instance at 0x7effbd9d0b90>,22,18,[10  2],23,93,111,70,93
1,<environment.Job instance at 0x7effbe6f2870>,65,12,[ 1 10],66,105,117,39,105
1,<environment.Job instance at 0x7effbe810050>,74,12,[6 3],75,111,123,36,111
1,<environment.Job instance at 0x7effbe810dc0>,77,12,[4 6],78,117,129,39,117
1,<environment.Job instance at 0x7effbe810320>,78,13,[2 6],79,117,130,38,117
1,<environment.Job instance at 0x7effc6e89f00>,87,13,[3 9],88,129,142,41,129
1,<environment.Job instance at 0x7effbe810870>,79,13,[10  4],80,130,143,50,130
1,<environment.Job instance at 0x7effbd607c80>,3,14,[4 5],4,4,18,0,4
1,<environment.Job instance at 0x7effbd607500>,5,14,[1 7],6,6,20,0,6
1,<environment.Job instance at 0x7effbd607a50>,6,13,[4 5],7,18,31,11,7
1,<environment.Job instance at 0x7effbd607d20>,7,23,[2 6],8,20,43,12,16
1,<environment.Job instance at 0x7effbd6071e0>,9,15,[ 5 11],10,43,58,33,29
1,<environment.Job instance at 0x7effbd607640>,13,17,[ 3 12],14,58,75,44,46
1,<environment.Job instance at 0x7effbd6072d0>,15,22,[5 6],16,75,97,59,68
1,<environment.Job instance at 0x7effbd607e10>,11,24,[9 2],12,69,93,57,69
1,<environment.Job instance at 0x7effbd607cd0>,17,16,[7 4],18,93,109,75,84
1,<environment.Job instance at 0x7effbd721c30>,18,12,[8 4],19,97,109,78,89
1,<environment.Job instance at 0x7effbd173820>,8,15,[ 3 13],9,109,124,100,97
1,<environment.Job instance at 0x7effbd6075a0>,14,20,[13  4],15,124,144,109,115
1,<environment.Job instance at 0x7effc6e89050>,3,14,[4 5],4,4,18,0,4
1,<environment.Job instance at 0x7effc6e89dc0>,5,14,[1 7],6,6,20,0,6
1,<environment.Job instance at 0x7effc6e891e0>,6,13,[4 5],7,18,31,11,18
1,<environment.Job instance at 0x7effbe810500>,18,12,[8 4],19,20,32,1,20
1,<environment.Job instance at 0x7effbe810d70>,27,16,[1 8],28,31,47,3,31
1,<environment.Job instance at 0x7effbdc82c30>,26,12,[8 4],27,32,44,5,32
1,<environment.Job instance at 0x7effbd9713c0>,35,17,[5 3],36,36,53,0,36
1,<environment.Job instance at 0x7effbd6f62d0>,30,13,[9 3],31,44,57,13,44
1,<environment.Job instance at 0x7effbd95a280>,42,12,[1 7],43,53,65,10,53
1,<environment.Job instance at 0x7effbd948140>,36,12,[2 7],37,57,69,20,57
1,<environment.Job instance at 0x7effbd95d050>,44,13,[10  1],45,57,70,12,57
1,<environment.Job instance at 0x7effbd95d140>,43,15,[2 6],44,65,80,21,65
1,<environment.Job instance at 0x7effbd95d8c0>,45,18,[1 7],46,69,87,23,69
1,<environment.Job instance at 0x7effbd95aeb0>,40,13,[4 6],41,80,93,39,80
1,<environment.Job instance at 0x7effbe8db870>,60,14,[9 1],61,87,101,26,87
1,<environment.Job instance at 0x7effbd49d6e0>,54,14,[ 2 10],55,93,107,38,93
1,<environment.Job instance at 0x7effbe8db8c0>,61,12,[10  4],62,101,113,39,101
1,<environment.Job instance at 0x7effbe8f42d0>,65,15,[ 1 10],66,107,122,41,107
1,<environment.Job instance at 0x7effbe8d22d0>,71,13,[9 2],72,113,126,41,113
1,<environment.Job instance at 0x7effbe8f4b40>,66,17,[5 1],67,113,130,46,113
1,<environment.Job instance at 0x7effbe8f41e0>,72,12,[4 7],73,126,138,53,126
1,<environment.Job instance at 0x7effbe8e1af0>,78,12,[1 6],79,126,138,47,126
1,<environment.Job instance at 0x7effbe8dc5f0>,80,14,[8 4],81,138,152,57,138
1,<environment.Job instance at 0x7effbe8d91e0>,88,14,[5 7],89,138,152,49,138
1,<environment.Job instance at 0x7effbdd02e60>,3,18,[3 8],4,5,23,1,5
1,<environment.Job instance at 0x7effbdd02500>,5,12,[ 5 10],6,23,35,17,6
1,<environment.Job instance at 0x7effbdd02dc0>,6,24,[7 1],7,8,32,1,8
1,<environment.Job instance at 0x7effbdd02eb0>,2,14,[10  1],3,32,46,29,17
1,<environment.Job instance at 0x7effbdd02be0>,4,22,[11  2],5,46,68,41,41
1,<environment.Job instance at 0x7effbe66e3c0>,14,19,[14  1],15,68,87,53,60
1,<environment.Job instance at 0x7effbdd020a0>,8,21,[ 1 12],9,74,95,65,74
1,<environment.Job instance at 0x7effbe66e730>,16,13,[11  4],17,95,108,78,80
1,<environment.Job instance at 0x7effbe66e820>,15,21,[11  5],16,108,129,92,101
1,<environment.Job instance at 0x7effbd4b4320>,2,14,[10  1],3,3,17,0,3
1,<environment.Job instance at 0x7effbd2d1e60>,3,18,[3 8],4,4,22,0,4
1,<environment.Job instance at 0x7effbcf74aa0>,7,16,[1 6],8,8,24,0,8
1,<environment.Job instance at 0x7effc6eae910>,19,16,[7 2],20,22,38,2,22
1,<environment.Job instance at 0x7effbe771a00>,5,12,[ 5 10],6,24,36,18,24
1,<environment.Job instance at 0x7effbd950640>,22,14,[8 5],23,36,50,13,36
1,<environment.Job instance at 0x7effbd950550>,26,14,[1 8],27,38,52,11,38
1,<environment.Job instance at 0x7effbd950a50>,28,15,[10  1],29,50,65,21,50
1,<environment.Job instance at 0x7effbd950a00>,25,16,[1 6],26,50,66,24,50
1,<environment.Job instance at 0x7effbdd96410>,38,14,[1 7],39,52,66,13,52
1,<environment.Job instance at 0x7effbe8eedc0>,40,13,[5 5],41,66,79,25,66
1,<environment.Job instance at 0x7effbd950050>,33,16,[3 7],34,66,82,32,66
1,<environment.Job instance at 0x7effbe8e1c80>,53,16,[1 7],54,79,95,25,79
1,<environment.Job instance at 0x7effbe3bb640>,18,17,[8 4],19,82,99,63,82
1,<environment.Job instance at 0x7effbd950c80>,24,19,[6 4],25,82,101,57,82
1,<environment.Job instance at 0x7effbe8f43c0>,61,15,[8 2],62,99,114,37,99
1,<environment.Job instance at 0x7effbe8d2730>,57,17,[5 7],58,101,118,43,101
1,<environment.Job instance at 0x7effbe8d9d70>,46,18,[2 5],47,101,119,54,101
1,<environment.Job instance at 0x7effbe8f41e0>,58,17,[6 2],59,114,131,55,114
1,<environment.Job instance at 0x7effbd95d8c0>,81,16,[4 6],82,119,135,37,119
1,<environment.Job instance at 0x7effbd95a690>,82,15,[5 1],83,119,134,36,119
1,<environment.Job instance at 0x7effbda24fa0>,92,15,[3 7],93,131,146,38,131
1,<environment.Job instance at 0x7effbe8dbb90>,65,16,[10  3],66,136,152,70,136
1,<environment.Job instance at 0x7effcd3bcdc0>,95,19,[2 5],96,136,155,40,136
1,<environment.Job instance at 0x7effbe1f8a50>,15,16,[ 1 11],16,16,32,0,16
1,<environment.Job instance at 0x7effbdec5e60>,14,17,[ 1 13],15,83,100,68,83
1,<environment.Job instance at 0x7effbd6ff550>,1,18,[1 9],2,2,20,0,2
1,<environment.Job instance at 0x7effbe5a77d0>,3,18,[7 1],4,4,22,0,4
1,<environment.Job instance at 0x7effbe5a7e60>,4,19,[7 3],5,5,24,0,5
1,<environment.Job instance at 0x7effbdc78c80>,20,12,[7 2],21,22,34,1,22
1,<environment.Job instance at 0x7effbe5a73c0>,9,13,[5 8],10,24,37,14,24
1,<environment.Job instance at 0x7effbdc78410>,18,19,[2 5],19,24,43,5,24
1,<environment.Job instance at 0x7effbdc78c30>,21,20,[6 1],22,34,54,12,34
1,<environment.Job instance at 0x7effbda251e0>,34,13,[6 5],35,37,50,2,37
1,<environment.Job instance at 0x7effbd9489b0>,44,14,[4 7],45,50,64,5,50
1,<environment.Job instance at 0x7effbd48be10>,29,17,[5 4],30,50,67,20,50
1,<environment.Job instance at 0x7effbe199c80>,39,15,[9 4],40,65,80,25,65
1,<environment.Job instance at 0x7effbe8d8af0>,55,15,[1 7],56,66,81,10,66
1,<environment.Job instance at 0x7effbd49d6e0>,59,15,[7 1],60,80,95,20,80
1,<environment.Job instance at 0x7effbd95d190>,51,19,[2 5],52,80,99,28,80
1,<environment.Job instance at 0x7effbe8f4c80>,66,14,[5 4],67,81,95,14,81
1,<environment.Job instance at 0x7effbe8f4280>,67,15,[6 4],68,95,110,27,95
1,<environment.Job instance at 0x7effbe8f4fa0>,68,20,[7 5],69,96,116,27,96
1,<environment.Job instance at 0x7effbd49dd20>,58,21,[1 6],59,99,120,40,99
1,<environment.Job instance at 0x7effbe8d22d0>,71,12,[8 1],72,116,128,44,116
1,<environment.Job instance at 0x7effbe8e1c30>,74,17,[1 6],75,117,134,42,117
1,<environment.Job instance at 0x7effbe5a7f50>,5,21,[5 5],6,120,141,114,120
1,<environment.Job instance at 0x7effbd948780>,42,16,[8 2],43,128,144,85,128
1,<environment.Job instance at 0x7effbdf3b0f0>,5,15,[3 9],6,7,22,1,7
1,<environment.Job instance at 0x7effbdf3b820>,7,16,[5 1],8,8,24,0,8
1,<environment.Job instance at 0x7effbdf3b2d0>,4,14,[9 1],5,22,36,17,9
1,<environment.Job instance at 0x7effbe360b90>,15,13,[ 2 12],16,27,40,11,27
1,<environment.Job instance at 0x7effbe3608c0>,16,12,[14  2],17,40,52,23,27
1,<environment.Job instance at 0x7effbe360820>,19,22,[2 7],20,52,74,32,47
1,<environment.Job instance at 0x7effbe360aa0>,17,28,[7 1],18,52,80,34,51
1,<environment.Job instance at 0x7effbe360050>,21,27,[6 2],22,52,79,30,52
1,<environment.Job instance at 0x7effbe3603c0>,22,16,[ 3 10],23,79,95,56,67
1,<environment.Job instance at 0x7effbe1a8f50>,0,18,[ 2 10],1,1,19,0,1
1,<environment.Job instance at 0x7effc6e08d70>,4,14,[9 1],5,5,19,0,5
1,<environment.Job instance at 0x7effbe21c640>,9,13,[8 3],10,19,32,9,19
1,<environment.Job instance at 0x7effbe21ca50>,5,15,[3 9],6,19,34,13,19
1,<environment.Job instance at 0x7effbe21cdc0>,7,16,[5 1],8,32,48,24,32
1,<environment.Job instance at 0x7effbe223f50>,23,13,[3 9],24,34,47,10,34
1,<environment.Job instance at 0x7effbe6fa280>,38,14,[4 9],39,47,61,8,47
1,<environment.Job instance at 0x7effbe253690>,30,14,[9 2],31,48,62,17,48
1,<environment.Job instance at 0x7effbd47f0a0>,46,14,[2 6],47,61,75,14,61
1,<environment.Job instance at 0x7effbe878d20>,45,18,[4 6],46,61,79,15,61
1,<environment.Job instance at 0x7effbe30c780>,55,12,[8 5],56,75,87,19,75
1,<environment.Job instance at 0x7effbe23cdc0>,60,12,[2 5],61,79,91,18,79
1,<environment.Job instance at 0x7effbd4650a0>,48,12,[6 5],49,87,99,38,87
1,<environment.Job instance at 0x7effbd059cd0>,65,14,[8 5],66,92,106,26,92
1,<environment.Job instance at 0x7effbe86e5a0>,37,15,[3 8],38,99,114,61,99
1,<environment.Job instance at 0x7effbe034aa0>,74,12,[7 1],75,106,118,31,106
1,<environment.Job instance at 0x7effbe059730>,69,21,[3 6],70,106,127,36,106
1,<environment.Job instance at 0x7effbe6ffdc0>,19,22,[2 7],20,114,136,94,114
1,<environment.Job instance at 0x7effbd461910>,78,12,[7 5],79,128,140,49,128
1,<environment.Job instance at 0x7effbe24a820>,22,16,[ 3 10],23,138,154,115,138
1,<environment.Job instance at 0x7effbd90cbe0>,10,23,[11  1],11,11,34,0,11
1,<environment.Job instance at 0x7effbd90c5a0>,12,12,[7 3],13,34,46,21,17
1,<environment.Job instance at 0x7effbd922780>,25,22,[ 1 12],26,38,60,12,38
1,<environment.Job instance at 0x7effbd90c370>,13,17,[1 8],14,60,77,46,48
1,<environment.Job instance at 0x7effbd922140>,31,13,[4 5],32,60,73,28,49
1,<environment.Job instance at 0x7effbd922320>,33,14,[8 4],34,73,87,39,58
1,<environment.Job instance at 0x7effbd916820>,43,13,[ 2 10],44,77,90,33,64
1,<environment.Job instance at 0x7effbd447a50>,72,17,[7 1],73,87,104,14,81
1,<environment.Job instance at 0x7effbd447a00>,70,20,[ 3 11],71,90,110,19,83
1,<environment.Job instance at 0x7effbd916fa0>,3,17,[1 7],4,4,21,0,4
1,<environment.Job instance at 0x7effbd9054b0>,7,14,[8 1],8,8,22,0,8
1,<environment.Job instance at 0x7effbd905640>,12,12,[7 3],13,21,33,8,21
1,<environment.Job instance at 0x7effbd905e10>,13,17,[1 8],14,22,39,8,22
1,<environment.Job instance at 0x7effbd8750a0>,26,14,[9 3],27,33,47,6,33
1,<environment.Job instance at 0x7effbe310d70>,31,13,[4 5],32,39,52,7,39
1,<environment.Job instance at 0x7effbe310280>,33,14,[8 4],34,47,61,13,47
1,<environment.Job instance at 0x7effbe310b90>,41,17,[5 5],42,52,69,10,52
1,<environment.Job instance at 0x7effbd480c80>,43,13,[ 2 10],44,61,74,17,61
1,<environment.Job instance at 0x7effbd480aa0>,46,13,[6 5],47,69,82,22,69
1,<environment.Job instance at 0x7effbd930aa0>,22,14,[8 4],23,74,88,51,74
1,<environment.Job instance at 0x7effbd447820>,17,17,[5 9],18,83,100,65,83
1,<environment.Job instance at 0x7effbe310910>,39,16,[9 4],40,88,104,48,88
1,<environment.Job instance at 0x7effbd4809b0>,50,18,[ 1 10],51,101,119,50,101
1,<environment.Job instance at 0x7effbd480050>,56,16,[9 5],57,105,121,48,105
1,<environment.Job instance at 0x7effbe3060a0>,18,18,[1 8],19,120,138,101,120
1,<environment.Job instance at 0x7effbe66fd20>,69,13,[6 4],70,121,134,51,121
1,<environment.Job instance at 0x7effbe66f190>,63,20,[7 3],64,121,141,57,121
1,<environment.Job instance at 0x7effbe66f0f0>,72,17,[7 1],73,134,151,61,134
1,<environment.Job instance at 0x7effbdc58690>,12,14,[4 7],13,13,27,0,13
1,<environment.Job instance at 0x7effbdc58dc0>,9,14,[6 2],10,19,33,9,19
1,<environment.Job instance at 0x7effbdc58870>,15,13,[13  5],16,36,49,20,36
1,<environment.Job instance at 0x7effbdc58550>,17,14,[5 6],18,49,63,31,38
1,<environment.Job instance at 0x7effbdc58910>,21,21,[2 5],22,55,76,33,55
1,<environment.Job instance at 0x7effbdc58c30>,19,23,[3 9],20,63,86,43,63
1,<environment.Job instance at 0x7effbd1b7640>,0,22,[3 5],1,1,23,0,1
1,<environment.Job instance at 0x7effbd1b7cd0>,4,22,[2 8],5,5,27,0,5
1,<environment.Job instance at 0x7effbd1b79b0>,9,14,[6 2],10,10,24,0,10
1,<environment.Job instance at 0x7effbd1b73c0>,12,14,[4 7],13,24,38,11,24
1,<environment.Job instance at 0x7effbd1b7a50>,17,14,[5 6],18,27,41,9,27
1,<environment.Job instance at 0x7effbd480a50>,24,13,[1 7],25,38,51,13,38
1,<environment.Job instance at 0x7effbd1b7f50>,8,16,[3 8],9,41,57,32,41
1,<environment.Job instance at 0x7effbd1b7280>,7,18,[9 3],8,51,69,43,51
1,<environment.Job instance at 0x7effbd875190>,36,14,[5 5],37,58,72,21,58
1,<environment.Job instance at 0x7effbd480dc0>,28,16,[ 4 10],29,70,86,41,70
1,<environment.Job instance at 0x7effbd8752d0>,42,18,[7 1],43,72,90,29,72
1,<environment.Job instance at 0x7effbd9051e0>,51,12,[2 8],52,87,99,35,87
1,<environment.Job instance at 0x7effbd90c460>,53,14,[3 7],54,90,104,36,90
1,<environment.Job instance at 0x7effbd905aa0>,56,15,[5 5],57,99,114,42,99
1,<environment.Job instance at 0x7effbd875cd0>,37,22,[7 2],38,99,121,61,99
1,<environment.Job instance at 0x7effbd916140>,60,20,[8 4],61,115,135,54,115
1,<environment.Job instance at 0x7effbcfd4fa0>,65,15,[5 6],66,121,136,55,121
1,<environment.Job instance at 0x7effbd8757d0>,35,18,[9 3],36,137,155,101,137
1,<environment.Job instance at 0x7effbd0d31e0>,73,19,[1 5],74,138,157,64,138
1,<environment.Job instance at 0x7effbd0d34b0>,74,14,[2 5],75,138,152,63,138
1,<environment.Job instance at 0x7effbe46f780>,1,19,[5 1],2,2,21,0,2
1,<environment.Job instance at 0x7effbe46f460>,5,14,[1 5],6,6,20,0,6
1,<environment.Job instance at 0x7effbe46f6e0>,6,17,[1 9],7,7,24,0,7
1,<environment.Job instance at 0x7effbe46f0f0>,8,13,[10  1],9,21,34,12,10
1,<environment.Job instance at 0x7effbe46f0a0>,13,23,[ 2 11],14,24,47,10,20
1,<environment.Job instance at 0x7effbe79dc80>,10,13,[12  1],11,34,47,23,32
1,<environment.Job instance at 0x7effbe38e0a0>,22,12,[7 3],23,47,59,24,33
1,<environment.Job instance at 0x7effbe4a1780>,32,13,[2 8],33,47,60,14,42
1,<environment.Job instance at 0x7effbd95de60>,1,19,[5 1],2,2,21,0,2
1,<environment.Job instance at 0x7effbd95dd20>,5,14,[1 5],6,6,20,0,6
1,<environment.Job instance at 0x7effbd95df00>,6,17,[1 9],7,7,24,0,7
1,<environment.Job instance at 0x7effbd95ddc0>,8,13,[10  1],9,21,34,12,21
1,<environment.Job instance at 0x7effbd5e7780>,24,14,[5 5],25,25,39,0,25
1,<environment.Job instance at 0x7effbd5e76e0>,22,12,[7 3],23,34,46,11,34
1,<environment.Job instance at 0x7effbda6f780>,32,13,[2 8],33,39,52,6,39
1,<environment.Job instance at 0x7effbd498dc0>,42,12,[6 3],43,43,55,0,43
1,<environment.Job instance at 0x7effbd5e7e10>,20,19,[7 4],21,46,65,25,46
1,<environment.Job instance at 0x7effbd740c80>,48,16,[5 9],49,55,71,6,55
1,<environment.Job instance at 0x7effbd5e7d20>,15,20,[7 1],16,65,85,49,65
1,<environment.Job instance at 0x7effbd4c6f50>,70,17,[8 1],71,71,88,0,71
1,<environment.Job instance at 0x7effbd49c140>,71,12,[2 6],72,85,97,13,85
1,<environment.Job instance at 0x7effbd49c0f0>,72,13,[7 2],73,88,101,15,88
1,<environment.Job instance at 0x7effbe3ceeb0>,57,18,[1 9],58,97,115,39,97
1,<environment.Job instance at 0x7effbd4b39b0>,81,18,[7 2],82,97,115,15,97
1,<environment.Job instance at 0x7effbd5e7910>,23,21,[7 2],24,101,122,77,101
1,<environment.Job instance at 0x7effbd4e6370>,88,18,[1 8],89,115,133,26,115
1,<environment.Job instance at 0x7effbd4e6460>,92,12,[10  3],93,122,134,29,122
1,<environment.Job instance at 0x7effbd4afdc0>,96,15,[1 9],97,133,148,36,133
1,<environment.Job instance at 0x7effbd4e8500>,78,17,[9 5],79,134,151,55,134
1,<environment.Job instance at 0x7effbe1d6960>,0,12,[5 5],1,1,13,0,1
1,<environment.Job instance at 0x7effbe1d6550>,1,15,[1 8],2,2,17,0,2
1,<environment.Job instance at 0x7effbe1d65f0>,4,12,[4 7],5,13,25,8,5
1,<environment.Job instance at 0x7effbd07d230>,9,14,[ 4 10],10,25,39,15,14
1,<environment.Job instance at 0x7effbd07da50>,11,20,[1 6],12,98,118,86,98
1,<environment.Job instance at 0x7effbd07da00>,15,23,[9 3],16,101,124,85,101
1,<environment.Job instance at 0x7effbd49fa00>,0,12,[5 5],1,1,13,0,1
1,<environment.Job instance at 0x7effbd49ff00>,1,15,[1 8],2,2,17,0,2
1,<environment.Job instance at 0x7effbd49fb90>,4,12,[4 7],5,13,25,8,13
1,<environment.Job instance at 0x7effbd499aa0>,12,18,[3 8],13,17,35,4,17
1,<environment.Job instance at 0x7effbd7aa460>,19,15,[4 7],20,25,40,5,25
1,<environment.Job instance at 0x7effbd7a31e0>,31,13,[1 7],32,35,48,3,35
1,<environment.Job instance at 0x7effbd7a3320>,29,17,[7 1],30,35,52,5,35
1,<environment.Job instance at 0x7effbd4af500>,37,12,[7 3],38,40,52,2,40
1,<environment.Job instance at 0x7effbd4e6410>,42,12,[2 5],43,52,64,9,52
1,<environment.Job instance at 0x7effbd4d9730>,43,12,[5 5],44,52,64,8,52
1,<environment.Job instance at 0x7effbd4e6d70>,41,17,[8 5],42,52,69,10,52
1,<environment.Job instance at 0x7effbd4e3780>,47,12,[3 7],48,64,76,16,64
1,<environment.Job instance at 0x7effbd07db90>,53,12,[1 5],54,69,81,15,69
1,<environment.Job instance at 0x7effbd4d9640>,44,13,[1 9],45,77,90,32,77
1,<environment.Job instance at 0x7effbcf7e0f0>,67,12,[5 4],68,81,93,13,81
1,<environment.Job instance at 0x7effbd70c7d0>,63,21,[8 2],64,81,102,17,81
1,<environment.Job instance at 0x7effbe4dd550>,69,12,[2 5],70,90,102,20,90
1,<environment.Job instance at 0x7effbe1d6190>,72,16,[4 5],73,93,109,20,93
1,<environment.Job instance at 0x7effbd4afdc0>,38,13,[10  5],39,102,115,63,102
1,<environment.Job instance at 0x7effbd199500>,80,14,[2 5],81,109,123,28,109
1,<environment.Job instance at 0x7effbd199aa0>,83,13,[5 2],84,115,128,31,115
1,<environment.Job instance at 0x7effbd702aa0>,89,16,[5 7],90,115,131,25,115
1,<environment.Job instance at 0x7effbd702fa0>,90,14,[8 1],91,128,142,37,128
1,<environment.Job instance at 0x7effbe3ce140>,60,14,[4 9],61,131,145,70,131
1,<environment.Job instance at 0x7effbdd289b0>,4,13,[7 2],5,5,18,0,5
1,<environment.Job instance at 0x7effbdd28af0>,5,21,[5 1],6,6,27,0,6
1,<environment.Job instance at 0x7effbdd28d20>,7,12,[6 4],8,18,30,10,8
1,<environment.Job instance at 0x7effbdd1b140>,13,16,[6 1],14,27,43,13,14
1,<environment.Job instance at 0x7effbdd1b4b0>,18,12,[ 3 12],19,30,42,11,19
1,<environment.Job instance at 0x7effbdd1b780>,21,12,[4 7],22,42,54,20,25
1,<environment.Job instance at 0x7effbdd1b550>,19,14,[3 7],20,42,56,22,32
1,<environment.Job instance at 0x7effbdd1baa0>,28,13,[8 2],29,54,67,25,38
1,<environment.Job instance at 0x7effbdd301e0>,38,13,[5 1],39,56,69,17,40
1,<environment.Job instance at 0x7effbdd30370>,39,19,[ 2 11],40,56,75,16,48
1,<environment.Job instance at 0x7effbdd1bb90>,30,14,[4 7],31,75,89,44,60
1,<environment.Job instance at 0x7effbdd305f0>,43,25,[2 8],44,75,100,31,71
1,<environment.Job instance at 0x7effbdd307d0>,44,14,[5 4],45,89,103,44,74
1,<environment.Job instance at 0x7effbdd1bcd0>,32,12,[6 5],33,100,112,67,84
1,<environment.Job instance at 0x7effbdd30550>,41,16,[ 3 10],42,103,119,61,90
1,<environment.Job instance at 0x7effbdd30c30>,50,13,[6 1],51,112,125,61,96
1,<environment.Job instance at 0x7effbdd30e10>,53,12,[7 4],54,119,131,65,102
1,<environment.Job instance at 0x7effbdd30dc0>,58,12,[ 5 13],59,131,143,72,114
1,<environment.Job instance at 0x7effbdd30fa0>,56,12,[2 9],57,119,131,62,114
1,<environment.Job instance at 0x7effbdd181e0>,59,18,[1 7],60,143,161,83,132
1,<environment.Job instance at 0x7effbd8afa00>,0,18,[5 3],1,1,19,0,1
1,<environment.Job instance at 0x7effbd8af140>,1,17,[7 5],2,2,19,0,2
1,<environment.Job instance at 0x7effbe404aa0>,7,12,[6 4],8,19,31,11,19
1,<environment.Job instance at 0x7effbe4043c0>,4,13,[7 2],5,19,32,14,19
1,<environment.Job instance at 0x7effbd7021e0>,19,14,[3 7],20,31,45,11,31
1,<environment.Job instance at 0x7effbe4041e0>,5,21,[5 1],6,31,52,25,31
1,<environment.Job instance at 0x7effbd7025f0>,21,12,[4 7],22,32,44,10,32
1,<environment.Job instance at 0x7effbe404550>,13,16,[6 1],14,44,60,30,44
1,<environment.Job instance at 0x7effbd702960>,24,15,[4 8],25,45,60,20,45
1,<environment.Job instance at 0x7effbd702dc0>,27,18,[5 6],28,52,70,24,52
1,<environment.Job instance at 0x7effbd702460>,32,12,[6 5],33,60,72,27,60
1,<environment.Job instance at 0x7effbd702e10>,28,13,[8 2],29,70,83,41,70
1,<environment.Job instance at 0x7effbd1995f0>,38,13,[5 1],39,72,85,33,72
1,<environment.Job instance at 0x7effbe404d70>,2,14,[9 2],3,83,97,80,83
1,<environment.Job instance at 0x7effbe1d65a0>,44,14,[5 4],45,85,99,40,85
1,<environment.Job instance at 0x7effbd702fa0>,30,14,[4 7],31,97,111,66,97
1,<environment.Job instance at 0x7effbe4dd550>,47,12,[6 3],48,97,109,49,97
1,<environment.Job instance at 0x7effbe1d66e0>,50,13,[6 1],51,109,122,58,109
1,<environment.Job instance at 0x7effbd1999b0>,36,17,[4 6],37,109,126,72,109
1,<environment.Job instance at 0x7effbd8af1e0>,3,20,[4 7],4,111,131,107,111
1,<environment.Job instance at 0x7effbe4195a0>,53,12,[7 4],54,126,138,72,126
1,<environment.Job instance at 0x7effbe419140>,56,12,[2 9],57,131,143,74,131
1,<environment.Job instance at 0x7effbdbb1820>,1,14,[6 5],2,2,16,0,2
1,<environment.Job instance at 0x7effbdc76230>,5,16,[6 1],6,6,22,0,6
1,<environment.Job instance at 0x7effbdc76d20>,8,13,[1 6],9,9,22,0,9
1,<environment.Job instance at 0x7effbdc76e60>,18,13,[1 8],19,19,32,0,19
1,<environment.Job instance at 0x7effbe2538c0>,21,16,[10  1],22,22,38,0,22
1,<environment.Job instance at 0x7effbdc76dc0>,16,16,[ 3 10],17,32,48,15,24
1,<environment.Job instance at 0x7effbdc76c30>,17,18,[7 2],18,41,59,23,41
1,<environment.Job instance at 0x7effbe8ee410>,24,15,[3 5],25,48,63,23,41
1,<environment.Job instance at 0x7effbe8ee7d0>,25,14,[9 1],26,59,73,33,48
1,<environment.Job instance at 0x7effbe2534b0>,19,25,[ 1 11],20,65,90,45,65
1,<environment.Job instance at 0x7effbe8ee4b0>,26,14,[4 7],27,90,104,63,76
1,<environment.Job instance at 0x7effbe253b40>,23,28,[1 7],24,90,118,66,89
1,<environment.Job instance at 0x7effbe8ee780>,28,27,[3 8],29,138,165,109,138
1,<environment.Job instance at 0x7effbdce8b40>,1,14,[6 5],2,2,16,0,2
1,<environment.Job instance at 0x7effbdce8280>,2,21,[6 3],3,3,24,0,3
1,<environment.Job instance at 0x7effbd49faa0>,8,13,[1 6],9,9,22,0,9
1,<environment.Job instance at 0x7effbdd30870>,5,16,[6 1],6,16,32,10,16
1,<environment.Job instance at 0x7effbd49f870>,16,16,[ 3 10],17,22,38,5,22
1,<environment.Job instance at 0x7effbe528d70>,6,14,[10  5],7,32,46,25,32
1,<environment.Job instance at 0x7effbd499730>,18,13,[1 8],19,38,51,19,38
1,<environment.Job instance at 0x7effbd499f50>,21,16,[10  1],22,46,62,24,46
1,<environment.Job instance at 0x7effbd7bc820>,24,15,[3 5],25,51,66,26,51
1,<environment.Job instance at 0x7effbd7aa460>,25,14,[9 1],26,62,76,36,62
1,<environment.Job instance at 0x7effbd7aa410>,26,14,[4 7],27,66,80,39,66
1,<environment.Job instance at 0x7effbdd18c80>,3,17,[10  2],4,76,93,72,76
1,<environment.Job instance at 0x7effbd4995a0>,22,17,[4 8],23,80,97,57,80
1,<environment.Job instance at 0x7effbd7a3d20>,37,15,[10  5],38,93,108,55,93
1,<environment.Job instance at 0x7effbd4d95a0>,50,12,[3 6],51,97,109,46,97
1,<environment.Job instance at 0x7effbd4e35f0>,52,17,[4 5],53,108,125,55,108
1,<environment.Job instance at 0x7effbd49fe60>,17,18,[7 2],18,108,126,90,108
1,<environment.Job instance at 0x7effbd4e6aa0>,53,13,[3 7],54,109,122,55,109
1,<environment.Job instance at 0x7effbd500500>,33,18,[4 5],34,122,140,88,122
1,<environment.Job instance at 0x7effbd740c80>,66,12,[5 4],67,126,138,59,126
1,<environment.Job instance at 0x7effbe1d4870>,61,16,[5 5],62,126,142,64,126
1,<environment.Job instance at 0x7effbdd30320>,4,18,[6 5],5,138,156,133,138
1,<environment.Job instance at 0x7effbdec5280>,1,14,[5 5],2,2,16,0,2
1,<environment.Job instance at 0x7effbe11b640>,2,12,[1 8],3,3,15,0,3
1,<environment.Job instance at 0x7effbe11b0a0>,4,12,[7 2],5,5,17,0,5
1,<environment.Job instance at 0x7effbe139640>,10,20,[7 1],11,31,51,20,31
1,<environment.Job instance at 0x7effbe139a50>,13,27,[5 9],14,33,60,19,33
1,<environment.Job instance at 0x7effbe139d70>,14,26,[5 5],15,52,78,37,52
1,<environment.Job instance at 0x7effbe1397d0>,15,25,[9 4],16,60,85,44,58
1,<environment.Job instance at 0x7effbe139f50>,16,12,[ 2 11],17,95,107,78,95
1,<environment.Job instance at 0x7effbd48d910>,1,14,[5 5],2,2,16,0,2
1,<environment.Job instance at 0x7effbd72bd70>,2,12,[1 8],3,3,15,0,3
1,<environment.Job instance at 0x7effbd4e6e10>,4,12,[7 2],5,5,17,0,5
1,<environment.Job instance at 0x7effbd499730>,10,20,[7 1],11,16,36,5,16
1,<environment.Job instance at 0x7effbd49f0a0>,17,13,[2 8],18,18,31,0,18
1,<environment.Job instance at 0x7effbd49f2d0>,19,12,[7 5],20,31,43,11,31
1,<environment.Job instance at 0x7effbe12eeb0>,25,15,[6 1],26,36,51,10,36
1,<environment.Job instance at 0x7effbde743c0>,40,13,[6 4],41,43,56,2,43
1,<environment.Job instance at 0x7effbd6c2a50>,32,14,[5 5],33,51,65,18,51
1,<environment.Job instance at 0x7effbde740f0>,47,14,[2 7],48,56,70,8,56
1,<environment.Job instance at 0x7effbdc009b0>,56,14,[2 6],57,65,79,8,65
1,<environment.Job instance at 0x7effbd9c53c0>,64,15,[5 2],65,65,80,0,65
1,<environment.Job instance at 0x7effbd9c50a0>,66,13,[1 5],67,70,83,3,70
1,<environment.Job instance at 0x7effbe665eb0>,75,16,[9 1],76,79,95,3,79
1,<environment.Job instance at 0x7effbe665b40>,79,14,[5 3],80,80,94,0,80
1,<environment.Job instance at 0x7effbdc00370>,52,17,[4 5],53,94,111,41,94
1,<environment.Job instance at 0x7effbe665910>,84,13,[7 4],85,95,108,10,95
1,<environment.Job instance at 0x7effbe6653c0>,87,14,[1 9],88,109,123,21,109
1,<environment.Job instance at 0x7effbe6655f0>,89,13,[5 1],90,109,122,19,109
1,<environment.Job instance at 0x7effbd1bf5a0>,90,13,[6 4],91,111,124,20,111
1,<environment.Job instance at 0x7effbde74190>,35,17,[7 4],36,123,140,87,123
1,<environment.Job instance at 0x7effbd1bfcd0>,93,19,[8 1],94,125,144,31,125
1,<environment.Job instance at 0x7effc6e509b0>,7,13,[1 5],8,10,23,2,10
1,<environment.Job instance at 0x7effc6e50d20>,9,25,[1 5],10,11,36,1,11
1,<environment.Job instance at 0x7effbe377550>,5,18,[5 4],6,6,24,0,6
1,<environment.Job instance at 0x7effbe377410>,7,13,[1 5],8,8,21,0,8
1,<environment.Job instance at 0x7effbe377960>,8,15,[7 2],9,9,24,0,9
1,<environment.Job instance at 0x7effbe69cf00>,16,13,[8 4],17,24,37,7,24
1,<environment.Job instance at 0x7effbe69c190>,17,16,[5 2],18,24,40,6,24
1,<environment.Job instance at 0x7effbd1bf690>,24,13,[8 4],25,37,50,12,37
1,<environment.Job instance at 0x7effbd1bff00>,39,14,[3 5],40,40,54,0,40
1,<environment.Job instance at 0x7effbd1bf8c0>,32,14,[8 5],33,50,64,17,50
1,<environment.Job instance at 0x7effbe6650a0>,47,16,[5 5],48,54,70,6,54
1,<environment.Job instance at 0x7effbe665d20>,48,18,[1 5],49,54,72,5,54
1,<environment.Job instance at 0x7effbe665be0>,51,14,[8 3],52,64,78,12,64
1,<environment.Job instance at 0x7effbe6659b0>,52,14,[4 7],53,70,84,17,70
1,<environment.Job instance at 0x7effbe665190>,55,14,[5 3],56,78,92,22,78
1,<environment.Job instance at 0x7effbe69c5f0>,15,17,[5 5],16,78,95,62,78
1,<environment.Job instance at 0x7effbe69cd70>,11,19,[5 7],12,84,103,72,84
1,<environment.Job instance at 0x7effbe665cd0>,44,17,[4 8],45,95,112,50,95
1,<environment.Job instance at 0x7effbdc00eb0>,72,16,[7 3],73,103,119,30,103
1,<environment.Job instance at 0x7effbd9c5280>,60,14,[3 9],61,112,126,51,112
1,<environment.Job instance at 0x7effbdc00dc0>,75,17,[4 6],76,119,136,43,119
1,<environment.Job instance at 0x7effbde74e10>,84,14,[5 2],85,126,140,41,126
1,<environment.Job instance at 0x7effbde74d70>,89,12,[6 3],90,136,148,46,136
1,<environment.Job instance at 0x7f7cc8157730>,1,15,[5 2],2,2,17,0,2
1,<environment.Job instance at 0x7f7cbeb0dc80>,5,18,[7 5],6,6,24,0,6
1,<environment.Job instance at 0x7f7cbeb0deb0>,7,12,[7 2],8,17,29,9,8
1,<environment.Job instance at 0x7f7cbeb0dd20>,6,19,[ 1 13],7,24,43,17,22
1,<environment.Job instance at 0x7f7cc81578c0>,9,17,[8 1],10,29,46,19,28
1,<environment.Job instance at 0x7f7cbeb0de10>,10,14,[ 1 14],11,43,57,32,30
1,<environment.Job instance at 0x7f7cbeb11280>,14,14,[14  3],15,57,71,42,47
1,<environment.Job instance at 0x7f7cbeb4c190>,1,15,[5 2],2,2,17,0,2
1,<environment.Job instance at 0x7f7cbeb05a00>,5,18,[7 5],6,6,24,0,6
1,<environment.Job instance at 0x7f7cbeb05c30>,7,12,[7 2],8,17,29,9,17
1,<environment.Job instance at 0x7f7cbeb05af0>,9,17,[8 1],10,24,41,14,24
1,<environment.Job instance at 0x7f7cbeb05d20>,18,18,[3 6],19,29,47,10,29
1,<environment.Job instance at 0x7f7cbeba1230>,12,22,[4 6],13,29,51,16,29
1,<environment.Job instance at 0x7f7cbecb5aa0>,30,15,[8 2],31,41,56,10,41
1,<environment.Job instance at 0x7f7cbecb5d70>,31,13,[4 5],32,51,64,19,51
1,<environment.Job instance at 0x7f7cbec16c30>,39,13,[5 4],40,56,69,16,56
1,<environment.Job instance at 0x7f7cbeb05190>,11,14,[10  4],12,64,78,52,64
1,<environment.Job instance at 0x7f7cbebcf910>,44,14,[8 4],45,78,92,33,78
1,<environment.Job instance at 0x7f7cbebcff50>,43,14,[6 1],44,78,92,34,78
1,<environment.Job instance at 0x7f7cbebb2410>,33,16,[9 3],34,93,109,59,93
1,<environment.Job instance at 0x7f7cbecba410>,55,15,[6 2],56,93,108,37,93
1,<environment.Job instance at 0x7f7cbebcf870>,47,16,[6 2],48,108,124,60,108
1,<environment.Job instance at 0x7f7cbec31b40>,23,18,[7 4],24,110,128,86,110
1,<environment.Job instance at 0x7f7cbec1c730>,61,14,[ 2 10],62,124,138,62,124
1,<environment.Job instance at 0x7f7cbecba690>,56,13,[10  1],57,128,141,71,128
1,<environment.Job instance at 0x7f7cbebceb90>,66,12,[6 1],67,141,153,74,141
1,<environment.Job instance at 0x7f7cbebcef50>,67,13,[3 5],68,142,155,74,142
1,<environment.Job instance at 0x7f7cbebceaf0>,70,22,[5 6],71,142,164,71,142
1,<environment.Job instance at 0x7f7cbe2604b0>,0,15,[6 2],1,1,16,0,1
1,<environment.Job instance at 0x7f7cbe260230>,1,15,[6 2],2,2,17,0,2
1,<environment.Job instance at 0x7f7cbe25e500>,7,16,[6 2],8,16,32,8,8
1,<environment.Job instance at 0x7f7cbe25eb40>,10,15,[8 3],11,17,32,6,11
1,<environment.Job instance at 0x7f7cbe25e140>,5,13,[2 6],6,32,45,26,20
1,<environment.Job instance at 0x7f7cbe25ff50>,17,13,[4 5],18,32,45,14,22
1,<environment.Job instance at 0x7f7cbe25f410>,23,16,[7 1],24,32,48,8,31
1,<environment.Job instance at 0x7f7cbe342960>,31,13,[ 4 10],32,45,58,13,33
1,<environment.Job instance at 0x7f7cbe342370>,35,19,[5 1],36,48,67,12,41
1,<environment.Job instance at 0x7f7cbe33ef00>,41,12,[ 5 11],42,58,70,16,43
1,<environment.Job instance at 0x7f7cbe33efa0>,40,12,[11  1],41,70,82,29,53
1,<environment.Job instance at 0x7f7cbe33e460>,42,15,[ 3 11],43,73,88,30,73
1,<environment.Job instance at 0x7f7cc82c2a00>,63,21,[ 4 12],64,88,109,24,82
1,<environment.Job instance at 0x7f7cbe1205a0>,64,17,[2 9],65,139,156,74,139
1,<environment.Job instance at 0x7f7cbe29f1e0>,60,13,[11  1],61,141,154,80,141
1,<environment.Job instance at 0x7f7cbe336640>,0,15,[6 2],1,1,16,0,1
1,<environment.Job instance at 0x7f7cbe338370>,1,15,[6 2],2,2,17,0,2
1,<environment.Job instance at 0x7f7cbe338320>,5,13,[2 6],6,6,19,0,6
1,<environment.Job instance at 0x7f7cbe2bccd0>,7,16,[6 2],8,16,32,8,16
1,<environment.Job instance at 0x7f7cbe2d0550>,17,13,[4 5],18,18,31,0,18
1,<environment.Job instance at 0x7f7cbe435960>,10,15,[8 3],11,31,46,20,31
1,<environment.Job instance at 0x7f7cbe2dbe10>,31,13,[ 4 10],32,32,45,0,32
1,<environment.Job instance at 0x7f7cbe2db820>,32,14,[4 7],33,45,59,12,45
1,<environment.Job instance at 0x7f7cbe2d45f0>,23,16,[7 1],24,46,62,22,46
1,<environment.Job instance at 0x7f7cbe2c9960>,21,18,[ 4 10],22,59,77,37,59
1,<environment.Job instance at 0x7f7cbe3142d0>,48,17,[10  5],49,62,79,13,62
1,<environment.Job instance at 0x7f7cbe323870>,64,17,[2 9],65,77,94,12,77
1,<environment.Job instance at 0x7f7cbe455d20>,66,17,[10  4],67,79,96,12,79
1,<environment.Job instance at 0x7f7cbe36b960>,70,12,[5 9],71,94,106,23,94
1,<environment.Job instance at 0x7f7cbe45a0a0>,58,17,[10  2],59,96,113,37,96
1,<environment.Job instance at 0x7f7cbe284690>,71,14,[2 9],72,106,120,34,106
1,<environment.Job instance at 0x7f7cbe2d4500>,27,18,[10  1],28,113,131,85,113
1,<environment.Job instance at 0x7f7cbe3264b0>,77,15,[5 6],78,120,135,42,120
1,<environment.Job instance at 0x7f7cbe2845f0>,73,15,[5 9],74,132,147,58,132
1,<environment.Job instance at 0x7f7cbe293dc0>,87,20,[5 2],88,136,156,48,136
1,<environment.Job instance at 0x7f7cbe326230>,80,15,[ 5 10],81,148,163,67,148
1,<environment.Job instance at 0x7f7cbe19cf50>,1,15,[4 8],2,2,17,0,2
1,<environment.Job instance at 0x7f7cbe19c2d0>,4,16,[ 2 11],5,17,33,12,5
1,<environment.Job instance at 0x7f7cbe1b4870>,14,17,[12  2],15,24,41,9,24
1,<environment.Job instance at 0x7f7cbe1b4460>,17,24,[ 1 11],18,33,57,15,28
1,<environment.Job instance at 0x7f7cbe1b4fa0>,18,18,[ 4 12],19,57,75,38,48
1,<environment.Job instance at 0x7f7cbe1b4b90>,19,18,[ 3 10],20,75,93,55,64
1,<environment.Job instance at 0x7f7cbe1b48c0>,20,14,[7 2],21,130,144,109,130
1,<environment.Job instance at 0x7f7cbe1b43c0>,21,19,[8 2],22,130,149,108,130
1,<environment.Job instance at 0x7f7cbe1b40f0>,13,26,[4 8],14,144,170,130,142
1,<environment.Job instance at 0x7f7cbe1b4640>,15,19,[11  2],16,149,168,133,149
1,<environment.Job instance at 0x7f7cbe332d70>,1,15,[4 8],2,2,17,0,2
1,<environment.Job instance at 0x7f7cbe332b40>,3,22,[10  2],4,4,26,0,4
1,<environment.Job instance at 0x7f7cbe435960>,6,14,[5 3],7,17,31,10,17
1,<environment.Job instance at 0x7f7cbf6765a0>,20,14,[7 2],21,26,40,5,26
1,<environment.Job instance at 0x7f7cbf405e60>,19,18,[ 3 10],20,26,44,6,26
1,<environment.Job instance at 0x7f7cbe4e3f50>,7,14,[8 5],8,40,54,32,40
1,<environment.Job instance at 0x7f7cbec96960>,35,13,[2 5],36,44,57,8,44
1,<environment.Job instance at 0x7f7cbe620cd0>,40,12,[4 7],41,54,66,13,54
1,<environment.Job instance at 0x7f7cbf3695a0>,24,16,[8 3],25,54,70,29,54
1,<environment.Job instance at 0x7f7cbef9a0f0>,32,13,[ 4 10],33,66,79,33,66
1,<environment.Job instance at 0x7f7cbefb1230>,47,17,[6 3],48,70,87,22,70
1,<environment.Job instance at 0x7f7cbe4ad410>,56,15,[5 7],57,79,94,22,79
1,<environment.Job instance at 0x7f7cbec96230>,33,16,[2 8],34,87,103,53,87
1,<environment.Job instance at 0x7f7cbe96e5a0>,64,12,[8 2],65,94,106,29,94
1,<environment.Job instance at 0x7f7cbe4b26e0>,60,17,[5 4],61,94,111,33,94
1,<environment.Job instance at 0x7f7cbe9543c0>,50,17,[2 8],51,103,120,52,103
1,<environment.Job instance at 0x7f7cbe62c550>,66,18,[8 1],67,106,124,39,106
1,<environment.Job instance at 0x7f7cbe96e230>,67,13,[7 5],68,120,133,52,120
1,<environment.Job instance at 0x7f7cbe62c410>,68,13,[1 7],69,125,138,56,125
1,<environment.Job instance at 0x7f7cbe55eb90>,72,15,[10  5],73,133,148,60,133
1,<environment.Job instance at 0x7f7cbe2204b0>,80,14,[3 6],81,138,152,57,138
1,<environment.Job instance at 0x7f7cbe4b2960>,63,14,[4 9],64,149,163,85,149
1,<environment.Job instance at 0x7f7cbe7a4690>,4,12,[3 5],5,5,17,0,5
1,<environment.Job instance at 0x7f7cbe4aec30>,1,16,[1 8],2,2,18,0,2
1,<environment.Job instance at 0x7f7cbe74fa50>,4,12,[3 5],5,5,17,0,5
1,<environment.Job instance at 0x7f7cbe2200f0>,15,14,[3 6],16,17,31,1,17
1,<environment.Job instance at 0x7f7cbe74fb90>,5,14,[5 8],6,18,32,12,18
1,<environment.Job instance at 0x7f7cbe4ec4b0>,19,16,[2 5],20,31,47,11,31
1,<environment.Job instance at 0x7f7cbe62c9b0>,29,12,[2 9],30,32,44,2,32
1,<environment.Job instance at 0x7f7cbe4ada50>,30,14,[8 1],31,32,46,1,32
1,<environment.Job instance at 0x7f7cbe2204b0>,18,13,[1 9],19,44,57,25,44
1,<environment.Job instance at 0x7f7cbf6a6be0>,37,12,[1 6],38,47,59,9,47
1,<environment.Job instance at 0x7f7cbe55eb90>,23,14,[1 9],24,57,71,33,57
1,<environment.Job instance at 0x7f7cbf01ca50>,39,16,[7 3],40,59,75,19,59
1,<environment.Job instance at 0x7f7cbf3e11e0>,45,14,[8 2],46,71,85,25,71
1,<environment.Job instance at 0x7f7cc7cca960>,42,14,[ 4 10],43,75,89,32,75
1,<environment.Job instance at 0x7f7cbf6527d0>,53,17,[6 1],54,85,102,31,85
1,<environment.Job instance at 0x7f7cbf6a9690>,55,12,[ 2 10],56,89,101,33,89
1,<environment.Job instance at 0x7f7cbe534a50>,9,19,[6 4],10,89,108,79,89
1,<environment.Job instance at 0x7f7cbefb4230>,44,17,[2 5],45,101,118,56,101
1,<environment.Job instance at 0x7f7cbf2fb2d0>,58,17,[7 3],59,102,119,43,102
1,<environment.Job instance at 0x7f7cbe332e60>,63,18,[4 7],64,108,126,44,108
1,<environment.Job instance at 0x7f7cbefbacd0>,56,15,[9 2],57,119,134,62,119
1,<environment.Job instance at 0x7f7cbe6a2320>,76,15,[5 7],77,126,141,49,126
1,<environment.Job instance at 0x7f7cc82c0c30>,80,12,[8 1],81,134,146,53,134
1,<environment.Job instance at 0x7f7cbf680910>,51,18,[5 8],52,141,159,89,141
1,<environment.Job instance at 0x7f7cc82c0960>,86,13,[10  5],87,146,159,59,146
1,<environment.Job instance at 0x7f7cbe9975f0>,5,12,[4 8],6,6,18,0,6
1,<environment.Job instance at 0x7f7cbe9865f0>,10,12,[ 3 12],11,18,30,7,13
1,<environment.Job instance at 0x7f7cbe9b3230>,15,16,[5 5],16,30,46,14,18
1,<environment.Job instance at 0x7f7cbe986500>,9,16,[ 3 12],10,46,62,36,37
1,<environment.Job instance at 0x7f7cbe9b3730>,17,17,[4 5],18,62,79,44,52
1,<environment.Job instance at 0x7f7cbe9b3870>,18,13,[8 5],19,62,75,43,52
1,<environment.Job instance at 0x7f7cbe56fa00>,19,13,[3 9],20,75,88,55,74
1,<environment.Job instance at 0x7f7cbe4d1a00>,20,14,[ 2 11],21,88,102,67,76
1,<environment.Job instance at 0x7f7cbe986b90>,16,12,[ 3 12],17,102,114,85,85
1,<environment.Job instance at 0x7f7cbe639410>,1,17,[2 7],2,2,19,0,2
1,<environment.Job instance at 0x7f7cbe6207d0>,5,12,[4 8],6,6,18,0,6
1,<environment.Job instance at 0x7f7cbe60a280>,15,16,[5 5],16,18,34,2,18
1,<environment.Job instance at 0x7f7cbe60a4b0>,18,13,[8 5],19,19,32,0,19
1,<environment.Job instance at 0x7f7cbe788cd0>,25,12,[1 9],26,32,44,6,32
1,<environment.Job instance at 0x7f7cbe788780>,26,15,[8 2],27,34,49,7,34
1,<environment.Job instance at 0x7f7cbe60a7d0>,19,13,[3 9],20,44,57,24,44
1,<environment.Job instance at 0x7f7cbe788d70>,31,13,[6 1],32,49,62,17,49
1,<environment.Job instance at 0x7f7cbe60a8c0>,21,16,[6 5],22,49,65,27,49
1,<environment.Job instance at 0x7f7cbe788870>,32,13,[1 8],33,57,70,24,57
1,<environment.Job instance at 0x7f7cbe788af0>,36,15,[6 1],37,65,80,28,65
1,<environment.Job instance at 0x7f7cbe60aaa0>,17,17,[4 5],18,65,82,47,65
1,<environment.Job instance at 0x7f7cbe639a00>,2,14,[4 9],3,70,84,67,70
1,<environment.Job instance at 0x7f7cbe788eb0>,38,14,[6 5],39,82,96,43,82
1,<environment.Job instance at 0x7f7cbeae10a0>,40,12,[1 5],41,85,97,44,85
1,<environment.Job instance at 0x7f7cc82c0050>,52,20,[4 5],53,86,106,33,86
1,<environment.Job instance at 0x7f7cc82c0dc0>,51,15,[10  1],52,96,111,44,96
1,<environment.Job instance at 0x7f7cbe7885a0>,35,13,[ 5 10],36,106,119,70,106
1,<environment.Job instance at 0x7f7cbe332870>,67,13,[7 5],68,111,124,43,111
1,<environment.Job instance at 0x7f7cbe3325a0>,68,13,[1 8],69,119,132,50,119
1,<environment.Job instance at 0x7f7cbe6a2780>,59,14,[6 5],60,124,138,64,124
1,<environment.Job instance at 0x7f7cbe6a2eb0>,60,13,[5 8],61,133,146,72,133
1,<environment.Job instance at 0x7f7cbf2cec30>,77,13,[10  4],78,138,151,60,138
1,<environment.Job instance at 0x7f7cc82c9870>,81,13,[ 4 10],82,146,159,64,146
1,<environment.Job instance at 0x7f7cbec4e6e0>,0,18,[5 2],1,1,19,0,1
1,<environment.Job instance at 0x7f7cbec64aa0>,10,22,[2 7],11,11,33,0,11
1,<environment.Job instance at 0x7f7cbec645f0>,17,12,[9 1],18,19,31,1,18
1,<environment.Job instance at 0x7f7cbec64870>,14,15,[5 8],15,31,46,16,19
1,<environment.Job instance at 0x7f7cbec64820>,15,15,[4 9],16,46,61,30,34
1,<environment.Job instance at 0x7f7cbec64cd0>,24,19,[ 4 11],25,61,80,36,51
1,<environment.Job instance at 0x7f7cbec64280>,22,17,[ 1 14],23,80,97,57,74
1,<environment.Job instance at 0x7f7cbe55dcd0>,29,23,[14  3],30,97,120,67,91
1,<environment.Job instance at 0x7f7cbe55d690>,28,19,[ 1 14],29,120,139,91,113
1,<environment.Job instance at 0x7f7cbe55dd20>,31,27,[5 5],32,139,166,107,137
1,<environment.Job instance at 0x7f7cbe60aaf0>,0,18,[5 2],1,1,19,0,1
1,<environment.Job instance at 0x7f7cbe60a7d0>,1,20,[3 7],2,2,22,0,2
1,<environment.Job instance at 0x7f7cbe55db90>,17,12,[9 1],18,19,31,1,19
1,<environment.Job instance at 0x7f7cbec64d20>,20,13,[3 5],21,22,35,1,22
1,<environment.Job instance at 0x7f7cbe60aa50>,5,21,[2 8],6,22,43,16,22
1,<environment.Job instance at 0x7f7cbe60a960>,13,20,[8 2],14,31,51,17,31
1,<environment.Job instance at 0x7f7cbe60a5a0>,14,15,[5 8],15,43,58,28,43
1,<environment.Job instance at 0x7f7cbe60aaa0>,2,14,[8 3],3,51,65,48,51
1,<environment.Job instance at 0x7f7cbf65cbe0>,48,13,[5 3],49,58,71,9,58
1,<environment.Job instance at 0x7f7cbe60a1e0>,10,22,[2 7],11,58,80,47,58
1,<environment.Job instance at 0x7f7cbf65c5a0>,47,14,[8 2],48,65,79,17,65
1,<environment.Job instance at 0x7f7cbe2181e0>,55,14,[4 7],56,79,93,23,79
1,<environment.Job instance at 0x7f7cbe4874b0>,37,18,[9 1],38,79,97,41,79
1,<environment.Job instance at 0x7f7cbe9971e0>,58,14,[ 2 10],59,93,107,34,93
1,<environment.Job instance at 0x7f7cbe2182d0>,56,16,[9 4],57,97,113,40,97
1,<environment.Job instance at 0x7f7cbe920320>,15,15,[4 9],16,107,122,91,107
1,<environment.Job instance at 0x7f7cbf1f40f0>,62,16,[5 5],63,113,129,50,113
1,<environment.Job instance at 0x7f7cbed8a870>,74,13,[5 5],75,122,135,47,122
1,<environment.Job instance at 0x7f7cbe713f50>,66,18,[1 5],67,122,140,55,122
1,<environment.Job instance at 0x7f7cbed8ab40>,76,16,[8 3],77,129,145,52,129
1,<environment.Job instance at 0x7f7cbe5b4c30>,83,18,[5 5],84,135,153,51,135
1,<environment.Job instance at 0x7f7cbf54c4b0>,87,14,[5 1],88,146,160,58,146
1,<environment.Job instance at 0x7f7cbf27e230>,61,18,[5 5],62,146,164,84,146
1,<environment.Job instance at 0x7f7cbf657410>,1,16,[6 3],2,2,18,0,2
1,<environment.Job instance at 0x7f7cbe7f7280>,6,21,[8 1],7,7,28,0,7
1,<environment.Job instance at 0x7f7cbe7f7320>,4,26,[10  2],5,28,54,23,26
1,<environment.Job instance at 0x7f7cbe7faa00>,12,23,[4 7],13,38,61,25,38
1,<environment.Job instance at 0x7f7cbe7fa8c0>,13,19,[ 4 10],14,61,80,47,51
1,<environment.Job instance at 0x7f7cbe7fa280>,14,18,[10  1],15,55,73,40,55
1,<environment.Job instance at 0x7f7cbe7f76e0>,9,16,[14  1],10,80,96,70,68
1,<environment.Job instance at 0x7f7cbe7fa5a0>,16,15,[9 4],17,96,111,79,82
1,<environment.Job instance at 0x7f7cbe336dc0>,8,28,[8 3],9,119,147,110,119
1,<environment.Job instance at 0x7f7cbe7fa1e0>,18,14,[5 7],19,121,135,102,121
1,<environment.Job instance at 0x7f7cbe7f7960>,11,24,[ 3 12],12,135,159,123,133
1,<environment.Job instance at 0x7f7cbe7fa820>,20,13,[14  5],21,159,172,138,143
1,<environment.Job instance at 0x7f7cbe981af0>,1,16,[6 3],2,2,18,0,2
1,<environment.Job instance at 0x7f7cbe788190>,6,21,[8 1],7,7,28,0,7
1,<environment.Job instance at 0x7f7cbe788820>,18,14,[5 7],19,28,42,9,28
1,<environment.Job instance at 0x7f7cbe788370>,16,15,[9 4],17,28,43,11,28
1,<environment.Job instance at 0x7f7cbe397b40>,27,16,[4 8],28,42,58,14,42
1,<environment.Job instance at 0x7f7cbe788280>,10,18,[10  5],11,43,61,32,43
1,<environment.Job instance at 0x7f7cbed71910>,29,15,[2 8],30,58,73,28,58
1,<environment.Job instance at 0x7f7cbe79ccd0>,31,12,[6 1],32,61,73,29,61
1,<environment.Job instance at 0x7f7cbe788dc0>,17,21,[4 6],18,61,82,43,61
1,<environment.Job instance at 0x7f7cbe77f5a0>,34,16,[10  5],35,73,89,38,73
1,<environment.Job instance at 0x7f7cbf54c4b0>,39,13,[ 1 10],40,82,95,42,82
1,<environment.Job instance at 0x7f7cbe6f6c80>,43,13,[8 2],44,89,102,45,89
1,<environment.Job instance at 0x7f7cbed8aeb0>,49,13,[1 8],50,95,108,45,95
1,<environment.Job instance at 0x7f7cc8045dc0>,42,16,[9 4],43,102,118,59,102
1,<environment.Job instance at 0x7f7cbed71550>,36,16,[1 7],37,108,124,71,108
1,<environment.Job instance at 0x7f7cbe8e5460>,59,18,[3 8],60,118,136,58,118
1,<environment.Job instance at 0x7f7cbe788c80>,14,18,[10  1],15,124,142,109,124
1,<environment.Job instance at 0x7f7cbe8e5320>,61,14,[ 4 10],62,136,150,74,136
1,<environment.Job instance at 0x7f7cbf677e10>,73,21,[9 1],74,143,164,69,143
1,<environment.Job instance at 0x7f7cc7d3b1e0>,4,12,[6 3],5,5,17,0,5
1,<environment.Job instance at 0x7f7cc7d3b4b0>,8,13,[2 6],9,10,23,1,10
1,<environment.Job instance at 0x7f7cc7d3bfa0>,6,18,[11  3],7,17,35,10,11
1,<environment.Job instance at 0x7f7cbe54bf50>,7,12,[4 6],8,23,35,15,13
1,<environment.Job instance at 0x7f7cc7d3b6e0>,10,15,[14  4],11,35,50,24,23
1,<environment.Job instance at 0x7f7cbe40b050>,14,23,[ 4 10],15,50,73,35,45
1,<environment.Job instance at 0x7f7cbe40b1e0>,15,25,[1 8],16,73,98,57,73
1,<environment.Job instance at 0x7f7cbe40bcd0>,16,27,[ 3 12],17,98,125,81,97
1,<environment.Job instance at 0x7f7cbe348b40>,4,12,[6 3],5,5,17,0,5
1,<environment.Job instance at 0x7f7cbe5aceb0>,7,12,[4 6],8,8,20,0,8
1,<environment.Job instance at 0x7f7cbe5ac320>,8,13,[2 6],9,9,22,0,9
1,<environment.Job instance at 0x7f7cbe5ac730>,9,13,[10  4],10,20,33,10,20
1,<environment.Job instance at 0x7f7cbf24eaa0>,17,13,[3 9],18,22,35,4,22
1,<environment.Job instance at 0x7f7cbf53e500>,30,18,[7 5],31,33,51,2,33
1,<environment.Job instance at 0x7f7cbed8a8c0>,33,13,[1 7],34,35,48,1,35
1,<environment.Job instance at 0x7f7cbed8a3c0>,39,12,[7 4],40,48,60,8,48
1,<environment.Job instance at 0x7f7cbe2182d0>,34,13,[3 5],35,51,64,16,51
1,<environment.Job instance at 0x7f7cbed8a410>,41,14,[8 1],42,60,74,18,60
1,<environment.Job instance at 0x7f7cbf307500>,31,15,[2 7],32,60,75,28,60
1,<environment.Job instance at 0x7f7cbe397b40>,49,12,[8 1],50,74,86,24,74
1,<environment.Job instance at 0x7f7cc83258c0>,53,14,[4 9],54,75,89,21,75
1,<environment.Job instance at 0x7f7cbe7649b0>,50,14,[10  2],51,86,100,35,86
1,<environment.Job instance at 0x7f7cbea8aaf0>,61,12,[ 1 10],62,89,101,27,89
1,<environment.Job instance at 0x7f7cc7d3b5a0>,59,15,[5 5],60,100,115,40,100
1,<environment.Job instance at 0x7f7cbed8a370>,35,16,[3 9],36,102,118,66,102
1,<environment.Job instance at 0x7f7cbea8ab90>,69,13,[5 5],70,115,128,45,115
1,<environment.Job instance at 0x7f7cbea8a460>,73,14,[4 5],74,118,132,44,118
1,<environment.Job instance at 0x7f7cbea8a7d0>,75,14,[1 7],76,128,142,52,128
1,<environment.Job instance at 0x7f7cbf75c460>,19,21,[8 3],20,128,149,108,128
1,<environment.Job instance at 0x7f7cbea8a4b0>,76,13,[4 5],77,132,145,55,132
1,<environment.Job instance at 0x7f7cbea8a410>,66,16,[5 6],67,146,162,79,146
1,<environment.Job instance at 0x7f7cbddd6d70>,0,14,[8 4],1,1,15,0,1
1,<environment.Job instance at 0x7f7cbddd6820>,7,20,[4 5],8,18,38,10,18
1,<environment.Job instance at 0x7f7cbddd6c30>,8,14,[5 7],9,19,33,10,19
1,<environment.Job instance at 0x7f7cbddd67d0>,12,15,[13  4],13,38,53,25,25
1,<environment.Job instance at 0x7f7cbddd69b0>,11,21,[ 2 12],12,53,74,41,45
1,<environment.Job instance at 0x7f7cbdf4ec80>,14,24,[9 3],15,67,91,52,67
1,<environment.Job instance at 0x7f7cbddd6c80>,9,25,[ 3 10],10,77,102,67,77
1,<environment.Job instance at 0x7f7cbdf4e690>,15,28,[9 3],16,101,129,85,101
1,<environment.Job instance at 0x7f7cbdf4eaa0>,17,22,[5 7],18,127,149,109,127
1,<environment.Job instance at 0x7f7cbddd65f0>,13,28,[3 8],14,138,166,124,138
1,<environment.Job instance at 0x7f7cbe84b0f0>,0,14,[8 4],1,1,15,0,1
1,<environment.Job instance at 0x7f7cbe84ba00>,7,20,[4 5],8,8,28,0,8
1,<environment.Job instance at 0x7f7cbe84b690>,8,14,[5 7],9,15,29,6,15
1,<environment.Job instance at 0x7f7cbea8a5a0>,26,18,[1 6],27,28,46,1,28
1,<environment.Job instance at 0x7f7cbea8ab40>,27,20,[1 9],28,29,49,1,29
1,<environment.Job instance at 0x7f7cbede5dc0>,37,15,[6 1],38,46,61,8,46
1,<environment.Job instance at 0x7f7cbea8a140>,31,17,[7 3],32,46,63,14,46
1,<environment.Job instance at 0x7f7cbedfd190>,57,18,[5 5],58,61,79,3,61
1,<environment.Job instance at 0x7f7cbe808320>,62,14,[10  1],63,63,77,0,63
1,<environment.Job instance at 0x7f7cbe808410>,65,12,[ 5 10],66,77,89,11,77
1,<environment.Job instance at 0x7f7cbe0e20a0>,46,16,[9 2],47,79,95,32,79
1,<environment.Job instance at 0x7f7cbe808c80>,67,16,[1 6],68,89,105,21,89
1,<environment.Job instance at 0x7f7cbea8acd0>,17,22,[5 7],18,89,111,71,89
1,<environment.Job instance at 0x7f7cbe81fd70>,79,16,[7 2],80,95,111,15,95
1,<environment.Job instance at 0x7f7cbe800cd0>,82,14,[8 5],83,111,125,28,111
1,<environment.Job instance at 0x7f7cbf5fc230>,86,14,[1 8],87,111,125,24,111
1,<environment.Job instance at 0x7f7cbf005050>,88,15,[10  1],89,125,140,36,125
1,<environment.Job instance at 0x7f7cbe800280>,85,16,[1 6],86,125,141,39,125
1,<environment.Job instance at 0x7f7cbee13b40>,98,14,[1 7],99,125,139,26,125
1,<environment.Job instance at 0x7f7cbee13460>,93,16,[3 7],94,139,155,45,139
1,<environment.Job instance at 0x7f7cbee13e10>,100,13,[5 5],101,141,154,40,141
1,<environment.Job instance at 0x7f7cbeb3ca50>,2,15,[3 7],3,3,18,0,3
1,<environment.Job instance at 0x7f7cbeb3c640>,11,23,[ 5 12],12,21,44,9,21
1,<environment.Job instance at 0x7f7cbe04d5f0>,2,15,[3 7],3,3,18,0,3
1,<environment.Job instance at 0x7f7cc7c8f1e0>,5,19,[2 5],6,6,25,0,6
1,<environment.Job instance at 0x7f7cbe04d870>,7,16,[8 4],8,18,34,10,18
1,<environment.Job instance at 0x7f7cc7cdbf50>,24,14,[3 7],25,25,39,0,25
1,<environment.Job instance at 0x7f7cbee099b0>,21,13,[10  3],22,34,47,12,34
1,<environment.Job instance at 0x7f7cbee135a0>,32,18,[3 5],33,39,57,6,39
1,<environment.Job instance at 0x7f7cbee13f00>,36,15,[ 4 10],37,47,62,10,47
1,<environment.Job instance at 0x7f7cbe80e870>,17,16,[9 1],18,57,73,39,57
1,<environment.Job instance at 0x7f7cbee13550>,37,12,[ 1 10],38,62,74,24,62
1,<environment.Job instance at 0x7f7cbedf24b0>,25,20,[5 1],26,62,82,36,62
1,<environment.Job instance at 0x7f7cbf0fdaf0>,42,13,[3 9],43,74,87,31,74
1,<environment.Job instance at 0x7f7cbf5fc9b0>,48,17,[1 5],49,74,91,25,74
1,<environment.Job instance at 0x7f7cbe800af0>,53,18,[7 1],54,82,100,28,82
1,<environment.Job instance at 0x7f7cbe8352d0>,59,13,[5 8],60,88,101,28,88
1,<environment.Job instance at 0x7f7cbe808320>,68,19,[2 5],69,92,111,23,92
1,<environment.Job instance at 0x7f7cbe808410>,70,12,[7 2],71,101,113,30,101
1,<environment.Job instance at 0x7f7cbee13780>,34,18,[5 6],35,102,120,67,102
1,<environment.Job instance at 0x7f7cbe829fa0>,76,19,[3 7],77,112,131,35,112
1,<environment.Job instance at 0x7f7cbe8219b0>,71,20,[6 1],72,113,133,41,113
1,<environment.Job instance at 0x7f7cbe809a50>,79,17,[5 4],80,120,137,40,120
1,<environment.Job instance at 0x7f7cbe8002d0>,51,18,[1 9],52,131,149,79,131
1,<environment.Job instance at 0x7f7cbe8290a0>,82,19,[8 1],83,134,153,51,134
1,<environment.Job instance at 0x7f7cbedd8e10>,84,13,[6 5],85,137,150,52,137
1,<environment.Job instance at 0x7f7cbea35eb0>,5,12,[3 5],6,6,18,0,6
1,<environment.Job instance at 0x7f7cbea35320>,9,18,[14  2],10,18,36,8,10
1,<environment.Job instance at 0x7f7cbe959780>,11,15,[1 7],12,14,29,2,14
1,<environment.Job instance at 0x7f7cbe9595a0>,14,14,[4 8],15,36,50,21,23
1,<environment.Job instance at 0x7f7cbe9590f0>,15,12,[9 1],16,36,48,20,23
1,<environment.Job instance at 0x7f7cbf405460>,3,14,[10  5],4,4,18,0,4
1,<environment.Job instance at 0x7f7cbf405b90>,5,12,[3 5],6,6,18,0,6
1,<environment.Job instance at 0x7f7cbf3d8640>,15,12,[9 1],16,18,30,2,18
1,<environment.Job instance at 0x7f7cbf3d8050>,14,14,[4 8],15,18,32,3,18
1,<environment.Job instance at 0x7f7cbf3d8d20>,20,13,[9 3],21,30,43,9,30
1,<environment.Job instance at 0x7f7cbf3d83c0>,11,15,[1 7],12,32,47,20,32
1,<environment.Job instance at 0x7f7cbef55870>,26,13,[10  1],27,43,56,16,43
1,<environment.Job instance at 0x7f7cbef557d0>,28,15,[ 5 10],29,47,62,18,47
1,<environment.Job instance at 0x7f7cbf405af0>,12,14,[10  2],13,56,70,43,56
1,<environment.Job instance at 0x7f7cbeb3c780>,37,15,[ 4 10],38,62,77,24,62
1,<environment.Job instance at 0x7f7cbf405870>,4,16,[10  2],5,70,86,65,70
1,<environment.Job instance at 0x7f7cbede5640>,45,15,[3 9],46,77,92,31,77
1,<environment.Job instance at 0x7f7cbe0f26e0>,44,14,[9 1],45,86,100,41,86
1,<environment.Job instance at 0x7f7cbef55a50>,30,15,[5 8],31,92,107,61,92
1,<environment.Job instance at 0x7f7cbedd85a0>,49,13,[8 3],50,100,113,50,100
1,<environment.Job instance at 0x7f7cbe829730>,63,13,[3 9],64,107,120,43,107
1,<environment.Job instance at 0x7f7cbede5dc0>,47,16,[5 1],48,113,129,65,113
1,<environment.Job instance at 0x7f7cbe82f500>,70,14,[9 2],71,120,134,49,120
1,<environment.Job instance at 0x7f7cbe81f0a0>,78,14,[4 9],79,129,143,50,129
1,<environment.Job instance at 0x7f7cbe81f370>,77,15,[3 8],78,144,159,66,144
1,<environment.Job instance at 0x7f7cbea06d70>,85,18,[4 6],86,144,162,58,144
1,<environment.Job instance at 0x7f7cbf20eaf0>,7,12,[7 2],8,8,20,0,8
1,<environment.Job instance at 0x7f7cbf20eb40>,8,25,[1 7],9,9,34,0,9
1,<environment.Job instance at 0x7f7cbf20ecd0>,9,16,[3 5],10,10,26,0,10
1,<environment.Job instance at 0x7f7cbf20e1e0>,12,28,[9 3],13,20,48,7,20
1,<environment.Job instance at 0x7f7cbe979b40>,0,21,[5 3],1,1,22,0,1
1,<environment.Job instance at 0x7f7cbdf744b0>,5,17,[8 3],6,6,23,0,6
1,<environment.Job instance at 0x7f7cbf532410>,15,15,[1 8],16,16,31,0,16
1,<environment.Job instance at 0x7f7cbe1551e0>,7,12,[7 2],8,23,35,15,23
1,<environment.Job instance at 0x7f7cbe979410>,9,16,[3 5],10,23,39,13,23
1,<environment.Job instance at 0x7f7cbf532e10>,21,13,[5 8],22,31,44,9,31
1,<environment.Job instance at 0x7f7cbf53f640>,22,16,[5 2],23,35,51,12,35
1,<environment.Job instance at 0x7f7cbf525460>,25,12,[7 5],26,44,56,18,44
1,<environment.Job instance at 0x7f7cbf54fdc0>,33,17,[1 7],34,44,61,10,44
1,<environment.Job instance at 0x7f7cbdf66d20>,42,12,[7 3],43,51,63,8,51
1,<environment.Job instance at 0x7f7cbf53fd70>,26,14,[7 5],27,56,70,29,56
1,<environment.Job instance at 0x7f7cbf53f5a0>,20,14,[ 4 10],21,63,77,42,63
1,<environment.Job instance at 0x7f7cbe5fa0f0>,52,14,[8 4],53,70,84,17,70
1,<environment.Job instance at 0x7f7cbe5fa2d0>,47,17,[5 9],48,77,94,29,77
1,<environment.Job instance at 0x7f7cbe5f56e0>,56,14,[9 3],57,84,98,27,84
1,<environment.Job instance at 0x7f7cbf53bdc0>,61,13,[4 5],62,94,107,32,94
1,<environment.Job instance at 0x7f7cbe9ed640>,63,14,[8 4],64,99,113,35,99
1,<environment.Job instance at 0x7f7cbdf665a0>,43,17,[1 8],44,107,124,63,107
1,<environment.Job instance at 0x7f7cbf548f00>,37,14,[8 1],38,113,127,75,113
1,<environment.Job instance at 0x7f7cbe5bec30>,71,17,[5 5],72,113,130,41,113
1,<environment.Job instance at 0x7f7cbe5fa1e0>,48,18,[1 8],49,124,142,75,124
1,<environment.Job instance at 0x7f7cbef419b0>,76,13,[6 5],77,130,143,53,130
1,<environment.Job instance at 0x7f7cbee17f50>,73,13,[ 2 10],74,143,156,69,143
1,<environment.Job instance at 0x7f7cbe5bed20>,69,16,[9 4],70,143,159,73,143
1,<environment.Job instance at 0x7f7cbecaa410>,1,14,[1 9],2,2,16,0,2
1,<environment.Job instance at 0x7f7cbecaad70>,4,13,[5 5],5,5,18,0,5
1,<environment.Job instance at 0x7f7cbecaa3c0>,5,19,[ 3 11],6,18,37,12,8
1,<environment.Job instance at 0x7f7cbec940f0>,11,15,[7 1],12,18,33,6,18
1,<environment.Job instance at 0x7f7cbecaa730>,6,25,[ 1 14],7,37,62,30,33
1,<environment.Job instance at 0x7f7cc81f7f50>,1,14,[1 9],2,2,16,0,2
1,<environment.Job instance at 0x7f7cbecaa280>,3,22,[10  4],4,4,26,0,4
1,<environment.Job instance at 0x7f7cbecaa320>,4,13,[5 5],5,16,29,11,16
1,<environment.Job instance at 0x7f7cbf53a730>,13,12,[8 4],14,26,38,12,26
1,<environment.Job instance at 0x7f7cbf539690>,11,15,[7 1],12,29,44,17,29
1,<environment.Job instance at 0x7f7cbe867820>,28,16,[3 8],29,38,54,9,38
1,<environment.Job instance at 0x7f7cbf539820>,9,17,[3 5],10,38,55,28,38
1,<environment.Job instance at 0x7f7cbe8676e0>,29,14,[6 2],30,44,58,14,44
1,<environment.Job instance at 0x7f7cbe867af0>,32,14,[4 7],33,54,68,21,54
1,<environment.Job instance at 0x7f7cbe867b40>,37,14,[5 6],38,58,72,20,58
1,<environment.Job instance at 0x7f7cbed79370>,44,13,[1 7],45,68,81,23,68
1,<environment.Job instance at 0x7f7cbe867500>,27,18,[9 3],28,72,90,44,72
1,<environment.Job instance at 0x7f7cbed79a00>,48,16,[ 4 10],49,83,99,34,83
1,<environment.Job instance at 0x7f7cbf53a050>,19,16,[ 1 10],20,100,116,80,100
1,<environment.Job instance at 0x7f7cbed79960>,55,18,[9 3],56,100,118,44,100
1,<environment.Job instance at 0x7f7cbed79dc0>,56,14,[5 5],57,116,130,59,116
1,<environment.Job instance at 0x7f7cbf53a8c0>,17,17,[ 2 10],18,119,136,101,119
1,<environment.Job instance at 0x7f7cbed79be0>,57,22,[7 2],58,130,152,72,130
1,<environment.Job instance at 0x7f7cbe8748c0>,62,18,[7 1],63,137,155,74,137
1,<environment.Job instance at 0x7f7cbe145d70>,1,16,[3 8],2,2,18,0,2
1,<environment.Job instance at 0x7f7cbe159550>,9,12,[3 9],10,18,30,8,10
1,<environment.Job instance at 0x7f7cbe1592d0>,11,19,[5 1],12,12,31,0,12
1,<environment.Job instance at 0x7f7cbe1599b0>,15,14,[1 5],16,16,30,0,16
1,<environment.Job instance at 0x7f7cbe159230>,13,13,[12  1],14,31,44,17,21
1,<environment.Job instance at 0x7f7cbe159050>,16,17,[1 9],17,30,47,13,21
1,<environment.Job instance at 0x7f7cbe012aa0>,20,13,[12  1],21,44,57,23,32
1,<environment.Job instance at 0x7f7cbe2033c0>,4,21,[1 9],5,57,78,52,57
1,<environment.Job instance at 0x7f7cbe159460>,14,27,[ 2 10],15,78,105,63,78
1,<environment.Job instance at 0x7f7cbe1596e0>,7,14,[13  5],8,107,121,99,107
1,<environment.Job instance at 0x7f7cbf34fdc0>,25,20,[7 1],26,121,141,95,117
1,<environment.Job instance at 0x7f7cbee9ea50>,1,16,[3 8],2,2,18,0,2
1,<environment.Job instance at 0x7f7cbef70730>,5,17,[3 5],6,6,23,0,6
1,<environment.Job instance at 0x7f7cbee9b230>,11,19,[5 1],12,12,31,0,12
1,<environment.Job instance at 0x7f7cbee9b1e0>,9,12,[3 9],10,18,30,8,18
1,<environment.Job instance at 0x7f7cbee9b0a0>,15,14,[1 5],16,23,37,7,23
1,<environment.Job instance at 0x7f7cbee9b280>,16,17,[1 9],17,30,47,13,30
1,<environment.Job instance at 0x7f7cbee9baf0>,18,13,[10  1],19,31,44,12,31
1,<environment.Job instance at 0x7f7cbeea7460>,32,12,[7 3],33,44,56,11,44
1,<environment.Job instance at 0x7f7cbeea76e0>,42,13,[2 8],43,47,60,4,47
1,<environment.Job instance at 0x7f7cbe8742d0>,52,12,[6 3],53,53,65,0,53
1,<environment.Job instance at 0x7f7cbeea7780>,34,14,[5 5],35,60,74,25,60
1,<environment.Job instance at 0x7f7cbf53abe0>,58,16,[5 9],59,65,81,6,65
1,<environment.Job instance at 0x7f7cbeea7910>,30,19,[7 4],31,74,93,43,74
1,<environment.Job instance at 0x7f7cbee9e4b0>,6,17,[5 8],7,81,98,74,81
1,<environment.Job instance at 0x7f7cbf683500>,81,12,[2 6],82,93,105,11,93
1,<environment.Job instance at 0x7f7cbe285230>,80,17,[8 1],81,93,110,12,93
1,<environment.Job instance at 0x7f7cbe9c2640>,82,13,[7 2],83,105,118,22,105
1,<environment.Job instance at 0x7f7cbf53a410>,67,18,[1 9],68,110,128,42,110
1,<environment.Job instance at 0x7f7cbef920a0>,91,18,[7 2],92,110,128,18,110
1,<environment.Job instance at 0x7f7cbee9b690>,25,20,[7 1],26,118,138,92,118
1,<environment.Job instance at 0x7f7cbf3696e0>,98,18,[1 8],99,128,146,29,128
1,<environment.Job instance at 0x7f7cbe8673c0>,102,12,[10  3],103,138,150,35,138
1,<environment.Job instance at 0x7f7cbe867f50>,106,15,[1 9],107,146,161,39,146
1,<environment.Job instance at 0x7f7cbde027d0>,0,12,[5 5],1,1,13,0,1
1,<environment.Job instance at 0x7f7cbecb8320>,1,15,[1 8],2,2,17,0,2
1,<environment.Job instance at 0x7f7cbddf9c80>,4,12,[4 7],5,13,25,8,5
1,<environment.Job instance at 0x7f7cbddf90f0>,9,14,[ 4 10],10,25,39,15,11
1,<environment.Job instance at 0x7f7cbecb8690>,10,16,[13  2],11,39,55,28,30
1,<environment.Job instance at 0x7f7cbdddfd70>,11,20,[1 6],12,39,59,27,30
1,<environment.Job instance at 0x7f7cbdddf640>,15,23,[9 3],16,55,78,39,49
1,<environment.Job instance at 0x7f7cbddf9fa0>,12,18,[3 8],13,59,77,46,55
1,<environment.Job instance at 0x7f7cbdddfc80>,13,22,[ 1 10],14,77,99,63,71
1,<environment.Job instance at 0x7f7cbdddf690>,16,23,[8 1],17,78,101,61,75
1,<environment.Job instance at 0x7f7cbdddffa0>,17,21,[13  4],18,101,122,83,93
1,<environment.Job instance at 0x7f7cbf2f3c80>,19,15,[4 7],20,122,137,102,108
1,<environment.Job instance at 0x7f7cbf2f3b90>,18,23,[4 8],19,122,145,103,122
1,<environment.Job instance at 0x7f7cbf2f3820>,20,21,[ 3 13],21,145,166,124,137
1,<environment.Job instance at 0x7f7cbdfd78c0>,0,12,[5 5],1,1,13,0,1
1,<environment.Job instance at 0x7f7cbdfd75a0>,1,15,[1 8],2,2,17,0,2
1,<environment.Job instance at 0x7f7cbe3ee9b0>,4,12,[4 7],5,13,25,8,13
1,<environment.Job instance at 0x7f7cbdff5cd0>,12,18,[3 8],13,17,35,4,17
1,<environment.Job instance at 0x7f7cbe78cc30>,19,15,[4 7],20,25,40,5,25
1,<environment.Job instance at 0x7f7cbf249960>,31,13,[1 7],32,35,48,3,35
1,<environment.Job instance at 0x7f7cbf2481e0>,29,17,[7 1],30,35,52,5,35
1,<environment.Job instance at 0x7f7cbf261b40>,37,12,[7 3],38,40,52,2,40
1,<environment.Job instance at 0x7f7cbe590c80>,42,12,[2 5],43,52,64,9,52
1,<environment.Job instance at 0x7f7cbdfe8780>,43,12,[5 5],44,52,64,8,52
1,<environment.Job instance at 0x7f7cbeb5ec80>,41,17,[8 5],42,52,69,10,52
1,<environment.Job instance at 0x7f7cbdfe8460>,47,12,[3 7],48,64,76,16,64
1,<environment.Job instance at 0x7f7cbdfcb960>,53,12,[1 5],54,69,81,15,69
1,<environment.Job instance at 0x7f7cbdfe8370>,44,13,[1 9],45,77,90,32,77
1,<environment.Job instance at 0x7f7cbf22e780>,67,12,[5 4],68,81,93,13,81
1,<environment.Job instance at 0x7f7cbf22e9b0>,63,21,[8 2],64,81,102,17,81
1,<environment.Job instance at 0x7f7cbeb77d70>,69,12,[2 5],70,90,102,20,90
1,<environment.Job instance at 0x7f7cbeb5d0f0>,72,16,[4 5],73,93,109,20,93
1,<environment.Job instance at 0x7f7cbe590aa0>,38,13,[10  5],39,102,115,63,102
1,<environment.Job instance at 0x7f7cbf25d780>,80,14,[2 5],81,109,123,28,109
1,<environment.Job instance at 0x7f7cbf25de10>,83,13,[5 2],84,115,128,31,115
1,<environment.Job instance at 0x7f7cbf242870>,89,16,[5 7],90,115,131,25,115
1,<environment.Job instance at 0x7f7cbf2429b0>,90,14,[8 1],91,128,142,37,128
1,<environment.Job instance at 0x7f7cbf2405f0>,60,14,[4 9],61,131,145,70,131
1,<environment.Job instance at 0x7f7cbf23ecd0>,94,15,[5 1],95,142,157,47,142
1,<environment.Job instance at 0x7f7cbe5a8280>,9,14,[ 4 10],10,145,159,135,145
1,<environment.Job instance at 0x7f7cbe851a00>,3,16,[6 1],4,4,20,0,4
1,<environment.Job instance at 0x7f7cbe851780>,6,28,[4 5],7,9,37,2,9
1,<environment.Job instance at 0x7f7cbe851c80>,9,14,[3 7],10,10,24,0,10
1,<environment.Job instance at 0x7f7cbe377cd0>,3,16,[6 1],4,4,20,0,4
1,<environment.Job instance at 0x7f7cbe342cd0>,9,14,[3 7],10,10,24,0,10
1,<environment.Job instance at 0x7f7cbeb46dc0>,11,12,[4 7],12,12,24,0,12
1,<environment.Job instance at 0x7f7cbe350e60>,22,12,[6 5],23,24,36,1,24
1,<environment.Job instance at 0x7f7cbeb3d370>,18,13,[8 2],19,24,37,5,24
1,<environment.Job instance at 0x7f7cbf23ecd0>,28,13,[5 1],29,36,49,7,36
1,<environment.Job instance at 0x7f7cbeb3b5f0>,20,14,[4 7],21,37,51,16,37
1,<environment.Job instance at 0x7f7cbeb72a00>,26,17,[4 6],27,37,54,10,37
1,<environment.Job instance at 0x7f7cbf242870>,34,14,[5 4],35,51,65,16,51
1,<environment.Job instance at 0x7f7cbeb43820>,37,12,[6 3],38,51,63,13,51
1,<environment.Job instance at 0x7f7cbe377b90>,14,15,[4 8],15,54,69,39,54
1,<environment.Job instance at 0x7f7cbf25d780>,40,13,[6 1],41,63,76,22,63
1,<environment.Job instance at 0x7f7cbeb3d230>,17,18,[5 6],18,65,83,47,65
1,<environment.Job instance at 0x7f7cbeb5dcd0>,46,12,[2 9],47,76,88,29,76
1,<environment.Job instance at 0x7f7cbf25df50>,43,12,[7 4],44,83,95,39,83
1,<environment.Job instance at 0x7f7cbf23e4b0>,31,16,[ 3 10],32,90,106,58,90
1,<environment.Job instance at 0x7f7cbdfcbc80>,60,22,[7 5],61,96,118,35,96
1,<environment.Job instance at 0x7f7cbeb75320>,35,16,[5 9],36,106,122,70,106
1,<environment.Job instance at 0x7f7cbe590be0>,69,12,[10  1],70,118,130,48,118
1,<environment.Job instance at 0x7f7cbf249960>,75,12,[3 8],76,123,135,47,123
1,<environment.Job instance at 0x7f7cbf1c9eb0>,49,18,[1 7],50,131,149,81,131
1,<environment.Job instance at 0x7f7cbf1b9a00>,81,12,[3 7],82,135,147,53,135
1,<environment.Job instance at 0x7f7cbe84caa0>,79,19,[2 5],80,148,167,68,148
1,<environment.Job instance at 0x7f7cbf3591e0>,84,20,[8 2],85,148,168,63,148
1,<environment.Job instance at 0x7f7cbdfcb640>,59,20,[5 8],60,149,169,89,149
1,<environment.Job instance at 0x7f7cbf056690>,13,18,[4 5],14,14,32,0,14
1,<environment.Job instance at 0x7f7cbf5b1e10>,1,16,[10  1],2,2,18,0,2
1,<environment.Job instance at 0x7f7cbf5b1410>,2,17,[4 8],3,3,20,0,3
1,<environment.Job instance at 0x7f7cbddf7eb0>,5,14,[9 1],6,18,32,12,18
1,<environment.Job instance at 0x7f7cbddf7730>,6,14,[4 7],7,20,34,13,20
1,<environment.Job instance at 0x7f7cbf72ae60>,4,15,[3 5],5,32,47,27,32
1,<environment.Job instance at 0x7f7cbddf70f0>,11,22,[6 3],12,32,54,20,32
1,<environment.Job instance at 0x7f7cbe3e0af0>,30,12,[3 6],31,34,46,3,34
1,<environment.Job instance at 0x7f7cbe3e0550>,32,17,[4 5],33,46,63,13,46
1,<environment.Job instance at 0x7f7cbe3e0370>,33,13,[3 7],34,47,60,13,47
1,<environment.Job instance at 0x7f7cbe3e00f0>,17,15,[10  5],18,60,75,42,60
1,<environment.Job instance at 0x7f7cbe5a8140>,46,12,[5 4],47,63,75,16,63
1,<environment.Job instance at 0x7f7cbe5a80a0>,47,13,[1 8],48,75,88,27,75
1,<environment.Job instance at 0x7f7cbe5a8280>,41,16,[5 5],42,75,91,33,75
1,<environment.Job instance at 0x7f7cbe5a8b40>,49,17,[ 3 10],50,88,105,38,88
1,<environment.Job instance at 0x7f7cbddf7fa0>,13,18,[4 5],14,91,109,77,91
1,<environment.Job instance at 0x7f7cbe8e3640>,54,13,[ 4 10],55,105,118,50,105
1,<environment.Job instance at 0x7f7cbf1b85a0>,55,14,[10  3],56,109,123,53,109
1,<environment.Job instance at 0x7f7cbf374410>,52,14,[1 7],53,118,132,65,118
1,<environment.Job instance at 0x7f7cbe78c280>,59,15,[6 1],60,123,138,63,123
1,<environment.Job instance at 0x7f7cbf1ce2d0>,60,18,[5 5],61,123,141,62,123
1,<environment.Job instance at 0x7f7cbe850a00>,58,12,[2 9],59,132,144,73,132
1,<environment.Job instance at 0x7f7cbf249c80>,67,12,[9 5],68,141,153,73,141
1,<environment.Job instance at 0x7f7cbf261b90>,69,12,[4 7],70,144,156,74,144
1,<environment.Job instance at 0x7f7cbebec6e0>,2,14,[5 5],3,3,17,0,3
1,<environment.Job instance at 0x7f7cbebecd20>,10,13,[6 4],11,11,24,0,11
1,<environment.Job instance at 0x7f7cbf662910>,12,22,[1 8],13,17,39,4,13
1,<environment.Job instance at 0x7f7cbf662140>,17,14,[2 7],18,24,38,6,18
1,<environment.Job instance at 0x7f7cbf662e60>,15,17,[ 1 13],16,39,56,23,27
1,<environment.Job instance at 0x7f7cc7e57910>,49,14,[5 3],50,56,70,6,50
1,<environment.Job instance at 0x7f7cbe655730>,2,14,[5 5],3,3,17,0,3
1,<environment.Job instance at 0x7f7cbf07be60>,5,17,[7 4],6,6,23,0,6
1,<environment.Job instance at 0x7f7cbe36e690>,10,13,[6 4],11,17,30,6,17
1,<environment.Job instance at 0x7f7cbe377c30>,17,14,[2 7],18,18,32,0,18
1,<environment.Job instance at 0x7f7cbeb3b730>,26,14,[2 6],27,30,44,3,30
1,<environment.Job instance at 0x7f7cbeb3d500>,22,17,[4 5],23,32,49,9,32
1,<environment.Job instance at 0x7f7cbf23e5f0>,33,22,[8 3],34,34,56,0,34
1,<environment.Job instance at 0x7f7cbeb72af0>,36,13,[1 5],37,44,57,7,44
1,<environment.Job instance at 0x7f7cbf242500>,34,15,[5 2],35,49,64,14,49
1,<environment.Job instance at 0x7f7cbeb77a50>,49,14,[5 3],50,56,70,6,56
1,<environment.Job instance at 0x7f7cbeb46d20>,20,19,[3 5],21,56,75,35,56
1,<environment.Job instance at 0x7f7cbeb5ad70>,54,13,[7 4],55,64,77,9,64
1,<environment.Job instance at 0x7f7cbeb5e0a0>,57,14,[1 9],58,75,89,17,75
1,<environment.Job instance at 0x7f7cbdfcbe10>,59,13,[5 1],60,77,90,17,77
1,<environment.Job instance at 0x7f7cbdfcb960>,60,13,[6 4],61,77,90,16,77
1,<environment.Job instance at 0x7f7cbe340a50>,12,22,[1 8],13,89,111,76,89
1,<environment.Job instance at 0x7f7cbe590aa0>,66,12,[3 6],67,90,102,23,90
1,<environment.Job instance at 0x7f7cbf25de10>,45,16,[9 1],46,90,106,44,90
1,<environment.Job instance at 0x7f7cbe590c80>,65,13,[3 7],66,106,119,40,106
1,<environment.Job instance at 0x7f7cbf249af0>,74,15,[1 5],75,111,126,36,111
1,<environment.Job instance at 0x7f7cbdfce5a0>,71,16,[9 3],72,111,127,39,111
1,<environment.Job instance at 0x7f7cbf1ce2d0>,75,12,[1 6],76,119,131,43,119
1,<environment.Job instance at 0x7f7cbe59abe0>,76,13,[3 5],77,126,139,49,126
1,<environment.Job instance at 0x7f7cbf261b40>,69,17,[10  1],70,127,144,57,127
1,<environment.Job instance at 0x7f7cbf261960>,70,20,[1 9],71,132,152,61,132
1,<environment.Job instance at 0x7f7cbeb5d0a0>,47,18,[10  2],48,145,163,97,145
1,<environment.Job instance at 0x7f7cbe9914b0>,4,17,[4 8],5,5,22,0,5
1,<environment.Job instance at 0x7f7cbea64820>,8,18,[1 5],9,12,30,3,12
1,<environment.Job instance at 0x7f7cbea64320>,11,14,[8 3],12,22,36,10,14
1,<environment.Job instance at 0x7f7cbea64af0>,12,14,[4 7],13,22,36,9,15
1,<environment.Job instance at 0x7f7cbea64050>,13,22,[5 1],14,36,58,22,30
1,<environment.Job instance at 0x7f7cbea64460>,9,19,[ 2 12],10,36,55,26,30
1,<environment.Job instance at 0x7f7cbe679690>,7,16,[5 5],8,55,71,47,42
1,<environment.Job instance at 0x7f7cbdd4c870>,15,14,[5 3],16,58,72,42,58
1,<environment.Job instance at 0x7f7cbea64a00>,14,18,[14  5],15,72,90,57,62
1,<environment.Job instance at 0x7f7cbdd4c5a0>,18,17,[14  2],19,90,107,71,79
1,<environment.Job instance at 0x7f7cbdd4c960>,19,16,[12  5],20,107,123,87,99
1,<environment.Job instance at 0x7f7cbdd4ce10>,20,14,[3 9],21,110,124,89,110
1,<environment.Job instance at 0x7f7cbea64690>,10,17,[ 2 12],11,124,141,113,118
1,<environment.Job instance at 0x7f7cbddab780>,21,23,[12  4],22,141,164,119,135
1,<environment.Job instance at 0x7f7cbea64410>,16,24,[ 2 11],17,141,165,124,136
1,<environment.Job instance at 0x7f7cbdfad550>,4,17,[4 8],5,5,22,0,5
1,<environment.Job instance at 0x7f7cbebe98c0>,7,16,[5 5],8,8,24,0,8
1,<environment.Job instance at 0x7f7cbe3e00f0>,13,22,[5 1],14,14,36,0,14
1,<environment.Job instance at 0x7f7cbf4b9e10>,12,14,[4 7],13,22,36,9,22
1,<environment.Job instance at 0x7f7cbe3e0aa0>,15,14,[5 3],16,24,38,8,24
1,<environment.Job instance at 0x7f7cbe3e0910>,11,14,[8 3],12,36,50,24,36
1,<environment.Job instance at 0x7f7cbdfade10>,8,18,[1 5],9,36,54,27,36
1,<environment.Job instance at 0x7f7cbe3e0820>,20,14,[3 9],21,50,64,29,50
1,<environment.Job instance at 0x7f7cbe851870>,25,17,[10  1],26,50,67,24,50
1,<environment.Job instance at 0x7f7cbe655730>,44,14,[5 2],45,64,78,19,64
1,<environment.Job instance at 0x7f7cbf51b2d0>,49,12,[6 3],50,67,79,17,67
1,<environment.Job instance at 0x7f7cbdfcbc30>,35,17,[4 6],36,67,84,31,67
1,<environment.Job instance at 0x7f7cbf76af00>,51,15,[9 1],52,79,94,27,79
1,<environment.Job instance at 0x7f7cbf6428c0>,58,17,[6 4],59,84,101,25,84
1,<environment.Job instance at 0x7f7cbf2497d0>,32,16,[7 3],33,96,112,63,96
1,<environment.Job instance at 0x7f7cbe8531e0>,26,17,[8 1],27,101,118,74,101
1,<environment.Job instance at 0x7f7cbf36bdc0>,71,21,[4 7],72,113,134,41,113
1,<environment.Job instance at 0x7f7cbf642460>,63,22,[3 5],64,113,135,49,113
1,<environment.Job instance at 0x7f7cbea64aa0>,46,18,[8 1],47,118,136,71,118
1,<environment.Job instance at 0x7f7cbf36b0f0>,69,16,[10  1],70,136,152,66,136
1,<environment.Job instance at 0x7f7cbf658eb0>,75,21,[ 4 10],76,136,157,60,136
1,<environment.Job instance at 0x7f7cbeb97370>,4,19,[2 5],5,5,24,0,5
1,<environment.Job instance at 0x7f7cbeb97aa0>,5,12,[5 4],6,6,18,0,6
1,<environment.Job instance at 0x7f7cbeea9c80>,8,14,[7 2],9,9,23,0,9
1,<environment.Job instance at 0x7f7cbdec2550>,10,12,[14  4],11,24,36,13,13
1,<environment.Job instance at 0x7f7cbe336230>,4,19,[2 5],5,5,24,0,5
1,<environment.Job instance at 0x7f7cbe336730>,5,12,[5 4],6,6,18,0,6
1,<environment.Job instance at 0x7f7cbe336be0>,8,14,[7 2],9,9,23,0,9
1,<environment.Job instance at 0x7f7cbf2c1960>,17,14,[2 7],18,18,32,0,18
1,<environment.Job instance at 0x7f7cbf2c1dc0>,20,18,[8 1],21,23,41,2,23
1,<environment.Job instance at 0x7f7cbf11bf50>,19,13,[1 5],20,24,37,4,24
1,<environment.Job instance at 0x7f7cbf11b2d0>,22,17,[2 9],23,32,49,9,32
1,<environment.Job instance at 0x7f7cbe808a00>,36,12,[5 1],37,41,53,4,41
1,<environment.Job instance at 0x7f7cbe808690>,33,14,[8 4],34,41,55,7,41
1,<environment.Job instance at 0x7f7cbf2c1280>,16,19,[3 9],17,53,72,36,53
1,<environment.Job instance at 0x7f7cbf11b230>,24,12,[9 3],25,55,67,30,55
1,<environment.Job instance at 0x7f7cbe190f00>,44,12,[8 1],45,67,79,22,67
1,<environment.Job instance at 0x7f7cbe190b90>,41,15,[2 5],42,67,82,25,67
1,<environment.Job instance at 0x7f7cbe808370>,31,20,[5 5],32,72,92,40,72
1,<environment.Job instance at 0x7f7cbe190c30>,48,12,[6 5],49,79,91,30,79
1,<environment.Job instance at 0x7f7cbf658fa0>,59,15,[9 3],60,91,106,31,91
1,<environment.Job instance at 0x7f7cbf658b90>,60,15,[4 8],61,92,107,31,92
1,<environment.Job instance at 0x7f7cbf11bc30>,26,16,[8 3],27,106,122,79,106
1,<environment.Job instance at 0x7f7cbf36bc30>,69,13,[5 6],70,107,120,37,107
1,<environment.Job instance at 0x7f7cbf658be0>,65,15,[2 9],66,121,136,55,121
1,<environment.Job instance at 0x7f7cbf642730>,72,12,[5 6],73,122,134,49,122
1,<environment.Job instance at 0x7f7cbe190460>,38,18,[10  5],39,134,152,95,134
1,<environment.Job instance at 0x7f7cbf6423c0>,75,14,[1 8],76,136,150,60,136
1,<environment.Job instance at 0x7fd516f11730>,1,15,[5 2],2,2,17,0,2
1,<environment.Job instance at 0x7fd50d8c7c80>,5,18,[7 5],6,6,24,0,6
1,<environment.Job instance at 0x7fd50d8c7eb0>,7,12,[7 2],8,17,29,9,8
1,<environment.Job instance at 0x7fd50d8cb0a0>,10,14,[ 1 14],11,29,43,18,17
1,<environment.Job instance at 0x7fd50d8f88c0>,1,15,[5 2],2,2,17,0,2
1,<environment.Job instance at 0x7fd50d8bfd70>,5,18,[7 5],6,6,24,0,6
1,<environment.Job instance at 0x7fd50d8bf6e0>,7,12,[7 2],8,17,29,9,17
1,<environment.Job instance at 0x7fd50d8bf190>,9,17,[8 1],10,24,41,14,24
1,<environment.Job instance at 0x7fd50d9f2af0>,18,18,[3 6],19,29,47,10,29
1,<environment.Job instance at 0x7fd50d8bfc30>,12,22,[4 6],13,29,51,16,29
1,<environment.Job instance at 0x7fd50d9ebbe0>,30,15,[8 2],31,41,56,10,41
1,<environment.Job instance at 0x7fd50da74a50>,31,13,[4 5],32,51,64,19,51
1,<environment.Job instance at 0x7fd50d989910>,39,13,[5 4],40,56,69,16,56
1,<environment.Job instance at 0x7fd50d961d20>,11,14,[10  4],12,64,78,52,64
1,<environment.Job instance at 0x7fd50d9890f0>,44,14,[8 4],45,78,92,33,78
1,<environment.Job instance at 0x7fd50d989370>,43,14,[6 1],44,78,92,34,78
1,<environment.Job instance at 0x7fd50da74870>,33,16,[9 3],34,93,109,59,93
1,<environment.Job instance at 0x7fd50d95b690>,55,15,[6 2],56,93,108,37,93
1,<environment.Job instance at 0x7fd50d989730>,47,16,[6 2],48,108,124,60,108
1,<environment.Job instance at 0x7fd50d9bd0a0>,23,18,[7 4],24,110,128,86,110
1,<environment.Job instance at 0x7fd50d9e3230>,61,14,[ 2 10],62,124,138,62,124
1,<environment.Job instance at 0x7fd50d95b320>,56,13,[10  1],57,128,141,71,128
1,<environment.Job instance at 0x7fd50d984370>,66,12,[6 1],67,141,153,74,141
1,<environment.Job instance at 0x7fd50d984820>,67,13,[3 5],68,142,155,74,142
1,<environment.Job instance at 0x7fd50d984af0>,70,22,[5 6],71,142,164,71,142
1,<environment.Job instance at 0x7fd50d9d51e0>,71,13,[7 2],72,153,166,81,153
1,<environment.Job instance at 0x7fd50d018550>,7,13,[4 5],8,8,21,0,8
1,<environment.Job instance at 0x7fd50d018690>,8,22,[ 2 10],9,9,31,0,9
1,<environment.Job instance at 0x7fd50d018370>,10,18,[11  1],11,21,39,10,14
1,<environment.Job instance at 0x7fd50d018230>,9,15,[12  2],10,39,54,29,25
1,<environment.Job instance at 0x7fd50d0103c0>,15,14,[11  3],16,54,68,38,40
1,<environment.Job instance at 0x7fd50d0180f0>,11,18,[ 4 10],12,54,72,42,43
1,<environment.Job instance at 0x7fd50d01b0f0>,17,18,[10  1],18,68,86,50,63
1,<environment.Job instance at 0x7fd50d01b190>,16,19,[ 5 14],17,77,96,60,77
1,<environment.Job instance at 0x7fd50d010a50>,13,16,[7 1],14,86,102,72,78
1,<environment.Job instance at 0x7fd50d01ba50>,19,25,[ 3 11],20,96,121,76,94
1,<environment.Job instance at 0x7fd50d01bd70>,21,13,[ 4 10],22,121,134,99,105
1,<environment.Job instance at 0x7fd50d01b050>,22,14,[4 7],23,134,148,111,119
1,<environment.Job instance at 0x7fd50d010e10>,14,21,[9 1],15,120,141,105,120
1,<environment.Job instance at 0x7fd50d01bc30>,24,12,[ 2 11],25,148,160,123,131
1,<environment.Job instance at 0x7fd50d01b910>,25,19,[5 1],26,141,160,115,131
1,<environment.Job instance at 0x7fd50d01b550>,26,24,[8 2],27,148,172,121,145
1,<environment.Job instance at 0x7fd50d01b410>,27,22,[1 7],28,160,182,132,154
1,<environment.Job instance at 0x7fd50d9894b0>,0,15,[8 3],1,1,16,0,1
1,<environment.Job instance at 0x7fd50d0c41e0>,7,13,[4 5],8,8,21,0,8
1,<environment.Job instance at 0x7fd50d0b63c0>,13,16,[7 1],14,16,32,2,16
1,<environment.Job instance at 0x7fd50d0c4730>,11,18,[ 4 10],12,21,39,9,21
1,<environment.Job instance at 0x7fd50d0f3eb0>,17,18,[10  1],18,32,50,14,32
1,<environment.Job instance at 0x7fd50d0f1140>,21,13,[ 4 10],22,39,52,17,39
1,<environment.Job instance at 0x7fd50d0f38c0>,14,21,[9 1],15,50,71,35,50
1,<environment.Job instance at 0x7fd50d0f10f0>,22,14,[4 7],23,52,66,29,52
1,<environment.Job instance at 0x7fd50d0c40f0>,8,22,[ 2 10],9,66,88,57,66
1,<environment.Job instance at 0x7fd50d0835f0>,48,17,[10  2],49,71,88,22,71
1,<environment.Job instance at 0x7fd50d092a50>,59,17,[2 8],60,88,105,28,88
1,<environment.Job instance at 0x7fd50d095f50>,56,17,[10  4],57,88,105,31,88
1,<environment.Job instance at 0x7fd50d0928c0>,60,12,[5 9],61,105,117,44,105
1,<environment.Job instance at 0x7fd50d076af0>,38,17,[10  5],39,105,122,66,105
1,<environment.Job instance at 0x7fd50d098aa0>,61,14,[2 9],62,117,131,55,117
1,<environment.Job instance at 0x7fd50d08ff50>,67,15,[5 6],68,122,137,54,122
1,<environment.Job instance at 0x7fd50d0988c0>,63,15,[5 9],64,132,147,68,132
1,<environment.Job instance at 0x7fd50d0a2f00>,83,18,[8 5],84,137,155,53,137
1,<environment.Job instance at 0x7fd50d09d910>,70,15,[ 5 10],71,148,163,77,148
1,<environment.Job instance at 0x7fd50d0e7460>,79,20,[6 2],80,155,175,75,155
1,<environment.Job instance at 0x7fd50ce7b320>,0,14,[7 2],1,1,15,0,1
1,<environment.Job instance at 0x7fd50cf42230>,10,28,[1 7],11,19,47,8,19
1,<environment.Job instance at 0x7fd50cf42f50>,13,16,[2 8],14,27,43,13,27
1,<environment.Job instance at 0x7fd50d0de190>,0,14,[7 2],1,1,15,0,1
1,<environment.Job instance at 0x7fd50d130690>,1,19,[8 2],2,2,21,0,2
1,<environment.Job instance at 0x7fd50ce7b9b0>,12,13,[ 4 10],13,15,28,2,15
1,<environment.Job instance at 0x7fd50cf56a50>,15,13,[2 5],16,21,34,5,21
1,<environment.Job instance at 0x7fd50cf50eb0>,20,12,[4 7],21,28,40,7,28
1,<environment.Job instance at 0x7fd50d0de280>,4,16,[8 3],5,28,44,23,28
1,<environment.Job instance at 0x7fd50cf56e60>,13,16,[2 8],14,40,56,26,40
1,<environment.Job instance at 0x7fd50cf509b0>,36,15,[5 7],37,44,59,7,44
1,<environment.Job instance at 0x7fd50cf50e10>,30,17,[2 8],31,56,73,25,56
1,<environment.Job instance at 0x7fd50cf50870>,27,17,[6 3],28,59,76,31,59
1,<environment.Job instance at 0x7fd50cf50c80>,40,17,[5 4],41,59,76,18,59
1,<environment.Job instance at 0x7fd50ce7bf50>,11,22,[4 8],12,73,95,61,73
1,<environment.Job instance at 0x7fd50cf6d820>,44,12,[8 2],45,76,88,31,76
1,<environment.Job instance at 0x7fd50cf6d3c0>,47,13,[7 5],48,88,101,40,88
1,<environment.Job instance at 0x7fd50cf6d370>,48,13,[1 7],49,95,108,46,95
1,<environment.Job instance at 0x7fd50cf6d5f0>,52,15,[10  5],53,101,116,48,101
1,<environment.Job instance at 0x7fd50cf6d730>,43,14,[4 9],44,108,122,64,108
1,<environment.Job instance at 0x7fd50cec3d20>,65,12,[9 3],66,116,128,50,116
1,<environment.Job instance at 0x7fd50cec30a0>,60,14,[3 6],61,122,136,61,122
1,<environment.Job instance at 0x7fd50cec0af0>,72,12,[9 1],73,128,140,55,128
1,<environment.Job instance at 0x7fd50cf6dc80>,58,15,[4 9],59,136,151,77,136
1,<environment.Job instance at 0x7fd50cec0230>,76,12,[5 4],77,141,153,64,141
1,<environment.Job instance at 0x7fd50cec0be0>,71,16,[4 8],72,151,167,79,151
1,<environment.Job instance at 0x7fd50cec05f0>,80,17,[2 6],81,153,170,72,153
1,<environment.Job instance at 0x7fd50cf6d690>,46,18,[8 1],47,153,171,106,153
1,<environment.Job instance at 0x7fd50dd8b4b0>,0,14,[8 1],1,1,15,0,1
1,<environment.Job instance at 0x7fd50dd8b0a0>,7,12,[1 6],8,8,20,0,8
1,<environment.Job instance at 0x7fd50dd8b640>,9,16,[7 3],10,15,31,5,11
1,<environment.Job instance at 0x7fd50cf323c0>,0,14,[8 1],1,1,15,0,1
1,<environment.Job instance at 0x7fd50ceb5410>,7,12,[1 6],8,8,20,0,8
1,<environment.Job instance at 0x7fd50ceb5230>,9,16,[7 3],10,15,31,5,15
1,<environment.Job instance at 0x7fd50ceb57d0>,14,17,[2 5],15,15,32,0,15
1,<environment.Job instance at 0x7fd50ceb81e0>,25,12,[ 2 10],26,31,43,5,31
1,<environment.Job instance at 0x7fd50ceb5500>,15,14,[8 2],16,32,46,16,32
1,<environment.Job instance at 0x7fd50ceb5550>,12,14,[ 4 10],13,43,57,30,43
1,<environment.Job instance at 0x7fd50ceb8190>,26,15,[9 2],27,46,61,19,46
1,<environment.Job instance at 0x7fd50ceb8b40>,23,17,[6 1],24,57,74,33,57
1,<environment.Job instance at 0x7fd50cebdc30>,43,16,[8 4],44,61,77,17,61
1,<environment.Job instance at 0x7fd50cec0b40>,46,15,[5 7],47,74,89,27,74
1,<environment.Job instance at 0x7fd50cec0a00>,50,12,[8 1],51,77,89,26,77
1,<environment.Job instance at 0x7fd50ceb8eb0>,28,17,[7 3],29,89,106,60,89
1,<environment.Job instance at 0x7fd50ceb8fa0>,21,18,[5 8],22,89,107,67,89
1,<environment.Job instance at 0x7fd50cec00f0>,59,12,[5 5],60,106,118,46,106
1,<environment.Job instance at 0x7fd50cec0e60>,56,13,[10  5],57,108,121,51,108
1,<environment.Job instance at 0x7fd50cec3f50>,64,13,[ 5 10],65,118,131,53,118
1,<environment.Job instance at 0x7fd50cec3be0>,65,15,[7 2],66,121,136,55,121
1,<environment.Job instance at 0x7fd50d1d70a0>,69,15,[2 6],70,131,146,61,131
1,<environment.Job instance at 0x7fd50ceb8370>,33,18,[4 7],34,131,149,97,131
1,<environment.Job instance at 0x7fd50cebd780>,41,17,[10  4],42,146,163,104,146
1,<environment.Job instance at 0x7fd50d3e0730>,77,14,[ 3 10],78,149,163,71,149
1,<environment.Job instance at 0x7fd516e03f00>,0,12,[1 5],1,1,13,0,1
1,<environment.Job instance at 0x7fd50dd13690>,7,21,[1 9],8,8,29,0,8
1,<environment.Job instance at 0x7fd50dd43e10>,10,21,[5 4],11,33,54,22,33
1,<environment.Job instance at 0x7fd50dd43b90>,13,23,[6 5],14,72,95,58,72
1,<environment.Job instance at 0x7fd50dbcbaf0>,0,12,[1 5],1,1,13,0,1
1,<environment.Job instance at 0x7fd50d548230>,7,21,[1 9],8,8,29,0,8
1,<environment.Job instance at 0x7fd50d5481e0>,11,15,[10  1],12,12,27,0,12
1,<environment.Job instance at 0x7fd50d548b90>,12,20,[4 5],13,13,33,0,13
1,<environment.Job instance at 0x7fd50cee7500>,20,13,[5 8],21,29,42,8,29
1,<environment.Job instance at 0x7fd50cee7eb0>,27,13,[7 5],28,33,46,5,33
1,<environment.Job instance at 0x7fd50cee7f50>,28,13,[1 8],29,42,55,13,42
1,<environment.Job instance at 0x7fd50cee40f0>,37,13,[10  4],38,46,59,8,46
1,<environment.Job instance at 0x7fd516f39a00>,47,12,[5 1],48,55,67,7,55
1,<environment.Job instance at 0x7fd50cee4b90>,41,13,[ 4 10],42,59,72,17,59
1,<environment.Job instance at 0x7fd50cee71e0>,19,14,[6 5],20,67,81,47,67
1,<environment.Job instance at 0x7fd50d41b5f0>,68,12,[1 7],69,72,84,3,72
1,<environment.Job instance at 0x7fd50cee46e0>,40,15,[10  4],41,81,96,40,81
1,<environment.Job instance at 0x7fd50cee4aa0>,42,17,[3 9],43,84,101,41,84
1,<environment.Job instance at 0x7fd50d247370>,78,17,[9 4],79,96,113,17,96
1,<environment.Job instance at 0x7fd50d26f0a0>,77,18,[6 5],78,101,119,23,101
1,<environment.Job instance at 0x7fd50cec30a0>,82,15,[6 2],83,113,128,30,113
1,<environment.Job instance at 0x7fd50cec0c80>,100,14,[1 7],101,119,133,18,119
1,<environment.Job instance at 0x7fd50cec0fa0>,102,14,[6 2],103,119,133,16,119
1,<environment.Job instance at 0x7fd50cebda50>,105,14,[1 6],106,128,142,22,128
1,<environment.Job instance at 0x7fd50cebd500>,106,15,[5 7],107,133,148,26,133
1,<environment.Job instance at 0x7fd50cebdf00>,110,18,[5 2],111,133,151,22,133
1,<environment.Job instance at 0x7fd50d5484b0>,10,21,[5 4],11,142,163,131,142
1,<environment.Job instance at 0x7fd50d3e0780>,72,18,[5 8],73,149,167,76,149
1,<environment.Job instance at 0x7fd50d2fd4b0>,2,23,[5 5],3,3,26,0,3
1,<environment.Job instance at 0x7fd50d2fd1e0>,5,14,[4 7],6,6,20,0,6
1,<environment.Job instance at 0x7fd50d2fde60>,8,14,[ 2 10],9,20,34,11,9
1,<environment.Job instance at 0x7fd50d2fdf50>,15,28,[ 3 10],16,45,73,29,45
1,<environment.Job instance at 0x7fd50d41b1e0>,5,14,[4 7],6,6,20,0,6
1,<environment.Job instance at 0x7fd50d41b280>,6,16,[9 4],7,7,23,0,7
1,<environment.Job instance at 0x7fd50d2fd050>,8,14,[ 2 10],9,20,34,11,20
1,<environment.Job instance at 0x7fd50d2fd5f0>,12,16,[5 5],13,23,39,10,23
1,<environment.Job instance at 0x7fd50d2fec30>,24,13,[5 5],25,34,47,9,34
1,<environment.Job instance at 0x7fd50d2fe690>,16,18,[1 5],17,34,52,17,34
1,<environment.Job instance at 0x7fd50d2fe5f0>,26,16,[8 3],27,39,55,12,39
1,<environment.Job instance at 0x7fd50d2fdaa0>,11,18,[5 5],12,47,65,35,47
1,<environment.Job instance at 0x7fd50d32eaf0>,37,14,[5 1],38,55,69,17,55
1,<environment.Job instance at 0x7fd50d32e0f0>,33,18,[5 5],34,55,73,21,55
1,<environment.Job instance at 0x7fd50d32e500>,43,12,[7 1],44,69,81,25,69
1,<environment.Job instance at 0x7fd50d2f9320>,47,15,[6 2],48,73,88,25,73
1,<environment.Job instance at 0x7fd50d32ea50>,42,14,[9 1],43,81,95,38,81
1,<environment.Job instance at 0x7fd50d2fd3c0>,10,16,[ 3 10],11,88,104,77,88
1,<environment.Job instance at 0x7fd50d2f9af0>,53,14,[6 1],54,95,109,41,95
1,<environment.Job instance at 0x7fd50d2f9b40>,57,13,[9 5],58,104,117,46,104
1,<environment.Job instance at 0x7fd50d2f9780>,58,16,[3 6],59,109,125,50,109
1,<environment.Job instance at 0x7fd50d2f9050>,60,14,[2 5],61,117,131,56,117
1,<environment.Job instance at 0x7fd50d2f9eb0>,48,17,[7 4],49,117,134,68,117
1,<environment.Job instance at 0x7fd50d2f9730>,51,17,[3 5],52,125,142,73,125
1,<environment.Job instance at 0x7fd50d304e10>,68,14,[2 7],69,134,148,65,134
1,<environment.Job instance at 0x7fd50d32e910>,44,18,[8 3],45,134,152,89,134
1,<environment.Job instance at 0x7fd50d304aa0>,79,12,[5 7],80,148,160,68,148
1,<environment.Job instance at 0x7fd50d3041e0>,70,14,[3 7],71,154,168,83,154
1,<environment.Job instance at 0x7fd50d50e780>,1,14,[ 4 10],2,2,16,0,2
1,<environment.Job instance at 0x7fd50d301230>,10,22,[8 3],11,35,57,24,35
1,<environment.Job instance at 0x7fd50da22dc0>,1,14,[ 4 10],2,2,16,0,2
1,<environment.Job instance at 0x7fd50da22550>,10,22,[8 3],11,11,33,0,11
1,<environment.Job instance at 0x7fd50da22b40>,2,15,[4 8],3,16,31,13,16
1,<environment.Job instance at 0x7fd50da369b0>,24,15,[2 5],25,31,46,6,31
1,<environment.Job instance at 0x7fd50e0c9af0>,15,16,[1 7],16,31,47,15,31
1,<environment.Job instance at 0x7fd50da36820>,29,15,[7 1],30,33,48,3,33
1,<environment.Job instance at 0x7fd50da36af0>,30,17,[2 6],31,46,63,15,46
1,<environment.Job instance at 0x7fd50e0a1a50>,47,17,[2 6],48,48,65,0,48
1,<environment.Job instance at 0x7fd50e0a1960>,42,18,[10  2],43,48,66,5,48
1,<environment.Job instance at 0x7fd50e0a1500>,52,15,[4 5],53,65,80,12,65
1,<environment.Job instance at 0x7fd50d304b40>,60,15,[7 4],61,66,81,5,66
1,<environment.Job instance at 0x7fd50e0a1af0>,54,17,[3 5],55,66,83,11,66
1,<environment.Job instance at 0x7fd50d304140>,66,15,[5 5],67,81,96,14,81
1,<environment.Job instance at 0x7fd50d304c30>,67,16,[ 2 10],68,83,99,15,83
1,<environment.Job instance at 0x7fd50d2fea50>,71,17,[2 5],72,96,113,24,96
1,<environment.Job instance at 0x7fd50d2febe0>,77,12,[10  1],78,99,111,21,99
1,<environment.Job instance at 0x7fd50d73f1e0>,80,12,[10  1],81,111,123,30,111
1,<environment.Job instance at 0x7fd50d73fe10>,81,17,[1 9],82,111,128,29,111
1,<environment.Job instance at 0x7fd50e0c99b0>,25,18,[9 5],26,123,141,97,123
1,<environment.Job instance at 0x7fd50d8508c0>,85,12,[ 1 10],86,128,140,42,128
1,<environment.Job instance at 0x7fd50d912b40>,88,17,[2 5],89,140,157,51,140
1,<environment.Job instance at 0x7fd50db5b8c0>,94,12,[6 3],95,141,153,46,141
1,<environment.Job instance at 0x7fd50da37960>,97,12,[4 6],98,141,153,43,141
1,<environment.Job instance at 0x7fd50d741a50>,98,13,[2 6],99,153,166,54,153
1,<environment.Job instance at 0x7fd50d741460>,99,13,[10  4],100,153,166,53,153
1,<environment.Job instance at 0x7fd50dd54230>,3,14,[4 5],4,4,18,0,4
1,<environment.Job instance at 0x7fd50dd548c0>,5,14,[1 7],6,6,20,0,6
1,<environment.Job instance at 0x7fd50dd54d70>,6,13,[4 5],7,18,31,11,7
1,<environment.Job instance at 0x7fd50e0c7f50>,7,23,[2 6],8,20,43,12,16
1,<environment.Job instance at 0x7fd50dd54320>,8,15,[ 3 13],9,43,58,34,30
1,<environment.Job instance at 0x7fd50d5ff0a0>,13,17,[ 3 12],14,58,75,44,47
1,<environment.Job instance at 0x7fd50d5ff230>,26,12,[8 4],27,75,87,48,58
1,<environment.Job instance at 0x7fd50d5ff9b0>,27,16,[1 8],28,75,91,47,62
1,<environment.Job instance at 0x7fd50d5d38c0>,72,12,[4 7],73,87,99,14,73
1,<environment.Job instance at 0x7fd50ce9a320>,80,14,[8 4],81,91,105,10,81
1,<environment.Job instance at 0x7fd516a96910>,3,14,[4 5],4,4,18,0,4
1,<environment.Job instance at 0x7fd50db46320>,5,14,[1 7],6,6,20,0,6
1,<environment.Job instance at 0x7fd516ae2140>,6,13,[4 5],7,18,31,11,18
1,<environment.Job instance at 0x7fd50d8c7eb0>,18,12,[8 4],19,20,32,1,20
1,<environment.Job instance at 0x7fd50d2fe910>,27,16,[1 8],28,31,47,3,31
1,<environment.Job instance at 0x7fd50d2fedc0>,26,12,[8 4],27,32,44,5,32
1,<environment.Job instance at 0x7fd50d2fe780>,35,17,[5 3],36,36,53,0,36
1,<environment.Job instance at 0x7fd50d2fe960>,30,13,[9 3],31,44,57,13,44
1,<environment.Job instance at 0x7fd50d304a00>,42,12,[1 7],43,53,65,10,53
1,<environment.Job instance at 0x7fd50d304b40>,36,12,[2 7],37,57,69,20,57
1,<environment.Job instance at 0x7fd50e0a1500>,44,13,[10  1],45,57,70,12,57
1,<environment.Job instance at 0x7fd50d304aa0>,43,15,[2 6],44,65,80,21,65
1,<environment.Job instance at 0x7fd50e0a1aa0>,45,18,[1 7],46,69,87,23,69
1,<environment.Job instance at 0x7fd50d304280>,40,13,[4 6],41,80,93,39,80
1,<environment.Job instance at 0x7fd50da22230>,60,14,[9 1],61,87,101,26,87
1,<environment.Job instance at 0x7fd50e0a1960>,54,14,[ 2 10],55,93,107,38,93
1,<environment.Job instance at 0x7fd50da22c30>,61,12,[10  4],62,101,113,39,101
1,<environment.Job instance at 0x7fd50da22eb0>,65,15,[ 1 10],66,107,122,41,107
1,<environment.Job instance at 0x7fd50da22fa0>,71,13,[9 2],72,113,126,41,113
1,<environment.Job instance at 0x7fd50da22410>,66,17,[5 1],67,113,130,46,113
1,<environment.Job instance at 0x7fd50d5ff780>,72,12,[4 7],73,126,138,53,126
1,<environment.Job instance at 0x7fd50ce9a910>,78,12,[1 6],79,126,138,47,126
1,<environment.Job instance at 0x7fd50dd54e60>,80,14,[8 4],81,138,152,57,138
1,<environment.Job instance at 0x7fd50d8f0b90>,88,14,[5 7],89,138,152,49,138
1,<environment.Job instance at 0x7fd50d52e3c0>,76,14,[4 8],77,153,167,76,153
1,<environment.Job instance at 0x7fd50e0a12d0>,46,16,[9 3],47,153,169,106,153
1,<environment.Job instance at 0x7fd50cd7f550>,17,28,[ 2 14],18,18,46,0,18
1,<environment.Job instance at 0x7fd50cd7fa50>,20,13,[5 5],21,46,59,25,30
1,<environment.Job instance at 0x7fd50cd4a780>,41,15,[8 2],42,46,61,4,42
1,<environment.Job instance at 0x7fd50d241960>,2,14,[8 5],3,3,17,0,3
1,<environment.Job instance at 0x7fd50d241820>,4,19,[6 4],5,5,24,0,5
1,<environment.Job instance at 0x7fd50d241b90>,5,16,[1 6],6,6,22,0,6
1,<environment.Job instance at 0x7fd50d257320>,20,13,[5 5],21,22,35,1,22
1,<environment.Job instance at 0x7fd50dbd8050>,6,14,[1 8],7,24,38,17,24
1,<environment.Job instance at 0x7fd50d241a50>,7,22,[7 2],8,24,46,16,24
1,<environment.Job instance at 0x7fd50d25b910>,18,14,[1 7],19,38,52,19,38
1,<environment.Job instance at 0x7fd50dcd4780>,26,18,[2 5],27,38,56,11,38
1,<environment.Job instance at 0x7fd50d2593c0>,8,15,[10  1],9,46,61,37,46
1,<environment.Job instance at 0x7fd50d63f460>,13,16,[3 7],14,52,68,38,52
1,<environment.Job instance at 0x7fd50d250fa0>,33,16,[1 7],34,56,72,22,56
1,<environment.Job instance at 0x7fd50ddef140>,41,15,[8 2],42,68,83,26,68
1,<environment.Job instance at 0x7fd50ddefe60>,38,17,[6 2],39,68,85,29,68
1,<environment.Job instance at 0x7fd50e095370>,49,17,[9 4],50,83,100,33,83
1,<environment.Job instance at 0x7fd50ddefbe0>,37,17,[5 7],38,85,102,47,85
1,<environment.Job instance at 0x7fd50df00af0>,62,15,[5 1],63,100,115,37,100
1,<environment.Job instance at 0x7fd50d64e8c0>,72,15,[3 7],73,100,115,27,100
1,<environment.Job instance at 0x7fd50d930050>,61,16,[4 6],62,102,118,40,102
1,<environment.Job instance at 0x7fd50ddd59b0>,87,16,[9 1],88,116,132,28,116
1,<environment.Job instance at 0x7fd50d99f3c0>,84,22,[1 8],85,116,138,31,116
1,<environment.Job instance at 0x7fd50ddd5960>,91,13,[10  3],92,132,145,40,132
1,<environment.Job instance at 0x7fd50d250370>,31,18,[3 9],32,138,156,106,138
1,<environment.Job instance at 0x7fd50d64e280>,77,16,[8 4],78,146,162,68,146
1,<environment.Job instance at 0x7fd50ddd50a0>,94,14,[3 7],95,156,170,61,156
1,<environment.Job instance at 0x7fd50e3dfd70>,4,14,[4 7],5,5,19,0,5
1,<environment.Job instance at 0x7fd50e3df690>,9,13,[14  4],10,21,34,11,21
1,<environment.Job instance at 0x7fd50e3df640>,14,19,[13  4],15,34,53,19,24
1,<environment.Job instance at 0x7fd50e18a3c0>,2,16,[8 2],3,3,19,0,3
1,<environment.Job instance at 0x7fd50d235e60>,4,14,[4 7],5,5,19,0,5
1,<environment.Job instance at 0x7fd50e01ef00>,11,19,[2 5],12,12,31,0,12
1,<environment.Job instance at 0x7fd50de017d0>,15,15,[1 7],16,19,34,3,19
1,<environment.Job instance at 0x7fd50de01690>,19,15,[7 1],20,20,35,0,20
1,<environment.Job instance at 0x7fd50dce0550>,26,14,[5 4],27,31,45,4,31
1,<environment.Job instance at 0x7fd50de019b0>,18,21,[1 6],19,34,55,15,34
1,<environment.Job instance at 0x7fd50dfe77d0>,31,12,[8 1],32,35,47,3,35
1,<environment.Job instance at 0x7fd50d258f00>,27,15,[6 4],28,45,60,17,45
1,<environment.Job instance at 0x7fd50ddd5af0>,43,12,[5 8],44,55,67,11,55
1,<environment.Job instance at 0x7fd50d99f690>,46,15,[1 6],47,60,75,13,60
1,<environment.Job instance at 0x7fd50df00af0>,63,14,[10  5],64,67,81,3,67
1,<environment.Job instance at 0x7fd50d26b7d0>,65,12,[3 5],66,75,87,9,75
1,<environment.Job instance at 0x7fd50d5e4b40>,71,15,[1 7],72,81,96,9,81
1,<environment.Job instance at 0x7fd50d990910>,72,14,[10  2],73,81,95,8,81
1,<environment.Job instance at 0x7fd50d313140>,34,17,[1 6],35,87,104,52,87
1,<environment.Job instance at 0x7fd50d26b730>,64,16,[10  2],65,95,111,30,95
1,<environment.Job instance at 0x7fd50d9a0280>,74,14,[4 8],75,104,118,29,104
1,<environment.Job instance at 0x7fd50e095050>,75,12,[9 1],76,111,123,35,111
1,<environment.Job instance at 0x7fd50ddeff50>,88,15,[ 5 10],89,118,133,29,118
1,<environment.Job instance at 0x7fd50ddefdc0>,86,13,[10  1],87,123,136,36,123
1,<environment.Job instance at 0x7fd50d250370>,90,15,[5 8],91,133,148,42,133
1,<environment.Job instance at 0x7fd50d249c30>,80,13,[9 3],81,136,149,55,136
1,<environment.Job instance at 0x7fd50dcd4c30>,97,15,[ 4 10],98,148,163,50,148
1,<environment.Job instance at 0x7fd516ae2140>,0,12,[2 5],1,1,13,0,1
1,<environment.Job instance at 0x7fd50d3cd370>,5,14,[8 5],6,6,20,0,6
1,<environment.Job instance at 0x7fd50d9b98c0>,8,20,[6 3],9,13,33,4,11
1,<environment.Job instance at 0x7fd50e431730>,7,25,[ 3 10],8,20,45,12,16
1,<environment.Job instance at 0x7fd50e431780>,11,28,[10  2],12,34,62,22,34
1,<environment.Job instance at 0x7fd50e431690>,10,17,[ 5 13],11,45,62,34,37
1,<environment.Job instance at 0x7fd50e431c30>,14,12,[7 1],15,62,74,47,54
1,<environment.Job instance at 0x7fd50e431370>,15,21,[ 1 10],16,62,83,46,62
1,<environment.Job instance at 0x7fd50e431410>,16,27,[11  3],17,77,104,60,77
1,<environment.Job instance at 0x7fd50e431a50>,9,21,[3 6],10,84,105,74,84
1,<environment.Job instance at 0x7fd50e431fa0>,18,12,[7 5],19,104,116,85,89
1,<environment.Job instance at 0x7fd50e431960>,19,20,[3 9],20,105,125,85,101
1,<environment.Job instance at 0x7fd50e431910>,20,18,[9 3],21,116,134,95,111
1,<environment.Job instance at 0x7fd50e4315a0>,17,19,[8 4],18,134,153,116,130
1,<environment.Job instance at 0x7fd50e4310f0>,13,21,[13  1],14,153,174,139,145
1,<environment.Job instance at 0x7fd50e4315f0>,23,14,[14  1],24,174,188,150,159
1,<environment.Job instance at 0x7fd50dfa9370>,0,12,[2 5],1,1,13,0,1
1,<environment.Job instance at 0x7fd50dfa9820>,5,14,[8 5],6,6,20,0,6
1,<environment.Job instance at 0x7fd50e0a8780>,14,12,[7 1],15,15,27,0,15
1,<environment.Job instance at 0x7fd50e0a8500>,18,12,[7 5],19,20,32,1,20
1,<environment.Job instance at 0x7fd50e3dfcd0>,26,17,[4 8],27,27,44,0,27
1,<environment.Job instance at 0x7fd50d241960>,27,14,[5 6],28,33,47,5,33
1,<environment.Job instance at 0x7fd50d241820>,28,16,[8 4],29,44,60,15,44
1,<environment.Job instance at 0x7fd50d241280>,34,13,[10  1],35,61,74,26,61
1,<environment.Job instance at 0x7fd50d252fa0>,37,13,[7 1],38,74,87,36,74
1,<environment.Job instance at 0x7fd50d25b4b0>,40,12,[3 8],41,74,86,33,74
1,<environment.Job instance at 0x7fd50d2574b0>,42,15,[5 6],43,74,89,31,74
1,<environment.Job instance at 0x7fd50e0a8fa0>,21,17,[9 4],22,87,104,65,87
1,<environment.Job instance at 0x7fd50d257dc0>,45,17,[5 8],46,89,106,43,89
1,<environment.Job instance at 0x7fd50d24d960>,47,12,[8 5],48,104,116,56,104
1,<environment.Job instance at 0x7fd50d24da00>,48,18,[3 6],49,107,125,58,107
1,<environment.Job instance at 0x7fd50d250960>,55,17,[8 3],56,116,133,60,116
1,<environment.Job instance at 0x7fd50ddeff00>,57,12,[7 2],58,125,137,67,125
1,<environment.Job instance at 0x7fd50ddefc80>,59,16,[3 5],60,133,149,73,133
1,<environment.Job instance at 0x7fd50dcd4050>,50,21,[5 3],51,133,154,82,133
1,<environment.Job instance at 0x7fd50d990910>,70,14,[ 4 10],71,149,163,78,149
1,<environment.Job instance at 0x7fd50e0a8370>,20,18,[9 3],21,154,172,133,154
1,<environment.Job instance at 0x7fd50e0c8a00>,1,18,[1 5],2,2,20,0,2
1,<environment.Job instance at 0x7fd50e0c8be0>,2,22,[1 6],3,3,25,0,3
1,<environment.Job instance at 0x7fd50d20ff00>,12,13,[ 3 12],13,25,38,12,13
1,<environment.Job instance at 0x7fd50d20ff50>,10,22,[ 1 11],11,38,60,27,31
1,<environment.Job instance at 0x7fd50d20f5a0>,15,16,[2 6],16,60,76,44,47
1,<environment.Job instance at 0x7fd50e0c8280>,5,15,[5 5],6,60,75,54,48
1,<environment.Job instance at 0x7fd50e03a460>,1,18,[1 5],2,2,20,0,2
1,<environment.Job instance at 0x7fd50e03ac80>,2,22,[1 6],3,3,25,0,3
1,<environment.Job instance at 0x7fd50e046500>,19,12,[6 2],20,20,32,0,20
1,<environment.Job instance at 0x7fd50dd68d70>,5,15,[5 5],6,20,35,14,20
1,<environment.Job instance at 0x7fd50e048370>,20,15,[1 8],21,25,40,4,25
1,<environment.Job instance at 0x7fd50e048460>,23,12,[10  4],24,35,47,11,35
1,<environment.Job instance at 0x7fd50d20a640>,35,15,[1 5],36,40,55,4,40
1,<environment.Job instance at 0x7fd50e0580f0>,15,16,[2 6],16,40,56,24,40
1,<environment.Job instance at 0x7fd50d608230>,33,15,[6 2],34,47,62,13,47
1,<environment.Job instance at 0x7fd50e046370>,17,17,[5 5],18,55,72,37,55
1,<environment.Job instance at 0x7fd50d4b0690>,44,13,[5 5],45,62,75,17,62
1,<environment.Job instance at 0x7fd50e02faa0>,49,17,[3 5],50,62,79,12,62
1,<environment.Job instance at 0x7fd50d57ab90>,51,15,[7 1],52,72,87,20,72
1,<environment.Job instance at 0x7fd50e362690>,41,14,[1 9],42,75,89,33,75
1,<environment.Job instance at 0x7fd50e38db90>,53,12,[8 4],54,87,99,33,87
1,<environment.Job instance at 0x7fd50d6167d0>,59,16,[ 1 10],60,91,107,31,91
1,<environment.Job instance at 0x7fd50e048410>,24,15,[10  4],25,99,114,74,99
1,<environment.Job instance at 0x7fd50d21ae10>,57,17,[ 2 10],58,109,126,51,109
1,<environment.Job instance at 0x7fd50d22b190>,67,18,[9 3],68,114,132,46,114
1,<environment.Job instance at 0x7fd50e030eb0>,68,16,[3 8],69,126,142,57,126
1,<environment.Job instance at 0x7fd50de41550>,69,14,[6 2],70,132,146,62,132
1,<environment.Job instance at 0x7fd50d487140>,60,22,[3 5],61,132,154,71,132
1,<environment.Job instance at 0x7fd50d484d70>,72,14,[4 7],73,142,156,69,142
1,<environment.Job instance at 0x7fd50d484500>,77,14,[5 6],78,154,168,76,154
1,<environment.Job instance at 0x7fd50e37b5a0>,84,13,[1 7],85,157,170,72,157
1,<environment.Job instance at 0x7fd50d2f4a00>,4,19,[5 3],5,5,24,0,5
1,<environment.Job instance at 0x7fd50d2f4af0>,8,14,[5 5],9,9,23,0,9
1,<environment.Job instance at 0x7fd50d2f43c0>,9,14,[10  5],10,23,37,13,13
1,<environment.Job instance at 0x7fd50d2b6c80>,11,20,[6 5],12,37,57,25,28
1,<environment.Job instance at 0x7fd50d2b6b90>,15,19,[5 4],16,29,48,13,29
1,<environment.Job instance at 0x7fd50d850370>,10,21,[6 3],11,48,69,37,40
1,<environment.Job instance at 0x7fd50d2b6e60>,17,14,[7 1],18,57,71,39,42
1,<environment.Job instance at 0x7fd50d2b6eb0>,16,21,[ 3 10],17,69,90,52,62
1,<environment.Job instance at 0x7fd50d2b68c0>,19,13,[ 1 10],20,103,116,83,103
1,<environment.Job instance at 0x7fd50d2b6f50>,20,18,[ 1 13],21,116,134,95,108
1,<environment.Job instance at 0x7fd50d2b69b0>,18,25,[ 2 14],19,134,159,115,130
1,<environment.Job instance at 0x7fd50d2b6b40>,22,18,[4 9],23,159,177,136,153
1,<environment.Job instance at 0x7fd50d2b6780>,23,18,[11  3],24,159,177,135,153
1,<environment.Job instance at 0x7fd50e37a9b0>,1,17,[7 5],2,2,19,0,2
1,<environment.Job instance at 0x7fd50e37a640>,4,19,[5 3],5,5,24,0,5
1,<environment.Job instance at 0x7fd50cb4a8c0>,8,14,[5 5],9,19,33,10,19
1,<environment.Job instance at 0x7fd50d982d70>,15,19,[5 4],16,19,38,3,19
1,<environment.Job instance at 0x7fd50da3e500>,9,14,[10  5],10,33,47,23,33
1,<environment.Job instance at 0x7fd50e363b40>,19,13,[ 1 10],20,38,51,18,38
1,<environment.Job instance at 0x7fd50d3380f0>,17,14,[7 1],18,47,61,29,47
1,<environment.Job instance at 0x7fd50d646eb0>,10,21,[6 3],11,47,68,36,47
1,<environment.Job instance at 0x7fd50de4bdc0>,25,13,[9 3],26,61,74,35,61
1,<environment.Job instance at 0x7fd50dddfa50>,31,16,[3 8],32,68,84,36,68
1,<environment.Job instance at 0x7fd50e279190>,28,16,[8 1],29,74,90,45,74
1,<environment.Job instance at 0x7fd50de2d7d0>,35,17,[3 5],36,74,91,38,74
1,<environment.Job instance at 0x7fd50dc38c30>,39,12,[3 9],40,84,96,44,84
1,<environment.Job instance at 0x7fd50d6469b0>,11,20,[6 5],12,91,111,79,91
1,<environment.Job instance at 0x7fd50de20640>,45,14,[1 5],46,96,110,50,96
1,<environment.Job instance at 0x7fd50da33410>,46,17,[1 9],47,110,127,63,110
1,<environment.Job instance at 0x7fd50e49d2d0>,48,13,[10  1],49,111,124,62,111
1,<environment.Job instance at 0x7fd50d61bb40>,62,12,[7 3],63,128,140,65,128
1,<environment.Job instance at 0x7fd50d52ef50>,64,14,[5 5],65,128,142,63,128
1,<environment.Job instance at 0x7fd50de4c460>,72,13,[2 8],73,140,153,67,140
1,<environment.Job instance at 0x7fd50d52ef00>,63,21,[7 2],64,140,161,76,140
1,<environment.Job instance at 0x7fd50d630f00>,82,12,[6 3],83,142,154,59,142
1,<environment.Job instance at 0x7fd50d630a00>,88,16,[5 9],89,154,170,65,154
1,<environment.Job instance at 0x7fd50d2f1cd0>,6,13,[ 1 12],7,8,21,1,8
1,<environment.Job instance at 0x7fd50de9f8c0>,7,18,[14  3],8,10,28,2,10
1,<environment.Job instance at 0x7fd50de9f550>,10,21,[13  1],11,28,49,17,26
1,<environment.Job instance at 0x7fd50de9f190>,12,24,[11  2],13,49,73,36,47
1,<environment.Job instance at 0x7fd516a89640>,13,16,[2 5],14,14,30,0,14
1,<environment.Job instance at 0x7fd50d6ec0a0>,14,17,[9 4],15,15,32,0,15
1,<environment.Job instance at 0x7fd50cb3ffa0>,16,16,[2 6],17,17,33,0,17
1,<environment.Job instance at 0x7fd50d380870>,24,12,[4 7],25,32,44,7,32
1,<environment.Job instance at 0x7fd50d6ed640>,20,12,[5 5],21,33,45,12,33
1,<environment.Job instance at 0x7fd50df54370>,29,14,[ 4 10],30,44,58,14,44
1,<environment.Job instance at 0x7fd50de4c460>,39,15,[4 7],40,58,73,18,58
1,<environment.Job instance at 0x7fd50d221320>,51,13,[1 7],52,58,71,6,58
1,<environment.Job instance at 0x7fd50df9b6e0>,49,17,[7 1],50,58,75,8,58
1,<environment.Job instance at 0x7fd50d26d780>,17,17,[1 7],18,71,88,53,71
1,<environment.Job instance at 0x7fd50d49ba00>,57,12,[7 3],58,73,85,15,73
1,<environment.Job instance at 0x7fd50d982d70>,62,12,[2 5],63,85,97,22,85
1,<environment.Job instance at 0x7fd50d9f8500>,63,12,[5 5],64,88,100,24,88
1,<environment.Job instance at 0x7fd50e363b40>,61,17,[8 5],62,88,105,26,88
1,<environment.Job instance at 0x7fd50d9f8dc0>,64,13,[1 9],65,100,113,35,100
1,<environment.Job instance at 0x7fd50dc08a00>,73,12,[1 5],74,105,117,31,105
1,<environment.Job instance at 0x7fd50e516a50>,67,12,[3 7],68,113,125,45,113
1,<environment.Job instance at 0x7fd50d3380f0>,58,13,[10  5],59,118,131,59,118
1,<environment.Job instance at 0x7fd50da3e780>,87,12,[5 4],88,125,137,37,125
1,<environment.Job instance at 0x7fd50de3f6e0>,89,12,[2 5],90,131,143,41,131
1,<environment.Job instance at 0x7fd50da3e320>,83,21,[8 2],84,131,152,47,131
1,<environment.Job instance at 0x7fd50d6edf50>,21,15,[1 8],22,137,152,115,137
1,<environment.Job instance at 0x7fd50d47bc30>,92,16,[4 5],93,143,159,50,143
1,<environment.Job instance at 0x7fd50da3eeb0>,80,14,[4 9],81,152,166,71,152
1,<environment.Job instance at 0x7fd50d47b320>,103,13,[5 2],104,159,172,55,159
1,<environment.Job instance at 0x7fd50d34e1e0>,13,16,[6 1],14,14,30,0,14
1,<environment.Job instance at 0x7fd50d34e050>,11,13,[ 4 13],12,19,32,7,19
1,<environment.Job instance at 0x7fd50d5490a0>,19,14,[3 7],20,32,46,12,20
1,<environment.Job instance at 0x7fd50d3cdbe0>,21,12,[4 7],22,32,44,10,28
1,<environment.Job instance at 0x7fd50d34eaa0>,18,12,[ 3 12],19,46,58,27,39
1,<environment.Job instance at 0x7fd50d34eaf0>,17,14,[11  1],18,54,68,36,54
1,<environment.Job instance at 0x7fd50d549690>,24,15,[4 8],25,58,73,33,54
1,<environment.Job instance at 0x7fd50e134730>,0,18,[5 3],1,1,19,0,1
1,<environment.Job instance at 0x7fd50e134f50>,1,17,[7 5],2,2,19,0,2
1,<environment.Job instance at 0x7fd50e134be0>,7,12,[6 4],8,19,31,11,19
1,<environment.Job instance at 0x7fd50e1347d0>,4,13,[7 2],5,19,32,14,19
1,<environment.Job instance at 0x7fd50ccd04b0>,19,14,[3 7],20,31,45,11,31
1,<environment.Job instance at 0x7fd50e134dc0>,5,21,[5 1],6,31,52,25,31
1,<environment.Job instance at 0x7fd50d7c10a0>,21,12,[4 7],22,32,44,10,32
1,<environment.Job instance at 0x7fd50e134690>,13,16,[6 1],14,44,60,30,44
1,<environment.Job instance at 0x7fd50d7c1a00>,24,15,[4 8],25,45,60,20,45
1,<environment.Job instance at 0x7fd50d7c1f00>,27,18,[5 6],28,52,70,24,52
1,<environment.Job instance at 0x7fd50d73ea00>,32,12,[6 5],33,60,72,27,60
1,<environment.Job instance at 0x7fd50d7c1dc0>,28,13,[8 2],29,70,83,41,70
1,<environment.Job instance at 0x7fd50d7d97d0>,38,13,[5 1],39,72,85,33,72
1,<environment.Job instance at 0x7fd50e134a50>,2,14,[9 2],3,83,97,80,83
1,<environment.Job instance at 0x7fd50cfb8f00>,44,14,[5 4],45,85,99,40,85
1,<environment.Job instance at 0x7fd50cfb7460>,30,14,[4 7],31,97,111,66,97
1,<environment.Job instance at 0x7fd50cd1c960>,47,12,[6 3],48,97,109,49,97
1,<environment.Job instance at 0x7fd50cb6c190>,50,13,[6 1],51,109,122,58,109
1,<environment.Job instance at 0x7fd50d29b8c0>,36,17,[4 6],37,109,126,72,109
1,<environment.Job instance at 0x7fd50e111e10>,3,20,[4 7],4,111,131,107,111
1,<environment.Job instance at 0x7fd50ccd7370>,53,12,[7 4],54,126,138,72,126
1,<environment.Job instance at 0x7fd50cd07f00>,56,12,[2 9],57,131,143,74,131
1,<environment.Job instance at 0x7fd50e41c8c0>,45,16,[5 9],46,145,161,99,145
1,<environment.Job instance at 0x7fd50dec3140>,70,22,[7 5],71,146,168,75,146
1,<environment.Job instance at 0x7fd50e4e7af0>,4,15,[3 5],5,5,20,0,5
1,<environment.Job instance at 0x7fd50e4e72d0>,11,22,[6 3],12,12,34,0,12
1,<environment.Job instance at 0x7fd50e4e75f0>,6,14,[4 7],7,17,31,10,17
1,<environment.Job instance at 0x7fd50e4e7550>,13,18,[4 5],14,20,38,6,18
1,<environment.Job instance at 0x7fd50e4e7d70>,17,15,[10  5],18,34,49,16,33
1,<environment.Job instance at 0x7fd50e4e7b40>,15,13,[13  4],16,49,62,33,36
1,<environment.Job instance at 0x7fd50e4e7be0>,19,16,[12  2],20,62,78,42,51
1,<environment.Job instance at 0x7fd50e4e70f0>,14,25,[5 6],15,83,108,68,83
1,<environment.Job instance at 0x7fd50cfc6fa0>,23,26,[4 6],24,129,155,105,129
1,<environment.Job instance at 0x7fd50dc460a0>,1,16,[10  1],2,2,18,0,2
1,<environment.Job instance at 0x7fd50dc32370>,2,17,[4 8],3,3,20,0,3
1,<environment.Job instance at 0x7fd50d58a690>,5,14,[9 1],6,18,32,12,18
1,<environment.Job instance at 0x7fd50d579c30>,6,14,[4 7],7,20,34,13,20
1,<environment.Job instance at 0x7fd50dc460f0>,4,15,[3 5],5,32,47,27,32
1,<environment.Job instance at 0x7fd50d579230>,11,22,[6 3],12,32,54,20,32
1,<environment.Job instance at 0x7fd50d5a2320>,30,12,[3 6],31,34,46,3,34
1,<environment.Job instance at 0x7fd50d5ae4b0>,32,17,[4 5],33,46,63,13,46
1,<environment.Job instance at 0x7fd50d5ae5a0>,33,13,[3 7],34,47,60,13,47
1,<environment.Job instance at 0x7fd50dc2d5f0>,17,15,[10  5],18,60,75,42,60
1,<environment.Job instance at 0x7fd50d5a1960>,46,12,[5 4],47,63,75,16,63
1,<environment.Job instance at 0x7fd50d58d1e0>,47,13,[1 8],48,75,88,27,75
1,<environment.Job instance at 0x7fd50d582870>,41,16,[5 5],42,75,91,33,75
1,<environment.Job instance at 0x7fd50d5803c0>,49,17,[ 3 10],50,88,105,38,88
1,<environment.Job instance at 0x7fd50dc1d690>,13,18,[4 5],14,91,109,77,91
1,<environment.Job instance at 0x7fd50d7e4050>,54,13,[ 4 10],55,105,118,50,105
1,<environment.Job instance at 0x7fd50ccd7370>,55,14,[10  3],56,109,123,53,109
1,<environment.Job instance at 0x7fd50d7e4af0>,52,14,[1 7],53,118,132,65,118
1,<environment.Job instance at 0x7fd50e3ee050>,59,15,[6 1],60,123,138,63,123
1,<environment.Job instance at 0x7fd50e4e7230>,60,18,[5 5],61,123,141,62,123
1,<environment.Job instance at 0x7fd50ccd04b0>,58,12,[2 9],59,132,144,73,132
1,<environment.Job instance at 0x7fd50dec3b40>,67,12,[9 5],68,141,153,73,141
1,<environment.Job instance at 0x7fd50dec3be0>,69,12,[4 7],70,144,156,74,144
1,<environment.Job instance at 0x7fd50dec3500>,66,15,[5 3],67,153,168,86,153
1,<environment.Job instance at 0x7fd50dec3410>,72,15,[1 8],73,156,171,83,156
1,<environment.Job instance at 0x7fd50dec3280>,70,17,[8 1],71,156,173,85,156
1,<environment.Job instance at 0x7fd50d429a50>,0,13,[6 4],1,1,14,0,1
1,<environment.Job instance at 0x7fd50cf17960>,7,14,[2 7],8,8,22,0,8
1,<environment.Job instance at 0x7fd50cf17aa0>,10,19,[3 5],11,14,33,3,11
1,<environment.Job instance at 0x7fd50e4b54b0>,0,13,[6 4],1,1,14,0,1
1,<environment.Job instance at 0x7fd50ccf7460>,2,22,[1 8],3,3,25,0,3
1,<environment.Job instance at 0x7fd50cb36280>,7,14,[2 7],8,14,28,6,14
1,<environment.Job instance at 0x7fd50cb45f50>,16,14,[2 6],17,25,39,8,25
1,<environment.Job instance at 0x7fd50cb45500>,24,15,[5 2],25,25,40,0,25
1,<environment.Job instance at 0x7fd50cb5bdc0>,26,13,[1 5],27,28,41,1,28
1,<environment.Job instance at 0x7fd50cb5baf0>,35,16,[9 1],36,39,55,3,39
1,<environment.Job instance at 0x7fd50cb5b370>,39,14,[5 3],40,40,54,0,40
1,<environment.Job instance at 0x7fd50cd2ccd0>,47,14,[1 9],48,54,68,6,54
1,<environment.Job instance at 0x7fd50cb451e0>,12,17,[4 5],13,54,71,41,54
1,<environment.Job instance at 0x7fd50cd2cf50>,49,13,[5 1],50,55,68,5,55
1,<environment.Job instance at 0x7fd50cd2caf0>,56,12,[3 6],57,68,80,11,68
1,<environment.Job instance at 0x7fd50cd2ca00>,44,13,[7 4],45,68,81,23,68
1,<environment.Job instance at 0x7fd50cd2c230>,55,13,[3 7],56,81,94,25,81
1,<environment.Job instance at 0x7fd50cd2ce10>,50,13,[6 4],51,81,94,30,81
1,<environment.Job instance at 0x7fd50cd1c3c0>,62,22,[6 1],63,82,104,19,82
1,<environment.Job instance at 0x7fd50cd1c370>,61,16,[9 3],62,94,110,32,94
1,<environment.Job instance at 0x7fd50deb5a00>,64,15,[1 5],65,104,119,39,104
1,<environment.Job instance at 0x7fd50deb5e10>,65,12,[1 6],66,104,116,38,104
1,<environment.Job instance at 0x7fd50cd1caf0>,59,17,[10  1],60,111,128,51,111
1,<environment.Job instance at 0x7fd50deb5c80>,66,13,[3 5],67,116,129,49,116
1,<environment.Job instance at 0x7fd50cd1c410>,60,20,[1 9],61,119,139,58,119
1,<environment.Job instance at 0x7fd50cb5ba00>,37,18,[10  2],38,129,147,91,129
1,<environment.Job instance at 0x7fd50d7ea5f0>,68,17,[5 8],69,140,157,71,140
1,<environment.Job instance at 0x7fd50dec3960>,74,18,[10  5],75,148,166,73,148
1,<environment.Job instance at 0x7fd50dec3af0>,80,16,[ 3 10],81,157,173,76,157
1,<environment.Job instance at 0x7fd50d83ba50>,0,14,[3 9],1,1,15,0,1
1,<environment.Job instance at 0x7fd50d0903c0>,5,17,[10  1],6,9,26,3,9
1,<environment.Job instance at 0x7fd50db7b730>,9,28,[1 5],10,11,39,1,11
1,<environment.Job instance at 0x7fd50e2dec30>,6,17,[8 1],7,26,43,19,14
1,<environment.Job instance at 0x7fd50db7ba50>,13,20,[5 3],14,26,46,12,19
1,<environment.Job instance at 0x7fd50db7b8c0>,8,13,[13  4],9,46,59,37,37
1,<environment.Job instance at 0x7fd50db7bcd0>,12,16,[7 3],13,59,75,46,48
1,<environment.Job instance at 0x7fd50db7bd20>,16,27,[ 1 10],17,51,78,34,51
1,<environment.Job instance at 0x7fd516ae3230>,17,20,[ 4 12],18,78,98,60,69
1,<environment.Job instance at 0x7fd516ae3f00>,14,28,[7 1],15,82,110,67,82
1,<environment.Job instance at 0x7fd516ae3af0>,15,17,[4 6],16,98,115,82,92
1,<environment.Job instance at 0x7fd516ae3640>,19,23,[1 8],20,98,121,78,92
1,<environment.Job instance at 0x7fd516ae3f50>,18,14,[12  2],19,115,129,96,113
1,<environment.Job instance at 0x7fd516ae3a50>,22,13,[ 5 13],23,129,142,106,117
1,<environment.Job instance at 0x7fd516ae3b40>,21,25,[3 5],22,142,167,120,138
1,<environment.Job instance at 0x7fd516ae35f0>,24,14,[5 2],25,138,152,113,138
1,<environment.Job instance at 0x7fd516ae37d0>,23,26,[3 8],24,143,169,119,143
1,<environment.Job instance at 0x7fd516ae3870>,26,18,[8 1],27,152,170,125,143
1,<environment.Job instance at 0x7fd516ae3d70>,25,13,[ 1 14],26,169,182,143,154
1,<environment.Job instance at 0x7fd50dfa1230>,0,14,[3 9],1,1,15,0,1
1,<environment.Job instance at 0x7fd50dfa1960>,5,17,[10  1],6,6,23,0,6
1,<environment.Job instance at 0x7fd50dc32370>,13,20,[5 3],14,15,35,1,15
1,<environment.Job instance at 0x7fd50dc323c0>,12,16,[7 3],13,23,39,10,23
1,<environment.Job instance at 0x7fd50d579be0>,20,21,[3 8],21,23,44,2,23
1,<environment.Job instance at 0x7fd50dc2d500>,24,14,[5 2],25,35,49,10,35
1,<environment.Job instance at 0x7fd50d7b8b40>,29,12,[6 3],30,39,51,9,39
1,<environment.Job instance at 0x7fd50d579dc0>,15,17,[4 6],16,44,61,28,44
1,<environment.Job instance at 0x7fd50d59b3c0>,31,15,[9 1],32,51,66,19,51
1,<environment.Job instance at 0x7fd50d5ae4b0>,38,17,[6 4],39,62,79,23,62
1,<environment.Job instance at 0x7fd50cf174b0>,6,17,[8 1],7,66,83,59,66
1,<environment.Job instance at 0x7fd50d7e4af0>,55,21,[ 4 10],56,80,101,24,80
1,<environment.Job instance at 0x7fd50d588f50>,49,16,[10  1],50,83,99,33,83
1,<environment.Job instance at 0x7fd50d7e4dc0>,59,18,[10  5],60,100,118,40,100
1,<environment.Job instance at 0x7fd50d5803c0>,51,21,[4 7],52,101,122,49,101
1,<environment.Job instance at 0x7fd50d7c7550>,66,18,[10  3],67,119,137,52,119
1,<environment.Job instance at 0x7fd50e4e7230>,67,20,[2 8],68,122,142,54,122
1,<environment.Job instance at 0x7fd50cd1c370>,72,14,[10  2],73,137,151,64,137
1,<environment.Job instance at 0x7fd50cd1c320>,73,15,[4 6],74,142,157,68,142
1,<environment.Job instance at 0x7fd50cfb8f00>,60,18,[6 3],61,153,171,92,153
1,<environment.Job instance at 0x7fd50cd2c230>,78,21,[5 5],79,153,174,74,153
1,<environment.Job instance at 0x7fd50cd427d0>,1,20,[5 5],2,2,22,0,2
1,<environment.Job instance at 0x7fd50dfcaeb0>,3,14,[8 4],4,4,18,0,4
1,<environment.Job instance at 0x7fd50ce25640>,6,12,[5 1],7,18,30,11,7
1,<environment.Job instance at 0x7fd50ce198c0>,11,15,[2 5],12,12,27,0,12
1,<environment.Job instance at 0x7fd50ce25460>,8,18,[10  5],9,27,45,18,18
1,<environment.Job instance at 0x7fd50ce19d20>,14,12,[8 1],15,45,57,30,28
1,<environment.Job instance at 0x7fd50e2b8b90>,9,26,[14  3],10,57,83,47,54
1,<environment.Job instance at 0x7fd50cb063c0>,16,20,[ 2 13],17,83,103,66,80
1,<environment.Job instance at 0x7fd50cb068c0>,17,16,[13  5],18,103,119,85,95
1,<environment.Job instance at 0x7fd50cb06e60>,18,12,[6 5],19,119,131,100,104
1,<environment.Job instance at 0x7fd50cb06a00>,19,19,[ 2 10],20,104,123,84,104
1,<environment.Job instance at 0x7fd50dca05a0>,20,25,[6 3],21,123,148,102,121
1,<environment.Job instance at 0x7fd50cb06730>,21,19,[7 4],22,134,153,112,134
1,<environment.Job instance at 0x7fd50d459a00>,22,19,[ 5 13],23,153,172,130,151
1,<environment.Job instance at 0x7fd50decaa50>,1,20,[5 5],2,2,22,0,2
1,<environment.Job instance at 0x7fd50d59a550>,3,14,[8 4],4,4,18,0,4
1,<environment.Job instance at 0x7fd50ce52820>,11,15,[2 5],12,12,27,0,12
1,<environment.Job instance at 0x7fd50d57cb40>,6,12,[5 1],7,18,30,11,18
1,<environment.Job instance at 0x7fd50d60c050>,18,12,[6 5],19,22,34,3,22
1,<environment.Job instance at 0x7fd516ad1320>,14,12,[8 1],15,30,42,15,30
1,<environment.Job instance at 0x7fd516e0ec80>,28,16,[1 8],29,30,46,1,30
1,<environment.Job instance at 0x7fd516e0e4b0>,29,15,[9 3],30,42,57,12,42
1,<environment.Job instance at 0x7fd516e0efa0>,30,15,[4 8],31,46,61,15,46
1,<environment.Job instance at 0x7fd50ce252d0>,8,18,[10  5],9,57,75,48,57
1,<environment.Job instance at 0x7fd50d5b7c80>,39,13,[5 6],40,61,74,21,61
1,<environment.Job instance at 0x7fd50d5b7a50>,42,12,[5 6],43,74,86,31,74
1,<environment.Job instance at 0x7fd50d5b7410>,45,14,[1 8],46,75,89,29,75
1,<environment.Job instance at 0x7fd50cbdfe10>,46,14,[9 1],47,75,89,28,75
1,<environment.Job instance at 0x7fd50cbdf140>,50,14,[6 2],51,89,103,38,89
1,<environment.Job instance at 0x7fd50cbdf050>,52,15,[1 9],53,90,105,37,90
1,<environment.Job instance at 0x7fd50d60cf00>,21,19,[7 4],22,90,109,68,90
1,<environment.Job instance at 0x7fd50dfe7910>,55,20,[5 1],56,103,123,47,103
1,<environment.Job instance at 0x7fd50dfe75f0>,57,12,[2 5],58,105,117,47,105
1,<environment.Job instance at 0x7fd50d5b7e60>,35,15,[2 9],36,110,125,74,110
1,<environment.Job instance at 0x7fd50dfe7f50>,59,14,[10  2],60,124,138,64,124
1,<environment.Job instance at 0x7fd516e0ef50>,27,16,[2 9],28,125,141,97,125
1,<environment.Job instance at 0x7fd50dfe7820>,58,14,[10  3],59,138,152,79,138
1,<environment.Job instance at 0x7fd50cdafaf0>,76,15,[2 9],77,141,156,64,141
1,<environment.Job instance at 0x7fd50cdaf3c0>,82,13,[10  5],83,153,166,70,153
1,<environment.Job instance at 0x7fd50cdaf910>,84,12,[3 8],85,156,168,71,156
1,<environment.Job instance at 0x7fd50d79e870>,1,14,[6 4],2,2,16,0,2
1,<environment.Job instance at 0x7fd50e41daa0>,5,17,[5 5],6,6,23,0,6
1,<environment.Job instance at 0x7fd50e41d0a0>,9,14,[5 9],10,16,30,6,10
1,<environment.Job instance at 0x7fd50e4c0500>,13,23,[1 6],14,48,71,34,48
1,<environment.Job instance at 0x7fd50e4c0640>,16,15,[ 3 11],17,71,86,54,60
1,<environment.Job instance at 0x7fd50e4c08c0>,17,14,[5 4],18,104,118,86,104
1,<environment.Job instance at 0x7fd50d0ca050>,12,14,[ 1 11],13,105,119,92,105
1,<environment.Job instance at 0x7fd50e4c0a00>,18,19,[12  4],19,118,137,99,112
1,<environment.Job instance at 0x7fd50e4c0230>,14,26,[2 9],15,119,145,104,117
1,<environment.Job instance at 0x7fd50dea6b90>,20,22,[ 2 14],21,145,167,124,139
1,<environment.Job instance at 0x7fd516e03960>,22,14,[ 2 14],23,167,181,144,156
1,<environment.Job instance at 0x7fd50e4c0190>,15,28,[13  1],16,157,185,141,157
1,<environment.Job instance at 0x7fd50e293910>,1,14,[6 4],2,2,16,0,2
1,<environment.Job instance at 0x7fd50e293aa0>,5,17,[5 5],6,6,23,0,6
1,<environment.Job instance at 0x7fd50d386730>,9,14,[5 9],10,16,30,6,16
1,<environment.Job instance at 0x7fd50cbb7c30>,17,14,[5 4],18,23,37,5,23
1,<environment.Job instance at 0x7fd50cbb7e10>,28,14,[2 8],29,30,44,1,30
1,<environment.Job instance at 0x7fd50dc4f960>,35,14,[10  1],36,37,51,1,37
1,<environment.Job instance at 0x7fd50cbb78c0>,21,17,[4 8],22,44,61,22,44
1,<environment.Job instance at 0x7fd50cbb7500>,26,15,[7 5],27,51,66,24,51
1,<environment.Job instance at 0x7fd50cbc29b0>,59,13,[7 2],60,61,74,1,61
1,<environment.Job instance at 0x7fd50d9b9690>,46,16,[1 8],47,61,77,14,61
1,<environment.Job instance at 0x7fd50cc90780>,52,14,[7 5],53,66,80,13,66
1,<environment.Job instance at 0x7fd50cbc27d0>,62,13,[2 9],63,77,90,14,77
1,<environment.Job instance at 0x7fd50dc4fa50>,36,15,[6 5],37,80,95,43,80
1,<environment.Job instance at 0x7fd50cdaf5f0>,65,15,[4 8],66,90,105,24,90
1,<environment.Job instance at 0x7fd50d8d9d70>,76,15,[5 5],77,95,110,18,95
1,<environment.Job instance at 0x7fd50d8d9960>,77,16,[3 5],78,105,121,27,105
1,<environment.Job instance at 0x7fd50cbc2fa0>,60,17,[5 3],61,105,122,44,105
1,<environment.Job instance at 0x7fd50dfe7a50>,81,14,[6 5],82,110,124,28,110
1,<environment.Job instance at 0x7fd50cdaf820>,66,16,[3 6],67,121,137,54,121
1,<environment.Job instance at 0x7fd50dfe75a0>,82,13,[9 3],83,124,137,41,124
1,<environment.Job instance at 0x7fd50dfe7f00>,84,12,[3 5],85,124,136,39,124
1,<environment.Job instance at 0x7fd50dfe7550>,86,12,[5 8],87,137,149,50,137
1,<environment.Job instance at 0x7fd50dfe7d20>,91,15,[4 5],92,137,152,45,137
1,<environment.Job instance at 0x7fd50dfe7be0>,83,15,[7 4],84,149,164,65,149
1,<environment.Job instance at 0x7fd50cbdf500>,102,17,[8 3],103,152,169,49,152
1,<environment.Job instance at 0x7f0451246730>,1,15,[5 2],2,2,17,0,2
1,<environment.Job instance at 0x7f0447bfcc80>,5,18,[7 5],6,6,24,0,6
1,<environment.Job instance at 0x7f0447bfceb0>,7,12,[7 2],8,17,29,9,8
1,<environment.Job instance at 0x7f04512468c0>,9,17,[8 1],10,24,41,14,14
1,<environment.Job instance at 0x7f0447c000a0>,10,14,[ 1 14],11,29,43,18,15
1,<environment.Job instance at 0x7f0447bfcd20>,6,19,[ 1 13],7,43,62,36,35
1,<environment.Job instance at 0x7f0447c00dc0>,31,13,[4 5],32,62,75,30,54
1,<environment.Job instance at 0x7f0447c00d20>,30,15,[8 2],31,55,70,24,55
1,<environment.Job instance at 0x7f0447bfc960>,1,15,[5 2],2,2,17,0,2
1,<environment.Job instance at 0x7f0447bf4a00>,5,18,[7 5],6,6,24,0,6
1,<environment.Job instance at 0x7f0447bf4c30>,7,12,[7 2],8,17,29,9,17
1,<environment.Job instance at 0x7f0447bf4af0>,9,17,[8 1],10,24,41,14,24
1,<environment.Job instance at 0x7f0447d9e320>,18,18,[3 6],19,29,47,10,29
1,<environment.Job instance at 0x7f0447cc0a50>,12,22,[4 6],13,29,51,16,29
1,<environment.Job instance at 0x7f0447d30d20>,30,15,[8 2],31,41,56,10,41
1,<environment.Job instance at 0x7f0447da9410>,31,13,[4 5],32,51,64,19,51
1,<environment.Job instance at 0x7f0447cbeb90>,39,13,[5 4],40,56,69,16,56
1,<environment.Job instance at 0x7f0447bf4190>,11,14,[10  4],12,64,78,52,64
1,<environment.Job instance at 0x7f0447cbe7d0>,44,14,[8 4],45,78,92,33,78
1,<environment.Job instance at 0x7f0447cbe0f0>,43,14,[6 1],44,78,92,34,78
1,<environment.Job instance at 0x7f0447ca1f50>,33,16,[9 3],34,93,109,59,93
1,<environment.Job instance at 0x7f0447d183c0>,55,15,[6 2],56,93,108,37,93
1,<environment.Job instance at 0x7f0447cbe4b0>,47,16,[6 2],48,108,124,60,108
1,<environment.Job instance at 0x7f0447d1c870>,23,18,[7 4],24,110,128,86,110
1,<environment.Job instance at 0x7f0447cb9e10>,61,14,[ 2 10],62,124,138,62,124
1,<environment.Job instance at 0x7f0447d18f50>,56,13,[10  1],57,128,141,71,128
1,<environment.Job instance at 0x7f0447cb99b0>,66,12,[6 1],67,141,153,74,141
1,<environment.Job instance at 0x7f0447cb9910>,67,13,[3 5],68,142,155,74,142
1,<environment.Job instance at 0x7f0447cb9fa0>,70,22,[5 6],71,142,164,71,142
1,<environment.Job instance at 0x7f0447cb9cd0>,71,13,[7 2],72,153,166,81,153
1,<environment.Job instance at 0x7f0447cb9c80>,72,18,[5 5],73,164,182,91,164
1,<environment.Job instance at 0x7f0447cbdb90>,74,14,[9 1],75,167,181,92,167
1,<environment.Job instance at 0x7f0447350f00>,2,22,[6 4],3,3,25,0,3
1,<environment.Job instance at 0x7f0447350550>,3,16,[7 1],4,4,20,0,4
1,<environment.Job instance at 0x7f04473509b0>,11,13,[ 4 10],12,20,33,8,12
1,<environment.Job instance at 0x7f0447345690>,15,19,[5 1],16,20,39,4,18
1,<environment.Job instance at 0x7f0447345820>,14,12,[ 2 11],15,33,45,18,19
1,<environment.Job instance at 0x7f04473455f0>,20,12,[11  1],21,39,51,18,23
1,<environment.Job instance at 0x7f04475235f0>,26,14,[14  4],27,51,65,24,38
1,<environment.Job instance at 0x7f044742f320>,39,17,[ 5 11],40,65,82,25,62
1,<environment.Job instance at 0x7f044742fc30>,43,21,[ 4 12],44,93,114,49,93
1,<environment.Job instance at 0x7f046c27c460>,44,17,[2 9],45,148,165,103,148
1,<environment.Job instance at 0x7f0447cbe730>,1,18,[ 4 10],2,2,20,0,2
1,<environment.Job instance at 0x7f0447cbe9b0>,2,22,[6 4],3,3,25,0,3
1,<environment.Job instance at 0x7f0447426690>,11,13,[ 4 10],12,20,33,8,20
1,<environment.Job instance at 0x7f0447526500>,15,19,[5 1],16,20,39,4,20
1,<environment.Job instance at 0x7f0447426870>,12,14,[4 7],13,33,47,20,33
1,<environment.Job instance at 0x7f0447426fa0>,17,22,[1 7],18,33,55,15,33
1,<environment.Job instance at 0x7f04473ea0f0>,3,16,[7 1],4,39,55,35,39
1,<environment.Job instance at 0x7f0447429820>,28,17,[10  5],29,55,72,26,55
1,<environment.Job instance at 0x7f04473cc050>,44,17,[2 9],45,55,72,10,55
1,<environment.Job instance at 0x7f04473ccc80>,46,17,[10  4],47,72,89,25,72
1,<environment.Job instance at 0x7f04473c85a0>,50,12,[5 9],51,72,84,21,72
1,<environment.Job instance at 0x7f04473c85f0>,51,14,[2 9],52,84,98,32,84
1,<environment.Job instance at 0x7f04473c40f0>,38,17,[10  2],39,89,106,50,89
1,<environment.Job instance at 0x7f044755d460>,57,15,[5 6],58,98,113,40,98
1,<environment.Job instance at 0x7f04473d9140>,53,15,[5 9],54,106,121,52,106
1,<environment.Job instance at 0x7f04474b3370>,73,18,[8 5],74,113,131,39,113
1,<environment.Job instance at 0x7f04473c12d0>,60,15,[ 5 10],61,121,136,60,121
1,<environment.Job instance at 0x7f04475534b0>,82,17,[8 5],83,131,148,48,131
1,<environment.Job instance at 0x7f04474fc190>,80,17,[2 6],81,136,153,55,136
1,<environment.Job instance at 0x7f0447423190>,88,17,[1 7],89,149,166,60,149
1,<environment.Job instance at 0x7f04475204b0>,90,12,[6 2],91,149,161,58,149
1,<environment.Job instance at 0x7f0447401050>,94,12,[1 8],95,161,173,66,161
1,<environment.Job instance at 0x7f04473f9730>,7,18,[10  1],8,166,184,158,166
1,<environment.Job instance at 0x7f0447379730>,98,13,[3 5],99,166,179,67,166
1,<environment.Job instance at 0x7f04513af550>,0,12,[4 7],1,1,13,0,1
1,<environment.Job instance at 0x7f0447352640>,6,12,[ 3 11],7,13,25,6,7
1,<environment.Job instance at 0x7f04473525f0>,17,20,[12  3],18,18,38,0,18
1,<environment.Job instance at 0x7f04473522d0>,16,15,[5 7],17,38,53,21,35
1,<environment.Job instance at 0x7f0447352870>,20,17,[5 4],21,38,55,17,35
1,<environment.Job instance at 0x7f0447352280>,15,17,[ 2 14],16,55,72,39,43
1,<environment.Job instance at 0x7f04473528c0>,23,14,[4 9],24,72,86,48,57
1,<environment.Job instance at 0x7f0447352a00>,28,13,[1 7],29,86,99,57,70
1,<environment.Job instance at 0x7f04473526e0>,24,12,[8 2],25,72,84,47,70
1,<environment.Job instance at 0x7f04513b9eb0>,32,15,[10  5],33,84,99,51,71
1,<environment.Job instance at 0x7f04513b94b0>,33,24,[6 1],34,99,123,65,94
1,<environment.Job instance at 0x7f04513b9640>,34,19,[3 9],35,99,118,64,94
1,<environment.Job instance at 0x7f04513b9aa0>,30,12,[ 1 14],31,118,130,87,101
1,<environment.Job instance at 0x7f04513b99b0>,36,16,[ 4 11],37,130,146,93,121
1,<environment.Job instance at 0x7f04513b9c30>,35,21,[12  1],36,146,167,110,142
1,<environment.Job instance at 0x7f0447352960>,19,13,[12  5],20,167,180,147,153
1,<environment.Job instance at 0x7f04513b90f0>,38,15,[4 9],39,180,195,141,166
1,<environment.Job instance at 0x7f04471b1cd0>,52,12,[9 1],53,180,192,127,166
1,<environment.Job instance at 0x7f04484d3050>,0,12,[4 7],1,1,13,0,1
1,<environment.Job instance at 0x7f04475dd460>,4,20,[7 3],5,5,25,0,5
1,<environment.Job instance at 0x7f04484d0140>,7,17,[6 3],8,13,30,5,13
1,<environment.Job instance at 0x7f04475e09b0>,10,17,[2 8],11,13,30,2,13
1,<environment.Job instance at 0x7f04475d9640>,20,17,[5 4],21,25,42,4,25
1,<environment.Job instance at 0x7f04483d61e0>,24,12,[8 2],25,30,42,5,30
1,<environment.Job instance at 0x7f04482e2870>,28,13,[1 7],29,30,43,1,30
1,<environment.Job instance at 0x7f04482e2730>,27,13,[7 5],28,42,55,14,42
1,<environment.Job instance at 0x7f04480a4aa0>,23,14,[4 9],24,43,57,19,43
1,<environment.Job instance at 0x7f0447a970f0>,40,14,[3 6],41,55,69,14,55
1,<environment.Job instance at 0x7f04475436e0>,45,12,[9 3],46,57,69,11,57
1,<environment.Job instance at 0x7f04474a5eb0>,16,15,[5 7],17,69,84,52,69
1,<environment.Job instance at 0x7f0447a030f0>,52,12,[9 1],53,69,81,16,69
1,<environment.Job instance at 0x7f0447550c30>,32,15,[10  5],33,81,96,48,81
1,<environment.Job instance at 0x7f04474e4550>,56,12,[5 4],57,84,96,27,84
1,<environment.Job instance at 0x7f04475a00a0>,63,12,[ 1 10],64,96,108,32,96
1,<environment.Job instance at 0x7f0447479280>,65,14,[9 5],66,96,110,30,96
1,<environment.Job instance at 0x7f0447589e10>,38,15,[4 9],39,108,123,69,108
1,<environment.Job instance at 0x7f04475a0960>,60,17,[2 6],61,110,127,49,110
1,<environment.Job instance at 0x7f0447a03410>,51,16,[4 8],52,124,140,72,124
1,<environment.Job instance at 0x7f0450dcbaf0>,26,18,[8 1],27,124,142,97,124
1,<environment.Job instance at 0x7f0451143960>,98,13,[7 1],99,140,153,41,140
1,<environment.Job instance at 0x7f0447724a50>,94,15,[6 4],95,142,157,47,142
1,<environment.Job instance at 0x7f0451143e60>,99,16,[2 6],100,142,158,42,142
1,<environment.Job instance at 0x7f044771d5f0>,104,22,[5 3],105,154,176,49,154
1,<environment.Job instance at 0x7f04474cfc80>,70,16,[ 1 10],71,158,174,87,158
1,<environment.Job instance at 0x7f0447830cd0>,108,17,[9 1],109,158,175,49,158
1,<environment.Job instance at 0x7f044721edc0>,3,18,[4 7],4,5,23,1,5
1,<environment.Job instance at 0x7f044721ea00>,6,20,[2 6],7,7,27,0,7
1,<environment.Job instance at 0x7f044721ea50>,10,23,[7 1],11,11,34,0,11
1,<environment.Job instance at 0x7f04486f6f00>,4,14,[ 1 12],5,27,41,22,12
1,<environment.Job instance at 0x7f044721e230>,14,12,[ 2 13],15,41,53,26,25
1,<environment.Job instance at 0x7f044721e2d0>,13,16,[8 4],14,53,69,39,43
1,<environment.Job instance at 0x7f044721e910>,12,24,[2 5],13,53,77,40,48
1,<environment.Job instance at 0x7f044721eaf0>,11,17,[10  4],12,69,86,57,57
1,<environment.Job instance at 0x7f0447345d70>,18,14,[ 5 14],19,86,100,67,72
1,<environment.Job instance at 0x7f0447345fa0>,20,12,[8 1],21,86,98,65,72
1,<environment.Job instance at 0x7f04473455f0>,24,17,[ 3 12],25,100,117,75,100
1,<environment.Job instance at 0x7f04513b9500>,26,13,[10  5],27,117,130,90,105
1,<environment.Job instance at 0x7f04473454b0>,21,18,[9 4],22,130,148,108,119
1,<environment.Job instance at 0x7f044721e370>,16,15,[5 7],17,132,147,115,132
1,<environment.Job instance at 0x7f0447345dc0>,27,23,[9 5],28,148,171,120,143
1,<environment.Job instance at 0x7f04474a0280>,30,15,[ 5 14],31,171,186,140,166
1,<environment.Job instance at 0x7f044757beb0>,3,18,[4 7],4,4,22,0,4
1,<environment.Job instance at 0x7f044757b5f0>,6,20,[2 6],7,7,27,0,7
1,<environment.Job instance at 0x7f044831c690>,20,12,[8 1],21,22,34,1,22
1,<environment.Job instance at 0x7f0447896410>,16,15,[5 7],17,22,37,5,22
1,<environment.Job instance at 0x7f04477245a0>,29,12,[5 5],30,34,46,4,34
1,<environment.Job instance at 0x7f044764d4b0>,26,13,[10  5],27,37,50,10,37
1,<environment.Job instance at 0x7f044840b0a0>,34,13,[ 5 10],35,46,59,11,46
1,<environment.Job instance at 0x7f044840b3c0>,35,15,[7 2],36,50,65,14,50
1,<environment.Job instance at 0x7f04476211e0>,39,15,[2 6],40,59,74,19,59
1,<environment.Job instance at 0x7f04483ea870>,13,16,[8 4],14,65,81,51,65
1,<environment.Job instance at 0x7f04475431e0>,49,13,[6 2],50,74,87,24,74
1,<environment.Job instance at 0x7f04476129b0>,47,14,[ 3 10],48,81,95,33,81
1,<environment.Job instance at 0x7f04478337d0>,58,12,[6 1],59,81,93,22,81
1,<environment.Job instance at 0x7f044759fb40>,57,14,[7 5],58,93,107,35,93
1,<environment.Job instance at 0x7f04475a07d0>,45,17,[ 5 10],46,95,112,49,95
1,<environment.Job instance at 0x7f04475e0500>,70,12,[8 2],71,107,119,36,107
1,<environment.Job instance at 0x7f0447584e60>,74,16,[5 5],75,113,129,38,113
1,<environment.Job instance at 0x7f04486eb410>,78,18,[1 5],79,113,131,34,113
1,<environment.Job instance at 0x7f04475d9190>,62,14,[9 5],63,120,134,57,120
1,<environment.Job instance at 0x7f04475dd3c0>,77,19,[5 7],78,131,150,53,131
1,<environment.Job instance at 0x7f0448043b40>,83,12,[4 8],84,134,146,50,134
1,<environment.Job instance at 0x7f0447d4bf50>,84,12,[8 2],85,146,158,61,146
1,<environment.Job instance at 0x7f0447345640>,81,17,[7 4],82,150,167,68,150
1,<environment.Job instance at 0x7f0447764960>,89,12,[5 5],90,158,170,68,158
1,<environment.Job instance at 0x7f0447da77d0>,92,14,[4 9],93,167,181,74,167
1,<environment.Job instance at 0x7f04480474b0>,7,12,[5 1],8,8,20,0,8
1,<environment.Job instance at 0x7f0448047820>,12,24,[4 5],13,13,37,0,13
1,<environment.Job instance at 0x7f0448047a50>,9,26,[ 2 10],10,20,46,10,17
1,<environment.Job instance at 0x7f044787dc80>,1,13,[ 4 10],2,46,59,44,30
1,<environment.Job instance at 0x7f0448060e60>,21,13,[12  4],22,59,72,37,47
1,<environment.Job instance at 0x7f04480c2be0>,10,14,[12  5],11,82,96,71,82
1,<environment.Job instance at 0x7f0448060870>,23,18,[6 5],24,145,163,121,145
1,<environment.Job instance at 0x7f0448060550>,24,18,[ 5 12],25,163,181,138,152
1,<environment.Job instance at 0x7f0448756f50>,28,12,[1 7],29,181,193,152,164
1,<environment.Job instance at 0x7f0447c60960>,0,15,[10  4],1,1,16,0,1
1,<environment.Job instance at 0x7f0447932140>,1,13,[ 4 10],2,2,15,0,2
1,<environment.Job instance at 0x7f0447c3bbe0>,7,12,[5 1],8,15,27,7,15
1,<environment.Job instance at 0x7f04482705f0>,2,17,[3 9],3,16,33,13,16
1,<environment.Job instance at 0x7f0447cb7280>,23,18,[6 5],24,27,45,3,27
1,<environment.Job instance at 0x7f0448071d20>,28,12,[1 7],29,33,45,4,33
1,<environment.Job instance at 0x7f0447f3d190>,38,17,[9 4],39,45,62,6,45
1,<environment.Job instance at 0x7f0447bf4870>,37,18,[6 5],38,45,63,7,45
1,<environment.Job instance at 0x7f0447bf4d20>,42,15,[6 2],43,62,77,19,62
1,<environment.Job instance at 0x7f0447c45550>,60,14,[1 7],61,63,77,2,63
1,<environment.Job instance at 0x7f04478e2fa0>,62,14,[6 2],63,63,77,0,63
1,<environment.Job instance at 0x7f0447713cd0>,65,14,[1 6],66,77,91,11,77
1,<environment.Job instance at 0x7f04477132d0>,66,15,[5 7],67,77,92,10,77
1,<environment.Job instance at 0x7f04513af460>,70,18,[5 2],71,77,95,6,77
1,<environment.Job instance at 0x7f0447d4bf50>,72,14,[8 3],73,92,106,19,92
1,<environment.Job instance at 0x7f0447cdfeb0>,17,20,[ 2 10],18,92,112,74,92
1,<environment.Job instance at 0x7f0447f3a460>,32,18,[5 8],33,114,132,81,114
1,<environment.Job instance at 0x7f0447bf40f0>,41,18,[5 7],42,114,132,72,114
1,<environment.Job instance at 0x7f04485775f0>,84,15,[5 8],85,132,147,47,132
1,<environment.Job instance at 0x7f0447584280>,87,12,[9 1],88,132,144,44,132
1,<environment.Job instance at 0x7f04475e0500>,90,13,[3 5],91,144,157,53,144
1,<environment.Job instance at 0x7f04475ddaf0>,85,15,[4 9],86,147,162,61,147
1,<environment.Job instance at 0x7f04484d3870>,81,22,[8 1],82,147,169,65,147
1,<environment.Job instance at 0x7f04475431e0>,112,19,[5 3],113,164,183,51,164
1,<environment.Job instance at 0x7f04475a07d0>,117,14,[8 2],118,169,183,51,169
1,<environment.Job instance at 0x7f04476310a0>,1,17,[3 5],2,2,19,0,2
1,<environment.Job instance at 0x7f0447631b90>,3,14,[6 1],4,4,18,0,4
1,<environment.Job instance at 0x7f0447631fa0>,7,13,[9 5],8,18,31,10,12
1,<environment.Job instance at 0x7f0447631d20>,4,22,[ 1 12],5,31,53,26,27
1,<environment.Job instance at 0x7f0447631910>,17,17,[13  2],18,36,53,18,36
1,<environment.Job instance at 0x7f0447631eb0>,18,14,[2 7],19,53,67,34,38
1,<environment.Job instance at 0x7f0447631640>,10,14,[2 5],11,53,67,42,46
1,<environment.Job instance at 0x7f0447631370>,19,20,[1 7],20,67,87,47,58
1,<environment.Job instance at 0x7f044764a280>,44,17,[1 9],45,87,104,42,84
1,<environment.Job instance at 0x7f044764a500>,47,18,[ 1 12],48,104,122,56,93
1,<environment.Job instance at 0x7f0447914b40>,66,15,[9 4],67,122,137,55,110
1,<environment.Job instance at 0x7f0447914780>,67,21,[4 6],68,122,143,54,121
1,<environment.Job instance at 0x7f0447914690>,75,12,[ 3 11],76,157,169,81,157
1,<environment.Job instance at 0x7f04487553c0>,81,12,[6 1],82,158,170,76,158
1,<environment.Job instance at 0x7f04487558c0>,82,25,[8 3],83,169,194,86,167
1,<environment.Job instance at 0x7f0447a70b90>,1,17,[3 5],2,2,19,0,2
1,<environment.Job instance at 0x7f0447a70aa0>,3,14,[6 1],4,4,18,0,4
1,<environment.Job instance at 0x7f0447766c80>,8,16,[3 6],9,9,25,0,9
1,<environment.Job instance at 0x7f04474a0c30>,7,13,[9 5],8,19,32,11,19
1,<environment.Job instance at 0x7f04487741e0>,18,14,[2 7],19,25,39,6,25
1,<environment.Job instance at 0x7f04478e25a0>,10,14,[2 5],11,32,46,21,32
1,<environment.Job instance at 0x7f0447834280>,29,12,[5 7],30,39,51,9,39
1,<environment.Job instance at 0x7f0448167be0>,36,15,[6 1],37,39,54,2,39
1,<environment.Job instance at 0x7f04482a0910>,20,14,[3 7],21,46,60,25,46
1,<environment.Job instance at 0x7f0447a47460>,37,17,[5 7],38,51,68,13,51
1,<environment.Job instance at 0x7f04475dac80>,40,13,[3 8],41,60,73,19,60
1,<environment.Job instance at 0x7f0447a47aa0>,38,17,[5 5],39,68,85,29,68
1,<environment.Job instance at 0x7f0447c48870>,42,17,[1 8],43,73,90,30,73
1,<environment.Job instance at 0x7f0447e09320>,46,13,[9 2],47,73,86,26,73
1,<environment.Job instance at 0x7f0448297870>,51,16,[6 3],52,86,102,34,86
1,<environment.Job instance at 0x7f0448359fa0>,44,17,[1 9],45,90,107,45,90
1,<environment.Job instance at 0x7f0447e160f0>,56,21,[8 1],57,91,112,34,91
1,<environment.Job instance at 0x7f04475da5a0>,39,17,[4 6],40,107,124,67,107
1,<environment.Job instance at 0x7f0450f91fa0>,35,18,[1 6],36,107,125,71,107
1,<environment.Job instance at 0x7f044856af50>,64,18,[10  1],65,112,130,47,112
1,<environment.Job instance at 0x7f0447664dc0>,63,19,[ 4 10],64,126,145,62,126
1,<environment.Job instance at 0x7f04474ba0f0>,66,15,[9 4],67,130,145,63,130
1,<environment.Job instance at 0x7f04474bae10>,68,14,[5 7],69,146,160,77,146
1,<environment.Job instance at 0x7f0450dab870>,77,16,[4 8],78,146,162,68,146
1,<environment.Job instance at 0x7f04476310f0>,14,17,[10  4],15,160,177,145,160
1,<environment.Job instance at 0x7f0448406910>,79,15,[2 8],80,162,177,82,162
1,<environment.Job instance at 0x7f044790cfa0>,0,15,[7 4],1,1,16,0,1
1,<environment.Job instance at 0x7f0447538aa0>,4,23,[1 8],5,5,28,0,5
1,<environment.Job instance at 0x7f044753eeb0>,11,17,[2 5],12,16,33,4,14
1,<environment.Job instance at 0x7f04473d00a0>,7,16,[ 2 10],8,28,44,20,20
1,<environment.Job instance at 0x7f044755ba00>,15,20,[7 5],16,33,53,17,26
1,<environment.Job instance at 0x7f044755bbe0>,17,12,[10  1],18,81,93,63,81
1,<environment.Job instance at 0x7f0447a14690>,0,15,[7 4],1,1,16,0,1
1,<environment.Job instance at 0x7f0447a26730>,6,15,[5 5],7,7,22,0,7
1,<environment.Job instance at 0x7f0447a269b0>,11,17,[2 5],12,12,29,0,12
1,<environment.Job instance at 0x7f04475b8c30>,15,20,[7 5],16,16,36,0,16
1,<environment.Job instance at 0x7f0447a26690>,7,16,[ 2 10],8,29,45,21,29
1,<environment.Job instance at 0x7f0448845a50>,20,12,[10  1],21,36,48,15,36
1,<environment.Job instance at 0x7f0447a643c0>,25,12,[ 1 10],26,45,57,19,45
1,<environment.Job instance at 0x7f0447619c30>,17,12,[10  1],18,48,60,30,48
1,<environment.Job instance at 0x7f044717b9b0>,21,17,[1 9],22,57,74,35,57
1,<environment.Job instance at 0x7f0447d814b0>,28,17,[2 5],29,57,74,28,57
1,<environment.Job instance at 0x7f04474ba820>,37,12,[4 6],38,74,86,36,74
1,<environment.Job instance at 0x7f0450dabd20>,34,12,[6 3],35,74,86,39,74
1,<environment.Job instance at 0x7f04474bad70>,38,13,[2 6],39,74,87,35,74
1,<environment.Job instance at 0x7f04474bac30>,39,13,[10  4],40,86,99,46,86
1,<environment.Job instance at 0x7f0448297190>,47,13,[3 9],48,87,100,39,87
1,<environment.Job instance at 0x7f0447d81410>,29,17,[3 6],30,99,116,69,99
1,<environment.Job instance at 0x7f04478e2f00>,64,13,[3 5],65,100,113,35,100
1,<environment.Job instance at 0x7f044751c0a0>,63,13,[1 7],64,113,126,49,113
1,<environment.Job instance at 0x7f0448039730>,69,12,[7 4],70,116,128,46,116
1,<environment.Job instance at 0x7f04477660f0>,71,14,[8 1],72,126,140,54,126
1,<environment.Job instance at 0x7f044751c140>,61,15,[2 7],62,128,143,66,128
1,<environment.Job instance at 0x7f0447a9a0a0>,79,12,[8 1],80,140,152,60,140
1,<environment.Job instance at 0x7f04478e2fa0>,65,16,[3 9],66,143,159,77,143
1,<environment.Job instance at 0x7f0447a9a230>,80,14,[10  2],81,152,166,71,152
1,<environment.Job instance at 0x7f044719faf0>,83,14,[4 9],84,159,173,75,159
1,<environment.Job instance at 0x7f0447914320>,89,15,[5 5],90,167,182,77,167
1,<environment.Job instance at 0x7f0450e0ee60>,1,13,[9 2],2,2,15,0,2
1,<environment.Job instance at 0x7f0450e0ed70>,2,12,[4 7],3,3,15,0,3
1,<environment.Job instance at 0x7f0450e0ef00>,6,14,[4 8],7,15,29,8,7
1,<environment.Job instance at 0x7f0450e0eaf0>,8,12,[1 6],9,9,21,0,9
1,<environment.Job instance at 0x7f044768b550>,10,14,[8 4],11,21,35,10,14
1,<environment.Job instance at 0x7f0450e0e3c0>,9,19,[ 5 12],10,35,54,25,25
1,<environment.Job instance at 0x7f0450e0ea50>,11,24,[14  3],12,54,78,42,49
1,<environment.Job instance at 0x7f0450e0e780>,16,15,[13  5],17,78,93,61,65
1,<environment.Job instance at 0x7f0450e0ed20>,17,20,[4 5],18,103,123,85,103
1,<environment.Job instance at 0x7f044808acd0>,18,14,[5 7],19,135,149,116,135
1,<environment.Job instance at 0x7f0450e0e050>,14,28,[3 6],15,138,166,123,138
1,<environment.Job instance at 0x7f0450e0e730>,13,24,[12  2],14,150,174,136,150
1,<environment.Job instance at 0x7f044808a410>,20,12,[ 1 12],21,166,178,145,151
1,<environment.Job instance at 0x7f044808a780>,22,15,[13  4],23,178,193,155,165
1,<environment.Job instance at 0x7f0448747690>,1,13,[9 2],2,2,15,0,2
1,<environment.Job instance at 0x7f0448737910>,2,12,[4 7],3,3,15,0,3
1,<environment.Job instance at 0x7f0448737e60>,8,12,[1 6],9,9,21,0,9
1,<environment.Job instance at 0x7f04473125f0>,6,14,[4 8],7,15,29,8,15
1,<environment.Job instance at 0x7f04479654b0>,18,14,[5 7],19,21,35,2,21
1,<environment.Job instance at 0x7f0448813a50>,10,14,[8 4],11,29,43,18,29
1,<environment.Job instance at 0x7f0448039730>,17,20,[4 5],18,35,55,17,35
1,<environment.Job instance at 0x7f0447a60d70>,36,18,[1 6],37,37,55,0,37
1,<environment.Job instance at 0x7f0447ff0460>,41,17,[7 3],42,43,60,1,43
1,<environment.Job instance at 0x7f0450e0eb40>,47,15,[6 1],48,55,70,7,55
1,<environment.Job instance at 0x7f0447978500>,56,16,[9 2],57,60,76,3,60
1,<environment.Job instance at 0x7f0447bf0780>,67,18,[5 5],68,70,88,2,70
1,<environment.Job instance at 0x7f04486c7af0>,75,12,[ 5 10],76,76,88,0,76
1,<environment.Job instance at 0x7f04486c74b0>,72,14,[10  1],73,88,102,15,88
1,<environment.Job instance at 0x7f0448752820>,77,16,[1 6],78,88,104,10,88
1,<environment.Job instance at 0x7f04483e97d0>,73,18,[3 8],74,88,106,14,88
1,<environment.Job instance at 0x7f04476646e0>,92,14,[8 5],93,104,118,11,104
1,<environment.Job instance at 0x7f04476649b0>,96,14,[1 8],97,106,120,9,106
1,<environment.Job instance at 0x7f0447fa9af0>,89,16,[7 2],90,119,135,29,119
1,<environment.Job instance at 0x7f0447490960>,97,22,[7 2],98,119,141,21,119
1,<environment.Job instance at 0x7f0447664c80>,95,16,[1 6],96,120,136,24,120
1,<environment.Job instance at 0x7f0447490aa0>,103,16,[3 7],104,135,151,31,135
1,<environment.Job instance at 0x7f0447fe19b0>,110,13,[5 5],111,141,154,30,141
1,<environment.Job instance at 0x7f044794c460>,108,14,[1 7],109,152,166,43,152
1,<environment.Job instance at 0x7f0447490280>,98,15,[10  1],99,154,169,55,154
1,<environment.Job instance at 0x7f0447fe1e60>,116,18,[2 5],117,154,172,37,154
1,<environment.Job instance at 0x7f0447fe1370>,112,19,[2 6],113,166,185,53,166
1,<environment.Job instance at 0x7f0447e498c0>,88,17,[8 4],89,169,186,80,169
1,<environment.Job instance at 0x7f044707ea50>,4,22,[1 8],5,5,27,0,5
1,<environment.Job instance at 0x7f044707e050>,6,15,[ 5 12],7,27,42,20,13
1,<environment.Job instance at 0x7f04475e6730>,7,16,[9 1],8,13,29,5,13
1,<environment.Job instance at 0x7f044707ec30>,11,13,[10  3],12,29,42,17,13
1,<environment.Job instance at 0x7f044707e8c0>,14,14,[3 7],15,42,56,27,27
1,<environment.Job instance at 0x7f044707e820>,8,27,[2 9],9,59,86,50,59
1,<environment.Job instance at 0x7f0447ea8fa0>,4,22,[1 8],5,5,27,0,5
1,<environment.Job instance at 0x7f04471b93c0>,7,16,[9 1],8,8,24,0,8
1,<environment.Job instance at 0x7f04471b9aa0>,11,13,[10  3],12,24,37,12,24
1,<environment.Job instance at 0x7f04471c9a00>,14,14,[3 7],15,27,41,12,27
1,<environment.Job instance at 0x7f0447127be0>,24,18,[5 6],25,37,55,12,37
1,<environment.Job instance at 0x7f04471c9280>,15,20,[5 1],16,37,57,21,37
1,<environment.Job instance at 0x7f04471aad20>,22,18,[3 5],23,41,59,18,41
1,<environment.Job instance at 0x7f04471ac6e0>,32,13,[3 9],33,55,68,22,55
1,<environment.Job instance at 0x7f044711b5a0>,38,17,[1 5],39,59,76,20,59
1,<environment.Job instance at 0x7f0447117fa0>,43,18,[7 1],44,59,77,15,59
1,<environment.Job instance at 0x7f0447112c30>,49,13,[5 8],50,69,82,19,69
1,<environment.Job instance at 0x7f0447120730>,58,19,[2 5],59,77,96,18,77
1,<environment.Job instance at 0x7f04471c1460>,60,12,[7 2],61,82,94,21,82
1,<environment.Job instance at 0x7f0447d32190>,61,20,[6 1],62,83,103,21,83
1,<environment.Job instance at 0x7f0447117f00>,41,18,[1 9],42,95,113,53,95
1,<environment.Job instance at 0x7f0448646050>,69,17,[5 4],70,96,113,26,96
1,<environment.Job instance at 0x7f0447124960>,27,12,[ 1 10],28,114,126,86,114
1,<environment.Job instance at 0x7f0447da0dc0>,72,19,[8 1],73,115,134,42,115
1,<environment.Job instance at 0x7f04486ebc80>,74,13,[6 5],75,126,139,51,126
1,<environment.Job instance at 0x7f0447bd3af0>,77,20,[1 7],78,127,147,49,127
1,<environment.Job instance at 0x7f0447bd5690>,79,15,[9 4],80,139,154,59,139
1,<environment.Job instance at 0x7f0447127af0>,26,15,[ 4 10],27,147,162,120,147
1,<environment.Job instance at 0x7f0450de2c80>,82,16,[8 2],83,154,170,71,154
1,<environment.Job instance at 0x7f0447f20dc0>,84,14,[4 7],85,162,176,77,162
1,<environment.Job instance at 0x7f04477435f0>,91,19,[2 5],92,163,182,71,163
1,<environment.Job instance at 0x7f044746c5f0>,7,15,[ 4 10],8,8,23,0,8
1,<environment.Job instance at 0x7f04471dae10>,0,15,[5 8],1,1,16,0,1
1,<environment.Job instance at 0x7f04471e4e10>,14,14,[9 1],15,16,30,1,16
1,<environment.Job instance at 0x7f04475d4d70>,7,15,[ 4 10],8,16,31,8,16
1,<environment.Job instance at 0x7f04471bb500>,19,13,[8 3],20,30,43,10,30
1,<environment.Job instance at 0x7f04471e4be0>,15,15,[3 9],16,31,46,15,31
1,<environment.Job instance at 0x7f04471bba50>,17,16,[5 1],18,43,59,25,43
1,<environment.Job instance at 0x7f044820d640>,33,13,[3 9],34,46,59,12,46
1,<environment.Job instance at 0x7f0447d76e10>,40,14,[9 2],41,59,73,18,59
1,<environment.Job instance at 0x7f0447746320>,47,15,[3 8],48,59,74,11,59
1,<environment.Job instance at 0x7f0447df1230>,29,22,[2 7],30,73,95,43,73
1,<environment.Job instance at 0x7f04471daeb0>,3,16,[2 8],4,74,90,70,74
1,<environment.Job instance at 0x7f0447746fa0>,48,14,[4 9],49,95,109,46,95
1,<environment.Job instance at 0x7f04477439b0>,58,12,[6 5],59,95,107,36,95
1,<environment.Job instance at 0x7f0447743dc0>,65,12,[8 5],66,107,119,41,107
1,<environment.Job instance at 0x7f0447f20870>,70,12,[2 5],71,109,121,38,109
1,<environment.Job instance at 0x7f04477e4e60>,75,14,[8 5],76,119,133,43,119
1,<environment.Job instance at 0x7f04477437d0>,56,14,[2 6],57,122,136,65,122
1,<environment.Job instance at 0x7f04471c1460>,84,12,[7 1],85,133,145,48,133
1,<environment.Job instance at 0x7f0447743c80>,55,18,[4 6],56,133,151,77,133
1,<environment.Job instance at 0x7f0447d25370>,79,21,[3 6],80,136,157,56,136
1,<environment.Job instance at 0x7f0448567b40>,88,12,[7 5],89,152,164,63,152
1,<environment.Job instance at 0x7f0447a78960>,32,16,[ 3 10],33,159,175,126,159
1,<environment.Job instance at 0x7f044710a5f0>,90,18,[9 3],91,164,182,73,164
1,<environment.Job instance at 0x7f044800ec30>,2,14,[8 4],3,3,17,0,3
1,<environment.Job instance at 0x7f04481df1e0>,11,13,[4 5],12,14,27,2,14
1,<environment.Job instance at 0x7f045126e960>,4,28,[6 2],5,17,45,12,16
1,<environment.Job instance at 0x7f04481dfeb0>,15,14,[ 3 13],16,27,41,11,16
1,<environment.Job instance at 0x7f04475a25f0>,2,14,[8 4],3,3,17,0,3
1,<environment.Job instance at 0x7f04475a2910>,3,19,[ 2 10],4,4,23,0,4
1,<environment.Job instance at 0x7f04475a2e10>,11,13,[4 5],12,17,30,5,17
1,<environment.Job instance at 0x7f04475a2780>,13,14,[8 4],14,23,37,9,23
1,<environment.Job instance at 0x7f04471b9730>,23,13,[ 2 10],24,30,43,6,30
1,<environment.Job instance at 0x7f04471b94b0>,26,13,[6 5],27,37,50,10,37
1,<environment.Job instance at 0x7f04475a2460>,6,14,[9 3],7,43,57,36,43
1,<environment.Job instance at 0x7f0447ea8e60>,21,17,[5 5],22,50,67,28,50
1,<environment.Job instance at 0x7f044711bf00>,49,13,[6 4],50,57,70,7,57
1,<environment.Job instance at 0x7f04471aaeb0>,36,16,[9 5],37,68,84,31,68
1,<environment.Job instance at 0x7f04471c9550>,30,18,[ 1 10],31,70,88,39,70
1,<environment.Job instance at 0x7f0447744370>,19,16,[9 4],20,84,100,64,84
1,<environment.Job instance at 0x7f04485d22d0>,61,18,[1 5],62,88,106,26,88
1,<environment.Job instance at 0x7f0447117fa0>,51,19,[5 5],52,89,108,37,89
1,<environment.Job instance at 0x7f0447120780>,65,15,[5 5],66,100,115,34,100
1,<environment.Job instance at 0x7f0447bcbb90>,75,16,[2 6],76,108,124,32,108
1,<environment.Job instance at 0x7f0447117dc0>,52,17,[7 1],53,108,125,55,108
1,<environment.Job instance at 0x7f0447f20550>,77,17,[5 5],78,115,132,37,115
1,<environment.Job instance at 0x7f0447d25370>,62,22,[1 6],63,124,146,61,124
1,<environment.Job instance at 0x7f0447743dc0>,79,12,[6 2],80,125,137,45,125
1,<environment.Job instance at 0x7f044710ab40>,59,18,[7 3],60,132,150,72,132
1,<environment.Job instance at 0x7f04477436e0>,80,15,[1 8],81,147,162,66,147
1,<environment.Job instance at 0x7f0447743730>,83,12,[10  4],84,151,163,67,151
1,<environment.Job instance at 0x7f0447743c30>,84,15,[10  4],85,163,178,78,163
1,<environment.Job instance at 0x7f04477435f0>,81,20,[3 8],82,163,183,81,163
1,<environment.Job instance at 0x7f044729bc80>,1,12,[2 8],2,2,14,0,2
1,<environment.Job instance at 0x7f044729b2d0>,3,14,[3 7],4,4,18,0,4
1,<environment.Job instance at 0x7f0448718c30>,6,15,[5 5],7,14,29,7,7
1,<environment.Job instance at 0x7f04487188c0>,9,14,[ 1 12],10,29,43,19,14
1,<environment.Job instance at 0x7f0448718cd0>,14,12,[ 1 13],15,43,55,28,26
1,<environment.Job instance at 0x7f04487185f0>,16,27,[8 1],17,41,68,24,41
1,<environment.Job instance at 0x7f0448718280>,18,16,[ 3 11],19,55,71,36,54
1,<environment.Job instance at 0x7f04479e4820>,22,21,[7 1],23,68,89,45,61
1,<environment.Job instance at 0x7f04479e42d0>,24,14,[2 5],25,71,85,46,68
1,<environment.Job instance at 0x7f04479e4fa0>,25,12,[ 4 14],26,85,97,59,68
1,<environment.Job instance at 0x7f04479e46e0>,23,19,[1 5],24,97,116,73,89
1,<environment.Job instance at 0x7f04479e44b0>,27,18,[5 1],28,93,111,65,93
1,<environment.Job instance at 0x7f0448718410>,8,14,[12  1],9,111,125,102,97
1,<environment.Job instance at 0x7f04479e4960>,28,15,[2 8],29,105,120,76,105
1,<environment.Job instance at 0x7f0448718f00>,5,14,[ 5 14],6,125,139,119,110
1,<environment.Job instance at 0x7f04479e4320>,31,19,[5 4],32,139,158,107,129
1,<environment.Job instance at 0x7f04479e45f0>,30,28,[5 4],31,139,167,108,138
1,<environment.Job instance at 0x7f04487184b0>,12,21,[10  4],13,158,179,145,157
1,<environment.Job instance at 0x7f0448718230>,17,12,[ 4 13],18,179,191,161,167
1,<environment.Job instance at 0x7f0447892410>,0,21,[5 9],1,1,22,0,1
1,<environment.Job instance at 0x7f0447cac320>,6,15,[5 5],7,7,22,0,7
1,<environment.Job instance at 0x7f0447892640>,1,12,[2 8],2,22,34,20,22
1,<environment.Job instance at 0x7f0447cac780>,3,14,[3 7],4,22,36,18,22
1,<environment.Job instance at 0x7f0447875190>,24,14,[2 5],25,34,48,9,34
1,<environment.Job instance at 0x7f04478752d0>,27,18,[5 1],28,34,52,6,34
1,<environment.Job instance at 0x7f0447875370>,28,15,[2 8],29,36,51,7,36
1,<environment.Job instance at 0x7f044787b9b0>,15,15,[5 6],16,48,63,32,48
1,<environment.Job instance at 0x7f0447893d20>,42,16,[1 7],43,51,67,8,51
1,<environment.Job instance at 0x7f04477ee500>,58,14,[5 5],59,63,77,4,63
1,<environment.Job instance at 0x7f0447899c80>,49,15,[9 2],50,63,78,13,63
1,<environment.Job instance at 0x7f04477ee410>,59,14,[10  5],60,78,92,18,78
1,<environment.Job instance at 0x7f0447880cd0>,51,17,[7 5],52,93,110,41,93
1,<environment.Job instance at 0x7f0447c99dc0>,65,19,[5 4],66,94,113,28,94
1,<environment.Job instance at 0x7f0447814550>,61,20,[6 5],62,111,131,49,111
1,<environment.Job instance at 0x7f04477fa460>,67,14,[7 1],68,113,127,45,113
1,<environment.Job instance at 0x7f0447c81280>,69,13,[ 1 10],70,127,140,57,127
1,<environment.Job instance at 0x7f044788c500>,10,20,[8 4],11,131,151,120,131
1,<environment.Job instance at 0x7f0448221820>,72,18,[4 9],73,140,158,67,140
1,<environment.Job instance at 0x7f0447ca6f50>,75,13,[9 3],76,152,165,76,152
1,<environment.Job instance at 0x7f04478149b0>,60,21,[6 3],61,158,179,97,158
1,<environment.Job instance at 0x7f04486ae140>,81,16,[3 8],82,165,181,83,165
1,<environment.Job instance at 0x7f044742daa0>,77,21,[5 2],78,165,186,87,165
1,<environment.Job instance at 0x7f0447439820>,11,12,[ 5 11],12,12,24,0,12
1,<environment.Job instance at 0x7f04474397d0>,2,16,[ 1 11],3,24,40,21,13
1,<environment.Job instance at 0x7f04486ae3c0>,13,16,[5 7],14,40,56,26,27
1,<environment.Job instance at 0x7f04486ae1e0>,12,12,[10  3],13,27,39,14,27
1,<environment.Job instance at 0x7f0447439f00>,8,18,[1 8],9,40,58,31,32
1,<environment.Job instance at 0x7f0447439870>,14,13,[ 3 14],15,58,71,43,43
1,<environment.Job instance at 0x7f04474391e0>,9,13,[ 3 13],10,71,84,61,56
1,<environment.Job instance at 0x7f04486aea50>,16,15,[1 9],17,84,99,67,70
1,<environment.Job instance at 0x7f04486ae320>,18,14,[ 4 10],19,110,124,91,110
1,<environment.Job instance at 0x7f04486aea00>,17,18,[10  4],18,110,128,92,110
1,<environment.Job instance at 0x7f04486ae460>,19,12,[ 1 14],20,128,140,108,111
1,<environment.Job instance at 0x7f04486ae230>,20,27,[11  1],21,128,155,107,126
1,<environment.Job instance at 0x7f04486ae0f0>,23,13,[6 5],24,169,182,145,169
1,<environment.Job instance at 0x7f0450fc7780>,1,18,[7 2],2,2,20,0,2
1,<environment.Job instance at 0x7f0447718cd0>,8,18,[1 8],9,9,27,0,9
1,<environment.Job instance at 0x7f04474a6960>,12,12,[10  3],13,20,32,7,20
1,<environment.Job instance at 0x7f04480a9be0>,18,14,[ 4 10],19,27,41,8,27
1,<environment.Job instance at 0x7f04476437d0>,23,13,[6 5],24,32,45,8,32
1,<environment.Job instance at 0x7f0447820f50>,16,15,[1 9],17,41,56,24,41
1,<environment.Job instance at 0x7f0447b4daa0>,24,16,[10  2],25,45,61,20,45
1,<environment.Job instance at 0x7f04477fe280>,13,16,[5 7],14,56,72,42,56
1,<environment.Job instance at 0x7f04477941e0>,35,13,[8 2],36,61,74,25,61
1,<environment.Job instance at 0x7f0447b2b4b0>,53,16,[2 5],54,61,77,7,61
1,<environment.Job instance at 0x7f04477779b0>,56,16,[2 6],57,72,88,15,72
1,<environment.Job instance at 0x7f0447777c80>,54,17,[9 4],55,74,91,19,74
1,<environment.Job instance at 0x7f04484362d0>,25,16,[ 2 10],26,88,104,62,88
1,<environment.Job instance at 0x7f0447777280>,60,12,[5 5],61,91,103,30,91
1,<environment.Job instance at 0x7f044761a0f0>,17,18,[10  4],18,103,121,85,103
1,<environment.Job instance at 0x7f04486f5550>,64,12,[4 7],65,104,116,39,104
1,<environment.Job instance at 0x7f0448778730>,69,14,[ 4 10],70,116,130,46,116
1,<environment.Job instance at 0x7f0450d4daa0>,61,15,[1 8],62,131,146,69,131
1,<environment.Job instance at 0x7f0447777eb0>,57,17,[1 7],58,131,148,73,131
1,<environment.Job instance at 0x7f0447e797d0>,79,15,[4 7],80,146,161,66,146
1,<environment.Job instance at 0x7f0447cbc0a0>,89,17,[7 1],90,148,165,58,148
1,<environment.Job instance at 0x7f04477f2b90>,91,13,[1 7],92,148,161,56,148
1,<environment.Job instance at 0x7f04474a3370>,97,12,[7 3],98,161,173,63,161
1,<environment.Job instance at 0x7f0447794640>,34,17,[1 7],35,161,178,126,161
1,<environment.Job instance at 0x7f04512eb280>,102,12,[2 5],103,165,177,62,165
1,<environment.Job instance at 0x7f0447439b40>,4,24,[8 1],5,9,33,4,9
1,<environment.Job instance at 0x7f0447d9d050>,10,14,[ 2 11],11,16,30,5,16
1,<environment.Job instance at 0x7f0448128aa0>,5,23,[12  1],6,92,115,86,92
1,<environment.Job instance at 0x7f0447d9dcd0>,12,23,[ 2 12],13,94,117,81,94
1,<environment.Job instance at 0x7f0447c875a0>,9,19,[14  3],10,117,136,107,113
1,<environment.Job instance at 0x7f0447d9d2d0>,17,13,[ 2 11],18,136,149,118,120
1,<environment.Job instance at 0x7f0447d9d230>,15,28,[12  4],16,137,165,121,137
1,<environment.Job instance at 0x7f0446f4d960>,18,20,[8 5],19,19,39,0,19
1,<environment.Job instance at 0x7f0446f4da50>,19,20,[7 1],20,20,40,0,20
1,<environment.Job instance at 0x7f044882e870>,22,15,[4 8],23,39,54,16,39
1,<environment.Job instance at 0x7f04477f2c80>,34,13,[7 2],35,40,53,5,40
1,<environment.Job instance at 0x7f04484bf0f0>,37,12,[6 4],38,53,65,15,53
1,<environment.Job instance at 0x7f04477f2b90>,30,18,[5 3],31,53,71,22,53
1,<environment.Job instance at 0x7f04474a3a00>,32,14,[9 2],33,65,79,32,65
1,<environment.Job instance at 0x7f0448778690>,51,12,[4 7],52,71,83,19,71
1,<environment.Job instance at 0x7f0448125e10>,49,14,[3 7],50,79,93,29,79
1,<environment.Job instance at 0x7f0447422d70>,43,16,[6 1],44,79,95,35,79
1,<environment.Job instance at 0x7f0447b30f50>,23,17,[5 6],24,83,100,59,83
1,<environment.Job instance at 0x7f0447345a50>,60,14,[4 7],61,93,107,32,93
1,<environment.Job instance at 0x7f0448159320>,62,12,[6 5],63,100,112,37,100
1,<environment.Job instance at 0x7f04473456e0>,58,13,[8 2],59,107,120,48,107
1,<environment.Job instance at 0x7f04477a1190>,68,13,[5 1],69,112,125,43,112
1,<environment.Job instance at 0x7f0448778a50>,54,15,[4 8],55,120,135,65,120
1,<environment.Job instance at 0x7f04477945f0>,66,17,[4 6],67,120,137,53,120
1,<environment.Job instance at 0x7f04480c4d20>,74,14,[5 4],75,135,149,60,135
1,<environment.Job instance at 0x7f0447643230>,77,12,[6 3],78,135,147,57,135
1,<environment.Job instance at 0x7f0447820c80>,80,13,[6 1],81,147,160,66,147
1,<environment.Job instance at 0x7f04483fd690>,71,16,[ 3 10],72,147,163,75,147
1,<environment.Job instance at 0x7f04478245f0>,83,12,[7 4],84,160,172,76,160
1,<environment.Job instance at 0x7f0448795190>,86,12,[2 9],87,163,175,76,163
1,<environment.Job instance at 0x7f04479697d0>,1,14,[6 5],2,2,16,0,2
1,<environment.Job instance at 0x7f0447969050>,2,21,[6 3],3,3,24,0,3
1,<environment.Job instance at 0x7f0447940960>,8,13,[1 6],9,9,22,0,9
1,<environment.Job instance at 0x7f0447226a00>,18,13,[1 8],19,22,35,3,19
1,<environment.Job instance at 0x7f0447959550>,21,16,[10  1],22,24,40,2,22
1,<environment.Job instance at 0x7f04479596e0>,22,17,[4 8],23,35,52,12,23
1,<environment.Job instance at 0x7f0447959b40>,24,15,[3 5],25,40,55,15,26
1,<environment.Job instance at 0x7f0447940230>,17,18,[7 2],18,40,58,22,38
1,<environment.Job instance at 0x7f0447959b90>,25,14,[9 1],26,58,72,32,43
1,<environment.Job instance at 0x7f0447a0af50>,1,14,[6 5],2,2,16,0,2
1,<environment.Job instance at 0x7f0447a1c3c0>,2,21,[6 3],3,3,24,0,3
1,<environment.Job instance at 0x7f04479f98c0>,8,13,[1 6],9,9,22,0,9
1,<environment.Job instance at 0x7f044741ce60>,5,16,[6 1],6,16,32,10,16
1,<environment.Job instance at 0x7f044791c550>,16,16,[ 3 10],17,22,38,5,22
1,<environment.Job instance at 0x7f0447a09e10>,6,14,[10  5],7,32,46,25,32
1,<environment.Job instance at 0x7f0447911460>,18,13,[1 8],19,38,51,19,38
1,<environment.Job instance at 0x7f0447601820>,21,16,[10  1],22,46,62,24,46
1,<environment.Job instance at 0x7f04478363c0>,24,15,[3 5],25,51,66,26,51
1,<environment.Job instance at 0x7f0447836050>,25,14,[9 1],26,62,76,36,62
1,<environment.Job instance at 0x7f04479272d0>,26,14,[4 7],27,66,80,39,66
1,<environment.Job instance at 0x7f044741cdc0>,3,17,[10  2],4,76,93,72,76
1,<environment.Job instance at 0x7f0447839b90>,22,17,[4 8],23,80,97,57,80
1,<environment.Job instance at 0x7f04475ede10>,37,15,[10  5],38,93,108,55,93
1,<environment.Job instance at 0x7f0447ff7a50>,50,12,[3 6],51,97,109,46,97
1,<environment.Job instance at 0x7f0447ff7af0>,52,17,[4 5],53,108,125,55,108
1,<environment.Job instance at 0x7f04474c1f50>,17,18,[7 2],18,108,126,90,108
1,<environment.Job instance at 0x7f0447d5c280>,53,13,[3 7],54,109,122,55,109
1,<environment.Job instance at 0x7f04475edbe0>,33,18,[4 5],34,122,140,88,122
1,<environment.Job instance at 0x7f0447fe4320>,66,12,[5 4],67,126,138,59,126
1,<environment.Job instance at 0x7f0447d6a640>,61,16,[5 5],62,126,142,64,126
1,<environment.Job instance at 0x7f0447401eb0>,4,18,[6 5],5,138,156,133,138
1,<environment.Job instance at 0x7f0447fe4190>,67,13,[1 8],68,142,155,74,142
1,<environment.Job instance at 0x7f0447d57c30>,72,14,[1 7],73,155,169,82,155
1,<environment.Job instance at 0x7f0447ffe5f0>,62,18,[7 5],63,156,174,93,156
1,<environment.Job instance at 0x7f0447d57f50>,74,13,[ 4 10],75,169,182,94,169
1,<environment.Job instance at 0x7f0447616fa0>,2,14,[5 5],3,3,17,0,3
1,<environment.Job instance at 0x7f0447616e60>,6,18,[ 1 11],7,17,35,10,10
1,<environment.Job instance at 0x7f04480f28c0>,10,13,[6 4],11,11,24,0,11
1,<environment.Job instance at 0x7f04480f2cd0>,17,14,[2 7],18,35,49,17,20
1,<environment.Job instance at 0x7f0447616a50>,8,14,[12  4],9,27,41,18,27
1,<environment.Job instance at 0x7f04480f2640>,20,19,[3 5],21,41,60,20,31
1,<environment.Job instance at 0x7f04480f2c30>,12,22,[1 8],13,49,71,36,43
1,<environment.Job instance at 0x7f04480f23c0>,19,25,[10  2],20,43,68,23,43
1,<environment.Job instance at 0x7f04480f2af0>,23,12,[ 5 14],24,71,83,47,54
1,<environment.Job instance at 0x7f04480f2460>,21,19,[ 5 11],22,83,102,61,78
1,<environment.Job instance at 0x7f04480f2e60>,26,14,[2 6],27,102,116,75,89
1,<environment.Job instance at 0x7f04480f25a0>,25,15,[13  4],26,102,117,76,89
1,<environment.Job instance at 0x7f0446f19d20>,36,13,[1 5],37,116,129,79,100
1,<environment.Job instance at 0x7f0447ff2e60>,75,12,[1 6],76,116,128,40,103
1,<environment.Job instance at 0x7f044791c8c0>,87,20,[12  4],88,161,181,73,161
1,<environment.Job instance at 0x7f04482133c0>,2,14,[5 5],3,3,17,0,3
1,<environment.Job instance at 0x7f04482138c0>,5,17,[7 4],6,6,23,0,6
1,<environment.Job instance at 0x7f0447630370>,10,13,[6 4],11,17,30,6,17
1,<environment.Job instance at 0x7f0447d3e730>,17,14,[2 7],18,18,32,0,18
1,<environment.Job instance at 0x7f0447fe4c30>,26,14,[2 6],27,30,44,3,30
1,<environment.Job instance at 0x7f0447fe4be0>,22,17,[4 5],23,32,49,9,32
1,<environment.Job instance at 0x7f0447fd8640>,33,22,[8 3],34,34,56,0,34
1,<environment.Job instance at 0x7f0447ff7af0>,36,13,[1 5],37,44,57,7,44
1,<environment.Job instance at 0x7f0447fffcd0>,34,15,[5 2],35,49,64,14,49
1,<environment.Job instance at 0x7f04480f2eb0>,49,14,[5 3],50,56,70,6,56
1,<environment.Job instance at 0x7f0447d57230>,20,19,[3 5],21,56,75,35,56
1,<environment.Job instance at 0x7f044824a6e0>,54,13,[7 4],55,64,77,9,64
1,<environment.Job instance at 0x7f0446f7aaa0>,57,14,[1 9],58,75,89,17,75
1,<environment.Job instance at 0x7f0447880c30>,59,13,[5 1],60,77,90,17,77
1,<environment.Job instance at 0x7f0447ffe870>,60,13,[6 4],61,77,90,16,77
1,<environment.Job instance at 0x7f0447630aa0>,12,22,[1 8],13,89,111,76,89
1,<environment.Job instance at 0x7f04476257d0>,66,12,[3 6],67,90,102,23,90
1,<environment.Job instance at 0x7f04478247d0>,45,16,[9 1],46,90,106,44,90
1,<environment.Job instance at 0x7f044791c410>,65,13,[3 7],66,106,119,40,106
1,<environment.Job instance at 0x7f044766de10>,74,15,[1 5],75,111,126,36,111
1,<environment.Job instance at 0x7f0447840c30>,71,16,[9 3],72,111,127,39,111
1,<environment.Job instance at 0x7f0447b16a00>,75,12,[1 6],76,119,131,43,119
1,<environment.Job instance at 0x7f0447b165f0>,76,13,[3 5],77,126,139,49,126
1,<environment.Job instance at 0x7f04478401e0>,69,17,[10  1],70,127,144,57,127
1,<environment.Job instance at 0x7f0447840e10>,70,20,[1 9],71,132,152,61,132
1,<environment.Job instance at 0x7f0447a0a820>,47,18,[10  2],48,145,163,97,145
1,<environment.Job instance at 0x7f044769b9b0>,78,17,[5 8],79,153,170,74,153
1,<environment.Job instance at 0x7f04476a53c0>,92,18,[5 1],93,163,181,70,163
1,<environment.Job instance at 0x7f04480ce0a0>,0,14,[3 9],1,1,15,0,1
1,<environment.Job instance at 0x7f0448213820>,6,17,[8 1],7,10,27,3,10
1,<environment.Job instance at 0x7f04486212d0>,9,28,[1 5],10,14,42,4,14
1,<environment.Job instance at 0x7f04486210f0>,5,17,[10  1],6,27,44,21,15
1,<environment.Job instance at 0x7f04486214b0>,12,16,[7 3],13,44,60,31,31
1,<environment.Job instance at 0x7f0448621870>,14,28,[7 1],15,44,72,29,43
1,<environment.Job instance at 0x7f0448621370>,15,17,[4 6],16,60,77,44,48
1,<environment.Job instance at 0x7f0448621190>,7,25,[ 5 11],8,77,102,69,73
1,<environment.Job instance at 0x7f04486218c0>,17,20,[ 4 12],18,102,122,84,93
1,<environment.Job instance at 0x7f0448621d70>,24,14,[5 2],25,97,111,72,97
1,<environment.Job instance at 0x7f0448621eb0>,26,18,[8 1],27,111,129,84,100
1,<environment.Job instance at 0x7f044863c050>,29,12,[6 3],30,122,134,92,105
1,<environment.Job instance at 0x7f0448621fa0>,28,15,[ 5 14],29,134,149,105,120
1,<environment.Job instance at 0x7f044863c2d0>,31,15,[9 1],32,129,144,97,120
1,<environment.Job instance at 0x7f044863c370>,32,19,[4 5],33,149,168,116,139
1,<environment.Job instance at 0x7f044863c0f0>,30,21,[6 5],31,149,170,118,149
1,<environment.Job instance at 0x7f044863c460>,34,12,[ 3 11],35,170,182,135,153
1,<environment.Job instance at 0x7f0448621230>,8,13,[13  4],9,182,195,173,169
1,<environment.Job instance at 0x7f0447d42460>,0,14,[3 9],1,1,15,0,1
1,<environment.Job instance at 0x7f0447d42410>,5,17,[10  1],6,6,23,0,6
1,<environment.Job instance at 0x7f04474e65f0>,13,20,[5 3],14,15,35,1,15
1,<environment.Job instance at 0x7f0447d4bc30>,12,16,[7 3],13,23,39,10,23
1,<environment.Job instance at 0x7f0447b06820>,20,21,[3 8],21,23,44,2,23
1,<environment.Job instance at 0x7f0447d38050>,24,14,[5 2],25,35,49,10,35
1,<environment.Job instance at 0x7f04483ca190>,29,12,[6 3],30,39,51,9,39
1,<environment.Job instance at 0x7f0447d55c80>,15,17,[4 6],16,44,61,28,44
1,<environment.Job instance at 0x7f0447c58190>,31,15,[9 1],32,51,66,19,51
1,<environment.Job instance at 0x7f0446f9c730>,38,17,[6 4],39,62,79,23,62
1,<environment.Job instance at 0x7f04474e6960>,6,17,[8 1],7,66,83,59,66
1,<environment.Job instance at 0x7f044764f5a0>,55,21,[ 4 10],56,80,101,24,80
1,<environment.Job instance at 0x7f0447645050>,49,16,[10  1],50,83,99,33,83
1,<environment.Job instance at 0x7f044764f910>,59,18,[10  5],60,100,118,40,100
1,<environment.Job instance at 0x7f0447645780>,51,21,[4 7],52,101,122,49,101
1,<environment.Job instance at 0x7f04476a8a50>,66,18,[10  3],67,119,137,52,119
1,<environment.Job instance at 0x7f04476a54b0>,67,20,[2 8],68,122,142,54,122
1,<environment.Job instance at 0x7f0446ef1cd0>,72,14,[10  2],73,137,151,64,137
1,<environment.Job instance at 0x7f0446ef1640>,73,15,[4 6],74,142,157,68,142
1,<environment.Job instance at 0x7f044764f870>,60,18,[6 3],61,153,171,92,153
1,<environment.Job instance at 0x7f04479c4910>,78,21,[5 5],79,153,174,74,153
1,<environment.Job instance at 0x7f0450e16cd0>,1,15,[2 5],2,3,18,1,3
1,<environment.Job instance at 0x7f0450e16c80>,4,12,[8 1],5,5,17,0,5
1,<environment.Job instance at 0x7f0450e165a0>,8,12,[6 5],9,17,29,8,9
1,<environment.Job instance at 0x7f0450e167d0>,9,19,[ 2 10],10,18,37,8,13
1,<environment.Job instance at 0x7f04476c36e0>,11,19,[7 4],12,29,48,17,21
1,<environment.Job instance at 0x7f04476c3a00>,15,20,[7 4],16,37,57,21,30
1,<environment.Job instance at 0x7f04476c3050>,13,19,[12  1],14,57,76,43,47
1,<environment.Job instance at 0x7f04476c3640>,17,16,[2 9],18,50,66,32,50
1,<environment.Job instance at 0x7f04476c38c0>,18,16,[1 8],19,66,82,47,53
1,<environment.Job instance at 0x7f04476c32d0>,14,12,[13  2],15,76,88,61,59
1,<environment.Job instance at 0x7f04476c3c80>,19,15,[9 3],20,88,103,68,74
1,<environment.Job instance at 0x7f04476c3c30>,16,24,[ 1 12],17,83,107,66,83
1,<environment.Job instance at 0x7f04476c3d70>,22,25,[9 5],23,107,132,84,104
1,<environment.Job instance at 0x7f0450e16be0>,10,25,[6 3],11,106,131,95,106
1,<environment.Job instance at 0x7f04476c3dc0>,23,24,[ 1 13],24,132,156,108,132
1,<environment.Job instance at 0x7f044868bf50>,1,15,[2 5],2,2,17,0,2
1,<environment.Job instance at 0x7f0448676910>,4,12,[8 1],5,5,17,0,5
1,<environment.Job instance at 0x7f0447b07f00>,8,12,[6 5],9,17,29,8,17
1,<environment.Job instance at 0x7f0448621460>,9,19,[ 2 10],10,17,36,7,17
1,<environment.Job instance at 0x7f044764b050>,19,15,[9 3],20,29,44,9,29
1,<environment.Job instance at 0x7f0447630aa0>,20,15,[4 8],21,36,51,15,36
1,<environment.Job instance at 0x7f0448213140>,11,19,[7 4],12,44,63,32,44
1,<environment.Job instance at 0x7f0447fe4460>,29,13,[5 6],30,51,64,21,51
1,<environment.Job instance at 0x7f0447d5c280>,32,12,[5 6],33,63,75,30,63
1,<environment.Job instance at 0x7f0447fd8230>,35,14,[1 8],36,64,78,28,64
1,<environment.Job instance at 0x7f0447fffcd0>,36,14,[9 1],37,64,78,27,64
1,<environment.Job instance at 0x7f0447ff7aa0>,40,14,[6 2],41,78,92,37,78
1,<environment.Job instance at 0x7f0447d57370>,25,15,[2 9],26,78,93,52,78
1,<environment.Job instance at 0x7f0448213640>,15,20,[7 4],16,78,98,62,78
1,<environment.Job instance at 0x7f0448101f50>,47,12,[2 5],48,93,105,45,93
1,<environment.Job instance at 0x7f04481010a0>,48,14,[10  3],49,98,112,49,98
1,<environment.Job instance at 0x7f0448065b40>,42,15,[1 9],43,105,120,62,105
1,<environment.Job instance at 0x7f0447a0af50>,49,14,[10  2],50,113,127,63,113
1,<environment.Job instance at 0x7f0447911c80>,66,15,[2 9],67,120,135,53,120
1,<environment.Job instance at 0x7f0446f6c690>,62,17,[10  3],63,128,145,65,128
1,<environment.Job instance at 0x7f0447658320>,17,16,[2 9],18,135,151,117,135
1,<environment.Job instance at 0x7f0447b12050>,72,13,[10  5],73,145,158,72,145
1,<environment.Job instance at 0x7f0447b12640>,74,12,[3 8],75,151,163,76,151
1,<environment.Job instance at 0x7f0446ef1a50>,75,16,[8 2],76,159,175,83,159
1,<environment.Job instance at 0x7f0446ef18c0>,76,20,[1 5],77,159,179,82,159
1,<environment.Job instance at 0x7f0447658280>,18,16,[1 8],19,164,180,145,164
1,<environment.Job instance at 0x7f0447ae2910>,6,15,[7 5],7,7,22,0,7
1,<environment.Job instance at 0x7f0447ae2e10>,11,14,[ 4 13],12,22,36,10,12
1,<environment.Job instance at 0x7f0447ae2cd0>,8,14,[2 8],9,36,50,27,22
1,<environment.Job instance at 0x7f044734b820>,12,23,[6 4],13,36,59,23,32
1,<environment.Job instance at 0x7f0447f904b0>,9,17,[ 3 14],10,131,148,121,131
1,<environment.Job instance at 0x7f0447d4bc30>,1,17,[4 8],2,2,19,0,2
1,<environment.Job instance at 0x7f0447b06780>,6,15,[7 5],7,7,22,0,7
1,<environment.Job instance at 0x7f044746c4b0>,8,14,[2 8],9,19,33,10,19
1,<environment.Job instance at 0x7f044762c6e0>,15,14,[10  1],16,22,36,6,22
1,<environment.Job instance at 0x7f044868b370>,26,16,[1 8],27,33,49,6,33
1,<environment.Job instance at 0x7f0447fa4cd0>,32,14,[7 5],33,36,50,3,36
1,<environment.Job instance at 0x7f0447423d20>,39,13,[7 2],40,40,53,0,40
1,<environment.Job instance at 0x7f0446ebcc80>,42,13,[2 9],43,50,63,7,50
1,<environment.Job instance at 0x7f0447423af0>,40,17,[5 3],41,50,67,9,50
1,<environment.Job instance at 0x7f044762c870>,16,15,[6 5],17,63,78,46,63
1,<environment.Job instance at 0x7f0446ebcc30>,46,16,[3 6],47,63,79,16,63
1,<environment.Job instance at 0x7f04478597d0>,56,15,[5 5],57,78,93,21,78
1,<environment.Job instance at 0x7f0446ebc140>,45,15,[4 8],46,79,94,33,79
1,<environment.Job instance at 0x7f0447859370>,57,16,[3 5],58,93,109,35,93
1,<environment.Job instance at 0x7f0447859870>,61,14,[6 5],62,94,108,32,94
1,<environment.Job instance at 0x7f0447859410>,62,13,[9 3],63,108,121,45,108
1,<environment.Job instance at 0x7f0446f19730>,13,17,[5 9],14,109,126,95,109
1,<environment.Job instance at 0x7f0447859f50>,64,12,[3 5],65,121,133,56,121
1,<environment.Job instance at 0x7f0447859730>,66,12,[5 8],67,126,138,59,126
1,<environment.Job instance at 0x7f0447859fa0>,63,15,[7 4],64,133,148,69,133
1,<environment.Job instance at 0x7f04478598c0>,71,15,[4 5],72,138,153,66,138
1,<environment.Job instance at 0x7f0446eabaf0>,80,16,[9 5],81,148,164,67,148
1,<environment.Job instance at 0x7f0446eab0a0>,84,15,[3 9],85,153,168,68,153
1,<environment.Job instance at 0x7f0446eabaa0>,82,17,[8 3],83,164,181,81,164
1,<environment.Job instance at 0x7f0446eabdc0>,86,18,[6 1],87,168,186,81,168
1,<environment.Job instance at 0x7f0448071190>,0,13,[2 8],1,1,14,0,1
1,<environment.Job instance at 0x7f04484f0280>,4,14,[3 8],5,14,28,9,6
1,<environment.Job instance at 0x7f04484f02d0>,9,15,[5 5],10,12,27,2,12
1,<environment.Job instance at 0x7f04473020a0>,5,13,[6 5],6,27,40,21,12
1,<environment.Job instance at 0x7f04482aa870>,17,21,[11  1],18,149,170,131,149
1,<environment.Job instance at 0x7f045113c410>,18,24,[11  3],19,170,194,151,165
1,<environment.Job instance at 0x7f0446f6f8c0>,0,13,[2 8],1,1,14,0,1
1,<environment.Job instance at 0x7f0447631d70>,5,13,[6 5],6,6,19,0,6
1,<environment.Job instance at 0x7f0446f7d4b0>,11,12,[4 5],12,14,26,2,14
1,<environment.Job instance at 0x7f0446f6f780>,9,15,[5 5],10,14,29,4,14
1,<environment.Job instance at 0x7f0446f6ffa0>,4,14,[3 8],5,26,40,21,26
1,<environment.Job instance at 0x7f0446f7d410>,21,12,[5 4],22,29,41,7,29
1,<environment.Job instance at 0x7f0447877d20>,22,13,[1 5],23,40,53,17,40
1,<environment.Job instance at 0x7f0446f7df50>,13,14,[9 5],14,40,54,26,40
1,<environment.Job instance at 0x7f0446f7d2d0>,14,14,[ 1 10],15,53,67,38,53
1,<environment.Job instance at 0x7f04478770a0>,24,15,[7 3],25,54,69,29,54
1,<environment.Job instance at 0x7f0447877370>,27,15,[6 1],28,54,69,26,54
1,<environment.Job instance at 0x7f0446f6f3c0>,8,15,[2 8],9,67,82,58,67
1,<environment.Job instance at 0x7f04478777d0>,29,13,[3 5],30,69,82,39,69
1,<environment.Job instance at 0x7f04482361e0>,39,14,[5 2],40,69,83,29,69
1,<environment.Job instance at 0x7f0447877460>,23,16,[3 8],24,82,98,58,82
1,<environment.Job instance at 0x7f0448236dc0>,37,17,[5 4],38,82,99,44,82
1,<environment.Job instance at 0x7f0447ceeeb0>,48,12,[1 7],49,98,110,49,98
1,<environment.Job instance at 0x7f04482369b0>,32,16,[4 6],33,99,115,66,99
1,<environment.Job instance at 0x7f0447303050>,63,14,[7 3],64,110,124,46,110
1,<environment.Job instance at 0x7f0447303fa0>,64,16,[2 9],65,115,131,50,115
1,<environment.Job instance at 0x7f0446eab050>,76,15,[6 1],77,115,130,38,115
1,<environment.Job instance at 0x7f0446eabb40>,77,13,[10  2],78,130,143,52,130
1,<environment.Job instance at 0x7f0447cee910>,46,16,[1 7],47,131,147,84,131
1,<environment.Job instance at 0x7f0446eab320>,81,17,[2 5],82,131,148,49,131
1,<environment.Job instance at 0x7f04473038c0>,53,17,[10  3],54,143,160,89,143
1,<environment.Job instance at 0x7f0446f7d0a0>,20,16,[ 2 10],21,148,164,127,148
1,<environment.Job instance at 0x7f0446ebc280>,102,15,[9 1],103,160,175,57,160
1,<environment.Job instance at 0x7f0447859820>,90,17,[4 6],91,164,181,73,164
1,<environment.Job instance at 0x7fbc91cd2730>,1,15,[5 2],2,2,17,0,2
1,<environment.Job instance at 0x7fbc88688c80>,5,18,[7 5],6,6,24,0,6
1,<environment.Job instance at 0x7fbc88688eb0>,7,12,[7 2],8,17,29,9,8
1,<environment.Job instance at 0x7fbc886b9f00>,1,15,[5 2],2,2,17,0,2
1,<environment.Job instance at 0x7fbc886b9b90>,5,18,[7 5],6,6,24,0,6
1,<environment.Job instance at 0x7fbc886e0140>,7,12,[7 2],8,17,29,9,17
1,<environment.Job instance at 0x7fbc88680a00>,9,17,[8 1],10,24,41,14,24
1,<environment.Job instance at 0x7fbc887bfc30>,18,18,[3 6],19,29,47,10,29
1,<environment.Job instance at 0x7fbc88680d20>,12,22,[4 6],13,29,51,16,29
1,<environment.Job instance at 0x7fbc887adc30>,30,15,[8 2],31,41,56,10,41
1,<environment.Job instance at 0x7fbc887a4500>,31,13,[4 5],32,51,64,19,51
1,<environment.Job instance at 0x7fbc8872d960>,39,13,[5 4],40,56,69,16,56
1,<environment.Job instance at 0x7fbc886808c0>,11,14,[10  4],12,64,78,52,64
1,<environment.Job instance at 0x7fbc8874a7d0>,44,14,[8 4],45,78,92,33,78
1,<environment.Job instance at 0x7fbc8893a8c0>,43,14,[6 1],44,78,92,34,78
1,<environment.Job instance at 0x7fbc887a4730>,33,16,[9 3],34,93,109,59,93
1,<environment.Job instance at 0x7fbc8874ae10>,55,15,[6 2],56,93,108,37,93
1,<environment.Job instance at 0x7fbc8874a9b0>,47,16,[6 2],48,108,124,60,108
1,<environment.Job instance at 0x7fbc8877adc0>,23,18,[7 4],24,110,128,86,110
1,<environment.Job instance at 0x7fbc88829b40>,61,14,[ 2 10],62,124,138,62,124
1,<environment.Job instance at 0x7fbc88835550>,56,13,[10  1],57,128,141,71,128
1,<environment.Job instance at 0x7fbc88797fa0>,66,12,[6 1],67,141,153,74,141
1,<environment.Job instance at 0x7fbc88797af0>,67,13,[3 5],68,142,155,74,142
1,<environment.Job instance at 0x7fbc887451e0>,70,22,[5 6],71,142,164,71,142
1,<environment.Job instance at 0x7fbc88745500>,71,13,[7 2],72,153,166,81,153
1,<environment.Job instance at 0x7fbc88745460>,72,18,[5 5],73,164,182,91,164
1,<environment.Job instance at 0x7fbc88745820>,74,14,[9 1],75,167,181,92,167
1,<environment.Job instance at 0x7fbc87ddd0a0>,4,12,[ 2 11],5,5,17,0,5
1,<environment.Job instance at 0x7fbc87efef00>,11,12,[ 5 11],12,17,29,5,13
1,<environment.Job instance at 0x7fbc87dddcd0>,2,14,[4 7],3,29,43,26,18
1,<environment.Job instance at 0x7fbc87ebf500>,15,25,[8 2],16,18,43,2,18
1,<environment.Job instance at 0x7fbc87ddd460>,12,15,[ 3 11],13,141,156,128,141
1,<environment.Job instance at 0x7fbc87ebc0f0>,30,13,[11  1],31,154,167,123,154
1,<environment.Job instance at 0x7fbc87f2ba00>,33,21,[ 4 12],34,166,187,132,166
1,<environment.Job instance at 0x7fbc8869aa00>,1,13,[ 4 10],2,2,15,0,2
1,<environment.Job instance at 0x7fbc8869a280>,5,19,[5 1],6,6,25,0,6
1,<environment.Job instance at 0x7fbc8869aaa0>,2,14,[4 7],3,15,29,12,15
1,<environment.Job instance at 0x7fbc8869a870>,7,22,[1 7],8,15,37,7,15
1,<environment.Job instance at 0x7fbc87e98b90>,28,17,[10  2],29,29,46,0,29
1,<environment.Job instance at 0x7fbc87eb45f0>,34,17,[2 9],35,37,54,2,37
1,<environment.Job instance at 0x7fbc87eb4f00>,36,17,[10  4],37,46,63,9,46
1,<environment.Job instance at 0x7fbc87ed8f50>,40,12,[5 9],41,54,66,13,54
1,<environment.Job instance at 0x7fbc8874a2d0>,18,17,[10  5],19,63,80,44,63
1,<environment.Job instance at 0x7fbc87ed8eb0>,41,14,[2 9],42,66,80,24,66
1,<environment.Job instance at 0x7fbc87ef5f00>,43,15,[5 9],44,80,95,36,80
1,<environment.Job instance at 0x7fbc87e49cd0>,47,15,[5 6],48,80,95,32,80
1,<environment.Job instance at 0x7fbc87e43910>,50,15,[ 5 10],51,95,110,44,95
1,<environment.Job instance at 0x7fbc87ea4870>,72,17,[8 5],73,96,113,23,96
1,<environment.Job instance at 0x7fbc87eb4960>,39,17,[2 8],40,110,127,70,110
1,<environment.Job instance at 0x7fbc87e55dc0>,80,12,[6 2],81,113,125,32,113
1,<environment.Job instance at 0x7fbc87e59690>,78,17,[1 7],79,125,142,46,125
1,<environment.Job instance at 0x7fbc87eb2a50>,84,12,[1 8],85,128,140,43,128
1,<environment.Job instance at 0x7fbc87e5de10>,88,13,[3 5],89,140,153,51,140
1,<environment.Job instance at 0x7fbc87e5d0f0>,91,22,[6 1],92,141,163,49,141
1,<environment.Job instance at 0x7fbc87e5dc30>,92,14,[3 5],93,142,156,49,142
1,<environment.Job instance at 0x7fbc87ea46e0>,70,17,[2 6],71,154,171,83,154
1,<environment.Job instance at 0x7fbc87e5d730>,93,21,[5 1],94,156,177,62,156
1,<environment.Job instance at 0x7fbc87e364b0>,63,18,[8 5],64,164,182,100,164
1,<environment.Job instance at 0x7fbc880daf50>,96,18,[4 9],97,178,196,81,178
1,<environment.Job instance at 0x7fbc87c3f5f0>,4,12,[8 2],5,6,18,1,6
1,<environment.Job instance at 0x7fbc87c3f3c0>,7,13,[7 5],8,8,21,0,8
1,<environment.Job instance at 0x7fbc87c3f500>,13,24,[6 1],14,18,42,4,16
1,<environment.Job instance at 0x7fbc87c3f730>,16,16,[ 4 11],17,21,37,4,17
1,<environment.Job instance at 0x7fbc87c4b0f0>,20,14,[3 6],21,37,51,16,22
1,<environment.Job instance at 0x7fbc87e98af0>,0,17,[5 4],1,1,18,0,1
1,<environment.Job instance at 0x7fbc87e98b90>,3,14,[4 9],4,4,18,0,4
1,<environment.Job instance at 0x7fbc87e98320>,4,12,[8 2],5,18,30,13,18
1,<environment.Job instance at 0x7fbc87e98870>,7,13,[7 5],8,18,31,10,18
1,<environment.Job instance at 0x7fbc87ee8cd0>,8,13,[1 7],9,30,43,21,30
1,<environment.Job instance at 0x7fbc87cad780>,25,12,[9 3],26,31,43,5,31
1,<environment.Job instance at 0x7fbc87cad460>,20,14,[3 6],21,43,57,22,43
1,<environment.Job instance at 0x7fbc87cad140>,32,12,[9 1],33,43,55,10,43
1,<environment.Job instance at 0x7fbc87c92f00>,36,12,[5 4],37,55,67,18,55
1,<environment.Job instance at 0x7fbc87cad230>,18,15,[4 9],19,57,72,38,57
1,<environment.Job instance at 0x7fbc87cab190>,12,15,[10  5],13,67,82,54,67
1,<environment.Job instance at 0x7fbc91e4bfa0>,43,12,[ 1 10],44,72,84,28,72
1,<environment.Job instance at 0x7fbc91e4bdc0>,45,14,[9 5],46,82,96,36,82
1,<environment.Job instance at 0x7fbc87c92550>,31,16,[4 8],32,84,100,52,84
1,<environment.Job instance at 0x7fbc87c92320>,40,17,[2 6],41,96,113,55,96
1,<environment.Job instance at 0x7fbc87c4bb90>,6,18,[8 1],7,96,114,89,96
1,<environment.Job instance at 0x7fbc91e4b780>,48,17,[2 8],49,100,117,51,100
1,<environment.Job instance at 0x7fbc91e3b050>,78,13,[7 1],79,114,127,35,114
1,<environment.Job instance at 0x7fbc91e3b7d0>,74,15,[6 4],75,115,130,40,115
1,<environment.Job instance at 0x7fbc91e4bf50>,50,16,[ 1 10],51,117,133,66,117
1,<environment.Job instance at 0x7fbc91cfa410>,88,17,[9 1],89,130,147,41,130
1,<environment.Job instance at 0x7fbc91e3a0f0>,84,22,[5 3],85,130,152,45,130
1,<environment.Job instance at 0x7fbc91cfac80>,91,16,[1 8],92,133,149,41,133
1,<environment.Job instance at 0x7fbc91cfa5a0>,99,19,[6 4],100,148,167,48,148
1,<environment.Job instance at 0x7fbc91cfaa00>,94,12,[3 5],95,149,161,54,149
1,<environment.Job instance at 0x7fbc87ca6280>,105,14,[3 6],106,153,167,47,153
1,<environment.Job instance at 0x7fbc87ca6320>,108,13,[1 9],109,168,181,59,168
1,<environment.Job instance at 0x7fbc91e3beb0>,79,16,[2 6],80,168,184,88,168
1,<environment.Job instance at 0x7fbc8830c780>,3,21,[4 9],4,4,25,0,4
1,<environment.Job instance at 0x7fbc8830c320>,9,15,[2 6],10,10,25,0,10
1,<environment.Job instance at 0x7fbc87c90730>,1,22,[4 9],2,2,24,0,2
1,<environment.Job instance at 0x7fbc87c901e0>,5,15,[7 2],6,6,21,0,6
1,<environment.Job instance at 0x7fbc91e3be10>,9,15,[2 6],10,21,36,11,21
1,<environment.Job instance at 0x7fbc91e3b7d0>,19,13,[6 2],20,24,37,4,24
1,<environment.Job instance at 0x7fbc88186af0>,27,14,[7 5],28,28,42,0,28
1,<environment.Job instance at 0x7fbc88186960>,28,12,[6 1],29,37,49,8,37
1,<environment.Job instance at 0x7fbc87c90d20>,4,13,[ 5 10],5,42,55,37,42
1,<environment.Job instance at 0x7fbc88186230>,40,12,[8 2],41,49,61,8,49
1,<environment.Job instance at 0x7fbc91e3b550>,17,14,[ 3 10],18,55,69,37,55
1,<environment.Job instance at 0x7fbc88186780>,32,14,[9 5],33,61,75,28,61
1,<environment.Job instance at 0x7fbc87eb6870>,53,12,[4 8],54,69,81,15,69
1,<environment.Job instance at 0x7fbc87eb6820>,54,12,[8 2],55,75,87,20,75
1,<environment.Job instance at 0x7fbc87eb6460>,48,18,[1 5],49,75,93,26,75
1,<environment.Job instance at 0x7fbc87eb6be0>,59,12,[5 5],60,81,93,21,81
1,<environment.Job instance at 0x7fbc87eb60a0>,44,16,[5 5],45,87,103,42,87
1,<environment.Job instance at 0x7fbc87c4bb90>,65,12,[4 8],66,93,105,27,93
1,<environment.Job instance at 0x7fbc87eb6230>,61,17,[2 7],62,103,120,41,103
1,<environment.Job instance at 0x7fbc87ca92d0>,75,16,[5 5],76,105,121,29,105
1,<environment.Job instance at 0x7fbc87ca9c80>,78,13,[8 5],79,120,133,41,120
1,<environment.Job instance at 0x7fbc87ca9410>,79,13,[3 9],80,121,134,41,121
1,<environment.Job instance at 0x7fbc87ca9320>,81,16,[6 5],82,133,149,51,133
1,<environment.Job instance at 0x7fbc87ca8dc0>,85,12,[1 9],86,134,146,48,134
1,<environment.Job instance at 0x7fbc87eb6fa0>,62,14,[4 9],63,146,160,83,146
1,<environment.Job instance at 0x7fbc87ca8be0>,86,15,[8 2],87,150,165,63,150
1,<environment.Job instance at 0x7fbc87ca8f50>,88,15,[ 5 10],89,160,175,71,160
1,<environment.Job instance at 0x7fbc87ca93c0>,77,17,[4 5],78,165,182,87,165
1,<environment.Job instance at 0x7fbc87ca89b0>,91,13,[6 1],92,175,188,83,175
1,<environment.Job instance at 0x7fbc87c7fa50>,92,13,[1 8],93,175,188,82,175
1,<environment.Job instance at 0x7fbc884b2230>,2,15,[6 2],3,3,18,0,3
1,<environment.Job instance at 0x7fbc887f2140>,5,23,[5 5],6,6,29,0,6
1,<environment.Job instance at 0x7fbc87c90870>,9,22,[1 7],10,14,36,4,14
1,<environment.Job instance at 0x7fbc884ac3c0>,10,19,[5 6],11,29,48,18,19
1,<environment.Job instance at 0x7fbc884ac0a0>,8,15,[13  3],9,48,63,39,37
1,<environment.Job instance at 0x7fbc884ac550>,11,14,[ 2 11],12,48,62,36,37
1,<environment.Job instance at 0x7fbc884acc80>,13,23,[14  5],14,63,86,49,57
1,<environment.Job instance at 0x7fbc884aceb0>,12,25,[14  3],13,86,111,73,83
1,<environment.Job instance at 0x7fbc8848a7d0>,18,17,[ 2 13],19,111,128,92,108
1,<environment.Job instance at 0x7fbc8848ae60>,19,15,[ 2 14],20,128,143,108,119
1,<environment.Job instance at 0x7fbc8848a820>,20,14,[1 7],21,143,157,122,129
1,<environment.Job instance at 0x7fbc8848ab40>,17,25,[12  4],18,143,168,125,139
1,<environment.Job instance at 0x7fbc8849ed70>,22,14,[6 2],23,168,182,145,153
1,<environment.Job instance at 0x7fbc8849eaf0>,21,16,[ 2 13],22,168,184,146,162
1,<environment.Job instance at 0x7fbc8849ed20>,23,15,[12  3],24,184,199,160,170
1,<environment.Job instance at 0x7fbc8849eb90>,25,14,[1 6],26,184,198,158,170
1,<environment.Job instance at 0x7fbc883a5d20>,1,18,[5 7],2,2,20,0,2
1,<environment.Job instance at 0x7fbc883a5cd0>,2,15,[6 2],3,3,18,0,3
1,<environment.Job instance at 0x7fbc883a5050>,10,19,[5 6],11,18,37,7,18
1,<environment.Job instance at 0x7fbc88306aa0>,9,22,[1 7],10,20,42,10,20
1,<environment.Job instance at 0x7fbc87c78640>,22,14,[6 2],23,23,37,0,23
1,<environment.Job instance at 0x7fbc88306730>,20,14,[1 7],21,37,51,16,37
1,<environment.Job instance at 0x7fbc87e554b0>,25,14,[1 6],26,42,56,16,42
1,<environment.Job instance at 0x7fbc87e55550>,30,18,[5 2],31,42,60,11,42
1,<environment.Job instance at 0x7fbc87e55410>,32,14,[8 3],33,51,65,18,51
1,<environment.Job instance at 0x7fbc88638730>,50,13,[3 5],51,60,73,9,60
1,<environment.Job instance at 0x7fbc91cfc780>,47,12,[9 1],48,65,77,17,65
1,<environment.Job instance at 0x7fbc87e55c30>,31,20,[3 7],32,65,85,33,65
1,<environment.Job instance at 0x7fbc87c87280>,44,15,[5 8],45,77,92,32,77
1,<environment.Job instance at 0x7fbc87c78780>,26,15,[5 7],27,85,100,58,85
1,<environment.Job instance at 0x7fbc87ca8eb0>,77,14,[8 2],78,92,106,14,92
1,<environment.Job instance at 0x7fbc87ca8b40>,78,13,[5 3],79,100,113,21,100
1,<environment.Job instance at 0x7fbc87c87f00>,35,21,[2 8],36,100,121,64,100
1,<environment.Job instance at 0x7fbc87ca9500>,85,14,[4 7],86,113,127,27,113
1,<environment.Job instance at 0x7fbc87ca8230>,86,16,[9 4],87,121,137,34,121
1,<environment.Job instance at 0x7fbc87ca9c80>,88,14,[ 2 10],89,127,141,38,127
1,<environment.Job instance at 0x7fbc87ca9eb0>,92,16,[5 5],93,137,153,44,137
1,<environment.Job instance at 0x7fbc91cfc140>,45,15,[4 9],46,141,156,95,141
1,<environment.Job instance at 0x7fbc91e3a640>,67,18,[9 1],68,153,171,85,153
1,<environment.Job instance at 0x7fbc87c4be60>,96,18,[1 5],97,153,171,56,153
1,<environment.Job instance at 0x7fbc87ca9f00>,91,18,[5 5],92,157,175,65,157
1,<environment.Job instance at 0x7fbc87eb6410>,104,13,[5 5],105,171,184,66,171
1,<environment.Job instance at 0x7fbc87c4bf50>,98,19,[4 5],99,171,190,72,171
1,<environment.Job instance at 0x7fbc87eb6c80>,113,18,[5 5],114,175,193,61,175
1,<environment.Job instance at 0x7fbc881105a0>,1,16,[6 3],2,2,18,0,2
1,<environment.Job instance at 0x7fbc88389b40>,6,21,[8 1],7,7,28,0,7
1,<environment.Job instance at 0x7fbc883897d0>,10,18,[10  5],11,28,46,17,17
1,<environment.Job instance at 0x7fbc883899b0>,12,23,[4 7],13,32,55,19,32
1,<environment.Job instance at 0x7fbc88110be0>,4,26,[10  2],5,46,72,41,45
1,<environment.Job instance at 0x7fbc883892d0>,14,18,[10  1],15,72,90,57,67
1,<environment.Job instance at 0x7fbc883895a0>,13,19,[ 4 10],14,73,92,59,73
1,<environment.Job instance at 0x7fbc88389280>,16,15,[9 4],17,90,105,73,90
1,<environment.Job instance at 0x7fbc88389910>,17,21,[4 6],18,93,114,75,93
1,<environment.Job instance at 0x7fbc88389550>,18,14,[5 7],19,105,119,86,95
1,<environment.Job instance at 0x7fbc88389eb0>,9,16,[14  1],10,119,135,109,106
1,<environment.Job instance at 0x7fbc883891e0>,20,13,[14  5],21,135,148,114,119
1,<environment.Job instance at 0x7fbc883893c0>,19,17,[ 3 12],20,148,165,128,143
1,<environment.Job instance at 0x7fbc881100f0>,8,28,[8 3],9,149,177,140,149
1,<environment.Job instance at 0x7fbc88389320>,23,25,[2 7],24,165,190,141,162
1,<environment.Job instance at 0x7fbc88389780>,15,26,[12  4],16,177,203,161,174
1,<environment.Job instance at 0x7fbc8803d550>,1,16,[6 3],2,2,18,0,2
1,<environment.Job instance at 0x7fbc8803dcd0>,6,21,[8 1],7,7,28,0,7
1,<environment.Job instance at 0x7fbc87e61fa0>,18,14,[5 7],19,28,42,9,28
1,<environment.Job instance at 0x7fbc91e3bd20>,16,15,[9 4],17,28,43,11,28
1,<environment.Job instance at 0x7fbc8847ef00>,27,16,[4 8],28,42,58,14,42
1,<environment.Job instance at 0x7fbc91e3bbe0>,10,18,[10  5],11,43,61,32,43
1,<environment.Job instance at 0x7fbc88ad1d70>,29,15,[2 8],30,58,73,28,58
1,<environment.Job instance at 0x7fbc8850fdc0>,31,12,[6 1],32,61,73,29,61
1,<environment.Job instance at 0x7fbc87e61f50>,17,21,[4 6],18,61,82,43,61
1,<environment.Job instance at 0x7fbc882c3730>,34,16,[10  5],35,73,89,38,73
1,<environment.Job instance at 0x7fbc88aec7d0>,39,13,[ 1 10],40,82,95,42,82
1,<environment.Job instance at 0x7fbc881010a0>,43,13,[8 2],44,89,102,45,89
1,<environment.Job instance at 0x7fbc891d03c0>,49,13,[1 8],50,95,108,45,95
1,<environment.Job instance at 0x7fbc88101460>,42,16,[9 4],43,102,118,59,102
1,<environment.Job instance at 0x7fbc882c3870>,36,16,[1 7],37,108,124,71,108
1,<environment.Job instance at 0x7fbc885cbdc0>,59,18,[3 8],60,118,136,58,118
1,<environment.Job instance at 0x7fbc91e3b3c0>,14,18,[10  1],15,124,142,109,124
1,<environment.Job instance at 0x7fbc88abeb40>,61,14,[ 4 10],62,136,150,74,136
1,<environment.Job instance at 0x7fbc885b89b0>,73,21,[9 1],74,143,164,69,143
1,<environment.Job instance at 0x7fbc88e2c6e0>,62,15,[4 8],63,150,165,87,150
1,<environment.Job instance at 0x7fbc88312960>,84,15,[2 5],85,150,165,65,150
1,<environment.Job instance at 0x7fbc88593410>,75,16,[1 7],76,165,181,89,165
1,<environment.Job instance at 0x7fbc890578c0>,85,18,[9 5],86,165,183,79,165
1,<environment.Job instance at 0x7fbc88b0b410>,1,15,[2 7],2,2,17,0,2
1,<environment.Job instance at 0x7fbc89256640>,3,13,[1 7],4,4,17,0,4
1,<environment.Job instance at 0x7fbc8803d3c0>,4,13,[3 5],5,17,30,12,5
1,<environment.Job instance at 0x7fbc880f8d70>,9,12,[7 4],10,17,29,7,10
1,<environment.Job instance at 0x7fbc889057d0>,12,15,[ 3 13],13,30,45,17,16
1,<environment.Job instance at 0x7fbc88114410>,13,21,[9 1],14,29,50,15,27
1,<environment.Job instance at 0x7fbc88114d20>,16,13,[ 5 11],17,45,58,28,34
1,<environment.Job instance at 0x7fbc88114870>,19,12,[8 1],20,50,62,30,34
1,<environment.Job instance at 0x7fbc88114c80>,20,14,[10  2],21,62,76,41,47
1,<environment.Job instance at 0x7fbc88114910>,21,22,[5 5],22,58,80,36,58
1,<environment.Job instance at 0x7fbc88114e10>,18,17,[8 4],19,76,93,57,65
1,<environment.Job instance at 0x7fbc881145f0>,23,14,[4 9],24,84,98,60,84
1,<environment.Job instance at 0x7fbc88135af0>,24,26,[6 1],25,107,133,82,107
1,<environment.Job instance at 0x7fbc88114af0>,22,25,[7 5],23,108,133,85,108
1,<environment.Job instance at 0x7fbc88114690>,14,18,[13  3],15,133,151,118,126
1,<environment.Job instance at 0x7fbc880fe4b0>,25,21,[ 5 14],26,151,172,125,143
1,<environment.Job instance at 0x7fbc8810d640>,28,15,[ 3 11],29,172,187,143,165
1,<environment.Job instance at 0x7fbc87c2beb0>,0,18,[7 5],1,1,19,0,1
1,<environment.Job instance at 0x7fbc87f3e730>,1,15,[2 7],2,2,17,0,2
1,<environment.Job instance at 0x7fbc883f7be0>,9,12,[7 4],10,17,29,7,17
1,<environment.Job instance at 0x7fbc917fd280>,3,13,[1 7],4,19,32,15,19
1,<environment.Job instance at 0x7fbc884022d0>,19,12,[8 1],20,29,41,9,29
1,<environment.Job instance at 0x7fbc87c28a00>,4,13,[3 5],5,29,42,24,29
1,<environment.Job instance at 0x7fbc87c2df00>,5,16,[3 9],6,32,48,26,32
1,<environment.Job instance at 0x7fbc883f7050>,11,14,[8 1],12,41,55,29,41
1,<environment.Job instance at 0x7fbc91e3a690>,31,12,[ 1 10],32,48,60,16,48
1,<environment.Job instance at 0x7fbc91d18d20>,20,14,[10  2],21,55,69,34,55
1,<environment.Job instance at 0x7fbc91e3a0f0>,39,13,[5 5],40,60,73,20,60
1,<environment.Job instance at 0x7fbc88be50f0>,43,14,[4 5],44,69,83,25,69
1,<environment.Job instance at 0x7fbc91e3a640>,29,15,[5 5],30,69,84,39,69
1,<environment.Job instance at 0x7fbc88515be0>,46,13,[4 5],47,73,86,26,73
1,<environment.Job instance at 0x7fbc88ac23c0>,45,14,[1 7],46,85,99,39,85
1,<environment.Job instance at 0x7fbc88fdebe0>,36,16,[5 6],37,87,103,50,87
1,<environment.Job instance at 0x7fbc884027d0>,23,14,[4 9],24,99,113,75,99
1,<environment.Job instance at 0x7fbc885180a0>,58,12,[8 4],59,103,115,44,103
1,<environment.Job instance at 0x7fbc88e23190>,57,16,[7 4],58,113,129,55,113
1,<environment.Job instance at 0x7fbc87e55410>,66,12,[8 4],67,115,127,48,115
1,<environment.Job instance at 0x7fbc87e55640>,67,16,[1 8],68,127,143,59,127
1,<environment.Job instance at 0x7fbc87e61e60>,70,13,[9 3],71,129,142,58,129
1,<environment.Job instance at 0x7fbc91e3b550>,75,17,[5 3],76,129,146,53,129
1,<environment.Job instance at 0x7fbc88402280>,18,17,[8 4],19,142,159,123,142
1,<environment.Job instance at 0x7fbc91e3b0f0>,76,12,[2 7],77,143,155,66,143
1,<environment.Job instance at 0x7fbc91e3b780>,82,12,[1 7],83,155,167,72,155
1,<environment.Job instance at 0x7fbc88505b90>,80,13,[4 6],81,159,172,78,159
1,<environment.Job instance at 0x7fbc884acaa0>,84,13,[10  1],85,159,172,74,159
1,<environment.Job instance at 0x7fbc889050a0>,85,18,[1 7],86,167,185,81,167
1,<environment.Job instance at 0x7fbc87e68370>,83,15,[2 6],84,172,187,88,172
1,<environment.Job instance at 0x7fbc88bcdcd0>,3,18,[3 8],4,5,23,1,5
1,<environment.Job instance at 0x7fbc8893a5f0>,5,12,[ 5 10],6,23,35,17,6
1,<environment.Job instance at 0x7fbc8893a2d0>,2,14,[10  1],3,8,22,5,8
1,<environment.Job instance at 0x7fbc8893acd0>,4,22,[11  2],5,56,78,51,56
1,<environment.Job instance at 0x7fbc8893a190>,13,25,[12  4],14,78,103,64,75
1,<environment.Job instance at 0x7fbc8893a730>,14,19,[14  1],15,117,136,102,117
1,<environment.Job instance at 0x7fbc8893a500>,15,21,[11  5],16,136,157,120,134
1,<environment.Job instance at 0x7fbc880a5d70>,2,14,[10  1],3,3,17,0,3
1,<environment.Job instance at 0x7fbc880a5910>,3,18,[3 8],4,4,22,0,4
1,<environment.Job instance at 0x7fbc883d17d0>,7,16,[1 6],8,8,24,0,8
1,<environment.Job instance at 0x7fbc887e35a0>,19,16,[7 2],20,22,38,2,22
1,<environment.Job instance at 0x7fbc8822a960>,5,12,[ 5 10],6,24,36,18,24
1,<environment.Job instance at 0x7fbc87e68370>,22,14,[8 5],23,36,50,13,36
1,<environment.Job instance at 0x7fbc87e610f0>,26,14,[1 8],27,38,52,11,38
1,<environment.Job instance at 0x7fbc88ab16e0>,28,15,[10  1],29,50,65,21,50
1,<environment.Job instance at 0x7fbc87e61eb0>,25,16,[1 6],26,50,66,24,50
1,<environment.Job instance at 0x7fbc883f2190>,38,14,[1 7],39,52,66,13,52
1,<environment.Job instance at 0x7fbc88fde5f0>,40,13,[5 5],41,66,79,25,66
1,<environment.Job instance at 0x7fbc87e61f50>,33,16,[3 7],34,66,82,32,66
1,<environment.Job instance at 0x7fbc88402f00>,53,16,[1 7],54,79,95,25,79
1,<environment.Job instance at 0x7fbc88b237d0>,18,17,[8 4],19,82,99,63,82
1,<environment.Job instance at 0x7fbc88905c80>,24,19,[6 4],25,82,101,57,82
1,<environment.Job instance at 0x7fbc88bcd140>,61,15,[8 2],62,99,114,37,99
1,<environment.Job instance at 0x7fbc88d1b640>,57,17,[5 7],58,101,118,43,101
1,<environment.Job instance at 0x7fbc8831e870>,46,18,[2 5],47,101,119,54,101
1,<environment.Job instance at 0x7fbc88d1b280>,58,17,[6 2],59,114,131,55,114
1,<environment.Job instance at 0x7fbc87ec2fa0>,81,16,[4 6],82,119,135,37,119
1,<environment.Job instance at 0x7fbc87ec2780>,82,15,[5 1],83,119,134,36,119
1,<environment.Job instance at 0x7fbc87ec2d20>,92,15,[3 7],93,131,146,38,131
1,<environment.Job instance at 0x7fbc884ecb90>,65,16,[10  3],66,136,152,70,136
1,<environment.Job instance at 0x7fbc87ec2aa0>,95,19,[2 5],96,136,155,40,136
1,<environment.Job instance at 0x7fbc88ae18c0>,107,16,[9 1],108,153,169,45,153
1,<environment.Job instance at 0x7fbc91d77aa0>,51,18,[3 9],52,153,171,101,153
1,<environment.Job instance at 0x7fbc88ae1910>,111,13,[10  3],112,169,182,57,169
1,<environment.Job instance at 0x7fbc88ae1640>,114,14,[3 7],115,172,186,57,172
1,<environment.Job instance at 0x7fbc87de8370>,3,19,[ 4 11],4,17,36,13,17
1,<environment.Job instance at 0x7fbc880b5e10>,13,25,[ 1 14],14,36,61,22,32
1,<environment.Job instance at 0x7fbc880b5be0>,19,15,[7 1],20,48,63,28,48
1,<environment.Job instance at 0x7fbc87a49780>,31,12,[8 1],32,61,73,29,52
1,<environment.Job instance at 0x7fbc87a495f0>,30,27,[2 7],31,79,106,48,79
1,<environment.Job instance at 0x7fbc87b6a8c0>,49,12,[ 5 12],50,167,179,117,167
1,<environment.Job instance at 0x7fbc87a49cd0>,45,15,[4 8],46,179,194,133,171
1,<environment.Job instance at 0x7fbc88ae1730>,2,16,[8 2],3,3,19,0,3
1,<environment.Job instance at 0x7fbc88ae1dc0>,4,14,[4 7],5,5,19,0,5
1,<environment.Job instance at 0x7fbc87ec2be0>,11,19,[2 5],12,12,31,0,12
1,<environment.Job instance at 0x7fbc87ec2870>,15,15,[1 7],16,19,34,3,19
1,<environment.Job instance at 0x7fbc87ec2a00>,19,15,[7 1],20,20,35,0,20
1,<environment.Job instance at 0x7fbc87ec25a0>,26,14,[5 4],27,31,45,4,31
1,<environment.Job instance at 0x7fbc87ec2b90>,18,21,[1 6],19,34,55,15,34
1,<environment.Job instance at 0x7fbc8893a370>,31,12,[8 1],32,35,47,3,35
1,<environment.Job instance at 0x7fbc87ec2f00>,27,15,[6 4],28,45,60,17,45
1,<environment.Job instance at 0x7fbc88b21550>,43,12,[5 8],44,55,67,11,55
1,<environment.Job instance at 0x7fbc88b36af0>,46,15,[1 6],47,60,75,13,60
1,<environment.Job instance at 0x7fbc88db5aa0>,63,14,[10  5],64,67,81,3,67
1,<environment.Job instance at 0x7fbc88db5be0>,65,12,[3 5],66,75,87,9,75
1,<environment.Job instance at 0x7fbc88dd8b40>,71,15,[1 7],72,81,96,9,81
1,<environment.Job instance at 0x7fbc88dd85f0>,72,14,[10  2],73,81,95,8,81
1,<environment.Job instance at 0x7fbc8822a0f0>,34,17,[1 6],35,87,104,52,87
1,<environment.Job instance at 0x7fbc88db5cd0>,64,16,[10  2],65,95,111,30,95
1,<environment.Job instance at 0x7fbc88daf280>,74,14,[4 8],75,104,118,29,104
1,<environment.Job instance at 0x7fbc88fda230>,75,12,[9 1],76,111,123,35,111
1,<environment.Job instance at 0x7fbc8907bcd0>,88,15,[ 5 10],89,118,133,29,118
1,<environment.Job instance at 0x7fbc89066f50>,86,13,[10  1],87,123,136,36,123
1,<environment.Job instance at 0x7fbc8913aaa0>,90,15,[5 8],91,133,148,42,133
1,<environment.Job instance at 0x7fbc88dccd20>,80,13,[9 3],81,136,149,55,136
1,<environment.Job instance at 0x7fbc8906a2d0>,97,15,[ 4 10],98,148,163,50,148
1,<environment.Job instance at 0x7fbc88c682d0>,104,14,[9 1],105,163,177,58,163
1,<environment.Job instance at 0x7fbc88c68500>,105,15,[3 9],106,163,178,57,163
1,<environment.Job instance at 0x7fbc89060f50>,107,16,[5 1],108,177,193,69,177
1,<environment.Job instance at 0x7fbc88c8a9b0>,109,13,[8 3],110,178,191,68,178
1,<environment.Job instance at 0x7fbc8907bfa0>,93,16,[2 8],94,178,194,84,178
1,<environment.Job instance at 0x7fbc88bd5370>,14,13,[10  1],15,15,28,0,15
1,<environment.Job instance at 0x7fbc88bd55a0>,7,14,[5 6],8,16,30,8,16
1,<environment.Job instance at 0x7fbc88bd50a0>,16,15,[ 4 12],17,30,45,13,20
1,<environment.Job instance at 0x7fbc8802f0a0>,22,15,[5 6],23,45,60,22,33
1,<environment.Job instance at 0x7fbc8801d230>,0,18,[9 3],1,1,19,0,1
1,<environment.Job instance at 0x7fbc8801deb0>,6,17,[4 8],7,7,24,0,7
1,<environment.Job instance at 0x7fbc8801d500>,7,14,[5 6],8,19,33,11,19
1,<environment.Job instance at 0x7fbc892a54b0>,17,13,[7 1],18,24,37,6,24
1,<environment.Job instance at 0x7fbc917bdcd0>,20,12,[3 8],21,33,45,12,33
1,<environment.Job instance at 0x7fbc88b435a0>,22,15,[5 6],23,33,48,10,33
1,<environment.Job instance at 0x7fbc88d1b320>,27,12,[8 5],28,45,57,17,45
1,<environment.Job instance at 0x7fbc88b43960>,25,17,[5 8],26,48,65,22,48
1,<environment.Job instance at 0x7fbc88b3b910>,14,13,[10  1],15,57,70,42,57
1,<environment.Job instance at 0x7fbc88b32dc0>,28,18,[3 6],29,65,83,36,65
1,<environment.Job instance at 0x7fbc890d2050>,37,12,[7 2],38,70,82,32,70
1,<environment.Job instance at 0x7fbc8913b640>,39,16,[3 5],40,70,86,30,70
1,<environment.Job instance at 0x7fbc8801d0f0>,8,16,[8 4],9,82,98,73,82
1,<environment.Job instance at 0x7fbc8906a2d0>,51,13,[5 8],52,86,99,34,86
1,<environment.Job instance at 0x7fbc8906a230>,52,16,[5 2],53,98,114,45,98
1,<environment.Job instance at 0x7fbc89181f00>,55,12,[7 5],56,99,111,43,99
1,<environment.Job instance at 0x7fbc89060d70>,45,15,[1 8],46,99,114,53,99
1,<environment.Job instance at 0x7fbc88e68190>,56,14,[7 5],57,111,125,54,111
1,<environment.Job instance at 0x7fbc88fda230>,67,14,[8 1],68,114,128,46,114
1,<environment.Job instance at 0x7fbc8906ac30>,50,14,[ 4 10],51,125,139,74,125
1,<environment.Job instance at 0x7fbc88daf280>,72,12,[7 3],73,128,140,55,128
1,<environment.Job instance at 0x7fbc89066f50>,63,17,[1 7],64,139,156,75,139
1,<environment.Job instance at 0x7fbc8801dcd0>,1,17,[9 4],2,140,157,138,140
1,<environment.Job instance at 0x7fbc88dd85f0>,73,17,[1 8],74,156,173,82,156
1,<environment.Job instance at 0x7fbc88db5aa0>,82,14,[8 4],83,158,172,75,158
1,<environment.Job instance at 0x7fbc88b32910>,35,17,[8 3],36,172,189,136,172
1,<environment.Job instance at 0x7fbc88dd88c0>,77,17,[5 9],78,174,191,96,174
1,<environment.Job instance at 0x7fbc88463140>,1,14,[1 9],2,2,16,0,2
1,<environment.Job instance at 0x7fbc87ce30a0>,4,13,[5 5],5,5,18,0,5
1,<environment.Job instance at 0x7fbc889b8050>,5,19,[ 3 11],6,18,37,12,9
1,<environment.Job instance at 0x7fbc889b81e0>,11,15,[7 1],12,14,29,2,14
1,<environment.Job instance at 0x7fbc889b8640>,7,24,[8 2],8,29,53,21,24
1,<environment.Job instance at 0x7fbc91857960>,17,17,[ 2 10],18,37,54,19,29
1,<environment.Job instance at 0x7fbc889b8b40>,9,17,[3 5],10,53,70,43,44
1,<environment.Job instance at 0x7fbc91857640>,20,22,[3 5],21,54,76,33,50
1,<environment.Job instance at 0x7fbc918575f0>,18,22,[4 7],19,70,92,51,67
1,<environment.Job instance at 0x7fbc918578c0>,22,27,[4 8],23,76,103,53,74
1,<environment.Job instance at 0x7fbc91857910>,23,17,[ 2 12],24,103,120,79,95
1,<environment.Job instance at 0x7fbc91857af0>,24,22,[2 8],25,120,142,95,113
1,<environment.Job instance at 0x7fbc91857190>,25,15,[12  3],26,113,128,87,113
1,<environment.Job instance at 0x7fbc91857e60>,26,20,[1 7],27,128,148,101,120
1,<environment.Job instance at 0x7fbc91857820>,27,18,[9 3],28,142,160,114,133
1,<environment.Job instance at 0x7fbc91857690>,28,16,[3 8],29,148,164,119,135
1,<environment.Job instance at 0x7fbc91857a00>,29,14,[6 2],30,160,174,130,145
1,<environment.Job instance at 0x7fbc91857d20>,19,16,[ 1 10],20,166,182,146,166
1,<environment.Job instance at 0x7fbc889b8730>,8,26,[14  4],9,174,200,165,172
1,<environment.Job instance at 0x7fbc87b345a0>,1,14,[1 9],2,2,16,0,2
1,<environment.Job instance at 0x7fbc889c63c0>,3,22,[10  4],4,4,26,0,4
1,<environment.Job instance at 0x7fbc892ba690>,4,13,[5 5],5,16,29,11,16
1,<environment.Job instance at 0x7fbc88f66c30>,13,12,[8 4],14,26,38,12,26
1,<environment.Job instance at 0x7fbc88f660a0>,11,15,[7 1],12,29,44,17,29
1,<environment.Job instance at 0x7fbc88f5c960>,28,16,[3 8],29,38,54,9,38
1,<environment.Job instance at 0x7fbc88f66410>,9,17,[3 5],10,38,55,28,38
1,<environment.Job instance at 0x7fbc88f5c410>,29,14,[6 2],30,44,58,14,44
1,<environment.Job instance at 0x7fbc88f5c7d0>,32,14,[4 7],33,54,68,21,54
1,<environment.Job instance at 0x7fbc88ec2fa0>,37,14,[5 6],38,58,72,20,58
1,<environment.Job instance at 0x7fbc88ec2be0>,44,13,[1 7],45,68,81,23,68
1,<environment.Job instance at 0x7fbc88f5c190>,27,18,[9 3],28,72,90,44,72
1,<environment.Job instance at 0x7fbc88bd5af0>,48,16,[ 4 10],49,83,99,34,83
1,<environment.Job instance at 0x7fbc88f66690>,19,16,[ 1 10],20,100,116,80,100
1,<environment.Job instance at 0x7fbc88b21d20>,55,18,[9 3],56,100,118,44,100
1,<environment.Job instance at 0x7fbc88b30140>,56,14,[5 5],57,116,130,59,116
1,<environment.Job instance at 0x7fbc88f66190>,17,17,[ 2 10],18,119,136,101,119
1,<environment.Job instance at 0x7fbc88b30410>,57,22,[7 2],58,130,152,72,130
1,<environment.Job instance at 0x7fbc88b364b0>,62,18,[7 1],63,137,155,74,137
1,<environment.Job instance at 0x7fbc88218f50>,51,19,[ 2 10],52,153,172,101,153
1,<environment.Job instance at 0x7fbc88b3c320>,71,12,[2 8],72,172,184,100,172
1,<environment.Job instance at 0x7fbc88dcf6e0>,73,14,[3 7],74,172,186,98,172
1,<environment.Job instance at 0x7fbc884de460>,2,12,[7 3],3,3,15,0,3
1,<environment.Job instance at 0x7fbc884dea00>,3,21,[7 2],4,4,25,0,4
1,<environment.Job instance at 0x7fbc884de320>,4,14,[5 5],5,15,29,10,5
1,<environment.Job instance at 0x7fbc884de730>,10,12,[ 5 13],11,29,41,18,14
1,<environment.Job instance at 0x7fbc87a34b40>,12,13,[2 8],13,15,28,2,15
1,<environment.Job instance at 0x7fbc87a34640>,15,24,[9 2],16,29,53,13,29
1,<environment.Job instance at 0x7fbc87a34fa0>,16,16,[ 1 13],17,41,57,24,29
1,<environment.Job instance at 0x7fbc87a34e60>,14,22,[11  1],15,53,75,38,46
1,<environment.Job instance at 0x7fbc881a98c0>,17,18,[ 3 13],18,57,75,39,47
1,<environment.Job instance at 0x7fbc87a34780>,9,19,[12  4],10,75,94,65,69
1,<environment.Job instance at 0x7fbc87a34730>,11,18,[12  2],12,94,112,82,83
1,<environment.Job instance at 0x7fbc881a9500>,21,15,[13  2],22,112,127,90,111
1,<environment.Job instance at 0x7fbc88db1230>,0,19,[7 4],1,1,20,0,1
1,<environment.Job instance at 0x7fbc88a470a0>,2,12,[7 3],3,3,15,0,3
1,<environment.Job instance at 0x7fbc87f79fa0>,12,13,[2 8],13,15,28,2,15
1,<environment.Job instance at 0x7fbc91bcfb90>,4,14,[5 5],5,20,34,15,20
1,<environment.Job instance at 0x7fbc88a47820>,3,21,[7 2],4,20,41,16,20
1,<environment.Job instance at 0x7fbc87fb1960>,22,12,[6 3],23,34,46,11,34
1,<environment.Job instance at 0x7fbc87f81fa0>,37,18,[1 9],38,38,56,0,38
1,<environment.Job instance at 0x7fbc87f814b0>,33,21,[8 2],34,41,62,7,41
1,<environment.Job instance at 0x7fbc87b50690>,51,12,[2 6],52,56,68,4,56
1,<environment.Job instance at 0x7fbc87f21050>,40,20,[1 5],41,56,76,15,56
1,<environment.Job instance at 0x7fbc880f55f0>,52,13,[7 2],53,62,75,9,62
1,<environment.Job instance at 0x7fbc87f2f3c0>,42,20,[6 5],43,68,88,25,68
1,<environment.Job instance at 0x7fbc87f288c0>,50,17,[8 1],51,75,92,24,75
1,<environment.Job instance at 0x7fbc889fd190>,28,16,[5 9],29,88,104,59,88
1,<environment.Job instance at 0x7fbc88a51dc0>,72,12,[10  3],73,92,104,19,92
1,<environment.Job instance at 0x7fbc880d6500>,76,15,[1 9],77,104,119,27,104
1,<environment.Job instance at 0x7fbc87f1aeb0>,58,17,[9 5],59,104,121,45,104
1,<environment.Job instance at 0x7fbc87efa960>,78,14,[ 4 10],79,119,133,40,119
1,<environment.Job instance at 0x7fbc8872a9b0>,83,13,[6 5],84,121,134,37,121
1,<environment.Job instance at 0x7fbc880c6820>,73,16,[5 7],74,133,149,59,133
1,<environment.Job instance at 0x7fbc8872aa00>,84,16,[10  2],85,134,150,49,134
1,<environment.Job instance at 0x7fbc889dd6e0>,85,16,[ 2 10],86,149,165,63,149
1,<environment.Job instance at 0x7fbc87f99af0>,95,13,[8 2],96,150,163,54,150
1,<environment.Job instance at 0x7fbc87f83050>,113,16,[2 5],114,163,179,49,163
1,<environment.Job instance at 0x7fbc87f83910>,114,17,[9 4],115,165,182,50,165
1,<environment.Job instance at 0x7fbc87f836e0>,116,16,[2 6],117,165,181,48,165
1,<environment.Job instance at 0x7fbc8826e410>,0,14,[4 9],1,1,15,0,1
1,<environment.Job instance at 0x7fbc8826ebe0>,4,13,[ 2 12],5,15,28,10,6
1,<environment.Job instance at 0x7fbc88257e60>,9,12,[2 5],10,28,40,18,11
1,<environment.Job instance at 0x7fbc88257d20>,7,12,[5 4],8,28,40,20,11
1,<environment.Job instance at 0x7fbc88257d70>,12,16,[4 5],13,28,44,15,20
1,<environment.Job instance at 0x7fbc88272960>,20,14,[2 5],21,40,54,19,25
1,<environment.Job instance at 0x7fbc88272c30>,23,13,[5 2],24,40,53,16,25
1,<environment.Job instance at 0x7fbc88257050>,16,21,[14  2],17,54,75,37,47
1,<environment.Job instance at 0x7fbc88257c30>,6,22,[ 1 11],7,54,76,47,47
1,<environment.Job instance at 0x7fbc88272140>,26,12,[ 2 12],27,76,88,49,61
1,<environment.Job instance at 0x7fbc88257500>,5,21,[12  5],6,88,109,82,82
1,<environment.Job instance at 0x7fbc88272690>,27,21,[ 3 11],28,109,130,81,101
1,<environment.Job instance at 0x7fbc882724b0>,28,24,[11  3],29,109,133,80,106
1,<environment.Job instance at 0x7fbc88272730>,30,14,[8 1],31,133,147,102,118
1,<environment.Job instance at 0x7fbc88272eb0>,29,16,[5 7],30,133,149,103,125
1,<environment.Job instance at 0x7fbc88272c80>,24,15,[ 1 13],25,149,164,124,143
1,<environment.Job instance at 0x7fbc88272500>,31,19,[12  4],32,164,183,132,158
1,<environment.Job instance at 0x7fbc88272820>,34,15,[5 1],35,183,198,148,169
1,<environment.Job instance at 0x7fbc88272370>,32,23,[ 3 14],33,183,206,150,179
1,<environment.Job instance at 0x7fbc88905f50>,0,14,[4 9],1,1,15,0,1
1,<environment.Job instance at 0x7fbc8848c5a0>,3,21,[8 2],4,4,25,0,4
1,<environment.Job instance at 0x7fbc88231280>,7,12,[5 4],8,15,27,7,15
1,<environment.Job instance at 0x7fbc882313c0>,9,12,[2 5],10,15,27,5,15
1,<environment.Job instance at 0x7fbc8883d4b0>,20,14,[2 5],21,25,39,4,25
1,<environment.Job instance at 0x7fbc891fe280>,23,13,[5 2],24,27,40,3,27
1,<environment.Job instance at 0x7fbc88231cd0>,12,16,[4 5],13,27,43,14,27
1,<environment.Job instance at 0x7fbc891d35a0>,34,15,[5 1],35,39,54,4,39
1,<environment.Job instance at 0x7fbc88041820>,29,16,[5 7],30,40,56,10,40
1,<environment.Job instance at 0x7fbc88dafcd0>,39,15,[4 7],40,43,58,3,43
1,<environment.Job instance at 0x7fbc891d65a0>,30,14,[8 1],31,56,70,25,56
1,<environment.Job instance at 0x7fbc880484b0>,43,15,[5 5],44,58,73,14,58
1,<environment.Job instance at 0x7fbc8815ac80>,47,12,[4 7],48,70,82,22,70
1,<environment.Job instance at 0x7fbc8815acd0>,46,12,[9 4],47,73,85,26,73
1,<environment.Job instance at 0x7fbc88231870>,11,16,[3 8],12,82,98,70,82
1,<environment.Job instance at 0x7fbc891d3640>,36,16,[10  5],37,85,101,48,85
1,<environment.Job instance at 0x7fbc88ab7a50>,72,15,[4 8],73,98,113,25,98
1,<environment.Job instance at 0x7fbc88ab7230>,73,17,[5 6],74,101,118,27,101
1,<environment.Job instance at 0x7fbc891e9f50>,82,14,[9 2],83,113,127,30,113
1,<environment.Job instance at 0x7fbc8822f780>,49,18,[4 8],50,118,136,68,118
1,<environment.Job instance at 0x7fbc889c4a50>,87,12,[6 4],88,127,139,39,127
1,<environment.Job instance at 0x7fbc8814c9b0>,80,18,[5 3],81,127,145,46,127
1,<environment.Job instance at 0x7fbc8829a6e0>,84,13,[7 2],85,139,152,54,139
1,<environment.Job instance at 0x7fbc88091410>,99,14,[3 7],100,139,153,39,139
1,<environment.Job instance at 0x7fbc87ca7aa0>,101,12,[4 7],102,152,164,50,152
1,<environment.Job instance at 0x7fbc887ecb90>,93,16,[6 1],94,152,168,58,152
1,<environment.Job instance at 0x7fbc87df2730>,107,18,[5 6],108,153,171,45,153
1,<environment.Job instance at 0x7fbc87df2c80>,110,14,[4 7],111,164,178,53,164
1,<environment.Job instance at 0x7fbc887d4230>,112,12,[6 5],113,171,183,58,171
1,<environment.Job instance at 0x7fbc87df26e0>,108,13,[8 2],109,178,191,69,178
1,<environment.Job instance at 0x7fbc87ee6780>,5,22,[2 6],6,7,29,1,7
1,<environment.Job instance at 0x7fbc87ee6f50>,11,13,[ 1 11],12,29,42,17,15
1,<environment.Job instance at 0x7fbc87ee6b40>,14,16,[6 5],15,42,58,27,29
1,<environment.Job instance at 0x7fbc87ee6960>,17,19,[3 7],18,42,61,24,32
1,<environment.Job instance at 0x7fbc88c95e60>,19,12,[10  2],20,58,70,38,43
1,<environment.Job instance at 0x7fbc88c95500>,30,17,[ 2 10],31,61,78,30,50
1,<environment.Job instance at 0x7fbc88c95550>,31,18,[2 9],32,78,96,46,67
1,<environment.Job instance at 0x7fbc88c95050>,32,12,[14  3],33,96,108,63,88
1,<environment.Job instance at 0x7fbc87ee63c0>,4,22,[ 3 13],5,108,130,103,103
1,<environment.Job instance at 0x7fbc88c950a0>,33,13,[ 1 14],34,130,143,96,120
1,<environment.Job instance at 0x7fbc9180adc0>,1,17,[4 8],2,2,19,0,2
1,<environment.Job instance at 0x7fbc87f3cb40>,5,22,[2 6],6,6,28,0,6
1,<environment.Job instance at 0x7fbc89054050>,14,16,[6 5],15,19,35,4,19
1,<environment.Job instance at 0x7fbc880def50>,25,16,[7 4],26,26,42,0,26
1,<environment.Job instance at 0x7fbc91892050>,30,17,[ 2 10],31,35,52,4,35
1,<environment.Job instance at 0x7fbc91e44c80>,19,12,[10  2],20,42,54,22,42
1,<environment.Job instance at 0x7fbc888d5690>,21,18,[ 1 10],22,52,70,30,52
1,<environment.Job instance at 0x7fbc891e9a50>,41,14,[6 5],42,54,68,12,54
1,<environment.Job instance at 0x7fbc88091410>,28,14,[10  4],29,68,82,39,68
1,<environment.Job instance at 0x7fbc91892690>,31,18,[2 9],32,70,88,38,70
1,<environment.Job instance at 0x7fbc88ab7a50>,48,13,[1 6],49,82,95,33,82
1,<environment.Job instance at 0x7fbc918386e0>,46,14,[10  5],47,88,102,41,88
1,<environment.Job instance at 0x7fbc891d35a0>,56,16,[ 3 10],57,96,112,39,96
1,<environment.Job instance at 0x7fbc88aa7280>,45,16,[6 1],46,102,118,56,102
1,<environment.Job instance at 0x7fbc88041820>,58,13,[1 8],59,112,125,53,112
1,<environment.Job instance at 0x7fbc91838690>,44,18,[6 5],45,112,130,67,112
1,<environment.Job instance at 0x7fbc891d3eb0>,57,18,[7 2],58,118,136,60,118
1,<environment.Job instance at 0x7fbc89184410>,64,15,[3 5],65,130,145,65,130
1,<environment.Job instance at 0x7fbc891d6690>,62,17,[4 8],63,130,147,67,130
1,<environment.Job instance at 0x7fbc8883d4b0>,65,14,[9 1],66,145,159,79,145
1,<environment.Job instance at 0x7fbc88ca3190>,66,14,[4 7],67,148,162,81,148
1,<environment.Job instance at 0x7fbc891d3140>,61,16,[10  1],62,159,175,97,159
1,<environment.Job instance at 0x7fbc88231f50>,73,18,[4 5],74,162,180,88,162
1,<environment.Job instance at 0x7fbc88231fa0>,77,15,[10  5],78,176,191,98,176
1,<environment.Job instance at 0x7fbc87a4cf50>,1,14,[5 5],2,2,16,0,2
1,<environment.Job instance at 0x7fbc87a4cdc0>,2,12,[1 8],3,3,15,0,3
1,<environment.Job instance at 0x7fbc91868780>,4,12,[7 2],5,5,17,0,5
1,<environment.Job instance at 0x7fbc91868230>,12,22,[10  3],13,17,39,4,13
1,<environment.Job instance at 0x7fbc88b27730>,13,27,[5 9],14,16,43,2,14
1,<environment.Job instance at 0x7fbc918681e0>,10,20,[7 1],11,39,59,28,36
1,<environment.Job instance at 0x7fbc91868050>,11,21,[ 2 11],12,43,64,31,37
1,<environment.Job instance at 0x7fbc88b27d20>,16,12,[ 2 11],17,64,76,47,49
1,<environment.Job instance at 0x7fbc88b27d70>,17,13,[2 8],18,76,89,58,60
1,<environment.Job instance at 0x7fbc918685a0>,7,19,[ 2 13],8,89,108,81,79
1,<environment.Job instance at 0x7fbc88b27f50>,19,12,[7 5],20,108,120,88,98
1,<environment.Job instance at 0x7fbc88b27960>,14,26,[5 5],15,108,134,93,106
1,<environment.Job instance at 0x7fbc88b27f00>,18,26,[6 3],19,120,146,101,119
1,<environment.Job instance at 0x7fbc88b270a0>,22,25,[ 2 11],23,135,160,112,135
1,<environment.Job instance at 0x7fbc88b278c0>,15,25,[9 4],16,146,171,130,143
1,<environment.Job instance at 0x7fbc88b27dc0>,20,17,[12  5],21,171,188,150,162
1,<environment.Job instance at 0x7fbc87df2a00>,1,14,[5 5],2,2,16,0,2
1,<environment.Job instance at 0x7fbc87df2370>,2,12,[1 8],3,3,15,0,3
1,<environment.Job instance at 0x7fbc87a795a0>,4,12,[7 2],5,5,17,0,5
1,<environment.Job instance at 0x7fbc87a79280>,10,20,[7 1],11,16,36,5,16
1,<environment.Job instance at 0x7fbc89088370>,17,13,[2 8],18,18,31,0,18
1,<environment.Job instance at 0x7fbc89088500>,19,12,[7 5],20,31,43,11,31
1,<environment.Job instance at 0x7fbc89076410>,25,15,[6 1],26,36,51,10,36
1,<environment.Job instance at 0x7fbc887d8190>,40,13,[6 4],41,43,56,2,43
1,<environment.Job instance at 0x7fbc87a24960>,32,14,[5 5],33,51,65,18,51
1,<environment.Job instance at 0x7fbc887ef5f0>,47,14,[2 7],48,56,70,8,56
1,<environment.Job instance at 0x7fbc87cd9140>,56,14,[2 6],57,65,79,8,65
1,<environment.Job instance at 0x7fbc891bb2d0>,64,15,[5 2],65,65,80,0,65
1,<environment.Job instance at 0x7fbc891bb960>,66,13,[1 5],67,70,83,3,70
1,<environment.Job instance at 0x7fbc8908e2d0>,75,16,[9 1],76,79,95,3,79
1,<environment.Job instance at 0x7fbc8908e730>,79,14,[5 3],80,80,94,0,80
1,<environment.Job instance at 0x7fbc890738c0>,52,17,[4 5],53,94,111,41,94
1,<environment.Job instance at 0x7fbc883597d0>,84,13,[7 4],85,95,108,10,95
1,<environment.Job instance at 0x7fbc8834c0a0>,87,14,[1 9],88,109,123,21,109
1,<environment.Job instance at 0x7fbc88357c80>,89,13,[5 1],90,109,122,19,109
1,<environment.Job instance at 0x7fbc88357c30>,90,13,[6 4],91,111,124,20,111
1,<environment.Job instance at 0x7fbc891e3cd0>,35,17,[7 4],36,123,140,87,123
1,<environment.Job instance at 0x7fbc8834b870>,93,19,[8 1],94,125,144,31,125
1,<environment.Job instance at 0x7fbc88a7eaf0>,95,13,[3 7],96,140,153,44,140
1,<environment.Job instance at 0x7fbc88a7e370>,96,12,[3 6],97,140,152,43,140
1,<environment.Job instance at 0x7fbc88a81280>,99,17,[10  1],100,152,169,52,152
1,<environment.Job instance at 0x7fbc88a81c30>,100,20,[1 9],101,154,174,53,154
1,<environment.Job instance at 0x7fbc88a77f00>,101,16,[9 3],102,170,186,68,170
1,<environment.Job instance at 0x7fbc88a776e0>,102,22,[6 1],103,174,196,71,174
1,<environment.Job instance at 0x7fbc8880e9b0>,4,17,[4 8],5,5,22,0,5
1,<environment.Job instance at 0x7fbc8880e640>,8,18,[1 5],9,20,38,11,20
1,<environment.Job instance at 0x7fbc8880e4b0>,11,14,[8 3],12,22,36,10,20
1,<environment.Job instance at 0x7fbc8880e5f0>,12,14,[4 7],13,22,36,9,20
1,<environment.Job instance at 0x7fbc88359820>,7,16,[5 5],8,36,52,28,24
1,<environment.Job instance at 0x7fbc8880e0f0>,13,22,[5 1],14,36,58,22,30
1,<environment.Job instance at 0x7fbc8880e3c0>,15,14,[5 3],16,38,52,22,38
1,<environment.Job instance at 0x7fbc8880e460>,9,19,[ 2 12],10,52,71,42,42
1,<environment.Job instance at 0x7fbc8880ec30>,14,18,[14  5],15,71,89,56,62
1,<environment.Job instance at 0x7fbc8880ebe0>,18,17,[14  2],19,89,106,70,77
1,<environment.Job instance at 0x7fbc8880e730>,19,16,[12  5],20,106,122,86,93
1,<environment.Job instance at 0x7fbc887c4500>,20,14,[3 9],21,106,120,85,96
1,<environment.Job instance at 0x7fbc887c4140>,21,23,[12  4],22,122,145,100,117
1,<environment.Job instance at 0x7fbc887c4410>,22,18,[14  2],23,145,163,122,134
1,<environment.Job instance at 0x7fbc887c4c30>,23,19,[11  5],24,163,182,139,157
1,<environment.Job instance at 0x7fbc887c4e60>,24,17,[12  1],25,182,199,157,170
1,<environment.Job instance at 0x7fbc8834b960>,4,17,[4 8],5,5,22,0,5
1,<environment.Job instance at 0x7fbc8834b910>,7,16,[5 5],8,8,24,0,8
1,<environment.Job instance at 0x7fbc887ef410>,13,22,[5 1],14,14,36,0,14
1,<environment.Job instance at 0x7fbc8880be10>,12,14,[4 7],13,22,36,9,22
1,<environment.Job instance at 0x7fbc891d81e0>,15,14,[5 3],16,24,38,8,24
1,<environment.Job instance at 0x7fbc887efcd0>,11,14,[8 3],12,36,50,24,36
1,<environment.Job instance at 0x7fbc88789f50>,8,18,[1 5],9,36,54,27,36
1,<environment.Job instance at 0x7fbc887c4320>,20,14,[3 9],21,50,64,29,50
1,<environment.Job instance at 0x7fbc887d2e10>,25,17,[10  1],26,50,67,24,50
1,<environment.Job instance at 0x7fbc88359f00>,44,14,[5 2],45,64,78,19,64
1,<environment.Job instance at 0x7fbc88a7fbe0>,49,12,[6 3],50,67,79,17,67
1,<environment.Job instance at 0x7fbc88a7ec30>,35,17,[4 6],36,67,84,31,67
1,<environment.Job instance at 0x7fbc87f385a0>,51,15,[9 1],52,79,94,27,79
1,<environment.Job instance at 0x7fbc87fff690>,58,17,[6 4],59,84,101,25,84
1,<environment.Job instance at 0x7fbc88a7eb40>,32,16,[7 3],33,96,112,63,96
1,<environment.Job instance at 0x7fbc887d80a0>,26,17,[8 1],27,101,118,74,101
1,<environment.Job instance at 0x7fbc88044c30>,71,21,[4 7],72,113,134,41,113
1,<environment.Job instance at 0x7fbc88a81050>,63,22,[3 5],64,113,135,49,113
1,<environment.Job instance at 0x7fbc881cf2d0>,46,18,[8 1],47,118,136,71,118
1,<environment.Job instance at 0x7fbc88c6c460>,69,16,[10  1],70,136,152,66,136
1,<environment.Job instance at 0x7fbc879a00a0>,75,21,[ 4 10],76,136,157,60,136
1,<environment.Job instance at 0x7fbc87ffb640>,86,18,[10  3],87,153,171,66,153
1,<environment.Job instance at 0x7fbc87ffb0a0>,87,20,[2 8],88,158,178,70,158
1,<environment.Job instance at 0x7fbc882890a0>,79,18,[10  5],80,171,189,91,171
1,<environment.Job instance at 0x7fbc88e49b90>,93,15,[4 6],94,178,193,84,178
1,<environment.Job instance at 0x7fbc88a64690>,1,20,[5 5],2,2,22,0,2
1,<environment.Job instance at 0x7fbc88cd5460>,3,14,[8 4],4,4,18,0,4
1,<environment.Job instance at 0x7fbc88cd5500>,6,12,[5 1],7,18,30,11,7
1,<environment.Job instance at 0x7fbc88cd58c0>,11,15,[2 5],12,13,28,1,13
1,<environment.Job instance at 0x7fbc88cd5820>,8,18,[10  5],9,28,46,19,19
1,<environment.Job instance at 0x7fbc88cd5b90>,14,12,[8 1],15,46,58,31,29
1,<environment.Job instance at 0x7fbc88cd56e0>,10,28,[13  5],11,58,86,47,57
1,<environment.Job instance at 0x7fbc88a705f0>,1,20,[5 5],2,2,22,0,2
1,<environment.Job instance at 0x7fbc881d5c30>,3,14,[8 4],4,4,18,0,4
1,<environment.Job instance at 0x7fbc884607d0>,11,15,[2 5],12,12,27,0,12
1,<environment.Job instance at 0x7fbc881bbd70>,6,12,[5 1],7,18,30,11,18
1,<environment.Job instance at 0x7fbc88963050>,18,12,[6 5],19,22,34,3,22
1,<environment.Job instance at 0x7fbc881cbf00>,14,12,[8 1],15,30,42,15,30
1,<environment.Job instance at 0x7fbc881dcc80>,28,16,[1 8],29,30,46,1,30
1,<environment.Job instance at 0x7fbc881dc500>,29,15,[9 3],30,42,57,12,42
1,<environment.Job instance at 0x7fbc88464370>,30,15,[4 8],31,46,61,15,46
1,<environment.Job instance at 0x7fbc88460820>,8,18,[10  5],9,57,75,48,57
1,<environment.Job instance at 0x7fbc8791f2d0>,39,13,[5 6],40,61,74,21,61
1,<environment.Job instance at 0x7fbc8791fd20>,42,12,[5 6],43,74,86,31,74
1,<environment.Job instance at 0x7fbc88e45c80>,45,14,[1 8],46,75,89,29,75
1,<environment.Job instance at 0x7fbc88e5faa0>,46,14,[9 1],47,75,89,28,75
1,<environment.Job instance at 0x7fbc88d7cc30>,50,14,[6 2],51,89,103,38,89
1,<environment.Job instance at 0x7fbc88d7c780>,52,15,[1 9],53,90,105,37,90
1,<environment.Job instance at 0x7fbc88a6f230>,21,19,[7 4],22,90,109,68,90
1,<environment.Job instance at 0x7fbc88987230>,55,20,[5 1],56,103,123,47,103
1,<environment.Job instance at 0x7fbc882ad910>,57,12,[2 5],58,105,117,47,105
1,<environment.Job instance at 0x7fbc88464460>,35,15,[2 9],36,110,125,74,110
1,<environment.Job instance at 0x7fbc890a47d0>,59,14,[10  2],60,124,138,64,124
1,<environment.Job instance at 0x7fbc88475050>,27,16,[2 9],28,125,141,97,125
1,<environment.Job instance at 0x7fbc890a4280>,58,14,[10  3],59,138,152,79,138
1,<environment.Job instance at 0x7fbc88351eb0>,76,15,[2 9],77,141,156,64,141
1,<environment.Job instance at 0x7fbc87ffb640>,82,13,[10  5],83,153,166,70,153
1,<environment.Job instance at 0x7fbc87ffb280>,84,12,[3 8],85,156,168,71,156
1,<environment.Job instance at 0x7fbc87ffbe60>,85,16,[8 2],86,166,182,80,166
1,<environment.Job instance at 0x7fbc882890a0>,86,20,[1 5],87,167,187,80,167
1,<environment.Job instance at 0x7fbc88b22960>,87,19,[6 1],88,169,188,81,169
1,<environment.Job instance at 0x7fbc918b6780>,6,15,[7 5],7,7,22,0,7
1,<environment.Job instance at 0x7fbc88a776e0>,2,14,[ 2 14],3,22,36,19,12
1,<environment.Job instance at 0x7fbc889055f0>,9,17,[ 3 14],10,98,115,88,98
1,<environment.Job instance at 0x7fbc918b60f0>,14,24,[11  5],15,115,139,100,110
1,<environment.Job instance at 0x7fbc8805c140>,1,17,[4 8],2,2,19,0,2
1,<environment.Job instance at 0x7fbc88cd53c0>,6,15,[7 5],7,7,22,0,7
1,<environment.Job instance at 0x7fbc88cd5320>,8,14,[2 8],9,19,33,10,19
1,<environment.Job instance at 0x7fbc8834b960>,15,14,[10  1],16,22,36,6,22
1,<environment.Job instance at 0x7fbc891d81e0>,26,16,[1 8],27,33,49,6,33
1,<environment.Job instance at 0x7fbc887d23c0>,32,14,[7 5],33,36,50,3,36
1,<environment.Job instance at 0x7fbc881cffa0>,39,13,[7 2],40,40,53,0,40
1,<environment.Job instance at 0x7fbc882a2230>,42,13,[2 9],43,50,63,7,50
1,<environment.Job instance at 0x7fbc88a7f370>,40,17,[5 3],41,50,67,9,50
1,<environment.Job instance at 0x7fbc8843fd20>,16,15,[6 5],17,63,78,46,63
1,<environment.Job instance at 0x7fbc87fff690>,46,16,[3 6],47,63,79,16,63
1,<environment.Job instance at 0x7fbc882890a0>,56,15,[5 5],57,78,93,21,78
1,<environment.Job instance at 0x7fbc88a7f640>,45,15,[4 8],46,79,94,33,79
1,<environment.Job instance at 0x7fbc88d8e960>,57,16,[3 5],58,93,109,35,93
1,<environment.Job instance at 0x7fbc87ffbe10>,61,14,[6 5],62,94,108,32,94
1,<environment.Job instance at 0x7fbc87ffb280>,62,13,[9 3],63,108,121,45,108
1,<environment.Job instance at 0x7fbc88346780>,13,17,[5 9],14,109,126,95,109
1,<environment.Job instance at 0x7fbc87ffb140>,64,12,[3 5],65,121,133,56,121
1,<environment.Job instance at 0x7fbc87ffbfa0>,66,12,[5 8],67,126,138,59,126
1,<environment.Job instance at 0x7fbc87ffb640>,63,15,[7 4],64,133,148,69,133
1,<environment.Job instance at 0x7fbc87acee60>,71,15,[4 5],72,138,153,66,138
1,<environment.Job instance at 0x7fbc88cfaaf0>,80,16,[9 5],81,148,164,67,148
1,<environment.Job instance at 0x7fbc890a43c0>,84,15,[3 9],85,153,168,68,153
1,<environment.Job instance at 0x7fbc890a4910>,82,17,[8 3],83,164,181,81,164
1,<environment.Job instance at 0x7fbc88d7c370>,86,18,[6 1],87,168,186,81,168
1,<environment.Job instance at 0x7fbc8906dc80>,1,12,[4 5],2,2,14,0,2
1,<environment.Job instance at 0x7fbc87b231e0>,12,13,[1 5],13,14,27,1,14
1,<environment.Job instance at 0x7fbc87b18c30>,11,12,[5 4],12,14,26,2,14
1,<environment.Job instance at 0x7fbc88d0e370>,14,15,[7 3],15,16,31,1,16
1,<environment.Job instance at 0x7fbc87b18aa0>,10,16,[ 2 10],11,27,43,16,16
1,<environment.Job instance at 0x7fbc87b18730>,9,16,[ 2 11],10,43,59,33,32
1,<environment.Job instance at 0x7fbc87b23460>,17,15,[6 1],18,40,55,22,40
1,<environment.Job instance at 0x7fbc87b23280>,13,16,[3 8],14,59,75,45,48
1,<environment.Job instance at 0x7fbc878be320>,19,13,[3 5],20,59,72,39,48
1,<environment.Job instance at 0x7fbc878be730>,18,24,[8 1],19,56,80,37,56
1,<environment.Job instance at 0x7fbc878be500>,21,14,[ 4 11],22,75,89,53,60
1,<environment.Job instance at 0x7fbc878be140>,22,16,[4 6],23,89,105,66,76
1,<environment.Job instance at 0x7fbc878becd0>,23,19,[10  1],24,84,103,60,84
1,<environment.Job instance at 0x7fbc878bee60>,24,14,[ 4 13],25,105,119,80,90
1,<environment.Job instance at 0x7fbc885e7dc0>,4,14,[ 1 10],5,119,133,114,105
1,<environment.Job instance at 0x7fbc878be9b0>,26,12,[ 5 12],27,133,145,106,120
1,<environment.Job instance at 0x7fbc878be820>,27,17,[5 4],28,145,162,117,136
1,<environment.Job instance at 0x7fbc87b234b0>,16,27,[5 6],17,152,179,135,152
1,<environment.Job instance at 0x7fbc878beb40>,29,14,[5 2],30,152,166,122,152
1,<environment.Job instance at 0x7fbc87bf5d70>,30,13,[ 3 13],31,179,192,148,167
1,<environment.Job instance at 0x7fbc878bedc0>,28,26,[11  2],29,179,205,150,176
1,<environment.Job instance at 0x7fbc881d9cd0>,1,12,[4 5],2,2,14,0,2
1,<environment.Job instance at 0x7fbc887c4dc0>,3,14,[9 5],4,4,18,0,4
1,<environment.Job instance at 0x7fbc8805c050>,12,13,[1 5],13,13,26,0,13
1,<environment.Job instance at 0x7fbc88910500>,11,12,[5 4],12,14,26,2,14
1,<environment.Job instance at 0x7fbc8899a4b0>,14,15,[7 3],15,18,33,3,18
1,<environment.Job instance at 0x7fbc8894c690>,19,13,[3 5],20,26,39,6,26
1,<environment.Job instance at 0x7fbc88500dc0>,22,16,[4 6],23,26,42,3,26
1,<environment.Job instance at 0x7fbc8899a640>,17,15,[6 1],18,33,48,15,33
1,<environment.Job instance at 0x7fbc8899a9b0>,13,16,[3 8],14,39,55,25,39
1,<environment.Job instance at 0x7fbc8893af50>,29,14,[5 2],30,42,56,12,42
1,<environment.Job instance at 0x7fbc88ca3960>,27,17,[5 4],28,48,65,20,48
1,<environment.Job instance at 0x7fbc88e4bb90>,38,12,[1 7],39,55,67,16,55
1,<environment.Job instance at 0x7fbc88e4b2d0>,36,16,[1 7],37,65,81,28,65
1,<environment.Job instance at 0x7fbc89254280>,53,14,[7 3],54,67,81,13,67
1,<environment.Job instance at 0x7fbc8834cd20>,4,14,[ 1 10],5,81,95,76,81
1,<environment.Job instance at 0x7fbc887f9500>,66,15,[6 1],67,81,96,14,81
1,<environment.Job instance at 0x7fbc8805c0a0>,10,16,[ 2 10],11,95,111,84,95
1,<environment.Job instance at 0x7fbc887f9050>,67,13,[10  2],68,96,109,28,96
1,<environment.Job instance at 0x7fbc89205e10>,71,17,[2 5],72,109,126,37,109
1,<environment.Job instance at 0x7fbc892546e0>,54,16,[2 9],55,111,127,56,111
1,<environment.Job instance at 0x7fbc89205aa0>,80,17,[4 6],81,126,143,45,126
1,<environment.Job instance at 0x7fbc879fee60>,92,15,[9 1],93,127,142,34,127
1,<environment.Job instance at 0x7fbc879fe370>,95,14,[4 7],96,142,156,46,142
1,<environment.Job instance at 0x7fbc879feaa0>,87,16,[8 4],88,143,159,55,143
1,<environment.Job instance at 0x7fbc87e4e140>,97,17,[3 9],98,156,173,58,156
1,<environment.Job instance at 0x7fbc87e4ee60>,98,12,[5 5],99,159,171,60,159
1,<environment.Job instance at 0x7fbc879fe320>,96,16,[10  5],97,171,187,74,171
1,<environment.Job instance at 0x7fbc87e4e7d0>,102,15,[2 6],103,173,188,70,173
1,<environment.Job instance at 0x7fbc88be75a0>,2,18,[5 5],3,3,21,0,3
1,<environment.Job instance at 0x7fbc87d8e0f0>,3,23,[5 3],4,4,27,0,4
1,<environment.Job instance at 0x7fbc88beb2d0>,5,23,[2 7],6,6,29,0,6
1,<environment.Job instance at 0x7fbc87cdeb40>,8,14,[7 5],9,21,35,12,9
1,<environment.Job instance at 0x7fbc87cdea00>,15,14,[ 1 10],16,29,43,13,19
1,<environment.Job instance at 0x7fbc87cde320>,14,15,[5 5],15,35,50,20,21
1,<environment.Job instance at 0x7fbc87cdedc0>,16,15,[3 5],17,43,58,26,31
1,<environment.Job instance at 0x7fbc87cdb5a0>,18,18,[3 5],19,43,61,24,34
1,<environment.Job instance at 0x7fbc87f711e0>,10,15,[11  5],11,58,73,47,44
1,<environment.Job instance at 0x7fbc87cde4b0>,12,18,[ 2 13],13,73,91,60,62
1,<environment.Job instance at 0x7fbc88df95f0>,21,15,[2 9],22,91,106,69,77
1,<environment.Job instance at 0x7fbc91c0e730>,22,17,[1 9],23,106,123,83,94
1,<environment.Job instance at 0x7fbc87cdb8c0>,20,20,[12  4],21,95,115,74,95
1,<environment.Job instance at 0x7fbc889fb280>,24,18,[14  3],25,115,133,90,108
1,<environment.Job instance at 0x7fbc89059550>,25,16,[ 4 14],26,133,149,107,122
1,<environment.Job instance at 0x7fbc87cdb0f0>,26,22,[10  5],27,149,171,122,144
1,<environment.Job instance at 0x7fbc87cdb4b0>,19,27,[4 9],20,149,176,129,147
1,<environment.Job instance at 0x7fbc88fdabe0>,27,14,[ 1 11],28,176,190,148,166
1,<environment.Job instance at 0x7fbc88fdadc0>,29,24,[14  3],30,176,200,146,171
1,<environment.Job instance at 0x7fbc88ad0780>,1,19,[3 7],2,2,21,0,2
1,<environment.Job instance at 0x7fbc88ad05f0>,2,18,[5 5],3,3,21,0,3
1,<environment.Job instance at 0x7fbc892d7050>,15,14,[ 1 10],16,21,35,5,21
1,<environment.Job instance at 0x7fbc892d75a0>,8,14,[7 5],9,21,35,12,21
1,<environment.Job instance at 0x7fbc88e3af50>,21,15,[2 9],22,35,50,13,35
1,<environment.Job instance at 0x7fbc88e3a2d0>,16,15,[3 5],17,35,50,18,35
1,<environment.Job instance at 0x7fbc892d7fa0>,14,15,[5 5],15,50,65,35,50
1,<environment.Job instance at 0x7fbc8887d460>,46,14,[5 1],47,50,64,3,50
1,<environment.Job instance at 0x7fbc88e3a640>,22,17,[1 9],23,50,67,27,50
1,<environment.Job instance at 0x7fbc8887d5f0>,43,17,[5 4],44,65,82,21,65
1,<environment.Job instance at 0x7fbc89093140>,51,12,[2 7],52,67,79,15,67
1,<environment.Job instance at 0x7fbc8812b500>,56,15,[8 2],57,67,82,10,67
1,<environment.Job instance at 0x7fbc88066320>,37,18,[1 6],38,79,97,41,79
1,<environment.Job instance at 0x7fbc87e4e9b0>,66,15,[9 1],67,82,97,15,82
1,<environment.Job instance at 0x7fbc89093af0>,54,15,[3 8],55,82,97,27,82
1,<environment.Job instance at 0x7fbc87e4e0a0>,71,15,[ 5 10],72,97,112,25,97
1,<environment.Job instance at 0x7fbc87e4e500>,68,17,[5 4],69,97,114,28,97
1,<environment.Job instance at 0x7fbc879fee10>,75,15,[5 6],76,112,127,36,112
1,<environment.Job instance at 0x7fbc88e3a500>,18,18,[3 5],19,112,130,93,112
1,<environment.Job instance at 0x7fbc879fe5a0>,83,14,[6 3],84,114,128,30,114
1,<environment.Job instance at 0x7fbc89205460>,88,16,[1 9],89,128,144,39,128
1,<environment.Job instance at 0x7fbc879fe2d0>,81,17,[6 1],82,128,145,46,128
1,<environment.Job instance at 0x7fbc89205960>,90,12,[6 5],91,130,142,39,130
1,<environment.Job instance at 0x7fbc87e4ee10>,65,18,[6 5],66,142,160,76,142
1,<environment.Job instance at 0x7fbc89205d70>,89,16,[1 7],90,144,160,54,144
1,<environment.Job instance at 0x7fbc892054b0>,98,17,[1 6],99,161,178,62,161
1,<environment.Job instance at 0x7fbc879fe230>,85,19,[1 5],86,162,181,76,162
1,<environment.Job instance at 0x7fbc89254690>,114,20,[5 3],115,162,182,47,162
1,<environment.Job instance at 0x7fbc89254280>,115,16,[4 7],116,179,195,63,179
1,<environment.Job instance at 0x7f73fd8d4730>,1,15,[5 2],2,2,17,0,2
1,<environment.Job instance at 0x7f73f428ac80>,5,18,[7 5],6,6,24,0,6
1,<environment.Job instance at 0x7f73f428aeb0>,7,12,[7 2],8,17,29,9,8
1,<environment.Job instance at 0x7f73f428ae10>,9,17,[8 1],10,24,41,14,13
1,<environment.Job instance at 0x7f73f428f190>,11,14,[10  4],12,41,55,29,26
1,<environment.Job instance at 0x7f73fd8d48c0>,10,14,[ 1 14],11,55,69,44,46
1,<environment.Job instance at 0x7f73f428f410>,16,19,[ 3 12],17,72,91,55,72
1,<environment.Job instance at 0x7f73f443b6e0>,1,15,[5 2],2,2,17,0,2
1,<environment.Job instance at 0x7f73f4282d70>,5,18,[7 5],6,6,24,0,6
1,<environment.Job instance at 0x7f73f42826e0>,7,12,[7 2],8,17,29,9,17
1,<environment.Job instance at 0x7f73f4282190>,9,17,[8 1],10,24,41,14,24
1,<environment.Job instance at 0x7f73f4359280>,18,18,[3 6],19,29,47,10,29
1,<environment.Job instance at 0x7f73f449de60>,12,22,[4 6],13,29,51,16,29
1,<environment.Job instance at 0x7f73f43b5730>,30,15,[8 2],31,41,56,10,41
1,<environment.Job instance at 0x7f73f43b5500>,31,13,[4 5],32,51,64,19,51
1,<environment.Job instance at 0x7f73f434c0f0>,39,13,[5 4],40,56,69,16,56
1,<environment.Job instance at 0x7f73f42825f0>,11,14,[10  4],12,64,78,52,64
1,<environment.Job instance at 0x7f73f434c550>,44,14,[8 4],45,78,92,33,78
1,<environment.Job instance at 0x7f73f434c5f0>,43,14,[6 1],44,78,92,34,78
1,<environment.Job instance at 0x7f73f44a9c30>,33,16,[9 3],34,93,109,59,93
1,<environment.Job instance at 0x7f73f431d1e0>,55,15,[6 2],56,93,108,37,93
1,<environment.Job instance at 0x7f73f434c230>,47,16,[6 2],48,108,124,60,108
1,<environment.Job instance at 0x7f73f43af2d0>,23,18,[7 4],24,110,128,86,110
1,<environment.Job instance at 0x7f73f4396cd0>,61,14,[ 2 10],62,124,138,62,124
1,<environment.Job instance at 0x7f73f431d3c0>,56,13,[10  1],57,128,141,71,128
1,<environment.Job instance at 0x7f73f43aa910>,66,12,[6 1],67,141,153,74,141
1,<environment.Job instance at 0x7f73f43aa640>,67,13,[3 5],68,142,155,74,142
1,<environment.Job instance at 0x7f73f4347460>,70,22,[5 6],71,142,164,71,142
1,<environment.Job instance at 0x7f73f4347140>,71,13,[7 2],72,153,166,81,153
1,<environment.Job instance at 0x7f73f4347640>,72,18,[5 5],73,164,182,91,164
1,<environment.Job instance at 0x7f73f43476e0>,74,14,[9 1],75,167,181,92,167
1,<environment.Job instance at 0x7f73f4347820>,76,18,[ 2 10],77,181,199,104,181
1,<environment.Job instance at 0x7f73f4347500>,78,13,[1 5],79,182,195,103,182
1,<environment.Job instance at 0x7f73f39d73c0>,2,15,[ 3 11],3,10,25,7,10
1,<environment.Job instance at 0x7f73f3ac62d0>,22,25,[13  2],23,25,50,2,24
1,<environment.Job instance at 0x7f73f42a6140>,8,17,[10  5],9,9,26,0,9
1,<environment.Job instance at 0x7f73f3aadf50>,24,17,[2 9],25,25,42,0,25
1,<environment.Job instance at 0x7f73f3ab7c80>,18,17,[10  2],19,26,43,7,26
1,<environment.Job instance at 0x7f73f3a3ce60>,30,12,[5 9],31,42,54,11,42
1,<environment.Job instance at 0x7f73f3a3c370>,26,17,[10  4],27,43,60,16,43
1,<environment.Job instance at 0x7f73f3a3c460>,31,14,[2 9],32,54,68,22,54
1,<environment.Job instance at 0x7f73f3a39370>,37,15,[5 6],38,60,75,22,60
1,<environment.Job instance at 0x7f73f3a39460>,33,15,[5 9],34,68,83,34,68
1,<environment.Job instance at 0x7f73f3a45320>,60,17,[2 6],61,75,92,14,75
1,<environment.Job instance at 0x7f73f3a3c230>,29,17,[2 8],30,84,101,54,84
1,<environment.Job instance at 0x7f73f3a5b640>,68,17,[1 7],69,92,109,23,92
1,<environment.Job instance at 0x7f73f3a570f0>,70,12,[6 2],71,101,113,30,101
1,<environment.Job instance at 0x7f73f3a4ce10>,62,17,[8 5],63,101,118,38,101
1,<environment.Job instance at 0x7f73f3a57be0>,74,12,[1 8],75,109,121,34,109
1,<environment.Job instance at 0x7f73f3cd8140>,78,13,[3 5],79,118,131,39,118
1,<environment.Job instance at 0x7f73f3a62cd0>,81,22,[6 1],82,119,141,37,119
1,<environment.Job instance at 0x7f73f3a62d20>,82,14,[3 5],83,122,136,39,122
1,<environment.Job instance at 0x7f73f3c36780>,83,21,[5 1],84,132,153,48,132
1,<environment.Job instance at 0x7f73f3a5e2d0>,75,22,[3 8],76,136,158,60,136
1,<environment.Job instance at 0x7f73f3c37820>,85,20,[5 5],86,142,162,56,142
1,<environment.Job instance at 0x7f73f3a9cd70>,40,15,[ 5 10],41,159,174,118,159
1,<environment.Job instance at 0x7f73f3aa79b0>,53,18,[8 5],54,162,180,108,162
1,<environment.Job instance at 0x7f73f3a54820>,99,16,[7 2],100,174,190,74,174
1,<environment.Job instance at 0x7f73f3c37730>,86,18,[4 9],87,181,199,94,181
1,<environment.Job instance at 0x7f73f391ecd0>,0,14,[3 6],1,1,15,0,1
1,<environment.Job instance at 0x7f73f3841190>,3,21,[8 2],4,4,25,0,4
1,<environment.Job instance at 0x7f73f3a7c190>,0,14,[3 6],1,1,15,0,1
1,<environment.Job instance at 0x7f73f3af6dc0>,3,21,[8 2],4,4,25,0,4
1,<environment.Job instance at 0x7f73f3886550>,11,16,[4 8],12,15,31,3,15
1,<environment.Job instance at 0x7f73f391ed20>,5,12,[9 3],6,25,37,19,25
1,<environment.Job instance at 0x7f73f3886460>,16,12,[5 4],17,31,43,14,31
1,<environment.Job instance at 0x7f73f38819b0>,23,12,[ 1 10],24,37,49,13,37
1,<environment.Job instance at 0x7f73f391ef50>,12,12,[9 1],13,37,49,24,37
1,<environment.Job instance at 0x7f73f3881910>,25,14,[9 5],26,49,63,23,49
1,<environment.Job instance at 0x7f73f3881140>,30,16,[ 1 10],31,49,65,18,49
1,<environment.Job instance at 0x7f73f38865f0>,14,22,[7 4],15,63,85,48,63
1,<environment.Job instance at 0x7f73f387b910>,58,13,[7 1],59,65,78,6,65
1,<environment.Job instance at 0x7f73f387bc30>,54,15,[6 4],55,78,93,23,78
1,<environment.Job instance at 0x7f73f387b780>,59,16,[2 6],60,78,94,18,78
1,<environment.Job instance at 0x7f73f38ec640>,71,16,[1 8],72,93,109,21,93
1,<environment.Job instance at 0x7f73f38ce8c0>,68,17,[9 1],69,93,110,24,93
1,<environment.Job instance at 0x7f73f38ec0a0>,74,12,[3 5],75,94,106,19,94
1,<environment.Job instance at 0x7f73f3881f50>,20,17,[2 6],21,106,123,85,106
1,<environment.Job instance at 0x7f73f3881b40>,28,17,[2 8],29,109,126,80,109
1,<environment.Job instance at 0x7f73f3934dc0>,85,14,[3 6],86,123,137,37,123
1,<environment.Job instance at 0x7f73f3934be0>,88,13,[1 9],89,126,139,37,126
1,<environment.Job instance at 0x7f73f3934d20>,89,16,[2 5],90,138,154,48,138
1,<environment.Job instance at 0x7f73f38cc550>,99,12,[2 9],100,139,151,39,139
1,<environment.Job instance at 0x7f73f38cc280>,100,14,[8 1],101,139,153,38,139
1,<environment.Job instance at 0x7f73f38cfd20>,93,14,[1 9],94,151,165,57,151
1,<environment.Job instance at 0x7f73f38ba410>,107,12,[1 6],108,154,166,46,154
1,<environment.Job instance at 0x7f73f38ec690>,75,14,[5 8],76,165,179,89,165
1,<environment.Job instance at 0x7f73f38bab40>,109,16,[7 3],110,166,182,56,166
1,<environment.Job instance at 0x7f73f38ba2d0>,115,14,[8 2],116,179,193,63,179
1,<environment.Job instance at 0x7f73f399c550>,0,21,[5 1],1,1,22,0,1
1,<environment.Job instance at 0x7f73f3f0f0f0>,10,12,[8 2],11,13,25,2,13
1,<environment.Job instance at 0x7f73f3f0f5f0>,12,15,[13  1],13,25,40,12,14
1,<environment.Job instance at 0x7f73f3f0ff50>,11,28,[ 1 12],12,21,49,9,21
1,<environment.Job instance at 0x7f73f3f0f690>,15,12,[ 4 13],16,49,61,33,35
1,<environment.Job instance at 0x7f73f3f0f190>,13,20,[ 5 12],14,61,81,47,52
1,<environment.Job instance at 0x7f73f46d15a0>,16,24,[5 3],17,61,85,44,56
1,<environment.Job instance at 0x7f73f46d1b90>,18,18,[1 5],19,81,99,62,72
1,<environment.Job instance at 0x7f73f46d15f0>,17,19,[5 7],18,81,100,63,73
1,<environment.Job instance at 0x7f73f46d1c80>,20,22,[7 1],21,85,107,64,81
1,<environment.Job instance at 0x7f73f46d1af0>,21,17,[7 4],22,100,117,78,89
1,<environment.Job instance at 0x7f73f46d1780>,14,16,[5 5],15,107,123,92,99
1,<environment.Job instance at 0x7f73f46d1d20>,23,12,[4 8],24,117,129,93,101
1,<environment.Job instance at 0x7f73f46d1be0>,22,20,[11  3],23,123,143,100,118
1,<environment.Job instance at 0x7f73f46d12d0>,27,25,[9 1],28,148,173,120,148
1,<environment.Job instance at 0x7f73f46d1500>,28,23,[3 8],29,171,194,142,171
1,<environment.Job instance at 0x7f73f399c230>,0,21,[5 1],1,1,22,0,1
1,<environment.Job instance at 0x7f73f399c280>,2,14,[9 5],3,3,17,0,3
1,<environment.Job instance at 0x7f73f399cf00>,10,12,[8 2],11,17,29,6,17
1,<environment.Job instance at 0x7f73f3881be0>,18,18,[1 5],19,19,37,0,19
1,<environment.Job instance at 0x7f73f3881050>,14,16,[5 5],15,22,38,7,22
1,<environment.Job instance at 0x7f73f3881820>,24,12,[8 2],25,29,41,4,29
1,<environment.Job instance at 0x7f73f3881d70>,23,12,[4 8],24,38,50,14,38
1,<environment.Job instance at 0x7f73f3881f00>,29,12,[5 5],30,41,53,11,41
1,<environment.Job instance at 0x7f73f39790f0>,32,14,[4 9],33,50,64,17,50
1,<environment.Job instance at 0x7f73f3881370>,21,17,[7 4],22,53,70,31,53
1,<environment.Job instance at 0x7f73f3979960>,35,12,[4 8],36,64,76,28,64
1,<environment.Job instance at 0x7f73f3979820>,45,16,[5 5],46,70,86,24,70
1,<environment.Job instance at 0x7f73f4718f50>,48,13,[8 5],49,76,89,27,76
1,<environment.Job instance at 0x7f73f43471e0>,49,13,[3 9],50,86,99,36,86
1,<environment.Job instance at 0x7f73f4310f50>,51,16,[6 5],52,89,105,37,89
1,<environment.Job instance at 0x7f73f4315d70>,55,12,[1 9],56,99,111,43,99
1,<environment.Job instance at 0x7f73f3881190>,20,22,[7 1],21,99,121,78,99
1,<environment.Job instance at 0x7f73f46d17d0>,47,17,[4 5],48,105,122,57,105
1,<environment.Job instance at 0x7f73f39795a0>,31,17,[2 7],32,111,128,79,111
1,<environment.Job instance at 0x7f73f387dfa0>,61,13,[6 1],62,121,134,59,121
1,<environment.Job instance at 0x7f73f3881cd0>,17,19,[5 7],18,122,141,104,122
1,<environment.Job instance at 0x7f73f387d280>,62,13,[1 8],63,134,147,71,134
1,<environment.Job instance at 0x7f73f387deb0>,66,15,[6 1],67,141,156,74,141
1,<environment.Job instance at 0x7f73f387d5f0>,68,14,[6 5],69,141,155,72,141
1,<environment.Job instance at 0x7f73f387d460>,70,12,[1 5],71,156,168,85,156
1,<environment.Job instance at 0x7f73f387de60>,65,13,[ 5 10],66,156,169,90,156
1,<environment.Job instance at 0x7f73f3f0f820>,81,15,[10  1],82,169,184,87,169
1,<environment.Job instance at 0x7f73f46a4be0>,58,15,[ 5 10],59,169,184,110,169
1,<environment.Job instance at 0x7f73f458ea00>,90,13,[5 8],91,184,197,93,184
1,<environment.Job instance at 0x7f73f4561550>,97,13,[7 5],98,184,197,86,184
1,<environment.Job instance at 0x7f73f4939b90>,0,22,[2 7],1,1,23,0,1
1,<environment.Job instance at 0x7f73f4113b40>,10,13,[3 5],11,11,24,0,11
1,<environment.Job instance at 0x7f73f399c140>,4,15,[5 8],5,23,38,18,17
1,<environment.Job instance at 0x7f73f4093910>,18,19,[ 1 14],19,38,57,19,28
1,<environment.Job instance at 0x7f73f4093a50>,14,19,[ 4 11],15,57,76,42,47
1,<environment.Job instance at 0x7f73f4080cd0>,15,24,[9 5],16,76,100,60,71
1,<environment.Job instance at 0x7f73f4093780>,21,27,[5 5],22,106,133,84,106
1,<environment.Job instance at 0x7f73f43f61e0>,0,22,[2 7],1,1,23,0,1
1,<environment.Job instance at 0x7f73f4287e60>,1,22,[8 1],2,2,24,0,2
1,<environment.Job instance at 0x7f73f40d6960>,10,13,[3 5],11,11,24,0,11
1,<environment.Job instance at 0x7f73f4345b90>,5,15,[4 9],6,23,38,17,23
1,<environment.Job instance at 0x7f73f4733d70>,7,12,[9 1],8,24,36,16,24
1,<environment.Job instance at 0x7f73f43e05f0>,27,18,[9 1],28,36,54,8,36
1,<environment.Job instance at 0x7f73f4287f00>,4,15,[5 8],5,38,53,33,38
1,<environment.Job instance at 0x7f73f42c2730>,38,13,[5 3],39,53,66,14,53
1,<environment.Job instance at 0x7f73f44017d0>,45,14,[4 7],46,54,68,8,54
1,<environment.Job instance at 0x7f73f42c25f0>,32,19,[5 3],33,54,73,21,54
1,<environment.Job instance at 0x7f73f4401f50>,48,14,[ 2 10],49,68,82,19,68
1,<environment.Job instance at 0x7f73f42c2b40>,37,14,[8 2],38,68,82,30,68
1,<environment.Job instance at 0x7f73f4401320>,46,16,[9 4],47,82,98,35,82
1,<environment.Job instance at 0x7f73f4850730>,52,16,[5 5],53,82,98,29,82
1,<environment.Job instance at 0x7f73f42bb870>,56,18,[1 5],57,82,100,25,82
1,<environment.Job instance at 0x7f73f4914d70>,64,13,[5 5],65,98,111,33,98
1,<environment.Job instance at 0x7f73f49148c0>,66,16,[8 3],67,98,114,31,98
1,<environment.Job instance at 0x7f73fd460370>,50,16,[ 3 10],51,111,127,60,111
1,<environment.Job instance at 0x7f73fd460280>,51,18,[5 5],52,114,132,62,114
1,<environment.Job instance at 0x7f73f43598c0>,77,14,[5 1],78,127,141,49,127
1,<environment.Job instance at 0x7f73f431e820>,73,18,[5 5],74,127,145,53,127
1,<environment.Job instance at 0x7f73f437c960>,83,12,[7 1],84,141,153,57,141
1,<environment.Job instance at 0x7f73f436d6e0>,87,15,[6 2],88,145,160,57,145
1,<environment.Job instance at 0x7f73f4561550>,82,14,[9 1],83,153,167,70,153
1,<environment.Job instance at 0x7f73f458e410>,91,17,[3 5],92,160,177,68,160
1,<environment.Job instance at 0x7f73f458efa0>,93,14,[6 1],94,167,181,73,167
1,<environment.Job instance at 0x7f73f6e86280>,97,13,[9 5],98,177,190,79,177
1,<environment.Job instance at 0x7f73f3f0ff00>,98,16,[3 6],99,181,197,82,181
1,<environment.Job instance at 0x7f73f3f90d20>,4,19,[2 9],5,5,24,0,5
1,<environment.Job instance at 0x7f73f3f905f0>,5,19,[7 3],6,6,25,0,6
1,<environment.Job instance at 0x7f73f3f90140>,11,14,[ 4 10],12,24,38,12,12
1,<environment.Job instance at 0x7f73f3f90e10>,14,16,[ 1 12],15,38,54,23,26
1,<environment.Job instance at 0x7f73f3ef75f0>,25,16,[1 7],26,54,70,28,41
1,<environment.Job instance at 0x7f73f3ef7820>,24,21,[14  2],25,51,72,26,51
1,<environment.Job instance at 0x7f73f3ef70a0>,21,28,[8 2],22,72,100,50,71
1,<environment.Job instance at 0x7f73f3ef7870>,27,20,[11  1],28,100,120,72,98
1,<environment.Job instance at 0x7f73f3f90e60>,16,20,[ 1 13],17,98,118,81,98
1,<environment.Job instance at 0x7f73f3ef7c80>,28,22,[ 5 12],29,122,144,93,122
1,<environment.Job instance at 0x7f73f3ef71e0>,30,27,[ 2 13],31,144,171,113,143
1,<environment.Job instance at 0x7f73f3ef7aa0>,31,17,[11  4],32,171,188,139,165
1,<environment.Job instance at 0x7f73f3ef7e60>,26,21,[14  4],27,188,209,161,187
1,<environment.Job instance at 0x7f73f3ec70a0>,4,19,[2 9],5,5,24,0,5
1,<environment.Job instance at 0x7f73f409d500>,5,19,[7 3],6,6,25,0,6
1,<environment.Job instance at 0x7f73f431e820>,11,14,[ 4 10],12,24,38,12,24
1,<environment.Job instance at 0x7f73f431e690>,12,15,[4 8],13,38,53,25,38
1,<environment.Job instance at 0x7f73f4d33870>,34,15,[2 5],35,38,53,3,38
1,<environment.Job instance at 0x7f73f440f190>,25,16,[1 7],26,53,69,27,53
1,<environment.Job instance at 0x7f73f46c30a0>,7,18,[2 7],8,53,71,45,53
1,<environment.Job instance at 0x7f73f3829a00>,39,15,[7 1],40,53,68,13,53
1,<environment.Job instance at 0x7f73f3f93820>,40,17,[2 6],41,69,86,28,69
1,<environment.Job instance at 0x7f73f4485be0>,52,18,[10  2],53,71,89,18,71
1,<environment.Job instance at 0x7f73f4597910>,62,15,[4 5],63,86,101,23,86
1,<environment.Job instance at 0x7f73f4541140>,57,17,[2 6],58,89,106,31,89
1,<environment.Job instance at 0x7f73f4597960>,64,17,[3 5],65,101,118,36,101
1,<environment.Job instance at 0x7f73f3c57eb0>,70,15,[7 4],71,101,116,30,101
1,<environment.Job instance at 0x7f73f4665370>,76,15,[5 5],77,116,131,39,116
1,<environment.Job instance at 0x7f73f4238780>,77,16,[ 2 10],78,118,134,40,118
1,<environment.Job instance at 0x7f73f44fd320>,81,17,[2 5],82,131,148,49,131
1,<environment.Job instance at 0x7f73f40d65f0>,17,17,[ 1 10],18,135,152,117,135
1,<environment.Job instance at 0x7f73f44f9d70>,87,12,[10  1],88,148,160,60,148
1,<environment.Job instance at 0x7f73f4665b90>,80,18,[5 9],81,152,170,71,152
1,<environment.Job instance at 0x7f73f44f9c80>,90,12,[10  1],91,160,172,69,160
1,<environment.Job instance at 0x7f73f4a61eb0>,95,12,[ 1 10],96,170,182,74,170
1,<environment.Job instance at 0x7f73f3fed730>,98,17,[2 5],99,172,189,73,172
1,<environment.Job instance at 0x7f73f44f9550>,91,17,[1 9],92,182,199,90,182
1,<environment.Job instance at 0x7f73f3fed820>,99,17,[3 6],100,189,206,89,189
1,<environment.Job instance at 0x7f73f3f3cdc0>,7,16,[1 8],8,9,25,1,9
1,<environment.Job instance at 0x7f73f3f3cb40>,5,16,[13  3],6,10,26,4,10
1,<environment.Job instance at 0x7f73f3f59c80>,10,13,[9 3],11,26,39,15,11
1,<environment.Job instance at 0x7f73f46ebd20>,6,12,[8 4],7,39,51,32,22
1,<environment.Job instance at 0x7f73f3e92c30>,14,24,[2 5],15,25,49,10,24
1,<environment.Job instance at 0x7f73f3e92b40>,15,17,[5 3],16,39,56,23,28
1,<environment.Job instance at 0x7f73f3f59050>,9,26,[ 2 14],10,61,87,51,61
1,<environment.Job instance at 0x7f73f3f581e0>,18,26,[8 2],19,87,113,68,85
1,<environment.Job instance at 0x7f73f3f580f0>,19,26,[5 7],20,87,113,67,87
1,<environment.Job instance at 0x7f73f382e280>,6,12,[8 4],7,7,19,0,7
1,<environment.Job instance at 0x7f73f43e9370>,7,16,[1 8],8,8,24,0,8
1,<environment.Job instance at 0x7f73f3831280>,15,17,[5 3],16,16,33,0,16
1,<environment.Job instance at 0x7f73f3831460>,10,13,[9 3],11,19,32,8,19
1,<environment.Job instance at 0x7f73f4493dc0>,22,12,[1 7],23,32,44,9,32
1,<environment.Job instance at 0x7f73f453f050>,16,12,[2 7],17,33,45,16,33
1,<environment.Job instance at 0x7f73f450ef00>,24,13,[10  1],25,33,46,8,33
1,<environment.Job instance at 0x7f73f450efa0>,23,15,[2 6],24,44,59,20,44
1,<environment.Job instance at 0x7f73f447c500>,25,18,[1 7],26,45,63,19,45
1,<environment.Job instance at 0x7f73fd7cc7d0>,20,13,[4 6],21,59,72,38,59
1,<environment.Job instance at 0x7f73f4238780>,41,12,[10  4],42,63,75,21,63
1,<environment.Job instance at 0x7f73f3fed870>,34,14,[ 2 10],35,72,86,37,72
1,<environment.Job instance at 0x7f73f4a61910>,40,14,[9 1],41,75,89,34,75
1,<environment.Job instance at 0x7f73f4597910>,45,15,[ 1 10],46,86,101,40,86
1,<environment.Job instance at 0x7f73f44fd320>,46,17,[5 1],47,86,103,39,86
1,<environment.Job instance at 0x7f73f45975a0>,51,13,[9 2],52,89,102,37,89
1,<environment.Job instance at 0x7f73f43a4730>,58,12,[1 6],59,101,113,42,101
1,<environment.Job instance at 0x7f73f4541690>,52,12,[4 7],53,102,114,49,102
1,<environment.Job instance at 0x7f73f3a49af0>,68,14,[5 7],69,113,127,44,113
1,<environment.Job instance at 0x7f73f4541640>,56,14,[4 8],57,114,128,57,114
1,<environment.Job instance at 0x7f73f43a4b40>,60,14,[8 4],61,127,141,66,127
1,<environment.Job instance at 0x7f73f4e60a00>,33,18,[7 4],34,128,146,94,128
1,<environment.Job instance at 0x7f73f4490280>,91,17,[7 3],92,141,158,49,141
1,<environment.Job instance at 0x7f73f4490e10>,86,18,[1 6],87,141,159,54,141
1,<environment.Job instance at 0x7f73f4705fa0>,97,15,[6 1],98,146,161,48,146
1,<environment.Job instance at 0x7f73f40b4b90>,106,16,[9 2],107,160,176,53,160
1,<environment.Job instance at 0x7f73f3cde820>,117,18,[5 5],118,161,179,43,161
1,<environment.Job instance at 0x7f73f3cde460>,113,20,[1 5],114,161,181,47,161
1,<environment.Job instance at 0x7f73f4507460>,26,16,[9 3],27,176,192,149,176
1,<environment.Job instance at 0x7f73f42d3410>,2,20,[5 3],3,3,23,0,3
1,<environment.Job instance at 0x7f73f42d3500>,8,13,[14  2],9,23,36,14,16
1,<environment.Job instance at 0x7f73f42d3f50>,11,16,[4 6],12,50,66,38,50
1,<environment.Job instance at 0x7f73f42d3a50>,15,15,[11  2],16,80,95,64,80
1,<environment.Job instance at 0x7f73f42d3c30>,16,16,[ 4 14],17,95,111,78,94
1,<environment.Job instance at 0x7f73f42d3af0>,12,15,[5 1],13,95,110,82,95
1,<environment.Job instance at 0x7f73f42d3e10>,13,26,[13  5],14,111,137,97,108
1,<environment.Job instance at 0x7f73f3be5b40>,19,20,[ 2 11],20,137,157,117,129
1,<environment.Job instance at 0x7f73f42d30f0>,10,24,[8 2],11,137,161,126,137
1,<environment.Job instance at 0x7f73f3be5d20>,20,15,[ 1 13],21,157,172,136,143
1,<environment.Job instance at 0x7f73f3be5640>,21,16,[ 3 12],22,172,188,150,159
1,<environment.Job instance at 0x7f73f3be5910>,22,15,[3 7],23,188,203,165,174
1,<environment.Job instance at 0x7f73f3be51e0>,24,24,[5 6],25,188,212,163,183
1,<environment.Job instance at 0x7f73f3f301e0>,2,20,[5 3],3,3,23,0,3
1,<environment.Job instance at 0x7f73f472a910>,7,20,[8 1],8,8,28,0,8
1,<environment.Job instance at 0x7f73f3ae9a50>,12,15,[5 1],13,23,38,10,23
1,<environment.Job instance at 0x7f73f4a61500>,22,15,[3 7],23,28,43,5,28
1,<environment.Job instance at 0x7f73f3ff7690>,11,16,[4 6],12,28,44,16,28
1,<environment.Job instance at 0x7f73f4d333c0>,41,13,[10  3],42,43,56,1,43
1,<environment.Job instance at 0x7f73f46700a0>,25,19,[2 5],26,44,63,18,44
1,<environment.Job instance at 0x7f73f4d33f50>,44,14,[3 7],45,45,59,0,45
1,<environment.Job instance at 0x7f73f3b458c0>,37,16,[9 1],38,56,72,18,56
1,<environment.Job instance at 0x7f73f3c66550>,52,18,[3 5],53,59,77,6,59
1,<environment.Job instance at 0x7f73f408ac30>,34,22,[1 8],35,63,85,28,63
1,<environment.Job instance at 0x7f73f447c410>,27,16,[8 4],28,77,93,49,77
1,<environment.Job instance at 0x7f73f498ea00>,57,12,[ 1 10],58,85,97,27,85
1,<environment.Job instance at 0x7f73f4d2ca00>,68,17,[1 5],69,93,110,24,93
1,<environment.Job instance at 0x7f73f4a6ad70>,62,13,[3 9],63,97,110,34,97
1,<environment.Job instance at 0x7f73f46d10a0>,73,18,[7 1],74,97,115,23,97
1,<environment.Job instance at 0x7f73f46d1d20>,79,13,[5 8],80,111,124,31,111
1,<environment.Job instance at 0x7f73f45eeb40>,54,18,[5 6],55,116,134,61,116
1,<environment.Job instance at 0x7f73f4d2c550>,71,18,[1 9],72,125,143,53,125
1,<environment.Job instance at 0x7f73f3fff460>,90,12,[7 2],91,134,146,43,134
1,<environment.Job instance at 0x7f73f3fff320>,91,20,[6 1],92,135,155,43,135
1,<environment.Job instance at 0x7f73f3fffa00>,88,19,[2 5],89,143,162,54,143
1,<environment.Job instance at 0x7f73f40ee5a0>,99,17,[5 4],100,147,164,47,147
1,<environment.Job instance at 0x7f73f4a5e5a0>,75,21,[5 5],76,155,176,79,155
1,<environment.Job instance at 0x7f73f4b7abe0>,86,22,[4 5],87,162,184,75,162
1,<environment.Job instance at 0x7f73f3ec8a00>,104,13,[6 5],105,164,177,59,164
1,<environment.Job instance at 0x7f73f498e5f0>,56,15,[ 4 10],57,180,195,123,180
1,<environment.Job instance at 0x7f73f4cdcb90>,109,15,[9 4],110,184,199,74,184
1,<environment.Job instance at 0x7f73f469ec30>,1,23,[ 1 13],2,10,33,8,10
1,<environment.Job instance at 0x7f73f366f550>,7,20,[6 5],8,33,53,25,30
1,<environment.Job instance at 0x7f73f366fc30>,13,16,[2 8],14,42,58,28,42
1,<environment.Job instance at 0x7f73f366f320>,12,16,[ 3 11],13,58,74,45,46
1,<environment.Job instance at 0x7f73f366f960>,14,23,[14  4],15,75,98,60,75
1,<environment.Job instance at 0x7f73f3fffa00>,0,13,[9 3],1,1,14,0,1
1,<environment.Job instance at 0x7f73f3f1dfa0>,7,20,[6 5],8,8,28,0,8
1,<environment.Job instance at 0x7f73f3a2eeb0>,8,15,[ 5 10],9,14,29,5,14
1,<environment.Job instance at 0x7f73f453ed20>,6,13,[10  1],7,28,41,21,28
1,<environment.Job instance at 0x7f73f3a2e7d0>,17,15,[ 4 10],18,29,44,11,29
1,<environment.Job instance at 0x7f73f3a05140>,24,14,[9 1],25,41,55,16,41
1,<environment.Job instance at 0x7f73f3a057d0>,25,15,[3 9],26,44,59,18,44
1,<environment.Job instance at 0x7f73f4a57230>,29,13,[8 3],30,55,68,25,55
1,<environment.Job instance at 0x7f73f3a2eb40>,10,15,[5 8],11,59,74,48,59
1,<environment.Job instance at 0x7f73f37b3730>,27,16,[5 1],28,68,84,40,68
1,<environment.Job instance at 0x7f73f37a7050>,43,13,[3 9],44,74,87,30,74
1,<environment.Job instance at 0x7f73f4a51370>,50,14,[9 2],51,84,98,33,84
1,<environment.Job instance at 0x7f73f4a3f870>,58,14,[4 9],59,87,101,28,87
1,<environment.Job instance at 0x7f73f4a35500>,57,15,[3 8],58,101,116,43,101
1,<environment.Job instance at 0x7f73f4a4caf0>,66,14,[2 6],67,101,115,34,101
1,<environment.Job instance at 0x7f73f4a4cb40>,68,12,[6 5],69,115,127,46,115
1,<environment.Job instance at 0x7f73f48ad870>,75,12,[8 5],76,116,128,40,116
1,<environment.Job instance at 0x7f73f39e7af0>,80,12,[2 5],81,127,139,46,127
1,<environment.Job instance at 0x7f73f40a32d0>,85,14,[8 5],86,128,142,42,128
1,<environment.Job instance at 0x7f73f379b0a0>,13,16,[2 8],14,140,156,126,140
1,<environment.Job instance at 0x7f73f4a9d8c0>,65,18,[4 6],66,143,161,77,143
1,<environment.Job instance at 0x7f73f3835aa0>,94,12,[7 1],95,156,168,61,156
1,<environment.Job instance at 0x7f73f3d65910>,89,21,[3 6],90,156,177,66,156
1,<environment.Job instance at 0x7f73f4b618c0>,97,19,[8 4],98,169,188,71,169
1,<environment.Job instance at 0x7f73f38e5e10>,98,12,[7 5],99,178,190,79,178
1,<environment.Job instance at 0x7f73f4a22140>,42,16,[ 3 10],43,189,205,146,189
1,<environment.Job instance at 0x7f73f4d23050>,1,13,[4 5],2,2,15,0,2
1,<environment.Job instance at 0x7f73f4d23cd0>,7,20,[5 4],8,8,28,0,8
1,<environment.Job instance at 0x7f73f4d230f0>,3,14,[8 4],4,15,29,11,11
1,<environment.Job instance at 0x7f73f4d235f0>,11,17,[5 5],12,28,45,16,19
1,<environment.Job instance at 0x7f73f4d23320>,13,13,[ 2 10],14,29,42,15,21
1,<environment.Job instance at 0x7f73f4d9dcd0>,15,14,[12  2],16,45,59,29,30
1,<environment.Job instance at 0x7f73f4d9d3c0>,17,28,[1 5],18,42,70,24,41
1,<environment.Job instance at 0x7f73f4d9d870>,16,13,[6 5],17,59,72,42,43
1,<environment.Job instance at 0x7f73f4d9d230>,20,18,[ 1 10],21,70,88,49,59
1,<environment.Job instance at 0x7f73f4d9d460>,31,13,[11  3],32,72,85,40,59
1,<environment.Job instance at 0x7f73f4d23a50>,10,23,[6 4],11,85,108,74,79
1,<environment.Job instance at 0x7f73f4d9db40>,33,20,[7 3],34,88,108,54,81
1,<environment.Job instance at 0x7f73f3796e60>,1,13,[4 5],2,2,15,0,2
1,<environment.Job instance at 0x7f73fd4a2aa0>,3,14,[8 4],4,4,18,0,4
1,<environment.Job instance at 0x7f73f4a3faa0>,13,13,[ 2 10],14,15,28,1,15
1,<environment.Job instance at 0x7f73fd8d4730>,16,13,[6 5],17,18,31,1,18
1,<environment.Job instance at 0x7f73f4a3fd20>,9,16,[9 4],10,28,44,18,28
1,<environment.Job instance at 0x7f73f4a3fa00>,11,17,[5 5],12,31,48,19,31
1,<environment.Job instance at 0x7f73fdaba230>,39,13,[6 4],40,44,57,4,44
1,<environment.Job instance at 0x7f73f47bc5a0>,26,16,[9 5],27,48,64,21,48
1,<environment.Job instance at 0x7f73fd8d4870>,20,18,[ 1 10],21,57,75,36,57
1,<environment.Job instance at 0x7f73f3a209b0>,42,17,[7 1],43,64,81,21,64
1,<environment.Job instance at 0x7f73f46b7190>,49,18,[7 3],50,64,82,14,64
1,<environment.Job instance at 0x7f73f3a20d70>,51,18,[1 5],52,76,94,24,76
1,<environment.Job instance at 0x7f73fd49aaa0>,55,15,[5 5],56,81,96,25,81
1,<environment.Job instance at 0x7f73f48ad870>,7,20,[5 4],8,82,102,74,82
1,<environment.Job instance at 0x7f73f3ed0140>,65,16,[2 6],66,94,110,28,94
1,<environment.Job instance at 0x7f73f4a379b0>,69,12,[6 2],70,102,114,32,102
1,<environment.Job instance at 0x7f73f4a37a00>,67,17,[5 5],68,102,119,34,102
1,<environment.Job instance at 0x7f73f4a374b0>,70,15,[1 8],71,111,126,40,111
1,<environment.Job instance at 0x7f73f41ce460>,73,12,[10  4],74,119,131,45,119
1,<environment.Job instance at 0x7f73f4a37fa0>,71,20,[3 8],72,127,147,55,127
1,<environment.Job instance at 0x7f73f41ce370>,74,15,[10  4],75,131,146,56,131
1,<environment.Job instance at 0x7f73f43155a0>,52,22,[1 6],53,146,168,93,146
1,<environment.Job instance at 0x7f73f4a2cd20>,83,15,[6 2],84,148,163,64,148
1,<environment.Job instance at 0x7f73f4a2c8c0>,85,15,[1 5],86,149,164,63,149
1,<environment.Job instance at 0x7f73fda44960>,88,21,[7 3],89,163,184,74,163
1,<environment.Job instance at 0x7f73f3e0ba50>,76,22,[2 5],77,164,186,87,164
1,<environment.Job instance at 0x7f73f4a4c7d0>,94,13,[5 5],95,185,198,90,185
1,<environment.Job instance at 0x7f73f4d81730>,99,17,[3 5],100,185,202,85,185
1,<environment.Job instance at 0x7f73f4d81140>,101,15,[7 1],102,186,201,84,186
1,<environment.Job instance at 0x7f73f498eeb0>,9,24,[1 7],10,10,34,0,10
1,<environment.Job instance at 0x7f73f498e230>,12,16,[1 7],13,15,31,2,15
1,<environment.Job instance at 0x7f73f498ed70>,13,25,[7 1],14,16,41,2,16
1,<environment.Job instance at 0x7f73f498e6e0>,15,23,[6 3],16,31,54,15,25
1,<environment.Job instance at 0x7f73f498e050>,19,15,[9 2],20,41,56,21,27
1,<environment.Job instance at 0x7f73f498e0f0>,21,17,[7 5],22,56,73,34,44
1,<environment.Job instance at 0x7f73f498e5a0>,23,28,[7 5],24,60,88,36,60
1,<environment.Job instance at 0x7f73f498e9b0>,4,23,[13  3],5,88,111,83,82
1,<environment.Job instance at 0x7f73f498e3c0>,11,19,[12  4],12,111,130,99,101
1,<environment.Job instance at 0x7f73f498e870>,10,18,[12  4],11,130,148,119,119
1,<environment.Job instance at 0x7f73f3ba7460>,29,14,[10  5],30,148,162,118,133
1,<environment.Job instance at 0x7f73f3ba7050>,30,21,[6 3],31,162,183,131,161
1,<environment.Job instance at 0x7f73f3ba7e10>,31,20,[6 5],32,166,186,134,166
1,<environment.Job instance at 0x7f73f3ba7550>,28,14,[5 5],29,183,197,154,169
1,<environment.Job instance at 0x7f73f3ba78c0>,32,26,[5 9],33,186,212,153,186
1,<environment.Job instance at 0x7f73f4a54a00>,1,19,[5 4],2,2,21,0,2
1,<environment.Job instance at 0x7f73f48a50f0>,12,16,[1 7],13,13,29,0,13
1,<environment.Job instance at 0x7f73f3a00960>,19,15,[9 2],20,20,35,0,20
1,<environment.Job instance at 0x7f73f37b40f0>,28,14,[5 5],29,29,43,0,29
1,<environment.Job instance at 0x7f73f40a8870>,29,14,[10  5],30,35,49,5,35
1,<environment.Job instance at 0x7f73f3a00aa0>,24,19,[5 3],25,43,62,18,43
1,<environment.Job instance at 0x7f73f3d5cf00>,39,13,[ 1 10],40,49,62,9,49
1,<environment.Job instance at 0x7f73f437d140>,37,14,[7 1],38,49,63,11,49
1,<environment.Job instance at 0x7f73f3a008c0>,21,17,[7 5],22,62,79,40,62
1,<environment.Job instance at 0x7f73f3a00870>,16,20,[1 7],17,62,82,45,62
1,<environment.Job instance at 0x7f73f40a85a0>,30,21,[6 3],31,63,84,32,63
1,<environment.Job instance at 0x7f73f3a1a4b0>,48,16,[8 1],49,79,95,30,79
1,<environment.Job instance at 0x7f73f3818d20>,51,16,[3 8],52,84,100,32,84
1,<environment.Job instance at 0x7f73f4d81f00>,55,17,[3 5],56,84,101,28,84
1,<environment.Job instance at 0x7f73f4a4c500>,61,19,[5 1],62,96,115,34,96
1,<environment.Job instance at 0x7f73f4a4ca50>,59,12,[3 9],60,100,112,40,100
1,<environment.Job instance at 0x7f73f4a2cc80>,65,14,[1 5],66,101,115,35,101
1,<environment.Job instance at 0x7f73f3a1a9b0>,45,13,[9 3],46,112,125,66,112
1,<environment.Job instance at 0x7f73f4a2cd70>,66,17,[1 9],67,115,132,48,115
1,<environment.Job instance at 0x7f73f4a2cf00>,68,13,[10  1],69,126,139,57,126
1,<environment.Job instance at 0x7f73f4d815a0>,56,17,[5 8],57,132,149,75,132
1,<environment.Job instance at 0x7f73f4a374b0>,82,12,[7 3],83,141,153,58,141
1,<environment.Job instance at 0x7f73f4a37a00>,84,14,[5 5],85,149,163,64,149
1,<environment.Job instance at 0x7f73fd49aaa0>,92,13,[2 8],93,153,166,60,153
1,<environment.Job instance at 0x7f73f3bd56e0>,75,20,[7 1],76,153,173,77,153
1,<environment.Job instance at 0x7f73f3a20460>,102,12,[6 3],103,163,175,60,163
1,<environment.Job instance at 0x7f73f4a351e0>,108,16,[5 9],109,174,190,65,174
1,<environment.Job instance at 0x7f73f41ce460>,80,19,[7 4],81,175,194,94,175
1,<environment.Job instance at 0x7f73f3c3bbe0>,3,16,[2 5],4,4,20,0,4
1,<environment.Job instance at 0x7f73f35a19b0>,10,12,[5 5],11,11,23,0,11
1,<environment.Job instance at 0x7f73f35a1f50>,11,15,[1 8],12,20,35,8,12
1,<environment.Job instance at 0x7f73f35a1c30>,14,12,[4 7],15,23,35,8,15
1,<environment.Job instance at 0x7f73f35a11e0>,16,18,[ 5 13],17,35,53,18,25
1,<environment.Job instance at 0x7f73f47a9a00>,5,28,[ 1 13],6,53,81,47,52
1,<environment.Job instance at 0x7f73f3693730>,19,14,[ 4 10],20,81,95,61,68
1,<environment.Job instance at 0x7f73f36939b0>,20,16,[13  2],21,95,111,74,93
1,<environment.Job instance at 0x7f73f4987aa0>,3,16,[2 5],4,4,20,0,4
1,<environment.Job instance at 0x7f73f47f2910>,4,17,[9 4],5,5,22,0,5
1,<environment.Job instance at 0x7f73f47d5910>,6,16,[2 6],7,7,23,0,7
1,<environment.Job instance at 0x7f73f4997230>,14,12,[4 7],15,22,34,7,22
1,<environment.Job instance at 0x7f73f4988be0>,10,12,[5 5],11,23,35,12,23
1,<environment.Job instance at 0x7f73f3505500>,19,14,[ 4 10],20,34,48,14,34
1,<environment.Job instance at 0x7f73f3516730>,29,15,[4 7],30,48,63,18,48
1,<environment.Job instance at 0x7f73f3515d20>,41,13,[1 7],42,48,61,6,48
1,<environment.Job instance at 0x7f73f47d9320>,39,17,[7 1],40,48,65,8,48
1,<environment.Job instance at 0x7f73f4987a00>,7,17,[1 7],8,61,78,53,61
1,<environment.Job instance at 0x7f73f35102d0>,47,12,[7 3],48,63,75,15,63
1,<environment.Job instance at 0x7f73f3501910>,52,12,[2 5],53,75,87,22,75
1,<environment.Job instance at 0x7f73f3fb4a50>,53,12,[5 5],54,78,90,24,78
1,<environment.Job instance at 0x7f73f3501d70>,51,17,[8 5],52,78,95,26,78
1,<environment.Job instance at 0x7f73f3b6ccd0>,54,13,[1 9],55,90,103,35,90
1,<environment.Job instance at 0x7f73f3fa8910>,63,12,[1 5],64,95,107,31,95
1,<environment.Job instance at 0x7f73f3b4deb0>,57,12,[3 7],58,103,115,45,103
1,<environment.Job instance at 0x7f73f3510370>,48,13,[10  5],49,108,121,59,108
1,<environment.Job instance at 0x7f73f3b23cd0>,77,12,[5 4],78,115,127,37,115
1,<environment.Job instance at 0x7f73f496f230>,79,12,[2 5],80,121,133,41,121
1,<environment.Job instance at 0x7f73f3b23140>,73,21,[8 2],74,121,142,47,121
1,<environment.Job instance at 0x7f73f4988af0>,11,15,[1 8],12,127,142,115,127
1,<environment.Job instance at 0x7f73f496fa50>,82,16,[4 5],83,133,149,50,133
1,<environment.Job instance at 0x7f73f3b23f00>,70,14,[4 9],71,142,156,71,142
1,<environment.Job instance at 0x7f73f351e690>,93,13,[5 2],94,149,162,55,149
1,<environment.Job instance at 0x7f73f36be280>,90,14,[2 5],91,156,170,65,156
1,<environment.Job instance at 0x7f73f3f00e10>,100,14,[8 1],101,156,170,55,156
1,<environment.Job instance at 0x7f73f3b5cb90>,104,15,[5 1],105,162,177,57,162
1,<environment.Job instance at 0x7f73f496f9b0>,81,16,[3 8],82,170,186,88,170
1,<environment.Job instance at 0x7f73f4989230>,109,15,[4 7],110,177,192,67,177
1,<environment.Job instance at 0x7f73f3efcdc0>,113,15,[5 5],114,186,201,72,186
1,<environment.Job instance at 0x7f73f3efceb0>,4,14,[5 4],5,5,19,0,5
1,<environment.Job instance at 0x7f73f3f18b90>,7,12,[6 3],8,8,20,0,8
1,<environment.Job instance at 0x7f73f3f18140>,10,13,[6 1],11,19,32,8,11
1,<environment.Job instance at 0x7f73f3f188c0>,13,12,[7 4],14,20,32,6,15
1,<environment.Job instance at 0x7f73f3f18f50>,16,12,[2 9],17,19,31,2,17
1,<environment.Job instance at 0x7f73f3f18c80>,18,12,[ 5 13],19,32,44,13,19
1,<environment.Job instance at 0x7f73f3f18460>,22,20,[1 8],23,44,64,21,41
1,<environment.Job instance at 0x7f73f3f00050>,30,22,[7 5],31,44,66,13,42
1,<environment.Job instance at 0x7f73f3f00a50>,36,23,[5 1],37,48,71,11,48
1,<environment.Job instance at 0x7f73f3beb3c0>,39,12,[10  1],40,66,78,26,57
1,<environment.Job instance at 0x7f73f3f00f50>,34,24,[ 1 14],35,71,95,36,68
1,<environment.Job instance at 0x7f73f3f00960>,33,23,[14  3],34,95,118,61,90
1,<environment.Job instance at 0x7f73f3bebe10>,44,15,[12  4],45,118,133,73,104
1,<environment.Job instance at 0x7f73f3beb820>,45,12,[3 8],46,118,130,72,104
1,<environment.Job instance at 0x7f73f3beba00>,46,18,[ 1 13],47,133,151,86,127
1,<environment.Job instance at 0x7f73f3f00140>,35,28,[8 3],36,151,179,115,150
1,<environment.Job instance at 0x7f73f3a6e5f0>,0,19,[ 5 10],1,1,20,0,1
1,<environment.Job instance at 0x7f73f3a6e3c0>,4,14,[5 4],5,5,19,0,5
1,<environment.Job instance at 0x7f73f3fa8960>,7,12,[6 3],8,19,31,11,19
1,<environment.Job instance at 0x7f73f36e9500>,16,12,[2 9],17,20,32,3,20
1,<environment.Job instance at 0x7f73f3c715f0>,10,13,[6 1],11,20,33,9,20
1,<environment.Job instance at 0x7f73f48625a0>,13,12,[7 4],14,31,43,17,31
1,<environment.Job instance at 0x7f73f3aeee10>,19,18,[1 7],20,32,50,12,32
1,<environment.Job instance at 0x7f73f36baa50>,39,12,[10  1],40,45,57,5,45
1,<environment.Job instance at 0x7f73f3a6e550>,1,16,[ 3 10],2,50,66,48,50
1,<environment.Job instance at 0x7f73f47d5d70>,30,22,[7 5],31,57,79,26,57
1,<environment.Job instance at 0x7f73f4abefa0>,45,12,[3 8],46,68,80,22,68
1,<environment.Job instance at 0x7f73f3d8ca50>,51,12,[3 7],52,79,91,27,79
1,<environment.Job instance at 0x7f73f4d839b0>,49,19,[2 5],50,81,100,31,81
1,<environment.Job instance at 0x7f73f36e4640>,54,20,[8 2],55,81,101,26,81
1,<environment.Job instance at 0x7f73f47d5960>,29,20,[5 8],30,91,111,61,91
1,<environment.Job instance at 0x7f73f49ee5f0>,59,15,[9 5],60,101,116,41,101
1,<environment.Job instance at 0x7f73f3a6e640>,5,16,[5 9],6,112,128,106,112
1,<environment.Job instance at 0x7f73f368c730>,65,22,[2 6],66,116,138,50,116
1,<environment.Job instance at 0x7f73f3a6f320>,57,17,[2 9],58,129,146,71,129
1,<environment.Job instance at 0x7f73f3b639b0>,69,20,[6 4],70,138,158,68,138
1,<environment.Job instance at 0x7f73f3895690>,74,16,[6 5],75,147,163,72,147
1,<environment.Job instance at 0x7f73f3bd9aa0>,61,17,[4 8],62,159,176,97,159
1,<environment.Job instance at 0x7f73f3bc80f0>,79,12,[10  2],80,163,175,83,163
1,<environment.Job instance at 0x7f73f400e6e0>,85,16,[7 4],86,175,191,89,175
1,<environment.Job instance at 0x7f73f36dbdc0>,81,18,[ 1 10],82,176,194,94,176
1,<environment.Job instance at 0x7f73f48a3820>,12,12,[5 7],13,13,25,0,13
1,<environment.Job instance at 0x7f73f3a6ea00>,1,16,[ 4 14],2,25,41,23,14
1,<environment.Job instance at 0x7f73f48a3c30>,9,17,[ 2 10],10,41,58,31,29
1,<environment.Job instance at 0x7f73f48a3d20>,14,26,[11  4],15,41,67,26,40
1,<environment.Job instance at 0x7f73f48a30f0>,18,13,[11  4],19,67,80,48,51
1,<environment.Job instance at 0x7f73f48a3b40>,19,16,[13  2],20,80,96,60,73
1,<environment.Job instance at 0x7f73f48a3f50>,10,24,[ 2 13],11,80,104,69,75
1,<environment.Job instance at 0x7f73f38a8230>,21,22,[5 9],22,104,126,82,98
1,<environment.Job instance at 0x7f73f38a8b40>,22,18,[8 3],23,117,135,94,117
1,<environment.Job instance at 0x7f73f49b3140>,0,17,[8 1],1,1,18,0,1
1,<environment.Job instance at 0x7f73fd8fce10>,2,15,[1 8],3,3,18,0,3
1,<environment.Job instance at 0x7f73f3a69a00>,12,12,[5 7],13,18,30,5,18
1,<environment.Job instance at 0x7f73f3a69550>,5,13,[8 3],6,18,31,12,18
1,<environment.Job instance at 0x7f73f6eeeaa0>,27,17,[ 4 10],28,30,47,2,30
1,<environment.Job instance at 0x7f73f6eeef50>,29,16,[7 3],30,31,47,1,31
1,<environment.Job instance at 0x7f73f3895a50>,39,14,[3 7],40,47,61,7,47
1,<environment.Job instance at 0x7f73f368c730>,44,16,[5 7],45,47,63,2,47
1,<environment.Job instance at 0x7f73f6eeed20>,25,17,[6 1],26,47,64,21,47
1,<environment.Job instance at 0x7f73f44f9550>,51,14,[5 5],52,63,77,11,63
1,<environment.Job instance at 0x7f73f3d0d0f0>,52,12,[1 8],53,63,75,10,63
1,<environment.Job instance at 0x7f73f4d28410>,54,12,[7 2],55,64,76,9,64
1,<environment.Job instance at 0x7f73f3a6e730>,67,13,[2 8],68,76,89,8,76
1,<environment.Job instance at 0x7f73f3a6e410>,69,12,[7 5],70,77,89,7,77
1,<environment.Job instance at 0x7f73f3f00280>,73,17,[10  5],74,89,106,15,89
1,<environment.Job instance at 0x7f73f3a69500>,9,17,[ 2 10],10,89,106,79,89
1,<environment.Job instance at 0x7f73f48a3d70>,82,14,[5 5],83,106,120,23,106
1,<environment.Job instance at 0x7f73f3ca1910>,75,15,[6 1],76,106,121,30,106
1,<environment.Job instance at 0x7f73f39b9d70>,90,13,[6 4],91,120,133,29,120
1,<environment.Job instance at 0x7f73f48a3e10>,85,17,[7 4],86,122,139,36,122
1,<environment.Job instance at 0x7f73f4a290a0>,97,14,[2 7],98,133,147,35,133
1,<environment.Job instance at 0x7f73f4dfd640>,22,18,[8 3],23,140,158,117,140
1,<environment.Job instance at 0x7f73f4a4d2d0>,102,17,[4 5],103,140,157,37,140
1,<environment.Job instance at 0x7f73f35d4af0>,100,19,[3 5],101,147,166,46,147
1,<environment.Job instance at 0x7f73f4510d20>,106,14,[2 6],107,157,171,50,157
1,<environment.Job instance at 0x7f73f3b61b40>,114,15,[5 2],115,159,174,44,159
1,<environment.Job instance at 0x7f73f3e5caf0>,116,13,[1 5],117,166,179,49,166
1,<environment.Job instance at 0x7f73f3f3fb40>,125,16,[9 1],126,171,187,45,171
1,<environment.Job instance at 0x7f73f4479320>,7,13,[1 5],8,10,23,2,10
1,<environment.Job instance at 0x7f73f4479fa0>,9,25,[1 5],10,11,36,1,11
1,<environment.Job instance at 0x7f73f46001e0>,5,18,[5 4],6,6,24,0,6
1,<environment.Job instance at 0x7f73f4cc1c30>,7,13,[1 5],8,8,21,0,8
1,<environment.Job instance at 0x7f73f45942d0>,8,15,[7 2],9,9,24,0,9
1,<environment.Job instance at 0x7f73f4697e60>,16,13,[8 4],17,24,37,7,24
1,<environment.Job instance at 0x7f73f4af4370>,17,16,[5 2],18,24,40,6,24
1,<environment.Job instance at 0x7f73f3acf8c0>,24,13,[8 4],25,37,50,12,37
1,<environment.Job instance at 0x7f73f4aee730>,39,14,[3 5],40,40,54,0,40
1,<environment.Job instance at 0x7f73f4afac30>,32,14,[8 5],33,50,64,17,50
1,<environment.Job instance at 0x7f73f4cf39b0>,47,16,[5 5],48,54,70,6,54
1,<environment.Job instance at 0x7f73f4cf31e0>,48,18,[1 5],49,54,72,5,54
1,<environment.Job instance at 0x7f73f4cf30a0>,51,14,[8 3],52,64,78,12,64
1,<environment.Job instance at 0x7f73f4cf38c0>,52,14,[4 7],53,70,84,17,70
1,<environment.Job instance at 0x7f73f40535a0>,55,14,[5 3],56,78,92,22,78
1,<environment.Job instance at 0x7f73f3af4320>,15,17,[5 5],16,78,95,62,78
1,<environment.Job instance at 0x7f73f4cc1af0>,11,19,[5 7],12,84,103,72,84
1,<environment.Job instance at 0x7f73f4aeed70>,44,17,[4 8],45,95,112,50,95
1,<environment.Job instance at 0x7f73f406e5a0>,72,16,[7 3],73,103,119,30,103
1,<environment.Job instance at 0x7f73f35f24b0>,60,14,[3 9],61,112,126,51,112
1,<environment.Job instance at 0x7f73f4051320>,75,17,[4 6],76,119,136,43,119
1,<environment.Job instance at 0x7f73f406f780>,84,14,[5 2],85,126,140,41,126
1,<environment.Job instance at 0x7f73f35e1190>,89,12,[6 3],90,136,148,46,136
1,<environment.Job instance at 0x7f73f4072820>,91,15,[9 1],92,140,155,48,140
1,<environment.Job instance at 0x7f73f4072870>,92,19,[4 5],93,149,168,56,149
1,<environment.Job instance at 0x7f73f404daa0>,65,17,[10  1],66,156,173,90,156
1,<environment.Job instance at 0x7f73f4043500>,98,17,[6 4],99,173,190,74,173
1,<environment.Job instance at 0x7f73f404da00>,66,17,[8 1],67,174,191,107,174
1,<environment.Job instance at 0x7f73f376c370>,4,19,[2 5],5,6,25,1,6
1,<environment.Job instance at 0x7f73f3758910>,8,14,[7 2],9,9,23,0,9
1,<environment.Job instance at 0x7f73f376cbe0>,6,14,[ 1 11],7,25,39,18,22
1,<environment.Job instance at 0x7f73f3758cd0>,14,12,[11  3],15,23,35,8,23
1,<environment.Job instance at 0x7f73f376c5a0>,10,12,[14  4],11,35,47,24,28
1,<environment.Job instance at 0x7f73f3758b40>,15,13,[12  4],16,47,60,31,43
1,<environment.Job instance at 0x7f73f3fc2b40>,4,19,[2 5],5,5,24,0,5
1,<environment.Job instance at 0x7f73f4024dc0>,5,12,[5 4],6,6,18,0,6
1,<environment.Job instance at 0x7f73f3ea3190>,8,14,[7 2],9,9,23,0,9
1,<environment.Job instance at 0x7f73f3a670a0>,17,14,[2 7],18,18,32,0,18
1,<environment.Job instance at 0x7f73f3793f50>,20,18,[8 1],21,23,41,2,23
1,<environment.Job instance at 0x7f73f3a485a0>,19,13,[1 5],20,24,37,4,24
1,<environment.Job instance at 0x7f73f3a48410>,22,17,[2 9],23,32,49,9,32
1,<environment.Job instance at 0x7f73f3a614b0>,36,12,[5 1],37,41,53,4,41
1,<environment.Job instance at 0x7f73f3a55050>,33,14,[8 4],34,41,55,7,41
1,<environment.Job instance at 0x7f73f3793e60>,16,19,[3 9],17,53,72,36,53
1,<environment.Job instance at 0x7f73f3a5c550>,24,12,[9 3],25,55,67,30,55
1,<environment.Job instance at 0x7f73f4075d70>,44,12,[8 1],45,67,79,22,67
1,<environment.Job instance at 0x7f73f40460a0>,41,15,[2 5],42,67,82,25,67
1,<environment.Job instance at 0x7f73f3a4cd20>,31,20,[5 5],32,72,92,40,72
1,<environment.Job instance at 0x7f73f4043fa0>,48,12,[6 5],49,79,91,30,79
1,<environment.Job instance at 0x7f73f406f3c0>,59,15,[9 3],60,91,106,31,91
1,<environment.Job instance at 0x7f73f4065780>,60,15,[4 8],61,92,107,31,92
1,<environment.Job instance at 0x7f73f3a58af0>,26,16,[8 3],27,106,122,79,106
1,<environment.Job instance at 0x7f73f406e780>,69,13,[5 6],70,107,120,37,107
1,<environment.Job instance at 0x7f73f4045fa0>,65,15,[2 9],66,121,136,55,121
1,<environment.Job instance at 0x7f73f404db40>,72,12,[5 6],73,122,134,49,122
1,<environment.Job instance at 0x7f73f3a606e0>,38,18,[10  5],39,134,152,95,134
1,<environment.Job instance at 0x7f73f35f2e60>,75,14,[1 8],76,136,150,60,136
1,<environment.Job instance at 0x7f73f406f780>,58,16,[1 8],59,150,166,91,150
1,<environment.Job instance at 0x7f73f4cf3050>,80,14,[6 2],81,153,167,72,153
1,<environment.Job instance at 0x7f73f35f2460>,79,20,[6 5],80,153,173,73,153
1,<environment.Job instance at 0x7f73f40535a0>,76,14,[9 1],77,168,182,91,168
1,<environment.Job instance at 0x7f73f3af5e10>,87,12,[2 5],88,173,185,85,173
1,<environment.Job instance at 0x7f73f4cf3eb0>,82,15,[1 9],83,173,188,90,173
1,<environment.Job instance at 0x7f73f3e72730>,85,20,[5 1],86,182,202,96,182
1,<environment.Job instance at 0x7f73f406e5a0>,71,20,[6 3],72,185,205,113,185
1,<environment.Job instance at 0x7f73f40574b0>,57,16,[2 9],58,189,205,131,189
1,<environment.Job instance at 0x7f73f3c13a50>,1,14,[6 4],2,2,16,0,2
1,<environment.Job instance at 0x7f73f4278230>,12,14,[ 1 11],13,41,55,28,41
1,<environment.Job instance at 0x7f73f42787d0>,22,14,[ 2 14],23,55,69,32,47
1,<environment.Job instance at 0x7f73f4278370>,15,28,[13  1],16,54,82,38,54
1,<environment.Job instance at 0x7f73f4278410>,17,14,[5 4],18,82,96,64,68
1,<environment.Job instance at 0x7f73f4278a50>,26,15,[7 5],27,82,97,55,68
1,<environment.Job instance at 0x7f73f4278c30>,28,14,[2 8],29,96,110,67,81
1,<environment.Job instance at 0x7f73f4278910>,24,13,[14  4],25,110,123,85,94
1,<environment.Job instance at 0x7f73f4278af0>,27,14,[ 3 13],28,123,137,95,110
1,<environment.Job instance at 0x7f73f4299410>,40,24,[2 8],41,137,161,96,132
1,<environment.Job instance at 0x7f73f4299050>,35,14,[10  1],36,141,155,105,141
1,<environment.Job instance at 0x7f73f42995a0>,42,14,[11  1],43,158,172,115,158
1,<environment.Job instance at 0x7f73f4299370>,41,25,[ 2 12],42,161,186,119,158
1,<environment.Job instance at 0x7f73f42995f0>,43,16,[12  5],44,186,202,142,178
1,<environment.Job instance at 0x7f73f37521e0>,1,14,[6 4],2,2,16,0,2
1,<environment.Job instance at 0x7f73f3752280>,5,17,[5 5],6,6,23,0,6
1,<environment.Job instance at 0x7f73f3752af0>,9,14,[5 9],10,16,30,6,16
1,<environment.Job instance at 0x7f73f459bdc0>,17,14,[5 4],18,23,37,5,23
1,<environment.Job instance at 0x7f73f459b460>,28,14,[2 8],29,30,44,1,30
1,<environment.Job instance at 0x7f73f460e0f0>,35,14,[10  1],36,37,51,1,37
1,<environment.Job instance at 0x7f73f459bf50>,21,17,[4 8],22,44,61,22,44
1,<environment.Job instance at 0x7f73f459b050>,26,15,[7 5],27,51,66,24,51
1,<environment.Job instance at 0x7f73f4810230>,59,13,[7 2],60,61,74,1,61
1,<environment.Job instance at 0x7f73f460e780>,46,16,[1 8],47,61,77,14,61
1,<environment.Job instance at 0x7f73f4810460>,52,14,[7 5],53,66,80,13,66
1,<environment.Job instance at 0x7f73f4810d20>,62,13,[2 9],63,77,90,14,77
1,<environment.Job instance at 0x7f73f460e6e0>,36,15,[6 5],37,80,95,43,80
1,<environment.Job instance at 0x7f73f4810cd0>,65,15,[4 8],66,90,105,24,90
1,<environment.Job instance at 0x7f73f4ae85a0>,76,15,[5 5],77,95,110,18,95
1,<environment.Job instance at 0x7f73f6e81370>,77,16,[3 5],78,105,121,27,105
1,<environment.Job instance at 0x7f73f4810640>,60,17,[5 3],61,105,122,44,105
1,<environment.Job instance at 0x7f73f4cf35a0>,81,14,[6 5],82,110,124,28,110
1,<environment.Job instance at 0x7f73f45949b0>,66,16,[3 6],67,121,137,54,121
1,<environment.Job instance at 0x7f73f4cf3320>,82,13,[9 3],83,124,137,41,124
1,<environment.Job instance at 0x7f73f4cf30a0>,84,12,[3 5],85,124,136,39,124
1,<environment.Job instance at 0x7f73f4cf3550>,86,12,[5 8],87,137,149,50,137
1,<environment.Job instance at 0x7f73f35f2fa0>,91,15,[4 5],92,137,152,45,137
1,<environment.Job instance at 0x7f73f4cf3eb0>,83,15,[7 4],84,149,164,65,149
1,<environment.Job instance at 0x7f73f4045d20>,102,17,[8 3],103,152,169,49,152
1,<environment.Job instance at 0x7f73f4045cd0>,104,15,[3 9],105,164,179,59,164
1,<environment.Job instance at 0x7f73f4068f00>,100,16,[9 5],101,169,185,68,169
1,<environment.Job instance at 0x7f73f459b140>,33,17,[5 9],34,179,196,145,179
1,<environment.Job instance at 0x7f73f4065cd0>,114,12,[8 5],115,185,197,70,185
1,<environment.Job instance at 0x7f73f48106e0>,0,13,[2 8],1,1,14,0,1
1,<environment.Job instance at 0x7f73f3a61230>,4,14,[3 8],5,14,28,9,6
1,<environment.Job instance at 0x7f73f3f3c410>,11,12,[4 5],12,12,24,0,12
1,<environment.Job instance at 0x7f73f406e5a0>,5,13,[6 5],6,24,37,18,18
1,<environment.Job instance at 0x7f73f3f3cc80>,19,16,[ 2 11],20,37,53,17,28
1,<environment.Job instance at 0x7f73f3f3c370>,21,12,[5 4],22,28,40,6,28
1,<environment.Job instance at 0x7f73f37fee10>,22,13,[1 5],23,53,66,30,40
1,<environment.Job instance at 0x7f73f37fe190>,23,16,[3 8],24,53,69,29,40
1,<environment.Job instance at 0x7f73f37fecd0>,27,15,[6 1],28,40,55,12,40
1,<environment.Job instance at 0x7f73f37fe3c0>,28,24,[8 1],29,55,79,26,50
1,<environment.Job instance at 0x7f73f37fe1e0>,29,13,[3 5],30,66,79,36,50
1,<environment.Job instance at 0x7f73f3f3cfa0>,15,19,[12  3],16,79,98,63,72
1,<environment.Job instance at 0x7f73f4299500>,0,13,[2 8],1,1,14,0,1
1,<environment.Job instance at 0x7f73f4031e60>,5,13,[6 5],6,6,19,0,6
1,<environment.Job instance at 0x7f73f3fbc5f0>,11,12,[4 5],12,14,26,2,14
1,<environment.Job instance at 0x7f73f3a4b410>,9,15,[5 5],10,14,29,4,14
1,<environment.Job instance at 0x7f73f40243c0>,4,14,[3 8],5,26,40,21,26
1,<environment.Job instance at 0x7f73f3a5c960>,21,12,[5 4],22,29,41,7,29
1,<environment.Job instance at 0x7f73f3a6d7d0>,22,13,[1 5],23,40,53,17,40
1,<environment.Job instance at 0x7f73f3793eb0>,13,14,[9 5],14,40,54,26,40
1,<environment.Job instance at 0x7f73f3a485a0>,14,14,[ 1 10],15,53,67,38,53
1,<environment.Job instance at 0x7f73f3a4c910>,24,15,[7 3],25,54,69,29,54
1,<environment.Job instance at 0x7f73f3a55050>,27,15,[6 1],28,54,69,26,54
1,<environment.Job instance at 0x7f73f40314b0>,8,15,[2 8],9,67,82,58,67
1,<environment.Job instance at 0x7f73f3a606e0>,29,13,[3 5],30,69,82,39,69
1,<environment.Job instance at 0x7f73f4072730>,39,14,[5 2],40,69,83,29,69
1,<environment.Job instance at 0x7f73f3a4c280>,23,16,[3 8],24,82,98,58,82
1,<environment.Job instance at 0x7f73f4043960>,37,17,[5 4],38,82,99,44,82
1,<environment.Job instance at 0x7f73f40657d0>,48,12,[1 7],49,98,110,49,98
1,<environment.Job instance at 0x7f73f40750f0>,32,16,[4 6],33,99,115,66,99
1,<environment.Job instance at 0x7f73f40535f0>,63,14,[7 3],64,110,124,46,110
1,<environment.Job instance at 0x7f73f3af5e10>,64,16,[2 9],65,115,131,50,115
1,<environment.Job instance at 0x7f73f4810d20>,76,15,[6 1],77,115,130,38,115
1,<environment.Job instance at 0x7f73f4810730>,77,13,[10  2],78,130,143,52,130
1,<environment.Job instance at 0x7f73f406f0a0>,46,16,[1 7],47,131,147,84,131
1,<environment.Job instance at 0x7f73f4810780>,81,17,[2 5],82,131,148,49,131
1,<environment.Job instance at 0x7f73f40687d0>,53,17,[10  3],54,143,160,89,143
1,<environment.Job instance at 0x7f73f3a6d870>,20,16,[ 2 10],21,148,164,127,148
1,<environment.Job instance at 0x7f73f459b870>,102,15,[9 1],103,160,175,57,160
1,<environment.Job instance at 0x7f73f459bd70>,90,17,[4 6],91,164,181,73,164
1,<environment.Job instance at 0x7f73f3752550>,105,14,[4 7],106,175,189,69,175
1,<environment.Job instance at 0x7f73f459b0a0>,97,16,[8 4],98,181,197,83,181
1,<environment.Job instance at 0x7f73f3752230>,108,12,[5 5],109,189,201,80,189
1,<environment.Job instance at 0x7f73f40c3050>,1,19,[3 7],2,2,21,0,2
1,<environment.Job instance at 0x7f73f4310640>,3,23,[5 3],4,4,27,0,4
1,<environment.Job instance at 0x7f73f34fbb40>,8,14,[7 5],9,9,23,0,9
1,<environment.Job instance at 0x7f73f3947780>,14,15,[5 5],15,23,38,8,16
1,<environment.Job instance at 0x7f73f465d960>,16,15,[3 5],17,21,36,4,17
1,<environment.Job instance at 0x7f73f39470f0>,15,14,[ 1 10],16,36,50,20,22
1,<environment.Job instance at 0x7f73f465d870>,18,18,[3 5],19,38,56,19,31
1,<environment.Job instance at 0x7f73f42f6a00>,21,15,[2 9],22,50,65,28,38
1,<environment.Job instance at 0x7f73f4969140>,27,14,[ 1 11],28,65,79,37,50
1,<environment.Job instance at 0x7f73f34fbaa0>,9,23,[10  2],10,56,79,46,52
1,<environment.Job instance at 0x7f73f3b703c0>,31,12,[ 4 11],32,79,91,47,62
1,<environment.Job instance at 0x7f73f3b70460>,30,15,[12  4],31,91,106,60,79
1,<environment.Job instance at 0x7f73f3b708c0>,32,13,[ 3 11],33,91,104,58,83
1,<environment.Job instance at 0x7f73f35105a0>,33,14,[12  2],34,106,120,72,91
1,<environment.Job instance at 0x7f73f3947cd0>,17,21,[ 5 11],18,120,141,102,112
1,<environment.Job instance at 0x7f73f4d3d2d0>,35,16,[12  1],36,141,157,105,130
1,<environment.Job instance at 0x7f73f4d3de60>,36,20,[2 9],37,141,161,104,140
1,<environment.Job instance at 0x7f73f4d3df00>,37,18,[1 6],38,158,176,120,158
1,<environment.Job instance at 0x7f73f4969aa0>,24,18,[14  3],25,167,185,142,167
1,<environment.Job instance at 0x7f73f356dc30>,38,24,[ 1 14],39,185,209,146,183
1,<environment.Job instance at 0x7f73f460e6e0>,1,19,[3 7],2,2,21,0,2
1,<environment.Job instance at 0x7f73f460e500>,2,18,[5 5],3,3,21,0,3
1,<environment.Job instance at 0x7f73f3a4b6e0>,15,14,[ 1 10],16,21,35,5,21
1,<environment.Job instance at 0x7f73f460ea50>,8,14,[7 5],9,21,35,12,21
1,<environment.Job instance at 0x7f73f39479b0>,21,15,[2 9],22,35,50,13,35
1,<environment.Job instance at 0x7f73f34fbd70>,16,15,[3 5],17,35,50,18,35
1,<environment.Job instance at 0x7f73f3e992d0>,14,15,[5 5],15,50,65,35,50
1,<environment.Job instance at 0x7f73f36d0c80>,46,14,[5 1],47,50,64,3,50
1,<environment.Job instance at 0x7f73f3711eb0>,22,17,[1 9],23,50,67,27,50
1,<environment.Job instance at 0x7f73f36d0960>,43,17,[5 4],44,65,82,21,65
1,<environment.Job instance at 0x7f73f3b63f00>,51,12,[2 7],52,67,79,15,67
1,<environment.Job instance at 0x7f73f3b63960>,56,15,[8 2],57,67,82,10,67
1,<environment.Job instance at 0x7f73f36d07d0>,37,18,[1 6],38,79,97,41,79
1,<environment.Job instance at 0x7f73f3b63c30>,66,15,[9 1],67,82,97,15,82
1,<environment.Job instance at 0x7f73f3b63c80>,54,15,[3 8],55,82,97,27,82
1,<environment.Job instance at 0x7f73f6eeecd0>,71,15,[ 5 10],72,97,112,25,97
1,<environment.Job instance at 0x7f73f3b63a50>,68,17,[5 4],69,97,114,28,97
1,<environment.Job instance at 0x7f73f6eeec30>,75,15,[5 6],76,112,127,36,112
1,<environment.Job instance at 0x7f73f3510b40>,18,18,[3 5],19,112,130,93,112
1,<environment.Job instance at 0x7f73f6eee960>,83,14,[6 3],84,114,128,30,114
1,<environment.Job instance at 0x7f73f45756e0>,88,16,[1 9],89,128,144,39,128
1,<environment.Job instance at 0x7f73f6eee8c0>,81,17,[6 1],82,128,145,46,128
1,<environment.Job instance at 0x7f73f4575aa0>,90,12,[6 5],91,130,142,39,130
1,<environment.Job instance at 0x7f73f3b63460>,65,18,[6 5],66,142,160,76,142
1,<environment.Job instance at 0x7f73f4575b90>,89,16,[1 7],90,144,160,54,144
1,<environment.Job instance at 0x7f73f4575320>,98,17,[1 6],99,161,178,62,161
1,<environment.Job instance at 0x7f73f6eeed20>,85,19,[1 5],86,162,181,76,162
1,<environment.Job instance at 0x7f73f49cae60>,114,20,[5 3],115,162,182,47,162
1,<environment.Job instance at 0x7f73f4dfdaf0>,115,16,[4 7],116,179,195,63,179
1,<environment.Job instance at 0x7f73f6eee690>,3,15,[2 8],4,4,19,0,4
1,<environment.Job instance at 0x7f73f49ca280>,5,14,[8 5],6,6,20,0,6
1,<environment.Job instance at 0x7f73f4199280>,9,13,[8 1],10,20,33,10,10
1,<environment.Job instance at 0x7f73f3a69a50>,11,13,[7 2],12,22,35,10,22
1,<environment.Job instance at 0x7f73f3c028c0>,22,19,[7 2],23,33,52,10,23
1,<environment.Job instance at 0x7f73f3c02460>,25,14,[3 9],26,35,49,9,27
1,<environment.Job instance at 0x7f73f3c02b40>,26,18,[1 9],27,49,67,22,40
1,<environment.Job instance at 0x7f73f3c02550>,23,13,[14  1],24,52,65,28,41
1,<environment.Job instance at 0x7f73f41994b0>,1,19,[8 3],2,2,21,0,2
1,<environment.Job instance at 0x7f73f4199730>,3,15,[2 8],4,4,19,0,4
1,<environment.Job instance at 0x7f73f4199870>,11,13,[7 2],12,19,32,7,19
1,<environment.Job instance at 0x7f73f4199be0>,10,12,[8 1],11,21,33,10,21
1,<environment.Job instance at 0x7f73fd7cab90>,6,16,[3 8],7,32,48,25,32
1,<environment.Job instance at 0x7f73f4199460>,9,13,[8 1],10,33,46,23,33
1,<environment.Job instance at 0x7f73f41997d0>,5,14,[8 5],6,46,60,40,46
1,<environment.Job instance at 0x7f73f4199550>,15,15,[4 9],16,48,63,32,48
1,<environment.Job instance at 0x7f73f41999b0>,13,15,[10  3],14,60,75,46,60
1,<environment.Job instance at 0x7f73f3a696e0>,25,14,[3 9],26,63,77,37,63
1,<environment.Job instance at 0x7f73f3cec140>,34,14,[5 6],35,75,89,40,75
1,<environment.Job instance at 0x7f73f4199cd0>,14,16,[5 3],15,78,94,63,78
1,<environment.Job instance at 0x7f73f49ca7d0>,41,20,[4 5],42,79,99,37,79
1,<environment.Job instance at 0x7f73f49ca0a0>,42,12,[6 3],43,89,101,46,89
1,<environment.Job instance at 0x7f73f49ca050>,43,12,[2 9],44,99,111,55,99
1,<environment.Job instance at 0x7f73f3a69b40>,16,16,[7 3],17,99,115,82,99
1,<environment.Job instance at 0x7f73f49caf50>,44,18,[5 6],45,112,130,67,112
1,<environment.Job instance at 0x7f73f49ca1e0>,47,15,[10  2],48,116,131,68,116
1,<environment.Job instance at 0x7f73f49ca140>,52,17,[4 8],53,130,147,77,130
1,<environment.Job instance at 0x7f73f3cece10>,39,20,[10  5],40,131,151,91,131
1,<environment.Job instance at 0x7f73f6eeeaa0>,57,14,[1 9],58,147,161,89,147
1,<environment.Job instance at 0x7f73f6eee960>,64,13,[8 1],65,151,164,86,151
1,<environment.Job instance at 0x7f73f6eee4b0>,66,20,[6 5],67,152,172,85,152
1,<environment.Job instance at 0x7f73f3a699b0>,26,18,[1 9],27,161,179,134,161
1,<environment.Job instance at 0x7f73f6eeec30>,62,13,[9 2],63,172,185,109,172
1,<environment.Job instance at 0x7f73f6eeeeb0>,71,16,[3 6],72,179,195,107,179
1,<environment.Job instance at 0x7f73f6eeecd0>,67,14,[9 1],68,185,199,117,185
