iteration,job object,job ID,job Length,job ressource requirement,job enter time,job start time,job finish time,job waiting time,current time
1,<environment.Job instance at 0x14706cc0b5a0>,5,25,[7 1],6,7,32,1,7
1,<environment.Job instance at 0x14706cc75550>,9,2,[8 1],10,25,27,15,11
1,<environment.Job instance at 0x14706cc75190>,12,22,[2 6],13,27,49,14,21
1,<environment.Job instance at 0x14706cc04780>,13,27,[1 8],14,27,54,13,25
1,<environment.Job instance at 0x14706cc0bdc0>,6,19,[ 1 13],7,54,73,47,50
1,<environment.Job instance at 0x14706cc043c0>,10,3,[ 1 14],11,73,76,62,57
1,<environment.Job instance at 0x14706cc04820>,15,24,[ 2 13],16,76,100,60,71
1,<environment.Job instance at 0x14706cc04eb0>,14,3,[14  2],15,100,103,85,90
1,<environment.Job instance at 0x14706cc04230>,17,3,[ 1 13],18,100,103,82,98
1,<environment.Job instance at 0x14706cc04e10>,21,22,[14  2],22,103,125,81,98
1,<environment.Job instance at 0x14706cc07f00>,24,20,[ 2 13],25,125,145,100,116
1,<environment.Job instance at 0x14706cc071e0>,25,1,[11  1],26,126,127,100,126
1,<environment.Job instance at 0x14706cc07410>,27,25,[14  2],28,145,170,117,141
1,<environment.Job instance at 0x14706ccd0cd0>,29,20,[1 5],30,146,166,116,146
1,<environment.Job instance at 0x14706cc04190>,16,19,[ 1 12],17,166,185,149,162
1,<environment.Job instance at 0x14706cd65cd0>,19,21,[14  2],20,170,191,150,162
1,<environment.Job instance at 0x14706cd2f780>,40,19,[1 7],41,185,204,144,180
1,<environment.Job instance at 0x14706cd2c370>,35,23,[11  2],36,192,215,156,192
1,<environment.Job instance at 0x14706cc04370>,22,25,[ 2 12],23,204,229,181,202
1,<environment.Job instance at 0x14706cd2fa00>,38,1,[ 1 13],39,229,230,190,221
1,<environment.Job instance at 0x14706cd2faa0>,41,18,[ 2 13],42,230,248,188,222
1,<environment.Job instance at 0x14706cd2fd70>,47,26,[12  2],48,229,255,181,229
1,<environment.Job instance at 0x14706cd2fa50>,44,13,[ 2 10],45,248,261,203,232
1,<environment.Job instance at 0x14706cd2f730>,42,23,[ 1 14],43,261,284,218,255
1,<environment.Job instance at 0x14706cc08780>,2,18,[ 1 12],3,342,360,339,342
1,<environment.Job instance at 0x14706cd2f460>,43,3,[ 1 14],44,360,363,316,356
1,<environment.Job instance at 0x14706cd1b3c0>,0,23,[2 6],1,2,25,1,2
1,<environment.Job instance at 0x14706cd131e0>,3,27,[9 1],4,5,32,1,5
1,<environment.Job instance at 0x14706cd1b870>,5,20,[ 1 14],6,25,45,19,16
1,<environment.Job instance at 0x14706cd1b4b0>,6,1,[12  2],7,45,46,38,25
1,<environment.Job instance at 0x14706cc26f50>,11,22,[14  1],12,46,68,34,39
1,<environment.Job instance at 0x14706cc26f00>,13,13,[ 2 13],14,68,81,54,55
1,<environment.Job instance at 0x14706cc26eb0>,14,2,[11  2],15,68,70,53,57
1,<environment.Job instance at 0x14706cc303c0>,15,21,[10  1],16,70,91,54,63
1,<environment.Job instance at 0x14706cc300f0>,16,14,[14  2],17,91,105,74,76
1,<environment.Job instance at 0x14706cc30780>,17,19,[11  1],18,105,124,87,95
1,<environment.Job instance at 0x14706cc304b0>,18,28,[10  1],19,124,152,105,123
1,<environment.Job instance at 0x14706cc300a0>,19,14,[12  2],20,152,166,132,138
1,<environment.Job instance at 0x14706cd2f910>,9,18,[ 2 12],10,142,160,132,142
1,<environment.Job instance at 0x14706cc30960>,21,12,[ 2 11],22,160,172,138,147
1,<environment.Job instance at 0x14706cc306e0>,20,20,[ 2 14],21,172,192,151,163
1,<environment.Job instance at 0x14706cc30320>,23,3,[ 1 11],24,192,195,168,171
1,<environment.Job instance at 0x14706cc077d0>,2,12,[13  2],3,192,204,189,183
1,<environment.Job instance at 0x14706cc30190>,24,1,[14  2],25,204,205,179,184
1,<environment.Job instance at 0x14706bf97640>,29,19,[14  1],30,205,224,175,195
1,<environment.Job instance at 0x14706cc30910>,22,16,[ 2 12],23,224,240,201,215
1,<environment.Job instance at 0x14706c13fa50>,33,21,[7 2],34,224,245,190,216
1,<environment.Job instance at 0x14706bfad780>,37,18,[ 1 12],38,240,258,202,229
1,<environment.Job instance at 0x14706bfad820>,38,12,[ 1 14],39,258,270,219,241
1,<environment.Job instance at 0x14706bfad960>,39,12,[11  1],40,267,279,227,267
1,<environment.Job instance at 0x14706bfad1e0>,40,27,[ 2 14],41,270,297,229,268
1,<environment.Job instance at 0x14706cd2fb40>,10,3,[ 1 11],11,297,300,286,282
1,<environment.Job instance at 0x14706bfad280>,45,25,[7 2],46,297,322,251,295
1,<environment.Job instance at 0x14706bfad640>,43,3,[ 1 14],44,322,325,278,303
1,<environment.Job instance at 0x14706bfad8c0>,47,2,[ 1 12],48,305,307,257,305
1,<environment.Job instance at 0x14706bfab190>,48,25,[13  2],49,325,350,276,321
1,<environment.Job instance at 0x14706bfad500>,46,16,[ 2 11],47,325,341,278,324
1,<environment.Job instance at 0x14706c13f550>,36,21,[ 1 12],37,341,362,304,335
1,<environment.Job instance at 0x14706ce13190>,1,2,[ 2 13],2,362,364,360,349
1,<environment.Job instance at 0x14706bfad320>,41,2,[12  2],42,359,361,317,359
1,<environment.Job instance at 0x14706cd7bcd0>,2,22,[ 2 14],3,3,25,0,3
1,<environment.Job instance at 0x14706cd281e0>,3,3,[13  1],4,6,9,2,6
1,<environment.Job instance at 0x14706bfa7b90>,7,16,[13  1],8,13,29,5,13
1,<environment.Job instance at 0x14706bfa7c80>,11,1,[14  2],12,29,30,17,17
1,<environment.Job instance at 0x14706bfa7320>,9,24,[10  2],10,30,54,20,26
1,<environment.Job instance at 0x14706cc048c0>,5,22,[ 2 12],6,30,52,24,26
1,<environment.Job instance at 0x14706cc260a0>,19,17,[ 2 14],20,54,71,34,53
1,<environment.Job instance at 0x14706cc26140>,20,21,[1 5],21,71,92,50,63
1,<environment.Job instance at 0x14706cc26500>,22,20,[13  2],23,71,91,48,69
1,<environment.Job instance at 0x14706bfa73c0>,14,3,[ 2 13],15,92,95,77,70
1,<environment.Job instance at 0x14706cc26780>,23,15,[12  1],24,91,106,67,84
1,<environment.Job instance at 0x14706cc265a0>,16,3,[ 1 13],17,95,98,78,87
1,<environment.Job instance at 0x14706ad09f00>,27,12,[ 1 13],28,98,110,70,88
1,<environment.Job instance at 0x14706ad09fa0>,29,25,[ 2 12],30,110,135,80,106
1,<environment.Job instance at 0x14706ad09730>,30,27,[12  2],31,108,135,77,108
1,<environment.Job instance at 0x14706ad10e10>,31,18,[ 2 11],32,135,153,103,126
1,<environment.Job instance at 0x14706ad77f00>,34,14,[12  1],35,135,149,100,127
1,<environment.Job instance at 0x14706ad77d70>,35,17,[ 1 11],36,153,170,117,141
1,<environment.Job instance at 0x14706ad099b0>,28,26,[12  2],29,158,184,129,158
1,<environment.Job instance at 0x14706ad77dc0>,37,27,[1 9],38,170,197,132,170
1,<environment.Job instance at 0x14706ad77e10>,38,3,[ 1 12],39,197,200,158,172
1,<environment.Job instance at 0x14706ad77e60>,36,23,[ 1 14],37,200,223,163,194
1,<environment.Job instance at 0x14706ad090a0>,32,19,[11  2],33,223,242,190,213
1,<environment.Job instance at 0x14706ad77be0>,40,23,[ 2 13],41,236,259,195,236
1,<environment.Job instance at 0x14706ad65fa0>,41,2,[ 1 13],42,259,261,217,242
1,<environment.Job instance at 0x14706ad67870>,44,27,[ 1 12],45,262,289,217,262
1,<environment.Job instance at 0x14706ad77230>,43,25,[ 1 12],44,289,314,245,286
1,<environment.Job instance at 0x14706ad57690>,46,22,[12  2],47,291,313,244,291
1,<environment.Job instance at 0x14706ad67910>,45,2,[14  1],46,313,315,267,296
1,<environment.Job instance at 0x14706ae0e870>,47,20,[ 1 12],48,314,334,266,311
1,<environment.Job instance at 0x14706ad77b90>,42,16,[11  2],43,323,339,280,323
1,<environment.Job instance at 0x14706cc26230>,21,15,[ 1 11],22,367,382,345,367
1,<environment.Job instance at 0x14706ad095a0>,33,23,[ 1 12],34,391,414,357,391
1,<environment.Job instance at 0x14706ae1bb90>,1,19,[2 5],2,2,21,0,2
1,<environment.Job instance at 0x14706cd7bbe0>,3,28,[7 2],4,4,32,0,4
1,<environment.Job instance at 0x14706bf972d0>,4,28,[7 1],5,21,49,16,20
1,<environment.Job instance at 0x14706cd39500>,6,28,[ 1 11],7,21,49,14,21
1,<environment.Job instance at 0x14706bfab5f0>,13,25,[1 8],14,49,74,35,45
1,<environment.Job instance at 0x14706bfade60>,9,3,[13  2],10,66,69,56,66
1,<environment.Job instance at 0x14706ac657d0>,17,21,[12  1],18,69,90,51,66
1,<environment.Job instance at 0x14706bf0ebe0>,11,1,[ 1 11],12,80,81,68,80
1,<environment.Job instance at 0x14706ac659b0>,19,20,[2 8],20,81,101,61,81
1,<environment.Job instance at 0x14706ac65690>,21,20,[ 1 14],22,101,121,79,92
1,<environment.Job instance at 0x14706ac65960>,22,16,[12  2],23,121,137,98,113
1,<environment.Job instance at 0x14706ac65730>,20,26,[ 2 12],21,125,151,104,125
1,<environment.Job instance at 0x14706ac65e10>,24,15,[ 1 13],25,151,166,126,143
1,<environment.Job instance at 0x147069985e60>,26,23,[9 2],27,152,175,125,152
1,<environment.Job instance at 0x14706ac65b40>,23,14,[ 1 12],24,166,180,142,155
1,<environment.Job instance at 0x14706bfa76e0>,16,1,[12  2],17,175,176,158,165
1,<environment.Job instance at 0x147069985640>,28,27,[ 1 14],29,180,207,151,178
1,<environment.Job instance at 0x147069985960>,30,14,[6 1],31,190,204,159,190
1,<environment.Job instance at 0x147069985c80>,31,1,[11  1],32,204,205,172,201
1,<environment.Job instance at 0x14706cc26550>,0,19,[12  2],1,207,226,206,201
1,<environment.Job instance at 0x147069981280>,33,2,[7 1],34,205,207,171,204
1,<environment.Job instance at 0x147069981f00>,32,3,[11  2],33,226,229,193,218
1,<environment.Job instance at 0x147069981320>,35,3,[12  1],36,229,232,193,218
1,<environment.Job instance at 0x147069981c80>,37,28,[ 1 11],38,218,246,180,218
1,<environment.Job instance at 0x1470699813c0>,38,25,[ 1 12],39,246,271,207,242
1,<environment.Job instance at 0x147069981550>,36,3,[13  2],37,244,247,207,244
1,<environment.Job instance at 0x147069985d20>,27,2,[12  1],28,247,249,219,246
1,<environment.Job instance at 0x1470699816e0>,42,26,[ 2 12],43,271,297,228,270
1,<environment.Job instance at 0x1470699feb90>,43,2,[ 2 11],44,297,299,253,282
1,<environment.Job instance at 0x1470699fea50>,44,25,[10  1],45,296,321,251,296
1,<environment.Job instance at 0x147069981af0>,41,26,[ 1 14],42,299,325,257,296
1,<environment.Job instance at 0x1470699fe0f0>,46,26,[13  1],47,321,347,274,318
1,<environment.Job instance at 0x147069981e10>,40,12,[ 2 14],41,355,367,314,355
1,<environment.Job instance at 0x14706cc26e10>,8,24,[14  2],9,383,407,374,383
1,<environment.Job instance at 0x147069981460>,34,15,[11  2],35,407,422,372,406
1,<environment.Job instance at 0x14706bfab050>,4,24,[ 1 13],5,6,30,1,6
1,<environment.Job instance at 0x14706bfab3c0>,5,21,[11  1],6,6,27,0,6
1,<environment.Job instance at 0x14706bfab690>,6,19,[ 2 12],7,30,49,23,21
1,<environment.Job instance at 0x14706cd2d140>,7,1,[12  2],8,27,28,19,25
1,<environment.Job instance at 0x14706cc26af0>,11,26,[7 2],12,28,54,16,26
1,<environment.Job instance at 0x14706ad678c0>,9,28,[ 2 13],10,49,77,39,48
1,<environment.Job instance at 0x14706ad636e0>,12,21,[13  2],13,54,75,41,48
1,<environment.Job instance at 0x14706cd2de60>,8,1,[ 2 14],9,77,78,68,58
1,<environment.Job instance at 0x14706ac54230>,13,3,[ 2 13],14,78,81,64,61
1,<environment.Job instance at 0x14706ad29cd0>,19,12,[ 2 14],20,81,93,61,66
1,<environment.Job instance at 0x14706ad669b0>,21,28,[ 2 13],22,93,121,71,92
1,<environment.Job instance at 0x147068616050>,25,19,[5 1],26,96,115,70,96
1,<environment.Job instance at 0x14706ad097d0>,15,20,[1 5],16,121,141,105,112
1,<environment.Job instance at 0x1470686704b0>,26,24,[ 2 10],27,121,145,94,116
1,<environment.Job instance at 0x1470687c5410>,30,24,[11  2],31,141,165,110,137
1,<environment.Job instance at 0x147068616410>,31,2,[1 7],32,145,147,113,138
1,<environment.Job instance at 0x14706873d730>,35,15,[6 1],36,165,180,129,157
1,<environment.Job instance at 0x14706883e910>,33,28,[ 1 14],34,165,193,131,165
1,<environment.Job instance at 0x1470687799b0>,36,22,[ 2 11],37,193,215,156,187
1,<environment.Job instance at 0x147068732870>,39,19,[13  2],40,195,214,155,195
1,<environment.Job instance at 0x147068779aa0>,41,3,[1 7],42,215,218,173,212
1,<environment.Job instance at 0x147068756640>,42,19,[13  2],43,215,234,172,215
1,<environment.Job instance at 0x147068779b40>,38,12,[ 2 12],39,218,230,179,217
1,<environment.Job instance at 0x1470687c1be0>,44,12,[ 2 13],45,230,242,185,222
1,<environment.Job instance at 0x147068765f00>,47,20,[5 2],48,234,254,186,226
1,<environment.Job instance at 0x1470687c1b40>,43,25,[11  1],44,254,279,210,250
1,<environment.Job instance at 0x147069b080a0>,2,24,[ 1 13],3,255,279,252,255
1,<environment.Job instance at 0x14706acaf230>,10,22,[11  2],11,282,304,271,282
1,<environment.Job instance at 0x147068720960>,0,28,[ 2 13],1,1,29,0,1
1,<environment.Job instance at 0x1470699a05a0>,3,25,[13  2],4,4,29,0,4
1,<environment.Job instance at 0x1470699600f0>,4,22,[ 1 13],5,29,51,24,23
1,<environment.Job instance at 0x1470699598c0>,8,26,[6 2],9,29,55,20,27
1,<environment.Job instance at 0x147069985230>,12,1,[ 2 13],13,51,52,38,39
1,<environment.Job instance at 0x1470699859b0>,13,2,[8 1],14,52,54,38,40
1,<environment.Job instance at 0x147068715280>,16,1,[ 1 11],17,52,53,35,43
1,<environment.Job instance at 0x14706995ea50>,7,26,[9 1],8,54,80,46,53
1,<environment.Job instance at 0x147068715fa0>,18,20,[ 1 13],19,59,79,40,59
1,<environment.Job instance at 0x147068715460>,14,24,[ 1 11],15,79,103,64,75
1,<environment.Job instance at 0x147068715dc0>,17,2,[12  2],18,83,85,65,83
1,<environment.Job instance at 0x14706b443820>,23,23,[13  2],24,85,108,61,83
1,<environment.Job instance at 0x147068715910>,24,3,[ 1 13],25,103,106,78,84
1,<environment.Job instance at 0x14706b443e10>,25,24,[ 1 10],26,106,130,80,101
1,<environment.Job instance at 0x14706b5063c0>,20,2,[1 9],21,130,132,109,103
1,<environment.Job instance at 0x14706b4435a0>,27,3,[ 2 13],28,132,135,104,110
1,<environment.Job instance at 0x14706b49da00>,30,14,[11  2],31,112,126,81,112
1,<environment.Job instance at 0x14706bee0140>,31,24,[10  1],32,126,150,94,121
1,<environment.Job instance at 0x14706bee0be0>,32,20,[13  2],33,150,170,117,141
1,<environment.Job instance at 0x14706b4f2140>,34,12,[7 1],35,170,182,135,161
1,<environment.Job instance at 0x14706b4c0910>,39,1,[2 8],40,162,163,122,162
1,<environment.Job instance at 0x14706bdaa960>,40,3,[7 1],41,170,173,129,162
1,<environment.Job instance at 0x14706b4916e0>,41,27,[ 1 13],42,163,190,121,162
1,<environment.Job instance at 0x14706bd61780>,42,20,[14  1],43,182,202,139,173
1,<environment.Job instance at 0x14706bd75960>,43,22,[12  1],44,202,224,158,196
1,<environment.Job instance at 0x14706b4fc320>,44,1,[ 1 12],45,198,199,153,198
1,<environment.Job instance at 0x14706bd5c780>,45,20,[2 9],46,202,222,156,199
1,<environment.Job instance at 0x14706bee0460>,38,24,[12  1],39,224,248,185,221
1,<environment.Job instance at 0x14706b6a9320>,47,28,[10  1],48,248,276,200,247
1,<environment.Job instance at 0x14706bd9e7d0>,36,2,[11  2],37,276,278,239,267
1,<environment.Job instance at 0x1470687c3d70>,1,3,[11  2],2,278,281,276,272
1,<environment.Job instance at 0x14706b491fa0>,48,1,[12  1],49,281,282,232,272
1,<environment.Job instance at 0x14706b521dc0>,26,3,[ 2 12],27,285,288,258,285
1,<environment.Job instance at 0x1470699660f0>,0,21,[ 2 12],1,1,22,0,1
1,<environment.Job instance at 0x147068739f50>,4,3,[ 2 11],5,22,25,17,7
1,<environment.Job instance at 0x14706b49d280>,3,21,[ 2 13],4,25,46,21,17
1,<environment.Job instance at 0x14706b5ec280>,9,26,[5 1],10,17,43,7,17
1,<environment.Job instance at 0x1470699660a0>,8,3,[11  1],9,43,46,34,17
1,<environment.Job instance at 0x14706bdbdd20>,13,22,[ 1 13],14,46,68,32,45
1,<environment.Job instance at 0x1470686163c0>,6,3,[11  2],7,46,49,39,46
1,<environment.Job instance at 0x14706beef5f0>,17,12,[13  1],18,54,66,36,54
1,<environment.Job instance at 0x14706b5d3c80>,16,25,[ 2 14],17,68,93,51,64
1,<environment.Job instance at 0x14706bd0baf0>,21,15,[7 1],22,67,82,45,67
1,<environment.Job instance at 0x147067aa2640>,24,22,[7 2],25,93,115,68,86
1,<environment.Job instance at 0x147067aa2820>,27,1,[14  1],28,115,116,87,87
1,<environment.Job instance at 0x147067aa2230>,28,23,[6 1],29,87,110,58,87
1,<environment.Job instance at 0x147067aa21e0>,25,27,[2 7],26,116,143,90,114
1,<environment.Job instance at 0x147067c56d70>,32,21,[10  2],33,116,137,83,115
1,<environment.Job instance at 0x147067aa2500>,29,15,[ 2 14],30,143,158,113,130
1,<environment.Job instance at 0x147067bd7a00>,33,15,[13  1],34,137,152,103,132
1,<environment.Job instance at 0x147067c4d050>,37,25,[11  1],38,152,177,114,148
1,<environment.Job instance at 0x147067ba5a00>,39,21,[1 7],40,158,179,118,151
1,<environment.Job instance at 0x147067aa25a0>,35,24,[12  1],36,177,201,141,177
1,<environment.Job instance at 0x147067ba55f0>,40,27,[2 9],41,179,206,138,177
1,<environment.Job instance at 0x147067ba31e0>,43,3,[6 1],44,201,204,157,181
1,<environment.Job instance at 0x14706cf8cfa0>,42,18,[14  2],43,206,224,163,198
1,<environment.Job instance at 0x147067aa25f0>,30,2,[12  2],31,204,206,173,203
1,<environment.Job instance at 0x147067b440f0>,48,22,[2 8],49,224,246,175,217
1,<environment.Job instance at 0x147067c4c0a0>,45,21,[ 2 14],46,246,267,200,238
1,<environment.Job instance at 0x147069959c80>,1,1,[12  1],2,240,241,238,240
1,<environment.Job instance at 0x147067ca1f00>,46,1,[ 1 13],47,267,268,220,253
1,<environment.Job instance at 0x14706bd52870>,14,23,[11  1],15,253,276,238,253
1,<environment.Job instance at 0x14706b499aa0>,0,28,[1 6],1,3,31,2,3
1,<environment.Job instance at 0x147067b44370>,4,18,[13  2],5,8,26,3,8
1,<environment.Job instance at 0x14706b4439b0>,10,18,[12  1],11,26,44,15,15
1,<environment.Job instance at 0x14706870f4b0>,11,20,[14  2],12,44,64,32,38
1,<environment.Job instance at 0x14706bef7cd0>,14,23,[11  2],15,64,87,49,60
1,<environment.Job instance at 0x147068720140>,5,19,[ 1 11],6,62,81,56,62
1,<environment.Job instance at 0x147067b53f00>,18,20,[12  2],19,87,107,68,78
1,<environment.Job instance at 0x147067b535f0>,17,17,[1 7],18,81,98,63,79
1,<environment.Job instance at 0x147067b538c0>,19,2,[ 1 11],20,98,100,78,93
1,<environment.Job instance at 0x147067b53d20>,22,17,[1 9],23,100,117,77,94
1,<environment.Job instance at 0x147067b53aa0>,23,21,[9 2],24,107,128,83,99
1,<environment.Job instance at 0x147067b53fa0>,24,14,[11  2],25,128,142,103,117
1,<environment.Job instance at 0x147066785870>,25,21,[11  2],26,142,163,116,135
1,<environment.Job instance at 0x147066785820>,26,28,[2 5],27,135,163,108,135
1,<environment.Job instance at 0x147066782e10>,28,28,[12  2],29,163,191,134,162
1,<environment.Job instance at 0x147066782410>,29,23,[1 9],30,163,186,133,162
1,<environment.Job instance at 0x147066782af0>,30,17,[ 1 11],31,186,203,155,174
1,<environment.Job instance at 0x147067b53140>,21,22,[11  1],22,191,213,169,188
1,<environment.Job instance at 0x147066782870>,31,21,[2 6],32,203,224,171,195
1,<environment.Job instance at 0x147066782050>,35,26,[5 2],36,213,239,177,210
1,<environment.Job instance at 0x1470667820f0>,36,21,[ 2 12],37,224,245,187,216
1,<environment.Job instance at 0x147066782140>,37,3,[ 1 13],38,245,248,207,228
1,<environment.Job instance at 0x147066782960>,34,16,[12  2],35,239,255,204,231
1,<environment.Job instance at 0x1470667822d0>,39,16,[ 2 13],40,248,264,208,235
1,<environment.Job instance at 0x1470667f0500>,40,14,[14  2],41,264,278,223,249
1,<environment.Job instance at 0x1470667f0780>,41,25,[1 8],42,264,289,222,262
1,<environment.Job instance at 0x1470667f0730>,38,18,[ 2 14],39,289,307,250,281
1,<environment.Job instance at 0x1470667fe730>,42,3,[14  1],43,307,310,264,293
1,<environment.Job instance at 0x1470667fec30>,44,23,[ 1 12],45,307,330,262,301
1,<environment.Job instance at 0x14706b6af3c0>,7,17,[11  2],8,310,327,302,304
1,<environment.Job instance at 0x147066789640>,47,24,[1 6],48,330,354,282,326
1,<environment.Job instance at 0x1470667fed20>,48,20,[8 1],49,327,347,278,327
1,<environment.Job instance at 0x1470668fad20>,46,1,[ 1 12],47,354,355,307,334
1,<environment.Job instance at 0x1470667feaf0>,43,3,[ 2 13],44,355,358,311,336
1,<environment.Job instance at 0x14706b498c30>,12,15,[ 1 13],13,358,373,345,345
1,<environment.Job instance at 0x147067b1caf0>,1,27,[12  1],2,376,403,374,376
1,<environment.Job instance at 0x147066946730>,3,25,[9 2],4,5,30,1,5
1,<environment.Job instance at 0x1470667bfc80>,6,1,[13  1],7,30,31,23,26
1,<environment.Job instance at 0x147067ca1fa0>,5,27,[13  1],6,31,58,25,29
1,<environment.Job instance at 0x14706b5d30a0>,9,23,[9 1],10,58,81,48,52
1,<environment.Job instance at 0x14706bd0b690>,10,24,[2 7],11,52,76,41,52
1,<environment.Job instance at 0x147067aa2c80>,11,19,[ 1 12],12,76,95,64,66
1,<environment.Job instance at 0x14706870f140>,8,25,[12  2],9,81,106,72,77
1,<environment.Job instance at 0x14706bcc1550>,14,24,[2 8],15,95,119,80,95
1,<environment.Job instance at 0x14706686d9b0>,7,26,[12  2],8,106,132,98,105
1,<environment.Job instance at 0x147067b44cd0>,16,21,[2 7],17,119,140,102,112
1,<environment.Job instance at 0x147067b44870>,19,24,[5 1],20,132,156,112,127
1,<environment.Job instance at 0x147067b44690>,18,15,[ 1 14],19,140,155,121,137
1,<environment.Job instance at 0x147067b44230>,20,15,[ 2 12],21,155,170,134,141
1,<environment.Job instance at 0x147068763e10>,4,18,[ 1 14],5,170,188,165,160
1,<environment.Job instance at 0x14706b4790a0>,23,19,[ 1 11],24,188,207,164,184
1,<environment.Job instance at 0x147067b44190>,22,18,[ 2 14],23,207,225,184,201
1,<environment.Job instance at 0x14706547e050>,30,17,[11  1],31,214,231,183,214
1,<environment.Job instance at 0x14706550d050>,29,23,[1 6],30,225,248,195,221
1,<environment.Job instance at 0x1470655dc0a0>,34,20,[8 1],35,231,251,196,227
1,<environment.Job instance at 0x14706567c460>,33,28,[1 7],34,227,255,193,227
1,<environment.Job instance at 0x14706bcc1370>,13,13,[14  2],14,251,264,237,249
1,<environment.Job instance at 0x14706547e0a0>,39,16,[ 1 11],40,255,271,215,250
1,<environment.Job instance at 0x14706547e0f0>,40,22,[14  2],41,264,286,223,257
1,<environment.Job instance at 0x147065632820>,41,3,[12  2],42,286,289,244,266
1,<environment.Job instance at 0x147065632780>,42,3,[11  1],43,289,292,246,268
1,<environment.Job instance at 0x14706557ed70>,43,28,[6 2],44,292,320,248,291
1,<environment.Job instance at 0x14706557eaf0>,44,20,[12  1],45,320,340,275,311
1,<environment.Job instance at 0x147065631aa0>,45,21,[13  1],46,340,361,294,332
1,<environment.Job instance at 0x14706559e9b0>,38,13,[14  1],39,361,374,322,351
1,<environment.Job instance at 0x147065631960>,47,26,[1 5],48,368,394,320,368
1,<environment.Job instance at 0x14706554a460>,36,25,[12  1],37,374,399,337,374
1,<environment.Job instance at 0x1470655b82d0>,37,26,[13  1],38,399,425,361,397
1,<environment.Job instance at 0x14706b6af6e0>,1,27,[11  1],2,434,461,432,434
1,<environment.Job instance at 0x147067aa2dc0>,0,17,[ 2 12],1,2,19,1,2
1,<environment.Job instance at 0x14706b498050>,4,3,[9 1],5,5,8,0,5
1,<environment.Job instance at 0x147066785af0>,5,21,[9 1],6,8,29,2,7
1,<environment.Job instance at 0x147065624e10>,1,1,[13  2],2,29,30,27,9
1,<environment.Job instance at 0x14706bcc1910>,9,1,[8 1],10,30,31,20,14
1,<environment.Job instance at 0x14706b454fa0>,12,15,[ 1 13],13,24,39,11,24
1,<environment.Job instance at 0x14706870f910>,6,21,[12  1],7,31,52,24,24
1,<environment.Job instance at 0x147065498410>,17,25,[13  1],18,52,77,34,48
1,<environment.Job instance at 0x147065498a50>,19,23,[11  2],20,77,100,57,71
1,<environment.Job instance at 0x147065498d20>,22,21,[ 1 13],23,72,93,49,72
1,<environment.Job instance at 0x147065498dc0>,23,21,[5 1],24,100,121,76,92
1,<environment.Job instance at 0x14706412bc30>,25,3,[ 2 13],26,94,97,68,94
1,<environment.Job instance at 0x14706412bd70>,26,26,[10  2],27,100,126,73,97
1,<environment.Job instance at 0x14706412beb0>,27,28,[14  1],28,126,154,98,125
1,<environment.Job instance at 0x14706412be10>,28,24,[7 2],29,154,178,125,149
1,<environment.Job instance at 0x14706412bfa0>,29,25,[11  1],30,178,203,148,174
1,<environment.Job instance at 0x14706412ba00>,30,19,[2 7],31,174,193,143,174
1,<environment.Job instance at 0x1470641300f0>,31,2,[11  1],32,203,205,171,187
1,<environment.Job instance at 0x14706412bf00>,32,13,[1 5],33,187,200,154,187
1,<environment.Job instance at 0x147064130230>,33,16,[11  2],34,205,221,171,193
1,<environment.Job instance at 0x1470641302d0>,34,2,[ 1 11],35,200,202,165,193
1,<environment.Job instance at 0x147064130370>,35,28,[11  2],36,221,249,185,220
1,<environment.Job instance at 0x147064130410>,36,24,[ 2 13],37,220,244,183,220
1,<environment.Job instance at 0x1470641304b0>,37,17,[ 2 12],38,244,261,206,233
1,<environment.Job instance at 0x1470641305f0>,38,22,[5 2],39,249,271,210,244
1,<environment.Job instance at 0x1470641306e0>,39,23,[2 9],40,261,284,221,255
1,<environment.Job instance at 0x147064130550>,40,19,[9 2],41,271,290,230,262
1,<environment.Job instance at 0x147064130780>,41,19,[2 7],42,284,303,242,275
1,<environment.Job instance at 0x147065498140>,14,13,[14  2],15,303,316,288,299
1,<environment.Job instance at 0x147065498190>,24,16,[14  1],25,316,332,291,303
1,<environment.Job instance at 0x147064130820>,42,28,[ 2 10],43,332,360,289,331
1,<environment.Job instance at 0x147065498af0>,21,1,[ 1 14],22,331,332,309,331
1,<environment.Job instance at 0x147064130b40>,47,21,[13  1],48,338,359,290,338
1,<environment.Job instance at 0x147064130690>,48,18,[ 2 12],49,360,378,311,353
1,<environment.Job instance at 0x1470667db6e0>,11,20,[11  1],12,371,391,359,371
1,<environment.Job instance at 0x14706685e280>,2,28,[2 5],3,3,31,0,3
1,<environment.Job instance at 0x1470667b5a50>,5,21,[11  2],6,6,27,0,6
1,<environment.Job instance at 0x147064134690>,12,14,[11  1],13,27,41,14,27
1,<environment.Job instance at 0x147064134640>,14,12,[1 6],15,27,39,12,27
1,<environment.Job instance at 0x147064134550>,13,1,[12  1],14,41,42,27,36
1,<environment.Job instance at 0x147064134870>,15,14,[ 1 13],16,39,53,23,36
1,<environment.Job instance at 0x147064134140>,17,27,[ 2 10],18,53,80,35,51
1,<environment.Job instance at 0x147064134370>,20,27,[11  1],21,52,79,31,52
1,<environment.Job instance at 0x14706b22d8c0>,25,3,[14  2],26,80,83,54,61
1,<environment.Job instance at 0x14706b22d500>,26,18,[12  2],27,83,101,56,79
1,<environment.Job instance at 0x14706b22d1e0>,29,24,[ 1 14],30,101,125,71,97
1,<environment.Job instance at 0x14706f416190>,33,15,[6 1],34,106,121,72,106
1,<environment.Job instance at 0x147064134a00>,18,28,[ 2 14],19,125,153,106,124
1,<environment.Job instance at 0x14706549e960>,9,27,[11  1],10,133,160,123,133
1,<environment.Job instance at 0x147069f2b9b0>,38,28,[7 2],39,160,188,121,159
1,<environment.Job instance at 0x14707007cc80>,39,25,[ 1 14],40,188,213,148,185
1,<environment.Job instance at 0x147068a3ecd0>,40,20,[ 2 13],41,213,233,172,205
1,<environment.Job instance at 0x14706905cf50>,45,15,[7 1],46,206,221,160,206
1,<environment.Job instance at 0x147071f04dc0>,47,20,[11  1],48,223,243,175,223
1,<environment.Job instance at 0x14706f47b5a0>,48,22,[ 2 11],49,233,255,184,226
1,<environment.Job instance at 0x147069fa6be0>,46,27,[ 2 12],47,255,282,208,253
1,<environment.Job instance at 0x14706cd63500>,37,18,[11  1],38,266,284,228,266
1,<environment.Job instance at 0x1470667db6e0>,3,27,[ 1 12],4,282,309,278,280
1,<environment.Job instance at 0x14706412b9b0>,4,23,[ 1 13],5,309,332,304,308
1,<environment.Job instance at 0x14706a2c3fa0>,2,3,[8 1],3,3,6,0,3
1,<environment.Job instance at 0x14706c3c5f00>,4,26,[9 2],5,6,32,1,5
1,<environment.Job instance at 0x147065498eb0>,6,20,[6 1],7,7,27,0,7
1,<environment.Job instance at 0x147064130d20>,7,17,[ 1 13],8,27,44,19,17
1,<environment.Job instance at 0x14706549e460>,8,3,[1 5],9,44,47,35,32
1,<environment.Job instance at 0x147069e4e0a0>,15,1,[ 2 11],16,47,48,31,45
1,<environment.Job instance at 0x147069e4e370>,16,25,[5 2],17,45,70,28,45
1,<environment.Job instance at 0x147069e4e2d0>,17,23,[14  2],18,70,93,52,64
1,<environment.Job instance at 0x147069e4e550>,9,28,[ 1 11],10,75,103,65,75
1,<environment.Job instance at 0x147069ed8eb0>,19,3,[14  1],20,93,96,73,76
1,<environment.Job instance at 0x147069f092d0>,23,1,[11  2],24,96,97,72,85
1,<environment.Job instance at 0x14706ce04140>,25,21,[2 5],26,103,124,77,95
1,<environment.Job instance at 0x14706ce04460>,26,21,[ 1 11],27,124,145,97,118
1,<environment.Job instance at 0x14706ce3bd20>,27,24,[5 2],28,118,142,90,118
1,<environment.Job instance at 0x14706ce3b780>,28,2,[ 1 14],29,145,147,116,132
1,<environment.Job instance at 0x14706d69ef00>,30,24,[5 2],31,147,171,116,142
1,<environment.Job instance at 0x14706d69ecd0>,31,16,[1 7],32,147,163,115,144
1,<environment.Job instance at 0x14706ceb8c80>,32,21,[1 6],33,147,168,114,147
1,<environment.Job instance at 0x14706d69e0f0>,33,15,[ 2 14],34,171,186,137,160
1,<environment.Job instance at 0x14706ceb87d0>,35,12,[2 6],36,186,198,150,171
1,<environment.Job instance at 0x14706ceb8d20>,36,19,[7 1],37,171,190,134,171
1,<environment.Job instance at 0x14706ceb8d70>,37,14,[1 5],38,186,200,148,176
1,<environment.Job instance at 0x14706ceb80f0>,38,14,[13  1],39,198,212,159,184
1,<environment.Job instance at 0x14706d829410>,41,3,[ 2 11],42,200,203,158,188
1,<environment.Job instance at 0x14706d8290f0>,42,26,[2 9],43,203,229,160,200
1,<environment.Job instance at 0x14706cdc6e60>,43,13,[13  1],44,212,225,168,203
1,<environment.Job instance at 0x14706ddc0e10>,44,3,[14  2],45,229,232,184,205
1,<environment.Job instance at 0x14706c384dc0>,45,20,[14  1],46,232,252,186,223
1,<environment.Job instance at 0x14706ecee910>,46,3,[13  2],47,225,228,178,225
1,<environment.Job instance at 0x14706ce4d4b0>,47,15,[1 9],48,229,244,181,228
1,<environment.Job instance at 0x14706c4275f0>,48,23,[14  2],49,252,275,203,247
1,<environment.Job instance at 0x147069e4eb90>,14,22,[14  2],15,275,297,260,271
1,<environment.Job instance at 0x147069e4eaa0>,10,12,[ 1 11],11,289,301,278,289
1,<environment.Job instance at 0x14706cecbb90>,24,25,[14  1],25,297,322,272,293
1,<environment.Job instance at 0x14706b25d500>,3,20,[ 1 12],4,301,321,297,294
1,<environment.Job instance at 0x14706ceb8690>,2,24,[ 1 11],3,5,29,2,5
1,<environment.Job instance at 0x14706ce61d70>,3,28,[2 7],4,29,57,25,29
1,<environment.Job instance at 0x147069ed85a0>,8,24,[8 1],9,29,53,20,29
1,<environment.Job instance at 0x14706412bd20>,6,2,[11  2],7,53,55,46,46
1,<environment.Job instance at 0x14706c3c55a0>,13,28,[ 2 10],14,57,85,43,56
1,<environment.Job instance at 0x14706a2c3190>,14,20,[10  2],15,56,76,41,56
1,<environment.Job instance at 0x14706a2c3370>,16,24,[5 1],17,76,100,59,72
1,<environment.Job instance at 0x14706fcba140>,17,19,[1 7],18,85,104,67,75
1,<environment.Job instance at 0x14706b22d2d0>,19,21,[14  2],20,100,121,80,93
1,<environment.Job instance at 0x14706b22df50>,20,20,[ 1 13],21,104,124,83,95
1,<environment.Job instance at 0x147069e4e690>,22,16,[ 2 12],23,124,140,101,112
1,<environment.Job instance at 0x14706ce57230>,24,1,[8 2],25,122,123,97,122
1,<environment.Job instance at 0x14706a3ff1e0>,10,25,[12  2],11,123,148,112,123
1,<environment.Job instance at 0x14706d3cec30>,4,18,[ 2 14],5,148,166,143,143
1,<environment.Job instance at 0x14706b5110f0>,27,16,[12  1],28,148,164,120,144
1,<environment.Job instance at 0x14706ce578c0>,25,2,[ 2 13],26,166,168,140,155
1,<environment.Job instance at 0x14706ce57190>,26,1,[ 2 13],27,168,169,141,161
1,<environment.Job instance at 0x14706b511e60>,31,27,[13  1],32,166,193,134,166
1,<environment.Job instance at 0x14706b511a50>,32,19,[ 2 12],33,169,188,136,166
1,<environment.Job instance at 0x14706b511500>,34,1,[5 1],35,193,194,158,168
1,<environment.Job instance at 0x14706b511190>,35,23,[2 6],36,188,211,152,184
1,<environment.Job instance at 0x14706aef7e60>,38,25,[12  1],39,194,219,155,190
1,<environment.Job instance at 0x14706b511d70>,42,28,[ 1 12],43,211,239,168,211
1,<environment.Job instance at 0x14706ac83f50>,44,25,[11  2],45,229,254,184,229
1,<environment.Job instance at 0x14706b511050>,30,1,[14  2],31,254,255,223,231
1,<environment.Job instance at 0x14706ad99410>,46,16,[5 1],47,255,271,208,246
1,<environment.Job instance at 0x14706aefec30>,45,23,[ 1 14],46,255,278,209,249
1,<environment.Job instance at 0x14706b221be0>,47,12,[ 1 12],48,278,290,230,266
1,<environment.Job instance at 0x147069ed8050>,11,28,[ 1 12],12,290,318,278,289
1,<environment.Job instance at 0x14706afa1d20>,41,15,[ 1 14],42,318,333,276,314
1,<environment.Job instance at 0x14706a2c3410>,15,20,[11  2],16,367,387,351,367
1,<environment.Job instance at 0x14706a2c3500>,0,24,[ 2 12],1,1,25,0,1
1,<environment.Job instance at 0x14706af298c0>,3,24,[11  1],4,4,28,0,4
1,<environment.Job instance at 0x14706c324280>,6,19,[5 2],7,28,47,21,18
1,<environment.Job instance at 0x14706e350870>,8,20,[9 1],9,28,48,19,28
1,<environment.Job instance at 0x14706ce04190>,13,28,[ 2 12],14,47,75,33,46
1,<environment.Job instance at 0x147069f09f00>,14,19,[8 2],15,63,82,48,63
1,<environment.Job instance at 0x14706d44dd70>,10,16,[ 1 14],11,82,98,71,69
1,<environment.Job instance at 0x14706549e1e0>,9,3,[ 2 12],10,98,101,88,85
1,<environment.Job instance at 0x14706d44d140>,16,12,[ 1 11],17,101,113,84,91
1,<environment.Job instance at 0x14706b5d5e60>,19,17,[ 2 14],20,113,130,93,105
1,<environment.Job instance at 0x14706b5d5190>,21,28,[12  1],22,106,134,84,106
1,<environment.Job instance at 0x14706d44d4b0>,15,20,[ 1 12],16,130,150,114,125
1,<environment.Job instance at 0x14706c54bfa0>,26,20,[8 2],27,134,154,107,132
1,<environment.Job instance at 0x14706b5d54b0>,22,2,[ 1 11],23,150,152,127,137
1,<environment.Job instance at 0x14706c54be60>,28,15,[ 1 12],29,152,167,123,147
1,<environment.Job instance at 0x14706c54b050>,27,27,[14  2],28,154,181,126,152
1,<environment.Job instance at 0x14706c54b8c0>,29,2,[ 1 13],30,167,169,137,156
1,<environment.Job instance at 0x14706c54b780>,32,18,[ 1 11],33,169,187,136,158
1,<environment.Job instance at 0x14706c54b640>,34,24,[ 1 14],35,187,211,152,182
1,<environment.Job instance at 0x14706c54b140>,25,22,[9 1],26,184,206,158,184
1,<environment.Job instance at 0x14706c54e9b0>,36,1,[14  1],37,206,207,169,185
1,<environment.Job instance at 0x14706c54e870>,38,20,[ 1 11],39,211,231,172,202
1,<environment.Job instance at 0x14706c54e4b0>,40,26,[8 1],41,207,233,166,204
1,<environment.Job instance at 0x14706c54ec30>,37,28,[6 1],38,213,241,175,213
1,<environment.Job instance at 0x14706c54ec80>,44,21,[ 2 14],45,233,254,188,225
1,<environment.Job instance at 0x14706c50b1e0>,47,26,[6 2],48,254,280,206,251
1,<environment.Job instance at 0x14706c8c6730>,45,22,[14  1],46,280,302,234,275
1,<environment.Job instance at 0x147066873320>,1,15,[11  2],2,311,326,309,311
1,<environment.Job instance at 0x14706c54e2d0>,41,12,[ 1 14],42,326,338,284,314
1,<environment.Job instance at 0x14706e966be0>,11,24,[12  1],12,326,350,314,325
1,<environment.Job instance at 0x14706330edc0>,4,27,[ 2 14],5,5,32,0,5
1,<environment.Job instance at 0x147062ea4460>,6,17,[9 1],7,23,40,16,23
1,<environment.Job instance at 0x1470631b3f50>,7,24,[12  2],8,42,66,34,42
1,<environment.Job instance at 0x147063209140>,9,2,[ 2 11],10,58,60,48,58
1,<environment.Job instance at 0x1470631b3af0>,12,23,[11  2],13,66,89,53,61
1,<environment.Job instance at 0x147063239230>,3,3,[12  2],4,89,92,85,71
1,<environment.Job instance at 0x1470631b3550>,11,2,[ 1 13],12,73,75,61,73
1,<environment.Job instance at 0x14706330d190>,13,3,[ 1 12],14,75,78,61,74
1,<environment.Job instance at 0x1470633728c0>,20,21,[ 1 14],21,92,113,71,86
1,<environment.Job instance at 0x14706330d3c0>,22,26,[8 2],23,113,139,90,110
1,<environment.Job instance at 0x1470635eacd0>,25,27,[7 1],26,110,137,84,110
1,<environment.Job instance at 0x147063533b40>,26,21,[ 2 12],27,137,158,110,129
1,<environment.Job instance at 0x14706346b410>,30,23,[13  2],31,139,162,108,133
1,<environment.Job instance at 0x1470634e6960>,33,2,[12  2],34,162,164,128,149
1,<environment.Job instance at 0x1470634a6280>,35,26,[6 2],36,164,190,128,162
1,<environment.Job instance at 0x147063522af0>,27,27,[7 1],28,179,206,151,179
1,<environment.Job instance at 0x1470634e5320>,36,22,[11  2],37,206,228,169,199
1,<environment.Job instance at 0x147063537050>,38,16,[ 1 12],39,199,215,160,199
1,<environment.Job instance at 0x147063498e10>,39,14,[11  1],40,228,242,188,215
1,<environment.Job instance at 0x147063537460>,40,24,[ 1 10],41,215,239,174,215
1,<environment.Job instance at 0x1470634eac80>,41,28,[ 2 13],42,239,267,197,238
1,<environment.Job instance at 0x1470634a2780>,37,28,[13  1],38,258,286,220,258
1,<environment.Job instance at 0x14706377b0a0>,42,26,[ 1 14],43,267,293,224,264
1,<environment.Job instance at 0x14706377b690>,43,15,[11  1],44,286,301,242,282
1,<environment.Job instance at 0x147063779be0>,46,27,[8 2],47,301,328,254,299
1,<environment.Job instance at 0x147063779fa0>,48,25,[11  1],49,328,353,279,326
1,<environment.Job instance at 0x14706330da00>,15,24,[ 2 14],16,328,352,312,328
1,<environment.Job instance at 0x1470635406e0>,34,28,[11  1],35,353,381,318,352
1,<environment.Job instance at 0x147063779050>,47,1,[ 2 13],48,372,373,324,372
1,<environment.Job instance at 0x14706330ec30>,2,22,[14  2],3,385,407,382,385
1,<environment.Job instance at 0x147065a82f50>,0,24,[ 1 10],1,1,25,0,1
1,<environment.Job instance at 0x14706d6745a0>,5,25,[7 1],6,8,33,2,8
1,<environment.Job instance at 0x14706d829320>,6,19,[ 1 13],7,25,44,18,17
1,<environment.Job instance at 0x14706d0ec550>,12,22,[2 6],13,44,66,31,43
1,<environment.Job instance at 0x14706eae77d0>,13,27,[1 8],14,44,71,30,43
1,<environment.Job instance at 0x147067e23410>,16,19,[ 1 12],17,71,90,54,64
1,<environment.Job instance at 0x147067e23b40>,15,24,[ 2 13],16,90,114,74,85
1,<environment.Job instance at 0x14706fd2df00>,10,3,[ 1 14],11,114,117,103,89
1,<environment.Job instance at 0x14706d8a2780>,19,21,[14  2],20,117,138,97,109
1,<environment.Job instance at 0x14706eb330f0>,22,25,[ 2 12],23,138,163,115,134
1,<environment.Job instance at 0x14706d8a21e0>,21,22,[14  2],22,163,185,141,157
1,<environment.Job instance at 0x14706eb33a50>,24,20,[ 2 13],25,185,205,160,180
1,<environment.Job instance at 0x14706db15690>,27,25,[14  2],28,205,230,177,201
1,<environment.Job instance at 0x14706db15cd0>,28,20,[1 9],29,205,225,176,205
1,<environment.Job instance at 0x14706eae71e0>,17,3,[ 1 13],18,225,228,207,224
1,<environment.Job instance at 0x14706d04ac80>,31,23,[5 1],32,230,253,198,224
1,<environment.Job instance at 0x14706d04aa00>,34,20,[5 1],35,230,250,195,230
1,<environment.Job instance at 0x14706d04a280>,35,23,[11  2],36,253,276,217,247
1,<environment.Job instance at 0x14706d04a5f0>,37,22,[2 5],38,248,270,210,248
1,<environment.Job instance at 0x14706d7aea50>,40,19,[1 7],41,263,282,222,263
1,<environment.Job instance at 0x14706eb33140>,25,1,[11  1],26,276,277,250,269
1,<environment.Job instance at 0x14706d53bdc0>,42,23,[ 1 14],43,282,305,239,276
1,<environment.Job instance at 0x14706d53bd20>,43,3,[ 1 14],44,305,308,261,282
1,<environment.Job instance at 0x14706d53beb0>,46,21,[2 6],47,308,329,261,301
1,<environment.Job instance at 0x14706d53bf00>,47,26,[12  2],48,308,334,260,305
1,<environment.Job instance at 0x14706d7ae230>,41,18,[ 2 13],42,331,349,289,331
1,<environment.Job instance at 0x147065a82550>,2,18,[ 1 12],3,349,367,346,339
1,<environment.Job instance at 0x14706d04a960>,38,1,[ 1 13],39,367,368,328,356
1,<environment.Job instance at 0x14706d0b6b40>,14,3,[14  2],15,365,368,350,365
1,<environment.Job instance at 0x14706cfa18c0>,0,23,[2 6],1,1,24,0,1
1,<environment.Job instance at 0x14706cfa24b0>,4,22,[9 1],5,5,27,0,5
1,<environment.Job instance at 0x14706cf559b0>,6,1,[12  2],7,27,28,20,18
1,<environment.Job instance at 0x14706d2201e0>,5,20,[ 1 14],6,28,48,22,25
1,<environment.Job instance at 0x14706cfa2460>,3,27,[9 1],4,28,55,24,26
1,<environment.Job instance at 0x14706d664550>,10,3,[ 1 11],11,48,51,37,31
1,<environment.Job instance at 0x14706d0ed230>,11,22,[14  1],12,55,77,43,48
1,<environment.Job instance at 0x14706d0ed780>,14,2,[11  2],15,77,79,62,57
1,<environment.Job instance at 0x14706f092cd0>,15,21,[10  1],16,79,100,63,71
1,<environment.Job instance at 0x14706d0edc30>,13,13,[ 2 13],14,77,90,63,75
1,<environment.Job instance at 0x14706d313e10>,17,19,[11  1],18,100,119,82,91
1,<environment.Job instance at 0x14706d248190>,18,28,[10  1],19,119,147,100,118
1,<environment.Job instance at 0x14706ea778c0>,19,14,[12  2],20,147,161,127,138
1,<environment.Job instance at 0x14706ea77190>,20,20,[ 2 14],21,161,181,140,152
1,<environment.Job instance at 0x14706d2e60a0>,21,12,[ 2 11],22,181,193,159,165
1,<environment.Job instance at 0x147066b4e960>,22,16,[ 2 12],23,193,209,170,185
1,<environment.Job instance at 0x14706d2bfaf0>,23,3,[ 1 11],24,209,212,185,187
1,<environment.Job instance at 0x14706d2bfc30>,24,1,[14  2],25,209,210,184,193
1,<environment.Job instance at 0x14706d3133c0>,16,14,[14  2],17,210,224,193,195
1,<environment.Job instance at 0x14706d2bf280>,27,19,[8 1],28,224,243,196,214
1,<environment.Job instance at 0x14706d674d20>,9,18,[ 2 12],10,224,242,214,219
1,<environment.Job instance at 0x147066bb9dc0>,29,19,[14  1],30,243,262,213,235
1,<environment.Job instance at 0x147066b4a320>,36,21,[ 1 12],37,242,263,205,237
1,<environment.Job instance at 0x14706d53b8c0>,1,2,[ 2 13],2,263,265,261,258
1,<environment.Job instance at 0x147066ba79b0>,40,27,[ 2 14],41,265,292,224,263
1,<environment.Job instance at 0x147066b4a0a0>,37,18,[ 1 12],38,292,310,254,284
1,<environment.Job instance at 0x147066ba7550>,39,12,[11  1],40,294,306,254,294
1,<environment.Job instance at 0x1470668c6500>,44,3,[6 2],45,306,309,261,296
1,<environment.Job instance at 0x147066ba7410>,45,25,[7 2],46,309,334,263,305
1,<environment.Job instance at 0x147066810c80>,46,16,[ 2 11],47,310,326,263,306
1,<environment.Job instance at 0x147066ba7cd0>,41,2,[12  2],42,334,336,292,310
1,<environment.Job instance at 0x147066adcd20>,48,25,[13  2],49,336,361,287,332
1,<environment.Job instance at 0x147066ba7d70>,47,2,[ 1 12],48,341,343,293,341
1,<environment.Job instance at 0x147066b4a820>,38,12,[ 1 14],39,361,373,322,355
1,<environment.Job instance at 0x147065a822d0>,2,12,[13  2],3,373,385,370,366
1,<environment.Job instance at 0x147066b9caa0>,43,3,[ 1 14],44,426,429,382,426
1,<environment.Job instance at 0x14706d248320>,0,20,[10  2],1,2,22,1,2
1,<environment.Job instance at 0x14706d583640>,5,22,[ 2 12],6,7,29,1,7
1,<environment.Job instance at 0x14706d078960>,9,24,[10  2],10,22,46,12,17
1,<environment.Job instance at 0x14706d3138c0>,10,2,[ 2 10],11,29,31,18,29
1,<environment.Job instance at 0x14706d53b640>,12,3,[2 8],13,31,34,18,29
1,<environment.Job instance at 0x14706e319a50>,13,28,[2 5],14,31,59,17,30
1,<environment.Job instance at 0x14706e319c30>,14,3,[ 2 13],15,59,62,44,45
1,<environment.Job instance at 0x14706dc335f0>,15,25,[2 7],16,62,87,46,58
1,<environment.Job instance at 0x14706ccf3e60>,11,1,[14  2],12,87,88,75,68
1,<environment.Job instance at 0x14706eae75f0>,18,28,[7 2],19,88,116,69,87
1,<environment.Job instance at 0x147066b4e050>,3,3,[13  1],4,116,119,112,95
1,<environment.Job instance at 0x14706cdf7370>,20,21,[1 5],21,95,116,74,95
1,<environment.Job instance at 0x147067e2a6e0>,21,15,[ 1 11],22,116,131,94,103
1,<environment.Job instance at 0x147069446fa0>,22,20,[13  2],23,119,139,96,115
1,<environment.Job instance at 0x14706dc33410>,16,3,[ 1 13],17,131,134,114,126
1,<environment.Job instance at 0x14706dc33dc0>,19,17,[ 2 14],20,139,156,119,132
1,<environment.Job instance at 0x147068ed1190>,28,26,[12  2],29,156,182,127,153
1,<environment.Job instance at 0x1470689e8550>,29,25,[ 2 12],30,156,181,126,153
1,<environment.Job instance at 0x147068e81230>,30,27,[12  2],31,182,209,151,180
1,<environment.Job instance at 0x147068e81a50>,31,18,[ 2 11],32,181,199,149,180
1,<environment.Job instance at 0x147068ed1a50>,32,19,[11  2],33,209,228,176,199
1,<environment.Job instance at 0x14706cdc5870>,33,23,[ 1 12],34,201,224,167,201
1,<environment.Job instance at 0x14706c7058c0>,34,14,[12  1],35,228,242,193,219
1,<environment.Job instance at 0x14706c705870>,35,17,[ 1 11],36,224,241,188,219
1,<environment.Job instance at 0x147068ed1c30>,36,23,[ 1 14],37,241,264,204,235
1,<environment.Job instance at 0x147068edf230>,37,27,[1 9],38,264,291,226,262
1,<environment.Job instance at 0x147068edf500>,38,3,[ 1 12],39,291,294,252,272
1,<environment.Job instance at 0x1470669b9eb0>,2,22,[ 2 14],3,294,316,291,288
1,<environment.Job instance at 0x147068f01780>,40,23,[ 2 13],41,316,339,275,310
1,<environment.Job instance at 0x14706d823410>,23,15,[12  1],24,311,326,287,311
1,<environment.Job instance at 0x147068fbafa0>,43,25,[ 1 12],44,339,364,295,335
1,<environment.Job instance at 0x147068fba7d0>,44,27,[ 1 12],45,364,391,319,363
1,<environment.Job instance at 0x147068ed14b0>,27,12,[ 1 13],28,391,403,363,376
1,<environment.Job instance at 0x147068fba1e0>,46,22,[12  2],47,377,399,330,377
1,<environment.Job instance at 0x147068fba2d0>,45,2,[14  1],46,399,401,353,381
1,<environment.Job instance at 0x147068f7c190>,47,20,[ 1 12],48,403,423,355,394
1,<environment.Job instance at 0x147068f01870>,42,16,[11  2],43,401,417,358,401
1,<environment.Job instance at 0x147068f01370>,41,2,[ 1 13],42,423,425,381,408
1,<environment.Job instance at 0x14706d078f00>,7,16,[13  1],8,421,437,413,421
1,<environment.Job instance at 0x14706ccf31e0>,0,19,[12  2],1,1,20,0,1
1,<environment.Job instance at 0x147066a755a0>,6,28,[ 1 11],7,9,37,2,9
1,<environment.Job instance at 0x1470668dd5a0>,8,24,[14  2],9,20,44,11,15
1,<environment.Job instance at 0x147066ae7e10>,10,20,[6 1],11,44,64,33,37
1,<environment.Job instance at 0x14706ea77460>,14,26,[2 9],15,44,70,29,41
1,<environment.Job instance at 0x147066bb9910>,18,24,[10  2],19,64,88,45,61
1,<environment.Job instance at 0x147066b4c190>,20,26,[ 2 12],21,72,98,51,72
1,<environment.Job instance at 0x147065a82190>,17,21,[12  1],18,90,111,72,90
1,<environment.Job instance at 0x147066b4ceb0>,21,20,[ 1 14],22,107,127,85,107
1,<environment.Job instance at 0x147066915460>,16,1,[12  2],17,127,128,110,118
1,<environment.Job instance at 0x147066b4a370>,11,1,[ 1 11],12,127,128,115,121
1,<environment.Job instance at 0x147068ed69b0>,25,19,[7 1],26,128,147,102,122
1,<environment.Job instance at 0x14706de976e0>,27,2,[12  1],28,147,149,119,140
1,<environment.Job instance at 0x14706de97960>,28,27,[ 1 14],29,140,167,111,140
1,<environment.Job instance at 0x14706de97280>,29,28,[9 1],30,149,177,119,149
1,<environment.Job instance at 0x14706de97b40>,30,14,[6 1],31,167,181,136,152
1,<environment.Job instance at 0x14706d078320>,9,3,[13  2],10,181,184,171,162
1,<environment.Job instance at 0x14706de93be0>,24,15,[ 1 13],25,177,192,152,174
1,<environment.Job instance at 0x14706de97aa0>,34,15,[11  2],35,185,200,150,185
1,<environment.Job instance at 0x14706de97500>,31,1,[11  1],32,200,201,168,186
1,<environment.Job instance at 0x1470676b6f00>,36,3,[13  2],37,201,204,164,197
1,<environment.Job instance at 0x14706de8f550>,37,28,[ 1 11],38,197,225,159,197
1,<environment.Job instance at 0x14706de97230>,38,25,[ 1 12],39,225,250,186,221
1,<environment.Job instance at 0x14706de8f910>,40,12,[ 2 14],41,250,262,209,233
1,<environment.Job instance at 0x14706de8fcd0>,41,26,[ 1 14],42,262,288,220,259
1,<environment.Job instance at 0x147062d146e0>,42,26,[ 2 12],43,288,314,245,285
1,<environment.Job instance at 0x14706de97dc0>,35,3,[12  1],36,286,289,250,286
1,<environment.Job instance at 0x14706de88d20>,44,25,[10  1],45,289,314,244,286
1,<environment.Job instance at 0x14706de88d70>,43,2,[ 2 11],44,314,316,270,308
1,<environment.Job instance at 0x14706de884b0>,46,26,[13  1],47,314,340,267,311
1,<environment.Job instance at 0x14706de97f00>,32,3,[11  2],33,355,358,322,355
1,<environment.Job instance at 0x147068ed6cd0>,22,16,[12  2],23,364,380,341,364
1,<environment.Job instance at 0x147068ed6550>,23,14,[ 1 12],24,386,400,362,386
1,<environment.Job instance at 0x147062d24910>,2,24,[ 1 13],3,3,27,0,3
1,<environment.Job instance at 0x147062d24a50>,6,19,[ 2 12],7,27,46,20,21
1,<environment.Job instance at 0x147062d24e60>,4,24,[ 1 13],5,46,70,41,44
1,<environment.Job instance at 0x147062d24140>,10,22,[11  2],11,46,68,35,46
1,<environment.Job instance at 0x147062d24dc0>,11,26,[7 2],12,69,95,57,69
1,<environment.Job instance at 0x147062d24500>,9,28,[ 2 13],10,70,98,60,70
1,<environment.Job instance at 0x147062d24870>,12,21,[13  2],13,95,116,82,87
1,<environment.Job instance at 0x14706c390b40>,14,27,[2 7],15,98,125,83,97
1,<environment.Job instance at 0x14706c390af0>,15,20,[1 5],16,116,136,100,110
1,<environment.Job instance at 0x147062d24c30>,13,3,[ 2 13],14,136,139,122,118
1,<environment.Job instance at 0x14706c3904b0>,17,2,[10  2],18,121,123,103,121
1,<environment.Job instance at 0x14706c390780>,16,20,[2 5],17,139,159,122,130
1,<environment.Job instance at 0x14706c390c80>,20,28,[7 1],21,131,159,110,131
1,<environment.Job instance at 0x14706c3903c0>,21,28,[ 2 13],22,159,187,137,158
1,<environment.Job instance at 0x14706c3905f0>,22,20,[7 2],23,166,186,143,166
1,<environment.Job instance at 0x147062d24960>,5,21,[11  1],6,186,207,180,178
1,<environment.Job instance at 0x14706c390f50>,23,20,[1 6],24,187,207,163,178
1,<environment.Job instance at 0x147062d24190>,7,1,[12  2],8,207,208,199,188
1,<environment.Job instance at 0x147072a3b410>,25,19,[5 1],26,208,227,182,198
1,<environment.Job instance at 0x14706c330dc0>,28,25,[5 2],29,208,233,179,205
1,<environment.Job instance at 0x14706c29f9b0>,30,24,[11  2],31,233,257,202,228
1,<environment.Job instance at 0x14706a148910>,33,28,[ 1 14],34,257,285,223,256
1,<environment.Job instance at 0x14706e2cf870>,36,22,[ 2 11],37,285,307,248,280
1,<environment.Job instance at 0x14706c8e97d0>,38,12,[ 2 12],39,307,319,268,301
1,<environment.Job instance at 0x14706d0ed9b0>,40,24,[1 5],41,319,343,278,314
1,<environment.Job instance at 0x14706e056c30>,42,19,[13  2],43,314,333,271,314
1,<environment.Job instance at 0x14706d59f5a0>,43,25,[11  1],44,333,358,289,329
1,<environment.Job instance at 0x14706901cc80>,46,21,[1 7],47,333,354,286,333
1,<environment.Job instance at 0x14706c3909b0>,19,12,[ 2 14],20,354,366,334,337
1,<environment.Job instance at 0x14706d173eb0>,47,20,[5 2],48,366,386,318,357
1,<environment.Job instance at 0x14706d173a50>,44,12,[ 2 13],45,380,392,335,380
1,<environment.Job instance at 0x147062d24b90>,8,1,[ 2 14],9,392,393,383,389
1,<environment.Job instance at 0x14706d494910>,39,19,[13  2],40,395,414,355,395
1,<environment.Job instance at 0x147062d14d70>,0,28,[ 2 13],1,1,29,0,1
1,<environment.Job instance at 0x14706debd320>,3,25,[13  2],4,4,29,0,4
1,<environment.Job instance at 0x14706937e690>,4,22,[ 1 13],5,29,51,24,23
1,<environment.Job instance at 0x14706e13c9b0>,7,26,[9 1],8,29,55,21,26
1,<environment.Job instance at 0x14706db0dbe0>,12,1,[ 2 13],13,51,52,38,43
1,<environment.Job instance at 0x14706c3907d0>,1,3,[11  2],2,55,58,53,46
1,<environment.Job instance at 0x147068ba1f00>,14,24,[ 1 11],15,52,76,37,48
1,<environment.Job instance at 0x1470685ee8c0>,21,28,[9 1],22,58,86,36,57
1,<environment.Job instance at 0x14706e95ac30>,22,17,[2 5],23,76,93,53,68
1,<environment.Job instance at 0x1470693ec9b0>,23,23,[13  2],24,86,109,62,81
1,<environment.Job instance at 0x147068610820>,16,1,[ 1 11],17,102,103,85,102
1,<environment.Job instance at 0x1470693ecd20>,18,20,[ 1 13],19,103,123,84,103
1,<environment.Job instance at 0x14706dab8eb0>,28,21,[2 6],29,123,144,94,117
1,<environment.Job instance at 0x1470693ec8c0>,24,3,[ 1 13],25,144,147,119,131
1,<environment.Job instance at 0x14706dab8dc0>,26,3,[ 2 12],27,147,150,120,137
1,<environment.Job instance at 0x14706dab8aa0>,31,24,[10  1],32,137,161,105,137
1,<environment.Job instance at 0x14706dab8280>,30,14,[11  2],31,161,175,130,149
1,<environment.Job instance at 0x14706dab8910>,32,20,[13  2],33,175,195,142,166
1,<environment.Job instance at 0x147068610460>,17,2,[12  2],18,195,197,177,179
1,<environment.Job instance at 0x14706cb54eb0>,41,27,[ 1 13],42,183,210,141,183
1,<environment.Job instance at 0x14706cb548c0>,42,20,[14  1],43,197,217,154,191
1,<environment.Job instance at 0x14706d535550>,43,22,[12  1],44,217,239,173,210
1,<environment.Job instance at 0x14706cb54be0>,38,24,[12  1],39,239,263,200,234
1,<environment.Job instance at 0x14706cb54a50>,46,28,[1 7],47,241,269,194,241
1,<environment.Job instance at 0x14706c61bdc0>,47,28,[10  1],48,263,291,215,262
1,<environment.Job instance at 0x14706cb54cd0>,36,2,[11  2],37,291,293,254,267
1,<environment.Job instance at 0x14706ba20410>,48,1,[12  1],49,293,294,244,268
1,<environment.Job instance at 0x14706dab8be0>,27,3,[ 2 13],28,279,282,251,279
1,<environment.Job instance at 0x14706d0eb960>,44,1,[ 1 12],45,285,286,240,285
1,<environment.Job instance at 0x1470698f6d20>,0,21,[ 2 12],1,1,22,0,1
1,<environment.Job instance at 0x14706cf265a0>,3,21,[ 2 13],4,22,43,18,18
1,<environment.Job instance at 0x14706c619550>,4,3,[ 2 11],5,43,46,38,19
1,<environment.Job instance at 0x14706d173370>,9,26,[5 1],10,23,49,13,23
1,<environment.Job instance at 0x147067ea00a0>,7,24,[2 6],8,46,70,38,41
1,<environment.Job instance at 0x14706b91b870>,11,25,[2 7],12,49,74,37,49
1,<environment.Job instance at 0x14706c390e10>,12,23,[8 2],13,49,72,36,49
1,<environment.Job instance at 0x147062d1b6e0>,13,22,[ 1 13],14,74,96,60,67
1,<environment.Job instance at 0x14706b91b820>,14,23,[11  1],15,72,95,57,67
1,<environment.Job instance at 0x14706da06690>,16,25,[ 2 14],17,96,121,79,92
1,<environment.Job instance at 0x147068465230>,8,3,[11  1],9,115,118,106,115
1,<environment.Job instance at 0x14706da06c80>,17,12,[13  1],18,118,130,100,117
1,<environment.Job instance at 0x14706937ed70>,19,14,[1 9],20,121,135,101,118
1,<environment.Job instance at 0x14706937ef00>,24,22,[7 2],25,130,152,105,129
1,<environment.Job instance at 0x14706937e3c0>,25,27,[2 7],26,137,164,111,137
1,<environment.Job instance at 0x147063ed75a0>,26,25,[10  2],27,152,177,125,148
1,<environment.Job instance at 0x147063830d20>,29,15,[ 2 14],30,177,192,147,170
1,<environment.Job instance at 0x1470638d4320>,32,21,[10  2],33,192,213,159,184
1,<environment.Job instance at 0x147063ed7f00>,27,1,[14  1],28,213,214,185,191
1,<environment.Job instance at 0x147063ed7910>,30,2,[12  2],31,214,216,183,193
1,<environment.Job instance at 0x1470682b1e60>,1,1,[12  1],2,216,217,214,204
1,<environment.Job instance at 0x14706385a3c0>,35,24,[12  1],36,217,241,181,213
1,<environment.Job instance at 0x1470637f4a50>,40,27,[2 9],41,225,252,184,225
1,<environment.Job instance at 0x1470638baeb0>,37,25,[11  1],38,241,266,203,237
1,<environment.Job instance at 0x1470637e1820>,45,21,[ 2 14],46,252,273,206,244
1,<environment.Job instance at 0x1470638640f0>,46,1,[ 1 13],47,273,274,226,255
1,<environment.Job instance at 0x1470639af190>,42,18,[14  2],43,273,291,230,266
1,<environment.Job instance at 0x147063ed7550>,33,15,[13  1],34,294,309,260,294
1,<environment.Job instance at 0x147067eecdc0>,6,3,[11  2],7,333,336,326,333
1,<environment.Job instance at 0x14706937eb40>,0,28,[1 6],1,1,29,0,1
1,<environment.Job instance at 0x147063ed73c0>,1,27,[12  1],2,2,29,0,2
1,<environment.Job instance at 0x1470684b3500>,5,19,[ 1 11],6,29,48,23,19
1,<environment.Job instance at 0x147063ed7fa0>,4,18,[13  2],5,29,47,24,20
1,<environment.Job instance at 0x14706da06eb0>,11,20,[14  2],12,47,67,35,38
1,<environment.Job instance at 0x14706cb5bb40>,12,15,[ 1 13],13,61,76,48,61
1,<environment.Job instance at 0x147063d682d0>,16,21,[10  1],17,67,88,50,61
1,<environment.Job instance at 0x147063d28140>,18,20,[12  2],19,88,108,69,79
1,<environment.Job instance at 0x1470639f4910>,20,18,[2 6],21,91,109,70,91
1,<environment.Job instance at 0x14706dab8730>,19,2,[ 1 11],20,109,111,89,98
1,<environment.Job instance at 0x14706dab82d0>,21,22,[11  1],22,108,130,86,102
1,<environment.Job instance at 0x1470639f4050>,23,21,[9 2],24,130,151,106,122
1,<environment.Job instance at 0x1470639875f0>,25,21,[11  2],26,151,172,125,143
1,<environment.Job instance at 0x147063d68050>,7,17,[11  2],8,172,189,164,166
1,<environment.Job instance at 0x147068baa500>,29,23,[1 9],30,168,191,138,168
1,<environment.Job instance at 0x14706a2c3d20>,28,28,[12  2],29,189,217,160,188
1,<environment.Job instance at 0x147068b66910>,30,17,[ 1 11],31,212,229,181,212
1,<environment.Job instance at 0x147063987b90>,24,14,[11  2],25,221,235,196,221
1,<environment.Job instance at 0x147068b66e60>,36,21,[ 2 12],37,229,250,192,222
1,<environment.Job instance at 0x147068b66460>,37,3,[ 1 13],38,250,253,212,231
1,<environment.Job instance at 0x147068b66b90>,34,16,[12  2],35,235,251,200,234
1,<environment.Job instance at 0x147069b16af0>,40,14,[14  2],41,251,265,210,238
1,<environment.Job instance at 0x147069848d20>,42,3,[14  1],43,265,268,222,247
1,<environment.Job instance at 0x14706d9f63c0>,10,18,[12  1],11,268,286,257,260
1,<environment.Job instance at 0x14706b4f5dc0>,44,23,[ 1 12],45,269,292,224,269
1,<environment.Job instance at 0x1470698480a0>,45,22,[10  1],46,286,308,240,279
1,<environment.Job instance at 0x147069b16370>,38,18,[ 2 14],39,292,310,253,289
1,<environment.Job instance at 0x147068a6f230>,48,20,[8 1],49,308,328,259,302
1,<environment.Job instance at 0x147069848c30>,43,3,[ 2 13],44,324,327,280,324
1,<environment.Job instance at 0x14706c4c9af0>,14,23,[11  2],15,337,360,322,337
1,<environment.Job instance at 0x147069b16a00>,39,16,[ 2 13],40,349,365,309,349
1,<environment.Job instance at 0x147068a6f5f0>,46,1,[ 1 12],47,376,377,329,376
1,<environment.Job instance at 0x147068ad08c0>,3,25,[9 2],4,4,29,0,4
1,<environment.Job instance at 0x14706c837140>,5,27,[13  1],6,29,56,23,27
1,<environment.Job instance at 0x147062d1b3c0>,7,26,[12  2],8,56,82,48,53
1,<environment.Job instance at 0x14706394cd70>,8,25,[12  2],9,82,107,73,78
1,<environment.Job instance at 0x147063d68fa0>,10,24,[2 7],11,86,110,75,86
1,<environment.Job instance at 0x147063d68780>,11,19,[ 1 12],12,110,129,98,100
1,<environment.Job instance at 0x147063d68cd0>,14,24,[2 8],15,129,153,114,124
1,<environment.Job instance at 0x14706937ee10>,15,27,[9 1],16,124,151,108,124
1,<environment.Job instance at 0x14706adcfe10>,6,1,[13  1],7,151,152,144,127
1,<environment.Job instance at 0x147063d28e60>,17,1,[8 1],18,152,153,134,139
1,<environment.Job instance at 0x147063d68370>,18,15,[ 1 14],19,153,168,134,139
1,<environment.Job instance at 0x147063953fa0>,22,18,[ 2 14],23,168,186,145,157
1,<environment.Job instance at 0x14706dd64870>,23,19,[ 1 11],24,186,205,162,176
1,<environment.Job instance at 0x14706dd64be0>,24,27,[6 1],25,176,203,151,176
1,<environment.Job instance at 0x14706dd64910>,25,24,[9 1],26,203,227,177,198
1,<environment.Job instance at 0x14706dd64190>,26,22,[1 7],27,205,227,178,198
1,<environment.Job instance at 0x1470640a57d0>,27,2,[ 2 10],28,227,229,199,200
1,<environment.Job instance at 0x1470640a55a0>,29,23,[1 6],30,229,252,199,223
1,<environment.Job instance at 0x1470640a5b90>,30,17,[11  1],31,227,244,196,223
1,<environment.Job instance at 0x1470640a5910>,31,26,[7 1],32,244,270,212,241
1,<environment.Job instance at 0x1470640a5460>,32,28,[2 6],33,241,269,208,241
1,<environment.Job instance at 0x1470640a5eb0>,33,28,[1 7],34,252,280,218,251
1,<environment.Job instance at 0x1470640a51e0>,36,25,[12  1],37,270,295,233,266
1,<environment.Job instance at 0x1470640a5e60>,37,26,[13  1],38,295,321,257,292
1,<environment.Job instance at 0x147068aca640>,4,18,[ 1 14],5,293,311,288,293
1,<environment.Job instance at 0x1470640a5a50>,38,13,[14  1],39,321,334,282,307
1,<environment.Job instance at 0x1470640a56e0>,40,22,[14  2],41,334,356,293,327
1,<environment.Job instance at 0x14706a188500>,41,3,[12  2],42,356,359,314,330
1,<environment.Job instance at 0x14706a54d050>,42,3,[11  1],43,359,362,316,335
1,<environment.Job instance at 0x1470640a50a0>,39,16,[ 1 11],40,350,366,310,350
1,<environment.Job instance at 0x14706a4e1780>,45,21,[13  1],46,362,383,316,359
1,<environment.Job instance at 0x14706a4e15a0>,44,20,[12  1],45,383,403,338,375
1,<environment.Job instance at 0x14706a4165a0>,46,24,[6 2],47,403,427,356,398
1,<environment.Job instance at 0x14706a9daf50>,1,27,[11  1],2,431,458,429,431
1,<environment.Job instance at 0x147063953be0>,20,15,[ 2 12],21,434,449,413,434
1,<environment.Job instance at 0x147063d68280>,13,13,[14  2],14,458,471,444,443
1,<environment.Job instance at 0x147065fad640>,0,17,[ 2 12],1,2,19,1,2
1,<environment.Job instance at 0x14706801aa50>,5,21,[9 1],6,7,28,1,7
1,<environment.Job instance at 0x14706801a0f0>,6,21,[12  1],7,28,49,21,20
1,<environment.Job instance at 0x147068073280>,10,24,[ 2 10],11,20,44,9,20
1,<environment.Job instance at 0x1470680732d0>,11,20,[11  1],12,49,69,37,40
1,<environment.Job instance at 0x147068480640>,17,25,[13  1],18,69,94,51,65
1,<environment.Job instance at 0x147068017a00>,18,1,[2 8],19,65,66,46,65
1,<environment.Job instance at 0x147068017aa0>,19,23,[11  2],20,94,117,74,88
1,<environment.Job instance at 0x147069a2f870>,21,1,[ 1 14],22,88,89,66,88
1,<environment.Job instance at 0x147068480190>,22,21,[ 1 13],23,89,110,66,88
1,<environment.Job instance at 0x147069a627d0>,23,21,[5 1],24,117,138,93,110
1,<environment.Job instance at 0x147068073b40>,12,15,[ 1 13],13,111,126,98,111
1,<environment.Job instance at 0x147066e17140>,26,26,[10  2],27,126,152,99,123
1,<environment.Job instance at 0x147069a2f0f0>,27,28,[14  1],28,152,180,124,151
1,<environment.Job instance at 0x1470682a6690>,29,25,[11  1],30,180,205,150,176
1,<environment.Job instance at 0x14706b911aa0>,31,2,[11  1],32,205,207,173,178
1,<environment.Job instance at 0x147069a62140>,25,3,[ 2 13],26,185,188,159,185
1,<environment.Job instance at 0x14706b5d0320>,34,2,[ 1 11],35,188,190,153,185
1,<environment.Job instance at 0x14706b5d0f50>,35,28,[11  2],36,207,235,171,206
1,<environment.Job instance at 0x14706b5d0230>,36,24,[ 2 13],37,206,230,169,206
1,<environment.Job instance at 0x14706b5d0b90>,37,17,[ 2 12],38,230,247,192,218
1,<environment.Job instance at 0x14706b5d0d20>,38,22,[5 2],39,235,257,196,228
1,<environment.Job instance at 0x14706b5d0c30>,39,23,[2 9],40,247,270,207,242
1,<environment.Job instance at 0x14706b82f500>,40,19,[9 2],41,257,276,216,247
1,<environment.Job instance at 0x14706b82f690>,42,28,[ 2 10],43,270,298,227,269
1,<environment.Job instance at 0x14706b82f7d0>,43,17,[7 2],44,276,293,232,269
1,<environment.Job instance at 0x14706b911f50>,33,16,[11  2],34,293,309,259,284
1,<environment.Job instance at 0x1470680f75f0>,47,21,[13  1],48,309,330,261,301
1,<environment.Job instance at 0x1470680f7690>,48,18,[ 2 12],49,317,335,268,317
1,<environment.Job instance at 0x147069c2ba50>,24,16,[14  1],25,335,351,310,331
1,<environment.Job instance at 0x147067fe9690>,1,1,[13  2],2,351,352,349,337
1,<environment.Job instance at 0x147068073a00>,14,13,[14  2],15,405,418,390,405
1,<environment.Job instance at 0x1470639f4870>,2,28,[2 5],3,3,31,0,3
1,<environment.Job instance at 0x1470680185a0>,6,25,[2 8],7,7,32,0,7
1,<environment.Job instance at 0x14706fe009b0>,5,21,[11  2],6,11,32,5,11
1,<environment.Job instance at 0x1470658d70a0>,9,27,[11  1],10,32,59,22,30
1,<environment.Job instance at 0x147067fe9280>,3,27,[ 1 12],4,32,59,28,32
1,<environment.Job instance at 0x14706c2c9e10>,17,27,[ 2 10],18,59,86,41,57
1,<environment.Job instance at 0x14706c2c9640>,18,28,[ 2 14],19,86,114,67,85
1,<environment.Job instance at 0x14706c2c9c30>,20,27,[11  1],21,87,114,66,87
1,<environment.Job instance at 0x14706c2c9be0>,23,28,[2 8],24,114,142,90,113
1,<environment.Job instance at 0x147066609690>,24,28,[7 1],25,114,142,89,113
1,<environment.Job instance at 0x14706b52d780>,13,1,[12  1],14,142,143,128,126
1,<environment.Job instance at 0x147066609dc0>,26,18,[12  2],27,143,161,116,132
1,<environment.Job instance at 0x147066609780>,28,24,[8 1],29,161,185,132,156
1,<environment.Job instance at 0x147068e3ad70>,29,24,[ 1 14],30,161,185,131,156
1,<environment.Job instance at 0x147068e3a5a0>,30,14,[10  1],31,185,199,154,172
1,<environment.Job instance at 0x147068017e60>,4,23,[ 1 13],5,185,208,180,181
1,<environment.Job instance at 0x147068e3ae10>,31,1,[9 2],32,199,200,167,191
1,<environment.Job instance at 0x147068e3a140>,33,15,[6 1],34,200,215,166,195
1,<environment.Job instance at 0x14706b52d460>,12,14,[11  1],13,215,229,202,203
1,<environment.Job instance at 0x14706b0b4780>,15,14,[ 1 13],16,212,226,196,212
1,<environment.Job instance at 0x14706508d730>,39,25,[ 1 14],40,226,251,186,222
1,<environment.Job instance at 0x14706c2c96e0>,25,3,[14  2],26,251,254,225,237
1,<environment.Job instance at 0x1470656c7140>,40,20,[ 2 13],41,254,274,213,245
1,<environment.Job instance at 0x147068e3a0a0>,35,3,[1 9],36,251,254,215,248
1,<environment.Job instance at 0x147064fa5820>,37,18,[11  1],38,259,277,221,259
1,<environment.Job instance at 0x147065ccdc80>,46,27,[ 2 12],47,274,301,227,272
1,<environment.Job instance at 0x147063faf410>,47,20,[11  1],48,277,297,229,275
1,<environment.Job instance at 0x147065383780>,48,22,[ 2 11],49,301,323,252,294
1,<environment.Job instance at 0x14706b52df50>,0,23,[8 1],1,1,24,0,1
1,<environment.Job instance at 0x147064ef3f50>,3,20,[ 1 12],4,6,26,2,6
1,<environment.Job instance at 0x1470684ca960>,6,20,[6 1],7,9,29,2,9
1,<environment.Job instance at 0x147069a534b0>,9,28,[ 1 11],10,26,54,16,25
1,<environment.Job instance at 0x14706b511b40>,14,22,[14  2],15,29,51,14,27
1,<environment.Job instance at 0x1470684840a0>,7,17,[ 1 13],8,54,71,46,45
1,<environment.Job instance at 0x14706493c320>,16,25,[5 2],17,51,76,34,47
1,<environment.Job instance at 0x147064134a50>,21,22,[7 1],22,71,93,49,64
1,<environment.Job instance at 0x147067fe96e0>,23,1,[11  2],24,93,94,69,88
1,<environment.Job instance at 0x1470679ff4b0>,24,25,[14  1],25,94,119,69,90
1,<environment.Job instance at 0x1470679ffaf0>,26,21,[ 1 11],27,90,111,63,90
1,<environment.Job instance at 0x14706df5d9b0>,28,2,[ 1 14],29,111,113,82,107
1,<environment.Job instance at 0x147066d22be0>,19,3,[14  1],20,119,122,99,114
1,<environment.Job instance at 0x14706d490c30>,32,21,[1 6],33,115,136,82,115
1,<environment.Job instance at 0x14706df5dd20>,34,24,[2 9],35,122,146,87,120
1,<environment.Job instance at 0x147067af25f0>,36,19,[7 1],37,136,155,99,127
1,<environment.Job instance at 0x147067af2a00>,38,14,[13  1],39,155,169,116,143
1,<environment.Job instance at 0x147067cdd5a0>,41,3,[ 2 11],42,168,171,126,168
1,<environment.Job instance at 0x147067af2b90>,42,26,[2 9],43,171,197,128,168
1,<environment.Job instance at 0x147067aeac30>,43,13,[13  1],44,169,182,125,168
1,<environment.Job instance at 0x147067cdd190>,44,3,[14  2],45,197,200,152,177
1,<environment.Job instance at 0x147067c99960>,45,20,[14  1],46,200,220,154,191
1,<environment.Job instance at 0x147067e056e0>,46,3,[13  2],47,220,223,173,212
1,<environment.Job instance at 0x1470677c3eb0>,15,1,[ 2 11],16,220,221,204,213
1,<environment.Job instance at 0x147067ace7d0>,48,23,[14  2],49,223,246,174,217
1,<environment.Job instance at 0x1470680730f0>,10,12,[ 1 11],11,234,246,223,234
1,<environment.Job instance at 0x14706493c910>,17,23,[14  2],18,246,269,228,242
1,<environment.Job instance at 0x147067d9fc80>,33,15,[ 2 14],34,274,289,240,274
1,<environment.Job instance at 0x147068073730>,0,24,[ 1 10],1,1,25,0,1
1,<environment.Job instance at 0x14706493c640>,3,28,[2 7],4,25,53,21,24
1,<environment.Job instance at 0x147068125960>,7,24,[10  2],8,24,48,16,24
1,<environment.Job instance at 0x14706b511050>,10,25,[12  2],11,48,73,37,45
1,<environment.Job instance at 0x147064df4730>,11,28,[ 1 12],12,53,81,41,53
1,<environment.Job instance at 0x147064dc75f0>,8,24,[8 1],9,73,97,64,68
1,<environment.Job instance at 0x14706d0aac30>,4,18,[ 2 14],5,81,99,76,70
1,<environment.Job instance at 0x147063f502d0>,15,20,[11  2],16,99,119,83,91
1,<environment.Job instance at 0x147066609be0>,20,20,[ 1 13],21,99,119,78,93
1,<environment.Job instance at 0x147066609c80>,19,21,[14  2],20,119,140,99,115
1,<environment.Job instance at 0x1470679c6a00>,24,1,[8 2],25,140,141,115,115
1,<environment.Job instance at 0x1470679c6f00>,23,27,[2 8],24,140,167,116,138
1,<environment.Job instance at 0x1470679c6410>,25,2,[ 2 13],26,167,169,141,143
1,<environment.Job instance at 0x147063a84280>,27,16,[12  1],28,144,160,116,144
1,<environment.Job instance at 0x147063a84cd0>,30,1,[14  2],31,169,170,138,160
1,<environment.Job instance at 0x147063a84960>,31,27,[13  1],32,170,197,138,168
1,<environment.Job instance at 0x147063a84b90>,32,19,[ 2 12],33,170,189,137,168
1,<environment.Job instance at 0x147068e3adc0>,26,1,[ 2 13],27,189,190,162,182
1,<environment.Job instance at 0x14706305a1e0>,36,17,[1 6],37,190,207,153,183
1,<environment.Job instance at 0x147063aa8e10>,37,24,[6 1],38,197,221,159,192
1,<environment.Job instance at 0x147063aa80f0>,39,27,[5 2],40,197,224,157,195
1,<environment.Job instance at 0x147063aa8dc0>,38,25,[12  1],39,224,249,185,221
1,<environment.Job instance at 0x147067c96d20>,42,28,[ 1 12],43,224,252,181,224
1,<environment.Job instance at 0x147066881a00>,43,24,[ 2 10],44,252,276,208,247
1,<environment.Job instance at 0x147066881af0>,44,25,[11  2],45,249,274,204,248
1,<environment.Job instance at 0x147063059f50>,41,15,[ 1 14],42,276,291,234,270
1,<environment.Job instance at 0x1470639cc0a0>,45,23,[ 1 14],46,291,314,245,285
1,<environment.Job instance at 0x147063129d70>,47,12,[ 1 12],48,316,328,268,316
1,<environment.Job instance at 0x14706ab74c30>,2,24,[ 1 11],3,328,352,325,324
1,<environment.Job instance at 0x1470679c6960>,22,16,[ 2 12],23,352,368,329,342
1,<environment.Job instance at 0x1470684cac30>,6,2,[11  2],7,346,348,339,346
1,<environment.Job instance at 0x147064ef3820>,0,24,[ 2 12],1,1,25,0,1
1,<environment.Job instance at 0x147067c57b40>,6,19,[5 2],7,8,27,1,8
1,<environment.Job instance at 0x147063f50f00>,5,24,[2 7],6,25,49,19,20
1,<environment.Job instance at 0x14706ca7bd70>,11,24,[12  1],12,27,51,15,26
1,<environment.Job instance at 0x147067d61cd0>,13,28,[ 2 12],14,49,77,35,48
1,<environment.Job instance at 0x1470677d8b90>,15,20,[ 1 12],16,77,97,61,68
1,<environment.Job instance at 0x147067886be0>,16,12,[ 1 11],17,97,109,80,85
1,<environment.Job instance at 0x1470677d85a0>,17,23,[9 2],18,86,109,68,86
1,<environment.Job instance at 0x14706764adc0>,9,3,[ 2 12],10,109,112,99,107
1,<environment.Job instance at 0x14706b0b4910>,10,16,[ 1 14],11,112,128,101,108
1,<environment.Job instance at 0x147063c06320>,21,28,[12  1],22,109,137,87,108
1,<environment.Job instance at 0x1470639cda50>,23,19,[10  2],24,137,156,113,127
1,<environment.Job instance at 0x147063b5f050>,25,22,[9 1],26,156,178,130,150
1,<environment.Job instance at 0x147063b5fcd0>,22,2,[ 1 11],23,161,163,138,161
1,<environment.Job instance at 0x146ff334db40>,26,20,[8 2],27,178,198,151,176
1,<environment.Job instance at 0x146ff3349230>,27,27,[14  2],28,198,225,170,196
1,<environment.Job instance at 0x1470679c6050>,19,17,[ 2 14],20,225,242,205,215
1,<environment.Job instance at 0x146ff33492d0>,30,18,[8 1],31,225,243,194,218
1,<environment.Job instance at 0x146ff3349b90>,28,15,[ 1 12],29,242,257,213,232
1,<environment.Job instance at 0x146ff3349870>,33,25,[10  1],34,243,268,209,240
1,<environment.Job instance at 0x146ff3349190>,34,24,[ 1 14],35,257,281,222,252
1,<environment.Job instance at 0x146ff3349eb0>,32,18,[ 1 11],33,281,299,248,275
1,<environment.Job instance at 0x146ff3349cd0>,37,28,[6 1],38,276,304,238,276
1,<environment.Job instance at 0x146ff33b2960>,38,20,[ 1 11],39,299,319,260,293
1,<environment.Job instance at 0x146ff33b2be0>,40,26,[8 1],41,304,330,263,304
1,<environment.Job instance at 0x146ff33495f0>,29,2,[ 1 13],30,324,326,294,324
1,<environment.Job instance at 0x146ff33b2c80>,41,12,[ 1 14],42,326,338,284,325
1,<environment.Job instance at 0x146ff33490f0>,36,1,[14  1],37,330,331,293,325
1,<environment.Job instance at 0x146ff3346d70>,45,22,[14  1],46,331,353,285,326
1,<environment.Job instance at 0x146ff3423780>,46,22,[9 2],47,353,375,306,347
1,<environment.Job instance at 0x146ff3351780>,47,26,[6 2],48,353,379,305,350
1,<environment.Job instance at 0x146ff3346870>,44,21,[ 2 14],45,379,400,334,372
1,<environment.Job instance at 0x147068023c30>,3,24,[11  1],4,398,422,394,398
1,<environment.Job instance at 0x1470637e18c0>,1,15,[11  2],2,679,694,677,679
1,<environment.Job instance at 0x146ff330d4b0>,2,22,[14  2],3,3,25,0,3
1,<environment.Job instance at 0x146ff330d320>,4,27,[ 2 14],5,25,52,20,23
1,<environment.Job instance at 0x147066645c30>,8,24,[7 2],9,52,76,43,47
1,<environment.Job instance at 0x1470684ca8c0>,5,14,[1 8],6,56,70,50,56
1,<environment.Job instance at 0x146ff330d820>,7,24,[12  2],8,76,100,68,71
1,<environment.Job instance at 0x147066645be0>,12,23,[11  2],13,100,123,87,94
1,<environment.Job instance at 0x147065db64b0>,14,22,[10  1],15,123,145,108,118
1,<environment.Job instance at 0x147065db6cd0>,15,24,[ 2 14],16,123,147,107,119
1,<environment.Job instance at 0x147065db6f00>,18,19,[ 2 10],19,147,166,128,142
1,<environment.Job instance at 0x147065db60a0>,19,28,[7 1],20,145,173,125,144
1,<environment.Job instance at 0x1470666459b0>,11,2,[ 1 13],12,166,168,154,146
1,<environment.Job instance at 0x147065db6640>,24,14,[7 1],25,166,180,141,155
1,<environment.Job instance at 0x147065db60f0>,20,21,[ 1 14],21,173,194,152,169
1,<environment.Job instance at 0x147065db65a0>,25,27,[7 1],26,180,207,154,178
1,<environment.Job instance at 0x1470664e35f0>,26,21,[ 2 12],27,194,215,167,186
1,<environment.Job instance at 0x146ff330d410>,3,3,[12  2],4,207,210,203,198
1,<environment.Job instance at 0x1470668c86e0>,29,23,[8 2],30,210,233,180,204
1,<environment.Job instance at 0x1470671dd050>,32,23,[2 6],33,215,238,182,209
1,<environment.Job instance at 0x147069036a00>,34,28,[11  1],35,233,261,198,232
1,<environment.Job instance at 0x147064717fa0>,9,2,[ 2 11],10,238,240,228,237
1,<environment.Job instance at 0x14707094bb90>,35,26,[6 2],36,261,287,225,260
1,<environment.Job instance at 0x147066b2f7d0>,37,28,[13  1],38,287,315,249,286
1,<environment.Job instance at 0x147069036730>,36,22,[11  2],37,315,337,278,308
1,<environment.Job instance at 0x1470668c8370>,33,2,[12  2],34,337,339,303,322
1,<environment.Job instance at 0x14706308ff50>,40,24,[ 1 10],41,322,346,281,322
1,<environment.Job instance at 0x14706a570be0>,41,28,[ 2 13],42,346,374,304,346
1,<environment.Job instance at 0x14706a570e60>,42,26,[ 1 14],43,374,400,331,371
1,<environment.Job instance at 0x14706a56fe60>,43,15,[11  1],44,372,387,328,372
1,<environment.Job instance at 0x14706450ee10>,47,1,[ 2 13],48,400,401,352,394
1,<environment.Job instance at 0x1470633b19b0>,48,25,[11  1],49,394,419,345,394
1,<environment.Job instance at 0x147066645aa0>,13,3,[ 1 12],14,417,420,403,417
1,<environment.Job instance at 0x1470640b7410>,38,16,[ 1 12],39,425,441,386,425
1,<environment.Job instance at 0x14706aadaf50>,30,23,[13  2],31,430,453,399,430
1,<environment.Job instance at 0x14706308fc80>,39,14,[11  1],40,453,467,413,440
1,<environment.Job instance at 0x14706ac66960>,0,24,[ 1 10],1,1,25,0,1
1,<environment.Job instance at 0x147065029a50>,5,25,[7 1],6,7,32,1,7
1,<environment.Job instance at 0x147065029780>,7,1,[7 2],8,11,12,3,11
1,<environment.Job instance at 0x14706ac667d0>,2,18,[ 1 12],3,25,43,22,18
1,<environment.Job instance at 0x147064ea0730>,14,3,[14  2],15,34,37,19,34
1,<environment.Job instance at 0x147064ea09b0>,15,24,[ 2 13],16,43,67,27,38
1,<environment.Job instance at 0x147064e84050>,13,27,[1 8],14,67,94,53,65
1,<environment.Job instance at 0x147064ea0640>,17,3,[ 1 13],18,94,97,76,68
1,<environment.Job instance at 0x147064470e60>,19,21,[14  2],20,68,89,48,68
1,<environment.Job instance at 0x147064d399b0>,10,3,[ 1 14],11,97,100,86,73
1,<environment.Job instance at 0x147064fe2370>,22,25,[ 2 12],23,100,125,77,96
1,<environment.Job instance at 0x147064fae730>,24,20,[ 2 13],25,125,145,100,116
1,<environment.Job instance at 0x147064629b90>,25,1,[11  1],26,124,125,98,124
1,<environment.Job instance at 0x147064ea0be0>,16,19,[ 1 12],17,145,164,128,137
1,<environment.Job instance at 0x147064055280>,27,25,[14  2],28,145,170,117,142
1,<environment.Job instance at 0x14706c0372d0>,31,23,[5 1],32,170,193,138,164
1,<environment.Job instance at 0x1470646227d0>,36,27,[10  2],37,170,197,133,168
1,<environment.Job instance at 0x147064fae460>,26,20,[2 8],27,193,213,166,186
1,<environment.Job instance at 0x1470646220f0>,37,22,[2 5],38,193,215,155,186
1,<environment.Job instance at 0x1470640639b0>,35,23,[11  2],36,198,221,162,198
1,<environment.Job instance at 0x147066c4beb0>,42,23,[ 1 14],43,221,244,178,216
1,<environment.Job instance at 0x147066c4baa0>,43,3,[ 1 14],44,244,247,200,228
1,<environment.Job instance at 0x147064622aa0>,38,1,[ 1 13],39,247,248,208,233
1,<environment.Job instance at 0x147064ed3b90>,21,22,[14  2],22,247,269,225,241
1,<environment.Job instance at 0x14706dc6ab40>,47,26,[12  2],48,269,295,221,266
1,<environment.Job instance at 0x14706cdc8b40>,6,19,[ 1 13],7,274,293,267,274
1,<environment.Job instance at 0x147066c4bd20>,41,18,[ 2 13],42,451,469,409,451
1,<environment.Job instance at 0x14706676f640>,0,23,[2 6],1,1,24,0,1
1,<environment.Job instance at 0x147065029050>,3,27,[9 1],4,4,31,0,4
1,<environment.Job instance at 0x14706790ee10>,7,1,[5 1],8,24,25,16,14
1,<environment.Job instance at 0x14706790e2d0>,6,1,[12  2],7,31,32,24,16
1,<environment.Job instance at 0x14706790e3c0>,8,17,[2 7],9,25,42,16,22
1,<environment.Job instance at 0x14706404d500>,5,20,[ 1 14],6,42,62,36,36
1,<environment.Job instance at 0x147066b49870>,11,22,[14  1],12,42,64,30,36
1,<environment.Job instance at 0x147064ea00f0>,1,2,[ 2 13],2,64,66,62,55
1,<environment.Job instance at 0x147066b496e0>,10,3,[ 1 11],11,66,69,55,55
1,<environment.Job instance at 0x147066b49be0>,15,21,[10  1],16,64,85,48,56
1,<environment.Job instance at 0x147066b495a0>,14,2,[11  2],15,85,87,70,60
1,<environment.Job instance at 0x14706790e140>,9,18,[ 2 12],10,69,87,59,63
1,<environment.Job instance at 0x14706446f140>,2,12,[13  2],3,87,99,84,77
1,<environment.Job instance at 0x1470661a08c0>,18,28,[10  1],19,99,127,80,98
1,<environment.Job instance at 0x1470661a0230>,20,20,[ 2 14],21,99,119,78,98
1,<environment.Job instance at 0x147066b49460>,17,19,[11  1],18,127,146,109,118
1,<environment.Job instance at 0x1470661a04b0>,19,14,[12  2],20,146,160,126,136
1,<environment.Job instance at 0x147066b49e60>,16,14,[14  2],17,160,174,143,145
1,<environment.Job instance at 0x1470661a0d20>,24,1,[14  2],25,174,175,149,151
1,<environment.Job instance at 0x1470661a0d70>,25,15,[2 6],26,175,190,149,161
1,<environment.Job instance at 0x147069c0d5a0>,27,19,[8 1],28,175,194,147,165
1,<environment.Job instance at 0x147069c0d7d0>,28,3,[ 2 10],29,190,193,161,166
1,<environment.Job instance at 0x147069c0d550>,29,19,[14  1],30,194,213,164,184
1,<environment.Job instance at 0x147069c0d5f0>,30,2,[1 5],31,185,187,154,185
1,<environment.Job instance at 0x14706d739dc0>,33,21,[7 2],34,213,234,179,205
1,<environment.Job instance at 0x147069efdbe0>,34,14,[7 1],35,213,227,178,208
1,<environment.Job instance at 0x14706b8f8730>,35,20,[2 9],36,227,247,191,218
1,<environment.Job instance at 0x14706c3b1f00>,36,21,[ 1 12],37,247,268,210,239
1,<environment.Job instance at 0x1470690039b0>,37,18,[ 1 12],38,268,286,230,258
1,<environment.Job instance at 0x1470643eb410>,38,12,[ 1 14],39,286,298,247,269
1,<environment.Job instance at 0x14706d7391e0>,39,12,[11  1],40,286,298,246,286
1,<environment.Job instance at 0x14706df96550>,40,27,[ 2 14],41,298,325,257,296
1,<environment.Job instance at 0x14706c18a0f0>,41,2,[12  2],42,325,327,283,299
1,<environment.Job instance at 0x14706a1d90a0>,42,24,[2 9],43,325,349,282,320
1,<environment.Job instance at 0x14706b9118c0>,43,3,[ 1 14],44,349,352,305,325
1,<environment.Job instance at 0x1470672bfe10>,44,3,[6 2],45,329,332,284,329
1,<environment.Job instance at 0x147063c66910>,45,25,[7 2],46,352,377,306,348
1,<environment.Job instance at 0x147063c669b0>,46,16,[ 2 11],47,352,368,305,350
1,<environment.Job instance at 0x147063c66960>,47,2,[ 1 12],48,368,370,320,358
1,<environment.Job instance at 0x14706cdb7a00>,48,25,[13  2],49,377,402,328,373
1,<environment.Job instance at 0x1470661a09b0>,23,3,[ 1 11],24,397,400,373,397
1,<environment.Job instance at 0x147066b49550>,13,13,[ 2 13],14,550,563,536,550
1,<environment.Job instance at 0x1470661a0b40>,21,12,[ 2 11],22,640,652,618,640
1,<environment.Job instance at 0x1470661a01e0>,22,16,[ 2 12],23,799,815,776,799
1,<environment.Job instance at 0x147069c0df00>,0,20,[10  2],1,2,22,1,2
1,<environment.Job instance at 0x147070d0af50>,5,22,[ 2 12],6,6,28,0,6
1,<environment.Job instance at 0x147069b080a0>,9,24,[10  2],10,22,46,12,18
1,<environment.Job instance at 0x147066b49a00>,10,2,[ 2 10],11,30,32,19,30
1,<environment.Job instance at 0x147066b498c0>,11,1,[14  2],12,46,47,34,30
1,<environment.Job instance at 0x1470661a02d0>,2,22,[ 2 14],3,47,69,44,40
1,<environment.Job instance at 0x14706626ba50>,3,3,[13  1],4,47,50,43,46
1,<environment.Job instance at 0x147066b49a50>,15,25,[2 7],16,69,94,53,65
1,<environment.Job instance at 0x14706ac66f00>,18,28,[7 2],19,69,97,50,68
1,<environment.Job instance at 0x147066b49780>,20,21,[1 5],21,80,101,59,80
1,<environment.Job instance at 0x147066b49410>,19,17,[ 2 14],20,101,118,81,93
1,<environment.Job instance at 0x147069410820>,22,20,[13  2],23,118,138,95,109
1,<environment.Job instance at 0x147066b49d70>,16,3,[ 1 13],17,126,129,109,126
1,<environment.Job instance at 0x147069410e60>,23,15,[12  1],24,138,153,114,136
1,<environment.Job instance at 0x14706c43a410>,28,26,[12  2],29,153,179,124,150
1,<environment.Job instance at 0x14706419a870>,29,25,[ 2 12],30,150,175,120,150
1,<environment.Job instance at 0x14706419ac80>,30,27,[12  2],31,179,206,148,177
1,<environment.Job instance at 0x147069410780>,21,15,[ 1 11],22,209,224,187,209
1,<environment.Job instance at 0x1470642f5dc0>,32,19,[11  2],33,210,229,177,210
1,<environment.Job instance at 0x14706a0bbf00>,33,23,[ 1 12],34,224,247,190,218
1,<environment.Job instance at 0x14706a0bb320>,34,14,[12  1],35,229,243,194,223
1,<environment.Job instance at 0x14706c43abe0>,27,12,[ 1 13],28,247,259,219,243
1,<environment.Job instance at 0x14706ce49e60>,36,23,[ 1 14],37,259,282,222,253
1,<environment.Job instance at 0x14706ce495a0>,37,27,[1 9],38,282,309,244,280
1,<environment.Job instance at 0x14706ce493c0>,38,3,[ 1 12],39,309,312,270,305
1,<environment.Job instance at 0x14706a0bb870>,35,17,[ 1 11],36,312,329,276,306
1,<environment.Job instance at 0x14706ce49d20>,40,23,[ 2 13],41,329,352,288,323
1,<environment.Job instance at 0x14706ce49cd0>,41,2,[ 1 13],42,352,354,310,331
1,<environment.Job instance at 0x147066599d70>,43,25,[ 1 12],44,354,379,310,350
1,<environment.Job instance at 0x147066bcf820>,44,27,[ 1 12],45,379,406,334,377
1,<environment.Job instance at 0x147066599640>,42,16,[11  2],43,397,413,354,397
1,<environment.Job instance at 0x147066d22be0>,46,22,[12  2],47,413,435,366,407
1,<environment.Job instance at 0x147066599730>,47,20,[ 1 12],48,412,432,364,412
1,<environment.Job instance at 0x1470641d1280>,45,2,[14  1],46,435,437,389,426
1,<environment.Job instance at 0x1470642f5c80>,31,18,[ 2 11],32,444,462,412,444
1,<environment.Job instance at 0x147066b499b0>,14,3,[ 2 13],15,491,494,476,491
1,<environment.Job instance at 0x147063fceb90>,7,16,[13  1],8,523,539,515,523
1,<environment.Job instance at 0x1470642f5eb0>,0,19,[12  2],1,1,20,0,1
1,<environment.Job instance at 0x14706cbda960>,6,28,[ 1 11],7,17,45,10,17
1,<environment.Job instance at 0x14706626b5a0>,3,28,[7 2],4,20,48,16,19
1,<environment.Job instance at 0x14706c43a5a0>,2,25,[5 2],3,20,45,17,19
1,<environment.Job instance at 0x14706c00c9b0>,8,24,[14  2],9,48,72,39,43
1,<environment.Job instance at 0x14706c00ce60>,10,20,[6 1],11,72,92,61,63
1,<environment.Job instance at 0x147069c0d2d0>,14,26,[2 9],15,81,107,66,81
1,<environment.Job instance at 0x1470641bc3c0>,17,21,[12  1],18,92,113,74,84
1,<environment.Job instance at 0x147069c7dc30>,19,20,[2 8],20,107,127,87,99
1,<environment.Job instance at 0x147069c7d6e0>,21,20,[ 1 14],22,127,147,105,118
1,<environment.Job instance at 0x14706a0f32d0>,22,16,[12  2],23,147,163,124,144
1,<environment.Job instance at 0x147069c7d960>,20,26,[ 2 12],21,147,173,126,144
1,<environment.Job instance at 0x147069e8a960>,11,1,[ 1 11],12,173,174,161,158
1,<environment.Job instance at 0x14706cba1dc0>,26,23,[9 2],27,163,186,136,160
1,<environment.Job instance at 0x14706df8c140>,9,3,[13  2],10,186,189,176,166
1,<environment.Job instance at 0x147066b49fa0>,16,1,[12  2],17,189,190,172,166
1,<environment.Job instance at 0x14706cba16e0>,29,28,[9 1],30,190,218,160,189
1,<environment.Job instance at 0x14706cba1320>,28,27,[ 1 14],29,190,217,161,189
1,<environment.Job instance at 0x14706cba1640>,31,1,[11  1],32,218,219,186,190
1,<environment.Job instance at 0x14706cba10a0>,32,3,[11  2],33,219,222,186,219
1,<environment.Job instance at 0x14706a8c35f0>,35,3,[12  1],36,222,225,186,219
1,<environment.Job instance at 0x14706960d550>,36,3,[13  2],37,225,228,188,220
1,<environment.Job instance at 0x1470696396e0>,37,28,[ 1 11],38,220,248,182,220
1,<environment.Job instance at 0x14706cba11e0>,38,25,[ 1 12],39,248,273,209,245
1,<environment.Job instance at 0x14706cba15f0>,23,14,[ 1 12],24,273,287,249,268
1,<environment.Job instance at 0x14706a8cf2d0>,41,26,[ 1 14],42,287,313,245,284
1,<environment.Job instance at 0x147068384dc0>,42,26,[ 2 12],43,313,339,270,310
1,<environment.Job instance at 0x147068384cd0>,43,2,[ 2 11],44,339,341,295,314
1,<environment.Job instance at 0x1470630cbc80>,44,25,[10  1],45,314,339,269,314
1,<environment.Job instance at 0x1470683848c0>,45,1,[1 7],46,341,342,295,324
1,<environment.Job instance at 0x1470630cb3c0>,46,26,[13  1],47,339,365,292,336
1,<environment.Job instance at 0x1470630cb9b0>,47,17,[6 2],48,365,382,317,357
1,<environment.Job instance at 0x14706b5ebdc0>,48,19,[1 5],49,357,376,308,357
1,<environment.Job instance at 0x14706cba1500>,34,15,[11  2],35,424,439,389,424
1,<environment.Job instance at 0x14706cba17d0>,27,2,[12  1],28,439,441,411,436
1,<environment.Job instance at 0x147069c7dbe0>,24,15,[ 1 13],25,449,464,424,449
1,<environment.Job instance at 0x14706cba1140>,40,12,[ 2 14],41,1118,1130,1077,1118
1,<environment.Job instance at 0x14706bb5e820>,2,24,[ 1 13],3,3,27,0,3
1,<environment.Job instance at 0x147068384a00>,3,23,[5 1],4,4,27,0,4
1,<environment.Job instance at 0x14706bb5edc0>,5,21,[11  1],6,27,48,21,21
1,<environment.Job instance at 0x1470651490a0>,9,28,[ 2 13],10,27,55,17,26
1,<environment.Job instance at 0x147065149780>,8,1,[ 2 14],9,55,56,46,41
1,<environment.Job instance at 0x1470651490f0>,10,22,[11  2],11,56,78,45,51
1,<environment.Job instance at 0x1470651495f0>,12,21,[13  2],13,78,99,65,70
1,<environment.Job instance at 0x147065149dc0>,14,27,[2 7],15,71,98,56,71
1,<environment.Job instance at 0x14706dff2eb0>,15,20,[1 5],16,98,118,82,90
1,<environment.Job instance at 0x14706dff2e10>,16,20,[2 5],17,103,123,86,103
1,<environment.Job instance at 0x1470651495a0>,13,3,[ 2 13],14,123,126,109,117
1,<environment.Job instance at 0x14706361af50>,18,19,[1 6],19,126,145,107,118
1,<environment.Job instance at 0x14706cba1140>,4,24,[ 1 13],5,145,169,140,140
1,<environment.Job instance at 0x14706b0915f0>,20,28,[7 1],21,140,168,119,140
1,<environment.Job instance at 0x14706b091190>,21,28,[ 2 13],22,169,197,147,168
1,<environment.Job instance at 0x14706b091320>,22,20,[7 2],23,168,188,145,168
1,<environment.Job instance at 0x1470699921e0>,25,19,[5 1],26,188,207,162,187
1,<environment.Job instance at 0x1470652b6fa0>,19,12,[ 2 14],20,197,209,177,188
1,<environment.Job instance at 0x147066bff280>,30,24,[11  2],31,209,233,178,204
1,<environment.Job instance at 0x147067ace5f0>,28,25,[5 2],29,233,258,204,229
1,<environment.Job instance at 0x14706b5ece60>,33,28,[ 1 14],34,258,286,224,257
1,<environment.Job instance at 0x1470667db6e0>,37,20,[7 2],38,286,306,248,278
1,<environment.Job instance at 0x1470651494b0>,6,19,[ 2 12],7,286,305,279,284
1,<environment.Job instance at 0x14706af36870>,39,19,[13  2],40,306,325,266,297
1,<environment.Job instance at 0x147065149500>,7,1,[12  2],8,325,326,317,299
1,<environment.Job instance at 0x14706954e9b0>,36,22,[ 2 11],37,314,336,277,314
1,<environment.Job instance at 0x14706c0a9b90>,42,19,[13  2],43,326,345,283,323
1,<environment.Job instance at 0x14706af361e0>,45,20,[9 1],46,345,365,299,336
1,<environment.Job instance at 0x14706af97320>,47,20,[5 2],48,345,365,297,340
1,<environment.Job instance at 0x14706af97d70>,48,20,[7 1],49,365,385,316,357
1,<environment.Job instance at 0x14706a62fc80>,38,12,[ 2 12],39,365,377,326,359
1,<environment.Job instance at 0x14706af97af0>,46,21,[1 7],47,377,398,330,375
1,<environment.Job instance at 0x14706498c2d0>,43,25,[11  1],44,385,410,341,383
1,<environment.Job instance at 0x1470682946e0>,44,12,[ 2 13],45,419,431,374,419
1,<environment.Job instance at 0x14706b5dbaa0>,0,28,[ 2 13],1,1,29,0,1
1,<environment.Job instance at 0x147065149370>,3,25,[13  2],4,4,29,0,4
1,<environment.Job instance at 0x14706607f050>,4,22,[ 1 13],5,29,51,24,24
1,<environment.Job instance at 0x147069366c30>,8,26,[6 2],9,29,55,20,27
1,<environment.Job instance at 0x14706c257190>,9,12,[1 9],10,51,63,41,37
1,<environment.Job instance at 0x147067d1cc30>,2,26,[ 1 10],3,63,89,60,60
1,<environment.Job instance at 0x1470668dd820>,15,19,[10  2],16,60,79,44,60
1,<environment.Job instance at 0x14706b5db870>,1,3,[11  2],2,79,82,77,76
1,<environment.Job instance at 0x1470668dd280>,14,24,[ 1 11],15,89,113,74,84
1,<environment.Job instance at 0x147067b63140>,16,1,[ 1 11],17,113,114,96,88
1,<environment.Job instance at 0x1470663e72d0>,21,28,[9 1],22,89,117,67,89
1,<environment.Job instance at 0x147064b143c0>,24,3,[ 1 13],25,114,117,89,109
1,<environment.Job instance at 0x147064b14dc0>,23,23,[13  2],24,117,140,93,112
1,<environment.Job instance at 0x147064b14fa0>,25,24,[ 1 10],26,117,141,91,113
1,<environment.Job instance at 0x14706874ab90>,18,20,[ 1 13],19,141,161,122,133
1,<environment.Job instance at 0x1470687657d0>,12,1,[ 2 13],13,161,162,148,139
1,<environment.Job instance at 0x146ff33c8190>,31,24,[10  1],32,140,164,108,139
1,<environment.Job instance at 0x146ff33c8460>,32,20,[13  2],33,164,184,131,155
1,<environment.Job instance at 0x146ff33c81e0>,33,22,[6 2],34,184,206,150,177
1,<environment.Job instance at 0x146ff33c8c30>,35,1,[2 7],36,180,181,144,180
1,<environment.Job instance at 0x146ff33c8af0>,36,2,[11  2],37,206,208,169,187
1,<environment.Job instance at 0x146ff350cd70>,38,24,[12  1],39,208,232,169,203
1,<environment.Job instance at 0x146ff2b02b40>,41,27,[ 1 13],42,205,232,163,205
1,<environment.Job instance at 0x146ff283b4b0>,42,20,[14  1],43,232,252,189,223
1,<environment.Job instance at 0x146ff32a82d0>,43,22,[12  1],44,252,274,208,246
1,<environment.Job instance at 0x146ff35045a0>,44,1,[ 1 12],45,246,247,201,246
1,<environment.Job instance at 0x147067280e10>,45,20,[2 9],46,252,272,206,246
1,<environment.Job instance at 0x146ff32fc820>,46,28,[1 7],47,272,300,225,271
1,<environment.Job instance at 0x146ff2c77c30>,47,28,[10  1],48,274,302,226,273
1,<environment.Job instance at 0x146ff283abe0>,48,1,[12  1],49,302,303,253,294
1,<environment.Job instance at 0x147064d508c0>,17,2,[12  2],18,320,322,302,320
1,<environment.Job instance at 0x146ff33c8eb0>,26,3,[ 2 12],27,332,335,305,332
1,<environment.Job instance at 0x146ff33c8cd0>,27,3,[ 2 13],28,387,390,359,387
1,<environment.Job instance at 0x146ff33c88c0>,30,14,[11  2],31,511,525,480,511
1,<environment.Job instance at 0x1470688fd1e0>,0,21,[ 2 12],1,1,22,0,1
1,<environment.Job instance at 0x146ff338b4b0>,3,21,[ 2 13],4,22,43,18,16
1,<environment.Job instance at 0x146ff33c8870>,2,12,[8 1],3,29,41,26,29
1,<environment.Job instance at 0x14706a5b2820>,5,22,[2 5],6,43,65,37,36
1,<environment.Job instance at 0x14706dfd2370>,9,26,[5 1],10,36,62,26,36
1,<environment.Job instance at 0x14706cba1370>,11,25,[2 7],12,43,68,31,40
1,<environment.Job instance at 0x147064b14780>,1,1,[12  1],2,65,66,63,48
1,<environment.Job instance at 0x14706af36dc0>,14,23,[11  1],15,66,89,51,60
1,<environment.Job instance at 0x14706dff2960>,16,25,[ 2 14],17,68,93,51,64
1,<environment.Job instance at 0x147065548280>,13,22,[ 1 13],14,93,115,79,86
1,<environment.Job instance at 0x14706607ff00>,6,3,[11  2],7,109,112,102,109
1,<environment.Job instance at 0x146ff2dff640>,24,22,[7 2],25,112,134,87,109
1,<environment.Job instance at 0x1470672ef9b0>,25,27,[2 7],26,115,142,89,113
1,<environment.Job instance at 0x1470661b0e10>,26,25,[10  2],27,134,159,107,130
1,<environment.Job instance at 0x146ff2c0a2d0>,27,1,[14  1],28,159,160,131,137
1,<environment.Job instance at 0x14706c257e10>,8,3,[11  1],9,160,163,151,157
1,<environment.Job instance at 0x14706b76e5a0>,30,2,[12  2],31,163,165,132,159
1,<environment.Job instance at 0x14706b76ed20>,32,21,[10  2],33,165,186,132,159
1,<environment.Job instance at 0x147069549be0>,35,24,[12  1],36,186,210,150,181
1,<environment.Job instance at 0x14706b76e1e0>,29,15,[ 2 14],30,191,206,161,191
1,<environment.Job instance at 0x147069549370>,37,25,[11  1],38,210,235,172,206
1,<environment.Job instance at 0x147069549780>,39,21,[1 7],40,206,227,166,206
1,<environment.Job instance at 0x1470697a3190>,40,27,[2 9],41,227,254,186,225
1,<environment.Job instance at 0x1470697a36e0>,42,18,[14  2],43,254,272,211,244
1,<environment.Job instance at 0x147067f769b0>,45,21,[ 2 14],46,272,293,226,264
1,<environment.Job instance at 0x14706e13dfa0>,47,28,[2 5],48,293,321,245,292
1,<environment.Job instance at 0x14706e13daa0>,48,22,[2 8],49,293,315,244,292
1,<environment.Job instance at 0x1470651ace60>,4,3,[ 2 11],5,321,324,316,318
1,<environment.Job instance at 0x1470652b65f0>,17,12,[13  1],18,346,358,328,346
1,<environment.Job instance at 0x14706996afa0>,46,1,[ 1 13],47,357,358,310,357
1,<environment.Job instance at 0x14706b76e6e0>,33,15,[13  1],34,471,486,437,471
1,<environment.Job instance at 0x14706dff2f50>,0,28,[1 6],1,1,29,0,1
1,<environment.Job instance at 0x1470684ac780>,1,27,[12  1],2,2,29,0,2
1,<environment.Job instance at 0x14706611ddc0>,5,19,[ 1 11],6,29,48,23,20
1,<environment.Job instance at 0x147064e69960>,8,22,[7 1],9,29,51,20,22
1,<environment.Job instance at 0x14706a29b2d0>,10,18,[12  1],11,51,69,40,40
1,<environment.Job instance at 0x1470655b6550>,11,20,[14  2],12,69,89,57,63
1,<environment.Job instance at 0x146ff2c13780>,14,23,[11  2],15,89,112,74,83
1,<environment.Job instance at 0x1470640bd460>,16,21,[10  1],17,112,133,95,104
1,<environment.Job instance at 0x147071f16af0>,12,15,[ 1 13],13,111,126,98,111
1,<environment.Job instance at 0x146ff2c0aa50>,19,2,[ 1 11],20,126,128,106,111
1,<environment.Job instance at 0x14706626bb40>,20,18,[2 6],21,128,146,107,117
1,<environment.Job instance at 0x146ff33c8500>,23,21,[9 2],24,133,154,109,125
1,<environment.Job instance at 0x147066b74c30>,21,22,[11  1],22,154,176,132,147
1,<environment.Job instance at 0x14706bec0730>,25,21,[11  2],26,176,197,150,168
1,<environment.Job instance at 0x14706bec0fa0>,26,28,[2 5],27,169,197,142,169
1,<environment.Job instance at 0x147064351500>,28,28,[12  2],29,197,225,168,197
1,<environment.Job instance at 0x147064850140>,29,23,[1 9],30,197,220,167,197
1,<environment.Job instance at 0x14706bec01e0>,30,17,[ 1 11],31,220,237,189,210
1,<environment.Job instance at 0x146ff33c80a0>,24,14,[11  2],25,225,239,200,221
1,<environment.Job instance at 0x147068ba6aa0>,18,20,[12  2],19,239,259,220,231
1,<environment.Job instance at 0x14706bec0870>,31,21,[2 6],32,237,258,205,231
1,<environment.Job instance at 0x14706bec0dc0>,32,12,[2 8],33,258,270,225,254
1,<environment.Job instance at 0x14706a301370>,35,26,[5 2],36,261,287,225,261
1,<environment.Job instance at 0x1470659b9cd0>,36,21,[ 2 12],37,270,291,233,262
1,<environment.Job instance at 0x1470659b9a50>,38,18,[ 2 14],39,291,309,252,285
1,<environment.Job instance at 0x146ff2bfb500>,7,17,[11  2],8,309,326,301,306
1,<environment.Job instance at 0x14706aaeb960>,37,3,[ 1 13],38,315,318,277,315
1,<environment.Job instance at 0x14706a341cd0>,41,25,[1 8],42,318,343,276,315
1,<environment.Job instance at 0x1470657638c0>,4,18,[13  2],5,326,344,321,318
1,<environment.Job instance at 0x14706a341aa0>,39,16,[ 2 13],40,343,359,303,340
1,<environment.Job instance at 0x1470659b90a0>,44,23,[ 1 12],45,359,382,314,353
1,<environment.Job instance at 0x147069271050>,45,22,[10  1],46,354,376,308,354
1,<environment.Job instance at 0x14706ba6c9b0>,46,1,[ 1 12],47,382,383,335,361
1,<environment.Job instance at 0x14706b1beaf0>,43,3,[ 2 13],44,383,386,339,375
1,<environment.Job instance at 0x147069271dc0>,47,24,[1 6],48,386,410,338,381
1,<environment.Job instance at 0x14706b985230>,42,3,[14  1],43,424,427,381,424
1,<environment.Job instance at 0x14706661e190>,40,14,[14  2],41,463,477,422,463
1,<environment.Job instance at 0x14706a301d70>,34,16,[12  2],35,477,493,442,472
1,<environment.Job instance at 0x14706d583b40>,1,27,[11  1],2,2,29,0,2
1,<environment.Job instance at 0x14706611dd70>,4,18,[ 1 14],5,8,26,3,8
1,<environment.Job instance at 0x14706b76ed70>,7,26,[12  2],8,29,55,21,26
1,<environment.Job instance at 0x14706a29b690>,8,25,[12  2],9,55,80,46,51
1,<environment.Job instance at 0x147064b14a50>,10,24,[2 7],11,52,76,41,52
1,<environment.Job instance at 0x147067f76370>,11,19,[ 1 12],12,76,95,64,73
1,<environment.Job instance at 0x14706979c960>,5,27,[13  1],6,80,107,74,78
1,<environment.Job instance at 0x146ff33c8320>,16,21,[2 7],17,95,116,78,87
1,<environment.Job instance at 0x146ff33c8aa0>,15,27,[9 1],16,107,134,91,105
1,<environment.Job instance at 0x14706997b0f0>,19,24,[5 1],20,116,140,96,112
1,<environment.Job instance at 0x1470684ac4b0>,6,1,[13  1],7,140,141,133,118
1,<environment.Job instance at 0x14706997b690>,23,19,[ 1 11],24,122,141,98,122
1,<environment.Job instance at 0x14706997be10>,18,15,[ 1 14],19,141,156,122,140
1,<environment.Job instance at 0x14706996d370>,25,24,[9 1],26,141,165,115,140
1,<environment.Job instance at 0x147069549500>,24,27,[6 1],25,156,183,131,154
1,<environment.Job instance at 0x14706db28140>,29,23,[1 6],30,165,188,135,159
1,<environment.Job instance at 0x14706db28460>,28,12,[1 7],29,165,177,136,159
1,<environment.Job instance at 0x14706db31910>,31,26,[7 1],32,165,191,133,162
1,<environment.Job instance at 0x14706db319b0>,32,28,[2 6],33,183,211,150,182
1,<environment.Job instance at 0x14706db31e60>,33,28,[1 7],34,188,216,154,187
1,<environment.Job instance at 0x14706db31e10>,34,20,[8 1],35,191,211,156,187
1,<environment.Job instance at 0x14706db28c30>,30,17,[11  1],31,211,228,180,200
1,<environment.Job instance at 0x14706db314b0>,36,25,[12  1],37,228,253,191,224
1,<environment.Job instance at 0x14706db31230>,37,26,[13  1],38,253,279,215,250
1,<environment.Job instance at 0x14706db31550>,35,18,[2 8],36,251,269,215,251
1,<environment.Job instance at 0x14706db310f0>,38,13,[14  1],39,279,292,240,267
1,<environment.Job instance at 0x14706db31730>,40,22,[14  2],41,292,314,251,285
1,<environment.Job instance at 0x14706db31640>,39,16,[ 1 11],40,288,304,248,288
1,<environment.Job instance at 0x14706db31370>,41,3,[12  2],42,314,317,272,295
1,<environment.Job instance at 0x14706db09e10>,43,28,[6 2],44,317,345,273,316
1,<environment.Job instance at 0x147069481640>,22,18,[ 2 14],23,345,363,322,336
1,<environment.Job instance at 0x146ff354faa0>,45,21,[13  1],46,345,366,299,337
1,<environment.Job instance at 0x14706db330a0>,44,20,[12  1],45,366,386,321,360
1,<environment.Job instance at 0x14706db09e60>,47,26,[1 5],48,363,389,315,360
1,<environment.Job instance at 0x146ff354f370>,46,24,[6 2],47,386,410,339,381
1,<environment.Job instance at 0x14706db33cd0>,42,3,[11  1],43,410,413,367,389
1,<environment.Job instance at 0x1470697a3b90>,13,13,[14  2],14,501,514,487,501
1,<environment.Job instance at 0x14706997b870>,20,15,[ 2 12],21,514,529,493,503
1,<environment.Job instance at 0x146ff3573c30>,2,28,[1 9],3,3,31,0,3
1,<environment.Job instance at 0x14706b1be0a0>,3,2,[8 2],4,5,7,1,5
1,<environment.Job instance at 0x14706997b870>,5,21,[9 1],6,7,28,1,6
1,<environment.Job instance at 0x1470633ebb90>,6,21,[12  1],7,28,49,21,20
1,<environment.Job instance at 0x146ff3411870>,11,20,[11  1],12,49,69,37,40
1,<environment.Job instance at 0x147064d27960>,17,25,[13  1],18,69,94,51,65
1,<environment.Job instance at 0x14706be92280>,18,1,[2 8],19,65,66,46,65
1,<environment.Job instance at 0x14706be920a0>,19,23,[11  2],20,94,117,74,88
1,<environment.Job instance at 0x147069c524b0>,20,14,[ 2 10],21,88,102,67,88
1,<environment.Job instance at 0x14706c3eff00>,21,1,[ 1 14],22,117,118,95,89
1,<environment.Job instance at 0x14706aca3be0>,22,21,[ 1 13],23,118,139,95,110
1,<environment.Job instance at 0x146ff29bbbe0>,23,21,[5 1],24,117,138,93,111
1,<environment.Job instance at 0x14706b83aaa0>,24,16,[14  1],25,138,154,113,127
1,<environment.Job instance at 0x146ff2940a00>,25,3,[ 2 13],26,154,157,128,144
1,<environment.Job instance at 0x147068fab9b0>,26,26,[10  2],27,154,180,127,151
1,<environment.Job instance at 0x147068fab0f0>,27,28,[14  1],28,180,208,152,179
1,<environment.Job instance at 0x147067e83e10>,28,24,[7 2],29,208,232,179,203
1,<environment.Job instance at 0x146ff2a48870>,29,25,[11  1],30,232,257,202,228
1,<environment.Job instance at 0x14706728c780>,30,19,[2 7],31,228,247,197,228
1,<environment.Job instance at 0x14706b817c30>,31,2,[11  1],32,257,259,225,235
1,<environment.Job instance at 0x146ff35705f0>,0,17,[ 2 12],1,255,272,254,255
1,<environment.Job instance at 0x1470682c7640>,34,2,[ 1 11],35,272,274,237,257
1,<environment.Job instance at 0x1470682165f0>,35,28,[11  2],36,259,287,223,258
1,<environment.Job instance at 0x147067523500>,36,24,[ 2 13],37,274,298,237,270
1,<environment.Job instance at 0x14706b817e60>,33,16,[11  2],34,292,308,258,292
1,<environment.Job instance at 0x1470675230a0>,38,22,[5 2],39,308,330,269,301
1,<environment.Job instance at 0x147069b72960>,39,23,[2 9],40,301,324,261,301
1,<environment.Job instance at 0x147069b729b0>,41,19,[2 7],42,324,343,282,314
1,<environment.Job instance at 0x147069b72820>,42,28,[ 2 10],43,343,371,300,342
1,<environment.Job instance at 0x14706a83e0f0>,47,21,[13  1],48,343,364,295,343
1,<environment.Job instance at 0x14706a83e280>,48,18,[ 2 12],49,371,389,322,360
1,<environment.Job instance at 0x14706718a870>,14,13,[14  2],15,421,434,406,421
1,<environment.Job instance at 0x14706997b0a0>,1,1,[13  2],2,434,435,432,423
1,<environment.Job instance at 0x147067518690>,37,17,[ 2 12],38,494,511,456,494
1,<environment.Job instance at 0x1470650e0a00>,12,15,[ 1 13],13,665,680,652,665
1,<environment.Job instance at 0x14706a5b2690>,2,28,[2 5],3,3,31,0,3
1,<environment.Job instance at 0x146ff3573910>,5,21,[11  2],6,7,28,1,7
1,<environment.Job instance at 0x1470676b50f0>,4,23,[ 1 13],5,31,54,26,29
1,<environment.Job instance at 0x147063236d20>,9,27,[11  1],10,31,58,21,31
1,<environment.Job instance at 0x1470632365f0>,11,19,[2 5],12,54,73,42,51
1,<environment.Job instance at 0x147065f6fb40>,6,25,[2 8],7,56,81,49,56
1,<environment.Job instance at 0x1470651ac500>,3,27,[ 1 12],4,81,108,77,79
1,<environment.Job instance at 0x147068ac67d0>,17,27,[ 2 10],18,108,135,90,106
1,<environment.Job instance at 0x1470655bbf00>,18,28,[ 2 14],19,135,163,116,134
1,<environment.Job instance at 0x147069584140>,12,14,[11  1],13,139,153,126,139
1,<environment.Job instance at 0x1470657a6f00>,20,27,[11  1],21,153,180,132,151
1,<environment.Job instance at 0x147069a53190>,23,28,[2 8],24,165,193,141,165
1,<environment.Job instance at 0x14706c608820>,24,28,[7 1],25,180,208,155,179
1,<environment.Job instance at 0x14706c6085f0>,27,3,[9 1],28,208,211,180,185
1,<environment.Job instance at 0x147065f20e10>,28,24,[8 1],29,211,235,182,206
1,<environment.Job instance at 0x14706573f9b0>,29,24,[ 1 14],30,207,231,177,207
1,<environment.Job instance at 0x147068ac6cd0>,15,14,[ 1 13],16,231,245,215,219
1,<environment.Job instance at 0x1470695845a0>,13,1,[12  1],14,235,236,221,220
1,<environment.Job instance at 0x147068f9e5f0>,34,28,[1 9],35,245,273,210,244
1,<environment.Job instance at 0x14706889ce60>,38,28,[7 2],39,244,272,205,244
1,<environment.Job instance at 0x14706b039190>,40,20,[ 2 13],41,273,293,232,268
1,<environment.Job instance at 0x1470692c3320>,41,21,[10  2],42,272,293,230,268
1,<environment.Job instance at 0x14706836b910>,25,3,[14  2],26,293,296,267,284
1,<environment.Job instance at 0x147068f9e050>,39,25,[ 1 14],40,296,321,256,292
1,<environment.Job instance at 0x14706889c280>,37,18,[11  1],38,296,314,258,294
1,<environment.Job instance at 0x147064fff0f0>,46,27,[ 2 12],47,321,348,274,319
1,<environment.Job instance at 0x14706b0391e0>,44,24,[6 2],45,322,346,277,322
1,<environment.Job instance at 0x147064fffb90>,48,22,[ 2 11],49,348,370,299,341
1,<environment.Job instance at 0x1470657ff280>,47,20,[11  1],48,346,366,298,341
1,<environment.Job instance at 0x147066ae7320>,26,18,[12  2],27,366,384,339,357
1,<environment.Job instance at 0x14706b815c30>,0,23,[8 1],1,1,24,0,1
1,<environment.Job instance at 0x1470676a97d0>,3,20,[ 1 12],4,10,30,6,10
1,<environment.Job instance at 0x1470634c4050>,4,26,[9 2],5,24,50,19,23
1,<environment.Job instance at 0x14706b8154b0>,7,17,[ 1 13],8,30,47,22,23
1,<environment.Job instance at 0x14706a83ebe0>,13,26,[2 6],14,47,73,33,46
1,<environment.Job instance at 0x1470675236e0>,16,25,[5 2],17,51,76,34,51
1,<environment.Job instance at 0x146ff3411910>,15,1,[ 2 11],16,73,74,57,66
1,<environment.Job instance at 0x14706a83eaf0>,17,23,[14  2],18,76,99,58,70
1,<environment.Job instance at 0x147065f6f5f0>,9,28,[ 1 11],10,74,102,64,73
1,<environment.Job instance at 0x14706a83e6e0>,14,22,[14  2],15,99,121,84,92
1,<environment.Job instance at 0x147065773cd0>,21,22,[7 1],22,121,143,99,115
1,<environment.Job instance at 0x1470662a1dc0>,25,21,[2 5],26,129,150,103,129
1,<environment.Job instance at 0x1470662a1550>,24,25,[14  1],25,150,175,125,146
1,<environment.Job instance at 0x1470656eaf00>,26,21,[ 1 11],27,150,171,123,148
1,<environment.Job instance at 0x1470656ea140>,28,2,[ 1 14],29,180,182,151,180
1,<environment.Job instance at 0x1470656eaa00>,30,24,[5 2],31,182,206,151,180
1,<environment.Job instance at 0x1470656ea230>,31,16,[1 7],32,182,198,150,180
1,<environment.Job instance at 0x1470656ea3c0>,32,21,[1 6],33,182,203,149,181
1,<environment.Job instance at 0x1470656ea050>,34,24,[2 9],35,203,227,168,198
1,<environment.Job instance at 0x1470656ea410>,36,19,[7 1],37,209,228,172,209
1,<environment.Job instance at 0x1470657736e0>,23,1,[11  2],24,228,229,204,226
1,<environment.Job instance at 0x1470676b5730>,10,12,[ 1 11],11,233,245,222,233
1,<environment.Job instance at 0x14706b467690>,40,1,[1 7],41,245,246,204,236
1,<environment.Job instance at 0x14706b489cd0>,38,14,[13  1],39,238,252,199,238
1,<environment.Job instance at 0x147063ebed20>,41,3,[ 2 11],42,246,249,204,241
1,<environment.Job instance at 0x147064994230>,42,26,[2 9],43,249,275,206,246
1,<environment.Job instance at 0x1470649947d0>,44,3,[14  2],45,275,278,230,251
1,<environment.Job instance at 0x1470639f8e10>,45,20,[14  1],46,278,298,232,274
1,<environment.Job instance at 0x147063921aa0>,48,23,[14  2],49,298,321,249,292
1,<environment.Job instance at 0x147067f1cc30>,19,3,[14  1],20,321,324,301,316
1,<environment.Job instance at 0x1470639f8c80>,46,3,[13  2],47,328,331,281,328
1,<environment.Job instance at 0x1470656ea5f0>,33,15,[ 2 14],34,331,346,297,330
1,<environment.Job instance at 0x147068e9daa0>,43,13,[13  1],44,469,482,425,469
1,<environment.Job instance at 0x147067f1c460>,0,24,[ 1 10],1,1,25,0,1
1,<environment.Job instance at 0x1470662a13c0>,3,28,[2 7],4,25,53,21,24
1,<environment.Job instance at 0x1470676b5cd0>,8,24,[8 1],9,24,48,15,24
1,<environment.Job instance at 0x1470676b5e60>,10,25,[12  2],11,48,73,37,44
1,<environment.Job instance at 0x14706a7812d0>,13,28,[ 2 10],14,53,81,39,52
1,<environment.Job instance at 0x146ff3560690>,14,20,[10  2],15,73,93,58,71
1,<environment.Job instance at 0x14706a83e640>,2,24,[ 1 11],3,81,105,78,76
1,<environment.Job instance at 0x147064cb4140>,15,20,[11  2],16,93,113,77,88
1,<environment.Job instance at 0x147067fba140>,11,28,[ 1 12],12,105,133,93,104
1,<environment.Job instance at 0x1470634c4e60>,19,21,[14  2],20,113,134,93,106
1,<environment.Job instance at 0x147068f9e140>,17,19,[1 7],18,133,152,115,127
1,<environment.Job instance at 0x1470634c43c0>,21,23,[2 7],22,134,157,112,128
1,<environment.Job instance at 0x14706bc589b0>,23,27,[2 8],24,152,179,128,150
1,<environment.Job instance at 0x14706bc58910>,25,2,[ 2 13],26,179,181,153,158
1,<environment.Job instance at 0x14706bc58550>,26,1,[ 2 13],27,181,182,154,164
1,<environment.Job instance at 0x14706a729730>,22,16,[ 2 12],23,182,198,159,170
1,<environment.Job instance at 0x147068605be0>,27,16,[12  1],28,170,186,142,170
1,<environment.Job instance at 0x147068605e10>,29,16,[5 2],30,186,202,156,173
1,<environment.Job instance at 0x14706b537550>,30,1,[14  2],31,202,203,171,174
1,<environment.Job instance at 0x1470686057d0>,31,27,[13  1],32,203,230,171,201
1,<environment.Job instance at 0x1470634c4780>,20,20,[ 1 13],21,201,221,180,201
1,<environment.Job instance at 0x1470686050a0>,32,19,[ 2 12],33,221,240,188,211
1,<environment.Job instance at 0x14706b0a4910>,37,24,[6 1],38,230,254,192,225
1,<environment.Job instance at 0x14706b0a4460>,39,27,[5 2],40,230,257,190,228
1,<environment.Job instance at 0x14706b0a4870>,40,23,[5 1],41,254,277,213,249
1,<environment.Job instance at 0x14706b0a4af0>,41,15,[ 1 14],42,257,272,215,251
1,<environment.Job instance at 0x14706b4d9870>,42,28,[ 1 12],43,272,300,229,271
1,<environment.Job instance at 0x14706b0a44b0>,38,25,[12  1],39,277,302,238,276
1,<environment.Job instance at 0x14706b4d95f0>,43,24,[ 2 10],44,300,324,256,295
1,<environment.Job instance at 0x1470688025f0>,44,25,[11  2],45,302,327,257,302
1,<environment.Job instance at 0x14706b0a4aa0>,36,17,[1 6],37,324,341,287,318
1,<environment.Job instance at 0x1470688023c0>,45,23,[ 1 14],46,341,364,295,335
1,<environment.Job instance at 0x14706b80e690>,48,2,[2 5],49,337,339,288,337
1,<environment.Job instance at 0x1470676a9a50>,6,2,[11  2],7,364,366,357,364
1,<environment.Job instance at 0x147066ea8550>,4,18,[ 2 14],5,425,443,420,425
1,<environment.Job instance at 0x14706cd54780>,47,12,[ 1 12],48,619,631,571,619
1,<environment.Job instance at 0x1470691b4a00>,0,24,[ 2 12],1,1,25,0,1
1,<environment.Job instance at 0x14706b8151e0>,6,19,[5 2],7,8,27,1,8
1,<environment.Job instance at 0x14706b815500>,4,1,[2 5],5,25,26,20,18
1,<environment.Job instance at 0x14706bc58cd0>,3,24,[11  1],4,27,51,23,23
1,<environment.Job instance at 0x14706b4750a0>,10,16,[ 1 14],11,42,58,31,42
1,<environment.Job instance at 0x147069c591e0>,8,20,[9 1],9,51,71,42,42
1,<environment.Job instance at 0x147065773320>,12,14,[2 7],13,58,72,45,53
1,<environment.Job instance at 0x147067fbab40>,14,19,[8 2],15,71,90,56,62
1,<environment.Job instance at 0x14706b553960>,15,20,[ 1 12],16,72,92,56,64
1,<environment.Job instance at 0x14706c937410>,9,3,[ 2 12],10,92,95,82,85
1,<environment.Job instance at 0x14706c51bb90>,11,24,[12  1],12,90,114,78,86
1,<environment.Job instance at 0x14706af5d9b0>,13,28,[ 2 12],14,105,133,91,105
1,<environment.Job instance at 0x147068763c80>,21,28,[12  1],22,114,142,92,114
1,<environment.Job instance at 0x147068763eb0>,22,2,[ 1 11],23,136,138,113,136
1,<environment.Job instance at 0x147062ef97d0>,16,12,[ 1 11],17,138,150,121,136
1,<environment.Job instance at 0x146ff34a79b0>,25,22,[9 1],26,142,164,116,136
1,<environment.Job instance at 0x146ff34a7500>,26,20,[8 2],27,164,184,137,155
1,<environment.Job instance at 0x146ff34a7b40>,27,27,[14  2],28,184,211,156,182
1,<environment.Job instance at 0x147067f52c30>,1,15,[11  2],2,211,226,209,197
1,<environment.Job instance at 0x146ff34a7cd0>,28,15,[ 1 12],29,206,221,177,206
1,<environment.Job instance at 0x146ff34a7640>,33,25,[10  1],34,226,251,192,222
1,<environment.Job instance at 0x146ff34a75f0>,34,24,[ 1 14],35,226,250,191,222
1,<environment.Job instance at 0x14706bbdee60>,37,28,[6 1],38,251,279,213,250
1,<environment.Job instance at 0x147068b1f4b0>,38,20,[ 1 11],39,250,270,211,250
1,<environment.Job instance at 0x147064010dc0>,40,26,[8 1],41,262,288,221,262
1,<environment.Job instance at 0x14706bbdeaa0>,36,1,[14  1],37,288,289,251,283
1,<environment.Job instance at 0x14706bbde320>,43,2,[2 9],44,284,286,240,284
1,<environment.Job instance at 0x14706ad7cf00>,44,21,[ 2 14],45,289,310,244,284
1,<environment.Job instance at 0x14706d17ca00>,45,22,[14  1],46,310,332,264,303
1,<environment.Job instance at 0x14706a3e5640>,47,26,[6 2],48,332,358,284,329
1,<environment.Job instance at 0x146ff34a70f0>,32,18,[ 1 11],33,355,373,322,355
1,<environment.Job instance at 0x146ff34a7f00>,29,2,[ 1 13],30,377,379,347,377
1,<environment.Job instance at 0x14706bbde0f0>,41,12,[ 1 14],42,386,398,344,386
1,<environment.Job instance at 0x147068ac6370>,19,17,[ 2 14],20,483,500,463,483
1,<environment.Job instance at 0x1470672ce370>,2,22,[14  2],3,3,25,0,3
1,<environment.Job instance at 0x147068ac6370>,4,27,[ 2 14],5,25,52,20,23
1,<environment.Job instance at 0x14706ba1c370>,8,24,[7 2],9,52,76,43,47
1,<environment.Job instance at 0x147063847af0>,7,24,[12  2],8,76,100,68,72
1,<environment.Job instance at 0x14706cc58c30>,9,2,[ 2 11],10,78,80,68,78
1,<environment.Job instance at 0x147063847190>,12,23,[11  2],13,100,123,87,94
1,<environment.Job instance at 0x1470640381e0>,10,27,[10  2],11,123,150,112,121
1,<environment.Job instance at 0x1470692debe0>,15,24,[ 2 14],16,150,174,134,145
1,<environment.Job instance at 0x147063847f00>,11,2,[ 1 13],12,148,150,136,148
1,<environment.Job instance at 0x1470692deaf0>,22,26,[8 2],23,174,200,151,171
1,<environment.Job instance at 0x1470654567d0>,20,21,[ 1 14],21,200,221,179,192
1,<environment.Job instance at 0x14706ab74730>,25,27,[7 1],26,196,223,170,196
1,<environment.Job instance at 0x1470692de7d0>,13,3,[ 1 12],14,221,224,207,213
1,<environment.Job instance at 0x14706ae670f0>,30,23,[13  2],31,223,246,192,217
1,<environment.Job instance at 0x14706ab74f50>,26,21,[ 2 12],27,225,246,198,225
1,<environment.Job instance at 0x14706db34fa0>,35,26,[6 2],36,246,272,210,243
1,<environment.Job instance at 0x1470634eefa0>,34,28,[11  1],35,272,300,237,271
1,<environment.Job instance at 0x14706db348c0>,36,22,[11  2],37,300,322,263,297
1,<environment.Job instance at 0x147063f144b0>,37,28,[13  1],38,322,350,284,321
1,<environment.Job instance at 0x147063f14910>,40,24,[ 1 10],41,326,350,285,326
1,<environment.Job instance at 0x1470630111e0>,41,28,[ 2 13],42,350,378,308,349
1,<environment.Job instance at 0x147063011370>,42,26,[ 1 14],43,378,404,335,375
1,<environment.Job instance at 0x1470634ee3c0>,33,2,[12  2],34,404,406,370,378
1,<environment.Job instance at 0x147063011fa0>,45,2,[1 8],46,404,406,358,378
1,<environment.Job instance at 0x147063011190>,46,27,[8 2],47,406,433,359,404
1,<environment.Job instance at 0x1470638a13c0>,47,1,[ 2 13],48,406,407,358,405
1,<environment.Job instance at 0x1470638a1d70>,48,25,[11  1],49,433,458,384,429
1,<environment.Job instance at 0x14706c518a50>,3,3,[12  2],4,495,498,491,495
1,<environment.Job instance at 0x147063011b90>,43,15,[11  1],44,544,559,500,544
1,<environment.Job instance at 0x147063f14550>,39,14,[11  1],40,562,576,522,562
1,<environment.Job instance at 0x147063f14e10>,38,16,[ 1 12],39,852,868,813,852
